INSTRUMENT,SYMBOL,EXPIRY_DT,STRIKE_PR,OPTION_TYP,OPEN,HIGH,LOW,CLOSE,SETTLE_PR,CONTRACTS,VAL_INLAKH,OPEN_INT,CHG_IN_OI,TIMESTAMP,
FUTIDX,BANKNIFTY,29-Apr-2021,0,XX,31105.25,31337.5,30451.6,31239.7,31239.7,240793,1854799.72,1607000,-236575,19-APR-2021,
FUTIDX,BANKNIFTY,27-May-2021,0,XX,31255.35,31578.4,30580.05,31351.75,31351.75,10378,80244.4,125350,15025,19-APR-2021,
FUTIDX,BANKNIFTY,24-Jun-2021,0,XX,31782.2,31782.2,30650,31408.3,31408.3,1239,9591.47,24125,900,19-APR-2021,
FUTIDX,FINNIFTY,22-Apr-2021,0,XX,14911,15028,14701.85,15001.45,15001.45,78,462.91,1320,680,19-APR-2021,
FUTIDX,FINNIFTY,29-Apr-2021,0,XX,14882.3,15054.95,14716.1,15027.45,15027.45,526,3121.54,15840,1760,19-APR-2021,
FUTIDX,FINNIFTY,06-May-2021,0,XX,0,0,0,16657.5,15031.95,0,0,0,0,19-APR-2021,
FUTIDX,FINNIFTY,12-May-2021,0,XX,0,0,0,16796.65,15040.95,0,0,0,0,19-APR-2021,
FUTIDX,FINNIFTY,20-May-2021,0,XX,0,0,0,15952.1,15054.45,0,0,0,0,19-APR-2021,
FUTIDX,FINNIFTY,27-May-2021,0,XX,14855.45,15095.7,14810.4,15047.85,15047.85,19,113.25,1120,240,19-APR-2021,
FUTIDX,FINNIFTY,03-Jun-2021,0,XX,0,0,0,16007.4,15076.1,0,0,0,0,19-APR-2021,
FUTIDX,FINNIFTY,10-Jun-2021,0,XX,0,0,0,15625.7,15086.95,0,0,0,0,19-APR-2021,
FUTIDX,FINNIFTY,17-Jun-2021,0,XX,0,0,0,15487.35,15097.8,0,0,0,0,19-APR-2021,
FUTIDX,FINNIFTY,24-Jun-2021,0,XX,14940,14970,14927.95,14970,15108.65,7,41.83,320,160,19-APR-2021,
FUTIDX,NIFTY,29-Apr-2021,0,XX,14399,14408.85,14213,14374.15,14374.15,193921,2082010.77,10934700,-782550,19-APR-2021,
FUTIDX,NIFTY,27-May-2021,0,XX,14487,14514,14275.3,14427.2,14427.2,13593,146448.16,920175,68550,19-APR-2021,
FUTIDX,NIFTY,24-Jun-2021,0,XX,14385.05,14498.55,14300,14444.85,14444.85,3396,36667.49,437850,56700,19-APR-2021,
FUTSTK,AARTIIND,29-Apr-2021,0,XX,1394.95,1413.75,1364.85,1402.4,1402.4,659,3896.24,404600,-35275,19-APR-2021,
FUTSTK,AARTIIND,27-May-2021,0,XX,1390.1,1414.85,1376,1406.7,1406.7,55,326.78,64175,5525,19-APR-2021,
FUTSTK,AARTIIND,24-Jun-2021,0,XX,0,0,0,1328,1410.05,0,0,0,0,19-APR-2021,
FUTSTK,ACC,29-Apr-2021,0,XX,1864.85,1888.8,1833.15,1883.1,1883.1,5912,55057.56,3184500,37500,19-APR-2021,
FUTSTK,ACC,27-May-2021,0,XX,1856.85,1895.7,1840,1889.95,1889.95,178,1663.74,75500,18500,19-APR-2021,
FUTSTK,ACC,24-Jun-2021,0,XX,1876,1894,1857,1891.9,1891.9,7,65.71,5500,1000,19-APR-2021,
FUTSTK,ADANIENT,29-Apr-2021,0,XX,1098,1156,1091.85,1139.3,1139.3,5289,119718.99,16354000,136000,19-APR-2021,
FUTSTK,ADANIENT,27-May-2021,0,XX,1109.4,1160.8,1098.3,1142.45,1142.45,507,11523.84,1742000,206000,19-APR-2021,
FUTSTK,ADANIENT,24-Jun-2021,0,XX,1114.15,1150,1114.15,1145.85,1145.85,14,317.93,30000,10000,19-APR-2021,
FUTSTK,ADANIPORTS,29-Apr-2021,0,XX,717.75,733.45,709.1,723.4,723.4,6924,125388.95,69680000,120000,19-APR-2021,
FUTSTK,ADANIPORTS,27-May-2021,0,XX,730,735,716,726.15,726.15,931,16937.65,2482500,675000,19-APR-2021,
FUTSTK,ADANIPORTS,24-Jun-2021,0,XX,727.9,731.05,725.1,729.45,729.45,14,254.99,90000,2500,19-APR-2021,
FUTSTK,ALKEM,29-Apr-2021,0,XX,2780,2795.35,2731.3,2758.45,2758.45,571,3160.62,297800,1200,19-APR-2021,
FUTSTK,ALKEM,27-May-2021,0,XX,2756.45,2809.55,2756.45,2769.55,2769.55,88,489.32,24200,4800,19-APR-2021,
FUTSTK,ALKEM,24-Jun-2021,0,XX,2808.85,2810.65,2808.85,2810.65,2767.75,2,11.23,800,200,19-APR-2021,
FUTSTK,AMARAJABAT,29-Apr-2021,0,XX,806.95,807,782,803,803,1564,12456.97,3746000,-73000,19-APR-2021,
FUTSTK,AMARAJABAT,27-May-2021,0,XX,815.75,815.75,787.3,806.55,806.55,113,905.98,311000,40000,19-APR-2021,
FUTSTK,AMARAJABAT,24-Jun-2021,0,XX,793.8,807.05,793.8,807.05,807.05,3,24.03,21000,0,19-APR-2021,
FUTSTK,AMBUJACEM,29-Apr-2021,0,XX,294,302.4,292.65,301.3,301.3,3013,26890.48,15849000,96000,19-APR-2021,
FUTSTK,AMBUJACEM,27-May-2021,0,XX,295,302.85,294.65,302.6,302.6,120,1074.51,552000,96000,19-APR-2021,
FUTSTK,AMBUJACEM,24-Jun-2021,0,XX,297.2,297.2,296.55,296.55,303.3,2,17.81,27000,0,19-APR-2021,
FUTSTK,APLLTD,29-Apr-2021,0,XX,991.5,1039.9,978.55,1000.2,1000.2,1097,6118.79,1085150,-13750,19-APR-2021,
FUTSTK,APLLTD,27-May-2021,0,XX,997.45,1042,990,1005.75,1005.75,90,503.12,36300,19250,19-APR-2021,
FUTSTK,APLLTD,24-Jun-2021,0,XX,0,0,0,935.05,1005.15,0,0,0,0,19-APR-2021,
FUTSTK,APOLLOHOSP,29-Apr-2021,0,XX,3057.6,3246.85,3010.1,3166.2,3166.2,5826,92316.45,2059500,82000,19-APR-2021,
FUTSTK,APOLLOHOSP,27-May-2021,0,XX,3049.85,3253.9,3027.45,3171.2,3171.2,404,6452.31,80500,43000,19-APR-2021,
FUTSTK,APOLLOHOSP,24-Jun-2021,0,XX,3221.35,3221.35,3192.7,3193.85,3193.85,4,64.11,3500,2000,19-APR-2021,
FUTSTK,APOLLOTYRE,29-Apr-2021,0,XX,200.1,205.9,200.05,204.1,204.1,1806,18366.45,12025000,80000,19-APR-2021,
FUTSTK,APOLLOTYRE,27-May-2021,0,XX,196.25,206.35,196.25,204.65,204.65,227,2316.23,920000,150000,19-APR-2021,
FUTSTK,APOLLOTYRE,24-Jun-2021,0,XX,207.45,207.45,203.4,205.3,205.3,12,122.99,70000,5000,19-APR-2021,
FUTSTK,ASHOKLEY,29-Apr-2021,0,XX,110.1,110.45,106.15,109.9,109.9,3980,38862.29,34884000,-3564000,19-APR-2021,
FUTSTK,ASHOKLEY,27-May-2021,0,XX,108.7,110.8,106.95,110.35,110.35,334,3275.4,2862000,495000,19-APR-2021,
FUTSTK,ASHOKLEY,24-Jun-2021,0,XX,109.95,110.7,107.5,110.6,110.6,18,176.99,216000,9000,19-APR-2021,
FUTSTK,ASIANPAINT,29-Apr-2021,0,XX,2644.9,2645,2571.65,2580.35,2580.35,4280,33378.6,4384500,-141600,19-APR-2021,
FUTSTK,ASIANPAINT,27-May-2021,0,XX,2653.8,2665.9,2583,2589.7,2589.7,525,4104.42,292200,14700,19-APR-2021,
FUTSTK,ASIANPAINT,24-Jun-2021,0,XX,2652.6,2652.6,2589,2594.15,2594.15,18,141.34,9000,1200,19-APR-2021,
FUTSTK,AUBANK,29-Apr-2021,0,XX,1033,1033,972.1,1018,1018,3604,18129.48,2979500,223000,19-APR-2021,
FUTSTK,AUBANK,27-May-2021,0,XX,998.4,1018,987.95,1013.45,1013.45,228,1142.63,138000,57500,19-APR-2021,
FUTSTK,AUBANK,24-Jun-2021,0,XX,1008.7,1018,996.05,1018,1018,11,55.11,6000,2500,19-APR-2021,
FUTSTK,AUROPHARMA,29-Apr-2021,0,XX,950,977,935.1,969.5,969.5,9694,60335.97,10078250,197600,19-APR-2021,
FUTSTK,AUROPHARMA,27-May-2021,0,XX,945,980.3,941.9,975.5,975.5,557,3486.87,310050,66300,19-APR-2021,
FUTSTK,AUROPHARMA,24-Jun-2021,0,XX,0,0,0,934.1,972.5,0,0,1950,0,19-APR-2021,
FUTSTK,AXISBANK,29-Apr-2021,0,XX,651.6,656.15,631.15,648.6,648.6,16277,124904.73,38509200,-796800,19-APR-2021,
FUTSTK,AXISBANK,27-May-2021,0,XX,655.25,655.45,634.2,651.2,651.2,986,7594.37,1188000,116400,19-APR-2021,
FUTSTK,AXISBANK,24-Jun-2021,0,XX,660,660,637.5,653.05,653.05,39,301.61,54000,10800,19-APR-2021,
FUTSTK,BAJAJ-AUTO,29-Apr-2021,0,XX,3566,3566,3450,3515.65,3515.65,2378,20788.18,1968500,29000,19-APR-2021,
FUTSTK,BAJAJ-AUTO,27-May-2021,0,XX,3552,3552,3468.25,3529.25,3529.25,172,1507.43,58000,5500,19-APR-2021,
FUTSTK,BAJAJ-AUTO,24-Jun-2021,0,XX,3475.1,3529.95,3475.05,3529.95,3539.95,7,61.09,3500,0,19-APR-2021,
FUTSTK,BAJAJFINSV,29-Apr-2021,0,XX,9584.05,9664.65,9405,9505.85,9505.85,5299,63033.68,579375,375,19-APR-2021,
FUTSTK,BAJAJFINSV,27-May-2021,0,XX,9550.75,9677.55,9450,9535.6,9535.6,216,2581.54,28750,1875,19-APR-2021,
FUTSTK,BAJAJFINSV,24-Jun-2021,0,XX,9648.55,9648.55,9500,9555.55,9555.55,8,95.63,1125,-500,19-APR-2021,
FUTSTK,BAJFINANCE,29-Apr-2021,0,XX,4531.75,4531.75,4374.95,4495.05,4495.05,12544,139525.61,4543250,463000,19-APR-2021,
FUTSTK,BAJFINANCE,27-May-2021,0,XX,4466.2,4534,4394.85,4512.25,4512.25,956,10664.9,271750,60250,19-APR-2021,
FUTSTK,BAJFINANCE,24-Jun-2021,0,XX,4481.55,4526.05,4420,4523.05,4523.05,39,436.09,18500,2500,19-APR-2021,
FUTSTK,BALKRISIND,29-Apr-2021,0,XX,1667.3,1686.95,1645.65,1683.65,1683.65,781,5207.67,1568400,-44400,19-APR-2021,
FUTSTK,BALKRISIND,27-May-2021,0,XX,1668.05,1690,1656,1690,1690,19,126.83,26000,-800,19-APR-2021,
FUTSTK,BALKRISIND,24-Jun-2021,0,XX,0,0,0,1621.3,1694.1,0,0,0,0,19-APR-2021,
FUTSTK,BANDHANBNK,29-Apr-2021,0,XX,310.15,314,302.25,306,306,4658,25766.43,15928200,106200,19-APR-2021,
FUTSTK,BANDHANBNK,27-May-2021,0,XX,314.1,314.5,303.5,306.8,306.8,450,2498.08,864000,241200,19-APR-2021,
FUTSTK,BANDHANBNK,24-Jun-2021,0,XX,310.8,312,306.8,308,308,13,72.48,34200,1800,19-APR-2021,
FUTSTK,BANKBARODA,29-Apr-2021,0,XX,65.3,65.9,62.55,64,64,3369,25111.17,119047500,936000,19-APR-2021,
FUTSTK,BANKBARODA,27-May-2021,0,XX,66.45,66.45,62.95,64.25,64.25,707,5303.39,9301500,2421900,19-APR-2021,
FUTSTK,BANKBARODA,24-Jun-2021,0,XX,64.3,64.75,63.5,64.65,64.25,11,82.92,292500,23400,19-APR-2021,
FUTSTK,BATAINDIA,29-Apr-2021,0,XX,1308.35,1311.55,1267.65,1289.15,1289.15,2602,18393.07,1712150,-1100,19-APR-2021,
FUTSTK,BATAINDIA,27-May-2021,0,XX,1311,1313.85,1274.15,1295.65,1295.65,316,2239.98,149050,34100,19-APR-2021,
FUTSTK,BATAINDIA,24-Jun-2021,0,XX,1303.1,1307,1285.6,1298,1297.15,16,114.16,18700,4400,19-APR-2021,
FUTSTK,BEL,29-Apr-2021,0,XX,125.15,126.4,122.1,123.4,123.4,1674,15777.15,38684000,-1254000,19-APR-2021,
FUTSTK,BEL,27-May-2021,0,XX,123.6,126.95,123,124,124,205,1942.94,2880400,486400,19-APR-2021,
FUTSTK,BEL,24-Jun-2021,0,XX,127.05,127.05,125.3,126.4,124.25,3,28.78,114000,7600,19-APR-2021,
FUTSTK,BERGEPAINT,29-Apr-2021,0,XX,722.25,725.7,709.95,717.05,717.05,681,5366.78,2865500,-48400,19-APR-2021,
FUTSTK,BERGEPAINT,27-May-2021,0,XX,726.35,726.9,713,719.05,719.05,99,784.72,194700,44000,19-APR-2021,
FUTSTK,BERGEPAINT,24-Jun-2021,0,XX,0,0,0,724,720.7,0,0,1100,0,19-APR-2021,
FUTSTK,BHARATFORG,29-Apr-2021,0,XX,564.25,574.75,555.55,561.55,561.55,2738,23200.18,5241000,160500,19-APR-2021,
FUTSTK,BHARATFORG,27-May-2021,0,XX,571.7,576,559,564.5,564.5,468,3982.24,256500,61500,19-APR-2021,
FUTSTK,BHARATFORG,24-Jun-2021,0,XX,576.65,576.65,564,569.7,564.7,6,51.39,4500,1500,19-APR-2021,
FUTSTK,BHARTIARTL,29-Apr-2021,0,XX,536.55,536.6,524.6,527.8,527.8,6577,64388.82,90895206,-390561,19-APR-2021,
FUTSTK,BHARTIARTL,27-May-2021,0,XX,534.8,537.55,527.4,530.15,530.15,1366,13445.73,4068498,1267935,19-APR-2021,
FUTSTK,BHARTIARTL,24-Jun-2021,0,XX,539.45,539.45,530,532.65,532.65,20,197.19,186951,20361,19-APR-2021,
FUTSTK,BHEL,29-Apr-2021,0,XX,44.3,44.75,42.25,44.2,44.2,1362,12603.37,95403000,-1764000,19-APR-2021,
FUTSTK,BHEL,27-May-2021,0,XX,42.7,44.95,42.7,44.45,44.45,231,2152.03,10605000,1701000,19-APR-2021,
FUTSTK,BHEL,24-Jun-2021,0,XX,44.15,45,44.15,44.6,44.6,6,56.1,588000,21000,19-APR-2021,
FUTSTK,BIOCON,29-Apr-2021,0,XX,410.2,411.55,401.15,407.75,407.75,3228,30189.16,16622100,655500,19-APR-2021,
FUTSTK,BIOCON,27-May-2021,0,XX,413.6,413.6,403,409,409,355,3334.77,1228200,239200,19-APR-2021,
FUTSTK,BIOCON,24-Jun-2021,0,XX,411.4,411.4,411.4,411.4,411.4,1,9.46,20700,2300,19-APR-2021,
FUTSTK,BOSCHLTD,29-Apr-2021,0,XX,13400.05,13699.7,13383.05,13538.6,13538.6,533,3605.84,99750,-1300,19-APR-2021,
FUTSTK,BOSCHLTD,27-May-2021,0,XX,13586.3,13707.9,13513.3,13603.55,13603.55,71,482.35,5450,550,19-APR-2021,
FUTSTK,BOSCHLTD,24-Jun-2021,0,XX,0,0,0,13866.8,13604.75,0,0,200,0,19-APR-2021,
FUTSTK,BPCL,29-Apr-2021,0,XX,405.5,413,400.25,410.15,410.15,5031,36778.33,46074600,662400,19-APR-2021,
FUTSTK,BPCL,27-May-2021,0,XX,408.65,414.65,402.5,412.15,412.15,691,5075.27,1915200,495000,19-APR-2021,
FUTSTK,BPCL,24-Jun-2021,0,XX,410,410,404.1,409.05,409.05,20,146.94,88200,12600,19-APR-2021,
FUTSTK,BRITANNIA,29-Apr-2021,0,XX,3687.5,3759.6,3665.95,3751.7,3751.7,3264,24325.43,1765800,-75800,19-APR-2021,
FUTSTK,BRITANNIA,27-May-2021,0,XX,3687.5,3749.4,3675,3740.45,3740.45,520,3863.44,122400,52200,19-APR-2021,
FUTSTK,BRITANNIA,24-Jun-2021,0,XX,3691,3749.5,3691,3749.5,3749.5,17,125.64,5000,1800,19-APR-2021,
FUTSTK,CADILAHC,29-Apr-2021,0,XX,535,536.85,514.15,528.2,528.2,8052,93472.75,14333000,662200,19-APR-2021,
FUTSTK,CADILAHC,27-May-2021,0,XX,535,538.9,517.1,530.45,530.45,641,7468.32,1181400,303600,19-APR-2021,
FUTSTK,CADILAHC,24-Jun-2021,0,XX,537.15,538,524.1,534.2,530.75,15,175.81,39600,11000,19-APR-2021,
FUTSTK,CANBK,29-Apr-2021,0,XX,129.05,130.5,124.6,129.7,129.7,4788,32943.48,56457000,-3623400,19-APR-2021,
FUTSTK,CANBK,27-May-2021,0,XX,127.2,130.7,125.2,130.3,130.3,1667,11537.43,8467200,6388200,19-APR-2021,
FUTSTK,CANBK,24-Jun-2021,0,XX,127,130.75,127,130.5,130.5,11,76.81,97200,43200,19-APR-2021,
FUTSTK,CHOLAFIN,29-Apr-2021,0,XX,523.05,534.65,513.4,530.55,530.55,2316,30404.82,4890000,-192500,19-APR-2021,
FUTSTK,CHOLAFIN,27-May-2021,0,XX,520.3,532.85,515,529.5,529.5,144,1873.91,217500,30000,19-APR-2021,
FUTSTK,CHOLAFIN,24-Jun-2021,0,XX,523.45,523.45,523.45,523.45,534.05,1,13.08,17500,-2500,19-APR-2021,
FUTSTK,CIPLA,29-Apr-2021,0,XX,950,955,926.05,947.95,947.95,9616,118203.78,13180700,-409500,19-APR-2021,
FUTSTK,CIPLA,27-May-2021,0,XX,951.2,959,930.4,952.25,952.25,834,10288.84,733200,227500,19-APR-2021,
FUTSTK,CIPLA,24-Jun-2021,0,XX,941.7,962.55,940,953.05,953.05,18,222.94,19500,5200,19-APR-2021,
FUTSTK,COALINDIA,29-Apr-2021,0,XX,127,127,123.75,124.6,124.6,2473,12928.1,44511600,369600,19-APR-2021,
FUTSTK,COALINDIA,27-May-2021,0,XX,125.8,126.15,124.45,125.2,125.2,471,2473.67,4107600,483000,19-APR-2021,
FUTSTK,COALINDIA,24-Jun-2021,0,XX,128.2,128.2,125,125.85,125.85,24,126.93,399000,67200,19-APR-2021,
FUTSTK,COFORGE,29-Apr-2021,0,XX,3093.7,3180,3072.8,3121.9,3121.9,1233,14500.27,580125,7875,19-APR-2021,
FUTSTK,COFORGE,27-May-2021,0,XX,3108,3188.3,3108,3129.65,3129.65,25,295.49,19125,1875,19-APR-2021,
FUTSTK,COFORGE,24-Jun-2021,0,XX,3126,3126,3126,3126,3132.75,1,11.72,750,375,19-APR-2021,
FUTSTK,COLPAL,29-Apr-2021,0,XX,1565,1573.3,1538.7,1541.8,1541.8,1176,12750.9,3360000,75600,19-APR-2021,
FUTSTK,COLPAL,27-May-2021,0,XX,1560.3,1575.5,1545,1546.2,1546.2,81,879.97,58800,25900,19-APR-2021,
FUTSTK,COLPAL,24-Jun-2021,0,XX,1545,1545,1545,1545,1546.45,1,10.81,2800,0,19-APR-2021,
FUTSTK,CONCOR,29-Apr-2021,0,XX,559.8,559.8,543.5,552.55,552.55,597,5146.71,5168841,-129729,19-APR-2021,
FUTSTK,CONCOR,27-May-2021,0,XX,550,556.55,547.05,555.45,555.45,68,587.8,492345,59394,19-APR-2021,
FUTSTK,CONCOR,24-Jun-2021,0,XX,0,0,0,576.7,555.6,0,0,20319,0,19-APR-2021,
FUTSTK,CUB,29-Apr-2021,0,XX,159.05,160,156,158.3,158.3,288,1413.92,7343900,-6200,19-APR-2021,
FUTSTK,CUB,27-May-2021,0,XX,158.75,160.75,158,158.95,158.95,44,217.58,359600,40300,19-APR-2021,
FUTSTK,CUB,24-Jun-2021,0,XX,160,160,160,160,160,1,4.96,18600,3100,19-APR-2021,
FUTSTK,CUMMINSIND,29-Apr-2021,0,XX,823.6,871,818.75,842.8,842.8,930,9498.67,1575600,138000,19-APR-2021,
FUTSTK,CUMMINSIND,27-May-2021,0,XX,842.7,863.5,840,840.15,840.15,18,183.33,40800,6000,19-APR-2021,
FUTSTK,CUMMINSIND,24-Jun-2021,0,XX,0,0,0,851,845.75,0,0,1200,0,19-APR-2021,
FUTSTK,DABUR,29-Apr-2021,0,XX,571.15,574.2,564.6,570.75,570.75,1636,11659.65,8402500,101250,19-APR-2021,
FUTSTK,DABUR,27-May-2021,0,XX,573.5,576.45,567.35,573.1,573.1,80,572.14,208750,12500,19-APR-2021,
FUTSTK,DABUR,24-Jun-2021,0,XX,574,575.7,574,575.7,575.7,6,43.11,16250,1250,19-APR-2021,
FUTSTK,DEEPAKNTR,29-Apr-2021,0,XX,1567.4,1576.6,1540,1562.25,1562.25,566,4410.12,1070500,-11500,19-APR-2021,
FUTSTK,DEEPAKNTR,27-May-2021,0,XX,1552.25,1580,1550,1570.05,1570.05,92,721.33,80000,22000,19-APR-2021,
FUTSTK,DEEPAKNTR,24-Jun-2021,0,XX,1550,1550,1550,1550,1569.25,1,7.75,1000,-500,19-APR-2021,
FUTSTK,DIVISLAB,29-Apr-2021,0,XX,3924.3,3924.3,3760.7,3813.6,3813.6,3904,29826.03,2389000,-42200,19-APR-2021,
FUTSTK,DIVISLAB,27-May-2021,0,XX,3803,3870,3785,3831,3831,347,2660.92,71600,2600,19-APR-2021,
FUTSTK,DIVISLAB,24-Jun-2021,0,XX,3836,3858,3836,3851,3851,3,23.09,7800,400,19-APR-2021,
FUTSTK,DLF,29-Apr-2021,0,XX,244.55,246,236,237.55,237.55,4646,36654.21,31214700,937200,19-APR-2021,
FUTSTK,DLF,27-May-2021,0,XX,250,250,237,238,238,591,4677.15,2319900,772200,19-APR-2021,
FUTSTK,DLF,24-Jun-2021,0,XX,244,244,239.05,240.3,240.3,6,47.74,39600,6600,19-APR-2021,
FUTSTK,DRREDDY,29-Apr-2021,0,XX,4891.95,5024,4812.8,4989.1,4989.1,13966,86467.84,3432375,153375,19-APR-2021,
FUTSTK,DRREDDY,27-May-2021,0,XX,4907.55,5043.45,4839.75,5007.75,5007.75,1486,9242.1,185500,24625,19-APR-2021,
FUTSTK,DRREDDY,24-Jun-2021,0,XX,4879.6,5060,4860,5034.75,5034.75,62,386.87,13375,-250,19-APR-2021,
FUTSTK,EICHERMOT,29-Apr-2021,0,XX,2371.95,2393.2,2320.3,2380.85,2380.85,2914,24067.29,2705850,-35350,19-APR-2021,
FUTSTK,EICHERMOT,27-May-2021,0,XX,2351.5,2403,2332.7,2393.25,2393.25,263,2183.85,120750,21350,19-APR-2021,
FUTSTK,EICHERMOT,24-Jun-2021,0,XX,2374.65,2410,2350,2410,2410,7,58.26,7000,350,19-APR-2021,
FUTSTK,ESCORTS,29-Apr-2021,0,XX,1214.4,1228.7,1190,1221.15,1221.15,1720,11478.7,1798500,-29700,19-APR-2021,
FUTSTK,ESCORTS,27-May-2021,0,XX,1230,1233,1196,1226.3,1226.3,132,885.37,81950,23100,19-APR-2021,
FUTSTK,ESCORTS,24-Jun-2021,0,XX,1225,1230,1225,1230,1230,3,20.24,3300,550,19-APR-2021,
FUTSTK,EXIDEIND,29-Apr-2021,0,XX,175.5,176.15,171.8,173.7,173.7,889,5549.55,12420000,-255600,19-APR-2021,
FUTSTK,EXIDEIND,27-May-2021,0,XX,173.7,175.6,172.8,174.3,174.3,246,1541.62,1198800,475200,19-APR-2021,
FUTSTK,EXIDEIND,24-Jun-2021,0,XX,175,175.5,174.1,175.5,174.25,7,44.12,100800,7200,19-APR-2021,
FUTSTK,FEDERALBNK,29-Apr-2021,0,XX,74,74.15,71.25,72.2,72.2,3060,22135.84,58660000,50000,19-APR-2021,
FUTSTK,FEDERALBNK,27-May-2021,0,XX,73.5,74.1,71.65,72.55,72.55,623,4533.4,5180000,1860000,19-APR-2021,
FUTSTK,FEDERALBNK,24-Jun-2021,0,XX,74.2,74.2,72,72.35,72.45,20,145.52,390000,110000,19-APR-2021,
FUTSTK,GAIL,29-Apr-2021,0,XX,135.4,137.4,133.75,136.4,136.4,1291,10702.73,47092000,-506300,19-APR-2021,
FUTSTK,GAIL,27-May-2021,0,XX,134.7,137.8,134.65,137.05,137.05,30,250.49,567300,54900,19-APR-2021,
FUTSTK,GAIL,24-Jun-2021,0,XX,136,137.45,136,137.45,137.35,3,25.05,79300,6100,19-APR-2021,
FUTSTK,GLENMARK,29-Apr-2021,0,XX,570,587.9,538.55,579.45,579.45,12818,83794.72,8874550,-1406450,19-APR-2021,
FUTSTK,GLENMARK,27-May-2021,0,XX,564.65,590,543.45,582.3,582.3,712,4669.27,538200,74750,19-APR-2021,
FUTSTK,GLENMARK,24-Jun-2021,0,XX,564.65,589.1,554.65,585,582.85,18,117.77,18400,0,19-APR-2021,
FUTSTK,GMRINFRA,29-Apr-2021,0,XX,23.2,23.55,22.85,23.05,23.05,947,4911.96,151222500,382500,19-APR-2021,
FUTSTK,GMRINFRA,27-May-2021,0,XX,23.45,23.45,23,23.2,23.2,121,630.85,5287500,1395000,19-APR-2021,
FUTSTK,GMRINFRA,24-Jun-2021,0,XX,23.3,23.3,23.3,23.3,23.3,3,15.72,67500,22500,19-APR-2021,
FUTSTK,GODREJCP,29-Apr-2021,0,XX,721.7,730,713.55,727.35,727.35,433,3132.3,5228000,1000,19-APR-2021,
FUTSTK,GODREJCP,27-May-2021,0,XX,711.3,729.65,711.3,728,728,25,180.68,97000,11000,19-APR-2021,
FUTSTK,GODREJCP,24-Jun-2021,0,XX,0,0,0,742.8,729.7,0,0,2000,0,19-APR-2021,
FUTSTK,GODREJPROP,29-Apr-2021,0,XX,1286.9,1313,1280.05,1297.15,1297.15,953,8054.75,1662050,22750,19-APR-2021,
FUTSTK,GODREJPROP,27-May-2021,0,XX,1289.7,1312.6,1285.1,1308.5,1308.05,63,532.77,70850,24050,19-APR-2021,
FUTSTK,GODREJPROP,24-Jun-2021,0,XX,1301,1301,1301,1301,1301,1,8.45,2600,650,19-APR-2021,
FUTSTK,GRANULES,29-Apr-2021,0,XX,322.95,348.15,318.05,342.45,342.45,3937,20560.69,6091500,35650,19-APR-2021,
FUTSTK,GRANULES,27-May-2021,0,XX,324.25,350.5,321.4,343.75,343.75,386,2030.47,430900,131750,19-APR-2021,
FUTSTK,GRANULES,24-Jun-2021,0,XX,323.1,342,323.1,342,343.7,10,51.75,37200,3100,19-APR-2021,
FUTSTK,GRASIM,29-Apr-2021,0,XX,1322.1,1342.2,1308.4,1329.4,1329.4,2288,28778.97,16222200,14250,19-APR-2021,
FUTSTK,GRASIM,27-May-2021,0,XX,1338,1343.9,1313.75,1333.4,1333.4,106,1337.43,222300,48450,19-APR-2021,
FUTSTK,GRASIM,24-Jun-2021,0,XX,0,0,0,1364.5,1333.75,0,0,4750,0,19-APR-2021,
FUTSTK,GUJGASLTD,29-Apr-2021,0,XX,531,535,517.45,532.15,532.15,397,2598.43,782500,-73750,19-APR-2021,
FUTSTK,GUJGASLTD,27-May-2021,0,XX,527.8,535.9,520,533.3,533.3,10,66.38,23750,3750,19-APR-2021,
FUTSTK,GUJGASLTD,24-Jun-2021,0,XX,0,0,0,516.7,536.5,0,0,0,0,19-APR-2021,
FUTSTK,HAVELLS,29-Apr-2021,0,XX,986.35,1008.8,973.95,1002.2,1002.2,1430,14221.54,4587000,-97000,19-APR-2021,
FUTSTK,HAVELLS,27-May-2021,0,XX,988.15,1011,977,1007.05,1007.05,206,2053.85,224000,59000,19-APR-2021,
FUTSTK,HAVELLS,24-Jun-2021,0,XX,1002.45,1011.5,1002.45,1010.65,1010.65,3,30.24,6000,1000,19-APR-2021,
FUTSTK,HCLTECH,29-Apr-2021,0,XX,997.65,1026.6,987.15,993.4,993.4,13799,97168.19,17685500,510300,19-APR-2021,
FUTSTK,HCLTECH,27-May-2021,0,XX,1004.75,1033,992,998.65,998.65,1439,10196.52,1054200,378700,19-APR-2021,
FUTSTK,HCLTECH,24-Jun-2021,0,XX,1010.5,1029.4,997.2,1000.5,1000.5,18,127.49,37800,4900,19-APR-2021,
FUTSTK,HDFC,29-Apr-2021,0,XX,2486.9,2516.45,2457.25,2498.65,2498.65,10148,75702.27,13902000,-61200,19-APR-2021,
FUTSTK,HDFC,27-May-2021,0,XX,2502,2526.3,2470,2507.4,2507.4,2183,16345.53,922800,270000,19-APR-2021,
FUTSTK,HDFC,24-Jun-2021,0,XX,2502.05,2519,2486.6,2510,2509.35,47,353.62,12600,-3000,19-APR-2021,
FUTSTK,HDFCAMC,29-Apr-2021,0,XX,2859,2886.5,2810,2822.85,2822.85,1108,6294.31,536200,-37800,19-APR-2021,
FUTSTK,HDFCAMC,27-May-2021,0,XX,2900,2901,2820,2835.05,2835.05,94,536.42,26400,5000,19-APR-2021,
FUTSTK,HDFCAMC,24-Jun-2021,0,XX,0,0,0,2975.25,2838.7,0,0,800,0,19-APR-2021,
FUTSTK,HDFCBANK,29-Apr-2021,0,XX,1392,1416.85,1373.9,1412.95,1412.95,27502,210682.21,28804050,-1599400,19-APR-2021,
FUTSTK,HDFCBANK,27-May-2021,0,XX,1390.55,1422.45,1379.65,1417.25,1417.25,3301,25392.03,2075700,592900,19-APR-2021,
FUTSTK,HDFCBANK,24-Jun-2021,0,XX,1388,1425,1384.85,1419.45,1419.45,131,1007.86,336600,30800,19-APR-2021,
FUTSTK,HDFCLIFE,29-Apr-2021,0,XX,682.8,685.9,663.7,668.05,668.05,3980,29341.16,9138800,654500,19-APR-2021,
FUTSTK,HDFCLIFE,27-May-2021,0,XX,686.35,686.35,666.45,670.75,670.75,502,3716.72,501600,280500,19-APR-2021,
FUTSTK,HDFCLIFE,24-Jun-2021,0,XX,684,684,676,676.25,676.25,8,59.78,8800,6600,19-APR-2021,
FUTSTK,HEROMOTOCO,29-Apr-2021,0,XX,2830.55,2831.7,2744.85,2785.3,2785.3,3140,26311.27,3889500,24000,19-APR-2021,
FUTSTK,HEROMOTOCO,27-May-2021,0,XX,2831,2831,2748.75,2787.05,2787.05,533,4462.11,202200,54000,19-APR-2021,
FUTSTK,HEROMOTOCO,24-Jun-2021,0,XX,2808.25,2818.1,2786.7,2792.15,2792.15,17,143.04,6000,2700,19-APR-2021,
FUTSTK,HINDALCO,29-Apr-2021,0,XX,360.55,366.6,354.85,361.7,361.7,5872,91227.4,29824800,-2223100,19-APR-2021,
FUTSTK,HINDALCO,27-May-2021,0,XX,363,367.6,356.45,363.55,363.55,285,4434.86,1247000,68800,19-APR-2021,
FUTSTK,HINDALCO,24-Jun-2021,0,XX,352.65,365.35,352.65,365.35,363.9,4,61.96,86000,-4300,19-APR-2021,
FUTSTK,HINDPETRO,29-Apr-2021,0,XX,233.05,233.9,228.9,231.4,231.4,3714,23211.4,23495400,-72900,19-APR-2021,
FUTSTK,HINDPETRO,27-May-2021,0,XX,232.7,235,230,232.55,232.55,193,1211.38,772200,148500,19-APR-2021,
FUTSTK,HINDPETRO,24-Jun-2021,0,XX,0,0,0,225,233,0,0,29700,0,19-APR-2021,
FUTSTK,HINDUNILVR,29-Apr-2021,0,XX,2453.25,2468.2,2422,2438.9,2438.9,4442,32504.06,5728200,-50700,19-APR-2021,
FUTSTK,HINDUNILVR,27-May-2021,0,XX,2473.85,2474,2425,2442.8,2442.8,484,3553.95,484800,46200,19-APR-2021,
FUTSTK,HINDUNILVR,24-Jun-2021,0,XX,2436.2,2450,2436.2,2450,2452.6,6,44.01,20700,600,19-APR-2021,
FUTSTK,IBULHSGFIN,29-Apr-2021,0,XX,160.65,163.2,154.5,160.95,160.95,4552,22483.82,29450000,-895900,19-APR-2021,
FUTSTK,IBULHSGFIN,27-May-2021,0,XX,159.1,163.65,155.2,161.65,161.65,584,2888.38,3369700,251100,19-APR-2021,
FUTSTK,IBULHSGFIN,24-Jun-2021,0,XX,159.5,163.95,157.25,161.35,161.35,41,204.82,251100,-68200,19-APR-2021,
FUTSTK,ICICIBANK,29-Apr-2021,0,XX,550,562.2,536.3,559.75,559.75,27130,204402.5,86519125,-1808125,19-APR-2021,
FUTSTK,ICICIBANK,27-May-2021,0,XX,553.15,564.25,538.8,561.65,561.65,1941,14650.83,4005375,624250,19-APR-2021,
FUTSTK,ICICIBANK,24-Jun-2021,0,XX,552.2,565.15,543.4,562.65,562.65,50,378.56,110000,4125,19-APR-2021,
FUTSTK,ICICIGI,29-Apr-2021,0,XX,1389.05,1389.05,1337.2,1362.15,1362.15,1460,8444.94,1053150,-56525,19-APR-2021,
FUTSTK,ICICIGI,27-May-2021,0,XX,1391.5,1391.5,1351,1364.7,1364.7,51,296.57,17850,2975,19-APR-2021,
FUTSTK,ICICIGI,24-Jun-2021,0,XX,1382,1382,1371,1371,1370,2,11.7,850,850,19-APR-2021,
FUTSTK,ICICIPRULI,29-Apr-2021,0,XX,447.25,455.5,437.95,452.75,452.75,2017,13545.09,8238000,64500,19-APR-2021,
FUTSTK,ICICIPRULI,27-May-2021,0,XX,441.55,456.95,441.55,452.75,452.75,61,411.59,193500,30000,19-APR-2021,
FUTSTK,ICICIPRULI,24-Jun-2021,0,XX,446.05,458.8,446.05,458.8,458.8,4,26.95,6000,1500,19-APR-2021,
FUTSTK,IDEA,29-Apr-2021,0,XX,8.55,8.6,8.35,8.5,8.5,1171,6940.85,549500000,-9870000,19-APR-2021,
FUTSTK,IDEA,27-May-2021,0,XX,8.6,8.6,8.4,8.55,8.55,311,1849.33,141820000,16100000,19-APR-2021,
FUTSTK,IDEA,24-Jun-2021,0,XX,8.6,8.7,8.6,8.7,8.7,2,12.11,1680000,70000,19-APR-2021,
FUTSTK,IDFCFIRSTB,29-Apr-2021,0,XX,49.15,51.25,49.15,50.85,50.85,3133,30085.7,163875000,-589000,19-APR-2021,
FUTSTK,IDFCFIRSTB,27-May-2021,0,XX,50.6,51.2,49.55,50.9,50.9,355,3417.37,23598000,1881000,19-APR-2021,
FUTSTK,IDFCFIRSTB,24-Jun-2021,0,XX,50.5,51,49.5,50.9,50.9,25,239.21,1957000,228000,19-APR-2021,
FUTSTK,IGL,29-Apr-2021,0,XX,500.05,503.3,487.5,499,499,1225,8368.64,4929375,-59125,19-APR-2021,
FUTSTK,IGL,27-May-2021,0,XX,502.05,503.2,490.6,500.7,500.7,99,679.11,171875,52250,19-APR-2021,
FUTSTK,IGL,24-Jun-2021,0,XX,0,0,0,531,501.5,0,0,9625,0,19-APR-2021,
FUTSTK,INDIGO,29-Apr-2021,0,XX,1537.85,1557.2,1509.2,1520.3,1520.3,2171,16564,4442000,31000,19-APR-2021,
FUTSTK,INDIGO,27-May-2021,0,XX,1529.2,1548.1,1506.2,1515.2,1515.2,131,999.27,127000,10000,19-APR-2021,
FUTSTK,INDIGO,24-Jun-2021,0,XX,1514,1520.35,1513.5,1516.95,1516.95,3,22.73,3000,0,19-APR-2021,
FUTSTK,INDUSINDBK,29-Apr-2021,0,XX,838.05,838.05,811.25,832.2,832.2,8477,62761.63,20061900,-1233000,19-APR-2021,
FUTSTK,INDUSINDBK,27-May-2021,0,XX,835.7,846.9,815.7,836.55,836.55,706,5255.16,720000,209700,19-APR-2021,
FUTSTK,INDUSINDBK,24-Jun-2021,0,XX,827.95,840.65,820,840.65,840.65,24,179.17,32400,8100,19-APR-2021,
FUTSTK,INDUSTOWER,29-Apr-2021,0,XX,256.1,256.1,249.05,253.7,253.7,623,4400.8,11026400,56000,19-APR-2021,
FUTSTK,INDUSTOWER,27-May-2021,0,XX,253.05,255,249.65,253.8,253.8,53,374.38,190400,36400,19-APR-2021,
FUTSTK,INDUSTOWER,24-Jun-2021,0,XX,251.45,251.45,251.45,251.45,254.8,1,7.04,2800,0,19-APR-2021,
FUTSTK,INFY,29-Apr-2021,0,XX,1338.3,1379.5,1334.6,1362.75,1362.75,22608,184432.14,30196800,-2577000,19-APR-2021,
FUTSTK,INFY,27-May-2021,0,XX,1346.5,1384.9,1341.5,1369,1369,2863,23490.73,2458800,360600,19-APR-2021,
FUTSTK,INFY,24-Jun-2021,0,XX,1346,1375,1332.8,1359.85,1359.85,253,2058.54,460800,-3600,19-APR-2021,
FUTSTK,IOC,29-Apr-2021,0,XX,88.5,89,86.9,88.1,88.1,2834,16131.71,57791500,-435500,19-APR-2021,
FUTSTK,IOC,27-May-2021,0,XX,88.15,89.55,87.3,88.45,88.45,658,3763.14,5739500,1014000,19-APR-2021,
FUTSTK,IOC,24-Jun-2021,0,XX,89,89,87.75,88.85,88.85,44,252.79,559000,162500,19-APR-2021,
FUTSTK,IRCTC,29-Apr-2021,0,XX,1574,1620.7,1561,1612.95,1612.95,1268,6581.66,1445925,-56875,19-APR-2021,
FUTSTK,IRCTC,27-May-2021,0,XX,1574.35,1627.65,1574.35,1619.45,1619.45,196,1021.36,139425,16250,19-APR-2021,
FUTSTK,IRCTC,24-Jun-2021,0,XX,1602,1630,1590,1616,1623.6,13,67.81,13650,650,19-APR-2021,
FUTSTK,ITC,29-Apr-2021,0,XX,206.05,206.3,204.35,205.75,205.75,5606,36813.64,113705600,6400,19-APR-2021,
FUTSTK,ITC,27-May-2021,0,XX,204.45,206.8,204.45,206.5,206.5,1170,7712.03,12115200,1203200,19-APR-2021,
FUTSTK,ITC,24-Jun-2021,0,XX,204.25,205,203.1,204.7,204.7,238,1554.42,4438400,419200,19-APR-2021,
FUTSTK,JINDALSTEL,29-Apr-2021,0,XX,408.35,419.4,400,413.85,413.85,4513,92628.27,28245000,-2310000,19-APR-2021,
FUTSTK,JINDALSTEL,27-May-2021,0,XX,407.3,420.5,400.2,415.35,415.35,894,18446.84,2770000,1975000,19-APR-2021,
FUTSTK,JINDALSTEL,24-Jun-2021,0,XX,400,414.95,400,414.95,416.65,9,184.05,65000,15000,19-APR-2021,
FUTSTK,JSWSTEEL,29-Apr-2021,0,XX,600.65,626.95,597.05,617.1,617.1,8472,140368.3,32572800,-1501200,19-APR-2021,
FUTSTK,JSWSTEEL,27-May-2021,0,XX,603.05,629.4,600.4,619.25,619.25,529,8810.68,1244700,35100,19-APR-2021,
FUTSTK,JSWSTEEL,24-Jun-2021,0,XX,606.25,627.55,601.2,620,620,18,298.57,72900,16200,19-APR-2021,
FUTSTK,JUBLFOOD,29-Apr-2021,0,XX,2800,2800,2720,2778.05,2778.05,1731,11992.94,1452500,-29750,19-APR-2021,
FUTSTK,JUBLFOOD,27-May-2021,0,XX,2797.65,2797.65,2775.8,2787,2787,75,521.59,44250,7750,19-APR-2021,
FUTSTK,JUBLFOOD,24-Jun-2021,0,XX,2792.9,2792.9,2792.9,2792.9,2799.3,1,6.98,1500,-250,19-APR-2021,
FUTSTK,KOTAKBANK,29-Apr-2021,0,XX,1730.5,1730.5,1681,1706.65,1706.65,12308,83613.72,11288800,-239600,19-APR-2021,
FUTSTK,KOTAKBANK,27-May-2021,0,XX,1726.45,1731.3,1687.55,1712.4,1712.4,1132,7717.73,438000,117600,19-APR-2021,
FUTSTK,KOTAKBANK,24-Jun-2021,0,XX,1727,1727,1691,1717.65,1717.65,35,238.97,24400,7200,19-APR-2021,
FUTSTK,L&TFH,29-Apr-2021,0,XX,90.2,90.2,87.3,88.7,88.7,1598,12579.85,24148344,-713920,19-APR-2021,
FUTSTK,L&TFH,27-May-2021,0,XX,89.25,89.35,84.45,89.1,89.1,249,1965.93,3248336,588984,19-APR-2021,
FUTSTK,L&TFH,24-Jun-2021,0,XX,89.8,89.85,88.4,89.55,89.55,19,151.48,339112,98164,19-APR-2021,
FUTSTK,LALPATHLAB,29-Apr-2021,0,XX,2912,3048.5,2838,3005.45,3005.45,2822,21192.47,480750,-2250,19-APR-2021,
FUTSTK,LALPATHLAB,27-May-2021,0,XX,2860.3,3043.95,2860.3,2996.75,2996.75,245,1841.71,45750,19250,19-APR-2021,
FUTSTK,LALPATHLAB,24-Jun-2021,0,XX,0,0,0,3380,3018.55,0,0,250,0,19-APR-2021,
FUTSTK,LICHSGFIN,29-Apr-2021,0,XX,382.8,386.55,372.35,379.35,379.35,3318,25048.9,6362000,-468000,19-APR-2021,
FUTSTK,LICHSGFIN,27-May-2021,0,XX,387.5,389.25,374.1,380.8,380.8,582,4412.03,966000,372000,19-APR-2021,
FUTSTK,LICHSGFIN,24-Jun-2021,0,XX,381.45,382.6,375.75,382.2,382.2,10,75.96,48000,14000,19-APR-2021,
FUTSTK,LT,29-Apr-2021,0,XX,1340.2,1348.55,1311,1315.25,1315.25,6778,51826.62,14192725,494500,19-APR-2021,
FUTSTK,LT,27-May-2021,0,XX,1347.2,1353.95,1315.95,1319.95,1319.95,976,7483.65,652050,286925,19-APR-2021,
FUTSTK,LT,24-Jun-2021,0,XX,1350,1358.9,1325.8,1326.25,1326.25,29,223.9,35075,10350,19-APR-2021,
FUTSTK,LTI,29-Apr-2021,0,XX,4050,4105.7,3973.1,4074.8,4074.8,761,4628.44,415500,17100,19-APR-2021,
FUTSTK,LTI,27-May-2021,0,XX,4001,4112.4,4001,4098.9,4098.9,49,300.58,18300,4350,19-APR-2021,
FUTSTK,LTI,24-Jun-2021,0,XX,0,0,0,4074.25,4090.8,0,0,450,0,19-APR-2021,
FUTSTK,LTTS,29-Apr-2021,0,XX,2676.45,2792.2,2664.2,2694.55,2694.55,1142,6238.04,528200,15200,19-APR-2021,
FUTSTK,LTTS,27-May-2021,0,XX,2705,2801.55,2699.95,2704.75,2704.75,76,416.65,17000,6400,19-APR-2021,
FUTSTK,LTTS,24-Jun-2021,0,XX,0,0,0,2516,2705.25,0,0,0,0,19-APR-2021,
FUTSTK,LUPIN,29-Apr-2021,0,XX,1049.65,1076.35,1032.85,1068.5,1068.5,5358,48165,8298550,504050,19-APR-2021,
FUTSTK,LUPIN,27-May-2021,0,XX,1050,1080.2,1038,1073.35,1073.35,397,3592.17,364650,105400,19-APR-2021,
FUTSTK,LUPIN,24-Jun-2021,0,XX,1056.2,1071,1050,1071,1071,3,27,9350,0,19-APR-2021,
FUTSTK,M&M,29-Apr-2021,0,XX,790,808.35,787.85,797.2,797.2,2403,26884.9,8160600,-354200,19-APR-2021,
FUTSTK,M&M,27-May-2021,0,XX,794.35,814.65,793.2,800,800,210,2357.22,413000,25200,19-APR-2021,
FUTSTK,M&M,24-Jun-2021,0,XX,791.65,791.65,791.65,791.65,800.4,1,11.08,11200,1400,19-APR-2021,
FUTSTK,M&MFIN,29-Apr-2021,0,XX,166.6,167.55,163,166.05,166.05,1859,12300.52,16832000,160000,19-APR-2021,
FUTSTK,M&MFIN,27-May-2021,0,XX,168.1,168.5,163.45,166.3,166.3,372,2462.2,1428000,320000,19-APR-2021,
FUTSTK,M&MFIN,24-Jun-2021,0,XX,165,166,165,166,166,8,52.84,64000,4000,19-APR-2021,
FUTSTK,MANAPPURAM,29-Apr-2021,0,XX,145,145,140.8,142.5,142.5,1212,10386.87,24906000,270000,19-APR-2021,
FUTSTK,MANAPPURAM,27-May-2021,0,XX,143,145.1,141.6,143.15,143.15,117,1008.1,1884000,306000,19-APR-2021,
FUTSTK,MANAPPURAM,24-Jun-2021,0,XX,143.5,143.5,143.5,143.5,143.5,1,8.61,114000,6000,19-APR-2021,
FUTSTK,MARICO,29-Apr-2021,0,XX,418.95,424.35,416.6,421.4,421.4,637,5359.64,7202000,-146000,19-APR-2021,
FUTSTK,MARICO,27-May-2021,0,XX,421.4,424.35,420,422.85,422.85,63,532.45,162000,34000,19-APR-2021,
FUTSTK,MARICO,24-Jun-2021,0,XX,422,422.4,422,422.4,422.8,2,16.88,4000,0,19-APR-2021,
FUTSTK,MARUTI,29-Apr-2021,0,XX,6510,6545.95,6424.85,6526.35,6526.35,7123,46232.73,2589900,-7300,19-APR-2021,
FUTSTK,MARUTI,27-May-2021,0,XX,6528.85,6575,6453.35,6552.3,6552.3,911,5935.4,172500,27900,19-APR-2021,
FUTSTK,MARUTI,24-Jun-2021,0,XX,6580.75,6599.95,6500,6599.95,6599.95,73,477.07,7400,1000,19-APR-2021,
FUTSTK,MCDOWELL-N,29-Apr-2021,0,XX,515.25,519.55,509.1,518.1,518.1,2395,15409.73,12931250,-205000,19-APR-2021,
FUTSTK,MCDOWELL-N,27-May-2021,0,XX,516,521.8,511.8,520.6,520.6,245,1582.82,342500,20000,19-APR-2021,
FUTSTK,MCDOWELL-N,24-Jun-2021,0,XX,524.6,524.6,520,523,521.5,3,19.59,17500,1250,19-APR-2021,
FUTSTK,MFSL,29-Apr-2021,0,XX,857.85,866,846.85,860.45,860.45,337,3744.71,2393300,-13000,19-APR-2021,
FUTSTK,MFSL,27-May-2021,0,XX,853,863.9,853,863.9,863.9,7,78.16,32500,1300,19-APR-2021,
FUTSTK,MFSL,24-Jun-2021,0,XX,0,0,0,854.6,864,0,0,0,0,19-APR-2021,
FUTSTK,MGL,29-Apr-2021,0,XX,1070.55,1085.65,1060,1082.9,1082.9,423,2731.37,1605600,-40800,19-APR-2021,
FUTSTK,MGL,27-May-2021,0,XX,1085.8,1089.8,1076.4,1088,1088,28,181.94,36000,4200,19-APR-2021,
FUTSTK,MGL,24-Jun-2021,0,XX,1086,1087.15,1086,1087.15,1089.05,2,13.03,1200,1200,19-APR-2021,
FUTSTK,MINDTREE,29-Apr-2021,0,XX,2074,2153.25,2003.15,2099.95,2099.95,6926,116672.82,2471200,-70400,19-APR-2021,
FUTSTK,MINDTREE,27-May-2021,0,XX,2053.95,2155,2053.95,2104.05,2104.05,222,3749.23,65600,-1600,19-APR-2021,
FUTSTK,MINDTREE,24-Jun-2021,0,XX,2136.1,2139.15,2135.85,2139.15,2107.1,3,51.28,2400,2400,19-APR-2021,
FUTSTK,MOTHERSUMI,29-Apr-2021,0,XX,203,207.3,198.1,205.15,205.15,1497,21401.55,27083000,-511000,19-APR-2021,
FUTSTK,MOTHERSUMI,27-May-2021,0,XX,203.1,208.45,200.1,206.05,206.05,215,3095.89,1694000,602000,19-APR-2021,
FUTSTK,MOTHERSUMI,24-Jun-2021,0,XX,206.8,207,206.8,207,205.9,2,28.96,210000,0,19-APR-2021,
FUTSTK,MPHASIS,29-Apr-2021,0,XX,1698.8,1722.5,1650,1705.05,1705.05,540,2973.24,747825,-33475,19-APR-2021,
FUTSTK,MPHASIS,27-May-2021,0,XX,1727.4,1727.4,1680,1712.9,1712.9,12,66.38,22100,975,19-APR-2021,
FUTSTK,MPHASIS,24-Jun-2021,0,XX,0,0,0,1688.85,1714.55,0,0,0,0,19-APR-2021,
FUTSTK,MRF,29-Apr-2021,0,XX,80387.5,80474.85,78914.55,79437.3,79437.3,1085,8638.55,41550,80,19-APR-2021,
FUTSTK,MRF,27-May-2021,0,XX,80000,80743.55,79420.7,79860.15,79860.15,85,679.48,1260,80,19-APR-2021,
FUTSTK,MRF,24-Jun-2021,0,XX,81092.5,81092.55,80418,80418,80418,5,40.47,50,50,19-APR-2021,
FUTSTK,MUTHOOTFIN,29-Apr-2021,0,XX,1131,1131,1102.25,1124.05,1124.05,1840,15409.24,2796750,197250,19-APR-2021,
FUTSTK,MUTHOOTFIN,27-May-2021,0,XX,1110.05,1131,1109,1128.1,1128.1,99,831.12,150750,15000,19-APR-2021,
FUTSTK,MUTHOOTFIN,24-Jun-2021,0,XX,1116.6,1129,1115.4,1127.6,1127.6,5,42.04,15000,0,19-APR-2021,
FUTSTK,NAM-INDIA,29-Apr-2021,0,XX,332.15,332.15,324.7,326,326,272,1426.55,1875200,-4800,19-APR-2021,
FUTSTK,NAM-INDIA,27-May-2021,0,XX,340,340,325.5,327.15,327.15,16,84.21,94400,1600,19-APR-2021,
FUTSTK,NAM-INDIA,24-Jun-2021,0,XX,0,0,0,337.6,327.45,0,0,4800,0,19-APR-2021,
FUTSTK,NATIONALUM,29-Apr-2021,0,XX,58.8,58.8,56,57.45,57.45,1615,15778.1,71332000,-1479000,19-APR-2021,
FUTSTK,NATIONALUM,27-May-2021,0,XX,56.8,58.55,56.55,57.7,57.7,289,2838.73,7038000,1377000,19-APR-2021,
FUTSTK,NATIONALUM,24-Jun-2021,0,XX,57.4,58.6,57.4,57.8,57.8,9,88.47,357000,0,19-APR-2021,
FUTSTK,NAUKRI,29-Apr-2021,0,XX,4499,4807.8,4475,4710.4,4710.4,2276,26729.18,1369250,29250,19-APR-2021,
FUTSTK,NAUKRI,27-May-2021,0,XX,4512.2,4821.7,4512.2,4723.5,4723.5,199,2352.32,82750,19250,19-APR-2021,
FUTSTK,NAUKRI,24-Jun-2021,0,XX,4575.25,4700,4575.25,4700,4728.45,7,80.79,2250,0,19-APR-2021,
FUTSTK,NAVINFLUOR,29-Apr-2021,0,XX,3055.25,3130,3022.05,3085,3085,664,4603.03,297675,-15075,19-APR-2021,
FUTSTK,NAVINFLUOR,27-May-2021,0,XX,3044.75,3140.95,3044.75,3094.3,3094.3,18,125.7,6750,450,19-APR-2021,
FUTSTK,NAVINFLUOR,24-Jun-2021,0,XX,0,0,0,3027.55,3097.3,0,0,900,0,19-APR-2021,
FUTSTK,NESTLEIND,29-Apr-2021,0,XX,17044.45,17162.55,16901.05,17038.7,17038.7,1032,8786.88,296400,6050,19-APR-2021,
FUTSTK,NESTLEIND,27-May-2021,0,XX,17100,17212.25,17024.9,17096.4,17096.4,67,572.7,8550,1750,19-APR-2021,
FUTSTK,NESTLEIND,24-Jun-2021,0,XX,17000.85,17216.1,17000.85,17216.1,17206.25,4,34.22,550,150,19-APR-2021,
FUTSTK,NMDC,29-Apr-2021,0,XX,138,141.15,136.7,138.35,138.35,1546,14367.71,43931900,-636500,19-APR-2021,
FUTSTK,NMDC,27-May-2021,0,XX,140.15,140.4,138.1,138.95,138.95,290,2704.63,2351700,763800,19-APR-2021,
FUTSTK,NMDC,24-Jun-2021,0,XX,140.45,140.45,138,139.4,139.4,8,74.88,160800,20100,19-APR-2021,
FUTSTK,NTPC,29-Apr-2021,0,XX,100,101,98.75,99.1,99.1,2937,16640.84,71882700,-228000,19-APR-2021,
FUTSTK,NTPC,27-May-2021,0,XX,98.65,100.7,98.65,99.5,99.5,721,4101.73,3659400,986100,19-APR-2021,
FUTSTK,NTPC,24-Jun-2021,0,XX,100.95,100.95,99.85,99.95,99.95,28,159.96,513000,45600,19-APR-2021,
FUTSTK,ONGC,29-Apr-2021,0,XX,105.85,106.05,102.25,103.2,103.2,2028,16191.87,33441100,-1755600,19-APR-2021,
FUTSTK,ONGC,27-May-2021,0,XX,105.95,106.2,102.8,103.6,103.6,190,1521.31,1370600,169400,19-APR-2021,
FUTSTK,ONGC,24-Jun-2021,0,XX,106.5,106.5,103.35,103.75,103.75,8,64.31,61600,-7700,19-APR-2021,
FUTSTK,PAGEIND,29-Apr-2021,0,XX,29410,30151,29325,29907.65,29907.65,412,3687.64,53340,120,19-APR-2021,
FUTSTK,PAGEIND,27-May-2021,0,XX,29881.4,30129.75,29850,30015.95,30015.95,150,1348.62,2400,1770,19-APR-2021,
FUTSTK,PAGEIND,24-Jun-2021,0,XX,0,0,0,29000,30105.05,0,0,0,0,19-APR-2021,
FUTSTK,PEL,29-Apr-2021,0,XX,1675.2,1680.2,1625.15,1664.2,1664.2,1214,11027.65,3362150,4400,19-APR-2021,
FUTSTK,PEL,27-May-2021,0,XX,1658.7,1675,1642,1671.95,1671.95,26,237.38,37400,2200,19-APR-2021,
FUTSTK,PEL,24-Jun-2021,0,XX,1658.35,1661.85,1658.35,1661.85,1674.35,3,27.38,2200,1100,19-APR-2021,
FUTSTK,PETRONET,29-Apr-2021,0,XX,215.05,219.2,214.7,215.6,215.6,985,6389.71,17769000,-156000,19-APR-2021,
FUTSTK,PETRONET,27-May-2021,0,XX,218.15,218.85,216,216.65,216.65,188,1223.73,1131000,216000,19-APR-2021,
FUTSTK,PETRONET,24-Jun-2021,0,XX,219.45,221.9,217.5,217.5,216.5,5,33.02,39000,15000,19-APR-2021,
FUTSTK,PFC,29-Apr-2021,0,XX,105.4,106.5,104.35,105.3,105.3,1073,7014.67,32364000,-806000,19-APR-2021,
FUTSTK,PFC,27-May-2021,0,XX,106.7,106.95,104.8,105.95,105.95,206,1354.12,1736000,223200,19-APR-2021,
FUTSTK,PFC,24-Jun-2021,0,XX,0,0,0,111.25,105.85,0,0,99200,0,19-APR-2021,
FUTSTK,PFIZER,29-Apr-2021,0,XX,5256.6,5419.85,5135.25,5350.45,5350.45,1491,9959.21,212000,22500,19-APR-2021,
FUTSTK,PFIZER,27-May-2021,0,XX,5183.45,5425.3,5183.45,5364.5,5364.5,94,627.08,17875,6875,19-APR-2021,
FUTSTK,PFIZER,24-Jun-2021,0,XX,0,0,0,4445.8,5365.25,0,0,0,0,19-APR-2021,
FUTSTK,PIDILITIND,29-Apr-2021,0,XX,1795.85,1813,1771,1777.25,1777.25,844,7537.49,1959000,55500,19-APR-2021,
FUTSTK,PIDILITIND,27-May-2021,0,XX,1799.9,1820.9,1777.7,1783.3,1783.3,217,1942.75,117500,38500,19-APR-2021,
FUTSTK,PIDILITIND,24-Jun-2021,0,XX,1789.9,1789.9,1789.9,1789.9,1782.8,1,8.94,2500,500,19-APR-2021,
FUTSTK,PIIND,29-Apr-2021,0,XX,2425.3,2505.05,2400,2484.6,2484.6,534,3302.31,429000,-25000,19-APR-2021,
FUTSTK,PIIND,27-May-2021,0,XX,2391.5,2502.05,2391.5,2493.75,2493.75,46,286.25,29250,5750,19-APR-2021,
FUTSTK,PIIND,24-Jun-2021,0,XX,0,0,0,2438.35,2494.6,0,0,1000,0,19-APR-2021,
FUTSTK,PNB,29-Apr-2021,0,XX,34.45,34.45,32.6,33.25,33.25,4505,23777.48,196864000,2880000,19-APR-2021,
FUTSTK,PNB,27-May-2021,0,XX,33.9,33.9,32.7,33.35,33.35,953,5040.58,27280000,4528000,19-APR-2021,
FUTSTK,PNB,24-Jun-2021,0,XX,35,35,32.8,33.4,33.4,57,302.75,2880000,544000,19-APR-2021,
FUTSTK,POWERGRID,29-Apr-2021,0,XX,209.4,209.4,200.75,201.95,201.95,1863,15162.84,18840000,1172000,19-APR-2021,
FUTSTK,POWERGRID,27-May-2021,0,XX,207.75,208,201.55,202.85,202.85,410,3346.42,1252000,600000,19-APR-2021,
FUTSTK,POWERGRID,24-Jun-2021,0,XX,206.9,206.9,203.15,204.1,204.1,8,65.51,36000,28000,19-APR-2021,
FUTSTK,PVR,29-Apr-2021,0,XX,1004.55,1016,985,998.6,998.6,3083,12569.46,1953193,-70411,19-APR-2021,
FUTSTK,PVR,27-May-2021,0,XX,998.2,1012,980.05,996.45,996.45,394,1602.77,196581,26048,19-APR-2021,
FUTSTK,PVR,24-Jun-2021,0,XX,1000,1014.3,991,996.4,996.4,37,150.56,28083,6512,19-APR-2021,
FUTSTK,RAMCOCEM,29-Apr-2021,0,XX,960.05,998.85,960.05,984.55,984.55,994,8321.08,1755250,-5950,19-APR-2021,
FUTSTK,RAMCOCEM,27-May-2021,0,XX,997.5,998,977,988.8,988.8,36,301.5,47600,11050,19-APR-2021,
FUTSTK,RAMCOCEM,24-Jun-2021,0,XX,0,0,0,958.45,987.3,0,0,0,0,19-APR-2021,
FUTSTK,RBLBANK,29-Apr-2021,0,XX,182.05,182.05,173.05,176.1,176.1,6930,35295.15,24009100,887400,19-APR-2021,
FUTSTK,RBLBANK,27-May-2021,0,XX,180,181.5,173.5,176.35,176.35,956,4876.03,2804300,791700,19-APR-2021,
FUTSTK,RBLBANK,24-Jun-2021,0,XX,178.15,178.4,175,176.9,176.9,33,168.86,194300,49300,19-APR-2021,
FUTSTK,RECLTD,29-Apr-2021,0,XX,125.1,126,124.15,125.5,125.5,1106,8298.9,19188000,660000,19-APR-2021,
FUTSTK,RECLTD,27-May-2021,0,XX,125.65,126.4,125,126.2,126.2,57,429.91,750000,30000,19-APR-2021,
FUTSTK,RECLTD,24-Jun-2021,0,XX,0,0,0,130,126.4,0,0,12000,0,19-APR-2021,
FUTSTK,RELIANCE,29-Apr-2021,0,XX,1911,1920,1892.3,1906,1906,28120,133955.21,28758250,-351500,19-APR-2021,
FUTSTK,RELIANCE,27-May-2021,0,XX,1918.15,1929.3,1901.15,1914.05,1914.05,2962,14167.84,1779750,171500,19-APR-2021,
FUTSTK,RELIANCE,24-Jun-2021,0,XX,1924.4,1930,1909.95,1921.6,1921.6,197,945.73,174750,14250,19-APR-2021,
FUTSTK,SAIL,29-Apr-2021,0,XX,86.35,89.2,85.5,89.1,89.1,396,6562.88,112024000,-7448000,19-APR-2021,
FUTSTK,SAIL,27-May-2021,0,XX,86.95,88.2,86.95,87.6,89.5,12,199.41,15922000,-228000,19-APR-2021,
FUTSTK,SAIL,24-Jun-2021,0,XX,0,0,0,93.9,89.8,0,0,266000,0,19-APR-2021,
FUTSTK,SBILIFE,29-Apr-2021,0,XX,900.65,911.65,891.45,908.5,908.5,2119,14335.72,4562250,-35250,19-APR-2021,
FUTSTK,SBILIFE,27-May-2021,0,XX,909.15,914.5,896,911.35,911.35,75,510.15,93000,1500,19-APR-2021,
FUTSTK,SBILIFE,24-Jun-2021,0,XX,0,0,0,915.3,912.45,0,0,8250,0,19-APR-2021,
FUTSTK,SBIN,29-Apr-2021,0,XX,328.55,332.75,322.3,331.9,331.9,19090,187427.4,95457000,-30000,19-APR-2021,
FUTSTK,SBIN,27-May-2021,0,XX,325.65,334,323.85,333.2,333.2,2189,21598.35,6741000,870000,19-APR-2021,
FUTSTK,SBIN,24-Jun-2021,0,XX,330,335,325.5,334.35,334.35,125,1235.75,690000,81000,19-APR-2021,
FUTSTK,SHREECEM,29-Apr-2021,0,XX,30178.4,30507.85,29565.75,30124.4,30124.4,1287,19295.58,185850,-100,19-APR-2021,
FUTSTK,SHREECEM,27-May-2021,0,XX,30439.8,30439.8,29669.75,30137.35,30137.35,90,1347.33,11450,300,19-APR-2021,
FUTSTK,SHREECEM,24-Jun-2021,0,XX,0,0,0,27839.45,30262.2,0,0,0,0,19-APR-2021,
FUTSTK,SIEMENS,29-Apr-2021,0,XX,1822.6,1827.35,1780,1799.9,1799.9,598,5909.54,918500,-11550,19-APR-2021,
FUTSTK,SIEMENS,27-May-2021,0,XX,1812,1813.6,1785,1805.35,1805.35,72,711.87,39600,11550,19-APR-2021,
FUTSTK,SIEMENS,24-Jun-2021,0,XX,0,0,0,1828.25,1805.5,0,0,550,0,19-APR-2021,
FUTSTK,SRF,29-Apr-2021,0,XX,6040.25,6260,5973.4,6243.15,6243.15,2130,16458.72,455875,-6500,19-APR-2021,
FUTSTK,SRF,27-May-2021,0,XX,6026.6,6274.45,6026.6,6258.95,6258.95,33,255.88,14500,1875,19-APR-2021,
FUTSTK,SRF,24-Jun-2021,0,XX,6090,6100,6090,6100,6278.45,2,15.23,125,125,19-APR-2021,
FUTSTK,SRTRANSFIN,29-Apr-2021,0,XX,1317.25,1357.5,1292.15,1344.75,1344.75,2491,26502.82,3544000,-72000,19-APR-2021,
FUTSTK,SRTRANSFIN,27-May-2021,0,XX,1300,1360.5,1300,1348.4,1348.4,99,1054.74,86400,16000,19-APR-2021,
FUTSTK,SRTRANSFIN,24-Jun-2021,0,XX,1330.95,1342.25,1330.95,1342.25,1351.8,3,32.06,2400,-800,19-APR-2021,
FUTSTK,SUNPHARMA,29-Apr-2021,0,XX,642.8,651.75,636.2,641.55,641.55,10182,91686.17,41262200,-264600,19-APR-2021,
FUTSTK,SUNPHARMA,27-May-2021,0,XX,669.45,669.45,639.25,644.6,644.6,632,5713.93,908600,263200,19-APR-2021,
FUTSTK,SUNPHARMA,24-Jun-2021,0,XX,654.45,656.15,645,645.25,645.25,19,172.44,32200,9800,19-APR-2021,
FUTSTK,SUNTV,29-Apr-2021,0,XX,463.4,464.9,448.3,459.75,459.75,221,1518.03,10510500,-315000,19-APR-2021,
FUTSTK,SUNTV,27-May-2021,0,XX,460,468.65,456.3,456.3,460.05,13,90.22,3156000,-13500,19-APR-2021,
FUTSTK,SUNTV,24-Jun-2021,0,XX,0,0,0,480.5,461.4,0,0,12000,0,19-APR-2021,
FUTSTK,TATACHEM,29-Apr-2021,0,XX,730,741.4,719.8,733,733,3303,48441.25,9218000,-4000,19-APR-2021,
FUTSTK,TATACHEM,27-May-2021,0,XX,732.15,744.8,724.65,736.25,736.25,473,6974.7,782000,10000,19-APR-2021,
FUTSTK,TATACHEM,24-Jun-2021,0,XX,725.15,741.2,725.15,737.5,737.2,11,161.26,68000,4000,19-APR-2021,
FUTSTK,TATACONSUM,29-Apr-2021,0,XX,662,668.55,653,664.3,664.3,2334,20819.14,16626600,-248400,19-APR-2021,
FUTSTK,TATACONSUM,27-May-2021,0,XX,663.35,670.65,656.35,666.25,666.25,339,3032.34,418500,56700,19-APR-2021,
FUTSTK,TATACONSUM,24-Jun-2021,0,XX,0,0,0,665.1,668.65,0,0,17550,0,19-APR-2021,
FUTSTK,TATAMOTORS,29-Apr-2021,0,XX,296.5,305.35,293.9,301.9,301.9,10936,187472.79,90709800,324900,19-APR-2021,
FUTSTK,TATAMOTORS,27-May-2021,0,XX,296.7,306.5,295.1,303.15,303.15,1219,20985.35,7957200,1322400,19-APR-2021,
FUTSTK,TATAMOTORS,24-Jun-2021,0,XX,300.3,306.1,298.3,304.65,304.65,34,586.05,615600,45600,19-APR-2021,
FUTSTK,TATAPOWER,29-Apr-2021,0,XX,93.35,95.1,92,93.8,93.8,3149,39870.63,119934000,-3861000,19-APR-2021,
FUTSTK,TATAPOWER,27-May-2021,0,XX,93.2,95.5,92.6,94.15,94.15,696,8854.94,10125000,1404000,19-APR-2021,
FUTSTK,TATAPOWER,24-Jun-2021,0,XX,94.3,95.7,90.1,94.35,94.35,53,675.51,1053000,337500,19-APR-2021,
FUTSTK,TATASTEEL,29-Apr-2021,0,XX,865.55,901.8,862.1,890.75,890.75,13560,204669.53,43656000,357000,19-APR-2021,
FUTSTK,TATASTEEL,27-May-2021,0,XX,869.05,905.1,867,893.55,893.55,1003,15178.05,1348100,217600,19-APR-2021,
FUTSTK,TATASTEEL,24-Jun-2021,0,XX,876.85,900,876.85,893.2,893.2,16,243,120700,-3400,19-APR-2021,
FUTSTK,TCS,29-Apr-2021,0,XX,3165.3,3197.9,3145.1,3170.8,3170.8,8175,77828.83,6294900,-312000,19-APR-2021,
FUTSTK,TCS,27-May-2021,0,XX,3179.85,3209.85,3158.55,3183.4,3183.4,1194,11413.02,423000,129600,19-APR-2021,
FUTSTK,TCS,24-Jun-2021,0,XX,3182.85,3211.6,3158.6,3186.45,3186.45,26,248.56,26400,600,19-APR-2021,
FUTSTK,TECHM,29-Apr-2021,0,XX,995.15,1012.6,985.8,1000.6,1000.6,3251,39037.44,11377200,40800,19-APR-2021,
FUTSTK,TECHM,27-May-2021,0,XX,998.85,1016.45,990,1003.8,1003.8,262,3159.83,327600,75600,19-APR-2021,
FUTSTK,TECHM,24-Jun-2021,0,XX,1001.4,1017,1001.4,1006.85,1006.85,5,60.61,16800,1200,19-APR-2021,
FUTSTK,TITAN,29-Apr-2021,0,XX,1528.9,1531.15,1505.1,1518.8,1518.8,2696,30636.75,5223750,-171750,19-APR-2021,
FUTSTK,TITAN,27-May-2021,0,XX,1518,1533.7,1512.05,1524.95,1524.95,95,1083.64,240000,3750,19-APR-2021,
FUTSTK,TITAN,24-Jun-2021,0,XX,1534.65,1540.15,1525,1540.15,1529.05,7,80.51,6750,3000,19-APR-2021,
FUTSTK,TORNTPHARM,29-Apr-2021,0,XX,2582.35,2650,2567.15,2602.5,2602.5,1589,10377.54,960750,5500,19-APR-2021,
FUTSTK,TORNTPHARM,27-May-2021,0,XX,2606.3,2662.95,2582.45,2616.45,2616.45,154,1010.85,42000,16250,19-APR-2021,
FUTSTK,TORNTPHARM,24-Jun-2021,0,XX,0,0,0,2466.7,2613.9,0,0,0,0,19-APR-2021,
FUTSTK,TORNTPOWER,29-Apr-2021,0,XX,401.65,401.65,384.8,385.85,385.85,513,6010.9,2112000,60000,19-APR-2021,
FUTSTK,TORNTPOWER,27-May-2021,0,XX,395.6,395.6,386.75,387.05,387.05,19,221.6,93000,27000,19-APR-2021,
FUTSTK,TORNTPOWER,24-Jun-2021,0,XX,0,0,0,400.95,387,0,0,6000,0,19-APR-2021,
FUTSTK,TRENT,29-Apr-2021,0,XX,708,738,689.4,728.15,728.15,615,3199.25,1117225,2175,19-APR-2021,
FUTSTK,TRENT,27-May-2021,0,XX,724.1,740,697,729.5,731.5,45,236.5,46400,4350,19-APR-2021,
FUTSTK,TRENT,24-Jun-2021,0,XX,722.65,722.65,722.65,722.65,733.65,1,5.23,2900,0,19-APR-2021,
FUTSTK,TVSMOTOR,29-Apr-2021,0,XX,535.2,540.7,529,539.05,539.05,1056,7919.51,3633000,36400,19-APR-2021,
FUTSTK,TVSMOTOR,27-May-2021,0,XX,541,541,531.05,539.45,539.45,65,487.52,106400,11200,19-APR-2021,
FUTSTK,TVSMOTOR,24-Jun-2021,0,XX,0,0,0,573.85,542.8,0,0,7000,0,19-APR-2021,
FUTSTK,UBL,29-Apr-2021,0,XX,1092.95,1109.7,1076.25,1105.3,1105.3,585,4493.72,1323700,32200,19-APR-2021,
FUTSTK,UBL,27-May-2021,0,XX,1092.5,1111.95,1083,1109.7,1109.7,53,409.41,61600,26600,19-APR-2021,
FUTSTK,UBL,24-Jun-2021,0,XX,1109.7,1109.7,1109.7,1109.7,1120.65,1,7.76,4900,700,19-APR-2021,
FUTSTK,ULTRACEMCO,29-Apr-2021,0,XX,6509.95,6589.1,6430.6,6534.6,6534.6,3602,46884.08,2015000,105600,19-APR-2021,
FUTSTK,ULTRACEMCO,27-May-2021,0,XX,6611.2,6674.9,6465.7,6562.4,6562.4,389,5088.59,88800,31800,19-APR-2021,
FUTSTK,ULTRACEMCO,24-Jun-2021,0,XX,6675.7,6675.7,6501,6600.5,6600.5,14,184.05,3600,2000,19-APR-2021,
FUTSTK,UPL,29-Apr-2021,0,XX,597.4,604,589.4,597.8,597.8,2833,22022.66,21516300,-231400,19-APR-2021,
FUTSTK,UPL,27-May-2021,0,XX,597.3,604.3,591.85,599.25,599.25,272,2118.5,318500,55900,19-APR-2021,
FUTSTK,UPL,24-Jun-2021,0,XX,596,602.05,596,600,600,6,46.76,24700,1300,19-APR-2021,
FUTSTK,VEDL,29-Apr-2021,0,XX,229.6,230.2,224.4,228.45,228.45,2525,35632.75,83613200,-508400,19-APR-2021,
FUTSTK,VEDL,27-May-2021,0,XX,226.85,231,226,229.4,229.4,100,1416.42,1314400,37200,19-APR-2021,
FUTSTK,VEDL,24-Jun-2021,0,XX,228.6,230,228.6,230,229.6,2,28.43,93000,6200,19-APR-2021,
FUTSTK,VOLTAS,29-Apr-2021,0,XX,939.95,959.8,920,956.5,956.5,2839,26752.67,3817000,-409000,19-APR-2021,
FUTSTK,VOLTAS,27-May-2021,0,XX,934.05,962.45,925,959.85,959.85,148,1393.76,136000,5000,19-APR-2021,
FUTSTK,VOLTAS,24-Jun-2021,0,XX,946.8,962,939.05,962,962,3,28.47,12000,1000,19-APR-2021,
FUTSTK,WIPRO,29-Apr-2021,0,XX,463.5,477.75,462.35,472.9,472.9,14175,213862.11,41356800,-2208000,19-APR-2021,
FUTSTK,WIPRO,27-May-2021,0,XX,464.2,478.75,463.9,474,474,1027,15542.27,1859200,-51200,19-APR-2021,
FUTSTK,WIPRO,24-Jun-2021,0,XX,469.7,479.15,466.8,474.4,474.4,52,788.98,147200,-16000,19-APR-2021,
FUTSTK,ZEEL,29-Apr-2021,0,XX,187,191.9,185.3,191,191,4440,25151.13,56376000,780000,19-APR-2021,
FUTSTK,ZEEL,27-May-2021,0,XX,193.65,193.65,185,191.95,191.95,771,4400.41,1767000,837000,19-APR-2021,
FUTSTK,ZEEL,24-Jun-2021,0,XX,191.05,193.5,189.4,193.5,193.5,8,45.95,114000,12000,19-APR-2021,
OPTIDX,BANKNIFTY,22-Apr-2021,27800,CE,0,0,0,4222.8,3416.95,0,0,75,0,19-APR-2021,
OPTIDX,BANKNIFTY,22-Apr-2021,27900,CE,0,0,0,2976.75,3317.1,0,0,0,0,19-APR-2021,
OPTIDX,BANKNIFTY,22-Apr-2021,28000,CE,2859.5,3080.4,2468,2973.9,3217.25,71,547.41,575,525,19-APR-2021,
OPTIDX,BANKNIFTY,22-Apr-2021,28100,CE,0,0,0,2792.7,3117.5,0,0,0,0,19-APR-2021,
OPTIDX,BANKNIFTY,22-Apr-2021,28200,CE,0,0,0,2701.95,3017.75,0,0,0,0,19-APR-2021,
OPTIDX,BANKNIFTY,22-Apr-2021,28300,CE,0,0,0,2612.05,2918.15,0,0,0,0,19-APR-2021,
OPTIDX,BANKNIFTY,22-Apr-2021,28400,CE,0,0,0,2523.15,2818.65,0,0,0,0,19-APR-2021,
OPTIDX,BANKNIFTY,22-Apr-2021,28500,CE,2199.95,2547.65,2199.95,2472.4,2719.3,9,69.58,50,25,19-APR-2021,
OPTIDX,BANKNIFTY,22-Apr-2021,28600,CE,2516,2516,2516,2516,2620.15,1,7.77,25,25,19-APR-2021,
OPTIDX,BANKNIFTY,22-Apr-2021,28700,CE,2102,2396.45,2085.95,2396.45,2521.2,4,30.87,25,25,19-APR-2021,
OPTIDX,BANKNIFTY,22-Apr-2021,28800,CE,1830.8,2287.65,1830.8,2287.65,2422.55,3,23.2,50,50,19-APR-2021,
OPTIDX,BANKNIFTY,22-Apr-2021,28900,CE,0,0,0,2095.25,2324.3,0,0,0,0,19-APR-2021,
OPTIDX,BANKNIFTY,22-Apr-2021,29000,CE,1772.75,2310.35,1532.85,2257.05,2257.05,2245,17277.49,17725,17475,19-APR-2021,
OPTIDX,BANKNIFTY,22-Apr-2021,29100,CE,1817.3,2177.1,1482.15,2177.1,2177.1,52,399.96,875,875,19-APR-2021,
OPTIDX,BANKNIFTY,22-Apr-2021,29200,CE,1849.6,1968.15,1401,1968.15,2032.4,27,207.5,575,550,19-APR-2021,
OPTIDX,BANKNIFTY,22-Apr-2021,29300,CE,1760.3,2007.2,1300.5,2001.55,2001.55,241,1854.09,3075,3075,19-APR-2021,
OPTIDX,BANKNIFTY,22-Apr-2021,29400,CE,1224,1932.9,1224,1767.55,1767.55,135,1038.81,2075,1975,19-APR-2021,
OPTIDX,BANKNIFTY,22-Apr-2021,29500,CE,1552.45,1870.9,1132.9,1780.45,1780.45,2130,16445.93,4350,3325,19-APR-2021,
OPTIDX,BANKNIFTY,22-Apr-2021,29600,CE,1302.05,1752.35,1059.15,1699.9,1699.9,293,2264.3,1325,1275,19-APR-2021,
OPTIDX,BANKNIFTY,22-Apr-2021,29700,CE,1234.55,1672.9,988.65,1630.8,1630.8,194,1504.24,575,575,19-APR-2021,
OPTIDX,BANKNIFTY,22-Apr-2021,29800,CE,1168.55,1580.55,919.45,1556.3,1556.3,842,6517.14,2975,2925,19-APR-2021,
OPTIDX,BANKNIFTY,22-Apr-2021,29900,CE,1105.55,1495.85,848.95,1450.55,1450.55,1020,7895.96,4825,4800,19-APR-2021,
OPTIDX,BANKNIFTY,22-Apr-2021,30000,CE,1103.45,1417,781.9,1314.1,1314.1,26091,202032.21,42075,30850,19-APR-2021,
OPTIDX,BANKNIFTY,22-Apr-2021,30100,CE,976.5,1328.25,705.25,1272.95,1272.95,3399,26343,5550,5025,19-APR-2021,
OPTIDX,BANKNIFTY,22-Apr-2021,30200,CE,909.05,1237.8,656.65,1160.15,1160.15,6855,53159.6,5275,4950,19-APR-2021,
OPTIDX,BANKNIFTY,22-Apr-2021,30300,CE,843,1155,599.2,1086.1,1086.1,11794,91565.21,17275,16625,19-APR-2021,
OPTIDX,BANKNIFTY,22-Apr-2021,30400,CE,796.05,1085.25,541.2,989,989,34378,267102.87,30400,30025,19-APR-2021,
OPTIDX,BANKNIFTY,22-Apr-2021,30500,CE,891.65,1005.9,491,925.6,925.6,260731,2029040.29,307525,302625,19-APR-2021,
OPTIDX,BANKNIFTY,22-Apr-2021,30600,CE,1000.95,1000.95,443.4,838.9,838.9,199781,1556161.94,69650,66625,19-APR-2021,
OPTIDX,BANKNIFTY,22-Apr-2021,30700,CE,653.55,913.95,395.5,766.3,766.3,295386,2304926.43,101850,99800,19-APR-2021,
OPTIDX,BANKNIFTY,22-Apr-2021,30800,CE,594.95,823.5,352.3,690.05,690.05,320642,2506534.86,85200,82625,19-APR-2021,
OPTIDX,BANKNIFTY,22-Apr-2021,30900,CE,721.85,784.85,312.2,615.45,615.45,254103,1990263.41,56800,55475,19-APR-2021,
OPTIDX,BANKNIFTY,22-Apr-2021,31000,CE,457.45,634.4,276.2,554.8,554.8,971640,7622802.39,421775,389300,19-APR-2021,
OPTIDX,BANKNIFTY,22-Apr-2021,31100,CE,501.1,567.75,241.65,492.85,492.85,242448,1905628.84,72250,68450,19-APR-2021,
OPTIDX,BANKNIFTY,22-Apr-2021,31200,CE,448.55,506.45,211.8,444.4,444.4,324260,2554663.58,154650,149550,19-APR-2021,
OPTIDX,BANKNIFTY,22-Apr-2021,31300,CE,460,460,180.05,391.6,391.6,266055,2099548.65,126150,122100,19-APR-2021,
OPTIDX,BANKNIFTY,22-Apr-2021,31400,CE,150,388,150,336.45,336.45,223013,1763314.89,103850,99525,19-APR-2021,
OPTIDX,BANKNIFTY,22-Apr-2021,31500,CE,289.25,395.55,132.35,291.95,291.95,854527,6771898.54,533075,454750,19-APR-2021,
OPTIDX,BANKNIFTY,22-Apr-2021,31600,CE,300.25,300.3,112.25,249.35,249.35,170964,1357935.44,95025,84325,19-APR-2021,
OPTIDX,BANKNIFTY,22-Apr-2021,31700,CE,351,351,95.3,212.95,212.95,180620,1437981.21,129275,108825,19-APR-2021,
OPTIDX,BANKNIFTY,22-Apr-2021,31800,CE,224.15,224.15,81.3,178.6,178.6,211658,1689023.24,163950,92075,19-APR-2021,
OPTIDX,BANKNIFTY,22-Apr-2021,31900,CE,200.05,256.7,68.8,149.75,149.75,170889,1367189.74,121750,68000,19-APR-2021,
OPTIDX,BANKNIFTY,22-Apr-2021,32000,CE,205.1,205.1,58.2,124.9,124.9,730259,5857622.18,728125,236350,19-APR-2021,
OPTIDX,BANKNIFTY,22-Apr-2021,32100,CE,210,210,49.2,103.45,103.45,126741,1019464.4,153250,8350,19-APR-2021,
OPTIDX,BANKNIFTY,22-Apr-2021,32200,CE,166.05,166.05,42.5,85.95,85.95,162184,1308072.99,266925,43675,19-APR-2021,
OPTIDX,BANKNIFTY,22-Apr-2021,32300,CE,101.1,101.35,35.6,70.85,70.85,126916,1026494.1,166825,17125,19-APR-2021,
OPTIDX,BANKNIFTY,22-Apr-2021,32400,CE,82.15,99,11.15,58.45,58.45,103002,835426.13,147750,28325,19-APR-2021,
OPTIDX,BANKNIFTY,22-Apr-2021,32500,CE,128.05,128.05,24.3,47.9,47.9,472519,3843542.74,772500,202125,19-APR-2021,
OPTIDX,BANKNIFTY,22-Apr-2021,32600,CE,60.3,60.3,20.1,40,40,86139,702722.64,160725,55300,19-APR-2021,
OPTIDX,BANKNIFTY,22-Apr-2021,32700,CE,51.85,51.85,17.95,33.75,33.75,81528,667059.55,176400,72600,19-APR-2021,
OPTIDX,BANKNIFTY,22-Apr-2021,32800,CE,36.45,36.45,15.95,28.6,28.6,79187,649810.42,156075,24150,19-APR-2021,
OPTIDX,BANKNIFTY,22-Apr-2021,32900,CE,29,29.1,14.45,24.7,24.7,54512,448651.28,130550,45825,19-APR-2021,
OPTIDX,BANKNIFTY,22-Apr-2021,33000,CE,34.05,34.1,10.1,21.15,21.15,364405,3008074.65,833325,103875,19-APR-2021,
OPTIDX,BANKNIFTY,22-Apr-2021,33100,CE,27,27,11.35,18.65,18.65,46771,387231.51,88200,26250,19-APR-2021,
OPTIDX,BANKNIFTY,22-Apr-2021,33200,CE,27,27,11.85,15.95,15.95,58915,489224.71,131300,28475,19-APR-2021,
OPTIDX,BANKNIFTY,22-Apr-2021,33300,CE,33,40,11.35,13.85,13.85,65538,545865.42,101125,7775,19-APR-2021,
OPTIDX,BANKNIFTY,22-Apr-2021,33400,CE,15.5,26.9,9.8,12.15,12.15,35026,292581.98,75900,-40150,19-APR-2021,
OPTIDX,BANKNIFTY,22-Apr-2021,33500,CE,27.25,30,8.6,10.4,10.4,282795,2369297.41,623850,-38175,19-APR-2021,
OPTIDX,BANKNIFTY,22-Apr-2021,33600,CE,2.15,28.85,2.15,9.35,9.35,42865,360190.6,114650,9025,19-APR-2021,
OPTIDX,BANKNIFTY,22-Apr-2021,33700,CE,14.15,25.45,6,8.4,8.4,42842,361067.71,47975,-55700,19-APR-2021,
OPTIDX,BANKNIFTY,22-Apr-2021,33800,CE,10.3,23.8,6.3,7.6,7.6,38164,322585.55,54925,-65175,19-APR-2021,
OPTIDX,BANKNIFTY,22-Apr-2021,33900,CE,19.9,19.9,5.6,7,7,29016,245980.43,49300,-7725,19-APR-2021,
OPTIDX,BANKNIFTY,22-Apr-2021,34000,CE,16.05,19.05,5.25,6.05,6.05,232628,1977847.76,596675,-103475,19-APR-2021,
OPTIDX,BANKNIFTY,22-Apr-2021,34100,CE,12.2,12.2,5.05,5.65,5.65,18302,156061.92,45250,-38600,19-APR-2021,
OPTIDX,BANKNIFTY,22-Apr-2021,34200,CE,16.35,16.35,5,5.5,5.5,13652,116751.73,23550,-24500,19-APR-2021,
OPTIDX,BANKNIFTY,22-Apr-2021,34300,CE,8.55,11.45,4.45,5.05,5.05,14789,126843.75,32050,-12700,19-APR-2021,
OPTIDX,BANKNIFTY,22-Apr-2021,34400,CE,6.6,14.7,4.25,4.9,4.9,10187,87626.25,22550,-850,19-APR-2021,
OPTIDX,BANKNIFTY,22-Apr-2021,34500,CE,3.25,9.8,3.25,4.65,4.65,134622,1161344.46,356525,-28125,19-APR-2021,
OPTIDX,BANKNIFTY,22-Apr-2021,34600,CE,14.7,14.7,3.85,4.3,4.3,4906,42444.93,13525,-21525,19-APR-2021,
OPTIDX,BANKNIFTY,22-Apr-2021,34700,CE,10,10,3.65,4.05,4.05,4535,39348.24,24450,-14850,19-APR-2021,
OPTIDX,BANKNIFTY,22-Apr-2021,34800,CE,8.2,9,3.25,3.7,3.7,6379,55506.3,101175,-18700,19-APR-2021,
OPTIDX,BANKNIFTY,22-Apr-2021,34900,CE,11.6,11.6,3.45,3.95,3.95,3380,29495.53,11125,-10650,19-APR-2021,
OPTIDX,BANKNIFTY,22-Apr-2021,35000,CE,8.1,13.3,3.5,4,4,130924,1145769.36,388175,-35550,19-APR-2021,
OPTIDX,BANKNIFTY,22-Apr-2021,35100,CE,7.6,8.85,3.2,3.85,3.85,2661,23353.92,16325,-7275,19-APR-2021,
OPTIDX,BANKNIFTY,22-Apr-2021,35200,CE,6.4,13.3,3.15,3.95,3.95,1988,17497.06,13525,-9725,19-APR-2021,
OPTIDX,BANKNIFTY,22-Apr-2021,35300,CE,6.55,13.2,3.2,3.8,3.8,697,6151.9,4625,-625,19-APR-2021,
OPTIDX,BANKNIFTY,22-Apr-2021,35400,CE,3.1,6.7,3,3.75,3.75,321,2841.22,1875,-325,19-APR-2021,
OPTIDX,BANKNIFTY,22-Apr-2021,35500,CE,4.7,6.6,2.85,3.5,3.5,44043,390934.76,112050,-102275,19-APR-2021,
OPTIDX,BANKNIFTY,22-Apr-2021,35600,CE,4.55,6.05,2.7,3.45,3.45,270,2403.3,2000,1000,19-APR-2021,
OPTIDX,BANKNIFTY,22-Apr-2021,35700,CE,6.55,6.55,3.2,3.7,3.7,228,2035.15,1200,625,19-APR-2021,
OPTIDX,BANKNIFTY,22-Apr-2021,35800,CE,4.6,6.15,2.7,3.4,3.4,200,1790.22,2125,575,19-APR-2021,
OPTIDX,BANKNIFTY,22-Apr-2021,35900,CE,4.05,6.85,2.15,2.7,2.7,177,1588.73,1225,1025,19-APR-2021,
OPTIDX,BANKNIFTY,22-Apr-2021,36000,CE,4.25,6.15,2.45,2.9,2.9,37722,339536.53,195000,-19950,19-APR-2021,
OPTIDX,BANKNIFTY,22-Apr-2021,36100,CE,3.65,8.5,2.1,2.85,2.85,297,2680.72,3000,1825,19-APR-2021,
OPTIDX,BANKNIFTY,22-Apr-2021,36200,CE,0,0,0,2789.4,0.05,0,0,0,0,19-APR-2021,
OPTIDX,BANKNIFTY,22-Apr-2021,36300,CE,0,0,0,2739.3,0.05,0,0,0,0,19-APR-2021,
OPTIDX,BANKNIFTY,22-Apr-2021,36400,CE,0,0,0,2689.95,0,0,0,0,0,19-APR-2021,
OPTIDX,BANKNIFTY,22-Apr-2021,36500,CE,7.25,7.25,2,2.45,2.45,9693,88457.68,30350,-37025,19-APR-2021,
OPTIDX,BANKNIFTY,22-Apr-2021,36600,CE,0,0,0,2593.25,0,0,0,0,0,19-APR-2021,
OPTIDX,BANKNIFTY,22-Apr-2021,36700,CE,0,0,0,2545.85,0,0,0,0,0,19-APR-2021,
OPTIDX,BANKNIFTY,22-Apr-2021,36800,CE,0,0,0,2499.1,0,0,0,0,0,19-APR-2021,
OPTIDX,BANKNIFTY,22-Apr-2021,36900,CE,5.7,5.7,3,3,3,124,1144.02,100,50,19-APR-2021,
OPTIDX,BANKNIFTY,22-Apr-2021,37000,CE,5.6,5.6,1.9,2.3,2.3,11190,103516.53,62350,-39250,19-APR-2021,
OPTIDX,BANKNIFTY,22-Apr-2021,37100,CE,0,0,0,3.6,0,0,0,25,0,19-APR-2021,
OPTIDX,BANKNIFTY,22-Apr-2021,37200,CE,3.8,5.2,2.7,2.95,2.95,29,269.72,300,225,19-APR-2021,
OPTIDX,BANKNIFTY,22-Apr-2021,37300,CE,0,0,0,2274.6,0,0,0,0,0,19-APR-2021,
OPTIDX,BANKNIFTY,22-Apr-2021,37400,CE,0,0,0,2231.55,0,0,0,0,0,19-APR-2021,
OPTIDX,BANKNIFTY,22-Apr-2021,37500,CE,2.75,4,1.6,1.95,1.95,3021,28323.84,28500,-5125,19-APR-2021,
OPTIDX,BANKNIFTY,22-Apr-2021,37600,CE,0,0,0,2147.3,0,0,0,0,0,19-APR-2021,
OPTIDX,BANKNIFTY,22-Apr-2021,37700,CE,0,0,0,2106.1,0,0,0,0,0,19-APR-2021,
OPTIDX,BANKNIFTY,22-Apr-2021,37800,CE,0,0,0,2065.5,0,0,0,0,0,19-APR-2021,
OPTIDX,BANKNIFTY,22-Apr-2021,37900,CE,0,0,0,2025.45,0,0,0,0,0,19-APR-2021,
OPTIDX,BANKNIFTY,22-Apr-2021,38000,CE,3.35,4,1.75,2.1,2.1,2475,23514.07,12700,-3350,19-APR-2021,
OPTIDX,BANKNIFTY,22-Apr-2021,38100,CE,0,0,0,1947.2,0,0,0,0,0,19-APR-2021,
OPTIDX,BANKNIFTY,22-Apr-2021,38200,CE,0,0,0,1908.95,0,0,0,0,0,19-APR-2021,
OPTIDX,BANKNIFTY,22-Apr-2021,38300,CE,0,0,0,1871.3,0,0,0,0,0,19-APR-2021,
OPTIDX,BANKNIFTY,22-Apr-2021,38400,CE,0,0,0,1834.2,0,0,0,0,0,19-APR-2021,
OPTIDX,BANKNIFTY,22-Apr-2021,38500,CE,2.8,2.9,1.6,1.85,1.85,1150,11069.39,2575,775,19-APR-2021,
OPTIDX,BANKNIFTY,22-Apr-2021,38600,CE,0,0,0,1761.75,0,0,0,0,0,19-APR-2021,
OPTIDX,BANKNIFTY,22-Apr-2021,38700,CE,0,0,0,1726.35,0,0,0,0,0,19-APR-2021,
OPTIDX,BANKNIFTY,22-Apr-2021,38800,CE,0,0,0,1691.55,0,0,0,0,0,19-APR-2021,
OPTIDX,BANKNIFTY,22-Apr-2021,38900,CE,0,0,0,1657.25,0,0,0,0,0,19-APR-2021,
OPTIDX,BANKNIFTY,22-Apr-2021,39000,CE,2.8,3,1.55,1.8,1.8,6207,60521.41,53275,5500,19-APR-2021,
OPTIDX,BANKNIFTY,22-Apr-2021,39100,CE,0,0,0,1590.35,0,0,0,0,0,19-APR-2021,
OPTIDX,BANKNIFTY,22-Apr-2021,39200,CE,0,0,0,1557.75,0,0,0,0,0,19-APR-2021,
OPTIDX,BANKNIFTY,22-Apr-2021,39300,CE,0,0,0,1525.65,0,0,0,0,0,19-APR-2021,
OPTIDX,BANKNIFTY,22-Apr-2021,39400,CE,0,0,0,1494.05,0,0,0,0,0,19-APR-2021,
OPTIDX,BANKNIFTY,22-Apr-2021,39500,CE,2.95,3,1.4,1.65,1.65,13458,132903.76,106525,87275,19-APR-2021,
OPTIDX,BANKNIFTY,22-Apr-2021,39600,CE,2.95,2.95,1.35,1.6,1.6,7352,72787.97,63350,46900,19-APR-2021,
OPTIDX,BANKNIFTY,22-Apr-2021,27800,PE,35,76,21.15,24.05,24.05,106934,744057.66,372800,192000,19-APR-2021,
OPTIDX,BANKNIFTY,22-Apr-2021,27900,PE,40,74.55,23.15,25.7,25.7,20647,144197.89,25125,16500,19-APR-2021,
OPTIDX,BANKNIFTY,22-Apr-2021,28000,PE,40,75,25,28.05,28.05,221109,1549946.15,754575,477250,19-APR-2021,
OPTIDX,BANKNIFTY,22-Apr-2021,28100,PE,39.95,98.9,26.9,29.8,29.8,21313,149949.12,30100,16500,19-APR-2021,
OPTIDX,BANKNIFTY,22-Apr-2021,28200,PE,40,98.1,28.3,32.3,32.3,40483,285869.79,91425,81100,19-APR-2021,
OPTIDX,BANKNIFTY,22-Apr-2021,28300,PE,55.15,117.5,31.1,34.75,34.75,31906,226130.07,46200,42675,19-APR-2021,
OPTIDX,BANKNIFTY,22-Apr-2021,28400,PE,82.05,123.55,31.05,37.05,37.05,33176,235997.33,38700,32675,19-APR-2021,
OPTIDX,BANKNIFTY,22-Apr-2021,28500,PE,66,140,36.45,40.6,40.6,218045,1556918.27,754925,474400,19-APR-2021,
OPTIDX,BANKNIFTY,22-Apr-2021,28600,PE,99.05,151.4,38.6,43.5,43.5,38687,277246.05,44225,36325,19-APR-2021,
OPTIDX,BANKNIFTY,22-Apr-2021,28700,PE,105.5,143.25,40.25,46.45,46.45,46443,334051.12,72750,62950,19-APR-2021,
OPTIDX,BANKNIFTY,22-Apr-2021,28800,PE,113.2,133.35,45.75,50.75,50.75,55195,398456.32,101625,59275,19-APR-2021,
OPTIDX,BANKNIFTY,22-Apr-2021,28900,PE,106.25,146.35,49.65,54.7,54.7,39850,288759.81,56775,50700,19-APR-2021,
OPTIDX,BANKNIFTY,22-Apr-2021,29000,PE,106.95,271.95,55.2,60.2,60.2,402013,2924609.85,786550,348300,19-APR-2021,
OPTIDX,BANKNIFTY,22-Apr-2021,29100,PE,149.95,178.45,60,65.9,65.9,54143,395366.61,59725,39425,19-APR-2021,
OPTIDX,BANKNIFTY,22-Apr-2021,29200,PE,93.25,311.2,65.6,72.4,72.4,68463,501764.19,76575,49925,19-APR-2021,
OPTIDX,BANKNIFTY,22-Apr-2021,29300,PE,145.05,320.8,68.45,77.95,77.95,73697,542191.09,108575,91300,19-APR-2021,
OPTIDX,BANKNIFTY,22-Apr-2021,29400,PE,100,375.05,70.05,86.5,86.5,70783,522854.98,79475,46525,19-APR-2021,
OPTIDX,BANKNIFTY,22-Apr-2021,29500,PE,128.5,390.3,86.05,94.95,94.95,498771,3698679.63,738525,313100,19-APR-2021,
OPTIDX,BANKNIFTY,22-Apr-2021,29600,PE,139.45,479.5,95,103.55,103.55,98949,736539.24,105600,51900,19-APR-2021,
OPTIDX,BANKNIFTY,22-Apr-2021,29700,PE,239.1,480.75,105.55,114.85,114.85,130260,973463.98,145550,114425,19-APR-2021,
OPTIDX,BANKNIFTY,22-Apr-2021,29800,PE,131.25,498,115.75,126.2,126.2,157206,1179775.09,172450,116250,19-APR-2021,
OPTIDX,BANKNIFTY,22-Apr-2021,29900,PE,150,523.65,126.7,138.75,138.75,133193,1003592.34,107150,25275,19-APR-2021,
OPTIDX,BANKNIFTY,22-Apr-2021,30000,PE,201,580,138.65,152.5,152.5,1113384,8424508.86,1259950,706825,19-APR-2021,
OPTIDX,BANKNIFTY,22-Apr-2021,30100,PE,200,600.1,139.95,168.65,168.65,193845,1472994.75,164250,120950,19-APR-2021,
OPTIDX,BANKNIFTY,22-Apr-2021,30200,PE,312.05,709.6,168.3,185,185,258547,1972767.45,190925,156400,19-APR-2021,
OPTIDX,BANKNIFTY,22-Apr-2021,30300,PE,300,753.2,183.8,203.95,203.95,225642,1728784.45,199525,131475,19-APR-2021,
OPTIDX,BANKNIFTY,22-Apr-2021,30400,PE,249.95,846.7,202.1,224.25,224.25,238899,1838522.56,154125,97425,19-APR-2021,
OPTIDX,BANKNIFTY,22-Apr-2021,30500,PE,301.1,850.2,221.2,243.55,243.55,882563,6820812.03,808725,259550,19-APR-2021,
OPTIDX,BANKNIFTY,22-Apr-2021,30600,PE,235.6,968.65,235.6,269.55,269.55,333347,2588131.38,208925,162350,19-APR-2021,
OPTIDX,BANKNIFTY,22-Apr-2021,30700,PE,274.05,942.25,266.45,295.2,295.2,344396,2684668.57,191325,137825,19-APR-2021,
OPTIDX,BANKNIFTY,22-Apr-2021,30800,PE,396,1039.9,291.3,323.75,323.75,275601,2157357.34,175875,84325,19-APR-2021,
OPTIDX,BANKNIFTY,22-Apr-2021,30900,PE,400,898.95,320,355.35,355.35,142062,1115625.04,89275,57100,19-APR-2021,
OPTIDX,BANKNIFTY,22-Apr-2021,31000,PE,450,923.35,351.05,386.3,386.3,460259,3636594.3,623700,-27150,19-APR-2021,
OPTIDX,BANKNIFTY,22-Apr-2021,31100,PE,501,999.5,385.2,422.65,422.65,51246,405894.8,81075,30625,19-APR-2021,
OPTIDX,BANKNIFTY,22-Apr-2021,31200,PE,500,1079.55,422,455.65,455.65,67742,538867.66,164175,28975,19-APR-2021,
OPTIDX,BANKNIFTY,22-Apr-2021,31300,PE,700,1087.15,460.95,495.35,495.35,29926,239491.38,63800,-20900,19-APR-2021,
OPTIDX,BANKNIFTY,22-Apr-2021,31400,PE,750,1158.8,507.35,550.9,550.9,16733,134802.87,51925,-26925,19-APR-2021,
OPTIDX,BANKNIFTY,22-Apr-2021,31500,PE,700,1242.15,556.45,603.8,603.8,89063,721789.64,227475,-233325,19-APR-2021,
OPTIDX,BANKNIFTY,22-Apr-2021,31600,PE,772.65,1311.25,581.6,653.35,653.35,9948,81058.73,24275,-42150,19-APR-2021,
OPTIDX,BANKNIFTY,22-Apr-2021,31700,PE,882.65,1405.6,671,719.45,719.45,11366,93118.53,47300,-57825,19-APR-2021,
OPTIDX,BANKNIFTY,22-Apr-2021,31800,PE,799.95,1489.9,737.1,810.7,810.7,11525,94922.06,40325,-64175,19-APR-2021,
OPTIDX,BANKNIFTY,22-Apr-2021,31900,PE,701,1573.4,701,869.55,869.55,11107,92058.85,42075,-34275,19-APR-2021,
OPTIDX,BANKNIFTY,22-Apr-2021,32000,PE,1000.8,1665.1,866.7,938.95,938.95,49977,416433.28,168125,-322700,19-APR-2021,
OPTIDX,BANKNIFTY,22-Apr-2021,32100,PE,1198,1751.45,946.15,1011.7,1011.7,6897,57765.68,40875,-51150,19-APR-2021,
OPTIDX,BANKNIFTY,22-Apr-2021,32200,PE,1246.35,1850,1025.6,1101.9,1101.9,7780,65617.86,45625,-61425,19-APR-2021,
OPTIDX,BANKNIFTY,22-Apr-2021,32300,PE,1366.35,1938.3,1096.2,1175.6,1175.6,4039,34212.18,28400,-21700,19-APR-2021,
OPTIDX,BANKNIFTY,22-Apr-2021,32400,PE,1468,2037.75,1199.2,1268.35,1268.35,2250,19167.07,10725,-2900,19-APR-2021,
OPTIDX,BANKNIFTY,22-Apr-2021,32500,PE,1567.75,2122.6,1274.65,1364.9,1364.9,4749,40702.76,67375,-18975,19-APR-2021,
OPTIDX,BANKNIFTY,22-Apr-2021,32600,PE,1711.7,2200.1,1402.65,1477.15,1477.15,503,4337.41,7400,-1950,19-APR-2021,
OPTIDX,BANKNIFTY,22-Apr-2021,32700,PE,1814.85,2281.75,1491.85,1644.1,1644.1,530,4588.69,5950,1200,19-APR-2021,
OPTIDX,BANKNIFTY,22-Apr-2021,32800,PE,2372.7,2372.75,1580,1631.6,1631.6,260,2261.94,7925,150,19-APR-2021,
OPTIDX,BANKNIFTY,22-Apr-2021,32900,PE,2040,2500,1723.4,1723.4,1723.4,41,360.06,1800,-75,19-APR-2021,
OPTIDX,BANKNIFTY,22-Apr-2021,33000,PE,1800,2611.4,1760,1842.15,1842.15,1920,16936.67,78350,-5750,19-APR-2021,
OPTIDX,BANKNIFTY,22-Apr-2021,33100,PE,2624.1,2624.1,2064.25,2064.25,1909.85,9,80,725,-25,19-APR-2021,
OPTIDX,BANKNIFTY,22-Apr-2021,33200,PE,1989.95,2724.3,1939.8,1971.35,1971.35,94,838.02,1125,-425,19-APR-2021,
OPTIDX,BANKNIFTY,22-Apr-2021,33300,PE,2117.35,2840.9,2083.35,2095.5,2095.5,192,1727.45,4000,2625,19-APR-2021,
OPTIDX,BANKNIFTY,22-Apr-2021,33400,PE,2959.35,2959.35,2340.9,2340.9,2197.15,25,226.36,1000,450,19-APR-2021,
OPTIDX,BANKNIFTY,22-Apr-2021,33500,PE,2616.35,3088,2257.7,2284.55,2284.55,576,5238.94,8300,675,19-APR-2021,
OPTIDX,BANKNIFTY,22-Apr-2021,33600,PE,2845.5,3000,2539.15,2539.15,2391.75,5,45.55,175,-25,19-APR-2021,
OPTIDX,BANKNIFTY,22-Apr-2021,33700,PE,2912.6,3268.5,2912.6,3268.5,2489.75,4,36.84,150,0,19-APR-2021,
OPTIDX,BANKNIFTY,22-Apr-2021,33800,PE,3048.7,3319.7,2737.5,2737.5,2588.1,5,46.11,100,75,19-APR-2021,
OPTIDX,BANKNIFTY,22-Apr-2021,33900,PE,3018.95,3380.95,3018.95,3380.95,2686.75,6,55.49,175,100,19-APR-2021,
OPTIDX,BANKNIFTY,22-Apr-2021,34000,PE,3154.95,3599.8,2757.3,2790.4,2790.4,214,1988.24,9975,1125,19-APR-2021,
OPTIDX,BANKNIFTY,22-Apr-2021,34100,PE,0,0,0,2088.2,2884.7,0,0,25,0,19-APR-2021,
OPTIDX,BANKNIFTY,22-Apr-2021,34200,PE,3666.55,3666.6,3443.25,3443.25,2984,8,75.5,25,0,19-APR-2021,
OPTIDX,BANKNIFTY,22-Apr-2021,34300,PE,0,0,0,2193.55,3083.4,0,0,50,0,19-APR-2021,
OPTIDX,BANKNIFTY,22-Apr-2021,34400,PE,0,0,0,1389.55,3182.9,0,0,0,0,19-APR-2021,
OPTIDX,BANKNIFTY,22-Apr-2021,34500,PE,3756.8,3865,3278.95,3314.5,3314.5,42,401.07,3725,600,19-APR-2021,
OPTIDX,BANKNIFTY,22-Apr-2021,34600,PE,0,0,0,3374.9,3382.25,0,0,25,0,19-APR-2021,
OPTIDX,BANKNIFTY,22-Apr-2021,34700,PE,0,0,0,1504.75,3482,0,0,0,0,19-APR-2021,
OPTIDX,BANKNIFTY,22-Apr-2021,34800,PE,0,0,0,1544.45,3581.8,0,0,0,0,19-APR-2021,
OPTIDX,BANKNIFTY,22-Apr-2021,34900,PE,0,0,0,2796.3,3681.6,0,0,25,0,19-APR-2021,
OPTIDX,BANKNIFTY,22-Apr-2021,35000,PE,4244.15,4474.3,3735.25,3735.25,3735.25,149,1464.63,14725,-100,19-APR-2021,
OPTIDX,BANKNIFTY,22-Apr-2021,35100,PE,0,0,0,3020,3881.4,0,0,25,0,19-APR-2021,
OPTIDX,BANKNIFTY,22-Apr-2021,35200,PE,0,0,0,1709.7,3981.3,0,0,0,0,19-APR-2021,
OPTIDX,BANKNIFTY,22-Apr-2021,35300,PE,0,0,0,1752.6,4081.2,0,0,0,0,19-APR-2021,
OPTIDX,BANKNIFTY,22-Apr-2021,35400,PE,0,0,0,1796.2,4181.15,0,0,0,0,19-APR-2021,
OPTIDX,BANKNIFTY,22-Apr-2021,35500,PE,5042.25,5042.25,5042.25,5042.25,4281.1,1,10.13,75,0,19-APR-2021,
OPTIDX,BANKNIFTY,22-Apr-2021,35600,PE,0,0,0,1885.35,4381.05,0,0,0,0,19-APR-2021,
OPTIDX,BANKNIFTY,22-Apr-2021,35700,PE,0,0,0,1930.85,4481,0,0,0,0,19-APR-2021,
OPTIDX,BANKNIFTY,22-Apr-2021,35800,PE,0,0,0,1977.05,4580.95,0,0,0,0,19-APR-2021,
OPTIDX,BANKNIFTY,22-Apr-2021,35900,PE,0,0,0,2023.85,4680.95,0,0,0,0,19-APR-2021,
OPTIDX,BANKNIFTY,22-Apr-2021,36000,PE,5352.4,5352.4,5352.4,5352.4,4780.9,2,20.67,100,50,19-APR-2021,
OPTIDX,BANKNIFTY,22-Apr-2021,36100,PE,0,0,0,2119.45,4880.85,0,0,0,0,19-APR-2021,
OPTIDX,BANKNIFTY,22-Apr-2021,36200,PE,0,0,0,2168.2,4980.85,0,0,0,0,19-APR-2021,
OPTIDX,BANKNIFTY,22-Apr-2021,36300,PE,0,0,0,2217.45,5080.8,0,0,0,0,19-APR-2021,
OPTIDX,BANKNIFTY,22-Apr-2021,36400,PE,0,0,0,2267.5,5180.75,0,0,0,0,19-APR-2021,
OPTIDX,BANKNIFTY,22-Apr-2021,36500,PE,5623.85,5892.35,5623.85,5892.35,5280.75,2,21.12,50,25,19-APR-2021,
OPTIDX,BANKNIFTY,22-Apr-2021,36600,PE,0,0,0,2369.5,5380.7,0,0,0,0,19-APR-2021,
OPTIDX,BANKNIFTY,22-Apr-2021,36700,PE,0,0,0,2421.45,5480.65,0,0,0,0,19-APR-2021,
OPTIDX,BANKNIFTY,22-Apr-2021,36800,PE,0,0,0,2474.05,5580.65,0,0,0,0,19-APR-2021,
OPTIDX,BANKNIFTY,22-Apr-2021,36900,PE,0,0,0,2527.25,5680.6,0,0,0,0,19-APR-2021,
OPTIDX,BANKNIFTY,22-Apr-2021,37000,PE,0,0,0,4795.65,5780.6,0,0,50,0,19-APR-2021,
OPTIDX,BANKNIFTY,22-Apr-2021,37100,PE,0,0,0,2635.55,5880.55,0,0,0,0,19-APR-2021,
OPTIDX,BANKNIFTY,22-Apr-2021,37200,PE,0,0,0,2690.6,5980.5,0,0,0,0,19-APR-2021,
OPTIDX,BANKNIFTY,22-Apr-2021,37300,PE,0,0,0,2746.3,6080.5,0,0,0,0,19-APR-2021,
OPTIDX,BANKNIFTY,22-Apr-2021,37400,PE,0,0,0,2802.65,6180.45,0,0,0,0,19-APR-2021,
OPTIDX,BANKNIFTY,22-Apr-2021,37500,PE,0,0,0,5096.95,6280.45,0,0,0,0,19-APR-2021,
OPTIDX,BANKNIFTY,22-Apr-2021,37600,PE,0,0,0,2917.1,6380.4,0,0,0,0,19-APR-2021,
OPTIDX,BANKNIFTY,22-Apr-2021,37700,PE,0,0,0,2975.25,6480.35,0,0,0,0,19-APR-2021,
OPTIDX,BANKNIFTY,22-Apr-2021,37800,PE,0,0,0,3033.95,6580.35,0,0,0,0,19-APR-2021,
OPTIDX,BANKNIFTY,22-Apr-2021,37900,PE,0,0,0,3093.3,6680.3,0,0,0,0,19-APR-2021,
OPTIDX,BANKNIFTY,22-Apr-2021,38000,PE,0,0,0,3153.25,6780.3,0,0,0,0,19-APR-2021,
OPTIDX,BANKNIFTY,22-Apr-2021,38100,PE,0,0,0,3213.75,6880.25,0,0,0,0,19-APR-2021,
OPTIDX,BANKNIFTY,22-Apr-2021,38200,PE,0,0,0,3274.85,6980.2,0,0,0,0,19-APR-2021,
OPTIDX,BANKNIFTY,22-Apr-2021,38300,PE,0,0,0,3336.55,7080.2,0,0,0,0,19-APR-2021,
OPTIDX,BANKNIFTY,22-Apr-2021,38400,PE,0,0,0,3398.8,7180.15,0,0,0,0,19-APR-2021,
OPTIDX,BANKNIFTY,22-Apr-2021,38500,PE,0,0,0,3461.65,7280.15,0,0,0,0,19-APR-2021,
OPTIDX,BANKNIFTY,22-Apr-2021,38600,PE,0,0,0,3525.05,7380.1,0,0,0,0,19-APR-2021,
OPTIDX,BANKNIFTY,22-Apr-2021,38700,PE,0,0,0,3589,7480.1,0,0,0,0,19-APR-2021,
OPTIDX,BANKNIFTY,22-Apr-2021,38800,PE,0,0,0,3653.55,7580.05,0,0,0,0,19-APR-2021,
OPTIDX,BANKNIFTY,22-Apr-2021,38900,PE,0,0,0,3718.6,7680,0,0,0,0,19-APR-2021,
OPTIDX,BANKNIFTY,22-Apr-2021,39000,PE,0,0,0,3784.25,7780,0,0,0,0,19-APR-2021,
OPTIDX,BANKNIFTY,22-Apr-2021,39100,PE,0,0,0,3850.45,7879.95,0,0,0,0,19-APR-2021,
OPTIDX,BANKNIFTY,22-Apr-2021,39200,PE,0,0,0,3917.15,7979.95,0,0,0,0,19-APR-2021,
OPTIDX,BANKNIFTY,22-Apr-2021,39300,PE,0,0,0,3984.4,8079.9,0,0,0,0,19-APR-2021,
OPTIDX,BANKNIFTY,22-Apr-2021,39400,PE,0,0,0,4052.2,8179.85,0,0,0,0,19-APR-2021,
OPTIDX,BANKNIFTY,22-Apr-2021,39500,PE,0,0,0,4120.5,8279.85,0,0,0,0,19-APR-2021,
OPTIDX,BANKNIFTY,22-Apr-2021,39600,PE,0,0,0,4189.3,8379.8,0,0,0,0,19-APR-2021,
OPTIDX,BANKNIFTY,29-Apr-2021,27400,CE,3518.05,3756.55,3295,3756.55,3854.65,29,224.17,1975,-100,19-APR-2021,
OPTIDX,BANKNIFTY,29-Apr-2021,27500,CE,3305,3825.75,3100,3724.95,3724.95,88,681.35,38175,675,19-APR-2021,
OPTIDX,BANKNIFTY,29-Apr-2021,27600,CE,0,0,0,4133.55,3661.1,0,0,0,0,19-APR-2021,
OPTIDX,BANKNIFTY,29-Apr-2021,27700,CE,3514.3,3514.3,2900.85,2900.85,3564.95,2,15.45,25,0,19-APR-2021,
OPTIDX,BANKNIFTY,29-Apr-2021,27800,CE,0,0,0,4588.4,3469.25,0,0,25,0,19-APR-2021,
OPTIDX,BANKNIFTY,29-Apr-2021,27900,CE,2872.15,2872.15,2872.15,2872.15,3374.05,1,7.69,25,0,19-APR-2021,
OPTIDX,BANKNIFTY,29-Apr-2021,28000,CE,3020.45,3351.95,2650,3275.2,3275.2,329,2540.35,15125,4500,19-APR-2021,
OPTIDX,BANKNIFTY,29-Apr-2021,28100,CE,0,0,0,3814.2,3185.3,0,0,0,0,19-APR-2021,
OPTIDX,BANKNIFTY,29-Apr-2021,28200,CE,0,0,0,3752.3,3091.9,0,0,0,0,19-APR-2021,
OPTIDX,BANKNIFTY,29-Apr-2021,28300,CE,0,0,0,3691.05,2999.15,0,0,0,0,19-APR-2021,
OPTIDX,BANKNIFTY,29-Apr-2021,28400,CE,2448.45,2448.45,2448.45,2448.45,2907.2,1,7.71,50,25,19-APR-2021,
OPTIDX,BANKNIFTY,29-Apr-2021,28500,CE,2467,2877.95,2218.4,2794.45,2794.45,390,3016.07,3500,400,19-APR-2021,
OPTIDX,BANKNIFTY,29-Apr-2021,28600,CE,0,0,0,2871.85,2725.7,0,0,25,0,19-APR-2021,
OPTIDX,BANKNIFTY,29-Apr-2021,28700,CE,2148.9,2148.9,2148.9,2148.9,2636.3,1,7.71,50,25,19-APR-2021,
OPTIDX,BANKNIFTY,29-Apr-2021,28800,CE,2099.1,2099.1,2099.1,2099.1,2547.85,1,7.72,50,25,19-APR-2021,
OPTIDX,BANKNIFTY,29-Apr-2021,28900,CE,0,0,0,2605.4,2460.45,0,0,25,0,19-APR-2021,
OPTIDX,BANKNIFTY,29-Apr-2021,29000,CE,2031.75,2467.1,1786,2388.8,2388.8,722,5598.28,12100,1625,19-APR-2021,
OPTIDX,BANKNIFTY,29-Apr-2021,29100,CE,1796.4,1796.4,1796.4,1796.4,2288.95,1,7.72,50,25,19-APR-2021,
OPTIDX,BANKNIFTY,29-Apr-2021,29200,CE,1770.05,1770.05,1770.05,1770.05,2204.95,1,7.74,50,25,19-APR-2021,
OPTIDX,BANKNIFTY,29-Apr-2021,29300,CE,1674.05,1674.05,1674.05,1674.05,2122.25,1,7.74,50,25,19-APR-2021,
OPTIDX,BANKNIFTY,29-Apr-2021,29400,CE,1600,1600,1600,1600,2040.85,1,7.75,1250,-25,19-APR-2021,
OPTIDX,BANKNIFTY,29-Apr-2021,29500,CE,1662.3,2028.05,1426.9,1943.95,1943.95,172,1339.54,2750,900,19-APR-2021,
OPTIDX,BANKNIFTY,29-Apr-2021,29600,CE,0,0,0,2772.7,1882.3,0,0,25,0,19-APR-2021,
OPTIDX,BANKNIFTY,29-Apr-2021,29700,CE,1491.3,1704.9,1329.95,1704.9,1805.2,6,46.84,75,0,19-APR-2021,
OPTIDX,BANKNIFTY,29-Apr-2021,29800,CE,1348,1607.45,1347.95,1578.75,1578.75,33,257.81,100,25,19-APR-2021,
OPTIDX,BANKNIFTY,29-Apr-2021,29900,CE,1241.35,1668.75,1140.75,1668.75,1668.75,7,54.68,125,100,19-APR-2021,
OPTIDX,BANKNIFTY,29-Apr-2021,30000,CE,1434.35,1900,1075.05,1548.3,1548.3,4348,33965.31,57625,15100,19-APR-2021,
OPTIDX,BANKNIFTY,29-Apr-2021,30100,CE,1207.75,1548.15,1069.5,1527.45,1527.45,35,274.39,425,275,19-APR-2021,
OPTIDX,BANKNIFTY,29-Apr-2021,30200,CE,1166.25,1491.9,999.3,1410.85,1410.85,50,391.71,500,250,19-APR-2021,
OPTIDX,BANKNIFTY,29-Apr-2021,30300,CE,1250.05,1401,922.3,1341.55,1341.55,69,541.07,375,200,19-APR-2021,
OPTIDX,BANKNIFTY,29-Apr-2021,30400,CE,1076.5,1324,840.05,1263.05,1263.05,473,3714.57,3250,2900,19-APR-2021,
OPTIDX,BANKNIFTY,29-Apr-2021,30500,CE,1016.6,1285.2,791.75,1192,1192,18375,144371.61,102125,79550,19-APR-2021,
OPTIDX,BANKNIFTY,29-Apr-2021,30600,CE,956.55,1200,738,1124.95,1124.95,4042,31798.15,7650,6350,19-APR-2021,
OPTIDX,BANKNIFTY,29-Apr-2021,30700,CE,883.7,1125.3,689.75,1052.2,1052.2,5800,45698.47,28100,24100,19-APR-2021,
OPTIDX,BANKNIFTY,29-Apr-2021,30800,CE,792.85,1068.25,640.75,1007.85,1007.85,6232,49249.02,10075,6675,19-APR-2021,
OPTIDX,BANKNIFTY,29-Apr-2021,30900,CE,568.6,998.85,568.6,927.1,927.1,2197,17389.84,8625,5950,19-APR-2021,
OPTIDX,BANKNIFTY,29-Apr-2021,31000,CE,801,930,551.3,870.35,870.35,49606,392824.29,164025,41725,19-APR-2021,
OPTIDX,BANKNIFTY,29-Apr-2021,31100,CE,621.9,867,514.8,815.05,815.05,2219,17614.64,6850,3450,19-APR-2021,
OPTIDX,BANKNIFTY,29-Apr-2021,31200,CE,736.65,820.5,472.4,763,763,4039,32166.48,27275,21350,19-APR-2021,
OPTIDX,BANKNIFTY,29-Apr-2021,31300,CE,612.9,758.75,432.75,720.05,720.05,2407,19185.75,11000,5175,19-APR-2021,
OPTIDX,BANKNIFTY,29-Apr-2021,31400,CE,403.35,699.9,400,660.45,660.45,2646,21106.7,6650,3675,19-APR-2021,
OPTIDX,BANKNIFTY,29-Apr-2021,31500,CE,552.5,647.1,362.15,604.35,604.35,43695,349136.43,128925,39900,19-APR-2021,
OPTIDX,BANKNIFTY,29-Apr-2021,31600,CE,641.4,641.4,336.5,547.25,547.25,3479,27854,8850,4375,19-APR-2021,
OPTIDX,BANKNIFTY,29-Apr-2021,31700,CE,397.35,550,304.15,517.25,517.25,4027,32302.23,18075,7800,19-APR-2021,
OPTIDX,BANKNIFTY,29-Apr-2021,31800,CE,319.65,505.05,280.4,471.05,471.05,3078,24739.33,8625,2925,19-APR-2021,
OPTIDX,BANKNIFTY,29-Apr-2021,31900,CE,390.9,462.5,253.8,427,427,2031,16364.91,10150,2700,19-APR-2021,
OPTIDX,BANKNIFTY,29-Apr-2021,32000,CE,509.85,509.9,227.5,388.7,388.7,71740,579098.15,322300,57475,19-APR-2021,
OPTIDX,BANKNIFTY,29-Apr-2021,32100,CE,233.85,401.15,206.65,358.3,358.3,2991,24206.27,16375,250,19-APR-2021,
OPTIDX,BANKNIFTY,29-Apr-2021,32200,CE,207.15,387.45,188.65,330.65,330.65,3600,29199.69,21050,3150,19-APR-2021,
OPTIDX,BANKNIFTY,29-Apr-2021,32300,CE,147.95,322.4,147.95,296.75,296.75,3249,26413.44,14125,-1900,19-APR-2021,
OPTIDX,BANKNIFTY,29-Apr-2021,32400,CE,168.05,285.8,155.9,263.85,263.85,1802,14684.72,11400,2650,19-APR-2021,
OPTIDX,BANKNIFTY,29-Apr-2021,32500,CE,281.8,282.8,137.3,238.05,238.05,41491,338949.86,214900,26775,19-APR-2021,
OPTIDX,BANKNIFTY,29-Apr-2021,32600,CE,202.8,233,124.8,214.1,214.1,2205,18059.19,13375,-2000,19-APR-2021,
OPTIDX,BANKNIFTY,29-Apr-2021,32700,CE,116.7,210,110.95,190.75,190.75,4380,35956.11,36325,2050,19-APR-2021,
OPTIDX,BANKNIFTY,29-Apr-2021,32800,CE,205.05,205.05,101.8,173.8,173.8,2696,22192.43,13800,1175,19-APR-2021,
OPTIDX,BANKNIFTY,29-Apr-2021,32900,CE,120,169.75,83.6,158.4,158.4,2046,16887.3,11150,825,19-APR-2021,
OPTIDX,BANKNIFTY,29-Apr-2021,33000,CE,114.25,200.1,80.55,142,142,53780,445065.2,255500,-72200,19-APR-2021,
OPTIDX,BANKNIFTY,29-Apr-2021,33100,CE,114.25,138.05,75,125.1,125.1,1632,13542.89,9375,-2250,19-APR-2021,
OPTIDX,BANKNIFTY,29-Apr-2021,33200,CE,102,150,68.05,114.5,114.5,1754,14595.9,11400,-3550,19-APR-2021,
OPTIDX,BANKNIFTY,29-Apr-2021,33300,CE,82.6,114.7,62.45,104.2,104.2,1870,15603.88,21350,-2175,19-APR-2021,
OPTIDX,BANKNIFTY,29-Apr-2021,33400,CE,45,102.85,45,93.5,93.5,1157,9681.75,14850,-575,19-APR-2021,
OPTIDX,BANKNIFTY,29-Apr-2021,33500,CE,80.05,90.7,50,83.2,83.2,22702,190478.9,265600,-18375,19-APR-2021,
OPTIDX,BANKNIFTY,29-Apr-2021,33600,CE,30.25,80.6,30.25,73.5,73.5,1381,11619.84,19800,1325,19-APR-2021,
OPTIDX,BANKNIFTY,29-Apr-2021,33700,CE,51.8,73.35,41.25,68.05,68.05,986,8319.68,25300,1225,19-APR-2021,
OPTIDX,BANKNIFTY,29-Apr-2021,33800,CE,25.8,66,25.8,61.1,61.1,1049,8876.58,10425,800,19-APR-2021,
OPTIDX,BANKNIFTY,29-Apr-2021,33900,CE,44.7,60.45,24.95,56.9,56.9,1025,8697.92,7875,-675,19-APR-2021,
OPTIDX,BANKNIFTY,29-Apr-2021,34000,CE,58.5,71.1,34.15,49.75,49.75,34947,297398.05,294425,-13800,19-APR-2021,
OPTIDX,BANKNIFTY,29-Apr-2021,34100,CE,22.2,49.05,21.2,44.3,44.3,813,6938.26,4525,-75,19-APR-2021,
OPTIDX,BANKNIFTY,29-Apr-2021,34200,CE,42.05,45.2,20.75,40.25,40.25,903,7728.32,7500,-450,19-APR-2021,
OPTIDX,BANKNIFTY,29-Apr-2021,34300,CE,36.05,47.35,26.9,37.85,37.85,738,6334.47,30600,425,19-APR-2021,
OPTIDX,BANKNIFTY,29-Apr-2021,34400,CE,22,37,21,34.3,34.3,332,2857.64,8575,450,19-APR-2021,
OPTIDX,BANKNIFTY,29-Apr-2021,34500,CE,40.15,40.15,22.7,30.8,30.8,15900,137248.28,142450,2375,19-APR-2021,
OPTIDX,BANKNIFTY,29-Apr-2021,34600,CE,32,32,22.9,28.85,28.85,359,3107.79,4800,1325,19-APR-2021,
OPTIDX,BANKNIFTY,29-Apr-2021,34700,CE,29.75,32.7,20.9,28.7,28.7,266,2309.28,4800,-150,19-APR-2021,
OPTIDX,BANKNIFTY,29-Apr-2021,34800,CE,28.85,43,20.7,24.7,24.7,539,4692.63,10050,225,19-APR-2021,
OPTIDX,BANKNIFTY,29-Apr-2021,34900,CE,27.15,42.75,20,23.4,23.4,275,2401.03,2925,-75,19-APR-2021,
OPTIDX,BANKNIFTY,29-Apr-2021,35000,CE,26.05,30.2,16.5,20.4,20.4,17548,153640.32,236775,14950,19-APR-2021,
OPTIDX,BANKNIFTY,29-Apr-2021,35100,CE,25.35,25.35,12.9,19.15,19.15,376,3301.37,4525,-1000,19-APR-2021,
OPTIDX,BANKNIFTY,29-Apr-2021,35200,CE,23.5,32.4,15,19.5,19.5,340,2993.69,8475,-150,19-APR-2021,
OPTIDX,BANKNIFTY,29-Apr-2021,35300,CE,19.8,22,14.55,17.7,17.7,236,2083.75,4625,-1800,19-APR-2021,
OPTIDX,BANKNIFTY,29-Apr-2021,35400,CE,20.85,27.7,14.1,16.8,16.8,524,4639.79,9975,-1925,19-APR-2021,
OPTIDX,BANKNIFTY,29-Apr-2021,35500,CE,20.3,30,12.25,14.25,14.25,11623,103202.23,141300,12775,19-APR-2021,
OPTIDX,BANKNIFTY,29-Apr-2021,35600,CE,12.5,19.35,12.5,13.7,13.7,178,1584.87,9650,2125,19-APR-2021,
OPTIDX,BANKNIFTY,29-Apr-2021,35700,CE,15.8,21.75,10.25,12.45,12.45,30,267.87,1275,-75,19-APR-2021,
OPTIDX,BANKNIFTY,29-Apr-2021,35800,CE,20,20,12.1,13.9,13.9,31,277.57,4225,100,19-APR-2021,
OPTIDX,BANKNIFTY,29-Apr-2021,35900,CE,20,20,9.4,11.35,11.35,38,341.18,2450,-250,19-APR-2021,
OPTIDX,BANKNIFTY,29-Apr-2021,36000,CE,18.05,20,10.3,11.6,11.6,8835,79545.58,181225,-20775,19-APR-2021,
OPTIDX,BANKNIFTY,29-Apr-2021,36100,CE,3.2,23.1,3.2,11.35,12.65,48,433.35,675,-500,19-APR-2021,
OPTIDX,BANKNIFTY,29-Apr-2021,36200,CE,12.35,14,8.6,10,10,22,199.16,1075,-250,19-APR-2021,
OPTIDX,BANKNIFTY,29-Apr-2021,36300,CE,8.5,19.55,3.45,11.9,11.9,29,263.26,1200,-175,19-APR-2021,
OPTIDX,BANKNIFTY,29-Apr-2021,36400,CE,1.05,19.1,1.05,19.1,19.1,9,81.92,850,25,19-APR-2021,
OPTIDX,BANKNIFTY,29-Apr-2021,36500,CE,13.15,30,9.2,10.3,10.3,2825,25786.98,63350,-5575,19-APR-2021,
OPTIDX,BANKNIFTY,29-Apr-2021,36600,CE,8.05,15.25,8.05,12,7.05,8,73.22,1050,-50,19-APR-2021,
OPTIDX,BANKNIFTY,29-Apr-2021,36700,CE,9.75,9.75,9.75,9.75,6.25,1,9.17,4025,0,19-APR-2021,
OPTIDX,BANKNIFTY,29-Apr-2021,36800,CE,10,10,10,10,5.55,1,9.2,1050,-25,19-APR-2021,
OPTIDX,BANKNIFTY,29-Apr-2021,36900,CE,7.15,14.5,7.15,11.85,4.9,5,46.13,900,-25,19-APR-2021,
OPTIDX,BANKNIFTY,29-Apr-2021,37000,CE,13,20,7.25,8.7,8.7,2848,26351.37,131200,2700,19-APR-2021,
OPTIDX,BANKNIFTY,29-Apr-2021,37100,CE,3.4,7.45,3.4,7.45,3.8,20,185.52,1925,-250,19-APR-2021,
OPTIDX,BANKNIFTY,29-Apr-2021,37200,CE,0,0,0,18,3.35,0,0,575,0,19-APR-2021,
OPTIDX,BANKNIFTY,29-Apr-2021,37300,CE,11.55,16.45,4.85,5,2.95,22,205.2,550,0,19-APR-2021,
OPTIDX,BANKNIFTY,29-Apr-2021,37400,CE,12.55,17.95,5.85,10.5,2.6,61,570.53,2475,175,19-APR-2021,
OPTIDX,BANKNIFTY,29-Apr-2021,37500,CE,6.9,9,6.2,6.85,6.85,1063,9967.67,53075,-5500,19-APR-2021,
OPTIDX,BANKNIFTY,29-Apr-2021,37600,CE,0,0,0,1806.45,2.05,0,0,0,0,19-APR-2021,
OPTIDX,BANKNIFTY,29-Apr-2021,37700,CE,0,0,0,11,1.8,0,0,50,0,19-APR-2021,
OPTIDX,BANKNIFTY,29-Apr-2021,37800,CE,0,0,0,1742.45,1.55,0,0,0,0,19-APR-2021,
OPTIDX,BANKNIFTY,29-Apr-2021,37900,CE,0,0,0,4.3,1.35,0,0,25,0,19-APR-2021,
OPTIDX,BANKNIFTY,29-Apr-2021,38000,CE,4.45,6.85,4.45,5.55,5.55,2406,22860.42,146675,-14300,19-APR-2021,
OPTIDX,BANKNIFTY,29-Apr-2021,38100,CE,0,0,0,1859,1.05,0,0,0,0,19-APR-2021,
OPTIDX,BANKNIFTY,29-Apr-2021,38200,CE,0,0,0,1826.25,0.9,0,0,0,0,19-APR-2021,
OPTIDX,BANKNIFTY,29-Apr-2021,38300,CE,0,0,0,1793.95,0.8,0,0,0,0,19-APR-2021,
OPTIDX,BANKNIFTY,29-Apr-2021,38400,CE,0,0,0,1830.65,0.7,0,0,0,0,19-APR-2021,
OPTIDX,BANKNIFTY,29-Apr-2021,38500,CE,4.1,8.05,3.4,4.25,4.25,277,2666.42,110925,-75,19-APR-2021,
OPTIDX,BANKNIFTY,29-Apr-2021,38600,CE,0,0,0,1765.7,0.55,0,0,0,0,19-APR-2021,
OPTIDX,BANKNIFTY,29-Apr-2021,38700,CE,0,0,0,1733.9,0.45,0,0,0,0,19-APR-2021,
OPTIDX,BANKNIFTY,29-Apr-2021,38800,CE,0,0,0,1808.45,0.4,0,0,0,0,19-APR-2021,
OPTIDX,BANKNIFTY,29-Apr-2021,38900,CE,0,0,0,1776.05,0.35,0,0,0,0,19-APR-2021,
OPTIDX,BANKNIFTY,29-Apr-2021,39000,CE,3.75,4.05,2.75,3.9,3.9,1208,11779.07,159700,2650,19-APR-2021,
OPTIDX,BANKNIFTY,29-Apr-2021,39100,CE,0,0,0,1717,0.25,0,0,0,0,19-APR-2021,
OPTIDX,BANKNIFTY,29-Apr-2021,39200,CE,0,0,0,2064.45,0.25,0,0,0,0,19-APR-2021,
OPTIDX,BANKNIFTY,29-Apr-2021,39300,CE,0,0,0,2027.55,0.2,0,0,0,0,19-APR-2021,
OPTIDX,BANKNIFTY,29-Apr-2021,39400,CE,0,0,0,1991.15,0.2,0,0,0,0,19-APR-2021,
OPTIDX,BANKNIFTY,29-Apr-2021,39500,CE,6.35,6.35,2.35,3.45,3.45,222,2192.43,36050,-125,19-APR-2021,
OPTIDX,BANKNIFTY,29-Apr-2021,39600,CE,0,0,0,1919.95,0.15,0,0,0,0,19-APR-2021,
OPTIDX,BANKNIFTY,29-Apr-2021,39700,CE,0,0,0,1885.1,0.1,0,0,0,0,19-APR-2021,
OPTIDX,BANKNIFTY,29-Apr-2021,39800,CE,0,0,0,1850.75,0.1,0,0,0,0,19-APR-2021,
OPTIDX,BANKNIFTY,29-Apr-2021,39900,CE,0,0,0,1816.9,0.1,0,0,0,0,19-APR-2021,
OPTIDX,BANKNIFTY,29-Apr-2021,40000,CE,3.15,3.85,1.35,3.3,3.3,1590,15901.11,265875,-725,19-APR-2021,
OPTIDX,BANKNIFTY,29-Apr-2021,40100,CE,0,0,0,4.95,0.1,0,0,50,0,19-APR-2021,
OPTIDX,BANKNIFTY,29-Apr-2021,40200,CE,3.15,4.05,2.4,3.75,3.75,77,773.9,2125,675,19-APR-2021,
OPTIDX,BANKNIFTY,29-Apr-2021,40300,CE,4.8,4.8,1.6,3.35,3.35,854,8604.67,32100,4075,19-APR-2021,
OPTIDX,BANKNIFTY,29-Apr-2021,27400,PE,60,93.75,51.75,55.7,55.7,3741,25697.66,44975,-17950,19-APR-2021,
OPTIDX,BANKNIFTY,29-Apr-2021,27500,PE,58,124.95,54.1,58.05,58.05,19281,132937.62,183275,4225,19-APR-2021,
OPTIDX,BANKNIFTY,29-Apr-2021,27600,PE,100,119.95,57.6,65.55,65.55,31,214.56,425,350,19-APR-2021,
OPTIDX,BANKNIFTY,29-Apr-2021,27700,PE,90,131.85,61,73.75,73.75,342,2376.34,2600,-2275,19-APR-2021,
OPTIDX,BANKNIFTY,29-Apr-2021,27800,PE,150.4,154.95,66.05,76.8,76.8,81,564.93,700,500,19-APR-2021,
OPTIDX,BANKNIFTY,29-Apr-2021,27900,PE,119.75,140.55,65,78,78,112,784.26,1000,0,19-APR-2021,
OPTIDX,BANKNIFTY,29-Apr-2021,28000,PE,85,215.1,78.7,83.95,83.95,28472,200133.22,238475,44750,19-APR-2021,
OPTIDX,BANKNIFTY,29-Apr-2021,28100,PE,100,100,81.1,88.05,88.05,5,35.24,75,25,19-APR-2021,
OPTIDX,BANKNIFTY,29-Apr-2021,28200,PE,180.45,204.6,86.25,86.25,86.25,201,1423.73,3750,2700,19-APR-2021,
OPTIDX,BANKNIFTY,29-Apr-2021,28300,PE,193.2,204.5,104.55,116.8,62.65,22,156.55,300,300,19-APR-2021,
OPTIDX,BANKNIFTY,29-Apr-2021,28400,PE,197,208.2,90.75,106.3,106.3,108,771.31,1900,200,19-APR-2021,
OPTIDX,BANKNIFTY,29-Apr-2021,28500,PE,144.45,262.05,111.6,117.9,117.9,24192,173388.75,142200,23250,19-APR-2021,
OPTIDX,BANKNIFTY,29-Apr-2021,28600,PE,205,237.65,118.35,128,128,182,1309.6,3175,50,19-APR-2021,
OPTIDX,BANKNIFTY,29-Apr-2021,28700,PE,263.8,263.8,131.4,137.55,137.55,227,1639.42,1775,475,19-APR-2021,
OPTIDX,BANKNIFTY,29-Apr-2021,28800,PE,285,285,140.55,148.2,148.2,305,2212.44,2425,525,19-APR-2021,
OPTIDX,BANKNIFTY,29-Apr-2021,28900,PE,331.8,332.35,149.2,156.5,156.5,719,5236.02,2800,1500,19-APR-2021,
OPTIDX,BANKNIFTY,29-Apr-2021,29000,PE,170,372.05,159.45,168.7,168.7,40634,297046.61,380800,20400,19-APR-2021,
OPTIDX,BANKNIFTY,29-Apr-2021,29100,PE,330.85,334.4,172.25,179.8,179.8,939,6890.16,3425,1850,19-APR-2021,
OPTIDX,BANKNIFTY,29-Apr-2021,29200,PE,299.95,368.6,185,193.95,193.95,1220,8989.16,3775,1350,19-APR-2021,
OPTIDX,BANKNIFTY,29-Apr-2021,29300,PE,344.3,397.25,197.25,209.55,209.55,1182,8745.18,3925,2275,19-APR-2021,
OPTIDX,BANKNIFTY,29-Apr-2021,29400,PE,256.1,427.15,212.85,224.65,224.65,1348,10016.67,4300,2625,19-APR-2021,
OPTIDX,BANKNIFTY,29-Apr-2021,29500,PE,260.9,554.95,225.35,238.45,238.45,34914,260414.57,309950,63575,19-APR-2021,
OPTIDX,BANKNIFTY,29-Apr-2021,29600,PE,398.95,479.05,246.25,260.5,260.5,964,7220.87,3025,100,19-APR-2021,
OPTIDX,BANKNIFTY,29-Apr-2021,29700,PE,343,512.15,262.75,277.35,277.35,1927,14500.33,7725,3250,19-APR-2021,
OPTIDX,BANKNIFTY,29-Apr-2021,29800,PE,452.9,551.3,279.75,296.6,296.6,2995,22640.85,10225,6375,19-APR-2021,
OPTIDX,BANKNIFTY,29-Apr-2021,29900,PE,588.7,588.85,300.25,317.05,317.05,1833,13909.31,8025,4400,19-APR-2021,
OPTIDX,BANKNIFTY,29-Apr-2021,30000,PE,355.15,699.2,319.85,339.25,339.25,74970,571319.23,413225,40225,19-APR-2021,
OPTIDX,BANKNIFTY,29-Apr-2021,30100,PE,598.6,750,343.85,366.9,366.9,2982,22834.27,10400,7600,19-APR-2021,
OPTIDX,BANKNIFTY,29-Apr-2021,30200,PE,530,729.4,368.6,384.7,384.7,3206,24642.81,22650,3950,19-APR-2021,
OPTIDX,BANKNIFTY,29-Apr-2021,30300,PE,599.9,970.35,390.1,413.7,413.7,2976,22975.86,15600,2125,19-APR-2021,
OPTIDX,BANKNIFTY,29-Apr-2021,30400,PE,782.85,867.4,420,443.4,443.4,3783,29333.3,56675,12350,19-APR-2021,
OPTIDX,BANKNIFTY,29-Apr-2021,30500,PE,716.85,944.15,442.95,474.4,474.4,51533,401508.21,283100,18875,19-APR-2021,
OPTIDX,BANKNIFTY,29-Apr-2021,30600,PE,947.9,960.5,479.8,504.4,504.4,4673,36596.01,24200,11150,19-APR-2021,
OPTIDX,BANKNIFTY,29-Apr-2021,30700,PE,600,937,506.25,535.5,535.5,5439,42758.81,18800,7625,19-APR-2021,
OPTIDX,BANKNIFTY,29-Apr-2021,30800,PE,749.95,1071.85,543.35,585.6,585.6,4657,36763.7,20850,5000,19-APR-2021,
OPTIDX,BANKNIFTY,29-Apr-2021,30900,PE,908.05,1105.95,578.45,613.4,613.4,2562,20312.3,16625,2600,19-APR-2021,
OPTIDX,BANKNIFTY,29-Apr-2021,31000,PE,742,1137.2,606.4,646.2,646.2,46506,370482.67,278650,-107575,19-APR-2021,
OPTIDX,BANKNIFTY,29-Apr-2021,31100,PE,612.85,1169.8,612.85,686.7,686.7,2231,17856.77,10300,-4725,19-APR-2021,
OPTIDX,BANKNIFTY,29-Apr-2021,31200,PE,892.7,1217.4,694.25,721.7,721.7,3000,24098.91,15325,-3150,19-APR-2021,
OPTIDX,BANKNIFTY,29-Apr-2021,31300,PE,846,1274.5,735.6,757.65,757.65,4006,32372.87,9850,-12200,19-APR-2021,
OPTIDX,BANKNIFTY,29-Apr-2021,31400,PE,900.9,1333.65,784.9,820.85,820.85,1177,9558.72,12525,-3200,19-APR-2021,
OPTIDX,BANKNIFTY,29-Apr-2021,31500,PE,993.3,1402.9,823.15,875.55,875.55,10971,89587.66,114625,-42725,19-APR-2021,
OPTIDX,BANKNIFTY,29-Apr-2021,31600,PE,1243.1,1460.7,879.8,922.4,922.4,1089,8939.46,6050,-6550,19-APR-2021,
OPTIDX,BANKNIFTY,29-Apr-2021,31700,PE,950,1548.6,940.7,985.85,985.85,1052,8679.73,7850,-7475,19-APR-2021,
OPTIDX,BANKNIFTY,29-Apr-2021,31800,PE,1115.65,1646.85,989.6,1037.95,1037.95,948,7862.18,15225,-6525,19-APR-2021,
OPTIDX,BANKNIFTY,29-Apr-2021,31900,PE,1433.5,1670.55,1055.05,1114.95,1114.95,1013,8438.43,14825,-3275,19-APR-2021,
OPTIDX,BANKNIFTY,29-Apr-2021,32000,PE,1100,1776.9,1100,1203.2,1203.2,13974,116901.41,259050,-43150,19-APR-2021,
OPTIDX,BANKNIFTY,29-Apr-2021,32100,PE,1385.95,1789.5,1143,1230.95,1230.95,589,4958.82,8425,-5225,19-APR-2021,
OPTIDX,BANKNIFTY,29-Apr-2021,32200,PE,1696.4,1900,1260,1316.9,1316.9,477,4037.87,11425,-3950,19-APR-2021,
OPTIDX,BANKNIFTY,29-Apr-2021,32300,PE,1789.95,1997.8,1310.95,1358.4,1358.4,234,1993.43,8375,-2075,19-APR-2021,
OPTIDX,BANKNIFTY,29-Apr-2021,32400,PE,1672.7,2080,1428.85,1428.85,1428.85,46,393.34,6150,-400,19-APR-2021,
OPTIDX,BANKNIFTY,29-Apr-2021,32500,PE,1878.25,2183.8,1229.55,1540.2,1540.2,3536,30340.71,102875,-18150,19-APR-2021,
OPTIDX,BANKNIFTY,29-Apr-2021,32600,PE,2030.1,2250,1886,2006,1701.55,25,216.64,6925,-250,19-APR-2021,
OPTIDX,BANKNIFTY,29-Apr-2021,32700,PE,1960.75,2291.1,1613.75,1613.8,1613.8,52,452.55,10350,-900,19-APR-2021,
OPTIDX,BANKNIFTY,29-Apr-2021,32800,PE,2167.45,2414.1,1970,1970,1852.9,37,324.34,4425,-625,19-APR-2021,
OPTIDX,BANKNIFTY,29-Apr-2021,32900,PE,2503.65,2503.65,1735.35,1735.35,1735.35,45,396.27,7600,-525,19-APR-2021,
OPTIDX,BANKNIFTY,29-Apr-2021,33000,PE,1990,2611.65,1837.6,1923.45,1923.45,2640,23279.88,67775,-20725,19-APR-2021,
OPTIDX,BANKNIFTY,29-Apr-2021,33100,PE,2479.5,2700,2378.7,2378.7,2091.45,20,178.18,3100,-325,19-APR-2021,
OPTIDX,BANKNIFTY,29-Apr-2021,33200,PE,2231.8,2758.25,2014.95,2079.1,2079.1,41,365.84,3750,-75,19-APR-2021,
OPTIDX,BANKNIFTY,29-Apr-2021,33300,PE,2408.2,2818.85,2112.2,2112.25,2112.25,26,233.16,7725,-200,19-APR-2021,
OPTIDX,BANKNIFTY,29-Apr-2021,33400,PE,2487.95,2964,2188,2242.95,2242.95,27,243.65,11300,-525,19-APR-2021,
OPTIDX,BANKNIFTY,29-Apr-2021,33500,PE,2899.5,3079.95,2268.85,2301.65,2301.65,675,6117.53,97825,-2175,19-APR-2021,
OPTIDX,BANKNIFTY,29-Apr-2021,33600,PE,2939.55,3135.1,2420.15,2420.15,2420.15,60,548.46,14150,-50,19-APR-2021,
OPTIDX,BANKNIFTY,29-Apr-2021,33700,PE,2979.85,3104.95,2946.2,3104.95,2599.5,9,82.62,2700,-125,19-APR-2021,
OPTIDX,BANKNIFTY,29-Apr-2021,33800,PE,3283.5,3283.5,2663.05,2663.05,2663.05,21,193.96,5625,-300,19-APR-2021,
OPTIDX,BANKNIFTY,29-Apr-2021,33900,PE,2998,3408.2,2998,3184.2,2776.5,15,139.28,4175,-150,19-APR-2021,
OPTIDX,BANKNIFTY,29-Apr-2021,34000,PE,3000,3541.3,2701.15,2775.85,2775.85,1058,9849.11,118650,-6075,19-APR-2021,
OPTIDX,BANKNIFTY,29-Apr-2021,34100,PE,3389.4,3423.4,3389.4,3423.4,2956.75,3,28.12,3650,-25,19-APR-2021,
OPTIDX,BANKNIFTY,29-Apr-2021,34200,PE,3400,3400,3106.45,3106.45,3106.45,2,18.72,1325,-50,19-APR-2021,
OPTIDX,BANKNIFTY,29-Apr-2021,34300,PE,3695.9,3695.9,3656.5,3656.5,3139.8,2,18.98,11650,-25,19-APR-2021,
OPTIDX,BANKNIFTY,29-Apr-2021,34400,PE,3673.45,3673.45,3370.95,3370.95,3370.95,2,18.96,625,-25,19-APR-2021,
OPTIDX,BANKNIFTY,29-Apr-2021,34500,PE,3840.05,4040,3235.65,3285.95,3285.95,565,5396.01,87000,-10700,19-APR-2021,
OPTIDX,BANKNIFTY,29-Apr-2021,34600,PE,3756.45,3756.45,3756.45,3756.45,3419,1,9.58,850,25,19-APR-2021,
OPTIDX,BANKNIFTY,29-Apr-2021,34700,PE,3820.2,3820.2,3820.15,3820.15,3513.15,2,19.26,925,50,19-APR-2021,
OPTIDX,BANKNIFTY,29-Apr-2021,34800,PE,3576.3,3815.85,3576.3,3815.85,3607.75,2,19.24,775,-25,19-APR-2021,
OPTIDX,BANKNIFTY,29-Apr-2021,34900,PE,0,0,0,2933.25,3702.8,0,0,475,0,19-APR-2021,
OPTIDX,BANKNIFTY,29-Apr-2021,35000,PE,4307.4,4522.3,3674.8,3737.45,3737.45,446,4366.91,38225,-2650,19-APR-2021,
OPTIDX,BANKNIFTY,29-Apr-2021,35100,PE,4070.2,4070.2,4070.2,4070.2,3894.15,1,9.79,125,-25,19-APR-2021,
OPTIDX,BANKNIFTY,29-Apr-2021,35200,PE,4534.15,4534.15,4534.15,4534.15,3990.35,1,9.93,175,0,19-APR-2021,
OPTIDX,BANKNIFTY,29-Apr-2021,35300,PE,4579.6,4579.6,4579.6,4579.6,4086.9,2,19.93,375,-50,19-APR-2021,
OPTIDX,BANKNIFTY,29-Apr-2021,35400,PE,4797.35,4797.35,4797.35,4797.35,4183.75,1,10.04,150,25,19-APR-2021,
OPTIDX,BANKNIFTY,29-Apr-2021,35500,PE,4775.5,4906.65,4216.9,4218.75,4218.75,13,130.32,5650,-100,19-APR-2021,
OPTIDX,BANKNIFTY,29-Apr-2021,35600,PE,0,0,0,3402.1,4378.25,0,0,200,0,19-APR-2021,
OPTIDX,BANKNIFTY,29-Apr-2021,35700,PE,0,0,0,3501,4475.9,0,0,100,0,19-APR-2021,
OPTIDX,BANKNIFTY,29-Apr-2021,35800,PE,5080.35,5319.8,4688.35,4688.35,4573.7,7,71.19,175,50,19-APR-2021,
OPTIDX,BANKNIFTY,29-Apr-2021,35900,PE,0,0,0,5022.5,4671.75,0,0,25,0,19-APR-2021,
OPTIDX,BANKNIFTY,29-Apr-2021,36000,PE,5348.6,5500,4727.5,4739.6,4739.6,250,2577.46,33225,-4575,19-APR-2021,
OPTIDX,BANKNIFTY,29-Apr-2021,36100,PE,0,0,0,3294.55,4868.35,0,0,100,0,19-APR-2021,
OPTIDX,BANKNIFTY,29-Apr-2021,36200,PE,0,0,0,5112.75,4966.85,0,0,125,0,19-APR-2021,
OPTIDX,BANKNIFTY,29-Apr-2021,36300,PE,5700,5700,5600,5600,5065.55,2,20.97,150,0,19-APR-2021,
OPTIDX,BANKNIFTY,29-Apr-2021,36400,PE,0,0,0,3017.2,5164.35,0,0,75,0,19-APR-2021,
OPTIDX,BANKNIFTY,29-Apr-2021,36500,PE,5741.9,5990.6,5188.95,5208,5208,22,231.23,6250,-100,19-APR-2021,
OPTIDX,BANKNIFTY,29-Apr-2021,36600,PE,0,0,0,3252.55,5362.25,0,0,150,0,19-APR-2021,
OPTIDX,BANKNIFTY,29-Apr-2021,36700,PE,0,0,0,3568.25,5461.35,0,0,100,0,19-APR-2021,
OPTIDX,BANKNIFTY,29-Apr-2021,36800,PE,0,0,0,3454.6,5560.55,0,0,75,0,19-APR-2021,
OPTIDX,BANKNIFTY,29-Apr-2021,36900,PE,0,0,0,3445.5,5659.8,0,0,100,0,19-APR-2021,
OPTIDX,BANKNIFTY,29-Apr-2021,37000,PE,6202.35,6500,5726.45,5728.25,5728.25,180,1945.22,25775,-1250,19-APR-2021,
OPTIDX,BANKNIFTY,29-Apr-2021,37100,PE,0,0,0,3358.75,5858.55,0,0,25,0,19-APR-2021,
OPTIDX,BANKNIFTY,29-Apr-2021,37200,PE,0,0,0,4448.15,5958,0,0,125,0,19-APR-2021,
OPTIDX,BANKNIFTY,29-Apr-2021,37300,PE,0,0,0,4555.85,6057.5,0,0,25,0,19-APR-2021,
OPTIDX,BANKNIFTY,29-Apr-2021,37400,PE,0,0,0,3859.45,6157.05,0,0,50,0,19-APR-2021,
OPTIDX,BANKNIFTY,29-Apr-2021,37500,PE,6886.65,6980.5,6219.65,6223.2,6223.2,24,263.79,11275,0,19-APR-2021,
OPTIDX,BANKNIFTY,29-Apr-2021,37600,PE,0,0,0,2290.3,6356.25,0,0,75,0,19-APR-2021,
OPTIDX,BANKNIFTY,29-Apr-2021,37700,PE,0,0,0,4387.95,6455.9,0,0,0,0,19-APR-2021,
OPTIDX,BANKNIFTY,29-Apr-2021,37800,PE,0,0,0,4455.35,6555.6,0,0,0,0,19-APR-2021,
OPTIDX,BANKNIFTY,29-Apr-2021,37900,PE,0,0,0,4156.35,6655.3,0,0,0,0,19-APR-2021,
OPTIDX,BANKNIFTY,29-Apr-2021,38000,PE,7366.9,7375.25,6670,6700.2,6700.2,34,382.22,22300,-450,19-APR-2021,
OPTIDX,BANKNIFTY,29-Apr-2021,38100,PE,0,0,0,4287.65,6854.8,0,0,0,0,19-APR-2021,
OPTIDX,BANKNIFTY,29-Apr-2021,38200,PE,0,0,0,4354.05,6954.55,0,0,0,0,19-APR-2021,
OPTIDX,BANKNIFTY,29-Apr-2021,38300,PE,0,0,0,4420.9,7054.35,0,0,0,0,19-APR-2021,
OPTIDX,BANKNIFTY,29-Apr-2021,38400,PE,0,0,0,4257.1,7154.15,0,0,0,0,19-APR-2021,
OPTIDX,BANKNIFTY,29-Apr-2021,38500,PE,7884.8,7892.05,7843.25,7843.25,7253.95,3,34.78,1375,25,19-APR-2021,
OPTIDX,BANKNIFTY,29-Apr-2021,38600,PE,0,0,0,4390.45,7353.75,0,0,0,0,19-APR-2021,
OPTIDX,BANKNIFTY,29-Apr-2021,38700,PE,0,0,0,4457.85,7453.6,0,0,0,0,19-APR-2021,
OPTIDX,BANKNIFTY,29-Apr-2021,38800,PE,0,0,0,4306.35,7553.45,0,0,0,0,19-APR-2021,
OPTIDX,BANKNIFTY,29-Apr-2021,38900,PE,0,0,0,4373.15,7653.3,0,0,0,0,19-APR-2021,
OPTIDX,BANKNIFTY,29-Apr-2021,39000,PE,8384.15,8846.5,8278.65,8278.65,7753.15,6,71.08,7775,-25,19-APR-2021,
OPTIDX,BANKNIFTY,29-Apr-2021,39100,PE,0,0,0,4443.6,7853,0,0,0,0,19-APR-2021,
OPTIDX,BANKNIFTY,29-Apr-2021,39200,PE,0,0,0,3664.5,7952.85,0,0,0,0,19-APR-2021,
OPTIDX,BANKNIFTY,29-Apr-2021,39300,PE,0,0,0,3726.85,8052.75,0,0,0,0,19-APR-2021,
OPTIDX,BANKNIFTY,29-Apr-2021,39400,PE,0,0,0,3789.75,8152.6,0,0,0,0,19-APR-2021,
OPTIDX,BANKNIFTY,29-Apr-2021,39500,PE,8451.9,8451.9,8451.9,8451.9,8252.5,1,11.98,425,0,19-APR-2021,
OPTIDX,BANKNIFTY,29-Apr-2021,39600,PE,0,0,0,3917,8352.4,0,0,0,0,19-APR-2021,
OPTIDX,BANKNIFTY,29-Apr-2021,39700,PE,0,0,0,3981.45,8452.25,0,0,0,0,19-APR-2021,
OPTIDX,BANKNIFTY,29-Apr-2021,39800,PE,0,0,0,4046.35,8552.15,0,0,0,0,19-APR-2021,
OPTIDX,BANKNIFTY,29-Apr-2021,39900,PE,0,0,0,4111.75,8652.05,0,0,0,0,19-APR-2021,
OPTIDX,BANKNIFTY,29-Apr-2021,40000,PE,9374.95,9374.95,8700,8700,8700,4,49.09,17650,-25,19-APR-2021,
OPTIDX,BANKNIFTY,29-Apr-2021,40100,PE,0,0,0,4244.05,8851.8,0,0,0,0,19-APR-2021,
OPTIDX,BANKNIFTY,29-Apr-2021,40200,PE,0,0,0,4310.9,8951.7,0,0,0,0,19-APR-2021,
OPTIDX,BANKNIFTY,29-Apr-2021,40300,PE,0,0,0,6812.75,9051.6,0,0,25,0,19-APR-2021,
OPTIDX,BANKNIFTY,06-May-2021,27800,CE,0,0,0,3300.55,3563.4,0,0,0,0,19-APR-2021,
OPTIDX,BANKNIFTY,06-May-2021,27900,CE,0,0,0,3217.9,3473.65,0,0,0,0,19-APR-2021,
OPTIDX,BANKNIFTY,06-May-2021,28000,CE,0,0,0,3136.1,3384.7,0,0,0,0,19-APR-2021,
OPTIDX,BANKNIFTY,06-May-2021,28100,CE,0,0,0,3055.25,3296.45,0,0,0,0,19-APR-2021,
OPTIDX,BANKNIFTY,06-May-2021,28200,CE,0,0,0,2975.35,3209.05,0,0,0,0,19-APR-2021,
OPTIDX,BANKNIFTY,06-May-2021,28300,CE,0,0,0,2896.45,3122.55,0,0,0,0,19-APR-2021,
OPTIDX,BANKNIFTY,06-May-2021,28400,CE,0,0,0,2818.5,3036.85,0,0,0,0,19-APR-2021,
OPTIDX,BANKNIFTY,06-May-2021,28500,CE,0,0,0,2741.55,2952.1,0,0,0,0,19-APR-2021,
OPTIDX,BANKNIFTY,06-May-2021,28600,CE,0,0,0,2665.7,2868.3,0,0,0,0,19-APR-2021,
OPTIDX,BANKNIFTY,06-May-2021,28700,CE,0,0,0,2592,2785.5,0,0,0,0,19-APR-2021,
OPTIDX,BANKNIFTY,06-May-2021,28800,CE,0,0,0,2518.15,2703.7,0,0,0,0,19-APR-2021,
OPTIDX,BANKNIFTY,06-May-2021,28900,CE,0,0,0,2445.4,2623,0,0,0,0,19-APR-2021,
OPTIDX,BANKNIFTY,06-May-2021,29000,CE,0,0,0,2372.55,2543.35,0,0,0,0,19-APR-2021,
OPTIDX,BANKNIFTY,06-May-2021,29100,CE,0,0,0,2302.2,2464.85,0,0,0,0,19-APR-2021,
OPTIDX,BANKNIFTY,06-May-2021,29200,CE,0,0,0,2233.05,2387.5,0,0,0,0,19-APR-2021,
OPTIDX,BANKNIFTY,06-May-2021,29300,CE,0,0,0,2165.05,2311.3,0,0,0,0,19-APR-2021,
OPTIDX,BANKNIFTY,06-May-2021,29400,CE,2394.95,2394.95,2394.95,2394.95,2237.5,1,7.94,25,25,19-APR-2021,
OPTIDX,BANKNIFTY,06-May-2021,29500,CE,0,0,0,3475.15,2163.65,0,0,0,0,19-APR-2021,
OPTIDX,BANKNIFTY,06-May-2021,29600,CE,0,0,0,3396.85,2091.05,0,0,0,0,19-APR-2021,
OPTIDX,BANKNIFTY,06-May-2021,29700,CE,0,0,0,3479.3,2018.6,0,0,0,0,19-APR-2021,
OPTIDX,BANKNIFTY,06-May-2021,29800,CE,0,0,0,3401.6,1948.8,0,0,0,0,19-APR-2021,
OPTIDX,BANKNIFTY,06-May-2021,29900,CE,0,0,0,3324.75,1880.35,0,0,0,0,19-APR-2021,
OPTIDX,BANKNIFTY,06-May-2021,30000,CE,1668.9,1701.05,1668.9,1701.05,1701.05,13,102.93,325,325,19-APR-2021,
OPTIDX,BANKNIFTY,06-May-2021,30100,CE,0,0,0,3651.45,1747.55,0,0,0,0,19-APR-2021,
OPTIDX,BANKNIFTY,06-May-2021,30200,CE,0,0,0,3578.35,1683.25,0,0,0,0,19-APR-2021,
OPTIDX,BANKNIFTY,06-May-2021,30300,CE,0,0,0,3744.7,1620.35,0,0,0,0,19-APR-2021,
OPTIDX,BANKNIFTY,06-May-2021,30400,CE,0,0,0,3671.35,1558.9,0,0,0,0,19-APR-2021,
OPTIDX,BANKNIFTY,06-May-2021,30500,CE,1009,1351.85,1009,1350.7,1350.7,7,55.53,100,100,19-APR-2021,
OPTIDX,BANKNIFTY,06-May-2021,30600,CE,1352,1352,1000,1000,1440.3,3,23.87,50,50,19-APR-2021,
OPTIDX,BANKNIFTY,06-May-2021,30700,CE,1231.8,1231.8,784.1,784.1,1383.2,2,15.85,25,25,19-APR-2021,
OPTIDX,BANKNIFTY,06-May-2021,30800,CE,1312.7,1312.7,794.5,1091.8,1327.55,10,79.57,100,100,19-APR-2021,
OPTIDX,BANKNIFTY,06-May-2021,30900,CE,0,0,0,3863.45,1273.35,0,0,0,0,19-APR-2021,
OPTIDX,BANKNIFTY,06-May-2021,31000,CE,844.05,1150,623.65,1062.95,1062.95,149,1190.44,1350,1300,19-APR-2021,
OPTIDX,BANKNIFTY,06-May-2021,31100,CE,0,0,0,3722.1,1169.4,0,0,0,0,19-APR-2021,
OPTIDX,BANKNIFTY,06-May-2021,31200,CE,0,0,0,3953.85,1119.45,0,0,0,0,19-APR-2021,
OPTIDX,BANKNIFTY,06-May-2021,31300,CE,0,0,0,3882.8,1071.1,0,0,0,0,19-APR-2021,
OPTIDX,BANKNIFTY,06-May-2021,31400,CE,0,0,0,3812.4,1024.25,0,0,0,0,19-APR-2021,
OPTIDX,BANKNIFTY,06-May-2021,31500,CE,652.75,865.15,572.1,824.85,824.85,173,1393.3,2225,2175,19-APR-2021,
OPTIDX,BANKNIFTY,06-May-2021,31600,CE,0,0,0,3672.6,934.8,0,0,0,0,19-APR-2021,
OPTIDX,BANKNIFTY,06-May-2021,31700,CE,0,0,0,3604.55,892.2,0,0,0,0,19-APR-2021,
OPTIDX,BANKNIFTY,06-May-2021,31800,CE,0,0,0,3987.85,851,0,0,0,0,19-APR-2021,
OPTIDX,BANKNIFTY,06-May-2021,31900,CE,536.25,605.85,505.3,605.85,811.2,9,73.02,100,100,19-APR-2021,
OPTIDX,BANKNIFTY,06-May-2021,32000,CE,518.7,627.65,311.55,585.15,585.15,101,820.98,1475,300,19-APR-2021,
OPTIDX,BANKNIFTY,06-May-2021,32100,CE,0,0,0,3777.8,735.7,0,0,0,0,19-APR-2021,
OPTIDX,BANKNIFTY,06-May-2021,32200,CE,0,0,0,4210,700,0,0,0,0,19-APR-2021,
OPTIDX,BANKNIFTY,06-May-2021,32300,CE,0,0,0,4141.9,665.55,0,0,0,0,19-APR-2021,
OPTIDX,BANKNIFTY,06-May-2021,32400,CE,0,0,0,4074.5,632.45,0,0,0,0,19-APR-2021,
OPTIDX,BANKNIFTY,06-May-2021,32500,CE,265,453.95,265,421.1,421.1,53,435.55,1625,125,19-APR-2021,
OPTIDX,BANKNIFTY,06-May-2021,32600,CE,0,0,0,3941.65,569.95,0,0,0,0,19-APR-2021,
OPTIDX,BANKNIFTY,06-May-2021,32700,CE,0,0,0,3876.2,540.55,0,0,0,0,19-APR-2021,
OPTIDX,BANKNIFTY,06-May-2021,32800,CE,0,0,0,4284.35,512.35,0,0,0,0,19-APR-2021,
OPTIDX,BANKNIFTY,06-May-2021,32900,CE,0,0,0,4217.3,485.3,0,0,0,0,19-APR-2021,
OPTIDX,BANKNIFTY,06-May-2021,33000,CE,0,0,0,4150.85,459.4,0,0,0,0,19-APR-2021,
OPTIDX,BANKNIFTY,06-May-2021,33100,CE,0,0,0,4085.05,436.1,0,0,0,0,19-APR-2021,
OPTIDX,BANKNIFTY,06-May-2021,33200,CE,0,0,0,4019.9,412.55,0,0,0,0,19-APR-2021,
OPTIDX,BANKNIFTY,06-May-2021,33300,CE,0,0,0,3955.4,388.7,0,0,0,0,19-APR-2021,
OPTIDX,BANKNIFTY,06-May-2021,33400,CE,0,0,0,3891.55,367.05,0,0,0,0,19-APR-2021,
OPTIDX,BANKNIFTY,06-May-2021,33500,CE,0,0,0,3828.35,346.4,0,0,0,0,19-APR-2021,
OPTIDX,BANKNIFTY,06-May-2021,33600,CE,0,0,0,3765.8,326.7,0,0,0,0,19-APR-2021,
OPTIDX,BANKNIFTY,06-May-2021,33700,CE,0,0,0,3703.9,307.95,0,0,0,0,19-APR-2021,
OPTIDX,BANKNIFTY,06-May-2021,33800,CE,0,0,0,3642.65,290.05,0,0,0,0,19-APR-2021,
OPTIDX,BANKNIFTY,06-May-2021,33900,CE,0,0,0,3582.05,273.05,0,0,0,0,19-APR-2021,
OPTIDX,BANKNIFTY,06-May-2021,34000,CE,105,144,80.05,122.7,122.7,54,460.43,725,300,19-APR-2021,
OPTIDX,BANKNIFTY,06-May-2021,34100,CE,0,0,0,3462.85,241.5,0,0,0,0,19-APR-2021,
OPTIDX,BANKNIFTY,06-May-2021,34200,CE,0,0,0,3404.2,226.9,0,0,0,0,19-APR-2021,
OPTIDX,BANKNIFTY,06-May-2021,34300,CE,0,0,0,3346.25,213.1,0,0,0,0,19-APR-2021,
OPTIDX,BANKNIFTY,06-May-2021,34400,CE,0,0,0,3288.95,199.95,0,0,0,0,19-APR-2021,
OPTIDX,BANKNIFTY,06-May-2021,34500,CE,0,0,0,3232.3,187.5,0,0,0,0,19-APR-2021,
OPTIDX,BANKNIFTY,06-May-2021,34600,CE,0,0,0,3176.35,175.75,0,0,0,0,19-APR-2021,
OPTIDX,BANKNIFTY,06-May-2021,34700,CE,0,0,0,3121.05,164.6,0,0,0,0,19-APR-2021,
OPTIDX,BANKNIFTY,06-May-2021,34800,CE,0,0,0,3066.4,154.1,0,0,0,0,19-APR-2021,
OPTIDX,BANKNIFTY,06-May-2021,34900,CE,0,0,0,3012.4,144.15,0,0,0,0,19-APR-2021,
OPTIDX,BANKNIFTY,06-May-2021,35000,CE,0,0,0,2959.05,134.75,0,0,0,0,19-APR-2021,
OPTIDX,BANKNIFTY,06-May-2021,35100,CE,0,0,0,2906.35,125.95,0,0,0,0,19-APR-2021,
OPTIDX,BANKNIFTY,06-May-2021,35200,CE,0,0,0,2854.35,117.6,0,0,0,0,19-APR-2021,
OPTIDX,BANKNIFTY,06-May-2021,35300,CE,0,0,0,2803,109.75,0,0,0,0,19-APR-2021,
OPTIDX,BANKNIFTY,06-May-2021,35400,CE,0,0,0,2752.3,102.35,0,0,0,0,19-APR-2021,
OPTIDX,BANKNIFTY,06-May-2021,35500,CE,0,0,0,150,95.4,0,0,25,0,19-APR-2021,
OPTIDX,BANKNIFTY,06-May-2021,35600,CE,0,0,0,2652.65,88.85,0,0,0,0,19-APR-2021,
OPTIDX,BANKNIFTY,06-May-2021,35700,CE,0,0,0,2603.9,82.7,0,0,0,0,19-APR-2021,
OPTIDX,BANKNIFTY,06-May-2021,35800,CE,0,0,0,2555.8,76.95,0,0,0,0,19-APR-2021,
OPTIDX,BANKNIFTY,06-May-2021,35900,CE,0,0,0,2508.35,71.55,0,0,0,0,19-APR-2021,
OPTIDX,BANKNIFTY,06-May-2021,36000,CE,0,0,0,290,66.5,0,0,25,0,19-APR-2021,
OPTIDX,BANKNIFTY,06-May-2021,36100,CE,0,0,0,2415.35,61.75,0,0,0,0,19-APR-2021,
OPTIDX,BANKNIFTY,06-May-2021,36200,CE,0,0,0,2369.8,57.3,0,0,0,0,19-APR-2021,
OPTIDX,BANKNIFTY,06-May-2021,36300,CE,0,0,0,2324.9,53.15,0,0,0,0,19-APR-2021,
OPTIDX,BANKNIFTY,06-May-2021,36400,CE,0,0,0,2280.6,49.3,0,0,0,0,19-APR-2021,
OPTIDX,BANKNIFTY,06-May-2021,36500,CE,0,0,0,2236.95,45.7,0,0,0,0,19-APR-2021,
OPTIDX,BANKNIFTY,06-May-2021,36600,CE,0,0,0,2193.95,42.3,0,0,0,0,19-APR-2021,
OPTIDX,BANKNIFTY,06-May-2021,36700,CE,0,0,0,2151.55,39.15,0,0,0,0,19-APR-2021,
OPTIDX,BANKNIFTY,06-May-2021,36800,CE,0,0,0,2109.75,36.2,0,0,0,0,19-APR-2021,
OPTIDX,BANKNIFTY,06-May-2021,36900,CE,0,0,0,2068.6,33.45,0,0,0,0,19-APR-2021,
OPTIDX,BANKNIFTY,06-May-2021,37000,CE,0,0,0,2028,30.95,0,0,0,0,19-APR-2021,
OPTIDX,BANKNIFTY,06-May-2021,37100,CE,0,0,0,1988.05,28.55,0,0,0,0,19-APR-2021,
OPTIDX,BANKNIFTY,06-May-2021,37200,CE,0,0,0,1948.7,26.35,0,0,0,0,19-APR-2021,
OPTIDX,BANKNIFTY,06-May-2021,37300,CE,0,0,0,1909.95,24.3,0,0,0,0,19-APR-2021,
OPTIDX,BANKNIFTY,06-May-2021,37400,CE,0,0,0,1871.8,22.4,0,0,0,0,19-APR-2021,
OPTIDX,BANKNIFTY,06-May-2021,37500,CE,0,0,0,1834.25,20.65,0,0,0,0,19-APR-2021,
OPTIDX,BANKNIFTY,06-May-2021,37600,CE,0,0,0,1797.3,19,0,0,0,0,19-APR-2021,
OPTIDX,BANKNIFTY,06-May-2021,37700,CE,0,0,0,1760.9,17.5,0,0,0,0,19-APR-2021,
OPTIDX,BANKNIFTY,06-May-2021,37800,CE,0,0,0,1725.05,16.1,0,0,0,0,19-APR-2021,
OPTIDX,BANKNIFTY,06-May-2021,37900,CE,0,0,0,1689.8,14.8,0,0,0,0,19-APR-2021,
OPTIDX,BANKNIFTY,06-May-2021,38000,CE,0,0,0,1655.15,13.6,0,0,0,0,19-APR-2021,
OPTIDX,BANKNIFTY,06-May-2021,38100,CE,0,0,0,1621,12.5,0,0,0,0,19-APR-2021,
OPTIDX,BANKNIFTY,06-May-2021,38200,CE,0,0,0,1587.45,11.45,0,0,0,0,19-APR-2021,
OPTIDX,BANKNIFTY,06-May-2021,38300,CE,0,0,0,1554.45,10.5,0,0,0,0,19-APR-2021,
OPTIDX,BANKNIFTY,06-May-2021,38400,CE,0,0,0,1522,9.65,0,0,0,0,19-APR-2021,
OPTIDX,BANKNIFTY,06-May-2021,38500,CE,0,0,0,1490.1,8.85,0,0,0,0,19-APR-2021,
OPTIDX,BANKNIFTY,06-May-2021,38600,CE,0,0,0,1458.7,8.1,0,0,0,0,19-APR-2021,
OPTIDX,BANKNIFTY,06-May-2021,38700,CE,0,0,0,1427.85,7.4,0,0,0,0,19-APR-2021,
OPTIDX,BANKNIFTY,06-May-2021,38800,CE,0,0,0,1397.55,6.8,0,0,25,0,19-APR-2021,
OPTIDX,BANKNIFTY,06-May-2021,38900,CE,0,0,0,1281.4,6.2,0,0,0,0,19-APR-2021,
OPTIDX,BANKNIFTY,06-May-2021,27800,PE,0,0,0,242.1,108,0,0,0,0,19-APR-2021,
OPTIDX,BANKNIFTY,06-May-2021,27900,PE,0,0,0,259.2,118.15,0,0,0,0,19-APR-2021,
OPTIDX,BANKNIFTY,06-May-2021,28000,PE,230.55,230.55,139.35,151.5,151.5,12,84.56,200,200,19-APR-2021,
OPTIDX,BANKNIFTY,06-May-2021,28100,PE,0,0,0,296.1,140.6,0,0,0,0,19-APR-2021,
OPTIDX,BANKNIFTY,06-May-2021,28200,PE,0,0,0,315.95,153.05,0,0,0,0,19-APR-2021,
OPTIDX,BANKNIFTY,06-May-2021,28300,PE,0,0,0,336.75,166.3,0,0,0,0,19-APR-2021,
OPTIDX,BANKNIFTY,06-May-2021,28400,PE,0,0,0,358.6,180.5,0,0,0,0,19-APR-2021,
OPTIDX,BANKNIFTY,06-May-2021,28500,PE,0,0,0,381.45,195.55,0,0,0,0,19-APR-2021,
OPTIDX,BANKNIFTY,06-May-2021,28600,PE,0,0,0,405.3,211.6,0,0,0,0,19-APR-2021,
OPTIDX,BANKNIFTY,06-May-2021,28700,PE,0,0,0,431.4,228.65,0,0,0,0,19-APR-2021,
OPTIDX,BANKNIFTY,06-May-2021,28800,PE,0,0,0,457.3,246.65,0,0,0,0,19-APR-2021,
OPTIDX,BANKNIFTY,06-May-2021,28900,PE,0,0,0,484.3,265.8,0,0,0,0,19-APR-2021,
OPTIDX,BANKNIFTY,06-May-2021,29000,PE,473.05,473.05,253.3,285.55,285.55,10,73.26,200,200,19-APR-2021,
OPTIDX,BANKNIFTY,06-May-2021,29100,PE,0,0,0,540.65,307.3,0,0,0,0,19-APR-2021,
OPTIDX,BANKNIFTY,06-May-2021,29200,PE,0,0,0,571.25,329.75,0,0,0,0,19-APR-2021,
OPTIDX,BANKNIFTY,06-May-2021,29300,PE,0,0,0,603,353.4,0,0,0,0,19-APR-2021,
OPTIDX,BANKNIFTY,06-May-2021,29400,PE,0,0,0,290.4,379.45,0,0,0,0,19-APR-2021,
OPTIDX,BANKNIFTY,06-May-2021,29500,PE,458.6,458.8,375,384.75,384.75,17,127.15,350,350,19-APR-2021,
OPTIDX,BANKNIFTY,06-May-2021,29600,PE,0,0,0,406.6,432.65,0,0,0,0,19-APR-2021,
OPTIDX,BANKNIFTY,06-May-2021,29700,PE,0,0,0,406.25,460.05,0,0,0,0,19-APR-2021,
OPTIDX,BANKNIFTY,06-May-2021,29800,PE,0,0,0,428.25,490.05,0,0,0,0,19-APR-2021,
OPTIDX,BANKNIFTY,06-May-2021,29900,PE,0,0,0,451.05,521.45,0,0,0,0,19-APR-2021,
OPTIDX,BANKNIFTY,06-May-2021,30000,PE,403.5,847.6,400.15,522.55,522.55,334,2556.94,4250,2775,19-APR-2021,
OPTIDX,BANKNIFTY,06-May-2021,30100,PE,0,0,0,615.4,588.3,0,0,0,0,19-APR-2021,
OPTIDX,BANKNIFTY,06-May-2021,30200,PE,0,0,0,641.85,623.85,0,0,0,0,19-APR-2021,
OPTIDX,BANKNIFTY,06-May-2021,30300,PE,0,0,0,617.9,660.75,0,0,0,0,19-APR-2021,
OPTIDX,BANKNIFTY,06-May-2021,30400,PE,658.25,699.8,658.25,685.95,685.95,3,23.31,75,75,19-APR-2021,
OPTIDX,BANKNIFTY,06-May-2021,30500,PE,1228.85,1228.85,634.3,658.65,658.65,118,923.42,875,775,19-APR-2021,
OPTIDX,BANKNIFTY,06-May-2021,30600,PE,1539.85,1539.85,696.75,697.5,697.5,18,141.98,175,175,19-APR-2021,
OPTIDX,BANKNIFTY,06-May-2021,30700,PE,0,0,0,687.9,822.95,0,0,0,0,19-APR-2021,
OPTIDX,BANKNIFTY,06-May-2021,30800,PE,1335.3,1335.3,622.4,782.9,782.9,17,134.83,75,75,19-APR-2021,
OPTIDX,BANKNIFTY,06-May-2021,30900,PE,825.95,825.95,823.45,824.7,824.7,2,15.86,50,50,19-APR-2021,
OPTIDX,BANKNIFTY,06-May-2021,31000,PE,1153.7,1398.6,804,830.1,830.1,162,1295.47,1600,1075,19-APR-2021,
OPTIDX,BANKNIFTY,06-May-2021,31100,PE,0,0,0,670,1008.45,0,0,25,0,19-APR-2021,
OPTIDX,BANKNIFTY,06-May-2021,31200,PE,925.35,925.35,925.35,925.35,925.35,1,8.03,25,25,19-APR-2021,
OPTIDX,BANKNIFTY,06-May-2021,31300,PE,1814.15,1814.15,1245.6,1245.6,1109.85,3,24.55,25,0,19-APR-2021,
OPTIDX,BANKNIFTY,06-May-2021,31400,PE,0,0,0,821.85,1162.8,0,0,0,0,19-APR-2021,
OPTIDX,BANKNIFTY,06-May-2021,31500,PE,1511.75,1583,1022,1026,1026,6,49.08,150,75,19-APR-2021,
OPTIDX,BANKNIFTY,06-May-2021,31600,PE,0,0,0,881,1273,0,0,0,0,19-APR-2021,
OPTIDX,BANKNIFTY,06-May-2021,31700,PE,0,0,0,912.45,1330.25,0,0,0,0,19-APR-2021,
OPTIDX,BANKNIFTY,06-May-2021,31800,PE,0,0,0,816.65,1388.9,0,0,0,0,19-APR-2021,
OPTIDX,BANKNIFTY,06-May-2021,31900,PE,1550.5,1550.5,1392.55,1392.55,1448.9,4,33.37,25,-25,19-APR-2021,
OPTIDX,BANKNIFTY,06-May-2021,32000,PE,1633.75,1979.6,1237.6,1297.05,1297.05,28,235.15,1000,-150,19-APR-2021,
OPTIDX,BANKNIFTY,06-May-2021,32100,PE,0,0,0,905,1573.1,0,0,0,0,19-APR-2021,
OPTIDX,BANKNIFTY,06-May-2021,32200,PE,2399.1,2399.1,1900,1900,1637.2,2,17.17,75,25,19-APR-2021,
OPTIDX,BANKNIFTY,06-May-2021,32300,PE,0,0,0,1015.8,1702.6,0,0,0,0,19-APR-2021,
OPTIDX,BANKNIFTY,06-May-2021,32400,PE,0,0,0,1047.75,1769.3,0,0,0,0,19-APR-2021,
OPTIDX,BANKNIFTY,06-May-2021,32500,PE,2202.1,2202.1,2202.1,2202.1,1837.25,1,8.67,25,0,19-APR-2021,
OPTIDX,BANKNIFTY,06-May-2021,32600,PE,0,0,0,1113.65,1906.5,0,0,0,0,19-APR-2021,
OPTIDX,BANKNIFTY,06-May-2021,32700,PE,0,0,0,1147.65,1976.9,0,0,0,0,19-APR-2021,
OPTIDX,BANKNIFTY,06-May-2021,32800,PE,0,0,0,1071.35,2048.55,0,0,0,0,19-APR-2021,
OPTIDX,BANKNIFTY,06-May-2021,32900,PE,0,0,0,1103.65,2121.3,0,0,0,0,19-APR-2021,
OPTIDX,BANKNIFTY,06-May-2021,33000,PE,0,0,0,1136.6,2195.25,0,0,0,0,19-APR-2021,
OPTIDX,BANKNIFTY,06-May-2021,33100,PE,0,0,0,1170.15,2271.8,0,0,0,0,19-APR-2021,
OPTIDX,BANKNIFTY,06-May-2021,33200,PE,0,0,0,1204.35,2348.05,0,0,0,0,19-APR-2021,
OPTIDX,BANKNIFTY,06-May-2021,33300,PE,0,0,0,1239.2,2424.05,0,0,0,0,19-APR-2021,
OPTIDX,BANKNIFTY,06-May-2021,33400,PE,0,0,0,1274.7,2502.25,0,0,0,0,19-APR-2021,
OPTIDX,BANKNIFTY,06-May-2021,33500,PE,0,0,0,1310.85,2581.4,0,0,0,0,19-APR-2021,
OPTIDX,BANKNIFTY,06-May-2021,33600,PE,0,0,0,1347.65,2661.55,0,0,0,0,19-APR-2021,
OPTIDX,BANKNIFTY,06-May-2021,33700,PE,0,0,0,1385.1,2742.6,0,0,0,0,19-APR-2021,
OPTIDX,BANKNIFTY,06-May-2021,33800,PE,0,0,0,1423.2,2824.55,0,0,0,0,19-APR-2021,
OPTIDX,BANKNIFTY,06-May-2021,33900,PE,0,0,0,1462,2907.4,0,0,0,0,19-APR-2021,
OPTIDX,BANKNIFTY,06-May-2021,34000,PE,0,0,0,1501.4,2991.05,0,0,0,0,19-APR-2021,
OPTIDX,BANKNIFTY,06-May-2021,34100,PE,0,0,0,1541.5,3075.5,0,0,0,0,19-APR-2021,
OPTIDX,BANKNIFTY,06-May-2021,34200,PE,0,0,0,1582.25,3160.75,0,0,0,0,19-APR-2021,
OPTIDX,BANKNIFTY,06-May-2021,34300,PE,0,0,0,1623.65,3246.75,0,0,0,0,19-APR-2021,
OPTIDX,BANKNIFTY,06-May-2021,34400,PE,0,0,0,1665.7,3333.45,0,0,0,0,19-APR-2021,
OPTIDX,BANKNIFTY,06-May-2021,34500,PE,0,0,0,1708.4,3420.85,0,0,0,0,19-APR-2021,
OPTIDX,BANKNIFTY,06-May-2021,34600,PE,0,0,0,1751.8,3508.9,0,0,0,0,19-APR-2021,
OPTIDX,BANKNIFTY,06-May-2021,34700,PE,0,0,0,1795.85,3597.6,0,0,0,0,19-APR-2021,
OPTIDX,BANKNIFTY,06-May-2021,34800,PE,0,0,0,1840.55,3686.9,0,0,0,0,19-APR-2021,
OPTIDX,BANKNIFTY,06-May-2021,34900,PE,0,0,0,1885.9,3776.8,0,0,0,0,19-APR-2021,
OPTIDX,BANKNIFTY,06-May-2021,35000,PE,0,0,0,1931.95,3867.25,0,0,0,0,19-APR-2021,
OPTIDX,BANKNIFTY,06-May-2021,35100,PE,0,0,0,1978.6,3958.25,0,0,0,0,19-APR-2021,
OPTIDX,BANKNIFTY,06-May-2021,35200,PE,0,0,0,2025.95,4049.7,0,0,0,0,19-APR-2021,
OPTIDX,BANKNIFTY,06-May-2021,35300,PE,0,0,0,2073.95,4141.7,0,0,0,0,19-APR-2021,
OPTIDX,BANKNIFTY,06-May-2021,35400,PE,0,0,0,2122.6,4234.15,0,0,0,0,19-APR-2021,
OPTIDX,BANKNIFTY,06-May-2021,35500,PE,0,0,0,2171.9,4327,0,0,0,0,19-APR-2021,
OPTIDX,BANKNIFTY,06-May-2021,35600,PE,0,0,0,2221.7,4420.3,0,0,0,0,19-APR-2021,
OPTIDX,BANKNIFTY,06-May-2021,35700,PE,0,0,0,2272.3,4514,0,0,0,0,19-APR-2021,
OPTIDX,BANKNIFTY,06-May-2021,35800,PE,0,0,0,2323.55,4608.1,0,0,0,0,19-APR-2021,
OPTIDX,BANKNIFTY,06-May-2021,35900,PE,0,0,0,2375.45,4702.5,0,0,0,0,19-APR-2021,
OPTIDX,BANKNIFTY,06-May-2021,36000,PE,0,0,0,2428,4797.3,0,0,0,0,19-APR-2021,
OPTIDX,BANKNIFTY,06-May-2021,36100,PE,0,0,0,2481.15,4892.4,0,0,0,0,19-APR-2021,
OPTIDX,BANKNIFTY,06-May-2021,36200,PE,0,0,0,2535,4987.75,0,0,0,0,19-APR-2021,
OPTIDX,BANKNIFTY,06-May-2021,36300,PE,0,0,0,2589.45,5083.45,0,0,0,0,19-APR-2021,
OPTIDX,BANKNIFTY,06-May-2021,36400,PE,0,0,0,2644.5,5179.4,0,0,0,0,19-APR-2021,
OPTIDX,BANKNIFTY,06-May-2021,36500,PE,0,0,0,2700.2,5275.6,0,0,0,0,19-APR-2021,
OPTIDX,BANKNIFTY,06-May-2021,36600,PE,0,0,0,2756.55,5372.05,0,0,0,0,19-APR-2021,
OPTIDX,BANKNIFTY,06-May-2021,36700,PE,0,0,0,2813.5,5468.75,0,0,0,0,19-APR-2021,
OPTIDX,BANKNIFTY,06-May-2021,36800,PE,0,0,0,2871.1,5565.65,0,0,0,0,19-APR-2021,
OPTIDX,BANKNIFTY,06-May-2021,36900,PE,0,0,0,2929.3,5662.75,0,0,0,0,19-APR-2021,
OPTIDX,BANKNIFTY,06-May-2021,37000,PE,0,0,0,2988.1,5760,0,0,0,0,19-APR-2021,
OPTIDX,BANKNIFTY,06-May-2021,37100,PE,0,0,0,3047.5,5857.5,0,0,0,0,19-APR-2021,
OPTIDX,BANKNIFTY,06-May-2021,37200,PE,0,0,0,3107.5,5955.1,0,0,0,0,19-APR-2021,
OPTIDX,BANKNIFTY,06-May-2021,37300,PE,0,0,0,3168.1,6052.9,0,0,0,0,19-APR-2021,
OPTIDX,BANKNIFTY,06-May-2021,37400,PE,0,0,0,3229.3,6150.85,0,0,0,0,19-APR-2021,
OPTIDX,BANKNIFTY,06-May-2021,37500,PE,0,0,0,3291.1,6248.9,0,0,0,0,19-APR-2021,
OPTIDX,BANKNIFTY,06-May-2021,37600,PE,0,0,0,3353.5,6347.1,0,0,0,0,19-APR-2021,
OPTIDX,BANKNIFTY,06-May-2021,37700,PE,0,0,0,3416.45,6445.4,0,0,0,0,19-APR-2021,
OPTIDX,BANKNIFTY,06-May-2021,37800,PE,0,0,0,3480,6543.85,0,0,0,0,19-APR-2021,
OPTIDX,BANKNIFTY,06-May-2021,37900,PE,0,0,0,3544.1,6642.35,0,0,0,0,19-APR-2021,
OPTIDX,BANKNIFTY,06-May-2021,38000,PE,0,0,0,3608.8,6741,0,0,0,0,19-APR-2021,
OPTIDX,BANKNIFTY,06-May-2021,38100,PE,0,0,0,3674,6839.75,0,0,0,0,19-APR-2021,
OPTIDX,BANKNIFTY,06-May-2021,38200,PE,0,0,0,3739.8,6938.55,0,0,0,0,19-APR-2021,
OPTIDX,BANKNIFTY,06-May-2021,38300,PE,0,0,0,3806.15,7037.4,0,0,0,0,19-APR-2021,
OPTIDX,BANKNIFTY,06-May-2021,38400,PE,0,0,0,3873.05,7136.4,0,0,0,0,19-APR-2021,
OPTIDX,BANKNIFTY,06-May-2021,38500,PE,0,0,0,3940.5,7235.4,0,0,0,0,19-APR-2021,
OPTIDX,BANKNIFTY,06-May-2021,38600,PE,0,0,0,4008.5,7334.5,0,0,0,0,19-APR-2021,
OPTIDX,BANKNIFTY,06-May-2021,38700,PE,0,0,0,4077,7433.65,0,0,0,0,19-APR-2021,
OPTIDX,BANKNIFTY,06-May-2021,38800,PE,0,0,0,4146.05,7532.85,0,0,0,0,19-APR-2021,
OPTIDX,BANKNIFTY,06-May-2021,38900,PE,0,0,0,4084.6,7632.1,0,0,0,0,19-APR-2021,
OPTIDX,BANKNIFTY,12-May-2021,27800,CE,0,0,0,3402.85,3655.5,0,0,0,0,19-APR-2021,
OPTIDX,BANKNIFTY,12-May-2021,27900,CE,0,0,0,3323.05,3569.5,0,0,0,0,19-APR-2021,
OPTIDX,BANKNIFTY,12-May-2021,28000,CE,0,0,0,3244.15,3484.3,0,0,0,0,19-APR-2021,
OPTIDX,BANKNIFTY,12-May-2021,28100,CE,0,0,0,3166.1,3399.9,0,0,0,0,19-APR-2021,
OPTIDX,BANKNIFTY,12-May-2021,28200,CE,0,0,0,3089,3316.35,0,0,0,0,19-APR-2021,
OPTIDX,BANKNIFTY,12-May-2021,28300,CE,0,0,0,3012.85,3233.7,0,0,0,0,19-APR-2021,
OPTIDX,BANKNIFTY,12-May-2021,28400,CE,0,0,0,2937.65,3151.9,0,0,0,0,19-APR-2021,
OPTIDX,BANKNIFTY,12-May-2021,28500,CE,0,0,0,2864.45,3071.05,0,0,0,0,19-APR-2021,
OPTIDX,BANKNIFTY,12-May-2021,28600,CE,0,0,0,2791.1,2991.1,0,0,0,0,19-APR-2021,
OPTIDX,BANKNIFTY,12-May-2021,28700,CE,0,0,0,2718.7,2912.15,0,0,0,0,19-APR-2021,
OPTIDX,BANKNIFTY,12-May-2021,28800,CE,0,0,0,2647.35,2834.15,0,0,0,0,19-APR-2021,
OPTIDX,BANKNIFTY,12-May-2021,28900,CE,0,0,0,2575.9,2757.2,0,0,0,0,19-APR-2021,
OPTIDX,BANKNIFTY,12-May-2021,29000,CE,0,0,0,2506.75,2681.25,0,0,0,0,19-APR-2021,
OPTIDX,BANKNIFTY,12-May-2021,29100,CE,0,0,0,2438.7,2607.55,0,0,0,0,19-APR-2021,
OPTIDX,BANKNIFTY,12-May-2021,29200,CE,0,0,0,2371.7,2533.65,0,0,0,0,19-APR-2021,
OPTIDX,BANKNIFTY,12-May-2021,29300,CE,0,0,0,2305.75,2460.8,0,0,0,0,19-APR-2021,
OPTIDX,BANKNIFTY,12-May-2021,29400,CE,0,0,0,3524.3,2387.85,0,0,0,0,19-APR-2021,
OPTIDX,BANKNIFTY,12-May-2021,29500,CE,0,0,0,3587.4,2317.4,0,0,0,0,19-APR-2021,
OPTIDX,BANKNIFTY,12-May-2021,29600,CE,0,0,0,3511.4,2248.15,0,0,0,0,19-APR-2021,
OPTIDX,BANKNIFTY,12-May-2021,29700,CE,0,0,0,3590.15,2180.1,0,0,0,0,19-APR-2021,
OPTIDX,BANKNIFTY,12-May-2021,29800,CE,0,0,0,3514.65,2113.2,0,0,0,0,19-APR-2021,
OPTIDX,BANKNIFTY,12-May-2021,29900,CE,0,0,0,3441.2,2047.5,0,0,0,0,19-APR-2021,
OPTIDX,BANKNIFTY,12-May-2021,30000,CE,0,0,0,3831.1,1983,0,0,0,0,19-APR-2021,
OPTIDX,BANKNIFTY,12-May-2021,30100,CE,0,0,0,3758.75,1919.7,0,0,0,0,19-APR-2021,
OPTIDX,BANKNIFTY,12-May-2021,30200,CE,0,0,0,3687.2,1857.65,0,0,0,0,19-APR-2021,
OPTIDX,BANKNIFTY,12-May-2021,30300,CE,0,0,0,3851.15,1796.85,0,0,0,0,19-APR-2021,
OPTIDX,BANKNIFTY,12-May-2021,30400,CE,0,0,0,3779.3,1737.3,0,0,0,0,19-APR-2021,
OPTIDX,BANKNIFTY,12-May-2021,30500,CE,0,0,0,3708.25,1679,0,0,0,0,19-APR-2021,
OPTIDX,BANKNIFTY,12-May-2021,30600,CE,0,0,0,3912.7,1621.95,0,0,0,0,19-APR-2021,
OPTIDX,BANKNIFTY,12-May-2021,30700,CE,0,0,0,3841.5,1566.2,0,0,0,0,19-APR-2021,
OPTIDX,BANKNIFTY,12-May-2021,30800,CE,0,0,0,3771.05,1511.65,0,0,0,0,19-APR-2021,
OPTIDX,BANKNIFTY,12-May-2021,30900,CE,0,0,0,3970,1458.4,0,0,0,0,19-APR-2021,
OPTIDX,BANKNIFTY,12-May-2021,31000,CE,0,0,0,1728.8,1406.4,0,0,25,0,19-APR-2021,
OPTIDX,BANKNIFTY,12-May-2021,31100,CE,0,0,0,3829.85,1355.65,0,0,0,0,19-APR-2021,
OPTIDX,BANKNIFTY,12-May-2021,31200,CE,0,0,0,4060.5,1306.05,0,0,0,0,19-APR-2021,
OPTIDX,BANKNIFTY,12-May-2021,31300,CE,0,0,0,3990.7,1257.8,0,0,0,0,19-APR-2021,
OPTIDX,BANKNIFTY,12-May-2021,31400,CE,0,0,0,3920.2,1210.8,0,0,0,0,19-APR-2021,
OPTIDX,BANKNIFTY,12-May-2021,31500,CE,0,0,0,3851.9,1165.05,0,0,0,0,19-APR-2021,
OPTIDX,BANKNIFTY,12-May-2021,31600,CE,0,0,0,3784.25,1120.55,0,0,0,0,19-APR-2021,
OPTIDX,BANKNIFTY,12-May-2021,31700,CE,0,0,0,3717.35,1077.25,0,0,0,0,19-APR-2021,
OPTIDX,BANKNIFTY,12-May-2021,31800,CE,0,0,0,4096.9,1035.2,0,0,0,0,19-APR-2021,
OPTIDX,BANKNIFTY,12-May-2021,31900,CE,0,0,0,4026.45,994.3,0,0,0,0,19-APR-2021,
OPTIDX,BANKNIFTY,12-May-2021,32000,CE,0,0,0,3958.15,954.6,0,0,0,0,19-APR-2021,
OPTIDX,BANKNIFTY,12-May-2021,32100,CE,0,0,0,3890.55,916.1,0,0,0,0,19-APR-2021,
OPTIDX,BANKNIFTY,12-May-2021,32200,CE,0,0,0,4123.85,878.75,0,0,0,0,19-APR-2021,
OPTIDX,BANKNIFTY,12-May-2021,32300,CE,0,0,0,4055.45,842.55,0,0,0,0,19-APR-2021,
OPTIDX,BANKNIFTY,12-May-2021,32400,CE,0,0,0,3987.75,807.5,0,0,0,0,19-APR-2021,
OPTIDX,BANKNIFTY,12-May-2021,32500,CE,0,0,0,4173.85,773.5,0,0,0,0,19-APR-2021,
OPTIDX,BANKNIFTY,12-May-2021,32600,CE,0,0,0,4105.8,740.65,0,0,0,0,19-APR-2021,
OPTIDX,BANKNIFTY,12-May-2021,32700,CE,0,0,0,4038.4,708.9,0,0,0,0,19-APR-2021,
OPTIDX,BANKNIFTY,12-May-2021,32800,CE,0,0,0,3971.65,678.15,0,0,0,0,19-APR-2021,
OPTIDX,BANKNIFTY,12-May-2021,32900,CE,0,0,0,4288.5,648.5,0,0,0,0,19-APR-2021,
OPTIDX,BANKNIFTY,12-May-2021,33000,CE,0,0,0,4221,619.85,0,0,0,0,19-APR-2021,
OPTIDX,BANKNIFTY,12-May-2021,33100,CE,0,0,0,4154.1,592.2,0,0,0,0,19-APR-2021,
OPTIDX,BANKNIFTY,12-May-2021,33200,CE,0,0,0,4087.85,565.55,0,0,0,0,19-APR-2021,
OPTIDX,BANKNIFTY,12-May-2021,33300,CE,0,0,0,4022.25,541.2,0,0,0,0,19-APR-2021,
OPTIDX,BANKNIFTY,12-May-2021,33400,CE,0,0,0,3957.3,516.6,0,0,0,0,19-APR-2021,
OPTIDX,BANKNIFTY,12-May-2021,33500,CE,0,0,0,3893,492.9,0,0,0,0,19-APR-2021,
OPTIDX,BANKNIFTY,12-May-2021,33600,CE,0,0,0,3829.35,470.1,0,0,0,0,19-APR-2021,
OPTIDX,BANKNIFTY,12-May-2021,33700,CE,0,0,0,3766.35,446.85,0,0,0,0,19-APR-2021,
OPTIDX,BANKNIFTY,12-May-2021,33800,CE,0,0,0,3704.05,425.65,0,0,0,0,19-APR-2021,
OPTIDX,BANKNIFTY,12-May-2021,33900,CE,0,0,0,3642.35,405.25,0,0,0,0,19-APR-2021,
OPTIDX,BANKNIFTY,12-May-2021,34000,CE,0,0,0,3581.35,385.7,0,0,0,0,19-APR-2021,
OPTIDX,BANKNIFTY,12-May-2021,34100,CE,0,0,0,3521,366.9,0,0,0,0,19-APR-2021,
OPTIDX,BANKNIFTY,12-May-2021,34200,CE,0,0,0,3461.3,348.9,0,0,0,0,19-APR-2021,
OPTIDX,BANKNIFTY,12-May-2021,34300,CE,0,0,0,3402.3,331.65,0,0,0,0,19-APR-2021,
OPTIDX,BANKNIFTY,12-May-2021,34400,CE,0,0,0,3343.95,315.1,0,0,0,0,19-APR-2021,
OPTIDX,BANKNIFTY,12-May-2021,34500,CE,0,0,0,3286.25,299.2,0,0,0,0,19-APR-2021,
OPTIDX,BANKNIFTY,12-May-2021,34600,CE,0,0,0,3229.25,284.05,0,0,0,0,19-APR-2021,
OPTIDX,BANKNIFTY,12-May-2021,34700,CE,0,0,0,3172.9,269.5,0,0,0,0,19-APR-2021,
OPTIDX,BANKNIFTY,12-May-2021,34800,CE,0,0,0,3117.2,255.6,0,0,0,0,19-APR-2021,
OPTIDX,BANKNIFTY,12-May-2021,34900,CE,0,0,0,3062.2,242.35,0,0,0,0,19-APR-2021,
OPTIDX,BANKNIFTY,12-May-2021,35000,CE,0,0,0,3007.85,229.65,0,0,0,0,19-APR-2021,
OPTIDX,BANKNIFTY,12-May-2021,35100,CE,0,0,0,2954.15,217.5,0,0,0,0,19-APR-2021,
OPTIDX,BANKNIFTY,12-May-2021,35200,CE,0,0,0,2901.15,205.95,0,0,0,0,19-APR-2021,
OPTIDX,BANKNIFTY,12-May-2021,35300,CE,0,0,0,2848.75,194.9,0,0,0,0,19-APR-2021,
OPTIDX,BANKNIFTY,12-May-2021,35400,CE,0,0,0,2797.1,184.4,0,0,0,0,19-APR-2021,
OPTIDX,BANKNIFTY,12-May-2021,35500,CE,0,0,0,2746.05,174.4,0,0,0,0,19-APR-2021,
OPTIDX,BANKNIFTY,12-May-2021,35600,CE,0,0,0,2695.65,164.85,0,0,0,0,19-APR-2021,
OPTIDX,BANKNIFTY,12-May-2021,35700,CE,0,0,0,2645.8,155.75,0,0,0,0,19-APR-2021,
OPTIDX,BANKNIFTY,12-May-2021,35800,CE,0,0,0,2596.75,147.1,0,0,0,0,19-APR-2021,
OPTIDX,BANKNIFTY,12-May-2021,35900,CE,0,0,0,2548.35,138.85,0,0,0,0,19-APR-2021,
OPTIDX,BANKNIFTY,12-May-2021,36000,CE,0,0,0,2500.6,131.05,0,0,0,0,19-APR-2021,
OPTIDX,BANKNIFTY,12-May-2021,36100,CE,0,0,0,2453.5,123.6,0,0,0,0,19-APR-2021,
OPTIDX,BANKNIFTY,12-May-2021,36200,CE,0,0,0,2407.05,116.55,0,0,0,0,19-APR-2021,
OPTIDX,BANKNIFTY,12-May-2021,36300,CE,0,0,0,2361.25,109.85,0,0,0,0,19-APR-2021,
OPTIDX,BANKNIFTY,12-May-2021,36400,CE,0,0,0,2316.05,103.5,0,0,0,0,19-APR-2021,
OPTIDX,BANKNIFTY,12-May-2021,36500,CE,0,0,0,2271.55,97.45,0,0,0,0,19-APR-2021,
OPTIDX,BANKNIFTY,12-May-2021,36600,CE,0,0,0,2227.65,91.75,0,0,0,0,19-APR-2021,
OPTIDX,BANKNIFTY,12-May-2021,36700,CE,0,0,0,2184.4,86.35,0,0,0,0,19-APR-2021,
OPTIDX,BANKNIFTY,12-May-2021,36800,CE,0,0,0,2141.75,81.2,0,0,0,0,19-APR-2021,
OPTIDX,BANKNIFTY,12-May-2021,36900,CE,0,0,0,2099.75,76.35,0,0,0,0,19-APR-2021,
OPTIDX,BANKNIFTY,12-May-2021,37000,CE,0,0,0,2058.35,71.75,0,0,0,0,19-APR-2021,
OPTIDX,BANKNIFTY,12-May-2021,37100,CE,0,0,0,2017.6,67.45,0,0,0,0,19-APR-2021,
OPTIDX,BANKNIFTY,12-May-2021,37200,CE,0,0,0,1977.45,63.35,0,0,0,0,19-APR-2021,
OPTIDX,BANKNIFTY,12-May-2021,37300,CE,0,0,0,1937.9,59.45,0,0,0,0,19-APR-2021,
OPTIDX,BANKNIFTY,12-May-2021,37400,CE,0,0,0,1899,55.8,0,0,0,0,19-APR-2021,
OPTIDX,BANKNIFTY,12-May-2021,37500,CE,0,0,0,1860.65,52.35,0,0,0,0,19-APR-2021,
OPTIDX,BANKNIFTY,12-May-2021,37600,CE,0,0,0,1822.95,49.1,0,0,0,0,19-APR-2021,
OPTIDX,BANKNIFTY,12-May-2021,37700,CE,0,0,0,1785.8,46,0,0,0,0,19-APR-2021,
OPTIDX,BANKNIFTY,12-May-2021,37800,CE,0,0,0,1749.25,43.1,0,0,0,0,19-APR-2021,
OPTIDX,BANKNIFTY,12-May-2021,37900,CE,0,0,0,1713.3,40.35,0,0,0,0,19-APR-2021,
OPTIDX,BANKNIFTY,12-May-2021,38000,CE,0,0,0,1677.9,37.8,0,0,0,0,19-APR-2021,
OPTIDX,BANKNIFTY,12-May-2021,38100,CE,0,0,0,1643.1,35.4,0,0,0,0,19-APR-2021,
OPTIDX,BANKNIFTY,12-May-2021,38200,CE,0,0,0,1608.85,33.1,0,0,0,0,19-APR-2021,
OPTIDX,BANKNIFTY,12-May-2021,38300,CE,0,0,0,1575.2,30.95,0,0,0,0,19-APR-2021,
OPTIDX,BANKNIFTY,12-May-2021,38400,CE,0,0,0,1542.05,28.95,0,0,0,0,19-APR-2021,
OPTIDX,BANKNIFTY,12-May-2021,38500,CE,0,0,0,1509.5,27.05,0,0,0,0,19-APR-2021,
OPTIDX,BANKNIFTY,12-May-2021,38600,CE,0,0,0,1477.5,25.25,0,0,0,0,19-APR-2021,
OPTIDX,BANKNIFTY,12-May-2021,38700,CE,0,0,0,1446,23.6,0,0,0,0,19-APR-2021,
OPTIDX,BANKNIFTY,12-May-2021,38800,CE,0,0,0,1415.1,22.05,0,0,0,0,19-APR-2021,
OPTIDX,BANKNIFTY,12-May-2021,38900,CE,0,0,0,1384.7,20.55,0,0,0,0,19-APR-2021,
OPTIDX,BANKNIFTY,12-May-2021,27800,PE,0,0,0,327.8,183.6,0,0,0,0,19-APR-2021,
OPTIDX,BANKNIFTY,12-May-2021,27900,PE,0,0,0,347.7,197.35,0,0,0,0,19-APR-2021,
OPTIDX,BANKNIFTY,12-May-2021,28000,PE,0,0,0,368.5,211.95,0,0,0,0,19-APR-2021,
OPTIDX,BANKNIFTY,12-May-2021,28100,PE,0,0,0,390.15,227.3,0,0,0,0,19-APR-2021,
OPTIDX,BANKNIFTY,12-May-2021,28200,PE,0,0,0,412.75,243.55,0,0,0,0,19-APR-2021,
OPTIDX,BANKNIFTY,12-May-2021,28300,PE,0,0,0,436.3,260.65,0,0,0,0,19-APR-2021,
OPTIDX,BANKNIFTY,12-May-2021,28400,PE,0,0,0,460.8,278.6,0,0,0,0,19-APR-2021,
OPTIDX,BANKNIFTY,12-May-2021,28500,PE,0,0,0,487.3,297.5,0,0,0,0,19-APR-2021,
OPTIDX,BANKNIFTY,12-May-2021,28600,PE,0,0,0,513.65,317.35,0,0,0,0,19-APR-2021,
OPTIDX,BANKNIFTY,12-May-2021,28700,PE,0,0,0,540.95,338.15,0,0,0,0,19-APR-2021,
OPTIDX,BANKNIFTY,12-May-2021,28800,PE,0,0,0,569.3,359.95,0,0,0,0,19-APR-2021,
OPTIDX,BANKNIFTY,12-May-2021,28900,PE,0,0,0,597.55,382.75,0,0,0,0,19-APR-2021,
OPTIDX,BANKNIFTY,12-May-2021,29000,PE,0,0,0,628.15,406.6,0,0,0,0,19-APR-2021,
OPTIDX,BANKNIFTY,12-May-2021,29100,PE,0,0,0,659.75,432.65,0,0,0,0,19-APR-2021,
OPTIDX,BANKNIFTY,12-May-2021,29200,PE,0,0,0,692.45,458.5,0,0,0,0,19-APR-2021,
OPTIDX,BANKNIFTY,12-May-2021,29300,PE,0,0,0,726.2,485.45,0,0,0,0,19-APR-2021,
OPTIDX,BANKNIFTY,12-May-2021,29400,PE,0,0,0,383,512.25,0,0,0,0,19-APR-2021,
OPTIDX,BANKNIFTY,12-May-2021,29500,PE,0,0,0,477.45,541.6,0,0,0,0,19-APR-2021,
OPTIDX,BANKNIFTY,12-May-2021,29600,PE,0,0,0,501.05,572.15,0,0,0,0,19-APR-2021,
OPTIDX,BANKNIFTY,12-May-2021,29700,PE,0,0,0,498.95,603.8,0,0,0,0,19-APR-2021,
OPTIDX,BANKNIFTY,12-May-2021,29800,PE,0,0,0,523.05,636.7,0,0,0,0,19-APR-2021,
OPTIDX,BANKNIFTY,12-May-2021,29900,PE,0,0,0,549.2,670.75,0,0,0,0,19-APR-2021,
OPTIDX,BANKNIFTY,12-May-2021,30000,PE,0,0,0,350,706.05,0,0,225,0,19-APR-2021,
OPTIDX,BANKNIFTY,12-May-2021,30100,PE,0,0,0,704.25,742.55,0,0,0,0,19-APR-2021,
OPTIDX,BANKNIFTY,12-May-2021,30200,PE,0,0,0,900,780.25,0,0,0,0,19-APR-2021,
OPTIDX,BANKNIFTY,12-May-2021,30300,PE,0,0,0,705.75,819.25,0,0,0,0,19-APR-2021,
OPTIDX,BANKNIFTY,12-May-2021,30400,PE,0,0,0,733.4,859.45,0,0,0,0,19-APR-2021,
OPTIDX,BANKNIFTY,12-May-2021,30500,PE,0,0,0,761.85,900.95,0,0,0,0,19-APR-2021,
OPTIDX,BANKNIFTY,12-May-2021,30600,PE,0,0,0,748.9,943.65,0,0,0,0,19-APR-2021,
OPTIDX,BANKNIFTY,12-May-2021,30700,PE,0,0,0,777.2,987.65,0,0,0,0,19-APR-2021,
OPTIDX,BANKNIFTY,12-May-2021,30800,PE,0,0,0,806.2,1032.9,0,0,0,0,19-APR-2021,
OPTIDX,BANKNIFTY,12-May-2021,30900,PE,0,0,0,838.15,1079.4,0,0,0,0,19-APR-2021,
OPTIDX,BANKNIFTY,12-May-2021,31000,PE,0,0,0,867.8,1127.15,0,0,0,0,19-APR-2021,
OPTIDX,BANKNIFTY,12-May-2021,31100,PE,0,0,0,896.9,1176.2,0,0,0,0,19-APR-2021,
OPTIDX,BANKNIFTY,12-May-2021,31200,PE,0,0,0,851.8,1226.35,0,0,0,0,19-APR-2021,
OPTIDX,BANKNIFTY,12-May-2021,31300,PE,0,0,0,881.4,1277.9,0,0,0,0,19-APR-2021,
OPTIDX,BANKNIFTY,12-May-2021,31400,PE,0,0,0,910.35,1330.7,0,0,0,0,19-APR-2021,
OPTIDX,BANKNIFTY,12-May-2021,31500,PE,0,0,0,941.45,1384.7,0,0,0,0,19-APR-2021,
OPTIDX,BANKNIFTY,12-May-2021,31600,PE,0,0,0,973.25,1439.95,0,0,0,0,19-APR-2021,
OPTIDX,BANKNIFTY,12-May-2021,31700,PE,0,0,0,1005.75,1496.45,0,0,0,0,19-APR-2021,
OPTIDX,BANKNIFTY,12-May-2021,31800,PE,0,0,0,906.15,1554.15,0,0,0,0,19-APR-2021,
OPTIDX,BANKNIFTY,12-May-2021,31900,PE,0,0,0,935.1,1613,0,0,0,0,19-APR-2021,
OPTIDX,BANKNIFTY,12-May-2021,32000,PE,0,0,0,966.2,1673.1,0,0,0,0,19-APR-2021,
OPTIDX,BANKNIFTY,12-May-2021,32100,PE,0,0,0,998,1734.35,0,0,0,0,19-APR-2021,
OPTIDX,BANKNIFTY,12-May-2021,32200,PE,0,0,0,949.95,1796.8,0,0,0,0,19-APR-2021,
OPTIDX,BANKNIFTY,12-May-2021,32300,PE,0,0,0,981,1860.35,0,0,0,0,19-APR-2021,
OPTIDX,BANKNIFTY,12-May-2021,32400,PE,0,0,0,1012.7,1925.05,0,0,0,0,19-APR-2021,
OPTIDX,BANKNIFTY,12-May-2021,32500,PE,0,0,0,980.3,1990.85,0,0,0,0,19-APR-2021,
OPTIDX,BANKNIFTY,12-May-2021,32600,PE,0,0,0,1011.6,2057.8,0,0,0,0,19-APR-2021,
OPTIDX,BANKNIFTY,12-May-2021,32700,PE,0,0,0,1043.6,2125.75,0,0,0,0,19-APR-2021,
OPTIDX,BANKNIFTY,12-May-2021,32800,PE,0,0,0,1076.25,2194.85,0,0,0,0,19-APR-2021,
OPTIDX,BANKNIFTY,12-May-2021,32900,PE,0,0,0,1040.75,2264.95,0,0,0,0,19-APR-2021,
OPTIDX,BANKNIFTY,12-May-2021,33000,PE,0,0,0,1072.6,2336.05,0,0,0,0,19-APR-2021,
OPTIDX,BANKNIFTY,12-May-2021,33100,PE,0,0,0,1105.05,2408.15,0,0,0,0,19-APR-2021,
OPTIDX,BANKNIFTY,12-May-2021,33200,PE,0,0,0,1138.15,2481.3,0,0,0,0,19-APR-2021,
OPTIDX,BANKNIFTY,12-May-2021,33300,PE,0,0,0,1171.95,2556.7,0,0,0,0,19-APR-2021,
OPTIDX,BANKNIFTY,12-May-2021,33400,PE,0,0,0,1206.35,2631.9,0,0,0,0,19-APR-2021,
OPTIDX,BANKNIFTY,12-May-2021,33500,PE,0,0,0,1241.4,2707.95,0,0,0,0,19-APR-2021,
OPTIDX,BANKNIFTY,12-May-2021,33600,PE,0,0,0,1277.15,2784.95,0,0,0,0,19-APR-2021,
OPTIDX,BANKNIFTY,12-May-2021,33700,PE,0,0,0,1313.5,2861.45,0,0,0,0,19-APR-2021,
OPTIDX,BANKNIFTY,12-May-2021,33800,PE,0,0,0,1350.55,2940,0,0,0,0,19-APR-2021,
OPTIDX,BANKNIFTY,12-May-2021,33900,PE,0,0,0,1388.25,3019.4,0,0,0,0,19-APR-2021,
OPTIDX,BANKNIFTY,12-May-2021,34000,PE,0,0,0,1426.6,3099.6,0,0,0,0,19-APR-2021,
OPTIDX,BANKNIFTY,12-May-2021,34100,PE,0,0,0,1465.6,3180.6,0,0,0,0,19-APR-2021,
OPTIDX,BANKNIFTY,12-May-2021,34200,PE,0,0,0,1505.3,3262.35,0,0,0,0,19-APR-2021,
OPTIDX,BANKNIFTY,12-May-2021,34300,PE,0,0,0,1545.65,3344.85,0,0,0,0,19-APR-2021,
OPTIDX,BANKNIFTY,12-May-2021,34400,PE,0,0,0,1586.65,3428.1,0,0,0,0,19-APR-2021,
OPTIDX,BANKNIFTY,12-May-2021,34500,PE,0,0,0,1628.3,3512,0,0,0,0,19-APR-2021,
OPTIDX,BANKNIFTY,12-May-2021,34600,PE,0,0,0,1670.65,3596.6,0,0,0,0,19-APR-2021,
OPTIDX,BANKNIFTY,12-May-2021,34700,PE,0,0,0,1713.7,3681.85,0,0,0,0,19-APR-2021,
OPTIDX,BANKNIFTY,12-May-2021,34800,PE,0,0,0,1757.35,3767.7,0,0,0,0,19-APR-2021,
OPTIDX,BANKNIFTY,12-May-2021,34900,PE,0,0,0,1801.7,3854.2,0,0,0,0,19-APR-2021,
OPTIDX,BANKNIFTY,12-May-2021,35000,PE,0,0,0,1846.7,3941.25,0,0,0,0,19-APR-2021,
OPTIDX,BANKNIFTY,12-May-2021,35100,PE,0,0,0,1892.4,4028.95,0,0,0,0,19-APR-2021,
OPTIDX,BANKNIFTY,12-May-2021,35200,PE,0,0,0,1938.75,4117.15,0,0,0,0,19-APR-2021,
OPTIDX,BANKNIFTY,12-May-2021,35300,PE,0,0,0,1985.75,4205.85,0,0,0,0,19-APR-2021,
OPTIDX,BANKNIFTY,12-May-2021,35400,PE,0,0,0,2033.4,4295.1,0,0,0,0,19-APR-2021,
OPTIDX,BANKNIFTY,12-May-2021,35500,PE,0,0,0,2081.75,4384.85,0,0,0,0,19-APR-2021,
OPTIDX,BANKNIFTY,12-May-2021,35600,PE,0,0,0,2130.7,4475.1,0,0,0,0,19-APR-2021,
OPTIDX,BANKNIFTY,12-May-2021,35700,PE,0,0,0,2180.25,4565.75,0,0,0,0,19-APR-2021,
OPTIDX,BANKNIFTY,12-May-2021,35800,PE,0,0,0,2230.55,4656.9,0,0,0,0,19-APR-2021,
OPTIDX,BANKNIFTY,12-May-2021,35900,PE,0,0,0,2281.5,4748.45,0,0,0,0,19-APR-2021,
OPTIDX,BANKNIFTY,12-May-2021,36000,PE,0,0,0,2333.1,4840.4,0,0,0,0,19-APR-2021,
OPTIDX,BANKNIFTY,12-May-2021,36100,PE,0,0,0,2385.35,4932.75,0,0,0,0,19-APR-2021,
OPTIDX,BANKNIFTY,12-May-2021,36200,PE,0,0,0,2438.25,5025.45,0,0,0,0,19-APR-2021,
OPTIDX,BANKNIFTY,12-May-2021,36300,PE,0,0,0,2491.85,5118.5,0,0,0,0,19-APR-2021,
OPTIDX,BANKNIFTY,12-May-2021,36400,PE,0,0,0,2546,5211.95,0,0,0,0,19-APR-2021,
OPTIDX,BANKNIFTY,12-May-2021,36500,PE,0,0,0,2600.85,5305.65,0,0,0,0,19-APR-2021,
OPTIDX,BANKNIFTY,12-May-2021,36600,PE,0,0,0,2656.35,5399.75,0,0,0,0,19-APR-2021,
OPTIDX,BANKNIFTY,12-May-2021,36700,PE,0,0,0,2712.45,5494.1,0,0,0,0,19-APR-2021,
OPTIDX,BANKNIFTY,12-May-2021,36800,PE,0,0,0,2769.15,5588.75,0,0,0,0,19-APR-2021,
OPTIDX,BANKNIFTY,12-May-2021,36900,PE,0,0,0,2826.55,5683.65,0,0,0,0,19-APR-2021,
OPTIDX,BANKNIFTY,12-May-2021,37000,PE,0,0,0,2884.5,5778.85,0,0,0,0,19-APR-2021,
OPTIDX,BANKNIFTY,12-May-2021,37100,PE,0,0,0,2943.1,5874.25,0,0,0,0,19-APR-2021,
OPTIDX,BANKNIFTY,12-May-2021,37200,PE,0,0,0,3002.35,5969.95,0,0,0,0,19-APR-2021,
OPTIDX,BANKNIFTY,12-May-2021,37300,PE,0,0,0,3062.15,6065.85,0,0,0,0,19-APR-2021,
OPTIDX,BANKNIFTY,12-May-2021,37400,PE,0,0,0,3122.6,6161.95,0,0,0,0,19-APR-2021,
OPTIDX,BANKNIFTY,12-May-2021,37500,PE,0,0,0,3183.6,6258.25,0,0,0,0,19-APR-2021,
OPTIDX,BANKNIFTY,12-May-2021,37600,PE,0,0,0,3245.25,6354.75,0,0,0,0,19-APR-2021,
OPTIDX,BANKNIFTY,12-May-2021,37700,PE,0,0,0,3307.5,6451.45,0,0,0,0,19-APR-2021,
OPTIDX,BANKNIFTY,12-May-2021,37800,PE,0,0,0,3370.3,6548.35,0,0,0,0,19-APR-2021,
OPTIDX,BANKNIFTY,12-May-2021,37900,PE,0,0,0,3433.7,6645.4,0,0,0,0,19-APR-2021,
OPTIDX,BANKNIFTY,12-May-2021,38000,PE,0,0,0,3497.65,6742.6,0,0,0,0,19-APR-2021,
OPTIDX,BANKNIFTY,12-May-2021,38100,PE,0,0,0,3562.25,6839.95,0,0,0,0,19-APR-2021,
OPTIDX,BANKNIFTY,12-May-2021,38200,PE,0,0,0,3627.35,6937.4,0,0,0,0,19-APR-2021,
OPTIDX,BANKNIFTY,12-May-2021,38300,PE,0,0,0,3693.05,7035.05,0,0,0,0,19-APR-2021,
OPTIDX,BANKNIFTY,12-May-2021,38400,PE,0,0,0,3759.3,7132.8,0,0,0,0,19-APR-2021,
OPTIDX,BANKNIFTY,12-May-2021,38500,PE,0,0,0,3826.1,7230.7,0,0,0,0,19-APR-2021,
OPTIDX,BANKNIFTY,12-May-2021,38600,PE,0,0,0,3893.45,7328.7,0,0,0,0,19-APR-2021,
OPTIDX,BANKNIFTY,12-May-2021,38700,PE,0,0,0,3961.35,7426.8,0,0,0,0,19-APR-2021,
OPTIDX,BANKNIFTY,12-May-2021,38800,PE,0,0,0,4029.75,7525,0,0,0,0,19-APR-2021,
OPTIDX,BANKNIFTY,12-May-2021,38900,PE,0,0,0,4098.75,7623.3,0,0,0,0,19-APR-2021,
OPTIDX,BANKNIFTY,20-May-2021,27800,CE,0,0,0,3537.75,3784.15,0,0,0,0,19-APR-2021,
OPTIDX,BANKNIFTY,20-May-2021,27900,CE,0,0,0,3460.95,3702.05,0,0,0,0,19-APR-2021,
OPTIDX,BANKNIFTY,20-May-2021,28000,CE,0,0,0,3385,3620.7,0,0,0,0,19-APR-2021,
OPTIDX,BANKNIFTY,20-May-2021,28100,CE,0,0,0,3309.85,3540.15,0,0,0,0,19-APR-2021,
OPTIDX,BANKNIFTY,20-May-2021,28200,CE,0,0,0,3236.7,3460.45,0,0,0,0,19-APR-2021,
OPTIDX,BANKNIFTY,20-May-2021,28300,CE,0,0,0,3163.25,3381.6,0,0,0,0,19-APR-2021,
OPTIDX,BANKNIFTY,20-May-2021,28400,CE,0,0,0,3090.65,3303.6,0,0,0,0,19-APR-2021,
OPTIDX,BANKNIFTY,20-May-2021,28500,CE,0,0,0,3019,3226.5,0,0,0,0,19-APR-2021,
OPTIDX,BANKNIFTY,20-May-2021,28600,CE,0,0,0,2948.25,3150.25,0,0,0,0,19-APR-2021,
OPTIDX,BANKNIFTY,20-May-2021,28700,CE,0,0,0,2877.3,3074.95,0,0,0,0,19-APR-2021,
OPTIDX,BANKNIFTY,20-May-2021,28800,CE,0,0,0,2808.55,3001.7,0,0,0,0,19-APR-2021,
OPTIDX,BANKNIFTY,20-May-2021,28900,CE,0,0,0,2740.75,2928.15,0,0,0,0,19-APR-2021,
OPTIDX,BANKNIFTY,20-May-2021,29000,CE,0,0,0,2673.9,2855.55,0,0,0,0,19-APR-2021,
OPTIDX,BANKNIFTY,20-May-2021,29100,CE,0,0,0,2608.05,2783.95,0,0,0,0,19-APR-2021,
OPTIDX,BANKNIFTY,20-May-2021,29200,CE,0,0,0,2543.15,2712.1,0,0,0,0,19-APR-2021,
OPTIDX,BANKNIFTY,20-May-2021,29300,CE,0,0,0,2479.25,2642.65,0,0,0,0,19-APR-2021,
OPTIDX,BANKNIFTY,20-May-2021,29400,CE,0,0,0,3667.4,2574.15,0,0,0,0,19-APR-2021,
OPTIDX,BANKNIFTY,20-May-2021,29500,CE,0,0,0,3730.45,2506.7,0,0,0,0,19-APR-2021,
OPTIDX,BANKNIFTY,20-May-2021,29600,CE,0,0,0,3656.75,2440.3,0,0,0,0,19-APR-2021,
OPTIDX,BANKNIFTY,20-May-2021,29700,CE,0,0,0,3733.15,2374.95,0,0,0,0,19-APR-2021,
OPTIDX,BANKNIFTY,20-May-2021,29800,CE,0,0,0,3659.9,2310.6,0,0,0,0,19-APR-2021,
OPTIDX,BANKNIFTY,20-May-2021,29900,CE,0,0,0,3587.4,2247.35,0,0,0,0,19-APR-2021,
OPTIDX,BANKNIFTY,20-May-2021,30000,CE,0,0,0,3966.55,2185.15,0,0,0,0,19-APR-2021,
OPTIDX,BANKNIFTY,20-May-2021,30100,CE,0,0,0,3896,2124,0,0,0,0,19-APR-2021,
OPTIDX,BANKNIFTY,20-May-2021,30200,CE,0,0,0,3826.2,2063.95,0,0,0,0,19-APR-2021,
OPTIDX,BANKNIFTY,20-May-2021,30300,CE,0,0,0,3987.55,2005,0,0,0,0,19-APR-2021,
OPTIDX,BANKNIFTY,20-May-2021,30400,CE,0,0,0,3917.45,1947.1,0,0,0,0,19-APR-2021,
OPTIDX,BANKNIFTY,20-May-2021,30500,CE,0,0,0,3848.1,1890.3,0,0,0,0,19-APR-2021,
OPTIDX,BANKNIFTY,20-May-2021,30600,CE,0,0,0,4049.55,1834.6,0,0,0,0,19-APR-2021,
OPTIDX,BANKNIFTY,20-May-2021,30700,CE,0,0,0,3980,1780,0,0,0,0,19-APR-2021,
OPTIDX,BANKNIFTY,20-May-2021,30800,CE,0,0,0,3909.8,1726.45,0,0,0,0,19-APR-2021,
OPTIDX,BANKNIFTY,20-May-2021,30900,CE,0,0,0,4106.5,1674,0,0,0,0,19-APR-2021,
OPTIDX,BANKNIFTY,20-May-2021,31000,CE,0,0,0,4036.95,1622.65,0,0,0,0,19-APR-2021,
OPTIDX,BANKNIFTY,20-May-2021,31100,CE,0,0,0,3969.4,1572.25,0,0,0,0,19-APR-2021,
OPTIDX,BANKNIFTY,20-May-2021,31200,CE,0,0,0,3902.6,1523.05,0,0,0,0,19-APR-2021,
OPTIDX,BANKNIFTY,20-May-2021,31300,CE,0,0,0,3836.45,1474.95,0,0,0,0,19-APR-2021,
OPTIDX,BANKNIFTY,20-May-2021,31400,CE,0,0,0,3770.95,1427.9,0,0,0,0,19-APR-2021,
OPTIDX,BANKNIFTY,20-May-2021,31500,CE,0,0,0,3706.2,1381.95,0,0,0,0,19-APR-2021,
OPTIDX,BANKNIFTY,20-May-2021,31600,CE,0,0,0,3642.1,1337,0,0,0,0,19-APR-2021,
OPTIDX,BANKNIFTY,20-May-2021,31700,CE,0,0,0,3578.75,1293.15,0,0,0,0,19-APR-2021,
OPTIDX,BANKNIFTY,20-May-2021,31800,CE,0,0,0,3516.05,1250.35,0,0,0,0,19-APR-2021,
OPTIDX,BANKNIFTY,20-May-2021,31900,CE,0,0,0,3454.05,1208.6,0,0,0,0,19-APR-2021,
OPTIDX,BANKNIFTY,20-May-2021,32000,CE,0,0,0,3392.8,1167.85,0,0,0,0,19-APR-2021,
OPTIDX,BANKNIFTY,20-May-2021,32100,CE,0,0,0,3332.2,1128.1,0,0,0,0,19-APR-2021,
OPTIDX,BANKNIFTY,20-May-2021,32200,CE,0,0,0,3272.3,1089.4,0,0,0,0,19-APR-2021,
OPTIDX,BANKNIFTY,20-May-2021,32300,CE,0,0,0,3213.15,1051.7,0,0,0,0,19-APR-2021,
OPTIDX,BANKNIFTY,20-May-2021,32400,CE,0,0,0,3154.7,1014.95,0,0,0,0,19-APR-2021,
OPTIDX,BANKNIFTY,20-May-2021,32500,CE,0,0,0,3096.95,979.2,0,0,0,0,19-APR-2021,
OPTIDX,BANKNIFTY,20-May-2021,32600,CE,0,0,0,3039.9,944.45,0,0,0,0,19-APR-2021,
OPTIDX,BANKNIFTY,20-May-2021,32700,CE,0,0,0,2983.55,910.6,0,0,0,0,19-APR-2021,
OPTIDX,BANKNIFTY,20-May-2021,32800,CE,0,0,0,2927.9,877.7,0,0,0,0,19-APR-2021,
OPTIDX,BANKNIFTY,20-May-2021,32900,CE,0,0,0,2873,845.75,0,0,0,0,19-APR-2021,
OPTIDX,BANKNIFTY,20-May-2021,33000,CE,0,0,0,2818.8,814.7,0,0,0,0,19-APR-2021,
OPTIDX,BANKNIFTY,20-May-2021,33100,CE,0,0,0,2765.25,784.5,0,0,0,0,19-APR-2021,
OPTIDX,BANKNIFTY,20-May-2021,33200,CE,0,0,0,2712.45,755.25,0,0,0,0,19-APR-2021,
OPTIDX,BANKNIFTY,20-May-2021,33300,CE,0,0,0,2660.4,726.85,0,0,0,0,19-APR-2021,
OPTIDX,BANKNIFTY,20-May-2021,33400,CE,0,0,0,2609,699.3,0,0,0,0,19-APR-2021,
OPTIDX,BANKNIFTY,20-May-2021,33500,CE,0,0,0,2558.3,672.6,0,0,0,0,19-APR-2021,
OPTIDX,BANKNIFTY,20-May-2021,33600,CE,0,0,0,2508.15,646.7,0,0,0,0,19-APR-2021,
OPTIDX,BANKNIFTY,20-May-2021,33700,CE,0,0,0,2458.9,623.05,0,0,0,0,19-APR-2021,
OPTIDX,BANKNIFTY,20-May-2021,33800,CE,0,0,0,2410.3,598.9,0,0,0,0,19-APR-2021,
OPTIDX,BANKNIFTY,20-May-2021,33900,CE,0,0,0,2362.4,575.5,0,0,0,0,19-APR-2021,
OPTIDX,BANKNIFTY,20-May-2021,34000,CE,0,0,0,2315.15,552.9,0,0,0,0,19-APR-2021,
OPTIDX,BANKNIFTY,20-May-2021,34100,CE,0,0,0,2268.65,529.75,0,0,0,0,19-APR-2021,
OPTIDX,BANKNIFTY,20-May-2021,34200,CE,0,0,0,2222.8,508.45,0,0,0,0,19-APR-2021,
OPTIDX,BANKNIFTY,20-May-2021,34300,CE,0,0,0,2177.65,487.9,0,0,0,0,19-APR-2021,
OPTIDX,BANKNIFTY,20-May-2021,34400,CE,0,0,0,2133.15,468.05,0,0,0,0,19-APR-2021,
OPTIDX,BANKNIFTY,20-May-2021,34500,CE,0,0,0,2089.35,448.85,0,0,0,0,19-APR-2021,
OPTIDX,BANKNIFTY,20-May-2021,34600,CE,0,0,0,2046.25,430.3,0,0,0,0,19-APR-2021,
OPTIDX,BANKNIFTY,20-May-2021,34700,CE,0,0,0,2003.8,412.4,0,0,0,0,19-APR-2021,
OPTIDX,BANKNIFTY,20-May-2021,34800,CE,0,0,0,1962,395.15,0,0,0,0,19-APR-2021,
OPTIDX,BANKNIFTY,20-May-2021,34900,CE,0,0,0,1920.85,378.5,0,0,0,0,19-APR-2021,
OPTIDX,BANKNIFTY,20-May-2021,35000,CE,0,0,0,1880.35,362.4,0,0,0,0,19-APR-2021,
OPTIDX,BANKNIFTY,20-May-2021,35100,CE,0,0,0,1840.55,346.95,0,0,0,0,19-APR-2021,
OPTIDX,BANKNIFTY,20-May-2021,35200,CE,0,0,0,1801.35,332.05,0,0,0,0,19-APR-2021,
OPTIDX,BANKNIFTY,20-May-2021,35300,CE,0,0,0,1762.8,317.65,0,0,0,0,19-APR-2021,
OPTIDX,BANKNIFTY,20-May-2021,35400,CE,0,0,0,1724.9,303.85,0,0,0,0,19-APR-2021,
OPTIDX,BANKNIFTY,20-May-2021,35500,CE,0,0,0,1687.6,290.5,0,0,0,0,19-APR-2021,
OPTIDX,BANKNIFTY,20-May-2021,35600,CE,0,0,0,1650.95,277.7,0,0,0,0,19-APR-2021,
OPTIDX,BANKNIFTY,20-May-2021,35700,CE,0,0,0,1614.95,265.4,0,0,0,0,19-APR-2021,
OPTIDX,BANKNIFTY,20-May-2021,35800,CE,0,0,0,1579.55,253.55,0,0,0,0,19-APR-2021,
OPTIDX,BANKNIFTY,20-May-2021,35900,CE,0,0,0,1544.75,242.15,0,0,0,0,19-APR-2021,
OPTIDX,BANKNIFTY,20-May-2021,36000,CE,0,0,0,1510.55,231.2,0,0,0,0,19-APR-2021,
OPTIDX,BANKNIFTY,20-May-2021,36100,CE,0,0,0,1476.95,220.7,0,0,0,0,19-APR-2021,
OPTIDX,BANKNIFTY,20-May-2021,36200,CE,0,0,0,1443.95,210.6,0,0,0,0,19-APR-2021,
OPTIDX,BANKNIFTY,20-May-2021,36300,CE,0,0,0,1411.5,200.9,0,0,0,0,19-APR-2021,
OPTIDX,BANKNIFTY,20-May-2021,36400,CE,0,0,0,1379.7,191.6,0,0,0,0,19-APR-2021,
OPTIDX,BANKNIFTY,20-May-2021,36500,CE,0,0,0,1348.45,182.7,0,0,0,0,19-APR-2021,
OPTIDX,BANKNIFTY,20-May-2021,36600,CE,0,0,0,1317.75,174.15,0,0,0,0,19-APR-2021,
OPTIDX,BANKNIFTY,20-May-2021,36700,CE,0,0,0,1287.65,165.95,0,0,0,0,19-APR-2021,
OPTIDX,BANKNIFTY,20-May-2021,36800,CE,0,0,0,1258.05,158.1,0,0,0,0,19-APR-2021,
OPTIDX,BANKNIFTY,20-May-2021,36900,CE,0,0,0,1229.05,150.6,0,0,0,0,19-APR-2021,
OPTIDX,BANKNIFTY,20-May-2021,37000,CE,0,0,0,1248.45,143.4,0,0,0,0,19-APR-2021,
OPTIDX,BANKNIFTY,20-May-2021,37100,CE,0,0,0,1219.1,136.5,0,0,0,0,19-APR-2021,
OPTIDX,BANKNIFTY,20-May-2021,37200,CE,0,0,0,1190.35,129.9,0,0,0,0,19-APR-2021,
OPTIDX,BANKNIFTY,20-May-2021,27800,PE,0,0,0,437.75,287.35,0,0,0,0,19-APR-2021,
OPTIDX,BANKNIFTY,20-May-2021,27900,PE,0,0,0,460.55,304.9,0,0,0,0,19-APR-2021,
OPTIDX,BANKNIFTY,20-May-2021,28000,PE,0,0,0,335,323.25,0,0,0,0,19-APR-2021,
OPTIDX,BANKNIFTY,20-May-2021,28100,PE,0,0,0,508.65,342.4,0,0,0,0,19-APR-2021,
OPTIDX,BANKNIFTY,20-May-2021,28200,PE,0,0,0,535.1,362.4,0,0,0,0,19-APR-2021,
OPTIDX,BANKNIFTY,20-May-2021,28300,PE,0,0,0,561.25,383.2,0,0,0,0,19-APR-2021,
OPTIDX,BANKNIFTY,20-May-2021,28400,PE,0,0,0,588.3,404.9,0,0,0,0,19-APR-2021,
OPTIDX,BANKNIFTY,20-May-2021,28500,PE,0,0,0,616.25,427.45,0,0,0,0,19-APR-2021,
OPTIDX,BANKNIFTY,20-May-2021,28600,PE,0,0,0,645.1,450.9,0,0,0,0,19-APR-2021,
OPTIDX,BANKNIFTY,20-May-2021,28700,PE,0,0,0,673.75,475.3,0,0,0,0,19-APR-2021,
OPTIDX,BANKNIFTY,20-May-2021,28800,PE,0,0,0,704.65,501.7,0,0,0,0,19-APR-2021,
OPTIDX,BANKNIFTY,20-May-2021,28900,PE,0,0,0,736.45,527.85,0,0,0,0,19-APR-2021,
OPTIDX,BANKNIFTY,20-May-2021,29000,PE,0,0,0,769.2,554.95,0,0,0,0,19-APR-2021,
OPTIDX,BANKNIFTY,20-May-2021,29100,PE,0,0,0,802.95,583,0,0,0,0,19-APR-2021,
OPTIDX,BANKNIFTY,20-May-2021,29200,PE,0,0,0,837.7,610.85,0,0,0,0,19-APR-2021,
OPTIDX,BANKNIFTY,20-May-2021,29300,PE,0,0,0,873.4,641.05,0,0,0,0,19-APR-2021,
OPTIDX,BANKNIFTY,20-May-2021,29400,PE,0,0,0,502.1,672.3,0,0,0,0,19-APR-2021,
OPTIDX,BANKNIFTY,20-May-2021,29500,PE,0,0,0,596.4,704.5,0,0,0,0,19-APR-2021,
OPTIDX,BANKNIFTY,20-May-2021,29600,PE,0,0,0,622.25,737.8,0,0,0,0,19-APR-2021,
OPTIDX,BANKNIFTY,20-May-2021,29700,PE,0,0,0,617.65,772.1,0,0,0,0,19-APR-2021,
OPTIDX,BANKNIFTY,20-May-2021,29800,PE,0,0,0,643.95,807.45,0,0,0,0,19-APR-2021,
OPTIDX,BANKNIFTY,20-May-2021,29900,PE,0,0,0,671,843.85,0,0,0,0,19-APR-2021,
OPTIDX,BANKNIFTY,20-May-2021,30000,PE,0,0,0,820,881.35,0,0,50,0,19-APR-2021,
OPTIDX,BANKNIFTY,20-May-2021,30100,PE,0,0,0,816.9,919.9,0,0,0,0,19-APR-2021,
OPTIDX,BANKNIFTY,20-May-2021,30200,PE,0,0,0,846.5,959.55,0,0,0,0,19-APR-2021,
OPTIDX,BANKNIFTY,20-May-2021,30300,PE,0,0,0,817.4,1000.25,0,0,0,0,19-APR-2021,
OPTIDX,BANKNIFTY,20-May-2021,30400,PE,0,0,0,846.7,1042.05,0,0,0,0,19-APR-2021,
OPTIDX,BANKNIFTY,20-May-2021,30500,PE,0,0,0,876.75,1084.95,0,0,0,0,19-APR-2021,
OPTIDX,BANKNIFTY,20-May-2021,30600,PE,0,0,0,860.7,1128.9,0,0,0,0,19-APR-2021,
OPTIDX,BANKNIFTY,20-May-2021,30700,PE,0,0,0,890.5,1173.95,0,0,0,0,19-APR-2021,
OPTIDX,BANKNIFTY,20-May-2021,30800,PE,0,0,0,919.75,1220.1,0,0,0,0,19-APR-2021,
OPTIDX,BANKNIFTY,20-May-2021,30900,PE,0,0,0,949.3,1267.35,0,0,0,0,19-APR-2021,
OPTIDX,BANKNIFTY,20-May-2021,31000,PE,0,0,0,979.05,1315.7,0,0,0,0,19-APR-2021,
OPTIDX,BANKNIFTY,20-May-2021,31100,PE,0,0,0,1010.9,1364.95,0,0,0,0,19-APR-2021,
OPTIDX,BANKNIFTY,20-May-2021,31200,PE,0,0,0,1043.4,1415.45,0,0,0,0,19-APR-2021,
OPTIDX,BANKNIFTY,20-May-2021,31300,PE,0,0,0,1076.6,1467,0,0,0,0,19-APR-2021,
OPTIDX,BANKNIFTY,20-May-2021,31400,PE,0,0,0,1110.5,1519.65,0,0,0,0,19-APR-2021,
OPTIDX,BANKNIFTY,20-May-2021,31500,PE,0,0,0,1145.1,1573.35,0,0,0,0,19-APR-2021,
OPTIDX,BANKNIFTY,20-May-2021,31600,PE,0,0,0,1180.35,1628.15,0,0,0,0,19-APR-2021,
OPTIDX,BANKNIFTY,20-May-2021,31700,PE,0,0,0,1216.35,1683.95,0,0,0,0,19-APR-2021,
OPTIDX,BANKNIFTY,20-May-2021,31800,PE,0,0,0,1253,1740.85,0,0,0,0,19-APR-2021,
OPTIDX,BANKNIFTY,20-May-2021,31900,PE,0,0,0,1290.35,1798.75,0,0,0,0,19-APR-2021,
OPTIDX,BANKNIFTY,20-May-2021,32000,PE,0,0,0,1328.45,1857.7,0,0,0,0,19-APR-2021,
OPTIDX,BANKNIFTY,20-May-2021,32100,PE,0,0,0,1367.2,1917.65,0,0,0,0,19-APR-2021,
OPTIDX,BANKNIFTY,20-May-2021,32200,PE,0,0,0,1406.65,1978.6,0,0,0,0,19-APR-2021,
OPTIDX,BANKNIFTY,20-May-2021,32300,PE,0,0,0,1446.85,2040.6,0,0,0,0,19-APR-2021,
OPTIDX,BANKNIFTY,20-May-2021,32400,PE,0,0,0,1487.75,2103.55,0,0,0,0,19-APR-2021,
OPTIDX,BANKNIFTY,20-May-2021,32500,PE,0,0,0,1529.35,2167.45,0,0,0,0,19-APR-2021,
OPTIDX,BANKNIFTY,20-May-2021,32600,PE,0,0,0,1571.65,2232.35,0,0,0,0,19-APR-2021,
OPTIDX,BANKNIFTY,20-May-2021,32700,PE,0,0,0,1614.65,2298.2,0,0,0,0,19-APR-2021,
OPTIDX,BANKNIFTY,20-May-2021,32800,PE,0,0,0,1658.4,2365,0,0,0,0,19-APR-2021,
OPTIDX,BANKNIFTY,20-May-2021,32900,PE,0,0,0,1702.8,2432.7,0,0,0,0,19-APR-2021,
OPTIDX,BANKNIFTY,20-May-2021,33000,PE,0,0,0,1747.95,2501.35,0,0,0,0,19-APR-2021,
OPTIDX,BANKNIFTY,20-May-2021,33100,PE,0,0,0,1793.8,2570.85,0,0,0,0,19-APR-2021,
OPTIDX,BANKNIFTY,20-May-2021,33200,PE,0,0,0,1840.35,2641.3,0,0,0,0,19-APR-2021,
OPTIDX,BANKNIFTY,20-May-2021,33300,PE,0,0,0,1887.6,2712.55,0,0,0,0,19-APR-2021,
OPTIDX,BANKNIFTY,20-May-2021,33400,PE,0,0,0,1935.55,2784.7,0,0,0,0,19-APR-2021,
OPTIDX,BANKNIFTY,20-May-2021,33500,PE,0,0,0,1984.2,2857.65,0,0,0,0,19-APR-2021,
OPTIDX,BANKNIFTY,20-May-2021,33600,PE,0,0,0,2033.45,2931.45,0,0,0,0,19-APR-2021,
OPTIDX,BANKNIFTY,20-May-2021,33700,PE,0,0,0,2083.5,3007.5,0,0,0,0,19-APR-2021,
OPTIDX,BANKNIFTY,20-May-2021,33800,PE,0,0,0,2134.25,3083.05,0,0,0,0,19-APR-2021,
OPTIDX,BANKNIFTY,20-May-2021,33900,PE,0,0,0,2185.7,3159.3,0,0,0,0,19-APR-2021,
OPTIDX,BANKNIFTY,20-May-2021,34000,PE,0,0,0,2237.85,3236.4,0,0,0,0,19-APR-2021,
OPTIDX,BANKNIFTY,20-May-2021,34100,PE,0,0,0,2290.65,3312.9,0,0,0,0,19-APR-2021,
OPTIDX,BANKNIFTY,20-May-2021,34200,PE,0,0,0,2344.2,3391.3,0,0,0,0,19-APR-2021,
OPTIDX,BANKNIFTY,20-May-2021,34300,PE,0,0,0,2398.4,3470.45,0,0,0,0,19-APR-2021,
OPTIDX,BANKNIFTY,20-May-2021,34400,PE,0,0,0,2453.25,3550.25,0,0,0,0,19-APR-2021,
OPTIDX,BANKNIFTY,20-May-2021,34500,PE,0,0,0,2508.8,3630.75,0,0,0,0,19-APR-2021,
OPTIDX,BANKNIFTY,20-May-2021,34600,PE,0,0,0,2565.05,3711.85,0,0,0,0,19-APR-2021,
OPTIDX,BANKNIFTY,20-May-2021,34700,PE,0,0,0,2621.9,3793.65,0,0,0,0,19-APR-2021,
OPTIDX,BANKNIFTY,20-May-2021,34800,PE,0,0,0,2679.45,3876.1,0,0,0,0,19-APR-2021,
OPTIDX,BANKNIFTY,20-May-2021,34900,PE,0,0,0,2737.7,3959.1,0,0,0,0,19-APR-2021,
OPTIDX,BANKNIFTY,20-May-2021,35000,PE,0,0,0,2796.55,4042.75,0,0,0,0,19-APR-2021,
OPTIDX,BANKNIFTY,20-May-2021,35100,PE,0,0,0,2856.05,4126.95,0,0,0,0,19-APR-2021,
OPTIDX,BANKNIFTY,20-May-2021,35200,PE,0,0,0,2916.25,4211.7,0,0,0,0,19-APR-2021,
OPTIDX,BANKNIFTY,20-May-2021,35300,PE,0,0,0,2977.05,4297,0,0,0,0,19-APR-2021,
OPTIDX,BANKNIFTY,20-May-2021,35400,PE,0,0,0,3038.5,4382.85,0,0,0,0,19-APR-2021,
OPTIDX,BANKNIFTY,20-May-2021,35500,PE,0,0,0,3100.55,4469.25,0,0,0,0,19-APR-2021,
OPTIDX,BANKNIFTY,20-May-2021,35600,PE,0,0,0,3163.25,4556.1,0,0,0,0,19-APR-2021,
OPTIDX,BANKNIFTY,20-May-2021,35700,PE,0,0,0,3226.6,4643.45,0,0,0,0,19-APR-2021,
OPTIDX,BANKNIFTY,20-May-2021,35800,PE,0,0,0,3290.55,4731.3,0,0,0,0,19-APR-2021,
OPTIDX,BANKNIFTY,20-May-2021,35900,PE,0,0,0,3355.1,4819.6,0,0,0,0,19-APR-2021,
OPTIDX,BANKNIFTY,20-May-2021,36000,PE,0,0,0,3420.25,4908.35,0,0,0,0,19-APR-2021,
OPTIDX,BANKNIFTY,20-May-2021,36100,PE,0,0,0,3486,4997.5,0,0,0,0,19-APR-2021,
OPTIDX,BANKNIFTY,20-May-2021,36200,PE,0,0,0,3552.35,5087.1,0,0,0,0,19-APR-2021,
OPTIDX,BANKNIFTY,20-May-2021,36300,PE,0,0,0,3619.3,5177.1,0,0,0,0,19-APR-2021,
OPTIDX,BANKNIFTY,20-May-2021,36400,PE,0,0,0,3686.8,5267.45,0,0,0,0,19-APR-2021,
OPTIDX,BANKNIFTY,20-May-2021,36500,PE,0,0,0,3754.9,5358.25,0,0,0,0,19-APR-2021,
OPTIDX,BANKNIFTY,20-May-2021,36600,PE,0,0,0,3823.55,5449.35,0,0,0,0,19-APR-2021,
OPTIDX,BANKNIFTY,20-May-2021,36700,PE,0,0,0,3892.8,5540.85,0,0,0,0,19-APR-2021,
OPTIDX,BANKNIFTY,20-May-2021,36800,PE,0,0,0,3962.6,5632.7,0,0,0,0,19-APR-2021,
OPTIDX,BANKNIFTY,20-May-2021,36900,PE,0,0,0,4032.9,5724.85,0,0,0,0,19-APR-2021,
OPTIDX,BANKNIFTY,20-May-2021,37000,PE,0,0,0,3858.85,5817.35,0,0,0,0,19-APR-2021,
OPTIDX,BANKNIFTY,20-May-2021,37100,PE,0,0,0,3928.9,5910.1,0,0,0,0,19-APR-2021,
OPTIDX,BANKNIFTY,20-May-2021,37200,PE,0,0,0,3999.5,6003.2,0,0,0,0,19-APR-2021,
OPTIDX,BANKNIFTY,27-May-2021,27800,CE,3787.85,3800,3787.85,3793.95,3793.95,2,15.79,50,50,19-APR-2021,
OPTIDX,BANKNIFTY,27-May-2021,27900,CE,0,0,0,3575.35,3814.8,0,0,0,0,19-APR-2021,
OPTIDX,BANKNIFTY,27-May-2021,28000,CE,3300,3520,2971.25,3520,3736.1,57,445.77,1400,725,19-APR-2021,
OPTIDX,BANKNIFTY,27-May-2021,28100,CE,0,0,0,3429.3,3658.15,0,0,0,0,19-APR-2021,
OPTIDX,BANKNIFTY,27-May-2021,28200,CE,0,0,0,3356.95,3581.05,0,0,0,0,19-APR-2021,
OPTIDX,BANKNIFTY,27-May-2021,28300,CE,0,0,0,3285.4,3504.75,0,0,0,0,19-APR-2021,
OPTIDX,BANKNIFTY,27-May-2021,28400,CE,0,0,0,3214.75,3429.3,0,0,0,0,19-APR-2021,
OPTIDX,BANKNIFTY,27-May-2021,28500,CE,2850,2870.2,2810,2870.2,3355.8,13,101.89,125,125,19-APR-2021,
OPTIDX,BANKNIFTY,27-May-2021,28600,CE,0,0,0,3074.9,3281.9,0,0,0,0,19-APR-2021,
OPTIDX,BANKNIFTY,27-May-2021,28700,CE,0,0,0,3007,3208.9,0,0,0,0,19-APR-2021,
OPTIDX,BANKNIFTY,27-May-2021,28800,CE,0,0,0,2939.9,3136.8,0,0,0,0,19-APR-2021,
OPTIDX,BANKNIFTY,27-May-2021,28900,CE,0,0,0,2873.75,3065.55,0,0,0,0,19-APR-2021,
OPTIDX,BANKNIFTY,27-May-2021,29000,CE,2386.2,2916.8,2311.3,2915.55,2915.55,27,214.57,650,600,19-APR-2021,
OPTIDX,BANKNIFTY,27-May-2021,29100,CE,0,0,0,2744.1,2924.7,0,0,0,0,19-APR-2021,
OPTIDX,BANKNIFTY,27-May-2021,29200,CE,0,0,0,2680.65,2856.35,0,0,0,0,19-APR-2021,
OPTIDX,BANKNIFTY,27-May-2021,29300,CE,0,0,0,2618.1,2788.9,0,0,0,0,19-APR-2021,
OPTIDX,BANKNIFTY,27-May-2021,29400,CE,0,0,0,3788.75,2722.4,0,0,0,0,19-APR-2021,
OPTIDX,BANKNIFTY,27-May-2021,29500,CE,2224.65,2586.95,2044.95,2513.75,2513.75,22,174.64,1125,300,19-APR-2021,
OPTIDX,BANKNIFTY,27-May-2021,29600,CE,0,0,0,3777.15,2592.25,0,0,0,0,19-APR-2021,
OPTIDX,BANKNIFTY,27-May-2021,29700,CE,0,0,0,3851.75,2528.6,0,0,0,0,19-APR-2021,
OPTIDX,BANKNIFTY,27-May-2021,29800,CE,0,0,0,3780.15,2465.9,0,0,0,0,19-APR-2021,
OPTIDX,BANKNIFTY,27-May-2021,29900,CE,0,0,0,3709.35,2404.2,0,0,0,0,19-APR-2021,
OPTIDX,BANKNIFTY,27-May-2021,30000,CE,2005.25,2229.7,1768,2174.7,2174.7,189,1508.26,5750,375,19-APR-2021,
OPTIDX,BANKNIFTY,27-May-2021,30100,CE,0,0,0,4011.2,2283.7,0,0,0,0,19-APR-2021,
OPTIDX,BANKNIFTY,27-May-2021,30200,CE,0,0,0,3941.35,2224.9,0,0,0,0,19-APR-2021,
OPTIDX,BANKNIFTY,27-May-2021,30300,CE,0,0,0,4102.1,2167.1,0,0,0,0,19-APR-2021,
OPTIDX,BANKNIFTY,27-May-2021,30400,CE,0,0,0,4031.9,2110.25,0,0,0,0,19-APR-2021,
OPTIDX,BANKNIFTY,27-May-2021,30500,CE,1688.35,1914.95,1488.2,1869.5,1869.5,228,1831.13,2200,1550,19-APR-2021,
OPTIDX,BANKNIFTY,27-May-2021,30600,CE,1585.65,1775,1384.35,1764.95,1764.95,34,273.54,450,200,19-APR-2021,
OPTIDX,BANKNIFTY,27-May-2021,30700,CE,1552.45,1856.55,1446.75,1856.55,1856.55,7,56.52,75,75,19-APR-2021,
OPTIDX,BANKNIFTY,27-May-2021,30800,CE,1387.05,1901.35,1112.85,1630,1630,15,121.05,100,100,19-APR-2021,
OPTIDX,BANKNIFTY,27-May-2021,30900,CE,1411,1511.9,1411,1511.9,1840.95,3,24.26,25,25,19-APR-2021,
OPTIDX,BANKNIFTY,27-May-2021,31000,CE,1251.15,1616,1251,1571.15,1571.15,1924,15574.05,13950,5675,19-APR-2021,
OPTIDX,BANKNIFTY,27-May-2021,31100,CE,1478.35,1496.25,1254.95,1496.25,1496.25,5,40.59,50,25,19-APR-2021,
OPTIDX,BANKNIFTY,27-May-2021,31200,CE,886.5,1521.25,886.5,1450.2,1450.2,33,269.12,325,-75,19-APR-2021,
OPTIDX,BANKNIFTY,27-May-2021,31300,CE,911.25,1451.5,911.25,1421.5,1421.5,15,122.24,175,150,19-APR-2021,
OPTIDX,BANKNIFTY,27-May-2021,31400,CE,1089.25,1405.9,1089.25,1382.35,1382.35,23,187.23,425,425,19-APR-2021,
OPTIDX,BANKNIFTY,27-May-2021,31500,CE,1162.7,1446.85,1019.6,1303.3,1303.3,870,7097.49,7275,1625,19-APR-2021,
OPTIDX,BANKNIFTY,27-May-2021,31600,CE,0,0,0,4046.3,1504.85,0,0,0,0,19-APR-2021,
OPTIDX,BANKNIFTY,27-May-2021,31700,CE,1065.25,1250.1,977.45,1230.05,1230.05,13,106.69,175,25,19-APR-2021,
OPTIDX,BANKNIFTY,27-May-2021,31800,CE,1000,1070.9,927.45,1050.15,1417.55,11,90.14,75,25,19-APR-2021,
OPTIDX,BANKNIFTY,27-May-2021,31900,CE,0,0,0,4551.45,1375.25,0,0,0,0,19-APR-2021,
OPTIDX,BANKNIFTY,27-May-2021,32000,CE,927.45,1099.2,850,1058.85,1058.85,2969,24444.9,25350,4625,19-APR-2021,
OPTIDX,BANKNIFTY,27-May-2021,32100,CE,838.35,1011.5,800,1011.5,1011.5,45,370.98,550,400,19-APR-2021,
OPTIDX,BANKNIFTY,27-May-2021,32200,CE,666.45,999,666.45,999,999,6,49.65,75,75,19-APR-2021,
OPTIDX,BANKNIFTY,27-May-2021,32300,CE,0,0,0,4299.55,1215.5,0,0,0,0,19-APR-2021,
OPTIDX,BANKNIFTY,27-May-2021,32400,CE,0,0,0,4238,1177.8,0,0,0,0,19-APR-2021,
OPTIDX,BANKNIFTY,27-May-2021,32500,CE,750.05,890.95,673.7,878.6,878.6,1163,9659.91,18325,8575,19-APR-2021,
OPTIDX,BANKNIFTY,27-May-2021,32600,CE,733.4,733.4,733.4,733.4,1105.1,1,8.33,25,25,19-APR-2021,
OPTIDX,BANKNIFTY,27-May-2021,32700,CE,743.9,814.65,743.9,814.65,814.65,3,25.1,100,0,19-APR-2021,
OPTIDX,BANKNIFTY,27-May-2021,32800,CE,639.15,678,605.7,678,1035.9,5,41.79,75,25,19-APR-2021,
OPTIDX,BANKNIFTY,27-May-2021,32900,CE,0,0,0,3939.05,1002.55,0,0,0,0,19-APR-2021,
OPTIDX,BANKNIFTY,27-May-2021,33000,CE,557.8,716.4,512.55,685.85,685.85,2302,19336.25,31750,4925,19-APR-2021,
OPTIDX,BANKNIFTY,27-May-2021,33100,CE,0,0,0,3823.55,938.4,0,0,0,0,19-APR-2021,
OPTIDX,BANKNIFTY,27-May-2021,33200,CE,0,0,0,3766.7,907.55,0,0,0,0,19-APR-2021,
OPTIDX,BANKNIFTY,27-May-2021,33300,CE,0,0,0,3710.4,877.5,0,0,0,0,19-APR-2021,
OPTIDX,BANKNIFTY,27-May-2021,33400,CE,465,465,328.7,328.7,848.25,3,25.36,125,25,19-APR-2021,
OPTIDX,BANKNIFTY,27-May-2021,33500,CE,502.45,566.25,429,544.25,544.25,499,4239.18,9700,1075,19-APR-2021,
OPTIDX,BANKNIFTY,27-May-2021,33600,CE,0,0,0,4765.05,792.1,0,0,0,0,19-APR-2021,
OPTIDX,BANKNIFTY,27-May-2021,33700,CE,0,0,0,4702,765.15,0,0,0,0,19-APR-2021,
OPTIDX,BANKNIFTY,27-May-2021,33800,CE,0,0,0,4639.55,738.9,0,0,0,0,19-APR-2021,
OPTIDX,BANKNIFTY,27-May-2021,33900,CE,0,0,0,4577.65,714.85,0,0,0,0,19-APR-2021,
OPTIDX,BANKNIFTY,27-May-2021,34000,CE,450.05,450.05,327.5,425.55,425.55,2132,18323.88,26650,2400,19-APR-2021,
OPTIDX,BANKNIFTY,27-May-2021,34100,CE,0,0,0,4455.45,666.25,0,0,0,0,19-APR-2021,
OPTIDX,BANKNIFTY,27-May-2021,34200,CE,0,0,0,4395.15,643,0,0,0,0,19-APR-2021,
OPTIDX,BANKNIFTY,27-May-2021,34300,CE,0,0,0,4335.4,620.45,0,0,0,0,19-APR-2021,
OPTIDX,BANKNIFTY,27-May-2021,34400,CE,0,0,0,4276.2,598.55,0,0,0,0,19-APR-2021,
OPTIDX,BANKNIFTY,27-May-2021,34500,CE,321.55,356.5,252.5,344.5,344.5,411,3575.97,6900,-1525,19-APR-2021,
OPTIDX,BANKNIFTY,27-May-2021,34600,CE,0,0,0,4159.45,555.25,0,0,0,0,19-APR-2021,
OPTIDX,BANKNIFTY,27-May-2021,34700,CE,0,0,0,4101.9,535.15,0,0,0,0,19-APR-2021,
OPTIDX,BANKNIFTY,27-May-2021,34800,CE,0,0,0,4044.85,515.65,0,0,0,0,19-APR-2021,
OPTIDX,BANKNIFTY,27-May-2021,34900,CE,0,0,0,3988.4,496.75,0,0,0,0,19-APR-2021,
OPTIDX,BANKNIFTY,27-May-2021,35000,CE,280.05,280.7,201.1,270.6,270.6,2217,19532.92,40450,2975,19-APR-2021,
OPTIDX,BANKNIFTY,27-May-2021,35100,CE,0,0,0,3877.1,460.75,0,0,0,0,19-APR-2021,
OPTIDX,BANKNIFTY,27-May-2021,35200,CE,0,0,0,3822.3,443.55,0,0,0,0,19-APR-2021,
OPTIDX,BANKNIFTY,27-May-2021,35300,CE,0,0,0,3768,426.9,0,0,0,0,19-APR-2021,
OPTIDX,BANKNIFTY,27-May-2021,35400,CE,0,0,0,3714.25,410.8,0,0,0,0,19-APR-2021,
OPTIDX,BANKNIFTY,27-May-2021,35500,CE,202.7,239.45,169,202.75,202.75,133,1186.73,4925,350,19-APR-2021,
OPTIDX,BANKNIFTY,27-May-2021,35600,CE,0,0,0,3608.4,380.15,0,0,0,0,19-APR-2021,
OPTIDX,BANKNIFTY,27-May-2021,35700,CE,0,0,0,3556.3,365.55,0,0,0,0,19-APR-2021,
OPTIDX,BANKNIFTY,27-May-2021,35800,CE,0,0,0,3504.7,351.45,0,0,0,0,19-APR-2021,
OPTIDX,BANKNIFTY,27-May-2021,35900,CE,0,0,0,3453.7,337.85,0,0,0,0,19-APR-2021,
OPTIDX,BANKNIFTY,27-May-2021,36000,CE,165.05,189.5,137,172.15,172.15,1411,12755.06,37450,5100,19-APR-2021,
OPTIDX,BANKNIFTY,27-May-2021,36100,CE,0,0,0,3353.25,311.95,0,0,0,0,19-APR-2021,
OPTIDX,BANKNIFTY,27-May-2021,36200,CE,0,0,0,3303.65,299.65,0,0,0,0,19-APR-2021,
OPTIDX,BANKNIFTY,27-May-2021,36300,CE,0,0,0,3254.8,287.75,0,0,0,0,19-APR-2021,
OPTIDX,BANKNIFTY,27-May-2021,36400,CE,0,0,0,3206.4,276.3,0,0,0,0,19-APR-2021,
OPTIDX,BANKNIFTY,27-May-2021,36500,CE,150,150,75.05,136,136,42,384.46,525,425,19-APR-2021,
OPTIDX,BANKNIFTY,27-May-2021,36600,CE,0,0,0,3111.3,254.55,0,0,0,0,19-APR-2021,
OPTIDX,BANKNIFTY,27-May-2021,36700,CE,0,0,0,3064.5,244.3,0,0,0,0,19-APR-2021,
OPTIDX,BANKNIFTY,27-May-2021,36800,CE,0,0,0,3018.3,234.35,0,0,0,0,19-APR-2021,
OPTIDX,BANKNIFTY,27-May-2021,36900,CE,0,0,0,2972.55,224.75,0,0,0,0,19-APR-2021,
OPTIDX,BANKNIFTY,27-May-2021,37000,CE,120,121.8,91.1,110.15,110.15,838,7773.06,41850,2050,19-APR-2021,
OPTIDX,BANKNIFTY,27-May-2021,37100,CE,0,0,0,2882.65,206.65,0,0,0,0,19-APR-2021,
OPTIDX,BANKNIFTY,27-May-2021,37200,CE,0,0,0,2838.5,198.1,0,0,0,0,19-APR-2021,
OPTIDX,BANKNIFTY,27-May-2021,37300,CE,0,0,0,2794.85,189.85,0,0,0,0,19-APR-2021,
OPTIDX,BANKNIFTY,27-May-2021,37400,CE,0,0,0,2751.7,181.9,0,0,0,0,19-APR-2021,
OPTIDX,BANKNIFTY,27-May-2021,37500,CE,0,0,0,2709.1,174.25,0,0,0,0,19-APR-2021,
OPTIDX,BANKNIFTY,27-May-2021,37600,CE,0,0,0,2666.95,166.9,0,0,0,0,19-APR-2021,
OPTIDX,BANKNIFTY,27-May-2021,37700,CE,0,0,0,2625.35,159.8,0,0,0,0,19-APR-2021,
OPTIDX,BANKNIFTY,27-May-2021,37800,CE,0,0,0,2584.25,153,0,0,0,0,19-APR-2021,
OPTIDX,BANKNIFTY,27-May-2021,37900,CE,0,0,0,2543.6,146.45,0,0,0,0,19-APR-2021,
OPTIDX,BANKNIFTY,27-May-2021,38000,CE,83.5,83.5,60.1,69.4,69.4,418,3978.05,20025,5700,19-APR-2021,
OPTIDX,BANKNIFTY,27-May-2021,38100,CE,0,0,0,2463.85,134.1,0,0,0,0,19-APR-2021,
OPTIDX,BANKNIFTY,27-May-2021,38200,CE,0,0,0,2424.75,128.25,0,0,0,0,19-APR-2021,
OPTIDX,BANKNIFTY,27-May-2021,38300,CE,0,0,0,2386.1,122.7,0,0,0,0,19-APR-2021,
OPTIDX,BANKNIFTY,27-May-2021,38400,CE,0,0,0,2347.9,117.3,0,0,0,0,19-APR-2021,
OPTIDX,BANKNIFTY,27-May-2021,38500,CE,0,0,0,2310.25,112.15,0,0,0,0,19-APR-2021,
OPTIDX,BANKNIFTY,27-May-2021,38600,CE,0,0,0,2273,107.2,0,0,0,0,19-APR-2021,
OPTIDX,BANKNIFTY,27-May-2021,38700,CE,0,0,0,2236.3,102.45,0,0,0,0,19-APR-2021,
OPTIDX,BANKNIFTY,27-May-2021,38800,CE,0,0,0,2200.05,97.9,0,0,0,0,19-APR-2021,
OPTIDX,BANKNIFTY,27-May-2021,38900,CE,0,0,0,2164.25,93.5,0,0,0,0,19-APR-2021,
OPTIDX,BANKNIFTY,27-May-2021,39000,CE,52,52,31.2,49.1,49.1,238,2323.25,7050,3575,19-APR-2021,
OPTIDX,BANKNIFTY,27-May-2021,39100,CE,0,0,0,2094.05,85.3,0,0,0,0,19-APR-2021,
OPTIDX,BANKNIFTY,27-May-2021,39200,CE,0,0,0,2059.65,81.45,0,0,0,0,19-APR-2021,
OPTIDX,BANKNIFTY,27-May-2021,39300,CE,0,0,0,2025.7,77.75,0,0,0,0,19-APR-2021,
OPTIDX,BANKNIFTY,27-May-2021,39400,CE,0,0,0,1992.2,74.2,0,0,0,0,19-APR-2021,
OPTIDX,BANKNIFTY,27-May-2021,39500,CE,0,0,0,1959.15,70.8,0,0,0,0,19-APR-2021,
OPTIDX,BANKNIFTY,27-May-2021,27800,PE,480,480,261,328.3,328.3,6,42.23,100,100,19-APR-2021,
OPTIDX,BANKNIFTY,27-May-2021,27900,PE,0,0,0,555,397.65,0,0,0,0,19-APR-2021,
OPTIDX,BANKNIFTY,27-May-2021,28000,PE,499.35,541.25,345.35,363.15,363.15,1452,10325.96,17775,10575,19-APR-2021,
OPTIDX,BANKNIFTY,27-May-2021,28100,PE,0,0,0,608.05,440.25,0,0,0,0,19-APR-2021,
OPTIDX,BANKNIFTY,27-May-2021,28200,PE,0,0,0,635.2,462.75,0,0,0,0,19-APR-2021,
OPTIDX,BANKNIFTY,27-May-2021,28300,PE,0,0,0,663.25,486.1,0,0,0,0,19-APR-2021,
OPTIDX,BANKNIFTY,27-May-2021,28400,PE,0,0,0,692.1,510.2,0,0,0,0,19-APR-2021,
OPTIDX,BANKNIFTY,27-May-2021,28500,PE,550,660,430,451.15,451.15,255,1850.68,4650,3625,19-APR-2021,
OPTIDX,BANKNIFTY,27-May-2021,28600,PE,0,0,0,751.35,562.1,0,0,0,0,19-APR-2021,
OPTIDX,BANKNIFTY,27-May-2021,28700,PE,0,0,0,782.95,588.7,0,0,0,0,19-APR-2021,
OPTIDX,BANKNIFTY,27-May-2021,28800,PE,0,0,0,815.45,616.2,0,0,0,0,19-APR-2021,
OPTIDX,BANKNIFTY,27-May-2021,28900,PE,0,0,0,848.8,644.55,0,0,0,0,19-APR-2021,
OPTIDX,BANKNIFTY,27-May-2021,29000,PE,701,840.05,532.55,552.05,552.05,1532,11358.32,23875,15900,19-APR-2021,
OPTIDX,BANKNIFTY,27-May-2021,29100,PE,0,0,0,918.25,702.9,0,0,0,0,19-APR-2021,
OPTIDX,BANKNIFTY,27-May-2021,29200,PE,0,0,0,954.3,734.15,0,0,0,0,19-APR-2021,
OPTIDX,BANKNIFTY,27-May-2021,29300,PE,619.95,701,619.95,701,766.35,3,22.46,50,0,19-APR-2021,
OPTIDX,BANKNIFTY,27-May-2021,29400,PE,0,0,0,602.45,799.45,0,0,0,0,19-APR-2021,
OPTIDX,BANKNIFTY,27-May-2021,29500,PE,793.3,988.55,670,684.7,684.7,1011,7665.84,13000,3575,19-APR-2021,
OPTIDX,BANKNIFTY,27-May-2021,29600,PE,0,0,0,721.5,868.5,0,0,0,0,19-APR-2021,
OPTIDX,BANKNIFTY,27-May-2021,29700,PE,900,1057.3,704,750.55,750.55,11,84.07,100,75,19-APR-2021,
OPTIDX,BANKNIFTY,27-May-2021,29800,PE,1184.2,1184.2,802,802,802,6,46.09,25,25,19-APR-2021,
OPTIDX,BANKNIFTY,27-May-2021,29900,PE,0,0,0,771.6,979.3,0,0,0,0,19-APR-2021,
OPTIDX,BANKNIFTY,27-May-2021,30000,PE,872.65,1189.95,812,840.65,840.65,2872,22261.14,41525,12725,19-APR-2021,
OPTIDX,BANKNIFTY,27-May-2021,30100,PE,954.05,954.05,836.6,836.6,836.6,5,38.78,125,125,19-APR-2021,
OPTIDX,BANKNIFTY,27-May-2021,30200,PE,0,0,0,940.1,1098.8,0,0,0,0,19-APR-2021,
OPTIDX,BANKNIFTY,27-May-2021,30300,PE,0,0,0,910.25,1140.65,0,0,0,0,19-APR-2021,
OPTIDX,BANKNIFTY,27-May-2021,30400,PE,1040.55,1427.5,922.4,1000.85,1000.85,9,70.99,50,0,19-APR-2021,
OPTIDX,BANKNIFTY,27-May-2021,30500,PE,1159.45,1400,980,1021.9,1021.9,918,7277.11,12850,6725,19-APR-2021,
OPTIDX,BANKNIFTY,27-May-2021,30600,PE,2097.65,2097.65,1072.55,1081.7,1081.7,40,318.77,650,500,19-APR-2021,
OPTIDX,BANKNIFTY,27-May-2021,30700,PE,0,0,0,730.6,1317.7,0,0,0,0,19-APR-2021,
OPTIDX,BANKNIFTY,27-May-2021,30800,PE,1280,1646.95,1089.15,1139.8,1139.8,45,360.75,850,800,19-APR-2021,
OPTIDX,BANKNIFTY,27-May-2021,30900,PE,0,0,0,1040.65,1412.15,0,0,0,0,19-APR-2021,
OPTIDX,BANKNIFTY,27-May-2021,31000,PE,1272.15,1650,1169.95,1215.4,1215.4,1741,14114.42,29675,-3025,19-APR-2021,
OPTIDX,BANKNIFTY,27-May-2021,31100,PE,1212.5,1254.2,1212.5,1233.35,1233.35,2,16.16,50,25,19-APR-2021,
OPTIDX,BANKNIFTY,27-May-2021,31200,PE,1291.45,1309,1245.65,1284.4,1284.4,4,32.48,600,50,19-APR-2021,
OPTIDX,BANKNIFTY,27-May-2021,31300,PE,993,993,993,993,1612.7,1,8.07,25,0,19-APR-2021,
OPTIDX,BANKNIFTY,27-May-2021,31400,PE,1347.3,1416.3,1347.3,1372.5,1372.5,3,24.57,50,50,19-APR-2021,
OPTIDX,BANKNIFTY,27-May-2021,31500,PE,1548,1933,1404,1439.15,1439.15,264,2189.44,5800,-1125,19-APR-2021,
OPTIDX,BANKNIFTY,27-May-2021,31600,PE,0,0,0,1186.75,1773.35,0,0,0,0,19-APR-2021,
OPTIDX,BANKNIFTY,27-May-2021,31700,PE,1603.8,1616.5,1603.8,1616.5,1828.8,2,16.65,100,-25,19-APR-2021,
OPTIDX,BANKNIFTY,27-May-2021,31800,PE,1592.6,1592.6,1592.6,1592.6,1592.6,4,33.39,100,50,19-APR-2021,
OPTIDX,BANKNIFTY,27-May-2021,31900,PE,0,0,0,1217.5,1942.6,0,0,50,0,19-APR-2021,
OPTIDX,BANKNIFTY,27-May-2021,32000,PE,1800,2247.95,1654.05,1748.4,1748.4,680,5780.13,21950,-475,19-APR-2021,
OPTIDX,BANKNIFTY,27-May-2021,32100,PE,2199.3,2223.75,2043.4,2050.85,2060.05,31,265.55,675,300,19-APR-2021,
OPTIDX,BANKNIFTY,27-May-2021,32200,PE,1279.6,2039.8,1279.6,2039.8,2120.2,4,34.02,325,-25,19-APR-2021,
OPTIDX,BANKNIFTY,27-May-2021,32300,PE,0,0,0,1506,2181.25,0,0,0,0,19-APR-2021,
OPTIDX,BANKNIFTY,27-May-2021,32400,PE,0,0,0,1711.25,2243.15,0,0,0,0,19-APR-2021,
OPTIDX,BANKNIFTY,27-May-2021,32500,PE,2305.2,2560,1982.7,2003.85,2003.85,161,1404.3,5000,-625,19-APR-2021,
OPTIDX,BANKNIFTY,27-May-2021,32600,PE,0,0,0,1620.45,2369.7,0,0,0,0,19-APR-2021,
OPTIDX,BANKNIFTY,27-May-2021,32700,PE,0,0,0,1963.25,2434.25,0,0,75,0,19-APR-2021,
OPTIDX,BANKNIFTY,27-May-2021,32800,PE,2500,2500,2500,2500,2499.7,1,8.82,50,-25,19-APR-2021,
OPTIDX,BANKNIFTY,27-May-2021,32900,PE,0,0,0,1740.15,2565.95,0,0,0,0,19-APR-2021,
OPTIDX,BANKNIFTY,27-May-2021,33000,PE,2626.55,2952.85,2250,2293.25,2293.25,148,1319.94,7375,50,19-APR-2021,
OPTIDX,BANKNIFTY,27-May-2021,33100,PE,0,0,0,1680.5,2701.05,0,0,50,0,19-APR-2021,
OPTIDX,BANKNIFTY,27-May-2021,33200,PE,0,0,0,1865.05,2769.8,0,0,0,0,19-APR-2021,
OPTIDX,BANKNIFTY,27-May-2021,33300,PE,0,0,0,1907.85,2839.35,0,0,0,0,19-APR-2021,
OPTIDX,BANKNIFTY,27-May-2021,33400,PE,2881.1,2881.1,2881.1,2881.1,2909.7,1,9.07,50,-25,19-APR-2021,
OPTIDX,BANKNIFTY,27-May-2021,33500,PE,3129.95,3328.1,2687,2696.75,2696.75,39,355.1,2250,-200,19-APR-2021,
OPTIDX,BANKNIFTY,27-May-2021,33600,PE,0,0,0,1691.45,3052.75,0,0,0,0,19-APR-2021,
OPTIDX,BANKNIFTY,27-May-2021,33700,PE,0,0,0,1539.4,3125.4,0,0,0,0,19-APR-2021,
OPTIDX,BANKNIFTY,27-May-2021,33800,PE,0,0,0,1576.05,3198.8,0,0,0,0,19-APR-2021,
OPTIDX,BANKNIFTY,27-May-2021,33900,PE,0,0,0,1613.2,3274.35,0,0,0,0,19-APR-2021,
OPTIDX,BANKNIFTY,27-May-2021,34000,PE,3439.6,3735,2993.65,3013.8,3013.8,97,907.5,4550,225,19-APR-2021,
OPTIDX,BANKNIFTY,27-May-2021,34100,PE,0,0,0,1689.1,3425,0,0,0,0,19-APR-2021,
OPTIDX,BANKNIFTY,27-May-2021,34200,PE,0,0,0,1727.9,3501.35,0,0,0,0,19-APR-2021,
OPTIDX,BANKNIFTY,27-May-2021,34300,PE,0,0,0,1767.2,3578.4,0,0,0,0,19-APR-2021,
OPTIDX,BANKNIFTY,27-May-2021,34400,PE,0,0,0,1807.1,3656.1,0,0,0,0,19-APR-2021,
OPTIDX,BANKNIFTY,27-May-2021,34500,PE,4061.15,4110,3420,3420,3420,4,38.42,325,0,19-APR-2021,
OPTIDX,BANKNIFTY,27-May-2021,34600,PE,0,0,0,1888.45,3812.05,0,0,0,0,19-APR-2021,
OPTIDX,BANKNIFTY,27-May-2021,34700,PE,0,0,0,1930,3891.55,0,0,0,0,19-APR-2021,
OPTIDX,BANKNIFTY,27-May-2021,34800,PE,0,0,0,1972.05,3971.65,0,0,0,0,19-APR-2021,
OPTIDX,BANKNIFTY,27-May-2021,34900,PE,0,0,0,2014.65,4052.4,0,0,0,0,19-APR-2021,
OPTIDX,BANKNIFTY,27-May-2021,35000,PE,4254,4540,4068.8,4119.9,4133.7,16,157.35,1925,150,19-APR-2021,
OPTIDX,BANKNIFTY,27-May-2021,35100,PE,0,0,0,2101.5,4215.55,0,0,0,0,19-APR-2021,
OPTIDX,BANKNIFTY,27-May-2021,35200,PE,0,0,0,2145.7,4298,0,0,0,0,19-APR-2021,
OPTIDX,BANKNIFTY,27-May-2021,35300,PE,0,0,0,2190.5,4380.95,0,0,0,0,19-APR-2021,
OPTIDX,BANKNIFTY,27-May-2021,35400,PE,0,0,0,2235.85,4464.5,0,0,0,0,19-APR-2021,
OPTIDX,BANKNIFTY,27-May-2021,35500,PE,0,0,0,3652.35,4548.5,0,0,75,0,19-APR-2021,
OPTIDX,BANKNIFTY,27-May-2021,35600,PE,0,0,0,2328.1,4633.05,0,0,0,0,19-APR-2021,
OPTIDX,BANKNIFTY,27-May-2021,35700,PE,0,0,0,3140.45,4718.05,0,0,25,0,19-APR-2021,
OPTIDX,BANKNIFTY,27-May-2021,35800,PE,0,0,0,2422.55,4803.55,0,0,0,0,19-APR-2021,
OPTIDX,BANKNIFTY,27-May-2021,35900,PE,0,0,0,2470.6,4889.55,0,0,0,0,19-APR-2021,
OPTIDX,BANKNIFTY,27-May-2021,36000,PE,5132.9,5390,5008.4,5008.4,4976,9,92.9,1775,50,19-APR-2021,
OPTIDX,BANKNIFTY,27-May-2021,36100,PE,0,0,0,2568.3,5062.85,0,0,0,0,19-APR-2021,
OPTIDX,BANKNIFTY,27-May-2021,36200,PE,0,0,0,2617.8,5150.2,0,0,0,0,19-APR-2021,
OPTIDX,BANKNIFTY,27-May-2021,36300,PE,0,0,0,2668,5237.95,0,0,0,0,19-APR-2021,
OPTIDX,BANKNIFTY,27-May-2021,36400,PE,0,0,0,2718.7,5326.1,0,0,0,0,19-APR-2021,
OPTIDX,BANKNIFTY,27-May-2021,36500,PE,0,0,0,2769.95,5414.6,0,0,0,0,19-APR-2021,
OPTIDX,BANKNIFTY,27-May-2021,36600,PE,0,0,0,2821.7,5503.55,0,0,0,0,19-APR-2021,
OPTIDX,BANKNIFTY,27-May-2021,36700,PE,0,0,0,2874,5592.9,0,0,0,0,19-APR-2021,
OPTIDX,BANKNIFTY,27-May-2021,36800,PE,0,0,0,2926.85,5682.55,0,0,0,0,19-APR-2021,
OPTIDX,BANKNIFTY,27-May-2021,36900,PE,0,0,0,2980.2,5772.6,0,0,0,0,19-APR-2021,
OPTIDX,BANKNIFTY,27-May-2021,37000,PE,6110,6390,5981.85,6128.8,5863,16,172.89,1225,175,19-APR-2021,
OPTIDX,BANKNIFTY,27-May-2021,37100,PE,0,0,0,3088.45,5953.7,0,0,0,0,19-APR-2021,
OPTIDX,BANKNIFTY,27-May-2021,37200,PE,0,0,0,3143.35,6044.75,0,0,0,0,19-APR-2021,
OPTIDX,BANKNIFTY,27-May-2021,37300,PE,0,0,0,3198.75,6136.1,0,0,0,0,19-APR-2021,
OPTIDX,BANKNIFTY,27-May-2021,37400,PE,0,0,0,3254.7,6227.75,0,0,0,0,19-APR-2021,
OPTIDX,BANKNIFTY,27-May-2021,37500,PE,0,0,0,3311.1,6319.75,0,0,0,0,19-APR-2021,
OPTIDX,BANKNIFTY,27-May-2021,37600,PE,0,0,0,3368.05,6412,0,0,0,0,19-APR-2021,
OPTIDX,BANKNIFTY,27-May-2021,37700,PE,0,0,0,3425.5,6504.5,0,0,0,0,19-APR-2021,
OPTIDX,BANKNIFTY,27-May-2021,37800,PE,0,0,0,3483.45,6597.3,0,0,0,0,19-APR-2021,
OPTIDX,BANKNIFTY,27-May-2021,37900,PE,0,0,0,3541.95,6690.35,0,0,0,0,19-APR-2021,
OPTIDX,BANKNIFTY,27-May-2021,38000,PE,0,0,0,5750,6783.7,0,0,25,0,19-APR-2021,
OPTIDX,BANKNIFTY,27-May-2021,38100,PE,0,0,0,3660.3,6877.25,0,0,0,0,19-APR-2021,
OPTIDX,BANKNIFTY,27-May-2021,38200,PE,0,0,0,3720.25,6971.05,0,0,0,0,19-APR-2021,
OPTIDX,BANKNIFTY,27-May-2021,38300,PE,0,0,0,3780.65,7065.05,0,0,0,0,19-APR-2021,
OPTIDX,BANKNIFTY,27-May-2021,38400,PE,0,0,0,3841.55,7159.3,0,0,0,0,19-APR-2021,
OPTIDX,BANKNIFTY,27-May-2021,38500,PE,0,0,0,3902.95,7253.75,0,0,0,0,19-APR-2021,
OPTIDX,BANKNIFTY,27-May-2021,38600,PE,0,0,0,3964.8,7348.4,0,0,0,0,19-APR-2021,
OPTIDX,BANKNIFTY,27-May-2021,38700,PE,0,0,0,4027.15,7443.25,0,0,0,0,19-APR-2021,
OPTIDX,BANKNIFTY,27-May-2021,38800,PE,0,0,0,4089.95,7538.3,0,0,0,0,19-APR-2021,
OPTIDX,BANKNIFTY,27-May-2021,38900,PE,0,0,0,4153.25,7633.55,0,0,0,0,19-APR-2021,
OPTIDX,BANKNIFTY,27-May-2021,39000,PE,7431.05,7431.05,7431.05,7431.05,7431.05,1,11.6,25,25,19-APR-2021,
OPTIDX,BANKNIFTY,27-May-2021,39100,PE,0,0,0,4281.2,7824.55,0,0,0,0,19-APR-2021,
OPTIDX,BANKNIFTY,27-May-2021,39200,PE,0,0,0,4345.85,7920.3,0,0,0,0,19-APR-2021,
OPTIDX,BANKNIFTY,27-May-2021,39300,PE,0,0,0,4411,8016.2,0,0,0,0,19-APR-2021,
OPTIDX,BANKNIFTY,27-May-2021,39400,PE,0,0,0,4476.55,8112.3,0,0,0,0,19-APR-2021,
OPTIDX,BANKNIFTY,27-May-2021,39500,PE,0,0,0,4542.6,8208.5,0,0,0,0,19-APR-2021,
OPTIDX,BANKNIFTY,03-Jun-2021,27800,CE,0,0,0,3759.45,4001.95,0,0,0,0,19-APR-2021,
OPTIDX,BANKNIFTY,03-Jun-2021,27900,CE,0,0,0,3686.4,3924.65,0,0,0,0,19-APR-2021,
OPTIDX,BANKNIFTY,03-Jun-2021,28000,CE,0,0,0,3614.1,3848.1,0,0,0,0,19-APR-2021,
OPTIDX,BANKNIFTY,03-Jun-2021,28100,CE,0,0,0,3542.6,3772.35,0,0,0,0,19-APR-2021,
OPTIDX,BANKNIFTY,03-Jun-2021,28200,CE,0,0,0,3471.9,3697.35,0,0,0,0,19-APR-2021,
OPTIDX,BANKNIFTY,03-Jun-2021,28300,CE,0,0,0,3401.95,3624.2,0,0,0,0,19-APR-2021,
OPTIDX,BANKNIFTY,03-Jun-2021,28400,CE,0,0,0,3331.7,3550.65,0,0,0,0,19-APR-2021,
OPTIDX,BANKNIFTY,03-Jun-2021,28500,CE,0,0,0,3263.55,3477.95,0,0,0,0,19-APR-2021,
OPTIDX,BANKNIFTY,03-Jun-2021,28600,CE,0,0,0,3196.2,3406.05,0,0,0,0,19-APR-2021,
OPTIDX,BANKNIFTY,03-Jun-2021,28700,CE,0,0,0,3129.65,3335,0,0,0,0,19-APR-2021,
OPTIDX,BANKNIFTY,03-Jun-2021,28800,CE,0,0,0,3064,3264.75,0,0,0,0,19-APR-2021,
OPTIDX,BANKNIFTY,03-Jun-2021,28900,CE,0,0,0,2999.15,3194.2,0,0,0,0,19-APR-2021,
OPTIDX,BANKNIFTY,03-Jun-2021,29000,CE,0,0,0,2935.15,3125.75,0,0,0,0,19-APR-2021,
OPTIDX,BANKNIFTY,03-Jun-2021,29100,CE,0,0,0,2872,3058.2,0,0,0,0,19-APR-2021,
OPTIDX,BANKNIFTY,03-Jun-2021,29200,CE,0,0,0,2809.7,2991.5,0,0,0,0,19-APR-2021,
OPTIDX,BANKNIFTY,03-Jun-2021,29300,CE,0,0,0,2748.3,2925.65,0,0,0,0,19-APR-2021,
OPTIDX,BANKNIFTY,03-Jun-2021,29400,CE,0,0,0,3904.15,2860.7,0,0,0,0,19-APR-2021,
OPTIDX,BANKNIFTY,03-Jun-2021,29500,CE,0,0,0,3963.3,2796.65,0,0,0,0,19-APR-2021,
OPTIDX,BANKNIFTY,03-Jun-2021,29600,CE,0,0,0,3892.85,2733.45,0,0,0,0,19-APR-2021,
OPTIDX,BANKNIFTY,03-Jun-2021,29700,CE,0,0,0,3965.9,2671.15,0,0,0,0,19-APR-2021,
OPTIDX,BANKNIFTY,03-Jun-2021,29800,CE,0,0,0,3895.75,2609.75,0,0,0,0,19-APR-2021,
OPTIDX,BANKNIFTY,03-Jun-2021,29900,CE,0,0,0,3826.35,2549.25,0,0,0,0,19-APR-2021,
OPTIDX,BANKNIFTY,03-Jun-2021,30000,CE,0,0,0,3756.35,2489.65,0,0,0,0,19-APR-2021,
OPTIDX,BANKNIFTY,03-Jun-2021,30100,CE,0,0,0,3688.5,2430.95,0,0,0,0,19-APR-2021,
OPTIDX,BANKNIFTY,03-Jun-2021,30200,CE,0,0,0,3621.35,2373.2,0,0,0,0,19-APR-2021,
OPTIDX,BANKNIFTY,03-Jun-2021,30300,CE,0,0,0,3554.95,2316.3,0,0,0,0,19-APR-2021,
OPTIDX,BANKNIFTY,03-Jun-2021,30400,CE,0,0,0,3489.3,2260.3,0,0,0,0,19-APR-2021,
OPTIDX,BANKNIFTY,03-Jun-2021,30500,CE,0,0,0,3424.4,2205.25,0,0,0,0,19-APR-2021,
OPTIDX,BANKNIFTY,03-Jun-2021,30600,CE,0,0,0,3360.25,2151.1,0,0,0,0,19-APR-2021,
OPTIDX,BANKNIFTY,03-Jun-2021,30700,CE,0,0,0,3296.8,2097.8,0,0,0,0,19-APR-2021,
OPTIDX,BANKNIFTY,03-Jun-2021,30800,CE,0,0,0,3234.15,2045.45,0,0,0,0,19-APR-2021,
OPTIDX,BANKNIFTY,03-Jun-2021,30900,CE,0,0,0,4037.65,1994,0,0,0,0,19-APR-2021,
OPTIDX,BANKNIFTY,03-Jun-2021,31000,CE,0,0,0,3967.2,1943.45,0,0,0,0,19-APR-2021,
OPTIDX,BANKNIFTY,03-Jun-2021,31100,CE,0,0,0,3898.95,1893.7,0,0,0,0,19-APR-2021,
OPTIDX,BANKNIFTY,03-Jun-2021,31200,CE,0,0,0,3831.4,1844.95,0,0,0,0,19-APR-2021,
OPTIDX,BANKNIFTY,03-Jun-2021,31300,CE,0,0,0,3764.55,1797.1,0,0,0,0,19-APR-2021,
OPTIDX,BANKNIFTY,03-Jun-2021,31400,CE,0,0,0,3698.4,1750.1,0,0,0,0,19-APR-2021,
OPTIDX,BANKNIFTY,03-Jun-2021,31500,CE,0,0,0,3632.95,1704.05,0,0,0,0,19-APR-2021,
OPTIDX,BANKNIFTY,03-Jun-2021,31600,CE,0,0,0,3568.2,1658.85,0,0,0,0,19-APR-2021,
OPTIDX,BANKNIFTY,03-Jun-2021,31700,CE,0,0,0,3504.2,1614.5,0,0,0,0,19-APR-2021,
OPTIDX,BANKNIFTY,03-Jun-2021,31800,CE,0,0,0,3440.9,1571.05,0,0,0,0,19-APR-2021,
OPTIDX,BANKNIFTY,03-Jun-2021,31900,CE,0,0,0,3378.35,1528.45,0,0,0,0,19-APR-2021,
OPTIDX,BANKNIFTY,03-Jun-2021,32000,CE,0,0,0,3316.5,1486.7,0,0,0,0,19-APR-2021,
OPTIDX,BANKNIFTY,03-Jun-2021,32100,CE,0,0,0,3255.35,1445.8,0,0,0,0,19-APR-2021,
OPTIDX,BANKNIFTY,03-Jun-2021,32200,CE,0,0,0,3194.95,1405.75,0,0,0,0,19-APR-2021,
OPTIDX,BANKNIFTY,03-Jun-2021,32300,CE,0,0,0,3135.3,1366.55,0,0,0,0,19-APR-2021,
OPTIDX,BANKNIFTY,03-Jun-2021,32400,CE,0,0,0,3076.35,1328.2,0,0,0,0,19-APR-2021,
OPTIDX,BANKNIFTY,03-Jun-2021,32500,CE,0,0,0,3018.15,1290.65,0,0,0,0,19-APR-2021,
OPTIDX,BANKNIFTY,03-Jun-2021,32600,CE,0,0,0,2960.65,1253.9,0,0,0,0,19-APR-2021,
OPTIDX,BANKNIFTY,03-Jun-2021,32700,CE,0,0,0,2903.9,1217.95,0,0,0,0,19-APR-2021,
OPTIDX,BANKNIFTY,03-Jun-2021,32800,CE,0,0,0,2847.9,1182.8,0,0,0,0,19-APR-2021,
OPTIDX,BANKNIFTY,03-Jun-2021,32900,CE,0,0,0,2792.6,1148.45,0,0,0,0,19-APR-2021,
OPTIDX,BANKNIFTY,03-Jun-2021,33000,CE,0,0,0,2738.1,1114.9,0,0,0,0,19-APR-2021,
OPTIDX,BANKNIFTY,03-Jun-2021,33100,CE,0,0,0,2684.25,1082.1,0,0,0,0,19-APR-2021,
OPTIDX,BANKNIFTY,03-Jun-2021,33200,CE,0,0,0,2631.2,1050.05,0,0,0,0,19-APR-2021,
OPTIDX,BANKNIFTY,03-Jun-2021,33300,CE,0,0,0,2578.8,1018.8,0,0,0,0,19-APR-2021,
OPTIDX,BANKNIFTY,03-Jun-2021,33400,CE,0,0,0,2527.2,988.25,0,0,0,0,19-APR-2021,
OPTIDX,BANKNIFTY,03-Jun-2021,33500,CE,0,0,0,2476.3,958.4,0,0,0,0,19-APR-2021,
OPTIDX,BANKNIFTY,03-Jun-2021,33600,CE,0,0,0,2426.1,929.3,0,0,0,0,19-APR-2021,
OPTIDX,BANKNIFTY,03-Jun-2021,33700,CE,0,0,0,2376.55,900.95,0,0,0,0,19-APR-2021,
OPTIDX,BANKNIFTY,03-Jun-2021,33800,CE,0,0,0,2327.8,873.25,0,0,0,0,19-APR-2021,
OPTIDX,BANKNIFTY,03-Jun-2021,33900,CE,0,0,0,2279.8,846.25,0,0,0,0,19-APR-2021,
OPTIDX,BANKNIFTY,03-Jun-2021,34000,CE,0,0,0,2232.5,819.95,0,0,0,0,19-APR-2021,
OPTIDX,BANKNIFTY,03-Jun-2021,34100,CE,0,0,0,2185.9,794.3,0,0,0,0,19-APR-2021,
OPTIDX,BANKNIFTY,03-Jun-2021,34200,CE,0,0,0,2140.05,770.8,0,0,0,0,19-APR-2021,
OPTIDX,BANKNIFTY,03-Jun-2021,34300,CE,0,0,0,2094.9,746.55,0,0,0,0,19-APR-2021,
OPTIDX,BANKNIFTY,03-Jun-2021,34400,CE,0,0,0,2050.4,722.95,0,0,0,0,19-APR-2021,
OPTIDX,BANKNIFTY,03-Jun-2021,34500,CE,0,0,0,2006.65,699.95,0,0,0,0,19-APR-2021,
OPTIDX,BANKNIFTY,03-Jun-2021,34600,CE,0,0,0,1963.6,677.6,0,0,0,0,19-APR-2021,
OPTIDX,BANKNIFTY,03-Jun-2021,34700,CE,0,0,0,1921.2,655.85,0,0,0,0,19-APR-2021,
OPTIDX,BANKNIFTY,03-Jun-2021,34800,CE,0,0,0,1879.55,634.7,0,0,0,0,19-APR-2021,
OPTIDX,BANKNIFTY,03-Jun-2021,34900,CE,0,0,0,1838.5,612.75,0,0,0,0,19-APR-2021,
OPTIDX,BANKNIFTY,03-Jun-2021,35000,CE,0,0,0,1798.2,592.65,0,0,0,0,19-APR-2021,
OPTIDX,BANKNIFTY,03-Jun-2021,35100,CE,0,0,0,1758.55,573.05,0,0,0,0,19-APR-2021,
OPTIDX,BANKNIFTY,03-Jun-2021,35200,CE,0,0,0,1719.55,554.05,0,0,0,0,19-APR-2021,
OPTIDX,BANKNIFTY,03-Jun-2021,35300,CE,0,0,0,1681.25,535.6,0,0,0,0,19-APR-2021,
OPTIDX,BANKNIFTY,03-Jun-2021,35400,CE,0,0,0,1643.55,517.6,0,0,0,0,19-APR-2021,
OPTIDX,BANKNIFTY,03-Jun-2021,35500,CE,0,0,0,1606.55,500.2,0,0,0,0,19-APR-2021,
OPTIDX,BANKNIFTY,03-Jun-2021,35600,CE,0,0,0,1570.2,483.25,0,0,0,0,19-APR-2021,
OPTIDX,BANKNIFTY,03-Jun-2021,35700,CE,0,0,0,1534.45,466.8,0,0,0,0,19-APR-2021,
OPTIDX,BANKNIFTY,03-Jun-2021,35800,CE,0,0,0,1499.4,450.8,0,0,0,0,19-APR-2021,
OPTIDX,BANKNIFTY,03-Jun-2021,35900,CE,0,0,0,1464.95,435.3,0,0,0,0,19-APR-2021,
OPTIDX,BANKNIFTY,03-Jun-2021,36000,CE,0,0,0,1431.1,420.3,0,0,0,0,19-APR-2021,
OPTIDX,BANKNIFTY,03-Jun-2021,36100,CE,0,0,0,1397.9,405.7,0,0,0,0,19-APR-2021,
OPTIDX,BANKNIFTY,03-Jun-2021,36200,CE,0,0,0,1365.3,391.55,0,0,0,0,19-APR-2021,
OPTIDX,BANKNIFTY,03-Jun-2021,36300,CE,0,0,0,1333.3,377.8,0,0,0,0,19-APR-2021,
OPTIDX,BANKNIFTY,03-Jun-2021,36400,CE,0,0,0,1301.9,364.5,0,0,0,0,19-APR-2021,
OPTIDX,BANKNIFTY,03-Jun-2021,36500,CE,0,0,0,1271.1,351.6,0,0,0,0,19-APR-2021,
OPTIDX,BANKNIFTY,03-Jun-2021,36600,CE,0,0,0,1240.85,339.1,0,0,0,0,19-APR-2021,
OPTIDX,BANKNIFTY,03-Jun-2021,36700,CE,0,0,0,1211.25,327,0,0,0,0,19-APR-2021,
OPTIDX,BANKNIFTY,03-Jun-2021,36800,CE,0,0,0,1182.15,315.25,0,0,0,0,19-APR-2021,
OPTIDX,BANKNIFTY,03-Jun-2021,36900,CE,0,0,0,1153.65,303.9,0,0,0,0,19-APR-2021,
OPTIDX,BANKNIFTY,03-Jun-2021,27800,PE,0,0,0,619.75,465.35,0,0,0,0,19-APR-2021,
OPTIDX,BANKNIFTY,03-Jun-2021,27900,PE,0,0,0,646.15,487.6,0,0,0,0,19-APR-2021,
OPTIDX,BANKNIFTY,03-Jun-2021,28000,PE,0,0,0,673.3,510.55,0,0,0,0,19-APR-2021,
OPTIDX,BANKNIFTY,03-Jun-2021,28100,PE,0,0,0,701.25,534.3,0,0,0,0,19-APR-2021,
OPTIDX,BANKNIFTY,03-Jun-2021,28200,PE,0,0,0,730,558.85,0,0,0,0,19-APR-2021,
OPTIDX,BANKNIFTY,03-Jun-2021,28300,PE,0,0,0,759.6,585.25,0,0,0,0,19-APR-2021,
OPTIDX,BANKNIFTY,03-Jun-2021,28400,PE,0,0,0,788.8,611.3,0,0,0,0,19-APR-2021,
OPTIDX,BANKNIFTY,03-Jun-2021,28500,PE,0,0,0,820.1,638.1,0,0,0,0,19-APR-2021,
OPTIDX,BANKNIFTY,03-Jun-2021,28600,PE,0,0,0,852.2,665.75,0,0,0,0,19-APR-2021,
OPTIDX,BANKNIFTY,03-Jun-2021,28700,PE,0,0,0,885.15,694.2,0,0,0,0,19-APR-2021,
OPTIDX,BANKNIFTY,03-Jun-2021,28800,PE,0,0,0,918.95,723.5,0,0,0,0,19-APR-2021,
OPTIDX,BANKNIFTY,03-Jun-2021,28900,PE,0,0,0,953.6,752.5,0,0,0,0,19-APR-2021,
OPTIDX,BANKNIFTY,03-Jun-2021,29000,PE,0,0,0,989.05,783.6,0,0,0,0,19-APR-2021,
OPTIDX,BANKNIFTY,03-Jun-2021,29100,PE,0,0,0,1025.4,815.55,0,0,0,0,19-APR-2021,
OPTIDX,BANKNIFTY,03-Jun-2021,29200,PE,0,0,0,1062.55,848.4,0,0,0,0,19-APR-2021,
OPTIDX,BANKNIFTY,03-Jun-2021,29300,PE,0,0,0,1100.6,882.1,0,0,0,0,19-APR-2021,
OPTIDX,BANKNIFTY,03-Jun-2021,29400,PE,0,0,0,696.85,916.7,0,0,0,0,19-APR-2021,
OPTIDX,BANKNIFTY,03-Jun-2021,29500,PE,0,0,0,787.15,952.15,0,0,0,0,19-APR-2021,
OPTIDX,BANKNIFTY,03-Jun-2021,29600,PE,0,0,0,816.1,988.5,0,0,0,0,19-APR-2021,
OPTIDX,BANKNIFTY,03-Jun-2021,29700,PE,0,0,0,808,1025.75,0,0,0,0,19-APR-2021,
OPTIDX,BANKNIFTY,03-Jun-2021,29800,PE,0,0,0,837.3,1063.9,0,0,0,0,19-APR-2021,
OPTIDX,BANKNIFTY,03-Jun-2021,29900,PE,0,0,0,867.25,1102.95,0,0,0,0,19-APR-2021,
OPTIDX,BANKNIFTY,03-Jun-2021,30000,PE,0,0,0,896.7,1142.9,0,0,0,0,19-APR-2021,
OPTIDX,BANKNIFTY,03-Jun-2021,30100,PE,0,0,0,928.25,1183.75,0,0,0,0,19-APR-2021,
OPTIDX,BANKNIFTY,03-Jun-2021,30200,PE,0,0,0,960.5,1225.5,0,0,0,0,19-APR-2021,
OPTIDX,BANKNIFTY,03-Jun-2021,30300,PE,0,0,0,993.5,1268.15,0,0,0,0,19-APR-2021,
OPTIDX,BANKNIFTY,03-Jun-2021,30400,PE,0,0,0,1027.25,1311.7,0,0,0,0,19-APR-2021,
OPTIDX,BANKNIFTY,03-Jun-2021,30500,PE,0,0,0,1061.7,1356.15,0,0,0,0,19-APR-2021,
OPTIDX,BANKNIFTY,03-Jun-2021,30600,PE,0,0,0,1096.95,1401.55,0,0,0,0,19-APR-2021,
OPTIDX,BANKNIFTY,03-Jun-2021,30700,PE,0,0,0,1132.95,1447.8,0,0,0,0,19-APR-2021,
OPTIDX,BANKNIFTY,03-Jun-2021,30800,PE,0,0,0,1169.65,1495,0,0,0,0,19-APR-2021,
OPTIDX,BANKNIFTY,03-Jun-2021,30900,PE,0,0,0,890.25,1543.1,0,0,0,0,19-APR-2021,
OPTIDX,BANKNIFTY,03-Jun-2021,31000,PE,0,0,0,919.2,1592.1,0,0,0,0,19-APR-2021,
OPTIDX,BANKNIFTY,03-Jun-2021,31100,PE,0,0,0,950.35,1641.85,0,0,0,0,19-APR-2021,
OPTIDX,BANKNIFTY,03-Jun-2021,31200,PE,0,0,0,982.15,1692.65,0,0,0,0,19-APR-2021,
OPTIDX,BANKNIFTY,03-Jun-2021,31300,PE,0,0,0,1014.7,1744.3,0,0,0,0,19-APR-2021,
OPTIDX,BANKNIFTY,03-Jun-2021,31400,PE,0,0,0,1047.95,1796.9,0,0,0,0,19-APR-2021,
OPTIDX,BANKNIFTY,03-Jun-2021,31500,PE,0,0,0,1081.9,1850.35,0,0,0,0,19-APR-2021,
OPTIDX,BANKNIFTY,03-Jun-2021,31600,PE,0,0,0,1116.55,1904.65,0,0,0,0,19-APR-2021,
OPTIDX,BANKNIFTY,03-Jun-2021,31700,PE,0,0,0,1151.9,1959.9,0,0,0,0,19-APR-2021,
OPTIDX,BANKNIFTY,03-Jun-2021,31800,PE,0,0,0,1188,2015.95,0,0,0,0,19-APR-2021,
OPTIDX,BANKNIFTY,03-Jun-2021,31900,PE,0,0,0,1224.8,2072.9,0,0,0,0,19-APR-2021,
OPTIDX,BANKNIFTY,03-Jun-2021,32000,PE,0,0,0,1262.35,2130.7,0,0,0,0,19-APR-2021,
OPTIDX,BANKNIFTY,03-Jun-2021,32100,PE,0,0,0,1300.6,2189.35,0,0,0,0,19-APR-2021,
OPTIDX,BANKNIFTY,03-Jun-2021,32200,PE,0,0,0,1339.6,2248.85,0,0,0,0,19-APR-2021,
OPTIDX,BANKNIFTY,03-Jun-2021,32300,PE,0,0,0,1379.3,2309.2,0,0,0,0,19-APR-2021,
OPTIDX,BANKNIFTY,03-Jun-2021,32400,PE,0,0,0,1419.75,2370.35,0,0,0,0,19-APR-2021,
OPTIDX,BANKNIFTY,03-Jun-2021,32500,PE,0,0,0,1460.95,2432.3,0,0,0,0,19-APR-2021,
OPTIDX,BANKNIFTY,03-Jun-2021,32600,PE,0,0,0,1502.85,2495.1,0,0,0,0,19-APR-2021,
OPTIDX,BANKNIFTY,03-Jun-2021,32700,PE,0,0,0,1545.5,2558.75,0,0,0,0,19-APR-2021,
OPTIDX,BANKNIFTY,03-Jun-2021,32800,PE,0,0,0,1588.85,2623.15,0,0,0,0,19-APR-2021,
OPTIDX,BANKNIFTY,03-Jun-2021,32900,PE,0,0,0,1633,2688.3,0,0,0,0,19-APR-2021,
OPTIDX,BANKNIFTY,03-Jun-2021,33000,PE,0,0,0,1677.8,2754.3,0,0,0,0,19-APR-2021,
OPTIDX,BANKNIFTY,03-Jun-2021,33100,PE,0,0,0,1723.4,2821.05,0,0,0,0,19-APR-2021,
OPTIDX,BANKNIFTY,03-Jun-2021,33200,PE,0,0,0,1769.7,2888.55,0,0,0,0,19-APR-2021,
OPTIDX,BANKNIFTY,03-Jun-2021,33300,PE,0,0,0,1816.7,2956.8,0,0,0,0,19-APR-2021,
OPTIDX,BANKNIFTY,03-Jun-2021,33400,PE,0,0,0,1864,3025.75,0,0,0,0,19-APR-2021,
OPTIDX,BANKNIFTY,03-Jun-2021,33500,PE,0,0,0,1912.95,3095.5,0,0,0,0,19-APR-2021,
OPTIDX,BANKNIFTY,03-Jun-2021,33600,PE,0,0,0,1962.2,3165.95,0,0,0,0,19-APR-2021,
OPTIDX,BANKNIFTY,03-Jun-2021,33700,PE,0,0,0,2012,3237.1,0,0,0,0,19-APR-2021,
OPTIDX,BANKNIFTY,03-Jun-2021,33800,PE,0,0,0,2062.65,3308.95,0,0,0,0,19-APR-2021,
OPTIDX,BANKNIFTY,03-Jun-2021,33900,PE,0,0,0,2114,3381.5,0,0,0,0,19-APR-2021,
OPTIDX,BANKNIFTY,03-Jun-2021,34000,PE,0,0,0,2166.1,3454.7,0,0,0,0,19-APR-2021,
OPTIDX,BANKNIFTY,03-Jun-2021,34100,PE,0,0,0,2218.9,3528.6,0,0,0,0,19-APR-2021,
OPTIDX,BANKNIFTY,03-Jun-2021,34200,PE,0,0,0,2272.45,3604.65,0,0,0,0,19-APR-2021,
OPTIDX,BANKNIFTY,03-Jun-2021,34300,PE,0,0,0,2326.65,3679.95,0,0,0,0,19-APR-2021,
OPTIDX,BANKNIFTY,03-Jun-2021,34400,PE,0,0,0,2381.6,3755.85,0,0,0,0,19-APR-2021,
OPTIDX,BANKNIFTY,03-Jun-2021,34500,PE,0,0,0,2437.2,3832.45,0,0,0,0,19-APR-2021,
OPTIDX,BANKNIFTY,03-Jun-2021,34600,PE,0,0,0,2493.5,3909.6,0,0,0,0,19-APR-2021,
OPTIDX,BANKNIFTY,03-Jun-2021,34700,PE,0,0,0,2550.55,3987.4,0,0,0,0,19-APR-2021,
OPTIDX,BANKNIFTY,03-Jun-2021,34800,PE,0,0,0,2608.25,4065.75,0,0,0,0,19-APR-2021,
OPTIDX,BANKNIFTY,03-Jun-2021,34900,PE,0,0,0,2666.6,4143.35,0,0,0,0,19-APR-2021,
OPTIDX,BANKNIFTY,03-Jun-2021,35000,PE,0,0,0,2725.65,4222.8,0,0,0,0,19-APR-2021,
OPTIDX,BANKNIFTY,03-Jun-2021,35100,PE,0,0,0,2785.4,4302.75,0,0,0,0,19-APR-2021,
OPTIDX,BANKNIFTY,03-Jun-2021,35200,PE,0,0,0,2845.8,4383.3,0,0,0,0,19-APR-2021,
OPTIDX,BANKNIFTY,03-Jun-2021,35300,PE,0,0,0,2906.85,4464.35,0,0,0,0,19-APR-2021,
OPTIDX,BANKNIFTY,03-Jun-2021,35400,PE,0,0,0,2968.6,4545.95,0,0,0,0,19-APR-2021,
OPTIDX,BANKNIFTY,03-Jun-2021,35500,PE,0,0,0,3030.95,4628.05,0,0,0,0,19-APR-2021,
OPTIDX,BANKNIFTY,03-Jun-2021,35600,PE,0,0,0,3094,4710.65,0,0,0,0,19-APR-2021,
OPTIDX,BANKNIFTY,03-Jun-2021,35700,PE,0,0,0,3157.65,4793.7,0,0,0,0,19-APR-2021,
OPTIDX,BANKNIFTY,03-Jun-2021,35800,PE,0,0,0,3221.95,4877.3,0,0,0,0,19-APR-2021,
OPTIDX,BANKNIFTY,03-Jun-2021,35900,PE,0,0,0,3286.9,4961.3,0,0,0,0,19-APR-2021,
OPTIDX,BANKNIFTY,03-Jun-2021,36000,PE,0,0,0,3352.45,5045.8,0,0,0,0,19-APR-2021,
OPTIDX,BANKNIFTY,03-Jun-2021,36100,PE,0,0,0,3418.6,5130.75,0,0,0,0,19-APR-2021,
OPTIDX,BANKNIFTY,03-Jun-2021,36200,PE,0,0,0,3485.4,5216.15,0,0,0,0,19-APR-2021,
OPTIDX,BANKNIFTY,03-Jun-2021,36300,PE,0,0,0,3552.8,5301.95,0,0,0,0,19-APR-2021,
OPTIDX,BANKNIFTY,03-Jun-2021,36400,PE,0,0,0,3620.8,5388.2,0,0,0,0,19-APR-2021,
OPTIDX,BANKNIFTY,03-Jun-2021,36500,PE,0,0,0,3689.35,5474.85,0,0,0,0,19-APR-2021,
OPTIDX,BANKNIFTY,03-Jun-2021,36600,PE,0,0,0,3758.55,5561.85,0,0,0,0,19-APR-2021,
OPTIDX,BANKNIFTY,03-Jun-2021,36700,PE,0,0,0,3828.3,5649.3,0,0,0,0,19-APR-2021,
OPTIDX,BANKNIFTY,03-Jun-2021,36800,PE,0,0,0,3898.6,5737.1,0,0,0,0,19-APR-2021,
OPTIDX,BANKNIFTY,03-Jun-2021,36900,PE,0,0,0,3969.5,5825.25,0,0,0,0,19-APR-2021,
OPTIDX,BANKNIFTY,10-Jun-2021,27800,CE,0,0,0,3863.9,4106.7,0,0,0,0,19-APR-2021,
OPTIDX,BANKNIFTY,10-Jun-2021,27900,CE,0,0,0,3792.3,4031.25,0,0,0,0,19-APR-2021,
OPTIDX,BANKNIFTY,10-Jun-2021,28000,CE,0,0,0,3721.45,3956.5,0,0,0,0,19-APR-2021,
OPTIDX,BANKNIFTY,10-Jun-2021,28100,CE,0,0,0,3651.4,3883.55,0,0,0,0,19-APR-2021,
OPTIDX,BANKNIFTY,10-Jun-2021,28200,CE,0,0,0,3582.1,3810.2,0,0,0,0,19-APR-2021,
OPTIDX,BANKNIFTY,10-Jun-2021,28300,CE,0,0,0,3512.35,3737.65,0,0,0,0,19-APR-2021,
OPTIDX,BANKNIFTY,10-Jun-2021,28400,CE,0,0,0,3444.7,3665.8,0,0,0,0,19-APR-2021,
OPTIDX,BANKNIFTY,10-Jun-2021,28500,CE,0,0,0,3377.8,3594.75,0,0,0,0,19-APR-2021,
OPTIDX,BANKNIFTY,10-Jun-2021,28600,CE,0,0,0,3311.7,3524.5,0,0,0,0,19-APR-2021,
OPTIDX,BANKNIFTY,10-Jun-2021,28700,CE,0,0,0,3246.4,3453.75,0,0,0,0,19-APR-2021,
OPTIDX,BANKNIFTY,10-Jun-2021,28800,CE,0,0,0,3181.9,3385.2,0,0,0,0,19-APR-2021,
OPTIDX,BANKNIFTY,10-Jun-2021,28900,CE,0,0,0,3118.15,3317.4,0,0,0,0,19-APR-2021,
OPTIDX,BANKNIFTY,10-Jun-2021,29000,CE,0,0,0,3055.25,3250.45,0,0,0,0,19-APR-2021,
OPTIDX,BANKNIFTY,10-Jun-2021,29100,CE,0,0,0,2993.1,3184.3,0,0,0,0,19-APR-2021,
OPTIDX,BANKNIFTY,10-Jun-2021,29200,CE,0,0,0,2931.8,3118.95,0,0,0,0,19-APR-2021,
OPTIDX,BANKNIFTY,10-Jun-2021,29300,CE,0,0,0,2871.3,3054.45,0,0,0,0,19-APR-2021,
OPTIDX,BANKNIFTY,10-Jun-2021,29400,CE,0,0,0,4015.4,2990.75,0,0,0,0,19-APR-2021,
OPTIDX,BANKNIFTY,10-Jun-2021,29500,CE,0,0,0,3944.8,2927.9,0,0,0,0,19-APR-2021,
OPTIDX,BANKNIFTY,10-Jun-2021,29600,CE,0,0,0,3874.9,2865.9,0,0,0,0,19-APR-2021,
OPTIDX,BANKNIFTY,10-Jun-2021,29700,CE,0,0,0,3804.4,2804.7,0,0,0,0,19-APR-2021,
OPTIDX,BANKNIFTY,10-Jun-2021,29800,CE,0,0,0,4039.9,2744.35,0,0,0,0,19-APR-2021,
OPTIDX,BANKNIFTY,10-Jun-2021,29900,CE,0,0,0,3970.55,2684.8,0,0,0,0,19-APR-2021,
OPTIDX,BANKNIFTY,10-Jun-2021,30000,CE,0,0,0,3900.6,2626.15,0,0,0,0,19-APR-2021,
OPTIDX,BANKNIFTY,10-Jun-2021,30100,CE,0,0,0,3832.75,2568.35,0,0,0,0,19-APR-2021,
OPTIDX,BANKNIFTY,10-Jun-2021,30200,CE,0,0,0,3765.65,2511.35,0,0,0,0,19-APR-2021,
OPTIDX,BANKNIFTY,10-Jun-2021,30300,CE,0,0,0,3699.2,2455.2,0,0,0,0,19-APR-2021,
OPTIDX,BANKNIFTY,10-Jun-2021,30400,CE,0,0,0,3633.5,2399.95,0,0,0,0,19-APR-2021,
OPTIDX,BANKNIFTY,10-Jun-2021,30500,CE,0,0,0,3568.5,2345.5,0,0,0,0,19-APR-2021,
OPTIDX,BANKNIFTY,10-Jun-2021,30600,CE,0,0,0,3504.2,2291.9,0,0,0,0,19-APR-2021,
OPTIDX,BANKNIFTY,10-Jun-2021,30700,CE,0,0,0,3440.65,2239.15,0,0,0,0,19-APR-2021,
OPTIDX,BANKNIFTY,10-Jun-2021,30800,CE,0,0,0,3377.85,2187.2,0,0,0,0,19-APR-2021,
OPTIDX,BANKNIFTY,10-Jun-2021,30900,CE,0,0,0,3315.75,2136.15,0,0,0,0,19-APR-2021,
OPTIDX,BANKNIFTY,10-Jun-2021,31000,CE,0,0,0,3254.4,2085.9,0,0,0,0,19-APR-2021,
OPTIDX,BANKNIFTY,10-Jun-2021,31100,CE,0,0,0,3193.75,2036.4,0,0,0,0,19-APR-2021,
OPTIDX,BANKNIFTY,10-Jun-2021,31200,CE,0,0,0,3133.85,1987.8,0,0,0,0,19-APR-2021,
OPTIDX,BANKNIFTY,10-Jun-2021,31300,CE,0,0,0,3074.7,1940.1,0,0,0,0,19-APR-2021,
OPTIDX,BANKNIFTY,10-Jun-2021,31400,CE,0,0,0,3016.3,1893.2,0,0,0,0,19-APR-2021,
OPTIDX,BANKNIFTY,10-Jun-2021,31500,CE,0,0,0,2958.6,1847.1,0,0,0,0,19-APR-2021,
OPTIDX,BANKNIFTY,10-Jun-2021,31600,CE,0,0,0,2901.65,1801.8,0,0,0,0,19-APR-2021,
OPTIDX,BANKNIFTY,10-Jun-2021,31700,CE,0,0,0,2845.45,1757.35,0,0,0,0,19-APR-2021,
OPTIDX,BANKNIFTY,10-Jun-2021,31800,CE,0,0,0,2790,1713.7,0,0,0,0,19-APR-2021,
OPTIDX,BANKNIFTY,10-Jun-2021,31900,CE,0,0,0,2735.25,1670.9,0,0,0,0,19-APR-2021,
OPTIDX,BANKNIFTY,10-Jun-2021,32000,CE,0,0,0,2681.3,1628.85,0,0,0,0,19-APR-2021,
OPTIDX,BANKNIFTY,10-Jun-2021,32100,CE,0,0,0,2628.05,1587.6,0,0,0,0,19-APR-2021,
OPTIDX,BANKNIFTY,10-Jun-2021,32200,CE,0,0,0,2575.5,1547.1,0,0,0,0,19-APR-2021,
OPTIDX,BANKNIFTY,10-Jun-2021,32300,CE,0,0,0,2523.75,1507.45,0,0,0,0,19-APR-2021,
OPTIDX,BANKNIFTY,10-Jun-2021,32400,CE,0,0,0,2472.7,1468.55,0,0,0,0,19-APR-2021,
OPTIDX,BANKNIFTY,10-Jun-2021,32500,CE,0,0,0,2422.35,1430.4,0,0,0,0,19-APR-2021,
OPTIDX,BANKNIFTY,10-Jun-2021,32600,CE,0,0,0,2372.65,1393,0,0,0,0,19-APR-2021,
OPTIDX,BANKNIFTY,10-Jun-2021,32700,CE,0,0,0,2323.8,1356.4,0,0,0,0,19-APR-2021,
OPTIDX,BANKNIFTY,10-Jun-2021,32800,CE,0,0,0,2275.65,1320.5,0,0,0,0,19-APR-2021,
OPTIDX,BANKNIFTY,10-Jun-2021,32900,CE,0,0,0,2228.25,1285.35,0,0,0,0,19-APR-2021,
OPTIDX,BANKNIFTY,10-Jun-2021,33000,CE,0,0,0,2181.55,1250.95,0,0,0,0,19-APR-2021,
OPTIDX,BANKNIFTY,10-Jun-2021,33100,CE,0,0,0,2135.6,1217.25,0,0,0,0,19-APR-2021,
OPTIDX,BANKNIFTY,10-Jun-2021,33200,CE,0,0,0,2090.3,1184.3,0,0,0,0,19-APR-2021,
OPTIDX,BANKNIFTY,10-Jun-2021,33300,CE,0,0,0,2045.75,1152.05,0,0,0,0,19-APR-2021,
OPTIDX,BANKNIFTY,10-Jun-2021,33400,CE,0,0,0,2001.9,1120.45,0,0,0,0,19-APR-2021,
OPTIDX,BANKNIFTY,10-Jun-2021,33500,CE,0,0,0,1958.75,1089.6,0,0,0,0,19-APR-2021,
OPTIDX,BANKNIFTY,10-Jun-2021,33600,CE,0,0,0,1916.3,1059.4,0,0,0,0,19-APR-2021,
OPTIDX,BANKNIFTY,10-Jun-2021,33700,CE,0,0,0,1874.55,1029.9,0,0,0,0,19-APR-2021,
OPTIDX,BANKNIFTY,10-Jun-2021,33800,CE,0,0,0,1833.5,1001,0,0,0,0,19-APR-2021,
OPTIDX,BANKNIFTY,10-Jun-2021,33900,CE,0,0,0,1793.1,972.8,0,0,0,0,19-APR-2021,
OPTIDX,BANKNIFTY,10-Jun-2021,34000,CE,0,0,0,1753.4,945.25,0,0,0,0,19-APR-2021,
OPTIDX,BANKNIFTY,10-Jun-2021,34100,CE,0,0,0,1714.35,918.35,0,0,0,0,19-APR-2021,
OPTIDX,BANKNIFTY,10-Jun-2021,34200,CE,0,0,0,1676,892.05,0,0,0,0,19-APR-2021,
OPTIDX,BANKNIFTY,10-Jun-2021,34300,CE,0,0,0,1638.3,866.35,0,0,0,0,19-APR-2021,
OPTIDX,BANKNIFTY,10-Jun-2021,34400,CE,0,0,0,1601.25,842.75,0,0,0,0,19-APR-2021,
OPTIDX,BANKNIFTY,10-Jun-2021,34500,CE,0,0,0,1564.85,818.4,0,0,0,0,19-APR-2021,
OPTIDX,BANKNIFTY,10-Jun-2021,34600,CE,0,0,0,1529.1,794.6,0,0,0,0,19-APR-2021,
OPTIDX,BANKNIFTY,10-Jun-2021,34700,CE,0,0,0,1494,771.4,0,0,0,0,19-APR-2021,
OPTIDX,BANKNIFTY,10-Jun-2021,34800,CE,0,0,0,1459.5,748.8,0,0,0,0,19-APR-2021,
OPTIDX,BANKNIFTY,10-Jun-2021,34900,CE,0,0,0,1425.65,726.75,0,0,0,0,19-APR-2021,
OPTIDX,BANKNIFTY,10-Jun-2021,35000,CE,0,0,0,750.85,705.2,0,0,25,0,19-APR-2021,
OPTIDX,BANKNIFTY,10-Jun-2021,35100,CE,0,0,0,1359.85,684.25,0,0,0,0,19-APR-2021,
OPTIDX,BANKNIFTY,10-Jun-2021,35200,CE,0,0,0,1327.85,662.45,0,0,0,0,19-APR-2021,
OPTIDX,BANKNIFTY,10-Jun-2021,35300,CE,0,0,0,1296.45,642.45,0,0,0,0,19-APR-2021,
OPTIDX,BANKNIFTY,10-Jun-2021,35400,CE,0,0,0,1265.65,622.95,0,0,0,0,19-APR-2021,
OPTIDX,BANKNIFTY,10-Jun-2021,35500,CE,0,0,0,1235.45,604,0,0,0,0,19-APR-2021,
OPTIDX,BANKNIFTY,10-Jun-2021,35600,CE,0,0,0,1205.85,585.5,0,0,0,0,19-APR-2021,
OPTIDX,BANKNIFTY,10-Jun-2021,35700,CE,0,0,0,1176.8,567.45,0,0,0,0,19-APR-2021,
OPTIDX,BANKNIFTY,10-Jun-2021,35800,CE,0,0,0,1148.3,549.9,0,0,0,0,19-APR-2021,
OPTIDX,BANKNIFTY,10-Jun-2021,27800,PE,0,0,0,704.35,550.2,0,0,0,0,19-APR-2021,
OPTIDX,BANKNIFTY,10-Jun-2021,27900,PE,0,0,0,732.15,574.2,0,0,0,0,19-APR-2021,
OPTIDX,BANKNIFTY,10-Jun-2021,28000,PE,0,0,0,760.7,598.9,0,0,0,0,19-APR-2021,
OPTIDX,BANKNIFTY,10-Jun-2021,28100,PE,0,0,0,790,625.45,0,0,0,0,19-APR-2021,
OPTIDX,BANKNIFTY,10-Jun-2021,28200,PE,0,0,0,820.1,651.55,0,0,0,0,19-APR-2021,
OPTIDX,BANKNIFTY,10-Jun-2021,28300,PE,0,0,0,849.8,678.45,0,0,0,0,19-APR-2021,
OPTIDX,BANKNIFTY,10-Jun-2021,28400,PE,0,0,0,881.55,706.1,0,0,0,0,19-APR-2021,
OPTIDX,BANKNIFTY,10-Jun-2021,28500,PE,0,0,0,914.05,734.5,0,0,0,0,19-APR-2021,
OPTIDX,BANKNIFTY,10-Jun-2021,28600,PE,0,0,0,947.35,763.7,0,0,0,0,19-APR-2021,
OPTIDX,BANKNIFTY,10-Jun-2021,28700,PE,0,0,0,981.4,792.45,0,0,0,0,19-APR-2021,
OPTIDX,BANKNIFTY,10-Jun-2021,28800,PE,0,0,0,1016.3,823.35,0,0,0,0,19-APR-2021,
OPTIDX,BANKNIFTY,10-Jun-2021,28900,PE,0,0,0,1051.95,855.05,0,0,0,0,19-APR-2021,
OPTIDX,BANKNIFTY,10-Jun-2021,29000,PE,0,0,0,1088.45,887.55,0,0,0,0,19-APR-2021,
OPTIDX,BANKNIFTY,10-Jun-2021,29100,PE,0,0,0,1125.75,920.85,0,0,0,0,19-APR-2021,
OPTIDX,BANKNIFTY,10-Jun-2021,29200,PE,0,0,0,1163.8,955,0,0,0,0,19-APR-2021,
OPTIDX,BANKNIFTY,10-Jun-2021,29300,PE,0,0,0,1202.7,989.95,0,0,0,0,19-APR-2021,
OPTIDX,BANKNIFTY,10-Jun-2021,29400,PE,0,0,0,787.15,1025.7,0,0,0,0,19-APR-2021,
OPTIDX,BANKNIFTY,10-Jun-2021,29500,PE,0,0,0,815.95,1062.3,0,0,0,0,19-APR-2021,
OPTIDX,BANKNIFTY,10-Jun-2021,29600,PE,0,0,0,845.45,1099.75,0,0,0,0,19-APR-2021,
OPTIDX,BANKNIFTY,10-Jun-2021,29700,PE,0,0,0,874.3,1138.05,0,0,0,0,19-APR-2021,
OPTIDX,BANKNIFTY,10-Jun-2021,29800,PE,0,0,0,865.3,1177.15,0,0,0,0,19-APR-2021,
OPTIDX,BANKNIFTY,10-Jun-2021,29900,PE,0,0,0,895.3,1217.1,0,0,0,0,19-APR-2021,
OPTIDX,BANKNIFTY,10-Jun-2021,30000,PE,0,0,0,924.75,1257.9,0,0,0,0,19-APR-2021,
OPTIDX,BANKNIFTY,10-Jun-2021,30100,PE,0,0,0,956.25,1299.55,0,0,0,0,19-APR-2021,
OPTIDX,BANKNIFTY,10-Jun-2021,30200,PE,0,0,0,988.45,1342.05,0,0,0,0,19-APR-2021,
OPTIDX,BANKNIFTY,10-Jun-2021,30300,PE,0,0,0,1021.4,1385.35,0,0,0,0,19-APR-2021,
OPTIDX,BANKNIFTY,10-Jun-2021,30400,PE,0,0,0,1055,1429.55,0,0,0,0,19-APR-2021,
OPTIDX,BANKNIFTY,10-Jun-2021,30500,PE,0,0,0,1089.4,1474.55,0,0,0,0,19-APR-2021,
OPTIDX,BANKNIFTY,10-Jun-2021,30600,PE,0,0,0,1124.45,1520.45,0,0,0,0,19-APR-2021,
OPTIDX,BANKNIFTY,10-Jun-2021,30700,PE,0,0,0,1160.25,1567.15,0,0,0,0,19-APR-2021,
OPTIDX,BANKNIFTY,10-Jun-2021,30800,PE,0,0,0,1196.8,1614.7,0,0,0,0,19-APR-2021,
OPTIDX,BANKNIFTY,10-Jun-2021,30900,PE,0,0,0,1234.05,1663.1,0,0,0,0,19-APR-2021,
OPTIDX,BANKNIFTY,10-Jun-2021,31000,PE,0,0,0,1272.05,1712.35,0,0,0,0,19-APR-2021,
OPTIDX,BANKNIFTY,10-Jun-2021,31100,PE,0,0,0,1310.8,1762.3,0,0,0,0,19-APR-2021,
OPTIDX,BANKNIFTY,10-Jun-2021,31200,PE,0,0,0,1350.25,1813.2,0,0,0,0,19-APR-2021,
OPTIDX,BANKNIFTY,10-Jun-2021,31300,PE,0,0,0,1390.45,1864.9,0,0,0,0,19-APR-2021,
OPTIDX,BANKNIFTY,10-Jun-2021,31400,PE,0,0,0,1431.4,1917.45,0,0,0,0,19-APR-2021,
OPTIDX,BANKNIFTY,10-Jun-2021,31500,PE,0,0,0,1473.05,1970.85,0,0,0,0,19-APR-2021,
OPTIDX,BANKNIFTY,10-Jun-2021,31600,PE,0,0,0,1515.5,2025.05,0,0,0,0,19-APR-2021,
OPTIDX,BANKNIFTY,10-Jun-2021,31700,PE,0,0,0,1558.65,2080.05,0,0,0,0,19-APR-2021,
OPTIDX,BANKNIFTY,10-Jun-2021,31800,PE,0,0,0,1602.55,2135.9,0,0,0,0,19-APR-2021,
OPTIDX,BANKNIFTY,10-Jun-2021,31900,PE,0,0,0,1647.15,2192.5,0,0,0,0,19-APR-2021,
OPTIDX,BANKNIFTY,10-Jun-2021,32000,PE,0,0,0,1692.5,2249.95,0,0,0,0,19-APR-2021,
OPTIDX,BANKNIFTY,10-Jun-2021,32100,PE,0,0,0,1738.65,2308.15,0,0,0,0,19-APR-2021,
OPTIDX,BANKNIFTY,10-Jun-2021,32200,PE,0,0,0,1785.45,2367.15,0,0,0,0,19-APR-2021,
OPTIDX,BANKNIFTY,10-Jun-2021,32300,PE,0,0,0,1833.05,2426.95,0,0,0,0,19-APR-2021,
OPTIDX,BANKNIFTY,10-Jun-2021,32400,PE,0,0,0,1881.35,2487.5,0,0,0,0,19-APR-2021,
OPTIDX,BANKNIFTY,10-Jun-2021,32500,PE,0,0,0,1930.4,2548.85,0,0,0,0,19-APR-2021,
OPTIDX,BANKNIFTY,10-Jun-2021,32600,PE,0,0,0,1980.05,2610.9,0,0,0,0,19-APR-2021,
OPTIDX,BANKNIFTY,10-Jun-2021,32700,PE,0,0,0,2030.55,2673.75,0,0,0,0,19-APR-2021,
OPTIDX,BANKNIFTY,10-Jun-2021,32800,PE,0,0,0,2081.75,2737.35,0,0,0,0,19-APR-2021,
OPTIDX,BANKNIFTY,10-Jun-2021,32900,PE,0,0,0,2133.7,2801.65,0,0,0,0,19-APR-2021,
OPTIDX,BANKNIFTY,10-Jun-2021,33000,PE,0,0,0,2186.35,2866.75,0,0,0,0,19-APR-2021,
OPTIDX,BANKNIFTY,10-Jun-2021,33100,PE,0,0,0,2239.75,2932.5,0,0,0,0,19-APR-2021,
OPTIDX,BANKNIFTY,10-Jun-2021,33200,PE,0,0,0,2293.85,2999,0,0,0,0,19-APR-2021,
OPTIDX,BANKNIFTY,10-Jun-2021,33300,PE,0,0,0,2348.65,3066.2,0,0,0,0,19-APR-2021,
OPTIDX,BANKNIFTY,10-Jun-2021,33400,PE,0,0,0,2404.15,3134.1,0,0,0,0,19-APR-2021,
OPTIDX,BANKNIFTY,10-Jun-2021,33500,PE,0,0,0,2460.35,3202.7,0,0,0,0,19-APR-2021,
OPTIDX,BANKNIFTY,10-Jun-2021,33600,PE,0,0,0,2517.25,3271.95,0,0,0,0,19-APR-2021,
OPTIDX,BANKNIFTY,10-Jun-2021,33700,PE,0,0,0,2574.85,3341.9,0,0,0,0,19-APR-2021,
OPTIDX,BANKNIFTY,10-Jun-2021,33800,PE,0,0,0,2633.15,3412.5,0,0,0,0,19-APR-2021,
OPTIDX,BANKNIFTY,10-Jun-2021,33900,PE,0,0,0,2692.1,3483.8,0,0,0,0,19-APR-2021,
OPTIDX,BANKNIFTY,10-Jun-2021,34000,PE,0,0,0,2751.75,3555.7,0,0,0,0,19-APR-2021,
OPTIDX,BANKNIFTY,10-Jun-2021,34100,PE,0,0,0,2812.1,3628.25,0,0,0,0,19-APR-2021,
OPTIDX,BANKNIFTY,10-Jun-2021,34200,PE,0,0,0,2873.05,3701.4,0,0,0,0,19-APR-2021,
OPTIDX,BANKNIFTY,10-Jun-2021,34300,PE,0,0,0,2934.75,3775.2,0,0,0,0,19-APR-2021,
OPTIDX,BANKNIFTY,10-Jun-2021,34400,PE,0,0,0,2997.05,3851.1,0,0,0,0,19-APR-2021,
OPTIDX,BANKNIFTY,10-Jun-2021,34500,PE,0,0,0,3060,3926.15,0,0,0,0,19-APR-2021,
OPTIDX,BANKNIFTY,10-Jun-2021,34600,PE,0,0,0,3123.6,4001.85,0,0,0,0,19-APR-2021,
OPTIDX,BANKNIFTY,10-Jun-2021,34700,PE,0,0,0,3187.85,4078.15,0,0,0,0,19-APR-2021,
OPTIDX,BANKNIFTY,10-Jun-2021,34800,PE,0,0,0,3252.75,4154.95,0,0,0,0,19-APR-2021,
OPTIDX,BANKNIFTY,10-Jun-2021,34900,PE,0,0,0,3318.25,4232.4,0,0,0,0,19-APR-2021,
OPTIDX,BANKNIFTY,10-Jun-2021,35000,PE,0,0,0,3384.4,4310.35,0,0,0,0,19-APR-2021,
OPTIDX,BANKNIFTY,10-Jun-2021,35100,PE,0,0,0,3451.15,4388.8,0,0,0,0,19-APR-2021,
OPTIDX,BANKNIFTY,10-Jun-2021,35200,PE,0,0,0,3518.5,4466.5,0,0,0,0,19-APR-2021,
OPTIDX,BANKNIFTY,10-Jun-2021,35300,PE,0,0,0,3586.45,4546,0,0,0,0,19-APR-2021,
OPTIDX,BANKNIFTY,10-Jun-2021,35400,PE,0,0,0,3655.05,4625.95,0,0,0,0,19-APR-2021,
OPTIDX,BANKNIFTY,10-Jun-2021,35500,PE,0,0,0,3724.2,4706.45,0,0,0,0,19-APR-2021,
OPTIDX,BANKNIFTY,10-Jun-2021,35600,PE,0,0,0,3793.9,4787.4,0,0,0,0,19-APR-2021,
OPTIDX,BANKNIFTY,10-Jun-2021,35700,PE,0,0,0,3864.2,4868.85,0,0,0,0,19-APR-2021,
OPTIDX,BANKNIFTY,10-Jun-2021,35800,PE,0,0,0,3935.1,4950.75,0,0,0,0,19-APR-2021,
OPTIDX,BANKNIFTY,17-Jun-2021,29000,CE,0,0,0,3958.4,3369.35,0,0,0,0,19-APR-2021,
OPTIDX,BANKNIFTY,17-Jun-2021,29100,CE,0,0,0,4040.9,3304.4,0,0,0,0,19-APR-2021,
OPTIDX,BANKNIFTY,17-Jun-2021,29200,CE,0,0,0,3971.15,3240.2,0,0,0,0,19-APR-2021,
OPTIDX,BANKNIFTY,17-Jun-2021,29300,CE,0,0,0,3902.2,3176.8,0,0,0,0,19-APR-2021,
OPTIDX,BANKNIFTY,17-Jun-2021,29400,CE,0,0,0,3832.65,3114.2,0,0,0,0,19-APR-2021,
OPTIDX,BANKNIFTY,17-Jun-2021,29500,CE,0,0,0,3765.15,3052.35,0,0,0,0,19-APR-2021,
OPTIDX,BANKNIFTY,17-Jun-2021,29600,CE,0,0,0,3698.4,2991.3,0,0,0,0,19-APR-2021,
OPTIDX,BANKNIFTY,17-Jun-2021,29700,CE,0,0,0,3632.35,2931.05,0,0,0,0,19-APR-2021,
OPTIDX,BANKNIFTY,17-Jun-2021,29800,CE,0,0,0,3567.05,2871.55,0,0,0,0,19-APR-2021,
OPTIDX,BANKNIFTY,17-Jun-2021,29900,CE,0,0,0,3502.45,2812.9,0,0,0,0,19-APR-2021,
OPTIDX,BANKNIFTY,17-Jun-2021,30000,CE,0,0,0,3438.55,2755,0,0,0,0,19-APR-2021,
OPTIDX,BANKNIFTY,17-Jun-2021,30100,CE,0,0,0,3375.45,2697.9,0,0,0,0,19-APR-2021,
OPTIDX,BANKNIFTY,17-Jun-2021,30200,CE,0,0,0,3313.05,2641.6,0,0,0,0,19-APR-2021,
OPTIDX,BANKNIFTY,17-Jun-2021,30300,CE,0,0,0,3251.4,2586.1,0,0,0,0,19-APR-2021,
OPTIDX,BANKNIFTY,17-Jun-2021,30400,CE,0,0,0,3190.45,2531.4,0,0,0,0,19-APR-2021,
OPTIDX,BANKNIFTY,17-Jun-2021,30500,CE,0,0,0,3130.3,2477.5,0,0,0,0,19-APR-2021,
OPTIDX,BANKNIFTY,17-Jun-2021,30600,CE,0,0,0,3070.85,2424.4,0,0,0,0,19-APR-2021,
OPTIDX,BANKNIFTY,17-Jun-2021,30700,CE,0,0,0,3012.15,2372.05,0,0,0,0,19-APR-2021,
OPTIDX,BANKNIFTY,17-Jun-2021,30800,CE,0,0,0,2954.25,2320.55,0,0,0,0,19-APR-2021,
OPTIDX,BANKNIFTY,17-Jun-2021,30900,CE,0,0,0,2897.05,2269.8,0,0,0,0,19-APR-2021,
OPTIDX,BANKNIFTY,17-Jun-2021,31000,CE,0,0,0,2840.6,2219.7,0,0,0,0,19-APR-2021,
OPTIDX,BANKNIFTY,17-Jun-2021,31100,CE,0,0,0,2784.85,2170.55,0,0,0,0,19-APR-2021,
OPTIDX,BANKNIFTY,17-Jun-2021,31200,CE,0,0,0,2729.9,2122.15,0,0,0,0,19-APR-2021,
OPTIDX,BANKNIFTY,17-Jun-2021,31300,CE,0,0,0,2675.7,2074.55,0,0,0,0,19-APR-2021,
OPTIDX,BANKNIFTY,17-Jun-2021,31400,CE,0,0,0,2622.25,2027.7,0,0,0,0,19-APR-2021,
OPTIDX,BANKNIFTY,17-Jun-2021,31500,CE,0,0,0,2569.5,1981.6,0,0,0,0,19-APR-2021,
OPTIDX,BANKNIFTY,17-Jun-2021,31600,CE,0,0,0,2517.5,1936.3,0,0,0,0,19-APR-2021,
OPTIDX,BANKNIFTY,17-Jun-2021,31700,CE,0,0,0,2466.25,1891.8,0,0,0,0,19-APR-2021,
OPTIDX,BANKNIFTY,17-Jun-2021,31800,CE,0,0,0,2415.75,1848,0,0,0,0,19-APR-2021,
OPTIDX,BANKNIFTY,17-Jun-2021,31900,CE,0,0,0,2365.85,1805,0,0,0,0,19-APR-2021,
OPTIDX,BANKNIFTY,17-Jun-2021,32000,CE,0,0,0,2316.85,1762.7,0,0,0,0,19-APR-2021,
OPTIDX,BANKNIFTY,17-Jun-2021,32100,CE,0,0,0,2268.55,1721.2,0,0,0,0,19-APR-2021,
OPTIDX,BANKNIFTY,17-Jun-2021,32200,CE,0,0,0,2220.95,1680.4,0,0,0,0,19-APR-2021,
OPTIDX,BANKNIFTY,17-Jun-2021,32300,CE,0,0,0,2174.1,1640.35,0,0,0,0,19-APR-2021,
OPTIDX,BANKNIFTY,17-Jun-2021,32400,CE,0,0,0,2128,1601,0,0,0,0,19-APR-2021,
OPTIDX,BANKNIFTY,17-Jun-2021,32500,CE,0,0,0,2082.6,1562.4,0,0,0,0,19-APR-2021,
OPTIDX,BANKNIFTY,17-Jun-2021,32600,CE,0,0,0,2037.9,1524.55,0,0,0,0,19-APR-2021,
OPTIDX,BANKNIFTY,17-Jun-2021,32700,CE,0,0,0,1993.95,1487.35,0,0,0,0,19-APR-2021,
OPTIDX,BANKNIFTY,17-Jun-2021,32800,CE,0,0,0,1950.65,1450.9,0,0,0,0,19-APR-2021,
OPTIDX,BANKNIFTY,17-Jun-2021,32900,CE,0,0,0,1908.1,1415.1,0,0,0,0,19-APR-2021,
OPTIDX,BANKNIFTY,17-Jun-2021,33000,CE,0,0,0,1866.25,1380,0,0,0,0,19-APR-2021,
OPTIDX,BANKNIFTY,17-Jun-2021,33100,CE,0,0,0,1825.05,1345.6,0,0,0,0,19-APR-2021,
OPTIDX,BANKNIFTY,17-Jun-2021,33200,CE,0,0,0,1784.6,1311.9,0,0,0,0,19-APR-2021,
OPTIDX,BANKNIFTY,17-Jun-2021,33300,CE,0,0,0,1744.8,1278.85,0,0,0,0,19-APR-2021,
OPTIDX,BANKNIFTY,17-Jun-2021,33400,CE,0,0,0,1705.7,1246.45,0,0,0,0,19-APR-2021,
OPTIDX,BANKNIFTY,17-Jun-2021,33500,CE,0,0,0,1667.25,1214.7,0,0,0,0,19-APR-2021,
OPTIDX,BANKNIFTY,17-Jun-2021,33600,CE,0,0,0,1629.5,1183.65,0,0,0,0,19-APR-2021,
OPTIDX,BANKNIFTY,17-Jun-2021,33700,CE,0,0,0,1592.4,1153.2,0,0,0,0,19-APR-2021,
OPTIDX,BANKNIFTY,17-Jun-2021,33800,CE,0,0,0,1555.95,1123.35,0,0,0,0,19-APR-2021,
OPTIDX,BANKNIFTY,17-Jun-2021,33900,CE,0,0,0,1520.15,1094.15,0,0,0,0,19-APR-2021,
OPTIDX,BANKNIFTY,17-Jun-2021,34000,CE,0,0,0,1485,1065.6,0,0,0,0,19-APR-2021,
OPTIDX,BANKNIFTY,17-Jun-2021,34100,CE,0,0,0,1450.5,1037.6,0,0,0,0,19-APR-2021,
OPTIDX,BANKNIFTY,17-Jun-2021,34200,CE,0,0,0,1416.6,1010.25,0,0,0,0,19-APR-2021,
OPTIDX,BANKNIFTY,17-Jun-2021,34300,CE,0,0,0,1383.35,983.45,0,0,0,0,19-APR-2021,
OPTIDX,BANKNIFTY,17-Jun-2021,34400,CE,0,0,0,1350.75,957.25,0,0,0,0,19-APR-2021,
OPTIDX,BANKNIFTY,17-Jun-2021,34500,CE,0,0,0,1318.75,931.65,0,0,0,0,19-APR-2021,
OPTIDX,BANKNIFTY,17-Jun-2021,34600,CE,0,0,0,1287.35,908.05,0,0,0,0,19-APR-2021,
OPTIDX,BANKNIFTY,17-Jun-2021,34700,CE,0,0,0,1256.55,883.7,0,0,0,0,19-APR-2021,
OPTIDX,BANKNIFTY,17-Jun-2021,34800,CE,0,0,0,1226.35,859.85,0,0,0,0,19-APR-2021,
OPTIDX,BANKNIFTY,17-Jun-2021,34900,CE,0,0,0,1196.7,836.5,0,0,0,0,19-APR-2021,
OPTIDX,BANKNIFTY,17-Jun-2021,35000,CE,0,0,0,1167.7,813.75,0,0,0,0,19-APR-2021,
OPTIDX,BANKNIFTY,17-Jun-2021,35100,CE,0,0,0,1139.25,791.5,0,0,0,0,19-APR-2021,
OPTIDX,BANKNIFTY,17-Jun-2021,29000,PE,0,0,0,802.75,985.7,0,0,0,0,19-APR-2021,
OPTIDX,BANKNIFTY,17-Jun-2021,29100,PE,0,0,0,840.3,1020.15,0,0,0,0,19-APR-2021,
OPTIDX,BANKNIFTY,17-Jun-2021,29200,PE,0,0,0,869.95,1055.35,0,0,0,0,19-APR-2021,
OPTIDX,BANKNIFTY,17-Jun-2021,29300,PE,0,0,0,900.3,1091.35,0,0,0,0,19-APR-2021,
OPTIDX,BANKNIFTY,17-Jun-2021,29400,PE,0,0,0,930.15,1128.1,0,0,0,0,19-APR-2021,
OPTIDX,BANKNIFTY,17-Jun-2021,29500,PE,0,0,0,962,1165.65,0,0,0,0,19-APR-2021,
OPTIDX,BANKNIFTY,17-Jun-2021,29600,PE,0,0,0,994.6,1204,0,0,0,0,19-APR-2021,
OPTIDX,BANKNIFTY,17-Jun-2021,29700,PE,0,0,0,1027.9,1243.15,0,0,0,0,19-APR-2021,
OPTIDX,BANKNIFTY,17-Jun-2021,29800,PE,0,0,0,1061.9,1283.1,0,0,0,0,19-APR-2021,
OPTIDX,BANKNIFTY,17-Jun-2021,29900,PE,0,0,0,1096.7,1323.8,0,0,0,0,19-APR-2021,
OPTIDX,BANKNIFTY,17-Jun-2021,30000,PE,0,0,0,1132.15,1365.3,0,0,0,0,19-APR-2021,
OPTIDX,BANKNIFTY,17-Jun-2021,30100,PE,0,0,0,1168.4,1407.6,0,0,0,0,19-APR-2021,
OPTIDX,BANKNIFTY,17-Jun-2021,30200,PE,0,0,0,1205.35,1450.7,0,0,0,0,19-APR-2021,
OPTIDX,BANKNIFTY,17-Jun-2021,30300,PE,0,0,0,1243.05,1494.6,0,0,0,0,19-APR-2021,
OPTIDX,BANKNIFTY,17-Jun-2021,30400,PE,0,0,0,1281.5,1539.3,0,0,0,0,19-APR-2021,
OPTIDX,BANKNIFTY,17-Jun-2021,30500,PE,0,0,0,1320.65,1584.8,0,0,0,0,19-APR-2021,
OPTIDX,BANKNIFTY,17-Jun-2021,30600,PE,0,0,0,1360.6,1631.05,0,0,0,0,19-APR-2021,
OPTIDX,BANKNIFTY,17-Jun-2021,30700,PE,0,0,0,1401.25,1678.15,0,0,0,0,19-APR-2021,
OPTIDX,BANKNIFTY,17-Jun-2021,30800,PE,0,0,0,1442.65,1726,0,0,0,0,19-APR-2021,
OPTIDX,BANKNIFTY,17-Jun-2021,30900,PE,0,0,0,1484.8,1774.65,0,0,0,0,19-APR-2021,
OPTIDX,BANKNIFTY,17-Jun-2021,31000,PE,0,0,0,1527.7,1823.95,0,0,0,0,19-APR-2021,
OPTIDX,BANKNIFTY,17-Jun-2021,31100,PE,0,0,0,1571.35,1874.2,0,0,0,0,19-APR-2021,
OPTIDX,BANKNIFTY,17-Jun-2021,31200,PE,0,0,0,1615.75,1925.2,0,0,0,0,19-APR-2021,
OPTIDX,BANKNIFTY,17-Jun-2021,31300,PE,0,0,0,1660.9,1976.95,0,0,0,0,19-APR-2021,
OPTIDX,BANKNIFTY,17-Jun-2021,31400,PE,0,0,0,1706.8,2029.55,0,0,0,0,19-APR-2021,
OPTIDX,BANKNIFTY,17-Jun-2021,31500,PE,0,0,0,1753.4,2082.85,0,0,0,0,19-APR-2021,
OPTIDX,BANKNIFTY,17-Jun-2021,31600,PE,0,0,0,1800.8,2136.95,0,0,0,0,19-APR-2021,
OPTIDX,BANKNIFTY,17-Jun-2021,31700,PE,0,0,0,1848.9,2191.8,0,0,0,0,19-APR-2021,
OPTIDX,BANKNIFTY,17-Jun-2021,31800,PE,0,0,0,1897.75,2247.45,0,0,0,0,19-APR-2021,
OPTIDX,BANKNIFTY,17-Jun-2021,31900,PE,0,0,0,1947.2,2303.8,0,0,0,0,19-APR-2021,
OPTIDX,BANKNIFTY,17-Jun-2021,32000,PE,0,0,0,1997.55,2360.9,0,0,0,0,19-APR-2021,
OPTIDX,BANKNIFTY,17-Jun-2021,32100,PE,0,0,0,2048.6,2418.8,0,0,0,0,19-APR-2021,
OPTIDX,BANKNIFTY,17-Jun-2021,32200,PE,0,0,0,2100.35,2477.4,0,0,0,0,19-APR-2021,
OPTIDX,BANKNIFTY,17-Jun-2021,32300,PE,0,0,0,2152.85,2536.75,0,0,0,0,19-APR-2021,
OPTIDX,BANKNIFTY,17-Jun-2021,32400,PE,0,0,0,2206.1,2596.8,0,0,0,0,19-APR-2021,
OPTIDX,BANKNIFTY,17-Jun-2021,32500,PE,0,0,0,2260.05,2657.6,0,0,0,0,19-APR-2021,
OPTIDX,BANKNIFTY,17-Jun-2021,32600,PE,0,0,0,2314.75,2719.1,0,0,0,0,19-APR-2021,
OPTIDX,BANKNIFTY,17-Jun-2021,32700,PE,0,0,0,2370.1,2781.35,0,0,0,0,19-APR-2021,
OPTIDX,BANKNIFTY,17-Jun-2021,32800,PE,0,0,0,2426.2,2844.25,0,0,0,0,19-APR-2021,
OPTIDX,BANKNIFTY,17-Jun-2021,32900,PE,0,0,0,2483,2907.9,0,0,0,0,19-APR-2021,
OPTIDX,BANKNIFTY,17-Jun-2021,33000,PE,0,0,0,2540.5,2972.2,0,0,0,0,19-APR-2021,
OPTIDX,BANKNIFTY,17-Jun-2021,33100,PE,0,0,0,2598.65,3037.2,0,0,0,0,19-APR-2021,
OPTIDX,BANKNIFTY,17-Jun-2021,33200,PE,0,0,0,2657.55,3102.85,0,0,0,0,19-APR-2021,
OPTIDX,BANKNIFTY,17-Jun-2021,33300,PE,0,0,0,2717.1,3169.2,0,0,0,0,19-APR-2021,
OPTIDX,BANKNIFTY,17-Jun-2021,33400,PE,0,0,0,2777.35,3236.2,0,0,0,0,19-APR-2021,
OPTIDX,BANKNIFTY,17-Jun-2021,33500,PE,0,0,0,2838.25,3303.85,0,0,0,0,19-APR-2021,
OPTIDX,BANKNIFTY,17-Jun-2021,33600,PE,0,0,0,2899.85,3372.15,0,0,0,0,19-APR-2021,
OPTIDX,BANKNIFTY,17-Jun-2021,33700,PE,0,0,0,2962.1,3441.1,0,0,0,0,19-APR-2021,
OPTIDX,BANKNIFTY,17-Jun-2021,33800,PE,0,0,0,3025,3510.7,0,0,0,0,19-APR-2021,
OPTIDX,BANKNIFTY,17-Jun-2021,33900,PE,0,0,0,3088.6,3580.9,0,0,0,0,19-APR-2021,
OPTIDX,BANKNIFTY,17-Jun-2021,34000,PE,0,0,0,3152.8,3651.7,0,0,0,0,19-APR-2021,
OPTIDX,BANKNIFTY,17-Jun-2021,34100,PE,0,0,0,3217.65,3723.15,0,0,0,0,19-APR-2021,
OPTIDX,BANKNIFTY,17-Jun-2021,34200,PE,0,0,0,3283.1,3795.15,0,0,0,0,19-APR-2021,
OPTIDX,BANKNIFTY,17-Jun-2021,34300,PE,0,0,0,3349.25,3867.8,0,0,0,0,19-APR-2021,
OPTIDX,BANKNIFTY,17-Jun-2021,34400,PE,0,0,0,3415.95,3941,0,0,0,0,19-APR-2021,
OPTIDX,BANKNIFTY,17-Jun-2021,34500,PE,0,0,0,3483.3,4014.75,0,0,0,0,19-APR-2021,
OPTIDX,BANKNIFTY,17-Jun-2021,34600,PE,0,0,0,3551.25,4090.6,0,0,0,0,19-APR-2021,
OPTIDX,BANKNIFTY,17-Jun-2021,34700,PE,0,0,0,3619.8,4165.55,0,0,0,0,19-APR-2021,
OPTIDX,BANKNIFTY,17-Jun-2021,34800,PE,0,0,0,3688.95,4241.1,0,0,0,0,19-APR-2021,
OPTIDX,BANKNIFTY,17-Jun-2021,34900,PE,0,0,0,3758.7,4317.2,0,0,0,0,19-APR-2021,
OPTIDX,BANKNIFTY,17-Jun-2021,35000,PE,0,0,0,3829.05,4393.85,0,0,0,0,19-APR-2021,
OPTIDX,BANKNIFTY,17-Jun-2021,35100,PE,0,0,0,3899.9,4471,0,0,0,0,19-APR-2021,
OPTIDX,BANKNIFTY,24-Jun-2021,24000,CE,0,0,0,3668.85,7490.45,0,0,0,0,19-APR-2021,
OPTIDX,BANKNIFTY,24-Jun-2021,25000,CE,0,0,0,6495.9,6584.9,0,0,0,0,19-APR-2021,
OPTIDX,BANKNIFTY,24-Jun-2021,25500,CE,0,0,0,3918.5,6147.45,0,0,0,0,19-APR-2021,
OPTIDX,BANKNIFTY,24-Jun-2021,26000,CE,0,0,0,6512.55,5721.9,0,0,0,0,19-APR-2021,
OPTIDX,BANKNIFTY,24-Jun-2021,27000,CE,0,0,0,2510.7,4911.65,0,0,0,0,19-APR-2021,
OPTIDX,BANKNIFTY,24-Jun-2021,27800,CE,0,0,0,4062.5,4308.55,0,0,0,0,19-APR-2021,
OPTIDX,BANKNIFTY,24-Jun-2021,27900,CE,0,0,0,3993.35,4235.9,0,0,0,0,19-APR-2021,
OPTIDX,BANKNIFTY,24-Jun-2021,28000,CE,0,0,0,6309.1,4164,0,0,0,0,19-APR-2021,
OPTIDX,BANKNIFTY,24-Jun-2021,28100,CE,0,0,0,3855.95,4092.75,0,0,0,0,19-APR-2021,
OPTIDX,BANKNIFTY,24-Jun-2021,28200,CE,0,0,0,3789,4022.2,0,0,0,0,19-APR-2021,
OPTIDX,BANKNIFTY,24-Jun-2021,28300,CE,0,0,0,3722.75,3952.4,0,0,0,0,19-APR-2021,
OPTIDX,BANKNIFTY,24-Jun-2021,28400,CE,0,0,0,3657.2,3883.3,0,0,0,0,19-APR-2021,
OPTIDX,BANKNIFTY,24-Jun-2021,28500,CE,0,0,0,2739,3813.65,0,0,0,0,19-APR-2021,
OPTIDX,BANKNIFTY,24-Jun-2021,28600,CE,0,0,0,3528.3,3746.05,0,0,0,0,19-APR-2021,
OPTIDX,BANKNIFTY,24-Jun-2021,28700,CE,0,0,0,3464.95,3679.2,0,0,0,0,19-APR-2021,
OPTIDX,BANKNIFTY,24-Jun-2021,28800,CE,0,0,0,3402.3,3613.05,0,0,0,0,19-APR-2021,
OPTIDX,BANKNIFTY,24-Jun-2021,28900,CE,0,0,0,3340.35,3547.65,0,0,0,0,19-APR-2021,
OPTIDX,BANKNIFTY,24-Jun-2021,29000,CE,0,0,0,5658.5,3482.95,0,0,0,0,19-APR-2021,
OPTIDX,BANKNIFTY,24-Jun-2021,29100,CE,0,0,0,3218.7,3419,0,0,0,0,19-APR-2021,
OPTIDX,BANKNIFTY,24-Jun-2021,29200,CE,0,0,0,3158.95,3355.8,0,0,0,0,19-APR-2021,
OPTIDX,BANKNIFTY,24-Jun-2021,29300,CE,0,0,0,3100,3293.35,0,0,0,0,19-APR-2021,
OPTIDX,BANKNIFTY,24-Jun-2021,29400,CE,0,0,0,4226.85,3231.65,0,0,0,0,19-APR-2021,
OPTIDX,BANKNIFTY,24-Jun-2021,29500,CE,0,0,0,4281.55,3170.7,0,0,0,0,19-APR-2021,
OPTIDX,BANKNIFTY,24-Jun-2021,29600,CE,0,0,0,4214.5,3110.45,0,0,0,0,19-APR-2021,
OPTIDX,BANKNIFTY,24-Jun-2021,29700,CE,0,0,0,4284,3051,0,0,0,0,19-APR-2021,
OPTIDX,BANKNIFTY,24-Jun-2021,29800,CE,0,0,0,4217.25,2992.3,0,0,0,0,19-APR-2021,
OPTIDX,BANKNIFTY,24-Jun-2021,29900,CE,0,0,0,4151.1,2934.35,0,0,0,0,19-APR-2021,
OPTIDX,BANKNIFTY,24-Jun-2021,30000,CE,0,0,0,1945.2,2877.1,0,0,0,0,19-APR-2021,
OPTIDX,BANKNIFTY,24-Jun-2021,30100,CE,0,0,0,4433.15,2820.65,0,0,0,0,19-APR-2021,
OPTIDX,BANKNIFTY,24-Jun-2021,30200,CE,0,0,0,4368.5,2764.95,0,0,0,0,19-APR-2021,
OPTIDX,BANKNIFTY,24-Jun-2021,30300,CE,0,0,0,4304.4,2710,0,0,0,0,19-APR-2021,
OPTIDX,BANKNIFTY,24-Jun-2021,30400,CE,0,0,0,4240.95,2655.8,0,0,0,0,19-APR-2021,
OPTIDX,BANKNIFTY,24-Jun-2021,30500,CE,0,0,0,4178.05,2602.35,0,0,0,0,19-APR-2021,
OPTIDX,BANKNIFTY,24-Jun-2021,30600,CE,0,0,0,4115.8,2549.7,0,0,0,0,19-APR-2021,
OPTIDX,BANKNIFTY,24-Jun-2021,30700,CE,0,0,0,4054.15,2497.75,0,0,0,0,19-APR-2021,
OPTIDX,BANKNIFTY,24-Jun-2021,30800,CE,0,0,0,3993.1,2446.55,0,0,0,0,19-APR-2021,
OPTIDX,BANKNIFTY,24-Jun-2021,30900,CE,0,0,0,3932.65,2396.1,0,0,0,0,19-APR-2021,
OPTIDX,BANKNIFTY,24-Jun-2021,31000,CE,0,0,0,4501.75,2346.25,0,0,0,0,19-APR-2021,
OPTIDX,BANKNIFTY,24-Jun-2021,31100,CE,0,0,0,3813.6,2297.25,0,0,0,0,19-APR-2021,
OPTIDX,BANKNIFTY,24-Jun-2021,31200,CE,0,0,0,3755,2249.05,0,0,0,0,19-APR-2021,
OPTIDX,BANKNIFTY,24-Jun-2021,31300,CE,0,0,0,3697,2201.55,0,0,0,0,19-APR-2021,
OPTIDX,BANKNIFTY,24-Jun-2021,31400,CE,0,0,0,3639.65,2154.8,0,0,0,0,19-APR-2021,
OPTIDX,BANKNIFTY,24-Jun-2021,31500,CE,0,0,0,1884.8,2108.75,0,0,0,0,19-APR-2021,
OPTIDX,BANKNIFTY,24-Jun-2021,31600,CE,0,0,0,3526.7,2063.45,0,0,0,0,19-APR-2021,
OPTIDX,BANKNIFTY,24-Jun-2021,31700,CE,0,0,0,3471.15,2018.85,0,0,0,0,19-APR-2021,
OPTIDX,BANKNIFTY,24-Jun-2021,31800,CE,0,0,0,3416.2,1974.95,0,0,0,0,19-APR-2021,
OPTIDX,BANKNIFTY,24-Jun-2021,31900,CE,0,0,0,3361.85,1931.8,0,0,0,0,19-APR-2021,
OPTIDX,BANKNIFTY,24-Jun-2021,32000,CE,1600,1600,1000,1452.3,1452.3,42,350.69,750,725,19-APR-2021,
OPTIDX,BANKNIFTY,24-Jun-2021,32100,CE,0,0,0,3255.05,1847.6,0,0,0,0,19-APR-2021,
OPTIDX,BANKNIFTY,24-Jun-2021,32200,CE,0,0,0,3202.55,1806.6,0,0,0,0,19-APR-2021,
OPTIDX,BANKNIFTY,24-Jun-2021,32300,CE,0,0,0,3150.65,1766.25,0,0,0,0,19-APR-2021,
OPTIDX,BANKNIFTY,24-Jun-2021,32400,CE,0,0,0,3099.35,1726.55,0,0,0,0,19-APR-2021,
OPTIDX,BANKNIFTY,24-Jun-2021,32500,CE,0,0,0,3048.65,1687.6,0,0,0,0,19-APR-2021,
OPTIDX,BANKNIFTY,24-Jun-2021,32600,CE,0,0,0,2998.55,1649.3,0,0,0,0,19-APR-2021,
OPTIDX,BANKNIFTY,24-Jun-2021,32700,CE,0,0,0,2948.95,1611.7,0,0,0,0,19-APR-2021,
OPTIDX,BANKNIFTY,24-Jun-2021,32800,CE,0,0,0,2900.05,1574.75,0,0,0,0,19-APR-2021,
OPTIDX,BANKNIFTY,24-Jun-2021,32900,CE,0,0,0,2851.75,1538.45,0,0,0,0,19-APR-2021,
OPTIDX,BANKNIFTY,24-Jun-2021,33000,CE,0,0,0,1500,1502.8,0,0,25,0,19-APR-2021,
OPTIDX,BANKNIFTY,24-Jun-2021,33100,CE,0,0,0,2756.9,1467.8,0,0,0,0,19-APR-2021,
OPTIDX,BANKNIFTY,24-Jun-2021,33200,CE,0,0,0,2710.4,1433.5,0,0,0,0,19-APR-2021,
OPTIDX,BANKNIFTY,24-Jun-2021,33300,CE,0,0,0,2664.45,1399.75,0,0,0,0,19-APR-2021,
OPTIDX,BANKNIFTY,24-Jun-2021,33400,CE,0,0,0,2619.1,1366.7,0,0,0,0,19-APR-2021,
OPTIDX,BANKNIFTY,24-Jun-2021,33500,CE,0,0,0,2217.85,1334.25,0,0,25,0,19-APR-2021,
OPTIDX,BANKNIFTY,24-Jun-2021,33600,CE,0,0,0,2530.15,1302.4,0,0,0,0,19-APR-2021,
OPTIDX,BANKNIFTY,24-Jun-2021,33700,CE,0,0,0,2486.55,1271.2,0,0,0,0,19-APR-2021,
OPTIDX,BANKNIFTY,24-Jun-2021,33800,CE,0,0,0,2443.5,1240.6,0,0,0,0,19-APR-2021,
OPTIDX,BANKNIFTY,24-Jun-2021,33900,CE,0,0,0,2401,1210.55,0,0,0,0,19-APR-2021,
OPTIDX,BANKNIFTY,24-Jun-2021,34000,CE,840.95,841.05,650,700,700,31,268.98,700,500,19-APR-2021,
OPTIDX,BANKNIFTY,24-Jun-2021,34100,CE,0,0,0,2317.75,1152.3,0,0,0,0,19-APR-2021,
OPTIDX,BANKNIFTY,24-Jun-2021,34200,CE,0,0,0,2277,1124,0,0,0,0,19-APR-2021,
OPTIDX,BANKNIFTY,24-Jun-2021,34300,CE,0,0,0,2236.75,1096.3,0,0,0,0,19-APR-2021,
OPTIDX,BANKNIFTY,24-Jun-2021,34400,CE,0,0,0,2197.1,1069.15,0,0,0,0,19-APR-2021,
OPTIDX,BANKNIFTY,24-Jun-2021,34500,CE,0,0,0,1445.6,1042.55,0,0,0,0,19-APR-2021,
OPTIDX,BANKNIFTY,24-Jun-2021,34600,CE,0,0,0,2119.4,1016.55,0,0,0,0,19-APR-2021,
OPTIDX,BANKNIFTY,24-Jun-2021,34700,CE,0,0,0,2081.35,991.05,0,0,0,0,19-APR-2021,
OPTIDX,BANKNIFTY,24-Jun-2021,34800,CE,0,0,0,2043.85,967.55,0,0,0,0,19-APR-2021,
OPTIDX,BANKNIFTY,24-Jun-2021,34900,CE,0,0,0,2006.9,943.2,0,0,0,0,19-APR-2021,
OPTIDX,BANKNIFTY,24-Jun-2021,35000,CE,510,656.1,510,552,919.35,9,79.95,250,125,19-APR-2021,
OPTIDX,BANKNIFTY,24-Jun-2021,35100,CE,0,0,0,1934.55,896.05,0,0,0,0,19-APR-2021,
OPTIDX,BANKNIFTY,24-Jun-2021,35200,CE,0,0,0,1899.2,873.2,0,0,0,0,19-APR-2021,
OPTIDX,BANKNIFTY,24-Jun-2021,35300,CE,0,0,0,1864.35,850.9,0,0,0,0,19-APR-2021,
OPTIDX,BANKNIFTY,24-Jun-2021,35400,CE,0,0,0,1830,829.05,0,0,0,0,19-APR-2021,
OPTIDX,BANKNIFTY,24-Jun-2021,35500,CE,0,0,0,1796.15,807.65,0,0,0,0,19-APR-2021,
OPTIDX,BANKNIFTY,24-Jun-2021,35600,CE,0,0,0,1762.8,786.8,0,0,0,0,19-APR-2021,
OPTIDX,BANKNIFTY,24-Jun-2021,35700,CE,0,0,0,1729.95,766.35,0,0,0,0,19-APR-2021,
OPTIDX,BANKNIFTY,24-Jun-2021,35800,CE,0,0,0,1697.65,745.05,0,0,0,0,19-APR-2021,
OPTIDX,BANKNIFTY,24-Jun-2021,35900,CE,0,0,0,1665.8,725.5,0,0,0,0,19-APR-2021,
OPTIDX,BANKNIFTY,24-Jun-2021,36000,CE,410,467.45,320.3,331.15,331.15,6,54.54,150,100,19-APR-2021,
OPTIDX,BANKNIFTY,24-Jun-2021,36100,CE,0,0,0,1658.25,687.6,0,0,0,0,19-APR-2021,
OPTIDX,BANKNIFTY,24-Jun-2021,36200,CE,0,0,0,1626.5,669.3,0,0,0,0,19-APR-2021,
OPTIDX,BANKNIFTY,24-Jun-2021,36300,CE,0,0,0,1595.25,651.45,0,0,0,0,19-APR-2021,
OPTIDX,BANKNIFTY,24-Jun-2021,36400,CE,0,0,0,1763.1,633.95,0,0,0,0,19-APR-2021,
OPTIDX,BANKNIFTY,24-Jun-2021,36500,CE,0,0,0,1729.95,616.9,0,0,0,0,19-APR-2021,
OPTIDX,BANKNIFTY,24-Jun-2021,36600,CE,0,0,0,1697.25,600.25,0,0,0,0,19-APR-2021,
OPTIDX,BANKNIFTY,24-Jun-2021,36700,CE,0,0,0,1665.1,583.95,0,0,0,0,19-APR-2021,
OPTIDX,BANKNIFTY,24-Jun-2021,36800,CE,0,0,0,1633.45,568.1,0,0,0,0,19-APR-2021,
OPTIDX,BANKNIFTY,24-Jun-2021,36900,CE,0,0,0,1602.25,552.55,0,0,0,0,19-APR-2021,
OPTIDX,BANKNIFTY,24-Jun-2021,37000,CE,0,0,0,2088.95,537.45,0,0,0,0,19-APR-2021,
OPTIDX,BANKNIFTY,24-Jun-2021,37500,CE,0,0,0,1800,467,0,0,0,0,19-APR-2021,
OPTIDX,BANKNIFTY,24-Jun-2021,38000,CE,0,0,0,1819.4,404.85,0,0,0,0,19-APR-2021,
OPTIDX,BANKNIFTY,24-Jun-2021,39000,CE,0,0,0,1452.65,302.05,0,0,0,0,19-APR-2021,
OPTIDX,BANKNIFTY,24-Jun-2021,40000,CE,170,197.55,119.7,126,126,21,210.82,825,275,19-APR-2021,
OPTIDX,BANKNIFTY,24-Jun-2021,40500,CE,0,0,0,1260.75,191.45,0,0,0,0,19-APR-2021,
OPTIDX,BANKNIFTY,24-Jun-2021,41000,CE,0,0,0,1934.95,163.75,0,0,0,0,19-APR-2021,
OPTIDX,BANKNIFTY,24-Jun-2021,42000,CE,0,0,0,160,119.1,0,0,125,0,19-APR-2021,
OPTIDX,BANKNIFTY,24-Jun-2021,23000,PE,100,130,72.05,106.2,106.2,188,1085.96,2850,1725,19-APR-2021,
OPTIDX,BANKNIFTY,24-Jun-2021,24000,PE,0,0,0,2992.55,119.85,0,0,0,0,19-APR-2021,
OPTIDX,BANKNIFTY,24-Jun-2021,25000,PE,161,220,161,186.35,186.35,202,1272.69,6075,925,19-APR-2021,
OPTIDX,BANKNIFTY,24-Jun-2021,25500,PE,0,0,0,3126.15,266.7,0,0,0,0,19-APR-2021,
OPTIDX,BANKNIFTY,24-Jun-2021,26000,PE,0,0,0,948.25,337.8,0,0,0,0,19-APR-2021,
OPTIDX,BANKNIFTY,24-Jun-2021,27000,PE,0,0,0,4761.35,520.8,0,0,0,0,19-APR-2021,
OPTIDX,BANKNIFTY,24-Jun-2021,27800,PE,0,0,0,863.35,712.25,0,0,0,0,19-APR-2021,
OPTIDX,BANKNIFTY,24-Jun-2021,27900,PE,0,0,0,893.45,738.95,0,0,0,0,19-APR-2021,
OPTIDX,BANKNIFTY,24-Jun-2021,28000,PE,0,0,0,1337.3,766.35,0,0,0,0,19-APR-2021,
OPTIDX,BANKNIFTY,24-Jun-2021,28100,PE,0,0,0,954.55,794.45,0,0,0,0,19-APR-2021,
OPTIDX,BANKNIFTY,24-Jun-2021,28200,PE,0,0,0,986.85,823.25,0,0,0,0,19-APR-2021,
OPTIDX,BANKNIFTY,24-Jun-2021,28300,PE,0,0,0,1019.85,852.75,0,0,0,0,19-APR-2021,
OPTIDX,BANKNIFTY,24-Jun-2021,28400,PE,0,0,0,1053.6,882.95,0,0,0,0,19-APR-2021,
OPTIDX,BANKNIFTY,24-Jun-2021,28500,PE,0,0,0,4874.95,912.65,0,0,0,0,19-APR-2021,
OPTIDX,BANKNIFTY,24-Jun-2021,28600,PE,0,0,0,1123.2,944.4,0,0,0,0,19-APR-2021,
OPTIDX,BANKNIFTY,24-Jun-2021,28700,PE,0,0,0,1159.05,976.85,0,0,0,0,19-APR-2021,
OPTIDX,BANKNIFTY,24-Jun-2021,28800,PE,0,0,0,1195.65,1010,0,0,0,0,19-APR-2021,
OPTIDX,BANKNIFTY,24-Jun-2021,28900,PE,0,0,0,1233,1043.95,0,0,0,0,19-APR-2021,
OPTIDX,BANKNIFTY,24-Jun-2021,29000,PE,1100,1100,825,832.5,832.5,12,89.88,1350,75,19-APR-2021,
OPTIDX,BANKNIFTY,24-Jun-2021,29100,PE,0,0,0,1309.85,1113.95,0,0,0,0,19-APR-2021,
OPTIDX,BANKNIFTY,24-Jun-2021,29200,PE,0,0,0,1349.35,1150.1,0,0,0,0,19-APR-2021,
OPTIDX,BANKNIFTY,24-Jun-2021,29300,PE,0,0,0,1389.65,1186.95,0,0,0,0,19-APR-2021,
OPTIDX,BANKNIFTY,24-Jun-2021,29400,PE,0,0,0,956.75,1224.55,0,0,0,0,19-APR-2021,
OPTIDX,BANKNIFTY,24-Jun-2021,29500,PE,0,0,0,1042.35,1262.95,0,0,0,0,19-APR-2021,
OPTIDX,BANKNIFTY,24-Jun-2021,29600,PE,0,0,0,1074.5,1302.05,0,0,0,0,19-APR-2021,
OPTIDX,BANKNIFTY,24-Jun-2021,29700,PE,0,0,0,1062.7,1341.9,0,0,0,0,19-APR-2021,
OPTIDX,BANKNIFTY,24-Jun-2021,29800,PE,0,0,0,1095.1,1382.5,0,0,0,0,19-APR-2021,
OPTIDX,BANKNIFTY,24-Jun-2021,29900,PE,0,0,0,1128.15,1423.85,0,0,0,0,19-APR-2021,
OPTIDX,BANKNIFTY,24-Jun-2021,30000,PE,1251,1400,1110.05,1178.35,1178.35,73,570.89,2375,800,19-APR-2021,
OPTIDX,BANKNIFTY,24-Jun-2021,30100,PE,0,0,0,1246.6,1508.85,0,0,0,0,19-APR-2021,
OPTIDX,BANKNIFTY,24-Jun-2021,30200,PE,0,0,0,1281,1552.5,0,0,0,0,19-APR-2021,
OPTIDX,BANKNIFTY,24-Jun-2021,30300,PE,0,0,0,1316,1596.85,0,0,0,0,19-APR-2021,
OPTIDX,BANKNIFTY,24-Jun-2021,30400,PE,0,0,0,1351.6,1642,0,0,0,0,19-APR-2021,
OPTIDX,BANKNIFTY,24-Jun-2021,30500,PE,0,0,0,1387.8,1687.85,0,0,0,0,19-APR-2021,
OPTIDX,BANKNIFTY,24-Jun-2021,30600,PE,0,0,0,1424.6,1734.5,0,0,0,0,19-APR-2021,
OPTIDX,BANKNIFTY,24-Jun-2021,30700,PE,0,0,0,1462,1781.85,0,0,0,0,19-APR-2021,
OPTIDX,BANKNIFTY,24-Jun-2021,30800,PE,0,0,0,1500.05,1830,0,0,0,0,19-APR-2021,
OPTIDX,BANKNIFTY,24-Jun-2021,30900,PE,0,0,0,1538.65,1878.85,0,0,0,0,19-APR-2021,
OPTIDX,BANKNIFTY,24-Jun-2021,31000,PE,1800,1800,1800,1800,1928.35,1,8.2,0,-25,19-APR-2021,
OPTIDX,BANKNIFTY,24-Jun-2021,31100,PE,0,0,0,1617.75,1978.7,0,0,0,0,19-APR-2021,
OPTIDX,BANKNIFTY,24-Jun-2021,31200,PE,0,0,0,1658.2,2029.8,0,0,0,0,19-APR-2021,
OPTIDX,BANKNIFTY,24-Jun-2021,31300,PE,0,0,0,1699.3,2081.6,0,0,0,0,19-APR-2021,
OPTIDX,BANKNIFTY,24-Jun-2021,31400,PE,0,0,0,1741,2134.2,0,0,0,0,19-APR-2021,
OPTIDX,BANKNIFTY,24-Jun-2021,31500,PE,0,0,0,6949.05,2187.45,0,0,0,0,19-APR-2021,
OPTIDX,BANKNIFTY,24-Jun-2021,31600,PE,0,0,0,1826.2,2241.5,0,0,0,0,19-APR-2021,
OPTIDX,BANKNIFTY,24-Jun-2021,31700,PE,0,0,0,1869.7,2296.2,0,0,0,0,19-APR-2021,
OPTIDX,BANKNIFTY,24-Jun-2021,31800,PE,0,0,0,1913.85,2351.65,0,0,0,0,19-APR-2021,
OPTIDX,BANKNIFTY,24-Jun-2021,31900,PE,0,0,0,1958.55,2407.85,0,0,0,0,19-APR-2021,
OPTIDX,BANKNIFTY,24-Jun-2021,32000,PE,0,0,0,2956.8,2464.7,0,0,0,0,19-APR-2021,
OPTIDX,BANKNIFTY,24-Jun-2021,32100,PE,0,0,0,2049.85,2522.3,0,0,0,0,19-APR-2021,
OPTIDX,BANKNIFTY,24-Jun-2021,32200,PE,0,0,0,2096.45,2580.6,0,0,0,0,19-APR-2021,
OPTIDX,BANKNIFTY,24-Jun-2021,32300,PE,0,0,0,2143.6,2639.55,0,0,0,0,19-APR-2021,
OPTIDX,BANKNIFTY,24-Jun-2021,32400,PE,2350.65,2350.65,2350.65,2350.65,2350.65,4,34.75,100,75,19-APR-2021,
OPTIDX,BANKNIFTY,24-Jun-2021,32500,PE,0,0,0,2239.75,2759.55,0,0,0,0,19-APR-2021,
OPTIDX,BANKNIFTY,24-Jun-2021,32600,PE,0,0,0,2288.75,2820.6,0,0,0,0,19-APR-2021,
OPTIDX,BANKNIFTY,24-Jun-2021,32700,PE,0,0,0,2338.2,2882.3,0,0,0,0,19-APR-2021,
OPTIDX,BANKNIFTY,24-Jun-2021,32800,PE,0,0,0,2388.35,2944.65,0,0,0,0,19-APR-2021,
OPTIDX,BANKNIFTY,24-Jun-2021,32900,PE,0,0,0,2439.15,3007.7,0,0,0,0,19-APR-2021,
OPTIDX,BANKNIFTY,24-Jun-2021,33000,PE,0,0,0,8084.8,3071.4,0,0,0,0,19-APR-2021,
OPTIDX,BANKNIFTY,24-Jun-2021,33100,PE,0,0,0,2542.45,3135.75,0,0,0,0,19-APR-2021,
OPTIDX,BANKNIFTY,24-Jun-2021,33200,PE,0,0,0,2595,3200.7,0,0,0,0,19-APR-2021,
OPTIDX,BANKNIFTY,24-Jun-2021,33300,PE,0,0,0,2648.15,3266.35,0,0,0,0,19-APR-2021,
OPTIDX,BANKNIFTY,24-Jun-2021,33400,PE,0,0,0,2701.85,3332.6,0,0,0,0,19-APR-2021,
OPTIDX,BANKNIFTY,24-Jun-2021,33500,PE,0,0,0,2756.15,3399.45,0,0,0,0,19-APR-2021,
OPTIDX,BANKNIFTY,24-Jun-2021,33600,PE,0,0,0,2811.05,3466.95,0,0,0,0,19-APR-2021,
OPTIDX,BANKNIFTY,24-Jun-2021,33700,PE,0,0,0,2866.5,3535.05,0,0,0,0,19-APR-2021,
OPTIDX,BANKNIFTY,24-Jun-2021,33800,PE,0,0,0,2922.5,3603.75,0,0,0,0,19-APR-2021,
OPTIDX,BANKNIFTY,24-Jun-2021,33900,PE,0,0,0,2979.1,3673.05,0,0,0,0,19-APR-2021,
OPTIDX,BANKNIFTY,24-Jun-2021,34000,PE,0,0,0,4041.45,3742.95,0,0,0,0,19-APR-2021,
OPTIDX,BANKNIFTY,24-Jun-2021,34100,PE,0,0,0,3094,3813.45,0,0,0,0,19-APR-2021,
OPTIDX,BANKNIFTY,24-Jun-2021,34200,PE,0,0,0,3152.3,3884.5,0,0,0,0,19-APR-2021,
OPTIDX,BANKNIFTY,24-Jun-2021,34300,PE,0,0,0,3211.15,3956.1,0,0,0,0,19-APR-2021,
OPTIDX,BANKNIFTY,24-Jun-2021,34400,PE,0,0,0,3270.55,4028.3,0,0,0,0,19-APR-2021,
OPTIDX,BANKNIFTY,24-Jun-2021,34500,PE,0,0,0,8814.8,4101.05,0,0,0,0,19-APR-2021,
OPTIDX,BANKNIFTY,24-Jun-2021,34600,PE,0,0,0,3390.95,4174.3,0,0,0,0,19-APR-2021,
OPTIDX,BANKNIFTY,24-Jun-2021,34700,PE,0,0,0,3452,4248.15,0,0,0,0,19-APR-2021,
OPTIDX,BANKNIFTY,24-Jun-2021,34800,PE,0,0,0,3513.6,4324,0,0,0,0,19-APR-2021,
OPTIDX,BANKNIFTY,24-Jun-2021,34900,PE,0,0,0,3575.7,4398.95,0,0,0,0,19-APR-2021,
OPTIDX,BANKNIFTY,24-Jun-2021,35000,PE,0,0,0,4646.85,4474.45,0,0,0,0,19-APR-2021,
OPTIDX,BANKNIFTY,24-Jun-2021,35100,PE,0,0,0,3701.5,4550.45,0,0,0,0,19-APR-2021,
OPTIDX,BANKNIFTY,24-Jun-2021,35200,PE,0,0,0,3765.2,4626.95,0,0,0,0,19-APR-2021,
OPTIDX,BANKNIFTY,24-Jun-2021,35300,PE,0,0,0,3829.4,4703.9,0,0,0,0,19-APR-2021,
OPTIDX,BANKNIFTY,24-Jun-2021,35400,PE,0,0,0,3894.1,4781.4,0,0,0,0,19-APR-2021,
OPTIDX,BANKNIFTY,24-Jun-2021,35500,PE,0,0,0,3959.35,4859.35,0,0,0,0,19-APR-2021,
OPTIDX,BANKNIFTY,24-Jun-2021,35600,PE,0,0,0,4025.05,4937.8,0,0,0,0,19-APR-2021,
OPTIDX,BANKNIFTY,24-Jun-2021,35700,PE,0,0,0,4091.3,5016.7,0,0,0,0,19-APR-2021,
OPTIDX,BANKNIFTY,24-Jun-2021,35800,PE,0,0,0,4158.05,5094.75,0,0,0,0,19-APR-2021,
OPTIDX,BANKNIFTY,24-Jun-2021,35900,PE,0,0,0,4225.25,5174.45,0,0,0,0,19-APR-2021,
OPTIDX,BANKNIFTY,24-Jun-2021,36000,PE,0,0,0,8386.7,5254.65,0,0,0,0,19-APR-2021,
OPTIDX,BANKNIFTY,24-Jun-2021,36100,PE,0,0,0,4118.85,5335.25,0,0,0,0,19-APR-2021,
OPTIDX,BANKNIFTY,24-Jun-2021,36200,PE,0,0,0,4186.2,5416.25,0,0,0,0,19-APR-2021,
OPTIDX,BANKNIFTY,24-Jun-2021,36300,PE,0,0,0,4254.05,5497.7,0,0,0,0,19-APR-2021,
OPTIDX,BANKNIFTY,24-Jun-2021,36400,PE,0,0,0,3968.65,5579.6,0,0,0,0,19-APR-2021,
OPTIDX,BANKNIFTY,24-Jun-2021,36500,PE,0,0,0,4034.6,5661.85,0,0,0,0,19-APR-2021,
OPTIDX,BANKNIFTY,24-Jun-2021,36600,PE,0,0,0,4101.05,5744.5,0,0,0,0,19-APR-2021,
OPTIDX,BANKNIFTY,24-Jun-2021,36700,PE,0,0,0,4168,5827.55,0,0,0,0,19-APR-2021,
OPTIDX,BANKNIFTY,24-Jun-2021,36800,PE,0,0,0,4235.45,5911,0,0,0,0,19-APR-2021,
OPTIDX,BANKNIFTY,24-Jun-2021,36900,PE,0,0,0,4303.4,5994.8,0,0,0,0,19-APR-2021,
OPTIDX,BANKNIFTY,24-Jun-2021,37000,PE,0,0,0,5971.85,6079,0,0,0,0,19-APR-2021,
OPTIDX,BANKNIFTY,24-Jun-2021,37500,PE,0,0,0,8719.55,6505.2,0,0,0,0,19-APR-2021,
OPTIDX,BANKNIFTY,24-Jun-2021,38000,PE,0,0,0,6686.15,6939.65,0,0,0,0,19-APR-2021,
OPTIDX,BANKNIFTY,24-Jun-2021,39000,PE,0,0,0,8875.45,7830.1,0,0,0,0,19-APR-2021,
OPTIDX,BANKNIFTY,24-Jun-2021,40000,PE,0,0,0,6604.65,8744.65,0,0,0,0,19-APR-2021,
OPTIDX,BANKNIFTY,24-Jun-2021,40500,PE,0,0,0,8759.8,9209.35,0,0,0,0,19-APR-2021,
OPTIDX,BANKNIFTY,24-Jun-2021,41000,PE,0,0,0,6705.85,9678.3,0,0,0,0,19-APR-2021,
OPTIDX,BANKNIFTY,24-Jun-2021,42000,PE,0,0,0,6248.3,10626.85,0,0,0,0,19-APR-2021,
OPTIDX,BANKNIFTY,30-Sep-2021,24000,CE,0,0,0,4389.55,8190.65,0,0,0,0,19-APR-2021,
OPTIDX,BANKNIFTY,30-Sep-2021,25000,CE,0,0,0,7288.4,7411.35,0,0,0,0,19-APR-2021,
OPTIDX,BANKNIFTY,30-Sep-2021,25500,CE,0,0,0,4694.3,7037.85,0,0,0,0,19-APR-2021,
OPTIDX,BANKNIFTY,30-Sep-2021,26000,CE,0,0,0,7340.55,6676.45,0,0,0,0,19-APR-2021,
OPTIDX,BANKNIFTY,30-Sep-2021,27000,CE,0,0,0,3237.5,5986.55,0,0,0,0,19-APR-2021,
OPTIDX,BANKNIFTY,30-Sep-2021,28000,CE,0,0,0,7219.9,5343.75,0,0,0,0,19-APR-2021,
OPTIDX,BANKNIFTY,30-Sep-2021,28500,CE,0,0,0,3524.25,5041.4,0,0,0,0,19-APR-2021,
OPTIDX,BANKNIFTY,30-Sep-2021,29000,CE,0,0,0,6621,4751.3,0,0,0,0,19-APR-2021,
OPTIDX,BANKNIFTY,30-Sep-2021,30000,CE,0,0,0,2670.2,4207.6,0,0,0,0,19-APR-2021,
OPTIDX,BANKNIFTY,30-Sep-2021,31000,CE,0,0,0,5539.1,3711.7,0,0,0,0,19-APR-2021,
OPTIDX,BANKNIFTY,30-Sep-2021,31500,CE,0,0,0,2626.45,3481.3,0,0,0,0,19-APR-2021,
OPTIDX,BANKNIFTY,30-Sep-2021,32000,CE,0,0,0,5053.05,3262.3,0,0,0,0,19-APR-2021,
OPTIDX,BANKNIFTY,30-Sep-2021,33000,CE,0,0,0,2264.45,2857.4,0,0,0,0,19-APR-2021,
OPTIDX,BANKNIFTY,30-Sep-2021,34000,CE,0,0,0,4185.65,2494.45,0,0,0,0,19-APR-2021,
OPTIDX,BANKNIFTY,30-Sep-2021,34500,CE,0,0,0,2153.8,2327.9,0,0,0,0,19-APR-2021,
OPTIDX,BANKNIFTY,30-Sep-2021,35000,CE,0,0,0,3801.3,2170.85,0,0,0,0,19-APR-2021,
OPTIDX,BANKNIFTY,30-Sep-2021,36000,CE,0,0,0,2639.95,1883.7,0,0,0,0,19-APR-2021,
OPTIDX,BANKNIFTY,30-Sep-2021,37000,CE,0,0,0,3123.25,1631.75,0,0,0,0,19-APR-2021,
OPTIDX,BANKNIFTY,30-Sep-2021,37500,CE,0,0,0,2645.25,1516.85,0,0,0,0,19-APR-2021,
OPTIDX,BANKNIFTY,30-Sep-2021,38000,CE,0,0,0,2826.1,1409.2,0,0,0,0,19-APR-2021,
OPTIDX,BANKNIFTY,30-Sep-2021,39000,CE,0,0,0,2311.25,1214.25,0,0,0,0,19-APR-2021,
OPTIDX,BANKNIFTY,30-Sep-2021,40000,CE,0,0,0,3103,1042.6,0,0,0,0,19-APR-2021,
OPTIDX,BANKNIFTY,30-Sep-2021,40500,CE,0,0,0,2165.75,965.75,0,0,0,0,19-APR-2021,
OPTIDX,BANKNIFTY,30-Sep-2021,41000,CE,0,0,0,3136.9,894.15,0,0,0,0,19-APR-2021,
OPTIDX,BANKNIFTY,30-Sep-2021,42000,CE,0,0,0,3397.95,765.3,0,0,0,0,19-APR-2021,
OPTIDX,BANKNIFTY,30-Sep-2021,18000,PE,0,0,0,0.25,42.95,0,0,25,0,19-APR-2021,
OPTIDX,BANKNIFTY,30-Sep-2021,24000,PE,0,0,0,3476.75,581.25,0,0,0,0,19-APR-2021,
OPTIDX,BANKNIFTY,30-Sep-2021,25000,PE,0,0,0,1383.2,785.25,0,0,0,0,19-APR-2021,
OPTIDX,BANKNIFTY,30-Sep-2021,25500,PE,0,0,0,3650,903.4,0,0,0,0,19-APR-2021,
OPTIDX,BANKNIFTY,30-Sep-2021,26000,PE,0,0,0,1521.8,1033.65,0,0,0,0,19-APR-2021,
OPTIDX,BANKNIFTY,30-Sep-2021,27000,PE,0,0,0,5222.15,1327.05,0,0,0,0,19-APR-2021,
OPTIDX,BANKNIFTY,30-Sep-2021,28000,PE,0,0,0,1976.5,1667.5,0,0,0,0,19-APR-2021,
OPTIDX,BANKNIFTY,30-Sep-2021,28500,PE,0,0,0,5378.6,1856.8,0,0,0,0,19-APR-2021,
OPTIDX,BANKNIFTY,30-Sep-2021,29000,PE,0,0,0,2351.8,2058.35,0,0,0,0,19-APR-2021,
OPTIDX,BANKNIFTY,30-Sep-2021,30000,PE,0,0,0,6766.4,2497.95,0,0,0,0,19-APR-2021,
OPTIDX,BANKNIFTY,30-Sep-2021,31000,PE,0,0,0,3218.2,2985.35,0,0,0,0,19-APR-2021,
OPTIDX,BANKNIFTY,30-Sep-2021,31500,PE,0,0,0,7379.4,3246.6,0,0,0,0,19-APR-2021,
OPTIDX,BANKNIFTY,30-Sep-2021,32000,PE,0,0,0,3706.3,3519.25,0,0,0,0,19-APR-2021,
OPTIDX,BANKNIFTY,30-Sep-2021,33000,PE,0,0,0,8466.75,4097.6,0,0,0,0,19-APR-2021,
OPTIDX,BANKNIFTY,30-Sep-2021,34000,PE,0,0,0,4787.2,4718,0,0,0,0,19-APR-2021,
OPTIDX,BANKNIFTY,30-Sep-2021,34500,PE,0,0,0,9182.05,5043.1,0,0,0,0,19-APR-2021,
OPTIDX,BANKNIFTY,30-Sep-2021,35000,PE,0,0,0,5377.05,5377.7,0,0,0,0,19-APR-2021,
OPTIDX,BANKNIFTY,30-Sep-2021,36000,PE,0,0,0,8842.95,6073.8,0,0,0,0,19-APR-2021,
OPTIDX,BANKNIFTY,30-Sep-2021,37000,PE,0,0,0,6647.3,6805.15,0,0,0,0,19-APR-2021,
OPTIDX,BANKNIFTY,30-Sep-2021,37500,PE,0,0,0,9197.5,7181.85,0,0,0,0,19-APR-2021,
OPTIDX,BANKNIFTY,30-Sep-2021,38000,PE,0,0,0,7324.3,7565.9,0,0,0,0,19-APR-2021,
OPTIDX,BANKNIFTY,30-Sep-2021,39000,PE,0,0,0,9360.8,8354.25,0,0,0,0,19-APR-2021,
OPTIDX,BANKNIFTY,30-Sep-2021,40000,PE,0,0,0,7374.35,9165.9,0,0,0,0,19-APR-2021,
OPTIDX,BANKNIFTY,30-Sep-2021,40500,PE,0,0,0,9272.1,9580.7,0,0,0,0,19-APR-2021,
OPTIDX,BANKNIFTY,30-Sep-2021,41000,PE,0,0,0,7501.8,10000.7,0,0,0,0,19-APR-2021,
OPTIDX,BANKNIFTY,30-Sep-2021,42000,PE,0,0,0,7120.95,10855.15,0,0,0,0,19-APR-2021,
OPTIDX,BANKNIFTY,30-Dec-2021,24000,CE,0,0,0,9645.45,8826.45,0,0,0,0,19-APR-2021,
OPTIDX,BANKNIFTY,30-Dec-2021,25000,CE,0,0,0,7936.65,8113.15,0,0,0,0,19-APR-2021,
OPTIDX,BANKNIFTY,30-Dec-2021,25500,CE,0,0,0,8674.95,7770.6,0,0,0,0,19-APR-2021,
OPTIDX,BANKNIFTY,30-Dec-2021,26000,CE,0,0,0,8015.35,7437.9,0,0,0,0,19-APR-2021,
OPTIDX,BANKNIFTY,30-Dec-2021,27000,CE,0,0,0,7779.3,6802.5,0,0,0,0,19-APR-2021,
OPTIDX,BANKNIFTY,30-Dec-2021,28000,CE,0,0,0,7951.2,6206.4,0,0,0,0,19-APR-2021,
OPTIDX,BANKNIFTY,30-Dec-2021,28500,CE,0,0,0,6960.4,5924,0,0,0,0,19-APR-2021,
OPTIDX,BANKNIFTY,30-Dec-2021,29000,CE,0,0,0,7385,5651.5,0,0,0,0,19-APR-2021,
OPTIDX,BANKNIFTY,30-Dec-2021,30000,CE,0,0,0,6213.95,5135.75,0,0,0,0,19-APR-2021,
OPTIDX,BANKNIFTY,30-Dec-2021,31000,CE,0,0,0,6349.95,4658.05,0,0,0,0,19-APR-2021,
OPTIDX,BANKNIFTY,30-Dec-2021,31500,CE,0,0,0,5536.9,4433.2,0,0,0,0,19-APR-2021,
OPTIDX,BANKNIFTY,30-Dec-2021,32000,CE,0,0,0,5879.35,4217.35,0,0,0,0,19-APR-2021,
OPTIDX,BANKNIFTY,30-Dec-2021,33000,CE,0,0,0,4925.25,3811.9,0,0,0,0,19-APR-2021,
OPTIDX,BANKNIFTY,30-Dec-2021,34000,CE,0,0,0,5027.3,3440.1,0,0,0,0,19-APR-2021,
OPTIDX,BANKNIFTY,30-Dec-2021,34500,CE,0,0,0,4374.7,3266.2,0,0,0,0,19-APR-2021,
OPTIDX,BANKNIFTY,30-Dec-2021,35000,CE,0,0,0,4643.35,3100.05,0,0,0,0,19-APR-2021,
OPTIDX,BANKNIFTY,30-Dec-2021,36000,CE,0,0,0,3880.7,2789.8,0,0,0,0,19-APR-2021,
OPTIDX,BANKNIFTY,30-Dec-2021,37000,CE,0,0,0,3953.15,2507.5,0,0,0,0,19-APR-2021,
OPTIDX,BANKNIFTY,30-Dec-2021,37500,CE,0,0,0,3438.75,2376.2,0,0,0,0,19-APR-2021,
OPTIDX,BANKNIFTY,30-Dec-2021,38000,CE,0,0,0,3644.25,2252.7,0,0,0,0,19-APR-2021,
OPTIDX,BANKNIFTY,30-Dec-2021,39000,CE,0,0,0,3044.3,2020.9,0,0,0,0,19-APR-2021,
OPTIDX,BANKNIFTY,30-Dec-2021,40000,CE,0,0,0,4031.25,1811.3,0,0,0,0,19-APR-2021,
OPTIDX,BANKNIFTY,30-Dec-2021,40500,CE,0,0,0,2934.3,1714.25,0,0,0,0,19-APR-2021,
OPTIDX,BANKNIFTY,30-Dec-2021,41000,CE,0,0,0,4093.05,1622.1,0,0,0,0,19-APR-2021,
OPTIDX,BANKNIFTY,30-Dec-2021,42000,CE,0,0,0,4408.35,1451.55,0,0,0,0,19-APR-2021,
OPTIDX,BANKNIFTY,30-Dec-2021,24000,PE,0,0,0,1518.9,997.45,0,0,0,0,19-APR-2021,
OPTIDX,BANKNIFTY,30-Dec-2021,25000,PE,0,0,0,1805.8,1258.3,0,0,0,0,19-APR-2021,
OPTIDX,BANKNIFTY,30-Dec-2021,25500,PE,0,0,0,1994.45,1402.8,0,0,0,0,19-APR-2021,
OPTIDX,BANKNIFTY,30-Dec-2021,26000,PE,0,0,0,1962.55,1557.2,0,0,0,0,19-APR-2021,
OPTIDX,BANKNIFTY,30-Dec-2021,27000,PE,0,0,0,2544.9,1895.95,0,0,0,0,19-APR-2021,
OPTIDX,BANKNIFTY,30-Dec-2021,28000,PE,0,0,0,2458.05,2273.95,0,0,0,0,19-APR-2021,
OPTIDX,BANKNIFTY,30-Dec-2021,28500,PE,0,0,0,3172.15,2478.65,0,0,0,0,19-APR-2021,
OPTIDX,BANKNIFTY,30-Dec-2021,29000,PE,0,0,0,2857.1,2693.2,0,0,0,0,19-APR-2021,
OPTIDX,BANKNIFTY,30-Dec-2021,30000,PE,0,0,0,3871.8,3151.6,0,0,0,0,19-APR-2021,
OPTIDX,BANKNIFTY,30-Dec-2021,31000,PE,0,0,0,3752.5,3648.05,0,0,0,0,19-APR-2021,
OPTIDX,BANKNIFTY,30-Dec-2021,31500,PE,0,0,0,4640.8,3910.25,0,0,0,0,19-APR-2021,
OPTIDX,BANKNIFTY,30-Dec-2021,32000,PE,0,0,0,4247.15,4181.45,0,0,0,0,19-APR-2021,
OPTIDX,BANKNIFTY,30-Dec-2021,33000,PE,0,0,0,5475.25,4750.2,0,0,0,0,19-APR-2021,
OPTIDX,BANKNIFTY,30-Dec-2021,34000,PE,0,0,0,5325.55,5352.5,0,0,0,0,19-APR-2021,
OPTIDX,BANKNIFTY,30-Dec-2021,34500,PE,0,0,0,6370.8,5665.7,0,0,0,0,19-APR-2021,
OPTIDX,BANKNIFTY,30-Dec-2021,35000,PE,0,0,0,5906.8,5986.6,0,0,0,0,19-APR-2021,
OPTIDX,BANKNIFTY,30-Dec-2021,36000,PE,0,0,0,7322.9,6650.5,0,0,0,0,19-APR-2021,
OPTIDX,BANKNIFTY,30-Dec-2021,37000,PE,0,0,0,7147.1,7342.35,0,0,0,0,19-APR-2021,
OPTIDX,BANKNIFTY,30-Dec-2021,37500,PE,0,0,0,8327.05,7698.1,0,0,0,0,19-APR-2021,
OPTIDX,BANKNIFTY,30-Dec-2021,38000,PE,0,0,0,7803.45,8061.7,0,0,0,0,19-APR-2021,
OPTIDX,BANKNIFTY,30-Dec-2021,39000,PE,0,0,0,9378.7,8804.05,0,0,0,0,19-APR-2021,
OPTIDX,BANKNIFTY,30-Dec-2021,40000,PE,0,0,0,7939.35,9568.55,0,0,0,0,19-APR-2021,
OPTIDX,BANKNIFTY,30-Dec-2021,40500,PE,0,0,0,9679.4,9958.6,0,0,0,0,19-APR-2021,
OPTIDX,BANKNIFTY,30-Dec-2021,41000,PE,0,0,0,8084.55,10353.5,0,0,0,0,19-APR-2021,
OPTIDX,BANKNIFTY,30-Dec-2021,42000,PE,0,0,0,7748.5,11157.1,0,0,0,0,19-APR-2021,
OPTIDX,BANKNIFTY,31-Mar-2022,26000,CE,0,0,0,7791.9,8111.05,0,0,0,0,19-APR-2021,
OPTIDX,BANKNIFTY,31-Mar-2022,27000,CE,0,0,0,8469.55,7510.6,0,0,0,0,19-APR-2021,
OPTIDX,BANKNIFTY,31-Mar-2022,28000,CE,0,0,0,8450.75,6946.75,0,0,0,0,19-APR-2021,
OPTIDX,BANKNIFTY,31-Mar-2022,29000,CE,0,0,0,7873.25,6417.2,0,0,0,0,19-APR-2021,
OPTIDX,BANKNIFTY,31-Mar-2022,30000,CE,0,0,0,7329,5921.05,0,0,0,0,19-APR-2021,
OPTIDX,BANKNIFTY,31-Mar-2022,31000,CE,0,0,0,6815.9,5457.45,0,0,0,0,19-APR-2021,
OPTIDX,BANKNIFTY,31-Mar-2022,32000,CE,0,0,0,6333,5025.15,0,0,0,0,19-APR-2021,
OPTIDX,BANKNIFTY,31-Mar-2022,33000,CE,0,0,0,5879.55,4622.9,0,0,0,0,19-APR-2021,
OPTIDX,BANKNIFTY,31-Mar-2022,34000,CE,0,0,0,5454.5,4249.25,0,0,0,0,19-APR-2021,
OPTIDX,BANKNIFTY,31-Mar-2022,35000,CE,0,0,0,5056.6,3902.8,0,0,0,0,19-APR-2021,
OPTIDX,BANKNIFTY,31-Mar-2022,36000,CE,0,0,0,4684.75,3582.1,0,0,0,0,19-APR-2021,
OPTIDX,BANKNIFTY,31-Mar-2022,37000,CE,0,0,0,4337.7,3285.65,0,0,0,0,19-APR-2021,
OPTIDX,BANKNIFTY,31-Mar-2022,38000,CE,0,0,0,4014.2,3011.95,0,0,0,0,19-APR-2021,
OPTIDX,BANKNIFTY,31-Mar-2022,39000,CE,0,0,0,4052.2,2761.25,0,0,0,0,19-APR-2021,
OPTIDX,BANKNIFTY,31-Mar-2022,26000,PE,0,0,0,2076.25,1994.65,0,0,0,0,19-APR-2021,
OPTIDX,BANKNIFTY,31-Mar-2022,27000,PE,0,0,0,2059.7,2359.3,0,0,0,0,19-APR-2021,
OPTIDX,BANKNIFTY,31-Mar-2022,28000,PE,0,0,0,2397.15,2760.5,0,0,0,0,19-APR-2021,
OPTIDX,BANKNIFTY,31-Mar-2022,29000,PE,0,0,0,2782.25,3196,0,0,0,0,19-APR-2021,
OPTIDX,BANKNIFTY,31-Mar-2022,30000,PE,0,0,0,3200.6,3664.9,0,0,0,0,19-APR-2021,
OPTIDX,BANKNIFTY,31-Mar-2022,31000,PE,0,0,0,3650.1,4166.4,0,0,0,0,19-APR-2021,
OPTIDX,BANKNIFTY,31-Mar-2022,32000,PE,0,0,0,4129.75,4699.2,0,0,0,0,19-APR-2021,
OPTIDX,BANKNIFTY,31-Mar-2022,33000,PE,0,0,0,4638.95,5262,0,0,0,0,19-APR-2021,
OPTIDX,BANKNIFTY,31-Mar-2022,34000,PE,0,0,0,5176.45,5853.45,0,0,0,0,19-APR-2021,
OPTIDX,BANKNIFTY,31-Mar-2022,35000,PE,0,0,0,5741.2,6472.1,0,0,0,0,19-APR-2021,
OPTIDX,BANKNIFTY,31-Mar-2022,36000,PE,0,0,0,6331.9,7116.45,0,0,0,0,19-APR-2021,
OPTIDX,BANKNIFTY,31-Mar-2022,37000,PE,0,0,0,6947.5,7785.05,0,0,0,0,19-APR-2021,
OPTIDX,BANKNIFTY,31-Mar-2022,38000,PE,0,0,0,7586.6,8476.5,0,0,0,0,19-APR-2021,
OPTIDX,BANKNIFTY,31-Mar-2022,39000,PE,0,0,0,7741.6,9190.85,0,0,0,0,19-APR-2021,
OPTIDX,FINNIFTY,22-Apr-2021,11700,CE,0,0,0,3022.7,3310.05,0,0,0,0,19-APR-2021,
OPTIDX,FINNIFTY,22-Apr-2021,11800,CE,0,0,0,2922.85,3210.1,0,0,0,0,19-APR-2021,
OPTIDX,FINNIFTY,22-Apr-2021,11900,CE,0,0,0,2822.95,3110.1,0,0,0,0,19-APR-2021,
OPTIDX,FINNIFTY,22-Apr-2021,12000,CE,0,0,0,2723.1,3010.15,0,0,0,0,19-APR-2021,
OPTIDX,FINNIFTY,22-Apr-2021,12100,CE,0,0,0,2623.3,2910.2,0,0,0,0,19-APR-2021,
OPTIDX,FINNIFTY,22-Apr-2021,12200,CE,0,0,0,2523.55,2810.2,0,0,0,0,19-APR-2021,
OPTIDX,FINNIFTY,22-Apr-2021,12300,CE,0,0,0,2423.85,2710.25,0,0,0,0,19-APR-2021,
OPTIDX,FINNIFTY,22-Apr-2021,12400,CE,0,0,0,3014.8,2610.25,0,0,0,0,19-APR-2021,
OPTIDX,FINNIFTY,22-Apr-2021,12500,CE,0,0,0,3021.85,2510.3,0,0,0,0,19-APR-2021,
OPTIDX,FINNIFTY,22-Apr-2021,12600,CE,0,0,0,3054.45,2410.35,0,0,0,0,19-APR-2021,
OPTIDX,FINNIFTY,22-Apr-2021,12700,CE,0,0,0,2957.55,2310.35,0,0,0,0,19-APR-2021,
OPTIDX,FINNIFTY,22-Apr-2021,12800,CE,0,0,0,3118.85,2210.4,0,0,0,0,19-APR-2021,
OPTIDX,FINNIFTY,22-Apr-2021,12900,CE,0,0,0,3023.55,2110.4,0,0,0,0,19-APR-2021,
OPTIDX,FINNIFTY,22-Apr-2021,13000,CE,0,0,0,3056.35,2010.45,0,0,0,0,19-APR-2021,
OPTIDX,FINNIFTY,22-Apr-2021,13100,CE,0,0,0,3131.5,1910.5,0,0,0,0,19-APR-2021,
OPTIDX,FINNIFTY,22-Apr-2021,13200,CE,0,0,0,3041.3,1810.5,0,0,0,0,19-APR-2021,
OPTIDX,FINNIFTY,22-Apr-2021,13300,CE,0,0,0,2952.05,1710.55,0,0,0,0,19-APR-2021,
OPTIDX,FINNIFTY,22-Apr-2021,13400,CE,0,0,0,3171,1610.65,0,0,0,0,19-APR-2021,
OPTIDX,FINNIFTY,22-Apr-2021,13500,CE,0,0,0,3164.7,1510.75,0,0,0,0,19-APR-2021,
OPTIDX,FINNIFTY,22-Apr-2021,13600,CE,0,0,0,3076.6,1411,0,0,0,0,19-APR-2021,
OPTIDX,FINNIFTY,22-Apr-2021,13700,CE,0,0,0,3238.45,1311.4,0,0,0,0,19-APR-2021,
OPTIDX,FINNIFTY,22-Apr-2021,13800,CE,0,0,0,3150.4,1212.05,0,0,0,0,19-APR-2021,
OPTIDX,FINNIFTY,22-Apr-2021,13900,CE,0,0,0,3063.25,1113.25,0,0,0,0,19-APR-2021,
OPTIDX,FINNIFTY,22-Apr-2021,14000,CE,0,0,0,3221.15,1015.2,0,0,0,0,19-APR-2021,
OPTIDX,FINNIFTY,22-Apr-2021,14100,CE,0,0,0,3134.6,918.35,0,0,0,0,19-APR-2021,
OPTIDX,FINNIFTY,22-Apr-2021,14200,CE,670.5,796.95,670.5,796.95,823.15,4,23.89,120,120,19-APR-2021,
OPTIDX,FINNIFTY,22-Apr-2021,14300,CE,0,0,0,2964.3,730.35,0,0,0,0,19-APR-2021,
OPTIDX,FINNIFTY,22-Apr-2021,14400,CE,0,0,0,2880.65,640.7,0,0,0,0,19-APR-2021,
OPTIDX,FINNIFTY,22-Apr-2021,14500,CE,462.25,468,442.9,468,555,4,23.93,160,160,19-APR-2021,
OPTIDX,FINNIFTY,22-Apr-2021,14600,CE,295.6,419.55,295.6,419.55,474.2,25,149.44,600,600,19-APR-2021,
OPTIDX,FINNIFTY,22-Apr-2021,14700,CE,249.55,432.25,229.9,415.9,415.9,154,923.91,880,880,19-APR-2021,
OPTIDX,FINNIFTY,22-Apr-2021,14800,CE,205.05,360.45,175.65,349.45,349.45,282,1696.18,2680,2680,19-APR-2021,
OPTIDX,FINNIFTY,22-Apr-2021,14900,CE,151,292.3,139.9,260.1,260.1,503,3038.93,960,920,19-APR-2021,
OPTIDX,FINNIFTY,22-Apr-2021,15000,CE,141.8,223.05,105,201.05,201.05,4384,26563.74,5880,5360,19-APR-2021,
OPTIDX,FINNIFTY,22-Apr-2021,15100,CE,107.1,167.55,74.1,147.3,147.3,2746,16707.3,3720,3400,19-APR-2021,
OPTIDX,FINNIFTY,22-Apr-2021,15200,CE,76.4,121.25,54.25,103.85,103.85,1789,10931.57,2640,1880,19-APR-2021,
OPTIDX,FINNIFTY,22-Apr-2021,15300,CE,52.15,82.55,39.35,72.7,72.7,1345,8259.94,3080,1960,19-APR-2021,
OPTIDX,FINNIFTY,22-Apr-2021,15400,CE,35.8,54.6,27.2,48.05,48.05,1580,9755.67,2720,880,19-APR-2021,
OPTIDX,FINNIFTY,22-Apr-2021,15500,CE,20.1,53,15.2,29.65,29.65,2234,13872.26,8160,5640,19-APR-2021,
OPTIDX,FINNIFTY,22-Apr-2021,15600,CE,25,25.85,12.3,19.2,19.2,1208,7545.88,3400,-120,19-APR-2021,
OPTIDX,FINNIFTY,22-Apr-2021,15700,CE,15,30,8.95,11.95,11.95,958,6020.7,3480,320,19-APR-2021,
OPTIDX,FINNIFTY,22-Apr-2021,15800,CE,10,24,5.45,7.35,7.35,727,4597.14,4920,2640,19-APR-2021,
OPTIDX,FINNIFTY,22-Apr-2021,15900,CE,8.5,10,4.2,5.5,5.5,517,3289.49,3200,1520,19-APR-2021,
OPTIDX,FINNIFTY,22-Apr-2021,16000,CE,3.35,19,3.35,4,4,647,4142.13,7640,1280,19-APR-2021,
OPTIDX,FINNIFTY,22-Apr-2021,16100,CE,0,0,0,1643.45,4.65,0,0,0,0,19-APR-2021,
OPTIDX,FINNIFTY,22-Apr-2021,16200,CE,4.3,8,2.9,3.4,3.4,81,525.03,760,-1520,19-APR-2021,
OPTIDX,FINNIFTY,22-Apr-2021,16300,CE,0,0,0,1524,1.75,0,0,0,0,19-APR-2021,
OPTIDX,FINNIFTY,22-Apr-2021,16400,CE,1.35,6,1.35,6,1.05,20,131.22,120,-160,19-APR-2021,
OPTIDX,FINNIFTY,22-Apr-2021,16500,CE,5.5,14.3,1.6,2.35,2.35,77,508.39,1520,920,19-APR-2021,
OPTIDX,FINNIFTY,22-Apr-2021,16600,CE,0,0,0,1355.85,0.35,0,0,0,0,19-APR-2021,
OPTIDX,FINNIFTY,22-Apr-2021,16700,CE,0,0,0,1302.7,0.2,0,0,0,0,19-APR-2021,
OPTIDX,FINNIFTY,22-Apr-2021,16800,CE,0,0,0,8,0.1,0,0,40,0,19-APR-2021,
OPTIDX,FINNIFTY,22-Apr-2021,16900,CE,0,0,0,1200.75,0.05,0,0,0,0,19-APR-2021,
OPTIDX,FINNIFTY,22-Apr-2021,17000,CE,2.9,3.05,0.65,2.8,2.8,36,244.83,720,40,19-APR-2021,
OPTIDX,FINNIFTY,22-Apr-2021,17100,CE,0,0,0,1104.65,0.05,0,0,0,0,19-APR-2021,
OPTIDX,FINNIFTY,22-Apr-2021,17200,CE,0,0,0,1058.7,0.05,0,0,0,0,19-APR-2021,
OPTIDX,FINNIFTY,22-Apr-2021,17300,CE,0,0,0,1014.2,0,0,0,0,0,19-APR-2021,
OPTIDX,FINNIFTY,22-Apr-2021,17400,CE,0,0,0,971.1,0,0,0,0,0,19-APR-2021,
OPTIDX,FINNIFTY,22-Apr-2021,17500,CE,0,0,0,929.35,0,0,0,0,0,19-APR-2021,
OPTIDX,FINNIFTY,22-Apr-2021,17600,CE,0,0,0,889,0,0,0,0,0,19-APR-2021,
OPTIDX,FINNIFTY,22-Apr-2021,17700,CE,0,0,0,850,0,0,0,0,0,19-APR-2021,
OPTIDX,FINNIFTY,22-Apr-2021,17800,CE,0,0,0,812.3,0,0,0,0,0,19-APR-2021,
OPTIDX,FINNIFTY,22-Apr-2021,17900,CE,0,0,0,775.9,0,0,0,0,0,19-APR-2021,
OPTIDX,FINNIFTY,22-Apr-2021,18000,CE,0,0,0,740.75,0,0,0,0,0,19-APR-2021,
OPTIDX,FINNIFTY,22-Apr-2021,18100,CE,0,0,0,706.9,0,0,0,0,0,19-APR-2021,
OPTIDX,FINNIFTY,22-Apr-2021,18200,CE,0,0,0,674.3,0,0,0,0,0,19-APR-2021,
OPTIDX,FINNIFTY,22-Apr-2021,18300,CE,0,0,0,642.85,0,0,0,0,0,19-APR-2021,
OPTIDX,FINNIFTY,22-Apr-2021,18400,CE,0,0,0,612.6,0,0,0,0,0,19-APR-2021,
OPTIDX,FINNIFTY,22-Apr-2021,18500,CE,0,0,0,583.55,0,0,0,0,0,19-APR-2021,
OPTIDX,FINNIFTY,22-Apr-2021,18600,CE,0,0,0,555.55,0,0,0,0,0,19-APR-2021,
OPTIDX,FINNIFTY,22-Apr-2021,18700,CE,0,0,0,528.7,0,0,0,0,0,19-APR-2021,
OPTIDX,FINNIFTY,22-Apr-2021,18800,CE,0,0,0,502.9,0,0,0,0,0,19-APR-2021,
OPTIDX,FINNIFTY,22-Apr-2021,18900,CE,0,0,0,479.05,0,0,0,0,0,19-APR-2021,
OPTIDX,FINNIFTY,22-Apr-2021,19000,CE,0,0,0,455.4,0,0,0,0,0,19-APR-2021,
OPTIDX,FINNIFTY,22-Apr-2021,19100,CE,0,0,0,432.75,0,0,0,0,0,19-APR-2021,
OPTIDX,FINNIFTY,22-Apr-2021,19200,CE,0,0,0,411.1,0,0,0,0,0,19-APR-2021,
OPTIDX,FINNIFTY,22-Apr-2021,19300,CE,0,0,0,390.35,0,0,0,0,0,19-APR-2021,
OPTIDX,FINNIFTY,22-Apr-2021,19400,CE,0,0,0,369.7,0,0,0,0,0,19-APR-2021,
OPTIDX,FINNIFTY,22-Apr-2021,19500,CE,0,0,0,350.65,0,0,0,0,0,19-APR-2021,
OPTIDX,FINNIFTY,22-Apr-2021,19600,CE,0,0,0,332.45,0,0,0,0,0,19-APR-2021,
OPTIDX,FINNIFTY,22-Apr-2021,19700,CE,0,0,0,315.05,0,0,0,0,0,19-APR-2021,
OPTIDX,FINNIFTY,22-Apr-2021,19800,CE,0,0,0,298.4,0,0,0,0,0,19-APR-2021,
OPTIDX,FINNIFTY,22-Apr-2021,19900,CE,0,0,0,282.55,0,0,0,0,0,19-APR-2021,
OPTIDX,FINNIFTY,22-Apr-2021,20000,CE,0,0,0,267.45,0,0,0,0,0,19-APR-2021,
OPTIDX,FINNIFTY,22-Apr-2021,11700,PE,0,0,0,0.05,0,0,0,0,0,19-APR-2021,
OPTIDX,FINNIFTY,22-Apr-2021,11800,PE,0,0,0,0.05,0,0,0,0,0,19-APR-2021,
OPTIDX,FINNIFTY,22-Apr-2021,11900,PE,0,0,0,0.1,0,0,0,0,0,19-APR-2021,
OPTIDX,FINNIFTY,22-Apr-2021,12000,PE,0,0,0,0.15,0,0,0,0,0,19-APR-2021,
OPTIDX,FINNIFTY,22-Apr-2021,12100,PE,0,0,0,0.25,0,0,0,0,0,19-APR-2021,
OPTIDX,FINNIFTY,22-Apr-2021,12200,PE,0,0,0,0.35,0,0,0,0,0,19-APR-2021,
OPTIDX,FINNIFTY,22-Apr-2021,12300,PE,0,0,0,0.55,0,0,0,0,0,19-APR-2021,
OPTIDX,FINNIFTY,22-Apr-2021,12400,PE,0,0,0,1.55,0,0,0,0,0,19-APR-2021,
OPTIDX,FINNIFTY,22-Apr-2021,12500,PE,0,0,0,11.75,0,0,0,0,0,19-APR-2021,
OPTIDX,FINNIFTY,22-Apr-2021,12600,PE,0,0,0,13.1,0,0,0,0,0,19-APR-2021,
OPTIDX,FINNIFTY,22-Apr-2021,12700,PE,0,0,0,15.95,0,0,0,0,0,19-APR-2021,
OPTIDX,FINNIFTY,22-Apr-2021,12800,PE,5,24,3.25,5.35,5.35,99,507.15,2080,1080,19-APR-2021,
OPTIDX,FINNIFTY,22-Apr-2021,12900,PE,0,0,0,28.4,0,0,0,0,0,19-APR-2021,
OPTIDX,FINNIFTY,22-Apr-2021,13000,PE,11,11.95,5,5.6,5.6,409,2127.93,1400,1400,19-APR-2021,
OPTIDX,FINNIFTY,22-Apr-2021,13100,PE,5,10,5,8.9,8.9,11,57.67,40,40,19-APR-2021,
OPTIDX,FINNIFTY,22-Apr-2021,13200,PE,0,0,0,84.6,0.05,0,0,0,0,19-APR-2021,
OPTIDX,FINNIFTY,22-Apr-2021,13300,PE,6,16.9,6,12.5,12.5,49,260.91,800,800,19-APR-2021,
OPTIDX,FINNIFTY,22-Apr-2021,13400,PE,21,21,8.5,9.85,9.85,93,499.03,840,840,19-APR-2021,
OPTIDX,FINNIFTY,22-Apr-2021,13500,PE,7.4,26,7.4,11.95,11.95,1374,7428.82,7760,5640,19-APR-2021,
OPTIDX,FINNIFTY,22-Apr-2021,13600,PE,19.5,36.95,14,15,15,214,1165.96,1400,1400,19-APR-2021,
OPTIDX,FINNIFTY,22-Apr-2021,13700,PE,39,43.95,16,18.35,18.35,920,5052.04,5080,5000,19-APR-2021,
OPTIDX,FINNIFTY,22-Apr-2021,13800,PE,40,55,15.1,21.3,21.3,1310,7248.13,7200,6800,19-APR-2021,
OPTIDX,FINNIFTY,22-Apr-2021,13900,PE,38.45,62,17.05,24.25,24.25,1556,8675.51,7280,4880,19-APR-2021,
OPTIDX,FINNIFTY,22-Apr-2021,14000,PE,40,74.95,24.25,27.35,27.35,3523,19793.27,17120,11520,19-APR-2021,
OPTIDX,FINNIFTY,22-Apr-2021,14100,PE,38,88.1,30,33.4,33.4,2418,13693.52,4960,3520,19-APR-2021,
OPTIDX,FINNIFTY,22-Apr-2021,14200,PE,59,104.9,36.15,40.7,40.7,3198,18253.07,13520,9360,19-APR-2021,
OPTIDX,FINNIFTY,22-Apr-2021,14300,PE,98,143.65,41.85,49.55,49.55,3473,19976.47,9280,4960,19-APR-2021,
OPTIDX,FINNIFTY,22-Apr-2021,14400,PE,99,148.65,51.05,60.2,60.2,1563,9064.55,4960,-2240,19-APR-2021,
OPTIDX,FINNIFTY,22-Apr-2021,14500,PE,99,199.15,69.3,75.65,75.65,1853,10836.77,8080,-1720,19-APR-2021,
OPTIDX,FINNIFTY,22-Apr-2021,14600,PE,150,225.35,83.1,90.65,90.65,1191,7025.21,3040,-2680,19-APR-2021,
OPTIDX,FINNIFTY,22-Apr-2021,14700,PE,200,266.7,104.2,109.9,109.9,956,5686.28,3480,1040,19-APR-2021,
OPTIDX,FINNIFTY,22-Apr-2021,14800,PE,300,309.85,125.55,136.25,136.25,1246,7478.87,6240,3360,19-APR-2021,
OPTIDX,FINNIFTY,22-Apr-2021,14900,PE,250,369,158.15,169.5,169.5,316,1912.11,2440,880,19-APR-2021,
OPTIDX,FINNIFTY,22-Apr-2021,15000,PE,250,426.55,191.9,201.9,201.9,618,3786.32,3920,0,19-APR-2021,
OPTIDX,FINNIFTY,22-Apr-2021,15100,PE,400,560.65,238.45,254.3,254.3,307,1900.08,1720,-80,19-APR-2021,
OPTIDX,FINNIFTY,22-Apr-2021,15200,PE,477.4,550.1,291.05,301.55,301.55,119,744.48,960,-160,19-APR-2021,
OPTIDX,FINNIFTY,22-Apr-2021,15300,PE,557.95,652.2,354.5,368.5,368.5,81,512.55,1080,-240,19-APR-2021,
OPTIDX,FINNIFTY,22-Apr-2021,15400,PE,600,715.1,428,443.35,443.35,87,556.84,1040,-120,19-APR-2021,
OPTIDX,FINNIFTY,22-Apr-2021,15500,PE,732.5,830,506.15,514.75,514.75,36,231.54,1560,-1040,19-APR-2021,
OPTIDX,FINNIFTY,22-Apr-2021,15600,PE,820.7,920.65,710.4,710.4,710.4,33,216.61,360,-480,19-APR-2021,
OPTIDX,FINNIFTY,22-Apr-2021,15700,PE,0,0,0,416.1,714.35,0,0,360,0,19-APR-2021,
OPTIDX,FINNIFTY,22-Apr-2021,15800,PE,1040.35,1040.35,1039.5,1039.5,806.05,2,13.47,80,0,19-APR-2021,
OPTIDX,FINNIFTY,22-Apr-2021,15900,PE,0,0,0,569.7,900.15,0,0,80,0,19-APR-2021,
OPTIDX,FINNIFTY,22-Apr-2021,16000,PE,0,0,0,605,996.05,0,0,40,0,19-APR-2021,
OPTIDX,FINNIFTY,22-Apr-2021,16100,PE,0,0,0,638.7,1093.3,0,0,0,0,19-APR-2021,
OPTIDX,FINNIFTY,22-Apr-2021,16200,PE,0,0,0,677.6,1191.5,0,0,0,0,19-APR-2021,
OPTIDX,FINNIFTY,22-Apr-2021,16300,PE,0,0,0,717.95,1290.35,0,0,0,0,19-APR-2021,
OPTIDX,FINNIFTY,22-Apr-2021,16400,PE,0,0,0,759.8,1389.6,0,0,0,0,19-APR-2021,
OPTIDX,FINNIFTY,22-Apr-2021,16500,PE,0,0,0,803.1,1489.15,0,0,0,0,19-APR-2021,
OPTIDX,FINNIFTY,22-Apr-2021,16600,PE,0,0,0,847.85,1588.85,0,0,0,0,19-APR-2021,
OPTIDX,FINNIFTY,22-Apr-2021,16700,PE,0,0,0,894.05,1688.65,0,0,0,0,19-APR-2021,
OPTIDX,FINNIFTY,22-Apr-2021,16800,PE,0,0,0,941.75,1788.55,0,0,0,0,19-APR-2021,
OPTIDX,FINNIFTY,22-Apr-2021,16900,PE,0,0,0,990.8,1888.5,0,0,0,0,19-APR-2021,
OPTIDX,FINNIFTY,22-Apr-2021,17000,PE,0,0,0,1041.4,1988.45,0,0,0,0,19-APR-2021,
OPTIDX,FINNIFTY,22-Apr-2021,17100,PE,0,0,0,1093.4,2088.4,0,0,0,0,19-APR-2021,
OPTIDX,FINNIFTY,22-Apr-2021,17200,PE,0,0,0,1146.85,2188.35,0,0,0,0,19-APR-2021,
OPTIDX,FINNIFTY,22-Apr-2021,17300,PE,0,0,0,1201.7,2288.3,0,0,0,0,19-APR-2021,
OPTIDX,FINNIFTY,22-Apr-2021,17400,PE,0,0,0,1257.95,2388.3,0,0,0,0,19-APR-2021,
OPTIDX,FINNIFTY,22-Apr-2021,17500,PE,0,0,0,1315.55,2488.25,0,0,0,0,19-APR-2021,
OPTIDX,FINNIFTY,22-Apr-2021,17600,PE,0,0,0,1374.55,2588.2,0,0,0,0,19-APR-2021,
OPTIDX,FINNIFTY,22-Apr-2021,17700,PE,0,0,0,1434.9,2688.2,0,0,0,0,19-APR-2021,
OPTIDX,FINNIFTY,22-Apr-2021,17800,PE,0,0,0,1496.55,2788.15,0,0,0,0,19-APR-2021,
OPTIDX,FINNIFTY,22-Apr-2021,17900,PE,0,0,0,1559.5,2888.15,0,0,0,0,19-APR-2021,
OPTIDX,FINNIFTY,22-Apr-2021,18000,PE,0,0,0,1623.75,2988.1,0,0,0,0,19-APR-2021,
OPTIDX,FINNIFTY,22-Apr-2021,18100,PE,0,0,0,1689.2,3088.05,0,0,0,0,19-APR-2021,
OPTIDX,FINNIFTY,22-Apr-2021,18200,PE,0,0,0,1755.95,3188.05,0,0,0,0,19-APR-2021,
OPTIDX,FINNIFTY,22-Apr-2021,18300,PE,0,0,0,1823.9,3288,0,0,0,0,19-APR-2021,
OPTIDX,FINNIFTY,22-Apr-2021,18400,PE,0,0,0,1893,3388,0,0,0,0,19-APR-2021,
OPTIDX,FINNIFTY,22-Apr-2021,18500,PE,0,0,0,1963.25,3487.95,0,0,0,0,19-APR-2021,
OPTIDX,FINNIFTY,22-Apr-2021,18600,PE,0,0,0,2034.65,3587.9,0,0,0,0,19-APR-2021,
OPTIDX,FINNIFTY,22-Apr-2021,18700,PE,0,0,0,2107.15,3687.9,0,0,0,0,19-APR-2021,
OPTIDX,FINNIFTY,22-Apr-2021,18800,PE,0,0,0,2180.7,3787.85,0,0,0,0,19-APR-2021,
OPTIDX,FINNIFTY,22-Apr-2021,18900,PE,0,0,0,2256.15,3887.85,0,0,0,0,19-APR-2021,
OPTIDX,FINNIFTY,22-Apr-2021,19000,PE,0,0,0,2331.9,3987.8,0,0,0,0,19-APR-2021,
OPTIDX,FINNIFTY,22-Apr-2021,19100,PE,0,0,0,2408.6,4087.75,0,0,0,0,19-APR-2021,
OPTIDX,FINNIFTY,22-Apr-2021,19200,PE,0,0,0,2486.3,4187.75,0,0,0,0,19-APR-2021,
OPTIDX,FINNIFTY,22-Apr-2021,19300,PE,0,0,0,2564.9,4287.7,0,0,0,0,19-APR-2021,
OPTIDX,FINNIFTY,22-Apr-2021,19400,PE,0,0,0,2643.6,4387.7,0,0,0,0,19-APR-2021,
OPTIDX,FINNIFTY,22-Apr-2021,19500,PE,0,0,0,2723.9,4487.65,0,0,0,0,19-APR-2021,
OPTIDX,FINNIFTY,22-Apr-2021,19600,PE,0,0,0,2805.05,4587.6,0,0,0,0,19-APR-2021,
OPTIDX,FINNIFTY,22-Apr-2021,19700,PE,0,0,0,2887,4687.6,0,0,0,0,19-APR-2021,
OPTIDX,FINNIFTY,22-Apr-2021,19800,PE,0,0,0,2969.75,4787.55,0,0,0,0,19-APR-2021,
OPTIDX,FINNIFTY,22-Apr-2021,19900,PE,0,0,0,3053.25,4887.55,0,0,0,0,19-APR-2021,
OPTIDX,FINNIFTY,22-Apr-2021,20000,PE,0,0,0,3137.45,4987.5,0,0,0,0,19-APR-2021,
OPTIDX,FINNIFTY,29-Apr-2021,11600,CE,0,0,0,3239.75,3418.1,0,0,0,0,19-APR-2021,
OPTIDX,FINNIFTY,29-Apr-2021,11700,CE,0,0,0,3153.7,3318.2,0,0,0,0,19-APR-2021,
OPTIDX,FINNIFTY,29-Apr-2021,11800,CE,0,0,0,3068.6,3218.3,0,0,0,0,19-APR-2021,
OPTIDX,FINNIFTY,29-Apr-2021,11900,CE,0,0,0,2984.5,3118.45,0,0,0,0,19-APR-2021,
OPTIDX,FINNIFTY,29-Apr-2021,12000,CE,0,0,0,2901.4,3018.55,0,0,0,0,19-APR-2021,
OPTIDX,FINNIFTY,29-Apr-2021,12100,CE,0,0,0,2819.4,2918.7,0,0,0,0,19-APR-2021,
OPTIDX,FINNIFTY,29-Apr-2021,12200,CE,0,0,0,2738.5,2818.85,0,0,0,0,19-APR-2021,
OPTIDX,FINNIFTY,29-Apr-2021,12300,CE,0,0,0,2658.7,2719,0,0,0,0,19-APR-2021,
OPTIDX,FINNIFTY,29-Apr-2021,12400,CE,0,0,0,2580.1,2619.25,0,0,0,0,19-APR-2021,
OPTIDX,FINNIFTY,29-Apr-2021,12500,CE,0,0,0,2502.7,2519.5,0,0,0,0,19-APR-2021,
OPTIDX,FINNIFTY,29-Apr-2021,12600,CE,0,0,0,2426.5,2419.9,0,0,0,0,19-APR-2021,
OPTIDX,FINNIFTY,29-Apr-2021,12700,CE,0,0,0,2351.55,2320.4,0,0,0,0,19-APR-2021,
OPTIDX,FINNIFTY,29-Apr-2021,12800,CE,0,0,0,2278.35,2221.05,0,0,0,0,19-APR-2021,
OPTIDX,FINNIFTY,29-Apr-2021,12900,CE,0,0,0,2205.9,2121.95,0,0,0,0,19-APR-2021,
OPTIDX,FINNIFTY,29-Apr-2021,13000,CE,0,0,0,2134.85,2023.2,0,0,0,0,19-APR-2021,
OPTIDX,FINNIFTY,29-Apr-2021,13100,CE,0,0,0,2065.1,1924.8,0,0,0,0,19-APR-2021,
OPTIDX,FINNIFTY,29-Apr-2021,13200,CE,0,0,0,1996.7,1826.95,0,0,0,0,19-APR-2021,
OPTIDX,FINNIFTY,29-Apr-2021,13300,CE,0,0,0,1929.2,1729.75,0,0,0,0,19-APR-2021,
OPTIDX,FINNIFTY,29-Apr-2021,13400,CE,0,0,0,1863.7,1633.35,0,0,0,0,19-APR-2021,
OPTIDX,FINNIFTY,29-Apr-2021,13500,CE,0,0,0,1799.6,1538,0,0,0,0,19-APR-2021,
OPTIDX,FINNIFTY,29-Apr-2021,13600,CE,0,0,0,1736.9,1443.8,0,0,0,0,19-APR-2021,
OPTIDX,FINNIFTY,29-Apr-2021,13700,CE,0,0,0,1675.65,1351.1,0,0,0,0,19-APR-2021,
OPTIDX,FINNIFTY,29-Apr-2021,13800,CE,0,0,0,1615.85,1260.05,0,0,0,0,19-APR-2021,
OPTIDX,FINNIFTY,29-Apr-2021,13900,CE,0,0,0,1557.5,1170.95,0,0,0,0,19-APR-2021,
OPTIDX,FINNIFTY,29-Apr-2021,14000,CE,0,0,0,1500.55,1084.1,0,0,0,0,19-APR-2021,
OPTIDX,FINNIFTY,29-Apr-2021,14100,CE,0,0,0,1445.05,999.75,0,0,0,0,19-APR-2021,
OPTIDX,FINNIFTY,29-Apr-2021,14200,CE,0,0,0,1391,918.2,0,0,0,0,19-APR-2021,
OPTIDX,FINNIFTY,29-Apr-2021,14300,CE,0,0,0,1338.4,839.65,0,0,0,0,19-APR-2021,
OPTIDX,FINNIFTY,29-Apr-2021,14400,CE,0,0,0,1287.2,765,0,0,0,0,19-APR-2021,
OPTIDX,FINNIFTY,29-Apr-2021,14500,CE,0,0,0,1237.35,692.65,0,0,0,0,19-APR-2021,
OPTIDX,FINNIFTY,29-Apr-2021,14600,CE,0,0,0,1189,624.8,0,0,0,0,19-APR-2021,
OPTIDX,FINNIFTY,29-Apr-2021,14700,CE,0,0,0,1142.05,560.8,0,0,0,0,19-APR-2021,
OPTIDX,FINNIFTY,29-Apr-2021,14800,CE,0,0,0,1096.45,500.85,0,0,0,0,19-APR-2021,
OPTIDX,FINNIFTY,29-Apr-2021,14900,CE,0,0,0,1052.25,445.05,0,0,0,0,19-APR-2021,
OPTIDX,FINNIFTY,29-Apr-2021,15000,CE,0,0,0,1009.4,393.35,0,0,0,0,19-APR-2021,
OPTIDX,FINNIFTY,29-Apr-2021,15100,CE,0,0,0,967.9,345.85,0,0,0,0,19-APR-2021,
OPTIDX,FINNIFTY,29-Apr-2021,15200,CE,0,0,0,927.7,302.45,0,0,0,0,19-APR-2021,
OPTIDX,FINNIFTY,29-Apr-2021,15300,CE,0,0,0,888.85,263.05,0,0,0,0,19-APR-2021,
OPTIDX,FINNIFTY,29-Apr-2021,15400,CE,0,0,0,647.7,227.55,0,0,40,0,19-APR-2021,
OPTIDX,FINNIFTY,29-Apr-2021,15500,CE,0,0,0,814.9,195.7,0,0,0,0,19-APR-2021,
OPTIDX,FINNIFTY,29-Apr-2021,15600,CE,0,0,0,779.8,167.4,0,0,0,0,19-APR-2021,
OPTIDX,FINNIFTY,29-Apr-2021,15700,CE,0,0,0,745.9,143.15,0,0,0,0,19-APR-2021,
OPTIDX,FINNIFTY,29-Apr-2021,15800,CE,0,0,0,713.2,120.55,0,0,0,0,19-APR-2021,
OPTIDX,FINNIFTY,29-Apr-2021,15900,CE,0,0,0,681.65,101.4,0,0,0,0,19-APR-2021,
OPTIDX,FINNIFTY,29-Apr-2021,16000,CE,0,0,0,651.3,84.8,0,0,0,0,19-APR-2021,
OPTIDX,FINNIFTY,29-Apr-2021,16100,CE,0,0,0,622,70.5,0,0,0,0,19-APR-2021,
OPTIDX,FINNIFTY,29-Apr-2021,16200,CE,0,0,0,593.8,58.3,0,0,0,0,19-APR-2021,
OPTIDX,FINNIFTY,29-Apr-2021,16300,CE,0,0,0,566.7,47.95,0,0,0,0,19-APR-2021,
OPTIDX,FINNIFTY,29-Apr-2021,16400,CE,0,0,0,540.6,39.15,0,0,0,0,19-APR-2021,
OPTIDX,FINNIFTY,29-Apr-2021,16500,CE,0,0,0,516.25,31.85,0,0,0,0,19-APR-2021,
OPTIDX,FINNIFTY,29-Apr-2021,16600,CE,0,0,0,492.25,25.75,0,0,0,0,19-APR-2021,
OPTIDX,FINNIFTY,29-Apr-2021,16700,CE,0,0,0,469.2,20.65,0,0,0,0,19-APR-2021,
OPTIDX,FINNIFTY,29-Apr-2021,16800,CE,0,0,0,447.1,16.5,0,0,0,0,19-APR-2021,
OPTIDX,FINNIFTY,29-Apr-2021,16900,CE,0,0,0,425.85,13.1,0,0,0,0,19-APR-2021,
OPTIDX,FINNIFTY,29-Apr-2021,17000,CE,0,0,0,100,10.35,0,0,40,0,19-APR-2021,
OPTIDX,FINNIFTY,29-Apr-2021,17100,CE,0,0,0,385.4,8.15,0,0,0,0,19-APR-2021,
OPTIDX,FINNIFTY,29-Apr-2021,17200,CE,0,0,0,366.7,6.35,0,0,0,0,19-APR-2021,
OPTIDX,FINNIFTY,29-Apr-2021,17300,CE,0,0,0,348.75,4.95,0,0,0,0,19-APR-2021,
OPTIDX,FINNIFTY,29-Apr-2021,17400,CE,0,0,0,331.55,3.85,0,0,0,0,19-APR-2021,
OPTIDX,FINNIFTY,29-Apr-2021,17500,CE,0,0,0,315.1,2.95,0,0,0,0,19-APR-2021,
OPTIDX,FINNIFTY,29-Apr-2021,17600,CE,0,0,0,299.4,2.25,0,0,0,0,19-APR-2021,
OPTIDX,FINNIFTY,29-Apr-2021,17700,CE,0,0,0,535.2,1.75,0,0,0,0,19-APR-2021,
OPTIDX,FINNIFTY,29-Apr-2021,17800,CE,0,0,0,511.25,1.3,0,0,0,0,19-APR-2021,
OPTIDX,FINNIFTY,29-Apr-2021,17900,CE,0,0,0,488.2,1,0,0,0,0,19-APR-2021,
OPTIDX,FINNIFTY,29-Apr-2021,18000,CE,0,0,0,466.05,0.75,0,0,0,0,19-APR-2021,
OPTIDX,FINNIFTY,29-Apr-2021,18100,CE,0,0,0,444.8,0.55,0,0,0,0,19-APR-2021,
OPTIDX,FINNIFTY,29-Apr-2021,18200,CE,0,0,0,424.35,0.4,0,0,0,0,19-APR-2021,
OPTIDX,FINNIFTY,29-Apr-2021,18300,CE,0,0,0,404.1,0.3,0,0,0,0,19-APR-2021,
OPTIDX,FINNIFTY,29-Apr-2021,18400,CE,0,0,0,385.2,0.25,0,0,0,0,19-APR-2021,
OPTIDX,FINNIFTY,29-Apr-2021,18500,CE,0,0,0,367.05,0.2,0,0,0,0,19-APR-2021,
OPTIDX,FINNIFTY,29-Apr-2021,18600,CE,0,0,0,349.7,0.15,0,0,0,0,19-APR-2021,
OPTIDX,FINNIFTY,29-Apr-2021,18700,CE,0,0,0,333,0.1,0,0,0,0,19-APR-2021,
OPTIDX,FINNIFTY,29-Apr-2021,18800,CE,0,0,0,459,0.1,0,0,0,0,19-APR-2021,
OPTIDX,FINNIFTY,29-Apr-2021,18900,CE,0,0,0,439.05,0.05,0,0,0,0,19-APR-2021,
OPTIDX,FINNIFTY,29-Apr-2021,19000,CE,0,0,0,419.15,0.05,0,0,0,0,19-APR-2021,
OPTIDX,FINNIFTY,29-Apr-2021,19100,CE,0,0,0,400.6,0.05,0,0,0,0,19-APR-2021,
OPTIDX,FINNIFTY,29-Apr-2021,19200,CE,0,0,0,382.8,0.05,0,0,0,0,19-APR-2021,
OPTIDX,FINNIFTY,29-Apr-2021,19300,CE,0,0,0,408.05,0.05,0,0,0,0,19-APR-2021,
OPTIDX,FINNIFTY,29-Apr-2021,19400,CE,0,0,0,390.05,0.05,0,0,0,0,19-APR-2021,
OPTIDX,FINNIFTY,29-Apr-2021,19500,CE,0,0,0,412.45,0.05,0,0,0,0,19-APR-2021,
OPTIDX,FINNIFTY,29-Apr-2021,19600,CE,0,0,0,394.4,0,0,0,0,0,19-APR-2021,
OPTIDX,FINNIFTY,29-Apr-2021,19700,CE,0,0,0,383.75,0,0,0,0,0,19-APR-2021,
OPTIDX,FINNIFTY,29-Apr-2021,19800,CE,0,0,0,389.6,0,0,0,0,0,19-APR-2021,
OPTIDX,FINNIFTY,29-Apr-2021,19900,CE,0,0,0,372.1,0,0,0,0,0,19-APR-2021,
OPTIDX,FINNIFTY,29-Apr-2021,20000,CE,0,0,0,343.05,0,0,0,0,0,19-APR-2021,
OPTIDX,FINNIFTY,29-Apr-2021,20100,CE,0,0,0,431.8,0,0,0,0,0,19-APR-2021,
OPTIDX,FINNIFTY,29-Apr-2021,20200,CE,0,0,0,411.45,0,0,0,0,0,19-APR-2021,
OPTIDX,FINNIFTY,29-Apr-2021,20300,CE,0,0,0,392.55,0,0,0,0,0,19-APR-2021,
OPTIDX,FINNIFTY,29-Apr-2021,20400,CE,0,0,0,374.45,0,0,0,0,0,19-APR-2021,
OPTIDX,FINNIFTY,29-Apr-2021,20500,CE,0,0,0,357.05,0,0,0,0,0,19-APR-2021,
OPTIDX,FINNIFTY,29-Apr-2021,11600,PE,0,0,0,129.5,0.05,0,0,0,0,19-APR-2021,
OPTIDX,FINNIFTY,29-Apr-2021,11700,PE,0,0,0,142.55,0.05,0,0,0,0,19-APR-2021,
OPTIDX,FINNIFTY,29-Apr-2021,11800,PE,0,0,0,156.5,0.05,0,0,0,0,19-APR-2021,
OPTIDX,FINNIFTY,29-Apr-2021,11900,PE,0,0,0,171.5,0.05,0,0,0,0,19-APR-2021,
OPTIDX,FINNIFTY,29-Apr-2021,12000,PE,0,0,0,187.5,0.05,0,0,0,0,19-APR-2021,
OPTIDX,FINNIFTY,29-Apr-2021,12100,PE,0,0,0,204.55,0.1,0,0,0,0,19-APR-2021,
OPTIDX,FINNIFTY,29-Apr-2021,12200,PE,0,0,0,222.7,0.15,0,0,0,0,19-APR-2021,
OPTIDX,FINNIFTY,29-Apr-2021,12300,PE,0,0,0,242,0.25,0,0,0,0,19-APR-2021,
OPTIDX,FINNIFTY,29-Apr-2021,12400,PE,0,0,0,262.45,0.35,0,0,0,0,19-APR-2021,
OPTIDX,FINNIFTY,29-Apr-2021,12500,PE,0,0,0,284.15,0.55,0,0,0,0,19-APR-2021,
OPTIDX,FINNIFTY,29-Apr-2021,12600,PE,0,0,0,307,0.8,0,0,0,0,19-APR-2021,
OPTIDX,FINNIFTY,29-Apr-2021,12700,PE,0,0,0,331.15,1.2,0,0,0,0,19-APR-2021,
OPTIDX,FINNIFTY,29-Apr-2021,12800,PE,0,0,0,357,1.8,0,0,0,0,19-APR-2021,
OPTIDX,FINNIFTY,29-Apr-2021,12900,PE,0,0,0,383.65,2.6,0,0,0,0,19-APR-2021,
OPTIDX,FINNIFTY,29-Apr-2021,13000,PE,0,0,0,411.65,3.7,0,0,0,0,19-APR-2021,
OPTIDX,FINNIFTY,29-Apr-2021,13100,PE,0,0,0,440.95,5.25,0,0,0,0,19-APR-2021,
OPTIDX,FINNIFTY,29-Apr-2021,13200,PE,0,0,0,471.65,7.25,0,0,0,0,19-APR-2021,
OPTIDX,FINNIFTY,29-Apr-2021,13300,PE,0,0,0,503.25,9.95,0,0,0,0,19-APR-2021,
OPTIDX,FINNIFTY,29-Apr-2021,13400,PE,0,0,0,536.8,13.5,0,0,0,0,19-APR-2021,
OPTIDX,FINNIFTY,29-Apr-2021,13500,PE,0,0,0,571.8,18,0,0,0,0,19-APR-2021,
OPTIDX,FINNIFTY,29-Apr-2021,13600,PE,0,0,0,608.2,23.75,0,0,0,0,19-APR-2021,
OPTIDX,FINNIFTY,29-Apr-2021,13700,PE,0,0,0,646,30.9,0,0,0,0,19-APR-2021,
OPTIDX,FINNIFTY,29-Apr-2021,13800,PE,0,0,0,685.25,39.8,0,0,0,0,19-APR-2021,
OPTIDX,FINNIFTY,29-Apr-2021,13900,PE,0,0,0,725.95,50.6,0,0,0,0,19-APR-2021,
OPTIDX,FINNIFTY,29-Apr-2021,14000,PE,0,0,0,768.1,63.65,0,0,0,0,19-APR-2021,
OPTIDX,FINNIFTY,29-Apr-2021,14100,PE,0,0,0,811.7,79.2,0,0,0,0,19-APR-2021,
OPTIDX,FINNIFTY,29-Apr-2021,14200,PE,0,0,0,856.7,97.5,0,0,0,0,19-APR-2021,
OPTIDX,FINNIFTY,29-Apr-2021,14300,PE,0,0,0,903.15,118.9,0,0,0,0,19-APR-2021,
OPTIDX,FINNIFTY,29-Apr-2021,14400,PE,0,0,0,70.55,144.1,0,0,360,0,19-APR-2021,
OPTIDX,FINNIFTY,29-Apr-2021,14500,PE,0,0,0,1000.3,171.7,0,0,0,0,19-APR-2021,
OPTIDX,FINNIFTY,29-Apr-2021,14600,PE,0,0,0,1051,203.7,0,0,0,0,19-APR-2021,
OPTIDX,FINNIFTY,29-Apr-2021,14700,PE,0,0,0,123.05,239.65,0,0,160,0,19-APR-2021,
OPTIDX,FINNIFTY,29-Apr-2021,14800,PE,0,0,0,1156.6,279.6,0,0,0,0,19-APR-2021,
OPTIDX,FINNIFTY,29-Apr-2021,14900,PE,0,0,0,284,323.7,0,0,80,0,19-APR-2021,
OPTIDX,FINNIFTY,29-Apr-2021,15000,PE,600,600,600,600,371.9,2,12.48,120,40,19-APR-2021,
OPTIDX,FINNIFTY,29-Apr-2021,15100,PE,0,0,0,1325.3,424.3,0,0,0,0,19-APR-2021,
OPTIDX,FINNIFTY,29-Apr-2021,15200,PE,0,0,0,1384.15,480.8,0,0,0,0,19-APR-2021,
OPTIDX,FINNIFTY,29-Apr-2021,15300,PE,0,0,0,1444.35,541.3,0,0,0,0,19-APR-2021,
OPTIDX,FINNIFTY,29-Apr-2021,15400,PE,0,0,0,1505.85,605.65,0,0,0,0,19-APR-2021,
OPTIDX,FINNIFTY,29-Apr-2021,15500,PE,0,0,0,1568.55,673.75,0,0,0,0,19-APR-2021,
OPTIDX,FINNIFTY,29-Apr-2021,15600,PE,0,0,0,1632.55,745.3,0,0,0,0,19-APR-2021,
OPTIDX,FINNIFTY,29-Apr-2021,15700,PE,0,0,0,1697.7,820.95,0,0,0,0,19-APR-2021,
OPTIDX,FINNIFTY,29-Apr-2021,15800,PE,0,0,0,1764.1,898.3,0,0,0,0,19-APR-2021,
OPTIDX,FINNIFTY,29-Apr-2021,15900,PE,0,0,0,1831.65,979.05,0,0,0,0,19-APR-2021,
OPTIDX,FINNIFTY,29-Apr-2021,16000,PE,0,0,0,1900.3,1062.35,0,0,0,0,19-APR-2021,
OPTIDX,FINNIFTY,29-Apr-2021,16100,PE,0,0,0,1970.15,1147.95,0,0,0,0,19-APR-2021,
OPTIDX,FINNIFTY,29-Apr-2021,16200,PE,0,0,0,2041,1235.65,0,0,0,0,19-APR-2021,
OPTIDX,FINNIFTY,29-Apr-2021,16300,PE,0,0,0,2112.95,1325.2,0,0,0,0,19-APR-2021,
OPTIDX,FINNIFTY,29-Apr-2021,16400,PE,0,0,0,2185.95,1416.3,0,0,0,0,19-APR-2021,
OPTIDX,FINNIFTY,29-Apr-2021,16500,PE,0,0,0,2260.7,1508.9,0,0,0,0,19-APR-2021,
OPTIDX,FINNIFTY,29-Apr-2021,16600,PE,0,0,0,2335.75,1602.65,0,0,0,0,19-APR-2021,
OPTIDX,FINNIFTY,29-Apr-2021,16700,PE,0,0,0,2411.75,1697.5,0,0,0,0,19-APR-2021,
OPTIDX,FINNIFTY,29-Apr-2021,16800,PE,0,0,0,2488.75,1793.25,0,0,0,0,19-APR-2021,
OPTIDX,FINNIFTY,29-Apr-2021,16900,PE,0,0,0,2566.6,1889.75,0,0,0,0,19-APR-2021,
OPTIDX,FINNIFTY,29-Apr-2021,17000,PE,0,0,0,2645.3,1986.9,0,0,0,0,19-APR-2021,
OPTIDX,FINNIFTY,29-Apr-2021,17100,PE,0,0,0,2724.3,2084.6,0,0,0,0,19-APR-2021,
OPTIDX,FINNIFTY,29-Apr-2021,17200,PE,0,0,0,2804.6,2182.7,0,0,0,0,19-APR-2021,
OPTIDX,FINNIFTY,29-Apr-2021,17300,PE,0,0,0,2885.75,2281.2,0,0,0,0,19-APR-2021,
OPTIDX,FINNIFTY,29-Apr-2021,17400,PE,0,0,0,2967.65,2380,0,0,0,0,19-APR-2021,
OPTIDX,FINNIFTY,29-Apr-2021,17500,PE,0,0,0,3050.3,2479,0,0,0,0,19-APR-2021,
OPTIDX,FINNIFTY,29-Apr-2021,17600,PE,0,0,0,3133.65,2578.2,0,0,0,0,19-APR-2021,
OPTIDX,FINNIFTY,29-Apr-2021,17700,PE,0,0,0,2375.65,2677.6,0,0,0,0,19-APR-2021,
OPTIDX,FINNIFTY,29-Apr-2021,17800,PE,0,0,0,2450.8,2777.05,0,0,0,0,19-APR-2021,
OPTIDX,FINNIFTY,29-Apr-2021,17900,PE,0,0,0,2526.9,2876.65,0,0,0,0,19-APR-2021,
OPTIDX,FINNIFTY,29-Apr-2021,18000,PE,0,0,0,2603.85,2976.3,0,0,0,0,19-APR-2021,
OPTIDX,FINNIFTY,29-Apr-2021,18100,PE,0,0,0,2681.7,3076,0,0,0,0,19-APR-2021,
OPTIDX,FINNIFTY,29-Apr-2021,18200,PE,0,0,0,2760.4,3175.8,0,0,0,0,19-APR-2021,
OPTIDX,FINNIFTY,29-Apr-2021,18300,PE,0,0,0,2839.2,3275.6,0,0,0,0,19-APR-2021,
OPTIDX,FINNIFTY,29-Apr-2021,18400,PE,0,0,0,2919.45,3375.4,0,0,0,0,19-APR-2021,
OPTIDX,FINNIFTY,29-Apr-2021,18500,PE,0,0,0,3000.45,3475.25,0,0,0,0,19-APR-2021,
OPTIDX,FINNIFTY,29-Apr-2021,18600,PE,0,0,0,3082.15,3575.1,0,0,0,0,19-APR-2021,
OPTIDX,FINNIFTY,29-Apr-2021,18700,PE,0,0,0,3164.6,3674.95,0,0,0,0,19-APR-2021,
OPTIDX,FINNIFTY,29-Apr-2021,18800,PE,0,0,0,2885.15,3774.85,0,0,0,0,19-APR-2021,
OPTIDX,FINNIFTY,29-Apr-2021,18900,PE,0,0,0,2964.3,3874.75,0,0,0,0,19-APR-2021,
OPTIDX,FINNIFTY,29-Apr-2021,19000,PE,0,0,0,3043.55,3974.6,0,0,0,0,19-APR-2021,
OPTIDX,FINNIFTY,29-Apr-2021,19100,PE,0,0,0,3124.15,4074.5,0,0,0,0,19-APR-2021,
OPTIDX,FINNIFTY,29-Apr-2021,19200,PE,0,0,0,3205.45,4174.4,0,0,0,0,19-APR-2021,
OPTIDX,FINNIFTY,29-Apr-2021,19300,PE,0,0,0,3136.55,4274.3,0,0,0,0,19-APR-2021,
OPTIDX,FINNIFTY,29-Apr-2021,19400,PE,0,0,0,3217.75,4374.2,0,0,0,0,19-APR-2021,
OPTIDX,FINNIFTY,29-Apr-2021,19500,PE,0,0,0,3138.45,4474.1,0,0,0,0,19-APR-2021,
OPTIDX,FINNIFTY,29-Apr-2021,19600,PE,0,0,0,3219.5,4574,0,0,0,0,19-APR-2021,
OPTIDX,FINNIFTY,29-Apr-2021,19700,PE,0,0,0,3196.1,4673.9,0,0,0,0,19-APR-2021,
OPTIDX,FINNIFTY,29-Apr-2021,19800,PE,0,0,0,3164.8,4773.8,0,0,0,0,19-APR-2021,
OPTIDX,FINNIFTY,29-Apr-2021,19900,PE,0,0,0,3246.5,4873.7,0,0,0,0,19-APR-2021,
OPTIDX,FINNIFTY,29-Apr-2021,20000,PE,0,0,0,3174.9,4973.6,0,0,0,0,19-APR-2021,
OPTIDX,FINNIFTY,29-Apr-2021,20100,PE,0,0,0,2876.3,5073.5,0,0,0,0,19-APR-2021,
OPTIDX,FINNIFTY,29-Apr-2021,20200,PE,0,0,0,2955.2,5173.4,0,0,0,0,19-APR-2021,
OPTIDX,FINNIFTY,29-Apr-2021,20300,PE,0,0,0,3035.6,5273.3,0,0,0,0,19-APR-2021,
OPTIDX,FINNIFTY,29-Apr-2021,20400,PE,0,0,0,3116.7,5373.2,0,0,0,0,19-APR-2021,
OPTIDX,FINNIFTY,29-Apr-2021,20500,PE,0,0,0,3198.55,5473.1,0,0,0,0,19-APR-2021,
OPTIDX,FINNIFTY,06-May-2021,11700,CE,0,0,0,3042.9,3326.75,0,0,0,0,19-APR-2021,
OPTIDX,FINNIFTY,06-May-2021,11800,CE,0,0,0,2944.3,3227.1,0,0,0,0,19-APR-2021,
OPTIDX,FINNIFTY,06-May-2021,11900,CE,0,0,0,2846,3127.5,0,0,0,0,19-APR-2021,
OPTIDX,FINNIFTY,06-May-2021,12000,CE,0,0,0,2748.05,3028.05,0,0,0,0,19-APR-2021,
OPTIDX,FINNIFTY,06-May-2021,12100,CE,0,0,0,2650.5,2928.65,0,0,0,0,19-APR-2021,
OPTIDX,FINNIFTY,06-May-2021,12200,CE,0,0,0,2553.4,2829.45,0,0,0,0,19-APR-2021,
OPTIDX,FINNIFTY,06-May-2021,12300,CE,0,0,0,2456.9,2730.4,0,0,0,0,19-APR-2021,
OPTIDX,FINNIFTY,06-May-2021,12400,CE,0,0,0,3046,2631.6,0,0,0,0,19-APR-2021,
OPTIDX,FINNIFTY,06-May-2021,12500,CE,0,0,0,3064.7,2533.1,0,0,0,0,19-APR-2021,
OPTIDX,FINNIFTY,06-May-2021,12600,CE,0,0,0,3098.2,2434.95,0,0,0,0,19-APR-2021,
OPTIDX,FINNIFTY,06-May-2021,12700,CE,0,0,0,3004.65,2337.3,0,0,0,0,19-APR-2021,
OPTIDX,FINNIFTY,06-May-2021,12800,CE,0,0,0,3167.7,2240.15,0,0,0,0,19-APR-2021,
OPTIDX,FINNIFTY,06-May-2021,12900,CE,0,0,0,3075.7,2143.6,0,0,0,0,19-APR-2021,
OPTIDX,FINNIFTY,06-May-2021,13000,CE,0,0,0,3109.5,2047.85,0,0,0,0,19-APR-2021,
OPTIDX,FINNIFTY,06-May-2021,13100,CE,0,0,0,3018.5,1952.95,0,0,0,0,19-APR-2021,
OPTIDX,FINNIFTY,06-May-2021,13200,CE,0,0,0,3109.65,1859.05,0,0,0,0,19-APR-2021,
OPTIDX,FINNIFTY,06-May-2021,13300,CE,0,0,0,3227.45,1766.3,0,0,0,0,19-APR-2021,
OPTIDX,FINNIFTY,06-May-2021,13400,CE,0,0,0,3139,1674.85,0,0,0,0,19-APR-2021,
OPTIDX,FINNIFTY,06-May-2021,13500,CE,0,0,0,3051.45,1584.85,0,0,0,0,19-APR-2021,
OPTIDX,FINNIFTY,06-May-2021,13600,CE,0,0,0,3164.35,1496.45,0,0,0,0,19-APR-2021,
OPTIDX,FINNIFTY,06-May-2021,13700,CE,0,0,0,3077.75,1409.9,0,0,0,0,19-APR-2021,
OPTIDX,FINNIFTY,06-May-2021,13800,CE,0,0,0,2992.05,1325.25,0,0,0,0,19-APR-2021,
OPTIDX,FINNIFTY,06-May-2021,13900,CE,0,0,0,2907.4,1242.8,0,0,0,0,19-APR-2021,
OPTIDX,FINNIFTY,06-May-2021,14000,CE,0,0,0,2823.75,1162.55,0,0,0,0,19-APR-2021,
OPTIDX,FINNIFTY,06-May-2021,14100,CE,0,0,0,2741.15,1084.8,0,0,0,0,19-APR-2021,
OPTIDX,FINNIFTY,06-May-2021,14200,CE,0,0,0,2659.65,1010.2,0,0,0,0,19-APR-2021,
OPTIDX,FINNIFTY,06-May-2021,14300,CE,0,0,0,2579.35,937,0,0,0,0,19-APR-2021,
OPTIDX,FINNIFTY,06-May-2021,14400,CE,0,0,0,2500.15,867.45,0,0,0,0,19-APR-2021,
OPTIDX,FINNIFTY,06-May-2021,14500,CE,0,0,0,2422.2,800.9,0,0,0,0,19-APR-2021,
OPTIDX,FINNIFTY,06-May-2021,14600,CE,0,0,0,2345.5,737.35,0,0,0,0,19-APR-2021,
OPTIDX,FINNIFTY,06-May-2021,14700,CE,0,0,0,2270.05,676.95,0,0,0,0,19-APR-2021,
OPTIDX,FINNIFTY,06-May-2021,14800,CE,0,0,0,2196.5,619.65,0,0,0,0,19-APR-2021,
OPTIDX,FINNIFTY,06-May-2021,14900,CE,0,0,0,2123.6,565.6,0,0,0,0,19-APR-2021,
OPTIDX,FINNIFTY,06-May-2021,15000,CE,0,0,0,2052.05,514.7,0,0,0,0,19-APR-2021,
OPTIDX,FINNIFTY,06-May-2021,15100,CE,0,0,0,1981.9,467,0,0,0,0,19-APR-2021,
OPTIDX,FINNIFTY,06-May-2021,15200,CE,0,0,0,1912.55,422.45,0,0,0,0,19-APR-2021,
OPTIDX,FINNIFTY,06-May-2021,15300,CE,0,0,0,1845.3,381,0,0,0,0,19-APR-2021,
OPTIDX,FINNIFTY,06-May-2021,15400,CE,0,0,0,1779.55,342.6,0,0,0,0,19-APR-2021,
OPTIDX,FINNIFTY,06-May-2021,15500,CE,0,0,0,1715.2,307.1,0,0,0,0,19-APR-2021,
OPTIDX,FINNIFTY,06-May-2021,15600,CE,0,0,0,1652.35,274.45,0,0,0,0,19-APR-2021,
OPTIDX,FINNIFTY,06-May-2021,15700,CE,0,0,0,1590.95,244.5,0,0,0,0,19-APR-2021,
OPTIDX,FINNIFTY,06-May-2021,15800,CE,0,0,0,1531.05,217.15,0,0,0,0,19-APR-2021,
OPTIDX,FINNIFTY,06-May-2021,15900,CE,0,0,0,1472.65,193.05,0,0,0,0,19-APR-2021,
OPTIDX,FINNIFTY,06-May-2021,16000,CE,0,0,0,1415.75,170,0,0,0,0,19-APR-2021,
OPTIDX,FINNIFTY,06-May-2021,16100,CE,0,0,0,1360.3,149.65,0,0,0,0,19-APR-2021,
OPTIDX,FINNIFTY,06-May-2021,16200,CE,0,0,0,1306.4,131.3,0,0,0,0,19-APR-2021,
OPTIDX,FINNIFTY,06-May-2021,16300,CE,0,0,0,1253.95,114.9,0,0,0,0,19-APR-2021,
OPTIDX,FINNIFTY,06-May-2021,16400,CE,0,0,0,1203,100.2,0,0,0,0,19-APR-2021,
OPTIDX,FINNIFTY,06-May-2021,16500,CE,0,0,0,1153.45,87.15,0,0,0,0,19-APR-2021,
OPTIDX,FINNIFTY,06-May-2021,16600,CE,0,0,0,1105.45,75.55,0,0,0,0,19-APR-2021,
OPTIDX,FINNIFTY,06-May-2021,16700,CE,0,0,0,1058.9,65.3,0,0,0,0,19-APR-2021,
OPTIDX,FINNIFTY,06-May-2021,16800,CE,0,0,0,1013.8,56.25,0,0,0,0,19-APR-2021,
OPTIDX,FINNIFTY,06-May-2021,16900,CE,0,0,0,970.1,48.35,0,0,0,0,19-APR-2021,
OPTIDX,FINNIFTY,06-May-2021,17000,CE,0,0,0,927.85,41.4,0,0,0,0,19-APR-2021,
OPTIDX,FINNIFTY,06-May-2021,17100,CE,0,0,0,887,35.35,0,0,0,0,19-APR-2021,
OPTIDX,FINNIFTY,06-May-2021,17200,CE,0,0,0,847.5,30.1,0,0,0,0,19-APR-2021,
OPTIDX,FINNIFTY,06-May-2021,17300,CE,0,0,0,809.35,25.55,0,0,0,0,19-APR-2021,
OPTIDX,FINNIFTY,06-May-2021,17400,CE,0,0,0,772.55,21.65,0,0,0,0,19-APR-2021,
OPTIDX,FINNIFTY,06-May-2021,17500,CE,0,0,0,737.05,18.3,0,0,0,0,19-APR-2021,
OPTIDX,FINNIFTY,06-May-2021,17600,CE,0,0,0,702.85,15.4,0,0,0,0,19-APR-2021,
OPTIDX,FINNIFTY,06-May-2021,17700,CE,0,0,0,669.9,12.9,0,0,0,0,19-APR-2021,
OPTIDX,FINNIFTY,06-May-2021,17800,CE,0,0,0,638.2,10.8,0,0,0,0,19-APR-2021,
OPTIDX,FINNIFTY,06-May-2021,17900,CE,0,0,0,607.7,9.05,0,0,0,0,19-APR-2021,
OPTIDX,FINNIFTY,06-May-2021,18000,CE,0,0,0,578.4,7.55,0,0,0,0,19-APR-2021,
OPTIDX,FINNIFTY,06-May-2021,18100,CE,0,0,0,550.25,6.25,0,0,0,0,19-APR-2021,
OPTIDX,FINNIFTY,06-May-2021,18200,CE,0,0,0,523.2,5.2,0,0,0,0,19-APR-2021,
OPTIDX,FINNIFTY,06-May-2021,18300,CE,0,0,0,497.25,4.3,0,0,0,0,19-APR-2021,
OPTIDX,FINNIFTY,06-May-2021,18400,CE,0,0,0,473.2,3.55,0,0,0,0,19-APR-2021,
OPTIDX,FINNIFTY,06-May-2021,18500,CE,0,0,0,449.5,2.9,0,0,0,0,19-APR-2021,
OPTIDX,FINNIFTY,06-May-2021,18600,CE,0,0,0,426.75,2.4,0,0,0,0,19-APR-2021,
OPTIDX,FINNIFTY,06-May-2021,18700,CE,0,0,0,405,1.95,0,0,0,0,19-APR-2021,
OPTIDX,FINNIFTY,06-May-2021,18800,CE,0,0,0,384.2,1.6,0,0,0,0,19-APR-2021,
OPTIDX,FINNIFTY,06-May-2021,18900,CE,0,0,0,363.6,1.3,0,0,0,0,19-APR-2021,
OPTIDX,FINNIFTY,06-May-2021,19000,CE,0,0,0,344.55,1.05,0,0,0,0,19-APR-2021,
OPTIDX,FINNIFTY,06-May-2021,19100,CE,0,0,0,326.3,0.85,0,0,0,0,19-APR-2021,
OPTIDX,FINNIFTY,06-May-2021,19200,CE,0,0,0,308.95,0.7,0,0,0,0,19-APR-2021,
OPTIDX,FINNIFTY,06-May-2021,19300,CE,0,0,0,292.35,0.55,0,0,0,0,19-APR-2021,
OPTIDX,FINNIFTY,06-May-2021,19400,CE,0,0,0,276.55,0.45,0,0,0,0,19-APR-2021,
OPTIDX,FINNIFTY,06-May-2021,19500,CE,0,0,0,261.5,0.35,0,0,0,0,19-APR-2021,
OPTIDX,FINNIFTY,06-May-2021,19600,CE,0,0,0,247.15,0.3,0,0,0,0,19-APR-2021,
OPTIDX,FINNIFTY,06-May-2021,19700,CE,0,0,0,213.4,0.25,0,0,0,0,19-APR-2021,
OPTIDX,FINNIFTY,06-May-2021,11700,PE,0,0,0,3.95,0.45,0,0,0,0,19-APR-2021,
OPTIDX,FINNIFTY,06-May-2021,11800,PE,0,0,0,5.1,0.6,0,0,0,0,19-APR-2021,
OPTIDX,FINNIFTY,06-May-2021,11900,PE,0,0,0,6.55,0.85,0,0,0,0,19-APR-2021,
OPTIDX,FINNIFTY,06-May-2021,12000,PE,0,0,0,8.35,1.2,0,0,0,0,19-APR-2021,
OPTIDX,FINNIFTY,06-May-2021,12100,PE,0,0,0,10.55,1.65,0,0,0,0,19-APR-2021,
OPTIDX,FINNIFTY,06-May-2021,12200,PE,0,0,0,13.25,2.25,0,0,0,0,19-APR-2021,
OPTIDX,FINNIFTY,06-May-2021,12300,PE,0,0,0,16.5,3.05,0,0,0,0,19-APR-2021,
OPTIDX,FINNIFTY,06-May-2021,12400,PE,0,0,0,14.55,4.1,0,0,0,0,19-APR-2021,
OPTIDX,FINNIFTY,06-May-2021,12500,PE,0,0,0,36.15,5.45,0,0,0,0,19-APR-2021,
OPTIDX,FINNIFTY,06-May-2021,12600,PE,0,0,0,38.25,7.15,0,0,0,0,19-APR-2021,
OPTIDX,FINNIFTY,06-May-2021,12700,PE,0,0,0,44.25,9.3,0,0,0,0,19-APR-2021,
OPTIDX,FINNIFTY,06-May-2021,12800,PE,0,0,0,54.5,11.95,0,0,0,0,19-APR-2021,
OPTIDX,FINNIFTY,06-May-2021,12900,PE,0,0,0,62,15.25,0,0,0,0,19-APR-2021,
OPTIDX,FINNIFTY,06-May-2021,13000,PE,0,0,0,65.3,19.35,0,0,0,0,19-APR-2021,
OPTIDX,FINNIFTY,06-May-2021,13100,PE,0,0,0,73.8,24.25,0,0,0,0,19-APR-2021,
OPTIDX,FINNIFTY,06-May-2021,13200,PE,0,0,0,73.35,30.2,0,0,0,0,19-APR-2021,
OPTIDX,FINNIFTY,06-May-2021,13300,PE,0,0,0,100,37.25,0,0,0,0,19-APR-2021,
OPTIDX,FINNIFTY,06-May-2021,13400,PE,0,0,0,110.95,45.65,0,0,0,0,19-APR-2021,
OPTIDX,FINNIFTY,06-May-2021,13500,PE,0,0,0,122.75,55.5,0,0,0,0,19-APR-2021,
OPTIDX,FINNIFTY,06-May-2021,13600,PE,0,0,0,126.45,66.95,0,0,0,0,19-APR-2021,
OPTIDX,FINNIFTY,06-May-2021,13700,PE,0,0,0,139.2,80.2,0,0,0,0,19-APR-2021,
OPTIDX,FINNIFTY,06-May-2021,13800,PE,0,0,0,152.9,95.4,0,0,0,0,19-APR-2021,
OPTIDX,FINNIFTY,06-May-2021,13900,PE,0,0,0,167.6,112.75,0,0,0,0,19-APR-2021,
OPTIDX,FINNIFTY,06-May-2021,14000,PE,0,0,0,183.3,132.35,0,0,0,0,19-APR-2021,
OPTIDX,FINNIFTY,06-May-2021,14100,PE,0,0,0,200.05,154.45,0,0,0,0,19-APR-2021,
OPTIDX,FINNIFTY,06-May-2021,14200,PE,0,0,0,217.95,179.65,0,0,0,0,19-APR-2021,
OPTIDX,FINNIFTY,06-May-2021,14300,PE,0,0,0,236.95,206.3,0,0,0,0,19-APR-2021,
OPTIDX,FINNIFTY,06-May-2021,14400,PE,0,0,0,257.15,236.6,0,0,0,0,19-APR-2021,
OPTIDX,FINNIFTY,06-May-2021,14500,PE,0,0,0,278.55,269.85,0,0,0,0,19-APR-2021,
OPTIDX,FINNIFTY,06-May-2021,14600,PE,0,0,0,301.2,306.15,0,0,0,0,19-APR-2021,
OPTIDX,FINNIFTY,06-May-2021,14700,PE,0,0,0,325.15,345.55,0,0,0,0,19-APR-2021,
OPTIDX,FINNIFTY,06-May-2021,14800,PE,0,0,0,350.9,388.1,0,0,0,0,19-APR-2021,
OPTIDX,FINNIFTY,06-May-2021,14900,PE,0,0,0,377.4,433.9,0,0,0,0,19-APR-2021,
OPTIDX,FINNIFTY,06-May-2021,15000,PE,0,0,0,405.2,482.8,0,0,0,0,19-APR-2021,
OPTIDX,FINNIFTY,06-May-2021,15100,PE,0,0,0,434.4,534.95,0,0,0,0,19-APR-2021,
OPTIDX,FINNIFTY,06-May-2021,15200,PE,0,0,0,464.4,590.25,0,0,0,0,19-APR-2021,
OPTIDX,FINNIFTY,06-May-2021,15300,PE,0,0,0,496.55,648.6,0,0,0,0,19-APR-2021,
OPTIDX,FINNIFTY,06-May-2021,15400,PE,0,0,0,530.1,710.05,0,0,0,0,19-APR-2021,
OPTIDX,FINNIFTY,06-May-2021,15500,PE,0,0,0,565.15,774.35,0,0,0,0,19-APR-2021,
OPTIDX,FINNIFTY,06-May-2021,15600,PE,0,0,0,601.65,841.55,0,0,0,0,19-APR-2021,
OPTIDX,FINNIFTY,06-May-2021,15700,PE,0,0,0,639.6,911.45,0,0,0,0,19-APR-2021,
OPTIDX,FINNIFTY,06-May-2021,15800,PE,0,0,0,679.05,983.95,0,0,0,0,19-APR-2021,
OPTIDX,FINNIFTY,06-May-2021,15900,PE,0,0,0,720,1059.65,0,0,0,0,19-APR-2021,
OPTIDX,FINNIFTY,06-May-2021,16000,PE,0,0,0,762.45,1136.4,0,0,0,0,19-APR-2021,
OPTIDX,FINNIFTY,06-May-2021,16100,PE,0,0,0,806.4,1215.9,0,0,0,0,19-APR-2021,
OPTIDX,FINNIFTY,06-May-2021,16200,PE,0,0,0,851.8,1297.4,0,0,0,0,19-APR-2021,
OPTIDX,FINNIFTY,06-May-2021,16300,PE,0,0,0,898.75,1380.8,0,0,0,0,19-APR-2021,
OPTIDX,FINNIFTY,06-May-2021,16400,PE,0,0,0,947.15,1465.95,0,0,0,0,19-APR-2021,
OPTIDX,FINNIFTY,06-May-2021,16500,PE,0,0,0,996.95,1552.7,0,0,0,0,19-APR-2021,
OPTIDX,FINNIFTY,06-May-2021,16600,PE,0,0,0,1048.3,1640.95,0,0,0,0,19-APR-2021,
OPTIDX,FINNIFTY,06-May-2021,16700,PE,0,0,0,1101.1,1730.55,0,0,0,0,19-APR-2021,
OPTIDX,FINNIFTY,06-May-2021,16800,PE,0,0,0,1155.35,1821.35,0,0,0,0,19-APR-2021,
OPTIDX,FINNIFTY,06-May-2021,16900,PE,0,0,0,1211.05,1913.25,0,0,0,0,19-APR-2021,
OPTIDX,FINNIFTY,06-May-2021,17000,PE,0,0,0,1268.15,2006.15,0,0,0,0,19-APR-2021,
OPTIDX,FINNIFTY,06-May-2021,17100,PE,0,0,0,1326.65,2099.95,0,0,0,0,19-APR-2021,
OPTIDX,FINNIFTY,06-May-2021,17200,PE,0,0,0,1386.5,2194.5,0,0,0,0,19-APR-2021,
OPTIDX,FINNIFTY,06-May-2021,17300,PE,0,0,0,1447.75,2289.8,0,0,0,0,19-APR-2021,
OPTIDX,FINNIFTY,06-May-2021,17400,PE,0,0,0,1510.3,2385.7,0,0,0,0,19-APR-2021,
OPTIDX,FINNIFTY,06-May-2021,17500,PE,0,0,0,1574.15,2482.15,0,0,0,0,19-APR-2021,
OPTIDX,FINNIFTY,06-May-2021,17600,PE,0,0,0,1639.3,2579.1,0,0,0,0,19-APR-2021,
OPTIDX,FINNIFTY,06-May-2021,17700,PE,0,0,0,1705.75,2676.45,0,0,0,0,19-APR-2021,
OPTIDX,FINNIFTY,06-May-2021,17800,PE,0,0,0,1773.4,2774.2,0,0,0,0,19-APR-2021,
OPTIDX,FINNIFTY,06-May-2021,17900,PE,0,0,0,1842.25,2872.25,0,0,0,0,19-APR-2021,
OPTIDX,FINNIFTY,06-May-2021,18000,PE,0,0,0,1912.3,2970.55,0,0,0,0,19-APR-2021,
OPTIDX,FINNIFTY,06-May-2021,18100,PE,0,0,0,1983.5,3069.15,0,0,0,0,19-APR-2021,
OPTIDX,FINNIFTY,06-May-2021,18200,PE,0,0,0,2055.8,3167.9,0,0,0,0,19-APR-2021,
OPTIDX,FINNIFTY,06-May-2021,18300,PE,0,0,0,2129.25,3266.8,0,0,0,0,19-APR-2021,
OPTIDX,FINNIFTY,06-May-2021,18400,PE,0,0,0,2204.55,3365.9,0,0,0,0,19-APR-2021,
OPTIDX,FINNIFTY,06-May-2021,18500,PE,0,0,0,2280.15,3465.1,0,0,0,0,19-APR-2021,
OPTIDX,FINNIFTY,06-May-2021,18600,PE,0,0,0,2356.8,3564.4,0,0,0,0,19-APR-2021,
OPTIDX,FINNIFTY,06-May-2021,18700,PE,0,0,0,2434.4,3663.8,0,0,0,0,19-APR-2021,
OPTIDX,FINNIFTY,06-May-2021,18800,PE,0,0,0,2512.95,3763.3,0,0,0,0,19-APR-2021,
OPTIDX,FINNIFTY,06-May-2021,18900,PE,0,0,0,2591.7,3862.85,0,0,0,0,19-APR-2021,
OPTIDX,FINNIFTY,06-May-2021,19000,PE,0,0,0,2672,3962.4,0,0,0,0,19-APR-2021,
OPTIDX,FINNIFTY,06-May-2021,19100,PE,0,0,0,2753.15,4062.05,0,0,0,0,19-APR-2021,
OPTIDX,FINNIFTY,06-May-2021,19200,PE,0,0,0,2835.1,4161.7,0,0,0,0,19-APR-2021,
OPTIDX,FINNIFTY,06-May-2021,19300,PE,0,0,0,2917.9,4261.4,0,0,0,0,19-APR-2021,
OPTIDX,FINNIFTY,06-May-2021,19400,PE,0,0,0,3001.45,4361.15,0,0,0,0,19-APR-2021,
OPTIDX,FINNIFTY,06-May-2021,19500,PE,0,0,0,3085.75,4460.9,0,0,0,0,19-APR-2021,
OPTIDX,FINNIFTY,06-May-2021,19600,PE,0,0,0,3170.75,4560.65,0,0,0,0,19-APR-2021,
OPTIDX,FINNIFTY,06-May-2021,19700,PE,0,0,0,3110.35,4660.4,0,0,0,0,19-APR-2021,
OPTIDX,FINNIFTY,12-May-2021,11700,CE,0,0,0,3054.8,3335.25,0,0,0,0,19-APR-2021,
OPTIDX,FINNIFTY,12-May-2021,11800,CE,0,0,0,2957.25,3236.1,0,0,0,0,19-APR-2021,
OPTIDX,FINNIFTY,12-May-2021,11900,CE,0,0,0,2860.1,3137.15,0,0,0,0,19-APR-2021,
OPTIDX,FINNIFTY,12-May-2021,12000,CE,0,0,0,2763.5,3038.4,0,0,0,0,19-APR-2021,
OPTIDX,FINNIFTY,12-May-2021,12100,CE,0,0,0,2667.4,2939.9,0,0,0,0,19-APR-2021,
OPTIDX,FINNIFTY,12-May-2021,12200,CE,0,0,0,2572,2841.7,0,0,0,0,19-APR-2021,
OPTIDX,FINNIFTY,12-May-2021,12300,CE,0,0,0,2477.3,2743.85,0,0,0,0,19-APR-2021,
OPTIDX,FINNIFTY,12-May-2021,12400,CE,0,0,0,3063.1,2646.45,0,0,0,0,19-APR-2021,
OPTIDX,FINNIFTY,12-May-2021,12500,CE,0,0,0,3085.5,2549.55,0,0,0,0,19-APR-2021,
OPTIDX,FINNIFTY,12-May-2021,12600,CE,0,0,0,3119.35,2453.25,0,0,0,0,19-APR-2021,
OPTIDX,FINNIFTY,12-May-2021,12700,CE,0,0,0,3027.15,2357.65,0,0,0,0,19-APR-2021,
OPTIDX,FINNIFTY,12-May-2021,12800,CE,0,0,0,3190.65,2262.75,0,0,0,0,19-APR-2021,
OPTIDX,FINNIFTY,12-May-2021,12900,CE,0,0,0,3100,2168.75,0,0,0,0,19-APR-2021,
OPTIDX,FINNIFTY,12-May-2021,13000,CE,0,0,0,3134.15,2075.75,0,0,0,0,19-APR-2021,
OPTIDX,FINNIFTY,12-May-2021,13100,CE,0,0,0,3044.5,1983.85,0,0,0,0,19-APR-2021,
OPTIDX,FINNIFTY,12-May-2021,13200,CE,0,0,0,3135.45,1893.15,0,0,0,0,19-APR-2021,
OPTIDX,FINNIFTY,12-May-2021,13300,CE,0,0,0,3174.65,1803.8,0,0,0,0,19-APR-2021,
OPTIDX,FINNIFTY,12-May-2021,13400,CE,0,0,0,3085.9,1715.9,0,0,0,0,19-APR-2021,
OPTIDX,FINNIFTY,12-May-2021,13500,CE,0,0,0,3190.95,1629.6,0,0,0,0,19-APR-2021,
OPTIDX,FINNIFTY,12-May-2021,13600,CE,0,0,0,3102.7,1545.05,0,0,0,0,19-APR-2021,
OPTIDX,FINNIFTY,12-May-2021,13700,CE,0,0,0,3197.45,1462.3,0,0,0,0,19-APR-2021,
OPTIDX,FINNIFTY,12-May-2021,13800,CE,0,0,0,3110.35,1381.5,0,0,0,0,19-APR-2021,
OPTIDX,FINNIFTY,12-May-2021,13900,CE,0,0,0,3024.2,1302.8,0,0,0,0,19-APR-2021,
OPTIDX,FINNIFTY,12-May-2021,14000,CE,0,0,0,2939.05,1226.3,0,0,0,0,19-APR-2021,
OPTIDX,FINNIFTY,12-May-2021,14100,CE,0,0,0,2854.9,1152.6,0,0,0,0,19-APR-2021,
OPTIDX,FINNIFTY,12-May-2021,14200,CE,0,0,0,2771.75,1080.1,0,0,0,0,19-APR-2021,
OPTIDX,FINNIFTY,12-May-2021,14300,CE,0,0,0,2689.75,1010.85,0,0,0,0,19-APR-2021,
OPTIDX,FINNIFTY,12-May-2021,14400,CE,0,0,0,2608.85,944.1,0,0,0,0,19-APR-2021,
OPTIDX,FINNIFTY,12-May-2021,14500,CE,0,0,0,2529.1,880.05,0,0,0,0,19-APR-2021,
OPTIDX,FINNIFTY,12-May-2021,14600,CE,0,0,0,2450.55,818.65,0,0,0,0,19-APR-2021,
OPTIDX,FINNIFTY,12-May-2021,14700,CE,0,0,0,2373.25,759.95,0,0,0,0,19-APR-2021,
OPTIDX,FINNIFTY,12-May-2021,14800,CE,0,0,0,2297.2,704,0,0,0,0,19-APR-2021,
OPTIDX,FINNIFTY,12-May-2021,14900,CE,0,0,0,2223.05,650.8,0,0,0,0,19-APR-2021,
OPTIDX,FINNIFTY,12-May-2021,15000,CE,0,0,0,2149.5,600.3,0,0,0,0,19-APR-2021,
OPTIDX,FINNIFTY,12-May-2021,15100,CE,0,0,0,2077.35,552.6,0,0,0,0,19-APR-2021,
OPTIDX,FINNIFTY,12-May-2021,15200,CE,0,0,0,2006.55,507.6,0,0,0,0,19-APR-2021,
OPTIDX,FINNIFTY,12-May-2021,15300,CE,0,0,0,1936.45,465.25,0,0,0,0,19-APR-2021,
OPTIDX,FINNIFTY,12-May-2021,15400,CE,0,0,0,1868.6,425.5,0,0,0,0,19-APR-2021,
OPTIDX,FINNIFTY,12-May-2021,15500,CE,0,0,0,1802.15,388.35,0,0,0,0,19-APR-2021,
OPTIDX,FINNIFTY,12-May-2021,15600,CE,0,0,0,1737.15,353.65,0,0,0,0,19-APR-2021,
OPTIDX,FINNIFTY,12-May-2021,15700,CE,0,0,0,1673.6,321.4,0,0,0,0,19-APR-2021,
OPTIDX,FINNIFTY,12-May-2021,15800,CE,0,0,0,1611.55,291.4,0,0,0,0,19-APR-2021,
OPTIDX,FINNIFTY,12-May-2021,15900,CE,0,0,0,1550.95,263.65,0,0,0,0,19-APR-2021,
OPTIDX,FINNIFTY,12-May-2021,16000,CE,0,0,0,1491.9,238.75,0,0,0,0,19-APR-2021,
OPTIDX,FINNIFTY,12-May-2021,16100,CE,0,0,0,1434.3,215.35,0,0,0,0,19-APR-2021,
OPTIDX,FINNIFTY,12-May-2021,16200,CE,0,0,0,1378.25,193.1,0,0,0,0,19-APR-2021,
OPTIDX,FINNIFTY,12-May-2021,16300,CE,0,0,0,1323.65,173.25,0,0,0,0,19-APR-2021,
OPTIDX,FINNIFTY,12-May-2021,16400,CE,0,0,0,1270.55,155.15,0,0,0,0,19-APR-2021,
OPTIDX,FINNIFTY,12-May-2021,16500,CE,0,0,0,1218.95,138.6,0,0,0,0,19-APR-2021,
OPTIDX,FINNIFTY,12-May-2021,16600,CE,0,0,0,1168.8,123.6,0,0,0,0,19-APR-2021,
OPTIDX,FINNIFTY,12-May-2021,16700,CE,0,0,0,1120.15,109.95,0,0,0,0,19-APR-2021,
OPTIDX,FINNIFTY,12-May-2021,16800,CE,0,0,0,1073,97.65,0,0,0,0,19-APR-2021,
OPTIDX,FINNIFTY,12-May-2021,16900,CE,0,0,0,1027.3,86.5,0,0,0,0,19-APR-2021,
OPTIDX,FINNIFTY,12-May-2021,17000,CE,0,0,0,983,76.5,0,0,0,0,19-APR-2021,
OPTIDX,FINNIFTY,12-May-2021,17100,CE,0,0,0,940.15,67.5,0,0,0,0,19-APR-2021,
OPTIDX,FINNIFTY,12-May-2021,17200,CE,0,0,0,898.75,59.45,0,0,0,0,19-APR-2021,
OPTIDX,FINNIFTY,12-May-2021,17300,CE,0,0,0,858.7,52.25,0,0,0,0,19-APR-2021,
OPTIDX,FINNIFTY,12-May-2021,17400,CE,0,0,0,820.05,45.85,0,0,0,0,19-APR-2021,
OPTIDX,FINNIFTY,12-May-2021,17500,CE,0,0,0,782.7,40.1,0,0,0,0,19-APR-2021,
OPTIDX,FINNIFTY,12-May-2021,17600,CE,0,0,0,746.7,35.05,0,0,0,0,19-APR-2021,
OPTIDX,FINNIFTY,12-May-2021,17700,CE,0,0,0,712,30.55,0,0,0,0,19-APR-2021,
OPTIDX,FINNIFTY,12-May-2021,17800,CE,0,0,0,678.6,26.6,0,0,0,0,19-APR-2021,
OPTIDX,FINNIFTY,12-May-2021,17900,CE,0,0,0,646.4,23.1,0,0,0,0,19-APR-2021,
OPTIDX,FINNIFTY,12-May-2021,18000,CE,0,0,0,615.45,20.05,0,0,0,0,19-APR-2021,
OPTIDX,FINNIFTY,12-May-2021,18100,CE,0,0,0,585.75,17.35,0,0,0,0,19-APR-2021,
OPTIDX,FINNIFTY,12-May-2021,18200,CE,0,0,0,557.15,15,0,0,0,0,19-APR-2021,
OPTIDX,FINNIFTY,12-May-2021,18300,CE,0,0,0,529.7,12.9,0,0,0,0,19-APR-2021,
OPTIDX,FINNIFTY,12-May-2021,18400,CE,0,0,0,503.4,11.1,0,0,0,0,19-APR-2021,
OPTIDX,FINNIFTY,12-May-2021,18500,CE,0,0,0,478.95,9.55,0,0,0,0,19-APR-2021,
OPTIDX,FINNIFTY,12-May-2021,18600,CE,0,0,0,454.85,8.2,0,0,0,0,19-APR-2021,
OPTIDX,FINNIFTY,12-May-2021,18700,CE,0,0,0,431.8,7,0,0,0,0,19-APR-2021,
OPTIDX,FINNIFTY,12-May-2021,18800,CE,0,0,0,409.7,6,0,0,0,0,19-APR-2021,
OPTIDX,FINNIFTY,12-May-2021,18900,CE,0,0,0,388.6,5.1,0,0,0,0,19-APR-2021,
OPTIDX,FINNIFTY,12-May-2021,19000,CE,0,0,0,367.7,4.35,0,0,0,0,19-APR-2021,
OPTIDX,FINNIFTY,12-May-2021,19100,CE,0,0,0,348.35,3.7,0,0,0,0,19-APR-2021,
OPTIDX,FINNIFTY,12-May-2021,19200,CE,0,0,0,329.9,3.15,0,0,0,0,19-APR-2021,
OPTIDX,FINNIFTY,12-May-2021,19300,CE,0,0,0,312.25,2.7,0,0,0,0,19-APR-2021,
OPTIDX,FINNIFTY,12-May-2021,19400,CE,0,0,0,295.45,2.25,0,0,0,0,19-APR-2021,
OPTIDX,FINNIFTY,12-May-2021,19500,CE,0,0,0,279.4,1.9,0,0,0,0,19-APR-2021,
OPTIDX,FINNIFTY,12-May-2021,19600,CE,0,0,0,264.1,1.6,0,0,0,0,19-APR-2021,
OPTIDX,FINNIFTY,12-May-2021,19700,CE,0,0,0,249.55,1.35,0,0,0,0,19-APR-2021,
OPTIDX,FINNIFTY,12-May-2021,11700,PE,0,0,0,8.85,1.95,0,0,0,0,19-APR-2021,
OPTIDX,FINNIFTY,12-May-2021,11800,PE,0,0,0,11,2.6,0,0,0,0,19-APR-2021,
OPTIDX,FINNIFTY,12-May-2021,11900,PE,0,0,0,13.55,3.4,0,0,0,0,19-APR-2021,
OPTIDX,FINNIFTY,12-May-2021,12000,PE,0,0,0,16.65,4.4,0,0,0,0,19-APR-2021,
OPTIDX,FINNIFTY,12-May-2021,12100,PE,0,0,0,20.25,5.7,0,0,0,0,19-APR-2021,
OPTIDX,FINNIFTY,12-May-2021,12200,PE,0,0,0,24.55,7.25,0,0,0,0,19-APR-2021,
OPTIDX,FINNIFTY,12-May-2021,12300,PE,0,0,0,29.55,9.2,0,0,0,0,19-APR-2021,
OPTIDX,FINNIFTY,12-May-2021,12400,PE,0,0,0,24.1,11.6,0,0,0,0,19-APR-2021,
OPTIDX,FINNIFTY,12-May-2021,12500,PE,0,0,0,49.3,14.45,0,0,0,0,19-APR-2021,
OPTIDX,FINNIFTY,12-May-2021,12600,PE,0,0,0,51.6,17.9,0,0,0,0,19-APR-2021,
OPTIDX,FINNIFTY,12-May-2021,12700,PE,0,0,0,58.95,22.05,0,0,0,0,19-APR-2021,
OPTIDX,FINNIFTY,12-May-2021,12800,PE,0,0,0,69.55,26.95,0,0,0,0,19-APR-2021,
OPTIDX,FINNIFTY,12-May-2021,12900,PE,0,0,0,78.35,32.75,0,0,0,0,19-APR-2021,
OPTIDX,FINNIFTY,12-May-2021,13000,PE,0,0,0,81.95,39.5,0,0,0,0,19-APR-2021,
OPTIDX,FINNIFTY,12-May-2021,13100,PE,0,0,0,91.75,47.35,0,0,0,0,19-APR-2021,
OPTIDX,FINNIFTY,12-May-2021,13200,PE,0,0,0,91,56.45,0,0,0,0,19-APR-2021,
OPTIDX,FINNIFTY,12-May-2021,13300,PE,0,0,0,94.4,66.85,0,0,0,0,19-APR-2021,
OPTIDX,FINNIFTY,12-May-2021,13400,PE,0,0,0,105.05,78.75,0,0,0,0,19-APR-2021,
OPTIDX,FINNIFTY,12-May-2021,13500,PE,0,0,0,102.8,92.2,0,0,0,0,19-APR-2021,
OPTIDX,FINNIFTY,12-May-2021,13600,PE,0,0,0,113.95,107.4,0,0,0,0,19-APR-2021,
OPTIDX,FINNIFTY,12-May-2021,13700,PE,0,0,0,120.5,124.45,0,0,0,0,19-APR-2021,
OPTIDX,FINNIFTY,12-May-2021,13800,PE,0,0,0,132.8,143.45,0,0,0,0,19-APR-2021,
OPTIDX,FINNIFTY,12-May-2021,13900,PE,0,0,0,146,164.5,0,0,0,0,19-APR-2021,
OPTIDX,FINNIFTY,12-May-2021,14000,PE,0,0,0,160.2,187.8,0,0,0,0,19-APR-2021,
OPTIDX,FINNIFTY,12-May-2021,14100,PE,0,0,0,175.4,213.85,0,0,0,0,19-APR-2021,
OPTIDX,FINNIFTY,12-May-2021,14200,PE,0,0,0,191.65,241.1,0,0,0,0,19-APR-2021,
OPTIDX,FINNIFTY,12-May-2021,14300,PE,0,0,0,209,271.6,0,0,0,0,19-APR-2021,
OPTIDX,FINNIFTY,12-May-2021,14400,PE,0,0,0,227.45,304.65,0,0,0,0,19-APR-2021,
OPTIDX,FINNIFTY,12-May-2021,14500,PE,0,0,0,247.1,340.35,0,0,0,0,19-APR-2021,
OPTIDX,FINNIFTY,12-May-2021,14600,PE,0,0,0,267.9,378.7,0,0,0,0,19-APR-2021,
OPTIDX,FINNIFTY,12-May-2021,14700,PE,0,0,0,289.95,419.8,0,0,0,0,19-APR-2021,
OPTIDX,FINNIFTY,12-May-2021,14800,PE,0,0,0,313.3,463.65,0,0,0,0,19-APR-2021,
OPTIDX,FINNIFTY,12-May-2021,14900,PE,0,0,0,338.5,510.2,0,0,0,0,19-APR-2021,
OPTIDX,FINNIFTY,12-May-2021,15000,PE,0,0,0,364.3,559.5,0,0,0,0,19-APR-2021,
OPTIDX,FINNIFTY,12-May-2021,15100,PE,0,0,0,391.5,611.55,0,0,0,0,19-APR-2021,
OPTIDX,FINNIFTY,12-May-2021,15200,PE,0,0,0,420.05,666.3,0,0,0,0,19-APR-2021,
OPTIDX,FINNIFTY,12-May-2021,15300,PE,0,0,0,449.35,723.75,0,0,0,0,19-APR-2021,
OPTIDX,FINNIFTY,12-May-2021,15400,PE,0,0,0,480.85,783.8,0,0,0,0,19-APR-2021,
OPTIDX,FINNIFTY,12-May-2021,15500,PE,0,0,0,513.75,846.4,0,0,0,0,19-APR-2021,
OPTIDX,FINNIFTY,12-May-2021,15600,PE,0,0,0,548.1,911.45,0,0,0,0,19-APR-2021,
OPTIDX,FINNIFTY,12-May-2021,15700,PE,0,0,0,583.95,978.95,0,0,0,0,19-APR-2021,
OPTIDX,FINNIFTY,12-May-2021,15800,PE,0,0,0,621.25,1048.75,0,0,0,0,19-APR-2021,
OPTIDX,FINNIFTY,12-May-2021,15900,PE,0,0,0,660.05,1120.8,0,0,0,0,19-APR-2021,
OPTIDX,FINNIFTY,12-May-2021,16000,PE,0,0,0,700.35,1195.65,0,0,0,0,19-APR-2021,
OPTIDX,FINNIFTY,12-May-2021,16100,PE,0,0,0,742.1,1272,0,0,0,0,19-APR-2021,
OPTIDX,FINNIFTY,12-May-2021,16200,PE,0,0,0,785.4,1349.55,0,0,0,0,19-APR-2021,
OPTIDX,FINNIFTY,12-May-2021,16300,PE,0,0,0,830.15,1429.5,0,0,0,0,19-APR-2021,
OPTIDX,FINNIFTY,12-May-2021,16400,PE,0,0,0,876.45,1511.1,0,0,0,0,19-APR-2021,
OPTIDX,FINNIFTY,12-May-2021,16500,PE,0,0,0,924.2,1594.35,0,0,0,0,19-APR-2021,
OPTIDX,FINNIFTY,12-May-2021,16600,PE,0,0,0,973.4,1679.1,0,0,0,0,19-APR-2021,
OPTIDX,FINNIFTY,12-May-2021,16700,PE,0,0,0,1024.15,1765.25,0,0,0,0,19-APR-2021,
OPTIDX,FINNIFTY,12-May-2021,16800,PE,0,0,0,1076.35,1852.7,0,0,0,0,19-APR-2021,
OPTIDX,FINNIFTY,12-May-2021,16900,PE,0,0,0,1130,1941.35,0,0,0,0,19-APR-2021,
OPTIDX,FINNIFTY,12-May-2021,17000,PE,0,0,0,1185.1,2031.1,0,0,0,0,19-APR-2021,
OPTIDX,FINNIFTY,12-May-2021,17100,PE,0,0,0,1241.6,2121.9,0,0,0,0,19-APR-2021,
OPTIDX,FINNIFTY,12-May-2021,17200,PE,0,0,0,1299.55,2213.6,0,0,0,0,19-APR-2021,
OPTIDX,FINNIFTY,12-May-2021,17300,PE,0,0,0,1358.85,2306.15,0,0,0,0,19-APR-2021,
OPTIDX,FINNIFTY,12-May-2021,17400,PE,0,0,0,1419.55,2399.5,0,0,0,0,19-APR-2021,
OPTIDX,FINNIFTY,12-May-2021,17500,PE,0,0,0,1481.6,2493.6,0,0,0,0,19-APR-2021,
OPTIDX,FINNIFTY,12-May-2021,17600,PE,0,0,0,1544.95,2588.3,0,0,0,0,19-APR-2021,
OPTIDX,FINNIFTY,12-May-2021,17700,PE,0,0,0,1609.6,2683.55,0,0,0,0,19-APR-2021,
OPTIDX,FINNIFTY,12-May-2021,17800,PE,0,0,0,1675.55,2779.4,0,0,0,0,19-APR-2021,
OPTIDX,FINNIFTY,12-May-2021,17900,PE,0,0,0,1742.75,2875.65,0,0,0,0,19-APR-2021,
OPTIDX,FINNIFTY,12-May-2021,18000,PE,0,0,0,1811.2,2972.35,0,0,0,0,19-APR-2021,
OPTIDX,FINNIFTY,12-May-2021,18100,PE,0,0,0,1880.8,3069.45,0,0,0,0,19-APR-2021,
OPTIDX,FINNIFTY,12-May-2021,18200,PE,0,0,0,1951.6,3166.85,0,0,0,0,19-APR-2021,
OPTIDX,FINNIFTY,12-May-2021,18300,PE,0,0,0,2023.5,3264.55,0,0,0,0,19-APR-2021,
OPTIDX,FINNIFTY,12-May-2021,18400,PE,0,0,0,2096.55,3362.55,0,0,0,0,19-APR-2021,
OPTIDX,FINNIFTY,12-May-2021,18500,PE,0,0,0,2171.45,3460.75,0,0,0,0,19-APR-2021,
OPTIDX,FINNIFTY,12-May-2021,18600,PE,0,0,0,2246.75,3559.15,0,0,0,0,19-APR-2021,
OPTIDX,FINNIFTY,12-May-2021,18700,PE,0,0,0,2323.05,3657.75,0,0,0,0,19-APR-2021,
OPTIDX,FINNIFTY,12-May-2021,18800,PE,0,0,0,2400.35,3756.5,0,0,0,0,19-APR-2021,
OPTIDX,FINNIFTY,12-May-2021,18900,PE,0,0,0,2478.6,3855.4,0,0,0,0,19-APR-2021,
OPTIDX,FINNIFTY,12-May-2021,19000,PE,0,0,0,2557.05,3954.4,0,0,0,0,19-APR-2021,
OPTIDX,FINNIFTY,12-May-2021,19100,PE,0,0,0,2637.05,4053.5,0,0,0,0,19-APR-2021,
OPTIDX,FINNIFTY,12-May-2021,19200,PE,0,0,0,2717.95,4152.75,0,0,0,0,19-APR-2021,
OPTIDX,FINNIFTY,12-May-2021,19300,PE,0,0,0,2799.65,4252.05,0,0,0,0,19-APR-2021,
OPTIDX,FINNIFTY,12-May-2021,19400,PE,0,0,0,2882.2,4351.4,0,0,0,0,19-APR-2021,
OPTIDX,FINNIFTY,12-May-2021,19500,PE,0,0,0,2965.55,4450.8,0,0,0,0,19-APR-2021,
OPTIDX,FINNIFTY,12-May-2021,19600,PE,0,0,0,3049.65,4550.3,0,0,0,0,19-APR-2021,
OPTIDX,FINNIFTY,12-May-2021,19700,PE,0,0,0,3134.45,4649.8,0,0,0,0,19-APR-2021,
OPTIDX,FINNIFTY,20-May-2021,11700,CE,0,0,0,3074.85,3350.3,0,0,0,0,19-APR-2021,
OPTIDX,FINNIFTY,20-May-2021,11800,CE,0,0,0,2978.85,3252.25,0,0,0,0,19-APR-2021,
OPTIDX,FINNIFTY,20-May-2021,11900,CE,0,0,0,2883.5,3154.5,0,0,0,0,19-APR-2021,
OPTIDX,FINNIFTY,20-May-2021,12000,CE,0,0,0,2788.75,3057.1,0,0,0,0,19-APR-2021,
OPTIDX,FINNIFTY,20-May-2021,12100,CE,0,0,0,2694.75,2960.2,0,0,0,0,19-APR-2021,
OPTIDX,FINNIFTY,20-May-2021,12200,CE,0,0,0,2601.5,2863.75,0,0,0,0,19-APR-2021,
OPTIDX,FINNIFTY,20-May-2021,12300,CE,0,0,0,2509.2,2767.85,0,0,0,0,19-APR-2021,
OPTIDX,FINNIFTY,20-May-2021,12400,CE,0,0,0,3088.6,2672.65,0,0,0,0,19-APR-2021,
OPTIDX,FINNIFTY,20-May-2021,12500,CE,0,0,0,3114.9,2578.1,0,0,0,0,19-APR-2021,
OPTIDX,FINNIFTY,20-May-2021,12600,CE,0,0,0,3149.1,2484.4,0,0,0,0,19-APR-2021,
OPTIDX,FINNIFTY,20-May-2021,12700,CE,0,0,0,3058.65,2391.55,0,0,0,0,19-APR-2021,
OPTIDX,FINNIFTY,20-May-2021,12800,CE,0,0,0,3222.45,2299.65,0,0,0,0,19-APR-2021,
OPTIDX,FINNIFTY,20-May-2021,12900,CE,0,0,0,3133.4,2208.8,0,0,0,0,19-APR-2021,
OPTIDX,FINNIFTY,20-May-2021,13000,CE,0,0,0,3045.3,2119.15,0,0,0,0,19-APR-2021,
OPTIDX,FINNIFTY,20-May-2021,13100,CE,0,0,0,2958.1,2030.7,0,0,0,0,19-APR-2021,
OPTIDX,FINNIFTY,20-May-2021,13200,CE,0,0,0,2871.9,1943.65,0,0,0,0,19-APR-2021,
OPTIDX,FINNIFTY,20-May-2021,13300,CE,0,0,0,2786.7,1858,0,0,0,0,19-APR-2021,
OPTIDX,FINNIFTY,20-May-2021,13400,CE,0,0,0,2702.55,1773.9,0,0,0,0,19-APR-2021,
OPTIDX,FINNIFTY,20-May-2021,13500,CE,0,0,0,2619.55,1691.4,0,0,0,0,19-APR-2021,
OPTIDX,FINNIFTY,20-May-2021,13600,CE,0,0,0,2537.65,1610.65,0,0,0,0,19-APR-2021,
OPTIDX,FINNIFTY,20-May-2021,13700,CE,0,0,0,2457,1531.7,0,0,0,0,19-APR-2021,
OPTIDX,FINNIFTY,20-May-2021,13800,CE,0,0,0,2377.55,1454.65,0,0,0,0,19-APR-2021,
OPTIDX,FINNIFTY,20-May-2021,13900,CE,0,0,0,2299.35,1380.1,0,0,0,0,19-APR-2021,
OPTIDX,FINNIFTY,20-May-2021,14000,CE,0,0,0,2222.5,1306.95,0,0,0,0,19-APR-2021,
OPTIDX,FINNIFTY,20-May-2021,14100,CE,0,0,0,2147,1235.35,0,0,0,0,19-APR-2021,
OPTIDX,FINNIFTY,20-May-2021,14200,CE,0,0,0,2073.35,1166.65,0,0,0,0,19-APR-2021,
OPTIDX,FINNIFTY,20-May-2021,14300,CE,0,0,0,2000.5,1100.15,0,0,0,0,19-APR-2021,
OPTIDX,FINNIFTY,20-May-2021,14400,CE,0,0,0,1929.15,1035.95,0,0,0,0,19-APR-2021,
OPTIDX,FINNIFTY,20-May-2021,14500,CE,0,0,0,1859.2,974.1,0,0,0,0,19-APR-2021,
OPTIDX,FINNIFTY,20-May-2021,14600,CE,0,0,0,1790.2,914.55,0,0,0,0,19-APR-2021,
OPTIDX,FINNIFTY,20-May-2021,14700,CE,0,0,0,1723.35,857.4,0,0,0,0,19-APR-2021,
OPTIDX,FINNIFTY,20-May-2021,14800,CE,0,0,0,1658.05,802.55,0,0,0,0,19-APR-2021,
OPTIDX,FINNIFTY,20-May-2021,14900,CE,0,0,0,1594.3,750.15,0,0,0,0,19-APR-2021,
OPTIDX,FINNIFTY,20-May-2021,15000,CE,0,0,0,1532.1,700.05,0,0,0,0,19-APR-2021,
OPTIDX,FINNIFTY,20-May-2021,15100,CE,0,0,0,1471.45,652.3,0,0,0,0,19-APR-2021,
OPTIDX,FINNIFTY,20-May-2021,15200,CE,0,0,0,1412.35,606.95,0,0,0,0,19-APR-2021,
OPTIDX,FINNIFTY,20-May-2021,15300,CE,0,0,0,1354.9,563.85,0,0,0,0,19-APR-2021,
OPTIDX,FINNIFTY,20-May-2021,15400,CE,0,0,0,1298.95,523.05,0,0,0,0,19-APR-2021,
OPTIDX,FINNIFTY,20-May-2021,15500,CE,0,0,0,1244.65,484.45,0,0,0,0,19-APR-2021,
OPTIDX,FINNIFTY,20-May-2021,15600,CE,0,0,0,1191.9,448,0,0,0,0,19-APR-2021,
OPTIDX,FINNIFTY,20-May-2021,15700,CE,0,0,0,1140.7,413.7,0,0,0,0,19-APR-2021,
OPTIDX,FINNIFTY,20-May-2021,15800,CE,0,0,0,1091.05,381.45,0,0,0,0,19-APR-2021,
OPTIDX,FINNIFTY,20-May-2021,15900,CE,0,0,0,1043,351.15,0,0,0,0,19-APR-2021,
OPTIDX,FINNIFTY,20-May-2021,16000,CE,0,0,0,996.45,322.8,0,0,0,0,19-APR-2021,
OPTIDX,FINNIFTY,20-May-2021,16100,CE,0,0,0,951.5,296.25,0,0,0,0,19-APR-2021,
OPTIDX,FINNIFTY,20-May-2021,16200,CE,0,0,0,908,272.3,0,0,0,0,19-APR-2021,
OPTIDX,FINNIFTY,20-May-2021,16300,CE,0,0,0,866,249.4,0,0,0,0,19-APR-2021,
OPTIDX,FINNIFTY,20-May-2021,16400,CE,0,0,0,825.5,227.4,0,0,0,0,19-APR-2021,
OPTIDX,FINNIFTY,20-May-2021,16500,CE,0,0,0,786.45,207.55,0,0,0,0,19-APR-2021,
OPTIDX,FINNIFTY,20-May-2021,16600,CE,0,0,0,748.85,189.15,0,0,0,0,19-APR-2021,
OPTIDX,FINNIFTY,20-May-2021,16700,CE,0,0,0,712.6,172.1,0,0,0,0,19-APR-2021,
OPTIDX,FINNIFTY,20-May-2021,16800,CE,0,0,0,677.75,156.4,0,0,0,0,19-APR-2021,
OPTIDX,FINNIFTY,20-May-2021,16900,CE,0,0,0,644.25,141.9,0,0,0,0,19-APR-2021,
OPTIDX,FINNIFTY,20-May-2021,17000,CE,0,0,0,612.1,128.55,0,0,0,0,19-APR-2021,
OPTIDX,FINNIFTY,20-May-2021,17100,CE,0,0,0,581.2,116.35,0,0,0,0,19-APR-2021,
OPTIDX,FINNIFTY,20-May-2021,17200,CE,0,0,0,551.55,105.1,0,0,0,0,19-APR-2021,
OPTIDX,FINNIFTY,20-May-2021,17300,CE,0,0,0,523.15,94.85,0,0,0,0,19-APR-2021,
OPTIDX,FINNIFTY,20-May-2021,17400,CE,0,0,0,495.95,85.45,0,0,0,0,19-APR-2021,
OPTIDX,FINNIFTY,20-May-2021,17500,CE,0,0,0,469.95,76.9,0,0,0,0,19-APR-2021,
OPTIDX,FINNIFTY,20-May-2021,17600,CE,0,0,0,445.85,69.1,0,0,0,0,19-APR-2021,
OPTIDX,FINNIFTY,20-May-2021,17700,CE,0,0,0,422.15,62,0,0,0,0,19-APR-2021,
OPTIDX,FINNIFTY,20-May-2021,17800,CE,0,0,0,399.5,55.55,0,0,0,0,19-APR-2021,
OPTIDX,FINNIFTY,20-May-2021,17900,CE,0,0,0,377.9,49.7,0,0,0,0,19-APR-2021,
OPTIDX,FINNIFTY,20-May-2021,18000,CE,0,0,0,356.65,44.45,0,0,0,0,19-APR-2021,
OPTIDX,FINNIFTY,20-May-2021,18100,CE,0,0,0,336.95,39.65,0,0,0,0,19-APR-2021,
OPTIDX,FINNIFTY,20-May-2021,18200,CE,0,0,0,318.15,35.35,0,0,0,0,19-APR-2021,
OPTIDX,FINNIFTY,20-May-2021,18300,CE,0,0,0,300.3,31.5,0,0,0,0,19-APR-2021,
OPTIDX,FINNIFTY,20-May-2021,18400,CE,0,0,0,283.25,28,0,0,0,0,19-APR-2021,
OPTIDX,FINNIFTY,20-May-2021,18500,CE,0,0,0,267.1,24.85,0,0,0,0,19-APR-2021,
OPTIDX,FINNIFTY,20-May-2021,18600,CE,0,0,0,251.7,22.05,0,0,0,0,19-APR-2021,
OPTIDX,FINNIFTY,20-May-2021,18700,CE,0,0,0,237.1,19.55,0,0,0,0,19-APR-2021,
OPTIDX,FINNIFTY,20-May-2021,18800,CE,0,0,0,223.25,17.3,0,0,0,0,19-APR-2021,
OPTIDX,FINNIFTY,20-May-2021,18900,CE,0,0,0,215.45,15.3,0,0,0,0,19-APR-2021,
OPTIDX,FINNIFTY,20-May-2021,19000,CE,0,0,0,202.45,13.5,0,0,0,0,19-APR-2021,
OPTIDX,FINNIFTY,20-May-2021,11700,PE,0,0,0,18.35,6.55,0,0,0,0,19-APR-2021,
OPTIDX,FINNIFTY,20-May-2021,11800,PE,0,0,0,22,8.15,0,0,0,0,19-APR-2021,
OPTIDX,FINNIFTY,20-May-2021,11900,PE,0,0,0,26.25,10.1,0,0,0,0,19-APR-2021,
OPTIDX,FINNIFTY,20-May-2021,12000,PE,0,0,0,31.1,12.4,0,0,0,0,19-APR-2021,
OPTIDX,FINNIFTY,20-May-2021,12100,PE,0,0,0,36.7,15.15,0,0,0,0,19-APR-2021,
OPTIDX,FINNIFTY,20-May-2021,12200,PE,0,0,0,43.1,18.4,0,0,0,0,19-APR-2021,
OPTIDX,FINNIFTY,20-May-2021,12300,PE,0,0,0,50.4,22.2,0,0,0,0,19-APR-2021,
OPTIDX,FINNIFTY,20-May-2021,12400,PE,0,0,0,39.45,26.65,0,0,0,0,19-APR-2021,
OPTIDX,FINNIFTY,20-May-2021,12500,PE,0,0,0,68.45,31.8,0,0,0,0,19-APR-2021,
OPTIDX,FINNIFTY,20-May-2021,12600,PE,0,0,0,71.05,37.75,0,0,0,0,19-APR-2021,
OPTIDX,FINNIFTY,20-May-2021,12700,PE,0,0,0,80.05,44.6,0,0,0,0,19-APR-2021,
OPTIDX,FINNIFTY,20-May-2021,12800,PE,0,0,0,90.8,52.4,0,0,0,0,19-APR-2021,
OPTIDX,FINNIFTY,20-May-2021,12900,PE,0,0,0,101.15,61.25,0,0,0,0,19-APR-2021,
OPTIDX,FINNIFTY,20-May-2021,13000,PE,0,0,0,112.4,71.25,0,0,0,0,19-APR-2021,
OPTIDX,FINNIFTY,20-May-2021,13100,PE,0,0,0,124.55,82.5,0,0,0,0,19-APR-2021,
OPTIDX,FINNIFTY,20-May-2021,13200,PE,0,0,0,137.65,95.1,0,0,0,0,19-APR-2021,
OPTIDX,FINNIFTY,20-May-2021,13300,PE,0,0,0,151.85,109.15,0,0,0,0,19-APR-2021,
OPTIDX,FINNIFTY,20-May-2021,13400,PE,0,0,0,167.05,124.75,0,0,0,0,19-APR-2021,
OPTIDX,FINNIFTY,20-May-2021,13500,PE,0,0,0,183.4,141.95,0,0,0,0,19-APR-2021,
OPTIDX,FINNIFTY,20-May-2021,13600,PE,0,0,0,200.85,160.85,0,0,0,0,19-APR-2021,
OPTIDX,FINNIFTY,20-May-2021,13700,PE,0,0,0,219.55,181.6,0,0,0,0,19-APR-2021,
OPTIDX,FINNIFTY,20-May-2021,13800,PE,0,0,0,239.45,204.2,0,0,0,0,19-APR-2021,
OPTIDX,FINNIFTY,20-May-2021,13900,PE,0,0,0,260.6,229.35,0,0,0,0,19-APR-2021,
OPTIDX,FINNIFTY,20-May-2021,14000,PE,0,0,0,283.1,255.9,0,0,0,0,19-APR-2021,
OPTIDX,FINNIFTY,20-May-2021,14100,PE,0,0,0,306.9,283.95,0,0,0,0,19-APR-2021,
OPTIDX,FINNIFTY,20-May-2021,14200,PE,0,0,0,332.65,314.95,0,0,0,0,19-APR-2021,
OPTIDX,FINNIFTY,20-May-2021,14300,PE,0,0,0,359.15,348.15,0,0,0,0,19-APR-2021,
OPTIDX,FINNIFTY,20-May-2021,14400,PE,0,0,0,387.15,383.65,0,0,0,0,19-APR-2021,
OPTIDX,FINNIFTY,20-May-2021,14500,PE,0,0,0,416.55,421.45,0,0,0,0,19-APR-2021,
OPTIDX,FINNIFTY,20-May-2021,14600,PE,0,0,0,446.9,461.6,0,0,0,0,19-APR-2021,
OPTIDX,FINNIFTY,20-May-2021,14700,PE,0,0,0,479.4,504.1,0,0,0,0,19-APR-2021,
OPTIDX,FINNIFTY,20-May-2021,14800,PE,0,0,0,513.45,548.95,0,0,0,0,19-APR-2021,
OPTIDX,FINNIFTY,20-May-2021,14900,PE,0,0,0,549.05,596.2,0,0,0,0,19-APR-2021,
OPTIDX,FINNIFTY,20-May-2021,15000,PE,0,0,0,586.2,645.8,0,0,0,0,19-APR-2021,
OPTIDX,FINNIFTY,20-May-2021,15100,PE,0,0,0,624.9,697.75,0,0,0,0,19-APR-2021,
OPTIDX,FINNIFTY,20-May-2021,15200,PE,0,0,0,665.2,752.05,0,0,0,0,19-APR-2021,
OPTIDX,FINNIFTY,20-May-2021,15300,PE,0,0,0,707.05,808.65,0,0,0,0,19-APR-2021,
OPTIDX,FINNIFTY,20-May-2021,15400,PE,0,0,0,750.5,867.55,0,0,0,0,19-APR-2021,
OPTIDX,FINNIFTY,20-May-2021,15500,PE,0,0,0,795.5,928.6,0,0,0,0,19-APR-2021,
OPTIDX,FINNIFTY,20-May-2021,15600,PE,0,0,0,842.1,991.85,0,0,0,0,19-APR-2021,
OPTIDX,FINNIFTY,20-May-2021,15700,PE,0,0,0,890.3,1057.25,0,0,0,0,19-APR-2021,
OPTIDX,FINNIFTY,20-May-2021,15800,PE,0,0,0,939.95,1124.65,0,0,0,0,19-APR-2021,
OPTIDX,FINNIFTY,20-May-2021,15900,PE,0,0,0,991.25,1194.05,0,0,0,0,19-APR-2021,
OPTIDX,FINNIFTY,20-May-2021,16000,PE,0,0,0,1044.1,1265.35,0,0,0,0,19-APR-2021,
OPTIDX,FINNIFTY,20-May-2021,16100,PE,0,0,0,1098.45,1338.55,0,0,0,0,19-APR-2021,
OPTIDX,FINNIFTY,20-May-2021,16200,PE,0,0,0,1154.35,1414.25,0,0,0,0,19-APR-2021,
OPTIDX,FINNIFTY,20-May-2021,16300,PE,0,0,0,1211.7,1491,0,0,0,0,19-APR-2021,
OPTIDX,FINNIFTY,20-May-2021,16400,PE,0,0,0,1270.55,1568.7,0,0,0,0,19-APR-2021,
OPTIDX,FINNIFTY,20-May-2021,16500,PE,0,0,0,1330.85,1648.5,0,0,0,0,19-APR-2021,
OPTIDX,FINNIFTY,20-May-2021,16600,PE,0,0,0,1392.55,1729.8,0,0,0,0,19-APR-2021,
OPTIDX,FINNIFTY,20-May-2021,16700,PE,0,0,0,1455.7,1812.45,0,0,0,0,19-APR-2021,
OPTIDX,FINNIFTY,20-May-2021,16800,PE,0,0,0,1520.2,1896.4,0,0,0,0,19-APR-2021,
OPTIDX,FINNIFTY,20-May-2021,16900,PE,0,0,0,1586.05,1981.6,0,0,0,0,19-APR-2021,
OPTIDX,FINNIFTY,20-May-2021,17000,PE,0,0,0,1653.2,2067.95,0,0,0,0,19-APR-2021,
OPTIDX,FINNIFTY,20-May-2021,17100,PE,0,0,0,1721.7,2155.4,0,0,0,0,19-APR-2021,
OPTIDX,FINNIFTY,20-May-2021,17200,PE,0,0,0,1791.4,2243.85,0,0,0,0,19-APR-2021,
OPTIDX,FINNIFTY,20-May-2021,17300,PE,0,0,0,1862.35,2333.25,0,0,0,0,19-APR-2021,
OPTIDX,FINNIFTY,20-May-2021,17400,PE,0,0,0,1934.5,2423.55,0,0,0,0,19-APR-2021,
OPTIDX,FINNIFTY,20-May-2021,17500,PE,0,0,0,2007.85,2514.7,0,0,0,0,19-APR-2021,
OPTIDX,FINNIFTY,20-May-2021,17600,PE,0,0,0,2083.1,2606.55,0,0,0,0,19-APR-2021,
OPTIDX,FINNIFTY,20-May-2021,17700,PE,0,0,0,2158.75,2699.15,0,0,0,0,19-APR-2021,
OPTIDX,FINNIFTY,20-May-2021,17800,PE,0,0,0,2235.45,2792.4,0,0,0,0,19-APR-2021,
OPTIDX,FINNIFTY,20-May-2021,17900,PE,0,0,0,2313.2,2886.25,0,0,0,0,19-APR-2021,
OPTIDX,FINNIFTY,20-May-2021,18000,PE,0,0,0,2391.3,2980.65,0,0,0,0,19-APR-2021,
OPTIDX,FINNIFTY,20-May-2021,18100,PE,0,0,0,2470.95,3075.55,0,0,0,0,19-APR-2021,
OPTIDX,FINNIFTY,20-May-2021,18200,PE,0,0,0,2551.5,3170.95,0,0,0,0,19-APR-2021,
OPTIDX,FINNIFTY,20-May-2021,18300,PE,0,0,0,2633,3266.75,0,0,0,0,19-APR-2021,
OPTIDX,FINNIFTY,20-May-2021,18400,PE,0,0,0,2715.3,3362.95,0,0,0,0,19-APR-2021,
OPTIDX,FINNIFTY,20-May-2021,18500,PE,0,0,0,2798.5,3459.5,0,0,0,0,19-APR-2021,
OPTIDX,FINNIFTY,20-May-2021,18600,PE,0,0,0,2882.45,3556.35,0,0,0,0,19-APR-2021,
OPTIDX,FINNIFTY,20-May-2021,18700,PE,0,0,0,2967.2,3653.55,0,0,0,0,19-APR-2021,
OPTIDX,FINNIFTY,20-May-2021,18800,PE,0,0,0,3052.7,3750.95,0,0,0,0,19-APR-2021,
OPTIDX,FINNIFTY,20-May-2021,18900,PE,0,0,0,3013.65,3848.65,0,0,0,0,19-APR-2021,
OPTIDX,FINNIFTY,20-May-2021,19000,PE,0,0,0,3100.05,3946.55,0,0,0,0,19-APR-2021,
OPTIDX,FINNIFTY,27-May-2021,11700,CE,0,0,0,3093.85,3365.2,0,0,0,0,19-APR-2021,
OPTIDX,FINNIFTY,27-May-2021,11800,CE,0,0,0,2999.3,3268.25,0,0,0,0,19-APR-2021,
OPTIDX,FINNIFTY,27-May-2021,11900,CE,0,0,0,2905.45,3171.8,0,0,0,0,19-APR-2021,
OPTIDX,FINNIFTY,27-May-2021,12000,CE,0,0,0,2812.35,3075.8,0,0,0,0,19-APR-2021,
OPTIDX,FINNIFTY,27-May-2021,12100,CE,0,0,0,2720.1,2980.4,0,0,0,0,19-APR-2021,
OPTIDX,FINNIFTY,27-May-2021,12200,CE,0,0,0,2628.7,2885.6,0,0,0,0,19-APR-2021,
OPTIDX,FINNIFTY,27-May-2021,12300,CE,0,0,0,2538.3,2791.5,0,0,0,0,19-APR-2021,
OPTIDX,FINNIFTY,27-May-2021,12400,CE,0,0,0,3112.75,2698.2,0,0,0,0,19-APR-2021,
OPTIDX,FINNIFTY,27-May-2021,12500,CE,0,0,0,3141.7,2605.7,0,0,0,0,19-APR-2021,
OPTIDX,FINNIFTY,27-May-2021,12600,CE,0,0,0,3176.1,2514.1,0,0,0,0,19-APR-2021,
OPTIDX,FINNIFTY,27-May-2021,12700,CE,0,0,0,3087.1,2423.55,0,0,0,0,19-APR-2021,
OPTIDX,FINNIFTY,27-May-2021,12800,CE,0,0,0,3251,2334,0,0,0,0,19-APR-2021,
OPTIDX,FINNIFTY,27-May-2021,12900,CE,0,0,0,3163.35,2245.6,0,0,0,0,19-APR-2021,
OPTIDX,FINNIFTY,27-May-2021,13000,CE,0,0,0,3198.2,2158.45,0,0,0,0,19-APR-2021,
OPTIDX,FINNIFTY,27-May-2021,13100,CE,0,0,0,3284.35,2072.65,0,0,0,0,19-APR-2021,
OPTIDX,FINNIFTY,27-May-2021,13200,CE,0,0,0,3200.85,1988.15,0,0,0,0,19-APR-2021,
OPTIDX,FINNIFTY,27-May-2021,13300,CE,0,0,0,3118.3,1905.15,0,0,0,0,19-APR-2021,
OPTIDX,FINNIFTY,27-May-2021,13400,CE,0,0,0,3036.7,1823.7,0,0,0,0,19-APR-2021,
OPTIDX,FINNIFTY,27-May-2021,13500,CE,0,0,0,2956.2,1743.85,0,0,0,0,19-APR-2021,
OPTIDX,FINNIFTY,27-May-2021,13600,CE,0,0,0,2876.7,1665.7,0,0,0,0,19-APR-2021,
OPTIDX,FINNIFTY,27-May-2021,13700,CE,0,0,0,2798.25,1589.3,0,0,0,0,19-APR-2021,
OPTIDX,FINNIFTY,27-May-2021,13800,CE,0,0,0,2720.95,1515.25,0,0,0,0,19-APR-2021,
OPTIDX,FINNIFTY,27-May-2021,13900,CE,0,0,0,3368.8,1442.4,0,0,0,0,19-APR-2021,
OPTIDX,FINNIFTY,27-May-2021,14000,CE,0,0,0,3286.85,1370.9,0,0,0,0,19-APR-2021,
OPTIDX,FINNIFTY,27-May-2021,14100,CE,0,0,0,3205.8,1302.15,0,0,0,0,19-APR-2021,
OPTIDX,FINNIFTY,27-May-2021,14200,CE,0,0,0,3125.75,1235.4,0,0,0,0,19-APR-2021,
OPTIDX,FINNIFTY,27-May-2021,14300,CE,0,0,0,3046.7,1170.7,0,0,0,0,19-APR-2021,
OPTIDX,FINNIFTY,27-May-2021,14400,CE,0,0,0,2968.65,1108.1,0,0,0,0,19-APR-2021,
OPTIDX,FINNIFTY,27-May-2021,14500,CE,0,0,0,2891.65,1047.6,0,0,0,0,19-APR-2021,
OPTIDX,FINNIFTY,27-May-2021,14600,CE,0,0,0,2815.7,989.25,0,0,0,0,19-APR-2021,
OPTIDX,FINNIFTY,27-May-2021,14700,CE,0,0,0,2740.85,933.05,0,0,0,0,19-APR-2021,
OPTIDX,FINNIFTY,27-May-2021,14800,CE,0,0,0,2667.6,879,0,0,0,0,19-APR-2021,
OPTIDX,FINNIFTY,27-May-2021,14900,CE,0,0,0,2594.9,827.05,0,0,0,0,19-APR-2021,
OPTIDX,FINNIFTY,27-May-2021,15000,CE,0,0,0,2523.3,777.25,0,0,0,0,19-APR-2021,
OPTIDX,FINNIFTY,27-May-2021,15100,CE,0,0,0,2452.85,729.6,0,0,0,0,19-APR-2021,
OPTIDX,FINNIFTY,27-May-2021,15200,CE,0,0,0,2383.6,684.05,0,0,0,0,19-APR-2021,
OPTIDX,FINNIFTY,27-May-2021,15300,CE,0,0,0,2315.5,640.55,0,0,0,0,19-APR-2021,
OPTIDX,FINNIFTY,27-May-2021,15400,CE,0,0,0,2248,599.15,0,0,0,0,19-APR-2021,
OPTIDX,FINNIFTY,27-May-2021,15500,CE,0,0,0,2182.4,559.75,0,0,0,0,19-APR-2021,
OPTIDX,FINNIFTY,27-May-2021,15600,CE,0,0,0,2118,522.3,0,0,0,0,19-APR-2021,
OPTIDX,FINNIFTY,27-May-2021,15700,CE,0,0,0,2054.85,486.75,0,0,0,0,19-APR-2021,
OPTIDX,FINNIFTY,27-May-2021,15800,CE,0,0,0,1992.9,453.15,0,0,0,0,19-APR-2021,
OPTIDX,FINNIFTY,27-May-2021,15900,CE,0,0,0,1932.15,421.35,0,0,0,0,19-APR-2021,
OPTIDX,FINNIFTY,27-May-2021,16000,CE,0,0,0,1872.65,391.3,0,0,0,0,19-APR-2021,
OPTIDX,FINNIFTY,27-May-2021,16100,CE,0,0,0,1814.4,363,0,0,0,0,19-APR-2021,
OPTIDX,FINNIFTY,27-May-2021,16200,CE,0,0,0,1757.4,336.3,0,0,0,0,19-APR-2021,
OPTIDX,FINNIFTY,27-May-2021,16300,CE,0,0,0,1701.6,312,0,0,0,0,19-APR-2021,
OPTIDX,FINNIFTY,27-May-2021,16400,CE,0,0,0,1647.05,288.6,0,0,0,0,19-APR-2021,
OPTIDX,FINNIFTY,27-May-2021,16500,CE,0,0,0,1593.75,266.05,0,0,0,0,19-APR-2021,
OPTIDX,FINNIFTY,27-May-2021,16600,CE,0,0,0,1541.65,245.45,0,0,0,0,19-APR-2021,
OPTIDX,FINNIFTY,27-May-2021,16700,CE,0,0,0,1490.8,226.15,0,0,0,0,19-APR-2021,
OPTIDX,FINNIFTY,27-May-2021,16800,CE,0,0,0,1441.1,208.15,0,0,0,0,19-APR-2021,
OPTIDX,FINNIFTY,27-May-2021,16900,CE,0,0,0,1392.65,191.4,0,0,0,0,19-APR-2021,
OPTIDX,FINNIFTY,27-May-2021,17000,CE,0,0,0,1345.45,175.75,0,0,0,0,19-APR-2021,
OPTIDX,FINNIFTY,27-May-2021,17100,CE,0,0,0,1299.4,161.25,0,0,0,0,19-APR-2021,
OPTIDX,FINNIFTY,27-May-2021,17200,CE,0,0,0,1254.55,147.75,0,0,0,0,19-APR-2021,
OPTIDX,FINNIFTY,27-May-2021,17300,CE,0,0,0,1210.85,135.25,0,0,0,0,19-APR-2021,
OPTIDX,FINNIFTY,27-May-2021,17400,CE,0,0,0,1168.35,123.7,0,0,0,0,19-APR-2021,
OPTIDX,FINNIFTY,27-May-2021,17500,CE,0,0,0,1126.95,113,0,0,0,0,19-APR-2021,
OPTIDX,FINNIFTY,27-May-2021,17600,CE,0,0,0,1086.7,103.1,0,0,0,0,19-APR-2021,
OPTIDX,FINNIFTY,27-May-2021,17700,CE,0,0,0,1047.6,94,0,0,0,0,19-APR-2021,
OPTIDX,FINNIFTY,27-May-2021,17800,CE,0,0,0,1009.6,85.6,0,0,0,0,19-APR-2021,
OPTIDX,FINNIFTY,27-May-2021,17900,CE,0,0,0,972.65,77.85,0,0,0,0,19-APR-2021,
OPTIDX,FINNIFTY,27-May-2021,18000,CE,0,0,0,936.8,70.75,0,0,0,0,19-APR-2021,
OPTIDX,FINNIFTY,27-May-2021,18100,CE,0,0,0,902,64.25,0,0,0,0,19-APR-2021,
OPTIDX,FINNIFTY,27-May-2021,18200,CE,0,0,0,868.25,58.25,0,0,0,0,19-APR-2021,
OPTIDX,FINNIFTY,27-May-2021,18300,CE,0,0,0,835.5,52.8,0,0,0,0,19-APR-2021,
OPTIDX,FINNIFTY,27-May-2021,18400,CE,0,0,0,803.8,47.8,0,0,0,0,19-APR-2021,
OPTIDX,FINNIFTY,27-May-2021,18500,CE,0,0,0,773.05,43.2,0,0,0,0,19-APR-2021,
OPTIDX,FINNIFTY,27-May-2021,18600,CE,0,0,0,743.25,39.05,0,0,0,0,19-APR-2021,
OPTIDX,FINNIFTY,27-May-2021,18700,CE,0,0,0,714.4,35.25,0,0,0,0,19-APR-2021,
OPTIDX,FINNIFTY,27-May-2021,18800,CE,0,0,0,686.5,31.8,0,0,0,0,19-APR-2021,
OPTIDX,FINNIFTY,27-May-2021,18900,CE,0,0,0,659.5,28.65,0,0,0,0,19-APR-2021,
OPTIDX,FINNIFTY,27-May-2021,19000,CE,0,0,0,633.4,25.75,0,0,0,0,19-APR-2021,
OPTIDX,FINNIFTY,27-May-2021,19100,CE,0,0,0,608.95,23.2,0,0,0,0,19-APR-2021,
OPTIDX,FINNIFTY,27-May-2021,19200,CE,0,0,0,584.65,20.85,0,0,0,0,19-APR-2021,
OPTIDX,FINNIFTY,27-May-2021,19300,CE,0,0,0,561.2,18.7,0,0,0,0,19-APR-2021,
OPTIDX,FINNIFTY,27-May-2021,19400,CE,0,0,0,538.5,16.75,0,0,0,0,19-APR-2021,
OPTIDX,FINNIFTY,27-May-2021,19500,CE,0,0,0,516.65,15.05,0,0,0,0,19-APR-2021,
OPTIDX,FINNIFTY,27-May-2021,19600,CE,0,0,0,495.5,13.45,0,0,0,0,19-APR-2021,
OPTIDX,FINNIFTY,27-May-2021,19700,CE,0,0,0,475.15,12.05,0,0,0,0,19-APR-2021,
OPTIDX,FINNIFTY,27-May-2021,19800,CE,0,0,0,454.85,10.75,0,0,0,0,19-APR-2021,
OPTIDX,FINNIFTY,27-May-2021,19900,CE,0,0,0,435.85,9.6,0,0,0,0,19-APR-2021,
OPTIDX,FINNIFTY,27-May-2021,11700,PE,0,0,0,29,13.05,0,0,0,0,19-APR-2021,
OPTIDX,FINNIFTY,27-May-2021,11800,PE,0,0,0,34,15.75,0,0,0,0,19-APR-2021,
OPTIDX,FINNIFTY,27-May-2021,11900,PE,0,0,0,39.7,18.85,0,0,0,0,19-APR-2021,
OPTIDX,FINNIFTY,27-May-2021,12000,PE,0,0,0,46.15,22.5,0,0,0,0,19-APR-2021,
OPTIDX,FINNIFTY,27-May-2021,12100,PE,0,0,0,53.45,26.7,0,0,0,0,19-APR-2021,
OPTIDX,FINNIFTY,27-May-2021,12200,PE,0,0,0,61.6,31.5,0,0,0,0,19-APR-2021,
OPTIDX,FINNIFTY,27-May-2021,12300,PE,0,0,0,70.7,37.05,0,0,0,0,19-APR-2021,
OPTIDX,FINNIFTY,27-May-2021,12400,PE,0,0,0,54.75,43.3,0,0,0,0,19-APR-2021,
OPTIDX,FINNIFTY,27-May-2021,12500,PE,0,0,0,86.3,50.45,0,0,0,0,19-APR-2021,
OPTIDX,FINNIFTY,27-May-2021,12600,PE,0,0,0,89.1,58.45,0,0,0,0,19-APR-2021,
OPTIDX,FINNIFTY,27-May-2021,12700,PE,0,0,0,99.4,67.5,0,0,0,0,19-APR-2021,
OPTIDX,FINNIFTY,27-May-2021,12800,PE,0,0,0,110.2,77.6,0,0,0,0,19-APR-2021,
OPTIDX,FINNIFTY,27-May-2021,12900,PE,0,0,0,121.8,88.8,0,0,0,0,19-APR-2021,
OPTIDX,FINNIFTY,27-May-2021,13000,PE,0,0,0,126.05,101.25,0,0,0,0,19-APR-2021,
OPTIDX,FINNIFTY,27-May-2021,13100,PE,0,0,0,181.5,115.05,0,0,0,0,19-APR-2021,
OPTIDX,FINNIFTY,27-May-2021,13200,PE,0,0,0,197.1,130.2,0,0,0,0,19-APR-2021,
OPTIDX,FINNIFTY,27-May-2021,13300,PE,0,0,0,213.65,146.8,0,0,0,0,19-APR-2021,
OPTIDX,FINNIFTY,27-May-2021,13400,PE,0,0,0,231.2,164.95,0,0,0,0,19-APR-2021,
OPTIDX,FINNIFTY,27-May-2021,13500,PE,0,0,0,249.75,184.7,0,0,0,0,19-APR-2021,
OPTIDX,FINNIFTY,27-May-2021,13600,PE,0,0,0,269.35,206.15,0,0,0,0,19-APR-2021,
OPTIDX,FINNIFTY,27-May-2021,13700,PE,0,0,0,290.05,229.35,0,0,0,0,19-APR-2021,
OPTIDX,FINNIFTY,27-May-2021,13800,PE,0,0,0,311.85,254.9,0,0,0,0,19-APR-2021,
OPTIDX,FINNIFTY,27-May-2021,13900,PE,0,0,0,220.15,281.7,0,0,0,0,19-APR-2021,
OPTIDX,FINNIFTY,27-May-2021,14000,PE,0,0,0,237.25,309.8,0,0,0,0,19-APR-2021,
OPTIDX,FINNIFTY,27-May-2021,14100,PE,0,0,0,255.3,340.65,0,0,0,0,19-APR-2021,
OPTIDX,FINNIFTY,27-May-2021,14200,PE,0,0,0,274.3,373.5,0,0,0,0,19-APR-2021,
OPTIDX,FINNIFTY,27-May-2021,14300,PE,0,0,0,294.35,408.4,0,0,0,0,19-APR-2021,
OPTIDX,FINNIFTY,27-May-2021,14400,PE,0,0,0,315.35,445.45,0,0,0,0,19-APR-2021,
OPTIDX,FINNIFTY,27-May-2021,14500,PE,0,0,0,337.4,484.55,0,0,0,0,19-APR-2021,
OPTIDX,FINNIFTY,27-May-2021,14600,PE,0,0,0,360.55,525.8,0,0,0,0,19-APR-2021,
OPTIDX,FINNIFTY,27-May-2021,14700,PE,0,0,0,384.75,569.2,0,0,0,0,19-APR-2021,
OPTIDX,FINNIFTY,27-May-2021,14800,PE,0,0,0,410.6,614.75,0,0,0,0,19-APR-2021,
OPTIDX,FINNIFTY,27-May-2021,14900,PE,0,0,0,436.95,662.45,0,0,0,0,19-APR-2021,
OPTIDX,FINNIFTY,27-May-2021,15000,PE,0,0,0,464.4,712.25,0,0,0,0,19-APR-2021,
OPTIDX,FINNIFTY,27-May-2021,15100,PE,0,0,0,493.05,764.2,0,0,0,0,19-APR-2021,
OPTIDX,FINNIFTY,27-May-2021,15200,PE,0,0,0,522.85,818.25,0,0,0,0,19-APR-2021,
OPTIDX,FINNIFTY,27-May-2021,15300,PE,0,0,0,553.85,874.4,0,0,0,0,19-APR-2021,
OPTIDX,FINNIFTY,27-May-2021,15400,PE,0,0,0,585.4,932.6,0,0,0,0,19-APR-2021,
OPTIDX,FINNIFTY,27-May-2021,15500,PE,0,0,0,618.85,992.8,0,0,0,0,19-APR-2021,
OPTIDX,FINNIFTY,27-May-2021,15600,PE,0,0,0,653.55,1054.95,0,0,0,0,19-APR-2021,
OPTIDX,FINNIFTY,27-May-2021,15700,PE,0,0,0,689.45,1119.05,0,0,0,0,19-APR-2021,
OPTIDX,FINNIFTY,27-May-2021,15800,PE,0,0,0,726.55,1185,0,0,0,0,19-APR-2021,
OPTIDX,FINNIFTY,27-May-2021,15900,PE,0,0,0,764.9,1252.8,0,0,0,0,19-APR-2021,
OPTIDX,FINNIFTY,27-May-2021,16000,PE,0,0,0,804.45,1322.4,0,0,0,0,19-APR-2021,
OPTIDX,FINNIFTY,27-May-2021,16100,PE,0,0,0,845.3,1393.7,0,0,0,0,19-APR-2021,
OPTIDX,FINNIFTY,27-May-2021,16200,PE,0,0,0,887.35,1466.65,0,0,0,0,19-APR-2021,
OPTIDX,FINNIFTY,27-May-2021,16300,PE,0,0,0,930.65,1541.95,0,0,0,0,19-APR-2021,
OPTIDX,FINNIFTY,27-May-2021,16400,PE,0,0,0,975.15,1618.15,0,0,0,0,19-APR-2021,
OPTIDX,FINNIFTY,27-May-2021,16500,PE,0,0,0,1020.9,1695.2,0,0,0,0,19-APR-2021,
OPTIDX,FINNIFTY,27-May-2021,16600,PE,0,0,0,1067.9,1774.2,0,0,0,0,19-APR-2021,
OPTIDX,FINNIFTY,27-May-2021,16700,PE,0,0,0,1116.1,1854.55,0,0,0,0,19-APR-2021,
OPTIDX,FINNIFTY,27-May-2021,16800,PE,0,0,0,1165.45,1936.15,0,0,0,0,19-APR-2021,
OPTIDX,FINNIFTY,27-May-2021,16900,PE,0,0,0,1216.1,2019,0,0,0,0,19-APR-2021,
OPTIDX,FINNIFTY,27-May-2021,17000,PE,0,0,0,1267.95,2103,0,0,0,0,19-APR-2021,
OPTIDX,FINNIFTY,27-May-2021,17100,PE,0,0,0,1320.95,2188.05,0,0,0,0,19-APR-2021,
OPTIDX,FINNIFTY,27-May-2021,17200,PE,0,0,0,1375.2,2274.2,0,0,0,0,19-APR-2021,
OPTIDX,FINNIFTY,27-May-2021,17300,PE,0,0,0,1430.55,2361.3,0,0,0,0,19-APR-2021,
OPTIDX,FINNIFTY,27-May-2021,17400,PE,0,0,0,1487.1,2449.35,0,0,0,0,19-APR-2021,
OPTIDX,FINNIFTY,27-May-2021,17500,PE,0,0,0,1544.8,2538.25,0,0,0,0,19-APR-2021,
OPTIDX,FINNIFTY,27-May-2021,17600,PE,0,0,0,1603.65,2628,0,0,0,0,19-APR-2021,
OPTIDX,FINNIFTY,27-May-2021,17700,PE,0,0,0,1663.6,2718.45,0,0,0,0,19-APR-2021,
OPTIDX,FINNIFTY,27-May-2021,17800,PE,0,0,0,1724.65,2809.7,0,0,0,0,19-APR-2021,
OPTIDX,FINNIFTY,27-May-2021,17900,PE,0,0,0,1786.8,2901.55,0,0,0,0,19-APR-2021,
OPTIDX,FINNIFTY,27-May-2021,18000,PE,0,0,0,1850,2994.05,0,0,0,0,19-APR-2021,
OPTIDX,FINNIFTY,27-May-2021,18100,PE,0,0,0,1914.3,3087.15,0,0,0,0,19-APR-2021,
OPTIDX,FINNIFTY,27-May-2021,18200,PE,0,0,0,1979.6,3180.8,0,0,0,0,19-APR-2021,
OPTIDX,FINNIFTY,27-May-2021,18300,PE,0,0,0,2045.9,3274.95,0,0,0,0,19-APR-2021,
OPTIDX,FINNIFTY,27-May-2021,18400,PE,0,0,0,2113.25,3369.55,0,0,0,0,19-APR-2021,
OPTIDX,FINNIFTY,27-May-2021,18500,PE,0,0,0,2181.6,3464.55,0,0,0,0,19-APR-2021,
OPTIDX,FINNIFTY,27-May-2021,18600,PE,0,0,0,2250.85,3560,0,0,0,0,19-APR-2021,
OPTIDX,FINNIFTY,27-May-2021,18700,PE,0,0,0,2321.1,3655.8,0,0,0,0,19-APR-2021,
OPTIDX,FINNIFTY,27-May-2021,18800,PE,0,0,0,2392.25,3751.95,0,0,0,0,19-APR-2021,
OPTIDX,FINNIFTY,27-May-2021,18900,PE,0,0,0,2464.35,3848.45,0,0,0,0,19-APR-2021,
OPTIDX,FINNIFTY,27-May-2021,19000,PE,0,0,0,2537.3,3945.2,0,0,0,0,19-APR-2021,
OPTIDX,FINNIFTY,27-May-2021,19100,PE,0,0,0,2611.95,4042.2,0,0,0,0,19-APR-2021,
OPTIDX,FINNIFTY,27-May-2021,19200,PE,0,0,0,2686.7,4139.45,0,0,0,0,19-APR-2021,
OPTIDX,FINNIFTY,27-May-2021,19300,PE,0,0,0,2762.25,4236.95,0,0,0,0,19-APR-2021,
OPTIDX,FINNIFTY,27-May-2021,19400,PE,0,0,0,2838.7,4334.65,0,0,0,0,19-APR-2021,
OPTIDX,FINNIFTY,27-May-2021,19500,PE,0,0,0,2915.85,4432.5,0,0,0,0,19-APR-2021,
OPTIDX,FINNIFTY,27-May-2021,19600,PE,0,0,0,2993.85,4530.55,0,0,0,0,19-APR-2021,
OPTIDX,FINNIFTY,27-May-2021,19700,PE,0,0,0,3072.55,4628.75,0,0,0,0,19-APR-2021,
OPTIDX,FINNIFTY,27-May-2021,19800,PE,0,0,0,3151.3,4727.05,0,0,0,0,19-APR-2021,
OPTIDX,FINNIFTY,27-May-2021,19900,PE,0,0,0,3231.35,4825.55,0,0,0,0,19-APR-2021,
OPTIDX,FINNIFTY,03-Jun-2021,11700,CE,0,0,0,3114.5,3382.1,0,0,0,0,19-APR-2021,
OPTIDX,FINNIFTY,03-Jun-2021,11800,CE,0,0,0,3021.4,3286.4,0,0,0,0,19-APR-2021,
OPTIDX,FINNIFTY,03-Jun-2021,11900,CE,0,0,0,2929.05,3191.25,0,0,0,0,19-APR-2021,
OPTIDX,FINNIFTY,03-Jun-2021,12000,CE,0,0,0,2837.55,3096.75,0,0,0,0,19-APR-2021,
OPTIDX,FINNIFTY,03-Jun-2021,12100,CE,0,0,0,2746.9,3002.85,0,0,0,0,19-APR-2021,
OPTIDX,FINNIFTY,03-Jun-2021,12200,CE,0,0,0,2657.25,2909.7,0,0,0,0,19-APR-2021,
OPTIDX,FINNIFTY,03-Jun-2021,12300,CE,0,0,0,2568.55,2817.35,0,0,0,0,19-APR-2021,
OPTIDX,FINNIFTY,03-Jun-2021,12400,CE,0,0,0,3138.15,2725.85,0,0,0,0,19-APR-2021,
OPTIDX,FINNIFTY,03-Jun-2021,12500,CE,0,0,0,3047.8,2635.25,0,0,0,0,19-APR-2021,
OPTIDX,FINNIFTY,03-Jun-2021,12600,CE,0,0,0,2958.3,2545.65,0,0,0,0,19-APR-2021,
OPTIDX,FINNIFTY,03-Jun-2021,12700,CE,0,0,0,2869.7,2457.15,0,0,0,0,19-APR-2021,
OPTIDX,FINNIFTY,03-Jun-2021,12800,CE,0,0,0,2782.1,2369.7,0,0,0,0,19-APR-2021,
OPTIDX,FINNIFTY,03-Jun-2021,12900,CE,0,0,0,3172.7,2283.5,0,0,0,0,19-APR-2021,
OPTIDX,FINNIFTY,03-Jun-2021,13000,CE,0,0,0,3083.3,2198.55,0,0,0,0,19-APR-2021,
OPTIDX,FINNIFTY,03-Jun-2021,13100,CE,0,0,0,2994.75,2114.9,0,0,0,0,19-APR-2021,
OPTIDX,FINNIFTY,03-Jun-2021,13200,CE,0,0,0,2907.1,2032.65,0,0,0,0,19-APR-2021,
OPTIDX,FINNIFTY,03-Jun-2021,13300,CE,0,0,0,2820.45,1951.9,0,0,0,0,19-APR-2021,
OPTIDX,FINNIFTY,03-Jun-2021,13400,CE,0,0,0,2734.85,1872.6,0,0,0,0,19-APR-2021,
OPTIDX,FINNIFTY,03-Jun-2021,13500,CE,0,0,0,2650.35,1794.95,0,0,0,0,19-APR-2021,
OPTIDX,FINNIFTY,03-Jun-2021,13600,CE,0,0,0,2566.9,1718.9,0,0,0,0,19-APR-2021,
OPTIDX,FINNIFTY,03-Jun-2021,13700,CE,0,0,0,2484.7,1645.05,0,0,0,0,19-APR-2021,
OPTIDX,FINNIFTY,03-Jun-2021,13800,CE,0,0,0,2403.65,1572.35,0,0,0,0,19-APR-2021,
OPTIDX,FINNIFTY,03-Jun-2021,13900,CE,0,0,0,2323.85,1501.4,0,0,0,0,19-APR-2021,
OPTIDX,FINNIFTY,03-Jun-2021,14000,CE,0,0,0,2245.4,1431.8,0,0,0,0,19-APR-2021,
OPTIDX,FINNIFTY,03-Jun-2021,14100,CE,0,0,0,2168.25,1364.7,0,0,0,0,19-APR-2021,
OPTIDX,FINNIFTY,03-Jun-2021,14200,CE,0,0,0,2092.45,1299.45,0,0,0,0,19-APR-2021,
OPTIDX,FINNIFTY,03-Jun-2021,14300,CE,0,0,0,2018.65,1236.2,0,0,0,0,19-APR-2021,
OPTIDX,FINNIFTY,03-Jun-2021,14400,CE,0,0,0,1945.6,1174.85,0,0,0,0,19-APR-2021,
OPTIDX,FINNIFTY,03-Jun-2021,14500,CE,0,0,0,1874.05,1115.45,0,0,0,0,19-APR-2021,
OPTIDX,FINNIFTY,03-Jun-2021,14600,CE,0,0,0,1804.05,1058,0,0,0,0,19-APR-2021,
OPTIDX,FINNIFTY,03-Jun-2021,14700,CE,0,0,0,1734.95,1002.55,0,0,0,0,19-APR-2021,
OPTIDX,FINNIFTY,03-Jun-2021,14800,CE,0,0,0,1668.1,949.1,0,0,0,0,19-APR-2021,
OPTIDX,FINNIFTY,03-Jun-2021,14900,CE,0,0,0,1602.85,897.6,0,0,0,0,19-APR-2021,
OPTIDX,FINNIFTY,03-Jun-2021,15000,CE,0,0,0,1539.15,848,0,0,0,0,19-APR-2021,
OPTIDX,FINNIFTY,03-Jun-2021,15100,CE,0,0,0,1477.05,800.4,0,0,0,0,19-APR-2021,
OPTIDX,FINNIFTY,03-Jun-2021,15200,CE,0,0,0,1416.55,754.75,0,0,0,0,19-APR-2021,
OPTIDX,FINNIFTY,03-Jun-2021,15300,CE,0,0,0,1357.7,711,0,0,0,0,19-APR-2021,
OPTIDX,FINNIFTY,03-Jun-2021,15400,CE,0,0,0,1300.45,669.15,0,0,0,0,19-APR-2021,
OPTIDX,FINNIFTY,03-Jun-2021,15500,CE,0,0,0,1244.85,629.15,0,0,0,0,19-APR-2021,
OPTIDX,FINNIFTY,03-Jun-2021,15600,CE,0,0,0,1190.9,590.95,0,0,0,0,19-APR-2021,
OPTIDX,FINNIFTY,03-Jun-2021,15700,CE,0,0,0,1138.55,554.55,0,0,0,0,19-APR-2021,
OPTIDX,FINNIFTY,03-Jun-2021,15800,CE,0,0,0,1087.8,519.9,0,0,0,0,19-APR-2021,
OPTIDX,FINNIFTY,03-Jun-2021,15900,CE,0,0,0,1038.65,486.95,0,0,0,0,19-APR-2021,
OPTIDX,FINNIFTY,03-Jun-2021,16000,CE,0,0,0,991.1,455.65,0,0,0,0,19-APR-2021,
OPTIDX,FINNIFTY,03-Jun-2021,16100,CE,0,0,0,945.15,425.95,0,0,0,0,19-APR-2021,
OPTIDX,FINNIFTY,03-Jun-2021,16200,CE,0,0,0,900.8,397.8,0,0,0,0,19-APR-2021,
OPTIDX,FINNIFTY,03-Jun-2021,16300,CE,0,0,0,858,371.2,0,0,0,0,19-APR-2021,
OPTIDX,FINNIFTY,03-Jun-2021,16400,CE,0,0,0,816.7,346.75,0,0,0,0,19-APR-2021,
OPTIDX,FINNIFTY,03-Jun-2021,16500,CE,0,0,0,776.95,323.1,0,0,0,0,19-APR-2021,
OPTIDX,FINNIFTY,03-Jun-2021,16600,CE,0,0,0,738.65,300.85,0,0,0,0,19-APR-2021,
OPTIDX,FINNIFTY,03-Jun-2021,16700,CE,0,0,0,701.85,279.2,0,0,0,0,19-APR-2021,
OPTIDX,FINNIFTY,03-Jun-2021,16800,CE,0,0,0,666.45,259.35,0,0,0,0,19-APR-2021,
OPTIDX,FINNIFTY,03-Jun-2021,16900,CE,0,0,0,632.45,240.7,0,0,0,0,19-APR-2021,
OPTIDX,FINNIFTY,03-Jun-2021,17000,CE,0,0,0,599.85,223.2,0,0,0,0,19-APR-2021,
OPTIDX,FINNIFTY,03-Jun-2021,17100,CE,0,0,0,568.6,206.8,0,0,0,0,19-APR-2021,
OPTIDX,FINNIFTY,03-Jun-2021,17200,CE,0,0,0,538.65,191.45,0,0,0,0,19-APR-2021,
OPTIDX,FINNIFTY,03-Jun-2021,17300,CE,0,0,0,510,177.05,0,0,0,0,19-APR-2021,
OPTIDX,FINNIFTY,03-Jun-2021,17400,CE,0,0,0,482.55,163.65,0,0,0,0,19-APR-2021,
OPTIDX,FINNIFTY,03-Jun-2021,17500,CE,0,0,0,456.35,151.1,0,0,0,0,19-APR-2021,
OPTIDX,FINNIFTY,03-Jun-2021,17600,CE,0,0,0,432.1,139.35,0,0,0,0,19-APR-2021,
OPTIDX,FINNIFTY,03-Jun-2021,17700,CE,0,0,0,408.3,128.45,0,0,0,0,19-APR-2021,
OPTIDX,FINNIFTY,03-Jun-2021,17800,CE,0,0,0,385.6,118.3,0,0,0,0,19-APR-2021,
OPTIDX,FINNIFTY,03-Jun-2021,17900,CE,0,0,0,364,108.9,0,0,0,0,19-APR-2021,
OPTIDX,FINNIFTY,03-Jun-2021,18000,CE,0,0,0,342.75,100.1,0,0,0,0,19-APR-2021,
OPTIDX,FINNIFTY,03-Jun-2021,18100,CE,0,0,0,323.1,91.95,0,0,0,0,19-APR-2021,
OPTIDX,FINNIFTY,03-Jun-2021,18200,CE,0,0,0,304.4,84.45,0,0,0,0,19-APR-2021,
OPTIDX,FINNIFTY,03-Jun-2021,18300,CE,0,0,0,286.6,77.45,0,0,0,0,19-APR-2021,
OPTIDX,FINNIFTY,03-Jun-2021,18400,CE,0,0,0,269.75,71,0,0,0,0,19-APR-2021,
OPTIDX,FINNIFTY,03-Jun-2021,18500,CE,0,0,0,253.7,65,0,0,0,0,19-APR-2021,
OPTIDX,FINNIFTY,03-Jun-2021,18600,CE,0,0,0,238.5,59.5,0,0,0,0,19-APR-2021,
OPTIDX,FINNIFTY,03-Jun-2021,18700,CE,0,0,0,224.1,54.4,0,0,0,0,19-APR-2021,
OPTIDX,FINNIFTY,03-Jun-2021,18800,CE,0,0,0,210.5,49.7,0,0,0,0,19-APR-2021,
OPTIDX,FINNIFTY,03-Jun-2021,18900,CE,0,0,0,197.6,45.4,0,0,0,0,19-APR-2021,
OPTIDX,FINNIFTY,03-Jun-2021,11700,PE,0,0,0,41.35,21.6,0,0,0,0,19-APR-2021,
OPTIDX,FINNIFTY,03-Jun-2021,11800,PE,0,0,0,47.7,25.45,0,0,0,0,19-APR-2021,
OPTIDX,FINNIFTY,03-Jun-2021,11900,PE,0,0,0,54.8,29.85,0,0,0,0,19-APR-2021,
OPTIDX,FINNIFTY,03-Jun-2021,12000,PE,0,0,0,62.75,34.85,0,0,0,0,19-APR-2021,
OPTIDX,FINNIFTY,03-Jun-2021,12100,PE,0,0,0,71.6,40.5,0,0,0,0,19-APR-2021,
OPTIDX,FINNIFTY,03-Jun-2021,12200,PE,0,0,0,81.4,46.9,0,0,0,0,19-APR-2021,
OPTIDX,FINNIFTY,03-Jun-2021,12300,PE,0,0,0,92.2,54.05,0,0,0,0,19-APR-2021,
OPTIDX,FINNIFTY,03-Jun-2021,12400,PE,0,0,0,71.35,62.1,0,0,0,0,19-APR-2021,
OPTIDX,FINNIFTY,03-Jun-2021,12500,PE,0,0,0,80.35,71.05,0,0,0,0,19-APR-2021,
OPTIDX,FINNIFTY,03-Jun-2021,12600,PE,0,0,0,90.25,81,0,0,0,0,19-APR-2021,
OPTIDX,FINNIFTY,03-Jun-2021,12700,PE,0,0,0,101.05,92,0,0,0,0,19-APR-2021,
OPTIDX,FINNIFTY,03-Jun-2021,12800,PE,0,0,0,112.85,104.1,0,0,0,0,19-APR-2021,
OPTIDX,FINNIFTY,03-Jun-2021,12900,PE,0,0,0,84.4,117.45,0,0,0,0,19-APR-2021,
OPTIDX,FINNIFTY,03-Jun-2021,13000,PE,0,0,0,94.35,132,0,0,0,0,19-APR-2021,
OPTIDX,FINNIFTY,03-Jun-2021,13100,PE,0,0,0,105.2,147.9,0,0,0,0,19-APR-2021,
OPTIDX,FINNIFTY,03-Jun-2021,13200,PE,0,0,0,116.95,165.2,0,0,0,0,19-APR-2021,
OPTIDX,FINNIFTY,03-Jun-2021,13300,PE,0,0,0,129.7,184,0,0,0,0,19-APR-2021,
OPTIDX,FINNIFTY,03-Jun-2021,13400,PE,0,0,0,143.5,204.25,0,0,0,0,19-APR-2021,
OPTIDX,FINNIFTY,03-Jun-2021,13500,PE,0,0,0,158.35,226.1,0,0,0,0,19-APR-2021,
OPTIDX,FINNIFTY,03-Jun-2021,13600,PE,0,0,0,174.3,249.6,0,0,0,0,19-APR-2021,
OPTIDX,FINNIFTY,03-Jun-2021,13700,PE,0,0,0,191.45,275.3,0,0,0,0,19-APR-2021,
OPTIDX,FINNIFTY,03-Jun-2021,13800,PE,0,0,0,209.8,302.15,0,0,0,0,19-APR-2021,
OPTIDX,FINNIFTY,03-Jun-2021,13900,PE,0,0,0,229.4,330.75,0,0,0,0,19-APR-2021,
OPTIDX,FINNIFTY,03-Jun-2021,14000,PE,0,0,0,250.35,360.7,0,0,0,0,19-APR-2021,
OPTIDX,FINNIFTY,03-Jun-2021,14100,PE,0,0,0,272.55,393.1,0,0,0,0,19-APR-2021,
OPTIDX,FINNIFTY,03-Jun-2021,14200,PE,0,0,0,296.15,427.45,0,0,0,0,19-APR-2021,
OPTIDX,FINNIFTY,03-Jun-2021,14300,PE,0,0,0,321.75,463.65,0,0,0,0,19-APR-2021,
OPTIDX,FINNIFTY,03-Jun-2021,14400,PE,0,0,0,348.1,501.85,0,0,0,0,19-APR-2021,
OPTIDX,FINNIFTY,03-Jun-2021,14500,PE,0,0,0,375.95,542,0,0,0,0,19-APR-2021,
OPTIDX,FINNIFTY,03-Jun-2021,14600,PE,0,0,0,405.3,584.1,0,0,0,0,19-APR-2021,
OPTIDX,FINNIFTY,03-Jun-2021,14700,PE,0,0,0,435.6,628.2,0,0,0,0,19-APR-2021,
OPTIDX,FINNIFTY,03-Jun-2021,14800,PE,0,0,0,468.15,674.3,0,0,0,0,19-APR-2021,
OPTIDX,FINNIFTY,03-Jun-2021,14900,PE,0,0,0,502.25,722.3,0,0,0,0,19-APR-2021,
OPTIDX,FINNIFTY,03-Jun-2021,15000,PE,0,0,0,537.95,772.25,0,0,0,0,19-APR-2021,
OPTIDX,FINNIFTY,03-Jun-2021,15100,PE,0,0,0,575.25,824.2,0,0,0,0,19-APR-2021,
OPTIDX,FINNIFTY,03-Jun-2021,15200,PE,0,0,0,614.15,878.1,0,0,0,0,19-APR-2021,
OPTIDX,FINNIFTY,03-Jun-2021,15300,PE,0,0,0,654.7,933.9,0,0,0,0,19-APR-2021,
OPTIDX,FINNIFTY,03-Jun-2021,15400,PE,0,0,0,696.85,991.6,0,0,0,0,19-APR-2021,
OPTIDX,FINNIFTY,03-Jun-2021,15500,PE,0,0,0,740.6,1051.1,0,0,0,0,19-APR-2021,
OPTIDX,FINNIFTY,03-Jun-2021,15600,PE,0,0,0,786.05,1112.45,0,0,0,0,19-APR-2021,
OPTIDX,FINNIFTY,03-Jun-2021,15700,PE,0,0,0,833.05,1175.6,0,0,0,0,19-APR-2021,
OPTIDX,FINNIFTY,03-Jun-2021,15800,PE,0,0,0,881.7,1240.45,0,0,0,0,19-APR-2021,
OPTIDX,FINNIFTY,03-Jun-2021,15900,PE,0,0,0,931.95,1307.05,0,0,0,0,19-APR-2021,
OPTIDX,FINNIFTY,03-Jun-2021,16000,PE,0,0,0,983.8,1375.3,0,0,0,0,19-APR-2021,
OPTIDX,FINNIFTY,03-Jun-2021,16100,PE,0,0,0,1037.25,1445.15,0,0,0,0,19-APR-2021,
OPTIDX,FINNIFTY,03-Jun-2021,16200,PE,0,0,0,1092.25,1516.55,0,0,0,0,19-APR-2021,
OPTIDX,FINNIFTY,03-Jun-2021,16300,PE,0,0,0,1148.85,1589.45,0,0,0,0,19-APR-2021,
OPTIDX,FINNIFTY,03-Jun-2021,16400,PE,0,0,0,1206.95,1664.55,0,0,0,0,19-APR-2021,
OPTIDX,FINNIFTY,03-Jun-2021,16500,PE,0,0,0,1266.55,1740.45,0,0,0,0,19-APR-2021,
OPTIDX,FINNIFTY,03-Jun-2021,16600,PE,0,0,0,1327.65,1817.7,0,0,0,0,19-APR-2021,
OPTIDX,FINNIFTY,03-Jun-2021,16700,PE,0,0,0,1390.25,1895.6,0,0,0,0,19-APR-2021,
OPTIDX,FINNIFTY,03-Jun-2021,16800,PE,0,0,0,1454.25,1975.3,0,0,0,0,19-APR-2021,
OPTIDX,FINNIFTY,03-Jun-2021,16900,PE,0,0,0,1519.65,2056.2,0,0,0,0,19-APR-2021,
OPTIDX,FINNIFTY,03-Jun-2021,17000,PE,0,0,0,1586.4,2138.25,0,0,0,0,19-APR-2021,
OPTIDX,FINNIFTY,03-Jun-2021,17100,PE,0,0,0,1654.55,2221.4,0,0,0,0,19-APR-2021,
OPTIDX,FINNIFTY,03-Jun-2021,17200,PE,0,0,0,1724,2305.55,0,0,0,0,19-APR-2021,
OPTIDX,FINNIFTY,03-Jun-2021,17300,PE,0,0,0,1794.7,2390.7,0,0,0,0,19-APR-2021,
OPTIDX,FINNIFTY,03-Jun-2021,17400,PE,0,0,0,1866.65,2476.8,0,0,0,0,19-APR-2021,
OPTIDX,FINNIFTY,03-Jun-2021,17500,PE,0,0,0,1939.85,2563.8,0,0,0,0,19-APR-2021,
OPTIDX,FINNIFTY,03-Jun-2021,17600,PE,0,0,0,2014.95,2651.65,0,0,0,0,19-APR-2021,
OPTIDX,FINNIFTY,03-Jun-2021,17700,PE,0,0,0,2090.55,2740.25,0,0,0,0,19-APR-2021,
OPTIDX,FINNIFTY,03-Jun-2021,17800,PE,0,0,0,2167.25,2829.65,0,0,0,0,19-APR-2021,
OPTIDX,FINNIFTY,03-Jun-2021,17900,PE,0,0,0,2245.05,2919.75,0,0,0,0,19-APR-2021,
OPTIDX,FINNIFTY,03-Jun-2021,18000,PE,0,0,0,2323.15,3010.55,0,0,0,0,19-APR-2021,
OPTIDX,FINNIFTY,03-Jun-2021,18100,PE,0,0,0,2402.9,3101.95,0,0,0,0,19-APR-2021,
OPTIDX,FINNIFTY,03-Jun-2021,18200,PE,0,0,0,2483.6,3193.95,0,0,0,0,19-APR-2021,
OPTIDX,FINNIFTY,03-Jun-2021,18300,PE,0,0,0,2565.2,3286.5,0,0,0,0,19-APR-2021,
OPTIDX,FINNIFTY,03-Jun-2021,18400,PE,0,0,0,2647.7,3379.55,0,0,0,0,19-APR-2021,
OPTIDX,FINNIFTY,03-Jun-2021,18500,PE,0,0,0,2731.1,3473.15,0,0,0,0,19-APR-2021,
OPTIDX,FINNIFTY,03-Jun-2021,18600,PE,0,0,0,2815.25,3567.15,0,0,0,0,19-APR-2021,
OPTIDX,FINNIFTY,03-Jun-2021,18700,PE,0,0,0,2900.25,3661.6,0,0,0,0,19-APR-2021,
OPTIDX,FINNIFTY,03-Jun-2021,18800,PE,0,0,0,2986,3756.45,0,0,0,0,19-APR-2021,
OPTIDX,FINNIFTY,03-Jun-2021,18900,PE,0,0,0,3072.5,3851.65,0,0,0,0,19-APR-2021,
OPTIDX,FINNIFTY,10-Jun-2021,11700,CE,0,0,0,3136.45,3400.7,0,0,0,0,19-APR-2021,
OPTIDX,FINNIFTY,10-Jun-2021,11800,CE,0,0,0,3044.7,3306.25,0,0,0,0,19-APR-2021,
OPTIDX,FINNIFTY,10-Jun-2021,11900,CE,0,0,0,2953.8,3212.45,0,0,0,0,19-APR-2021,
OPTIDX,FINNIFTY,10-Jun-2021,12000,CE,0,0,0,2863.8,3119.35,0,0,0,0,19-APR-2021,
OPTIDX,FINNIFTY,10-Jun-2021,12100,CE,0,0,0,2774.7,3027,0,0,0,0,19-APR-2021,
OPTIDX,FINNIFTY,10-Jun-2021,12200,CE,0,0,0,2686.6,2935.4,0,0,0,0,19-APR-2021,
OPTIDX,FINNIFTY,10-Jun-2021,12300,CE,0,0,0,2599.55,2844.7,0,0,0,0,19-APR-2021,
OPTIDX,FINNIFTY,10-Jun-2021,12400,CE,0,0,0,3160.25,2754.9,0,0,0,0,19-APR-2021,
OPTIDX,FINNIFTY,10-Jun-2021,12500,CE,0,0,0,3186.8,2666.05,0,0,0,0,19-APR-2021,
OPTIDX,FINNIFTY,10-Jun-2021,12600,CE,0,0,0,3097.15,2578.25,0,0,0,0,19-APR-2021,
OPTIDX,FINNIFTY,10-Jun-2021,12700,CE,0,0,0,3008.4,2491.55,0,0,0,0,19-APR-2021,
OPTIDX,FINNIFTY,10-Jun-2021,12800,CE,0,0,0,2920.6,2406.05,0,0,0,0,19-APR-2021,
OPTIDX,FINNIFTY,10-Jun-2021,12900,CE,0,0,0,2833.75,2321.7,0,0,0,0,19-APR-2021,
OPTIDX,FINNIFTY,10-Jun-2021,13000,CE,0,0,0,2747.9,2238.65,0,0,0,0,19-APR-2021,
OPTIDX,FINNIFTY,10-Jun-2021,13100,CE,0,0,0,2663.15,2156.95,0,0,0,0,19-APR-2021,
OPTIDX,FINNIFTY,10-Jun-2021,13200,CE,0,0,0,2579.5,2076.65,0,0,0,0,19-APR-2021,
OPTIDX,FINNIFTY,10-Jun-2021,13300,CE,0,0,0,2497,1997.75,0,0,0,0,19-APR-2021,
OPTIDX,FINNIFTY,10-Jun-2021,13400,CE,0,0,0,2415.75,1920.35,0,0,0,0,19-APR-2021,
OPTIDX,FINNIFTY,10-Jun-2021,13500,CE,0,0,0,2335.75,1844.5,0,0,0,0,19-APR-2021,
OPTIDX,FINNIFTY,10-Jun-2021,13600,CE,0,0,0,2257,1770.7,0,0,0,0,19-APR-2021,
OPTIDX,FINNIFTY,10-Jun-2021,13700,CE,0,0,0,2179.6,1697.95,0,0,0,0,19-APR-2021,
OPTIDX,FINNIFTY,10-Jun-2021,13800,CE,0,0,0,2103.6,1626.9,0,0,0,0,19-APR-2021,
OPTIDX,FINNIFTY,10-Jun-2021,13900,CE,0,0,0,2029.5,1557,0,0,0,0,19-APR-2021,
OPTIDX,FINNIFTY,10-Jun-2021,14000,CE,0,0,0,1956.25,1489.45,0,0,0,0,19-APR-2021,
OPTIDX,FINNIFTY,10-Jun-2021,14100,CE,0,0,0,1884.45,1423.7,0,0,0,0,19-APR-2021,
OPTIDX,FINNIFTY,10-Jun-2021,14200,CE,0,0,0,1814.15,1359.75,0,0,0,0,19-APR-2021,
OPTIDX,FINNIFTY,10-Jun-2021,14300,CE,0,0,0,1744.85,1297.6,0,0,0,0,19-APR-2021,
OPTIDX,FINNIFTY,10-Jun-2021,14400,CE,0,0,0,1677.75,1237.25,0,0,0,0,19-APR-2021,
OPTIDX,FINNIFTY,10-Jun-2021,14500,CE,0,0,0,1612.2,1178.75,0,0,0,0,19-APR-2021,
OPTIDX,FINNIFTY,10-Jun-2021,14600,CE,0,0,0,1548.3,1122.1,0,0,0,0,19-APR-2021,
OPTIDX,FINNIFTY,10-Jun-2021,14700,CE,0,0,0,1485.95,1067.25,0,0,0,0,19-APR-2021,
OPTIDX,FINNIFTY,10-Jun-2021,14800,CE,0,0,0,1425.25,1014.3,0,0,0,0,19-APR-2021,
OPTIDX,FINNIFTY,10-Jun-2021,14900,CE,0,0,0,1366.15,963.15,0,0,0,0,19-APR-2021,
OPTIDX,FINNIFTY,10-Jun-2021,15000,CE,0,0,0,1308.65,913.75,0,0,0,0,19-APR-2021,
OPTIDX,FINNIFTY,10-Jun-2021,15100,CE,0,0,0,1252.85,866.25,0,0,0,0,19-APR-2021,
OPTIDX,FINNIFTY,10-Jun-2021,15200,CE,0,0,0,1198.65,820.55,0,0,0,0,19-APR-2021,
OPTIDX,FINNIFTY,10-Jun-2021,15300,CE,0,0,0,1146.05,776.6,0,0,0,0,19-APR-2021,
OPTIDX,FINNIFTY,10-Jun-2021,15400,CE,0,0,0,1095.1,734.4,0,0,0,0,19-APR-2021,
OPTIDX,FINNIFTY,10-Jun-2021,15500,CE,0,0,0,1045.75,693.95,0,0,0,0,19-APR-2021,
OPTIDX,FINNIFTY,10-Jun-2021,15600,CE,0,0,0,998,655.2,0,0,0,0,19-APR-2021,
OPTIDX,FINNIFTY,10-Jun-2021,15700,CE,0,0,0,951.85,618.1,0,0,0,0,19-APR-2021,
OPTIDX,FINNIFTY,10-Jun-2021,15800,CE,0,0,0,907.3,582.65,0,0,0,0,19-APR-2021,
OPTIDX,FINNIFTY,10-Jun-2021,15900,CE,0,0,0,864.3,548.8,0,0,0,0,19-APR-2021,
OPTIDX,FINNIFTY,10-Jun-2021,16000,CE,0,0,0,822.8,516.45,0,0,0,0,19-APR-2021,
OPTIDX,FINNIFTY,10-Jun-2021,16100,CE,0,0,0,782.85,485.7,0,0,0,0,19-APR-2021,
OPTIDX,FINNIFTY,10-Jun-2021,16200,CE,0,0,0,744.4,456.35,0,0,0,0,19-APR-2021,
OPTIDX,FINNIFTY,10-Jun-2021,16300,CE,0,0,0,707.4,428.5,0,0,0,0,19-APR-2021,
OPTIDX,FINNIFTY,10-Jun-2021,16400,CE,0,0,0,671.85,402,0,0,0,0,19-APR-2021,
OPTIDX,FINNIFTY,10-Jun-2021,16500,CE,0,0,0,637.7,377.6,0,0,0,0,19-APR-2021,
OPTIDX,FINNIFTY,10-Jun-2021,16600,CE,0,0,0,604.9,353.9,0,0,0,0,19-APR-2021,
OPTIDX,FINNIFTY,10-Jun-2021,16700,CE,0,0,0,573.5,331.4,0,0,0,0,19-APR-2021,
OPTIDX,FINNIFTY,10-Jun-2021,16800,CE,0,0,0,543.35,309.55,0,0,0,0,19-APR-2021,
OPTIDX,FINNIFTY,10-Jun-2021,16900,CE,0,0,0,514.55,289.35,0,0,0,0,19-APR-2021,
OPTIDX,FINNIFTY,10-Jun-2021,17000,CE,0,0,0,486.95,270.3,0,0,0,0,19-APR-2021,
OPTIDX,FINNIFTY,10-Jun-2021,17100,CE,0,0,0,460.6,252.3,0,0,0,0,19-APR-2021,
OPTIDX,FINNIFTY,10-Jun-2021,17200,CE,0,0,0,436.2,235.35,0,0,0,0,19-APR-2021,
OPTIDX,FINNIFTY,10-Jun-2021,17300,CE,0,0,0,412.25,219.35,0,0,0,0,19-APR-2021,
OPTIDX,FINNIFTY,10-Jun-2021,17400,CE,0,0,0,389.4,204.3,0,0,0,0,19-APR-2021,
OPTIDX,FINNIFTY,10-Jun-2021,17500,CE,0,0,0,367.65,190.15,0,0,0,0,19-APR-2021,
OPTIDX,FINNIFTY,10-Jun-2021,17600,CE,0,0,0,346.3,176.9,0,0,0,0,19-APR-2021,
OPTIDX,FINNIFTY,10-Jun-2021,17700,CE,0,0,0,326.55,164.4,0,0,0,0,19-APR-2021,
OPTIDX,FINNIFTY,10-Jun-2021,17800,CE,0,0,0,307.7,152.7,0,0,0,0,19-APR-2021,
OPTIDX,FINNIFTY,10-Jun-2021,17900,CE,0,0,0,289.85,141.75,0,0,0,0,19-APR-2021,
OPTIDX,FINNIFTY,10-Jun-2021,18000,CE,0,0,0,272.85,131.45,0,0,0,0,19-APR-2021,
OPTIDX,FINNIFTY,10-Jun-2021,18100,CE,0,0,0,256.7,121.85,0,0,0,0,19-APR-2021,
OPTIDX,FINNIFTY,10-Jun-2021,18200,CE,0,0,0,241.4,112.9,0,0,0,0,19-APR-2021,
OPTIDX,FINNIFTY,10-Jun-2021,18300,CE,0,0,0,226.9,104.5,0,0,0,0,19-APR-2021,
OPTIDX,FINNIFTY,10-Jun-2021,18400,CE,0,0,0,213.15,96.7,0,0,0,0,19-APR-2021,
OPTIDX,FINNIFTY,10-Jun-2021,18500,CE,0,0,0,200.15,89.4,0,0,0,0,19-APR-2021,
OPTIDX,FINNIFTY,10-Jun-2021,11700,PE,0,0,0,54.95,31.8,0,0,0,0,19-APR-2021,
OPTIDX,FINNIFTY,10-Jun-2021,11800,PE,0,0,0,62.6,36.85,0,0,0,0,19-APR-2021,
OPTIDX,FINNIFTY,10-Jun-2021,11900,PE,0,0,0,71.1,42.5,0,0,0,0,19-APR-2021,
OPTIDX,FINNIFTY,10-Jun-2021,12000,PE,0,0,0,80.45,48.85,0,0,0,0,19-APR-2021,
OPTIDX,FINNIFTY,10-Jun-2021,12100,PE,0,0,0,90.75,55.95,0,0,0,0,19-APR-2021,
OPTIDX,FINNIFTY,10-Jun-2021,12200,PE,0,0,0,102.05,63.85,0,0,0,0,19-APR-2021,
OPTIDX,FINNIFTY,10-Jun-2021,12300,PE,0,0,0,114.4,72.6,0,0,0,0,19-APR-2021,
OPTIDX,FINNIFTY,10-Jun-2021,12400,PE,0,0,0,71.75,82.25,0,0,0,0,19-APR-2021,
OPTIDX,FINNIFTY,10-Jun-2021,12500,PE,0,0,0,81.25,92.9,0,0,0,0,19-APR-2021,
OPTIDX,FINNIFTY,10-Jun-2021,12600,PE,0,0,0,90.95,104.6,0,0,0,0,19-APR-2021,
OPTIDX,FINNIFTY,10-Jun-2021,12700,PE,0,0,0,101.55,117.35,0,0,0,0,19-APR-2021,
OPTIDX,FINNIFTY,10-Jun-2021,12800,PE,0,0,0,113.05,131.3,0,0,0,0,19-APR-2021,
OPTIDX,FINNIFTY,10-Jun-2021,12900,PE,0,0,0,125.6,146.45,0,0,0,0,19-APR-2021,
OPTIDX,FINNIFTY,10-Jun-2021,13000,PE,0,0,0,139.1,162.85,0,0,0,0,19-APR-2021,
OPTIDX,FINNIFTY,10-Jun-2021,13100,PE,0,0,0,153.7,180.6,0,0,0,0,19-APR-2021,
OPTIDX,FINNIFTY,10-Jun-2021,13200,PE,0,0,0,169.4,199.75,0,0,0,0,19-APR-2021,
OPTIDX,FINNIFTY,10-Jun-2021,13300,PE,0,0,0,186.3,220.3,0,0,0,0,19-APR-2021,
OPTIDX,FINNIFTY,10-Jun-2021,13400,PE,0,0,0,204.4,242.4,0,0,0,0,19-APR-2021,
OPTIDX,FINNIFTY,10-Jun-2021,13500,PE,0,0,0,223.7,266,0,0,0,0,19-APR-2021,
OPTIDX,FINNIFTY,10-Jun-2021,13600,PE,0,0,0,244.35,291.7,0,0,0,0,19-APR-2021,
OPTIDX,FINNIFTY,10-Jun-2021,13700,PE,0,0,0,266.3,318.4,0,0,0,0,19-APR-2021,
OPTIDX,FINNIFTY,10-Jun-2021,13800,PE,0,0,0,289.65,346.8,0,0,0,0,19-APR-2021,
OPTIDX,FINNIFTY,10-Jun-2021,13900,PE,0,0,0,314.9,376.35,0,0,0,0,19-APR-2021,
OPTIDX,FINNIFTY,10-Jun-2021,14000,PE,0,0,0,341,408.3,0,0,0,0,19-APR-2021,
OPTIDX,FINNIFTY,10-Jun-2021,14100,PE,0,0,0,368.6,442.05,0,0,0,0,19-APR-2021,
OPTIDX,FINNIFTY,10-Jun-2021,14200,PE,0,0,0,397.65,477.55,0,0,0,0,19-APR-2021,
OPTIDX,FINNIFTY,10-Jun-2021,14300,PE,0,0,0,427.7,514.85,0,0,0,0,19-APR-2021,
OPTIDX,FINNIFTY,10-Jun-2021,14400,PE,0,0,0,459.95,554,0,0,0,0,19-APR-2021,
OPTIDX,FINNIFTY,10-Jun-2021,14500,PE,0,0,0,493.75,594.95,0,0,0,0,19-APR-2021,
OPTIDX,FINNIFTY,10-Jun-2021,14600,PE,0,0,0,529.2,637.75,0,0,0,0,19-APR-2021,
OPTIDX,FINNIFTY,10-Jun-2021,14700,PE,0,0,0,566.2,682.4,0,0,0,0,19-APR-2021,
OPTIDX,FINNIFTY,10-Jun-2021,14800,PE,0,0,0,604.85,728.9,0,0,0,0,19-APR-2021,
OPTIDX,FINNIFTY,10-Jun-2021,14900,PE,0,0,0,645.1,777.2,0,0,0,0,19-APR-2021,
OPTIDX,FINNIFTY,10-Jun-2021,15000,PE,0,0,0,687,827.3,0,0,0,0,19-APR-2021,
OPTIDX,FINNIFTY,10-Jun-2021,15100,PE,0,0,0,730.55,879.25,0,0,0,0,19-APR-2021,
OPTIDX,FINNIFTY,10-Jun-2021,15200,PE,0,0,0,775.7,933,0,0,0,0,19-APR-2021,
OPTIDX,FINNIFTY,10-Jun-2021,15300,PE,0,0,0,822.45,988.55,0,0,0,0,19-APR-2021,
OPTIDX,FINNIFTY,10-Jun-2021,15400,PE,0,0,0,870.9,1045.8,0,0,0,0,19-APR-2021,
OPTIDX,FINNIFTY,10-Jun-2021,15500,PE,0,0,0,920.85,1104.8,0,0,0,0,19-APR-2021,
OPTIDX,FINNIFTY,10-Jun-2021,15600,PE,0,0,0,972.45,1165.55,0,0,0,0,19-APR-2021,
OPTIDX,FINNIFTY,10-Jun-2021,15700,PE,0,0,0,1025.7,1227.9,0,0,0,0,19-APR-2021,
OPTIDX,FINNIFTY,10-Jun-2021,15800,PE,0,0,0,1080.5,1291.9,0,0,0,0,19-APR-2021,
OPTIDX,FINNIFTY,10-Jun-2021,15900,PE,0,0,0,1136.85,1357.5,0,0,0,0,19-APR-2021,
OPTIDX,FINNIFTY,10-Jun-2021,16000,PE,0,0,0,1194.7,1424.65,0,0,0,0,19-APR-2021,
OPTIDX,FINNIFTY,10-Jun-2021,16100,PE,0,0,0,1254.1,1493.35,0,0,0,0,19-APR-2021,
OPTIDX,FINNIFTY,10-Jun-2021,16200,PE,0,0,0,1315,1563.5,0,0,0,0,19-APR-2021,
OPTIDX,FINNIFTY,10-Jun-2021,16300,PE,0,0,0,1377.35,1635.1,0,0,0,0,19-APR-2021,
OPTIDX,FINNIFTY,10-Jun-2021,16400,PE,0,0,0,1441.15,1708.1,0,0,0,0,19-APR-2021,
OPTIDX,FINNIFTY,10-Jun-2021,16500,PE,0,0,0,1506.35,1783.15,0,0,0,0,19-APR-2021,
OPTIDX,FINNIFTY,10-Jun-2021,16600,PE,0,0,0,1572.95,1858.9,0,0,0,0,19-APR-2021,
OPTIDX,FINNIFTY,10-Jun-2021,16700,PE,0,0,0,1640.85,1935.9,0,0,0,0,19-APR-2021,
OPTIDX,FINNIFTY,10-Jun-2021,16800,PE,0,0,0,1710.1,2013.5,0,0,0,0,19-APR-2021,
OPTIDX,FINNIFTY,10-Jun-2021,16900,PE,0,0,0,1780.65,2092.75,0,0,0,0,19-APR-2021,
OPTIDX,FINNIFTY,10-Jun-2021,17000,PE,0,0,0,1852.45,2173.15,0,0,0,0,19-APR-2021,
OPTIDX,FINNIFTY,10-Jun-2021,17100,PE,0,0,0,1925.45,2254.65,0,0,0,0,19-APR-2021,
OPTIDX,FINNIFTY,10-Jun-2021,17200,PE,0,0,0,2000.35,2337.15,0,0,0,0,19-APR-2021,
OPTIDX,FINNIFTY,10-Jun-2021,17300,PE,0,0,0,2075.75,2420.65,0,0,0,0,19-APR-2021,
OPTIDX,FINNIFTY,10-Jun-2021,17400,PE,0,0,0,2152.3,2505.05,0,0,0,0,19-APR-2021,
OPTIDX,FINNIFTY,10-Jun-2021,17500,PE,0,0,0,2229.9,2590.4,0,0,0,0,19-APR-2021,
OPTIDX,FINNIFTY,10-Jun-2021,17600,PE,0,0,0,2307.9,2676.55,0,0,0,0,19-APR-2021,
OPTIDX,FINNIFTY,10-Jun-2021,17700,PE,0,0,0,2387.5,2763.55,0,0,0,0,19-APR-2021,
OPTIDX,FINNIFTY,10-Jun-2021,17800,PE,0,0,0,2468.05,2851.3,0,0,0,0,19-APR-2021,
OPTIDX,FINNIFTY,10-Jun-2021,17900,PE,0,0,0,2549.5,2939.8,0,0,0,0,19-APR-2021,
OPTIDX,FINNIFTY,10-Jun-2021,18000,PE,0,0,0,2631.85,3029,0,0,0,0,19-APR-2021,
OPTIDX,FINNIFTY,10-Jun-2021,18100,PE,0,0,0,2715.1,3118.9,0,0,0,0,19-APR-2021,
OPTIDX,FINNIFTY,10-Jun-2021,18200,PE,0,0,0,2799.15,3209.35,0,0,0,0,19-APR-2021,
OPTIDX,FINNIFTY,10-Jun-2021,18300,PE,0,0,0,2884,3300.45,0,0,0,0,19-APR-2021,
OPTIDX,FINNIFTY,10-Jun-2021,18400,PE,0,0,0,2969.6,3392.1,0,0,0,0,19-APR-2021,
OPTIDX,FINNIFTY,10-Jun-2021,18500,PE,0,0,0,3055.95,3484.25,0,0,0,0,19-APR-2021,
OPTIDX,FINNIFTY,17-Jun-2021,12400,CE,0,0,0,3152.5,2784.8,0,0,0,0,19-APR-2021,
OPTIDX,FINNIFTY,17-Jun-2021,12500,CE,0,0,0,3063.2,2697.6,0,0,0,0,19-APR-2021,
OPTIDX,FINNIFTY,17-Jun-2021,12600,CE,0,0,0,2974.85,2611.45,0,0,0,0,19-APR-2021,
OPTIDX,FINNIFTY,17-Jun-2021,12700,CE,0,0,0,2887.45,2526.4,0,0,0,0,19-APR-2021,
OPTIDX,FINNIFTY,17-Jun-2021,12800,CE,0,0,0,2801,2442.55,0,0,0,0,19-APR-2021,
OPTIDX,FINNIFTY,17-Jun-2021,12900,CE,0,0,0,2715.6,2359.9,0,0,0,0,19-APR-2021,
OPTIDX,FINNIFTY,17-Jun-2021,13000,CE,0,0,0,2631.35,2278.55,0,0,0,0,19-APR-2021,
OPTIDX,FINNIFTY,17-Jun-2021,13100,CE,0,0,0,2548.2,2198.55,0,0,0,0,19-APR-2021,
OPTIDX,FINNIFTY,17-Jun-2021,13200,CE,0,0,0,2466.2,2119.85,0,0,0,0,19-APR-2021,
OPTIDX,FINNIFTY,17-Jun-2021,13300,CE,0,0,0,2385.45,2042.6,0,0,0,0,19-APR-2021,
OPTIDX,FINNIFTY,17-Jun-2021,13400,CE,0,0,0,2306,1966.8,0,0,0,0,19-APR-2021,
OPTIDX,FINNIFTY,17-Jun-2021,13500,CE,0,0,0,2227.8,1893,0,0,0,0,19-APR-2021,
OPTIDX,FINNIFTY,17-Jun-2021,13600,CE,0,0,0,2151,1820.15,0,0,0,0,19-APR-2021,
OPTIDX,FINNIFTY,17-Jun-2021,13700,CE,0,0,0,2075.55,1748.9,0,0,0,0,19-APR-2021,
OPTIDX,FINNIFTY,17-Jun-2021,13800,CE,0,0,0,2002.05,1678.6,0,0,0,0,19-APR-2021,
OPTIDX,FINNIFTY,17-Jun-2021,13900,CE,0,0,0,1929.4,1610.65,0,0,0,0,19-APR-2021,
OPTIDX,FINNIFTY,17-Jun-2021,14000,CE,0,0,0,1858.25,1544.4,0,0,0,0,19-APR-2021,
OPTIDX,FINNIFTY,17-Jun-2021,14100,CE,0,0,0,1788.6,1479.8,0,0,0,0,19-APR-2021,
OPTIDX,FINNIFTY,17-Jun-2021,14200,CE,0,0,0,1720,1416.85,0,0,0,0,19-APR-2021,
OPTIDX,FINNIFTY,17-Jun-2021,14300,CE,0,0,0,1653.55,1355.65,0,0,0,0,19-APR-2021,
OPTIDX,FINNIFTY,17-Jun-2021,14400,CE,0,0,0,1588.7,1296.2,0,0,0,0,19-APR-2021,
OPTIDX,FINNIFTY,17-Jun-2021,14500,CE,0,0,0,1525.4,1238.45,0,0,0,0,19-APR-2021,
OPTIDX,FINNIFTY,17-Jun-2021,14600,CE,0,0,0,1463.75,1182.4,0,0,0,0,19-APR-2021,
OPTIDX,FINNIFTY,17-Jun-2021,14700,CE,0,0,0,1403.7,1128.1,0,0,0,0,19-APR-2021,
OPTIDX,FINNIFTY,17-Jun-2021,14800,CE,0,0,0,1345.3,1075.55,0,0,0,0,19-APR-2021,
OPTIDX,FINNIFTY,17-Jun-2021,14900,CE,0,0,0,1288.5,1024.7,0,0,0,0,19-APR-2021,
OPTIDX,FINNIFTY,17-Jun-2021,15000,CE,0,0,0,1233.35,975.55,0,0,0,0,19-APR-2021,
OPTIDX,FINNIFTY,17-Jun-2021,15100,CE,0,0,0,1179.85,928.1,0,0,0,0,19-APR-2021,
OPTIDX,FINNIFTY,17-Jun-2021,15200,CE,0,0,0,1127.95,882.35,0,0,0,0,19-APR-2021,
OPTIDX,FINNIFTY,17-Jun-2021,15300,CE,0,0,0,1077.6,838.3,0,0,0,0,19-APR-2021,
OPTIDX,FINNIFTY,17-Jun-2021,15400,CE,0,0,0,1028.9,795.85,0,0,0,0,19-APR-2021,
OPTIDX,FINNIFTY,17-Jun-2021,15500,CE,0,0,0,981.85,755.05,0,0,0,0,19-APR-2021,
OPTIDX,FINNIFTY,17-Jun-2021,15600,CE,0,0,0,936.35,715.85,0,0,0,0,19-APR-2021,
OPTIDX,FINNIFTY,17-Jun-2021,15700,CE,0,0,0,892.4,678.2,0,0,0,0,19-APR-2021,
OPTIDX,FINNIFTY,17-Jun-2021,15800,CE,0,0,0,850,642.1,0,0,0,0,19-APR-2021,
OPTIDX,FINNIFTY,17-Jun-2021,15900,CE,0,0,0,809.15,607.5,0,0,0,0,19-APR-2021,
OPTIDX,FINNIFTY,17-Jun-2021,16000,CE,0,0,0,769.8,574.35,0,0,0,0,19-APR-2021,
OPTIDX,FINNIFTY,17-Jun-2021,16100,CE,0,0,0,731.9,542.7,0,0,0,0,19-APR-2021,
OPTIDX,FINNIFTY,17-Jun-2021,16200,CE,0,0,0,695.45,512.4,0,0,0,0,19-APR-2021,
OPTIDX,FINNIFTY,17-Jun-2021,16300,CE,0,0,0,660.45,483.5,0,0,0,0,19-APR-2021,
OPTIDX,FINNIFTY,17-Jun-2021,16400,CE,0,0,0,626.85,455.95,0,0,0,0,19-APR-2021,
OPTIDX,FINNIFTY,17-Jun-2021,16500,CE,0,0,0,594.6,429.65,0,0,0,0,19-APR-2021,
OPTIDX,FINNIFTY,17-Jun-2021,16600,CE,0,0,0,563.65,405.35,0,0,0,0,19-APR-2021,
OPTIDX,FINNIFTY,17-Jun-2021,16700,CE,0,0,0,534.05,381.65,0,0,0,0,19-APR-2021,
OPTIDX,FINNIFTY,17-Jun-2021,16800,CE,0,0,0,505.7,359.1,0,0,0,0,19-APR-2021,
OPTIDX,FINNIFTY,17-Jun-2021,16900,CE,0,0,0,478.6,337.7,0,0,0,0,19-APR-2021,
OPTIDX,FINNIFTY,17-Jun-2021,17000,CE,0,0,0,452.7,316.75,0,0,0,0,19-APR-2021,
OPTIDX,FINNIFTY,17-Jun-2021,17100,CE,0,0,0,428.7,297.4,0,0,0,0,19-APR-2021,
OPTIDX,FINNIFTY,17-Jun-2021,17200,CE,0,0,0,405.2,279.05,0,0,0,0,19-APR-2021,
OPTIDX,FINNIFTY,17-Jun-2021,17300,CE,0,0,0,382.75,261.7,0,0,0,0,19-APR-2021,
OPTIDX,FINNIFTY,17-Jun-2021,17400,CE,0,0,0,361.4,245.25,0,0,0,0,19-APR-2021,
OPTIDX,FINNIFTY,17-Jun-2021,17500,CE,0,0,0,340.4,229.7,0,0,0,0,19-APR-2021,
OPTIDX,FINNIFTY,17-Jun-2021,17600,CE,0,0,0,320.95,215.05,0,0,0,0,19-APR-2021,
OPTIDX,FINNIFTY,17-Jun-2021,17700,CE,0,0,0,302.45,201.2,0,0,0,0,19-APR-2021,
OPTIDX,FINNIFTY,17-Jun-2021,17800,CE,0,0,0,284.9,188.1,0,0,0,0,19-APR-2021,
OPTIDX,FINNIFTY,17-Jun-2021,17900,CE,0,0,0,268.2,175.8,0,0,0,0,19-APR-2021,
OPTIDX,FINNIFTY,17-Jun-2021,18000,CE,0,0,0,252.35,164.15,0,0,0,0,19-APR-2021,
OPTIDX,FINNIFTY,17-Jun-2021,18100,CE,0,0,0,237.35,153.25,0,0,0,0,19-APR-2021,
OPTIDX,FINNIFTY,17-Jun-2021,18200,CE,0,0,0,223.1,142.95,0,0,0,0,19-APR-2021,
OPTIDX,FINNIFTY,17-Jun-2021,18300,CE,0,0,0,209.6,133.3,0,0,0,0,19-APR-2021,
OPTIDX,FINNIFTY,17-Jun-2021,18400,CE,0,0,0,196.85,124.2,0,0,0,0,19-APR-2021,
OPTIDX,FINNIFTY,17-Jun-2021,12400,PE,0,0,0,85.1,103.3,0,0,0,0,19-APR-2021,
OPTIDX,FINNIFTY,17-Jun-2021,12500,PE,0,0,0,95.2,115.5,0,0,0,0,19-APR-2021,
OPTIDX,FINNIFTY,17-Jun-2021,12600,PE,0,0,0,106.15,128.75,0,0,0,0,19-APR-2021,
OPTIDX,FINNIFTY,17-Jun-2021,12700,PE,0,0,0,118.1,143.1,0,0,0,0,19-APR-2021,
OPTIDX,FINNIFTY,17-Jun-2021,12800,PE,0,0,0,131,158.65,0,0,0,0,19-APR-2021,
OPTIDX,FINNIFTY,17-Jun-2021,12900,PE,0,0,0,145,175.4,0,0,0,0,19-APR-2021,
OPTIDX,FINNIFTY,17-Jun-2021,13000,PE,0,0,0,160.05,193.45,0,0,0,0,19-APR-2021,
OPTIDX,FINNIFTY,17-Jun-2021,13100,PE,0,0,0,176.25,212.8,0,0,0,0,19-APR-2021,
OPTIDX,FINNIFTY,17-Jun-2021,13200,PE,0,0,0,193.65,233.55,0,0,0,0,19-APR-2021,
OPTIDX,FINNIFTY,17-Jun-2021,13300,PE,0,0,0,212.25,255.7,0,0,0,0,19-APR-2021,
OPTIDX,FINNIFTY,17-Jun-2021,13400,PE,0,0,0,232.15,279.3,0,0,0,0,19-APR-2021,
OPTIDX,FINNIFTY,17-Jun-2021,13500,PE,0,0,0,253.3,304.9,0,0,0,0,19-APR-2021,
OPTIDX,FINNIFTY,17-Jun-2021,13600,PE,0,0,0,275.85,331.45,0,0,0,0,19-APR-2021,
OPTIDX,FINNIFTY,17-Jun-2021,13700,PE,0,0,0,299.8,359.55,0,0,0,0,19-APR-2021,
OPTIDX,FINNIFTY,17-Jun-2021,13800,PE,0,0,0,325.65,388.65,0,0,0,0,19-APR-2021,
OPTIDX,FINNIFTY,17-Jun-2021,13900,PE,0,0,0,352.35,420.1,0,0,0,0,19-APR-2021,
OPTIDX,FINNIFTY,17-Jun-2021,14000,PE,0,0,0,380.55,453.25,0,0,0,0,19-APR-2021,
OPTIDX,FINNIFTY,17-Jun-2021,14100,PE,0,0,0,410.25,488,0,0,0,0,19-APR-2021,
OPTIDX,FINNIFTY,17-Jun-2021,14200,PE,0,0,0,441,524.5,0,0,0,0,19-APR-2021,
OPTIDX,FINNIFTY,17-Jun-2021,14300,PE,0,0,0,473.9,562.7,0,0,0,0,19-APR-2021,
OPTIDX,FINNIFTY,17-Jun-2021,14400,PE,0,0,0,508.4,602.6,0,0,0,0,19-APR-2021,
OPTIDX,FINNIFTY,17-Jun-2021,14500,PE,0,0,0,544.45,644.25,0,0,0,0,19-APR-2021,
OPTIDX,FINNIFTY,17-Jun-2021,14600,PE,0,0,0,582.15,687.65,0,0,0,0,19-APR-2021,
OPTIDX,FINNIFTY,17-Jun-2021,14700,PE,0,0,0,621.5,732.75,0,0,0,0,19-APR-2021,
OPTIDX,FINNIFTY,17-Jun-2021,14800,PE,0,0,0,662.4,779.55,0,0,0,0,19-APR-2021,
OPTIDX,FINNIFTY,17-Jun-2021,14900,PE,0,0,0,705,828.1,0,0,0,0,19-APR-2021,
OPTIDX,FINNIFTY,17-Jun-2021,15000,PE,0,0,0,749.2,878.35,0,0,0,0,19-APR-2021,
OPTIDX,FINNIFTY,17-Jun-2021,15100,PE,0,0,0,795,930.3,0,0,0,0,19-APR-2021,
OPTIDX,FINNIFTY,17-Jun-2021,15200,PE,0,0,0,842.45,983.95,0,0,0,0,19-APR-2021,
OPTIDX,FINNIFTY,17-Jun-2021,15300,PE,0,0,0,891.5,1039.25,0,0,0,0,19-APR-2021,
OPTIDX,FINNIFTY,17-Jun-2021,15400,PE,0,0,0,942.15,1096.25,0,0,0,0,19-APR-2021,
OPTIDX,FINNIFTY,17-Jun-2021,15500,PE,0,0,0,994.45,1154.8,0,0,0,0,19-APR-2021,
OPTIDX,FINNIFTY,17-Jun-2021,15600,PE,0,0,0,1048.3,1215,0,0,0,0,19-APR-2021,
OPTIDX,FINNIFTY,17-Jun-2021,15700,PE,0,0,0,1103.7,1276.75,0,0,0,0,19-APR-2021,
OPTIDX,FINNIFTY,17-Jun-2021,15800,PE,0,0,0,1160.65,1340.05,0,0,0,0,19-APR-2021,
OPTIDX,FINNIFTY,17-Jun-2021,15900,PE,0,0,0,1219.15,1404.85,0,0,0,0,19-APR-2021,
OPTIDX,FINNIFTY,17-Jun-2021,16000,PE,0,0,0,1279.15,1471.15,0,0,0,0,19-APR-2021,
OPTIDX,FINNIFTY,17-Jun-2021,16100,PE,0,0,0,1340.6,1538.85,0,0,0,0,19-APR-2021,
OPTIDX,FINNIFTY,17-Jun-2021,16200,PE,0,0,0,1403.55,1607.95,0,0,0,0,19-APR-2021,
OPTIDX,FINNIFTY,17-Jun-2021,16300,PE,0,0,0,1467.9,1678.45,0,0,0,0,19-APR-2021,
OPTIDX,FINNIFTY,17-Jun-2021,16400,PE,0,0,0,1533.65,1750.3,0,0,0,0,19-APR-2021,
OPTIDX,FINNIFTY,17-Jun-2021,16500,PE,0,0,0,1600.75,1823.4,0,0,0,0,19-APR-2021,
OPTIDX,FINNIFTY,17-Jun-2021,16600,PE,0,0,0,1669.15,1898.5,0,0,0,0,19-APR-2021,
OPTIDX,FINNIFTY,17-Jun-2021,16700,PE,0,0,0,1738.9,1974.2,0,0,0,0,19-APR-2021,
OPTIDX,FINNIFTY,17-Jun-2021,16800,PE,0,0,0,1809.9,2051.05,0,0,0,0,19-APR-2021,
OPTIDX,FINNIFTY,17-Jun-2021,16900,PE,0,0,0,1882.15,2129.05,0,0,0,0,19-APR-2021,
OPTIDX,FINNIFTY,17-Jun-2021,17000,PE,0,0,0,1955.6,2207.45,0,0,0,0,19-APR-2021,
OPTIDX,FINNIFTY,17-Jun-2021,17100,PE,0,0,0,2031,2287.5,0,0,0,0,19-APR-2021,
OPTIDX,FINNIFTY,17-Jun-2021,17200,PE,0,0,0,2106.8,2368.55,0,0,0,0,19-APR-2021,
OPTIDX,FINNIFTY,17-Jun-2021,17300,PE,0,0,0,2183.75,2450.6,0,0,0,0,19-APR-2021,
OPTIDX,FINNIFTY,17-Jun-2021,17400,PE,0,0,0,2261.75,2533.55,0,0,0,0,19-APR-2021,
OPTIDX,FINNIFTY,17-Jun-2021,17500,PE,0,0,0,2340.1,2617.4,0,0,0,0,19-APR-2021,
OPTIDX,FINNIFTY,17-Jun-2021,17600,PE,0,0,0,2420,2702.15,0,0,0,0,19-APR-2021,
OPTIDX,FINNIFTY,17-Jun-2021,17700,PE,0,0,0,2500.9,2787.65,0,0,0,0,19-APR-2021,
OPTIDX,FINNIFTY,17-Jun-2021,17800,PE,0,0,0,2582.65,2874,0,0,0,0,19-APR-2021,
OPTIDX,FINNIFTY,17-Jun-2021,17900,PE,0,0,0,2665.35,2961.05,0,0,0,0,19-APR-2021,
OPTIDX,FINNIFTY,17-Jun-2021,18000,PE,0,0,0,2748.85,3048.85,0,0,0,0,19-APR-2021,
OPTIDX,FINNIFTY,17-Jun-2021,18100,PE,0,0,0,2833.15,3137.3,0,0,0,0,19-APR-2021,
OPTIDX,FINNIFTY,17-Jun-2021,18200,PE,0,0,0,2918.3,3226.4,0,0,0,0,19-APR-2021,
OPTIDX,FINNIFTY,17-Jun-2021,18300,PE,0,0,0,3004.15,3316.15,0,0,0,0,19-APR-2021,
OPTIDX,FINNIFTY,17-Jun-2021,18400,PE,0,0,0,3090.75,3406.45,0,0,0,0,19-APR-2021,
OPTIDX,FINNIFTY,24-Jun-2021,11700,CE,0,0,0,3182.9,3441.65,0,0,0,0,19-APR-2021,
OPTIDX,FINNIFTY,24-Jun-2021,11800,CE,0,0,0,3093.75,3349.65,0,0,0,0,19-APR-2021,
OPTIDX,FINNIFTY,24-Jun-2021,11900,CE,0,0,0,3005.45,3258.45,0,0,0,0,19-APR-2021,
OPTIDX,FINNIFTY,24-Jun-2021,12000,CE,0,0,0,2918.1,3168,0,0,0,0,19-APR-2021,
OPTIDX,FINNIFTY,24-Jun-2021,12100,CE,0,0,0,2831.75,3078.45,0,0,0,0,19-APR-2021,
OPTIDX,FINNIFTY,24-Jun-2021,12200,CE,0,0,0,2746.45,2989.75,0,0,0,0,19-APR-2021,
OPTIDX,FINNIFTY,24-Jun-2021,12300,CE,0,0,0,2662.25,2901.95,0,0,0,0,19-APR-2021,
OPTIDX,FINNIFTY,24-Jun-2021,12400,CE,0,0,0,3218.65,2815.2,0,0,0,0,19-APR-2021,
OPTIDX,FINNIFTY,24-Jun-2021,12500,CE,0,0,0,3253.8,2729.45,0,0,0,0,19-APR-2021,
OPTIDX,FINNIFTY,24-Jun-2021,12600,CE,0,0,0,3169.5,2644.8,0,0,0,0,19-APR-2021,
OPTIDX,FINNIFTY,24-Jun-2021,12700,CE,0,0,0,3086.15,2561.3,0,0,0,0,19-APR-2021,
OPTIDX,FINNIFTY,24-Jun-2021,12800,CE,0,0,0,3003.8,2478.95,0,0,0,0,19-APR-2021,
OPTIDX,FINNIFTY,24-Jun-2021,12900,CE,0,0,0,2922.5,2397.8,0,0,0,0,19-APR-2021,
OPTIDX,FINNIFTY,24-Jun-2021,13000,CE,0,0,0,2842.25,2317.95,0,0,0,0,19-APR-2021,
OPTIDX,FINNIFTY,24-Jun-2021,13100,CE,0,0,0,2763.1,2239.4,0,0,0,0,19-APR-2021,
OPTIDX,FINNIFTY,24-Jun-2021,13200,CE,0,0,0,2685.05,2162.2,0,0,0,0,19-APR-2021,
OPTIDX,FINNIFTY,24-Jun-2021,13300,CE,0,0,0,2608.15,2086.4,0,0,0,0,19-APR-2021,
OPTIDX,FINNIFTY,24-Jun-2021,13400,CE,0,0,0,2532.45,2012.5,0,0,0,0,19-APR-2021,
OPTIDX,FINNIFTY,24-Jun-2021,13500,CE,0,0,0,2458.45,1939.5,0,0,0,0,19-APR-2021,
OPTIDX,FINNIFTY,24-Jun-2021,13600,CE,0,0,0,2385.05,1867.95,0,0,0,0,19-APR-2021,
OPTIDX,FINNIFTY,24-Jun-2021,13700,CE,0,0,0,2312.95,1797.95,0,0,0,0,19-APR-2021,
OPTIDX,FINNIFTY,24-Jun-2021,13800,CE,0,0,0,2242.05,1728.9,0,0,0,0,19-APR-2021,
OPTIDX,FINNIFTY,24-Jun-2021,13900,CE,0,0,0,2172.45,1662.1,0,0,0,0,19-APR-2021,
OPTIDX,FINNIFTY,24-Jun-2021,14000,CE,0,0,0,2104.15,1596.85,0,0,0,0,19-APR-2021,
OPTIDX,FINNIFTY,24-Jun-2021,14100,CE,0,0,0,2036.65,1533.25,0,0,0,0,19-APR-2021,
OPTIDX,FINNIFTY,24-Jun-2021,14200,CE,0,0,0,1971.05,1471.25,0,0,0,0,19-APR-2021,
OPTIDX,FINNIFTY,24-Jun-2021,14300,CE,0,0,0,1906.85,1410.85,0,0,0,0,19-APR-2021,
OPTIDX,FINNIFTY,24-Jun-2021,14400,CE,0,0,0,1843.95,1352.1,0,0,0,0,19-APR-2021,
OPTIDX,FINNIFTY,24-Jun-2021,14500,CE,0,0,0,1782.4,1295,0,0,0,0,19-APR-2021,
OPTIDX,FINNIFTY,24-Jun-2021,14600,CE,0,0,0,1722.2,1239.5,0,0,0,0,19-APR-2021,
OPTIDX,FINNIFTY,24-Jun-2021,14700,CE,0,0,0,1663.4,1185.7,0,0,0,0,19-APR-2021,
OPTIDX,FINNIFTY,24-Jun-2021,14800,CE,0,0,0,1605.95,1133.5,0,0,0,0,19-APR-2021,
OPTIDX,FINNIFTY,24-Jun-2021,14900,CE,0,0,0,1549.85,1082.9,0,0,0,0,19-APR-2021,
OPTIDX,FINNIFTY,24-Jun-2021,15000,CE,0,0,0,1495.15,1033.9,0,0,0,0,19-APR-2021,
OPTIDX,FINNIFTY,24-Jun-2021,15100,CE,0,0,0,1441.75,986.55,0,0,0,0,19-APR-2021,
OPTIDX,FINNIFTY,24-Jun-2021,15200,CE,0,0,0,1389.75,940.8,0,0,0,0,19-APR-2021,
OPTIDX,FINNIFTY,24-Jun-2021,15300,CE,0,0,0,1339.1,896.6,0,0,0,0,19-APR-2021,
OPTIDX,FINNIFTY,24-Jun-2021,15400,CE,0,0,0,1289.7,854,0,0,0,0,19-APR-2021,
OPTIDX,FINNIFTY,24-Jun-2021,15500,CE,0,0,0,1241.75,812.9,0,0,0,0,19-APR-2021,
OPTIDX,FINNIFTY,24-Jun-2021,15600,CE,0,0,0,1195.1,773.35,0,0,0,0,19-APR-2021,
OPTIDX,FINNIFTY,24-Jun-2021,15700,CE,0,0,0,1149.75,735.25,0,0,0,0,19-APR-2021,
OPTIDX,FINNIFTY,24-Jun-2021,15800,CE,0,0,0,1105.7,698.6,0,0,0,0,19-APR-2021,
OPTIDX,FINNIFTY,24-Jun-2021,15900,CE,0,0,0,1062.9,663.45,0,0,0,0,19-APR-2021,
OPTIDX,FINNIFTY,24-Jun-2021,16000,CE,0,0,0,1021.4,629.65,0,0,0,0,19-APR-2021,
OPTIDX,FINNIFTY,24-Jun-2021,16100,CE,0,0,0,981.15,597.25,0,0,0,0,19-APR-2021,
OPTIDX,FINNIFTY,24-Jun-2021,16200,CE,0,0,0,942.15,566.15,0,0,0,0,19-APR-2021,
OPTIDX,FINNIFTY,24-Jun-2021,16300,CE,0,0,0,904.4,536.4,0,0,0,0,19-APR-2021,
OPTIDX,FINNIFTY,24-Jun-2021,16400,CE,0,0,0,867.8,507.9,0,0,0,0,19-APR-2021,
OPTIDX,FINNIFTY,24-Jun-2021,16500,CE,0,0,0,832.35,480.65,0,0,0,0,19-APR-2021,
OPTIDX,FINNIFTY,24-Jun-2021,16600,CE,0,0,0,798.1,454.6,0,0,0,0,19-APR-2021,
OPTIDX,FINNIFTY,24-Jun-2021,16700,CE,0,0,0,765,430.5,0,0,0,0,19-APR-2021,
OPTIDX,FINNIFTY,24-Jun-2021,16800,CE,0,0,0,733,406.85,0,0,0,0,19-APR-2021,
OPTIDX,FINNIFTY,24-Jun-2021,16900,CE,0,0,0,702.1,384.35,0,0,0,0,19-APR-2021,
OPTIDX,FINNIFTY,24-Jun-2021,17000,CE,0,0,0,672.25,362.9,0,0,0,0,19-APR-2021,
OPTIDX,FINNIFTY,24-Jun-2021,17100,CE,0,0,0,643.45,341.8,0,0,0,0,19-APR-2021,
OPTIDX,FINNIFTY,24-Jun-2021,17200,CE,0,0,0,615.65,322.3,0,0,0,0,19-APR-2021,
OPTIDX,FINNIFTY,24-Jun-2021,17300,CE,0,0,0,588.9,303.7,0,0,0,0,19-APR-2021,
OPTIDX,FINNIFTY,24-Jun-2021,17400,CE,0,0,0,563.1,286.1,0,0,0,0,19-APR-2021,
OPTIDX,FINNIFTY,24-Jun-2021,17500,CE,0,0,0,539.05,269.3,0,0,0,0,19-APR-2021,
OPTIDX,FINNIFTY,24-Jun-2021,17600,CE,0,0,0,515.2,253.4,0,0,0,0,19-APR-2021,
OPTIDX,FINNIFTY,24-Jun-2021,17700,CE,0,0,0,492.25,238.35,0,0,0,0,19-APR-2021,
OPTIDX,FINNIFTY,24-Jun-2021,17800,CE,0,0,0,470.2,224.05,0,0,0,0,19-APR-2021,
OPTIDX,FINNIFTY,24-Jun-2021,17900,CE,0,0,0,449,210.5,0,0,0,0,19-APR-2021,
OPTIDX,FINNIFTY,24-Jun-2021,18000,CE,0,0,0,428.65,197.65,0,0,0,0,19-APR-2021,
OPTIDX,FINNIFTY,24-Jun-2021,18100,CE,0,0,0,408.45,185.55,0,0,0,0,19-APR-2021,
OPTIDX,FINNIFTY,24-Jun-2021,18200,CE,0,0,0,389.6,174.05,0,0,0,0,19-APR-2021,
OPTIDX,FINNIFTY,24-Jun-2021,18300,CE,0,0,0,371.5,163.2,0,0,0,0,19-APR-2021,
OPTIDX,FINNIFTY,24-Jun-2021,18400,CE,0,0,0,354.15,153,0,0,0,0,19-APR-2021,
OPTIDX,FINNIFTY,24-Jun-2021,18500,CE,0,0,0,337.5,143.3,0,0,0,0,19-APR-2021,
OPTIDX,FINNIFTY,24-Jun-2021,18600,CE,0,0,0,351.4,134.2,0,0,0,0,19-APR-2021,
OPTIDX,FINNIFTY,24-Jun-2021,18700,CE,0,0,0,334.65,125.6,0,0,0,0,19-APR-2021,
OPTIDX,FINNIFTY,24-Jun-2021,18800,CE,0,0,0,383.7,117.5,0,0,0,0,19-APR-2021,
OPTIDX,FINNIFTY,24-Jun-2021,18900,CE,0,0,0,365.8,109.9,0,0,0,0,19-APR-2021,
OPTIDX,FINNIFTY,24-Jun-2021,19000,CE,0,0,0,348.6,102.75,0,0,0,0,19-APR-2021,
OPTIDX,FINNIFTY,24-Jun-2021,11700,PE,0,0,0,84.7,56,0,0,0,0,19-APR-2021,
OPTIDX,FINNIFTY,24-Jun-2021,11800,PE,0,0,0,94.8,63.4,0,0,0,0,19-APR-2021,
OPTIDX,FINNIFTY,24-Jun-2021,11900,PE,0,0,0,105.75,71.5,0,0,0,0,19-APR-2021,
OPTIDX,FINNIFTY,24-Jun-2021,12000,PE,0,0,0,117.7,80.4,0,0,0,0,19-APR-2021,
OPTIDX,FINNIFTY,24-Jun-2021,12100,PE,0,0,0,130.6,90.1,0,0,0,0,19-APR-2021,
OPTIDX,FINNIFTY,24-Jun-2021,12200,PE,0,0,0,144.55,100.75,0,0,0,0,19-APR-2021,
OPTIDX,FINNIFTY,24-Jun-2021,12300,PE,0,0,0,159.6,112.3,0,0,0,0,19-APR-2021,
OPTIDX,FINNIFTY,24-Jun-2021,12400,PE,0,0,0,125.3,124.85,0,0,0,0,19-APR-2021,
OPTIDX,FINNIFTY,24-Jun-2021,12500,PE,0,0,0,162.7,138.45,0,0,0,0,19-APR-2021,
OPTIDX,FINNIFTY,24-Jun-2021,12600,PE,0,0,0,177.5,153.1,0,0,0,0,19-APR-2021,
OPTIDX,FINNIFTY,24-Jun-2021,12700,PE,0,0,0,193.2,168.9,0,0,0,0,19-APR-2021,
OPTIDX,FINNIFTY,24-Jun-2021,12800,PE,0,0,0,209.95,185.9,0,0,0,0,19-APR-2021,
OPTIDX,FINNIFTY,24-Jun-2021,12900,PE,0,0,0,227.7,204.1,0,0,0,0,19-APR-2021,
OPTIDX,FINNIFTY,24-Jun-2021,13000,PE,0,0,0,246.55,223.55,0,0,0,0,19-APR-2021,
OPTIDX,FINNIFTY,24-Jun-2021,13100,PE,0,0,0,266.45,244.35,0,0,0,0,19-APR-2021,
OPTIDX,FINNIFTY,24-Jun-2021,13200,PE,0,0,0,287.45,266.45,0,0,0,0,19-APR-2021,
OPTIDX,FINNIFTY,24-Jun-2021,13300,PE,0,0,0,309.65,289.95,0,0,0,0,19-APR-2021,
OPTIDX,FINNIFTY,24-Jun-2021,13400,PE,0,0,0,333,315.4,0,0,0,0,19-APR-2021,
OPTIDX,FINNIFTY,24-Jun-2021,13500,PE,0,0,0,358.1,341.7,0,0,0,0,19-APR-2021,
OPTIDX,FINNIFTY,24-Jun-2021,13600,PE,0,0,0,383.75,369.5,0,0,0,0,19-APR-2021,
OPTIDX,FINNIFTY,24-Jun-2021,13700,PE,0,0,0,410.7,398.8,0,0,0,0,19-APR-2021,
OPTIDX,FINNIFTY,24-Jun-2021,13800,PE,0,0,0,438.9,429.1,0,0,0,0,19-APR-2021,
OPTIDX,FINNIFTY,24-Jun-2021,13900,PE,0,0,0,468.35,461.6,0,0,0,0,19-APR-2021,
OPTIDX,FINNIFTY,24-Jun-2021,14000,PE,0,0,0,499.15,495.7,0,0,0,0,19-APR-2021,
OPTIDX,FINNIFTY,24-Jun-2021,14100,PE,0,0,0,530.65,531.4,0,0,0,0,19-APR-2021,
OPTIDX,FINNIFTY,24-Jun-2021,14200,PE,0,0,0,564.15,568.75,0,0,0,0,19-APR-2021,
OPTIDX,FINNIFTY,24-Jun-2021,14300,PE,0,0,0,599,607.65,0,0,0,0,19-APR-2021,
OPTIDX,FINNIFTY,24-Jun-2021,14400,PE,0,0,0,635.2,648.25,0,0,0,0,19-APR-2021,
OPTIDX,FINNIFTY,24-Jun-2021,14500,PE,0,0,0,672.7,690.45,0,0,0,0,19-APR-2021,
OPTIDX,FINNIFTY,24-Jun-2021,14600,PE,0,0,0,711.6,734.3,0,0,0,0,19-APR-2021,
OPTIDX,FINNIFTY,24-Jun-2021,14700,PE,0,0,0,751.85,779.8,0,0,0,0,19-APR-2021,
OPTIDX,FINNIFTY,24-Jun-2021,14800,PE,0,0,0,793.45,826.9,0,0,0,0,19-APR-2021,
OPTIDX,FINNIFTY,24-Jun-2021,14900,PE,0,0,0,836.45,875.7,0,0,0,0,19-APR-2021,
OPTIDX,FINNIFTY,24-Jun-2021,15000,PE,0,0,0,880.8,926,0,0,0,0,19-APR-2021,
OPTIDX,FINNIFTY,24-Jun-2021,15100,PE,0,0,0,926.5,977.95,0,0,0,0,19-APR-2021,
OPTIDX,FINNIFTY,24-Jun-2021,15200,PE,0,0,0,973.55,1031.55,0,0,0,0,19-APR-2021,
OPTIDX,FINNIFTY,24-Jun-2021,15300,PE,0,0,0,1021.95,1086.7,0,0,0,0,19-APR-2021,
OPTIDX,FINNIFTY,24-Jun-2021,15400,PE,0,0,0,1071.65,1143.4,0,0,0,0,19-APR-2021,
OPTIDX,FINNIFTY,24-Jun-2021,15500,PE,0,0,0,1122.75,1201.6,0,0,0,0,19-APR-2021,
OPTIDX,FINNIFTY,24-Jun-2021,15600,PE,0,0,0,1175.15,1261.35,0,0,0,0,19-APR-2021,
OPTIDX,FINNIFTY,24-Jun-2021,15700,PE,0,0,0,1228.9,1322.6,0,0,0,0,19-APR-2021,
OPTIDX,FINNIFTY,24-Jun-2021,15800,PE,0,0,0,1283.9,1385.3,0,0,0,0,19-APR-2021,
OPTIDX,FINNIFTY,24-Jun-2021,15900,PE,0,0,0,1340.2,1449.45,0,0,0,0,19-APR-2021,
OPTIDX,FINNIFTY,24-Jun-2021,16000,PE,0,0,0,1397.8,1514.95,0,0,0,0,19-APR-2021,
OPTIDX,FINNIFTY,24-Jun-2021,16100,PE,0,0,0,1456.6,1581.85,0,0,0,0,19-APR-2021,
OPTIDX,FINNIFTY,24-Jun-2021,16200,PE,0,0,0,1516.65,1650.15,0,0,0,0,19-APR-2021,
OPTIDX,FINNIFTY,24-Jun-2021,16300,PE,0,0,0,1577.95,1719.7,0,0,0,0,19-APR-2021,
OPTIDX,FINNIFTY,24-Jun-2021,16400,PE,0,0,0,1640.4,1790.5,0,0,0,0,19-APR-2021,
OPTIDX,FINNIFTY,24-Jun-2021,16500,PE,0,0,0,1704.1,1862.6,0,0,0,0,19-APR-2021,
OPTIDX,FINNIFTY,24-Jun-2021,16600,PE,0,0,0,1768.9,1935.9,0,0,0,0,19-APR-2021,
OPTIDX,FINNIFTY,24-Jun-2021,16700,PE,0,0,0,1834.85,2011.1,0,0,0,0,19-APR-2021,
OPTIDX,FINNIFTY,24-Jun-2021,16800,PE,0,0,0,1901.9,2086.8,0,0,0,0,19-APR-2021,
OPTIDX,FINNIFTY,24-Jun-2021,16900,PE,0,0,0,1970.05,2163.6,0,0,0,0,19-APR-2021,
OPTIDX,FINNIFTY,24-Jun-2021,17000,PE,0,0,0,2039.3,2241.45,0,0,0,0,19-APR-2021,
OPTIDX,FINNIFTY,24-Jun-2021,17100,PE,0,0,0,2109.55,2319.7,0,0,0,0,19-APR-2021,
OPTIDX,FINNIFTY,24-Jun-2021,17200,PE,0,0,0,2180.85,2399.5,0,0,0,0,19-APR-2021,
OPTIDX,FINNIFTY,24-Jun-2021,17300,PE,0,0,0,2253.15,2480.25,0,0,0,0,19-APR-2021,
OPTIDX,FINNIFTY,24-Jun-2021,17400,PE,0,0,0,2326.45,2561.95,0,0,0,0,19-APR-2021,
OPTIDX,FINNIFTY,24-Jun-2021,17500,PE,0,0,0,2401.45,2644.5,0,0,0,0,19-APR-2021,
OPTIDX,FINNIFTY,24-Jun-2021,17600,PE,0,0,0,2476.65,2727.95,0,0,0,0,19-APR-2021,
OPTIDX,FINNIFTY,24-Jun-2021,17700,PE,0,0,0,2552.8,2812.15,0,0,0,0,19-APR-2021,
OPTIDX,FINNIFTY,24-Jun-2021,17800,PE,0,0,0,2629.8,2897.2,0,0,0,0,19-APR-2021,
OPTIDX,FINNIFTY,24-Jun-2021,17900,PE,0,0,0,2707.7,2982.95,0,0,0,0,19-APR-2021,
OPTIDX,FINNIFTY,24-Jun-2021,18000,PE,0,0,0,2786.4,3069.45,0,0,0,0,19-APR-2021,
OPTIDX,FINNIFTY,24-Jun-2021,18100,PE,0,0,0,2865.25,3156.65,0,0,0,0,19-APR-2021,
OPTIDX,FINNIFTY,24-Jun-2021,18200,PE,0,0,0,2945.5,3244.5,0,0,0,0,19-APR-2021,
OPTIDX,FINNIFTY,24-Jun-2021,18300,PE,0,0,0,3026.45,3333,0,0,0,0,19-APR-2021,
OPTIDX,FINNIFTY,24-Jun-2021,18400,PE,0,0,0,3108.15,3422.1,0,0,0,0,19-APR-2021,
OPTIDX,FINNIFTY,24-Jun-2021,18500,PE,0,0,0,3190.6,3511.75,0,0,0,0,19-APR-2021,
OPTIDX,FINNIFTY,24-Jun-2021,18600,PE,0,0,0,3068.7,3601.95,0,0,0,0,19-APR-2021,
OPTIDX,FINNIFTY,24-Jun-2021,18700,PE,0,0,0,3151.05,3692.7,0,0,0,0,19-APR-2021,
OPTIDX,FINNIFTY,24-Jun-2021,18800,PE,0,0,0,2980.9,3783.9,0,0,0,0,19-APR-2021,
OPTIDX,FINNIFTY,24-Jun-2021,18900,PE,0,0,0,3062.15,3875.65,0,0,0,0,19-APR-2021,
OPTIDX,FINNIFTY,24-Jun-2021,19000,PE,0,0,0,3144.05,3967.8,0,0,0,0,19-APR-2021,
OPTIDX,NIFTY,22-Apr-2021,12800,CE,1511.4,1568.9,1440.35,1546.45,1546.45,33,355,1950,1800,19-APR-2021,
OPTIDX,NIFTY,22-Apr-2021,12850,CE,1441.95,1441.95,1387.9,1387.9,1513.3,2,21.39,0,0,19-APR-2021,
OPTIDX,NIFTY,22-Apr-2021,12900,CE,1417.9,1417.95,1341.35,1341.35,1463.3,3,32.15,150,75,19-APR-2021,
OPTIDX,NIFTY,22-Apr-2021,12950,CE,1345.35,1345.35,1345.25,1345.25,1413.35,3,32.16,150,150,19-APR-2021,
OPTIDX,NIFTY,22-Apr-2021,13000,CE,1329.7,1370.5,1242.2,1357.8,1357.8,73,785.2,3450,-1125,19-APR-2021,
OPTIDX,NIFTY,22-Apr-2021,13050,CE,1262.7,1262.7,1209.9,1209.9,1313.35,2,21.42,75,0,19-APR-2021,
OPTIDX,NIFTY,22-Apr-2021,13100,CE,1233,1233,1109.85,1163.6,1263.4,6,64.28,300,150,19-APR-2021,
OPTIDX,NIFTY,22-Apr-2021,13150,CE,1162.9,1162.9,1108.3,1108.3,1213.4,2,21.42,0,0,19-APR-2021,
OPTIDX,NIFTY,22-Apr-2021,13200,CE,1125.8,1180,1020,1142.25,1142.25,19,204.49,825,825,19-APR-2021,
OPTIDX,NIFTY,22-Apr-2021,13250,CE,1066.4,1066.4,1002.85,1002.85,1113.5,2,21.42,0,0,19-APR-2021,
OPTIDX,NIFTY,22-Apr-2021,13300,CE,960,1080,960,1060.5,1060.5,36,386.78,2025,1950,19-APR-2021,
OPTIDX,NIFTY,22-Apr-2021,13350,CE,986.45,1031.35,887.65,956,1013.7,16,171.86,300,225,19-APR-2021,
OPTIDX,NIFTY,22-Apr-2021,13400,CE,934.8,979.9,860,979.9,963.85,11,118.18,525,450,19-APR-2021,
OPTIDX,NIFTY,22-Apr-2021,13450,CE,891.35,917.95,801.95,917.95,917.95,6,64.47,225,225,19-APR-2021,
OPTIDX,NIFTY,22-Apr-2021,13500,CE,696.95,875.05,696.95,861.25,861.25,365,3918.55,12450,3375,19-APR-2021,
OPTIDX,NIFTY,22-Apr-2021,13550,CE,781.9,781.9,733,756.85,814.95,17,182.33,900,900,19-APR-2021,
OPTIDX,NIFTY,22-Apr-2021,13600,CE,691.45,778,633.75,741.7,741.7,79,848.39,2250,1800,19-APR-2021,
OPTIDX,NIFTY,22-Apr-2021,13650,CE,696.85,730.9,602.45,693.3,693.3,24,257.86,1050,1050,19-APR-2021,
OPTIDX,NIFTY,22-Apr-2021,13700,CE,638.6,683.35,531.3,655.7,655.7,269,2884.27,7125,3075,19-APR-2021,
OPTIDX,NIFTY,22-Apr-2021,13750,CE,544.4,633.25,497.45,580.45,620.15,92,987.06,2025,675,19-APR-2021,
OPTIDX,NIFTY,22-Apr-2021,13800,CE,550.6,590,445.5,575.4,575.4,733,7871.05,11925,6750,19-APR-2021,
OPTIDX,NIFTY,22-Apr-2021,13850,CE,508.65,539.45,402.05,531.65,531.65,79,848.11,1575,750,19-APR-2021,
OPTIDX,NIFTY,22-Apr-2021,13900,CE,437.95,510.9,361.3,482.4,482.4,958,10301.52,13950,11475,19-APR-2021,
OPTIDX,NIFTY,22-Apr-2021,13950,CE,390.6,451.45,323.25,448.4,448.4,472,5074.49,13500,12450,19-APR-2021,
OPTIDX,NIFTY,22-Apr-2021,14000,CE,378.7,426.9,282.55,392.15,392.15,16047,172659.29,89325,42525,19-APR-2021,
OPTIDX,NIFTY,22-Apr-2021,14050,CE,329.25,358.25,246.05,347.95,347.95,1129,12143.85,6225,4575,19-APR-2021,
OPTIDX,NIFTY,22-Apr-2021,14100,CE,308.5,337.45,212.45,306.4,306.4,24935,268686.89,112875,104775,19-APR-2021,
OPTIDX,NIFTY,22-Apr-2021,14150,CE,291.7,297.65,179.9,268.5,268.5,15022,161976.62,39450,37275,19-APR-2021,
OPTIDX,NIFTY,22-Apr-2021,14200,CE,264.6,264.6,151.9,229.05,229.05,208471,2250291.75,1195875,1087125,19-APR-2021,
OPTIDX,NIFTY,22-Apr-2021,14250,CE,187.65,226.1,125.1,192.6,192.6,124789,1348668.22,142800,122325,19-APR-2021,
OPTIDX,NIFTY,22-Apr-2021,14300,CE,195.4,195.4,100.8,159.05,159.05,624027,6756552.37,1758150,1589100,19-APR-2021,
OPTIDX,NIFTY,22-Apr-2021,14350,CE,135.65,152.95,79.45,127.25,127.25,242563,2630903.94,450600,432375,19-APR-2021,
OPTIDX,NIFTY,22-Apr-2021,14400,CE,100,131.05,60.9,99.15,99.15,635747,6907542.45,2201625,1888875,19-APR-2021,
OPTIDX,NIFTY,22-Apr-2021,14450,CE,105.05,105.05,45.8,75.25,75.25,210840,2295297.32,473775,390150,19-APR-2021,
OPTIDX,NIFTY,22-Apr-2021,14500,CE,90.45,90.45,33.75,55.5,55.5,724901,7909929.78,2590200,1821750,19-APR-2021,
OPTIDX,NIFTY,22-Apr-2021,14550,CE,36.5,72.05,24.6,40.1,40.1,199827,2186027.41,593625,378450,19-APR-2021,
OPTIDX,NIFTY,22-Apr-2021,14600,CE,59,59.9,17.65,28.35,28.35,566718,6216658.68,2071650,903075,19-APR-2021,
OPTIDX,NIFTY,22-Apr-2021,14650,CE,25.05,39.9,12.35,19.5,19.5,205744,2263493.48,1095825,520500,19-APR-2021,
OPTIDX,NIFTY,22-Apr-2021,14700,CE,39.95,39.95,8.85,13.2,13.2,448956,4954149.33,2964825,1238100,19-APR-2021,
OPTIDX,NIFTY,22-Apr-2021,14750,CE,25.05,25.1,6.5,8.8,8.8,126619,1401611.85,906525,513225,19-APR-2021,
OPTIDX,NIFTY,22-Apr-2021,14800,CE,15.5,28.9,5,6.15,6.15,312353,3468751.97,2751450,1026000,19-APR-2021,
OPTIDX,NIFTY,22-Apr-2021,14850,CE,15,23.3,3.75,4.6,4.6,86977,969065.48,1040025,524700,19-APR-2021,
OPTIDX,NIFTY,22-Apr-2021,14900,CE,15,17.9,3,3.5,3.5,275933,3084480.54,1963500,481950,19-APR-2021,
OPTIDX,NIFTY,22-Apr-2021,14950,CE,8.5,12.3,2.4,2.8,2.8,46302,519293.87,328125,-227025,19-APR-2021,
OPTIDX,NIFTY,22-Apr-2021,15000,CE,7.7,7.7,2.1,2.45,2.45,344235,3873501.19,4183425,1501875,19-APR-2021,
OPTIDX,NIFTY,22-Apr-2021,15050,CE,4.55,6.3,1.8,2.15,2.15,35499,400775.17,303150,-360975,19-APR-2021,
OPTIDX,NIFTY,22-Apr-2021,15100,CE,2.5,3.9,1.6,1.85,1.85,141956,1607933.13,1457850,-115200,19-APR-2021,
OPTIDX,NIFTY,22-Apr-2021,15150,CE,2.55,3.7,1.4,1.75,1.75,19893,226071.33,303525,-128925,19-APR-2021,
OPTIDX,NIFTY,22-Apr-2021,15200,CE,2.05,3.45,1.35,1.6,1.6,115019,1311414.18,1350075,-46200,19-APR-2021,
OPTIDX,NIFTY,22-Apr-2021,15250,CE,2,2.8,1.2,1.55,1.55,7572,86617.31,99975,-125550,19-APR-2021,
OPTIDX,NIFTY,22-Apr-2021,15300,CE,2,2.65,1.25,1.4,1.4,83915,963050.78,1072425,-455325,19-APR-2021,
OPTIDX,NIFTY,22-Apr-2021,15350,CE,1.8,2.4,1.1,1.4,1.4,3655,42083.47,60450,-29100,19-APR-2021,
OPTIDX,NIFTY,22-Apr-2021,15400,CE,1.7,2.4,1.15,1.35,1.35,50002,577590.52,815400,-95400,19-APR-2021,
OPTIDX,NIFTY,22-Apr-2021,15450,CE,1.75,2.35,0.8,1.25,1.25,2090,24220.58,12375,-9750,19-APR-2021,
OPTIDX,NIFTY,22-Apr-2021,15500,CE,1.85,2.35,1.05,1.25,1.25,127455,1481821.76,2168850,-462525,19-APR-2021,
OPTIDX,NIFTY,22-Apr-2021,15550,CE,0.7,2,0.7,1,1,852,9937.45,15675,-7125,19-APR-2021,
OPTIDX,NIFTY,22-Apr-2021,15600,CE,1.95,2.2,1,1.15,1.15,20587,240890.98,356625,-110175,19-APR-2021,
OPTIDX,NIFTY,22-Apr-2021,15650,CE,1.4,1.95,0.95,1.1,1.1,450,5282.38,4950,-3150,19-APR-2021,
OPTIDX,NIFTY,22-Apr-2021,15700,CE,1.3,1.95,0.95,1.1,1.1,11155,131361.89,243000,-2925,19-APR-2021,
OPTIDX,NIFTY,22-Apr-2021,15750,CE,1.6,1.75,0.7,0.95,0.95,353,4170.18,4275,-375,19-APR-2021,
OPTIDX,NIFTY,22-Apr-2021,15800,CE,1,1.75,0.85,1.05,1.05,9234,109432,163350,-34725,19-APR-2021,
OPTIDX,NIFTY,22-Apr-2021,15850,CE,1.1,1.1,1,1.05,1.05,40,475.53,75,0,19-APR-2021,
OPTIDX,NIFTY,22-Apr-2021,15900,CE,1.15,1.65,0.95,1.05,1.05,3607,43016.79,59550,1875,19-APR-2021,
OPTIDX,NIFTY,22-Apr-2021,15950,CE,1.5,1.65,0.8,0.9,0.9,179,2141.46,1275,1200,19-APR-2021,
OPTIDX,NIFTY,22-Apr-2021,16000,CE,0.85,2,0.75,1,1,35228,422767.01,1117125,-76575,19-APR-2021,
OPTIDX,NIFTY,22-Apr-2021,16050,CE,1.35,1.4,0.8,0.95,0.95,74,890.84,750,-225,19-APR-2021,
OPTIDX,NIFTY,22-Apr-2021,16100,CE,1.4,1.4,0.8,1.05,1.05,982,11858.49,28575,20175,19-APR-2021,
OPTIDX,NIFTY,22-Apr-2021,16150,CE,1.15,2,0.7,0.8,0.8,199,2410.55,4050,3450,19-APR-2021,
OPTIDX,NIFTY,22-Apr-2021,16200,CE,1.2,1.35,0.7,1,1,1963,23852.08,35550,10950,19-APR-2021,
OPTIDX,NIFTY,22-Apr-2021,16250,CE,1.2,1.45,0.6,0.85,0.85,161,1962.31,3600,3375,19-APR-2021,
OPTIDX,NIFTY,22-Apr-2021,16300,CE,0.8,1.25,0.65,1.05,1.05,1318,16113.59,37800,9300,19-APR-2021,
OPTIDX,NIFTY,22-Apr-2021,16350,CE,1,1.05,0.75,0.75,0.75,11,134.89,150,-225,19-APR-2021,
OPTIDX,NIFTY,22-Apr-2021,16400,CE,1.1,1.2,0.75,0.95,0.95,1102,13555.46,35700,24525,19-APR-2021,
OPTIDX,NIFTY,22-Apr-2021,16450,CE,1.05,1.25,0.5,0.8,0.8,48,592.23,2175,-150,19-APR-2021,
OPTIDX,NIFTY,22-Apr-2021,16500,CE,1,1.2,0.65,0.8,0.8,16805,207974.2,652500,-79425,19-APR-2021,
OPTIDX,NIFTY,22-Apr-2021,16550,CE,0.6,1.2,0.6,0.85,0.85,6261,77719.13,825,450,19-APR-2021,
OPTIDX,NIFTY,22-Apr-2021,16600,CE,1,1.2,0.75,0.95,0.95,2652,33019.3,200250,6225,19-APR-2021,
OPTIDX,NIFTY,22-Apr-2021,16650,CE,1.45,1.65,0.7,0.85,0.85,125,1561.03,4425,-450,19-APR-2021,
OPTIDX,NIFTY,22-Apr-2021,16700,CE,1.1,1.15,0.6,0.7,0.7,12379,155055.05,776700,99975,19-APR-2021,
OPTIDX,NIFTY,22-Apr-2021,16750,CE,0.85,1.05,0.55,0.7,0.7,5873,73783.1,756825,89100,19-APR-2021,
OPTIDX,NIFTY,22-Apr-2021,12800,PE,2.55,4.9,2.4,2.95,2.95,98946,950115.29,2839575,1630125,19-APR-2021,
OPTIDX,NIFTY,22-Apr-2021,12850,PE,15,15,2.35,3.05,3.05,3472,33470.57,24975,13650,19-APR-2021,
OPTIDX,NIFTY,22-Apr-2021,12900,PE,4.9,6.9,2.5,3.1,3.1,13400,129682.89,258225,51525,19-APR-2021,
OPTIDX,NIFTY,22-Apr-2021,12950,PE,5.4,6.75,2.5,3.35,3.35,2404,23356.15,18075,3450,19-APR-2021,
OPTIDX,NIFTY,22-Apr-2021,13000,PE,5.4,12.5,2.95,3.5,3.5,113438,1106390.24,2200275,272625,19-APR-2021,
OPTIDX,NIFTY,22-Apr-2021,13050,PE,4.5,8.5,3.05,3.65,3.65,3531,34572.27,23400,17100,19-APR-2021,
OPTIDX,NIFTY,22-Apr-2021,13100,PE,4.95,8.5,3,4,4,34818,342225.97,319050,38625,19-APR-2021,
OPTIDX,NIFTY,22-Apr-2021,13150,PE,8.25,10,3.2,4.3,4.3,6065,59842.25,30150,3225,19-APR-2021,
OPTIDX,NIFTY,22-Apr-2021,13200,PE,5,10.7,4.15,4.75,4.75,65793,651668,936750,135525,19-APR-2021,
OPTIDX,NIFTY,22-Apr-2021,13250,PE,11.8,12.6,2,5.15,5.15,10336,102768.16,59925,35475,19-APR-2021,
OPTIDX,NIFTY,22-Apr-2021,13300,PE,5.15,14.35,5.15,5.65,5.65,67806,676782.34,989175,348900,19-APR-2021,
OPTIDX,NIFTY,22-Apr-2021,13350,PE,14.3,19.65,5.75,6.3,6.3,13673,136994.01,56925,41100,19-APR-2021,
OPTIDX,NIFTY,22-Apr-2021,13400,PE,22,25,6.6,7.1,7.1,73266,736885.06,898275,224550,19-APR-2021,
OPTIDX,NIFTY,22-Apr-2021,13450,PE,14.95,23.6,7.25,8.05,8.05,13677,138081.5,63450,20325,19-APR-2021,
OPTIDX,NIFTY,22-Apr-2021,13500,PE,26.7,26.7,8.2,9.25,9.25,171268,1735899.43,2087325,-69150,19-APR-2021,
OPTIDX,NIFTY,22-Apr-2021,13550,PE,16.7,30.7,9.05,10.35,10.35,19324,196597.96,79125,40200,19-APR-2021,
OPTIDX,NIFTY,22-Apr-2021,13600,PE,30,36.9,10.65,12.05,12.05,118624,1211568.15,987300,270675,19-APR-2021,
OPTIDX,NIFTY,22-Apr-2021,13650,PE,36.15,43.8,12,13.75,13.75,31370,321615.07,139275,25500,19-APR-2021,
OPTIDX,NIFTY,22-Apr-2021,13700,PE,28.45,44,14.05,16,16,148810,1531697.19,1202700,416625,19-APR-2021,
OPTIDX,NIFTY,22-Apr-2021,13750,PE,27.95,53.2,16.4,18.55,18.55,38280,395536.75,176625,17025,19-APR-2021,
OPTIDX,NIFTY,22-Apr-2021,13800,PE,31.35,56.9,19.2,21.75,21.75,239404,2483666.74,1480950,130650,19-APR-2021,
OPTIDX,NIFTY,22-Apr-2021,13850,PE,30.1,69.4,22.1,25.3,25.3,53500,557193.13,239325,40875,19-APR-2021,
OPTIDX,NIFTY,22-Apr-2021,13900,PE,32,73.15,26.3,29.6,29.6,232913,2435664.39,1326525,448875,19-APR-2021,
OPTIDX,NIFTY,22-Apr-2021,13950,PE,38.95,81.95,30.2,34.75,34.75,79178,831443.97,301800,116850,19-APR-2021,
OPTIDX,NIFTY,22-Apr-2021,14000,PE,59.95,93.5,35.7,40.8,40.8,690234,7277790.88,3277950,1002525,19-APR-2021,
OPTIDX,NIFTY,22-Apr-2021,14050,PE,74.65,106.1,40.45,47.75,47.75,146832,1554764.22,398550,250125,19-APR-2021,
OPTIDX,NIFTY,22-Apr-2021,14100,PE,66,124.9,48.3,55.9,55.9,427938,4551146.78,1611750,892425,19-APR-2021,
OPTIDX,NIFTY,22-Apr-2021,14150,PE,74.95,139.65,56.7,65.65,65.65,137003,1463355.6,399600,190275,19-APR-2021,
OPTIDX,NIFTY,22-Apr-2021,14200,PE,80.15,160,67.55,77.15,77.15,687167,7374402.69,2749350,1406850,19-APR-2021,
OPTIDX,NIFTY,22-Apr-2021,14250,PE,120,211.2,80,91.1,91.1,222941,2403621.14,559875,340725,19-APR-2021,
OPTIDX,NIFTY,22-Apr-2021,14300,PE,145,207.2,95.75,107.25,107.25,681679,7382900.74,2490000,951825,19-APR-2021,
OPTIDX,NIFTY,22-Apr-2021,14350,PE,130.95,235.45,113.65,125.5,125.5,131962,1435480.29,442200,91575,19-APR-2021,
OPTIDX,NIFTY,22-Apr-2021,14400,PE,125,267,125,147.7,147.7,249988,2735603.81,1113975,-548550,19-APR-2021,
OPTIDX,NIFTY,22-Apr-2021,14450,PE,200,304.8,158.15,173.9,173.9,37672,414477.4,191400,-228900,19-APR-2021,
OPTIDX,NIFTY,22-Apr-2021,14500,PE,251,339,188.55,204.5,204.5,155328,1719326.85,936075,-984300,19-APR-2021,
OPTIDX,NIFTY,22-Apr-2021,14550,PE,202,384.9,202,237.15,237.15,13625,151747.22,127650,-177750,19-APR-2021,
OPTIDX,NIFTY,22-Apr-2021,14600,PE,250,422.4,250,276.1,276.1,67679,758499.72,542100,-1107075,19-APR-2021,
OPTIDX,NIFTY,22-Apr-2021,14650,PE,263.7,467.75,263.7,317.95,317.95,11500,129712.82,109725,-295350,19-APR-2021,
OPTIDX,NIFTY,22-Apr-2021,14700,PE,438.5,517.15,331.1,360.85,360.85,27211,308812.72,391125,-507600,19-APR-2021,
OPTIDX,NIFTY,22-Apr-2021,14750,PE,390,560,302.55,405.35,405.35,1541,17598.15,34275,-9975,19-APR-2021,
OPTIDX,NIFTY,22-Apr-2021,14800,PE,424.1,610,424.1,454.65,454.65,4980,57229.01,190575,-87900,19-APR-2021,
OPTIDX,NIFTY,22-Apr-2021,14850,PE,593.75,658,490.55,497.8,497.8,434,5019.49,18675,1500,19-APR-2021,
OPTIDX,NIFTY,22-Apr-2021,14900,PE,552.9,707.5,526.1,549.95,549.95,1139,13244.01,62850,-10050,19-APR-2021,
OPTIDX,NIFTY,22-Apr-2021,14950,PE,624.5,750,590.75,594.85,594.85,111,1299.36,10875,-3300,19-APR-2021,
OPTIDX,NIFTY,22-Apr-2021,15000,PE,702.35,807,630,650.3,650.3,1321,15563.92,398850,-23025,19-APR-2021,
OPTIDX,NIFTY,22-Apr-2021,15050,PE,717.4,855.2,696.4,720.15,691.25,46,546.85,6450,-1350,19-APR-2021,
OPTIDX,NIFTY,22-Apr-2021,15100,PE,762.5,905.65,738.25,751.7,751.7,154,1839.24,17025,-5100,19-APR-2021,
OPTIDX,NIFTY,22-Apr-2021,15150,PE,895.95,896,784.25,784.25,788.65,8,95.85,975,75,19-APR-2021,
OPTIDX,NIFTY,22-Apr-2021,15200,PE,874.05,992.4,834.65,844.75,844.75,125,1510.59,25800,-2250,19-APR-2021,
OPTIDX,NIFTY,22-Apr-2021,15250,PE,958.1,1042.65,883.35,894.85,894.85,10,121.27,600,225,19-APR-2021,
OPTIDX,NIFTY,22-Apr-2021,15300,PE,965.7,1095.35,952.4,965,965,57,698.28,13500,-2775,19-APR-2021,
OPTIDX,NIFTY,22-Apr-2021,15350,PE,1029.15,1096.45,1000.6,1002.65,1002.65,10,122.87,300,-225,19-APR-2021,
OPTIDX,NIFTY,22-Apr-2021,15400,PE,0,0,0,826.95,1036.35,0,0,225,0,19-APR-2021,
OPTIDX,NIFTY,22-Apr-2021,15450,PE,1129.45,1196.45,1129.45,1160.2,1086.2,5,62.3,225,0,19-APR-2021,
OPTIDX,NIFTY,22-Apr-2021,15500,PE,1209.95,1301.15,1132.5,1145.25,1145.25,75,939.35,6000,-1125,19-APR-2021,
OPTIDX,NIFTY,22-Apr-2021,15550,PE,1192.15,1192.15,1192.15,1192.15,1186.05,1,12.55,75,75,19-APR-2021,
OPTIDX,NIFTY,22-Apr-2021,15600,PE,0,0,0,979.35,1236,0,0,975,0,19-APR-2021,
OPTIDX,NIFTY,22-Apr-2021,15650,PE,0,0,0,1050.4,1285.95,0,0,0,0,19-APR-2021,
OPTIDX,NIFTY,22-Apr-2021,15700,PE,1382.75,1445.5,1382.75,1445.5,1335.9,2,25.67,225,0,19-APR-2021,
OPTIDX,NIFTY,22-Apr-2021,15750,PE,0,0,0,1022.2,1385.9,0,0,0,0,19-APR-2021,
OPTIDX,NIFTY,22-Apr-2021,15800,PE,1466.05,1559.15,1440,1444,1444,9,116.71,1350,300,19-APR-2021,
OPTIDX,NIFTY,22-Apr-2021,15850,PE,0,0,0,1086.45,1485.85,0,0,0,0,19-APR-2021,
OPTIDX,NIFTY,22-Apr-2021,15900,PE,0,0,0,1265.5,1535.85,0,0,75,0,19-APR-2021,
OPTIDX,NIFTY,22-Apr-2021,15950,PE,0,0,0,1152.65,1585.8,0,0,0,0,19-APR-2021,
OPTIDX,NIFTY,22-Apr-2021,16000,PE,1693.8,1746.25,1693.8,1746.25,1635.8,2,26.58,1350,0,19-APR-2021,
OPTIDX,NIFTY,22-Apr-2021,16050,PE,0,0,0,1220.7,1685.8,0,0,0,0,19-APR-2021,
OPTIDX,NIFTY,22-Apr-2021,16100,PE,0,0,0,1255.45,1735.75,0,0,0,0,19-APR-2021,
OPTIDX,NIFTY,22-Apr-2021,16150,PE,0,0,0,1290.6,1785.75,0,0,0,0,19-APR-2021,
OPTIDX,NIFTY,22-Apr-2021,16200,PE,0,0,0,1326.25,1835.75,0,0,0,0,19-APR-2021,
OPTIDX,NIFTY,22-Apr-2021,16250,PE,0,0,0,1362.3,1885.7,0,0,0,0,19-APR-2021,
OPTIDX,NIFTY,22-Apr-2021,16300,PE,0,0,0,1398.75,1935.7,0,0,0,0,19-APR-2021,
OPTIDX,NIFTY,22-Apr-2021,16350,PE,0,0,0,1436.35,1985.7,0,0,0,0,19-APR-2021,
OPTIDX,NIFTY,22-Apr-2021,16400,PE,0,0,0,1473.7,2035.7,0,0,0,0,19-APR-2021,
OPTIDX,NIFTY,22-Apr-2021,16450,PE,0,0,0,1511.5,2085.65,0,0,0,0,19-APR-2021,
OPTIDX,NIFTY,22-Apr-2021,16500,PE,0,0,0,1549.65,2135.65,0,0,0,0,19-APR-2021,
OPTIDX,NIFTY,22-Apr-2021,16550,PE,0,0,0,1588.2,2185.65,0,0,0,0,19-APR-2021,
OPTIDX,NIFTY,22-Apr-2021,16600,PE,0,0,0,1626.5,2235.6,0,0,0,0,19-APR-2021,
OPTIDX,NIFTY,22-Apr-2021,16650,PE,0,0,0,1530.9,2285.6,0,0,0,0,19-APR-2021,
OPTIDX,NIFTY,22-Apr-2021,16700,PE,0,0,0,1570.75,2335.6,0,0,0,0,19-APR-2021,
OPTIDX,NIFTY,22-Apr-2021,16750,PE,0,0,0,1611,2385.55,0,0,0,0,19-APR-2021,
OPTIDX,NIFTY,29-Apr-2021,12150,CE,2111.6,2240,2090,2191,2221.55,42,451.38,139050,-300,19-APR-2021,
OPTIDX,NIFTY,29-Apr-2021,12200,CE,2125,2194.8,2050,2164.15,2164.15,27,289.83,177225,-525,19-APR-2021,
OPTIDX,NIFTY,29-Apr-2021,12250,CE,0,0,0,1699.1,2121.7,0,0,0,0,19-APR-2021,
OPTIDX,NIFTY,29-Apr-2021,12300,CE,2010.35,2010.35,2010.35,2010.35,2071.75,1,10.73,13875,0,19-APR-2021,
OPTIDX,NIFTY,29-Apr-2021,12350,CE,0,0,0,1783.7,2021.85,0,0,0,0,19-APR-2021,
OPTIDX,NIFTY,29-Apr-2021,12400,CE,0,0,0,2264.45,1971.95,0,0,3900,0,19-APR-2021,
OPTIDX,NIFTY,29-Apr-2021,12450,CE,0,0,0,1706.9,1922.05,0,0,0,0,19-APR-2021,
OPTIDX,NIFTY,29-Apr-2021,12500,CE,1810.25,1902,1725,1874.7,1874.7,669,7188.12,641775,-32475,19-APR-2021,
OPTIDX,NIFTY,29-Apr-2021,12550,CE,0,0,0,1631.85,1822.3,0,0,0,0,19-APR-2021,
OPTIDX,NIFTY,29-Apr-2021,12600,CE,1708.3,1708.3,1708.3,1708.3,1772.45,1,10.73,7800,0,19-APR-2021,
OPTIDX,NIFTY,29-Apr-2021,12650,CE,0,0,0,1558.95,1722.65,0,0,0,0,19-APR-2021,
OPTIDX,NIFTY,29-Apr-2021,12700,CE,1612.75,1612.75,1542,1542,1672.9,3,32.11,4725,-225,19-APR-2021,
OPTIDX,NIFTY,29-Apr-2021,12750,CE,0,0,0,1487.35,1623.2,0,0,0,0,19-APR-2021,
OPTIDX,NIFTY,29-Apr-2021,12800,CE,1511,1584.1,1511,1578.05,1578.05,5,53.82,8400,75,19-APR-2021,
OPTIDX,NIFTY,29-Apr-2021,12850,CE,0,0,0,1798.35,1524,0,0,75,0,19-APR-2021,
OPTIDX,NIFTY,29-Apr-2021,12900,CE,0,0,0,1742.4,1474.6,0,0,4425,0,19-APR-2021,
OPTIDX,NIFTY,29-Apr-2021,12950,CE,0,0,0,1785.45,1425.25,0,0,75,0,19-APR-2021,
OPTIDX,NIFTY,29-Apr-2021,13000,CE,1350.05,1401.15,1232,1382.7,1382.7,978,10496.24,611025,-42825,19-APR-2021,
OPTIDX,NIFTY,29-Apr-2021,13050,CE,0,0,0,1572.65,1327.05,0,0,300,0,19-APR-2021,
OPTIDX,NIFTY,29-Apr-2021,13100,CE,1200,1200,1200,1200,1278.25,1,10.72,9825,0,19-APR-2021,
OPTIDX,NIFTY,29-Apr-2021,13150,CE,0,0,0,1488.4,1229.7,0,0,75,0,19-APR-2021,
OPTIDX,NIFTY,29-Apr-2021,13200,CE,1136.45,1200,1057.05,1200,1181.4,11,118.15,17475,-225,19-APR-2021,
OPTIDX,NIFTY,29-Apr-2021,13250,CE,1095.85,1095.85,1064.9,1064.9,1133.45,2,21.49,150,75,19-APR-2021,
OPTIDX,NIFTY,29-Apr-2021,13300,CE,1046.85,1078,957.85,1078,1085.9,37,397.87,13950,375,19-APR-2021,
OPTIDX,NIFTY,29-Apr-2021,13350,CE,980.9,980.9,972.3,972.3,1038.7,2,21.48,75,75,19-APR-2021,
OPTIDX,NIFTY,29-Apr-2021,13400,CE,860,860,860,860,992,4,42.78,3825,300,19-APR-2021,
OPTIDX,NIFTY,29-Apr-2021,13450,CE,887.05,887.05,886.3,886.3,945.85,2,21.5,150,75,19-APR-2021,
OPTIDX,NIFTY,29-Apr-2021,13500,CE,869.1,945.55,780,912.1,912.1,1346,14487.98,343050,-16350,19-APR-2021,
OPTIDX,NIFTY,29-Apr-2021,13550,CE,794.65,794.65,794.65,794.65,855.45,1,10.75,300,0,19-APR-2021,
OPTIDX,NIFTY,29-Apr-2021,13600,CE,774.2,840.55,683,823,823,45,484.82,15300,1350,19-APR-2021,
OPTIDX,NIFTY,29-Apr-2021,13650,CE,0,0,0,1040,767.9,0,0,375,0,19-APR-2021,
OPTIDX,NIFTY,29-Apr-2021,13700,CE,750,750,617.05,727.55,727.55,94,1012.24,15075,-1200,19-APR-2021,
OPTIDX,NIFTY,29-Apr-2021,13750,CE,589.25,643,589.25,643,683.85,3,32.33,525,75,19-APR-2021,
OPTIDX,NIFTY,29-Apr-2021,13800,CE,637.95,651.2,532,644.05,644.05,276,2977.12,18375,-1050,19-APR-2021,
OPTIDX,NIFTY,29-Apr-2021,13850,CE,509.5,509.5,509.5,509.5,603.85,1,10.76,3300,0,19-APR-2021,
OPTIDX,NIFTY,29-Apr-2021,13900,CE,541.65,584.25,447.45,561.15,561.15,715,7728.08,21750,3450,19-APR-2021,
OPTIDX,NIFTY,29-Apr-2021,13950,CE,442,481.85,415,481.85,528.25,83,895.03,2025,-4800,19-APR-2021,
OPTIDX,NIFTY,29-Apr-2021,14000,CE,404.35,507.9,378.55,478.85,478.85,7565,81886.51,505650,79650,19-APR-2021,
OPTIDX,NIFTY,29-Apr-2021,14050,CE,410.5,456.35,349,446.3,446.3,140,1518.34,7350,5475,19-APR-2021,
OPTIDX,NIFTY,29-Apr-2021,14100,CE,400,475.6,312.65,403,403,3354,36375.83,64125,25050,19-APR-2021,
OPTIDX,NIFTY,29-Apr-2021,14150,CE,339.05,389.35,284.6,369.1,369.1,691,7509.75,8775,3150,19-APR-2021,
OPTIDX,NIFTY,29-Apr-2021,14200,CE,373.15,373.15,253,332.5,332.5,20250,220112.24,222525,162150,19-APR-2021,
OPTIDX,NIFTY,29-Apr-2021,14250,CE,280.05,323.15,225.7,299.4,299.4,5227,56877.61,44175,31350,19-APR-2021,
OPTIDX,NIFTY,29-Apr-2021,14300,CE,280,291,199.45,266.15,266.15,61202,667286.18,619800,469725,19-APR-2021,
OPTIDX,NIFTY,29-Apr-2021,14350,CE,218,257.25,174.5,236.45,236.45,5646,61678.67,43350,7725,19-APR-2021,
OPTIDX,NIFTY,29-Apr-2021,14400,CE,214.75,227.85,150.85,207.75,207.75,42391,463669.13,535350,158025,19-APR-2021,
OPTIDX,NIFTY,29-Apr-2021,14450,CE,159.75,198.55,129.75,180.1,180.1,4733,51857.86,63300,15600,19-APR-2021,
OPTIDX,NIFTY,29-Apr-2021,14500,CE,155.1,185.05,111.2,156.2,156.2,77220,847684.21,1653000,246600,19-APR-2021,
OPTIDX,NIFTY,29-Apr-2021,14550,CE,158.85,158.9,94.6,133.7,133.7,5085,55937.99,68175,28575,19-APR-2021,
OPTIDX,NIFTY,29-Apr-2021,14600,CE,147.05,147.05,78.3,112.45,112.45,51734,570249,1230225,215025,19-APR-2021,
OPTIDX,NIFTY,29-Apr-2021,14650,CE,79.75,107.4,66.85,94.65,94.65,8459,93470.92,114750,51900,19-APR-2021,
OPTIDX,NIFTY,29-Apr-2021,14700,CE,58.25,99.8,56.2,78.6,78.6,60444,669482.9,1105200,202725,19-APR-2021,
OPTIDX,NIFTY,29-Apr-2021,14750,CE,76.15,78.7,47.2,65.05,65.05,7153,79443.4,93750,32325,19-APR-2021,
OPTIDX,NIFTY,29-Apr-2021,14800,CE,36.55,72.9,36.5,53.45,53.45,58217,648272.71,1312275,33075,19-APR-2021,
OPTIDX,NIFTY,29-Apr-2021,14850,CE,50.05,53.65,30.05,43.75,43.75,5131,57298.65,109950,9525,19-APR-2021,
OPTIDX,NIFTY,29-Apr-2021,14900,CE,44.85,46.2,26.35,35.55,35.55,46251,517970.38,804225,-279075,19-APR-2021,
OPTIDX,NIFTY,29-Apr-2021,14950,CE,40.05,40.15,22.6,29,29,7111,79874.6,108300,5700,19-APR-2021,
OPTIDX,NIFTY,29-Apr-2021,15000,CE,31.05,41,18.65,23.6,23.6,82948,934553.43,2699550,182550,19-APR-2021,
OPTIDX,NIFTY,29-Apr-2021,15050,CE,15.65,22.85,15.5,19,19,4713,53262.27,102300,3375,19-APR-2021,
OPTIDX,NIFTY,29-Apr-2021,15100,CE,24.95,29.9,12.5,14.9,14.9,35616,403744.94,732225,-110475,19-APR-2021,
OPTIDX,NIFTY,29-Apr-2021,15150,CE,22.35,22.35,10.05,12.15,12.15,4061,46180.72,147750,-30000,19-APR-2021,
OPTIDX,NIFTY,29-Apr-2021,15200,CE,12,20,8.8,9.95,9.95,43140,492132.84,955425,-357450,19-APR-2021,
OPTIDX,NIFTY,29-Apr-2021,15250,CE,6.65,13,6.65,8.85,8.85,5574,63790.11,165525,-58425,19-APR-2021,
OPTIDX,NIFTY,29-Apr-2021,15300,CE,7.25,10,6.25,7,7,25901,297361.63,576525,-324225,19-APR-2021,
OPTIDX,NIFTY,29-Apr-2021,15350,CE,8.05,8.55,5.3,5.9,5.9,4696,54086.08,71175,-14325,19-APR-2021,
OPTIDX,NIFTY,29-Apr-2021,15400,CE,6.15,7.85,4.1,4.75,4.75,19930,230277.36,447900,-132525,19-APR-2021,
OPTIDX,NIFTY,29-Apr-2021,15450,CE,5.5,6.9,4,4.25,4.25,608,7047.64,47625,-4125,19-APR-2021,
OPTIDX,NIFTY,29-Apr-2021,15500,CE,6.8,6.8,3.3,3.85,3.85,24311,282702.56,1507500,-114525,19-APR-2021,
OPTIDX,NIFTY,29-Apr-2021,15550,CE,5.1,5.35,3.15,3.6,3.6,605,7057.83,49950,-8325,19-APR-2021,
OPTIDX,NIFTY,29-Apr-2021,15600,CE,3.6,7.7,2.8,3.2,3.2,9796,114643.24,287775,-113625,19-APR-2021,
OPTIDX,NIFTY,29-Apr-2021,15650,CE,6.35,8.95,2.7,2.8,2.8,293,3439.93,17400,-7200,19-APR-2021,
OPTIDX,NIFTY,29-Apr-2021,15700,CE,2.55,4.65,2.25,2.4,2.4,5319,62643.85,322350,-30075,19-APR-2021,
OPTIDX,NIFTY,29-Apr-2021,15750,CE,2.3,3.85,2.25,2.55,2.55,171,2020.33,21375,-2925,19-APR-2021,
OPTIDX,NIFTY,29-Apr-2021,15800,CE,2.6,3.85,2.15,2.35,2.35,3043,36066.2,286875,-50100,19-APR-2021,
OPTIDX,NIFTY,29-Apr-2021,15850,CE,2.4,3.45,2.2,2.35,2.35,45,535.03,9150,-2175,19-APR-2021,
OPTIDX,NIFTY,29-Apr-2021,15900,CE,3.05,3.7,2.15,2.45,2.45,2556,30485.72,242250,-79275,19-APR-2021,
OPTIDX,NIFTY,29-Apr-2021,15950,CE,3,3.9,2.05,2.3,2.3,111,1328.06,15375,75,19-APR-2021,
OPTIDX,NIFTY,29-Apr-2021,16000,CE,2.55,3.1,2.05,2.3,2.3,6126,73524,1246650,-113775,19-APR-2021,
OPTIDX,NIFTY,29-Apr-2021,16050,CE,2,3.2,1.85,2,2,54,650.12,43950,375,19-APR-2021,
OPTIDX,NIFTY,29-Apr-2021,16100,CE,2.5,4,1.7,2.15,2.15,906,10941.53,149850,-7950,19-APR-2021,
OPTIDX,NIFTY,29-Apr-2021,16150,CE,3.9,4.4,2.5,3.35,3.35,10,121.15,600,600,19-APR-2021,
OPTIDX,NIFTY,29-Apr-2021,16200,CE,2.3,3,1.45,2.1,2.1,580,7047.97,110625,-11250,19-APR-2021,
OPTIDX,NIFTY,29-Apr-2021,16250,CE,2.2,3.3,2.2,2.3,2.3,21,255.97,3525,975,19-APR-2021,
OPTIDX,NIFTY,29-Apr-2021,16300,CE,1.8,3.1,1.75,2.2,2.2,417,5098.55,80175,-5400,19-APR-2021,
OPTIDX,NIFTY,29-Apr-2021,16350,CE,1.25,2.9,1.2,2.9,0.65,16,196.22,4275,75,19-APR-2021,
OPTIDX,NIFTY,29-Apr-2021,16400,CE,1.9,2.7,1.6,2.15,2.15,201,2472.61,36075,-3075,19-APR-2021,
OPTIDX,NIFTY,29-Apr-2021,16450,CE,2.95,2.95,2.95,2.95,0.45,1,12.33,75,75,19-APR-2021,
OPTIDX,NIFTY,29-Apr-2021,16500,CE,2,2.4,1.95,2.1,2.1,2029,25112.15,556200,-34050,19-APR-2021,
OPTIDX,NIFTY,29-Apr-2021,16550,CE,1.25,3.1,1.25,1.6,0.3,39,484.16,2925,1425,19-APR-2021,
OPTIDX,NIFTY,29-Apr-2021,16600,CE,2,2.45,1.6,2.05,2.05,100,1245.15,27825,-2100,19-APR-2021,
OPTIDX,NIFTY,29-Apr-2021,16650,CE,2.25,3.45,1.3,1.8,0.2,283,3534.43,22200,-525,19-APR-2021,
OPTIDX,NIFTY,29-Apr-2021,16700,CE,1.7,2.5,1.7,2.1,2.1,88,1102.34,29325,2925,19-APR-2021,
OPTIDX,NIFTY,29-Apr-2021,16750,CE,2.95,3.75,2.2,2.2,0.15,16,201.03,1050,1050,19-APR-2021,
OPTIDX,NIFTY,29-Apr-2021,16800,CE,2.8,2.95,1.4,1.75,1.75,899,11328.72,376500,-8025,19-APR-2021,
OPTIDX,NIFTY,29-Apr-2021,12150,PE,9,9,4,4.6,4.6,1448,13200.74,201300,1500,19-APR-2021,
OPTIDX,NIFTY,29-Apr-2021,12200,PE,3.25,7.2,3.25,4.8,4.8,2072,18967.54,276000,-1275,19-APR-2021,
OPTIDX,NIFTY,29-Apr-2021,12250,PE,9.7,9.7,4.2,4.9,4.9,185,1700.52,8025,-1725,19-APR-2021,
OPTIDX,NIFTY,29-Apr-2021,12300,PE,4.95,7.1,4.9,5.3,5.3,910,8398.83,31200,600,19-APR-2021,
OPTIDX,NIFTY,29-Apr-2021,12350,PE,0,0,0,4.8,0.1,0,0,975,0,19-APR-2021,
OPTIDX,NIFTY,29-Apr-2021,12400,PE,9.7,9.7,5.35,5.8,5.8,825,7676.52,24600,1650,19-APR-2021,
OPTIDX,NIFTY,29-Apr-2021,12450,PE,7.95,8.8,5.25,6.25,6.25,103,962.3,3525,2250,19-APR-2021,
OPTIDX,NIFTY,29-Apr-2021,12500,PE,6.45,22.4,5.05,6.35,6.35,6060,56844.96,1179900,-15675,19-APR-2021,
OPTIDX,NIFTY,29-Apr-2021,12550,PE,10,10,6.5,8,8,110,1036.11,6900,6900,19-APR-2021,
OPTIDX,NIFTY,29-Apr-2021,12600,PE,18.5,18.5,6.6,7.5,7.5,1036,9796.57,34500,10050,19-APR-2021,
OPTIDX,NIFTY,29-Apr-2021,12650,PE,0,0,0,274.3,0.65,0,0,0,0,19-APR-2021,
OPTIDX,NIFTY,29-Apr-2021,12700,PE,26.65,26.7,7.65,8.85,8.85,1596,15213.01,31200,-22950,19-APR-2021,
OPTIDX,NIFTY,29-Apr-2021,12750,PE,12.5,12.5,9,9.3,9.3,7,66.99,450,150,19-APR-2021,
OPTIDX,NIFTY,29-Apr-2021,12800,PE,12.95,14,8,10.3,10.3,2309,22185.97,200400,11250,19-APR-2021,
OPTIDX,NIFTY,29-Apr-2021,12850,PE,14.9,20,9.3,11.75,11.75,80,771.72,6525,3225,19-APR-2021,
OPTIDX,NIFTY,29-Apr-2021,12900,PE,8.35,18,8.35,11.85,11.85,2557,24764.31,203700,9225,19-APR-2021,
OPTIDX,NIFTY,29-Apr-2021,12950,PE,14.95,18.7,10.55,12.75,12.75,101,982.07,7650,150,19-APR-2021,
OPTIDX,NIFTY,29-Apr-2021,13000,PE,15,20.55,13.05,14.4,14.4,24852,242618.66,1683150,180525,19-APR-2021,
OPTIDX,NIFTY,29-Apr-2021,13050,PE,11.15,23.9,11.15,15.35,15.35,979,9595.6,24675,-9450,19-APR-2021,
OPTIDX,NIFTY,29-Apr-2021,13100,PE,9.45,29.7,9.45,17.05,17.05,6212,61126,155925,11400,19-APR-2021,
OPTIDX,NIFTY,29-Apr-2021,13150,PE,14,28.75,13.95,18.5,18.5,1211,11964.08,29100,3675,19-APR-2021,
OPTIDX,NIFTY,29-Apr-2021,13200,PE,24.95,31.05,18,20.3,20.3,10923,108341.41,396150,156225,19-APR-2021,
OPTIDX,NIFTY,29-Apr-2021,13250,PE,35.25,35.25,20.55,22.85,22.85,2824,28122.38,86175,72225,19-APR-2021,
OPTIDX,NIFTY,29-Apr-2021,13300,PE,23.95,39.25,16.05,25.15,25.15,12870,128670.97,460725,148350,19-APR-2021,
OPTIDX,NIFTY,29-Apr-2021,13350,PE,31.15,43.45,26.4,28.6,28.6,1449,14544.62,13350,2475,19-APR-2021,
OPTIDX,NIFTY,29-Apr-2021,13400,PE,33.4,53.3,29.4,31.15,31.15,11352,114415.93,433125,-16275,19-APR-2021,
OPTIDX,NIFTY,29-Apr-2021,13450,PE,42.3,52.35,33,34.85,34.85,1504,15218.19,25875,14475,19-APR-2021,
OPTIDX,NIFTY,29-Apr-2021,13500,PE,40.6,67.75,36.3,38.55,38.55,46544,472888.36,2139450,92100,19-APR-2021,
OPTIDX,NIFTY,29-Apr-2021,13550,PE,39.9,65.95,35.2,43.55,43.55,3864,39420.72,46650,26850,19-APR-2021,
OPTIDX,NIFTY,29-Apr-2021,13600,PE,45.35,74.95,44.75,47.1,47.1,21841,223701.41,905325,74100,19-APR-2021,
OPTIDX,NIFTY,29-Apr-2021,13650,PE,80.05,80.05,42.8,52.55,52.55,2259,23230.02,33450,7425,19-APR-2021,
OPTIDX,NIFTY,29-Apr-2021,13700,PE,54.95,98.45,54.95,58.7,58.7,26023,268734.55,1271325,7950,19-APR-2021,
OPTIDX,NIFTY,29-Apr-2021,13750,PE,75,104.2,61.5,65.45,65.45,2543,26368.58,54225,9750,19-APR-2021,
OPTIDX,NIFTY,29-Apr-2021,13800,PE,86.25,110.1,68.85,72.8,72.8,51101,532182.18,1417350,62025,19-APR-2021,
OPTIDX,NIFTY,29-Apr-2021,13850,PE,68.35,117.65,68.35,80.9,80.9,2477,25901.72,51750,12675,19-APR-2021,
OPTIDX,NIFTY,29-Apr-2021,13900,PE,110.75,133.95,84,88.5,88.5,32350,339764.79,865725,74475,19-APR-2021,
OPTIDX,NIFTY,29-Apr-2021,13950,PE,117.9,150.9,93.55,99.7,99.7,3517,37099.14,68100,24075,19-APR-2021,
OPTIDX,NIFTY,29-Apr-2021,14000,PE,108.35,176.6,96,108.25,108.25,151586,1606344.22,3656400,-41475,19-APR-2021,
OPTIDX,NIFTY,29-Apr-2021,14050,PE,150.05,195.9,114.55,121.6,121.6,3556,37840.9,69600,24900,19-APR-2021,
OPTIDX,NIFTY,29-Apr-2021,14100,PE,120.55,231.1,120.55,132.85,132.85,33549,358744.4,958950,-17100,19-APR-2021,
OPTIDX,NIFTY,29-Apr-2021,14150,PE,164.95,239.5,138.3,144.6,144.6,3568,38330.73,82875,5175,19-APR-2021,
OPTIDX,NIFTY,29-Apr-2021,14200,PE,124,251.35,124,161,161,65693,709184.52,1908225,237150,19-APR-2021,
OPTIDX,NIFTY,29-Apr-2021,14250,PE,227.95,256.55,167.45,177.65,177.65,8601,93284.45,94200,11625,19-APR-2021,
OPTIDX,NIFTY,29-Apr-2021,14300,PE,200,281,183.1,194.3,194.3,75582,823473.94,1703775,161100,19-APR-2021,
OPTIDX,NIFTY,29-Apr-2021,14350,PE,271.5,305,202,214.25,214.25,5004,54773.65,60900,-34500,19-APR-2021,
OPTIDX,NIFTY,29-Apr-2021,14400,PE,234.3,332.45,220.9,234.75,234.75,34422,378741.92,808725,-149250,19-APR-2021,
OPTIDX,NIFTY,29-Apr-2021,14450,PE,280,360,242.35,257.4,257.4,2228,24642.24,228675,-8025,19-APR-2021,
OPTIDX,NIFTY,29-Apr-2021,14500,PE,261.65,400,250,283.4,283.4,50813,565208.79,2484525,-466425,19-APR-2021,
OPTIDX,NIFTY,29-Apr-2021,14550,PE,342.8,423.9,292.35,310.5,310.5,2160,24153.45,40200,-27975,19-APR-2021,
OPTIDX,NIFTY,29-Apr-2021,14600,PE,343.75,460,319.6,338.45,338.45,16317,183478.43,776025,-163275,19-APR-2021,
OPTIDX,NIFTY,29-Apr-2021,14650,PE,399,498.15,346.35,369.9,369.9,1845,20857.42,67425,-26700,19-APR-2021,
OPTIDX,NIFTY,29-Apr-2021,14700,PE,300.05,535,300.05,407.15,407.15,14044,159677.5,748575,-226725,19-APR-2021,
OPTIDX,NIFTY,29-Apr-2021,14750,PE,420,578.35,420,437.85,437.85,530,6065.09,54975,-7050,19-APR-2021,
OPTIDX,NIFTY,29-Apr-2021,14800,PE,349,618.75,349,480.65,480.65,5251,60397.94,847875,-46725,19-APR-2021,
OPTIDX,NIFTY,29-Apr-2021,14850,PE,634.65,660.15,463.75,516.45,516.45,298,3453.18,39150,-1950,19-APR-2021,
OPTIDX,NIFTY,29-Apr-2021,14900,PE,568.9,705.75,538,558.5,558.5,2051,23889.35,233175,-29925,19-APR-2021,
OPTIDX,NIFTY,29-Apr-2021,14950,PE,621.9,749,585.1,599.5,599.5,83,972.58,21750,-900,19-APR-2021,
OPTIDX,NIFTY,29-Apr-2021,15000,PE,625,798.95,620,649.05,649.05,6885,81075.94,1333950,-122925,19-APR-2021,
OPTIDX,NIFTY,29-Apr-2021,15050,PE,728.15,805,684.55,687.65,687.65,37,438.55,12825,-300,19-APR-2021,
OPTIDX,NIFTY,29-Apr-2021,15100,PE,791.7,889,715,740.75,740.75,329,3925.77,52950,-6000,19-APR-2021,
OPTIDX,NIFTY,29-Apr-2021,15150,PE,817.75,931.3,817.75,864,820.9,10,120.31,10875,375,19-APR-2021,
OPTIDX,NIFTY,29-Apr-2021,15200,PE,899.65,982,807,832.95,832.95,264,3188.12,65550,-5325,19-APR-2021,
OPTIDX,NIFTY,29-Apr-2021,15250,PE,913.1,999.95,886,900,909.6,31,376.34,9750,-900,19-APR-2021,
OPTIDX,NIFTY,29-Apr-2021,15300,PE,963.95,1074.8,918.35,932.25,932.25,95,1160.01,31350,-750,19-APR-2021,
OPTIDX,NIFTY,29-Apr-2021,15350,PE,1006.8,1006.8,1006.8,1006.8,1000.75,1,12.26,6375,-75,19-APR-2021,
OPTIDX,NIFTY,29-Apr-2021,15400,PE,1085.15,1174,1008.9,1018.55,1018.55,56,693.03,39600,0,19-APR-2021,
OPTIDX,NIFTY,29-Apr-2021,15450,PE,1103.05,1103.05,1103.05,1103.05,1093.85,1,12.41,1275,-75,19-APR-2021,
OPTIDX,NIFTY,29-Apr-2021,15500,PE,1187.95,1275,1100,1121.3,1121.3,440,5507.79,226425,-8325,19-APR-2021,
OPTIDX,NIFTY,29-Apr-2021,15550,PE,1199.95,1295.85,1188.15,1188.15,1188.65,4,50.31,825,0,19-APR-2021,
OPTIDX,NIFTY,29-Apr-2021,15600,PE,1248.5,1350,1233.65,1247.9,1236.5,7,88.63,10125,-75,19-APR-2021,
OPTIDX,NIFTY,29-Apr-2021,15650,PE,1297.1,1396.75,1297.1,1396.75,1284.7,2,25.49,150,75,19-APR-2021,
OPTIDX,NIFTY,29-Apr-2021,15700,PE,1345.65,1447.65,1320,1320,1320,36,460.31,30600,-150,19-APR-2021,
OPTIDX,NIFTY,29-Apr-2021,15750,PE,1394.25,1498.6,1380.15,1380.15,1380.15,6,77.22,300,75,19-APR-2021,
OPTIDX,NIFTY,29-Apr-2021,15800,PE,1442.95,1549.45,1442.95,1486.8,1430.55,3,38.9,16125,75,19-APR-2021,
OPTIDX,NIFTY,29-Apr-2021,15850,PE,1600.35,1600.35,1491.8,1491.8,1479.55,4,52.18,150,-75,19-APR-2021,
OPTIDX,NIFTY,29-Apr-2021,15900,PE,1567.15,1683.05,1514.45,1514.45,1528.7,26,341.9,2925,225,19-APR-2021,
OPTIDX,NIFTY,29-Apr-2021,15950,PE,1614.4,1725.2,1589.55,1589.55,1578,35,462.64,3000,900,19-APR-2021,
OPTIDX,NIFTY,29-Apr-2021,16000,PE,1681.05,1774.7,1592,1623.55,1623.55,353,4682.37,537750,-4425,19-APR-2021,
OPTIDX,NIFTY,29-Apr-2021,16050,PE,1783.65,1804.5,1686.8,1686.8,1676.85,12,160.49,600,525,19-APR-2021,
OPTIDX,NIFTY,29-Apr-2021,16100,PE,1821,1855.9,1735.2,1735.2,1726.4,6,80.46,1500,-225,19-APR-2021,
OPTIDX,NIFTY,29-Apr-2021,16150,PE,1907.4,1907.4,1783.45,1783.45,1776,8,107.69,525,450,19-APR-2021,
OPTIDX,NIFTY,29-Apr-2021,16200,PE,1959.1,1959.1,1831.5,1831.5,1825.7,4,54.32,4650,75,19-APR-2021,
OPTIDX,NIFTY,29-Apr-2021,16250,PE,2010.85,2010.85,1879.5,1879.5,1875.4,14,190.45,900,900,19-APR-2021,
OPTIDX,NIFTY,29-Apr-2021,16300,PE,2062.25,2062.25,1927.8,1927.8,1925.15,2,27.44,225,0,19-APR-2021,
OPTIDX,NIFTY,29-Apr-2021,16350,PE,2113.3,2113.3,1976.45,1976.45,1974.95,11,151.8,75,75,19-APR-2021,
OPTIDX,NIFTY,29-Apr-2021,16400,PE,2164.4,2164.4,2025.15,2025.15,2024.8,3,41.6,450,0,19-APR-2021,
OPTIDX,NIFTY,29-Apr-2021,16450,PE,2073.7,2073.7,2073.7,2073.7,2074.65,1,13.89,75,75,19-APR-2021,
OPTIDX,NIFTY,29-Apr-2021,16500,PE,2185,2274.4,2097.9,2116,2116,291,4075.11,304575,-10875,19-APR-2021,
OPTIDX,NIFTY,29-Apr-2021,16550,PE,2170.45,2170.45,2170.45,2170.45,2174.4,20,280.8,1500,1500,19-APR-2021,
OPTIDX,NIFTY,29-Apr-2021,16600,PE,2370.25,2370.25,2218.6,2262.1,2224.3,5,70.81,225,-75,19-APR-2021,
OPTIDX,NIFTY,29-Apr-2021,16650,PE,2266.5,2266.5,2266.5,2266.5,2274.2,1,14.18,150,75,19-APR-2021,
OPTIDX,NIFTY,29-Apr-2021,16700,PE,2314.2,2314.2,2314.2,2314.2,2324.1,3,42.78,450,0,19-APR-2021,
OPTIDX,NIFTY,29-Apr-2021,16750,PE,2362.15,2362.15,2362.15,2362.15,2374.05,13,186.34,975,975,19-APR-2021,
OPTIDX,NIFTY,29-Apr-2021,16800,PE,2510,2560,2410,2421.8,2421.8,20,289.35,84375,450,19-APR-2021,
OPTIDX,NIFTY,06-May-2021,12800,CE,0,0,0,1650.2,1590.05,0,0,0,0,19-APR-2021,
OPTIDX,NIFTY,06-May-2021,12850,CE,0,0,0,1606.65,1541.75,0,0,0,0,19-APR-2021,
OPTIDX,NIFTY,06-May-2021,12900,CE,0,0,0,1563.5,1493.7,0,0,0,0,19-APR-2021,
OPTIDX,NIFTY,06-May-2021,12950,CE,0,0,0,1520.8,1445.95,0,0,0,0,19-APR-2021,
OPTIDX,NIFTY,06-May-2021,13000,CE,0,0,0,1478.6,1398.45,0,0,0,0,19-APR-2021,
OPTIDX,NIFTY,06-May-2021,13050,CE,0,0,0,1672.45,1351.35,0,0,0,0,19-APR-2021,
OPTIDX,NIFTY,06-May-2021,13100,CE,0,0,0,1630.25,1304.55,0,0,0,0,19-APR-2021,
OPTIDX,NIFTY,06-May-2021,13150,CE,0,0,0,1588.5,1258.2,0,0,0,0,19-APR-2021,
OPTIDX,NIFTY,06-May-2021,13200,CE,0,0,0,1692.65,1212.3,0,0,0,0,19-APR-2021,
OPTIDX,NIFTY,06-May-2021,13250,CE,0,0,0,1650.6,1166.85,0,0,0,0,19-APR-2021,
OPTIDX,NIFTY,06-May-2021,13300,CE,0,0,0,1609.05,1121.9,0,0,0,0,19-APR-2021,
OPTIDX,NIFTY,06-May-2021,13350,CE,0,0,0,1567.9,1077.55,0,0,0,0,19-APR-2021,
OPTIDX,NIFTY,06-May-2021,13400,CE,0,0,0,1694.3,1033.8,0,0,0,0,19-APR-2021,
OPTIDX,NIFTY,06-May-2021,13450,CE,0,0,0,1721.9,990.65,0,0,0,0,19-APR-2021,
OPTIDX,NIFTY,06-May-2021,13500,CE,0,0,0,1300,948.25,0,0,75,0,19-APR-2021,
OPTIDX,NIFTY,06-May-2021,13550,CE,0,0,0,1641.85,906.5,0,0,0,0,19-APR-2021,
OPTIDX,NIFTY,06-May-2021,13600,CE,0,0,0,1735.3,865.55,0,0,0,0,19-APR-2021,
OPTIDX,NIFTY,06-May-2021,13650,CE,0,0,0,1695.55,825.45,0,0,0,0,19-APR-2021,
OPTIDX,NIFTY,06-May-2021,13700,CE,0,0,0,1656.25,786.15,0,0,0,0,19-APR-2021,
OPTIDX,NIFTY,06-May-2021,13750,CE,0,0,0,1617.4,747.7,0,0,0,0,19-APR-2021,
OPTIDX,NIFTY,06-May-2021,13800,CE,0,0,0,1579,710.75,0,0,0,0,19-APR-2021,
OPTIDX,NIFTY,06-May-2021,13850,CE,0,0,0,1541.05,673.55,0,0,0,0,19-APR-2021,
OPTIDX,NIFTY,06-May-2021,13900,CE,0,0,0,1503.55,638,0,0,0,0,19-APR-2021,
OPTIDX,NIFTY,06-May-2021,13950,CE,0,0,0,1467.05,603.5,0,0,0,0,19-APR-2021,
OPTIDX,NIFTY,06-May-2021,14000,CE,518.1,545.1,460,523.15,570,46,500.15,2025,1575,19-APR-2021,
OPTIDX,NIFTY,06-May-2021,14050,CE,434.7,470.7,434.7,470.7,537.6,2,21.75,0,0,19-APR-2021,
OPTIDX,NIFTY,06-May-2021,14100,CE,417.2,470.15,417.2,470.15,506.3,5,54.57,75,0,19-APR-2021,
OPTIDX,NIFTY,06-May-2021,14150,CE,0,0,0,1323.05,476.1,0,0,0,0,19-APR-2021,
OPTIDX,NIFTY,06-May-2021,14200,CE,378.15,415,309.45,404.7,447,103,1124.86,1725,1650,19-APR-2021,
OPTIDX,NIFTY,06-May-2021,14250,CE,348.95,358.6,311,336.7,419.05,13,142.2,375,375,19-APR-2021,
OPTIDX,NIFTY,06-May-2021,14300,CE,380,380,272.1,335.75,335.75,652,7145.13,7125,6825,19-APR-2021,
OPTIDX,NIFTY,06-May-2021,14350,CE,473.05,473.05,231.45,299.75,299.75,62,681.28,1275,1275,19-APR-2021,
OPTIDX,NIFTY,06-May-2021,14400,CE,308.6,308.6,220,277.65,277.65,462,5079.44,7425,6675,19-APR-2021,
OPTIDX,NIFTY,06-May-2021,14450,CE,0,0,0,1123.7,318.55,0,0,0,0,19-APR-2021,
OPTIDX,NIFTY,06-May-2021,14500,CE,220.15,240,179.5,224.45,224.45,1167,12875.18,21450,17850,19-APR-2021,
OPTIDX,NIFTY,06-May-2021,14550,CE,200,214,175.15,208.55,208.55,27,298.72,1425,975,19-APR-2021,
OPTIDX,NIFTY,06-May-2021,14600,CE,149.65,194.85,134.75,180.25,180.25,808,8949.19,14550,10200,19-APR-2021,
OPTIDX,NIFTY,06-May-2021,14650,CE,136,167.8,136,165.35,165.35,13,144.35,900,600,19-APR-2021,
OPTIDX,NIFTY,06-May-2021,14700,CE,135.35,151.55,107.2,138.95,138.95,787,8752.01,12375,7125,19-APR-2021,
OPTIDX,NIFTY,06-May-2021,14750,CE,0,0,0,943.65,201.05,0,0,0,0,19-APR-2021,
OPTIDX,NIFTY,06-May-2021,14800,CE,102.75,115,80,104.6,104.6,1170,13071.5,26400,22725,19-APR-2021,
OPTIDX,NIFTY,06-May-2021,14850,CE,0,0,0,888.05,170.15,0,0,0,0,19-APR-2021,
OPTIDX,NIFTY,06-May-2021,14900,CE,88.3,88.3,66,77.15,77.15,646,7254.56,11325,2100,19-APR-2021,
OPTIDX,NIFTY,06-May-2021,14950,CE,0,0,0,834.65,143.05,0,0,0,0,19-APR-2021,
OPTIDX,NIFTY,06-May-2021,15000,CE,60.15,64.25,48.85,58.8,58.8,1702,19216.94,68025,11925,19-APR-2021,
OPTIDX,NIFTY,06-May-2021,15050,CE,42,57.75,40.05,54.1,54.1,15,169.86,150,0,19-APR-2021,
OPTIDX,NIFTY,06-May-2021,15100,CE,37.75,52.05,32.95,43.05,43.05,389,4417.26,24900,-450,19-APR-2021,
OPTIDX,NIFTY,06-May-2021,15150,CE,0,0,0,734.35,99.2,0,0,0,0,19-APR-2021,
OPTIDX,NIFTY,06-May-2021,15200,CE,34.6,35.8,24.6,33.55,33.55,536,6122.76,25125,6450,19-APR-2021,
OPTIDX,NIFTY,06-May-2021,15250,CE,0,0,0,687.5,81.7,0,0,0,0,19-APR-2021,
OPTIDX,NIFTY,06-May-2021,15300,CE,0,0,0,664.9,73.95,0,0,0,0,19-APR-2021,
OPTIDX,NIFTY,06-May-2021,15350,CE,0,0,0,642.85,66.8,0,0,0,0,19-APR-2021,
OPTIDX,NIFTY,06-May-2021,15400,CE,21.65,27.95,14.5,19,19,230,2659.76,8700,5925,19-APR-2021,
OPTIDX,NIFTY,06-May-2021,15450,CE,0,0,0,600.3,54.3,0,0,0,0,19-APR-2021,
OPTIDX,NIFTY,06-May-2021,15500,CE,14,17.45,12,13.35,13.35,661,7691.15,30300,9900,19-APR-2021,
OPTIDX,NIFTY,06-May-2021,15550,CE,0,0,0,559.85,43.8,0,0,0,0,19-APR-2021,
OPTIDX,NIFTY,06-May-2021,15600,CE,15.75,15.75,7.2,10.75,10.75,35,409.8,1800,675,19-APR-2021,
OPTIDX,NIFTY,06-May-2021,15650,CE,0,0,0,521.45,35.05,0,0,0,0,19-APR-2021,
OPTIDX,NIFTY,06-May-2021,15700,CE,0,0,0,503,31.3,0,0,0,0,19-APR-2021,
OPTIDX,NIFTY,06-May-2021,15750,CE,14.5,28,14.5,28,27.9,6,70.96,0,0,19-APR-2021,
OPTIDX,NIFTY,06-May-2021,15800,CE,12.55,13,5.35,9.8,24.8,10,118.58,750,525,19-APR-2021,
OPTIDX,NIFTY,06-May-2021,15850,CE,0,0,0,450.65,22.05,0,0,0,0,19-APR-2021,
OPTIDX,NIFTY,06-May-2021,15900,CE,0,0,0,434.15,19.55,0,0,0,0,19-APR-2021,
OPTIDX,NIFTY,06-May-2021,15950,CE,6,14.6,6,8.15,17.3,11,131.66,600,150,19-APR-2021,
OPTIDX,NIFTY,06-May-2021,16000,CE,7.8,7.8,3.75,4.25,4.25,682,8186.76,27825,7650,19-APR-2021,
OPTIDX,NIFTY,06-May-2021,16050,CE,0,0,0,387.45,13.5,0,0,0,0,19-APR-2021,
OPTIDX,NIFTY,06-May-2021,16100,CE,0,0,0,372.8,11.85,0,0,0,0,19-APR-2021,
OPTIDX,NIFTY,06-May-2021,16150,CE,0,0,0,358.55,10.45,0,0,0,0,19-APR-2021,
OPTIDX,NIFTY,06-May-2021,16200,CE,0,0,0,344.8,9.15,0,0,0,0,19-APR-2021,
OPTIDX,NIFTY,06-May-2021,16250,CE,0,0,0,331.45,8,0,0,0,0,19-APR-2021,
OPTIDX,NIFTY,06-May-2021,16300,CE,0,0,0,318.5,7,0,0,0,0,19-APR-2021,
OPTIDX,NIFTY,06-May-2021,16350,CE,0,0,0,306.65,6.15,0,0,0,0,19-APR-2021,
OPTIDX,NIFTY,06-May-2021,16400,CE,0,0,0,294.6,5.35,0,0,0,0,19-APR-2021,
OPTIDX,NIFTY,06-May-2021,16450,CE,0,0,0,282.95,4.65,0,0,0,0,19-APR-2021,
OPTIDX,NIFTY,06-May-2021,16500,CE,4,4.95,3.5,4.1,4.1,29,358.96,2175,1125,19-APR-2021,
OPTIDX,NIFTY,06-May-2021,16550,CE,0,0,0,260.75,3.5,0,0,0,0,19-APR-2021,
OPTIDX,NIFTY,06-May-2021,16600,CE,0,0,0,249.5,3.05,0,0,0,0,19-APR-2021,
OPTIDX,NIFTY,06-May-2021,16650,CE,0,0,0,223.75,2.65,0,0,0,0,19-APR-2021,
OPTIDX,NIFTY,06-May-2021,12800,PE,31.4,34.95,21,22.15,22.15,899,8648.03,37425,14925,19-APR-2021,
OPTIDX,NIFTY,06-May-2021,12850,PE,0,0,0,76.4,10.6,0,0,0,0,19-APR-2021,
OPTIDX,NIFTY,06-May-2021,12900,PE,19.25,30,19.25,30,12.45,3,29.08,75,75,19-APR-2021,
OPTIDX,NIFTY,06-May-2021,12950,PE,0,0,0,21.2,14.6,0,0,0,0,19-APR-2021,
OPTIDX,NIFTY,06-May-2021,13000,PE,44.45,59.7,27.65,32.55,32.55,1515,14813.52,41850,27825,19-APR-2021,
OPTIDX,NIFTY,06-May-2021,13050,PE,45,45,45,45,19.85,1,9.82,75,0,19-APR-2021,
OPTIDX,NIFTY,06-May-2021,13100,PE,52.8,52.9,37.35,39.05,39.05,67,660.36,2550,2550,19-APR-2021,
OPTIDX,NIFTY,06-May-2021,13150,PE,0,0,0,114.3,26.55,0,0,0,0,19-APR-2021,
OPTIDX,NIFTY,06-May-2021,13200,PE,40,44.9,40,44.9,44.9,4,39.72,225,225,19-APR-2021,
OPTIDX,NIFTY,06-May-2021,13250,PE,0,0,0,111.25,35,0,0,0,0,19-APR-2021,
OPTIDX,NIFTY,06-May-2021,13300,PE,68.75,69,40.9,50.25,50.25,40,400.63,1350,375,19-APR-2021,
OPTIDX,NIFTY,06-May-2021,13350,PE,77.1,92.5,58,58.5,58.5,19,191.25,600,375,19-APR-2021,
OPTIDX,NIFTY,06-May-2021,13400,PE,70,81.8,51,58.8,58.8,100,1010.17,3000,3000,19-APR-2021,
OPTIDX,NIFTY,06-May-2021,13450,PE,0,0,0,151.35,58.5,0,0,0,0,19-APR-2021,
OPTIDX,NIFTY,06-May-2021,13500,PE,72,95,57.1,68.15,68.15,3393,34544.21,101400,73575,19-APR-2021,
OPTIDX,NIFTY,06-May-2021,13550,PE,0,0,0,170.7,74.2,0,0,0,0,19-APR-2021,
OPTIDX,NIFTY,06-May-2021,13600,PE,92.85,117.9,74.15,82.85,82.85,194,1992.85,5100,4950,19-APR-2021,
OPTIDX,NIFTY,06-May-2021,13650,PE,0,0,0,177.2,92.9,0,0,0,0,19-APR-2021,
OPTIDX,NIFTY,06-May-2021,13700,PE,114.95,137.9,92.3,100.1,100.1,219,2267.72,5175,4800,19-APR-2021,
OPTIDX,NIFTY,06-May-2021,13750,PE,0,0,0,198.4,115.05,0,0,0,0,19-APR-2021,
OPTIDX,NIFTY,06-May-2021,13800,PE,154.85,154.95,108.15,113.25,113.25,336,3508.93,8925,6675,19-APR-2021,
OPTIDX,NIFTY,06-May-2021,13850,PE,0,0,0,221.4,140.7,0,0,0,0,19-APR-2021,
OPTIDX,NIFTY,06-May-2021,13900,PE,138.8,177,129.8,135.5,135.5,309,3255.52,6225,5025,19-APR-2021,
OPTIDX,NIFTY,06-May-2021,13950,PE,199.35,202.15,165,165,170.5,4,42.39,150,150,19-APR-2021,
OPTIDX,NIFTY,06-May-2021,14000,PE,211.45,215,130.4,161.65,161.65,2559,27211,85425,525,19-APR-2021,
OPTIDX,NIFTY,06-May-2021,14050,PE,316.45,316.45,175,183.35,183.35,17,181.78,1050,750,19-APR-2021,
OPTIDX,NIFTY,06-May-2021,14100,PE,270.05,270.65,170,188.35,188.35,481,5160.96,11700,5175,19-APR-2021,
OPTIDX,NIFTY,06-May-2021,14150,PE,316.65,316.65,190.8,202.85,202.85,22,237.02,675,600,19-APR-2021,
OPTIDX,NIFTY,06-May-2021,14200,PE,243,328.3,195.5,220.6,220.6,1101,11926.13,17550,150,19-APR-2021,
OPTIDX,NIFTY,06-May-2021,14250,PE,302.3,304,206.4,241.2,241.2,9,97.93,375,300,19-APR-2021,
OPTIDX,NIFTY,06-May-2021,14300,PE,288.05,328.3,242.95,258.45,258.45,796,8704.35,15375,3675,19-APR-2021,
OPTIDX,NIFTY,06-May-2021,14350,PE,319.35,349.75,212.8,275.7,275.7,24,263.55,900,600,19-APR-2021,
OPTIDX,NIFTY,06-May-2021,14400,PE,342.4,380,290.55,296.9,296.9,357,3942.76,6000,-2625,19-APR-2021,
OPTIDX,NIFTY,06-May-2021,14450,PE,325.55,325.55,325.55,325.55,325.55,1,11.08,75,75,19-APR-2021,
OPTIDX,NIFTY,06-May-2021,14500,PE,350,430,326.85,343.7,343.7,338,3772.29,9075,-2325,19-APR-2021,
OPTIDX,NIFTY,06-May-2021,14550,PE,338.45,420,338.45,411.5,441.05,3,33.61,150,-75,19-APR-2021,
OPTIDX,NIFTY,06-May-2021,14600,PE,545.85,545.85,362.7,402.1,402.1,98,1104.61,2625,-1650,19-APR-2021,
OPTIDX,NIFTY,06-May-2021,14650,PE,509.4,509.4,457.05,457.05,501.75,2,22.69,525,0,19-APR-2021,
OPTIDX,NIFTY,06-May-2021,14700,PE,301,571.65,301,464.05,464.05,76,866.8,3075,-375,19-APR-2021,
OPTIDX,NIFTY,06-May-2021,14750,PE,0,0,0,518.25,566.7,0,0,0,0,19-APR-2021,
OPTIDX,NIFTY,06-May-2021,14800,PE,530,619,527.9,533.3,533.3,15,173.09,900,150,19-APR-2021,
OPTIDX,NIFTY,06-May-2021,14850,PE,0,0,0,562,635.6,0,0,0,0,19-APR-2021,
OPTIDX,NIFTY,06-May-2021,14900,PE,739,739,588.9,598.9,598.9,8,93.24,675,225,19-APR-2021,
OPTIDX,NIFTY,06-May-2021,14950,PE,0,0,0,607.95,708.3,0,0,0,0,19-APR-2021,
OPTIDX,NIFTY,06-May-2021,15000,PE,733.1,752,710,752,746.75,4,47.2,300,300,19-APR-2021,
OPTIDX,NIFTY,06-May-2021,15050,PE,0,0,0,665.5,784.7,0,0,0,0,19-APR-2021,
OPTIDX,NIFTY,06-May-2021,15100,PE,832.15,834.55,749.55,749.55,824.05,5,59.67,375,375,19-APR-2021,
OPTIDX,NIFTY,06-May-2021,15150,PE,0,0,0,706.4,864.15,0,0,0,0,19-APR-2021,
OPTIDX,NIFTY,06-May-2021,15200,PE,857.1,857.1,831.1,831.1,904.95,4,48.14,300,300,19-APR-2021,
OPTIDX,NIFTY,06-May-2021,15250,PE,0,0,0,758.9,946.5,0,0,0,0,19-APR-2021,
OPTIDX,NIFTY,06-May-2021,15300,PE,0,0,0,786,988.65,0,0,0,0,19-APR-2021,
OPTIDX,NIFTY,06-May-2021,15350,PE,0,0,0,813.6,1031.45,0,0,0,0,19-APR-2021,
OPTIDX,NIFTY,06-May-2021,15400,PE,0,0,0,841.75,1074.8,0,0,0,0,19-APR-2021,
OPTIDX,NIFTY,06-May-2021,15450,PE,0,0,0,870.4,1118.75,0,0,0,0,19-APR-2021,
OPTIDX,NIFTY,06-May-2021,15500,PE,0,0,0,899.6,1163.15,0,0,0,0,19-APR-2021,
OPTIDX,NIFTY,06-May-2021,15550,PE,0,0,0,929.3,1208.05,0,0,0,0,19-APR-2021,
OPTIDX,NIFTY,06-May-2021,15600,PE,0,0,0,959.55,1253.4,0,0,0,0,19-APR-2021,
OPTIDX,NIFTY,06-May-2021,15650,PE,0,0,0,990.25,1299.2,0,0,0,0,19-APR-2021,
OPTIDX,NIFTY,06-May-2021,15700,PE,0,0,0,1021.5,1345.35,0,0,0,0,19-APR-2021,
OPTIDX,NIFTY,06-May-2021,15750,PE,0,0,0,1053.25,1391.85,0,0,0,0,19-APR-2021,
OPTIDX,NIFTY,06-May-2021,15800,PE,0,0,0,1085.45,1438.7,0,0,0,0,19-APR-2021,
OPTIDX,NIFTY,06-May-2021,15850,PE,0,0,0,1118.15,1485.8,0,0,0,0,19-APR-2021,
OPTIDX,NIFTY,06-May-2021,15900,PE,0,0,0,1151.35,1533.25,0,0,0,0,19-APR-2021,
OPTIDX,NIFTY,06-May-2021,15950,PE,0,0,0,1185,1580.9,0,0,0,0,19-APR-2021,
OPTIDX,NIFTY,06-May-2021,16000,PE,0,0,0,1219.1,1628.8,0,0,0,0,19-APR-2021,
OPTIDX,NIFTY,06-May-2021,16050,PE,0,0,0,1253.7,1676.9,0,0,0,0,19-APR-2021,
OPTIDX,NIFTY,06-May-2021,16100,PE,0,0,0,1288.7,1725.2,0,0,0,0,19-APR-2021,
OPTIDX,NIFTY,06-May-2021,16150,PE,0,0,0,1324.2,1773.7,0,0,0,0,19-APR-2021,
OPTIDX,NIFTY,06-May-2021,16200,PE,0,0,0,1360.1,1822.35,0,0,0,0,19-APR-2021,
OPTIDX,NIFTY,06-May-2021,16250,PE,0,0,0,1396.4,1871.1,0,0,0,0,19-APR-2021,
OPTIDX,NIFTY,06-May-2021,16300,PE,0,0,0,1433.15,1920.05,0,0,0,0,19-APR-2021,
OPTIDX,NIFTY,06-May-2021,16350,PE,0,0,0,1471,1969.05,0,0,0,0,19-APR-2021,
OPTIDX,NIFTY,06-May-2021,16400,PE,0,0,0,1508.6,2018.2,0,0,0,0,19-APR-2021,
OPTIDX,NIFTY,06-May-2021,16450,PE,0,0,0,1546.6,2067.4,0,0,0,0,19-APR-2021,
OPTIDX,NIFTY,06-May-2021,16500,PE,0,0,0,1585,2116.7,0,0,0,0,19-APR-2021,
OPTIDX,NIFTY,06-May-2021,16550,PE,0,0,0,1623.8,2166.1,0,0,0,0,19-APR-2021,
OPTIDX,NIFTY,06-May-2021,16600,PE,0,0,0,1662.25,2215.55,0,0,0,0,19-APR-2021,
OPTIDX,NIFTY,06-May-2021,16650,PE,0,0,0,1603.2,2265.05,0,0,0,0,19-APR-2021,
OPTIDX,NIFTY,12-May-2021,12800,CE,0,0,0,1674.8,1608.65,0,0,0,0,19-APR-2021,
OPTIDX,NIFTY,12-May-2021,12850,CE,0,0,0,1632.05,1561.55,0,0,0,0,19-APR-2021,
OPTIDX,NIFTY,12-May-2021,12900,CE,0,0,0,1589.75,1514.85,0,0,0,0,19-APR-2021,
OPTIDX,NIFTY,12-May-2021,12950,CE,0,0,0,1547.9,1468.45,0,0,0,0,19-APR-2021,
OPTIDX,NIFTY,12-May-2021,13000,CE,0,0,0,1506.5,1422.4,0,0,0,0,19-APR-2021,
OPTIDX,NIFTY,12-May-2021,13050,CE,0,0,0,1698.45,1376.8,0,0,0,0,19-APR-2021,
OPTIDX,NIFTY,12-May-2021,13100,CE,0,0,0,1656.95,1331.65,0,0,0,0,19-APR-2021,
OPTIDX,NIFTY,12-May-2021,13150,CE,0,0,0,1615.95,1286.9,0,0,0,0,19-APR-2021,
OPTIDX,NIFTY,12-May-2021,13200,CE,0,0,0,1718.9,1242.7,0,0,0,0,19-APR-2021,
OPTIDX,NIFTY,12-May-2021,13250,CE,0,0,0,1677.6,1199,0,0,0,0,19-APR-2021,
OPTIDX,NIFTY,12-May-2021,13300,CE,0,0,0,1636.7,1155.9,0,0,0,0,19-APR-2021,
OPTIDX,NIFTY,12-May-2021,13350,CE,0,0,0,1596.25,1113.35,0,0,0,0,19-APR-2021,
OPTIDX,NIFTY,12-May-2021,13400,CE,0,0,0,1721.4,1071.45,0,0,0,0,19-APR-2021,
OPTIDX,NIFTY,12-May-2021,13450,CE,0,0,0,1701.75,1030.15,0,0,0,0,19-APR-2021,
OPTIDX,NIFTY,12-May-2021,13500,CE,0,0,0,1661.25,989.55,0,0,0,0,19-APR-2021,
OPTIDX,NIFTY,12-May-2021,13550,CE,0,0,0,1711.85,949.7,0,0,0,0,19-APR-2021,
OPTIDX,NIFTY,12-May-2021,13600,CE,0,0,0,1671.55,910.55,0,0,0,0,19-APR-2021,
OPTIDX,NIFTY,12-May-2021,13650,CE,0,0,0,1767.1,872.2,0,0,0,0,19-APR-2021,
OPTIDX,NIFTY,12-May-2021,13700,CE,0,0,0,1726.85,835.15,0,0,0,0,19-APR-2021,
OPTIDX,NIFTY,12-May-2021,13750,CE,0,0,0,1687.1,798.3,0,0,0,0,19-APR-2021,
OPTIDX,NIFTY,12-May-2021,13800,CE,0,0,0,1647.7,761.8,0,0,0,0,19-APR-2021,
OPTIDX,NIFTY,12-May-2021,13850,CE,0,0,0,1608.8,726.75,0,0,0,0,19-APR-2021,
OPTIDX,NIFTY,12-May-2021,13900,CE,0,0,0,1570.35,692.65,0,0,0,0,19-APR-2021,
OPTIDX,NIFTY,12-May-2021,13950,CE,0,0,0,1532.3,659.4,0,0,0,0,19-APR-2021,
OPTIDX,NIFTY,12-May-2021,14000,CE,0,0,0,1494.8,627.1,0,0,0,0,19-APR-2021,
OPTIDX,NIFTY,12-May-2021,14050,CE,0,0,0,1458.25,595.75,0,0,0,0,19-APR-2021,
OPTIDX,NIFTY,12-May-2021,14100,CE,0,0,0,1421.6,565.35,0,0,0,0,19-APR-2021,
OPTIDX,NIFTY,12-May-2021,14150,CE,0,0,0,1385.45,535.9,0,0,0,0,19-APR-2021,
OPTIDX,NIFTY,12-May-2021,14200,CE,0,0,0,1349.8,507.4,0,0,0,0,19-APR-2021,
OPTIDX,NIFTY,12-May-2021,14250,CE,0,0,0,1314.05,479.9,0,0,0,0,19-APR-2021,
OPTIDX,NIFTY,12-May-2021,14300,CE,0,0,0,1279.5,453.35,0,0,0,0,19-APR-2021,
OPTIDX,NIFTY,12-May-2021,14350,CE,0,0,0,1245.45,427.8,0,0,0,0,19-APR-2021,
OPTIDX,NIFTY,12-May-2021,14400,CE,0,0,0,1211.95,403.2,0,0,0,0,19-APR-2021,
OPTIDX,NIFTY,12-May-2021,14450,CE,0,0,0,1178.95,379.6,0,0,0,0,19-APR-2021,
OPTIDX,NIFTY,12-May-2021,14500,CE,0,0,0,1146.45,356.95,0,0,0,0,19-APR-2021,
OPTIDX,NIFTY,12-May-2021,14550,CE,0,0,0,1114.55,335.25,0,0,0,0,19-APR-2021,
OPTIDX,NIFTY,12-May-2021,14600,CE,0,0,0,1083.15,314.55,0,0,0,0,19-APR-2021,
OPTIDX,NIFTY,12-May-2021,14650,CE,0,0,0,1052.35,294.75,0,0,0,0,19-APR-2021,
OPTIDX,NIFTY,12-May-2021,14700,CE,0,0,0,1022.05,275.85,0,0,0,0,19-APR-2021,
OPTIDX,NIFTY,12-May-2021,14750,CE,0,0,0,992.3,257.85,0,0,0,0,19-APR-2021,
OPTIDX,NIFTY,12-May-2021,14800,CE,0,0,0,963.1,240.75,0,0,0,0,19-APR-2021,
OPTIDX,NIFTY,12-May-2021,14850,CE,0,0,0,280,224.55,0,0,75,0,19-APR-2021,
OPTIDX,NIFTY,12-May-2021,14900,CE,0,0,0,906.4,209.15,0,0,0,0,19-APR-2021,
OPTIDX,NIFTY,12-May-2021,14950,CE,0,0,0,878.9,194.55,0,0,0,0,19-APR-2021,
OPTIDX,NIFTY,12-May-2021,15000,CE,116.9,116.9,65,89,89,70,792.01,3075,1875,19-APR-2021,
OPTIDX,NIFTY,12-May-2021,15050,CE,0,0,0,825.55,168.4,0,0,0,0,19-APR-2021,
OPTIDX,NIFTY,12-May-2021,15100,CE,0,0,0,799.7,156.25,0,0,0,0,19-APR-2021,
OPTIDX,NIFTY,12-May-2021,15150,CE,0,0,0,774.4,144.15,0,0,0,0,19-APR-2021,
OPTIDX,NIFTY,12-May-2021,15200,CE,0,0,0,749.6,133.35,0,0,0,0,19-APR-2021,
OPTIDX,NIFTY,12-May-2021,15250,CE,0,0,0,725.4,123.15,0,0,0,0,19-APR-2021,
OPTIDX,NIFTY,12-May-2021,15300,CE,0,0,0,701.75,113.6,0,0,0,0,19-APR-2021,
OPTIDX,NIFTY,12-May-2021,15350,CE,0,0,0,678.7,104.7,0,0,0,0,19-APR-2021,
OPTIDX,NIFTY,12-May-2021,15400,CE,0,0,0,656.15,96.35,0,0,0,0,19-APR-2021,
OPTIDX,NIFTY,12-May-2021,15450,CE,0,0,0,634.15,88.55,0,0,0,0,19-APR-2021,
OPTIDX,NIFTY,12-May-2021,15500,CE,0,0,0,612.65,81.3,0,0,0,0,19-APR-2021,
OPTIDX,NIFTY,12-May-2021,15550,CE,0,0,0,591.7,74.55,0,0,0,0,19-APR-2021,
OPTIDX,NIFTY,12-May-2021,15600,CE,0,0,0,571.3,68.3,0,0,0,0,19-APR-2021,
OPTIDX,NIFTY,12-May-2021,15650,CE,0,0,0,551.4,62.45,0,0,0,0,19-APR-2021,
OPTIDX,NIFTY,12-May-2021,15700,CE,0,0,0,532.05,57.05,0,0,0,0,19-APR-2021,
OPTIDX,NIFTY,12-May-2021,15750,CE,0,0,0,513.2,52.05,0,0,0,0,19-APR-2021,
OPTIDX,NIFTY,12-May-2021,15800,CE,0,0,0,494.8,47.45,0,0,0,0,19-APR-2021,
OPTIDX,NIFTY,12-May-2021,15850,CE,0,0,0,476.95,43.2,0,0,0,0,19-APR-2021,
OPTIDX,NIFTY,12-May-2021,15900,CE,0,0,0,459.6,39.25,0,0,0,0,19-APR-2021,
OPTIDX,NIFTY,12-May-2021,15950,CE,0,0,0,442.75,35.65,0,0,0,0,19-APR-2021,
OPTIDX,NIFTY,12-May-2021,16000,CE,40,40,40,40,32.35,1,12.03,75,75,19-APR-2021,
OPTIDX,NIFTY,12-May-2021,16050,CE,0,0,0,410.4,29.3,0,0,0,0,19-APR-2021,
OPTIDX,NIFTY,12-May-2021,16100,CE,0,0,0,394.95,26.5,0,0,0,0,19-APR-2021,
OPTIDX,NIFTY,12-May-2021,16150,CE,0,0,0,379.95,23.95,0,0,0,0,19-APR-2021,
OPTIDX,NIFTY,12-May-2021,16200,CE,30,30,10,10,21.65,2,24.33,0,0,19-APR-2021,
OPTIDX,NIFTY,12-May-2021,16250,CE,0,0,0,351.3,19.5,0,0,0,0,19-APR-2021,
OPTIDX,NIFTY,12-May-2021,16300,CE,0,0,0,337.65,17.55,0,0,0,0,19-APR-2021,
OPTIDX,NIFTY,12-May-2021,16350,CE,0,0,0,324.4,15.8,0,0,0,0,19-APR-2021,
OPTIDX,NIFTY,12-May-2021,16400,CE,0,0,0,311.6,14.2,0,0,0,0,19-APR-2021,
OPTIDX,NIFTY,12-May-2021,16450,CE,0,0,0,299.9,12.75,0,0,0,0,19-APR-2021,
OPTIDX,NIFTY,12-May-2021,16500,CE,20,20,20,20,11.4,7,86.73,525,525,19-APR-2021,
OPTIDX,NIFTY,12-May-2021,16550,CE,0,0,0,276.4,10.2,0,0,0,0,19-APR-2021,
OPTIDX,NIFTY,12-May-2021,16600,CE,0,0,0,265.25,9.15,0,0,0,0,19-APR-2021,
OPTIDX,NIFTY,12-May-2021,16650,CE,0,0,0,253.8,8.15,0,0,0,0,19-APR-2021,
OPTIDX,NIFTY,12-May-2021,12800,PE,0,0,0,86.9,19.95,0,0,0,0,19-APR-2021,
OPTIDX,NIFTY,12-May-2021,12850,PE,0,0,0,93.95,22.75,0,0,0,0,19-APR-2021,
OPTIDX,NIFTY,12-May-2021,12900,PE,0,0,0,101.4,25.9,0,0,0,0,19-APR-2021,
OPTIDX,NIFTY,12-May-2021,12950,PE,0,0,0,109.3,29.4,0,0,0,0,19-APR-2021,
OPTIDX,NIFTY,12-May-2021,13000,PE,0,0,0,117.65,33.25,0,0,0,0,19-APR-2021,
OPTIDX,NIFTY,12-May-2021,13050,PE,0,0,0,116.65,37.55,0,0,0,0,19-APR-2021,
OPTIDX,NIFTY,12-May-2021,13100,PE,0,0,0,124.9,42.25,0,0,0,0,19-APR-2021,
OPTIDX,NIFTY,12-May-2021,13150,PE,0,0,0,133.6,47.4,0,0,0,0,19-APR-2021,
OPTIDX,NIFTY,12-May-2021,13200,PE,0,0,0,121.7,53.1,0,0,0,0,19-APR-2021,
OPTIDX,NIFTY,12-May-2021,13250,PE,0,0,0,130.1,59.3,0,0,0,0,19-APR-2021,
OPTIDX,NIFTY,12-May-2021,13300,PE,0,0,0,138.9,66.05,0,0,0,0,19-APR-2021,
OPTIDX,NIFTY,12-May-2021,13350,PE,0,0,0,148.2,73.4,0,0,0,0,19-APR-2021,
OPTIDX,NIFTY,12-May-2021,13400,PE,0,0,0,132.5,81.35,0,0,0,0,19-APR-2021,
OPTIDX,NIFTY,12-May-2021,13450,PE,0,0,0,142.35,90,0,0,0,0,19-APR-2021,
OPTIDX,NIFTY,12-May-2021,13500,PE,132.65,132.65,86.05,88.55,88.55,98,999.58,5250,1425,19-APR-2021,
OPTIDX,NIFTY,12-May-2021,13550,PE,0,0,0,148.8,109.3,0,0,0,0,19-APR-2021,
OPTIDX,NIFTY,12-May-2021,13600,PE,0,0,0,158.2,120.05,0,0,0,0,19-APR-2021,
OPTIDX,NIFTY,12-May-2021,13650,PE,0,0,0,155.35,131.55,0,0,0,0,19-APR-2021,
OPTIDX,NIFTY,12-May-2021,13700,PE,0,0,0,164.85,144.4,0,0,0,0,19-APR-2021,
OPTIDX,NIFTY,12-May-2021,13750,PE,0,0,0,174.75,157.45,0,0,0,0,19-APR-2021,
OPTIDX,NIFTY,12-May-2021,13800,PE,162.3,162.3,162.3,162.3,170.8,1,10.47,75,75,19-APR-2021,
OPTIDX,NIFTY,12-May-2021,13850,PE,0,0,0,195.8,185.65,0,0,0,0,19-APR-2021,
OPTIDX,NIFTY,12-May-2021,13900,PE,0,0,0,100,201.4,0,0,75,0,19-APR-2021,
OPTIDX,NIFTY,12-May-2021,13950,PE,0,0,0,218.7,218.1,0,0,0,0,19-APR-2021,
OPTIDX,NIFTY,12-May-2021,14000,PE,262.2,262.2,181.05,198.75,198.75,130,1385.94,7500,5925,19-APR-2021,
OPTIDX,NIFTY,12-May-2021,14050,PE,0,0,0,244,254.2,0,0,0,0,19-APR-2021,
OPTIDX,NIFTY,12-May-2021,14100,PE,0,0,0,257.05,273.65,0,0,0,0,19-APR-2021,
OPTIDX,NIFTY,12-May-2021,14150,PE,0,0,0,270.55,294.1,0,0,0,0,19-APR-2021,
OPTIDX,NIFTY,12-May-2021,14200,PE,367.5,367.5,367.5,367.5,367.5,1,10.92,75,75,19-APR-2021,
OPTIDX,NIFTY,12-May-2021,14250,PE,0,0,0,298.55,337.9,0,0,0,0,19-APR-2021,
OPTIDX,NIFTY,12-May-2021,14300,PE,0,0,0,313.65,361.25,0,0,0,0,19-APR-2021,
OPTIDX,NIFTY,12-May-2021,14350,PE,0,0,0,329.3,385.6,0,0,0,0,19-APR-2021,
OPTIDX,NIFTY,12-May-2021,14400,PE,375,375,375,375,410.85,1,11.08,75,75,19-APR-2021,
OPTIDX,NIFTY,12-May-2021,14450,PE,0,0,0,362.15,437.1,0,0,0,0,19-APR-2021,
OPTIDX,NIFTY,12-May-2021,14500,PE,395.75,426.65,395.75,417.7,464.35,4,44.75,75,0,19-APR-2021,
OPTIDX,NIFTY,12-May-2021,14550,PE,0,0,0,397.1,492.6,0,0,0,0,19-APR-2021,
OPTIDX,NIFTY,12-May-2021,14600,PE,0,0,0,415.4,521.75,0,0,0,0,19-APR-2021,
OPTIDX,NIFTY,12-May-2021,14650,PE,0,0,0,434.25,551.8,0,0,0,0,19-APR-2021,
OPTIDX,NIFTY,12-May-2021,14700,PE,0,0,0,343.2,582.8,0,0,0,0,19-APR-2021,
OPTIDX,NIFTY,12-May-2021,14750,PE,0,0,0,473.6,614.7,0,0,0,0,19-APR-2021,
OPTIDX,NIFTY,12-May-2021,14800,PE,0,0,0,494.1,647.5,0,0,0,0,19-APR-2021,
OPTIDX,NIFTY,12-May-2021,14850,PE,0,0,0,515.15,681.15,0,0,0,0,19-APR-2021,
OPTIDX,NIFTY,12-May-2021,14900,PE,0,0,0,399.4,715.65,0,0,75,0,19-APR-2021,
OPTIDX,NIFTY,12-May-2021,14950,PE,0,0,0,558.9,750.95,0,0,0,0,19-APR-2021,
OPTIDX,NIFTY,12-May-2021,15000,PE,0,0,0,581.65,787.05,0,0,0,0,19-APR-2021,
OPTIDX,NIFTY,12-May-2021,15050,PE,0,0,0,604.9,824.55,0,0,0,0,19-APR-2021,
OPTIDX,NIFTY,12-May-2021,15100,PE,0,0,0,628.75,862.3,0,0,0,0,19-APR-2021,
OPTIDX,NIFTY,12-May-2021,15150,PE,0,0,0,653.15,900.1,0,0,0,0,19-APR-2021,
OPTIDX,NIFTY,12-May-2021,15200,PE,0,0,0,678.05,939.15,0,0,0,0,19-APR-2021,
OPTIDX,NIFTY,12-May-2021,15250,PE,0,0,0,703.5,978.85,0,0,0,0,19-APR-2021,
OPTIDX,NIFTY,12-May-2021,15300,PE,0,0,0,729.55,1019.2,0,0,0,0,19-APR-2021,
OPTIDX,NIFTY,12-May-2021,15350,PE,0,0,0,756.15,1060.15,0,0,0,0,19-APR-2021,
OPTIDX,NIFTY,12-May-2021,15400,PE,0,0,0,783.3,1101.7,0,0,0,0,19-APR-2021,
OPTIDX,NIFTY,12-May-2021,15450,PE,0,0,0,810.95,1143.8,0,0,0,0,19-APR-2021,
OPTIDX,NIFTY,12-May-2021,15500,PE,0,0,0,839.15,1186.45,0,0,0,0,19-APR-2021,
OPTIDX,NIFTY,12-May-2021,15550,PE,0,0,0,867.9,1229.6,0,0,0,0,19-APR-2021,
OPTIDX,NIFTY,12-May-2021,15600,PE,0,0,0,897.2,1273.2,0,0,0,0,19-APR-2021,
OPTIDX,NIFTY,12-May-2021,15650,PE,0,0,0,927,1317.25,0,0,0,0,19-APR-2021,
OPTIDX,NIFTY,12-May-2021,15700,PE,0,0,0,957.3,1361.75,0,0,0,0,19-APR-2021,
OPTIDX,NIFTY,12-May-2021,15750,PE,0,0,0,988.1,1406.65,0,0,0,0,19-APR-2021,
OPTIDX,NIFTY,12-May-2021,15800,PE,0,0,0,1019.45,1451.9,0,0,0,0,19-APR-2021,
OPTIDX,NIFTY,12-May-2021,15850,PE,0,0,0,1051.25,1497.55,0,0,0,0,19-APR-2021,
OPTIDX,NIFTY,12-May-2021,15900,PE,0,0,0,1083.6,1543.5,0,0,0,0,19-APR-2021,
OPTIDX,NIFTY,12-May-2021,15950,PE,0,0,0,1116.4,1589.75,0,0,0,0,19-APR-2021,
OPTIDX,NIFTY,12-May-2021,16000,PE,0,0,0,1149.65,1636.35,0,0,0,0,19-APR-2021,
OPTIDX,NIFTY,12-May-2021,16050,PE,0,0,0,1183.45,1683.2,0,0,0,0,19-APR-2021,
OPTIDX,NIFTY,12-May-2021,16100,PE,0,0,0,1217.65,1730.3,0,0,0,0,19-APR-2021,
OPTIDX,NIFTY,12-May-2021,16150,PE,0,0,0,1252.35,1777.6,0,0,0,0,19-APR-2021,
OPTIDX,NIFTY,12-May-2021,16200,PE,0,0,0,1287.5,1825.15,0,0,0,0,19-APR-2021,
OPTIDX,NIFTY,12-May-2021,16250,PE,0,0,0,1323.05,1872.9,0,0,0,0,19-APR-2021,
OPTIDX,NIFTY,12-May-2021,16300,PE,0,0,0,1359.05,1920.85,0,0,0,0,19-APR-2021,
OPTIDX,NIFTY,12-May-2021,16350,PE,0,0,0,1395.5,1969,0,0,0,0,19-APR-2021,
OPTIDX,NIFTY,12-May-2021,16400,PE,0,0,0,1432.35,2017.25,0,0,0,0,19-APR-2021,
OPTIDX,NIFTY,12-May-2021,16450,PE,0,0,0,1470.35,2065.7,0,0,0,0,19-APR-2021,
OPTIDX,NIFTY,12-May-2021,16500,PE,0,0,0,1508.1,2114.25,0,0,0,0,19-APR-2021,
OPTIDX,NIFTY,12-May-2021,16550,PE,0,0,0,1546.25,2162.95,0,0,0,0,19-APR-2021,
OPTIDX,NIFTY,12-May-2021,16600,PE,0,0,0,1584.75,2211.75,0,0,0,0,19-APR-2021,
OPTIDX,NIFTY,12-May-2021,16650,PE,0,0,0,1623,2260.7,0,0,0,0,19-APR-2021,
OPTIDX,NIFTY,20-May-2021,12800,CE,0,0,0,1707.75,1638.4,0,0,0,0,19-APR-2021,
OPTIDX,NIFTY,20-May-2021,12850,CE,0,0,0,1666,1592.85,0,0,0,0,19-APR-2021,
OPTIDX,NIFTY,20-May-2021,12900,CE,0,0,0,1624.65,1547.65,0,0,0,0,19-APR-2021,
OPTIDX,NIFTY,20-May-2021,12950,CE,0,0,0,1583.75,1502.9,0,0,0,0,19-APR-2021,
OPTIDX,NIFTY,20-May-2021,13000,CE,0,0,0,1543.3,1458.55,0,0,0,0,19-APR-2021,
OPTIDX,NIFTY,20-May-2021,13050,CE,0,0,0,1732.8,1414.65,0,0,0,0,19-APR-2021,
OPTIDX,NIFTY,20-May-2021,13100,CE,0,0,0,1692.2,1371.25,0,0,0,0,19-APR-2021,
OPTIDX,NIFTY,20-May-2021,13150,CE,0,0,0,1652,1328.3,0,0,0,0,19-APR-2021,
OPTIDX,NIFTY,20-May-2021,13200,CE,0,0,0,1612.25,1285.9,0,0,0,0,19-APR-2021,
OPTIDX,NIFTY,20-May-2021,13250,CE,0,0,0,1573,1244,0,0,0,0,19-APR-2021,
OPTIDX,NIFTY,20-May-2021,13300,CE,0,0,0,1534.15,1202.7,0,0,0,0,19-APR-2021,
OPTIDX,NIFTY,20-May-2021,13350,CE,0,0,0,1495.8,1162,0,0,0,0,19-APR-2021,
OPTIDX,NIFTY,20-May-2021,13400,CE,0,0,0,1457.95,1121.9,0,0,0,0,19-APR-2021,
OPTIDX,NIFTY,20-May-2021,13450,CE,0,0,0,1420.55,1082.4,0,0,0,0,19-APR-2021,
OPTIDX,NIFTY,20-May-2021,13500,CE,0,0,0,1384.15,1043.6,0,0,0,0,19-APR-2021,
OPTIDX,NIFTY,20-May-2021,13550,CE,0,0,0,1347.7,1005.45,0,0,0,0,19-APR-2021,
OPTIDX,NIFTY,20-May-2021,13600,CE,0,0,0,1311.8,968.55,0,0,0,0,19-APR-2021,
OPTIDX,NIFTY,20-May-2021,13650,CE,0,0,0,1275.8,931.7,0,0,0,0,19-APR-2021,
OPTIDX,NIFTY,20-May-2021,13700,CE,0,0,0,1241,895.05,0,0,0,0,19-APR-2021,
OPTIDX,NIFTY,20-May-2021,13750,CE,0,0,0,1206.75,859.8,0,0,0,0,19-APR-2021,
OPTIDX,NIFTY,20-May-2021,13800,CE,0,0,0,1173,825.3,0,0,0,0,19-APR-2021,
OPTIDX,NIFTY,20-May-2021,13850,CE,0,0,0,1139.85,791.6,0,0,0,0,19-APR-2021,
OPTIDX,NIFTY,20-May-2021,13900,CE,0,0,0,1107.25,758.7,0,0,0,0,19-APR-2021,
OPTIDX,NIFTY,20-May-2021,13950,CE,0,0,0,1075.2,726.6,0,0,0,0,19-APR-2021,
OPTIDX,NIFTY,20-May-2021,14000,CE,0,0,0,1043.7,695.3,0,0,0,0,19-APR-2021,
OPTIDX,NIFTY,20-May-2021,14050,CE,0,0,0,1012.8,664.8,0,0,0,0,19-APR-2021,
OPTIDX,NIFTY,20-May-2021,14100,CE,0,0,0,982.45,635.2,0,0,0,0,19-APR-2021,
OPTIDX,NIFTY,20-May-2021,14150,CE,0,0,0,952.65,606.35,0,0,0,0,19-APR-2021,
OPTIDX,NIFTY,20-May-2021,14200,CE,0,0,0,923.45,578.4,0,0,0,0,19-APR-2021,
OPTIDX,NIFTY,20-May-2021,14250,CE,0,0,0,894.85,551.25,0,0,0,0,19-APR-2021,
OPTIDX,NIFTY,20-May-2021,14300,CE,0,0,0,866.8,524.95,0,0,0,0,19-APR-2021,
OPTIDX,NIFTY,20-May-2021,14350,CE,0,0,0,839.35,499.55,0,0,0,0,19-APR-2021,
OPTIDX,NIFTY,20-May-2021,14400,CE,0,0,0,812.45,474.85,0,0,0,0,19-APR-2021,
OPTIDX,NIFTY,20-May-2021,14450,CE,0,0,0,786.2,451.1,0,0,0,0,19-APR-2021,
OPTIDX,NIFTY,20-May-2021,14500,CE,0,0,0,760.45,428.15,0,0,0,0,19-APR-2021,
OPTIDX,NIFTY,20-May-2021,14550,CE,0,0,0,735.3,406.05,0,0,0,0,19-APR-2021,
OPTIDX,NIFTY,20-May-2021,14600,CE,0,0,0,710.7,384.75,0,0,0,0,19-APR-2021,
OPTIDX,NIFTY,20-May-2021,14650,CE,0,0,0,686.7,364.25,0,0,0,0,19-APR-2021,
OPTIDX,NIFTY,20-May-2021,14700,CE,0,0,0,663.3,344.55,0,0,0,0,19-APR-2021,
OPTIDX,NIFTY,20-May-2021,14750,CE,0,0,0,640.45,325.65,0,0,0,0,19-APR-2021,
OPTIDX,NIFTY,20-May-2021,14800,CE,0,0,0,618.15,307.55,0,0,0,0,19-APR-2021,
OPTIDX,NIFTY,20-May-2021,14850,CE,0,0,0,596.45,290.15,0,0,0,0,19-APR-2021,
OPTIDX,NIFTY,20-May-2021,14900,CE,0,0,0,575.3,273.55,0,0,0,0,19-APR-2021,
OPTIDX,NIFTY,20-May-2021,14950,CE,0,0,0,554.65,257.65,0,0,0,0,19-APR-2021,
OPTIDX,NIFTY,20-May-2021,15000,CE,0,0,0,534.6,242.45,0,0,0,0,19-APR-2021,
OPTIDX,NIFTY,20-May-2021,15050,CE,0,0,0,515.1,228,0,0,0,0,19-APR-2021,
OPTIDX,NIFTY,20-May-2021,15100,CE,0,0,0,496.1,214.2,0,0,0,0,19-APR-2021,
OPTIDX,NIFTY,20-May-2021,15150,CE,0,0,0,477.65,201.05,0,0,0,0,19-APR-2021,
OPTIDX,NIFTY,20-May-2021,15200,CE,0,0,0,459.7,189.25,0,0,0,0,19-APR-2021,
OPTIDX,NIFTY,20-May-2021,15250,CE,0,0,0,442.25,177.5,0,0,0,0,19-APR-2021,
OPTIDX,NIFTY,20-May-2021,15300,CE,0,0,0,425.35,165.65,0,0,0,0,19-APR-2021,
OPTIDX,NIFTY,20-May-2021,15350,CE,0,0,0,408.95,155,0,0,0,0,19-APR-2021,
OPTIDX,NIFTY,20-May-2021,15400,CE,0,0,0,393.05,144.9,0,0,0,0,19-APR-2021,
OPTIDX,NIFTY,20-May-2021,15450,CE,0,0,0,377.6,135.35,0,0,0,0,19-APR-2021,
OPTIDX,NIFTY,20-May-2021,15500,CE,0,0,0,362.65,126.3,0,0,0,0,19-APR-2021,
OPTIDX,NIFTY,20-May-2021,15550,CE,0,0,0,348.15,117.75,0,0,0,0,19-APR-2021,
OPTIDX,NIFTY,20-May-2021,15600,CE,0,0,0,334.15,109.7,0,0,0,0,19-APR-2021,
OPTIDX,NIFTY,20-May-2021,15650,CE,0,0,0,320.55,102.1,0,0,0,0,19-APR-2021,
OPTIDX,NIFTY,20-May-2021,15700,CE,0,0,0,307.45,94.95,0,0,0,0,19-APR-2021,
OPTIDX,NIFTY,20-May-2021,15750,CE,0,0,0,295.4,88.25,0,0,0,0,19-APR-2021,
OPTIDX,NIFTY,20-May-2021,15800,CE,0,0,0,283.2,81.9,0,0,0,0,19-APR-2021,
OPTIDX,NIFTY,20-May-2021,15850,CE,0,0,0,271.4,76,0,0,0,0,19-APR-2021,
OPTIDX,NIFTY,20-May-2021,15900,CE,0,0,0,260,70.45,0,0,0,0,19-APR-2021,
OPTIDX,NIFTY,20-May-2021,15950,CE,0,0,0,249.05,65.2,0,0,0,0,19-APR-2021,
OPTIDX,NIFTY,20-May-2021,16000,CE,0,0,0,237.8,60.35,0,0,0,0,19-APR-2021,
OPTIDX,NIFTY,20-May-2021,16050,CE,0,0,0,227.55,55.8,0,0,0,0,19-APR-2021,
OPTIDX,NIFTY,20-May-2021,16100,CE,0,0,0,248.75,51.55,0,0,0,0,19-APR-2021,
OPTIDX,NIFTY,20-May-2021,16150,CE,0,0,0,237.4,47.55,0,0,0,0,19-APR-2021,
OPTIDX,NIFTY,20-May-2021,16200,CE,0,0,0,227,43.85,0,0,0,0,19-APR-2021,
OPTIDX,NIFTY,20-May-2021,16250,CE,0,0,0,216.95,40.4,0,0,0,0,19-APR-2021,
OPTIDX,NIFTY,20-May-2021,16300,CE,0,0,0,212.5,37.2,0,0,0,0,19-APR-2021,
OPTIDX,NIFTY,20-May-2021,16350,CE,0,0,0,176,34.25,0,0,0,0,19-APR-2021,
OPTIDX,NIFTY,20-May-2021,12800,PE,0,0,0,109.4,38.25,0,0,0,0,19-APR-2021,
OPTIDX,NIFTY,20-May-2021,12850,PE,0,0,0,117.35,42.55,0,0,0,0,19-APR-2021,
OPTIDX,NIFTY,20-May-2021,12900,PE,0,0,0,125.75,47.2,0,0,0,0,19-APR-2021,
OPTIDX,NIFTY,20-May-2021,12950,PE,0,0,0,134.55,52.25,0,0,0,0,19-APR-2021,
OPTIDX,NIFTY,20-May-2021,13000,PE,71,100.1,52,64.2,64.2,33,323.53,2250,1575,19-APR-2021,
OPTIDX,NIFTY,20-May-2021,13050,PE,0,0,0,140.3,63.7,0,0,0,0,19-APR-2021,
OPTIDX,NIFTY,20-May-2021,13100,PE,0,0,0,130.4,70.1,0,0,1125,0,19-APR-2021,
OPTIDX,NIFTY,20-May-2021,13150,PE,0,0,0,158.85,77.05,0,0,0,0,19-APR-2021,
OPTIDX,NIFTY,20-May-2021,13200,PE,0,0,0,71.85,84.45,0,0,75,0,19-APR-2021,
OPTIDX,NIFTY,20-May-2021,13250,PE,0,0,0,179.2,92.45,0,0,0,0,19-APR-2021,
OPTIDX,NIFTY,20-May-2021,13300,PE,0,0,0,190.05,100.95,0,0,0,0,19-APR-2021,
OPTIDX,NIFTY,20-May-2021,13350,PE,0,0,0,201.35,110.1,0,0,0,0,19-APR-2021,
OPTIDX,NIFTY,20-May-2021,13400,PE,0,0,0,213.15,119.85,0,0,0,0,19-APR-2021,
OPTIDX,NIFTY,20-May-2021,13450,PE,0,0,0,225.45,130.2,0,0,0,0,19-APR-2021,
OPTIDX,NIFTY,20-May-2021,13500,PE,120,120,120,120,120,2,20.43,150,0,19-APR-2021,
OPTIDX,NIFTY,20-May-2021,13550,PE,0,0,0,251.95,152.9,0,0,0,0,19-APR-2021,
OPTIDX,NIFTY,20-May-2021,13600,PE,0,0,0,265.75,165.85,0,0,0,0,19-APR-2021,
OPTIDX,NIFTY,20-May-2021,13650,PE,0,0,0,279.4,178.85,0,0,0,0,19-APR-2021,
OPTIDX,NIFTY,20-May-2021,13700,PE,0,0,0,294.3,192.05,0,0,0,0,19-APR-2021,
OPTIDX,NIFTY,20-May-2021,13750,PE,0,0,0,309.7,206.65,0,0,0,0,19-APR-2021,
OPTIDX,NIFTY,20-May-2021,13800,PE,0,0,0,325.65,222,0,0,0,0,19-APR-2021,
OPTIDX,NIFTY,20-May-2021,13850,PE,0,0,0,342.15,238.15,0,0,0,0,19-APR-2021,
OPTIDX,NIFTY,20-May-2021,13900,PE,0,0,0,359.25,255.05,0,0,0,0,19-APR-2021,
OPTIDX,NIFTY,20-May-2021,13950,PE,0,0,0,376.85,272.8,0,0,0,0,19-APR-2021,
OPTIDX,NIFTY,20-May-2021,14000,PE,0,0,0,395.05,291.35,0,0,0,0,19-APR-2021,
OPTIDX,NIFTY,20-May-2021,14050,PE,0,0,0,413.8,310.7,0,0,0,0,19-APR-2021,
OPTIDX,NIFTY,20-May-2021,14100,PE,0,0,0,433.15,330.9,0,0,0,0,19-APR-2021,
OPTIDX,NIFTY,20-May-2021,14150,PE,0,0,0,453.05,351.9,0,0,0,0,19-APR-2021,
OPTIDX,NIFTY,20-May-2021,14200,PE,0,0,0,473.5,373.8,0,0,0,0,19-APR-2021,
OPTIDX,NIFTY,20-May-2021,14250,PE,0,0,0,494.55,396.5,0,0,0,0,19-APR-2021,
OPTIDX,NIFTY,20-May-2021,14300,PE,542.25,542.25,400,400,420.05,2,22.15,75,75,19-APR-2021,
OPTIDX,NIFTY,20-May-2021,14350,PE,0,0,0,538.45,444.45,0,0,0,0,19-APR-2021,
OPTIDX,NIFTY,20-May-2021,14400,PE,0,0,0,561.2,469.6,0,0,0,0,19-APR-2021,
OPTIDX,NIFTY,20-May-2021,14450,PE,0,0,0,584.6,495.7,0,0,0,0,19-APR-2021,
OPTIDX,NIFTY,20-May-2021,14500,PE,0,0,0,444,522.6,0,0,75,0,19-APR-2021,
OPTIDX,NIFTY,20-May-2021,14550,PE,0,0,0,633.1,550.3,0,0,0,0,19-APR-2021,
OPTIDX,NIFTY,20-May-2021,14600,PE,0,0,0,658.15,578.85,0,0,0,0,19-APR-2021,
OPTIDX,NIFTY,20-May-2021,14650,PE,0,0,0,683.85,608.2,0,0,0,0,19-APR-2021,
OPTIDX,NIFTY,20-May-2021,14700,PE,0,0,0,710.1,638.35,0,0,0,0,19-APR-2021,
OPTIDX,NIFTY,20-May-2021,14750,PE,0,0,0,736.95,669.3,0,0,0,0,19-APR-2021,
OPTIDX,NIFTY,20-May-2021,14800,PE,0,0,0,764.3,701,0,0,0,0,19-APR-2021,
OPTIDX,NIFTY,20-May-2021,14850,PE,0,0,0,792.3,733.5,0,0,0,0,19-APR-2021,
OPTIDX,NIFTY,20-May-2021,14900,PE,0,0,0,820.8,766.7,0,0,0,0,19-APR-2021,
OPTIDX,NIFTY,20-May-2021,14950,PE,0,0,0,849.85,800.65,0,0,0,0,19-APR-2021,
OPTIDX,NIFTY,20-May-2021,15000,PE,0,0,0,653.5,835.35,0,0,75,0,19-APR-2021,
OPTIDX,NIFTY,20-May-2021,15050,PE,0,0,0,909.6,870.7,0,0,0,0,19-APR-2021,
OPTIDX,NIFTY,20-May-2021,15100,PE,0,0,0,940.3,906.75,0,0,0,0,19-APR-2021,
OPTIDX,NIFTY,20-May-2021,15150,PE,0,0,0,971.5,943.45,0,0,0,0,19-APR-2021,
OPTIDX,NIFTY,20-May-2021,15200,PE,0,0,0,1003.25,981.45,0,0,0,0,19-APR-2021,
OPTIDX,NIFTY,20-May-2021,15250,PE,0,0,0,1035.5,1019.55,0,0,0,0,19-APR-2021,
OPTIDX,NIFTY,20-May-2021,15300,PE,0,0,0,1068.25,1057.55,0,0,0,0,19-APR-2021,
OPTIDX,NIFTY,20-May-2021,15350,PE,0,0,0,1101.55,1096.75,0,0,0,0,19-APR-2021,
OPTIDX,NIFTY,20-May-2021,15400,PE,0,0,0,1135.3,1136.45,0,0,0,0,19-APR-2021,
OPTIDX,NIFTY,20-May-2021,15450,PE,0,0,0,1169.55,1176.75,0,0,0,0,19-APR-2021,
OPTIDX,NIFTY,20-May-2021,15500,PE,0,0,0,1204.25,1217.55,0,0,0,0,19-APR-2021,
OPTIDX,NIFTY,20-May-2021,15550,PE,0,0,0,1239.45,1258.85,0,0,0,0,19-APR-2021,
OPTIDX,NIFTY,20-May-2021,15600,PE,0,0,0,1275.1,1300.65,0,0,0,0,19-APR-2021,
OPTIDX,NIFTY,20-May-2021,15650,PE,0,0,0,1311.2,1342.9,0,0,0,0,19-APR-2021,
OPTIDX,NIFTY,20-May-2021,15700,PE,0,0,0,1347.75,1385.6,0,0,0,0,19-APR-2021,
OPTIDX,NIFTY,20-May-2021,15750,PE,0,0,0,1385.4,1428.7,0,0,0,0,19-APR-2021,
OPTIDX,NIFTY,20-May-2021,15800,PE,0,0,0,1422.85,1472.2,0,0,0,0,19-APR-2021,
OPTIDX,NIFTY,20-May-2021,15850,PE,0,0,0,1460.75,1516.15,0,0,0,0,19-APR-2021,
OPTIDX,NIFTY,20-May-2021,15900,PE,0,0,0,1499.05,1560.4,0,0,0,0,19-APR-2021,
OPTIDX,NIFTY,20-May-2021,15950,PE,0,0,0,1537.75,1605.05,0,0,0,0,19-APR-2021,
OPTIDX,NIFTY,20-May-2021,16000,PE,0,0,0,1576.2,1650,0,0,0,0,19-APR-2021,
OPTIDX,NIFTY,20-May-2021,16050,PE,0,0,0,1615.6,1695.3,0,0,0,0,19-APR-2021,
OPTIDX,NIFTY,20-May-2021,16100,PE,0,0,0,1505.55,1740.9,0,0,0,0,19-APR-2021,
OPTIDX,NIFTY,20-May-2021,16150,PE,0,0,0,1543.85,1786.75,0,0,0,0,19-APR-2021,
OPTIDX,NIFTY,20-May-2021,16200,PE,0,0,0,1583.15,1832.9,0,0,0,0,19-APR-2021,
OPTIDX,NIFTY,20-May-2021,16250,PE,0,0,0,1622.85,1879.3,0,0,0,0,19-APR-2021,
OPTIDX,NIFTY,20-May-2021,16300,PE,0,0,0,1600.65,1925.95,0,0,0,0,19-APR-2021,
OPTIDX,NIFTY,20-May-2021,16350,PE,0,0,0,1595.7,1972.8,0,0,0,0,19-APR-2021,
OPTIDX,NIFTY,27-May-2021,12800,CE,1538.4,1650,1538.4,1650,1665.55,6,64.81,900,225,19-APR-2021,
OPTIDX,NIFTY,27-May-2021,12850,CE,1599,1599,1599,1599,1621.2,2,21.67,0,-150,19-APR-2021,
OPTIDX,NIFTY,27-May-2021,12900,CE,0,0,0,1798.45,1577.2,0,0,75,0,19-APR-2021,
OPTIDX,NIFTY,27-May-2021,12950,CE,0,0,0,1614.65,1533.65,0,0,0,0,19-APR-2021,
OPTIDX,NIFTY,27-May-2021,13000,CE,1424,1500,1345,1472.05,1472.05,986,10662.42,111450,61275,19-APR-2021,
OPTIDX,NIFTY,27-May-2021,13050,CE,0,0,0,1812.9,1447.85,0,0,0,0,19-APR-2021,
OPTIDX,NIFTY,27-May-2021,13100,CE,0,0,0,1596.85,1405.7,0,0,375,0,19-APR-2021,
OPTIDX,NIFTY,27-May-2021,13150,CE,0,0,0,1736.6,1364,0,0,0,0,19-APR-2021,
OPTIDX,NIFTY,27-May-2021,13200,CE,1225,1281.15,1225,1281.15,1322.85,4,43.35,900,300,19-APR-2021,
OPTIDX,NIFTY,27-May-2021,13250,CE,0,0,0,1662.55,1282.25,0,0,0,0,19-APR-2021,
OPTIDX,NIFTY,27-May-2021,13300,CE,1150,1198.7,1150,1198.7,1242.2,4,43.44,1950,150,19-APR-2021,
OPTIDX,NIFTY,27-May-2021,13350,CE,0,0,0,1589.6,1202.7,0,0,0,0,19-APR-2021,
OPTIDX,NIFTY,27-May-2021,13400,CE,1037.1,1091.85,1035,1091.85,1163.8,21,227.46,1575,1500,19-APR-2021,
OPTIDX,NIFTY,27-May-2021,13450,CE,0,0,0,1518.4,1125.55,0,0,0,0,19-APR-2021,
OPTIDX,NIFTY,27-May-2021,13500,CE,1000,1077.55,916.55,1045.65,1045.65,621,6748.48,91050,-150,19-APR-2021,
OPTIDX,NIFTY,27-May-2021,13550,CE,700,700,700,700,1051.35,1,10.68,75,75,19-APR-2021,
OPTIDX,NIFTY,27-May-2021,13600,CE,0,0,0,1218.7,1014.9,0,0,525,0,19-APR-2021,
OPTIDX,NIFTY,27-May-2021,13650,CE,931.75,931.75,931.75,931.75,978.6,2,21.87,150,150,19-APR-2021,
OPTIDX,NIFTY,27-May-2021,13700,CE,0,0,0,1060.9,943.6,0,0,1050,0,19-APR-2021,
OPTIDX,NIFTY,27-May-2021,13750,CE,0,0,0,1754.7,909.3,0,0,0,0,19-APR-2021,
OPTIDX,NIFTY,27-May-2021,13800,CE,725,840.75,622.55,840.75,840.75,13,141.93,975,450,19-APR-2021,
OPTIDX,NIFTY,27-May-2021,13850,CE,0,0,0,1681.75,842.85,0,0,0,0,19-APR-2021,
OPTIDX,NIFTY,27-May-2021,13900,CE,581.45,754.2,581.45,693,810.7,10,109.23,750,375,19-APR-2021,
OPTIDX,NIFTY,27-May-2021,13950,CE,724.05,724.05,724.05,724.05,779.3,1,11,75,75,19-APR-2021,
OPTIDX,NIFTY,27-May-2021,14000,CE,672.5,693.4,577.65,673.25,673.25,1566,17170.96,155700,34350,19-APR-2021,
OPTIDX,NIFTY,27-May-2021,14050,CE,0,0,0,1540.4,718.7,0,0,0,0,19-APR-2021,
OPTIDX,NIFTY,27-May-2021,14100,CE,518.35,618.2,510.2,605.15,605.15,420,4620.4,9375,8100,19-APR-2021,
OPTIDX,NIFTY,27-May-2021,14150,CE,495.5,582.6,495.5,582.6,582.6,20,220.01,825,675,19-APR-2021,
OPTIDX,NIFTY,27-May-2021,14200,CE,499.95,560.95,452.5,541.9,541.9,1289,14212.94,42525,38850,19-APR-2021,
OPTIDX,NIFTY,27-May-2021,14250,CE,452.5,517.95,425.55,509.1,509.1,147,1621.51,6300,6225,19-APR-2021,
OPTIDX,NIFTY,27-May-2021,14300,CE,446.9,500.45,398.1,484.6,484.6,3256,35996.05,153750,56025,19-APR-2021,
OPTIDX,NIFTY,27-May-2021,14350,CE,423.5,461.55,375,452.35,452.35,140,1551.22,4650,3825,19-APR-2021,
OPTIDX,NIFTY,27-May-2021,14400,CE,384,442.5,351.35,425.1,425.1,1763,19560.68,51450,24750,19-APR-2021,
OPTIDX,NIFTY,27-May-2021,14450,CE,368.5,411.9,294.05,395.45,395.45,69,767,4350,2400,19-APR-2021,
OPTIDX,NIFTY,27-May-2021,14500,CE,337.75,386.55,307.35,371.45,371.45,7918,88121.58,417825,78750,19-APR-2021,
OPTIDX,NIFTY,27-May-2021,14550,CE,350,353.05,287.55,343.75,343.75,36,401.76,2400,525,19-APR-2021,
OPTIDX,NIFTY,27-May-2021,14600,CE,297.3,332.8,262.75,319.5,319.5,2725,30438.53,117000,28725,19-APR-2021,
OPTIDX,NIFTY,27-May-2021,14650,CE,243.9,305.35,239.4,297.55,297.55,36,402.72,2700,225,19-APR-2021,
OPTIDX,NIFTY,27-May-2021,14700,CE,256.55,286.2,223.7,273.75,273.75,2350,26349.14,115500,9600,19-APR-2021,
OPTIDX,NIFTY,27-May-2021,14750,CE,283.4,283.4,209.2,251.8,251.8,49,550.59,7800,-525,19-APR-2021,
OPTIDX,NIFTY,27-May-2021,14800,CE,235.05,242.25,190,231,231,2827,31825.66,220125,42225,19-APR-2021,
OPTIDX,NIFTY,27-May-2021,14850,CE,122.6,215.4,122.6,205,205,41,462.45,4275,300,19-APR-2021,
OPTIDX,NIFTY,27-May-2021,14900,CE,164.35,205.85,157.55,193.55,193.55,2512,28400.78,111975,35700,19-APR-2021,
OPTIDX,NIFTY,27-May-2021,14950,CE,105.45,180.25,105.45,178.85,178.85,40,453.23,6975,-375,19-APR-2021,
OPTIDX,NIFTY,27-May-2021,15000,CE,137.5,188,118.3,161.9,161.9,15860,180163.16,1220100,201825,19-APR-2021,
OPTIDX,NIFTY,27-May-2021,15050,CE,140.6,160.95,98.3,153.1,153.1,47,535.64,3450,-150,19-APR-2021,
OPTIDX,NIFTY,27-May-2021,15100,CE,119.05,148.95,102.6,132,132,3103,35420.27,90750,39600,19-APR-2021,
OPTIDX,NIFTY,27-May-2021,15150,CE,0,0,0,137.7,247.9,0,0,1425,0,19-APR-2021,
OPTIDX,NIFTY,27-May-2021,15200,CE,112.5,112.95,81.2,105.5,105.5,3718,42648.63,127875,47850,19-APR-2021,
OPTIDX,NIFTY,27-May-2021,15250,CE,75,94.15,65,94.15,221.45,22,252.91,1875,-750,19-APR-2021,
OPTIDX,NIFTY,27-May-2021,15300,CE,66.75,100.05,63.7,83.9,83.9,3115,35920.31,126450,23700,19-APR-2021,
OPTIDX,NIFTY,27-May-2021,15350,CE,67.7,89.8,51.2,72.8,72.8,168,1942.18,13200,4200,19-APR-2021,
OPTIDX,NIFTY,27-May-2021,15400,CE,69.45,99.15,40.75,66.25,66.25,2343,27164.69,97875,35325,19-APR-2021,
OPTIDX,NIFTY,27-May-2021,15450,CE,0,0,0,759.45,175.5,0,0,0,0,19-APR-2021,
OPTIDX,NIFTY,27-May-2021,15500,CE,55,58,40.4,51.8,51.8,10903,127128.83,908325,69150,19-APR-2021,
OPTIDX,NIFTY,27-May-2021,15550,CE,45,50,31.3,49.5,49.5,18,210.55,675,675,19-APR-2021,
OPTIDX,NIFTY,27-May-2021,15600,CE,44.55,52.1,25.5,39.55,39.55,2036,23876.36,116700,8475,19-APR-2021,
OPTIDX,NIFTY,27-May-2021,15650,CE,0,0,0,677.1,137.5,0,0,0,0,19-APR-2021,
OPTIDX,NIFTY,27-May-2021,15700,CE,35.05,39.4,25.85,30.2,30.2,2118,24985.07,178650,5925,19-APR-2021,
OPTIDX,NIFTY,27-May-2021,15750,CE,0,0,0,638.55,121.2,0,0,0,0,19-APR-2021,
OPTIDX,NIFTY,27-May-2021,15800,CE,25.05,33,22,24.65,24.65,1430,16971.38,167625,13950,19-APR-2021,
OPTIDX,NIFTY,27-May-2021,15850,CE,0,0,0,85,106.55,0,0,450,0,19-APR-2021,
OPTIDX,NIFTY,27-May-2021,15900,CE,21.8,30.55,19.2,21.15,21.15,634,7570.95,54375,975,19-APR-2021,
OPTIDX,NIFTY,27-May-2021,15950,CE,0,0,0,566.4,93.45,0,0,0,0,19-APR-2021,
OPTIDX,NIFTY,27-May-2021,16000,CE,22.5,24.5,16.85,18.1,18.1,4857,58351.58,690000,19800,19-APR-2021,
OPTIDX,NIFTY,27-May-2021,16050,CE,0,0,0,532.8,81.7,0,0,0,0,19-APR-2021,
OPTIDX,NIFTY,27-May-2021,16100,CE,15,19.05,14.6,14.9,14.9,89,1075.77,9150,-150,19-APR-2021,
OPTIDX,NIFTY,27-May-2021,16150,CE,0,0,0,500.75,71.3,0,0,0,0,19-APR-2021,
OPTIDX,NIFTY,27-May-2021,16200,CE,18.85,19,13.05,14.5,14.5,429,5217.07,16875,-4350,19-APR-2021,
OPTIDX,NIFTY,27-May-2021,16250,CE,0,0,0,470.25,62,0,0,0,0,19-APR-2021,
OPTIDX,NIFTY,27-May-2021,16300,CE,13.4,14.45,10.05,12.4,12.4,61,746.32,14625,0,19-APR-2021,
OPTIDX,NIFTY,27-May-2021,16350,CE,0,0,0,441.25,53.8,0,0,0,0,19-APR-2021,
OPTIDX,NIFTY,27-May-2021,16400,CE,11.85,13.85,10.25,10.3,10.3,12,147.69,4800,-75,19-APR-2021,
OPTIDX,NIFTY,27-May-2021,16450,CE,0,0,0,413.65,46.55,0,0,0,0,19-APR-2021,
OPTIDX,NIFTY,27-May-2021,16500,CE,10.1,12.55,9.15,10.7,10.7,1827,22624.45,314925,3975,19-APR-2021,
OPTIDX,NIFTY,27-May-2021,16550,CE,0,0,0,387.5,40.2,0,0,0,0,19-APR-2021,
OPTIDX,NIFTY,27-May-2021,16600,CE,10.05,14.5,7.05,7.05,7.05,15,186.87,4425,75,19-APR-2021,
OPTIDX,NIFTY,27-May-2021,16650,CE,0,0,0,388.65,34.65,0,0,0,0,19-APR-2021,
OPTIDX,NIFTY,27-May-2021,16700,CE,0,0,0,375.9,32.1,0,0,0,0,19-APR-2021,
OPTIDX,NIFTY,27-May-2021,16750,CE,13,13,5.1,11.9,11.9,19,238.81,600,-75,19-APR-2021,
OPTIDX,NIFTY,27-May-2021,12800,PE,40,71.45,40,49.6,49.6,3613,34834.26,223800,71325,19-APR-2021,
OPTIDX,NIFTY,27-May-2021,12850,PE,0,0,0,69,61.65,0,0,150,0,19-APR-2021,
OPTIDX,NIFTY,27-May-2021,12900,PE,48,71.45,48,56.1,56.1,1062,10323.67,39450,26025,19-APR-2021,
OPTIDX,NIFTY,27-May-2021,12950,PE,0,0,0,156.2,73.7,0,0,0,0,19-APR-2021,
OPTIDX,NIFTY,27-May-2021,13000,PE,73.55,79.25,54.5,65.15,65.15,11118,108979.83,983625,44400,19-APR-2021,
OPTIDX,NIFTY,27-May-2021,13050,PE,64,82.7,64,69.65,69.65,274,2696.66,27375,-2850,19-APR-2021,
OPTIDX,NIFTY,27-May-2021,13100,PE,79.35,86.45,65.05,73.4,73.4,1554,15357.5,346725,-6000,19-APR-2021,
OPTIDX,NIFTY,27-May-2021,13150,PE,87,87,87,87,103.35,1,9.92,300,75,19-APR-2021,
OPTIDX,NIFTY,27-May-2021,13200,PE,82.8,98.55,71.2,82.8,82.8,4160,41457.04,445275,12450,19-APR-2021,
OPTIDX,NIFTY,27-May-2021,13250,PE,120,120,120,120,120,1,10.02,75,75,19-APR-2021,
OPTIDX,NIFTY,27-May-2021,13300,PE,87.35,111.4,79.1,96.5,96.5,5746,57750.5,552450,39075,19-APR-2021,
OPTIDX,NIFTY,27-May-2021,13350,PE,0,0,0,290.6,141.25,0,0,0,0,19-APR-2021,
OPTIDX,NIFTY,27-May-2021,13400,PE,100.5,131.3,100,111.5,111.5,3705,37561.86,536100,-27750,19-APR-2021,
OPTIDX,NIFTY,27-May-2021,13450,PE,0,0,0,318.5,163.7,0,0,0,0,19-APR-2021,
OPTIDX,NIFTY,27-May-2021,13500,PE,101.35,154.6,101.35,130.25,130.25,14434,147629.66,2709450,-16200,19-APR-2021,
OPTIDX,NIFTY,27-May-2021,13550,PE,150.4,157.15,140,142,142,10,102.72,2925,300,19-APR-2021,
OPTIDX,NIFTY,27-May-2021,13600,PE,140,174.8,135,147.7,147.7,4957,51146.26,720900,64800,19-APR-2021,
OPTIDX,NIFTY,27-May-2021,13650,PE,170,314.15,109.1,163.55,215.95,119,1232.78,6900,-450,19-APR-2021,
OPTIDX,NIFTY,27-May-2021,13700,PE,157.3,202.9,150.05,169.45,169.45,4780,49748.67,756450,-88650,19-APR-2021,
OPTIDX,NIFTY,27-May-2021,13750,PE,180,203.7,176.75,182.25,182.25,1131,11823.07,9300,-63225,19-APR-2021,
OPTIDX,NIFTY,27-May-2021,13800,PE,194.95,233.35,171.1,195.25,195.25,3297,34636.45,752475,-18975,19-APR-2021,
OPTIDX,NIFTY,27-May-2021,13850,PE,249.7,249.7,200.4,205.75,205.75,83,875.7,4200,-1575,19-APR-2021,
OPTIDX,NIFTY,27-May-2021,13900,PE,276.25,276.25,200.05,222.65,222.65,4221,44758.5,412650,44925,19-APR-2021,
OPTIDX,NIFTY,27-May-2021,13950,PE,260,260,201.05,232.35,232.35,22,234.17,3975,75,19-APR-2021,
OPTIDX,NIFTY,27-May-2021,14000,PE,233,300,224.4,251.45,251.45,16225,173618.36,1767150,102900,19-APR-2021,
OPTIDX,NIFTY,27-May-2021,14050,PE,270,340.45,212.2,264.25,264.25,34,365.41,1725,450,19-APR-2021,
OPTIDX,NIFTY,27-May-2021,14100,PE,324.95,334.45,269.4,282.4,282.4,2776,29981.18,153300,9150,19-APR-2021,
OPTIDX,NIFTY,27-May-2021,14150,PE,286.55,300.3,286.55,295.7,295.7,6,65,375,375,19-APR-2021,
OPTIDX,NIFTY,27-May-2021,14200,PE,299,378.6,299,318.55,318.55,4119,44906.22,212775,12750,19-APR-2021,
OPTIDX,NIFTY,27-May-2021,14250,PE,450,450,330.05,336.6,336.6,145,1589.23,3300,1200,19-APR-2021,
OPTIDX,NIFTY,27-May-2021,14300,PE,358.55,427.15,333.85,355.6,355.6,4299,47330.28,300075,19500,19-APR-2021,
OPTIDX,NIFTY,27-May-2021,14350,PE,363.5,445.7,304.8,377.15,377.15,131,1448.31,4200,1350,19-APR-2021,
OPTIDX,NIFTY,27-May-2021,14400,PE,399.95,472,369.45,398.95,398.95,2725,30306,323100,-5925,19-APR-2021,
OPTIDX,NIFTY,27-May-2021,14450,PE,431,519.55,309.35,420.05,420.05,70,782.81,3225,-375,19-APR-2021,
OPTIDX,NIFTY,27-May-2021,14500,PE,405.15,528.15,405.15,445.85,445.85,6596,74107.3,759675,600,19-APR-2021,
OPTIDX,NIFTY,27-May-2021,14550,PE,459.05,539,459.05,466.3,466.3,38,429.01,2550,150,19-APR-2021,
OPTIDX,NIFTY,27-May-2021,14600,PE,488,581.15,471,489.3,489.3,1347,15281.22,50325,-19500,19-APR-2021,
OPTIDX,NIFTY,27-May-2021,14650,PE,541,604,514.05,514.05,514.05,39,444.59,2025,-975,19-APR-2021,
OPTIDX,NIFTY,27-May-2021,14700,PE,550,640.5,504.65,543.85,543.85,540,6192.07,34500,-3750,19-APR-2021,
OPTIDX,NIFTY,27-May-2021,14750,PE,685.4,685.4,591.45,596.55,712.1,33,380.79,2100,-75,19-APR-2021,
OPTIDX,NIFTY,27-May-2021,14800,PE,600.8,723.35,563.3,600.6,600.6,572,6627.81,40425,1050,19-APR-2021,
OPTIDX,NIFTY,27-May-2021,14850,PE,0,0,0,460,774.9,0,0,1500,0,19-APR-2021,
OPTIDX,NIFTY,27-May-2021,14900,PE,563.15,782.55,563.15,664.45,664.45,191,2236.16,54975,-2400,19-APR-2021,
OPTIDX,NIFTY,27-May-2021,14950,PE,0,0,0,499.05,840.5,0,0,1575,0,19-APR-2021,
OPTIDX,NIFTY,27-May-2021,15000,PE,603.05,891.85,603.05,735,735,2064,24430.4,319575,-23475,19-APR-2021,
OPTIDX,NIFTY,27-May-2021,15050,PE,0,0,0,800,908.7,0,0,1200,0,19-APR-2021,
OPTIDX,NIFTY,27-May-2021,15100,PE,815,900,794.35,819.7,943.75,12,143.71,3075,-300,19-APR-2021,
OPTIDX,NIFTY,27-May-2021,15150,PE,0,0,0,808.05,979.4,0,0,0,0,19-APR-2021,
OPTIDX,NIFTY,27-May-2021,15200,PE,950,980,784.2,895.4,1015.7,33,398.9,4425,75,19-APR-2021,
OPTIDX,NIFTY,27-May-2021,15250,PE,950,950,950,950,1052.55,1,12.15,0,-75,19-APR-2021,
OPTIDX,NIFTY,27-May-2021,15300,PE,1016.4,1030,946.25,957,957,18,219.69,1650,300,19-APR-2021,
OPTIDX,NIFTY,27-May-2021,15350,PE,0,0,0,913.1,1128.75,0,0,0,0,19-APR-2021,
OPTIDX,NIFTY,27-May-2021,15400,PE,1072,1072.35,1020,1042.7,1042.7,6,74.01,825,-75,19-APR-2021,
OPTIDX,NIFTY,27-May-2021,15450,PE,0,0,0,968.35,1205.85,0,0,0,0,19-APR-2021,
OPTIDX,NIFTY,27-May-2021,15500,PE,1203.3,1253.9,1095,1117.3,1117.3,704,8808.17,129150,7050,19-APR-2021,
OPTIDX,NIFTY,27-May-2021,15550,PE,0,0,0,1025.35,1285.5,0,0,0,0,19-APR-2021,
OPTIDX,NIFTY,27-May-2021,15600,PE,0,0,0,963.5,1326.05,0,0,300,0,19-APR-2021,
OPTIDX,NIFTY,27-May-2021,15650,PE,0,0,0,1084.1,1367.05,0,0,0,0,19-APR-2021,
OPTIDX,NIFTY,27-May-2021,15700,PE,1366.15,1366.15,1366.15,1366.15,1408.5,1,12.79,450,-75,19-APR-2021,
OPTIDX,NIFTY,27-May-2021,15750,PE,0,0,0,1144.6,1450.4,0,0,0,0,19-APR-2021,
OPTIDX,NIFTY,27-May-2021,15800,PE,0,0,0,1145,1492.65,0,0,300,0,19-APR-2021,
OPTIDX,NIFTY,27-May-2021,15850,PE,0,0,0,1206.8,1535.35,0,0,0,0,19-APR-2021,
OPTIDX,NIFTY,27-May-2021,15900,PE,0,0,0,1245.25,1578.4,0,0,75,0,19-APR-2021,
OPTIDX,NIFTY,27-May-2021,15950,PE,0,0,0,1270.6,1621.85,0,0,0,0,19-APR-2021,
OPTIDX,NIFTY,27-May-2021,16000,PE,1600,1707.1,1557.55,1575.3,1575.3,114,1507.18,74850,1500,19-APR-2021,
OPTIDX,NIFTY,27-May-2021,16050,PE,0,0,0,1336.05,1709.75,0,0,0,0,19-APR-2021,
OPTIDX,NIFTY,27-May-2021,16100,PE,0,0,0,1363.55,1754.15,0,0,75,0,19-APR-2021,
OPTIDX,NIFTY,27-May-2021,16150,PE,0,0,0,1403.1,1798.9,0,0,0,0,19-APR-2021,
OPTIDX,NIFTY,27-May-2021,16200,PE,0,0,0,1463.1,1843.95,0,0,75,0,19-APR-2021,
OPTIDX,NIFTY,27-May-2021,16250,PE,0,0,0,1471.65,1889.25,0,0,0,0,19-APR-2021,
OPTIDX,NIFTY,27-May-2021,16300,PE,0,0,0,1506.5,1934.8,0,0,0,0,19-APR-2021,
OPTIDX,NIFTY,27-May-2021,16350,PE,0,0,0,1541.75,1980.65,0,0,0,0,19-APR-2021,
OPTIDX,NIFTY,27-May-2021,16400,PE,0,0,0,1577.3,2026.75,0,0,0,0,19-APR-2021,
OPTIDX,NIFTY,27-May-2021,16450,PE,0,0,0,1613.25,2073.05,0,0,0,0,19-APR-2021,
OPTIDX,NIFTY,27-May-2021,16500,PE,2102.9,2200,2048,2058.8,2058.8,157,2190.26,11100,8850,19-APR-2021,
OPTIDX,NIFTY,27-May-2021,16550,PE,0,0,0,1686.15,2166.25,0,0,0,0,19-APR-2021,
OPTIDX,NIFTY,27-May-2021,16600,PE,0,0,0,1723.85,2213.2,0,0,0,0,19-APR-2021,
OPTIDX,NIFTY,27-May-2021,16650,PE,0,0,0,1649.05,2260.3,0,0,0,0,19-APR-2021,
OPTIDX,NIFTY,27-May-2021,16700,PE,0,0,0,2100,2307.6,0,0,75,0,19-APR-2021,
OPTIDX,NIFTY,27-May-2021,16750,PE,0,0,0,2138,2355.05,0,0,75,0,19-APR-2021,
OPTIDX,NIFTY,03-Jun-2021,12800,CE,0,0,0,1676.45,1693.6,0,0,0,0,19-APR-2021,
OPTIDX,NIFTY,03-Jun-2021,12850,CE,0,0,0,1634.25,1650.2,0,0,0,0,19-APR-2021,
OPTIDX,NIFTY,03-Jun-2021,12900,CE,0,0,0,1592.45,1607.25,0,0,0,0,19-APR-2021,
OPTIDX,NIFTY,03-Jun-2021,12950,CE,0,0,0,1551.1,1564.75,0,0,0,0,19-APR-2021,
OPTIDX,NIFTY,03-Jun-2021,13000,CE,0,0,0,1510.25,1522.65,0,0,0,0,19-APR-2021,
OPTIDX,NIFTY,03-Jun-2021,13050,CE,0,0,0,1469.85,1481.05,0,0,0,0,19-APR-2021,
OPTIDX,NIFTY,03-Jun-2021,13100,CE,0,0,0,1429.95,1439.95,0,0,0,0,19-APR-2021,
OPTIDX,NIFTY,03-Jun-2021,13150,CE,0,0,0,1699.65,1399.3,0,0,0,0,19-APR-2021,
OPTIDX,NIFTY,03-Jun-2021,13200,CE,0,0,0,1658.8,1359.2,0,0,0,0,19-APR-2021,
OPTIDX,NIFTY,03-Jun-2021,13250,CE,0,0,0,1618.4,1319.6,0,0,0,0,19-APR-2021,
OPTIDX,NIFTY,03-Jun-2021,13300,CE,0,0,0,1578.45,1280.55,0,0,0,0,19-APR-2021,
OPTIDX,NIFTY,03-Jun-2021,13350,CE,0,0,0,1736.1,1242.1,0,0,0,0,19-APR-2021,
OPTIDX,NIFTY,03-Jun-2021,13400,CE,0,0,0,1695.3,1204.15,0,0,0,0,19-APR-2021,
OPTIDX,NIFTY,03-Jun-2021,13450,CE,0,0,0,1654.95,1167.35,0,0,0,0,19-APR-2021,
OPTIDX,NIFTY,03-Jun-2021,13500,CE,0,0,0,1615.05,1130.55,0,0,0,0,19-APR-2021,
OPTIDX,NIFTY,03-Jun-2021,13550,CE,0,0,0,1575.6,1094.4,0,0,0,0,19-APR-2021,
OPTIDX,NIFTY,03-Jun-2021,13600,CE,0,0,0,1536.6,1058.25,0,0,0,0,19-APR-2021,
OPTIDX,NIFTY,03-Jun-2021,13650,CE,0,0,0,1498.1,1023.4,0,0,0,0,19-APR-2021,
OPTIDX,NIFTY,03-Jun-2021,13700,CE,0,0,0,1460.05,989.2,0,0,0,0,19-APR-2021,
OPTIDX,NIFTY,03-Jun-2021,13750,CE,0,0,0,1422.45,955.65,0,0,0,0,19-APR-2021,
OPTIDX,NIFTY,03-Jun-2021,13800,CE,0,0,0,1385.95,922.75,0,0,0,0,19-APR-2021,
OPTIDX,NIFTY,03-Jun-2021,13850,CE,0,0,0,1349.3,890.55,0,0,0,0,19-APR-2021,
OPTIDX,NIFTY,03-Jun-2021,13900,CE,0,0,0,1313.2,859,0,0,0,0,19-APR-2021,
OPTIDX,NIFTY,03-Jun-2021,13950,CE,0,0,0,1277.65,828.1,0,0,0,0,19-APR-2021,
OPTIDX,NIFTY,03-Jun-2021,14000,CE,0,0,0,1242.05,797.95,0,0,0,0,19-APR-2021,
OPTIDX,NIFTY,03-Jun-2021,14050,CE,0,0,0,1207.65,768.45,0,0,0,0,19-APR-2021,
OPTIDX,NIFTY,03-Jun-2021,14100,CE,0,0,0,1173.75,739.65,0,0,0,0,19-APR-2021,
OPTIDX,NIFTY,03-Jun-2021,14150,CE,0,0,0,1140.4,711.55,0,0,0,0,19-APR-2021,
OPTIDX,NIFTY,03-Jun-2021,14200,CE,0,0,0,1107.65,684.15,0,0,0,0,19-APR-2021,
OPTIDX,NIFTY,03-Jun-2021,14250,CE,0,0,0,1075.4,657.45,0,0,0,0,19-APR-2021,
OPTIDX,NIFTY,03-Jun-2021,14300,CE,0,0,0,1043.75,631.45,0,0,0,0,19-APR-2021,
OPTIDX,NIFTY,03-Jun-2021,14350,CE,0,0,0,1012.7,606.15,0,0,0,0,19-APR-2021,
OPTIDX,NIFTY,03-Jun-2021,14400,CE,0,0,0,982.2,581.5,0,0,0,0,19-APR-2021,
OPTIDX,NIFTY,03-Jun-2021,14450,CE,0,0,0,952.25,557.6,0,0,0,0,19-APR-2021,
OPTIDX,NIFTY,03-Jun-2021,14500,CE,0,0,0,922.9,534.35,0,0,0,0,19-APR-2021,
OPTIDX,NIFTY,03-Jun-2021,14550,CE,0,0,0,894.15,511.8,0,0,0,0,19-APR-2021,
OPTIDX,NIFTY,03-Jun-2021,14600,CE,0,0,0,865.95,489.95,0,0,0,0,19-APR-2021,
OPTIDX,NIFTY,03-Jun-2021,14650,CE,0,0,0,838.35,468.8,0,0,0,0,19-APR-2021,
OPTIDX,NIFTY,03-Jun-2021,14700,CE,0,0,0,811.35,448.25,0,0,0,0,19-APR-2021,
OPTIDX,NIFTY,03-Jun-2021,14750,CE,0,0,0,784.9,428.4,0,0,0,0,19-APR-2021,
OPTIDX,NIFTY,03-Jun-2021,14800,CE,0,0,0,759.05,409.2,0,0,0,0,19-APR-2021,
OPTIDX,NIFTY,03-Jun-2021,14850,CE,0,0,0,733.8,390.65,0,0,0,0,19-APR-2021,
OPTIDX,NIFTY,03-Jun-2021,14900,CE,0,0,0,709.05,372.75,0,0,0,0,19-APR-2021,
OPTIDX,NIFTY,03-Jun-2021,14950,CE,0,0,0,684.95,355.45,0,0,0,0,19-APR-2021,
OPTIDX,NIFTY,03-Jun-2021,15000,CE,0,0,0,661.45,338.75,0,0,0,0,19-APR-2021,
OPTIDX,NIFTY,03-Jun-2021,15050,CE,0,0,0,638.5,322.65,0,0,0,0,19-APR-2021,
OPTIDX,NIFTY,03-Jun-2021,15100,CE,0,0,0,616.1,307.2,0,0,0,0,19-APR-2021,
OPTIDX,NIFTY,03-Jun-2021,15150,CE,0,0,0,594.3,292.3,0,0,0,0,19-APR-2021,
OPTIDX,NIFTY,03-Jun-2021,15200,CE,0,0,0,573.05,277.95,0,0,0,0,19-APR-2021,
OPTIDX,NIFTY,03-Jun-2021,15250,CE,0,0,0,552.35,264.15,0,0,0,0,19-APR-2021,
OPTIDX,NIFTY,03-Jun-2021,15300,CE,0,0,0,532.2,250.95,0,0,0,0,19-APR-2021,
OPTIDX,NIFTY,03-Jun-2021,15350,CE,0,0,0,512.6,238.9,0,0,0,0,19-APR-2021,
OPTIDX,NIFTY,03-Jun-2021,15400,CE,0,0,0,493.55,226.75,0,0,0,0,19-APR-2021,
OPTIDX,NIFTY,03-Jun-2021,15450,CE,0,0,0,475,215.15,0,0,0,0,19-APR-2021,
OPTIDX,NIFTY,03-Jun-2021,15500,CE,0,0,0,457,203.45,0,0,0,0,19-APR-2021,
OPTIDX,NIFTY,03-Jun-2021,15550,CE,0,0,0,439.55,192.75,0,0,0,0,19-APR-2021,
OPTIDX,NIFTY,03-Jun-2021,15600,CE,0,0,0,422.6,182.5,0,0,0,0,19-APR-2021,
OPTIDX,NIFTY,03-Jun-2021,15650,CE,0,0,0,406.1,172.75,0,0,0,0,19-APR-2021,
OPTIDX,NIFTY,03-Jun-2021,15700,CE,0,0,0,390.15,163.4,0,0,0,0,19-APR-2021,
OPTIDX,NIFTY,03-Jun-2021,15750,CE,0,0,0,374.7,154.45,0,0,0,0,19-APR-2021,
OPTIDX,NIFTY,03-Jun-2021,15800,CE,0,0,0,359.7,145.95,0,0,0,0,19-APR-2021,
OPTIDX,NIFTY,03-Jun-2021,15850,CE,0,0,0,345.2,137.8,0,0,0,0,19-APR-2021,
OPTIDX,NIFTY,03-Jun-2021,15900,CE,0,0,0,331.15,130.05,0,0,0,0,19-APR-2021,
OPTIDX,NIFTY,03-Jun-2021,15950,CE,0,0,0,317.55,122.7,0,0,0,0,19-APR-2021,
OPTIDX,NIFTY,03-Jun-2021,16000,CE,0,0,0,304.45,115.7,0,0,0,0,19-APR-2021,
OPTIDX,NIFTY,03-Jun-2021,16050,CE,0,0,0,292.4,109,0,0,0,0,19-APR-2021,
OPTIDX,NIFTY,03-Jun-2021,16100,CE,0,0,0,280.2,102.65,0,0,0,0,19-APR-2021,
OPTIDX,NIFTY,03-Jun-2021,16150,CE,0,0,0,268.4,96.65,0,0,0,0,19-APR-2021,
OPTIDX,NIFTY,03-Jun-2021,16200,CE,0,0,0,257.05,90.9,0,0,0,0,19-APR-2021,
OPTIDX,NIFTY,03-Jun-2021,16250,CE,0,0,0,245.45,85.5,0,0,0,0,19-APR-2021,
OPTIDX,NIFTY,03-Jun-2021,16300,CE,0,0,0,234.8,80.35,0,0,0,0,19-APR-2021,
OPTIDX,NIFTY,03-Jun-2021,16350,CE,0,0,0,224.55,75.45,0,0,0,0,19-APR-2021,
OPTIDX,NIFTY,03-Jun-2021,12800,PE,0,0,0,97.6,75.1,0,0,0,0,19-APR-2021,
OPTIDX,NIFTY,03-Jun-2021,12850,PE,0,0,0,105.15,81.5,0,0,0,0,19-APR-2021,
OPTIDX,NIFTY,03-Jun-2021,12900,PE,0,0,0,113.1,88.3,0,0,750,0,19-APR-2021,
OPTIDX,NIFTY,03-Jun-2021,12950,PE,0,0,0,121.5,95.55,0,0,0,0,19-APR-2021,
OPTIDX,NIFTY,03-Jun-2021,13000,PE,0,0,0,130.35,103.25,0,0,0,0,19-APR-2021,
OPTIDX,NIFTY,03-Jun-2021,13050,PE,0,0,0,139.7,111.4,0,0,0,0,19-APR-2021,
OPTIDX,NIFTY,03-Jun-2021,13100,PE,0,0,0,149.5,120.05,0,0,0,0,19-APR-2021,
OPTIDX,NIFTY,03-Jun-2021,13150,PE,0,0,0,132.6,129.2,0,0,0,0,19-APR-2021,
OPTIDX,NIFTY,03-Jun-2021,13200,PE,0,0,0,141.45,138.85,0,0,0,0,19-APR-2021,
OPTIDX,NIFTY,03-Jun-2021,13250,PE,0,0,0,150.75,149.05,0,0,0,0,19-APR-2021,
OPTIDX,NIFTY,03-Jun-2021,13300,PE,0,0,0,160.5,159.75,0,0,0,0,19-APR-2021,
OPTIDX,NIFTY,03-Jun-2021,13350,PE,0,0,0,136.9,171.05,0,0,0,0,19-APR-2021,
OPTIDX,NIFTY,03-Jun-2021,13400,PE,0,0,0,145.85,182.9,0,0,0,0,19-APR-2021,
OPTIDX,NIFTY,03-Jun-2021,13450,PE,0,0,0,155.2,195.9,0,0,0,0,19-APR-2021,
OPTIDX,NIFTY,03-Jun-2021,13500,PE,0,0,0,164.95,208.85,0,0,0,0,19-APR-2021,
OPTIDX,NIFTY,03-Jun-2021,13550,PE,0,0,0,175.2,222.45,0,0,0,0,19-APR-2021,
OPTIDX,NIFTY,03-Jun-2021,13600,PE,0,0,0,185.9,236.1,0,0,0,0,19-APR-2021,
OPTIDX,NIFTY,03-Jun-2021,13650,PE,0,0,0,197.05,251,0,0,0,0,19-APR-2021,
OPTIDX,NIFTY,03-Jun-2021,13700,PE,0,0,0,250,266.55,0,0,75,0,19-APR-2021,
OPTIDX,NIFTY,03-Jun-2021,13750,PE,0,0,0,220.85,282.8,0,0,0,0,19-APR-2021,
OPTIDX,NIFTY,03-Jun-2021,13800,PE,0,0,0,234,299.65,0,0,0,0,19-APR-2021,
OPTIDX,NIFTY,03-Jun-2021,13850,PE,0,0,0,247.1,317.2,0,0,0,0,19-APR-2021,
OPTIDX,NIFTY,03-Jun-2021,13900,PE,0,0,0,260.7,335.4,0,0,0,0,19-APR-2021,
OPTIDX,NIFTY,03-Jun-2021,13950,PE,0,0,0,274.8,354.3,0,0,0,0,19-APR-2021,
OPTIDX,NIFTY,03-Jun-2021,14000,PE,0,0,0,288.9,373.9,0,0,0,0,19-APR-2021,
OPTIDX,NIFTY,03-Jun-2021,14050,PE,0,0,0,304.15,394.2,0,0,0,0,19-APR-2021,
OPTIDX,NIFTY,03-Jun-2021,14100,PE,0,0,0,319.95,415.15,0,0,0,0,19-APR-2021,
OPTIDX,NIFTY,03-Jun-2021,14150,PE,0,0,0,336.35,436.85,0,0,0,0,19-APR-2021,
OPTIDX,NIFTY,03-Jun-2021,14200,PE,0,0,0,353.25,459.2,0,0,0,0,19-APR-2021,
OPTIDX,NIFTY,03-Jun-2021,14250,PE,0,0,0,370.7,482.3,0,0,0,0,19-APR-2021,
OPTIDX,NIFTY,03-Jun-2021,14300,PE,0,0,0,388.75,506.05,0,0,0,0,19-APR-2021,
OPTIDX,NIFTY,03-Jun-2021,14350,PE,0,0,0,407.4,530.5,0,0,0,0,19-APR-2021,
OPTIDX,NIFTY,03-Jun-2021,14400,PE,0,0,0,426.55,555.6,0,0,0,0,19-APR-2021,
OPTIDX,NIFTY,03-Jun-2021,14450,PE,0,0,0,446.35,581.5,0,0,0,0,19-APR-2021,
OPTIDX,NIFTY,03-Jun-2021,14500,PE,0,0,0,466.7,608.05,0,0,0,0,19-APR-2021,
OPTIDX,NIFTY,03-Jun-2021,14550,PE,0,0,0,487.6,635.25,0,0,0,0,19-APR-2021,
OPTIDX,NIFTY,03-Jun-2021,14600,PE,0,0,0,509.1,663.15,0,0,0,0,19-APR-2021,
OPTIDX,NIFTY,03-Jun-2021,14650,PE,0,0,0,531.2,691.75,0,0,0,0,19-APR-2021,
OPTIDX,NIFTY,03-Jun-2021,14700,PE,0,0,0,553.9,721,0,0,0,0,19-APR-2021,
OPTIDX,NIFTY,03-Jun-2021,14750,PE,0,0,0,577.15,750.95,0,0,0,0,19-APR-2021,
OPTIDX,NIFTY,03-Jun-2021,14800,PE,0,0,0,398,781.5,0,0,75,0,19-APR-2021,
OPTIDX,NIFTY,03-Jun-2021,14850,PE,0,0,0,625.45,812.7,0,0,0,0,19-APR-2021,
OPTIDX,NIFTY,03-Jun-2021,14900,PE,0,0,0,650.4,844.55,0,0,0,0,19-APR-2021,
OPTIDX,NIFTY,03-Jun-2021,14950,PE,0,0,0,676,877.05,0,0,0,0,19-APR-2021,
OPTIDX,NIFTY,03-Jun-2021,15000,PE,0,0,0,702.15,910.1,0,0,0,0,19-APR-2021,
OPTIDX,NIFTY,03-Jun-2021,15050,PE,0,0,0,728.9,943.8,0,0,0,0,19-APR-2021,
OPTIDX,NIFTY,03-Jun-2021,15100,PE,0,0,0,756.2,978.1,0,0,0,0,19-APR-2021,
OPTIDX,NIFTY,03-Jun-2021,15150,PE,0,0,0,784.1,1012.95,0,0,0,0,19-APR-2021,
OPTIDX,NIFTY,03-Jun-2021,15200,PE,0,0,0,812.5,1048.4,0,0,0,0,19-APR-2021,
OPTIDX,NIFTY,03-Jun-2021,15250,PE,0,0,0,841.5,1084.35,0,0,0,0,19-APR-2021,
OPTIDX,NIFTY,03-Jun-2021,15300,PE,0,0,0,871.05,1120.9,0,0,0,0,19-APR-2021,
OPTIDX,NIFTY,03-Jun-2021,15350,PE,0,0,0,901.15,1158.65,0,0,0,0,19-APR-2021,
OPTIDX,NIFTY,03-Jun-2021,15400,PE,0,0,0,931.8,1196.3,0,0,0,0,19-APR-2021,
OPTIDX,NIFTY,03-Jun-2021,15450,PE,0,0,0,962.95,1234.45,0,0,0,0,19-APR-2021,
OPTIDX,NIFTY,03-Jun-2021,15500,PE,0,0,0,994.65,1272.5,0,0,0,0,19-APR-2021,
OPTIDX,NIFTY,03-Jun-2021,15550,PE,0,0,0,1026.9,1311.6,0,0,0,0,19-APR-2021,
OPTIDX,NIFTY,03-Jun-2021,15600,PE,0,0,0,1059.6,1351.1,0,0,0,0,19-APR-2021,
OPTIDX,NIFTY,03-Jun-2021,15650,PE,0,0,0,1092.85,1391.1,0,0,0,0,19-APR-2021,
OPTIDX,NIFTY,03-Jun-2021,15700,PE,0,0,0,1126.6,1431.5,0,0,0,0,19-APR-2021,
OPTIDX,NIFTY,03-Jun-2021,15750,PE,0,0,0,1160.8,1472.35,0,0,0,0,19-APR-2021,
OPTIDX,NIFTY,03-Jun-2021,15800,PE,0,0,0,1195.5,1513.6,0,0,0,0,19-APR-2021,
OPTIDX,NIFTY,03-Jun-2021,15850,PE,0,0,0,1230.7,1555.25,0,0,0,0,19-APR-2021,
OPTIDX,NIFTY,03-Jun-2021,15900,PE,0,0,0,1266.35,1597.3,0,0,0,0,19-APR-2021,
OPTIDX,NIFTY,03-Jun-2021,15950,PE,0,0,0,1302.45,1639.7,0,0,0,0,19-APR-2021,
OPTIDX,NIFTY,03-Jun-2021,16000,PE,0,0,0,1339,1682.45,0,0,0,0,19-APR-2021,
OPTIDX,NIFTY,03-Jun-2021,16050,PE,0,0,0,1376.65,1725.5,0,0,0,0,19-APR-2021,
OPTIDX,NIFTY,03-Jun-2021,16100,PE,0,0,0,1414.15,1768.95,0,0,0,0,19-APR-2021,
OPTIDX,NIFTY,03-Jun-2021,16150,PE,0,0,0,1452.05,1812.7,0,0,0,0,19-APR-2021,
OPTIDX,NIFTY,03-Jun-2021,16200,PE,0,0,0,1490.4,1856.75,0,0,0,0,19-APR-2021,
OPTIDX,NIFTY,03-Jun-2021,16250,PE,0,0,0,1528.5,1901.1,0,0,0,0,19-APR-2021,
OPTIDX,NIFTY,03-Jun-2021,16300,PE,0,0,0,1567.55,1945.7,0,0,0,0,19-APR-2021,
OPTIDX,NIFTY,03-Jun-2021,16350,PE,0,0,0,1607,1990.6,0,0,0,0,19-APR-2021,
OPTIDX,NIFTY,10-Jun-2021,12800,CE,0,0,0,1705.05,1721.95,0,0,0,0,19-APR-2021,
OPTIDX,NIFTY,10-Jun-2021,12850,CE,0,0,0,1663.65,1679.45,0,0,0,0,19-APR-2021,
OPTIDX,NIFTY,10-Jun-2021,12900,CE,0,0,0,1622.65,1637.4,0,0,0,0,19-APR-2021,
OPTIDX,NIFTY,10-Jun-2021,12950,CE,0,0,0,1582.1,1595.8,0,0,0,0,19-APR-2021,
OPTIDX,NIFTY,10-Jun-2021,13000,CE,0,0,0,1542,1554.65,0,0,0,0,19-APR-2021,
OPTIDX,NIFTY,10-Jun-2021,13050,CE,0,0,0,1502.4,1513.95,0,0,0,0,19-APR-2021,
OPTIDX,NIFTY,10-Jun-2021,13100,CE,0,0,0,1463.25,1473.7,0,0,0,0,19-APR-2021,
OPTIDX,NIFTY,10-Jun-2021,13150,CE,0,0,0,1424.6,1433.95,0,0,0,0,19-APR-2021,
OPTIDX,NIFTY,10-Jun-2021,13200,CE,0,0,0,1386.45,1394.7,0,0,0,0,19-APR-2021,
OPTIDX,NIFTY,10-Jun-2021,13250,CE,0,0,0,1348.8,1356,0,0,0,0,19-APR-2021,
OPTIDX,NIFTY,10-Jun-2021,13300,CE,0,0,0,1312.25,1317.8,0,0,0,0,19-APR-2021,
OPTIDX,NIFTY,10-Jun-2021,13350,CE,0,0,0,1752.8,1280.15,0,0,0,0,19-APR-2021,
OPTIDX,NIFTY,10-Jun-2021,13400,CE,0,0,0,1712.25,1243.55,0,0,0,0,19-APR-2021,
OPTIDX,NIFTY,10-Jun-2021,13450,CE,0,0,0,1672.1,1206.95,0,0,0,0,19-APR-2021,
OPTIDX,NIFTY,10-Jun-2021,13500,CE,0,0,0,1632.35,1170.9,0,0,0,0,19-APR-2021,
OPTIDX,NIFTY,10-Jun-2021,13550,CE,0,0,0,1593.1,1134.9,0,0,0,0,19-APR-2021,
OPTIDX,NIFTY,10-Jun-2021,13600,CE,0,0,0,1554.3,1100.15,0,0,0,0,19-APR-2021,
OPTIDX,NIFTY,10-Jun-2021,13650,CE,0,0,0,1515.9,1065.95,0,0,0,0,19-APR-2021,
OPTIDX,NIFTY,10-Jun-2021,13700,CE,0,0,0,1478.05,1032.4,0,0,0,0,19-APR-2021,
OPTIDX,NIFTY,10-Jun-2021,13750,CE,0,0,0,1440.65,999.45,0,0,0,0,19-APR-2021,
OPTIDX,NIFTY,10-Jun-2021,13800,CE,0,0,0,1404.25,967.1,0,0,0,0,19-APR-2021,
OPTIDX,NIFTY,10-Jun-2021,13850,CE,0,0,0,1367.75,935.4,0,0,0,0,19-APR-2021,
OPTIDX,NIFTY,10-Jun-2021,13900,CE,0,0,0,1331.8,904.35,0,0,0,0,19-APR-2021,
OPTIDX,NIFTY,10-Jun-2021,13950,CE,0,0,0,1295.75,873.9,0,0,0,0,19-APR-2021,
OPTIDX,NIFTY,10-Jun-2021,14000,CE,0,0,0,1260.9,844.1,0,0,0,0,19-APR-2021,
OPTIDX,NIFTY,10-Jun-2021,14050,CE,0,0,0,1226.6,814.95,0,0,0,0,19-APR-2021,
OPTIDX,NIFTY,10-Jun-2021,14100,CE,0,0,0,1192.8,786.45,0,0,0,0,19-APR-2021,
OPTIDX,NIFTY,10-Jun-2021,14150,CE,0,0,0,1159.55,758.6,0,0,0,0,19-APR-2021,
OPTIDX,NIFTY,10-Jun-2021,14200,CE,0,0,0,1126.85,731.45,0,0,0,0,19-APR-2021,
OPTIDX,NIFTY,10-Jun-2021,14250,CE,0,0,0,1094.75,704.9,0,0,0,0,19-APR-2021,
OPTIDX,NIFTY,10-Jun-2021,14300,CE,0,0,0,1063.15,679,0,0,0,0,19-APR-2021,
OPTIDX,NIFTY,10-Jun-2021,14350,CE,0,0,0,1032.1,653.75,0,0,0,0,19-APR-2021,
OPTIDX,NIFTY,10-Jun-2021,14400,CE,0,0,0,1001.65,629.1,0,0,0,0,19-APR-2021,
OPTIDX,NIFTY,10-Jun-2021,14450,CE,0,0,0,971.75,605.15,0,0,0,0,19-APR-2021,
OPTIDX,NIFTY,10-Jun-2021,14500,CE,0,0,0,942.4,581.8,0,0,0,0,19-APR-2021,
OPTIDX,NIFTY,10-Jun-2021,14550,CE,0,0,0,913.65,559.15,0,0,0,0,19-APR-2021,
OPTIDX,NIFTY,10-Jun-2021,14600,CE,0,0,0,885.45,537.1,0,0,0,0,19-APR-2021,
OPTIDX,NIFTY,10-Jun-2021,14650,CE,0,0,0,857.85,515.7,0,0,0,0,19-APR-2021,
OPTIDX,NIFTY,10-Jun-2021,14700,CE,0,0,0,830.8,494.9,0,0,0,0,19-APR-2021,
OPTIDX,NIFTY,10-Jun-2021,14750,CE,0,0,0,804.35,474.75,0,0,0,0,19-APR-2021,
OPTIDX,NIFTY,10-Jun-2021,14800,CE,0,0,0,778.45,455.15,0,0,0,0,19-APR-2021,
OPTIDX,NIFTY,10-Jun-2021,14850,CE,0,0,0,753.1,436.2,0,0,0,0,19-APR-2021,
OPTIDX,NIFTY,10-Jun-2021,14900,CE,0,0,0,728.3,417.85,0,0,0,0,19-APR-2021,
OPTIDX,NIFTY,10-Jun-2021,14950,CE,0,0,0,704.1,400.05,0,0,0,0,19-APR-2021,
OPTIDX,NIFTY,10-Jun-2021,15000,CE,0,0,0,680.5,382.85,0,0,0,0,19-APR-2021,
OPTIDX,NIFTY,10-Jun-2021,15050,CE,0,0,0,657.4,366.2,0,0,0,0,19-APR-2021,
OPTIDX,NIFTY,10-Jun-2021,15100,CE,0,0,0,634.9,350.15,0,0,0,0,19-APR-2021,
OPTIDX,NIFTY,10-Jun-2021,15150,CE,0,0,0,612.95,334.6,0,0,0,0,19-APR-2021,
OPTIDX,NIFTY,10-Jun-2021,15200,CE,0,0,0,591.55,319.6,0,0,0,0,19-APR-2021,
OPTIDX,NIFTY,10-Jun-2021,15250,CE,0,0,0,570.7,305.15,0,0,0,0,19-APR-2021,
OPTIDX,NIFTY,10-Jun-2021,15300,CE,0,0,0,550.4,291.2,0,0,0,0,19-APR-2021,
OPTIDX,NIFTY,10-Jun-2021,15350,CE,0,0,0,530.65,277.8,0,0,0,0,19-APR-2021,
OPTIDX,NIFTY,10-Jun-2021,15400,CE,0,0,0,511.4,264.85,0,0,0,0,19-APR-2021,
OPTIDX,NIFTY,10-Jun-2021,15450,CE,0,0,0,492.7,253.1,0,0,0,0,19-APR-2021,
OPTIDX,NIFTY,10-Jun-2021,15500,CE,0,0,0,474.5,241.2,0,0,0,0,19-APR-2021,
OPTIDX,NIFTY,10-Jun-2021,15550,CE,0,0,0,456.8,229.75,0,0,0,0,19-APR-2021,
OPTIDX,NIFTY,10-Jun-2021,15600,CE,0,0,0,439.65,218.15,0,0,0,0,19-APR-2021,
OPTIDX,NIFTY,10-Jun-2021,15650,CE,0,0,0,422.95,207.55,0,0,0,0,19-APR-2021,
OPTIDX,NIFTY,10-Jun-2021,15700,CE,0,0,0,406.75,197.35,0,0,0,0,19-APR-2021,
OPTIDX,NIFTY,10-Jun-2021,15750,CE,0,0,0,391.05,187.6,0,0,0,0,19-APR-2021,
OPTIDX,NIFTY,10-Jun-2021,15800,CE,0,0,0,375.85,178.25,0,0,0,0,19-APR-2021,
OPTIDX,NIFTY,10-Jun-2021,15850,CE,0,0,0,361.1,169.25,0,0,0,0,19-APR-2021,
OPTIDX,NIFTY,10-Jun-2021,15900,CE,0,0,0,346.8,160.65,0,0,0,0,19-APR-2021,
OPTIDX,NIFTY,10-Jun-2021,15950,CE,0,0,0,332.95,152.45,0,0,0,0,19-APR-2021,
OPTIDX,NIFTY,10-Jun-2021,16000,CE,0,0,0,319.55,144.55,0,0,0,0,19-APR-2021,
OPTIDX,NIFTY,10-Jun-2021,16050,CE,0,0,0,306.55,137.05,0,0,0,0,19-APR-2021,
OPTIDX,NIFTY,10-Jun-2021,16100,CE,0,0,0,294.7,129.85,0,0,0,0,19-APR-2021,
OPTIDX,NIFTY,10-Jun-2021,16150,CE,0,0,0,282.65,122.95,0,0,0,0,19-APR-2021,
OPTIDX,NIFTY,10-Jun-2021,16200,CE,0,0,0,271,116.4,0,0,0,0,19-APR-2021,
OPTIDX,NIFTY,10-Jun-2021,16250,CE,0,0,0,259.75,110.15,0,0,0,0,19-APR-2021,
OPTIDX,NIFTY,10-Jun-2021,16300,CE,0,0,0,248.25,104.2,0,0,0,0,19-APR-2021,
OPTIDX,NIFTY,10-Jun-2021,16350,CE,0,0,0,237.7,98.5,0,0,0,0,19-APR-2021,
OPTIDX,NIFTY,10-Jun-2021,12800,PE,0,0,0,117.1,94.3,0,0,0,0,19-APR-2021,
OPTIDX,NIFTY,10-Jun-2021,12850,PE,0,0,0,125.4,101.55,0,0,0,0,19-APR-2021,
OPTIDX,NIFTY,10-Jun-2021,12900,PE,0,0,0,134.1,109.25,0,0,0,0,19-APR-2021,
OPTIDX,NIFTY,10-Jun-2021,12950,PE,0,0,0,143.25,117.35,0,0,0,0,19-APR-2021,
OPTIDX,NIFTY,10-Jun-2021,13000,PE,0,0,0,152.85,125.9,0,0,0,0,19-APR-2021,
OPTIDX,NIFTY,10-Jun-2021,13050,PE,0,0,0,162.95,134.95,0,0,0,0,19-APR-2021,
OPTIDX,NIFTY,10-Jun-2021,13100,PE,0,0,0,173.5,144.45,0,0,0,0,19-APR-2021,
OPTIDX,NIFTY,10-Jun-2021,13150,PE,0,0,0,184.55,154.45,0,0,0,0,19-APR-2021,
OPTIDX,NIFTY,10-Jun-2021,13200,PE,0,0,0,196.1,164.95,0,0,0,0,19-APR-2021,
OPTIDX,NIFTY,10-Jun-2021,13250,PE,0,0,0,208.15,175.95,0,0,0,0,19-APR-2021,
OPTIDX,NIFTY,10-Jun-2021,13300,PE,0,0,0,221.25,187.5,0,0,0,0,19-APR-2021,
OPTIDX,NIFTY,10-Jun-2021,13350,PE,0,0,0,143.1,199.55,0,0,0,0,19-APR-2021,
OPTIDX,NIFTY,10-Jun-2021,13400,PE,0,0,0,152.2,212.7,0,0,0,0,19-APR-2021,
OPTIDX,NIFTY,10-Jun-2021,13450,PE,0,0,0,161.75,225.85,0,0,0,0,19-APR-2021,
OPTIDX,NIFTY,10-Jun-2021,13500,PE,0,0,0,171.7,239.55,0,0,0,0,19-APR-2021,
OPTIDX,NIFTY,10-Jun-2021,13550,PE,0,0,0,182.1,253.25,0,0,0,0,19-APR-2021,
OPTIDX,NIFTY,10-Jun-2021,13600,PE,0,0,0,121,268.2,0,0,0,0,19-APR-2021,
OPTIDX,NIFTY,10-Jun-2021,13650,PE,0,0,0,204.3,283.8,0,0,0,0,19-APR-2021,
OPTIDX,NIFTY,10-Jun-2021,13700,PE,0,0,0,216.1,299.95,0,0,0,0,19-APR-2021,
OPTIDX,NIFTY,10-Jun-2021,13750,PE,0,0,0,228.35,316.7,0,0,0,0,19-APR-2021,
OPTIDX,NIFTY,10-Jun-2021,13800,PE,0,0,0,241.65,334.1,0,0,0,0,19-APR-2021,
OPTIDX,NIFTY,10-Jun-2021,13850,PE,0,0,0,254.85,352.15,0,0,0,0,19-APR-2021,
OPTIDX,NIFTY,10-Jun-2021,13900,PE,0,0,0,268.55,370.8,0,0,0,0,19-APR-2021,
OPTIDX,NIFTY,10-Jun-2021,13950,PE,0,0,0,282.2,390.1,0,0,0,0,19-APR-2021,
OPTIDX,NIFTY,10-Jun-2021,14000,PE,0,0,0,297.05,410.05,0,0,0,0,19-APR-2021,
OPTIDX,NIFTY,10-Jun-2021,14050,PE,0,0,0,312.4,430.65,0,0,0,0,19-APR-2021,
OPTIDX,NIFTY,10-Jun-2021,14100,PE,0,0,0,328.3,451.9,0,0,0,0,19-APR-2021,
OPTIDX,NIFTY,10-Jun-2021,14150,PE,0,0,0,344.7,473.8,0,0,0,0,19-APR-2021,
OPTIDX,NIFTY,10-Jun-2021,14200,PE,0,0,0,361.7,496.3,0,0,0,0,19-APR-2021,
OPTIDX,NIFTY,10-Jun-2021,14250,PE,0,0,0,379.25,519.5,0,0,0,0,19-APR-2021,
OPTIDX,NIFTY,10-Jun-2021,14300,PE,0,0,0,397.35,543.35,0,0,0,0,19-APR-2021,
OPTIDX,NIFTY,10-Jun-2021,14350,PE,0,0,0,416,567.85,0,0,0,0,19-APR-2021,
OPTIDX,NIFTY,10-Jun-2021,14400,PE,0,0,0,435.2,592.9,0,0,0,0,19-APR-2021,
OPTIDX,NIFTY,10-Jun-2021,14450,PE,0,0,0,454.95,618.7,0,0,0,0,19-APR-2021,
OPTIDX,NIFTY,10-Jun-2021,14500,PE,0,0,0,475.3,645.1,0,0,0,0,19-APR-2021,
OPTIDX,NIFTY,10-Jun-2021,14550,PE,0,0,0,496.25,672.15,0,0,0,0,19-APR-2021,
OPTIDX,NIFTY,10-Jun-2021,14600,PE,0,0,0,517.7,699.85,0,0,0,0,19-APR-2021,
OPTIDX,NIFTY,10-Jun-2021,14650,PE,0,0,0,539.8,728.2,0,0,0,0,19-APR-2021,
OPTIDX,NIFTY,10-Jun-2021,14700,PE,0,0,0,562.4,757.15,0,0,0,0,19-APR-2021,
OPTIDX,NIFTY,10-Jun-2021,14750,PE,0,0,0,585.65,786.7,0,0,0,0,19-APR-2021,
OPTIDX,NIFTY,10-Jun-2021,14800,PE,0,0,0,609.4,816.85,0,0,0,0,19-APR-2021,
OPTIDX,NIFTY,10-Jun-2021,14850,PE,0,0,0,633.75,847.6,0,0,0,0,19-APR-2021,
OPTIDX,NIFTY,10-Jun-2021,14900,PE,0,0,0,658.6,879,0,0,0,0,19-APR-2021,
OPTIDX,NIFTY,10-Jun-2021,14950,PE,0,0,0,684.1,910.95,0,0,0,0,19-APR-2021,
OPTIDX,NIFTY,10-Jun-2021,15000,PE,0,0,0,710.15,943.45,0,0,0,0,19-APR-2021,
OPTIDX,NIFTY,10-Jun-2021,15050,PE,0,0,0,736.8,976.55,0,0,0,0,19-APR-2021,
OPTIDX,NIFTY,10-Jun-2021,15100,PE,0,0,0,763.95,1010.25,0,0,0,0,19-APR-2021,
OPTIDX,NIFTY,10-Jun-2021,15150,PE,0,0,0,791.7,1044.45,0,0,0,0,19-APR-2021,
OPTIDX,NIFTY,10-Jun-2021,15200,PE,0,0,0,819.95,1079.2,0,0,0,0,19-APR-2021,
OPTIDX,NIFTY,10-Jun-2021,15250,PE,0,0,0,848.8,1114.45,0,0,0,0,19-APR-2021,
OPTIDX,NIFTY,10-Jun-2021,15300,PE,0,0,0,878.15,1150.25,0,0,0,0,19-APR-2021,
OPTIDX,NIFTY,10-Jun-2021,15350,PE,0,0,0,908.1,1186.55,0,0,0,0,19-APR-2021,
OPTIDX,NIFTY,10-Jun-2021,15400,PE,0,0,0,938.5,1223.35,0,0,0,0,19-APR-2021,
OPTIDX,NIFTY,10-Jun-2021,15450,PE,0,0,0,969.5,1261.35,0,0,0,0,19-APR-2021,
OPTIDX,NIFTY,10-Jun-2021,15500,PE,0,0,0,1000.95,1299.15,0,0,0,0,19-APR-2021,
OPTIDX,NIFTY,10-Jun-2021,15550,PE,0,0,0,1032.95,1337.45,0,0,0,0,19-APR-2021,
OPTIDX,NIFTY,10-Jun-2021,15600,PE,0,0,0,1065.45,1375.6,0,0,0,0,19-APR-2021,
OPTIDX,NIFTY,10-Jun-2021,15650,PE,0,0,0,1098.45,1414.7,0,0,0,0,19-APR-2021,
OPTIDX,NIFTY,10-Jun-2021,15700,PE,0,0,0,1131.95,1454.25,0,0,0,0,19-APR-2021,
OPTIDX,NIFTY,10-Jun-2021,15750,PE,0,0,0,1165.9,1494.25,0,0,0,0,19-APR-2021,
OPTIDX,NIFTY,10-Jun-2021,15800,PE,0,0,0,1200.4,1534.6,0,0,0,0,19-APR-2021,
OPTIDX,NIFTY,10-Jun-2021,15850,PE,0,0,0,1235.3,1575.35,0,0,0,0,19-APR-2021,
OPTIDX,NIFTY,10-Jun-2021,15900,PE,0,0,0,1270.65,1616.5,0,0,0,0,19-APR-2021,
OPTIDX,NIFTY,10-Jun-2021,15950,PE,0,0,0,1306.5,1658,0,0,0,0,19-APR-2021,
OPTIDX,NIFTY,10-Jun-2021,16000,PE,0,0,0,1342.8,1699.85,0,0,0,0,19-APR-2021,
OPTIDX,NIFTY,10-Jun-2021,16050,PE,0,0,0,1379.5,1742.05,0,0,0,0,19-APR-2021,
OPTIDX,NIFTY,10-Jun-2021,16100,PE,0,0,0,1417.3,1784.6,0,0,0,0,19-APR-2021,
OPTIDX,NIFTY,10-Jun-2021,16150,PE,0,0,0,1454.95,1827.45,0,0,0,0,19-APR-2021,
OPTIDX,NIFTY,10-Jun-2021,16200,PE,0,0,0,1492.95,1870.65,0,0,0,0,19-APR-2021,
OPTIDX,NIFTY,10-Jun-2021,16250,PE,0,0,0,1531.4,1914.1,0,0,0,0,19-APR-2021,
OPTIDX,NIFTY,10-Jun-2021,16300,PE,0,0,0,1569.6,1957.9,0,0,0,0,19-APR-2021,
OPTIDX,NIFTY,10-Jun-2021,16350,PE,0,0,0,1608.7,2001.95,0,0,0,0,19-APR-2021,
OPTIDX,NIFTY,17-Jun-2021,13100,CE,0,0,0,1711.3,1506.85,0,0,0,0,19-APR-2021,
OPTIDX,NIFTY,17-Jun-2021,13150,CE,0,0,0,1670.95,1467.9,0,0,0,0,19-APR-2021,
OPTIDX,NIFTY,17-Jun-2021,13200,CE,0,0,0,1631,1429.4,0,0,0,0,19-APR-2021,
OPTIDX,NIFTY,17-Jun-2021,13250,CE,0,0,0,1591.5,1391.4,0,0,0,0,19-APR-2021,
OPTIDX,NIFTY,17-Jun-2021,13300,CE,0,0,0,1552.45,1353.95,0,0,0,0,19-APR-2021,
OPTIDX,NIFTY,17-Jun-2021,13350,CE,0,0,0,1513.9,1317.5,0,0,0,0,19-APR-2021,
OPTIDX,NIFTY,17-Jun-2021,13400,CE,0,0,0,1475.8,1281,0,0,0,0,19-APR-2021,
OPTIDX,NIFTY,17-Jun-2021,13450,CE,0,0,0,1438.2,1245.1,0,0,0,0,19-APR-2021,
OPTIDX,NIFTY,17-Jun-2021,13500,CE,0,0,0,1401.6,1209.15,0,0,0,0,19-APR-2021,
OPTIDX,NIFTY,17-Jun-2021,13550,CE,0,0,0,1364.9,1174.35,0,0,0,0,19-APR-2021,
OPTIDX,NIFTY,17-Jun-2021,13600,CE,0,0,0,1328.75,1140.2,0,0,0,0,19-APR-2021,
OPTIDX,NIFTY,17-Jun-2021,13650,CE,0,0,0,1293.1,1106.55,0,0,0,0,19-APR-2021,
OPTIDX,NIFTY,17-Jun-2021,13700,CE,0,0,0,1257.45,1073.55,0,0,0,0,19-APR-2021,
OPTIDX,NIFTY,17-Jun-2021,13750,CE,0,0,0,1222.95,1041.05,0,0,0,0,19-APR-2021,
OPTIDX,NIFTY,17-Jun-2021,13800,CE,0,0,0,1189,1009.2,0,0,0,0,19-APR-2021,
OPTIDX,NIFTY,17-Jun-2021,13850,CE,0,0,0,1155.55,977.95,0,0,0,0,19-APR-2021,
OPTIDX,NIFTY,17-Jun-2021,13900,CE,0,0,0,1122.7,947.25,0,0,0,0,19-APR-2021,
OPTIDX,NIFTY,17-Jun-2021,13950,CE,0,0,0,1090.4,917.2,0,0,0,0,19-APR-2021,
OPTIDX,NIFTY,17-Jun-2021,14000,CE,0,0,0,1058.65,887.75,0,0,0,0,19-APR-2021,
OPTIDX,NIFTY,17-Jun-2021,14050,CE,0,0,0,1027.45,858.9,0,0,0,0,19-APR-2021,
OPTIDX,NIFTY,17-Jun-2021,14100,CE,0,0,0,996.85,830.65,0,0,0,0,19-APR-2021,
OPTIDX,NIFTY,17-Jun-2021,14150,CE,0,0,0,966.8,803,0,0,0,0,19-APR-2021,
OPTIDX,NIFTY,17-Jun-2021,14200,CE,0,0,0,937.35,775.95,0,0,0,0,19-APR-2021,
OPTIDX,NIFTY,17-Jun-2021,14250,CE,0,0,0,908.45,749.55,0,0,0,0,19-APR-2021,
OPTIDX,NIFTY,17-Jun-2021,14300,CE,0,0,0,880.15,723.75,0,0,0,0,19-APR-2021,
OPTIDX,NIFTY,17-Jun-2021,14350,CE,0,0,0,852.4,698.55,0,0,0,0,19-APR-2021,
OPTIDX,NIFTY,17-Jun-2021,14400,CE,0,0,0,825.25,673.9,0,0,0,0,19-APR-2021,
OPTIDX,NIFTY,17-Jun-2021,14450,CE,0,0,0,798.7,649.95,0,0,0,0,19-APR-2021,
OPTIDX,NIFTY,17-Jun-2021,14500,CE,0,0,0,772.7,626.55,0,0,0,0,19-APR-2021,
OPTIDX,NIFTY,17-Jun-2021,14550,CE,0,0,0,747.3,603.75,0,0,0,0,19-APR-2021,
OPTIDX,NIFTY,17-Jun-2021,14600,CE,0,0,0,722.4,581.6,0,0,0,0,19-APR-2021,
OPTIDX,NIFTY,17-Jun-2021,14650,CE,0,0,0,698.15,560,0,0,0,0,19-APR-2021,
OPTIDX,NIFTY,17-Jun-2021,14700,CE,0,0,0,674.45,538.95,0,0,0,0,19-APR-2021,
OPTIDX,NIFTY,17-Jun-2021,14750,CE,0,0,0,651.35,518.55,0,0,0,0,19-APR-2021,
OPTIDX,NIFTY,17-Jun-2021,14800,CE,0,0,0,628.8,498.65,0,0,0,0,19-APR-2021,
OPTIDX,NIFTY,17-Jun-2021,14850,CE,0,0,0,606.8,479.4,0,0,0,0,19-APR-2021,
OPTIDX,NIFTY,17-Jun-2021,14900,CE,0,0,0,585.4,460.65,0,0,0,0,19-APR-2021,
OPTIDX,NIFTY,17-Jun-2021,14950,CE,0,0,0,564.5,442.45,0,0,0,0,19-APR-2021,
OPTIDX,NIFTY,17-Jun-2021,15000,CE,0,0,0,544.2,424.85,0,0,0,0,19-APR-2021,
OPTIDX,NIFTY,17-Jun-2021,15050,CE,0,0,0,524.4,407.75,0,0,0,0,19-APR-2021,
OPTIDX,NIFTY,17-Jun-2021,15100,CE,0,0,0,505.2,391.2,0,0,0,0,19-APR-2021,
OPTIDX,NIFTY,17-Jun-2021,15150,CE,0,0,0,486.45,375.15,0,0,0,0,19-APR-2021,
OPTIDX,NIFTY,17-Jun-2021,15200,CE,0,0,0,468.3,359.6,0,0,0,0,19-APR-2021,
OPTIDX,NIFTY,17-Jun-2021,15250,CE,0,0,0,450.6,344.6,0,0,0,0,19-APR-2021,
OPTIDX,NIFTY,17-Jun-2021,15300,CE,0,0,0,433.45,330.1,0,0,0,0,19-APR-2021,
OPTIDX,NIFTY,17-Jun-2021,15350,CE,0,0,0,416.8,316.05,0,0,0,0,19-APR-2021,
OPTIDX,NIFTY,17-Jun-2021,15400,CE,0,0,0,400.65,302.5,0,0,0,0,19-APR-2021,
OPTIDX,NIFTY,17-Jun-2021,15450,CE,0,0,0,385,289.4,0,0,0,0,19-APR-2021,
OPTIDX,NIFTY,17-Jun-2021,15500,CE,0,0,0,369.85,277.4,0,0,0,0,19-APR-2021,
OPTIDX,NIFTY,17-Jun-2021,15550,CE,0,0,0,355.1,265.3,0,0,0,0,19-APR-2021,
OPTIDX,NIFTY,17-Jun-2021,15600,CE,0,0,0,340.85,253.6,0,0,0,0,19-APR-2021,
OPTIDX,NIFTY,17-Jun-2021,15650,CE,0,0,0,327.1,242.35,0,0,0,0,19-APR-2021,
OPTIDX,NIFTY,17-Jun-2021,15700,CE,0,0,0,313.75,230.9,0,0,0,0,19-APR-2021,
OPTIDX,NIFTY,17-Jun-2021,15750,CE,0,0,0,300.85,220.4,0,0,0,0,19-APR-2021,
OPTIDX,NIFTY,17-Jun-2021,15800,CE,0,0,0,289.05,210.3,0,0,0,0,19-APR-2021,
OPTIDX,NIFTY,17-Jun-2021,15850,CE,0,0,0,277.1,200.6,0,0,0,0,19-APR-2021,
OPTIDX,NIFTY,17-Jun-2021,15900,CE,0,0,0,265.5,191.25,0,0,0,0,19-APR-2021,
OPTIDX,NIFTY,17-Jun-2021,15950,CE,0,0,0,254.35,182.3,0,0,0,0,19-APR-2021,
OPTIDX,NIFTY,17-Jun-2021,16000,CE,0,0,0,242.95,173.7,0,0,0,0,19-APR-2021,
OPTIDX,NIFTY,17-Jun-2021,16050,CE,0,0,0,232.5,165.4,0,0,0,0,19-APR-2021,
OPTIDX,NIFTY,17-Jun-2021,16100,CE,0,0,0,222.4,157.45,0,0,0,0,19-APR-2021,
OPTIDX,NIFTY,17-Jun-2021,13100,PE,0,0,0,130,168.25,0,0,150,0,19-APR-2021,
OPTIDX,NIFTY,17-Jun-2021,13150,PE,0,0,0,154.65,178.95,0,0,0,0,19-APR-2021,
OPTIDX,NIFTY,17-Jun-2021,13200,PE,0,0,0,164.4,190.2,0,0,0,0,19-APR-2021,
OPTIDX,NIFTY,17-Jun-2021,13250,PE,0,0,0,174.55,201.9,0,0,0,0,19-APR-2021,
OPTIDX,NIFTY,17-Jun-2021,13300,PE,0,0,0,185.2,214.1,0,0,0,0,19-APR-2021,
OPTIDX,NIFTY,17-Jun-2021,13350,PE,0,0,0,196.3,227.35,0,0,0,0,19-APR-2021,
OPTIDX,NIFTY,17-Jun-2021,13400,PE,0,0,0,207.9,240.6,0,0,0,0,19-APR-2021,
OPTIDX,NIFTY,17-Jun-2021,13450,PE,0,0,0,219.95,254.35,0,0,0,0,19-APR-2021,
OPTIDX,NIFTY,17-Jun-2021,13500,PE,0,0,0,233.05,268.1,0,0,0,0,19-APR-2021,
OPTIDX,NIFTY,17-Jun-2021,13550,PE,0,0,0,246.05,283.05,0,0,0,0,19-APR-2021,
OPTIDX,NIFTY,17-Jun-2021,13600,PE,0,0,0,259.55,298.55,0,0,0,0,19-APR-2021,
OPTIDX,NIFTY,17-Jun-2021,13650,PE,0,0,0,273.6,314.6,0,0,0,0,19-APR-2021,
OPTIDX,NIFTY,17-Jun-2021,13700,PE,0,0,0,287.6,331.3,0,0,0,0,19-APR-2021,
OPTIDX,NIFTY,17-Jun-2021,13750,PE,0,0,0,302.8,348.55,0,0,0,0,19-APR-2021,
OPTIDX,NIFTY,17-Jun-2021,13800,PE,0,0,0,318.5,366.35,0,0,0,0,19-APR-2021,
OPTIDX,NIFTY,17-Jun-2021,13850,PE,0,0,0,334.75,384.8,0,0,0,0,19-APR-2021,
OPTIDX,NIFTY,17-Jun-2021,13900,PE,0,0,0,351.55,403.8,0,0,0,0,19-APR-2021,
OPTIDX,NIFTY,17-Jun-2021,13950,PE,0,0,0,368.95,423.45,0,0,0,0,19-APR-2021,
OPTIDX,NIFTY,17-Jun-2021,14000,PE,0,0,0,386.85,443.7,0,0,0,0,19-APR-2021,
OPTIDX,NIFTY,17-Jun-2021,14050,PE,0,0,0,405.35,464.5,0,0,0,0,19-APR-2021,
OPTIDX,NIFTY,17-Jun-2021,14100,PE,0,0,0,424.4,486,0,0,0,0,19-APR-2021,
OPTIDX,NIFTY,17-Jun-2021,14150,PE,0,0,0,444.05,508.05,0,0,0,0,19-APR-2021,
OPTIDX,NIFTY,17-Jun-2021,14200,PE,0,0,0,464.25,530.7,0,0,0,0,19-APR-2021,
OPTIDX,NIFTY,17-Jun-2021,14250,PE,0,0,0,485.05,554,0,0,0,0,19-APR-2021,
OPTIDX,NIFTY,17-Jun-2021,14300,PE,484.8,484.8,484.8,484.8,577.9,1,11.08,75,0,19-APR-2021,
OPTIDX,NIFTY,17-Jun-2021,14350,PE,0,0,0,528.4,602.4,0,0,0,0,19-APR-2021,
OPTIDX,NIFTY,17-Jun-2021,14400,PE,0,0,0,550.9,627.45,0,0,0,0,19-APR-2021,
OPTIDX,NIFTY,17-Jun-2021,14450,PE,0,0,0,574,653.15,0,0,0,0,19-APR-2021,
OPTIDX,NIFTY,17-Jun-2021,14500,PE,0,0,0,597.7,679.45,0,0,0,0,19-APR-2021,
OPTIDX,NIFTY,17-Jun-2021,14550,PE,0,0,0,621.95,706.4,0,0,0,0,19-APR-2021,
OPTIDX,NIFTY,17-Jun-2021,14600,PE,0,0,0,646.75,733.9,0,0,0,0,19-APR-2021,
OPTIDX,NIFTY,17-Jun-2021,14650,PE,0,0,0,672.2,762,0,0,0,0,19-APR-2021,
OPTIDX,NIFTY,17-Jun-2021,14700,PE,0,0,0,698.2,790.7,0,0,0,0,19-APR-2021,
OPTIDX,NIFTY,17-Jun-2021,14750,PE,0,0,0,724.75,819.95,0,0,0,0,19-APR-2021,
OPTIDX,NIFTY,17-Jun-2021,14800,PE,0,0,0,751.85,849.8,0,0,0,0,19-APR-2021,
OPTIDX,NIFTY,17-Jun-2021,14850,PE,0,0,0,779.55,880.2,0,0,0,0,19-APR-2021,
OPTIDX,NIFTY,17-Jun-2021,14900,PE,0,0,0,807.8,911.15,0,0,0,0,19-APR-2021,
OPTIDX,NIFTY,17-Jun-2021,14950,PE,0,0,0,836.6,942.65,0,0,0,0,19-APR-2021,
OPTIDX,NIFTY,17-Jun-2021,15000,PE,0,0,0,866,974.75,0,0,0,0,19-APR-2021,
OPTIDX,NIFTY,17-Jun-2021,15050,PE,0,0,0,895.85,1007.35,0,0,0,0,19-APR-2021,
OPTIDX,NIFTY,17-Jun-2021,15100,PE,0,0,0,926.3,1040.5,0,0,0,0,19-APR-2021,
OPTIDX,NIFTY,17-Jun-2021,15150,PE,0,0,0,957.3,1074.15,0,0,0,0,19-APR-2021,
OPTIDX,NIFTY,17-Jun-2021,15200,PE,0,0,0,988.75,1108.3,0,0,0,0,19-APR-2021,
OPTIDX,NIFTY,17-Jun-2021,15250,PE,0,0,0,1020.8,1143,0,0,0,0,19-APR-2021,
OPTIDX,NIFTY,17-Jun-2021,15300,PE,0,0,0,1053.3,1178.15,0,0,0,0,19-APR-2021,
OPTIDX,NIFTY,17-Jun-2021,15350,PE,0,0,0,1086.35,1213.8,0,0,0,0,19-APR-2021,
OPTIDX,NIFTY,17-Jun-2021,15400,PE,0,0,0,1119.85,1249.95,0,0,0,0,19-APR-2021,
OPTIDX,NIFTY,17-Jun-2021,15450,PE,0,0,0,1153.9,1286.55,0,0,0,0,19-APR-2021,
OPTIDX,NIFTY,17-Jun-2021,15500,PE,0,0,0,1188.35,1324.3,0,0,0,0,19-APR-2021,
OPTIDX,NIFTY,17-Jun-2021,15550,PE,0,0,0,1223.35,1361.85,0,0,0,0,19-APR-2021,
OPTIDX,NIFTY,17-Jun-2021,15600,PE,0,0,0,1258.8,1399.9,0,0,0,0,19-APR-2021,
OPTIDX,NIFTY,17-Jun-2021,15650,PE,0,0,0,1294.65,1438.35,0,0,0,0,19-APR-2021,
OPTIDX,NIFTY,17-Jun-2021,15700,PE,0,0,0,1331,1476.55,0,0,0,0,19-APR-2021,
OPTIDX,NIFTY,17-Jun-2021,15750,PE,0,0,0,1367.8,1515.8,0,0,0,0,19-APR-2021,
OPTIDX,NIFTY,17-Jun-2021,15800,PE,0,0,0,1405.7,1555.4,0,0,0,0,19-APR-2021,
OPTIDX,NIFTY,17-Jun-2021,15850,PE,0,0,0,1443.35,1595.35,0,0,0,0,19-APR-2021,
OPTIDX,NIFTY,17-Jun-2021,15900,PE,0,0,0,1481.5,1635.75,0,0,0,0,19-APR-2021,
OPTIDX,NIFTY,17-Jun-2021,15950,PE,0,0,0,1520,1676.45,0,0,0,0,19-APR-2021,
OPTIDX,NIFTY,17-Jun-2021,16000,PE,0,0,0,1558.25,1717.55,0,0,0,0,19-APR-2021,
OPTIDX,NIFTY,17-Jun-2021,16050,PE,0,0,0,1597.5,1758.95,0,0,0,0,19-APR-2021,
OPTIDX,NIFTY,17-Jun-2021,16100,PE,0,0,0,1637.1,1800.75,0,0,0,0,19-APR-2021,
OPTIDX,NIFTY,24-Jun-2021,10000,CE,4285,4355,4285,4310,4310,5,53.73,485550,225,19-APR-2021,
OPTIDX,NIFTY,24-Jun-2021,10100,CE,0,0,0,3946.45,4328.3,0,0,0,0,19-APR-2021,
OPTIDX,NIFTY,24-Jun-2021,10300,CE,0,0,0,3758,4130.15,0,0,150,0,19-APR-2021,
OPTIDX,NIFTY,24-Jun-2021,10400,CE,0,0,0,4728,4031.15,0,0,375,0,19-APR-2021,
OPTIDX,NIFTY,24-Jun-2021,10500,CE,0,0,0,3900,3932.2,0,0,7200,0,19-APR-2021,
OPTIDX,NIFTY,24-Jun-2021,10600,CE,0,0,0,4414.2,3833.45,0,0,49500,0,19-APR-2021,
OPTIDX,NIFTY,24-Jun-2021,10700,CE,0,0,0,4200,3734.75,0,0,70725,0,19-APR-2021,
OPTIDX,NIFTY,24-Jun-2021,10800,CE,0,0,0,1928,3636.25,0,0,52875,0,19-APR-2021,
OPTIDX,NIFTY,24-Jun-2021,10900,CE,0,0,0,3770,3537.95,0,0,675,0,19-APR-2021,
OPTIDX,NIFTY,24-Jun-2021,11000,CE,0,0,0,3750,3439.85,0,0,20475,0,19-APR-2021,
OPTIDX,NIFTY,24-Jun-2021,11200,CE,0,0,0,1175,3244.45,0,0,29850,0,19-APR-2021,
OPTIDX,NIFTY,24-Jun-2021,11300,CE,0,0,0,2698.7,3147.3,0,0,75,0,19-APR-2021,
OPTIDX,NIFTY,24-Jun-2021,11400,CE,0,0,0,3900,3050.5,0,0,75,0,19-APR-2021,
OPTIDX,NIFTY,24-Jun-2021,11500,CE,2974.95,2974.95,2974.95,2974.95,2974.95,1,10.85,51600,-75,19-APR-2021,
OPTIDX,NIFTY,24-Jun-2021,11600,CE,0,0,0,3520,2858.45,0,0,2250,0,19-APR-2021,
OPTIDX,NIFTY,24-Jun-2021,11700,CE,0,0,0,3255,2763.25,0,0,51525,0,19-APR-2021,
OPTIDX,NIFTY,24-Jun-2021,11800,CE,0,0,0,3450,2668.75,0,0,2850,0,19-APR-2021,
OPTIDX,NIFTY,24-Jun-2021,11900,CE,0,0,0,3112.05,2575,0,0,10350,0,19-APR-2021,
OPTIDX,NIFTY,24-Jun-2021,12000,CE,2325,2474,2325,2474,2482.05,2,21.59,41100,150,19-APR-2021,
OPTIDX,NIFTY,24-Jun-2021,12100,CE,0,0,0,2185,2390,0,0,225,0,19-APR-2021,
OPTIDX,NIFTY,24-Jun-2021,12200,CE,0,0,0,2700,2298.95,0,0,450,0,19-APR-2021,
OPTIDX,NIFTY,24-Jun-2021,12500,CE,1898.25,2005.7,1888,1998.25,1998.25,27,292.45,13350,1950,19-APR-2021,
OPTIDX,NIFTY,24-Jun-2021,12800,CE,0,0,0,1848.3,1778.7,0,0,0,0,19-APR-2021,
OPTIDX,NIFTY,24-Jun-2021,12850,CE,0,0,0,1809.55,1737.7,0,0,0,0,19-APR-2021,
OPTIDX,NIFTY,24-Jun-2021,12900,CE,0,0,0,1771.2,1697.15,0,0,0,0,19-APR-2021,
OPTIDX,NIFTY,24-Jun-2021,12950,CE,0,0,0,1733.3,1657,0,0,0,0,19-APR-2021,
OPTIDX,NIFTY,24-Jun-2021,13000,CE,1465,1560,1427.05,1543.3,1543.3,82,891.38,57300,2775,19-APR-2021,
OPTIDX,NIFTY,24-Jun-2021,13050,CE,0,0,0,1659.2,1578.1,0,0,0,0,19-APR-2021,
OPTIDX,NIFTY,24-Jun-2021,13100,CE,0,0,0,1622.5,1539.3,0,0,0,0,19-APR-2021,
OPTIDX,NIFTY,24-Jun-2021,13150,CE,0,0,0,1586.25,1501,0,0,0,0,19-APR-2021,
OPTIDX,NIFTY,24-Jun-2021,13200,CE,0,0,0,1550.45,1463.15,0,0,0,0,19-APR-2021,
OPTIDX,NIFTY,24-Jun-2021,13250,CE,0,0,0,1515.05,1425.85,0,0,0,0,19-APR-2021,
OPTIDX,NIFTY,24-Jun-2021,13300,CE,0,0,0,1479.55,1389.45,0,0,0,0,19-APR-2021,
OPTIDX,NIFTY,24-Jun-2021,13350,CE,0,0,0,1445.15,1353.05,0,0,0,0,19-APR-2021,
OPTIDX,NIFTY,24-Jun-2021,13400,CE,0,0,0,1411.25,1317.2,0,0,0,0,19-APR-2021,
OPTIDX,NIFTY,24-Jun-2021,13450,CE,0,0,0,1377.8,1281.25,0,0,0,0,19-APR-2021,
OPTIDX,NIFTY,24-Jun-2021,13500,CE,1107.35,1141,1018.45,1139.15,1139.15,202,2207.07,132900,11100,19-APR-2021,
OPTIDX,NIFTY,24-Jun-2021,13550,CE,0,0,0,1312.25,1212.25,0,0,0,0,19-APR-2021,
OPTIDX,NIFTY,24-Jun-2021,13600,CE,0,0,0,1280.25,1178.55,0,0,0,0,19-APR-2021,
OPTIDX,NIFTY,24-Jun-2021,13650,CE,0,0,0,1248.7,1145.45,0,0,0,0,19-APR-2021,
OPTIDX,NIFTY,24-Jun-2021,13700,CE,0,0,0,1217.6,1112.85,0,0,0,0,19-APR-2021,
OPTIDX,NIFTY,24-Jun-2021,13750,CE,0,0,0,1187.05,1080.8,0,0,0,0,19-APR-2021,
OPTIDX,NIFTY,24-Jun-2021,13800,CE,0,0,0,1156.95,1049.35,0,0,0,0,19-APR-2021,
OPTIDX,NIFTY,24-Jun-2021,13850,CE,0,0,0,1127.35,1018.45,0,0,0,0,19-APR-2021,
OPTIDX,NIFTY,24-Jun-2021,13900,CE,0,0,0,1098.2,988.1,0,0,0,0,19-APR-2021,
OPTIDX,NIFTY,24-Jun-2021,13950,CE,0,0,0,1069.6,958.35,0,0,0,0,19-APR-2021,
OPTIDX,NIFTY,24-Jun-2021,14000,CE,835,835,700,791.3,791.3,521,5758.04,89925,21300,19-APR-2021,
OPTIDX,NIFTY,24-Jun-2021,14050,CE,0,0,0,1013.85,900.55,0,0,0,0,19-APR-2021,
OPTIDX,NIFTY,24-Jun-2021,14100,CE,0,0,0,986.7,872.55,0,0,0,0,19-APR-2021,
OPTIDX,NIFTY,24-Jun-2021,14150,CE,0,0,0,960.05,845.05,0,0,0,0,19-APR-2021,
OPTIDX,NIFTY,24-Jun-2021,14200,CE,602.35,602.35,602.35,602.35,818.2,1,11.1,75,75,19-APR-2021,
OPTIDX,NIFTY,24-Jun-2021,14250,CE,0,0,0,908.25,791.9,0,0,0,0,19-APR-2021,
OPTIDX,NIFTY,24-Jun-2021,14300,CE,529,689.8,529,604.05,604.05,58,646.96,13800,1725,19-APR-2021,
OPTIDX,NIFTY,24-Jun-2021,14350,CE,0,0,0,858.35,741,0,0,0,0,19-APR-2021,
OPTIDX,NIFTY,24-Jun-2021,14400,CE,518.1,696.4,487.5,540,716.35,31,347.86,2025,1275,19-APR-2021,
OPTIDX,NIFTY,24-Jun-2021,14450,CE,0,0,0,810.45,692.35,0,0,0,0,19-APR-2021,
OPTIDX,NIFTY,24-Jun-2021,14500,CE,501,514.25,435,492.2,492.2,1022,11471.51,135000,16275,19-APR-2021,
OPTIDX,NIFTY,24-Jun-2021,14550,CE,0,0,0,764.45,646.05,0,0,0,0,19-APR-2021,
OPTIDX,NIFTY,24-Jun-2021,14600,CE,251.05,437.2,251.05,432.3,432.3,54,606.6,2400,-525,19-APR-2021,
OPTIDX,NIFTY,24-Jun-2021,14650,CE,0,0,0,720.4,602,0,0,0,0,19-APR-2021,
OPTIDX,NIFTY,24-Jun-2021,14700,CE,339.05,387.25,328,381.25,381.25,90,1016.09,9300,4500,19-APR-2021,
OPTIDX,NIFTY,24-Jun-2021,14750,CE,0,0,0,678.25,560.15,0,0,0,0,19-APR-2021,
OPTIDX,NIFTY,24-Jun-2021,14800,CE,344.4,350,300,340.45,340.45,32,362.99,3975,150,19-APR-2021,
OPTIDX,NIFTY,24-Jun-2021,14850,CE,0,0,0,637.9,520.5,0,0,0,0,19-APR-2021,
OPTIDX,NIFTY,24-Jun-2021,14900,CE,241.05,298.9,241.05,298.85,298.85,9,102.47,750,375,19-APR-2021,
OPTIDX,NIFTY,24-Jun-2021,14950,CE,0,0,0,599.45,482.95,0,0,0,0,19-APR-2021,
OPTIDX,NIFTY,24-Jun-2021,15000,CE,215.6,290,215.55,267.8,267.8,2008,22970.41,288825,30900,19-APR-2021,
OPTIDX,NIFTY,24-Jun-2021,15050,CE,0,0,0,562.7,447.5,0,0,0,0,19-APR-2021,
OPTIDX,NIFTY,24-Jun-2021,15100,CE,224.75,224.75,224.75,224.75,224.75,1,11.49,75,75,19-APR-2021,
OPTIDX,NIFTY,24-Jun-2021,15150,CE,0,0,0,527.75,414.05,0,0,0,0,19-APR-2021,
OPTIDX,NIFTY,24-Jun-2021,15200,CE,200,205,165,199.75,199.75,63,726.96,5100,975,19-APR-2021,
OPTIDX,NIFTY,24-Jun-2021,15250,CE,0,0,0,500,382.55,0,0,75,0,19-APR-2021,
OPTIDX,NIFTY,24-Jun-2021,15300,CE,0,0,0,478.5,367.55,0,0,0,0,19-APR-2021,
OPTIDX,NIFTY,24-Jun-2021,15350,CE,0,0,0,462.9,353,0,0,0,0,19-APR-2021,
OPTIDX,NIFTY,24-Jun-2021,15400,CE,132.15,154.25,132.15,154.25,338.9,3,34.97,150,150,19-APR-2021,
OPTIDX,NIFTY,24-Jun-2021,15450,CE,0,0,0,432.95,325.25,0,0,0,0,19-APR-2021,
OPTIDX,NIFTY,24-Jun-2021,15500,CE,110.05,132.8,95.2,116.15,116.15,2160,25292.59,251400,34200,19-APR-2021,
OPTIDX,NIFTY,24-Jun-2021,15550,CE,0,0,0,404.55,299.95,0,0,75,0,19-APR-2021,
OPTIDX,NIFTY,24-Jun-2021,15600,CE,79.75,79.75,79.7,79.7,287.65,2,23.51,525,150,19-APR-2021,
OPTIDX,NIFTY,24-Jun-2021,15650,CE,0,0,0,377.65,275.8,0,0,0,0,19-APR-2021,
OPTIDX,NIFTY,24-Jun-2021,15700,CE,0,0,0,364.75,264.35,0,0,0,0,19-APR-2021,
OPTIDX,NIFTY,24-Jun-2021,15750,CE,0,0,0,352.9,253.3,0,0,0,0,19-APR-2021,
OPTIDX,NIFTY,24-Jun-2021,15800,CE,0,0,0,104.3,242,0,0,75,0,19-APR-2021,
OPTIDX,NIFTY,24-Jun-2021,15850,CE,0,0,0,364.8,231.65,0,0,0,0,19-APR-2021,
OPTIDX,NIFTY,24-Jun-2021,15900,CE,148.9,148.9,148.9,148.9,221.65,1,12.03,300,75,19-APR-2021,
OPTIDX,NIFTY,24-Jun-2021,15950,CE,0,0,0,340.5,212.05,0,0,0,0,19-APR-2021,
OPTIDX,NIFTY,24-Jun-2021,16000,CE,56.95,58.95,41.25,48.15,48.15,2424,29175.42,645075,25575,19-APR-2021,
OPTIDX,NIFTY,24-Jun-2021,16050,CE,0,0,0,413.45,193.85,0,0,0,0,19-APR-2021,
OPTIDX,NIFTY,24-Jun-2021,16100,CE,0,0,0,399.6,185.25,0,0,0,0,19-APR-2021,
OPTIDX,NIFTY,24-Jun-2021,16150,CE,0,0,0,386.15,176.95,0,0,0,0,19-APR-2021,
OPTIDX,NIFTY,24-Jun-2021,16200,CE,0,0,0,373,169,0,0,0,0,19-APR-2021,
OPTIDX,NIFTY,24-Jun-2021,16250,CE,0,0,0,360.95,161.35,0,0,0,0,19-APR-2021,
OPTIDX,NIFTY,24-Jun-2021,16300,CE,0,0,0,348.6,154,0,0,0,0,19-APR-2021,
OPTIDX,NIFTY,24-Jun-2021,16350,CE,0,0,0,336.65,146.9,0,0,0,0,19-APR-2021,
OPTIDX,NIFTY,24-Jun-2021,16500,CE,25.05,27.95,21.9,24.2,24.2,761,9431.36,182475,5925,19-APR-2021,
OPTIDX,NIFTY,24-Jun-2021,17000,CE,14.05,18.55,13.9,16.55,16.55,559,7134.35,99975,3600,19-APR-2021,
OPTIDX,NIFTY,24-Jun-2021,17500,CE,12,15.7,12,13.65,13.65,130,1707.69,20700,-2400,19-APR-2021,
OPTIDX,NIFTY,24-Jun-2021,18000,CE,10,12.2,9.35,11.6,11.6,61,824.01,28425,375,19-APR-2021,
OPTIDX,NIFTY,24-Jun-2021,6000,PE,0,0,0,3.05,0,0,0,300,0,19-APR-2021,
OPTIDX,NIFTY,24-Jun-2021,8100,PE,0,0,0,3.5,0,0,0,0,0,19-APR-2021,
OPTIDX,NIFTY,24-Jun-2021,8200,PE,0,0,0,3.1,0,0,0,600,0,19-APR-2021,
OPTIDX,NIFTY,24-Jun-2021,8300,PE,0,0,0,3.05,0,0,0,1575,0,19-APR-2021,
OPTIDX,NIFTY,24-Jun-2021,8400,PE,0,0,0,2,0,0,0,4275,0,19-APR-2021,
OPTIDX,NIFTY,24-Jun-2021,8500,PE,3.05,3.85,3.05,3.85,0,2,12.75,1650,0,19-APR-2021,
OPTIDX,NIFTY,24-Jun-2021,8600,PE,0,0,0,5.65,0,0,0,2100,0,19-APR-2021,
OPTIDX,NIFTY,24-Jun-2021,8700,PE,0,0,0,162,0,0,0,1800,0,19-APR-2021,
OPTIDX,NIFTY,24-Jun-2021,8800,PE,0,0,0,3,0.05,0,0,3000,0,19-APR-2021,
OPTIDX,NIFTY,24-Jun-2021,9000,PE,0,0,0,3.05,0.05,0,0,4200,0,19-APR-2021,
OPTIDX,NIFTY,24-Jun-2021,9100,PE,0,0,0,156,0.05,0,0,13575,0,19-APR-2021,
OPTIDX,NIFTY,24-Jun-2021,9200,PE,0,0,0,226,0.05,0,0,5400,0,19-APR-2021,
OPTIDX,NIFTY,24-Jun-2021,9500,PE,0,0,0,3.5,0.1,0,0,1725,0,19-APR-2021,
OPTIDX,NIFTY,24-Jun-2021,9700,PE,0,0,0,82,0.2,0,0,3300,0,19-APR-2021,
OPTIDX,NIFTY,24-Jun-2021,10000,PE,3.35,6.4,3.35,6.4,6.4,4,30.01,39225,75,19-APR-2021,
OPTIDX,NIFTY,24-Jun-2021,10100,PE,0,0,0,3.1,0.6,0,0,450,0,19-APR-2021,
OPTIDX,NIFTY,24-Jun-2021,10200,PE,0,0,0,171.6,0.8,0,0,79875,0,19-APR-2021,
OPTIDX,NIFTY,24-Jun-2021,10300,PE,0,0,0,3,1.05,0,0,7950,0,19-APR-2021,
OPTIDX,NIFTY,24-Jun-2021,10400,PE,0,0,0,11.75,1.4,0,0,4725,0,19-APR-2021,
OPTIDX,NIFTY,24-Jun-2021,10500,PE,12.65,22,12.65,19.85,19.85,123,970.42,555075,1725,19-APR-2021,
OPTIDX,NIFTY,24-Jun-2021,10600,PE,0,0,0,13.75,2.35,0,0,6825,0,19-APR-2021,
OPTIDX,NIFTY,24-Jun-2021,10700,PE,0,0,0,2.55,3,0,0,14550,0,19-APR-2021,
OPTIDX,NIFTY,24-Jun-2021,10800,PE,0,0,0,6.05,3.8,0,0,5625,0,19-APR-2021,
OPTIDX,NIFTY,24-Jun-2021,10900,PE,0,0,0,15.5,4.8,0,0,7950,0,19-APR-2021,
OPTIDX,NIFTY,24-Jun-2021,11000,PE,38,38,26.25,28,28,371,3068.8,121425,4125,19-APR-2021,
OPTIDX,NIFTY,24-Jun-2021,11100,PE,0,0,0,7.95,7.55,0,0,825,0,19-APR-2021,
OPTIDX,NIFTY,24-Jun-2021,11200,PE,0,0,0,24.95,9.35,0,0,18900,0,19-APR-2021,
OPTIDX,NIFTY,24-Jun-2021,11300,PE,0,0,0,799.15,11.5,0,0,1425,0,19-APR-2021,
OPTIDX,NIFTY,24-Jun-2021,11400,PE,24.2,30,24.2,30,30,12,102.82,55950,675,19-APR-2021,
OPTIDX,NIFTY,24-Jun-2021,11500,PE,40,40,32.55,37.7,37.7,56,484.55,28050,-900,19-APR-2021,
OPTIDX,NIFTY,24-Jun-2021,11600,PE,10.05,10.05,10.05,10.05,20.6,1,8.7,3000,0,19-APR-2021,
OPTIDX,NIFTY,24-Jun-2021,11700,PE,0,0,0,8.05,24.75,0,0,4125,0,19-APR-2021,
OPTIDX,NIFTY,24-Jun-2021,11900,PE,0,0,0,25.55,35.1,0,0,2025,0,19-APR-2021,
OPTIDX,NIFTY,24-Jun-2021,12000,PE,61,61,44.95,52.5,52.5,1339,12104.87,190725,-17925,19-APR-2021,
OPTIDX,NIFTY,24-Jun-2021,12400,PE,0,0,0,50,76.95,0,0,7800,0,19-APR-2021,
OPTIDX,NIFTY,24-Jun-2021,12500,PE,72,85,70,77.05,77.05,499,4707.64,128175,3975,19-APR-2021,
OPTIDX,NIFTY,24-Jun-2021,12700,PE,0,0,0,728.9,116.55,0,0,29475,0,19-APR-2021,
OPTIDX,NIFTY,24-Jun-2021,12800,PE,0,0,0,204.3,132.75,0,0,0,0,19-APR-2021,
OPTIDX,NIFTY,24-Jun-2021,12850,PE,0,0,0,215.05,141.4,0,0,0,0,19-APR-2021,
OPTIDX,NIFTY,24-Jun-2021,12900,PE,0,0,0,87.85,150.5,0,0,1725,0,19-APR-2021,
OPTIDX,NIFTY,24-Jun-2021,12950,PE,0,0,0,237.9,160.05,0,0,0,0,19-APR-2021,
OPTIDX,NIFTY,24-Jun-2021,13000,PE,107,142,107,127.2,127.2,2012,19813.06,1048800,35325,19-APR-2021,
OPTIDX,NIFTY,24-Jun-2021,13050,PE,0,0,0,262.85,180.45,0,0,0,0,19-APR-2021,
OPTIDX,NIFTY,24-Jun-2021,13100,PE,0,0,0,275.7,191.35,0,0,0,0,19-APR-2021,
OPTIDX,NIFTY,24-Jun-2021,13150,PE,0,0,0,289,202.7,0,0,0,0,19-APR-2021,
OPTIDX,NIFTY,24-Jun-2021,13200,PE,136.05,170,136.05,170,214.5,4,40.08,450,225,19-APR-2021,
OPTIDX,NIFTY,24-Jun-2021,13250,PE,0,0,0,316.85,226.85,0,0,0,0,19-APR-2021,
OPTIDX,NIFTY,24-Jun-2021,13300,PE,0,0,0,330.9,240.15,0,0,0,0,19-APR-2021,
OPTIDX,NIFTY,24-Jun-2021,13350,PE,0,0,0,346.05,253.4,0,0,0,0,19-APR-2021,
OPTIDX,NIFTY,24-Jun-2021,13400,PE,199.65,199.65,199.65,199.65,267.2,1,10.19,75,75,19-APR-2021,
OPTIDX,NIFTY,24-Jun-2021,13450,PE,0,0,0,377.7,280.9,0,0,0,0,19-APR-2021,
OPTIDX,NIFTY,24-Jun-2021,13500,PE,200,244.05,200,213.85,213.85,2624,27008.47,1296600,86850,19-APR-2021,
OPTIDX,NIFTY,24-Jun-2021,13550,PE,0,0,0,411.3,311.25,0,0,0,0,19-APR-2021,
OPTIDX,NIFTY,24-Jun-2021,13600,PE,250.25,261.25,240.75,240.75,327.2,3,31.16,1725,-75,19-APR-2021,
OPTIDX,NIFTY,24-Jun-2021,13650,PE,0,0,0,446.75,343.75,0,0,0,0,19-APR-2021,
OPTIDX,NIFTY,24-Jun-2021,13700,PE,259.5,289.45,259.5,270,270,22,230.62,1575,825,19-APR-2021,
OPTIDX,NIFTY,24-Jun-2021,13750,PE,0,0,0,484.15,378.45,0,0,0,0,19-APR-2021,
OPTIDX,NIFTY,24-Jun-2021,13800,PE,299.95,345.3,288,288,288,5,52.89,675,300,19-APR-2021,
OPTIDX,NIFTY,24-Jun-2021,13850,PE,0,0,0,523.55,415.4,0,0,0,0,19-APR-2021,
OPTIDX,NIFTY,24-Jun-2021,13900,PE,0,0,0,289.7,434.75,0,0,75,0,19-APR-2021,
OPTIDX,NIFTY,24-Jun-2021,13950,PE,0,0,0,564.9,454.65,0,0,0,0,19-APR-2021,
OPTIDX,NIFTY,24-Jun-2021,14000,PE,388.5,405,339.35,356.8,356.8,1645,17733.03,658500,37725,19-APR-2021,
OPTIDX,NIFTY,24-Jun-2021,14050,PE,0,0,0,608.2,496.15,0,0,0,0,19-APR-2021,
OPTIDX,NIFTY,24-Jun-2021,14100,PE,0,0,0,630.6,517.8,0,0,0,0,19-APR-2021,
OPTIDX,NIFTY,24-Jun-2021,14150,PE,0,0,0,653.45,540,0,0,0,0,19-APR-2021,
OPTIDX,NIFTY,24-Jun-2021,14200,PE,440.15,478.6,420,422.2,422.2,18,197.66,750,600,19-APR-2021,
OPTIDX,NIFTY,24-Jun-2021,14250,PE,0,0,0,700.75,586.15,0,0,0,0,19-APR-2021,
OPTIDX,NIFTY,24-Jun-2021,14300,PE,574.75,574.75,400,461.65,461.65,45,498.87,1575,1050,19-APR-2021,
OPTIDX,NIFTY,24-Jun-2021,14350,PE,0,0,0,749.9,634.6,0,0,0,0,19-APR-2021,
OPTIDX,NIFTY,24-Jun-2021,14400,PE,500,568.8,485,504,504,16,179.06,2400,0,19-APR-2021,
OPTIDX,NIFTY,24-Jun-2021,14450,PE,0,0,0,801.05,685.25,0,0,0,0,19-APR-2021,
OPTIDX,NIFTY,24-Jun-2021,14500,PE,499.95,628.95,492.8,549.15,549.15,796,9002.25,317700,-825,19-APR-2021,
OPTIDX,NIFTY,24-Jun-2021,14550,PE,0,0,0,481,738.3,0,0,225,0,19-APR-2021,
OPTIDX,NIFTY,24-Jun-2021,14600,PE,661.6,670,506.4,578.65,578.65,30,342.58,3675,-375,19-APR-2021,
OPTIDX,NIFTY,24-Jun-2021,14650,PE,0,0,0,600,793.55,0,0,150,0,19-APR-2021,
OPTIDX,NIFTY,24-Jun-2021,14700,PE,571.85,718.85,521,679,822,26,298.21,2475,-375,19-APR-2021,
OPTIDX,NIFTY,24-Jun-2021,14750,PE,0,0,0,966.05,851.05,0,0,0,0,19-APR-2021,
OPTIDX,NIFTY,24-Jun-2021,14800,PE,769.8,769.8,682.95,682.95,880.6,5,58.15,13050,0,19-APR-2021,
OPTIDX,NIFTY,24-Jun-2021,14850,PE,0,0,0,1024.85,910.7,0,0,0,0,19-APR-2021,
OPTIDX,NIFTY,24-Jun-2021,14900,PE,812.35,820.2,739.05,739.05,739.05,4,47.05,3375,75,19-APR-2021,
OPTIDX,NIFTY,24-Jun-2021,14950,PE,0,0,0,1085.4,972.45,0,0,0,0,19-APR-2021,
OPTIDX,NIFTY,24-Jun-2021,15000,PE,669,930,669,820.05,820.05,686,8161.64,225525,-13050,19-APR-2021,
OPTIDX,NIFTY,24-Jun-2021,15050,PE,0,0,0,1147.75,1036.35,0,0,0,0,19-APR-2021,
OPTIDX,NIFTY,24-Jun-2021,15100,PE,0,0,0,1179.6,1069,0,0,0,0,19-APR-2021,
OPTIDX,NIFTY,24-Jun-2021,15150,PE,0,0,0,1211.9,1102.2,0,0,0,0,19-APR-2021,
OPTIDX,NIFTY,24-Jun-2021,15200,PE,0,0,0,1244.6,1135.9,0,0,0,0,19-APR-2021,
OPTIDX,NIFTY,24-Jun-2021,15250,PE,0,0,0,1277.7,1170.05,0,0,0,0,19-APR-2021,
OPTIDX,NIFTY,24-Jun-2021,15300,PE,0,0,0,1311.25,1204.7,0,0,0,0,19-APR-2021,
OPTIDX,NIFTY,24-Jun-2021,15350,PE,0,0,0,1345.2,1239.8,0,0,0,0,19-APR-2021,
OPTIDX,NIFTY,24-Jun-2021,15400,PE,0,0,0,1379.55,1275.4,0,0,0,0,19-APR-2021,
OPTIDX,NIFTY,24-Jun-2021,15450,PE,0,0,0,1414.25,1311.4,0,0,0,0,19-APR-2021,
OPTIDX,NIFTY,24-Jun-2021,15500,PE,1200,1278.55,1140.7,1155.25,1155.25,143,1792.9,59625,150,19-APR-2021,
OPTIDX,NIFTY,24-Jun-2021,15550,PE,0,0,0,1484.95,1385.4,0,0,0,0,19-APR-2021,
OPTIDX,NIFTY,24-Jun-2021,15600,PE,0,0,0,1520.85,1422.8,0,0,0,0,19-APR-2021,
OPTIDX,NIFTY,24-Jun-2021,15650,PE,0,0,0,1557.1,1460.6,0,0,0,0,19-APR-2021,
OPTIDX,NIFTY,24-Jun-2021,15700,PE,0,0,0,1593.75,1498.8,0,0,0,0,19-APR-2021,
OPTIDX,NIFTY,24-Jun-2021,15750,PE,0,0,0,1631.4,1537.4,0,0,0,0,19-APR-2021,
OPTIDX,NIFTY,24-Jun-2021,15800,PE,0,0,0,1668.85,1575.75,0,0,0,0,19-APR-2021,
OPTIDX,NIFTY,24-Jun-2021,15850,PE,0,0,0,1566.45,1615.1,0,0,0,0,19-APR-2021,
OPTIDX,NIFTY,24-Jun-2021,15900,PE,0,0,0,1604,1654.75,0,0,0,0,19-APR-2021,
OPTIDX,NIFTY,24-Jun-2021,15950,PE,0,0,0,1641.3,1694.8,0,0,0,0,19-APR-2021,
OPTIDX,NIFTY,24-Jun-2021,16000,PE,1446,1710.6,1446,1592.35,1592.35,33,436.09,31275,-300,19-APR-2021,
OPTIDX,NIFTY,24-Jun-2021,16050,PE,0,0,0,1477.55,1775.9,0,0,0,0,19-APR-2021,
OPTIDX,NIFTY,24-Jun-2021,16100,PE,0,0,0,1513.25,1817,0,0,0,0,19-APR-2021,
OPTIDX,NIFTY,24-Jun-2021,16150,PE,0,0,0,1549.35,1858.35,0,0,0,0,19-APR-2021,
OPTIDX,NIFTY,24-Jun-2021,16200,PE,0,0,0,1585.8,1900.05,0,0,0,0,19-APR-2021,
OPTIDX,NIFTY,24-Jun-2021,16250,PE,0,0,0,1623.3,1942.1,0,0,0,0,19-APR-2021,
OPTIDX,NIFTY,24-Jun-2021,16300,PE,0,0,0,1660.5,1984.4,0,0,0,0,19-APR-2021,
OPTIDX,NIFTY,24-Jun-2021,16350,PE,0,0,0,1698.1,2026.95,0,0,0,0,19-APR-2021,
OPTIDX,NIFTY,24-Jun-2021,16500,PE,2118,2118,2118,2118,2156.4,1,13.96,6525,-75,19-APR-2021,
OPTIDX,NIFTY,24-Jun-2021,17000,PE,0,0,0,2230,2603.1,0,0,1800,0,19-APR-2021,
OPTIDX,NIFTY,24-Jun-2021,17500,PE,0,0,0,2502.55,3068,0,0,150,0,19-APR-2021,
OPTIDX,NIFTY,24-Jun-2021,18000,PE,3547,3547,3547,3547,3547,1,16.16,975,0,19-APR-2021,
OPTIDX,NIFTY,30-Sep-2021,11000,CE,0,0,0,1017.35,3613.6,0,0,150,0,19-APR-2021,
OPTIDX,NIFTY,30-Sep-2021,11500,CE,0,0,0,1296.5,3171.55,0,0,0,0,19-APR-2021,
OPTIDX,NIFTY,30-Sep-2021,12000,CE,0,0,0,1112.2,2752.3,0,0,0,0,19-APR-2021,
OPTIDX,NIFTY,30-Sep-2021,12500,CE,0,0,0,950.85,2360.55,0,0,0,0,19-APR-2021,
OPTIDX,NIFTY,30-Sep-2021,13000,CE,0,0,0,810.45,2000.65,0,0,0,0,19-APR-2021,
OPTIDX,NIFTY,30-Sep-2021,13500,CE,0,0,0,689.5,1674.6,0,0,0,0,19-APR-2021,
OPTIDX,NIFTY,30-Sep-2021,14000,CE,0,0,0,768.45,1385.45,0,0,0,0,19-APR-2021,
OPTIDX,NIFTY,30-Sep-2021,14500,CE,0,0,0,970.25,1132.8,0,0,75,0,19-APR-2021,
OPTIDX,NIFTY,30-Sep-2021,15000,CE,0,0,0,689.3,915.75,0,0,0,0,19-APR-2021,
OPTIDX,NIFTY,30-Sep-2021,15500,CE,0,0,0,716.65,732.1,0,0,0,0,19-APR-2021,
OPTIDX,NIFTY,30-Sep-2021,16000,CE,239.9,239.9,239.9,239.9,579.1,2,24.35,51300,75,19-APR-2021,
OPTIDX,NIFTY,30-Sep-2021,16500,CE,0,0,0,186.2,454.35,0,0,300,0,19-APR-2021,
OPTIDX,NIFTY,30-Sep-2021,17000,CE,134,134,133.65,133.7,352.3,12,154.2,1125,900,19-APR-2021,
OPTIDX,NIFTY,30-Sep-2021,17500,CE,0,0,0,88.25,270.9,0,0,675,0,19-APR-2021,
OPTIDX,NIFTY,30-Sep-2021,18000,CE,52,52,42,42.75,42.75,6,81.2,2775,450,19-APR-2021,
OPTIDX,NIFTY,30-Sep-2021,10500,PE,0,0,0,60.9,38.45,0,0,150,0,19-APR-2021,
OPTIDX,NIFTY,30-Sep-2021,11000,PE,49.95,52,49.95,51.95,51.95,6,49.73,4425,300,19-APR-2021,
OPTIDX,NIFTY,30-Sep-2021,11500,PE,0,0,0,75,120,0,0,150,0,19-APR-2021,
OPTIDX,NIFTY,30-Sep-2021,12000,PE,124.95,134,124.7,134,192.35,6,54.57,2175,225,19-APR-2021,
OPTIDX,NIFTY,30-Sep-2021,12500,PE,0,0,0,150,292.25,0,0,375,0,19-APR-2021,
OPTIDX,NIFTY,30-Sep-2021,13000,PE,371.15,371.15,371.15,371.15,424,1,10.02,600,75,19-APR-2021,
OPTIDX,NIFTY,30-Sep-2021,13500,PE,0,0,0,290,589.6,0,0,300,0,19-APR-2021,
OPTIDX,NIFTY,30-Sep-2021,14000,PE,705.7,705.7,705.7,705.7,792.1,1,11.02,300,0,19-APR-2021,
OPTIDX,NIFTY,30-Sep-2021,14500,PE,0,0,0,2907.95,1031.1,0,0,0,0,19-APR-2021,
OPTIDX,NIFTY,30-Sep-2021,15000,PE,0,0,0,2926.5,1305.65,0,0,0,0,19-APR-2021,
OPTIDX,NIFTY,30-Sep-2021,15500,PE,0,0,0,2936.85,1613.7,0,0,0,0,19-APR-2021,
OPTIDX,NIFTY,30-Sep-2021,16000,PE,0,0,0,2948.55,1952.35,0,0,0,0,19-APR-2021,
OPTIDX,NIFTY,30-Sep-2021,16500,PE,0,0,0,2938.25,2319.2,0,0,0,0,19-APR-2021,
OPTIDX,NIFTY,30-Sep-2021,17000,PE,0,0,0,2862.85,2708.8,0,0,0,0,19-APR-2021,
OPTIDX,NIFTY,30-Sep-2021,17500,PE,0,0,0,2908.65,3119.05,0,0,0,0,19-APR-2021,
OPTIDX,NIFTY,30-Sep-2021,18000,PE,0,0,0,2884.3,3546.35,0,0,0,0,19-APR-2021,
OPTIDX,NIFTY,30-Dec-2021,9000,CE,0,0,0,5900,5610.05,0,0,8700,0,19-APR-2021,
OPTIDX,NIFTY,30-Dec-2021,10000,CE,0,0,0,4420.75,4677.1,0,0,1575,0,19-APR-2021,
OPTIDX,NIFTY,30-Dec-2021,10500,CE,0,0,0,4200,4228.35,0,0,675,0,19-APR-2021,
OPTIDX,NIFTY,30-Dec-2021,10600,CE,0,0,0,4250,4140.5,0,0,63750,0,19-APR-2021,
OPTIDX,NIFTY,30-Dec-2021,10700,CE,0,0,0,4150,4053.3,0,0,69900,0,19-APR-2021,
OPTIDX,NIFTY,30-Dec-2021,10800,CE,0,0,0,2341.3,3966.8,0,0,35625,0,19-APR-2021,
OPTIDX,NIFTY,30-Dec-2021,11000,CE,0,0,0,3755,3796.1,0,0,19950,0,19-APR-2021,
OPTIDX,NIFTY,30-Dec-2021,11500,CE,0,0,0,3195.5,3383.7,0,0,53850,0,19-APR-2021,
OPTIDX,NIFTY,30-Dec-2021,11600,CE,0,0,0,2650,3303.9,0,0,5250,0,19-APR-2021,
OPTIDX,NIFTY,30-Dec-2021,11700,CE,0,0,0,2480.25,3225.05,0,0,45900,0,19-APR-2021,
OPTIDX,NIFTY,30-Dec-2021,11800,CE,0,0,0,2261.15,3147.15,0,0,12975,0,19-APR-2021,
OPTIDX,NIFTY,30-Dec-2021,11900,CE,0,0,0,1048.1,3070.25,0,0,29400,0,19-APR-2021,
OPTIDX,NIFTY,30-Dec-2021,12000,CE,2610,2690,2610,2690,2994.35,3,32.95,73575,-75,19-APR-2021,
OPTIDX,NIFTY,30-Dec-2021,12500,CE,0,0,0,2799,2631.05,0,0,750,0,19-APR-2021,
OPTIDX,NIFTY,30-Dec-2021,13000,CE,1859,1925,1804,1909.6,1909.6,95,1058.24,57900,4800,19-APR-2021,
OPTIDX,NIFTY,30-Dec-2021,13500,CE,1500,1570,1500,1570,1987.3,8,90.15,5250,75,19-APR-2021,
OPTIDX,NIFTY,30-Dec-2021,14000,CE,1256.3,1300,1200,1268.2,1268.2,43,491.87,81900,1350,19-APR-2021,
OPTIDX,NIFTY,30-Dec-2021,14500,CE,1000,1021.6,930,975,975,49,568.63,13950,1425,19-APR-2021,
OPTIDX,NIFTY,30-Dec-2021,15000,CE,750,759,694.75,739,739,274,3231.63,129450,6000,19-APR-2021,
OPTIDX,NIFTY,30-Dec-2021,15500,CE,550,550,472.1,499.7,499.7,24,288.23,7275,375,19-APR-2021,
OPTIDX,NIFTY,30-Dec-2021,16000,CE,409.5,409.5,330,352.75,352.75,177,2171.11,123150,4725,19-APR-2021,
OPTIDX,NIFTY,30-Dec-2021,16500,CE,249.8,249.8,220,225,225,40,501.82,45675,450,19-APR-2021,
OPTIDX,NIFTY,30-Dec-2021,17000,CE,165,165,140,143.45,143.45,138,1774.74,272250,-975,19-APR-2021,
OPTIDX,NIFTY,30-Dec-2021,17500,CE,82.55,96.2,82.55,87.65,87.65,12,158.3,86700,225,19-APR-2021,
OPTIDX,NIFTY,30-Dec-2021,18000,CE,63,66,54,60.1,60.1,249,3372.27,155925,-4200,19-APR-2021,
OPTIDX,NIFTY,30-Dec-2021,8000,PE,0,0,0,8,3.85,0,0,1200,0,19-APR-2021,
OPTIDX,NIFTY,30-Dec-2021,8500,PE,0,0,0,15.75,8.7,0,0,9975,0,19-APR-2021,
OPTIDX,NIFTY,30-Dec-2021,9000,PE,32.4,33.9,32.4,33,33,4,27.09,5100,300,19-APR-2021,
OPTIDX,NIFTY,30-Dec-2021,9100,PE,0,0,0,410,20.4,0,0,14025,0,19-APR-2021,
OPTIDX,NIFTY,30-Dec-2021,9200,PE,0,0,0,53.25,23.25,0,0,5625,0,19-APR-2021,
OPTIDX,NIFTY,30-Dec-2021,9700,PE,0,0,0,156.75,42.5,0,0,3375,0,19-APR-2021,
OPTIDX,NIFTY,30-Dec-2021,10000,PE,60,60,48.05,51.75,51.75,64,482.56,177150,1125,19-APR-2021,
OPTIDX,NIFTY,30-Dec-2021,10100,PE,0,0,0,454.15,65.6,0,0,825,0,19-APR-2021,
OPTIDX,NIFTY,30-Dec-2021,10200,PE,0,0,0,1385,72.65,0,0,225,0,19-APR-2021,
OPTIDX,NIFTY,30-Dec-2021,10300,PE,0,0,0,745.45,80.3,0,0,600,0,19-APR-2021,
OPTIDX,NIFTY,30-Dec-2021,10400,PE,0,0,0,32.1,88.55,0,0,2925,0,19-APR-2021,
OPTIDX,NIFTY,30-Dec-2021,10500,PE,69.25,69.25,63.8,67.45,97.4,18,142.66,524100,150,19-APR-2021,
OPTIDX,NIFTY,30-Dec-2021,10600,PE,0,0,0,53.05,106.95,0,0,11700,0,19-APR-2021,
OPTIDX,NIFTY,30-Dec-2021,10700,PE,0,0,0,70,117.15,0,0,9750,0,19-APR-2021,
OPTIDX,NIFTY,30-Dec-2021,10800,PE,0,0,0,69.9,128.1,0,0,8925,0,19-APR-2021,
OPTIDX,NIFTY,30-Dec-2021,10900,PE,0,0,0,120.05,139.75,0,0,3450,0,19-APR-2021,
OPTIDX,NIFTY,30-Dec-2021,11000,PE,114,114,93,93.55,93.55,127,1056.92,417975,-1275,19-APR-2021,
OPTIDX,NIFTY,30-Dec-2021,11100,PE,0,0,0,52.5,165.45,0,0,150,0,19-APR-2021,
OPTIDX,NIFTY,30-Dec-2021,11300,PE,0,0,0,1927,194.4,0,0,675,0,19-APR-2021,
OPTIDX,NIFTY,30-Dec-2021,11400,PE,0,0,0,125,210.2,0,0,1500,0,19-APR-2021,
OPTIDX,NIFTY,30-Dec-2021,11500,PE,126,135,126,135,226.9,2,17.44,106275,75,19-APR-2021,
OPTIDX,NIFTY,30-Dec-2021,11600,PE,0,0,0,739.45,244.5,0,0,39300,0,19-APR-2021,
OPTIDX,NIFTY,30-Dec-2021,11700,PE,0,0,0,190.05,263.05,0,0,59400,0,19-APR-2021,
OPTIDX,NIFTY,30-Dec-2021,12000,PE,185.15,200,151.9,189.75,189.75,127,1161.16,133350,2250,19-APR-2021,
OPTIDX,NIFTY,30-Dec-2021,12200,PE,0,0,0,210.05,370.75,0,0,75,0,19-APR-2021,
OPTIDX,NIFTY,30-Dec-2021,12300,PE,0,0,0,1897.95,395.9,0,0,75,0,19-APR-2021,
OPTIDX,NIFTY,30-Dec-2021,12400,PE,0,0,0,442,421.6,0,0,225,0,19-APR-2021,
OPTIDX,NIFTY,30-Dec-2021,12500,PE,250,275,250,256,256,81,775.26,132750,3300,19-APR-2021,
OPTIDX,NIFTY,30-Dec-2021,12700,PE,0,0,0,1743,505.25,0,0,150,0,19-APR-2021,
OPTIDX,NIFTY,30-Dec-2021,13000,PE,326.25,375,326.25,348.85,348.85,309,3095.74,160425,11325,19-APR-2021,
OPTIDX,NIFTY,30-Dec-2021,13500,PE,414.05,530,414.05,471.35,471.35,131,1375.21,49275,6300,19-APR-2021,
OPTIDX,NIFTY,30-Dec-2021,14000,PE,640,680,627,632.4,632.4,387,4255.16,186450,20025,19-APR-2021,
OPTIDX,NIFTY,30-Dec-2021,14500,PE,840,898.9,794,812.15,812.15,128,1472.2,47100,2625,19-APR-2021,
OPTIDX,NIFTY,30-Dec-2021,15000,PE,925,1100,925,1035.85,1035.85,267,3213.06,144450,10200,19-APR-2021,
OPTIDX,NIFTY,30-Dec-2021,15500,PE,1313,1330,1300,1311,1787.6,6,75.64,9750,-75,19-APR-2021,
OPTIDX,NIFTY,30-Dec-2021,16000,PE,1645,1700,1576.95,1600.65,2106.45,20,264.68,61800,150,19-APR-2021,
OPTIDX,NIFTY,30-Dec-2021,16500,PE,0,0,0,1890,2448.3,0,0,975,0,19-APR-2021,
OPTIDX,NIFTY,30-Dec-2021,17000,PE,2465.9,2465.9,2465.9,2465.9,2811.85,1,14.59,32175,0,19-APR-2021,
OPTIDX,NIFTY,30-Dec-2021,17500,PE,0,0,0,2195.2,3193.6,0,0,75,0,19-APR-2021,
OPTIDX,NIFTY,30-Dec-2021,18000,PE,0,0,0,2927.25,3591,0,0,150,0,19-APR-2021,
OPTIDX,NIFTY,31-Mar-2022,12000,CE,0,0,0,3248.75,3219.3,0,0,0,0,19-APR-2021,
OPTIDX,NIFTY,31-Mar-2022,12500,CE,0,0,0,2908.9,2874,0,0,0,0,19-APR-2021,
OPTIDX,NIFTY,31-Mar-2022,13000,CE,0,0,0,2592.7,2552.95,0,0,0,0,19-APR-2021,
OPTIDX,NIFTY,31-Mar-2022,13500,CE,0,0,0,2301.8,2257.9,0,0,0,0,19-APR-2021,
OPTIDX,NIFTY,31-Mar-2022,14000,CE,0,0,0,2035.3,1988.1,0,0,0,0,19-APR-2021,
OPTIDX,NIFTY,31-Mar-2022,14500,CE,0,0,0,1792.7,1743.1,0,0,0,0,19-APR-2021,
OPTIDX,NIFTY,31-Mar-2022,15000,CE,0,0,0,1573.35,1522.15,0,0,0,0,19-APR-2021,
OPTIDX,NIFTY,31-Mar-2022,15500,CE,0,0,0,1376.1,1324.2,0,0,0,0,19-APR-2021,
OPTIDX,NIFTY,31-Mar-2022,16000,CE,0,0,0,749,1147.85,0,0,75,0,19-APR-2021,
OPTIDX,NIFTY,31-Mar-2022,16500,CE,0,0,0,1042.8,991.6,0,0,0,0,19-APR-2021,
OPTIDX,NIFTY,31-Mar-2022,17000,CE,0,0,0,903.85,853.95,0,0,0,0,19-APR-2021,
OPTIDX,NIFTY,31-Mar-2022,17500,CE,0,0,0,953.35,734.1,0,0,0,0,19-APR-2021,
OPTIDX,NIFTY,31-Mar-2022,12000,PE,0,0,0,475.05,440.75,0,0,0,0,19-APR-2021,
OPTIDX,NIFTY,31-Mar-2022,12500,PE,0,0,0,616.5,578.05,0,0,0,0,19-APR-2021,
OPTIDX,NIFTY,31-Mar-2022,13000,PE,0,0,0,781.6,739.5,0,0,0,0,19-APR-2021,
OPTIDX,NIFTY,31-Mar-2022,13500,PE,0,0,0,972,927,0,0,0,0,19-APR-2021,
OPTIDX,NIFTY,31-Mar-2022,14000,PE,0,0,0,1186.8,1139.7,0,0,0,0,19-APR-2021,
OPTIDX,NIFTY,31-Mar-2022,14500,PE,0,0,0,1425.5,1377.25,0,0,0,0,19-APR-2021,
OPTIDX,NIFTY,31-Mar-2022,15000,PE,0,0,0,1687.45,1638.85,0,0,0,0,19-APR-2021,
OPTIDX,NIFTY,31-Mar-2022,15500,PE,0,0,0,1971.5,1923.4,0,0,0,0,19-APR-2021,
OPTIDX,NIFTY,31-Mar-2022,16000,PE,0,0,0,2276.45,2229.6,0,0,0,0,19-APR-2021,
OPTIDX,NIFTY,31-Mar-2022,16500,PE,0,0,0,2600.8,2555.95,0,0,0,0,19-APR-2021,
OPTIDX,NIFTY,31-Mar-2022,17000,PE,0,0,0,2943.15,2900.8,0,0,0,0,19-APR-2021,
OPTIDX,NIFTY,31-Mar-2022,17500,PE,0,0,0,2964.1,3263.5,0,0,0,0,19-APR-2021,
OPTIDX,NIFTY,30-Jun-2022,10500,CE,0,0,0,2300,4547.55,0,0,1875,0,19-APR-2021,
OPTIDX,NIFTY,30-Jun-2022,11000,CE,0,0,0,3688.25,4154.5,0,0,0,0,19-APR-2021,
OPTIDX,NIFTY,30-Jun-2022,11500,CE,0,0,0,1447.55,3780.8,0,0,0,0,19-APR-2021,
OPTIDX,NIFTY,30-Jun-2022,11800,CE,0,0,0,3100,3566.9,0,0,12900,0,19-APR-2021,
OPTIDX,NIFTY,30-Jun-2022,12000,CE,0,0,0,1325.5,3428.2,0,0,0,0,19-APR-2021,
OPTIDX,NIFTY,30-Jun-2022,12500,CE,0,0,0,1348.65,3096.85,0,0,0,0,19-APR-2021,
OPTIDX,NIFTY,30-Jun-2022,13000,CE,0,0,0,1403.85,2787.35,0,0,0,0,19-APR-2021,
OPTIDX,NIFTY,30-Jun-2022,13500,CE,0,0,0,1609.9,2501.15,0,0,0,0,19-APR-2021,
OPTIDX,NIFTY,30-Jun-2022,14000,CE,0,0,0,1622.9,2237.35,0,0,0,0,19-APR-2021,
OPTIDX,NIFTY,30-Jun-2022,14500,CE,0,0,0,1630,1995.4,0,0,75,0,19-APR-2021,
OPTIDX,NIFTY,30-Jun-2022,15000,CE,0,0,0,1287.05,1774.75,0,0,0,0,19-APR-2021,
OPTIDX,NIFTY,30-Jun-2022,15500,CE,0,0,0,1499,1574.35,0,0,5100,0,19-APR-2021,
OPTIDX,NIFTY,30-Jun-2022,16000,CE,0,0,0,1313.5,1393.15,0,0,0,0,19-APR-2021,
OPTIDX,NIFTY,30-Jun-2022,16500,CE,0,0,0,1319.9,1230,0,0,0,0,19-APR-2021,
OPTIDX,NIFTY,30-Jun-2022,17000,CE,0,0,0,1348.85,1083.65,0,0,0,0,19-APR-2021,
OPTIDX,NIFTY,30-Jun-2022,17500,CE,0,0,0,1365.55,952.8,0,0,0,0,19-APR-2021,
OPTIDX,NIFTY,30-Jun-2022,18000,CE,0,0,0,1199.25,837.15,0,0,75,0,19-APR-2021,
OPTIDX,NIFTY,30-Jun-2022,8300,PE,0,0,0,93.75,35,0,0,150,0,19-APR-2021,
OPTIDX,NIFTY,30-Jun-2022,9900,PE,0,0,0,98,148.3,0,0,0,0,19-APR-2021,
OPTIDX,NIFTY,30-Jun-2022,10000,PE,0,0,0,100,159.8,0,0,18900,0,19-APR-2021,
OPTIDX,NIFTY,30-Jun-2022,10500,PE,0,0,0,260,227.1,0,0,152325,0,19-APR-2021,
OPTIDX,NIFTY,30-Jun-2022,10700,PE,0,0,0,1521,258.85,0,0,900,0,19-APR-2021,
OPTIDX,NIFTY,30-Jun-2022,10800,PE,249.55,249.55,249.55,249.55,275.85,1,8.28,7425,75,19-APR-2021,
OPTIDX,NIFTY,30-Jun-2022,10900,PE,0,0,0,25.05,293.6,0,0,4275,0,19-APR-2021,
OPTIDX,NIFTY,30-Jun-2022,11000,PE,0,0,0,97.5,312.1,0,0,5100,0,19-APR-2021,
OPTIDX,NIFTY,30-Jun-2022,11100,PE,0,0,0,103.4,331.35,0,0,8250,0,19-APR-2021,
OPTIDX,NIFTY,30-Jun-2022,11200,PE,0,0,0,642.55,351.4,0,0,3075,0,19-APR-2021,
OPTIDX,NIFTY,30-Jun-2022,11300,PE,0,0,0,223.5,372.3,0,0,8700,0,19-APR-2021,
OPTIDX,NIFTY,30-Jun-2022,11400,PE,0,0,0,123.15,393.95,0,0,9525,0,19-APR-2021,
OPTIDX,NIFTY,30-Jun-2022,11500,PE,0,0,0,243.95,416.45,0,0,28725,0,19-APR-2021,
OPTIDX,NIFTY,30-Jun-2022,11600,PE,0,0,0,420,439.8,0,0,11850,0,19-APR-2021,
OPTIDX,NIFTY,30-Jun-2022,11700,PE,0,0,0,350,464.4,0,0,6750,0,19-APR-2021,
OPTIDX,NIFTY,30-Jun-2022,11800,PE,0,0,0,440,489.4,0,0,13950,0,19-APR-2021,
OPTIDX,NIFTY,30-Jun-2022,11900,PE,0,0,0,162.45,515.2,0,0,16650,0,19-APR-2021,
OPTIDX,NIFTY,30-Jun-2022,12000,PE,0,0,0,320,541.9,0,0,2775,0,19-APR-2021,
OPTIDX,NIFTY,30-Jun-2022,12100,PE,0,0,0,347,569.5,0,0,300,0,19-APR-2021,
OPTIDX,NIFTY,30-Jun-2022,12200,PE,0,0,0,550,597.95,0,0,2850,0,19-APR-2021,
OPTIDX,NIFTY,30-Jun-2022,12300,PE,0,0,0,708,627.25,0,0,3075,0,19-APR-2021,
OPTIDX,NIFTY,30-Jun-2022,12500,PE,0,0,0,539.95,688.6,0,0,10125,0,19-APR-2021,
OPTIDX,NIFTY,30-Jun-2022,12600,PE,0,0,0,575,720.6,0,0,11775,0,19-APR-2021,
OPTIDX,NIFTY,30-Jun-2022,12700,PE,0,0,0,620,753.5,0,0,11550,0,19-APR-2021,
OPTIDX,NIFTY,30-Jun-2022,12800,PE,0,0,0,2551,787.35,0,0,525,0,19-APR-2021,
OPTIDX,NIFTY,30-Jun-2022,13000,PE,0,0,0,495,857.15,0,0,28050,0,19-APR-2021,
OPTIDX,NIFTY,30-Jun-2022,13400,PE,0,0,0,2048.15,1008.85,0,0,75,0,19-APR-2021,
OPTIDX,NIFTY,30-Jun-2022,13500,PE,0,0,0,3144.55,1049,0,0,0,0,19-APR-2021,
OPTIDX,NIFTY,30-Jun-2022,14000,PE,0,0,0,790,1263.25,0,0,1200,0,19-APR-2021,
OPTIDX,NIFTY,30-Jun-2022,14500,PE,0,0,0,1129.25,1499.35,0,0,5700,0,19-APR-2021,
OPTIDX,NIFTY,30-Jun-2022,15000,PE,0,0,0,3118.95,1756.7,0,0,0,0,19-APR-2021,
OPTIDX,NIFTY,30-Jun-2022,15500,PE,0,0,0,3146.25,2034.35,0,0,0,0,19-APR-2021,
OPTIDX,NIFTY,30-Jun-2022,16000,PE,0,0,0,3171.65,2331.2,0,0,0,0,19-APR-2021,
OPTIDX,NIFTY,30-Jun-2022,16500,PE,0,0,0,3167.8,2646.1,0,0,0,0,19-APR-2021,
OPTIDX,NIFTY,30-Jun-2022,17000,PE,0,0,0,3112,2977.8,0,0,0,0,19-APR-2021,
OPTIDX,NIFTY,30-Jun-2022,17500,PE,0,0,0,3178.85,3325.05,0,0,0,0,19-APR-2021,
OPTIDX,NIFTY,30-Jun-2022,18000,PE,0,0,0,3166.8,3687.45,0,0,0,0,19-APR-2021,
OPTIDX,NIFTY,29-Dec-2022,11000,CE,0,0,0,2060.05,4487.65,0,0,1200,0,19-APR-2021,
OPTIDX,NIFTY,29-Dec-2022,11500,CE,0,0,0,3500,4139.7,0,0,3825,0,19-APR-2021,
OPTIDX,NIFTY,29-Dec-2022,12000,CE,0,0,0,2099.8,3809.75,0,0,0,0,19-APR-2021,
OPTIDX,NIFTY,29-Dec-2022,12500,CE,0,0,0,1842,3498.65,0,0,0,0,19-APR-2021,
OPTIDX,NIFTY,29-Dec-2022,13000,CE,0,0,0,1642.25,3206.05,0,0,0,0,19-APR-2021,
OPTIDX,NIFTY,29-Dec-2022,13500,CE,0,0,0,2444.7,2933.05,0,0,3450,0,19-APR-2021,
OPTIDX,NIFTY,29-Dec-2022,14000,CE,0,0,0,2450,2678.65,0,0,150,0,19-APR-2021,
OPTIDX,NIFTY,29-Dec-2022,14100,CE,0,0,0,1120,2629.95,0,0,112500,0,19-APR-2021,
OPTIDX,NIFTY,29-Dec-2022,14500,CE,0,0,0,2222.9,2442.3,0,0,1050,0,19-APR-2021,
OPTIDX,NIFTY,29-Dec-2022,15000,CE,0,0,0,2050,2223.45,0,0,5475,0,19-APR-2021,
OPTIDX,NIFTY,29-Dec-2022,15500,CE,0,0,0,1711.3,2021.4,0,0,0,0,19-APR-2021,
OPTIDX,NIFTY,29-Dec-2022,16000,CE,0,0,0,1690.25,1835.35,0,0,0,0,19-APR-2021,
OPTIDX,NIFTY,29-Dec-2022,16500,CE,0,0,0,1708.4,1664.45,0,0,0,0,19-APR-2021,
OPTIDX,NIFTY,29-Dec-2022,17000,CE,0,0,0,1755.45,1507.85,0,0,0,0,19-APR-2021,
OPTIDX,NIFTY,29-Dec-2022,17500,CE,0,0,0,1796.75,1364.55,0,0,0,0,19-APR-2021,
OPTIDX,NIFTY,29-Dec-2022,18000,CE,879.3,879.3,879.3,879.3,1233.8,2,28.31,600,150,19-APR-2021,
OPTIDX,NIFTY,29-Dec-2022,7500,PE,0,0,0,235,37.1,0,0,1050,0,19-APR-2021,
OPTIDX,NIFTY,29-Dec-2022,7600,PE,0,0,0,80,41,0,0,0,0,19-APR-2021,
OPTIDX,NIFTY,29-Dec-2022,8500,PE,0,0,0,105,92,0,0,112650,0,19-APR-2021,
OPTIDX,NIFTY,29-Dec-2022,8700,PE,0,0,0,115,107.8,0,0,112500,0,19-APR-2021,
OPTIDX,NIFTY,29-Dec-2022,9000,PE,0,0,0,136,135.05,0,0,383250,0,19-APR-2021,
OPTIDX,NIFTY,29-Dec-2022,9500,PE,0,0,0,160,190.95,0,0,114450,0,19-APR-2021,
OPTIDX,NIFTY,29-Dec-2022,9700,PE,0,0,0,15.3,217.25,0,0,3075,0,19-APR-2021,
OPTIDX,NIFTY,29-Dec-2022,9900,PE,0,0,0,664.7,246,0,0,75,0,19-APR-2021,
OPTIDX,NIFTY,29-Dec-2022,10000,PE,151,161,151,161,261.25,2,15.23,218175,150,19-APR-2021,
OPTIDX,NIFTY,29-Dec-2022,10500,PE,0,0,0,162.5,347.4,0,0,308325,0,19-APR-2021,
OPTIDX,NIFTY,29-Dec-2022,10900,PE,0,0,0,698,428.45,0,0,75,0,19-APR-2021,
OPTIDX,NIFTY,29-Dec-2022,11000,PE,0,0,0,254,450.45,0,0,187875,0,19-APR-2021,
OPTIDX,NIFTY,29-Dec-2022,11100,PE,0,0,0,945,473.2,0,0,3750,0,19-APR-2021,
OPTIDX,NIFTY,29-Dec-2022,11200,PE,0,0,0,2000,497.05,0,0,600,0,19-APR-2021,
OPTIDX,NIFTY,29-Dec-2022,11300,PE,0,0,0,177.35,521.2,0,0,1650,0,19-APR-2021,
OPTIDX,NIFTY,29-Dec-2022,11400,PE,0,0,0,943.4,546.1,0,0,225,0,19-APR-2021,
OPTIDX,NIFTY,29-Dec-2022,11500,PE,0,0,0,230.05,571.7,0,0,900,0,19-APR-2021,
OPTIDX,NIFTY,29-Dec-2022,11600,PE,0,0,0,325.25,598.05,0,0,2550,0,19-APR-2021,
OPTIDX,NIFTY,29-Dec-2022,11700,PE,0,0,0,392,625.15,0,0,5925,0,19-APR-2021,
OPTIDX,NIFTY,29-Dec-2022,11800,PE,0,0,0,335,652.95,0,0,3075,0,19-APR-2021,
OPTIDX,NIFTY,29-Dec-2022,11900,PE,0,0,0,183.95,681.55,0,0,6900,0,19-APR-2021,
OPTIDX,NIFTY,29-Dec-2022,12000,PE,0,0,0,480,710.9,0,0,16800,0,19-APR-2021,
OPTIDX,NIFTY,29-Dec-2022,12100,PE,0,0,0,399.15,741,0,0,10725,0,19-APR-2021,
OPTIDX,NIFTY,29-Dec-2022,12200,PE,0,0,0,467.95,771.85,0,0,11250,0,19-APR-2021,
OPTIDX,NIFTY,29-Dec-2022,12300,PE,0,0,0,489.75,803.5,0,0,6000,0,19-APR-2021,
OPTIDX,NIFTY,29-Dec-2022,12500,PE,0,0,0,395.25,869,0,0,6975,0,19-APR-2021,
OPTIDX,NIFTY,29-Dec-2022,12600,PE,0,0,0,800,902.9,0,0,12375,0,19-APR-2021,
OPTIDX,NIFTY,29-Dec-2022,12700,PE,0,0,0,500,937.55,0,0,11850,0,19-APR-2021,
OPTIDX,NIFTY,29-Dec-2022,12800,PE,0,0,0,600,973,0,0,185475,0,19-APR-2021,
OPTIDX,NIFTY,29-Dec-2022,12900,PE,0,0,0,1878.8,1008.6,0,0,6750,0,19-APR-2021,
OPTIDX,NIFTY,29-Dec-2022,13000,PE,710,710,710,710,1045.6,1,10.28,300,0,19-APR-2021,
OPTIDX,NIFTY,29-Dec-2022,13100,PE,0,0,0,2027,1083.35,0,0,4200,0,19-APR-2021,
OPTIDX,NIFTY,29-Dec-2022,13500,PE,0,0,0,821,1241.8,0,0,75,0,19-APR-2021,
OPTIDX,NIFTY,29-Dec-2022,14000,PE,0,0,0,1079.6,1456.6,0,0,75,0,19-APR-2021,
OPTIDX,NIFTY,29-Dec-2022,14100,PE,0,0,0,1140,1501.75,0,0,112500,0,19-APR-2021,
OPTIDX,NIFTY,29-Dec-2022,14500,PE,0,0,0,1200,1689.4,0,0,0,0,19-APR-2021,
OPTIDX,NIFTY,29-Dec-2022,15000,PE,0,0,0,1350,1939.8,0,0,525,0,19-APR-2021,
OPTIDX,NIFTY,29-Dec-2022,15500,PE,0,0,0,3244.65,2206.95,0,0,0,0,19-APR-2021,
OPTIDX,NIFTY,29-Dec-2022,16000,PE,0,0,0,3277.25,2490.05,0,0,0,0,19-APR-2021,
OPTIDX,NIFTY,29-Dec-2022,16500,PE,0,0,0,3275.6,2788.35,0,0,0,0,19-APR-2021,
OPTIDX,NIFTY,29-Dec-2022,17000,PE,0,0,0,2378,3100.9,0,0,75,0,19-APR-2021,
OPTIDX,NIFTY,29-Dec-2022,17500,PE,0,0,0,3302.45,3426.85,0,0,0,0,19-APR-2021,
OPTIDX,NIFTY,29-Dec-2022,18000,PE,0,0,0,3294.7,3765.25,0,0,0,0,19-APR-2021,
OPTIDX,NIFTY,29-Jun-2023,8500,CE,0,0,0,1775,6676.1,0,0,15975,0,19-APR-2021,
OPTIDX,NIFTY,29-Jun-2023,9500,CE,0,0,0,3103,5880.5,0,0,4050,0,19-APR-2021,
OPTIDX,NIFTY,29-Jun-2023,11000,CE,0,0,0,2420,4796.65,0,0,14925,0,19-APR-2021,
OPTIDX,NIFTY,29-Jun-2023,11500,CE,0,0,0,2805.2,4467.1,0,0,0,0,19-APR-2021,
OPTIDX,NIFTY,29-Jun-2023,12000,CE,0,0,0,2522.4,4154.2,0,0,0,0,19-APR-2021,
OPTIDX,NIFTY,29-Jun-2023,12500,CE,0,0,0,2255.4,3858,0,0,0,0,19-APR-2021,
OPTIDX,NIFTY,29-Jun-2023,13000,CE,0,0,0,2005.65,3577.95,0,0,0,0,19-APR-2021,
OPTIDX,NIFTY,29-Jun-2023,13500,CE,0,0,0,2784.25,3315.05,0,0,3450,0,19-APR-2021,
OPTIDX,NIFTY,29-Jun-2023,14000,CE,0,0,0,2312.9,3068.25,0,0,0,0,19-APR-2021,
OPTIDX,NIFTY,29-Jun-2023,14500,CE,0,0,0,2609.85,2837.05,0,0,2025,0,19-APR-2021,
OPTIDX,NIFTY,29-Jun-2023,15000,CE,0,0,0,2997.6,2620.95,0,0,1350,0,19-APR-2021,
OPTIDX,NIFTY,29-Jun-2023,15500,CE,0,0,0,2052.2,2419.4,0,0,0,0,19-APR-2021,
OPTIDX,NIFTY,29-Jun-2023,16000,CE,0,0,0,2037.65,2231.65,0,0,0,0,19-APR-2021,
OPTIDX,NIFTY,29-Jun-2023,16500,CE,0,0,0,2066.45,2057.15,0,0,0,0,19-APR-2021,
OPTIDX,NIFTY,29-Jun-2023,17000,CE,0,0,0,2129.1,1895.15,0,0,0,0,19-APR-2021,
OPTIDX,NIFTY,29-Jun-2023,17500,CE,0,0,0,2191.75,1744.95,0,0,0,0,19-APR-2021,
OPTIDX,NIFTY,29-Jun-2023,18000,CE,0,0,0,2238.2,1605.9,0,0,0,0,19-APR-2021,
OPTIDX,NIFTY,29-Jun-2023,10000,PE,226.7,226.7,226.7,226.7,354.25,1,7.67,94950,0,19-APR-2021,
OPTIDX,NIFTY,29-Jun-2023,10500,PE,0,0,0,289.25,453.1,0,0,150225,0,19-APR-2021,
OPTIDX,NIFTY,29-Jun-2023,11000,PE,0,0,0,267,568.2,0,0,281025,0,19-APR-2021,
OPTIDX,NIFTY,29-Jun-2023,11500,PE,0,0,0,152.35,699.15,0,0,0,0,19-APR-2021,
OPTIDX,NIFTY,29-Jun-2023,11900,PE,0,0,0,463,815.9,0,0,14850,0,19-APR-2021,
OPTIDX,NIFTY,29-Jun-2023,12000,PE,0,0,0,1884.65,846.75,0,0,0,0,19-APR-2021,
OPTIDX,NIFTY,29-Jun-2023,12100,PE,0,0,0,492,878.3,0,0,22425,0,19-APR-2021,
OPTIDX,NIFTY,29-Jun-2023,12200,PE,0,0,0,438,910.45,0,0,750,0,19-APR-2021,
OPTIDX,NIFTY,29-Jun-2023,12500,PE,0,0,0,292.65,1011.05,0,0,0,0,19-APR-2021,
OPTIDX,NIFTY,29-Jun-2023,13000,PE,0,0,0,387.95,1191.5,0,0,0,0,19-APR-2021,
OPTIDX,NIFTY,29-Jun-2023,13500,PE,0,0,0,808.05,1389.15,0,0,150,0,19-APR-2021,
OPTIDX,NIFTY,29-Jun-2023,14000,PE,0,0,0,1319.9,1602.85,0,0,6450,0,19-APR-2021,
OPTIDX,NIFTY,29-Jun-2023,14500,PE,0,0,0,3257.35,1832.1,0,0,0,0,19-APR-2021,
OPTIDX,NIFTY,29-Jun-2023,15000,PE,0,0,0,3278.75,2076.5,0,0,0,0,19-APR-2021,
OPTIDX,NIFTY,29-Jun-2023,15500,PE,0,0,0,3319.7,2335.45,0,0,0,0,19-APR-2021,
OPTIDX,NIFTY,29-Jun-2023,16000,PE,0,0,0,3358.4,2608.2,0,0,0,0,19-APR-2021,
OPTIDX,NIFTY,29-Jun-2023,16500,PE,0,0,0,3357.95,2894.2,0,0,0,0,19-APR-2021,
OPTIDX,NIFTY,29-Jun-2023,17000,PE,0,0,0,3314.85,3192.7,0,0,0,0,19-APR-2021,
OPTIDX,NIFTY,29-Jun-2023,17500,PE,0,0,0,3395.6,3503,0,0,0,0,19-APR-2021,
OPTIDX,NIFTY,29-Jun-2023,18000,PE,0,0,0,3390.65,3824.45,0,0,0,0,19-APR-2021,
OPTIDX,NIFTY,28-Dec-2023,11000,CE,0,0,0,4603.85,5084.2,0,0,0,0,19-APR-2021,
OPTIDX,NIFTY,28-Dec-2023,11500,CE,0,0,0,3334.1,4769.85,0,0,0,0,19-APR-2021,
OPTIDX,NIFTY,28-Dec-2023,12000,CE,0,0,0,3094.65,4470.55,0,0,0,0,19-APR-2021,
OPTIDX,NIFTY,28-Dec-2023,12500,CE,0,0,0,2867.95,4186.4,0,0,0,0,19-APR-2021,
OPTIDX,NIFTY,28-Dec-2023,13000,CE,0,0,0,2654,3917.15,0,0,0,0,19-APR-2021,
OPTIDX,NIFTY,28-Dec-2023,13500,CE,0,0,0,2574.65,3662.1,0,0,0,0,19-APR-2021,
OPTIDX,NIFTY,28-Dec-2023,14000,CE,0,0,0,2622.8,3421.95,0,0,0,0,19-APR-2021,
OPTIDX,NIFTY,28-Dec-2023,14500,CE,0,0,0,3006.8,3195.6,0,0,975,0,19-APR-2021,
OPTIDX,NIFTY,28-Dec-2023,15000,CE,0,0,0,2560.4,2982.65,0,0,450,0,19-APR-2021,
OPTIDX,NIFTY,28-Dec-2023,15500,CE,0,0,0,2370.25,2782.55,0,0,0,0,19-APR-2021,
OPTIDX,NIFTY,28-Dec-2023,16000,CE,0,0,0,2361.6,2594.8,0,0,0,0,19-APR-2021,
OPTIDX,NIFTY,28-Dec-2023,16500,CE,0,0,0,2400.25,2418.8,0,0,0,0,19-APR-2021,
OPTIDX,NIFTY,28-Dec-2023,17000,CE,0,0,0,2100,2254.05,0,0,0,0,19-APR-2021,
OPTIDX,NIFTY,28-Dec-2023,17500,CE,0,0,0,2558.7,2099.85,0,0,0,0,19-APR-2021,
OPTIDX,NIFTY,28-Dec-2023,18000,CE,0,0,0,2616.5,1955.8,0,0,0,0,19-APR-2021,
OPTIDX,NIFTY,28-Dec-2023,11000,PE,0,0,0,1038.5,668.1,0,0,75,0,19-APR-2021,
OPTIDX,NIFTY,28-Dec-2023,11500,PE,0,0,0,470.7,805.7,0,0,0,0,19-APR-2021,
OPTIDX,NIFTY,28-Dec-2023,12000,PE,0,0,0,575.45,958.4,0,0,0,0,19-APR-2021,
OPTIDX,NIFTY,28-Dec-2023,12500,PE,0,0,0,692.95,1126.2,0,0,0,0,19-APR-2021,
OPTIDX,NIFTY,28-Dec-2023,12700,PE,0,0,0,1847.7,1197.5,0,0,450,0,19-APR-2021,
OPTIDX,NIFTY,28-Dec-2023,13000,PE,0,0,0,5199,1308.9,0,0,0,0,19-APR-2021,
OPTIDX,NIFTY,28-Dec-2023,13500,PE,0,0,0,1161.55,1505.85,0,0,14025,0,19-APR-2021,
OPTIDX,NIFTY,28-Dec-2023,14000,PE,0,0,0,1254,1717.65,0,0,34200,0,19-APR-2021,
OPTIDX,NIFTY,28-Dec-2023,14500,PE,0,0,0,1058,1943.25,0,0,49500,0,19-APR-2021,
OPTIDX,NIFTY,28-Dec-2023,15000,PE,0,0,0,3330.9,2182.3,0,0,0,0,19-APR-2021,
OPTIDX,NIFTY,28-Dec-2023,15500,PE,0,0,0,3376.8,2434.15,0,0,0,0,19-APR-2021,
OPTIDX,NIFTY,28-Dec-2023,16000,PE,0,0,0,3420.8,2698.4,0,0,0,0,19-APR-2021,
OPTIDX,NIFTY,28-Dec-2023,16500,PE,0,0,0,3421,2974.35,0,0,0,0,19-APR-2021,
OPTIDX,NIFTY,28-Dec-2023,17000,PE,0,0,0,3381.7,3261.55,0,0,0,0,19-APR-2021,
OPTIDX,NIFTY,28-Dec-2023,17500,PE,0,0,0,3466.25,3559.35,0,0,0,0,19-APR-2021,
OPTIDX,NIFTY,28-Dec-2023,18000,PE,0,0,0,3463.1,3867.25,0,0,0,0,19-APR-2021,
OPTIDX,NIFTY,27-Jun-2024,11000,CE,0,0,0,4867,5354.05,0,0,0,0,19-APR-2021,
OPTIDX,NIFTY,27-Jun-2024,11500,CE,0,0,0,3911.65,5052.4,0,0,0,0,19-APR-2021,
OPTIDX,NIFTY,27-Jun-2024,12000,CE,0,0,0,3630.8,4764.65,0,0,0,0,19-APR-2021,
OPTIDX,NIFTY,27-Jun-2024,12500,CE,0,0,0,3362.95,4490.65,0,0,0,0,19-APR-2021,
OPTIDX,NIFTY,27-Jun-2024,13000,CE,0,0,0,3107.8,4230.25,0,0,0,0,19-APR-2021,
OPTIDX,NIFTY,27-Jun-2024,13500,CE,0,0,0,2855.9,3982.55,0,0,0,0,19-APR-2021,
OPTIDX,NIFTY,27-Jun-2024,14000,CE,0,0,0,2914.15,3748.4,0,0,0,0,19-APR-2021,
OPTIDX,NIFTY,27-Jun-2024,14500,CE,0,0,0,2622.1,3526.7,0,0,0,0,19-APR-2021,
OPTIDX,NIFTY,27-Jun-2024,15000,CE,0,0,0,2564.05,3317.1,0,0,0,0,19-APR-2021,
OPTIDX,NIFTY,27-Jun-2024,15500,CE,0,0,0,2669.15,3119.15,0,0,0,0,19-APR-2021,
OPTIDX,NIFTY,27-Jun-2024,16000,CE,0,0,0,2666.1,2932.3,0,0,0,0,19-APR-2021,
OPTIDX,NIFTY,27-Jun-2024,16500,CE,0,0,0,2714,2756.1,0,0,0,0,19-APR-2021,
OPTIDX,NIFTY,27-Jun-2024,17000,CE,0,0,0,2803.35,2590.05,0,0,0,0,19-APR-2021,
OPTIDX,NIFTY,27-Jun-2024,17500,CE,0,0,0,2902.65,2433.7,0,0,0,0,19-APR-2021,
OPTIDX,NIFTY,27-Jun-2024,18000,CE,0,0,0,2971.1,2286.55,0,0,0,0,19-APR-2021,
OPTIDX,NIFTY,27-Jun-2024,11000,PE,0,0,0,920.25,753.7,0,0,0,0,19-APR-2021,
OPTIDX,NIFTY,27-Jun-2024,11500,PE,0,0,0,5284.5,895.7,0,0,0,0,19-APR-2021,
OPTIDX,NIFTY,27-Jun-2024,12000,PE,0,0,0,344.45,1051.55,0,0,0,0,19-APR-2021,
OPTIDX,NIFTY,27-Jun-2024,12500,PE,0,0,0,433.05,1221.15,0,0,0,0,19-APR-2021,
OPTIDX,NIFTY,27-Jun-2024,13000,PE,0,0,0,534.35,1404.3,0,0,0,0,19-APR-2021,
OPTIDX,NIFTY,27-Jun-2024,13500,PE,0,0,0,3290.1,1600.25,0,0,0,0,19-APR-2021,
OPTIDX,NIFTY,27-Jun-2024,14000,PE,0,0,0,3291.1,1809.7,0,0,0,0,19-APR-2021,
OPTIDX,NIFTY,27-Jun-2024,14500,PE,0,0,0,3347.75,2031.6,0,0,0,0,19-APR-2021,
OPTIDX,NIFTY,27-Jun-2024,15000,PE,0,0,0,3369.75,2265.6,0,0,0,0,19-APR-2021,
OPTIDX,NIFTY,27-Jun-2024,15500,PE,0,0,0,3419.65,2511.2,0,0,0,0,19-APR-2021,
OPTIDX,NIFTY,27-Jun-2024,16000,PE,0,0,0,3468.45,2767.95,0,0,0,0,19-APR-2021,
OPTIDX,NIFTY,27-Jun-2024,16500,PE,0,0,0,3468.9,3035.35,0,0,0,0,19-APR-2021,
OPTIDX,NIFTY,27-Jun-2024,17000,PE,0,0,0,3432.4,3312.9,0,0,0,0,19-APR-2021,
OPTIDX,NIFTY,27-Jun-2024,17500,PE,0,0,0,3519.45,3600.15,0,0,0,0,19-APR-2021,
OPTIDX,NIFTY,27-Jun-2024,18000,PE,0,0,0,3517.55,3896.6,0,0,0,0,19-APR-2021,
OPTIDX,NIFTY,26-Dec-2024,11000,CE,0,0,0,5114.9,5608.6,0,0,0,0,19-APR-2021,
OPTIDX,NIFTY,26-Dec-2024,11500,CE,0,0,0,3597,5318.05,0,0,0,0,19-APR-2021,
OPTIDX,NIFTY,26-Dec-2024,12000,CE,0,0,0,3269.05,5040.35,0,0,0,0,19-APR-2021,
OPTIDX,NIFTY,26-Dec-2024,12500,CE,0,0,0,2955.25,4775.3,0,0,0,0,19-APR-2021,
OPTIDX,NIFTY,26-Dec-2024,13000,CE,0,0,0,2657.35,4522.7,0,0,0,0,19-APR-2021,
OPTIDX,NIFTY,26-Dec-2024,13500,CE,0,0,0,3121.55,4281.7,0,0,0,0,19-APR-2021,
OPTIDX,NIFTY,26-Dec-2024,14000,CE,0,0,0,3189.4,4053.15,0,0,0,0,19-APR-2021,
OPTIDX,NIFTY,26-Dec-2024,14500,CE,0,0,0,2889.4,3835.95,0,0,0,0,19-APR-2021,
OPTIDX,NIFTY,26-Dec-2024,15000,CE,0,0,0,2836.7,3629.8,0,0,0,0,19-APR-2021,
OPTIDX,NIFTY,26-Dec-2024,15500,CE,0,0,0,2951.95,3434.25,0,0,0,0,19-APR-2021,
OPTIDX,NIFTY,26-Dec-2024,16000,CE,0,0,0,2954,3248.9,0,0,0,0,19-APR-2021,
OPTIDX,NIFTY,26-Dec-2024,16500,CE,0,0,0,3010.75,3073.25,0,0,0,0,19-APR-2021,
OPTIDX,NIFTY,26-Dec-2024,17000,CE,0,0,0,3111.95,2907,0,0,0,0,19-APR-2021,
OPTIDX,NIFTY,26-Dec-2024,17500,CE,0,0,0,3227.4,2749.6,0,0,0,0,19-APR-2021,
OPTIDX,NIFTY,26-Dec-2024,18000,CE,0,0,0,3305.85,2600.7,0,0,0,0,19-APR-2021,
OPTIDX,NIFTY,26-Dec-2024,11000,PE,0,0,0,989.65,827.5,0,0,0,0,19-APR-2021,
OPTIDX,NIFTY,26-Dec-2024,11500,PE,0,0,0,102.9,972.3,0,0,0,0,19-APR-2021,
OPTIDX,NIFTY,26-Dec-2024,12000,PE,0,0,0,150.3,1130,0,0,0,0,19-APR-2021,
OPTIDX,NIFTY,26-Dec-2024,12500,PE,0,0,0,211.85,1300.35,0,0,0,0,19-APR-2021,
OPTIDX,NIFTY,26-Dec-2024,13000,PE,0,0,0,289.25,1483.1,0,0,0,0,19-APR-2021,
OPTIDX,NIFTY,26-Dec-2024,13500,PE,0,0,0,3296.35,1677.5,0,0,0,0,19-APR-2021,
OPTIDX,NIFTY,26-Dec-2024,14000,PE,0,0,0,3299.85,1884.3,0,0,0,0,19-APR-2021,
OPTIDX,NIFTY,26-Dec-2024,14500,PE,0,0,0,3375.6,2102.5,0,0,0,0,19-APR-2021,
OPTIDX,NIFTY,26-Dec-2024,15000,PE,0,0,0,3397.7,2331.7,0,0,0,0,19-APR-2021,
OPTIDX,NIFTY,26-Dec-2024,15500,PE,0,0,0,3451.1,2571.55,0,0,0,0,19-APR-2021,
OPTIDX,NIFTY,26-Dec-2024,16000,PE,0,0,0,3504.15,2821.55,0,0,0,0,19-APR-2021,
OPTIDX,NIFTY,26-Dec-2024,16500,PE,0,0,0,3504.55,3081.35,0,0,0,0,19-APR-2021,
OPTIDX,NIFTY,26-Dec-2024,17000,PE,0,0,0,3470.15,3350.45,0,0,0,0,19-APR-2021,
OPTIDX,NIFTY,26-Dec-2024,17500,PE,0,0,0,3558.75,3628.45,0,0,0,0,19-APR-2021,
OPTIDX,NIFTY,26-Dec-2024,18000,PE,0,0,0,3557.65,3914.9,0,0,0,0,19-APR-2021,
OPTIDX,NIFTY,26-Jun-2025,11000,CE,0,0,0,5349.6,5849.9,0,0,0,0,19-APR-2021,
OPTIDX,NIFTY,26-Jun-2025,11500,CE,0,0,0,3691.9,5569.2,0,0,0,0,19-APR-2021,
OPTIDX,NIFTY,26-Jun-2025,12000,CE,0,0,0,3538.05,5300.5,0,0,0,0,19-APR-2021,
OPTIDX,NIFTY,26-Jun-2025,12500,CE,0,0,0,3391.95,5043.5,0,0,0,0,19-APR-2021,
OPTIDX,NIFTY,26-Jun-2025,13000,CE,0,0,0,3253.1,4798.05,0,0,0,0,19-APR-2021,
OPTIDX,NIFTY,26-Jun-2025,13500,CE,0,0,0,3373.4,4563.75,0,0,0,0,19-APR-2021,
OPTIDX,NIFTY,26-Jun-2025,14000,CE,0,0,0,3450.5,4339.85,0,0,0,0,19-APR-2021,
OPTIDX,NIFTY,26-Jun-2025,14500,CE,0,0,0,3143.2,4127,0,0,0,0,19-APR-2021,
OPTIDX,NIFTY,26-Jun-2025,15000,CE,0,0,0,3095.8,3924.35,0,0,0,0,19-APR-2021,
OPTIDX,NIFTY,26-Jun-2025,15500,CE,0,0,0,3220.5,3731.5,0,0,0,0,19-APR-2021,
OPTIDX,NIFTY,26-Jun-2025,16000,CE,0,0,0,3227.55,3548,0,0,0,0,19-APR-2021,
OPTIDX,NIFTY,26-Jun-2025,16500,CE,0,0,0,3292.75,3373.5,0,0,0,0,19-APR-2021,
OPTIDX,NIFTY,26-Jun-2025,17000,CE,0,0,0,3405.1,3207.65,0,0,0,0,19-APR-2021,
OPTIDX,NIFTY,26-Jun-2025,17500,CE,0,0,0,3535.55,3050.05,0,0,0,0,19-APR-2021,
OPTIDX,NIFTY,26-Jun-2025,18000,CE,0,0,0,3623.45,2900.3,0,0,0,0,19-APR-2021,
OPTIDX,NIFTY,26-Jun-2025,11000,PE,0,0,0,1049.1,891.35,0,0,0,0,19-APR-2021,
OPTIDX,NIFTY,26-Jun-2025,11500,PE,0,0,0,2501.3,1038,0,0,0,0,19-APR-2021,
OPTIDX,NIFTY,26-Jun-2025,12000,PE,0,0,0,960,1196.55,0,0,0,0,19-APR-2021,
OPTIDX,NIFTY,26-Jun-2025,12500,PE,0,0,0,2992.55,1366.9,0,0,0,0,19-APR-2021,
OPTIDX,NIFTY,26-Jun-2025,13000,PE,0,0,0,3249.25,1548.75,0,0,0,0,19-APR-2021,
OPTIDX,NIFTY,26-Jun-2025,13500,PE,0,0,0,3294.8,1741.75,0,0,0,0,19-APR-2021,
OPTIDX,NIFTY,26-Jun-2025,14000,PE,1699.95,1699.95,1699.95,1699.95,1945.2,2,23.54,825,0,19-APR-2021,
OPTIDX,NIFTY,26-Jun-2025,14500,PE,0,0,0,3394.5,2159.65,0,0,0,0,19-APR-2021,
OPTIDX,NIFTY,26-Jun-2025,15000,PE,0,0,0,2000,2384.35,0,0,675,0,19-APR-2021,
OPTIDX,NIFTY,26-Jun-2025,15500,PE,0,0,0,3473.05,2618.75,0,0,0,0,19-APR-2021,
OPTIDX,NIFTY,26-Jun-2025,16000,PE,0,0,0,3530,2862.6,0,0,0,0,19-APR-2021,
OPTIDX,NIFTY,26-Jun-2025,16500,PE,0,0,0,3530.15,3115.4,0,0,0,0,19-APR-2021,
OPTIDX,NIFTY,26-Jun-2025,17000,PE,0,0,0,3497.35,3376.9,0,0,0,0,19-APR-2021,
OPTIDX,NIFTY,26-Jun-2025,17500,PE,0,0,0,3586.8,3646.6,0,0,0,0,19-APR-2021,
OPTIDX,NIFTY,26-Jun-2025,18000,PE,0,0,0,3586.15,3924.15,0,0,0,0,19-APR-2021,
OPTIDX,NIFTY,24-Dec-2025,11000,CE,0,0,0,5571.55,6078.15,0,0,0,0,19-APR-2021,
OPTIDX,NIFTY,24-Dec-2025,11500,CE,0,0,0,5685.35,5806.4,0,0,0,0,19-APR-2021,
OPTIDX,NIFTY,24-Dec-2025,12000,CE,0,0,0,5440.7,5545.8,0,0,0,0,19-APR-2021,
OPTIDX,NIFTY,24-Dec-2025,12500,CE,0,0,0,5206.45,5296.15,0,0,0,0,19-APR-2021,
OPTIDX,NIFTY,24-Dec-2025,13000,CE,0,0,0,4982.35,5057.2,0,0,0,0,19-APR-2021,
OPTIDX,NIFTY,24-Dec-2025,13500,CE,0,0,0,4767.4,4828.65,0,0,0,0,19-APR-2021,
OPTIDX,NIFTY,24-Dec-2025,14000,CE,0,0,0,4562.55,4609.7,0,0,0,0,19-APR-2021,
OPTIDX,NIFTY,24-Dec-2025,14500,CE,0,0,0,4366.8,4401.05,0,0,0,0,19-APR-2021,
OPTIDX,NIFTY,24-Dec-2025,15000,CE,0,0,0,4179.8,4201.9,0,0,0,0,19-APR-2021,
OPTIDX,NIFTY,24-Dec-2025,15500,CE,0,0,0,4001.2,4011.85,0,0,0,0,19-APR-2021,
OPTIDX,NIFTY,24-Dec-2025,16000,CE,0,0,0,3830.6,3830.45,0,0,0,0,19-APR-2021,
OPTIDX,NIFTY,24-Dec-2025,16500,CE,0,0,0,3667.75,3657.45,0,0,0,0,19-APR-2021,
OPTIDX,NIFTY,24-Dec-2025,17000,CE,0,0,0,3683.2,3492.5,0,0,0,0,19-APR-2021,
OPTIDX,NIFTY,24-Dec-2025,17500,CE,0,0,0,3827.6,3335.25,0,0,0,0,19-APR-2021,
OPTIDX,NIFTY,24-Dec-2025,18000,CE,0,0,0,3924.55,3185.35,0,0,0,0,19-APR-2021,
OPTIDX,NIFTY,24-Dec-2025,11000,PE,0,0,0,1100,946.4,0,0,0,0,19-APR-2021,
OPTIDX,NIFTY,24-Dec-2025,11500,PE,0,0,0,1281.4,1094.1,0,0,0,0,19-APR-2021,
OPTIDX,NIFTY,24-Dec-2025,12000,PE,0,0,0,1453.2,1252.95,0,0,0,0,19-APR-2021,
OPTIDX,NIFTY,24-Dec-2025,12500,PE,0,0,0,1635.4,1422.75,0,0,0,0,19-APR-2021,
OPTIDX,NIFTY,24-Dec-2025,13000,PE,0,0,0,1827.7,1603.25,0,0,0,0,19-APR-2021,
OPTIDX,NIFTY,24-Dec-2025,13500,PE,0,0,0,2029.2,1794.15,0,0,0,0,19-APR-2021,
OPTIDX,NIFTY,24-Dec-2025,14000,PE,0,0,0,2240.75,1994.6,0,0,0,0,19-APR-2021,
OPTIDX,NIFTY,24-Dec-2025,14500,PE,0,0,0,2461.45,2205.4,0,0,0,0,19-APR-2021,
OPTIDX,NIFTY,24-Dec-2025,15000,PE,0,0,0,2690.9,2425.7,0,0,0,0,19-APR-2021,
OPTIDX,NIFTY,24-Dec-2025,15500,PE,0,0,0,2928.7,2655.05,0,0,0,0,19-APR-2021,
OPTIDX,NIFTY,24-Dec-2025,16000,PE,0,0,0,3174.55,2893.15,0,0,0,0,19-APR-2021,
OPTIDX,NIFTY,24-Dec-2025,16500,PE,0,0,0,3428.1,3139.6,0,0,0,0,19-APR-2021,
OPTIDX,NIFTY,24-Dec-2025,17000,PE,0,0,0,3515.75,3394.05,0,0,0,0,19-APR-2021,
OPTIDX,NIFTY,24-Dec-2025,17500,PE,0,0,0,3605.4,3656.25,0,0,0,0,19-APR-2021,
OPTIDX,NIFTY,24-Dec-2025,18000,PE,0,0,0,3605.05,3925.75,0,0,0,0,19-APR-2021,
OPTSTK,AARTIIND,29-Apr-2021,880,CE,0,0,0,285.5,521.4,0,0,0,0,19-APR-2021,
OPTSTK,AARTIIND,29-Apr-2021,900,CE,0,0,0,269.3,501.4,0,0,0,0,19-APR-2021,
OPTSTK,AARTIIND,29-Apr-2021,920,CE,0,0,0,253.65,481.45,0,0,0,0,19-APR-2021,
OPTSTK,AARTIIND,29-Apr-2021,940,CE,0,0,0,238.45,461.45,0,0,0,0,19-APR-2021,
OPTSTK,AARTIIND,29-Apr-2021,960,CE,0,0,0,223.85,441.45,0,0,0,0,19-APR-2021,
OPTSTK,AARTIIND,29-Apr-2021,980,CE,0,0,0,209.75,421.5,0,0,0,0,19-APR-2021,
OPTSTK,AARTIIND,29-Apr-2021,1000,CE,0,0,0,196.25,401.5,0,0,0,0,19-APR-2021,
OPTSTK,AARTIIND,29-Apr-2021,1020,CE,0,0,0,183.25,381.55,0,0,0,0,19-APR-2021,
OPTSTK,AARTIIND,29-Apr-2021,1040,CE,0,0,0,170.9,361.55,0,0,0,0,19-APR-2021,
OPTSTK,AARTIIND,29-Apr-2021,1060,CE,0,0,0,159.1,341.6,0,0,0,0,19-APR-2021,
OPTSTK,AARTIIND,29-Apr-2021,1080,CE,0,0,0,147.9,321.6,0,0,0,0,19-APR-2021,
OPTSTK,AARTIIND,29-Apr-2021,1100,CE,0,0,0,137.3,301.65,0,0,0,0,19-APR-2021,
OPTSTK,AARTIIND,29-Apr-2021,1120,CE,0,0,0,127.25,281.7,0,0,0,0,19-APR-2021,
OPTSTK,AARTIIND,29-Apr-2021,1140,CE,0,0,0,117.8,261.75,0,0,0,0,19-APR-2021,
OPTSTK,AARTIIND,29-Apr-2021,1160,CE,0,0,0,108.85,241.9,0,0,0,0,19-APR-2021,
OPTSTK,AARTIIND,29-Apr-2021,1180,CE,0,0,0,100.5,222.15,0,0,0,0,19-APR-2021,
OPTSTK,AARTIIND,29-Apr-2021,1200,CE,0,0,0,227,202.6,0,0,425,0,19-APR-2021,
OPTSTK,AARTIIND,29-Apr-2021,1220,CE,0,0,0,85.25,183.25,0,0,0,0,19-APR-2021,
OPTSTK,AARTIIND,29-Apr-2021,1240,CE,0,0,0,78.4,164.3,0,0,0,0,19-APR-2021,
OPTSTK,AARTIIND,29-Apr-2021,1260,CE,0,0,0,100,145.85,0,0,0,0,19-APR-2021,
OPTSTK,AARTIIND,29-Apr-2021,1280,CE,0,0,0,66.05,128.05,0,0,0,0,19-APR-2021,
OPTSTK,AARTIIND,29-Apr-2021,1300,CE,0,0,0,76.2,111.1,0,0,8075,0,19-APR-2021,
OPTSTK,AARTIIND,29-Apr-2021,1320,CE,0,0,0,79.35,95.2,0,0,3825,0,19-APR-2021,
OPTSTK,AARTIIND,29-Apr-2021,1340,CE,0,0,0,75,80.4,0,0,4250,0,19-APR-2021,
OPTSTK,AARTIIND,29-Apr-2021,1360,CE,50,73.1,50,73.1,73.1,9,54.4,10625,-850,19-APR-2021,
OPTSTK,AARTIIND,29-Apr-2021,1380,CE,44,47.9,44,47.9,55,2,12.12,2975,0,19-APR-2021,
OPTSTK,AARTIIND,29-Apr-2021,1400,CE,39.85,49.05,30.25,46.35,46.35,41,251.19,47175,3400,19-APR-2021,
OPTSTK,AARTIIND,29-Apr-2021,1420,CE,41.65,41.65,27.5,38.7,38.7,10,61.84,8075,0,19-APR-2021,
OPTSTK,AARTIIND,29-Apr-2021,1440,CE,23.4,30,19.5,28.3,28.3,17,105.82,15725,-850,19-APR-2021,
OPTSTK,AARTIIND,29-Apr-2021,1460,CE,15.05,25,13,22.85,22.85,49,308.23,11050,-5100,19-APR-2021,
OPTSTK,AARTIIND,29-Apr-2021,1480,CE,14,20.5,10.75,18.7,18.7,6,38.14,1700,-425,19-APR-2021,
OPTSTK,AARTIIND,29-Apr-2021,1500,CE,10.65,18,6.1,13.35,13.35,127,815.91,50575,-1275,19-APR-2021,
OPTSTK,AARTIIND,29-Apr-2021,1520,CE,18.4,18.4,17,17,8.8,2,13.07,1275,850,19-APR-2021,
OPTSTK,AARTIIND,29-Apr-2021,1540,CE,0,0,0,15,6.35,0,0,2125,0,19-APR-2021,
OPTSTK,AARTIIND,29-Apr-2021,1560,CE,0,0,0,8.95,4.5,0,0,1700,0,19-APR-2021,
OPTSTK,AARTIIND,29-Apr-2021,1580,CE,0,0,0,16.2,3.15,0,0,425,0,19-APR-2021,
OPTSTK,AARTIIND,29-Apr-2021,1600,CE,6,6,3,3.4,3.4,47,320.44,18700,425,19-APR-2021,
OPTSTK,AARTIIND,29-Apr-2021,1620,CE,0,0,0,13.2,1.45,0,0,0,0,19-APR-2021,
OPTSTK,AARTIIND,29-Apr-2021,1640,CE,0,0,0,11.9,1,0,0,0,0,19-APR-2021,
OPTSTK,AARTIIND,29-Apr-2021,1660,CE,0,0,0,10.75,0.65,0,0,0,0,19-APR-2021,
OPTSTK,AARTIIND,29-Apr-2021,1680,CE,0,0,0,10.55,0.45,0,0,0,0,19-APR-2021,
OPTSTK,AARTIIND,29-Apr-2021,880,PE,0,0,0,18.1,0,0,0,0,0,19-APR-2021,
OPTSTK,AARTIIND,29-Apr-2021,900,PE,0,0,0,21.75,0,0,0,0,0,19-APR-2021,
OPTSTK,AARTIIND,29-Apr-2021,920,PE,0,0,0,25.9,0,0,0,0,0,19-APR-2021,
OPTSTK,AARTIIND,29-Apr-2021,940,PE,0,0,0,30.5,0,0,0,0,0,19-APR-2021,
OPTSTK,AARTIIND,29-Apr-2021,960,PE,0,0,0,35.75,0,0,0,0,0,19-APR-2021,
OPTSTK,AARTIIND,29-Apr-2021,980,PE,0,0,0,41.45,0,0,0,0,0,19-APR-2021,
OPTSTK,AARTIIND,29-Apr-2021,1000,PE,0,0,0,47.75,0,0,0,0,0,19-APR-2021,
OPTSTK,AARTIIND,29-Apr-2021,1020,PE,0,0,0,54.55,0,0,0,0,0,19-APR-2021,
OPTSTK,AARTIIND,29-Apr-2021,1040,PE,0,0,0,62,0,0,0,0,0,19-APR-2021,
OPTSTK,AARTIIND,29-Apr-2021,1060,PE,0,0,0,70.05,0,0,0,0,0,19-APR-2021,
OPTSTK,AARTIIND,29-Apr-2021,1080,PE,0,0,0,78.65,0.05,0,0,0,0,19-APR-2021,
OPTSTK,AARTIIND,29-Apr-2021,1100,PE,2.4,2.4,2.4,2.4,0.05,1,4.68,4675,0,19-APR-2021,
OPTSTK,AARTIIND,29-Apr-2021,1120,PE,0,0,0,97.65,0.1,0,0,0,0,19-APR-2021,
OPTSTK,AARTIIND,29-Apr-2021,1140,PE,0,0,0,108,0.15,0,0,0,0,19-APR-2021,
OPTSTK,AARTIIND,29-Apr-2021,1160,PE,0,0,0,118.9,0.25,0,0,0,0,19-APR-2021,
OPTSTK,AARTIIND,29-Apr-2021,1180,PE,0,0,0,130.3,0.5,0,0,0,0,19-APR-2021,
OPTSTK,AARTIIND,29-Apr-2021,1200,PE,4,4.25,3.75,4,0.9,11,56.28,11475,425,19-APR-2021,
OPTSTK,AARTIIND,29-Apr-2021,1220,PE,0,0,0,154.75,1.55,0,0,0,0,19-APR-2021,
OPTSTK,AARTIIND,29-Apr-2021,1240,PE,0,0,0,167.65,2.55,0,0,0,0,19-APR-2021,
OPTSTK,AARTIIND,29-Apr-2021,1260,PE,0,0,0,8,4.05,0,0,850,0,19-APR-2021,
OPTSTK,AARTIIND,29-Apr-2021,1280,PE,0,0,0,6,6.25,0,0,425,0,19-APR-2021,
OPTSTK,AARTIIND,29-Apr-2021,1300,PE,15,15,10.1,10.15,10.15,9,50.18,18275,-1275,19-APR-2021,
OPTSTK,AARTIIND,29-Apr-2021,1320,PE,12.35,14.35,12.35,14.35,13.35,3,17,1275,1275,19-APR-2021,
OPTSTK,AARTIIND,29-Apr-2021,1340,PE,21.85,21.85,17.25,17.25,17.25,2,11.55,850,850,19-APR-2021,
OPTSTK,AARTIIND,29-Apr-2021,1360,PE,30.3,38.7,22.15,22.15,22.15,9,53.23,4675,850,19-APR-2021,
OPTSTK,AARTIIND,29-Apr-2021,1380,PE,0,0,0,270.25,33.1,0,0,0,0,19-APR-2021,
OPTSTK,AARTIIND,29-Apr-2021,1400,PE,52.95,66.4,37.25,38.15,38.15,6,36.88,4250,1275,19-APR-2021,
OPTSTK,AARTIIND,29-Apr-2021,1420,PE,0,0,0,302.7,53.4,0,0,0,0,19-APR-2021,
OPTSTK,AARTIIND,29-Apr-2021,1440,PE,0,0,0,319.35,65.7,0,0,0,0,19-APR-2021,
OPTSTK,AARTIIND,29-Apr-2021,1460,PE,0,0,0,336.25,79.35,0,0,0,0,19-APR-2021,
OPTSTK,AARTIIND,29-Apr-2021,1480,PE,0,0,0,353.4,94.2,0,0,0,0,19-APR-2021,
OPTSTK,AARTIIND,29-Apr-2021,1500,PE,0,0,0,370.8,110.05,0,0,0,0,19-APR-2021,
OPTSTK,AARTIIND,29-Apr-2021,1520,PE,0,0,0,388.4,126.8,0,0,0,0,19-APR-2021,
OPTSTK,AARTIIND,29-Apr-2021,1540,PE,0,0,0,406.15,144.35,0,0,0,0,19-APR-2021,
OPTSTK,AARTIIND,29-Apr-2021,1560,PE,0,0,0,424.15,162.45,0,0,0,0,19-APR-2021,
OPTSTK,AARTIIND,29-Apr-2021,1580,PE,0,0,0,442.25,181.1,0,0,0,0,19-APR-2021,
OPTSTK,AARTIIND,29-Apr-2021,1600,PE,0,0,0,460.55,200.1,0,0,0,0,19-APR-2021,
OPTSTK,AARTIIND,29-Apr-2021,1620,PE,0,0,0,478.95,219.35,0,0,0,0,19-APR-2021,
OPTSTK,AARTIIND,29-Apr-2021,1640,PE,0,0,0,497.5,238.85,0,0,0,0,19-APR-2021,
OPTSTK,AARTIIND,29-Apr-2021,1660,PE,0,0,0,516.15,258.5,0,0,0,0,19-APR-2021,
OPTSTK,AARTIIND,29-Apr-2021,1680,PE,0,0,0,516.25,278.25,0,0,0,0,19-APR-2021,
OPTSTK,AARTIIND,27-May-2021,880,CE,0,0,0,372.2,524,0,0,0,0,19-APR-2021,
OPTSTK,AARTIIND,27-May-2021,900,CE,0,0,0,354.4,504.1,0,0,0,0,19-APR-2021,
OPTSTK,AARTIIND,27-May-2021,920,CE,0,0,0,336.95,484.25,0,0,0,0,19-APR-2021,
OPTSTK,AARTIIND,27-May-2021,940,CE,0,0,0,319.85,464.4,0,0,0,0,19-APR-2021,
OPTSTK,AARTIIND,27-May-2021,960,CE,0,0,0,303.15,444.6,0,0,0,0,19-APR-2021,
OPTSTK,AARTIIND,27-May-2021,980,CE,0,0,0,286.9,424.85,0,0,0,0,19-APR-2021,
OPTSTK,AARTIIND,27-May-2021,1000,CE,0,0,0,271.1,405.2,0,0,0,0,19-APR-2021,
OPTSTK,AARTIIND,27-May-2021,1020,CE,0,0,0,255.75,385.6,0,0,0,0,19-APR-2021,
OPTSTK,AARTIIND,27-May-2021,1040,CE,0,0,0,240.95,366.2,0,0,0,0,19-APR-2021,
OPTSTK,AARTIIND,27-May-2021,1060,CE,0,0,0,226.6,346.9,0,0,0,0,19-APR-2021,
OPTSTK,AARTIIND,27-May-2021,1080,CE,0,0,0,212.8,327.85,0,0,0,0,19-APR-2021,
OPTSTK,AARTIIND,27-May-2021,1100,CE,0,0,0,199.5,309,0,0,0,0,19-APR-2021,
OPTSTK,AARTIIND,27-May-2021,1120,CE,0,0,0,186.8,290.45,0,0,0,0,19-APR-2021,
OPTSTK,AARTIIND,27-May-2021,1140,CE,0,0,0,174.65,272.3,0,0,0,0,19-APR-2021,
OPTSTK,AARTIIND,27-May-2021,1160,CE,0,0,0,163.05,254.45,0,0,0,0,19-APR-2021,
OPTSTK,AARTIIND,27-May-2021,1180,CE,0,0,0,152,237.1,0,0,0,0,19-APR-2021,
OPTSTK,AARTIIND,27-May-2021,1200,CE,0,0,0,141.5,220.25,0,0,0,0,19-APR-2021,
OPTSTK,AARTIIND,27-May-2021,1220,CE,0,0,0,131.55,203.9,0,0,0,0,19-APR-2021,
OPTSTK,AARTIIND,27-May-2021,1240,CE,0,0,0,122.15,188.2,0,0,0,0,19-APR-2021,
OPTSTK,AARTIIND,27-May-2021,1260,CE,0,0,0,113.3,173.15,0,0,0,0,19-APR-2021,
OPTSTK,AARTIIND,27-May-2021,1280,CE,0,0,0,104.9,158.7,0,0,0,0,19-APR-2021,
OPTSTK,AARTIIND,27-May-2021,1300,CE,0,0,0,97.05,144.9,0,0,0,0,19-APR-2021,
OPTSTK,AARTIIND,27-May-2021,1320,CE,0,0,0,89.65,131.95,0,0,0,0,19-APR-2021,
OPTSTK,AARTIIND,27-May-2021,1340,CE,0,0,0,82.7,119.7,0,0,0,0,19-APR-2021,
OPTSTK,AARTIIND,27-May-2021,1360,CE,0,0,0,76.25,108.25,0,0,0,0,19-APR-2021,
OPTSTK,AARTIIND,27-May-2021,1380,CE,0,0,0,70.2,97.5,0,0,0,0,19-APR-2021,
OPTSTK,AARTIIND,27-May-2021,1400,CE,0,0,0,64.55,87.55,0,0,0,0,19-APR-2021,
OPTSTK,AARTIIND,27-May-2021,1420,CE,0,0,0,70,78.35,0,0,425,0,19-APR-2021,
OPTSTK,AARTIIND,27-May-2021,1440,CE,0,0,0,54.5,69.85,0,0,0,0,19-APR-2021,
OPTSTK,AARTIIND,27-May-2021,1460,CE,0,0,0,50,62.1,0,0,0,0,19-APR-2021,
OPTSTK,AARTIIND,27-May-2021,1480,CE,0,0,0,45.8,55,0,0,0,0,19-APR-2021,
OPTSTK,AARTIIND,27-May-2021,1500,CE,0,0,0,41.95,48.55,0,0,0,0,19-APR-2021,
OPTSTK,AARTIIND,27-May-2021,1520,CE,0,0,0,38.3,42.7,0,0,0,0,19-APR-2021,
OPTSTK,AARTIIND,27-May-2021,1540,CE,0,0,0,35,37.55,0,0,0,0,19-APR-2021,
OPTSTK,AARTIIND,27-May-2021,1560,CE,0,0,0,31.95,32.85,0,0,0,0,19-APR-2021,
OPTSTK,AARTIIND,27-May-2021,1580,CE,0,0,0,29.15,28.6,0,0,0,0,19-APR-2021,
OPTSTK,AARTIIND,27-May-2021,1600,CE,0,0,0,26.55,24.85,0,0,0,0,19-APR-2021,
OPTSTK,AARTIIND,27-May-2021,1620,CE,0,0,0,24.2,21.55,0,0,0,0,19-APR-2021,
OPTSTK,AARTIIND,27-May-2021,1640,CE,0,0,0,22,18.65,0,0,0,0,19-APR-2021,
OPTSTK,AARTIIND,27-May-2021,1660,CE,0,0,0,20,16.05,0,0,0,0,19-APR-2021,
OPTSTK,AARTIIND,27-May-2021,1680,CE,0,0,0,18.2,13.8,0,0,0,0,19-APR-2021,
OPTSTK,AARTIIND,27-May-2021,880,PE,0,0,0,8.35,0.05,0,0,0,0,19-APR-2021,
OPTSTK,AARTIIND,27-May-2021,900,PE,0,0,0,10.4,0.1,0,0,0,0,19-APR-2021,
OPTSTK,AARTIIND,27-May-2021,920,PE,0,0,0,12.75,0.15,0,0,0,0,19-APR-2021,
OPTSTK,AARTIIND,27-May-2021,940,PE,0,0,0,15.45,0.25,0,0,0,0,19-APR-2021,
OPTSTK,AARTIIND,27-May-2021,960,PE,0,0,0,18.6,0.35,0,0,0,0,19-APR-2021,
OPTSTK,AARTIIND,27-May-2021,980,PE,0,0,0,22.15,0.55,0,0,0,0,19-APR-2021,
OPTSTK,AARTIIND,27-May-2021,1000,PE,0,0,0,26.15,0.8,0,0,0,0,19-APR-2021,
OPTSTK,AARTIIND,27-May-2021,1020,PE,0,0,0,30.6,1.15,0,0,0,0,19-APR-2021,
OPTSTK,AARTIIND,27-May-2021,1040,PE,0,0,0,35.6,1.65,0,0,0,0,19-APR-2021,
OPTSTK,AARTIIND,27-May-2021,1060,PE,0,0,0,41.1,2.3,0,0,0,0,19-APR-2021,
OPTSTK,AARTIIND,27-May-2021,1080,PE,0,0,0,47.1,3.15,0,0,0,0,19-APR-2021,
OPTSTK,AARTIIND,27-May-2021,1100,PE,0,0,0,53.6,4.2,0,0,0,0,19-APR-2021,
OPTSTK,AARTIIND,27-May-2021,1120,PE,0,0,0,60.7,5.6,0,0,0,0,19-APR-2021,
OPTSTK,AARTIIND,27-May-2021,1140,PE,0,0,0,68.4,7.35,0,0,0,0,19-APR-2021,
OPTSTK,AARTIIND,27-May-2021,1160,PE,0,0,0,76.6,9.45,0,0,0,0,19-APR-2021,
OPTSTK,AARTIIND,27-May-2021,1180,PE,0,0,0,85.4,12,0,0,0,0,19-APR-2021,
OPTSTK,AARTIIND,27-May-2021,1200,PE,0,0,0,94.7,15.05,0,0,0,0,19-APR-2021,
OPTSTK,AARTIIND,27-May-2021,1220,PE,0,0,0,104.55,18.65,0,0,0,0,19-APR-2021,
OPTSTK,AARTIIND,27-May-2021,1240,PE,0,0,0,115,22.85,0,0,0,0,19-APR-2021,
OPTSTK,AARTIIND,27-May-2021,1260,PE,0,0,0,125.9,27.75,0,0,0,0,19-APR-2021,
OPTSTK,AARTIIND,27-May-2021,1280,PE,0,0,0,137.35,33.2,0,0,0,0,19-APR-2021,
OPTSTK,AARTIIND,27-May-2021,1300,PE,0,0,0,149.3,39.35,0,0,0,0,19-APR-2021,
OPTSTK,AARTIIND,27-May-2021,1320,PE,0,0,0,161.7,46.3,0,0,0,0,19-APR-2021,
OPTSTK,AARTIIND,27-May-2021,1340,PE,0,0,0,174.6,54,0,0,0,0,19-APR-2021,
OPTSTK,AARTIIND,27-May-2021,1360,PE,0,0,0,187.95,62.45,0,0,0,0,19-APR-2021,
OPTSTK,AARTIIND,27-May-2021,1380,PE,0,0,0,201.7,71.65,0,0,0,0,19-APR-2021,
OPTSTK,AARTIIND,27-May-2021,1400,PE,0,0,0,215.85,81.6,0,0,0,0,19-APR-2021,
OPTSTK,AARTIIND,27-May-2021,1420,PE,0,0,0,230.45,92.3,0,0,0,0,19-APR-2021,
OPTSTK,AARTIIND,27-May-2021,1440,PE,0,0,0,245.45,103.75,0,0,0,0,19-APR-2021,
OPTSTK,AARTIIND,27-May-2021,1460,PE,0,0,0,260.75,115.9,0,0,0,0,19-APR-2021,
OPTSTK,AARTIIND,27-May-2021,1480,PE,0,0,0,276.4,128.75,0,0,0,0,19-APR-2021,
OPTSTK,AARTIIND,27-May-2021,1500,PE,0,0,0,292.3,142.2,0,0,0,0,19-APR-2021,
OPTSTK,AARTIIND,27-May-2021,1520,PE,0,0,0,308.5,156.3,0,0,0,0,19-APR-2021,
OPTSTK,AARTIIND,27-May-2021,1540,PE,0,0,0,325,171.05,0,0,0,0,19-APR-2021,
OPTSTK,AARTIIND,27-May-2021,1560,PE,0,0,0,341.8,186.3,0,0,0,0,19-APR-2021,
OPTSTK,AARTIIND,27-May-2021,1580,PE,0,0,0,358.8,201.95,0,0,0,0,19-APR-2021,
OPTSTK,AARTIIND,27-May-2021,1600,PE,0,0,0,376,218.15,0,0,0,0,19-APR-2021,
OPTSTK,AARTIIND,27-May-2021,1620,PE,0,0,0,393.45,234.75,0,0,0,0,19-APR-2021,
OPTSTK,AARTIIND,27-May-2021,1640,PE,0,0,0,411.1,251.75,0,0,0,0,19-APR-2021,
OPTSTK,AARTIIND,27-May-2021,1660,PE,0,0,0,428.9,269.1,0,0,0,0,19-APR-2021,
OPTSTK,AARTIIND,27-May-2021,1680,PE,0,0,0,446.9,286.75,0,0,0,0,19-APR-2021,
OPTSTK,AARTIIND,24-Jun-2021,880,CE,0,0,0,447.95,527.15,0,0,0,0,19-APR-2021,
OPTSTK,AARTIIND,24-Jun-2021,900,CE,0,0,0,429.25,507.55,0,0,0,0,19-APR-2021,
OPTSTK,AARTIIND,24-Jun-2021,920,CE,0,0,0,410.8,488.05,0,0,0,0,19-APR-2021,
OPTSTK,AARTIIND,24-Jun-2021,940,CE,0,0,0,392.6,468.7,0,0,0,0,19-APR-2021,
OPTSTK,AARTIIND,24-Jun-2021,960,CE,0,0,0,374.7,449.4,0,0,0,0,19-APR-2021,
OPTSTK,AARTIIND,24-Jun-2021,980,CE,0,0,0,357.15,430.3,0,0,0,0,19-APR-2021,
OPTSTK,AARTIIND,24-Jun-2021,1000,CE,0,0,0,339.9,411.4,0,0,0,0,19-APR-2021,
OPTSTK,AARTIIND,24-Jun-2021,1020,CE,0,0,0,323,392.7,0,0,0,0,19-APR-2021,
OPTSTK,AARTIIND,24-Jun-2021,1040,CE,0,0,0,306.55,374.25,0,0,0,0,19-APR-2021,
OPTSTK,AARTIIND,24-Jun-2021,1060,CE,0,0,0,290.5,356.1,0,0,0,0,19-APR-2021,
OPTSTK,AARTIIND,24-Jun-2021,1080,CE,0,0,0,274.9,338.2,0,0,0,0,19-APR-2021,
OPTSTK,AARTIIND,24-Jun-2021,1100,CE,0,0,0,259.75,320.7,0,0,0,0,19-APR-2021,
OPTSTK,AARTIIND,24-Jun-2021,1120,CE,0,0,0,245.1,303.55,0,0,0,0,19-APR-2021,
OPTSTK,AARTIIND,24-Jun-2021,1140,CE,0,0,0,230.95,286.8,0,0,0,0,19-APR-2021,
OPTSTK,AARTIIND,24-Jun-2021,1160,CE,0,0,0,217.3,270.5,0,0,0,0,19-APR-2021,
OPTSTK,AARTIIND,24-Jun-2021,1180,CE,0,0,0,204.1,254.65,0,0,0,0,19-APR-2021,
OPTSTK,AARTIIND,24-Jun-2021,1200,CE,0,0,0,191.5,239.3,0,0,0,0,19-APR-2021,
OPTSTK,AARTIIND,24-Jun-2021,1220,CE,0,0,0,179.45,224.5,0,0,0,0,19-APR-2021,
OPTSTK,AARTIIND,24-Jun-2021,1240,CE,0,0,0,167.9,210.2,0,0,0,0,19-APR-2021,
OPTSTK,AARTIIND,24-Jun-2021,1260,CE,0,0,0,156.9,196.35,0,0,0,0,19-APR-2021,
OPTSTK,AARTIIND,24-Jun-2021,1280,CE,0,0,0,146.4,183.15,0,0,0,0,19-APR-2021,
OPTSTK,AARTIIND,24-Jun-2021,1300,CE,0,0,0,136.45,170.55,0,0,0,0,19-APR-2021,
OPTSTK,AARTIIND,24-Jun-2021,1320,CE,0,0,0,127.05,158.5,0,0,0,0,19-APR-2021,
OPTSTK,AARTIIND,24-Jun-2021,1340,CE,0,0,0,118.1,147.1,0,0,0,0,19-APR-2021,
OPTSTK,AARTIIND,24-Jun-2021,1360,CE,0,0,0,109.7,136.2,0,0,0,0,19-APR-2021,
OPTSTK,AARTIIND,24-Jun-2021,1380,CE,0,0,0,101.75,125.95,0,0,0,0,19-APR-2021,
OPTSTK,AARTIIND,24-Jun-2021,1400,CE,0,0,0,94.25,116.2,0,0,0,0,19-APR-2021,
OPTSTK,AARTIIND,24-Jun-2021,1420,CE,0,0,0,87.2,107.1,0,0,0,0,19-APR-2021,
OPTSTK,AARTIIND,24-Jun-2021,1440,CE,0,0,0,80.6,98.5,0,0,0,0,19-APR-2021,
OPTSTK,AARTIIND,24-Jun-2021,1460,CE,0,0,0,74.45,90.45,0,0,0,0,19-APR-2021,
OPTSTK,AARTIIND,24-Jun-2021,1480,CE,0,0,0,68.65,82.9,0,0,0,0,19-APR-2021,
OPTSTK,AARTIIND,24-Jun-2021,1500,CE,0,0,0,63.25,75.9,0,0,0,0,19-APR-2021,
OPTSTK,AARTIIND,24-Jun-2021,1520,CE,0,0,0,58.3,69.35,0,0,0,0,19-APR-2021,
OPTSTK,AARTIIND,24-Jun-2021,1540,CE,0,0,0,53.65,63.3,0,0,0,0,19-APR-2021,
OPTSTK,AARTIIND,24-Jun-2021,1560,CE,0,0,0,49.3,57.65,0,0,0,0,19-APR-2021,
OPTSTK,AARTIIND,24-Jun-2021,1580,CE,0,0,0,45.3,52.5,0,0,0,0,19-APR-2021,
OPTSTK,AARTIIND,24-Jun-2021,1600,CE,0,0,0,41.5,47.7,0,0,0,0,19-APR-2021,
OPTSTK,AARTIIND,24-Jun-2021,1620,CE,0,0,0,38.05,43.3,0,0,0,0,19-APR-2021,
OPTSTK,AARTIIND,24-Jun-2021,1640,CE,0,0,0,34.85,39.25,0,0,0,0,19-APR-2021,
OPTSTK,AARTIIND,24-Jun-2021,1660,CE,0,0,0,31.85,35.5,0,0,0,0,19-APR-2021,
OPTSTK,AARTIIND,24-Jun-2021,1680,CE,0,0,0,29.15,32.05,0,0,0,0,19-APR-2021,
OPTSTK,AARTIIND,24-Jun-2021,880,PE,0,0,0,4.15,0.7,0,0,0,0,19-APR-2021,
OPTSTK,AARTIIND,24-Jun-2021,900,PE,0,0,0,5.3,1,0,0,0,0,19-APR-2021,
OPTSTK,AARTIIND,24-Jun-2021,920,PE,0,0,0,6.65,1.35,0,0,0,0,19-APR-2021,
OPTSTK,AARTIIND,24-Jun-2021,940,PE,0,0,0,8.25,1.8,0,0,0,0,19-APR-2021,
OPTSTK,AARTIIND,24-Jun-2021,960,PE,0,0,0,10.2,2.45,0,0,0,0,19-APR-2021,
OPTSTK,AARTIIND,24-Jun-2021,980,PE,0,0,0,12.4,3.2,0,0,0,0,19-APR-2021,
OPTSTK,AARTIIND,24-Jun-2021,1000,PE,0,0,0,15,4.15,0,0,0,0,19-APR-2021,
OPTSTK,AARTIIND,24-Jun-2021,1020,PE,0,0,0,17.95,5.3,0,0,0,0,19-APR-2021,
OPTSTK,AARTIIND,24-Jun-2021,1040,PE,0,0,0,21.25,6.75,0,0,0,0,19-APR-2021,
OPTSTK,AARTIIND,24-Jun-2021,1060,PE,0,0,0,25.05,8.4,0,0,0,0,19-APR-2021,
OPTSTK,AARTIIND,24-Jun-2021,1080,PE,0,0,0,29.25,10.4,0,0,0,0,19-APR-2021,
OPTSTK,AARTIIND,24-Jun-2021,1100,PE,0,0,0,33.9,12.75,0,0,0,0,19-APR-2021,
OPTSTK,AARTIIND,24-Jun-2021,1120,PE,0,0,0,39.1,15.45,0,0,0,0,19-APR-2021,
OPTSTK,AARTIIND,24-Jun-2021,1140,PE,0,0,0,44.75,18.6,0,0,0,0,19-APR-2021,
OPTSTK,AARTIIND,24-Jun-2021,1160,PE,0,0,0,50.9,22.15,0,0,0,0,19-APR-2021,
OPTSTK,AARTIIND,24-Jun-2021,1180,PE,0,0,0,57.5,26.2,0,0,0,0,19-APR-2021,
OPTSTK,AARTIIND,24-Jun-2021,1200,PE,0,0,0,64.75,30.7,0,0,0,0,19-APR-2021,
OPTSTK,AARTIIND,24-Jun-2021,1220,PE,0,0,0,72.5,35.75,0,0,0,0,19-APR-2021,
OPTSTK,AARTIIND,24-Jun-2021,1240,PE,0,0,0,80.75,41.3,0,0,0,0,19-APR-2021,
OPTSTK,AARTIIND,24-Jun-2021,1260,PE,0,0,0,89.55,47.35,0,0,0,0,19-APR-2021,
OPTSTK,AARTIIND,24-Jun-2021,1280,PE,0,0,0,98.9,54,0,0,0,0,19-APR-2021,
OPTSTK,AARTIIND,24-Jun-2021,1300,PE,0,0,0,108.75,61.25,0,0,0,0,19-APR-2021,
OPTSTK,AARTIIND,24-Jun-2021,1320,PE,0,0,0,119.15,69.1,0,0,0,0,19-APR-2021,
OPTSTK,AARTIIND,24-Jun-2021,1340,PE,0,0,0,130.05,77.5,0,0,0,0,19-APR-2021,
OPTSTK,AARTIIND,24-Jun-2021,1360,PE,0,0,0,141.4,86.5,0,0,0,0,19-APR-2021,
OPTSTK,AARTIIND,24-Jun-2021,1380,PE,0,0,0,153.3,96.1,0,0,0,0,19-APR-2021,
OPTSTK,AARTIIND,24-Jun-2021,1400,PE,0,0,0,165.6,106.25,0,0,0,0,19-APR-2021,
OPTSTK,AARTIIND,24-Jun-2021,1420,PE,0,0,0,178.4,117,0,0,0,0,19-APR-2021,
OPTSTK,AARTIIND,24-Jun-2021,1440,PE,0,0,0,191.6,128.25,0,0,0,0,19-APR-2021,
OPTSTK,AARTIIND,24-Jun-2021,1460,PE,0,0,0,205.25,140.05,0,0,0,0,19-APR-2021,
OPTSTK,AARTIIND,24-Jun-2021,1480,PE,0,0,0,219.3,152.4,0,0,0,0,19-APR-2021,
OPTSTK,AARTIIND,24-Jun-2021,1500,PE,0,0,0,233.7,165.25,0,0,0,0,19-APR-2021,
OPTSTK,AARTIIND,24-Jun-2021,1520,PE,0,0,0,248.55,178.6,0,0,0,0,19-APR-2021,
OPTSTK,AARTIIND,24-Jun-2021,1540,PE,0,0,0,263.7,192.35,0,0,0,0,19-APR-2021,
OPTSTK,AARTIIND,24-Jun-2021,1560,PE,0,0,0,279.2,206.6,0,0,0,0,19-APR-2021,
OPTSTK,AARTIIND,24-Jun-2021,1580,PE,0,0,0,295,221.35,0,0,0,0,19-APR-2021,
OPTSTK,AARTIIND,24-Jun-2021,1600,PE,0,0,0,311,236.4,0,0,0,0,19-APR-2021,
OPTSTK,AARTIIND,24-Jun-2021,1620,PE,0,0,0,327.35,251.85,0,0,0,0,19-APR-2021,
OPTSTK,AARTIIND,24-Jun-2021,1640,PE,0,0,0,343.95,267.7,0,0,0,0,19-APR-2021,
OPTSTK,AARTIIND,24-Jun-2021,1660,PE,0,0,0,360.8,283.75,0,0,0,0,19-APR-2021,
OPTSTK,AARTIIND,24-Jun-2021,1680,PE,0,0,0,377.9,300.2,0,0,0,0,19-APR-2021,
OPTSTK,ACC,29-Apr-2021,1140,CE,0,0,0,506.05,737.9,0,0,0,0,19-APR-2021,
OPTSTK,ACC,29-Apr-2021,1160,CE,0,0,0,486.9,717.9,0,0,0,0,19-APR-2021,
OPTSTK,ACC,29-Apr-2021,1180,CE,0,0,0,467.9,697.95,0,0,0,0,19-APR-2021,
OPTSTK,ACC,29-Apr-2021,1200,CE,0,0,0,449.1,677.95,0,0,0,0,19-APR-2021,
OPTSTK,ACC,29-Apr-2021,1220,CE,0,0,0,430.45,658,0,0,0,0,19-APR-2021,
OPTSTK,ACC,29-Apr-2021,1240,CE,0,0,0,412.05,638,0,0,0,0,19-APR-2021,
OPTSTK,ACC,29-Apr-2021,1260,CE,0,0,0,393.9,618,0,0,0,0,19-APR-2021,
OPTSTK,ACC,29-Apr-2021,1280,CE,0,0,0,376,598.05,0,0,0,0,19-APR-2021,
OPTSTK,ACC,29-Apr-2021,1300,CE,0,0,0,358.45,578.05,0,0,0,0,19-APR-2021,
OPTSTK,ACC,29-Apr-2021,1320,CE,0,0,0,341.15,558.1,0,0,0,0,19-APR-2021,
OPTSTK,ACC,29-Apr-2021,1340,CE,0,0,0,324.25,538.1,0,0,0,0,19-APR-2021,
OPTSTK,ACC,29-Apr-2021,1360,CE,0,0,0,307.75,518.1,0,0,0,0,19-APR-2021,
OPTSTK,ACC,29-Apr-2021,1380,CE,0,0,0,291.6,498.15,0,0,0,0,19-APR-2021,
OPTSTK,ACC,29-Apr-2021,1400,CE,0,0,0,429.85,478.15,0,0,500,0,19-APR-2021,
OPTSTK,ACC,29-Apr-2021,1420,CE,0,0,0,260.65,458.2,0,0,0,0,19-APR-2021,
OPTSTK,ACC,29-Apr-2021,1440,CE,0,0,0,245.9,438.2,0,0,0,0,19-APR-2021,
OPTSTK,ACC,29-Apr-2021,1460,CE,0,0,0,231.55,418.2,0,0,0,0,19-APR-2021,
OPTSTK,ACC,29-Apr-2021,1480,CE,0,0,0,217.7,398.25,0,0,0,0,19-APR-2021,
OPTSTK,ACC,29-Apr-2021,1500,CE,0,0,0,204.35,378.25,0,0,0,0,19-APR-2021,
OPTSTK,ACC,29-Apr-2021,1520,CE,0,0,0,191.55,358.3,0,0,0,0,19-APR-2021,
OPTSTK,ACC,29-Apr-2021,1540,CE,0,0,0,179.25,338.35,0,0,0,0,19-APR-2021,
OPTSTK,ACC,29-Apr-2021,1560,CE,0,0,0,167.5,318.35,0,0,0,0,19-APR-2021,
OPTSTK,ACC,29-Apr-2021,1580,CE,0,0,0,156.3,298.45,0,0,0,0,19-APR-2021,
OPTSTK,ACC,29-Apr-2021,1600,CE,0,0,0,145.6,278.55,0,0,0,0,19-APR-2021,
OPTSTK,ACC,29-Apr-2021,1620,CE,0,0,0,135.45,258.75,0,0,0,0,19-APR-2021,
OPTSTK,ACC,29-Apr-2021,1640,CE,0,0,0,125.8,239.05,0,0,0,0,19-APR-2021,
OPTSTK,ACC,29-Apr-2021,1660,CE,0,0,0,116.7,219.5,0,0,0,0,19-APR-2021,
OPTSTK,ACC,29-Apr-2021,1680,CE,0,0,0,108.05,200.2,0,0,0,0,19-APR-2021,
OPTSTK,ACC,29-Apr-2021,1700,CE,0,0,0,225,181.25,0,0,1500,0,19-APR-2021,
OPTSTK,ACC,29-Apr-2021,1720,CE,149.05,149.05,149.05,149.05,162.75,1,9.34,500,0,19-APR-2021,
OPTSTK,ACC,29-Apr-2021,1740,CE,0,0,0,130,144.85,0,0,500,0,19-APR-2021,
OPTSTK,ACC,29-Apr-2021,1760,CE,0,0,0,180,127.6,0,0,500,0,19-APR-2021,
OPTSTK,ACC,29-Apr-2021,1780,CE,84.75,84.75,84.75,84.75,111.3,1,9.32,2000,500,19-APR-2021,
OPTSTK,ACC,29-Apr-2021,1800,CE,84,111.5,78,105.4,105.4,41,388.87,23500,0,19-APR-2021,
OPTSTK,ACC,29-Apr-2021,1820,CE,78.45,78.45,67,74.2,81.75,9,85.04,5500,-500,19-APR-2021,
OPTSTK,ACC,29-Apr-2021,1840,CE,68.15,81.5,55,80.2,80.2,188,1791.2,23500,14000,19-APR-2021,
OPTSTK,ACC,29-Apr-2021,1860,CE,55,69,45,67.3,67.3,1301,12474.45,80000,51500,19-APR-2021,
OPTSTK,ACC,29-Apr-2021,1880,CE,60,60,37.5,56.85,56.85,662,6389.02,70000,23000,19-APR-2021,
OPTSTK,ACC,29-Apr-2021,1900,CE,40.65,50.45,31,47.4,47.4,2585,25084.18,265000,114500,19-APR-2021,
OPTSTK,ACC,29-Apr-2021,1920,CE,33.25,40.6,26,39.3,39.3,703,6869.54,112500,35000,19-APR-2021,
OPTSTK,ACC,29-Apr-2021,1940,CE,25,34,20.4,32.6,32.6,536,5276.31,126000,64000,19-APR-2021,
OPTSTK,ACC,29-Apr-2021,1960,CE,21,28.1,16.85,26.75,26.75,583,5780.24,114500,35500,19-APR-2021,
OPTSTK,ACC,29-Apr-2021,1980,CE,9,23.5,7.8,22.45,22.45,293,2928.95,80500,37000,19-APR-2021,
OPTSTK,ACC,29-Apr-2021,2000,CE,13.1,20.15,11.5,19.2,19.2,1779,17934.96,562500,164000,19-APR-2021,
OPTSTK,ACC,29-Apr-2021,2020,CE,10.1,16.95,10.1,15.85,15.85,227,2308,90500,28500,19-APR-2021,
OPTSTK,ACC,29-Apr-2021,2040,CE,2.55,13.2,2.55,12.5,12.5,273,2799.15,90500,21000,19-APR-2021,
OPTSTK,ACC,29-Apr-2021,2060,CE,8.05,10.9,6.3,10.35,10.35,120,1241.24,72500,27500,19-APR-2021,
OPTSTK,ACC,29-Apr-2021,2080,CE,6.5,6.5,5.9,6.5,2.9,7,73.02,19500,2500,19-APR-2021,
OPTSTK,ACC,29-Apr-2021,2100,CE,6.4,8.4,4.4,7.65,7.65,849,8941.7,199000,29500,19-APR-2021,
OPTSTK,ACC,29-Apr-2021,2120,CE,3.2,7,3.2,6.6,6.6,46,488.81,10500,5000,19-APR-2021,
OPTSTK,ACC,29-Apr-2021,2140,CE,3.5,5.9,3.4,5.5,5.5,24,257.39,16000,-2000,19-APR-2021,
OPTSTK,ACC,29-Apr-2021,2160,CE,3.35,4,3.35,3.95,3.95,4,43.27,4000,0,19-APR-2021,
OPTSTK,ACC,29-Apr-2021,2180,CE,0,0,0,2.25,0.45,0,0,500,0,19-APR-2021,
OPTSTK,ACC,29-Apr-2021,2200,CE,3.55,4,2.3,3.65,3.65,368,4053.95,169000,-2500,19-APR-2021,
OPTSTK,ACC,29-Apr-2021,2220,CE,0,0,0,8.5,0.2,0,0,0,0,19-APR-2021,
OPTSTK,ACC,29-Apr-2021,2240,CE,0,0,0,7.65,0.15,0,0,0,0,19-APR-2021,
OPTSTK,ACC,29-Apr-2021,2260,CE,1.45,1.45,1.45,1.45,1.45,1,11.3,8500,0,19-APR-2021,
OPTSTK,ACC,29-Apr-2021,2280,CE,0,0,0,1.55,0.05,0,0,7000,0,19-APR-2021,
OPTSTK,ACC,29-Apr-2021,2300,CE,1.05,1.7,1.05,1.7,1.7,10,115.07,8500,3000,19-APR-2021,
OPTSTK,ACC,29-Apr-2021,2320,CE,0,0,0,4.9,0.05,0,0,0,0,19-APR-2021,
OPTSTK,ACC,29-Apr-2021,2340,CE,0,0,0,5.9,0.05,0,0,0,0,19-APR-2021,
OPTSTK,ACC,29-Apr-2021,1140,PE,0,0,0,2.4,0,0,0,0,0,19-APR-2021,
OPTSTK,ACC,29-Apr-2021,1160,PE,0,0,0,3.05,0,0,0,0,0,19-APR-2021,
OPTSTK,ACC,29-Apr-2021,1180,PE,0,0,0,3.9,0,0,0,0,0,19-APR-2021,
OPTSTK,ACC,29-Apr-2021,1200,PE,0,0,0,4.85,0,0,0,0,0,19-APR-2021,
OPTSTK,ACC,29-Apr-2021,1220,PE,0,0,0,6.05,0,0,0,0,0,19-APR-2021,
OPTSTK,ACC,29-Apr-2021,1240,PE,0,0,0,7.5,0,0,0,0,0,19-APR-2021,
OPTSTK,ACC,29-Apr-2021,1260,PE,0,0,0,9.15,0,0,0,0,0,19-APR-2021,
OPTSTK,ACC,29-Apr-2021,1280,PE,0,0,0,11.05,0,0,0,0,0,19-APR-2021,
OPTSTK,ACC,29-Apr-2021,1300,PE,0,0,0,13.3,0,0,0,0,0,19-APR-2021,
OPTSTK,ACC,29-Apr-2021,1320,PE,0,0,0,15.85,0,0,0,0,0,19-APR-2021,
OPTSTK,ACC,29-Apr-2021,1340,PE,0,0,0,18.75,0,0,0,0,0,19-APR-2021,
OPTSTK,ACC,29-Apr-2021,1360,PE,0,0,0,22.05,0,0,0,0,0,19-APR-2021,
OPTSTK,ACC,29-Apr-2021,1380,PE,0,0,0,25.75,0,0,0,0,0,19-APR-2021,
OPTSTK,ACC,29-Apr-2021,1400,PE,0,0,0,0.15,0,0,0,1500,0,19-APR-2021,
OPTSTK,ACC,29-Apr-2021,1420,PE,0,0,0,34.4,0,0,0,0,0,19-APR-2021,
OPTSTK,ACC,29-Apr-2021,1440,PE,0,0,0,39.45,0,0,0,0,0,19-APR-2021,
OPTSTK,ACC,29-Apr-2021,1460,PE,0,0,0,44.95,0,0,0,0,0,19-APR-2021,
OPTSTK,ACC,29-Apr-2021,1480,PE,0,0,0,50.9,0,0,0,0,0,19-APR-2021,
OPTSTK,ACC,29-Apr-2021,1500,PE,0,0,0,0.5,0.05,0,0,1500,0,19-APR-2021,
OPTSTK,ACC,29-Apr-2021,1520,PE,0,0,0,64.35,0.05,0,0,0,0,19-APR-2021,
OPTSTK,ACC,29-Apr-2021,1540,PE,0,0,0,71.9,0.05,0,0,0,0,19-APR-2021,
OPTSTK,ACC,29-Apr-2021,1560,PE,0,0,0,79.95,0.05,0,0,0,0,19-APR-2021,
OPTSTK,ACC,29-Apr-2021,1580,PE,0,0,0,5.9,0.1,0,0,0,0,19-APR-2021,
OPTSTK,ACC,29-Apr-2021,1600,PE,5,5.5,3,3.35,3.35,144,1154.89,70000,11500,19-APR-2021,
OPTSTK,ACC,29-Apr-2021,1620,PE,0,0,0,107.35,0.4,0,0,0,0,19-APR-2021,
OPTSTK,ACC,29-Apr-2021,1640,PE,0,0,0,117.5,0.65,0,0,0,0,19-APR-2021,
OPTSTK,ACC,29-Apr-2021,1660,PE,7.15,8.5,7.15,8.5,1.1,11,91.72,5500,3500,19-APR-2021,
OPTSTK,ACC,29-Apr-2021,1680,PE,0,0,0,139.4,1.8,0,0,0,0,19-APR-2021,
OPTSTK,ACC,29-Apr-2021,1700,PE,8,15.85,6.9,8.7,8.7,733,6269.29,128000,33500,19-APR-2021,
OPTSTK,ACC,29-Apr-2021,1720,PE,10,10,10,10,4.3,1,8.65,6500,0,19-APR-2021,
OPTSTK,ACC,29-Apr-2021,1740,PE,19.85,22.35,12.1,14.05,14.05,59,518.29,8500,-500,19-APR-2021,
OPTSTK,ACC,29-Apr-2021,1760,PE,15,30,14.5,16.4,16.4,390,3470.5,71000,27500,19-APR-2021,
OPTSTK,ACC,29-Apr-2021,1780,PE,20.75,35.9,18.2,19.95,19.95,170,1534.37,25000,5500,19-APR-2021,
OPTSTK,ACC,29-Apr-2021,1800,PE,30.05,43,22,24.3,24.3,1269,11619.18,169000,28500,19-APR-2021,
OPTSTK,ACC,29-Apr-2021,1820,PE,37,51.2,27.05,29.8,29.8,321,2980.71,43000,31000,19-APR-2021,
OPTSTK,ACC,29-Apr-2021,1840,PE,44.3,62.3,34,36.8,36.8,549,5183.4,48500,14000,19-APR-2021,
OPTSTK,ACC,29-Apr-2021,1860,PE,54.75,73,40.6,44.75,44.75,436,4173.02,66500,36000,19-APR-2021,
OPTSTK,ACC,29-Apr-2021,1880,PE,62.25,81.5,50.5,53.55,53.55,194,1880.97,40500,14000,19-APR-2021,
OPTSTK,ACC,29-Apr-2021,1900,PE,82,93.85,60.1,63.1,63.1,79,778.93,70500,4000,19-APR-2021,
OPTSTK,ACC,29-Apr-2021,1920,PE,94.2,94.2,94.2,94.2,71.45,1,10.07,13000,-500,19-APR-2021,
OPTSTK,ACC,29-Apr-2021,1940,PE,0,0,0,75.65,85,0,0,10000,0,19-APR-2021,
OPTSTK,ACC,29-Apr-2021,1960,PE,0,0,0,94,99.7,0,0,20000,0,19-APR-2021,
OPTSTK,ACC,29-Apr-2021,1980,PE,0,0,0,110.4,115.25,0,0,2500,0,19-APR-2021,
OPTSTK,ACC,29-Apr-2021,2000,PE,150,164,136.2,136.2,136.2,8,86.08,33500,-500,19-APR-2021,
OPTSTK,ACC,29-Apr-2021,2020,PE,180.85,180.85,180.85,180.85,149.05,2,22,4000,0,19-APR-2021,
OPTSTK,ACC,29-Apr-2021,2040,PE,0,0,0,409.7,166.9,0,0,0,0,19-APR-2021,
OPTSTK,ACC,29-Apr-2021,2060,PE,0,0,0,114,185.3,0,0,0,0,19-APR-2021,
OPTSTK,ACC,29-Apr-2021,2080,PE,0,0,0,445.4,204.1,0,0,0,0,19-APR-2021,
OPTSTK,ACC,29-Apr-2021,2100,PE,0,0,0,463.5,223.2,0,0,0,0,19-APR-2021,
OPTSTK,ACC,29-Apr-2021,2120,PE,0,0,0,481.7,242.55,0,0,0,0,19-APR-2021,
OPTSTK,ACC,29-Apr-2021,2140,PE,0,0,0,500.1,262.1,0,0,0,0,19-APR-2021,
OPTSTK,ACC,29-Apr-2021,2160,PE,0,0,0,518.6,281.75,0,0,0,0,19-APR-2021,
OPTSTK,ACC,29-Apr-2021,2180,PE,0,0,0,537.25,301.5,0,0,0,0,19-APR-2021,
OPTSTK,ACC,29-Apr-2021,2200,PE,0,0,0,556,321.35,0,0,0,0,19-APR-2021,
OPTSTK,ACC,29-Apr-2021,2220,PE,0,0,0,574.85,341.25,0,0,0,0,19-APR-2021,
OPTSTK,ACC,29-Apr-2021,2240,PE,0,0,0,593.8,361.15,0,0,0,0,19-APR-2021,
OPTSTK,ACC,29-Apr-2021,2260,PE,0,0,0,612.8,381.1,0,0,0,0,19-APR-2021,
OPTSTK,ACC,29-Apr-2021,2280,PE,0,0,0,631.9,401.05,0,0,0,0,19-APR-2021,
OPTSTK,ACC,29-Apr-2021,2300,PE,0,0,0,651.1,421,0,0,0,0,19-APR-2021,
OPTSTK,ACC,29-Apr-2021,2320,PE,0,0,0,670.35,441,0,0,0,0,19-APR-2021,
OPTSTK,ACC,29-Apr-2021,2340,PE,0,0,0,639.7,460.95,0,0,0,0,19-APR-2021,
OPTSTK,ACC,27-May-2021,1140,CE,0,0,0,672.5,741.2,0,0,0,0,19-APR-2021,
OPTSTK,ACC,27-May-2021,1160,CE,0,0,0,652.9,721.3,0,0,0,0,19-APR-2021,
OPTSTK,ACC,27-May-2021,1180,CE,0,0,0,633.35,701.35,0,0,0,0,19-APR-2021,
OPTSTK,ACC,27-May-2021,1200,CE,0,0,0,613.85,681.45,0,0,0,0,19-APR-2021,
OPTSTK,ACC,27-May-2021,1220,CE,0,0,0,594.45,661.55,0,0,0,0,19-APR-2021,
OPTSTK,ACC,27-May-2021,1240,CE,0,0,0,575.1,641.6,0,0,0,0,19-APR-2021,
OPTSTK,ACC,27-May-2021,1260,CE,0,0,0,555.9,621.7,0,0,0,0,19-APR-2021,
OPTSTK,ACC,27-May-2021,1280,CE,0,0,0,536.8,601.8,0,0,0,0,19-APR-2021,
OPTSTK,ACC,27-May-2021,1300,CE,0,0,0,517.85,581.9,0,0,0,0,19-APR-2021,
OPTSTK,ACC,27-May-2021,1320,CE,0,0,0,499.05,562.05,0,0,0,0,19-APR-2021,
OPTSTK,ACC,27-May-2021,1340,CE,0,0,0,480.45,542.15,0,0,0,0,19-APR-2021,
OPTSTK,ACC,27-May-2021,1360,CE,0,0,0,462.05,522.35,0,0,0,0,19-APR-2021,
OPTSTK,ACC,27-May-2021,1380,CE,0,0,0,443.85,502.5,0,0,0,0,19-APR-2021,
OPTSTK,ACC,27-May-2021,1400,CE,0,0,0,425.9,482.75,0,0,0,0,19-APR-2021,
OPTSTK,ACC,27-May-2021,1420,CE,0,0,0,408.2,463.05,0,0,0,0,19-APR-2021,
OPTSTK,ACC,27-May-2021,1440,CE,0,0,0,390.8,443.45,0,0,0,0,19-APR-2021,
OPTSTK,ACC,27-May-2021,1460,CE,0,0,0,373.65,423.9,0,0,0,0,19-APR-2021,
OPTSTK,ACC,27-May-2021,1480,CE,0,0,0,356.9,404.5,0,0,0,0,19-APR-2021,
OPTSTK,ACC,27-May-2021,1500,CE,0,0,0,340.45,385.25,0,0,0,0,19-APR-2021,
OPTSTK,ACC,27-May-2021,1520,CE,0,0,0,324.35,366.2,0,0,0,0,19-APR-2021,
OPTSTK,ACC,27-May-2021,1540,CE,0,0,0,308.7,347.3,0,0,0,0,19-APR-2021,
OPTSTK,ACC,27-May-2021,1560,CE,0,0,0,293.4,328.65,0,0,0,0,19-APR-2021,
OPTSTK,ACC,27-May-2021,1580,CE,0,0,0,278.55,310.35,0,0,0,0,19-APR-2021,
OPTSTK,ACC,27-May-2021,1600,CE,0,0,0,264.1,292.3,0,0,0,0,19-APR-2021,
OPTSTK,ACC,27-May-2021,1620,CE,0,0,0,250.05,274.65,0,0,0,0,19-APR-2021,
OPTSTK,ACC,27-May-2021,1640,CE,0,0,0,236.4,257.4,0,0,0,0,19-APR-2021,
OPTSTK,ACC,27-May-2021,1660,CE,0,0,0,223.3,240.55,0,0,0,0,19-APR-2021,
OPTSTK,ACC,27-May-2021,1680,CE,0,0,0,210.65,224.25,0,0,0,0,19-APR-2021,
OPTSTK,ACC,27-May-2021,1700,CE,0,0,0,273,208.45,0,0,500,0,19-APR-2021,
OPTSTK,ACC,27-May-2021,1720,CE,0,0,0,186.8,193.2,0,0,0,0,19-APR-2021,
OPTSTK,ACC,27-May-2021,1740,CE,0,0,0,175.55,178.6,0,0,0,0,19-APR-2021,
OPTSTK,ACC,27-May-2021,1760,CE,0,0,0,164.8,164.5,0,0,0,0,19-APR-2021,
OPTSTK,ACC,27-May-2021,1780,CE,0,0,0,154.55,151.1,0,0,0,0,19-APR-2021,
OPTSTK,ACC,27-May-2021,1800,CE,0,0,0,144.75,138.4,0,0,0,0,19-APR-2021,
OPTSTK,ACC,27-May-2021,1820,CE,0,0,0,135.4,126.35,0,0,0,0,19-APR-2021,
OPTSTK,ACC,27-May-2021,1840,CE,0,0,0,150,115.05,0,0,500,0,19-APR-2021,
OPTSTK,ACC,27-May-2021,1860,CE,0,0,0,118.05,104.4,0,0,0,0,19-APR-2021,
OPTSTK,ACC,27-May-2021,1880,CE,0,0,0,110.05,94.45,0,0,0,0,19-APR-2021,
OPTSTK,ACC,27-May-2021,1900,CE,0,0,0,136,85.15,0,0,500,0,19-APR-2021,
OPTSTK,ACC,27-May-2021,1920,CE,0,0,0,95.3,76.55,0,0,0,0,19-APR-2021,
OPTSTK,ACC,27-May-2021,1940,CE,0,0,0,88.55,68.6,0,0,0,0,19-APR-2021,
OPTSTK,ACC,27-May-2021,1960,CE,0,0,0,82.2,61.3,0,0,0,0,19-APR-2021,
OPTSTK,ACC,27-May-2021,1980,CE,0,0,0,76.2,54.6,0,0,0,0,19-APR-2021,
OPTSTK,ACC,27-May-2021,2000,CE,50,60,37.5,60,60,8,81.98,3500,1500,19-APR-2021,
OPTSTK,ACC,27-May-2021,2020,CE,0,0,0,65.3,42.95,0,0,0,0,19-APR-2021,
OPTSTK,ACC,27-May-2021,2040,CE,0,0,0,60.4,38,0,0,0,0,19-APR-2021,
OPTSTK,ACC,27-May-2021,2060,CE,0,0,0,55.8,33.45,0,0,0,0,19-APR-2021,
OPTSTK,ACC,27-May-2021,2080,CE,0,0,0,51.5,29.3,0,0,0,0,19-APR-2021,
OPTSTK,ACC,27-May-2021,2100,CE,0,0,0,20.3,25.65,0,0,0,0,19-APR-2021,
OPTSTK,ACC,27-May-2021,2120,CE,0,0,0,43.65,22.35,0,0,0,0,19-APR-2021,
OPTSTK,ACC,27-May-2021,2140,CE,0,0,0,40.15,19.45,0,0,0,0,19-APR-2021,
OPTSTK,ACC,27-May-2021,2160,CE,0,0,0,36.9,16.9,0,0,0,0,19-APR-2021,
OPTSTK,ACC,27-May-2021,2180,CE,0,0,0,33.9,14.6,0,0,0,0,19-APR-2021,
OPTSTK,ACC,27-May-2021,2200,CE,0,0,0,39,12.6,0,0,500,0,19-APR-2021,
OPTSTK,ACC,27-May-2021,2220,CE,0,0,0,28.5,10.85,0,0,0,0,19-APR-2021,
OPTSTK,ACC,27-May-2021,2240,CE,0,0,0,26.1,9.3,0,0,0,0,19-APR-2021,
OPTSTK,ACC,27-May-2021,2260,CE,0,0,0,23.9,7.95,0,0,0,0,19-APR-2021,
OPTSTK,ACC,27-May-2021,2280,CE,0,0,0,21.85,6.8,0,0,0,0,19-APR-2021,
OPTSTK,ACC,27-May-2021,2300,CE,0,0,0,19.95,5.8,0,0,0,0,19-APR-2021,
OPTSTK,ACC,27-May-2021,2320,CE,0,0,0,18.2,4.95,0,0,0,0,19-APR-2021,
OPTSTK,ACC,27-May-2021,2340,CE,0,0,0,16.6,4.2,0,0,0,0,19-APR-2021,
OPTSTK,ACC,27-May-2021,1140,PE,0,0,0,0.65,0,0,0,0,0,19-APR-2021,
OPTSTK,ACC,27-May-2021,1160,PE,0,0,0,0.85,0,0,0,0,0,19-APR-2021,
OPTSTK,ACC,27-May-2021,1180,PE,0,0,0,1.1,0,0,0,0,0,19-APR-2021,
OPTSTK,ACC,27-May-2021,1200,PE,0,0,0,1.4,0.05,0,0,0,0,19-APR-2021,
OPTSTK,ACC,27-May-2021,1220,PE,0,0,0,1.85,0.05,0,0,0,0,19-APR-2021,
OPTSTK,ACC,27-May-2021,1240,PE,0,0,0,2.3,0.05,0,0,0,0,19-APR-2021,
OPTSTK,ACC,27-May-2021,1260,PE,0,0,0,2.9,0.05,0,0,0,0,19-APR-2021,
OPTSTK,ACC,27-May-2021,1280,PE,0,0,0,3.65,0.05,0,0,0,0,19-APR-2021,
OPTSTK,ACC,27-May-2021,1300,PE,0,0,0,4.5,0.1,0,0,0,0,19-APR-2021,
OPTSTK,ACC,27-May-2021,1320,PE,0,0,0,5.55,0.15,0,0,0,0,19-APR-2021,
OPTSTK,ACC,27-May-2021,1340,PE,0,0,0,6.75,0.2,0,0,0,0,19-APR-2021,
OPTSTK,ACC,27-May-2021,1360,PE,0,0,0,8.15,0.3,0,0,0,0,19-APR-2021,
OPTSTK,ACC,27-May-2021,1380,PE,0,0,0,9.75,0.4,0,0,0,0,19-APR-2021,
OPTSTK,ACC,27-May-2021,1400,PE,0,0,0,11.6,0.55,0,0,0,0,19-APR-2021,
OPTSTK,ACC,27-May-2021,1420,PE,0,0,0,13.75,0.8,0,0,0,0,19-APR-2021,
OPTSTK,ACC,27-May-2021,1440,PE,0,0,0,16.15,1.1,0,0,0,0,19-APR-2021,
OPTSTK,ACC,27-May-2021,1460,PE,0,0,0,18.85,1.5,0,0,0,0,19-APR-2021,
OPTSTK,ACC,27-May-2021,1480,PE,0,0,0,21.85,2,0,0,0,0,19-APR-2021,
OPTSTK,ACC,27-May-2021,1500,PE,0,0,0,25.25,2.65,0,0,0,0,19-APR-2021,
OPTSTK,ACC,27-May-2021,1520,PE,0,0,0,29,3.5,0,0,0,0,19-APR-2021,
OPTSTK,ACC,27-May-2021,1540,PE,0,0,0,33.1,4.55,0,0,0,0,19-APR-2021,
OPTSTK,ACC,27-May-2021,1560,PE,0,0,0,37.6,5.85,0,0,0,0,19-APR-2021,
OPTSTK,ACC,27-May-2021,1580,PE,0,0,0,42.6,7.4,0,0,0,0,19-APR-2021,
OPTSTK,ACC,27-May-2021,1600,PE,0,0,0,47.95,9.3,0,0,0,0,19-APR-2021,
OPTSTK,ACC,27-May-2021,1620,PE,0,0,0,53.7,11.55,0,0,0,0,19-APR-2021,
OPTSTK,ACC,27-May-2021,1640,PE,0,0,0,59.9,14.25,0,0,0,0,19-APR-2021,
OPTSTK,ACC,27-May-2021,1660,PE,0,0,0,66.6,17.35,0,0,0,0,19-APR-2021,
OPTSTK,ACC,27-May-2021,1680,PE,0,0,0,73.75,20.95,0,0,0,0,19-APR-2021,
OPTSTK,ACC,27-May-2021,1700,PE,26.6,26.6,26.6,26.6,26.6,1,8.63,500,0,19-APR-2021,
OPTSTK,ACC,27-May-2021,1720,PE,0,0,0,89.55,29.75,0,0,0,0,19-APR-2021,
OPTSTK,ACC,27-May-2021,1740,PE,0,0,0,98.15,35.05,0,0,0,0,19-APR-2021,
OPTSTK,ACC,27-May-2021,1760,PE,0,0,0,107.2,40.85,0,0,0,0,19-APR-2021,
OPTSTK,ACC,27-May-2021,1780,PE,0,0,0,116.75,47.4,0,0,0,0,19-APR-2021,
OPTSTK,ACC,27-May-2021,1800,PE,59.95,59.95,59.95,59.95,59.95,1,9.29,7500,500,19-APR-2021,
OPTSTK,ACC,27-May-2021,1820,PE,0,0,0,137.2,62.55,0,0,0,0,19-APR-2021,
OPTSTK,ACC,27-May-2021,1840,PE,0,0,0,148.15,71.1,0,0,0,0,19-APR-2021,
OPTSTK,ACC,27-May-2021,1860,PE,0,0,0,159.5,80.4,0,0,0,0,19-APR-2021,
OPTSTK,ACC,27-May-2021,1880,PE,0,0,0,171.3,90.35,0,0,0,0,19-APR-2021,
OPTSTK,ACC,27-May-2021,1900,PE,0,0,0,183.55,101,0,0,0,0,19-APR-2021,
OPTSTK,ACC,27-May-2021,1920,PE,0,0,0,196.2,112.35,0,0,0,0,19-APR-2021,
OPTSTK,ACC,27-May-2021,1940,PE,0,0,0,209.25,124.3,0,0,0,0,19-APR-2021,
OPTSTK,ACC,27-May-2021,1960,PE,0,0,0,222.7,136.9,0,0,0,0,19-APR-2021,
OPTSTK,ACC,27-May-2021,1980,PE,0,0,0,236.5,150.15,0,0,0,0,19-APR-2021,
OPTSTK,ACC,27-May-2021,2000,PE,0,0,0,250.7,163.95,0,0,0,0,19-APR-2021,
OPTSTK,ACC,27-May-2021,2020,PE,0,0,0,265.25,178.3,0,0,0,0,19-APR-2021,
OPTSTK,ACC,27-May-2021,2040,PE,0,0,0,280.2,193.3,0,0,0,0,19-APR-2021,
OPTSTK,ACC,27-May-2021,2060,PE,0,0,0,295.4,208.7,0,0,0,0,19-APR-2021,
OPTSTK,ACC,27-May-2021,2080,PE,0,0,0,310.9,224.45,0,0,0,0,19-APR-2021,
OPTSTK,ACC,27-May-2021,2100,PE,0,0,0,326.6,240.7,0,0,0,0,19-APR-2021,
OPTSTK,ACC,27-May-2021,2120,PE,0,0,0,342.7,257.35,0,0,0,0,19-APR-2021,
OPTSTK,ACC,27-May-2021,2140,PE,0,0,0,359,274.4,0,0,0,0,19-APR-2021,
OPTSTK,ACC,27-May-2021,2160,PE,0,0,0,375.55,291.7,0,0,0,0,19-APR-2021,
OPTSTK,ACC,27-May-2021,2180,PE,0,0,0,392.35,309.35,0,0,0,0,19-APR-2021,
OPTSTK,ACC,27-May-2021,2200,PE,0,0,0,409.35,327.3,0,0,0,0,19-APR-2021,
OPTSTK,ACC,27-May-2021,2220,PE,0,0,0,426.6,345.45,0,0,0,0,19-APR-2021,
OPTSTK,ACC,27-May-2021,2240,PE,0,0,0,444,363.85,0,0,0,0,19-APR-2021,
OPTSTK,ACC,27-May-2021,2260,PE,0,0,0,461.6,382.4,0,0,0,0,19-APR-2021,
OPTSTK,ACC,27-May-2021,2280,PE,0,0,0,479.4,401.15,0,0,0,0,19-APR-2021,
OPTSTK,ACC,27-May-2021,2300,PE,0,0,0,497.3,420.1,0,0,0,0,19-APR-2021,
OPTSTK,ACC,27-May-2021,2320,PE,0,0,0,515.4,439.15,0,0,0,0,19-APR-2021,
OPTSTK,ACC,27-May-2021,2340,PE,0,0,0,533.6,458.3,0,0,0,0,19-APR-2021,
OPTSTK,ACC,24-Jun-2021,1140,CE,0,0,0,721.1,744.55,0,0,0,0,19-APR-2021,
OPTSTK,ACC,24-Jun-2021,1160,CE,0,0,0,701.4,724.7,0,0,0,0,19-APR-2021,
OPTSTK,ACC,24-Jun-2021,1180,CE,0,0,0,681.8,704.9,0,0,0,0,19-APR-2021,
OPTSTK,ACC,24-Jun-2021,1200,CE,0,0,0,662.25,685.05,0,0,0,0,19-APR-2021,
OPTSTK,ACC,24-Jun-2021,1220,CE,0,0,0,642.75,665.3,0,0,0,0,19-APR-2021,
OPTSTK,ACC,24-Jun-2021,1240,CE,0,0,0,623.3,645.55,0,0,0,0,19-APR-2021,
OPTSTK,ACC,24-Jun-2021,1260,CE,0,0,0,603.95,625.8,0,0,0,0,19-APR-2021,
OPTSTK,ACC,24-Jun-2021,1280,CE,0,0,0,584.7,606.1,0,0,0,0,19-APR-2021,
OPTSTK,ACC,24-Jun-2021,1300,CE,0,0,0,565.55,586.5,0,0,0,0,19-APR-2021,
OPTSTK,ACC,24-Jun-2021,1320,CE,0,0,0,546.55,566.95,0,0,0,0,19-APR-2021,
OPTSTK,ACC,24-Jun-2021,1340,CE,0,0,0,527.7,547.45,0,0,0,0,19-APR-2021,
OPTSTK,ACC,24-Jun-2021,1360,CE,0,0,0,509,528.05,0,0,0,0,19-APR-2021,
OPTSTK,ACC,24-Jun-2021,1380,CE,0,0,0,490.45,508.8,0,0,0,0,19-APR-2021,
OPTSTK,ACC,24-Jun-2021,1400,CE,0,0,0,472.15,489.6,0,0,0,0,19-APR-2021,
OPTSTK,ACC,24-Jun-2021,1420,CE,0,0,0,454.05,470.6,0,0,0,0,19-APR-2021,
OPTSTK,ACC,24-Jun-2021,1440,CE,0,0,0,436.2,451.8,0,0,0,0,19-APR-2021,
OPTSTK,ACC,24-Jun-2021,1460,CE,0,0,0,418.6,433.15,0,0,0,0,19-APR-2021,
OPTSTK,ACC,24-Jun-2021,1480,CE,0,0,0,401.25,414.7,0,0,0,0,19-APR-2021,
OPTSTK,ACC,24-Jun-2021,1500,CE,0,0,0,384.25,396.55,0,0,0,0,19-APR-2021,
OPTSTK,ACC,24-Jun-2021,1520,CE,0,0,0,367.55,378.6,0,0,0,0,19-APR-2021,
OPTSTK,ACC,24-Jun-2021,1540,CE,0,0,0,351.15,361,0,0,0,0,19-APR-2021,
OPTSTK,ACC,24-Jun-2021,1560,CE,0,0,0,335.15,343.65,0,0,0,0,19-APR-2021,
OPTSTK,ACC,24-Jun-2021,1580,CE,0,0,0,319.5,326.7,0,0,0,0,19-APR-2021,
OPTSTK,ACC,24-Jun-2021,1600,CE,0,0,0,304.25,310.1,0,0,0,0,19-APR-2021,
OPTSTK,ACC,24-Jun-2021,1620,CE,0,0,0,289.45,293.9,0,0,0,0,19-APR-2021,
OPTSTK,ACC,24-Jun-2021,1640,CE,0,0,0,275,278.1,0,0,0,0,19-APR-2021,
OPTSTK,ACC,24-Jun-2021,1660,CE,0,0,0,260.95,262.7,0,0,0,0,19-APR-2021,
OPTSTK,ACC,24-Jun-2021,1680,CE,0,0,0,247.25,247.85,0,0,0,0,19-APR-2021,
OPTSTK,ACC,24-Jun-2021,1700,CE,0,0,0,234.1,233.4,0,0,0,0,19-APR-2021,
OPTSTK,ACC,24-Jun-2021,1720,CE,0,0,0,221.4,219.35,0,0,0,0,19-APR-2021,
OPTSTK,ACC,24-Jun-2021,1740,CE,0,0,0,209.15,205.9,0,0,0,0,19-APR-2021,
OPTSTK,ACC,24-Jun-2021,1760,CE,0,0,0,197.35,192.95,0,0,0,0,19-APR-2021,
OPTSTK,ACC,24-Jun-2021,1780,CE,0,0,0,186,180.55,0,0,0,0,19-APR-2021,
OPTSTK,ACC,24-Jun-2021,1800,CE,0,0,0,175.15,168.65,0,0,0,0,19-APR-2021,
OPTSTK,ACC,24-Jun-2021,1820,CE,0,0,0,164.7,157.25,0,0,0,0,19-APR-2021,
OPTSTK,ACC,24-Jun-2021,1840,CE,0,0,0,154.7,146.4,0,0,0,0,19-APR-2021,
OPTSTK,ACC,24-Jun-2021,1860,CE,0,0,0,145.2,136.1,0,0,0,0,19-APR-2021,
OPTSTK,ACC,24-Jun-2021,1880,CE,0,0,0,136.1,126.3,0,0,0,0,19-APR-2021,
OPTSTK,ACC,24-Jun-2021,1900,CE,0,0,0,127.45,117,0,0,0,0,19-APR-2021,
OPTSTK,ACC,24-Jun-2021,1920,CE,0,0,0,119.2,108.25,0,0,0,0,19-APR-2021,
OPTSTK,ACC,24-Jun-2021,1940,CE,0,0,0,111.4,100,0,0,0,0,19-APR-2021,
OPTSTK,ACC,24-Jun-2021,1960,CE,0,0,0,104,92.2,0,0,0,0,19-APR-2021,
OPTSTK,ACC,24-Jun-2021,1980,CE,0,0,0,96.95,84.9,0,0,0,0,19-APR-2021,
OPTSTK,ACC,24-Jun-2021,2000,CE,0,0,0,90.35,78.05,0,0,0,0,19-APR-2021,
OPTSTK,ACC,24-Jun-2021,2020,CE,0,0,0,84.05,71.65,0,0,0,0,19-APR-2021,
OPTSTK,ACC,24-Jun-2021,2040,CE,0,0,0,78.15,65.65,0,0,0,0,19-APR-2021,
OPTSTK,ACC,24-Jun-2021,2060,CE,0,0,0,72.6,60.1,0,0,0,0,19-APR-2021,
OPTSTK,ACC,24-Jun-2021,2080,CE,0,0,0,67.4,55,0,0,0,0,19-APR-2021,
OPTSTK,ACC,24-Jun-2021,2100,CE,0,0,0,62.55,50.2,0,0,0,0,19-APR-2021,
OPTSTK,ACC,24-Jun-2021,2120,CE,0,0,0,58,45.8,0,0,0,0,19-APR-2021,
OPTSTK,ACC,24-Jun-2021,2140,CE,0,0,0,53.7,41.6,0,0,0,0,19-APR-2021,
OPTSTK,ACC,24-Jun-2021,2160,CE,0,0,0,49.65,37.85,0,0,0,0,19-APR-2021,
OPTSTK,ACC,24-Jun-2021,2180,CE,0,0,0,45.8,34.35,0,0,0,0,19-APR-2021,
OPTSTK,ACC,24-Jun-2021,2200,CE,0,0,0,42.3,31.15,0,0,0,0,19-APR-2021,
OPTSTK,ACC,24-Jun-2021,2220,CE,0,0,0,39.05,28.2,0,0,0,0,19-APR-2021,
OPTSTK,ACC,24-Jun-2021,2240,CE,0,0,0,35.95,25.5,0,0,0,0,19-APR-2021,
OPTSTK,ACC,24-Jun-2021,2260,CE,0,0,0,33.15,23,0,0,0,0,19-APR-2021,
OPTSTK,ACC,24-Jun-2021,2280,CE,0,0,0,30.5,20.75,0,0,0,0,19-APR-2021,
OPTSTK,ACC,24-Jun-2021,2300,CE,0,0,0,28.05,18.7,0,0,0,0,19-APR-2021,
OPTSTK,ACC,24-Jun-2021,2320,CE,0,0,0,25.75,16.8,0,0,0,0,19-APR-2021,
OPTSTK,ACC,24-Jun-2021,2340,CE,0,0,0,23.65,15.1,0,0,0,0,19-APR-2021,
OPTSTK,ACC,24-Jun-2021,1140,PE,0,0,0,0.45,0.1,0,0,0,0,19-APR-2021,
OPTSTK,ACC,24-Jun-2021,1160,PE,0,0,0,0.65,0.1,0,0,0,0,19-APR-2021,
OPTSTK,ACC,24-Jun-2021,1180,PE,0,0,0,0.8,0.15,0,0,0,0,19-APR-2021,
OPTSTK,ACC,24-Jun-2021,1200,PE,0,0,0,1.05,0.2,0,0,0,0,19-APR-2021,
OPTSTK,ACC,24-Jun-2021,1220,PE,0,0,0,1.4,0.3,0,0,0,0,19-APR-2021,
OPTSTK,ACC,24-Jun-2021,1240,PE,0,0,0,1.75,0.4,0,0,0,0,19-APR-2021,
OPTSTK,ACC,24-Jun-2021,1260,PE,0,0,0,2.2,0.55,0,0,0,0,19-APR-2021,
OPTSTK,ACC,24-Jun-2021,1280,PE,0,0,0,2.8,0.7,0,0,0,0,19-APR-2021,
OPTSTK,ACC,24-Jun-2021,1300,PE,0,0,0,3.45,0.95,0,0,0,0,19-APR-2021,
OPTSTK,ACC,24-Jun-2021,1320,PE,0,0,0,4.25,1.25,0,0,0,0,19-APR-2021,
OPTSTK,ACC,24-Jun-2021,1340,PE,0,0,0,5.2,1.65,0,0,0,0,19-APR-2021,
OPTSTK,ACC,24-Jun-2021,1360,PE,0,0,0,6.35,2.1,0,0,0,0,19-APR-2021,
OPTSTK,ACC,24-Jun-2021,1380,PE,0,0,0,7.6,2.7,0,0,0,0,19-APR-2021,
OPTSTK,ACC,24-Jun-2021,1400,PE,0,0,0,9.1,3.4,0,0,0,0,19-APR-2021,
OPTSTK,ACC,24-Jun-2021,1420,PE,0,0,0,10.85,4.25,0,0,0,0,19-APR-2021,
OPTSTK,ACC,24-Jun-2021,1440,PE,0,0,0,12.8,5.3,0,0,0,0,19-APR-2021,
OPTSTK,ACC,24-Jun-2021,1460,PE,0,0,0,15,6.55,0,0,0,0,19-APR-2021,
OPTSTK,ACC,24-Jun-2021,1480,PE,0,0,0,17.5,7.95,0,0,0,0,19-APR-2021,
OPTSTK,ACC,24-Jun-2021,1500,PE,0,0,0,20.3,9.65,0,0,0,0,19-APR-2021,
OPTSTK,ACC,24-Jun-2021,1520,PE,0,0,0,23.4,11.6,0,0,0,0,19-APR-2021,
OPTSTK,ACC,24-Jun-2021,1540,PE,0,0,0,26.85,13.85,0,0,0,0,19-APR-2021,
OPTSTK,ACC,24-Jun-2021,1560,PE,0,0,0,30.65,16.4,0,0,0,0,19-APR-2021,
OPTSTK,ACC,24-Jun-2021,1580,PE,0,0,0,34.8,19.3,0,0,0,0,19-APR-2021,
OPTSTK,ACC,24-Jun-2021,1600,PE,0,0,0,39.35,22.55,0,0,0,0,19-APR-2021,
OPTSTK,ACC,24-Jun-2021,1620,PE,0,0,0,44.35,26.2,0,0,0,0,19-APR-2021,
OPTSTK,ACC,24-Jun-2021,1640,PE,0,0,0,49.7,30.25,0,0,0,0,19-APR-2021,
OPTSTK,ACC,24-Jun-2021,1660,PE,0,0,0,55.5,34.75,0,0,0,0,19-APR-2021,
OPTSTK,ACC,24-Jun-2021,1680,PE,0,0,0,61.6,39.75,0,0,0,0,19-APR-2021,
OPTSTK,ACC,24-Jun-2021,1700,PE,0,0,0,68.3,45.15,0,0,0,0,19-APR-2021,
OPTSTK,ACC,24-Jun-2021,1720,PE,0,0,0,75.4,51,0,0,0,0,19-APR-2021,
OPTSTK,ACC,24-Jun-2021,1740,PE,0,0,0,82.95,57.4,0,0,0,0,19-APR-2021,
OPTSTK,ACC,24-Jun-2021,1760,PE,0,0,0,91,64.3,0,0,0,0,19-APR-2021,
OPTSTK,ACC,24-Jun-2021,1780,PE,0,0,0,99.45,71.75,0,0,0,0,19-APR-2021,
OPTSTK,ACC,24-Jun-2021,1800,PE,0,0,0,108.4,79.7,0,0,0,0,19-APR-2021,
OPTSTK,ACC,24-Jun-2021,1820,PE,0,0,0,117.75,88.2,0,0,0,0,19-APR-2021,
OPTSTK,ACC,24-Jun-2021,1840,PE,0,0,0,127.6,97.25,0,0,0,0,19-APR-2021,
OPTSTK,ACC,24-Jun-2021,1860,PE,0,0,0,137.9,106.8,0,0,0,0,19-APR-2021,
OPTSTK,ACC,24-Jun-2021,1880,PE,0,0,0,148.6,116.85,0,0,0,0,19-APR-2021,
OPTSTK,ACC,24-Jun-2021,1900,PE,0,0,0,159.75,127.45,0,0,0,0,19-APR-2021,
OPTSTK,ACC,24-Jun-2021,1920,PE,0,0,0,171.35,138.55,0,0,0,0,19-APR-2021,
OPTSTK,ACC,24-Jun-2021,1940,PE,0,0,0,183.35,150.15,0,0,0,0,19-APR-2021,
OPTSTK,ACC,24-Jun-2021,1960,PE,0,0,0,195.75,162.2,0,0,0,0,19-APR-2021,
OPTSTK,ACC,24-Jun-2021,1980,PE,0,0,0,208.55,174.75,0,0,0,0,19-APR-2021,
OPTSTK,ACC,24-Jun-2021,2000,PE,0,0,0,221.7,187.8,0,0,0,0,19-APR-2021,
OPTSTK,ACC,24-Jun-2021,2020,PE,0,0,0,235.25,201.25,0,0,0,0,19-APR-2021,
OPTSTK,ACC,24-Jun-2021,2040,PE,0,0,0,249.2,215.15,0,0,0,0,19-APR-2021,
OPTSTK,ACC,24-Jun-2021,2060,PE,0,0,0,263.45,229.45,0,0,0,0,19-APR-2021,
OPTSTK,ACC,24-Jun-2021,2080,PE,0,0,0,278,244.2,0,0,0,0,19-APR-2021,
OPTSTK,ACC,24-Jun-2021,2100,PE,0,0,0,293.05,259.3,0,0,0,0,19-APR-2021,
OPTSTK,ACC,24-Jun-2021,2120,PE,0,0,0,308.25,274.7,0,0,0,0,19-APR-2021,
OPTSTK,ACC,24-Jun-2021,2140,PE,0,0,0,323.75,290.4,0,0,0,0,19-APR-2021,
OPTSTK,ACC,24-Jun-2021,2160,PE,0,0,0,339.55,306.5,0,0,0,0,19-APR-2021,
OPTSTK,ACC,24-Jun-2021,2180,PE,0,0,0,355.55,322.85,0,0,0,0,19-APR-2021,
OPTSTK,ACC,24-Jun-2021,2200,PE,0,0,0,371.85,339.5,0,0,0,0,19-APR-2021,
OPTSTK,ACC,24-Jun-2021,2220,PE,0,0,0,388.35,356.45,0,0,0,0,19-APR-2021,
OPTSTK,ACC,24-Jun-2021,2240,PE,0,0,0,405.15,373.6,0,0,0,0,19-APR-2021,
OPTSTK,ACC,24-Jun-2021,2260,PE,0,0,0,422.1,391,0,0,0,0,19-APR-2021,
OPTSTK,ACC,24-Jun-2021,2280,PE,0,0,0,439.25,408.6,0,0,0,0,19-APR-2021,
OPTSTK,ACC,24-Jun-2021,2300,PE,0,0,0,456.65,426.4,0,0,0,0,19-APR-2021,
OPTSTK,ACC,24-Jun-2021,2320,PE,0,0,0,474.15,444.4,0,0,0,0,19-APR-2021,
OPTSTK,ACC,24-Jun-2021,2340,PE,0,0,0,491.9,462.55,0,0,0,0,19-APR-2021,
OPTSTK,ADANIENT,29-Apr-2021,310,CE,0,0,0,207.2,826.7,0,0,0,0,19-APR-2021,
OPTSTK,ADANIENT,29-Apr-2021,320,CE,0,0,0,198,816.7,0,0,0,0,19-APR-2021,
OPTSTK,ADANIENT,29-Apr-2021,330,CE,0,0,0,189,806.7,0,0,0,0,19-APR-2021,
OPTSTK,ADANIENT,29-Apr-2021,340,CE,0,0,0,180.15,796.7,0,0,0,0,19-APR-2021,
OPTSTK,ADANIENT,29-Apr-2021,350,CE,0,0,0,171.45,786.7,0,0,0,0,19-APR-2021,
OPTSTK,ADANIENT,29-Apr-2021,360,CE,0,0,0,162.95,776.75,0,0,0,0,19-APR-2021,
OPTSTK,ADANIENT,29-Apr-2021,370,CE,0,0,0,154.7,766.75,0,0,0,0,19-APR-2021,
OPTSTK,ADANIENT,29-Apr-2021,380,CE,0,0,0,146.65,756.75,0,0,0,0,19-APR-2021,
OPTSTK,ADANIENT,29-Apr-2021,390,CE,0,0,0,138.85,746.75,0,0,0,0,19-APR-2021,
OPTSTK,ADANIENT,29-Apr-2021,400,CE,0,0,0,131.3,736.75,0,0,0,0,19-APR-2021,
OPTSTK,ADANIENT,29-Apr-2021,410,CE,0,0,0,124,726.8,0,0,0,0,19-APR-2021,
OPTSTK,ADANIENT,29-Apr-2021,420,CE,0,0,0,116.95,716.8,0,0,0,0,19-APR-2021,
OPTSTK,ADANIENT,29-Apr-2021,430,CE,0,0,0,110.15,706.8,0,0,0,0,19-APR-2021,
OPTSTK,ADANIENT,29-Apr-2021,440,CE,0,0,0,103.65,696.8,0,0,0,0,19-APR-2021,
OPTSTK,ADANIENT,29-Apr-2021,450,CE,0,0,0,97.35,686.8,0,0,0,0,19-APR-2021,
OPTSTK,ADANIENT,29-Apr-2021,460,CE,0,0,0,91.4,676.85,0,0,0,0,19-APR-2021,
OPTSTK,ADANIENT,29-Apr-2021,470,CE,0,0,0,85.7,666.85,0,0,0,0,19-APR-2021,
OPTSTK,ADANIENT,29-Apr-2021,480,CE,0,0,0,80.3,656.85,0,0,0,0,19-APR-2021,
OPTSTK,ADANIENT,29-Apr-2021,490,CE,0,0,0,75.15,646.85,0,0,0,0,19-APR-2021,
OPTSTK,ADANIENT,29-Apr-2021,500,CE,0,0,0,70.25,636.85,0,0,0,0,19-APR-2021,
OPTSTK,ADANIENT,29-Apr-2021,510,CE,0,0,0,65.6,626.9,0,0,0,0,19-APR-2021,
OPTSTK,ADANIENT,29-Apr-2021,520,CE,0,0,0,61.2,616.9,0,0,0,0,19-APR-2021,
OPTSTK,ADANIENT,29-Apr-2021,530,CE,0,0,0,57.05,606.9,0,0,0,0,19-APR-2021,
OPTSTK,ADANIENT,29-Apr-2021,540,CE,0,0,0,53.15,596.9,0,0,0,0,19-APR-2021,
OPTSTK,ADANIENT,29-Apr-2021,550,CE,0,0,0,49.45,586.9,0,0,0,0,19-APR-2021,
OPTSTK,ADANIENT,29-Apr-2021,560,CE,0,0,0,46,576.95,0,0,0,0,19-APR-2021,
OPTSTK,ADANIENT,29-Apr-2021,570,CE,0,0,0,42.75,566.95,0,0,0,0,19-APR-2021,
OPTSTK,ADANIENT,29-Apr-2021,580,CE,0,0,0,39.7,556.95,0,0,0,0,19-APR-2021,
OPTSTK,ADANIENT,29-Apr-2021,590,CE,0,0,0,36.85,546.95,0,0,0,0,19-APR-2021,
OPTSTK,ADANIENT,29-Apr-2021,600,CE,0,0,0,34.15,536.95,0,0,0,0,19-APR-2021,
OPTSTK,ADANIENT,29-Apr-2021,610,CE,0,0,0,31.7,527,0,0,0,0,19-APR-2021,
OPTSTK,ADANIENT,29-Apr-2021,620,CE,0,0,0,29.35,517,0,0,0,0,19-APR-2021,
OPTSTK,ADANIENT,29-Apr-2021,630,CE,0,0,0,27.2,507,0,0,0,0,19-APR-2021,
OPTSTK,ADANIENT,29-Apr-2021,640,CE,0,0,0,25.15,497,0,0,0,0,19-APR-2021,
OPTSTK,ADANIENT,29-Apr-2021,650,CE,0,0,0,23.3,487,0,0,0,0,19-APR-2021,
OPTSTK,ADANIENT,29-Apr-2021,660,CE,0,0,0,21.5,477.05,0,0,0,0,19-APR-2021,
OPTSTK,ADANIENT,29-Apr-2021,670,CE,0,0,0,19.85,467.05,0,0,0,0,19-APR-2021,
OPTSTK,ADANIENT,29-Apr-2021,680,CE,0,0,0,18.35,457.05,0,0,0,0,19-APR-2021,
OPTSTK,ADANIENT,29-Apr-2021,690,CE,0,0,0,16.95,447.05,0,0,0,0,19-APR-2021,
OPTSTK,ADANIENT,29-Apr-2021,700,CE,0,0,0,15.65,437.05,0,0,0,0,19-APR-2021,
OPTSTK,ADANIENT,29-Apr-2021,710,CE,0,0,0,14.4,427.1,0,0,0,0,19-APR-2021,
OPTSTK,ADANIENT,29-Apr-2021,720,CE,0,0,0,17,417.1,0,0,0,0,19-APR-2021,
OPTSTK,ADANIENT,29-Apr-2021,730,CE,0,0,0,15.7,407.1,0,0,0,0,19-APR-2021,
OPTSTK,ADANIENT,29-Apr-2021,740,CE,0,0,0,14.5,397.1,0,0,0,0,19-APR-2021,
OPTSTK,ADANIENT,29-Apr-2021,750,CE,0,0,0,18.7,387.1,0,0,0,0,19-APR-2021,
OPTSTK,ADANIENT,29-Apr-2021,760,CE,0,0,0,17.35,377.15,0,0,0,0,19-APR-2021,
OPTSTK,ADANIENT,29-Apr-2021,770,CE,0,0,0,16.4,367.15,0,0,0,0,19-APR-2021,
OPTSTK,ADANIENT,29-Apr-2021,780,CE,0,0,0,19.5,357.15,0,0,0,0,19-APR-2021,
OPTSTK,ADANIENT,29-Apr-2021,790,CE,0,0,0,18.15,347.15,0,0,0,0,19-APR-2021,
OPTSTK,ADANIENT,29-Apr-2021,800,CE,0,0,0,420,337.2,0,0,6000,0,19-APR-2021,
OPTSTK,ADANIENT,29-Apr-2021,810,CE,0,0,0,22.5,327.2,0,0,0,0,19-APR-2021,
OPTSTK,ADANIENT,29-Apr-2021,820,CE,0,0,0,20.95,317.2,0,0,0,0,19-APR-2021,
OPTSTK,ADANIENT,29-Apr-2021,830,CE,0,0,0,305,307.25,0,0,2000,0,19-APR-2021,
OPTSTK,ADANIENT,29-Apr-2021,840,CE,0,0,0,22.45,297.3,0,0,0,0,19-APR-2021,
OPTSTK,ADANIENT,29-Apr-2021,850,CE,0,0,0,20.95,287.35,0,0,0,0,19-APR-2021,
OPTSTK,ADANIENT,29-Apr-2021,860,CE,0,0,0,20.9,277.4,0,0,0,0,19-APR-2021,
OPTSTK,ADANIENT,29-Apr-2021,870,CE,0,0,0,33.4,267.45,0,0,0,0,19-APR-2021,
OPTSTK,ADANIENT,29-Apr-2021,880,CE,0,0,0,231,257.55,0,0,6000,0,19-APR-2021,
OPTSTK,ADANIENT,29-Apr-2021,900,CE,220.25,220.25,220.25,220.25,237.85,2,44.81,52000,-4000,19-APR-2021,
OPTSTK,ADANIENT,29-Apr-2021,920,CE,0,0,0,275,218.35,0,0,24000,0,19-APR-2021,
OPTSTK,ADANIENT,29-Apr-2021,940,CE,0,0,0,181.45,199.05,0,0,36000,0,19-APR-2021,
OPTSTK,ADANIENT,29-Apr-2021,960,CE,0,0,0,232,180.15,0,0,32000,0,19-APR-2021,
OPTSTK,ADANIENT,29-Apr-2021,980,CE,177.6,177.6,177.6,177.6,161.75,1,23.15,36000,2000,19-APR-2021,
OPTSTK,ADANIENT,29-Apr-2021,1000,CE,128.65,163.3,120.8,144.75,144.75,19,434.32,234000,6000,19-APR-2021,
OPTSTK,ADANIENT,29-Apr-2021,1020,CE,137.1,137.1,132.9,132.9,127,2,46.2,128000,0,19-APR-2021,
OPTSTK,ADANIENT,29-Apr-2021,1040,CE,90,121.45,90,120,110.9,4,91.93,132000,2000,19-APR-2021,
OPTSTK,ADANIENT,29-Apr-2021,1060,CE,75.8,105.55,75.8,96.5,96.5,6,138.27,116000,-2000,19-APR-2021,
OPTSTK,ADANIENT,29-Apr-2021,1080,CE,53.55,89.6,53.55,84.75,84.75,11,254.8,168000,-8000,19-APR-2021,
OPTSTK,ADANIENT,29-Apr-2021,1100,CE,50,83,46.45,70.25,70.25,288,6714.48,548000,-18000,19-APR-2021,
OPTSTK,ADANIENT,29-Apr-2021,1120,CE,42,69.75,40,59.3,59.3,486,11452.83,286000,10000,19-APR-2021,
OPTSTK,ADANIENT,29-Apr-2021,1140,CE,44.8,59.75,33.15,49.35,49.35,997,23736.62,306000,32000,19-APR-2021,
OPTSTK,ADANIENT,29-Apr-2021,1160,CE,31.9,50.25,27.35,40.45,40.45,954,22922.61,370000,8000,19-APR-2021,
OPTSTK,ADANIENT,29-Apr-2021,1180,CE,25.95,40.8,22.05,33.25,33.25,364,8832.31,320000,-38000,19-APR-2021,
OPTSTK,ADANIENT,29-Apr-2021,1200,CE,20.9,34,17.5,26.8,26.8,1827,44845.94,1198000,34000,19-APR-2021,
OPTSTK,ADANIENT,29-Apr-2021,1220,CE,13.4,27.25,13.4,21.55,21.55,492,12219.83,520000,-52000,19-APR-2021,
OPTSTK,ADANIENT,29-Apr-2021,1240,CE,10.05,22.45,10.05,17.1,17.1,549,13812.46,742000,6000,19-APR-2021,
OPTSTK,ADANIENT,29-Apr-2021,1260,CE,10.85,18,9.3,14.2,14.2,356,9075.71,440000,6000,19-APR-2021,
OPTSTK,ADANIENT,29-Apr-2021,1280,CE,9.9,14.85,7.95,11.55,11.55,247,6382.85,322000,-2000,19-APR-2021,
OPTSTK,ADANIENT,29-Apr-2021,1300,CE,10,12.2,4,9.5,9.5,851,22294.35,1120000,24000,19-APR-2021,
OPTSTK,ADANIENT,29-Apr-2021,1320,CE,7.05,22.45,3.2,7.65,7.65,206,5471.61,554000,18000,19-APR-2021,
OPTSTK,ADANIENT,29-Apr-2021,1340,CE,8.15,8.8,4.55,6.25,6.25,146,3932,188000,-22000,19-APR-2021,
OPTSTK,ADANIENT,29-Apr-2021,1360,CE,4.5,6.65,4,5.2,5.2,154,4206.11,110000,-12000,19-APR-2021,
OPTSTK,ADANIENT,29-Apr-2021,1380,CE,3.7,5.4,2.55,4.35,4.35,103,2852.21,146000,4000,19-APR-2021,
OPTSTK,ADANIENT,29-Apr-2021,1400,CE,2.15,4.55,2.1,3.65,3.65,427,11987.13,990000,2000,19-APR-2021,
OPTSTK,ADANIENT,29-Apr-2021,310,PE,0,0,0,2.5,0,0,0,0,0,19-APR-2021,
OPTSTK,ADANIENT,29-Apr-2021,320,PE,0,0,0,3.2,0,0,0,0,0,19-APR-2021,
OPTSTK,ADANIENT,29-Apr-2021,330,PE,0,0,0,4.1,0,0,0,0,0,19-APR-2021,
OPTSTK,ADANIENT,29-Apr-2021,340,PE,0,0,0,5.15,0,0,0,0,0,19-APR-2021,
OPTSTK,ADANIENT,29-Apr-2021,350,PE,0,0,0,6.35,0,0,0,0,0,19-APR-2021,
OPTSTK,ADANIENT,29-Apr-2021,360,PE,0,0,0,7.8,0,0,0,0,0,19-APR-2021,
OPTSTK,ADANIENT,29-Apr-2021,370,PE,0,0,0,9.4,0,0,0,0,0,19-APR-2021,
OPTSTK,ADANIENT,29-Apr-2021,380,PE,0,0,0,11.3,0,0,0,0,0,19-APR-2021,
OPTSTK,ADANIENT,29-Apr-2021,390,PE,0,0,0,13.4,0,0,0,0,0,19-APR-2021,
OPTSTK,ADANIENT,29-Apr-2021,400,PE,0,0,0,15.7,0,0,0,0,0,19-APR-2021,
OPTSTK,ADANIENT,29-Apr-2021,410,PE,0,0,0,18.35,0,0,0,0,0,19-APR-2021,
OPTSTK,ADANIENT,29-Apr-2021,420,PE,0,0,0,21.2,0,0,0,0,0,19-APR-2021,
OPTSTK,ADANIENT,29-Apr-2021,430,PE,0,0,0,24.3,0,0,0,0,0,19-APR-2021,
OPTSTK,ADANIENT,29-Apr-2021,440,PE,0,0,0,27.7,0,0,0,0,0,19-APR-2021,
OPTSTK,ADANIENT,29-Apr-2021,450,PE,0,0,0,31.35,0,0,0,0,0,19-APR-2021,
OPTSTK,ADANIENT,29-Apr-2021,460,PE,0,0,0,35.3,0,0,0,0,0,19-APR-2021,
OPTSTK,ADANIENT,29-Apr-2021,470,PE,0,0,0,39.5,0,0,0,0,0,19-APR-2021,
OPTSTK,ADANIENT,29-Apr-2021,480,PE,0,0,0,44,0,0,0,0,0,19-APR-2021,
OPTSTK,ADANIENT,29-Apr-2021,490,PE,0,0,0,48.75,0,0,0,0,0,19-APR-2021,
OPTSTK,ADANIENT,29-Apr-2021,500,PE,0,0,0,0.2,0,0,0,4000,0,19-APR-2021,
OPTSTK,ADANIENT,29-Apr-2021,510,PE,0,0,0,59.05,0,0,0,0,0,19-APR-2021,
OPTSTK,ADANIENT,29-Apr-2021,520,PE,0,0,0,64.55,0,0,0,0,0,19-APR-2021,
OPTSTK,ADANIENT,29-Apr-2021,530,PE,0,0,0,70.3,0,0,0,0,0,19-APR-2021,
OPTSTK,ADANIENT,29-Apr-2021,540,PE,0,0,0,76.3,0,0,0,0,0,19-APR-2021,
OPTSTK,ADANIENT,29-Apr-2021,550,PE,0,0,0,82.55,0,0,0,0,0,19-APR-2021,
OPTSTK,ADANIENT,29-Apr-2021,560,PE,0,0,0,89,0,0,0,0,0,19-APR-2021,
OPTSTK,ADANIENT,29-Apr-2021,570,PE,0,0,0,95.65,0,0,0,0,0,19-APR-2021,
OPTSTK,ADANIENT,29-Apr-2021,580,PE,0,0,0,102.5,0,0,0,0,0,19-APR-2021,
OPTSTK,ADANIENT,29-Apr-2021,590,PE,0,0,0,109.55,0,0,0,0,0,19-APR-2021,
OPTSTK,ADANIENT,29-Apr-2021,600,PE,0,0,0,0.2,0,0,0,26000,0,19-APR-2021,
OPTSTK,ADANIENT,29-Apr-2021,610,PE,0,0,0,124.2,0,0,0,0,0,19-APR-2021,
OPTSTK,ADANIENT,29-Apr-2021,620,PE,0,0,0,131.75,0,0,0,0,0,19-APR-2021,
OPTSTK,ADANIENT,29-Apr-2021,630,PE,0,0,0,139.5,0,0,0,0,0,19-APR-2021,
OPTSTK,ADANIENT,29-Apr-2021,640,PE,0,0,0,147.4,0,0,0,0,0,19-APR-2021,
OPTSTK,ADANIENT,29-Apr-2021,650,PE,0,0,0,155.4,0,0,0,0,0,19-APR-2021,
OPTSTK,ADANIENT,29-Apr-2021,660,PE,0,0,0,163.55,0,0,0,0,0,19-APR-2021,
OPTSTK,ADANIENT,29-Apr-2021,670,PE,0,0,0,171.8,0,0,0,0,0,19-APR-2021,
OPTSTK,ADANIENT,29-Apr-2021,680,PE,0,0,0,4.5,0,0,0,0,0,19-APR-2021,
OPTSTK,ADANIENT,29-Apr-2021,690,PE,0,0,0,188.7,0,0,0,0,0,19-APR-2021,
OPTSTK,ADANIENT,29-Apr-2021,700,PE,1.35,1.35,0.65,0.7,0.7,23,322.37,210000,0,19-APR-2021,
OPTSTK,ADANIENT,29-Apr-2021,710,PE,0,0,0,2,0,0,0,8000,0,19-APR-2021,
OPTSTK,ADANIENT,29-Apr-2021,720,PE,0,0,0,1.45,0,0,0,6000,0,19-APR-2021,
OPTSTK,ADANIENT,29-Apr-2021,730,PE,0,0,0,2.9,0,0,0,12000,0,19-APR-2021,
OPTSTK,ADANIENT,29-Apr-2021,740,PE,0,0,0,0.2,0,0,0,6000,0,19-APR-2021,
OPTSTK,ADANIENT,29-Apr-2021,750,PE,1.3,1.3,1.1,1.1,0,3,45.07,26000,0,19-APR-2021,
OPTSTK,ADANIENT,29-Apr-2021,760,PE,1.3,1.3,1.3,1.3,0,4,60.9,34000,-8000,19-APR-2021,
OPTSTK,ADANIENT,29-Apr-2021,770,PE,0,0,0,3,0,0,0,2000,0,19-APR-2021,
OPTSTK,ADANIENT,29-Apr-2021,780,PE,0,0,0,2.4,0.05,0,0,6000,0,19-APR-2021,
OPTSTK,ADANIENT,29-Apr-2021,790,PE,0,0,0,3.7,0.05,0,0,4000,0,19-APR-2021,
OPTSTK,ADANIENT,29-Apr-2021,800,PE,1.2,2.45,1.15,1.5,1.5,45,721.43,312000,4000,19-APR-2021,
OPTSTK,ADANIENT,29-Apr-2021,810,PE,0,0,0,197.55,0.05,0,0,0,0,19-APR-2021,
OPTSTK,ADANIENT,29-Apr-2021,820,PE,0,0,0,1.3,0.05,0,0,28000,0,19-APR-2021,
OPTSTK,ADANIENT,29-Apr-2021,830,PE,0,0,0,1.3,0.05,0,0,4000,0,19-APR-2021,
OPTSTK,ADANIENT,29-Apr-2021,840,PE,0,0,0,1.9,0.1,0,0,26000,0,19-APR-2021,
OPTSTK,ADANIENT,29-Apr-2021,850,PE,1.5,1.5,1.5,1.5,0.15,1,17.03,144000,-2000,19-APR-2021,
OPTSTK,ADANIENT,29-Apr-2021,860,PE,0,0,0,1.6,0.2,0,0,56000,0,19-APR-2021,
OPTSTK,ADANIENT,29-Apr-2021,870,PE,0,0,0,177.85,0.25,0,0,0,0,19-APR-2021,
OPTSTK,ADANIENT,29-Apr-2021,880,PE,2.45,2.45,2.45,2.45,0.35,1,17.64,72000,-2000,19-APR-2021,
OPTSTK,ADANIENT,29-Apr-2021,900,PE,4.1,4.85,2.45,2.9,2.9,245,4428.6,644000,-38000,19-APR-2021,
OPTSTK,ADANIENT,29-Apr-2021,920,PE,6,6,3.4,3.55,3.55,32,591.76,150000,-4000,19-APR-2021,
OPTSTK,ADANIENT,29-Apr-2021,940,PE,5.3,6.5,3.95,4.15,4.15,175,3307.62,206000,-20000,19-APR-2021,
OPTSTK,ADANIENT,29-Apr-2021,960,PE,2.5,9.3,2.5,5.35,5.35,129,2494.36,278000,-4000,19-APR-2021,
OPTSTK,ADANIENT,29-Apr-2021,980,PE,7,11.65,6.1,7,7,82,1621.07,288000,8000,19-APR-2021,
OPTSTK,ADANIENT,29-Apr-2021,1000,PE,17.95,18,8.2,9.2,9.2,854,17283.9,792000,78000,19-APR-2021,
OPTSTK,ADANIENT,29-Apr-2021,1020,PE,22.95,22.95,10.3,11.8,11.8,187,3871.57,240000,-6000,19-APR-2021,
OPTSTK,ADANIENT,29-Apr-2021,1040,PE,36.75,36.75,13.4,15.4,15.4,308,6521.55,296000,-8000,19-APR-2021,
OPTSTK,ADANIENT,29-Apr-2021,1060,PE,29.9,32,17.5,19.7,19.7,353,7654.88,302000,-36000,19-APR-2021,
OPTSTK,ADANIENT,29-Apr-2021,1080,PE,39.95,41.4,22.1,25.7,25.7,148,3286.79,252000,-8000,19-APR-2021,
OPTSTK,ADANIENT,29-Apr-2021,1100,PE,46.15,59.55,28.2,32.2,32.2,936,21304.89,744000,40000,19-APR-2021,
OPTSTK,ADANIENT,29-Apr-2021,1120,PE,60.7,60.7,35.45,40.25,40.25,368,8577.1,174000,-20000,19-APR-2021,
OPTSTK,ADANIENT,29-Apr-2021,1140,PE,70.65,74.35,44.1,49.6,49.6,402,9600.29,202000,32000,19-APR-2021,
OPTSTK,ADANIENT,29-Apr-2021,1160,PE,84.25,88,54.1,61.15,61.15,199,4876.77,208000,-18000,19-APR-2021,
OPTSTK,ADANIENT,29-Apr-2021,1180,PE,87.6,96.75,68.65,71.05,74.05,12,303.86,152000,-2000,19-APR-2021,
OPTSTK,ADANIENT,29-Apr-2021,1200,PE,105,110.2,85,86.35,86.35,17,440.38,268000,6000,19-APR-2021,
OPTSTK,ADANIENT,29-Apr-2021,1220,PE,103.1,103.1,103,103,103,4,105.84,168000,0,19-APR-2021,
OPTSTK,ADANIENT,29-Apr-2021,1240,PE,113.15,119.5,113.15,117.5,117.5,6,162.74,122000,0,19-APR-2021,
OPTSTK,ADANIENT,29-Apr-2021,1260,PE,159.7,159.7,159.7,159.7,134.4,1,28.39,8000,-2000,19-APR-2021,
OPTSTK,ADANIENT,29-Apr-2021,1280,PE,0,0,0,212,151.55,0,0,8000,0,19-APR-2021,
OPTSTK,ADANIENT,29-Apr-2021,1300,PE,0,0,0,124.4,169.3,0,0,8000,0,19-APR-2021,
OPTSTK,ADANIENT,29-Apr-2021,1320,PE,0,0,0,331.45,187.5,0,0,0,0,19-APR-2021,
OPTSTK,ADANIENT,29-Apr-2021,1340,PE,0,0,0,290.8,206.15,0,0,0,0,19-APR-2021,
OPTSTK,ADANIENT,29-Apr-2021,1360,PE,0,0,0,308.8,225.1,0,0,0,0,19-APR-2021,
OPTSTK,ADANIENT,29-Apr-2021,1380,PE,0,0,0,327.05,244.3,0,0,0,0,19-APR-2021,
OPTSTK,ADANIENT,29-Apr-2021,1400,PE,0,0,0,368.45,263.7,0,0,0,0,19-APR-2021,
OPTSTK,ADANIENT,27-May-2021,520,CE,0,0,0,333.4,618.4,0,0,0,0,19-APR-2021,
OPTSTK,ADANIENT,27-May-2021,540,CE,0,0,0,315.3,598.5,0,0,0,0,19-APR-2021,
OPTSTK,ADANIENT,27-May-2021,560,CE,0,0,0,297.65,578.55,0,0,0,0,19-APR-2021,
OPTSTK,ADANIENT,27-May-2021,580,CE,0,0,0,280.4,558.65,0,0,0,0,19-APR-2021,
OPTSTK,ADANIENT,27-May-2021,600,CE,0,0,0,400,538.75,0,0,0,0,19-APR-2021,
OPTSTK,ADANIENT,27-May-2021,620,CE,0,0,0,247.45,518.9,0,0,0,0,19-APR-2021,
OPTSTK,ADANIENT,27-May-2021,640,CE,0,0,0,231.8,499.05,0,0,0,0,19-APR-2021,
OPTSTK,ADANIENT,27-May-2021,660,CE,0,0,0,216.75,479.2,0,0,0,0,19-APR-2021,
OPTSTK,ADANIENT,27-May-2021,680,CE,0,0,0,202.3,459.45,0,0,0,0,19-APR-2021,
OPTSTK,ADANIENT,27-May-2021,700,CE,0,0,0,188.5,439.75,0,0,0,0,19-APR-2021,
OPTSTK,ADANIENT,27-May-2021,720,CE,0,0,0,175.3,420.15,0,0,0,0,19-APR-2021,
OPTSTK,ADANIENT,27-May-2021,740,CE,0,0,0,162.75,400.7,0,0,0,0,19-APR-2021,
OPTSTK,ADANIENT,27-May-2021,760,CE,0,0,0,150.9,381.35,0,0,0,0,19-APR-2021,
OPTSTK,ADANIENT,27-May-2021,780,CE,0,0,0,139.7,362.25,0,0,0,0,19-APR-2021,
OPTSTK,ADANIENT,27-May-2021,800,CE,0,0,0,129.15,343.35,0,0,0,0,19-APR-2021,
OPTSTK,ADANIENT,27-May-2021,820,CE,0,0,0,119.2,324.7,0,0,0,0,19-APR-2021,
OPTSTK,ADANIENT,27-May-2021,840,CE,0,0,0,109.9,306.4,0,0,0,0,19-APR-2021,
OPTSTK,ADANIENT,27-May-2021,860,CE,0,0,0,101.15,288.45,0,0,0,0,19-APR-2021,
OPTSTK,ADANIENT,27-May-2021,880,CE,0,0,0,93,270.9,0,0,0,0,19-APR-2021,
OPTSTK,ADANIENT,27-May-2021,900,CE,0,0,0,85.45,253.8,0,0,0,0,19-APR-2021,
OPTSTK,ADANIENT,27-May-2021,920,CE,0,0,0,78.4,237.25,0,0,0,0,19-APR-2021,
OPTSTK,ADANIENT,27-May-2021,940,CE,0,0,0,71.85,221.2,0,0,0,0,19-APR-2021,
OPTSTK,ADANIENT,27-May-2021,960,CE,0,0,0,65.75,205.7,0,0,0,0,19-APR-2021,
OPTSTK,ADANIENT,27-May-2021,980,CE,0,0,0,60.15,190.85,0,0,0,0,19-APR-2021,
OPTSTK,ADANIENT,27-May-2021,1000,CE,0,0,0,55,176.65,0,0,0,0,19-APR-2021,
OPTSTK,ADANIENT,27-May-2021,1020,CE,0,0,0,50.25,163,0,0,0,0,19-APR-2021,
OPTSTK,ADANIENT,27-May-2021,1040,CE,0,0,0,45.85,150.1,0,0,0,0,19-APR-2021,
OPTSTK,ADANIENT,27-May-2021,1060,CE,0,0,0,85,137.9,0,0,6000,0,19-APR-2021,
OPTSTK,ADANIENT,27-May-2021,1080,CE,0,0,0,38.1,126.35,0,0,0,0,19-APR-2021,
OPTSTK,ADANIENT,27-May-2021,1100,CE,0,0,0,60,115.5,0,0,14000,0,19-APR-2021,
OPTSTK,ADANIENT,27-May-2021,1120,CE,0,0,0,31.55,105.35,0,0,0,0,19-APR-2021,
OPTSTK,ADANIENT,27-May-2021,1140,CE,0,0,0,28.7,95.9,0,0,0,0,19-APR-2021,
OPTSTK,ADANIENT,27-May-2021,1160,CE,0,0,0,26.1,87.05,0,0,0,0,19-APR-2021,
OPTSTK,ADANIENT,27-May-2021,1180,CE,0,0,0,23.4,78.85,0,0,0,0,19-APR-2021,
OPTSTK,ADANIENT,27-May-2021,1200,CE,60.05,81.6,57.1,71,71,23,583.54,70000,14000,19-APR-2021,
OPTSTK,ADANIENT,27-May-2021,1220,CE,0,0,0,30.15,64.3,0,0,0,0,19-APR-2021,
OPTSTK,ADANIENT,27-May-2021,1240,CE,0,0,0,77,57.9,0,0,2000,0,19-APR-2021,
OPTSTK,ADANIENT,27-May-2021,1260,CE,0,0,0,29,52.05,0,0,0,0,19-APR-2021,
OPTSTK,ADANIENT,27-May-2021,1280,CE,0,0,0,69.4,46.65,0,0,4000,0,19-APR-2021,
OPTSTK,ADANIENT,27-May-2021,1300,CE,40,45,39,41,41,10,268.06,28000,12000,19-APR-2021,
OPTSTK,ADANIENT,27-May-2021,1320,CE,0,0,0,46.55,37.4,0,0,16000,0,19-APR-2021,
OPTSTK,ADANIENT,27-May-2021,1340,CE,0,0,0,33.3,33.35,0,0,0,0,19-APR-2021,
OPTSTK,ADANIENT,27-May-2021,1360,CE,0,0,0,30.25,29.65,0,0,0,0,19-APR-2021,
OPTSTK,ADANIENT,27-May-2021,1380,CE,0,0,0,27.5,26.4,0,0,0,0,19-APR-2021,
OPTSTK,ADANIENT,27-May-2021,1400,CE,0,0,0,20,23.4,0,0,12000,0,19-APR-2021,
OPTSTK,ADANIENT,27-May-2021,520,PE,0,0,0,5.05,0,0,0,0,0,19-APR-2021,
OPTSTK,ADANIENT,27-May-2021,540,PE,0,0,0,6.8,0.05,0,0,0,0,19-APR-2021,
OPTSTK,ADANIENT,27-May-2021,560,PE,0,0,0,8.9,0.05,0,0,0,0,19-APR-2021,
OPTSTK,ADANIENT,27-May-2021,580,PE,0,0,0,11.5,0.05,0,0,0,0,19-APR-2021,
OPTSTK,ADANIENT,27-May-2021,600,PE,0,0,0,14.6,0.1,0,0,0,0,19-APR-2021,
OPTSTK,ADANIENT,27-May-2021,620,PE,0,0,0,18.2,0.1,0,0,0,0,19-APR-2021,
OPTSTK,ADANIENT,27-May-2021,640,PE,0,0,0,22.35,0.2,0,0,0,0,19-APR-2021,
OPTSTK,ADANIENT,27-May-2021,660,PE,0,0,0,27.1,0.3,0,0,0,0,19-APR-2021,
OPTSTK,ADANIENT,27-May-2021,680,PE,0,0,0,32.45,0.45,0,0,0,0,19-APR-2021,
OPTSTK,ADANIENT,27-May-2021,700,PE,0,0,0,38.45,0.7,0,0,0,0,19-APR-2021,
OPTSTK,ADANIENT,27-May-2021,720,PE,0,0,0,45.1,1,0,0,0,0,19-APR-2021,
OPTSTK,ADANIENT,27-May-2021,740,PE,0,0,0,52.35,1.45,0,0,0,0,19-APR-2021,
OPTSTK,ADANIENT,27-May-2021,760,PE,0,0,0,3,2.05,0,0,6000,0,19-APR-2021,
OPTSTK,ADANIENT,27-May-2021,780,PE,0,0,0,6,2.85,0,0,4000,0,19-APR-2021,
OPTSTK,ADANIENT,27-May-2021,800,PE,10.1,10.1,10.1,10.1,3.85,1,16.2,36000,0,19-APR-2021,
OPTSTK,ADANIENT,27-May-2021,820,PE,5,5,5,5,5,1,16.5,6000,2000,19-APR-2021,
OPTSTK,ADANIENT,27-May-2021,840,PE,7,7,7,7,7,1,16.94,18000,2000,19-APR-2021,
OPTSTK,ADANIENT,27-May-2021,860,PE,10,10,10,10,8.75,1,17.4,6000,2000,19-APR-2021,
OPTSTK,ADANIENT,27-May-2021,880,PE,0,0,0,121.35,11.15,0,0,0,0,19-APR-2021,
OPTSTK,ADANIENT,27-May-2021,900,PE,0,0,0,133.55,13.95,0,0,0,0,19-APR-2021,
OPTSTK,ADANIENT,27-May-2021,920,PE,0,0,0,146.3,17.3,0,0,0,0,19-APR-2021,
OPTSTK,ADANIENT,27-May-2021,940,PE,0,0,0,159.6,21.15,0,0,0,0,19-APR-2021,
OPTSTK,ADANIENT,27-May-2021,960,PE,0,0,0,28,25.6,0,0,8000,0,19-APR-2021,
OPTSTK,ADANIENT,27-May-2021,980,PE,0,0,0,187.55,30.7,0,0,0,0,19-APR-2021,
OPTSTK,ADANIENT,27-May-2021,1000,PE,0,0,0,25,36.4,0,0,4000,0,19-APR-2021,
OPTSTK,ADANIENT,27-May-2021,1020,PE,40,40,35.9,35.9,42.65,4,84.71,10000,8000,19-APR-2021,
OPTSTK,ADANIENT,27-May-2021,1040,PE,0,0,0,232.65,49.7,0,0,0,0,19-APR-2021,
OPTSTK,ADANIENT,27-May-2021,1060,PE,0,0,0,248.45,57.4,0,0,0,0,19-APR-2021,
OPTSTK,ADANIENT,27-May-2021,1080,PE,0,0,0,264.55,65.8,0,0,0,0,19-APR-2021,
OPTSTK,ADANIENT,27-May-2021,1100,PE,70,70,70,70,74.9,1,23.4,4000,2000,19-APR-2021,
OPTSTK,ADANIENT,27-May-2021,1120,PE,0,0,0,297.65,84.65,0,0,0,0,19-APR-2021,
OPTSTK,ADANIENT,27-May-2021,1140,PE,0,0,0,72,95.1,0,0,10000,0,19-APR-2021,
OPTSTK,ADANIENT,27-May-2021,1160,PE,0,0,0,331.8,106.2,0,0,0,0,19-APR-2021,
OPTSTK,ADANIENT,27-May-2021,1180,PE,0,0,0,341.4,117.9,0,0,0,0,19-APR-2021,
OPTSTK,ADANIENT,27-May-2021,1200,PE,0,0,0,341.45,130.3,0,0,0,0,19-APR-2021,
OPTSTK,ADANIENT,27-May-2021,1220,PE,0,0,0,324.25,143.2,0,0,0,0,19-APR-2021,
OPTSTK,ADANIENT,27-May-2021,1240,PE,0,0,0,341.4,156.75,0,0,0,0,19-APR-2021,
OPTSTK,ADANIENT,27-May-2021,1260,PE,0,0,0,289.4,170.75,0,0,0,0,19-APR-2021,
OPTSTK,ADANIENT,27-May-2021,1280,PE,0,0,0,306.4,185.3,0,0,0,0,19-APR-2021,
OPTSTK,ADANIENT,27-May-2021,1300,PE,0,0,0,323.65,200.4,0,0,0,0,19-APR-2021,
OPTSTK,ADANIENT,27-May-2021,1320,PE,0,0,0,341.15,215.9,0,0,0,0,19-APR-2021,
OPTSTK,ADANIENT,27-May-2021,1340,PE,0,0,0,305.95,231.8,0,0,0,0,19-APR-2021,
OPTSTK,ADANIENT,27-May-2021,1360,PE,0,0,0,322.8,248,0,0,0,0,19-APR-2021,
OPTSTK,ADANIENT,27-May-2021,1380,PE,0,0,0,339.9,264.65,0,0,0,0,19-APR-2021,
OPTSTK,ADANIENT,27-May-2021,1400,PE,0,0,0,377.3,281.6,0,0,0,0,19-APR-2021,
OPTSTK,ADANIENT,24-Jun-2021,620,CE,0,0,0,374.65,521.7,0,0,0,0,19-APR-2021,
OPTSTK,ADANIENT,24-Jun-2021,640,CE,0,0,0,356.85,502.25,0,0,0,0,19-APR-2021,
OPTSTK,ADANIENT,24-Jun-2021,660,CE,0,0,0,339.35,483,0,0,0,0,19-APR-2021,
OPTSTK,ADANIENT,24-Jun-2021,680,CE,0,0,0,322.3,463.85,0,0,0,0,19-APR-2021,
OPTSTK,ADANIENT,24-Jun-2021,700,CE,0,0,0,305.7,444.95,0,0,0,0,19-APR-2021,
OPTSTK,ADANIENT,24-Jun-2021,720,CE,0,0,0,289.5,426.2,0,0,0,0,19-APR-2021,
OPTSTK,ADANIENT,24-Jun-2021,740,CE,0,0,0,273.85,407.75,0,0,0,0,19-APR-2021,
OPTSTK,ADANIENT,24-Jun-2021,760,CE,0,0,0,258.65,389.55,0,0,0,0,19-APR-2021,
OPTSTK,ADANIENT,24-Jun-2021,780,CE,0,0,0,244,371.65,0,0,0,0,19-APR-2021,
OPTSTK,ADANIENT,24-Jun-2021,800,CE,0,0,0,229.9,354.15,0,0,0,0,19-APR-2021,
OPTSTK,ADANIENT,24-Jun-2021,820,CE,0,0,0,216.3,336.95,0,0,0,0,19-APR-2021,
OPTSTK,ADANIENT,24-Jun-2021,840,CE,0,0,0,203.25,320.2,0,0,0,0,19-APR-2021,
OPTSTK,ADANIENT,24-Jun-2021,860,CE,0,0,0,190.75,303.8,0,0,0,0,19-APR-2021,
OPTSTK,ADANIENT,24-Jun-2021,880,CE,0,0,0,178.85,287.9,0,0,0,0,19-APR-2021,
OPTSTK,ADANIENT,24-Jun-2021,900,CE,0,0,0,167.5,272.45,0,0,0,0,19-APR-2021,
OPTSTK,ADANIENT,24-Jun-2021,920,CE,0,0,0,156.7,257.55,0,0,0,0,19-APR-2021,
OPTSTK,ADANIENT,24-Jun-2021,940,CE,0,0,0,146.45,243.05,0,0,0,0,19-APR-2021,
OPTSTK,ADANIENT,24-Jun-2021,960,CE,0,0,0,136.7,229.1,0,0,0,0,19-APR-2021,
OPTSTK,ADANIENT,24-Jun-2021,980,CE,0,0,0,127.55,215.7,0,0,0,0,19-APR-2021,
OPTSTK,ADANIENT,24-Jun-2021,1000,CE,0,0,0,118.85,202.75,0,0,0,0,19-APR-2021,
OPTSTK,ADANIENT,24-Jun-2021,1020,CE,0,0,0,110.65,190.4,0,0,0,0,19-APR-2021,
OPTSTK,ADANIENT,24-Jun-2021,1040,CE,0,0,0,102.95,178.6,0,0,0,0,19-APR-2021,
OPTSTK,ADANIENT,24-Jun-2021,1060,CE,0,0,0,95.65,167.35,0,0,0,0,19-APR-2021,
OPTSTK,ADANIENT,24-Jun-2021,1080,CE,0,0,0,88.85,156.6,0,0,0,0,19-APR-2021,
OPTSTK,ADANIENT,24-Jun-2021,1100,CE,0,0,0,82.45,146.4,0,0,0,0,19-APR-2021,
OPTSTK,ADANIENT,24-Jun-2021,1120,CE,0,0,0,76.5,136.7,0,0,0,0,19-APR-2021,
OPTSTK,ADANIENT,24-Jun-2021,1140,CE,0,0,0,70.9,127.5,0,0,0,0,19-APR-2021,
OPTSTK,ADANIENT,24-Jun-2021,1160,CE,0,0,0,65.65,118.85,0,0,0,0,19-APR-2021,
OPTSTK,ADANIENT,24-Jun-2021,1180,CE,0,0,0,60.8,110.6,0,0,0,0,19-APR-2021,
OPTSTK,ADANIENT,24-Jun-2021,1200,CE,0,0,0,56.25,102.9,0,0,0,0,19-APR-2021,
OPTSTK,ADANIENT,24-Jun-2021,1220,CE,0,0,0,52.05,95.6,0,0,0,0,19-APR-2021,
OPTSTK,ADANIENT,24-Jun-2021,1240,CE,0,0,0,48.1,88.75,0,0,0,0,19-APR-2021,
OPTSTK,ADANIENT,24-Jun-2021,1260,CE,0,0,0,44.45,82.3,0,0,0,0,19-APR-2021,
OPTSTK,ADANIENT,24-Jun-2021,1280,CE,0,0,0,41.05,76.3,0,0,0,0,19-APR-2021,
OPTSTK,ADANIENT,24-Jun-2021,1300,CE,0,0,0,37.85,70.65,0,0,0,0,19-APR-2021,
OPTSTK,ADANIENT,24-Jun-2021,1320,CE,0,0,0,34.9,65.35,0,0,0,0,19-APR-2021,
OPTSTK,ADANIENT,24-Jun-2021,1340,CE,0,0,0,32.2,60.5,0,0,0,0,19-APR-2021,
OPTSTK,ADANIENT,24-Jun-2021,1360,CE,0,0,0,37.75,55.9,0,0,0,0,19-APR-2021,
OPTSTK,ADANIENT,24-Jun-2021,1380,CE,0,0,0,34.85,51.65,0,0,0,0,19-APR-2021,
OPTSTK,ADANIENT,24-Jun-2021,1400,CE,0,0,0,32.15,47.65,0,0,0,0,19-APR-2021,
OPTSTK,ADANIENT,24-Jun-2021,620,PE,0,0,0,7.35,1.15,0,0,0,0,19-APR-2021,
OPTSTK,ADANIENT,24-Jun-2021,640,PE,0,0,0,9.3,1.6,0,0,0,0,19-APR-2021,
OPTSTK,ADANIENT,24-Jun-2021,660,PE,0,0,0,11.7,2.2,0,0,0,0,19-APR-2021,
OPTSTK,ADANIENT,24-Jun-2021,680,PE,0,0,0,14.45,2.9,0,0,0,0,19-APR-2021,
OPTSTK,ADANIENT,24-Jun-2021,700,PE,0,0,0,17.65,3.85,0,0,0,0,19-APR-2021,
OPTSTK,ADANIENT,24-Jun-2021,720,PE,0,0,0,21.25,5,0,0,0,0,19-APR-2021,
OPTSTK,ADANIENT,24-Jun-2021,740,PE,0,0,0,25.4,6.4,0,0,0,0,19-APR-2021,
OPTSTK,ADANIENT,24-Jun-2021,760,PE,0,0,0,30.05,8.05,0,0,0,0,19-APR-2021,
OPTSTK,ADANIENT,24-Jun-2021,780,PE,0,0,0,35.2,10.05,0,0,0,0,19-APR-2021,
OPTSTK,ADANIENT,24-Jun-2021,800,PE,0,0,0,40.9,12.35,0,0,0,0,19-APR-2021,
OPTSTK,ADANIENT,24-Jun-2021,820,PE,0,0,0,47.1,15.05,0,0,0,0,19-APR-2021,
OPTSTK,ADANIENT,24-Jun-2021,840,PE,0,0,0,53.9,18.15,0,0,0,0,19-APR-2021,
OPTSTK,ADANIENT,24-Jun-2021,860,PE,0,0,0,61.2,21.65,0,0,0,0,19-APR-2021,
OPTSTK,ADANIENT,24-Jun-2021,880,PE,0,0,0,69.1,25.6,0,0,0,0,19-APR-2021,
OPTSTK,ADANIENT,24-Jun-2021,900,PE,0,0,0,77.55,30.05,0,0,0,0,19-APR-2021,
OPTSTK,ADANIENT,24-Jun-2021,920,PE,0,0,0,86.6,34.95,0,0,0,0,19-APR-2021,
OPTSTK,ADANIENT,24-Jun-2021,940,PE,0,0,0,96.15,40.35,0,0,0,0,19-APR-2021,
OPTSTK,ADANIENT,24-Jun-2021,960,PE,0,0,0,106.25,46.3,0,0,0,0,19-APR-2021,
OPTSTK,ADANIENT,24-Jun-2021,980,PE,0,0,0,116.85,52.7,0,0,0,0,19-APR-2021,
OPTSTK,ADANIENT,24-Jun-2021,1000,PE,0,0,0,128,59.65,0,0,0,0,19-APR-2021,
OPTSTK,ADANIENT,24-Jun-2021,1020,PE,0,0,0,139.6,67.2,0,0,0,0,19-APR-2021,
OPTSTK,ADANIENT,24-Jun-2021,1040,PE,0,0,0,151.7,75.25,0,0,0,0,19-APR-2021,
OPTSTK,ADANIENT,24-Jun-2021,1060,PE,0,0,0,164.25,83.85,0,0,0,0,19-APR-2021,
OPTSTK,ADANIENT,24-Jun-2021,1080,PE,0,0,0,177.25,92.95,0,0,0,0,19-APR-2021,
OPTSTK,ADANIENT,24-Jun-2021,1100,PE,0,0,0,190.7,102.6,0,0,0,0,19-APR-2021,
OPTSTK,ADANIENT,24-Jun-2021,1120,PE,0,0,0,204.5,112.8,0,0,0,0,19-APR-2021,
OPTSTK,ADANIENT,24-Jun-2021,1140,PE,0,0,0,218.7,123.45,0,0,0,0,19-APR-2021,
OPTSTK,ADANIENT,24-Jun-2021,1160,PE,0,0,0,233.3,134.65,0,0,0,0,19-APR-2021,
OPTSTK,ADANIENT,24-Jun-2021,1180,PE,0,0,0,248.3,146.3,0,0,0,0,19-APR-2021,
OPTSTK,ADANIENT,24-Jun-2021,1200,PE,0,0,0,263.55,158.45,0,0,0,0,19-APR-2021,
OPTSTK,ADANIENT,24-Jun-2021,1220,PE,0,0,0,279.15,171,0,0,0,0,19-APR-2021,
OPTSTK,ADANIENT,24-Jun-2021,1240,PE,0,0,0,295,184,0,0,0,0,19-APR-2021,
OPTSTK,ADANIENT,24-Jun-2021,1260,PE,0,0,0,311.15,197.45,0,0,0,0,19-APR-2021,
OPTSTK,ADANIENT,24-Jun-2021,1280,PE,0,0,0,327.6,211.3,0,0,0,0,19-APR-2021,
OPTSTK,ADANIENT,24-Jun-2021,1300,PE,0,0,0,344.2,225.5,0,0,0,0,19-APR-2021,
OPTSTK,ADANIENT,24-Jun-2021,1320,PE,0,0,0,361.1,240.1,0,0,0,0,19-APR-2021,
OPTSTK,ADANIENT,24-Jun-2021,1340,PE,0,0,0,378.15,255.1,0,0,0,0,19-APR-2021,
OPTSTK,ADANIENT,24-Jun-2021,1360,PE,0,0,0,354.25,270.35,0,0,0,0,19-APR-2021,
OPTSTK,ADANIENT,24-Jun-2021,1380,PE,0,0,0,371.2,285.95,0,0,0,0,19-APR-2021,
OPTSTK,ADANIENT,24-Jun-2021,1400,PE,0,0,0,388.3,301.85,0,0,0,0,19-APR-2021,
OPTSTK,ADANIPORTS,29-Apr-2021,320,CE,0,0,0,202.7,401.3,0,0,0,0,19-APR-2021,
OPTSTK,ADANIPORTS,29-Apr-2021,330,CE,0,0,0,193.05,391.3,0,0,0,0,19-APR-2021,
OPTSTK,ADANIPORTS,29-Apr-2021,340,CE,0,0,0,183.5,381.3,0,0,0,0,19-APR-2021,
OPTSTK,ADANIPORTS,29-Apr-2021,350,CE,0,0,0,174.05,371.3,0,0,0,0,19-APR-2021,
OPTSTK,ADANIPORTS,29-Apr-2021,360,CE,0,0,0,164.75,361.35,0,0,0,0,19-APR-2021,
OPTSTK,ADANIPORTS,29-Apr-2021,370,CE,0,0,0,155.6,351.35,0,0,0,0,19-APR-2021,
OPTSTK,ADANIPORTS,29-Apr-2021,380,CE,0,0,0,146.65,341.35,0,0,0,0,19-APR-2021,
OPTSTK,ADANIPORTS,29-Apr-2021,390,CE,0,0,0,137.9,331.35,0,0,0,0,19-APR-2021,
OPTSTK,ADANIPORTS,29-Apr-2021,400,CE,0,0,0,129.35,321.35,0,0,0,0,19-APR-2021,
OPTSTK,ADANIPORTS,29-Apr-2021,410,CE,0,0,0,121.05,311.4,0,0,0,0,19-APR-2021,
OPTSTK,ADANIPORTS,29-Apr-2021,420,CE,0,0,0,113,301.4,0,0,0,0,19-APR-2021,
OPTSTK,ADANIPORTS,29-Apr-2021,430,CE,0,0,0,105.3,291.4,0,0,0,0,19-APR-2021,
OPTSTK,ADANIPORTS,29-Apr-2021,440,CE,0,0,0,97.85,281.4,0,0,0,0,19-APR-2021,
OPTSTK,ADANIPORTS,29-Apr-2021,450,CE,0,0,0,90.7,271.4,0,0,0,0,19-APR-2021,
OPTSTK,ADANIPORTS,29-Apr-2021,460,CE,0,0,0,83.9,261.45,0,0,0,0,19-APR-2021,
OPTSTK,ADANIPORTS,29-Apr-2021,470,CE,0,0,0,77.4,251.45,0,0,0,0,19-APR-2021,
OPTSTK,ADANIPORTS,29-Apr-2021,480,CE,0,0,0,71.3,241.45,0,0,0,0,19-APR-2021,
OPTSTK,ADANIPORTS,29-Apr-2021,490,CE,0,0,0,65.5,231.45,0,0,0,0,19-APR-2021,
OPTSTK,ADANIPORTS,29-Apr-2021,500,CE,0,0,0,60.05,221.45,0,0,0,0,19-APR-2021,
OPTSTK,ADANIPORTS,29-Apr-2021,510,CE,0,0,0,54.9,211.5,0,0,0,0,19-APR-2021,
OPTSTK,ADANIPORTS,29-Apr-2021,520,CE,0,0,0,50.15,201.5,0,0,0,0,19-APR-2021,
OPTSTK,ADANIPORTS,29-Apr-2021,530,CE,0,0,0,45.7,191.5,0,0,0,0,19-APR-2021,
OPTSTK,ADANIPORTS,29-Apr-2021,540,CE,0,0,0,322.95,181.5,0,0,2500,0,19-APR-2021,
OPTSTK,ADANIPORTS,29-Apr-2021,550,CE,0,0,0,37.7,171.55,0,0,0,0,19-APR-2021,
OPTSTK,ADANIPORTS,29-Apr-2021,560,CE,0,0,0,190,161.55,0,0,2500,0,19-APR-2021,
OPTSTK,ADANIPORTS,29-Apr-2021,570,CE,0,0,0,30.85,151.6,0,0,0,0,19-APR-2021,
OPTSTK,ADANIPORTS,29-Apr-2021,580,CE,0,0,0,27.85,141.65,0,0,0,0,19-APR-2021,
OPTSTK,ADANIPORTS,29-Apr-2021,590,CE,0,0,0,25.1,131.75,0,0,0,0,19-APR-2021,
OPTSTK,ADANIPORTS,29-Apr-2021,600,CE,0,0,0,232.25,121.85,0,0,17500,0,19-APR-2021,
OPTSTK,ADANIPORTS,29-Apr-2021,610,CE,0,0,0,20.3,112.1,0,0,0,0,19-APR-2021,
OPTSTK,ADANIPORTS,29-Apr-2021,620,CE,0,0,0,238.1,102.45,0,0,0,0,19-APR-2021,
OPTSTK,ADANIPORTS,29-Apr-2021,630,CE,0,0,0,16.3,92.95,0,0,0,0,19-APR-2021,
OPTSTK,ADANIPORTS,29-Apr-2021,640,CE,0,0,0,90,83.7,0,0,2500,0,19-APR-2021,
OPTSTK,ADANIPORTS,29-Apr-2021,650,CE,85.4,86.75,80,80,74.75,5,91.7,25000,2500,19-APR-2021,
OPTSTK,ADANIPORTS,29-Apr-2021,660,CE,0,0,0,93.65,66.1,0,0,12500,0,19-APR-2021,
OPTSTK,ADANIPORTS,29-Apr-2021,670,CE,0,0,0,10.35,57.95,0,0,0,0,19-APR-2021,
OPTSTK,ADANIPORTS,29-Apr-2021,680,CE,60.8,60.8,56,56,56,4,73.92,25000,-5000,19-APR-2021,
OPTSTK,ADANIPORTS,29-Apr-2021,690,CE,49.7,50.95,49.7,50.95,43.1,2,37.01,17500,0,19-APR-2021,
OPTSTK,ADANIPORTS,29-Apr-2021,700,CE,44.2,51.75,39.15,43.4,43.4,173,3225.34,425000,42500,19-APR-2021,
OPTSTK,ADANIPORTS,29-Apr-2021,710,CE,35.05,41.5,35,38.25,38.25,50,935.18,135000,2500,19-APR-2021,
OPTSTK,ADANIPORTS,29-Apr-2021,720,CE,38.45,38.5,29,32.1,32.1,936,17636.88,527500,210000,19-APR-2021,
OPTSTK,ADANIPORTS,29-Apr-2021,730,CE,20.8,33.1,20.8,27,27,930,17649.38,582500,387500,19-APR-2021,
OPTSTK,ADANIPORTS,29-Apr-2021,740,CE,26,28.4,20.05,22.9,22.9,981,18753.54,615000,162500,19-APR-2021,
OPTSTK,ADANIPORTS,29-Apr-2021,750,CE,24.55,24.55,16.85,19.35,19.35,1459,28117.37,1187500,262500,19-APR-2021,
OPTSTK,ADANIPORTS,29-Apr-2021,760,CE,12.6,20.65,12.6,16.05,16.05,802,15586.79,852500,240000,19-APR-2021,
OPTSTK,ADANIPORTS,29-Apr-2021,770,CE,14,17.5,10.15,13.7,13.7,538,10552.61,735000,57500,19-APR-2021,
OPTSTK,ADANIPORTS,29-Apr-2021,780,CE,14.9,14.9,10,11.5,11.5,987,19551.98,1185000,165000,19-APR-2021,
OPTSTK,ADANIPORTS,29-Apr-2021,790,CE,10.6,12.75,8.75,9.8,9.8,397,7945.74,597500,42500,19-APR-2021,
OPTSTK,ADANIPORTS,29-Apr-2021,800,CE,11.95,11.95,4.3,8.3,8.3,2835,57334.65,3652500,242500,19-APR-2021,
OPTSTK,ADANIPORTS,29-Apr-2021,810,CE,20.05,20.05,3.6,7,7,424,8668.49,652500,60000,19-APR-2021,
OPTSTK,ADANIPORTS,29-Apr-2021,820,CE,8.9,8.9,5.2,6.05,6.05,707,14610.94,1075000,-107500,19-APR-2021,
OPTSTK,ADANIPORTS,29-Apr-2021,830,CE,7,7,4.55,5.25,5.25,341,7124.3,852500,-117500,19-APR-2021,
OPTSTK,ADANIPORTS,29-Apr-2021,840,CE,3.95,6.45,3.35,4.55,4.55,639,13498.45,1600000,-267500,19-APR-2021,
OPTSTK,ADANIPORTS,29-Apr-2021,850,CE,8.1,8.1,3.15,4.1,4.1,1112,23755.37,2912500,307500,19-APR-2021,
OPTSTK,ADANIPORTS,29-Apr-2021,860,CE,3.85,5.75,3.4,3.65,3.65,595,12851.67,1262500,82500,19-APR-2021,
OPTSTK,ADANIPORTS,29-Apr-2021,870,CE,3.1,4.15,3,3.2,3.2,306,6683.24,605000,-100000,19-APR-2021,
OPTSTK,ADANIPORTS,29-Apr-2021,880,CE,1.1,4.05,1.1,2.85,2.85,539,11901.08,1230000,-37500,19-APR-2021,
OPTSTK,ADANIPORTS,29-Apr-2021,890,CE,3,3.95,2.5,2.6,2.6,388,8661.62,1487500,-20000,19-APR-2021,
OPTSTK,ADANIPORTS,29-Apr-2021,900,CE,1.55,4,1.55,2.4,2.4,1007,22723.6,3320000,5000,19-APR-2021,
OPTSTK,ADANIPORTS,29-Apr-2021,910,CE,2,2.85,2,2.25,2.25,49,1117.61,305000,-30000,19-APR-2021,
OPTSTK,ADANIPORTS,29-Apr-2021,920,CE,1.45,2.5,1.45,1.95,1.95,76,1752.09,490000,-17500,19-APR-2021,
OPTSTK,ADANIPORTS,29-Apr-2021,930,CE,1.35,2.2,1.35,1.7,1.7,19,442.66,247500,0,19-APR-2021,
OPTSTK,ADANIPORTS,29-Apr-2021,940,CE,2.05,2.2,1.25,1.7,1.7,100,2354.46,670000,-72500,19-APR-2021,
OPTSTK,ADANIPORTS,29-Apr-2021,950,CE,1.5,2,1,1.55,1.55,157,3734.92,1037500,-32500,19-APR-2021,
OPTSTK,ADANIPORTS,29-Apr-2021,960,CE,1.15,1.65,1.1,1.3,1.3,78,1874.59,520000,-20000,19-APR-2021,
OPTSTK,ADANIPORTS,29-Apr-2021,970,CE,0.9,1.5,0.9,1.25,1.25,27,655.61,157500,-27500,19-APR-2021,
OPTSTK,ADANIPORTS,29-Apr-2021,980,CE,0.95,1.5,0.85,1.3,1.3,93,2281.35,520000,0,19-APR-2021,
OPTSTK,ADANIPORTS,29-Apr-2021,990,CE,0.9,1.25,0.75,1.05,1.05,190,4707.49,1992500,-110000,19-APR-2021,
OPTSTK,ADANIPORTS,29-Apr-2021,320,PE,0,0,0,0.6,0,0,0,0,0,19-APR-2021,
OPTSTK,ADANIPORTS,29-Apr-2021,330,PE,0,0,0,0.9,0,0,0,0,0,19-APR-2021,
OPTSTK,ADANIPORTS,29-Apr-2021,340,PE,0,0,0,0.1,0,0,0,7500,0,19-APR-2021,
OPTSTK,ADANIPORTS,29-Apr-2021,350,PE,0,0,0,1.75,0,0,0,0,0,19-APR-2021,
OPTSTK,ADANIPORTS,29-Apr-2021,360,PE,0,0,0,2.35,0,0,0,0,0,19-APR-2021,
OPTSTK,ADANIPORTS,29-Apr-2021,370,PE,0,0,0,3.1,0,0,0,0,0,19-APR-2021,
OPTSTK,ADANIPORTS,29-Apr-2021,380,PE,0,0,0,4.05,0,0,0,0,0,19-APR-2021,
OPTSTK,ADANIPORTS,29-Apr-2021,390,PE,0,0,0,5.2,0,0,0,0,0,19-APR-2021,
OPTSTK,ADANIPORTS,29-Apr-2021,400,PE,0,0,0,0.1,0,0,0,2500,0,19-APR-2021,
OPTSTK,ADANIPORTS,29-Apr-2021,410,PE,0,0,0,8.15,0,0,0,0,0,19-APR-2021,
OPTSTK,ADANIPORTS,29-Apr-2021,420,PE,0,0,0,10.05,0,0,0,0,0,19-APR-2021,
OPTSTK,ADANIPORTS,29-Apr-2021,430,PE,0,0,0,12.2,0,0,0,0,0,19-APR-2021,
OPTSTK,ADANIPORTS,29-Apr-2021,440,PE,0,0,0,14.7,0,0,0,0,0,19-APR-2021,
OPTSTK,ADANIPORTS,29-Apr-2021,450,PE,0,0,0,17.45,0,0,0,0,0,19-APR-2021,
OPTSTK,ADANIPORTS,29-Apr-2021,460,PE,0,0,0,20.55,0,0,0,0,0,19-APR-2021,
OPTSTK,ADANIPORTS,29-Apr-2021,470,PE,0,0,0,23.95,0,0,0,0,0,19-APR-2021,
OPTSTK,ADANIPORTS,29-Apr-2021,480,PE,0,0,0,27.75,0,0,0,0,0,19-APR-2021,
OPTSTK,ADANIPORTS,29-Apr-2021,490,PE,0,0,0,31.85,0,0,0,0,0,19-APR-2021,
OPTSTK,ADANIPORTS,29-Apr-2021,500,PE,0.95,0.95,0.5,0.65,0,9,112.65,67500,0,19-APR-2021,
OPTSTK,ADANIPORTS,29-Apr-2021,510,PE,0,0,0,41.1,0,0,0,0,0,19-APR-2021,
OPTSTK,ADANIPORTS,29-Apr-2021,520,PE,0,0,0,46.25,0,0,0,0,0,19-APR-2021,
OPTSTK,ADANIPORTS,29-Apr-2021,530,PE,0,0,0,51.7,0,0,0,0,0,19-APR-2021,
OPTSTK,ADANIPORTS,29-Apr-2021,540,PE,0,0,0,0.9,0,0,0,2500,0,19-APR-2021,
OPTSTK,ADANIPORTS,29-Apr-2021,550,PE,0.85,1.2,0.85,1.2,0.05,4,55.1,155000,-5000,19-APR-2021,
OPTSTK,ADANIPORTS,29-Apr-2021,560,PE,0,0,0,0.65,0.05,0,0,15000,0,19-APR-2021,
OPTSTK,ADANIPORTS,29-Apr-2021,570,PE,1.5,1.6,1.45,1.5,0.05,10,142.87,40000,5000,19-APR-2021,
OPTSTK,ADANIPORTS,29-Apr-2021,580,PE,1,2.1,1,1.9,1.9,42,610.91,132500,-2500,19-APR-2021,
OPTSTK,ADANIPORTS,29-Apr-2021,590,PE,2,2.3,2,2,0.2,14,207.26,80000,-2500,19-APR-2021,
OPTSTK,ADANIPORTS,29-Apr-2021,600,PE,3.7,4.35,2.5,2.8,2.8,580,8743.68,727500,-20000,19-APR-2021,
OPTSTK,ADANIPORTS,29-Apr-2021,610,PE,3.5,3.85,3.4,3.4,0.55,5,76.7,35000,-7500,19-APR-2021,
OPTSTK,ADANIPORTS,29-Apr-2021,620,PE,4.05,5.35,3.6,3.95,3.95,99,1544.86,282500,-2500,19-APR-2021,
OPTSTK,ADANIPORTS,29-Apr-2021,630,PE,11,11,4.35,4.95,4.95,74,1175.33,135000,22500,19-APR-2021,
OPTSTK,ADANIPORTS,29-Apr-2021,640,PE,4.05,7.6,4.05,6.05,6.05,79,1276.64,292500,10000,19-APR-2021,
OPTSTK,ADANIPORTS,29-Apr-2021,650,PE,23.1,23.1,6.45,7.5,7.5,677,11138.05,960000,75000,19-APR-2021,
OPTSTK,ADANIPORTS,29-Apr-2021,660,PE,9.05,12.65,8.05,9,9,190,3181.2,327500,-7500,19-APR-2021,
OPTSTK,ADANIPORTS,29-Apr-2021,670,PE,21.75,21.75,9.7,11,11,175,2983.12,207500,-7500,19-APR-2021,
OPTSTK,ADANIPORTS,29-Apr-2021,680,PE,32.35,32.35,12,13.65,13.65,520,9025.3,440000,12500,19-APR-2021,
OPTSTK,ADANIPORTS,29-Apr-2021,690,PE,18.35,19.05,14.55,16.55,16.55,158,2792.82,272500,80000,19-APR-2021,
OPTSTK,ADANIPORTS,29-Apr-2021,700,PE,18.95,28.05,17.8,20.15,20.15,1383,24939.06,1497500,-137500,19-APR-2021,
OPTSTK,ADANIPORTS,29-Apr-2021,710,PE,39.5,39.5,21.35,23.85,23.85,330,6066.46,330000,25000,19-APR-2021,
OPTSTK,ADANIPORTS,29-Apr-2021,720,PE,37,37,25.2,28.4,28.4,718,13453.99,725000,-7500,19-APR-2021,
OPTSTK,ADANIPORTS,29-Apr-2021,730,PE,37,41.85,29.6,33.4,33.4,401,7662.54,340000,-145000,19-APR-2021,
OPTSTK,ADANIPORTS,29-Apr-2021,740,PE,41.55,47.25,35.45,39.3,39.3,243,4739.69,562500,-130000,19-APR-2021,
OPTSTK,ADANIPORTS,29-Apr-2021,750,PE,51.9,53.8,40.9,46.15,46.15,142,2828.68,722500,-37500,19-APR-2021,
OPTSTK,ADANIPORTS,29-Apr-2021,760,PE,53,60.6,48.05,52,52,66,1342.42,435000,-30000,19-APR-2021,
OPTSTK,ADANIPORTS,29-Apr-2021,770,PE,67.45,67.45,57.15,60.5,60.5,16,332.03,242500,-10000,19-APR-2021,
OPTSTK,ADANIPORTS,29-Apr-2021,780,PE,65,75.15,62.35,68.65,68.65,29,614.22,422500,-20000,19-APR-2021,
OPTSTK,ADANIPORTS,29-Apr-2021,790,PE,0,0,0,51.7,73.05,0,0,207500,0,19-APR-2021,
OPTSTK,ADANIPORTS,29-Apr-2021,800,PE,90,93,79,84.35,84.35,96,2120.47,1137500,5000,19-APR-2021,
OPTSTK,ADANIPORTS,29-Apr-2021,810,PE,95.1,95.1,95,95,90.9,2,45.25,147500,-5000,19-APR-2021,
OPTSTK,ADANIPORTS,29-Apr-2021,820,PE,115.2,115.2,95.3,103,100.2,6,138.24,217500,-7500,19-APR-2021,
OPTSTK,ADANIPORTS,29-Apr-2021,830,PE,111.1,115,105.1,105.1,109.65,5,117.52,165000,0,19-APR-2021,
OPTSTK,ADANIPORTS,29-Apr-2021,840,PE,128.9,128.9,115,115,119.25,19,454.27,262500,-42500,19-APR-2021,
OPTSTK,ADANIPORTS,29-Apr-2021,850,PE,129.05,135,124.05,129.35,129.35,7,171.11,220000,0,19-APR-2021,
OPTSTK,ADANIPORTS,29-Apr-2021,860,PE,0,0,0,83.75,138.7,0,0,125000,0,19-APR-2021,
OPTSTK,ADANIPORTS,29-Apr-2021,870,PE,0,0,0,98,148.55,0,0,82500,0,19-APR-2021,
OPTSTK,ADANIPORTS,29-Apr-2021,880,PE,161.05,161.05,156.25,156.25,158.45,2,51.93,62500,-2500,19-APR-2021,
OPTSTK,ADANIPORTS,29-Apr-2021,890,PE,0,0,0,189.4,168.35,0,0,0,0,19-APR-2021,
OPTSTK,ADANIPORTS,29-Apr-2021,900,PE,176.5,176.5,176.5,176.5,178.3,1,26.91,20000,-2500,19-APR-2021,
OPTSTK,ADANIPORTS,29-Apr-2021,910,PE,0,0,0,192.6,188.25,0,0,0,0,19-APR-2021,
OPTSTK,ADANIPORTS,29-Apr-2021,920,PE,0,0,0,201.65,198.2,0,0,0,0,19-APR-2021,
OPTSTK,ADANIPORTS,29-Apr-2021,930,PE,0,0,0,202.45,208.2,0,0,0,0,19-APR-2021,
OPTSTK,ADANIPORTS,29-Apr-2021,940,PE,0,0,0,191.6,218.15,0,0,0,0,19-APR-2021,
OPTSTK,ADANIPORTS,29-Apr-2021,950,PE,0,0,0,200.55,228.15,0,0,0,0,19-APR-2021,
OPTSTK,ADANIPORTS,29-Apr-2021,960,PE,0,0,0,268.85,238.1,0,0,0,0,19-APR-2021,
OPTSTK,ADANIPORTS,29-Apr-2021,970,PE,0,0,0,278.7,248.1,0,0,0,0,19-APR-2021,
OPTSTK,ADANIPORTS,29-Apr-2021,980,PE,0,0,0,209,258.1,0,0,0,0,19-APR-2021,
OPTSTK,ADANIPORTS,29-Apr-2021,990,PE,0,0,0,298.5,268.1,0,0,0,0,19-APR-2021,
OPTSTK,ADANIPORTS,27-May-2021,500,CE,0,0,0,213.1,223.4,0,0,0,0,19-APR-2021,
OPTSTK,ADANIPORTS,27-May-2021,510,CE,0,0,0,204.1,213.6,0,0,0,0,19-APR-2021,
OPTSTK,ADANIPORTS,27-May-2021,520,CE,0,0,0,195.25,203.9,0,0,0,0,19-APR-2021,
OPTSTK,ADANIPORTS,27-May-2021,530,CE,0,0,0,186.55,194.25,0,0,0,0,19-APR-2021,
OPTSTK,ADANIPORTS,27-May-2021,540,CE,0,0,0,178,184.7,0,0,0,0,19-APR-2021,
OPTSTK,ADANIPORTS,27-May-2021,550,CE,0,0,0,169.65,175.25,0,0,0,0,19-APR-2021,
OPTSTK,ADANIPORTS,27-May-2021,560,CE,0,0,0,161.5,165.95,0,0,0,0,19-APR-2021,
OPTSTK,ADANIPORTS,27-May-2021,570,CE,0,0,0,153.5,156.8,0,0,0,0,19-APR-2021,
OPTSTK,ADANIPORTS,27-May-2021,580,CE,0,0,0,145.75,147.8,0,0,0,0,19-APR-2021,
OPTSTK,ADANIPORTS,27-May-2021,590,CE,0,0,0,138.2,139,0,0,0,0,19-APR-2021,
OPTSTK,ADANIPORTS,27-May-2021,600,CE,0,0,0,130.95,130.4,0,0,0,0,19-APR-2021,
OPTSTK,ADANIPORTS,27-May-2021,610,CE,0,0,0,123.85,122.05,0,0,0,0,19-APR-2021,
OPTSTK,ADANIPORTS,27-May-2021,620,CE,0,0,0,117,113.95,0,0,0,0,19-APR-2021,
OPTSTK,ADANIPORTS,27-May-2021,630,CE,0,0,0,110.35,106.1,0,0,0,0,19-APR-2021,
OPTSTK,ADANIPORTS,27-May-2021,640,CE,0,0,0,104,98.55,0,0,0,0,19-APR-2021,
OPTSTK,ADANIPORTS,27-May-2021,650,CE,0,0,0,97.9,91.3,0,0,0,0,19-APR-2021,
OPTSTK,ADANIPORTS,27-May-2021,660,CE,0,0,0,92.05,84.3,0,0,0,0,19-APR-2021,
OPTSTK,ADANIPORTS,27-May-2021,670,CE,0,0,0,86.45,77.65,0,0,0,0,19-APR-2021,
OPTSTK,ADANIPORTS,27-May-2021,680,CE,0,0,0,81.1,71.4,0,0,0,0,19-APR-2021,
OPTSTK,ADANIPORTS,27-May-2021,690,CE,0,0,0,76,65.45,0,0,0,0,19-APR-2021,
OPTSTK,ADANIPORTS,27-May-2021,700,CE,0,0,0,71.1,59.8,0,0,0,0,19-APR-2021,
OPTSTK,ADANIPORTS,27-May-2021,710,CE,0,0,0,66.5,54.55,0,0,0,0,19-APR-2021,
OPTSTK,ADANIPORTS,27-May-2021,720,CE,0,0,0,62.1,49.6,0,0,0,0,19-APR-2021,
OPTSTK,ADANIPORTS,27-May-2021,730,CE,0,0,0,84.05,45,0,0,52500,0,19-APR-2021,
OPTSTK,ADANIPORTS,27-May-2021,740,CE,0,0,0,61,40.7,0,0,17500,0,19-APR-2021,
OPTSTK,ADANIPORTS,27-May-2021,750,CE,42.5,49,42.4,45,45,41,815.67,100000,20000,19-APR-2021,
OPTSTK,ADANIPORTS,27-May-2021,760,CE,0,0,0,53.4,33.05,0,0,22500,0,19-APR-2021,
OPTSTK,ADANIPORTS,27-May-2021,770,CE,0,0,0,38.6,29.7,0,0,17500,0,19-APR-2021,
OPTSTK,ADANIPORTS,27-May-2021,780,CE,33.65,39.15,33.65,39.15,26.6,10,204.07,75000,2500,19-APR-2021,
OPTSTK,ADANIPORTS,27-May-2021,790,CE,33.15,33.15,29.8,29.8,23.75,3,61.57,62500,7500,19-APR-2021,
OPTSTK,ADANIPORTS,27-May-2021,800,CE,28,38,25.7,29,29,103,2138.17,222500,65000,19-APR-2021,
OPTSTK,ADANIPORTS,27-May-2021,810,CE,0,0,0,46.05,18.9,0,0,15000,0,19-APR-2021,
OPTSTK,ADANIPORTS,27-May-2021,820,CE,14.6,23.5,14.6,23.5,16.75,2,41.95,5000,-2500,19-APR-2021,
OPTSTK,ADANIPORTS,27-May-2021,830,CE,0,0,0,27.5,14.85,0,0,0,0,19-APR-2021,
OPTSTK,ADANIPORTS,27-May-2021,840,CE,0,0,0,25.4,13.1,0,0,0,0,19-APR-2021,
OPTSTK,ADANIPORTS,27-May-2021,850,CE,15.5,22.7,15.5,18.5,18.5,98,2127.51,452500,32500,19-APR-2021,
OPTSTK,ADANIPORTS,27-May-2021,860,CE,0,0,0,21.6,10.2,0,0,0,0,19-APR-2021,
OPTSTK,ADANIPORTS,27-May-2021,870,CE,0,0,0,19.9,8.95,0,0,0,0,19-APR-2021,
OPTSTK,ADANIPORTS,27-May-2021,880,CE,0,0,0,18.35,7.85,0,0,0,0,19-APR-2021,
OPTSTK,ADANIPORTS,27-May-2021,890,CE,0,0,0,44,6.85,0,0,0,0,19-APR-2021,
OPTSTK,ADANIPORTS,27-May-2021,900,CE,14.45,14.45,10,11.4,11.4,99,2255.99,222500,110000,19-APR-2021,
OPTSTK,ADANIPORTS,27-May-2021,910,CE,0,0,0,16.15,5.2,0,0,0,0,19-APR-2021,
OPTSTK,ADANIPORTS,27-May-2021,920,CE,0,0,0,14.85,4.55,0,0,0,0,19-APR-2021,
OPTSTK,ADANIPORTS,27-May-2021,930,CE,0,0,0,15.15,3.95,0,0,0,0,19-APR-2021,
OPTSTK,ADANIPORTS,27-May-2021,940,CE,0,0,0,17.8,3.4,0,0,0,0,19-APR-2021,
OPTSTK,ADANIPORTS,27-May-2021,950,CE,0,0,0,16.4,2.95,0,0,0,0,19-APR-2021,
OPTSTK,ADANIPORTS,27-May-2021,960,CE,0,0,0,3.3,2.55,0,0,0,0,19-APR-2021,
OPTSTK,ADANIPORTS,27-May-2021,970,CE,0,0,0,2.95,2.2,0,0,0,0,19-APR-2021,
OPTSTK,ADANIPORTS,27-May-2021,980,CE,4.75,4.75,4.75,4.75,1.9,9,221.56,22500,22500,19-APR-2021,
OPTSTK,ADANIPORTS,27-May-2021,990,CE,0,0,0,6.8,1.65,0,0,7500,0,19-APR-2021,
OPTSTK,ADANIPORTS,27-May-2021,500,PE,0,0,0,4.15,0.5,0,0,0,0,19-APR-2021,
OPTSTK,ADANIPORTS,27-May-2021,510,PE,0,0,0,5.05,0.65,0,0,0,0,19-APR-2021,
OPTSTK,ADANIPORTS,27-May-2021,520,PE,0,0,0,6.1,0.9,0,0,0,0,19-APR-2021,
OPTSTK,ADANIPORTS,27-May-2021,530,PE,0,0,0,7.3,1.25,0,0,0,0,19-APR-2021,
OPTSTK,ADANIPORTS,27-May-2021,540,PE,0,0,0,8.7,1.65,0,0,0,0,19-APR-2021,
OPTSTK,ADANIPORTS,27-May-2021,550,PE,0,0,0,3,2.2,0,0,5000,0,19-APR-2021,
OPTSTK,ADANIPORTS,27-May-2021,560,PE,0,0,0,2.75,2.85,0,0,10000,0,19-APR-2021,
OPTSTK,ADANIPORTS,27-May-2021,570,PE,0,0,0,5,3.65,0,0,10000,0,19-APR-2021,
OPTSTK,ADANIPORTS,27-May-2021,580,PE,0,0,0,4,4.6,0,0,7500,0,19-APR-2021,
OPTSTK,ADANIPORTS,27-May-2021,590,PE,0,0,0,18.45,5.75,0,0,0,0,19-APR-2021,
OPTSTK,ADANIPORTS,27-May-2021,600,PE,7.9,10,7.9,10,7.1,6,91.39,20000,15000,19-APR-2021,
OPTSTK,ADANIPORTS,27-May-2021,610,PE,0,0,0,23.85,8.7,0,0,0,0,19-APR-2021,
OPTSTK,ADANIPORTS,27-May-2021,620,PE,0,0,0,26.9,10.55,0,0,0,0,19-APR-2021,
OPTSTK,ADANIPORTS,27-May-2021,630,PE,0,0,0,30.2,12.7,0,0,0,0,19-APR-2021,
OPTSTK,ADANIPORTS,27-May-2021,640,PE,0,0,0,33.75,15.1,0,0,0,0,19-APR-2021,
OPTSTK,ADANIPORTS,27-May-2021,650,PE,20.1,23.5,20,22.2,22.2,59,990.74,137500,-2500,19-APR-2021,
OPTSTK,ADANIPORTS,27-May-2021,660,PE,0,0,0,41.6,20.75,0,0,0,0,19-APR-2021,
OPTSTK,ADANIPORTS,27-May-2021,670,PE,30,30,30,30,24.1,1,17.5,2500,2500,19-APR-2021,
OPTSTK,ADANIPORTS,27-May-2021,680,PE,0,0,0,29.9,27.8,0,0,12500,0,19-APR-2021,
OPTSTK,ADANIPORTS,27-May-2021,690,PE,0,0,0,34.4,31.8,0,0,12500,0,19-APR-2021,
OPTSTK,ADANIPORTS,27-May-2021,700,PE,40,42.6,39,41.6,36.15,34,629.77,132500,32500,19-APR-2021,
OPTSTK,ADANIPORTS,27-May-2021,710,PE,0,0,0,43,40.8,0,0,12500,0,19-APR-2021,
OPTSTK,ADANIPORTS,27-May-2021,720,PE,46,46,46,46,45.85,1,19.15,22500,2500,19-APR-2021,
OPTSTK,ADANIPORTS,27-May-2021,730,PE,0,0,0,46.5,51.2,0,0,5000,0,19-APR-2021,
OPTSTK,ADANIPORTS,27-May-2021,740,PE,0,0,0,82.8,56.85,0,0,0,0,19-APR-2021,
OPTSTK,ADANIPORTS,27-May-2021,750,PE,0,0,0,40,62.85,0,0,15000,0,19-APR-2021,
OPTSTK,ADANIPORTS,27-May-2021,760,PE,0,0,0,95.4,69.15,0,0,0,0,19-APR-2021,
OPTSTK,ADANIPORTS,27-May-2021,770,PE,0,0,0,101.95,75.75,0,0,0,0,19-APR-2021,
OPTSTK,ADANIPORTS,27-May-2021,780,PE,0,0,0,55.9,82.6,0,0,2500,0,19-APR-2021,
OPTSTK,ADANIPORTS,27-May-2021,790,PE,0,0,0,115.75,89.75,0,0,0,0,19-APR-2021,
OPTSTK,ADANIPORTS,27-May-2021,800,PE,97.6,100.65,97.6,100.65,100.65,3,67.4,32500,2500,19-APR-2021,
OPTSTK,ADANIPORTS,27-May-2021,810,PE,0,0,0,130.3,104.8,0,0,0,0,19-APR-2021,
OPTSTK,ADANIPORTS,27-May-2021,820,PE,0,0,0,137.8,112.6,0,0,0,0,19-APR-2021,
OPTSTK,ADANIPORTS,27-May-2021,830,PE,0,0,0,145.45,120.65,0,0,0,0,19-APR-2021,
OPTSTK,ADANIPORTS,27-May-2021,840,PE,0,0,0,153.3,128.9,0,0,0,0,19-APR-2021,
OPTSTK,ADANIPORTS,27-May-2021,850,PE,0,0,0,85.95,137.3,0,0,7500,0,19-APR-2021,
OPTSTK,ADANIPORTS,27-May-2021,860,PE,0,0,0,169.3,145.9,0,0,0,0,19-APR-2021,
OPTSTK,ADANIPORTS,27-May-2021,870,PE,0,0,0,177.5,154.6,0,0,0,0,19-APR-2021,
OPTSTK,ADANIPORTS,27-May-2021,880,PE,0,0,0,185.85,163.45,0,0,0,0,19-APR-2021,
OPTSTK,ADANIPORTS,27-May-2021,890,PE,0,0,0,194.3,172.45,0,0,0,0,19-APR-2021,
OPTSTK,ADANIPORTS,27-May-2021,900,PE,0,0,0,202.85,181.55,0,0,0,0,19-APR-2021,
OPTSTK,ADANIPORTS,27-May-2021,910,PE,0,0,0,197.65,190.75,0,0,0,0,19-APR-2021,
OPTSTK,ADANIPORTS,27-May-2021,920,PE,0,0,0,206.25,200,0,0,0,0,19-APR-2021,
OPTSTK,ADANIPORTS,27-May-2021,930,PE,0,0,0,207.25,209.35,0,0,0,0,19-APR-2021,
OPTSTK,ADANIPORTS,27-May-2021,940,PE,0,0,0,197.35,218.8,0,0,0,0,19-APR-2021,
OPTSTK,ADANIPORTS,27-May-2021,950,PE,0,0,0,205.85,228.3,0,0,0,0,19-APR-2021,
OPTSTK,ADANIPORTS,27-May-2021,960,PE,0,0,0,268.85,237.85,0,0,0,0,19-APR-2021,
OPTSTK,ADANIPORTS,27-May-2021,970,PE,0,0,0,278.4,247.5,0,0,0,0,19-APR-2021,
OPTSTK,ADANIPORTS,27-May-2021,980,PE,0,0,0,288,257.15,0,0,0,0,19-APR-2021,
OPTSTK,ADANIPORTS,27-May-2021,990,PE,0,0,0,297.65,266.85,0,0,0,0,19-APR-2021,
OPTSTK,ADANIPORTS,24-Jun-2021,500,CE,0,0,0,198.15,226.75,0,0,0,0,19-APR-2021,
OPTSTK,ADANIPORTS,24-Jun-2021,510,CE,0,0,0,189.35,217.45,0,0,0,0,19-APR-2021,
OPTSTK,ADANIPORTS,24-Jun-2021,520,CE,0,0,0,180.7,208.2,0,0,0,0,19-APR-2021,
OPTSTK,ADANIPORTS,24-Jun-2021,530,CE,0,0,0,172.2,199.15,0,0,0,0,19-APR-2021,
OPTSTK,ADANIPORTS,24-Jun-2021,540,CE,0,0,0,163.95,190.2,0,0,0,0,19-APR-2021,
OPTSTK,ADANIPORTS,24-Jun-2021,550,CE,0,0,0,155.85,181.4,0,0,0,0,19-APR-2021,
OPTSTK,ADANIPORTS,24-Jun-2021,560,CE,0,0,0,147.95,172.8,0,0,0,0,19-APR-2021,
OPTSTK,ADANIPORTS,24-Jun-2021,570,CE,0,0,0,140.3,164.4,0,0,0,0,19-APR-2021,
OPTSTK,ADANIPORTS,24-Jun-2021,580,CE,0,0,0,132.85,156.15,0,0,0,0,19-APR-2021,
OPTSTK,ADANIPORTS,24-Jun-2021,590,CE,0,0,0,125.65,148.1,0,0,0,0,19-APR-2021,
OPTSTK,ADANIPORTS,24-Jun-2021,600,CE,0,0,0,118.65,140.3,0,0,0,0,19-APR-2021,
OPTSTK,ADANIPORTS,24-Jun-2021,610,CE,0,0,0,111.95,132.7,0,0,0,0,19-APR-2021,
OPTSTK,ADANIPORTS,24-Jun-2021,620,CE,0,0,0,105.45,125.35,0,0,0,0,19-APR-2021,
OPTSTK,ADANIPORTS,24-Jun-2021,630,CE,0,0,0,99.2,118.2,0,0,0,0,19-APR-2021,
OPTSTK,ADANIPORTS,24-Jun-2021,640,CE,0,0,0,93.25,111.35,0,0,0,0,19-APR-2021,
OPTSTK,ADANIPORTS,24-Jun-2021,650,CE,0,0,0,87.5,104.7,0,0,0,0,19-APR-2021,
OPTSTK,ADANIPORTS,24-Jun-2021,660,CE,0,0,0,82.05,98.35,0,0,0,0,19-APR-2021,
OPTSTK,ADANIPORTS,24-Jun-2021,670,CE,0,0,0,76.85,92.25,0,0,0,0,19-APR-2021,
OPTSTK,ADANIPORTS,24-Jun-2021,680,CE,0,0,0,71.9,86.4,0,0,0,0,19-APR-2021,
OPTSTK,ADANIPORTS,24-Jun-2021,690,CE,0,0,0,67.15,80.85,0,0,0,0,19-APR-2021,
OPTSTK,ADANIPORTS,24-Jun-2021,700,CE,0,0,0,62.7,75.5,0,0,0,0,19-APR-2021,
OPTSTK,ADANIPORTS,24-Jun-2021,710,CE,0,0,0,58.45,70.45,0,0,0,0,19-APR-2021,
OPTSTK,ADANIPORTS,24-Jun-2021,720,CE,0,0,0,54.4,65.65,0,0,0,0,19-APR-2021,
OPTSTK,ADANIPORTS,24-Jun-2021,730,CE,0,0,0,50.65,61.1,0,0,0,0,19-APR-2021,
OPTSTK,ADANIPORTS,24-Jun-2021,740,CE,0,0,0,47.05,56.8,0,0,0,0,19-APR-2021,
OPTSTK,ADANIPORTS,24-Jun-2021,750,CE,0,0,0,43.7,52.7,0,0,0,0,19-APR-2021,
OPTSTK,ADANIPORTS,24-Jun-2021,760,CE,0,0,0,40.5,48.9,0,0,0,0,19-APR-2021,
OPTSTK,ADANIPORTS,24-Jun-2021,770,CE,0,0,0,37.55,45.25,0,0,0,0,19-APR-2021,
OPTSTK,ADANIPORTS,24-Jun-2021,780,CE,0,0,0,34.75,41.9,0,0,0,0,19-APR-2021,
OPTSTK,ADANIPORTS,24-Jun-2021,790,CE,0,0,0,32.15,38.7,0,0,0,0,19-APR-2021,
OPTSTK,ADANIPORTS,24-Jun-2021,800,CE,0,0,0,29.75,35.7,0,0,0,0,19-APR-2021,
OPTSTK,ADANIPORTS,24-Jun-2021,810,CE,0,0,0,27.5,32.95,0,0,0,0,19-APR-2021,
OPTSTK,ADANIPORTS,24-Jun-2021,820,CE,0,0,0,25.35,30.35,0,0,0,0,19-APR-2021,
OPTSTK,ADANIPORTS,24-Jun-2021,830,CE,0,0,0,23.4,27.95,0,0,0,0,19-APR-2021,
OPTSTK,ADANIPORTS,24-Jun-2021,840,CE,0,0,0,21.55,25.7,0,0,0,0,19-APR-2021,
OPTSTK,ADANIPORTS,24-Jun-2021,850,CE,0,0,0,86.45,23.6,0,0,7500,0,19-APR-2021,
OPTSTK,ADANIPORTS,24-Jun-2021,860,CE,0,0,0,18.25,21.65,0,0,0,0,19-APR-2021,
OPTSTK,ADANIPORTS,24-Jun-2021,870,CE,0,0,0,16.75,19.85,0,0,0,0,19-APR-2021,
OPTSTK,ADANIPORTS,24-Jun-2021,880,CE,0,0,0,15.4,18.15,0,0,0,0,19-APR-2021,
OPTSTK,ADANIPORTS,24-Jun-2021,890,CE,0,0,0,14.15,16.65,0,0,0,0,19-APR-2021,
OPTSTK,ADANIPORTS,24-Jun-2021,900,CE,0,0,0,13,15.2,0,0,0,0,19-APR-2021,
OPTSTK,ADANIPORTS,24-Jun-2021,910,CE,0,0,0,11.9,13.9,0,0,0,0,19-APR-2021,
OPTSTK,ADANIPORTS,24-Jun-2021,920,CE,0,0,0,10.9,12.7,0,0,0,0,19-APR-2021,
OPTSTK,ADANIPORTS,24-Jun-2021,930,CE,0,0,0,10,11.55,0,0,0,0,19-APR-2021,
OPTSTK,ADANIPORTS,24-Jun-2021,940,CE,0,0,0,9.15,10.55,0,0,0,0,19-APR-2021,
OPTSTK,ADANIPORTS,24-Jun-2021,950,CE,0,0,0,8.35,9.6,0,0,0,0,19-APR-2021,
OPTSTK,ADANIPORTS,24-Jun-2021,960,CE,0,0,0,7.65,8.75,0,0,0,0,19-APR-2021,
OPTSTK,ADANIPORTS,24-Jun-2021,970,CE,0,0,0,7,7.95,0,0,0,0,19-APR-2021,
OPTSTK,ADANIPORTS,24-Jun-2021,980,CE,0,0,0,6.4,7.2,0,0,0,0,19-APR-2021,
OPTSTK,ADANIPORTS,24-Jun-2021,990,CE,0,0,0,5.8,6.55,0,0,0,0,19-APR-2021,
OPTSTK,ADANIPORTS,24-Jun-2021,500,PE,0,0,0,5.25,2.4,0,0,0,0,19-APR-2021,
OPTSTK,ADANIPORTS,24-Jun-2021,510,PE,0,0,0,6.35,3.05,0,0,0,0,19-APR-2021,
OPTSTK,ADANIPORTS,24-Jun-2021,520,PE,0,0,0,7.6,3.75,0,0,0,0,19-APR-2021,
OPTSTK,ADANIPORTS,24-Jun-2021,530,PE,0,0,0,9.05,4.6,0,0,0,0,19-APR-2021,
OPTSTK,ADANIPORTS,24-Jun-2021,540,PE,0,0,0,10.65,5.6,0,0,0,0,19-APR-2021,
OPTSTK,ADANIPORTS,24-Jun-2021,550,PE,0,0,0,12.45,6.75,0,0,0,0,19-APR-2021,
OPTSTK,ADANIPORTS,24-Jun-2021,560,PE,0,0,0,14.5,8.1,0,0,0,0,19-APR-2021,
OPTSTK,ADANIPORTS,24-Jun-2021,570,PE,0,0,0,16.7,9.6,0,0,0,0,19-APR-2021,
OPTSTK,ADANIPORTS,24-Jun-2021,580,PE,0,0,0,19.2,11.25,0,0,0,0,19-APR-2021,
OPTSTK,ADANIPORTS,24-Jun-2021,590,PE,0,0,0,21.9,13.15,0,0,0,0,19-APR-2021,
OPTSTK,ADANIPORTS,24-Jun-2021,600,PE,0,0,0,24.85,15.3,0,0,0,0,19-APR-2021,
OPTSTK,ADANIPORTS,24-Jun-2021,610,PE,0,0,0,28,17.6,0,0,0,0,19-APR-2021,
OPTSTK,ADANIPORTS,24-Jun-2021,620,PE,0,0,0,31.4,20.2,0,0,0,0,19-APR-2021,
OPTSTK,ADANIPORTS,24-Jun-2021,630,PE,0,0,0,35.1,23,0,0,0,0,19-APR-2021,
OPTSTK,ADANIPORTS,24-Jun-2021,640,PE,0,0,0,39.05,26.05,0,0,0,0,19-APR-2021,
OPTSTK,ADANIPORTS,24-Jun-2021,650,PE,0,0,0,43.2,29.35,0,0,0,0,19-APR-2021,
OPTSTK,ADANIPORTS,24-Jun-2021,660,PE,0,0,0,47.65,32.95,0,0,0,0,19-APR-2021,
OPTSTK,ADANIPORTS,24-Jun-2021,670,PE,0,0,0,52.35,36.75,0,0,0,0,19-APR-2021,
OPTSTK,ADANIPORTS,24-Jun-2021,680,PE,0,0,0,57.3,40.85,0,0,0,0,19-APR-2021,
OPTSTK,ADANIPORTS,24-Jun-2021,690,PE,0,0,0,62.5,45.2,0,0,0,0,19-APR-2021,
OPTSTK,ADANIPORTS,24-Jun-2021,700,PE,0,0,0,67.9,49.85,0,0,0,0,19-APR-2021,
OPTSTK,ADANIPORTS,24-Jun-2021,710,PE,0,0,0,73.6,54.7,0,0,0,0,19-APR-2021,
OPTSTK,ADANIPORTS,24-Jun-2021,720,PE,0,0,0,79.45,59.85,0,0,0,0,19-APR-2021,
OPTSTK,ADANIPORTS,24-Jun-2021,730,PE,0,0,0,85.6,65.2,0,0,0,0,19-APR-2021,
OPTSTK,ADANIPORTS,24-Jun-2021,740,PE,0,0,0,91.9,70.85,0,0,0,0,19-APR-2021,
OPTSTK,ADANIPORTS,24-Jun-2021,750,PE,0,0,0,98.45,76.7,0,0,0,0,19-APR-2021,
OPTSTK,ADANIPORTS,24-Jun-2021,760,PE,0,0,0,105.2,82.8,0,0,0,0,19-APR-2021,
OPTSTK,ADANIPORTS,24-Jun-2021,770,PE,0,0,0,112.15,89.1,0,0,0,0,19-APR-2021,
OPTSTK,ADANIPORTS,24-Jun-2021,780,PE,0,0,0,119.25,95.65,0,0,0,0,19-APR-2021,
OPTSTK,ADANIPORTS,24-Jun-2021,790,PE,0,0,0,126.55,102.4,0,0,0,0,19-APR-2021,
OPTSTK,ADANIPORTS,24-Jun-2021,800,PE,0,0,0,134.05,109.35,0,0,0,0,19-APR-2021,
OPTSTK,ADANIPORTS,24-Jun-2021,810,PE,0,0,0,141.7,116.5,0,0,0,0,19-APR-2021,
OPTSTK,ADANIPORTS,24-Jun-2021,820,PE,0,0,0,149.5,123.85,0,0,0,0,19-APR-2021,
OPTSTK,ADANIPORTS,24-Jun-2021,830,PE,0,0,0,157.45,131.4,0,0,0,0,19-APR-2021,
OPTSTK,ADANIPORTS,24-Jun-2021,840,PE,0,0,0,165.45,139.05,0,0,0,0,19-APR-2021,
OPTSTK,ADANIPORTS,24-Jun-2021,850,PE,0,0,0,173.65,146.9,0,0,0,0,19-APR-2021,
OPTSTK,ADANIPORTS,24-Jun-2021,860,PE,0,0,0,182,154.9,0,0,0,0,19-APR-2021,
OPTSTK,ADANIPORTS,24-Jun-2021,870,PE,0,0,0,190.45,163,0,0,0,0,19-APR-2021,
OPTSTK,ADANIPORTS,24-Jun-2021,880,PE,0,0,0,198.95,171.3,0,0,0,0,19-APR-2021,
OPTSTK,ADANIPORTS,24-Jun-2021,890,PE,0,0,0,207.6,179.65,0,0,0,0,19-APR-2021,
OPTSTK,ADANIPORTS,24-Jun-2021,900,PE,0,0,0,216.35,188.15,0,0,0,0,19-APR-2021,
OPTSTK,ADANIPORTS,24-Jun-2021,910,PE,0,0,0,225.2,196.8,0,0,0,0,19-APR-2021,
OPTSTK,ADANIPORTS,24-Jun-2021,920,PE,0,0,0,234.1,205.5,0,0,0,0,19-APR-2021,
OPTSTK,ADANIPORTS,24-Jun-2021,930,PE,0,0,0,243.1,214.35,0,0,0,0,19-APR-2021,
OPTSTK,ADANIPORTS,24-Jun-2021,940,PE,0,0,0,252.15,223.25,0,0,0,0,19-APR-2021,
OPTSTK,ADANIPORTS,24-Jun-2021,950,PE,0,0,0,261.25,232.25,0,0,0,0,19-APR-2021,
OPTSTK,ADANIPORTS,24-Jun-2021,960,PE,0,0,0,270.45,241.3,0,0,0,0,19-APR-2021,
OPTSTK,ADANIPORTS,24-Jun-2021,970,PE,0,0,0,279.7,250.45,0,0,0,0,19-APR-2021,
OPTSTK,ADANIPORTS,24-Jun-2021,980,PE,0,0,0,289,259.65,0,0,0,0,19-APR-2021,
OPTSTK,ADANIPORTS,24-Jun-2021,990,PE,0,0,0,298.35,268.9,0,0,0,0,19-APR-2021,
OPTSTK,ALKEM,29-Apr-2021,2180,CE,0,0,0,567.6,571.25,0,0,0,0,19-APR-2021,
OPTSTK,ALKEM,29-Apr-2021,2200,CE,0,0,0,547.7,551.25,0,0,0,0,19-APR-2021,
OPTSTK,ALKEM,29-Apr-2021,2220,CE,0,0,0,527.85,531.3,0,0,0,0,19-APR-2021,
OPTSTK,ALKEM,29-Apr-2021,2240,CE,0,0,0,507.95,511.3,0,0,0,0,19-APR-2021,
OPTSTK,ALKEM,29-Apr-2021,2260,CE,0,0,0,488.1,491.35,0,0,0,0,19-APR-2021,
OPTSTK,ALKEM,29-Apr-2021,2280,CE,0,0,0,468.25,471.35,0,0,0,0,19-APR-2021,
OPTSTK,ALKEM,29-Apr-2021,2300,CE,0,0,0,448.35,451.4,0,0,0,0,19-APR-2021,
OPTSTK,ALKEM,29-Apr-2021,2320,CE,0,0,0,428.5,431.45,0,0,0,0,19-APR-2021,
OPTSTK,ALKEM,29-Apr-2021,2340,CE,0,0,0,408.6,411.55,0,0,0,0,19-APR-2021,
OPTSTK,ALKEM,29-Apr-2021,2360,CE,0,0,0,388.75,391.65,0,0,0,0,19-APR-2021,
OPTSTK,ALKEM,29-Apr-2021,2380,CE,0,0,0,368.9,371.75,0,0,0,0,19-APR-2021,
OPTSTK,ALKEM,29-Apr-2021,2400,CE,0,0,0,349,351.95,0,0,0,0,19-APR-2021,
OPTSTK,ALKEM,29-Apr-2021,2420,CE,0,0,0,329.15,332.25,0,0,0,0,19-APR-2021,
OPTSTK,ALKEM,29-Apr-2021,2440,CE,0,0,0,309.25,312.65,0,0,0,0,19-APR-2021,
OPTSTK,ALKEM,29-Apr-2021,2460,CE,0,0,0,289.4,293.2,0,0,0,0,19-APR-2021,
OPTSTK,ALKEM,29-Apr-2021,2480,CE,0,0,0,269.5,273.9,0,0,0,0,19-APR-2021,
OPTSTK,ALKEM,29-Apr-2021,2500,CE,0,0,0,249.65,254.9,0,0,0,0,19-APR-2021,
OPTSTK,ALKEM,29-Apr-2021,2520,CE,0,0,0,229.8,236.15,0,0,0,0,19-APR-2021,
OPTSTK,ALKEM,29-Apr-2021,2540,CE,0,0,0,209.9,217.8,0,0,0,0,19-APR-2021,
OPTSTK,ALKEM,29-Apr-2021,2560,CE,0,0,0,190.05,199.85,0,0,0,0,19-APR-2021,
OPTSTK,ALKEM,29-Apr-2021,2580,CE,0,0,0,170.15,182.45,0,0,0,0,19-APR-2021,
OPTSTK,ALKEM,29-Apr-2021,2600,CE,0,0,0,159.4,165.65,0,0,600,0,19-APR-2021,
OPTSTK,ALKEM,29-Apr-2021,2620,CE,0,0,0,130.4,149.5,0,0,0,0,19-APR-2021,
OPTSTK,ALKEM,29-Apr-2021,2640,CE,0,0,0,110.55,134.1,0,0,0,0,19-APR-2021,
OPTSTK,ALKEM,29-Apr-2021,2660,CE,0,0,0,159.5,119.5,0,0,1000,0,19-APR-2021,
OPTSTK,ALKEM,29-Apr-2021,2680,CE,0,0,0,70.8,105.8,0,0,0,0,19-APR-2021,
OPTSTK,ALKEM,29-Apr-2021,2700,CE,0,0,0,139.45,93.05,0,0,3600,0,19-APR-2021,
OPTSTK,ALKEM,29-Apr-2021,2720,CE,0,0,0,150,81.2,0,0,400,0,19-APR-2021,
OPTSTK,ALKEM,29-Apr-2021,2740,CE,0,0,0,11.2,70.4,0,0,0,0,19-APR-2021,
OPTSTK,ALKEM,29-Apr-2021,2760,CE,0,0,0,0.05,60.55,0,0,0,0,19-APR-2021,
OPTSTK,ALKEM,29-Apr-2021,2780,CE,0,0,0,0.05,51.65,0,0,0,0,19-APR-2021,
OPTSTK,ALKEM,29-Apr-2021,2800,CE,70,104,60.25,71.55,71.55,192,1107.71,21600,4000,19-APR-2021,
OPTSTK,ALKEM,29-Apr-2021,2820,CE,0,0,0,0.05,36.75,0,0,0,0,19-APR-2021,
OPTSTK,ALKEM,29-Apr-2021,2840,CE,0,0,0,0.05,30.65,0,0,0,0,19-APR-2021,
OPTSTK,ALKEM,29-Apr-2021,2860,CE,50,50,50,50,25.45,2,11.64,1400,-200,19-APR-2021,
OPTSTK,ALKEM,29-Apr-2021,2880,CE,0,0,0,0.05,20.8,0,0,0,0,19-APR-2021,
OPTSTK,ALKEM,29-Apr-2021,2900,CE,40,60,34.85,35.4,35.4,23,135.61,23200,-1400,19-APR-2021,
OPTSTK,ALKEM,29-Apr-2021,2920,CE,0,0,0,0.05,13.65,0,0,0,0,19-APR-2021,
OPTSTK,ALKEM,29-Apr-2021,2940,CE,0,0,0,0.05,10.95,0,0,0,0,19-APR-2021,
OPTSTK,ALKEM,29-Apr-2021,2960,CE,0,0,0,0.05,8.7,0,0,0,0,19-APR-2021,
OPTSTK,ALKEM,29-Apr-2021,2980,CE,0,0,0,0.05,6.85,0,0,0,0,19-APR-2021,
OPTSTK,ALKEM,29-Apr-2021,3000,CE,19.05,38.45,14.55,24.45,24.45,114,690.61,26600,1400,19-APR-2021,
OPTSTK,ALKEM,29-Apr-2021,3020,CE,0,0,0,0.05,4.15,0,0,0,0,19-APR-2021,
OPTSTK,ALKEM,29-Apr-2021,3040,CE,0,0,0,0.05,3.2,0,0,0,0,19-APR-2021,
OPTSTK,ALKEM,29-Apr-2021,3060,CE,0,0,0,0.05,2.4,0,0,0,0,19-APR-2021,
OPTSTK,ALKEM,29-Apr-2021,3080,CE,0,0,0,25,1.85,0,0,0,0,19-APR-2021,
OPTSTK,ALKEM,29-Apr-2021,3100,CE,5.05,20,5.05,15.55,15.55,12,74.74,4200,-400,19-APR-2021,
OPTSTK,ALKEM,29-Apr-2021,3120,CE,0,0,0,13.15,1.05,0,0,200,0,19-APR-2021,
OPTSTK,ALKEM,29-Apr-2021,3140,CE,0,0,0,0.05,0.75,0,0,0,0,19-APR-2021,
OPTSTK,ALKEM,29-Apr-2021,3160,CE,0,0,0,15,0.55,0,0,0,0,19-APR-2021,
OPTSTK,ALKEM,29-Apr-2021,3180,CE,0,0,0,0.05,0.4,0,0,0,0,19-APR-2021,
OPTSTK,ALKEM,29-Apr-2021,3200,CE,6.2,12,3.5,6.85,6.85,18,115.5,3400,-1000,19-APR-2021,
OPTSTK,ALKEM,29-Apr-2021,3220,CE,0,0,0,5,0.2,0,0,0,0,19-APR-2021,
OPTSTK,ALKEM,29-Apr-2021,3240,CE,0,0,0,0.05,0.15,0,0,0,0,19-APR-2021,
OPTSTK,ALKEM,29-Apr-2021,3260,CE,0,0,0,5,0.1,0,0,0,0,19-APR-2021,
OPTSTK,ALKEM,29-Apr-2021,3280,CE,0,0,0,0.05,0.1,0,0,0,0,19-APR-2021,
OPTSTK,ALKEM,29-Apr-2021,3300,CE,1.65,5,1.65,3,3,5,33.03,2000,-200,19-APR-2021,
OPTSTK,ALKEM,29-Apr-2021,3320,CE,0,0,0,3,0.05,0,0,600,0,19-APR-2021,
OPTSTK,ALKEM,29-Apr-2021,2180,PE,0,0,0,0.05,0,0,0,0,0,19-APR-2021,
OPTSTK,ALKEM,29-Apr-2021,2200,PE,0,0,0,0.05,0,0,0,0,0,19-APR-2021,
OPTSTK,ALKEM,29-Apr-2021,2220,PE,0,0,0,0.05,0,0,0,0,0,19-APR-2021,
OPTSTK,ALKEM,29-Apr-2021,2240,PE,0,0,0,0.05,0.05,0,0,0,0,19-APR-2021,
OPTSTK,ALKEM,29-Apr-2021,2260,PE,0,0,0,0.05,0.05,0,0,0,0,19-APR-2021,
OPTSTK,ALKEM,29-Apr-2021,2280,PE,0,0,0,0.05,0.05,0,0,0,0,19-APR-2021,
OPTSTK,ALKEM,29-Apr-2021,2300,PE,0,0,0,3.4,0.05,0,0,400,0,19-APR-2021,
OPTSTK,ALKEM,29-Apr-2021,2320,PE,0,0,0,0.05,0.1,0,0,0,0,19-APR-2021,
OPTSTK,ALKEM,29-Apr-2021,2340,PE,0,0,0,0.05,0.15,0,0,0,0,19-APR-2021,
OPTSTK,ALKEM,29-Apr-2021,2360,PE,0,0,0,0.05,0.25,0,0,0,0,19-APR-2021,
OPTSTK,ALKEM,29-Apr-2021,2380,PE,0,0,0,0.05,0.35,0,0,0,0,19-APR-2021,
OPTSTK,ALKEM,29-Apr-2021,2400,PE,0,0,0,3,0.55,0,0,800,0,19-APR-2021,
OPTSTK,ALKEM,29-Apr-2021,2420,PE,0,0,0,0.05,0.8,0,0,0,0,19-APR-2021,
OPTSTK,ALKEM,29-Apr-2021,2440,PE,0,0,0,0.05,1.15,0,0,0,0,19-APR-2021,
OPTSTK,ALKEM,29-Apr-2021,2460,PE,0,0,0,0.05,1.7,0,0,0,0,19-APR-2021,
OPTSTK,ALKEM,29-Apr-2021,2480,PE,0,0,0,0.05,2.4,0,0,0,0,19-APR-2021,
OPTSTK,ALKEM,29-Apr-2021,2500,PE,12,13,12,12,12,3,15.07,2800,-200,19-APR-2021,
OPTSTK,ALKEM,29-Apr-2021,2520,PE,0,0,0,0.05,4.6,0,0,0,0,19-APR-2021,
OPTSTK,ALKEM,29-Apr-2021,2540,PE,0,0,0,0.05,6.2,0,0,0,0,19-APR-2021,
OPTSTK,ALKEM,29-Apr-2021,2560,PE,0,0,0,26.35,8.3,0,0,0,0,19-APR-2021,
OPTSTK,ALKEM,29-Apr-2021,2580,PE,0,0,0,0.05,10.85,0,0,0,0,19-APR-2021,
OPTSTK,ALKEM,29-Apr-2021,2600,PE,32,36,25,30,30,10,52.63,7200,1000,19-APR-2021,
OPTSTK,ALKEM,29-Apr-2021,2620,PE,0,0,0,0.05,17.85,0,0,0,0,19-APR-2021,
OPTSTK,ALKEM,29-Apr-2021,2640,PE,0,0,0,0.05,22.45,0,0,0,0,19-APR-2021,
OPTSTK,ALKEM,29-Apr-2021,2660,PE,0,0,0,66.5,27.8,0,0,400,0,19-APR-2021,
OPTSTK,ALKEM,29-Apr-2021,2680,PE,0,0,0,0.05,34.1,0,0,0,0,19-APR-2021,
OPTSTK,ALKEM,29-Apr-2021,2700,PE,46.95,46.95,46.95,46.95,41.3,1,5.49,1800,200,19-APR-2021,
OPTSTK,ALKEM,29-Apr-2021,2720,PE,0,0,0,0.05,49.45,0,0,0,0,19-APR-2021,
OPTSTK,ALKEM,29-Apr-2021,2740,PE,0,0,0,0.05,58.6,0,0,0,0,19-APR-2021,
OPTSTK,ALKEM,29-Apr-2021,2760,PE,0,0,0,8.75,68.75,0,0,0,0,19-APR-2021,
OPTSTK,ALKEM,29-Apr-2021,2780,PE,0,0,0,28.6,79.85,0,0,0,0,19-APR-2021,
OPTSTK,ALKEM,29-Apr-2021,2800,PE,0,0,0,90,91.9,0,0,800,0,19-APR-2021,
OPTSTK,ALKEM,29-Apr-2021,2820,PE,0,0,0,68.35,104.9,0,0,0,0,19-APR-2021,
OPTSTK,ALKEM,29-Apr-2021,2840,PE,0,0,0,88.2,118.75,0,0,0,0,19-APR-2021,
OPTSTK,ALKEM,29-Apr-2021,2860,PE,0,0,0,108.05,133.55,0,0,0,0,19-APR-2021,
OPTSTK,ALKEM,29-Apr-2021,2880,PE,0,0,0,127.95,148.9,0,0,0,0,19-APR-2021,
OPTSTK,ALKEM,29-Apr-2021,2900,PE,0,0,0,127.45,165,0,0,0,0,19-APR-2021,
OPTSTK,ALKEM,29-Apr-2021,2920,PE,0,0,0,167.7,181.7,0,0,0,0,19-APR-2021,
OPTSTK,ALKEM,29-Apr-2021,2940,PE,0,0,0,187.55,198.95,0,0,0,0,19-APR-2021,
OPTSTK,ALKEM,29-Apr-2021,2960,PE,0,0,0,207.4,216.7,0,0,0,0,19-APR-2021,
OPTSTK,ALKEM,29-Apr-2021,2980,PE,0,0,0,227.3,234.8,0,0,0,0,19-APR-2021,
OPTSTK,ALKEM,29-Apr-2021,3000,PE,0,0,0,247.15,253.3,0,0,0,0,19-APR-2021,
OPTSTK,ALKEM,29-Apr-2021,3020,PE,0,0,0,267.05,272.1,0,0,0,0,19-APR-2021,
OPTSTK,ALKEM,29-Apr-2021,3040,PE,0,0,0,286.9,291.1,0,0,0,0,19-APR-2021,
OPTSTK,ALKEM,29-Apr-2021,3060,PE,0,0,0,306.8,310.35,0,0,0,0,19-APR-2021,
OPTSTK,ALKEM,29-Apr-2021,3080,PE,0,0,0,326.65,329.7,0,0,0,0,19-APR-2021,
OPTSTK,ALKEM,29-Apr-2021,3100,PE,0,0,0,339.65,349.25,0,0,0,0,19-APR-2021,
OPTSTK,ALKEM,29-Apr-2021,3120,PE,0,0,0,366.4,368.9,0,0,0,0,19-APR-2021,
OPTSTK,ALKEM,29-Apr-2021,3140,PE,0,0,0,386.25,388.6,0,0,0,0,19-APR-2021,
OPTSTK,ALKEM,29-Apr-2021,3160,PE,0,0,0,406.15,408.35,0,0,0,0,19-APR-2021,
OPTSTK,ALKEM,29-Apr-2021,3180,PE,0,0,0,426,428.2,0,0,0,0,19-APR-2021,
OPTSTK,ALKEM,29-Apr-2021,3200,PE,0,0,0,445.85,448.05,0,0,0,0,19-APR-2021,
OPTSTK,ALKEM,29-Apr-2021,3220,PE,0,0,0,465.75,467.95,0,0,0,0,19-APR-2021,
OPTSTK,ALKEM,29-Apr-2021,3240,PE,0,0,0,485.6,487.9,0,0,0,0,19-APR-2021,
OPTSTK,ALKEM,29-Apr-2021,3260,PE,0,0,0,505.5,507.85,0,0,0,0,19-APR-2021,
OPTSTK,ALKEM,29-Apr-2021,3280,PE,0,0,0,525.35,527.8,0,0,0,0,19-APR-2021,
OPTSTK,ALKEM,29-Apr-2021,3300,PE,0,0,0,545.25,547.75,0,0,0,0,19-APR-2021,
OPTSTK,ALKEM,29-Apr-2021,3320,PE,0,0,0,565.1,567.7,0,0,0,0,19-APR-2021,
OPTSTK,ALKEM,27-May-2021,2180,CE,0,0,0,573.8,579.6,0,0,0,0,19-APR-2021,
OPTSTK,ALKEM,27-May-2021,2200,CE,0,0,0,554,560.2,0,0,0,0,19-APR-2021,
OPTSTK,ALKEM,27-May-2021,2220,CE,0,0,0,534.2,540.85,0,0,0,0,19-APR-2021,
OPTSTK,ALKEM,27-May-2021,2240,CE,0,0,0,514.35,521.65,0,0,0,0,19-APR-2021,
OPTSTK,ALKEM,27-May-2021,2260,CE,0,0,0,494.55,502.55,0,0,0,0,19-APR-2021,
OPTSTK,ALKEM,27-May-2021,2280,CE,0,0,0,474.75,483.65,0,0,0,0,19-APR-2021,
OPTSTK,ALKEM,27-May-2021,2300,CE,0,0,0,454.9,464.9,0,0,0,0,19-APR-2021,
OPTSTK,ALKEM,27-May-2021,2320,CE,0,0,0,435.1,446.3,0,0,0,0,19-APR-2021,
OPTSTK,ALKEM,27-May-2021,2340,CE,0,0,0,415.3,427.95,0,0,0,0,19-APR-2021,
OPTSTK,ALKEM,27-May-2021,2360,CE,0,0,0,395.5,409.8,0,0,0,0,19-APR-2021,
OPTSTK,ALKEM,27-May-2021,2380,CE,0,0,0,375.65,391.9,0,0,0,0,19-APR-2021,
OPTSTK,ALKEM,27-May-2021,2400,CE,0,0,0,355.85,374.3,0,0,0,0,19-APR-2021,
OPTSTK,ALKEM,27-May-2021,2420,CE,0,0,0,336.05,356.95,0,0,0,0,19-APR-2021,
OPTSTK,ALKEM,27-May-2021,2440,CE,0,0,0,316.25,339.95,0,0,0,0,19-APR-2021,
OPTSTK,ALKEM,27-May-2021,2460,CE,0,0,0,296.4,323.3,0,0,0,0,19-APR-2021,
OPTSTK,ALKEM,27-May-2021,2480,CE,0,0,0,276.6,306.95,0,0,0,0,19-APR-2021,
OPTSTK,ALKEM,27-May-2021,2500,CE,0,0,0,256.8,291.05,0,0,0,0,19-APR-2021,
OPTSTK,ALKEM,27-May-2021,2520,CE,0,0,0,236.95,275.5,0,0,0,0,19-APR-2021,
OPTSTK,ALKEM,27-May-2021,2540,CE,0,0,0,217.15,260.4,0,0,0,0,19-APR-2021,
OPTSTK,ALKEM,27-May-2021,2560,CE,0,0,0,197.35,245.8,0,0,0,0,19-APR-2021,
OPTSTK,ALKEM,27-May-2021,2580,CE,0,0,0,177.55,231.45,0,0,0,0,19-APR-2021,
OPTSTK,ALKEM,27-May-2021,2600,CE,0,0,0,157.7,217.7,0,0,0,0,19-APR-2021,
OPTSTK,ALKEM,27-May-2021,2620,CE,0,0,0,137.9,204.4,0,0,0,0,19-APR-2021,
OPTSTK,ALKEM,27-May-2021,2640,CE,0,0,0,118.1,191.6,0,0,0,0,19-APR-2021,
OPTSTK,ALKEM,27-May-2021,2660,CE,0,0,0,98.25,179.35,0,0,0,0,19-APR-2021,
OPTSTK,ALKEM,27-May-2021,2680,CE,0,0,0,100,167.55,0,0,200,0,19-APR-2021,
OPTSTK,ALKEM,27-May-2021,2700,CE,0,0,0,58.65,156.25,0,0,0,0,19-APR-2021,
OPTSTK,ALKEM,27-May-2021,2720,CE,0,0,0,38.85,145.5,0,0,0,0,19-APR-2021,
OPTSTK,ALKEM,27-May-2021,2740,CE,0,0,0,19,135.25,0,0,0,0,19-APR-2021,
OPTSTK,ALKEM,27-May-2021,2760,CE,0,0,0,1.6,125.5,0,0,0,0,19-APR-2021,
OPTSTK,ALKEM,27-May-2021,2780,CE,0,0,0,0.05,116.2,0,0,0,0,19-APR-2021,
OPTSTK,ALKEM,27-May-2021,2800,CE,0,0,0,100,107.45,0,0,400,0,19-APR-2021,
OPTSTK,ALKEM,27-May-2021,2820,CE,0,0,0,0.05,99.2,0,0,0,0,19-APR-2021,
OPTSTK,ALKEM,27-May-2021,2840,CE,0,0,0,0.05,91.4,0,0,0,0,19-APR-2021,
OPTSTK,ALKEM,27-May-2021,2860,CE,0,0,0,0.05,84.1,0,0,0,0,19-APR-2021,
OPTSTK,ALKEM,27-May-2021,2880,CE,0,0,0,0.05,77.2,0,0,0,0,19-APR-2021,
OPTSTK,ALKEM,27-May-2021,2900,CE,0,0,0,0.05,70.8,0,0,0,0,19-APR-2021,
OPTSTK,ALKEM,27-May-2021,2920,CE,0,0,0,0.05,64.75,0,0,0,0,19-APR-2021,
OPTSTK,ALKEM,27-May-2021,2940,CE,0,0,0,0.05,59.15,0,0,0,0,19-APR-2021,
OPTSTK,ALKEM,27-May-2021,2960,CE,0,0,0,0.05,54.1,0,0,0,0,19-APR-2021,
OPTSTK,ALKEM,27-May-2021,2980,CE,0,0,0,0.05,49.3,0,0,0,0,19-APR-2021,
OPTSTK,ALKEM,27-May-2021,3000,CE,0,0,0,0.05,44.7,0,0,0,0,19-APR-2021,
OPTSTK,ALKEM,27-May-2021,3020,CE,0,0,0,0.05,40.6,0,0,0,0,19-APR-2021,
OPTSTK,ALKEM,27-May-2021,3040,CE,0,0,0,0.05,36.75,0,0,0,0,19-APR-2021,
OPTSTK,ALKEM,27-May-2021,3060,CE,0,0,0,0.05,33.25,0,0,0,0,19-APR-2021,
OPTSTK,ALKEM,27-May-2021,3080,CE,0,0,0,0.05,30.05,0,0,0,0,19-APR-2021,
OPTSTK,ALKEM,27-May-2021,3100,CE,0,0,0,0.05,27.1,0,0,0,0,19-APR-2021,
OPTSTK,ALKEM,27-May-2021,3120,CE,0,0,0,0.05,24.4,0,0,0,0,19-APR-2021,
OPTSTK,ALKEM,27-May-2021,3140,CE,0,0,0,0.05,21.9,0,0,0,0,19-APR-2021,
OPTSTK,ALKEM,27-May-2021,3160,CE,0,0,0,0.05,19.65,0,0,0,0,19-APR-2021,
OPTSTK,ALKEM,27-May-2021,3180,CE,0,0,0,0.05,17.6,0,0,0,0,19-APR-2021,
OPTSTK,ALKEM,27-May-2021,3200,CE,0,0,0,0.05,15.75,0,0,0,0,19-APR-2021,
OPTSTK,ALKEM,27-May-2021,3220,CE,0,0,0,0.05,14.1,0,0,0,0,19-APR-2021,
OPTSTK,ALKEM,27-May-2021,3240,CE,0,0,0,0.05,12.55,0,0,0,0,19-APR-2021,
OPTSTK,ALKEM,27-May-2021,3260,CE,0,0,0,0.05,11.2,0,0,0,0,19-APR-2021,
OPTSTK,ALKEM,27-May-2021,3280,CE,0,0,0,0.05,9.95,0,0,0,0,19-APR-2021,
OPTSTK,ALKEM,27-May-2021,3300,CE,0,0,0,0.05,8.8,0,0,0,0,19-APR-2021,
OPTSTK,ALKEM,27-May-2021,3320,CE,0,0,0,0.05,7.8,0,0,0,0,19-APR-2021,
OPTSTK,ALKEM,27-May-2021,2180,PE,0,0,0,0.05,2.05,0,0,0,0,19-APR-2021,
OPTSTK,ALKEM,27-May-2021,2200,PE,0,0,0,0.05,2.55,0,0,0,0,19-APR-2021,
OPTSTK,ALKEM,27-May-2021,2220,PE,0,0,0,0.05,3.15,0,0,0,0,19-APR-2021,
OPTSTK,ALKEM,27-May-2021,2240,PE,0,0,0,0.05,3.85,0,0,0,0,19-APR-2021,
OPTSTK,ALKEM,27-May-2021,2260,PE,0,0,0,0.05,4.7,0,0,0,0,19-APR-2021,
OPTSTK,ALKEM,27-May-2021,2280,PE,0,0,0,0.05,5.7,0,0,0,0,19-APR-2021,
OPTSTK,ALKEM,27-May-2021,2300,PE,0,0,0,0.05,6.85,0,0,0,0,19-APR-2021,
OPTSTK,ALKEM,27-May-2021,2320,PE,0,0,0,0.05,8.2,0,0,0,0,19-APR-2021,
OPTSTK,ALKEM,27-May-2021,2340,PE,0,0,0,0.05,9.75,0,0,0,0,19-APR-2021,
OPTSTK,ALKEM,27-May-2021,2360,PE,0,0,0,0.05,11.55,0,0,0,0,19-APR-2021,
OPTSTK,ALKEM,27-May-2021,2380,PE,0,0,0,0.05,13.6,0,0,0,0,19-APR-2021,
OPTSTK,ALKEM,27-May-2021,2400,PE,0,0,0,0.05,15.9,0,0,0,0,19-APR-2021,
OPTSTK,ALKEM,27-May-2021,2420,PE,0,0,0,0.05,18.5,0,0,0,0,19-APR-2021,
OPTSTK,ALKEM,27-May-2021,2440,PE,0,0,0,0.05,21.4,0,0,0,0,19-APR-2021,
OPTSTK,ALKEM,27-May-2021,2460,PE,0,0,0,0.05,24.65,0,0,0,0,19-APR-2021,
OPTSTK,ALKEM,27-May-2021,2480,PE,0,0,0,0.05,28.25,0,0,0,0,19-APR-2021,
OPTSTK,ALKEM,27-May-2021,2500,PE,0,0,0,30,32.25,0,0,400,0,19-APR-2021,
OPTSTK,ALKEM,27-May-2021,2520,PE,0,0,0,0.05,36.65,0,0,0,0,19-APR-2021,
OPTSTK,ALKEM,27-May-2021,2540,PE,0,0,0,0.05,41.45,0,0,0,0,19-APR-2021,
OPTSTK,ALKEM,27-May-2021,2560,PE,0,0,0,0.05,46.75,0,0,0,0,19-APR-2021,
OPTSTK,ALKEM,27-May-2021,2580,PE,0,0,0,0.05,52.35,0,0,0,0,19-APR-2021,
OPTSTK,ALKEM,27-May-2021,2600,PE,0,0,0,0.05,58.5,0,0,0,0,19-APR-2021,
OPTSTK,ALKEM,27-May-2021,2620,PE,0,0,0,0.05,65.15,0,0,0,0,19-APR-2021,
OPTSTK,ALKEM,27-May-2021,2640,PE,0,0,0,0.05,72.3,0,0,0,0,19-APR-2021,
OPTSTK,ALKEM,27-May-2021,2660,PE,0,0,0,0.05,79.9,0,0,0,0,19-APR-2021,
OPTSTK,ALKEM,27-May-2021,2680,PE,0,0,0,0.05,88.05,0,0,0,0,19-APR-2021,
OPTSTK,ALKEM,27-May-2021,2700,PE,0,0,0,0.05,96.7,0,0,0,0,19-APR-2021,
OPTSTK,ALKEM,27-May-2021,2720,PE,0,0,0,0.05,105.85,0,0,0,0,19-APR-2021,
OPTSTK,ALKEM,27-May-2021,2740,PE,0,0,0,0.05,115.5,0,0,0,0,19-APR-2021,
OPTSTK,ALKEM,27-May-2021,2760,PE,0,0,0,2.4,125.65,0,0,0,0,19-APR-2021,
OPTSTK,ALKEM,27-May-2021,2780,PE,0,0,0,20.65,136.35,0,0,0,0,19-APR-2021,
OPTSTK,ALKEM,27-May-2021,2800,PE,0,0,0,40.45,147.5,0,0,0,0,19-APR-2021,
OPTSTK,ALKEM,27-May-2021,2820,PE,0,0,0,60.3,159.15,0,0,0,0,19-APR-2021,
OPTSTK,ALKEM,27-May-2021,2840,PE,0,0,0,80.1,171.3,0,0,0,0,19-APR-2021,
OPTSTK,ALKEM,27-May-2021,2860,PE,0,0,0,99.9,183.9,0,0,0,0,19-APR-2021,
OPTSTK,ALKEM,27-May-2021,2880,PE,0,0,0,119.7,196.95,0,0,0,0,19-APR-2021,
OPTSTK,ALKEM,27-May-2021,2900,PE,0,0,0,139.55,210.45,0,0,0,0,19-APR-2021,
OPTSTK,ALKEM,27-May-2021,2920,PE,0,0,0,159.35,224.35,0,0,0,0,19-APR-2021,
OPTSTK,ALKEM,27-May-2021,2940,PE,0,0,0,179.15,238.65,0,0,0,0,19-APR-2021,
OPTSTK,ALKEM,27-May-2021,2960,PE,0,0,0,198.95,253.5,0,0,0,0,19-APR-2021,
OPTSTK,ALKEM,27-May-2021,2980,PE,0,0,0,218.8,268.6,0,0,0,0,19-APR-2021,
OPTSTK,ALKEM,27-May-2021,3000,PE,0,0,0,238.6,284,0,0,0,0,19-APR-2021,
OPTSTK,ALKEM,27-May-2021,3020,PE,0,0,0,258.4,299.75,0,0,0,0,19-APR-2021,
OPTSTK,ALKEM,27-May-2021,3040,PE,0,0,0,278.25,315.9,0,0,0,0,19-APR-2021,
OPTSTK,ALKEM,27-May-2021,3060,PE,0,0,0,298.05,332.3,0,0,0,0,19-APR-2021,
OPTSTK,ALKEM,27-May-2021,3080,PE,0,0,0,317.85,349,0,0,0,0,19-APR-2021,
OPTSTK,ALKEM,27-May-2021,3100,PE,0,0,0,337.65,365.95,0,0,0,0,19-APR-2021,
OPTSTK,ALKEM,27-May-2021,3120,PE,0,0,0,357.5,383.2,0,0,0,0,19-APR-2021,
OPTSTK,ALKEM,27-May-2021,3140,PE,0,0,0,377.3,400.65,0,0,0,0,19-APR-2021,
OPTSTK,ALKEM,27-May-2021,3160,PE,0,0,0,397.1,418.3,0,0,0,0,19-APR-2021,
OPTSTK,ALKEM,27-May-2021,3180,PE,0,0,0,416.95,436.2,0,0,0,0,19-APR-2021,
OPTSTK,ALKEM,27-May-2021,3200,PE,0,0,0,436.75,454.25,0,0,0,0,19-APR-2021,
OPTSTK,ALKEM,27-May-2021,3220,PE,0,0,0,456.55,472.5,0,0,0,0,19-APR-2021,
OPTSTK,ALKEM,27-May-2021,3240,PE,0,0,0,476.35,490.9,0,0,0,0,19-APR-2021,
OPTSTK,ALKEM,27-May-2021,3260,PE,0,0,0,496.2,509.4,0,0,0,0,19-APR-2021,
OPTSTK,ALKEM,27-May-2021,3280,PE,0,0,0,516,528.1,0,0,0,0,19-APR-2021,
OPTSTK,ALKEM,27-May-2021,3300,PE,0,0,0,535.8,546.9,0,0,0,0,19-APR-2021,
OPTSTK,ALKEM,27-May-2021,3320,PE,0,0,0,555.6,565.85,0,0,0,0,19-APR-2021,
OPTSTK,ALKEM,24-Jun-2021,2180,CE,0,0,0,507.25,592.75,0,0,0,0,19-APR-2021,
OPTSTK,ALKEM,24-Jun-2021,2200,CE,0,0,0,490.45,574.3,0,0,0,0,19-APR-2021,
OPTSTK,ALKEM,24-Jun-2021,2220,CE,0,0,0,473.95,556,0,0,0,0,19-APR-2021,
OPTSTK,ALKEM,24-Jun-2021,2240,CE,0,0,0,457.65,537.9,0,0,0,0,19-APR-2021,
OPTSTK,ALKEM,24-Jun-2021,2260,CE,0,0,0,441.6,519.95,0,0,0,0,19-APR-2021,
OPTSTK,ALKEM,24-Jun-2021,2280,CE,0,0,0,425.85,502.25,0,0,0,0,19-APR-2021,
OPTSTK,ALKEM,24-Jun-2021,2300,CE,0,0,0,410.4,484.75,0,0,0,0,19-APR-2021,
OPTSTK,ALKEM,24-Jun-2021,2320,CE,0,0,0,395.25,467.5,0,0,0,0,19-APR-2021,
OPTSTK,ALKEM,24-Jun-2021,2340,CE,0,0,0,380.45,450.5,0,0,0,0,19-APR-2021,
OPTSTK,ALKEM,24-Jun-2021,2360,CE,0,0,0,365.9,433.75,0,0,0,0,19-APR-2021,
OPTSTK,ALKEM,24-Jun-2021,2380,CE,0,0,0,351.65,417.25,0,0,0,0,19-APR-2021,
OPTSTK,ALKEM,24-Jun-2021,2400,CE,0,0,0,337.7,401.05,0,0,0,0,19-APR-2021,
OPTSTK,ALKEM,24-Jun-2021,2420,CE,0,0,0,324,385.15,0,0,0,0,19-APR-2021,
OPTSTK,ALKEM,24-Jun-2021,2440,CE,0,0,0,310.75,369.6,0,0,0,0,19-APR-2021,
OPTSTK,ALKEM,24-Jun-2021,2460,CE,0,0,0,297.85,354.35,0,0,0,0,19-APR-2021,
OPTSTK,ALKEM,24-Jun-2021,2480,CE,0,0,0,285.25,339.5,0,0,0,0,19-APR-2021,
OPTSTK,ALKEM,24-Jun-2021,2500,CE,0,0,0,273.05,324.9,0,0,0,0,19-APR-2021,
OPTSTK,ALKEM,24-Jun-2021,2520,CE,0,0,0,261.15,310.65,0,0,0,0,19-APR-2021,
OPTSTK,ALKEM,24-Jun-2021,2540,CE,0,0,0,249.6,296.65,0,0,0,0,19-APR-2021,
OPTSTK,ALKEM,24-Jun-2021,2560,CE,0,0,0,238.45,283.15,0,0,0,0,19-APR-2021,
OPTSTK,ALKEM,24-Jun-2021,2580,CE,0,0,0,227.6,270,0,0,0,0,19-APR-2021,
OPTSTK,ALKEM,24-Jun-2021,2600,CE,0,0,0,217.1,257.25,0,0,0,0,19-APR-2021,
OPTSTK,ALKEM,24-Jun-2021,2620,CE,0,0,0,206.95,244.9,0,0,0,0,19-APR-2021,
OPTSTK,ALKEM,24-Jun-2021,2640,CE,0,0,0,197.15,232.9,0,0,0,0,19-APR-2021,
OPTSTK,ALKEM,24-Jun-2021,2660,CE,0,0,0,187.65,221.3,0,0,0,0,19-APR-2021,
OPTSTK,ALKEM,24-Jun-2021,2680,CE,0,0,0,178.55,210.05,0,0,0,0,19-APR-2021,
OPTSTK,ALKEM,24-Jun-2021,2700,CE,0,0,0,169.75,199.25,0,0,0,0,19-APR-2021,
OPTSTK,ALKEM,24-Jun-2021,2720,CE,0,0,0,161.25,188.8,0,0,0,0,19-APR-2021,
OPTSTK,ALKEM,24-Jun-2021,2740,CE,0,0,0,153.1,178.75,0,0,0,0,19-APR-2021,
OPTSTK,ALKEM,24-Jun-2021,2760,CE,0,0,0,145.3,169.05,0,0,0,0,19-APR-2021,
OPTSTK,ALKEM,24-Jun-2021,2780,CE,0,0,0,137.75,159.75,0,0,0,0,19-APR-2021,
OPTSTK,ALKEM,24-Jun-2021,2800,CE,0,0,0,130.55,150.85,0,0,0,0,19-APR-2021,
OPTSTK,ALKEM,24-Jun-2021,2820,CE,0,0,0,123.65,142.3,0,0,0,0,19-APR-2021,
OPTSTK,ALKEM,24-Jun-2021,2840,CE,0,0,0,117.05,134.1,0,0,0,0,19-APR-2021,
OPTSTK,ALKEM,24-Jun-2021,2860,CE,0,0,0,110.7,126.3,0,0,0,0,19-APR-2021,
OPTSTK,ALKEM,24-Jun-2021,2880,CE,0,0,0,104.65,118.85,0,0,0,0,19-APR-2021,
OPTSTK,ALKEM,24-Jun-2021,2900,CE,0,0,0,98.85,111.7,0,0,0,0,19-APR-2021,
OPTSTK,ALKEM,24-Jun-2021,2920,CE,0,0,0,93.35,104.9,0,0,0,0,19-APR-2021,
OPTSTK,ALKEM,24-Jun-2021,2940,CE,0,0,0,88.05,98.45,0,0,0,0,19-APR-2021,
OPTSTK,ALKEM,24-Jun-2021,2960,CE,0,0,0,83.2,92.3,0,0,0,0,19-APR-2021,
OPTSTK,ALKEM,24-Jun-2021,2980,CE,0,0,0,78.45,86.45,0,0,0,0,19-APR-2021,
OPTSTK,ALKEM,24-Jun-2021,3000,CE,0,0,0,73.9,80.95,0,0,0,0,19-APR-2021,
OPTSTK,ALKEM,24-Jun-2021,3020,CE,0,0,0,69.6,75.7,0,0,0,0,19-APR-2021,
OPTSTK,ALKEM,24-Jun-2021,3040,CE,0,0,0,65.5,70.85,0,0,0,0,19-APR-2021,
OPTSTK,ALKEM,24-Jun-2021,3060,CE,0,0,0,61.5,66.2,0,0,0,0,19-APR-2021,
OPTSTK,ALKEM,24-Jun-2021,3080,CE,0,0,0,57.85,61.8,0,0,0,0,19-APR-2021,
OPTSTK,ALKEM,24-Jun-2021,3100,CE,0,0,0,54.35,57.5,0,0,0,0,19-APR-2021,
OPTSTK,ALKEM,24-Jun-2021,3120,CE,0,0,0,51,53.6,0,0,0,0,19-APR-2021,
OPTSTK,ALKEM,24-Jun-2021,3140,CE,0,0,0,47.9,49.85,0,0,0,0,19-APR-2021,
OPTSTK,ALKEM,24-Jun-2021,3160,CE,0,0,0,44.9,46.4,0,0,0,0,19-APR-2021,
OPTSTK,ALKEM,24-Jun-2021,3180,CE,0,0,0,42.1,43.1,0,0,0,0,19-APR-2021,
OPTSTK,ALKEM,24-Jun-2021,3200,CE,0,0,0,39.45,40.05,0,0,0,0,19-APR-2021,
OPTSTK,ALKEM,24-Jun-2021,3220,CE,0,0,0,36.95,37.15,0,0,0,0,19-APR-2021,
OPTSTK,ALKEM,24-Jun-2021,3240,CE,0,0,0,34.6,34.45,0,0,0,0,19-APR-2021,
OPTSTK,ALKEM,24-Jun-2021,3260,CE,0,0,0,32.35,31.9,0,0,0,0,19-APR-2021,
OPTSTK,ALKEM,24-Jun-2021,3280,CE,0,0,0,30.25,29.55,0,0,0,0,19-APR-2021,
OPTSTK,ALKEM,24-Jun-2021,3300,CE,0,0,0,28.3,27.35,0,0,0,0,19-APR-2021,
OPTSTK,ALKEM,24-Jun-2021,3320,CE,0,0,0,26.45,25.3,0,0,0,0,19-APR-2021,
OPTSTK,ALKEM,24-Jun-2021,2180,PE,0,0,0,26.65,9,0,0,0,0,19-APR-2021,
OPTSTK,ALKEM,24-Jun-2021,2200,PE,0,0,0,29.65,10.4,0,0,0,0,19-APR-2021,
OPTSTK,ALKEM,24-Jun-2021,2220,PE,0,0,0,32.9,11.95,0,0,0,0,19-APR-2021,
OPTSTK,ALKEM,24-Jun-2021,2240,PE,0,0,0,36.45,13.7,0,0,0,0,19-APR-2021,
OPTSTK,ALKEM,24-Jun-2021,2260,PE,0,0,0,40.25,15.65,0,0,0,0,19-APR-2021,
OPTSTK,ALKEM,24-Jun-2021,2280,PE,0,0,0,44.3,17.8,0,0,0,0,19-APR-2021,
OPTSTK,ALKEM,24-Jun-2021,2300,PE,0,0,0,48.65,20.15,0,0,0,0,19-APR-2021,
OPTSTK,ALKEM,24-Jun-2021,2320,PE,0,0,0,53.3,22.75,0,0,0,0,19-APR-2021,
OPTSTK,ALKEM,24-Jun-2021,2340,PE,0,0,0,58.35,25.6,0,0,0,0,19-APR-2021,
OPTSTK,ALKEM,24-Jun-2021,2360,PE,0,0,0,63.55,28.75,0,0,0,0,19-APR-2021,
OPTSTK,ALKEM,24-Jun-2021,2380,PE,0,0,0,69.15,32.1,0,0,0,0,19-APR-2021,
OPTSTK,ALKEM,24-Jun-2021,2400,PE,0,0,0,75,35.8,0,0,0,0,19-APR-2021,
OPTSTK,ALKEM,24-Jun-2021,2420,PE,0,0,0,81.1,39.75,0,0,0,0,19-APR-2021,
OPTSTK,ALKEM,24-Jun-2021,2440,PE,0,0,0,87.7,44.05,0,0,0,0,19-APR-2021,
OPTSTK,ALKEM,24-Jun-2021,2460,PE,0,0,0,94.6,48.65,0,0,0,0,19-APR-2021,
OPTSTK,ALKEM,24-Jun-2021,2480,PE,0,0,0,101.85,53.7,0,0,0,0,19-APR-2021,
OPTSTK,ALKEM,24-Jun-2021,2500,PE,0,0,0,109.4,58.95,0,0,0,0,19-APR-2021,
OPTSTK,ALKEM,24-Jun-2021,2520,PE,0,0,0,117.35,64.55,0,0,0,0,19-APR-2021,
OPTSTK,ALKEM,24-Jun-2021,2540,PE,0,0,0,125.65,70.45,0,0,0,0,19-APR-2021,
OPTSTK,ALKEM,24-Jun-2021,2560,PE,0,0,0,134.25,76.8,0,0,0,0,19-APR-2021,
OPTSTK,ALKEM,24-Jun-2021,2580,PE,0,0,0,143.25,83.5,0,0,0,0,19-APR-2021,
OPTSTK,ALKEM,24-Jun-2021,2600,PE,0,0,0,152.55,90.65,0,0,0,0,19-APR-2021,
OPTSTK,ALKEM,24-Jun-2021,2620,PE,0,0,0,162.2,98.1,0,0,0,0,19-APR-2021,
OPTSTK,ALKEM,24-Jun-2021,2640,PE,0,0,0,172.2,106,0,0,0,0,19-APR-2021,
OPTSTK,ALKEM,24-Jun-2021,2660,PE,0,0,0,182.55,114.25,0,0,0,0,19-APR-2021,
OPTSTK,ALKEM,24-Jun-2021,2680,PE,0,0,0,193.25,122.9,0,0,0,0,19-APR-2021,
OPTSTK,ALKEM,24-Jun-2021,2700,PE,0,0,0,204.25,131.95,0,0,0,0,19-APR-2021,
OPTSTK,ALKEM,24-Jun-2021,2720,PE,0,0,0,215.6,141.35,0,0,0,0,19-APR-2021,
OPTSTK,ALKEM,24-Jun-2021,2740,PE,0,0,0,227.25,151.15,0,0,0,0,19-APR-2021,
OPTSTK,ALKEM,24-Jun-2021,2760,PE,0,0,0,239.25,161.35,0,0,0,0,19-APR-2021,
OPTSTK,ALKEM,24-Jun-2021,2780,PE,0,0,0,251.55,171.95,0,0,0,0,19-APR-2021,
OPTSTK,ALKEM,24-Jun-2021,2800,PE,0,0,0,264.15,182.9,0,0,0,0,19-APR-2021,
OPTSTK,ALKEM,24-Jun-2021,2820,PE,0,0,0,277.05,194.2,0,0,0,0,19-APR-2021,
OPTSTK,ALKEM,24-Jun-2021,2840,PE,0,0,0,290.25,205.9,0,0,0,0,19-APR-2021,
OPTSTK,ALKEM,24-Jun-2021,2860,PE,0,0,0,303.75,217.9,0,0,0,0,19-APR-2021,
OPTSTK,ALKEM,24-Jun-2021,2880,PE,0,0,0,317.5,230.3,0,0,0,0,19-APR-2021,
OPTSTK,ALKEM,24-Jun-2021,2900,PE,0,0,0,331.5,243.05,0,0,0,0,19-APR-2021,
OPTSTK,ALKEM,24-Jun-2021,2920,PE,0,0,0,345.8,256.15,0,0,0,0,19-APR-2021,
OPTSTK,ALKEM,24-Jun-2021,2940,PE,0,0,0,360.35,269.55,0,0,0,0,19-APR-2021,
OPTSTK,ALKEM,24-Jun-2021,2960,PE,0,0,0,375.3,283.25,0,0,0,0,19-APR-2021,
OPTSTK,ALKEM,24-Jun-2021,2980,PE,0,0,0,390.35,297.3,0,0,0,0,19-APR-2021,
OPTSTK,ALKEM,24-Jun-2021,3000,PE,0,0,0,405.65,311.6,0,0,0,0,19-APR-2021,
OPTSTK,ALKEM,24-Jun-2021,3020,PE,0,0,0,421.15,326.25,0,0,0,0,19-APR-2021,
OPTSTK,ALKEM,24-Jun-2021,3040,PE,0,0,0,436.9,341.3,0,0,0,0,19-APR-2021,
OPTSTK,ALKEM,24-Jun-2021,3060,PE,0,0,0,452.7,356.45,0,0,0,0,19-APR-2021,
OPTSTK,ALKEM,24-Jun-2021,3080,PE,0,0,0,468.8,371.95,0,0,0,0,19-APR-2021,
OPTSTK,ALKEM,24-Jun-2021,3100,PE,0,0,0,485.15,387.5,0,0,0,0,19-APR-2021,
OPTSTK,ALKEM,24-Jun-2021,3120,PE,0,0,0,501.65,403.45,0,0,0,0,19-APR-2021,
OPTSTK,ALKEM,24-Jun-2021,3140,PE,0,0,0,518.3,419.6,0,0,0,0,19-APR-2021,
OPTSTK,ALKEM,24-Jun-2021,3160,PE,0,0,0,535.15,436,0,0,0,0,19-APR-2021,
OPTSTK,ALKEM,24-Jun-2021,3180,PE,0,0,0,552.15,452.55,0,0,0,0,19-APR-2021,
OPTSTK,ALKEM,24-Jun-2021,3200,PE,0,0,0,569.3,469.35,0,0,0,0,19-APR-2021,
OPTSTK,ALKEM,24-Jun-2021,3220,PE,0,0,0,586.65,486.35,0,0,0,0,19-APR-2021,
OPTSTK,ALKEM,24-Jun-2021,3240,PE,0,0,0,604.1,503.5,0,0,0,0,19-APR-2021,
OPTSTK,ALKEM,24-Jun-2021,3260,PE,0,0,0,621.65,520.85,0,0,0,0,19-APR-2021,
OPTSTK,ALKEM,24-Jun-2021,3280,PE,0,0,0,639.4,538.35,0,0,0,0,19-APR-2021,
OPTSTK,ALKEM,24-Jun-2021,3300,PE,0,0,0,657.25,556,0,0,0,0,19-APR-2021,
OPTSTK,ALKEM,24-Jun-2021,3320,PE,0,0,0,675.2,573.8,0,0,0,0,19-APR-2021,
OPTSTK,AMARAJABAT,29-Apr-2021,580,CE,0,0,0,388.2,220.6,0,0,0,0,19-APR-2021,
OPTSTK,AMARAJABAT,29-Apr-2021,590,CE,0,0,0,378.4,210.6,0,0,0,0,19-APR-2021,
OPTSTK,AMARAJABAT,29-Apr-2021,600,CE,0,0,0,368.65,200.6,0,0,0,0,19-APR-2021,
OPTSTK,AMARAJABAT,29-Apr-2021,610,CE,0,0,0,358.95,190.65,0,0,0,0,19-APR-2021,
OPTSTK,AMARAJABAT,29-Apr-2021,620,CE,0,0,0,349.3,180.65,0,0,0,0,19-APR-2021,
OPTSTK,AMARAJABAT,29-Apr-2021,630,CE,0,0,0,339.65,170.65,0,0,0,0,19-APR-2021,
OPTSTK,AMARAJABAT,29-Apr-2021,640,CE,0,0,0,330.1,160.65,0,0,0,0,19-APR-2021,
OPTSTK,AMARAJABAT,29-Apr-2021,650,CE,0,0,0,320.55,150.7,0,0,0,0,19-APR-2021,
OPTSTK,AMARAJABAT,29-Apr-2021,660,CE,0,0,0,311.1,140.7,0,0,0,0,19-APR-2021,
OPTSTK,AMARAJABAT,29-Apr-2021,670,CE,0,0,0,301.75,130.75,0,0,0,0,19-APR-2021,
OPTSTK,AMARAJABAT,29-Apr-2021,680,CE,0,0,0,292.4,120.85,0,0,0,0,19-APR-2021,
OPTSTK,AMARAJABAT,29-Apr-2021,690,CE,0,0,0,283.2,111,0,0,0,0,19-APR-2021,
OPTSTK,AMARAJABAT,29-Apr-2021,700,CE,0,0,0,274.05,101.2,0,0,0,0,19-APR-2021,
OPTSTK,AMARAJABAT,29-Apr-2021,710,CE,0,0,0,265,91.55,0,0,0,0,19-APR-2021,
OPTSTK,AMARAJABAT,29-Apr-2021,720,CE,0,0,0,256.1,82.1,0,0,0,0,19-APR-2021,
OPTSTK,AMARAJABAT,29-Apr-2021,730,CE,0,0,0,247.25,72.95,0,0,0,0,19-APR-2021,
OPTSTK,AMARAJABAT,29-Apr-2021,740,CE,0,0,0,238.55,64.05,0,0,0,0,19-APR-2021,
OPTSTK,AMARAJABAT,29-Apr-2021,750,CE,0,0,0,230,55.65,0,0,0,0,19-APR-2021,
OPTSTK,AMARAJABAT,29-Apr-2021,760,CE,0,0,0,221.55,47.7,0,0,0,0,19-APR-2021,
OPTSTK,AMARAJABAT,29-Apr-2021,770,CE,0,0,0,213.25,40.35,0,0,0,0,19-APR-2021,
OPTSTK,AMARAJABAT,29-Apr-2021,780,CE,44,44,44,44,33.65,4,32.96,7000,4000,19-APR-2021,
OPTSTK,AMARAJABAT,29-Apr-2021,790,CE,35,36,22.2,24.9,27.65,13,106.23,2000,1000,19-APR-2021,
OPTSTK,AMARAJABAT,29-Apr-2021,800,CE,15,19.65,9.4,18.75,18.75,463,3777.73,80000,16000,19-APR-2021,
OPTSTK,AMARAJABAT,29-Apr-2021,810,CE,12.8,15.3,7.25,13.8,13.8,209,1717.8,41000,20000,19-APR-2021,
OPTSTK,AMARAJABAT,29-Apr-2021,820,CE,11.05,11.05,5.6,10.2,10.2,455,3770.28,193000,-5000,19-APR-2021,
OPTSTK,AMARAJABAT,29-Apr-2021,830,CE,7.15,7.9,4.35,7.4,7.4,194,1622.67,106000,2000,19-APR-2021,
OPTSTK,AMARAJABAT,29-Apr-2021,840,CE,5.35,8.35,3.25,5.7,5.7,218,1841.96,188000,1000,19-APR-2021,
OPTSTK,AMARAJABAT,29-Apr-2021,850,CE,4.95,4.95,2.45,4.25,4.25,421,3593.55,343000,26000,19-APR-2021,
OPTSTK,AMARAJABAT,29-Apr-2021,860,CE,2.9,3.8,2.05,3.3,3.3,182,1570.4,92000,11000,19-APR-2021,
OPTSTK,AMARAJABAT,29-Apr-2021,870,CE,2,2.6,2,2.55,3.2,30,261.69,31000,7000,19-APR-2021,
OPTSTK,AMARAJABAT,29-Apr-2021,880,CE,1.9,2.7,1.6,2.15,2.15,40,352.79,94000,-20000,19-APR-2021,
OPTSTK,AMARAJABAT,29-Apr-2021,890,CE,2,2,1.55,1.55,1.6,2,17.83,25000,1000,19-APR-2021,
OPTSTK,AMARAJABAT,29-Apr-2021,900,CE,1.3,2,1,1.6,1.6,273,2460.98,427000,-56000,19-APR-2021,
OPTSTK,AMARAJABAT,29-Apr-2021,910,CE,0,0,0,2,0.75,0,0,14000,0,19-APR-2021,
OPTSTK,AMARAJABAT,29-Apr-2021,920,CE,0.6,0.95,0.6,0.95,0.95,11,101.29,45000,-2000,19-APR-2021,
OPTSTK,AMARAJABAT,29-Apr-2021,930,CE,0,0,0,3,0.35,0,0,4000,0,19-APR-2021,
OPTSTK,AMARAJABAT,29-Apr-2021,940,CE,0,0,0,1.05,0.2,0,0,2000,0,19-APR-2021,
OPTSTK,AMARAJABAT,29-Apr-2021,950,CE,0.55,2.9,0.2,0.5,0.15,22,209.28,20000,-2000,19-APR-2021,
OPTSTK,AMARAJABAT,29-Apr-2021,960,CE,0,0,0,89,0.1,0,0,0,0,19-APR-2021,
OPTSTK,AMARAJABAT,29-Apr-2021,970,CE,0,0,0,84.35,0.05,0,0,0,0,19-APR-2021,
OPTSTK,AMARAJABAT,29-Apr-2021,980,CE,0,0,0,79.9,0.05,0,0,0,0,19-APR-2021,
OPTSTK,AMARAJABAT,29-Apr-2021,990,CE,0,0,0,3.05,0.05,0,0,6000,0,19-APR-2021,
OPTSTK,AMARAJABAT,29-Apr-2021,1000,CE,0.5,0.9,0.5,0.9,0.05,17,170.09,74000,-5000,19-APR-2021,
OPTSTK,AMARAJABAT,29-Apr-2021,1010,CE,0,0,0,67.6,0.05,0,0,0,0,19-APR-2021,
OPTSTK,AMARAJABAT,29-Apr-2021,1020,CE,0,0,0,63.85,0,0,0,0,0,19-APR-2021,
OPTSTK,AMARAJABAT,29-Apr-2021,1030,CE,0,0,0,60.3,0,0,0,0,0,19-APR-2021,
OPTSTK,AMARAJABAT,29-Apr-2021,1040,CE,0,0,0,56.9,0,0,0,0,0,19-APR-2021,
OPTSTK,AMARAJABAT,29-Apr-2021,1050,CE,0,0,0,53.65,0,0,0,0,0,19-APR-2021,
OPTSTK,AMARAJABAT,29-Apr-2021,1060,CE,0,0,0,0.2,0,0,0,0,0,19-APR-2021,
OPTSTK,AMARAJABAT,29-Apr-2021,1070,CE,0,0,0,47.6,0,0,0,0,0,19-APR-2021,
OPTSTK,AMARAJABAT,29-Apr-2021,1080,CE,0,0,0,44.75,0,0,0,0,0,19-APR-2021,
OPTSTK,AMARAJABAT,29-Apr-2021,1090,CE,0,0,0,42.1,0,0,0,0,0,19-APR-2021,
OPTSTK,AMARAJABAT,29-Apr-2021,1100,CE,0,0,0,39.6,0,0,0,0,0,19-APR-2021,
OPTSTK,AMARAJABAT,29-Apr-2021,1110,CE,0,0,0,37.25,0,0,0,0,0,19-APR-2021,
OPTSTK,AMARAJABAT,29-Apr-2021,1120,CE,0,0,0,34.95,0,0,0,0,0,19-APR-2021,
OPTSTK,AMARAJABAT,29-Apr-2021,1130,CE,0,0,0,32.8,0,0,0,0,0,19-APR-2021,
OPTSTK,AMARAJABAT,29-Apr-2021,1140,CE,0,0,0,30.8,0,0,0,0,0,19-APR-2021,
OPTSTK,AMARAJABAT,29-Apr-2021,1150,CE,0,0,0,28.85,0,0,0,0,0,19-APR-2021,
OPTSTK,AMARAJABAT,29-Apr-2021,1160,CE,0,0,0,27,0,0,0,0,0,19-APR-2021,
OPTSTK,AMARAJABAT,29-Apr-2021,1170,CE,0,0,0,25.3,0,0,0,0,0,19-APR-2021,
OPTSTK,AMARAJABAT,29-Apr-2021,1180,CE,0,0,0,23.7,0,0,0,0,0,19-APR-2021,
OPTSTK,AMARAJABAT,29-Apr-2021,1190,CE,0,0,0,22.15,0,0,0,0,0,19-APR-2021,
OPTSTK,AMARAJABAT,29-Apr-2021,1200,CE,0,0,0,20.7,0,0,0,0,0,19-APR-2021,
OPTSTK,AMARAJABAT,29-Apr-2021,580,PE,0,0,0,0.5,0,0,0,0,0,19-APR-2021,
OPTSTK,AMARAJABAT,29-Apr-2021,590,PE,0,0,0,0.65,0,0,0,0,0,19-APR-2021,
OPTSTK,AMARAJABAT,29-Apr-2021,600,PE,0,0,0,0.8,0,0,0,0,0,19-APR-2021,
OPTSTK,AMARAJABAT,29-Apr-2021,610,PE,0,0,0,1,0,0,0,0,0,19-APR-2021,
OPTSTK,AMARAJABAT,29-Apr-2021,620,PE,0,0,0,1.25,0,0,0,0,0,19-APR-2021,
OPTSTK,AMARAJABAT,29-Apr-2021,630,PE,0,0,0,1.55,0,0,0,0,0,19-APR-2021,
OPTSTK,AMARAJABAT,29-Apr-2021,640,PE,0,0,0,1.85,0.05,0,0,0,0,19-APR-2021,
OPTSTK,AMARAJABAT,29-Apr-2021,650,PE,0,0,0,2.25,0.05,0,0,0,0,19-APR-2021,
OPTSTK,AMARAJABAT,29-Apr-2021,660,PE,0,0,0,2.7,0.05,0,0,0,0,19-APR-2021,
OPTSTK,AMARAJABAT,29-Apr-2021,670,PE,0,0,0,3.25,0.1,0,0,0,0,19-APR-2021,
OPTSTK,AMARAJABAT,29-Apr-2021,680,PE,1.1,1.1,1.1,1.1,0.15,2,13.62,3000,0,19-APR-2021,
OPTSTK,AMARAJABAT,29-Apr-2021,690,PE,0,0,0,4.5,0.3,0,0,0,0,19-APR-2021,
OPTSTK,AMARAJABAT,29-Apr-2021,700,PE,0,0,0,1,0.5,0,0,5000,0,19-APR-2021,
OPTSTK,AMARAJABAT,29-Apr-2021,710,PE,0,0,0,6.15,0.85,0,0,0,0,19-APR-2021,
OPTSTK,AMARAJABAT,29-Apr-2021,720,PE,0,0,0,7.1,1.4,0,0,0,0,19-APR-2021,
OPTSTK,AMARAJABAT,29-Apr-2021,730,PE,0,0,0,8.2,2.2,0,0,0,0,19-APR-2021,
OPTSTK,AMARAJABAT,29-Apr-2021,740,PE,0,0,0,9.4,3.35,0,0,0,0,19-APR-2021,
OPTSTK,AMARAJABAT,29-Apr-2021,750,PE,5,6.9,1,4.35,4.35,162,1223.1,34000,21000,19-APR-2021,
OPTSTK,AMARAJABAT,29-Apr-2021,760,PE,9.5,9.5,5,5.8,5.8,79,605.83,21000,-10000,19-APR-2021,
OPTSTK,AMARAJABAT,29-Apr-2021,770,PE,0,0,0,6.35,9.6,0,0,5000,0,19-APR-2021,
OPTSTK,AMARAJABAT,29-Apr-2021,780,PE,12.2,17.5,8.55,9.3,9.3,297,2352,103000,-22000,19-APR-2021,
OPTSTK,AMARAJABAT,29-Apr-2021,790,PE,20,21,11.05,12.15,12.15,144,1157.82,58000,1000,19-APR-2021,
OPTSTK,AMARAJABAT,29-Apr-2021,800,PE,24.15,26.3,14.35,15.85,15.85,272,2226.42,308000,-39000,19-APR-2021,
OPTSTK,AMARAJABAT,29-Apr-2021,810,PE,24.35,24.35,20,20.3,27,5,41.6,12000,-1000,19-APR-2021,
OPTSTK,AMARAJABAT,29-Apr-2021,820,PE,39,39,25.9,25.9,25.9,16,135.98,73000,-3000,19-APR-2021,
OPTSTK,AMARAJABAT,29-Apr-2021,830,PE,52.1,52.1,46.3,46.3,39.9,2,17.58,47000,1000,19-APR-2021,
OPTSTK,AMARAJABAT,29-Apr-2021,840,PE,58,58,58,58,47.35,1,8.98,49000,0,19-APR-2021,
OPTSTK,AMARAJABAT,29-Apr-2021,850,PE,54.85,56.5,53.5,56.5,55.25,3,27.14,413000,-1000,19-APR-2021,
OPTSTK,AMARAJABAT,29-Apr-2021,860,PE,0,0,0,31.75,63.6,0,0,10000,0,19-APR-2021,
OPTSTK,AMARAJABAT,29-Apr-2021,870,PE,0,0,0,34,72.35,0,0,5000,0,19-APR-2021,
OPTSTK,AMARAJABAT,29-Apr-2021,880,PE,0,0,0,85.45,81.4,0,0,20000,0,19-APR-2021,
OPTSTK,AMARAJABAT,29-Apr-2021,890,PE,0,0,0,70.45,90.7,0,0,1000,0,19-APR-2021,
OPTSTK,AMARAJABAT,29-Apr-2021,900,PE,100,100,100,100,100.2,1,10,61000,-1000,19-APR-2021,
OPTSTK,AMARAJABAT,29-Apr-2021,910,PE,0,0,0,54.35,109.85,0,0,0,0,19-APR-2021,
OPTSTK,AMARAJABAT,29-Apr-2021,920,PE,0,0,0,73,119.6,0,0,2000,0,19-APR-2021,
OPTSTK,AMARAJABAT,29-Apr-2021,930,PE,0,0,0,63.15,129.4,0,0,0,0,19-APR-2021,
OPTSTK,AMARAJABAT,29-Apr-2021,940,PE,0,0,0,65,139.3,0,0,1000,0,19-APR-2021,
OPTSTK,AMARAJABAT,29-Apr-2021,950,PE,0,0,0,72.75,149.2,0,0,0,0,19-APR-2021,
OPTSTK,AMARAJABAT,29-Apr-2021,960,PE,0,0,0,77.8,159.15,0,0,0,0,19-APR-2021,
OPTSTK,AMARAJABAT,29-Apr-2021,970,PE,0,0,0,83.1,169.1,0,0,0,0,19-APR-2021,
OPTSTK,AMARAJABAT,29-Apr-2021,980,PE,0,0,0,88.55,179.1,0,0,0,0,19-APR-2021,
OPTSTK,AMARAJABAT,29-Apr-2021,990,PE,0,0,0,94.15,189.05,0,0,0,0,19-APR-2021,
OPTSTK,AMARAJABAT,29-Apr-2021,1000,PE,0,0,0,100,199.05,0,0,0,0,19-APR-2021,
OPTSTK,AMARAJABAT,29-Apr-2021,1010,PE,0,0,0,105.95,209,0,0,0,0,19-APR-2021,
OPTSTK,AMARAJABAT,29-Apr-2021,1020,PE,0,0,0,112.15,219,0,0,0,0,19-APR-2021,
OPTSTK,AMARAJABAT,29-Apr-2021,1030,PE,0,0,0,118.45,229,0,0,0,0,19-APR-2021,
OPTSTK,AMARAJABAT,29-Apr-2021,1040,PE,0,0,0,124.95,239,0,0,0,0,19-APR-2021,
OPTSTK,AMARAJABAT,29-Apr-2021,1050,PE,0,0,0,131.6,249,0,0,0,0,19-APR-2021,
OPTSTK,AMARAJABAT,29-Apr-2021,1060,PE,0,0,0,138.4,258.95,0,0,0,0,19-APR-2021,
OPTSTK,AMARAJABAT,29-Apr-2021,1070,PE,0,0,0,145.35,268.95,0,0,0,0,19-APR-2021,
OPTSTK,AMARAJABAT,29-Apr-2021,1080,PE,0,0,0,152.45,278.95,0,0,0,0,19-APR-2021,
OPTSTK,AMARAJABAT,29-Apr-2021,1090,PE,0,0,0,159.7,288.95,0,0,0,0,19-APR-2021,
OPTSTK,AMARAJABAT,29-Apr-2021,1100,PE,0,0,0,167.15,298.95,0,0,0,0,19-APR-2021,
OPTSTK,AMARAJABAT,29-Apr-2021,1110,PE,0,0,0,174.65,308.9,0,0,0,0,19-APR-2021,
OPTSTK,AMARAJABAT,29-Apr-2021,1120,PE,0,0,0,182.3,318.9,0,0,0,0,19-APR-2021,
OPTSTK,AMARAJABAT,29-Apr-2021,1130,PE,0,0,0,190.05,328.9,0,0,0,0,19-APR-2021,
OPTSTK,AMARAJABAT,29-Apr-2021,1140,PE,0,0,0,197.95,338.9,0,0,0,0,19-APR-2021,
OPTSTK,AMARAJABAT,29-Apr-2021,1150,PE,0,0,0,205.9,348.9,0,0,0,0,19-APR-2021,
OPTSTK,AMARAJABAT,29-Apr-2021,1160,PE,0,0,0,214,358.85,0,0,0,0,19-APR-2021,
OPTSTK,AMARAJABAT,29-Apr-2021,1170,PE,0,0,0,222.15,368.85,0,0,0,0,19-APR-2021,
OPTSTK,AMARAJABAT,29-Apr-2021,1180,PE,0,0,0,230.45,378.85,0,0,0,0,19-APR-2021,
OPTSTK,AMARAJABAT,29-Apr-2021,1190,PE,0,0,0,238.85,388.85,0,0,0,0,19-APR-2021,
OPTSTK,AMARAJABAT,29-Apr-2021,1200,PE,0,0,0,247.3,398.85,0,0,0,0,19-APR-2021,
OPTSTK,AMARAJABAT,27-May-2021,580,CE,0,0,0,317.1,222.5,0,0,0,0,19-APR-2021,
OPTSTK,AMARAJABAT,27-May-2021,590,CE,0,0,0,307.5,212.65,0,0,0,0,19-APR-2021,
OPTSTK,AMARAJABAT,27-May-2021,600,CE,0,0,0,298,202.85,0,0,0,0,19-APR-2021,
OPTSTK,AMARAJABAT,27-May-2021,610,CE,0,0,0,288.55,193.1,0,0,0,0,19-APR-2021,
OPTSTK,AMARAJABAT,27-May-2021,620,CE,0,0,0,279.15,183.4,0,0,0,0,19-APR-2021,
OPTSTK,AMARAJABAT,27-May-2021,630,CE,0,0,0,269.85,173.8,0,0,0,0,19-APR-2021,
OPTSTK,AMARAJABAT,27-May-2021,640,CE,0,0,0,260.65,164.3,0,0,0,0,19-APR-2021,
OPTSTK,AMARAJABAT,27-May-2021,650,CE,0,0,0,251.55,154.95,0,0,0,0,19-APR-2021,
OPTSTK,AMARAJABAT,27-May-2021,660,CE,0,0,0,242.5,145.7,0,0,0,0,19-APR-2021,
OPTSTK,AMARAJABAT,27-May-2021,670,CE,0,0,0,233.65,136.65,0,0,0,0,19-APR-2021,
OPTSTK,AMARAJABAT,27-May-2021,680,CE,0,0,0,224.9,127.75,0,0,0,0,19-APR-2021,
OPTSTK,AMARAJABAT,27-May-2021,690,CE,0,0,0,216.25,119.1,0,0,0,0,19-APR-2021,
OPTSTK,AMARAJABAT,27-May-2021,700,CE,0,0,0,207.8,110.7,0,0,0,0,19-APR-2021,
OPTSTK,AMARAJABAT,27-May-2021,710,CE,0,0,0,199.45,102.6,0,0,0,0,19-APR-2021,
OPTSTK,AMARAJABAT,27-May-2021,720,CE,0,0,0,191.3,94.75,0,0,0,0,19-APR-2021,
OPTSTK,AMARAJABAT,27-May-2021,730,CE,0,0,0,183.3,87.2,0,0,0,0,19-APR-2021,
OPTSTK,AMARAJABAT,27-May-2021,740,CE,0,0,0,175.45,80,0,0,0,0,19-APR-2021,
OPTSTK,AMARAJABAT,27-May-2021,750,CE,0,0,0,167.8,73.1,0,0,0,0,19-APR-2021,
OPTSTK,AMARAJABAT,27-May-2021,760,CE,0,0,0,160.35,66.6,0,0,0,0,19-APR-2021,
OPTSTK,AMARAJABAT,27-May-2021,770,CE,0,0,0,153.1,60.45,0,0,0,0,19-APR-2021,
OPTSTK,AMARAJABAT,27-May-2021,780,CE,0,0,0,146,54.7,0,0,0,0,19-APR-2021,
OPTSTK,AMARAJABAT,27-May-2021,790,CE,0,0,0,139.1,49.3,0,0,0,0,19-APR-2021,
OPTSTK,AMARAJABAT,27-May-2021,800,CE,0,0,0,132.4,44.3,0,0,0,0,19-APR-2021,
OPTSTK,AMARAJABAT,27-May-2021,810,CE,0,0,0,125.95,39.65,0,0,0,0,19-APR-2021,
OPTSTK,AMARAJABAT,27-May-2021,820,CE,0,0,0,119.65,35.35,0,0,0,0,19-APR-2021,
OPTSTK,AMARAJABAT,27-May-2021,830,CE,0,0,0,29.65,31.45,0,0,4000,0,19-APR-2021,
OPTSTK,AMARAJABAT,27-May-2021,840,CE,0,0,0,107.8,27.85,0,0,0,0,19-APR-2021,
OPTSTK,AMARAJABAT,27-May-2021,850,CE,0,0,0,28.1,24.55,0,0,1000,0,19-APR-2021,
OPTSTK,AMARAJABAT,27-May-2021,860,CE,0,0,0,96.75,21.6,0,0,0,0,19-APR-2021,
OPTSTK,AMARAJABAT,27-May-2021,870,CE,0,0,0,91.5,19,0,0,0,0,19-APR-2021,
OPTSTK,AMARAJABAT,27-May-2021,880,CE,0,0,0,12,16.6,0,0,1000,0,19-APR-2021,
OPTSTK,AMARAJABAT,27-May-2021,890,CE,0,0,0,81.7,14.45,0,0,0,0,19-APR-2021,
OPTSTK,AMARAJABAT,27-May-2021,900,CE,9.9,9.9,1,6,12.55,17,154.11,57000,11000,19-APR-2021,
OPTSTK,AMARAJABAT,27-May-2021,910,CE,0,0,0,72.75,10.85,0,0,0,0,19-APR-2021,
OPTSTK,AMARAJABAT,27-May-2021,920,CE,0,0,0,51.25,9.35,0,0,0,0,19-APR-2021,
OPTSTK,AMARAJABAT,27-May-2021,930,CE,0,0,0,64.5,8.05,0,0,0,0,19-APR-2021,
OPTSTK,AMARAJABAT,27-May-2021,940,CE,0,0,0,60.7,6.9,0,0,0,0,19-APR-2021,
OPTSTK,AMARAJABAT,27-May-2021,950,CE,0,0,0,57.05,5.9,0,0,0,0,19-APR-2021,
OPTSTK,AMARAJABAT,27-May-2021,960,CE,0,0,0,53.6,5.05,0,0,0,0,19-APR-2021,
OPTSTK,AMARAJABAT,27-May-2021,970,CE,0,0,0,50.3,4.3,0,0,0,0,19-APR-2021,
OPTSTK,AMARAJABAT,27-May-2021,980,CE,0,0,0,47.2,3.65,0,0,0,0,19-APR-2021,
OPTSTK,AMARAJABAT,27-May-2021,990,CE,0,0,0,44.2,3.05,0,0,0,0,19-APR-2021,
OPTSTK,AMARAJABAT,27-May-2021,1000,CE,0,0,0,41.4,2.6,0,0,0,0,19-APR-2021,
OPTSTK,AMARAJABAT,27-May-2021,1010,CE,0,0,0,38.75,2.2,0,0,0,0,19-APR-2021,
OPTSTK,AMARAJABAT,27-May-2021,1020,CE,0,0,0,36.3,1.85,0,0,0,0,19-APR-2021,
OPTSTK,AMARAJABAT,27-May-2021,1030,CE,0,0,0,33.95,1.55,0,0,0,0,19-APR-2021,
OPTSTK,AMARAJABAT,27-May-2021,1040,CE,0,0,0,31.7,1.3,0,0,0,0,19-APR-2021,
OPTSTK,AMARAJABAT,27-May-2021,1050,CE,0,0,0,29.6,1.05,0,0,0,0,19-APR-2021,
OPTSTK,AMARAJABAT,27-May-2021,1060,CE,0,0,0,27.65,0.9,0,0,0,0,19-APR-2021,
OPTSTK,AMARAJABAT,27-May-2021,1070,CE,0,0,0,25.75,0.75,0,0,0,0,19-APR-2021,
OPTSTK,AMARAJABAT,27-May-2021,1080,CE,0,0,0,24,0.6,0,0,0,0,19-APR-2021,
OPTSTK,AMARAJABAT,27-May-2021,1090,CE,0,0,0,22.35,0.5,0,0,0,0,19-APR-2021,
OPTSTK,AMARAJABAT,27-May-2021,1100,CE,0,0,0,20.8,0.4,0,0,0,0,19-APR-2021,
OPTSTK,AMARAJABAT,27-May-2021,1110,CE,0,0,0,19.35,0.35,0,0,0,0,19-APR-2021,
OPTSTK,AMARAJABAT,27-May-2021,1120,CE,0,0,0,18,0.3,0,0,0,0,19-APR-2021,
OPTSTK,AMARAJABAT,27-May-2021,1130,CE,0,0,0,16.7,0.25,0,0,0,0,19-APR-2021,
OPTSTK,AMARAJABAT,27-May-2021,1140,CE,0,0,0,15.55,0.2,0,0,0,0,19-APR-2021,
OPTSTK,AMARAJABAT,27-May-2021,1150,CE,0,0,0,14.4,0.15,0,0,0,0,19-APR-2021,
OPTSTK,AMARAJABAT,27-May-2021,1160,CE,0,0,0,13.4,0.15,0,0,0,0,19-APR-2021,
OPTSTK,AMARAJABAT,27-May-2021,1170,CE,0,0,0,12.4,0.1,0,0,0,0,19-APR-2021,
OPTSTK,AMARAJABAT,27-May-2021,1180,CE,0,0,0,11.5,0.1,0,0,0,0,19-APR-2021,
OPTSTK,AMARAJABAT,27-May-2021,1190,CE,0,0,0,10.65,0.1,0,0,0,0,19-APR-2021,
OPTSTK,AMARAJABAT,27-May-2021,1200,CE,0,0,0,9.85,0.05,0,0,0,0,19-APR-2021,
OPTSTK,AMARAJABAT,27-May-2021,580,PE,0,0,0,1.35,0.25,0,0,0,0,19-APR-2021,
OPTSTK,AMARAJABAT,27-May-2021,590,PE,0,0,0,1.7,0.35,0,0,0,0,19-APR-2021,
OPTSTK,AMARAJABAT,27-May-2021,600,PE,0,0,0,2.05,0.5,0,0,0,0,19-APR-2021,
OPTSTK,AMARAJABAT,27-May-2021,610,PE,0,0,0,2.5,0.7,0,0,0,0,19-APR-2021,
OPTSTK,AMARAJABAT,27-May-2021,620,PE,0,0,0,3.05,1,0,0,0,0,19-APR-2021,
OPTSTK,AMARAJABAT,27-May-2021,630,PE,0,0,0,3.65,1.35,0,0,0,0,19-APR-2021,
OPTSTK,AMARAJABAT,27-May-2021,640,PE,0,0,0,4.35,1.8,0,0,0,0,19-APR-2021,
OPTSTK,AMARAJABAT,27-May-2021,650,PE,0,0,0,5.15,2.4,0,0,0,0,19-APR-2021,
OPTSTK,AMARAJABAT,27-May-2021,660,PE,0,0,0,6.05,3.15,0,0,0,0,19-APR-2021,
OPTSTK,AMARAJABAT,27-May-2021,670,PE,0,0,0,7.05,4.05,0,0,0,0,19-APR-2021,
OPTSTK,AMARAJABAT,27-May-2021,680,PE,0,0,0,8.2,5.1,0,0,0,0,19-APR-2021,
OPTSTK,AMARAJABAT,27-May-2021,690,PE,0,0,0,9.5,6.45,0,0,0,0,19-APR-2021,
OPTSTK,AMARAJABAT,27-May-2021,700,PE,0,0,0,10.9,8,0,0,0,0,19-APR-2021,
OPTSTK,AMARAJABAT,27-May-2021,710,PE,0,0,0,12.5,9.8,0,0,0,0,19-APR-2021,
OPTSTK,AMARAJABAT,27-May-2021,720,PE,0,0,0,14.25,11.95,0,0,0,0,19-APR-2021,
OPTSTK,AMARAJABAT,27-May-2021,730,PE,0,0,0,16.15,14.4,0,0,0,0,19-APR-2021,
OPTSTK,AMARAJABAT,27-May-2021,740,PE,0,0,0,18.2,17.1,0,0,0,0,19-APR-2021,
OPTSTK,AMARAJABAT,27-May-2021,750,PE,11.25,11.25,11.25,11.25,20.2,1,7.61,3000,1000,19-APR-2021,
OPTSTK,AMARAJABAT,27-May-2021,760,PE,0,0,0,22.95,23.65,0,0,0,0,19-APR-2021,
OPTSTK,AMARAJABAT,27-May-2021,770,PE,0,0,0,25.55,27.45,0,0,0,0,19-APR-2021,
OPTSTK,AMARAJABAT,27-May-2021,780,PE,22,23.6,21,23.6,31.65,5,40.09,21000,1000,19-APR-2021,
OPTSTK,AMARAJABAT,27-May-2021,790,PE,0,0,0,31.4,36.25,0,0,0,0,19-APR-2021,
OPTSTK,AMARAJABAT,27-May-2021,800,PE,34.45,38.25,27.95,28.5,28.5,54,449.03,325000,-3000,19-APR-2021,
OPTSTK,AMARAJABAT,27-May-2021,810,PE,0,0,0,38.05,46.5,0,0,0,0,19-APR-2021,
OPTSTK,AMARAJABAT,27-May-2021,820,PE,0,0,0,41.7,52.15,0,0,0,0,19-APR-2021,
OPTSTK,AMARAJABAT,27-May-2021,830,PE,0,0,0,45.55,58.2,0,0,0,0,19-APR-2021,
OPTSTK,AMARAJABAT,27-May-2021,840,PE,0,0,0,36,64.55,0,0,1000,0,19-APR-2021,
OPTSTK,AMARAJABAT,27-May-2021,850,PE,0,0,0,55,71.25,0,0,28000,0,19-APR-2021,
OPTSTK,AMARAJABAT,27-May-2021,860,PE,0,0,0,58.4,78.25,0,0,0,0,19-APR-2021,
OPTSTK,AMARAJABAT,27-May-2021,870,PE,0,0,0,63.1,85.6,0,0,0,0,19-APR-2021,
OPTSTK,AMARAJABAT,27-May-2021,880,PE,0,0,0,68,93.15,0,0,0,0,19-APR-2021,
OPTSTK,AMARAJABAT,27-May-2021,890,PE,0,0,0,73.1,100.95,0,0,0,0,19-APR-2021,
OPTSTK,AMARAJABAT,27-May-2021,900,PE,0,0,0,78.4,109.05,0,0,0,0,19-APR-2021,
OPTSTK,AMARAJABAT,27-May-2021,910,PE,0,0,0,83.9,117.3,0,0,0,0,19-APR-2021,
OPTSTK,AMARAJABAT,27-May-2021,920,PE,0,0,0,89.6,125.8,0,0,0,0,19-APR-2021,
OPTSTK,AMARAJABAT,27-May-2021,930,PE,0,0,0,95.5,134.45,0,0,0,0,19-APR-2021,
OPTSTK,AMARAJABAT,27-May-2021,940,PE,0,0,0,101.6,143.25,0,0,0,0,19-APR-2021,
OPTSTK,AMARAJABAT,27-May-2021,950,PE,0,0,0,107.85,152.2,0,0,0,0,19-APR-2021,
OPTSTK,AMARAJABAT,27-May-2021,960,PE,0,0,0,114.3,161.3,0,0,0,0,19-APR-2021,
OPTSTK,AMARAJABAT,27-May-2021,970,PE,0,0,0,120.9,170.5,0,0,0,0,19-APR-2021,
OPTSTK,AMARAJABAT,27-May-2021,980,PE,0,0,0,127.7,179.8,0,0,0,0,19-APR-2021,
OPTSTK,AMARAJABAT,27-May-2021,990,PE,0,0,0,134.65,189.2,0,0,0,0,19-APR-2021,
OPTSTK,AMARAJABAT,27-May-2021,1000,PE,0,0,0,196,198.7,0,0,2000,0,19-APR-2021,
OPTSTK,AMARAJABAT,27-May-2021,1010,PE,0,0,0,149,208.25,0,0,0,0,19-APR-2021,
OPTSTK,AMARAJABAT,27-May-2021,1020,PE,0,0,0,156.45,217.85,0,0,0,0,19-APR-2021,
OPTSTK,AMARAJABAT,27-May-2021,1030,PE,0,0,0,164,227.5,0,0,0,0,19-APR-2021,
OPTSTK,AMARAJABAT,27-May-2021,1040,PE,0,0,0,171.7,237.25,0,0,0,0,19-APR-2021,
OPTSTK,AMARAJABAT,27-May-2021,1050,PE,0,0,0,179.5,247,0,0,0,0,19-APR-2021,
OPTSTK,AMARAJABAT,27-May-2021,1060,PE,0,0,0,187.45,256.75,0,0,0,0,19-APR-2021,
OPTSTK,AMARAJABAT,27-May-2021,1070,PE,0,0,0,195.45,266.55,0,0,0,0,19-APR-2021,
OPTSTK,AMARAJABAT,27-May-2021,1080,PE,0,0,0,203.6,276.4,0,0,0,0,19-APR-2021,
OPTSTK,AMARAJABAT,27-May-2021,1090,PE,0,0,0,211.85,286.25,0,0,0,0,19-APR-2021,
OPTSTK,AMARAJABAT,27-May-2021,1100,PE,0,0,0,220.2,296.15,0,0,0,0,19-APR-2021,
OPTSTK,AMARAJABAT,27-May-2021,1110,PE,0,0,0,228.65,306.05,0,0,0,0,19-APR-2021,
OPTSTK,AMARAJABAT,27-May-2021,1120,PE,0,0,0,237.2,315.95,0,0,0,0,19-APR-2021,
OPTSTK,AMARAJABAT,27-May-2021,1130,PE,0,0,0,245.85,325.85,0,0,0,0,19-APR-2021,
OPTSTK,AMARAJABAT,27-May-2021,1140,PE,0,0,0,254.55,335.75,0,0,0,0,19-APR-2021,
OPTSTK,AMARAJABAT,27-May-2021,1150,PE,0,0,0,263.35,345.7,0,0,0,0,19-APR-2021,
OPTSTK,AMARAJABAT,27-May-2021,1160,PE,0,0,0,272.25,355.6,0,0,0,0,19-APR-2021,
OPTSTK,AMARAJABAT,27-May-2021,1170,PE,0,0,0,281.15,365.55,0,0,0,0,19-APR-2021,
OPTSTK,AMARAJABAT,27-May-2021,1180,PE,0,0,0,290.15,375.5,0,0,0,0,19-APR-2021,
OPTSTK,AMARAJABAT,27-May-2021,1190,PE,0,0,0,299.25,385.45,0,0,0,0,19-APR-2021,
OPTSTK,AMARAJABAT,27-May-2021,1200,PE,0,0,0,308.35,395.4,0,0,0,0,19-APR-2021,
OPTSTK,AMARAJABAT,24-Jun-2021,580,CE,0,0,0,272.6,225.4,0,0,0,0,19-APR-2021,
OPTSTK,AMARAJABAT,24-Jun-2021,590,CE,0,0,0,263.15,215.9,0,0,0,0,19-APR-2021,
OPTSTK,AMARAJABAT,24-Jun-2021,600,CE,0,0,0,253.8,206.5,0,0,0,0,19-APR-2021,
OPTSTK,AMARAJABAT,24-Jun-2021,610,CE,0,0,0,244.55,197.2,0,0,0,0,19-APR-2021,
OPTSTK,AMARAJABAT,24-Jun-2021,620,CE,0,0,0,235.4,188,0,0,0,0,19-APR-2021,
OPTSTK,AMARAJABAT,24-Jun-2021,630,CE,0,0,0,226.4,178.95,0,0,0,0,19-APR-2021,
OPTSTK,AMARAJABAT,24-Jun-2021,640,CE,0,0,0,217.45,170.1,0,0,0,0,19-APR-2021,
OPTSTK,AMARAJABAT,24-Jun-2021,650,CE,0,0,0,208.7,161.35,0,0,0,0,19-APR-2021,
OPTSTK,AMARAJABAT,24-Jun-2021,660,CE,0,0,0,200.05,152.8,0,0,0,0,19-APR-2021,
OPTSTK,AMARAJABAT,24-Jun-2021,670,CE,0,0,0,191.6,144.45,0,0,0,0,19-APR-2021,
OPTSTK,AMARAJABAT,24-Jun-2021,680,CE,0,0,0,183.25,136.35,0,0,0,0,19-APR-2021,
OPTSTK,AMARAJABAT,24-Jun-2021,690,CE,0,0,0,175.1,128.45,0,0,0,0,19-APR-2021,
OPTSTK,AMARAJABAT,24-Jun-2021,700,CE,0,0,0,167.15,120.75,0,0,0,0,19-APR-2021,
OPTSTK,AMARAJABAT,24-Jun-2021,710,CE,0,0,0,159.4,113.35,0,0,0,0,19-APR-2021,
OPTSTK,AMARAJABAT,24-Jun-2021,720,CE,0,0,0,151.8,106.2,0,0,0,0,19-APR-2021,
OPTSTK,AMARAJABAT,24-Jun-2021,730,CE,0,0,0,144.45,99.25,0,0,0,0,19-APR-2021,
OPTSTK,AMARAJABAT,24-Jun-2021,740,CE,0,0,0,137.3,92.65,0,0,0,0,19-APR-2021,
OPTSTK,AMARAJABAT,24-Jun-2021,750,CE,0,0,0,130.3,86.3,0,0,0,0,19-APR-2021,
OPTSTK,AMARAJABAT,24-Jun-2021,760,CE,0,0,0,123.55,80.25,0,0,0,0,19-APR-2021,
OPTSTK,AMARAJABAT,24-Jun-2021,770,CE,0,0,0,117.05,74.5,0,0,0,0,19-APR-2021,
OPTSTK,AMARAJABAT,24-Jun-2021,780,CE,0,0,0,110.75,69,0,0,0,0,19-APR-2021,
OPTSTK,AMARAJABAT,24-Jun-2021,790,CE,0,0,0,104.7,63.85,0,0,0,0,19-APR-2021,
OPTSTK,AMARAJABAT,24-Jun-2021,800,CE,0,0,0,98.85,58.9,0,0,0,0,19-APR-2021,
OPTSTK,AMARAJABAT,24-Jun-2021,810,CE,0,0,0,93.25,54.3,0,0,0,0,19-APR-2021,
OPTSTK,AMARAJABAT,24-Jun-2021,820,CE,0,0,0,87.9,49.95,0,0,0,0,19-APR-2021,
OPTSTK,AMARAJABAT,24-Jun-2021,830,CE,0,0,0,82.7,45.85,0,0,0,0,19-APR-2021,
OPTSTK,AMARAJABAT,24-Jun-2021,840,CE,0,0,0,77.8,42,0,0,0,0,19-APR-2021,
OPTSTK,AMARAJABAT,24-Jun-2021,850,CE,0,0,0,73.1,38.45,0,0,0,0,19-APR-2021,
OPTSTK,AMARAJABAT,24-Jun-2021,860,CE,0,0,0,68.6,35.1,0,0,0,0,19-APR-2021,
OPTSTK,AMARAJABAT,24-Jun-2021,870,CE,0,0,0,64.3,32.05,0,0,0,0,19-APR-2021,
OPTSTK,AMARAJABAT,24-Jun-2021,880,CE,0,0,0,60.25,29.15,0,0,0,0,19-APR-2021,
OPTSTK,AMARAJABAT,24-Jun-2021,890,CE,0,0,0,56.4,26.5,0,0,0,0,19-APR-2021,
OPTSTK,AMARAJABAT,24-Jun-2021,900,CE,0,0,0,40,24.1,0,0,1000,0,19-APR-2021,
OPTSTK,AMARAJABAT,24-Jun-2021,910,CE,0,0,0,49.25,21.85,0,0,0,0,19-APR-2021,
OPTSTK,AMARAJABAT,24-Jun-2021,920,CE,0,0,0,45.95,19.75,0,0,0,0,19-APR-2021,
OPTSTK,AMARAJABAT,24-Jun-2021,930,CE,0,0,0,42.85,17.85,0,0,0,0,19-APR-2021,
OPTSTK,AMARAJABAT,24-Jun-2021,940,CE,0,0,0,39,16.1,0,0,1000,0,19-APR-2021,
OPTSTK,AMARAJABAT,24-Jun-2021,950,CE,0,0,0,37.15,14.5,0,0,0,0,19-APR-2021,
OPTSTK,AMARAJABAT,24-Jun-2021,960,CE,0,0,0,34.55,13.05,0,0,0,0,19-APR-2021,
OPTSTK,AMARAJABAT,24-Jun-2021,970,CE,0,0,0,32.15,11.75,0,0,0,0,19-APR-2021,
OPTSTK,AMARAJABAT,24-Jun-2021,980,CE,0,0,0,29.9,10.5,0,0,0,0,19-APR-2021,
OPTSTK,AMARAJABAT,24-Jun-2021,990,CE,0,0,0,27.75,9.45,0,0,0,0,19-APR-2021,
OPTSTK,AMARAJABAT,24-Jun-2021,1000,CE,0,0,0,25.75,8.45,0,0,0,0,19-APR-2021,
OPTSTK,AMARAJABAT,24-Jun-2021,1010,CE,0,0,0,23.8,7.55,0,0,0,0,19-APR-2021,
OPTSTK,AMARAJABAT,24-Jun-2021,1020,CE,0,0,0,22.05,6.75,0,0,0,0,19-APR-2021,
OPTSTK,AMARAJABAT,24-Jun-2021,1030,CE,0,0,0,20.4,6,0,0,0,0,19-APR-2021,
OPTSTK,AMARAJABAT,24-Jun-2021,1040,CE,0,0,0,18.85,5.35,0,0,0,0,19-APR-2021,
OPTSTK,AMARAJABAT,24-Jun-2021,1050,CE,0,0,0,17.45,4.75,0,0,0,0,19-APR-2021,
OPTSTK,AMARAJABAT,24-Jun-2021,1060,CE,0,0,0,16.1,4.25,0,0,0,0,19-APR-2021,
OPTSTK,AMARAJABAT,24-Jun-2021,1070,CE,0,0,0,14.85,3.75,0,0,0,0,19-APR-2021,
OPTSTK,AMARAJABAT,24-Jun-2021,1080,CE,0,0,0,13.7,3.35,0,0,0,0,19-APR-2021,
OPTSTK,AMARAJABAT,24-Jun-2021,1090,CE,0,0,0,12.65,2.95,0,0,0,0,19-APR-2021,
OPTSTK,AMARAJABAT,24-Jun-2021,1100,CE,0,0,0,11.65,2.6,0,0,0,0,19-APR-2021,
OPTSTK,AMARAJABAT,24-Jun-2021,1110,CE,0,0,0,10.7,2.3,0,0,0,0,19-APR-2021,
OPTSTK,AMARAJABAT,24-Jun-2021,1120,CE,0,0,0,9.85,2.05,0,0,0,0,19-APR-2021,
OPTSTK,AMARAJABAT,24-Jun-2021,1130,CE,0,0,0,9.05,1.8,0,0,0,0,19-APR-2021,
OPTSTK,AMARAJABAT,24-Jun-2021,1140,CE,0,0,0,8.3,1.6,0,0,0,0,19-APR-2021,
OPTSTK,AMARAJABAT,24-Jun-2021,1150,CE,0,0,0,7.65,1.4,0,0,0,0,19-APR-2021,
OPTSTK,AMARAJABAT,24-Jun-2021,1160,CE,0,0,0,7,1.25,0,0,0,0,19-APR-2021,
OPTSTK,AMARAJABAT,24-Jun-2021,1170,CE,0,0,0,6.45,1.1,0,0,0,0,19-APR-2021,
OPTSTK,AMARAJABAT,24-Jun-2021,1180,CE,0,0,0,5.9,0.95,0,0,0,0,19-APR-2021,
OPTSTK,AMARAJABAT,24-Jun-2021,1190,CE,0,0,0,5.4,0.85,0,0,0,0,19-APR-2021,
OPTSTK,AMARAJABAT,24-Jun-2021,1200,CE,0,0,0,4.95,0.75,0,0,0,0,19-APR-2021,
OPTSTK,AMARAJABAT,24-Jun-2021,580,PE,0,0,0,2.1,1.5,0,0,0,0,19-APR-2021,
OPTSTK,AMARAJABAT,24-Jun-2021,590,PE,0,0,0,2.55,1.95,0,0,0,0,19-APR-2021,
OPTSTK,AMARAJABAT,24-Jun-2021,600,PE,0,0,0,3.5,2.45,0,0,1000,0,19-APR-2021,
OPTSTK,AMARAJABAT,24-Jun-2021,610,PE,0,0,0,3.8,3.1,0,0,0,0,19-APR-2021,
OPTSTK,AMARAJABAT,24-Jun-2021,620,PE,0,0,0,4.55,3.85,0,0,0,0,19-APR-2021,
OPTSTK,AMARAJABAT,24-Jun-2021,630,PE,0,0,0,5.4,4.7,0,0,0,0,19-APR-2021,
OPTSTK,AMARAJABAT,24-Jun-2021,640,PE,0,0,0,6.4,5.75,0,0,0,0,19-APR-2021,
OPTSTK,AMARAJABAT,24-Jun-2021,650,PE,0,0,0,7.55,6.95,0,0,0,0,19-APR-2021,
OPTSTK,AMARAJABAT,24-Jun-2021,660,PE,0,0,0,8.8,8.35,0,0,0,0,19-APR-2021,
OPTSTK,AMARAJABAT,24-Jun-2021,670,PE,0,0,0,10.25,9.95,0,0,0,0,19-APR-2021,
OPTSTK,AMARAJABAT,24-Jun-2021,680,PE,0,0,0,11.85,11.75,0,0,0,0,19-APR-2021,
OPTSTK,AMARAJABAT,24-Jun-2021,690,PE,0,0,0,13.6,13.75,0,0,0,0,19-APR-2021,
OPTSTK,AMARAJABAT,24-Jun-2021,700,PE,0,0,0,15.55,16.05,0,0,0,0,19-APR-2021,
OPTSTK,AMARAJABAT,24-Jun-2021,710,PE,0,0,0,17.7,18.55,0,0,0,0,19-APR-2021,
OPTSTK,AMARAJABAT,24-Jun-2021,720,PE,0,0,0,20,21.35,0,0,0,0,19-APR-2021,
OPTSTK,AMARAJABAT,24-Jun-2021,730,PE,0,0,0,22.55,24.35,0,0,0,0,19-APR-2021,
OPTSTK,AMARAJABAT,24-Jun-2021,740,PE,0,0,0,25.3,27.65,0,0,0,0,19-APR-2021,
OPTSTK,AMARAJABAT,24-Jun-2021,750,PE,0,0,0,28.25,31.25,0,0,0,0,19-APR-2021,
OPTSTK,AMARAJABAT,24-Jun-2021,760,PE,0,0,0,31.4,35.15,0,0,0,0,19-APR-2021,
OPTSTK,AMARAJABAT,24-Jun-2021,770,PE,0,0,0,34.75,39.3,0,0,0,0,19-APR-2021,
OPTSTK,AMARAJABAT,24-Jun-2021,780,PE,0,0,0,38.4,43.75,0,0,0,0,19-APR-2021,
OPTSTK,AMARAJABAT,24-Jun-2021,790,PE,0,0,0,42.25,48.5,0,0,0,0,19-APR-2021,
OPTSTK,AMARAJABAT,24-Jun-2021,800,PE,40,40,40,40,53.5,1,8.4,130000,1000,19-APR-2021,
OPTSTK,AMARAJABAT,24-Jun-2021,810,PE,0,0,0,50.6,58.8,0,0,0,0,19-APR-2021,
OPTSTK,AMARAJABAT,24-Jun-2021,820,PE,0,0,0,55.15,64.4,0,0,0,0,19-APR-2021,
OPTSTK,AMARAJABAT,24-Jun-2021,830,PE,0,0,0,59.9,70.25,0,0,0,0,19-APR-2021,
OPTSTK,AMARAJABAT,24-Jun-2021,840,PE,0,0,0,64.9,76.35,0,0,0,0,19-APR-2021,
OPTSTK,AMARAJABAT,24-Jun-2021,850,PE,0,0,0,70.05,82.7,0,0,0,0,19-APR-2021,
OPTSTK,AMARAJABAT,24-Jun-2021,860,PE,0,0,0,75.5,89.3,0,0,0,0,19-APR-2021,
OPTSTK,AMARAJABAT,24-Jun-2021,870,PE,0,0,0,81.1,96.15,0,0,0,0,19-APR-2021,
OPTSTK,AMARAJABAT,24-Jun-2021,880,PE,0,0,0,86.95,103.2,0,0,0,0,19-APR-2021,
OPTSTK,AMARAJABAT,24-Jun-2021,890,PE,0,0,0,93,110.5,0,0,0,0,19-APR-2021,
OPTSTK,AMARAJABAT,24-Jun-2021,900,PE,0,0,0,99.25,118,0,0,0,0,19-APR-2021,
OPTSTK,AMARAJABAT,24-Jun-2021,910,PE,0,0,0,105.7,125.7,0,0,0,0,19-APR-2021,
OPTSTK,AMARAJABAT,24-Jun-2021,920,PE,0,0,0,112.3,133.55,0,0,0,0,19-APR-2021,
OPTSTK,AMARAJABAT,24-Jun-2021,930,PE,0,0,0,119.1,141.55,0,0,0,0,19-APR-2021,
OPTSTK,AMARAJABAT,24-Jun-2021,940,PE,0,0,0,126.1,149.75,0,0,0,0,19-APR-2021,
OPTSTK,AMARAJABAT,24-Jun-2021,950,PE,0,0,0,133.25,158.1,0,0,0,0,19-APR-2021,
OPTSTK,AMARAJABAT,24-Jun-2021,960,PE,0,0,0,140.55,166.55,0,0,0,0,19-APR-2021,
OPTSTK,AMARAJABAT,24-Jun-2021,970,PE,0,0,0,148.05,175.15,0,0,0,0,19-APR-2021,
OPTSTK,AMARAJABAT,24-Jun-2021,980,PE,0,0,0,155.65,183.9,0,0,0,0,19-APR-2021,
OPTSTK,AMARAJABAT,24-Jun-2021,990,PE,0,0,0,163.45,192.75,0,0,0,0,19-APR-2021,
OPTSTK,AMARAJABAT,24-Jun-2021,1000,PE,0,0,0,171.35,201.7,0,0,0,0,19-APR-2021,
OPTSTK,AMARAJABAT,24-Jun-2021,1010,PE,0,0,0,179.3,210.7,0,0,0,0,19-APR-2021,
OPTSTK,AMARAJABAT,24-Jun-2021,1020,PE,0,0,0,187.45,219.85,0,0,0,0,19-APR-2021,
OPTSTK,AMARAJABAT,24-Jun-2021,1030,PE,0,0,0,195.7,229.05,0,0,0,0,19-APR-2021,
OPTSTK,AMARAJABAT,24-Jun-2021,1040,PE,0,0,0,204.1,238.3,0,0,0,0,19-APR-2021,
OPTSTK,AMARAJABAT,24-Jun-2021,1050,PE,0,0,0,212.55,247.65,0,0,0,0,19-APR-2021,
OPTSTK,AMARAJABAT,24-Jun-2021,1060,PE,0,0,0,221.15,257.05,0,0,0,0,19-APR-2021,
OPTSTK,AMARAJABAT,24-Jun-2021,1070,PE,0,0,0,229.8,266.5,0,0,0,0,19-APR-2021,
OPTSTK,AMARAJABAT,24-Jun-2021,1080,PE,0,0,0,238.55,276.05,0,0,0,0,19-APR-2021,
OPTSTK,AMARAJABAT,24-Jun-2021,1090,PE,0,0,0,247.4,285.6,0,0,0,0,19-APR-2021,
OPTSTK,AMARAJABAT,24-Jun-2021,1100,PE,0,0,0,256.3,295.2,0,0,0,0,19-APR-2021,
OPTSTK,AMARAJABAT,24-Jun-2021,1110,PE,0,0,0,265.3,304.8,0,0,0,0,19-APR-2021,
OPTSTK,AMARAJABAT,24-Jun-2021,1120,PE,0,0,0,274.35,314.45,0,0,0,0,19-APR-2021,
OPTSTK,AMARAJABAT,24-Jun-2021,1130,PE,0,0,0,283.45,324.15,0,0,0,0,19-APR-2021,
OPTSTK,AMARAJABAT,24-Jun-2021,1140,PE,0,0,0,292.6,333.9,0,0,0,0,19-APR-2021,
OPTSTK,AMARAJABAT,24-Jun-2021,1150,PE,0,0,0,301.85,343.65,0,0,0,0,19-APR-2021,
OPTSTK,AMARAJABAT,24-Jun-2021,1160,PE,0,0,0,311.1,353.4,0,0,0,0,19-APR-2021,
OPTSTK,AMARAJABAT,24-Jun-2021,1170,PE,0,0,0,320.45,363.2,0,0,0,0,19-APR-2021,
OPTSTK,AMARAJABAT,24-Jun-2021,1180,PE,0,0,0,329.8,373,0,0,0,0,19-APR-2021,
OPTSTK,AMARAJABAT,24-Jun-2021,1190,PE,0,0,0,339.25,382.8,0,0,0,0,19-APR-2021,
OPTSTK,AMARAJABAT,24-Jun-2021,1200,PE,0,0,0,348.7,392.65,0,0,0,0,19-APR-2021,
OPTSTK,AMBUJACEM,29-Apr-2021,170,CE,0,0,0,80.25,131.45,0,0,0,0,19-APR-2021,
OPTSTK,AMBUJACEM,29-Apr-2021,175,CE,0,0,0,75.55,126.45,0,0,0,0,19-APR-2021,
OPTSTK,AMBUJACEM,29-Apr-2021,180,CE,0,0,0,70.9,121.45,0,0,0,0,19-APR-2021,
OPTSTK,AMBUJACEM,29-Apr-2021,185,CE,0,0,0,66.4,116.45,0,0,0,0,19-APR-2021,
OPTSTK,AMBUJACEM,29-Apr-2021,190,CE,0,0,0,62,111.45,0,0,0,0,19-APR-2021,
OPTSTK,AMBUJACEM,29-Apr-2021,195,CE,0,0,0,57.7,106.45,0,0,0,0,19-APR-2021,
OPTSTK,AMBUJACEM,29-Apr-2021,200,CE,0,0,0,53.55,101.45,0,0,0,0,19-APR-2021,
OPTSTK,AMBUJACEM,29-Apr-2021,205,CE,0,0,0,49.5,96.45,0,0,0,0,19-APR-2021,
OPTSTK,AMBUJACEM,29-Apr-2021,210,CE,0,0,0,45.65,91.5,0,0,0,0,19-APR-2021,
OPTSTK,AMBUJACEM,29-Apr-2021,215,CE,0,0,0,42,86.5,0,0,0,0,19-APR-2021,
OPTSTK,AMBUJACEM,29-Apr-2021,220,CE,0,0,0,38.5,81.5,0,0,0,0,19-APR-2021,
OPTSTK,AMBUJACEM,29-Apr-2021,225,CE,0,0,0,35.15,76.5,0,0,0,0,19-APR-2021,
OPTSTK,AMBUJACEM,29-Apr-2021,230,CE,0,0,0,32.05,71.5,0,0,0,0,19-APR-2021,
OPTSTK,AMBUJACEM,29-Apr-2021,235,CE,0,0,0,29.1,66.5,0,0,0,0,19-APR-2021,
OPTSTK,AMBUJACEM,29-Apr-2021,240,CE,0,0,0,26.35,61.5,0,0,0,0,19-APR-2021,
OPTSTK,AMBUJACEM,29-Apr-2021,245,CE,0,0,0,23.8,56.5,0,0,0,0,19-APR-2021,
OPTSTK,AMBUJACEM,29-Apr-2021,250,CE,0,0,0,21.4,51.55,0,0,0,0,19-APR-2021,
OPTSTK,AMBUJACEM,29-Apr-2021,255,CE,0,0,0,19.25,46.6,0,0,0,0,19-APR-2021,
OPTSTK,AMBUJACEM,29-Apr-2021,260,CE,0,0,0,51.25,41.65,0,0,3000,0,19-APR-2021,
OPTSTK,AMBUJACEM,29-Apr-2021,265,CE,0,0,0,15.4,36.8,0,0,0,0,19-APR-2021,
OPTSTK,AMBUJACEM,29-Apr-2021,270,CE,0,0,0,13.7,32.05,0,0,0,0,19-APR-2021,
OPTSTK,AMBUJACEM,29-Apr-2021,275,CE,0,0,0,12.2,27.5,0,0,0,0,19-APR-2021,
OPTSTK,AMBUJACEM,29-Apr-2021,280,CE,0,0,0,24.95,23.15,0,0,9000,0,19-APR-2021,
OPTSTK,AMBUJACEM,29-Apr-2021,285,CE,14.65,14.65,14.65,14.65,19.1,1,8.98,18000,3000,19-APR-2021,
OPTSTK,AMBUJACEM,29-Apr-2021,290,CE,10.85,16,10.45,15.6,15.6,40,363.68,156000,12000,19-APR-2021,
OPTSTK,AMBUJACEM,29-Apr-2021,295,CE,10.35,12.7,8,12.35,12.35,193,1766.25,111000,15000,19-APR-2021,
OPTSTK,AMBUJACEM,29-Apr-2021,300,CE,6.15,10.05,5.55,9.45,9.45,703,6487.21,711000,105000,19-APR-2021,
OPTSTK,AMBUJACEM,29-Apr-2021,305,CE,5.7,7.55,4.2,7.1,7.1,223,2077.49,354000,18000,19-APR-2021,
OPTSTK,AMBUJACEM,29-Apr-2021,310,CE,5,5.7,2.9,5.4,5.4,721,6795.25,1182000,30000,19-APR-2021,
OPTSTK,AMBUJACEM,29-Apr-2021,315,CE,2.35,4.1,2.25,3.95,3.95,156,1488.16,300000,-6000,19-APR-2021,
OPTSTK,AMBUJACEM,29-Apr-2021,320,CE,2.05,3.05,1.75,2.85,2.85,507,4901.78,1455000,-18000,19-APR-2021,
OPTSTK,AMBUJACEM,29-Apr-2021,325,CE,1.6,2.3,1.45,2.2,2.2,113,1107.65,426000,9000,19-APR-2021,
OPTSTK,AMBUJACEM,29-Apr-2021,330,CE,1.2,1.75,1.1,1.65,1.65,335,3330,1548000,-75000,19-APR-2021,
OPTSTK,AMBUJACEM,29-Apr-2021,335,CE,1.15,1.3,0.9,1.25,1.25,39,393.11,318000,-15000,19-APR-2021,
OPTSTK,AMBUJACEM,29-Apr-2021,340,CE,0.7,1,0.7,0.95,0.95,178,1820.12,939000,-9000,19-APR-2021,
OPTSTK,AMBUJACEM,29-Apr-2021,345,CE,0.8,0.8,0.65,0.7,0.7,12,124.45,153000,-15000,19-APR-2021,
OPTSTK,AMBUJACEM,29-Apr-2021,350,CE,0.55,0.65,0.4,0.6,0.6,129,1356.44,1311000,-189000,19-APR-2021,
OPTSTK,AMBUJACEM,29-Apr-2021,355,CE,0.35,0.35,0.3,0.35,0.35,12,127.92,285000,-15000,19-APR-2021,
OPTSTK,AMBUJACEM,29-Apr-2021,360,CE,0.35,0.4,0.25,0.35,0.35,34,367.53,276000,-42000,19-APR-2021,
OPTSTK,AMBUJACEM,29-Apr-2021,365,CE,0,0,0,0.4,0.05,0,0,15000,0,19-APR-2021,
OPTSTK,AMBUJACEM,29-Apr-2021,370,CE,0.15,0.2,0.15,0.2,0.05,5,55.52,372000,-3000,19-APR-2021,
OPTSTK,AMBUJACEM,29-Apr-2021,375,CE,0,0,0,0.25,0.05,0,0,3000,0,19-APR-2021,
OPTSTK,AMBUJACEM,29-Apr-2021,380,CE,0.1,0.15,0.1,0.1,0,6,68.41,210000,-12000,19-APR-2021,
OPTSTK,AMBUJACEM,29-Apr-2021,170,PE,0,0,0,0.65,0,0,0,0,0,19-APR-2021,
OPTSTK,AMBUJACEM,29-Apr-2021,175,PE,0,0,0,0.5,0,0,0,3000,0,19-APR-2021,
OPTSTK,AMBUJACEM,29-Apr-2021,180,PE,0,0,0,2,0,0,0,3000,0,19-APR-2021,
OPTSTK,AMBUJACEM,29-Apr-2021,185,PE,0,0,0,1.7,0,0,0,0,0,19-APR-2021,
OPTSTK,AMBUJACEM,29-Apr-2021,190,PE,0,0,0,2.2,0,0,0,0,0,19-APR-2021,
OPTSTK,AMBUJACEM,29-Apr-2021,195,PE,0,0,0,2.9,0,0,0,0,0,19-APR-2021,
OPTSTK,AMBUJACEM,29-Apr-2021,200,PE,0,0,0,1.05,0,0,0,3000,0,19-APR-2021,
OPTSTK,AMBUJACEM,29-Apr-2021,205,PE,0,0,0,2.95,0,0,0,3000,0,19-APR-2021,
OPTSTK,AMBUJACEM,29-Apr-2021,210,PE,0,0,0,5.75,0,0,0,0,0,19-APR-2021,
OPTSTK,AMBUJACEM,29-Apr-2021,215,PE,0,0,0,7,0,0,0,0,0,19-APR-2021,
OPTSTK,AMBUJACEM,29-Apr-2021,220,PE,0,0,0,1.95,0,0,0,3000,0,19-APR-2021,
OPTSTK,AMBUJACEM,29-Apr-2021,225,PE,0,0,0,10.05,0,0,0,0,0,19-APR-2021,
OPTSTK,AMBUJACEM,29-Apr-2021,230,PE,0,0,0,11.9,0,0,0,0,0,19-APR-2021,
OPTSTK,AMBUJACEM,29-Apr-2021,235,PE,0,0,0,13.9,0,0,0,0,0,19-APR-2021,
OPTSTK,AMBUJACEM,29-Apr-2021,240,PE,0,0,0,0.3,0,0,0,24000,0,19-APR-2021,
OPTSTK,AMBUJACEM,29-Apr-2021,245,PE,0,0,0,18.5,0.05,0,0,0,0,19-APR-2021,
OPTSTK,AMBUJACEM,29-Apr-2021,250,PE,0.5,0.5,0.5,0.5,0.05,1,7.51,213000,0,19-APR-2021,
OPTSTK,AMBUJACEM,29-Apr-2021,255,PE,0,0,0,23.85,0.1,0,0,0,0,19-APR-2021,
OPTSTK,AMBUJACEM,29-Apr-2021,260,PE,0.85,1.1,0.7,0.7,0.7,76,594.84,153000,-18000,19-APR-2021,
OPTSTK,AMBUJACEM,29-Apr-2021,265,PE,0,0,0,1.5,0.3,0,0,9000,0,19-APR-2021,
OPTSTK,AMBUJACEM,29-Apr-2021,270,PE,1.1,1.85,1,1.05,1.05,146,1189.02,477000,3000,19-APR-2021,
OPTSTK,AMBUJACEM,29-Apr-2021,275,PE,2,2.1,1.45,1.65,1.65,10,83.07,84000,-21000,19-APR-2021,
OPTSTK,AMBUJACEM,29-Apr-2021,280,PE,2.9,3.55,2,2.15,2.15,191,1620.88,738000,21000,19-APR-2021,
OPTSTK,AMBUJACEM,29-Apr-2021,285,PE,4.2,4.7,2.9,3,3,40,346.69,135000,9000,19-APR-2021,
OPTSTK,AMBUJACEM,29-Apr-2021,290,PE,6.85,6.85,4,4.15,4.15,302,2674.79,510000,-57000,19-APR-2021,
OPTSTK,AMBUJACEM,29-Apr-2021,295,PE,9.05,9.15,5.6,5.95,5.95,219,1985.84,342000,150000,19-APR-2021,
OPTSTK,AMBUJACEM,29-Apr-2021,300,PE,10.3,12,7.45,7.95,7.95,240,2230.7,747000,-45000,19-APR-2021,
OPTSTK,AMBUJACEM,29-Apr-2021,305,PE,13,13.8,10.45,10.65,10.65,17,161.81,81000,-9000,19-APR-2021,
OPTSTK,AMBUJACEM,29-Apr-2021,310,PE,17.05,18.1,13.95,14,14,18,176.3,219000,-21000,19-APR-2021,
OPTSTK,AMBUJACEM,29-Apr-2021,315,PE,21.2,21.2,21.2,21.2,17.1,1,10.08,63000,0,19-APR-2021,
OPTSTK,AMBUJACEM,29-Apr-2021,320,PE,26.45,27.75,23.95,23.95,20.95,5,51.92,183000,-3000,19-APR-2021,
OPTSTK,AMBUJACEM,29-Apr-2021,325,PE,30.3,30.3,30.3,30.3,25.15,1,10.65,30000,0,19-APR-2021,
OPTSTK,AMBUJACEM,29-Apr-2021,330,PE,34.5,36.95,34.5,36.95,29.55,2,21.94,45000,-3000,19-APR-2021,
OPTSTK,AMBUJACEM,29-Apr-2021,335,PE,0,0,0,86.4,34.15,0,0,0,0,19-APR-2021,
OPTSTK,AMBUJACEM,29-Apr-2021,340,PE,39.95,40.05,39.95,40.05,40.05,2,22.8,6000,0,19-APR-2021,
OPTSTK,AMBUJACEM,29-Apr-2021,345,PE,0,0,0,95.7,43.7,0,0,0,0,19-APR-2021,
OPTSTK,AMBUJACEM,29-Apr-2021,350,PE,0,0,0,36,48.6,0,0,3000,0,19-APR-2021,
OPTSTK,AMBUJACEM,29-Apr-2021,355,PE,0,0,0,93.3,53.5,0,0,0,0,19-APR-2021,
OPTSTK,AMBUJACEM,29-Apr-2021,360,PE,0,0,0,97.95,58.45,0,0,0,0,19-APR-2021,
OPTSTK,AMBUJACEM,29-Apr-2021,365,PE,0,0,0,88.85,63.45,0,0,0,0,19-APR-2021,
OPTSTK,AMBUJACEM,29-Apr-2021,370,PE,0,0,0,93.45,68.4,0,0,0,0,19-APR-2021,
OPTSTK,AMBUJACEM,29-Apr-2021,375,PE,0,0,0,98.05,73.4,0,0,0,0,19-APR-2021,
OPTSTK,AMBUJACEM,29-Apr-2021,380,PE,0,0,0,95.85,78.4,0,0,0,0,19-APR-2021,
OPTSTK,AMBUJACEM,27-May-2021,180,CE,0,0,0,101.75,121.95,0,0,0,0,19-APR-2021,
OPTSTK,AMBUJACEM,27-May-2021,185,CE,0,0,0,96.95,117,0,0,0,0,19-APR-2021,
OPTSTK,AMBUJACEM,27-May-2021,190,CE,0,0,0,92.2,112,0,0,0,0,19-APR-2021,
OPTSTK,AMBUJACEM,27-May-2021,195,CE,0,0,0,87.5,107.05,0,0,0,0,19-APR-2021,
OPTSTK,AMBUJACEM,27-May-2021,200,CE,0,0,0,82.85,102.05,0,0,0,0,19-APR-2021,
OPTSTK,AMBUJACEM,27-May-2021,205,CE,0,0,0,78.3,97.1,0,0,0,0,19-APR-2021,
OPTSTK,AMBUJACEM,27-May-2021,210,CE,0,0,0,73.85,92.15,0,0,0,0,19-APR-2021,
OPTSTK,AMBUJACEM,27-May-2021,215,CE,0,0,0,69.45,87.2,0,0,0,0,19-APR-2021,
OPTSTK,AMBUJACEM,27-May-2021,220,CE,0,0,0,65.2,82.25,0,0,0,0,19-APR-2021,
OPTSTK,AMBUJACEM,27-May-2021,225,CE,0,0,0,61.05,77.35,0,0,0,0,19-APR-2021,
OPTSTK,AMBUJACEM,27-May-2021,230,CE,0,0,0,57.05,72.5,0,0,0,0,19-APR-2021,
OPTSTK,AMBUJACEM,27-May-2021,235,CE,0,0,0,53.2,67.7,0,0,0,0,19-APR-2021,
OPTSTK,AMBUJACEM,27-May-2021,240,CE,0,0,0,49.45,62.95,0,0,0,0,19-APR-2021,
OPTSTK,AMBUJACEM,27-May-2021,245,CE,0,0,0,45.9,58.3,0,0,0,0,19-APR-2021,
OPTSTK,AMBUJACEM,27-May-2021,250,CE,0,0,0,42.5,53.75,0,0,0,0,19-APR-2021,
OPTSTK,AMBUJACEM,27-May-2021,255,CE,0,0,0,39.2,49.3,0,0,0,0,19-APR-2021,
OPTSTK,AMBUJACEM,27-May-2021,260,CE,0,0,0,36.15,45.05,0,0,0,0,19-APR-2021,
OPTSTK,AMBUJACEM,27-May-2021,265,CE,0,0,0,33.25,40.9,0,0,0,0,19-APR-2021,
OPTSTK,AMBUJACEM,27-May-2021,270,CE,0,0,0,30.5,36.95,0,0,0,0,19-APR-2021,
OPTSTK,AMBUJACEM,27-May-2021,275,CE,0,0,0,27.9,33.25,0,0,0,0,19-APR-2021,
OPTSTK,AMBUJACEM,27-May-2021,280,CE,0,0,0,25.5,29.7,0,0,0,0,19-APR-2021,
OPTSTK,AMBUJACEM,27-May-2021,285,CE,0,0,0,23.25,26.4,0,0,0,0,19-APR-2021,
OPTSTK,AMBUJACEM,27-May-2021,290,CE,0,0,0,21.15,23.3,0,0,0,0,19-APR-2021,
OPTSTK,AMBUJACEM,27-May-2021,295,CE,0,0,0,19.2,20.5,0,0,0,0,19-APR-2021,
OPTSTK,AMBUJACEM,27-May-2021,300,CE,14.8,16.8,14.8,16.5,16.5,6,56.94,18000,3000,19-APR-2021,
OPTSTK,AMBUJACEM,27-May-2021,305,CE,0,0,0,15.7,15.55,0,0,0,0,19-APR-2021,
OPTSTK,AMBUJACEM,27-May-2021,310,CE,0,0,0,14.2,13.45,0,0,0,0,19-APR-2021,
OPTSTK,AMBUJACEM,27-May-2021,315,CE,0,0,0,12.8,11.55,0,0,0,0,19-APR-2021,
OPTSTK,AMBUJACEM,27-May-2021,320,CE,7,7,7,7,7,1,9.81,3000,3000,19-APR-2021,
OPTSTK,AMBUJACEM,27-May-2021,325,CE,5,7.6,5,7.55,7.55,29,288.61,87000,81000,19-APR-2021,
OPTSTK,AMBUJACEM,27-May-2021,330,CE,0,0,0,7,7.1,0,0,3000,0,19-APR-2021,
OPTSTK,AMBUJACEM,27-May-2021,335,CE,0,0,0,8.3,5.95,0,0,0,0,19-APR-2021,
OPTSTK,AMBUJACEM,27-May-2021,340,CE,0,0,0,7.4,5,0,0,0,0,19-APR-2021,
OPTSTK,AMBUJACEM,27-May-2021,345,CE,0,0,0,9.85,4.15,0,0,3000,0,19-APR-2021,
OPTSTK,AMBUJACEM,27-May-2021,350,CE,2.1,2.2,2.1,2.2,2.2,3,31.69,33000,9000,19-APR-2021,
OPTSTK,AMBUJACEM,27-May-2021,355,CE,0,0,0,5.25,2.85,0,0,0,0,19-APR-2021,
OPTSTK,AMBUJACEM,27-May-2021,360,CE,0,0,0,4.7,2.35,0,0,0,0,19-APR-2021,
OPTSTK,AMBUJACEM,27-May-2021,365,CE,0,0,0,4.15,1.9,0,0,0,0,19-APR-2021,
OPTSTK,AMBUJACEM,27-May-2021,370,CE,0,0,0,3.7,1.55,0,0,0,0,19-APR-2021,
OPTSTK,AMBUJACEM,27-May-2021,375,CE,0,0,0,3.25,1.25,0,0,0,0,19-APR-2021,
OPTSTK,AMBUJACEM,27-May-2021,380,CE,0,0,0,2.9,1,0,0,0,0,19-APR-2021,
OPTSTK,AMBUJACEM,27-May-2021,180,PE,0,0,0,0.4,0,0,0,0,0,19-APR-2021,
OPTSTK,AMBUJACEM,27-May-2021,185,PE,0,0,0,0.55,0,0,0,0,0,19-APR-2021,
OPTSTK,AMBUJACEM,27-May-2021,190,PE,0,0,0,0.7,0,0,0,0,0,19-APR-2021,
OPTSTK,AMBUJACEM,27-May-2021,195,PE,0,0,0,1,0.05,0,0,0,0,19-APR-2021,
OPTSTK,AMBUJACEM,27-May-2021,200,PE,0,0,0,1.05,0.05,0,0,3000,0,19-APR-2021,
OPTSTK,AMBUJACEM,27-May-2021,205,PE,0,0,0,1.7,0.05,0,0,0,0,19-APR-2021,
OPTSTK,AMBUJACEM,27-May-2021,210,PE,0,0,0,2.2,0.05,0,0,0,0,19-APR-2021,
OPTSTK,AMBUJACEM,27-May-2021,215,PE,0,0,0,2.75,0.1,0,0,0,0,19-APR-2021,
OPTSTK,AMBUJACEM,27-May-2021,220,PE,0,0,0,3.45,0.15,0,0,0,0,19-APR-2021,
OPTSTK,AMBUJACEM,27-May-2021,225,PE,0,0,0,4.25,0.25,0,0,0,0,19-APR-2021,
OPTSTK,AMBUJACEM,27-May-2021,230,PE,0,0,0,5.2,0.35,0,0,0,0,19-APR-2021,
OPTSTK,AMBUJACEM,27-May-2021,235,PE,0,0,0,6.3,0.55,0,0,0,0,19-APR-2021,
OPTSTK,AMBUJACEM,27-May-2021,240,PE,0,0,0,7.55,0.75,0,0,0,0,19-APR-2021,
OPTSTK,AMBUJACEM,27-May-2021,245,PE,0,0,0,8.9,1.1,0,0,0,0,19-APR-2021,
OPTSTK,AMBUJACEM,27-May-2021,250,PE,0,0,0,10.45,1.5,0,0,0,0,19-APR-2021,
OPTSTK,AMBUJACEM,27-May-2021,255,PE,0,0,0,12.15,2.05,0,0,0,0,19-APR-2021,
OPTSTK,AMBUJACEM,27-May-2021,260,PE,0,0,0,14,2.75,0,0,0,0,19-APR-2021,
OPTSTK,AMBUJACEM,27-May-2021,265,PE,0,0,0,16.05,3.6,0,0,0,0,19-APR-2021,
OPTSTK,AMBUJACEM,27-May-2021,270,PE,0,0,0,18.25,4.65,0,0,0,0,19-APR-2021,
OPTSTK,AMBUJACEM,27-May-2021,275,PE,0,0,0,20.65,5.9,0,0,0,0,19-APR-2021,
OPTSTK,AMBUJACEM,27-May-2021,280,PE,8.05,8.05,8.05,8.05,7.35,1,8.64,15000,0,19-APR-2021,
OPTSTK,AMBUJACEM,27-May-2021,285,PE,0,0,0,25.9,9,0,0,0,0,19-APR-2021,
OPTSTK,AMBUJACEM,27-May-2021,290,PE,9,9,9,9,10.95,1,8.97,15000,3000,19-APR-2021,
OPTSTK,AMBUJACEM,27-May-2021,295,PE,0,0,0,31.75,13.1,0,0,0,0,19-APR-2021,
OPTSTK,AMBUJACEM,27-May-2021,300,PE,0,0,0,9.15,15.5,0,0,15000,0,19-APR-2021,
OPTSTK,AMBUJACEM,27-May-2021,305,PE,0,0,0,38.2,18.1,0,0,0,0,19-APR-2021,
OPTSTK,AMBUJACEM,27-May-2021,310,PE,0,0,0,41.6,21,0,0,0,0,19-APR-2021,
OPTSTK,AMBUJACEM,27-May-2021,315,PE,0,0,0,45.15,24.05,0,0,0,0,19-APR-2021,
OPTSTK,AMBUJACEM,27-May-2021,320,PE,0,0,0,48.85,27.35,0,0,0,0,19-APR-2021,
OPTSTK,AMBUJACEM,27-May-2021,325,PE,0,0,0,52.6,30.85,0,0,0,0,19-APR-2021,
OPTSTK,AMBUJACEM,27-May-2021,330,PE,0,0,0,56.5,34.55,0,0,0,0,19-APR-2021,
OPTSTK,AMBUJACEM,27-May-2021,335,PE,0,0,0,60.5,38.4,0,0,0,0,19-APR-2021,
OPTSTK,AMBUJACEM,27-May-2021,340,PE,0,0,0,64.55,42.4,0,0,0,0,19-APR-2021,
OPTSTK,AMBUJACEM,27-May-2021,345,PE,0,0,0,68.7,46.55,0,0,0,0,19-APR-2021,
OPTSTK,AMBUJACEM,27-May-2021,350,PE,0,0,0,72.95,50.8,0,0,0,0,19-APR-2021,
OPTSTK,AMBUJACEM,27-May-2021,355,PE,0,0,0,77.25,55.2,0,0,0,0,19-APR-2021,
OPTSTK,AMBUJACEM,27-May-2021,360,PE,0,0,0,81.65,59.65,0,0,0,0,19-APR-2021,
OPTSTK,AMBUJACEM,27-May-2021,365,PE,0,0,0,86.05,64.25,0,0,0,0,19-APR-2021,
OPTSTK,AMBUJACEM,27-May-2021,370,PE,0,0,0,90.55,68.85,0,0,0,0,19-APR-2021,
OPTSTK,AMBUJACEM,27-May-2021,375,PE,0,0,0,95.05,73.55,0,0,0,0,19-APR-2021,
OPTSTK,AMBUJACEM,27-May-2021,380,PE,0,0,0,99.65,78.3,0,0,0,0,19-APR-2021,
OPTSTK,AMBUJACEM,24-Jun-2021,180,CE,0,0,0,115.95,122.5,0,0,0,0,19-APR-2021,
OPTSTK,AMBUJACEM,24-Jun-2021,185,CE,0,0,0,111.1,117.55,0,0,0,0,19-APR-2021,
OPTSTK,AMBUJACEM,24-Jun-2021,190,CE,0,0,0,106.25,112.65,0,0,0,0,19-APR-2021,
OPTSTK,AMBUJACEM,24-Jun-2021,195,CE,0,0,0,101.45,107.7,0,0,0,0,19-APR-2021,
OPTSTK,AMBUJACEM,24-Jun-2021,200,CE,0,0,0,96.7,102.8,0,0,0,0,19-APR-2021,
OPTSTK,AMBUJACEM,24-Jun-2021,205,CE,0,0,0,91.95,97.9,0,0,0,0,19-APR-2021,
OPTSTK,AMBUJACEM,24-Jun-2021,210,CE,0,0,0,87.3,93.1,0,0,0,0,19-APR-2021,
OPTSTK,AMBUJACEM,24-Jun-2021,215,CE,0,0,0,82.75,88.25,0,0,0,0,19-APR-2021,
OPTSTK,AMBUJACEM,24-Jun-2021,220,CE,0,0,0,78.25,83.5,0,0,0,0,19-APR-2021,
OPTSTK,AMBUJACEM,24-Jun-2021,225,CE,0,0,0,73.85,78.85,0,0,0,0,19-APR-2021,
OPTSTK,AMBUJACEM,24-Jun-2021,230,CE,0,0,0,69.55,74.2,0,0,0,0,19-APR-2021,
OPTSTK,AMBUJACEM,24-Jun-2021,235,CE,0,0,0,65.35,69.7,0,0,0,0,19-APR-2021,
OPTSTK,AMBUJACEM,24-Jun-2021,240,CE,0,0,0,61.25,65.25,0,0,0,0,19-APR-2021,
OPTSTK,AMBUJACEM,24-Jun-2021,245,CE,0,0,0,57.35,60.95,0,0,0,0,19-APR-2021,
OPTSTK,AMBUJACEM,24-Jun-2021,250,CE,0,0,0,53.5,56.75,0,0,0,0,19-APR-2021,
OPTSTK,AMBUJACEM,24-Jun-2021,255,CE,0,0,0,49.85,52.65,0,0,0,0,19-APR-2021,
OPTSTK,AMBUJACEM,24-Jun-2021,260,CE,0,0,0,46.35,48.75,0,0,0,0,19-APR-2021,
OPTSTK,AMBUJACEM,24-Jun-2021,265,CE,0,0,0,43,45,0,0,0,0,19-APR-2021,
OPTSTK,AMBUJACEM,24-Jun-2021,270,CE,0,0,0,39.8,41.4,0,0,0,0,19-APR-2021,
OPTSTK,AMBUJACEM,24-Jun-2021,275,CE,0,0,0,36.75,37.95,0,0,0,0,19-APR-2021,
OPTSTK,AMBUJACEM,24-Jun-2021,280,CE,0,0,0,33.85,34.75,0,0,0,0,19-APR-2021,
OPTSTK,AMBUJACEM,24-Jun-2021,285,CE,0,0,0,31.15,31.65,0,0,0,0,19-APR-2021,
OPTSTK,AMBUJACEM,24-Jun-2021,290,CE,0,0,0,28.6,28.8,0,0,0,0,19-APR-2021,
OPTSTK,AMBUJACEM,24-Jun-2021,295,CE,0,0,0,26.2,26.1,0,0,0,0,19-APR-2021,
OPTSTK,AMBUJACEM,24-Jun-2021,300,CE,0,0,0,23.95,23.6,0,0,0,0,19-APR-2021,
OPTSTK,AMBUJACEM,24-Jun-2021,305,CE,0,0,0,21.85,21.25,0,0,0,0,19-APR-2021,
OPTSTK,AMBUJACEM,24-Jun-2021,310,CE,0,0,0,19.9,19.1,0,0,0,0,19-APR-2021,
OPTSTK,AMBUJACEM,24-Jun-2021,315,CE,0,0,0,18.1,17.1,0,0,0,0,19-APR-2021,
OPTSTK,AMBUJACEM,24-Jun-2021,320,CE,0,0,0,16.45,15.3,0,0,0,0,19-APR-2021,
OPTSTK,AMBUJACEM,24-Jun-2021,325,CE,0,0,0,14.9,13.65,0,0,0,0,19-APR-2021,
OPTSTK,AMBUJACEM,24-Jun-2021,330,CE,0,0,0,13.45,12.1,0,0,0,0,19-APR-2021,
OPTSTK,AMBUJACEM,24-Jun-2021,335,CE,0,0,0,12.2,10.75,0,0,0,0,19-APR-2021,
OPTSTK,AMBUJACEM,24-Jun-2021,340,CE,0,0,0,11,9.5,0,0,0,0,19-APR-2021,
OPTSTK,AMBUJACEM,24-Jun-2021,345,CE,0,0,0,9.9,8.4,0,0,0,0,19-APR-2021,
OPTSTK,AMBUJACEM,24-Jun-2021,350,CE,0,0,0,8.9,7.4,0,0,0,0,19-APR-2021,
OPTSTK,AMBUJACEM,24-Jun-2021,355,CE,0,0,0,8,6.5,0,0,0,0,19-APR-2021,
OPTSTK,AMBUJACEM,24-Jun-2021,360,CE,0,0,0,7.15,5.7,0,0,0,0,19-APR-2021,
OPTSTK,AMBUJACEM,24-Jun-2021,365,CE,0,0,0,6.4,5,0,0,0,0,19-APR-2021,
OPTSTK,AMBUJACEM,24-Jun-2021,370,CE,0,0,0,5.75,4.35,0,0,0,0,19-APR-2021,
OPTSTK,AMBUJACEM,24-Jun-2021,375,CE,0,0,0,5.1,3.8,0,0,0,0,19-APR-2021,
OPTSTK,AMBUJACEM,24-Jun-2021,380,CE,0,0,0,4.55,3.3,0,0,0,0,19-APR-2021,
OPTSTK,AMBUJACEM,24-Jun-2021,180,PE,0,0,0,0.2,0.05,0,0,0,0,19-APR-2021,
OPTSTK,AMBUJACEM,24-Jun-2021,185,PE,0,0,0,0.3,0.05,0,0,0,0,19-APR-2021,
OPTSTK,AMBUJACEM,24-Jun-2021,190,PE,0,0,0,0.4,0.1,0,0,0,0,19-APR-2021,
OPTSTK,AMBUJACEM,24-Jun-2021,195,PE,0,0,0,0.55,0.15,0,0,0,0,19-APR-2021,
OPTSTK,AMBUJACEM,24-Jun-2021,200,PE,0,0,0,0.7,0.2,0,0,0,0,19-APR-2021,
OPTSTK,AMBUJACEM,24-Jun-2021,205,PE,0,0,0,0.95,0.3,0,0,0,0,19-APR-2021,
OPTSTK,AMBUJACEM,24-Jun-2021,210,PE,0,0,0,1.25,0.4,0,0,0,0,19-APR-2021,
OPTSTK,AMBUJACEM,24-Jun-2021,215,PE,0,0,0,1.65,0.55,0,0,0,0,19-APR-2021,
OPTSTK,AMBUJACEM,24-Jun-2021,220,PE,0,0,0,2.1,0.8,0,0,0,0,19-APR-2021,
OPTSTK,AMBUJACEM,24-Jun-2021,225,PE,0,0,0,2.65,1.05,0,0,0,0,19-APR-2021,
OPTSTK,AMBUJACEM,24-Jun-2021,230,PE,0,0,0,3.3,1.4,0,0,0,0,19-APR-2021,
OPTSTK,AMBUJACEM,24-Jun-2021,235,PE,0,0,0,4.05,1.85,0,0,0,0,19-APR-2021,
OPTSTK,AMBUJACEM,24-Jun-2021,240,PE,0,0,0,4.95,2.35,0,0,0,0,19-APR-2021,
OPTSTK,AMBUJACEM,24-Jun-2021,245,PE,0,0,0,5.95,3,0,0,0,0,19-APR-2021,
OPTSTK,AMBUJACEM,24-Jun-2021,250,PE,0,0,0,7.1,3.8,0,0,0,0,19-APR-2021,
OPTSTK,AMBUJACEM,24-Jun-2021,255,PE,0,0,0,8.4,4.7,0,0,0,0,19-APR-2021,
OPTSTK,AMBUJACEM,24-Jun-2021,260,PE,0,0,0,9.85,5.75,0,0,0,0,19-APR-2021,
OPTSTK,AMBUJACEM,24-Jun-2021,265,PE,0,0,0,11.4,6.95,0,0,0,0,19-APR-2021,
OPTSTK,AMBUJACEM,24-Jun-2021,270,PE,0,0,0,13.15,8.35,0,0,0,0,19-APR-2021,
OPTSTK,AMBUJACEM,24-Jun-2021,275,PE,0,0,0,15.1,9.85,0,0,0,0,19-APR-2021,
OPTSTK,AMBUJACEM,24-Jun-2021,280,PE,0,0,0,17.15,11.6,0,0,0,0,19-APR-2021,
OPTSTK,AMBUJACEM,24-Jun-2021,285,PE,0,0,0,19.4,13.5,0,0,0,0,19-APR-2021,
OPTSTK,AMBUJACEM,24-Jun-2021,290,PE,0,0,0,21.8,15.6,0,0,0,0,19-APR-2021,
OPTSTK,AMBUJACEM,24-Jun-2021,295,PE,0,0,0,24.35,17.85,0,0,0,0,19-APR-2021,
OPTSTK,AMBUJACEM,24-Jun-2021,300,PE,0,0,0,27.05,20.3,0,0,0,0,19-APR-2021,
OPTSTK,AMBUJACEM,24-Jun-2021,305,PE,0,0,0,29.95,22.95,0,0,0,0,19-APR-2021,
OPTSTK,AMBUJACEM,24-Jun-2021,310,PE,0,0,0,32.95,25.75,0,0,0,0,19-APR-2021,
OPTSTK,AMBUJACEM,24-Jun-2021,315,PE,0,0,0,36.1,28.75,0,0,0,0,19-APR-2021,
OPTSTK,AMBUJACEM,24-Jun-2021,320,PE,0,0,0,39.35,31.9,0,0,0,0,19-APR-2021,
OPTSTK,AMBUJACEM,24-Jun-2021,325,PE,0,0,0,42.75,35.2,0,0,0,0,19-APR-2021,
OPTSTK,AMBUJACEM,24-Jun-2021,330,PE,0,0,0,46.3,38.65,0,0,0,0,19-APR-2021,
OPTSTK,AMBUJACEM,24-Jun-2021,335,PE,0,0,0,49.95,42.25,0,0,0,0,19-APR-2021,
OPTSTK,AMBUJACEM,24-Jun-2021,340,PE,0,0,0,53.7,45.95,0,0,0,0,19-APR-2021,
OPTSTK,AMBUJACEM,24-Jun-2021,345,PE,0,0,0,57.6,49.8,0,0,0,0,19-APR-2021,
OPTSTK,AMBUJACEM,24-Jun-2021,350,PE,0,0,0,61.55,53.8,0,0,0,0,19-APR-2021,
OPTSTK,AMBUJACEM,24-Jun-2021,355,PE,0,0,0,65.6,57.85,0,0,0,0,19-APR-2021,
OPTSTK,AMBUJACEM,24-Jun-2021,360,PE,0,0,0,69.7,62,0,0,0,0,19-APR-2021,
OPTSTK,AMBUJACEM,24-Jun-2021,365,PE,0,0,0,73.9,66.25,0,0,0,0,19-APR-2021,
OPTSTK,AMBUJACEM,24-Jun-2021,370,PE,0,0,0,78.2,70.6,0,0,0,0,19-APR-2021,
OPTSTK,AMBUJACEM,24-Jun-2021,375,PE,0,0,0,82.55,75,0,0,0,0,19-APR-2021,
OPTSTK,AMBUJACEM,24-Jun-2021,380,PE,0,0,0,86.95,79.45,0,0,0,0,19-APR-2021,
OPTSTK,APLLTD,29-Apr-2021,700,CE,0,0,0,201.9,299.05,0,0,0,0,19-APR-2021,
OPTSTK,APLLTD,29-Apr-2021,720,CE,0,0,0,182,279.1,0,0,0,0,19-APR-2021,
OPTSTK,APLLTD,29-Apr-2021,740,CE,0,0,0,162.15,259.1,0,0,0,0,19-APR-2021,
OPTSTK,APLLTD,29-Apr-2021,750,CE,0,0,0,183.75,249.1,0,0,0,0,19-APR-2021,
OPTSTK,APLLTD,29-Apr-2021,760,CE,0,0,0,142.25,239.15,0,0,0,0,19-APR-2021,
OPTSTK,APLLTD,29-Apr-2021,770,CE,0,0,0,166,229.15,0,0,0,0,19-APR-2021,
OPTSTK,APLLTD,29-Apr-2021,780,CE,0,0,0,122.4,219.15,0,0,0,0,19-APR-2021,
OPTSTK,APLLTD,29-Apr-2021,790,CE,0,0,0,148.95,209.2,0,0,0,0,19-APR-2021,
OPTSTK,APLLTD,29-Apr-2021,800,CE,0,0,0,102.55,199.25,0,0,0,0,19-APR-2021,
OPTSTK,APLLTD,29-Apr-2021,810,CE,0,0,0,132.65,189.3,0,0,0,0,19-APR-2021,
OPTSTK,APLLTD,29-Apr-2021,820,CE,0,0,0,82.65,179.35,0,0,0,0,19-APR-2021,
OPTSTK,APLLTD,29-Apr-2021,830,CE,0,0,0,117.35,169.5,0,0,0,0,19-APR-2021,
OPTSTK,APLLTD,29-Apr-2021,840,CE,0,0,0,62.8,159.65,0,0,0,0,19-APR-2021,
OPTSTK,APLLTD,29-Apr-2021,850,CE,0,0,0,102.95,149.85,0,0,0,0,19-APR-2021,
OPTSTK,APLLTD,29-Apr-2021,860,CE,0,0,0,42.9,140.2,0,0,0,0,19-APR-2021,
OPTSTK,APLLTD,29-Apr-2021,870,CE,0,0,0,89.65,130.6,0,0,0,0,19-APR-2021,
OPTSTK,APLLTD,29-Apr-2021,880,CE,0,0,0,23.05,121.15,0,0,0,0,19-APR-2021,
OPTSTK,APLLTD,29-Apr-2021,890,CE,0,0,0,77.5,111.9,0,0,0,0,19-APR-2021,
OPTSTK,APLLTD,29-Apr-2021,900,CE,0,0,0,3.2,102.85,0,0,0,0,19-APR-2021,
OPTSTK,APLLTD,29-Apr-2021,910,CE,0,0,0,66.45,94.05,0,0,0,0,19-APR-2021,
OPTSTK,APLLTD,29-Apr-2021,920,CE,0,0,0,35,85.55,0,0,4400,0,19-APR-2021,
OPTSTK,APLLTD,29-Apr-2021,930,CE,0,0,0,56.55,77.4,0,0,0,0,19-APR-2021,
OPTSTK,APLLTD,29-Apr-2021,940,CE,0,0,0,0.05,69.55,0,0,0,0,19-APR-2021,
OPTSTK,APLLTD,29-Apr-2021,950,CE,0,0,0,47.75,62.2,0,0,0,0,19-APR-2021,
OPTSTK,APLLTD,29-Apr-2021,960,CE,0,0,0,0.05,55.2,0,0,0,0,19-APR-2021,
OPTSTK,APLLTD,29-Apr-2021,970,CE,0,0,0,40.05,48.65,0,0,0,0,19-APR-2021,
OPTSTK,APLLTD,29-Apr-2021,980,CE,65.95,65.95,46.1,46.1,42.65,2,11.39,14300,-550,19-APR-2021,
OPTSTK,APLLTD,29-Apr-2021,990,CE,0,0,0,33.3,37.1,0,0,0,0,19-APR-2021,
OPTSTK,APLLTD,29-Apr-2021,1000,CE,29.15,61.35,25.4,39.55,39.55,89,511.94,31350,-2750,19-APR-2021,
OPTSTK,APLLTD,29-Apr-2021,1010,CE,0,0,0,27.5,27.5,0,0,0,0,19-APR-2021,
OPTSTK,APLLTD,29-Apr-2021,1020,CE,15.05,49.5,15.05,31.6,31.6,409,2386.27,40150,29700,19-APR-2021,
OPTSTK,APLLTD,29-Apr-2021,1030,CE,0,0,0,22.65,19.8,0,0,0,0,19-APR-2021,
OPTSTK,APLLTD,29-Apr-2021,1040,CE,38.25,54.95,22.15,22.8,22.8,21,123.99,6600,2750,19-APR-2021,
OPTSTK,APLLTD,29-Apr-2021,1050,CE,16,35,16,21,21,26,154.49,7150,6050,19-APR-2021,
OPTSTK,APLLTD,29-Apr-2021,1060,CE,0,0,0,0.05,11.45,0,0,0,0,19-APR-2021,
OPTSTK,APLLTD,29-Apr-2021,1070,CE,0,0,0,14.9,9.4,0,0,0,0,19-APR-2021,
OPTSTK,APLLTD,29-Apr-2021,1080,CE,0,0,0,0.05,7.65,0,0,0,0,19-APR-2021,
OPTSTK,APLLTD,29-Apr-2021,1090,CE,0,0,0,12,6.2,0,0,0,0,19-APR-2021,
OPTSTK,APLLTD,29-Apr-2021,1100,CE,9.5,19.8,6.05,9.75,9.75,295,1807.97,51150,17050,19-APR-2021,
OPTSTK,APLLTD,29-Apr-2021,1110,CE,0,0,0,9.6,4,0,0,0,0,19-APR-2021,
OPTSTK,APLLTD,29-Apr-2021,1120,CE,7,18.5,7,10,3.15,11,68.45,5500,550,19-APR-2021,
OPTSTK,APLLTD,29-Apr-2021,1130,CE,0,0,0,7.6,2.5,0,0,0,0,19-APR-2021,
OPTSTK,APLLTD,29-Apr-2021,1140,CE,0,0,0,0.05,1.95,0,0,0,0,19-APR-2021,
OPTSTK,APLLTD,29-Apr-2021,1150,CE,7.8,10.65,7.8,10.65,10.65,4,25.51,1100,550,19-APR-2021,
OPTSTK,APLLTD,29-Apr-2021,1160,CE,0,0,0,0.05,1.15,0,0,0,0,19-APR-2021,
OPTSTK,APLLTD,29-Apr-2021,1170,CE,0,0,0,4.75,0.9,0,0,0,0,19-APR-2021,
OPTSTK,APLLTD,29-Apr-2021,1180,CE,0,0,0,0.05,0.7,0,0,0,0,19-APR-2021,
OPTSTK,APLLTD,29-Apr-2021,1190,CE,0,0,0,3.7,0.5,0,0,0,0,19-APR-2021,
OPTSTK,APLLTD,29-Apr-2021,1200,CE,0,0,0,0.05,0.4,0,0,0,0,19-APR-2021,
OPTSTK,APLLTD,29-Apr-2021,700,PE,0,0,0,0.05,0,0,0,0,0,19-APR-2021,
OPTSTK,APLLTD,29-Apr-2021,720,PE,0,0,0,0.05,0,0,0,0,0,19-APR-2021,
OPTSTK,APLLTD,29-Apr-2021,740,PE,0,0,0,0.05,0,0,0,0,0,19-APR-2021,
OPTSTK,APLLTD,29-Apr-2021,750,PE,0,0,0,4.75,0,0,0,0,0,19-APR-2021,
OPTSTK,APLLTD,29-Apr-2021,760,PE,0,0,0,0.05,0.05,0,0,0,0,19-APR-2021,
OPTSTK,APLLTD,29-Apr-2021,770,PE,0,0,0,6.9,0.05,0,0,0,0,19-APR-2021,
OPTSTK,APLLTD,29-Apr-2021,780,PE,0,0,0,0.05,0.05,0,0,0,0,19-APR-2021,
OPTSTK,APLLTD,29-Apr-2021,790,PE,0,0,0,9.75,0.05,0,0,0,0,19-APR-2021,
OPTSTK,APLLTD,29-Apr-2021,800,PE,0,0,0,0.65,0.1,0,0,4400,0,19-APR-2021,
OPTSTK,APLLTD,29-Apr-2021,810,PE,0,0,0,13.4,0.15,0,0,0,0,19-APR-2021,
OPTSTK,APLLTD,29-Apr-2021,820,PE,0,0,0,0.05,0.2,0,0,0,0,19-APR-2021,
OPTSTK,APLLTD,29-Apr-2021,830,PE,0,0,0,18,0.3,0,0,0,0,19-APR-2021,
OPTSTK,APLLTD,29-Apr-2021,840,PE,2,2,1.9,1.9,0.45,3,13.89,1650,-550,19-APR-2021,
OPTSTK,APLLTD,29-Apr-2021,850,PE,0,0,0,23.55,0.65,0,0,0,0,19-APR-2021,
OPTSTK,APLLTD,29-Apr-2021,860,PE,0,0,0,5.05,0.95,0,0,8800,0,19-APR-2021,
OPTSTK,APLLTD,29-Apr-2021,870,PE,0,0,0,30.2,1.4,0,0,0,0,19-APR-2021,
OPTSTK,APLLTD,29-Apr-2021,880,PE,0,0,0,7,1.95,0,0,1100,0,19-APR-2021,
OPTSTK,APLLTD,29-Apr-2021,890,PE,0,0,0,37.95,2.7,0,0,0,0,19-APR-2021,
OPTSTK,APLLTD,29-Apr-2021,900,PE,6,6,6,6,6,2,9.96,6600,1100,19-APR-2021,
OPTSTK,APLLTD,29-Apr-2021,910,PE,0,0,0,46.85,4.8,0,0,0,0,19-APR-2021,
OPTSTK,APLLTD,29-Apr-2021,920,PE,0,0,0,16.75,6.3,0,0,0,0,19-APR-2021,
OPTSTK,APLLTD,29-Apr-2021,930,PE,0,0,0,56.85,8.1,0,0,0,0,19-APR-2021,
OPTSTK,APLLTD,29-Apr-2021,940,PE,0,0,0,36.6,10.3,0,0,0,0,19-APR-2021,
OPTSTK,APLLTD,29-Apr-2021,950,PE,0,0,0,68,12.9,0,0,0,0,19-APR-2021,
OPTSTK,APLLTD,29-Apr-2021,960,PE,0,0,0,15,15.85,0,0,2750,0,19-APR-2021,
OPTSTK,APLLTD,29-Apr-2021,970,PE,0,0,0,80.2,19.35,0,0,0,0,19-APR-2021,
OPTSTK,APLLTD,29-Apr-2021,980,PE,0,0,0,76.35,23.3,0,0,0,0,19-APR-2021,
OPTSTK,APLLTD,29-Apr-2021,990,PE,0,0,0,93.4,27.75,0,0,0,0,19-APR-2021,
OPTSTK,APLLTD,29-Apr-2021,1000,PE,29.4,29.4,29.4,29.4,32.7,1,5.66,1100,0,19-APR-2021,
OPTSTK,APLLTD,29-Apr-2021,1010,PE,0,0,0,107.55,38.15,0,0,0,0,19-APR-2021,
OPTSTK,APLLTD,29-Apr-2021,1020,PE,0,0,0,116.1,44.05,0,0,0,0,19-APR-2021,
OPTSTK,APLLTD,29-Apr-2021,1030,PE,0,0,0,122.6,50.4,0,0,0,0,19-APR-2021,
OPTSTK,APLLTD,29-Apr-2021,1040,PE,0,0,0,135.95,57.25,0,0,0,0,19-APR-2021,
OPTSTK,APLLTD,29-Apr-2021,1050,PE,0,0,0,138.3,64.45,0,0,0,0,19-APR-2021,
OPTSTK,APLLTD,29-Apr-2021,1060,PE,0,0,0,155.85,72.05,0,0,0,0,19-APR-2021,
OPTSTK,APLLTD,29-Apr-2021,1070,PE,0,0,0,154.75,80,0,0,0,0,19-APR-2021,
OPTSTK,APLLTD,29-Apr-2021,1080,PE,0,0,0,175.7,88.25,0,0,0,0,19-APR-2021,
OPTSTK,APLLTD,29-Apr-2021,1090,PE,0,0,0,171.75,96.8,0,0,0,0,19-APR-2021,
OPTSTK,APLLTD,29-Apr-2021,1100,PE,0,0,0,195.55,105.55,0,0,0,0,19-APR-2021,
OPTSTK,APLLTD,29-Apr-2021,1110,PE,0,0,0,189.25,114.55,0,0,0,0,19-APR-2021,
OPTSTK,APLLTD,29-Apr-2021,1120,PE,0,0,0,215.45,123.7,0,0,0,0,19-APR-2021,
OPTSTK,APLLTD,29-Apr-2021,1130,PE,0,0,0,207.2,133,0,0,0,0,19-APR-2021,
OPTSTK,APLLTD,29-Apr-2021,1140,PE,0,0,0,235.3,142.45,0,0,0,0,19-APR-2021,
OPTSTK,APLLTD,29-Apr-2021,1150,PE,0,0,0,225.55,152,0,0,0,0,19-APR-2021,
OPTSTK,APLLTD,29-Apr-2021,1160,PE,0,0,0,255.2,161.65,0,0,0,0,19-APR-2021,
OPTSTK,APLLTD,29-Apr-2021,1170,PE,0,0,0,244.2,171.4,0,0,0,0,19-APR-2021,
OPTSTK,APLLTD,29-Apr-2021,1180,PE,0,0,0,275.05,181.15,0,0,0,0,19-APR-2021,
OPTSTK,APLLTD,29-Apr-2021,1190,PE,0,0,0,263.1,191,0,0,0,0,19-APR-2021,
OPTSTK,APLLTD,29-Apr-2021,1200,PE,0,0,0,294.95,200.85,0,0,0,0,19-APR-2021,
OPTSTK,APLLTD,27-May-2021,700,CE,0,0,0,203.9,301.65,0,0,0,0,19-APR-2021,
OPTSTK,APLLTD,27-May-2021,720,CE,0,0,0,184.05,282.05,0,0,0,0,19-APR-2021,
OPTSTK,APLLTD,27-May-2021,740,CE,0,0,0,164.25,262.7,0,0,0,0,19-APR-2021,
OPTSTK,APLLTD,27-May-2021,750,CE,0,0,0,194,253.1,0,0,0,0,19-APR-2021,
OPTSTK,APLLTD,27-May-2021,760,CE,0,0,0,144.45,243.6,0,0,0,0,19-APR-2021,
OPTSTK,APLLTD,27-May-2021,770,CE,0,0,0,177.85,234.15,0,0,0,0,19-APR-2021,
OPTSTK,APLLTD,27-May-2021,780,CE,0,0,0,124.65,224.8,0,0,0,0,19-APR-2021,
OPTSTK,APLLTD,27-May-2021,790,CE,0,0,0,162.4,215.55,0,0,0,0,19-APR-2021,
OPTSTK,APLLTD,27-May-2021,800,CE,0,0,0,104.8,206.4,0,0,0,0,19-APR-2021,
OPTSTK,APLLTD,27-May-2021,810,CE,0,0,0,147.75,197.4,0,0,0,0,19-APR-2021,
OPTSTK,APLLTD,27-May-2021,820,CE,0,0,0,85,188.55,0,0,0,0,19-APR-2021,
OPTSTK,APLLTD,27-May-2021,830,CE,0,0,0,133.85,179.85,0,0,0,0,19-APR-2021,
OPTSTK,APLLTD,27-May-2021,840,CE,0,0,0,65.2,171.3,0,0,0,0,19-APR-2021,
OPTSTK,APLLTD,27-May-2021,850,CE,0,0,0,120.75,162.9,0,0,0,0,19-APR-2021,
OPTSTK,APLLTD,27-May-2021,860,CE,0,0,0,45.35,154.75,0,0,0,0,19-APR-2021,
OPTSTK,APLLTD,27-May-2021,870,CE,0,0,0,108.55,146.75,0,0,0,0,19-APR-2021,
OPTSTK,APLLTD,27-May-2021,880,CE,0,0,0,25.55,138.95,0,0,0,0,19-APR-2021,
OPTSTK,APLLTD,27-May-2021,890,CE,0,0,0,97.2,131.35,0,0,0,0,19-APR-2021,
OPTSTK,APLLTD,27-May-2021,900,CE,0,0,0,5.75,124.05,0,0,0,0,19-APR-2021,
OPTSTK,APLLTD,27-May-2021,910,CE,0,0,0,86.75,116.95,0,0,0,0,19-APR-2021,
OPTSTK,APLLTD,27-May-2021,920,CE,0,0,0,0.05,110,0,0,0,0,19-APR-2021,
OPTSTK,APLLTD,27-May-2021,930,CE,0,0,0,77.1,103.4,0,0,0,0,19-APR-2021,
OPTSTK,APLLTD,27-May-2021,940,CE,0,0,0,0.05,97,0,0,0,0,19-APR-2021,
OPTSTK,APLLTD,27-May-2021,950,CE,0,0,0,68.3,90.9,0,0,0,0,19-APR-2021,
OPTSTK,APLLTD,27-May-2021,960,CE,0,0,0,0.05,85,0,0,0,0,19-APR-2021,
OPTSTK,APLLTD,27-May-2021,970,CE,0,0,0,60.25,79.4,0,0,0,0,19-APR-2021,
OPTSTK,APLLTD,27-May-2021,980,CE,0,0,0,0.05,74.05,0,0,0,0,19-APR-2021,
OPTSTK,APLLTD,27-May-2021,990,CE,0,0,0,53,68.95,0,0,0,0,19-APR-2021,
OPTSTK,APLLTD,27-May-2021,1000,CE,0,0,0,0.05,64.1,0,0,0,0,19-APR-2021,
OPTSTK,APLLTD,27-May-2021,1010,CE,0,0,0,46.45,59.5,0,0,0,0,19-APR-2021,
OPTSTK,APLLTD,27-May-2021,1020,CE,0,0,0,0.05,55.15,0,0,0,0,19-APR-2021,
OPTSTK,APLLTD,27-May-2021,1030,CE,0,0,0,40.6,51.05,0,0,0,0,19-APR-2021,
OPTSTK,APLLTD,27-May-2021,1040,CE,0,0,0,0.05,47.15,0,0,0,0,19-APR-2021,
OPTSTK,APLLTD,27-May-2021,1050,CE,0,0,0,35.4,43.5,0,0,0,0,19-APR-2021,
OPTSTK,APLLTD,27-May-2021,1060,CE,0,0,0,0.05,40.1,0,0,0,0,19-APR-2021,
OPTSTK,APLLTD,27-May-2021,1070,CE,0,0,0,30.8,36.9,0,0,0,0,19-APR-2021,
OPTSTK,APLLTD,27-May-2021,1080,CE,0,0,0,0.05,33.9,0,0,0,0,19-APR-2021,
OPTSTK,APLLTD,27-May-2021,1090,CE,0,0,0,26.7,31.1,0,0,0,0,19-APR-2021,
OPTSTK,APLLTD,27-May-2021,1100,CE,0,0,0,0.05,28.5,0,0,0,0,19-APR-2021,
OPTSTK,APLLTD,27-May-2021,1110,CE,0,0,0,23,26.1,0,0,0,0,19-APR-2021,
OPTSTK,APLLTD,27-May-2021,1120,CE,0,0,0,0.05,23.85,0,0,0,0,19-APR-2021,
OPTSTK,APLLTD,27-May-2021,1130,CE,0,0,0,19.85,21.75,0,0,0,0,19-APR-2021,
OPTSTK,APLLTD,27-May-2021,1140,CE,0,0,0,0.05,19.8,0,0,0,0,19-APR-2021,
OPTSTK,APLLTD,27-May-2021,1150,CE,0,0,0,17.05,18.05,0,0,0,0,19-APR-2021,
OPTSTK,APLLTD,27-May-2021,1160,CE,0,0,0,0.05,16.4,0,0,0,0,19-APR-2021,
OPTSTK,APLLTD,27-May-2021,1170,CE,0,0,0,14.6,14.9,0,0,0,0,19-APR-2021,
OPTSTK,APLLTD,27-May-2021,1180,CE,0,0,0,0.05,13.5,0,0,0,0,19-APR-2021,
OPTSTK,APLLTD,27-May-2021,1190,CE,0,0,0,12.5,12.2,0,0,0,0,19-APR-2021,
OPTSTK,APLLTD,27-May-2021,1200,CE,0,0,0,0.05,11.05,0,0,0,0,19-APR-2021,
OPTSTK,APLLTD,27-May-2021,700,PE,0,0,0,0.05,0.55,0,0,0,0,19-APR-2021,
OPTSTK,APLLTD,27-May-2021,720,PE,0,0,0,0.05,0.9,0,0,0,0,19-APR-2021,
OPTSTK,APLLTD,27-May-2021,740,PE,0,0,0,0.05,1.45,0,0,0,0,19-APR-2021,
OPTSTK,APLLTD,27-May-2021,750,PE,0,0,0,12.8,1.85,0,0,0,0,19-APR-2021,
OPTSTK,APLLTD,27-May-2021,760,PE,0,0,0,0.05,2.25,0,0,0,0,19-APR-2021,
OPTSTK,APLLTD,27-May-2021,770,PE,0,0,0,16.5,2.8,0,0,0,0,19-APR-2021,
OPTSTK,APLLTD,27-May-2021,780,PE,0,0,0,0.05,3.4,0,0,0,0,19-APR-2021,
OPTSTK,APLLTD,27-May-2021,790,PE,0,0,0,20.95,4.1,0,0,0,0,19-APR-2021,
OPTSTK,APLLTD,27-May-2021,800,PE,0,0,0,0.05,4.95,0,0,0,0,19-APR-2021,
OPTSTK,APLLTD,27-May-2021,810,PE,0,0,0,26.15,5.9,0,0,0,0,19-APR-2021,
OPTSTK,APLLTD,27-May-2021,820,PE,0,0,0,0.05,7,0,0,0,0,19-APR-2021,
OPTSTK,APLLTD,27-May-2021,830,PE,0,0,0,32.1,8.25,0,0,0,0,19-APR-2021,
OPTSTK,APLLTD,27-May-2021,840,PE,0,0,0,0.05,9.65,0,0,0,0,19-APR-2021,
OPTSTK,APLLTD,27-May-2021,850,PE,0,0,0,38.9,11.25,0,0,0,0,19-APR-2021,
OPTSTK,APLLTD,27-May-2021,860,PE,0,0,0,0.05,13,0,0,0,0,19-APR-2021,
OPTSTK,APLLTD,27-May-2021,870,PE,0,0,0,46.6,15,0,0,0,0,19-APR-2021,
OPTSTK,APLLTD,27-May-2021,880,PE,0,0,0,0.05,17.15,0,0,0,0,19-APR-2021,
OPTSTK,APLLTD,27-May-2021,890,PE,0,0,0,55.1,19.55,0,0,0,0,19-APR-2021,
OPTSTK,APLLTD,27-May-2021,900,PE,0,0,0,0.05,22.2,0,0,0,0,19-APR-2021,
OPTSTK,APLLTD,27-May-2021,910,PE,0,0,0,64.5,25.05,0,0,0,0,19-APR-2021,
OPTSTK,APLLTD,27-May-2021,920,PE,0,0,0,14.1,28.1,0,0,0,0,19-APR-2021,
OPTSTK,APLLTD,27-May-2021,930,PE,0,0,0,74.75,31.4,0,0,0,0,19-APR-2021,
OPTSTK,APLLTD,27-May-2021,940,PE,0,0,0,33.9,35,0,0,0,0,19-APR-2021,
OPTSTK,APLLTD,27-May-2021,950,PE,0,0,0,85.8,38.85,0,0,0,0,19-APR-2021,
OPTSTK,APLLTD,27-May-2021,960,PE,0,0,0,53.75,42.9,0,0,0,0,19-APR-2021,
OPTSTK,APLLTD,27-May-2021,970,PE,0,0,0,97.65,47.25,0,0,0,0,19-APR-2021,
OPTSTK,APLLTD,27-May-2021,980,PE,0,0,0,73.55,51.85,0,0,0,0,19-APR-2021,
OPTSTK,APLLTD,27-May-2021,990,PE,0,0,0,110.25,56.75,0,0,0,0,19-APR-2021,
OPTSTK,APLLTD,27-May-2021,1000,PE,0,0,0,93.35,61.85,0,0,0,0,19-APR-2021,
OPTSTK,APLLTD,27-May-2021,1010,PE,0,0,0,123.6,67.2,0,0,0,0,19-APR-2021,
OPTSTK,APLLTD,27-May-2021,1020,PE,0,0,0,113.2,72.8,0,0,0,0,19-APR-2021,
OPTSTK,APLLTD,27-May-2021,1030,PE,0,0,0,137.6,78.65,0,0,0,0,19-APR-2021,
OPTSTK,APLLTD,27-May-2021,1040,PE,0,0,0,133,84.75,0,0,0,0,19-APR-2021,
OPTSTK,APLLTD,27-May-2021,1050,PE,0,0,0,152.3,91.05,0,0,0,0,19-APR-2021,
OPTSTK,APLLTD,27-May-2021,1060,PE,0,0,0,152.8,97.6,0,0,0,0,19-APR-2021,
OPTSTK,APLLTD,27-May-2021,1070,PE,0,0,0,167.55,104.35,0,0,0,0,19-APR-2021,
OPTSTK,APLLTD,27-May-2021,1080,PE,0,0,0,172.6,111.3,0,0,0,0,19-APR-2021,
OPTSTK,APLLTD,27-May-2021,1090,PE,0,0,0,183.3,118.5,0,0,0,0,19-APR-2021,
OPTSTK,APLLTD,27-May-2021,1100,PE,0,0,0,192.45,125.9,0,0,0,0,19-APR-2021,
OPTSTK,APLLTD,27-May-2021,1110,PE,0,0,0,199.5,133.45,0,0,0,0,19-APR-2021,
OPTSTK,APLLTD,27-May-2021,1120,PE,0,0,0,212.25,141.15,0,0,0,0,19-APR-2021,
OPTSTK,APLLTD,27-May-2021,1130,PE,0,0,0,216.2,149,0,0,0,0,19-APR-2021,
OPTSTK,APLLTD,27-May-2021,1140,PE,0,0,0,232.05,157.05,0,0,0,0,19-APR-2021,
OPTSTK,APLLTD,27-May-2021,1150,PE,0,0,0,233.3,165.2,0,0,0,0,19-APR-2021,
OPTSTK,APLLTD,27-May-2021,1160,PE,0,0,0,251.9,173.55,0,0,0,0,19-APR-2021,
OPTSTK,APLLTD,27-May-2021,1170,PE,0,0,0,250.7,182,0,0,0,0,19-APR-2021,
OPTSTK,APLLTD,27-May-2021,1180,PE,0,0,0,271.7,190.55,0,0,0,0,19-APR-2021,
OPTSTK,APLLTD,27-May-2021,1190,PE,0,0,0,268.45,199.25,0,0,0,0,19-APR-2021,
OPTSTK,APLLTD,27-May-2021,1200,PE,0,0,0,291.5,208.05,0,0,0,0,19-APR-2021,
OPTSTK,APLLTD,24-Jun-2021,700,CE,0,0,0,244.7,306.05,0,0,0,0,19-APR-2021,
OPTSTK,APLLTD,24-Jun-2021,710,CE,0,0,0,236.35,296.65,0,0,0,0,19-APR-2021,
OPTSTK,APLLTD,24-Jun-2021,720,CE,0,0,0,228.1,287.35,0,0,0,0,19-APR-2021,
OPTSTK,APLLTD,24-Jun-2021,730,CE,0,0,0,220,278.15,0,0,0,0,19-APR-2021,
OPTSTK,APLLTD,24-Jun-2021,740,CE,0,0,0,212.05,269,0,0,0,0,19-APR-2021,
OPTSTK,APLLTD,24-Jun-2021,750,CE,0,0,0,204.25,260,0,0,0,0,19-APR-2021,
OPTSTK,APLLTD,24-Jun-2021,760,CE,0,0,0,196.65,251.1,0,0,0,0,19-APR-2021,
OPTSTK,APLLTD,24-Jun-2021,770,CE,0,0,0,189.2,242.3,0,0,0,0,19-APR-2021,
OPTSTK,APLLTD,24-Jun-2021,780,CE,0,0,0,181.9,233.6,0,0,0,0,19-APR-2021,
OPTSTK,APLLTD,24-Jun-2021,790,CE,0,0,0,174.75,225.1,0,0,0,0,19-APR-2021,
OPTSTK,APLLTD,24-Jun-2021,800,CE,0,0,0,167.8,216.7,0,0,0,0,19-APR-2021,
OPTSTK,APLLTD,24-Jun-2021,810,CE,0,0,0,161,208.45,0,0,0,0,19-APR-2021,
OPTSTK,APLLTD,24-Jun-2021,820,CE,0,0,0,154.35,200.3,0,0,0,0,19-APR-2021,
OPTSTK,APLLTD,24-Jun-2021,830,CE,0,0,0,147.9,192.4,0,0,0,0,19-APR-2021,
OPTSTK,APLLTD,24-Jun-2021,840,CE,0,0,0,141.65,184.6,0,0,0,0,19-APR-2021,
OPTSTK,APLLTD,24-Jun-2021,850,CE,0,0,0,135.6,177,0,0,0,0,19-APR-2021,
OPTSTK,APLLTD,24-Jun-2021,860,CE,0,0,0,129.7,169.55,0,0,0,0,19-APR-2021,
OPTSTK,APLLTD,24-Jun-2021,870,CE,0,0,0,124,162.3,0,0,0,0,19-APR-2021,
OPTSTK,APLLTD,24-Jun-2021,880,CE,0,0,0,118.5,155.25,0,0,0,0,19-APR-2021,
OPTSTK,APLLTD,24-Jun-2021,890,CE,0,0,0,113.15,148.35,0,0,0,0,19-APR-2021,
OPTSTK,APLLTD,24-Jun-2021,900,CE,0,0,0,108,141.6,0,0,0,0,19-APR-2021,
OPTSTK,APLLTD,24-Jun-2021,910,CE,0,0,0,103,135.1,0,0,0,0,19-APR-2021,
OPTSTK,APLLTD,24-Jun-2021,920,CE,0,0,0,98.2,128.75,0,0,0,0,19-APR-2021,
OPTSTK,APLLTD,24-Jun-2021,930,CE,0,0,0,93.55,122.65,0,0,0,0,19-APR-2021,
OPTSTK,APLLTD,24-Jun-2021,940,CE,0,0,0,89.1,116.75,0,0,0,0,19-APR-2021,
OPTSTK,APLLTD,24-Jun-2021,950,CE,0,0,0,84.8,111,0,0,0,0,19-APR-2021,
OPTSTK,APLLTD,24-Jun-2021,960,CE,0,0,0,80.65,105.5,0,0,0,0,19-APR-2021,
OPTSTK,APLLTD,24-Jun-2021,970,CE,0,0,0,76.7,100.2,0,0,0,0,19-APR-2021,
OPTSTK,APLLTD,24-Jun-2021,980,CE,0,0,0,72.85,95.05,0,0,0,0,19-APR-2021,
OPTSTK,APLLTD,24-Jun-2021,990,CE,0,0,0,69.2,90.1,0,0,0,0,19-APR-2021,
OPTSTK,APLLTD,24-Jun-2021,1000,CE,0,0,0,65.7,85.35,0,0,0,0,19-APR-2021,
OPTSTK,APLLTD,24-Jun-2021,1010,CE,0,0,0,62.35,80.8,0,0,0,0,19-APR-2021,
OPTSTK,APLLTD,24-Jun-2021,1020,CE,0,0,0,59.15,76.45,0,0,0,0,19-APR-2021,
OPTSTK,APLLTD,24-Jun-2021,1030,CE,0,0,0,56.05,72.25,0,0,0,0,19-APR-2021,
OPTSTK,APLLTD,24-Jun-2021,1040,CE,0,0,0,53.1,68.25,0,0,0,0,19-APR-2021,
OPTSTK,APLLTD,24-Jun-2021,1050,CE,0,0,0,50.3,64.4,0,0,0,0,19-APR-2021,
OPTSTK,APLLTD,24-Jun-2021,1060,CE,0,0,0,47.65,60.75,0,0,0,0,19-APR-2021,
OPTSTK,APLLTD,24-Jun-2021,1070,CE,0,0,0,45.1,57.25,0,0,0,0,19-APR-2021,
OPTSTK,APLLTD,24-Jun-2021,1080,CE,0,0,0,42.7,53.95,0,0,0,0,19-APR-2021,
OPTSTK,APLLTD,24-Jun-2021,1090,CE,0,0,0,40.35,50.75,0,0,0,0,19-APR-2021,
OPTSTK,APLLTD,24-Jun-2021,1100,CE,0,0,0,38.15,47.75,0,0,0,0,19-APR-2021,
OPTSTK,APLLTD,24-Jun-2021,1110,CE,0,0,0,36.05,44.9,0,0,0,0,19-APR-2021,
OPTSTK,APLLTD,24-Jun-2021,1120,CE,0,0,0,34.1,42.15,0,0,0,0,19-APR-2021,
OPTSTK,APLLTD,24-Jun-2021,1130,CE,0,0,0,32.2,39.65,0,0,0,0,19-APR-2021,
OPTSTK,APLLTD,24-Jun-2021,1140,CE,0,0,0,30.35,37.2,0,0,0,0,19-APR-2021,
OPTSTK,APLLTD,24-Jun-2021,1150,CE,0,0,0,28.65,34.9,0,0,0,0,19-APR-2021,
OPTSTK,APLLTD,24-Jun-2021,1160,CE,0,0,0,27,32.7,0,0,0,0,19-APR-2021,
OPTSTK,APLLTD,24-Jun-2021,1170,CE,0,0,0,25.45,30.65,0,0,0,0,19-APR-2021,
OPTSTK,APLLTD,24-Jun-2021,1180,CE,0,0,0,24,28.65,0,0,0,0,19-APR-2021,
OPTSTK,APLLTD,24-Jun-2021,1190,CE,0,0,0,22.6,26.8,0,0,0,0,19-APR-2021,
OPTSTK,APLLTD,24-Jun-2021,1200,CE,0,0,0,21.3,25.05,0,0,0,0,19-APR-2021,
OPTSTK,APLLTD,24-Jun-2021,700,PE,0,0,0,11.85,2.95,0,0,0,0,19-APR-2021,
OPTSTK,APLLTD,24-Jun-2021,710,PE,0,0,0,13.4,3.5,0,0,0,0,19-APR-2021,
OPTSTK,APLLTD,24-Jun-2021,720,PE,0,0,0,15.05,4.15,0,0,0,0,19-APR-2021,
OPTSTK,APLLTD,24-Jun-2021,730,PE,0,0,0,16.85,4.85,0,0,0,0,19-APR-2021,
OPTSTK,APLLTD,24-Jun-2021,740,PE,0,0,0,18.85,5.65,0,0,0,0,19-APR-2021,
OPTSTK,APLLTD,24-Jun-2021,750,PE,0,0,0,20.95,6.6,0,0,0,0,19-APR-2021,
OPTSTK,APLLTD,24-Jun-2021,760,PE,0,0,0,23.2,7.6,0,0,0,0,19-APR-2021,
OPTSTK,APLLTD,24-Jun-2021,770,PE,0,0,0,25.7,8.75,0,0,0,0,19-APR-2021,
OPTSTK,APLLTD,24-Jun-2021,780,PE,0,0,0,28.3,10,0,0,0,0,19-APR-2021,
OPTSTK,APLLTD,24-Jun-2021,790,PE,0,0,0,31.05,11.4,0,0,0,0,19-APR-2021,
OPTSTK,APLLTD,24-Jun-2021,800,PE,0,0,0,34,12.95,0,0,0,0,19-APR-2021,
OPTSTK,APLLTD,24-Jun-2021,810,PE,0,0,0,37.1,14.6,0,0,0,0,19-APR-2021,
OPTSTK,APLLTD,24-Jun-2021,820,PE,0,0,0,40.35,16.45,0,0,0,0,19-APR-2021,
OPTSTK,APLLTD,24-Jun-2021,830,PE,0,0,0,43.85,18.4,0,0,0,0,19-APR-2021,
OPTSTK,APLLTD,24-Jun-2021,840,PE,0,0,0,47.5,20.55,0,0,0,0,19-APR-2021,
OPTSTK,APLLTD,24-Jun-2021,850,PE,0,0,0,51.35,22.9,0,0,0,0,19-APR-2021,
OPTSTK,APLLTD,24-Jun-2021,860,PE,0,0,0,55.35,25.4,0,0,0,0,19-APR-2021,
OPTSTK,APLLTD,24-Jun-2021,870,PE,0,0,0,59.55,28.1,0,0,0,0,19-APR-2021,
OPTSTK,APLLTD,24-Jun-2021,880,PE,0,0,0,63.95,30.95,0,0,0,0,19-APR-2021,
OPTSTK,APLLTD,24-Jun-2021,890,PE,0,0,0,68.5,33.95,0,0,0,0,19-APR-2021,
OPTSTK,APLLTD,24-Jun-2021,900,PE,0,0,0,73.25,37.15,0,0,0,0,19-APR-2021,
OPTSTK,APLLTD,24-Jun-2021,910,PE,0,0,0,78.2,40.6,0,0,0,0,19-APR-2021,
OPTSTK,APLLTD,24-Jun-2021,920,PE,0,0,0,83.3,44.2,0,0,0,0,19-APR-2021,
OPTSTK,APLLTD,24-Jun-2021,930,PE,0,0,0,88.55,48.05,0,0,0,0,19-APR-2021,
OPTSTK,APLLTD,24-Jun-2021,940,PE,0,0,0,94,52.05,0,0,0,0,19-APR-2021,
OPTSTK,APLLTD,24-Jun-2021,950,PE,0,0,0,99.6,56.25,0,0,0,0,19-APR-2021,
OPTSTK,APLLTD,24-Jun-2021,960,PE,0,0,0,105.35,60.65,0,0,0,0,19-APR-2021,
OPTSTK,APLLTD,24-Jun-2021,970,PE,0,0,0,111.3,65.25,0,0,0,0,19-APR-2021,
OPTSTK,APLLTD,24-Jun-2021,980,PE,0,0,0,117.4,70.05,0,0,0,0,19-APR-2021,
OPTSTK,APLLTD,24-Jun-2021,990,PE,0,0,0,123.65,75.05,0,0,0,0,19-APR-2021,
OPTSTK,APLLTD,24-Jun-2021,1000,PE,0,0,0,130.05,80.25,0,0,0,0,19-APR-2021,
OPTSTK,APLLTD,24-Jun-2021,1010,PE,0,0,0,136.6,85.65,0,0,0,0,19-APR-2021,
OPTSTK,APLLTD,24-Jun-2021,1020,PE,0,0,0,143.3,91.2,0,0,0,0,19-APR-2021,
OPTSTK,APLLTD,24-Jun-2021,1030,PE,0,0,0,150.1,96.95,0,0,0,0,19-APR-2021,
OPTSTK,APLLTD,24-Jun-2021,1040,PE,0,0,0,157.1,102.85,0,0,0,0,19-APR-2021,
OPTSTK,APLLTD,24-Jun-2021,1050,PE,0,0,0,164.2,108.95,0,0,0,0,19-APR-2021,
OPTSTK,APLLTD,24-Jun-2021,1060,PE,0,0,0,171.4,115.25,0,0,0,0,19-APR-2021,
OPTSTK,APLLTD,24-Jun-2021,1070,PE,0,0,0,178.8,121.7,0,0,0,0,19-APR-2021,
OPTSTK,APLLTD,24-Jun-2021,1080,PE,0,0,0,186.3,128.3,0,0,0,0,19-APR-2021,
OPTSTK,APLLTD,24-Jun-2021,1090,PE,0,0,0,193.9,135.05,0,0,0,0,19-APR-2021,
OPTSTK,APLLTD,24-Jun-2021,1100,PE,0,0,0,201.6,141.95,0,0,0,0,19-APR-2021,
OPTSTK,APLLTD,24-Jun-2021,1110,PE,0,0,0,209.4,149.05,0,0,0,0,19-APR-2021,
OPTSTK,APLLTD,24-Jun-2021,1120,PE,0,0,0,217.3,156.25,0,0,0,0,19-APR-2021,
OPTSTK,APLLTD,24-Jun-2021,1130,PE,0,0,0,225.3,163.65,0,0,0,0,19-APR-2021,
OPTSTK,APLLTD,24-Jun-2021,1140,PE,0,0,0,233.4,171.15,0,0,0,0,19-APR-2021,
OPTSTK,APLLTD,24-Jun-2021,1150,PE,0,0,0,241.6,178.75,0,0,0,0,19-APR-2021,
OPTSTK,APLLTD,24-Jun-2021,1160,PE,0,0,0,249.85,186.5,0,0,0,0,19-APR-2021,
OPTSTK,APLLTD,24-Jun-2021,1170,PE,0,0,0,258.2,194.4,0,0,0,0,19-APR-2021,
OPTSTK,APLLTD,24-Jun-2021,1180,PE,0,0,0,266.65,202.35,0,0,0,0,19-APR-2021,
OPTSTK,APLLTD,24-Jun-2021,1190,PE,0,0,0,275.2,210.4,0,0,0,0,19-APR-2021,
OPTSTK,APLLTD,24-Jun-2021,1200,PE,0,0,0,283.8,218.6,0,0,0,0,19-APR-2021,
OPTSTK,APOLLOHOSP,29-Apr-2021,1650,CE,0,0,0,993.9,1509,0,0,0,0,19-APR-2021,
OPTSTK,APOLLOHOSP,29-Apr-2021,1700,CE,0,0,0,946.65,1459.05,0,0,0,0,19-APR-2021,
OPTSTK,APOLLOHOSP,29-Apr-2021,1750,CE,0,0,0,900,1409.1,0,0,0,0,19-APR-2021,
OPTSTK,APOLLOHOSP,29-Apr-2021,1800,CE,0,0,0,854.05,1359.15,0,0,0,0,19-APR-2021,
OPTSTK,APOLLOHOSP,29-Apr-2021,1850,CE,0,0,0,808.95,1309.2,0,0,0,0,19-APR-2021,
OPTSTK,APOLLOHOSP,29-Apr-2021,1900,CE,0,0,0,764.75,1259.25,0,0,0,0,19-APR-2021,
OPTSTK,APOLLOHOSP,29-Apr-2021,1950,CE,0,0,0,721.6,1209.3,0,0,0,0,19-APR-2021,
OPTSTK,APOLLOHOSP,29-Apr-2021,2000,CE,0,0,0,679.55,1159.35,0,0,0,0,19-APR-2021,
OPTSTK,APOLLOHOSP,29-Apr-2021,2050,CE,0,0,0,638.65,1109.4,0,0,0,0,19-APR-2021,
OPTSTK,APOLLOHOSP,29-Apr-2021,2100,CE,0,0,0,599.1,1059.45,0,0,0,0,19-APR-2021,
OPTSTK,APOLLOHOSP,29-Apr-2021,2150,CE,0,0,0,560.9,1009.5,0,0,0,0,19-APR-2021,
OPTSTK,APOLLOHOSP,29-Apr-2021,2200,CE,0,0,0,524.15,959.55,0,0,0,0,19-APR-2021,
OPTSTK,APOLLOHOSP,29-Apr-2021,2250,CE,0,0,0,488.8,909.6,0,0,0,0,19-APR-2021,
OPTSTK,APOLLOHOSP,29-Apr-2021,2300,CE,0,0,0,455,859.65,0,0,0,0,19-APR-2021,
OPTSTK,APOLLOHOSP,29-Apr-2021,2350,CE,0,0,0,422.65,809.7,0,0,0,0,19-APR-2021,
OPTSTK,APOLLOHOSP,29-Apr-2021,2400,CE,0,0,0,391.95,759.8,0,0,0,0,19-APR-2021,
OPTSTK,APOLLOHOSP,29-Apr-2021,2450,CE,0,0,0,362.85,709.9,0,0,0,0,19-APR-2021,
OPTSTK,APOLLOHOSP,29-Apr-2021,2500,CE,0,0,0,335.35,660.05,0,0,0,0,19-APR-2021,
OPTSTK,APOLLOHOSP,29-Apr-2021,2550,CE,0,0,0,309.35,610.3,0,0,0,0,19-APR-2021,
OPTSTK,APOLLOHOSP,29-Apr-2021,2600,CE,0,0,0,346.4,560.75,0,0,1000,0,19-APR-2021,
OPTSTK,APOLLOHOSP,29-Apr-2021,2650,CE,0,0,0,262,511.55,0,0,0,0,19-APR-2021,
OPTSTK,APOLLOHOSP,29-Apr-2021,2700,CE,0,0,0,460.2,462.85,0,0,1500,0,19-APR-2021,
OPTSTK,APOLLOHOSP,29-Apr-2021,2750,CE,0,0,0,220.5,415.05,0,0,0,0,19-APR-2021,
OPTSTK,APOLLOHOSP,29-Apr-2021,2800,CE,0,0,0,199.95,368.35,0,0,2500,0,19-APR-2021,
OPTSTK,APOLLOHOSP,29-Apr-2021,2850,CE,0,0,0,184.45,323.25,0,0,0,0,19-APR-2021,
OPTSTK,APOLLOHOSP,29-Apr-2021,2900,CE,163.55,355.05,163.55,349.6,280.2,16,255.78,16500,-2500,19-APR-2021,
OPTSTK,APOLLOHOSP,29-Apr-2021,2950,CE,296.95,302.05,285,285,239.7,4,64.91,9000,-1500,19-APR-2021,
OPTSTK,APOLLOHOSP,29-Apr-2021,3000,CE,117,275,100,210.3,210.3,122,1950.85,37500,-12000,19-APR-2021,
OPTSTK,APOLLOHOSP,29-Apr-2021,3050,CE,103,235.5,72,164.7,164.7,150,2390.79,19000,-7500,19-APR-2021,
OPTSTK,APOLLOHOSP,29-Apr-2021,3100,CE,62.65,201.9,56.2,147.6,147.6,1749,28243.14,59000,-48000,19-APR-2021,
OPTSTK,APOLLOHOSP,29-Apr-2021,3150,CE,62.8,172,62.8,118.55,118.55,1303,21287.19,27000,-2000,19-APR-2021,
OPTSTK,APOLLOHOSP,29-Apr-2021,3200,CE,39.4,143,29.05,98.15,98.15,6320,104351.4,191500,71000,19-APR-2021,
OPTSTK,APOLLOHOSP,29-Apr-2021,3250,CE,32.5,118,32.5,76.55,76.55,1765,29507.76,58500,51500,19-APR-2021,
OPTSTK,APOLLOHOSP,29-Apr-2021,3300,CE,20,97.7,15.65,61.15,61.15,3742,63099.24,132500,82000,19-APR-2021,
OPTSTK,APOLLOHOSP,29-Apr-2021,3350,CE,19.4,78.3,19.4,48.5,48.5,742,12645.21,32000,30000,19-APR-2021,
OPTSTK,APOLLOHOSP,29-Apr-2021,3400,CE,7,64,5.3,37.4,37.4,3048,52504.41,161000,120500,19-APR-2021,
OPTSTK,APOLLOHOSP,29-Apr-2021,3450,CE,50,50,28.2,28.2,28.2,23,401.16,4500,4500,19-APR-2021,
OPTSTK,APOLLOHOSP,29-Apr-2021,3500,CE,7.05,42.5,5.95,23.65,23.65,3108,54852.15,147000,68000,19-APR-2021,
OPTSTK,APOLLOHOSP,29-Apr-2021,3550,CE,0,0,0,46.3,10.5,0,0,0,0,19-APR-2021,
OPTSTK,APOLLOHOSP,29-Apr-2021,3600,CE,7.45,28.85,6.85,15.65,15.65,1613,29201.52,77500,57000,19-APR-2021,
OPTSTK,APOLLOHOSP,29-Apr-2021,3650,CE,10,23,10,15.4,4.95,13,238.27,3000,3000,19-APR-2021,
OPTSTK,APOLLOHOSP,29-Apr-2021,3700,CE,9.95,20.05,9,10.45,10.45,274,5089.64,19500,19500,19-APR-2021,
OPTSTK,APOLLOHOSP,29-Apr-2021,3750,CE,7.8,8.4,7.7,7.75,2.2,5,93.94,3000,1500,19-APR-2021,
OPTSTK,APOLLOHOSP,29-Apr-2021,1650,PE,0,0,0,6.2,0,0,0,0,0,19-APR-2021,
OPTSTK,APOLLOHOSP,29-Apr-2021,1700,PE,0,0,0,8.5,0,0,0,0,0,19-APR-2021,
OPTSTK,APOLLOHOSP,29-Apr-2021,1750,PE,0,0,0,11.4,0,0,0,0,0,19-APR-2021,
OPTSTK,APOLLOHOSP,29-Apr-2021,1800,PE,0,0,0,15,0,0,0,0,0,19-APR-2021,
OPTSTK,APOLLOHOSP,29-Apr-2021,1850,PE,0,0,0,19.45,0,0,0,0,0,19-APR-2021,
OPTSTK,APOLLOHOSP,29-Apr-2021,1900,PE,0,0,0,24.8,0,0,0,0,0,19-APR-2021,
OPTSTK,APOLLOHOSP,29-Apr-2021,1950,PE,0,0,0,31.15,0,0,0,0,0,19-APR-2021,
OPTSTK,APOLLOHOSP,29-Apr-2021,2000,PE,0,0,0,38.6,0,0,0,0,0,19-APR-2021,
OPTSTK,APOLLOHOSP,29-Apr-2021,2050,PE,0,0,0,47.3,0,0,0,0,0,19-APR-2021,
OPTSTK,APOLLOHOSP,29-Apr-2021,2100,PE,0,0,0,57.25,0,0,0,0,0,19-APR-2021,
OPTSTK,APOLLOHOSP,29-Apr-2021,2150,PE,0,0,0,68.6,0,0,0,0,0,19-APR-2021,
OPTSTK,APOLLOHOSP,29-Apr-2021,2200,PE,0,0,0,81.4,0,0,0,0,0,19-APR-2021,
OPTSTK,APOLLOHOSP,29-Apr-2021,2250,PE,0,0,0,95.6,0,0,0,0,0,19-APR-2021,
OPTSTK,APOLLOHOSP,29-Apr-2021,2300,PE,0.55,0.55,0.55,0.55,0,1,11.5,1000,500,19-APR-2021,
OPTSTK,APOLLOHOSP,29-Apr-2021,2350,PE,0,0,0,128.45,0.05,0,0,0,0,19-APR-2021,
OPTSTK,APOLLOHOSP,29-Apr-2021,2400,PE,0,0,0,147.35,0.05,0,0,0,0,19-APR-2021,
OPTSTK,APOLLOHOSP,29-Apr-2021,2450,PE,0,0,0,167.8,0.1,0,0,0,0,19-APR-2021,
OPTSTK,APOLLOHOSP,29-Apr-2021,2500,PE,0.05,3.3,0.05,2.9,2.9,15,187.6,18000,-1000,19-APR-2021,
OPTSTK,APOLLOHOSP,29-Apr-2021,2550,PE,0,0,0,213.35,0.4,0,0,0,0,19-APR-2021,
OPTSTK,APOLLOHOSP,29-Apr-2021,2600,PE,4,4.95,2.9,4.95,4.95,36,468.63,22500,-1000,19-APR-2021,
OPTSTK,APOLLOHOSP,29-Apr-2021,2650,PE,6,6,5,5,1.55,3,39.83,1500,-500,19-APR-2021,
OPTSTK,APOLLOHOSP,29-Apr-2021,2700,PE,10.95,11.75,5.7,7.7,7.7,239,3235.21,49000,-4500,19-APR-2021,
OPTSTK,APOLLOHOSP,29-Apr-2021,2750,PE,8,8.6,8,8.6,4.95,3,41.37,11000,-500,19-APR-2021,
OPTSTK,APOLLOHOSP,29-Apr-2021,2800,PE,18,21.3,10.6,13.95,13.95,456,6413.21,69000,11000,19-APR-2021,
OPTSTK,APOLLOHOSP,29-Apr-2021,2850,PE,23,28.6,14.5,18,18,62,889.1,15500,4500,19-APR-2021,
OPTSTK,APOLLOHOSP,29-Apr-2021,2900,PE,37,45,18.35,25.7,25.7,614,8979.98,68500,20000,19-APR-2021,
OPTSTK,APOLLOHOSP,29-Apr-2021,2950,PE,51.75,51.75,25,35.75,35.75,92,1371.36,25500,13000,19-APR-2021,
OPTSTK,APOLLOHOSP,29-Apr-2021,3000,PE,80,84,34,45.7,45.7,820,12473.14,61500,20000,19-APR-2021,
OPTSTK,APOLLOHOSP,29-Apr-2021,3050,PE,87,87.85,46,61.4,61.4,71,1104.33,13500,10000,19-APR-2021,
OPTSTK,APOLLOHOSP,29-Apr-2021,3100,PE,105.05,118.05,59.95,77.7,77.7,452,7174.4,38500,16500,19-APR-2021,
OPTSTK,APOLLOHOSP,29-Apr-2021,3150,PE,147.95,147.95,72.6,98.05,98.05,261,4230.17,14500,10000,19-APR-2021,
OPTSTK,APOLLOHOSP,29-Apr-2021,3200,PE,147.8,150.05,99.1,129.95,129.95,344,5698.76,17000,13500,19-APR-2021,
OPTSTK,APOLLOHOSP,29-Apr-2021,3250,PE,140.9,140.9,140,140,157.35,2,33.9,1000,1000,19-APR-2021,
OPTSTK,APOLLOHOSP,29-Apr-2021,3300,PE,0,0,0,724.7,191.3,0,0,0,0,19-APR-2021,
OPTSTK,APOLLOHOSP,29-Apr-2021,3350,PE,0,0,0,766.75,228.5,0,0,0,0,19-APR-2021,
OPTSTK,APOLLOHOSP,29-Apr-2021,3400,PE,0,0,0,809.45,268.15,0,0,0,0,19-APR-2021,
OPTSTK,APOLLOHOSP,29-Apr-2021,3450,PE,0,0,0,852.75,310.2,0,0,0,0,19-APR-2021,
OPTSTK,APOLLOHOSP,29-Apr-2021,3500,PE,0,0,0,896.65,354.15,0,0,0,0,19-APR-2021,
OPTSTK,APOLLOHOSP,29-Apr-2021,3550,PE,0,0,0,941.05,399.65,0,0,0,0,19-APR-2021,
OPTSTK,APOLLOHOSP,29-Apr-2021,3600,PE,0,0,0,985.9,446.35,0,0,0,0,19-APR-2021,
OPTSTK,APOLLOHOSP,29-Apr-2021,3650,PE,0,0,0,993.2,493.95,0,0,0,0,19-APR-2021,
OPTSTK,APOLLOHOSP,29-Apr-2021,3700,PE,0,0,0,1002.25,542.3,0,0,0,0,19-APR-2021,
OPTSTK,APOLLOHOSP,29-Apr-2021,3750,PE,0,0,0,1023.05,591.1,0,0,0,0,19-APR-2021,
OPTSTK,APOLLOHOSP,27-May-2021,2100,CE,0,0,0,1029.55,1066.35,0,0,0,0,19-APR-2021,
OPTSTK,APOLLOHOSP,27-May-2021,2150,CE,0,0,0,984.5,1016.95,0,0,0,0,19-APR-2021,
OPTSTK,APOLLOHOSP,27-May-2021,2200,CE,0,0,0,940.2,967.8,0,0,0,0,19-APR-2021,
OPTSTK,APOLLOHOSP,27-May-2021,2250,CE,0,0,0,896.7,918.9,0,0,0,0,19-APR-2021,
OPTSTK,APOLLOHOSP,27-May-2021,2300,CE,0,0,0,854.15,870.4,0,0,0,0,19-APR-2021,
OPTSTK,APOLLOHOSP,27-May-2021,2350,CE,0,0,0,812.5,822.3,0,0,0,0,19-APR-2021,
OPTSTK,APOLLOHOSP,27-May-2021,2400,CE,0,0,0,771.9,774.8,0,0,0,0,19-APR-2021,
OPTSTK,APOLLOHOSP,27-May-2021,2450,CE,0,0,0,732.4,727.95,0,0,0,0,19-APR-2021,
OPTSTK,APOLLOHOSP,27-May-2021,2500,CE,0,0,0,694,681.9,0,0,0,0,19-APR-2021,
OPTSTK,APOLLOHOSP,27-May-2021,2550,CE,0,0,0,656.85,636.8,0,0,0,0,19-APR-2021,
OPTSTK,APOLLOHOSP,27-May-2021,2600,CE,0,0,0,620.75,592.8,0,0,0,0,19-APR-2021,
OPTSTK,APOLLOHOSP,27-May-2021,2650,CE,0,0,0,585.95,550.05,0,0,0,0,19-APR-2021,
OPTSTK,APOLLOHOSP,27-May-2021,2700,CE,0,0,0,552.35,508.65,0,0,0,0,19-APR-2021,
OPTSTK,APOLLOHOSP,27-May-2021,2750,CE,0,0,0,519.95,468.75,0,0,0,0,19-APR-2021,
OPTSTK,APOLLOHOSP,27-May-2021,2800,CE,0,0,0,489,430.45,0,0,0,0,19-APR-2021,
OPTSTK,APOLLOHOSP,27-May-2021,2850,CE,0,0,0,459.35,393.95,0,0,0,0,19-APR-2021,
OPTSTK,APOLLOHOSP,27-May-2021,2900,CE,0,0,0,431,359.05,0,0,0,0,19-APR-2021,
OPTSTK,APOLLOHOSP,27-May-2021,2950,CE,0,0,0,230.4,326.2,0,0,500,0,19-APR-2021,
OPTSTK,APOLLOHOSP,27-May-2021,3000,CE,0,0,0,190,295.3,0,0,3000,0,19-APR-2021,
OPTSTK,APOLLOHOSP,27-May-2021,3050,CE,0,0,0,353.55,266.35,0,0,0,0,19-APR-2021,
OPTSTK,APOLLOHOSP,27-May-2021,3100,CE,0,0,0,330.25,239.35,0,0,0,0,19-APR-2021,
OPTSTK,APOLLOHOSP,27-May-2021,3150,CE,0,0,0,308.15,214.3,0,0,0,0,19-APR-2021,
OPTSTK,APOLLOHOSP,27-May-2021,3200,CE,0,0,0,287.25,191.25,0,0,0,0,19-APR-2021,
OPTSTK,APOLLOHOSP,27-May-2021,3250,CE,0,0,0,267.5,170.05,0,0,0,0,19-APR-2021,
OPTSTK,APOLLOHOSP,27-May-2021,3300,CE,100,150,100,110,150.65,5,85.35,1500,1500,19-APR-2021,
OPTSTK,APOLLOHOSP,27-May-2021,3350,CE,0,0,0,231.35,133.05,0,0,0,0,19-APR-2021,
OPTSTK,APOLLOHOSP,27-May-2021,3400,CE,100,122.55,100,122.55,117.1,2,35.11,2000,1000,19-APR-2021,
OPTSTK,APOLLOHOSP,27-May-2021,3450,CE,0,0,0,199.3,102.7,0,0,0,0,19-APR-2021,
OPTSTK,APOLLOHOSP,27-May-2021,3500,CE,54.9,60,54.9,60,89.95,5,88.97,2500,2500,19-APR-2021,
OPTSTK,APOLLOHOSP,27-May-2021,3550,CE,0,0,0,171.15,78.45,0,0,0,0,19-APR-2021,
OPTSTK,APOLLOHOSP,27-May-2021,3600,CE,50,50,50,50,68.1,1,18.25,500,500,19-APR-2021,
OPTSTK,APOLLOHOSP,27-May-2021,3650,CE,0,0,0,146.65,59,0,0,0,0,19-APR-2021,
OPTSTK,APOLLOHOSP,27-May-2021,3700,CE,0,0,0,135.6,50.95,0,0,0,0,19-APR-2021,
OPTSTK,APOLLOHOSP,27-May-2021,3750,CE,0,0,0,125.25,43.9,0,0,0,0,19-APR-2021,
OPTSTK,APOLLOHOSP,27-May-2021,2100,PE,0,0,0,18.65,0.8,0,0,0,0,19-APR-2021,
OPTSTK,APOLLOHOSP,27-May-2021,2150,PE,0,0,0,23.15,1.25,0,0,0,0,19-APR-2021,
OPTSTK,APOLLOHOSP,27-May-2021,2200,PE,0,0,0,28.35,1.9,0,0,0,0,19-APR-2021,
OPTSTK,APOLLOHOSP,27-May-2021,2250,PE,0,0,0,34.45,2.8,0,0,0,0,19-APR-2021,
OPTSTK,APOLLOHOSP,27-May-2021,2300,PE,0,0,0,41.4,4.05,0,0,0,0,19-APR-2021,
OPTSTK,APOLLOHOSP,27-May-2021,2350,PE,0,0,0,49.3,5.8,0,0,0,0,19-APR-2021,
OPTSTK,APOLLOHOSP,27-May-2021,2400,PE,0,0,0,58.25,8.1,0,0,0,0,19-APR-2021,
OPTSTK,APOLLOHOSP,27-May-2021,2450,PE,0,0,0,68.25,11.05,0,0,0,0,19-APR-2021,
OPTSTK,APOLLOHOSP,27-May-2021,2500,PE,0,0,0,11,14.8,0,0,500,0,19-APR-2021,
OPTSTK,APOLLOHOSP,27-May-2021,2550,PE,0,0,0,91.75,19.55,0,0,0,0,19-APR-2021,
OPTSTK,APOLLOHOSP,27-May-2021,2600,PE,0,0,0,105.2,25.35,0,0,0,0,19-APR-2021,
OPTSTK,APOLLOHOSP,27-May-2021,2650,PE,0,0,0,119.9,32.35,0,0,0,0,19-APR-2021,
OPTSTK,APOLLOHOSP,27-May-2021,2700,PE,0,0,0,135.9,40.8,0,0,0,0,19-APR-2021,
OPTSTK,APOLLOHOSP,27-May-2021,2750,PE,0,0,0,153.05,50.7,0,0,0,0,19-APR-2021,
OPTSTK,APOLLOHOSP,27-May-2021,2800,PE,0,0,0,100,62.2,0,0,0,0,19-APR-2021,
OPTSTK,APOLLOHOSP,27-May-2021,2850,PE,0,0,0,191.45,75.5,0,0,0,0,19-APR-2021,
OPTSTK,APOLLOHOSP,27-May-2021,2900,PE,0,0,0,212.65,90.4,0,0,0,0,19-APR-2021,
OPTSTK,APOLLOHOSP,27-May-2021,2950,PE,0,0,0,235.1,107.35,0,0,0,0,19-APR-2021,
OPTSTK,APOLLOHOSP,27-May-2021,3000,PE,0,0,0,258.85,126.25,0,0,0,0,19-APR-2021,
OPTSTK,APOLLOHOSP,27-May-2021,3050,PE,0,0,0,283.8,147.1,0,0,0,0,19-APR-2021,
OPTSTK,APOLLOHOSP,27-May-2021,3100,PE,0,0,0,310.05,169.9,0,0,0,0,19-APR-2021,
OPTSTK,APOLLOHOSP,27-May-2021,3150,PE,0,0,0,337.5,194.7,0,0,0,0,19-APR-2021,
OPTSTK,APOLLOHOSP,27-May-2021,3200,PE,0,0,0,366.15,221.4,0,0,0,0,19-APR-2021,
OPTSTK,APOLLOHOSP,27-May-2021,3250,PE,0,0,0,395.9,250,0,0,0,0,19-APR-2021,
OPTSTK,APOLLOHOSP,27-May-2021,3300,PE,0,0,0,426.85,280.45,0,0,0,0,19-APR-2021,
OPTSTK,APOLLOHOSP,27-May-2021,3350,PE,0,0,0,458.8,312.65,0,0,0,0,19-APR-2021,
OPTSTK,APOLLOHOSP,27-May-2021,3400,PE,0,0,0,491.85,346.5,0,0,0,0,19-APR-2021,
OPTSTK,APOLLOHOSP,27-May-2021,3450,PE,0,0,0,525.85,381.9,0,0,0,0,19-APR-2021,
OPTSTK,APOLLOHOSP,27-May-2021,3500,PE,0,0,0,560.85,418.95,0,0,0,0,19-APR-2021,
OPTSTK,APOLLOHOSP,27-May-2021,3550,PE,0,0,0,596.75,457.25,0,0,0,0,19-APR-2021,
OPTSTK,APOLLOHOSP,27-May-2021,3600,PE,0,0,0,633.7,496.7,0,0,0,0,19-APR-2021,
OPTSTK,APOLLOHOSP,27-May-2021,3650,PE,0,0,0,671.35,537.4,0,0,0,0,19-APR-2021,
OPTSTK,APOLLOHOSP,27-May-2021,3700,PE,0,0,0,709.8,579.2,0,0,0,0,19-APR-2021,
OPTSTK,APOLLOHOSP,27-May-2021,3750,PE,0,0,0,749,621.9,0,0,0,0,19-APR-2021,
OPTSTK,APOLLOHOSP,24-Jun-2021,2100,CE,0,0,0,764.9,1077.2,0,0,0,0,19-APR-2021,
OPTSTK,APOLLOHOSP,24-Jun-2021,2150,CE,0,0,0,723.15,1029.45,0,0,0,0,19-APR-2021,
OPTSTK,APOLLOHOSP,24-Jun-2021,2200,CE,0,0,0,682.55,982.2,0,0,0,0,19-APR-2021,
OPTSTK,APOLLOHOSP,24-Jun-2021,2250,CE,0,0,0,643.15,935.55,0,0,0,0,19-APR-2021,
OPTSTK,APOLLOHOSP,24-Jun-2021,2300,CE,0,0,0,605.05,889.55,0,0,0,0,19-APR-2021,
OPTSTK,APOLLOHOSP,24-Jun-2021,2350,CE,0,0,0,568.3,844.3,0,0,0,0,19-APR-2021,
OPTSTK,APOLLOHOSP,24-Jun-2021,2400,CE,0,0,0,532.85,799.9,0,0,0,0,19-APR-2021,
OPTSTK,APOLLOHOSP,24-Jun-2021,2450,CE,0,0,0,498.8,756.4,0,0,0,0,19-APR-2021,
OPTSTK,APOLLOHOSP,24-Jun-2021,2500,CE,0,0,0,466.05,713.95,0,0,0,0,19-APR-2021,
OPTSTK,APOLLOHOSP,24-Jun-2021,2550,CE,0,0,0,434.95,672.6,0,0,0,0,19-APR-2021,
OPTSTK,APOLLOHOSP,24-Jun-2021,2600,CE,0,0,0,405.25,632.45,0,0,0,0,19-APR-2021,
OPTSTK,APOLLOHOSP,24-Jun-2021,2650,CE,0,0,0,377.05,593.55,0,0,0,0,19-APR-2021,
OPTSTK,APOLLOHOSP,24-Jun-2021,2700,CE,0,0,0,350.25,556.05,0,0,0,0,19-APR-2021,
OPTSTK,APOLLOHOSP,24-Jun-2021,2750,CE,0,0,0,324.9,519.8,0,0,0,0,19-APR-2021,
OPTSTK,APOLLOHOSP,24-Jun-2021,2800,CE,0,0,0,300.95,485,0,0,0,0,19-APR-2021,
OPTSTK,APOLLOHOSP,24-Jun-2021,2850,CE,0,0,0,278.4,451.55,0,0,0,0,19-APR-2021,
OPTSTK,APOLLOHOSP,24-Jun-2021,2900,CE,0,0,0,257.2,419.7,0,0,0,0,19-APR-2021,
OPTSTK,APOLLOHOSP,24-Jun-2021,2950,CE,0,0,0,237.3,389.4,0,0,0,0,19-APR-2021,
OPTSTK,APOLLOHOSP,24-Jun-2021,3000,CE,0,0,0,218.7,360.6,0,0,0,0,19-APR-2021,
OPTSTK,APOLLOHOSP,24-Jun-2021,3050,CE,0,0,0,201.25,333.3,0,0,0,0,19-APR-2021,
OPTSTK,APOLLOHOSP,24-Jun-2021,3100,CE,0,0,0,185,307.55,0,0,0,0,19-APR-2021,
OPTSTK,APOLLOHOSP,24-Jun-2021,3150,CE,0,0,0,169.9,283.25,0,0,0,0,19-APR-2021,
OPTSTK,APOLLOHOSP,24-Jun-2021,3200,CE,0,0,0,155.8,260.45,0,0,0,0,19-APR-2021,
OPTSTK,APOLLOHOSP,24-Jun-2021,3250,CE,0,0,0,142.75,239.05,0,0,0,0,19-APR-2021,
OPTSTK,APOLLOHOSP,24-Jun-2021,3300,CE,0,0,0,130.8,219.05,0,0,0,0,19-APR-2021,
OPTSTK,APOLLOHOSP,24-Jun-2021,3350,CE,0,0,0,119.65,200.4,0,0,0,0,19-APR-2021,
OPTSTK,APOLLOHOSP,24-Jun-2021,3400,CE,0,0,0,109.35,183,0,0,0,0,19-APR-2021,
OPTSTK,APOLLOHOSP,24-Jun-2021,3450,CE,0,0,0,99.85,166.9,0,0,0,0,19-APR-2021,
OPTSTK,APOLLOHOSP,24-Jun-2021,3500,CE,0,0,0,90.95,151.95,0,0,0,0,19-APR-2021,
OPTSTK,APOLLOHOSP,24-Jun-2021,3550,CE,0,0,0,82.85,138.15,0,0,0,0,19-APR-2021,
OPTSTK,APOLLOHOSP,24-Jun-2021,3600,CE,0,0,0,75.45,125.55,0,0,0,0,19-APR-2021,
OPTSTK,APOLLOHOSP,24-Jun-2021,3650,CE,0,0,0,68.65,113.9,0,0,0,0,19-APR-2021,
OPTSTK,APOLLOHOSP,24-Jun-2021,3700,CE,0,0,0,62.4,103.15,0,0,0,0,19-APR-2021,
OPTSTK,APOLLOHOSP,24-Jun-2021,3750,CE,0,0,0,56.65,93.3,0,0,0,0,19-APR-2021,
OPTSTK,APOLLOHOSP,24-Jun-2021,2100,PE,0,0,0,36,5.65,0,0,0,0,19-APR-2021,
OPTSTK,APOLLOHOSP,24-Jun-2021,2150,PE,0,0,0,43.8,7.55,0,0,0,0,19-APR-2021,
OPTSTK,APOLLOHOSP,24-Jun-2021,2200,PE,0,0,0,52.75,10,0,0,0,0,19-APR-2021,
OPTSTK,APOLLOHOSP,24-Jun-2021,2250,PE,0,0,0,62.9,13,0,0,0,0,19-APR-2021,
OPTSTK,APOLLOHOSP,24-Jun-2021,2300,PE,0,0,0,74.3,16.65,0,0,0,0,19-APR-2021,
OPTSTK,APOLLOHOSP,24-Jun-2021,2350,PE,0,0,0,87.1,21.05,0,0,0,0,19-APR-2021,
OPTSTK,APOLLOHOSP,24-Jun-2021,2400,PE,0,0,0,101.15,26.3,0,0,0,0,19-APR-2021,
OPTSTK,APOLLOHOSP,24-Jun-2021,2450,PE,0,0,0,116.65,32.5,0,0,0,0,19-APR-2021,
OPTSTK,APOLLOHOSP,24-Jun-2021,2500,PE,0,0,0,133.45,39.7,0,0,0,0,19-APR-2021,
OPTSTK,APOLLOHOSP,24-Jun-2021,2550,PE,0,0,0,151.85,48.05,0,0,0,0,19-APR-2021,
OPTSTK,APOLLOHOSP,24-Jun-2021,2600,PE,0,0,0,171.7,57.55,0,0,0,0,19-APR-2021,
OPTSTK,APOLLOHOSP,24-Jun-2021,2650,PE,0,0,0,193,68.3,0,0,0,0,19-APR-2021,
OPTSTK,APOLLOHOSP,24-Jun-2021,2700,PE,0,0,0,215.8,80.45,0,0,0,0,19-APR-2021,
OPTSTK,APOLLOHOSP,24-Jun-2021,2750,PE,0,0,0,239.95,93.85,0,0,0,0,19-APR-2021,
OPTSTK,APOLLOHOSP,24-Jun-2021,2800,PE,0,0,0,265.55,108.7,0,0,0,0,19-APR-2021,
OPTSTK,APOLLOHOSP,24-Jun-2021,2850,PE,0,0,0,292.55,124.9,0,0,0,0,19-APR-2021,
OPTSTK,APOLLOHOSP,24-Jun-2021,2900,PE,0,0,0,320.85,142.75,0,0,0,0,19-APR-2021,
OPTSTK,APOLLOHOSP,24-Jun-2021,2950,PE,0,0,0,350.5,162.1,0,0,0,0,19-APR-2021,
OPTSTK,APOLLOHOSP,24-Jun-2021,3000,PE,0,0,0,381.4,183,0,0,0,0,19-APR-2021,
OPTSTK,APOLLOHOSP,24-Jun-2021,3050,PE,0,0,0,413.55,205.35,0,0,0,0,19-APR-2021,
OPTSTK,APOLLOHOSP,24-Jun-2021,3100,PE,0,0,0,446.8,229.25,0,0,0,0,19-APR-2021,
OPTSTK,APOLLOHOSP,24-Jun-2021,3150,PE,0,0,0,481.2,254.6,0,0,0,0,19-APR-2021,
OPTSTK,APOLLOHOSP,24-Jun-2021,3200,PE,0,0,0,516.7,281.45,0,0,0,0,19-APR-2021,
OPTSTK,APOLLOHOSP,24-Jun-2021,3250,PE,0,0,0,553.15,309.75,0,0,0,0,19-APR-2021,
OPTSTK,APOLLOHOSP,24-Jun-2021,3300,PE,0,0,0,590.75,339.4,0,0,0,0,19-APR-2021,
OPTSTK,APOLLOHOSP,24-Jun-2021,3350,PE,0,0,0,629.15,370.4,0,0,0,0,19-APR-2021,
OPTSTK,APOLLOHOSP,24-Jun-2021,3400,PE,0,0,0,668.35,402.7,0,0,0,0,19-APR-2021,
OPTSTK,APOLLOHOSP,24-Jun-2021,3450,PE,0,0,0,708.4,436.25,0,0,0,0,19-APR-2021,
OPTSTK,APOLLOHOSP,24-Jun-2021,3500,PE,0,0,0,749.05,470.95,0,0,0,0,19-APR-2021,
OPTSTK,APOLLOHOSP,24-Jun-2021,3550,PE,0,0,0,790.5,506.8,0,0,0,0,19-APR-2021,
OPTSTK,APOLLOHOSP,24-Jun-2021,3600,PE,0,0,0,832.6,543.9,0,0,0,0,19-APR-2021,
OPTSTK,APOLLOHOSP,24-Jun-2021,3650,PE,0,0,0,875.3,581.85,0,0,0,0,19-APR-2021,
OPTSTK,APOLLOHOSP,24-Jun-2021,3700,PE,0,0,0,918.6,620.8,0,0,0,0,19-APR-2021,
OPTSTK,APOLLOHOSP,24-Jun-2021,3750,PE,0,0,0,962.4,660.6,0,0,0,0,19-APR-2021,
OPTSTK,APOLLOTYRE,29-Apr-2021,122.5,CE,0,0,0,106.5,81.2,0,0,15000,0,19-APR-2021,
OPTSTK,APOLLOTYRE,29-Apr-2021,125,CE,0,0,0,79.3,78.7,0,0,0,0,19-APR-2021,
OPTSTK,APOLLOTYRE,29-Apr-2021,127.5,CE,0,0,0,77,76.2,0,0,0,0,19-APR-2021,
OPTSTK,APOLLOTYRE,29-Apr-2021,130,CE,0,0,0,74.65,73.7,0,0,0,0,19-APR-2021,
OPTSTK,APOLLOTYRE,29-Apr-2021,132.5,CE,0,0,0,72.4,71.2,0,0,0,0,19-APR-2021,
OPTSTK,APOLLOTYRE,29-Apr-2021,135,CE,0,0,0,70.1,68.7,0,0,0,0,19-APR-2021,
OPTSTK,APOLLOTYRE,29-Apr-2021,137.5,CE,0,0,0,67.85,66.2,0,0,0,0,19-APR-2021,
OPTSTK,APOLLOTYRE,29-Apr-2021,140,CE,0,0,0,65.65,63.7,0,0,0,0,19-APR-2021,
OPTSTK,APOLLOTYRE,29-Apr-2021,142.5,CE,0,0,0,63.45,61.2,0,0,0,0,19-APR-2021,
OPTSTK,APOLLOTYRE,29-Apr-2021,145,CE,0,0,0,61.3,58.7,0,0,0,0,19-APR-2021,
OPTSTK,APOLLOTYRE,29-Apr-2021,147.5,CE,0,0,0,59.2,56.2,0,0,0,0,19-APR-2021,
OPTSTK,APOLLOTYRE,29-Apr-2021,150,CE,0,0,0,57.15,53.7,0,0,0,0,19-APR-2021,
OPTSTK,APOLLOTYRE,29-Apr-2021,152.5,CE,0,0,0,55.1,51.25,0,0,0,0,19-APR-2021,
OPTSTK,APOLLOTYRE,29-Apr-2021,155,CE,0,0,0,53.05,48.75,0,0,0,0,19-APR-2021,
OPTSTK,APOLLOTYRE,29-Apr-2021,157.5,CE,0,0,0,51.1,46.25,0,0,0,0,19-APR-2021,
OPTSTK,APOLLOTYRE,29-Apr-2021,160,CE,0,0,0,49.2,43.75,0,0,0,0,19-APR-2021,
OPTSTK,APOLLOTYRE,29-Apr-2021,162.5,CE,0,0,0,47.3,41.3,0,0,0,0,19-APR-2021,
OPTSTK,APOLLOTYRE,29-Apr-2021,165,CE,0,0,0,45.45,38.85,0,0,0,0,19-APR-2021,
OPTSTK,APOLLOTYRE,29-Apr-2021,167.5,CE,0,0,0,43.65,36.4,0,0,0,0,19-APR-2021,
OPTSTK,APOLLOTYRE,29-Apr-2021,170,CE,0,0,0,41.9,33.95,0,0,0,0,19-APR-2021,
OPTSTK,APOLLOTYRE,29-Apr-2021,172.5,CE,0,0,0,40.2,31.55,0,0,0,0,19-APR-2021,
OPTSTK,APOLLOTYRE,29-Apr-2021,175,CE,0,0,0,38.55,29.2,0,0,0,0,19-APR-2021,
OPTSTK,APOLLOTYRE,29-Apr-2021,177.5,CE,0,0,0,36.9,26.9,0,0,0,0,19-APR-2021,
OPTSTK,APOLLOTYRE,29-Apr-2021,180,CE,0,0,0,35.35,24.65,0,0,0,0,19-APR-2021,
OPTSTK,APOLLOTYRE,29-Apr-2021,182.5,CE,0,0,0,33.85,22.45,0,0,0,0,19-APR-2021,
OPTSTK,APOLLOTYRE,29-Apr-2021,185,CE,0,0,0,32.35,20.3,0,0,0,0,19-APR-2021,
OPTSTK,APOLLOTYRE,29-Apr-2021,187.5,CE,0,0,0,30.95,18.3,0,0,0,0,19-APR-2021,
OPTSTK,APOLLOTYRE,29-Apr-2021,190,CE,0,0,0,29.55,16.35,0,0,0,0,19-APR-2021,
OPTSTK,APOLLOTYRE,29-Apr-2021,192.5,CE,0,0,0,28.2,14.55,0,0,0,0,19-APR-2021,
OPTSTK,APOLLOTYRE,29-Apr-2021,195,CE,0,0,0,26.9,12.85,0,0,0,0,19-APR-2021,
OPTSTK,APOLLOTYRE,29-Apr-2021,197.5,CE,0,0,0,25.7,11.25,0,0,0,0,19-APR-2021,
OPTSTK,APOLLOTYRE,29-Apr-2021,200,CE,8,10,8,8.85,8.85,40,417.56,100000,60000,19-APR-2021,
OPTSTK,APOLLOTYRE,29-Apr-2021,202.5,CE,0,0,0,11.7,8.5,0,0,0,0,19-APR-2021,
OPTSTK,APOLLOTYRE,29-Apr-2021,205,CE,6.5,7.6,5.5,6.3,6.3,159,1681.37,245000,220000,19-APR-2021,
OPTSTK,APOLLOTYRE,29-Apr-2021,207.5,CE,5.55,5.9,4.85,5.15,5.15,16,170.23,35000,20000,19-APR-2021,
OPTSTK,APOLLOTYRE,29-Apr-2021,210,CE,3.7,5.35,3.6,4.3,4.3,313,3354.91,635000,105000,19-APR-2021,
OPTSTK,APOLLOTYRE,29-Apr-2021,212.5,CE,3.5,4.05,3.2,3.5,3.5,21,226.81,100000,-15000,19-APR-2021,
OPTSTK,APOLLOTYRE,29-Apr-2021,215,CE,2.55,3.6,2.4,2.8,2.8,116,1263.96,185000,-40000,19-APR-2021,
OPTSTK,APOLLOTYRE,29-Apr-2021,217.5,CE,2.8,2.8,2.25,2.25,3.05,6,65.96,80000,0,19-APR-2021,
OPTSTK,APOLLOTYRE,29-Apr-2021,220,CE,2.05,2.35,1.6,1.9,1.9,238,2641.27,810000,60000,19-APR-2021,
OPTSTK,APOLLOTYRE,29-Apr-2021,222.5,CE,1.8,1.8,1.8,1.8,2.05,1,11.21,80000,0,19-APR-2021,
OPTSTK,APOLLOTYRE,29-Apr-2021,225,CE,2,2,1.15,1.25,1.25,115,1301.58,650000,90000,19-APR-2021,
OPTSTK,APOLLOTYRE,29-Apr-2021,227.5,CE,1.2,1.4,1.05,1.2,1.35,10,114.32,95000,-5000,19-APR-2021,
OPTSTK,APOLLOTYRE,29-Apr-2021,230,CE,1,1.1,0.75,0.9,0.9,145,1674.07,960000,65000,19-APR-2021,
OPTSTK,APOLLOTYRE,29-Apr-2021,232.5,CE,0.8,0.8,0.7,0.7,0.85,3,34.98,45000,0,19-APR-2021,
OPTSTK,APOLLOTYRE,29-Apr-2021,235,CE,0.7,0.75,0.6,0.65,0.65,15,176.74,205000,20000,19-APR-2021,
OPTSTK,APOLLOTYRE,29-Apr-2021,237.5,CE,0,0,0,2.9,0.55,0,0,65000,0,19-APR-2021,
OPTSTK,APOLLOTYRE,29-Apr-2021,240,CE,0.6,0.6,0.45,0.55,0.55,79,950.05,905000,-5000,19-APR-2021,
OPTSTK,APOLLOTYRE,29-Apr-2021,242.5,CE,0,0,0,0.9,0.35,0,0,45000,0,19-APR-2021,
OPTSTK,APOLLOTYRE,29-Apr-2021,245,CE,0.45,0.45,0.4,0.4,0.25,13,159.52,215000,-10000,19-APR-2021,
OPTSTK,APOLLOTYRE,29-Apr-2021,247.5,CE,0,0,0,0.6,0.2,0,0,45000,0,19-APR-2021,
OPTSTK,APOLLOTYRE,29-Apr-2021,250,CE,0.3,0.4,0.25,0.3,0.3,35,438.02,890000,-15000,19-APR-2021,
OPTSTK,APOLLOTYRE,29-Apr-2021,252.5,CE,0,0,0,2.05,0.1,0,0,25000,0,19-APR-2021,
OPTSTK,APOLLOTYRE,29-Apr-2021,255,CE,0.35,0.35,0.15,0.2,0.2,8,102.08,155000,-15000,19-APR-2021,
OPTSTK,APOLLOTYRE,29-Apr-2021,257.5,CE,0,0,0,1.55,0.1,0,0,15000,0,19-APR-2021,
OPTSTK,APOLLOTYRE,29-Apr-2021,260,CE,0.2,0.2,0.15,0.2,0.2,12,156.11,380000,-20000,19-APR-2021,
OPTSTK,APOLLOTYRE,29-Apr-2021,262.5,CE,0,0,0,1.45,0.05,0,0,10000,0,19-APR-2021,
OPTSTK,APOLLOTYRE,29-Apr-2021,265,CE,0.15,0.15,0.15,0.15,0.05,2,26.51,15000,0,19-APR-2021,
OPTSTK,APOLLOTYRE,29-Apr-2021,267.5,CE,0,0,0,0.85,0.05,0,0,10000,0,19-APR-2021,
OPTSTK,APOLLOTYRE,29-Apr-2021,270,CE,0.1,0.15,0.1,0.15,0.15,7,94.54,305000,-15000,19-APR-2021,
OPTSTK,APOLLOTYRE,29-Apr-2021,272.5,CE,0,0,0,0.65,0.05,0,0,5000,0,19-APR-2021,
OPTSTK,APOLLOTYRE,29-Apr-2021,275,CE,0,0,0,0.25,0.05,0,0,15000,0,19-APR-2021,
OPTSTK,APOLLOTYRE,29-Apr-2021,277.5,CE,0,0,0,4.55,0,0,0,0,0,19-APR-2021,
OPTSTK,APOLLOTYRE,29-Apr-2021,280,CE,0.1,0.1,0.1,0.1,0,3,42.01,125000,-15000,19-APR-2021,
OPTSTK,APOLLOTYRE,29-Apr-2021,282.5,CE,0,0,0,4.05,0,0,0,0,0,19-APR-2021,
OPTSTK,APOLLOTYRE,29-Apr-2021,285,CE,0,0,0,1,0,0,0,10000,0,19-APR-2021,
OPTSTK,APOLLOTYRE,29-Apr-2021,287.5,CE,0,0,0,5.05,0,0,0,0,0,19-APR-2021,
OPTSTK,APOLLOTYRE,29-Apr-2021,290,CE,0,0,0,0.2,0,0,0,15000,0,19-APR-2021,
OPTSTK,APOLLOTYRE,29-Apr-2021,292.5,CE,0,0,0,4.5,0,0,0,0,0,19-APR-2021,
OPTSTK,APOLLOTYRE,29-Apr-2021,295,CE,0,0,0,4,0,0,0,0,0,19-APR-2021,
OPTSTK,APOLLOTYRE,29-Apr-2021,297.5,CE,0,0,0,6.65,0,0,0,0,0,19-APR-2021,
OPTSTK,APOLLOTYRE,29-Apr-2021,300,CE,0.05,0.05,0.05,0.05,0,3,45,65000,-15000,19-APR-2021,
OPTSTK,APOLLOTYRE,29-Apr-2021,122.5,PE,0,0,0,0.6,0,0,0,0,0,19-APR-2021,
OPTSTK,APOLLOTYRE,29-Apr-2021,125,PE,0,0,0,0.7,0,0,0,0,0,19-APR-2021,
OPTSTK,APOLLOTYRE,29-Apr-2021,127.5,PE,0,0,0,0.85,0,0,0,0,0,19-APR-2021,
OPTSTK,APOLLOTYRE,29-Apr-2021,130,PE,0,0,0,1,0,0,0,0,0,19-APR-2021,
OPTSTK,APOLLOTYRE,29-Apr-2021,132.5,PE,0,0,0,1.2,0,0,0,0,0,19-APR-2021,
OPTSTK,APOLLOTYRE,29-Apr-2021,135,PE,0,0,0,1.4,0,0,0,0,0,19-APR-2021,
OPTSTK,APOLLOTYRE,29-Apr-2021,137.5,PE,0.5,2.4,0.5,2.4,0,12,83.38,45000,30000,19-APR-2021,
OPTSTK,APOLLOTYRE,29-Apr-2021,140,PE,0.3,0.3,0.3,0.3,0,1,7.01,15000,0,19-APR-2021,
OPTSTK,APOLLOTYRE,29-Apr-2021,142.5,PE,0,0,0,2.2,0,0,0,0,0,19-APR-2021,
OPTSTK,APOLLOTYRE,29-Apr-2021,145,PE,0,0,0,0.3,0,0,0,30000,0,19-APR-2021,
OPTSTK,APOLLOTYRE,29-Apr-2021,147.5,PE,0,0,0,0.05,0,0,0,15000,0,19-APR-2021,
OPTSTK,APOLLOTYRE,29-Apr-2021,150,PE,0,0,0,0.25,0,0,0,20000,0,19-APR-2021,
OPTSTK,APOLLOTYRE,29-Apr-2021,152.5,PE,0,0,0,3.7,0.05,0,0,0,0,19-APR-2021,
OPTSTK,APOLLOTYRE,29-Apr-2021,155,PE,0,0,0,4.2,0.05,0,0,0,0,19-APR-2021,
OPTSTK,APOLLOTYRE,29-Apr-2021,157.5,PE,0,0,0,4.7,0.05,0,0,0,0,19-APR-2021,
OPTSTK,APOLLOTYRE,29-Apr-2021,160,PE,0,0,0,0.2,0.05,0,0,5000,0,19-APR-2021,
OPTSTK,APOLLOTYRE,29-Apr-2021,162.5,PE,0,0,0,5.85,0.1,0,0,0,0,19-APR-2021,
OPTSTK,APOLLOTYRE,29-Apr-2021,165,PE,0,0,0,6.5,0.1,0,0,0,0,19-APR-2021,
OPTSTK,APOLLOTYRE,29-Apr-2021,167.5,PE,0,0,0,7.15,0.15,0,0,0,0,19-APR-2021,
OPTSTK,APOLLOTYRE,29-Apr-2021,170,PE,1.05,1.05,0.5,0.5,0.5,4,34.15,35000,10000,19-APR-2021,
OPTSTK,APOLLOTYRE,29-Apr-2021,172.5,PE,0,0,0,8.65,0.35,0,0,0,0,19-APR-2021,
OPTSTK,APOLLOTYRE,29-Apr-2021,175,PE,0,0,0,9.45,0.45,0,0,0,0,19-APR-2021,
OPTSTK,APOLLOTYRE,29-Apr-2021,177.5,PE,0,0,0,10.3,0.65,0,0,0,0,19-APR-2021,
OPTSTK,APOLLOTYRE,29-Apr-2021,180,PE,1.5,1.5,0.9,1.15,1.15,110,996.55,500000,40000,19-APR-2021,
OPTSTK,APOLLOTYRE,29-Apr-2021,182.5,PE,0,0,0,12.2,1.2,0,0,0,0,19-APR-2021,
OPTSTK,APOLLOTYRE,29-Apr-2021,185,PE,1.75,1.75,1.65,1.7,1.7,4,37.34,85000,20000,19-APR-2021,
OPTSTK,APOLLOTYRE,29-Apr-2021,187.5,PE,0,0,0,2.9,2.05,0,0,20000,0,19-APR-2021,
OPTSTK,APOLLOTYRE,29-Apr-2021,190,PE,4,4,1.4,2.35,2.35,191,1839.88,495000,85000,19-APR-2021,
OPTSTK,APOLLOTYRE,29-Apr-2021,192.5,PE,0,0,0,2.5,3.3,0,0,15000,0,19-APR-2021,
OPTSTK,APOLLOTYRE,29-Apr-2021,195,PE,4.2,4.5,3.35,3.55,3.55,23,228.76,115000,10000,19-APR-2021,
OPTSTK,APOLLOTYRE,29-Apr-2021,197.5,PE,5,5,4.45,4.45,5,3,30.34,55000,0,19-APR-2021,
OPTSTK,APOLLOTYRE,29-Apr-2021,200,PE,6.25,7.75,4.6,4.95,4.95,268,2756.97,715000,0,19-APR-2021,
OPTSTK,APOLLOTYRE,29-Apr-2021,202.5,PE,7.15,7.15,7.15,7.15,7.15,1,10.48,40000,5000,19-APR-2021,
OPTSTK,APOLLOTYRE,29-Apr-2021,205,PE,9.35,9.35,6.65,7.1,7.1,64,681.04,195000,-15000,19-APR-2021,
OPTSTK,APOLLOTYRE,29-Apr-2021,207.5,PE,8.85,9.8,8.55,9.2,9.95,8,86.68,125000,-20000,19-APR-2021,
OPTSTK,APOLLOTYRE,29-Apr-2021,210,PE,12.1,12.1,9.35,10.15,10.15,16,176.78,395000,-5000,19-APR-2021,
OPTSTK,APOLLOTYRE,29-Apr-2021,212.5,PE,14,14,12.7,12.7,13.15,5,56.4,180000,-25000,19-APR-2021,
OPTSTK,APOLLOTYRE,29-Apr-2021,215,PE,12.85,12.85,12.8,12.8,14.9,2,22.78,120000,-5000,19-APR-2021,
OPTSTK,APOLLOTYRE,29-Apr-2021,217.5,PE,16.6,16.6,15.45,15.45,16.8,2,23.35,50000,-5000,19-APR-2021,
OPTSTK,APOLLOTYRE,29-Apr-2021,220,PE,19.1,19.1,17.1,17.1,18.75,5,59.58,405000,-20000,19-APR-2021,
OPTSTK,APOLLOTYRE,29-Apr-2021,222.5,PE,22.35,22.35,22.35,22.35,20.8,1,12.24,75000,0,19-APR-2021,
OPTSTK,APOLLOTYRE,29-Apr-2021,225,PE,0,0,0,15.2,22.9,0,0,155000,0,19-APR-2021,
OPTSTK,APOLLOTYRE,29-Apr-2021,227.5,PE,25.75,25.75,25.3,25.3,25.05,3,37.94,50000,-15000,19-APR-2021,
OPTSTK,APOLLOTYRE,29-Apr-2021,230,PE,29.55,29.55,26.7,26.7,27.3,5,64.43,150000,0,19-APR-2021,
OPTSTK,APOLLOTYRE,29-Apr-2021,232.5,PE,0,0,0,25.05,29.55,0,0,15000,0,19-APR-2021,
OPTSTK,APOLLOTYRE,29-Apr-2021,235,PE,0,0,0,25,31.9,0,0,25000,0,19-APR-2021,
OPTSTK,APOLLOTYRE,29-Apr-2021,237.5,PE,0,0,0,44.15,34.25,0,0,0,0,19-APR-2021,
OPTSTK,APOLLOTYRE,29-Apr-2021,240,PE,0,0,0,14.15,36.65,0,0,20000,0,19-APR-2021,
OPTSTK,APOLLOTYRE,29-Apr-2021,242.5,PE,0,0,0,47.95,39.05,0,0,0,0,19-APR-2021,
OPTSTK,APOLLOTYRE,29-Apr-2021,245,PE,0,0,0,49.9,41.45,0,0,0,0,19-APR-2021,
OPTSTK,APOLLOTYRE,29-Apr-2021,247.5,PE,0,0,0,51.85,43.9,0,0,0,0,19-APR-2021,
OPTSTK,APOLLOTYRE,29-Apr-2021,250,PE,0,0,0,31,46.35,0,0,15000,0,19-APR-2021,
OPTSTK,APOLLOTYRE,29-Apr-2021,252.5,PE,0,0,0,55.85,48.8,0,0,0,0,19-APR-2021,
OPTSTK,APOLLOTYRE,29-Apr-2021,255,PE,0,0,0,57.85,51.3,0,0,0,0,19-APR-2021,
OPTSTK,APOLLOTYRE,29-Apr-2021,257.5,PE,0,0,0,59.9,53.75,0,0,0,0,19-APR-2021,
OPTSTK,APOLLOTYRE,29-Apr-2021,260,PE,0,0,0,62,56.25,0,0,0,0,19-APR-2021,
OPTSTK,APOLLOTYRE,29-Apr-2021,262.5,PE,0,0,0,64.1,58.75,0,0,0,0,19-APR-2021,
OPTSTK,APOLLOTYRE,29-Apr-2021,265,PE,0,0,0,66.2,61.25,0,0,0,0,19-APR-2021,
OPTSTK,APOLLOTYRE,29-Apr-2021,267.5,PE,0,0,0,68.35,63.7,0,0,0,0,19-APR-2021,
OPTSTK,APOLLOTYRE,29-Apr-2021,270,PE,0,0,0,70.5,66.2,0,0,0,0,19-APR-2021,
OPTSTK,APOLLOTYRE,29-Apr-2021,272.5,PE,0,0,0,72.65,68.7,0,0,0,0,19-APR-2021,
OPTSTK,APOLLOTYRE,29-Apr-2021,275,PE,0,0,0,74.85,71.2,0,0,0,0,19-APR-2021,
OPTSTK,APOLLOTYRE,29-Apr-2021,277.5,PE,0,0,0,77.05,73.7,0,0,0,0,19-APR-2021,
OPTSTK,APOLLOTYRE,29-Apr-2021,280,PE,0,0,0,79.25,76.2,0,0,0,0,19-APR-2021,
OPTSTK,APOLLOTYRE,29-Apr-2021,282.5,PE,0,0,0,81.5,78.7,0,0,0,0,19-APR-2021,
OPTSTK,APOLLOTYRE,29-Apr-2021,285,PE,0,0,0,74.1,81.2,0,0,0,0,19-APR-2021,
OPTSTK,APOLLOTYRE,29-Apr-2021,287.5,PE,0,0,0,76.3,83.7,0,0,0,0,19-APR-2021,
OPTSTK,APOLLOTYRE,29-Apr-2021,290,PE,0,0,0,78.45,86.2,0,0,0,0,19-APR-2021,
OPTSTK,APOLLOTYRE,29-Apr-2021,292.5,PE,0,0,0,80.7,88.7,0,0,0,0,19-APR-2021,
OPTSTK,APOLLOTYRE,29-Apr-2021,295,PE,0,0,0,71.9,91.2,0,0,0,0,19-APR-2021,
OPTSTK,APOLLOTYRE,29-Apr-2021,297.5,PE,0,0,0,74,93.65,0,0,0,0,19-APR-2021,
OPTSTK,APOLLOTYRE,29-Apr-2021,300,PE,0,0,0,76.15,96.15,0,0,0,0,19-APR-2021,
OPTSTK,APOLLOTYRE,27-May-2021,155,CE,0,0,0,80.15,50.25,0,0,0,0,19-APR-2021,
OPTSTK,APOLLOTYRE,27-May-2021,160,CE,0,0,0,75.7,45.75,0,0,0,0,19-APR-2021,
OPTSTK,APOLLOTYRE,27-May-2021,162.5,CE,0,0,0,82.3,43.55,0,0,0,0,19-APR-2021,
OPTSTK,APOLLOTYRE,27-May-2021,165,CE,0,0,0,80.1,41.4,0,0,0,0,19-APR-2021,
OPTSTK,APOLLOTYRE,27-May-2021,167.5,CE,0,0,0,77.9,39.35,0,0,0,0,19-APR-2021,
OPTSTK,APOLLOTYRE,27-May-2021,170,CE,0,0,0,75.75,37.3,0,0,0,0,19-APR-2021,
OPTSTK,APOLLOTYRE,27-May-2021,172.5,CE,0,0,0,73.6,35.3,0,0,0,0,19-APR-2021,
OPTSTK,APOLLOTYRE,27-May-2021,175,CE,0,0,0,71.5,33.35,0,0,0,0,19-APR-2021,
OPTSTK,APOLLOTYRE,27-May-2021,177.5,CE,0,0,0,69.4,31.5,0,0,0,0,19-APR-2021,
OPTSTK,APOLLOTYRE,27-May-2021,180,CE,0,0,0,67.35,29.65,0,0,0,0,19-APR-2021,
OPTSTK,APOLLOTYRE,27-May-2021,182.5,CE,0,0,0,65.35,27.9,0,0,0,0,19-APR-2021,
OPTSTK,APOLLOTYRE,27-May-2021,185,CE,0,0,0,63.35,26.2,0,0,0,0,19-APR-2021,
OPTSTK,APOLLOTYRE,27-May-2021,187.5,CE,0,0,0,61.4,24.55,0,0,0,0,19-APR-2021,
OPTSTK,APOLLOTYRE,27-May-2021,190,CE,0,0,0,59.5,23,0,0,0,0,19-APR-2021,
OPTSTK,APOLLOTYRE,27-May-2021,192.5,CE,0,0,0,57.6,21.5,0,0,0,0,19-APR-2021,
OPTSTK,APOLLOTYRE,27-May-2021,195,CE,0,0,0,55.75,20.05,0,0,0,0,19-APR-2021,
OPTSTK,APOLLOTYRE,27-May-2021,197.5,CE,0,0,0,53.95,18.7,0,0,0,0,19-APR-2021,
OPTSTK,APOLLOTYRE,27-May-2021,200,CE,0,0,0,52.15,17.4,0,0,0,0,19-APR-2021,
OPTSTK,APOLLOTYRE,27-May-2021,202.5,CE,0,0,0,50.4,16.15,0,0,0,0,19-APR-2021,
OPTSTK,APOLLOTYRE,27-May-2021,205,CE,0,0,0,48.7,15,0,0,0,0,19-APR-2021,
OPTSTK,APOLLOTYRE,27-May-2021,207.5,CE,0,0,0,47.05,13.9,0,0,0,0,19-APR-2021,
OPTSTK,APOLLOTYRE,27-May-2021,210,CE,0,0,0,45.4,12.85,0,0,0,0,19-APR-2021,
OPTSTK,APOLLOTYRE,27-May-2021,212.5,CE,0,0,0,43.8,11.9,0,0,0,0,19-APR-2021,
OPTSTK,APOLLOTYRE,27-May-2021,215,CE,0,0,0,42.3,10.95,0,0,0,0,19-APR-2021,
OPTSTK,APOLLOTYRE,27-May-2021,217.5,CE,0,0,0,40.75,10.1,0,0,0,0,19-APR-2021,
OPTSTK,APOLLOTYRE,27-May-2021,220,CE,7,7.2,7,7.2,7.2,4,45.42,15000,10000,19-APR-2021,
OPTSTK,APOLLOTYRE,27-May-2021,222.5,CE,0,0,0,37.85,8.55,0,0,0,0,19-APR-2021,
OPTSTK,APOLLOTYRE,27-May-2021,225,CE,0,0,0,36.45,7.85,0,0,0,0,19-APR-2021,
OPTSTK,APOLLOTYRE,27-May-2021,227.5,CE,0,0,0,35.1,7.2,0,0,0,0,19-APR-2021,
OPTSTK,APOLLOTYRE,27-May-2021,230,CE,0,0,0,7.75,6.6,0,0,0,0,19-APR-2021,
OPTSTK,APOLLOTYRE,27-May-2021,232.5,CE,0,0,0,32.5,6,0,0,0,0,19-APR-2021,
OPTSTK,APOLLOTYRE,27-May-2021,235,CE,0,0,0,31.3,5.5,0,0,0,0,19-APR-2021,
OPTSTK,APOLLOTYRE,27-May-2021,237.5,CE,0,0,0,30.05,5,0,0,0,0,19-APR-2021,
OPTSTK,APOLLOTYRE,27-May-2021,240,CE,0,0,0,28.9,4.55,0,0,0,0,19-APR-2021,
OPTSTK,APOLLOTYRE,27-May-2021,242.5,CE,0,0,0,27.75,4.15,0,0,0,0,19-APR-2021,
OPTSTK,APOLLOTYRE,27-May-2021,245,CE,0,0,0,26.7,3.75,0,0,0,0,19-APR-2021,
OPTSTK,APOLLOTYRE,27-May-2021,247.5,CE,0,0,0,25.6,3.45,0,0,0,0,19-APR-2021,
OPTSTK,APOLLOTYRE,27-May-2021,250,CE,0,0,0,24.6,3.1,0,0,0,0,19-APR-2021,
OPTSTK,APOLLOTYRE,27-May-2021,252.5,CE,0,0,0,23.6,2.8,0,0,0,0,19-APR-2021,
OPTSTK,APOLLOTYRE,27-May-2021,255,CE,0,0,0,22.65,2.55,0,0,0,0,19-APR-2021,
OPTSTK,APOLLOTYRE,27-May-2021,257.5,CE,0,0,0,21.7,2.3,0,0,0,0,19-APR-2021,
OPTSTK,APOLLOTYRE,27-May-2021,260,CE,0,0,0,20.8,2.1,0,0,0,0,19-APR-2021,
OPTSTK,APOLLOTYRE,27-May-2021,262.5,CE,0,0,0,19.95,1.9,0,0,0,0,19-APR-2021,
OPTSTK,APOLLOTYRE,27-May-2021,265,CE,0,0,0,19.1,1.7,0,0,0,0,19-APR-2021,
OPTSTK,APOLLOTYRE,27-May-2021,267.5,CE,0,0,0,18.3,1.55,0,0,0,0,19-APR-2021,
OPTSTK,APOLLOTYRE,27-May-2021,270,CE,0,0,0,17.55,1.4,0,0,0,0,19-APR-2021,
OPTSTK,APOLLOTYRE,27-May-2021,272.5,CE,0,0,0,16.8,1.25,0,0,0,0,19-APR-2021,
OPTSTK,APOLLOTYRE,27-May-2021,275,CE,0,0,0,16.05,1.1,0,0,0,0,19-APR-2021,
OPTSTK,APOLLOTYRE,27-May-2021,277.5,CE,0,0,0,15.4,1,0,0,0,0,19-APR-2021,
OPTSTK,APOLLOTYRE,27-May-2021,280,CE,0,0,0,14.7,0.9,0,0,0,0,19-APR-2021,
OPTSTK,APOLLOTYRE,27-May-2021,282.5,CE,0,0,0,14.1,0.8,0,0,0,0,19-APR-2021,
OPTSTK,APOLLOTYRE,27-May-2021,285,CE,0,0,0,13.45,0.75,0,0,0,0,19-APR-2021,
OPTSTK,APOLLOTYRE,27-May-2021,287.5,CE,0,0,0,12.9,0.65,0,0,0,0,19-APR-2021,
OPTSTK,APOLLOTYRE,27-May-2021,290,CE,0,0,0,12.3,0.6,0,0,0,0,19-APR-2021,
OPTSTK,APOLLOTYRE,27-May-2021,292.5,CE,0,0,0,11.75,0.5,0,0,0,0,19-APR-2021,
OPTSTK,APOLLOTYRE,27-May-2021,295,CE,0,0,0,11.25,0.45,0,0,0,0,19-APR-2021,
OPTSTK,APOLLOTYRE,27-May-2021,297.5,CE,0,0,0,10.75,0.4,0,0,0,0,19-APR-2021,
OPTSTK,APOLLOTYRE,27-May-2021,300,CE,0,0,0,3.15,0.4,0,0,5000,0,19-APR-2021,
OPTSTK,APOLLOTYRE,27-May-2021,155,PE,0,0,0,1.65,1.1,0,0,0,0,19-APR-2021,
OPTSTK,APOLLOTYRE,27-May-2021,160,PE,0,0,0,2.15,1.55,0,0,0,0,19-APR-2021,
OPTSTK,APOLLOTYRE,27-May-2021,162.5,PE,0,0,0,1.95,1.9,0,0,0,0,19-APR-2021,
OPTSTK,APOLLOTYRE,27-May-2021,165,PE,0,0,0,2.2,2.25,0,0,0,0,19-APR-2021,
OPTSTK,APOLLOTYRE,27-May-2021,167.5,PE,0,0,0,2.5,2.6,0,0,0,0,19-APR-2021,
OPTSTK,APOLLOTYRE,27-May-2021,170,PE,0,0,0,2.8,3.05,0,0,0,0,19-APR-2021,
OPTSTK,APOLLOTYRE,27-May-2021,172.5,PE,0,0,0,3.15,3.55,0,0,0,0,19-APR-2021,
OPTSTK,APOLLOTYRE,27-May-2021,175,PE,0,0,0,3.5,4.1,0,0,0,0,19-APR-2021,
OPTSTK,APOLLOTYRE,27-May-2021,177.5,PE,0,0,0,3.9,4.75,0,0,0,0,19-APR-2021,
OPTSTK,APOLLOTYRE,27-May-2021,180,PE,0,0,0,4.35,5.4,0,0,0,0,19-APR-2021,
OPTSTK,APOLLOTYRE,27-May-2021,182.5,PE,0,0,0,4.8,6.15,0,0,0,0,19-APR-2021,
OPTSTK,APOLLOTYRE,27-May-2021,185,PE,0,0,0,5.3,6.9,0,0,0,0,19-APR-2021,
OPTSTK,APOLLOTYRE,27-May-2021,187.5,PE,0,0,0,5.8,7.8,0,0,0,0,19-APR-2021,
OPTSTK,APOLLOTYRE,27-May-2021,190,PE,0,0,0,6.35,8.7,0,0,0,0,19-APR-2021,
OPTSTK,APOLLOTYRE,27-May-2021,192.5,PE,0,0,0,6.95,9.7,0,0,0,0,19-APR-2021,
OPTSTK,APOLLOTYRE,27-May-2021,195,PE,0,0,0,7.6,10.75,0,0,0,0,19-APR-2021,
OPTSTK,APOLLOTYRE,27-May-2021,197.5,PE,0,0,0,8.25,11.9,0,0,0,0,19-APR-2021,
OPTSTK,APOLLOTYRE,27-May-2021,200,PE,10,11.5,10,10.5,10.5,9,94.96,80000,30000,19-APR-2021,
OPTSTK,APOLLOTYRE,27-May-2021,202.5,PE,0,0,0,9.7,14.35,0,0,0,0,19-APR-2021,
OPTSTK,APOLLOTYRE,27-May-2021,205,PE,0,0,0,10.45,15.65,0,0,0,0,19-APR-2021,
OPTSTK,APOLLOTYRE,27-May-2021,207.5,PE,0,0,0,11.25,17.05,0,0,0,0,19-APR-2021,
OPTSTK,APOLLOTYRE,27-May-2021,210,PE,0,0,0,12.1,18.5,0,0,0,0,19-APR-2021,
OPTSTK,APOLLOTYRE,27-May-2021,212.5,PE,0,0,0,13,20,0,0,0,0,19-APR-2021,
OPTSTK,APOLLOTYRE,27-May-2021,215,PE,0,0,0,13.95,21.55,0,0,0,0,19-APR-2021,
OPTSTK,APOLLOTYRE,27-May-2021,217.5,PE,0,0,0,14.9,23.2,0,0,0,0,19-APR-2021,
OPTSTK,APOLLOTYRE,27-May-2021,220,PE,0,0,0,15.9,24.9,0,0,0,0,19-APR-2021,
OPTSTK,APOLLOTYRE,27-May-2021,222.5,PE,0,0,0,16.95,26.6,0,0,0,0,19-APR-2021,
OPTSTK,APOLLOTYRE,27-May-2021,225,PE,0,0,0,18.05,28.4,0,0,0,0,19-APR-2021,
OPTSTK,APOLLOTYRE,27-May-2021,227.5,PE,0,0,0,19.15,30.25,0,0,0,0,19-APR-2021,
OPTSTK,APOLLOTYRE,27-May-2021,230,PE,0,0,0,20.3,32.15,0,0,0,0,19-APR-2021,
OPTSTK,APOLLOTYRE,27-May-2021,232.5,PE,0,0,0,21.5,34.05,0,0,0,0,19-APR-2021,
OPTSTK,APOLLOTYRE,27-May-2021,235,PE,0,0,0,22.75,36.05,0,0,0,0,19-APR-2021,
OPTSTK,APOLLOTYRE,27-May-2021,237.5,PE,0,0,0,24,38.05,0,0,0,0,19-APR-2021,
OPTSTK,APOLLOTYRE,27-May-2021,240,PE,0,0,0,25.3,40.1,0,0,0,0,19-APR-2021,
OPTSTK,APOLLOTYRE,27-May-2021,242.5,PE,0,0,0,26.65,42.15,0,0,0,0,19-APR-2021,
OPTSTK,APOLLOTYRE,27-May-2021,245,PE,0,0,0,28.05,44.25,0,0,0,0,19-APR-2021,
OPTSTK,APOLLOTYRE,27-May-2021,247.5,PE,0,0,0,29.45,46.4,0,0,0,0,19-APR-2021,
OPTSTK,APOLLOTYRE,27-May-2021,250,PE,0,0,0,30.9,48.6,0,0,0,0,19-APR-2021,
OPTSTK,APOLLOTYRE,27-May-2021,252.5,PE,0,0,0,32.4,50.8,0,0,0,0,19-APR-2021,
OPTSTK,APOLLOTYRE,27-May-2021,255,PE,0,0,0,33.9,53,0,0,0,0,19-APR-2021,
OPTSTK,APOLLOTYRE,27-May-2021,257.5,PE,0,0,0,35.45,55.25,0,0,0,0,19-APR-2021,
OPTSTK,APOLLOTYRE,27-May-2021,260,PE,0,0,0,37.05,57.5,0,0,0,0,19-APR-2021,
OPTSTK,APOLLOTYRE,27-May-2021,262.5,PE,0,0,0,38.65,59.8,0,0,0,0,19-APR-2021,
OPTSTK,APOLLOTYRE,27-May-2021,265,PE,0,0,0,40.3,62.1,0,0,0,0,19-APR-2021,
OPTSTK,APOLLOTYRE,27-May-2021,267.5,PE,0,0,0,41.95,64.45,0,0,0,0,19-APR-2021,
OPTSTK,APOLLOTYRE,27-May-2021,270,PE,0,0,0,43.65,66.8,0,0,0,0,19-APR-2021,
OPTSTK,APOLLOTYRE,27-May-2021,272.5,PE,0,0,0,45.4,69.15,0,0,0,0,19-APR-2021,
OPTSTK,APOLLOTYRE,27-May-2021,275,PE,0,0,0,47.15,71.5,0,0,0,0,19-APR-2021,
OPTSTK,APOLLOTYRE,27-May-2021,277.5,PE,0,0,0,48.95,73.85,0,0,0,0,19-APR-2021,
OPTSTK,APOLLOTYRE,27-May-2021,280,PE,0,0,0,50.75,76.25,0,0,0,0,19-APR-2021,
OPTSTK,APOLLOTYRE,27-May-2021,282.5,PE,0,0,0,52.6,78.65,0,0,0,0,19-APR-2021,
OPTSTK,APOLLOTYRE,27-May-2021,285,PE,0,0,0,54.45,81.05,0,0,0,0,19-APR-2021,
OPTSTK,APOLLOTYRE,27-May-2021,287.5,PE,0,0,0,56.35,83.5,0,0,0,0,19-APR-2021,
OPTSTK,APOLLOTYRE,27-May-2021,290,PE,0,0,0,58.25,85.9,0,0,0,0,19-APR-2021,
OPTSTK,APOLLOTYRE,27-May-2021,292.5,PE,0,0,0,60.2,88.35,0,0,0,0,19-APR-2021,
OPTSTK,APOLLOTYRE,27-May-2021,295,PE,0,0,0,62.15,90.75,0,0,0,0,19-APR-2021,
OPTSTK,APOLLOTYRE,27-May-2021,297.5,PE,0,0,0,64.1,93.2,0,0,0,0,19-APR-2021,
OPTSTK,APOLLOTYRE,27-May-2021,300,PE,0,0,0,66.1,95.65,0,0,0,0,19-APR-2021,
OPTSTK,APOLLOTYRE,24-Jun-2021,155,CE,0,0,0,68.15,52.5,0,0,0,0,19-APR-2021,
OPTSTK,APOLLOTYRE,24-Jun-2021,160,CE,0,0,0,63.95,48.4,0,0,0,0,19-APR-2021,
OPTSTK,APOLLOTYRE,24-Jun-2021,165,CE,0,0,0,59.85,44.45,0,0,0,0,19-APR-2021,
OPTSTK,APOLLOTYRE,24-Jun-2021,170,CE,0,0,0,55.9,40.7,0,0,0,0,19-APR-2021,
OPTSTK,APOLLOTYRE,24-Jun-2021,175,CE,0,0,0,52.1,37.15,0,0,0,0,19-APR-2021,
OPTSTK,APOLLOTYRE,24-Jun-2021,180,CE,0,0,0,48.5,33.8,0,0,0,0,19-APR-2021,
OPTSTK,APOLLOTYRE,24-Jun-2021,185,CE,0,0,0,45,30.65,0,0,0,0,19-APR-2021,
OPTSTK,APOLLOTYRE,24-Jun-2021,190,CE,0,0,0,41.7,27.7,0,0,0,0,19-APR-2021,
OPTSTK,APOLLOTYRE,24-Jun-2021,195,CE,0,0,0,38.55,24.95,0,0,0,0,19-APR-2021,
OPTSTK,APOLLOTYRE,24-Jun-2021,200,CE,0,0,0,35.55,22.45,0,0,0,0,19-APR-2021,
OPTSTK,APOLLOTYRE,24-Jun-2021,205,CE,0,0,0,32.75,20.1,0,0,0,0,19-APR-2021,
OPTSTK,APOLLOTYRE,24-Jun-2021,210,CE,0,0,0,30.15,17.95,0,0,0,0,19-APR-2021,
OPTSTK,APOLLOTYRE,24-Jun-2021,215,CE,0,0,0,27.65,16,0,0,0,0,19-APR-2021,
OPTSTK,APOLLOTYRE,24-Jun-2021,220,CE,0,0,0,25.35,14.25,0,0,0,0,19-APR-2021,
OPTSTK,APOLLOTYRE,24-Jun-2021,225,CE,0,0,0,23.2,12.6,0,0,0,0,19-APR-2021,
OPTSTK,APOLLOTYRE,24-Jun-2021,230,CE,0,0,0,21.2,11.15,0,0,0,0,19-APR-2021,
OPTSTK,APOLLOTYRE,24-Jun-2021,235,CE,0,0,0,19.35,9.85,0,0,0,0,19-APR-2021,
OPTSTK,APOLLOTYRE,24-Jun-2021,240,CE,0,0,0,17.6,8.7,0,0,0,0,19-APR-2021,
OPTSTK,APOLLOTYRE,24-Jun-2021,245,CE,0,0,0,16.05,7.65,0,0,0,0,19-APR-2021,
OPTSTK,APOLLOTYRE,24-Jun-2021,250,CE,0,0,0,14.55,6.7,0,0,0,0,19-APR-2021,
OPTSTK,APOLLOTYRE,24-Jun-2021,255,CE,0,0,0,13.2,5.9,0,0,0,0,19-APR-2021,
OPTSTK,APOLLOTYRE,24-Jun-2021,260,CE,0,0,0,12,5.15,0,0,0,0,19-APR-2021,
OPTSTK,APOLLOTYRE,24-Jun-2021,265,CE,0,0,0,10.85,4.5,0,0,0,0,19-APR-2021,
OPTSTK,APOLLOTYRE,24-Jun-2021,270,CE,0,0,0,9.85,3.9,0,0,0,0,19-APR-2021,
OPTSTK,APOLLOTYRE,24-Jun-2021,275,CE,0,0,0,8.9,3.4,0,0,0,0,19-APR-2021,
OPTSTK,APOLLOTYRE,24-Jun-2021,280,CE,0,0,0,8.05,2.95,0,0,0,0,19-APR-2021,
OPTSTK,APOLLOTYRE,24-Jun-2021,285,CE,0,0,0,7.25,2.55,0,0,0,0,19-APR-2021,
OPTSTK,APOLLOTYRE,24-Jun-2021,290,CE,0,0,0,6.55,2.25,0,0,0,0,19-APR-2021,
OPTSTK,APOLLOTYRE,24-Jun-2021,295,CE,0,0,0,5.9,1.95,0,0,0,0,19-APR-2021,
OPTSTK,APOLLOTYRE,24-Jun-2021,300,CE,0,0,0,5.3,1.65,0,0,0,0,19-APR-2021,
OPTSTK,APOLLOTYRE,24-Jun-2021,155,PE,0,0,0,2.7,2.9,0,0,0,0,19-APR-2021,
OPTSTK,APOLLOTYRE,24-Jun-2021,160,PE,0,0,0,3.4,3.75,0,0,0,0,19-APR-2021,
OPTSTK,APOLLOTYRE,24-Jun-2021,165,PE,0,0,0,4.3,4.8,0,0,0,0,19-APR-2021,
OPTSTK,APOLLOTYRE,24-Jun-2021,170,PE,0,0,0,5.3,6,0,0,0,0,19-APR-2021,
OPTSTK,APOLLOTYRE,24-Jun-2021,175,PE,0,0,0,6.45,7.45,0,0,0,0,19-APR-2021,
OPTSTK,APOLLOTYRE,24-Jun-2021,180,PE,0,0,0,7.75,9.05,0,0,0,0,19-APR-2021,
OPTSTK,APOLLOTYRE,24-Jun-2021,185,PE,0,0,0,9.25,10.85,0,0,0,0,19-APR-2021,
OPTSTK,APOLLOTYRE,24-Jun-2021,190,PE,0,0,0,10.85,12.9,0,0,0,0,19-APR-2021,
OPTSTK,APOLLOTYRE,24-Jun-2021,195,PE,0,0,0,12.65,15.1,0,0,0,0,19-APR-2021,
OPTSTK,APOLLOTYRE,24-Jun-2021,200,PE,0,0,0,14.65,17.55,0,0,0,0,19-APR-2021,
OPTSTK,APOLLOTYRE,24-Jun-2021,205,PE,0,0,0,16.8,20.15,0,0,0,0,19-APR-2021,
OPTSTK,APOLLOTYRE,24-Jun-2021,210,PE,0,0,0,19.15,23,0,0,0,0,19-APR-2021,
OPTSTK,APOLLOTYRE,24-Jun-2021,215,PE,0,0,0,21.6,26,0,0,0,0,19-APR-2021,
OPTSTK,APOLLOTYRE,24-Jun-2021,220,PE,0,0,0,24.25,29.2,0,0,0,0,19-APR-2021,
OPTSTK,APOLLOTYRE,24-Jun-2021,225,PE,0,0,0,27.05,32.55,0,0,0,0,19-APR-2021,
OPTSTK,APOLLOTYRE,24-Jun-2021,230,PE,0,0,0,30,36.05,0,0,0,0,19-APR-2021,
OPTSTK,APOLLOTYRE,24-Jun-2021,235,PE,0,0,0,33.1,39.75,0,0,0,0,19-APR-2021,
OPTSTK,APOLLOTYRE,24-Jun-2021,240,PE,0,0,0,36.35,43.55,0,0,0,0,19-APR-2021,
OPTSTK,APOLLOTYRE,24-Jun-2021,245,PE,0,0,0,39.7,47.45,0,0,0,0,19-APR-2021,
OPTSTK,APOLLOTYRE,24-Jun-2021,250,PE,0,0,0,43.2,51.45,0,0,0,0,19-APR-2021,
OPTSTK,APOLLOTYRE,24-Jun-2021,255,PE,0,0,0,46.8,55.6,0,0,0,0,19-APR-2021,
OPTSTK,APOLLOTYRE,24-Jun-2021,260,PE,0,0,0,50.55,59.85,0,0,0,0,19-APR-2021,
OPTSTK,APOLLOTYRE,24-Jun-2021,265,PE,0,0,0,54.35,64.15,0,0,0,0,19-APR-2021,
OPTSTK,APOLLOTYRE,24-Jun-2021,270,PE,0,0,0,58.3,68.55,0,0,0,0,19-APR-2021,
OPTSTK,APOLLOTYRE,24-Jun-2021,275,PE,0,0,0,62.3,73,0,0,0,0,19-APR-2021,
OPTSTK,APOLLOTYRE,24-Jun-2021,280,PE,0,0,0,66.35,77.5,0,0,0,0,19-APR-2021,
OPTSTK,APOLLOTYRE,24-Jun-2021,285,PE,0,0,0,70.55,82.1,0,0,0,0,19-APR-2021,
OPTSTK,APOLLOTYRE,24-Jun-2021,290,PE,0,0,0,74.8,86.7,0,0,0,0,19-APR-2021,
OPTSTK,APOLLOTYRE,24-Jun-2021,295,PE,0,0,0,79.1,91.4,0,0,0,0,19-APR-2021,
OPTSTK,APOLLOTYRE,24-Jun-2021,300,PE,0,0,0,83.45,96.1,0,0,0,0,19-APR-2021,
OPTSTK,ASHOKLEY,29-Apr-2021,72.5,CE,0,0,0,42.5,37.5,0,0,9000,0,19-APR-2021,
OPTSTK,ASHOKLEY,29-Apr-2021,75,CE,0,0,0,40,35,0,0,0,0,19-APR-2021,
OPTSTK,ASHOKLEY,29-Apr-2021,77.5,CE,0,0,0,37.85,32.5,0,0,0,0,19-APR-2021,
OPTSTK,ASHOKLEY,29-Apr-2021,80,CE,0,0,0,33,30,0,0,9000,0,19-APR-2021,
OPTSTK,ASHOKLEY,29-Apr-2021,82.5,CE,0,0,0,33.85,27.5,0,0,0,0,19-APR-2021,
OPTSTK,ASHOKLEY,29-Apr-2021,85,CE,0,0,0,31.9,25.05,0,0,0,0,19-APR-2021,
OPTSTK,ASHOKLEY,29-Apr-2021,87.5,CE,0,0,0,30.05,22.55,0,0,0,0,19-APR-2021,
OPTSTK,ASHOKLEY,29-Apr-2021,90,CE,0,0,0,28.3,20.15,0,0,0,0,19-APR-2021,
OPTSTK,ASHOKLEY,29-Apr-2021,92.5,CE,0,0,0,26.55,17.75,0,0,0,0,19-APR-2021,
OPTSTK,ASHOKLEY,29-Apr-2021,95,CE,0,0,0,15.4,15.45,0,0,18000,0,19-APR-2021,
OPTSTK,ASHOKLEY,29-Apr-2021,97.5,CE,0,0,0,23.35,13.25,0,0,0,0,19-APR-2021,
OPTSTK,ASHOKLEY,29-Apr-2021,100,CE,8.75,10.45,8.2,10.45,11.2,11,108.58,207000,18000,19-APR-2021,
OPTSTK,ASHOKLEY,29-Apr-2021,102.5,CE,8.3,8.3,8.3,8.3,9.3,1,9.97,36000,9000,19-APR-2021,
OPTSTK,ASHOKLEY,29-Apr-2021,105,CE,7,7.4,4.85,7.05,7.05,77,767.4,270000,180000,19-APR-2021,
OPTSTK,ASHOKLEY,29-Apr-2021,107.5,CE,8.6,8.6,3.65,5.35,5.35,218,2199.84,234000,207000,19-APR-2021,
OPTSTK,ASHOKLEY,29-Apr-2021,110,CE,3.8,4.2,2.65,3.9,3.9,915,9337.73,1899000,999000,19-APR-2021,
OPTSTK,ASHOKLEY,29-Apr-2021,112.5,CE,2.75,3,1.9,2.8,2.8,337,3485.87,693000,9000,19-APR-2021,
OPTSTK,ASHOKLEY,29-Apr-2021,115,CE,2.5,2.5,1.4,1.95,1.95,996,10462.14,3546000,540000,19-APR-2021,
OPTSTK,ASHOKLEY,29-Apr-2021,117.5,CE,1.15,1.45,1.05,1.35,1.35,206,2201.16,846000,108000,19-APR-2021,
OPTSTK,ASHOKLEY,29-Apr-2021,120,CE,1.2,1.2,0.75,0.95,0.95,1311,14265.72,4320000,-684000,19-APR-2021,
OPTSTK,ASHOKLEY,29-Apr-2021,122.5,CE,0.75,0.75,0.6,0.7,0.7,103,1141.74,1215000,-162000,19-APR-2021,
OPTSTK,ASHOKLEY,29-Apr-2021,125,CE,0.6,0.6,0.4,0.5,0.5,665,7510.98,4446000,-279000,19-APR-2021,
OPTSTK,ASHOKLEY,29-Apr-2021,127.5,CE,0.75,0.75,0.3,0.4,0.4,41,471.82,702000,-117000,19-APR-2021,
OPTSTK,ASHOKLEY,29-Apr-2021,130,CE,0.45,0.45,0.25,0.35,0.35,255,2990.48,4527000,-63000,19-APR-2021,
OPTSTK,ASHOKLEY,29-Apr-2021,132.5,CE,0.45,0.45,0.2,0.25,0.25,11,131.41,306000,-63000,19-APR-2021,
OPTSTK,ASHOKLEY,29-Apr-2021,135,CE,0.25,0.25,0.1,0.15,0.15,110,1338.12,2034000,-216000,19-APR-2021,
OPTSTK,ASHOKLEY,29-Apr-2021,137.5,CE,0.2,0.25,0.2,0.25,0.1,2,24.79,153000,-9000,19-APR-2021,
OPTSTK,ASHOKLEY,29-Apr-2021,140,CE,0.2,0.2,0.1,0.2,0.2,123,1551.5,3231000,-90000,19-APR-2021,
OPTSTK,ASHOKLEY,29-Apr-2021,142.5,CE,0,0,0,6.2,0.05,0,0,0,0,19-APR-2021,
OPTSTK,ASHOKLEY,29-Apr-2021,145,CE,0.15,0.15,0.1,0.15,0.05,37,483.26,1332000,63000,19-APR-2021,
OPTSTK,ASHOKLEY,29-Apr-2021,147.5,CE,0,0,0,0.65,0.05,0,0,9000,0,19-APR-2021,
OPTSTK,ASHOKLEY,29-Apr-2021,150,CE,0.1,0.1,0.05,0.1,0.1,51,688.94,1908000,-189000,19-APR-2021,
OPTSTK,ASHOKLEY,29-Apr-2021,152.5,CE,0,0,0,4.5,0,0,0,0,0,19-APR-2021,
OPTSTK,ASHOKLEY,29-Apr-2021,155,CE,0.05,0.05,0.05,0.05,0,31,432.58,459000,-72000,19-APR-2021,
OPTSTK,ASHOKLEY,29-Apr-2021,72.5,PE,0.05,0.05,0.05,0.05,0,1,6.52,144000,0,19-APR-2021,
OPTSTK,ASHOKLEY,29-Apr-2021,75,PE,0,0,0,0.1,0,0,0,54000,0,19-APR-2021,
OPTSTK,ASHOKLEY,29-Apr-2021,77.5,PE,0,0,0,0.15,0,0,0,36000,0,19-APR-2021,
OPTSTK,ASHOKLEY,29-Apr-2021,80,PE,0.15,0.15,0.1,0.15,0,4,28.84,405000,18000,19-APR-2021,
OPTSTK,ASHOKLEY,29-Apr-2021,82.5,PE,0,0,0,0.2,0.05,0,0,27000,0,19-APR-2021,
OPTSTK,ASHOKLEY,29-Apr-2021,85,PE,0.4,0.4,0.35,0.35,0.05,3,23.04,99000,27000,19-APR-2021,
OPTSTK,ASHOKLEY,29-Apr-2021,87.5,PE,0,0,0,4,0.1,0,0,0,0,19-APR-2021,
OPTSTK,ASHOKLEY,29-Apr-2021,90,PE,0.4,0.5,0.35,0.4,0.4,162,1318.23,1539000,-36000,19-APR-2021,
OPTSTK,ASHOKLEY,29-Apr-2021,92.5,PE,0.55,0.55,0.5,0.5,0.25,2,16.74,108000,-9000,19-APR-2021,
OPTSTK,ASHOKLEY,29-Apr-2021,95,PE,0.45,0.9,0.45,0.7,0.7,279,2403.66,2007000,153000,19-APR-2021,
OPTSTK,ASHOKLEY,29-Apr-2021,97.5,PE,1.05,1.25,0.8,0.9,0.9,54,478.75,351000,63000,19-APR-2021,
OPTSTK,ASHOKLEY,29-Apr-2021,100,PE,1.2,1.85,1.15,1.25,1.25,1558,14220.57,6237000,-1116000,19-APR-2021,
OPTSTK,ASHOKLEY,29-Apr-2021,102.5,PE,1.95,2.6,1.55,1.65,1.65,220,2068.13,1008000,144000,19-APR-2021,
OPTSTK,ASHOKLEY,29-Apr-2021,105,PE,2.5,3.55,2.1,2.25,2.25,768,7440.12,2412000,414000,19-APR-2021,
OPTSTK,ASHOKLEY,29-Apr-2021,107.5,PE,3.5,4.85,2.8,3,3,282,2820.04,909000,126000,19-APR-2021,
OPTSTK,ASHOKLEY,29-Apr-2021,110,PE,4.35,6.3,3.75,4.05,4.05,653,6747.25,3114000,-387000,19-APR-2021,
OPTSTK,ASHOKLEY,29-Apr-2021,112.5,PE,6,7.7,5,5.4,5.4,105,1121.5,837000,-99000,19-APR-2021,
OPTSTK,ASHOKLEY,29-Apr-2021,115,PE,7.65,10.15,6.75,7,7,106,1174.2,1665000,-99000,19-APR-2021,
OPTSTK,ASHOKLEY,29-Apr-2021,117.5,PE,9.4,9.4,8.65,9,9.55,8,91.04,252000,54000,19-APR-2021,
OPTSTK,ASHOKLEY,29-Apr-2021,120,PE,12.9,14,11.1,11.15,11.5,35,417.87,1359000,-126000,19-APR-2021,
OPTSTK,ASHOKLEY,29-Apr-2021,122.5,PE,16,16,15.25,15.25,13.55,2,24.86,378000,-9000,19-APR-2021,
OPTSTK,ASHOKLEY,29-Apr-2021,125,PE,17.05,18.4,17,18.4,15.75,5,64.08,513000,-9000,19-APR-2021,
OPTSTK,ASHOKLEY,29-Apr-2021,127.5,PE,18.7,18.7,18.7,18.7,18,1,13.15,27000,9000,19-APR-2021,
OPTSTK,ASHOKLEY,29-Apr-2021,130,PE,21.15,23.55,20.4,20.4,20.35,7,95.39,324000,-45000,19-APR-2021,
OPTSTK,ASHOKLEY,29-Apr-2021,132.5,PE,0,0,0,27,22.7,0,0,0,0,19-APR-2021,
OPTSTK,ASHOKLEY,29-Apr-2021,135,PE,0,0,0,28.85,25.15,0,0,0,0,19-APR-2021,
OPTSTK,ASHOKLEY,29-Apr-2021,137.5,PE,0,0,0,30.75,27.6,0,0,0,0,19-APR-2021,
OPTSTK,ASHOKLEY,29-Apr-2021,140,PE,0,0,0,16.3,30.05,0,0,54000,0,19-APR-2021,
OPTSTK,ASHOKLEY,29-Apr-2021,142.5,PE,0,0,0,34.65,32.5,0,0,0,0,19-APR-2021,
OPTSTK,ASHOKLEY,29-Apr-2021,145,PE,0,0,0,36.65,35,0,0,0,0,19-APR-2021,
OPTSTK,ASHOKLEY,29-Apr-2021,147.5,PE,0,0,0,38.7,37.5,0,0,0,0,19-APR-2021,
OPTSTK,ASHOKLEY,29-Apr-2021,150,PE,0,0,0,36.95,40,0,0,9000,0,19-APR-2021,
OPTSTK,ASHOKLEY,29-Apr-2021,152.5,PE,0,0,0,42.85,42.45,0,0,0,0,19-APR-2021,
OPTSTK,ASHOKLEY,29-Apr-2021,155,PE,0,0,0,37.8,44.95,0,0,0,0,19-APR-2021,
OPTSTK,ASHOKLEY,27-May-2021,85,CE,0,0,0,43.4,26.3,0,0,0,0,19-APR-2021,
OPTSTK,ASHOKLEY,27-May-2021,87.5,CE,0,0,0,41.25,24.15,0,0,0,0,19-APR-2021,
OPTSTK,ASHOKLEY,27-May-2021,90,CE,0,0,0,44.2,22.1,0,0,0,0,19-APR-2021,
OPTSTK,ASHOKLEY,27-May-2021,92.5,CE,0,0,0,42.15,20.15,0,0,0,0,19-APR-2021,
OPTSTK,ASHOKLEY,27-May-2021,95,CE,0,0,0,40.15,18.3,0,0,0,0,19-APR-2021,
OPTSTK,ASHOKLEY,27-May-2021,97.5,CE,0,0,0,38.2,16.55,0,0,0,0,19-APR-2021,
OPTSTK,ASHOKLEY,27-May-2021,100,CE,0,0,0,36.3,14.85,0,0,0,0,19-APR-2021,
OPTSTK,ASHOKLEY,27-May-2021,102.5,CE,0,0,0,34.5,13.35,0,0,0,0,19-APR-2021,
OPTSTK,ASHOKLEY,27-May-2021,105,CE,0,0,0,32.75,11.9,0,0,0,0,19-APR-2021,
OPTSTK,ASHOKLEY,27-May-2021,107.5,CE,0,0,0,31,10.6,0,0,0,0,19-APR-2021,
OPTSTK,ASHOKLEY,27-May-2021,110,CE,0,0,0,29.4,9.35,0,0,0,0,19-APR-2021,
OPTSTK,ASHOKLEY,27-May-2021,112.5,CE,0,0,0,27.8,8.25,0,0,0,0,19-APR-2021,
OPTSTK,ASHOKLEY,27-May-2021,115,CE,0,0,0,9.4,7.25,0,0,54000,0,19-APR-2021,
OPTSTK,ASHOKLEY,27-May-2021,117.5,CE,0,0,0,7.8,6.35,0,0,9000,0,19-APR-2021,
OPTSTK,ASHOKLEY,27-May-2021,120,CE,2.95,4,2.95,4,4,2,22.22,27000,9000,19-APR-2021,
OPTSTK,ASHOKLEY,27-May-2021,122.5,CE,0,0,0,22.1,4.85,0,0,0,0,19-APR-2021,
OPTSTK,ASHOKLEY,27-May-2021,125,CE,0,0,0,20.8,4.2,0,0,0,0,19-APR-2021,
OPTSTK,ASHOKLEY,27-May-2021,127.5,CE,0,0,0,19.6,3.65,0,0,0,0,19-APR-2021,
OPTSTK,ASHOKLEY,27-May-2021,130,CE,1.8,2,1.75,2,2,6,71.2,99000,45000,19-APR-2021,
OPTSTK,ASHOKLEY,27-May-2021,132.5,CE,0,0,0,17.35,2.7,0,0,0,0,19-APR-2021,
OPTSTK,ASHOKLEY,27-May-2021,135,CE,1.1,1.1,1.1,1.1,1.1,1,12.24,72000,9000,19-APR-2021,
OPTSTK,ASHOKLEY,27-May-2021,137.5,CE,0,0,0,15.3,2,0,0,0,0,19-APR-2021,
OPTSTK,ASHOKLEY,27-May-2021,140,CE,0.85,1,0.65,0.7,0.7,8,101.39,117000,45000,19-APR-2021,
OPTSTK,ASHOKLEY,27-May-2021,142.5,CE,0,0,0,13.5,1.45,0,0,0,0,19-APR-2021,
OPTSTK,ASHOKLEY,27-May-2021,145,CE,0,0,0,12.65,1.25,0,0,0,0,19-APR-2021,
OPTSTK,ASHOKLEY,27-May-2021,147.5,CE,0,0,0,11.85,1.05,0,0,0,0,19-APR-2021,
OPTSTK,ASHOKLEY,27-May-2021,150,CE,0,0,0,11.1,0.9,0,0,0,0,19-APR-2021,
OPTSTK,ASHOKLEY,27-May-2021,152.5,CE,0,0,0,10.4,0.75,0,0,0,0,19-APR-2021,
OPTSTK,ASHOKLEY,27-May-2021,155,CE,0,0,0,9.7,0.65,0,0,0,0,19-APR-2021,
OPTSTK,ASHOKLEY,27-May-2021,85,PE,0,0,0,1.5,1.05,0,0,0,0,19-APR-2021,
OPTSTK,ASHOKLEY,27-May-2021,87.5,PE,0,0,0,1.85,1.4,0,0,0,0,19-APR-2021,
OPTSTK,ASHOKLEY,27-May-2021,90,PE,0,0,0,1.5,1.85,0,0,9000,0,19-APR-2021,
OPTSTK,ASHOKLEY,27-May-2021,92.5,PE,0,0,0,2.65,2.4,0,0,0,0,19-APR-2021,
OPTSTK,ASHOKLEY,27-May-2021,95,PE,0,0,0,3.1,3,0,0,0,0,19-APR-2021,
OPTSTK,ASHOKLEY,27-May-2021,97.5,PE,0,0,0,3.65,3.75,0,0,0,0,19-APR-2021,
OPTSTK,ASHOKLEY,27-May-2021,100,PE,3.15,4.1,3.15,3.3,3.3,44,410.18,882000,90000,19-APR-2021,
OPTSTK,ASHOKLEY,27-May-2021,102.5,PE,0,0,0,4.9,5.55,0,0,0,0,19-APR-2021,
OPTSTK,ASHOKLEY,27-May-2021,105,PE,4.8,4.8,4.5,4.5,4.5,2,19.73,18000,18000,19-APR-2021,
OPTSTK,ASHOKLEY,27-May-2021,107.5,PE,0,0,0,6.35,7.75,0,0,0,0,19-APR-2021,
OPTSTK,ASHOKLEY,27-May-2021,110,PE,7.75,8.5,7.05,7.05,7.05,6,63.59,180000,45000,19-APR-2021,
OPTSTK,ASHOKLEY,27-May-2021,112.5,PE,0,0,0,8.1,10.45,0,0,0,0,19-APR-2021,
OPTSTK,ASHOKLEY,27-May-2021,115,PE,0,0,0,7,11.95,0,0,9000,0,19-APR-2021,
OPTSTK,ASHOKLEY,27-May-2021,117.5,PE,0,0,0,10.05,13.5,0,0,0,0,19-APR-2021,
OPTSTK,ASHOKLEY,27-May-2021,120,PE,0,0,0,11.15,15.2,0,0,0,0,19-APR-2021,
OPTSTK,ASHOKLEY,27-May-2021,122.5,PE,0,0,0,12.3,16.95,0,0,0,0,19-APR-2021,
OPTSTK,ASHOKLEY,27-May-2021,125,PE,0,0,0,13.5,18.8,0,0,0,0,19-APR-2021,
OPTSTK,ASHOKLEY,27-May-2021,127.5,PE,0,0,0,14.75,20.75,0,0,0,0,19-APR-2021,
OPTSTK,ASHOKLEY,27-May-2021,130,PE,0,0,0,16.1,22.75,0,0,0,0,19-APR-2021,
OPTSTK,ASHOKLEY,27-May-2021,132.5,PE,0,0,0,17.45,24.8,0,0,0,0,19-APR-2021,
OPTSTK,ASHOKLEY,27-May-2021,135,PE,0,0,0,18.9,26.9,0,0,0,0,19-APR-2021,
OPTSTK,ASHOKLEY,27-May-2021,137.5,PE,0,0,0,20.4,29.05,0,0,0,0,19-APR-2021,
OPTSTK,ASHOKLEY,27-May-2021,140,PE,0,0,0,21.9,31.25,0,0,0,0,19-APR-2021,
OPTSTK,ASHOKLEY,27-May-2021,142.5,PE,0,0,0,23.5,33.5,0,0,0,0,19-APR-2021,
OPTSTK,ASHOKLEY,27-May-2021,145,PE,0,0,0,25.15,35.75,0,0,0,0,19-APR-2021,
OPTSTK,ASHOKLEY,27-May-2021,147.5,PE,0,0,0,26.8,38.05,0,0,0,0,19-APR-2021,
OPTSTK,ASHOKLEY,27-May-2021,150,PE,0,0,0,28.55,40.4,0,0,0,0,19-APR-2021,
OPTSTK,ASHOKLEY,27-May-2021,152.5,PE,0,0,0,30.3,42.75,0,0,0,0,19-APR-2021,
OPTSTK,ASHOKLEY,27-May-2021,155,PE,0,0,0,32.1,45.15,0,0,0,0,19-APR-2021,
OPTSTK,ASHOKLEY,24-Jun-2021,85,CE,0,0,0,29.25,27.9,0,0,0,0,19-APR-2021,
OPTSTK,ASHOKLEY,24-Jun-2021,87.5,CE,0,0,0,27.45,26,0,0,0,0,19-APR-2021,
OPTSTK,ASHOKLEY,24-Jun-2021,90,CE,0,0,0,25.7,24.15,0,0,0,0,19-APR-2021,
OPTSTK,ASHOKLEY,24-Jun-2021,92.5,CE,0,0,0,24.05,22.4,0,0,0,0,19-APR-2021,
OPTSTK,ASHOKLEY,24-Jun-2021,95,CE,0,0,0,22.45,20.7,0,0,0,0,19-APR-2021,
OPTSTK,ASHOKLEY,24-Jun-2021,97.5,CE,0,0,0,20.95,19.1,0,0,0,0,19-APR-2021,
OPTSTK,ASHOKLEY,24-Jun-2021,100,CE,0,0,0,19.5,17.6,0,0,0,0,19-APR-2021,
OPTSTK,ASHOKLEY,24-Jun-2021,102.5,CE,0,0,0,18.15,16.15,0,0,0,0,19-APR-2021,
OPTSTK,ASHOKLEY,24-Jun-2021,105,CE,0,0,0,16.9,14.85,0,0,0,0,19-APR-2021,
OPTSTK,ASHOKLEY,24-Jun-2021,107.5,CE,0,0,0,15.7,13.6,0,0,0,0,19-APR-2021,
OPTSTK,ASHOKLEY,24-Jun-2021,110,CE,0,0,0,14.55,12.4,0,0,0,0,19-APR-2021,
OPTSTK,ASHOKLEY,24-Jun-2021,112.5,CE,0,0,0,13.5,11.35,0,0,0,0,19-APR-2021,
OPTSTK,ASHOKLEY,24-Jun-2021,115,CE,0,0,0,12.5,10.35,0,0,0,0,19-APR-2021,
OPTSTK,ASHOKLEY,24-Jun-2021,117.5,CE,0,0,0,11.55,9.4,0,0,0,0,19-APR-2021,
OPTSTK,ASHOKLEY,24-Jun-2021,120,CE,0,0,0,10.65,8.55,0,0,0,0,19-APR-2021,
OPTSTK,ASHOKLEY,24-Jun-2021,122.5,CE,0,0,0,9.85,7.75,0,0,0,0,19-APR-2021,
OPTSTK,ASHOKLEY,24-Jun-2021,125,CE,0,0,0,9.1,7,0,0,0,0,19-APR-2021,
OPTSTK,ASHOKLEY,24-Jun-2021,127.5,CE,0,0,0,8.35,6.35,0,0,0,0,19-APR-2021,
OPTSTK,ASHOKLEY,24-Jun-2021,130,CE,0,0,0,7.7,5.75,0,0,0,0,19-APR-2021,
OPTSTK,ASHOKLEY,24-Jun-2021,132.5,CE,0,0,0,7.1,5.2,0,0,0,0,19-APR-2021,
OPTSTK,ASHOKLEY,24-Jun-2021,135,CE,0,0,0,6.55,4.65,0,0,0,0,19-APR-2021,
OPTSTK,ASHOKLEY,24-Jun-2021,137.5,CE,0,0,0,6,4.2,0,0,0,0,19-APR-2021,
OPTSTK,ASHOKLEY,24-Jun-2021,140,CE,0,0,0,5.55,3.8,0,0,0,0,19-APR-2021,
OPTSTK,ASHOKLEY,24-Jun-2021,142.5,CE,0,0,0,5.1,3.4,0,0,0,0,19-APR-2021,
OPTSTK,ASHOKLEY,24-Jun-2021,145,CE,0,0,0,4.65,3.05,0,0,0,0,19-APR-2021,
OPTSTK,ASHOKLEY,24-Jun-2021,147.5,CE,0,0,0,4.3,2.75,0,0,0,0,19-APR-2021,
OPTSTK,ASHOKLEY,24-Jun-2021,150,CE,0,0,0,3.95,2.45,0,0,0,0,19-APR-2021,
OPTSTK,ASHOKLEY,24-Jun-2021,152.5,CE,0,0,0,3.6,2.2,0,0,0,0,19-APR-2021,
OPTSTK,ASHOKLEY,24-Jun-2021,155,CE,0,0,0,3.3,1.95,0,0,0,0,19-APR-2021,
OPTSTK,ASHOKLEY,24-Jun-2021,85,PE,0,0,0,3.65,2.45,0,0,0,0,19-APR-2021,
OPTSTK,ASHOKLEY,24-Jun-2021,87.5,PE,0,0,0,4.3,3,0,0,0,0,19-APR-2021,
OPTSTK,ASHOKLEY,24-Jun-2021,90,PE,0,0,0,5.05,3.65,0,0,0,0,19-APR-2021,
OPTSTK,ASHOKLEY,24-Jun-2021,92.5,PE,0,0,0,5.9,4.35,0,0,0,0,19-APR-2021,
OPTSTK,ASHOKLEY,24-Jun-2021,95,PE,0,0,0,6.75,5.15,0,0,0,0,19-APR-2021,
OPTSTK,ASHOKLEY,24-Jun-2021,97.5,PE,0,0,0,7.75,6.05,0,0,0,0,19-APR-2021,
OPTSTK,ASHOKLEY,24-Jun-2021,100,PE,0,0,0,8.8,7,0,0,0,0,19-APR-2021,
OPTSTK,ASHOKLEY,24-Jun-2021,102.5,PE,0,0,0,9.9,8.1,0,0,0,0,19-APR-2021,
OPTSTK,ASHOKLEY,24-Jun-2021,105,PE,0,0,0,11.1,9.25,0,0,0,0,19-APR-2021,
OPTSTK,ASHOKLEY,24-Jun-2021,107.5,PE,0,0,0,12.4,10.45,0,0,0,0,19-APR-2021,
OPTSTK,ASHOKLEY,24-Jun-2021,110,PE,0,0,0,13.7,11.8,0,0,0,0,19-APR-2021,
OPTSTK,ASHOKLEY,24-Jun-2021,112.5,PE,0,0,0,15.15,13.2,0,0,0,0,19-APR-2021,
OPTSTK,ASHOKLEY,24-Jun-2021,115,PE,0,0,0,16.6,14.65,0,0,0,0,19-APR-2021,
OPTSTK,ASHOKLEY,24-Jun-2021,117.5,PE,0,0,0,18.15,16.2,0,0,0,0,19-APR-2021,
OPTSTK,ASHOKLEY,24-Jun-2021,120,PE,0,0,0,19.75,17.8,0,0,0,0,19-APR-2021,
OPTSTK,ASHOKLEY,24-Jun-2021,122.5,PE,0,0,0,21.4,19.5,0,0,0,0,19-APR-2021,
OPTSTK,ASHOKLEY,24-Jun-2021,125,PE,0,0,0,23.1,21.25,0,0,0,0,19-APR-2021,
OPTSTK,ASHOKLEY,24-Jun-2021,127.5,PE,0,0,0,24.9,23.1,0,0,0,0,19-APR-2021,
OPTSTK,ASHOKLEY,24-Jun-2021,130,PE,0,0,0,26.7,24.95,0,0,0,0,19-APR-2021,
OPTSTK,ASHOKLEY,24-Jun-2021,132.5,PE,0,0,0,28.55,26.9,0,0,0,0,19-APR-2021,
OPTSTK,ASHOKLEY,24-Jun-2021,135,PE,0,0,0,30.5,28.85,0,0,0,0,19-APR-2021,
OPTSTK,ASHOKLEY,24-Jun-2021,137.5,PE,0,0,0,32.45,30.9,0,0,0,0,19-APR-2021,
OPTSTK,ASHOKLEY,24-Jun-2021,140,PE,0,0,0,34.45,32.95,0,0,0,0,19-APR-2021,
OPTSTK,ASHOKLEY,24-Jun-2021,142.5,PE,0,0,0,36.45,35.05,0,0,0,0,19-APR-2021,
OPTSTK,ASHOKLEY,24-Jun-2021,145,PE,0,0,0,38.5,37.15,0,0,0,0,19-APR-2021,
OPTSTK,ASHOKLEY,24-Jun-2021,147.5,PE,0,0,0,40.6,39.35,0,0,0,0,19-APR-2021,
OPTSTK,ASHOKLEY,24-Jun-2021,150,PE,0,0,0,42.75,41.55,0,0,0,0,19-APR-2021,
OPTSTK,ASHOKLEY,24-Jun-2021,152.5,PE,0,0,0,44.9,43.75,0,0,0,0,19-APR-2021,
OPTSTK,ASHOKLEY,24-Jun-2021,155,PE,0,0,0,47.05,46,0,0,0,0,19-APR-2021,
OPTSTK,ASIANPAINT,29-Apr-2021,1880,CE,0,0,0,593.7,693.8,0,0,0,0,19-APR-2021,
OPTSTK,ASIANPAINT,29-Apr-2021,1900,CE,0,0,0,575.85,673.8,0,0,0,0,19-APR-2021,
OPTSTK,ASIANPAINT,29-Apr-2021,1920,CE,0,0,0,558.2,653.85,0,0,0,0,19-APR-2021,
OPTSTK,ASIANPAINT,29-Apr-2021,1940,CE,0,0,0,490,633.85,0,0,600,0,19-APR-2021,
OPTSTK,ASIANPAINT,29-Apr-2021,1960,CE,0,0,0,500,613.85,0,0,1200,0,19-APR-2021,
OPTSTK,ASIANPAINT,29-Apr-2021,1980,CE,0,0,0,506.55,593.9,0,0,0,0,19-APR-2021,
OPTSTK,ASIANPAINT,29-Apr-2021,2000,CE,0,0,0,489.75,573.9,0,0,0,0,19-APR-2021,
OPTSTK,ASIANPAINT,29-Apr-2021,2020,CE,0,0,0,473.25,553.95,0,0,0,0,19-APR-2021,
OPTSTK,ASIANPAINT,29-Apr-2021,2040,CE,0,0,0,457,533.95,0,0,0,0,19-APR-2021,
OPTSTK,ASIANPAINT,29-Apr-2021,2060,CE,0,0,0,441.05,514,0,0,0,0,19-APR-2021,
OPTSTK,ASIANPAINT,29-Apr-2021,2080,CE,0,0,0,425.35,494,0,0,0,0,19-APR-2021,
OPTSTK,ASIANPAINT,29-Apr-2021,2100,CE,0,0,0,330,474.05,0,0,300,0,19-APR-2021,
OPTSTK,ASIANPAINT,29-Apr-2021,2120,CE,0,0,0,394.8,454.05,0,0,0,0,19-APR-2021,
OPTSTK,ASIANPAINT,29-Apr-2021,2140,CE,0,0,0,380.1,434.1,0,0,0,0,19-APR-2021,
OPTSTK,ASIANPAINT,29-Apr-2021,2160,CE,0,0,0,365.6,414.2,0,0,0,0,19-APR-2021,
OPTSTK,ASIANPAINT,29-Apr-2021,2180,CE,0,0,0,351.4,394.3,0,0,0,0,19-APR-2021,
OPTSTK,ASIANPAINT,29-Apr-2021,2200,CE,0,0,0,337.55,374.4,0,0,0,0,19-APR-2021,
OPTSTK,ASIANPAINT,29-Apr-2021,2220,CE,0,0,0,323.9,354.6,0,0,0,0,19-APR-2021,
OPTSTK,ASIANPAINT,29-Apr-2021,2240,CE,0,0,0,310.75,334.9,0,0,0,0,19-APR-2021,
OPTSTK,ASIANPAINT,29-Apr-2021,2260,CE,0,0,0,297.9,315.25,0,0,0,0,19-APR-2021,
OPTSTK,ASIANPAINT,29-Apr-2021,2280,CE,0,0,0,285.4,295.75,0,0,0,0,19-APR-2021,
OPTSTK,ASIANPAINT,29-Apr-2021,2300,CE,0,0,0,325,276.5,0,0,600,0,19-APR-2021,
OPTSTK,ASIANPAINT,29-Apr-2021,2320,CE,0,0,0,261.45,257.4,0,0,0,0,19-APR-2021,
OPTSTK,ASIANPAINT,29-Apr-2021,2340,CE,0,0,0,250,238.65,0,0,0,0,19-APR-2021,
OPTSTK,ASIANPAINT,29-Apr-2021,2360,CE,0,0,0,251.8,220.25,0,0,11100,0,19-APR-2021,
OPTSTK,ASIANPAINT,29-Apr-2021,2380,CE,0,0,0,229.25,202.3,0,0,1200,0,19-APR-2021,
OPTSTK,ASIANPAINT,29-Apr-2021,2400,CE,204.85,204.85,204.85,204.85,184.85,1,7.81,13200,-300,19-APR-2021,
OPTSTK,ASIANPAINT,29-Apr-2021,2420,CE,0,0,0,232.45,167.95,0,0,10200,0,19-APR-2021,
OPTSTK,ASIANPAINT,29-Apr-2021,2440,CE,180,180,166,166,151.75,3,23.53,8700,-900,19-APR-2021,
OPTSTK,ASIANPAINT,29-Apr-2021,2460,CE,0,0,0,212.95,136.25,0,0,24000,0,19-APR-2021,
OPTSTK,ASIANPAINT,29-Apr-2021,2480,CE,122.75,126.1,115,119.8,121.55,7,54.6,22200,300,19-APR-2021,
OPTSTK,ASIANPAINT,29-Apr-2021,2500,CE,128,130.25,97,102.05,102.05,69,540.38,82500,-4200,19-APR-2021,
OPTSTK,ASIANPAINT,29-Apr-2021,2520,CE,104,113.85,88,88,88,10,78.6,12000,600,19-APR-2021,
OPTSTK,ASIANPAINT,29-Apr-2021,2540,CE,93,100,71.1,74.2,74.2,22,172.92,21000,-900,19-APR-2021,
OPTSTK,ASIANPAINT,29-Apr-2021,2560,CE,96.9,96.9,59,62.45,62.45,166,1307.03,38400,2700,19-APR-2021,
OPTSTK,ASIANPAINT,29-Apr-2021,2580,CE,69.8,75,48.35,50.8,50.8,628,4961.32,57900,35400,19-APR-2021,
OPTSTK,ASIANPAINT,29-Apr-2021,2600,CE,63.65,63.65,39.3,41.45,41.45,2034,16167.52,154500,33900,19-APR-2021,
OPTSTK,ASIANPAINT,29-Apr-2021,2620,CE,58.55,64.05,32,33.4,33.4,648,5171.14,49500,26100,19-APR-2021,
OPTSTK,ASIANPAINT,29-Apr-2021,2640,CE,50,51.8,25.2,26.9,26.9,742,5950.14,70500,24000,19-APR-2021,
OPTSTK,ASIANPAINT,29-Apr-2021,2660,CE,48,55.45,21.05,21.8,21.8,837,6748.63,82200,5700,19-APR-2021,
OPTSTK,ASIANPAINT,29-Apr-2021,2680,CE,41.5,41.5,17.15,17.65,17.65,776,6292.03,73500,18900,19-APR-2021,
OPTSTK,ASIANPAINT,29-Apr-2021,2700,CE,30.2,30.2,13.6,14.1,14.1,2393,19511.64,264600,25200,19-APR-2021,
OPTSTK,ASIANPAINT,29-Apr-2021,2720,CE,18.55,26.45,11,11.5,11.5,513,4208.79,42600,-6300,19-APR-2021,
OPTSTK,ASIANPAINT,29-Apr-2021,2740,CE,18,18,9,9.3,9.3,466,3846.99,47400,-2700,19-APR-2021,
OPTSTK,ASIANPAINT,29-Apr-2021,2760,CE,10.1,16.05,7.45,7.7,7.7,332,2758.52,57000,3900,19-APR-2021,
OPTSTK,ASIANPAINT,29-Apr-2021,2780,CE,12.45,12.45,6.15,6.45,6.45,408,3412.73,9000,-600,19-APR-2021,
OPTSTK,ASIANPAINT,29-Apr-2021,2800,CE,9.75,10.8,5.1,5.4,5.4,926,7796.92,143100,900,19-APR-2021,
OPTSTK,ASIANPAINT,29-Apr-2021,2820,CE,12.5,12.5,4.25,4.45,4.45,179,1517.32,9900,3900,19-APR-2021,
OPTSTK,ASIANPAINT,29-Apr-2021,2840,CE,4.05,5.45,3.5,3.7,3.7,175,1493.39,8700,-600,19-APR-2021,
OPTSTK,ASIANPAINT,29-Apr-2021,2860,CE,5.4,5.4,2.95,3.15,3.15,222,1907.33,12900,-3300,19-APR-2021,
OPTSTK,ASIANPAINT,29-Apr-2021,2880,CE,0,0,0,59.4,2.6,0,0,0,0,19-APR-2021,
OPTSTK,ASIANPAINT,29-Apr-2021,2900,CE,5.5,5.5,2.3,2.6,2.6,298,2595.17,75600,600,19-APR-2021,
OPTSTK,ASIANPAINT,29-Apr-2021,2920,CE,2.3,2.3,2,2,2,9,78.89,900,-600,19-APR-2021,
OPTSTK,ASIANPAINT,29-Apr-2021,2940,CE,0,0,0,49.45,1.15,0,0,0,0,19-APR-2021,
OPTSTK,ASIANPAINT,29-Apr-2021,2960,CE,0,0,0,46.45,0.85,0,0,0,0,19-APR-2021,
OPTSTK,ASIANPAINT,29-Apr-2021,2980,CE,0,0,0,43.65,0.65,0,0,0,0,19-APR-2021,
OPTSTK,ASIANPAINT,29-Apr-2021,3000,CE,3,3,1.35,1.65,1.65,151,1359.8,91800,-7500,19-APR-2021,
OPTSTK,ASIANPAINT,29-Apr-2021,3020,CE,0,0,0,38.45,0.35,0,0,0,0,19-APR-2021,
OPTSTK,ASIANPAINT,29-Apr-2021,3040,CE,0,0,0,36.05,0.25,0,0,0,0,19-APR-2021,
OPTSTK,ASIANPAINT,29-Apr-2021,3060,CE,0,0,0,33.8,0.2,0,0,0,0,19-APR-2021,
OPTSTK,ASIANPAINT,29-Apr-2021,3080,CE,0,0,0,31.65,0.15,0,0,0,0,19-APR-2021,
OPTSTK,ASIANPAINT,29-Apr-2021,3100,CE,2.1,2.1,1.1,1.5,1.5,26,241.92,26100,-2400,19-APR-2021,
OPTSTK,ASIANPAINT,29-Apr-2021,3120,CE,0,0,0,27.8,0.1,0,0,0,0,19-APR-2021,
OPTSTK,ASIANPAINT,29-Apr-2021,3140,CE,0,0,0,26,0.05,0,0,0,0,19-APR-2021,
OPTSTK,ASIANPAINT,29-Apr-2021,3160,CE,0,0,0,24.3,0.05,0,0,0,0,19-APR-2021,
OPTSTK,ASIANPAINT,29-Apr-2021,3180,CE,0,0,0,22.75,0.05,0,0,0,0,19-APR-2021,
OPTSTK,ASIANPAINT,29-Apr-2021,3200,CE,0,0,0,1,0.05,0,0,600,0,19-APR-2021,
OPTSTK,ASIANPAINT,29-Apr-2021,3220,CE,0,0,0,19.85,0.05,0,0,0,0,19-APR-2021,
OPTSTK,ASIANPAINT,29-Apr-2021,3240,CE,0.05,0.05,0.05,0.05,0.05,1,9.72,600,0,19-APR-2021,
OPTSTK,ASIANPAINT,29-Apr-2021,1880,PE,0,0,0,14.6,0,0,0,0,0,19-APR-2021,
OPTSTK,ASIANPAINT,29-Apr-2021,1900,PE,0,0,0,1.7,0,0,0,1200,0,19-APR-2021,
OPTSTK,ASIANPAINT,29-Apr-2021,1920,PE,0,0,0,18.75,0,0,0,0,0,19-APR-2021,
OPTSTK,ASIANPAINT,29-Apr-2021,1940,PE,0,0,0,0.15,0,0,0,300,0,19-APR-2021,
OPTSTK,ASIANPAINT,29-Apr-2021,1960,PE,0,0,0,1.5,0,0,0,900,0,19-APR-2021,
OPTSTK,ASIANPAINT,29-Apr-2021,1980,PE,0,0,0,26.5,0,0,0,0,0,19-APR-2021,
OPTSTK,ASIANPAINT,29-Apr-2021,2000,PE,1.1,1.5,0.1,1.4,1.4,11,66.03,9000,300,19-APR-2021,
OPTSTK,ASIANPAINT,29-Apr-2021,2020,PE,0,0,0,32.85,0,0,0,0,0,19-APR-2021,
OPTSTK,ASIANPAINT,29-Apr-2021,2040,PE,0,0,0,36.45,0,0,0,0,0,19-APR-2021,
OPTSTK,ASIANPAINT,29-Apr-2021,2060,PE,0,0,0,40.25,0.05,0,0,0,0,19-APR-2021,
OPTSTK,ASIANPAINT,29-Apr-2021,2080,PE,0,0,0,44.4,0.05,0,0,0,0,19-APR-2021,
OPTSTK,ASIANPAINT,29-Apr-2021,2100,PE,0,0,0,1.3,0.05,0,0,12000,0,19-APR-2021,
OPTSTK,ASIANPAINT,29-Apr-2021,2120,PE,0,0,0,53.5,0.05,0,0,0,0,19-APR-2021,
OPTSTK,ASIANPAINT,29-Apr-2021,2140,PE,0,0,0,58.6,0.1,0,0,0,0,19-APR-2021,
OPTSTK,ASIANPAINT,29-Apr-2021,2160,PE,0,0,0,5,0.15,0,0,300,0,19-APR-2021,
OPTSTK,ASIANPAINT,29-Apr-2021,2180,PE,0,0,0,69.5,0.2,0,0,0,0,19-APR-2021,
OPTSTK,ASIANPAINT,29-Apr-2021,2200,PE,3,4.5,1.65,2.05,2.05,35,231.23,51000,-2400,19-APR-2021,
OPTSTK,ASIANPAINT,29-Apr-2021,2220,PE,0,0,0,81.65,0.5,0,0,0,0,19-APR-2021,
OPTSTK,ASIANPAINT,29-Apr-2021,2240,PE,0,0,0,12,0.75,0,0,600,0,19-APR-2021,
OPTSTK,ASIANPAINT,29-Apr-2021,2260,PE,0,0,0,95.3,1.1,0,0,0,0,19-APR-2021,
OPTSTK,ASIANPAINT,29-Apr-2021,2280,PE,0,0,0,102.6,1.6,0,0,0,0,19-APR-2021,
OPTSTK,ASIANPAINT,29-Apr-2021,2300,PE,3.6,4.4,3.25,3.65,2.3,25,172.79,89100,900,19-APR-2021,
OPTSTK,ASIANPAINT,29-Apr-2021,2320,PE,0,0,0,6.3,3.2,0,0,8700,0,19-APR-2021,
OPTSTK,ASIANPAINT,29-Apr-2021,2340,PE,5,5.75,5,5.75,4.45,3,21.1,21300,300,19-APR-2021,
OPTSTK,ASIANPAINT,29-Apr-2021,2360,PE,6,6.45,5.45,5.95,5.95,74,525.24,35700,7800,19-APR-2021,
OPTSTK,ASIANPAINT,29-Apr-2021,2380,PE,5.75,6.7,5.75,6.35,6.35,11,78.74,32100,0,19-APR-2021,
OPTSTK,ASIANPAINT,29-Apr-2021,2400,PE,5.85,9.35,5.7,8.15,8.15,738,5329.79,94800,-7800,19-APR-2021,
OPTSTK,ASIANPAINT,29-Apr-2021,2420,PE,6.85,11.15,6.45,9.55,9.55,390,2841.42,30600,-3900,19-APR-2021,
OPTSTK,ASIANPAINT,29-Apr-2021,2440,PE,8,13.55,7.75,11.65,11.65,238,1749.29,31800,4200,19-APR-2021,
OPTSTK,ASIANPAINT,29-Apr-2021,2460,PE,8,16.6,8,14.3,14.3,357,2647.98,41700,300,19-APR-2021,
OPTSTK,ASIANPAINT,29-Apr-2021,2480,PE,27.3,27.3,11.25,17.65,17.65,394,2949.62,42000,4500,19-APR-2021,
OPTSTK,ASIANPAINT,29-Apr-2021,2500,PE,15.55,25.4,13.55,21.95,21.95,1635,12356.25,135900,-15000,19-APR-2021,
OPTSTK,ASIANPAINT,29-Apr-2021,2520,PE,19.95,30.65,17.15,27.3,27.3,334,2547.99,27600,-9300,19-APR-2021,
OPTSTK,ASIANPAINT,29-Apr-2021,2540,PE,24.2,38.2,21.25,33.6,33.6,462,3560.18,33600,-14400,19-APR-2021,
OPTSTK,ASIANPAINT,29-Apr-2021,2560,PE,24.25,46.45,24.25,41.05,41.05,788,6141.3,29100,-9900,19-APR-2021,
OPTSTK,ASIANPAINT,29-Apr-2021,2580,PE,31.25,56.2,31.25,50.25,50.25,541,4258.12,30300,-15000,19-APR-2021,
OPTSTK,ASIANPAINT,29-Apr-2021,2600,PE,40.45,67,37.1,60.35,60.35,1538,12221.08,65400,-63000,19-APR-2021,
OPTSTK,ASIANPAINT,29-Apr-2021,2620,PE,44.9,79.1,44.8,73.7,73.7,287,2303.61,21300,-14100,19-APR-2021,
OPTSTK,ASIANPAINT,29-Apr-2021,2640,PE,50.65,90.85,50.6,86.35,86.35,484,3929.16,29100,-23400,19-APR-2021,
OPTSTK,ASIANPAINT,29-Apr-2021,2660,PE,71.7,116,64.55,105.4,105.4,181,1486.1,18000,-18000,19-APR-2021,
OPTSTK,ASIANPAINT,29-Apr-2021,2680,PE,75.6,120,75.6,115,131.85,39,324.31,6600,-3600,19-APR-2021,
OPTSTK,ASIANPAINT,29-Apr-2021,2700,PE,97.55,140,93.8,131,147.1,61,514.78,21900,-6000,19-APR-2021,
OPTSTK,ASIANPAINT,29-Apr-2021,2720,PE,130.2,150,130.2,150,163.1,2,17.16,600,0,19-APR-2021,
OPTSTK,ASIANPAINT,29-Apr-2021,2740,PE,0,0,0,362.55,179.7,0,0,0,0,19-APR-2021,
OPTSTK,ASIANPAINT,29-Apr-2021,2760,PE,158,158,157,157,196.85,4,35,0,-1200,19-APR-2021,
OPTSTK,ASIANPAINT,29-Apr-2021,2780,PE,180,203.45,172.9,203.45,214.5,9,80.1,1800,0,19-APR-2021,
OPTSTK,ASIANPAINT,29-Apr-2021,2800,PE,194,200,194,195,232.55,8,71.91,1800,300,19-APR-2021,
OPTSTK,ASIANPAINT,29-Apr-2021,2820,PE,0,0,0,423.4,251,0,0,0,0,19-APR-2021,
OPTSTK,ASIANPAINT,29-Apr-2021,2840,PE,0,0,0,196,269.7,0,0,300,0,19-APR-2021,
OPTSTK,ASIANPAINT,29-Apr-2021,2860,PE,0,0,0,454.95,288.7,0,0,0,0,19-APR-2021,
OPTSTK,ASIANPAINT,29-Apr-2021,2880,PE,0,0,0,471.05,307.85,0,0,0,0,19-APR-2021,
OPTSTK,ASIANPAINT,29-Apr-2021,2900,PE,0,0,0,487.35,327.2,0,0,0,0,19-APR-2021,
OPTSTK,ASIANPAINT,29-Apr-2021,2920,PE,0,0,0,503.85,346.7,0,0,0,0,19-APR-2021,
OPTSTK,ASIANPAINT,29-Apr-2021,2940,PE,0,0,0,520.55,366.3,0,0,0,0,19-APR-2021,
OPTSTK,ASIANPAINT,29-Apr-2021,2960,PE,0,0,0,537.35,386,0,0,0,0,19-APR-2021,
OPTSTK,ASIANPAINT,29-Apr-2021,2980,PE,0,0,0,554.35,405.75,0,0,0,0,19-APR-2021,
OPTSTK,ASIANPAINT,29-Apr-2021,3000,PE,0,0,0,571.5,425.6,0,0,0,0,19-APR-2021,
OPTSTK,ASIANPAINT,29-Apr-2021,3020,PE,0,0,0,588.8,445.45,0,0,0,0,19-APR-2021,
OPTSTK,ASIANPAINT,29-Apr-2021,3040,PE,0,0,0,606.2,465.35,0,0,0,0,19-APR-2021,
OPTSTK,ASIANPAINT,29-Apr-2021,3060,PE,0,0,0,623.75,485.25,0,0,0,0,19-APR-2021,
OPTSTK,ASIANPAINT,29-Apr-2021,3080,PE,0,0,0,641.45,505.2,0,0,0,0,19-APR-2021,
OPTSTK,ASIANPAINT,29-Apr-2021,3100,PE,0,0,0,659.25,525.1,0,0,0,0,19-APR-2021,
OPTSTK,ASIANPAINT,29-Apr-2021,3120,PE,0,0,0,677.2,545.1,0,0,0,0,19-APR-2021,
OPTSTK,ASIANPAINT,29-Apr-2021,3140,PE,0,0,0,695.25,565.05,0,0,0,0,19-APR-2021,
OPTSTK,ASIANPAINT,29-Apr-2021,3160,PE,0,0,0,713.35,585,0,0,0,0,19-APR-2021,
OPTSTK,ASIANPAINT,29-Apr-2021,3180,PE,0,0,0,731.6,605,0,0,0,0,19-APR-2021,
OPTSTK,ASIANPAINT,29-Apr-2021,3200,PE,0,0,0,749.95,624.95,0,0,0,0,19-APR-2021,
OPTSTK,ASIANPAINT,29-Apr-2021,3220,PE,0,0,0,768.35,644.95,0,0,0,0,19-APR-2021,
OPTSTK,ASIANPAINT,29-Apr-2021,3240,PE,0,0,0,790,664.9,0,0,600,0,19-APR-2021,
OPTSTK,ASIANPAINT,27-May-2021,1880,CE,0,0,0,529.75,699.65,0,0,0,0,19-APR-2021,
OPTSTK,ASIANPAINT,27-May-2021,1900,CE,0,0,0,512.35,679.9,0,0,0,0,19-APR-2021,
OPTSTK,ASIANPAINT,27-May-2021,1920,CE,0,0,0,495.2,660.15,0,0,0,0,19-APR-2021,
OPTSTK,ASIANPAINT,27-May-2021,1940,CE,0,0,0,478.3,640.4,0,0,0,0,19-APR-2021,
OPTSTK,ASIANPAINT,27-May-2021,1960,CE,0,0,0,461.6,620.75,0,0,0,0,19-APR-2021,
OPTSTK,ASIANPAINT,27-May-2021,1980,CE,0,0,0,445.2,601.15,0,0,0,0,19-APR-2021,
OPTSTK,ASIANPAINT,27-May-2021,2000,CE,0,0,0,429.1,581.65,0,0,0,0,19-APR-2021,
OPTSTK,ASIANPAINT,27-May-2021,2020,CE,0,0,0,413.25,562.2,0,0,0,0,19-APR-2021,
OPTSTK,ASIANPAINT,27-May-2021,2040,CE,0,0,0,397.7,542.85,0,0,0,0,19-APR-2021,
OPTSTK,ASIANPAINT,27-May-2021,2060,CE,0,0,0,382.5,523.65,0,0,0,0,19-APR-2021,
OPTSTK,ASIANPAINT,27-May-2021,2080,CE,0,0,0,367.65,504.55,0,0,0,0,19-APR-2021,
OPTSTK,ASIANPAINT,27-May-2021,2100,CE,0,0,0,353.05,485.6,0,0,0,0,19-APR-2021,
OPTSTK,ASIANPAINT,27-May-2021,2120,CE,0,0,0,338.8,466.8,0,0,0,0,19-APR-2021,
OPTSTK,ASIANPAINT,27-May-2021,2140,CE,0,0,0,324.85,448.2,0,0,0,0,19-APR-2021,
OPTSTK,ASIANPAINT,27-May-2021,2160,CE,0,0,0,311.2,429.85,0,0,0,0,19-APR-2021,
OPTSTK,ASIANPAINT,27-May-2021,2180,CE,0,0,0,297.95,411.65,0,0,0,0,19-APR-2021,
OPTSTK,ASIANPAINT,27-May-2021,2200,CE,0,0,0,285.1,393.75,0,0,0,0,19-APR-2021,
OPTSTK,ASIANPAINT,27-May-2021,2220,CE,0,0,0,272.6,376.1,0,0,0,0,19-APR-2021,
OPTSTK,ASIANPAINT,27-May-2021,2240,CE,0,0,0,260.45,358.8,0,0,0,0,19-APR-2021,
OPTSTK,ASIANPAINT,27-May-2021,2260,CE,0,0,0,248.65,341.75,0,0,0,0,19-APR-2021,
OPTSTK,ASIANPAINT,27-May-2021,2280,CE,0,0,0,237.25,325.05,0,0,0,0,19-APR-2021,
OPTSTK,ASIANPAINT,27-May-2021,2300,CE,0,0,0,226.15,308.75,0,0,0,0,19-APR-2021,
OPTSTK,ASIANPAINT,27-May-2021,2320,CE,0,0,0,215.5,292.8,0,0,0,0,19-APR-2021,
OPTSTK,ASIANPAINT,27-May-2021,2340,CE,0,0,0,205.15,277.25,0,0,0,0,19-APR-2021,
OPTSTK,ASIANPAINT,27-May-2021,2360,CE,0,0,0,195.15,262.1,0,0,0,0,19-APR-2021,
OPTSTK,ASIANPAINT,27-May-2021,2380,CE,0,0,0,185.55,247.5,0,0,0,0,19-APR-2021,
OPTSTK,ASIANPAINT,27-May-2021,2400,CE,0,0,0,176.25,233.15,0,0,0,0,19-APR-2021,
OPTSTK,ASIANPAINT,27-May-2021,2420,CE,0,0,0,167.35,219.35,0,0,0,0,19-APR-2021,
OPTSTK,ASIANPAINT,27-May-2021,2440,CE,0,0,0,158.75,206.05,0,0,0,0,19-APR-2021,
OPTSTK,ASIANPAINT,27-May-2021,2460,CE,0,0,0,150.5,193.25,0,0,0,0,19-APR-2021,
OPTSTK,ASIANPAINT,27-May-2021,2480,CE,0,0,0,142.6,180.95,0,0,0,0,19-APR-2021,
OPTSTK,ASIANPAINT,27-May-2021,2500,CE,0,0,0,135.05,169.15,0,0,0,0,19-APR-2021,
OPTSTK,ASIANPAINT,27-May-2021,2520,CE,0,0,0,127.75,157.9,0,0,0,0,19-APR-2021,
OPTSTK,ASIANPAINT,27-May-2021,2540,CE,0,0,0,120.8,147.1,0,0,0,0,19-APR-2021,
OPTSTK,ASIANPAINT,27-May-2021,2560,CE,0,0,0,116.2,136.8,0,0,1500,0,19-APR-2021,
OPTSTK,ASIANPAINT,27-May-2021,2580,CE,0,0,0,106.4,127.05,0,0,1500,0,19-APR-2021,
OPTSTK,ASIANPAINT,27-May-2021,2600,CE,110.85,110.85,97.5,100,100,22,178.32,7200,4500,19-APR-2021,
OPTSTK,ASIANPAINT,27-May-2021,2620,CE,0,0,0,92.05,109,0,0,3000,0,19-APR-2021,
OPTSTK,ASIANPAINT,27-May-2021,2640,CE,0,0,0,120,100.7,0,0,4800,0,19-APR-2021,
OPTSTK,ASIANPAINT,27-May-2021,2660,CE,113.7,113.7,70.7,70.7,92.85,10,82.31,10500,2400,19-APR-2021,
OPTSTK,ASIANPAINT,27-May-2021,2680,CE,78,78,78,78,85.5,1,8.27,4200,300,19-APR-2021,
OPTSTK,ASIANPAINT,27-May-2021,2700,CE,82,82.4,58.35,62.95,62.95,119,989.2,30300,-12000,19-APR-2021,
OPTSTK,ASIANPAINT,27-May-2021,2720,CE,0,0,0,71.15,72.15,0,0,0,0,19-APR-2021,
OPTSTK,ASIANPAINT,27-May-2021,2740,CE,55.9,55.9,55.9,55.9,66.1,2,16.77,300,-600,19-APR-2021,
OPTSTK,ASIANPAINT,27-May-2021,2760,CE,0,0,0,48,60.45,0,0,300,0,19-APR-2021,
OPTSTK,ASIANPAINT,27-May-2021,2780,CE,0,0,0,58.95,55.2,0,0,0,0,19-APR-2021,
OPTSTK,ASIANPAINT,27-May-2021,2800,CE,45.85,49.85,36,38.05,38.05,62,528.56,20700,2100,19-APR-2021,
OPTSTK,ASIANPAINT,27-May-2021,2820,CE,0,0,0,51.85,46,0,0,0,0,19-APR-2021,
OPTSTK,ASIANPAINT,27-May-2021,2840,CE,0,0,0,48.6,41.7,0,0,0,0,19-APR-2021,
OPTSTK,ASIANPAINT,27-May-2021,2860,CE,0,0,0,45.55,37.85,0,0,0,0,19-APR-2021,
OPTSTK,ASIANPAINT,27-May-2021,2880,CE,0,0,0,42.65,34.3,0,0,0,0,19-APR-2021,
OPTSTK,ASIANPAINT,27-May-2021,2900,CE,22,22,20.45,21.35,21.35,18,157.73,19800,-1200,19-APR-2021,
OPTSTK,ASIANPAINT,27-May-2021,2920,CE,0,0,0,37.35,28.05,0,0,0,0,19-APR-2021,
OPTSTK,ASIANPAINT,27-May-2021,2940,CE,0,0,0,34.9,25.3,0,0,0,0,19-APR-2021,
OPTSTK,ASIANPAINT,27-May-2021,2960,CE,0,0,0,32.6,22.8,0,0,0,0,19-APR-2021,
OPTSTK,ASIANPAINT,27-May-2021,2980,CE,0,0,0,30.45,20.5,0,0,0,0,19-APR-2021,
OPTSTK,ASIANPAINT,27-May-2021,3000,CE,15,15,8.55,12.5,12.5,18,162.62,6600,0,19-APR-2021,
OPTSTK,ASIANPAINT,27-May-2021,3020,CE,0,0,0,26.55,16.5,0,0,0,0,19-APR-2021,
OPTSTK,ASIANPAINT,27-May-2021,3040,CE,0,0,0,24.75,14.75,0,0,0,0,19-APR-2021,
OPTSTK,ASIANPAINT,27-May-2021,3060,CE,0,0,0,23.1,13.2,0,0,0,0,19-APR-2021,
OPTSTK,ASIANPAINT,27-May-2021,3080,CE,0,0,0,21.5,11.8,0,0,0,0,19-APR-2021,
OPTSTK,ASIANPAINT,27-May-2021,3100,CE,22.2,22.2,22.2,22.2,10.5,1,9.36,600,300,19-APR-2021,
OPTSTK,ASIANPAINT,27-May-2021,3120,CE,0,0,0,18.65,9.35,0,0,0,0,19-APR-2021,
OPTSTK,ASIANPAINT,27-May-2021,3140,CE,0,0,0,17.35,8.3,0,0,0,0,19-APR-2021,
OPTSTK,ASIANPAINT,27-May-2021,3160,CE,0,0,0,16.15,7.4,0,0,0,0,19-APR-2021,
OPTSTK,ASIANPAINT,27-May-2021,3180,CE,0,0,0,15,6.55,0,0,0,0,19-APR-2021,
OPTSTK,ASIANPAINT,27-May-2021,1880,PE,0,0,0,18.5,0.45,0,0,0,0,19-APR-2021,
OPTSTK,ASIANPAINT,27-May-2021,1900,PE,0,0,0,20.95,0.6,0,0,0,0,19-APR-2021,
OPTSTK,ASIANPAINT,27-May-2021,1920,PE,0,0,0,23.6,0.75,0,0,0,0,19-APR-2021,
OPTSTK,ASIANPAINT,27-May-2021,1940,PE,0,0,0,26.5,0.95,0,0,0,0,19-APR-2021,
OPTSTK,ASIANPAINT,27-May-2021,1960,PE,0,0,0,29.65,1.2,0,0,0,0,19-APR-2021,
OPTSTK,ASIANPAINT,27-May-2021,1980,PE,0,0,0,33.05,1.55,0,0,0,0,19-APR-2021,
OPTSTK,ASIANPAINT,27-May-2021,2000,PE,0,0,0,36.75,1.95,0,0,0,0,19-APR-2021,
OPTSTK,ASIANPAINT,27-May-2021,2020,PE,0,0,0,40.7,2.45,0,0,0,0,19-APR-2021,
OPTSTK,ASIANPAINT,27-May-2021,2040,PE,0,0,0,45,3,0,0,0,0,19-APR-2021,
OPTSTK,ASIANPAINT,27-May-2021,2060,PE,0,0,0,49.55,3.7,0,0,0,0,19-APR-2021,
OPTSTK,ASIANPAINT,27-May-2021,2080,PE,0,0,0,54.55,4.55,0,0,0,0,19-APR-2021,
OPTSTK,ASIANPAINT,27-May-2021,2100,PE,0,0,0,59.75,5.5,0,0,0,0,19-APR-2021,
OPTSTK,ASIANPAINT,27-May-2021,2120,PE,0,0,0,65.3,6.65,0,0,0,0,19-APR-2021,
OPTSTK,ASIANPAINT,27-May-2021,2140,PE,0,0,0,71.2,8,0,0,0,0,19-APR-2021,
OPTSTK,ASIANPAINT,27-May-2021,2160,PE,0,0,0,77.35,9.5,0,0,0,0,19-APR-2021,
OPTSTK,ASIANPAINT,27-May-2021,2180,PE,0,0,0,83.9,11.3,0,0,0,0,19-APR-2021,
OPTSTK,ASIANPAINT,27-May-2021,2200,PE,6.25,6.25,6.25,6.25,13.3,1,6.61,3000,0,19-APR-2021,
OPTSTK,ASIANPAINT,27-May-2021,2220,PE,0,0,0,98.2,15.55,0,0,0,0,19-APR-2021,
OPTSTK,ASIANPAINT,27-May-2021,2240,PE,0,0,0,105.85,18.15,0,0,0,0,19-APR-2021,
OPTSTK,ASIANPAINT,27-May-2021,2260,PE,0,0,0,113.85,21.05,0,0,0,0,19-APR-2021,
OPTSTK,ASIANPAINT,27-May-2021,2280,PE,0,0,0,122.25,24.3,0,0,0,0,19-APR-2021,
OPTSTK,ASIANPAINT,27-May-2021,2300,PE,0,0,0,11.05,27.85,0,0,300,0,19-APR-2021,
OPTSTK,ASIANPAINT,27-May-2021,2320,PE,0,0,0,140.15,31.85,0,0,0,0,19-APR-2021,
OPTSTK,ASIANPAINT,27-May-2021,2340,PE,0,0,0,149.6,36.2,0,0,0,0,19-APR-2021,
OPTSTK,ASIANPAINT,27-May-2021,2360,PE,0,0,0,159.45,41,0,0,0,0,19-APR-2021,
OPTSTK,ASIANPAINT,27-May-2021,2380,PE,0,0,0,169.65,46.3,0,0,0,0,19-APR-2021,
OPTSTK,ASIANPAINT,27-May-2021,2400,PE,29.1,35.5,27.1,31,31,69,503.4,23700,6900,19-APR-2021,
OPTSTK,ASIANPAINT,27-May-2021,2420,PE,0,0,0,191.05,58.05,0,0,0,0,19-APR-2021,
OPTSTK,ASIANPAINT,27-May-2021,2440,PE,0,0,0,202.3,64.65,0,0,0,0,19-APR-2021,
OPTSTK,ASIANPAINT,27-May-2021,2460,PE,0,0,0,213.9,71.8,0,0,0,0,19-APR-2021,
OPTSTK,ASIANPAINT,27-May-2021,2480,PE,0,0,0,225.8,79.4,0,0,0,0,19-APR-2021,
OPTSTK,ASIANPAINT,27-May-2021,2500,PE,52.65,76,52.65,71,71,13,100,6900,1500,19-APR-2021,
OPTSTK,ASIANPAINT,27-May-2021,2520,PE,72,72,72,72,96.15,1,7.77,1200,-300,19-APR-2021,
OPTSTK,ASIANPAINT,27-May-2021,2540,PE,0,0,0,87.15,105.3,0,0,1800,0,19-APR-2021,
OPTSTK,ASIANPAINT,27-May-2021,2560,PE,0,0,0,276.6,114.95,0,0,0,0,19-APR-2021,
OPTSTK,ASIANPAINT,27-May-2021,2580,PE,0,0,0,290.05,125.1,0,0,0,0,19-APR-2021,
OPTSTK,ASIANPAINT,27-May-2021,2600,PE,90,90,90,90,135.75,1,8.07,600,0,19-APR-2021,
OPTSTK,ASIANPAINT,27-May-2021,2620,PE,0,0,0,317.85,146.85,0,0,0,0,19-APR-2021,
OPTSTK,ASIANPAINT,27-May-2021,2640,PE,0,0,0,332.15,158.5,0,0,0,0,19-APR-2021,
OPTSTK,ASIANPAINT,27-May-2021,2660,PE,0,0,0,346.7,170.6,0,0,0,0,19-APR-2021,
OPTSTK,ASIANPAINT,27-May-2021,2680,PE,0,0,0,361.65,183.15,0,0,0,0,19-APR-2021,
OPTSTK,ASIANPAINT,27-May-2021,2700,PE,0,0,0,376.75,196.2,0,0,0,0,19-APR-2021,
OPTSTK,ASIANPAINT,27-May-2021,2720,PE,0,0,0,392.1,209.65,0,0,0,0,19-APR-2021,
OPTSTK,ASIANPAINT,27-May-2021,2740,PE,0,0,0,407.65,223.55,0,0,0,0,19-APR-2021,
OPTSTK,ASIANPAINT,27-May-2021,2760,PE,0,0,0,423.4,237.8,0,0,0,0,19-APR-2021,
OPTSTK,ASIANPAINT,27-May-2021,2780,PE,0,0,0,439.3,252.5,0,0,0,0,19-APR-2021,
OPTSTK,ASIANPAINT,27-May-2021,2800,PE,0,0,0,455.5,267.7,0,0,0,0,19-APR-2021,
OPTSTK,ASIANPAINT,27-May-2021,2820,PE,0,0,0,471.85,283.1,0,0,0,0,19-APR-2021,
OPTSTK,ASIANPAINT,27-May-2021,2840,PE,0,0,0,488.45,298.75,0,0,0,0,19-APR-2021,
OPTSTK,ASIANPAINT,27-May-2021,2860,PE,0,0,0,505.2,314.8,0,0,0,0,19-APR-2021,
OPTSTK,ASIANPAINT,27-May-2021,2880,PE,0,0,0,522.1,331.2,0,0,0,0,19-APR-2021,
OPTSTK,ASIANPAINT,27-May-2021,2900,PE,0,0,0,539.2,347.85,0,0,0,0,19-APR-2021,
OPTSTK,ASIANPAINT,27-May-2021,2920,PE,0,0,0,556.4,364.75,0,0,0,0,19-APR-2021,
OPTSTK,ASIANPAINT,27-May-2021,2940,PE,0,0,0,573.8,381.95,0,0,0,0,19-APR-2021,
OPTSTK,ASIANPAINT,27-May-2021,2960,PE,0,0,0,591.3,399.35,0,0,0,0,19-APR-2021,
OPTSTK,ASIANPAINT,27-May-2021,2980,PE,0,0,0,609,417,0,0,0,0,19-APR-2021,
OPTSTK,ASIANPAINT,27-May-2021,3000,PE,0,0,0,626.8,434.8,0,0,0,0,19-APR-2021,
OPTSTK,ASIANPAINT,27-May-2021,3020,PE,0,0,0,644.7,452.85,0,0,0,0,19-APR-2021,
OPTSTK,ASIANPAINT,27-May-2021,3040,PE,0,0,0,662.7,471,0,0,0,0,19-APR-2021,
OPTSTK,ASIANPAINT,27-May-2021,3060,PE,0,0,0,680.85,489.4,0,0,0,0,19-APR-2021,
OPTSTK,ASIANPAINT,27-May-2021,3080,PE,0,0,0,699.1,507.9,0,0,0,0,19-APR-2021,
OPTSTK,ASIANPAINT,27-May-2021,3100,PE,0,0,0,717.45,526.55,0,0,0,0,19-APR-2021,
OPTSTK,ASIANPAINT,27-May-2021,3120,PE,0,0,0,735.85,545.3,0,0,0,0,19-APR-2021,
OPTSTK,ASIANPAINT,27-May-2021,3140,PE,0,0,0,754.4,564.2,0,0,0,0,19-APR-2021,
OPTSTK,ASIANPAINT,27-May-2021,3160,PE,0,0,0,773,583.15,0,0,0,0,19-APR-2021,
OPTSTK,ASIANPAINT,27-May-2021,3180,PE,0,0,0,791.65,602.25,0,0,0,0,19-APR-2021,
OPTSTK,ASIANPAINT,24-Jun-2021,1880,CE,0,0,0,556,707.85,0,0,0,0,19-APR-2021,
OPTSTK,ASIANPAINT,24-Jun-2021,1900,CE,0,0,0,538.35,688.6,0,0,0,0,19-APR-2021,
OPTSTK,ASIANPAINT,24-Jun-2021,1920,CE,0,0,0,520.95,669.45,0,0,0,0,19-APR-2021,
OPTSTK,ASIANPAINT,24-Jun-2021,1940,CE,0,0,0,503.75,650.45,0,0,0,0,19-APR-2021,
OPTSTK,ASIANPAINT,24-Jun-2021,1960,CE,0,0,0,486.75,631.5,0,0,0,0,19-APR-2021,
OPTSTK,ASIANPAINT,24-Jun-2021,1980,CE,0,0,0,470.05,612.75,0,0,0,0,19-APR-2021,
OPTSTK,ASIANPAINT,24-Jun-2021,2000,CE,0,0,0,453.6,594.1,0,0,0,0,19-APR-2021,
OPTSTK,ASIANPAINT,24-Jun-2021,2020,CE,0,0,0,437.45,575.6,0,0,0,0,19-APR-2021,
OPTSTK,ASIANPAINT,24-Jun-2021,2040,CE,0,0,0,421.55,557.3,0,0,0,0,19-APR-2021,
OPTSTK,ASIANPAINT,24-Jun-2021,2060,CE,0,0,0,405.95,539.15,0,0,0,0,19-APR-2021,
OPTSTK,ASIANPAINT,24-Jun-2021,2080,CE,0,0,0,390.65,521.2,0,0,0,0,19-APR-2021,
OPTSTK,ASIANPAINT,24-Jun-2021,2100,CE,0,0,0,375.65,503.5,0,0,0,0,19-APR-2021,
OPTSTK,ASIANPAINT,24-Jun-2021,2120,CE,0,0,0,361.05,486,0,0,0,0,19-APR-2021,
OPTSTK,ASIANPAINT,24-Jun-2021,2140,CE,0,0,0,346.7,468.7,0,0,0,0,19-APR-2021,
OPTSTK,ASIANPAINT,24-Jun-2021,2160,CE,0,0,0,332.7,451.7,0,0,0,0,19-APR-2021,
OPTSTK,ASIANPAINT,24-Jun-2021,2180,CE,0,0,0,318.9,434.95,0,0,0,0,19-APR-2021,
OPTSTK,ASIANPAINT,24-Jun-2021,2200,CE,0,0,0,305.6,418.45,0,0,0,0,19-APR-2021,
OPTSTK,ASIANPAINT,24-Jun-2021,2220,CE,0,0,0,292.6,402.3,0,0,0,0,19-APR-2021,
OPTSTK,ASIANPAINT,24-Jun-2021,2240,CE,0,0,0,280,386.4,0,0,0,0,19-APR-2021,
OPTSTK,ASIANPAINT,24-Jun-2021,2260,CE,0,0,0,267.7,370.8,0,0,0,0,19-APR-2021,
OPTSTK,ASIANPAINT,24-Jun-2021,2280,CE,0,0,0,255.8,355.55,0,0,0,0,19-APR-2021,
OPTSTK,ASIANPAINT,24-Jun-2021,2300,CE,0,0,0,244.25,340.75,0,0,0,0,19-APR-2021,
OPTSTK,ASIANPAINT,24-Jun-2021,2320,CE,0,0,0,233.05,326.15,0,0,0,0,19-APR-2021,
OPTSTK,ASIANPAINT,24-Jun-2021,2340,CE,0,0,0,222.25,311.9,0,0,0,0,19-APR-2021,
OPTSTK,ASIANPAINT,24-Jun-2021,2360,CE,0,0,0,211.75,297.95,0,0,0,0,19-APR-2021,
OPTSTK,ASIANPAINT,24-Jun-2021,2380,CE,0,0,0,201.65,284.45,0,0,0,0,19-APR-2021,
OPTSTK,ASIANPAINT,24-Jun-2021,2400,CE,0,0,0,191.85,271.3,0,0,0,0,19-APR-2021,
OPTSTK,ASIANPAINT,24-Jun-2021,2420,CE,0,0,0,182.45,258.6,0,0,0,0,19-APR-2021,
OPTSTK,ASIANPAINT,24-Jun-2021,2440,CE,0,0,0,173.35,246.2,0,0,0,0,19-APR-2021,
OPTSTK,ASIANPAINT,24-Jun-2021,2460,CE,0,0,0,164.65,234.25,0,0,0,0,19-APR-2021,
OPTSTK,ASIANPAINT,24-Jun-2021,2480,CE,0,0,0,156.25,222.65,0,0,0,0,19-APR-2021,
OPTSTK,ASIANPAINT,24-Jun-2021,2500,CE,0,0,0,250,211.45,0,0,300,0,19-APR-2021,
OPTSTK,ASIANPAINT,24-Jun-2021,2520,CE,0,0,0,140.45,200.65,0,0,0,0,19-APR-2021,
OPTSTK,ASIANPAINT,24-Jun-2021,2540,CE,0,0,0,133,190.2,0,0,0,0,19-APR-2021,
OPTSTK,ASIANPAINT,24-Jun-2021,2560,CE,0,0,0,125.9,180.15,0,0,0,0,19-APR-2021,
OPTSTK,ASIANPAINT,24-Jun-2021,2580,CE,0,0,0,119.1,170.5,0,0,0,0,19-APR-2021,
OPTSTK,ASIANPAINT,24-Jun-2021,2600,CE,0,0,0,112.6,161.25,0,0,0,0,19-APR-2021,
OPTSTK,ASIANPAINT,24-Jun-2021,2620,CE,0,0,0,106.35,152.35,0,0,0,0,19-APR-2021,
OPTSTK,ASIANPAINT,24-Jun-2021,2640,CE,0,0,0,100.45,143.8,0,0,0,0,19-APR-2021,
OPTSTK,ASIANPAINT,24-Jun-2021,2660,CE,0,0,0,94.75,135.6,0,0,0,0,19-APR-2021,
OPTSTK,ASIANPAINT,24-Jun-2021,2680,CE,0,0,0,89.35,127.8,0,0,0,0,19-APR-2021,
OPTSTK,ASIANPAINT,24-Jun-2021,2700,CE,0,0,0,84.35,120.35,0,0,0,0,19-APR-2021,
OPTSTK,ASIANPAINT,24-Jun-2021,2720,CE,0,0,0,79.45,113.2,0,0,0,0,19-APR-2021,
OPTSTK,ASIANPAINT,24-Jun-2021,2740,CE,0,0,0,74.85,106.4,0,0,0,0,19-APR-2021,
OPTSTK,ASIANPAINT,24-Jun-2021,2760,CE,0,0,0,70.45,99.95,0,0,0,0,19-APR-2021,
OPTSTK,ASIANPAINT,24-Jun-2021,2780,CE,0,0,0,66.25,93.8,0,0,0,0,19-APR-2021,
OPTSTK,ASIANPAINT,24-Jun-2021,2800,CE,0,0,0,62.2,87.95,0,0,0,0,19-APR-2021,
OPTSTK,ASIANPAINT,24-Jun-2021,2820,CE,0,0,0,58.45,82.4,0,0,0,0,19-APR-2021,
OPTSTK,ASIANPAINT,24-Jun-2021,2840,CE,0,0,0,54.85,77.15,0,0,0,0,19-APR-2021,
OPTSTK,ASIANPAINT,24-Jun-2021,2860,CE,0,0,0,51.5,72.3,0,0,0,0,19-APR-2021,
OPTSTK,ASIANPAINT,24-Jun-2021,2880,CE,0,0,0,48.3,67.6,0,0,0,0,19-APR-2021,
OPTSTK,ASIANPAINT,24-Jun-2021,2900,CE,0,0,0,45.3,63.2,0,0,0,0,19-APR-2021,
OPTSTK,ASIANPAINT,24-Jun-2021,2920,CE,0,0,0,42.4,59,0,0,0,0,19-APR-2021,
OPTSTK,ASIANPAINT,24-Jun-2021,2940,CE,0,0,0,39.75,54.95,0,0,0,0,19-APR-2021,
OPTSTK,ASIANPAINT,24-Jun-2021,2960,CE,0,0,0,37.2,51.2,0,0,0,0,19-APR-2021,
OPTSTK,ASIANPAINT,24-Jun-2021,2980,CE,0,0,0,34.8,47.7,0,0,0,0,19-APR-2021,
OPTSTK,ASIANPAINT,24-Jun-2021,3000,CE,0,0,0,32.55,44.4,0,0,0,0,19-APR-2021,
OPTSTK,ASIANPAINT,24-Jun-2021,3020,CE,0,0,0,30.4,41.3,0,0,0,0,19-APR-2021,
OPTSTK,ASIANPAINT,24-Jun-2021,3040,CE,0,0,0,28.4,38.4,0,0,0,0,19-APR-2021,
OPTSTK,ASIANPAINT,24-Jun-2021,3060,CE,0,0,0,26.55,35.65,0,0,0,0,19-APR-2021,
OPTSTK,ASIANPAINT,24-Jun-2021,3080,CE,0,0,0,24.75,33.1,0,0,0,0,19-APR-2021,
OPTSTK,ASIANPAINT,24-Jun-2021,3100,CE,0,0,0,23.1,30.7,0,0,0,0,19-APR-2021,
OPTSTK,ASIANPAINT,24-Jun-2021,3120,CE,0,0,0,21.55,28.45,0,0,0,0,19-APR-2021,
OPTSTK,ASIANPAINT,24-Jun-2021,3140,CE,0,0,0,20.1,26.35,0,0,0,0,19-APR-2021,
OPTSTK,ASIANPAINT,24-Jun-2021,3160,CE,0,0,0,18.7,24.4,0,0,0,0,19-APR-2021,
OPTSTK,ASIANPAINT,24-Jun-2021,3180,CE,0,0,0,17.45,22.55,0,0,0,0,19-APR-2021,
OPTSTK,ASIANPAINT,24-Jun-2021,1880,PE,0,0,0,16.3,3.25,0,0,0,0,19-APR-2021,
OPTSTK,ASIANPAINT,24-Jun-2021,1900,PE,0,0,0,18.45,3.85,0,0,0,0,19-APR-2021,
OPTSTK,ASIANPAINT,24-Jun-2021,1920,PE,0,0,0,20.85,4.6,0,0,0,0,19-APR-2021,
OPTSTK,ASIANPAINT,24-Jun-2021,1940,PE,0,0,0,23.5,5.4,0,0,0,0,19-APR-2021,
OPTSTK,ASIANPAINT,24-Jun-2021,1960,PE,0,0,0,26.35,6.35,0,0,0,0,19-APR-2021,
OPTSTK,ASIANPAINT,24-Jun-2021,1980,PE,0,0,0,29.45,7.45,0,0,0,0,19-APR-2021,
OPTSTK,ASIANPAINT,24-Jun-2021,2000,PE,0,0,0,32.8,8.7,0,0,0,0,19-APR-2021,
OPTSTK,ASIANPAINT,24-Jun-2021,2020,PE,0,0,0,36.45,10.05,0,0,0,0,19-APR-2021,
OPTSTK,ASIANPAINT,24-Jun-2021,2040,PE,0,0,0,40.35,11.6,0,0,0,0,19-APR-2021,
OPTSTK,ASIANPAINT,24-Jun-2021,2060,PE,0,0,0,44.6,13.35,0,0,0,0,19-APR-2021,
OPTSTK,ASIANPAINT,24-Jun-2021,2080,PE,0,0,0,49.1,15.25,0,0,0,0,19-APR-2021,
OPTSTK,ASIANPAINT,24-Jun-2021,2100,PE,0,0,0,53.9,17.4,0,0,0,0,19-APR-2021,
OPTSTK,ASIANPAINT,24-Jun-2021,2120,PE,0,0,0,59.15,19.75,0,0,0,0,19-APR-2021,
OPTSTK,ASIANPAINT,24-Jun-2021,2140,PE,0,0,0,64.6,22.35,0,0,0,0,19-APR-2021,
OPTSTK,ASIANPAINT,24-Jun-2021,2160,PE,0,0,0,70.4,25.2,0,0,0,0,19-APR-2021,
OPTSTK,ASIANPAINT,24-Jun-2021,2180,PE,0,0,0,76.4,28.3,0,0,0,0,19-APR-2021,
OPTSTK,ASIANPAINT,24-Jun-2021,2200,PE,0,0,0,82.9,31.7,0,0,0,0,19-APR-2021,
OPTSTK,ASIANPAINT,24-Jun-2021,2220,PE,0,0,0,89.75,35.4,0,0,0,0,19-APR-2021,
OPTSTK,ASIANPAINT,24-Jun-2021,2240,PE,0,0,0,96.95,39.35,0,0,0,0,19-APR-2021,
OPTSTK,ASIANPAINT,24-Jun-2021,2260,PE,0,0,0,104.5,43.65,0,0,0,0,19-APR-2021,
OPTSTK,ASIANPAINT,24-Jun-2021,2280,PE,0,0,0,112.4,48.25,0,0,0,0,19-APR-2021,
OPTSTK,ASIANPAINT,24-Jun-2021,2300,PE,0,0,0,120.65,53.3,0,0,0,0,19-APR-2021,
OPTSTK,ASIANPAINT,24-Jun-2021,2320,PE,0,0,0,129.3,58.55,0,0,0,0,19-APR-2021,
OPTSTK,ASIANPAINT,24-Jun-2021,2340,PE,0,0,0,138.25,64.2,0,0,0,0,19-APR-2021,
OPTSTK,ASIANPAINT,24-Jun-2021,2360,PE,0,0,0,147.6,70.1,0,0,0,0,19-APR-2021,
OPTSTK,ASIANPAINT,24-Jun-2021,2380,PE,0,0,0,157.3,76.45,0,0,0,0,19-APR-2021,
OPTSTK,ASIANPAINT,24-Jun-2021,2400,PE,0,0,0,167.35,83.2,0,0,0,0,19-APR-2021,
OPTSTK,ASIANPAINT,24-Jun-2021,2420,PE,0,0,0,177.7,90.3,0,0,0,0,19-APR-2021,
OPTSTK,ASIANPAINT,24-Jun-2021,2440,PE,0,0,0,188.45,97.85,0,0,0,0,19-APR-2021,
OPTSTK,ASIANPAINT,24-Jun-2021,2460,PE,0,0,0,199.55,105.7,0,0,0,0,19-APR-2021,
OPTSTK,ASIANPAINT,24-Jun-2021,2480,PE,0,0,0,210.95,114,0,0,0,0,19-APR-2021,
OPTSTK,ASIANPAINT,24-Jun-2021,2500,PE,0,0,0,222.7,122.65,0,0,0,0,19-APR-2021,
OPTSTK,ASIANPAINT,24-Jun-2021,2520,PE,0,0,0,234.8,131.7,0,0,0,0,19-APR-2021,
OPTSTK,ASIANPAINT,24-Jun-2021,2540,PE,0,0,0,247.15,141.15,0,0,0,0,19-APR-2021,
OPTSTK,ASIANPAINT,24-Jun-2021,2560,PE,0,0,0,259.9,150.95,0,0,0,0,19-APR-2021,
OPTSTK,ASIANPAINT,24-Jun-2021,2580,PE,0,0,0,272.9,161.2,0,0,0,0,19-APR-2021,
OPTSTK,ASIANPAINT,24-Jun-2021,2600,PE,0,0,0,286.2,171.75,0,0,0,0,19-APR-2021,
OPTSTK,ASIANPAINT,24-Jun-2021,2620,PE,0,0,0,299.8,182.7,0,0,0,0,19-APR-2021,
OPTSTK,ASIANPAINT,24-Jun-2021,2640,PE,0,0,0,313.65,194.05,0,0,0,0,19-APR-2021,
OPTSTK,ASIANPAINT,24-Jun-2021,2660,PE,0,0,0,327.8,205.75,0,0,0,0,19-APR-2021,
OPTSTK,ASIANPAINT,24-Jun-2021,2680,PE,0,0,0,342.25,217.8,0,0,0,0,19-APR-2021,
OPTSTK,ASIANPAINT,24-Jun-2021,2700,PE,0,0,0,357,230.2,0,0,0,0,19-APR-2021,
OPTSTK,ASIANPAINT,24-Jun-2021,2720,PE,0,0,0,371.95,242.95,0,0,0,0,19-APR-2021,
OPTSTK,ASIANPAINT,24-Jun-2021,2740,PE,0,0,0,387.15,256,0,0,0,0,19-APR-2021,
OPTSTK,ASIANPAINT,24-Jun-2021,2760,PE,0,0,0,402.55,269.4,0,0,0,0,19-APR-2021,
OPTSTK,ASIANPAINT,24-Jun-2021,2780,PE,0,0,0,418.2,283.1,0,0,0,0,19-APR-2021,
OPTSTK,ASIANPAINT,24-Jun-2021,2800,PE,0,0,0,433.95,297.15,0,0,0,0,19-APR-2021,
OPTSTK,ASIANPAINT,24-Jun-2021,2820,PE,0,0,0,450,311.45,0,0,0,0,19-APR-2021,
OPTSTK,ASIANPAINT,24-Jun-2021,2840,PE,0,0,0,466.25,326.05,0,0,0,0,19-APR-2021,
OPTSTK,ASIANPAINT,24-Jun-2021,2860,PE,0,0,0,482.7,341.1,0,0,0,0,19-APR-2021,
OPTSTK,ASIANPAINT,24-Jun-2021,2880,PE,0,0,0,499.3,356.25,0,0,0,0,19-APR-2021,
OPTSTK,ASIANPAINT,24-Jun-2021,2900,PE,0,0,0,516.1,371.7,0,0,0,0,19-APR-2021,
OPTSTK,ASIANPAINT,24-Jun-2021,2920,PE,0,0,0,533.05,387.4,0,0,0,0,19-APR-2021,
OPTSTK,ASIANPAINT,24-Jun-2021,2940,PE,0,0,0,550.15,403.2,0,0,0,0,19-APR-2021,
OPTSTK,ASIANPAINT,24-Jun-2021,2960,PE,0,0,0,567.45,419.3,0,0,0,0,19-APR-2021,
OPTSTK,ASIANPAINT,24-Jun-2021,2980,PE,0,0,0,584.85,435.65,0,0,0,0,19-APR-2021,
OPTSTK,ASIANPAINT,24-Jun-2021,3000,PE,0,0,0,602.4,452.25,0,0,0,0,19-APR-2021,
OPTSTK,ASIANPAINT,24-Jun-2021,3020,PE,0,0,0,620.1,469,0,0,0,0,19-APR-2021,
OPTSTK,ASIANPAINT,24-Jun-2021,3040,PE,0,0,0,637.95,485.95,0,0,0,0,19-APR-2021,
OPTSTK,ASIANPAINT,24-Jun-2021,3060,PE,0,0,0,655.85,503.05,0,0,0,0,19-APR-2021,
OPTSTK,ASIANPAINT,24-Jun-2021,3080,PE,0,0,0,673.9,520.35,0,0,0,0,19-APR-2021,
OPTSTK,ASIANPAINT,24-Jun-2021,3100,PE,0,0,0,692.05,537.85,0,0,0,0,19-APR-2021,
OPTSTK,ASIANPAINT,24-Jun-2021,3120,PE,0,0,0,710.3,555.45,0,0,0,0,19-APR-2021,
OPTSTK,ASIANPAINT,24-Jun-2021,3140,PE,0,0,0,728.65,573.2,0,0,0,0,19-APR-2021,
OPTSTK,ASIANPAINT,24-Jun-2021,3160,PE,0,0,0,747.1,591.15,0,0,0,0,19-APR-2021,
OPTSTK,ASIANPAINT,24-Jun-2021,3180,PE,0,0,0,765.65,609.15,0,0,0,0,19-APR-2021,
OPTSTK,AUBANK,29-Apr-2021,820,CE,0,0,0,352,197.2,0,0,0,0,19-APR-2021,
OPTSTK,AUBANK,29-Apr-2021,840,CE,0,0,0,332.15,177.7,0,0,0,0,19-APR-2021,
OPTSTK,AUBANK,29-Apr-2021,860,CE,0,0,0,312.25,158.55,0,0,0,0,19-APR-2021,
OPTSTK,AUBANK,29-Apr-2021,880,CE,0,0,0,292.4,139.85,0,0,0,0,19-APR-2021,
OPTSTK,AUBANK,29-Apr-2021,900,CE,0,0,0,272.55,121.85,0,0,0,0,19-APR-2021,
OPTSTK,AUBANK,29-Apr-2021,920,CE,0,0,0,252.65,104.7,0,0,0,0,19-APR-2021,
OPTSTK,AUBANK,29-Apr-2021,940,CE,0,0,0,232.8,88.7,0,0,0,0,19-APR-2021,
OPTSTK,AUBANK,29-Apr-2021,960,CE,0,0,0,212.9,73.95,0,0,0,0,19-APR-2021,
OPTSTK,AUBANK,29-Apr-2021,980,CE,0,0,0,193.05,60.65,0,0,0,0,19-APR-2021,
OPTSTK,AUBANK,29-Apr-2021,1000,CE,60,60,45,54.95,54.95,32,167.92,7500,7500,19-APR-2021,
OPTSTK,AUBANK,29-Apr-2021,1020,CE,38.25,38.25,38.25,38.25,38.75,2,10.58,1000,1000,19-APR-2021,
OPTSTK,AUBANK,29-Apr-2021,1040,CE,0,0,0,133.45,30.2,0,0,0,0,19-APR-2021,
OPTSTK,AUBANK,29-Apr-2021,1060,CE,23,29.5,20,26.75,26.75,15,81.43,4000,4000,19-APR-2021,
OPTSTK,AUBANK,29-Apr-2021,1080,CE,20.55,26.65,17.05,20.3,20.3,64,351.94,9000,-2000,19-APR-2021,
OPTSTK,AUBANK,29-Apr-2021,1100,CE,16.3,20.25,11.65,16,16,293,1634.14,72000,32000,19-APR-2021,
OPTSTK,AUBANK,29-Apr-2021,1120,CE,6,12.55,6,12.05,12.05,8,45.24,1500,-500,19-APR-2021,
OPTSTK,AUBANK,29-Apr-2021,1140,CE,9,10.5,8,9.2,9.2,5,28.72,2500,1000,19-APR-2021,
OPTSTK,AUBANK,29-Apr-2021,1160,CE,6.5,7.15,6.5,7.05,7.05,11,64.18,9500,0,19-APR-2021,
OPTSTK,AUBANK,29-Apr-2021,1180,CE,6,6,4.1,4.1,4.1,5,29.63,2500,0,19-APR-2021,
OPTSTK,AUBANK,29-Apr-2021,1200,CE,7.85,7.85,4.35,4.9,4.9,122,735.24,51000,2000,19-APR-2021,
OPTSTK,AUBANK,29-Apr-2021,1220,CE,3.2,4.85,3.2,4.6,4.6,9,55.08,8000,-1500,19-APR-2021,
OPTSTK,AUBANK,29-Apr-2021,1240,CE,3,4,3,4,4,26,161.65,26000,-7000,19-APR-2021,
OPTSTK,AUBANK,29-Apr-2021,1260,CE,3.5,4.5,3.5,3.5,0.65,15,94.77,17000,-2500,19-APR-2021,
OPTSTK,AUBANK,29-Apr-2021,1280,CE,4,4.2,3.45,3.45,3.45,9,57.77,12000,2500,19-APR-2021,
OPTSTK,AUBANK,29-Apr-2021,1300,CE,2.3,3.5,2.3,2.75,2.75,90,586.35,295000,-1500,19-APR-2021,
OPTSTK,AUBANK,29-Apr-2021,1320,CE,0,0,0,0.05,0.15,0,0,0,0,19-APR-2021,
OPTSTK,AUBANK,29-Apr-2021,1340,CE,2,2,2,2,0.1,1,6.71,5500,-500,19-APR-2021,
OPTSTK,AUBANK,29-Apr-2021,1360,CE,1,1,1,1,0.1,2,13.61,4500,-1000,19-APR-2021,
OPTSTK,AUBANK,29-Apr-2021,1380,CE,0,0,0,25,0.05,0,0,500,0,19-APR-2021,
OPTSTK,AUBANK,29-Apr-2021,1400,CE,0.25,1.2,0.25,0.8,0.8,8,56.03,16500,-1500,19-APR-2021,
OPTSTK,AUBANK,29-Apr-2021,1420,CE,0,0,0,0.05,0.05,0,0,0,0,19-APR-2021,
OPTSTK,AUBANK,29-Apr-2021,1440,CE,1.5,1.5,0.2,0.2,0.05,4,28.81,2500,0,19-APR-2021,
OPTSTK,AUBANK,29-Apr-2021,1460,CE,0,0,0,0.05,0,0,0,0,0,19-APR-2021,
OPTSTK,AUBANK,29-Apr-2021,1480,CE,0,0,0,0.05,0,0,0,0,0,19-APR-2021,
OPTSTK,AUBANK,29-Apr-2021,1500,CE,0.35,1,0.35,1,0,8,60.03,7000,-4000,19-APR-2021,
OPTSTK,AUBANK,29-Apr-2021,1520,CE,0,0,0,0.05,0,0,0,0,0,19-APR-2021,
OPTSTK,AUBANK,29-Apr-2021,1540,CE,0,0,0,0.05,0,0,0,0,0,19-APR-2021,
OPTSTK,AUBANK,29-Apr-2021,820,PE,0,0,0,0.05,0.5,0,0,0,0,19-APR-2021,
OPTSTK,AUBANK,29-Apr-2021,840,PE,0,0,0,0.05,0.95,0,0,0,0,19-APR-2021,
OPTSTK,AUBANK,29-Apr-2021,860,PE,0,0,0,0.05,1.75,0,0,0,0,19-APR-2021,
OPTSTK,AUBANK,29-Apr-2021,880,PE,0,0,0,0.05,3.05,0,0,0,0,19-APR-2021,
OPTSTK,AUBANK,29-Apr-2021,900,PE,10,16,8.55,11.1,11.1,115,524.35,25000,16000,19-APR-2021,
OPTSTK,AUBANK,29-Apr-2021,920,PE,15,15,15,15,15,1,4.67,500,500,19-APR-2021,
OPTSTK,AUBANK,29-Apr-2021,940,PE,20,20,14,17,17,2,9.57,0,0,19-APR-2021,
OPTSTK,AUBANK,29-Apr-2021,960,PE,20,27,20,27,17.1,3,14.76,500,500,19-APR-2021,
OPTSTK,AUBANK,29-Apr-2021,980,PE,40,40,25,29.2,29.2,35,177.34,8500,5000,19-APR-2021,
OPTSTK,AUBANK,29-Apr-2021,1000,PE,40.55,56,31.2,35.9,35.9,159,828.96,27500,6500,19-APR-2021,
OPTSTK,AUBANK,29-Apr-2021,1020,PE,48.4,55.3,47.95,48,41.85,4,21.39,2000,500,19-APR-2021,
OPTSTK,AUBANK,29-Apr-2021,1040,PE,68.35,75,58.9,58.9,53.25,10,55.57,3000,-3500,19-APR-2021,
OPTSTK,AUBANK,29-Apr-2021,1060,PE,0,0,0,0.05,66.15,0,0,0,0,19-APR-2021,
OPTSTK,AUBANK,29-Apr-2021,1080,PE,99.95,100,95.4,95.4,80.4,5,29.46,1000,-1500,19-APR-2021,
OPTSTK,AUBANK,29-Apr-2021,1100,PE,84,117.9,64,99.65,95.85,7,42.03,35500,-500,19-APR-2021,
OPTSTK,AUBANK,29-Apr-2021,1120,PE,0,0,0,68,112.3,0,0,1000,0,19-APR-2021,
OPTSTK,AUBANK,29-Apr-2021,1140,PE,0,0,0,33,129.6,0,0,500,0,19-APR-2021,
OPTSTK,AUBANK,29-Apr-2021,1160,PE,0,0,0,105.7,147.6,0,0,3000,0,19-APR-2021,
OPTSTK,AUBANK,29-Apr-2021,1180,PE,0,0,0,104.7,166.15,0,0,4000,0,19-APR-2021,
OPTSTK,AUBANK,29-Apr-2021,1200,PE,200,200,200,200,185.1,2,14,22500,1000,19-APR-2021,
OPTSTK,AUBANK,29-Apr-2021,1220,PE,0,0,0,51.95,204.35,0,0,1500,0,19-APR-2021,
OPTSTK,AUBANK,29-Apr-2021,1240,PE,0,0,0,60.35,223.85,0,0,500,0,19-APR-2021,
OPTSTK,AUBANK,29-Apr-2021,1260,PE,0,0,0,85.2,243.5,0,0,0,0,19-APR-2021,
OPTSTK,AUBANK,29-Apr-2021,1280,PE,0,0,0,87,263.25,0,0,1000,0,19-APR-2021,
OPTSTK,AUBANK,29-Apr-2021,1300,PE,0,0,0,70,283.1,0,0,1500,0,19-APR-2021,
OPTSTK,AUBANK,29-Apr-2021,1320,PE,0,0,0,144.8,302.95,0,0,0,0,19-APR-2021,
OPTSTK,AUBANK,29-Apr-2021,1340,PE,0,0,0,164.65,322.9,0,0,0,0,19-APR-2021,
OPTSTK,AUBANK,29-Apr-2021,1360,PE,0,0,0,184.55,342.85,0,0,0,0,19-APR-2021,
OPTSTK,AUBANK,29-Apr-2021,1380,PE,0,0,0,204.4,362.8,0,0,0,0,19-APR-2021,
OPTSTK,AUBANK,29-Apr-2021,1400,PE,0,0,0,224.3,382.75,0,0,0,0,19-APR-2021,
OPTSTK,AUBANK,29-Apr-2021,1420,PE,0,0,0,244.15,402.7,0,0,0,0,19-APR-2021,
OPTSTK,AUBANK,29-Apr-2021,1440,PE,0,0,0,264.05,422.7,0,0,0,0,19-APR-2021,
OPTSTK,AUBANK,29-Apr-2021,1460,PE,0,0,0,283.9,442.65,0,0,0,0,19-APR-2021,
OPTSTK,AUBANK,29-Apr-2021,1480,PE,0,0,0,303.75,462.65,0,0,0,0,19-APR-2021,
OPTSTK,AUBANK,29-Apr-2021,1500,PE,0,0,0,323.65,482.65,0,0,0,0,19-APR-2021,
OPTSTK,AUBANK,29-Apr-2021,1520,PE,0,0,0,343.5,502.6,0,0,0,0,19-APR-2021,
OPTSTK,AUBANK,29-Apr-2021,1540,PE,0,0,0,363.4,522.6,0,0,0,0,19-APR-2021,
OPTSTK,AUBANK,27-May-2021,820,CE,0,0,0,354.35,210.6,0,0,0,0,19-APR-2021,
OPTSTK,AUBANK,27-May-2021,840,CE,0,0,0,334.55,194,0,0,0,0,19-APR-2021,
OPTSTK,AUBANK,27-May-2021,860,CE,0,0,0,314.7,178.05,0,0,0,0,19-APR-2021,
OPTSTK,AUBANK,27-May-2021,880,CE,0,0,0,294.9,162.8,0,0,0,0,19-APR-2021,
OPTSTK,AUBANK,27-May-2021,900,CE,0,0,0,275.1,148.3,0,0,0,0,19-APR-2021,
OPTSTK,AUBANK,27-May-2021,920,CE,0,0,0,255.3,134.5,0,0,0,0,19-APR-2021,
OPTSTK,AUBANK,27-May-2021,940,CE,0,0,0,235.45,121.6,0,0,0,0,19-APR-2021,
OPTSTK,AUBANK,27-May-2021,960,CE,0,0,0,215.65,109.55,0,0,0,0,19-APR-2021,
OPTSTK,AUBANK,27-May-2021,980,CE,0,0,0,195.85,98.3,0,0,0,0,19-APR-2021,
OPTSTK,AUBANK,27-May-2021,1000,CE,0,0,0,176.05,87.85,0,0,0,0,19-APR-2021,
OPTSTK,AUBANK,27-May-2021,1020,CE,0,0,0,156.2,78.25,0,0,0,0,19-APR-2021,
OPTSTK,AUBANK,27-May-2021,1040,CE,0,0,0,136.4,69.5,0,0,0,0,19-APR-2021,
OPTSTK,AUBANK,27-May-2021,1060,CE,0,0,0,116.6,61.45,0,0,0,0,19-APR-2021,
OPTSTK,AUBANK,27-May-2021,1080,CE,0,0,0,96.75,54.2,0,0,0,0,19-APR-2021,
OPTSTK,AUBANK,27-May-2021,1100,CE,0,0,0,76.95,47.6,0,0,0,0,19-APR-2021,
OPTSTK,AUBANK,27-May-2021,1120,CE,0,0,0,57.15,41.7,0,0,0,0,19-APR-2021,
OPTSTK,AUBANK,27-May-2021,1140,CE,0,0,0,37.35,36.45,0,0,0,0,19-APR-2021,
OPTSTK,AUBANK,27-May-2021,1160,CE,0,0,0,17.5,31.75,0,0,0,0,19-APR-2021,
OPTSTK,AUBANK,27-May-2021,1180,CE,0,0,0,0.5,27.6,0,0,0,0,19-APR-2021,
OPTSTK,AUBANK,27-May-2021,1200,CE,0,0,0,0.05,23.85,0,0,0,0,19-APR-2021,
OPTSTK,AUBANK,27-May-2021,1220,CE,0,0,0,0.05,20.6,0,0,0,0,19-APR-2021,
OPTSTK,AUBANK,27-May-2021,1240,CE,0,0,0,0.05,17.75,0,0,0,0,19-APR-2021,
OPTSTK,AUBANK,27-May-2021,1260,CE,0,0,0,0.05,15.25,0,0,0,0,19-APR-2021,
OPTSTK,AUBANK,27-May-2021,1280,CE,0,0,0,0.05,13.05,0,0,0,0,19-APR-2021,
OPTSTK,AUBANK,27-May-2021,1300,CE,0,0,0,0.05,11.15,0,0,0,0,19-APR-2021,
OPTSTK,AUBANK,27-May-2021,1320,CE,0,0,0,0.05,9.5,0,0,0,0,19-APR-2021,
OPTSTK,AUBANK,27-May-2021,1340,CE,0,0,0,0.05,8.1,0,0,0,0,19-APR-2021,
OPTSTK,AUBANK,27-May-2021,1360,CE,0,0,0,0.05,6.9,0,0,0,0,19-APR-2021,
OPTSTK,AUBANK,27-May-2021,1380,CE,0,0,0,0.05,5.85,0,0,0,0,19-APR-2021,
OPTSTK,AUBANK,27-May-2021,1400,CE,0,0,0,0.05,4.95,0,0,0,0,19-APR-2021,
OPTSTK,AUBANK,27-May-2021,1420,CE,0,0,0,0.05,4.15,0,0,0,0,19-APR-2021,
OPTSTK,AUBANK,27-May-2021,1440,CE,0,0,0,0.05,3.5,0,0,0,0,19-APR-2021,
OPTSTK,AUBANK,27-May-2021,1460,CE,0,0,0,0.05,2.95,0,0,0,0,19-APR-2021,
OPTSTK,AUBANK,27-May-2021,1480,CE,0,0,0,0.05,2.5,0,0,0,0,19-APR-2021,
OPTSTK,AUBANK,27-May-2021,1500,CE,0,0,0,0.05,2.1,0,0,0,0,19-APR-2021,
OPTSTK,AUBANK,27-May-2021,1520,CE,0,0,0,0.05,1.75,0,0,0,0,19-APR-2021,
OPTSTK,AUBANK,27-May-2021,1540,CE,0,0,0,0.05,1.45,0,0,0,0,19-APR-2021,
OPTSTK,AUBANK,27-May-2021,820,PE,0,0,0,0.05,11.5,0,0,0,0,19-APR-2021,
OPTSTK,AUBANK,27-May-2021,840,PE,0,0,0,0.05,14.8,0,0,0,0,19-APR-2021,
OPTSTK,AUBANK,27-May-2021,860,PE,0,0,0,0.05,18.8,0,0,0,0,19-APR-2021,
OPTSTK,AUBANK,27-May-2021,880,PE,0,0,0,0.05,23.45,0,0,0,0,19-APR-2021,
OPTSTK,AUBANK,27-May-2021,900,PE,34.95,34.95,34.95,34.95,28.9,1,4.67,1000,500,19-APR-2021,
OPTSTK,AUBANK,27-May-2021,920,PE,0,0,0,0.05,35.05,0,0,0,0,19-APR-2021,
OPTSTK,AUBANK,27-May-2021,940,PE,0,0,0,0.05,42.05,0,0,0,0,19-APR-2021,
OPTSTK,AUBANK,27-May-2021,960,PE,0,0,0,0.05,49.9,0,0,0,0,19-APR-2021,
OPTSTK,AUBANK,27-May-2021,980,PE,0,0,0,0.05,58.55,0,0,0,0,19-APR-2021,
OPTSTK,AUBANK,27-May-2021,1000,PE,0,0,0,0.05,68.05,0,0,0,0,19-APR-2021,
OPTSTK,AUBANK,27-May-2021,1020,PE,0,0,0,0.05,78.4,0,0,0,0,19-APR-2021,
OPTSTK,AUBANK,27-May-2021,1040,PE,0,0,0,0.05,89.55,0,0,0,0,19-APR-2021,
OPTSTK,AUBANK,27-May-2021,1060,PE,0,0,0,0.05,101.45,0,0,0,0,19-APR-2021,
OPTSTK,AUBANK,27-May-2021,1080,PE,0,0,0,0.05,114.1,0,0,0,0,19-APR-2021,
OPTSTK,AUBANK,27-May-2021,1100,PE,0,0,0,0.05,127.45,0,0,0,0,19-APR-2021,
OPTSTK,AUBANK,27-May-2021,1120,PE,0,0,0,0.05,141.45,0,0,0,0,19-APR-2021,
OPTSTK,AUBANK,27-May-2021,1140,PE,0,0,0,0.05,156.1,0,0,0,0,19-APR-2021,
OPTSTK,AUBANK,27-May-2021,1160,PE,0,0,0,0.05,171.35,0,0,0,0,19-APR-2021,
OPTSTK,AUBANK,27-May-2021,1180,PE,0,0,0,2.8,187.1,0,0,0,0,19-APR-2021,
OPTSTK,AUBANK,27-May-2021,1200,PE,0,0,0,22.15,203.3,0,0,0,0,19-APR-2021,
OPTSTK,AUBANK,27-May-2021,1220,PE,0,0,0,41.95,219.95,0,0,0,0,19-APR-2021,
OPTSTK,AUBANK,27-May-2021,1240,PE,0,0,0,61.8,237,0,0,0,0,19-APR-2021,
OPTSTK,AUBANK,27-May-2021,1260,PE,0,0,0,81.6,254.45,0,0,0,0,19-APR-2021,
OPTSTK,AUBANK,27-May-2021,1280,PE,0,0,0,101.4,272.15,0,0,0,0,19-APR-2021,
OPTSTK,AUBANK,27-May-2021,1300,PE,0,0,0,121.2,290.2,0,0,0,0,19-APR-2021,
OPTSTK,AUBANK,27-May-2021,1320,PE,0,0,0,141.05,308.45,0,0,0,0,19-APR-2021,
OPTSTK,AUBANK,27-May-2021,1340,PE,0,0,0,160.85,327,0,0,0,0,19-APR-2021,
OPTSTK,AUBANK,27-May-2021,1360,PE,0,0,0,180.65,345.7,0,0,0,0,19-APR-2021,
OPTSTK,AUBANK,27-May-2021,1380,PE,0,0,0,200.5,364.55,0,0,0,0,19-APR-2021,
OPTSTK,AUBANK,27-May-2021,1400,PE,0,0,0,220.3,383.6,0,0,0,0,19-APR-2021,
OPTSTK,AUBANK,27-May-2021,1420,PE,0,0,0,240.1,402.75,0,0,0,0,19-APR-2021,
OPTSTK,AUBANK,27-May-2021,1440,PE,0,0,0,259.9,422,0,0,0,0,19-APR-2021,
OPTSTK,AUBANK,27-May-2021,1460,PE,0,0,0,279.75,441.35,0,0,0,0,19-APR-2021,
OPTSTK,AUBANK,27-May-2021,1480,PE,0,0,0,299.55,460.8,0,0,0,0,19-APR-2021,
OPTSTK,AUBANK,27-May-2021,1500,PE,0,0,0,319.35,480.35,0,0,0,0,19-APR-2021,
OPTSTK,AUBANK,27-May-2021,1520,PE,0,0,0,339.2,499.9,0,0,0,0,19-APR-2021,
OPTSTK,AUBANK,27-May-2021,1540,PE,0,0,0,359,519.55,0,0,0,0,19-APR-2021,
OPTSTK,AUBANK,24-Jun-2021,820,CE,0,0,0,352.5,226.15,0,0,0,0,19-APR-2021,
OPTSTK,AUBANK,24-Jun-2021,840,CE,0,0,0,335.6,211.2,0,0,0,0,19-APR-2021,
OPTSTK,AUBANK,24-Jun-2021,860,CE,0,0,0,319.1,196.75,0,0,0,0,19-APR-2021,
OPTSTK,AUBANK,24-Jun-2021,880,CE,0,0,0,303.05,182.95,0,0,0,0,19-APR-2021,
OPTSTK,AUBANK,24-Jun-2021,900,CE,0,0,0,287.45,169.75,0,0,0,0,19-APR-2021,
OPTSTK,AUBANK,24-Jun-2021,920,CE,0,0,0,272.3,157.25,0,0,0,0,19-APR-2021,
OPTSTK,AUBANK,24-Jun-2021,940,CE,0,0,0,257.65,145.4,0,0,0,0,19-APR-2021,
OPTSTK,AUBANK,24-Jun-2021,960,CE,0,0,0,243.45,134.2,0,0,0,0,19-APR-2021,
OPTSTK,AUBANK,24-Jun-2021,980,CE,0,0,0,229.8,123.6,0,0,0,0,19-APR-2021,
OPTSTK,AUBANK,24-Jun-2021,1000,CE,0,0,0,216.6,113.7,0,0,0,0,19-APR-2021,
OPTSTK,AUBANK,24-Jun-2021,1020,CE,0,0,0,203.95,104.35,0,0,0,0,19-APR-2021,
OPTSTK,AUBANK,24-Jun-2021,1040,CE,0,0,0,191.8,95.65,0,0,0,0,19-APR-2021,
OPTSTK,AUBANK,24-Jun-2021,1060,CE,0,0,0,180.2,87.55,0,0,0,0,19-APR-2021,
OPTSTK,AUBANK,24-Jun-2021,1080,CE,0,0,0,169.15,80,0,0,0,0,19-APR-2021,
OPTSTK,AUBANK,24-Jun-2021,1100,CE,0,0,0,158.6,72.95,0,0,0,0,19-APR-2021,
OPTSTK,AUBANK,24-Jun-2021,1120,CE,0,0,0,148.5,66.45,0,0,0,0,19-APR-2021,
OPTSTK,AUBANK,24-Jun-2021,1140,CE,0,0,0,138.95,60.45,0,0,0,0,19-APR-2021,
OPTSTK,AUBANK,24-Jun-2021,1160,CE,0,0,0,129.9,54.95,0,0,0,0,19-APR-2021,
OPTSTK,AUBANK,24-Jun-2021,1180,CE,0,0,0,121.3,49.9,0,0,0,0,19-APR-2021,
OPTSTK,AUBANK,24-Jun-2021,1200,CE,0,0,0,113.2,45.2,0,0,0,0,19-APR-2021,
OPTSTK,AUBANK,24-Jun-2021,1220,CE,0,0,0,105.5,40.95,0,0,0,0,19-APR-2021,
OPTSTK,AUBANK,24-Jun-2021,1240,CE,0,0,0,98.3,37.05,0,0,0,0,19-APR-2021,
OPTSTK,AUBANK,24-Jun-2021,1260,CE,0,0,0,91.45,33.4,0,0,0,0,19-APR-2021,
OPTSTK,AUBANK,24-Jun-2021,1280,CE,0,0,0,85.05,30.15,0,0,0,0,19-APR-2021,
OPTSTK,AUBANK,24-Jun-2021,1300,CE,0,0,0,79.05,27.2,0,0,0,0,19-APR-2021,
OPTSTK,AUBANK,24-Jun-2021,1320,CE,0,0,0,73.4,24.45,0,0,0,0,19-APR-2021,
OPTSTK,AUBANK,24-Jun-2021,1340,CE,0,0,0,68.1,22,0,0,0,0,19-APR-2021,
OPTSTK,AUBANK,24-Jun-2021,1360,CE,0,0,0,63.2,19.8,0,0,0,0,19-APR-2021,
OPTSTK,AUBANK,24-Jun-2021,1380,CE,0,0,0,58.55,17.75,0,0,0,0,19-APR-2021,
OPTSTK,AUBANK,24-Jun-2021,1400,CE,0,0,0,54.25,15.95,0,0,0,0,19-APR-2021,
OPTSTK,AUBANK,24-Jun-2021,1420,CE,0,0,0,50.2,14.3,0,0,0,0,19-APR-2021,
OPTSTK,AUBANK,24-Jun-2021,1440,CE,0,0,0,46.45,12.8,0,0,0,0,19-APR-2021,
OPTSTK,AUBANK,24-Jun-2021,1460,CE,0,0,0,42.9,11.45,0,0,0,0,19-APR-2021,
OPTSTK,AUBANK,24-Jun-2021,1480,CE,0,0,0,39.65,10.25,0,0,0,0,19-APR-2021,
OPTSTK,AUBANK,24-Jun-2021,1500,CE,0,0,0,36.65,9.15,0,0,0,0,19-APR-2021,
OPTSTK,AUBANK,24-Jun-2021,1520,CE,0,0,0,33.8,8.2,0,0,0,0,19-APR-2021,
OPTSTK,AUBANK,24-Jun-2021,1540,CE,0,0,0,31.2,7.3,0,0,0,0,19-APR-2021,
OPTSTK,AUBANK,24-Jun-2021,820,PE,0,0,0,14.35,24.7,0,0,0,0,19-APR-2021,
OPTSTK,AUBANK,24-Jun-2021,840,PE,0,0,0,17.3,29.6,0,0,0,0,19-APR-2021,
OPTSTK,AUBANK,24-Jun-2021,860,PE,0,0,0,20.6,35.05,0,0,0,0,19-APR-2021,
OPTSTK,AUBANK,24-Jun-2021,880,PE,0,0,0,24.35,41.1,0,0,0,0,19-APR-2021,
OPTSTK,AUBANK,24-Jun-2021,900,PE,0,0,0,28.55,47.8,0,0,0,0,19-APR-2021,
OPTSTK,AUBANK,24-Jun-2021,920,PE,0,0,0,33.25,55.15,0,0,0,0,19-APR-2021,
OPTSTK,AUBANK,24-Jun-2021,940,PE,0,0,0,38.4,63.15,0,0,0,0,19-APR-2021,
OPTSTK,AUBANK,24-Jun-2021,960,PE,0,0,0,44.05,71.8,0,0,0,0,19-APR-2021,
OPTSTK,AUBANK,24-Jun-2021,980,PE,0,0,0,50.15,81.1,0,0,0,0,19-APR-2021,
OPTSTK,AUBANK,24-Jun-2021,1000,PE,0,0,0,56.8,91.05,0,0,0,0,19-APR-2021,
OPTSTK,AUBANK,24-Jun-2021,1020,PE,0,0,0,63.95,101.6,0,0,0,0,19-APR-2021,
OPTSTK,AUBANK,24-Jun-2021,1040,PE,0,0,0,71.65,112.75,0,0,0,0,19-APR-2021,
OPTSTK,AUBANK,24-Jun-2021,1060,PE,0,0,0,79.85,124.45,0,0,0,0,19-APR-2021,
OPTSTK,AUBANK,24-Jun-2021,1080,PE,0,0,0,88.6,136.8,0,0,0,0,19-APR-2021,
OPTSTK,AUBANK,24-Jun-2021,1100,PE,0,0,0,97.85,149.65,0,0,0,0,19-APR-2021,
OPTSTK,AUBANK,24-Jun-2021,1120,PE,0,0,0,107.6,163,0,0,0,0,19-APR-2021,
OPTSTK,AUBANK,24-Jun-2021,1140,PE,0,0,0,117.85,176.85,0,0,0,0,19-APR-2021,
OPTSTK,AUBANK,24-Jun-2021,1160,PE,0,0,0,128.6,191.2,0,0,0,0,19-APR-2021,
OPTSTK,AUBANK,24-Jun-2021,1180,PE,0,0,0,139.85,206,0,0,0,0,19-APR-2021,
OPTSTK,AUBANK,24-Jun-2021,1200,PE,0,0,0,151.5,221.2,0,0,0,0,19-APR-2021,
OPTSTK,AUBANK,24-Jun-2021,1220,PE,0,0,0,163.65,236.8,0,0,0,0,19-APR-2021,
OPTSTK,AUBANK,24-Jun-2021,1240,PE,0,0,0,176.25,252.75,0,0,0,0,19-APR-2021,
OPTSTK,AUBANK,24-Jun-2021,1260,PE,0,0,0,189.25,269,0,0,0,0,19-APR-2021,
OPTSTK,AUBANK,24-Jun-2021,1280,PE,0,0,0,202.65,285.6,0,0,0,0,19-APR-2021,
OPTSTK,AUBANK,24-Jun-2021,1300,PE,0,0,0,216.45,302.5,0,0,0,0,19-APR-2021,
OPTSTK,AUBANK,24-Jun-2021,1320,PE,0,0,0,230.6,319.65,0,0,0,0,19-APR-2021,
OPTSTK,AUBANK,24-Jun-2021,1340,PE,0,0,0,245.1,337.05,0,0,0,0,19-APR-2021,
OPTSTK,AUBANK,24-Jun-2021,1360,PE,0,0,0,260.05,354.7,0,0,0,0,19-APR-2021,
OPTSTK,AUBANK,24-Jun-2021,1380,PE,0,0,0,275.25,372.55,0,0,0,0,19-APR-2021,
OPTSTK,AUBANK,24-Jun-2021,1400,PE,0,0,0,290.7,390.6,0,0,0,0,19-APR-2021,
OPTSTK,AUBANK,24-Jun-2021,1420,PE,0,0,0,306.5,408.8,0,0,0,0,19-APR-2021,
OPTSTK,AUBANK,24-Jun-2021,1440,PE,0,0,0,322.55,427.2,0,0,0,0,19-APR-2021,
OPTSTK,AUBANK,24-Jun-2021,1460,PE,0,0,0,338.85,445.7,0,0,0,0,19-APR-2021,
OPTSTK,AUBANK,24-Jun-2021,1480,PE,0,0,0,355.4,464.35,0,0,0,0,19-APR-2021,
OPTSTK,AUBANK,24-Jun-2021,1500,PE,0,0,0,372.15,483.15,0,0,0,0,19-APR-2021,
OPTSTK,AUBANK,24-Jun-2021,1520,PE,0,0,0,389.15,502.05,0,0,0,0,19-APR-2021,
OPTSTK,AUBANK,24-Jun-2021,1540,PE,0,0,0,406.35,521,0,0,0,0,19-APR-2021,
OPTSTK,AUROPHARMA,29-Apr-2021,580,CE,0,0,0,374.35,386.5,0,0,0,0,19-APR-2021,
OPTSTK,AUROPHARMA,29-Apr-2021,590,CE,0,0,0,365.1,376.5,0,0,0,0,19-APR-2021,
OPTSTK,AUROPHARMA,29-Apr-2021,600,CE,0,0,0,355.95,366.5,0,0,0,0,19-APR-2021,
OPTSTK,AUROPHARMA,29-Apr-2021,610,CE,0,0,0,346.9,356.55,0,0,0,0,19-APR-2021,
OPTSTK,AUROPHARMA,29-Apr-2021,620,CE,0,0,0,337.95,346.55,0,0,0,0,19-APR-2021,
OPTSTK,AUROPHARMA,29-Apr-2021,630,CE,0,0,0,329.05,336.55,0,0,0,0,19-APR-2021,
OPTSTK,AUROPHARMA,29-Apr-2021,640,CE,0,0,0,320.3,326.55,0,0,0,0,19-APR-2021,
OPTSTK,AUROPHARMA,29-Apr-2021,650,CE,0,0,0,311.6,316.55,0,0,0,0,19-APR-2021,
OPTSTK,AUROPHARMA,29-Apr-2021,660,CE,0,0,0,303.05,306.6,0,0,0,0,19-APR-2021,
OPTSTK,AUROPHARMA,29-Apr-2021,670,CE,0,0,0,294.6,296.6,0,0,0,0,19-APR-2021,
OPTSTK,AUROPHARMA,29-Apr-2021,680,CE,0,0,0,286.25,286.6,0,0,0,0,19-APR-2021,
OPTSTK,AUROPHARMA,29-Apr-2021,690,CE,0,0,0,278.05,276.6,0,0,0,0,19-APR-2021,
OPTSTK,AUROPHARMA,29-Apr-2021,700,CE,0,0,0,269.95,266.6,0,0,0,0,19-APR-2021,
OPTSTK,AUROPHARMA,29-Apr-2021,710,CE,0,0,0,261.95,256.65,0,0,0,0,19-APR-2021,
OPTSTK,AUROPHARMA,29-Apr-2021,720,CE,0,0,0,254.15,246.65,0,0,0,0,19-APR-2021,
OPTSTK,AUROPHARMA,29-Apr-2021,730,CE,0,0,0,246.45,236.65,0,0,0,0,19-APR-2021,
OPTSTK,AUROPHARMA,29-Apr-2021,740,CE,0,0,0,238.85,226.7,0,0,0,0,19-APR-2021,
OPTSTK,AUROPHARMA,29-Apr-2021,750,CE,0,0,0,231.45,216.75,0,0,0,0,19-APR-2021,
OPTSTK,AUROPHARMA,29-Apr-2021,760,CE,0,0,0,224.15,206.75,0,0,0,0,19-APR-2021,
OPTSTK,AUROPHARMA,29-Apr-2021,770,CE,0,0,0,217.05,196.85,0,0,0,0,19-APR-2021,
OPTSTK,AUROPHARMA,29-Apr-2021,780,CE,0,0,0,210.05,186.95,0,0,0,0,19-APR-2021,
OPTSTK,AUROPHARMA,29-Apr-2021,790,CE,0,0,0,203.15,177.05,0,0,0,0,19-APR-2021,
OPTSTK,AUROPHARMA,29-Apr-2021,800,CE,0,0,0,73.5,167.25,0,0,0,0,19-APR-2021,
OPTSTK,AUROPHARMA,29-Apr-2021,810,CE,0,0,0,189.9,157.5,0,0,0,0,19-APR-2021,
OPTSTK,AUROPHARMA,29-Apr-2021,820,CE,130.3,160.3,130.3,160.3,160.3,2,12.54,6500,0,19-APR-2021,
OPTSTK,AUROPHARMA,29-Apr-2021,830,CE,0,0,0,103,138.3,0,0,1950,0,19-APR-2021,
OPTSTK,AUROPHARMA,29-Apr-2021,840,CE,118,134.65,110.2,130.85,130.85,11,69.05,43550,-2600,19-APR-2021,
OPTSTK,AUROPHARMA,29-Apr-2021,850,CE,105,128.75,105,126.1,126.1,3,18.89,35100,-1300,19-APR-2021,
OPTSTK,AUROPHARMA,29-Apr-2021,860,CE,102,102,102,102,110.65,1,6.25,39650,0,19-APR-2021,
OPTSTK,AUROPHARMA,29-Apr-2021,870,CE,89.3,109.8,89.3,108.15,108.15,14,88.32,29250,-1950,19-APR-2021,
OPTSTK,AUROPHARMA,29-Apr-2021,880,CE,79.75,98,77.5,96.5,96.5,16,100.84,42900,-5200,19-APR-2021,
OPTSTK,AUROPHARMA,29-Apr-2021,890,CE,58.15,91.65,58.15,91.65,91.65,4,25.19,36400,-1300,19-APR-2021,
OPTSTK,AUROPHARMA,29-Apr-2021,900,CE,49.45,82.85,49.45,75.5,75.5,130,820.78,139100,-7150,19-APR-2021,
OPTSTK,AUROPHARMA,29-Apr-2021,910,CE,43.45,73.45,43.45,73.45,73.45,11,69.38,35100,-650,19-APR-2021,
OPTSTK,AUROPHARMA,29-Apr-2021,920,CE,42.55,66.5,36.25,62.7,62.7,105,664.13,199550,-11700,19-APR-2021,
OPTSTK,AUROPHARMA,29-Apr-2021,930,CE,44,60,30,54.55,54.55,387,2452.37,91000,-18200,19-APR-2021,
OPTSTK,AUROPHARMA,29-Apr-2021,940,CE,30.45,53,25,48.25,48.25,589,3754.87,114400,-650,19-APR-2021,
OPTSTK,AUROPHARMA,29-Apr-2021,950,CE,33.75,48,22.15,42.9,42.9,2611,16769.9,237900,29900,19-APR-2021,
OPTSTK,AUROPHARMA,29-Apr-2021,960,CE,26.8,42.85,19.55,37.9,37.9,2891,18684.65,228800,82550,19-APR-2021,
OPTSTK,AUROPHARMA,29-Apr-2021,970,CE,24.95,38.85,16.45,34.15,34.15,1802,11726.55,169000,112450,19-APR-2021,
OPTSTK,AUROPHARMA,29-Apr-2021,980,CE,21.75,34,14.35,30.15,30.15,3889,25463.71,278850,63700,19-APR-2021,
OPTSTK,AUROPHARMA,29-Apr-2021,990,CE,18.85,29.95,16.8,26.05,26.05,779,5135.76,126100,72800,19-APR-2021,
OPTSTK,AUROPHARMA,29-Apr-2021,1000,CE,17.05,27.45,11.05,22.7,22.7,4967,32955.78,666250,87750,19-APR-2021,
OPTSTK,AUROPHARMA,29-Apr-2021,1010,CE,10,24.25,10,19.85,19.85,458,3061.16,65650,46800,19-APR-2021,
OPTSTK,AUROPHARMA,29-Apr-2021,1020,CE,10.05,21.35,8.25,17.1,17.1,1001,6738.56,152100,31850,19-APR-2021,
OPTSTK,AUROPHARMA,29-Apr-2021,1030,CE,0,0,0,82.85,13.05,0,0,0,0,19-APR-2021,
OPTSTK,AUROPHARMA,29-Apr-2021,1040,CE,9.1,16.75,6.05,13.1,13.1,939,6421.29,141050,40950,19-APR-2021,
OPTSTK,AUROPHARMA,29-Apr-2021,1050,CE,7.65,15.2,3.65,11.9,11.9,861,5935.42,81250,42900,19-APR-2021,
OPTSTK,AUROPHARMA,29-Apr-2021,1060,CE,0,0,0,73.2,7.5,0,0,0,0,19-APR-2021,
OPTSTK,AUROPHARMA,29-Apr-2021,1070,CE,0,0,0,70.25,6.15,0,0,0,0,19-APR-2021,
OPTSTK,AUROPHARMA,29-Apr-2021,1080,CE,8,11.05,5.5,8.3,8.3,395,2791.76,43550,26650,19-APR-2021,
OPTSTK,AUROPHARMA,29-Apr-2021,1090,CE,0,0,0,64.55,4.1,0,0,0,0,19-APR-2021,
OPTSTK,AUROPHARMA,29-Apr-2021,1100,CE,4.9,8.3,0.65,6.2,6.2,972,6981.15,190450,18850,19-APR-2021,
OPTSTK,AUROPHARMA,29-Apr-2021,1110,CE,0,0,0,59.3,2.65,0,0,0,0,19-APR-2021,
OPTSTK,AUROPHARMA,29-Apr-2021,1120,CE,1.6,7,1.3,5.3,5.3,95,694.55,22100,13650,19-APR-2021,
OPTSTK,AUROPHARMA,29-Apr-2021,1130,CE,0,0,0,54.5,1.7,0,0,0,0,19-APR-2021,
OPTSTK,AUROPHARMA,29-Apr-2021,1140,CE,3,5,1.9,4.3,4.3,14,104.04,9100,5200,19-APR-2021,
OPTSTK,AUROPHARMA,29-Apr-2021,1150,CE,1.6,3.95,1.6,2.85,2.85,7,52.44,3250,2600,19-APR-2021,
OPTSTK,AUROPHARMA,29-Apr-2021,1160,CE,0,0,0,47.85,0.85,0,0,0,0,19-APR-2021,
OPTSTK,AUROPHARMA,29-Apr-2021,1170,CE,0,0,0,45.85,0.65,0,0,0,0,19-APR-2021,
OPTSTK,AUROPHARMA,29-Apr-2021,1180,CE,1.9,2.5,1.9,2.5,0.5,2,15.36,1300,650,19-APR-2021,
OPTSTK,AUROPHARMA,29-Apr-2021,580,PE,0,0,0,4.45,0,0,0,0,0,19-APR-2021,
OPTSTK,AUROPHARMA,29-Apr-2021,590,PE,0,0,0,5.15,0,0,0,0,0,19-APR-2021,
OPTSTK,AUROPHARMA,29-Apr-2021,600,PE,0,0,0,5.9,0,0,0,0,0,19-APR-2021,
OPTSTK,AUROPHARMA,29-Apr-2021,610,PE,0,0,0,6.75,0,0,0,0,0,19-APR-2021,
OPTSTK,AUROPHARMA,29-Apr-2021,620,PE,0,0,0,7.7,0,0,0,0,0,19-APR-2021,
OPTSTK,AUROPHARMA,29-Apr-2021,630,PE,0,0,0,8.75,0,0,0,0,0,19-APR-2021,
OPTSTK,AUROPHARMA,29-Apr-2021,640,PE,0,0,0,9.85,0,0,0,0,0,19-APR-2021,
OPTSTK,AUROPHARMA,29-Apr-2021,650,PE,0,0,0,11.1,0,0,0,0,0,19-APR-2021,
OPTSTK,AUROPHARMA,29-Apr-2021,660,PE,0,0,0,12.45,0,0,0,0,0,19-APR-2021,
OPTSTK,AUROPHARMA,29-Apr-2021,670,PE,0,0,0,13.9,0,0,0,0,0,19-APR-2021,
OPTSTK,AUROPHARMA,29-Apr-2021,680,PE,0,0,0,15.45,0,0,0,0,0,19-APR-2021,
OPTSTK,AUROPHARMA,29-Apr-2021,690,PE,0,0,0,17.15,0,0,0,0,0,19-APR-2021,
OPTSTK,AUROPHARMA,29-Apr-2021,700,PE,1.4,1.45,0.5,1,1,4,18.22,19500,-650,19-APR-2021,
OPTSTK,AUROPHARMA,29-Apr-2021,710,PE,0,0,0,20.9,0.05,0,0,0,0,19-APR-2021,
OPTSTK,AUROPHARMA,29-Apr-2021,720,PE,0,0,0,22.95,0.05,0,0,0,0,19-APR-2021,
OPTSTK,AUROPHARMA,29-Apr-2021,730,PE,0,0,0,25.15,0.05,0,0,0,0,19-APR-2021,
OPTSTK,AUROPHARMA,29-Apr-2021,740,PE,0,0,0,27.5,0.05,0,0,0,0,19-APR-2021,
OPTSTK,AUROPHARMA,29-Apr-2021,750,PE,0.5,1.95,0.5,1.95,1.95,3,14.64,50050,650,19-APR-2021,
OPTSTK,AUROPHARMA,29-Apr-2021,760,PE,0,0,0,32.65,0.1,0,0,0,0,19-APR-2021,
OPTSTK,AUROPHARMA,29-Apr-2021,770,PE,0,0,0,2.9,0.15,0,0,650,0,19-APR-2021,
OPTSTK,AUROPHARMA,29-Apr-2021,780,PE,0.8,0.95,0.35,0.8,0.25,17,86.25,46800,-3900,19-APR-2021,
OPTSTK,AUROPHARMA,29-Apr-2021,790,PE,0,0,0,1.9,0.4,0,0,650,0,19-APR-2021,
OPTSTK,AUROPHARMA,29-Apr-2021,800,PE,1.2,3,1,2.5,2.5,93,484.82,109850,2600,19-APR-2021,
OPTSTK,AUROPHARMA,29-Apr-2021,810,PE,0,0,0,4.95,0.8,0,0,10400,0,19-APR-2021,
OPTSTK,AUROPHARMA,29-Apr-2021,820,PE,1.3,3.85,1.25,2.15,2.15,14,74.82,61100,-2600,19-APR-2021,
OPTSTK,AUROPHARMA,29-Apr-2021,830,PE,0,0,0,9.05,1.6,0,0,22100,0,19-APR-2021,
OPTSTK,AUROPHARMA,29-Apr-2021,840,PE,2.7,5.15,2.45,2.6,2.6,55,301.67,135200,3900,19-APR-2021,
OPTSTK,AUROPHARMA,29-Apr-2021,850,PE,3.55,7,2.7,3.45,3.45,64,355.5,139750,11050,19-APR-2021,
OPTSTK,AUROPHARMA,29-Apr-2021,860,PE,4.2,7.65,3.3,3.8,3.8,119,669.64,91650,27950,19-APR-2021,
OPTSTK,AUROPHARMA,29-Apr-2021,870,PE,5.95,9.6,3.1,4.6,4.6,481,2739.52,66950,35100,19-APR-2021,
OPTSTK,AUROPHARMA,29-Apr-2021,880,PE,6.75,11.1,4.8,5.7,5.7,423,2440.98,107900,14300,19-APR-2021,
OPTSTK,AUROPHARMA,29-Apr-2021,890,PE,8,13.95,6.1,6.85,6.85,274,1602.51,72800,25350,19-APR-2021,
OPTSTK,AUROPHARMA,29-Apr-2021,900,PE,12.95,16.75,7.5,8.7,8.7,644,3817.6,165100,8450,19-APR-2021,
OPTSTK,AUROPHARMA,29-Apr-2021,910,PE,14.9,19.95,9.3,11.2,11.2,210,1262.47,58500,24700,19-APR-2021,
OPTSTK,AUROPHARMA,29-Apr-2021,920,PE,19,24.1,11.25,13.4,13.4,343,2090.39,116350,20800,19-APR-2021,
OPTSTK,AUROPHARMA,29-Apr-2021,930,PE,25,28.75,13.8,17.05,17.05,458,2834.9,56550,3250,19-APR-2021,
OPTSTK,AUROPHARMA,29-Apr-2021,940,PE,30.55,34.2,17.45,20.5,20.5,944,5930.73,121550,7800,19-APR-2021,
OPTSTK,AUROPHARMA,29-Apr-2021,950,PE,35.9,42.8,20,24.1,24.1,858,5472.08,104000,26000,19-APR-2021,
OPTSTK,AUROPHARMA,29-Apr-2021,960,PE,43,46.45,25,28.9,28.9,546,3532.22,143650,91650,19-APR-2021,
OPTSTK,AUROPHARMA,29-Apr-2021,970,PE,39,47.7,31,32.7,32.7,22,144.01,8450,6500,19-APR-2021,
OPTSTK,AUROPHARMA,29-Apr-2021,980,PE,38.3,38.3,38.3,38.3,38.3,1,6.61,3250,650,19-APR-2021,
OPTSTK,AUROPHARMA,29-Apr-2021,990,PE,0,0,0,133.7,48.15,0,0,0,0,19-APR-2021,
OPTSTK,AUROPHARMA,29-Apr-2021,1000,PE,51.15,51.3,51.15,51.25,51.25,2,13.66,3250,1300,19-APR-2021,
OPTSTK,AUROPHARMA,29-Apr-2021,1010,PE,0,0,0,146,61.4,0,0,0,0,19-APR-2021,
OPTSTK,AUROPHARMA,29-Apr-2021,1020,PE,0,0,0,152.35,68.55,0,0,0,0,19-APR-2021,
OPTSTK,AUROPHARMA,29-Apr-2021,1030,PE,0,0,0,158.8,76.15,0,0,0,0,19-APR-2021,
OPTSTK,AUROPHARMA,29-Apr-2021,1040,PE,0,0,0,165.4,83.95,0,0,0,0,19-APR-2021,
OPTSTK,AUROPHARMA,29-Apr-2021,1050,PE,0,0,0,172.1,92.15,0,0,0,0,19-APR-2021,
OPTSTK,AUROPHARMA,29-Apr-2021,1060,PE,0,0,0,178.9,100.55,0,0,0,0,19-APR-2021,
OPTSTK,AUROPHARMA,29-Apr-2021,1070,PE,0,0,0,185.8,109.2,0,0,0,0,19-APR-2021,
OPTSTK,AUROPHARMA,29-Apr-2021,1080,PE,136,136,125,125,118.05,2,15.73,1300,1300,19-APR-2021,
OPTSTK,AUROPHARMA,29-Apr-2021,1090,PE,0,0,0,200,127.1,0,0,0,0,19-APR-2021,
OPTSTK,AUROPHARMA,29-Apr-2021,1100,PE,168,168,150,150,136.3,3,24.6,1950,650,19-APR-2021,
OPTSTK,AUROPHARMA,29-Apr-2021,1110,PE,0,0,0,214.55,145.65,0,0,0,0,19-APR-2021,
OPTSTK,AUROPHARMA,29-Apr-2021,1120,PE,0,0,0,222,155.1,0,0,0,0,19-APR-2021,
OPTSTK,AUROPHARMA,29-Apr-2021,1130,PE,0,0,0,229.55,164.65,0,0,0,0,19-APR-2021,
OPTSTK,AUROPHARMA,29-Apr-2021,1140,PE,0,0,0,220,174.3,0,0,650,0,19-APR-2021,
OPTSTK,AUROPHARMA,29-Apr-2021,1150,PE,0,0,0,244.85,184,0,0,0,0,19-APR-2021,
OPTSTK,AUROPHARMA,29-Apr-2021,1160,PE,0,0,0,252.65,193.75,0,0,0,0,19-APR-2021,
OPTSTK,AUROPHARMA,29-Apr-2021,1170,PE,0,0,0,260.5,203.6,0,0,0,0,19-APR-2021,
OPTSTK,AUROPHARMA,29-Apr-2021,1180,PE,0,0,0,268.45,213.45,0,0,0,0,19-APR-2021,
OPTSTK,AUROPHARMA,27-May-2021,580,CE,0,0,0,296,388.25,0,0,0,0,19-APR-2021,
OPTSTK,AUROPHARMA,27-May-2021,590,CE,0,0,0,287.15,378.3,0,0,0,0,19-APR-2021,
OPTSTK,AUROPHARMA,27-May-2021,600,CE,0,0,0,278.45,368.4,0,0,0,0,19-APR-2021,
OPTSTK,AUROPHARMA,27-May-2021,610,CE,0,0,0,269.85,358.5,0,0,0,0,19-APR-2021,
OPTSTK,AUROPHARMA,27-May-2021,620,CE,0,0,0,261.35,348.6,0,0,0,0,19-APR-2021,
OPTSTK,AUROPHARMA,27-May-2021,630,CE,0,0,0,253,338.7,0,0,0,0,19-APR-2021,
OPTSTK,AUROPHARMA,27-May-2021,640,CE,0,0,0,244.8,328.85,0,0,0,0,19-APR-2021,
OPTSTK,AUROPHARMA,27-May-2021,650,CE,0,0,0,236.75,319.05,0,0,0,0,19-APR-2021,
OPTSTK,AUROPHARMA,27-May-2021,660,CE,0,0,0,228.8,309.25,0,0,0,0,19-APR-2021,
OPTSTK,AUROPHARMA,27-May-2021,670,CE,0,0,0,221.05,299.5,0,0,0,0,19-APR-2021,
OPTSTK,AUROPHARMA,27-May-2021,680,CE,0,0,0,213.4,289.75,0,0,0,0,19-APR-2021,
OPTSTK,AUROPHARMA,27-May-2021,690,CE,0,0,0,205.95,280.1,0,0,0,0,19-APR-2021,
OPTSTK,AUROPHARMA,27-May-2021,700,CE,0,0,0,198.65,270.5,0,0,0,0,19-APR-2021,
OPTSTK,AUROPHARMA,27-May-2021,710,CE,0,0,0,191.5,261,0,0,0,0,19-APR-2021,
OPTSTK,AUROPHARMA,27-May-2021,720,CE,0,0,0,184.5,251.55,0,0,0,0,19-APR-2021,
OPTSTK,AUROPHARMA,27-May-2021,730,CE,0,0,0,177.65,242.2,0,0,0,0,19-APR-2021,
OPTSTK,AUROPHARMA,27-May-2021,740,CE,0,0,0,171,232.9,0,0,0,0,19-APR-2021,
OPTSTK,AUROPHARMA,27-May-2021,750,CE,0,0,0,164.5,223.75,0,0,0,0,19-APR-2021,
OPTSTK,AUROPHARMA,27-May-2021,760,CE,0,0,0,158.15,214.75,0,0,0,0,19-APR-2021,
OPTSTK,AUROPHARMA,27-May-2021,770,CE,0,0,0,152.05,205.85,0,0,0,0,19-APR-2021,
OPTSTK,AUROPHARMA,27-May-2021,780,CE,0,0,0,146.05,197.05,0,0,0,0,19-APR-2021,
OPTSTK,AUROPHARMA,27-May-2021,790,CE,0,0,0,140.25,188.45,0,0,0,0,19-APR-2021,
OPTSTK,AUROPHARMA,27-May-2021,800,CE,0,0,0,160,180,0,0,650,0,19-APR-2021,
OPTSTK,AUROPHARMA,27-May-2021,810,CE,0,0,0,129.15,171.7,0,0,0,0,19-APR-2021,
OPTSTK,AUROPHARMA,27-May-2021,820,CE,0,0,0,123.85,163.6,0,0,0,0,19-APR-2021,
OPTSTK,AUROPHARMA,27-May-2021,830,CE,0,0,0,118.75,155.65,0,0,0,0,19-APR-2021,
OPTSTK,AUROPHARMA,27-May-2021,840,CE,0,0,0,113.75,147.95,0,0,0,0,19-APR-2021,
OPTSTK,AUROPHARMA,27-May-2021,850,CE,0,0,0,108.95,140.45,0,0,0,0,19-APR-2021,
OPTSTK,AUROPHARMA,27-May-2021,860,CE,0,0,0,104.3,133.15,0,0,0,0,19-APR-2021,
OPTSTK,AUROPHARMA,27-May-2021,870,CE,0,0,0,99.85,126.05,0,0,0,0,19-APR-2021,
OPTSTK,AUROPHARMA,27-May-2021,880,CE,105,105,105,105,119.15,1,6.4,650,0,19-APR-2021,
OPTSTK,AUROPHARMA,27-May-2021,890,CE,0,0,0,91.35,112.5,0,0,0,0,19-APR-2021,
OPTSTK,AUROPHARMA,27-May-2021,900,CE,0,0,0,84,106.1,0,0,1300,0,19-APR-2021,
OPTSTK,AUROPHARMA,27-May-2021,910,CE,0,0,0,83.45,99.95,0,0,0,0,19-APR-2021,
OPTSTK,AUROPHARMA,27-May-2021,920,CE,0,0,0,79.7,94.05,0,0,0,0,19-APR-2021,
OPTSTK,AUROPHARMA,27-May-2021,930,CE,0,0,0,76.1,88.35,0,0,0,0,19-APR-2021,
OPTSTK,AUROPHARMA,27-May-2021,940,CE,0,0,0,72.65,82.9,0,0,0,0,19-APR-2021,
OPTSTK,AUROPHARMA,27-May-2021,950,CE,72.1,72.1,63.65,70.6,70.6,4,26.49,6500,650,19-APR-2021,
OPTSTK,AUROPHARMA,27-May-2021,960,CE,64.1,64.2,64.1,64.2,64.2,2,13.31,2600,650,19-APR-2021,
OPTSTK,AUROPHARMA,27-May-2021,970,CE,0,0,0,50,68,0,0,650,0,19-APR-2021,
OPTSTK,AUROPHARMA,27-May-2021,980,CE,0,0,0,60.1,63.5,0,0,0,0,19-APR-2021,
OPTSTK,AUROPHARMA,27-May-2021,990,CE,0,0,0,57.3,59.2,0,0,0,0,19-APR-2021,
OPTSTK,AUROPHARMA,27-May-2021,1000,CE,51,51,39.05,48.1,48.1,35,237.83,12350,11050,19-APR-2021,
OPTSTK,AUROPHARMA,27-May-2021,1010,CE,0,0,0,52,51.3,0,0,0,0,19-APR-2021,
OPTSTK,AUROPHARMA,27-May-2021,1020,CE,0,0,0,49.55,47.65,0,0,0,0,19-APR-2021,
OPTSTK,AUROPHARMA,27-May-2021,1030,CE,0,0,0,47.2,44.25,0,0,0,0,19-APR-2021,
OPTSTK,AUROPHARMA,27-May-2021,1040,CE,0,0,0,44.9,41,0,0,0,0,19-APR-2021,
OPTSTK,AUROPHARMA,27-May-2021,1050,CE,0,0,0,42.75,38,0,0,0,0,19-APR-2021,
OPTSTK,AUROPHARMA,27-May-2021,1060,CE,0,0,0,40.7,35.15,0,0,0,0,19-APR-2021,
OPTSTK,AUROPHARMA,27-May-2021,1070,CE,0,0,0,38.7,32.45,0,0,0,0,19-APR-2021,
OPTSTK,AUROPHARMA,27-May-2021,1080,CE,0,0,0,36.8,30,0,0,0,0,19-APR-2021,
OPTSTK,AUROPHARMA,27-May-2021,1090,CE,0,0,0,35,27.7,0,0,0,0,19-APR-2021,
OPTSTK,AUROPHARMA,27-May-2021,1100,CE,0,0,0,33.25,25.5,0,0,0,0,19-APR-2021,
OPTSTK,AUROPHARMA,27-May-2021,1110,CE,0,0,0,31.55,23.45,0,0,0,0,19-APR-2021,
OPTSTK,AUROPHARMA,27-May-2021,1120,CE,0,0,0,30,21.55,0,0,0,0,19-APR-2021,
OPTSTK,AUROPHARMA,27-May-2021,1130,CE,0,0,0,28.5,19.8,0,0,0,0,19-APR-2021,
OPTSTK,AUROPHARMA,27-May-2021,1140,CE,0,0,0,27.05,18.15,0,0,0,0,19-APR-2021,
OPTSTK,AUROPHARMA,27-May-2021,1150,CE,0,0,0,25.7,16.65,0,0,0,0,19-APR-2021,
OPTSTK,AUROPHARMA,27-May-2021,1160,CE,0,0,0,24.4,15.25,0,0,0,0,19-APR-2021,
OPTSTK,AUROPHARMA,27-May-2021,1170,CE,0,0,0,23.15,13.95,0,0,0,0,19-APR-2021,
OPTSTK,AUROPHARMA,27-May-2021,1180,CE,0,0,0,21.95,12.75,0,0,0,0,19-APR-2021,
OPTSTK,AUROPHARMA,27-May-2021,580,PE,0,0,0,7.35,0.1,0,0,0,0,19-APR-2021,
OPTSTK,AUROPHARMA,27-May-2021,590,PE,0,0,0,8.4,0.1,0,0,0,0,19-APR-2021,
OPTSTK,AUROPHARMA,27-May-2021,600,PE,0,0,0,9.6,0.15,0,0,0,0,19-APR-2021,
OPTSTK,AUROPHARMA,27-May-2021,610,PE,0,0,0,10.9,0.2,0,0,0,0,19-APR-2021,
OPTSTK,AUROPHARMA,27-May-2021,620,PE,0,0,0,12.35,0.25,0,0,0,0,19-APR-2021,
OPTSTK,AUROPHARMA,27-May-2021,630,PE,0,0,0,13.9,0.35,0,0,0,0,19-APR-2021,
OPTSTK,AUROPHARMA,27-May-2021,640,PE,0,0,0,15.6,0.45,0,0,0,0,19-APR-2021,
OPTSTK,AUROPHARMA,27-May-2021,650,PE,0,0,0,17.45,0.6,0,0,0,0,19-APR-2021,
OPTSTK,AUROPHARMA,27-May-2021,660,PE,0,0,0,19.4,0.75,0,0,0,0,19-APR-2021,
OPTSTK,AUROPHARMA,27-May-2021,670,PE,0,0,0,21.55,0.95,0,0,0,0,19-APR-2021,
OPTSTK,AUROPHARMA,27-May-2021,680,PE,0,0,0,23.85,1.2,0,0,0,0,19-APR-2021,
OPTSTK,AUROPHARMA,27-May-2021,690,PE,0,0,0,26.3,1.55,0,0,0,0,19-APR-2021,
OPTSTK,AUROPHARMA,27-May-2021,700,PE,0,0,0,4.05,1.9,0,0,650,0,19-APR-2021,
OPTSTK,AUROPHARMA,27-May-2021,710,PE,0,0,0,31.65,2.35,0,0,0,0,19-APR-2021,
OPTSTK,AUROPHARMA,27-May-2021,720,PE,0,0,0,34.55,2.85,0,0,0,0,19-APR-2021,
OPTSTK,AUROPHARMA,27-May-2021,730,PE,0,0,0,37.6,3.45,0,0,0,0,19-APR-2021,
OPTSTK,AUROPHARMA,27-May-2021,740,PE,0,0,0,40.85,4.15,0,0,0,0,19-APR-2021,
OPTSTK,AUROPHARMA,27-May-2021,750,PE,0,0,0,15,4.95,0,0,0,0,19-APR-2021,
OPTSTK,AUROPHARMA,27-May-2021,760,PE,0,0,0,47.85,5.85,0,0,0,0,19-APR-2021,
OPTSTK,AUROPHARMA,27-May-2021,770,PE,0,0,0,51.6,6.95,0,0,0,0,19-APR-2021,
OPTSTK,AUROPHARMA,27-May-2021,780,PE,0,0,0,55.55,8.1,0,0,0,0,19-APR-2021,
OPTSTK,AUROPHARMA,27-May-2021,790,PE,0,0,0,59.65,9.45,0,0,0,0,19-APR-2021,
OPTSTK,AUROPHARMA,27-May-2021,800,PE,0,0,0,30,10.95,0,0,650,0,19-APR-2021,
OPTSTK,AUROPHARMA,27-May-2021,810,PE,0,0,0,68.35,12.65,0,0,0,0,19-APR-2021,
OPTSTK,AUROPHARMA,27-May-2021,820,PE,0,0,0,73,14.5,0,0,0,0,19-APR-2021,
OPTSTK,AUROPHARMA,27-May-2021,830,PE,0,0,0,77.75,16.55,0,0,0,0,19-APR-2021,
OPTSTK,AUROPHARMA,27-May-2021,840,PE,0,0,0,82.7,18.75,0,0,0,0,19-APR-2021,
OPTSTK,AUROPHARMA,27-May-2021,850,PE,0,0,0,87.8,21.25,0,0,0,0,19-APR-2021,
OPTSTK,AUROPHARMA,27-May-2021,860,PE,0,0,0,93.05,23.9,0,0,0,0,19-APR-2021,
OPTSTK,AUROPHARMA,27-May-2021,870,PE,0,0,0,98.5,26.75,0,0,0,0,19-APR-2021,
OPTSTK,AUROPHARMA,27-May-2021,880,PE,0,0,0,104.05,29.8,0,0,0,0,19-APR-2021,
OPTSTK,AUROPHARMA,27-May-2021,890,PE,0,0,0,109.8,33.15,0,0,0,0,19-APR-2021,
OPTSTK,AUROPHARMA,27-May-2021,900,PE,0,0,0,30,36.7,0,0,1300,0,19-APR-2021,
OPTSTK,AUROPHARMA,27-May-2021,910,PE,0,0,0,121.7,40.5,0,0,0,0,19-APR-2021,
OPTSTK,AUROPHARMA,27-May-2021,920,PE,0,0,0,127.9,44.55,0,0,0,0,19-APR-2021,
OPTSTK,AUROPHARMA,27-May-2021,930,PE,0,0,0,134.2,48.85,0,0,0,0,19-APR-2021,
OPTSTK,AUROPHARMA,27-May-2021,940,PE,0,0,0,140.65,53.35,0,0,0,0,19-APR-2021,
OPTSTK,AUROPHARMA,27-May-2021,950,PE,0,0,0,147.25,58.1,0,0,0,0,19-APR-2021,
OPTSTK,AUROPHARMA,27-May-2021,960,PE,0,0,0,153.95,63.1,0,0,0,0,19-APR-2021,
OPTSTK,AUROPHARMA,27-May-2021,970,PE,0,0,0,160.8,68.3,0,0,0,0,19-APR-2021,
OPTSTK,AUROPHARMA,27-May-2021,980,PE,0,0,0,167.75,73.75,0,0,0,0,19-APR-2021,
OPTSTK,AUROPHARMA,27-May-2021,990,PE,0,0,0,174.85,79.45,0,0,0,0,19-APR-2021,
OPTSTK,AUROPHARMA,27-May-2021,1000,PE,0,0,0,182.05,85.35,0,0,0,0,19-APR-2021,
OPTSTK,AUROPHARMA,27-May-2021,1010,PE,0,0,0,189.35,91.45,0,0,0,0,19-APR-2021,
OPTSTK,AUROPHARMA,27-May-2021,1020,PE,0,0,0,196.8,97.8,0,0,0,0,19-APR-2021,
OPTSTK,AUROPHARMA,27-May-2021,1030,PE,0,0,0,204.35,104.35,0,0,0,0,19-APR-2021,
OPTSTK,AUROPHARMA,27-May-2021,1040,PE,0,0,0,212,111.05,0,0,0,0,19-APR-2021,
OPTSTK,AUROPHARMA,27-May-2021,1050,PE,0,0,0,219.75,118,0,0,0,0,19-APR-2021,
OPTSTK,AUROPHARMA,27-May-2021,1060,PE,0,0,0,227.55,125.1,0,0,0,0,19-APR-2021,
OPTSTK,AUROPHARMA,27-May-2021,1070,PE,0,0,0,235.5,132.4,0,0,0,0,19-APR-2021,
OPTSTK,AUROPHARMA,27-May-2021,1080,PE,0,0,0,243.5,139.9,0,0,0,0,19-APR-2021,
OPTSTK,AUROPHARMA,27-May-2021,1090,PE,0,0,0,251.6,147.55,0,0,0,0,19-APR-2021,
OPTSTK,AUROPHARMA,27-May-2021,1100,PE,0,0,0,259.75,155.3,0,0,0,0,19-APR-2021,
OPTSTK,AUROPHARMA,27-May-2021,1110,PE,0,0,0,268,163.2,0,0,0,0,19-APR-2021,
OPTSTK,AUROPHARMA,27-May-2021,1120,PE,0,0,0,276.3,171.3,0,0,0,0,19-APR-2021,
OPTSTK,AUROPHARMA,27-May-2021,1130,PE,0,0,0,284.7,179.5,0,0,0,0,19-APR-2021,
OPTSTK,AUROPHARMA,27-May-2021,1140,PE,0,0,0,293.2,187.8,0,0,0,0,19-APR-2021,
OPTSTK,AUROPHARMA,27-May-2021,1150,PE,0,0,0,301.75,196.25,0,0,0,0,19-APR-2021,
OPTSTK,AUROPHARMA,27-May-2021,1160,PE,0,0,0,310.35,204.8,0,0,0,0,19-APR-2021,
OPTSTK,AUROPHARMA,27-May-2021,1170,PE,0,0,0,319,213.5,0,0,0,0,19-APR-2021,
OPTSTK,AUROPHARMA,27-May-2021,1180,PE,0,0,0,327.75,222.25,0,0,0,0,19-APR-2021,
OPTSTK,AUROPHARMA,24-Jun-2021,580,CE,0,0,0,273.3,390.65,0,0,0,0,19-APR-2021,
OPTSTK,AUROPHARMA,24-Jun-2021,590,CE,0,0,0,264.6,380.9,0,0,0,0,19-APR-2021,
OPTSTK,AUROPHARMA,24-Jun-2021,600,CE,0,0,0,255.95,371.2,0,0,0,0,19-APR-2021,
OPTSTK,AUROPHARMA,24-Jun-2021,610,CE,0,0,0,247.45,361.55,0,0,0,0,19-APR-2021,
OPTSTK,AUROPHARMA,24-Jun-2021,620,CE,0,0,0,239.1,351.95,0,0,0,0,19-APR-2021,
OPTSTK,AUROPHARMA,24-Jun-2021,630,CE,0,0,0,230.9,342.4,0,0,0,0,19-APR-2021,
OPTSTK,AUROPHARMA,24-Jun-2021,640,CE,0,0,0,222.8,332.9,0,0,0,0,19-APR-2021,
OPTSTK,AUROPHARMA,24-Jun-2021,650,CE,0,0,0,214.9,323.45,0,0,0,0,19-APR-2021,
OPTSTK,AUROPHARMA,24-Jun-2021,660,CE,0,0,0,207.15,314.1,0,0,0,0,19-APR-2021,
OPTSTK,AUROPHARMA,24-Jun-2021,670,CE,0,0,0,199.55,304.8,0,0,0,0,19-APR-2021,
OPTSTK,AUROPHARMA,24-Jun-2021,680,CE,0,0,0,192.1,295.65,0,0,0,0,19-APR-2021,
OPTSTK,AUROPHARMA,24-Jun-2021,690,CE,0,0,0,184.85,286.5,0,0,0,0,19-APR-2021,
OPTSTK,AUROPHARMA,24-Jun-2021,700,CE,0,0,0,177.75,277.5,0,0,0,0,19-APR-2021,
OPTSTK,AUROPHARMA,24-Jun-2021,710,CE,0,0,0,170.8,268.6,0,0,0,0,19-APR-2021,
OPTSTK,AUROPHARMA,24-Jun-2021,720,CE,0,0,0,164.05,259.8,0,0,0,0,19-APR-2021,
OPTSTK,AUROPHARMA,24-Jun-2021,730,CE,0,0,0,157.5,251.15,0,0,0,0,19-APR-2021,
OPTSTK,AUROPHARMA,24-Jun-2021,740,CE,0,0,0,151.05,242.6,0,0,0,0,19-APR-2021,
OPTSTK,AUROPHARMA,24-Jun-2021,750,CE,0,0,0,144.85,234.2,0,0,0,0,19-APR-2021,
OPTSTK,AUROPHARMA,24-Jun-2021,760,CE,0,0,0,138.8,225.9,0,0,0,0,19-APR-2021,
OPTSTK,AUROPHARMA,24-Jun-2021,770,CE,0,0,0,132.95,217.8,0,0,0,0,19-APR-2021,
OPTSTK,AUROPHARMA,24-Jun-2021,780,CE,0,0,0,127.3,209.8,0,0,0,0,19-APR-2021,
OPTSTK,AUROPHARMA,24-Jun-2021,790,CE,0,0,0,121.8,201.95,0,0,0,0,19-APR-2021,
OPTSTK,AUROPHARMA,24-Jun-2021,800,CE,0,0,0,116.5,194.3,0,0,0,0,19-APR-2021,
OPTSTK,AUROPHARMA,24-Jun-2021,810,CE,0,0,0,111.35,186.8,0,0,0,0,19-APR-2021,
OPTSTK,AUROPHARMA,24-Jun-2021,820,CE,0,0,0,106.35,179.45,0,0,0,0,19-APR-2021,
OPTSTK,AUROPHARMA,24-Jun-2021,830,CE,0,0,0,101.6,172.3,0,0,0,0,19-APR-2021,
OPTSTK,AUROPHARMA,24-Jun-2021,840,CE,0,0,0,96.95,165.3,0,0,0,0,19-APR-2021,
OPTSTK,AUROPHARMA,24-Jun-2021,850,CE,0,0,0,92.5,158.45,0,0,0,0,19-APR-2021,
OPTSTK,AUROPHARMA,24-Jun-2021,860,CE,0,0,0,88.2,151.8,0,0,0,0,19-APR-2021,
OPTSTK,AUROPHARMA,24-Jun-2021,870,CE,0,0,0,84.1,145.3,0,0,0,0,19-APR-2021,
OPTSTK,AUROPHARMA,24-Jun-2021,880,CE,0,0,0,80.1,139.05,0,0,0,0,19-APR-2021,
OPTSTK,AUROPHARMA,24-Jun-2021,890,CE,0,0,0,76.3,132.95,0,0,0,0,19-APR-2021,
OPTSTK,AUROPHARMA,24-Jun-2021,900,CE,0,0,0,72.65,127.05,0,0,0,0,19-APR-2021,
OPTSTK,AUROPHARMA,24-Jun-2021,910,CE,0,0,0,69.15,121.35,0,0,0,0,19-APR-2021,
OPTSTK,AUROPHARMA,24-Jun-2021,920,CE,0,0,0,65.75,115.8,0,0,0,0,19-APR-2021,
OPTSTK,AUROPHARMA,24-Jun-2021,930,CE,0,0,0,62.55,110.45,0,0,0,0,19-APR-2021,
OPTSTK,AUROPHARMA,24-Jun-2021,940,CE,0,0,0,59.45,105.25,0,0,0,0,19-APR-2021,
OPTSTK,AUROPHARMA,24-Jun-2021,950,CE,0,0,0,56.45,100.25,0,0,0,0,19-APR-2021,
OPTSTK,AUROPHARMA,24-Jun-2021,960,CE,0,0,0,53.65,95.45,0,0,0,0,19-APR-2021,
OPTSTK,AUROPHARMA,24-Jun-2021,970,CE,0,0,0,50.9,90.85,0,0,0,0,19-APR-2021,
OPTSTK,AUROPHARMA,24-Jun-2021,980,CE,0,0,0,48.35,86.35,0,0,0,0,19-APR-2021,
OPTSTK,AUROPHARMA,24-Jun-2021,990,CE,0,0,0,45.9,82.1,0,0,0,0,19-APR-2021,
OPTSTK,AUROPHARMA,24-Jun-2021,1000,CE,0,0,0,43.55,77.95,0,0,0,0,19-APR-2021,
OPTSTK,AUROPHARMA,24-Jun-2021,1010,CE,0,0,0,41.3,74,0,0,0,0,19-APR-2021,
OPTSTK,AUROPHARMA,24-Jun-2021,1020,CE,0,0,0,39.15,70.2,0,0,0,0,19-APR-2021,
OPTSTK,AUROPHARMA,24-Jun-2021,1030,CE,0,0,0,37.1,66.55,0,0,0,0,19-APR-2021,
OPTSTK,AUROPHARMA,24-Jun-2021,1040,CE,0,0,0,35.15,63.1,0,0,0,0,19-APR-2021,
OPTSTK,AUROPHARMA,24-Jun-2021,1050,CE,0,0,0,33.3,59.75,0,0,0,0,19-APR-2021,
OPTSTK,AUROPHARMA,24-Jun-2021,1060,CE,0,0,0,31.55,56.55,0,0,0,0,19-APR-2021,
OPTSTK,AUROPHARMA,24-Jun-2021,1070,CE,0,0,0,29.85,53.5,0,0,0,0,19-APR-2021,
OPTSTK,AUROPHARMA,24-Jun-2021,1080,CE,0,0,0,28.25,50.6,0,0,0,0,19-APR-2021,
OPTSTK,AUROPHARMA,24-Jun-2021,1090,CE,0,0,0,26.75,47.85,0,0,0,0,19-APR-2021,
OPTSTK,AUROPHARMA,24-Jun-2021,1100,CE,0,0,0,25.3,45.2,0,0,0,0,19-APR-2021,
OPTSTK,AUROPHARMA,24-Jun-2021,1110,CE,0,0,0,23.9,42.75,0,0,0,0,19-APR-2021,
OPTSTK,AUROPHARMA,24-Jun-2021,1120,CE,0,0,0,22.6,40.35,0,0,0,0,19-APR-2021,
OPTSTK,AUROPHARMA,24-Jun-2021,1130,CE,0,0,0,21.35,38.1,0,0,0,0,19-APR-2021,
OPTSTK,AUROPHARMA,24-Jun-2021,1140,CE,0,0,0,20.2,35.95,0,0,0,0,19-APR-2021,
OPTSTK,AUROPHARMA,24-Jun-2021,1150,CE,0,0,0,19.1,33.9,0,0,0,0,19-APR-2021,
OPTSTK,AUROPHARMA,24-Jun-2021,1160,CE,0,0,0,18.05,31.95,0,0,0,0,19-APR-2021,
OPTSTK,AUROPHARMA,24-Jun-2021,1170,CE,0,0,0,17,30.05,0,0,0,0,19-APR-2021,
OPTSTK,AUROPHARMA,24-Jun-2021,1180,CE,0,0,0,16.1,28.3,0,0,0,0,19-APR-2021,
OPTSTK,AUROPHARMA,24-Jun-2021,580,PE,0,0,0,7.75,0.85,0,0,0,0,19-APR-2021,
OPTSTK,AUROPHARMA,24-Jun-2021,590,PE,0,0,0,8.95,1.05,0,0,0,0,19-APR-2021,
OPTSTK,AUROPHARMA,24-Jun-2021,600,PE,0,0,0,10.2,1.25,0,0,0,0,19-APR-2021,
OPTSTK,AUROPHARMA,24-Jun-2021,610,PE,0,0,0,11.65,1.55,0,0,0,0,19-APR-2021,
OPTSTK,AUROPHARMA,24-Jun-2021,620,PE,0,0,0,13.2,1.85,0,0,0,0,19-APR-2021,
OPTSTK,AUROPHARMA,24-Jun-2021,630,PE,0,0,0,14.9,2.25,0,0,0,0,19-APR-2021,
OPTSTK,AUROPHARMA,24-Jun-2021,640,PE,0,0,0,16.7,2.65,0,0,0,0,19-APR-2021,
OPTSTK,AUROPHARMA,24-Jun-2021,650,PE,0,0,0,18.7,3.15,0,0,0,0,19-APR-2021,
OPTSTK,AUROPHARMA,24-Jun-2021,660,PE,0,0,0,20.85,3.75,0,0,0,0,19-APR-2021,
OPTSTK,AUROPHARMA,24-Jun-2021,670,PE,0,0,0,23.15,4.4,0,0,0,0,19-APR-2021,
OPTSTK,AUROPHARMA,24-Jun-2021,680,PE,0,0,0,25.65,5.15,0,0,0,0,19-APR-2021,
OPTSTK,AUROPHARMA,24-Jun-2021,690,PE,0,0,0,28.25,5.95,0,0,0,0,19-APR-2021,
OPTSTK,AUROPHARMA,24-Jun-2021,700,PE,0,0,0,31.1,6.9,0,0,0,0,19-APR-2021,
OPTSTK,AUROPHARMA,24-Jun-2021,710,PE,0,0,0,34.05,7.9,0,0,0,0,19-APR-2021,
OPTSTK,AUROPHARMA,24-Jun-2021,720,PE,0,0,0,37.2,9.05,0,0,0,0,19-APR-2021,
OPTSTK,AUROPHARMA,24-Jun-2021,730,PE,0,0,0,40.55,10.3,0,0,0,0,19-APR-2021,
OPTSTK,AUROPHARMA,24-Jun-2021,740,PE,0,0,0,44,11.7,0,0,0,0,19-APR-2021,
OPTSTK,AUROPHARMA,24-Jun-2021,750,PE,0,0,0,47.7,13.2,0,0,0,0,19-APR-2021,
OPTSTK,AUROPHARMA,24-Jun-2021,760,PE,0,0,0,51.6,14.9,0,0,0,0,19-APR-2021,
OPTSTK,AUROPHARMA,24-Jun-2021,770,PE,0,0,0,55.65,16.65,0,0,0,0,19-APR-2021,
OPTSTK,AUROPHARMA,24-Jun-2021,780,PE,0,0,0,59.9,18.6,0,0,0,0,19-APR-2021,
OPTSTK,AUROPHARMA,24-Jun-2021,790,PE,0,0,0,64.3,20.7,0,0,0,0,19-APR-2021,
OPTSTK,AUROPHARMA,24-Jun-2021,800,PE,0,0,0,68.9,23,0,0,0,0,19-APR-2021,
OPTSTK,AUROPHARMA,24-Jun-2021,810,PE,0,0,0,73.65,25.4,0,0,0,0,19-APR-2021,
OPTSTK,AUROPHARMA,24-Jun-2021,820,PE,0,0,0,78.6,28,0,0,0,0,19-APR-2021,
OPTSTK,AUROPHARMA,24-Jun-2021,830,PE,0,0,0,83.7,30.8,0,0,0,0,19-APR-2021,
OPTSTK,AUROPHARMA,24-Jun-2021,840,PE,0,0,0,89,33.7,0,0,0,0,19-APR-2021,
OPTSTK,AUROPHARMA,24-Jun-2021,850,PE,0,0,0,94.45,36.8,0,0,0,0,19-APR-2021,
OPTSTK,AUROPHARMA,24-Jun-2021,860,PE,0,0,0,100.05,40.05,0,0,0,0,19-APR-2021,
OPTSTK,AUROPHARMA,24-Jun-2021,870,PE,0,0,0,105.85,43.55,0,0,0,0,19-APR-2021,
OPTSTK,AUROPHARMA,24-Jun-2021,880,PE,0,0,0,111.8,47.2,0,0,0,0,19-APR-2021,
OPTSTK,AUROPHARMA,24-Jun-2021,890,PE,0,0,0,117.9,51.05,0,0,0,0,19-APR-2021,
OPTSTK,AUROPHARMA,24-Jun-2021,900,PE,0,0,0,124.1,55.05,0,0,0,0,19-APR-2021,
OPTSTK,AUROPHARMA,24-Jun-2021,910,PE,0,0,0,130.5,59.3,0,0,0,0,19-APR-2021,
OPTSTK,AUROPHARMA,24-Jun-2021,920,PE,0,0,0,137.05,63.7,0,0,0,0,19-APR-2021,
OPTSTK,AUROPHARMA,24-Jun-2021,930,PE,0,0,0,143.7,68.25,0,0,0,0,19-APR-2021,
OPTSTK,AUROPHARMA,24-Jun-2021,940,PE,0,0,0,150.55,73,0,0,0,0,19-APR-2021,
OPTSTK,AUROPHARMA,24-Jun-2021,950,PE,0,0,0,157.5,77.95,0,0,0,0,19-APR-2021,
OPTSTK,AUROPHARMA,24-Jun-2021,960,PE,0,0,0,164.55,83.1,0,0,0,0,19-APR-2021,
OPTSTK,AUROPHARMA,24-Jun-2021,970,PE,0,0,0,171.75,88.35,0,0,0,0,19-APR-2021,
OPTSTK,AUROPHARMA,24-Jun-2021,980,PE,0,0,0,179.05,93.85,0,0,0,0,19-APR-2021,
OPTSTK,AUROPHARMA,24-Jun-2021,990,PE,0,0,0,186.55,99.5,0,0,0,0,19-APR-2021,
OPTSTK,AUROPHARMA,24-Jun-2021,1000,PE,0,0,0,194.1,105.3,0,0,0,0,19-APR-2021,
OPTSTK,AUROPHARMA,24-Jun-2021,1010,PE,0,0,0,201.75,111.25,0,0,0,0,19-APR-2021,
OPTSTK,AUROPHARMA,24-Jun-2021,1020,PE,0,0,0,209.5,117.4,0,0,0,0,19-APR-2021,
OPTSTK,AUROPHARMA,24-Jun-2021,1030,PE,0,0,0,217.4,123.7,0,0,0,0,19-APR-2021,
OPTSTK,AUROPHARMA,24-Jun-2021,1040,PE,0,0,0,225.35,130.15,0,0,0,0,19-APR-2021,
OPTSTK,AUROPHARMA,24-Jun-2021,1050,PE,0,0,0,233.4,136.75,0,0,0,0,19-APR-2021,
OPTSTK,AUROPHARMA,24-Jun-2021,1060,PE,0,0,0,241.55,143.5,0,0,0,0,19-APR-2021,
OPTSTK,AUROPHARMA,24-Jun-2021,1070,PE,0,0,0,249.75,150.4,0,0,0,0,19-APR-2021,
OPTSTK,AUROPHARMA,24-Jun-2021,1080,PE,0,0,0,258.05,157.4,0,0,0,0,19-APR-2021,
OPTSTK,AUROPHARMA,24-Jun-2021,1090,PE,0,0,0,266.45,164.6,0,0,0,0,19-APR-2021,
OPTSTK,AUROPHARMA,24-Jun-2021,1100,PE,0,0,0,274.9,171.85,0,0,0,0,19-APR-2021,
OPTSTK,AUROPHARMA,24-Jun-2021,1110,PE,0,0,0,283.45,179.35,0,0,0,0,19-APR-2021,
OPTSTK,AUROPHARMA,24-Jun-2021,1120,PE,0,0,0,292.05,186.9,0,0,0,0,19-APR-2021,
OPTSTK,AUROPHARMA,24-Jun-2021,1130,PE,0,0,0,300.7,194.55,0,0,0,0,19-APR-2021,
OPTSTK,AUROPHARMA,24-Jun-2021,1140,PE,0,0,0,309.45,202.3,0,0,0,0,19-APR-2021,
OPTSTK,AUROPHARMA,24-Jun-2021,1150,PE,0,0,0,318.25,210.2,0,0,0,0,19-APR-2021,
OPTSTK,AUROPHARMA,24-Jun-2021,1160,PE,0,0,0,327.1,218.2,0,0,0,0,19-APR-2021,
OPTSTK,AUROPHARMA,24-Jun-2021,1170,PE,0,0,0,336,226.25,0,0,0,0,19-APR-2021,
OPTSTK,AUROPHARMA,24-Jun-2021,1180,PE,0,0,0,344.95,234.4,0,0,0,0,19-APR-2021,
OPTSTK,AXISBANK,29-Apr-2021,430,CE,0,0,0,250.55,218.6,0,0,0,0,19-APR-2021,
OPTSTK,AXISBANK,29-Apr-2021,440,CE,0,0,0,241.7,208.6,0,0,0,0,19-APR-2021,
OPTSTK,AXISBANK,29-Apr-2021,450,CE,0,0,0,250,198.6,0,0,6000,0,19-APR-2021,
OPTSTK,AXISBANK,29-Apr-2021,460,CE,0,0,0,224.5,188.65,0,0,0,0,19-APR-2021,
OPTSTK,AXISBANK,29-Apr-2021,470,CE,0,0,0,216.1,178.65,0,0,0,0,19-APR-2021,
OPTSTK,AXISBANK,29-Apr-2021,480,CE,0,0,0,207.9,168.65,0,0,0,0,19-APR-2021,
OPTSTK,AXISBANK,29-Apr-2021,490,CE,0,0,0,199.8,158.7,0,0,0,0,19-APR-2021,
OPTSTK,AXISBANK,29-Apr-2021,500,CE,0,0,0,216,148.75,0,0,4800,0,19-APR-2021,
OPTSTK,AXISBANK,29-Apr-2021,510,CE,0,0,0,184.25,138.85,0,0,0,0,19-APR-2021,
OPTSTK,AXISBANK,29-Apr-2021,520,CE,0,0,0,176.75,128.95,0,0,0,0,19-APR-2021,
OPTSTK,AXISBANK,29-Apr-2021,530,CE,0,0,0,169.4,119.2,0,0,0,0,19-APR-2021,
OPTSTK,AXISBANK,29-Apr-2021,540,CE,0,0,0,162.3,109.5,0,0,0,0,19-APR-2021,
OPTSTK,AXISBANK,29-Apr-2021,550,CE,0,0,0,122.85,100,0,0,1200,0,19-APR-2021,
OPTSTK,AXISBANK,29-Apr-2021,560,CE,0,0,0,148.6,90.65,0,0,0,0,19-APR-2021,
OPTSTK,AXISBANK,29-Apr-2021,570,CE,0,0,0,142.1,81.6,0,0,0,0,19-APR-2021,
OPTSTK,AXISBANK,29-Apr-2021,580,CE,0,0,0,135.75,72.85,0,0,0,0,19-APR-2021,
OPTSTK,AXISBANK,29-Apr-2021,590,CE,0,0,0,129.6,64.5,0,0,0,0,19-APR-2021,
OPTSTK,AXISBANK,29-Apr-2021,600,CE,46,54.8,41,53.35,53.35,49,379.75,30000,15600,19-APR-2021,
OPTSTK,AXISBANK,29-Apr-2021,610,CE,0,0,0,66,49.2,0,0,1200,0,19-APR-2021,
OPTSTK,AXISBANK,29-Apr-2021,620,CE,35.4,35.55,26.1,35.55,35.55,59,460.23,42000,15600,19-APR-2021,
OPTSTK,AXISBANK,29-Apr-2021,630,CE,24.65,31.2,20.8,29.3,29.3,1441,11296.14,198000,102000,19-APR-2021,
OPTSTK,AXISBANK,29-Apr-2021,640,CE,30,30,16,22.75,22.75,3972,31399.94,643200,369600,19-APR-2021,
OPTSTK,AXISBANK,29-Apr-2021,650,CE,16.1,18.65,11.8,17.3,17.3,4763,37967.85,674400,328800,19-APR-2021,
OPTSTK,AXISBANK,29-Apr-2021,660,CE,9.55,18,8.65,12.75,12.75,3930,31617.12,632400,342000,19-APR-2021,
OPTSTK,AXISBANK,29-Apr-2021,670,CE,9.7,11.3,6.2,9.15,9.15,2542,20672.53,530400,150000,19-APR-2021,
OPTSTK,AXISBANK,29-Apr-2021,680,CE,9.55,9.55,4.45,6.4,6.4,3174,26106.62,799200,-49200,19-APR-2021,
OPTSTK,AXISBANK,29-Apr-2021,690,CE,6.95,6.95,3.2,4.45,4.45,1794,14937.42,1262400,-50400,19-APR-2021,
OPTSTK,AXISBANK,29-Apr-2021,700,CE,6.2,6.2,2.4,3.2,3.2,2844,23985.38,2467200,159600,19-APR-2021,
OPTSTK,AXISBANK,29-Apr-2021,710,CE,4.3,4.3,1.75,2.2,2.2,1151,9834.5,552000,-103200,19-APR-2021,
OPTSTK,AXISBANK,29-Apr-2021,720,CE,2.75,3.45,1.25,1.55,1.55,1516,13124.29,1782000,-22800,19-APR-2021,
OPTSTK,AXISBANK,29-Apr-2021,730,CE,2.35,2.35,1.05,1.3,1.3,475,4167.87,567600,-48000,19-APR-2021,
OPTSTK,AXISBANK,29-Apr-2021,740,CE,1.3,1.45,0.95,1.1,1.1,326,2899.02,630000,-8400,19-APR-2021,
OPTSTK,AXISBANK,29-Apr-2021,750,CE,1.7,1.7,0.8,1,1,351,3162.92,960000,8400,19-APR-2021,
OPTSTK,AXISBANK,29-Apr-2021,760,CE,0.85,1,0.7,0.85,0.85,120,1095.53,340800,-30000,19-APR-2021,
OPTSTK,AXISBANK,29-Apr-2021,770,CE,0.9,0.9,0.5,0.65,0.65,77,712.02,392400,-14400,19-APR-2021,
OPTSTK,AXISBANK,29-Apr-2021,780,CE,0.6,0.65,0.5,0.55,0.55,15,140.5,271200,-7200,19-APR-2021,
OPTSTK,AXISBANK,29-Apr-2021,790,CE,0.55,0.55,0.45,0.5,0.7,10,94.85,256800,-4800,19-APR-2021,
OPTSTK,AXISBANK,29-Apr-2021,800,CE,0.65,0.65,0.45,0.55,0.55,127,1220.03,960000,-55200,19-APR-2021,
OPTSTK,AXISBANK,29-Apr-2021,810,CE,0.4,0.5,0.4,0.5,0.5,10,97.25,81600,-12000,19-APR-2021,
OPTSTK,AXISBANK,29-Apr-2021,820,CE,0.6,0.7,0.35,0.5,0.5,5,49.23,141600,-1200,19-APR-2021,
OPTSTK,AXISBANK,29-Apr-2021,830,CE,0.45,0.45,0.45,0.45,0.2,1,9.96,70800,0,19-APR-2021,
OPTSTK,AXISBANK,29-Apr-2021,840,CE,0.4,0.4,0.4,0.4,0.15,2,20.16,51600,-2400,19-APR-2021,
OPTSTK,AXISBANK,29-Apr-2021,850,CE,0.35,0.5,0.25,0.5,0.5,38,387.77,154800,-33600,19-APR-2021,
OPTSTK,AXISBANK,29-Apr-2021,860,CE,0.45,0.45,0.4,0.4,0.4,5,51.62,108000,-3600,19-APR-2021,
OPTSTK,AXISBANK,29-Apr-2021,870,CE,0,0,0,0.75,0.05,0,0,1200,0,19-APR-2021,
OPTSTK,AXISBANK,29-Apr-2021,880,CE,0,0,0,0.5,0.05,0,0,0,0,19-APR-2021,
OPTSTK,AXISBANK,29-Apr-2021,890,CE,0.3,0.3,0.3,0.3,0.05,2,21.36,7200,-1200,19-APR-2021,
OPTSTK,AXISBANK,29-Apr-2021,900,CE,0.3,0.3,0.3,0.3,0.05,2,21.6,74400,0,19-APR-2021,
OPTSTK,AXISBANK,29-Apr-2021,910,CE,0,0,0,2.55,0.05,0,0,2400,0,19-APR-2021,
OPTSTK,AXISBANK,29-Apr-2021,920,CE,0.1,0.1,0.05,0.05,0,2,22.08,3600,-2400,19-APR-2021,
OPTSTK,AXISBANK,29-Apr-2021,430,PE,0,0,0,5.85,0,0,0,0,0,19-APR-2021,
OPTSTK,AXISBANK,29-Apr-2021,440,PE,0,0,0,6.95,0,0,0,0,0,19-APR-2021,
OPTSTK,AXISBANK,29-Apr-2021,450,PE,0.6,0.6,0.6,0.6,0.6,3,16.22,12000,2400,19-APR-2021,
OPTSTK,AXISBANK,29-Apr-2021,460,PE,0,0,0,9.55,0,0,0,0,0,19-APR-2021,
OPTSTK,AXISBANK,29-Apr-2021,470,PE,0,0,0,11.05,0.05,0,0,0,0,19-APR-2021,
OPTSTK,AXISBANK,29-Apr-2021,480,PE,0,0,0,12.75,0.05,0,0,0,0,19-APR-2021,
OPTSTK,AXISBANK,29-Apr-2021,490,PE,0,0,0,14.6,0.05,0,0,0,0,19-APR-2021,
OPTSTK,AXISBANK,29-Apr-2021,500,PE,0.7,1,0.7,0.7,0.7,47,282.49,58800,3600,19-APR-2021,
OPTSTK,AXISBANK,29-Apr-2021,510,PE,0,0,0,18.8,0.2,0,0,0,0,19-APR-2021,
OPTSTK,AXISBANK,29-Apr-2021,520,PE,0.85,1.2,0.75,0.85,0.85,33,206.31,48000,3600,19-APR-2021,
OPTSTK,AXISBANK,29-Apr-2021,530,PE,2,2,0.8,1.05,1.05,88,561.2,18000,2400,19-APR-2021,
OPTSTK,AXISBANK,29-Apr-2021,540,PE,1.8,2.25,1,1.15,1.15,499,3244.34,106800,14400,19-APR-2021,
OPTSTK,AXISBANK,29-Apr-2021,550,PE,2.05,2.75,1.25,1.5,1.5,705,4671.37,196800,-6000,19-APR-2021,
OPTSTK,AXISBANK,29-Apr-2021,560,PE,1.5,3.45,1,1.8,1.8,414,2795.25,97200,4800,19-APR-2021,
OPTSTK,AXISBANK,29-Apr-2021,570,PE,3.1,4.25,1.95,2.2,2.2,531,3653.21,118800,27600,19-APR-2021,
OPTSTK,AXISBANK,29-Apr-2021,580,PE,2,5.5,2,2.85,2.85,707,4956.2,234000,-22800,19-APR-2021,
OPTSTK,AXISBANK,29-Apr-2021,590,PE,3.85,7,3.1,3.6,3.6,922,6587.78,291600,26400,19-APR-2021,
OPTSTK,AXISBANK,29-Apr-2021,600,PE,5,9.25,4.3,4.75,4.75,2764,20138.24,882000,-135600,19-APR-2021,
OPTSTK,AXISBANK,29-Apr-2021,610,PE,8.25,11.8,5.6,6.25,6.25,1255,9325.32,242400,52800,19-APR-2021,
OPTSTK,AXISBANK,29-Apr-2021,620,PE,9.7,15.3,7.5,8.3,8.3,2356,17864.71,506400,-151200,19-APR-2021,
OPTSTK,AXISBANK,29-Apr-2021,630,PE,10.9,19.5,9.9,11.05,11.05,4001,31014.37,666000,90000,19-APR-2021,
OPTSTK,AXISBANK,29-Apr-2021,640,PE,19,24.65,13.3,14.35,14.35,2696,21334.02,720000,121200,19-APR-2021,
OPTSTK,AXISBANK,29-Apr-2021,650,PE,16,30.4,16,18.6,18.6,1640,13255.73,886800,-68400,19-APR-2021,
OPTSTK,AXISBANK,29-Apr-2021,660,PE,22.2,36.9,22.2,23.7,23.7,625,5168.58,338400,-150000,19-APR-2021,
OPTSTK,AXISBANK,29-Apr-2021,670,PE,28.45,44.75,28.45,30,30,265,2244.76,198000,-85200,19-APR-2021,
OPTSTK,AXISBANK,29-Apr-2021,680,PE,37.65,52.85,36.55,37.2,37.2,183,1592.61,528000,-72000,19-APR-2021,
OPTSTK,AXISBANK,29-Apr-2021,690,PE,52.05,60.6,49.95,52.5,52.3,39,348.69,306000,-28800,19-APR-2021,
OPTSTK,AXISBANK,29-Apr-2021,700,PE,57.15,70,54,55.75,55.75,62,567.96,836400,-27600,19-APR-2021,
OPTSTK,AXISBANK,29-Apr-2021,710,PE,74.4,77.35,71.8,77.35,68.05,5,47.07,182400,-4800,19-APR-2021,
OPTSTK,AXISBANK,29-Apr-2021,720,PE,79.5,83.35,72.15,72.2,72.2,18,172.44,602400,-6000,19-APR-2021,
OPTSTK,AXISBANK,29-Apr-2021,730,PE,83.35,95,83.35,95,85.25,3,29.52,195600,-2400,19-APR-2021,
OPTSTK,AXISBANK,29-Apr-2021,740,PE,92,98.3,92,98.3,94.25,5,50.16,55200,-1200,19-APR-2021,
OPTSTK,AXISBANK,29-Apr-2021,750,PE,108.25,108.25,107.6,107.6,103.45,2,20.59,38400,-1200,19-APR-2021,
OPTSTK,AXISBANK,29-Apr-2021,760,PE,0,0,0,63.5,112.85,0,0,8400,0,19-APR-2021,
OPTSTK,AXISBANK,29-Apr-2021,770,PE,0,0,0,143.9,122.4,0,0,0,0,19-APR-2021,
OPTSTK,AXISBANK,29-Apr-2021,780,PE,0,0,0,80.25,132.05,0,0,1200,0,19-APR-2021,
OPTSTK,AXISBANK,29-Apr-2021,790,PE,0,0,0,158.3,141.75,0,0,0,0,19-APR-2021,
OPTSTK,AXISBANK,29-Apr-2021,800,PE,0,0,0,133.25,151.55,0,0,22800,0,19-APR-2021,
OPTSTK,AXISBANK,29-Apr-2021,810,PE,0,0,0,173.25,161.4,0,0,0,0,19-APR-2021,
OPTSTK,AXISBANK,29-Apr-2021,820,PE,0,0,0,107.4,171.3,0,0,9600,0,19-APR-2021,
OPTSTK,AXISBANK,29-Apr-2021,830,PE,0,0,0,188.65,181.2,0,0,0,0,19-APR-2021,
OPTSTK,AXISBANK,29-Apr-2021,840,PE,0,0,0,196.55,191.15,0,0,0,0,19-APR-2021,
OPTSTK,AXISBANK,29-Apr-2021,850,PE,0,0,0,204.5,201.1,0,0,0,0,19-APR-2021,
OPTSTK,AXISBANK,29-Apr-2021,860,PE,0,0,0,212.6,211.05,0,0,0,0,19-APR-2021,
OPTSTK,AXISBANK,29-Apr-2021,870,PE,0,0,0,220.75,221.05,0,0,0,0,19-APR-2021,
OPTSTK,AXISBANK,29-Apr-2021,880,PE,0,0,0,229,231,0,0,0,0,19-APR-2021,
OPTSTK,AXISBANK,29-Apr-2021,890,PE,0,0,0,237.3,241,0,0,0,0,19-APR-2021,
OPTSTK,AXISBANK,29-Apr-2021,900,PE,0,0,0,245.75,251,0,0,0,0,19-APR-2021,
OPTSTK,AXISBANK,29-Apr-2021,910,PE,0,0,0,254.25,260.95,0,0,0,0,19-APR-2021,
OPTSTK,AXISBANK,29-Apr-2021,920,PE,0,0,0,214,270.95,0,0,2400,0,19-APR-2021,
OPTSTK,AXISBANK,27-May-2021,490,CE,0,0,0,247.8,163.7,0,0,0,0,19-APR-2021,
OPTSTK,AXISBANK,27-May-2021,500,CE,0,0,0,239.25,154.7,0,0,0,0,19-APR-2021,
OPTSTK,AXISBANK,27-May-2021,510,CE,0,0,0,273.7,145.9,0,0,0,0,19-APR-2021,
OPTSTK,AXISBANK,27-May-2021,520,CE,0,0,0,265.05,137.3,0,0,0,0,19-APR-2021,
OPTSTK,AXISBANK,27-May-2021,530,CE,0,0,0,256.5,128.95,0,0,0,0,19-APR-2021,
OPTSTK,AXISBANK,27-May-2021,540,CE,0,0,0,248.15,120.8,0,0,0,0,19-APR-2021,
OPTSTK,AXISBANK,27-May-2021,550,CE,0,0,0,239.9,112.95,0,0,0,0,19-APR-2021,
OPTSTK,AXISBANK,27-May-2021,560,CE,0,0,0,231.75,105.35,0,0,0,0,19-APR-2021,
OPTSTK,AXISBANK,27-May-2021,570,CE,0,0,0,223.8,98.05,0,0,0,0,19-APR-2021,
OPTSTK,AXISBANK,27-May-2021,580,CE,0,0,0,216,91.05,0,0,0,0,19-APR-2021,
OPTSTK,AXISBANK,27-May-2021,590,CE,0,0,0,208.35,84.35,0,0,0,0,19-APR-2021,
OPTSTK,AXISBANK,27-May-2021,600,CE,0,0,0,58,77.95,0,0,1200,0,19-APR-2021,
OPTSTK,AXISBANK,27-May-2021,610,CE,0,0,0,193.6,71.9,0,0,0,0,19-APR-2021,
OPTSTK,AXISBANK,27-May-2021,620,CE,0,0,0,186.45,66.15,0,0,0,0,19-APR-2021,
OPTSTK,AXISBANK,27-May-2021,630,CE,0,0,0,179.5,60.75,0,0,0,0,19-APR-2021,
OPTSTK,AXISBANK,27-May-2021,640,CE,36.4,39.95,34.6,39,55.65,25,202.98,27600,14400,19-APR-2021,
OPTSTK,AXISBANK,27-May-2021,650,CE,35.65,36.9,30.65,35.5,35.5,105,860.6,67200,63600,19-APR-2021,
OPTSTK,AXISBANK,27-May-2021,660,CE,28.5,32,27,31.15,31.15,18,148.81,49200,10800,19-APR-2021,
OPTSTK,AXISBANK,27-May-2021,670,CE,25,27,24,27,27,11,91.78,8400,8400,19-APR-2021,
OPTSTK,AXISBANK,27-May-2021,680,CE,20,24,20,23.1,23.1,13,109.51,13200,13200,19-APR-2021,
OPTSTK,AXISBANK,27-May-2021,690,CE,0,0,0,141.35,34.85,0,0,0,0,19-APR-2021,
OPTSTK,AXISBANK,27-May-2021,700,CE,20.9,20.9,14.5,17,17,368,3163.72,200400,81600,19-APR-2021,
OPTSTK,AXISBANK,27-May-2021,710,CE,13.4,14.05,13.4,14.05,14.05,2,17.36,61200,0,19-APR-2021,
OPTSTK,AXISBANK,27-May-2021,720,CE,12,12,10.5,12,12,24,210.58,62400,15600,19-APR-2021,
OPTSTK,AXISBANK,27-May-2021,730,CE,9.8,10.3,9.1,10.25,10.25,10,88.79,15600,12000,19-APR-2021,
OPTSTK,AXISBANK,27-May-2021,740,CE,9.1,9.5,7.8,8.95,20.8,9,80.85,27600,4800,19-APR-2021,
OPTSTK,AXISBANK,27-May-2021,750,CE,7,8.35,6.5,7.75,7.75,77,699.8,194400,32400,19-APR-2021,
OPTSTK,AXISBANK,27-May-2021,760,CE,0,0,0,18,16.7,0,0,28800,0,19-APR-2021,
OPTSTK,AXISBANK,27-May-2021,770,CE,0,0,0,15.55,14.95,0,0,27600,0,19-APR-2021,
OPTSTK,AXISBANK,27-May-2021,780,CE,0,0,0,95.9,13.35,0,0,0,0,19-APR-2021,
OPTSTK,AXISBANK,27-May-2021,790,CE,0,0,0,91.7,11.9,0,0,0,0,19-APR-2021,
OPTSTK,AXISBANK,27-May-2021,800,CE,8,8,3.05,4,10.55,19,183.3,42000,8400,19-APR-2021,
OPTSTK,AXISBANK,27-May-2021,810,CE,0,0,0,83.75,9.4,0,0,0,0,19-APR-2021,
OPTSTK,AXISBANK,27-May-2021,820,CE,0,0,0,79.95,8.35,0,0,0,0,19-APR-2021,
OPTSTK,AXISBANK,27-May-2021,830,CE,0,0,0,76.35,7.4,0,0,0,0,19-APR-2021,
OPTSTK,AXISBANK,27-May-2021,840,CE,0,0,0,72.85,6.55,0,0,0,0,19-APR-2021,
OPTSTK,AXISBANK,27-May-2021,850,CE,0,0,0,69.5,5.8,0,0,0,0,19-APR-2021,
OPTSTK,AXISBANK,27-May-2021,860,CE,0,0,0,66.3,5.1,0,0,0,0,19-APR-2021,
OPTSTK,AXISBANK,27-May-2021,870,CE,0,0,0,63.25,4.5,0,0,0,0,19-APR-2021,
OPTSTK,AXISBANK,27-May-2021,880,CE,0,0,0,60.3,3.95,0,0,0,0,19-APR-2021,
OPTSTK,AXISBANK,27-May-2021,890,CE,0,0,0,57.45,3.5,0,0,0,0,19-APR-2021,
OPTSTK,AXISBANK,27-May-2021,900,CE,0,0,0,2.55,3.05,0,0,26400,0,19-APR-2021,
OPTSTK,AXISBANK,27-May-2021,910,CE,0,0,0,52.15,2.7,0,0,0,0,19-APR-2021,
OPTSTK,AXISBANK,27-May-2021,920,CE,0,0,0,49.7,2.35,0,0,0,0,19-APR-2021,
OPTSTK,AXISBANK,27-May-2021,490,PE,0,0,0,8.6,3.65,0,0,0,0,19-APR-2021,
OPTSTK,AXISBANK,27-May-2021,500,PE,0,0,0,9.95,4.65,0,0,0,0,19-APR-2021,
OPTSTK,AXISBANK,27-May-2021,510,PE,0,0,0,8.3,5.8,0,0,0,0,19-APR-2021,
OPTSTK,AXISBANK,27-May-2021,520,PE,0,0,0,9.55,7.15,0,0,0,0,19-APR-2021,
OPTSTK,AXISBANK,27-May-2021,530,PE,0,0,0,10.95,8.75,0,0,0,0,19-APR-2021,
OPTSTK,AXISBANK,27-May-2021,540,PE,0,0,0,12.45,10.55,0,0,0,0,19-APR-2021,
OPTSTK,AXISBANK,27-May-2021,550,PE,10.6,10.6,7.35,7.35,12.65,14,93.86,18000,9600,19-APR-2021,
OPTSTK,AXISBANK,27-May-2021,560,PE,0,0,0,15.9,15,0,0,0,0,19-APR-2021,
OPTSTK,AXISBANK,27-May-2021,570,PE,0,0,0,17.85,17.7,0,0,0,0,19-APR-2021,
OPTSTK,AXISBANK,27-May-2021,580,PE,14,15.75,11,11.45,11.45,39,277.99,27600,14400,19-APR-2021,
OPTSTK,AXISBANK,27-May-2021,590,PE,0,0,0,9,23.9,0,0,1200,0,19-APR-2021,
OPTSTK,AXISBANK,27-May-2021,600,PE,16.5,22.1,15.4,16.65,16.65,99,735.3,78000,8400,19-APR-2021,
OPTSTK,AXISBANK,27-May-2021,610,PE,0,0,0,27.3,31.35,0,0,0,0,19-APR-2021,
OPTSTK,AXISBANK,27-May-2021,620,PE,26.8,30,22.75,22.75,22.75,19,147.69,19200,19200,19-APR-2021,
OPTSTK,AXISBANK,27-May-2021,630,PE,32.7,35,27.45,27.45,27.45,24,190.88,20400,20400,19-APR-2021,
OPTSTK,AXISBANK,27-May-2021,640,PE,35,40,35,35,45.05,15,121.83,12000,10800,19-APR-2021,
OPTSTK,AXISBANK,27-May-2021,650,PE,35.9,45,33,33.2,33.2,36,298.25,73200,20400,19-APR-2021,
OPTSTK,AXISBANK,27-May-2021,660,PE,0,0,0,42.85,55.7,0,0,0,0,19-APR-2021,
OPTSTK,AXISBANK,27-May-2021,670,PE,0,0,0,46.45,61.55,0,0,0,0,19-APR-2021,
OPTSTK,AXISBANK,27-May-2021,680,PE,0,0,0,39.95,67.65,0,0,38400,0,19-APR-2021,
OPTSTK,AXISBANK,27-May-2021,690,PE,0,0,0,42.85,74,0,0,40800,0,19-APR-2021,
OPTSTK,AXISBANK,27-May-2021,700,PE,75,75,75,75,80.65,1,9.3,61200,0,19-APR-2021,
OPTSTK,AXISBANK,27-May-2021,710,PE,0,0,0,62.8,87.55,0,0,0,0,19-APR-2021,
OPTSTK,AXISBANK,27-May-2021,720,PE,0,0,0,67.3,94.75,0,0,0,0,19-APR-2021,
OPTSTK,AXISBANK,27-May-2021,730,PE,0,0,0,94.55,102.15,0,0,2400,0,19-APR-2021,
OPTSTK,AXISBANK,27-May-2021,740,PE,0,0,0,101.5,109.8,0,0,2400,0,19-APR-2021,
OPTSTK,AXISBANK,27-May-2021,750,PE,0,0,0,81.9,117.6,0,0,0,0,19-APR-2021,
OPTSTK,AXISBANK,27-May-2021,760,PE,0,0,0,87.1,125.6,0,0,0,0,19-APR-2021,
OPTSTK,AXISBANK,27-May-2021,770,PE,0,0,0,92.5,133.8,0,0,0,0,19-APR-2021,
OPTSTK,AXISBANK,27-May-2021,780,PE,0,0,0,98,142.15,0,0,0,0,19-APR-2021,
OPTSTK,AXISBANK,27-May-2021,790,PE,0,0,0,103.7,150.65,0,0,0,0,19-APR-2021,
OPTSTK,AXISBANK,27-May-2021,800,PE,0,0,0,109.55,159.3,0,0,0,0,19-APR-2021,
OPTSTK,AXISBANK,27-May-2021,810,PE,0,0,0,115.55,168.1,0,0,0,0,19-APR-2021,
OPTSTK,AXISBANK,27-May-2021,820,PE,0,0,0,121.7,177,0,0,0,0,19-APR-2021,
OPTSTK,AXISBANK,27-May-2021,830,PE,0,0,0,127.95,186,0,0,0,0,19-APR-2021,
OPTSTK,AXISBANK,27-May-2021,840,PE,0,0,0,134.4,195.1,0,0,0,0,19-APR-2021,
OPTSTK,AXISBANK,27-May-2021,850,PE,0,0,0,140.95,204.3,0,0,0,0,19-APR-2021,
OPTSTK,AXISBANK,27-May-2021,860,PE,0,0,0,147.65,213.6,0,0,0,0,19-APR-2021,
OPTSTK,AXISBANK,27-May-2021,870,PE,0,0,0,154.5,222.95,0,0,0,0,19-APR-2021,
OPTSTK,AXISBANK,27-May-2021,880,PE,0,0,0,161.45,232.4,0,0,0,0,19-APR-2021,
OPTSTK,AXISBANK,27-May-2021,890,PE,0,0,0,168.5,241.85,0,0,0,0,19-APR-2021,
OPTSTK,AXISBANK,27-May-2021,900,PE,0,0,0,175.7,251.4,0,0,0,0,19-APR-2021,
OPTSTK,AXISBANK,27-May-2021,910,PE,0,0,0,183,261,0,0,0,0,19-APR-2021,
OPTSTK,AXISBANK,27-May-2021,920,PE,0,0,0,190.5,270.6,0,0,0,0,19-APR-2021,
OPTSTK,AXISBANK,24-Jun-2021,490,CE,0,0,0,220,171.2,0,0,0,0,19-APR-2021,
OPTSTK,AXISBANK,24-Jun-2021,500,CE,0,0,0,211.7,163,0,0,0,0,19-APR-2021,
OPTSTK,AXISBANK,24-Jun-2021,510,CE,0,0,0,203.6,155,0,0,0,0,19-APR-2021,
OPTSTK,AXISBANK,24-Jun-2021,520,CE,0,0,0,195.65,147.2,0,0,0,0,19-APR-2021,
OPTSTK,AXISBANK,24-Jun-2021,530,CE,0,0,0,187.9,139.65,0,0,0,0,19-APR-2021,
OPTSTK,AXISBANK,24-Jun-2021,540,CE,0,0,0,180.3,132.3,0,0,0,0,19-APR-2021,
OPTSTK,AXISBANK,24-Jun-2021,550,CE,0,0,0,172.95,125.2,0,0,0,0,19-APR-2021,
OPTSTK,AXISBANK,24-Jun-2021,560,CE,0,0,0,165.75,118.35,0,0,0,0,19-APR-2021,
OPTSTK,AXISBANK,24-Jun-2021,570,CE,0,0,0,158.7,111.7,0,0,0,0,19-APR-2021,
OPTSTK,AXISBANK,24-Jun-2021,580,CE,0,0,0,151.9,105.3,0,0,0,0,19-APR-2021,
OPTSTK,AXISBANK,24-Jun-2021,590,CE,0,0,0,145.3,99.2,0,0,0,0,19-APR-2021,
OPTSTK,AXISBANK,24-Jun-2021,600,CE,0,0,0,138.85,93.35,0,0,0,0,19-APR-2021,
OPTSTK,AXISBANK,24-Jun-2021,610,CE,0,0,0,132.6,87.75,0,0,0,0,19-APR-2021,
OPTSTK,AXISBANK,24-Jun-2021,620,CE,0,0,0,126.6,82.35,0,0,0,0,19-APR-2021,
OPTSTK,AXISBANK,24-Jun-2021,630,CE,0,0,0,120.8,77.25,0,0,0,0,19-APR-2021,
OPTSTK,AXISBANK,24-Jun-2021,640,CE,0,0,0,115.2,72.35,0,0,0,0,19-APR-2021,
OPTSTK,AXISBANK,24-Jun-2021,650,CE,0,0,0,109.75,67.75,0,0,0,0,19-APR-2021,
OPTSTK,AXISBANK,24-Jun-2021,660,CE,0,0,0,104.55,63.35,0,0,0,0,19-APR-2021,
OPTSTK,AXISBANK,24-Jun-2021,670,CE,0,0,0,99.55,59.15,0,0,0,0,19-APR-2021,
OPTSTK,AXISBANK,24-Jun-2021,680,CE,0,0,0,94.7,55.2,0,0,0,0,19-APR-2021,
OPTSTK,AXISBANK,24-Jun-2021,690,CE,0,0,0,90.05,51.5,0,0,0,0,19-APR-2021,
OPTSTK,AXISBANK,24-Jun-2021,700,CE,0,0,0,85.6,47.95,0,0,0,0,19-APR-2021,
OPTSTK,AXISBANK,24-Jun-2021,710,CE,0,0,0,81.3,44.65,0,0,0,0,19-APR-2021,
OPTSTK,AXISBANK,24-Jun-2021,720,CE,0,0,0,77.2,41.5,0,0,0,0,19-APR-2021,
OPTSTK,AXISBANK,24-Jun-2021,730,CE,0,0,0,73.3,38.6,0,0,0,0,19-APR-2021,
OPTSTK,AXISBANK,24-Jun-2021,740,CE,0,0,0,69.55,35.85,0,0,0,0,19-APR-2021,
OPTSTK,AXISBANK,24-Jun-2021,750,CE,0,0,0,65.95,33.25,0,0,0,0,19-APR-2021,
OPTSTK,AXISBANK,24-Jun-2021,760,CE,0,0,0,62.5,30.85,0,0,0,0,19-APR-2021,
OPTSTK,AXISBANK,24-Jun-2021,770,CE,0,0,0,59.2,28.6,0,0,0,0,19-APR-2021,
OPTSTK,AXISBANK,24-Jun-2021,780,CE,0,0,0,56.1,26.5,0,0,0,0,19-APR-2021,
OPTSTK,AXISBANK,24-Jun-2021,790,CE,0,0,0,53.1,24.5,0,0,0,0,19-APR-2021,
OPTSTK,AXISBANK,24-Jun-2021,800,CE,0,0,0,50.25,22.65,0,0,0,0,19-APR-2021,
OPTSTK,AXISBANK,24-Jun-2021,810,CE,0,0,0,47.55,20.95,0,0,0,0,19-APR-2021,
OPTSTK,AXISBANK,24-Jun-2021,820,CE,0,0,0,45,19.35,0,0,0,0,19-APR-2021,
OPTSTK,AXISBANK,24-Jun-2021,830,CE,0,0,0,42.55,17.85,0,0,0,0,19-APR-2021,
OPTSTK,AXISBANK,24-Jun-2021,840,CE,0,0,0,40.25,16.45,0,0,0,0,19-APR-2021,
OPTSTK,AXISBANK,24-Jun-2021,850,CE,0,0,0,38,15.2,0,0,0,0,19-APR-2021,
OPTSTK,AXISBANK,24-Jun-2021,860,CE,0,0,0,35.9,14,0,0,0,0,19-APR-2021,
OPTSTK,AXISBANK,24-Jun-2021,870,CE,0,0,0,33.95,12.9,0,0,0,0,19-APR-2021,
OPTSTK,AXISBANK,24-Jun-2021,880,CE,0,0,0,32.05,11.85,0,0,0,0,19-APR-2021,
OPTSTK,AXISBANK,24-Jun-2021,890,CE,0,0,0,30.25,10.9,0,0,0,0,19-APR-2021,
OPTSTK,AXISBANK,24-Jun-2021,900,CE,0,0,0,28.55,10.05,0,0,0,0,19-APR-2021,
OPTSTK,AXISBANK,24-Jun-2021,910,CE,0,0,0,26.9,9.2,0,0,0,0,19-APR-2021,
OPTSTK,AXISBANK,24-Jun-2021,920,CE,0,0,0,25.4,8.5,0,0,0,0,19-APR-2021,
OPTSTK,AXISBANK,24-Jun-2021,490,PE,0,0,0,10.8,9.75,0,0,0,0,19-APR-2021,
OPTSTK,AXISBANK,24-Jun-2021,500,PE,0,0,0,5,11.5,0,0,1200,0,19-APR-2021,
OPTSTK,AXISBANK,24-Jun-2021,510,PE,0,0,0,14.25,13.4,0,0,0,0,19-APR-2021,
OPTSTK,AXISBANK,24-Jun-2021,520,PE,0,0,0,16.2,15.55,0,0,0,0,19-APR-2021,
OPTSTK,AXISBANK,24-Jun-2021,530,PE,0,0,0,18.35,17.9,0,0,0,0,19-APR-2021,
OPTSTK,AXISBANK,24-Jun-2021,540,PE,0,0,0,20.7,20.5,0,0,0,0,19-APR-2021,
OPTSTK,AXISBANK,24-Jun-2021,550,PE,0,0,0,23.2,23.35,0,0,0,0,19-APR-2021,
OPTSTK,AXISBANK,24-Jun-2021,560,PE,0,0,0,25.9,26.4,0,0,0,0,19-APR-2021,
OPTSTK,AXISBANK,24-Jun-2021,570,PE,0,0,0,28.8,29.7,0,0,0,0,19-APR-2021,
OPTSTK,AXISBANK,24-Jun-2021,580,PE,0,0,0,31.9,33.25,0,0,0,0,19-APR-2021,
OPTSTK,AXISBANK,24-Jun-2021,590,PE,0,0,0,35.2,37.05,0,0,0,0,19-APR-2021,
OPTSTK,AXISBANK,24-Jun-2021,600,PE,0,0,0,38.65,41.15,0,0,0,0,19-APR-2021,
OPTSTK,AXISBANK,24-Jun-2021,610,PE,0,0,0,42.35,45.45,0,0,0,0,19-APR-2021,
OPTSTK,AXISBANK,24-Jun-2021,620,PE,0,0,0,46.25,50,0,0,0,0,19-APR-2021,
OPTSTK,AXISBANK,24-Jun-2021,630,PE,0,0,0,50.35,54.85,0,0,0,0,19-APR-2021,
OPTSTK,AXISBANK,24-Jun-2021,640,PE,0,0,0,54.65,59.9,0,0,0,0,19-APR-2021,
OPTSTK,AXISBANK,24-Jun-2021,650,PE,0,0,0,59.1,65.2,0,0,0,0,19-APR-2021,
OPTSTK,AXISBANK,24-Jun-2021,660,PE,0,0,0,63.8,70.7,0,0,0,0,19-APR-2021,
OPTSTK,AXISBANK,24-Jun-2021,670,PE,0,0,0,68.7,76.5,0,0,0,0,19-APR-2021,
OPTSTK,AXISBANK,24-Jun-2021,680,PE,0,0,0,73.75,82.45,0,0,0,0,19-APR-2021,
OPTSTK,AXISBANK,24-Jun-2021,690,PE,0,0,0,79.05,88.65,0,0,0,0,19-APR-2021,
OPTSTK,AXISBANK,24-Jun-2021,700,PE,0,0,0,84.5,95.1,0,0,0,0,19-APR-2021,
OPTSTK,AXISBANK,24-Jun-2021,710,PE,0,0,0,90.1,101.7,0,0,0,0,19-APR-2021,
OPTSTK,AXISBANK,24-Jun-2021,720,PE,0,0,0,95.9,108.5,0,0,0,0,19-APR-2021,
OPTSTK,AXISBANK,24-Jun-2021,730,PE,0,0,0,101.9,115.5,0,0,0,0,19-APR-2021,
OPTSTK,AXISBANK,24-Jun-2021,740,PE,0,0,0,108.05,122.65,0,0,0,0,19-APR-2021,
OPTSTK,AXISBANK,24-Jun-2021,750,PE,0,0,0,114.35,130.05,0,0,0,0,19-APR-2021,
OPTSTK,AXISBANK,24-Jun-2021,760,PE,0,0,0,120.85,137.55,0,0,0,0,19-APR-2021,
OPTSTK,AXISBANK,24-Jun-2021,770,PE,0,0,0,127.45,145.25,0,0,0,0,19-APR-2021,
OPTSTK,AXISBANK,24-Jun-2021,780,PE,0,0,0,134.25,153.05,0,0,0,0,19-APR-2021,
OPTSTK,AXISBANK,24-Jun-2021,790,PE,0,0,0,141.15,161,0,0,0,0,19-APR-2021,
OPTSTK,AXISBANK,24-Jun-2021,800,PE,0,0,0,148.2,169.1,0,0,0,0,19-APR-2021,
OPTSTK,AXISBANK,24-Jun-2021,810,PE,0,0,0,155.4,177.3,0,0,0,0,19-APR-2021,
OPTSTK,AXISBANK,24-Jun-2021,820,PE,0,0,0,162.75,185.65,0,0,0,0,19-APR-2021,
OPTSTK,AXISBANK,24-Jun-2021,830,PE,0,0,0,170.25,194.1,0,0,0,0,19-APR-2021,
OPTSTK,AXISBANK,24-Jun-2021,840,PE,0,0,0,177.8,202.65,0,0,0,0,19-APR-2021,
OPTSTK,AXISBANK,24-Jun-2021,850,PE,0,0,0,185.5,211.3,0,0,0,0,19-APR-2021,
OPTSTK,AXISBANK,24-Jun-2021,860,PE,0,0,0,193.3,220,0,0,0,0,19-APR-2021,
OPTSTK,AXISBANK,24-Jun-2021,870,PE,0,0,0,201.25,228.85,0,0,0,0,19-APR-2021,
OPTSTK,AXISBANK,24-Jun-2021,880,PE,0,0,0,209.25,237.75,0,0,0,0,19-APR-2021,
OPTSTK,AXISBANK,24-Jun-2021,890,PE,0,0,0,217.35,246.75,0,0,0,0,19-APR-2021,
OPTSTK,AXISBANK,24-Jun-2021,900,PE,0,0,0,225.55,255.8,0,0,0,0,19-APR-2021,
OPTSTK,AXISBANK,24-Jun-2021,910,PE,0,0,0,233.85,264.95,0,0,0,0,19-APR-2021,
OPTSTK,AXISBANK,24-Jun-2021,920,PE,0,0,0,242.2,274.1,0,0,0,0,19-APR-2021,
OPTSTK,BAJAJ-AUTO,29-Apr-2021,2750,CE,0,0,0,1287.35,768.75,0,0,0,0,19-APR-2021,
OPTSTK,BAJAJ-AUTO,29-Apr-2021,2800,CE,0,0,0,1239.7,718.8,0,0,0,0,19-APR-2021,
OPTSTK,BAJAJ-AUTO,29-Apr-2021,2850,CE,0,0,0,1320.6,668.9,0,0,0,0,19-APR-2021,
OPTSTK,BAJAJ-AUTO,29-Apr-2021,2900,CE,0,0,0,1273.15,619,0,0,0,0,19-APR-2021,
OPTSTK,BAJAJ-AUTO,29-Apr-2021,2950,CE,0,0,0,1226.15,569.2,0,0,0,0,19-APR-2021,
OPTSTK,BAJAJ-AUTO,29-Apr-2021,3000,CE,0,0,0,1179.6,519.5,0,0,0,0,19-APR-2021,
OPTSTK,BAJAJ-AUTO,29-Apr-2021,3050,CE,0,0,0,1133.55,470.15,0,0,0,0,19-APR-2021,
OPTSTK,BAJAJ-AUTO,29-Apr-2021,3100,CE,0,0,0,1088.1,421.25,0,0,0,0,19-APR-2021,
OPTSTK,BAJAJ-AUTO,29-Apr-2021,3150,CE,0,0,0,1043.2,373.2,0,0,0,0,19-APR-2021,
OPTSTK,BAJAJ-AUTO,29-Apr-2021,3200,CE,0,0,0,999.05,326.35,0,0,0,0,19-APR-2021,
OPTSTK,BAJAJ-AUTO,29-Apr-2021,3250,CE,0,0,0,955.6,281.25,0,0,0,0,19-APR-2021,
OPTSTK,BAJAJ-AUTO,29-Apr-2021,3300,CE,0,0,0,912.95,238.45,0,0,0,0,19-APR-2021,
OPTSTK,BAJAJ-AUTO,29-Apr-2021,3350,CE,0,0,0,871.15,198.55,0,0,0,0,19-APR-2021,
OPTSTK,BAJAJ-AUTO,29-Apr-2021,3400,CE,0,0,0,830.25,162.15,0,0,0,0,19-APR-2021,
OPTSTK,BAJAJ-AUTO,29-Apr-2021,3450,CE,100,108,100,104.95,129.75,42,373.21,10500,10500,19-APR-2021,
OPTSTK,BAJAJ-AUTO,29-Apr-2021,3500,CE,71,96.35,63,86.55,86.55,419,3752.61,26500,13250,19-APR-2021,
OPTSTK,BAJAJ-AUTO,29-Apr-2021,3550,CE,57,71,53.3,63.3,63.3,121,1093.15,11250,9250,19-APR-2021,
OPTSTK,BAJAJ-AUTO,29-Apr-2021,3600,CE,36.05,51,29.55,44.55,44.55,597,5435.92,31500,0,19-APR-2021,
OPTSTK,BAJAJ-AUTO,29-Apr-2021,3650,CE,55,55,22,31.8,31.8,317,2916.69,26000,3250,19-APR-2021,
OPTSTK,BAJAJ-AUTO,29-Apr-2021,3700,CE,41.9,41.9,14.8,21.7,21.7,703,6541.1,81250,14750,19-APR-2021,
OPTSTK,BAJAJ-AUTO,29-Apr-2021,3750,CE,15.25,17.65,10.3,15.3,15.3,270,2541.08,27000,0,19-APR-2021,
OPTSTK,BAJAJ-AUTO,29-Apr-2021,3800,CE,29,29,7,11.35,11.35,690,6574.23,65000,-22250,19-APR-2021,
OPTSTK,BAJAJ-AUTO,29-Apr-2021,3850,CE,6.1,10,6,8.25,8.25,57,549.77,12500,500,19-APR-2021,
OPTSTK,BAJAJ-AUTO,29-Apr-2021,3900,CE,14,14,3.25,6.5,6.5,196,1914.16,38000,-6750,19-APR-2021,
OPTSTK,BAJAJ-AUTO,29-Apr-2021,3950,CE,5.05,5.9,4.65,5.2,5.2,8,79.09,5750,0,19-APR-2021,
OPTSTK,BAJAJ-AUTO,29-Apr-2021,4000,CE,8.5,8.5,4.75,5,5,242,2423.29,118250,11000,19-APR-2021,
OPTSTK,BAJAJ-AUTO,29-Apr-2021,4050,CE,4.6,4.6,4.6,4.6,1.45,1,10.13,1250,-250,19-APR-2021,
OPTSTK,BAJAJ-AUTO,29-Apr-2021,4100,CE,4.5,4.5,3.75,3.8,3.8,41,420.66,27000,-3500,19-APR-2021,
OPTSTK,BAJAJ-AUTO,29-Apr-2021,4150,CE,1.2,2.95,1.2,2.95,0.5,4,41.52,750,0,19-APR-2021,
OPTSTK,BAJAJ-AUTO,29-Apr-2021,4200,CE,3,4,3,3.05,3.05,17,178.64,21000,1250,19-APR-2021,
OPTSTK,BAJAJ-AUTO,29-Apr-2021,4250,CE,0,0,0,4.25,0.15,0,0,250,0,19-APR-2021,
OPTSTK,BAJAJ-AUTO,29-Apr-2021,4300,CE,1.2,1.45,1.05,1.4,0.1,6,64.51,8000,-250,19-APR-2021,
OPTSTK,BAJAJ-AUTO,29-Apr-2021,4350,CE,0,0,0,263.6,0.05,0,0,0,0,19-APR-2021,
OPTSTK,BAJAJ-AUTO,29-Apr-2021,4400,CE,0.55,1.45,0.55,1.45,0.05,2,22,3500,0,19-APR-2021,
OPTSTK,BAJAJ-AUTO,29-Apr-2021,4450,CE,0,0,0,227.95,0.05,0,0,0,0,19-APR-2021,
OPTSTK,BAJAJ-AUTO,29-Apr-2021,4500,CE,2.5,2.5,2.45,2.5,0.05,6,67.53,24250,500,19-APR-2021,
OPTSTK,BAJAJ-AUTO,29-Apr-2021,4550,CE,0,0,0,196.3,0,0,0,0,0,19-APR-2021,
OPTSTK,BAJAJ-AUTO,29-Apr-2021,4600,CE,1.95,2,1.95,2,0,2,23,1250,0,19-APR-2021,
OPTSTK,BAJAJ-AUTO,29-Apr-2021,4650,CE,0,0,0,168.35,0,0,0,0,0,19-APR-2021,
OPTSTK,BAJAJ-AUTO,29-Apr-2021,4700,CE,0,0,0,155.9,0,0,0,0,0,19-APR-2021,
OPTSTK,BAJAJ-AUTO,29-Apr-2021,4750,CE,0,0,0,144.1,0,0,0,0,0,19-APR-2021,
OPTSTK,BAJAJ-AUTO,29-Apr-2021,4800,CE,0,0,0,133.05,0,0,0,0,0,19-APR-2021,
OPTSTK,BAJAJ-AUTO,29-Apr-2021,4850,CE,0,0,0,122.75,0,0,0,0,0,19-APR-2021,
OPTSTK,BAJAJ-AUTO,29-Apr-2021,4900,CE,0,0,0,112.95,0,0,0,0,0,19-APR-2021,
OPTSTK,BAJAJ-AUTO,29-Apr-2021,2750,PE,0,0,0,6.95,0,0,0,0,0,19-APR-2021,
OPTSTK,BAJAJ-AUTO,29-Apr-2021,2800,PE,0,0,0,8.85,0.05,0,0,0,0,19-APR-2021,
OPTSTK,BAJAJ-AUTO,29-Apr-2021,2850,PE,0,0,0,8.4,0.05,0,0,0,0,19-APR-2021,
OPTSTK,BAJAJ-AUTO,29-Apr-2021,2900,PE,0,0,0,2.95,0.1,0,0,250,0,19-APR-2021,
OPTSTK,BAJAJ-AUTO,29-Apr-2021,2950,PE,0,0,0,13.05,0.25,0,0,0,0,19-APR-2021,
OPTSTK,BAJAJ-AUTO,29-Apr-2021,3000,PE,5,5.05,4,5,5,9,67.6,14500,500,19-APR-2021,
OPTSTK,BAJAJ-AUTO,29-Apr-2021,3050,PE,0,0,0,19.5,1.1,0,0,0,0,19-APR-2021,
OPTSTK,BAJAJ-AUTO,29-Apr-2021,3100,PE,0,0,0,6.5,2.15,0,0,3250,0,19-APR-2021,
OPTSTK,BAJAJ-AUTO,29-Apr-2021,3150,PE,0,0,0,7.35,4.05,0,0,1500,0,19-APR-2021,
OPTSTK,BAJAJ-AUTO,29-Apr-2021,3200,PE,9.3,17.25,6.65,8.85,8.85,560,4496.73,32750,3500,19-APR-2021,
OPTSTK,BAJAJ-AUTO,29-Apr-2021,3250,PE,17.7,17.7,11,11,12,7,57.09,750,750,19-APR-2021,
OPTSTK,BAJAJ-AUTO,29-Apr-2021,3300,PE,20,32,13.55,17.3,17.3,322,2675.65,33750,6500,19-APR-2021,
OPTSTK,BAJAJ-AUTO,29-Apr-2021,3350,PE,30,40.55,20.3,25.85,25.85,86,727.27,6250,-3000,19-APR-2021,
OPTSTK,BAJAJ-AUTO,29-Apr-2021,3400,PE,28.6,61.5,28.6,36.3,36.3,540,4656.06,45750,-3250,19-APR-2021,
OPTSTK,BAJAJ-AUTO,29-Apr-2021,3450,PE,48,76,42.75,51.9,51.9,196,1718.82,16500,4750,19-APR-2021,
OPTSTK,BAJAJ-AUTO,29-Apr-2021,3500,PE,66.8,113.4,60.2,71.3,71.3,492,4409.53,48000,-4000,19-APR-2021,
OPTSTK,BAJAJ-AUTO,29-Apr-2021,3550,PE,94.5,143.55,83.85,95.4,95.4,184,1684.01,10250,-3000,19-APR-2021,
OPTSTK,BAJAJ-AUTO,29-Apr-2021,3600,PE,136.4,178.55,111.9,127.55,127.55,169,1586.4,29250,-9750,19-APR-2021,
OPTSTK,BAJAJ-AUTO,29-Apr-2021,3650,PE,195,205,180,194,172.7,8,76.84,6750,-500,19-APR-2021,
OPTSTK,BAJAJ-AUTO,29-Apr-2021,3700,PE,235.9,250,195.75,195.75,210.5,5,49.16,12500,-250,19-APR-2021,
OPTSTK,BAJAJ-AUTO,29-Apr-2021,3750,PE,0,0,0,140,251.25,0,0,2500,0,19-APR-2021,
OPTSTK,BAJAJ-AUTO,29-Apr-2021,3800,PE,312,312,312,312,294.45,1,10.28,3000,-250,19-APR-2021,
OPTSTK,BAJAJ-AUTO,29-Apr-2021,3850,PE,0,0,0,179,339.6,0,0,250,0,19-APR-2021,
OPTSTK,BAJAJ-AUTO,29-Apr-2021,3900,PE,431.25,431.25,420.75,420.75,386.2,4,43.28,500,-750,19-APR-2021,
OPTSTK,BAJAJ-AUTO,29-Apr-2021,3950,PE,0,0,0,228.2,433.9,0,0,0,0,19-APR-2021,
OPTSTK,BAJAJ-AUTO,29-Apr-2021,4000,PE,0,0,0,356.1,482.4,0,0,750,0,19-APR-2021,
OPTSTK,BAJAJ-AUTO,29-Apr-2021,4050,PE,0,0,0,385,531.4,0,0,250,0,19-APR-2021,
OPTSTK,BAJAJ-AUTO,29-Apr-2021,4100,PE,0,0,0,297.95,580.75,0,0,0,0,19-APR-2021,
OPTSTK,BAJAJ-AUTO,29-Apr-2021,4150,PE,0,0,0,323.6,630.35,0,0,0,0,19-APR-2021,
OPTSTK,BAJAJ-AUTO,29-Apr-2021,4200,PE,0,0,0,350.4,680.1,0,0,0,0,19-APR-2021,
OPTSTK,BAJAJ-AUTO,29-Apr-2021,4250,PE,0,0,0,378.3,729.95,0,0,0,0,19-APR-2021,
OPTSTK,BAJAJ-AUTO,29-Apr-2021,4300,PE,0,0,0,407.35,779.8,0,0,0,0,19-APR-2021,
OPTSTK,BAJAJ-AUTO,29-Apr-2021,4350,PE,0,0,0,437.5,829.75,0,0,0,0,19-APR-2021,
OPTSTK,BAJAJ-AUTO,29-Apr-2021,4400,PE,0,0,0,468.7,879.65,0,0,0,0,19-APR-2021,
OPTSTK,BAJAJ-AUTO,29-Apr-2021,4450,PE,0,0,0,500.95,929.6,0,0,0,0,19-APR-2021,
OPTSTK,BAJAJ-AUTO,29-Apr-2021,4500,PE,0,0,0,534.2,979.55,0,0,0,0,19-APR-2021,
OPTSTK,BAJAJ-AUTO,29-Apr-2021,4550,PE,0,0,0,568.4,1029.5,0,0,0,0,19-APR-2021,
OPTSTK,BAJAJ-AUTO,29-Apr-2021,4600,PE,0,0,0,603.5,1079.45,0,0,0,0,19-APR-2021,
OPTSTK,BAJAJ-AUTO,29-Apr-2021,4650,PE,0,0,0,639.55,1129.4,0,0,0,0,19-APR-2021,
OPTSTK,BAJAJ-AUTO,29-Apr-2021,4700,PE,0,0,0,676.6,1179.35,0,0,0,0,19-APR-2021,
OPTSTK,BAJAJ-AUTO,29-Apr-2021,4750,PE,0,0,0,714.3,1229.3,0,0,0,0,19-APR-2021,
OPTSTK,BAJAJ-AUTO,29-Apr-2021,4800,PE,0,0,0,752.8,1279.25,0,0,0,0,19-APR-2021,
OPTSTK,BAJAJ-AUTO,29-Apr-2021,4850,PE,0,0,0,792.05,1329.2,0,0,0,0,19-APR-2021,
OPTSTK,BAJAJ-AUTO,29-Apr-2021,4900,PE,0,0,0,831.8,1379.15,0,0,0,0,19-APR-2021,
OPTSTK,BAJAJ-AUTO,27-May-2021,2750,CE,0,0,0,1228.25,780.5,0,0,0,0,19-APR-2021,
OPTSTK,BAJAJ-AUTO,27-May-2021,2800,CE,0,0,0,1180.85,732.4,0,0,0,0,19-APR-2021,
OPTSTK,BAJAJ-AUTO,27-May-2021,2850,CE,0,0,0,1133.9,684.9,0,0,0,0,19-APR-2021,
OPTSTK,BAJAJ-AUTO,27-May-2021,2900,CE,0,0,0,1087.4,638.2,0,0,0,0,19-APR-2021,
OPTSTK,BAJAJ-AUTO,27-May-2021,2950,CE,0,0,0,1041.5,592.35,0,0,0,0,19-APR-2021,
OPTSTK,BAJAJ-AUTO,27-May-2021,3000,CE,0,0,0,996.2,547.55,0,0,0,0,19-APR-2021,
OPTSTK,BAJAJ-AUTO,27-May-2021,3050,CE,0,0,0,951.6,504.05,0,0,0,0,19-APR-2021,
OPTSTK,BAJAJ-AUTO,27-May-2021,3100,CE,0,0,0,907.75,461.95,0,0,0,0,19-APR-2021,
OPTSTK,BAJAJ-AUTO,27-May-2021,3150,CE,0,0,0,864.7,421.4,0,0,0,0,19-APR-2021,
OPTSTK,BAJAJ-AUTO,27-May-2021,3200,CE,0,0,0,822.55,382.65,0,0,0,0,19-APR-2021,
OPTSTK,BAJAJ-AUTO,27-May-2021,3250,CE,0,0,0,781.3,345.85,0,0,0,0,19-APR-2021,
OPTSTK,BAJAJ-AUTO,27-May-2021,3300,CE,0,0,0,741.1,310.85,0,0,0,0,19-APR-2021,
OPTSTK,BAJAJ-AUTO,27-May-2021,3350,CE,0,0,0,701.9,278.1,0,0,0,0,19-APR-2021,
OPTSTK,BAJAJ-AUTO,27-May-2021,3400,CE,0,0,0,663.85,247.55,0,0,0,0,19-APR-2021,
OPTSTK,BAJAJ-AUTO,27-May-2021,3450,CE,0,0,0,627.05,219.25,0,0,0,0,19-APR-2021,
OPTSTK,BAJAJ-AUTO,27-May-2021,3500,CE,0,0,0,591.25,193.2,0,0,0,0,19-APR-2021,
OPTSTK,BAJAJ-AUTO,27-May-2021,3550,CE,0,0,0,556.7,169.3,0,0,0,0,19-APR-2021,
OPTSTK,BAJAJ-AUTO,27-May-2021,3600,CE,100,123.15,91.25,123.15,147.65,5,46.38,500,500,19-APR-2021,
OPTSTK,BAJAJ-AUTO,27-May-2021,3650,CE,0,0,0,120,128.1,0,0,250,0,19-APR-2021,
OPTSTK,BAJAJ-AUTO,27-May-2021,3700,CE,0,0,0,136.05,110.55,0,0,1250,0,19-APR-2021,
OPTSTK,BAJAJ-AUTO,27-May-2021,3750,CE,0,0,0,431.15,94.95,0,0,0,0,19-APR-2021,
OPTSTK,BAJAJ-AUTO,27-May-2021,3800,CE,0,0,0,99.9,81.15,0,0,500,0,19-APR-2021,
OPTSTK,BAJAJ-AUTO,27-May-2021,3850,CE,0,0,0,376.25,69.2,0,0,0,0,19-APR-2021,
OPTSTK,BAJAJ-AUTO,27-May-2021,3900,CE,0,0,0,66,58.45,0,0,250,0,19-APR-2021,
OPTSTK,BAJAJ-AUTO,27-May-2021,3950,CE,0,0,0,326.5,49.25,0,0,0,0,19-APR-2021,
OPTSTK,BAJAJ-AUTO,27-May-2021,4000,CE,30,30,21,21,21,6,60.39,1750,500,19-APR-2021,
OPTSTK,BAJAJ-AUTO,27-May-2021,4050,CE,0,0,0,281.75,34.45,0,0,0,0,19-APR-2021,
OPTSTK,BAJAJ-AUTO,27-May-2021,4100,CE,0,0,0,261.2,28.6,0,0,0,0,19-APR-2021,
OPTSTK,BAJAJ-AUTO,27-May-2021,4150,CE,0,0,0,241.85,23.65,0,0,0,0,19-APR-2021,
OPTSTK,BAJAJ-AUTO,27-May-2021,4200,CE,0,0,0,223.65,19.45,0,0,0,0,19-APR-2021,
OPTSTK,BAJAJ-AUTO,27-May-2021,4250,CE,0,0,0,206.55,15.95,0,0,0,0,19-APR-2021,
OPTSTK,BAJAJ-AUTO,27-May-2021,4300,CE,0,0,0,190.5,13.05,0,0,0,0,19-APR-2021,
OPTSTK,BAJAJ-AUTO,27-May-2021,4350,CE,0,0,0,175.5,10.6,0,0,0,0,19-APR-2021,
OPTSTK,BAJAJ-AUTO,27-May-2021,4400,CE,0,0,0,161.45,8.6,0,0,0,0,19-APR-2021,
OPTSTK,BAJAJ-AUTO,27-May-2021,4450,CE,0,0,0,148.4,6.9,0,0,0,0,19-APR-2021,
OPTSTK,BAJAJ-AUTO,27-May-2021,4500,CE,0,0,0,136.45,5.55,0,0,0,0,19-APR-2021,
OPTSTK,BAJAJ-AUTO,27-May-2021,4550,CE,0,0,0,125.15,4.45,0,0,0,0,19-APR-2021,
OPTSTK,BAJAJ-AUTO,27-May-2021,4600,CE,0,0,0,114.7,3.55,0,0,0,0,19-APR-2021,
OPTSTK,BAJAJ-AUTO,27-May-2021,4650,CE,0,0,0,104.8,2.85,0,0,0,0,19-APR-2021,
OPTSTK,BAJAJ-AUTO,27-May-2021,4700,CE,0,0,0,95.8,2.25,0,0,0,0,19-APR-2021,
OPTSTK,BAJAJ-AUTO,27-May-2021,4750,CE,0,0,0,87.5,1.75,0,0,0,0,19-APR-2021,
OPTSTK,BAJAJ-AUTO,27-May-2021,4800,CE,0,0,0,79.8,1.4,0,0,0,0,19-APR-2021,
OPTSTK,BAJAJ-AUTO,27-May-2021,4850,CE,0,0,0,72.7,1.1,0,0,0,0,19-APR-2021,
OPTSTK,BAJAJ-AUTO,27-May-2021,4900,CE,0,0,0,66.2,0.85,0,0,0,0,19-APR-2021,
OPTSTK,BAJAJ-AUTO,27-May-2021,2750,PE,0,0,0,7.9,3.8,0,0,0,0,19-APR-2021,
OPTSTK,BAJAJ-AUTO,27-May-2021,2800,PE,0,0,0,10,5.5,0,0,0,0,19-APR-2021,
OPTSTK,BAJAJ-AUTO,27-May-2021,2850,PE,0,0,0,12.55,7.8,0,0,0,0,19-APR-2021,
OPTSTK,BAJAJ-AUTO,27-May-2021,2900,PE,0,0,0,15.6,10.9,0,0,0,0,19-APR-2021,
OPTSTK,BAJAJ-AUTO,27-May-2021,2950,PE,0,0,0,19.25,14.85,0,0,0,0,19-APR-2021,
OPTSTK,BAJAJ-AUTO,27-May-2021,3000,PE,13.15,13.15,13.15,13.15,19.9,2,15.06,750,500,19-APR-2021,
OPTSTK,BAJAJ-AUTO,27-May-2021,3050,PE,0,0,0,28.4,26.15,0,0,0,0,19-APR-2021,
OPTSTK,BAJAJ-AUTO,27-May-2021,3100,PE,0,0,0,34.1,33.85,0,0,0,0,19-APR-2021,
OPTSTK,BAJAJ-AUTO,27-May-2021,3150,PE,0,0,0,40.6,43.15,0,0,0,0,19-APR-2021,
OPTSTK,BAJAJ-AUTO,27-May-2021,3200,PE,0,0,0,47.95,54.2,0,0,0,0,19-APR-2021,
OPTSTK,BAJAJ-AUTO,27-May-2021,3250,PE,0,0,0,56.3,67.2,0,0,0,0,19-APR-2021,
OPTSTK,BAJAJ-AUTO,27-May-2021,3300,PE,0,0,0,55,82,0,0,250,0,19-APR-2021,
OPTSTK,BAJAJ-AUTO,27-May-2021,3350,PE,0,0,0,75.95,99.05,0,0,0,0,19-APR-2021,
OPTSTK,BAJAJ-AUTO,27-May-2021,3400,PE,0,0,0,87.4,118.3,0,0,0,0,19-APR-2021,
OPTSTK,BAJAJ-AUTO,27-May-2021,3450,PE,0,0,0,100.15,139.8,0,0,0,0,19-APR-2021,
OPTSTK,BAJAJ-AUTO,27-May-2021,3500,PE,0,0,0,80,163.55,0,0,3250,0,19-APR-2021,
OPTSTK,BAJAJ-AUTO,27-May-2021,3550,PE,0,0,0,128.85,189.5,0,0,0,0,19-APR-2021,
OPTSTK,BAJAJ-AUTO,27-May-2021,3600,PE,195,195,195,195,217.65,1,9.48,250,250,19-APR-2021,
OPTSTK,BAJAJ-AUTO,27-May-2021,3650,PE,0,0,0,162.5,247.9,0,0,0,0,19-APR-2021,
OPTSTK,BAJAJ-AUTO,27-May-2021,3700,PE,0,0,0,181.35,280.15,0,0,0,0,19-APR-2021,
OPTSTK,BAJAJ-AUTO,27-May-2021,3750,PE,0,0,0,201.45,314.35,0,0,0,0,19-APR-2021,
OPTSTK,BAJAJ-AUTO,27-May-2021,3800,PE,0,0,0,222.9,350.3,0,0,0,0,19-APR-2021,
OPTSTK,BAJAJ-AUTO,27-May-2021,3850,PE,0,0,0,245.65,388.2,0,0,0,0,19-APR-2021,
OPTSTK,BAJAJ-AUTO,27-May-2021,3900,PE,0,0,0,269.65,427.25,0,0,0,0,19-APR-2021,
OPTSTK,BAJAJ-AUTO,27-May-2021,3950,PE,0,0,0,294.9,467.85,0,0,0,0,19-APR-2021,
OPTSTK,BAJAJ-AUTO,27-May-2021,4000,PE,0,0,0,321.45,509.7,0,0,0,0,19-APR-2021,
OPTSTK,BAJAJ-AUTO,27-May-2021,4050,PE,0,0,0,349.25,552.65,0,0,0,0,19-APR-2021,
OPTSTK,BAJAJ-AUTO,27-May-2021,4100,PE,0,0,0,378.25,596.65,0,0,0,0,19-APR-2021,
OPTSTK,BAJAJ-AUTO,27-May-2021,4150,PE,0,0,0,408.45,641.5,0,0,0,0,19-APR-2021,
OPTSTK,BAJAJ-AUTO,27-May-2021,4200,PE,0,0,0,439.75,687.1,0,0,0,0,19-APR-2021,
OPTSTK,BAJAJ-AUTO,27-May-2021,4250,PE,0,0,0,472.2,733.4,0,0,0,0,19-APR-2021,
OPTSTK,BAJAJ-AUTO,27-May-2021,4300,PE,0,0,0,505.7,780.3,0,0,0,0,19-APR-2021,
OPTSTK,BAJAJ-AUTO,27-May-2021,4350,PE,0,0,0,540.2,827.65,0,0,0,0,19-APR-2021,
OPTSTK,BAJAJ-AUTO,27-May-2021,4400,PE,0,0,0,575.7,875.45,0,0,0,0,19-APR-2021,
OPTSTK,BAJAJ-AUTO,27-May-2021,4450,PE,0,0,0,612.15,923.6,0,0,0,0,19-APR-2021,
OPTSTK,BAJAJ-AUTO,27-May-2021,4500,PE,0,0,0,649.75,972.05,0,0,0,0,19-APR-2021,
OPTSTK,BAJAJ-AUTO,27-May-2021,4550,PE,0,0,0,688,1020.7,0,0,0,0,19-APR-2021,
OPTSTK,BAJAJ-AUTO,27-May-2021,4600,PE,0,0,0,727.05,1069.65,0,0,0,0,19-APR-2021,
OPTSTK,BAJAJ-AUTO,27-May-2021,4650,PE,0,0,0,766.75,1118.7,0,0,0,0,19-APR-2021,
OPTSTK,BAJAJ-AUTO,27-May-2021,4700,PE,0,0,0,807.25,1167.95,0,0,0,0,19-APR-2021,
OPTSTK,BAJAJ-AUTO,27-May-2021,4750,PE,0,0,0,848.5,1217.25,0,0,0,0,19-APR-2021,
OPTSTK,BAJAJ-AUTO,27-May-2021,4800,PE,0,0,0,890.35,1266.7,0,0,0,0,19-APR-2021,
OPTSTK,BAJAJ-AUTO,27-May-2021,4850,PE,0,0,0,932.8,1316.2,0,0,0,0,19-APR-2021,
OPTSTK,BAJAJ-AUTO,27-May-2021,4900,PE,0,0,0,975.8,1365.75,0,0,0,0,19-APR-2021,
OPTSTK,BAJAJ-AUTO,24-Jun-2021,2750,CE,0,0,0,806.45,799.8,0,0,0,0,19-APR-2021,
OPTSTK,BAJAJ-AUTO,24-Jun-2021,2800,CE,0,0,0,763.35,754.4,0,0,0,0,19-APR-2021,
OPTSTK,BAJAJ-AUTO,24-Jun-2021,2850,CE,0,0,0,721.2,709.95,0,0,0,0,19-APR-2021,
OPTSTK,BAJAJ-AUTO,24-Jun-2021,2900,CE,0,0,0,680.15,666.45,0,0,0,0,19-APR-2021,
OPTSTK,BAJAJ-AUTO,24-Jun-2021,2950,CE,0,0,0,640.25,624.1,0,0,0,0,19-APR-2021,
OPTSTK,BAJAJ-AUTO,24-Jun-2021,3000,CE,0,0,0,601.55,582.9,0,0,0,0,19-APR-2021,
OPTSTK,BAJAJ-AUTO,24-Jun-2021,3050,CE,0,0,0,564.25,543.05,0,0,0,0,19-APR-2021,
OPTSTK,BAJAJ-AUTO,24-Jun-2021,3100,CE,0,0,0,528.1,504.6,0,0,0,0,19-APR-2021,
OPTSTK,BAJAJ-AUTO,24-Jun-2021,3150,CE,0,0,0,493.35,467.7,0,0,0,0,19-APR-2021,
OPTSTK,BAJAJ-AUTO,24-Jun-2021,3200,CE,0,0,0,459.9,432.2,0,0,0,0,19-APR-2021,
OPTSTK,BAJAJ-AUTO,24-Jun-2021,3250,CE,0,0,0,428.05,398.25,0,0,0,0,19-APR-2021,
OPTSTK,BAJAJ-AUTO,24-Jun-2021,3300,CE,0,0,0,397.65,366.1,0,0,0,0,19-APR-2021,
OPTSTK,BAJAJ-AUTO,24-Jun-2021,3350,CE,0,0,0,368.7,335.6,0,0,0,0,19-APR-2021,
OPTSTK,BAJAJ-AUTO,24-Jun-2021,3400,CE,0,0,0,341.25,306.85,0,0,0,0,19-APR-2021,
OPTSTK,BAJAJ-AUTO,24-Jun-2021,3450,CE,0,0,0,315.3,279.8,0,0,0,0,19-APR-2021,
OPTSTK,BAJAJ-AUTO,24-Jun-2021,3500,CE,0,0,0,290.75,254.4,0,0,0,0,19-APR-2021,
OPTSTK,BAJAJ-AUTO,24-Jun-2021,3550,CE,0,0,0,267.65,230.75,0,0,0,0,19-APR-2021,
OPTSTK,BAJAJ-AUTO,24-Jun-2021,3600,CE,0,0,0,245.95,208.75,0,0,0,0,19-APR-2021,
OPTSTK,BAJAJ-AUTO,24-Jun-2021,3650,CE,0,0,0,225.65,188.35,0,0,0,0,19-APR-2021,
OPTSTK,BAJAJ-AUTO,24-Jun-2021,3700,CE,0,0,0,206.65,169.5,0,0,0,0,19-APR-2021,
OPTSTK,BAJAJ-AUTO,24-Jun-2021,3750,CE,0,0,0,188.9,152.15,0,0,0,0,19-APR-2021,
OPTSTK,BAJAJ-AUTO,24-Jun-2021,3800,CE,0,0,0,172.45,136.25,0,0,0,0,19-APR-2021,
OPTSTK,BAJAJ-AUTO,24-Jun-2021,3850,CE,0,0,0,157.15,121.7,0,0,0,0,19-APR-2021,
OPTSTK,BAJAJ-AUTO,24-Jun-2021,3900,CE,0,0,0,143,108.45,0,0,0,0,19-APR-2021,
OPTSTK,BAJAJ-AUTO,24-Jun-2021,3950,CE,0,0,0,129.9,96.6,0,0,0,0,19-APR-2021,
OPTSTK,BAJAJ-AUTO,24-Jun-2021,4000,CE,0,0,0,118.05,85.75,0,0,0,0,19-APR-2021,
OPTSTK,BAJAJ-AUTO,24-Jun-2021,4050,CE,0,0,0,107,75.75,0,0,0,0,19-APR-2021,
OPTSTK,BAJAJ-AUTO,24-Jun-2021,4100,CE,0,0,0,96.8,66.9,0,0,0,0,19-APR-2021,
OPTSTK,BAJAJ-AUTO,24-Jun-2021,4150,CE,0,0,0,87.35,58.95,0,0,0,0,19-APR-2021,
OPTSTK,BAJAJ-AUTO,24-Jun-2021,4200,CE,0,0,0,78.8,51.85,0,0,0,0,19-APR-2021,
OPTSTK,BAJAJ-AUTO,24-Jun-2021,4250,CE,0,0,0,71,45.5,0,0,0,0,19-APR-2021,
OPTSTK,BAJAJ-AUTO,24-Jun-2021,4300,CE,0,0,0,63.9,39.85,0,0,0,0,19-APR-2021,
OPTSTK,BAJAJ-AUTO,24-Jun-2021,4350,CE,0,0,0,57.4,34.85,0,0,0,0,19-APR-2021,
OPTSTK,BAJAJ-AUTO,24-Jun-2021,4400,CE,0,0,0,51.55,30.4,0,0,0,0,19-APR-2021,
OPTSTK,BAJAJ-AUTO,24-Jun-2021,4450,CE,0,0,0,46.2,26.45,0,0,0,0,19-APR-2021,
OPTSTK,BAJAJ-AUTO,24-Jun-2021,4500,CE,0,0,0,41.35,23,0,0,0,0,19-APR-2021,
OPTSTK,BAJAJ-AUTO,24-Jun-2021,4550,CE,0,0,0,37,19.95,0,0,0,0,19-APR-2021,
OPTSTK,BAJAJ-AUTO,24-Jun-2021,4600,CE,0,0,0,33.05,17.25,0,0,0,0,19-APR-2021,
OPTSTK,BAJAJ-AUTO,24-Jun-2021,4650,CE,0,0,0,29.5,14.95,0,0,0,0,19-APR-2021,
OPTSTK,BAJAJ-AUTO,24-Jun-2021,4700,CE,0,0,0,26.3,12.9,0,0,0,0,19-APR-2021,
OPTSTK,BAJAJ-AUTO,24-Jun-2021,4750,CE,0,0,0,23.4,11.1,0,0,0,0,19-APR-2021,
OPTSTK,BAJAJ-AUTO,24-Jun-2021,4800,CE,0,0,0,20.85,9.55,0,0,0,0,19-APR-2021,
OPTSTK,BAJAJ-AUTO,24-Jun-2021,4850,CE,0,0,0,18.5,8.2,0,0,0,0,19-APR-2021,
OPTSTK,BAJAJ-AUTO,24-Jun-2021,4900,CE,0,0,0,16.45,7.05,0,0,0,0,19-APR-2021,
OPTSTK,BAJAJ-AUTO,24-Jun-2021,2750,PE,0,0,0,29.25,15.2,0,0,0,0,19-APR-2021,
OPTSTK,BAJAJ-AUTO,24-Jun-2021,2800,PE,0,0,0,35.7,19.5,0,0,0,0,19-APR-2021,
OPTSTK,BAJAJ-AUTO,24-Jun-2021,2850,PE,0,0,0,43.1,24.7,0,0,0,0,19-APR-2021,
OPTSTK,BAJAJ-AUTO,24-Jun-2021,2900,PE,0,0,0,51.55,30.85,0,0,0,0,19-APR-2021,
OPTSTK,BAJAJ-AUTO,24-Jun-2021,2950,PE,0,0,0,61.2,38.15,0,0,0,0,19-APR-2021,
OPTSTK,BAJAJ-AUTO,24-Jun-2021,3000,PE,0,0,0,72,46.65,0,0,0,0,19-APR-2021,
OPTSTK,BAJAJ-AUTO,24-Jun-2021,3050,PE,0,0,0,84.25,56.45,0,0,0,0,19-APR-2021,
OPTSTK,BAJAJ-AUTO,24-Jun-2021,3100,PE,0,0,0,97.65,67.65,0,0,0,0,19-APR-2021,
OPTSTK,BAJAJ-AUTO,24-Jun-2021,3150,PE,0,0,0,112.4,80.4,0,0,0,0,19-APR-2021,
OPTSTK,BAJAJ-AUTO,24-Jun-2021,3200,PE,0,0,0,128.5,94.6,0,0,0,0,19-APR-2021,
OPTSTK,BAJAJ-AUTO,24-Jun-2021,3250,PE,0,0,0,146.2,110.3,0,0,0,0,19-APR-2021,
OPTSTK,BAJAJ-AUTO,24-Jun-2021,3300,PE,0,0,0,165.3,127.8,0,0,0,0,19-APR-2021,
OPTSTK,BAJAJ-AUTO,24-Jun-2021,3350,PE,0,0,0,185.95,146.95,0,0,0,0,19-APR-2021,
OPTSTK,BAJAJ-AUTO,24-Jun-2021,3400,PE,0,0,0,208,167.85,0,0,0,0,19-APR-2021,
OPTSTK,BAJAJ-AUTO,24-Jun-2021,3450,PE,0,0,0,231.6,190.45,0,0,0,0,19-APR-2021,
OPTSTK,BAJAJ-AUTO,24-Jun-2021,3500,PE,0,0,0,256.55,214.75,0,0,0,0,19-APR-2021,
OPTSTK,BAJAJ-AUTO,24-Jun-2021,3550,PE,0,0,0,283,240.75,0,0,0,0,19-APR-2021,
OPTSTK,BAJAJ-AUTO,24-Jun-2021,3600,PE,0,0,0,310.85,268.4,0,0,0,0,19-APR-2021,
OPTSTK,BAJAJ-AUTO,24-Jun-2021,3650,PE,0,0,0,340.05,297.65,0,0,0,0,19-APR-2021,
OPTSTK,BAJAJ-AUTO,24-Jun-2021,3700,PE,0,0,0,370.6,328.5,0,0,0,0,19-APR-2021,
OPTSTK,BAJAJ-AUTO,24-Jun-2021,3750,PE,0,0,0,402.45,360.8,0,0,0,0,19-APR-2021,
OPTSTK,BAJAJ-AUTO,24-Jun-2021,3800,PE,0,0,0,435.5,394.55,0,0,0,0,19-APR-2021,
OPTSTK,BAJAJ-AUTO,24-Jun-2021,3850,PE,0,0,0,469.75,429.65,0,0,0,0,19-APR-2021,
OPTSTK,BAJAJ-AUTO,24-Jun-2021,3900,PE,0,0,0,505.1,466.05,0,0,0,0,19-APR-2021,
OPTSTK,BAJAJ-AUTO,24-Jun-2021,3950,PE,0,0,0,541.55,503.9,0,0,0,0,19-APR-2021,
OPTSTK,BAJAJ-AUTO,24-Jun-2021,4000,PE,0,0,0,579.2,542.7,0,0,0,0,19-APR-2021,
OPTSTK,BAJAJ-AUTO,24-Jun-2021,4050,PE,0,0,0,617.7,582.4,0,0,0,0,19-APR-2021,
OPTSTK,BAJAJ-AUTO,24-Jun-2021,4100,PE,0,0,0,657.05,623.2,0,0,0,0,19-APR-2021,
OPTSTK,BAJAJ-AUTO,24-Jun-2021,4150,PE,0,0,0,697.15,664.95,0,0,0,0,19-APR-2021,
OPTSTK,BAJAJ-AUTO,24-Jun-2021,4200,PE,0,0,0,738.1,707.5,0,0,0,0,19-APR-2021,
OPTSTK,BAJAJ-AUTO,24-Jun-2021,4250,PE,0,0,0,779.85,750.8,0,0,0,0,19-APR-2021,
OPTSTK,BAJAJ-AUTO,24-Jun-2021,4300,PE,0,0,0,822.25,794.8,0,0,0,0,19-APR-2021,
OPTSTK,BAJAJ-AUTO,24-Jun-2021,4350,PE,0,0,0,865.35,839.45,0,0,0,0,19-APR-2021,
OPTSTK,BAJAJ-AUTO,24-Jun-2021,4400,PE,0,0,0,909,884.65,0,0,0,0,19-APR-2021,
OPTSTK,BAJAJ-AUTO,24-Jun-2021,4450,PE,0,0,0,953.2,930.4,0,0,0,0,19-APR-2021,
OPTSTK,BAJAJ-AUTO,24-Jun-2021,4500,PE,0,0,0,997.9,976.6,0,0,0,0,19-APR-2021,
OPTSTK,BAJAJ-AUTO,24-Jun-2021,4550,PE,0,0,0,1043.05,1023.2,0,0,0,0,19-APR-2021,
OPTSTK,BAJAJ-AUTO,24-Jun-2021,4600,PE,0,0,0,1088.65,1070.2,0,0,0,0,19-APR-2021,
OPTSTK,BAJAJ-AUTO,24-Jun-2021,4650,PE,0,0,0,1134.6,1117.5,0,0,0,0,19-APR-2021,
OPTSTK,BAJAJ-AUTO,24-Jun-2021,4700,PE,0,0,0,1180.95,1165.1,0,0,0,0,19-APR-2021,
OPTSTK,BAJAJ-AUTO,24-Jun-2021,4750,PE,0,0,0,1227.6,1213,0,0,0,0,19-APR-2021,
OPTSTK,BAJAJ-AUTO,24-Jun-2021,4800,PE,0,0,0,1274.55,1261.1,0,0,0,0,19-APR-2021,
OPTSTK,BAJAJ-AUTO,24-Jun-2021,4850,PE,0,0,0,1321.8,1309.45,0,0,0,0,19-APR-2021,
OPTSTK,BAJAJ-AUTO,24-Jun-2021,4900,PE,0,0,0,1369.25,1357.95,0,0,0,0,19-APR-2021,
OPTSTK,BAJAJFINSV,29-Apr-2021,6200,CE,0,0,0,2907.65,3276.15,0,0,0,0,19-APR-2021,
OPTSTK,BAJAJFINSV,29-Apr-2021,6300,CE,0,0,0,2821.25,3176.25,0,0,0,0,19-APR-2021,
OPTSTK,BAJAJFINSV,29-Apr-2021,6400,CE,0,0,0,2875,3076.35,0,0,500,0,19-APR-2021,
OPTSTK,BAJAJFINSV,29-Apr-2021,6500,CE,0,0,0,2800,2976.45,0,0,125,0,19-APR-2021,
OPTSTK,BAJAJFINSV,29-Apr-2021,6600,CE,0,0,0,2569.3,2876.55,0,0,0,0,19-APR-2021,
OPTSTK,BAJAJFINSV,29-Apr-2021,6700,CE,0,0,0,2487.95,2776.65,0,0,0,0,19-APR-2021,
OPTSTK,BAJAJFINSV,29-Apr-2021,6800,CE,0,0,0,2407.9,2676.75,0,0,0,0,19-APR-2021,
OPTSTK,BAJAJFINSV,29-Apr-2021,6900,CE,0,0,0,2329.25,2576.9,0,0,0,0,19-APR-2021,
OPTSTK,BAJAJFINSV,29-Apr-2021,7000,CE,0,0,0,2252.1,2477.05,0,0,0,0,19-APR-2021,
OPTSTK,BAJAJFINSV,29-Apr-2021,7100,CE,0,0,0,2176.4,2377.25,0,0,0,0,19-APR-2021,
OPTSTK,BAJAJFINSV,29-Apr-2021,7200,CE,0,0,0,2102.5,2277.45,0,0,0,0,19-APR-2021,
OPTSTK,BAJAJFINSV,29-Apr-2021,7300,CE,0,0,0,2029.8,2177.8,0,0,0,0,19-APR-2021,
OPTSTK,BAJAJFINSV,29-Apr-2021,7400,CE,0,0,0,1958.7,2078.25,0,0,0,0,19-APR-2021,
OPTSTK,BAJAJFINSV,29-Apr-2021,7500,CE,0,0,0,1600,1978.95,0,0,375,0,19-APR-2021,
OPTSTK,BAJAJFINSV,29-Apr-2021,7600,CE,0,0,0,1821.25,1879.85,0,0,0,0,19-APR-2021,
OPTSTK,BAJAJFINSV,29-Apr-2021,7700,CE,0,0,0,1754.95,1781.15,0,0,0,0,19-APR-2021,
OPTSTK,BAJAJFINSV,29-Apr-2021,7800,CE,0,0,0,1689.95,1683,0,0,0,0,19-APR-2021,
OPTSTK,BAJAJFINSV,29-Apr-2021,7900,CE,0,0,0,1627,1585.5,0,0,0,0,19-APR-2021,
OPTSTK,BAJAJFINSV,29-Apr-2021,8000,CE,0,0,0,1353.15,1488.9,0,0,250,0,19-APR-2021,
OPTSTK,BAJAJFINSV,29-Apr-2021,8100,CE,0,0,0,1506.1,1393.4,0,0,0,0,19-APR-2021,
OPTSTK,BAJAJFINSV,29-Apr-2021,8200,CE,0,0,0,1448.1,1299.25,0,0,0,0,19-APR-2021,
OPTSTK,BAJAJFINSV,29-Apr-2021,8300,CE,0,0,0,1391.75,1206.8,0,0,0,0,19-APR-2021,
OPTSTK,BAJAJFINSV,29-Apr-2021,8400,CE,0,0,0,1337,1116.35,0,0,0,0,19-APR-2021,
OPTSTK,BAJAJFINSV,29-Apr-2021,8500,CE,0,0,0,1283.95,1028.2,0,0,0,0,19-APR-2021,
OPTSTK,BAJAJFINSV,29-Apr-2021,8600,CE,0,0,0,720,942.7,0,0,125,0,19-APR-2021,
OPTSTK,BAJAJFINSV,29-Apr-2021,8700,CE,0,0,0,1182.55,860.25,0,0,0,0,19-APR-2021,
OPTSTK,BAJAJFINSV,29-Apr-2021,8800,CE,0,0,0,1134.2,781.15,0,0,0,0,19-APR-2021,
OPTSTK,BAJAJFINSV,29-Apr-2021,8900,CE,0,0,0,1087.45,706,0,0,0,0,19-APR-2021,
OPTSTK,BAJAJFINSV,29-Apr-2021,9000,CE,640,640,530.05,605,605,13,155.63,5000,0,19-APR-2021,
OPTSTK,BAJAJFINSV,29-Apr-2021,9100,CE,0,0,0,640,566.65,0,0,250,0,19-APR-2021,
OPTSTK,BAJAJFINSV,29-Apr-2021,9200,CE,0,0,0,625.25,503.65,0,0,4250,0,19-APR-2021,
OPTSTK,BAJAJFINSV,29-Apr-2021,9300,CE,379.3,426.7,363.55,388,388,6,72.62,4250,-250,19-APR-2021,
OPTSTK,BAJAJFINSV,29-Apr-2021,9400,CE,378.05,378.05,260,300.95,300.95,85,1029.65,3625,375,19-APR-2021,
OPTSTK,BAJAJFINSV,29-Apr-2021,9500,CE,320,324.15,214,258.7,258.7,355,4327.8,14750,375,19-APR-2021,
OPTSTK,BAJAJFINSV,29-Apr-2021,9600,CE,321.55,321.55,173.1,211.9,211.9,218,2676.53,8875,2875,19-APR-2021,
OPTSTK,BAJAJFINSV,29-Apr-2021,9700,CE,172.3,230,146.4,171.95,171.95,147,1813.35,10625,2500,19-APR-2021,
OPTSTK,BAJAJFINSV,29-Apr-2021,9800,CE,165.45,206.15,116,139.4,139.4,365,4541.06,28625,1375,19-APR-2021,
OPTSTK,BAJAJFINSV,29-Apr-2021,9900,CE,137.9,160,91.1,109.95,109.95,226,2831.03,10750,-250,19-APR-2021,
OPTSTK,BAJAJFINSV,29-Apr-2021,10000,CE,78.9,130,73,86.7,86.7,1393,17581.16,48750,8000,19-APR-2021,
OPTSTK,BAJAJFINSV,29-Apr-2021,10100,CE,74.15,97.9,58.55,68.05,68.05,240,3054.06,4375,-5000,19-APR-2021,
OPTSTK,BAJAJFINSV,29-Apr-2021,10200,CE,75.05,82.85,47.5,54.7,54.7,395,5068.18,12500,-5375,19-APR-2021,
OPTSTK,BAJAJFINSV,29-Apr-2021,10300,CE,50.55,60,45.05,46.75,93.8,9,116.44,1875,-500,19-APR-2021,
OPTSTK,BAJAJFINSV,29-Apr-2021,10400,CE,0,0,0,76,77.7,0,0,2500,0,19-APR-2021,
OPTSTK,BAJAJFINSV,29-Apr-2021,10500,CE,40,41,24,26.8,26.8,892,11741.8,46625,1000,19-APR-2021,
OPTSTK,BAJAJFINSV,29-Apr-2021,10600,CE,0,0,0,71,52.4,0,0,750,0,19-APR-2021,
OPTSTK,BAJAJFINSV,29-Apr-2021,10700,CE,0,0,0,58,42.65,0,0,125,0,19-APR-2021,
OPTSTK,BAJAJFINSV,29-Apr-2021,10800,CE,0,0,0,459.4,34.55,0,0,0,0,19-APR-2021,
OPTSTK,BAJAJFINSV,29-Apr-2021,10900,CE,0,0,0,437.85,27.8,0,0,0,0,19-APR-2021,
OPTSTK,BAJAJFINSV,29-Apr-2021,11000,CE,8.4,13.85,8.4,10.6,10.6,158,2174.67,21000,-1000,19-APR-2021,
OPTSTK,BAJAJFINSV,29-Apr-2021,11100,CE,0,0,0,397.45,17.7,0,0,0,0,19-APR-2021,
OPTSTK,BAJAJFINSV,29-Apr-2021,11200,CE,0,0,0,378.55,14.05,0,0,0,0,19-APR-2021,
OPTSTK,BAJAJFINSV,29-Apr-2021,11300,CE,22.3,22.3,11,11,11.05,2,28.29,125,125,19-APR-2021,
OPTSTK,BAJAJFINSV,29-Apr-2021,11400,CE,42.05,42.05,42.05,42.05,8.65,1,14.3,500,125,19-APR-2021,
OPTSTK,BAJAJFINSV,29-Apr-2021,11500,CE,7,9,7,9,6.75,9,129.46,7875,375,19-APR-2021,
OPTSTK,BAJAJFINSV,29-Apr-2021,11600,CE,0,0,0,310.45,5.25,0,0,0,0,19-APR-2021,
OPTSTK,BAJAJFINSV,29-Apr-2021,11700,CE,0,0,0,295.35,4.05,0,0,0,0,19-APR-2021,
OPTSTK,BAJAJFINSV,29-Apr-2021,11800,CE,0,0,0,280.95,3.1,0,0,0,0,19-APR-2021,
OPTSTK,BAJAJFINSV,29-Apr-2021,11900,CE,0,0,0,267.15,2.4,0,0,0,0,19-APR-2021,
OPTSTK,BAJAJFINSV,29-Apr-2021,12000,CE,0,0,0,100,1.8,0,0,875,0,19-APR-2021,
OPTSTK,BAJAJFINSV,29-Apr-2021,12100,CE,0,0,0,241.45,1.4,0,0,0,0,19-APR-2021,
OPTSTK,BAJAJFINSV,29-Apr-2021,12200,CE,0,0,0,229.5,1.05,0,0,0,0,19-APR-2021,
OPTSTK,BAJAJFINSV,29-Apr-2021,12300,CE,0,0,0,218.1,0.8,0,0,0,0,19-APR-2021,
OPTSTK,BAJAJFINSV,29-Apr-2021,12400,CE,0,0,0,207.2,0.6,0,0,0,0,19-APR-2021,
OPTSTK,BAJAJFINSV,29-Apr-2021,6200,PE,0,0,0,95,0,0,0,0,0,19-APR-2021,
OPTSTK,BAJAJFINSV,29-Apr-2021,6300,PE,0,0,0,107.65,0,0,0,0,0,19-APR-2021,
OPTSTK,BAJAJFINSV,29-Apr-2021,6400,PE,0,0,0,121.5,0,0,0,0,0,19-APR-2021,
OPTSTK,BAJAJFINSV,29-Apr-2021,6500,PE,0,0,0,0.5,0,0,0,125,0,19-APR-2021,
OPTSTK,BAJAJFINSV,29-Apr-2021,6600,PE,0,0,0,152.95,0.05,0,0,0,0,19-APR-2021,
OPTSTK,BAJAJFINSV,29-Apr-2021,6700,PE,0,0,0,170.6,0.05,0,0,0,0,19-APR-2021,
OPTSTK,BAJAJFINSV,29-Apr-2021,6800,PE,0,0,0,189.65,0.05,0,0,0,0,19-APR-2021,
OPTSTK,BAJAJFINSV,29-Apr-2021,6900,PE,0,0,0,210.1,0.1,0,0,0,0,19-APR-2021,
OPTSTK,BAJAJFINSV,29-Apr-2021,7000,PE,0,0,0,232,0.15,0,0,0,0,19-APR-2021,
OPTSTK,BAJAJFINSV,29-Apr-2021,7100,PE,0,0,0,255.4,0.2,0,0,0,0,19-APR-2021,
OPTSTK,BAJAJFINSV,29-Apr-2021,7200,PE,0,0,0,280.55,0.35,0,0,0,0,19-APR-2021,
OPTSTK,BAJAJFINSV,29-Apr-2021,7300,PE,0,0,0,306.95,0.6,0,0,0,0,19-APR-2021,
OPTSTK,BAJAJFINSV,29-Apr-2021,7400,PE,0,0,0,334.9,0.95,0,0,0,0,19-APR-2021,
OPTSTK,BAJAJFINSV,29-Apr-2021,7500,PE,5.05,8.4,5.05,6.95,6.95,10,93.83,6250,125,19-APR-2021,
OPTSTK,BAJAJFINSV,29-Apr-2021,7600,PE,0,0,0,395.6,2.35,0,0,0,0,19-APR-2021,
OPTSTK,BAJAJFINSV,29-Apr-2021,7700,PE,0,0,0,428.4,3.55,0,0,0,0,19-APR-2021,
OPTSTK,BAJAJFINSV,29-Apr-2021,7800,PE,0,0,0,462.45,5.3,0,0,0,0,19-APR-2021,
OPTSTK,BAJAJFINSV,29-Apr-2021,7900,PE,0,0,0,498.6,7.7,0,0,0,0,19-APR-2021,
OPTSTK,BAJAJFINSV,29-Apr-2021,8000,PE,11,18.85,10,12.3,12.3,157,1572.99,28375,-625,19-APR-2021,
OPTSTK,BAJAJFINSV,29-Apr-2021,8100,PE,0,0,0,575.8,15.4,0,0,0,0,19-APR-2021,
OPTSTK,BAJAJFINSV,29-Apr-2021,8200,PE,25,25,25,25,21.15,1,10.28,500,0,19-APR-2021,
OPTSTK,BAJAJFINSV,29-Apr-2021,8300,PE,0,0,0,659.6,28.6,0,0,0,0,19-APR-2021,
OPTSTK,BAJAJFINSV,29-Apr-2021,8400,PE,0,0,0,99,38.05,0,0,375,0,19-APR-2021,
OPTSTK,BAJAJFINSV,29-Apr-2021,8500,PE,35,46.25,27.8,31.1,31.1,270,2880.97,33375,750,19-APR-2021,
OPTSTK,BAJAJFINSV,29-Apr-2021,8600,PE,0,0,0,797.55,64.2,0,0,0,0,19-APR-2021,
OPTSTK,BAJAJFINSV,29-Apr-2021,8700,PE,0,0,0,30,81.65,0,0,1875,0,19-APR-2021,
OPTSTK,BAJAJFINSV,29-Apr-2021,8800,PE,60,76.45,56,59.5,59.5,241,2670.87,11625,-4000,19-APR-2021,
OPTSTK,BAJAJFINSV,29-Apr-2021,8900,PE,0,0,0,118.45,127.2,0,0,250,0,19-APR-2021,
OPTSTK,BAJAJFINSV,29-Apr-2021,9000,PE,100.05,116.95,83,92.45,92.45,1488,16922.85,47750,-8625,19-APR-2021,
OPTSTK,BAJAJFINSV,29-Apr-2021,9100,PE,110,143,102.8,112.1,112.1,106,1221.51,4375,-3625,19-APR-2021,
OPTSTK,BAJAJFINSV,29-Apr-2021,9200,PE,118.05,176.2,118.05,143.9,143.9,280,3271.29,8125,-5250,19-APR-2021,
OPTSTK,BAJAJFINSV,29-Apr-2021,9300,PE,156,214.3,152.15,168.55,168.55,318,3767.95,11625,-2625,19-APR-2021,
OPTSTK,BAJAJFINSV,29-Apr-2021,9400,PE,160.05,252.85,160.05,208.4,208.4,290,3486.05,8875,-3250,19-APR-2021,
OPTSTK,BAJAJFINSV,29-Apr-2021,9500,PE,269.35,310,213.55,253.25,253.25,627,7649.74,15750,-9625,19-APR-2021,
OPTSTK,BAJAJFINSV,29-Apr-2021,9600,PE,269.95,357.65,263,300.95,300.95,164,2030.69,6250,-4875,19-APR-2021,
OPTSTK,BAJAJFINSV,29-Apr-2021,9700,PE,300,430,292.1,362.15,362.15,60,754.65,7000,-2125,19-APR-2021,
OPTSTK,BAJAJFINSV,29-Apr-2021,9800,PE,470,505,336.45,432.5,432.5,94,1199.98,6750,-2250,19-APR-2021,
OPTSTK,BAJAJFINSV,29-Apr-2021,9900,PE,427.1,541.65,427.1,541.65,607.8,7,90.99,375,-375,19-APR-2021,
OPTSTK,BAJAJFINSV,29-Apr-2021,10000,PE,440,646.2,440,566,566,33,436.91,7750,375,19-APR-2021,
OPTSTK,BAJAJFINSV,29-Apr-2021,10100,PE,0,0,0,1091,754.65,0,0,125,0,19-APR-2021,
OPTSTK,BAJAJFINSV,29-Apr-2021,10200,PE,0,0,0,823.1,832.45,0,0,0,0,19-APR-2021,
OPTSTK,BAJAJFINSV,29-Apr-2021,10300,PE,0,0,0,1831.2,913.6,0,0,0,0,19-APR-2021,
OPTSTK,BAJAJFINSV,29-Apr-2021,10400,PE,0,0,0,870,997.4,0,0,125,0,19-APR-2021,
OPTSTK,BAJAJFINSV,29-Apr-2021,10500,PE,1050,1052.7,1040,1052.7,1083.6,5,72.16,125,-375,19-APR-2021,
OPTSTK,BAJAJFINSV,29-Apr-2021,10600,PE,0,0,0,2052,1171.9,0,0,0,0,19-APR-2021,
OPTSTK,BAJAJFINSV,29-Apr-2021,10700,PE,0,0,0,2127.6,1262.1,0,0,0,0,19-APR-2021,
OPTSTK,BAJAJFINSV,29-Apr-2021,10800,PE,0,0,0,2204.15,1353.85,0,0,0,0,19-APR-2021,
OPTSTK,BAJAJFINSV,29-Apr-2021,10900,PE,0,0,0,2281.65,1447,0,0,0,0,19-APR-2021,
OPTSTK,BAJAJFINSV,29-Apr-2021,11000,PE,1400,1400,1400,1400,1541.35,1,15.5,125,0,19-APR-2021,
OPTSTK,BAJAJFINSV,29-Apr-2021,11100,PE,0,0,0,2439.4,1636.75,0,0,0,0,19-APR-2021,
OPTSTK,BAJAJFINSV,29-Apr-2021,11200,PE,0,0,0,2519.6,1732.95,0,0,0,0,19-APR-2021,
OPTSTK,BAJAJFINSV,29-Apr-2021,11300,PE,0,0,0,2600.6,1829.85,0,0,0,0,19-APR-2021,
OPTSTK,BAJAJFINSV,29-Apr-2021,11400,PE,0,0,0,2682.4,1927.4,0,0,0,0,19-APR-2021,
OPTSTK,BAJAJFINSV,29-Apr-2021,11500,PE,0,0,0,2764.55,2025.35,0,0,0,0,19-APR-2021,
OPTSTK,BAJAJFINSV,29-Apr-2021,11600,PE,0,0,0,2847.8,2123.75,0,0,0,0,19-APR-2021,
OPTSTK,BAJAJFINSV,29-Apr-2021,11700,PE,0,0,0,2931.75,2222.45,0,0,0,0,19-APR-2021,
OPTSTK,BAJAJFINSV,29-Apr-2021,11800,PE,0,0,0,3016.4,2321.45,0,0,0,0,19-APR-2021,
OPTSTK,BAJAJFINSV,29-Apr-2021,11900,PE,0,0,0,3101.7,2420.6,0,0,0,0,19-APR-2021,
OPTSTK,BAJAJFINSV,29-Apr-2021,12000,PE,0,0,0,3187.6,2519.95,0,0,0,0,19-APR-2021,
OPTSTK,BAJAJFINSV,29-Apr-2021,12100,PE,0,0,0,3274.15,2619.4,0,0,0,0,19-APR-2021,
OPTSTK,BAJAJFINSV,29-Apr-2021,12200,PE,0,0,0,3361.25,2718.95,0,0,0,0,19-APR-2021,
OPTSTK,BAJAJFINSV,29-Apr-2021,12300,PE,0,0,0,3448.95,2818.6,0,0,0,0,19-APR-2021,
OPTSTK,BAJAJFINSV,29-Apr-2021,12400,PE,0,0,0,3537.1,2918.3,0,0,0,0,19-APR-2021,
OPTSTK,BAJAJFINSV,27-May-2021,6500,CE,0,0,0,3875.7,3004.6,0,0,0,0,19-APR-2021,
OPTSTK,BAJAJFINSV,27-May-2021,6600,CE,0,0,0,3783.9,2907.5,0,0,0,0,19-APR-2021,
OPTSTK,BAJAJFINSV,27-May-2021,6700,CE,0,0,0,3692.8,2810.9,0,0,0,0,19-APR-2021,
OPTSTK,BAJAJFINSV,27-May-2021,6800,CE,0,0,0,3602.5,2714.95,0,0,0,0,19-APR-2021,
OPTSTK,BAJAJFINSV,27-May-2021,6900,CE,0,0,0,3513.05,2619.65,0,0,0,0,19-APR-2021,
OPTSTK,BAJAJFINSV,27-May-2021,7000,CE,0,0,0,3424.5,2525.15,0,0,0,0,19-APR-2021,
OPTSTK,BAJAJFINSV,27-May-2021,7100,CE,0,0,0,3336.85,2431.5,0,0,0,0,19-APR-2021,
OPTSTK,BAJAJFINSV,27-May-2021,7200,CE,0,0,0,3250.2,2338.85,0,0,0,0,19-APR-2021,
OPTSTK,BAJAJFINSV,27-May-2021,7300,CE,0,0,0,3164.55,2247.25,0,0,0,0,19-APR-2021,
OPTSTK,BAJAJFINSV,27-May-2021,7400,CE,0,0,0,3080,2156.85,0,0,0,0,19-APR-2021,
OPTSTK,BAJAJFINSV,27-May-2021,7500,CE,0,0,0,2996.5,2067.75,0,0,0,0,19-APR-2021,
OPTSTK,BAJAJFINSV,27-May-2021,7600,CE,0,0,0,2914.1,1980.05,0,0,0,0,19-APR-2021,
OPTSTK,BAJAJFINSV,27-May-2021,7700,CE,0,0,0,2832.9,1893.85,0,0,0,0,19-APR-2021,
OPTSTK,BAJAJFINSV,27-May-2021,7800,CE,0,0,0,2752.9,1809.2,0,0,0,0,19-APR-2021,
OPTSTK,BAJAJFINSV,27-May-2021,7900,CE,0,0,0,2674.15,1726.3,0,0,0,0,19-APR-2021,
OPTSTK,BAJAJFINSV,27-May-2021,8000,CE,0,0,0,2596.6,1645.15,0,0,0,0,19-APR-2021,
OPTSTK,BAJAJFINSV,27-May-2021,8100,CE,0,0,0,2520.4,1565.9,0,0,0,0,19-APR-2021,
OPTSTK,BAJAJFINSV,27-May-2021,8200,CE,0,0,0,2445.5,1488.65,0,0,0,0,19-APR-2021,
OPTSTK,BAJAJFINSV,27-May-2021,8300,CE,0,0,0,2372.2,1413.75,0,0,0,0,19-APR-2021,
OPTSTK,BAJAJFINSV,27-May-2021,8400,CE,0,0,0,2299.95,1340.55,0,0,0,0,19-APR-2021,
OPTSTK,BAJAJFINSV,27-May-2021,8500,CE,0,0,0,2229.05,1269.55,0,0,0,0,19-APR-2021,
OPTSTK,BAJAJFINSV,27-May-2021,8600,CE,0,0,0,2159.55,1200.45,0,0,0,0,19-APR-2021,
OPTSTK,BAJAJFINSV,27-May-2021,8700,CE,0,0,0,2091.5,1134.05,0,0,0,0,19-APR-2021,
OPTSTK,BAJAJFINSV,27-May-2021,8800,CE,0,0,0,2024.85,1070,0,0,0,0,19-APR-2021,
OPTSTK,BAJAJFINSV,27-May-2021,8900,CE,0,0,0,1959.6,1008.3,0,0,0,0,19-APR-2021,
OPTSTK,BAJAJFINSV,27-May-2021,9000,CE,0,0,0,1895.45,949,0,0,0,0,19-APR-2021,
OPTSTK,BAJAJFINSV,27-May-2021,9100,CE,0,0,0,1833.15,892.05,0,0,0,0,19-APR-2021,
OPTSTK,BAJAJFINSV,27-May-2021,9200,CE,0,0,0,1772.3,837.45,0,0,0,0,19-APR-2021,
OPTSTK,BAJAJFINSV,27-May-2021,9300,CE,0,0,0,1712.9,785.25,0,0,0,0,19-APR-2021,
OPTSTK,BAJAJFINSV,27-May-2021,9400,CE,0,0,0,1654.95,735.4,0,0,0,0,19-APR-2021,
OPTSTK,BAJAJFINSV,27-May-2021,9500,CE,550,550,550,550,550,1,12.56,375,0,19-APR-2021,
OPTSTK,BAJAJFINSV,27-May-2021,9600,CE,0,0,0,1543.35,642.65,0,0,0,0,19-APR-2021,
OPTSTK,BAJAJFINSV,27-May-2021,9700,CE,0,0,0,1489.7,599.7,0,0,0,0,19-APR-2021,
OPTSTK,BAJAJFINSV,27-May-2021,9800,CE,0,0,0,1437.45,558.9,0,0,0,0,19-APR-2021,
OPTSTK,BAJAJFINSV,27-May-2021,9900,CE,0,0,0,1386.6,520.35,0,0,0,0,19-APR-2021,
OPTSTK,BAJAJFINSV,27-May-2021,10000,CE,280,280,280,280,483.85,1,12.85,375,125,19-APR-2021,
OPTSTK,BAJAJFINSV,27-May-2021,10100,CE,0,0,0,1289.05,449.4,0,0,0,0,19-APR-2021,
OPTSTK,BAJAJFINSV,27-May-2021,10200,CE,0,0,0,1242.35,416.95,0,0,0,0,19-APR-2021,
OPTSTK,BAJAJFINSV,27-May-2021,10300,CE,0,0,0,1197,386.4,0,0,0,0,19-APR-2021,
OPTSTK,BAJAJFINSV,27-May-2021,10400,CE,0,0,0,1152.95,357.7,0,0,0,0,19-APR-2021,
OPTSTK,BAJAJFINSV,27-May-2021,10500,CE,0,0,0,265,330.75,0,0,1000,0,19-APR-2021,
OPTSTK,BAJAJFINSV,27-May-2021,10600,CE,0,0,0,1068.8,306,0,0,0,0,19-APR-2021,
OPTSTK,BAJAJFINSV,27-May-2021,10700,CE,0,0,0,1028.65,282.5,0,0,0,0,19-APR-2021,
OPTSTK,BAJAJFINSV,27-May-2021,10800,CE,0,0,0,989.7,260.55,0,0,0,0,19-APR-2021,
OPTSTK,BAJAJFINSV,27-May-2021,10900,CE,0,0,0,952,240.1,0,0,0,0,19-APR-2021,
OPTSTK,BAJAJFINSV,27-May-2021,11000,CE,0,0,0,915.5,220.55,0,0,0,0,19-APR-2021,
OPTSTK,BAJAJFINSV,27-May-2021,11100,CE,0,0,0,880.2,202.75,0,0,0,0,19-APR-2021,
OPTSTK,BAJAJFINSV,27-May-2021,11200,CE,0,0,0,846.05,186.2,0,0,0,0,19-APR-2021,
OPTSTK,BAJAJFINSV,27-May-2021,11300,CE,0,0,0,813,170.8,0,0,0,0,19-APR-2021,
OPTSTK,BAJAJFINSV,27-May-2021,11400,CE,0,0,0,781.1,156.6,0,0,0,0,19-APR-2021,
OPTSTK,BAJAJFINSV,27-May-2021,11500,CE,0,0,0,750.25,143.4,0,0,0,0,19-APR-2021,
OPTSTK,BAJAJFINSV,27-May-2021,11600,CE,0,0,0,720.45,131.2,0,0,0,0,19-APR-2021,
OPTSTK,BAJAJFINSV,27-May-2021,11700,CE,0,0,0,691.7,119.95,0,0,0,0,19-APR-2021,
OPTSTK,BAJAJFINSV,27-May-2021,11800,CE,0,0,0,663.9,109.55,0,0,0,0,19-APR-2021,
OPTSTK,BAJAJFINSV,27-May-2021,11900,CE,0,0,0,637.15,99.95,0,0,0,0,19-APR-2021,
OPTSTK,BAJAJFINSV,27-May-2021,12000,CE,0,0,0,611.3,91.15,0,0,0,0,19-APR-2021,
OPTSTK,BAJAJFINSV,27-May-2021,12100,CE,0,0,0,586.95,83.05,0,0,0,0,19-APR-2021,
OPTSTK,BAJAJFINSV,27-May-2021,12200,CE,0,0,0,563,75.6,0,0,0,0,19-APR-2021,
OPTSTK,BAJAJFINSV,27-May-2021,12300,CE,0,0,0,539.9,68.75,0,0,0,0,19-APR-2021,
OPTSTK,BAJAJFINSV,27-May-2021,12400,CE,0,0,0,517.7,62.5,0,0,0,0,19-APR-2021,
OPTSTK,BAJAJFINSV,27-May-2021,6500,PE,0,0,0,50.8,9.35,0,0,0,0,19-APR-2021,
OPTSTK,BAJAJFINSV,27-May-2021,6600,PE,0,0,0,58,11.85,0,0,0,0,19-APR-2021,
OPTSTK,BAJAJFINSV,27-May-2021,6700,PE,0,0,0,66,14.85,0,0,0,0,19-APR-2021,
OPTSTK,BAJAJFINSV,27-May-2021,6800,PE,0,0,0,74.8,18.5,0,0,0,0,19-APR-2021,
OPTSTK,BAJAJFINSV,27-May-2021,6900,PE,0,0,0,84.4,22.8,0,0,0,0,19-APR-2021,
OPTSTK,BAJAJFINSV,27-May-2021,7000,PE,0,0,0,94.9,27.9,0,0,0,0,19-APR-2021,
OPTSTK,BAJAJFINSV,27-May-2021,7100,PE,0,0,0,106.35,33.9,0,0,0,0,19-APR-2021,
OPTSTK,BAJAJFINSV,27-May-2021,7200,PE,0,0,0,118.75,40.85,0,0,0,0,19-APR-2021,
OPTSTK,BAJAJFINSV,27-May-2021,7300,PE,0,0,0,132.2,48.85,0,0,0,0,19-APR-2021,
OPTSTK,BAJAJFINSV,27-May-2021,7400,PE,0,0,0,146.65,58.1,0,0,0,0,19-APR-2021,
OPTSTK,BAJAJFINSV,27-May-2021,7500,PE,0,0,0,162.25,68.6,0,0,0,0,19-APR-2021,
OPTSTK,BAJAJFINSV,27-May-2021,7600,PE,0,0,0,178.95,80.5,0,0,0,0,19-APR-2021,
OPTSTK,BAJAJFINSV,27-May-2021,7700,PE,0,0,0,196.8,93.9,0,0,0,0,19-APR-2021,
OPTSTK,BAJAJFINSV,27-May-2021,7800,PE,0,0,0,215.85,108.85,0,0,0,0,19-APR-2021,
OPTSTK,BAJAJFINSV,27-May-2021,7900,PE,0,0,0,236.15,125.55,0,0,0,0,19-APR-2021,
OPTSTK,BAJAJFINSV,27-May-2021,8000,PE,0,0,0,257.75,144.05,0,0,0,0,19-APR-2021,
OPTSTK,BAJAJFINSV,27-May-2021,8100,PE,0,0,0,280.55,164.4,0,0,0,0,19-APR-2021,
OPTSTK,BAJAJFINSV,27-May-2021,8200,PE,0,0,0,304.75,186.75,0,0,0,0,19-APR-2021,
OPTSTK,BAJAJFINSV,27-May-2021,8300,PE,0,0,0,330.5,211.45,0,0,0,0,19-APR-2021,
OPTSTK,BAJAJFINSV,27-May-2021,8400,PE,0,0,0,357.35,237.85,0,0,0,0,19-APR-2021,
OPTSTK,BAJAJFINSV,27-May-2021,8500,PE,0,0,0,385.5,266.5,0,0,0,0,19-APR-2021,
OPTSTK,BAJAJFINSV,27-May-2021,8600,PE,0,0,0,415.1,297,0,0,0,0,19-APR-2021,
OPTSTK,BAJAJFINSV,27-May-2021,8700,PE,0,0,0,446.1,330.2,0,0,0,0,19-APR-2021,
OPTSTK,BAJAJFINSV,27-May-2021,8800,PE,0,0,0,478.5,365.75,0,0,0,0,19-APR-2021,
OPTSTK,BAJAJFINSV,27-May-2021,8900,PE,0,0,0,512.35,403.7,0,0,0,0,19-APR-2021,
OPTSTK,BAJAJFINSV,27-May-2021,9000,PE,0,0,0,547.25,443.95,0,0,0,0,19-APR-2021,
OPTSTK,BAJAJFINSV,27-May-2021,9100,PE,0,0,0,584,486.65,0,0,0,0,19-APR-2021,
OPTSTK,BAJAJFINSV,27-May-2021,9200,PE,0,0,0,622.25,531.65,0,0,0,0,19-APR-2021,
OPTSTK,BAJAJFINSV,27-May-2021,9300,PE,0,0,0,661.9,579.1,0,0,0,0,19-APR-2021,
OPTSTK,BAJAJFINSV,27-May-2021,9400,PE,0,0,0,703.05,628.8,0,0,0,0,19-APR-2021,
OPTSTK,BAJAJFINSV,27-May-2021,9500,PE,0,0,0,745.6,680.9,0,0,0,0,19-APR-2021,
OPTSTK,BAJAJFINSV,27-May-2021,9600,PE,0,0,0,789.55,735.3,0,0,0,0,19-APR-2021,
OPTSTK,BAJAJFINSV,27-May-2021,9700,PE,0,0,0,835,791.95,0,0,0,0,19-APR-2021,
OPTSTK,BAJAJFINSV,27-May-2021,9800,PE,0,0,0,881.8,850.8,0,0,0,0,19-APR-2021,
OPTSTK,BAJAJFINSV,27-May-2021,9900,PE,0,0,0,930.05,911.8,0,0,0,0,19-APR-2021,
OPTSTK,BAJAJFINSV,27-May-2021,10000,PE,0,0,0,979.6,974.95,0,0,0,0,19-APR-2021,
OPTSTK,BAJAJFINSV,27-May-2021,10100,PE,0,0,0,1030.6,1040.1,0,0,0,0,19-APR-2021,
OPTSTK,BAJAJFINSV,27-May-2021,10200,PE,0,0,0,1083,1107.25,0,0,0,0,19-APR-2021,
OPTSTK,BAJAJFINSV,27-May-2021,10300,PE,0,0,0,1136.7,1176.3,0,0,0,0,19-APR-2021,
OPTSTK,BAJAJFINSV,27-May-2021,10400,PE,0,0,0,1191.7,1247.2,0,0,0,0,19-APR-2021,
OPTSTK,BAJAJFINSV,27-May-2021,10500,PE,0,0,0,1248.05,1319.9,0,0,0,0,19-APR-2021,
OPTSTK,BAJAJFINSV,27-May-2021,10600,PE,0,0,0,1305.7,1394.75,0,0,0,0,19-APR-2021,
OPTSTK,BAJAJFINSV,27-May-2021,10700,PE,0,0,0,1364.6,1470.85,0,0,0,0,19-APR-2021,
OPTSTK,BAJAJFINSV,27-May-2021,10800,PE,0,0,0,1424.75,1548.5,0,0,0,0,19-APR-2021,
OPTSTK,BAJAJFINSV,27-May-2021,10900,PE,0,0,0,1486.15,1627.65,0,0,0,0,19-APR-2021,
OPTSTK,BAJAJFINSV,27-May-2021,11000,PE,0,0,0,1548.7,1707.75,0,0,0,0,19-APR-2021,
OPTSTK,BAJAJFINSV,27-May-2021,11100,PE,0,0,0,1612.45,1789.55,0,0,0,0,19-APR-2021,
OPTSTK,BAJAJFINSV,27-May-2021,11200,PE,0,0,0,1677.35,1872.6,0,0,0,0,19-APR-2021,
OPTSTK,BAJAJFINSV,27-May-2021,11300,PE,0,0,0,1743.4,1956.85,0,0,0,0,19-APR-2021,
OPTSTK,BAJAJFINSV,27-May-2021,11400,PE,0,0,0,1810.55,2042.2,0,0,0,0,19-APR-2021,
OPTSTK,BAJAJFINSV,27-May-2021,11500,PE,0,0,0,1878.8,2128.65,0,0,0,0,19-APR-2021,
OPTSTK,BAJAJFINSV,27-May-2021,11600,PE,0,0,0,1948.05,2216.05,0,0,0,0,19-APR-2021,
OPTSTK,BAJAJFINSV,27-May-2021,11700,PE,0,0,0,2018.35,2304.4,0,0,0,0,19-APR-2021,
OPTSTK,BAJAJFINSV,27-May-2021,11800,PE,0,0,0,2089.65,2393.6,0,0,0,0,19-APR-2021,
OPTSTK,BAJAJFINSV,27-May-2021,11900,PE,0,0,0,2161.95,2483.65,0,0,0,0,19-APR-2021,
OPTSTK,BAJAJFINSV,27-May-2021,12000,PE,0,0,0,2235.2,2574.45,0,0,0,0,19-APR-2021,
OPTSTK,BAJAJFINSV,27-May-2021,12100,PE,0,0,0,2309.9,2665.95,0,0,0,0,19-APR-2021,
OPTSTK,BAJAJFINSV,27-May-2021,12200,PE,0,0,0,2385,2758.1,0,0,0,0,19-APR-2021,
OPTSTK,BAJAJFINSV,27-May-2021,12300,PE,0,0,0,2461,2850.9,0,0,0,0,19-APR-2021,
OPTSTK,BAJAJFINSV,27-May-2021,12400,PE,0,0,0,2537.85,2944.25,0,0,0,0,19-APR-2021,
OPTSTK,BAJAJFINSV,24-Jun-2021,6500,CE,0,0,0,2734.95,3057.15,0,0,0,0,19-APR-2021,
OPTSTK,BAJAJFINSV,24-Jun-2021,6600,CE,0,0,0,2650.55,2965.15,0,0,0,0,19-APR-2021,
OPTSTK,BAJAJFINSV,24-Jun-2021,6700,CE,0,0,0,2567.45,2874.05,0,0,0,0,19-APR-2021,
OPTSTK,BAJAJFINSV,24-Jun-2021,6800,CE,0,0,0,2485.65,2783.95,0,0,0,0,19-APR-2021,
OPTSTK,BAJAJFINSV,24-Jun-2021,6900,CE,0,0,0,2405.2,2694.95,0,0,0,0,19-APR-2021,
OPTSTK,BAJAJFINSV,24-Jun-2021,7000,CE,0,0,0,2326.15,2607.05,0,0,0,0,19-APR-2021,
OPTSTK,BAJAJFINSV,24-Jun-2021,7100,CE,0,0,0,2248.55,2520.3,0,0,0,0,19-APR-2021,
OPTSTK,BAJAJFINSV,24-Jun-2021,7200,CE,0,0,0,2172.4,2434.85,0,0,0,0,19-APR-2021,
OPTSTK,BAJAJFINSV,24-Jun-2021,7300,CE,0,0,0,2098.1,2350.7,0,0,0,0,19-APR-2021,
OPTSTK,BAJAJFINSV,24-Jun-2021,7400,CE,0,0,0,2025,2267.9,0,0,0,0,19-APR-2021,
OPTSTK,BAJAJFINSV,24-Jun-2021,7500,CE,0,0,0,1953.45,2186.55,0,0,0,0,19-APR-2021,
OPTSTK,BAJAJFINSV,24-Jun-2021,7600,CE,0,0,0,1883.5,2106.7,0,0,0,0,19-APR-2021,
OPTSTK,BAJAJFINSV,24-Jun-2021,7700,CE,0,0,0,1815.15,2028.4,0,0,0,0,19-APR-2021,
OPTSTK,BAJAJFINSV,24-Jun-2021,7800,CE,0,0,0,1748.45,1951.65,0,0,0,0,19-APR-2021,
OPTSTK,BAJAJFINSV,24-Jun-2021,7900,CE,0,0,0,1683.05,1876.6,0,0,0,0,19-APR-2021,
OPTSTK,BAJAJFINSV,24-Jun-2021,8000,CE,0,0,0,1619.7,1803.45,0,0,0,0,19-APR-2021,
OPTSTK,BAJAJFINSV,24-Jun-2021,8100,CE,0,0,0,1558.05,1731.7,0,0,0,0,19-APR-2021,
OPTSTK,BAJAJFINSV,24-Jun-2021,8200,CE,0,0,0,1498.05,1661.65,0,0,0,0,19-APR-2021,
OPTSTK,BAJAJFINSV,24-Jun-2021,8300,CE,0,0,0,1439.7,1593.4,0,0,0,0,19-APR-2021,
OPTSTK,BAJAJFINSV,24-Jun-2021,8400,CE,0,0,0,1383,1526.6,0,0,0,0,19-APR-2021,
OPTSTK,BAJAJFINSV,24-Jun-2021,8500,CE,0,0,0,1328,1462.05,0,0,0,0,19-APR-2021,
OPTSTK,BAJAJFINSV,24-Jun-2021,8600,CE,0,0,0,1274.6,1399.3,0,0,0,0,19-APR-2021,
OPTSTK,BAJAJFINSV,24-Jun-2021,8700,CE,0,0,0,1222.85,1338.4,0,0,0,0,19-APR-2021,
OPTSTK,BAJAJFINSV,24-Jun-2021,8800,CE,0,0,0,1172.65,1279.35,0,0,0,0,19-APR-2021,
OPTSTK,BAJAJFINSV,24-Jun-2021,8900,CE,0,0,0,1124.1,1222.15,0,0,0,0,19-APR-2021,
OPTSTK,BAJAJFINSV,24-Jun-2021,9000,CE,0,0,0,1077.15,1166.75,0,0,0,0,19-APR-2021,
OPTSTK,BAJAJFINSV,24-Jun-2021,9100,CE,0,0,0,1031.7,1113.2,0,0,0,0,19-APR-2021,
OPTSTK,BAJAJFINSV,24-Jun-2021,9200,CE,0,0,0,987.85,1061.45,0,0,0,0,19-APR-2021,
OPTSTK,BAJAJFINSV,24-Jun-2021,9300,CE,0,0,0,945.45,1011.5,0,0,0,0,19-APR-2021,
OPTSTK,BAJAJFINSV,24-Jun-2021,9400,CE,0,0,0,904.55,963.35,0,0,0,0,19-APR-2021,
OPTSTK,BAJAJFINSV,24-Jun-2021,9500,CE,0,0,0,865.1,916.9,0,0,0,0,19-APR-2021,
OPTSTK,BAJAJFINSV,24-Jun-2021,9600,CE,0,0,0,827.1,872.25,0,0,0,0,19-APR-2021,
OPTSTK,BAJAJFINSV,24-Jun-2021,9700,CE,0,0,0,790.45,829.3,0,0,0,0,19-APR-2021,
OPTSTK,BAJAJFINSV,24-Jun-2021,9800,CE,0,0,0,755.2,788,0,0,0,0,19-APR-2021,
OPTSTK,BAJAJFINSV,24-Jun-2021,9900,CE,0,0,0,721.25,748.35,0,0,0,0,19-APR-2021,
OPTSTK,BAJAJFINSV,24-Jun-2021,10000,CE,0,0,0,688.65,710.35,0,0,0,0,19-APR-2021,
OPTSTK,BAJAJFINSV,24-Jun-2021,10100,CE,0,0,0,657.25,673.9,0,0,0,0,19-APR-2021,
OPTSTK,BAJAJFINSV,24-Jun-2021,10200,CE,0,0,0,627.1,638.95,0,0,0,0,19-APR-2021,
OPTSTK,BAJAJFINSV,24-Jun-2021,10300,CE,0,0,0,598.15,605.55,0,0,0,0,19-APR-2021,
OPTSTK,BAJAJFINSV,24-Jun-2021,10400,CE,0,0,0,570.4,573.6,0,0,0,0,19-APR-2021,
OPTSTK,BAJAJFINSV,24-Jun-2021,10500,CE,0,0,0,543.75,543.05,0,0,0,0,19-APR-2021,
OPTSTK,BAJAJFINSV,24-Jun-2021,10600,CE,0,0,0,518.65,513.9,0,0,0,0,19-APR-2021,
OPTSTK,BAJAJFINSV,24-Jun-2021,10700,CE,0,0,0,494.2,486.05,0,0,0,0,19-APR-2021,
OPTSTK,BAJAJFINSV,24-Jun-2021,10800,CE,0,0,0,470.8,459.5,0,0,0,0,19-APR-2021,
OPTSTK,BAJAJFINSV,24-Jun-2021,10900,CE,0,0,0,448.4,434.7,0,0,0,0,19-APR-2021,
OPTSTK,BAJAJFINSV,24-Jun-2021,11000,CE,0,0,0,426.95,410.7,0,0,0,0,19-APR-2021,
OPTSTK,BAJAJFINSV,24-Jun-2021,11100,CE,0,0,0,406.4,387.85,0,0,0,0,19-APR-2021,
OPTSTK,BAJAJFINSV,24-Jun-2021,11200,CE,0,0,0,386.8,366.1,0,0,0,0,19-APR-2021,
OPTSTK,BAJAJFINSV,24-Jun-2021,11300,CE,0,0,0,368.05,345.45,0,0,0,0,19-APR-2021,
OPTSTK,BAJAJFINSV,24-Jun-2021,11400,CE,0,0,0,350.1,325.85,0,0,0,0,19-APR-2021,
OPTSTK,BAJAJFINSV,24-Jun-2021,11500,CE,0,0,0,332.6,306.85,0,0,0,0,19-APR-2021,
OPTSTK,BAJAJFINSV,24-Jun-2021,11600,CE,0,0,0,316.2,289.15,0,0,0,0,19-APR-2021,
OPTSTK,BAJAJFINSV,24-Jun-2021,11700,CE,0,0,0,300.55,272.35,0,0,0,0,19-APR-2021,
OPTSTK,BAJAJFINSV,24-Jun-2021,11800,CE,0,0,0,285.6,256.45,0,0,0,0,19-APR-2021,
OPTSTK,BAJAJFINSV,24-Jun-2021,11900,CE,0,0,0,271.35,241.35,0,0,0,0,19-APR-2021,
OPTSTK,BAJAJFINSV,24-Jun-2021,12000,CE,0,0,0,257.75,227.1,0,0,0,0,19-APR-2021,
OPTSTK,BAJAJFINSV,24-Jun-2021,12100,CE,0,0,0,244.8,213.6,0,0,0,0,19-APR-2021,
OPTSTK,BAJAJFINSV,24-Jun-2021,12200,CE,0,0,0,232.45,200.8,0,0,0,0,19-APR-2021,
OPTSTK,BAJAJFINSV,24-Jun-2021,12300,CE,0,0,0,220.7,188.75,0,0,0,0,19-APR-2021,
OPTSTK,BAJAJFINSV,24-Jun-2021,12400,CE,0,0,0,209.45,177.35,0,0,0,0,19-APR-2021,
OPTSTK,BAJAJFINSV,24-Jun-2021,6500,PE,0,0,0,116.9,43.25,0,0,0,0,19-APR-2021,
OPTSTK,BAJAJFINSV,24-Jun-2021,6600,PE,0,0,0,131.6,50.6,0,0,0,0,19-APR-2021,
OPTSTK,BAJAJFINSV,24-Jun-2021,6700,PE,0,0,0,147.55,58.85,0,0,0,0,19-APR-2021,
OPTSTK,BAJAJFINSV,24-Jun-2021,6800,PE,0,0,0,164.8,68.05,0,0,0,0,19-APR-2021,
OPTSTK,BAJAJFINSV,24-Jun-2021,6900,PE,0,0,0,183.45,78.35,0,0,0,0,19-APR-2021,
OPTSTK,BAJAJFINSV,24-Jun-2021,7000,PE,0,0,0,203.45,89.75,0,0,0,0,19-APR-2021,
OPTSTK,BAJAJFINSV,24-Jun-2021,7100,PE,0,0,0,224.9,102.35,0,0,0,0,19-APR-2021,
OPTSTK,BAJAJFINSV,24-Jun-2021,7200,PE,0,0,0,247.85,116.25,0,0,0,0,19-APR-2021,
OPTSTK,BAJAJFINSV,24-Jun-2021,7300,PE,0,0,0,272.6,131.4,0,0,0,0,19-APR-2021,
OPTSTK,BAJAJFINSV,24-Jun-2021,7400,PE,0,0,0,298.55,147.95,0,0,0,0,19-APR-2021,
OPTSTK,BAJAJFINSV,24-Jun-2021,7500,PE,0,0,0,326.1,165.95,0,0,0,0,19-APR-2021,
OPTSTK,BAJAJFINSV,24-Jun-2021,7600,PE,0,0,0,355.2,185.4,0,0,0,0,19-APR-2021,
OPTSTK,BAJAJFINSV,24-Jun-2021,7700,PE,0,0,0,385.95,206.4,0,0,0,0,19-APR-2021,
OPTSTK,BAJAJFINSV,24-Jun-2021,7800,PE,0,0,0,418.3,229,0,0,0,0,19-APR-2021,
OPTSTK,BAJAJFINSV,24-Jun-2021,7900,PE,0,0,0,452,253.25,0,0,0,0,19-APR-2021,
OPTSTK,BAJAJFINSV,24-Jun-2021,8000,PE,0,0,0,487.7,279.4,0,0,0,0,19-APR-2021,
OPTSTK,BAJAJFINSV,24-Jun-2021,8100,PE,0,0,0,525.1,307,0,0,0,0,19-APR-2021,
OPTSTK,BAJAJFINSV,24-Jun-2021,8200,PE,0,0,0,564.2,336.3,0,0,0,0,19-APR-2021,
OPTSTK,BAJAJFINSV,24-Jun-2021,8300,PE,0,0,0,604.9,367.4,0,0,0,0,19-APR-2021,
OPTSTK,BAJAJFINSV,24-Jun-2021,8400,PE,0,0,0,647.3,399.9,0,0,0,0,19-APR-2021,
OPTSTK,BAJAJFINSV,24-Jun-2021,8500,PE,0,0,0,691.35,434.65,0,0,0,0,19-APR-2021,
OPTSTK,BAJAJFINSV,24-Jun-2021,8600,PE,0,0,0,737,471.25,0,0,0,0,19-APR-2021,
OPTSTK,BAJAJFINSV,24-Jun-2021,8700,PE,0,0,0,784.3,509.7,0,0,0,0,19-APR-2021,
OPTSTK,BAJAJFINSV,24-Jun-2021,8800,PE,0,0,0,833.2,549.95,0,0,0,0,19-APR-2021,
OPTSTK,BAJAJFINSV,24-Jun-2021,8900,PE,0,0,0,883.75,592.05,0,0,0,0,19-APR-2021,
OPTSTK,BAJAJFINSV,24-Jun-2021,9000,PE,0,0,0,935.85,636,0,0,0,0,19-APR-2021,
OPTSTK,BAJAJFINSV,24-Jun-2021,9100,PE,0,0,0,989.5,681.75,0,0,0,0,19-APR-2021,
OPTSTK,BAJAJFINSV,24-Jun-2021,9200,PE,0,0,0,1044.65,729.35,0,0,0,0,19-APR-2021,
OPTSTK,BAJAJFINSV,24-Jun-2021,9300,PE,0,0,0,1101.35,778.7,0,0,0,0,19-APR-2021,
OPTSTK,BAJAJFINSV,24-Jun-2021,9400,PE,0,0,0,1159.55,829.85,0,0,0,0,19-APR-2021,
OPTSTK,BAJAJFINSV,24-Jun-2021,9500,PE,0,0,0,1219.15,882.75,0,0,0,0,19-APR-2021,
OPTSTK,BAJAJFINSV,24-Jun-2021,9600,PE,0,0,0,1280.2,937.45,0,0,0,0,19-APR-2021,
OPTSTK,BAJAJFINSV,24-Jun-2021,9700,PE,0,0,0,1342.65,993.8,0,0,0,0,19-APR-2021,
OPTSTK,BAJAJFINSV,24-Jun-2021,9800,PE,0,0,0,1406.45,1051.85,0,0,0,0,19-APR-2021,
OPTSTK,BAJAJFINSV,24-Jun-2021,9900,PE,0,0,0,1471.6,1111.5,0,0,0,0,19-APR-2021,
OPTSTK,BAJAJFINSV,24-Jun-2021,10000,PE,0,0,0,1538,1172.8,0,0,0,0,19-APR-2021,
OPTSTK,BAJAJFINSV,24-Jun-2021,10100,PE,0,0,0,1605.7,1235.7,0,0,0,0,19-APR-2021,
OPTSTK,BAJAJFINSV,24-Jun-2021,10200,PE,0,0,0,1674.65,1300.1,0,0,0,0,19-APR-2021,
OPTSTK,BAJAJFINSV,24-Jun-2021,10300,PE,0,0,0,1744.75,1366,0,0,0,0,19-APR-2021,
OPTSTK,BAJAJFINSV,24-Jun-2021,10400,PE,0,0,0,1816.05,1433.35,0,0,0,0,19-APR-2021,
OPTSTK,BAJAJFINSV,24-Jun-2021,10500,PE,0,0,0,1888.5,1502.15,0,0,0,0,19-APR-2021,
OPTSTK,BAJAJFINSV,24-Jun-2021,10600,PE,0,0,0,1962.45,1572.3,0,0,0,0,19-APR-2021,
OPTSTK,BAJAJFINSV,24-Jun-2021,10700,PE,0,0,0,2037.05,1643.8,0,0,0,0,19-APR-2021,
OPTSTK,BAJAJFINSV,24-Jun-2021,10800,PE,0,0,0,2112.75,1716.6,0,0,0,0,19-APR-2021,
OPTSTK,BAJAJFINSV,24-Jun-2021,10900,PE,0,0,0,2189.4,1791.1,0,0,0,0,19-APR-2021,
OPTSTK,BAJAJFINSV,24-Jun-2021,11000,PE,0,0,0,2267,1866.4,0,0,0,0,19-APR-2021,
OPTSTK,BAJAJFINSV,24-Jun-2021,11100,PE,0,0,0,2345.55,1942.85,0,0,0,0,19-APR-2021,
OPTSTK,BAJAJFINSV,24-Jun-2021,11200,PE,0,0,0,2425,2020.45,0,0,0,0,19-APR-2021,
OPTSTK,BAJAJFINSV,24-Jun-2021,11300,PE,0,0,0,2505.35,2099.15,0,0,0,0,19-APR-2021,
OPTSTK,BAJAJFINSV,24-Jun-2021,11400,PE,0,0,0,2586.5,2178.85,0,0,0,0,19-APR-2021,
OPTSTK,BAJAJFINSV,24-Jun-2021,11500,PE,0,0,0,2668.05,2259.2,0,0,0,0,19-APR-2021,
OPTSTK,BAJAJFINSV,24-Jun-2021,11600,PE,0,0,0,2750.7,2340.8,0,0,0,0,19-APR-2021,
OPTSTK,BAJAJFINSV,24-Jun-2021,11700,PE,0,0,0,2834.15,2423.35,0,0,0,0,19-APR-2021,
OPTSTK,BAJAJFINSV,24-Jun-2021,11800,PE,0,0,0,2918.25,2506.75,0,0,0,0,19-APR-2021,
OPTSTK,BAJAJFINSV,24-Jun-2021,11900,PE,0,0,0,3003.1,2591,0,0,0,0,19-APR-2021,
OPTSTK,BAJAJFINSV,24-Jun-2021,12000,PE,0,0,0,3088.55,2676.05,0,0,0,0,19-APR-2021,
OPTSTK,BAJAJFINSV,24-Jun-2021,12100,PE,0,0,0,3174.65,2761.85,0,0,0,0,19-APR-2021,
OPTSTK,BAJAJFINSV,24-Jun-2021,12200,PE,0,0,0,3261.35,2848.4,0,0,0,0,19-APR-2021,
OPTSTK,BAJAJFINSV,24-Jun-2021,12300,PE,0,0,0,3348.65,2935.65,0,0,0,0,19-APR-2021,
OPTSTK,BAJAJFINSV,24-Jun-2021,12400,PE,0,0,0,3436.5,3023.6,0,0,0,0,19-APR-2021,
OPTSTK,BAJFINANCE,29-Apr-2021,3400,CE,0,0,0,1521.45,1083.25,0,0,0,0,19-APR-2021,
OPTSTK,BAJFINANCE,29-Apr-2021,3500,CE,0,0,0,1135.25,983.85,0,0,4000,0,19-APR-2021,
OPTSTK,BAJFINANCE,29-Apr-2021,3600,CE,0,0,0,1073.4,885,0,0,250,0,19-APR-2021,
OPTSTK,BAJFINANCE,29-Apr-2021,3700,CE,0,0,0,1560,787.25,0,0,250,0,19-APR-2021,
OPTSTK,BAJFINANCE,29-Apr-2021,3800,CE,0,0,0,1209.65,691.4,0,0,0,0,19-APR-2021,
OPTSTK,BAJFINANCE,29-Apr-2021,3900,CE,0,0,0,1360,598.35,0,0,250,0,19-APR-2021,
OPTSTK,BAJFINANCE,29-Apr-2021,4000,CE,475,499,452.5,496,509.45,17,190.17,21000,-750,19-APR-2021,
OPTSTK,BAJFINANCE,29-Apr-2021,4100,CE,412.75,412.75,412.75,412.75,426,1,11.28,750,0,19-APR-2021,
OPTSTK,BAJFINANCE,29-Apr-2021,4200,CE,300.55,345.35,294,330.15,330.15,15,169.52,13250,2000,19-APR-2021,
OPTSTK,BAJFINANCE,29-Apr-2021,4300,CE,233,286.05,209.3,260.5,260.5,63,715.25,3500,2250,19-APR-2021,
OPTSTK,BAJFINANCE,29-Apr-2021,4400,CE,250,250,144,198.1,198.1,2009,22971.03,33000,22750,19-APR-2021,
OPTSTK,BAJFINANCE,29-Apr-2021,4500,CE,125.05,155,100,143.3,143.3,4619,53445.11,171250,132500,19-APR-2021,
OPTSTK,BAJFINANCE,29-Apr-2021,4600,CE,113,113,63,95.65,95.65,2736,32046.94,124750,50000,19-APR-2021,
OPTSTK,BAJFINANCE,29-Apr-2021,4700,CE,45.8,77.15,44.2,61.65,61.65,3232,38421.8,173000,44750,19-APR-2021,
OPTSTK,BAJFINANCE,29-Apr-2021,4800,CE,50,50,22.65,39.2,39.2,2979,36010.16,232750,71250,19-APR-2021,
OPTSTK,BAJFINANCE,29-Apr-2021,4900,CE,24.25,27.05,18.95,25.1,25.1,2769,34076.53,154000,-28250,19-APR-2021,
OPTSTK,BAJFINANCE,29-Apr-2021,5000,CE,17.15,22.45,13.1,16.9,16.9,3314,41553.89,362500,4000,19-APR-2021,
OPTSTK,BAJFINANCE,29-Apr-2021,5100,CE,9.9,18.85,9.55,12.15,12.15,1695,21659.48,267250,5000,19-APR-2021,
OPTSTK,BAJFINANCE,29-Apr-2021,5200,CE,11.05,12,7.55,9.05,9.05,1337,17409.91,280750,-18750,19-APR-2021,
OPTSTK,BAJFINANCE,29-Apr-2021,5300,CE,9.1,9.1,6.1,7.2,7.2,777,10308.63,220000,-7750,19-APR-2021,
OPTSTK,BAJFINANCE,29-Apr-2021,5400,CE,8,8,5,6.15,6.15,428,5784.25,189000,-13250,19-APR-2021,
OPTSTK,BAJFINANCE,29-Apr-2021,5500,CE,5.5,5.7,3.8,5.1,5.1,729,10032.35,279750,-13000,19-APR-2021,
OPTSTK,BAJFINANCE,29-Apr-2021,5600,CE,1.65,5.4,1.65,4.65,4.65,235,3292.46,108250,-13750,19-APR-2021,
OPTSTK,BAJFINANCE,29-Apr-2021,5700,CE,2.3,4,1.6,3.55,3.55,59,841.22,79500,-2750,19-APR-2021,
OPTSTK,BAJFINANCE,29-Apr-2021,5800,CE,2.15,3.85,2.15,3.1,3.1,43,623.82,59000,-5750,19-APR-2021,
OPTSTK,BAJFINANCE,29-Apr-2021,5900,CE,2.05,3.35,2.05,2.95,0.45,17,250.87,35750,-2250,19-APR-2021,
OPTSTK,BAJFINANCE,29-Apr-2021,6000,CE,2.3,4,1.1,2.55,2.55,168,2521.09,167000,-2250,19-APR-2021,
OPTSTK,BAJFINANCE,29-Apr-2021,6100,CE,2.5,2.6,2.5,2.55,0.15,7,106.79,13000,-1500,19-APR-2021,
OPTSTK,BAJFINANCE,29-Apr-2021,6200,CE,1,3.8,1,1.65,1.65,4,62.02,28750,-250,19-APR-2021,
OPTSTK,BAJFINANCE,29-Apr-2021,6300,CE,2.35,3,2.35,3,0.05,3,47.26,10750,250,19-APR-2021,
OPTSTK,BAJFINANCE,29-Apr-2021,6400,CE,1.6,2.5,1.6,2.2,0.05,6,96.03,7000,-250,19-APR-2021,
OPTSTK,BAJFINANCE,29-Apr-2021,6500,CE,1.9,2.05,1.9,2,0.05,19,308.84,28250,-250,19-APR-2021,
OPTSTK,BAJFINANCE,29-Apr-2021,6600,CE,0,0,0,3.85,0.05,0,0,2750,0,19-APR-2021,
OPTSTK,BAJFINANCE,29-Apr-2021,6700,CE,0,0,0,7,0,0,0,500,0,19-APR-2021,
OPTSTK,BAJFINANCE,29-Apr-2021,6800,CE,0,0,0,4,0,0,0,250,0,19-APR-2021,
OPTSTK,BAJFINANCE,29-Apr-2021,6900,CE,0.5,0.5,0.15,0.15,0,2,34.5,1000,-250,19-APR-2021,
OPTSTK,BAJFINANCE,29-Apr-2021,3400,PE,3.45,4.35,3.45,4.3,4.3,4,34.04,2500,250,19-APR-2021,
OPTSTK,BAJFINANCE,29-Apr-2021,3500,PE,8.7,10.5,5.5,6.1,6.1,350,3069.71,67000,7750,19-APR-2021,
OPTSTK,BAJFINANCE,29-Apr-2021,3600,PE,8,14.3,5,7.65,7.65,169,1525.16,23500,-8000,19-APR-2021,
OPTSTK,BAJFINANCE,29-Apr-2021,3700,PE,17,18.85,4.9,9.25,9.25,372,3452.62,21750,-500,19-APR-2021,
OPTSTK,BAJFINANCE,29-Apr-2021,3800,PE,15,22.8,12.6,13.15,13.15,963,9191.02,38750,-1000,19-APR-2021,
OPTSTK,BAJFINANCE,29-Apr-2021,3900,PE,28,30.8,17.05,17.95,17.95,835,8191.68,54500,6500,19-APR-2021,
OPTSTK,BAJFINANCE,29-Apr-2021,4000,PE,40.7,49.75,23.8,24.8,24.8,3391,34192.24,328500,16500,19-APR-2021,
OPTSTK,BAJFINANCE,29-Apr-2021,4100,PE,41,61.5,34.3,35.45,35.45,1248,12938.79,61000,12000,19-APR-2021,
OPTSTK,BAJFINANCE,29-Apr-2021,4200,PE,57.8,87.25,48.5,50.2,50.2,2935,31304.14,140250,20750,19-APR-2021,
OPTSTK,BAJFINANCE,29-Apr-2021,4300,PE,105,147.95,68.95,72.75,72.75,2676,29398.46,91750,2000,19-APR-2021,
OPTSTK,BAJFINANCE,29-Apr-2021,4400,PE,143.15,199,97.35,104.1,104.1,3998,45284.81,143250,23250,19-APR-2021,
OPTSTK,BAJFINANCE,29-Apr-2021,4500,PE,150,222.35,135,145.5,145.5,2498,29201.95,284750,-21750,19-APR-2021,
OPTSTK,BAJFINANCE,29-Apr-2021,4600,PE,230.5,289,186,199.2,199.2,966,11682.62,87000,-56000,19-APR-2021,
OPTSTK,BAJFINANCE,29-Apr-2021,4700,PE,271,361.05,249.45,263.85,263.85,405,5066.94,79000,-11250,19-APR-2021,
OPTSTK,BAJFINANCE,29-Apr-2021,4800,PE,300,445,298,344.4,344.4,124,1605.09,86000,-11000,19-APR-2021,
OPTSTK,BAJFINANCE,29-Apr-2021,4900,PE,509.6,516.1,417.85,430.5,430.5,39,524.21,58250,-2250,19-APR-2021,
OPTSTK,BAJFINANCE,29-Apr-2021,5000,PE,767.65,767.7,501.95,547.1,547.7,49,685.9,102750,-7250,19-APR-2021,
OPTSTK,BAJFINANCE,29-Apr-2021,5100,PE,684.9,692.05,630.05,687,637,6,86.55,41500,-1000,19-APR-2021,
OPTSTK,BAJFINANCE,29-Apr-2021,5200,PE,802.75,802.75,790,790,729.45,4,59.93,50000,-750,19-APR-2021,
OPTSTK,BAJFINANCE,29-Apr-2021,5300,PE,880.2,885.2,810,810,810,12,184.39,38750,-500,19-APR-2021,
OPTSTK,BAJFINANCE,29-Apr-2021,5400,PE,976.3,991.75,922.9,922.9,920.85,5,79.43,12250,-750,19-APR-2021,
OPTSTK,BAJFINANCE,29-Apr-2021,5500,PE,0,0,0,850,1018.55,0,0,11500,0,19-APR-2021,
OPTSTK,BAJFINANCE,29-Apr-2021,5600,PE,0,0,0,951,1117.05,0,0,6500,0,19-APR-2021,
OPTSTK,BAJFINANCE,29-Apr-2021,5700,PE,0,0,0,810.75,1216.1,0,0,10000,0,19-APR-2021,
OPTSTK,BAJFINANCE,29-Apr-2021,5800,PE,0,0,0,656.4,1315.45,0,0,750,0,19-APR-2021,
OPTSTK,BAJFINANCE,29-Apr-2021,5900,PE,0,0,0,1303.4,1415.05,0,0,0,0,19-APR-2021,
OPTSTK,BAJFINANCE,29-Apr-2021,6000,PE,1501.9,1501.9,1501.9,1501.9,1501.9,2,37.5,2000,-500,19-APR-2021,
OPTSTK,BAJFINANCE,29-Apr-2021,6100,PE,0,0,0,1461.55,1614.55,0,0,0,0,19-APR-2021,
OPTSTK,BAJFINANCE,29-Apr-2021,6200,PE,0,0,0,1542.75,1714.4,0,0,0,0,19-APR-2021,
OPTSTK,BAJFINANCE,29-Apr-2021,6300,PE,0,0,0,1625.05,1814.25,0,0,0,0,19-APR-2021,
OPTSTK,BAJFINANCE,29-Apr-2021,6400,PE,0,0,0,1708.75,1914.15,0,0,0,0,19-APR-2021,
OPTSTK,BAJFINANCE,29-Apr-2021,6500,PE,0,0,0,1793.55,2014,0,0,0,0,19-APR-2021,
OPTSTK,BAJFINANCE,29-Apr-2021,6600,PE,0,0,0,1879.5,2113.9,0,0,0,0,19-APR-2021,
OPTSTK,BAJFINANCE,29-Apr-2021,6700,PE,0,0,0,1966.4,2213.8,0,0,0,0,19-APR-2021,
OPTSTK,BAJFINANCE,29-Apr-2021,6800,PE,0,0,0,2054.25,2313.7,0,0,0,0,19-APR-2021,
OPTSTK,BAJFINANCE,29-Apr-2021,6900,PE,0,0,0,2142.95,2413.6,0,0,0,0,19-APR-2021,
OPTSTK,BAJFINANCE,27-May-2021,3400,CE,0,0,0,2190.6,1117.55,0,0,0,0,19-APR-2021,
OPTSTK,BAJFINANCE,27-May-2021,3500,CE,0,0,0,2099.25,1028.05,0,0,0,0,19-APR-2021,
OPTSTK,BAJFINANCE,27-May-2021,3600,CE,0,0,0,2009.35,941.4,0,0,0,0,19-APR-2021,
OPTSTK,BAJFINANCE,27-May-2021,3700,CE,0,0,0,1921,858,0,0,0,0,19-APR-2021,
OPTSTK,BAJFINANCE,27-May-2021,3800,CE,0,0,0,1834.4,778.2,0,0,0,0,19-APR-2021,
OPTSTK,BAJFINANCE,27-May-2021,3900,CE,0,0,0,1749.6,702.6,0,0,0,0,19-APR-2021,
OPTSTK,BAJFINANCE,27-May-2021,4000,CE,0,0,0,1666.8,631.05,0,0,0,0,19-APR-2021,
OPTSTK,BAJFINANCE,27-May-2021,4100,CE,0,0,0,1586.05,563.9,0,0,0,0,19-APR-2021,
OPTSTK,BAJFINANCE,27-May-2021,4200,CE,0,0,0,1507.5,501.6,0,0,0,0,19-APR-2021,
OPTSTK,BAJFINANCE,27-May-2021,4300,CE,0,0,0,1431.2,444.05,0,0,0,0,19-APR-2021,
OPTSTK,BAJFINANCE,27-May-2021,4400,CE,0,0,0,1357.45,391.25,0,0,0,0,19-APR-2021,
OPTSTK,BAJFINANCE,27-May-2021,4500,CE,200,265.4,200,256.6,256.6,7,83.09,1500,1500,19-APR-2021,
OPTSTK,BAJFINANCE,27-May-2021,4600,CE,223,223,223,223,223,1,12.05,500,250,19-APR-2021,
OPTSTK,BAJFINANCE,27-May-2021,4700,CE,170,180.1,162.1,172.25,172.25,14,170.45,4500,750,19-APR-2021,
OPTSTK,BAJFINANCE,27-May-2021,4800,CE,128.9,144.4,108.85,140.75,140.75,90,1108.05,15000,3750,19-APR-2021,
OPTSTK,BAJFINANCE,27-May-2021,4900,CE,0,0,0,1024.35,194,0,0,0,0,19-APR-2021,
OPTSTK,BAJFINANCE,27-May-2021,5000,CE,96.45,96.9,70,90.45,90.45,334,4243.56,62750,14250,19-APR-2021,
OPTSTK,BAJFINANCE,27-May-2021,5100,CE,70,71.25,58,68.9,142.55,27,348.63,4000,1750,19-APR-2021,
OPTSTK,BAJFINANCE,27-May-2021,5200,CE,80.1,80.1,60.55,70.35,70.35,2,26.35,500,250,19-APR-2021,
OPTSTK,BAJFINANCE,27-May-2021,5300,CE,69.75,69.75,45.6,49.1,102.95,3,40.16,750,500,19-APR-2021,
OPTSTK,BAJFINANCE,27-May-2021,5400,CE,0,0,0,754.65,87.05,0,0,0,0,19-APR-2021,
OPTSTK,BAJFINANCE,27-May-2021,5500,CE,38,38,23.05,28.95,28.95,185,2555.63,51250,15000,19-APR-2021,
OPTSTK,BAJFINANCE,27-May-2021,5600,CE,0,0,0,55.2,61.6,0,0,2250,0,19-APR-2021,
OPTSTK,BAJFINANCE,27-May-2021,5700,CE,0,0,0,621.85,51.55,0,0,0,0,19-APR-2021,
OPTSTK,BAJFINANCE,27-May-2021,5800,CE,0,0,0,582.1,43.05,0,0,0,0,19-APR-2021,
OPTSTK,BAJFINANCE,27-May-2021,5900,CE,0,0,0,544.45,35.8,0,0,0,0,19-APR-2021,
OPTSTK,BAJFINANCE,27-May-2021,6000,CE,8.75,11,7.3,11,11,32,480.7,20250,2500,19-APR-2021,
OPTSTK,BAJFINANCE,27-May-2021,6100,CE,0,0,0,475.35,24.6,0,0,0,0,19-APR-2021,
OPTSTK,BAJFINANCE,27-May-2021,6200,CE,0,0,0,443.75,20.3,0,0,0,0,19-APR-2021,
OPTSTK,BAJFINANCE,27-May-2021,6300,CE,0,0,0,52,16.75,0,0,250,0,19-APR-2021,
OPTSTK,BAJFINANCE,27-May-2021,6400,CE,0,0,0,385.95,13.75,0,0,0,0,19-APR-2021,
OPTSTK,BAJFINANCE,27-May-2021,6500,CE,0,0,0,359.6,11.25,0,0,0,0,19-APR-2021,
OPTSTK,BAJFINANCE,27-May-2021,6600,CE,0,0,0,335.2,9.2,0,0,0,0,19-APR-2021,
OPTSTK,BAJFINANCE,27-May-2021,6700,CE,0,0,0,312.1,7.55,0,0,0,0,19-APR-2021,
OPTSTK,BAJFINANCE,27-May-2021,6800,CE,0,0,0,290.4,6.15,0,0,0,0,19-APR-2021,
OPTSTK,BAJFINANCE,27-May-2021,6900,CE,0,0,0,6,5,0,0,500,0,19-APR-2021,
OPTSTK,BAJFINANCE,27-May-2021,3400,PE,0,0,0,29,24.75,0,0,0,0,19-APR-2021,
OPTSTK,BAJFINANCE,27-May-2021,3500,PE,20.5,24,16,17.1,17.1,57,501.47,34750,250,19-APR-2021,
OPTSTK,BAJFINANCE,27-May-2021,3600,PE,40.3,40.3,40.3,40.3,47.8,1,9.1,500,250,19-APR-2021,
OPTSTK,BAJFINANCE,27-May-2021,3700,PE,0,0,0,56.6,64,0,0,0,0,19-APR-2021,
OPTSTK,BAJFINANCE,27-May-2021,3800,PE,0,0,0,69.05,83.85,0,0,0,0,19-APR-2021,
OPTSTK,BAJFINANCE,27-May-2021,3900,PE,0,0,0,83.35,107.85,0,0,0,0,19-APR-2021,
OPTSTK,BAJFINANCE,27-May-2021,4000,PE,75,99,73,74.5,74.5,526,5372.51,66250,32000,19-APR-2021,
OPTSTK,BAJFINANCE,27-May-2021,4100,PE,100,128,95.15,96.6,96.6,96,1010.75,33750,8750,19-APR-2021,
OPTSTK,BAJFINANCE,27-May-2021,4200,PE,150,152,135,140,205.7,14,151.98,6750,250,19-APR-2021,
OPTSTK,BAJFINANCE,27-May-2021,4300,PE,0,0,0,161.25,247.75,0,0,0,0,19-APR-2021,
OPTSTK,BAJFINANCE,27-May-2021,4400,PE,215,240,195,200.1,200.1,39,450.59,10500,4500,19-APR-2021,
OPTSTK,BAJFINANCE,27-May-2021,4500,PE,262.05,310,239.6,246.7,246.7,117,1396.55,156500,-5500,19-APR-2021,
OPTSTK,BAJFINANCE,27-May-2021,4600,PE,247.25,329.95,247.25,289.1,289.1,3,36.56,12750,250,19-APR-2021,
OPTSTK,BAJFINANCE,27-May-2021,4700,PE,472.65,472.65,347.85,362.05,462.4,4,51.08,2750,250,19-APR-2021,
OPTSTK,BAJFINANCE,27-May-2021,4800,PE,0,0,0,311.2,526.95,0,0,0,0,19-APR-2021,
OPTSTK,BAJFINANCE,27-May-2021,4900,PE,0,0,0,200,595.35,0,0,250,0,19-APR-2021,
OPTSTK,BAJFINANCE,27-May-2021,5000,PE,607.75,607.75,607.65,607.65,667.45,2,28.03,18750,0,19-APR-2021,
OPTSTK,BAJFINANCE,27-May-2021,5100,PE,0,0,0,400,743.1,0,0,1500,0,19-APR-2021,
OPTSTK,BAJFINANCE,27-May-2021,5200,PE,0,0,0,440.8,821.65,0,0,250,0,19-APR-2021,
OPTSTK,BAJFINANCE,27-May-2021,5300,PE,0,0,0,524.4,902.75,0,0,0,0,19-APR-2021,
OPTSTK,BAJFINANCE,27-May-2021,5400,PE,0,0,0,574.45,986.45,0,0,0,0,19-APR-2021,
OPTSTK,BAJFINANCE,27-May-2021,5500,PE,0,0,0,626.95,1072.35,0,0,0,0,19-APR-2021,
OPTSTK,BAJFINANCE,27-May-2021,5600,PE,0,0,0,681.75,1160.25,0,0,0,0,19-APR-2021,
OPTSTK,BAJFINANCE,27-May-2021,5700,PE,0,0,0,738.85,1249.8,0,0,0,0,19-APR-2021,
OPTSTK,BAJFINANCE,27-May-2021,5800,PE,0,0,0,798.15,1340.9,0,0,0,0,19-APR-2021,
OPTSTK,BAJFINANCE,27-May-2021,5900,PE,0,0,0,859.6,1433.3,0,0,0,0,19-APR-2021,
OPTSTK,BAJFINANCE,27-May-2021,6000,PE,0,0,0,923.15,1526.8,0,0,0,0,19-APR-2021,
OPTSTK,BAJFINANCE,27-May-2021,6100,PE,0,0,0,988.65,1621.3,0,0,0,0,19-APR-2021,
OPTSTK,BAJFINANCE,27-May-2021,6200,PE,0,0,0,1056.1,1716.6,0,0,0,0,19-APR-2021,
OPTSTK,BAJFINANCE,27-May-2021,6300,PE,0,0,0,1125.4,1812.65,0,0,0,0,19-APR-2021,
OPTSTK,BAJFINANCE,27-May-2021,6400,PE,0,0,0,1196.45,1909.25,0,0,0,0,19-APR-2021,
OPTSTK,BAJFINANCE,27-May-2021,6500,PE,0,0,0,1269.2,2006.4,0,0,0,0,19-APR-2021,
OPTSTK,BAJFINANCE,27-May-2021,6600,PE,0,0,0,1343.85,2103.95,0,0,0,0,19-APR-2021,
OPTSTK,BAJFINANCE,27-May-2021,6700,PE,0,0,0,1419.8,2201.85,0,0,0,0,19-APR-2021,
OPTSTK,BAJFINANCE,27-May-2021,6800,PE,0,0,0,1497.15,2300.1,0,0,0,0,19-APR-2021,
OPTSTK,BAJFINANCE,27-May-2021,6900,PE,0,0,0,1575.95,2398.55,0,0,0,0,19-APR-2021,
OPTSTK,BAJFINANCE,24-Jun-2021,3400,CE,0,0,0,1798.2,1168.85,0,0,0,0,19-APR-2021,
OPTSTK,BAJFINANCE,24-Jun-2021,3500,CE,0,0,0,1710.35,1087.15,0,0,0,0,19-APR-2021,
OPTSTK,BAJFINANCE,24-Jun-2021,3600,CE,0,0,0,1624.45,1008.5,0,0,0,0,19-APR-2021,
OPTSTK,BAJFINANCE,24-Jun-2021,3700,CE,0,0,0,1540.6,933.2,0,0,0,0,19-APR-2021,
OPTSTK,BAJFINANCE,24-Jun-2021,3800,CE,0,0,0,1459,861.1,0,0,0,0,19-APR-2021,
OPTSTK,BAJFINANCE,24-Jun-2021,3900,CE,0,0,0,1379.75,792.55,0,0,0,0,19-APR-2021,
OPTSTK,BAJFINANCE,24-Jun-2021,4000,CE,0,0,0,1302.95,727.45,0,0,0,0,19-APR-2021,
OPTSTK,BAJFINANCE,24-Jun-2021,4100,CE,0,0,0,1228.9,666.25,0,0,0,0,19-APR-2021,
OPTSTK,BAJFINANCE,24-Jun-2021,4200,CE,0,0,0,1157.25,608.7,0,0,0,0,19-APR-2021,
OPTSTK,BAJFINANCE,24-Jun-2021,4300,CE,0,0,0,1088.35,554.85,0,0,0,0,19-APR-2021,
OPTSTK,BAJFINANCE,24-Jun-2021,4400,CE,0,0,0,1022.2,504.6,0,0,0,0,19-APR-2021,
OPTSTK,BAJFINANCE,24-Jun-2021,4500,CE,0,0,0,958.7,457.85,0,0,0,0,19-APR-2021,
OPTSTK,BAJFINANCE,24-Jun-2021,4600,CE,0,0,0,898.2,414.6,0,0,0,0,19-APR-2021,
OPTSTK,BAJFINANCE,24-Jun-2021,4700,CE,0,0,0,840.55,374.6,0,0,0,0,19-APR-2021,
OPTSTK,BAJFINANCE,24-Jun-2021,4800,CE,0,0,0,785.65,337.85,0,0,0,0,19-APR-2021,
OPTSTK,BAJFINANCE,24-Jun-2021,4900,CE,0,0,0,733.5,304.05,0,0,0,0,19-APR-2021,
OPTSTK,BAJFINANCE,24-Jun-2021,5000,CE,0,0,0,684.05,273.2,0,0,0,0,19-APR-2021,
OPTSTK,BAJFINANCE,24-Jun-2021,5100,CE,0,0,0,637.25,245,0,0,0,0,19-APR-2021,
OPTSTK,BAJFINANCE,24-Jun-2021,5200,CE,0,0,0,593.05,219.55,0,0,0,0,19-APR-2021,
OPTSTK,BAJFINANCE,24-Jun-2021,5300,CE,0,0,0,551.35,196.35,0,0,0,0,19-APR-2021,
OPTSTK,BAJFINANCE,24-Jun-2021,5400,CE,0,0,0,512.15,175.3,0,0,0,0,19-APR-2021,
OPTSTK,BAJFINANCE,24-Jun-2021,5500,CE,0,0,0,475.25,156.35,0,0,0,0,19-APR-2021,
OPTSTK,BAJFINANCE,24-Jun-2021,5600,CE,0,0,0,440.6,139,0,0,0,0,19-APR-2021,
OPTSTK,BAJFINANCE,24-Jun-2021,5700,CE,0,0,0,408.2,123.55,0,0,0,0,19-APR-2021,
OPTSTK,BAJFINANCE,24-Jun-2021,5800,CE,0,0,0,377.8,109.7,0,0,0,0,19-APR-2021,
OPTSTK,BAJFINANCE,24-Jun-2021,5900,CE,0,0,0,349.45,97.25,0,0,0,0,19-APR-2021,
OPTSTK,BAJFINANCE,24-Jun-2021,6000,CE,0,0,0,322.95,86.1,0,0,0,0,19-APR-2021,
OPTSTK,BAJFINANCE,24-Jun-2021,6100,CE,0,0,0,298.5,76.2,0,0,0,0,19-APR-2021,
OPTSTK,BAJFINANCE,24-Jun-2021,6200,CE,0,0,0,275.6,67.3,0,0,0,0,19-APR-2021,
OPTSTK,BAJFINANCE,24-Jun-2021,6300,CE,0,0,0,254.25,59.4,0,0,0,0,19-APR-2021,
OPTSTK,BAJFINANCE,24-Jun-2021,6400,CE,0,0,0,234.4,52.4,0,0,0,0,19-APR-2021,
OPTSTK,BAJFINANCE,24-Jun-2021,6500,CE,0,0,0,216.05,46.15,0,0,0,0,19-APR-2021,
OPTSTK,BAJFINANCE,24-Jun-2021,6600,CE,0,0,0,198.75,40.65,0,0,0,0,19-APR-2021,
OPTSTK,BAJFINANCE,24-Jun-2021,6700,CE,0,0,0,182.9,35.75,0,0,0,0,19-APR-2021,
OPTSTK,BAJFINANCE,24-Jun-2021,6800,CE,0,0,0,168.25,31.4,0,0,0,0,19-APR-2021,
OPTSTK,BAJFINANCE,24-Jun-2021,6900,CE,0,0,0,154.65,27.6,0,0,0,0,19-APR-2021,
OPTSTK,BAJFINANCE,24-Jun-2021,3400,PE,0,0,0,44.35,66.35,0,0,0,0,19-APR-2021,
OPTSTK,BAJFINANCE,24-Jun-2021,3500,PE,0,0,0,55.55,83.95,0,0,0,0,19-APR-2021,
OPTSTK,BAJFINANCE,24-Jun-2021,3600,PE,0,0,0,68.75,104.6,0,0,0,0,19-APR-2021,
OPTSTK,BAJFINANCE,24-Jun-2021,3700,PE,0,0,0,83.95,128.65,0,0,0,0,19-APR-2021,
OPTSTK,BAJFINANCE,24-Jun-2021,3800,PE,0,0,0,101.45,155.9,0,0,0,0,19-APR-2021,
OPTSTK,BAJFINANCE,24-Jun-2021,3900,PE,0,0,0,121.25,186.65,0,0,0,0,19-APR-2021,
OPTSTK,BAJFINANCE,24-Jun-2021,4000,PE,100,135,100,113.4,113.4,40,412.35,13250,5500,19-APR-2021,
OPTSTK,BAJFINANCE,24-Jun-2021,4100,PE,0,0,0,168.55,259,0,0,0,0,19-APR-2021,
OPTSTK,BAJFINANCE,24-Jun-2021,4200,PE,0,0,0,196,300.8,0,0,0,0,19-APR-2021,
OPTSTK,BAJFINANCE,24-Jun-2021,4300,PE,0,0,0,226.15,346.25,0,0,0,0,19-APR-2021,
OPTSTK,BAJFINANCE,24-Jun-2021,4400,PE,0,0,0,259.05,395.3,0,0,0,0,19-APR-2021,
OPTSTK,BAJFINANCE,24-Jun-2021,4500,PE,0,0,0,299.95,447.9,0,0,250,0,19-APR-2021,
OPTSTK,BAJFINANCE,24-Jun-2021,4600,PE,0,0,0,333.2,503.95,0,0,0,0,19-APR-2021,
OPTSTK,BAJFINANCE,24-Jun-2021,4700,PE,0,0,0,374.6,563.3,0,0,0,0,19-APR-2021,
OPTSTK,BAJFINANCE,24-Jun-2021,4800,PE,0,0,0,418.75,625.85,0,0,0,0,19-APR-2021,
OPTSTK,BAJFINANCE,24-Jun-2021,4900,PE,0,0,0,465.7,691.4,0,0,0,0,19-APR-2021,
OPTSTK,BAJFINANCE,24-Jun-2021,5000,PE,0,0,0,515.3,759.85,0,0,0,0,19-APR-2021,
OPTSTK,BAJFINANCE,24-Jun-2021,5100,PE,0,0,0,567.6,831,0,0,0,0,19-APR-2021,
OPTSTK,BAJFINANCE,24-Jun-2021,5200,PE,0,0,0,622.45,904.9,0,0,0,0,19-APR-2021,
OPTSTK,BAJFINANCE,24-Jun-2021,5300,PE,0,0,0,679.85,981,0,0,0,0,19-APR-2021,
OPTSTK,BAJFINANCE,24-Jun-2021,5400,PE,0,0,0,739.65,1059.3,0,0,0,0,19-APR-2021,
OPTSTK,BAJFINANCE,24-Jun-2021,5500,PE,0,0,0,801.85,1139.6,0,0,0,0,19-APR-2021,
OPTSTK,BAJFINANCE,24-Jun-2021,5600,PE,0,0,0,866.3,1221.6,0,0,0,0,19-APR-2021,
OPTSTK,BAJFINANCE,24-Jun-2021,5700,PE,0,0,0,932.95,1305.5,0,0,0,0,19-APR-2021,
OPTSTK,BAJFINANCE,24-Jun-2021,5800,PE,0,0,0,1001.65,1390.95,0,0,0,0,19-APR-2021,
OPTSTK,BAJFINANCE,24-Jun-2021,5900,PE,0,0,0,1072.35,1477.8,0,0,0,0,19-APR-2021,
OPTSTK,BAJFINANCE,24-Jun-2021,6000,PE,0,0,0,1144.9,1566,0,0,0,0,19-APR-2021,
OPTSTK,BAJFINANCE,24-Jun-2021,6100,PE,0,0,0,1219.55,1655.4,0,0,0,0,19-APR-2021,
OPTSTK,BAJFINANCE,24-Jun-2021,6200,PE,0,0,0,1295.7,1745.85,0,0,0,0,19-APR-2021,
OPTSTK,BAJFINANCE,24-Jun-2021,6300,PE,0,0,0,1373.4,1837.3,0,0,0,0,19-APR-2021,
OPTSTK,BAJFINANCE,24-Jun-2021,6400,PE,0,0,0,1452.65,1929.6,0,0,0,0,19-APR-2021,
OPTSTK,BAJFINANCE,24-Jun-2021,6500,PE,0,0,0,1533.35,2022.7,0,0,0,0,19-APR-2021,
OPTSTK,BAJFINANCE,24-Jun-2021,6600,PE,0,0,0,1615.15,2116.5,0,0,0,0,19-APR-2021,
OPTSTK,BAJFINANCE,24-Jun-2021,6700,PE,0,0,0,1698.35,2210.9,0,0,0,0,19-APR-2021,
OPTSTK,BAJFINANCE,24-Jun-2021,6800,PE,0,0,0,1782.75,2305.9,0,0,0,0,19-APR-2021,
OPTSTK,BAJFINANCE,24-Jun-2021,6900,PE,0,0,0,1868.25,2401.4,0,0,0,0,19-APR-2021,
OPTSTK,BALKRISIND,29-Apr-2021,1040,CE,0,0,0,604,643.7,0,0,0,0,19-APR-2021,
OPTSTK,BALKRISIND,29-Apr-2021,1060,CE,0,0,0,618.05,623.7,0,0,0,0,19-APR-2021,
OPTSTK,BALKRISIND,29-Apr-2021,1080,CE,0,0,0,599.15,603.75,0,0,0,0,19-APR-2021,
OPTSTK,BALKRISIND,29-Apr-2021,1100,CE,0,0,0,580.35,583.75,0,0,0,0,19-APR-2021,
OPTSTK,BALKRISIND,29-Apr-2021,1120,CE,0,0,0,561.75,563.8,0,0,0,0,19-APR-2021,
OPTSTK,BALKRISIND,29-Apr-2021,1140,CE,0,0,0,543.3,543.8,0,0,0,0,19-APR-2021,
OPTSTK,BALKRISIND,29-Apr-2021,1160,CE,0,0,0,525.1,523.8,0,0,0,0,19-APR-2021,
OPTSTK,BALKRISIND,29-Apr-2021,1180,CE,0,0,0,507.05,503.85,0,0,0,0,19-APR-2021,
OPTSTK,BALKRISIND,29-Apr-2021,1200,CE,0,0,0,489.3,483.85,0,0,0,0,19-APR-2021,
OPTSTK,BALKRISIND,29-Apr-2021,1220,CE,0,0,0,471.75,463.9,0,0,0,0,19-APR-2021,
OPTSTK,BALKRISIND,29-Apr-2021,1240,CE,0,0,0,454.45,443.9,0,0,0,0,19-APR-2021,
OPTSTK,BALKRISIND,29-Apr-2021,1260,CE,0,0,0,437.45,423.95,0,0,0,0,19-APR-2021,
OPTSTK,BALKRISIND,29-Apr-2021,1280,CE,0,0,0,420.75,403.95,0,0,0,0,19-APR-2021,
OPTSTK,BALKRISIND,29-Apr-2021,1300,CE,0,0,0,404.4,384,0,0,0,0,19-APR-2021,
OPTSTK,BALKRISIND,29-Apr-2021,1320,CE,0,0,0,388.3,364,0,0,0,0,19-APR-2021,
OPTSTK,BALKRISIND,29-Apr-2021,1340,CE,0,0,0,372.6,344.1,0,0,0,0,19-APR-2021,
OPTSTK,BALKRISIND,29-Apr-2021,1360,CE,0,0,0,357.2,324.15,0,0,0,0,19-APR-2021,
OPTSTK,BALKRISIND,29-Apr-2021,1380,CE,0,0,0,342.15,304.3,0,0,0,0,19-APR-2021,
OPTSTK,BALKRISIND,29-Apr-2021,1400,CE,0,0,0,327.55,284.5,0,0,0,0,19-APR-2021,
OPTSTK,BALKRISIND,29-Apr-2021,1420,CE,0,0,0,313.25,264.8,0,0,0,0,19-APR-2021,
OPTSTK,BALKRISIND,29-Apr-2021,1440,CE,0,0,0,299.35,245.3,0,0,0,0,19-APR-2021,
OPTSTK,BALKRISIND,29-Apr-2021,1460,CE,0,0,0,285.85,226,0,0,0,0,19-APR-2021,
OPTSTK,BALKRISIND,29-Apr-2021,1480,CE,0,0,0,272.65,207,0,0,0,0,19-APR-2021,
OPTSTK,BALKRISIND,29-Apr-2021,1500,CE,0,0,0,259.95,188.4,0,0,0,0,19-APR-2021,
OPTSTK,BALKRISIND,29-Apr-2021,1520,CE,0,0,0,247.65,170.25,0,0,0,0,19-APR-2021,
OPTSTK,BALKRISIND,29-Apr-2021,1540,CE,0,0,0,235.8,152.75,0,0,0,0,19-APR-2021,
OPTSTK,BALKRISIND,29-Apr-2021,1560,CE,0,0,0,224.3,135.95,0,0,0,0,19-APR-2021,
OPTSTK,BALKRISIND,29-Apr-2021,1580,CE,0,0,0,213.2,120,0,0,0,0,19-APR-2021,
OPTSTK,BALKRISIND,29-Apr-2021,1600,CE,0,0,0,103.25,105.05,0,0,6000,0,19-APR-2021,
OPTSTK,BALKRISIND,29-Apr-2021,1620,CE,0,0,0,192.25,91,0,0,0,0,19-APR-2021,
OPTSTK,BALKRISIND,29-Apr-2021,1640,CE,58,58,58,58,78.15,1,6.79,12000,-400,19-APR-2021,
OPTSTK,BALKRISIND,29-Apr-2021,1660,CE,44,55,44,54.95,54.95,6,41.05,10000,-800,19-APR-2021,
OPTSTK,BALKRISIND,29-Apr-2021,1680,CE,24.65,47.95,24.55,44.7,44.7,24,164.91,13200,800,19-APR-2021,
OPTSTK,BALKRISIND,29-Apr-2021,1700,CE,26.9,36,18.4,32.95,32.95,307,2120.96,110800,-7600,19-APR-2021,
OPTSTK,BALKRISIND,29-Apr-2021,1720,CE,15,26.1,15,24.05,24.05,19,132.23,12800,-2400,19-APR-2021,
OPTSTK,BALKRISIND,29-Apr-2021,1740,CE,11.3,20,11.3,19.25,19.25,18,126.37,18400,-2400,19-APR-2021,
OPTSTK,BALKRISIND,29-Apr-2021,1760,CE,0,0,0,130.95,25.25,0,0,0,0,19-APR-2021,
OPTSTK,BALKRISIND,29-Apr-2021,1780,CE,0,0,0,123.65,20.25,0,0,0,0,19-APR-2021,
OPTSTK,BALKRISIND,29-Apr-2021,1800,CE,9,9.1,5.1,8.8,8.8,50,361.31,62000,-2400,19-APR-2021,
OPTSTK,BALKRISIND,29-Apr-2021,1820,CE,0,0,0,110,12.45,0,0,0,0,19-APR-2021,
OPTSTK,BALKRISIND,29-Apr-2021,1840,CE,0,0,0,103.7,9.65,0,0,0,0,19-APR-2021,
OPTSTK,BALKRISIND,29-Apr-2021,1860,CE,0,0,0,97.7,7.4,0,0,0,0,19-APR-2021,
OPTSTK,BALKRISIND,29-Apr-2021,1880,CE,0,0,0,91.95,5.6,0,0,0,0,19-APR-2021,
OPTSTK,BALKRISIND,29-Apr-2021,1900,CE,1.8,1.8,1.8,1.8,4.2,2,15.21,32000,0,19-APR-2021,
OPTSTK,BALKRISIND,29-Apr-2021,1920,CE,0,0,0,81.45,3.1,0,0,0,0,19-APR-2021,
OPTSTK,BALKRISIND,29-Apr-2021,1940,CE,0,0,0,76.55,2.3,0,0,0,0,19-APR-2021,
OPTSTK,BALKRISIND,29-Apr-2021,1960,CE,0,0,0,71.95,1.65,0,0,0,0,19-APR-2021,
OPTSTK,BALKRISIND,29-Apr-2021,1980,CE,0,0,0,67.6,1.2,0,0,0,0,19-APR-2021,
OPTSTK,BALKRISIND,29-Apr-2021,2000,CE,0,0,0,4.25,0.85,0,0,3200,0,19-APR-2021,
OPTSTK,BALKRISIND,29-Apr-2021,2020,CE,0,0,0,7.05,0.6,0,0,800,0,19-APR-2021,
OPTSTK,BALKRISIND,29-Apr-2021,2040,CE,0,0,0,6.45,0.45,0,0,800,0,19-APR-2021,
OPTSTK,BALKRISIND,29-Apr-2021,2060,CE,0,0,0,5.95,0.3,0,0,1200,0,19-APR-2021,
OPTSTK,BALKRISIND,29-Apr-2021,2080,CE,0,0,0,49,0.2,0,0,0,0,19-APR-2021,
OPTSTK,BALKRISIND,29-Apr-2021,2100,CE,0,0,0,45.9,0.15,0,0,0,0,19-APR-2021,
OPTSTK,BALKRISIND,29-Apr-2021,2120,CE,0,0,0,42.95,0.1,0,0,0,0,19-APR-2021,
OPTSTK,BALKRISIND,29-Apr-2021,2140,CE,0,0,0,40.2,0.1,0,0,0,0,19-APR-2021,
OPTSTK,BALKRISIND,29-Apr-2021,2160,CE,0,0,0,37.6,0.05,0,0,0,0,19-APR-2021,
OPTSTK,BALKRISIND,29-Apr-2021,2180,CE,0,0,0,35.15,0.05,0,0,0,0,19-APR-2021,
OPTSTK,BALKRISIND,29-Apr-2021,1040,PE,0,0,0,3.25,0,0,0,0,0,19-APR-2021,
OPTSTK,BALKRISIND,29-Apr-2021,1060,PE,0,0,0,4,0,0,0,0,0,19-APR-2021,
OPTSTK,BALKRISIND,29-Apr-2021,1080,PE,0,0,0,4.9,0,0,0,0,0,19-APR-2021,
OPTSTK,BALKRISIND,29-Apr-2021,1100,PE,0,0,0,5.95,0,0,0,0,0,19-APR-2021,
OPTSTK,BALKRISIND,29-Apr-2021,1120,PE,0,0,0,7.15,0,0,0,0,0,19-APR-2021,
OPTSTK,BALKRISIND,29-Apr-2021,1140,PE,0,0,0,8.5,0,0,0,0,0,19-APR-2021,
OPTSTK,BALKRISIND,29-Apr-2021,1160,PE,0,0,0,10.1,0,0,0,0,0,19-APR-2021,
OPTSTK,BALKRISIND,29-Apr-2021,1180,PE,0,0,0,11.9,0,0,0,0,0,19-APR-2021,
OPTSTK,BALKRISIND,29-Apr-2021,1200,PE,0,0,0,13.9,0,0,0,0,0,19-APR-2021,
OPTSTK,BALKRISIND,29-Apr-2021,1220,PE,0,0,0,16.2,0,0,0,0,0,19-APR-2021,
OPTSTK,BALKRISIND,29-Apr-2021,1240,PE,0,0,0,18.75,0,0,0,0,0,19-APR-2021,
OPTSTK,BALKRISIND,29-Apr-2021,1260,PE,0,0,0,21.55,0,0,0,0,0,19-APR-2021,
OPTSTK,BALKRISIND,29-Apr-2021,1280,PE,0,0,0,24.65,0.05,0,0,0,0,19-APR-2021,
OPTSTK,BALKRISIND,29-Apr-2021,1300,PE,0,0,0,1.05,0.05,0,0,400,0,19-APR-2021,
OPTSTK,BALKRISIND,29-Apr-2021,1320,PE,0,0,0,31.85,0.05,0,0,0,0,19-APR-2021,
OPTSTK,BALKRISIND,29-Apr-2021,1340,PE,0,0,0,35.9,0.1,0,0,0,0,19-APR-2021,
OPTSTK,BALKRISIND,29-Apr-2021,1360,PE,0,0,0,40.35,0.15,0,0,0,0,19-APR-2021,
OPTSTK,BALKRISIND,29-Apr-2021,1380,PE,0,0,0,45.15,0.3,0,0,0,0,19-APR-2021,
OPTSTK,BALKRISIND,29-Apr-2021,1400,PE,2,2,2,2,0.45,2,11.21,15600,-400,19-APR-2021,
OPTSTK,BALKRISIND,29-Apr-2021,1420,PE,0,0,0,55.85,0.75,0,0,0,0,19-APR-2021,
OPTSTK,BALKRISIND,29-Apr-2021,1440,PE,0,0,0,3.1,1.2,0,0,1200,0,19-APR-2021,
OPTSTK,BALKRISIND,29-Apr-2021,1460,PE,5,9,5,9,1.9,2,11.73,400,0,19-APR-2021,
OPTSTK,BALKRISIND,29-Apr-2021,1480,PE,0,0,0,74.7,2.85,0,0,0,0,19-APR-2021,
OPTSTK,BALKRISIND,29-Apr-2021,1500,PE,6,6.55,3,3.05,3.05,17,102.29,52800,-400,19-APR-2021,
OPTSTK,BALKRISIND,29-Apr-2021,1520,PE,4,4,4,4,6.1,1,6.09,0,-400,19-APR-2021,
OPTSTK,BALKRISIND,29-Apr-2021,1540,PE,12.05,12.05,12.05,12.05,8.6,1,6.2,800,400,19-APR-2021,
OPTSTK,BALKRISIND,29-Apr-2021,1560,PE,15,15,8.55,9.4,11.75,20,125.64,8400,5600,19-APR-2021,
OPTSTK,BALKRISIND,29-Apr-2021,1580,PE,18.25,18.25,9.35,9.35,9.35,3,19.14,13200,-400,19-APR-2021,
OPTSTK,BALKRISIND,29-Apr-2021,1600,PE,20,25.1,10.9,11.6,11.6,778,5040.7,78800,1600,19-APR-2021,
OPTSTK,BALKRISIND,29-Apr-2021,1620,PE,18.8,18.8,16.7,16.7,26.75,5,32.75,10000,0,19-APR-2021,
OPTSTK,BALKRISIND,29-Apr-2021,1640,PE,34,36.45,21,21,21,8,53.42,8000,-1200,19-APR-2021,
OPTSTK,BALKRISIND,29-Apr-2021,1660,PE,48.95,50,25.3,25.3,25.3,21,142.71,15600,1200,19-APR-2021,
OPTSTK,BALKRISIND,29-Apr-2021,1680,PE,38.1,38.1,35.45,35.6,35.6,6,41.2,4000,1200,19-APR-2021,
OPTSTK,BALKRISIND,29-Apr-2021,1700,PE,48.25,48.25,48.25,48.25,62.25,1,6.99,4400,0,19-APR-2021,
OPTSTK,BALKRISIND,29-Apr-2021,1720,PE,0,0,0,186.45,74.05,0,0,0,0,19-APR-2021,
OPTSTK,BALKRISIND,29-Apr-2021,1740,PE,100,100,100,100,86.95,1,7.36,800,400,19-APR-2021,
OPTSTK,BALKRISIND,29-Apr-2021,1760,PE,0,0,0,210.4,100.85,0,0,0,0,19-APR-2021,
OPTSTK,BALKRISIND,29-Apr-2021,1780,PE,0,0,0,222.9,115.85,0,0,0,0,19-APR-2021,
OPTSTK,BALKRISIND,29-Apr-2021,1800,PE,0,0,0,235.75,131.5,0,0,0,0,19-APR-2021,
OPTSTK,BALKRISIND,29-Apr-2021,1820,PE,0,0,0,248.9,148,0,0,0,0,19-APR-2021,
OPTSTK,BALKRISIND,29-Apr-2021,1840,PE,0,0,0,262.4,165.15,0,0,0,0,19-APR-2021,
OPTSTK,BALKRISIND,29-Apr-2021,1860,PE,0,0,0,276.2,182.9,0,0,0,0,19-APR-2021,
OPTSTK,BALKRISIND,29-Apr-2021,1880,PE,0,0,0,290.3,201.1,0,0,0,0,19-APR-2021,
OPTSTK,BALKRISIND,29-Apr-2021,1900,PE,0,0,0,304.7,219.65,0,0,0,0,19-APR-2021,
OPTSTK,BALKRISIND,29-Apr-2021,1920,PE,0,0,0,319.45,238.55,0,0,0,0,19-APR-2021,
OPTSTK,BALKRISIND,29-Apr-2021,1940,PE,0,0,0,334.35,257.7,0,0,0,0,19-APR-2021,
OPTSTK,BALKRISIND,29-Apr-2021,1960,PE,0,0,0,349.55,277.05,0,0,0,0,19-APR-2021,
OPTSTK,BALKRISIND,29-Apr-2021,1980,PE,0,0,0,365,296.6,0,0,0,0,19-APR-2021,
OPTSTK,BALKRISIND,29-Apr-2021,2000,PE,0,0,0,380.7,316.25,0,0,0,0,19-APR-2021,
OPTSTK,BALKRISIND,29-Apr-2021,2020,PE,0,0,0,396.6,335.95,0,0,0,0,19-APR-2021,
OPTSTK,BALKRISIND,29-Apr-2021,2040,PE,0,0,0,412.7,355.75,0,0,0,0,19-APR-2021,
OPTSTK,BALKRISIND,29-Apr-2021,2060,PE,0,0,0,428.95,375.6,0,0,0,0,19-APR-2021,
OPTSTK,BALKRISIND,29-Apr-2021,2080,PE,0,0,0,445.5,395.5,0,0,0,0,19-APR-2021,
OPTSTK,BALKRISIND,29-Apr-2021,2100,PE,0,0,0,462.2,415.4,0,0,0,0,19-APR-2021,
OPTSTK,BALKRISIND,29-Apr-2021,2120,PE,0,0,0,479.1,435.35,0,0,0,0,19-APR-2021,
OPTSTK,BALKRISIND,29-Apr-2021,2140,PE,0,0,0,496.15,455.3,0,0,0,0,19-APR-2021,
OPTSTK,BALKRISIND,29-Apr-2021,2160,PE,0,0,0,513.35,475.25,0,0,0,0,19-APR-2021,
OPTSTK,BALKRISIND,29-Apr-2021,2180,PE,0,0,0,530.75,495.25,0,0,0,0,19-APR-2021,
OPTSTK,BALKRISIND,27-May-2021,1040,CE,0,0,0,556.25,646.8,0,0,0,0,19-APR-2021,
OPTSTK,BALKRISIND,27-May-2021,1060,CE,0,0,0,537.7,626.9,0,0,0,0,19-APR-2021,
OPTSTK,BALKRISIND,27-May-2021,1080,CE,0,0,0,519.35,607,0,0,0,0,19-APR-2021,
OPTSTK,BALKRISIND,27-May-2021,1100,CE,0,0,0,501.25,587.15,0,0,0,0,19-APR-2021,
OPTSTK,BALKRISIND,27-May-2021,1120,CE,0,0,0,483.35,567.3,0,0,0,0,19-APR-2021,
OPTSTK,BALKRISIND,27-May-2021,1140,CE,0,0,0,465.75,547.5,0,0,0,0,19-APR-2021,
OPTSTK,BALKRISIND,27-May-2021,1160,CE,0,0,0,448.35,527.75,0,0,0,0,19-APR-2021,
OPTSTK,BALKRISIND,27-May-2021,1180,CE,0,0,0,431.25,508.1,0,0,0,0,19-APR-2021,
OPTSTK,BALKRISIND,27-May-2021,1200,CE,0,0,0,414.5,488.45,0,0,0,0,19-APR-2021,
OPTSTK,BALKRISIND,27-May-2021,1220,CE,0,0,0,398,468.95,0,0,0,0,19-APR-2021,
OPTSTK,BALKRISIND,27-May-2021,1240,CE,0,0,0,381.9,449.55,0,0,0,0,19-APR-2021,
OPTSTK,BALKRISIND,27-May-2021,1260,CE,0,0,0,366.1,430.25,0,0,0,0,19-APR-2021,
OPTSTK,BALKRISIND,27-May-2021,1280,CE,0,0,0,350.65,411.15,0,0,0,0,19-APR-2021,
OPTSTK,BALKRISIND,27-May-2021,1300,CE,0,0,0,335.55,392.2,0,0,0,0,19-APR-2021,
OPTSTK,BALKRISIND,27-May-2021,1320,CE,0,0,0,320.9,373.5,0,0,0,0,19-APR-2021,
OPTSTK,BALKRISIND,27-May-2021,1340,CE,0,0,0,306.6,355.05,0,0,0,0,19-APR-2021,
OPTSTK,BALKRISIND,27-May-2021,1360,CE,0,0,0,292.7,336.85,0,0,0,0,19-APR-2021,
OPTSTK,BALKRISIND,27-May-2021,1380,CE,0,0,0,279.2,319,0,0,0,0,19-APR-2021,
OPTSTK,BALKRISIND,27-May-2021,1400,CE,0,0,0,266,301.5,0,0,0,0,19-APR-2021,
OPTSTK,BALKRISIND,27-May-2021,1420,CE,0,0,0,253.35,284.4,0,0,0,0,19-APR-2021,
OPTSTK,BALKRISIND,27-May-2021,1440,CE,0,0,0,241.05,267.7,0,0,0,0,19-APR-2021,
OPTSTK,BALKRISIND,27-May-2021,1460,CE,0,0,0,229.2,251.45,0,0,0,0,19-APR-2021,
OPTSTK,BALKRISIND,27-May-2021,1480,CE,0,0,0,217.8,235.65,0,0,0,0,19-APR-2021,
OPTSTK,BALKRISIND,27-May-2021,1500,CE,0,0,0,206.75,220.4,0,0,0,0,19-APR-2021,
OPTSTK,BALKRISIND,27-May-2021,1520,CE,0,0,0,196.15,205.75,0,0,0,0,19-APR-2021,
OPTSTK,BALKRISIND,27-May-2021,1540,CE,0,0,0,185.95,191.55,0,0,0,0,19-APR-2021,
OPTSTK,BALKRISIND,27-May-2021,1560,CE,0,0,0,176.15,177.9,0,0,0,0,19-APR-2021,
OPTSTK,BALKRISIND,27-May-2021,1580,CE,0,0,0,166.75,164.9,0,0,0,0,19-APR-2021,
OPTSTK,BALKRISIND,27-May-2021,1600,CE,0,0,0,157.75,152.5,0,0,0,0,19-APR-2021,
OPTSTK,BALKRISIND,27-May-2021,1620,CE,0,0,0,149.15,140.75,0,0,0,0,19-APR-2021,
OPTSTK,BALKRISIND,27-May-2021,1640,CE,0,0,0,140.9,129.6,0,0,0,0,19-APR-2021,
OPTSTK,BALKRISIND,27-May-2021,1660,CE,0,0,0,133,119.05,0,0,0,0,19-APR-2021,
OPTSTK,BALKRISIND,27-May-2021,1680,CE,0,0,0,125.5,109.15,0,0,0,0,19-APR-2021,
OPTSTK,BALKRISIND,27-May-2021,1700,CE,87,87,87,87,87,1,7.14,2000,400,19-APR-2021,
OPTSTK,BALKRISIND,27-May-2021,1720,CE,0,0,0,111.5,91.1,0,0,0,0,19-APR-2021,
OPTSTK,BALKRISIND,27-May-2021,1740,CE,0,0,0,70,82.95,0,0,400,0,19-APR-2021,
OPTSTK,BALKRISIND,27-May-2021,1760,CE,0,0,0,98.85,75.35,0,0,0,0,19-APR-2021,
OPTSTK,BALKRISIND,27-May-2021,1780,CE,0,0,0,93,68.35,0,0,0,0,19-APR-2021,
OPTSTK,BALKRISIND,27-May-2021,1800,CE,0,0,0,87.4,61.85,0,0,0,0,19-APR-2021,
OPTSTK,BALKRISIND,27-May-2021,1820,CE,0,0,0,82.15,55.8,0,0,0,0,19-APR-2021,
OPTSTK,BALKRISIND,27-May-2021,1840,CE,0,0,0,77.2,50.3,0,0,0,0,19-APR-2021,
OPTSTK,BALKRISIND,27-May-2021,1860,CE,0,0,0,72.5,45.3,0,0,0,0,19-APR-2021,
OPTSTK,BALKRISIND,27-May-2021,1880,CE,0,0,0,68.05,40.7,0,0,0,0,19-APR-2021,
OPTSTK,BALKRISIND,27-May-2021,1900,CE,0,0,0,63.8,36.4,0,0,0,0,19-APR-2021,
OPTSTK,BALKRISIND,27-May-2021,1920,CE,0,0,0,59.85,32.55,0,0,0,0,19-APR-2021,
OPTSTK,BALKRISIND,27-May-2021,1940,CE,0,0,0,56.05,29.05,0,0,0,0,19-APR-2021,
OPTSTK,BALKRISIND,27-May-2021,1960,CE,0,0,0,52.45,25.85,0,0,0,0,19-APR-2021,
OPTSTK,BALKRISIND,27-May-2021,1980,CE,0,0,0,49.1,23,0,0,0,0,19-APR-2021,
OPTSTK,BALKRISIND,27-May-2021,2000,CE,0,0,0,45.95,20.4,0,0,0,0,19-APR-2021,
OPTSTK,BALKRISIND,27-May-2021,2020,CE,0,0,0,43,18.05,0,0,0,0,19-APR-2021,
OPTSTK,BALKRISIND,27-May-2021,2040,CE,0,0,0,40.2,16,0,0,0,0,19-APR-2021,
OPTSTK,BALKRISIND,27-May-2021,2060,CE,0,0,0,37.55,14.1,0,0,0,0,19-APR-2021,
OPTSTK,BALKRISIND,27-May-2021,2080,CE,0,0,0,35.1,12.45,0,0,0,0,19-APR-2021,
OPTSTK,BALKRISIND,27-May-2021,2100,CE,0,0,0,32.75,10.95,0,0,0,0,19-APR-2021,
OPTSTK,BALKRISIND,27-May-2021,2120,CE,0,0,0,30.6,9.6,0,0,0,0,19-APR-2021,
OPTSTK,BALKRISIND,27-May-2021,2140,CE,0,0,0,28.55,8.45,0,0,0,0,19-APR-2021,
OPTSTK,BALKRISIND,27-May-2021,2160,CE,0,0,0,26.6,7.4,0,0,0,0,19-APR-2021,
OPTSTK,BALKRISIND,27-May-2021,2180,CE,0,0,0,24.8,6.45,0,0,0,0,19-APR-2021,
OPTSTK,BALKRISIND,27-May-2021,1040,PE,0,0,0,6.2,0.05,0,0,0,0,19-APR-2021,
OPTSTK,BALKRISIND,27-May-2021,1060,PE,0,0,0,7.5,0.1,0,0,0,0,19-APR-2021,
OPTSTK,BALKRISIND,27-May-2021,1080,PE,0,0,0,8.95,0.15,0,0,0,0,19-APR-2021,
OPTSTK,BALKRISIND,27-May-2021,1100,PE,0,0,0,10.65,0.2,0,0,0,0,19-APR-2021,
OPTSTK,BALKRISIND,27-May-2021,1120,PE,0,0,0,12.6,0.3,0,0,0,0,19-APR-2021,
OPTSTK,BALKRISIND,27-May-2021,1140,PE,0,0,0,14.75,0.45,0,0,0,0,19-APR-2021,
OPTSTK,BALKRISIND,27-May-2021,1160,PE,0,0,0,17.2,0.6,0,0,0,0,19-APR-2021,
OPTSTK,BALKRISIND,27-May-2021,1180,PE,0,0,0,19.95,0.85,0,0,0,0,19-APR-2021,
OPTSTK,BALKRISIND,27-May-2021,1200,PE,0,0,0,22.95,1.15,0,0,0,0,19-APR-2021,
OPTSTK,BALKRISIND,27-May-2021,1220,PE,0,0,0,26.3,1.55,0,0,0,0,19-APR-2021,
OPTSTK,BALKRISIND,27-May-2021,1240,PE,0,0,0,30,2.05,0,0,0,0,19-APR-2021,
OPTSTK,BALKRISIND,27-May-2021,1260,PE,0,0,0,34,2.7,0,0,0,0,19-APR-2021,
OPTSTK,BALKRISIND,27-May-2021,1280,PE,0,0,0,38.4,3.5,0,0,0,0,19-APR-2021,
OPTSTK,BALKRISIND,27-May-2021,1300,PE,0,0,0,43.1,4.5,0,0,0,0,19-APR-2021,
OPTSTK,BALKRISIND,27-May-2021,1320,PE,0,0,0,48.3,5.7,0,0,0,0,19-APR-2021,
OPTSTK,BALKRISIND,27-May-2021,1340,PE,0,0,0,53.8,7.15,0,0,0,0,19-APR-2021,
OPTSTK,BALKRISIND,27-May-2021,1360,PE,0,0,0,59.7,8.9,0,0,0,0,19-APR-2021,
OPTSTK,BALKRISIND,27-May-2021,1380,PE,0,0,0,66,11,0,0,0,0,19-APR-2021,
OPTSTK,BALKRISIND,27-May-2021,1400,PE,0,0,0,72.65,13.4,0,0,0,0,19-APR-2021,
OPTSTK,BALKRISIND,27-May-2021,1420,PE,0,0,0,79.75,16.2,0,0,0,0,19-APR-2021,
OPTSTK,BALKRISIND,27-May-2021,1440,PE,0,0,0,87.3,19.4,0,0,0,0,19-APR-2021,
OPTSTK,BALKRISIND,27-May-2021,1460,PE,0,0,0,95.3,23.1,0,0,0,0,19-APR-2021,
OPTSTK,BALKRISIND,27-May-2021,1480,PE,0,0,0,103.65,27.25,0,0,0,0,19-APR-2021,
OPTSTK,BALKRISIND,27-May-2021,1500,PE,0,0,0,20,31.9,0,0,400,0,19-APR-2021,
OPTSTK,BALKRISIND,27-May-2021,1520,PE,0,0,0,121.65,37.15,0,0,0,0,19-APR-2021,
OPTSTK,BALKRISIND,27-May-2021,1540,PE,0,0,0,131.3,42.9,0,0,0,0,19-APR-2021,
OPTSTK,BALKRISIND,27-May-2021,1560,PE,0,0,0,141.3,49.15,0,0,0,0,19-APR-2021,
OPTSTK,BALKRISIND,27-May-2021,1580,PE,0,0,0,151.7,56.1,0,0,0,0,19-APR-2021,
OPTSTK,BALKRISIND,27-May-2021,1600,PE,0,0,0,90,63.65,0,0,4000,0,19-APR-2021,
OPTSTK,BALKRISIND,27-May-2021,1620,PE,0,0,0,173.7,71.8,0,0,0,0,19-APR-2021,
OPTSTK,BALKRISIND,27-May-2021,1640,PE,0,0,0,185.3,80.55,0,0,0,0,19-APR-2021,
OPTSTK,BALKRISIND,27-May-2021,1660,PE,0,0,0,197.2,89.95,0,0,0,0,19-APR-2021,
OPTSTK,BALKRISIND,27-May-2021,1680,PE,0,0,0,209.5,99.95,0,0,0,0,19-APR-2021,
OPTSTK,BALKRISIND,27-May-2021,1700,PE,0,0,0,222.15,110.55,0,0,0,0,19-APR-2021,
OPTSTK,BALKRISIND,27-May-2021,1720,PE,0,0,0,235.15,121.75,0,0,0,0,19-APR-2021,
OPTSTK,BALKRISIND,27-May-2021,1740,PE,0,0,0,248.5,133.5,0,0,0,0,19-APR-2021,
OPTSTK,BALKRISIND,27-May-2021,1760,PE,0,0,0,262.1,145.85,0,0,0,0,19-APR-2021,
OPTSTK,BALKRISIND,27-May-2021,1780,PE,0,0,0,276.05,158.75,0,0,0,0,19-APR-2021,
OPTSTK,BALKRISIND,27-May-2021,1800,PE,0,0,0,290.3,172.15,0,0,0,0,19-APR-2021,
OPTSTK,BALKRISIND,27-May-2021,1820,PE,0,0,0,304.85,186.1,0,0,0,0,19-APR-2021,
OPTSTK,BALKRISIND,27-May-2021,1840,PE,0,0,0,319.75,200.45,0,0,0,0,19-APR-2021,
OPTSTK,BALKRISIND,27-May-2021,1860,PE,0,0,0,334.85,215.4,0,0,0,0,19-APR-2021,
OPTSTK,BALKRISIND,27-May-2021,1880,PE,0,0,0,350.2,230.7,0,0,0,0,19-APR-2021,
OPTSTK,BALKRISIND,27-May-2021,1900,PE,0,0,0,365.8,246.35,0,0,0,0,19-APR-2021,
OPTSTK,BALKRISIND,27-May-2021,1920,PE,0,0,0,381.6,262.4,0,0,0,0,19-APR-2021,
OPTSTK,BALKRISIND,27-May-2021,1940,PE,0,0,0,397.65,278.85,0,0,0,0,19-APR-2021,
OPTSTK,BALKRISIND,27-May-2021,1960,PE,0,0,0,413.85,295.55,0,0,0,0,19-APR-2021,
OPTSTK,BALKRISIND,27-May-2021,1980,PE,0,0,0,430.35,312.65,0,0,0,0,19-APR-2021,
OPTSTK,BALKRISIND,27-May-2021,2000,PE,0,0,0,447,329.95,0,0,0,0,19-APR-2021,
OPTSTK,BALKRISIND,27-May-2021,2020,PE,0,0,0,463.85,347.55,0,0,0,0,19-APR-2021,
OPTSTK,BALKRISIND,27-May-2021,2040,PE,0,0,0,480.85,365.4,0,0,0,0,19-APR-2021,
OPTSTK,BALKRISIND,27-May-2021,2060,PE,0,0,0,498.05,383.45,0,0,0,0,19-APR-2021,
OPTSTK,BALKRISIND,27-May-2021,2080,PE,0,0,0,515.35,401.7,0,0,0,0,19-APR-2021,
OPTSTK,BALKRISIND,27-May-2021,2100,PE,0,0,0,532.85,420.1,0,0,0,0,19-APR-2021,
OPTSTK,BALKRISIND,27-May-2021,2120,PE,0,0,0,550.5,438.7,0,0,0,0,19-APR-2021,
OPTSTK,BALKRISIND,27-May-2021,2140,PE,0,0,0,568.25,457.45,0,0,0,0,19-APR-2021,
OPTSTK,BALKRISIND,27-May-2021,2160,PE,0,0,0,586.15,476.3,0,0,0,0,19-APR-2021,
OPTSTK,BALKRISIND,27-May-2021,2180,PE,0,0,0,604.2,495.3,0,0,0,0,19-APR-2021,
OPTSTK,BALKRISIND,24-Jun-2021,1040,CE,0,0,0,580.4,650.5,0,0,0,0,19-APR-2021,
OPTSTK,BALKRISIND,24-Jun-2021,1060,CE,0,0,0,561.6,630.9,0,0,0,0,19-APR-2021,
OPTSTK,BALKRISIND,24-Jun-2021,1080,CE,0,0,0,543,611.35,0,0,0,0,19-APR-2021,
OPTSTK,BALKRISIND,24-Jun-2021,1100,CE,0,0,0,524.55,591.9,0,0,0,0,19-APR-2021,
OPTSTK,BALKRISIND,24-Jun-2021,1120,CE,0,0,0,506.3,572.55,0,0,0,0,19-APR-2021,
OPTSTK,BALKRISIND,24-Jun-2021,1140,CE,0,0,0,488.25,553.3,0,0,0,0,19-APR-2021,
OPTSTK,BALKRISIND,24-Jun-2021,1160,CE,0,0,0,470.5,534.2,0,0,0,0,19-APR-2021,
OPTSTK,BALKRISIND,24-Jun-2021,1180,CE,0,0,0,452.95,515.25,0,0,0,0,19-APR-2021,
OPTSTK,BALKRISIND,24-Jun-2021,1200,CE,0,0,0,435.7,496.45,0,0,0,0,19-APR-2021,
OPTSTK,BALKRISIND,24-Jun-2021,1220,CE,0,0,0,418.75,477.85,0,0,0,0,19-APR-2021,
OPTSTK,BALKRISIND,24-Jun-2021,1240,CE,0,0,0,402.1,459.45,0,0,0,0,19-APR-2021,
OPTSTK,BALKRISIND,24-Jun-2021,1260,CE,0,0,0,385.75,441.25,0,0,0,0,19-APR-2021,
OPTSTK,BALKRISIND,24-Jun-2021,1280,CE,0,0,0,369.8,423.35,0,0,0,0,19-APR-2021,
OPTSTK,BALKRISIND,24-Jun-2021,1300,CE,0,0,0,354.15,405.7,0,0,0,0,19-APR-2021,
OPTSTK,BALKRISIND,24-Jun-2021,1320,CE,0,0,0,338.85,388.3,0,0,0,0,19-APR-2021,
OPTSTK,BALKRISIND,24-Jun-2021,1340,CE,0,0,0,324.05,371.3,0,0,0,0,19-APR-2021,
OPTSTK,BALKRISIND,24-Jun-2021,1360,CE,0,0,0,309.5,354.55,0,0,0,0,19-APR-2021,
OPTSTK,BALKRISIND,24-Jun-2021,1380,CE,0,0,0,295.4,338.2,0,0,0,0,19-APR-2021,
OPTSTK,BALKRISIND,24-Jun-2021,1400,CE,0,0,0,281.65,322.25,0,0,0,0,19-APR-2021,
OPTSTK,BALKRISIND,24-Jun-2021,1420,CE,0,0,0,268.3,306.65,0,0,0,0,19-APR-2021,
OPTSTK,BALKRISIND,24-Jun-2021,1440,CE,0,0,0,255.4,291.45,0,0,0,0,19-APR-2021,
OPTSTK,BALKRISIND,24-Jun-2021,1460,CE,0,0,0,242.95,276.75,0,0,0,0,19-APR-2021,
OPTSTK,BALKRISIND,24-Jun-2021,1480,CE,0,0,0,230.9,262.4,0,0,0,0,19-APR-2021,
OPTSTK,BALKRISIND,24-Jun-2021,1500,CE,0,0,0,219.25,248.5,0,0,0,0,19-APR-2021,
OPTSTK,BALKRISIND,24-Jun-2021,1520,CE,0,0,0,208.05,235,0,0,0,0,19-APR-2021,
OPTSTK,BALKRISIND,24-Jun-2021,1540,CE,0,0,0,197.3,222.05,0,0,0,0,19-APR-2021,
OPTSTK,BALKRISIND,24-Jun-2021,1560,CE,0,0,0,186.9,209.55,0,0,0,0,19-APR-2021,
OPTSTK,BALKRISIND,24-Jun-2021,1580,CE,0,0,0,176.95,197.55,0,0,0,0,19-APR-2021,
OPTSTK,BALKRISIND,24-Jun-2021,1600,CE,0,0,0,167.4,186,0,0,0,0,19-APR-2021,
OPTSTK,BALKRISIND,24-Jun-2021,1620,CE,0,0,0,158.2,174.9,0,0,0,0,19-APR-2021,
OPTSTK,BALKRISIND,24-Jun-2021,1640,CE,0,0,0,149.45,164.3,0,0,0,0,19-APR-2021,
OPTSTK,BALKRISIND,24-Jun-2021,1660,CE,0,0,0,141.1,154.15,0,0,0,0,19-APR-2021,
OPTSTK,BALKRISIND,24-Jun-2021,1680,CE,0,0,0,133.05,144.5,0,0,0,0,19-APR-2021,
OPTSTK,BALKRISIND,24-Jun-2021,1700,CE,0,0,0,125.45,135.3,0,0,0,0,19-APR-2021,
OPTSTK,BALKRISIND,24-Jun-2021,1720,CE,0,0,0,118.15,126.55,0,0,0,0,19-APR-2021,
OPTSTK,BALKRISIND,24-Jun-2021,1740,CE,0,0,0,111.25,118.2,0,0,0,0,19-APR-2021,
OPTSTK,BALKRISIND,24-Jun-2021,1760,CE,0,0,0,104.65,110.3,0,0,0,0,19-APR-2021,
OPTSTK,BALKRISIND,24-Jun-2021,1780,CE,0,0,0,98.4,102.85,0,0,0,0,19-APR-2021,
OPTSTK,BALKRISIND,24-Jun-2021,1800,CE,0,0,0,92.45,95.8,0,0,0,0,19-APR-2021,
OPTSTK,BALKRISIND,24-Jun-2021,1820,CE,0,0,0,86.8,89.1,0,0,0,0,19-APR-2021,
OPTSTK,BALKRISIND,24-Jun-2021,1840,CE,0,0,0,81.45,82.85,0,0,0,0,19-APR-2021,
OPTSTK,BALKRISIND,24-Jun-2021,1860,CE,0,0,0,76.5,76.9,0,0,0,0,19-APR-2021,
OPTSTK,BALKRISIND,24-Jun-2021,1880,CE,0,0,0,71.75,71.35,0,0,0,0,19-APR-2021,
OPTSTK,BALKRISIND,24-Jun-2021,1900,CE,0,0,0,67.2,66.15,0,0,0,0,19-APR-2021,
OPTSTK,BALKRISIND,24-Jun-2021,1920,CE,0,0,0,62.95,61.3,0,0,0,0,19-APR-2021,
OPTSTK,BALKRISIND,24-Jun-2021,1940,CE,0,0,0,58.95,56.75,0,0,0,0,19-APR-2021,
OPTSTK,BALKRISIND,24-Jun-2021,1960,CE,0,0,0,55.15,52.5,0,0,0,0,19-APR-2021,
OPTSTK,BALKRISIND,24-Jun-2021,1980,CE,0,0,0,51.55,48.5,0,0,0,0,19-APR-2021,
OPTSTK,BALKRISIND,24-Jun-2021,2000,CE,0,0,0,48.15,44.7,0,0,0,0,19-APR-2021,
OPTSTK,BALKRISIND,24-Jun-2021,2020,CE,0,0,0,45,41.2,0,0,0,0,19-APR-2021,
OPTSTK,BALKRISIND,24-Jun-2021,2040,CE,0,0,0,42,37.95,0,0,0,0,19-APR-2021,
OPTSTK,BALKRISIND,24-Jun-2021,2060,CE,0,0,0,39.2,34.95,0,0,0,0,19-APR-2021,
OPTSTK,BALKRISIND,24-Jun-2021,2080,CE,0,0,0,36.6,32.15,0,0,0,0,19-APR-2021,
OPTSTK,BALKRISIND,24-Jun-2021,2100,CE,0,0,0,34.1,29.55,0,0,0,0,19-APR-2021,
OPTSTK,BALKRISIND,24-Jun-2021,2120,CE,0,0,0,31.8,27.15,0,0,0,0,19-APR-2021,
OPTSTK,BALKRISIND,24-Jun-2021,2140,CE,0,0,0,29.65,24.9,0,0,0,0,19-APR-2021,
OPTSTK,BALKRISIND,24-Jun-2021,2160,CE,0,0,0,27.6,22.85,0,0,0,0,19-APR-2021,
OPTSTK,BALKRISIND,24-Jun-2021,2180,CE,0,0,0,25.7,20.95,0,0,0,0,19-APR-2021,
OPTSTK,BALKRISIND,24-Jun-2021,1040,PE,0,0,0,4.55,0.85,0,0,0,0,19-APR-2021,
OPTSTK,BALKRISIND,24-Jun-2021,1060,PE,0,0,0,5.55,1.1,0,0,0,0,19-APR-2021,
OPTSTK,BALKRISIND,24-Jun-2021,1080,PE,0,0,0,6.75,1.4,0,0,0,0,19-APR-2021,
OPTSTK,BALKRISIND,24-Jun-2021,1100,PE,0,0,0,8.1,1.85,0,0,0,0,19-APR-2021,
OPTSTK,BALKRISIND,24-Jun-2021,1120,PE,0,0,0,9.65,2.35,0,0,0,0,19-APR-2021,
OPTSTK,BALKRISIND,24-Jun-2021,1140,PE,0,0,0,11.45,2.95,0,0,0,0,19-APR-2021,
OPTSTK,BALKRISIND,24-Jun-2021,1160,PE,0,0,0,13.5,3.7,0,0,0,0,19-APR-2021,
OPTSTK,BALKRISIND,24-Jun-2021,1180,PE,0,0,0,15.75,4.6,0,0,0,0,19-APR-2021,
OPTSTK,BALKRISIND,24-Jun-2021,1200,PE,0,0,0,18.35,5.7,0,0,0,0,19-APR-2021,
OPTSTK,BALKRISIND,24-Jun-2021,1220,PE,0,0,0,21.2,6.95,0,0,0,0,19-APR-2021,
OPTSTK,BALKRISIND,24-Jun-2021,1240,PE,0,0,0,24.35,8.4,0,0,0,0,19-APR-2021,
OPTSTK,BALKRISIND,24-Jun-2021,1260,PE,0,0,0,27.85,10.1,0,0,0,0,19-APR-2021,
OPTSTK,BALKRISIND,24-Jun-2021,1280,PE,0,0,0,31.65,12.05,0,0,0,0,19-APR-2021,
OPTSTK,BALKRISIND,24-Jun-2021,1300,PE,0,0,0,35.85,14.25,0,0,0,0,19-APR-2021,
OPTSTK,BALKRISIND,24-Jun-2021,1320,PE,0,0,0,40.4,16.75,0,0,0,0,19-APR-2021,
OPTSTK,BALKRISIND,24-Jun-2021,1340,PE,0,0,0,45.35,19.55,0,0,0,0,19-APR-2021,
OPTSTK,BALKRISIND,24-Jun-2021,1360,PE,0,0,0,50.65,22.75,0,0,0,0,19-APR-2021,
OPTSTK,BALKRISIND,24-Jun-2021,1380,PE,0,0,0,56.35,26.25,0,0,0,0,19-APR-2021,
OPTSTK,BALKRISIND,24-Jun-2021,1400,PE,0,0,0,62.45,30.1,0,0,0,0,19-APR-2021,
OPTSTK,BALKRISIND,24-Jun-2021,1420,PE,0,0,0,68.85,34.4,0,0,0,0,19-APR-2021,
OPTSTK,BALKRISIND,24-Jun-2021,1440,PE,0,0,0,75.8,39.05,0,0,0,0,19-APR-2021,
OPTSTK,BALKRISIND,24-Jun-2021,1460,PE,0,0,0,83.15,44.2,0,0,0,0,19-APR-2021,
OPTSTK,BALKRISIND,24-Jun-2021,1480,PE,0,0,0,90.9,49.75,0,0,0,0,19-APR-2021,
OPTSTK,BALKRISIND,24-Jun-2021,1500,PE,0,0,0,99.1,55.7,0,0,0,0,19-APR-2021,
OPTSTK,BALKRISIND,24-Jun-2021,1520,PE,0,0,0,107.7,62.1,0,0,0,0,19-APR-2021,
OPTSTK,BALKRISIND,24-Jun-2021,1540,PE,0,0,0,116.75,69,0,0,0,0,19-APR-2021,
OPTSTK,BALKRISIND,24-Jun-2021,1560,PE,0,0,0,126.2,76.35,0,0,0,0,19-APR-2021,
OPTSTK,BALKRISIND,24-Jun-2021,1580,PE,0,0,0,136.05,84.2,0,0,0,0,19-APR-2021,
OPTSTK,BALKRISIND,24-Jun-2021,1600,PE,0,0,0,146.3,92.5,0,0,0,0,19-APR-2021,
OPTSTK,BALKRISIND,24-Jun-2021,1620,PE,0,0,0,156.95,101.3,0,0,0,0,19-APR-2021,
OPTSTK,BALKRISIND,24-Jun-2021,1640,PE,0,0,0,168,110.55,0,0,0,0,19-APR-2021,
OPTSTK,BALKRISIND,24-Jun-2021,1660,PE,0,0,0,179.45,120.3,0,0,0,0,19-APR-2021,
OPTSTK,BALKRISIND,24-Jun-2021,1680,PE,0,0,0,191.25,130.5,0,0,0,0,19-APR-2021,
OPTSTK,BALKRISIND,24-Jun-2021,1700,PE,0,0,0,203.4,141.15,0,0,0,0,19-APR-2021,
OPTSTK,BALKRISIND,24-Jun-2021,1720,PE,0,0,0,215.95,152.25,0,0,0,0,19-APR-2021,
OPTSTK,BALKRISIND,24-Jun-2021,1740,PE,0,0,0,228.85,163.8,0,0,0,0,19-APR-2021,
OPTSTK,BALKRISIND,24-Jun-2021,1760,PE,0,0,0,242.05,175.75,0,0,0,0,19-APR-2021,
OPTSTK,BALKRISIND,24-Jun-2021,1780,PE,0,0,0,255.6,188.15,0,0,0,0,19-APR-2021,
OPTSTK,BALKRISIND,24-Jun-2021,1800,PE,0,0,0,269.5,200.95,0,0,0,0,19-APR-2021,
OPTSTK,BALKRISIND,24-Jun-2021,1820,PE,0,0,0,283.65,214.15,0,0,0,0,19-APR-2021,
OPTSTK,BALKRISIND,24-Jun-2021,1840,PE,0,0,0,298.15,227.75,0,0,0,0,19-APR-2021,
OPTSTK,BALKRISIND,24-Jun-2021,1860,PE,0,0,0,313,241.7,0,0,0,0,19-APR-2021,
OPTSTK,BALKRISIND,24-Jun-2021,1880,PE,0,0,0,328.05,256,0,0,0,0,19-APR-2021,
OPTSTK,BALKRISIND,24-Jun-2021,1900,PE,0,0,0,343.35,270.65,0,0,0,0,19-APR-2021,
OPTSTK,BALKRISIND,24-Jun-2021,1920,PE,0,0,0,358.9,285.7,0,0,0,0,19-APR-2021,
OPTSTK,BALKRISIND,24-Jun-2021,1940,PE,0,0,0,374.7,301,0,0,0,0,19-APR-2021,
OPTSTK,BALKRISIND,24-Jun-2021,1960,PE,0,0,0,390.75,316.6,0,0,0,0,19-APR-2021,
OPTSTK,BALKRISIND,24-Jun-2021,1980,PE,0,0,0,406.9,332.45,0,0,0,0,19-APR-2021,
OPTSTK,BALKRISIND,24-Jun-2021,2000,PE,0,0,0,423.35,348.5,0,0,0,0,19-APR-2021,
OPTSTK,BALKRISIND,24-Jun-2021,2020,PE,0,0,0,440,364.9,0,0,0,0,19-APR-2021,
OPTSTK,BALKRISIND,24-Jun-2021,2040,PE,0,0,0,456.85,381.55,0,0,0,0,19-APR-2021,
OPTSTK,BALKRISIND,24-Jun-2021,2060,PE,0,0,0,473.85,398.4,0,0,0,0,19-APR-2021,
OPTSTK,BALKRISIND,24-Jun-2021,2080,PE,0,0,0,491.05,415.45,0,0,0,0,19-APR-2021,
OPTSTK,BALKRISIND,24-Jun-2021,2100,PE,0,0,0,508.4,432.7,0,0,0,0,19-APR-2021,
OPTSTK,BALKRISIND,24-Jun-2021,2120,PE,0,0,0,525.9,450.2,0,0,0,0,19-APR-2021,
OPTSTK,BALKRISIND,24-Jun-2021,2140,PE,0,0,0,543.55,467.8,0,0,0,0,19-APR-2021,
OPTSTK,BALKRISIND,24-Jun-2021,2160,PE,0,0,0,561.3,485.6,0,0,0,0,19-APR-2021,
OPTSTK,BALKRISIND,24-Jun-2021,2180,PE,0,0,0,579.2,503.55,0,0,0,0,19-APR-2021,
OPTSTK,BANDHANBNK,29-Apr-2021,210,CE,0,0,0,111.1,95.15,0,0,0,0,19-APR-2021,
OPTSTK,BANDHANBNK,29-Apr-2021,220,CE,0,0,0,103.45,85.15,0,0,0,0,19-APR-2021,
OPTSTK,BANDHANBNK,29-Apr-2021,230,CE,0,0,0,96.1,75.25,0,0,0,0,19-APR-2021,
OPTSTK,BANDHANBNK,29-Apr-2021,240,CE,0,0,0,89.1,65.45,0,0,0,0,19-APR-2021,
OPTSTK,BANDHANBNK,29-Apr-2021,250,CE,0,0,0,82.5,55.85,0,0,0,0,19-APR-2021,
OPTSTK,BANDHANBNK,29-Apr-2021,255,CE,0,0,0,98.4,51.2,0,0,0,0,19-APR-2021,
OPTSTK,BANDHANBNK,29-Apr-2021,260,CE,0,0,0,76.25,46.65,0,0,0,0,19-APR-2021,
OPTSTK,BANDHANBNK,29-Apr-2021,265,CE,0,0,0,89.55,42.3,0,0,0,0,19-APR-2021,
OPTSTK,BANDHANBNK,29-Apr-2021,270,CE,0,0,0,70.4,38.05,0,0,0,0,19-APR-2021,
OPTSTK,BANDHANBNK,29-Apr-2021,275,CE,0,0,0,81.1,34,0,0,0,0,19-APR-2021,
OPTSTK,BANDHANBNK,29-Apr-2021,280,CE,0,0,0,64.9,30.2,0,0,0,0,19-APR-2021,
OPTSTK,BANDHANBNK,29-Apr-2021,285,CE,0,0,0,73.05,26.6,0,0,0,0,19-APR-2021,
OPTSTK,BANDHANBNK,29-Apr-2021,290,CE,24,24,24,24,23.25,1,5.65,1800,1800,19-APR-2021,
OPTSTK,BANDHANBNK,29-Apr-2021,295,CE,0,0,0,65.45,20.2,0,0,0,0,19-APR-2021,
OPTSTK,BANDHANBNK,29-Apr-2021,300,CE,16.3,19.5,13.5,14.55,14.55,161,913.83,147600,109800,19-APR-2021,
OPTSTK,BANDHANBNK,29-Apr-2021,305,CE,15,15,11,11.8,11.8,101,576.29,75600,75600,19-APR-2021,
OPTSTK,BANDHANBNK,29-Apr-2021,310,CE,13,13,8.45,9.2,9.2,800,4611.83,473400,466200,19-APR-2021,
OPTSTK,BANDHANBNK,29-Apr-2021,315,CE,7.3,7.45,6.85,7.2,7.2,11,63.79,14400,14400,19-APR-2021,
OPTSTK,BANDHANBNK,29-Apr-2021,320,CE,8.05,9.85,5.2,5.7,5.7,962,5658.03,340200,210600,19-APR-2021,
OPTSTK,BANDHANBNK,29-Apr-2021,325,CE,6.4,7.45,4.1,4.5,4.5,246,1462.58,127800,39600,19-APR-2021,
OPTSTK,BANDHANBNK,29-Apr-2021,330,CE,5.05,5.75,3.15,3.6,3.6,926,5568.67,745200,82800,19-APR-2021,
OPTSTK,BANDHANBNK,29-Apr-2021,335,CE,4,4.05,2.65,2.85,2.85,184,1120.3,43200,-34200,19-APR-2021,
OPTSTK,BANDHANBNK,29-Apr-2021,340,CE,3.05,3.4,2.15,2.35,2.35,662,4082.46,657000,79200,19-APR-2021,
OPTSTK,BANDHANBNK,29-Apr-2021,345,CE,1.75,2.5,1.75,2,2,48,299.95,97200,3600,19-APR-2021,
OPTSTK,BANDHANBNK,29-Apr-2021,350,CE,2.2,2.95,1.45,1.6,1.6,616,3900.01,761400,23400,19-APR-2021,
OPTSTK,BANDHANBNK,29-Apr-2021,355,CE,1.4,1.75,1.2,1.35,1.35,23,147.56,68400,5400,19-APR-2021,
OPTSTK,BANDHANBNK,29-Apr-2021,360,CE,0.7,1.65,0.7,1.15,1.15,619,4025.54,1166400,174600,19-APR-2021,
OPTSTK,BANDHANBNK,29-Apr-2021,365,CE,0.3,1.2,0.3,0.75,0.75,7,46.09,46800,-5400,19-APR-2021,
OPTSTK,BANDHANBNK,29-Apr-2021,370,CE,1.15,1.3,0.85,0.9,0.9,247,1649.53,619200,-46800,19-APR-2021,
OPTSTK,BANDHANBNK,29-Apr-2021,375,CE,0.15,0.75,0.15,0.75,0.8,2,13.51,12600,0,19-APR-2021,
OPTSTK,BANDHANBNK,29-Apr-2021,380,CE,1.1,1.1,0.65,0.8,0.8,126,863.67,365400,-23400,19-APR-2021,
OPTSTK,BANDHANBNK,29-Apr-2021,385,CE,0,0,0,19.2,0.45,0,0,0,0,19-APR-2021,
OPTSTK,BANDHANBNK,29-Apr-2021,390,CE,0.9,0.9,0.45,0.6,0.6,34,239.03,126000,-16200,19-APR-2021,
OPTSTK,BANDHANBNK,29-Apr-2021,395,CE,0,0,0,16.4,0.3,0,0,0,0,19-APR-2021,
OPTSTK,BANDHANBNK,29-Apr-2021,400,CE,0.7,0.7,0.5,0.6,0.6,177,1276.21,1429200,-48600,19-APR-2021,
OPTSTK,BANDHANBNK,29-Apr-2021,405,CE,0.35,0.35,0.35,0.35,0.15,1,7.29,1800,-1800,19-APR-2021,
OPTSTK,BANDHANBNK,29-Apr-2021,410,CE,0.35,0.55,0.35,0.55,0.15,2,14.77,81000,-1800,19-APR-2021,
OPTSTK,BANDHANBNK,29-Apr-2021,415,CE,0,0,0,11.8,0.1,0,0,0,0,19-APR-2021,
OPTSTK,BANDHANBNK,29-Apr-2021,420,CE,0.4,0.4,0.3,0.35,0.1,6,45.39,154800,-10800,19-APR-2021,
OPTSTK,BANDHANBNK,29-Apr-2021,425,CE,0,0,0,9.95,0.05,0,0,0,0,19-APR-2021,
OPTSTK,BANDHANBNK,29-Apr-2021,430,CE,0,0,0,1.3,0.05,0,0,10800,0,19-APR-2021,
OPTSTK,BANDHANBNK,29-Apr-2021,440,CE,0.3,0.3,0.3,0.3,0.05,1,7.92,9000,-1800,19-APR-2021,
OPTSTK,BANDHANBNK,29-Apr-2021,450,CE,0.35,0.4,0.3,0.3,0.3,10,81.06,68400,-7200,19-APR-2021,
OPTSTK,BANDHANBNK,29-Apr-2021,460,CE,0.2,0.2,0.2,0.2,0,1,8.28,9000,-1800,19-APR-2021,
OPTSTK,BANDHANBNK,29-Apr-2021,470,CE,0,0,0,11.95,0,0,0,0,0,19-APR-2021,
OPTSTK,BANDHANBNK,29-Apr-2021,480,CE,0,0,0,10.9,0,0,0,0,0,19-APR-2021,
OPTSTK,BANDHANBNK,29-Apr-2021,490,CE,0,0,0,9.95,0,0,0,0,0,19-APR-2021,
OPTSTK,BANDHANBNK,29-Apr-2021,210,PE,0,0,0,0.15,0.05,0,0,1800,0,19-APR-2021,
OPTSTK,BANDHANBNK,29-Apr-2021,220,PE,0.05,0.25,0.05,0.25,0.05,4,15.85,12600,-1800,19-APR-2021,
OPTSTK,BANDHANBNK,29-Apr-2021,230,PE,0,0,0,0.05,0.15,0,0,3600,0,19-APR-2021,
OPTSTK,BANDHANBNK,29-Apr-2021,240,PE,0,0,0,15.75,0.3,0,0,0,0,19-APR-2021,
OPTSTK,BANDHANBNK,29-Apr-2021,250,PE,1.3,2.35,1.05,1.3,1.3,78,353.44,77400,25200,19-APR-2021,
OPTSTK,BANDHANBNK,29-Apr-2021,255,PE,0,0,0,2.5,1.05,0,0,0,0,19-APR-2021,
OPTSTK,BANDHANBNK,29-Apr-2021,260,PE,2,2.8,1.4,1.65,1.65,113,533.01,75600,34200,19-APR-2021,
OPTSTK,BANDHANBNK,29-Apr-2021,265,PE,0,0,0,3.65,2.1,0,0,0,0,19-APR-2021,
OPTSTK,BANDHANBNK,29-Apr-2021,270,PE,3,3.85,2.2,2.5,2.5,90,442.16,73800,9000,19-APR-2021,
OPTSTK,BANDHANBNK,29-Apr-2021,275,PE,0,0,0,5.15,3.85,0,0,0,0,19-APR-2021,
OPTSTK,BANDHANBNK,29-Apr-2021,280,PE,8.5,8.5,3.2,3.55,3.55,439,2245.73,315000,90000,19-APR-2021,
OPTSTK,BANDHANBNK,29-Apr-2021,285,PE,6,6,4.25,4.45,4.45,15,78.22,16200,16200,19-APR-2021,
OPTSTK,BANDHANBNK,29-Apr-2021,290,PE,8.45,8.45,5.2,5.45,5.45,451,2402.7,181800,-18000,19-APR-2021,
OPTSTK,BANDHANBNK,29-Apr-2021,295,PE,16.6,16.6,6.4,6.8,6.8,61,333.73,57600,48600,19-APR-2021,
OPTSTK,BANDHANBNK,29-Apr-2021,300,PE,10,12,7.65,8.55,8.55,1885,10490.3,808200,50400,19-APR-2021,
OPTSTK,BANDHANBNK,29-Apr-2021,305,PE,9.55,13.55,9.25,10.8,10.8,258,1469.25,162000,95400,19-APR-2021,
OPTSTK,BANDHANBNK,29-Apr-2021,310,PE,14.2,16.75,11.2,13.15,13.15,1077,6269.32,394200,10800,19-APR-2021,
OPTSTK,BANDHANBNK,29-Apr-2021,315,PE,15,18.95,12,15.85,15.85,326,1939.92,75600,-253800,19-APR-2021,
OPTSTK,BANDHANBNK,29-Apr-2021,320,PE,18.4,22.85,15,19.6,19.6,848,5169.2,390600,-399600,19-APR-2021,
OPTSTK,BANDHANBNK,29-Apr-2021,325,PE,19,26.35,17.2,23.3,23.3,43,268.48,64800,-12600,19-APR-2021,
OPTSTK,BANDHANBNK,29-Apr-2021,330,PE,28,30,23.3,27.5,27.5,126,808.6,342000,-30600,19-APR-2021,
OPTSTK,BANDHANBNK,29-Apr-2021,335,PE,24.7,30.05,24.7,30,34.75,4,26.18,32400,-5400,19-APR-2021,
OPTSTK,BANDHANBNK,29-Apr-2021,340,PE,28.5,38.2,28.5,36.05,36.05,44,297.04,315000,-23400,19-APR-2021,
OPTSTK,BANDHANBNK,29-Apr-2021,345,PE,0,0,0,24.6,43,0,0,41400,0,19-APR-2021,
OPTSTK,BANDHANBNK,29-Apr-2021,350,PE,41.05,46.55,40.75,45.8,45.8,24,170.41,318600,-14400,19-APR-2021,
OPTSTK,BANDHANBNK,29-Apr-2021,355,PE,0,0,0,34.8,51.8,0,0,12600,0,19-APR-2021,
OPTSTK,BANDHANBNK,29-Apr-2021,360,PE,54.7,57.05,53.6,55.75,56.4,10,74.7,151200,3600,19-APR-2021,
OPTSTK,BANDHANBNK,29-Apr-2021,365,PE,0,0,0,39.85,61,0,0,0,0,19-APR-2021,
OPTSTK,BANDHANBNK,29-Apr-2021,370,PE,61.1,61.1,61.1,61.1,65.75,1,7.75,36000,-1800,19-APR-2021,
OPTSTK,BANDHANBNK,29-Apr-2021,375,PE,0,0,0,46.15,70.5,0,0,0,0,19-APR-2021,
OPTSTK,BANDHANBNK,29-Apr-2021,380,PE,0,0,0,57.45,75.35,0,0,5400,0,19-APR-2021,
OPTSTK,BANDHANBNK,29-Apr-2021,385,PE,0,0,0,52.9,80.2,0,0,0,0,19-APR-2021,
OPTSTK,BANDHANBNK,29-Apr-2021,390,PE,0,0,0,100.15,85.05,0,0,0,0,19-APR-2021,
OPTSTK,BANDHANBNK,29-Apr-2021,395,PE,0,0,0,60,90,0,0,0,0,19-APR-2021,
OPTSTK,BANDHANBNK,29-Apr-2021,400,PE,92,92,92,92,94.9,1,8.85,21600,-1800,19-APR-2021,
OPTSTK,BANDHANBNK,29-Apr-2021,405,PE,0,0,0,67.55,99.85,0,0,0,0,19-APR-2021,
OPTSTK,BANDHANBNK,29-Apr-2021,410,PE,0,0,0,115.85,104.8,0,0,0,0,19-APR-2021,
OPTSTK,BANDHANBNK,29-Apr-2021,415,PE,0,0,0,75.4,109.8,0,0,0,0,19-APR-2021,
OPTSTK,BANDHANBNK,29-Apr-2021,420,PE,0,0,0,123.9,114.75,0,0,0,0,19-APR-2021,
OPTSTK,BANDHANBNK,29-Apr-2021,425,PE,0,0,0,83.5,119.75,0,0,0,0,19-APR-2021,
OPTSTK,BANDHANBNK,29-Apr-2021,430,PE,0,0,0,132.15,124.7,0,0,0,0,19-APR-2021,
OPTSTK,BANDHANBNK,29-Apr-2021,440,PE,0,0,0,140.55,134.7,0,0,0,0,19-APR-2021,
OPTSTK,BANDHANBNK,29-Apr-2021,450,PE,0,0,0,90.5,144.7,0,0,5400,0,19-APR-2021,
OPTSTK,BANDHANBNK,29-Apr-2021,460,PE,0,0,0,157.7,154.65,0,0,0,0,19-APR-2021,
OPTSTK,BANDHANBNK,29-Apr-2021,470,PE,0,0,0,166.45,164.65,0,0,0,0,19-APR-2021,
OPTSTK,BANDHANBNK,29-Apr-2021,480,PE,0,0,0,175.3,174.65,0,0,0,0,19-APR-2021,
OPTSTK,BANDHANBNK,29-Apr-2021,490,PE,0,0,0,184.25,184.65,0,0,0,0,19-APR-2021,
OPTSTK,BANDHANBNK,27-May-2021,210,CE,0,0,0,138.75,97.15,0,0,0,0,19-APR-2021,
OPTSTK,BANDHANBNK,27-May-2021,220,CE,0,0,0,130.3,88.05,0,0,0,0,19-APR-2021,
OPTSTK,BANDHANBNK,27-May-2021,230,CE,0,0,0,122.1,79.25,0,0,0,0,19-APR-2021,
OPTSTK,BANDHANBNK,27-May-2021,240,CE,0,0,0,114.25,70.9,0,0,0,0,19-APR-2021,
OPTSTK,BANDHANBNK,27-May-2021,250,CE,0,0,0,106.75,63,0,0,0,0,19-APR-2021,
OPTSTK,BANDHANBNK,27-May-2021,255,CE,0,0,0,103.45,59.25,0,0,0,0,19-APR-2021,
OPTSTK,BANDHANBNK,27-May-2021,260,CE,0,0,0,99.55,55.6,0,0,0,0,19-APR-2021,
OPTSTK,BANDHANBNK,27-May-2021,265,CE,0,0,0,95.55,52.1,0,0,0,0,19-APR-2021,
OPTSTK,BANDHANBNK,27-May-2021,270,CE,0,0,0,92.65,48.7,0,0,0,0,19-APR-2021,
OPTSTK,BANDHANBNK,27-May-2021,275,CE,0,0,0,87.95,45.5,0,0,0,0,19-APR-2021,
OPTSTK,BANDHANBNK,27-May-2021,280,CE,0,0,0,86.15,42.45,0,0,0,0,19-APR-2021,
OPTSTK,BANDHANBNK,27-May-2021,285,CE,0,0,0,80.75,39.5,0,0,0,0,19-APR-2021,
OPTSTK,BANDHANBNK,27-May-2021,290,CE,0,0,0,79.95,36.75,0,0,0,0,19-APR-2021,
OPTSTK,BANDHANBNK,27-May-2021,295,CE,0,0,0,73.95,34.1,0,0,0,0,19-APR-2021,
OPTSTK,BANDHANBNK,27-May-2021,300,CE,0,0,0,74.15,31.6,0,0,0,0,19-APR-2021,
OPTSTK,BANDHANBNK,27-May-2021,305,CE,0,0,0,67.55,29.25,0,0,0,0,19-APR-2021,
OPTSTK,BANDHANBNK,27-May-2021,310,CE,0,0,0,68.65,27.05,0,0,0,0,19-APR-2021,
OPTSTK,BANDHANBNK,27-May-2021,315,CE,0,0,0,61.55,24.95,0,0,0,0,19-APR-2021,
OPTSTK,BANDHANBNK,27-May-2021,320,CE,15.1,15.1,15.1,15.1,15.1,2,12.06,3600,3600,19-APR-2021,
OPTSTK,BANDHANBNK,27-May-2021,325,CE,0,0,0,55.95,21.15,0,0,0,0,19-APR-2021,
OPTSTK,BANDHANBNK,27-May-2021,330,CE,12,14,11.1,12,12,40,246.37,41400,34200,19-APR-2021,
OPTSTK,BANDHANBNK,27-May-2021,335,CE,0,0,0,50.75,17.85,0,0,0,0,19-APR-2021,
OPTSTK,BANDHANBNK,27-May-2021,340,CE,8.4,10,8.4,9.1,9.1,20,125.65,41400,34200,19-APR-2021,
OPTSTK,BANDHANBNK,27-May-2021,345,CE,0,0,0,45.95,15,0,0,0,0,19-APR-2021,
OPTSTK,BANDHANBNK,27-May-2021,350,CE,10.1,10.1,6.1,7.1,7.1,73,469.52,113400,3600,19-APR-2021,
OPTSTK,BANDHANBNK,27-May-2021,355,CE,0,0,0,41.5,12.55,0,0,0,0,19-APR-2021,
OPTSTK,BANDHANBNK,27-May-2021,360,CE,5.5,5.5,5.5,5.5,11.45,4,26.31,88200,3600,19-APR-2021,
OPTSTK,BANDHANBNK,27-May-2021,365,CE,0,0,0,37.4,10.45,0,0,0,0,19-APR-2021,
OPTSTK,BANDHANBNK,27-May-2021,370,CE,4.2,4.2,4.2,4.2,9.5,3,20.2,7200,5400,19-APR-2021,
OPTSTK,BANDHANBNK,27-May-2021,375,CE,0,0,0,33.65,8.65,0,0,0,0,19-APR-2021,
OPTSTK,BANDHANBNK,27-May-2021,380,CE,0,0,0,7.7,7.9,0,0,10800,0,19-APR-2021,
OPTSTK,BANDHANBNK,27-May-2021,385,CE,0,0,0,30.25,7.15,0,0,0,0,19-APR-2021,
OPTSTK,BANDHANBNK,27-May-2021,390,CE,0,0,0,35.8,6.5,0,0,0,0,19-APR-2021,
OPTSTK,BANDHANBNK,27-May-2021,395,CE,0,0,0,27.1,5.9,0,0,0,0,19-APR-2021,
OPTSTK,BANDHANBNK,27-May-2021,400,CE,2.9,3,2.25,2.95,2.95,24,173.98,52200,23400,19-APR-2021,
OPTSTK,BANDHANBNK,27-May-2021,405,CE,0,0,0,24.3,4.85,0,0,0,0,19-APR-2021,
OPTSTK,BANDHANBNK,27-May-2021,410,CE,0,0,0,30.2,4.4,0,0,0,0,19-APR-2021,
OPTSTK,BANDHANBNK,27-May-2021,415,CE,0,0,0,21.75,3.95,0,0,0,0,19-APR-2021,
OPTSTK,BANDHANBNK,27-May-2021,420,CE,0,0,0,9.9,3.6,0,0,3600,0,19-APR-2021,
OPTSTK,BANDHANBNK,27-May-2021,425,CE,0,0,0,19.4,3.25,0,0,0,0,19-APR-2021,
OPTSTK,BANDHANBNK,27-May-2021,430,CE,0,0,0,25.45,2.9,0,0,0,0,19-APR-2021,
OPTSTK,BANDHANBNK,27-May-2021,440,CE,0,0,0,23.35,2.35,0,0,0,0,19-APR-2021,
OPTSTK,BANDHANBNK,27-May-2021,450,CE,0,0,0,21.4,1.9,0,0,0,0,19-APR-2021,
OPTSTK,BANDHANBNK,27-May-2021,460,CE,0,0,0,19.6,1.55,0,0,0,0,19-APR-2021,
OPTSTK,BANDHANBNK,27-May-2021,470,CE,0,0,0,17.95,1.25,0,0,0,0,19-APR-2021,
OPTSTK,BANDHANBNK,27-May-2021,480,CE,0,0,0,16.45,1,0,0,0,0,19-APR-2021,
OPTSTK,BANDHANBNK,27-May-2021,490,CE,0,0,0,15.05,0.8,0,0,0,0,19-APR-2021,
OPTSTK,BANDHANBNK,27-May-2021,210,PE,0,0,0,4.6,1.45,0,0,0,0,19-APR-2021,
OPTSTK,BANDHANBNK,27-May-2021,220,PE,1,1,1,1,2.3,1,3.97,16200,1800,19-APR-2021,
OPTSTK,BANDHANBNK,27-May-2021,230,PE,0,0,0,7.8,3.5,0,0,0,0,19-APR-2021,
OPTSTK,BANDHANBNK,27-May-2021,240,PE,0,0,0,9.85,5.05,0,0,0,0,19-APR-2021,
OPTSTK,BANDHANBNK,27-May-2021,250,PE,4,4.05,3.5,3.5,7.1,5,22.85,9000,7200,19-APR-2021,
OPTSTK,BANDHANBNK,27-May-2021,255,PE,0,0,0,6.85,8.35,0,0,0,0,19-APR-2021,
OPTSTK,BANDHANBNK,27-May-2021,260,PE,0,0,0,3,9.7,0,0,1800,0,19-APR-2021,
OPTSTK,BANDHANBNK,27-May-2021,265,PE,0,0,0,8.85,11.15,0,0,0,0,19-APR-2021,
OPTSTK,BANDHANBNK,27-May-2021,270,PE,5.5,5.5,5.5,5.5,5.5,1,4.95,3600,1800,19-APR-2021,
OPTSTK,BANDHANBNK,27-May-2021,275,PE,0,0,0,11.25,14.55,0,0,0,0,19-APR-2021,
OPTSTK,BANDHANBNK,27-May-2021,280,PE,0,0,0,21.35,16.45,0,0,0,0,19-APR-2021,
OPTSTK,BANDHANBNK,27-May-2021,285,PE,0,0,0,14,18.5,0,0,0,0,19-APR-2021,
OPTSTK,BANDHANBNK,27-May-2021,290,PE,0,0,0,25.05,20.7,0,0,0,0,19-APR-2021,
OPTSTK,BANDHANBNK,27-May-2021,295,PE,0,0,0,17.1,23.05,0,0,0,0,19-APR-2021,
OPTSTK,BANDHANBNK,27-May-2021,300,PE,15,18,14.4,16.75,16.75,44,250.51,158400,19800,19-APR-2021,
OPTSTK,BANDHANBNK,27-May-2021,305,PE,0,0,0,20.6,28.15,0,0,0,0,19-APR-2021,
OPTSTK,BANDHANBNK,27-May-2021,310,PE,0,0,0,15,30.9,0,0,5400,0,19-APR-2021,
OPTSTK,BANDHANBNK,27-May-2021,315,PE,0,0,0,24.55,33.8,0,0,0,0,19-APR-2021,
OPTSTK,BANDHANBNK,27-May-2021,320,PE,0,0,0,38.3,36.85,0,0,0,0,19-APR-2021,
OPTSTK,BANDHANBNK,27-May-2021,325,PE,0,0,0,28.9,40,0,0,0,0,19-APR-2021,
OPTSTK,BANDHANBNK,27-May-2021,330,PE,0,0,0,25.15,43.25,0,0,27000,0,19-APR-2021,
OPTSTK,BANDHANBNK,27-May-2021,335,PE,0,0,0,33.65,46.65,0,0,0,0,19-APR-2021,
OPTSTK,BANDHANBNK,27-May-2021,340,PE,0,0,0,48.75,50.15,0,0,0,0,19-APR-2021,
OPTSTK,BANDHANBNK,27-May-2021,345,PE,0,0,0,38.75,53.75,0,0,0,0,19-APR-2021,
OPTSTK,BANDHANBNK,27-May-2021,350,PE,0,0,0,28,57.45,0,0,7200,0,19-APR-2021,
OPTSTK,BANDHANBNK,27-May-2021,355,PE,0,0,0,44.25,61.25,0,0,0,0,19-APR-2021,
OPTSTK,BANDHANBNK,27-May-2021,360,PE,0,0,0,60.45,65.15,0,0,0,0,19-APR-2021,
OPTSTK,BANDHANBNK,27-May-2021,365,PE,0,0,0,50.1,69.15,0,0,0,0,19-APR-2021,
OPTSTK,BANDHANBNK,27-May-2021,370,PE,0,0,0,66.7,73.2,0,0,0,0,19-APR-2021,
OPTSTK,BANDHANBNK,27-May-2021,375,PE,0,0,0,56.3,77.3,0,0,0,0,19-APR-2021,
OPTSTK,BANDHANBNK,27-May-2021,380,PE,0,0,0,73.2,81.5,0,0,0,0,19-APR-2021,
OPTSTK,BANDHANBNK,27-May-2021,385,PE,0,0,0,62.8,85.75,0,0,0,0,19-APR-2021,
OPTSTK,BANDHANBNK,27-May-2021,390,PE,0,0,0,79.95,90.1,0,0,0,0,19-APR-2021,
OPTSTK,BANDHANBNK,27-May-2021,395,PE,0,0,0,69.6,94.45,0,0,0,0,19-APR-2021,
OPTSTK,BANDHANBNK,27-May-2021,400,PE,0,0,0,86.95,98.9,0,0,0,0,19-APR-2021,
OPTSTK,BANDHANBNK,27-May-2021,405,PE,0,0,0,76.7,103.35,0,0,0,0,19-APR-2021,
OPTSTK,BANDHANBNK,27-May-2021,410,PE,0,0,0,94.2,107.9,0,0,0,0,19-APR-2021,
OPTSTK,BANDHANBNK,27-May-2021,415,PE,0,0,0,84.1,112.45,0,0,0,0,19-APR-2021,
OPTSTK,BANDHANBNK,27-May-2021,420,PE,0,0,0,101.6,117.05,0,0,0,0,19-APR-2021,
OPTSTK,BANDHANBNK,27-May-2021,425,PE,0,0,0,91.75,121.7,0,0,0,0,19-APR-2021,
OPTSTK,BANDHANBNK,27-May-2021,430,PE,0,0,0,109.25,126.35,0,0,0,0,19-APR-2021,
OPTSTK,BANDHANBNK,27-May-2021,440,PE,0,0,0,117.05,135.75,0,0,0,0,19-APR-2021,
OPTSTK,BANDHANBNK,27-May-2021,450,PE,0,0,0,125,145.25,0,0,0,0,19-APR-2021,
OPTSTK,BANDHANBNK,27-May-2021,460,PE,0,0,0,133.15,154.85,0,0,0,0,19-APR-2021,
OPTSTK,BANDHANBNK,27-May-2021,470,PE,0,0,0,141.4,164.55,0,0,0,0,19-APR-2021,
OPTSTK,BANDHANBNK,27-May-2021,480,PE,0,0,0,149.8,174.25,0,0,0,0,19-APR-2021,
OPTSTK,BANDHANBNK,27-May-2021,490,PE,0,0,0,158.3,184,0,0,0,0,19-APR-2021,
OPTSTK,BANDHANBNK,24-Jun-2021,210,CE,0,0,0,145.45,100.6,0,0,0,0,19-APR-2021,
OPTSTK,BANDHANBNK,24-Jun-2021,215,CE,0,0,0,141.1,96.4,0,0,0,0,19-APR-2021,
OPTSTK,BANDHANBNK,24-Jun-2021,220,CE,0,0,0,136.75,92.25,0,0,0,0,19-APR-2021,
OPTSTK,BANDHANBNK,24-Jun-2021,225,CE,0,0,0,132.55,88.25,0,0,0,0,19-APR-2021,
OPTSTK,BANDHANBNK,24-Jun-2021,230,CE,0,0,0,128.35,84.35,0,0,0,0,19-APR-2021,
OPTSTK,BANDHANBNK,24-Jun-2021,235,CE,0,0,0,124.25,80.5,0,0,0,0,19-APR-2021,
OPTSTK,BANDHANBNK,24-Jun-2021,240,CE,0,0,0,120.2,76.8,0,0,0,0,19-APR-2021,
OPTSTK,BANDHANBNK,24-Jun-2021,245,CE,0,0,0,116.25,73.2,0,0,0,0,19-APR-2021,
OPTSTK,BANDHANBNK,24-Jun-2021,250,CE,0,0,0,112.4,69.7,0,0,0,0,19-APR-2021,
OPTSTK,BANDHANBNK,24-Jun-2021,255,CE,0,0,0,108.6,66.3,0,0,0,0,19-APR-2021,
OPTSTK,BANDHANBNK,24-Jun-2021,260,CE,0,0,0,104.9,63.05,0,0,0,0,19-APR-2021,
OPTSTK,BANDHANBNK,24-Jun-2021,265,CE,0,0,0,101.25,59.9,0,0,0,0,19-APR-2021,
OPTSTK,BANDHANBNK,24-Jun-2021,270,CE,0,0,0,97.7,56.85,0,0,0,0,19-APR-2021,
OPTSTK,BANDHANBNK,24-Jun-2021,275,CE,0,0,0,94.25,53.9,0,0,0,0,19-APR-2021,
OPTSTK,BANDHANBNK,24-Jun-2021,280,CE,0,0,0,90.85,51.1,0,0,0,0,19-APR-2021,
OPTSTK,BANDHANBNK,24-Jun-2021,285,CE,0,0,0,87.6,48.4,0,0,0,0,19-APR-2021,
OPTSTK,BANDHANBNK,24-Jun-2021,290,CE,0,0,0,84.4,45.8,0,0,0,0,19-APR-2021,
OPTSTK,BANDHANBNK,24-Jun-2021,295,CE,0,0,0,81.25,43.35,0,0,0,0,19-APR-2021,
OPTSTK,BANDHANBNK,24-Jun-2021,300,CE,0,0,0,78.2,40.95,0,0,0,0,19-APR-2021,
OPTSTK,BANDHANBNK,24-Jun-2021,305,CE,0,0,0,75.3,38.7,0,0,0,0,19-APR-2021,
OPTSTK,BANDHANBNK,24-Jun-2021,310,CE,0,0,0,72.45,36.5,0,0,0,0,19-APR-2021,
OPTSTK,BANDHANBNK,24-Jun-2021,315,CE,0,0,0,69.65,34.45,0,0,0,0,19-APR-2021,
OPTSTK,BANDHANBNK,24-Jun-2021,320,CE,0,0,0,67,32.5,0,0,0,0,19-APR-2021,
OPTSTK,BANDHANBNK,24-Jun-2021,325,CE,0,0,0,64.4,30.6,0,0,0,0,19-APR-2021,
OPTSTK,BANDHANBNK,24-Jun-2021,330,CE,0,0,0,61.85,28.85,0,0,0,0,19-APR-2021,
OPTSTK,BANDHANBNK,24-Jun-2021,335,CE,0,0,0,59.4,27.15,0,0,0,0,19-APR-2021,
OPTSTK,BANDHANBNK,24-Jun-2021,340,CE,0,0,0,57.05,25.55,0,0,0,0,19-APR-2021,
OPTSTK,BANDHANBNK,24-Jun-2021,345,CE,0,0,0,54.8,24.05,0,0,0,0,19-APR-2021,
OPTSTK,BANDHANBNK,24-Jun-2021,350,CE,0,0,0,52.6,22.6,0,0,0,0,19-APR-2021,
OPTSTK,BANDHANBNK,24-Jun-2021,355,CE,0,0,0,50.45,21.25,0,0,0,0,19-APR-2021,
OPTSTK,BANDHANBNK,24-Jun-2021,360,CE,0,0,0,48.4,19.95,0,0,0,0,19-APR-2021,
OPTSTK,BANDHANBNK,24-Jun-2021,365,CE,0,0,0,46.45,18.75,0,0,0,0,19-APR-2021,
OPTSTK,BANDHANBNK,24-Jun-2021,370,CE,0,0,0,44.5,17.6,0,0,0,0,19-APR-2021,
OPTSTK,BANDHANBNK,24-Jun-2021,375,CE,0,0,0,42.7,16.5,0,0,0,0,19-APR-2021,
OPTSTK,BANDHANBNK,24-Jun-2021,380,CE,0,0,0,40.9,15.5,0,0,0,0,19-APR-2021,
OPTSTK,BANDHANBNK,24-Jun-2021,385,CE,0,0,0,39.2,14.5,0,0,0,0,19-APR-2021,
OPTSTK,BANDHANBNK,24-Jun-2021,390,CE,0,0,0,37.55,13.6,0,0,0,0,19-APR-2021,
OPTSTK,BANDHANBNK,24-Jun-2021,395,CE,0,0,0,36,12.75,0,0,0,0,19-APR-2021,
OPTSTK,BANDHANBNK,24-Jun-2021,400,CE,0,0,0,34.45,11.95,0,0,0,0,19-APR-2021,
OPTSTK,BANDHANBNK,24-Jun-2021,405,CE,0,0,0,33,11.2,0,0,0,0,19-APR-2021,
OPTSTK,BANDHANBNK,24-Jun-2021,410,CE,0,0,0,31.6,10.45,0,0,0,0,19-APR-2021,
OPTSTK,BANDHANBNK,24-Jun-2021,415,CE,0,0,0,30.25,9.8,0,0,0,0,19-APR-2021,
OPTSTK,BANDHANBNK,24-Jun-2021,420,CE,0,0,0,28.95,9.15,0,0,0,0,19-APR-2021,
OPTSTK,BANDHANBNK,24-Jun-2021,425,CE,0,0,0,27.7,8.55,0,0,0,0,19-APR-2021,
OPTSTK,BANDHANBNK,24-Jun-2021,430,CE,0,0,0,26.55,8,0,0,0,0,19-APR-2021,
OPTSTK,BANDHANBNK,24-Jun-2021,435,CE,0,0,0,25.4,7.5,0,0,0,0,19-APR-2021,
OPTSTK,BANDHANBNK,24-Jun-2021,440,CE,0,0,0,24.3,7,0,0,0,0,19-APR-2021,
OPTSTK,BANDHANBNK,24-Jun-2021,445,CE,0,0,0,23.25,6.55,0,0,0,0,19-APR-2021,
OPTSTK,BANDHANBNK,24-Jun-2021,450,CE,0,0,0,22.2,6.1,0,0,0,0,19-APR-2021,
OPTSTK,BANDHANBNK,24-Jun-2021,455,CE,0,0,0,21.25,5.7,0,0,0,0,19-APR-2021,
OPTSTK,BANDHANBNK,24-Jun-2021,460,CE,0,0,0,20.3,5.35,0,0,0,0,19-APR-2021,
OPTSTK,BANDHANBNK,24-Jun-2021,465,CE,0,0,0,19.45,5,0,0,0,0,19-APR-2021,
OPTSTK,BANDHANBNK,24-Jun-2021,470,CE,0,0,0,18.6,4.65,0,0,0,0,19-APR-2021,
OPTSTK,BANDHANBNK,24-Jun-2021,475,CE,0,0,0,17.75,4.35,0,0,0,0,19-APR-2021,
OPTSTK,BANDHANBNK,24-Jun-2021,480,CE,0,0,0,17,4.05,0,0,0,0,19-APR-2021,
OPTSTK,BANDHANBNK,24-Jun-2021,485,CE,0,0,0,16.2,3.8,0,0,0,0,19-APR-2021,
OPTSTK,BANDHANBNK,24-Jun-2021,490,CE,0,0,0,15.5,3.55,0,0,0,0,19-APR-2021,
OPTSTK,BANDHANBNK,24-Jun-2021,210,PE,0,0,0,3.55,4.25,0,0,0,0,19-APR-2021,
OPTSTK,BANDHANBNK,24-Jun-2021,215,PE,0,0,0,4.15,5.05,0,0,0,0,19-APR-2021,
OPTSTK,BANDHANBNK,24-Jun-2021,220,PE,0,0,0,1.55,5.9,0,0,1800,0,19-APR-2021,
OPTSTK,BANDHANBNK,24-Jun-2021,225,PE,0,0,0,5.5,6.85,0,0,0,0,19-APR-2021,
OPTSTK,BANDHANBNK,24-Jun-2021,230,PE,0,0,0,6.25,7.85,0,0,0,0,19-APR-2021,
OPTSTK,BANDHANBNK,24-Jun-2021,235,PE,0,0,0,7.1,9,0,0,0,0,19-APR-2021,
OPTSTK,BANDHANBNK,24-Jun-2021,240,PE,0,0,0,8.05,10.3,0,0,0,0,19-APR-2021,
OPTSTK,BANDHANBNK,24-Jun-2021,245,PE,0,0,0,9.05,11.65,0,0,0,0,19-APR-2021,
OPTSTK,BANDHANBNK,24-Jun-2021,250,PE,0,0,0,10.1,13.1,0,0,0,0,19-APR-2021,
OPTSTK,BANDHANBNK,24-Jun-2021,255,PE,0,0,0,11.25,14.7,0,0,0,0,19-APR-2021,
OPTSTK,BANDHANBNK,24-Jun-2021,260,PE,0,0,0,12.5,16.4,0,0,0,0,19-APR-2021,
OPTSTK,BANDHANBNK,24-Jun-2021,265,PE,0,0,0,13.85,18.2,0,0,0,0,19-APR-2021,
OPTSTK,BANDHANBNK,24-Jun-2021,270,PE,0,0,0,15.25,20.1,0,0,0,0,19-APR-2021,
OPTSTK,BANDHANBNK,24-Jun-2021,275,PE,0,0,0,16.75,22.15,0,0,0,0,19-APR-2021,
OPTSTK,BANDHANBNK,24-Jun-2021,280,PE,0,0,0,6,24.3,0,0,1800,0,19-APR-2021,
OPTSTK,BANDHANBNK,24-Jun-2021,285,PE,0,0,0,20,26.6,0,0,0,0,19-APR-2021,
OPTSTK,BANDHANBNK,24-Jun-2021,290,PE,0,0,0,21.75,28.95,0,0,0,0,19-APR-2021,
OPTSTK,BANDHANBNK,24-Jun-2021,295,PE,0,0,0,23.55,31.45,0,0,0,0,19-APR-2021,
OPTSTK,BANDHANBNK,24-Jun-2021,300,PE,25,25,20,20.25,20.25,5,28.99,63000,3600,19-APR-2021,
OPTSTK,BANDHANBNK,24-Jun-2021,305,PE,0,0,0,27.5,36.75,0,0,0,0,19-APR-2021,
OPTSTK,BANDHANBNK,24-Jun-2021,310,PE,0,0,0,29.6,39.55,0,0,0,0,19-APR-2021,
OPTSTK,BANDHANBNK,24-Jun-2021,315,PE,0,0,0,31.8,42.45,0,0,0,0,19-APR-2021,
OPTSTK,BANDHANBNK,24-Jun-2021,320,PE,0,0,0,34.05,45.45,0,0,0,0,19-APR-2021,
OPTSTK,BANDHANBNK,24-Jun-2021,325,PE,0,0,0,36.4,48.55,0,0,0,0,19-APR-2021,
OPTSTK,BANDHANBNK,24-Jun-2021,330,PE,0,0,0,38.85,51.7,0,0,0,0,19-APR-2021,
OPTSTK,BANDHANBNK,24-Jun-2021,335,PE,0,0,0,41.35,55,0,0,0,0,19-APR-2021,
OPTSTK,BANDHANBNK,24-Jun-2021,340,PE,0,0,0,43.95,58.35,0,0,0,0,19-APR-2021,
OPTSTK,BANDHANBNK,24-Jun-2021,345,PE,0,0,0,46.65,61.8,0,0,0,0,19-APR-2021,
OPTSTK,BANDHANBNK,24-Jun-2021,350,PE,0,0,0,49.4,65.35,0,0,0,0,19-APR-2021,
OPTSTK,BANDHANBNK,24-Jun-2021,355,PE,0,0,0,52.2,68.95,0,0,0,0,19-APR-2021,
OPTSTK,BANDHANBNK,24-Jun-2021,360,PE,0,0,0,55.1,72.6,0,0,0,0,19-APR-2021,
OPTSTK,BANDHANBNK,24-Jun-2021,365,PE,0,0,0,58.1,76.35,0,0,0,0,19-APR-2021,
OPTSTK,BANDHANBNK,24-Jun-2021,370,PE,0,0,0,61.15,80.2,0,0,0,0,19-APR-2021,
OPTSTK,BANDHANBNK,24-Jun-2021,375,PE,0,0,0,64.25,84.05,0,0,0,0,19-APR-2021,
OPTSTK,BANDHANBNK,24-Jun-2021,380,PE,0,0,0,67.45,88,0,0,0,0,19-APR-2021,
OPTSTK,BANDHANBNK,24-Jun-2021,385,PE,0,0,0,70.65,92,0,0,0,0,19-APR-2021,
OPTSTK,BANDHANBNK,24-Jun-2021,390,PE,0,0,0,74,96.05,0,0,0,0,19-APR-2021,
OPTSTK,BANDHANBNK,24-Jun-2021,395,PE,0,0,0,77.35,100.2,0,0,0,0,19-APR-2021,
OPTSTK,BANDHANBNK,24-Jun-2021,400,PE,0,0,0,80.8,104.35,0,0,0,0,19-APR-2021,
OPTSTK,BANDHANBNK,24-Jun-2021,405,PE,0,0,0,84.3,108.55,0,0,0,0,19-APR-2021,
OPTSTK,BANDHANBNK,24-Jun-2021,410,PE,0,0,0,87.85,112.8,0,0,0,0,19-APR-2021,
OPTSTK,BANDHANBNK,24-Jun-2021,415,PE,0,0,0,91.45,117.1,0,0,0,0,19-APR-2021,
OPTSTK,BANDHANBNK,24-Jun-2021,420,PE,0,0,0,95.1,121.4,0,0,0,0,19-APR-2021,
OPTSTK,BANDHANBNK,24-Jun-2021,425,PE,0,0,0,98.8,125.8,0,0,0,0,19-APR-2021,
OPTSTK,BANDHANBNK,24-Jun-2021,430,PE,0,0,0,102.55,130.2,0,0,0,0,19-APR-2021,
OPTSTK,BANDHANBNK,24-Jun-2021,435,PE,0,0,0,106.4,134.65,0,0,0,0,19-APR-2021,
OPTSTK,BANDHANBNK,24-Jun-2021,440,PE,0,0,0,110.25,139.15,0,0,0,0,19-APR-2021,
OPTSTK,BANDHANBNK,24-Jun-2021,445,PE,0,0,0,114.15,143.65,0,0,0,0,19-APR-2021,
OPTSTK,BANDHANBNK,24-Jun-2021,450,PE,0,0,0,118.1,148.2,0,0,0,0,19-APR-2021,
OPTSTK,BANDHANBNK,24-Jun-2021,455,PE,0,0,0,122.05,152.75,0,0,0,0,19-APR-2021,
OPTSTK,BANDHANBNK,24-Jun-2021,460,PE,0,0,0,126.1,157.35,0,0,0,0,19-APR-2021,
OPTSTK,BANDHANBNK,24-Jun-2021,465,PE,0,0,0,130.15,161.95,0,0,0,0,19-APR-2021,
OPTSTK,BANDHANBNK,24-Jun-2021,470,PE,0,0,0,134.25,166.6,0,0,0,0,19-APR-2021,
OPTSTK,BANDHANBNK,24-Jun-2021,475,PE,0,0,0,138.4,171.25,0,0,0,0,19-APR-2021,
OPTSTK,BANDHANBNK,24-Jun-2021,480,PE,0,0,0,142.55,175.9,0,0,0,0,19-APR-2021,
OPTSTK,BANDHANBNK,24-Jun-2021,485,PE,0,0,0,146.75,180.6,0,0,0,0,19-APR-2021,
OPTSTK,BANDHANBNK,24-Jun-2021,490,PE,0,0,0,151,185.35,0,0,0,0,19-APR-2021,
OPTSTK,BANKBARODA,29-Apr-2021,39,CE,0,0,0,28.35,24.85,0,0,0,0,19-APR-2021,
OPTSTK,BANKBARODA,29-Apr-2021,40,CE,0,0,0,27.4,23.85,0,0,0,0,19-APR-2021,
OPTSTK,BANKBARODA,29-Apr-2021,41,CE,0,0,0,26.45,22.85,0,0,0,0,19-APR-2021,
OPTSTK,BANKBARODA,29-Apr-2021,42,CE,0,0,0,25.55,21.85,0,0,0,0,19-APR-2021,
OPTSTK,BANKBARODA,29-Apr-2021,43,CE,0,0,0,24.65,20.85,0,0,0,0,19-APR-2021,
OPTSTK,BANKBARODA,29-Apr-2021,44,CE,0,0,0,23.75,19.85,0,0,0,0,19-APR-2021,
OPTSTK,BANKBARODA,29-Apr-2021,45,CE,0,0,0,22.85,18.85,0,0,0,0,19-APR-2021,
OPTSTK,BANKBARODA,29-Apr-2021,46,CE,0,0,0,22,17.85,0,0,0,0,19-APR-2021,
OPTSTK,BANKBARODA,29-Apr-2021,47,CE,0,0,0,21.15,16.85,0,0,0,0,19-APR-2021,
OPTSTK,BANKBARODA,29-Apr-2021,47.5,CE,0,0,0,22.85,16.35,0,0,0,0,19-APR-2021,
OPTSTK,BANKBARODA,29-Apr-2021,48,CE,0,0,0,20.3,15.85,0,0,0,0,19-APR-2021,
OPTSTK,BANKBARODA,29-Apr-2021,49,CE,0,0,0,19.45,14.9,0,0,0,0,19-APR-2021,
OPTSTK,BANKBARODA,29-Apr-2021,50,CE,0,0,0,18.65,13.9,0,0,0,0,19-APR-2021,
OPTSTK,BANKBARODA,29-Apr-2021,51,CE,0,0,0,17.9,12.9,0,0,0,0,19-APR-2021,
OPTSTK,BANKBARODA,29-Apr-2021,52,CE,0,0,0,17.1,11.95,0,0,0,0,19-APR-2021,
OPTSTK,BANKBARODA,29-Apr-2021,52.5,CE,0,0,0,18.1,11.45,0,0,0,0,19-APR-2021,
OPTSTK,BANKBARODA,29-Apr-2021,53,CE,0,0,0,16.35,10.95,0,0,0,0,19-APR-2021,
OPTSTK,BANKBARODA,29-Apr-2021,54,CE,0,0,0,15.65,10,0,0,0,0,19-APR-2021,
OPTSTK,BANKBARODA,29-Apr-2021,55,CE,0,0,0,14.95,9.1,0,0,0,0,19-APR-2021,
OPTSTK,BANKBARODA,29-Apr-2021,56,CE,0,0,0,14.25,8.2,0,0,0,0,19-APR-2021,
OPTSTK,BANKBARODA,29-Apr-2021,57,CE,0,0,0,13.6,7.35,0,0,0,0,19-APR-2021,
OPTSTK,BANKBARODA,29-Apr-2021,57.5,CE,0,0,0,13.75,6.9,0,0,0,0,19-APR-2021,
OPTSTK,BANKBARODA,29-Apr-2021,58,CE,0,0,0,12.95,6.5,0,0,0,0,19-APR-2021,
OPTSTK,BANKBARODA,29-Apr-2021,59,CE,0,0,0,12.3,5.75,0,0,0,0,19-APR-2021,
OPTSTK,BANKBARODA,29-Apr-2021,60,CE,5,5.5,4.1,5.05,5.05,40,302.91,292500,198900,19-APR-2021,
OPTSTK,BANKBARODA,29-Apr-2021,61,CE,0,0,0,11.15,4.35,0,0,0,0,19-APR-2021,
OPTSTK,BANKBARODA,29-Apr-2021,62,CE,0,0,0,10.6,3.7,0,0,0,0,19-APR-2021,
OPTSTK,BANKBARODA,29-Apr-2021,62.5,CE,2.7,3.35,2.7,3.15,3.4,14,107.35,105300,105300,19-APR-2021,
OPTSTK,BANKBARODA,29-Apr-2021,63,CE,2.7,2.95,2.3,2.85,2.85,95,728.92,456300,456300,19-APR-2021,
OPTSTK,BANKBARODA,29-Apr-2021,64,CE,2.3,2.6,1.95,2.3,2.3,143,1108.73,468000,468000,19-APR-2021,
OPTSTK,BANKBARODA,29-Apr-2021,65,CE,0.7,2.45,0.7,1.9,1.9,845,6611.89,3533400,1848600,19-APR-2021,
OPTSTK,BANKBARODA,29-Apr-2021,66,CE,1.75,1.85,1.3,1.55,1.55,215,1699.09,760500,479700,19-APR-2021,
OPTSTK,BANKBARODA,29-Apr-2021,67,CE,0.7,1.5,0.7,1.3,1.3,131,1045.72,702000,46800,19-APR-2021,
OPTSTK,BANKBARODA,29-Apr-2021,67.5,CE,2.05,2.05,0.95,1.15,1.15,49,393.55,409500,58500,19-APR-2021,
OPTSTK,BANKBARODA,29-Apr-2021,68,CE,0.95,1.3,0.85,1.05,1.05,278,2245.73,1181700,292500,19-APR-2021,
OPTSTK,BANKBARODA,29-Apr-2021,69,CE,0.9,1,0.75,0.85,0.85,161,1316.36,830700,0,19-APR-2021,
OPTSTK,BANKBARODA,29-Apr-2021,70,CE,0.9,1.1,0.6,0.75,0.75,1395,11543.76,8704800,1310400,19-APR-2021,
OPTSTK,BANKBARODA,29-Apr-2021,71,CE,0.6,0.7,0.5,0.65,0.65,36,301.61,655200,11700,19-APR-2021,
OPTSTK,BANKBARODA,29-Apr-2021,72,CE,0.7,0.7,0.45,0.55,0.55,205,1739.52,1883700,81900,19-APR-2021,
OPTSTK,BANKBARODA,29-Apr-2021,72.5,CE,0.5,0.5,0.35,0.4,0.4,6,51.17,432900,35100,19-APR-2021,
OPTSTK,BANKBARODA,29-Apr-2021,73,CE,0.5,0.55,0.35,0.45,0.45,29,249.21,1111500,11700,19-APR-2021,
OPTSTK,BANKBARODA,29-Apr-2021,74,CE,0.35,0.45,0.3,0.4,0.4,30,260.99,1322100,81900,19-APR-2021,
OPTSTK,BANKBARODA,29-Apr-2021,75,CE,0.5,0.5,0.25,0.35,0.35,695,6126.04,9699300,-292500,19-APR-2021,
OPTSTK,BANKBARODA,29-Apr-2021,76,CE,0.45,0.45,0.25,0.35,0.35,63,562.46,1322100,-81900,19-APR-2021,
OPTSTK,BANKBARODA,29-Apr-2021,77,CE,0.25,0.35,0.2,0.3,0.3,20,180.79,1216800,-105300,19-APR-2021,
OPTSTK,BANKBARODA,29-Apr-2021,77.5,CE,0.25,0.3,0.25,0.3,0.1,6,54.58,257400,0,19-APR-2021,
OPTSTK,BANKBARODA,29-Apr-2021,78,CE,0.35,0.35,0.2,0.25,0.25,34,311.31,912600,-23400,19-APR-2021,
OPTSTK,BANKBARODA,29-Apr-2021,79,CE,0.2,0.2,0.2,0.2,0.1,4,37.06,269100,0,19-APR-2021,
OPTSTK,BANKBARODA,29-Apr-2021,80,CE,0.3,0.3,0.15,0.25,0.25,554,5198.43,16660800,11700,19-APR-2021,
OPTSTK,BANKBARODA,29-Apr-2021,81,CE,0.25,0.25,0.15,0.15,0.05,7,66.51,444600,11700,19-APR-2021,
OPTSTK,BANKBARODA,29-Apr-2021,82,CE,0.1,0.15,0.1,0.1,0.05,16,153.73,1626300,-117000,19-APR-2021,
OPTSTK,BANKBARODA,29-Apr-2021,82.5,CE,0,0,0,0.5,0.05,0,0,35100,0,19-APR-2021,
OPTSTK,BANKBARODA,29-Apr-2021,83,CE,0,0,0,0.3,0.05,0,0,222300,0,19-APR-2021,
OPTSTK,BANKBARODA,29-Apr-2021,84,CE,0.1,0.1,0.1,0.1,0.05,1,9.83,93600,0,19-APR-2021,
OPTSTK,BANKBARODA,29-Apr-2021,85,CE,0.15,0.15,0.1,0.15,0.05,86,856.38,3896100,-409500,19-APR-2021,
OPTSTK,BANKBARODA,29-Apr-2021,86,CE,0,0,0,0.3,0.05,0,0,280800,0,19-APR-2021,
OPTSTK,BANKBARODA,29-Apr-2021,87,CE,0.1,0.1,0.1,0.1,0.1,3,30.57,152100,-11700,19-APR-2021,
OPTSTK,BANKBARODA,29-Apr-2021,87.5,CE,0,0,0,0.7,0,0,0,11700,0,19-APR-2021,
OPTSTK,BANKBARODA,29-Apr-2021,88,CE,0,0,0,0.2,0,0,0,140400,0,19-APR-2021,
OPTSTK,BANKBARODA,29-Apr-2021,89,CE,0,0,0,0.25,0,0,0,81900,0,19-APR-2021,
OPTSTK,BANKBARODA,29-Apr-2021,90,CE,0.1,0.15,0.05,0.1,0.1,52,548.16,6095700,-140400,19-APR-2021,
OPTSTK,BANKBARODA,29-Apr-2021,91,CE,0.1,0.1,0.05,0.05,0.05,3,31.96,105300,-23400,19-APR-2021,
OPTSTK,BANKBARODA,29-Apr-2021,92,CE,0,0,0,0.2,0,0,0,81900,0,19-APR-2021,
OPTSTK,BANKBARODA,29-Apr-2021,92.5,CE,0,0,0,0.7,0,0,0,11700,0,19-APR-2021,
OPTSTK,BANKBARODA,29-Apr-2021,93,CE,0,0,0,0.2,0,0,0,35100,0,19-APR-2021,
OPTSTK,BANKBARODA,29-Apr-2021,94,CE,0.05,0.05,0.05,0.05,0.05,1,11,11700,-11700,19-APR-2021,
OPTSTK,BANKBARODA,29-Apr-2021,95,CE,0.05,0.05,0.05,0.05,0,35,389.22,737100,-292500,19-APR-2021,
OPTSTK,BANKBARODA,29-Apr-2021,96,CE,0.05,0.05,0.05,0.05,0,1,11.23,35100,-11700,19-APR-2021,
OPTSTK,BANKBARODA,29-Apr-2021,97,CE,0,0,0,0.5,0,0,0,35100,0,19-APR-2021,
OPTSTK,BANKBARODA,29-Apr-2021,98,CE,0,0,0,0.9,0,0,0,35100,0,19-APR-2021,
OPTSTK,BANKBARODA,29-Apr-2021,99,CE,0,0,0,0.4,0,0,0,11700,0,19-APR-2021,
OPTSTK,BANKBARODA,29-Apr-2021,100,CE,0.05,0.1,0.05,0.05,0,36,421.45,1953900,-198900,19-APR-2021,
OPTSTK,BANKBARODA,29-Apr-2021,101,CE,0,0,0,2.1,0,0,0,0,0,19-APR-2021,
OPTSTK,BANKBARODA,29-Apr-2021,102,CE,0,0,0,1.95,0,0,0,0,0,19-APR-2021,
OPTSTK,BANKBARODA,29-Apr-2021,103,CE,0,0,0,2.05,0,0,0,0,0,19-APR-2021,
OPTSTK,BANKBARODA,29-Apr-2021,104,CE,0,0,0,2.35,0,0,0,0,0,19-APR-2021,
OPTSTK,BANKBARODA,29-Apr-2021,105,CE,0,0,0,0.05,0,0,0,105300,0,19-APR-2021,
OPTSTK,BANKBARODA,29-Apr-2021,106,CE,0,0,0,3.15,0,0,0,0,0,19-APR-2021,
OPTSTK,BANKBARODA,29-Apr-2021,107,CE,0,0,0,3,0,0,0,0,0,19-APR-2021,
OPTSTK,BANKBARODA,29-Apr-2021,108,CE,0,0,0,2.85,0,0,0,0,0,19-APR-2021,
OPTSTK,BANKBARODA,29-Apr-2021,109,CE,0,0,0,2.7,0,0,0,0,0,19-APR-2021,
OPTSTK,BANKBARODA,29-Apr-2021,110,CE,0,0,0,0.05,0,0,0,93600,0,19-APR-2021,
OPTSTK,BANKBARODA,29-Apr-2021,39,PE,0,0,0,0.2,0,0,0,11700,0,19-APR-2021,
OPTSTK,BANKBARODA,29-Apr-2021,40,PE,0.1,0.1,0.1,0.1,0,2,9.38,187200,23400,19-APR-2021,
OPTSTK,BANKBARODA,29-Apr-2021,41,PE,0,0,0,0.35,0,0,0,0,0,19-APR-2021,
OPTSTK,BANKBARODA,29-Apr-2021,42,PE,0,0,0,0.4,0,0,0,0,0,19-APR-2021,
OPTSTK,BANKBARODA,29-Apr-2021,43,PE,0,0,0,0.5,0,0,0,0,0,19-APR-2021,
OPTSTK,BANKBARODA,29-Apr-2021,44,PE,0,0,0,0.6,0,0,0,0,0,19-APR-2021,
OPTSTK,BANKBARODA,29-Apr-2021,45,PE,0,0,0,0.1,0,0,0,11700,0,19-APR-2021,
OPTSTK,BANKBARODA,29-Apr-2021,46,PE,0,0,0,0.8,0,0,0,0,0,19-APR-2021,
OPTSTK,BANKBARODA,29-Apr-2021,47,PE,0,0,0,0.95,0,0,0,0,0,19-APR-2021,
OPTSTK,BANKBARODA,29-Apr-2021,47.5,PE,0,0,0,0.1,0,0,0,0,0,19-APR-2021,
OPTSTK,BANKBARODA,29-Apr-2021,48,PE,0,0,0,1.1,0.05,0,0,0,0,19-APR-2021,
OPTSTK,BANKBARODA,29-Apr-2021,49,PE,0,0,0,1.25,0.05,0,0,0,0,19-APR-2021,
OPTSTK,BANKBARODA,29-Apr-2021,50,PE,0.1,0.25,0.1,0.2,0.05,11,64.59,596700,11700,19-APR-2021,
OPTSTK,BANKBARODA,29-Apr-2021,51,PE,0,0,0,0.25,0.05,0,0,23400,0,19-APR-2021,
OPTSTK,BANKBARODA,29-Apr-2021,52,PE,0,0,0,0.35,0.1,0,0,11700,0,19-APR-2021,
OPTSTK,BANKBARODA,29-Apr-2021,52.5,PE,0,0,0,0.35,0.1,0,0,0,0,19-APR-2021,
OPTSTK,BANKBARODA,29-Apr-2021,53,PE,0,0,0,0.15,0.1,0,0,23400,0,19-APR-2021,
OPTSTK,BANKBARODA,29-Apr-2021,54,PE,0,0,0,2.4,0.15,0,0,0,0,19-APR-2021,
OPTSTK,BANKBARODA,29-Apr-2021,55,PE,0.8,0.8,0.3,0.35,0.35,246,1597.14,959400,269100,19-APR-2021,
OPTSTK,BANKBARODA,29-Apr-2021,56,PE,0.35,0.4,0.35,0.4,0.4,2,13.19,81900,0,19-APR-2021,
OPTSTK,BANKBARODA,29-Apr-2021,57,PE,0,0,0,1,0.5,0,0,81900,0,19-APR-2021,
OPTSTK,BANKBARODA,29-Apr-2021,57.5,PE,0,0,0,1,0.55,0,0,0,0,19-APR-2021,
OPTSTK,BANKBARODA,29-Apr-2021,58,PE,0.45,1.1,0.45,0.6,0.6,61,419.79,514800,245700,19-APR-2021,
OPTSTK,BANKBARODA,29-Apr-2021,59,PE,0.85,1.3,0.7,0.75,0.75,55,386.01,397800,280800,19-APR-2021,
OPTSTK,BANKBARODA,29-Apr-2021,60,PE,1.25,1.6,0.85,0.95,0.95,703,5034.53,5943600,234000,19-APR-2021,
OPTSTK,BANKBARODA,29-Apr-2021,61,PE,1.45,1.75,1.15,1.15,1.15,27,197.11,210600,128700,19-APR-2021,
OPTSTK,BANKBARODA,29-Apr-2021,62,PE,1.6,2.3,1.4,1.45,1.45,127,947.72,304200,-93600,19-APR-2021,
OPTSTK,BANKBARODA,29-Apr-2021,62.5,PE,1.9,2.55,1.5,1.65,1.65,286,2161.4,526500,327600,19-APR-2021,
OPTSTK,BANKBARODA,29-Apr-2021,63,PE,2,2.75,1.75,1.85,1.85,278,2125.49,2152800,748800,19-APR-2021,
OPTSTK,BANKBARODA,29-Apr-2021,64,PE,2.95,3.3,2.25,2.4,2.4,135,1052.61,421200,-128700,19-APR-2021,
OPTSTK,BANKBARODA,29-Apr-2021,65,PE,3.8,4,2.6,2.9,2.9,480,3838.78,3416400,-1158300,19-APR-2021,
OPTSTK,BANKBARODA,29-Apr-2021,66,PE,3.4,4.4,3.3,3.45,3.45,67,546.37,865800,-128700,19-APR-2021,
OPTSTK,BANKBARODA,29-Apr-2021,67,PE,4.2,5.55,4.15,4.35,4.65,31,260.88,643500,-93600,19-APR-2021,
OPTSTK,BANKBARODA,29-Apr-2021,67.5,PE,4.45,5.85,4.45,5.55,5,24,203.63,514800,93600,19-APR-2021,
OPTSTK,BANKBARODA,29-Apr-2021,68,PE,5.4,6.15,4.45,5.6,5.35,20,172,912600,-70200,19-APR-2021,
OPTSTK,BANKBARODA,29-Apr-2021,69,PE,4.85,6.95,4.85,5.9,5.9,28,245.62,783900,-46800,19-APR-2021,
OPTSTK,BANKBARODA,29-Apr-2021,70,PE,6.95,7.85,6.25,6.65,6.65,53,477.33,4024800,-210600,19-APR-2021,
OPTSTK,BANKBARODA,29-Apr-2021,71,PE,7.95,8.8,7.5,7.55,7.55,4,36.94,315900,-11700,19-APR-2021,
OPTSTK,BANKBARODA,29-Apr-2021,72,PE,8.4,9.75,8.25,9.75,8.6,5,47.27,854100,-11700,19-APR-2021,
OPTSTK,BANKBARODA,29-Apr-2021,72.5,PE,0,0,0,5.15,9.05,0,0,245700,0,19-APR-2021,
OPTSTK,BANKBARODA,29-Apr-2021,73,PE,9.7,10,9.6,10,9.5,3,29.05,748800,-23400,19-APR-2021,
OPTSTK,BANKBARODA,29-Apr-2021,74,PE,10.8,10.85,10.8,10.85,10.4,2,19.84,666900,-23400,19-APR-2021,
OPTSTK,BANKBARODA,29-Apr-2021,75,PE,11,12.6,11,11.55,11.55,23,233.92,3194100,-198900,19-APR-2021,
OPTSTK,BANKBARODA,29-Apr-2021,76,PE,12.8,12.8,12.8,12.8,12.3,1,10.38,374400,-11700,19-APR-2021,
OPTSTK,BANKBARODA,29-Apr-2021,77,PE,13.65,13.65,13.65,13.65,13.25,1,10.6,386100,0,19-APR-2021,
OPTSTK,BANKBARODA,29-Apr-2021,77.5,PE,0,0,0,8.9,13.75,0,0,117000,0,19-APR-2021,
OPTSTK,BANKBARODA,29-Apr-2021,78,PE,14.5,14.5,14.5,14.5,14.25,1,10.82,152100,-11700,19-APR-2021,
OPTSTK,BANKBARODA,29-Apr-2021,79,PE,0,0,0,6.45,15.2,0,0,23400,0,19-APR-2021,
OPTSTK,BANKBARODA,29-Apr-2021,80,PE,16.05,17,16,16,16.2,7,79.09,1778400,-70200,19-APR-2021,
OPTSTK,BANKBARODA,29-Apr-2021,81,PE,0,0,0,17.1,17.15,0,0,0,0,19-APR-2021,
OPTSTK,BANKBARODA,29-Apr-2021,82,PE,0,0,0,14.35,18.15,0,0,1345500,0,19-APR-2021,
OPTSTK,BANKBARODA,29-Apr-2021,82.5,PE,0,0,0,13.9,18.65,0,0,0,0,19-APR-2021,
OPTSTK,BANKBARODA,29-Apr-2021,83,PE,0,0,0,11.8,19.15,0,0,11700,0,19-APR-2021,
OPTSTK,BANKBARODA,29-Apr-2021,84,PE,0,0,0,12,20.15,0,0,11700,0,19-APR-2021,
OPTSTK,BANKBARODA,29-Apr-2021,85,PE,0,0,0,15.5,21.15,0,0,362700,0,19-APR-2021,
OPTSTK,BANKBARODA,29-Apr-2021,86,PE,0,0,0,11.45,22.15,0,0,11700,0,19-APR-2021,
OPTSTK,BANKBARODA,29-Apr-2021,87,PE,0,0,0,21.9,23.15,0,0,0,0,19-APR-2021,
OPTSTK,BANKBARODA,29-Apr-2021,87.5,PE,0,0,0,18.15,23.65,0,0,0,0,19-APR-2021,
OPTSTK,BANKBARODA,29-Apr-2021,88,PE,0,0,0,15.9,24.15,0,0,11700,0,19-APR-2021,
OPTSTK,BANKBARODA,29-Apr-2021,89,PE,0,0,0,10.15,25.15,0,0,11700,0,19-APR-2021,
OPTSTK,BANKBARODA,29-Apr-2021,90,PE,27,27,26.5,26.7,26.15,11,150.09,362700,-93600,19-APR-2021,
OPTSTK,BANKBARODA,29-Apr-2021,91,PE,0,0,0,25.35,27.15,0,0,0,0,19-APR-2021,
OPTSTK,BANKBARODA,29-Apr-2021,92,PE,0,0,0,26.2,28.15,0,0,0,0,19-APR-2021,
OPTSTK,BANKBARODA,29-Apr-2021,92.5,PE,0,0,0,22.7,28.65,0,0,0,0,19-APR-2021,
OPTSTK,BANKBARODA,29-Apr-2021,93,PE,0,0,0,27.1,29.15,0,0,0,0,19-APR-2021,
OPTSTK,BANKBARODA,29-Apr-2021,94,PE,0,0,0,27.95,30.15,0,0,0,0,19-APR-2021,
OPTSTK,BANKBARODA,29-Apr-2021,95,PE,0,0,0,22,31.15,0,0,11700,0,19-APR-2021,
OPTSTK,BANKBARODA,29-Apr-2021,96,PE,0,0,0,28.75,32.1,0,0,0,0,19-APR-2021,
OPTSTK,BANKBARODA,29-Apr-2021,97,PE,0,0,0,24.85,33.1,0,0,0,0,19-APR-2021,
OPTSTK,BANKBARODA,29-Apr-2021,98,PE,0,0,0,25.7,34.1,0,0,0,0,19-APR-2021,
OPTSTK,BANKBARODA,29-Apr-2021,99,PE,0,0,0,26.55,35.1,0,0,0,0,19-APR-2021,
OPTSTK,BANKBARODA,29-Apr-2021,100,PE,0,0,0,32.25,36.1,0,0,46800,0,19-APR-2021,
OPTSTK,BANKBARODA,29-Apr-2021,101,PE,0,0,0,28.3,37.1,0,0,0,0,19-APR-2021,
OPTSTK,BANKBARODA,29-Apr-2021,102,PE,0,0,0,29.15,38.1,0,0,0,0,19-APR-2021,
OPTSTK,BANKBARODA,29-Apr-2021,103,PE,0,0,0,29.5,39.1,0,0,0,0,19-APR-2021,
OPTSTK,BANKBARODA,29-Apr-2021,104,PE,0,0,0,28.35,40.1,0,0,0,0,19-APR-2021,
OPTSTK,BANKBARODA,29-Apr-2021,105,PE,0,0,0,29.2,41.1,0,0,0,0,19-APR-2021,
OPTSTK,BANKBARODA,29-Apr-2021,106,PE,0,0,0,26.2,42.1,0,0,0,0,19-APR-2021,
OPTSTK,BANKBARODA,29-Apr-2021,107,PE,0,0,0,27,43.1,0,0,0,0,19-APR-2021,
OPTSTK,BANKBARODA,29-Apr-2021,108,PE,0,0,0,27.85,44.1,0,0,0,0,19-APR-2021,
OPTSTK,BANKBARODA,29-Apr-2021,109,PE,0,0,0,28.7,45.1,0,0,0,0,19-APR-2021,
OPTSTK,BANKBARODA,29-Apr-2021,110,PE,0,0,0,29.55,46.1,0,0,0,0,19-APR-2021,
OPTSTK,BANKBARODA,27-May-2021,47.5,CE,0,0,0,23.3,16.9,0,0,0,0,19-APR-2021,
OPTSTK,BANKBARODA,27-May-2021,50,CE,0,0,0,28.2,14.65,0,0,0,0,19-APR-2021,
OPTSTK,BANKBARODA,27-May-2021,52.5,CE,0,0,0,18.95,12.6,0,0,0,0,19-APR-2021,
OPTSTK,BANKBARODA,27-May-2021,55,CE,0,0,0,29.7,10.65,0,0,0,0,19-APR-2021,
OPTSTK,BANKBARODA,27-May-2021,57.5,CE,0,0,0,15,8.9,0,0,0,0,19-APR-2021,
OPTSTK,BANKBARODA,27-May-2021,58,CE,0,0,0,29,8.6,0,0,0,0,19-APR-2021,
OPTSTK,BANKBARODA,27-May-2021,59,CE,0,0,0,28.15,7.95,0,0,0,0,19-APR-2021,
OPTSTK,BANKBARODA,27-May-2021,60,CE,7.05,7.05,7.05,7.05,7.05,1,7.84,11700,11700,19-APR-2021,
OPTSTK,BANKBARODA,27-May-2021,61,CE,0,0,0,26.5,6.8,0,0,0,0,19-APR-2021,
OPTSTK,BANKBARODA,27-May-2021,62,CE,0,0,0,29.85,6.25,0,0,0,0,19-APR-2021,
OPTSTK,BANKBARODA,27-May-2021,62.5,CE,0,0,0,11.6,6,0,0,0,0,19-APR-2021,
OPTSTK,BANKBARODA,27-May-2021,63,CE,0,0,0,29.05,5.75,0,0,0,0,19-APR-2021,
OPTSTK,BANKBARODA,27-May-2021,64,CE,5,5,5,5,5.3,1,8.07,11700,11700,19-APR-2021,
OPTSTK,BANKBARODA,27-May-2021,65,CE,4,4,4,4,4.85,1,8.07,11700,11700,19-APR-2021,
OPTSTK,BANKBARODA,27-May-2021,66,CE,0,0,0,26.6,4.45,0,0,0,0,19-APR-2021,
OPTSTK,BANKBARODA,27-May-2021,67,CE,0,0,0,25.8,4.05,0,0,0,0,19-APR-2021,
OPTSTK,BANKBARODA,27-May-2021,67.5,CE,0,0,0,8.75,3.85,0,0,0,0,19-APR-2021,
OPTSTK,BANKBARODA,27-May-2021,68,CE,0,0,0,25.05,3.7,0,0,0,0,19-APR-2021,
OPTSTK,BANKBARODA,27-May-2021,69,CE,0,0,0,24.3,3.35,0,0,0,0,19-APR-2021,
OPTSTK,BANKBARODA,27-May-2021,70,CE,3.45,3.45,2.5,2.8,2.8,75,638.25,783900,491400,19-APR-2021,
OPTSTK,BANKBARODA,27-May-2021,71,CE,0,0,0,22.8,2.75,0,0,0,0,19-APR-2021,
OPTSTK,BANKBARODA,27-May-2021,72,CE,0,0,0,22.1,2.5,0,0,0,0,19-APR-2021,
OPTSTK,BANKBARODA,27-May-2021,72.5,CE,0,0,0,6.5,2.4,0,0,0,0,19-APR-2021,
OPTSTK,BANKBARODA,27-May-2021,73,CE,0,0,0,21.4,2.25,0,0,0,0,19-APR-2021,
OPTSTK,BANKBARODA,27-May-2021,74,CE,0,0,0,20.7,2.05,0,0,0,0,19-APR-2021,
OPTSTK,BANKBARODA,27-May-2021,75,CE,1.6,1.7,1.4,1.7,1.7,18,161.26,222300,93600,19-APR-2021,
OPTSTK,BANKBARODA,27-May-2021,76,CE,0,0,0,19.35,1.65,0,0,0,0,19-APR-2021,
OPTSTK,BANKBARODA,27-May-2021,77,CE,0,0,0,18.75,1.5,0,0,0,0,19-APR-2021,
OPTSTK,BANKBARODA,27-May-2021,77.5,CE,0,0,0,4.7,1.4,0,0,0,0,19-APR-2021,
OPTSTK,BANKBARODA,27-May-2021,78,CE,0,0,0,18.1,1.35,0,0,0,0,19-APR-2021,
OPTSTK,BANKBARODA,27-May-2021,79,CE,0,0,0,17.5,1.2,0,0,0,0,19-APR-2021,
OPTSTK,BANKBARODA,27-May-2021,80,CE,1.45,1.5,0.9,1.25,1.25,33,313.05,772200,234000,19-APR-2021,
OPTSTK,BANKBARODA,27-May-2021,81,CE,0,0,0,16.3,0.95,0,0,0,0,19-APR-2021,
OPTSTK,BANKBARODA,27-May-2021,82,CE,0,0,0,15.75,0.85,0,0,0,0,19-APR-2021,
OPTSTK,BANKBARODA,27-May-2021,82.5,CE,0,0,0,3.35,0.8,0,0,0,0,19-APR-2021,
OPTSTK,BANKBARODA,27-May-2021,83,CE,0,0,0,15.2,0.75,0,0,0,0,19-APR-2021,
OPTSTK,BANKBARODA,27-May-2021,84,CE,0,0,0,14.65,0.7,0,0,0,0,19-APR-2021,
OPTSTK,BANKBARODA,27-May-2021,85,CE,0,0,0,14.15,0.6,0,0,0,0,19-APR-2021,
OPTSTK,BANKBARODA,27-May-2021,86,CE,0,0,0,13.6,0.55,0,0,0,0,19-APR-2021,
OPTSTK,BANKBARODA,27-May-2021,87,CE,0,0,0,13.15,0.5,0,0,0,0,19-APR-2021,
OPTSTK,BANKBARODA,27-May-2021,87.5,CE,0,0,0,2.4,0.45,0,0,0,0,19-APR-2021,
OPTSTK,BANKBARODA,27-May-2021,88,CE,0,0,0,12.65,0.45,0,0,0,0,19-APR-2021,
OPTSTK,BANKBARODA,27-May-2021,89,CE,0,0,0,12.2,0.4,0,0,0,0,19-APR-2021,
OPTSTK,BANKBARODA,27-May-2021,90,CE,0,0,0,11.75,0.35,0,0,0,0,19-APR-2021,
OPTSTK,BANKBARODA,27-May-2021,91,CE,0,0,0,11.3,0.3,0,0,0,0,19-APR-2021,
OPTSTK,BANKBARODA,27-May-2021,92,CE,0,0,0,10.9,0.25,0,0,0,0,19-APR-2021,
OPTSTK,BANKBARODA,27-May-2021,92.5,CE,0,0,0,1.65,0.25,0,0,0,0,19-APR-2021,
OPTSTK,BANKBARODA,27-May-2021,93,CE,0,0,0,10.45,0.25,0,0,0,0,19-APR-2021,
OPTSTK,BANKBARODA,27-May-2021,94,CE,0,0,0,10.05,0.2,0,0,0,0,19-APR-2021,
OPTSTK,BANKBARODA,27-May-2021,95,CE,0,0,0,9.7,0.2,0,0,0,0,19-APR-2021,
OPTSTK,BANKBARODA,27-May-2021,96,CE,0,0,0,9.3,0.15,0,0,0,0,19-APR-2021,
OPTSTK,BANKBARODA,27-May-2021,97,CE,0,0,0,8.95,0.15,0,0,0,0,19-APR-2021,
OPTSTK,BANKBARODA,27-May-2021,98,CE,0,0,0,8.6,0.15,0,0,0,0,19-APR-2021,
OPTSTK,BANKBARODA,27-May-2021,99,CE,0,0,0,8.25,0.1,0,0,0,0,19-APR-2021,
OPTSTK,BANKBARODA,27-May-2021,100,CE,0,0,0,7.95,0.1,0,0,0,0,19-APR-2021,
OPTSTK,BANKBARODA,27-May-2021,101,CE,0,0,0,7.65,0.1,0,0,0,0,19-APR-2021,
OPTSTK,BANKBARODA,27-May-2021,102,CE,0,0,0,7.35,0.1,0,0,0,0,19-APR-2021,
OPTSTK,BANKBARODA,27-May-2021,103,CE,0,0,0,7.05,0.1,0,0,0,0,19-APR-2021,
OPTSTK,BANKBARODA,27-May-2021,104,CE,0,0,0,6.75,0.05,0,0,0,0,19-APR-2021,
OPTSTK,BANKBARODA,27-May-2021,105,CE,0,0,0,6.5,0.05,0,0,0,0,19-APR-2021,
OPTSTK,BANKBARODA,27-May-2021,106,CE,0,0,0,6.2,0.05,0,0,0,0,19-APR-2021,
OPTSTK,BANKBARODA,27-May-2021,107,CE,0,0,0,6,0.05,0,0,0,0,19-APR-2021,
OPTSTK,BANKBARODA,27-May-2021,108,CE,0,0,0,5.75,0.05,0,0,0,0,19-APR-2021,
OPTSTK,BANKBARODA,27-May-2021,109,CE,0,0,0,5.5,0.05,0,0,0,0,19-APR-2021,
OPTSTK,BANKBARODA,27-May-2021,110,CE,0,0,0,0.35,0.05,0,0,11700,0,19-APR-2021,
OPTSTK,BANKBARODA,27-May-2021,47.5,PE,0,0,0,0.45,0.4,0,0,0,0,19-APR-2021,
OPTSTK,BANKBARODA,27-May-2021,50,PE,0,0,0,0.5,0.65,0,0,0,0,19-APR-2021,
OPTSTK,BANKBARODA,27-May-2021,52.5,PE,0,0,0,1.05,1.1,0,0,0,0,19-APR-2021,
OPTSTK,BANKBARODA,27-May-2021,55,PE,0,0,0,0.85,1.65,0,0,0,0,19-APR-2021,
OPTSTK,BANKBARODA,27-May-2021,57.5,PE,0,0,0,2.1,2.4,0,0,0,0,19-APR-2021,
OPTSTK,BANKBARODA,27-May-2021,58,PE,0,0,0,1.1,2.55,0,0,0,0,19-APR-2021,
OPTSTK,BANKBARODA,27-May-2021,59,PE,0,0,0,1.25,2.95,0,0,0,0,19-APR-2021,
OPTSTK,BANKBARODA,27-May-2021,60,PE,3,3.2,2.8,2.8,2.8,10,73.63,152100,46800,19-APR-2021,
OPTSTK,BANKBARODA,27-May-2021,61,PE,0,0,0,1.55,3.75,0,0,0,0,19-APR-2021,
OPTSTK,BANKBARODA,27-May-2021,62,PE,0,0,0,1,4.25,0,0,23400,0,19-APR-2021,
OPTSTK,BANKBARODA,27-May-2021,62.5,PE,0,0,0,3.65,4.45,0,0,0,0,19-APR-2021,
OPTSTK,BANKBARODA,27-May-2021,63,PE,0,0,0,1.5,4.7,0,0,0,0,19-APR-2021,
OPTSTK,BANKBARODA,27-May-2021,64,PE,0,0,0,1.65,5.25,0,0,0,0,19-APR-2021,
OPTSTK,BANKBARODA,27-May-2021,65,PE,0,0,0,3.5,5.8,0,0,11700,0,19-APR-2021,
OPTSTK,BANKBARODA,27-May-2021,66,PE,0,0,0,2.05,6.35,0,0,0,0,19-APR-2021,
OPTSTK,BANKBARODA,27-May-2021,67,PE,0,0,0,2.25,7,0,0,0,0,19-APR-2021,
OPTSTK,BANKBARODA,27-May-2021,67.5,PE,0,0,0,5.8,7.3,0,0,0,0,19-APR-2021,
OPTSTK,BANKBARODA,27-May-2021,68,PE,0,0,0,2.2,7.6,0,0,35100,0,19-APR-2021,
OPTSTK,BANKBARODA,27-May-2021,69,PE,0,0,0,2.7,8.3,0,0,0,0,19-APR-2021,
OPTSTK,BANKBARODA,27-May-2021,70,PE,7,8.25,7,8.25,8.25,3,27.17,198900,35100,19-APR-2021,
OPTSTK,BANKBARODA,27-May-2021,71,PE,0,0,0,3.2,9.7,0,0,0,0,19-APR-2021,
OPTSTK,BANKBARODA,27-May-2021,72,PE,0,0,0,3.45,10.4,0,0,0,0,19-APR-2021,
OPTSTK,BANKBARODA,27-May-2021,72.5,PE,0,0,0,8.45,10.8,0,0,0,0,19-APR-2021,
OPTSTK,BANKBARODA,27-May-2021,73,PE,0,0,0,3.75,11.2,0,0,0,0,19-APR-2021,
OPTSTK,BANKBARODA,27-May-2021,74,PE,0,0,0,4.05,11.95,0,0,0,0,19-APR-2021,
OPTSTK,BANKBARODA,27-May-2021,75,PE,12,13.2,12,13.2,12.75,4,41.13,46800,46800,19-APR-2021,
OPTSTK,BANKBARODA,27-May-2021,76,PE,0,0,0,4.7,13.55,0,0,0,0,19-APR-2021,
OPTSTK,BANKBARODA,27-May-2021,77,PE,0,0,0,5.05,14.4,0,0,0,0,19-APR-2021,
OPTSTK,BANKBARODA,27-May-2021,77.5,PE,0,0,0,11.65,14.8,0,0,0,0,19-APR-2021,
OPTSTK,BANKBARODA,27-May-2021,78,PE,0,0,0,5.4,15.25,0,0,0,0,19-APR-2021,
OPTSTK,BANKBARODA,27-May-2021,79,PE,0,0,0,5.8,16.1,0,0,0,0,19-APR-2021,
OPTSTK,BANKBARODA,27-May-2021,80,PE,0,0,0,13.5,16.95,0,0,35100,0,19-APR-2021,
OPTSTK,BANKBARODA,27-May-2021,81,PE,0,0,0,6.6,17.85,0,0,0,0,19-APR-2021,
OPTSTK,BANKBARODA,27-May-2021,82,PE,0,0,0,7.05,18.75,0,0,0,0,19-APR-2021,
OPTSTK,BANKBARODA,27-May-2021,82.5,PE,0,0,0,15.3,19.2,0,0,0,0,19-APR-2021,
OPTSTK,BANKBARODA,27-May-2021,83,PE,0,0,0,7.45,19.65,0,0,0,0,19-APR-2021,
OPTSTK,BANKBARODA,27-May-2021,84,PE,0,0,0,7.9,20.55,0,0,0,0,19-APR-2021,
OPTSTK,BANKBARODA,27-May-2021,85,PE,0,0,0,17.5,21.5,0,0,23400,0,19-APR-2021,
OPTSTK,BANKBARODA,27-May-2021,86,PE,0,0,0,8.85,22.4,0,0,0,0,19-APR-2021,
OPTSTK,BANKBARODA,27-May-2021,87,PE,0,0,0,9.35,23.35,0,0,0,0,19-APR-2021,
OPTSTK,BANKBARODA,27-May-2021,87.5,PE,0,0,0,19.25,23.8,0,0,0,0,19-APR-2021,
OPTSTK,BANKBARODA,27-May-2021,88,PE,0,0,0,9.9,24.3,0,0,0,0,19-APR-2021,
OPTSTK,BANKBARODA,27-May-2021,89,PE,0,0,0,10.4,25.25,0,0,0,0,19-APR-2021,
OPTSTK,BANKBARODA,27-May-2021,90,PE,0,0,0,10.95,26.2,0,0,0,0,19-APR-2021,
OPTSTK,BANKBARODA,27-May-2021,91,PE,0,0,0,11.5,27.15,0,0,0,0,19-APR-2021,
OPTSTK,BANKBARODA,27-May-2021,92,PE,0,0,0,12.05,28.1,0,0,0,0,19-APR-2021,
OPTSTK,BANKBARODA,27-May-2021,92.5,PE,0,0,0,23.5,28.6,0,0,0,0,19-APR-2021,
OPTSTK,BANKBARODA,27-May-2021,93,PE,0,0,0,12.65,29.1,0,0,0,0,19-APR-2021,
OPTSTK,BANKBARODA,27-May-2021,94,PE,0,0,0,13.25,30.05,0,0,0,0,19-APR-2021,
OPTSTK,BANKBARODA,27-May-2021,95,PE,0,0,0,13.85,31,0,0,0,0,19-APR-2021,
OPTSTK,BANKBARODA,27-May-2021,96,PE,0,0,0,14.45,32,0,0,0,0,19-APR-2021,
OPTSTK,BANKBARODA,27-May-2021,97,PE,0,0,0,15.1,33,0,0,0,0,19-APR-2021,
OPTSTK,BANKBARODA,27-May-2021,98,PE,0,0,0,15.75,33.95,0,0,0,0,19-APR-2021,
OPTSTK,BANKBARODA,27-May-2021,99,PE,0,0,0,16.4,34.95,0,0,0,0,19-APR-2021,
OPTSTK,BANKBARODA,27-May-2021,100,PE,0,0,0,17.05,35.9,0,0,0,0,19-APR-2021,
OPTSTK,BANKBARODA,27-May-2021,101,PE,0,0,0,17.75,36.9,0,0,0,0,19-APR-2021,
OPTSTK,BANKBARODA,27-May-2021,102,PE,0,0,0,18.45,37.9,0,0,0,0,19-APR-2021,
OPTSTK,BANKBARODA,27-May-2021,103,PE,0,0,0,19.15,38.9,0,0,0,0,19-APR-2021,
OPTSTK,BANKBARODA,27-May-2021,104,PE,0,0,0,19.85,39.85,0,0,0,0,19-APR-2021,
OPTSTK,BANKBARODA,27-May-2021,105,PE,0,0,0,20.55,40.85,0,0,0,0,19-APR-2021,
OPTSTK,BANKBARODA,27-May-2021,106,PE,0,0,0,21.3,41.85,0,0,0,0,19-APR-2021,
OPTSTK,BANKBARODA,27-May-2021,107,PE,0,0,0,22.05,42.85,0,0,0,0,19-APR-2021,
OPTSTK,BANKBARODA,27-May-2021,108,PE,0,0,0,22.8,43.85,0,0,0,0,19-APR-2021,
OPTSTK,BANKBARODA,27-May-2021,109,PE,0,0,0,23.55,44.8,0,0,0,0,19-APR-2021,
OPTSTK,BANKBARODA,27-May-2021,110,PE,0,0,0,24.3,45.8,0,0,0,0,19-APR-2021,
OPTSTK,BANKBARODA,24-Jun-2021,47.5,CE,0,0,0,23.9,17.65,0,0,0,0,19-APR-2021,
OPTSTK,BANKBARODA,24-Jun-2021,50,CE,0,0,0,21.8,15.65,0,0,0,0,19-APR-2021,
OPTSTK,BANKBARODA,24-Jun-2021,52.5,CE,0,0,0,19.8,13.75,0,0,0,0,19-APR-2021,
OPTSTK,BANKBARODA,24-Jun-2021,55,CE,0,0,0,17.95,12,0,0,0,0,19-APR-2021,
OPTSTK,BANKBARODA,24-Jun-2021,57.5,CE,0,0,0,16.15,10.45,0,0,0,0,19-APR-2021,
OPTSTK,BANKBARODA,24-Jun-2021,60,CE,0,0,0,14.5,9,0,0,0,0,19-APR-2021,
OPTSTK,BANKBARODA,24-Jun-2021,62.5,CE,0,0,0,13,7.75,0,0,0,0,19-APR-2021,
OPTSTK,BANKBARODA,24-Jun-2021,65,CE,0,0,0,11.55,6.6,0,0,0,0,19-APR-2021,
OPTSTK,BANKBARODA,24-Jun-2021,67.5,CE,0,0,0,10.3,5.6,0,0,0,0,19-APR-2021,
OPTSTK,BANKBARODA,24-Jun-2021,70,CE,0,0,0,9.1,4.75,0,0,0,0,19-APR-2021,
OPTSTK,BANKBARODA,24-Jun-2021,72.5,CE,0,0,0,8.05,3.95,0,0,0,0,19-APR-2021,
OPTSTK,BANKBARODA,24-Jun-2021,75,CE,0,0,0,7.1,3.35,0,0,0,0,19-APR-2021,
OPTSTK,BANKBARODA,24-Jun-2021,77.5,CE,0,0,0,6.25,2.8,0,0,0,0,19-APR-2021,
OPTSTK,BANKBARODA,24-Jun-2021,80,CE,0,0,0,5.5,2.3,0,0,0,0,19-APR-2021,
OPTSTK,BANKBARODA,24-Jun-2021,82.5,CE,0,0,0,4.8,1.9,0,0,0,0,19-APR-2021,
OPTSTK,BANKBARODA,24-Jun-2021,85,CE,0,0,0,4.2,1.6,0,0,0,0,19-APR-2021,
OPTSTK,BANKBARODA,24-Jun-2021,87.5,CE,0,0,0,3.65,1.3,0,0,0,0,19-APR-2021,
OPTSTK,BANKBARODA,24-Jun-2021,90,CE,0,0,0,3.2,1.1,0,0,0,0,19-APR-2021,
OPTSTK,BANKBARODA,24-Jun-2021,92.5,CE,0,0,0,2.8,0.9,0,0,0,0,19-APR-2021,
OPTSTK,BANKBARODA,24-Jun-2021,95,CE,0,0,0,2.4,0.75,0,0,0,0,19-APR-2021,
OPTSTK,BANKBARODA,24-Jun-2021,97.5,CE,0,0,0,2.1,0.6,0,0,0,0,19-APR-2021,
OPTSTK,BANKBARODA,24-Jun-2021,100,CE,0,0,0,1.8,0.5,0,0,0,0,19-APR-2021,
OPTSTK,BANKBARODA,24-Jun-2021,102.5,CE,0,0,0,1.6,0.4,0,0,0,0,19-APR-2021,
OPTSTK,BANKBARODA,24-Jun-2021,105,CE,0,0,0,1.35,0.35,0,0,0,0,19-APR-2021,
OPTSTK,BANKBARODA,24-Jun-2021,47.5,PE,0,0,0,0.9,1,0,0,0,0,19-APR-2021,
OPTSTK,BANKBARODA,24-Jun-2021,50,PE,0,0,0,1.3,1.5,0,0,0,0,19-APR-2021,
OPTSTK,BANKBARODA,24-Jun-2021,52.5,PE,0,0,0,1.8,2.1,0,0,0,0,19-APR-2021,
OPTSTK,BANKBARODA,24-Jun-2021,55,PE,0,0,0,2.35,2.85,0,0,0,0,19-APR-2021,
OPTSTK,BANKBARODA,24-Jun-2021,57.5,PE,0,0,0,3.05,3.75,0,0,0,0,19-APR-2021,
OPTSTK,BANKBARODA,24-Jun-2021,60,PE,0,0,0,2.2,4.8,0,0,35100,0,19-APR-2021,
OPTSTK,BANKBARODA,24-Jun-2021,62.5,PE,0,0,0,4.85,6,0,0,0,0,19-APR-2021,
OPTSTK,BANKBARODA,24-Jun-2021,65,PE,0,0,0,5.9,7.35,0,0,0,0,19-APR-2021,
OPTSTK,BANKBARODA,24-Jun-2021,67.5,PE,0,0,0,7.1,8.85,0,0,0,0,19-APR-2021,
OPTSTK,BANKBARODA,24-Jun-2021,70,PE,0,0,0,8.4,10.45,0,0,0,0,19-APR-2021,
OPTSTK,BANKBARODA,24-Jun-2021,72.5,PE,0,0,0,9.85,12.2,0,0,0,0,19-APR-2021,
OPTSTK,BANKBARODA,24-Jun-2021,75,PE,0,0,0,11.35,14.05,0,0,0,0,19-APR-2021,
OPTSTK,BANKBARODA,24-Jun-2021,77.5,PE,0,0,0,12.95,15.95,0,0,0,0,19-APR-2021,
OPTSTK,BANKBARODA,24-Jun-2021,80,PE,0,0,0,14.7,17.95,0,0,0,0,19-APR-2021,
OPTSTK,BANKBARODA,24-Jun-2021,82.5,PE,0,0,0,16.5,20.05,0,0,0,0,19-APR-2021,
OPTSTK,BANKBARODA,24-Jun-2021,85,PE,0,0,0,18.35,22.2,0,0,0,0,19-APR-2021,
OPTSTK,BANKBARODA,24-Jun-2021,87.5,PE,0,0,0,20.3,24.4,0,0,0,0,19-APR-2021,
OPTSTK,BANKBARODA,24-Jun-2021,90,PE,0,0,0,22.3,26.65,0,0,0,0,19-APR-2021,
OPTSTK,BANKBARODA,24-Jun-2021,92.5,PE,0,0,0,24.35,28.95,0,0,0,0,19-APR-2021,
OPTSTK,BANKBARODA,24-Jun-2021,95,PE,0,0,0,26.5,31.3,0,0,0,0,19-APR-2021,
OPTSTK,BANKBARODA,24-Jun-2021,97.5,PE,0,0,0,28.65,33.65,0,0,0,0,19-APR-2021,
OPTSTK,BANKBARODA,24-Jun-2021,100,PE,0,0,0,30.85,36,0,0,0,0,19-APR-2021,
OPTSTK,BANKBARODA,24-Jun-2021,102.5,PE,0,0,0,33.1,38.4,0,0,0,0,19-APR-2021,
OPTSTK,BANKBARODA,24-Jun-2021,105,PE,0,0,0,35.35,40.8,0,0,0,0,19-APR-2021,
OPTSTK,BATAINDIA,29-Apr-2021,960,CE,0,0,0,574,329.3,0,0,0,0,19-APR-2021,
OPTSTK,BATAINDIA,29-Apr-2021,980,CE,0,0,0,554.6,309.35,0,0,0,0,19-APR-2021,
OPTSTK,BATAINDIA,29-Apr-2021,1000,CE,0,0,0,535.3,289.35,0,0,0,0,19-APR-2021,
OPTSTK,BATAINDIA,29-Apr-2021,1020,CE,0,0,0,516.1,269.4,0,0,0,0,19-APR-2021,
OPTSTK,BATAINDIA,29-Apr-2021,1040,CE,0,0,0,497.05,249.4,0,0,0,0,19-APR-2021,
OPTSTK,BATAINDIA,29-Apr-2021,1060,CE,0,0,0,478.15,229.45,0,0,0,0,19-APR-2021,
OPTSTK,BATAINDIA,29-Apr-2021,1080,CE,0,0,0,459.45,209.55,0,0,0,0,19-APR-2021,
OPTSTK,BATAINDIA,29-Apr-2021,1100,CE,0,0,0,440.95,189.7,0,0,0,0,19-APR-2021,
OPTSTK,BATAINDIA,29-Apr-2021,1120,CE,0,0,0,422.7,170,0,0,0,0,19-APR-2021,
OPTSTK,BATAINDIA,29-Apr-2021,1140,CE,0,0,0,404.7,150.55,0,0,0,0,19-APR-2021,
OPTSTK,BATAINDIA,29-Apr-2021,1160,CE,0,0,0,387,131.5,0,0,0,0,19-APR-2021,
OPTSTK,BATAINDIA,29-Apr-2021,1180,CE,0,0,0,369.55,113.1,0,0,0,0,19-APR-2021,
OPTSTK,BATAINDIA,29-Apr-2021,1200,CE,0,0,0,135,95.55,0,0,550,0,19-APR-2021,
OPTSTK,BATAINDIA,29-Apr-2021,1220,CE,0,0,0,335.75,79.15,0,0,0,0,19-APR-2021,
OPTSTK,BATAINDIA,29-Apr-2021,1240,CE,0,0,0,319.4,64.2,0,0,0,0,19-APR-2021,
OPTSTK,BATAINDIA,29-Apr-2021,1260,CE,0,0,0,303.4,50.85,0,0,0,0,19-APR-2021,
OPTSTK,BATAINDIA,29-Apr-2021,1280,CE,34,36.7,32,35.4,35.4,17,122.96,8250,8250,19-APR-2021,
OPTSTK,BATAINDIA,29-Apr-2021,1300,CE,25.55,29.9,17.85,24.4,24.4,739,5374.54,63250,35750,19-APR-2021,
OPTSTK,BATAINDIA,29-Apr-2021,1320,CE,17.5,20.5,12,16.3,16.3,360,2644.99,39050,8250,19-APR-2021,
OPTSTK,BATAINDIA,29-Apr-2021,1340,CE,15.85,17.75,8.35,10.7,10.7,729,5416.24,101750,-6050,19-APR-2021,
OPTSTK,BATAINDIA,29-Apr-2021,1360,CE,9.35,9.35,5.35,6.65,6.65,290,2180.44,67650,-1100,19-APR-2021,
OPTSTK,BATAINDIA,29-Apr-2021,1380,CE,5.8,6.35,3.9,4.35,4.35,252,1919.11,37950,1650,19-APR-2021,
OPTSTK,BATAINDIA,29-Apr-2021,1400,CE,2.35,4.4,2.35,3.3,3.3,497,3836.12,194700,5500,19-APR-2021,
OPTSTK,BATAINDIA,29-Apr-2021,1420,CE,3.65,3.65,2.25,2.6,2.6,97,758.99,76450,-8800,19-APR-2021,
OPTSTK,BATAINDIA,29-Apr-2021,1440,CE,3,3,1.4,2.25,2.25,96,761.35,105050,-13750,19-APR-2021,
OPTSTK,BATAINDIA,29-Apr-2021,1460,CE,1.9,1.95,1.3,1.85,1.85,30,241.16,74800,-9350,19-APR-2021,
OPTSTK,BATAINDIA,29-Apr-2021,1480,CE,0.95,2,0.95,1.6,1.6,36,293.32,96800,-8250,19-APR-2021,
OPTSTK,BATAINDIA,29-Apr-2021,1500,CE,1.2,1.5,0.8,1.4,1.4,111,916.41,229900,-31350,19-APR-2021,
OPTSTK,BATAINDIA,29-Apr-2021,1520,CE,0.25,1,0.25,0.6,0.25,3,25.09,24750,0,19-APR-2021,
OPTSTK,BATAINDIA,29-Apr-2021,1540,CE,0.95,1,0.5,0.5,0.15,8,67.79,29150,-4400,19-APR-2021,
OPTSTK,BATAINDIA,29-Apr-2021,1560,CE,0.25,0.25,0.25,0.25,0.1,1,8.58,11000,-550,19-APR-2021,
OPTSTK,BATAINDIA,29-Apr-2021,1580,CE,0,0,0,111.85,0.05,0,0,0,0,19-APR-2021,
OPTSTK,BATAINDIA,29-Apr-2021,1600,CE,0.6,0.95,0.55,0.85,0.05,10,88.04,51700,-3850,19-APR-2021,
OPTSTK,BATAINDIA,29-Apr-2021,1620,CE,0,0,0,96.55,0.05,0,0,0,0,19-APR-2021,
OPTSTK,BATAINDIA,29-Apr-2021,1640,CE,0,0,0,89.6,0,0,0,0,0,19-APR-2021,
OPTSTK,BATAINDIA,29-Apr-2021,1660,CE,0,0,0,83,0,0,0,0,0,19-APR-2021,
OPTSTK,BATAINDIA,29-Apr-2021,1680,CE,0,0,0,76.85,0,0,0,0,0,19-APR-2021,
OPTSTK,BATAINDIA,29-Apr-2021,1700,CE,0,0,0,1.5,0,0,0,5500,0,19-APR-2021,
OPTSTK,BATAINDIA,29-Apr-2021,1720,CE,0,0,0,65.65,0,0,0,0,0,19-APR-2021,
OPTSTK,BATAINDIA,29-Apr-2021,1740,CE,0,0,0,60.65,0,0,0,0,0,19-APR-2021,
OPTSTK,BATAINDIA,29-Apr-2021,1760,CE,0,0,0,55.9,0,0,0,0,0,19-APR-2021,
OPTSTK,BATAINDIA,29-Apr-2021,1780,CE,0,0,0,51.55,0,0,0,0,0,19-APR-2021,
OPTSTK,BATAINDIA,29-Apr-2021,1800,CE,0,0,0,2.95,0,0,0,550,0,19-APR-2021,
OPTSTK,BATAINDIA,29-Apr-2021,1820,CE,0,0,0,43.55,0,0,0,0,0,19-APR-2021,
OPTSTK,BATAINDIA,29-Apr-2021,1840,CE,0,0,0,40,0,0,0,0,0,19-APR-2021,
OPTSTK,BATAINDIA,29-Apr-2021,1860,CE,0,0,0,36.75,0,0,0,0,0,19-APR-2021,
OPTSTK,BATAINDIA,29-Apr-2021,1880,CE,0,0,0,33.7,0,0,0,0,0,19-APR-2021,
OPTSTK,BATAINDIA,29-Apr-2021,1900,CE,0,0,0,30.85,0,0,0,0,0,19-APR-2021,
OPTSTK,BATAINDIA,29-Apr-2021,1920,CE,0,0,0,28.25,0,0,0,0,0,19-APR-2021,
OPTSTK,BATAINDIA,29-Apr-2021,1940,CE,0,0,0,25.85,0,0,0,0,0,19-APR-2021,
OPTSTK,BATAINDIA,29-Apr-2021,1960,CE,0,0,0,23.65,0,0,0,0,0,19-APR-2021,
OPTSTK,BATAINDIA,29-Apr-2021,1980,CE,0,0,0,21.6,0,0,0,0,0,19-APR-2021,
OPTSTK,BATAINDIA,29-Apr-2021,960,PE,0.9,0.9,0.9,0.9,0,1,5.28,1100,550,19-APR-2021,
OPTSTK,BATAINDIA,29-Apr-2021,980,PE,0,0,0,1.65,0,0,0,0,0,19-APR-2021,
OPTSTK,BATAINDIA,29-Apr-2021,1000,PE,0,0,0,2.2,0,0,0,0,0,19-APR-2021,
OPTSTK,BATAINDIA,29-Apr-2021,1020,PE,0,0,0,2.8,0,0,0,0,0,19-APR-2021,
OPTSTK,BATAINDIA,29-Apr-2021,1040,PE,0,0,0,3.55,0.05,0,0,0,0,19-APR-2021,
OPTSTK,BATAINDIA,29-Apr-2021,1060,PE,0,0,0,4.5,0.05,0,0,0,0,19-APR-2021,
OPTSTK,BATAINDIA,29-Apr-2021,1080,PE,0,0,0,5.6,0.1,0,0,0,0,19-APR-2021,
OPTSTK,BATAINDIA,29-Apr-2021,1100,PE,0,0,0,6.95,0.25,0,0,0,0,19-APR-2021,
OPTSTK,BATAINDIA,29-Apr-2021,1120,PE,0,0,0,8.5,0.55,0,0,0,0,19-APR-2021,
OPTSTK,BATAINDIA,29-Apr-2021,1140,PE,3.85,5,3.85,5,1.05,4,25.18,1100,1100,19-APR-2021,
OPTSTK,BATAINDIA,29-Apr-2021,1160,PE,0,0,0,12.4,2,0,0,0,0,19-APR-2021,
OPTSTK,BATAINDIA,29-Apr-2021,1180,PE,0,0,0,14.8,3.6,0,0,0,0,19-APR-2021,
OPTSTK,BATAINDIA,29-Apr-2021,1200,PE,6,12.95,5.05,9,9,1860,12372,149050,106700,19-APR-2021,
OPTSTK,BATAINDIA,29-Apr-2021,1220,PE,17.55,17.55,5.95,11.9,11.9,463,3139.57,89100,85250,19-APR-2021,
OPTSTK,BATAINDIA,29-Apr-2021,1240,PE,10.8,22.05,10.5,16.3,16.3,4881,33762.14,308000,290400,19-APR-2021,
OPTSTK,BATAINDIA,29-Apr-2021,1260,PE,24.9,28.5,14.05,20.85,20.85,869,6131.75,96800,78650,19-APR-2021,
OPTSTK,BATAINDIA,29-Apr-2021,1280,PE,18.25,37.9,18.25,27,27,869,6260.38,63800,22550,19-APR-2021,
OPTSTK,BATAINDIA,29-Apr-2021,1300,PE,23.5,49.55,23.5,35.1,35.1,635,4669.69,117150,4400,19-APR-2021,
OPTSTK,BATAINDIA,29-Apr-2021,1320,PE,36,62.5,32.55,60,52.05,33,246.82,29150,-5500,19-APR-2021,
OPTSTK,BATAINDIA,29-Apr-2021,1340,PE,56,81,56,62.5,65.85,23,178.14,55550,-7700,19-APR-2021,
OPTSTK,BATAINDIA,29-Apr-2021,1360,PE,73.2,94.5,73.2,81,81.1,21,166.84,53900,-4950,19-APR-2021,
OPTSTK,BATAINDIA,29-Apr-2021,1380,PE,87.25,112.5,87.25,112.5,97.6,7,56.8,26950,-2200,19-APR-2021,
OPTSTK,BATAINDIA,29-Apr-2021,1400,PE,105.9,130,105,119,115.05,41,341.51,174900,-13200,19-APR-2021,
OPTSTK,BATAINDIA,29-Apr-2021,1420,PE,132,132,132,132,133.3,1,8.53,13200,-550,19-APR-2021,
OPTSTK,BATAINDIA,29-Apr-2021,1440,PE,156,156,156,156,152.15,1,8.77,8800,-550,19-APR-2021,
OPTSTK,BATAINDIA,29-Apr-2021,1460,PE,0,0,0,144.4,171.35,0,0,17050,0,19-APR-2021,
OPTSTK,BATAINDIA,29-Apr-2021,1480,PE,0,0,0,90.1,190.85,0,0,550,0,19-APR-2021,
OPTSTK,BATAINDIA,29-Apr-2021,1500,PE,230.85,230.85,228,228,210.55,3,28.52,31350,-550,19-APR-2021,
OPTSTK,BATAINDIA,29-Apr-2021,1520,PE,0,0,0,120.3,230.35,0,0,0,0,19-APR-2021,
OPTSTK,BATAINDIA,29-Apr-2021,1540,PE,0,0,0,130.85,250.25,0,0,0,0,19-APR-2021,
OPTSTK,BATAINDIA,29-Apr-2021,1560,PE,0,0,0,157.15,270.2,0,0,1100,0,19-APR-2021,
OPTSTK,BATAINDIA,29-Apr-2021,1580,PE,0,0,0,153.35,290.15,0,0,0,0,19-APR-2021,
OPTSTK,BATAINDIA,29-Apr-2021,1600,PE,0,0,0,160,310.1,0,0,1650,0,19-APR-2021,
OPTSTK,BATAINDIA,29-Apr-2021,1620,PE,0,0,0,177.75,330.05,0,0,0,0,19-APR-2021,
OPTSTK,BATAINDIA,29-Apr-2021,1640,PE,0,0,0,190.55,350.05,0,0,0,0,19-APR-2021,
OPTSTK,BATAINDIA,29-Apr-2021,1660,PE,0,0,0,203.8,370,0,0,0,0,19-APR-2021,
OPTSTK,BATAINDIA,29-Apr-2021,1680,PE,0,0,0,217.45,390,0,0,0,0,19-APR-2021,
OPTSTK,BATAINDIA,29-Apr-2021,1700,PE,0,0,0,231.45,410,0,0,0,0,19-APR-2021,
OPTSTK,BATAINDIA,29-Apr-2021,1720,PE,0,0,0,245.85,429.95,0,0,0,0,19-APR-2021,
OPTSTK,BATAINDIA,29-Apr-2021,1740,PE,0,0,0,260.7,449.95,0,0,0,0,19-APR-2021,
OPTSTK,BATAINDIA,29-Apr-2021,1760,PE,0,0,0,275.8,469.9,0,0,0,0,19-APR-2021,
OPTSTK,BATAINDIA,29-Apr-2021,1780,PE,0,0,0,291.2,489.9,0,0,0,0,19-APR-2021,
OPTSTK,BATAINDIA,29-Apr-2021,1800,PE,0,0,0,306.95,509.9,0,0,0,0,19-APR-2021,
OPTSTK,BATAINDIA,29-Apr-2021,1820,PE,0,0,0,322.85,529.85,0,0,0,0,19-APR-2021,
OPTSTK,BATAINDIA,29-Apr-2021,1840,PE,0,0,0,339.15,549.85,0,0,0,0,19-APR-2021,
OPTSTK,BATAINDIA,29-Apr-2021,1860,PE,0,0,0,355.65,569.8,0,0,0,0,19-APR-2021,
OPTSTK,BATAINDIA,29-Apr-2021,1880,PE,0,0,0,372.45,589.8,0,0,0,0,19-APR-2021,
OPTSTK,BATAINDIA,29-Apr-2021,1900,PE,0,0,0,389.45,609.8,0,0,0,0,19-APR-2021,
OPTSTK,BATAINDIA,29-Apr-2021,1920,PE,0,0,0,406.65,629.75,0,0,0,0,19-APR-2021,
OPTSTK,BATAINDIA,29-Apr-2021,1940,PE,0,0,0,424.05,649.75,0,0,0,0,19-APR-2021,
OPTSTK,BATAINDIA,29-Apr-2021,1960,PE,0,0,0,441.65,669.7,0,0,0,0,19-APR-2021,
OPTSTK,BATAINDIA,29-Apr-2021,1980,PE,0,0,0,459.4,689.7,0,0,0,0,19-APR-2021,
OPTSTK,BATAINDIA,27-May-2021,960,CE,0,0,0,533,332.65,0,0,0,0,19-APR-2021,
OPTSTK,BATAINDIA,27-May-2021,980,CE,0,0,0,513.65,313.05,0,0,0,0,19-APR-2021,
OPTSTK,BATAINDIA,27-May-2021,1000,CE,0,0,0,494.45,293.6,0,0,0,0,19-APR-2021,
OPTSTK,BATAINDIA,27-May-2021,1020,CE,0,0,0,475.4,274.4,0,0,0,0,19-APR-2021,
OPTSTK,BATAINDIA,27-May-2021,1040,CE,0,0,0,456.45,255.4,0,0,0,0,19-APR-2021,
OPTSTK,BATAINDIA,27-May-2021,1060,CE,0,0,0,437.75,236.7,0,0,0,0,19-APR-2021,
OPTSTK,BATAINDIA,27-May-2021,1080,CE,0,0,0,419.25,218.45,0,0,0,0,19-APR-2021,
OPTSTK,BATAINDIA,27-May-2021,1100,CE,0,0,0,401,200.65,0,0,0,0,19-APR-2021,
OPTSTK,BATAINDIA,27-May-2021,1120,CE,0,0,0,383,183.4,0,0,0,0,19-APR-2021,
OPTSTK,BATAINDIA,27-May-2021,1140,CE,0,0,0,365.3,166.8,0,0,0,0,19-APR-2021,
OPTSTK,BATAINDIA,27-May-2021,1160,CE,0,0,0,347.9,150.9,0,0,0,0,19-APR-2021,
OPTSTK,BATAINDIA,27-May-2021,1180,CE,0,0,0,330.9,135.85,0,0,0,0,19-APR-2021,
OPTSTK,BATAINDIA,27-May-2021,1200,CE,0,0,0,314.2,121.5,0,0,0,0,19-APR-2021,
OPTSTK,BATAINDIA,27-May-2021,1220,CE,0,0,0,297.95,108.1,0,0,0,0,19-APR-2021,
OPTSTK,BATAINDIA,27-May-2021,1240,CE,0,0,0,282.15,95.65,0,0,0,0,19-APR-2021,
OPTSTK,BATAINDIA,27-May-2021,1260,CE,0,0,0,266.75,84.15,0,0,0,0,19-APR-2021,
OPTSTK,BATAINDIA,27-May-2021,1280,CE,0,0,0,251.85,73.55,0,0,0,0,19-APR-2021,
OPTSTK,BATAINDIA,27-May-2021,1300,CE,44,50,43,50,63.95,6,44.41,2750,1650,19-APR-2021,
OPTSTK,BATAINDIA,27-May-2021,1320,CE,35,40,34,40,55.3,4,29.83,2750,1650,19-APR-2021,
OPTSTK,BATAINDIA,27-May-2021,1340,CE,0,0,0,209.95,47.5,0,0,0,0,19-APR-2021,
OPTSTK,BATAINDIA,27-May-2021,1360,CE,0,0,0,197,40.6,0,0,0,0,19-APR-2021,
OPTSTK,BATAINDIA,27-May-2021,1380,CE,0,0,0,184.6,34.5,0,0,0,0,19-APR-2021,
OPTSTK,BATAINDIA,27-May-2021,1400,CE,17.55,21,14.95,18.85,18.85,52,405.14,15950,-6600,19-APR-2021,
OPTSTK,BATAINDIA,27-May-2021,1420,CE,0,0,0,161.4,24.6,0,0,0,0,19-APR-2021,
OPTSTK,BATAINDIA,27-May-2021,1440,CE,0,0,0,150.6,20.5,0,0,0,0,19-APR-2021,
OPTSTK,BATAINDIA,27-May-2021,1460,CE,0,0,0,140.3,17.05,0,0,0,0,19-APR-2021,
OPTSTK,BATAINDIA,27-May-2021,1480,CE,0,0,0,130.55,14.1,0,0,0,0,19-APR-2021,
OPTSTK,BATAINDIA,27-May-2021,1500,CE,0,0,0,121.3,11.6,0,0,0,0,19-APR-2021,
OPTSTK,BATAINDIA,27-May-2021,1520,CE,0,0,0,112.55,9.5,0,0,0,0,19-APR-2021,
OPTSTK,BATAINDIA,27-May-2021,1540,CE,0,0,0,104.3,7.75,0,0,0,0,19-APR-2021,
OPTSTK,BATAINDIA,27-May-2021,1560,CE,0,0,0,96.5,6.3,0,0,0,0,19-APR-2021,
OPTSTK,BATAINDIA,27-May-2021,1580,CE,0,0,0,89.2,5.05,0,0,0,0,19-APR-2021,
OPTSTK,BATAINDIA,27-May-2021,1600,CE,0,0,0,3.5,4.1,0,0,1100,0,19-APR-2021,
OPTSTK,BATAINDIA,27-May-2021,1620,CE,0,0,0,75.9,3.25,0,0,0,0,19-APR-2021,
OPTSTK,BATAINDIA,27-May-2021,1640,CE,0,0,0,69.9,2.6,0,0,0,0,19-APR-2021,
OPTSTK,BATAINDIA,27-May-2021,1660,CE,0,0,0,64.3,2.05,0,0,0,0,19-APR-2021,
OPTSTK,BATAINDIA,27-May-2021,1680,CE,0,0,0,59.05,1.65,0,0,0,0,19-APR-2021,
OPTSTK,BATAINDIA,27-May-2021,1700,CE,0,0,0,54.25,1.3,0,0,0,0,19-APR-2021,
OPTSTK,BATAINDIA,27-May-2021,1720,CE,0,0,0,49.75,1,0,0,0,0,19-APR-2021,
OPTSTK,BATAINDIA,27-May-2021,1740,CE,0,0,0,45.6,0.8,0,0,0,0,19-APR-2021,
OPTSTK,BATAINDIA,27-May-2021,1760,CE,0,0,0,41.65,0.6,0,0,0,0,19-APR-2021,
OPTSTK,BATAINDIA,27-May-2021,1780,CE,0,0,0,38.05,0.5,0,0,0,0,19-APR-2021,
OPTSTK,BATAINDIA,27-May-2021,1800,CE,0,0,0,34.75,0.4,0,0,0,0,19-APR-2021,
OPTSTK,BATAINDIA,27-May-2021,1820,CE,0,0,0,31.7,0.3,0,0,0,0,19-APR-2021,
OPTSTK,BATAINDIA,27-May-2021,1840,CE,0,0,0,28.85,0.25,0,0,0,0,19-APR-2021,
OPTSTK,BATAINDIA,27-May-2021,1860,CE,0,0,0,26.3,0.2,0,0,0,0,19-APR-2021,
OPTSTK,BATAINDIA,27-May-2021,1880,CE,0,0,0,23.9,0.15,0,0,0,0,19-APR-2021,
OPTSTK,BATAINDIA,27-May-2021,1900,CE,0,0,0,21.7,0.1,0,0,0,0,19-APR-2021,
OPTSTK,BATAINDIA,27-May-2021,1920,CE,0,0,0,19.7,0.1,0,0,0,0,19-APR-2021,
OPTSTK,BATAINDIA,27-May-2021,1940,CE,0,0,0,17.9,0.05,0,0,0,0,19-APR-2021,
OPTSTK,BATAINDIA,27-May-2021,1960,CE,0,0,0,16.2,0.05,0,0,0,0,19-APR-2021,
OPTSTK,BATAINDIA,27-May-2021,1980,CE,0,0,0,14.65,0.05,0,0,0,0,19-APR-2021,
OPTSTK,BATAINDIA,27-May-2021,960,PE,0,0,0,1.5,0.6,0,0,0,0,19-APR-2021,
OPTSTK,BATAINDIA,27-May-2021,980,PE,0,0,0,1.95,0.9,0,0,0,0,19-APR-2021,
OPTSTK,BATAINDIA,27-May-2021,1000,PE,0,0,0,2.55,1.4,0,0,0,0,19-APR-2021,
OPTSTK,BATAINDIA,27-May-2021,1020,PE,0,0,0,3.3,2.05,0,0,0,0,19-APR-2021,
OPTSTK,BATAINDIA,27-May-2021,1040,PE,0,0,0,4.2,3,0,0,0,0,19-APR-2021,
OPTSTK,BATAINDIA,27-May-2021,1060,PE,0,0,0,5.3,4.25,0,0,0,0,19-APR-2021,
OPTSTK,BATAINDIA,27-May-2021,1080,PE,0,0,0,6.6,5.9,0,0,0,0,19-APR-2021,
OPTSTK,BATAINDIA,27-May-2021,1100,PE,0,0,0,8.15,8.05,0,0,0,0,19-APR-2021,
OPTSTK,BATAINDIA,27-May-2021,1120,PE,0,0,0,9.95,10.7,0,0,0,0,19-APR-2021,
OPTSTK,BATAINDIA,27-May-2021,1140,PE,0,0,0,12.1,14,0,0,0,0,19-APR-2021,
OPTSTK,BATAINDIA,27-May-2021,1160,PE,0,0,0,14.5,18.05,0,0,0,0,19-APR-2021,
OPTSTK,BATAINDIA,27-May-2021,1180,PE,0,0,0,17.3,22.9,0,0,0,0,19-APR-2021,
OPTSTK,BATAINDIA,27-May-2021,1200,PE,18.95,26,18.95,21.75,21.75,139,935.32,48400,47850,19-APR-2021,
OPTSTK,BATAINDIA,27-May-2021,1220,PE,0,0,0,24,35,0,0,0,0,19-APR-2021,
OPTSTK,BATAINDIA,27-May-2021,1240,PE,0,0,0,28,42.45,0,0,0,0,19-APR-2021,
OPTSTK,BATAINDIA,27-May-2021,1260,PE,0,0,0,32.4,50.85,0,0,0,0,19-APR-2021,
OPTSTK,BATAINDIA,27-May-2021,1280,PE,0,0,0,37.35,60.25,0,0,0,0,19-APR-2021,
OPTSTK,BATAINDIA,27-May-2021,1300,PE,45.9,69,45.9,56.65,56.65,50,374.1,69850,-2200,19-APR-2021,
OPTSTK,BATAINDIA,27-May-2021,1320,PE,0,0,0,48.55,81.8,0,0,0,0,19-APR-2021,
OPTSTK,BATAINDIA,27-May-2021,1340,PE,0,0,0,54.85,93.95,0,0,0,0,19-APR-2021,
OPTSTK,BATAINDIA,27-May-2021,1360,PE,0,0,0,61.75,106.95,0,0,0,0,19-APR-2021,
OPTSTK,BATAINDIA,27-May-2021,1380,PE,0,0,0,69.15,120.8,0,0,0,0,19-APR-2021,
OPTSTK,BATAINDIA,27-May-2021,1400,PE,115,137.85,113.65,122,122,13,108.94,95150,0,19-APR-2021,
OPTSTK,BATAINDIA,27-May-2021,1420,PE,0,0,0,85.6,150.7,0,0,0,0,19-APR-2021,
OPTSTK,BATAINDIA,27-May-2021,1440,PE,0,0,0,94.6,166.55,0,0,0,0,19-APR-2021,
OPTSTK,BATAINDIA,27-May-2021,1460,PE,0,0,0,104.15,183,0,0,0,0,19-APR-2021,
OPTSTK,BATAINDIA,27-May-2021,1480,PE,0,0,0,114.15,200,0,0,0,0,19-APR-2021,
OPTSTK,BATAINDIA,27-May-2021,1500,PE,0,0,0,124.75,217.4,0,0,0,0,19-APR-2021,
OPTSTK,BATAINDIA,27-May-2021,1520,PE,0,0,0,135.8,235.25,0,0,0,0,19-APR-2021,
OPTSTK,BATAINDIA,27-May-2021,1540,PE,0,0,0,147.35,253.4,0,0,0,0,19-APR-2021,
OPTSTK,BATAINDIA,27-May-2021,1560,PE,0,0,0,159.4,271.85,0,0,0,0,19-APR-2021,
OPTSTK,BATAINDIA,27-May-2021,1580,PE,0,0,0,171.9,290.55,0,0,0,0,19-APR-2021,
OPTSTK,BATAINDIA,27-May-2021,1600,PE,0,0,0,184.85,309.5,0,0,0,0,19-APR-2021,
OPTSTK,BATAINDIA,27-May-2021,1620,PE,0,0,0,198.25,328.6,0,0,0,0,19-APR-2021,
OPTSTK,BATAINDIA,27-May-2021,1640,PE,0,0,0,212.05,347.85,0,0,0,0,19-APR-2021,
OPTSTK,BATAINDIA,27-May-2021,1660,PE,0,0,0,226.25,367.25,0,0,0,0,19-APR-2021,
OPTSTK,BATAINDIA,27-May-2021,1680,PE,0,0,0,240.8,386.75,0,0,0,0,19-APR-2021,
OPTSTK,BATAINDIA,27-May-2021,1700,PE,0,0,0,255.85,406.3,0,0,0,0,19-APR-2021,
OPTSTK,BATAINDIA,27-May-2021,1720,PE,0,0,0,271.15,425.95,0,0,0,0,19-APR-2021,
OPTSTK,BATAINDIA,27-May-2021,1740,PE,0,0,0,286.8,445.65,0,0,0,0,19-APR-2021,
OPTSTK,BATAINDIA,27-May-2021,1760,PE,0,0,0,302.65,465.4,0,0,0,0,19-APR-2021,
OPTSTK,BATAINDIA,27-May-2021,1780,PE,0,0,0,318.9,485.2,0,0,0,0,19-APR-2021,
OPTSTK,BATAINDIA,27-May-2021,1800,PE,0,0,0,335.4,505,0,0,0,0,19-APR-2021,
OPTSTK,BATAINDIA,27-May-2021,1820,PE,0,0,0,352.15,524.85,0,0,0,0,19-APR-2021,
OPTSTK,BATAINDIA,27-May-2021,1840,PE,0,0,0,369.15,544.7,0,0,0,0,19-APR-2021,
OPTSTK,BATAINDIA,27-May-2021,1860,PE,0,0,0,386.35,564.6,0,0,0,0,19-APR-2021,
OPTSTK,BATAINDIA,27-May-2021,1880,PE,0,0,0,403.8,584.45,0,0,0,0,19-APR-2021,
OPTSTK,BATAINDIA,27-May-2021,1900,PE,0,0,0,421.45,604.35,0,0,0,0,19-APR-2021,
OPTSTK,BATAINDIA,27-May-2021,1920,PE,0,0,0,439.25,624.25,0,0,0,0,19-APR-2021,
OPTSTK,BATAINDIA,27-May-2021,1940,PE,0,0,0,457.25,644.15,0,0,0,0,19-APR-2021,
OPTSTK,BATAINDIA,27-May-2021,1960,PE,0,0,0,475.35,664.05,0,0,0,0,19-APR-2021,
OPTSTK,BATAINDIA,27-May-2021,1980,PE,0,0,0,493.65,684,0,0,0,0,19-APR-2021,
OPTSTK,BATAINDIA,24-Jun-2021,960,CE,0,0,0,480.6,337.95,0,0,0,0,19-APR-2021,
OPTSTK,BATAINDIA,24-Jun-2021,980,CE,0,0,0,461.4,319.15,0,0,0,0,19-APR-2021,
OPTSTK,BATAINDIA,24-Jun-2021,1000,CE,0,0,0,442.4,300.65,0,0,0,0,19-APR-2021,
OPTSTK,BATAINDIA,24-Jun-2021,1020,CE,0,0,0,423.55,282.5,0,0,0,0,19-APR-2021,
OPTSTK,BATAINDIA,24-Jun-2021,1040,CE,0,0,0,404.9,264.75,0,0,0,0,19-APR-2021,
OPTSTK,BATAINDIA,24-Jun-2021,1060,CE,0,0,0,386.5,247.4,0,0,0,0,19-APR-2021,
OPTSTK,BATAINDIA,24-Jun-2021,1080,CE,0,0,0,368.35,230.55,0,0,0,0,19-APR-2021,
OPTSTK,BATAINDIA,24-Jun-2021,1100,CE,0,0,0,350.5,214.2,0,0,0,0,19-APR-2021,
OPTSTK,BATAINDIA,24-Jun-2021,1120,CE,0,0,0,333,198.4,0,0,0,0,19-APR-2021,
OPTSTK,BATAINDIA,24-Jun-2021,1140,CE,0,0,0,315.85,183.25,0,0,0,0,19-APR-2021,
OPTSTK,BATAINDIA,24-Jun-2021,1160,CE,0,0,0,299.1,168.8,0,0,0,0,19-APR-2021,
OPTSTK,BATAINDIA,24-Jun-2021,1180,CE,0,0,0,282.75,154.9,0,0,0,0,19-APR-2021,
OPTSTK,BATAINDIA,24-Jun-2021,1200,CE,0,0,0,266.85,141.75,0,0,0,0,19-APR-2021,
OPTSTK,BATAINDIA,24-Jun-2021,1220,CE,0,0,0,251.45,129.35,0,0,0,0,19-APR-2021,
OPTSTK,BATAINDIA,24-Jun-2021,1240,CE,0,0,0,236.55,117.65,0,0,0,0,19-APR-2021,
OPTSTK,BATAINDIA,24-Jun-2021,1260,CE,0,0,0,222.1,106.7,0,0,0,0,19-APR-2021,
OPTSTK,BATAINDIA,24-Jun-2021,1280,CE,0,0,0,208.15,96.45,0,0,0,0,19-APR-2021,
OPTSTK,BATAINDIA,24-Jun-2021,1300,CE,0,0,0,194.75,86.95,0,0,0,0,19-APR-2021,
OPTSTK,BATAINDIA,24-Jun-2021,1320,CE,0,0,0,181.95,78.15,0,0,0,0,19-APR-2021,
OPTSTK,BATAINDIA,24-Jun-2021,1340,CE,0,0,0,169.65,70.05,0,0,0,0,19-APR-2021,
OPTSTK,BATAINDIA,24-Jun-2021,1360,CE,0,0,0,158,62.6,0,0,0,0,19-APR-2021,
OPTSTK,BATAINDIA,24-Jun-2021,1380,CE,0,0,0,146.85,55.8,0,0,0,0,19-APR-2021,
OPTSTK,BATAINDIA,24-Jun-2021,1400,CE,0,0,0,136.3,49.55,0,0,0,0,19-APR-2021,
OPTSTK,BATAINDIA,24-Jun-2021,1420,CE,0,0,0,126.25,43.95,0,0,0,0,19-APR-2021,
OPTSTK,BATAINDIA,24-Jun-2021,1440,CE,0,0,0,116.8,38.9,0,0,0,0,19-APR-2021,
OPTSTK,BATAINDIA,24-Jun-2021,1460,CE,0,0,0,107.85,34.3,0,0,0,0,19-APR-2021,
OPTSTK,BATAINDIA,24-Jun-2021,1480,CE,0,0,0,99.45,30.15,0,0,0,0,19-APR-2021,
OPTSTK,BATAINDIA,24-Jun-2021,1500,CE,0,0,0,91.6,26.45,0,0,0,0,19-APR-2021,
OPTSTK,BATAINDIA,24-Jun-2021,1520,CE,0,0,0,84.2,23.15,0,0,0,0,19-APR-2021,
OPTSTK,BATAINDIA,24-Jun-2021,1540,CE,0,0,0,77.3,20.2,0,0,0,0,19-APR-2021,
OPTSTK,BATAINDIA,24-Jun-2021,1560,CE,0,0,0,70.85,17.6,0,0,0,0,19-APR-2021,
OPTSTK,BATAINDIA,24-Jun-2021,1580,CE,0,0,0,64.85,15.3,0,0,0,0,19-APR-2021,
OPTSTK,BATAINDIA,24-Jun-2021,1600,CE,0,0,0,59.3,13.25,0,0,0,0,19-APR-2021,
OPTSTK,BATAINDIA,24-Jun-2021,1620,CE,0,0,0,54.2,11.5,0,0,0,0,19-APR-2021,
OPTSTK,BATAINDIA,24-Jun-2021,1640,CE,0,0,0,49.45,9.9,0,0,0,0,19-APR-2021,
OPTSTK,BATAINDIA,24-Jun-2021,1660,CE,0,0,0,45.05,8.55,0,0,0,0,19-APR-2021,
OPTSTK,BATAINDIA,24-Jun-2021,1680,CE,0,0,0,41,7.35,0,0,0,0,19-APR-2021,
OPTSTK,BATAINDIA,24-Jun-2021,1700,CE,0,0,0,37.2,6.3,0,0,0,0,19-APR-2021,
OPTSTK,BATAINDIA,24-Jun-2021,1720,CE,0,0,0,33.75,5.4,0,0,0,0,19-APR-2021,
OPTSTK,BATAINDIA,24-Jun-2021,1740,CE,0,0,0,30.6,4.65,0,0,0,0,19-APR-2021,
OPTSTK,BATAINDIA,24-Jun-2021,1760,CE,0,0,0,27.7,3.95,0,0,0,0,19-APR-2021,
OPTSTK,BATAINDIA,24-Jun-2021,1780,CE,0,0,0,25.05,3.35,0,0,0,0,19-APR-2021,
OPTSTK,BATAINDIA,24-Jun-2021,1800,CE,0,0,0,22.6,2.85,0,0,0,0,19-APR-2021,
OPTSTK,BATAINDIA,24-Jun-2021,1820,CE,0,0,0,20.4,2.45,0,0,0,0,19-APR-2021,
OPTSTK,BATAINDIA,24-Jun-2021,1840,CE,0,0,0,18.4,2.05,0,0,0,0,19-APR-2021,
OPTSTK,BATAINDIA,24-Jun-2021,1860,CE,0,0,0,16.55,1.75,0,0,0,0,19-APR-2021,
OPTSTK,BATAINDIA,24-Jun-2021,1880,CE,0,0,0,14.9,1.5,0,0,0,0,19-APR-2021,
OPTSTK,BATAINDIA,24-Jun-2021,1900,CE,0,0,0,13.4,1.25,0,0,0,0,19-APR-2021,
OPTSTK,BATAINDIA,24-Jun-2021,1920,CE,0,0,0,12,1.05,0,0,0,0,19-APR-2021,
OPTSTK,BATAINDIA,24-Jun-2021,1940,CE,0,0,0,10.8,0.9,0,0,0,0,19-APR-2021,
OPTSTK,BATAINDIA,24-Jun-2021,1960,CE,0,0,0,9.65,0.75,0,0,0,0,19-APR-2021,
OPTSTK,BATAINDIA,24-Jun-2021,1980,CE,0,0,0,8.65,0.65,0,0,0,0,19-APR-2021,
OPTSTK,BATAINDIA,24-Jun-2021,960,PE,0,0,0,1.95,3.1,0,0,0,0,19-APR-2021,
OPTSTK,BATAINDIA,24-Jun-2021,980,PE,0,0,0,2.6,4.2,0,0,0,0,19-APR-2021,
OPTSTK,BATAINDIA,24-Jun-2021,1000,PE,0,0,0,3.35,5.55,0,0,0,0,19-APR-2021,
OPTSTK,BATAINDIA,24-Jun-2021,1020,PE,0,0,0,4.35,7.25,0,0,0,0,19-APR-2021,
OPTSTK,BATAINDIA,24-Jun-2021,1040,PE,0,0,0,5.5,9.35,0,0,0,0,19-APR-2021,
OPTSTK,BATAINDIA,24-Jun-2021,1060,PE,0,0,0,6.9,11.9,0,0,0,0,19-APR-2021,
OPTSTK,BATAINDIA,24-Jun-2021,1080,PE,0,0,0,8.6,14.9,0,0,0,0,19-APR-2021,
OPTSTK,BATAINDIA,24-Jun-2021,1100,PE,0,0,0,10.6,18.4,0,0,0,0,19-APR-2021,
OPTSTK,BATAINDIA,24-Jun-2021,1120,PE,0,0,0,12.9,22.5,0,0,0,0,19-APR-2021,
OPTSTK,BATAINDIA,24-Jun-2021,1140,PE,0,0,0,15.55,27.2,0,0,0,0,19-APR-2021,
OPTSTK,BATAINDIA,24-Jun-2021,1160,PE,0,0,0,18.6,32.6,0,0,0,0,19-APR-2021,
OPTSTK,BATAINDIA,24-Jun-2021,1180,PE,0,0,0,22.1,38.55,0,0,0,0,19-APR-2021,
OPTSTK,BATAINDIA,24-Jun-2021,1200,PE,0,0,0,26,45.3,0,0,0,0,19-APR-2021,
OPTSTK,BATAINDIA,24-Jun-2021,1220,PE,0,0,0,30.4,52.75,0,0,0,0,19-APR-2021,
OPTSTK,BATAINDIA,24-Jun-2021,1240,PE,0,0,0,35.3,60.95,0,0,0,0,19-APR-2021,
OPTSTK,BATAINDIA,24-Jun-2021,1260,PE,0,0,0,40.65,69.85,0,0,0,0,19-APR-2021,
OPTSTK,BATAINDIA,24-Jun-2021,1280,PE,0,0,0,46.55,79.45,0,0,0,0,19-APR-2021,
OPTSTK,BATAINDIA,24-Jun-2021,1300,PE,0,0,0,28,89.85,0,0,1650,0,19-APR-2021,
OPTSTK,BATAINDIA,24-Jun-2021,1320,PE,0,0,0,59.95,100.9,0,0,0,0,19-APR-2021,
OPTSTK,BATAINDIA,24-Jun-2021,1340,PE,0,0,0,67.5,112.65,0,0,0,0,19-APR-2021,
OPTSTK,BATAINDIA,24-Jun-2021,1360,PE,0,0,0,75.6,125.05,0,0,0,0,19-APR-2021,
OPTSTK,BATAINDIA,24-Jun-2021,1380,PE,0,0,0,84.3,138.1,0,0,0,0,19-APR-2021,
OPTSTK,BATAINDIA,24-Jun-2021,1400,PE,0,0,0,65,151.75,0,0,1100,0,19-APR-2021,
OPTSTK,BATAINDIA,24-Jun-2021,1420,PE,0,0,0,103.35,166,0,0,0,0,19-APR-2021,
OPTSTK,BATAINDIA,24-Jun-2021,1440,PE,0,0,0,113.7,180.8,0,0,0,0,19-APR-2021,
OPTSTK,BATAINDIA,24-Jun-2021,1460,PE,0,0,0,124.6,196.1,0,0,0,0,19-APR-2021,
OPTSTK,BATAINDIA,24-Jun-2021,1480,PE,0,0,0,136,211.8,0,0,0,0,19-APR-2021,
OPTSTK,BATAINDIA,24-Jun-2021,1500,PE,0,0,0,147.95,227.95,0,0,0,0,19-APR-2021,
OPTSTK,BATAINDIA,24-Jun-2021,1520,PE,0,0,0,160.35,244.5,0,0,0,0,19-APR-2021,
OPTSTK,BATAINDIA,24-Jun-2021,1540,PE,0,0,0,173.25,261.45,0,0,0,0,19-APR-2021,
OPTSTK,BATAINDIA,24-Jun-2021,1560,PE,0,0,0,186.65,278.7,0,0,0,0,19-APR-2021,
OPTSTK,BATAINDIA,24-Jun-2021,1580,PE,0,0,0,200.45,296.25,0,0,0,0,19-APR-2021,
OPTSTK,BATAINDIA,24-Jun-2021,1600,PE,0,0,0,214.7,314.1,0,0,0,0,19-APR-2021,
OPTSTK,BATAINDIA,24-Jun-2021,1620,PE,0,0,0,229.45,332.2,0,0,0,0,19-APR-2021,
OPTSTK,BATAINDIA,24-Jun-2021,1640,PE,0,0,0,244.5,350.5,0,0,0,0,19-APR-2021,
OPTSTK,BATAINDIA,24-Jun-2021,1660,PE,0,0,0,259.9,369,0,0,0,0,19-APR-2021,
OPTSTK,BATAINDIA,24-Jun-2021,1680,PE,0,0,0,275.65,387.65,0,0,0,0,19-APR-2021,
OPTSTK,BATAINDIA,24-Jun-2021,1700,PE,0,0,0,291.65,406.45,0,0,0,0,19-APR-2021,
OPTSTK,BATAINDIA,24-Jun-2021,1720,PE,0,0,0,308.05,425.45,0,0,0,0,19-APR-2021,
OPTSTK,BATAINDIA,24-Jun-2021,1740,PE,0,0,0,324.7,444.5,0,0,0,0,19-APR-2021,
OPTSTK,BATAINDIA,24-Jun-2021,1760,PE,0,0,0,341.6,463.7,0,0,0,0,19-APR-2021,
OPTSTK,BATAINDIA,24-Jun-2021,1780,PE,0,0,0,358.75,483,0,0,0,0,19-APR-2021,
OPTSTK,BATAINDIA,24-Jun-2021,1800,PE,0,0,0,376.15,502.35,0,0,0,0,19-APR-2021,
OPTSTK,BATAINDIA,24-Jun-2021,1820,PE,0,0,0,393.75,521.8,0,0,0,0,19-APR-2021,
OPTSTK,BATAINDIA,24-Jun-2021,1840,PE,0,0,0,411.55,541.3,0,0,0,0,19-APR-2021,
OPTSTK,BATAINDIA,24-Jun-2021,1860,PE,0,0,0,429.55,560.85,0,0,0,0,19-APR-2021,
OPTSTK,BATAINDIA,24-Jun-2021,1880,PE,0,0,0,447.7,580.45,0,0,0,0,19-APR-2021,
OPTSTK,BATAINDIA,24-Jun-2021,1900,PE,0,0,0,466,600.05,0,0,0,0,19-APR-2021,
OPTSTK,BATAINDIA,24-Jun-2021,1920,PE,0,0,0,484.45,619.75,0,0,0,0,19-APR-2021,
OPTSTK,BATAINDIA,24-Jun-2021,1940,PE,0,0,0,503.05,639.45,0,0,0,0,19-APR-2021,
OPTSTK,BATAINDIA,24-Jun-2021,1960,PE,0,0,0,521.75,659.15,0,0,0,0,19-APR-2021,
OPTSTK,BATAINDIA,24-Jun-2021,1980,PE,0,0,0,540.55,678.9,0,0,0,0,19-APR-2021,
OPTSTK,BEL,29-Apr-2021,80,CE,0,0,0,52.3,43.5,0,0,0,0,19-APR-2021,
OPTSTK,BEL,29-Apr-2021,82.5,CE,0,0,0,49.9,41,0,0,0,0,19-APR-2021,
OPTSTK,BEL,29-Apr-2021,85,CE,0,0,0,47.6,38.5,0,0,0,0,19-APR-2021,
OPTSTK,BEL,29-Apr-2021,87.5,CE,0,0,0,45.3,36,0,0,0,0,19-APR-2021,
OPTSTK,BEL,29-Apr-2021,90,CE,0,0,0,43,33.5,0,0,0,0,19-APR-2021,
OPTSTK,BEL,29-Apr-2021,92.5,CE,0,0,0,40.8,31,0,0,0,0,19-APR-2021,
OPTSTK,BEL,29-Apr-2021,95,CE,0,0,0,38.65,28.5,0,0,0,0,19-APR-2021,
OPTSTK,BEL,29-Apr-2021,97.5,CE,0,0,0,36.5,26.05,0,0,0,0,19-APR-2021,
OPTSTK,BEL,29-Apr-2021,100,CE,0,0,0,34.45,23.55,0,0,0,0,19-APR-2021,
OPTSTK,BEL,29-Apr-2021,102.5,CE,0,0,0,32.45,21.1,0,0,0,0,19-APR-2021,
OPTSTK,BEL,29-Apr-2021,105,CE,0,0,0,14.9,18.65,0,0,7600,0,19-APR-2021,
OPTSTK,BEL,29-Apr-2021,107.5,CE,0,0,0,28.65,16.25,0,0,0,0,19-APR-2021,
OPTSTK,BEL,29-Apr-2021,110,CE,0,0,0,26.85,13.95,0,0,0,0,19-APR-2021,
OPTSTK,BEL,29-Apr-2021,112.5,CE,0,0,0,25.1,11.8,0,0,0,0,19-APR-2021,
OPTSTK,BEL,29-Apr-2021,115,CE,0,0,0,15,9.75,0,0,60800,0,19-APR-2021,
OPTSTK,BEL,29-Apr-2021,117.5,CE,0,0,0,21.9,7.9,0,0,0,0,19-APR-2021,
OPTSTK,BEL,29-Apr-2021,120,CE,6,6.6,5.3,5.45,5.45,24,229.36,364800,45600,19-APR-2021,
OPTSTK,BEL,29-Apr-2021,122.5,CE,4.85,5.2,4.85,5.2,4.85,2,19.38,83600,-7600,19-APR-2021,
OPTSTK,BEL,29-Apr-2021,125,CE,3.2,4.4,2.6,2.75,2.75,284,2766.38,942400,220400,19-APR-2021,
OPTSTK,BEL,29-Apr-2021,127.5,CE,1.75,3.05,1.3,1.95,1.95,54,532.8,418000,228000,19-APR-2021,
OPTSTK,BEL,29-Apr-2021,130,CE,1.75,2.2,1.25,1.35,1.35,447,4471.99,3002000,38000,19-APR-2021,
OPTSTK,BEL,29-Apr-2021,132.5,CE,0.85,1.55,0.85,1,1,60,609.79,501600,30400,19-APR-2021,
OPTSTK,BEL,29-Apr-2021,135,CE,0.85,1.05,0.65,0.7,0.7,300,3096.23,1945600,182400,19-APR-2021,
OPTSTK,BEL,29-Apr-2021,137.5,CE,0.5,0.75,0.5,0.5,0.5,42,440.75,250800,60800,19-APR-2021,
OPTSTK,BEL,29-Apr-2021,140,CE,0.4,0.55,0.35,0.35,0.35,241,2572,2340800,15200,19-APR-2021,
OPTSTK,BEL,29-Apr-2021,142.5,CE,0.25,0.25,0.25,0.25,0.25,1,10.84,98800,-7600,19-APR-2021,
OPTSTK,BEL,29-Apr-2021,145,CE,0.3,0.3,0.2,0.2,0.2,40,441.52,737200,-68400,19-APR-2021,
OPTSTK,BEL,29-Apr-2021,147.5,CE,0,0,0,0.35,0.1,0,0,7600,0,19-APR-2021,
OPTSTK,BEL,29-Apr-2021,150,CE,0.2,0.25,0.15,0.15,0.15,83,947.34,1960800,-60800,19-APR-2021,
OPTSTK,BEL,29-Apr-2021,152.5,CE,0,0,0,0.9,0.05,0,0,7600,0,19-APR-2021,
OPTSTK,BEL,29-Apr-2021,155,CE,0.15,0.15,0.1,0.1,0.1,58,683.71,1041200,-129200,19-APR-2021,
OPTSTK,BEL,29-Apr-2021,157.5,CE,0,0,0,5.95,0.05,0,0,0,0,19-APR-2021,
OPTSTK,BEL,29-Apr-2021,160,CE,0.1,0.1,0.1,0.1,0.1,86,1046.41,934800,-326800,19-APR-2021,
OPTSTK,BEL,29-Apr-2021,162.5,CE,0,0,0,5,0,0,0,0,0,19-APR-2021,
OPTSTK,BEL,29-Apr-2021,165,CE,0.05,0.1,0.05,0.1,0,3,37.63,129200,-7600,19-APR-2021,
OPTSTK,BEL,29-Apr-2021,167.5,CE,0,0,0,4.15,0,0,0,0,0,19-APR-2021,
OPTSTK,BEL,29-Apr-2021,170,CE,0.1,0.1,0.1,0.1,0,1,12.92,106400,-7600,19-APR-2021,
OPTSTK,BEL,29-Apr-2021,172.5,CE,0,0,0,3.45,0,0,0,0,0,19-APR-2021,
OPTSTK,BEL,29-Apr-2021,175,CE,0,0,0,0.1,0,0,0,7600,0,19-APR-2021,
OPTSTK,BEL,29-Apr-2021,177.5,CE,0,0,0,2.85,0,0,0,0,0,19-APR-2021,
OPTSTK,BEL,29-Apr-2021,80,PE,0,0,0,0.05,0,0,0,15200,0,19-APR-2021,
OPTSTK,BEL,29-Apr-2021,82.5,PE,0,0,0,0.05,0,0,0,30400,0,19-APR-2021,
OPTSTK,BEL,29-Apr-2021,85,PE,0,0,0,0.2,0,0,0,38000,0,19-APR-2021,
OPTSTK,BEL,29-Apr-2021,87.5,PE,0,0,0,0.75,0,0,0,0,0,19-APR-2021,
OPTSTK,BEL,29-Apr-2021,90,PE,0,0,0,0.05,0,0,0,0,0,19-APR-2021,
OPTSTK,BEL,29-Apr-2021,92.5,PE,0,0,0,1.25,0,0,0,0,0,19-APR-2021,
OPTSTK,BEL,29-Apr-2021,95,PE,0,0,0,0.1,0,0,0,7600,0,19-APR-2021,
OPTSTK,BEL,29-Apr-2021,97.5,PE,0.35,1.8,0.3,0.3,0.3,9,67.37,38000,38000,19-APR-2021,
OPTSTK,BEL,29-Apr-2021,100,PE,0.3,0.3,0.15,0.2,0.2,18,137.09,402800,68400,19-APR-2021,
OPTSTK,BEL,29-Apr-2021,102.5,PE,0,0,0,0.2,0.1,0,0,76000,0,19-APR-2021,
OPTSTK,BEL,29-Apr-2021,105,PE,0.25,0.3,0.2,0.25,0.25,5,39.99,486400,0,19-APR-2021,
OPTSTK,BEL,29-Apr-2021,107.5,PE,0,0,0,0.3,0.25,0,0,7600,0,19-APR-2021,
OPTSTK,BEL,29-Apr-2021,110,PE,0.6,0.6,0.35,0.45,0.45,36,302.07,972800,7600,19-APR-2021,
OPTSTK,BEL,29-Apr-2021,112.5,PE,0.5,0.55,0.5,0.55,0.75,3,25.77,167200,-7600,19-APR-2021,
OPTSTK,BEL,29-Apr-2021,115,PE,1.05,1.1,0.7,0.9,0.9,116,1021.52,592800,-60800,19-APR-2021,
OPTSTK,BEL,29-Apr-2021,117.5,PE,1.3,1.3,1.3,1.3,1.3,3,27.08,174800,0,19-APR-2021,
OPTSTK,BEL,29-Apr-2021,120,PE,2.15,2.65,1.55,2.05,2.05,213,1975.02,1132400,-76000,19-APR-2021,
OPTSTK,BEL,29-Apr-2021,122.5,PE,5.15,5.15,2.35,3.05,3.05,29,276.53,266000,22800,19-APR-2021,
OPTSTK,BEL,29-Apr-2021,125,PE,5.8,5.8,3.2,4.4,4.4,171,1678.57,752400,-152000,19-APR-2021,
OPTSTK,BEL,29-Apr-2021,127.5,PE,5.85,6.5,4.5,6.15,6.15,11,111.13,190000,-38000,19-APR-2021,
OPTSTK,BEL,29-Apr-2021,130,PE,7.9,8,6.1,7.8,7.8,17,177.02,919600,-53200,19-APR-2021,
OPTSTK,BEL,29-Apr-2021,132.5,PE,10,10,9.85,9.9,9.9,4,43.3,152000,22800,19-APR-2021,
OPTSTK,BEL,29-Apr-2021,135,PE,12.5,12.5,12.5,12.5,12.5,1,11.21,304000,0,19-APR-2021,
OPTSTK,BEL,29-Apr-2021,137.5,PE,0,0,0,13.5,14.6,0,0,30400,0,19-APR-2021,
OPTSTK,BEL,29-Apr-2021,140,PE,16.75,16.75,16.75,16.75,16.9,1,11.91,273600,-7600,19-APR-2021,
OPTSTK,BEL,29-Apr-2021,142.5,PE,0,0,0,20.05,19.25,0,0,0,0,19-APR-2021,
OPTSTK,BEL,29-Apr-2021,145,PE,0,0,0,18.9,21.65,0,0,38000,0,19-APR-2021,
OPTSTK,BEL,29-Apr-2021,147.5,PE,0,0,0,23.45,24.05,0,0,0,0,19-APR-2021,
OPTSTK,BEL,29-Apr-2021,150,PE,0,0,0,21.05,26.55,0,0,98800,0,19-APR-2021,
OPTSTK,BEL,29-Apr-2021,152.5,PE,0,0,0,27,29,0,0,0,0,19-APR-2021,
OPTSTK,BEL,29-Apr-2021,155,PE,0,0,0,22,31.5,0,0,7600,0,19-APR-2021,
OPTSTK,BEL,29-Apr-2021,157.5,PE,0,0,0,30.8,33.95,0,0,0,0,19-APR-2021,
OPTSTK,BEL,29-Apr-2021,160,PE,0,0,0,32.8,36.45,0,0,0,0,19-APR-2021,
OPTSTK,BEL,29-Apr-2021,162.5,PE,0,0,0,34.8,38.95,0,0,0,0,19-APR-2021,
OPTSTK,BEL,29-Apr-2021,165,PE,0,0,0,36.8,41.45,0,0,0,0,19-APR-2021,
OPTSTK,BEL,29-Apr-2021,167.5,PE,0,0,0,38.9,43.95,0,0,0,0,19-APR-2021,
OPTSTK,BEL,29-Apr-2021,170,PE,0,0,0,41,46.45,0,0,0,0,19-APR-2021,
OPTSTK,BEL,29-Apr-2021,172.5,PE,0,0,0,43.15,48.95,0,0,0,0,19-APR-2021,
OPTSTK,BEL,29-Apr-2021,175,PE,0,0,0,45.3,51.45,0,0,0,0,19-APR-2021,
OPTSTK,BEL,29-Apr-2021,177.5,PE,0,0,0,47.5,53.95,0,0,0,0,19-APR-2021,
OPTSTK,BEL,27-May-2021,92.5,CE,0,0,0,50.7,31.6,0,0,0,0,19-APR-2021,
OPTSTK,BEL,27-May-2021,95,CE,0,0,0,48.4,29.25,0,0,0,0,19-APR-2021,
OPTSTK,BEL,27-May-2021,97.5,CE,0,0,0,46.15,27,0,0,0,0,19-APR-2021,
OPTSTK,BEL,27-May-2021,100,CE,0,0,0,43.95,24.75,0,0,0,0,19-APR-2021,
OPTSTK,BEL,27-May-2021,102.5,CE,0,0,0,41.75,22.6,0,0,0,0,19-APR-2021,
OPTSTK,BEL,27-May-2021,105,CE,0,0,0,39.65,20.55,0,0,0,0,19-APR-2021,
OPTSTK,BEL,27-May-2021,107.5,CE,0,0,0,37.55,18.55,0,0,0,0,19-APR-2021,
OPTSTK,BEL,27-May-2021,110,CE,0,0,0,35.55,16.7,0,0,0,0,19-APR-2021,
OPTSTK,BEL,27-May-2021,112.5,CE,0,0,0,33.6,14.95,0,0,0,0,19-APR-2021,
OPTSTK,BEL,27-May-2021,115,CE,0,0,0,31.7,13.3,0,0,0,0,19-APR-2021,
OPTSTK,BEL,27-May-2021,117.5,CE,0,0,0,29.85,11.75,0,0,0,0,19-APR-2021,
OPTSTK,BEL,27-May-2021,120,CE,0,0,0,12,10.35,0,0,22800,0,19-APR-2021,
OPTSTK,BEL,27-May-2021,122.5,CE,0,0,0,26.35,9.05,0,0,0,0,19-APR-2021,
OPTSTK,BEL,27-May-2021,125,CE,0,0,0,24.7,7.9,0,0,0,0,19-APR-2021,
OPTSTK,BEL,27-May-2021,127.5,CE,0,0,0,23.15,6.85,0,0,0,0,19-APR-2021,
OPTSTK,BEL,27-May-2021,130,CE,6,6,6,6,5.9,1,10.33,76000,7600,19-APR-2021,
OPTSTK,BEL,27-May-2021,132.5,CE,0,0,0,20.25,5.05,0,0,0,0,19-APR-2021,
OPTSTK,BEL,27-May-2021,135,CE,0,0,0,4.5,4.35,0,0,45600,0,19-APR-2021,
OPTSTK,BEL,27-May-2021,137.5,CE,0,0,0,17.6,3.7,0,0,0,0,19-APR-2021,
OPTSTK,BEL,27-May-2021,140,CE,1,1,1,1,3.15,1,10.71,83600,0,19-APR-2021,
OPTSTK,BEL,27-May-2021,142.5,CE,0,0,0,15.2,2.65,0,0,0,0,19-APR-2021,
OPTSTK,BEL,27-May-2021,145,CE,0,0,0,2.5,2.2,0,0,38000,0,19-APR-2021,
OPTSTK,BEL,27-May-2021,147.5,CE,0,0,0,13.1,1.85,0,0,0,0,19-APR-2021,
OPTSTK,BEL,27-May-2021,150,CE,0,0,0,12.15,1.55,0,0,0,0,19-APR-2021,
OPTSTK,BEL,27-May-2021,152.5,CE,0,0,0,11.25,1.3,0,0,0,0,19-APR-2021,
OPTSTK,BEL,27-May-2021,155,CE,0,0,0,10.4,1.05,0,0,0,0,19-APR-2021,
OPTSTK,BEL,27-May-2021,157.5,CE,0,0,0,9.6,0.9,0,0,0,0,19-APR-2021,
OPTSTK,BEL,27-May-2021,160,CE,0,0,0,8.85,0.7,0,0,0,0,19-APR-2021,
OPTSTK,BEL,27-May-2021,162.5,CE,0,0,0,8.15,0.6,0,0,0,0,19-APR-2021,
OPTSTK,BEL,27-May-2021,165,CE,0,0,0,7.5,0.5,0,0,0,0,19-APR-2021,
OPTSTK,BEL,27-May-2021,167.5,CE,0,0,0,6.9,0.4,0,0,0,0,19-APR-2021,
OPTSTK,BEL,27-May-2021,170,CE,0,0,0,6.35,0.35,0,0,0,0,19-APR-2021,
OPTSTK,BEL,27-May-2021,172.5,CE,0,0,0,5.85,0.25,0,0,0,0,19-APR-2021,
OPTSTK,BEL,27-May-2021,175,CE,0,0,0,5.35,0.2,0,0,0,0,19-APR-2021,
OPTSTK,BEL,27-May-2021,177.5,CE,0,0,0,4.9,0.2,0,0,0,0,19-APR-2021,
OPTSTK,BEL,27-May-2021,92.5,PE,0,0,0,0.65,0.35,0,0,0,0,19-APR-2021,
OPTSTK,BEL,27-May-2021,95,PE,0,0,0,0.85,0.5,0,0,0,0,19-APR-2021,
OPTSTK,BEL,27-May-2021,97.5,PE,0,0,0,1.05,0.7,0,0,0,0,19-APR-2021,
OPTSTK,BEL,27-May-2021,100,PE,0,0,0,1.3,0.95,0,0,0,0,19-APR-2021,
OPTSTK,BEL,27-May-2021,102.5,PE,0,0,0,1.6,1.3,0,0,0,0,19-APR-2021,
OPTSTK,BEL,27-May-2021,105,PE,0,0,0,0.95,1.75,0,0,0,0,19-APR-2021,
OPTSTK,BEL,27-May-2021,107.5,PE,0,0,0,2.35,2.25,0,0,0,0,19-APR-2021,
OPTSTK,BEL,27-May-2021,110,PE,0,0,0,1,2.85,0,0,7600,0,19-APR-2021,
OPTSTK,BEL,27-May-2021,112.5,PE,0,0,0,3.35,3.6,0,0,0,0,19-APR-2021,
OPTSTK,BEL,27-May-2021,115,PE,0,0,0,3.9,4.45,0,0,0,0,19-APR-2021,
OPTSTK,BEL,27-May-2021,117.5,PE,0,0,0,4.55,5.4,0,0,0,0,19-APR-2021,
OPTSTK,BEL,27-May-2021,120,PE,0,0,0,5.1,6.5,0,0,53200,0,19-APR-2021,
OPTSTK,BEL,27-May-2021,122.5,PE,0,0,0,6,7.7,0,0,0,0,19-APR-2021,
OPTSTK,BEL,27-May-2021,125,PE,6.3,6.3,6.3,6.3,9,1,9.97,7600,-7600,19-APR-2021,
OPTSTK,BEL,27-May-2021,127.5,PE,0,0,0,7.75,10.45,0,0,0,0,19-APR-2021,
OPTSTK,BEL,27-May-2021,130,PE,0,0,0,7,12,0,0,30400,0,19-APR-2021,
OPTSTK,BEL,27-May-2021,132.5,PE,0,0,0,9.8,13.65,0,0,0,0,19-APR-2021,
OPTSTK,BEL,27-May-2021,135,PE,13.5,13.5,13.5,13.5,13.5,1,11.28,7600,7600,19-APR-2021,
OPTSTK,BEL,27-May-2021,137.5,PE,0,0,0,12.1,17.25,0,0,0,0,19-APR-2021,
OPTSTK,BEL,27-May-2021,140,PE,0,0,0,13.35,19.2,0,0,0,0,19-APR-2021,
OPTSTK,BEL,27-May-2021,142.5,PE,0,0,0,14.7,21.2,0,0,0,0,19-APR-2021,
OPTSTK,BEL,27-May-2021,145,PE,0,0,0,16.1,23.25,0,0,0,0,19-APR-2021,
OPTSTK,BEL,27-May-2021,147.5,PE,0,0,0,17.55,25.4,0,0,0,0,19-APR-2021,
OPTSTK,BEL,27-May-2021,150,PE,0,0,0,19.05,27.55,0,0,0,0,19-APR-2021,
OPTSTK,BEL,27-May-2021,152.5,PE,0,0,0,20.6,29.8,0,0,0,0,19-APR-2021,
OPTSTK,BEL,27-May-2021,155,PE,0,0,0,22.25,32.05,0,0,0,0,19-APR-2021,
OPTSTK,BEL,27-May-2021,157.5,PE,0,0,0,23.9,34.35,0,0,0,0,19-APR-2021,
OPTSTK,BEL,27-May-2021,160,PE,0,0,0,25.65,36.7,0,0,0,0,19-APR-2021,
OPTSTK,BEL,27-May-2021,162.5,PE,0,0,0,27.45,39.05,0,0,0,0,19-APR-2021,
OPTSTK,BEL,27-May-2021,165,PE,0,0,0,29.3,41.45,0,0,0,0,19-APR-2021,
OPTSTK,BEL,27-May-2021,167.5,PE,0,0,0,31.15,43.85,0,0,0,0,19-APR-2021,
OPTSTK,BEL,27-May-2021,170,PE,0,0,0,33.1,46.25,0,0,0,0,19-APR-2021,
OPTSTK,BEL,27-May-2021,172.5,PE,0,0,0,35.05,48.7,0,0,0,0,19-APR-2021,
OPTSTK,BEL,27-May-2021,175,PE,0,0,0,37.05,51.15,0,0,0,0,19-APR-2021,
OPTSTK,BEL,27-May-2021,177.5,PE,0,0,0,39.05,53.6,0,0,0,0,19-APR-2021,
OPTSTK,BEL,24-Jun-2021,92.5,CE,0,0,0,29.95,32.6,0,0,0,0,19-APR-2021,
OPTSTK,BEL,24-Jun-2021,95,CE,0,0,0,28,30.45,0,0,0,0,19-APR-2021,
OPTSTK,BEL,24-Jun-2021,97.5,CE,0,0,0,26.1,28.35,0,0,0,0,19-APR-2021,
OPTSTK,BEL,24-Jun-2021,100,CE,0,0,0,24.3,26.3,0,0,0,0,19-APR-2021,
OPTSTK,BEL,24-Jun-2021,102.5,CE,0,0,0,22.55,24.35,0,0,0,0,19-APR-2021,
OPTSTK,BEL,24-Jun-2021,105,CE,0,0,0,20.9,22.5,0,0,0,0,19-APR-2021,
OPTSTK,BEL,24-Jun-2021,107.5,CE,0,0,0,19.35,20.7,0,0,0,0,19-APR-2021,
OPTSTK,BEL,24-Jun-2021,110,CE,0,0,0,17.85,19,0,0,0,0,19-APR-2021,
OPTSTK,BEL,24-Jun-2021,112.5,CE,0,0,0,16.45,17.4,0,0,0,0,19-APR-2021,
OPTSTK,BEL,24-Jun-2021,115,CE,0,0,0,15.15,15.85,0,0,0,0,19-APR-2021,
OPTSTK,BEL,24-Jun-2021,117.5,CE,0,0,0,13.9,14.45,0,0,0,0,19-APR-2021,
OPTSTK,BEL,24-Jun-2021,120,CE,0,0,0,12.75,13.1,0,0,0,0,19-APR-2021,
OPTSTK,BEL,24-Jun-2021,122.5,CE,0,0,0,11.65,11.85,0,0,0,0,19-APR-2021,
OPTSTK,BEL,24-Jun-2021,125,CE,0,0,0,10.65,10.7,0,0,0,0,19-APR-2021,
OPTSTK,BEL,24-Jun-2021,127.5,CE,0,0,0,9.7,9.65,0,0,0,0,19-APR-2021,
OPTSTK,BEL,24-Jun-2021,130,CE,0,0,0,8.85,8.7,0,0,0,0,19-APR-2021,
OPTSTK,BEL,24-Jun-2021,132.5,CE,0,0,0,8.05,7.8,0,0,0,0,19-APR-2021,
OPTSTK,BEL,24-Jun-2021,135,CE,0,0,0,7.3,6.95,0,0,0,0,19-APR-2021,
OPTSTK,BEL,24-Jun-2021,137.5,CE,0,0,0,6.65,6.25,0,0,0,0,19-APR-2021,
OPTSTK,BEL,24-Jun-2021,140,CE,0,0,0,6,5.55,0,0,0,0,19-APR-2021,
OPTSTK,BEL,24-Jun-2021,142.5,CE,0,0,0,5.45,4.95,0,0,0,0,19-APR-2021,
OPTSTK,BEL,24-Jun-2021,145,CE,0,0,0,4.9,4.4,0,0,0,0,19-APR-2021,
OPTSTK,BEL,24-Jun-2021,147.5,CE,0,0,0,4.45,3.9,0,0,0,0,19-APR-2021,
OPTSTK,BEL,24-Jun-2021,150,CE,0,0,0,4,3.45,0,0,0,0,19-APR-2021,
OPTSTK,BEL,24-Jun-2021,152.5,CE,0,0,0,3.6,3.05,0,0,0,0,19-APR-2021,
OPTSTK,BEL,24-Jun-2021,155,CE,0,0,0,3.25,2.7,0,0,0,0,19-APR-2021,
OPTSTK,BEL,24-Jun-2021,157.5,CE,0,0,0,2.9,2.35,0,0,0,0,19-APR-2021,
OPTSTK,BEL,24-Jun-2021,160,CE,0,0,0,2.65,2.05,0,0,0,0,19-APR-2021,
OPTSTK,BEL,24-Jun-2021,162.5,CE,0,0,0,2.35,1.8,0,0,0,0,19-APR-2021,
OPTSTK,BEL,24-Jun-2021,165,CE,0,0,0,2.1,1.6,0,0,0,0,19-APR-2021,
OPTSTK,BEL,24-Jun-2021,167.5,CE,0,0,0,1.9,1.4,0,0,0,0,19-APR-2021,
OPTSTK,BEL,24-Jun-2021,170,CE,0,0,0,1.7,1.2,0,0,0,0,19-APR-2021,
OPTSTK,BEL,24-Jun-2021,172.5,CE,0,0,0,1.55,1.05,0,0,0,0,19-APR-2021,
OPTSTK,BEL,24-Jun-2021,175,CE,0,0,0,1.35,0.95,0,0,0,0,19-APR-2021,
OPTSTK,BEL,24-Jun-2021,92.5,PE,0,0,0,2.35,1.1,0,0,0,0,19-APR-2021,
OPTSTK,BEL,24-Jun-2021,95,PE,0,0,0,2.85,1.4,0,0,0,0,19-APR-2021,
OPTSTK,BEL,24-Jun-2021,97.5,PE,0,0,0,3.45,1.8,0,0,0,0,19-APR-2021,
OPTSTK,BEL,24-Jun-2021,100,PE,0,0,0,4.1,2.25,0,0,0,0,19-APR-2021,
OPTSTK,BEL,24-Jun-2021,102.5,PE,0,0,0,4.85,2.75,0,0,0,0,19-APR-2021,
OPTSTK,BEL,24-Jun-2021,105,PE,0,0,0,5.65,3.35,0,0,0,0,19-APR-2021,
OPTSTK,BEL,24-Jun-2021,107.5,PE,0,0,0,6.6,4.05,0,0,0,0,19-APR-2021,
OPTSTK,BEL,24-Jun-2021,110,PE,0,0,0,7.55,4.85,0,0,0,0,19-APR-2021,
OPTSTK,BEL,24-Jun-2021,112.5,PE,0,0,0,8.65,5.7,0,0,0,0,19-APR-2021,
OPTSTK,BEL,24-Jun-2021,115,PE,0,0,0,9.8,6.7,0,0,0,0,19-APR-2021,
OPTSTK,BEL,24-Jun-2021,117.5,PE,0,0,0,11.05,7.75,0,0,0,0,19-APR-2021,
OPTSTK,BEL,24-Jun-2021,120,PE,0,0,0,12.35,8.9,0,0,0,0,19-APR-2021,
OPTSTK,BEL,24-Jun-2021,122.5,PE,0,0,0,13.75,10.15,0,0,0,0,19-APR-2021,
OPTSTK,BEL,24-Jun-2021,125,PE,0,0,0,15.25,11.5,0,0,0,0,19-APR-2021,
OPTSTK,BEL,24-Jun-2021,127.5,PE,0,0,0,16.75,12.9,0,0,0,0,19-APR-2021,
OPTSTK,BEL,24-Jun-2021,130,PE,0,0,0,18.4,14.4,0,0,0,0,19-APR-2021,
OPTSTK,BEL,24-Jun-2021,132.5,PE,0,0,0,20.05,16,0,0,0,0,19-APR-2021,
OPTSTK,BEL,24-Jun-2021,135,PE,0,0,0,21.8,17.65,0,0,0,0,19-APR-2021,
OPTSTK,BEL,24-Jun-2021,137.5,PE,0,0,0,23.6,19.4,0,0,0,0,19-APR-2021,
OPTSTK,BEL,24-Jun-2021,140,PE,0,0,0,25.45,21.2,0,0,0,0,19-APR-2021,
OPTSTK,BEL,24-Jun-2021,142.5,PE,0,0,0,27.35,23.1,0,0,0,0,19-APR-2021,
OPTSTK,BEL,24-Jun-2021,145,PE,0,0,0,29.3,25,0,0,0,0,19-APR-2021,
OPTSTK,BEL,24-Jun-2021,147.5,PE,0,0,0,31.3,27,0,0,0,0,19-APR-2021,
OPTSTK,BEL,24-Jun-2021,150,PE,0,0,0,33.35,29,0,0,0,0,19-APR-2021,
OPTSTK,BEL,24-Jun-2021,152.5,PE,0,0,0,35.45,31.1,0,0,0,0,19-APR-2021,
OPTSTK,BEL,24-Jun-2021,155,PE,0,0,0,37.55,33.25,0,0,0,0,19-APR-2021,
OPTSTK,BEL,24-Jun-2021,157.5,PE,0,0,0,39.7,35.4,0,0,0,0,19-APR-2021,
OPTSTK,BEL,24-Jun-2021,160,PE,0,0,0,41.9,37.6,0,0,0,0,19-APR-2021,
OPTSTK,BEL,24-Jun-2021,162.5,PE,0,0,0,44.1,39.8,0,0,0,0,19-APR-2021,
OPTSTK,BEL,24-Jun-2021,165,PE,0,0,0,46.35,42.1,0,0,0,0,19-APR-2021,
OPTSTK,BEL,24-Jun-2021,167.5,PE,0,0,0,48.6,44.35,0,0,0,0,19-APR-2021,
OPTSTK,BEL,24-Jun-2021,170,PE,0,0,0,50.85,46.65,0,0,0,0,19-APR-2021,
OPTSTK,BEL,24-Jun-2021,172.5,PE,0,0,0,53.15,49,0,0,0,0,19-APR-2021,
OPTSTK,BEL,24-Jun-2021,175,PE,0,0,0,55.5,51.35,0,0,0,0,19-APR-2021,
OPTSTK,BERGEPAINT,29-Apr-2021,480,CE,0,0,0,256.45,236.3,0,0,0,0,19-APR-2021,
OPTSTK,BERGEPAINT,29-Apr-2021,490,CE,0,0,0,246.75,226.3,0,0,0,0,19-APR-2021,
OPTSTK,BERGEPAINT,29-Apr-2021,500,CE,0,0,0,237.05,216.3,0,0,0,0,19-APR-2021,
OPTSTK,BERGEPAINT,29-Apr-2021,510,CE,0,0,0,227.45,206.35,0,0,0,0,19-APR-2021,
OPTSTK,BERGEPAINT,29-Apr-2021,520,CE,0,0,0,217.95,196.35,0,0,0,0,19-APR-2021,
OPTSTK,BERGEPAINT,29-Apr-2021,530,CE,0,0,0,208.55,186.35,0,0,0,0,19-APR-2021,
OPTSTK,BERGEPAINT,29-Apr-2021,540,CE,0,0,0,199.2,176.35,0,0,0,0,19-APR-2021,
OPTSTK,BERGEPAINT,29-Apr-2021,550,CE,0,0,0,190,166.35,0,0,0,0,19-APR-2021,
OPTSTK,BERGEPAINT,29-Apr-2021,560,CE,0,0,0,180.95,156.4,0,0,0,0,19-APR-2021,
OPTSTK,BERGEPAINT,29-Apr-2021,570,CE,0,0,0,172.05,146.4,0,0,0,0,19-APR-2021,
OPTSTK,BERGEPAINT,29-Apr-2021,580,CE,0,0,0,163.3,136.4,0,0,0,0,19-APR-2021,
OPTSTK,BERGEPAINT,29-Apr-2021,590,CE,0,0,0,154.7,126.4,0,0,0,0,19-APR-2021,
OPTSTK,BERGEPAINT,29-Apr-2021,600,CE,0,0,0,146.35,116.45,0,0,0,0,19-APR-2021,
OPTSTK,BERGEPAINT,29-Apr-2021,610,CE,0,0,0,138.2,106.5,0,0,0,0,19-APR-2021,
OPTSTK,BERGEPAINT,29-Apr-2021,620,CE,0,0,0,130.25,96.6,0,0,0,0,19-APR-2021,
OPTSTK,BERGEPAINT,29-Apr-2021,630,CE,0,0,0,122.55,86.75,0,0,0,0,19-APR-2021,
OPTSTK,BERGEPAINT,29-Apr-2021,640,CE,0,0,0,115.15,77.1,0,0,0,0,19-APR-2021,
OPTSTK,BERGEPAINT,29-Apr-2021,650,CE,0,0,0,107.95,67.6,0,0,0,0,19-APR-2021,
OPTSTK,BERGEPAINT,29-Apr-2021,660,CE,0,0,0,101,58.45,0,0,0,0,19-APR-2021,
OPTSTK,BERGEPAINT,29-Apr-2021,670,CE,0,0,0,94.35,49.7,0,0,0,0,19-APR-2021,
OPTSTK,BERGEPAINT,29-Apr-2021,680,CE,0,0,0,87.95,41.55,0,0,0,0,19-APR-2021,
OPTSTK,BERGEPAINT,29-Apr-2021,690,CE,0,0,0,81.9,34,0,0,0,0,19-APR-2021,
OPTSTK,BERGEPAINT,29-Apr-2021,700,CE,29.5,29.5,25,26,27.3,11,87.85,9900,6600,19-APR-2021,
OPTSTK,BERGEPAINT,29-Apr-2021,710,CE,19,19.9,19,19.8,21.4,3,24.07,3300,3300,19-APR-2021,
OPTSTK,BERGEPAINT,29-Apr-2021,720,CE,0,0,0,65.35,16.4,0,0,0,0,19-APR-2021,
OPTSTK,BERGEPAINT,29-Apr-2021,730,CE,19.45,19.45,19.45,19.45,12.25,1,8.24,11000,1100,19-APR-2021,
OPTSTK,BERGEPAINT,29-Apr-2021,740,CE,8.75,13.45,6.8,8.4,8.4,43,354.53,53900,8800,19-APR-2021,
OPTSTK,BERGEPAINT,29-Apr-2021,750,CE,9.3,9.3,5.3,6.4,6.4,227,1889.97,173800,14300,19-APR-2021,
OPTSTK,BERGEPAINT,29-Apr-2021,760,CE,6,6.9,3.9,4.85,4.85,96,808.08,111100,2200,19-APR-2021,
OPTSTK,BERGEPAINT,29-Apr-2021,770,CE,3.7,6.4,2.7,3.55,3.55,28,238.18,73700,-6600,19-APR-2021,
OPTSTK,BERGEPAINT,29-Apr-2021,780,CE,5.75,5.75,2.5,2.75,2,31,267.03,184800,8800,19-APR-2021,
OPTSTK,BERGEPAINT,29-Apr-2021,790,CE,2.85,2.85,1.85,1.9,1.3,5,43.57,30800,5500,19-APR-2021,
OPTSTK,BERGEPAINT,29-Apr-2021,800,CE,2,2.5,1.25,1.9,1.9,163,1438.09,561000,-1100,19-APR-2021,
OPTSTK,BERGEPAINT,29-Apr-2021,810,CE,1.55,2,1.55,2,0.5,2,17.85,16500,1100,19-APR-2021,
OPTSTK,BERGEPAINT,29-Apr-2021,820,CE,0.85,2,0.65,0.85,0.85,29,261.88,50600,3300,19-APR-2021,
OPTSTK,BERGEPAINT,29-Apr-2021,830,CE,0,0,0,25.2,0.2,0,0,0,0,19-APR-2021,
OPTSTK,BERGEPAINT,29-Apr-2021,840,CE,0,0,0,6.85,0.1,0,0,1100,0,19-APR-2021,
OPTSTK,BERGEPAINT,29-Apr-2021,850,CE,0.5,0.5,0.45,0.45,0.05,4,37.42,51700,-2200,19-APR-2021,
OPTSTK,BERGEPAINT,29-Apr-2021,860,CE,0,0,0,0.4,0.05,0,0,3300,0,19-APR-2021,
OPTSTK,BERGEPAINT,29-Apr-2021,870,CE,0,0,0,17.05,0.05,0,0,0,0,19-APR-2021,
OPTSTK,BERGEPAINT,29-Apr-2021,880,CE,0,0,0,15.4,0.05,0,0,0,0,19-APR-2021,
OPTSTK,BERGEPAINT,29-Apr-2021,890,CE,0,0,0,13.9,0,0,0,0,0,19-APR-2021,
OPTSTK,BERGEPAINT,29-Apr-2021,900,CE,0.1,0.45,0.1,0.45,0,2,19.8,46200,-1100,19-APR-2021,
OPTSTK,BERGEPAINT,29-Apr-2021,910,CE,0,0,0,11.3,0,0,0,0,0,19-APR-2021,
OPTSTK,BERGEPAINT,29-Apr-2021,920,CE,0,0,0,10.15,0,0,0,0,0,19-APR-2021,
OPTSTK,BERGEPAINT,29-Apr-2021,930,CE,0,0,0,9.15,0,0,0,0,0,19-APR-2021,
OPTSTK,BERGEPAINT,29-Apr-2021,940,CE,0,0,0,8.2,0,0,0,0,0,19-APR-2021,
OPTSTK,BERGEPAINT,29-Apr-2021,950,CE,0,0,0,7.35,0,0,0,0,0,19-APR-2021,
OPTSTK,BERGEPAINT,29-Apr-2021,480,PE,0,0,0,0.55,0,0,0,0,0,19-APR-2021,
OPTSTK,BERGEPAINT,29-Apr-2021,490,PE,0,0,0,0.75,0,0,0,0,0,19-APR-2021,
OPTSTK,BERGEPAINT,29-Apr-2021,500,PE,0,0,0,1,0,0,0,0,0,19-APR-2021,
OPTSTK,BERGEPAINT,29-Apr-2021,510,PE,0,0,0,1.3,0,0,0,0,0,19-APR-2021,
OPTSTK,BERGEPAINT,29-Apr-2021,520,PE,0,0,0,1.7,0,0,0,0,0,19-APR-2021,
OPTSTK,BERGEPAINT,29-Apr-2021,530,PE,0,0,0,2.2,0,0,0,0,0,19-APR-2021,
OPTSTK,BERGEPAINT,29-Apr-2021,540,PE,0,0,0,2.75,0,0,0,0,0,19-APR-2021,
OPTSTK,BERGEPAINT,29-Apr-2021,550,PE,0,0,0,3.45,0,0,0,0,0,19-APR-2021,
OPTSTK,BERGEPAINT,29-Apr-2021,560,PE,0,0,0,4.3,0,0,0,0,0,19-APR-2021,
OPTSTK,BERGEPAINT,29-Apr-2021,570,PE,0,0,0,5.3,0,0,0,0,0,19-APR-2021,
OPTSTK,BERGEPAINT,29-Apr-2021,580,PE,0,0,0,6.45,0,0,0,0,0,19-APR-2021,
OPTSTK,BERGEPAINT,29-Apr-2021,590,PE,0,0,0,7.8,0.05,0,0,0,0,19-APR-2021,
OPTSTK,BERGEPAINT,29-Apr-2021,600,PE,0,0,0,9.35,0.05,0,0,0,0,19-APR-2021,
OPTSTK,BERGEPAINT,29-Apr-2021,610,PE,0,0,0,11.1,0.1,0,0,0,0,19-APR-2021,
OPTSTK,BERGEPAINT,29-Apr-2021,620,PE,0,0,0,13.05,0.2,0,0,0,0,19-APR-2021,
OPTSTK,BERGEPAINT,29-Apr-2021,630,PE,0,0,0,15.3,0.35,0,0,0,0,19-APR-2021,
OPTSTK,BERGEPAINT,29-Apr-2021,640,PE,0,0,0,17.75,0.65,0,0,0,0,19-APR-2021,
OPTSTK,BERGEPAINT,29-Apr-2021,650,PE,0.9,0.9,0.9,0.9,1.15,1,7.15,1100,-1100,19-APR-2021,
OPTSTK,BERGEPAINT,29-Apr-2021,660,PE,0,0,0,23.45,2,0,0,0,0,19-APR-2021,
OPTSTK,BERGEPAINT,29-Apr-2021,670,PE,6.45,6.45,6,6,3.25,7,52.06,7700,7700,19-APR-2021,
OPTSTK,BERGEPAINT,29-Apr-2021,680,PE,5.9,10,5.9,6,6,27,204.19,28600,14300,19-APR-2021,
OPTSTK,BERGEPAINT,29-Apr-2021,690,PE,6,11.5,6,8.4,7.55,19,146.19,8800,1100,19-APR-2021,
OPTSTK,BERGEPAINT,29-Apr-2021,700,PE,11,17,9,10.05,10.05,463,3636.96,176000,44000,19-APR-2021,
OPTSTK,BERGEPAINT,29-Apr-2021,710,PE,14.05,17.95,12.95,17.5,14.9,7,55.84,20900,3300,19-APR-2021,
OPTSTK,BERGEPAINT,29-Apr-2021,720,PE,15.65,21,15.65,21,19.9,8,64.99,36300,-5500,19-APR-2021,
OPTSTK,BERGEPAINT,29-Apr-2021,730,PE,21.25,29.7,21.25,26.4,25.75,14,116.37,47300,0,19-APR-2021,
OPTSTK,BERGEPAINT,29-Apr-2021,740,PE,34,34,34,34,32.4,8,68.11,47300,0,19-APR-2021,
OPTSTK,BERGEPAINT,29-Apr-2021,750,PE,38.9,44.5,38.9,44.5,39.85,3,26.09,46200,1100,19-APR-2021,
OPTSTK,BERGEPAINT,29-Apr-2021,760,PE,0,0,0,30.6,47.85,0,0,31900,0,19-APR-2021,
OPTSTK,BERGEPAINT,29-Apr-2021,770,PE,52.5,52.5,52.5,52.5,56.45,1,9.04,6600,0,19-APR-2021,
OPTSTK,BERGEPAINT,29-Apr-2021,780,PE,65.1,65.1,65.1,65.1,65.4,1,9.29,4400,0,19-APR-2021,
OPTSTK,BERGEPAINT,29-Apr-2021,790,PE,0,0,0,87.65,74.7,0,0,0,0,19-APR-2021,
OPTSTK,BERGEPAINT,29-Apr-2021,800,PE,83.1,83.1,83.1,83.1,84.2,1,9.71,2200,0,19-APR-2021,
OPTSTK,BERGEPAINT,29-Apr-2021,810,PE,0,0,0,101.4,93.9,0,0,0,0,19-APR-2021,
OPTSTK,BERGEPAINT,29-Apr-2021,820,PE,0,0,0,108.65,103.7,0,0,0,0,19-APR-2021,
OPTSTK,BERGEPAINT,29-Apr-2021,830,PE,0,0,0,116.1,113.55,0,0,0,0,19-APR-2021,
OPTSTK,BERGEPAINT,29-Apr-2021,840,PE,0,0,0,123.7,123.5,0,0,0,0,19-APR-2021,
OPTSTK,BERGEPAINT,29-Apr-2021,850,PE,0,0,0,131.5,133.45,0,0,0,0,19-APR-2021,
OPTSTK,BERGEPAINT,29-Apr-2021,860,PE,0,0,0,139.45,143.4,0,0,0,0,19-APR-2021,
OPTSTK,BERGEPAINT,29-Apr-2021,870,PE,0,0,0,147.55,153.35,0,0,0,0,19-APR-2021,
OPTSTK,BERGEPAINT,29-Apr-2021,880,PE,0,0,0,155.8,163.35,0,0,0,0,19-APR-2021,
OPTSTK,BERGEPAINT,29-Apr-2021,890,PE,0,0,0,164.25,173.35,0,0,0,0,19-APR-2021,
OPTSTK,BERGEPAINT,29-Apr-2021,900,PE,0,0,0,172.75,183.35,0,0,0,0,19-APR-2021,
OPTSTK,BERGEPAINT,29-Apr-2021,910,PE,0,0,0,181.45,193.3,0,0,0,0,19-APR-2021,
OPTSTK,BERGEPAINT,29-Apr-2021,920,PE,0,0,0,190.2,203.3,0,0,0,0,19-APR-2021,
OPTSTK,BERGEPAINT,29-Apr-2021,930,PE,0,0,0,199.1,213.3,0,0,0,0,19-APR-2021,
OPTSTK,BERGEPAINT,29-Apr-2021,940,PE,0,0,0,208.05,223.3,0,0,0,0,19-APR-2021,
OPTSTK,BERGEPAINT,29-Apr-2021,950,PE,0,0,0,217.1,233.3,0,0,0,0,19-APR-2021,
OPTSTK,BERGEPAINT,27-May-2021,480,CE,0,0,0,247.9,237.7,0,0,0,0,19-APR-2021,
OPTSTK,BERGEPAINT,27-May-2021,490,CE,0,0,0,238.2,227.75,0,0,0,0,19-APR-2021,
OPTSTK,BERGEPAINT,27-May-2021,500,CE,0,0,0,228.55,217.8,0,0,0,0,19-APR-2021,
OPTSTK,BERGEPAINT,27-May-2021,510,CE,0,0,0,218.95,207.85,0,0,0,0,19-APR-2021,
OPTSTK,BERGEPAINT,27-May-2021,520,CE,0,0,0,209.45,197.95,0,0,0,0,19-APR-2021,
OPTSTK,BERGEPAINT,27-May-2021,530,CE,0,0,0,200,188.05,0,0,0,0,19-APR-2021,
OPTSTK,BERGEPAINT,27-May-2021,540,CE,0,0,0,190.7,178.2,0,0,0,0,19-APR-2021,
OPTSTK,BERGEPAINT,27-May-2021,550,CE,0,0,0,181.55,168.35,0,0,0,0,19-APR-2021,
OPTSTK,BERGEPAINT,27-May-2021,560,CE,0,0,0,172.5,158.6,0,0,0,0,19-APR-2021,
OPTSTK,BERGEPAINT,27-May-2021,570,CE,0,0,0,163.6,148.95,0,0,0,0,19-APR-2021,
OPTSTK,BERGEPAINT,27-May-2021,580,CE,0,0,0,154.9,139.4,0,0,0,0,19-APR-2021,
OPTSTK,BERGEPAINT,27-May-2021,590,CE,0,0,0,146.4,129.95,0,0,0,0,19-APR-2021,
OPTSTK,BERGEPAINT,27-May-2021,600,CE,0,0,0,138.1,120.7,0,0,0,0,19-APR-2021,
OPTSTK,BERGEPAINT,27-May-2021,610,CE,0,0,0,130.05,111.65,0,0,0,0,19-APR-2021,
OPTSTK,BERGEPAINT,27-May-2021,620,CE,0,0,0,122.2,102.85,0,0,0,0,19-APR-2021,
OPTSTK,BERGEPAINT,27-May-2021,630,CE,0,0,0,114.6,94.3,0,0,0,0,19-APR-2021,
OPTSTK,BERGEPAINT,27-May-2021,640,CE,0,0,0,107.3,86.05,0,0,0,0,19-APR-2021,
OPTSTK,BERGEPAINT,27-May-2021,650,CE,0,0,0,100.25,78.15,0,0,0,0,19-APR-2021,
OPTSTK,BERGEPAINT,27-May-2021,660,CE,0,0,0,93.4,70.65,0,0,0,0,19-APR-2021,
OPTSTK,BERGEPAINT,27-May-2021,670,CE,0,0,0,86.95,63.5,0,0,0,0,19-APR-2021,
OPTSTK,BERGEPAINT,27-May-2021,680,CE,0,0,0,80.75,56.8,0,0,0,0,19-APR-2021,
OPTSTK,BERGEPAINT,27-May-2021,690,CE,0,0,0,74.85,50.55,0,0,0,0,19-APR-2021,
OPTSTK,BERGEPAINT,27-May-2021,700,CE,0,0,0,69.25,44.75,0,0,0,0,19-APR-2021,
OPTSTK,BERGEPAINT,27-May-2021,710,CE,0,0,0,63.95,39.4,0,0,0,0,19-APR-2021,
OPTSTK,BERGEPAINT,27-May-2021,720,CE,0,0,0,58.95,34.5,0,0,0,0,19-APR-2021,
OPTSTK,BERGEPAINT,27-May-2021,730,CE,0,0,0,54.25,30.05,0,0,0,0,19-APR-2021,
OPTSTK,BERGEPAINT,27-May-2021,740,CE,0,0,0,49.8,26,0,0,0,0,19-APR-2021,
OPTSTK,BERGEPAINT,27-May-2021,750,CE,0,0,0,45.65,22.4,0,0,0,0,19-APR-2021,
OPTSTK,BERGEPAINT,27-May-2021,760,CE,0,0,0,41.75,19.2,0,0,0,0,19-APR-2021,
OPTSTK,BERGEPAINT,27-May-2021,770,CE,14,14,14,14,16.4,1,8.62,0,-1100,19-APR-2021,
OPTSTK,BERGEPAINT,27-May-2021,780,CE,0,0,0,34.8,13.95,0,0,0,0,19-APR-2021,
OPTSTK,BERGEPAINT,27-May-2021,790,CE,0,0,0,31.65,11.75,0,0,0,0,19-APR-2021,
OPTSTK,BERGEPAINT,27-May-2021,800,CE,0,0,0,28.75,9.85,0,0,0,0,19-APR-2021,
OPTSTK,BERGEPAINT,27-May-2021,810,CE,0,0,0,26.1,8.25,0,0,0,0,19-APR-2021,
OPTSTK,BERGEPAINT,27-May-2021,820,CE,0,0,0,23.7,6.85,0,0,0,0,19-APR-2021,
OPTSTK,BERGEPAINT,27-May-2021,830,CE,0,0,0,21.45,5.65,0,0,0,0,19-APR-2021,
OPTSTK,BERGEPAINT,27-May-2021,840,CE,0,0,0,19.35,4.65,0,0,0,0,19-APR-2021,
OPTSTK,BERGEPAINT,27-May-2021,850,CE,0,0,0,17.45,3.85,0,0,0,0,19-APR-2021,
OPTSTK,BERGEPAINT,27-May-2021,860,CE,0,0,0,15.7,3.15,0,0,0,0,19-APR-2021,
OPTSTK,BERGEPAINT,27-May-2021,870,CE,0,0,0,14.1,2.55,0,0,0,0,19-APR-2021,
OPTSTK,BERGEPAINT,27-May-2021,880,CE,0,0,0,12.7,2.05,0,0,0,0,19-APR-2021,
OPTSTK,BERGEPAINT,27-May-2021,890,CE,0,0,0,11.35,1.65,0,0,0,0,19-APR-2021,
OPTSTK,BERGEPAINT,27-May-2021,900,CE,0,0,0,10.2,1.35,0,0,0,0,19-APR-2021,
OPTSTK,BERGEPAINT,27-May-2021,910,CE,0,0,0,9.1,1.05,0,0,0,0,19-APR-2021,
OPTSTK,BERGEPAINT,27-May-2021,920,CE,0,0,0,8.15,0.85,0,0,0,0,19-APR-2021,
OPTSTK,BERGEPAINT,27-May-2021,930,CE,0,0,0,7.25,0.7,0,0,0,0,19-APR-2021,
OPTSTK,BERGEPAINT,27-May-2021,940,CE,0,0,0,6.45,0.55,0,0,0,0,19-APR-2021,
OPTSTK,BERGEPAINT,27-May-2021,950,CE,0,0,0,5.75,0.45,0,0,0,0,19-APR-2021,
OPTSTK,BERGEPAINT,27-May-2021,480,PE,0,0,0,0.55,0.05,0,0,0,0,19-APR-2021,
OPTSTK,BERGEPAINT,27-May-2021,490,PE,0,0,0,0.7,0.05,0,0,0,0,19-APR-2021,
OPTSTK,BERGEPAINT,27-May-2021,500,PE,0,0,0,0.95,0.05,0,0,0,0,19-APR-2021,
OPTSTK,BERGEPAINT,27-May-2021,510,PE,0,0,0,1.3,0.1,0,0,0,0,19-APR-2021,
OPTSTK,BERGEPAINT,27-May-2021,520,PE,0,0,0,1.7,0.1,0,0,0,0,19-APR-2021,
OPTSTK,BERGEPAINT,27-May-2021,530,PE,0,0,0,2.2,0.2,0,0,0,0,19-APR-2021,
OPTSTK,BERGEPAINT,27-May-2021,540,PE,0,0,0,2.8,0.3,0,0,0,0,19-APR-2021,
OPTSTK,BERGEPAINT,27-May-2021,550,PE,0,0,0,3.5,0.45,0,0,0,0,19-APR-2021,
OPTSTK,BERGEPAINT,27-May-2021,560,PE,0,0,0,4.4,0.65,0,0,0,0,19-APR-2021,
OPTSTK,BERGEPAINT,27-May-2021,570,PE,0,0,0,5.4,0.95,0,0,0,0,19-APR-2021,
OPTSTK,BERGEPAINT,27-May-2021,580,PE,0,0,0,6.6,1.35,0,0,0,0,19-APR-2021,
OPTSTK,BERGEPAINT,27-May-2021,590,PE,0,0,0,8,1.85,0,0,0,0,19-APR-2021,
OPTSTK,BERGEPAINT,27-May-2021,600,PE,0,0,0,9.65,2.6,0,0,0,0,19-APR-2021,
OPTSTK,BERGEPAINT,27-May-2021,610,PE,0,0,0,11.45,3.5,0,0,0,0,19-APR-2021,
OPTSTK,BERGEPAINT,27-May-2021,620,PE,0,0,0,13.5,4.65,0,0,0,0,19-APR-2021,
OPTSTK,BERGEPAINT,27-May-2021,630,PE,0,0,0,15.85,6.05,0,0,0,0,19-APR-2021,
OPTSTK,BERGEPAINT,27-May-2021,640,PE,0,0,0,18.45,7.75,0,0,0,0,19-APR-2021,
OPTSTK,BERGEPAINT,27-May-2021,650,PE,0,0,0,21.3,9.85,0,0,0,0,19-APR-2021,
OPTSTK,BERGEPAINT,27-May-2021,660,PE,0,0,0,24.4,12.3,0,0,0,0,19-APR-2021,
OPTSTK,BERGEPAINT,27-May-2021,670,PE,0,0,0,27.8,15.1,0,0,0,0,19-APR-2021,
OPTSTK,BERGEPAINT,27-May-2021,680,PE,0,0,0,31.5,18.35,0,0,0,0,19-APR-2021,
OPTSTK,BERGEPAINT,27-May-2021,690,PE,0,0,0,35.55,22.05,0,0,0,0,19-APR-2021,
OPTSTK,BERGEPAINT,27-May-2021,700,PE,0,0,0,39.85,26.2,0,0,0,0,19-APR-2021,
OPTSTK,BERGEPAINT,27-May-2021,710,PE,0,0,0,44.45,30.8,0,0,0,0,19-APR-2021,
OPTSTK,BERGEPAINT,27-May-2021,720,PE,0,0,0,15,35.9,0,0,1100,0,19-APR-2021,
OPTSTK,BERGEPAINT,27-May-2021,730,PE,0,0,0,54.55,41.4,0,0,0,0,19-APR-2021,
OPTSTK,BERGEPAINT,27-May-2021,740,PE,0,0,0,60,47.35,0,0,0,0,19-APR-2021,
OPTSTK,BERGEPAINT,27-May-2021,750,PE,0,0,0,65.75,53.7,0,0,0,0,19-APR-2021,
OPTSTK,BERGEPAINT,27-May-2021,760,PE,0,0,0,71.8,60.45,0,0,0,0,19-APR-2021,
OPTSTK,BERGEPAINT,27-May-2021,770,PE,0,0,0,78.1,67.6,0,0,0,0,19-APR-2021,
OPTSTK,BERGEPAINT,27-May-2021,780,PE,0,0,0,84.65,75.1,0,0,0,0,19-APR-2021,
OPTSTK,BERGEPAINT,27-May-2021,790,PE,0,0,0,91.4,82.85,0,0,0,0,19-APR-2021,
OPTSTK,BERGEPAINT,27-May-2021,800,PE,0,0,0,98.45,90.95,0,0,0,0,19-APR-2021,
OPTSTK,BERGEPAINT,27-May-2021,810,PE,0,0,0,105.65,99.3,0,0,0,0,19-APR-2021,
OPTSTK,BERGEPAINT,27-May-2021,820,PE,0,0,0,113.15,107.85,0,0,0,0,19-APR-2021,
OPTSTK,BERGEPAINT,27-May-2021,830,PE,0,0,0,120.8,116.65,0,0,0,0,19-APR-2021,
OPTSTK,BERGEPAINT,27-May-2021,840,PE,0,0,0,128.65,125.6,0,0,0,0,19-APR-2021,
OPTSTK,BERGEPAINT,27-May-2021,850,PE,0,0,0,136.65,134.7,0,0,0,0,19-APR-2021,
OPTSTK,BERGEPAINT,27-May-2021,860,PE,0,0,0,144.8,144,0,0,0,0,19-APR-2021,
OPTSTK,BERGEPAINT,27-May-2021,870,PE,0,0,0,153.15,153.35,0,0,0,0,19-APR-2021,
OPTSTK,BERGEPAINT,27-May-2021,880,PE,0,0,0,161.6,162.85,0,0,0,0,19-APR-2021,
OPTSTK,BERGEPAINT,27-May-2021,890,PE,0,0,0,170.2,172.4,0,0,0,0,19-APR-2021,
OPTSTK,BERGEPAINT,27-May-2021,900,PE,0,0,0,178.9,182.05,0,0,0,0,19-APR-2021,
OPTSTK,BERGEPAINT,27-May-2021,910,PE,0,0,0,187.75,191.7,0,0,0,0,19-APR-2021,
OPTSTK,BERGEPAINT,27-May-2021,920,PE,0,0,0,196.7,201.45,0,0,0,0,19-APR-2021,
OPTSTK,BERGEPAINT,27-May-2021,930,PE,0,0,0,205.7,211.25,0,0,0,0,19-APR-2021,
OPTSTK,BERGEPAINT,27-May-2021,940,PE,0,0,0,214.8,221.1,0,0,0,0,19-APR-2021,
OPTSTK,BERGEPAINT,27-May-2021,950,PE,0,0,0,224,230.95,0,0,0,0,19-APR-2021,
OPTSTK,BERGEPAINT,24-Jun-2021,480,CE,0,0,0,259.5,239.25,0,0,0,0,19-APR-2021,
OPTSTK,BERGEPAINT,24-Jun-2021,490,CE,0,0,0,249.8,229.4,0,0,0,0,19-APR-2021,
OPTSTK,BERGEPAINT,24-Jun-2021,500,CE,0,0,0,240.1,219.6,0,0,0,0,19-APR-2021,
OPTSTK,BERGEPAINT,24-Jun-2021,510,CE,0,0,0,230.5,209.85,0,0,0,0,19-APR-2021,
OPTSTK,BERGEPAINT,24-Jun-2021,520,CE,0,0,0,220.95,200.15,0,0,0,0,19-APR-2021,
OPTSTK,BERGEPAINT,24-Jun-2021,530,CE,0,0,0,211.5,190.5,0,0,0,0,19-APR-2021,
OPTSTK,BERGEPAINT,24-Jun-2021,540,CE,0,0,0,202.1,181,0,0,0,0,19-APR-2021,
OPTSTK,BERGEPAINT,24-Jun-2021,550,CE,0,0,0,192.9,171.55,0,0,0,0,19-APR-2021,
OPTSTK,BERGEPAINT,24-Jun-2021,560,CE,0,0,0,183.75,162.25,0,0,0,0,19-APR-2021,
OPTSTK,BERGEPAINT,24-Jun-2021,570,CE,0,0,0,174.8,153.1,0,0,0,0,19-APR-2021,
OPTSTK,BERGEPAINT,24-Jun-2021,580,CE,0,0,0,166,144.1,0,0,0,0,19-APR-2021,
OPTSTK,BERGEPAINT,24-Jun-2021,590,CE,0,0,0,157.35,135.3,0,0,0,0,19-APR-2021,
OPTSTK,BERGEPAINT,24-Jun-2021,600,CE,0,0,0,148.9,126.75,0,0,0,0,19-APR-2021,
OPTSTK,BERGEPAINT,24-Jun-2021,610,CE,0,0,0,140.7,118.4,0,0,0,0,19-APR-2021,
OPTSTK,BERGEPAINT,24-Jun-2021,620,CE,0,0,0,132.7,110.3,0,0,0,0,19-APR-2021,
OPTSTK,BERGEPAINT,24-Jun-2021,630,CE,0,0,0,124.9,102.5,0,0,0,0,19-APR-2021,
OPTSTK,BERGEPAINT,24-Jun-2021,640,CE,0,0,0,117.35,94.95,0,0,0,0,19-APR-2021,
OPTSTK,BERGEPAINT,24-Jun-2021,650,CE,0,0,0,110.1,87.75,0,0,0,0,19-APR-2021,
OPTSTK,BERGEPAINT,24-Jun-2021,660,CE,0,0,0,103.1,80.8,0,0,0,0,19-APR-2021,
OPTSTK,BERGEPAINT,24-Jun-2021,670,CE,0,0,0,96.3,74.25,0,0,0,0,19-APR-2021,
OPTSTK,BERGEPAINT,24-Jun-2021,680,CE,0,0,0,89.85,68.05,0,0,0,0,19-APR-2021,
OPTSTK,BERGEPAINT,24-Jun-2021,690,CE,0,0,0,83.7,62.15,0,0,0,0,19-APR-2021,
OPTSTK,BERGEPAINT,24-Jun-2021,700,CE,0,0,0,77.8,56.65,0,0,0,0,19-APR-2021,
OPTSTK,BERGEPAINT,24-Jun-2021,710,CE,0,0,0,72.2,51.45,0,0,0,0,19-APR-2021,
OPTSTK,BERGEPAINT,24-Jun-2021,720,CE,0,0,0,66.85,46.6,0,0,0,0,19-APR-2021,
OPTSTK,BERGEPAINT,24-Jun-2021,730,CE,0,0,0,61.85,42.1,0,0,0,0,19-APR-2021,
OPTSTK,BERGEPAINT,24-Jun-2021,740,CE,0,0,0,57.1,37.95,0,0,0,0,19-APR-2021,
OPTSTK,BERGEPAINT,24-Jun-2021,750,CE,0,0,0,52.6,34.1,0,0,0,0,19-APR-2021,
OPTSTK,BERGEPAINT,24-Jun-2021,760,CE,0,0,0,48.4,30.55,0,0,0,0,19-APR-2021,
OPTSTK,BERGEPAINT,24-Jun-2021,770,CE,0,0,0,44.45,27.3,0,0,0,0,19-APR-2021,
OPTSTK,BERGEPAINT,24-Jun-2021,780,CE,0,0,0,40.75,24.35,0,0,0,0,19-APR-2021,
OPTSTK,BERGEPAINT,24-Jun-2021,790,CE,0,0,0,37.3,21.65,0,0,0,0,19-APR-2021,
OPTSTK,BERGEPAINT,24-Jun-2021,800,CE,0,0,0,34.1,19.25,0,0,0,0,19-APR-2021,
OPTSTK,BERGEPAINT,24-Jun-2021,810,CE,0,0,0,31.15,17.05,0,0,0,0,19-APR-2021,
OPTSTK,BERGEPAINT,24-Jun-2021,820,CE,0,0,0,28.4,15,0,0,0,0,19-APR-2021,
OPTSTK,BERGEPAINT,24-Jun-2021,830,CE,0,0,0,25.85,13.2,0,0,0,0,19-APR-2021,
OPTSTK,BERGEPAINT,24-Jun-2021,840,CE,0,0,0,23.5,11.6,0,0,0,0,19-APR-2021,
OPTSTK,BERGEPAINT,24-Jun-2021,850,CE,0,0,0,21.35,10.2,0,0,0,0,19-APR-2021,
OPTSTK,BERGEPAINT,24-Jun-2021,860,CE,0,0,0,19.35,8.9,0,0,0,0,19-APR-2021,
OPTSTK,BERGEPAINT,24-Jun-2021,870,CE,0,0,0,17.5,7.8,0,0,0,0,19-APR-2021,
OPTSTK,BERGEPAINT,24-Jun-2021,880,CE,0,0,0,15.8,6.8,0,0,0,0,19-APR-2021,
OPTSTK,BERGEPAINT,24-Jun-2021,890,CE,0,0,0,14.3,5.9,0,0,0,0,19-APR-2021,
OPTSTK,BERGEPAINT,24-Jun-2021,900,CE,0,0,0,12.85,5.1,0,0,0,0,19-APR-2021,
OPTSTK,BERGEPAINT,24-Jun-2021,910,CE,0,0,0,11.6,4.45,0,0,0,0,19-APR-2021,
OPTSTK,BERGEPAINT,24-Jun-2021,920,CE,0,0,0,10.45,3.85,0,0,0,0,19-APR-2021,
OPTSTK,BERGEPAINT,24-Jun-2021,930,CE,0,0,0,9.35,3.3,0,0,0,0,19-APR-2021,
OPTSTK,BERGEPAINT,24-Jun-2021,940,CE,0,0,0,8.4,2.85,0,0,0,0,19-APR-2021,
OPTSTK,BERGEPAINT,24-Jun-2021,950,CE,0,0,0,7.55,2.45,0,0,0,0,19-APR-2021,
OPTSTK,BERGEPAINT,24-Jun-2021,480,PE,0,0,0,0.5,0.2,0,0,0,0,19-APR-2021,
OPTSTK,BERGEPAINT,24-Jun-2021,490,PE,0,0,0,0.65,0.3,0,0,0,0,19-APR-2021,
OPTSTK,BERGEPAINT,24-Jun-2021,500,PE,0,0,0,0.9,0.45,0,0,0,0,19-APR-2021,
OPTSTK,BERGEPAINT,24-Jun-2021,510,PE,0,0,0,1.2,0.6,0,0,0,0,19-APR-2021,
OPTSTK,BERGEPAINT,24-Jun-2021,520,PE,0,0,0,1.55,0.85,0,0,0,0,19-APR-2021,
OPTSTK,BERGEPAINT,24-Jun-2021,530,PE,0,0,0,2,1.15,0,0,0,0,19-APR-2021,
OPTSTK,BERGEPAINT,24-Jun-2021,540,PE,0,0,0,2.55,1.55,0,0,0,0,19-APR-2021,
OPTSTK,BERGEPAINT,24-Jun-2021,550,PE,0,0,0,3.2,2.05,0,0,0,0,19-APR-2021,
OPTSTK,BERGEPAINT,24-Jun-2021,560,PE,0,0,0,4,2.65,0,0,0,0,19-APR-2021,
OPTSTK,BERGEPAINT,24-Jun-2021,570,PE,0,0,0,4.95,3.45,0,0,0,0,19-APR-2021,
OPTSTK,BERGEPAINT,24-Jun-2021,580,PE,0,0,0,6.05,4.4,0,0,0,0,19-APR-2021,
OPTSTK,BERGEPAINT,24-Jun-2021,590,PE,0,0,0,7.3,5.55,0,0,0,0,19-APR-2021,
OPTSTK,BERGEPAINT,24-Jun-2021,600,PE,0,0,0,8.8,6.9,0,0,0,0,19-APR-2021,
OPTSTK,BERGEPAINT,24-Jun-2021,610,PE,0,0,0,10.45,8.45,0,0,0,0,19-APR-2021,
OPTSTK,BERGEPAINT,24-Jun-2021,620,PE,0,0,0,12.35,10.3,0,0,0,0,19-APR-2021,
OPTSTK,BERGEPAINT,24-Jun-2021,630,PE,0,0,0,14.5,12.4,0,0,0,0,19-APR-2021,
OPTSTK,BERGEPAINT,24-Jun-2021,640,PE,0,0,0,16.85,14.85,0,0,0,0,19-APR-2021,
OPTSTK,BERGEPAINT,24-Jun-2021,650,PE,0,0,0,19.5,17.55,0,0,0,0,19-APR-2021,
OPTSTK,BERGEPAINT,24-Jun-2021,660,PE,0,0,0,22.4,20.55,0,0,0,0,19-APR-2021,
OPTSTK,BERGEPAINT,24-Jun-2021,670,PE,0,0,0,25.55,23.95,0,0,0,0,19-APR-2021,
OPTSTK,BERGEPAINT,24-Jun-2021,680,PE,0,0,0,28.95,27.65,0,0,0,0,19-APR-2021,
OPTSTK,BERGEPAINT,24-Jun-2021,690,PE,0,0,0,32.7,31.7,0,0,0,0,19-APR-2021,
OPTSTK,BERGEPAINT,24-Jun-2021,700,PE,0,0,0,36.7,36.1,0,0,0,0,19-APR-2021,
OPTSTK,BERGEPAINT,24-Jun-2021,710,PE,0,0,0,41,40.85,0,0,0,0,19-APR-2021,
OPTSTK,BERGEPAINT,24-Jun-2021,720,PE,0,0,0,45.6,45.95,0,0,0,0,19-APR-2021,
OPTSTK,BERGEPAINT,24-Jun-2021,730,PE,0,0,0,50.5,51.35,0,0,0,0,19-APR-2021,
OPTSTK,BERGEPAINT,24-Jun-2021,740,PE,0,0,0,55.65,57.15,0,0,0,0,19-APR-2021,
OPTSTK,BERGEPAINT,24-Jun-2021,750,PE,0,0,0,61.05,63.2,0,0,0,0,19-APR-2021,
OPTSTK,BERGEPAINT,24-Jun-2021,760,PE,0,0,0,66.75,69.6,0,0,0,0,19-APR-2021,
OPTSTK,BERGEPAINT,24-Jun-2021,770,PE,0,0,0,72.75,76.3,0,0,0,0,19-APR-2021,
OPTSTK,BERGEPAINT,24-Jun-2021,780,PE,0,0,0,78.95,83.25,0,0,0,0,19-APR-2021,
OPTSTK,BERGEPAINT,24-Jun-2021,790,PE,0,0,0,85.4,90.5,0,0,0,0,19-APR-2021,
OPTSTK,BERGEPAINT,24-Jun-2021,800,PE,0,0,0,92.1,98.05,0,0,0,0,19-APR-2021,
OPTSTK,BERGEPAINT,24-Jun-2021,810,PE,0,0,0,99.05,105.75,0,0,0,0,19-APR-2021,
OPTSTK,BERGEPAINT,24-Jun-2021,820,PE,0,0,0,106.2,113.65,0,0,0,0,19-APR-2021,
OPTSTK,BERGEPAINT,24-Jun-2021,830,PE,0,0,0,113.6,121.8,0,0,0,0,19-APR-2021,
OPTSTK,BERGEPAINT,24-Jun-2021,840,PE,0,0,0,121.15,130.15,0,0,0,0,19-APR-2021,
OPTSTK,BERGEPAINT,24-Jun-2021,850,PE,0,0,0,128.9,138.65,0,0,0,0,19-APR-2021,
OPTSTK,BERGEPAINT,24-Jun-2021,860,PE,0,0,0,136.8,147.3,0,0,0,0,19-APR-2021,
OPTSTK,BERGEPAINT,24-Jun-2021,870,PE,0,0,0,144.85,156.1,0,0,0,0,19-APR-2021,
OPTSTK,BERGEPAINT,24-Jun-2021,880,PE,0,0,0,153.1,165.05,0,0,0,0,19-APR-2021,
OPTSTK,BERGEPAINT,24-Jun-2021,890,PE,0,0,0,161.45,174.1,0,0,0,0,19-APR-2021,
OPTSTK,BERGEPAINT,24-Jun-2021,900,PE,0,0,0,169.95,183.25,0,0,0,0,19-APR-2021,
OPTSTK,BERGEPAINT,24-Jun-2021,910,PE,0,0,0,178.6,192.5,0,0,0,0,19-APR-2021,
OPTSTK,BERGEPAINT,24-Jun-2021,920,PE,0,0,0,187.3,201.8,0,0,0,0,19-APR-2021,
OPTSTK,BERGEPAINT,24-Jun-2021,930,PE,0,0,0,196.15,211.2,0,0,0,0,19-APR-2021,
OPTSTK,BERGEPAINT,24-Jun-2021,940,PE,0,0,0,205.1,220.7,0,0,0,0,19-APR-2021,
OPTSTK,BERGEPAINT,24-Jun-2021,950,PE,0,0,0,214.15,230.2,0,0,0,0,19-APR-2021,
OPTSTK,BHARATFORG,29-Apr-2021,360,CE,0,0,0,228.7,201.25,0,0,0,0,19-APR-2021,
OPTSTK,BHARATFORG,29-Apr-2021,370,CE,0,0,0,219.5,191.25,0,0,0,0,19-APR-2021,
OPTSTK,BHARATFORG,29-Apr-2021,380,CE,0,0,0,210.4,181.25,0,0,0,0,19-APR-2021,
OPTSTK,BHARATFORG,29-Apr-2021,390,CE,0,0,0,201.5,171.25,0,0,0,0,19-APR-2021,
OPTSTK,BHARATFORG,29-Apr-2021,400,CE,0,0,0,192.75,161.25,0,0,0,0,19-APR-2021,
OPTSTK,BHARATFORG,29-Apr-2021,410,CE,0,0,0,184.15,151.3,0,0,0,0,19-APR-2021,
OPTSTK,BHARATFORG,29-Apr-2021,420,CE,0,0,0,175.7,141.3,0,0,0,0,19-APR-2021,
OPTSTK,BHARATFORG,29-Apr-2021,430,CE,0,0,0,167.5,131.3,0,0,0,0,19-APR-2021,
OPTSTK,BHARATFORG,29-Apr-2021,440,CE,0,0,0,159.5,121.35,0,0,0,0,19-APR-2021,
OPTSTK,BHARATFORG,29-Apr-2021,450,CE,0,0,0,151.7,111.45,0,0,0,0,19-APR-2021,
OPTSTK,BHARATFORG,29-Apr-2021,460,CE,0,0,0,144.1,101.6,0,0,0,0,19-APR-2021,
OPTSTK,BHARATFORG,29-Apr-2021,470,CE,0,0,0,136.8,91.85,0,0,0,0,19-APR-2021,
OPTSTK,BHARATFORG,29-Apr-2021,480,CE,0,0,0,129.65,82.25,0,0,0,0,19-APR-2021,
OPTSTK,BHARATFORG,29-Apr-2021,490,CE,0,0,0,122.8,72.9,0,0,0,0,19-APR-2021,
OPTSTK,BHARATFORG,29-Apr-2021,500,CE,0,0,0,116.15,63.85,0,0,0,0,19-APR-2021,
OPTSTK,BHARATFORG,29-Apr-2021,510,CE,0,0,0,109.75,55.25,0,0,0,0,19-APR-2021,
OPTSTK,BHARATFORG,29-Apr-2021,520,CE,0,0,0,103.6,47.15,0,0,0,0,19-APR-2021,
OPTSTK,BHARATFORG,29-Apr-2021,530,CE,0,0,0,97.75,39.65,0,0,0,0,19-APR-2021,
OPTSTK,BHARATFORG,29-Apr-2021,540,CE,0,0,0,92.1,32.8,0,0,0,0,19-APR-2021,
OPTSTK,BHARATFORG,29-Apr-2021,550,CE,23.15,23.15,23.15,23.15,26.75,2,17.19,1500,1500,19-APR-2021,
OPTSTK,BHARATFORG,29-Apr-2021,560,CE,40,40,15.55,17.05,17.05,40,347.08,25500,18000,19-APR-2021,
OPTSTK,BHARATFORG,29-Apr-2021,570,CE,0,0,0,33.35,16.9,0,0,1500,0,19-APR-2021,
OPTSTK,BHARATFORG,29-Apr-2021,580,CE,10,12.1,8.1,9.05,9.05,118,1043.93,58500,16500,19-APR-2021,
OPTSTK,BHARATFORG,29-Apr-2021,590,CE,7.45,9,5.85,6.6,6.6,169,1513.45,63000,27000,19-APR-2021,
OPTSTK,BHARATFORG,29-Apr-2021,600,CE,7.45,8.55,4.1,4.75,4.75,455,4132.55,177000,16500,19-APR-2021,
OPTSTK,BHARATFORG,29-Apr-2021,610,CE,4.55,4.7,3.15,3.55,3.55,64,589.35,55500,-13500,19-APR-2021,
OPTSTK,BHARATFORG,29-Apr-2021,620,CE,3.15,4.05,2.3,2.7,2.7,141,1317.52,147000,-7500,19-APR-2021,
OPTSTK,BHARATFORG,29-Apr-2021,630,CE,2.25,2.95,1.9,2,2,32,303.47,156000,-3000,19-APR-2021,
OPTSTK,BHARATFORG,29-Apr-2021,640,CE,2,2.2,1.05,1.55,1.55,56,539.04,222000,-10500,19-APR-2021,
OPTSTK,BHARATFORG,29-Apr-2021,650,CE,1.5,1.95,0.95,1.3,1.3,22,214.87,181500,-7500,19-APR-2021,
OPTSTK,BHARATFORG,29-Apr-2021,660,CE,2.85,2.85,1,1.45,1.45,6,59.52,49500,-7500,19-APR-2021,
OPTSTK,BHARATFORG,29-Apr-2021,670,CE,1.25,1.25,0.9,0.95,0.65,6,60.39,34500,-9000,19-APR-2021,
OPTSTK,BHARATFORG,29-Apr-2021,680,CE,0.8,0.8,0.7,0.7,0.4,3,30.63,58500,-3000,19-APR-2021,
OPTSTK,BHARATFORG,29-Apr-2021,690,CE,0,0,0,6.5,0.3,0,0,3000,0,19-APR-2021,
OPTSTK,BHARATFORG,29-Apr-2021,700,CE,0.5,0.55,0.3,0.3,0.2,20,210.13,87000,-30000,19-APR-2021,
OPTSTK,BHARATFORG,29-Apr-2021,710,CE,0,0,0,2.6,0.15,0,0,4500,0,19-APR-2021,
OPTSTK,BHARATFORG,29-Apr-2021,720,CE,0,0,0,27.75,0.1,0,0,0,0,19-APR-2021,
OPTSTK,BHARATFORG,29-Apr-2021,730,CE,0,0,0,25.8,0.05,0,0,0,0,19-APR-2021,
OPTSTK,BHARATFORG,29-Apr-2021,740,CE,0,0,0,24,0.05,0,0,0,0,19-APR-2021,
OPTSTK,BHARATFORG,29-Apr-2021,750,CE,0,0,0,6,0.05,0,0,1500,0,19-APR-2021,
OPTSTK,BHARATFORG,29-Apr-2021,760,CE,0,0,0,20.7,0.05,0,0,0,0,19-APR-2021,
OPTSTK,BHARATFORG,29-Apr-2021,770,CE,0,0,0,19.2,0.05,0,0,0,0,19-APR-2021,
OPTSTK,BHARATFORG,29-Apr-2021,360,PE,0,0,0,2.7,0,0,0,0,0,19-APR-2021,
OPTSTK,BHARATFORG,29-Apr-2021,370,PE,0,0,0,3.4,0,0,0,0,0,19-APR-2021,
OPTSTK,BHARATFORG,29-Apr-2021,380,PE,0,0,0,4.25,0,0,0,0,0,19-APR-2021,
OPTSTK,BHARATFORG,29-Apr-2021,390,PE,0,0,0,5.25,0,0,0,0,0,19-APR-2021,
OPTSTK,BHARATFORG,29-Apr-2021,400,PE,0,0,0,6.35,0,0,0,0,0,19-APR-2021,
OPTSTK,BHARATFORG,29-Apr-2021,410,PE,0,0,0,7.7,0,0,0,0,0,19-APR-2021,
OPTSTK,BHARATFORG,29-Apr-2021,420,PE,0,0,0,9.2,0.05,0,0,0,0,19-APR-2021,
OPTSTK,BHARATFORG,29-Apr-2021,430,PE,0,0,0,10.85,0.05,0,0,0,0,19-APR-2021,
OPTSTK,BHARATFORG,29-Apr-2021,440,PE,0,0,0,12.75,0.1,0,0,0,0,19-APR-2021,
OPTSTK,BHARATFORG,29-Apr-2021,450,PE,0,0,0,14.85,0.15,0,0,0,0,19-APR-2021,
OPTSTK,BHARATFORG,29-Apr-2021,460,PE,0,0,0,0.25,0.3,0,0,1500,0,19-APR-2021,
OPTSTK,BHARATFORG,29-Apr-2021,470,PE,0,0,0,19.8,0.5,0,0,0,0,19-APR-2021,
OPTSTK,BHARATFORG,29-Apr-2021,480,PE,0,0,0,22.55,0.9,0,0,0,0,19-APR-2021,
OPTSTK,BHARATFORG,29-Apr-2021,490,PE,0,0,0,25.6,1.55,0,0,0,0,19-APR-2021,
OPTSTK,BHARATFORG,29-Apr-2021,500,PE,1.7,2.7,1.2,1.8,2.5,40,301.26,114000,1500,19-APR-2021,
OPTSTK,BHARATFORG,29-Apr-2021,510,PE,2.5,4,2.5,3.7,3.9,9,69.34,19500,7500,19-APR-2021,
OPTSTK,BHARATFORG,29-Apr-2021,520,PE,5.5,5.5,5.5,5.5,5.75,1,7.88,4500,0,19-APR-2021,
OPTSTK,BHARATFORG,29-Apr-2021,530,PE,5,6.5,4.2,5.5,5.5,10,80.31,37500,7500,19-APR-2021,
OPTSTK,BHARATFORG,29-Apr-2021,540,PE,6.5,10.9,5.85,7.9,7.9,54,444.07,57000,6000,19-APR-2021,
OPTSTK,BHARATFORG,29-Apr-2021,550,PE,7,15.5,7,11.15,11.15,815,6872.76,103500,18000,19-APR-2021,
OPTSTK,BHARATFORG,29-Apr-2021,560,PE,11.95,19.8,11.05,15.3,15.3,94,810.47,46500,-3000,19-APR-2021,
OPTSTK,BHARATFORG,29-Apr-2021,570,PE,16,34.95,16,21,25.45,12,106.27,34500,-1500,19-APR-2021,
OPTSTK,BHARATFORG,29-Apr-2021,580,PE,23.15,32,21.8,25.35,31.65,10,91.27,75000,-4500,19-APR-2021,
OPTSTK,BHARATFORG,29-Apr-2021,590,PE,0,0,0,17,38.55,0,0,18000,0,19-APR-2021,
OPTSTK,BHARATFORG,29-Apr-2021,600,PE,0,0,0,20,46.05,0,0,91500,0,19-APR-2021,
OPTSTK,BHARATFORG,29-Apr-2021,610,PE,0,0,0,38.75,54.05,0,0,22500,0,19-APR-2021,
OPTSTK,BHARATFORG,29-Apr-2021,620,PE,0,0,0,38.6,62.55,0,0,13500,0,19-APR-2021,
OPTSTK,BHARATFORG,29-Apr-2021,630,PE,0,0,0,93.45,71.35,0,0,0,0,19-APR-2021,
OPTSTK,BHARATFORG,29-Apr-2021,640,PE,0,0,0,34.7,80.5,0,0,3000,0,19-APR-2021,
OPTSTK,BHARATFORG,29-Apr-2021,650,PE,0,0,0,106.7,89.9,0,0,0,0,19-APR-2021,
OPTSTK,BHARATFORG,29-Apr-2021,660,PE,0,0,0,113.6,99.45,0,0,0,0,19-APR-2021,
OPTSTK,BHARATFORG,29-Apr-2021,670,PE,0,0,0,120.65,109.1,0,0,0,0,19-APR-2021,
OPTSTK,BHARATFORG,29-Apr-2021,680,PE,0,0,0,127.9,118.9,0,0,0,0,19-APR-2021,
OPTSTK,BHARATFORG,29-Apr-2021,690,PE,0,0,0,135.35,128.75,0,0,0,0,19-APR-2021,
OPTSTK,BHARATFORG,29-Apr-2021,700,PE,0,0,0,105,138.65,0,0,1500,0,19-APR-2021,
OPTSTK,BHARATFORG,29-Apr-2021,710,PE,0,0,0,150.6,148.55,0,0,0,0,19-APR-2021,
OPTSTK,BHARATFORG,29-Apr-2021,720,PE,0,0,0,158.45,158.5,0,0,0,0,19-APR-2021,
OPTSTK,BHARATFORG,29-Apr-2021,730,PE,0,0,0,166.4,168.5,0,0,0,0,19-APR-2021,
OPTSTK,BHARATFORG,29-Apr-2021,740,PE,0,0,0,174.5,178.45,0,0,0,0,19-APR-2021,
OPTSTK,BHARATFORG,29-Apr-2021,750,PE,0,0,0,182.7,188.45,0,0,0,0,19-APR-2021,
OPTSTK,BHARATFORG,29-Apr-2021,760,PE,0,0,0,191,198.4,0,0,0,0,19-APR-2021,
OPTSTK,BHARATFORG,29-Apr-2021,770,PE,0,0,0,199.45,208.4,0,0,0,0,19-APR-2021,
OPTSTK,BHARATFORG,27-May-2021,400,CE,0,0,0,228.45,163.4,0,0,0,0,19-APR-2021,
OPTSTK,BHARATFORG,27-May-2021,410,CE,0,0,0,219.4,153.85,0,0,0,0,19-APR-2021,
OPTSTK,BHARATFORG,27-May-2021,420,CE,0,0,0,210.5,144.45,0,0,0,0,19-APR-2021,
OPTSTK,BHARATFORG,27-May-2021,430,CE,0,0,0,201.8,135.2,0,0,0,0,19-APR-2021,
OPTSTK,BHARATFORG,27-May-2021,440,CE,0,0,0,193.2,126.15,0,0,0,0,19-APR-2021,
OPTSTK,BHARATFORG,27-May-2021,450,CE,0,0,0,184.8,117.3,0,0,0,0,19-APR-2021,
OPTSTK,BHARATFORG,27-May-2021,460,CE,0,0,0,176.6,108.7,0,0,0,0,19-APR-2021,
OPTSTK,BHARATFORG,27-May-2021,470,CE,0,0,0,168.55,100.4,0,0,0,0,19-APR-2021,
OPTSTK,BHARATFORG,27-May-2021,480,CE,0,0,0,160.75,92.4,0,0,0,0,19-APR-2021,
OPTSTK,BHARATFORG,27-May-2021,490,CE,0,0,0,153.15,84.75,0,0,0,0,19-APR-2021,
OPTSTK,BHARATFORG,27-May-2021,500,CE,0,0,0,145.75,77.45,0,0,0,0,19-APR-2021,
OPTSTK,BHARATFORG,27-May-2021,510,CE,0,0,0,138.55,70.5,0,0,0,0,19-APR-2021,
OPTSTK,BHARATFORG,27-May-2021,520,CE,0,0,0,131.6,63.95,0,0,0,0,19-APR-2021,
OPTSTK,BHARATFORG,27-May-2021,530,CE,0,0,0,124.9,57.8,0,0,0,0,19-APR-2021,
OPTSTK,BHARATFORG,27-May-2021,540,CE,0,0,0,118.4,52.1,0,0,0,0,19-APR-2021,
OPTSTK,BHARATFORG,27-May-2021,550,CE,0,0,0,112.15,46.75,0,0,0,0,19-APR-2021,
OPTSTK,BHARATFORG,27-May-2021,560,CE,0,0,0,45,41.8,0,0,1500,0,19-APR-2021,
OPTSTK,BHARATFORG,27-May-2021,570,CE,0,0,0,100.35,37.25,0,0,0,0,19-APR-2021,
OPTSTK,BHARATFORG,27-May-2021,580,CE,0,0,0,94.8,33.1,0,0,0,0,19-APR-2021,
OPTSTK,BHARATFORG,27-May-2021,590,CE,0,0,0,89.5,29.3,0,0,0,0,19-APR-2021,
OPTSTK,BHARATFORG,27-May-2021,600,CE,18,18.75,16.1,16.1,25.85,27,250.32,39000,39000,19-APR-2021,
OPTSTK,BHARATFORG,27-May-2021,610,CE,0,0,0,79.55,22.75,0,0,0,0,19-APR-2021,
OPTSTK,BHARATFORG,27-May-2021,620,CE,0,0,0,74.9,19.95,0,0,0,0,19-APR-2021,
OPTSTK,BHARATFORG,27-May-2021,630,CE,0,0,0,70.5,17.45,0,0,0,0,19-APR-2021,
OPTSTK,BHARATFORG,27-May-2021,640,CE,0,0,0,66.3,15.2,0,0,0,0,19-APR-2021,
OPTSTK,BHARATFORG,27-May-2021,650,CE,0,0,0,8.9,13.2,0,0,1500,0,19-APR-2021,
OPTSTK,BHARATFORG,27-May-2021,660,CE,0,0,0,19,11.45,0,0,1500,0,19-APR-2021,
OPTSTK,BHARATFORG,27-May-2021,670,CE,0,0,0,54.9,9.9,0,0,0,0,19-APR-2021,
OPTSTK,BHARATFORG,27-May-2021,680,CE,0,0,0,51.5,8.55,0,0,0,0,19-APR-2021,
OPTSTK,BHARATFORG,27-May-2021,690,CE,0,0,0,48.25,7.35,0,0,0,0,19-APR-2021,
OPTSTK,BHARATFORG,27-May-2021,700,CE,0,0,0,45.2,6.3,0,0,0,0,19-APR-2021,
OPTSTK,BHARATFORG,27-May-2021,710,CE,0,0,0,42.35,5.4,0,0,0,0,19-APR-2021,
OPTSTK,BHARATFORG,27-May-2021,720,CE,0,0,0,39.6,4.6,0,0,0,0,19-APR-2021,
OPTSTK,BHARATFORG,27-May-2021,730,CE,0,0,0,37.05,3.9,0,0,0,0,19-APR-2021,
OPTSTK,BHARATFORG,27-May-2021,740,CE,0,0,0,34.65,3.35,0,0,0,0,19-APR-2021,
OPTSTK,BHARATFORG,27-May-2021,750,CE,0,0,0,32.4,2.8,0,0,0,0,19-APR-2021,
OPTSTK,BHARATFORG,27-May-2021,760,CE,0,0,0,30.25,2.4,0,0,0,0,19-APR-2021,
OPTSTK,BHARATFORG,27-May-2021,770,CE,0,0,0,28.25,2,0,0,0,0,19-APR-2021,
OPTSTK,BHARATFORG,27-May-2021,400,PE,0,0,0,3.85,1,0,0,0,0,19-APR-2021,
OPTSTK,BHARATFORG,27-May-2021,410,PE,0,0,0,4.75,1.4,0,0,0,0,19-APR-2021,
OPTSTK,BHARATFORG,27-May-2021,420,PE,0,0,0,5.75,1.95,0,0,0,0,19-APR-2021,
OPTSTK,BHARATFORG,27-May-2021,430,PE,0,0,0,6.95,2.65,0,0,0,0,19-APR-2021,
OPTSTK,BHARATFORG,27-May-2021,440,PE,0,0,0,8.25,3.55,0,0,0,0,19-APR-2021,
OPTSTK,BHARATFORG,27-May-2021,450,PE,0,0,0,9.75,4.7,0,0,0,0,19-APR-2021,
OPTSTK,BHARATFORG,27-May-2021,460,PE,0,0,0,11.45,6.05,0,0,0,0,19-APR-2021,
OPTSTK,BHARATFORG,27-May-2021,470,PE,0,0,0,13.35,7.75,0,0,0,0,19-APR-2021,
OPTSTK,BHARATFORG,27-May-2021,480,PE,0,0,0,15.45,9.7,0,0,0,0,19-APR-2021,
OPTSTK,BHARATFORG,27-May-2021,490,PE,0,0,0,17.7,12,0,0,0,0,19-APR-2021,
OPTSTK,BHARATFORG,27-May-2021,500,PE,0,0,0,20.25,14.65,0,0,0,0,19-APR-2021,
OPTSTK,BHARATFORG,27-May-2021,510,PE,0,0,0,23,17.65,0,0,0,0,19-APR-2021,
OPTSTK,BHARATFORG,27-May-2021,520,PE,0,0,0,25.95,21.1,0,0,0,0,19-APR-2021,
OPTSTK,BHARATFORG,27-May-2021,530,PE,0,0,0,29.1,24.9,0,0,0,0,19-APR-2021,
OPTSTK,BHARATFORG,27-May-2021,540,PE,0,0,0,27,29.15,0,0,0,0,19-APR-2021,
OPTSTK,BHARATFORG,27-May-2021,550,PE,0,0,0,16.95,33.75,0,0,4500,0,19-APR-2021,
OPTSTK,BHARATFORG,27-May-2021,560,PE,0,0,0,40.05,38.75,0,0,0,0,19-APR-2021,
OPTSTK,BHARATFORG,27-May-2021,570,PE,0,0,0,44.2,44.2,0,0,0,0,19-APR-2021,
OPTSTK,BHARATFORG,27-May-2021,580,PE,0,0,0,22.1,50,0,0,3000,0,19-APR-2021,
OPTSTK,BHARATFORG,27-May-2021,590,PE,0,0,0,53.15,56.15,0,0,0,0,19-APR-2021,
OPTSTK,BHARATFORG,27-May-2021,600,PE,0,0,0,42.3,62.65,0,0,3000,0,19-APR-2021,
OPTSTK,BHARATFORG,27-May-2021,610,PE,0,0,0,63.05,69.5,0,0,0,0,19-APR-2021,
OPTSTK,BHARATFORG,27-May-2021,620,PE,0,0,0,68.3,76.65,0,0,0,0,19-APR-2021,
OPTSTK,BHARATFORG,27-May-2021,630,PE,0,0,0,73.8,84.15,0,0,0,0,19-APR-2021,
OPTSTK,BHARATFORG,27-May-2021,640,PE,0,0,0,79.5,91.85,0,0,0,0,19-APR-2021,
OPTSTK,BHARATFORG,27-May-2021,650,PE,0,0,0,85.4,99.8,0,0,0,0,19-APR-2021,
OPTSTK,BHARATFORG,27-May-2021,660,PE,0,0,0,91.5,108,0,0,0,0,19-APR-2021,
OPTSTK,BHARATFORG,27-May-2021,670,PE,0,0,0,97.85,116.45,0,0,0,0,19-APR-2021,
OPTSTK,BHARATFORG,27-May-2021,680,PE,0,0,0,104.3,125.05,0,0,0,0,19-APR-2021,
OPTSTK,BHARATFORG,27-May-2021,690,PE,0,0,0,111,133.8,0,0,0,0,19-APR-2021,
OPTSTK,BHARATFORG,27-May-2021,700,PE,0,0,0,117.85,142.7,0,0,0,0,19-APR-2021,
OPTSTK,BHARATFORG,27-May-2021,710,PE,0,0,0,124.85,151.75,0,0,0,0,19-APR-2021,
OPTSTK,BHARATFORG,27-May-2021,720,PE,0,0,0,132.05,160.95,0,0,0,0,19-APR-2021,
OPTSTK,BHARATFORG,27-May-2021,730,PE,0,0,0,139.45,170.2,0,0,0,0,19-APR-2021,
OPTSTK,BHARATFORG,27-May-2021,740,PE,0,0,0,146.9,179.6,0,0,0,0,19-APR-2021,
OPTSTK,BHARATFORG,27-May-2021,750,PE,0,0,0,154.55,189.05,0,0,0,0,19-APR-2021,
OPTSTK,BHARATFORG,27-May-2021,760,PE,0,0,0,162.3,198.6,0,0,0,0,19-APR-2021,
OPTSTK,BHARATFORG,27-May-2021,770,PE,0,0,0,170.2,208.15,0,0,0,0,19-APR-2021,
OPTSTK,BHARATFORG,24-Jun-2021,400,CE,0,0,0,180.55,167.25,0,0,0,0,19-APR-2021,
OPTSTK,BHARATFORG,24-Jun-2021,410,CE,0,0,0,172,158.35,0,0,0,0,19-APR-2021,
OPTSTK,BHARATFORG,24-Jun-2021,420,CE,0,0,0,163.65,149.6,0,0,0,0,19-APR-2021,
OPTSTK,BHARATFORG,24-Jun-2021,430,CE,0,0,0,155.45,141.1,0,0,0,0,19-APR-2021,
OPTSTK,BHARATFORG,24-Jun-2021,440,CE,0,0,0,147.55,132.8,0,0,0,0,19-APR-2021,
OPTSTK,BHARATFORG,24-Jun-2021,450,CE,0,0,0,139.8,124.75,0,0,0,0,19-APR-2021,
OPTSTK,BHARATFORG,24-Jun-2021,460,CE,0,0,0,132.35,116.95,0,0,0,0,19-APR-2021,
OPTSTK,BHARATFORG,24-Jun-2021,470,CE,0,0,0,125.1,109.45,0,0,0,0,19-APR-2021,
OPTSTK,BHARATFORG,24-Jun-2021,480,CE,0,0,0,118.1,102.2,0,0,0,0,19-APR-2021,
OPTSTK,BHARATFORG,24-Jun-2021,490,CE,0,0,0,111.4,95.25,0,0,0,0,19-APR-2021,
OPTSTK,BHARATFORG,24-Jun-2021,500,CE,0,0,0,104.9,88.6,0,0,0,0,19-APR-2021,
OPTSTK,BHARATFORG,24-Jun-2021,510,CE,0,0,0,98.7,82.25,0,0,0,0,19-APR-2021,
OPTSTK,BHARATFORG,24-Jun-2021,520,CE,0,0,0,92.75,76.25,0,0,0,0,19-APR-2021,
OPTSTK,BHARATFORG,24-Jun-2021,530,CE,0,0,0,87.05,70.55,0,0,0,0,19-APR-2021,
OPTSTK,BHARATFORG,24-Jun-2021,540,CE,0,0,0,81.65,65.15,0,0,0,0,19-APR-2021,
OPTSTK,BHARATFORG,24-Jun-2021,550,CE,50,50,50,50,60.05,1,9,1500,1500,19-APR-2021,
OPTSTK,BHARATFORG,24-Jun-2021,560,CE,0,0,0,71.55,55.3,0,0,0,0,19-APR-2021,
OPTSTK,BHARATFORG,24-Jun-2021,570,CE,0,0,0,66.9,50.8,0,0,0,0,19-APR-2021,
OPTSTK,BHARATFORG,24-Jun-2021,580,CE,0,0,0,62.5,46.6,0,0,0,0,19-APR-2021,
OPTSTK,BHARATFORG,24-Jun-2021,590,CE,0,0,0,58.3,42.7,0,0,0,0,19-APR-2021,
OPTSTK,BHARATFORG,24-Jun-2021,600,CE,0,0,0,54.35,39.05,0,0,0,0,19-APR-2021,
OPTSTK,BHARATFORG,24-Jun-2021,610,CE,0,0,0,50.6,35.65,0,0,0,0,19-APR-2021,
OPTSTK,BHARATFORG,24-Jun-2021,620,CE,0,0,0,47.1,32.5,0,0,0,0,19-APR-2021,
OPTSTK,BHARATFORG,24-Jun-2021,630,CE,0,0,0,43.8,29.6,0,0,0,0,19-APR-2021,
OPTSTK,BHARATFORG,24-Jun-2021,640,CE,0,0,0,40.7,26.9,0,0,0,0,19-APR-2021,
OPTSTK,BHARATFORG,24-Jun-2021,650,CE,0,0,0,37.8,24.45,0,0,0,0,19-APR-2021,
OPTSTK,BHARATFORG,24-Jun-2021,660,CE,0,0,0,35.05,22.2,0,0,0,0,19-APR-2021,
OPTSTK,BHARATFORG,24-Jun-2021,670,CE,0,0,0,32.55,20.1,0,0,0,0,19-APR-2021,
OPTSTK,BHARATFORG,24-Jun-2021,680,CE,0,0,0,30.15,18.2,0,0,0,0,19-APR-2021,
OPTSTK,BHARATFORG,24-Jun-2021,690,CE,0,0,0,27.9,16.45,0,0,0,0,19-APR-2021,
OPTSTK,BHARATFORG,24-Jun-2021,700,CE,0,0,0,25.85,14.85,0,0,0,0,19-APR-2021,
OPTSTK,BHARATFORG,24-Jun-2021,710,CE,0,0,0,23.9,13.4,0,0,0,0,19-APR-2021,
OPTSTK,BHARATFORG,24-Jun-2021,720,CE,0,0,0,22.1,12.05,0,0,0,0,19-APR-2021,
OPTSTK,BHARATFORG,24-Jun-2021,730,CE,0,0,0,20.4,10.85,0,0,0,0,19-APR-2021,
OPTSTK,BHARATFORG,24-Jun-2021,740,CE,0,0,0,18.85,9.75,0,0,0,0,19-APR-2021,
OPTSTK,BHARATFORG,24-Jun-2021,750,CE,0,0,0,17.4,8.75,0,0,0,0,19-APR-2021,
OPTSTK,BHARATFORG,24-Jun-2021,760,CE,0,0,0,16.05,7.9,0,0,0,0,19-APR-2021,
OPTSTK,BHARATFORG,24-Jun-2021,770,CE,0,0,0,14.8,7.05,0,0,0,0,19-APR-2021,
OPTSTK,BHARATFORG,24-Jun-2021,400,PE,0,0,0,6.3,3.7,0,0,0,0,19-APR-2021,
OPTSTK,BHARATFORG,24-Jun-2021,410,PE,0,0,0,7.65,4.7,0,0,0,0,19-APR-2021,
OPTSTK,BHARATFORG,24-Jun-2021,420,PE,0,0,0,9.2,5.9,0,0,0,0,19-APR-2021,
OPTSTK,BHARATFORG,24-Jun-2021,430,PE,0,0,0,10.9,7.3,0,0,0,0,19-APR-2021,
OPTSTK,BHARATFORG,24-Jun-2021,440,PE,0,0,0,12.9,8.95,0,0,0,0,19-APR-2021,
OPTSTK,BHARATFORG,24-Jun-2021,450,PE,0,0,0,15.05,10.85,0,0,0,0,19-APR-2021,
OPTSTK,BHARATFORG,24-Jun-2021,460,PE,0,0,0,17.5,13,0,0,0,0,19-APR-2021,
OPTSTK,BHARATFORG,24-Jun-2021,470,PE,0,0,0,20.2,15.4,0,0,0,0,19-APR-2021,
OPTSTK,BHARATFORG,24-Jun-2021,480,PE,0,0,0,23.1,18.1,0,0,0,0,19-APR-2021,
OPTSTK,BHARATFORG,24-Jun-2021,490,PE,0,0,0,26.25,21.1,0,0,0,0,19-APR-2021,
OPTSTK,BHARATFORG,24-Jun-2021,500,PE,0,0,0,29.7,24.35,0,0,0,0,19-APR-2021,
OPTSTK,BHARATFORG,24-Jun-2021,510,PE,0,0,0,33.4,27.95,0,0,0,0,19-APR-2021,
OPTSTK,BHARATFORG,24-Jun-2021,520,PE,0,0,0,37.35,31.9,0,0,0,0,19-APR-2021,
OPTSTK,BHARATFORG,24-Jun-2021,530,PE,0,0,0,41.55,36.1,0,0,0,0,19-APR-2021,
OPTSTK,BHARATFORG,24-Jun-2021,540,PE,0,0,0,46.05,40.65,0,0,0,0,19-APR-2021,
OPTSTK,BHARATFORG,24-Jun-2021,550,PE,0,0,0,50.8,45.5,0,0,0,0,19-APR-2021,
OPTSTK,BHARATFORG,24-Jun-2021,560,PE,0,0,0,55.8,50.65,0,0,0,0,19-APR-2021,
OPTSTK,BHARATFORG,24-Jun-2021,570,PE,0,0,0,61.05,56.1,0,0,0,0,19-APR-2021,
OPTSTK,BHARATFORG,24-Jun-2021,580,PE,0,0,0,66.55,61.85,0,0,0,0,19-APR-2021,
OPTSTK,BHARATFORG,24-Jun-2021,590,PE,0,0,0,72.25,67.85,0,0,0,0,19-APR-2021,
OPTSTK,BHARATFORG,24-Jun-2021,600,PE,0,0,0,78.2,74.15,0,0,0,0,19-APR-2021,
OPTSTK,BHARATFORG,24-Jun-2021,610,PE,0,0,0,84.4,80.65,0,0,0,0,19-APR-2021,
OPTSTK,BHARATFORG,24-Jun-2021,620,PE,0,0,0,90.8,87.45,0,0,0,0,19-APR-2021,
OPTSTK,BHARATFORG,24-Jun-2021,630,PE,0,0,0,97.4,94.5,0,0,0,0,19-APR-2021,
OPTSTK,BHARATFORG,24-Jun-2021,640,PE,0,0,0,104.2,101.75,0,0,0,0,19-APR-2021,
OPTSTK,BHARATFORG,24-Jun-2021,650,PE,0,0,0,111.2,109.2,0,0,0,0,19-APR-2021,
OPTSTK,BHARATFORG,24-Jun-2021,660,PE,0,0,0,118.35,116.9,0,0,0,0,19-APR-2021,
OPTSTK,BHARATFORG,24-Jun-2021,670,PE,0,0,0,125.75,124.75,0,0,0,0,19-APR-2021,
OPTSTK,BHARATFORG,24-Jun-2021,680,PE,0,0,0,133.25,132.75,0,0,0,0,19-APR-2021,
OPTSTK,BHARATFORG,24-Jun-2021,690,PE,0,0,0,140.95,140.95,0,0,0,0,19-APR-2021,
OPTSTK,BHARATFORG,24-Jun-2021,700,PE,0,0,0,148.8,149.25,0,0,0,0,19-APR-2021,
OPTSTK,BHARATFORG,24-Jun-2021,710,PE,0,0,0,156.75,157.75,0,0,0,0,19-APR-2021,
OPTSTK,BHARATFORG,24-Jun-2021,720,PE,0,0,0,164.85,166.35,0,0,0,0,19-APR-2021,
OPTSTK,BHARATFORG,24-Jun-2021,730,PE,0,0,0,173.05,175.1,0,0,0,0,19-APR-2021,
OPTSTK,BHARATFORG,24-Jun-2021,740,PE,0,0,0,181.4,183.9,0,0,0,0,19-APR-2021,
OPTSTK,BHARATFORG,24-Jun-2021,750,PE,0,0,0,189.85,192.85,0,0,0,0,19-APR-2021,
OPTSTK,BHARATFORG,24-Jun-2021,760,PE,0,0,0,198.4,201.9,0,0,0,0,19-APR-2021,
OPTSTK,BHARATFORG,24-Jun-2021,770,PE,0,0,0,207.05,211,0,0,0,0,19-APR-2021,
OPTSTK,BHARTIARTL,29-Apr-2021,370,CE,0,0,0,205.45,156.85,0,0,0,0,19-APR-2021,
OPTSTK,BHARTIARTL,29-Apr-2021,380,CE,0,0,0,195.95,146.85,0,0,0,0,19-APR-2021,
OPTSTK,BHARTIARTL,29-Apr-2021,390,CE,0,0,0,186.55,136.85,0,0,0,0,19-APR-2021,
OPTSTK,BHARTIARTL,29-Apr-2021,400,CE,0,0,0,135.65,126.85,0,0,1851,0,19-APR-2021,
OPTSTK,BHARTIARTL,29-Apr-2021,410,CE,0,0,0,123,116.9,0,0,1851,0,19-APR-2021,
OPTSTK,BHARTIARTL,29-Apr-2021,420,CE,0,0,0,159.2,106.9,0,0,0,0,19-APR-2021,
OPTSTK,BHARTIARTL,29-Apr-2021,430,CE,0,0,0,150.45,96.9,0,0,0,0,19-APR-2021,
OPTSTK,BHARTIARTL,29-Apr-2021,440,CE,0,0,0,116,87,0,0,7404,0,19-APR-2021,
OPTSTK,BHARTIARTL,29-Apr-2021,450,CE,78.2,78.2,78.2,78.2,77.1,1,9.77,14808,-1851,19-APR-2021,
OPTSTK,BHARTIARTL,29-Apr-2021,460,CE,0,0,0,93.05,67.35,0,0,3702,0,19-APR-2021,
OPTSTK,BHARTIARTL,29-Apr-2021,470,CE,56.5,56.5,56.5,56.5,57.85,2,19.49,49977,1851,19-APR-2021,
OPTSTK,BHARTIARTL,29-Apr-2021,480,CE,0,0,0,62.95,48.7,0,0,37020,0,19-APR-2021,
OPTSTK,BHARTIARTL,29-Apr-2021,490,CE,0,0,0,52.85,40.05,0,0,20361,0,19-APR-2021,
OPTSTK,BHARTIARTL,29-Apr-2021,500,CE,30,33.85,28,30.55,30.55,62,609.02,372051,-9255,19-APR-2021,
OPTSTK,BHARTIARTL,29-Apr-2021,510,CE,21.25,24.7,19.95,21.6,21.6,43,423.53,114762,5553,19-APR-2021,
OPTSTK,BHARTIARTL,29-Apr-2021,520,CE,19,19,12.9,14.35,14.35,578,5722.53,955116,77742,19-APR-2021,
OPTSTK,BHARTIARTL,29-Apr-2021,530,CE,11,12.25,7.7,8.5,8.5,2862,28549.72,2722821,266544,19-APR-2021,
OPTSTK,BHARTIARTL,29-Apr-2021,540,CE,8.2,8.2,4.3,4.8,4.8,3415,34454.27,4199919,257289,19-APR-2021,
OPTSTK,BHARTIARTL,29-Apr-2021,550,CE,4.8,5,2.35,2.7,2.7,3617,37016.44,5404920,-771867,19-APR-2021,
OPTSTK,BHARTIARTL,29-Apr-2021,560,CE,2.65,2.65,1.35,1.5,1.5,1794,18649.53,4605288,-520131,19-APR-2021,
OPTSTK,BHARTIARTL,29-Apr-2021,570,CE,2,2,1,1.1,1.1,893,9441.1,1403058,-99954,19-APR-2021,
OPTSTK,BHARTIARTL,29-Apr-2021,580,CE,1.25,1.3,0.8,0.85,0.85,439,4720.65,1447482,-166590,19-APR-2021,
OPTSTK,BHARTIARTL,29-Apr-2021,590,CE,1,1.15,0.65,0.7,0.7,219,2394.94,720039,-122166,19-APR-2021,
OPTSTK,BHARTIARTL,29-Apr-2021,600,CE,0.8,0.9,0.6,0.65,0.65,625,6949.69,5192055,-246183,19-APR-2021,
OPTSTK,BHARTIARTL,29-Apr-2021,610,CE,0.8,0.8,0.45,0.5,0.5,136,1537.04,608979,-111060,19-APR-2021,
OPTSTK,BHARTIARTL,29-Apr-2021,620,CE,0.45,0.55,0.45,0.5,0.5,63,723.56,664509,-12957,19-APR-2021,
OPTSTK,BHARTIARTL,29-Apr-2021,630,CE,0.45,0.45,0.4,0.45,0.45,8,93.35,135123,-5553,19-APR-2021,
OPTSTK,BHARTIARTL,29-Apr-2021,640,CE,0.4,0.5,0.3,0.5,0.5,12,142.24,122166,-5553,19-APR-2021,
OPTSTK,BHARTIARTL,29-Apr-2021,650,CE,0.3,0.4,0.3,0.4,0.4,48,577.81,557151,-70338,19-APR-2021,
OPTSTK,BHARTIARTL,29-Apr-2021,660,CE,0.2,0.3,0.2,0.3,0.3,3,36.66,75891,-3702,19-APR-2021,
OPTSTK,BHARTIARTL,29-Apr-2021,670,CE,0,0,0,21.95,0.05,0,0,0,0,19-APR-2021,
OPTSTK,BHARTIARTL,29-Apr-2021,680,CE,0,0,0,19.9,0,0,0,0,0,19-APR-2021,
OPTSTK,BHARTIARTL,29-Apr-2021,690,CE,0,0,0,17.95,0,0,0,0,0,19-APR-2021,
OPTSTK,BHARTIARTL,29-Apr-2021,700,CE,0.2,0.3,0.2,0.3,0.3,8,103.69,259140,-1851,19-APR-2021,
OPTSTK,BHARTIARTL,29-Apr-2021,710,CE,0,0,0,0.2,0,0,0,24063,0,19-APR-2021,
OPTSTK,BHARTIARTL,29-Apr-2021,370,PE,0,0,0,1.15,0,0,0,0,0,19-APR-2021,
OPTSTK,BHARTIARTL,29-Apr-2021,380,PE,0,0,0,1.55,0,0,0,0,0,19-APR-2021,
OPTSTK,BHARTIARTL,29-Apr-2021,390,PE,0,0,0,2.05,0,0,0,0,0,19-APR-2021,
OPTSTK,BHARTIARTL,29-Apr-2021,400,PE,0.25,0.25,0.2,0.25,0,4,29.63,103656,-3702,19-APR-2021,
OPTSTK,BHARTIARTL,29-Apr-2021,410,PE,0,0,0,3.5,0,0,0,0,0,19-APR-2021,
OPTSTK,BHARTIARTL,29-Apr-2021,420,PE,0,0,0,1.1,0.05,0,0,3702,0,19-APR-2021,
OPTSTK,BHARTIARTL,29-Apr-2021,430,PE,0,0,0,5.55,0.05,0,0,0,0,19-APR-2021,
OPTSTK,BHARTIARTL,29-Apr-2021,440,PE,0.35,0.55,0.35,0.4,0.4,20,163.06,186951,-20361,19-APR-2021,
OPTSTK,BHARTIARTL,29-Apr-2021,450,PE,0.5,0.7,0.5,0.55,0.55,35,291.89,747804,-25914,19-APR-2021,
OPTSTK,BHARTIARTL,29-Apr-2021,460,PE,0.6,0.7,0.5,0.65,0.65,17,144.94,188802,-12957,19-APR-2021,
OPTSTK,BHARTIARTL,29-Apr-2021,470,PE,0.8,0.9,0.7,0.75,0.75,56,488.02,447942,3702,19-APR-2021,
OPTSTK,BHARTIARTL,29-Apr-2021,480,PE,1.45,1.45,0.85,1,1,169,1504.94,975477,-20361,19-APR-2021,
OPTSTK,BHARTIARTL,29-Apr-2021,490,PE,1.35,1.9,1.3,1.5,1.5,425,3867.1,597873,-12957,19-APR-2021,
OPTSTK,BHARTIARTL,29-Apr-2021,500,PE,2.45,3,1.7,2.35,2.35,1299,12080.93,1353081,-201759,19-APR-2021,
OPTSTK,BHARTIARTL,29-Apr-2021,510,PE,3,4.9,2.8,3.8,3.8,1009,9596.55,727443,-122166,19-APR-2021,
OPTSTK,BHARTIARTL,29-Apr-2021,520,PE,4.7,8,4.5,6.35,6.35,1585,15439.51,1428972,-1851,19-APR-2021,
OPTSTK,BHARTIARTL,29-Apr-2021,530,PE,8.4,12.7,7.5,10.45,10.45,1504,15041.76,1308657,-277650,19-APR-2021,
OPTSTK,BHARTIARTL,29-Apr-2021,540,PE,12.75,19.3,12.15,16.6,16.6,515,5302.5,738549,-59232,19-APR-2021,
OPTSTK,BHARTIARTL,29-Apr-2021,550,PE,19.95,27.3,19.55,24.75,24.75,128,1360.26,871821,-98103,19-APR-2021,
OPTSTK,BHARTIARTL,29-Apr-2021,560,PE,34.2,34.35,31.15,33.45,33.45,20,219.54,227673,-14808,19-APR-2021,
OPTSTK,BHARTIARTL,29-Apr-2021,570,PE,42,45.95,39.65,43.4,45.85,8,90.6,162888,0,19-APR-2021,
OPTSTK,BHARTIARTL,29-Apr-2021,580,PE,53,53.6,53,53.6,53.6,3,35.17,236928,-5553,19-APR-2021,
OPTSTK,BHARTIARTL,29-Apr-2021,590,PE,0,0,0,51.1,64.05,0,0,51828,0,19-APR-2021,
OPTSTK,BHARTIARTL,29-Apr-2021,600,PE,66.7,75,66.7,72.05,73.6,4,49.71,464601,-3702,19-APR-2021,
OPTSTK,BHARTIARTL,29-Apr-2021,610,PE,0,0,0,72.4,83.3,0,0,0,0,19-APR-2021,
OPTSTK,BHARTIARTL,29-Apr-2021,620,PE,0,0,0,77.75,93.15,0,0,131421,0,19-APR-2021,
OPTSTK,BHARTIARTL,29-Apr-2021,630,PE,0,0,0,85.6,103.05,0,0,0,0,19-APR-2021,
OPTSTK,BHARTIARTL,29-Apr-2021,640,PE,0,0,0,92.6,113,0,0,0,0,19-APR-2021,
OPTSTK,BHARTIARTL,29-Apr-2021,650,PE,0,0,0,122.5,122.95,0,0,7404,0,19-APR-2021,
OPTSTK,BHARTIARTL,29-Apr-2021,660,PE,0,0,0,107.25,132.95,0,0,0,0,19-APR-2021,
OPTSTK,BHARTIARTL,29-Apr-2021,670,PE,0,0,0,114.85,142.9,0,0,0,0,19-APR-2021,
OPTSTK,BHARTIARTL,29-Apr-2021,680,PE,0,0,0,122.7,152.9,0,0,0,0,19-APR-2021,
OPTSTK,BHARTIARTL,29-Apr-2021,690,PE,0,0,0,130.65,162.9,0,0,0,0,19-APR-2021,
OPTSTK,BHARTIARTL,29-Apr-2021,700,PE,0,0,0,150.85,172.85,0,0,7404,0,19-APR-2021,
OPTSTK,BHARTIARTL,29-Apr-2021,710,PE,0,0,0,147.1,182.85,0,0,0,0,19-APR-2021,
OPTSTK,BHARTIARTL,27-May-2021,380,CE,0,0,0,203.9,148.15,0,0,0,0,19-APR-2021,
OPTSTK,BHARTIARTL,27-May-2021,390,CE,0,0,0,194.4,138.35,0,0,0,0,19-APR-2021,
OPTSTK,BHARTIARTL,27-May-2021,400,CE,0,0,0,185.05,128.65,0,0,0,0,19-APR-2021,
OPTSTK,BHARTIARTL,27-May-2021,410,CE,0,0,0,175.8,119.05,0,0,0,0,19-APR-2021,
OPTSTK,BHARTIARTL,27-May-2021,420,CE,0,0,0,166.7,109.6,0,0,0,0,19-APR-2021,
OPTSTK,BHARTIARTL,27-May-2021,430,CE,0,0,0,157.75,100.35,0,0,0,0,19-APR-2021,
OPTSTK,BHARTIARTL,27-May-2021,440,CE,0,0,0,149,91.35,0,0,0,0,19-APR-2021,
OPTSTK,BHARTIARTL,27-May-2021,450,CE,0,0,0,140.5,82.65,0,0,0,0,19-APR-2021,
OPTSTK,BHARTIARTL,27-May-2021,460,CE,0,0,0,132.15,74.3,0,0,0,0,19-APR-2021,
OPTSTK,BHARTIARTL,27-May-2021,470,CE,0,0,0,124.1,66.4,0,0,0,0,19-APR-2021,
OPTSTK,BHARTIARTL,27-May-2021,480,CE,0,0,0,116.3,58.9,0,0,0,0,19-APR-2021,
OPTSTK,BHARTIARTL,27-May-2021,490,CE,0,0,0,108.75,51.85,0,0,0,0,19-APR-2021,
OPTSTK,BHARTIARTL,27-May-2021,500,CE,40,42,40,41,41,6,60.08,11106,11106,19-APR-2021,
OPTSTK,BHARTIARTL,27-May-2021,510,CE,0,0,0,94.55,39.4,0,0,0,0,19-APR-2021,
OPTSTK,BHARTIARTL,27-May-2021,520,CE,0,0,0,35,34,0,0,7404,0,19-APR-2021,
OPTSTK,BHARTIARTL,27-May-2021,530,CE,24.9,25.5,23,23.25,23.25,71,728.25,203610,75891,19-APR-2021,
OPTSTK,BHARTIARTL,27-May-2021,540,CE,20.25,21,18.7,19.3,19.3,52,538.81,122166,51828,19-APR-2021,
OPTSTK,BHARTIARTL,27-May-2021,550,CE,19.65,19.65,14.65,15.8,15.8,139,1456.5,514578,55530,19-APR-2021,
OPTSTK,BHARTIARTL,27-May-2021,560,CE,12.5,14.2,12,12.45,12.45,30,318.03,92550,12957,19-APR-2021,
OPTSTK,BHARTIARTL,27-May-2021,570,CE,13.3,13.3,0.05,10.05,10.05,64,687.31,166590,25914,19-APR-2021,
OPTSTK,BHARTIARTL,27-May-2021,580,CE,6.85,8.75,6.85,8.5,12.1,12,130.66,22212,20361,19-APR-2021,
OPTSTK,BHARTIARTL,27-May-2021,590,CE,7,7,7,7,9.9,2,22.1,3702,3702,19-APR-2021,
OPTSTK,BHARTIARTL,27-May-2021,600,CE,6.45,6.45,5,5.6,5.6,183,2051.3,834801,48126,19-APR-2021,
OPTSTK,BHARTIARTL,27-May-2021,610,CE,0,0,0,41.85,6.6,0,0,0,0,19-APR-2021,
OPTSTK,BHARTIARTL,27-May-2021,620,CE,0,0,0,5.2,5.3,0,0,57381,0,19-APR-2021,
OPTSTK,BHARTIARTL,27-May-2021,630,CE,0,0,0,34.8,4.25,0,0,0,0,19-APR-2021,
OPTSTK,BHARTIARTL,27-May-2021,640,CE,0,0,0,31.7,3.4,0,0,0,0,19-APR-2021,
OPTSTK,BHARTIARTL,27-May-2021,650,CE,0,0,0,2.9,2.7,0,0,25914,0,19-APR-2021,
OPTSTK,BHARTIARTL,27-May-2021,660,CE,0,0,0,26.1,2.15,0,0,0,0,19-APR-2021,
OPTSTK,BHARTIARTL,27-May-2021,670,CE,0,0,0,23.7,1.65,0,0,0,0,19-APR-2021,
OPTSTK,BHARTIARTL,27-May-2021,680,CE,0,0,0,21.45,1.3,0,0,0,0,19-APR-2021,
OPTSTK,BHARTIARTL,27-May-2021,690,CE,0,0,0,19.4,1,0,0,0,0,19-APR-2021,
OPTSTK,BHARTIARTL,27-May-2021,700,CE,1.75,1.75,0.85,1,0.8,15,194.66,124017,3702,19-APR-2021,
OPTSTK,BHARTIARTL,27-May-2021,710,CE,0,0,0,15.75,0.6,0,0,0,0,19-APR-2021,
OPTSTK,BHARTIARTL,27-May-2021,380,PE,0,0,0,1.2,0.25,0,0,0,0,19-APR-2021,
OPTSTK,BHARTIARTL,27-May-2021,390,PE,0,0,0,1.6,0.4,0,0,0,0,19-APR-2021,
OPTSTK,BHARTIARTL,27-May-2021,400,PE,0,0,0,0.8,0.65,0,0,3702,0,19-APR-2021,
OPTSTK,BHARTIARTL,27-May-2021,410,PE,0,0,0,2.8,1,0,0,0,0,19-APR-2021,
OPTSTK,BHARTIARTL,27-May-2021,420,PE,0,0,0,3.65,1.5,0,0,0,0,19-APR-2021,
OPTSTK,BHARTIARTL,27-May-2021,430,PE,0,0,0,2.05,2.2,0,0,7404,0,19-APR-2021,
OPTSTK,BHARTIARTL,27-May-2021,440,PE,0,0,0,5.75,3.2,0,0,0,0,19-APR-2021,
OPTSTK,BHARTIARTL,27-May-2021,450,PE,1.5,2,1.5,2,4.45,3,25.08,118464,0,19-APR-2021,
OPTSTK,BHARTIARTL,27-May-2021,460,PE,0,0,0,5,6.1,0,0,5553,0,19-APR-2021,
OPTSTK,BHARTIARTL,27-May-2021,470,PE,4,4.5,4,4.5,8.1,4,35.1,24063,7404,19-APR-2021,
OPTSTK,BHARTIARTL,27-May-2021,480,PE,5,5.5,4.5,4.95,4.95,36,323.15,161037,33318,19-APR-2021,
OPTSTK,BHARTIARTL,27-May-2021,490,PE,7.35,7.45,6.5,6.5,13.5,16,147.27,70338,22212,19-APR-2021,
OPTSTK,BHARTIARTL,27-May-2021,500,PE,10,10.45,9,9.7,9.7,93,877.38,668211,72189,19-APR-2021,
OPTSTK,BHARTIARTL,27-May-2021,510,PE,10,13.45,10,12.8,21,6,57.97,40722,5553,19-APR-2021,
OPTSTK,BHARTIARTL,27-May-2021,520,PE,17.5,18.5,16.05,17.55,17.55,34,338.05,385008,33318,19-APR-2021,
OPTSTK,BHARTIARTL,27-May-2021,530,PE,23.8,23.8,20.4,22.65,22.65,39,398.76,216567,16659,19-APR-2021,
OPTSTK,BHARTIARTL,27-May-2021,540,PE,27.35,29.15,27.35,29.15,29.15,12,126.27,64785,-1851,19-APR-2021,
OPTSTK,BHARTIARTL,27-May-2021,550,PE,36.35,36.35,33,34.35,34.35,23,248.8,236928,11106,19-APR-2021,
OPTSTK,BHARTIARTL,27-May-2021,560,PE,40,40,40,40,48.9,1,11.1,9255,1851,19-APR-2021,
OPTSTK,BHARTIARTL,27-May-2021,570,PE,0,0,0,44.8,55.9,0,0,0,0,19-APR-2021,
OPTSTK,BHARTIARTL,27-May-2021,580,PE,0,0,0,49.95,63.4,0,0,0,0,19-APR-2021,
OPTSTK,BHARTIARTL,27-May-2021,590,PE,0,0,0,55.35,71.15,0,0,0,0,19-APR-2021,
OPTSTK,BHARTIARTL,27-May-2021,600,PE,0,0,0,72,79.3,0,0,18510,0,19-APR-2021,
OPTSTK,BHARTIARTL,27-May-2021,610,PE,0,0,0,67.05,87.75,0,0,0,0,19-APR-2021,
OPTSTK,BHARTIARTL,27-May-2021,620,PE,0,0,0,73.3,96.45,0,0,0,0,19-APR-2021,
OPTSTK,BHARTIARTL,27-May-2021,630,PE,0,0,0,79.8,105.35,0,0,0,0,19-APR-2021,
OPTSTK,BHARTIARTL,27-May-2021,640,PE,0,0,0,86.6,114.45,0,0,0,0,19-APR-2021,
OPTSTK,BHARTIARTL,27-May-2021,650,PE,0,0,0,93.6,123.7,0,0,0,0,19-APR-2021,
OPTSTK,BHARTIARTL,27-May-2021,660,PE,0,0,0,100.85,133.1,0,0,0,0,19-APR-2021,
OPTSTK,BHARTIARTL,27-May-2021,670,PE,0,0,0,108.3,142.6,0,0,0,0,19-APR-2021,
OPTSTK,BHARTIARTL,27-May-2021,680,PE,0,0,0,115.95,152.2,0,0,0,0,19-APR-2021,
OPTSTK,BHARTIARTL,27-May-2021,690,PE,0,0,0,123.8,161.9,0,0,0,0,19-APR-2021,
OPTSTK,BHARTIARTL,27-May-2021,700,PE,0,0,0,131.8,171.6,0,0,0,0,19-APR-2021,
OPTSTK,BHARTIARTL,27-May-2021,710,PE,0,0,0,140,181.4,0,0,0,0,19-APR-2021,
OPTSTK,BHARTIARTL,24-Jun-2021,380,CE,0,0,0,135.3,150.3,0,0,0,0,19-APR-2021,
OPTSTK,BHARTIARTL,24-Jun-2021,390,CE,0,0,0,126.55,140.9,0,0,0,0,19-APR-2021,
OPTSTK,BHARTIARTL,24-Jun-2021,400,CE,0,0,0,118.1,131.65,0,0,0,0,19-APR-2021,
OPTSTK,BHARTIARTL,24-Jun-2021,410,CE,0,0,0,109.9,122.6,0,0,0,0,19-APR-2021,
OPTSTK,BHARTIARTL,24-Jun-2021,420,CE,0,0,0,101.95,113.8,0,0,0,0,19-APR-2021,
OPTSTK,BHARTIARTL,24-Jun-2021,430,CE,0,0,0,94.35,105.25,0,0,0,0,19-APR-2021,
OPTSTK,BHARTIARTL,24-Jun-2021,440,CE,0,0,0,87.1,97,0,0,0,0,19-APR-2021,
OPTSTK,BHARTIARTL,24-Jun-2021,450,CE,0,0,0,80.15,89.05,0,0,0,0,19-APR-2021,
OPTSTK,BHARTIARTL,24-Jun-2021,460,CE,0,0,0,73.55,81.45,0,0,0,0,19-APR-2021,
OPTSTK,BHARTIARTL,24-Jun-2021,470,CE,0,0,0,67.3,74.2,0,0,0,0,19-APR-2021,
OPTSTK,BHARTIARTL,24-Jun-2021,480,CE,0,0,0,61.45,67.35,0,0,0,0,19-APR-2021,
OPTSTK,BHARTIARTL,24-Jun-2021,490,CE,0,0,0,55.95,60.9,0,0,0,0,19-APR-2021,
OPTSTK,BHARTIARTL,24-Jun-2021,500,CE,0,0,0,50.8,54.9,0,0,0,0,19-APR-2021,
OPTSTK,BHARTIARTL,24-Jun-2021,510,CE,0,0,0,46.05,49.25,0,0,0,0,19-APR-2021,
OPTSTK,BHARTIARTL,24-Jun-2021,520,CE,0,0,0,41.6,44.05,0,0,0,0,19-APR-2021,
OPTSTK,BHARTIARTL,24-Jun-2021,530,CE,0,0,0,37.5,39.25,0,0,0,0,19-APR-2021,
OPTSTK,BHARTIARTL,24-Jun-2021,540,CE,0,0,0,48,34.85,0,0,1851,0,19-APR-2021,
OPTSTK,BHARTIARTL,24-Jun-2021,550,CE,0,0,0,30.3,30.85,0,0,0,0,19-APR-2021,
OPTSTK,BHARTIARTL,24-Jun-2021,560,CE,0,0,0,27.15,27.2,0,0,0,0,19-APR-2021,
OPTSTK,BHARTIARTL,24-Jun-2021,570,CE,0,0,0,18.5,23.9,0,0,1851,0,19-APR-2021,
OPTSTK,BHARTIARTL,24-Jun-2021,580,CE,0,0,0,21.65,20.95,0,0,0,0,19-APR-2021,
OPTSTK,BHARTIARTL,24-Jun-2021,590,CE,0,0,0,19.25,18.3,0,0,0,0,19-APR-2021,
OPTSTK,BHARTIARTL,24-Jun-2021,600,CE,0,0,0,11.35,15.95,0,0,14808,0,19-APR-2021,
OPTSTK,BHARTIARTL,24-Jun-2021,610,CE,0,0,0,15.2,13.85,0,0,0,0,19-APR-2021,
OPTSTK,BHARTIARTL,24-Jun-2021,620,CE,0,0,0,13.45,11.95,0,0,0,0,19-APR-2021,
OPTSTK,BHARTIARTL,24-Jun-2021,630,CE,0,0,0,11.9,10.35,0,0,0,0,19-APR-2021,
OPTSTK,BHARTIARTL,24-Jun-2021,640,CE,0,0,0,10.5,8.9,0,0,0,0,19-APR-2021,
OPTSTK,BHARTIARTL,24-Jun-2021,650,CE,0,0,0,9.25,7.65,0,0,0,0,19-APR-2021,
OPTSTK,BHARTIARTL,24-Jun-2021,660,CE,0,0,0,8.15,6.55,0,0,0,0,19-APR-2021,
OPTSTK,BHARTIARTL,24-Jun-2021,670,CE,0,0,0,7.15,5.6,0,0,0,0,19-APR-2021,
OPTSTK,BHARTIARTL,24-Jun-2021,680,CE,0,0,0,6.25,4.75,0,0,0,0,19-APR-2021,
OPTSTK,BHARTIARTL,24-Jun-2021,690,CE,0,0,0,5.5,4.05,0,0,0,0,19-APR-2021,
OPTSTK,BHARTIARTL,24-Jun-2021,700,CE,0,0,0,4.8,3.45,0,0,0,0,19-APR-2021,
OPTSTK,BHARTIARTL,24-Jun-2021,710,CE,0,0,0,4.2,2.9,0,0,0,0,19-APR-2021,
OPTSTK,BHARTIARTL,24-Jun-2021,380,PE,0,0,0,4,1.3,0,0,0,0,19-APR-2021,
OPTSTK,BHARTIARTL,24-Jun-2021,390,PE,0,0,0,5.2,1.8,0,0,0,0,19-APR-2021,
OPTSTK,BHARTIARTL,24-Jun-2021,400,PE,0,0,0,6.65,2.5,0,0,0,0,19-APR-2021,
OPTSTK,BHARTIARTL,24-Jun-2021,410,PE,0,0,0,8.3,3.4,0,0,0,0,19-APR-2021,
OPTSTK,BHARTIARTL,24-Jun-2021,420,PE,0,0,0,10.3,4.5,0,0,0,0,19-APR-2021,
OPTSTK,BHARTIARTL,24-Jun-2021,430,PE,0,0,0,12.6,5.9,0,0,0,0,19-APR-2021,
OPTSTK,BHARTIARTL,24-Jun-2021,440,PE,0,0,0,15.25,7.55,0,0,0,0,19-APR-2021,
OPTSTK,BHARTIARTL,24-Jun-2021,450,PE,0,0,0,18.2,9.55,0,0,0,0,19-APR-2021,
OPTSTK,BHARTIARTL,24-Jun-2021,460,PE,0,0,0,21.5,11.9,0,0,0,0,19-APR-2021,
OPTSTK,BHARTIARTL,24-Jun-2021,470,PE,0,0,0,25.2,14.6,0,0,0,0,19-APR-2021,
OPTSTK,BHARTIARTL,24-Jun-2021,480,PE,0,0,0,29.25,17.65,0,0,0,0,19-APR-2021,
OPTSTK,BHARTIARTL,24-Jun-2021,490,PE,0,0,0,33.65,21.15,0,0,0,0,19-APR-2021,
OPTSTK,BHARTIARTL,24-Jun-2021,500,PE,13.8,13.8,11.8,12.55,12.55,3,28.47,107358,5553,19-APR-2021,
OPTSTK,BHARTIARTL,24-Jun-2021,510,PE,0,0,0,43.55,29.35,0,0,0,0,19-APR-2021,
OPTSTK,BHARTIARTL,24-Jun-2021,520,PE,0,0,0,16,34.1,0,0,3702,0,19-APR-2021,
OPTSTK,BHARTIARTL,24-Jun-2021,530,PE,0,0,0,54.85,39.2,0,0,0,0,19-APR-2021,
OPTSTK,BHARTIARTL,24-Jun-2021,540,PE,0,0,0,60.95,44.75,0,0,0,0,19-APR-2021,
OPTSTK,BHARTIARTL,24-Jun-2021,550,PE,0,0,0,67.4,50.65,0,0,0,0,19-APR-2021,
OPTSTK,BHARTIARTL,24-Jun-2021,560,PE,0,0,0,74.15,56.95,0,0,0,0,19-APR-2021,
OPTSTK,BHARTIARTL,24-Jun-2021,570,PE,0,0,0,81.2,63.6,0,0,0,0,19-APR-2021,
OPTSTK,BHARTIARTL,24-Jun-2021,580,PE,0,0,0,88.5,70.55,0,0,0,0,19-APR-2021,
OPTSTK,BHARTIARTL,24-Jun-2021,590,PE,0,0,0,96.05,77.85,0,0,0,0,19-APR-2021,
OPTSTK,BHARTIARTL,24-Jun-2021,600,PE,0,0,0,103.8,85.45,0,0,0,0,19-APR-2021,
OPTSTK,BHARTIARTL,24-Jun-2021,610,PE,0,0,0,111.75,93.25,0,0,0,0,19-APR-2021,
OPTSTK,BHARTIARTL,24-Jun-2021,620,PE,0,0,0,119.9,101.35,0,0,0,0,19-APR-2021,
OPTSTK,BHARTIARTL,24-Jun-2021,630,PE,0,0,0,128.25,109.6,0,0,0,0,19-APR-2021,
OPTSTK,BHARTIARTL,24-Jun-2021,640,PE,0,0,0,136.8,118.1,0,0,0,0,19-APR-2021,
OPTSTK,BHARTIARTL,24-Jun-2021,650,PE,0,0,0,145.45,126.8,0,0,0,0,19-APR-2021,
OPTSTK,BHARTIARTL,24-Jun-2021,660,PE,0,0,0,154.25,135.65,0,0,0,0,19-APR-2021,
OPTSTK,BHARTIARTL,24-Jun-2021,670,PE,0,0,0,163.15,144.6,0,0,0,0,19-APR-2021,
OPTSTK,BHARTIARTL,24-Jun-2021,680,PE,0,0,0,172.2,153.7,0,0,0,0,19-APR-2021,
OPTSTK,BHARTIARTL,24-Jun-2021,690,PE,0,0,0,181.3,162.95,0,0,0,0,19-APR-2021,
OPTSTK,BHARTIARTL,24-Jun-2021,700,PE,0,0,0,190.55,172.25,0,0,0,0,19-APR-2021,
OPTSTK,BHARTIARTL,24-Jun-2021,710,PE,0,0,0,199.85,181.65,0,0,0,0,19-APR-2021,
OPTSTK,BHEL,29-Apr-2021,21,CE,0,0,0,15.95,23.1,0,0,0,0,19-APR-2021,
OPTSTK,BHEL,29-Apr-2021,22,CE,0,0,0,15,22.1,0,0,0,0,19-APR-2021,
OPTSTK,BHEL,29-Apr-2021,23,CE,0,0,0,14.1,21.1,0,0,0,0,19-APR-2021,
OPTSTK,BHEL,29-Apr-2021,24,CE,0,0,0,13.2,20.1,0,0,0,0,19-APR-2021,
OPTSTK,BHEL,29-Apr-2021,25,CE,0,0,0,12.35,19.1,0,0,0,0,19-APR-2021,
OPTSTK,BHEL,29-Apr-2021,26,CE,0,0,0,11.5,18.1,0,0,0,0,19-APR-2021,
OPTSTK,BHEL,29-Apr-2021,27,CE,0,0,0,10.7,17.1,0,0,0,0,19-APR-2021,
OPTSTK,BHEL,29-Apr-2021,28,CE,0,0,0,9.95,16.1,0,0,0,0,19-APR-2021,
OPTSTK,BHEL,29-Apr-2021,29,CE,0,0,0,9.2,15.1,0,0,0,0,19-APR-2021,
OPTSTK,BHEL,29-Apr-2021,30,CE,0,0,0,21.95,14.1,0,0,42000,0,19-APR-2021,
OPTSTK,BHEL,29-Apr-2021,31,CE,0,0,0,7.85,13.1,0,0,0,0,19-APR-2021,
OPTSTK,BHEL,29-Apr-2021,32,CE,0,0,0,7.2,12.1,0,0,0,0,19-APR-2021,
OPTSTK,BHEL,29-Apr-2021,33,CE,0,0,0,6.6,11.1,0,0,0,0,19-APR-2021,
OPTSTK,BHEL,29-Apr-2021,34,CE,0,0,0,6.05,10.1,0,0,0,0,19-APR-2021,
OPTSTK,BHEL,29-Apr-2021,35,CE,0,0,0,5.55,9.15,0,0,0,0,19-APR-2021,
OPTSTK,BHEL,29-Apr-2021,36,CE,0,0,0,5.05,8.15,0,0,0,0,19-APR-2021,
OPTSTK,BHEL,29-Apr-2021,37,CE,0,0,0,4.6,7.2,0,0,0,0,19-APR-2021,
OPTSTK,BHEL,29-Apr-2021,38,CE,0,0,0,4.2,6.3,0,0,0,0,19-APR-2021,
OPTSTK,BHEL,29-Apr-2021,39,CE,0,0,0,3.8,5.4,0,0,0,0,19-APR-2021,
OPTSTK,BHEL,29-Apr-2021,40,CE,5.45,5.45,5.05,5.05,4.6,4,37.92,252000,84000,19-APR-2021,
OPTSTK,BHEL,29-Apr-2021,41,CE,0,0,0,3.15,3.85,0,0,0,0,19-APR-2021,
OPTSTK,BHEL,29-Apr-2021,42,CE,3.4,4.5,2.5,4.5,3.15,6,57.38,84000,63000,19-APR-2021,
OPTSTK,BHEL,29-Apr-2021,43,CE,0,0,0,2.55,2.55,0,0,0,0,19-APR-2021,
OPTSTK,BHEL,29-Apr-2021,44,CE,1.6,2.35,1.55,1.85,1.85,189,1823.66,714000,525000,19-APR-2021,
OPTSTK,BHEL,29-Apr-2021,45,CE,1.5,1.7,1.2,1.35,1.35,322,3138,3969000,1134000,19-APR-2021,
OPTSTK,BHEL,29-Apr-2021,46,CE,1,1.2,0.9,1,1,133,1314.04,1617000,294000,19-APR-2021,
OPTSTK,BHEL,29-Apr-2021,47,CE,0.45,1.2,0.45,0.8,0.8,103,1034.18,2184000,126000,19-APR-2021,
OPTSTK,BHEL,29-Apr-2021,48,CE,0.9,0.9,0.5,0.6,0.6,176,1795.84,2394000,210000,19-APR-2021,
OPTSTK,BHEL,29-Apr-2021,49,CE,0.5,0.5,0.4,0.4,0.4,64,664.5,1554000,168000,19-APR-2021,
OPTSTK,BHEL,29-Apr-2021,50,CE,0.55,0.55,0.3,0.35,0.35,350,3701.01,10080000,-84000,19-APR-2021,
OPTSTK,BHEL,29-Apr-2021,51,CE,0.3,0.3,0.25,0.25,0.25,23,247.66,2289000,-189000,19-APR-2021,
OPTSTK,BHEL,29-Apr-2021,52,CE,0.2,0.3,0.2,0.25,0.25,92,1008.8,9009000,-189000,19-APR-2021,
OPTSTK,BHEL,29-Apr-2021,53,CE,0.3,0.3,0.15,0.2,0.2,27,301.57,2793000,-42000,19-APR-2021,
OPTSTK,BHEL,29-Apr-2021,54,CE,0.15,0.15,0.1,0.15,0.1,18,204.61,1890000,-105000,19-APR-2021,
OPTSTK,BHEL,29-Apr-2021,55,CE,0.15,0.15,0.1,0.15,0.15,122,1411.94,12075000,-798000,19-APR-2021,
OPTSTK,BHEL,29-Apr-2021,56,CE,0.1,0.15,0.05,0.1,0.05,22,259.21,1260000,-105000,19-APR-2021,
OPTSTK,BHEL,29-Apr-2021,57,CE,0.05,0.1,0.05,0.1,0.1,10,119.84,1512000,-84000,19-APR-2021,
OPTSTK,BHEL,29-Apr-2021,58,CE,0.05,0.1,0.05,0.1,0.05,12,146.33,1722000,-210000,19-APR-2021,
OPTSTK,BHEL,29-Apr-2021,59,CE,0.1,0.1,0.1,0.1,0.1,2,24.82,294000,21000,19-APR-2021,
OPTSTK,BHEL,29-Apr-2021,60,CE,0.05,0.1,0.05,0.1,0,32,403.73,8526000,-168000,19-APR-2021,
OPTSTK,BHEL,29-Apr-2021,61,CE,0.05,0.05,0.05,0.05,0,5,64.1,588000,-21000,19-APR-2021,
OPTSTK,BHEL,29-Apr-2021,62,CE,0.05,0.05,0.05,0.05,0.05,5,65.15,441000,-63000,19-APR-2021,
OPTSTK,BHEL,29-Apr-2021,63,CE,0.05,0.05,0.05,0.05,0,2,26.48,2037000,-21000,19-APR-2021,
OPTSTK,BHEL,29-Apr-2021,21,PE,0,0,0,0.1,0,0,0,21000,0,19-APR-2021,
OPTSTK,BHEL,29-Apr-2021,22,PE,0,0,0,0.2,0,0,0,0,0,19-APR-2021,
OPTSTK,BHEL,29-Apr-2021,23,PE,0,0,0,0.3,0,0,0,0,0,19-APR-2021,
OPTSTK,BHEL,29-Apr-2021,24,PE,0,0,0,0.4,0,0,0,0,0,19-APR-2021,
OPTSTK,BHEL,29-Apr-2021,25,PE,0,0,0,0.5,0,0,0,0,0,19-APR-2021,
OPTSTK,BHEL,29-Apr-2021,26,PE,0,0,0,0.7,0,0,0,0,0,19-APR-2021,
OPTSTK,BHEL,29-Apr-2021,27,PE,0,0,0,0.85,0,0,0,0,0,19-APR-2021,
OPTSTK,BHEL,29-Apr-2021,28,PE,0,0,0,1.1,0,0,0,0,0,19-APR-2021,
OPTSTK,BHEL,29-Apr-2021,29,PE,0,0,0,1.35,0,0,0,0,0,19-APR-2021,
OPTSTK,BHEL,29-Apr-2021,30,PE,0.1,0.1,0.05,0.05,0,3,18.95,231000,21000,19-APR-2021,
OPTSTK,BHEL,29-Apr-2021,31,PE,0,0,0,0.05,0,0,0,21000,0,19-APR-2021,
OPTSTK,BHEL,29-Apr-2021,32,PE,0,0,0,2.3,0,0,0,0,0,19-APR-2021,
OPTSTK,BHEL,29-Apr-2021,33,PE,0,0,0,0.1,0.05,0,0,63000,0,19-APR-2021,
OPTSTK,BHEL,29-Apr-2021,34,PE,0,0,0,0.15,0.05,0,0,105000,0,19-APR-2021,
OPTSTK,BHEL,29-Apr-2021,35,PE,0.2,0.3,0.1,0.15,0.15,33,243.66,1071000,63000,19-APR-2021,
OPTSTK,BHEL,29-Apr-2021,36,PE,0.2,0.2,0.2,0.2,0.1,3,22.8,126000,0,19-APR-2021,
OPTSTK,BHEL,29-Apr-2021,37,PE,0,0,0,4.65,0.15,0,0,0,0,19-APR-2021,
OPTSTK,BHEL,29-Apr-2021,38,PE,0.3,0.4,0.25,0.3,0.2,31,249.4,1197000,147000,19-APR-2021,
OPTSTK,BHEL,29-Apr-2021,39,PE,0.35,0.45,0.35,0.35,0.35,4,33.07,336000,0,19-APR-2021,
OPTSTK,BHEL,29-Apr-2021,40,PE,0.55,0.8,0.4,0.45,0.45,260,2213.75,4473000,84000,19-APR-2021,
OPTSTK,BHEL,29-Apr-2021,41,PE,0.8,0.9,0.6,0.65,0.65,27,236.5,294000,0,19-APR-2021,
OPTSTK,BHEL,29-Apr-2021,42,PE,1,1.35,0.8,0.9,0.9,81,730.75,714000,231000,19-APR-2021,
OPTSTK,BHEL,29-Apr-2021,43,PE,1.75,1.75,1.05,1.2,1.2,45,418.25,1386000,-21000,19-APR-2021,
OPTSTK,BHEL,29-Apr-2021,44,PE,2.2,2.4,1.4,1.65,1.65,73,700.39,1176000,-42000,19-APR-2021,
OPTSTK,BHEL,29-Apr-2021,45,PE,2.5,3.15,1.85,2.15,2.15,153,1520.98,5523000,-1050000,19-APR-2021,
OPTSTK,BHEL,29-Apr-2021,46,PE,2.75,3.75,2.55,2.85,2.85,41,422.37,1596000,-189000,19-APR-2021,
OPTSTK,BHEL,29-Apr-2021,47,PE,4.5,4.6,3.4,3.4,3.8,6,64.28,1050000,-21000,19-APR-2021,
OPTSTK,BHEL,29-Apr-2021,48,PE,0,0,0,2.4,4.6,0,0,1764000,0,19-APR-2021,
OPTSTK,BHEL,29-Apr-2021,49,PE,5.25,5.35,5.25,5.25,5.25,3,34.19,861000,-63000,19-APR-2021,
OPTSTK,BHEL,29-Apr-2021,50,PE,6.9,6.9,5.95,6.1,6.1,7,82.63,3066000,-126000,19-APR-2021,
OPTSTK,BHEL,29-Apr-2021,51,PE,7.5,7.5,6.6,7.05,7.15,3,36.57,1155000,-63000,19-APR-2021,
OPTSTK,BHEL,29-Apr-2021,52,PE,7.9,8.25,7.9,8.25,8.25,5,63.01,840000,-84000,19-APR-2021,
OPTSTK,BHEL,29-Apr-2021,53,PE,9.35,9.35,8.6,8.8,9.05,4,51.96,462000,-42000,19-APR-2021,
OPTSTK,BHEL,29-Apr-2021,54,PE,0,0,0,8.7,10,0,0,588000,0,19-APR-2021,
OPTSTK,BHEL,29-Apr-2021,55,PE,0,0,0,8.1,10.95,0,0,1890000,0,19-APR-2021,
OPTSTK,BHEL,29-Apr-2021,56,PE,0,0,0,4.65,11.95,0,0,42000,0,19-APR-2021,
OPTSTK,BHEL,29-Apr-2021,57,PE,0,0,0,15.65,12.95,0,0,0,0,19-APR-2021,
OPTSTK,BHEL,29-Apr-2021,58,PE,0,0,0,9.8,13.95,0,0,21000,0,19-APR-2021,
OPTSTK,BHEL,29-Apr-2021,59,PE,0,0,0,16.3,14.9,0,0,0,0,19-APR-2021,
OPTSTK,BHEL,29-Apr-2021,60,PE,0,0,0,14,15.9,0,0,567000,0,19-APR-2021,
OPTSTK,BHEL,29-Apr-2021,61,PE,0,0,0,14.9,16.9,0,0,0,0,19-APR-2021,
OPTSTK,BHEL,29-Apr-2021,62,PE,0,0,0,15.75,17.9,0,0,0,0,19-APR-2021,
OPTSTK,BHEL,29-Apr-2021,63,PE,0,0,0,16.65,18.9,0,0,0,0,19-APR-2021,
OPTSTK,BHEL,27-May-2021,31,CE,0,0,0,17.05,13.35,0,0,0,0,19-APR-2021,
OPTSTK,BHEL,27-May-2021,32,CE,0,0,0,16.15,12.45,0,0,0,0,19-APR-2021,
OPTSTK,BHEL,27-May-2021,33,CE,0,0,0,15.35,11.55,0,0,0,0,19-APR-2021,
OPTSTK,BHEL,27-May-2021,34,CE,0,0,0,14.55,10.65,0,0,0,0,19-APR-2021,
OPTSTK,BHEL,27-May-2021,35,CE,0,0,0,13.75,9.8,0,0,0,0,19-APR-2021,
OPTSTK,BHEL,27-May-2021,36,CE,0,0,0,13,9,0,0,0,0,19-APR-2021,
OPTSTK,BHEL,27-May-2021,37,CE,0,0,0,12.25,8.25,0,0,0,0,19-APR-2021,
OPTSTK,BHEL,27-May-2021,38,CE,0,0,0,11.55,7.5,0,0,0,0,19-APR-2021,
OPTSTK,BHEL,27-May-2021,39,CE,0,0,0,10.9,6.8,0,0,0,0,19-APR-2021,
OPTSTK,BHEL,27-May-2021,40,CE,6,6,6,6,6.15,2,19.32,42000,42000,19-APR-2021,
OPTSTK,BHEL,27-May-2021,41,CE,0,0,0,9.6,5.5,0,0,0,0,19-APR-2021,
OPTSTK,BHEL,27-May-2021,42,CE,0,0,0,9,4.95,0,0,0,0,19-APR-2021,
OPTSTK,BHEL,27-May-2021,43,CE,0,0,0,8.45,4.4,0,0,0,0,19-APR-2021,
OPTSTK,BHEL,27-May-2021,44,CE,0,0,0,7.9,3.95,0,0,0,0,19-APR-2021,
OPTSTK,BHEL,27-May-2021,45,CE,3.5,3.5,3.3,3.3,3.5,4,40.65,168000,84000,19-APR-2021,
OPTSTK,BHEL,27-May-2021,46,CE,0,0,0,6.9,3.1,0,0,0,0,19-APR-2021,
OPTSTK,BHEL,27-May-2021,47,CE,0,0,0,6.45,2.7,0,0,0,0,19-APR-2021,
OPTSTK,BHEL,27-May-2021,48,CE,0,0,0,6,2.4,0,0,0,0,19-APR-2021,
OPTSTK,BHEL,27-May-2021,49,CE,0,0,0,5.6,2.1,0,0,0,0,19-APR-2021,
OPTSTK,BHEL,27-May-2021,50,CE,1.95,2,1.3,1.75,1.75,35,380.25,1344000,399000,19-APR-2021,
OPTSTK,BHEL,27-May-2021,51,CE,0,0,0,2.3,1.6,0,0,84000,0,19-APR-2021,
OPTSTK,BHEL,27-May-2021,52,CE,0,0,0,4.5,1.4,0,0,0,0,19-APR-2021,
OPTSTK,BHEL,27-May-2021,53,CE,0,0,0,3,1.2,0,0,42000,0,19-APR-2021,
OPTSTK,BHEL,27-May-2021,54,CE,0,0,0,3.9,1.05,0,0,0,0,19-APR-2021,
OPTSTK,BHEL,27-May-2021,55,CE,0.75,0.95,0.75,0.8,0.9,9,105.59,462000,147000,19-APR-2021,
OPTSTK,BHEL,27-May-2021,56,CE,0,0,0,3.35,0.8,0,0,0,0,19-APR-2021,
OPTSTK,BHEL,27-May-2021,57,CE,0,0,0,3.1,0.65,0,0,0,0,19-APR-2021,
OPTSTK,BHEL,27-May-2021,58,CE,0,0,0,2.9,0.6,0,0,0,0,19-APR-2021,
OPTSTK,BHEL,27-May-2021,59,CE,0,0,0,2.7,0.5,0,0,0,0,19-APR-2021,
OPTSTK,BHEL,27-May-2021,60,CE,0.5,0.5,0.35,0.5,0.4,13,165.08,525000,189000,19-APR-2021,
OPTSTK,BHEL,27-May-2021,61,CE,0,0,0,2.3,0.35,0,0,0,0,19-APR-2021,
OPTSTK,BHEL,27-May-2021,62,CE,0,0,0,2.15,0.3,0,0,0,0,19-APR-2021,
OPTSTK,BHEL,27-May-2021,63,CE,0,0,0,1.95,0.25,0,0,0,0,19-APR-2021,
OPTSTK,BHEL,27-May-2021,31,PE,0,0,0,0.6,0.2,0,0,0,0,19-APR-2021,
OPTSTK,BHEL,27-May-2021,32,PE,0,0,0,0.7,0.25,0,0,0,0,19-APR-2021,
OPTSTK,BHEL,27-May-2021,33,PE,0,0,0,0.9,0.35,0,0,0,0,19-APR-2021,
OPTSTK,BHEL,27-May-2021,34,PE,0,0,0,1.05,0.5,0,0,0,0,19-APR-2021,
OPTSTK,BHEL,27-May-2021,35,PE,0.55,0.55,0.4,0.4,0.4,2,14.89,63000,21000,19-APR-2021,
OPTSTK,BHEL,27-May-2021,36,PE,0,0,0,1.5,0.8,0,0,0,0,19-APR-2021,
OPTSTK,BHEL,27-May-2021,37,PE,0,0,0,1.75,1.05,0,0,0,0,19-APR-2021,
OPTSTK,BHEL,27-May-2021,38,PE,0,0,0,2.05,1.3,0,0,0,0,19-APR-2021,
OPTSTK,BHEL,27-May-2021,39,PE,0,0,0,2.35,1.6,0,0,0,0,19-APR-2021,
OPTSTK,BHEL,27-May-2021,40,PE,1.5,1.75,1.5,1.6,1.6,9,78.7,378000,84000,19-APR-2021,
OPTSTK,BHEL,27-May-2021,41,PE,0,0,0,3.05,2.3,0,0,0,0,19-APR-2021,
OPTSTK,BHEL,27-May-2021,42,PE,0,0,0,3.45,2.75,0,0,0,0,19-APR-2021,
OPTSTK,BHEL,27-May-2021,43,PE,2.5,2.5,2.5,2.5,3.2,1,9.55,42000,21000,19-APR-2021,
OPTSTK,BHEL,27-May-2021,44,PE,0,0,0,4.35,3.7,0,0,0,0,19-APR-2021,
OPTSTK,BHEL,27-May-2021,45,PE,0,0,0,4.85,4.25,0,0,0,0,19-APR-2021,
OPTSTK,BHEL,27-May-2021,46,PE,0,0,0,5.35,4.85,0,0,0,0,19-APR-2021,
OPTSTK,BHEL,27-May-2021,47,PE,0,0,0,5.85,5.5,0,0,0,0,19-APR-2021,
OPTSTK,BHEL,27-May-2021,48,PE,0,0,0,6.4,6.15,0,0,0,0,19-APR-2021,
OPTSTK,BHEL,27-May-2021,49,PE,0,0,0,7,6.85,0,0,0,0,19-APR-2021,
OPTSTK,BHEL,27-May-2021,50,PE,0,0,0,5.9,7.6,0,0,168000,0,19-APR-2021,
OPTSTK,BHEL,27-May-2021,51,PE,0,0,0,8.25,8.35,0,0,0,0,19-APR-2021,
OPTSTK,BHEL,27-May-2021,52,PE,0,0,0,8.9,9.15,0,0,0,0,19-APR-2021,
OPTSTK,BHEL,27-May-2021,53,PE,0,0,0,9.55,9.95,0,0,0,0,19-APR-2021,
OPTSTK,BHEL,27-May-2021,54,PE,0,0,0,10.25,10.8,0,0,0,0,19-APR-2021,
OPTSTK,BHEL,27-May-2021,55,PE,0,0,0,10.95,11.65,0,0,0,0,19-APR-2021,
OPTSTK,BHEL,27-May-2021,56,PE,0,0,0,11.7,12.5,0,0,0,0,19-APR-2021,
OPTSTK,BHEL,27-May-2021,57,PE,0,0,0,12.45,13.4,0,0,0,0,19-APR-2021,
OPTSTK,BHEL,27-May-2021,58,PE,0,0,0,13.2,14.3,0,0,0,0,19-APR-2021,
OPTSTK,BHEL,27-May-2021,59,PE,0,0,0,14,15.2,0,0,0,0,19-APR-2021,
OPTSTK,BHEL,27-May-2021,60,PE,0,0,0,6,16.15,0,0,21000,0,19-APR-2021,
OPTSTK,BHEL,27-May-2021,61,PE,0,0,0,15.6,17.1,0,0,0,0,19-APR-2021,
OPTSTK,BHEL,27-May-2021,62,PE,0,0,0,16.4,18,0,0,0,0,19-APR-2021,
OPTSTK,BHEL,27-May-2021,63,PE,0,0,0,17.25,18.95,0,0,0,0,19-APR-2021,
OPTSTK,BHEL,24-Jun-2021,31,CE,0,0,0,18,13.8,0,0,0,0,19-APR-2021,
OPTSTK,BHEL,24-Jun-2021,32,CE,0,0,0,17.15,12.95,0,0,0,0,19-APR-2021,
OPTSTK,BHEL,24-Jun-2021,33,CE,0,0,0,16.3,12.15,0,0,0,0,19-APR-2021,
OPTSTK,BHEL,24-Jun-2021,34,CE,0,0,0,15.45,11.35,0,0,0,0,19-APR-2021,
OPTSTK,BHEL,24-Jun-2021,35,CE,0,0,0,14.65,10.6,0,0,0,0,19-APR-2021,
OPTSTK,BHEL,24-Jun-2021,36,CE,0,0,0,13.9,9.85,0,0,0,0,19-APR-2021,
OPTSTK,BHEL,24-Jun-2021,37,CE,0,0,0,13.15,9.15,0,0,0,0,19-APR-2021,
OPTSTK,BHEL,24-Jun-2021,38,CE,0,0,0,12.4,8.5,0,0,0,0,19-APR-2021,
OPTSTK,BHEL,24-Jun-2021,39,CE,0,0,0,11.7,7.85,0,0,0,0,19-APR-2021,
OPTSTK,BHEL,24-Jun-2021,40,CE,0,0,0,11.05,7.25,0,0,0,0,19-APR-2021,
OPTSTK,BHEL,24-Jun-2021,41,CE,0,0,0,10.4,6.7,0,0,0,0,19-APR-2021,
OPTSTK,BHEL,24-Jun-2021,42,CE,0,0,0,9.75,6.15,0,0,0,0,19-APR-2021,
OPTSTK,BHEL,24-Jun-2021,43,CE,0,0,0,9.15,5.65,0,0,0,0,19-APR-2021,
OPTSTK,BHEL,24-Jun-2021,44,CE,0,0,0,8.6,5.2,0,0,0,0,19-APR-2021,
OPTSTK,BHEL,24-Jun-2021,45,CE,0,0,0,8.05,4.75,0,0,0,0,19-APR-2021,
OPTSTK,BHEL,24-Jun-2021,46,CE,0,0,0,7.55,4.35,0,0,0,0,19-APR-2021,
OPTSTK,BHEL,24-Jun-2021,47,CE,0,0,0,7.1,3.95,0,0,0,0,19-APR-2021,
OPTSTK,BHEL,24-Jun-2021,48,CE,0,0,0,6.6,3.6,0,0,0,0,19-APR-2021,
OPTSTK,BHEL,24-Jun-2021,49,CE,0,0,0,6.2,3.3,0,0,0,0,19-APR-2021,
OPTSTK,BHEL,24-Jun-2021,50,CE,0,0,0,5.75,3,0,0,0,0,19-APR-2021,
OPTSTK,BHEL,24-Jun-2021,51,CE,0,0,0,5.4,2.75,0,0,0,0,19-APR-2021,
OPTSTK,BHEL,24-Jun-2021,52,CE,0,0,0,5,2.5,0,0,0,0,19-APR-2021,
OPTSTK,BHEL,24-Jun-2021,53,CE,0,0,0,4.7,2.25,0,0,0,0,19-APR-2021,
OPTSTK,BHEL,24-Jun-2021,54,CE,0,0,0,4.35,2.05,0,0,0,0,19-APR-2021,
OPTSTK,BHEL,24-Jun-2021,55,CE,0,0,0,4.05,1.85,0,0,0,0,19-APR-2021,
OPTSTK,BHEL,24-Jun-2021,56,CE,0,0,0,3.75,1.65,0,0,0,0,19-APR-2021,
OPTSTK,BHEL,24-Jun-2021,57,CE,0,0,0,3.5,1.5,0,0,0,0,19-APR-2021,
OPTSTK,BHEL,24-Jun-2021,58,CE,0,0,0,3.25,1.35,0,0,0,0,19-APR-2021,
OPTSTK,BHEL,24-Jun-2021,59,CE,0,0,0,3.05,1.25,0,0,0,0,19-APR-2021,
OPTSTK,BHEL,24-Jun-2021,60,CE,0,0,0,2.8,1.1,0,0,0,0,19-APR-2021,
OPTSTK,BHEL,24-Jun-2021,61,CE,0,0,0,2.6,1,0,0,0,0,19-APR-2021,
OPTSTK,BHEL,24-Jun-2021,62,CE,0,0,0,2.4,0.9,0,0,0,0,19-APR-2021,
OPTSTK,BHEL,24-Jun-2021,63,CE,0,0,0,2.25,0.8,0,0,0,0,19-APR-2021,
OPTSTK,BHEL,24-Jun-2021,31,PE,0,0,0,0.5,0.55,0,0,0,0,19-APR-2021,
OPTSTK,BHEL,24-Jun-2021,32,PE,0,0,0,0.65,0.7,0,0,0,0,19-APR-2021,
OPTSTK,BHEL,24-Jun-2021,33,PE,0,0,0,0.8,0.85,0,0,0,0,19-APR-2021,
OPTSTK,BHEL,24-Jun-2021,34,PE,0,0,0,0.95,1.05,0,0,0,0,19-APR-2021,
OPTSTK,BHEL,24-Jun-2021,35,PE,0,0,0,1.15,1.3,0,0,0,0,19-APR-2021,
OPTSTK,BHEL,24-Jun-2021,36,PE,0,0,0,1.35,1.55,0,0,0,0,19-APR-2021,
OPTSTK,BHEL,24-Jun-2021,37,PE,0,0,0,1.6,1.85,0,0,0,0,19-APR-2021,
OPTSTK,BHEL,24-Jun-2021,38,PE,0,0,0,1.8,2.2,0,0,0,0,19-APR-2021,
OPTSTK,BHEL,24-Jun-2021,39,PE,0,0,0,2.15,2.55,0,0,0,0,19-APR-2021,
OPTSTK,BHEL,24-Jun-2021,40,PE,0,0,0,2.45,2.95,0,0,0,0,19-APR-2021,
OPTSTK,BHEL,24-Jun-2021,41,PE,0,0,0,2.8,3.35,0,0,0,0,19-APR-2021,
OPTSTK,BHEL,24-Jun-2021,42,PE,0,0,0,3.15,3.8,0,0,0,0,19-APR-2021,
OPTSTK,BHEL,24-Jun-2021,43,PE,0,0,0,3.55,4.3,0,0,0,0,19-APR-2021,
OPTSTK,BHEL,24-Jun-2021,44,PE,0,0,0,4,4.85,0,0,0,0,19-APR-2021,
OPTSTK,BHEL,24-Jun-2021,45,PE,0,0,0,4.45,5.4,0,0,0,0,19-APR-2021,
OPTSTK,BHEL,24-Jun-2021,46,PE,0,0,0,4.95,6,0,0,0,0,19-APR-2021,
OPTSTK,BHEL,24-Jun-2021,47,PE,0,0,0,5.45,6.6,0,0,0,0,19-APR-2021,
OPTSTK,BHEL,24-Jun-2021,48,PE,0,0,0,5.95,7.25,0,0,0,0,19-APR-2021,
OPTSTK,BHEL,24-Jun-2021,49,PE,0,0,0,6.55,7.9,0,0,0,0,19-APR-2021,
OPTSTK,BHEL,24-Jun-2021,50,PE,0,0,0,7.1,8.6,0,0,0,0,19-APR-2021,
OPTSTK,BHEL,24-Jun-2021,51,PE,0,0,0,7.7,9.35,0,0,0,0,19-APR-2021,
OPTSTK,BHEL,24-Jun-2021,52,PE,0,0,0,8.35,10.1,0,0,0,0,19-APR-2021,
OPTSTK,BHEL,24-Jun-2021,53,PE,0,0,0,9,10.85,0,0,0,0,19-APR-2021,
OPTSTK,BHEL,24-Jun-2021,54,PE,0,0,0,9.65,11.65,0,0,0,0,19-APR-2021,
OPTSTK,BHEL,24-Jun-2021,55,PE,0,0,0,10.35,12.45,0,0,0,0,19-APR-2021,
OPTSTK,BHEL,24-Jun-2021,56,PE,0,0,0,11.05,13.25,0,0,0,0,19-APR-2021,
OPTSTK,BHEL,24-Jun-2021,57,PE,0,0,0,11.75,14.1,0,0,0,0,19-APR-2021,
OPTSTK,BHEL,24-Jun-2021,58,PE,0,0,0,12.5,14.9,0,0,0,0,19-APR-2021,
OPTSTK,BHEL,24-Jun-2021,59,PE,0,0,0,13.3,15.8,0,0,0,0,19-APR-2021,
OPTSTK,BHEL,24-Jun-2021,60,PE,0,0,0,14.05,16.65,0,0,0,0,19-APR-2021,
OPTSTK,BHEL,24-Jun-2021,61,PE,0,0,0,14.85,17.55,0,0,0,0,19-APR-2021,
OPTSTK,BHEL,24-Jun-2021,62,PE,0,0,0,15.65,18.45,0,0,0,0,19-APR-2021,
OPTSTK,BHEL,24-Jun-2021,63,PE,0,0,0,16.45,19.35,0,0,0,0,19-APR-2021,
OPTSTK,BIOCON,29-Apr-2021,275,CE,0,0,0,114.35,131.65,0,0,0,0,19-APR-2021,
OPTSTK,BIOCON,29-Apr-2021,280,CE,0,0,0,110.3,126.65,0,0,0,0,19-APR-2021,
OPTSTK,BIOCON,29-Apr-2021,285,CE,0,0,0,106.3,121.65,0,0,0,0,19-APR-2021,
OPTSTK,BIOCON,29-Apr-2021,290,CE,0,0,0,102.4,116.65,0,0,0,0,19-APR-2021,
OPTSTK,BIOCON,29-Apr-2021,295,CE,0,0,0,98.6,111.65,0,0,0,0,19-APR-2021,
OPTSTK,BIOCON,29-Apr-2021,300,CE,0,0,0,94.85,106.65,0,0,0,0,19-APR-2021,
OPTSTK,BIOCON,29-Apr-2021,305,CE,0,0,0,91.2,101.7,0,0,0,0,19-APR-2021,
OPTSTK,BIOCON,29-Apr-2021,310,CE,0,0,0,87.65,96.7,0,0,0,0,19-APR-2021,
OPTSTK,BIOCON,29-Apr-2021,315,CE,0,0,0,84.15,91.7,0,0,0,0,19-APR-2021,
OPTSTK,BIOCON,29-Apr-2021,320,CE,0,0,0,80.1,86.75,0,0,2300,0,19-APR-2021,
OPTSTK,BIOCON,29-Apr-2021,325,CE,0,0,0,77.5,81.75,0,0,0,0,19-APR-2021,
OPTSTK,BIOCON,29-Apr-2021,330,CE,0,0,0,74.3,76.8,0,0,0,0,19-APR-2021,
OPTSTK,BIOCON,29-Apr-2021,335,CE,0,0,0,71.2,71.9,0,0,0,0,19-APR-2021,
OPTSTK,BIOCON,29-Apr-2021,340,CE,0,0,0,68.2,67.05,0,0,0,0,19-APR-2021,
OPTSTK,BIOCON,29-Apr-2021,345,CE,0,0,0,65.25,62.2,0,0,0,0,19-APR-2021,
OPTSTK,BIOCON,29-Apr-2021,350,CE,0,0,0,66,57.45,0,0,2300,0,19-APR-2021,
OPTSTK,BIOCON,29-Apr-2021,355,CE,0,0,0,59.7,52.75,0,0,0,0,19-APR-2021,
OPTSTK,BIOCON,29-Apr-2021,360,CE,0,0,0,57.1,48.2,0,0,0,0,19-APR-2021,
OPTSTK,BIOCON,29-Apr-2021,365,CE,0,0,0,54.55,43.75,0,0,0,0,19-APR-2021,
OPTSTK,BIOCON,29-Apr-2021,370,CE,0,0,0,52.1,39.5,0,0,0,0,19-APR-2021,
OPTSTK,BIOCON,29-Apr-2021,375,CE,0,0,0,49.7,35.4,0,0,0,0,19-APR-2021,
OPTSTK,BIOCON,29-Apr-2021,380,CE,0,0,0,26.85,31.5,0,0,23000,0,19-APR-2021,
OPTSTK,BIOCON,29-Apr-2021,385,CE,0,0,0,45.25,27.8,0,0,0,0,19-APR-2021,
OPTSTK,BIOCON,29-Apr-2021,390,CE,20,23,20,23,24.4,2,18.92,52900,2300,19-APR-2021,
OPTSTK,BIOCON,29-Apr-2021,395,CE,0,0,0,18.75,21.2,0,0,27600,0,19-APR-2021,
OPTSTK,BIOCON,29-Apr-2021,400,CE,14.6,19.15,12.5,17.35,17.35,359,3440.5,349600,80500,19-APR-2021,
OPTSTK,BIOCON,29-Apr-2021,405,CE,17,17,11.65,14.45,14.45,262,2527.22,142600,52900,19-APR-2021,
OPTSTK,BIOCON,29-Apr-2021,410,CE,11.6,14.2,8.45,12.3,12.3,1454,14128.19,742900,395600,19-APR-2021,
OPTSTK,BIOCON,29-Apr-2021,415,CE,9.05,12,7,10.45,10.45,286,2797.31,363400,75900,19-APR-2021,
OPTSTK,BIOCON,29-Apr-2021,420,CE,10.55,10.55,5.75,8.75,8.75,1120,11039.43,1311000,213900,19-APR-2021,
OPTSTK,BIOCON,29-Apr-2021,425,CE,6.1,8.65,4.85,7.3,7.3,199,1977.12,246100,-9200,19-APR-2021,
OPTSTK,BIOCON,29-Apr-2021,430,CE,7.15,7.4,4.1,6.2,6.2,465,4663.23,844100,46000,19-APR-2021,
OPTSTK,BIOCON,29-Apr-2021,435,CE,4.75,5.95,4.35,5,5,33,333.95,110400,9200,19-APR-2021,
OPTSTK,BIOCON,29-Apr-2021,440,CE,5.35,5.4,2.9,4.35,4.35,448,4577.97,552000,34500,19-APR-2021,
OPTSTK,BIOCON,29-Apr-2021,445,CE,0,0,0,24.85,3.35,0,0,0,0,19-APR-2021,
OPTSTK,BIOCON,29-Apr-2021,450,CE,3.45,4,2.15,3.05,3.05,527,5492.86,717600,36800,19-APR-2021,
OPTSTK,BIOCON,29-Apr-2021,455,CE,0,0,0,22.4,2.1,0,0,0,0,19-APR-2021,
OPTSTK,BIOCON,29-Apr-2021,460,CE,2.45,2.9,1.6,2.1,2.1,253,2689.44,563500,57500,19-APR-2021,
OPTSTK,BIOCON,29-Apr-2021,465,CE,0,0,0,20.15,1.3,0,0,0,0,19-APR-2021,
OPTSTK,BIOCON,29-Apr-2021,470,CE,1.8,2.15,1.4,1.65,1.65,56,607.55,174800,9200,19-APR-2021,
OPTSTK,BIOCON,29-Apr-2021,475,CE,0,0,0,18.1,0.75,0,0,0,0,19-APR-2021,
OPTSTK,BIOCON,29-Apr-2021,480,CE,1.4,1.75,1,1.25,1.25,119,1317.44,197800,27600,19-APR-2021,
OPTSTK,BIOCON,29-Apr-2021,485,CE,0,0,0,16.25,0.45,0,0,0,0,19-APR-2021,
OPTSTK,BIOCON,29-Apr-2021,490,CE,1.45,1.45,0.85,1,1,60,677.73,112700,75900,19-APR-2021,
OPTSTK,BIOCON,29-Apr-2021,495,CE,0,0,0,14.6,0.25,0,0,0,0,19-APR-2021,
OPTSTK,BIOCON,29-Apr-2021,500,CE,0.9,1.3,0.75,0.9,0.9,118,1359.62,255300,43700,19-APR-2021,
OPTSTK,BIOCON,29-Apr-2021,505,CE,0,0,0,13.05,0.15,0,0,0,0,19-APR-2021,
OPTSTK,BIOCON,29-Apr-2021,510,CE,0,0,0,0.75,0.1,0,0,6900,0,19-APR-2021,
OPTSTK,BIOCON,29-Apr-2021,515,CE,0,0,0,11.7,0.1,0,0,0,0,19-APR-2021,
OPTSTK,BIOCON,29-Apr-2021,520,CE,0.25,0.25,0.25,0.25,0.05,1,11.96,27600,-2300,19-APR-2021,
OPTSTK,BIOCON,29-Apr-2021,525,CE,0,0,0,10.5,0.05,0,0,0,0,19-APR-2021,
OPTSTK,BIOCON,29-Apr-2021,530,CE,0,0,0,9.9,0.05,0,0,0,0,19-APR-2021,
OPTSTK,BIOCON,29-Apr-2021,535,CE,0,0,0,9.35,0.05,0,0,0,0,19-APR-2021,
OPTSTK,BIOCON,29-Apr-2021,540,CE,0,0,0,8.85,0.05,0,0,0,0,19-APR-2021,
OPTSTK,BIOCON,29-Apr-2021,545,CE,0,0,0,8.35,0.05,0,0,0,0,19-APR-2021,
OPTSTK,BIOCON,29-Apr-2021,550,CE,0,0,0,0.5,0.05,0,0,2300,0,19-APR-2021,
OPTSTK,BIOCON,29-Apr-2021,555,CE,0,0,0,7.5,0,0,0,0,0,19-APR-2021,
OPTSTK,BIOCON,29-Apr-2021,560,CE,0,0,0,7.05,0,0,0,0,0,19-APR-2021,
OPTSTK,BIOCON,29-Apr-2021,565,CE,0,0,0,6.7,0,0,0,0,0,19-APR-2021,
OPTSTK,BIOCON,29-Apr-2021,570,CE,0,0,0,6.3,0,0,0,0,0,19-APR-2021,
OPTSTK,BIOCON,29-Apr-2021,275,PE,0,0,0,6.7,0,0,0,0,0,19-APR-2021,
OPTSTK,BIOCON,29-Apr-2021,280,PE,0,0,0,7.6,0,0,0,0,0,19-APR-2021,
OPTSTK,BIOCON,29-Apr-2021,285,PE,0,0,0,8.55,0,0,0,0,0,19-APR-2021,
OPTSTK,BIOCON,29-Apr-2021,290,PE,0,0,0,9.6,0,0,0,0,0,19-APR-2021,
OPTSTK,BIOCON,29-Apr-2021,295,PE,0,0,0,10.75,0,0,0,0,0,19-APR-2021,
OPTSTK,BIOCON,29-Apr-2021,300,PE,0.4,0.4,0.4,0.4,0,1,6.9,46000,0,19-APR-2021,
OPTSTK,BIOCON,29-Apr-2021,305,PE,0,0,0,13.3,0.05,0,0,0,0,19-APR-2021,
OPTSTK,BIOCON,29-Apr-2021,310,PE,0,0,0,14.65,0.05,0,0,0,0,19-APR-2021,
OPTSTK,BIOCON,29-Apr-2021,315,PE,0,0,0,16.15,0.05,0,0,0,0,19-APR-2021,
OPTSTK,BIOCON,29-Apr-2021,320,PE,0,0,0,17.75,0.05,0,0,0,0,19-APR-2021,
OPTSTK,BIOCON,29-Apr-2021,325,PE,0,0,0,19.4,0.1,0,0,0,0,19-APR-2021,
OPTSTK,BIOCON,29-Apr-2021,330,PE,0,0,0,21.15,0.15,0,0,0,0,19-APR-2021,
OPTSTK,BIOCON,29-Apr-2021,335,PE,0,0,0,23,0.2,0,0,0,0,19-APR-2021,
OPTSTK,BIOCON,29-Apr-2021,340,PE,0,0,0,24.95,0.35,0,0,0,0,19-APR-2021,
OPTSTK,BIOCON,29-Apr-2021,345,PE,0,0,0,27,0.5,0,0,0,0,19-APR-2021,
OPTSTK,BIOCON,29-Apr-2021,350,PE,0.6,0.85,0.6,0.75,0.75,11,88.74,200100,-9200,19-APR-2021,
OPTSTK,BIOCON,29-Apr-2021,355,PE,0,0,0,31.35,1.05,0,0,0,0,19-APR-2021,
OPTSTK,BIOCON,29-Apr-2021,360,PE,2,2,0.95,1.2,1.2,274,2276.48,315100,151800,19-APR-2021,
OPTSTK,BIOCON,29-Apr-2021,365,PE,0,0,0,2.4,2.05,0,0,0,0,19-APR-2021,
OPTSTK,BIOCON,29-Apr-2021,370,PE,2.5,2.65,2.1,2.1,2.75,17,145.58,165600,25300,19-APR-2021,
OPTSTK,BIOCON,29-Apr-2021,375,PE,0,0,0,1.3,3.65,0,0,23000,0,19-APR-2021,
OPTSTK,BIOCON,29-Apr-2021,380,PE,2.9,4.55,2.9,3.6,3.6,196,1729.67,338100,48300,19-APR-2021,
OPTSTK,BIOCON,29-Apr-2021,385,PE,0,0,0,2.65,6.1,0,0,112700,0,19-APR-2021,
OPTSTK,BIOCON,29-Apr-2021,390,PE,5.1,7.6,5.1,6,6,248,2259.5,296700,-2300,19-APR-2021,
OPTSTK,BIOCON,29-Apr-2021,395,PE,9.95,9.95,7.45,7.45,9.5,7,64.91,87400,-2300,19-APR-2021,
OPTSTK,BIOCON,29-Apr-2021,400,PE,8.6,12.1,8.55,9.6,9.6,351,3309.35,798100,96600,19-APR-2021,
OPTSTK,BIOCON,29-Apr-2021,405,PE,12.05,14.6,10.85,12,12,158,1516.92,121900,20700,19-APR-2021,
OPTSTK,BIOCON,29-Apr-2021,410,PE,15,18.15,13.35,14.75,14.75,151,1476.48,232300,-13800,19-APR-2021,
OPTSTK,BIOCON,29-Apr-2021,415,PE,17.7,21,16.65,17.35,17.35,23,228.93,73600,0,19-APR-2021,
OPTSTK,BIOCON,29-Apr-2021,420,PE,22.5,24.95,19.95,19.95,22.6,9,91.58,204700,-9200,19-APR-2021,
OPTSTK,BIOCON,29-Apr-2021,425,PE,26.75,27,25,25,25.95,7,72.68,18400,2300,19-APR-2021,
OPTSTK,BIOCON,29-Apr-2021,430,PE,30.7,30.75,28,29,29,6,63.46,59800,2300,19-APR-2021,
OPTSTK,BIOCON,29-Apr-2021,435,PE,0,0,0,78.4,33.4,0,0,0,0,19-APR-2021,
OPTSTK,BIOCON,29-Apr-2021,440,PE,0,0,0,30,37.4,0,0,39100,0,19-APR-2021,
OPTSTK,BIOCON,29-Apr-2021,445,PE,0,0,0,85.6,41.55,0,0,0,0,19-APR-2021,
OPTSTK,BIOCON,29-Apr-2021,450,PE,0,0,0,39,45.85,0,0,25300,0,19-APR-2021,
OPTSTK,BIOCON,29-Apr-2021,455,PE,0,0,0,93.05,50.3,0,0,0,0,19-APR-2021,
OPTSTK,BIOCON,29-Apr-2021,460,PE,0,0,0,96.9,54.85,0,0,0,0,19-APR-2021,
OPTSTK,BIOCON,29-Apr-2021,465,PE,0,0,0,100.75,59.45,0,0,0,0,19-APR-2021,
OPTSTK,BIOCON,29-Apr-2021,470,PE,0,0,0,58.5,64.15,0,0,0,0,19-APR-2021,
OPTSTK,BIOCON,29-Apr-2021,475,PE,0,0,0,108.6,68.95,0,0,0,0,19-APR-2021,
OPTSTK,BIOCON,29-Apr-2021,480,PE,0,0,0,112.6,73.75,0,0,0,0,19-APR-2021,
OPTSTK,BIOCON,29-Apr-2021,485,PE,0,0,0,72,78.6,0,0,2300,0,19-APR-2021,
OPTSTK,BIOCON,29-Apr-2021,490,PE,0,0,0,120.8,83.5,0,0,0,0,19-APR-2021,
OPTSTK,BIOCON,29-Apr-2021,495,PE,0,0,0,124.9,88.4,0,0,0,0,19-APR-2021,
OPTSTK,BIOCON,29-Apr-2021,500,PE,0,0,0,82,93.35,0,0,2300,0,19-APR-2021,
OPTSTK,BIOCON,29-Apr-2021,505,PE,0,0,0,133.3,98.3,0,0,0,0,19-APR-2021,
OPTSTK,BIOCON,29-Apr-2021,510,PE,0,0,0,137.55,103.25,0,0,0,0,19-APR-2021,
OPTSTK,BIOCON,29-Apr-2021,515,PE,0,0,0,141.85,108.2,0,0,0,0,19-APR-2021,
OPTSTK,BIOCON,29-Apr-2021,520,PE,0,0,0,146.15,113.2,0,0,0,0,19-APR-2021,
OPTSTK,BIOCON,29-Apr-2021,525,PE,0,0,0,150.5,118.2,0,0,0,0,19-APR-2021,
OPTSTK,BIOCON,29-Apr-2021,530,PE,0,0,0,154.9,123.15,0,0,0,0,19-APR-2021,
OPTSTK,BIOCON,29-Apr-2021,535,PE,0,0,0,159.3,128.15,0,0,0,0,19-APR-2021,
OPTSTK,BIOCON,29-Apr-2021,540,PE,0,0,0,163.75,133.15,0,0,0,0,19-APR-2021,
OPTSTK,BIOCON,29-Apr-2021,545,PE,0,0,0,168.25,138.15,0,0,0,0,19-APR-2021,
OPTSTK,BIOCON,29-Apr-2021,550,PE,0,0,0,172.7,143.15,0,0,0,0,19-APR-2021,
OPTSTK,BIOCON,29-Apr-2021,555,PE,0,0,0,177.25,148.1,0,0,0,0,19-APR-2021,
OPTSTK,BIOCON,29-Apr-2021,560,PE,0,0,0,181.8,153.1,0,0,0,0,19-APR-2021,
OPTSTK,BIOCON,29-Apr-2021,565,PE,0,0,0,186.35,158.1,0,0,0,0,19-APR-2021,
OPTSTK,BIOCON,29-Apr-2021,570,PE,0,0,0,190.95,163.1,0,0,0,0,19-APR-2021,
OPTSTK,BIOCON,27-May-2021,275,CE,0,0,0,129.85,132.7,0,0,0,0,19-APR-2021,
OPTSTK,BIOCON,27-May-2021,280,CE,0,0,0,125.55,127.85,0,0,0,0,19-APR-2021,
OPTSTK,BIOCON,27-May-2021,285,CE,0,0,0,121.3,122.95,0,0,0,0,19-APR-2021,
OPTSTK,BIOCON,27-May-2021,290,CE,0,0,0,117.15,118.15,0,0,0,0,19-APR-2021,
OPTSTK,BIOCON,27-May-2021,295,CE,0,0,0,113.05,113.35,0,0,0,0,19-APR-2021,
OPTSTK,BIOCON,27-May-2021,300,CE,0,0,0,109.05,108.6,0,0,0,0,19-APR-2021,
OPTSTK,BIOCON,27-May-2021,305,CE,0,0,0,105.1,103.9,0,0,0,0,19-APR-2021,
OPTSTK,BIOCON,27-May-2021,310,CE,0,0,0,101.25,99.25,0,0,0,0,19-APR-2021,
OPTSTK,BIOCON,27-May-2021,315,CE,0,0,0,97.5,94.65,0,0,0,0,19-APR-2021,
OPTSTK,BIOCON,27-May-2021,320,CE,0,0,0,93.8,90.15,0,0,0,0,19-APR-2021,
OPTSTK,BIOCON,27-May-2021,325,CE,0,0,0,90.2,85.7,0,0,0,0,19-APR-2021,
OPTSTK,BIOCON,27-May-2021,330,CE,0,0,0,86.7,81.35,0,0,0,0,19-APR-2021,
OPTSTK,BIOCON,27-May-2021,335,CE,0,0,0,83.3,77.1,0,0,0,0,19-APR-2021,
OPTSTK,BIOCON,27-May-2021,340,CE,0,0,0,79.95,72.95,0,0,0,0,19-APR-2021,
OPTSTK,BIOCON,27-May-2021,345,CE,0,0,0,76.7,68.9,0,0,0,0,19-APR-2021,
OPTSTK,BIOCON,27-May-2021,350,CE,0,0,0,73.55,64.95,0,0,0,0,19-APR-2021,
OPTSTK,BIOCON,27-May-2021,355,CE,0,0,0,70.5,61.15,0,0,0,0,19-APR-2021,
OPTSTK,BIOCON,27-May-2021,360,CE,0,0,0,67.5,57.45,0,0,0,0,19-APR-2021,
OPTSTK,BIOCON,27-May-2021,365,CE,0,0,0,64.65,53.85,0,0,0,0,19-APR-2021,
OPTSTK,BIOCON,27-May-2021,370,CE,0,0,0,61.85,50.4,0,0,0,0,19-APR-2021,
OPTSTK,BIOCON,27-May-2021,375,CE,0,0,0,59.15,47.1,0,0,0,0,19-APR-2021,
OPTSTK,BIOCON,27-May-2021,380,CE,0,0,0,56.55,43.95,0,0,0,0,19-APR-2021,
OPTSTK,BIOCON,27-May-2021,385,CE,0,0,0,54.05,40.9,0,0,0,0,19-APR-2021,
OPTSTK,BIOCON,27-May-2021,390,CE,0,0,0,51.6,38.05,0,0,0,0,19-APR-2021,
OPTSTK,BIOCON,27-May-2021,395,CE,0,0,0,49.3,35.3,0,0,0,0,19-APR-2021,
OPTSTK,BIOCON,27-May-2021,400,CE,0,0,0,33,32.7,0,0,0,0,19-APR-2021,
OPTSTK,BIOCON,27-May-2021,405,CE,0,0,0,44.85,30.2,0,0,0,0,19-APR-2021,
OPTSTK,BIOCON,27-May-2021,410,CE,24,24,24,24,27.9,1,9.98,4600,2300,19-APR-2021,
OPTSTK,BIOCON,27-May-2021,415,CE,0,0,0,40.75,25.7,0,0,0,0,19-APR-2021,
OPTSTK,BIOCON,27-May-2021,420,CE,0,0,0,38.8,23.65,0,0,0,0,19-APR-2021,
OPTSTK,BIOCON,27-May-2021,425,CE,0,0,0,36.95,21.7,0,0,0,0,19-APR-2021,
OPTSTK,BIOCON,27-May-2021,430,CE,15,16,14.25,15,15,6,61.41,13800,11500,19-APR-2021,
OPTSTK,BIOCON,27-May-2021,435,CE,0,0,0,33.45,18.2,0,0,0,0,19-APR-2021,
OPTSTK,BIOCON,27-May-2021,440,CE,0,0,0,31.85,16.65,0,0,0,0,19-APR-2021,
OPTSTK,BIOCON,27-May-2021,445,CE,0,0,0,30.25,15.2,0,0,0,0,19-APR-2021,
OPTSTK,BIOCON,27-May-2021,450,CE,7,7,7,7,13.85,1,10.51,2300,2300,19-APR-2021,
OPTSTK,BIOCON,27-May-2021,455,CE,0,0,0,27.35,12.6,0,0,0,0,19-APR-2021,
OPTSTK,BIOCON,27-May-2021,460,CE,0,0,0,25.95,11.45,0,0,0,0,19-APR-2021,
OPTSTK,BIOCON,27-May-2021,465,CE,0,0,0,24.65,10.4,0,0,0,0,19-APR-2021,
OPTSTK,BIOCON,27-May-2021,470,CE,0,0,0,23.4,9.4,0,0,0,0,19-APR-2021,
OPTSTK,BIOCON,27-May-2021,475,CE,0,0,0,22.25,8.5,0,0,0,0,19-APR-2021,
OPTSTK,BIOCON,27-May-2021,480,CE,0,0,0,21.1,7.7,0,0,0,0,19-APR-2021,
OPTSTK,BIOCON,27-May-2021,485,CE,0,0,0,20,6.95,0,0,0,0,19-APR-2021,
OPTSTK,BIOCON,27-May-2021,490,CE,0,0,0,18.95,6.25,0,0,0,0,19-APR-2021,
OPTSTK,BIOCON,27-May-2021,495,CE,0,0,0,18,5.65,0,0,0,0,19-APR-2021,
OPTSTK,BIOCON,27-May-2021,500,CE,3,8.95,1.7,3.5,5.05,22,254.78,48300,43700,19-APR-2021,
OPTSTK,BIOCON,27-May-2021,505,CE,0,0,0,16.15,4.55,0,0,0,0,19-APR-2021,
OPTSTK,BIOCON,27-May-2021,510,CE,0,0,0,15.3,4.05,0,0,0,0,19-APR-2021,
OPTSTK,BIOCON,27-May-2021,515,CE,0,0,0,14.5,3.65,0,0,0,0,19-APR-2021,
OPTSTK,BIOCON,27-May-2021,520,CE,0,0,0,13.7,3.25,0,0,0,0,19-APR-2021,
OPTSTK,BIOCON,27-May-2021,525,CE,0,0,0,13,2.9,0,0,0,0,19-APR-2021,
OPTSTK,BIOCON,27-May-2021,530,CE,0,0,0,12.3,2.6,0,0,0,0,19-APR-2021,
OPTSTK,BIOCON,27-May-2021,535,CE,0,0,0,11.6,2.3,0,0,0,0,19-APR-2021,
OPTSTK,BIOCON,27-May-2021,540,CE,0,0,0,11,2.05,0,0,0,0,19-APR-2021,
OPTSTK,BIOCON,27-May-2021,545,CE,0,0,0,10.4,1.85,0,0,0,0,19-APR-2021,
OPTSTK,BIOCON,27-May-2021,550,CE,0,0,0,9.85,1.65,0,0,0,0,19-APR-2021,
OPTSTK,BIOCON,27-May-2021,555,CE,0,0,0,9.3,1.45,0,0,0,0,19-APR-2021,
OPTSTK,BIOCON,27-May-2021,560,CE,0,0,0,8.8,1.3,0,0,0,0,19-APR-2021,
OPTSTK,BIOCON,27-May-2021,565,CE,0,0,0,8.3,1.15,0,0,0,0,19-APR-2021,
OPTSTK,BIOCON,27-May-2021,570,CE,0,0,0,7.85,1,0,0,0,0,19-APR-2021,
OPTSTK,BIOCON,27-May-2021,275,PE,0,0,0,4.45,0.3,0,0,0,0,19-APR-2021,
OPTSTK,BIOCON,27-May-2021,280,PE,0,0,0,5.15,0.4,0,0,0,0,19-APR-2021,
OPTSTK,BIOCON,27-May-2021,285,PE,0,0,0,5.85,0.5,0,0,0,0,19-APR-2021,
OPTSTK,BIOCON,27-May-2021,290,PE,0,0,0,6.65,0.65,0,0,0,0,19-APR-2021,
OPTSTK,BIOCON,27-May-2021,295,PE,0,0,0,7.5,0.85,0,0,0,0,19-APR-2021,
OPTSTK,BIOCON,27-May-2021,300,PE,0,0,0,1.05,1.1,0,0,2300,0,19-APR-2021,
OPTSTK,BIOCON,27-May-2021,305,PE,0,0,0,9.5,1.35,0,0,0,0,19-APR-2021,
OPTSTK,BIOCON,27-May-2021,310,PE,0,0,0,10.6,1.7,0,0,0,0,19-APR-2021,
OPTSTK,BIOCON,27-May-2021,315,PE,0,0,0,11.75,2.1,0,0,0,0,19-APR-2021,
OPTSTK,BIOCON,27-May-2021,320,PE,0,0,0,13.05,2.55,0,0,0,0,19-APR-2021,
OPTSTK,BIOCON,27-May-2021,325,PE,0,0,0,14.4,3.1,0,0,0,0,19-APR-2021,
OPTSTK,BIOCON,27-May-2021,330,PE,0,0,0,15.85,3.75,0,0,0,0,19-APR-2021,
OPTSTK,BIOCON,27-May-2021,335,PE,0,0,0,17.35,4.45,0,0,0,0,19-APR-2021,
OPTSTK,BIOCON,27-May-2021,340,PE,0,0,0,19,5.3,0,0,0,0,19-APR-2021,
OPTSTK,BIOCON,27-May-2021,345,PE,0,0,0,3.7,6.2,0,0,2300,0,19-APR-2021,
OPTSTK,BIOCON,27-May-2021,350,PE,5,5,5,5,7.25,1,8.16,2300,2300,19-APR-2021,
OPTSTK,BIOCON,27-May-2021,355,PE,0,0,0,24.4,8.4,0,0,0,0,19-APR-2021,
OPTSTK,BIOCON,27-May-2021,360,PE,5.45,5.75,4.75,5.75,9.7,4,33.61,20700,-4600,19-APR-2021,
OPTSTK,BIOCON,27-May-2021,365,PE,0,0,0,28.45,11.1,0,0,0,0,19-APR-2021,
OPTSTK,BIOCON,27-May-2021,370,PE,0,0,0,30.6,12.6,0,0,0,0,19-APR-2021,
OPTSTK,BIOCON,27-May-2021,375,PE,0,0,0,32.85,14.3,0,0,0,0,19-APR-2021,
OPTSTK,BIOCON,27-May-2021,380,PE,0,0,0,9.9,16.1,0,0,9200,0,19-APR-2021,
OPTSTK,BIOCON,27-May-2021,385,PE,0,0,0,37.65,18.05,0,0,0,0,19-APR-2021,
OPTSTK,BIOCON,27-May-2021,390,PE,0,0,0,10,20.15,0,0,6900,0,19-APR-2021,
OPTSTK,BIOCON,27-May-2021,395,PE,0,0,0,42.8,22.4,0,0,0,0,19-APR-2021,
OPTSTK,BIOCON,27-May-2021,400,PE,24.5,24.5,18,18,24.75,2,19.37,2300,2300,19-APR-2021,
OPTSTK,BIOCON,27-May-2021,405,PE,0,0,0,48.3,27.3,0,0,0,0,19-APR-2021,
OPTSTK,BIOCON,27-May-2021,410,PE,0,0,0,51.15,29.95,0,0,0,0,19-APR-2021,
OPTSTK,BIOCON,27-May-2021,415,PE,0,0,0,54.1,32.75,0,0,0,0,19-APR-2021,
OPTSTK,BIOCON,27-May-2021,420,PE,0,0,0,57.1,35.65,0,0,0,0,19-APR-2021,
OPTSTK,BIOCON,27-May-2021,425,PE,0,0,0,60.2,38.7,0,0,0,0,19-APR-2021,
OPTSTK,BIOCON,27-May-2021,430,PE,0,0,0,63.4,41.9,0,0,0,0,19-APR-2021,
OPTSTK,BIOCON,27-May-2021,435,PE,0,0,0,66.65,45.2,0,0,0,0,19-APR-2021,
OPTSTK,BIOCON,27-May-2021,440,PE,0,0,0,69.95,48.6,0,0,0,0,19-APR-2021,
OPTSTK,BIOCON,27-May-2021,445,PE,0,0,0,73.35,52.1,0,0,0,0,19-APR-2021,
OPTSTK,BIOCON,27-May-2021,450,PE,0,0,0,76.8,55.75,0,0,0,0,19-APR-2021,
OPTSTK,BIOCON,27-May-2021,455,PE,0,0,0,80.3,59.5,0,0,0,0,19-APR-2021,
OPTSTK,BIOCON,27-May-2021,460,PE,0,0,0,83.9,63.35,0,0,0,0,19-APR-2021,
OPTSTK,BIOCON,27-May-2021,465,PE,0,0,0,87.55,67.25,0,0,0,0,19-APR-2021,
OPTSTK,BIOCON,27-May-2021,470,PE,0,0,0,91.25,71.25,0,0,0,0,19-APR-2021,
OPTSTK,BIOCON,27-May-2021,475,PE,0,0,0,95,75.3,0,0,0,0,19-APR-2021,
OPTSTK,BIOCON,27-May-2021,480,PE,0,0,0,98.8,79.5,0,0,0,0,19-APR-2021,
OPTSTK,BIOCON,27-May-2021,485,PE,0,0,0,102.7,83.7,0,0,0,0,19-APR-2021,
OPTSTK,BIOCON,27-May-2021,490,PE,0,0,0,106.6,88,0,0,0,0,19-APR-2021,
OPTSTK,BIOCON,27-May-2021,495,PE,0,0,0,110.6,92.35,0,0,0,0,19-APR-2021,
OPTSTK,BIOCON,27-May-2021,500,PE,0,0,0,114.6,96.75,0,0,0,0,19-APR-2021,
OPTSTK,BIOCON,27-May-2021,505,PE,0,0,0,118.65,101.25,0,0,0,0,19-APR-2021,
OPTSTK,BIOCON,27-May-2021,510,PE,0,0,0,122.75,105.75,0,0,0,0,19-APR-2021,
OPTSTK,BIOCON,27-May-2021,515,PE,0,0,0,126.9,110.3,0,0,0,0,19-APR-2021,
OPTSTK,BIOCON,27-May-2021,520,PE,0,0,0,131.05,114.9,0,0,0,0,19-APR-2021,
OPTSTK,BIOCON,27-May-2021,525,PE,0,0,0,135.3,119.5,0,0,0,0,19-APR-2021,
OPTSTK,BIOCON,27-May-2021,530,PE,0,0,0,139.55,124.2,0,0,0,0,19-APR-2021,
OPTSTK,BIOCON,27-May-2021,535,PE,0,0,0,143.85,128.9,0,0,0,0,19-APR-2021,
OPTSTK,BIOCON,27-May-2021,540,PE,0,0,0,148.15,133.6,0,0,0,0,19-APR-2021,
OPTSTK,BIOCON,27-May-2021,545,PE,0,0,0,152.5,138.35,0,0,0,0,19-APR-2021,
OPTSTK,BIOCON,27-May-2021,550,PE,0,0,0,156.9,143.15,0,0,0,0,19-APR-2021,
OPTSTK,BIOCON,27-May-2021,555,PE,0,0,0,161.35,147.95,0,0,0,0,19-APR-2021,
OPTSTK,BIOCON,27-May-2021,560,PE,0,0,0,165.75,152.75,0,0,0,0,19-APR-2021,
OPTSTK,BIOCON,27-May-2021,565,PE,0,0,0,170.25,157.6,0,0,0,0,19-APR-2021,
OPTSTK,BIOCON,27-May-2021,570,PE,0,0,0,174.75,162.45,0,0,0,0,19-APR-2021,
OPTSTK,BIOCON,24-Jun-2021,275,CE,0,0,0,129.9,134.7,0,0,0,0,19-APR-2021,
OPTSTK,BIOCON,24-Jun-2021,280,CE,0,0,0,125.55,130,0,0,0,0,19-APR-2021,
OPTSTK,BIOCON,24-Jun-2021,285,CE,0,0,0,121.25,125.4,0,0,0,0,19-APR-2021,
OPTSTK,BIOCON,24-Jun-2021,290,CE,0,0,0,117.05,120.85,0,0,0,0,19-APR-2021,
OPTSTK,BIOCON,24-Jun-2021,295,CE,0,0,0,112.9,116.35,0,0,0,0,19-APR-2021,
OPTSTK,BIOCON,24-Jun-2021,300,CE,0,0,0,108.8,111.95,0,0,0,0,19-APR-2021,
OPTSTK,BIOCON,24-Jun-2021,305,CE,0,0,0,104.8,107.55,0,0,0,0,19-APR-2021,
OPTSTK,BIOCON,24-Jun-2021,310,CE,0,0,0,100.9,103.3,0,0,0,0,19-APR-2021,
OPTSTK,BIOCON,24-Jun-2021,315,CE,0,0,0,97.05,99.05,0,0,0,0,19-APR-2021,
OPTSTK,BIOCON,24-Jun-2021,320,CE,0,0,0,93.3,94.95,0,0,0,0,19-APR-2021,
OPTSTK,BIOCON,24-Jun-2021,325,CE,0,0,0,89.65,90.9,0,0,0,0,19-APR-2021,
OPTSTK,BIOCON,24-Jun-2021,330,CE,0,0,0,86.1,86.95,0,0,0,0,19-APR-2021,
OPTSTK,BIOCON,24-Jun-2021,335,CE,0,0,0,82.6,83.05,0,0,0,0,19-APR-2021,
OPTSTK,BIOCON,24-Jun-2021,340,CE,0,0,0,79.2,79.3,0,0,0,0,19-APR-2021,
OPTSTK,BIOCON,24-Jun-2021,345,CE,0,0,0,75.9,75.65,0,0,0,0,19-APR-2021,
OPTSTK,BIOCON,24-Jun-2021,350,CE,0,0,0,72.7,72.05,0,0,0,0,19-APR-2021,
OPTSTK,BIOCON,24-Jun-2021,355,CE,0,0,0,69.55,68.6,0,0,0,0,19-APR-2021,
OPTSTK,BIOCON,24-Jun-2021,360,CE,0,0,0,66.55,65.2,0,0,0,0,19-APR-2021,
OPTSTK,BIOCON,24-Jun-2021,365,CE,0,0,0,63.65,61.95,0,0,0,0,19-APR-2021,
OPTSTK,BIOCON,24-Jun-2021,370,CE,0,0,0,60.8,58.8,0,0,0,0,19-APR-2021,
OPTSTK,BIOCON,24-Jun-2021,375,CE,0,0,0,58.05,55.8,0,0,0,0,19-APR-2021,
OPTSTK,BIOCON,24-Jun-2021,380,CE,0,0,0,55.45,52.85,0,0,0,0,19-APR-2021,
OPTSTK,BIOCON,24-Jun-2021,385,CE,0,0,0,52.9,50.05,0,0,0,0,19-APR-2021,
OPTSTK,BIOCON,24-Jun-2021,390,CE,0,0,0,50.4,47.35,0,0,0,0,19-APR-2021,
OPTSTK,BIOCON,24-Jun-2021,395,CE,0,0,0,48.05,44.75,0,0,0,0,19-APR-2021,
OPTSTK,BIOCON,24-Jun-2021,400,CE,0,0,0,45.75,42.25,0,0,0,0,19-APR-2021,
OPTSTK,BIOCON,24-Jun-2021,405,CE,0,0,0,43.6,39.85,0,0,0,0,19-APR-2021,
OPTSTK,BIOCON,24-Jun-2021,410,CE,0,0,0,41.45,37.55,0,0,0,0,19-APR-2021,
OPTSTK,BIOCON,24-Jun-2021,415,CE,0,0,0,39.45,35.4,0,0,0,0,19-APR-2021,
OPTSTK,BIOCON,24-Jun-2021,420,CE,0,0,0,37.5,33.3,0,0,0,0,19-APR-2021,
OPTSTK,BIOCON,24-Jun-2021,425,CE,0,0,0,35.65,31.3,0,0,0,0,19-APR-2021,
OPTSTK,BIOCON,24-Jun-2021,430,CE,0,0,0,33.85,29.4,0,0,0,0,19-APR-2021,
OPTSTK,BIOCON,24-Jun-2021,435,CE,0,0,0,32.15,27.65,0,0,0,0,19-APR-2021,
OPTSTK,BIOCON,24-Jun-2021,440,CE,0,0,0,30.5,25.9,0,0,0,0,19-APR-2021,
OPTSTK,BIOCON,24-Jun-2021,445,CE,0,0,0,28.95,24.3,0,0,0,0,19-APR-2021,
OPTSTK,BIOCON,24-Jun-2021,450,CE,0,0,0,27.45,22.75,0,0,0,0,19-APR-2021,
OPTSTK,BIOCON,24-Jun-2021,455,CE,0,0,0,26,21.3,0,0,0,0,19-APR-2021,
OPTSTK,BIOCON,24-Jun-2021,460,CE,0,0,0,24.65,19.95,0,0,0,0,19-APR-2021,
OPTSTK,BIOCON,24-Jun-2021,465,CE,0,0,0,23.35,18.65,0,0,0,0,19-APR-2021,
OPTSTK,BIOCON,24-Jun-2021,470,CE,0,0,0,22.15,17.45,0,0,0,0,19-APR-2021,
OPTSTK,BIOCON,24-Jun-2021,475,CE,0,0,0,20.95,16.3,0,0,0,0,19-APR-2021,
OPTSTK,BIOCON,24-Jun-2021,480,CE,0,0,0,19.85,15.2,0,0,0,0,19-APR-2021,
OPTSTK,BIOCON,24-Jun-2021,485,CE,0,0,0,18.75,14.2,0,0,0,0,19-APR-2021,
OPTSTK,BIOCON,24-Jun-2021,490,CE,0,0,0,17.75,13.25,0,0,0,0,19-APR-2021,
OPTSTK,BIOCON,24-Jun-2021,495,CE,0,0,0,16.8,12.3,0,0,0,0,19-APR-2021,
OPTSTK,BIOCON,24-Jun-2021,500,CE,0,0,0,15.85,11.45,0,0,0,0,19-APR-2021,
OPTSTK,BIOCON,24-Jun-2021,505,CE,0,0,0,14.95,10.7,0,0,0,0,19-APR-2021,
OPTSTK,BIOCON,24-Jun-2021,510,CE,0,0,0,14.15,9.95,0,0,0,0,19-APR-2021,
OPTSTK,BIOCON,24-Jun-2021,515,CE,0,0,0,13.35,9.25,0,0,0,0,19-APR-2021,
OPTSTK,BIOCON,24-Jun-2021,520,CE,0,0,0,12.6,8.6,0,0,0,0,19-APR-2021,
OPTSTK,BIOCON,24-Jun-2021,525,CE,0,0,0,11.9,7.95,0,0,0,0,19-APR-2021,
OPTSTK,BIOCON,24-Jun-2021,530,CE,0,0,0,11.25,7.4,0,0,0,0,19-APR-2021,
OPTSTK,BIOCON,24-Jun-2021,535,CE,0,0,0,10.6,6.85,0,0,0,0,19-APR-2021,
OPTSTK,BIOCON,24-Jun-2021,540,CE,0,0,0,10,6.35,0,0,0,0,19-APR-2021,
OPTSTK,BIOCON,24-Jun-2021,545,CE,0,0,0,9.4,5.9,0,0,0,0,19-APR-2021,
OPTSTK,BIOCON,24-Jun-2021,550,CE,0,0,0,8.9,5.45,0,0,0,0,19-APR-2021,
OPTSTK,BIOCON,24-Jun-2021,555,CE,0,0,0,8.35,5.05,0,0,0,0,19-APR-2021,
OPTSTK,BIOCON,24-Jun-2021,560,CE,0,0,0,7.9,4.7,0,0,0,0,19-APR-2021,
OPTSTK,BIOCON,24-Jun-2021,275,PE,0,0,0,3.85,1.45,0,0,0,0,19-APR-2021,
OPTSTK,BIOCON,24-Jun-2021,280,PE,0,0,0,4.45,1.8,0,0,0,0,19-APR-2021,
OPTSTK,BIOCON,24-Jun-2021,285,PE,0,0,0,5.1,2.15,0,0,0,0,19-APR-2021,
OPTSTK,BIOCON,24-Jun-2021,290,PE,0,0,0,5.85,2.55,0,0,0,0,19-APR-2021,
OPTSTK,BIOCON,24-Jun-2021,295,PE,0,0,0,6.65,3,0,0,0,0,19-APR-2021,
OPTSTK,BIOCON,24-Jun-2021,300,PE,0,0,0,7.5,3.55,0,0,0,0,19-APR-2021,
OPTSTK,BIOCON,24-Jun-2021,305,PE,0,0,0,8.45,4.15,0,0,0,0,19-APR-2021,
OPTSTK,BIOCON,24-Jun-2021,310,PE,0,0,0,9.5,4.85,0,0,0,0,19-APR-2021,
OPTSTK,BIOCON,24-Jun-2021,315,PE,0,0,0,10.65,5.6,0,0,0,0,19-APR-2021,
OPTSTK,BIOCON,24-Jun-2021,320,PE,0,0,0,11.85,6.4,0,0,0,0,19-APR-2021,
OPTSTK,BIOCON,24-Jun-2021,325,PE,0,0,0,13.15,7.35,0,0,0,0,19-APR-2021,
OPTSTK,BIOCON,24-Jun-2021,330,PE,0,0,0,14.5,8.35,0,0,0,0,19-APR-2021,
OPTSTK,BIOCON,24-Jun-2021,335,PE,0,0,0,16,9.45,0,0,0,0,19-APR-2021,
OPTSTK,BIOCON,24-Jun-2021,340,PE,0,0,0,17.55,10.65,0,0,0,0,19-APR-2021,
OPTSTK,BIOCON,24-Jun-2021,345,PE,0,0,0,19.2,11.95,0,0,0,0,19-APR-2021,
OPTSTK,BIOCON,24-Jun-2021,350,PE,0,0,0,20.95,13.35,0,0,0,0,19-APR-2021,
OPTSTK,BIOCON,24-Jun-2021,355,PE,0,0,0,22.75,14.85,0,0,0,0,19-APR-2021,
OPTSTK,BIOCON,24-Jun-2021,360,PE,0,0,0,24.7,16.45,0,0,0,0,19-APR-2021,
OPTSTK,BIOCON,24-Jun-2021,365,PE,0,0,0,26.75,18.15,0,0,0,0,19-APR-2021,
OPTSTK,BIOCON,24-Jun-2021,370,PE,0,0,0,28.85,19.95,0,0,0,0,19-APR-2021,
OPTSTK,BIOCON,24-Jun-2021,375,PE,0,0,0,31.1,21.9,0,0,0,0,19-APR-2021,
OPTSTK,BIOCON,24-Jun-2021,380,PE,0,0,0,33.4,23.95,0,0,0,0,19-APR-2021,
OPTSTK,BIOCON,24-Jun-2021,385,PE,0,0,0,35.8,26.1,0,0,0,0,19-APR-2021,
OPTSTK,BIOCON,24-Jun-2021,390,PE,0,0,0,38.3,28.35,0,0,0,0,19-APR-2021,
OPTSTK,BIOCON,24-Jun-2021,395,PE,0,0,0,40.9,30.7,0,0,0,0,19-APR-2021,
OPTSTK,BIOCON,24-Jun-2021,400,PE,0,0,0,43.55,33.2,0,0,0,0,19-APR-2021,
OPTSTK,BIOCON,24-Jun-2021,405,PE,0,0,0,46.3,35.75,0,0,0,0,19-APR-2021,
OPTSTK,BIOCON,24-Jun-2021,410,PE,0,0,0,49.15,38.45,0,0,0,0,19-APR-2021,
OPTSTK,BIOCON,24-Jun-2021,415,PE,0,0,0,52.1,41.2,0,0,0,0,19-APR-2021,
OPTSTK,BIOCON,24-Jun-2021,420,PE,0,0,0,55.1,44.1,0,0,0,0,19-APR-2021,
OPTSTK,BIOCON,24-Jun-2021,425,PE,0,0,0,58.2,47.1,0,0,0,0,19-APR-2021,
OPTSTK,BIOCON,24-Jun-2021,430,PE,0,0,0,61.35,50.15,0,0,0,0,19-APR-2021,
OPTSTK,BIOCON,24-Jun-2021,435,PE,0,0,0,64.6,53.35,0,0,0,0,19-APR-2021,
OPTSTK,BIOCON,24-Jun-2021,440,PE,0,0,0,67.9,56.6,0,0,0,0,19-APR-2021,
OPTSTK,BIOCON,24-Jun-2021,445,PE,0,0,0,71.3,59.95,0,0,0,0,19-APR-2021,
OPTSTK,BIOCON,24-Jun-2021,450,PE,0,0,0,74.75,63.4,0,0,0,0,19-APR-2021,
OPTSTK,BIOCON,24-Jun-2021,455,PE,0,0,0,78.3,66.9,0,0,0,0,19-APR-2021,
OPTSTK,BIOCON,24-Jun-2021,460,PE,0,0,0,81.85,70.5,0,0,0,0,19-APR-2021,
OPTSTK,BIOCON,24-Jun-2021,465,PE,0,0,0,85.5,74.2,0,0,0,0,19-APR-2021,
OPTSTK,BIOCON,24-Jun-2021,470,PE,0,0,0,89.25,77.9,0,0,0,0,19-APR-2021,
OPTSTK,BIOCON,24-Jun-2021,475,PE,0,0,0,93.05,81.75,0,0,0,0,19-APR-2021,
OPTSTK,BIOCON,24-Jun-2021,480,PE,0,0,0,96.85,85.6,0,0,0,0,19-APR-2021,
OPTSTK,BIOCON,24-Jun-2021,485,PE,0,0,0,100.75,89.55,0,0,0,0,19-APR-2021,
OPTSTK,BIOCON,24-Jun-2021,490,PE,0,0,0,104.7,93.6,0,0,0,0,19-APR-2021,
OPTSTK,BIOCON,24-Jun-2021,495,PE,0,0,0,108.65,97.6,0,0,0,0,19-APR-2021,
OPTSTK,BIOCON,24-Jun-2021,500,PE,0,0,0,112.7,101.75,0,0,0,0,19-APR-2021,
OPTSTK,BIOCON,24-Jun-2021,505,PE,0,0,0,116.75,105.9,0,0,0,0,19-APR-2021,
OPTSTK,BIOCON,24-Jun-2021,510,PE,0,0,0,120.9,110.15,0,0,0,0,19-APR-2021,
OPTSTK,BIOCON,24-Jun-2021,515,PE,0,0,0,125.05,114.4,0,0,0,0,19-APR-2021,
OPTSTK,BIOCON,24-Jun-2021,520,PE,0,0,0,129.25,118.7,0,0,0,0,19-APR-2021,
OPTSTK,BIOCON,24-Jun-2021,525,PE,0,0,0,133.5,123.05,0,0,0,0,19-APR-2021,
OPTSTK,BIOCON,24-Jun-2021,530,PE,0,0,0,137.8,127.45,0,0,0,0,19-APR-2021,
OPTSTK,BIOCON,24-Jun-2021,535,PE,0,0,0,142.1,131.9,0,0,0,0,19-APR-2021,
OPTSTK,BIOCON,24-Jun-2021,540,PE,0,0,0,146.45,136.35,0,0,0,0,19-APR-2021,
OPTSTK,BIOCON,24-Jun-2021,545,PE,0,0,0,150.85,140.85,0,0,0,0,19-APR-2021,
OPTSTK,BIOCON,24-Jun-2021,550,PE,0,0,0,155.25,145.4,0,0,0,0,19-APR-2021,
OPTSTK,BIOCON,24-Jun-2021,555,PE,0,0,0,159.7,149.95,0,0,0,0,19-APR-2021,
OPTSTK,BIOCON,24-Jun-2021,560,PE,0,0,0,164.2,154.55,0,0,0,0,19-APR-2021,
OPTSTK,BOSCHLTD,29-Apr-2021,10250,CE,0,0,0,5655.3,3273.05,0,0,0,0,19-APR-2021,
OPTSTK,BOSCHLTD,29-Apr-2021,10500,CE,0,0,0,5419.3,3023.35,0,0,0,0,19-APR-2021,
OPTSTK,BOSCHLTD,29-Apr-2021,10750,CE,0,0,0,5185.9,2773.8,0,0,0,0,19-APR-2021,
OPTSTK,BOSCHLTD,29-Apr-2021,11000,CE,0,0,0,4955.5,2524.65,0,0,0,0,19-APR-2021,
OPTSTK,BOSCHLTD,29-Apr-2021,11250,CE,0,0,0,4728.55,2276.35,0,0,0,0,19-APR-2021,
OPTSTK,BOSCHLTD,29-Apr-2021,11500,CE,0,0,0,4505.3,2029.75,0,0,0,0,19-APR-2021,
OPTSTK,BOSCHLTD,29-Apr-2021,11750,CE,0,0,0,4286.25,1786.4,0,0,0,0,19-APR-2021,
OPTSTK,BOSCHLTD,29-Apr-2021,12000,CE,0,0,0,4071.7,1548.5,0,0,0,0,19-APR-2021,
OPTSTK,BOSCHLTD,29-Apr-2021,12250,CE,0,0,0,3862,1319,0,0,0,0,19-APR-2021,
OPTSTK,BOSCHLTD,29-Apr-2021,12500,CE,0,0,0,3657.55,1101.5,0,0,0,0,19-APR-2021,
OPTSTK,BOSCHLTD,29-Apr-2021,12750,CE,0,0,0,3458.65,899.85,0,0,0,0,19-APR-2021,
OPTSTK,BOSCHLTD,29-Apr-2021,13000,CE,0,0,0,3265.5,717.45,0,0,0,0,19-APR-2021,
OPTSTK,BOSCHLTD,29-Apr-2021,13250,CE,0,0,0,3079,557.65,0,0,0,0,19-APR-2021,
OPTSTK,BOSCHLTD,29-Apr-2021,13500,CE,0,0,0,2898.15,421.75,0,0,0,0,19-APR-2021,
OPTSTK,BOSCHLTD,29-Apr-2021,13750,CE,0,0,0,2723.8,310.15,0,0,0,0,19-APR-2021,
OPTSTK,BOSCHLTD,29-Apr-2021,14000,CE,154.9,188.65,106.7,152.1,152.1,12,84.91,1900,50,19-APR-2021,
OPTSTK,BOSCHLTD,29-Apr-2021,14250,CE,0,0,0,2394.75,154.35,0,0,0,0,19-APR-2021,
OPTSTK,BOSCHLTD,29-Apr-2021,14500,CE,69.1,69.1,55,58.05,58.05,8,58.23,1550,200,19-APR-2021,
OPTSTK,BOSCHLTD,29-Apr-2021,14750,CE,0,0,0,2093.9,67.8,0,0,0,0,19-APR-2021,
OPTSTK,BOSCHLTD,29-Apr-2021,15000,CE,10,49.95,10,49.95,43.1,6,45.1,2250,100,19-APR-2021,
OPTSTK,BOSCHLTD,29-Apr-2021,15250,CE,0,0,0,1820.5,26.6,0,0,0,0,19-APR-2021,
OPTSTK,BOSCHLTD,29-Apr-2021,15500,CE,42.4,42.4,14.15,14.95,14.95,9,69.83,950,50,19-APR-2021,
OPTSTK,BOSCHLTD,29-Apr-2021,15750,CE,0,0,0,1574.15,9.3,0,0,0,0,19-APR-2021,
OPTSTK,BOSCHLTD,29-Apr-2021,16000,CE,15,15,10,11,5.3,6,48.03,1450,-100,19-APR-2021,
OPTSTK,BOSCHLTD,29-Apr-2021,16250,CE,0,0,0,1354.05,2.9,0,0,0,0,19-APR-2021,
OPTSTK,BOSCHLTD,29-Apr-2021,16500,CE,0,0,0,1253.45,1.6,0,0,0,0,19-APR-2021,
OPTSTK,BOSCHLTD,29-Apr-2021,16750,CE,0,0,0,1158.9,0.85,0,0,0,0,19-APR-2021,
OPTSTK,BOSCHLTD,29-Apr-2021,17000,CE,0,0,0,1070.2,0.45,0,0,0,0,19-APR-2021,
OPTSTK,BOSCHLTD,29-Apr-2021,17250,CE,0,0,0,987.15,0.25,0,0,0,0,19-APR-2021,
OPTSTK,BOSCHLTD,29-Apr-2021,17500,CE,0,0,0,909.55,0.1,0,0,0,0,19-APR-2021,
OPTSTK,BOSCHLTD,29-Apr-2021,17750,CE,0,0,0,837.05,0.05,0,0,0,0,19-APR-2021,
OPTSTK,BOSCHLTD,29-Apr-2021,18000,CE,0,0,0,10,0.05,0,0,50,0,19-APR-2021,
OPTSTK,BOSCHLTD,29-Apr-2021,18250,CE,0,0,0,707.55,0.05,0,0,0,0,19-APR-2021,
OPTSTK,BOSCHLTD,29-Apr-2021,18500,CE,0,0,0,649.4,0,0,0,0,0,19-APR-2021,
OPTSTK,BOSCHLTD,29-Apr-2021,18750,CE,0,0,0,595.45,0,0,0,0,0,19-APR-2021,
OPTSTK,BOSCHLTD,29-Apr-2021,19000,CE,0,0,0,545.55,0,0,0,0,0,19-APR-2021,
OPTSTK,BOSCHLTD,29-Apr-2021,19250,CE,0,0,0,498.65,0,0,0,0,0,19-APR-2021,
OPTSTK,BOSCHLTD,29-Apr-2021,19500,CE,0,0,0,455.9,0,0,0,0,0,19-APR-2021,
OPTSTK,BOSCHLTD,29-Apr-2021,10250,PE,0,0,0,38.3,0.05,0,0,0,0,19-APR-2021,
OPTSTK,BOSCHLTD,29-Apr-2021,10500,PE,0,0,0,49.95,0.1,0,0,0,0,19-APR-2021,
OPTSTK,BOSCHLTD,29-Apr-2021,10750,PE,0,0,0,64.25,0.35,0,0,0,0,19-APR-2021,
OPTSTK,BOSCHLTD,29-Apr-2021,11000,PE,0,0,0,81.55,0.95,0,0,0,0,19-APR-2021,
OPTSTK,BOSCHLTD,29-Apr-2021,11250,PE,0,0,0,102.25,2.35,0,0,0,0,19-APR-2021,
OPTSTK,BOSCHLTD,29-Apr-2021,11500,PE,0,0,0,126.7,5.55,0,0,0,0,19-APR-2021,
OPTSTK,BOSCHLTD,29-Apr-2021,11750,PE,0,0,0,155.3,11.95,0,0,0,0,19-APR-2021,
OPTSTK,BOSCHLTD,29-Apr-2021,12000,PE,48.85,48.85,30,30,30,3,18.05,250,150,19-APR-2021,
OPTSTK,BOSCHLTD,29-Apr-2021,12250,PE,0,0,0,226.45,44,0,0,0,0,19-APR-2021,
OPTSTK,BOSCHLTD,29-Apr-2021,12500,PE,0,0,0,40,76.25,0,0,550,0,19-APR-2021,
OPTSTK,BOSCHLTD,29-Apr-2021,12750,PE,0,0,0,318.45,124.35,0,0,0,0,19-APR-2021,
OPTSTK,BOSCHLTD,29-Apr-2021,13000,PE,125.05,125.05,105.45,120.05,120.05,9,59.03,3000,-200,19-APR-2021,
OPTSTK,BOSCHLTD,29-Apr-2021,13250,PE,0,0,0,434.2,281.7,0,0,0,0,19-APR-2021,
OPTSTK,BOSCHLTD,29-Apr-2021,13500,PE,0,0,0,330,395.55,0,0,50,0,19-APR-2021,
OPTSTK,BOSCHLTD,29-Apr-2021,13750,PE,0,0,0,574.4,533.65,0,0,0,0,19-APR-2021,
OPTSTK,BOSCHLTD,29-Apr-2021,14000,PE,565.55,595.95,565.55,588.25,588.25,3,21.87,2250,-150,19-APR-2021,
OPTSTK,BOSCHLTD,29-Apr-2021,14250,PE,0,0,0,740.7,877.4,0,0,0,0,19-APR-2021,
OPTSTK,BOSCHLTD,29-Apr-2021,14500,PE,0,0,0,942.8,1076.45,0,0,100,0,19-APR-2021,
OPTSTK,BOSCHLTD,29-Apr-2021,14750,PE,0,0,0,935.2,1290.35,0,0,0,0,19-APR-2021,
OPTSTK,BOSCHLTD,29-Apr-2021,15000,PE,0,0,0,1379.2,1515.35,0,0,200,0,19-APR-2021,
OPTSTK,BOSCHLTD,29-Apr-2021,15250,PE,0,0,0,1157.2,1748.6,0,0,0,0,19-APR-2021,
OPTSTK,BOSCHLTD,29-Apr-2021,15500,PE,0,0,0,1278.35,1987.75,0,0,0,0,19-APR-2021,
OPTSTK,BOSCHLTD,29-Apr-2021,15750,PE,0,0,0,1406.2,2230.85,0,0,0,0,19-APR-2021,
OPTSTK,BOSCHLTD,29-Apr-2021,16000,PE,0,0,0,1540.65,2476.6,0,0,0,0,19-APR-2021,
OPTSTK,BOSCHLTD,29-Apr-2021,16250,PE,0,0,0,1681.5,2723.95,0,0,0,0,19-APR-2021,
OPTSTK,BOSCHLTD,29-Apr-2021,16500,PE,0,0,0,1828.6,2972.4,0,0,0,0,19-APR-2021,
OPTSTK,BOSCHLTD,29-Apr-2021,16750,PE,0,0,0,1981.7,3221.4,0,0,0,0,19-APR-2021,
OPTSTK,BOSCHLTD,29-Apr-2021,17000,PE,0,0,0,2140.7,3470.75,0,0,0,0,19-APR-2021,
OPTSTK,BOSCHLTD,29-Apr-2021,17250,PE,0,0,0,2305.35,3720.3,0,0,0,0,19-APR-2021,
OPTSTK,BOSCHLTD,29-Apr-2021,17500,PE,0,0,0,2475.4,3969.95,0,0,0,0,19-APR-2021,
OPTSTK,BOSCHLTD,29-Apr-2021,17750,PE,0,0,0,2650.6,4219.65,0,0,0,0,19-APR-2021,
OPTSTK,BOSCHLTD,29-Apr-2021,18000,PE,0,0,0,2830.8,4469.35,0,0,0,0,19-APR-2021,
OPTSTK,BOSCHLTD,29-Apr-2021,18250,PE,0,0,0,3016.5,4719.1,0,0,0,0,19-APR-2021,
OPTSTK,BOSCHLTD,29-Apr-2021,18500,PE,0,0,0,3206,4968.85,0,0,0,0,19-APR-2021,
OPTSTK,BOSCHLTD,29-Apr-2021,18750,PE,0,0,0,3399.75,5218.6,0,0,0,0,19-APR-2021,
OPTSTK,BOSCHLTD,29-Apr-2021,19000,PE,0,0,0,3597.5,5468.35,0,0,0,0,19-APR-2021,
OPTSTK,BOSCHLTD,29-Apr-2021,19250,PE,0,0,0,3798.35,5718.1,0,0,0,0,19-APR-2021,
OPTSTK,BOSCHLTD,29-Apr-2021,19500,PE,0,0,0,4003.25,5967.85,0,0,0,0,19-APR-2021,
OPTSTK,BOSCHLTD,27-May-2021,10250,CE,0,0,0,5009.9,3322.3,0,0,0,0,19-APR-2021,
OPTSTK,BOSCHLTD,27-May-2021,10500,CE,0,0,0,4778.35,3083.55,0,0,0,0,19-APR-2021,
OPTSTK,BOSCHLTD,27-May-2021,10750,CE,0,0,0,4550.25,2848.9,0,0,0,0,19-APR-2021,
OPTSTK,BOSCHLTD,27-May-2021,11000,CE,0,0,0,4325.95,2619.3,0,0,0,0,19-APR-2021,
OPTSTK,BOSCHLTD,27-May-2021,11250,CE,0,0,0,4105.95,2395.95,0,0,0,0,19-APR-2021,
OPTSTK,BOSCHLTD,27-May-2021,11500,CE,0,0,0,3890.6,2179.9,0,0,0,0,19-APR-2021,
OPTSTK,BOSCHLTD,27-May-2021,11750,CE,0,0,0,3680.35,1972.3,0,0,0,0,19-APR-2021,
OPTSTK,BOSCHLTD,27-May-2021,12000,CE,0,0,0,3475.55,1774.2,0,0,0,0,19-APR-2021,
OPTSTK,BOSCHLTD,27-May-2021,12250,CE,0,0,0,3276.55,1587,0,0,0,0,19-APR-2021,
OPTSTK,BOSCHLTD,27-May-2021,12500,CE,0,0,0,3083.7,1410,0,0,0,0,19-APR-2021,
OPTSTK,BOSCHLTD,27-May-2021,12750,CE,0,0,0,2897.7,1245.7,0,0,0,0,19-APR-2021,
OPTSTK,BOSCHLTD,27-May-2021,13000,CE,0,0,0,2717.8,1093.8,0,0,0,0,19-APR-2021,
OPTSTK,BOSCHLTD,27-May-2021,13250,CE,0,0,0,2544.75,954.55,0,0,0,0,19-APR-2021,
OPTSTK,BOSCHLTD,27-May-2021,13500,CE,0,0,0,2378.2,827.8,0,0,0,0,19-APR-2021,
OPTSTK,BOSCHLTD,27-May-2021,13750,CE,0,0,0,2219.55,713.55,0,0,0,0,19-APR-2021,
OPTSTK,BOSCHLTD,27-May-2021,14000,CE,0,0,0,2068.1,611.3,0,0,0,0,19-APR-2021,
OPTSTK,BOSCHLTD,27-May-2021,14250,CE,0,0,0,1923.95,520.55,0,0,0,0,19-APR-2021,
OPTSTK,BOSCHLTD,27-May-2021,14500,CE,0,0,0,1787,440.65,0,0,0,0,19-APR-2021,
OPTSTK,BOSCHLTD,27-May-2021,14750,CE,0,0,0,1657.3,370.85,0,0,0,0,19-APR-2021,
OPTSTK,BOSCHLTD,27-May-2021,15000,CE,0,0,0,1534.6,311.15,0,0,0,0,19-APR-2021,
OPTSTK,BOSCHLTD,27-May-2021,15250,CE,0,0,0,1418.9,258.65,0,0,0,0,19-APR-2021,
OPTSTK,BOSCHLTD,27-May-2021,15500,CE,0,0,0,1310.05,214.15,0,0,0,0,19-APR-2021,
OPTSTK,BOSCHLTD,27-May-2021,15750,CE,0,0,0,1207.85,176.35,0,0,0,0,19-APR-2021,
OPTSTK,BOSCHLTD,27-May-2021,16000,CE,0,0,0,1112.05,144.5,0,0,0,0,19-APR-2021,
OPTSTK,BOSCHLTD,27-May-2021,16250,CE,0,0,0,1022.5,117.8,0,0,0,0,19-APR-2021,
OPTSTK,BOSCHLTD,27-May-2021,16500,CE,0,0,0,938.9,95.55,0,0,0,0,19-APR-2021,
OPTSTK,BOSCHLTD,27-May-2021,16750,CE,0,0,0,861.05,77.1,0,0,0,0,19-APR-2021,
OPTSTK,BOSCHLTD,27-May-2021,17000,CE,0,0,0,250,61.95,0,0,0,0,19-APR-2021,
OPTSTK,BOSCHLTD,27-May-2021,17250,CE,0,0,0,721.5,49.55,0,0,0,0,19-APR-2021,
OPTSTK,BOSCHLTD,27-May-2021,17500,CE,0,0,0,660.05,39.5,0,0,0,0,19-APR-2021,
OPTSTK,BOSCHLTD,27-May-2021,17750,CE,0,0,0,602.7,31.3,0,0,0,0,19-APR-2021,
OPTSTK,BOSCHLTD,27-May-2021,18000,CE,0,0,0,549.75,24.75,0,0,0,0,19-APR-2021,
OPTSTK,BOSCHLTD,27-May-2021,18250,CE,0,0,0,500.95,19.45,0,0,0,0,19-APR-2021,
OPTSTK,BOSCHLTD,27-May-2021,18500,CE,0,0,0,455.35,15.25,0,0,0,0,19-APR-2021,
OPTSTK,BOSCHLTD,27-May-2021,18750,CE,0,0,0,413.95,11.9,0,0,0,0,19-APR-2021,
OPTSTK,BOSCHLTD,27-May-2021,19000,CE,0,0,0,375.95,9.3,0,0,0,0,19-APR-2021,
OPTSTK,BOSCHLTD,27-May-2021,19250,CE,0,0,0,341.1,7.2,0,0,0,0,19-APR-2021,
OPTSTK,BOSCHLTD,27-May-2021,19500,CE,0,0,0,309.2,5.55,0,0,0,0,19-APR-2021,
OPTSTK,BOSCHLTD,27-May-2021,10250,PE,0,0,0,55.45,19.55,0,0,0,0,19-APR-2021,
OPTSTK,BOSCHLTD,27-May-2021,10500,PE,0,0,0,71.6,29.85,0,0,0,0,19-APR-2021,
OPTSTK,BOSCHLTD,27-May-2021,10750,PE,0,0,0,91.15,44.2,0,0,0,0,19-APR-2021,
OPTSTK,BOSCHLTD,27-May-2021,11000,PE,0,0,0,114.55,63.65,0,0,0,0,19-APR-2021,
OPTSTK,BOSCHLTD,27-May-2021,11250,PE,0,0,0,142.2,89.3,0,0,0,0,19-APR-2021,
OPTSTK,BOSCHLTD,27-May-2021,11500,PE,0,0,0,174.55,122.3,0,0,0,0,19-APR-2021,
OPTSTK,BOSCHLTD,27-May-2021,11750,PE,0,0,0,211.95,163.7,0,0,0,0,19-APR-2021,
OPTSTK,BOSCHLTD,27-May-2021,12000,PE,0,0,0,254.85,214.65,0,0,0,0,19-APR-2021,
OPTSTK,BOSCHLTD,27-May-2021,12250,PE,0,0,0,303.5,276.5,0,0,0,0,19-APR-2021,
OPTSTK,BOSCHLTD,27-May-2021,12500,PE,0,0,0,350,348.5,0,0,150,0,19-APR-2021,
OPTSTK,BOSCHLTD,27-May-2021,12750,PE,0,0,0,420,433.25,0,0,0,0,19-APR-2021,
OPTSTK,BOSCHLTD,27-May-2021,13000,PE,0,0,0,300,530.35,0,0,150,0,19-APR-2021,
OPTSTK,BOSCHLTD,27-May-2021,13250,PE,0,0,0,562.4,640.1,0,0,0,0,19-APR-2021,
OPTSTK,BOSCHLTD,27-May-2021,13500,PE,0,0,0,643.5,762.4,0,0,0,0,19-APR-2021,
OPTSTK,BOSCHLTD,27-May-2021,13750,PE,0,0,0,732.55,897.15,0,0,0,0,19-APR-2021,
OPTSTK,BOSCHLTD,27-May-2021,14000,PE,0,0,0,828.8,1043.95,0,0,0,0,19-APR-2021,
OPTSTK,BOSCHLTD,27-May-2021,14250,PE,0,0,0,932.3,1202.25,0,0,0,0,19-APR-2021,
OPTSTK,BOSCHLTD,27-May-2021,14500,PE,0,0,0,1043.05,1371.35,0,0,0,0,19-APR-2021,
OPTSTK,BOSCHLTD,27-May-2021,14750,PE,0,0,0,1160.95,1550.6,0,0,0,0,19-APR-2021,
OPTSTK,BOSCHLTD,27-May-2021,15000,PE,0,0,0,1285.95,1739.9,0,0,0,0,19-APR-2021,
OPTSTK,BOSCHLTD,27-May-2021,15250,PE,0,0,0,1417.95,1936.45,0,0,0,0,19-APR-2021,
OPTSTK,BOSCHLTD,27-May-2021,15500,PE,0,0,0,1556.75,2140.95,0,0,0,0,19-APR-2021,
OPTSTK,BOSCHLTD,27-May-2021,15750,PE,0,0,0,1702.2,2352.2,0,0,0,0,19-APR-2021,
OPTSTK,BOSCHLTD,27-May-2021,16000,PE,0,0,0,1854.1,2569.35,0,0,0,0,19-APR-2021,
OPTSTK,BOSCHLTD,27-May-2021,16250,PE,0,0,0,2012.2,2791.65,0,0,0,0,19-APR-2021,
OPTSTK,BOSCHLTD,27-May-2021,16500,PE,0,0,0,2176.3,3018.45,0,0,0,0,19-APR-2021,
OPTSTK,BOSCHLTD,27-May-2021,16750,PE,0,0,0,2346.1,3249.05,0,0,0,0,19-APR-2021,
OPTSTK,BOSCHLTD,27-May-2021,17000,PE,0,0,0,2521.4,3482.95,0,0,0,0,19-APR-2021,
OPTSTK,BOSCHLTD,27-May-2021,17250,PE,0,0,0,2701.9,3719.55,0,0,0,0,19-APR-2021,
OPTSTK,BOSCHLTD,27-May-2021,17500,PE,0,0,0,2888.15,3958.5,0,0,0,0,19-APR-2021,
OPTSTK,BOSCHLTD,27-May-2021,17750,PE,0,0,0,3078.45,4199.35,0,0,0,0,19-APR-2021,
OPTSTK,BOSCHLTD,27-May-2021,18000,PE,0,0,0,3273.2,4441.8,0,0,0,0,19-APR-2021,
OPTSTK,BOSCHLTD,27-May-2021,18250,PE,0,0,0,3472.05,4685.55,0,0,0,0,19-APR-2021,
OPTSTK,BOSCHLTD,27-May-2021,18500,PE,0,0,0,3674.15,4930.35,0,0,0,0,19-APR-2021,
OPTSTK,BOSCHLTD,27-May-2021,18750,PE,0,0,0,3880.4,5176.05,0,0,0,0,19-APR-2021,
OPTSTK,BOSCHLTD,27-May-2021,19000,PE,0,0,0,4090.1,5422.45,0,0,0,0,19-APR-2021,
OPTSTK,BOSCHLTD,27-May-2021,19250,PE,0,0,0,4302.9,5669.4,0,0,0,0,19-APR-2021,
OPTSTK,BOSCHLTD,27-May-2021,19500,PE,0,0,0,4518.7,5916.8,0,0,0,0,19-APR-2021,
OPTSTK,BOSCHLTD,24-Jun-2021,10250,CE,0,0,0,3655.9,3406.75,0,0,0,0,19-APR-2021,
OPTSTK,BOSCHLTD,24-Jun-2021,10500,CE,0,0,0,3440.05,3182.85,0,0,0,0,19-APR-2021,
OPTSTK,BOSCHLTD,24-Jun-2021,10750,CE,0,0,0,3229.95,2964.65,0,0,0,0,19-APR-2021,
OPTSTK,BOSCHLTD,24-Jun-2021,11000,CE,0,0,0,3026,2752.8,0,0,0,0,19-APR-2021,
OPTSTK,BOSCHLTD,24-Jun-2021,11250,CE,0,0,0,2828.7,2548,0,0,0,0,19-APR-2021,
OPTSTK,BOSCHLTD,24-Jun-2021,11500,CE,0,0,0,2638.4,2350.8,0,0,0,0,19-APR-2021,
OPTSTK,BOSCHLTD,24-Jun-2021,11750,CE,0,0,0,2455.85,2162.35,0,0,0,0,19-APR-2021,
OPTSTK,BOSCHLTD,24-Jun-2021,12000,CE,0,0,0,2280.5,1981.9,0,0,0,0,19-APR-2021,
OPTSTK,BOSCHLTD,24-Jun-2021,12250,CE,0,0,0,2112.55,1810.1,0,0,0,0,19-APR-2021,
OPTSTK,BOSCHLTD,24-Jun-2021,12500,CE,0,0,0,1953.35,1648.4,0,0,0,0,19-APR-2021,
OPTSTK,BOSCHLTD,24-Jun-2021,12750,CE,0,0,0,1802.35,1496.3,0,0,0,0,19-APR-2021,
OPTSTK,BOSCHLTD,24-Jun-2021,13000,CE,0,0,0,1659.55,1353.9,0,0,0,0,19-APR-2021,
OPTSTK,BOSCHLTD,24-Jun-2021,13250,CE,0,0,0,1524.9,1221.15,0,0,0,0,19-APR-2021,
OPTSTK,BOSCHLTD,24-Jun-2021,13500,CE,0,0,0,1398.35,1097.95,0,0,0,0,19-APR-2021,
OPTSTK,BOSCHLTD,24-Jun-2021,13750,CE,0,0,0,1279.85,984.15,0,0,0,0,19-APR-2021,
OPTSTK,BOSCHLTD,24-Jun-2021,14000,CE,0,0,0,1169.1,879.5,0,0,0,0,19-APR-2021,
OPTSTK,BOSCHLTD,24-Jun-2021,14250,CE,0,0,0,1065.95,783.65,0,0,0,0,19-APR-2021,
OPTSTK,BOSCHLTD,24-Jun-2021,14500,CE,0,0,0,970.1,696.25,0,0,0,0,19-APR-2021,
OPTSTK,BOSCHLTD,24-Jun-2021,14750,CE,0,0,0,881.3,616.85,0,0,0,0,19-APR-2021,
OPTSTK,BOSCHLTD,24-Jun-2021,15000,CE,0,0,0,799.25,545,0,0,0,0,19-APR-2021,
OPTSTK,BOSCHLTD,24-Jun-2021,15250,CE,0,0,0,723.65,480.9,0,0,0,0,19-APR-2021,
OPTSTK,BOSCHLTD,24-Jun-2021,15500,CE,0,0,0,654.1,422.9,0,0,0,0,19-APR-2021,
OPTSTK,BOSCHLTD,24-Jun-2021,15750,CE,0,0,0,591,371.05,0,0,0,0,19-APR-2021,
OPTSTK,BOSCHLTD,24-Jun-2021,16000,CE,0,0,0,532.8,324.1,0,0,0,0,19-APR-2021,
OPTSTK,BOSCHLTD,24-Jun-2021,16250,CE,0,0,0,479.65,282.85,0,0,0,0,19-APR-2021,
OPTSTK,BOSCHLTD,24-Jun-2021,16500,CE,0,0,0,431.2,246.25,0,0,0,0,19-APR-2021,
OPTSTK,BOSCHLTD,24-Jun-2021,16750,CE,0,0,0,386.5,213.95,0,0,0,0,19-APR-2021,
OPTSTK,BOSCHLTD,24-Jun-2021,17000,CE,0,0,0,346.4,185.45,0,0,0,0,19-APR-2021,
OPTSTK,BOSCHLTD,24-Jun-2021,17250,CE,0,0,0,310.1,160.4,0,0,0,0,19-APR-2021,
OPTSTK,BOSCHLTD,24-Jun-2021,17500,CE,0,0,0,277.2,138.5,0,0,0,0,19-APR-2021,
OPTSTK,BOSCHLTD,24-Jun-2021,17750,CE,0,0,0,247.5,119.3,0,0,0,0,19-APR-2021,
OPTSTK,BOSCHLTD,24-Jun-2021,18000,CE,0,0,0,220.75,102.6,0,0,0,0,19-APR-2021,
OPTSTK,BOSCHLTD,24-Jun-2021,18250,CE,0,0,0,196.65,88.1,0,0,0,0,19-APR-2021,
OPTSTK,BOSCHLTD,24-Jun-2021,18500,CE,0,0,0,175,75.45,0,0,0,0,19-APR-2021,
OPTSTK,BOSCHLTD,24-Jun-2021,18750,CE,0,0,0,155.6,64.55,0,0,0,0,19-APR-2021,
OPTSTK,BOSCHLTD,24-Jun-2021,19000,CE,0,0,0,138.15,55.15,0,0,0,0,19-APR-2021,
OPTSTK,BOSCHLTD,24-Jun-2021,19250,CE,0,0,0,122.6,47,0,0,0,0,19-APR-2021,
OPTSTK,BOSCHLTD,24-Jun-2021,19500,CE,0,0,0,108.65,40.05,0,0,0,0,19-APR-2021,
OPTSTK,BOSCHLTD,24-Jun-2021,10250,PE,0,0,0,122.5,74.7,0,0,0,0,19-APR-2021,
OPTSTK,BOSCHLTD,24-Jun-2021,10500,PE,0,0,0,154.35,99.1,0,0,0,0,19-APR-2021,
OPTSTK,BOSCHLTD,24-Jun-2021,10750,PE,0,0,0,191.9,129.2,0,0,0,0,19-APR-2021,
OPTSTK,BOSCHLTD,24-Jun-2021,11000,PE,0,0,0,235.65,165.65,0,0,0,0,19-APR-2021,
OPTSTK,BOSCHLTD,24-Jun-2021,11250,PE,0,0,0,286,209.15,0,0,0,0,19-APR-2021,
OPTSTK,BOSCHLTD,24-Jun-2021,11500,PE,0,0,0,343.4,260.3,0,0,0,0,19-APR-2021,
OPTSTK,BOSCHLTD,24-Jun-2021,11750,PE,0,0,0,408.55,320.15,0,0,0,0,19-APR-2021,
OPTSTK,BOSCHLTD,24-Jun-2021,12000,PE,0,0,0,480.85,388,0,0,0,0,19-APR-2021,
OPTSTK,BOSCHLTD,24-Jun-2021,12250,PE,0,0,0,560.55,464.5,0,0,0,0,19-APR-2021,
OPTSTK,BOSCHLTD,24-Jun-2021,12500,PE,0,0,0,649,551.15,0,0,0,0,19-APR-2021,
OPTSTK,BOSCHLTD,24-Jun-2021,12750,PE,0,0,0,745.7,647.35,0,0,0,0,19-APR-2021,
OPTSTK,BOSCHLTD,24-Jun-2021,13000,PE,0,0,0,850.55,753.25,0,0,0,0,19-APR-2021,
OPTSTK,BOSCHLTD,24-Jun-2021,13250,PE,0,0,0,963.6,868.8,0,0,0,0,19-APR-2021,
OPTSTK,BOSCHLTD,24-Jun-2021,13500,PE,0,0,0,1084.75,993.9,0,0,0,0,19-APR-2021,
OPTSTK,BOSCHLTD,24-Jun-2021,13750,PE,0,0,0,1213.9,1128.45,0,0,0,0,19-APR-2021,
OPTSTK,BOSCHLTD,24-Jun-2021,14000,PE,0,0,0,1350.8,1272.1,0,0,0,0,19-APR-2021,
OPTSTK,BOSCHLTD,24-Jun-2021,14250,PE,0,0,0,1495.35,1424.55,0,0,0,0,19-APR-2021,
OPTSTK,BOSCHLTD,24-Jun-2021,14500,PE,0,0,0,1647.15,1585.45,0,0,0,0,19-APR-2021,
OPTSTK,BOSCHLTD,24-Jun-2021,14750,PE,0,0,0,1806.05,1754.35,0,0,0,0,19-APR-2021,
OPTSTK,BOSCHLTD,24-Jun-2021,15000,PE,0,0,0,1971.7,1930.8,0,0,0,0,19-APR-2021,
OPTSTK,BOSCHLTD,24-Jun-2021,15250,PE,0,0,0,2143.7,2115,0,0,0,0,19-APR-2021,
OPTSTK,BOSCHLTD,24-Jun-2021,15500,PE,0,0,0,2321.85,2305.35,0,0,0,0,19-APR-2021,
OPTSTK,BOSCHLTD,24-Jun-2021,15750,PE,0,0,0,2506.45,2501.8,0,0,0,0,19-APR-2021,
OPTSTK,BOSCHLTD,24-Jun-2021,16000,PE,0,0,0,2695.9,2703.2,0,0,0,0,19-APR-2021,
OPTSTK,BOSCHLTD,24-Jun-2021,16250,PE,0,0,0,2890.4,2910.25,0,0,0,0,19-APR-2021,
OPTSTK,BOSCHLTD,24-Jun-2021,16500,PE,0,0,0,3089.7,3121.95,0,0,0,0,19-APR-2021,
OPTSTK,BOSCHLTD,24-Jun-2021,16750,PE,0,0,0,3292.65,3337.95,0,0,0,0,19-APR-2021,
OPTSTK,BOSCHLTD,24-Jun-2021,17000,PE,0,0,0,3500.2,3557.75,0,0,0,0,19-APR-2021,
OPTSTK,BOSCHLTD,24-Jun-2021,17250,PE,0,0,0,3711.55,3781.05,0,0,0,0,19-APR-2021,
OPTSTK,BOSCHLTD,24-Jun-2021,17500,PE,0,0,0,3926.35,4007.45,0,0,0,0,19-APR-2021,
OPTSTK,BOSCHLTD,24-Jun-2021,17750,PE,0,0,0,4144.35,4236.55,0,0,0,0,19-APR-2021,
OPTSTK,BOSCHLTD,24-Jun-2021,18000,PE,0,0,0,4365.25,4468.15,0,0,0,0,19-APR-2021,
OPTSTK,BOSCHLTD,24-Jun-2021,18250,PE,0,0,0,4588.85,4701.95,0,0,0,0,19-APR-2021,
OPTSTK,BOSCHLTD,24-Jun-2021,18500,PE,0,0,0,4814.85,4937.65,0,0,0,0,19-APR-2021,
OPTSTK,BOSCHLTD,24-Jun-2021,18750,PE,0,0,0,5043.1,5175.05,0,0,0,0,19-APR-2021,
OPTSTK,BOSCHLTD,24-Jun-2021,19000,PE,0,0,0,5273.35,5413.95,0,0,0,0,19-APR-2021,
OPTSTK,BOSCHLTD,24-Jun-2021,19250,PE,0,0,0,5505.45,5654.15,0,0,0,0,19-APR-2021,
OPTSTK,BOSCHLTD,24-Jun-2021,19500,PE,0,0,0,5739.2,5895.45,0,0,0,0,19-APR-2021,
OPTSTK,BPCL,29-Apr-2021,240,CE,0,0,0,147.7,169,0,0,0,0,19-APR-2021,
OPTSTK,BPCL,29-Apr-2021,245,CE,0,0,0,143.05,164,0,0,0,0,19-APR-2021,
OPTSTK,BPCL,29-Apr-2021,250,CE,0,0,0,138.4,159,0,0,0,0,19-APR-2021,
OPTSTK,BPCL,29-Apr-2021,255,CE,0,0,0,133.8,154,0,0,0,0,19-APR-2021,
OPTSTK,BPCL,29-Apr-2021,260,CE,0,0,0,129.25,149.05,0,0,0,0,19-APR-2021,
OPTSTK,BPCL,29-Apr-2021,265,CE,0,0,0,124.75,144.05,0,0,0,0,19-APR-2021,
OPTSTK,BPCL,29-Apr-2021,270,CE,0,0,0,120.3,139.05,0,0,0,0,19-APR-2021,
OPTSTK,BPCL,29-Apr-2021,275,CE,0,0,0,115.95,134.05,0,0,0,0,19-APR-2021,
OPTSTK,BPCL,29-Apr-2021,280,CE,0,0,0,111.65,129.05,0,0,0,0,19-APR-2021,
OPTSTK,BPCL,29-Apr-2021,285,CE,0,0,0,107.4,124.05,0,0,0,0,19-APR-2021,
OPTSTK,BPCL,29-Apr-2021,290,CE,0,0,0,103.25,119.05,0,0,0,0,19-APR-2021,
OPTSTK,BPCL,29-Apr-2021,295,CE,0,0,0,99.2,114.05,0,0,0,0,19-APR-2021,
OPTSTK,BPCL,29-Apr-2021,300,CE,0,0,0,95.2,109.05,0,0,0,0,19-APR-2021,
OPTSTK,BPCL,29-Apr-2021,305,CE,0,0,0,91.3,104.05,0,0,0,0,19-APR-2021,
OPTSTK,BPCL,29-Apr-2021,310,CE,0,0,0,87.5,99.1,0,0,0,0,19-APR-2021,
OPTSTK,BPCL,29-Apr-2021,315,CE,0,0,0,83.8,94.1,0,0,0,0,19-APR-2021,
OPTSTK,BPCL,29-Apr-2021,320,CE,0,0,0,80.2,89.1,0,0,0,0,19-APR-2021,
OPTSTK,BPCL,29-Apr-2021,325,CE,0,0,0,76.65,84.1,0,0,0,0,19-APR-2021,
OPTSTK,BPCL,29-Apr-2021,330,CE,0,0,0,73.25,79.15,0,0,0,0,19-APR-2021,
OPTSTK,BPCL,29-Apr-2021,335,CE,0,0,0,69.9,74.2,0,0,0,0,19-APR-2021,
OPTSTK,BPCL,29-Apr-2021,340,CE,0,0,0,66.7,69.25,0,0,0,0,19-APR-2021,
OPTSTK,BPCL,29-Apr-2021,345,CE,0,0,0,63.55,64.35,0,0,0,0,19-APR-2021,
OPTSTK,BPCL,29-Apr-2021,350,CE,0,0,0,57,59.5,0,0,3600,0,19-APR-2021,
OPTSTK,BPCL,29-Apr-2021,355,CE,0,0,0,57.65,54.7,0,0,0,0,19-APR-2021,
OPTSTK,BPCL,29-Apr-2021,360,CE,0,0,0,54.8,50,0,0,0,0,19-APR-2021,
OPTSTK,BPCL,29-Apr-2021,365,CE,0,0,0,52.1,45.45,0,0,0,0,19-APR-2021,
OPTSTK,BPCL,29-Apr-2021,370,CE,0,0,0,39,41,0,0,1800,0,19-APR-2021,
OPTSTK,BPCL,29-Apr-2021,375,CE,0,0,0,47,36.7,0,0,0,0,19-APR-2021,
OPTSTK,BPCL,29-Apr-2021,380,CE,29,33.6,25,31.6,31.6,8,59.1,14400,9000,19-APR-2021,
OPTSTK,BPCL,29-Apr-2021,385,CE,0,0,0,42.25,28.7,0,0,0,0,19-APR-2021,
OPTSTK,BPCL,29-Apr-2021,390,CE,20,21.5,20,21.5,25.05,7,51.8,14400,12600,19-APR-2021,
OPTSTK,BPCL,29-Apr-2021,395,CE,16.9,18.2,16,18.05,18.05,13,96.41,18000,14400,19-APR-2021,
OPTSTK,BPCL,29-Apr-2021,400,CE,13,17.55,10,14.95,14.95,681,5054.26,370800,81000,19-APR-2021,
OPTSTK,BPCL,29-Apr-2021,405,CE,9.05,13.85,7.6,11.7,11.7,728,5434.56,142200,86400,19-APR-2021,
OPTSTK,BPCL,29-Apr-2021,410,CE,6.75,10.75,5.55,9.25,9.25,1496,11238.93,577800,57600,19-APR-2021,
OPTSTK,BPCL,29-Apr-2021,415,CE,6.3,8.15,4.15,6.9,6.9,504,3816.73,216000,86400,19-APR-2021,
OPTSTK,BPCL,29-Apr-2021,420,CE,4.5,6.15,3.05,5.3,5.3,1676,12797.53,1229400,97200,19-APR-2021,
OPTSTK,BPCL,29-Apr-2021,425,CE,2.4,4.6,2.4,4.2,4.2,366,2822.07,545400,45000,19-APR-2021,
OPTSTK,BPCL,29-Apr-2021,430,CE,2.1,3.45,1.8,2.95,2.95,1149,8941.44,1443600,-203400,19-APR-2021,
OPTSTK,BPCL,29-Apr-2021,435,CE,1.95,2.6,1.45,2.3,2.3,287,2256.73,561600,-3600,19-APR-2021,
OPTSTK,BPCL,29-Apr-2021,440,CE,2.5,2.5,1.05,1.7,1.7,774,6148.8,2777400,-205200,19-APR-2021,
OPTSTK,BPCL,29-Apr-2021,445,CE,1.85,1.85,0.9,1.3,1.3,256,2055.77,156600,-77400,19-APR-2021,
OPTSTK,BPCL,29-Apr-2021,450,CE,1.8,1.8,0.75,1.1,1.1,568,4610.94,2671200,23400,19-APR-2021,
OPTSTK,BPCL,29-Apr-2021,455,CE,1.05,1.05,0.6,0.85,0.85,28,229.71,120600,-12600,19-APR-2021,
OPTSTK,BPCL,29-Apr-2021,460,CE,1,1.4,0.55,0.8,0.8,203,1683.36,1321200,-63000,19-APR-2021,
OPTSTK,BPCL,29-Apr-2021,465,CE,0.55,0.8,0.5,0.8,0.8,15,125.71,192600,-3600,19-APR-2021,
OPTSTK,BPCL,29-Apr-2021,470,CE,0.75,0.75,0.45,0.75,0.75,59,499.75,626400,-21600,19-APR-2021,
OPTSTK,BPCL,29-Apr-2021,475,CE,0.15,0.5,0.15,0.5,0.6,2,17.11,106200,-1800,19-APR-2021,
OPTSTK,BPCL,29-Apr-2021,480,CE,0.4,0.8,0.35,0.7,0.7,181,1565.63,1198800,-5400,19-APR-2021,
OPTSTK,BPCL,29-Apr-2021,485,CE,0.65,0.65,0.65,0.65,0.3,1,8.74,52200,1800,19-APR-2021,
OPTSTK,BPCL,29-Apr-2021,490,CE,0.35,0.55,0.35,0.5,0.5,7,61.79,246600,-5400,19-APR-2021,
OPTSTK,BPCL,29-Apr-2021,495,CE,0,0,0,11.45,0.15,0,0,0,0,19-APR-2021,
OPTSTK,BPCL,29-Apr-2021,500,CE,0.35,0.5,0.3,0.5,0.5,130,1170.93,1681200,-127800,19-APR-2021,
OPTSTK,BPCL,29-Apr-2021,505,CE,0,0,0,10.05,0.1,0,0,0,0,19-APR-2021,
OPTSTK,BPCL,29-Apr-2021,510,CE,0.3,0.45,0.3,0.45,0.05,2,18.37,109800,0,19-APR-2021,
OPTSTK,BPCL,29-Apr-2021,515,CE,0,0,0,8.85,0.05,0,0,0,0,19-APR-2021,
OPTSTK,BPCL,29-Apr-2021,520,CE,0.25,0.35,0.25,0.3,0.3,15,140.48,262800,-21600,19-APR-2021,
OPTSTK,BPCL,29-Apr-2021,525,CE,0,0,0,3.9,0.05,0,0,1800,0,19-APR-2021,
OPTSTK,BPCL,29-Apr-2021,530,CE,0,0,0,0.4,0.05,0,0,106200,0,19-APR-2021,
OPTSTK,BPCL,29-Apr-2021,535,CE,0,0,0,11,0.05,0,0,1800,0,19-APR-2021,
OPTSTK,BPCL,29-Apr-2021,540,CE,0.25,0.25,0.25,0.25,0,1,9.72,34200,-1800,19-APR-2021,
OPTSTK,BPCL,29-Apr-2021,545,CE,0,0,0,5.95,0,0,0,0,0,19-APR-2021,
OPTSTK,BPCL,29-Apr-2021,550,CE,0.1,0.4,0.1,0.25,0,5,49.52,151200,-1800,19-APR-2021,
OPTSTK,BPCL,29-Apr-2021,240,PE,0,0,0,1.2,0,0,0,0,0,19-APR-2021,
OPTSTK,BPCL,29-Apr-2021,245,PE,0,0,0,1.45,0,0,0,0,0,19-APR-2021,
OPTSTK,BPCL,29-Apr-2021,250,PE,0,0,0,0.05,0,0,0,3600,0,19-APR-2021,
OPTSTK,BPCL,29-Apr-2021,255,PE,0,0,0,2.1,0,0,0,0,0,19-APR-2021,
OPTSTK,BPCL,29-Apr-2021,260,PE,0,0,0,2.5,0,0,0,0,0,19-APR-2021,
OPTSTK,BPCL,29-Apr-2021,265,PE,0,0,0,3,0,0,0,0,0,19-APR-2021,
OPTSTK,BPCL,29-Apr-2021,270,PE,0,0,0,3.5,0,0,0,0,0,19-APR-2021,
OPTSTK,BPCL,29-Apr-2021,275,PE,0,0,0,4.1,0,0,0,0,0,19-APR-2021,
OPTSTK,BPCL,29-Apr-2021,280,PE,0,0,0,4.75,0,0,0,0,0,19-APR-2021,
OPTSTK,BPCL,29-Apr-2021,285,PE,0,0,0,5.45,0,0,0,0,0,19-APR-2021,
OPTSTK,BPCL,29-Apr-2021,290,PE,0,0,0,6.3,0,0,0,0,0,19-APR-2021,
OPTSTK,BPCL,29-Apr-2021,295,PE,0,0,0,7.15,0,0,0,0,0,19-APR-2021,
OPTSTK,BPCL,29-Apr-2021,300,PE,0,0,0,0.3,0,0,0,1800,0,19-APR-2021,
OPTSTK,BPCL,29-Apr-2021,305,PE,0,0,0,9.2,0,0,0,0,0,19-APR-2021,
OPTSTK,BPCL,29-Apr-2021,310,PE,0,0,0,10.35,0,0,0,0,0,19-APR-2021,
OPTSTK,BPCL,29-Apr-2021,315,PE,0,0,0,11.6,0.05,0,0,0,0,19-APR-2021,
OPTSTK,BPCL,29-Apr-2021,320,PE,0,0,0,12.95,0.05,0,0,0,0,19-APR-2021,
OPTSTK,BPCL,29-Apr-2021,325,PE,0,0,0,14.35,0.05,0,0,0,0,19-APR-2021,
OPTSTK,BPCL,29-Apr-2021,330,PE,0.1,0.1,0.1,0.1,0.1,1,5.94,3600,-1800,19-APR-2021,
OPTSTK,BPCL,29-Apr-2021,335,PE,0,0,0,17.5,0.1,0,0,0,0,19-APR-2021,
OPTSTK,BPCL,29-Apr-2021,340,PE,0,0,0,0.25,0.15,0,0,1800,0,19-APR-2021,
OPTSTK,BPCL,29-Apr-2021,345,PE,0,0,0,21.05,0.25,0,0,0,0,19-APR-2021,
OPTSTK,BPCL,29-Apr-2021,350,PE,0.65,1,0.4,0.5,0.5,70,441.83,306000,3600,19-APR-2021,
OPTSTK,BPCL,29-Apr-2021,355,PE,0,0,0,25.05,0.6,0,0,0,0,19-APR-2021,
OPTSTK,BPCL,29-Apr-2021,360,PE,1,1.5,0.4,0.6,0.6,208,1351.66,226800,9000,19-APR-2021,
OPTSTK,BPCL,29-Apr-2021,365,PE,0,0,0,29.45,1.3,0,0,0,0,19-APR-2021,
OPTSTK,BPCL,29-Apr-2021,370,PE,1.1,2.15,0.75,0.9,0.9,476,3182.84,372600,27000,19-APR-2021,
OPTSTK,BPCL,29-Apr-2021,375,PE,0,0,0,34.2,2.55,0,0,0,0,19-APR-2021,
OPTSTK,BPCL,29-Apr-2021,380,PE,2.05,3.4,1.2,1.6,1.6,1294,8899.97,966600,-795600,19-APR-2021,
OPTSTK,BPCL,29-Apr-2021,385,PE,3.4,4.3,1.85,2.25,2.25,325,2269.33,201600,84600,19-APR-2021,
OPTSTK,BPCL,29-Apr-2021,390,PE,4.5,5.65,2.5,2.95,2.95,1424,10103.65,525600,14400,19-APR-2021,
OPTSTK,BPCL,29-Apr-2021,395,PE,3.4,7.2,3.35,3.9,3.9,267,1921.2,208800,165600,19-APR-2021,
OPTSTK,BPCL,29-Apr-2021,400,PE,6.45,9.5,4.55,5.4,5.4,2095,15338.56,2624400,657000,19-APR-2021,
OPTSTK,BPCL,29-Apr-2021,405,PE,7.7,11.9,6,6.85,6.85,418,3111.11,190800,64800,19-APR-2021,
OPTSTK,BPCL,29-Apr-2021,410,PE,10.5,15.05,7.8,8.9,8.9,603,4570.23,619200,-34200,19-APR-2021,
OPTSTK,BPCL,29-Apr-2021,415,PE,11.25,18.65,10.25,11,11,63,484.91,140400,12600,19-APR-2021,
OPTSTK,BPCL,29-Apr-2021,420,PE,16.05,22,13.4,15.4,15.4,153,1207.87,1170000,-12600,19-APR-2021,
OPTSTK,BPCL,29-Apr-2021,425,PE,23,23.75,18,18,18,4,32.16,127800,-3600,19-APR-2021,
OPTSTK,BPCL,29-Apr-2021,430,PE,25.9,31.5,20.2,22.9,22.9,62,510.91,642600,-52200,19-APR-2021,
OPTSTK,BPCL,29-Apr-2021,435,PE,0,0,0,18.2,30.65,0,0,144000,0,19-APR-2021,
OPTSTK,BPCL,29-Apr-2021,440,PE,35.85,40,31.5,32.4,32.4,22,188.98,304200,-32400,19-APR-2021,
OPTSTK,BPCL,29-Apr-2021,445,PE,0,0,0,32.2,38.8,0,0,57600,0,19-APR-2021,
OPTSTK,BPCL,29-Apr-2021,450,PE,46.2,48.25,38.25,38.5,38.5,30,267.27,1069200,-5400,19-APR-2021,
OPTSTK,BPCL,29-Apr-2021,455,PE,0,0,0,85.35,47.6,0,0,0,0,19-APR-2021,
OPTSTK,BPCL,29-Apr-2021,460,PE,55.6,57.95,48.9,48.9,48.9,5,46.32,934200,-1800,19-APR-2021,
OPTSTK,BPCL,29-Apr-2021,465,PE,0,0,0,93.1,56.85,0,0,0,0,19-APR-2021,
OPTSTK,BPCL,29-Apr-2021,470,PE,0,0,0,43.3,61.55,0,0,5400,0,19-APR-2021,
OPTSTK,BPCL,29-Apr-2021,475,PE,0,0,0,101.05,66.35,0,0,0,0,19-APR-2021,
OPTSTK,BPCL,29-Apr-2021,480,PE,77.2,79.1,76.45,76.45,71.2,50,502.59,612000,-84600,19-APR-2021,
OPTSTK,BPCL,29-Apr-2021,485,PE,0,0,0,109.2,76.1,0,0,0,0,19-APR-2021,
OPTSTK,BPCL,29-Apr-2021,490,PE,0,0,0,113.35,81,0,0,0,0,19-APR-2021,
OPTSTK,BPCL,29-Apr-2021,495,PE,0,0,0,117.55,85.95,0,0,0,0,19-APR-2021,
OPTSTK,BPCL,29-Apr-2021,500,PE,97,97,97,97,90.9,1,10.74,88200,-1800,19-APR-2021,
OPTSTK,BPCL,29-Apr-2021,505,PE,0,0,0,126.1,95.85,0,0,0,0,19-APR-2021,
OPTSTK,BPCL,29-Apr-2021,510,PE,0,0,0,130.4,100.8,0,0,0,0,19-APR-2021,
OPTSTK,BPCL,29-Apr-2021,515,PE,0,0,0,134.75,105.8,0,0,0,0,19-APR-2021,
OPTSTK,BPCL,29-Apr-2021,520,PE,0,0,0,139.15,110.8,0,0,0,0,19-APR-2021,
OPTSTK,BPCL,29-Apr-2021,525,PE,0,0,0,143.6,115.75,0,0,0,0,19-APR-2021,
OPTSTK,BPCL,29-Apr-2021,530,PE,0,0,0,148.05,120.75,0,0,0,0,19-APR-2021,
OPTSTK,BPCL,29-Apr-2021,535,PE,0,0,0,152.5,125.75,0,0,0,0,19-APR-2021,
OPTSTK,BPCL,29-Apr-2021,540,PE,0,0,0,157.05,130.75,0,0,0,0,19-APR-2021,
OPTSTK,BPCL,29-Apr-2021,545,PE,0,0,0,161.6,135.75,0,0,0,0,19-APR-2021,
OPTSTK,BPCL,29-Apr-2021,550,PE,0,0,0,122.5,140.75,0,0,5400,0,19-APR-2021,
OPTSTK,BPCL,27-May-2021,300,CE,0,0,0,166.25,110.55,0,0,0,0,19-APR-2021,
OPTSTK,BPCL,27-May-2021,305,CE,0,0,0,161.6,105.75,0,0,0,0,19-APR-2021,
OPTSTK,BPCL,27-May-2021,310,CE,0,0,0,157,101,0,0,0,0,19-APR-2021,
OPTSTK,BPCL,27-May-2021,315,CE,0,0,0,152.5,96.3,0,0,0,0,19-APR-2021,
OPTSTK,BPCL,27-May-2021,320,CE,0,0,0,148,91.65,0,0,0,0,19-APR-2021,
OPTSTK,BPCL,27-May-2021,325,CE,0,0,0,143.55,87.1,0,0,0,0,19-APR-2021,
OPTSTK,BPCL,27-May-2021,330,CE,0,0,0,139.15,82.6,0,0,0,0,19-APR-2021,
OPTSTK,BPCL,27-May-2021,335,CE,0,0,0,134.8,78.2,0,0,0,0,19-APR-2021,
OPTSTK,BPCL,27-May-2021,340,CE,0,0,0,130.55,73.9,0,0,0,0,19-APR-2021,
OPTSTK,BPCL,27-May-2021,345,CE,0,0,0,126.3,69.65,0,0,0,0,19-APR-2021,
OPTSTK,BPCL,27-May-2021,350,CE,0,0,0,122.15,65.55,0,0,0,0,19-APR-2021,
OPTSTK,BPCL,27-May-2021,355,CE,0,0,0,118.1,61.55,0,0,0,0,19-APR-2021,
OPTSTK,BPCL,27-May-2021,360,CE,0,0,0,114.05,57.7,0,0,0,0,19-APR-2021,
OPTSTK,BPCL,27-May-2021,365,CE,0,0,0,110.15,54,0,0,0,0,19-APR-2021,
OPTSTK,BPCL,27-May-2021,370,CE,0,0,0,106.25,50.35,0,0,0,0,19-APR-2021,
OPTSTK,BPCL,27-May-2021,375,CE,0,0,0,102.5,46.9,0,0,0,0,19-APR-2021,
OPTSTK,BPCL,27-May-2021,380,CE,0,0,0,98.8,43.55,0,0,0,0,19-APR-2021,
OPTSTK,BPCL,27-May-2021,385,CE,0,0,0,95.15,40.4,0,0,0,0,19-APR-2021,
OPTSTK,BPCL,27-May-2021,390,CE,0,0,0,91.6,37.4,0,0,0,0,19-APR-2021,
OPTSTK,BPCL,27-May-2021,395,CE,0,0,0,88.15,34.5,0,0,0,0,19-APR-2021,
OPTSTK,BPCL,27-May-2021,400,CE,29.9,29.9,20.05,25.15,25.15,30,227.95,32400,25200,19-APR-2021,
OPTSTK,BPCL,27-May-2021,405,CE,0,0,0,81.45,29.25,0,0,0,0,19-APR-2021,
OPTSTK,BPCL,27-May-2021,410,CE,17.05,27.9,16,21.5,21.5,32,246.29,81000,37800,19-APR-2021,
OPTSTK,BPCL,27-May-2021,415,CE,0,0,0,75.1,24.55,0,0,0,0,19-APR-2021,
OPTSTK,BPCL,27-May-2021,420,CE,14.1,17,12.8,16.3,16.3,34,265.71,106200,36000,19-APR-2021,
OPTSTK,BPCL,27-May-2021,425,CE,12,12,12,12,20.45,2,15.73,3600,3600,19-APR-2021,
OPTSTK,BPCL,27-May-2021,430,CE,11,13.15,10,11.75,11.75,33,261.93,68400,19800,19-APR-2021,
OPTSTK,BPCL,27-May-2021,435,CE,0,0,0,25,16.9,0,0,1800,0,19-APR-2021,
OPTSTK,BPCL,27-May-2021,440,CE,8.05,9.8,7.9,8.7,8.7,65,524.64,129600,5400,19-APR-2021,
OPTSTK,BPCL,27-May-2021,445,CE,0,0,0,58.2,13.85,0,0,0,0,19-APR-2021,
OPTSTK,BPCL,27-May-2021,450,CE,6.45,7.55,5.95,7.05,7.05,78,640.92,198000,27000,19-APR-2021,
OPTSTK,BPCL,27-May-2021,455,CE,0,0,0,53.25,11.3,0,0,0,0,19-APR-2021,
OPTSTK,BPCL,27-May-2021,460,CE,0,0,0,13.1,10.2,0,0,3600,0,19-APR-2021,
OPTSTK,BPCL,27-May-2021,465,CE,0,0,0,48.6,9.15,0,0,0,0,19-APR-2021,
OPTSTK,BPCL,27-May-2021,470,CE,0,0,0,5.3,8.2,0,0,18000,0,19-APR-2021,
OPTSTK,BPCL,27-May-2021,475,CE,0,0,0,44.3,7.3,0,0,0,0,19-APR-2021,
OPTSTK,BPCL,27-May-2021,480,CE,2.7,2.7,2.6,2.7,6.55,3,26.06,16200,1800,19-APR-2021,
OPTSTK,BPCL,27-May-2021,485,CE,0,0,0,40.3,5.85,0,0,0,0,19-APR-2021,
OPTSTK,BPCL,27-May-2021,490,CE,0,0,0,38.4,5.2,0,0,0,0,19-APR-2021,
OPTSTK,BPCL,27-May-2021,495,CE,0,0,0,36.6,4.6,0,0,0,0,19-APR-2021,
OPTSTK,BPCL,27-May-2021,500,CE,2.5,2.8,2.1,2.4,2.4,47,425.12,487800,54000,19-APR-2021,
OPTSTK,BPCL,27-May-2021,505,CE,0,0,0,33.2,3.65,0,0,0,0,19-APR-2021,
OPTSTK,BPCL,27-May-2021,510,CE,0,0,0,31.6,3.2,0,0,0,0,19-APR-2021,
OPTSTK,BPCL,27-May-2021,515,CE,0,0,0,30.05,2.85,0,0,0,0,19-APR-2021,
OPTSTK,BPCL,27-May-2021,520,CE,0,0,0,28.6,2.5,0,0,0,0,19-APR-2021,
OPTSTK,BPCL,27-May-2021,525,CE,0,0,0,27.15,2.2,0,0,0,0,19-APR-2021,
OPTSTK,BPCL,27-May-2021,530,CE,0,0,0,25.8,1.95,0,0,0,0,19-APR-2021,
OPTSTK,BPCL,27-May-2021,535,CE,0,0,0,24.5,1.7,0,0,0,0,19-APR-2021,
OPTSTK,BPCL,27-May-2021,540,CE,0,0,0,3.3,1.5,0,0,23400,0,19-APR-2021,
OPTSTK,BPCL,27-May-2021,545,CE,0,0,0,22.15,1.3,0,0,0,0,19-APR-2021,
OPTSTK,BPCL,27-May-2021,550,CE,0,0,0,5,1.15,0,0,1800,0,19-APR-2021,
OPTSTK,BPCL,27-May-2021,300,PE,0,0,0,1.9,0.65,0,0,0,0,19-APR-2021,
OPTSTK,BPCL,27-May-2021,305,PE,0,0,0,2.2,0.8,0,0,0,0,19-APR-2021,
OPTSTK,BPCL,27-May-2021,310,PE,0,0,0,2.6,1.05,0,0,0,0,19-APR-2021,
OPTSTK,BPCL,27-May-2021,315,PE,0,0,0,3,1.35,0,0,0,0,19-APR-2021,
OPTSTK,BPCL,27-May-2021,320,PE,0,0,0,3.45,1.7,0,0,0,0,19-APR-2021,
OPTSTK,BPCL,27-May-2021,325,PE,0,0,0,3.95,2.1,0,0,0,0,19-APR-2021,
OPTSTK,BPCL,27-May-2021,330,PE,0,0,0,4.5,2.6,0,0,0,0,19-APR-2021,
OPTSTK,BPCL,27-May-2021,335,PE,0,0,0,5.15,3.15,0,0,0,0,19-APR-2021,
OPTSTK,BPCL,27-May-2021,340,PE,0,0,0,5.8,3.8,0,0,0,0,19-APR-2021,
OPTSTK,BPCL,27-May-2021,345,PE,0,0,0,6.55,4.55,0,0,0,0,19-APR-2021,
OPTSTK,BPCL,27-May-2021,350,PE,4,4,2.7,2.8,2.8,33,209.66,77400,52200,19-APR-2021,
OPTSTK,BPCL,27-May-2021,355,PE,0,0,0,8.25,6.45,0,0,0,0,19-APR-2021,
OPTSTK,BPCL,27-May-2021,360,PE,4,4.3,4,4.3,4.3,13,85.21,23400,23400,19-APR-2021,
OPTSTK,BPCL,27-May-2021,365,PE,0,0,0,10.2,8.8,0,0,0,0,19-APR-2021,
OPTSTK,BPCL,27-May-2021,370,PE,0,0,0,11.25,10.2,0,0,0,0,19-APR-2021,
OPTSTK,BPCL,27-May-2021,375,PE,0,0,0,12.45,11.7,0,0,0,0,19-APR-2021,
OPTSTK,BPCL,27-May-2021,380,PE,8.4,9.05,7,7.25,7.25,41,286.48,79200,27000,19-APR-2021,
OPTSTK,BPCL,27-May-2021,385,PE,0,0,0,15,15.15,0,0,0,0,19-APR-2021,
OPTSTK,BPCL,27-May-2021,390,PE,0,0,0,16.4,17.1,0,0,0,0,19-APR-2021,
OPTSTK,BPCL,27-May-2021,395,PE,0,0,0,17.9,19.25,0,0,0,0,19-APR-2021,
OPTSTK,BPCL,27-May-2021,400,PE,12.95,17.3,12.45,13.25,13.25,106,792.14,406800,43200,19-APR-2021,
OPTSTK,BPCL,27-May-2021,405,PE,0,0,0,21.15,23.9,0,0,0,0,19-APR-2021,
OPTSTK,BPCL,27-May-2021,410,PE,0,0,0,15,26.5,0,0,10800,0,19-APR-2021,
OPTSTK,BPCL,27-May-2021,415,PE,0,0,0,24.7,29.2,0,0,0,0,19-APR-2021,
OPTSTK,BPCL,27-May-2021,420,PE,25,26.5,25,25.1,32.05,4,32.06,30600,7200,19-APR-2021,
OPTSTK,BPCL,27-May-2021,425,PE,0,0,0,28.6,35.05,0,0,0,0,19-APR-2021,
OPTSTK,BPCL,27-May-2021,430,PE,0,0,0,30.7,38.2,0,0,0,0,19-APR-2021,
OPTSTK,BPCL,27-May-2021,435,PE,0,0,0,32.9,41.45,0,0,0,0,19-APR-2021,
OPTSTK,BPCL,27-May-2021,440,PE,0,0,0,35.15,44.85,0,0,0,0,19-APR-2021,
OPTSTK,BPCL,27-May-2021,445,PE,0,0,0,37.5,48.4,0,0,0,0,19-APR-2021,
OPTSTK,BPCL,27-May-2021,450,PE,0,0,0,39.95,52,0,0,0,0,19-APR-2021,
OPTSTK,BPCL,27-May-2021,455,PE,0,0,0,42.45,55.8,0,0,0,0,19-APR-2021,
OPTSTK,BPCL,27-May-2021,460,PE,0,0,0,45.05,59.65,0,0,0,0,19-APR-2021,
OPTSTK,BPCL,27-May-2021,465,PE,0,0,0,47.75,63.55,0,0,0,0,19-APR-2021,
OPTSTK,BPCL,27-May-2021,470,PE,0,0,0,50.5,67.6,0,0,0,0,19-APR-2021,
OPTSTK,BPCL,27-May-2021,475,PE,0,0,0,53.35,71.7,0,0,0,0,19-APR-2021,
OPTSTK,BPCL,27-May-2021,480,PE,76,77,76,77,75.9,3,30.06,7200,5400,19-APR-2021,
OPTSTK,BPCL,27-May-2021,485,PE,0,0,0,59.25,80.2,0,0,0,0,19-APR-2021,
OPTSTK,BPCL,27-May-2021,490,PE,0,0,0,62.3,84.55,0,0,0,0,19-APR-2021,
OPTSTK,BPCL,27-May-2021,495,PE,0,0,0,65.45,88.95,0,0,0,0,19-APR-2021,
OPTSTK,BPCL,27-May-2021,500,PE,96,96,96,96,93.4,1,10.72,10800,1800,19-APR-2021,
OPTSTK,BPCL,27-May-2021,505,PE,0,0,0,71.95,97.9,0,0,0,0,19-APR-2021,
OPTSTK,BPCL,27-May-2021,510,PE,0,0,0,75.3,102.5,0,0,0,0,19-APR-2021,
OPTSTK,BPCL,27-May-2021,515,PE,0,0,0,78.7,107.1,0,0,0,0,19-APR-2021,
OPTSTK,BPCL,27-May-2021,520,PE,0,0,0,82.2,111.75,0,0,0,0,19-APR-2021,
OPTSTK,BPCL,27-May-2021,525,PE,0,0,0,85.75,116.4,0,0,0,0,19-APR-2021,
OPTSTK,BPCL,27-May-2021,530,PE,0,0,0,89.35,121.15,0,0,0,0,19-APR-2021,
OPTSTK,BPCL,27-May-2021,535,PE,0,0,0,93,125.9,0,0,0,0,19-APR-2021,
OPTSTK,BPCL,27-May-2021,540,PE,0,0,0,96.75,130.65,0,0,0,0,19-APR-2021,
OPTSTK,BPCL,27-May-2021,545,PE,0,0,0,100.5,135.45,0,0,0,0,19-APR-2021,
OPTSTK,BPCL,27-May-2021,550,PE,0,0,0,104.35,140.25,0,0,0,0,19-APR-2021,
OPTSTK,BPCL,24-Jun-2021,300,CE,0,0,0,125.65,113.2,0,0,0,0,19-APR-2021,
OPTSTK,BPCL,24-Jun-2021,310,CE,0,0,0,117,104.25,0,0,0,0,19-APR-2021,
OPTSTK,BPCL,24-Jun-2021,320,CE,0,0,0,108.65,95.6,0,0,0,0,19-APR-2021,
OPTSTK,BPCL,24-Jun-2021,330,CE,0,0,0,100.55,87.3,0,0,0,0,19-APR-2021,
OPTSTK,BPCL,24-Jun-2021,340,CE,0,0,0,92.85,79.3,0,0,0,0,19-APR-2021,
OPTSTK,BPCL,24-Jun-2021,350,CE,0,0,0,85.45,71.75,0,0,0,0,19-APR-2021,
OPTSTK,BPCL,24-Jun-2021,360,CE,0,0,0,78.45,64.65,0,0,0,0,19-APR-2021,
OPTSTK,BPCL,24-Jun-2021,370,CE,0,0,0,71.75,57.95,0,0,0,0,19-APR-2021,
OPTSTK,BPCL,24-Jun-2021,380,CE,0,0,0,65.5,51.7,0,0,0,0,19-APR-2021,
OPTSTK,BPCL,24-Jun-2021,390,CE,0,0,0,59.65,45.95,0,0,0,0,19-APR-2021,
OPTSTK,BPCL,24-Jun-2021,400,CE,0,0,0,54.15,40.65,0,0,0,0,19-APR-2021,
OPTSTK,BPCL,24-Jun-2021,410,CE,0,0,0,49.05,35.8,0,0,0,0,19-APR-2021,
OPTSTK,BPCL,24-Jun-2021,420,CE,0,0,0,22.6,31.45,0,0,1800,0,19-APR-2021,
OPTSTK,BPCL,24-Jun-2021,430,CE,0,0,0,39.95,27.45,0,0,0,0,19-APR-2021,
OPTSTK,BPCL,24-Jun-2021,440,CE,0,0,0,35.9,23.9,0,0,0,0,19-APR-2021,
OPTSTK,BPCL,24-Jun-2021,450,CE,0,0,0,32.25,20.75,0,0,0,0,19-APR-2021,
OPTSTK,BPCL,24-Jun-2021,460,CE,0,0,0,28.85,17.95,0,0,0,0,19-APR-2021,
OPTSTK,BPCL,24-Jun-2021,470,CE,0,0,0,25.8,15.45,0,0,0,0,19-APR-2021,
OPTSTK,BPCL,24-Jun-2021,480,CE,0,0,0,23,13.3,0,0,0,0,19-APR-2021,
OPTSTK,BPCL,24-Jun-2021,490,CE,0,0,0,20.5,11.35,0,0,0,0,19-APR-2021,
OPTSTK,BPCL,24-Jun-2021,500,CE,0,0,0,18.25,9.7,0,0,0,0,19-APR-2021,
OPTSTK,BPCL,24-Jun-2021,510,CE,0,0,0,16.2,8.25,0,0,0,0,19-APR-2021,
OPTSTK,BPCL,24-Jun-2021,520,CE,0,0,0,14.35,7,0,0,0,0,19-APR-2021,
OPTSTK,BPCL,24-Jun-2021,530,CE,0,0,0,12.7,5.95,0,0,0,0,19-APR-2021,
OPTSTK,BPCL,24-Jun-2021,540,CE,0,0,0,11.2,5,0,0,0,0,19-APR-2021,
OPTSTK,BPCL,24-Jun-2021,550,CE,0,0,0,9.9,4.25,0,0,0,0,19-APR-2021,
OPTSTK,BPCL,24-Jun-2021,300,PE,0,0,0,3.9,2.4,0,0,0,0,19-APR-2021,
OPTSTK,BPCL,24-Jun-2021,310,PE,0,0,0,5.15,3.4,0,0,0,0,19-APR-2021,
OPTSTK,BPCL,24-Jun-2021,320,PE,0,0,0,6.7,4.7,0,0,0,0,19-APR-2021,
OPTSTK,BPCL,24-Jun-2021,330,PE,0,0,0,8.55,6.3,0,0,0,0,19-APR-2021,
OPTSTK,BPCL,24-Jun-2021,340,PE,0,0,0,10.7,8.25,0,0,0,0,19-APR-2021,
OPTSTK,BPCL,24-Jun-2021,350,PE,0,0,0,13.25,10.65,0,0,0,0,19-APR-2021,
OPTSTK,BPCL,24-Jun-2021,360,PE,0,0,0,16.15,13.45,0,0,0,0,19-APR-2021,
OPTSTK,BPCL,24-Jun-2021,370,PE,0,0,0,19.4,16.65,0,0,0,0,19-APR-2021,
OPTSTK,BPCL,24-Jun-2021,380,PE,0,0,0,23,20.4,0,0,0,0,19-APR-2021,
OPTSTK,BPCL,24-Jun-2021,390,PE,0,0,0,27.05,24.55,0,0,0,0,19-APR-2021,
OPTSTK,BPCL,24-Jun-2021,400,PE,0,0,0,13,29.2,0,0,3600,0,19-APR-2021,
OPTSTK,BPCL,24-Jun-2021,410,PE,0,0,0,36.3,34.3,0,0,0,0,19-APR-2021,
OPTSTK,BPCL,24-Jun-2021,420,PE,0,0,0,41.45,39.85,0,0,0,0,19-APR-2021,
OPTSTK,BPCL,24-Jun-2021,430,PE,0,0,0,47,45.8,0,0,0,0,19-APR-2021,
OPTSTK,BPCL,24-Jun-2021,440,PE,0,0,0,52.85,52.2,0,0,0,0,19-APR-2021,
OPTSTK,BPCL,24-Jun-2021,450,PE,0,0,0,59.1,58.95,0,0,0,0,19-APR-2021,
OPTSTK,BPCL,24-Jun-2021,460,PE,0,0,0,65.65,66.05,0,0,0,0,19-APR-2021,
OPTSTK,BPCL,24-Jun-2021,470,PE,0,0,0,72.45,73.55,0,0,0,0,19-APR-2021,
OPTSTK,BPCL,24-Jun-2021,480,PE,0,0,0,79.6,81.3,0,0,0,0,19-APR-2021,
OPTSTK,BPCL,24-Jun-2021,490,PE,0,0,0,87,89.3,0,0,0,0,19-APR-2021,
OPTSTK,BPCL,24-Jun-2021,500,PE,0,0,0,94.65,97.6,0,0,0,0,19-APR-2021,
OPTSTK,BPCL,24-Jun-2021,510,PE,0,0,0,102.5,106.05,0,0,0,0,19-APR-2021,
OPTSTK,BPCL,24-Jun-2021,520,PE,0,0,0,110.55,114.75,0,0,0,0,19-APR-2021,
OPTSTK,BPCL,24-Jun-2021,530,PE,0,0,0,118.8,123.6,0,0,0,0,19-APR-2021,
OPTSTK,BPCL,24-Jun-2021,540,PE,0,0,0,127.25,132.6,0,0,0,0,19-APR-2021,
OPTSTK,BPCL,24-Jun-2021,550,PE,0,0,0,135.85,141.75,0,0,0,0,19-APR-2021,
OPTSTK,BRITANNIA,29-Apr-2021,2600,CE,0,0,0,1039.55,1145.5,0,0,0,0,19-APR-2021,
OPTSTK,BRITANNIA,29-Apr-2021,2650,CE,0,0,0,993.15,1095.55,0,0,0,0,19-APR-2021,
OPTSTK,BRITANNIA,29-Apr-2021,2700,CE,0,0,0,947.35,1045.6,0,0,0,0,19-APR-2021,
OPTSTK,BRITANNIA,29-Apr-2021,2750,CE,0,0,0,902.25,995.65,0,0,0,0,19-APR-2021,
OPTSTK,BRITANNIA,29-Apr-2021,2800,CE,0,0,0,857.95,945.7,0,0,0,0,19-APR-2021,
OPTSTK,BRITANNIA,29-Apr-2021,2850,CE,0,0,0,814.45,895.75,0,0,0,0,19-APR-2021,
OPTSTK,BRITANNIA,29-Apr-2021,2900,CE,0,0,0,771.95,845.8,0,0,0,0,19-APR-2021,
OPTSTK,BRITANNIA,29-Apr-2021,2950,CE,0,0,0,730.4,795.85,0,0,0,0,19-APR-2021,
OPTSTK,BRITANNIA,29-Apr-2021,3000,CE,0,0,0,689.9,745.9,0,0,0,0,19-APR-2021,
OPTSTK,BRITANNIA,29-Apr-2021,3040,CE,0,0,0,440.2,705.95,0,0,0,0,19-APR-2021,
OPTSTK,BRITANNIA,29-Apr-2021,3050,CE,0,0,0,650.55,695.95,0,0,0,0,19-APR-2021,
OPTSTK,BRITANNIA,29-Apr-2021,3060,CE,0,0,0,423.35,686,0,0,0,0,19-APR-2021,
OPTSTK,BRITANNIA,29-Apr-2021,3080,CE,0,0,0,406.8,666,0,0,0,0,19-APR-2021,
OPTSTK,BRITANNIA,29-Apr-2021,3100,CE,0,0,0,612.35,646.05,0,0,0,0,19-APR-2021,
OPTSTK,BRITANNIA,29-Apr-2021,3120,CE,0,0,0,374.5,626.1,0,0,0,0,19-APR-2021,
OPTSTK,BRITANNIA,29-Apr-2021,3140,CE,0,0,0,358.8,606.15,0,0,0,0,19-APR-2021,
OPTSTK,BRITANNIA,29-Apr-2021,3150,CE,0,0,0,575.55,596.2,0,0,0,0,19-APR-2021,
OPTSTK,BRITANNIA,29-Apr-2021,3160,CE,0,0,0,343.4,586.25,0,0,0,0,19-APR-2021,
OPTSTK,BRITANNIA,29-Apr-2021,3180,CE,0,0,0,328.5,566.35,0,0,0,0,19-APR-2021,
OPTSTK,BRITANNIA,29-Apr-2021,3200,CE,0,0,0,539.9,546.45,0,0,0,0,19-APR-2021,
OPTSTK,BRITANNIA,29-Apr-2021,3220,CE,0,0,0,299.45,526.6,0,0,0,0,19-APR-2021,
OPTSTK,BRITANNIA,29-Apr-2021,3240,CE,0,0,0,285.35,506.8,0,0,0,0,19-APR-2021,
OPTSTK,BRITANNIA,29-Apr-2021,3250,CE,0,0,0,505.55,496.9,0,0,0,0,19-APR-2021,
OPTSTK,BRITANNIA,29-Apr-2021,3260,CE,0,0,0,271.75,487,0,0,0,0,19-APR-2021,
OPTSTK,BRITANNIA,29-Apr-2021,3280,CE,0,0,0,258.55,467.35,0,0,0,0,19-APR-2021,
OPTSTK,BRITANNIA,29-Apr-2021,3300,CE,0,0,0,472.5,447.7,0,0,0,0,19-APR-2021,
OPTSTK,BRITANNIA,29-Apr-2021,3320,CE,0,0,0,233.35,428.2,0,0,0,0,19-APR-2021,
OPTSTK,BRITANNIA,29-Apr-2021,3340,CE,0,0,0,221.3,408.8,0,0,0,0,19-APR-2021,
OPTSTK,BRITANNIA,29-Apr-2021,3350,CE,0,0,0,440.95,399.2,0,0,0,0,19-APR-2021,
OPTSTK,BRITANNIA,29-Apr-2021,3360,CE,0,0,0,209.65,389.55,0,0,0,0,19-APR-2021,
OPTSTK,BRITANNIA,29-Apr-2021,3380,CE,0,0,0,198.45,370.5,0,0,0,0,19-APR-2021,
OPTSTK,BRITANNIA,29-Apr-2021,3400,CE,312,316,312,316,351.6,3,22.28,3600,-600,19-APR-2021,
OPTSTK,BRITANNIA,29-Apr-2021,3420,CE,0,0,0,177.2,332.95,0,0,0,0,19-APR-2021,
OPTSTK,BRITANNIA,29-Apr-2021,3440,CE,0,0,0,167.15,314.55,0,0,0,0,19-APR-2021,
OPTSTK,BRITANNIA,29-Apr-2021,3450,CE,0,0,0,188.3,305.5,0,0,1000,0,19-APR-2021,
OPTSTK,BRITANNIA,29-Apr-2021,3460,CE,0,0,0,157.5,296.5,0,0,0,0,19-APR-2021,
OPTSTK,BRITANNIA,29-Apr-2021,3480,CE,0,0,0,148.3,278.75,0,0,0,0,19-APR-2021,
OPTSTK,BRITANNIA,29-Apr-2021,3500,CE,190.25,261.95,190.25,261.95,261.95,8,59.51,24600,-400,19-APR-2021,
OPTSTK,BRITANNIA,29-Apr-2021,3520,CE,0,0,0,131,244.4,0,0,0,0,19-APR-2021,
OPTSTK,BRITANNIA,29-Apr-2021,3540,CE,0,0,0,122.9,227.9,0,0,0,0,19-APR-2021,
OPTSTK,BRITANNIA,29-Apr-2021,3550,CE,0,0,0,181.3,219.8,0,0,7400,0,19-APR-2021,
OPTSTK,BRITANNIA,29-Apr-2021,3560,CE,0,0,0,115.2,211.85,0,0,0,0,19-APR-2021,
OPTSTK,BRITANNIA,29-Apr-2021,3580,CE,0,0,0,94,196.35,0,0,600,0,19-APR-2021,
OPTSTK,BRITANNIA,29-Apr-2021,3600,CE,104.3,161,104.3,160.95,181.55,12,89.8,34200,-400,19-APR-2021,
OPTSTK,BRITANNIA,29-Apr-2021,3620,CE,0,0,0,203.35,167.05,0,0,2600,0,19-APR-2021,
OPTSTK,BRITANNIA,29-Apr-2021,3640,CE,0,0,0,88,153.35,0,0,0,0,19-APR-2021,
OPTSTK,BRITANNIA,29-Apr-2021,3650,CE,125.1,125.1,108.1,108.1,146.75,3,22.58,26000,0,19-APR-2021,
OPTSTK,BRITANNIA,29-Apr-2021,3660,CE,0,0,0,131.65,140.3,0,0,2400,0,19-APR-2021,
OPTSTK,BRITANNIA,29-Apr-2021,3680,CE,0,0,0,195,127.9,0,0,200,0,19-APR-2021,
OPTSTK,BRITANNIA,29-Apr-2021,3700,CE,51.6,94.5,43.15,90,90,778,5877.06,45000,-6000,19-APR-2021,
OPTSTK,BRITANNIA,29-Apr-2021,3720,CE,50,83.2,47,78.95,78.95,303,2295.49,5200,600,19-APR-2021,
OPTSTK,BRITANNIA,29-Apr-2021,3740,CE,41.8,71.4,39.65,67.25,67.25,579,4403.64,10200,8600,19-APR-2021,
OPTSTK,BRITANNIA,29-Apr-2021,3750,CE,30,68,28.4,61.85,61.85,1037,7893.18,36800,16800,19-APR-2021,
OPTSTK,BRITANNIA,29-Apr-2021,3760,CE,0,0,0,57,85.2,0,0,0,0,19-APR-2021,
OPTSTK,BRITANNIA,29-Apr-2021,3780,CE,0,0,0,52.8,76.25,0,0,0,0,19-APR-2021,
OPTSTK,BRITANNIA,29-Apr-2021,3800,CE,18.15,45.65,17,41.6,41.6,2873,22049.5,109400,18000,19-APR-2021,
OPTSTK,BRITANNIA,29-Apr-2021,3820,CE,0,0,0,45.2,60.4,0,0,0,0,19-APR-2021,
OPTSTK,BRITANNIA,29-Apr-2021,3840,CE,0,0,0,41.75,53.45,0,0,0,0,19-APR-2021,
OPTSTK,BRITANNIA,29-Apr-2021,3850,CE,12.05,32.3,12,29.15,29.15,227,1759.96,15000,600,19-APR-2021,
OPTSTK,BRITANNIA,29-Apr-2021,3860,CE,0,0,0,61.1,47.1,0,0,200,0,19-APR-2021,
OPTSTK,BRITANNIA,29-Apr-2021,3880,CE,0,0,0,35.55,41.35,0,0,0,0,19-APR-2021,
OPTSTK,BRITANNIA,29-Apr-2021,3900,CE,13,23.05,7.2,20,20,657,5147.58,64000,5000,19-APR-2021,
OPTSTK,BRITANNIA,29-Apr-2021,3920,CE,0,0,0,30.1,31.5,0,0,0,0,19-APR-2021,
OPTSTK,BRITANNIA,29-Apr-2021,3940,CE,0,0,0,27.7,27.35,0,0,0,0,19-APR-2021,
OPTSTK,BRITANNIA,29-Apr-2021,3950,CE,0,0,0,169.45,25.4,0,0,0,0,19-APR-2021,
OPTSTK,BRITANNIA,29-Apr-2021,3960,CE,0,0,0,25.4,23.6,0,0,0,0,19-APR-2021,
OPTSTK,BRITANNIA,29-Apr-2021,3980,CE,0,0,0,23.3,20.35,0,0,0,0,19-APR-2021,
OPTSTK,BRITANNIA,29-Apr-2021,4000,CE,5.55,13.3,4,10.6,10.6,949,7610.67,92000,-12000,19-APR-2021,
OPTSTK,BRITANNIA,29-Apr-2021,4020,CE,0,0,0,19.55,14.85,0,0,0,0,19-APR-2021,
OPTSTK,BRITANNIA,29-Apr-2021,4040,CE,0,0,0,17.9,12.65,0,0,0,0,19-APR-2021,
OPTSTK,BRITANNIA,29-Apr-2021,4050,CE,0,0,0,15.4,11.65,0,0,200,0,19-APR-2021,
OPTSTK,BRITANNIA,29-Apr-2021,4060,CE,0,0,0,16.35,10.7,0,0,0,0,19-APR-2021,
OPTSTK,BRITANNIA,29-Apr-2021,4080,CE,0,0,0,14.95,9.05,0,0,0,0,19-APR-2021,
OPTSTK,BRITANNIA,29-Apr-2021,4100,CE,3.15,8.5,3,6.1,6.1,362,2972.62,41800,-1000,19-APR-2021,
OPTSTK,BRITANNIA,29-Apr-2021,4120,CE,0,0,0,12.4,6.35,0,0,0,0,19-APR-2021,
OPTSTK,BRITANNIA,29-Apr-2021,4140,CE,0,0,0,11.3,5.3,0,0,0,0,19-APR-2021,
OPTSTK,BRITANNIA,29-Apr-2021,4150,CE,0,0,0,117.65,4.8,0,0,0,0,19-APR-2021,
OPTSTK,BRITANNIA,29-Apr-2021,4160,CE,0,0,0,10.3,4.4,0,0,0,0,19-APR-2021,
OPTSTK,BRITANNIA,29-Apr-2021,4180,CE,0,0,0,9.35,3.65,0,0,0,0,19-APR-2021,
OPTSTK,BRITANNIA,29-Apr-2021,4200,CE,1.15,4.15,1.1,3.8,3.8,94,790,12000,-7000,19-APR-2021,
OPTSTK,BRITANNIA,29-Apr-2021,4220,CE,0,0,0,7.7,2.45,0,0,0,0,19-APR-2021,
OPTSTK,BRITANNIA,29-Apr-2021,4250,CE,0,0,0,97.1,1.8,0,0,0,0,19-APR-2021,
OPTSTK,BRITANNIA,29-Apr-2021,4300,CE,1.65,1.65,1.65,1.65,1.1,1,8.6,400,200,19-APR-2021,
OPTSTK,BRITANNIA,29-Apr-2021,4350,CE,0,0,0,79.8,0.65,0,0,0,0,19-APR-2021,
OPTSTK,BRITANNIA,29-Apr-2021,4400,CE,2.9,3,1.6,1.9,1.9,15,132.06,5200,400,19-APR-2021,
OPTSTK,BRITANNIA,29-Apr-2021,4450,CE,0,0,0,65.3,0.2,0,0,0,0,19-APR-2021,
OPTSTK,BRITANNIA,29-Apr-2021,4500,CE,0,0,0,0.2,0.1,0,0,800,0,19-APR-2021,
OPTSTK,BRITANNIA,29-Apr-2021,4550,CE,0,0,0,53.2,0.05,0,0,0,0,19-APR-2021,
OPTSTK,BRITANNIA,29-Apr-2021,4600,CE,0,0,0,47.9,0.05,0,0,0,0,19-APR-2021,
OPTSTK,BRITANNIA,29-Apr-2021,2600,PE,0,0,0,11.75,0,0,0,0,0,19-APR-2021,
OPTSTK,BRITANNIA,29-Apr-2021,2650,PE,0,0,0,14.85,0,0,0,0,0,19-APR-2021,
OPTSTK,BRITANNIA,29-Apr-2021,2700,PE,0,0,0,18.6,0,0,0,0,0,19-APR-2021,
OPTSTK,BRITANNIA,29-Apr-2021,2750,PE,0,0,0,23.05,0,0,0,0,0,19-APR-2021,
OPTSTK,BRITANNIA,29-Apr-2021,2800,PE,0,0,0,28.3,0,0,0,0,0,19-APR-2021,
OPTSTK,BRITANNIA,29-Apr-2021,2850,PE,0,0,0,34.35,0,0,0,0,0,19-APR-2021,
OPTSTK,BRITANNIA,29-Apr-2021,2900,PE,0,0,0,41.35,0,0,0,0,0,19-APR-2021,
OPTSTK,BRITANNIA,29-Apr-2021,2950,PE,0,0,0,49.3,0,0,0,0,0,19-APR-2021,
OPTSTK,BRITANNIA,29-Apr-2021,3000,PE,1.4,1.4,1.4,1.4,0.05,1,6,2800,0,19-APR-2021,
OPTSTK,BRITANNIA,29-Apr-2021,3040,PE,0,0,0,25.45,0.05,0,0,0,0,19-APR-2021,
OPTSTK,BRITANNIA,29-Apr-2021,3050,PE,0,0,0,68.55,0.05,0,0,0,0,19-APR-2021,
OPTSTK,BRITANNIA,29-Apr-2021,3060,PE,0,0,0,28.55,0.05,0,0,0,0,19-APR-2021,
OPTSTK,BRITANNIA,29-Apr-2021,3080,PE,0,0,0,31.85,0.05,0,0,0,0,19-APR-2021,
OPTSTK,BRITANNIA,29-Apr-2021,3100,PE,0,0,0,1.5,0.1,0,0,8800,0,19-APR-2021,
OPTSTK,BRITANNIA,29-Apr-2021,3120,PE,0,0,0,39.45,0.1,0,0,0,0,19-APR-2021,
OPTSTK,BRITANNIA,29-Apr-2021,3140,PE,0,0,0,43.65,0.15,0,0,0,0,19-APR-2021,
OPTSTK,BRITANNIA,29-Apr-2021,3150,PE,0,0,0,6,0.15,0,0,200,0,19-APR-2021,
OPTSTK,BRITANNIA,29-Apr-2021,3160,PE,0,0,0,48.25,0.2,0,0,0,0,19-APR-2021,
OPTSTK,BRITANNIA,29-Apr-2021,3180,PE,0,0,0,53.25,0.25,0,0,0,0,19-APR-2021,
OPTSTK,BRITANNIA,29-Apr-2021,3200,PE,2,2.5,2,2.5,0.35,2,12.8,17800,200,19-APR-2021,
OPTSTK,BRITANNIA,29-Apr-2021,3220,PE,0,0,0,64.05,0.5,0,0,0,0,19-APR-2021,
OPTSTK,BRITANNIA,29-Apr-2021,3240,PE,0,0,0,69.9,0.65,0,0,0,0,19-APR-2021,
OPTSTK,BRITANNIA,29-Apr-2021,3250,PE,0,0,0,121.75,0.75,0,0,0,0,19-APR-2021,
OPTSTK,BRITANNIA,29-Apr-2021,3260,PE,0,0,0,76.2,0.9,0,0,0,0,19-APR-2021,
OPTSTK,BRITANNIA,29-Apr-2021,3280,PE,0,0,0,82.95,1.15,0,0,0,0,19-APR-2021,
OPTSTK,BRITANNIA,29-Apr-2021,3300,PE,5,5,3,3.25,3.25,25,165.21,27200,200,19-APR-2021,
OPTSTK,BRITANNIA,29-Apr-2021,3320,PE,0,0,0,97.55,2,0,0,0,0,19-APR-2021,
OPTSTK,BRITANNIA,29-Apr-2021,3340,PE,0,0,0,105.45,2.6,0,0,0,0,19-APR-2021,
OPTSTK,BRITANNIA,29-Apr-2021,3350,PE,0,0,0,7,2.95,0,0,800,0,19-APR-2021,
OPTSTK,BRITANNIA,29-Apr-2021,3360,PE,0,0,0,113.75,3.35,0,0,0,0,19-APR-2021,
OPTSTK,BRITANNIA,29-Apr-2021,3380,PE,0,0,0,122.45,4.25,0,0,0,0,19-APR-2021,
OPTSTK,BRITANNIA,29-Apr-2021,3400,PE,8.9,8.9,4.6,4.8,4.8,33,224.75,39800,-3000,19-APR-2021,
OPTSTK,BRITANNIA,29-Apr-2021,3420,PE,0,0,0,141.05,6.65,0,0,0,0,19-APR-2021,
OPTSTK,BRITANNIA,29-Apr-2021,3440,PE,0,0,0,150.95,8.25,0,0,0,0,19-APR-2021,
OPTSTK,BRITANNIA,29-Apr-2021,3450,PE,5,5,5,5,9.15,1,6.91,5000,-200,19-APR-2021,
OPTSTK,BRITANNIA,29-Apr-2021,3460,PE,0,0,0,161.25,10.15,0,0,0,0,19-APR-2021,
OPTSTK,BRITANNIA,29-Apr-2021,3480,PE,0,0,0,40,12.4,0,0,200,0,19-APR-2021,
OPTSTK,BRITANNIA,29-Apr-2021,3500,PE,12.05,12.05,7.3,7.6,7.6,340,2386.14,49200,600,19-APR-2021,
OPTSTK,BRITANNIA,29-Apr-2021,3520,PE,0,0,0,194.5,18,0,0,0,0,19-APR-2021,
OPTSTK,BRITANNIA,29-Apr-2021,3540,PE,0,0,0,206.35,21.45,0,0,0,0,19-APR-2021,
OPTSTK,BRITANNIA,29-Apr-2021,3550,PE,19.6,19.6,10.95,11.1,11.1,74,527.46,16600,-800,19-APR-2021,
OPTSTK,BRITANNIA,29-Apr-2021,3560,PE,0,0,0,218.6,25.4,0,0,0,0,19-APR-2021,
OPTSTK,BRITANNIA,29-Apr-2021,3580,PE,46.3,46.3,46.3,46.3,29.9,1,7.25,2000,200,19-APR-2021,
OPTSTK,BRITANNIA,29-Apr-2021,3600,PE,26,30.1,10.95,16.1,16.1,385,2787.77,56200,-1000,19-APR-2021,
OPTSTK,BRITANNIA,29-Apr-2021,3620,PE,0,0,0,44.55,40.55,0,0,200,0,19-APR-2021,
OPTSTK,BRITANNIA,29-Apr-2021,3640,PE,0,0,0,90.8,46.85,0,0,0,0,19-APR-2021,
OPTSTK,BRITANNIA,29-Apr-2021,3650,PE,43.85,45.95,24.45,25.7,25.7,151,1111.97,31600,2600,19-APR-2021,
OPTSTK,BRITANNIA,29-Apr-2021,3660,PE,0,0,0,285.05,53.75,0,0,0,0,19-APR-2021,
OPTSTK,BRITANNIA,29-Apr-2021,3680,PE,0,0,0,299.35,61.35,0,0,0,0,19-APR-2021,
OPTSTK,BRITANNIA,29-Apr-2021,3700,PE,74.65,80,38,39.9,39.9,598,4484.56,37800,400,19-APR-2021,
OPTSTK,BRITANNIA,29-Apr-2021,3720,PE,0,0,0,329.05,78.6,0,0,0,0,19-APR-2021,
OPTSTK,BRITANNIA,29-Apr-2021,3740,PE,124.25,124.25,124.25,124.25,88.2,2,15.45,600,400,19-APR-2021,
OPTSTK,BRITANNIA,29-Apr-2021,3750,PE,77,90.65,59.7,61.2,61.2,14,106.92,3800,600,19-APR-2021,
OPTSTK,BRITANNIA,29-Apr-2021,3760,PE,0,0,0,58,98.55,0,0,200,0,19-APR-2021,
OPTSTK,BRITANNIA,29-Apr-2021,3780,PE,0,0,0,375.4,109.6,0,0,0,0,19-APR-2021,
OPTSTK,BRITANNIA,29-Apr-2021,3800,PE,140.45,140.45,87.2,88.6,88.6,10,78.12,17400,0,19-APR-2021,
OPTSTK,BRITANNIA,29-Apr-2021,3820,PE,0,0,0,407.65,133.7,0,0,0,0,19-APR-2021,
OPTSTK,BRITANNIA,29-Apr-2021,3840,PE,0,0,0,424.1,146.7,0,0,0,0,19-APR-2021,
OPTSTK,BRITANNIA,29-Apr-2021,3850,PE,0,0,0,102,153.45,0,0,200,0,19-APR-2021,
OPTSTK,BRITANNIA,29-Apr-2021,3860,PE,0,0,0,440.85,160.35,0,0,0,0,19-APR-2021,
OPTSTK,BRITANNIA,29-Apr-2021,3880,PE,0,0,0,457.75,174.6,0,0,0,0,19-APR-2021,
OPTSTK,BRITANNIA,29-Apr-2021,3900,PE,231.55,231.6,231.55,231.6,189.55,3,24.78,11000,-200,19-APR-2021,
OPTSTK,BRITANNIA,29-Apr-2021,3920,PE,0,0,0,492.2,204.7,0,0,0,0,19-APR-2021,
OPTSTK,BRITANNIA,29-Apr-2021,3940,PE,0,0,0,509.7,220.5,0,0,0,0,19-APR-2021,
OPTSTK,BRITANNIA,29-Apr-2021,3950,PE,0,0,0,479.15,228.6,0,0,0,0,19-APR-2021,
OPTSTK,BRITANNIA,29-Apr-2021,3960,PE,0,0,0,527.35,236.8,0,0,0,0,19-APR-2021,
OPTSTK,BRITANNIA,29-Apr-2021,3980,PE,0,0,0,545.2,253.45,0,0,0,0,19-APR-2021,
OPTSTK,BRITANNIA,29-Apr-2021,4000,PE,0,0,0,217.5,270.55,0,0,200,0,19-APR-2021,
OPTSTK,BRITANNIA,29-Apr-2021,4020,PE,0,0,0,581.3,287.95,0,0,0,0,19-APR-2021,
OPTSTK,BRITANNIA,29-Apr-2021,4040,PE,0,0,0,599.55,305.75,0,0,0,0,19-APR-2021,
OPTSTK,BRITANNIA,29-Apr-2021,4050,PE,0,0,0,550.2,314.7,0,0,0,0,19-APR-2021,
OPTSTK,BRITANNIA,29-Apr-2021,4060,PE,0,0,0,617.95,323.75,0,0,0,0,19-APR-2021,
OPTSTK,BRITANNIA,29-Apr-2021,4080,PE,0,0,0,636.45,342.05,0,0,0,0,19-APR-2021,
OPTSTK,BRITANNIA,29-Apr-2021,4100,PE,0,0,0,587.45,360.6,0,0,0,0,19-APR-2021,
OPTSTK,BRITANNIA,29-Apr-2021,4120,PE,0,0,0,673.8,379.35,0,0,0,0,19-APR-2021,
OPTSTK,BRITANNIA,29-Apr-2021,4140,PE,0,0,0,692.6,398.25,0,0,0,0,19-APR-2021,
OPTSTK,BRITANNIA,29-Apr-2021,4150,PE,0,0,0,625.45,407.8,0,0,0,0,19-APR-2021,
OPTSTK,BRITANNIA,29-Apr-2021,4160,PE,0,0,0,711.5,417.35,0,0,0,0,19-APR-2021,
OPTSTK,BRITANNIA,29-Apr-2021,4180,PE,0,0,0,730.5,436.55,0,0,0,0,19-APR-2021,
OPTSTK,BRITANNIA,29-Apr-2021,4200,PE,0,0,0,664.4,455.9,0,0,0,0,19-APR-2021,
OPTSTK,BRITANNIA,29-Apr-2021,4220,PE,0,0,0,768.7,475.35,0,0,0,0,19-APR-2021,
OPTSTK,BRITANNIA,29-Apr-2021,4250,PE,0,0,0,704,504.7,0,0,0,0,19-APR-2021,
OPTSTK,BRITANNIA,29-Apr-2021,4300,PE,0,0,0,744.55,553.9,0,0,0,0,19-APR-2021,
OPTSTK,BRITANNIA,29-Apr-2021,4350,PE,0,0,0,785.8,603.4,0,0,0,0,19-APR-2021,
OPTSTK,BRITANNIA,29-Apr-2021,4400,PE,0,0,0,827.75,653.1,0,0,0,0,19-APR-2021,
OPTSTK,BRITANNIA,29-Apr-2021,4450,PE,0,0,0,870.35,702.9,0,0,0,0,19-APR-2021,
OPTSTK,BRITANNIA,29-Apr-2021,4500,PE,0,0,0,913.55,752.75,0,0,0,0,19-APR-2021,
OPTSTK,BRITANNIA,29-Apr-2021,4550,PE,0,0,0,957.3,802.65,0,0,0,0,19-APR-2021,
OPTSTK,BRITANNIA,29-Apr-2021,4600,PE,0,0,0,1001.6,852.55,0,0,0,0,19-APR-2021,
OPTSTK,BRITANNIA,27-May-2021,2600,CE,0,0,0,848.05,1153.15,0,0,0,0,19-APR-2021,
OPTSTK,BRITANNIA,27-May-2021,2650,CE,0,0,0,803.35,1103.45,0,0,0,0,19-APR-2021,
OPTSTK,BRITANNIA,27-May-2021,2700,CE,0,0,0,759.5,1053.75,0,0,0,0,19-APR-2021,
OPTSTK,BRITANNIA,27-May-2021,2750,CE,0,0,0,716.6,1004.2,0,0,0,0,19-APR-2021,
OPTSTK,BRITANNIA,27-May-2021,2800,CE,0,0,0,674.75,954.7,0,0,0,0,19-APR-2021,
OPTSTK,BRITANNIA,27-May-2021,2850,CE,0,0,0,634.1,905.4,0,0,0,0,19-APR-2021,
OPTSTK,BRITANNIA,27-May-2021,2900,CE,0,0,0,594.65,856.35,0,0,0,0,19-APR-2021,
OPTSTK,BRITANNIA,27-May-2021,2950,CE,0,0,0,556.45,807.6,0,0,0,0,19-APR-2021,
OPTSTK,BRITANNIA,27-May-2021,3000,CE,0,0,0,519.75,759.25,0,0,0,0,19-APR-2021,
OPTSTK,BRITANNIA,27-May-2021,3040,CE,0,0,0,479.4,720.95,0,0,0,0,19-APR-2021,
OPTSTK,BRITANNIA,27-May-2021,3050,CE,0,0,0,484.35,711.45,0,0,0,0,19-APR-2021,
OPTSTK,BRITANNIA,27-May-2021,3060,CE,0,0,0,464.05,701.95,0,0,0,0,19-APR-2021,
OPTSTK,BRITANNIA,27-May-2021,3080,CE,0,0,0,448.95,683.05,0,0,0,0,19-APR-2021,
OPTSTK,BRITANNIA,27-May-2021,3100,CE,0,0,0,450.25,664.3,0,0,0,0,19-APR-2021,
OPTSTK,BRITANNIA,27-May-2021,3120,CE,0,0,0,419.7,645.65,0,0,0,0,19-APR-2021,
OPTSTK,BRITANNIA,27-May-2021,3140,CE,0,0,0,405.4,627.15,0,0,0,0,19-APR-2021,
OPTSTK,BRITANNIA,27-May-2021,3150,CE,0,0,0,417.85,617.95,0,0,0,0,19-APR-2021,
OPTSTK,BRITANNIA,27-May-2021,3160,CE,0,0,0,391.4,608.8,0,0,0,0,19-APR-2021,
OPTSTK,BRITANNIA,27-May-2021,3180,CE,0,0,0,377.5,590.6,0,0,0,0,19-APR-2021,
OPTSTK,BRITANNIA,27-May-2021,3200,CE,0,0,0,386.95,572.55,0,0,0,0,19-APR-2021,
OPTSTK,BRITANNIA,27-May-2021,3220,CE,0,0,0,350.95,554.7,0,0,0,0,19-APR-2021,
OPTSTK,BRITANNIA,27-May-2021,3240,CE,0,0,0,338.1,537.05,0,0,0,0,19-APR-2021,
OPTSTK,BRITANNIA,27-May-2021,3250,CE,0,0,0,357.6,528.35,0,0,0,0,19-APR-2021,
OPTSTK,BRITANNIA,27-May-2021,3260,CE,0,0,0,325.55,519.65,0,0,0,0,19-APR-2021,
OPTSTK,BRITANNIA,27-May-2021,3280,CE,0,0,0,313.3,502.4,0,0,0,0,19-APR-2021,
OPTSTK,BRITANNIA,27-May-2021,3300,CE,0,0,0,329.8,485.4,0,0,0,0,19-APR-2021,
OPTSTK,BRITANNIA,27-May-2021,3320,CE,0,0,0,289.7,468.65,0,0,0,0,19-APR-2021,
OPTSTK,BRITANNIA,27-May-2021,3340,CE,0,0,0,278.35,452.15,0,0,0,0,19-APR-2021,
OPTSTK,BRITANNIA,27-May-2021,3350,CE,0,0,0,303.55,443.95,0,0,0,0,19-APR-2021,
OPTSTK,BRITANNIA,27-May-2021,3360,CE,0,0,0,267.3,435.85,0,0,0,0,19-APR-2021,
OPTSTK,BRITANNIA,27-May-2021,3380,CE,0,0,0,256.55,419.9,0,0,0,0,19-APR-2021,
OPTSTK,BRITANNIA,27-May-2021,3400,CE,0,0,0,278.8,404.15,0,0,0,0,19-APR-2021,
OPTSTK,BRITANNIA,27-May-2021,3420,CE,0,0,0,235.95,388.75,0,0,0,0,19-APR-2021,
OPTSTK,BRITANNIA,27-May-2021,3440,CE,0,0,0,226.1,373.65,0,0,0,0,19-APR-2021,
OPTSTK,BRITANNIA,27-May-2021,3450,CE,0,0,0,255.6,366.3,0,0,0,0,19-APR-2021,
OPTSTK,BRITANNIA,27-May-2021,3460,CE,0,0,0,216.5,358.95,0,0,0,0,19-APR-2021,
OPTSTK,BRITANNIA,27-May-2021,3480,CE,0,0,0,207.25,344.4,0,0,0,0,19-APR-2021,
OPTSTK,BRITANNIA,27-May-2021,3500,CE,0,0,0,150,330.05,0,0,200,0,19-APR-2021,
OPTSTK,BRITANNIA,27-May-2021,3520,CE,0,0,0,189.6,316.2,0,0,0,0,19-APR-2021,
OPTSTK,BRITANNIA,27-May-2021,3540,CE,0,0,0,181.2,302.7,0,0,0,0,19-APR-2021,
OPTSTK,BRITANNIA,27-May-2021,3550,CE,0,0,0,213.55,296.05,0,0,0,0,19-APR-2021,
OPTSTK,BRITANNIA,27-May-2021,3560,CE,0,0,0,173.1,289.55,0,0,0,0,19-APR-2021,
OPTSTK,BRITANNIA,27-May-2021,3580,CE,0,0,0,165.25,276.7,0,0,0,0,19-APR-2021,
OPTSTK,BRITANNIA,27-May-2021,3600,CE,0,0,0,135,264.25,0,0,600,0,19-APR-2021,
OPTSTK,BRITANNIA,27-May-2021,3620,CE,0,0,0,129.85,252.1,0,0,5000,0,19-APR-2021,
OPTSTK,BRITANNIA,27-May-2021,3640,CE,0,0,0,121.7,240.35,0,0,3000,0,19-APR-2021,
OPTSTK,BRITANNIA,27-May-2021,3650,CE,0,0,0,123.55,234.6,0,0,3600,0,19-APR-2021,
OPTSTK,BRITANNIA,27-May-2021,3660,CE,0,0,0,136.55,228.95,0,0,0,0,19-APR-2021,
OPTSTK,BRITANNIA,27-May-2021,3680,CE,0,0,0,130.05,217.9,0,0,0,0,19-APR-2021,
OPTSTK,BRITANNIA,27-May-2021,3700,CE,0,0,0,135,207.2,0,0,600,0,19-APR-2021,
OPTSTK,BRITANNIA,27-May-2021,3720,CE,0,0,0,117.75,196.85,0,0,0,0,19-APR-2021,
OPTSTK,BRITANNIA,27-May-2021,3740,CE,0,0,0,111.95,186.85,0,0,0,0,19-APR-2021,
OPTSTK,BRITANNIA,27-May-2021,3750,CE,0,0,0,145.7,182,0,0,0,0,19-APR-2021,
OPTSTK,BRITANNIA,27-May-2021,3760,CE,0,0,0,106.4,177.25,0,0,0,0,19-APR-2021,
OPTSTK,BRITANNIA,27-May-2021,3780,CE,0,0,0,101.05,168,0,0,0,0,19-APR-2021,
OPTSTK,BRITANNIA,27-May-2021,3800,CE,144.95,144.95,103,119,119,9,70.52,4400,1400,19-APR-2021,
OPTSTK,BRITANNIA,27-May-2021,3820,CE,0,0,0,91.2,150.5,0,0,0,0,19-APR-2021,
OPTSTK,BRITANNIA,27-May-2021,3840,CE,0,0,0,86.55,142.25,0,0,0,0,19-APR-2021,
OPTSTK,BRITANNIA,27-May-2021,3850,CE,0,0,0,119.25,138.25,0,0,0,0,19-APR-2021,
OPTSTK,BRITANNIA,27-May-2021,3860,CE,0,0,0,82.1,134.35,0,0,0,0,19-APR-2021,
OPTSTK,BRITANNIA,27-May-2021,3880,CE,0,0,0,77.8,126.8,0,0,0,0,19-APR-2021,
OPTSTK,BRITANNIA,27-May-2021,3900,CE,0,0,0,49,119.55,0,0,800,0,19-APR-2021,
OPTSTK,BRITANNIA,27-May-2021,3920,CE,0,0,0,69.65,112.65,0,0,0,0,19-APR-2021,
OPTSTK,BRITANNIA,27-May-2021,3940,CE,0,0,0,65.95,106.05,0,0,0,0,19-APR-2021,
OPTSTK,BRITANNIA,27-May-2021,3950,CE,0,0,0,96.95,102.85,0,0,0,0,19-APR-2021,
OPTSTK,BRITANNIA,27-May-2021,3960,CE,0,0,0,62.35,99.75,0,0,0,0,19-APR-2021,
OPTSTK,BRITANNIA,27-May-2021,3980,CE,0,0,0,58.95,93.7,0,0,0,0,19-APR-2021,
OPTSTK,BRITANNIA,27-May-2021,4000,CE,40,65,40,62.5,62.5,5,40.58,3200,200,19-APR-2021,
OPTSTK,BRITANNIA,27-May-2021,4020,CE,0,0,0,52.65,82.55,0,0,0,0,19-APR-2021,
OPTSTK,BRITANNIA,27-May-2021,4040,CE,0,0,0,49.7,77.55,0,0,0,0,19-APR-2021,
OPTSTK,BRITANNIA,27-May-2021,4050,CE,0,0,0,78.1,75.1,0,0,0,0,19-APR-2021,
OPTSTK,BRITANNIA,27-May-2021,4060,CE,0,0,0,46.9,72.7,0,0,0,0,19-APR-2021,
OPTSTK,BRITANNIA,27-May-2021,4080,CE,0,0,0,44.25,68.05,0,0,0,0,19-APR-2021,
OPTSTK,BRITANNIA,27-May-2021,4100,CE,0,0,0,70,63.55,0,0,0,0,19-APR-2021,
OPTSTK,BRITANNIA,27-May-2021,4120,CE,0,0,0,39.35,59.35,0,0,0,0,19-APR-2021,
OPTSTK,BRITANNIA,27-May-2021,4140,CE,0,0,0,37.05,55.45,0,0,0,0,19-APR-2021,
OPTSTK,BRITANNIA,27-May-2021,4150,CE,0,0,0,62.65,53.55,0,0,0,0,19-APR-2021,
OPTSTK,BRITANNIA,27-May-2021,4160,CE,0,0,0,34.9,51.75,0,0,0,0,19-APR-2021,
OPTSTK,BRITANNIA,27-May-2021,4180,CE,0,0,0,32.85,48.2,0,0,0,0,19-APR-2021,
OPTSTK,BRITANNIA,27-May-2021,4200,CE,0,0,0,56,44.9,0,0,0,0,19-APR-2021,
OPTSTK,BRITANNIA,27-May-2021,4220,CE,0,0,0,29.1,41.8,0,0,0,0,19-APR-2021,
OPTSTK,BRITANNIA,27-May-2021,4250,CE,0,0,0,49.95,37.5,0,0,0,0,19-APR-2021,
OPTSTK,BRITANNIA,27-May-2021,4300,CE,0,0,0,44.55,31.15,0,0,0,0,19-APR-2021,
OPTSTK,BRITANNIA,27-May-2021,4350,CE,0,0,0,39.6,25.75,0,0,0,0,19-APR-2021,
OPTSTK,BRITANNIA,27-May-2021,4400,CE,0,0,0,35.2,21.2,0,0,0,0,19-APR-2021,
OPTSTK,BRITANNIA,27-May-2021,4450,CE,0,0,0,31.25,17.35,0,0,0,0,19-APR-2021,
OPTSTK,BRITANNIA,27-May-2021,4500,CE,0,0,0,27.7,14.15,0,0,0,0,19-APR-2021,
OPTSTK,BRITANNIA,27-May-2021,4550,CE,0,0,0,24.55,11.5,0,0,0,0,19-APR-2021,
OPTSTK,BRITANNIA,27-May-2021,4600,CE,0,0,0,21.7,9.3,0,0,0,0,19-APR-2021,
OPTSTK,BRITANNIA,27-May-2021,2600,PE,0,0,0,18.85,0.15,0,0,0,0,19-APR-2021,
OPTSTK,BRITANNIA,27-May-2021,2650,PE,0,0,0,23.65,0.2,0,0,0,0,19-APR-2021,
OPTSTK,BRITANNIA,27-May-2021,2700,PE,0,0,0,29.35,0.35,0,0,0,0,19-APR-2021,
OPTSTK,BRITANNIA,27-May-2021,2750,PE,0,0,0,36,0.55,0,0,0,0,19-APR-2021,
OPTSTK,BRITANNIA,27-May-2021,2800,PE,0,0,0,43.7,0.9,0,0,0,0,19-APR-2021,
OPTSTK,BRITANNIA,27-May-2021,2850,PE,0,0,0,52.55,1.4,0,0,0,0,19-APR-2021,
OPTSTK,BRITANNIA,27-May-2021,2900,PE,0,0,0,62.65,2.15,0,0,0,0,19-APR-2021,
OPTSTK,BRITANNIA,27-May-2021,2950,PE,0,0,0,74,3.2,0,0,0,0,19-APR-2021,
OPTSTK,BRITANNIA,27-May-2021,3000,PE,0,0,0,86.85,4.65,0,0,0,0,19-APR-2021,
OPTSTK,BRITANNIA,27-May-2021,3040,PE,0,0,0,55.9,6.2,0,0,0,0,19-APR-2021,
OPTSTK,BRITANNIA,27-May-2021,3050,PE,0,0,0,100.95,6.65,0,0,0,0,19-APR-2021,
OPTSTK,BRITANNIA,27-May-2021,3060,PE,0,0,0,60.45,7.1,0,0,0,0,19-APR-2021,
OPTSTK,BRITANNIA,27-May-2021,3080,PE,0,0,0,65.25,8.15,0,0,0,0,19-APR-2021,
OPTSTK,BRITANNIA,27-May-2021,3100,PE,0,0,0,116.4,9.3,0,0,0,0,19-APR-2021,
OPTSTK,BRITANNIA,27-May-2021,3120,PE,0,0,0,75.7,10.6,0,0,0,0,19-APR-2021,
OPTSTK,BRITANNIA,27-May-2021,3140,PE,0,0,0,81.3,12,0,0,0,0,19-APR-2021,
OPTSTK,BRITANNIA,27-May-2021,3150,PE,0,0,0,133.55,12.75,0,0,0,0,19-APR-2021,
OPTSTK,BRITANNIA,27-May-2021,3160,PE,0,0,0,87.15,13.55,0,0,0,0,19-APR-2021,
OPTSTK,BRITANNIA,27-May-2021,3180,PE,0,0,0,93.15,15.3,0,0,0,0,19-APR-2021,
OPTSTK,BRITANNIA,27-May-2021,3200,PE,0,0,0,152.15,17.2,0,0,0,0,19-APR-2021,
OPTSTK,BRITANNIA,27-May-2021,3220,PE,0,0,0,106.35,19.25,0,0,0,0,19-APR-2021,
OPTSTK,BRITANNIA,27-May-2021,3240,PE,0,0,0,113.35,21.55,0,0,0,0,19-APR-2021,
OPTSTK,BRITANNIA,27-May-2021,3250,PE,0,0,0,172.35,22.75,0,0,0,0,19-APR-2021,
OPTSTK,BRITANNIA,27-May-2021,3260,PE,0,0,0,120.7,24.05,0,0,0,0,19-APR-2021,
OPTSTK,BRITANNIA,27-May-2021,3280,PE,0,0,0,128.3,26.7,0,0,0,0,19-APR-2021,
OPTSTK,BRITANNIA,27-May-2021,3300,PE,0,0,0,194.1,29.65,0,0,0,0,19-APR-2021,
OPTSTK,BRITANNIA,27-May-2021,3320,PE,0,0,0,144.45,32.8,0,0,0,0,19-APR-2021,
OPTSTK,BRITANNIA,27-May-2021,3340,PE,0,0,0,152.95,36.2,0,0,0,0,19-APR-2021,
OPTSTK,BRITANNIA,27-May-2021,3350,PE,0,0,0,217.4,38,0,0,0,0,19-APR-2021,
OPTSTK,BRITANNIA,27-May-2021,3360,PE,0,0,0,161.75,39.9,0,0,0,0,19-APR-2021,
OPTSTK,BRITANNIA,27-May-2021,3380,PE,0,0,0,170.9,43.8,0,0,0,0,19-APR-2021,
OPTSTK,BRITANNIA,27-May-2021,3400,PE,0,0,0,30,48,0,0,200,0,19-APR-2021,
OPTSTK,BRITANNIA,27-May-2021,3420,PE,0,0,0,190.05,52.5,0,0,0,0,19-APR-2021,
OPTSTK,BRITANNIA,27-May-2021,3440,PE,0,0,0,200.05,57.3,0,0,0,0,19-APR-2021,
OPTSTK,BRITANNIA,27-May-2021,3450,PE,0,0,0,268.5,59.95,0,0,0,0,19-APR-2021,
OPTSTK,BRITANNIA,27-May-2021,3460,PE,0,0,0,210.35,62.55,0,0,0,0,19-APR-2021,
OPTSTK,BRITANNIA,27-May-2021,3480,PE,0,0,0,220.95,67.95,0,0,0,0,19-APR-2021,
OPTSTK,BRITANNIA,27-May-2021,3500,PE,91.95,91.95,91.95,91.95,73.5,1,7.18,400,200,19-APR-2021,
OPTSTK,BRITANNIA,27-May-2021,3520,PE,0,0,0,243.05,79.6,0,0,0,0,19-APR-2021,
OPTSTK,BRITANNIA,27-May-2021,3540,PE,0,0,0,254.5,86,0,0,0,0,19-APR-2021,
OPTSTK,BRITANNIA,27-May-2021,3550,PE,0,0,0,102.75,89.35,0,0,1000,0,19-APR-2021,
OPTSTK,BRITANNIA,27-May-2021,3560,PE,0,0,0,106,92.75,0,0,1400,0,19-APR-2021,
OPTSTK,BRITANNIA,27-May-2021,3580,PE,0,0,0,278.3,99.85,0,0,0,0,19-APR-2021,
OPTSTK,BRITANNIA,27-May-2021,3600,PE,73,92.55,73,73,107.3,4,29.42,4200,800,19-APR-2021,
OPTSTK,BRITANNIA,27-May-2021,3620,PE,0,0,0,303.15,115.1,0,0,0,0,19-APR-2021,
OPTSTK,BRITANNIA,27-May-2021,3640,PE,0,0,0,316,123.25,0,0,0,0,19-APR-2021,
OPTSTK,BRITANNIA,27-May-2021,3650,PE,0,0,0,388.05,127.45,0,0,0,0,19-APR-2021,
OPTSTK,BRITANNIA,27-May-2021,3660,PE,0,0,0,329.1,131.75,0,0,0,0,19-APR-2021,
OPTSTK,BRITANNIA,27-May-2021,3680,PE,0,0,0,342.45,140.65,0,0,0,0,19-APR-2021,
OPTSTK,BRITANNIA,27-May-2021,3700,PE,0,0,0,421.3,149.85,0,0,0,0,19-APR-2021,
OPTSTK,BRITANNIA,27-May-2021,3720,PE,0,0,0,369.9,159.45,0,0,0,0,19-APR-2021,
OPTSTK,BRITANNIA,27-May-2021,3740,PE,0,0,0,383.95,169.4,0,0,0,0,19-APR-2021,
OPTSTK,BRITANNIA,27-May-2021,3750,PE,0,0,0,455.8,174.5,0,0,0,0,19-APR-2021,
OPTSTK,BRITANNIA,27-May-2021,3760,PE,0,0,0,398.3,179.7,0,0,0,0,19-APR-2021,
OPTSTK,BRITANNIA,27-May-2021,3780,PE,0,0,0,412.8,190.35,0,0,0,0,19-APR-2021,
OPTSTK,BRITANNIA,27-May-2021,3800,PE,0,0,0,491.5,201.35,0,0,0,0,19-APR-2021,
OPTSTK,BRITANNIA,27-May-2021,3820,PE,0,0,0,442.7,212.7,0,0,0,0,19-APR-2021,
OPTSTK,BRITANNIA,27-May-2021,3840,PE,0,0,0,457.95,224.4,0,0,0,0,19-APR-2021,
OPTSTK,BRITANNIA,27-May-2021,3850,PE,0,0,0,528.45,230.35,0,0,0,0,19-APR-2021,
OPTSTK,BRITANNIA,27-May-2021,3860,PE,0,0,0,473.35,236.45,0,0,0,0,19-APR-2021,
OPTSTK,BRITANNIA,27-May-2021,3880,PE,0,0,0,488.95,248.8,0,0,0,0,19-APR-2021,
OPTSTK,BRITANNIA,27-May-2021,3900,PE,0,0,0,566.3,261.45,0,0,0,0,19-APR-2021,
OPTSTK,BRITANNIA,27-May-2021,3920,PE,0,0,0,520.55,274.45,0,0,0,0,19-APR-2021,
OPTSTK,BRITANNIA,27-May-2021,3940,PE,0,0,0,536.65,287.8,0,0,0,0,19-APR-2021,
OPTSTK,BRITANNIA,27-May-2021,3950,PE,0,0,0,605.15,294.55,0,0,0,0,19-APR-2021,
OPTSTK,BRITANNIA,27-May-2021,3960,PE,0,0,0,552.95,301.4,0,0,0,0,19-APR-2021,
OPTSTK,BRITANNIA,27-May-2021,3980,PE,0,0,0,569.45,315.3,0,0,0,0,19-APR-2021,
OPTSTK,BRITANNIA,27-May-2021,4000,PE,0,0,0,324,329.5,0,0,200,0,19-APR-2021,
OPTSTK,BRITANNIA,27-May-2021,4020,PE,0,0,0,602.85,344,0,0,0,0,19-APR-2021,
OPTSTK,BRITANNIA,27-May-2021,4040,PE,0,0,0,619.8,358.9,0,0,0,0,19-APR-2021,
OPTSTK,BRITANNIA,27-May-2021,4050,PE,0,0,0,685.45,366.4,0,0,0,0,19-APR-2021,
OPTSTK,BRITANNIA,27-May-2021,4060,PE,0,0,0,636.85,373.95,0,0,0,0,19-APR-2021,
OPTSTK,BRITANNIA,27-May-2021,4080,PE,0,0,0,654.1,389.25,0,0,0,0,19-APR-2021,
OPTSTK,BRITANNIA,27-May-2021,4100,PE,0,0,0,726.85,404.65,0,0,0,0,19-APR-2021,
OPTSTK,BRITANNIA,27-May-2021,4120,PE,0,0,0,688.9,420.4,0,0,0,0,19-APR-2021,
OPTSTK,BRITANNIA,27-May-2021,4140,PE,0,0,0,706.5,436.4,0,0,0,0,19-APR-2021,
OPTSTK,BRITANNIA,27-May-2021,4150,PE,0,0,0,769.05,444.5,0,0,0,0,19-APR-2021,
OPTSTK,BRITANNIA,27-May-2021,4160,PE,0,0,0,724.2,452.6,0,0,0,0,19-APR-2021,
OPTSTK,BRITANNIA,27-May-2021,4180,PE,0,0,0,742.05,469.05,0,0,0,0,19-APR-2021,
OPTSTK,BRITANNIA,27-May-2021,4200,PE,0,0,0,811.9,485.65,0,0,0,0,19-APR-2021,
OPTSTK,BRITANNIA,27-May-2021,4220,PE,0,0,0,778,502.45,0,0,0,0,19-APR-2021,
OPTSTK,BRITANNIA,27-May-2021,4250,PE,0,0,0,855.4,528.05,0,0,0,0,19-APR-2021,
OPTSTK,BRITANNIA,27-May-2021,4300,PE,0,0,0,899.5,571.5,0,0,0,0,19-APR-2021,
OPTSTK,BRITANNIA,27-May-2021,4350,PE,0,0,0,944.15,615.9,0,0,0,0,19-APR-2021,
OPTSTK,BRITANNIA,27-May-2021,4400,PE,0,0,0,989.25,661.15,0,0,0,0,19-APR-2021,
OPTSTK,BRITANNIA,27-May-2021,4450,PE,0,0,0,1034.85,707.1,0,0,0,0,19-APR-2021,
OPTSTK,BRITANNIA,27-May-2021,4500,PE,0,0,0,1080.85,753.7,0,0,0,0,19-APR-2021,
OPTSTK,BRITANNIA,27-May-2021,4550,PE,0,0,0,1127.2,800.85,0,0,0,0,19-APR-2021,
OPTSTK,BRITANNIA,27-May-2021,4600,PE,0,0,0,1173.9,848.45,0,0,0,0,19-APR-2021,
OPTSTK,BRITANNIA,24-Jun-2021,2640,CE,0,0,0,846,1122.8,0,0,0,0,19-APR-2021,
OPTSTK,BRITANNIA,24-Jun-2021,2660,CE,0,0,0,827.95,1103.25,0,0,0,0,19-APR-2021,
OPTSTK,BRITANNIA,24-Jun-2021,2680,CE,0,0,0,810,1083.75,0,0,0,0,19-APR-2021,
OPTSTK,BRITANNIA,24-Jun-2021,2700,CE,0,0,0,792.2,1064.25,0,0,0,0,19-APR-2021,
OPTSTK,BRITANNIA,24-Jun-2021,2720,CE,0,0,0,774.5,1044.85,0,0,0,0,19-APR-2021,
OPTSTK,BRITANNIA,24-Jun-2021,2740,CE,0,0,0,757,1025.45,0,0,0,0,19-APR-2021,
OPTSTK,BRITANNIA,24-Jun-2021,2760,CE,0,0,0,739.65,1006.15,0,0,0,0,19-APR-2021,
OPTSTK,BRITANNIA,24-Jun-2021,2780,CE,0,0,0,722.4,986.9,0,0,0,0,19-APR-2021,
OPTSTK,BRITANNIA,24-Jun-2021,2800,CE,0,0,0,705.35,967.7,0,0,0,0,19-APR-2021,
OPTSTK,BRITANNIA,24-Jun-2021,2820,CE,0,0,0,688.5,948.55,0,0,0,0,19-APR-2021,
OPTSTK,BRITANNIA,24-Jun-2021,2840,CE,0,0,0,671.8,929.55,0,0,0,0,19-APR-2021,
OPTSTK,BRITANNIA,24-Jun-2021,2860,CE,0,0,0,655.3,910.55,0,0,0,0,19-APR-2021,
OPTSTK,BRITANNIA,24-Jun-2021,2880,CE,0,0,0,638.95,891.7,0,0,0,0,19-APR-2021,
OPTSTK,BRITANNIA,24-Jun-2021,2900,CE,0,0,0,622.85,872.9,0,0,0,0,19-APR-2021,
OPTSTK,BRITANNIA,24-Jun-2021,2920,CE,0,0,0,606.9,854.2,0,0,0,0,19-APR-2021,
OPTSTK,BRITANNIA,24-Jun-2021,2940,CE,0,0,0,591.15,835.65,0,0,0,0,19-APR-2021,
OPTSTK,BRITANNIA,24-Jun-2021,2960,CE,0,0,0,575.65,817.15,0,0,0,0,19-APR-2021,
OPTSTK,BRITANNIA,24-Jun-2021,2980,CE,0,0,0,560.35,798.8,0,0,0,0,19-APR-2021,
OPTSTK,BRITANNIA,24-Jun-2021,3000,CE,0,0,0,545.25,780.6,0,0,0,0,19-APR-2021,
OPTSTK,BRITANNIA,24-Jun-2021,3020,CE,0,0,0,530.5,762.5,0,0,0,0,19-APR-2021,
OPTSTK,BRITANNIA,24-Jun-2021,3040,CE,0,0,0,515.8,744.55,0,0,0,0,19-APR-2021,
OPTSTK,BRITANNIA,24-Jun-2021,3060,CE,0,0,0,501.4,726.75,0,0,0,0,19-APR-2021,
OPTSTK,BRITANNIA,24-Jun-2021,3080,CE,0,0,0,487.2,709.1,0,0,0,0,19-APR-2021,
OPTSTK,BRITANNIA,24-Jun-2021,3100,CE,0,0,0,473.2,691.6,0,0,0,0,19-APR-2021,
OPTSTK,BRITANNIA,24-Jun-2021,3120,CE,0,0,0,459.5,674.25,0,0,0,0,19-APR-2021,
OPTSTK,BRITANNIA,24-Jun-2021,3140,CE,0,0,0,445.85,657.1,0,0,0,0,19-APR-2021,
OPTSTK,BRITANNIA,24-Jun-2021,3160,CE,0,0,0,432.65,640.1,0,0,0,0,19-APR-2021,
OPTSTK,BRITANNIA,24-Jun-2021,3180,CE,0,0,0,419.65,623.3,0,0,0,0,19-APR-2021,
OPTSTK,BRITANNIA,24-Jun-2021,3200,CE,0,0,0,406.9,606.7,0,0,0,0,19-APR-2021,
OPTSTK,BRITANNIA,24-Jun-2021,3220,CE,0,0,0,394.45,590.3,0,0,0,0,19-APR-2021,
OPTSTK,BRITANNIA,24-Jun-2021,3240,CE,0,0,0,382.2,574.1,0,0,0,0,19-APR-2021,
OPTSTK,BRITANNIA,24-Jun-2021,3260,CE,0,0,0,370.2,558.1,0,0,0,0,19-APR-2021,
OPTSTK,BRITANNIA,24-Jun-2021,3280,CE,0,0,0,358.45,542.3,0,0,0,0,19-APR-2021,
OPTSTK,BRITANNIA,24-Jun-2021,3300,CE,0,0,0,347,526.75,0,0,0,0,19-APR-2021,
OPTSTK,BRITANNIA,24-Jun-2021,3320,CE,0,0,0,335.75,511.4,0,0,0,0,19-APR-2021,
OPTSTK,BRITANNIA,24-Jun-2021,3340,CE,0,0,0,324.8,496.3,0,0,0,0,19-APR-2021,
OPTSTK,BRITANNIA,24-Jun-2021,3360,CE,0,0,0,314.05,481.6,0,0,0,0,19-APR-2021,
OPTSTK,BRITANNIA,24-Jun-2021,3380,CE,0,0,0,303.55,466.95,0,0,0,0,19-APR-2021,
OPTSTK,BRITANNIA,24-Jun-2021,3400,CE,0,0,0,293.35,452.55,0,0,0,0,19-APR-2021,
OPTSTK,BRITANNIA,24-Jun-2021,3420,CE,0,0,0,283.35,438.4,0,0,0,0,19-APR-2021,
OPTSTK,BRITANNIA,24-Jun-2021,3440,CE,0,0,0,273.6,424.4,0,0,0,0,19-APR-2021,
OPTSTK,BRITANNIA,24-Jun-2021,3460,CE,0,0,0,264.15,410.75,0,0,0,0,19-APR-2021,
OPTSTK,BRITANNIA,24-Jun-2021,3480,CE,0,0,0,254.9,397.45,0,0,0,0,19-APR-2021,
OPTSTK,BRITANNIA,24-Jun-2021,3500,CE,0,0,0,245.9,384.35,0,0,0,0,19-APR-2021,
OPTSTK,BRITANNIA,24-Jun-2021,3520,CE,0,0,0,237.1,371.55,0,0,0,0,19-APR-2021,
OPTSTK,BRITANNIA,24-Jun-2021,3540,CE,0,0,0,228.6,359,0,0,0,0,19-APR-2021,
OPTSTK,BRITANNIA,24-Jun-2021,3560,CE,0,0,0,220.3,346.7,0,0,0,0,19-APR-2021,
OPTSTK,BRITANNIA,24-Jun-2021,3580,CE,0,0,0,212.25,334.7,0,0,0,0,19-APR-2021,
OPTSTK,BRITANNIA,24-Jun-2021,3600,CE,0,0,0,204.4,322.95,0,0,0,0,19-APR-2021,
OPTSTK,BRITANNIA,24-Jun-2021,3620,CE,0,0,0,196.8,311.5,0,0,0,0,19-APR-2021,
OPTSTK,BRITANNIA,24-Jun-2021,3640,CE,0,0,0,189.4,300.35,0,0,0,0,19-APR-2021,
OPTSTK,BRITANNIA,24-Jun-2021,3660,CE,0,0,0,182.25,289.4,0,0,0,0,19-APR-2021,
OPTSTK,BRITANNIA,24-Jun-2021,3680,CE,0,0,0,175.3,278.8,0,0,0,0,19-APR-2021,
OPTSTK,BRITANNIA,24-Jun-2021,3700,CE,0,0,0,168.55,268.4,0,0,0,0,19-APR-2021,
OPTSTK,BRITANNIA,24-Jun-2021,3720,CE,0,0,0,162.05,258.35,0,0,0,0,19-APR-2021,
OPTSTK,BRITANNIA,24-Jun-2021,3740,CE,0,0,0,155.7,248.5,0,0,0,0,19-APR-2021,
OPTSTK,BRITANNIA,24-Jun-2021,3760,CE,0,0,0,149.6,238.95,0,0,0,0,19-APR-2021,
OPTSTK,BRITANNIA,24-Jun-2021,3780,CE,0,0,0,143.7,229.65,0,0,0,0,19-APR-2021,
OPTSTK,BRITANNIA,24-Jun-2021,3800,CE,0,0,0,137.95,220.6,0,0,0,0,19-APR-2021,
OPTSTK,BRITANNIA,24-Jun-2021,3820,CE,0,0,0,132.4,211.85,0,0,0,0,19-APR-2021,
OPTSTK,BRITANNIA,24-Jun-2021,3840,CE,0,0,0,127.05,203.35,0,0,0,0,19-APR-2021,
OPTSTK,BRITANNIA,24-Jun-2021,3860,CE,0,0,0,121.85,195.1,0,0,0,0,19-APR-2021,
OPTSTK,BRITANNIA,24-Jun-2021,3880,CE,0,0,0,117.05,187.15,0,0,0,0,19-APR-2021,
OPTSTK,BRITANNIA,24-Jun-2021,3900,CE,0,0,0,112.25,179.4,0,0,0,0,19-APR-2021,
OPTSTK,BRITANNIA,24-Jun-2021,3920,CE,0,0,0,107.6,171.9,0,0,0,0,19-APR-2021,
OPTSTK,BRITANNIA,24-Jun-2021,3940,CE,0,0,0,103.1,164.65,0,0,0,0,19-APR-2021,
OPTSTK,BRITANNIA,24-Jun-2021,3960,CE,0,0,0,98.8,157.65,0,0,0,0,19-APR-2021,
OPTSTK,BRITANNIA,24-Jun-2021,3980,CE,0,0,0,94.65,150.85,0,0,0,0,19-APR-2021,
OPTSTK,BRITANNIA,24-Jun-2021,4000,CE,0,0,0,90.65,144.3,0,0,0,0,19-APR-2021,
OPTSTK,BRITANNIA,24-Jun-2021,4020,CE,0,0,0,86.6,138,0,0,0,0,19-APR-2021,
OPTSTK,BRITANNIA,24-Jun-2021,4040,CE,0,0,0,82.9,131.9,0,0,0,0,19-APR-2021,
OPTSTK,BRITANNIA,24-Jun-2021,4060,CE,0,0,0,79.3,126.05,0,0,0,0,19-APR-2021,
OPTSTK,BRITANNIA,24-Jun-2021,4080,CE,0,0,0,75.85,120.35,0,0,0,0,19-APR-2021,
OPTSTK,BRITANNIA,24-Jun-2021,4100,CE,0,0,0,70,114.9,0,0,200,0,19-APR-2021,
OPTSTK,BRITANNIA,24-Jun-2021,4120,CE,0,0,0,69.35,109.65,0,0,0,0,19-APR-2021,
OPTSTK,BRITANNIA,24-Jun-2021,4140,CE,0,0,0,66.25,104.8,0,0,0,0,19-APR-2021,
OPTSTK,BRITANNIA,24-Jun-2021,4160,CE,0,0,0,63.3,99.95,0,0,0,0,19-APR-2021,
OPTSTK,BRITANNIA,24-Jun-2021,4180,CE,0,0,0,60.45,95.3,0,0,0,0,19-APR-2021,
OPTSTK,BRITANNIA,24-Jun-2021,4200,CE,0,0,0,50,90.8,0,0,200,0,19-APR-2021,
OPTSTK,BRITANNIA,24-Jun-2021,4220,CE,0,0,0,55.15,86.5,0,0,0,0,19-APR-2021,
OPTSTK,BRITANNIA,24-Jun-2021,4240,CE,0,0,0,52.6,82.25,0,0,0,0,19-APR-2021,
OPTSTK,BRITANNIA,24-Jun-2021,2640,PE,0,0,0,17.6,2.05,0,0,0,0,19-APR-2021,
OPTSTK,BRITANNIA,24-Jun-2021,2660,PE,0,0,0,19.35,2.35,0,0,0,0,19-APR-2021,
OPTSTK,BRITANNIA,24-Jun-2021,2680,PE,0,0,0,21.2,2.7,0,0,0,0,19-APR-2021,
OPTSTK,BRITANNIA,24-Jun-2021,2700,PE,0,0,0,23.2,3.1,0,0,0,0,19-APR-2021,
OPTSTK,BRITANNIA,24-Jun-2021,2720,PE,0,0,0,25.35,3.55,0,0,0,0,19-APR-2021,
OPTSTK,BRITANNIA,24-Jun-2021,2740,PE,0,0,0,27.65,4.05,0,0,0,0,19-APR-2021,
OPTSTK,BRITANNIA,24-Jun-2021,2760,PE,0,0,0,30.1,4.6,0,0,0,0,19-APR-2021,
OPTSTK,BRITANNIA,24-Jun-2021,2780,PE,0,0,0,32.7,5.2,0,0,0,0,19-APR-2021,
OPTSTK,BRITANNIA,24-Jun-2021,2800,PE,0,0,0,35.45,5.85,0,0,0,0,19-APR-2021,
OPTSTK,BRITANNIA,24-Jun-2021,2820,PE,0,0,0,38.4,6.6,0,0,0,0,19-APR-2021,
OPTSTK,BRITANNIA,24-Jun-2021,2840,PE,0,0,0,41.55,7.45,0,0,0,0,19-APR-2021,
OPTSTK,BRITANNIA,24-Jun-2021,2860,PE,0,0,0,44.85,8.35,0,0,0,0,19-APR-2021,
OPTSTK,BRITANNIA,24-Jun-2021,2880,PE,0,0,0,48.3,9.3,0,0,0,0,19-APR-2021,
OPTSTK,BRITANNIA,24-Jun-2021,2900,PE,0,0,0,52,10.4,0,0,0,0,19-APR-2021,
OPTSTK,BRITANNIA,24-Jun-2021,2920,PE,0,0,0,55.9,11.6,0,0,0,0,19-APR-2021,
OPTSTK,BRITANNIA,24-Jun-2021,2940,PE,0,0,0,59.95,12.85,0,0,0,0,19-APR-2021,
OPTSTK,BRITANNIA,24-Jun-2021,2960,PE,0,0,0,64.25,14.25,0,0,0,0,19-APR-2021,
OPTSTK,BRITANNIA,24-Jun-2021,2980,PE,0,0,0,68.75,15.8,0,0,0,0,19-APR-2021,
OPTSTK,BRITANNIA,24-Jun-2021,3000,PE,0,0,0,73.45,17.4,0,0,0,0,19-APR-2021,
OPTSTK,BRITANNIA,24-Jun-2021,3020,PE,0,0,0,78.55,19.2,0,0,0,0,19-APR-2021,
OPTSTK,BRITANNIA,24-Jun-2021,3040,PE,0,0,0,83.7,21.1,0,0,0,0,19-APR-2021,
OPTSTK,BRITANNIA,24-Jun-2021,3060,PE,0,0,0,89.05,23.15,0,0,0,0,19-APR-2021,
OPTSTK,BRITANNIA,24-Jun-2021,3080,PE,0,0,0,94.65,25.35,0,0,0,0,19-APR-2021,
OPTSTK,BRITANNIA,24-Jun-2021,3100,PE,0,0,0,100.5,27.75,0,0,0,0,19-APR-2021,
OPTSTK,BRITANNIA,24-Jun-2021,3120,PE,0,0,0,106.6,30.25,0,0,0,0,19-APR-2021,
OPTSTK,BRITANNIA,24-Jun-2021,3140,PE,0,0,0,112.8,32.95,0,0,0,0,19-APR-2021,
OPTSTK,BRITANNIA,24-Jun-2021,3160,PE,0,0,0,119.4,35.85,0,0,0,0,19-APR-2021,
OPTSTK,BRITANNIA,24-Jun-2021,3180,PE,0,0,0,126.2,38.9,0,0,0,0,19-APR-2021,
OPTSTK,BRITANNIA,24-Jun-2021,3200,PE,0,0,0,133.3,42.15,0,0,0,0,19-APR-2021,
OPTSTK,BRITANNIA,24-Jun-2021,3220,PE,0,0,0,140.6,45.6,0,0,0,0,19-APR-2021,
OPTSTK,BRITANNIA,24-Jun-2021,3240,PE,0,0,0,148.2,49.3,0,0,0,0,19-APR-2021,
OPTSTK,BRITANNIA,24-Jun-2021,3260,PE,0,0,0,156,53.15,0,0,0,0,19-APR-2021,
OPTSTK,BRITANNIA,24-Jun-2021,3280,PE,0,0,0,164.1,57.25,0,0,0,0,19-APR-2021,
OPTSTK,BRITANNIA,24-Jun-2021,3300,PE,0,0,0,172.45,61.55,0,0,0,0,19-APR-2021,
OPTSTK,BRITANNIA,24-Jun-2021,3320,PE,0,0,0,181,66.05,0,0,0,0,19-APR-2021,
OPTSTK,BRITANNIA,24-Jun-2021,3340,PE,0,0,0,189.85,70.85,0,0,0,0,19-APR-2021,
OPTSTK,BRITANNIA,24-Jun-2021,3360,PE,0,0,0,198.95,75.95,0,0,0,0,19-APR-2021,
OPTSTK,BRITANNIA,24-Jun-2021,3380,PE,0,0,0,208.25,81.2,0,0,0,0,19-APR-2021,
OPTSTK,BRITANNIA,24-Jun-2021,3400,PE,0,0,0,217.85,86.65,0,0,0,0,19-APR-2021,
OPTSTK,BRITANNIA,24-Jun-2021,3420,PE,0,0,0,227.65,92.4,0,0,0,0,19-APR-2021,
OPTSTK,BRITANNIA,24-Jun-2021,3440,PE,0,0,0,237.75,98.25,0,0,0,0,19-APR-2021,
OPTSTK,BRITANNIA,24-Jun-2021,3460,PE,0,0,0,248.1,104.5,0,0,0,0,19-APR-2021,
OPTSTK,BRITANNIA,24-Jun-2021,3480,PE,0,0,0,258.65,111,0,0,0,0,19-APR-2021,
OPTSTK,BRITANNIA,24-Jun-2021,3500,PE,0,0,0,269.45,117.8,0,0,0,0,19-APR-2021,
OPTSTK,BRITANNIA,24-Jun-2021,3520,PE,0,0,0,280.5,124.85,0,0,0,0,19-APR-2021,
OPTSTK,BRITANNIA,24-Jun-2021,3540,PE,0,0,0,291.8,132.15,0,0,0,0,19-APR-2021,
OPTSTK,BRITANNIA,24-Jun-2021,3560,PE,0,0,0,303.3,139.75,0,0,0,0,19-APR-2021,
OPTSTK,BRITANNIA,24-Jun-2021,3580,PE,0,0,0,315.05,147.6,0,0,0,0,19-APR-2021,
OPTSTK,BRITANNIA,24-Jun-2021,3600,PE,0,0,0,327.05,155.75,0,0,0,0,19-APR-2021,
OPTSTK,BRITANNIA,24-Jun-2021,3620,PE,0,0,0,339.25,164.15,0,0,0,0,19-APR-2021,
OPTSTK,BRITANNIA,24-Jun-2021,3640,PE,0,0,0,351.7,172.85,0,0,0,0,19-APR-2021,
OPTSTK,BRITANNIA,24-Jun-2021,3660,PE,0,0,0,364.35,181.8,0,0,0,0,19-APR-2021,
OPTSTK,BRITANNIA,24-Jun-2021,3680,PE,0,0,0,377.2,191,0,0,0,0,19-APR-2021,
OPTSTK,BRITANNIA,24-Jun-2021,3700,PE,0,0,0,390.3,200.5,0,0,0,0,19-APR-2021,
OPTSTK,BRITANNIA,24-Jun-2021,3720,PE,0,0,0,403.6,210.3,0,0,0,0,19-APR-2021,
OPTSTK,BRITANNIA,24-Jun-2021,3740,PE,0,0,0,417.05,220.3,0,0,0,0,19-APR-2021,
OPTSTK,BRITANNIA,24-Jun-2021,3760,PE,0,0,0,430.75,230.6,0,0,0,0,19-APR-2021,
OPTSTK,BRITANNIA,24-Jun-2021,3780,PE,0,0,0,444.65,241.2,0,0,0,0,19-APR-2021,
OPTSTK,BRITANNIA,24-Jun-2021,3800,PE,0,0,0,458.75,252.05,0,0,0,0,19-APR-2021,
OPTSTK,BRITANNIA,24-Jun-2021,3820,PE,0,0,0,473,263.15,0,0,0,0,19-APR-2021,
OPTSTK,BRITANNIA,24-Jun-2021,3840,PE,0,0,0,487.45,274.5,0,0,0,0,19-APR-2021,
OPTSTK,BRITANNIA,24-Jun-2021,3860,PE,0,0,0,502.1,286.15,0,0,0,0,19-APR-2021,
OPTSTK,BRITANNIA,24-Jun-2021,3880,PE,0,0,0,517.1,298,0,0,0,0,19-APR-2021,
OPTSTK,BRITANNIA,24-Jun-2021,3900,PE,0,0,0,532.1,310.15,0,0,0,0,19-APR-2021,
OPTSTK,BRITANNIA,24-Jun-2021,3920,PE,0,0,0,547.25,322.5,0,0,0,0,19-APR-2021,
OPTSTK,BRITANNIA,24-Jun-2021,3940,PE,0,0,0,562.6,335.1,0,0,0,0,19-APR-2021,
OPTSTK,BRITANNIA,24-Jun-2021,3960,PE,0,0,0,578.1,348,0,0,0,0,19-APR-2021,
OPTSTK,BRITANNIA,24-Jun-2021,3980,PE,0,0,0,593.75,361.05,0,0,0,0,19-APR-2021,
OPTSTK,BRITANNIA,24-Jun-2021,4000,PE,0,0,0,609.55,374.4,0,0,0,0,19-APR-2021,
OPTSTK,BRITANNIA,24-Jun-2021,4020,PE,0,0,0,625.35,387.95,0,0,0,0,19-APR-2021,
OPTSTK,BRITANNIA,24-Jun-2021,4040,PE,0,0,0,641.45,401.7,0,0,0,0,19-APR-2021,
OPTSTK,BRITANNIA,24-Jun-2021,4060,PE,0,0,0,657.65,415.7,0,0,0,0,19-APR-2021,
OPTSTK,BRITANNIA,24-Jun-2021,4080,PE,0,0,0,674.05,429.9,0,0,0,0,19-APR-2021,
OPTSTK,BRITANNIA,24-Jun-2021,4100,PE,0,0,0,690.5,444.3,0,0,0,0,19-APR-2021,
OPTSTK,BRITANNIA,24-Jun-2021,4120,PE,0,0,0,707.15,458.9,0,0,0,0,19-APR-2021,
OPTSTK,BRITANNIA,24-Jun-2021,4140,PE,0,0,0,723.9,473.9,0,0,0,0,19-APR-2021,
OPTSTK,BRITANNIA,24-Jun-2021,4160,PE,0,0,0,740.75,488.9,0,0,0,0,19-APR-2021,
OPTSTK,BRITANNIA,24-Jun-2021,4180,PE,0,0,0,757.7,504.15,0,0,0,0,19-APR-2021,
OPTSTK,BRITANNIA,24-Jun-2021,4200,PE,0,0,0,774.8,519.55,0,0,0,0,19-APR-2021,
OPTSTK,BRITANNIA,24-Jun-2021,4220,PE,0,0,0,792,535.1,0,0,0,0,19-APR-2021,
OPTSTK,BRITANNIA,24-Jun-2021,4240,PE,0,0,0,809.3,550.7,0,0,0,0,19-APR-2021,
OPTSTK,CADILAHC,29-Apr-2021,285,CE,0,0,0,180.2,242.45,0,0,0,0,19-APR-2021,
OPTSTK,CADILAHC,29-Apr-2021,290,CE,0,0,0,132,237.45,0,0,2200,0,19-APR-2021,
OPTSTK,CADILAHC,29-Apr-2021,295,CE,0,0,0,170.5,232.45,0,0,0,0,19-APR-2021,
OPTSTK,CADILAHC,29-Apr-2021,300,CE,0,0,0,165.65,227.45,0,0,0,0,19-APR-2021,
OPTSTK,CADILAHC,29-Apr-2021,305,CE,0,0,0,160.8,222.45,0,0,0,0,19-APR-2021,
OPTSTK,CADILAHC,29-Apr-2021,310,CE,0,0,0,156,217.5,0,0,0,0,19-APR-2021,
OPTSTK,CADILAHC,29-Apr-2021,315,CE,0,0,0,151.25,212.5,0,0,0,0,19-APR-2021,
OPTSTK,CADILAHC,29-Apr-2021,320,CE,0,0,0,146.5,207.5,0,0,0,0,19-APR-2021,
OPTSTK,CADILAHC,29-Apr-2021,325,CE,0,0,0,141.8,202.5,0,0,0,0,19-APR-2021,
OPTSTK,CADILAHC,29-Apr-2021,330,CE,0,0,0,137.15,197.5,0,0,0,0,19-APR-2021,
OPTSTK,CADILAHC,29-Apr-2021,335,CE,0,0,0,132.55,192.5,0,0,0,0,19-APR-2021,
OPTSTK,CADILAHC,29-Apr-2021,340,CE,0,0,0,128,187.5,0,0,0,0,19-APR-2021,
OPTSTK,CADILAHC,29-Apr-2021,345,CE,0,0,0,123.45,182.5,0,0,0,0,19-APR-2021,
OPTSTK,CADILAHC,29-Apr-2021,350,CE,0,0,0,119,177.5,0,0,0,0,19-APR-2021,
OPTSTK,CADILAHC,29-Apr-2021,355,CE,0,0,0,114.6,172.5,0,0,0,0,19-APR-2021,
OPTSTK,CADILAHC,29-Apr-2021,360,CE,0,0,0,110.3,167.55,0,0,0,0,19-APR-2021,
OPTSTK,CADILAHC,29-Apr-2021,365,CE,0,0,0,106,162.55,0,0,0,0,19-APR-2021,
OPTSTK,CADILAHC,29-Apr-2021,370,CE,0,0,0,101.85,157.55,0,0,0,0,19-APR-2021,
OPTSTK,CADILAHC,29-Apr-2021,375,CE,0,0,0,97.75,152.55,0,0,0,0,19-APR-2021,
OPTSTK,CADILAHC,29-Apr-2021,380,CE,0,0,0,93.7,147.55,0,0,0,0,19-APR-2021,
OPTSTK,CADILAHC,29-Apr-2021,385,CE,0,0,0,89.75,142.55,0,0,0,0,19-APR-2021,
OPTSTK,CADILAHC,29-Apr-2021,390,CE,0,0,0,85.9,137.55,0,0,0,0,19-APR-2021,
OPTSTK,CADILAHC,29-Apr-2021,395,CE,0,0,0,82.1,132.55,0,0,0,0,19-APR-2021,
OPTSTK,CADILAHC,29-Apr-2021,400,CE,0,0,0,109.1,127.55,0,0,2200,0,19-APR-2021,
OPTSTK,CADILAHC,29-Apr-2021,405,CE,0,0,0,74.9,122.55,0,0,0,0,19-APR-2021,
OPTSTK,CADILAHC,29-Apr-2021,410,CE,0,0,0,71.4,117.6,0,0,0,0,19-APR-2021,
OPTSTK,CADILAHC,29-Apr-2021,415,CE,0,0,0,68,112.6,0,0,0,0,19-APR-2021,
OPTSTK,CADILAHC,29-Apr-2021,420,CE,108.25,108.25,108.25,108.25,107.6,1,11.62,74800,-2200,19-APR-2021,
OPTSTK,CADILAHC,29-Apr-2021,425,CE,0,0,0,90.75,102.6,0,0,50600,0,19-APR-2021,
OPTSTK,CADILAHC,29-Apr-2021,430,CE,99.05,99.05,99.05,99.05,97.6,1,11.63,83600,-2200,19-APR-2021,
OPTSTK,CADILAHC,29-Apr-2021,435,CE,0,0,0,26.15,92.65,0,0,17600,0,19-APR-2021,
OPTSTK,CADILAHC,29-Apr-2021,440,CE,89.2,89.2,88.5,88.5,87.65,5,58.15,213400,-11000,19-APR-2021,
OPTSTK,CADILAHC,29-Apr-2021,445,CE,0,0,0,87.5,82.7,0,0,44000,0,19-APR-2021,
OPTSTK,CADILAHC,29-Apr-2021,450,CE,84.7,84.7,75,75,77.75,4,46.63,233200,2200,19-APR-2021,
OPTSTK,CADILAHC,29-Apr-2021,455,CE,76.9,76.9,76.9,76.9,72.85,1,11.7,15400,2200,19-APR-2021,
OPTSTK,CADILAHC,29-Apr-2021,460,CE,73,73,69.5,69.5,67.95,2,23.37,176000,-4400,19-APR-2021,
OPTSTK,CADILAHC,29-Apr-2021,465,CE,0,0,0,28.2,63.1,0,0,28600,0,19-APR-2021,
OPTSTK,CADILAHC,29-Apr-2021,470,CE,59.6,67.5,58.2,62,62,9,105.6,167200,0,19-APR-2021,
OPTSTK,CADILAHC,29-Apr-2021,475,CE,0,0,0,51,53.65,0,0,37400,0,19-APR-2021,
OPTSTK,CADILAHC,29-Apr-2021,480,CE,39.8,53,39.8,53,53,6,69.73,242000,-2200,19-APR-2021,
OPTSTK,CADILAHC,29-Apr-2021,485,CE,41.45,51.4,41.45,45.55,44.6,10,117.06,35200,4400,19-APR-2021,
OPTSTK,CADILAHC,29-Apr-2021,490,CE,35.05,46.65,35,46.55,40.3,18,211.1,184800,-19800,19-APR-2021,
OPTSTK,CADILAHC,29-Apr-2021,495,CE,38.9,38.9,38.9,38.9,36.15,1,11.74,39600,0,19-APR-2021,
OPTSTK,CADILAHC,29-Apr-2021,500,CE,35.25,44.95,26.65,37.75,37.75,256,3026.19,646800,-35200,19-APR-2021,
OPTSTK,CADILAHC,29-Apr-2021,505,CE,35.35,38.75,35.35,38.75,28.5,2,23.85,57200,0,19-APR-2021,
OPTSTK,CADILAHC,29-Apr-2021,510,CE,31.1,37.9,22.7,31.7,31.7,248,2949.59,266200,2200,19-APR-2021,
OPTSTK,CADILAHC,29-Apr-2021,515,CE,27.35,35,22.95,29.3,29.3,58,692.11,92400,2200,19-APR-2021,
OPTSTK,CADILAHC,29-Apr-2021,520,CE,25,32.25,17.55,26.3,26.3,1318,15818.41,910800,39600,19-APR-2021,
OPTSTK,CADILAHC,29-Apr-2021,525,CE,21.3,29,15.75,23.9,23.9,648,7808.95,257400,66000,19-APR-2021,
OPTSTK,CADILAHC,29-Apr-2021,530,CE,20.6,26.75,13.85,21.75,21.75,2960,35906.15,1425600,512600,19-APR-2021,
OPTSTK,CADILAHC,29-Apr-2021,535,CE,17,24.5,12.25,19.55,19.55,648,7910.35,297000,147400,19-APR-2021,
OPTSTK,CADILAHC,29-Apr-2021,540,CE,16.55,22.4,11,17.6,17.6,2337,28677.66,965800,367400,19-APR-2021,
OPTSTK,CADILAHC,29-Apr-2021,545,CE,12.8,20.25,11.6,15.85,15.85,410,5060.47,134200,30800,19-APR-2021,
OPTSTK,CADILAHC,29-Apr-2021,550,CE,12.95,18.25,8.7,14.15,14.15,3042,37763.77,1678600,-19800,19-APR-2021,
OPTSTK,CADILAHC,29-Apr-2021,555,CE,11,16.5,8,12.75,12.75,239,2985.38,94600,30800,19-APR-2021,
OPTSTK,CADILAHC,29-Apr-2021,560,CE,11.75,14.95,6.95,11.3,11.3,1134,14251.72,851400,129800,19-APR-2021,
OPTSTK,CADILAHC,29-Apr-2021,565,CE,14.15,14.15,6.9,10.1,10.1,24,303.57,28600,24200,19-APR-2021,
OPTSTK,CADILAHC,29-Apr-2021,570,CE,6.7,12,5.35,9.05,9.05,611,7784.64,616000,136400,19-APR-2021,
OPTSTK,CADILAHC,29-Apr-2021,575,CE,0,0,0,12,2.05,0,0,0,0,19-APR-2021,
OPTSTK,CADILAHC,29-Apr-2021,580,CE,4.95,10,4.4,7.25,7.25,756,9771.18,543400,107800,19-APR-2021,
OPTSTK,CADILAHC,29-Apr-2021,585,CE,7.1,7.1,7.1,7.1,1.2,1,13.02,2200,0,19-APR-2021,
OPTSTK,CADILAHC,29-Apr-2021,590,CE,5.15,8,3.5,5.95,5.95,362,4746.96,257400,28600,19-APR-2021,
OPTSTK,CADILAHC,29-Apr-2021,595,CE,3.4,5.45,3.4,5.45,5.45,7,92.34,13200,8800,19-APR-2021,
OPTSTK,CADILAHC,29-Apr-2021,600,CE,4.3,6.7,2.95,4.85,4.85,1957,26050.59,1850200,239800,19-APR-2021,
OPTSTK,CADILAHC,29-Apr-2021,605,CE,3.45,5.95,2.6,4.2,4.2,274,3673.86,220000,26400,19-APR-2021,
OPTSTK,CADILAHC,29-Apr-2021,610,CE,3.4,4.2,3.3,3.85,3.85,45,607.56,39600,39600,19-APR-2021,
OPTSTK,CADILAHC,29-Apr-2021,615,CE,0,0,0,5.15,0.2,0,0,0,0,19-APR-2021,
OPTSTK,CADILAHC,29-Apr-2021,285,PE,0,0,0,0.3,0,0,0,0,0,19-APR-2021,
OPTSTK,CADILAHC,29-Apr-2021,290,PE,0,0,0,0.35,0,0,0,0,0,19-APR-2021,
OPTSTK,CADILAHC,29-Apr-2021,295,PE,0,0,0,0.45,0,0,0,0,0,19-APR-2021,
OPTSTK,CADILAHC,29-Apr-2021,300,PE,0,0,0,0.55,0,0,0,0,0,19-APR-2021,
OPTSTK,CADILAHC,29-Apr-2021,305,PE,0,0,0,0.7,0,0,0,0,0,19-APR-2021,
OPTSTK,CADILAHC,29-Apr-2021,310,PE,0,0,0,0.85,0,0,0,0,0,19-APR-2021,
OPTSTK,CADILAHC,29-Apr-2021,315,PE,0,0,0,1.05,0,0,0,0,0,19-APR-2021,
OPTSTK,CADILAHC,29-Apr-2021,320,PE,0,0,0,1.25,0,0,0,0,0,19-APR-2021,
OPTSTK,CADILAHC,29-Apr-2021,325,PE,0,0,0,0.1,0,0,0,2200,0,19-APR-2021,
OPTSTK,CADILAHC,29-Apr-2021,330,PE,0,0,0,1.8,0,0,0,0,0,19-APR-2021,
OPTSTK,CADILAHC,29-Apr-2021,335,PE,0,0,0,2.15,0,0,0,0,0,19-APR-2021,
OPTSTK,CADILAHC,29-Apr-2021,340,PE,0,0,0,0.15,0,0,0,2200,0,19-APR-2021,
OPTSTK,CADILAHC,29-Apr-2021,345,PE,0,0,0,2.95,0,0,0,0,0,19-APR-2021,
OPTSTK,CADILAHC,29-Apr-2021,350,PE,0.05,0.05,0.05,0.05,0,1,7.7,8800,-2200,19-APR-2021,
OPTSTK,CADILAHC,29-Apr-2021,355,PE,0,0,0,4.05,0,0,0,0,0,19-APR-2021,
OPTSTK,CADILAHC,29-Apr-2021,360,PE,0,0,0,1,0,0,0,2200,0,19-APR-2021,
OPTSTK,CADILAHC,29-Apr-2021,365,PE,0,0,0,5.35,0,0,0,0,0,19-APR-2021,
OPTSTK,CADILAHC,29-Apr-2021,370,PE,0.05,0.05,0.05,0.05,0,2,16.28,8800,0,19-APR-2021,
OPTSTK,CADILAHC,29-Apr-2021,375,PE,0,0,0,6.95,0,0,0,0,0,19-APR-2021,
OPTSTK,CADILAHC,29-Apr-2021,380,PE,0.3,0.3,0.25,0.25,0,2,16.73,79200,-4400,19-APR-2021,
OPTSTK,CADILAHC,29-Apr-2021,385,PE,0,0,0,0.85,0,0,0,2200,0,19-APR-2021,
OPTSTK,CADILAHC,29-Apr-2021,390,PE,0,0,0,0.25,0,0,0,33000,0,19-APR-2021,
OPTSTK,CADILAHC,29-Apr-2021,395,PE,0,0,0,3.2,0,0,0,4400,0,19-APR-2021,
OPTSTK,CADILAHC,29-Apr-2021,400,PE,2.45,2.45,0.45,0.45,0,3,26.47,213400,0,19-APR-2021,
OPTSTK,CADILAHC,29-Apr-2021,405,PE,0,0,0,0.75,0,0,0,15400,0,19-APR-2021,
OPTSTK,CADILAHC,29-Apr-2021,410,PE,0,0,0,0.5,0,0,0,112200,0,19-APR-2021,
OPTSTK,CADILAHC,29-Apr-2021,415,PE,0,0,0,1,0,0,0,48400,0,19-APR-2021,
OPTSTK,CADILAHC,29-Apr-2021,420,PE,0.5,0.75,0.5,0.75,0,5,46.26,283800,-2200,19-APR-2021,
OPTSTK,CADILAHC,29-Apr-2021,425,PE,0,0,0,1,0.05,0,0,46200,0,19-APR-2021,
OPTSTK,CADILAHC,29-Apr-2021,430,PE,0.7,1.1,0.7,1.05,0.05,4,37.91,244200,-8800,19-APR-2021,
OPTSTK,CADILAHC,29-Apr-2021,435,PE,0,0,0,2.7,0.05,0,0,13200,0,19-APR-2021,
OPTSTK,CADILAHC,29-Apr-2021,440,PE,1.45,1.45,0.9,1,1,26,252.34,233200,-19800,19-APR-2021,
OPTSTK,CADILAHC,29-Apr-2021,445,PE,1,1.55,1,1.55,1.55,6,58.89,37400,-4400,19-APR-2021,
OPTSTK,CADILAHC,29-Apr-2021,450,PE,1.1,1.85,1.05,1.55,1.55,306,3039.68,283800,15400,19-APR-2021,
OPTSTK,CADILAHC,29-Apr-2021,455,PE,3,3,3,3,0.25,1,10.07,55000,0,19-APR-2021,
OPTSTK,CADILAHC,29-Apr-2021,460,PE,2.15,2.85,1.8,2.25,2.25,174,1769.59,365200,-13200,19-APR-2021,
OPTSTK,CADILAHC,29-Apr-2021,465,PE,2.5,2.5,2.5,2.5,0.5,1,10.28,41800,0,19-APR-2021,
OPTSTK,CADILAHC,29-Apr-2021,470,PE,2.6,4.15,2.6,3.35,3.35,303,3155.21,334400,132000,19-APR-2021,
OPTSTK,CADILAHC,29-Apr-2021,475,PE,0,0,0,2.9,1.05,0,0,30800,0,19-APR-2021,
OPTSTK,CADILAHC,29-Apr-2021,480,PE,3.55,6.5,3.55,4.8,4.8,440,4694.65,629200,17600,19-APR-2021,
OPTSTK,CADILAHC,29-Apr-2021,485,PE,5.65,7.05,5.25,5.6,5.6,21,226.69,57200,-11000,19-APR-2021,
OPTSTK,CADILAHC,29-Apr-2021,490,PE,7.1,9,5.8,7.05,7.05,365,3991.33,330000,11000,19-APR-2021,
OPTSTK,CADILAHC,29-Apr-2021,495,PE,8.6,10,7.1,8.6,8.6,58,642.33,99000,52800,19-APR-2021,
OPTSTK,CADILAHC,29-Apr-2021,500,PE,6.1,12.6,6.1,9.65,9.65,646,7245.31,924000,83600,19-APR-2021,
OPTSTK,CADILAHC,29-Apr-2021,505,PE,10.35,12.3,10.3,10.3,5.85,3,34.05,15400,0,19-APR-2021,
OPTSTK,CADILAHC,29-Apr-2021,510,PE,11.8,17.1,11,13.3,13.3,598,6891.02,418000,160600,19-APR-2021,
OPTSTK,CADILAHC,29-Apr-2021,515,PE,23.8,23.8,14.35,17.5,9.05,4,46.98,2200,2200,19-APR-2021,
OPTSTK,CADILAHC,29-Apr-2021,520,PE,14.7,22.65,14.7,17.9,17.9,815,9649.13,572000,105600,19-APR-2021,
OPTSTK,CADILAHC,29-Apr-2021,525,PE,21.75,24.2,15.25,20.7,20.7,75,900.56,37400,24200,19-APR-2021,
OPTSTK,CADILAHC,29-Apr-2021,530,PE,25,28.95,19.7,23.35,23.35,331,4029.02,167200,83600,19-APR-2021,
OPTSTK,CADILAHC,29-Apr-2021,535,PE,0,0,0,84.25,18.75,0,0,0,0,19-APR-2021,
OPTSTK,CADILAHC,29-Apr-2021,540,PE,28.5,36,26.15,29.75,29.75,24,301.08,30800,13200,19-APR-2021,
OPTSTK,CADILAHC,29-Apr-2021,545,PE,0,0,0,92.05,25.15,0,0,0,0,19-APR-2021,
OPTSTK,CADILAHC,29-Apr-2021,550,PE,0,0,0,96.05,28.75,0,0,0,0,19-APR-2021,
OPTSTK,CADILAHC,29-Apr-2021,555,PE,0,0,0,100.05,32.5,0,0,0,0,19-APR-2021,
OPTSTK,CADILAHC,29-Apr-2021,560,PE,0,0,0,104.15,36.5,0,0,0,0,19-APR-2021,
OPTSTK,CADILAHC,29-Apr-2021,565,PE,0,0,0,108.3,40.6,0,0,0,0,19-APR-2021,
OPTSTK,CADILAHC,29-Apr-2021,570,PE,0,0,0,112.5,44.9,0,0,0,0,19-APR-2021,
OPTSTK,CADILAHC,29-Apr-2021,575,PE,0,0,0,116.75,49.35,0,0,0,0,19-APR-2021,
OPTSTK,CADILAHC,29-Apr-2021,580,PE,0,0,0,121.05,53.85,0,0,0,0,19-APR-2021,
OPTSTK,CADILAHC,29-Apr-2021,585,PE,0,0,0,125.4,58.5,0,0,0,0,19-APR-2021,
OPTSTK,CADILAHC,29-Apr-2021,590,PE,0,0,0,129.75,63.2,0,0,0,0,19-APR-2021,
OPTSTK,CADILAHC,29-Apr-2021,595,PE,0,0,0,134.2,67.95,0,0,0,0,19-APR-2021,
OPTSTK,CADILAHC,29-Apr-2021,600,PE,0,0,0,172,72.8,0,0,2200,0,19-APR-2021,
OPTSTK,CADILAHC,29-Apr-2021,605,PE,0,0,0,143.1,77.65,0,0,0,0,19-APR-2021,
OPTSTK,CADILAHC,29-Apr-2021,610,PE,0,0,0,147.6,82.55,0,0,0,0,19-APR-2021,
OPTSTK,CADILAHC,29-Apr-2021,615,PE,0,0,0,152.15,87.45,0,0,0,0,19-APR-2021,
OPTSTK,CADILAHC,27-May-2021,285,CE,0,0,0,156.15,243.3,0,0,0,0,19-APR-2021,
OPTSTK,CADILAHC,27-May-2021,290,CE,0,0,0,151.35,238.3,0,0,0,0,19-APR-2021,
OPTSTK,CADILAHC,27-May-2021,295,CE,0,0,0,146.55,233.3,0,0,0,0,19-APR-2021,
OPTSTK,CADILAHC,27-May-2021,300,CE,0,0,0,141.75,228.35,0,0,0,0,19-APR-2021,
OPTSTK,CADILAHC,27-May-2021,305,CE,0,0,0,137,223.35,0,0,0,0,19-APR-2021,
OPTSTK,CADILAHC,27-May-2021,310,CE,0,0,0,132.3,218.4,0,0,0,0,19-APR-2021,
OPTSTK,CADILAHC,27-May-2021,315,CE,0,0,0,127.65,213.4,0,0,0,0,19-APR-2021,
OPTSTK,CADILAHC,27-May-2021,320,CE,0,0,0,123,208.4,0,0,0,0,19-APR-2021,
OPTSTK,CADILAHC,27-May-2021,325,CE,0,0,0,118.45,203.45,0,0,0,0,19-APR-2021,
OPTSTK,CADILAHC,27-May-2021,330,CE,0,0,0,113.95,198.45,0,0,0,0,19-APR-2021,
OPTSTK,CADILAHC,27-May-2021,335,CE,0,0,0,109.5,193.5,0,0,0,0,19-APR-2021,
OPTSTK,CADILAHC,27-May-2021,340,CE,0,0,0,105.1,188.5,0,0,0,0,19-APR-2021,
OPTSTK,CADILAHC,27-May-2021,345,CE,0,0,0,100.8,183.55,0,0,0,0,19-APR-2021,
OPTSTK,CADILAHC,27-May-2021,350,CE,0,0,0,96.55,178.55,0,0,0,0,19-APR-2021,
OPTSTK,CADILAHC,27-May-2021,355,CE,0,0,0,92.4,173.6,0,0,0,0,19-APR-2021,
OPTSTK,CADILAHC,27-May-2021,360,CE,0,0,0,88.35,168.6,0,0,0,0,19-APR-2021,
OPTSTK,CADILAHC,27-May-2021,365,CE,0,0,0,84.35,163.65,0,0,0,0,19-APR-2021,
OPTSTK,CADILAHC,27-May-2021,370,CE,0,0,0,80.45,158.7,0,0,0,0,19-APR-2021,
OPTSTK,CADILAHC,27-May-2021,375,CE,0,0,0,76.65,153.75,0,0,0,0,19-APR-2021,
OPTSTK,CADILAHC,27-May-2021,380,CE,0,0,0,73,148.8,0,0,0,0,19-APR-2021,
OPTSTK,CADILAHC,27-May-2021,385,CE,0,0,0,69.4,143.85,0,0,0,0,19-APR-2021,
OPTSTK,CADILAHC,27-May-2021,390,CE,0,0,0,65.9,138.95,0,0,0,0,19-APR-2021,
OPTSTK,CADILAHC,27-May-2021,395,CE,0,0,0,62.5,134.05,0,0,0,0,19-APR-2021,
OPTSTK,CADILAHC,27-May-2021,400,CE,0,0,0,59.25,129.2,0,0,0,0,19-APR-2021,
OPTSTK,CADILAHC,27-May-2021,405,CE,0,0,0,56.1,124.35,0,0,0,0,19-APR-2021,
OPTSTK,CADILAHC,27-May-2021,410,CE,0,0,0,53.05,119.5,0,0,0,0,19-APR-2021,
OPTSTK,CADILAHC,27-May-2021,415,CE,0,0,0,50.1,114.75,0,0,0,0,19-APR-2021,
OPTSTK,CADILAHC,27-May-2021,420,CE,0,0,0,47.3,110,0,0,0,0,19-APR-2021,
OPTSTK,CADILAHC,27-May-2021,425,CE,0,0,0,44.6,105.3,0,0,0,0,19-APR-2021,
OPTSTK,CADILAHC,27-May-2021,430,CE,0,0,0,42,100.65,0,0,0,0,19-APR-2021,
OPTSTK,CADILAHC,27-May-2021,435,CE,0,0,0,39.5,96.05,0,0,0,0,19-APR-2021,
OPTSTK,CADILAHC,27-May-2021,440,CE,0,0,0,37.15,91.55,0,0,0,0,19-APR-2021,
OPTSTK,CADILAHC,27-May-2021,445,CE,0,0,0,34.9,87.1,0,0,0,0,19-APR-2021,
OPTSTK,CADILAHC,27-May-2021,450,CE,79.5,79.5,79.5,79.5,82.7,1,11.64,2200,0,19-APR-2021,
OPTSTK,CADILAHC,27-May-2021,455,CE,0,0,0,30.65,78.45,0,0,0,0,19-APR-2021,
OPTSTK,CADILAHC,27-May-2021,460,CE,0,0,0,28.7,74.25,0,0,0,0,19-APR-2021,
OPTSTK,CADILAHC,27-May-2021,465,CE,0,0,0,26.85,70.15,0,0,0,0,19-APR-2021,
OPTSTK,CADILAHC,27-May-2021,470,CE,0,0,0,25.1,66.15,0,0,0,0,19-APR-2021,
OPTSTK,CADILAHC,27-May-2021,475,CE,0,0,0,23.45,62.3,0,0,0,0,19-APR-2021,
OPTSTK,CADILAHC,27-May-2021,480,CE,0,0,0,21.85,58.55,0,0,0,0,19-APR-2021,
OPTSTK,CADILAHC,27-May-2021,485,CE,0,0,0,20.4,54.9,0,0,0,0,19-APR-2021,
OPTSTK,CADILAHC,27-May-2021,490,CE,0,0,0,19,51.4,0,0,0,0,19-APR-2021,
OPTSTK,CADILAHC,27-May-2021,495,CE,0,0,0,17.65,48,0,0,0,0,19-APR-2021,
OPTSTK,CADILAHC,27-May-2021,500,CE,54,54.9,51.45,54.55,54.55,7,85.21,63800,4400,19-APR-2021,
OPTSTK,CADILAHC,27-May-2021,505,CE,0,0,0,15.3,41.65,0,0,0,0,19-APR-2021,
OPTSTK,CADILAHC,27-May-2021,510,CE,0,0,0,10,38.7,0,0,2200,0,19-APR-2021,
OPTSTK,CADILAHC,27-May-2021,515,CE,0,0,0,13.15,35.9,0,0,0,0,19-APR-2021,
OPTSTK,CADILAHC,27-May-2021,520,CE,38,43.5,35.45,43.4,43.4,12,147.94,22000,6600,19-APR-2021,
OPTSTK,CADILAHC,27-May-2021,525,CE,0,0,0,11.3,30.65,0,0,0,0,19-APR-2021,
OPTSTK,CADILAHC,27-May-2021,530,CE,0,0,0,10.45,28.25,0,0,0,0,19-APR-2021,
OPTSTK,CADILAHC,27-May-2021,535,CE,0,0,0,9.65,26,0,0,0,0,19-APR-2021,
OPTSTK,CADILAHC,27-May-2021,540,CE,31,35.05,26.9,34.7,34.7,37,466.37,85800,11000,19-APR-2021,
OPTSTK,CADILAHC,27-May-2021,545,CE,0,0,0,8.25,21.85,0,0,0,0,19-APR-2021,
OPTSTK,CADILAHC,27-May-2021,550,CE,25,35.9,23,31.4,31.4,39,497.23,79200,50600,19-APR-2021,
OPTSTK,CADILAHC,27-May-2021,555,CE,0,0,0,7.05,18.25,0,0,0,0,19-APR-2021,
OPTSTK,CADILAHC,27-May-2021,560,CE,20,30,20,24.5,16.6,8,102.94,26400,11000,19-APR-2021,
OPTSTK,CADILAHC,27-May-2021,565,CE,0,0,0,5.95,15.1,0,0,0,0,19-APR-2021,
OPTSTK,CADILAHC,27-May-2021,570,CE,0,0,0,5.5,13.7,0,0,0,0,19-APR-2021,
OPTSTK,CADILAHC,27-May-2021,575,CE,0,0,0,5.05,12.45,0,0,0,0,19-APR-2021,
OPTSTK,CADILAHC,27-May-2021,580,CE,0,0,0,4.65,11.25,0,0,0,0,19-APR-2021,
OPTSTK,CADILAHC,27-May-2021,585,CE,0,0,0,4.25,10.15,0,0,0,0,19-APR-2021,
OPTSTK,CADILAHC,27-May-2021,590,CE,0,0,0,3.95,9.15,0,0,0,0,19-APR-2021,
OPTSTK,CADILAHC,27-May-2021,595,CE,0,0,0,3.6,8.25,0,0,0,0,19-APR-2021,
OPTSTK,CADILAHC,27-May-2021,600,CE,14,17.9,11.95,16.35,16.35,93,1258.55,127600,55000,19-APR-2021,
OPTSTK,CADILAHC,27-May-2021,605,CE,0,0,0,3.05,6.65,0,0,0,0,19-APR-2021,
OPTSTK,CADILAHC,27-May-2021,610,CE,0,0,0,2.8,5.95,0,0,0,0,19-APR-2021,
OPTSTK,CADILAHC,27-May-2021,615,CE,0,0,0,2.55,5.3,0,0,0,0,19-APR-2021,
OPTSTK,CADILAHC,27-May-2021,285,PE,0,0,0,0.45,0,0,0,0,0,19-APR-2021,
OPTSTK,CADILAHC,27-May-2021,290,PE,0,0,0,0.6,0,0,0,0,0,19-APR-2021,
OPTSTK,CADILAHC,27-May-2021,295,PE,0,0,0,0.75,0,0,0,0,0,19-APR-2021,
OPTSTK,CADILAHC,27-May-2021,300,PE,0,0,0,1.05,0,0,0,2200,0,19-APR-2021,
OPTSTK,CADILAHC,27-May-2021,305,PE,0,0,0,1.1,0,0,0,0,0,19-APR-2021,
OPTSTK,CADILAHC,27-May-2021,310,PE,0,0,0,1.35,0,0,0,0,0,19-APR-2021,
OPTSTK,CADILAHC,27-May-2021,315,PE,0,0,0,1.65,0,0,0,0,0,19-APR-2021,
OPTSTK,CADILAHC,27-May-2021,320,PE,0,0,0,2,0,0,0,0,0,19-APR-2021,
OPTSTK,CADILAHC,27-May-2021,325,PE,0,0,0,2.35,0,0,0,0,0,19-APR-2021,
OPTSTK,CADILAHC,27-May-2021,330,PE,0,0,0,2.8,0,0,0,0,0,19-APR-2021,
OPTSTK,CADILAHC,27-May-2021,335,PE,0,0,0,3.3,0.05,0,0,0,0,19-APR-2021,
OPTSTK,CADILAHC,27-May-2021,340,PE,0,0,0,3.9,0.05,0,0,0,0,19-APR-2021,
OPTSTK,CADILAHC,27-May-2021,345,PE,0,0,0,4.55,0.05,0,0,0,0,19-APR-2021,
OPTSTK,CADILAHC,27-May-2021,350,PE,0,0,0,5.25,0.05,0,0,2200,0,19-APR-2021,
OPTSTK,CADILAHC,27-May-2021,355,PE,0,0,0,6.05,0.05,0,0,0,0,19-APR-2021,
OPTSTK,CADILAHC,27-May-2021,360,PE,0,0,0,6.95,0.05,0,0,0,0,19-APR-2021,
OPTSTK,CADILAHC,27-May-2021,365,PE,0,0,0,7.9,0.1,0,0,0,0,19-APR-2021,
OPTSTK,CADILAHC,27-May-2021,370,PE,0,0,0,8.95,0.1,0,0,0,0,19-APR-2021,
OPTSTK,CADILAHC,27-May-2021,375,PE,0,0,0,10.15,0.15,0,0,0,0,19-APR-2021,
OPTSTK,CADILAHC,27-May-2021,380,PE,0,0,0,11.4,0.15,0,0,0,0,19-APR-2021,
OPTSTK,CADILAHC,27-May-2021,385,PE,0,0,0,12.75,0.2,0,0,0,0,19-APR-2021,
OPTSTK,CADILAHC,27-May-2021,390,PE,0,0,0,14.25,0.3,0,0,0,0,19-APR-2021,
OPTSTK,CADILAHC,27-May-2021,395,PE,0,0,0,15.8,0.35,0,0,0,0,19-APR-2021,
OPTSTK,CADILAHC,27-May-2021,400,PE,2.3,2.3,2.3,2.3,0.5,1,8.85,15400,0,19-APR-2021,
OPTSTK,CADILAHC,27-May-2021,405,PE,0,0,0,19.25,0.6,0,0,0,0,19-APR-2021,
OPTSTK,CADILAHC,27-May-2021,410,PE,0,0,0,21.2,0.75,0,0,0,0,19-APR-2021,
OPTSTK,CADILAHC,27-May-2021,415,PE,0,0,0,23.2,0.95,0,0,0,0,19-APR-2021,
OPTSTK,CADILAHC,27-May-2021,420,PE,0,0,0,25.35,1.2,0,0,0,0,19-APR-2021,
OPTSTK,CADILAHC,27-May-2021,425,PE,0,0,0,27.6,1.5,0,0,0,0,19-APR-2021,
OPTSTK,CADILAHC,27-May-2021,430,PE,0,0,0,29.95,1.8,0,0,0,0,19-APR-2021,
OPTSTK,CADILAHC,27-May-2021,435,PE,0,0,0,32.4,2.2,0,0,0,0,19-APR-2021,
OPTSTK,CADILAHC,27-May-2021,440,PE,3.1,3.1,3.1,3.1,2.65,1,9.74,6600,2200,19-APR-2021,
OPTSTK,CADILAHC,27-May-2021,445,PE,0,0,0,37.7,3.2,0,0,0,0,19-APR-2021,
OPTSTK,CADILAHC,27-May-2021,450,PE,0,0,0,40.5,3.8,0,0,0,0,19-APR-2021,
OPTSTK,CADILAHC,27-May-2021,455,PE,0,0,0,43.4,4.5,0,0,0,0,19-APR-2021,
OPTSTK,CADILAHC,27-May-2021,460,PE,0,0,0,46.4,5.3,0,0,0,0,19-APR-2021,
OPTSTK,CADILAHC,27-May-2021,465,PE,0,0,0,49.5,6.2,0,0,0,0,19-APR-2021,
OPTSTK,CADILAHC,27-May-2021,470,PE,0,0,0,52.7,7.2,0,0,0,0,19-APR-2021,
OPTSTK,CADILAHC,27-May-2021,475,PE,0,0,0,55.95,8.3,0,0,0,0,19-APR-2021,
OPTSTK,CADILAHC,27-May-2021,480,PE,0,0,0,59.35,9.55,0,0,0,0,19-APR-2021,
OPTSTK,CADILAHC,27-May-2021,485,PE,0,0,0,62.8,10.85,0,0,0,0,19-APR-2021,
OPTSTK,CADILAHC,27-May-2021,490,PE,0,0,0,66.35,12.3,0,0,0,0,19-APR-2021,
OPTSTK,CADILAHC,27-May-2021,495,PE,0,0,0,70,13.95,0,0,0,0,19-APR-2021,
OPTSTK,CADILAHC,27-May-2021,500,PE,19,23.6,19,23.6,23.6,18,206.48,77000,30800,19-APR-2021,
OPTSTK,CADILAHC,27-May-2021,505,PE,0,0,0,77.55,17.55,0,0,0,0,19-APR-2021,
OPTSTK,CADILAHC,27-May-2021,510,PE,0,0,0,81.4,19.55,0,0,0,0,19-APR-2021,
OPTSTK,CADILAHC,27-May-2021,515,PE,0,0,0,85.3,21.75,0,0,0,0,19-APR-2021,
OPTSTK,CADILAHC,27-May-2021,520,PE,0,0,0,89.3,24.05,0,0,0,0,19-APR-2021,
OPTSTK,CADILAHC,27-May-2021,525,PE,0,0,0,93.35,26.45,0,0,0,0,19-APR-2021,
OPTSTK,CADILAHC,27-May-2021,530,PE,0,0,0,97.45,29.05,0,0,0,0,19-APR-2021,
OPTSTK,CADILAHC,27-May-2021,535,PE,0,0,0,101.65,31.75,0,0,0,0,19-APR-2021,
OPTSTK,CADILAHC,27-May-2021,540,PE,0,0,0,105.85,34.6,0,0,0,0,19-APR-2021,
OPTSTK,CADILAHC,27-May-2021,545,PE,0,0,0,110.15,37.6,0,0,0,0,19-APR-2021,
OPTSTK,CADILAHC,27-May-2021,550,PE,0,0,0,114.45,40.7,0,0,0,0,19-APR-2021,
OPTSTK,CADILAHC,27-May-2021,555,PE,0,0,0,118.8,43.95,0,0,0,0,19-APR-2021,
OPTSTK,CADILAHC,27-May-2021,560,PE,0,0,0,123.2,47.3,0,0,0,0,19-APR-2021,
OPTSTK,CADILAHC,27-May-2021,565,PE,0,0,0,127.65,50.75,0,0,0,0,19-APR-2021,
OPTSTK,CADILAHC,27-May-2021,570,PE,0,0,0,132.15,54.35,0,0,0,0,19-APR-2021,
OPTSTK,CADILAHC,27-May-2021,575,PE,0,0,0,136.65,58.05,0,0,0,0,19-APR-2021,
OPTSTK,CADILAHC,27-May-2021,580,PE,0,0,0,141.2,61.85,0,0,0,0,19-APR-2021,
OPTSTK,CADILAHC,27-May-2021,585,PE,0,0,0,145.8,65.75,0,0,0,0,19-APR-2021,
OPTSTK,CADILAHC,27-May-2021,590,PE,0,0,0,150.4,69.7,0,0,0,0,19-APR-2021,
OPTSTK,CADILAHC,27-May-2021,595,PE,0,0,0,155,73.75,0,0,0,0,19-APR-2021,
OPTSTK,CADILAHC,27-May-2021,600,PE,0,0,0,159.65,77.9,0,0,0,0,19-APR-2021,
OPTSTK,CADILAHC,27-May-2021,605,PE,0,0,0,164.35,82.1,0,0,0,0,19-APR-2021,
OPTSTK,CADILAHC,27-May-2021,610,PE,0,0,0,169.05,86.4,0,0,0,0,19-APR-2021,
OPTSTK,CADILAHC,27-May-2021,615,PE,0,0,0,173.8,90.75,0,0,0,0,19-APR-2021,
OPTSTK,CADILAHC,24-Jun-2021,285,CE,0,0,0,138.5,244.1,0,0,0,0,19-APR-2021,
OPTSTK,CADILAHC,24-Jun-2021,290,CE,0,0,0,133.7,239.15,0,0,0,0,19-APR-2021,
OPTSTK,CADILAHC,24-Jun-2021,295,CE,0,0,0,128.95,234.15,0,0,0,0,19-APR-2021,
OPTSTK,CADILAHC,24-Jun-2021,300,CE,0,0,0,124.25,229.2,0,0,0,0,19-APR-2021,
OPTSTK,CADILAHC,24-Jun-2021,305,CE,0,0,0,119.55,224.25,0,0,0,0,19-APR-2021,
OPTSTK,CADILAHC,24-Jun-2021,310,CE,0,0,0,114.95,219.3,0,0,0,0,19-APR-2021,
OPTSTK,CADILAHC,24-Jun-2021,315,CE,0,0,0,110.4,214.35,0,0,0,0,19-APR-2021,
OPTSTK,CADILAHC,24-Jun-2021,320,CE,0,0,0,105.85,209.4,0,0,0,0,19-APR-2021,
OPTSTK,CADILAHC,24-Jun-2021,325,CE,0,0,0,101.45,204.45,0,0,0,0,19-APR-2021,
OPTSTK,CADILAHC,24-Jun-2021,330,CE,0,0,0,97.05,199.5,0,0,0,0,19-APR-2021,
OPTSTK,CADILAHC,24-Jun-2021,335,CE,0,0,0,92.75,194.55,0,0,0,0,19-APR-2021,
OPTSTK,CADILAHC,24-Jun-2021,340,CE,0,0,0,88.55,189.65,0,0,0,0,19-APR-2021,
OPTSTK,CADILAHC,24-Jun-2021,345,CE,0,0,0,84.45,184.7,0,0,0,0,19-APR-2021,
OPTSTK,CADILAHC,24-Jun-2021,350,CE,0,0,0,80.4,179.8,0,0,0,0,19-APR-2021,
OPTSTK,CADILAHC,24-Jun-2021,355,CE,0,0,0,76.45,174.9,0,0,0,0,19-APR-2021,
OPTSTK,CADILAHC,24-Jun-2021,360,CE,0,0,0,72.65,170.05,0,0,0,0,19-APR-2021,
OPTSTK,CADILAHC,24-Jun-2021,365,CE,0,0,0,68.9,165.15,0,0,0,0,19-APR-2021,
OPTSTK,CADILAHC,24-Jun-2021,370,CE,0,0,0,65.3,160.3,0,0,0,0,19-APR-2021,
OPTSTK,CADILAHC,24-Jun-2021,375,CE,0,0,0,61.8,155.5,0,0,0,0,19-APR-2021,
OPTSTK,CADILAHC,24-Jun-2021,380,CE,0,0,0,58.4,150.7,0,0,0,0,19-APR-2021,
OPTSTK,CADILAHC,24-Jun-2021,385,CE,0,0,0,55.1,145.95,0,0,0,0,19-APR-2021,
OPTSTK,CADILAHC,24-Jun-2021,390,CE,0,0,0,51.95,141.25,0,0,0,0,19-APR-2021,
OPTSTK,CADILAHC,24-Jun-2021,395,CE,0,0,0,48.9,136.55,0,0,0,0,19-APR-2021,
OPTSTK,CADILAHC,24-Jun-2021,400,CE,0,0,0,46,131.9,0,0,0,0,19-APR-2021,
OPTSTK,CADILAHC,24-Jun-2021,405,CE,0,0,0,43.2,127.3,0,0,0,0,19-APR-2021,
OPTSTK,CADILAHC,24-Jun-2021,410,CE,0,0,0,40.55,122.75,0,0,0,0,19-APR-2021,
OPTSTK,CADILAHC,24-Jun-2021,415,CE,0,0,0,38,118.25,0,0,0,0,19-APR-2021,
OPTSTK,CADILAHC,24-Jun-2021,420,CE,0,0,0,35.55,113.8,0,0,0,0,19-APR-2021,
OPTSTK,CADILAHC,24-Jun-2021,425,CE,0,0,0,33.25,109.45,0,0,0,0,19-APR-2021,
OPTSTK,CADILAHC,24-Jun-2021,430,CE,0,0,0,31.05,105.1,0,0,0,0,19-APR-2021,
OPTSTK,CADILAHC,24-Jun-2021,435,CE,0,0,0,28.95,100.9,0,0,0,0,19-APR-2021,
OPTSTK,CADILAHC,24-Jun-2021,440,CE,0,0,0,26.95,96.7,0,0,0,0,19-APR-2021,
OPTSTK,CADILAHC,24-Jun-2021,445,CE,0,0,0,25.1,92.65,0,0,0,0,19-APR-2021,
OPTSTK,CADILAHC,24-Jun-2021,450,CE,0,0,0,23.35,88.65,0,0,0,0,19-APR-2021,
OPTSTK,CADILAHC,24-Jun-2021,455,CE,0,0,0,21.65,84.75,0,0,0,0,19-APR-2021,
OPTSTK,CADILAHC,24-Jun-2021,460,CE,0,0,0,20.1,80.9,0,0,0,0,19-APR-2021,
OPTSTK,CADILAHC,24-Jun-2021,465,CE,0,0,0,18.6,77.2,0,0,0,0,19-APR-2021,
OPTSTK,CADILAHC,24-Jun-2021,470,CE,0,0,0,17.25,73.55,0,0,0,0,19-APR-2021,
OPTSTK,CADILAHC,24-Jun-2021,475,CE,0,0,0,15.95,70,0,0,0,0,19-APR-2021,
OPTSTK,CADILAHC,24-Jun-2021,480,CE,0,0,0,14.75,66.55,0,0,0,0,19-APR-2021,
OPTSTK,CADILAHC,24-Jun-2021,485,CE,0,0,0,13.6,63.25,0,0,0,0,19-APR-2021,
OPTSTK,CADILAHC,24-Jun-2021,490,CE,0,0,0,12.55,60,0,0,0,0,19-APR-2021,
OPTSTK,CADILAHC,24-Jun-2021,495,CE,0,0,0,11.55,56.9,0,0,0,0,19-APR-2021,
OPTSTK,CADILAHC,24-Jun-2021,500,CE,0,0,0,10.65,53.85,0,0,0,0,19-APR-2021,
OPTSTK,CADILAHC,24-Jun-2021,505,CE,0,0,0,9.8,50.95,0,0,0,0,19-APR-2021,
OPTSTK,CADILAHC,24-Jun-2021,510,CE,0,0,0,9,48.15,0,0,0,0,19-APR-2021,
OPTSTK,CADILAHC,24-Jun-2021,515,CE,0,0,0,8.25,45.5,0,0,0,0,19-APR-2021,
OPTSTK,CADILAHC,24-Jun-2021,520,CE,0,0,0,7.6,42.9,0,0,0,0,19-APR-2021,
OPTSTK,CADILAHC,24-Jun-2021,525,CE,0,0,0,6.95,40.4,0,0,0,0,19-APR-2021,
OPTSTK,CADILAHC,24-Jun-2021,530,CE,0,0,0,6.35,38.05,0,0,0,0,19-APR-2021,
OPTSTK,CADILAHC,24-Jun-2021,535,CE,0,0,0,5.85,35.75,0,0,0,0,19-APR-2021,
OPTSTK,CADILAHC,24-Jun-2021,540,CE,0,0,0,5.35,33.6,0,0,0,0,19-APR-2021,
OPTSTK,CADILAHC,24-Jun-2021,545,CE,0,0,0,4.9,31.55,0,0,0,0,19-APR-2021,
OPTSTK,CADILAHC,24-Jun-2021,550,CE,0,0,0,4.45,29.55,0,0,0,0,19-APR-2021,
OPTSTK,CADILAHC,24-Jun-2021,555,CE,0,0,0,4.05,27.7,0,0,0,0,19-APR-2021,
OPTSTK,CADILAHC,24-Jun-2021,560,CE,0,0,0,3.7,25.9,0,0,0,0,19-APR-2021,
OPTSTK,CADILAHC,24-Jun-2021,565,CE,0,0,0,3.4,24.25,0,0,0,0,19-APR-2021,
OPTSTK,CADILAHC,24-Jun-2021,570,CE,0,0,0,3.1,22.65,0,0,0,0,19-APR-2021,
OPTSTK,CADILAHC,24-Jun-2021,575,CE,0,0,0,2.8,21.1,0,0,0,0,19-APR-2021,
OPTSTK,CADILAHC,24-Jun-2021,580,CE,0,0,0,2.55,19.7,0,0,0,0,19-APR-2021,
OPTSTK,CADILAHC,24-Jun-2021,585,CE,0,0,0,2.3,18.35,0,0,0,0,19-APR-2021,
OPTSTK,CADILAHC,24-Jun-2021,590,CE,0,0,0,2.1,17.1,0,0,0,0,19-APR-2021,
OPTSTK,CADILAHC,24-Jun-2021,595,CE,0,0,0,1.9,15.9,0,0,0,0,19-APR-2021,
OPTSTK,CADILAHC,24-Jun-2021,600,CE,0,0,0,1.75,14.8,0,0,0,0,19-APR-2021,
OPTSTK,CADILAHC,24-Jun-2021,605,CE,0,0,0,2.05,13.75,0,0,0,0,19-APR-2021,
OPTSTK,CADILAHC,24-Jun-2021,610,CE,0,0,0,1.85,12.7,0,0,0,0,19-APR-2021,
OPTSTK,CADILAHC,24-Jun-2021,615,CE,0,0,0,1.7,11.8,0,0,0,0,19-APR-2021,
OPTSTK,CADILAHC,24-Jun-2021,285,PE,0,0,0,0.65,0,0,0,0,0,19-APR-2021,
OPTSTK,CADILAHC,24-Jun-2021,290,PE,0,0,0,0.8,0.05,0,0,0,0,19-APR-2021,
OPTSTK,CADILAHC,24-Jun-2021,295,PE,0,0,0,1,0.05,0,0,0,0,19-APR-2021,
OPTSTK,CADILAHC,24-Jun-2021,300,PE,0,0,0,1.25,0.05,0,0,0,0,19-APR-2021,
OPTSTK,CADILAHC,24-Jun-2021,305,PE,0,0,0,1.55,0.05,0,0,0,0,19-APR-2021,
OPTSTK,CADILAHC,24-Jun-2021,310,PE,0,0,0,1.85,0.05,0,0,0,0,19-APR-2021,
OPTSTK,CADILAHC,24-Jun-2021,315,PE,0,0,0,2.25,0.05,0,0,0,0,19-APR-2021,
OPTSTK,CADILAHC,24-Jun-2021,320,PE,0,0,0,2.7,0.05,0,0,0,0,19-APR-2021,
OPTSTK,CADILAHC,24-Jun-2021,325,PE,0,0,0,3.2,0.1,0,0,0,0,19-APR-2021,
OPTSTK,CADILAHC,24-Jun-2021,330,PE,0,0,0,3.8,0.1,0,0,0,0,19-APR-2021,
OPTSTK,CADILAHC,24-Jun-2021,335,PE,0,0,0,4.45,0.15,0,0,0,0,19-APR-2021,
OPTSTK,CADILAHC,24-Jun-2021,340,PE,0,0,0,5.2,0.2,0,0,0,0,19-APR-2021,
OPTSTK,CADILAHC,24-Jun-2021,345,PE,0,0,0,6,0.25,0,0,0,0,19-APR-2021,
OPTSTK,CADILAHC,24-Jun-2021,350,PE,0,0,0,6.95,0.3,0,0,0,0,19-APR-2021,
OPTSTK,CADILAHC,24-Jun-2021,355,PE,0,0,0,7.95,0.35,0,0,0,0,19-APR-2021,
OPTSTK,CADILAHC,24-Jun-2021,360,PE,0,0,0,9.1,0.45,0,0,0,0,19-APR-2021,
OPTSTK,CADILAHC,24-Jun-2021,365,PE,0,0,0,10.35,0.55,0,0,0,0,19-APR-2021,
OPTSTK,CADILAHC,24-Jun-2021,370,PE,0,0,0,11.65,0.65,0,0,0,0,19-APR-2021,
OPTSTK,CADILAHC,24-Jun-2021,375,PE,0,0,0,13.1,0.8,0,0,0,0,19-APR-2021,
OPTSTK,CADILAHC,24-Jun-2021,380,PE,0,0,0,14.65,1,0,0,0,0,19-APR-2021,
OPTSTK,CADILAHC,24-Jun-2021,385,PE,0,0,0,16.35,1.2,0,0,0,0,19-APR-2021,
OPTSTK,CADILAHC,24-Jun-2021,390,PE,0,0,0,18.15,1.45,0,0,0,0,19-APR-2021,
OPTSTK,CADILAHC,24-Jun-2021,395,PE,0,0,0,20.05,1.7,0,0,0,0,19-APR-2021,
OPTSTK,CADILAHC,24-Jun-2021,400,PE,0,0,0,22.1,2.05,0,0,0,0,19-APR-2021,
OPTSTK,CADILAHC,24-Jun-2021,405,PE,0,0,0,24.25,2.4,0,0,0,0,19-APR-2021,
OPTSTK,CADILAHC,24-Jun-2021,410,PE,0,0,0,26.55,2.8,0,0,0,0,19-APR-2021,
OPTSTK,CADILAHC,24-Jun-2021,415,PE,0,0,0,28.95,3.3,0,0,0,0,19-APR-2021,
OPTSTK,CADILAHC,24-Jun-2021,420,PE,0,0,0,31.45,3.8,0,0,0,0,19-APR-2021,
OPTSTK,CADILAHC,24-Jun-2021,425,PE,0,0,0,34.1,4.4,0,0,0,0,19-APR-2021,
OPTSTK,CADILAHC,24-Jun-2021,430,PE,0,0,0,36.85,5.05,0,0,0,0,19-APR-2021,
OPTSTK,CADILAHC,24-Jun-2021,435,PE,0,0,0,39.7,5.8,0,0,0,0,19-APR-2021,
OPTSTK,CADILAHC,24-Jun-2021,440,PE,0,0,0,42.7,6.6,0,0,0,0,19-APR-2021,
OPTSTK,CADILAHC,24-Jun-2021,445,PE,0,0,0,45.75,7.5,0,0,0,0,19-APR-2021,
OPTSTK,CADILAHC,24-Jun-2021,450,PE,0,0,0,48.95,8.45,0,0,0,0,19-APR-2021,
OPTSTK,CADILAHC,24-Jun-2021,455,PE,0,0,0,52.25,9.5,0,0,0,0,19-APR-2021,
OPTSTK,CADILAHC,24-Jun-2021,460,PE,0,0,0,55.6,10.65,0,0,0,0,19-APR-2021,
OPTSTK,CADILAHC,24-Jun-2021,465,PE,0,0,0,59.1,11.9,0,0,0,0,19-APR-2021,
OPTSTK,CADILAHC,24-Jun-2021,470,PE,0,0,0,62.65,13.25,0,0,0,0,19-APR-2021,
OPTSTK,CADILAHC,24-Jun-2021,475,PE,0,0,0,66.35,14.65,0,0,0,0,19-APR-2021,
OPTSTK,CADILAHC,24-Jun-2021,480,PE,0,0,0,70.1,16.15,0,0,0,0,19-APR-2021,
OPTSTK,CADILAHC,24-Jun-2021,485,PE,0,0,0,73.9,17.8,0,0,0,0,19-APR-2021,
OPTSTK,CADILAHC,24-Jun-2021,490,PE,0,0,0,77.8,19.55,0,0,0,0,19-APR-2021,
OPTSTK,CADILAHC,24-Jun-2021,495,PE,0,0,0,81.75,21.4,0,0,0,0,19-APR-2021,
OPTSTK,CADILAHC,24-Jun-2021,500,PE,0,0,0,85.8,23.35,0,0,0,0,19-APR-2021,
OPTSTK,CADILAHC,24-Jun-2021,505,PE,0,0,0,89.9,25.4,0,0,0,0,19-APR-2021,
OPTSTK,CADILAHC,24-Jun-2021,510,PE,0,0,0,94.05,27.55,0,0,0,0,19-APR-2021,
OPTSTK,CADILAHC,24-Jun-2021,515,PE,0,0,0,98.3,29.85,0,0,0,0,19-APR-2021,
OPTSTK,CADILAHC,24-Jun-2021,520,PE,0,0,0,102.55,32.25,0,0,0,0,19-APR-2021,
OPTSTK,CADILAHC,24-Jun-2021,525,PE,0,0,0,106.85,34.7,0,0,0,0,19-APR-2021,
OPTSTK,CADILAHC,24-Jun-2021,530,PE,0,0,0,111.25,37.3,0,0,0,0,19-APR-2021,
OPTSTK,CADILAHC,24-Jun-2021,535,PE,0,0,0,115.65,40,0,0,0,0,19-APR-2021,
OPTSTK,CADILAHC,24-Jun-2021,540,PE,0,0,0,120.1,42.8,0,0,0,0,19-APR-2021,
OPTSTK,CADILAHC,24-Jun-2021,545,PE,0,0,0,124.6,45.7,0,0,0,0,19-APR-2021,
OPTSTK,CADILAHC,24-Jun-2021,550,PE,0,0,0,129.15,48.7,0,0,0,0,19-APR-2021,
OPTSTK,CADILAHC,24-Jun-2021,555,PE,0,0,0,133.7,51.8,0,0,0,0,19-APR-2021,
OPTSTK,CADILAHC,24-Jun-2021,560,PE,0,0,0,138.3,55,0,0,0,0,19-APR-2021,
OPTSTK,CADILAHC,24-Jun-2021,565,PE,0,0,0,142.9,58.25,0,0,0,0,19-APR-2021,
OPTSTK,CADILAHC,24-Jun-2021,570,PE,0,0,0,147.55,61.65,0,0,0,0,19-APR-2021,
OPTSTK,CADILAHC,24-Jun-2021,575,PE,0,0,0,152.25,65.1,0,0,0,0,19-APR-2021,
OPTSTK,CADILAHC,24-Jun-2021,580,PE,0,0,0,156.95,68.6,0,0,0,0,19-APR-2021,
OPTSTK,CADILAHC,24-Jun-2021,585,PE,0,0,0,161.7,72.25,0,0,0,0,19-APR-2021,
OPTSTK,CADILAHC,24-Jun-2021,590,PE,0,0,0,166.4,75.95,0,0,0,0,19-APR-2021,
OPTSTK,CADILAHC,24-Jun-2021,595,PE,0,0,0,171.2,79.75,0,0,0,0,19-APR-2021,
OPTSTK,CADILAHC,24-Jun-2021,600,PE,0,0,0,175.95,83.6,0,0,0,0,19-APR-2021,
OPTSTK,CADILAHC,24-Jun-2021,605,PE,0,0,0,167.2,87.5,0,0,0,0,19-APR-2021,
OPTSTK,CADILAHC,24-Jun-2021,610,PE,0,0,0,171.95,91.45,0,0,0,0,19-APR-2021,
OPTSTK,CADILAHC,24-Jun-2021,615,PE,0,0,0,176.75,95.5,0,0,0,0,19-APR-2021,
OPTSTK,CANBK,29-Apr-2021,80,CE,0,0,0,49.65,49.4,0,0,0,0,19-APR-2021,
OPTSTK,CANBK,29-Apr-2021,82.5,CE,0,0,0,47.45,46.9,0,0,0,0,19-APR-2021,
OPTSTK,CANBK,29-Apr-2021,85,CE,0,0,0,45.25,44.4,0,0,0,0,19-APR-2021,
OPTSTK,CANBK,29-Apr-2021,87.5,CE,0,0,0,43.1,41.9,0,0,0,0,19-APR-2021,
OPTSTK,CANBK,29-Apr-2021,90,CE,0,0,0,41,39.4,0,0,0,0,19-APR-2021,
OPTSTK,CANBK,29-Apr-2021,92.5,CE,0,0,0,39,36.9,0,0,0,0,19-APR-2021,
OPTSTK,CANBK,29-Apr-2021,95,CE,0,0,0,37,34.4,0,0,0,0,19-APR-2021,
OPTSTK,CANBK,29-Apr-2021,97.5,CE,0,0,0,35.1,31.95,0,0,0,0,19-APR-2021,
OPTSTK,CANBK,29-Apr-2021,100,CE,0,0,0,33.25,29.45,0,0,0,0,19-APR-2021,
OPTSTK,CANBK,29-Apr-2021,102.5,CE,0,0,0,31.45,27,0,0,0,0,19-APR-2021,
OPTSTK,CANBK,29-Apr-2021,105,CE,0,0,0,29.7,24.55,0,0,0,0,19-APR-2021,
OPTSTK,CANBK,29-Apr-2021,107.5,CE,0,0,0,28,22.15,0,0,0,0,19-APR-2021,
OPTSTK,CANBK,29-Apr-2021,110,CE,0,0,0,26.4,19.8,0,0,0,0,19-APR-2021,
OPTSTK,CANBK,29-Apr-2021,112.5,CE,0,0,0,24.9,17.5,0,0,0,0,19-APR-2021,
OPTSTK,CANBK,29-Apr-2021,115,CE,0,0,0,23.4,15.3,0,0,0,0,19-APR-2021,
OPTSTK,CANBK,29-Apr-2021,117.5,CE,0,0,0,22,13.25,0,0,0,0,19-APR-2021,
OPTSTK,CANBK,29-Apr-2021,120,CE,8,9.4,8,9.4,11.3,3,20.86,16200,5400,19-APR-2021,
OPTSTK,CANBK,29-Apr-2021,122.5,CE,0,0,0,19.4,9.5,0,0,0,0,19-APR-2021,
OPTSTK,CANBK,29-Apr-2021,125,CE,5.6,7.35,5.5,7.35,7.35,38,269.11,108000,108000,19-APR-2021,
OPTSTK,CANBK,29-Apr-2021,127.5,CE,4.95,4.95,4.95,4.95,6.5,1,7.15,5400,5400,19-APR-2021,
OPTSTK,CANBK,29-Apr-2021,130,CE,4,4.8,3.2,4.6,4.6,766,5537.12,729000,432000,19-APR-2021,
OPTSTK,CANBK,29-Apr-2021,132.5,CE,3.3,3.3,3.3,3.3,3.3,1,7.33,5400,5400,19-APR-2021,
OPTSTK,CANBK,29-Apr-2021,135,CE,1.85,3.35,1.85,2.65,2.65,512,3795,793800,221400,19-APR-2021,
OPTSTK,CANBK,29-Apr-2021,137.5,CE,3,3,0.85,2.05,2.05,96,721.71,140400,27000,19-APR-2021,
OPTSTK,CANBK,29-Apr-2021,140,CE,1.65,1.95,1.2,1.55,1.55,632,4824.83,1927800,75600,19-APR-2021,
OPTSTK,CANBK,29-Apr-2021,142.5,CE,0.55,1.2,0.55,1.2,1.2,35,271.32,70200,-43200,19-APR-2021,
OPTSTK,CANBK,29-Apr-2021,145,CE,1.25,1.25,0.65,0.9,0.9,271,2134.05,896400,-27000,19-APR-2021,
OPTSTK,CANBK,29-Apr-2021,147.5,CE,0.55,0.8,0.55,0.8,0.8,6,48,264600,-21600,19-APR-2021,
OPTSTK,CANBK,29-Apr-2021,150,CE,0.9,0.95,0.45,0.65,0.65,295,2398.92,2473200,-253800,19-APR-2021,
OPTSTK,CANBK,29-Apr-2021,152.5,CE,0.5,0.5,0.5,0.5,0.4,1,8.26,399600,0,19-APR-2021,
OPTSTK,CANBK,29-Apr-2021,155,CE,0.85,0.85,0.35,0.45,0.45,161,1351.31,2322000,-70200,19-APR-2021,
OPTSTK,CANBK,29-Apr-2021,157.5,CE,0,0,0,0.9,0.2,0,0,459000,0,19-APR-2021,
OPTSTK,CANBK,29-Apr-2021,160,CE,0.5,0.5,0.25,0.35,0.35,122,1056.19,1906200,-145800,19-APR-2021,
OPTSTK,CANBK,29-Apr-2021,162.5,CE,0.5,0.5,0.5,0.5,0.1,1,8.8,124200,0,19-APR-2021,
OPTSTK,CANBK,29-Apr-2021,165,CE,0.3,0.3,0.2,0.2,0.2,39,347.97,426600,-43200,19-APR-2021,
OPTSTK,CANBK,29-Apr-2021,167.5,CE,0,0,0,2.15,0.05,0,0,21600,0,19-APR-2021,
OPTSTK,CANBK,29-Apr-2021,170,CE,0.25,0.35,0.15,0.2,0.2,83,762.93,1242000,27000,19-APR-2021,
OPTSTK,CANBK,29-Apr-2021,172.5,CE,0,0,0,0.35,0.05,0,0,37800,0,19-APR-2021,
OPTSTK,CANBK,29-Apr-2021,175,CE,0.15,0.25,0.1,0.1,0.05,34,321.52,432000,-43200,19-APR-2021,
OPTSTK,CANBK,29-Apr-2021,177.5,CE,0,0,0,4.05,0.05,0,0,0,0,19-APR-2021,
OPTSTK,CANBK,29-Apr-2021,180,CE,0.05,0.2,0.05,0.1,0,28,272.34,480600,-59400,19-APR-2021,
OPTSTK,CANBK,29-Apr-2021,182.5,CE,0,0,0,1.15,0,0,0,0,0,19-APR-2021,
OPTSTK,CANBK,29-Apr-2021,185,CE,0.1,0.1,0.1,0.1,0,2,19.99,59400,-10800,19-APR-2021,
OPTSTK,CANBK,29-Apr-2021,187.5,CE,0,0,0,5.55,0,0,0,0,0,19-APR-2021,
OPTSTK,CANBK,29-Apr-2021,190,CE,0,0,0,0.1,0,0,0,37800,0,19-APR-2021,
OPTSTK,CANBK,29-Apr-2021,192.5,CE,0.1,0.1,0.1,0.1,0,1,10.4,27000,0,19-APR-2021,
OPTSTK,CANBK,29-Apr-2021,80,PE,0,0,0,0.05,0,0,0,5400,0,19-APR-2021,
OPTSTK,CANBK,29-Apr-2021,82.5,PE,0,0,0,0.35,0,0,0,37800,0,19-APR-2021,
OPTSTK,CANBK,29-Apr-2021,85,PE,0,0,0,1.5,0,0,0,0,0,19-APR-2021,
OPTSTK,CANBK,29-Apr-2021,87.5,PE,0,0,0,1.85,0,0,0,0,0,19-APR-2021,
OPTSTK,CANBK,29-Apr-2021,90,PE,0,0,0,2.25,0,0,0,0,0,19-APR-2021,
OPTSTK,CANBK,29-Apr-2021,92.5,PE,0,0,0,0.3,0,0,0,54000,0,19-APR-2021,
OPTSTK,CANBK,29-Apr-2021,95,PE,0,0,0,3.15,0.05,0,0,0,0,19-APR-2021,
OPTSTK,CANBK,29-Apr-2021,97.5,PE,0,0,0,3.75,0.05,0,0,0,0,19-APR-2021,
OPTSTK,CANBK,29-Apr-2021,100,PE,0.5,0.5,0.5,0.5,0.05,1,5.42,415800,5400,19-APR-2021,
OPTSTK,CANBK,29-Apr-2021,102.5,PE,0,0,0,0.25,0.1,0,0,0,0,19-APR-2021,
OPTSTK,CANBK,29-Apr-2021,105,PE,0,0,0,5.75,0.15,0,0,0,0,19-APR-2021,
OPTSTK,CANBK,29-Apr-2021,107.5,PE,0,0,0,6.6,0.25,0,0,0,0,19-APR-2021,
OPTSTK,CANBK,29-Apr-2021,110,PE,1.3,1.35,0.6,0.7,0.7,163,976.61,604800,43200,19-APR-2021,
OPTSTK,CANBK,29-Apr-2021,112.5,PE,0,0,0,8.4,0.6,0,0,0,0,19-APR-2021,
OPTSTK,CANBK,29-Apr-2021,115,PE,1.45,1.65,1.35,1.5,1.5,11,69.18,27000,27000,19-APR-2021,
OPTSTK,CANBK,29-Apr-2021,117.5,PE,0,0,0,10.45,1.3,0,0,0,0,19-APR-2021,
OPTSTK,CANBK,29-Apr-2021,120,PE,1.85,3.35,1.65,1.75,1.75,446,2946.77,891000,307800,19-APR-2021,
OPTSTK,CANBK,29-Apr-2021,122.5,PE,2.85,2.85,2.15,2.25,2.25,44,296.77,113400,113400,19-APR-2021,
OPTSTK,CANBK,29-Apr-2021,125,PE,3.3,5.5,2.8,3,3,277,1924.98,513000,221400,19-APR-2021,
OPTSTK,CANBK,29-Apr-2021,127.5,PE,5.15,5.15,3.9,3.9,3.9,32,227.68,97200,75600,19-APR-2021,
OPTSTK,CANBK,29-Apr-2021,130,PE,7,8.5,4.65,4.95,4.95,329,2424.78,1058400,-86400,19-APR-2021,
OPTSTK,CANBK,29-Apr-2021,132.5,PE,8.85,8.85,6.3,6.5,6.5,15,113.71,124200,-5400,19-APR-2021,
OPTSTK,CANBK,29-Apr-2021,135,PE,10,11.8,7.8,7.8,7.8,52,407.44,621000,-16200,19-APR-2021,
OPTSTK,CANBK,29-Apr-2021,137.5,PE,13.35,13.35,12.7,12.7,10.6,4,32.52,108000,0,19-APR-2021,
OPTSTK,CANBK,29-Apr-2021,140,PE,14.8,15.4,11.4,11.6,11.6,25,207.09,977400,-32400,19-APR-2021,
OPTSTK,CANBK,29-Apr-2021,142.5,PE,0,0,0,9.05,14.5,0,0,59400,0,19-APR-2021,
OPTSTK,CANBK,29-Apr-2021,145,PE,27.15,27.15,16.9,16.9,16.65,13,115.37,896400,-32400,19-APR-2021,
OPTSTK,CANBK,29-Apr-2021,147.5,PE,23,23,23,23,18.85,1,9.2,253800,-5400,19-APR-2021,
OPTSTK,CANBK,29-Apr-2021,150,PE,25.5,25.5,21.55,21.55,21.15,23,216.02,1398600,-37800,19-APR-2021,
OPTSTK,CANBK,29-Apr-2021,152.5,PE,0,0,0,18.15,23.45,0,0,129600,0,19-APR-2021,
OPTSTK,CANBK,29-Apr-2021,155,PE,41.75,41.75,41.75,41.75,25.85,1,10.62,178200,0,19-APR-2021,
OPTSTK,CANBK,29-Apr-2021,157.5,PE,0,0,0,35.45,28.25,0,0,0,0,19-APR-2021,
OPTSTK,CANBK,29-Apr-2021,160,PE,34.5,34.5,32,32,30.7,2,20.87,156600,-5400,19-APR-2021,
OPTSTK,CANBK,29-Apr-2021,162.5,PE,0,0,0,39.4,33.15,0,0,0,0,19-APR-2021,
OPTSTK,CANBK,29-Apr-2021,165,PE,0,0,0,16.6,35.6,0,0,10800,0,19-APR-2021,
OPTSTK,CANBK,29-Apr-2021,167.5,PE,0,0,0,43.5,38.1,0,0,0,0,19-APR-2021,
OPTSTK,CANBK,29-Apr-2021,170,PE,0,0,0,37.5,40.6,0,0,21600,0,19-APR-2021,
OPTSTK,CANBK,29-Apr-2021,172.5,PE,0,0,0,47.7,43.05,0,0,0,0,19-APR-2021,
OPTSTK,CANBK,29-Apr-2021,175,PE,0,0,0,49.8,45.55,0,0,0,0,19-APR-2021,
OPTSTK,CANBK,29-Apr-2021,177.5,PE,0,0,0,51.95,48.05,0,0,0,0,19-APR-2021,
OPTSTK,CANBK,29-Apr-2021,180,PE,0,0,0,50.75,50.55,0,0,0,0,19-APR-2021,
OPTSTK,CANBK,29-Apr-2021,182.5,PE,0,0,0,52.9,53.05,0,0,0,0,19-APR-2021,
OPTSTK,CANBK,29-Apr-2021,185,PE,0,0,0,47.05,55.55,0,0,0,0,19-APR-2021,
OPTSTK,CANBK,29-Apr-2021,187.5,PE,0,0,0,49.15,58.05,0,0,0,0,19-APR-2021,
OPTSTK,CANBK,29-Apr-2021,190,PE,0,0,0,51.25,60.55,0,0,0,0,19-APR-2021,
OPTSTK,CANBK,29-Apr-2021,192.5,PE,0,0,0,53.35,63.05,0,0,0,0,19-APR-2021,
OPTSTK,CANBK,27-May-2021,95,CE,0,0,0,49.75,35.35,0,0,0,0,19-APR-2021,
OPTSTK,CANBK,27-May-2021,100,CE,0,0,0,52,30.9,0,0,0,0,19-APR-2021,
OPTSTK,CANBK,27-May-2021,105,CE,0,0,0,47.55,26.65,0,0,0,0,19-APR-2021,
OPTSTK,CANBK,27-May-2021,110,CE,0,0,0,50.65,22.7,0,0,0,0,19-APR-2021,
OPTSTK,CANBK,27-May-2021,112.5,CE,0,0,0,54.45,20.9,0,0,0,0,19-APR-2021,
OPTSTK,CANBK,27-May-2021,115,CE,0,0,0,52.4,19.15,0,0,0,0,19-APR-2021,
OPTSTK,CANBK,27-May-2021,117.5,CE,0,0,0,50.35,17.45,0,0,0,0,19-APR-2021,
OPTSTK,CANBK,27-May-2021,120,CE,15,15,15,15,15.9,1,7.29,5400,5400,19-APR-2021,
OPTSTK,CANBK,27-May-2021,122.5,CE,0,0,0,46.4,14.45,0,0,0,0,19-APR-2021,
OPTSTK,CANBK,27-May-2021,125,CE,0,0,0,44.45,13.05,0,0,0,0,19-APR-2021,
OPTSTK,CANBK,27-May-2021,127.5,CE,0,0,0,42.6,11.8,0,0,0,0,19-APR-2021,
OPTSTK,CANBK,27-May-2021,130,CE,8.5,8.5,8.5,8.5,10.6,2,14.95,16200,10800,19-APR-2021,
OPTSTK,CANBK,27-May-2021,132.5,CE,0,0,0,39.05,9.5,0,0,0,0,19-APR-2021,
OPTSTK,CANBK,27-May-2021,135,CE,0,0,0,37.3,8.5,0,0,0,0,19-APR-2021,
OPTSTK,CANBK,27-May-2021,137.5,CE,0,0,0,35.65,7.6,0,0,0,0,19-APR-2021,
OPTSTK,CANBK,27-May-2021,140,CE,9.3,9.3,9.3,9.3,6.75,1,8.06,10800,5400,19-APR-2021,
OPTSTK,CANBK,27-May-2021,142.5,CE,0,0,0,32.5,6,0,0,0,0,19-APR-2021,
OPTSTK,CANBK,27-May-2021,145,CE,0,0,0,31,5.3,0,0,0,0,19-APR-2021,
OPTSTK,CANBK,27-May-2021,147.5,CE,0,0,0,29.55,4.7,0,0,0,0,19-APR-2021,
OPTSTK,CANBK,27-May-2021,150,CE,3,3.8,2.35,2.8,2.8,30,247.32,86400,48600,19-APR-2021,
OPTSTK,CANBK,27-May-2021,152.5,CE,0,0,0,26.75,3.65,0,0,0,0,19-APR-2021,
OPTSTK,CANBK,27-May-2021,155,CE,0,0,0,5.35,3.2,0,0,21600,0,19-APR-2021,
OPTSTK,CANBK,27-May-2021,157.5,CE,0,0,0,24.2,2.8,0,0,0,0,19-APR-2021,
OPTSTK,CANBK,27-May-2021,160,CE,0,0,0,23,2.45,0,0,0,0,19-APR-2021,
OPTSTK,CANBK,27-May-2021,162.5,CE,0,0,0,21.85,2.15,0,0,0,0,19-APR-2021,
OPTSTK,CANBK,27-May-2021,165,CE,0,0,0,20.75,1.85,0,0,0,0,19-APR-2021,
OPTSTK,CANBK,27-May-2021,167.5,CE,0,0,0,19.7,1.65,0,0,0,0,19-APR-2021,
OPTSTK,CANBK,27-May-2021,170,CE,0,0,0,18.7,1.4,0,0,0,0,19-APR-2021,
OPTSTK,CANBK,27-May-2021,172.5,CE,0,0,0,17.7,1.25,0,0,0,0,19-APR-2021,
OPTSTK,CANBK,27-May-2021,175,CE,0,0,0,16.8,1.05,0,0,0,0,19-APR-2021,
OPTSTK,CANBK,27-May-2021,177.5,CE,0,0,0,15.9,0.9,0,0,0,0,19-APR-2021,
OPTSTK,CANBK,27-May-2021,180,CE,0,0,0,15.05,0.8,0,0,0,0,19-APR-2021,
OPTSTK,CANBK,27-May-2021,182.5,CE,0,0,0,14.25,0.7,0,0,0,0,19-APR-2021,
OPTSTK,CANBK,27-May-2021,185,CE,0,0,0,13.5,0.6,0,0,0,0,19-APR-2021,
OPTSTK,CANBK,27-May-2021,187.5,CE,0,0,0,12.75,0.5,0,0,0,0,19-APR-2021,
OPTSTK,CANBK,27-May-2021,190,CE,0,0,0,12.05,0.45,0,0,0,0,19-APR-2021,
OPTSTK,CANBK,27-May-2021,192.5,CE,0,0,0,11.4,0.4,0,0,0,0,19-APR-2021,
OPTSTK,CANBK,27-May-2021,95,PE,0,0,0,0.75,0.7,0,0,0,0,19-APR-2021,
OPTSTK,CANBK,27-May-2021,100,PE,1.05,1.05,1.05,1.05,1.05,3,16.37,16200,16200,19-APR-2021,
OPTSTK,CANBK,27-May-2021,105,PE,0,0,0,1.55,1.95,0,0,0,0,19-APR-2021,
OPTSTK,CANBK,27-May-2021,110,PE,0,0,0,1.55,3,0,0,16200,0,19-APR-2021,
OPTSTK,CANBK,27-May-2021,112.5,PE,0,0,0,2.4,3.65,0,0,0,0,19-APR-2021,
OPTSTK,CANBK,27-May-2021,115,PE,0,0,0,2.8,4.4,0,0,0,0,19-APR-2021,
OPTSTK,CANBK,27-May-2021,117.5,PE,0,0,0,3.25,5.2,0,0,0,0,19-APR-2021,
OPTSTK,CANBK,27-May-2021,120,PE,0,0,0,3.7,6.15,0,0,0,0,19-APR-2021,
OPTSTK,CANBK,27-May-2021,122.5,PE,0,0,0,4.25,7.15,0,0,0,0,19-APR-2021,
OPTSTK,CANBK,27-May-2021,125,PE,0,0,0,4.8,8.3,0,0,0,0,19-APR-2021,
OPTSTK,CANBK,27-May-2021,127.5,PE,0,0,0,5.4,9.5,0,0,0,0,19-APR-2021,
OPTSTK,CANBK,27-May-2021,130,PE,0,0,0,6,10.8,0,0,16200,0,19-APR-2021,
OPTSTK,CANBK,27-May-2021,132.5,PE,0,0,0,6.8,12.2,0,0,0,0,19-APR-2021,
OPTSTK,CANBK,27-May-2021,135,PE,0,0,0,7.55,13.7,0,0,0,0,19-APR-2021,
OPTSTK,CANBK,27-May-2021,137.5,PE,0,0,0,8.4,15.25,0,0,0,0,19-APR-2021,
OPTSTK,CANBK,27-May-2021,140,PE,0,0,0,9.25,16.9,0,0,0,0,19-APR-2021,
OPTSTK,CANBK,27-May-2021,142.5,PE,0,0,0,10.15,18.65,0,0,0,0,19-APR-2021,
OPTSTK,CANBK,27-May-2021,145,PE,0,0,0,11.15,20.45,0,0,0,0,19-APR-2021,
OPTSTK,CANBK,27-May-2021,147.5,PE,0,0,0,12.15,22.35,0,0,0,0,19-APR-2021,
OPTSTK,CANBK,27-May-2021,150,PE,0,0,0,18,24.25,0,0,10800,0,19-APR-2021,
OPTSTK,CANBK,27-May-2021,152.5,PE,0,0,0,14.35,26.25,0,0,0,0,19-APR-2021,
OPTSTK,CANBK,27-May-2021,155,PE,0,0,0,15.55,28.3,0,0,0,0,19-APR-2021,
OPTSTK,CANBK,27-May-2021,157.5,PE,0,0,0,16.75,30.4,0,0,0,0,19-APR-2021,
OPTSTK,CANBK,27-May-2021,160,PE,0,0,0,18.05,32.55,0,0,0,0,19-APR-2021,
OPTSTK,CANBK,27-May-2021,162.5,PE,0,0,0,19.35,34.7,0,0,0,0,19-APR-2021,
OPTSTK,CANBK,27-May-2021,165,PE,0,0,0,20.75,36.95,0,0,0,0,19-APR-2021,
OPTSTK,CANBK,27-May-2021,167.5,PE,0,0,0,22.15,39.2,0,0,0,0,19-APR-2021,
OPTSTK,CANBK,27-May-2021,170,PE,0,0,0,23.6,41.45,0,0,0,0,19-APR-2021,
OPTSTK,CANBK,27-May-2021,172.5,PE,0,0,0,25.1,43.75,0,0,0,0,19-APR-2021,
OPTSTK,CANBK,27-May-2021,175,PE,0,0,0,26.65,46.1,0,0,0,0,19-APR-2021,
OPTSTK,CANBK,27-May-2021,177.5,PE,0,0,0,28.25,48.45,0,0,0,0,19-APR-2021,
OPTSTK,CANBK,27-May-2021,180,PE,0,0,0,29.9,50.8,0,0,0,0,19-APR-2021,
OPTSTK,CANBK,27-May-2021,182.5,PE,0,0,0,31.55,53.2,0,0,0,0,19-APR-2021,
OPTSTK,CANBK,27-May-2021,185,PE,0,0,0,33.25,55.55,0,0,0,0,19-APR-2021,
OPTSTK,CANBK,27-May-2021,187.5,PE,0,0,0,35,58,0,0,0,0,19-APR-2021,
OPTSTK,CANBK,27-May-2021,190,PE,0,0,0,36.8,60.4,0,0,0,0,19-APR-2021,
OPTSTK,CANBK,27-May-2021,192.5,PE,0,0,0,38.6,62.85,0,0,0,0,19-APR-2021,
OPTSTK,CANBK,24-Jun-2021,95,CE,0,0,0,50.85,36.8,0,0,0,0,19-APR-2021,
OPTSTK,CANBK,24-Jun-2021,100,CE,0,0,0,46.55,32.75,0,0,0,0,19-APR-2021,
OPTSTK,CANBK,24-Jun-2021,105,CE,0,0,0,42.45,28.95,0,0,0,0,19-APR-2021,
OPTSTK,CANBK,24-Jun-2021,110,CE,0,0,0,38.6,25.4,0,0,0,0,19-APR-2021,
OPTSTK,CANBK,24-Jun-2021,115,CE,0,0,0,34.9,22.1,0,0,0,0,19-APR-2021,
OPTSTK,CANBK,24-Jun-2021,120,CE,0,0,0,31.5,19.15,0,0,0,0,19-APR-2021,
OPTSTK,CANBK,24-Jun-2021,125,CE,0,0,0,28.3,16.5,0,0,0,0,19-APR-2021,
OPTSTK,CANBK,24-Jun-2021,130,CE,0,0,0,25.3,14.15,0,0,0,0,19-APR-2021,
OPTSTK,CANBK,24-Jun-2021,135,CE,0,0,0,22.6,12.05,0,0,0,0,19-APR-2021,
OPTSTK,CANBK,24-Jun-2021,140,CE,0,0,0,20.1,10.25,0,0,0,0,19-APR-2021,
OPTSTK,CANBK,24-Jun-2021,145,CE,0,0,0,17.85,8.65,0,0,0,0,19-APR-2021,
OPTSTK,CANBK,24-Jun-2021,150,CE,0,0,0,15.8,7.25,0,0,0,0,19-APR-2021,
OPTSTK,CANBK,24-Jun-2021,155,CE,0,0,0,13.95,6.1,0,0,0,0,19-APR-2021,
OPTSTK,CANBK,24-Jun-2021,160,CE,0,0,0,12.3,5.1,0,0,0,0,19-APR-2021,
OPTSTK,CANBK,24-Jun-2021,165,CE,0,0,0,10.8,4.25,0,0,0,0,19-APR-2021,
OPTSTK,CANBK,24-Jun-2021,170,CE,0,0,0,9.5,3.55,0,0,0,0,19-APR-2021,
OPTSTK,CANBK,24-Jun-2021,175,CE,0,0,0,8.3,2.9,0,0,0,0,19-APR-2021,
OPTSTK,CANBK,24-Jun-2021,180,CE,0,0,0,7.25,2.4,0,0,0,0,19-APR-2021,
OPTSTK,CANBK,24-Jun-2021,185,CE,0,0,0,6.35,2,0,0,0,0,19-APR-2021,
OPTSTK,CANBK,24-Jun-2021,190,CE,0,0,0,5.55,1.65,0,0,0,0,19-APR-2021,
OPTSTK,CANBK,24-Jun-2021,95,PE,0,0,0,1.55,1.9,0,0,0,0,19-APR-2021,
OPTSTK,CANBK,24-Jun-2021,100,PE,0,0,0,2.2,2.75,0,0,0,0,19-APR-2021,
OPTSTK,CANBK,24-Jun-2021,105,PE,0,0,0,3.1,3.9,0,0,0,0,19-APR-2021,
OPTSTK,CANBK,24-Jun-2021,110,PE,0,0,0,4.15,5.35,0,0,0,0,19-APR-2021,
OPTSTK,CANBK,24-Jun-2021,115,PE,0,0,0,5.45,7.05,0,0,0,0,19-APR-2021,
OPTSTK,CANBK,24-Jun-2021,120,PE,0,0,0,6.95,9.05,0,0,0,0,19-APR-2021,
OPTSTK,CANBK,24-Jun-2021,125,PE,0,0,0,8.7,11.35,0,0,0,0,19-APR-2021,
OPTSTK,CANBK,24-Jun-2021,130,PE,0,0,0,10.7,14,0,0,0,0,19-APR-2021,
OPTSTK,CANBK,24-Jun-2021,135,PE,0,0,0,12.95,16.85,0,0,0,0,19-APR-2021,
OPTSTK,CANBK,24-Jun-2021,140,PE,0,0,0,15.4,20,0,0,0,0,19-APR-2021,
OPTSTK,CANBK,24-Jun-2021,145,PE,0,0,0,18.1,23.35,0,0,0,0,19-APR-2021,
OPTSTK,CANBK,24-Jun-2021,150,PE,0,0,0,21,26.95,0,0,0,0,19-APR-2021,
OPTSTK,CANBK,24-Jun-2021,155,PE,0,0,0,24.1,30.75,0,0,0,0,19-APR-2021,
OPTSTK,CANBK,24-Jun-2021,160,PE,0,0,0,27.4,34.7,0,0,0,0,19-APR-2021,
OPTSTK,CANBK,24-Jun-2021,165,PE,0,0,0,30.85,38.85,0,0,0,0,19-APR-2021,
OPTSTK,CANBK,24-Jun-2021,170,PE,0,0,0,34.5,43.1,0,0,0,0,19-APR-2021,
OPTSTK,CANBK,24-Jun-2021,175,PE,0,0,0,38.3,47.45,0,0,0,0,19-APR-2021,
OPTSTK,CANBK,24-Jun-2021,180,PE,0,0,0,42.2,51.9,0,0,0,0,19-APR-2021,
OPTSTK,CANBK,24-Jun-2021,185,PE,0,0,0,46.25,56.45,0,0,0,0,19-APR-2021,
OPTSTK,CANBK,24-Jun-2021,190,PE,0,0,0,50.35,61.05,0,0,0,0,19-APR-2021,
OPTSTK,CHOLAFIN,29-Apr-2021,260,CE,0,0,0,153.95,270.7,0,0,0,0,19-APR-2021,
OPTSTK,CHOLAFIN,29-Apr-2021,270,CE,0,0,0,145.65,260.7,0,0,0,0,19-APR-2021,
OPTSTK,CHOLAFIN,29-Apr-2021,280,CE,0,0,0,137.6,250.7,0,0,0,0,19-APR-2021,
OPTSTK,CHOLAFIN,29-Apr-2021,290,CE,0,0,0,129.8,240.7,0,0,0,0,19-APR-2021,
OPTSTK,CHOLAFIN,29-Apr-2021,300,CE,0,0,0,122.3,230.7,0,0,0,0,19-APR-2021,
OPTSTK,CHOLAFIN,29-Apr-2021,310,CE,0,0,0,115.1,220.75,0,0,0,0,19-APR-2021,
OPTSTK,CHOLAFIN,29-Apr-2021,320,CE,0,0,0,108.15,210.75,0,0,0,0,19-APR-2021,
OPTSTK,CHOLAFIN,29-Apr-2021,330,CE,0,0,0,101.5,200.75,0,0,0,0,19-APR-2021,
OPTSTK,CHOLAFIN,29-Apr-2021,340,CE,0,0,0,95.15,190.75,0,0,0,0,19-APR-2021,
OPTSTK,CHOLAFIN,29-Apr-2021,350,CE,0,0,0,89.1,180.75,0,0,0,0,19-APR-2021,
OPTSTK,CHOLAFIN,29-Apr-2021,360,CE,0,0,0,83.4,170.8,0,0,0,0,19-APR-2021,
OPTSTK,CHOLAFIN,29-Apr-2021,370,CE,0,0,0,77.95,160.8,0,0,0,0,19-APR-2021,
OPTSTK,CHOLAFIN,29-Apr-2021,380,CE,0,0,0,72.8,150.85,0,0,0,0,19-APR-2021,
OPTSTK,CHOLAFIN,29-Apr-2021,390,CE,0,0,0,67.9,140.9,0,0,0,0,19-APR-2021,
OPTSTK,CHOLAFIN,29-Apr-2021,400,CE,0,0,0,63.3,130.95,0,0,0,0,19-APR-2021,
OPTSTK,CHOLAFIN,29-Apr-2021,410,CE,0,0,0,59,121.1,0,0,0,0,19-APR-2021,
OPTSTK,CHOLAFIN,29-Apr-2021,420,CE,0,0,0,54.9,111.35,0,0,0,0,19-APR-2021,
OPTSTK,CHOLAFIN,29-Apr-2021,430,CE,0,0,0,51.1,101.7,0,0,0,0,19-APR-2021,
OPTSTK,CHOLAFIN,29-Apr-2021,440,CE,0,0,0,47.5,92.25,0,0,0,0,19-APR-2021,
OPTSTK,CHOLAFIN,29-Apr-2021,450,CE,0,0,0,110,83,0,0,2500,0,19-APR-2021,
OPTSTK,CHOLAFIN,29-Apr-2021,460,CE,0,0,0,40.95,74.1,0,0,0,0,19-APR-2021,
OPTSTK,CHOLAFIN,29-Apr-2021,470,CE,0,0,0,38,65.55,0,0,0,0,19-APR-2021,
OPTSTK,CHOLAFIN,29-Apr-2021,480,CE,0,0,0,60.25,57.45,0,0,7500,0,19-APR-2021,
OPTSTK,CHOLAFIN,29-Apr-2021,490,CE,0,0,0,32.7,49.9,0,0,0,0,19-APR-2021,
OPTSTK,CHOLAFIN,29-Apr-2021,500,CE,37.25,38.5,37.25,38.5,38.5,2,26.89,32500,0,19-APR-2021,
OPTSTK,CHOLAFIN,29-Apr-2021,510,CE,0,0,0,33.1,36.45,0,0,10000,0,19-APR-2021,
OPTSTK,CHOLAFIN,29-Apr-2021,520,CE,22.1,23,17,23,30.65,22,297.37,55000,7500,19-APR-2021,
OPTSTK,CHOLAFIN,29-Apr-2021,530,CE,25,25,12.6,18.75,18.75,99,1351.98,112500,25000,19-APR-2021,
OPTSTK,CHOLAFIN,29-Apr-2021,540,CE,10.2,16.2,8.15,14,14,181,2501.79,297500,0,19-APR-2021,
OPTSTK,CHOLAFIN,29-Apr-2021,550,CE,8.55,12.55,6,10.6,10.6,232,3245.97,305000,12500,19-APR-2021,
OPTSTK,CHOLAFIN,29-Apr-2021,560,CE,6.55,9.3,4.4,7.6,7.6,203,2877.79,357500,0,19-APR-2021,
OPTSTK,CHOLAFIN,29-Apr-2021,570,CE,5.95,6.7,3.1,5.6,5.6,299,4296.87,222500,-127500,19-APR-2021,
OPTSTK,CHOLAFIN,29-Apr-2021,580,CE,3,5,2.45,4.15,4.15,147,2146.2,232500,-5000,19-APR-2021,
OPTSTK,CHOLAFIN,29-Apr-2021,590,CE,2.5,3.5,2.4,3.15,3.15,28,414.94,110000,2500,19-APR-2021,
OPTSTK,CHOLAFIN,29-Apr-2021,600,CE,2,2.8,0.4,2.5,2.5,206,3100.81,877500,52500,19-APR-2021,
OPTSTK,CHOLAFIN,29-Apr-2021,610,CE,1.3,1.75,1.3,1.4,4.05,9,137.6,45000,0,19-APR-2021,
OPTSTK,CHOLAFIN,29-Apr-2021,620,CE,1.1,1.4,1,1.35,1.35,63,978.31,130000,-17500,19-APR-2021,
OPTSTK,CHOLAFIN,29-Apr-2021,630,CE,0.85,0.85,0.8,0.8,2.3,2,31.54,47500,-2500,19-APR-2021,
OPTSTK,CHOLAFIN,29-Apr-2021,640,CE,0.2,0.85,0.05,0.85,0.85,15,240.16,132500,-10000,19-APR-2021,
OPTSTK,CHOLAFIN,29-Apr-2021,650,CE,0.6,0.7,0.35,0.45,0.45,28,455.35,222500,-25000,19-APR-2021,
OPTSTK,CHOLAFIN,29-Apr-2021,660,CE,0.15,0.6,0.15,0.5,0.5,18,297.21,97500,20000,19-APR-2021,
OPTSTK,CHOLAFIN,29-Apr-2021,670,CE,0,0,0,1.1,0.7,0,0,15000,0,19-APR-2021,
OPTSTK,CHOLAFIN,29-Apr-2021,680,CE,0,0,0,27.3,0.5,0,0,0,0,19-APR-2021,
OPTSTK,CHOLAFIN,29-Apr-2021,690,CE,0,0,0,25.45,0.35,0,0,0,0,19-APR-2021,
OPTSTK,CHOLAFIN,29-Apr-2021,260,PE,0,0,0,0.1,0,0,0,2500,0,19-APR-2021,
OPTSTK,CHOLAFIN,29-Apr-2021,270,PE,0,0,0,7.9,0,0,0,0,0,19-APR-2021,
OPTSTK,CHOLAFIN,29-Apr-2021,280,PE,0,0,0,9.75,0,0,0,0,0,19-APR-2021,
OPTSTK,CHOLAFIN,29-Apr-2021,290,PE,0,0,0,11.85,0,0,0,0,0,19-APR-2021,
OPTSTK,CHOLAFIN,29-Apr-2021,300,PE,0,0,0,14.3,0,0,0,0,0,19-APR-2021,
OPTSTK,CHOLAFIN,29-Apr-2021,310,PE,0,0,0,16.95,0,0,0,0,0,19-APR-2021,
OPTSTK,CHOLAFIN,29-Apr-2021,320,PE,0,0,0,19.95,0,0,0,0,0,19-APR-2021,
OPTSTK,CHOLAFIN,29-Apr-2021,330,PE,0,0,0,23.2,0,0,0,0,0,19-APR-2021,
OPTSTK,CHOLAFIN,29-Apr-2021,340,PE,0,0,0,26.8,0,0,0,0,0,19-APR-2021,
OPTSTK,CHOLAFIN,29-Apr-2021,350,PE,0,0,0,0.75,0,0,0,2500,0,19-APR-2021,
OPTSTK,CHOLAFIN,29-Apr-2021,360,PE,0,0,0,34.8,0.05,0,0,0,0,19-APR-2021,
OPTSTK,CHOLAFIN,29-Apr-2021,370,PE,0,0,0,39.25,0.05,0,0,0,0,19-APR-2021,
OPTSTK,CHOLAFIN,29-Apr-2021,380,PE,0,0,0,44.05,0.05,0,0,0,0,19-APR-2021,
OPTSTK,CHOLAFIN,29-Apr-2021,390,PE,0,0,0,49.05,0.1,0,0,0,0,19-APR-2021,
OPTSTK,CHOLAFIN,29-Apr-2021,400,PE,0,0,0,0.75,0.15,0,0,17500,0,19-APR-2021,
OPTSTK,CHOLAFIN,29-Apr-2021,410,PE,0,0,0,59.95,0.3,0,0,0,0,19-APR-2021,
OPTSTK,CHOLAFIN,29-Apr-2021,420,PE,0,0,0,2.5,0.55,0,0,5000,0,19-APR-2021,
OPTSTK,CHOLAFIN,29-Apr-2021,430,PE,0,0,0,71.85,0.85,0,0,0,0,19-APR-2021,
OPTSTK,CHOLAFIN,29-Apr-2021,440,PE,0,0,0,1.6,1.4,0,0,7500,0,19-APR-2021,
OPTSTK,CHOLAFIN,29-Apr-2021,450,PE,2.7,2.7,2.7,2.7,2.15,1,11.31,2500,2500,19-APR-2021,
OPTSTK,CHOLAFIN,29-Apr-2021,460,PE,2.8,3,1.7,2.15,3.25,45,520.12,147500,0,19-APR-2021,
OPTSTK,CHOLAFIN,29-Apr-2021,470,PE,0,0,0,98.4,4.7,0,0,0,0,19-APR-2021,
OPTSTK,CHOLAFIN,29-Apr-2021,480,PE,3.7,6.2,3.45,3.75,3.75,101,1223.24,137500,5000,19-APR-2021,
OPTSTK,CHOLAFIN,29-Apr-2021,490,PE,8,8.4,5.25,5.3,5.3,30,372.41,52500,5000,19-APR-2021,
OPTSTK,CHOLAFIN,29-Apr-2021,500,PE,8.4,12,6.95,7.3,7.3,327,4160.25,322500,90000,19-APR-2021,
OPTSTK,CHOLAFIN,29-Apr-2021,510,PE,12.7,15.7,9.45,10.05,10.05,46,599.84,107500,10000,19-APR-2021,
OPTSTK,CHOLAFIN,29-Apr-2021,520,PE,18.95,21,12.8,13.45,13.45,192,2573.23,290000,-10000,19-APR-2021,
OPTSTK,CHOLAFIN,29-Apr-2021,530,PE,23.6,26,17.2,18.3,18.3,88,1211.03,172500,0,19-APR-2021,
OPTSTK,CHOLAFIN,29-Apr-2021,540,PE,31,32,22.6,23,30.1,18,255.7,177500,-25000,19-APR-2021,
OPTSTK,CHOLAFIN,29-Apr-2021,550,PE,46.05,46.05,29.5,30.7,30.7,9,131.42,105000,-5000,19-APR-2021,
OPTSTK,CHOLAFIN,29-Apr-2021,560,PE,52.95,52.95,39,39,42.85,5,75.32,92500,-5000,19-APR-2021,
OPTSTK,CHOLAFIN,29-Apr-2021,570,PE,51.15,53.6,51.15,53.6,50.05,3,46.64,42500,0,19-APR-2021,
OPTSTK,CHOLAFIN,29-Apr-2021,580,PE,65.7,65.7,65.7,65.7,57.7,1,16.14,35000,2500,19-APR-2021,
OPTSTK,CHOLAFIN,29-Apr-2021,590,PE,0,0,0,77.9,65.8,0,0,7500,0,19-APR-2021,
OPTSTK,CHOLAFIN,29-Apr-2021,600,PE,76.5,78,72.9,72.9,72.9,4,67.6,17500,0,19-APR-2021,
OPTSTK,CHOLAFIN,29-Apr-2021,610,PE,0,0,0,169.2,83.05,0,0,0,0,19-APR-2021,
OPTSTK,CHOLAFIN,29-Apr-2021,620,PE,0,0,0,177.45,92.05,0,0,0,0,19-APR-2021,
OPTSTK,CHOLAFIN,29-Apr-2021,630,PE,0,0,0,177.7,101.3,0,0,0,0,19-APR-2021,
OPTSTK,CHOLAFIN,29-Apr-2021,640,PE,0,0,0,138.25,110.7,0,0,0,0,19-APR-2021,
OPTSTK,CHOLAFIN,29-Apr-2021,650,PE,0,0,0,145.85,120.25,0,0,0,0,19-APR-2021,
OPTSTK,CHOLAFIN,29-Apr-2021,660,PE,0,0,0,153.55,129.9,0,0,0,0,19-APR-2021,
OPTSTK,CHOLAFIN,29-Apr-2021,670,PE,0,0,0,161.45,139.6,0,0,0,0,19-APR-2021,
OPTSTK,CHOLAFIN,29-Apr-2021,680,PE,0,0,0,169.45,149.4,0,0,0,0,19-APR-2021,
OPTSTK,CHOLAFIN,29-Apr-2021,690,PE,0,0,0,177.55,159.25,0,0,0,0,19-APR-2021,
OPTSTK,CHOLAFIN,27-May-2021,370,CE,0,0,0,173.7,164.35,0,0,0,0,19-APR-2021,
OPTSTK,CHOLAFIN,27-May-2021,380,CE,0,0,0,166.05,155.2,0,0,0,0,19-APR-2021,
OPTSTK,CHOLAFIN,27-May-2021,390,CE,0,0,0,158.6,146.25,0,0,0,0,19-APR-2021,
OPTSTK,CHOLAFIN,27-May-2021,400,CE,0,0,0,151.4,137.5,0,0,0,0,19-APR-2021,
OPTSTK,CHOLAFIN,27-May-2021,410,CE,0,0,0,144.4,128.95,0,0,0,0,19-APR-2021,
OPTSTK,CHOLAFIN,27-May-2021,420,CE,0,0,0,137.6,120.65,0,0,0,0,19-APR-2021,
OPTSTK,CHOLAFIN,27-May-2021,430,CE,0,0,0,131.05,112.65,0,0,0,0,19-APR-2021,
OPTSTK,CHOLAFIN,27-May-2021,440,CE,0,0,0,124.75,104.9,0,0,0,0,19-APR-2021,
OPTSTK,CHOLAFIN,27-May-2021,450,CE,0,0,0,118.65,97.5,0,0,0,0,19-APR-2021,
OPTSTK,CHOLAFIN,27-May-2021,460,CE,0,0,0,112.8,90.35,0,0,0,0,19-APR-2021,
OPTSTK,CHOLAFIN,27-May-2021,470,CE,0,0,0,107.15,83.55,0,0,0,0,19-APR-2021,
OPTSTK,CHOLAFIN,27-May-2021,480,CE,0,0,0,101.75,77.1,0,0,0,0,19-APR-2021,
OPTSTK,CHOLAFIN,27-May-2021,490,CE,0,0,0,96.55,71,0,0,0,0,19-APR-2021,
OPTSTK,CHOLAFIN,27-May-2021,500,CE,0,0,0,91.6,65.2,0,0,0,0,19-APR-2021,
OPTSTK,CHOLAFIN,27-May-2021,510,CE,0,0,0,86.85,59.8,0,0,0,0,19-APR-2021,
OPTSTK,CHOLAFIN,27-May-2021,520,CE,0,0,0,82.3,54.7,0,0,0,0,19-APR-2021,
OPTSTK,CHOLAFIN,27-May-2021,530,CE,0,0,0,40,49.9,0,0,27500,0,19-APR-2021,
OPTSTK,CHOLAFIN,27-May-2021,540,CE,0,0,0,39,45.5,0,0,10000,0,19-APR-2021,
OPTSTK,CHOLAFIN,27-May-2021,550,CE,0,0,0,69.85,41.35,0,0,0,0,19-APR-2021,
OPTSTK,CHOLAFIN,27-May-2021,560,CE,0,0,0,66.1,37.5,0,0,0,0,19-APR-2021,
OPTSTK,CHOLAFIN,27-May-2021,570,CE,0,0,0,62.5,34,0,0,0,0,19-APR-2021,
OPTSTK,CHOLAFIN,27-May-2021,580,CE,0,0,0,41.5,30.75,0,0,2500,0,19-APR-2021,
OPTSTK,CHOLAFIN,27-May-2021,590,CE,0,0,0,55.85,27.75,0,0,0,0,19-APR-2021,
OPTSTK,CHOLAFIN,27-May-2021,600,CE,0,0,0,52.75,25,0,0,0,0,19-APR-2021,
OPTSTK,CHOLAFIN,27-May-2021,610,CE,0,0,0,49.85,22.5,0,0,0,0,19-APR-2021,
OPTSTK,CHOLAFIN,27-May-2021,620,CE,0,0,0,47.05,20.2,0,0,0,0,19-APR-2021,
OPTSTK,CHOLAFIN,27-May-2021,630,CE,0,0,0,44.4,18.15,0,0,0,0,19-APR-2021,
OPTSTK,CHOLAFIN,27-May-2021,640,CE,0,0,0,41.95,16.25,0,0,0,0,19-APR-2021,
OPTSTK,CHOLAFIN,27-May-2021,650,CE,0,0,0,39.6,14.5,0,0,0,0,19-APR-2021,
OPTSTK,CHOLAFIN,27-May-2021,660,CE,0,0,0,37.35,12.95,0,0,0,0,19-APR-2021,
OPTSTK,CHOLAFIN,27-May-2021,670,CE,0,0,0,35.25,11.55,0,0,0,0,19-APR-2021,
OPTSTK,CHOLAFIN,27-May-2021,680,CE,0,0,0,33.2,10.3,0,0,0,0,19-APR-2021,
OPTSTK,CHOLAFIN,27-May-2021,690,CE,0,0,0,31.35,9.15,0,0,0,0,19-APR-2021,
OPTSTK,CHOLAFIN,27-May-2021,370,PE,0,0,0,14.2,2.55,0,0,0,0,19-APR-2021,
OPTSTK,CHOLAFIN,27-May-2021,380,PE,0,0,0,16.45,3.35,0,0,0,0,19-APR-2021,
OPTSTK,CHOLAFIN,27-May-2021,390,PE,0,0,0,18.95,4.3,0,0,0,0,19-APR-2021,
OPTSTK,CHOLAFIN,27-May-2021,400,PE,0,0,0,21.6,5.5,0,0,0,0,19-APR-2021,
OPTSTK,CHOLAFIN,27-May-2021,410,PE,0,0,0,24.55,6.95,0,0,0,0,19-APR-2021,
OPTSTK,CHOLAFIN,27-May-2021,420,PE,0,0,0,27.65,8.6,0,0,0,0,19-APR-2021,
OPTSTK,CHOLAFIN,27-May-2021,430,PE,0,0,0,31,10.55,0,0,0,0,19-APR-2021,
OPTSTK,CHOLAFIN,27-May-2021,440,PE,0,0,0,34.6,12.8,0,0,0,0,19-APR-2021,
OPTSTK,CHOLAFIN,27-May-2021,450,PE,0,0,0,38.4,15.35,0,0,0,0,19-APR-2021,
OPTSTK,CHOLAFIN,27-May-2021,460,PE,0,0,0,42.45,18.15,0,0,0,0,19-APR-2021,
OPTSTK,CHOLAFIN,27-May-2021,470,PE,0,0,0,46.75,21.3,0,0,0,0,19-APR-2021,
OPTSTK,CHOLAFIN,27-May-2021,480,PE,0,0,0,51.25,24.85,0,0,0,0,19-APR-2021,
OPTSTK,CHOLAFIN,27-May-2021,490,PE,0,0,0,55.95,28.7,0,0,0,0,19-APR-2021,
OPTSTK,CHOLAFIN,27-May-2021,500,PE,0,0,0,60.9,32.85,0,0,0,0,19-APR-2021,
OPTSTK,CHOLAFIN,27-May-2021,510,PE,0,0,0,66.05,37.4,0,0,0,0,19-APR-2021,
OPTSTK,CHOLAFIN,27-May-2021,520,PE,0,0,0,71.4,42.25,0,0,0,0,19-APR-2021,
OPTSTK,CHOLAFIN,27-May-2021,530,PE,0,0,0,77,47.45,0,0,0,0,19-APR-2021,
OPTSTK,CHOLAFIN,27-May-2021,540,PE,0,0,0,82.75,52.95,0,0,0,0,19-APR-2021,
OPTSTK,CHOLAFIN,27-May-2021,550,PE,0,0,0,88.7,58.8,0,0,0,0,19-APR-2021,
OPTSTK,CHOLAFIN,27-May-2021,560,PE,0,0,0,94.85,64.95,0,0,0,0,19-APR-2021,
OPTSTK,CHOLAFIN,27-May-2021,570,PE,0,0,0,101.15,71.35,0,0,0,0,19-APR-2021,
OPTSTK,CHOLAFIN,27-May-2021,580,PE,0,0,0,107.65,78.05,0,0,0,0,19-APR-2021,
OPTSTK,CHOLAFIN,27-May-2021,590,PE,0,0,0,114.3,85.05,0,0,0,0,19-APR-2021,
OPTSTK,CHOLAFIN,27-May-2021,600,PE,0,0,0,121.15,92.25,0,0,0,0,19-APR-2021,
OPTSTK,CHOLAFIN,27-May-2021,610,PE,0,0,0,128.1,99.75,0,0,0,0,19-APR-2021,
OPTSTK,CHOLAFIN,27-May-2021,620,PE,0,0,0,135.25,107.4,0,0,0,0,19-APR-2021,
OPTSTK,CHOLAFIN,27-May-2021,630,PE,0,0,0,142.5,115.3,0,0,0,0,19-APR-2021,
OPTSTK,CHOLAFIN,27-May-2021,640,PE,0,0,0,149.95,123.35,0,0,0,0,19-APR-2021,
OPTSTK,CHOLAFIN,27-May-2021,650,PE,0,0,0,157.5,131.6,0,0,0,0,19-APR-2021,
OPTSTK,CHOLAFIN,27-May-2021,660,PE,0,0,0,165.15,140,0,0,0,0,19-APR-2021,
OPTSTK,CHOLAFIN,27-May-2021,670,PE,0,0,0,172.95,148.55,0,0,0,0,19-APR-2021,
OPTSTK,CHOLAFIN,27-May-2021,680,PE,0,0,0,180.85,157.25,0,0,0,0,19-APR-2021,
OPTSTK,CHOLAFIN,27-May-2021,690,PE,0,0,0,188.85,166.1,0,0,0,0,19-APR-2021,
OPTSTK,CHOLAFIN,24-Jun-2021,370,CE,0,0,0,182.6,170.35,0,0,0,0,19-APR-2021,
OPTSTK,CHOLAFIN,24-Jun-2021,380,CE,0,0,0,174.65,161.95,0,0,0,0,19-APR-2021,
OPTSTK,CHOLAFIN,24-Jun-2021,390,CE,0,0,0,166.9,153.8,0,0,0,0,19-APR-2021,
OPTSTK,CHOLAFIN,24-Jun-2021,400,CE,0,0,0,159.4,145.9,0,0,0,0,19-APR-2021,
OPTSTK,CHOLAFIN,24-Jun-2021,410,CE,0,0,0,152.1,138.2,0,0,0,0,19-APR-2021,
OPTSTK,CHOLAFIN,24-Jun-2021,420,CE,0,0,0,145.05,130.75,0,0,0,0,19-APR-2021,
OPTSTK,CHOLAFIN,24-Jun-2021,430,CE,0,0,0,138.2,123.55,0,0,0,0,19-APR-2021,
OPTSTK,CHOLAFIN,24-Jun-2021,440,CE,0,0,0,131.55,116.6,0,0,0,0,19-APR-2021,
OPTSTK,CHOLAFIN,24-Jun-2021,450,CE,0,0,0,125.15,109.9,0,0,0,0,19-APR-2021,
OPTSTK,CHOLAFIN,24-Jun-2021,460,CE,0,0,0,119,103.45,0,0,0,0,19-APR-2021,
OPTSTK,CHOLAFIN,24-Jun-2021,470,CE,0,0,0,113.05,97.3,0,0,0,0,19-APR-2021,
OPTSTK,CHOLAFIN,24-Jun-2021,480,CE,0,0,0,107.35,91.45,0,0,0,0,19-APR-2021,
OPTSTK,CHOLAFIN,24-Jun-2021,490,CE,0,0,0,101.85,85.8,0,0,0,0,19-APR-2021,
OPTSTK,CHOLAFIN,24-Jun-2021,500,CE,0,0,0,96.6,80.45,0,0,0,0,19-APR-2021,
OPTSTK,CHOLAFIN,24-Jun-2021,510,CE,0,0,0,91.6,75.4,0,0,0,0,19-APR-2021,
OPTSTK,CHOLAFIN,24-Jun-2021,520,CE,0,0,0,86.75,70.55,0,0,0,0,19-APR-2021,
OPTSTK,CHOLAFIN,24-Jun-2021,530,CE,0,0,0,82.15,65.95,0,0,0,0,19-APR-2021,
OPTSTK,CHOLAFIN,24-Jun-2021,540,CE,0,0,0,77.75,61.6,0,0,0,0,19-APR-2021,
OPTSTK,CHOLAFIN,24-Jun-2021,550,CE,0,0,0,73.55,57.5,0,0,0,0,19-APR-2021,
OPTSTK,CHOLAFIN,24-Jun-2021,560,CE,0,0,0,69.55,53.65,0,0,0,0,19-APR-2021,
OPTSTK,CHOLAFIN,24-Jun-2021,570,CE,0,0,0,65.75,50,0,0,0,0,19-APR-2021,
OPTSTK,CHOLAFIN,24-Jun-2021,580,CE,0,0,0,62.1,46.55,0,0,0,0,19-APR-2021,
OPTSTK,CHOLAFIN,24-Jun-2021,590,CE,0,0,0,58.65,43.3,0,0,0,0,19-APR-2021,
OPTSTK,CHOLAFIN,24-Jun-2021,600,CE,0,0,0,55.4,40.25,0,0,0,0,19-APR-2021,
OPTSTK,CHOLAFIN,24-Jun-2021,610,CE,0,0,0,52.25,37.4,0,0,0,0,19-APR-2021,
OPTSTK,CHOLAFIN,24-Jun-2021,620,CE,0,0,0,49.3,34.75,0,0,0,0,19-APR-2021,
OPTSTK,CHOLAFIN,24-Jun-2021,630,CE,0,0,0,46.5,32.25,0,0,0,0,19-APR-2021,
OPTSTK,CHOLAFIN,24-Jun-2021,640,CE,0,0,0,43.85,29.95,0,0,0,0,19-APR-2021,
OPTSTK,CHOLAFIN,24-Jun-2021,650,CE,0,0,0,41.35,27.75,0,0,0,0,19-APR-2021,
OPTSTK,CHOLAFIN,24-Jun-2021,660,CE,0,0,0,38.95,25.75,0,0,0,0,19-APR-2021,
OPTSTK,CHOLAFIN,24-Jun-2021,670,CE,0,0,0,36.7,23.85,0,0,0,0,19-APR-2021,
OPTSTK,CHOLAFIN,24-Jun-2021,680,CE,0,0,0,34.6,22.05,0,0,0,0,19-APR-2021,
OPTSTK,CHOLAFIN,24-Jun-2021,690,CE,0,0,0,32.55,20.4,0,0,0,0,19-APR-2021,
OPTSTK,CHOLAFIN,24-Jun-2021,370,PE,0,0,0,11.65,7.45,0,0,0,0,19-APR-2021,
OPTSTK,CHOLAFIN,24-Jun-2021,380,PE,0,0,0,13.6,9,0,0,0,0,19-APR-2021,
OPTSTK,CHOLAFIN,24-Jun-2021,390,PE,0,0,0,15.8,10.8,0,0,0,0,19-APR-2021,
OPTSTK,CHOLAFIN,24-Jun-2021,400,PE,0,0,0,18.2,12.75,0,0,0,0,19-APR-2021,
OPTSTK,CHOLAFIN,24-Jun-2021,410,PE,0,0,0,20.8,15,0,0,0,0,19-APR-2021,
OPTSTK,CHOLAFIN,24-Jun-2021,420,PE,0,0,0,23.65,17.5,0,0,0,0,19-APR-2021,
OPTSTK,CHOLAFIN,24-Jun-2021,430,PE,0,0,0,26.7,20.2,0,0,0,0,19-APR-2021,
OPTSTK,CHOLAFIN,24-Jun-2021,440,PE,0,0,0,29.95,23.2,0,0,0,0,19-APR-2021,
OPTSTK,CHOLAFIN,24-Jun-2021,450,PE,0,0,0,33.45,26.45,0,0,0,0,19-APR-2021,
OPTSTK,CHOLAFIN,24-Jun-2021,460,PE,0,0,0,37.2,29.95,0,0,0,0,19-APR-2021,
OPTSTK,CHOLAFIN,24-Jun-2021,470,PE,0,0,0,41.15,33.75,0,0,0,0,19-APR-2021,
OPTSTK,CHOLAFIN,24-Jun-2021,480,PE,0,0,0,45.4,37.8,0,0,0,0,19-APR-2021,
OPTSTK,CHOLAFIN,24-Jun-2021,490,PE,0,0,0,49.8,42.1,0,0,0,0,19-APR-2021,
OPTSTK,CHOLAFIN,24-Jun-2021,500,PE,0,0,0,54.45,46.7,0,0,0,0,19-APR-2021,
OPTSTK,CHOLAFIN,24-Jun-2021,510,PE,0,0,0,59.35,51.55,0,0,0,0,19-APR-2021,
OPTSTK,CHOLAFIN,24-Jun-2021,520,PE,0,0,0,64.45,56.65,0,0,0,0,19-APR-2021,
OPTSTK,CHOLAFIN,24-Jun-2021,530,PE,0,0,0,69.75,61.95,0,0,0,0,19-APR-2021,
OPTSTK,CHOLAFIN,24-Jun-2021,540,PE,0,0,0,75.25,67.55,0,0,0,0,19-APR-2021,
OPTSTK,CHOLAFIN,24-Jun-2021,550,PE,0,0,0,80.95,73.4,0,0,0,0,19-APR-2021,
OPTSTK,CHOLAFIN,24-Jun-2021,560,PE,0,0,0,86.85,79.45,0,0,0,0,19-APR-2021,
OPTSTK,CHOLAFIN,24-Jun-2021,570,PE,0,0,0,92.95,85.75,0,0,0,0,19-APR-2021,
OPTSTK,CHOLAFIN,24-Jun-2021,580,PE,0,0,0,99.2,92.2,0,0,0,0,19-APR-2021,
OPTSTK,CHOLAFIN,24-Jun-2021,590,PE,0,0,0,105.65,98.9,0,0,0,0,19-APR-2021,
OPTSTK,CHOLAFIN,24-Jun-2021,600,PE,0,0,0,112.3,105.8,0,0,0,0,19-APR-2021,
OPTSTK,CHOLAFIN,24-Jun-2021,610,PE,0,0,0,119.1,112.9,0,0,0,0,19-APR-2021,
OPTSTK,CHOLAFIN,24-Jun-2021,620,PE,0,0,0,126.05,120.15,0,0,0,0,19-APR-2021,
OPTSTK,CHOLAFIN,24-Jun-2021,630,PE,0,0,0,133.15,127.6,0,0,0,0,19-APR-2021,
OPTSTK,CHOLAFIN,24-Jun-2021,640,PE,0,0,0,140.4,135.2,0,0,0,0,19-APR-2021,
OPTSTK,CHOLAFIN,24-Jun-2021,650,PE,0,0,0,147.8,142.95,0,0,0,0,19-APR-2021,
OPTSTK,CHOLAFIN,24-Jun-2021,660,PE,0,0,0,155.35,150.85,0,0,0,0,19-APR-2021,
OPTSTK,CHOLAFIN,24-Jun-2021,670,PE,0,0,0,163,158.9,0,0,0,0,19-APR-2021,
OPTSTK,CHOLAFIN,24-Jun-2021,680,PE,0,0,0,170.75,167.05,0,0,0,0,19-APR-2021,
OPTSTK,CHOLAFIN,24-Jun-2021,690,PE,0,0,0,178.65,175.35,0,0,0,0,19-APR-2021,
OPTSTK,CIPLA,29-Apr-2021,520,CE,0,0,0,260,426.85,0,0,1300,0,19-APR-2021,
OPTSTK,CIPLA,29-Apr-2021,530,CE,0,0,0,317.35,416.85,0,0,0,0,19-APR-2021,
OPTSTK,CIPLA,29-Apr-2021,540,CE,0,0,0,307.6,406.85,0,0,0,0,19-APR-2021,
OPTSTK,CIPLA,29-Apr-2021,550,CE,0,0,0,297.9,396.85,0,0,0,0,19-APR-2021,
OPTSTK,CIPLA,29-Apr-2021,560,CE,0,0,0,288.2,386.9,0,0,0,0,19-APR-2021,
OPTSTK,CIPLA,29-Apr-2021,570,CE,0,0,0,278.6,376.9,0,0,0,0,19-APR-2021,
OPTSTK,CIPLA,29-Apr-2021,580,CE,0,0,0,269.05,366.9,0,0,0,0,19-APR-2021,
OPTSTK,CIPLA,29-Apr-2021,590,CE,0,0,0,259.6,356.9,0,0,0,0,19-APR-2021,
OPTSTK,CIPLA,29-Apr-2021,600,CE,0,0,0,250.2,346.9,0,0,0,0,19-APR-2021,
OPTSTK,CIPLA,29-Apr-2021,610,CE,0,0,0,240.9,336.95,0,0,0,0,19-APR-2021,
OPTSTK,CIPLA,29-Apr-2021,620,CE,0,0,0,231.7,326.95,0,0,0,0,19-APR-2021,
OPTSTK,CIPLA,29-Apr-2021,630,CE,0,0,0,222.65,316.95,0,0,0,0,19-APR-2021,
OPTSTK,CIPLA,29-Apr-2021,640,CE,0,0,0,213.65,306.95,0,0,0,0,19-APR-2021,
OPTSTK,CIPLA,29-Apr-2021,650,CE,0,0,0,204.85,296.95,0,0,0,0,19-APR-2021,
OPTSTK,CIPLA,29-Apr-2021,660,CE,0,0,0,196.15,287,0,0,0,0,19-APR-2021,
OPTSTK,CIPLA,29-Apr-2021,670,CE,0,0,0,187.6,277,0,0,0,0,19-APR-2021,
OPTSTK,CIPLA,29-Apr-2021,680,CE,0,0,0,179.25,267,0,0,0,0,19-APR-2021,
OPTSTK,CIPLA,29-Apr-2021,690,CE,0,0,0,171.05,257,0,0,0,0,19-APR-2021,
OPTSTK,CIPLA,29-Apr-2021,700,CE,0,0,0,163.05,247,0,0,0,0,19-APR-2021,
OPTSTK,CIPLA,29-Apr-2021,710,CE,0,0,0,155.2,237.05,0,0,0,0,19-APR-2021,
OPTSTK,CIPLA,29-Apr-2021,720,CE,0,0,0,147.6,227.05,0,0,0,0,19-APR-2021,
OPTSTK,CIPLA,29-Apr-2021,730,CE,0,0,0,140.2,217.05,0,0,0,0,19-APR-2021,
OPTSTK,CIPLA,29-Apr-2021,740,CE,0,0,0,133,207.05,0,0,0,0,19-APR-2021,
OPTSTK,CIPLA,29-Apr-2021,750,CE,0,0,0,148.35,197.05,0,0,16900,0,19-APR-2021,
OPTSTK,CIPLA,29-Apr-2021,760,CE,0,0,0,66,187.1,0,0,2600,0,19-APR-2021,
OPTSTK,CIPLA,29-Apr-2021,770,CE,0,0,0,124.25,177.1,0,0,9100,0,19-APR-2021,
OPTSTK,CIPLA,29-Apr-2021,780,CE,0,0,0,113.1,167.1,0,0,40300,0,19-APR-2021,
OPTSTK,CIPLA,29-Apr-2021,790,CE,0,0,0,135,157.15,0,0,44200,0,19-APR-2021,
OPTSTK,CIPLA,29-Apr-2021,800,CE,131,153.2,131,148.2,148.2,5,61.35,88400,-2600,19-APR-2021,
OPTSTK,CIPLA,29-Apr-2021,810,CE,133.55,137.5,133.55,137.5,137.3,3,36.88,93600,-2600,19-APR-2021,
OPTSTK,CIPLA,29-Apr-2021,820,CE,136,136,128.5,128.5,127.4,3,37.16,102700,0,19-APR-2021,
OPTSTK,CIPLA,29-Apr-2021,830,CE,121.05,121.05,121.05,121.05,117.6,1,12.36,57200,-1300,19-APR-2021,
OPTSTK,CIPLA,29-Apr-2021,840,CE,106.65,115.9,105.35,109.9,107.9,16,197.69,135200,-7800,19-APR-2021,
OPTSTK,CIPLA,29-Apr-2021,850,CE,90.05,106.65,90.05,98.95,98.95,24,296.63,178100,-18200,19-APR-2021,
OPTSTK,CIPLA,29-Apr-2021,860,CE,95,97,89.3,93.9,93.9,12,148.87,85800,-7800,19-APR-2021,
OPTSTK,CIPLA,29-Apr-2021,870,CE,84.85,84.85,82.4,84.3,84.3,6,74.4,83200,-5200,19-APR-2021,
OPTSTK,CIPLA,29-Apr-2021,880,CE,66.25,81,66.25,74.45,74.45,28,347.48,152100,-14300,19-APR-2021,
OPTSTK,CIPLA,29-Apr-2021,890,CE,62,72.65,62,66.4,66.4,43,534.87,120900,0,19-APR-2021,
OPTSTK,CIPLA,29-Apr-2021,900,CE,45.8,65.95,40.1,58.65,58.65,402,5009.54,646100,-33800,19-APR-2021,
OPTSTK,CIPLA,29-Apr-2021,910,CE,48.1,58.1,36.05,51.95,51.95,131,1638.21,179400,-9100,19-APR-2021,
OPTSTK,CIPLA,29-Apr-2021,920,CE,39.6,52.5,29,45.5,45.5,533,6681.22,616200,-15600,19-APR-2021,
OPTSTK,CIPLA,29-Apr-2021,930,CE,39.6,46.55,23,39.9,39.9,796,10032.7,274300,-14300,19-APR-2021,
OPTSTK,CIPLA,29-Apr-2021,940,CE,34.8,41.7,22.3,34.75,34.75,4162,52787.04,756600,-183300,19-APR-2021,
OPTSTK,CIPLA,29-Apr-2021,950,CE,29,37,19.15,30.25,30.25,6816,86992.99,1266200,304200,19-APR-2021,
OPTSTK,CIPLA,29-Apr-2021,960,CE,24.25,32.45,16.4,26.3,26.3,4248,54559.41,796900,187200,19-APR-2021,
OPTSTK,CIPLA,29-Apr-2021,970,CE,20.1,28.4,14,22.6,22.6,2238,28933.49,490100,123500,19-APR-2021,
OPTSTK,CIPLA,29-Apr-2021,980,CE,19.05,24.95,11.95,19.5,19.5,2320,30186.32,464100,204100,19-APR-2021,
OPTSTK,CIPLA,29-Apr-2021,990,CE,13.7,21.8,10.55,16.55,16.55,1043,13678.13,152100,33800,19-APR-2021,
OPTSTK,CIPLA,29-Apr-2021,1000,CE,14.2,19.2,8.85,14.3,14.3,5590,73795.57,1736800,314600,19-APR-2021,
OPTSTK,CIPLA,29-Apr-2021,1010,CE,10.3,16.5,7.25,12.35,12.35,528,7026.74,87100,19500,19-APR-2021,
OPTSTK,CIPLA,29-Apr-2021,1020,CE,9.05,14.55,6.35,10.5,10.5,872,11693.56,377000,72800,19-APR-2021,
OPTSTK,CIPLA,29-Apr-2021,1030,CE,6.95,12.7,6,9.25,9.25,411,5558.6,53300,5200,19-APR-2021,
OPTSTK,CIPLA,29-Apr-2021,1040,CE,6.8,11.3,1.55,8,8,586,7992.62,76700,29900,19-APR-2021,
OPTSTK,CIPLA,29-Apr-2021,1050,CE,6.05,10,4.55,6.95,6.95,1170,16088.65,566800,96200,19-APR-2021,
OPTSTK,CIPLA,29-Apr-2021,1060,CE,4.95,8.85,4.5,6.15,6.15,380,5271.09,102700,53300,19-APR-2021,
OPTSTK,CIPLA,29-Apr-2021,1070,CE,5,7.55,3.25,5.2,5.2,478,6684.29,257400,23400,19-APR-2021,
OPTSTK,CIPLA,29-Apr-2021,1080,CE,1.5,6.5,1.5,4.55,4.55,787,11101.8,195000,88400,19-APR-2021,
OPTSTK,CIPLA,29-Apr-2021,1090,CE,0,0,0,10.85,0.4,0,0,0,0,19-APR-2021,
OPTSTK,CIPLA,29-Apr-2021,1100,CE,1.5,4.95,1.5,3.5,3.5,261,3745.44,76700,76700,19-APR-2021,
OPTSTK,CIPLA,29-Apr-2021,1110,CE,2.95,4,2.95,3.15,3.15,51,738.15,31200,31200,19-APR-2021,
OPTSTK,CIPLA,29-Apr-2021,520,PE,0,0,0,0.15,0,0,0,1300,0,19-APR-2021,
OPTSTK,CIPLA,29-Apr-2021,530,PE,0,0,0,0.1,0,0,0,1300,0,19-APR-2021,
OPTSTK,CIPLA,29-Apr-2021,540,PE,0,0,0,0.7,0,0,0,0,0,19-APR-2021,
OPTSTK,CIPLA,29-Apr-2021,550,PE,0,0,0,0.9,0,0,0,0,0,19-APR-2021,
OPTSTK,CIPLA,29-Apr-2021,560,PE,0,0,0,1.15,0,0,0,0,0,19-APR-2021,
OPTSTK,CIPLA,29-Apr-2021,570,PE,0,0,0,1.45,0,0,0,0,0,19-APR-2021,
OPTSTK,CIPLA,29-Apr-2021,580,PE,0,0,0,1.8,0,0,0,0,0,19-APR-2021,
OPTSTK,CIPLA,29-Apr-2021,590,PE,0,0,0,0.25,0,0,0,6500,0,19-APR-2021,
OPTSTK,CIPLA,29-Apr-2021,600,PE,0,0,0,2.75,0,0,0,0,0,19-APR-2021,
OPTSTK,CIPLA,29-Apr-2021,610,PE,0,0,0,3.35,0,0,0,0,0,19-APR-2021,
OPTSTK,CIPLA,29-Apr-2021,620,PE,0,0,0,4.05,0,0,0,0,0,19-APR-2021,
OPTSTK,CIPLA,29-Apr-2021,630,PE,0,0,0,4.9,0,0,0,0,0,19-APR-2021,
OPTSTK,CIPLA,29-Apr-2021,640,PE,0,0,0,0.45,0,0,0,6500,0,19-APR-2021,
OPTSTK,CIPLA,29-Apr-2021,650,PE,0,0,0,0.3,0,0,0,6500,0,19-APR-2021,
OPTSTK,CIPLA,29-Apr-2021,660,PE,0,0,0,8.15,0,0,0,0,0,19-APR-2021,
OPTSTK,CIPLA,29-Apr-2021,670,PE,0,0,0,9.5,0,0,0,0,0,19-APR-2021,
OPTSTK,CIPLA,29-Apr-2021,680,PE,0,0,0,0.5,0,0,0,0,0,19-APR-2021,
OPTSTK,CIPLA,29-Apr-2021,690,PE,0,0,0,12.75,0,0,0,0,0,19-APR-2021,
OPTSTK,CIPLA,29-Apr-2021,700,PE,0.5,0.5,0.3,0.4,0,7,63.74,80600,-2600,19-APR-2021,
OPTSTK,CIPLA,29-Apr-2021,710,PE,0,0,0,2.8,0,0,0,3900,0,19-APR-2021,
OPTSTK,CIPLA,29-Apr-2021,720,PE,1,1,1,1,0,2,18.74,87100,0,19-APR-2021,
OPTSTK,CIPLA,29-Apr-2021,730,PE,0,0,0,0.8,0,0,0,45500,0,19-APR-2021,
OPTSTK,CIPLA,29-Apr-2021,740,PE,0.5,1,0.5,0.85,0,11,105.92,76700,-10400,19-APR-2021,
OPTSTK,CIPLA,29-Apr-2021,750,PE,0.85,1.25,0.75,0.85,0.85,27,263.6,287300,-3900,19-APR-2021,
OPTSTK,CIPLA,29-Apr-2021,760,PE,1.25,1.25,1,1.15,0.05,7,69.26,118300,-6500,19-APR-2021,
OPTSTK,CIPLA,29-Apr-2021,770,PE,1.25,1.25,0.85,1,1,6,60.13,79300,-1300,19-APR-2021,
OPTSTK,CIPLA,29-Apr-2021,780,PE,1.3,1.55,1.1,1.15,1.15,17,172.66,135200,-10400,19-APR-2021,
OPTSTK,CIPLA,29-Apr-2021,790,PE,1.3,1.8,1.3,1.35,1.35,7,72.02,133900,2600,19-APR-2021,
OPTSTK,CIPLA,29-Apr-2021,800,PE,1.95,2.75,1.3,1.55,1.55,267,2783.57,746200,35100,19-APR-2021,
OPTSTK,CIPLA,29-Apr-2021,810,PE,4,4,1.8,1.8,1.8,36,380.05,223600,6500,19-APR-2021,
OPTSTK,CIPLA,29-Apr-2021,820,PE,3.3,3.5,1.8,2.1,2.1,128,1368.42,345800,9100,19-APR-2021,
OPTSTK,CIPLA,29-Apr-2021,830,PE,1.5,3.8,1.5,1.95,1.95,60,649.44,195000,6500,19-APR-2021,
OPTSTK,CIPLA,29-Apr-2021,840,PE,3.3,5.05,2.15,2.75,2.75,453,4967.25,240500,-14300,19-APR-2021,
OPTSTK,CIPLA,29-Apr-2021,850,PE,4,5.8,2.5,3.25,3.25,465,5162.42,327600,29900,19-APR-2021,
OPTSTK,CIPLA,29-Apr-2021,860,PE,4.35,7,3.45,4.35,4.35,294,3306.44,248300,39000,19-APR-2021,
OPTSTK,CIPLA,29-Apr-2021,870,PE,5.1,8.75,4.5,5.15,5.15,216,2461.63,244400,52000,19-APR-2021,
OPTSTK,CIPLA,29-Apr-2021,880,PE,7.55,10.95,5.75,6.6,6.6,343,3960.6,304200,36400,19-APR-2021,
OPTSTK,CIPLA,29-Apr-2021,890,PE,10.8,13.2,7.6,8.65,8.65,320,3744.62,234000,-11700,19-APR-2021,
OPTSTK,CIPLA,29-Apr-2021,900,PE,12.05,16,9.25,10.75,10.75,1153,13678.88,757900,79300,19-APR-2021,
OPTSTK,CIPLA,29-Apr-2021,910,PE,15.55,19.6,12.6,13.7,13.7,294,3538.26,241800,14300,19-APR-2021,
OPTSTK,CIPLA,29-Apr-2021,920,PE,18.5,24.65,15.9,17.5,17.5,736,8996.24,331500,54600,19-APR-2021,
OPTSTK,CIPLA,29-Apr-2021,930,PE,21.25,30,20,22,22,637,7904.15,184600,58500,19-APR-2021,
OPTSTK,CIPLA,29-Apr-2021,940,PE,32.5,35.9,24.9,27.05,27.05,934,11768.99,107900,36400,19-APR-2021,
OPTSTK,CIPLA,29-Apr-2021,950,PE,41,41.3,30,32.6,32.6,661,8457.87,183300,127400,19-APR-2021,
OPTSTK,CIPLA,29-Apr-2021,960,PE,0,0,0,140.7,31.8,0,0,0,0,19-APR-2021,
OPTSTK,CIPLA,29-Apr-2021,970,PE,0,0,0,148.25,38.05,0,0,0,0,19-APR-2021,
OPTSTK,CIPLA,29-Apr-2021,980,PE,0,0,0,156,44.85,0,0,0,0,19-APR-2021,
OPTSTK,CIPLA,29-Apr-2021,990,PE,0,0,0,163.85,52.25,0,0,0,0,19-APR-2021,
OPTSTK,CIPLA,29-Apr-2021,1000,PE,69.55,70.1,63.5,64,64,27,374.59,11700,10400,19-APR-2021,
OPTSTK,CIPLA,29-Apr-2021,1010,PE,0,0,0,179.95,68.3,0,0,0,0,19-APR-2021,
OPTSTK,CIPLA,29-Apr-2021,1020,PE,83,83,83,83,83,1,14.33,10400,1300,19-APR-2021,
OPTSTK,CIPLA,29-Apr-2021,1030,PE,0,0,0,196.6,85.8,0,0,0,0,19-APR-2021,
OPTSTK,CIPLA,29-Apr-2021,1040,PE,0,0,0,205.05,94.95,0,0,0,0,19-APR-2021,
OPTSTK,CIPLA,29-Apr-2021,1050,PE,0,0,0,213.65,104.3,0,0,0,0,19-APR-2021,
OPTSTK,CIPLA,29-Apr-2021,1060,PE,0,0,0,222.3,113.8,0,0,0,0,19-APR-2021,
OPTSTK,CIPLA,29-Apr-2021,1070,PE,0,0,0,231.1,123.45,0,0,0,0,19-APR-2021,
OPTSTK,CIPLA,29-Apr-2021,1080,PE,0,0,0,239.95,133.2,0,0,0,0,19-APR-2021,
OPTSTK,CIPLA,29-Apr-2021,1090,PE,0,0,0,248.85,143,0,0,0,0,19-APR-2021,
OPTSTK,CIPLA,29-Apr-2021,1100,PE,0,0,0,257.85,152.9,0,0,0,0,19-APR-2021,
OPTSTK,CIPLA,29-Apr-2021,1110,PE,0,0,0,266.95,162.8,0,0,0,0,19-APR-2021,
OPTSTK,CIPLA,27-May-2021,520,CE,0,0,0,294.6,428.35,0,0,0,0,19-APR-2021,
OPTSTK,CIPLA,27-May-2021,530,CE,0,0,0,284.85,418.4,0,0,0,0,19-APR-2021,
OPTSTK,CIPLA,27-May-2021,540,CE,0,0,0,275.15,408.4,0,0,0,0,19-APR-2021,
OPTSTK,CIPLA,27-May-2021,550,CE,0,0,0,265.55,398.45,0,0,0,0,19-APR-2021,
OPTSTK,CIPLA,27-May-2021,560,CE,0,0,0,256,388.5,0,0,0,0,19-APR-2021,
OPTSTK,CIPLA,27-May-2021,570,CE,0,0,0,246.5,378.55,0,0,0,0,19-APR-2021,
OPTSTK,CIPLA,27-May-2021,580,CE,0,0,0,237.1,368.6,0,0,0,0,19-APR-2021,
OPTSTK,CIPLA,27-May-2021,590,CE,0,0,0,227.8,358.6,0,0,0,0,19-APR-2021,
OPTSTK,CIPLA,27-May-2021,600,CE,0,0,0,218.6,348.65,0,0,0,0,19-APR-2021,
OPTSTK,CIPLA,27-May-2021,610,CE,0,0,0,209.5,338.7,0,0,0,0,19-APR-2021,
OPTSTK,CIPLA,27-May-2021,620,CE,0,0,0,200.55,328.75,0,0,0,0,19-APR-2021,
OPTSTK,CIPLA,27-May-2021,630,CE,0,0,0,191.75,318.8,0,0,0,0,19-APR-2021,
OPTSTK,CIPLA,27-May-2021,640,CE,0,0,0,183.05,308.85,0,0,0,0,19-APR-2021,
OPTSTK,CIPLA,27-May-2021,650,CE,0,0,0,174.6,298.9,0,0,0,0,19-APR-2021,
OPTSTK,CIPLA,27-May-2021,660,CE,0,0,0,166.25,288.95,0,0,0,0,19-APR-2021,
OPTSTK,CIPLA,27-May-2021,670,CE,0,0,0,158.15,279.05,0,0,0,0,19-APR-2021,
OPTSTK,CIPLA,27-May-2021,680,CE,0,0,0,150.2,269.1,0,0,0,0,19-APR-2021,
OPTSTK,CIPLA,27-May-2021,690,CE,0,0,0,142.45,259.2,0,0,0,0,19-APR-2021,
OPTSTK,CIPLA,27-May-2021,700,CE,0,0,0,134.95,249.35,0,0,0,0,19-APR-2021,
OPTSTK,CIPLA,27-May-2021,710,CE,0,0,0,127.7,239.5,0,0,0,0,19-APR-2021,
OPTSTK,CIPLA,27-May-2021,720,CE,0,0,0,120.65,229.7,0,0,0,0,19-APR-2021,
OPTSTK,CIPLA,27-May-2021,730,CE,0,0,0,113.8,219.95,0,0,0,0,19-APR-2021,
OPTSTK,CIPLA,27-May-2021,740,CE,0,0,0,107.2,210.25,0,0,0,0,19-APR-2021,
OPTSTK,CIPLA,27-May-2021,750,CE,0,0,0,100.85,200.6,0,0,0,0,19-APR-2021,
OPTSTK,CIPLA,27-May-2021,760,CE,0,0,0,94.8,191.05,0,0,0,0,19-APR-2021,
OPTSTK,CIPLA,27-May-2021,770,CE,0,0,0,88.95,181.6,0,0,0,0,19-APR-2021,
OPTSTK,CIPLA,27-May-2021,780,CE,0,0,0,83.4,172.25,0,0,0,0,19-APR-2021,
OPTSTK,CIPLA,27-May-2021,790,CE,0,0,0,78.05,163.1,0,0,0,0,19-APR-2021,
OPTSTK,CIPLA,27-May-2021,800,CE,0,0,0,72.95,154.05,0,0,0,0,19-APR-2021,
OPTSTK,CIPLA,27-May-2021,810,CE,0,0,0,68.1,145.15,0,0,0,0,19-APR-2021,
OPTSTK,CIPLA,27-May-2021,820,CE,0,0,0,63.55,136.5,0,0,0,0,19-APR-2021,
OPTSTK,CIPLA,27-May-2021,830,CE,0,0,0,59.15,128,0,0,0,0,19-APR-2021,
OPTSTK,CIPLA,27-May-2021,840,CE,0,0,0,55.05,119.75,0,0,0,0,19-APR-2021,
OPTSTK,CIPLA,27-May-2021,850,CE,0,0,0,51.15,111.75,0,0,0,0,19-APR-2021,
OPTSTK,CIPLA,27-May-2021,860,CE,0,0,0,47.45,104,0,0,0,0,19-APR-2021,
OPTSTK,CIPLA,27-May-2021,870,CE,0,0,0,44,96.6,0,0,0,0,19-APR-2021,
OPTSTK,CIPLA,27-May-2021,880,CE,0,0,0,40.75,89.4,0,0,0,0,19-APR-2021,
OPTSTK,CIPLA,27-May-2021,890,CE,0,0,0,40.05,82.5,0,0,14300,0,19-APR-2021,
OPTSTK,CIPLA,27-May-2021,900,CE,0,0,0,58.1,76,0,0,10400,0,19-APR-2021,
OPTSTK,CIPLA,27-May-2021,910,CE,0,0,0,32.1,69.75,0,0,0,0,19-APR-2021,
OPTSTK,CIPLA,27-May-2021,920,CE,0,0,0,33.05,63.9,0,0,0,0,19-APR-2021,
OPTSTK,CIPLA,27-May-2021,930,CE,0,0,0,27.3,58.35,0,0,0,0,19-APR-2021,
OPTSTK,CIPLA,27-May-2021,940,CE,0,0,0,24,53.1,0,0,1300,0,19-APR-2021,
OPTSTK,CIPLA,27-May-2021,950,CE,54,57.5,52,53.5,53.5,6,78.34,10400,6500,19-APR-2021,
OPTSTK,CIPLA,27-May-2021,960,CE,0,0,0,21.2,43.65,0,0,0,0,19-APR-2021,
OPTSTK,CIPLA,27-May-2021,970,CE,0,0,0,19.45,39.4,0,0,0,0,19-APR-2021,
OPTSTK,CIPLA,27-May-2021,980,CE,0,0,0,17.85,35.45,0,0,0,0,19-APR-2021,
OPTSTK,CIPLA,27-May-2021,990,CE,0,0,0,16.3,31.85,0,0,0,0,19-APR-2021,
OPTSTK,CIPLA,27-May-2021,1000,CE,35,37,32,34.2,34.2,30,403.43,29900,29900,19-APR-2021,
OPTSTK,CIPLA,27-May-2021,1010,CE,0,0,0,13.65,25.45,0,0,0,0,19-APR-2021,
OPTSTK,CIPLA,27-May-2021,1020,CE,0,0,0,12.45,22.65,0,0,0,0,19-APR-2021,
OPTSTK,CIPLA,27-May-2021,1030,CE,0,0,0,11.4,20.15,0,0,0,0,19-APR-2021,
OPTSTK,CIPLA,27-May-2021,1040,CE,0,0,0,10.4,17.85,0,0,0,0,19-APR-2021,
OPTSTK,CIPLA,27-May-2021,1050,CE,0,0,0,9.45,15.75,0,0,0,0,19-APR-2021,
OPTSTK,CIPLA,27-May-2021,1060,CE,0,0,0,8.6,13.9,0,0,0,0,19-APR-2021,
OPTSTK,CIPLA,27-May-2021,1070,CE,0,0,0,7.85,12.2,0,0,0,0,19-APR-2021,
OPTSTK,CIPLA,27-May-2021,1080,CE,0,0,0,7.1,10.7,0,0,0,0,19-APR-2021,
OPTSTK,CIPLA,27-May-2021,1090,CE,0,0,0,6.45,9.35,0,0,0,0,19-APR-2021,
OPTSTK,CIPLA,27-May-2021,1100,CE,0,0,0,5.85,8.15,0,0,0,0,19-APR-2021,
OPTSTK,CIPLA,27-May-2021,1110,CE,0,0,0,5.35,7.1,0,0,0,0,19-APR-2021,
OPTSTK,CIPLA,27-May-2021,520,PE,0,0,0,0.6,0,0,0,0,0,19-APR-2021,
OPTSTK,CIPLA,27-May-2021,530,PE,0,0,0,0.75,0,0,0,0,0,19-APR-2021,
OPTSTK,CIPLA,27-May-2021,540,PE,0,0,0,1,0,0,0,0,0,19-APR-2021,
OPTSTK,CIPLA,27-May-2021,550,PE,0,0,0,1.3,0,0,0,0,0,19-APR-2021,
OPTSTK,CIPLA,27-May-2021,560,PE,0,0,0,1.65,0,0,0,0,0,19-APR-2021,
OPTSTK,CIPLA,27-May-2021,570,PE,0,0,0,2.05,0,0,0,0,0,19-APR-2021,
OPTSTK,CIPLA,27-May-2021,580,PE,0,0,0,2.55,0,0,0,0,0,19-APR-2021,
OPTSTK,CIPLA,27-May-2021,590,PE,0,0,0,3.15,0,0,0,0,0,19-APR-2021,
OPTSTK,CIPLA,27-May-2021,600,PE,0,0,0,3.85,0,0,0,0,0,19-APR-2021,
OPTSTK,CIPLA,27-May-2021,610,PE,0,0,0,4.65,0.05,0,0,0,0,19-APR-2021,
OPTSTK,CIPLA,27-May-2021,620,PE,0,0,0,5.65,0.05,0,0,0,0,19-APR-2021,
OPTSTK,CIPLA,27-May-2021,630,PE,0,0,0,6.7,0.05,0,0,0,0,19-APR-2021,
OPTSTK,CIPLA,27-May-2021,640,PE,0,0,0,7.95,0.05,0,0,0,0,19-APR-2021,
OPTSTK,CIPLA,27-May-2021,650,PE,0,0,0,9.4,0.05,0,0,0,0,19-APR-2021,
OPTSTK,CIPLA,27-May-2021,660,PE,0,0,0,10.95,0.1,0,0,0,0,19-APR-2021,
OPTSTK,CIPLA,27-May-2021,670,PE,0,0,0,12.75,0.1,0,0,0,0,19-APR-2021,
OPTSTK,CIPLA,27-May-2021,680,PE,0,0,0,14.7,0.15,0,0,0,0,19-APR-2021,
OPTSTK,CIPLA,27-May-2021,690,PE,0,0,0,16.9,0.2,0,0,0,0,19-APR-2021,
OPTSTK,CIPLA,27-May-2021,700,PE,0,0,0,19.3,0.3,0,0,0,0,19-APR-2021,
OPTSTK,CIPLA,27-May-2021,710,PE,0,0,0,21.95,0.45,0,0,0,0,19-APR-2021,
OPTSTK,CIPLA,27-May-2021,720,PE,0,0,0,24.8,0.6,0,0,0,0,19-APR-2021,
OPTSTK,CIPLA,27-May-2021,730,PE,0,0,0,27.85,0.8,0,0,0,0,19-APR-2021,
OPTSTK,CIPLA,27-May-2021,740,PE,0,0,0,31.15,1.05,0,0,0,0,19-APR-2021,
OPTSTK,CIPLA,27-May-2021,750,PE,0,0,0,34.75,1.35,0,0,0,0,19-APR-2021,
OPTSTK,CIPLA,27-May-2021,760,PE,0,0,0,38.55,1.8,0,0,0,0,19-APR-2021,
OPTSTK,CIPLA,27-May-2021,770,PE,0,0,0,42.65,2.3,0,0,0,0,19-APR-2021,
OPTSTK,CIPLA,27-May-2021,780,PE,0,0,0,46.95,2.95,0,0,0,0,19-APR-2021,
OPTSTK,CIPLA,27-May-2021,790,PE,0,0,0,51.55,3.7,0,0,0,0,19-APR-2021,
OPTSTK,CIPLA,27-May-2021,800,PE,6.5,7.45,6.35,7.25,7.25,29,304.14,42900,20800,19-APR-2021,
OPTSTK,CIPLA,27-May-2021,810,PE,0,0,0,61.45,5.7,0,0,0,0,19-APR-2021,
OPTSTK,CIPLA,27-May-2021,820,PE,0,0,0,66.75,7,0,0,0,0,19-APR-2021,
OPTSTK,CIPLA,27-May-2021,830,PE,0,0,0,72.3,8.45,0,0,0,0,19-APR-2021,
OPTSTK,CIPLA,27-May-2021,840,PE,0,0,0,78.05,10.2,0,0,0,0,19-APR-2021,
OPTSTK,CIPLA,27-May-2021,850,PE,17,17,13,14.35,14.35,13,146.14,20800,15600,19-APR-2021,
OPTSTK,CIPLA,27-May-2021,860,PE,0,0,0,90.3,14.35,0,0,0,0,19-APR-2021,
OPTSTK,CIPLA,27-May-2021,870,PE,0,0,0,96.75,16.9,0,0,0,0,19-APR-2021,
OPTSTK,CIPLA,27-May-2021,880,PE,0,0,0,103.4,19.7,0,0,0,0,19-APR-2021,
OPTSTK,CIPLA,27-May-2021,890,PE,0,0,0,110.25,22.75,0,0,0,0,19-APR-2021,
OPTSTK,CIPLA,27-May-2021,900,PE,28,28,28,28,26.2,2,24.12,2600,2600,19-APR-2021,
OPTSTK,CIPLA,27-May-2021,910,PE,0,0,0,124.5,29.9,0,0,0,0,19-APR-2021,
OPTSTK,CIPLA,27-May-2021,920,PE,0,0,0,131.95,34,0,0,0,0,19-APR-2021,
OPTSTK,CIPLA,27-May-2021,930,PE,0,0,0,139.5,38.4,0,0,0,0,19-APR-2021,
OPTSTK,CIPLA,27-May-2021,940,PE,0,0,0,147.25,43.15,0,0,0,0,19-APR-2021,
OPTSTK,CIPLA,27-May-2021,950,PE,0,0,0,155.1,48.2,0,0,0,0,19-APR-2021,
OPTSTK,CIPLA,27-May-2021,960,PE,0,0,0,163.1,53.6,0,0,0,0,19-APR-2021,
OPTSTK,CIPLA,27-May-2021,970,PE,0,0,0,171.25,59.3,0,0,0,0,19-APR-2021,
OPTSTK,CIPLA,27-May-2021,980,PE,0,0,0,179.55,65.35,0,0,0,0,19-APR-2021,
OPTSTK,CIPLA,27-May-2021,990,PE,0,0,0,187.95,71.7,0,0,0,0,19-APR-2021,
OPTSTK,CIPLA,27-May-2021,1000,PE,0,0,0,196.5,78.3,0,0,0,0,19-APR-2021,
OPTSTK,CIPLA,27-May-2021,1010,PE,0,0,0,205.1,85.2,0,0,0,0,19-APR-2021,
OPTSTK,CIPLA,27-May-2021,1020,PE,0,0,0,213.85,92.4,0,0,0,0,19-APR-2021,
OPTSTK,CIPLA,27-May-2021,1030,PE,0,0,0,222.65,99.85,0,0,0,0,19-APR-2021,
OPTSTK,CIPLA,27-May-2021,1040,PE,0,0,0,231.55,107.5,0,0,0,0,19-APR-2021,
OPTSTK,CIPLA,27-May-2021,1050,PE,0,0,0,240.55,115.35,0,0,0,0,19-APR-2021,
OPTSTK,CIPLA,27-May-2021,1060,PE,0,0,0,249.6,123.45,0,0,0,0,19-APR-2021,
OPTSTK,CIPLA,27-May-2021,1070,PE,0,0,0,258.75,131.75,0,0,0,0,19-APR-2021,
OPTSTK,CIPLA,27-May-2021,1080,PE,0,0,0,267.9,140.2,0,0,0,0,19-APR-2021,
OPTSTK,CIPLA,27-May-2021,1090,PE,0,0,0,277.2,148.8,0,0,0,0,19-APR-2021,
OPTSTK,CIPLA,27-May-2021,1100,PE,0,0,0,286.5,157.55,0,0,0,0,19-APR-2021,
OPTSTK,CIPLA,27-May-2021,1110,PE,0,0,0,295.85,166.45,0,0,0,0,19-APR-2021,
OPTSTK,CIPLA,24-Jun-2021,520,CE,0,0,0,272.85,429.85,0,0,0,0,19-APR-2021,
OPTSTK,CIPLA,24-Jun-2021,530,CE,0,0,0,263.15,419.9,0,0,0,0,19-APR-2021,
OPTSTK,CIPLA,24-Jun-2021,540,CE,0,0,0,253.55,410,0,0,0,0,19-APR-2021,
OPTSTK,CIPLA,24-Jun-2021,550,CE,0,0,0,243.95,400.05,0,0,0,0,19-APR-2021,
OPTSTK,CIPLA,24-Jun-2021,560,CE,0,0,0,234.5,390.15,0,0,0,0,19-APR-2021,
OPTSTK,CIPLA,24-Jun-2021,570,CE,0,0,0,225.1,380.2,0,0,0,0,19-APR-2021,
OPTSTK,CIPLA,24-Jun-2021,580,CE,0,0,0,215.8,370.3,0,0,0,0,19-APR-2021,
OPTSTK,CIPLA,24-Jun-2021,590,CE,0,0,0,206.65,360.4,0,0,0,0,19-APR-2021,
OPTSTK,CIPLA,24-Jun-2021,600,CE,0,0,0,197.6,350.5,0,0,0,0,19-APR-2021,
OPTSTK,CIPLA,24-Jun-2021,610,CE,0,0,0,188.7,340.6,0,0,0,0,19-APR-2021,
OPTSTK,CIPLA,24-Jun-2021,620,CE,0,0,0,179.9,330.75,0,0,0,0,19-APR-2021,
OPTSTK,CIPLA,24-Jun-2021,630,CE,0,0,0,171.35,320.85,0,0,0,0,19-APR-2021,
OPTSTK,CIPLA,24-Jun-2021,640,CE,0,0,0,162.9,311.05,0,0,0,0,19-APR-2021,
OPTSTK,CIPLA,24-Jun-2021,650,CE,0,0,0,154.7,301.25,0,0,0,0,19-APR-2021,
OPTSTK,CIPLA,24-Jun-2021,660,CE,0,0,0,146.65,291.45,0,0,0,0,19-APR-2021,
OPTSTK,CIPLA,24-Jun-2021,670,CE,0,0,0,138.85,281.75,0,0,0,0,19-APR-2021,
OPTSTK,CIPLA,24-Jun-2021,680,CE,0,0,0,131.25,272.05,0,0,0,0,19-APR-2021,
OPTSTK,CIPLA,24-Jun-2021,690,CE,0,0,0,123.9,262.4,0,0,0,0,19-APR-2021,
OPTSTK,CIPLA,24-Jun-2021,700,CE,0,0,0,116.8,252.85,0,0,0,0,19-APR-2021,
OPTSTK,CIPLA,24-Jun-2021,710,CE,0,0,0,109.9,243.35,0,0,0,0,19-APR-2021,
OPTSTK,CIPLA,24-Jun-2021,720,CE,0,0,0,103.25,233.95,0,0,0,0,19-APR-2021,
OPTSTK,CIPLA,24-Jun-2021,730,CE,0,0,0,96.9,224.65,0,0,0,0,19-APR-2021,
OPTSTK,CIPLA,24-Jun-2021,740,CE,0,0,0,90.8,215.45,0,0,0,0,19-APR-2021,
OPTSTK,CIPLA,24-Jun-2021,750,CE,0,0,0,84.95,206.35,0,0,0,0,19-APR-2021,
OPTSTK,CIPLA,24-Jun-2021,760,CE,0,0,0,79.35,197.4,0,0,0,0,19-APR-2021,
OPTSTK,CIPLA,24-Jun-2021,770,CE,0,0,0,74.05,188.55,0,0,0,0,19-APR-2021,
OPTSTK,CIPLA,24-Jun-2021,780,CE,0,0,0,68.95,179.9,0,0,0,0,19-APR-2021,
OPTSTK,CIPLA,24-Jun-2021,790,CE,0,0,0,64.15,171.35,0,0,0,0,19-APR-2021,
OPTSTK,CIPLA,24-Jun-2021,800,CE,0,0,0,59.6,163.05,0,0,0,0,19-APR-2021,
OPTSTK,CIPLA,24-Jun-2021,810,CE,0,0,0,55.3,154.9,0,0,0,0,19-APR-2021,
OPTSTK,CIPLA,24-Jun-2021,820,CE,0,0,0,51.25,146.95,0,0,0,0,19-APR-2021,
OPTSTK,CIPLA,24-Jun-2021,830,CE,0,0,0,47.4,139.2,0,0,0,0,19-APR-2021,
OPTSTK,CIPLA,24-Jun-2021,840,CE,0,0,0,43.8,131.65,0,0,0,0,19-APR-2021,
OPTSTK,CIPLA,24-Jun-2021,850,CE,0,0,0,40.45,124.4,0,0,0,0,19-APR-2021,
OPTSTK,CIPLA,24-Jun-2021,860,CE,0,0,0,37.25,117.3,0,0,0,0,19-APR-2021,
OPTSTK,CIPLA,24-Jun-2021,870,CE,0,0,0,34.3,110.45,0,0,0,0,19-APR-2021,
OPTSTK,CIPLA,24-Jun-2021,880,CE,0,0,0,31.55,103.85,0,0,0,0,19-APR-2021,
OPTSTK,CIPLA,24-Jun-2021,890,CE,0,0,0,29,97.5,0,0,0,0,19-APR-2021,
OPTSTK,CIPLA,24-Jun-2021,900,CE,0,0,0,26.6,91.4,0,0,0,0,19-APR-2021,
OPTSTK,CIPLA,24-Jun-2021,910,CE,0,0,0,24.4,85.6,0,0,0,0,19-APR-2021,
OPTSTK,CIPLA,24-Jun-2021,920,CE,0,0,0,22.35,80,0,0,0,0,19-APR-2021,
OPTSTK,CIPLA,24-Jun-2021,930,CE,0,0,0,20.4,74.7,0,0,0,0,19-APR-2021,
OPTSTK,CIPLA,24-Jun-2021,940,CE,0,0,0,18.65,69.6,0,0,0,0,19-APR-2021,
OPTSTK,CIPLA,24-Jun-2021,950,CE,0,0,0,17,64.75,0,0,0,0,19-APR-2021,
OPTSTK,CIPLA,24-Jun-2021,960,CE,0,0,0,15.5,60.2,0,0,0,0,19-APR-2021,
OPTSTK,CIPLA,24-Jun-2021,970,CE,0,0,0,14.1,55.85,0,0,0,0,19-APR-2021,
OPTSTK,CIPLA,24-Jun-2021,980,CE,0,0,0,12.85,51.75,0,0,0,0,19-APR-2021,
OPTSTK,CIPLA,24-Jun-2021,990,CE,0,0,0,11.65,47.9,0,0,0,0,19-APR-2021,
OPTSTK,CIPLA,24-Jun-2021,1000,CE,0,0,0,10.6,44.25,0,0,0,0,19-APR-2021,
OPTSTK,CIPLA,24-Jun-2021,1010,CE,0,0,0,9.6,40.85,0,0,0,0,19-APR-2021,
OPTSTK,CIPLA,24-Jun-2021,1020,CE,0,0,0,8.7,37.65,0,0,0,0,19-APR-2021,
OPTSTK,CIPLA,24-Jun-2021,1030,CE,0,0,0,7.9,34.65,0,0,0,0,19-APR-2021,
OPTSTK,CIPLA,24-Jun-2021,1040,CE,0,0,0,7.15,31.85,0,0,0,0,19-APR-2021,
OPTSTK,CIPLA,24-Jun-2021,1050,CE,0,0,0,6.45,29.2,0,0,0,0,19-APR-2021,
OPTSTK,CIPLA,24-Jun-2021,1060,CE,0,0,0,5.85,26.85,0,0,0,0,19-APR-2021,
OPTSTK,CIPLA,24-Jun-2021,1070,CE,0,0,0,5.25,24.6,0,0,0,0,19-APR-2021,
OPTSTK,CIPLA,24-Jun-2021,1080,CE,0,0,0,4.75,22.5,0,0,0,0,19-APR-2021,
OPTSTK,CIPLA,24-Jun-2021,1090,CE,0,0,0,4.3,20.5,0,0,0,0,19-APR-2021,
OPTSTK,CIPLA,24-Jun-2021,1100,CE,0,0,0,3.85,18.7,0,0,0,0,19-APR-2021,
OPTSTK,CIPLA,24-Jun-2021,1110,CE,0,0,0,3.45,17.05,0,0,0,0,19-APR-2021,
OPTSTK,CIPLA,24-Jun-2021,520,PE,0,0,0,0.75,0,0,0,0,0,19-APR-2021,
OPTSTK,CIPLA,24-Jun-2021,530,PE,0,0,0,0.95,0.05,0,0,0,0,19-APR-2021,
OPTSTK,CIPLA,24-Jun-2021,540,PE,0,0,0,1.25,0.05,0,0,0,0,19-APR-2021,
OPTSTK,CIPLA,24-Jun-2021,550,PE,0,0,0,1.6,0.05,0,0,0,0,19-APR-2021,
OPTSTK,CIPLA,24-Jun-2021,560,PE,0,0,0,2.05,0.05,0,0,0,0,19-APR-2021,
OPTSTK,CIPLA,24-Jun-2021,570,PE,0,0,0,2.55,0.05,0,0,0,0,19-APR-2021,
OPTSTK,CIPLA,24-Jun-2021,580,PE,0,0,0,3.15,0.1,0,0,0,0,19-APR-2021,
OPTSTK,CIPLA,24-Jun-2021,590,PE,0,0,0,3.9,0.1,0,0,0,0,19-APR-2021,
OPTSTK,CIPLA,24-Jun-2021,600,PE,0,0,0,4.75,0.15,0,0,0,0,19-APR-2021,
OPTSTK,CIPLA,24-Jun-2021,610,PE,0,0,0,5.75,0.2,0,0,0,0,19-APR-2021,
OPTSTK,CIPLA,24-Jun-2021,620,PE,0,0,0,6.9,0.25,0,0,0,0,19-APR-2021,
OPTSTK,CIPLA,24-Jun-2021,630,PE,0,0,0,8.2,0.3,0,0,0,0,19-APR-2021,
OPTSTK,CIPLA,24-Jun-2021,640,PE,0,0,0,9.7,0.4,0,0,0,0,19-APR-2021,
OPTSTK,CIPLA,24-Jun-2021,650,PE,0,0,0,11.4,0.55,0,0,0,0,19-APR-2021,
OPTSTK,CIPLA,24-Jun-2021,660,PE,0,0,0,13.25,0.7,0,0,0,0,19-APR-2021,
OPTSTK,CIPLA,24-Jun-2021,670,PE,0,0,0,15.35,0.9,0,0,0,0,19-APR-2021,
OPTSTK,CIPLA,24-Jun-2021,680,PE,0,0,0,17.7,1.15,0,0,0,0,19-APR-2021,
OPTSTK,CIPLA,24-Jun-2021,690,PE,0,0,0,20.25,1.45,0,0,0,0,19-APR-2021,
OPTSTK,CIPLA,24-Jun-2021,700,PE,0,0,0,23.05,1.85,0,0,0,0,19-APR-2021,
OPTSTK,CIPLA,24-Jun-2021,710,PE,0,0,0,26.05,2.25,0,0,0,0,19-APR-2021,
OPTSTK,CIPLA,24-Jun-2021,720,PE,0,0,0,29.3,2.8,0,0,0,0,19-APR-2021,
OPTSTK,CIPLA,24-Jun-2021,730,PE,0,0,0,32.85,3.4,0,0,0,0,19-APR-2021,
OPTSTK,CIPLA,24-Jun-2021,740,PE,0,0,0,36.65,4.15,0,0,0,0,19-APR-2021,
OPTSTK,CIPLA,24-Jun-2021,750,PE,0,0,0,40.7,4.95,0,0,0,0,19-APR-2021,
OPTSTK,CIPLA,24-Jun-2021,760,PE,0,0,0,45.05,5.95,0,0,0,0,19-APR-2021,
OPTSTK,CIPLA,24-Jun-2021,770,PE,0,0,0,49.6,7.05,0,0,0,0,19-APR-2021,
OPTSTK,CIPLA,24-Jun-2021,780,PE,0,0,0,54.45,8.3,0,0,0,0,19-APR-2021,
OPTSTK,CIPLA,24-Jun-2021,790,PE,0,0,0,59.55,9.75,0,0,0,0,19-APR-2021,
OPTSTK,CIPLA,24-Jun-2021,800,PE,0,0,0,64.9,11.35,0,0,0,0,19-APR-2021,
OPTSTK,CIPLA,24-Jun-2021,810,PE,0,0,0,70.5,13.1,0,0,0,0,19-APR-2021,
OPTSTK,CIPLA,24-Jun-2021,820,PE,0,0,0,76.35,15.1,0,0,0,0,19-APR-2021,
OPTSTK,CIPLA,24-Jun-2021,830,PE,0,0,0,82.45,17.3,0,0,0,0,19-APR-2021,
OPTSTK,CIPLA,24-Jun-2021,840,PE,0,0,0,88.75,19.7,0,0,0,0,19-APR-2021,
OPTSTK,CIPLA,24-Jun-2021,850,PE,0,0,0,95.25,22.35,0,0,0,0,19-APR-2021,
OPTSTK,CIPLA,24-Jun-2021,860,PE,0,0,0,102,25.2,0,0,0,0,19-APR-2021,
OPTSTK,CIPLA,24-Jun-2021,870,PE,0,0,0,108.95,28.25,0,0,0,0,19-APR-2021,
OPTSTK,CIPLA,24-Jun-2021,880,PE,0,0,0,116.1,31.6,0,0,0,0,19-APR-2021,
OPTSTK,CIPLA,24-Jun-2021,890,PE,0,0,0,123.45,35.2,0,0,0,0,19-APR-2021,
OPTSTK,CIPLA,24-Jun-2021,900,PE,0,0,0,131,39.05,0,0,0,0,19-APR-2021,
OPTSTK,CIPLA,24-Jun-2021,910,PE,0,0,0,138.7,43.15,0,0,0,0,19-APR-2021,
OPTSTK,CIPLA,24-Jun-2021,920,PE,0,0,0,146.55,47.5,0,0,0,0,19-APR-2021,
OPTSTK,CIPLA,24-Jun-2021,930,PE,0,0,0,154.5,52.1,0,0,0,0,19-APR-2021,
OPTSTK,CIPLA,24-Jun-2021,940,PE,0,0,0,162.65,56.95,0,0,0,0,19-APR-2021,
OPTSTK,CIPLA,24-Jun-2021,950,PE,0,0,0,170.9,62.05,0,0,0,0,19-APR-2021,
OPTSTK,CIPLA,24-Jun-2021,960,PE,0,0,0,179.3,67.4,0,0,0,0,19-APR-2021,
OPTSTK,CIPLA,24-Jun-2021,970,PE,0,0,0,187.85,73,0,0,0,0,19-APR-2021,
OPTSTK,CIPLA,24-Jun-2021,980,PE,0,0,0,196.45,78.85,0,0,0,0,19-APR-2021,
OPTSTK,CIPLA,24-Jun-2021,990,PE,0,0,0,205.2,84.9,0,0,0,0,19-APR-2021,
OPTSTK,CIPLA,24-Jun-2021,1000,PE,0,0,0,214.05,91.2,0,0,0,0,19-APR-2021,
OPTSTK,CIPLA,24-Jun-2021,1010,PE,0,0,0,222.95,97.7,0,0,0,0,19-APR-2021,
OPTSTK,CIPLA,24-Jun-2021,1020,PE,0,0,0,231.95,104.45,0,0,0,0,19-APR-2021,
OPTSTK,CIPLA,24-Jun-2021,1030,PE,0,0,0,241.05,111.4,0,0,0,0,19-APR-2021,
OPTSTK,CIPLA,24-Jun-2021,1040,PE,0,0,0,250.2,118.5,0,0,0,0,19-APR-2021,
OPTSTK,CIPLA,24-Jun-2021,1050,PE,0,0,0,259.45,125.85,0,0,0,0,19-APR-2021,
OPTSTK,CIPLA,24-Jun-2021,1060,PE,0,0,0,268.7,133.4,0,0,0,0,19-APR-2021,
OPTSTK,CIPLA,24-Jun-2021,1070,PE,0,0,0,278.05,141.05,0,0,0,0,19-APR-2021,
OPTSTK,CIPLA,24-Jun-2021,1080,PE,0,0,0,287.45,148.9,0,0,0,0,19-APR-2021,
OPTSTK,CIPLA,24-Jun-2021,1090,PE,0,0,0,296.9,156.85,0,0,0,0,19-APR-2021,
OPTSTK,CIPLA,24-Jun-2021,1100,PE,0,0,0,306.35,165,0,0,0,0,19-APR-2021,
OPTSTK,CIPLA,24-Jun-2021,1110,PE,0,0,0,315.9,173.25,0,0,0,0,19-APR-2021,
OPTSTK,COALINDIA,29-Apr-2021,77.5,CE,0,0,0,51.45,47.2,0,0,0,0,19-APR-2021,
OPTSTK,COALINDIA,29-Apr-2021,80,CE,0,0,0,49,44.7,0,0,0,0,19-APR-2021,
OPTSTK,COALINDIA,29-Apr-2021,82.5,CE,0,0,0,46.6,42.2,0,0,0,0,19-APR-2021,
OPTSTK,COALINDIA,29-Apr-2021,85,CE,0,0,0,44.15,39.7,0,0,0,0,19-APR-2021,
OPTSTK,COALINDIA,29-Apr-2021,87.5,CE,0,0,0,41.75,37.2,0,0,0,0,19-APR-2021,
OPTSTK,COALINDIA,29-Apr-2021,90,CE,0,0,0,39.35,34.7,0,0,0,0,19-APR-2021,
OPTSTK,COALINDIA,29-Apr-2021,92.5,CE,0,0,0,37.05,32.2,0,0,0,0,19-APR-2021,
OPTSTK,COALINDIA,29-Apr-2021,95,CE,0,0,0,34.7,29.7,0,0,0,0,19-APR-2021,
OPTSTK,COALINDIA,29-Apr-2021,97.5,CE,0,0,0,32.45,27.2,0,0,0,0,19-APR-2021,
OPTSTK,COALINDIA,29-Apr-2021,100,CE,0,0,0,30.25,24.7,0,0,0,0,19-APR-2021,
OPTSTK,COALINDIA,29-Apr-2021,102.5,CE,0,0,0,28.1,22.25,0,0,0,0,19-APR-2021,
OPTSTK,COALINDIA,29-Apr-2021,105,CE,0,0,0,26.05,19.75,0,0,0,0,19-APR-2021,
OPTSTK,COALINDIA,29-Apr-2021,107.5,CE,0,0,0,24.05,17.25,0,0,0,0,19-APR-2021,
OPTSTK,COALINDIA,29-Apr-2021,110,CE,0,0,0,22.4,14.85,0,0,12600,0,19-APR-2021,
OPTSTK,COALINDIA,29-Apr-2021,112.5,CE,0,0,0,20.3,12.45,0,0,0,0,19-APR-2021,
OPTSTK,COALINDIA,29-Apr-2021,115,CE,0,0,0,18.55,10.2,0,0,0,0,19-APR-2021,
OPTSTK,COALINDIA,29-Apr-2021,117.5,CE,0,0,0,16.9,8.1,0,0,0,0,19-APR-2021,
OPTSTK,COALINDIA,29-Apr-2021,120,CE,6.8,6.8,5.25,5.85,5.85,59,311.56,239400,33600,19-APR-2021,
OPTSTK,COALINDIA,29-Apr-2021,122.5,CE,4.5,4.5,3.1,4,4.6,3,15.92,8400,4200,19-APR-2021,
OPTSTK,COALINDIA,29-Apr-2021,125,CE,2.95,3,2.1,2.35,2.35,798,4271.33,1356600,672000,19-APR-2021,
OPTSTK,COALINDIA,29-Apr-2021,127.5,CE,2.1,2.1,1.3,1.35,1.35,363,1966.55,810600,285600,19-APR-2021,
OPTSTK,COALINDIA,29-Apr-2021,130,CE,1.15,1.45,0.8,0.85,0.85,1131,6219.36,4859400,399000,19-APR-2021,
OPTSTK,COALINDIA,29-Apr-2021,132.5,CE,0.55,0.75,0.5,0.6,0.6,204,1140.41,1491000,-71400,19-APR-2021,
OPTSTK,COALINDIA,29-Apr-2021,135,CE,0.7,0.7,0.4,0.45,0.45,764,4345.91,5598600,63000,19-APR-2021,
OPTSTK,COALINDIA,29-Apr-2021,137.5,CE,0.4,0.4,0.3,0.35,0.35,77,445.78,659400,-46200,19-APR-2021,
OPTSTK,COALINDIA,29-Apr-2021,140,CE,0.3,0.35,0.2,0.25,0.25,408,2403.42,5073600,12600,19-APR-2021,
OPTSTK,COALINDIA,29-Apr-2021,142.5,CE,0.2,0.2,0.15,0.15,0.15,21,125.83,399000,-21000,19-APR-2021,
OPTSTK,COALINDIA,29-Apr-2021,145,CE,0.25,0.25,0.15,0.2,0.2,193,1176.81,3414600,-285600,19-APR-2021,
OPTSTK,COALINDIA,29-Apr-2021,147.5,CE,0.15,0.15,0.15,0.15,0.05,8,49.61,210000,-21000,19-APR-2021,
OPTSTK,COALINDIA,29-Apr-2021,150,CE,0.15,0.15,0.1,0.15,0.15,385,2427.58,5279400,-592200,19-APR-2021,
OPTSTK,COALINDIA,29-Apr-2021,152.5,CE,0,0,0,0.2,0,0,0,117600,0,19-APR-2021,
OPTSTK,COALINDIA,29-Apr-2021,155,CE,0.1,0.15,0.1,0.1,0.1,25,162.87,1213800,-71400,19-APR-2021,
OPTSTK,COALINDIA,29-Apr-2021,157.5,CE,0.05,0.05,0.05,0.05,0,3,19.85,42000,0,19-APR-2021,
OPTSTK,COALINDIA,29-Apr-2021,160,CE,0.1,0.1,0.05,0.05,0,116,779.99,2062200,-361200,19-APR-2021,
OPTSTK,COALINDIA,29-Apr-2021,162.5,CE,0,0,0,0.1,0,0,0,88200,0,19-APR-2021,
OPTSTK,COALINDIA,29-Apr-2021,165,CE,0.05,0.05,0.05,0.05,0,4,27.72,268800,-16800,19-APR-2021,
OPTSTK,COALINDIA,29-Apr-2021,167.5,CE,0,0,0,0.1,0,0,0,151200,0,19-APR-2021,
OPTSTK,COALINDIA,29-Apr-2021,170,CE,0.05,0.05,0.05,0.05,0,8,57.13,462000,-33600,19-APR-2021,
OPTSTK,COALINDIA,29-Apr-2021,172.5,CE,0,0,0,1.1,0,0,0,0,0,19-APR-2021,
OPTSTK,COALINDIA,29-Apr-2021,175,CE,0,0,0,0.1,0,0,0,46200,0,19-APR-2021,
OPTSTK,COALINDIA,29-Apr-2021,177.5,CE,0,0,0,0.25,0,0,0,4200,0,19-APR-2021,
OPTSTK,COALINDIA,29-Apr-2021,180,CE,0.05,0.05,0.05,0.05,0,13,98.3,1087800,-54600,19-APR-2021,
OPTSTK,COALINDIA,29-Apr-2021,182.5,CE,0,0,0,0.7,0,0,0,4200,0,19-APR-2021,
OPTSTK,COALINDIA,29-Apr-2021,185,CE,0.05,0.05,0.05,0.05,0,2,15.54,88200,8400,19-APR-2021,
OPTSTK,COALINDIA,29-Apr-2021,77.5,PE,0,0,0,0.05,0,0,0,12600,0,19-APR-2021,
OPTSTK,COALINDIA,29-Apr-2021,80,PE,0,0,0,0.15,0,0,0,16800,0,19-APR-2021,
OPTSTK,COALINDIA,29-Apr-2021,82.5,PE,0,0,0,2.5,0,0,0,4200,0,19-APR-2021,
OPTSTK,COALINDIA,29-Apr-2021,85,PE,0,0,0,0.15,0,0,0,0,0,19-APR-2021,
OPTSTK,COALINDIA,29-Apr-2021,87.5,PE,0,0,0,0.25,0,0,0,0,0,19-APR-2021,
OPTSTK,COALINDIA,29-Apr-2021,90,PE,0,0,0,0.1,0,0,0,12600,0,19-APR-2021,
OPTSTK,COALINDIA,29-Apr-2021,92.5,PE,0,0,0,0.45,0,0,0,0,0,19-APR-2021,
OPTSTK,COALINDIA,29-Apr-2021,95,PE,0,0,0,0.25,0,0,0,8400,0,19-APR-2021,
OPTSTK,COALINDIA,29-Apr-2021,97.5,PE,0,0,0,0.85,0,0,0,0,0,19-APR-2021,
OPTSTK,COALINDIA,29-Apr-2021,100,PE,0.1,0.2,0.05,0.15,0.15,11,46.26,126000,8400,19-APR-2021,
OPTSTK,COALINDIA,29-Apr-2021,102.5,PE,0,0,0,1.45,0,0,0,0,0,19-APR-2021,
OPTSTK,COALINDIA,29-Apr-2021,105,PE,0.25,0.3,0.15,0.15,0.15,7,30.94,29400,21000,19-APR-2021,
OPTSTK,COALINDIA,29-Apr-2021,107.5,PE,0,0,0,0.2,0.05,0,0,0,0,19-APR-2021,
OPTSTK,COALINDIA,29-Apr-2021,110,PE,0.3,0.35,0.25,0.25,0.25,131,606.87,1150800,138600,19-APR-2021,
OPTSTK,COALINDIA,29-Apr-2021,112.5,PE,0,0,0,0.5,0.25,0,0,12600,0,19-APR-2021,
OPTSTK,COALINDIA,29-Apr-2021,115,PE,0.6,0.65,0.45,0.55,0.55,196,951.3,638400,-16800,19-APR-2021,
OPTSTK,COALINDIA,29-Apr-2021,117.5,PE,0.8,0.9,0.7,0.75,0.75,41,203.74,285600,-8400,19-APR-2021,
OPTSTK,COALINDIA,29-Apr-2021,120,PE,1.1,1.5,1.1,1.15,1.15,560,2852.05,2826600,-176400,19-APR-2021,
OPTSTK,COALINDIA,29-Apr-2021,122.5,PE,1.8,2.2,1.65,1.75,1.75,189,987.32,630000,130200,19-APR-2021,
OPTSTK,COALINDIA,29-Apr-2021,125,PE,2.35,3.35,2.3,2.7,2.7,685,3679.33,2104200,-142800,19-APR-2021,
OPTSTK,COALINDIA,29-Apr-2021,127.5,PE,3.85,4.95,3.85,4.2,4.2,112,620.4,625800,-117600,19-APR-2021,
OPTSTK,COALINDIA,29-Apr-2021,130,PE,5.25,7,5.25,6.15,6.15,156,892.92,3074400,-176400,19-APR-2021,
OPTSTK,COALINDIA,29-Apr-2021,132.5,PE,8.5,9,8.05,8.4,8.4,9,53.31,420000,-21000,19-APR-2021,
OPTSTK,COALINDIA,29-Apr-2021,135,PE,11.5,11.5,10.2,10.85,10.85,41,251.14,2049600,-75600,19-APR-2021,
OPTSTK,COALINDIA,29-Apr-2021,137.5,PE,13,13,13,13,13.1,1,6.32,117600,-4200,19-APR-2021,
OPTSTK,COALINDIA,29-Apr-2021,140,PE,15.8,16.15,15,15.6,15.45,14,91.54,1075200,-33600,19-APR-2021,
OPTSTK,COALINDIA,29-Apr-2021,142.5,PE,0,0,0,19.45,17.85,0,0,96600,0,19-APR-2021,
OPTSTK,COALINDIA,29-Apr-2021,145,PE,21.15,21.15,21.15,21.15,20.3,2,13.95,508200,-8400,19-APR-2021,
OPTSTK,COALINDIA,29-Apr-2021,147.5,PE,0,0,0,15.6,22.8,0,0,12600,0,19-APR-2021,
OPTSTK,COALINDIA,29-Apr-2021,150,PE,25.5,25.8,25.5,25.8,25.3,3,22.13,394800,-12600,19-APR-2021,
OPTSTK,COALINDIA,29-Apr-2021,152.5,PE,0,0,0,23.5,27.75,0,0,4200,0,19-APR-2021,
OPTSTK,COALINDIA,29-Apr-2021,155,PE,0,0,0,23,30.25,0,0,4200,0,19-APR-2021,
OPTSTK,COALINDIA,29-Apr-2021,157.5,PE,0,0,0,30.4,32.75,0,0,0,0,19-APR-2021,
OPTSTK,COALINDIA,29-Apr-2021,160,PE,0,0,0,26.35,35.25,0,0,29400,0,19-APR-2021,
OPTSTK,COALINDIA,29-Apr-2021,162.5,PE,0,0,0,34.75,37.75,0,0,0,0,19-APR-2021,
OPTSTK,COALINDIA,29-Apr-2021,165,PE,0,0,0,36.95,40.25,0,0,0,0,19-APR-2021,
OPTSTK,COALINDIA,29-Apr-2021,167.5,PE,0,0,0,39.2,42.75,0,0,0,0,19-APR-2021,
OPTSTK,COALINDIA,29-Apr-2021,170,PE,0,0,0,38,45.25,0,0,67200,0,19-APR-2021,
OPTSTK,COALINDIA,29-Apr-2021,172.5,PE,0,0,0,43.8,47.75,0,0,0,0,19-APR-2021,
OPTSTK,COALINDIA,29-Apr-2021,175,PE,0,0,0,46.1,50.25,0,0,0,0,19-APR-2021,
OPTSTK,COALINDIA,29-Apr-2021,177.5,PE,0,0,0,48.45,52.75,0,0,0,0,19-APR-2021,
OPTSTK,COALINDIA,29-Apr-2021,180,PE,0,0,0,50.8,55.25,0,0,0,0,19-APR-2021,
OPTSTK,COALINDIA,29-Apr-2021,182.5,PE,0,0,0,53.2,57.75,0,0,0,0,19-APR-2021,
OPTSTK,COALINDIA,29-Apr-2021,185,PE,0,0,0,55.6,60.25,0,0,0,0,19-APR-2021,
OPTSTK,COALINDIA,27-May-2021,95,CE,0,0,0,62.1,30.1,0,0,0,0,19-APR-2021,
OPTSTK,COALINDIA,27-May-2021,97.5,CE,0,0,0,59.65,27.65,0,0,0,0,19-APR-2021,
OPTSTK,COALINDIA,27-May-2021,100,CE,0,0,0,57.2,25.3,0,0,0,0,19-APR-2021,
OPTSTK,COALINDIA,27-May-2021,102.5,CE,0,0,0,54.8,22.95,0,0,0,0,19-APR-2021,
OPTSTK,COALINDIA,27-May-2021,105,CE,0,0,0,52.4,20.7,0,0,0,0,19-APR-2021,
OPTSTK,COALINDIA,27-May-2021,107.5,CE,0,0,0,50,18.5,0,0,0,0,19-APR-2021,
OPTSTK,COALINDIA,27-May-2021,110,CE,0,0,0,47.65,16.45,0,0,0,0,19-APR-2021,
OPTSTK,COALINDIA,27-May-2021,112.5,CE,0,0,0,45.35,14.45,0,0,0,0,19-APR-2021,
OPTSTK,COALINDIA,27-May-2021,115,CE,0,0,0,43.05,12.6,0,0,0,0,19-APR-2021,
OPTSTK,COALINDIA,27-May-2021,117.5,CE,0,0,0,40.8,10.9,0,0,0,0,19-APR-2021,
OPTSTK,COALINDIA,27-May-2021,120,CE,0,0,0,10.5,9.35,0,0,4200,0,19-APR-2021,
OPTSTK,COALINDIA,27-May-2021,122.5,CE,0,0,0,36.45,7.95,0,0,0,0,19-APR-2021,
OPTSTK,COALINDIA,27-May-2021,125,CE,5.1,5.35,4.8,5.35,5.35,24,131.18,58800,58800,19-APR-2021,
OPTSTK,COALINDIA,27-May-2021,127.5,CE,5,5,4,4,5.55,10,55.27,42000,42000,19-APR-2021,
OPTSTK,COALINDIA,27-May-2021,130,CE,3.25,3.9,3.1,3.35,3.35,85,476.55,436800,214200,19-APR-2021,
OPTSTK,COALINDIA,27-May-2021,132.5,CE,3.7,3.7,2.8,3.25,3.25,2,11.4,4200,4200,19-APR-2021,
OPTSTK,COALINDIA,27-May-2021,135,CE,1.95,2.6,1.95,2.1,2.1,29,167,184800,54600,19-APR-2021,
OPTSTK,COALINDIA,27-May-2021,137.5,CE,0,0,0,24.75,2.45,0,0,0,0,19-APR-2021,
OPTSTK,COALINDIA,27-May-2021,140,CE,1.85,1.9,1.3,1.35,1.35,110,653.53,869400,222600,19-APR-2021,
OPTSTK,COALINDIA,27-May-2021,142.5,CE,0,0,0,21.4,1.55,0,0,0,0,19-APR-2021,
OPTSTK,COALINDIA,27-May-2021,145,CE,1.1,1.1,0.9,1,1.2,8,49.05,75600,8400,19-APR-2021,
OPTSTK,COALINDIA,27-May-2021,147.5,CE,0,0,0,18.35,0.95,0,0,0,0,19-APR-2021,
OPTSTK,COALINDIA,27-May-2021,150,CE,0.85,0.85,0.65,0.7,0.7,42,265.87,709800,-29400,19-APR-2021,
OPTSTK,COALINDIA,27-May-2021,152.5,CE,0,0,0,15.65,0.55,0,0,0,0,19-APR-2021,
OPTSTK,COALINDIA,27-May-2021,155,CE,0,0,0,0.9,0.45,0,0,8400,0,19-APR-2021,
OPTSTK,COALINDIA,27-May-2021,157.5,CE,0,0,0,13.2,0.35,0,0,0,0,19-APR-2021,
OPTSTK,COALINDIA,27-May-2021,160,CE,0.45,0.5,0.35,0.45,0.45,16,107.79,289800,-4200,19-APR-2021,
OPTSTK,COALINDIA,27-May-2021,162.5,CE,0,0,0,11.1,0.2,0,0,0,0,19-APR-2021,
OPTSTK,COALINDIA,27-May-2021,165,CE,0,0,0,10.15,0.15,0,0,0,0,19-APR-2021,
OPTSTK,COALINDIA,27-May-2021,167.5,CE,0,0,0,9.25,0.1,0,0,0,0,19-APR-2021,
OPTSTK,COALINDIA,27-May-2021,170,CE,0,0,0,0.4,0.1,0,0,4200,0,19-APR-2021,
OPTSTK,COALINDIA,27-May-2021,172.5,CE,0,0,0,7.65,0.05,0,0,0,0,19-APR-2021,
OPTSTK,COALINDIA,27-May-2021,175,CE,0,0,0,6.95,0.05,0,0,0,0,19-APR-2021,
OPTSTK,COALINDIA,27-May-2021,177.5,CE,0,0,0,6.3,0.05,0,0,0,0,19-APR-2021,
OPTSTK,COALINDIA,27-May-2021,180,CE,0,0,0,0.5,0.05,0,0,12600,0,19-APR-2021,
OPTSTK,COALINDIA,27-May-2021,182.5,CE,0,0,0,5.15,0.05,0,0,0,0,19-APR-2021,
OPTSTK,COALINDIA,27-May-2021,185,CE,0,0,0,4.65,0.05,0,0,0,0,19-APR-2021,
OPTSTK,COALINDIA,27-May-2021,95,PE,0,0,0,0.1,0.1,0,0,0,0,19-APR-2021,
OPTSTK,COALINDIA,27-May-2021,97.5,PE,0,0,0,0.15,0.2,0,0,0,0,19-APR-2021,
OPTSTK,COALINDIA,27-May-2021,100,PE,0,0,0,0.55,0.3,0,0,8400,0,19-APR-2021,
OPTSTK,COALINDIA,27-May-2021,102.5,PE,0,0,0,0.25,0.45,0,0,0,0,19-APR-2021,
OPTSTK,COALINDIA,27-May-2021,105,PE,0.55,0.55,0.55,0.55,0.7,1,4.43,8400,4200,19-APR-2021,
OPTSTK,COALINDIA,27-May-2021,107.5,PE,0,0,0,0.4,1,0,0,0,0,19-APR-2021,
OPTSTK,COALINDIA,27-May-2021,110,PE,1.45,1.45,0.5,0.5,1.4,3,14,12600,12600,19-APR-2021,
OPTSTK,COALINDIA,27-May-2021,112.5,PE,0,0,0,0.7,1.9,0,0,0,0,19-APR-2021,
OPTSTK,COALINDIA,27-May-2021,115,PE,1.5,1.75,1.5,1.55,2.55,8,39.15,42000,16800,19-APR-2021,
OPTSTK,COALINDIA,27-May-2021,117.5,PE,0,0,0,1.9,3.35,0,0,4200,0,19-APR-2021,
OPTSTK,COALINDIA,27-May-2021,120,PE,3.2,3.25,2.6,2.9,2.9,71,366.35,588000,142800,19-APR-2021,
OPTSTK,COALINDIA,27-May-2021,122.5,PE,0,0,0,0.5,5.35,0,0,8400,0,19-APR-2021,
OPTSTK,COALINDIA,27-May-2021,125,PE,5.15,5.4,4.8,5.1,5.1,35,191.19,306600,37800,19-APR-2021,
OPTSTK,COALINDIA,27-May-2021,127.5,PE,0,0,0,2.5,7.95,0,0,0,0,19-APR-2021,
OPTSTK,COALINDIA,27-May-2021,130,PE,8.2,8.7,7.6,8.2,8.2,49,284.04,835800,109200,19-APR-2021,
OPTSTK,COALINDIA,27-May-2021,132.5,PE,0,0,0,3.55,11.15,0,0,0,0,19-APR-2021,
OPTSTK,COALINDIA,27-May-2021,135,PE,0,0,0,9.5,12.9,0,0,63000,0,19-APR-2021,
OPTSTK,COALINDIA,27-May-2021,137.5,PE,0,0,0,4.85,14.85,0,0,0,0,19-APR-2021,
OPTSTK,COALINDIA,27-May-2021,140,PE,0,0,0,15.35,16.8,0,0,33600,0,19-APR-2021,
OPTSTK,COALINDIA,27-May-2021,142.5,PE,0,0,0,6.45,18.9,0,0,0,0,19-APR-2021,
OPTSTK,COALINDIA,27-May-2021,145,PE,0,0,0,7.4,21.05,0,0,0,0,19-APR-2021,
OPTSTK,COALINDIA,27-May-2021,147.5,PE,0,0,0,8.4,23.3,0,0,0,0,19-APR-2021,
OPTSTK,COALINDIA,27-May-2021,150,PE,0,0,0,12,25.55,0,0,4200,0,19-APR-2021,
OPTSTK,COALINDIA,27-May-2021,152.5,PE,0,0,0,10.6,27.9,0,0,0,0,19-APR-2021,
OPTSTK,COALINDIA,27-May-2021,155,PE,0,0,0,11.85,30.25,0,0,0,0,19-APR-2021,
OPTSTK,COALINDIA,27-May-2021,157.5,PE,0,0,0,13.15,32.6,0,0,0,0,19-APR-2021,
OPTSTK,COALINDIA,27-May-2021,160,PE,0,0,0,14.55,35.05,0,0,0,0,19-APR-2021,
OPTSTK,COALINDIA,27-May-2021,162.5,PE,0,0,0,16,37.45,0,0,0,0,19-APR-2021,
OPTSTK,COALINDIA,27-May-2021,165,PE,0,0,0,17.5,39.9,0,0,0,0,19-APR-2021,
OPTSTK,COALINDIA,27-May-2021,167.5,PE,0,0,0,19.1,42.35,0,0,0,0,19-APR-2021,
OPTSTK,COALINDIA,27-May-2021,170,PE,0,0,0,20.75,44.85,0,0,0,0,19-APR-2021,
OPTSTK,COALINDIA,27-May-2021,172.5,PE,0,0,0,22.45,47.3,0,0,0,0,19-APR-2021,
OPTSTK,COALINDIA,27-May-2021,175,PE,0,0,0,24.2,49.75,0,0,0,0,19-APR-2021,
OPTSTK,COALINDIA,27-May-2021,177.5,PE,0,0,0,26.05,52.25,0,0,0,0,19-APR-2021,
OPTSTK,COALINDIA,27-May-2021,180,PE,0,0,0,27.95,54.75,0,0,0,0,19-APR-2021,
OPTSTK,COALINDIA,27-May-2021,182.5,PE,0,0,0,29.85,57.2,0,0,0,0,19-APR-2021,
OPTSTK,COALINDIA,27-May-2021,185,PE,0,0,0,31.85,59.7,0,0,0,0,19-APR-2021,
OPTSTK,COALINDIA,24-Jun-2021,95,CE,0,0,0,34.7,30.7,0,0,0,0,19-APR-2021,
OPTSTK,COALINDIA,24-Jun-2021,97.5,CE,0,0,0,32.45,28.45,0,0,0,0,19-APR-2021,
OPTSTK,COALINDIA,24-Jun-2021,100,CE,0,0,0,30.25,26.2,0,0,0,0,19-APR-2021,
OPTSTK,COALINDIA,24-Jun-2021,102.5,CE,0,0,0,28.15,24.05,0,0,0,0,19-APR-2021,
OPTSTK,COALINDIA,24-Jun-2021,105,CE,0,0,0,26.05,21.95,0,0,0,0,19-APR-2021,
OPTSTK,COALINDIA,24-Jun-2021,107.5,CE,0,0,0,24.1,19.95,0,0,0,0,19-APR-2021,
OPTSTK,COALINDIA,24-Jun-2021,110,CE,0,0,0,22.2,18.05,0,0,0,0,19-APR-2021,
OPTSTK,COALINDIA,24-Jun-2021,112.5,CE,0,0,0,20.35,16.25,0,0,0,0,19-APR-2021,
OPTSTK,COALINDIA,24-Jun-2021,115,CE,0,0,0,18.65,14.55,0,0,0,0,19-APR-2021,
OPTSTK,COALINDIA,24-Jun-2021,117.5,CE,0,0,0,17,12.95,0,0,0,0,19-APR-2021,
OPTSTK,COALINDIA,24-Jun-2021,120,CE,0,0,0,6,11.5,0,0,4200,0,19-APR-2021,
OPTSTK,COALINDIA,24-Jun-2021,122.5,CE,0,0,0,14.05,10.15,0,0,0,0,19-APR-2021,
OPTSTK,COALINDIA,24-Jun-2021,125,CE,0,0,0,12.7,8.95,0,0,0,0,19-APR-2021,
OPTSTK,COALINDIA,24-Jun-2021,127.5,CE,0,0,0,11.45,7.8,0,0,0,0,19-APR-2021,
OPTSTK,COALINDIA,24-Jun-2021,130,CE,0,0,0,10.3,6.8,0,0,0,0,19-APR-2021,
OPTSTK,COALINDIA,24-Jun-2021,132.5,CE,0,0,0,9.2,5.9,0,0,0,0,19-APR-2021,
OPTSTK,COALINDIA,24-Jun-2021,135,CE,0,0,0,8.25,5.1,0,0,0,0,19-APR-2021,
OPTSTK,COALINDIA,24-Jun-2021,137.5,CE,0,0,0,7.35,4.35,0,0,0,0,19-APR-2021,
OPTSTK,COALINDIA,24-Jun-2021,140,CE,0,0,0,6.55,3.75,0,0,0,0,19-APR-2021,
OPTSTK,COALINDIA,24-Jun-2021,142.5,CE,0,0,0,5.8,3.2,0,0,0,0,19-APR-2021,
OPTSTK,COALINDIA,24-Jun-2021,145,CE,0,0,0,5.1,2.7,0,0,0,0,19-APR-2021,
OPTSTK,COALINDIA,24-Jun-2021,147.5,CE,0,0,0,4.55,2.3,0,0,0,0,19-APR-2021,
OPTSTK,COALINDIA,24-Jun-2021,150,CE,0,0,0,4,1.95,0,0,0,0,19-APR-2021,
OPTSTK,COALINDIA,24-Jun-2021,152.5,CE,0,0,0,3.5,1.65,0,0,0,0,19-APR-2021,
OPTSTK,COALINDIA,24-Jun-2021,155,CE,0,0,0,3.05,1.35,0,0,0,0,19-APR-2021,
OPTSTK,COALINDIA,24-Jun-2021,157.5,CE,0,0,0,2.7,1.15,0,0,0,0,19-APR-2021,
OPTSTK,COALINDIA,24-Jun-2021,160,CE,0,0,0,2.35,0.95,0,0,0,0,19-APR-2021,
OPTSTK,COALINDIA,24-Jun-2021,162.5,CE,0,0,0,2.05,0.8,0,0,0,0,19-APR-2021,
OPTSTK,COALINDIA,24-Jun-2021,165,CE,0,0,0,1.8,0.65,0,0,0,0,19-APR-2021,
OPTSTK,COALINDIA,24-Jun-2021,167.5,CE,0,0,0,1.55,0.55,0,0,0,0,19-APR-2021,
OPTSTK,COALINDIA,24-Jun-2021,170,CE,0,0,0,1.35,0.45,0,0,0,0,19-APR-2021,
OPTSTK,COALINDIA,24-Jun-2021,172.5,CE,0,0,0,1.15,0.35,0,0,0,0,19-APR-2021,
OPTSTK,COALINDIA,24-Jun-2021,175,CE,0,0,0,1,0.3,0,0,0,0,19-APR-2021,
OPTSTK,COALINDIA,24-Jun-2021,177.5,CE,0,0,0,0.85,0.25,0,0,0,0,19-APR-2021,
OPTSTK,COALINDIA,24-Jun-2021,180,CE,0,0,0,0.75,0.2,0,0,0,0,19-APR-2021,
OPTSTK,COALINDIA,24-Jun-2021,182.5,CE,0,0,0,0.65,0.15,0,0,0,0,19-APR-2021,
OPTSTK,COALINDIA,24-Jun-2021,185,CE,0,0,0,0.55,0.15,0,0,0,0,19-APR-2021,
OPTSTK,COALINDIA,24-Jun-2021,95,PE,0,0,0,0.7,0.5,0,0,0,0,19-APR-2021,
OPTSTK,COALINDIA,24-Jun-2021,97.5,PE,0,0,0,0.95,0.65,0,0,0,0,19-APR-2021,
OPTSTK,COALINDIA,24-Jun-2021,100,PE,0,0,0,1.25,0.9,0,0,0,0,19-APR-2021,
OPTSTK,COALINDIA,24-Jun-2021,102.5,PE,0,0,0,1.55,1.25,0,0,0,0,19-APR-2021,
OPTSTK,COALINDIA,24-Jun-2021,105,PE,0,0,0,2,1.65,0,0,0,0,19-APR-2021,
OPTSTK,COALINDIA,24-Jun-2021,107.5,PE,0,0,0,2.5,2.1,0,0,0,0,19-APR-2021,
OPTSTK,COALINDIA,24-Jun-2021,110,PE,0,0,0,3.05,2.7,0,0,0,0,19-APR-2021,
OPTSTK,COALINDIA,24-Jun-2021,112.5,PE,0,0,0,3.75,3.4,0,0,0,0,19-APR-2021,
OPTSTK,COALINDIA,24-Jun-2021,115,PE,0,0,0,4.5,4.2,0,0,0,0,19-APR-2021,
OPTSTK,COALINDIA,24-Jun-2021,117.5,PE,0,0,0,5.3,5.1,0,0,0,0,19-APR-2021,
OPTSTK,COALINDIA,24-Jun-2021,120,PE,3.5,4,3.5,4,6.1,5,26.01,42000,16800,19-APR-2021,
OPTSTK,COALINDIA,24-Jun-2021,122.5,PE,0,0,0,7.3,7.25,0,0,0,0,19-APR-2021,
OPTSTK,COALINDIA,24-Jun-2021,125,PE,0,0,0,3,8.5,0,0,4200,0,19-APR-2021,
OPTSTK,COALINDIA,24-Jun-2021,127.5,PE,0,0,0,9.65,9.85,0,0,0,0,19-APR-2021,
OPTSTK,COALINDIA,24-Jun-2021,130,PE,0,0,0,8.5,11.3,0,0,8400,0,19-APR-2021,
OPTSTK,COALINDIA,24-Jun-2021,132.5,PE,0,0,0,12.4,12.9,0,0,0,0,19-APR-2021,
OPTSTK,COALINDIA,24-Jun-2021,135,PE,0,0,0,13.9,14.6,0,0,0,0,19-APR-2021,
OPTSTK,COALINDIA,24-Jun-2021,137.5,PE,0,0,0,15.45,16.35,0,0,0,0,19-APR-2021,
OPTSTK,COALINDIA,24-Jun-2021,140,PE,0,0,0,17.1,18.2,0,0,0,0,19-APR-2021,
OPTSTK,COALINDIA,24-Jun-2021,142.5,PE,0,0,0,18.85,20.15,0,0,0,0,19-APR-2021,
OPTSTK,COALINDIA,24-Jun-2021,145,PE,0,0,0,20.65,22.15,0,0,0,0,19-APR-2021,
OPTSTK,COALINDIA,24-Jun-2021,147.5,PE,0,0,0,22.55,24.2,0,0,0,0,19-APR-2021,
OPTSTK,COALINDIA,24-Jun-2021,150,PE,0,0,0,24.5,26.3,0,0,0,0,19-APR-2021,
OPTSTK,COALINDIA,24-Jun-2021,152.5,PE,0,0,0,26.5,28.5,0,0,0,0,19-APR-2021,
OPTSTK,COALINDIA,24-Jun-2021,155,PE,0,0,0,28.55,30.7,0,0,0,0,19-APR-2021,
OPTSTK,COALINDIA,24-Jun-2021,157.5,PE,0,0,0,30.6,33,0,0,0,0,19-APR-2021,
OPTSTK,COALINDIA,24-Jun-2021,160,PE,0,0,0,32.75,35.25,0,0,0,0,19-APR-2021,
OPTSTK,COALINDIA,24-Jun-2021,162.5,PE,0,0,0,34.95,37.6,0,0,0,0,19-APR-2021,
OPTSTK,COALINDIA,24-Jun-2021,165,PE,0,0,0,37.15,39.95,0,0,0,0,19-APR-2021,
OPTSTK,COALINDIA,24-Jun-2021,167.5,PE,0,0,0,39.4,42.3,0,0,0,0,19-APR-2021,
OPTSTK,COALINDIA,24-Jun-2021,170,PE,0,0,0,41.65,44.7,0,0,0,0,19-APR-2021,
OPTSTK,COALINDIA,24-Jun-2021,172.5,PE,0,0,0,43.95,47.1,0,0,0,0,19-APR-2021,
OPTSTK,COALINDIA,24-Jun-2021,175,PE,0,0,0,46.3,49.5,0,0,0,0,19-APR-2021,
OPTSTK,COALINDIA,24-Jun-2021,177.5,PE,0,0,0,48.6,51.95,0,0,0,0,19-APR-2021,
OPTSTK,COALINDIA,24-Jun-2021,180,PE,0,0,0,51,54.4,0,0,0,0,19-APR-2021,
OPTSTK,COALINDIA,24-Jun-2021,182.5,PE,0,0,0,53.35,56.85,0,0,0,0,19-APR-2021,
OPTSTK,COALINDIA,24-Jun-2021,185,PE,0,0,0,55.75,59.3,0,0,0,0,19-APR-2021,
OPTSTK,COFORGE,29-Apr-2021,1600,CE,0,0,0,861.3,1513.15,0,0,0,0,19-APR-2021,
OPTSTK,COFORGE,29-Apr-2021,1650,CE,0,0,0,818.25,1463.2,0,0,0,0,19-APR-2021,
OPTSTK,COFORGE,29-Apr-2021,1700,CE,0,0,0,776.25,1413.25,0,0,0,0,19-APR-2021,
OPTSTK,COFORGE,29-Apr-2021,1750,CE,0,0,0,735.35,1363.3,0,0,0,0,19-APR-2021,
OPTSTK,COFORGE,29-Apr-2021,1800,CE,0,0,0,695.7,1313.35,0,0,0,0,19-APR-2021,
OPTSTK,COFORGE,29-Apr-2021,1850,CE,0,0,0,657.25,1263.4,0,0,0,0,19-APR-2021,
OPTSTK,COFORGE,29-Apr-2021,1900,CE,0,0,0,620.2,1213.45,0,0,0,0,19-APR-2021,
OPTSTK,COFORGE,29-Apr-2021,1950,CE,0,0,0,584.35,1163.5,0,0,0,0,19-APR-2021,
OPTSTK,COFORGE,29-Apr-2021,2000,CE,0,0,0,549.9,1113.55,0,0,0,0,19-APR-2021,
OPTSTK,COFORGE,29-Apr-2021,2050,CE,0,0,0,516.85,1063.6,0,0,0,0,19-APR-2021,
OPTSTK,COFORGE,29-Apr-2021,2100,CE,0,0,0,485.1,1013.65,0,0,0,0,19-APR-2021,
OPTSTK,COFORGE,29-Apr-2021,2150,CE,0,0,0,454.85,963.7,0,0,0,0,19-APR-2021,
OPTSTK,COFORGE,29-Apr-2021,2200,CE,0,0,0,426.05,913.8,0,0,0,0,19-APR-2021,
OPTSTK,COFORGE,29-Apr-2021,2250,CE,0,0,0,398.6,863.85,0,0,0,0,19-APR-2021,
OPTSTK,COFORGE,29-Apr-2021,2300,CE,0,0,0,372.55,813.95,0,0,0,0,19-APR-2021,
OPTSTK,COFORGE,29-Apr-2021,2350,CE,0,0,0,347.85,764.15,0,0,0,0,19-APR-2021,
OPTSTK,COFORGE,29-Apr-2021,2400,CE,0,0,0,324.45,714.4,0,0,0,0,19-APR-2021,
OPTSTK,COFORGE,29-Apr-2021,2450,CE,0,0,0,302.4,664.85,0,0,0,0,19-APR-2021,
OPTSTK,COFORGE,29-Apr-2021,2500,CE,0,0,0,475,615.6,0,0,0,0,19-APR-2021,
OPTSTK,COFORGE,29-Apr-2021,2550,CE,0,0,0,261.9,566.75,0,0,0,0,19-APR-2021,
OPTSTK,COFORGE,29-Apr-2021,2600,CE,0,0,0,348,518.5,0,0,375,0,19-APR-2021,
OPTSTK,COFORGE,29-Apr-2021,2650,CE,0,0,0,226.1,471.1,0,0,0,0,19-APR-2021,
OPTSTK,COFORGE,29-Apr-2021,2700,CE,0,0,0,209.85,424.9,0,0,0,0,19-APR-2021,
OPTSTK,COFORGE,29-Apr-2021,2750,CE,0,0,0,194.6,380.1,0,0,0,0,19-APR-2021,
OPTSTK,COFORGE,29-Apr-2021,2800,CE,0,0,0,307.25,337.05,0,0,11625,0,19-APR-2021,
OPTSTK,COFORGE,29-Apr-2021,2850,CE,0,0,0,345.6,296.2,0,0,1125,0,19-APR-2021,
OPTSTK,COFORGE,29-Apr-2021,2900,CE,273.45,273.45,273.45,273.45,257.85,1,11.9,12375,0,19-APR-2021,
OPTSTK,COFORGE,29-Apr-2021,2950,CE,0,0,0,182,221.95,0,0,1875,0,19-APR-2021,
OPTSTK,COFORGE,29-Apr-2021,3000,CE,224.85,224.85,185,189.05,189.05,9,107.83,38250,-2625,19-APR-2021,
OPTSTK,COFORGE,29-Apr-2021,3050,CE,0,0,0,170,159.55,0,0,3000,0,19-APR-2021,
OPTSTK,COFORGE,29-Apr-2021,3100,CE,100.4,154.8,100.4,127.9,127.9,178,2155.26,42750,13875,19-APR-2021,
OPTSTK,COFORGE,29-Apr-2021,3150,CE,90.2,125.5,90.2,104.05,104.05,13,159.02,6750,1875,19-APR-2021,
OPTSTK,COFORGE,29-Apr-2021,3200,CE,77.4,108,65,80.85,80.85,263,3242.85,74250,7125,19-APR-2021,
OPTSTK,COFORGE,29-Apr-2021,3250,CE,69.1,85.6,60.7,64,64,19,236.67,8625,375,19-APR-2021,
OPTSTK,COFORGE,29-Apr-2021,3300,CE,55.05,69,40.9,50.65,50.65,329,4139.75,61500,6000,19-APR-2021,
OPTSTK,COFORGE,29-Apr-2021,3350,CE,0,0,0,25,45.4,0,0,375,0,19-APR-2021,
OPTSTK,COFORGE,29-Apr-2021,3400,CE,24.7,41.8,24.65,28.75,28.75,105,1351.24,31500,750,19-APR-2021,
OPTSTK,COFORGE,29-Apr-2021,3450,CE,0,0,0,45,27.35,0,0,0,0,19-APR-2021,
OPTSTK,COFORGE,29-Apr-2021,3500,CE,20,25.1,12.95,16.55,16.55,107,1411.94,34125,2625,19-APR-2021,
OPTSTK,COFORGE,29-Apr-2021,3550,CE,0,0,0,52.9,15.75,0,0,0,0,19-APR-2021,
OPTSTK,COFORGE,29-Apr-2021,3600,CE,7,13.65,7,8.35,8.35,27,365.45,11250,2625,19-APR-2021,
OPTSTK,COFORGE,29-Apr-2021,3650,CE,0,0,0,55.7,8.7,0,0,0,0,19-APR-2021,
OPTSTK,COFORGE,29-Apr-2021,3700,CE,0,0,0,9,6.4,0,0,1500,0,19-APR-2021,
OPTSTK,COFORGE,29-Apr-2021,3750,CE,0,0,0,51.6,4.6,0,0,0,0,19-APR-2021,
OPTSTK,COFORGE,29-Apr-2021,1600,PE,0,0,0,26.4,0,0,0,0,0,19-APR-2021,
OPTSTK,COFORGE,29-Apr-2021,1650,PE,0,0,0,32.85,0,0,0,0,0,19-APR-2021,
OPTSTK,COFORGE,29-Apr-2021,1700,PE,0,0,0,40.4,0,0,0,0,0,19-APR-2021,
OPTSTK,COFORGE,29-Apr-2021,1750,PE,0,0,0,49.05,0,0,0,0,0,19-APR-2021,
OPTSTK,COFORGE,29-Apr-2021,1800,PE,0,0,0,58.9,0,0,0,0,0,19-APR-2021,
OPTSTK,COFORGE,29-Apr-2021,1850,PE,0,0,0,70,0,0,0,0,0,19-APR-2021,
OPTSTK,COFORGE,29-Apr-2021,1900,PE,0,0,0,82.5,0,0,0,0,0,19-APR-2021,
OPTSTK,COFORGE,29-Apr-2021,1950,PE,0,0,0,96.2,0,0,0,0,0,19-APR-2021,
OPTSTK,COFORGE,29-Apr-2021,2000,PE,0,0,0,111.3,0,0,0,0,0,19-APR-2021,
OPTSTK,COFORGE,29-Apr-2021,2050,PE,0,0,0,127.75,0,0,0,0,0,19-APR-2021,
OPTSTK,COFORGE,29-Apr-2021,2100,PE,0,0,0,0.35,0,0,0,750,0,19-APR-2021,
OPTSTK,COFORGE,29-Apr-2021,2150,PE,0,0,0,164.85,0.05,0,0,0,0,19-APR-2021,
OPTSTK,COFORGE,29-Apr-2021,2200,PE,0,0,0,185.6,0.05,0,0,0,0,19-APR-2021,
OPTSTK,COFORGE,29-Apr-2021,2250,PE,0,0,0,2,0.05,0,0,6000,0,19-APR-2021,
OPTSTK,COFORGE,29-Apr-2021,2300,PE,0,0,0,5,0.15,0,0,1875,0,19-APR-2021,
OPTSTK,COFORGE,29-Apr-2021,2350,PE,0,0,0,256,0.25,0,0,0,0,19-APR-2021,
OPTSTK,COFORGE,29-Apr-2021,2400,PE,0,0,0,8.35,0.45,0,0,8625,0,19-APR-2021,
OPTSTK,COFORGE,29-Apr-2021,2450,PE,0,0,0,309.6,0.85,0,0,0,0,19-APR-2021,
OPTSTK,COFORGE,29-Apr-2021,2500,PE,6.95,6.95,3.55,3.65,3.65,17,159.72,37500,-750,19-APR-2021,
OPTSTK,COFORGE,29-Apr-2021,2550,PE,0,0,0,33.75,2.65,0,0,1125,0,19-APR-2021,
OPTSTK,COFORGE,29-Apr-2021,2600,PE,7,7,7,7,4.35,1,9.77,6750,0,19-APR-2021,
OPTSTK,COFORGE,29-Apr-2021,2650,PE,0,0,0,19.3,6.95,0,0,1875,0,19-APR-2021,
OPTSTK,COFORGE,29-Apr-2021,2700,PE,8.2,17.95,8.2,12.85,12.85,16,162.75,19500,-1500,19-APR-2021,
OPTSTK,COFORGE,29-Apr-2021,2750,PE,0,0,0,82.65,15.8,0,0,750,0,19-APR-2021,
OPTSTK,COFORGE,29-Apr-2021,2800,PE,23.95,25,15.95,18.05,18.05,29,306.67,29625,-375,19-APR-2021,
OPTSTK,COFORGE,29-Apr-2021,2850,PE,0,0,0,29,31.8,0,0,1125,0,19-APR-2021,
OPTSTK,COFORGE,29-Apr-2021,2900,PE,41.65,41.65,29.55,36.3,36.3,56,616.21,34875,-2625,19-APR-2021,
OPTSTK,COFORGE,29-Apr-2021,2950,PE,0,0,0,645.8,57.5,0,0,0,0,19-APR-2021,
OPTSTK,COFORGE,29-Apr-2021,3000,PE,78.45,78.45,49.6,61.55,61.55,80,917.47,37875,-2250,19-APR-2021,
OPTSTK,COFORGE,29-Apr-2021,3050,PE,89.4,89.4,70.5,70.5,95,2,23.47,1125,0,19-APR-2021,
OPTSTK,COFORGE,29-Apr-2021,3100,PE,120,120,77.5,101.2,101.2,74,887.21,13500,-2625,19-APR-2021,
OPTSTK,COFORGE,29-Apr-2021,3150,PE,111.95,125.25,111.95,125.25,125.25,2,24.51,750,750,19-APR-2021,
OPTSTK,COFORGE,29-Apr-2021,3200,PE,163.55,165,134.55,155.55,155.55,11,138.1,2250,-375,19-APR-2021,
OPTSTK,COFORGE,29-Apr-2021,3250,PE,0,0,0,888.65,207.4,0,0,0,0,19-APR-2021,
OPTSTK,COFORGE,29-Apr-2021,3300,PE,0,0,0,931.25,242.7,0,0,0,0,19-APR-2021,
OPTSTK,COFORGE,29-Apr-2021,3350,PE,0,0,0,974.4,280.55,0,0,0,0,19-APR-2021,
OPTSTK,COFORGE,29-Apr-2021,3400,PE,0,0,0,1018,320.5,0,0,0,0,19-APR-2021,
OPTSTK,COFORGE,29-Apr-2021,3450,PE,0,0,0,1062.05,362.35,0,0,0,0,19-APR-2021,
OPTSTK,COFORGE,29-Apr-2021,3500,PE,0,0,0,1106.5,405.85,0,0,0,0,19-APR-2021,
OPTSTK,COFORGE,29-Apr-2021,3550,PE,0,0,0,1118.75,450.7,0,0,0,0,19-APR-2021,
OPTSTK,COFORGE,29-Apr-2021,3600,PE,0,0,0,1103.25,496.65,0,0,0,0,19-APR-2021,
OPTSTK,COFORGE,29-Apr-2021,3650,PE,0,0,0,1126.1,543.55,0,0,0,0,19-APR-2021,
OPTSTK,COFORGE,29-Apr-2021,3700,PE,0,0,0,1119.45,591.15,0,0,0,0,19-APR-2021,
OPTSTK,COFORGE,29-Apr-2021,3750,PE,0,0,0,1131.45,639.35,0,0,0,0,19-APR-2021,
OPTSTK,COFORGE,27-May-2021,1600,CE,0,0,0,949.45,1517.85,0,0,0,0,19-APR-2021,
OPTSTK,COFORGE,27-May-2021,1650,CE,0,0,0,904.7,1468.05,0,0,0,0,19-APR-2021,
OPTSTK,COFORGE,27-May-2021,1700,CE,0,0,0,860.85,1418.35,0,0,0,0,19-APR-2021,
OPTSTK,COFORGE,27-May-2021,1750,CE,0,0,0,817.95,1368.6,0,0,0,0,19-APR-2021,
OPTSTK,COFORGE,27-May-2021,1800,CE,0,0,0,776.1,1318.95,0,0,0,0,19-APR-2021,
OPTSTK,COFORGE,27-May-2021,1850,CE,0,0,0,735.35,1269.35,0,0,0,0,19-APR-2021,
OPTSTK,COFORGE,27-May-2021,1900,CE,0,0,0,695.8,1219.9,0,0,0,0,19-APR-2021,
OPTSTK,COFORGE,27-May-2021,1950,CE,0,0,0,657.5,1170.55,0,0,0,0,19-APR-2021,
OPTSTK,COFORGE,27-May-2021,2000,CE,0,0,0,620.55,1121.4,0,0,0,0,19-APR-2021,
OPTSTK,COFORGE,27-May-2021,2050,CE,0,0,0,584.8,1072.55,0,0,0,0,19-APR-2021,
OPTSTK,COFORGE,27-May-2021,2100,CE,0,0,0,550.4,1023.95,0,0,0,0,19-APR-2021,
OPTSTK,COFORGE,27-May-2021,2150,CE,0,0,0,517.4,975.75,0,0,0,0,19-APR-2021,
OPTSTK,COFORGE,27-May-2021,2200,CE,0,0,0,485.7,928.05,0,0,0,0,19-APR-2021,
OPTSTK,COFORGE,27-May-2021,2250,CE,0,0,0,455.5,880.9,0,0,0,0,19-APR-2021,
OPTSTK,COFORGE,27-May-2021,2300,CE,0,0,0,426.65,834.4,0,0,0,0,19-APR-2021,
OPTSTK,COFORGE,27-May-2021,2350,CE,0,0,0,399.25,788.7,0,0,0,0,19-APR-2021,
OPTSTK,COFORGE,27-May-2021,2400,CE,0,0,0,373.15,743.85,0,0,0,0,19-APR-2021,
OPTSTK,COFORGE,27-May-2021,2450,CE,0,0,0,348.4,699.95,0,0,0,0,19-APR-2021,
OPTSTK,COFORGE,27-May-2021,2500,CE,0,0,0,325,657.2,0,0,0,0,19-APR-2021,
OPTSTK,COFORGE,27-May-2021,2550,CE,0,0,0,302.85,615.55,0,0,0,0,19-APR-2021,
OPTSTK,COFORGE,27-May-2021,2600,CE,0,0,0,281.95,575.25,0,0,0,0,19-APR-2021,
OPTSTK,COFORGE,27-May-2021,2650,CE,0,0,0,262.25,536.25,0,0,0,0,19-APR-2021,
OPTSTK,COFORGE,27-May-2021,2700,CE,0,0,0,243.75,498.85,0,0,0,0,19-APR-2021,
OPTSTK,COFORGE,27-May-2021,2750,CE,0,0,0,226.35,462.8,0,0,0,0,19-APR-2021,
OPTSTK,COFORGE,27-May-2021,2800,CE,0,0,0,210,428.2,0,0,0,0,19-APR-2021,
OPTSTK,COFORGE,27-May-2021,2850,CE,0,0,0,194.7,395.4,0,0,0,0,19-APR-2021,
OPTSTK,COFORGE,27-May-2021,2900,CE,0,0,0,180.4,364.25,0,0,0,0,19-APR-2021,
OPTSTK,COFORGE,27-May-2021,2950,CE,0,0,0,167,334.75,0,0,0,0,19-APR-2021,
OPTSTK,COFORGE,27-May-2021,3000,CE,0,0,0,154.65,306.9,0,0,0,0,19-APR-2021,
OPTSTK,COFORGE,27-May-2021,3050,CE,0,0,0,143.05,280.75,0,0,0,0,19-APR-2021,
OPTSTK,COFORGE,27-May-2021,3100,CE,0,0,0,132.25,256.2,0,0,0,0,19-APR-2021,
OPTSTK,COFORGE,27-May-2021,3150,CE,0,0,0,122.15,233.3,0,0,0,0,19-APR-2021,
OPTSTK,COFORGE,27-May-2021,3200,CE,0,0,0,112.8,212,0,0,0,0,19-APR-2021,
OPTSTK,COFORGE,27-May-2021,3250,CE,0,0,0,104.1,192.2,0,0,0,0,19-APR-2021,
OPTSTK,COFORGE,27-May-2021,3300,CE,0,0,0,95.95,173.9,0,0,0,0,19-APR-2021,
OPTSTK,COFORGE,27-May-2021,3350,CE,0,0,0,88.45,157,0,0,0,0,19-APR-2021,
OPTSTK,COFORGE,27-May-2021,3400,CE,0,0,0,81.5,141.45,0,0,0,0,19-APR-2021,
OPTSTK,COFORGE,27-May-2021,3450,CE,0,0,0,75.05,127.2,0,0,0,0,19-APR-2021,
OPTSTK,COFORGE,27-May-2021,3500,CE,0,0,0,69.1,114.3,0,0,0,0,19-APR-2021,
OPTSTK,COFORGE,27-May-2021,3550,CE,0,0,0,63.6,102.4,0,0,0,0,19-APR-2021,
OPTSTK,COFORGE,27-May-2021,3600,CE,0,0,0,58.5,91.65,0,0,0,0,19-APR-2021,
OPTSTK,COFORGE,27-May-2021,3650,CE,0,0,0,54.5,81.7,0,0,0,0,19-APR-2021,
OPTSTK,COFORGE,27-May-2021,3700,CE,0,0,0,56.05,72.8,0,0,0,0,19-APR-2021,
OPTSTK,COFORGE,27-May-2021,3750,CE,0,0,0,62,64.8,0,0,0,0,19-APR-2021,
OPTSTK,COFORGE,27-May-2021,1600,PE,0,0,0,17.65,0.05,0,0,0,0,19-APR-2021,
OPTSTK,COFORGE,27-May-2021,1650,PE,0,0,0,22.45,0.1,0,0,0,0,19-APR-2021,
OPTSTK,COFORGE,27-May-2021,1700,PE,0,0,0,28.1,0.15,0,0,0,0,19-APR-2021,
OPTSTK,COFORGE,27-May-2021,1750,PE,0,0,0,34.75,0.25,0,0,0,0,19-APR-2021,
OPTSTK,COFORGE,27-May-2021,1800,PE,0,0,0,42.45,0.4,0,0,0,0,19-APR-2021,
OPTSTK,COFORGE,27-May-2021,1850,PE,0,0,0,51.25,0.6,0,0,0,0,19-APR-2021,
OPTSTK,COFORGE,27-May-2021,1900,PE,0,0,0,61.25,0.95,0,0,0,0,19-APR-2021,
OPTSTK,COFORGE,27-May-2021,1950,PE,0,0,0,72.45,1.4,0,0,0,0,19-APR-2021,
OPTSTK,COFORGE,27-May-2021,2000,PE,0,0,0,85.05,2.1,0,0,0,0,19-APR-2021,
OPTSTK,COFORGE,27-May-2021,2050,PE,0,0,0,98.8,3,0,0,0,0,19-APR-2021,
OPTSTK,COFORGE,27-May-2021,2100,PE,0,0,0,113.95,4.2,0,0,0,0,19-APR-2021,
OPTSTK,COFORGE,27-May-2021,2150,PE,0,0,0,130.5,5.85,0,0,0,0,19-APR-2021,
OPTSTK,COFORGE,27-May-2021,2200,PE,0,0,0,148.3,7.95,0,0,0,0,19-APR-2021,
OPTSTK,COFORGE,27-May-2021,2250,PE,0,0,0,167.65,10.6,0,0,0,0,19-APR-2021,
OPTSTK,COFORGE,27-May-2021,2300,PE,0,0,0,188.35,13.9,0,0,0,0,19-APR-2021,
OPTSTK,COFORGE,27-May-2021,2350,PE,0,0,0,210.45,18,0,0,0,0,19-APR-2021,
OPTSTK,COFORGE,27-May-2021,2400,PE,0,0,0,233.9,22.95,0,0,0,0,19-APR-2021,
OPTSTK,COFORGE,27-May-2021,2450,PE,0,0,0,258.7,28.9,0,0,0,0,19-APR-2021,
OPTSTK,COFORGE,27-May-2021,2500,PE,0,0,0,284.85,35.9,0,0,0,0,19-APR-2021,
OPTSTK,COFORGE,27-May-2021,2550,PE,0,0,0,312.2,44.1,0,0,0,0,19-APR-2021,
OPTSTK,COFORGE,27-May-2021,2600,PE,0,0,0,340.85,53.55,0,0,0,0,19-APR-2021,
OPTSTK,COFORGE,27-May-2021,2650,PE,0,0,0,370.7,64.4,0,0,0,0,19-APR-2021,
OPTSTK,COFORGE,27-May-2021,2700,PE,0,0,0,401.7,76.75,0,0,0,0,19-APR-2021,
OPTSTK,COFORGE,27-May-2021,2750,PE,0,0,0,433.85,90.55,0,0,0,0,19-APR-2021,
OPTSTK,COFORGE,27-May-2021,2800,PE,0,0,0,467.05,105.75,0,0,0,0,19-APR-2021,
OPTSTK,COFORGE,27-May-2021,2850,PE,0,0,0,501.3,122.75,0,0,0,0,19-APR-2021,
OPTSTK,COFORGE,27-May-2021,2900,PE,0,0,0,536.5,141.4,0,0,0,0,19-APR-2021,
OPTSTK,COFORGE,27-May-2021,2950,PE,0,0,0,572.65,161.7,0,0,0,0,19-APR-2021,
OPTSTK,COFORGE,27-May-2021,3000,PE,0,0,0,609.85,183.65,0,0,0,0,19-APR-2021,
OPTSTK,COFORGE,27-May-2021,3050,PE,0,0,0,647.75,207.3,0,0,0,0,19-APR-2021,
OPTSTK,COFORGE,27-May-2021,3100,PE,0,0,0,686.5,232.6,0,0,0,0,19-APR-2021,
OPTSTK,COFORGE,27-May-2021,3150,PE,0,0,0,725.95,259.5,0,0,0,0,19-APR-2021,
OPTSTK,COFORGE,27-May-2021,3200,PE,0,0,0,766.1,287.95,0,0,0,0,19-APR-2021,
OPTSTK,COFORGE,27-May-2021,3250,PE,0,0,0,806.95,318,0,0,0,0,19-APR-2021,
OPTSTK,COFORGE,27-May-2021,3300,PE,0,0,0,848.3,349.45,0,0,0,0,19-APR-2021,
OPTSTK,COFORGE,27-May-2021,3350,PE,0,0,0,890.35,382.35,0,0,0,0,19-APR-2021,
OPTSTK,COFORGE,27-May-2021,3400,PE,0,0,0,932.95,416.65,0,0,0,0,19-APR-2021,
OPTSTK,COFORGE,27-May-2021,3450,PE,0,0,0,976.05,452.2,0,0,0,0,19-APR-2021,
OPTSTK,COFORGE,27-May-2021,3500,PE,0,0,0,1019.6,489.1,0,0,0,0,19-APR-2021,
OPTSTK,COFORGE,27-May-2021,3550,PE,0,0,0,1063.65,527.05,0,0,0,0,19-APR-2021,
OPTSTK,COFORGE,27-May-2021,3600,PE,0,0,0,1108.1,566.05,0,0,0,0,19-APR-2021,
OPTSTK,COFORGE,27-May-2021,3650,PE,0,0,0,1129.65,605.95,0,0,0,0,19-APR-2021,
OPTSTK,COFORGE,27-May-2021,3700,PE,0,0,0,1122.3,646.85,0,0,0,0,19-APR-2021,
OPTSTK,COFORGE,27-May-2021,3750,PE,0,0,0,1105,688.6,0,0,0,0,19-APR-2021,
OPTSTK,COFORGE,24-Jun-2021,1600,CE,0,0,0,1174.95,1523.3,0,0,0,0,19-APR-2021,
OPTSTK,COFORGE,24-Jun-2021,1650,CE,0,0,0,1128.05,1474.05,0,0,0,0,19-APR-2021,
OPTSTK,COFORGE,24-Jun-2021,1700,CE,0,0,0,1081.75,1424.95,0,0,0,0,19-APR-2021,
OPTSTK,COFORGE,24-Jun-2021,1750,CE,0,0,0,1036.15,1376.1,0,0,0,0,19-APR-2021,
OPTSTK,COFORGE,24-Jun-2021,1800,CE,0,0,0,991.2,1327.45,0,0,0,0,19-APR-2021,
OPTSTK,COFORGE,24-Jun-2021,1850,CE,0,0,0,947.1,1279.05,0,0,0,0,19-APR-2021,
OPTSTK,COFORGE,24-Jun-2021,1900,CE,0,0,0,903.85,1231.05,0,0,0,0,19-APR-2021,
OPTSTK,COFORGE,24-Jun-2021,1950,CE,0,0,0,861.55,1183.45,0,0,0,0,19-APR-2021,
OPTSTK,COFORGE,24-Jun-2021,2000,CE,0,0,0,820.2,1136.3,0,0,0,0,19-APR-2021,
OPTSTK,COFORGE,24-Jun-2021,2050,CE,0,0,0,779.95,1089.7,0,0,0,0,19-APR-2021,
OPTSTK,COFORGE,24-Jun-2021,2100,CE,0,0,0,740.8,1043.7,0,0,0,0,19-APR-2021,
OPTSTK,COFORGE,24-Jun-2021,2150,CE,0,0,0,702.8,998.4,0,0,0,0,19-APR-2021,
OPTSTK,COFORGE,24-Jun-2021,2200,CE,0,0,0,666.05,953.8,0,0,0,0,19-APR-2021,
OPTSTK,COFORGE,24-Jun-2021,2250,CE,0,0,0,630.4,910.05,0,0,0,0,19-APR-2021,
OPTSTK,COFORGE,24-Jun-2021,2300,CE,0,0,0,596.05,867.2,0,0,0,0,19-APR-2021,
OPTSTK,COFORGE,24-Jun-2021,2350,CE,0,0,0,562.95,825.25,0,0,0,0,19-APR-2021,
OPTSTK,COFORGE,24-Jun-2021,2400,CE,0,0,0,531,784.35,0,0,0,0,19-APR-2021,
OPTSTK,COFORGE,24-Jun-2021,2450,CE,0,0,0,500.5,744.45,0,0,0,0,19-APR-2021,
OPTSTK,COFORGE,24-Jun-2021,2500,CE,0,0,0,471.25,705.7,0,0,0,0,19-APR-2021,
OPTSTK,COFORGE,24-Jun-2021,2550,CE,0,0,0,443.3,668.2,0,0,0,0,19-APR-2021,
OPTSTK,COFORGE,24-Jun-2021,2600,CE,0,0,0,416.6,631.75,0,0,0,0,19-APR-2021,
OPTSTK,COFORGE,24-Jun-2021,2650,CE,0,0,0,391.2,596.55,0,0,0,0,19-APR-2021,
OPTSTK,COFORGE,24-Jun-2021,2700,CE,0,0,0,366.95,562.65,0,0,0,0,19-APR-2021,
OPTSTK,COFORGE,24-Jun-2021,2750,CE,0,0,0,343.95,529.85,0,0,0,0,19-APR-2021,
OPTSTK,COFORGE,24-Jun-2021,2800,CE,0,0,0,322.1,498.5,0,0,0,0,19-APR-2021,
OPTSTK,COFORGE,24-Jun-2021,2850,CE,0,0,0,301.45,468.45,0,0,0,0,19-APR-2021,
OPTSTK,COFORGE,24-Jun-2021,2900,CE,0,0,0,281.85,439.7,0,0,0,0,19-APR-2021,
OPTSTK,COFORGE,24-Jun-2021,2950,CE,0,0,0,263.35,412.25,0,0,0,0,19-APR-2021,
OPTSTK,COFORGE,24-Jun-2021,3000,CE,0,0,0,245.9,386.1,0,0,0,0,19-APR-2021,
OPTSTK,COFORGE,24-Jun-2021,3050,CE,0,0,0,229.4,361.15,0,0,0,0,19-APR-2021,
OPTSTK,COFORGE,24-Jun-2021,3100,CE,0,0,0,213.9,337.5,0,0,0,0,19-APR-2021,
OPTSTK,COFORGE,24-Jun-2021,3150,CE,0,0,0,199.3,315.05,0,0,0,0,19-APR-2021,
OPTSTK,COFORGE,24-Jun-2021,3200,CE,0,0,0,185.6,293.8,0,0,0,0,19-APR-2021,
OPTSTK,COFORGE,24-Jun-2021,3250,CE,0,0,0,172.9,273.7,0,0,0,0,19-APR-2021,
OPTSTK,COFORGE,24-Jun-2021,3300,CE,0,0,0,160.85,254.75,0,0,0,0,19-APR-2021,
OPTSTK,COFORGE,24-Jun-2021,3350,CE,0,0,0,149.55,236.85,0,0,0,0,19-APR-2021,
OPTSTK,COFORGE,24-Jun-2021,3400,CE,0,0,0,139,220.05,0,0,0,0,19-APR-2021,
OPTSTK,COFORGE,24-Jun-2021,3450,CE,0,0,0,129.15,204.25,0,0,0,0,19-APR-2021,
OPTSTK,COFORGE,24-Jun-2021,3500,CE,0,0,0,119.95,189.4,0,0,0,0,19-APR-2021,
OPTSTK,COFORGE,24-Jun-2021,3550,CE,0,0,0,111.3,175.5,0,0,0,0,19-APR-2021,
OPTSTK,COFORGE,24-Jun-2021,3600,CE,0,0,0,103.15,162.65,0,0,0,0,19-APR-2021,
OPTSTK,COFORGE,24-Jun-2021,3650,CE,0,0,0,95.65,150.5,0,0,0,0,19-APR-2021,
OPTSTK,COFORGE,24-Jun-2021,3700,CE,0,0,0,88.65,139.15,0,0,0,0,19-APR-2021,
OPTSTK,COFORGE,24-Jun-2021,3750,CE,0,0,0,82.15,128.6,0,0,0,0,19-APR-2021,
OPTSTK,COFORGE,24-Jun-2021,1600,PE,0,0,0,8.65,0.95,0,0,0,0,19-APR-2021,
OPTSTK,COFORGE,24-Jun-2021,1650,PE,0,0,0,11.3,1.35,0,0,0,0,19-APR-2021,
OPTSTK,COFORGE,24-Jun-2021,1700,PE,0,0,0,14.55,1.95,0,0,0,0,19-APR-2021,
OPTSTK,COFORGE,24-Jun-2021,1750,PE,0,0,0,18.45,2.7,0,0,0,0,19-APR-2021,
OPTSTK,COFORGE,24-Jun-2021,1800,PE,0,0,0,23.05,3.7,0,0,0,0,19-APR-2021,
OPTSTK,COFORGE,24-Jun-2021,1850,PE,0,0,0,28.5,5,0,0,0,0,19-APR-2021,
OPTSTK,COFORGE,24-Jun-2021,1900,PE,0,0,0,34.75,6.65,0,0,0,0,19-APR-2021,
OPTSTK,COFORGE,24-Jun-2021,1950,PE,0,0,0,42,8.7,0,0,0,0,19-APR-2021,
OPTSTK,COFORGE,24-Jun-2021,2000,PE,0,0,0,50.2,11.25,0,0,0,0,19-APR-2021,
OPTSTK,COFORGE,24-Jun-2021,2050,PE,0,0,0,59.5,14.3,0,0,0,0,19-APR-2021,
OPTSTK,COFORGE,24-Jun-2021,2100,PE,0,0,0,69.85,17.95,0,0,0,0,19-APR-2021,
OPTSTK,COFORGE,24-Jun-2021,2150,PE,0,0,0,81.4,22.3,0,0,0,0,19-APR-2021,
OPTSTK,COFORGE,24-Jun-2021,2200,PE,0,0,0,94.15,27.4,0,0,0,0,19-APR-2021,
OPTSTK,COFORGE,24-Jun-2021,2250,PE,0,0,0,108.1,33.3,0,0,0,0,19-APR-2021,
OPTSTK,COFORGE,24-Jun-2021,2300,PE,0,0,0,123.25,40.1,0,0,0,0,19-APR-2021,
OPTSTK,COFORGE,24-Jun-2021,2350,PE,0,0,0,139.65,47.85,0,0,0,0,19-APR-2021,
OPTSTK,COFORGE,24-Jun-2021,2400,PE,0,0,0,157.3,56.55,0,0,0,0,19-APR-2021,
OPTSTK,COFORGE,24-Jun-2021,2450,PE,0,0,0,176.3,66.35,0,0,0,0,19-APR-2021,
OPTSTK,COFORGE,24-Jun-2021,2500,PE,0,0,0,196.6,77.25,0,0,0,0,19-APR-2021,
OPTSTK,COFORGE,24-Jun-2021,2550,PE,0,0,0,218.2,89.4,0,0,0,0,19-APR-2021,
OPTSTK,COFORGE,24-Jun-2021,2600,PE,0,0,0,241.05,102.65,0,0,0,0,19-APR-2021,
OPTSTK,COFORGE,24-Jun-2021,2650,PE,0,0,0,265.15,117.1,0,0,0,0,19-APR-2021,
OPTSTK,COFORGE,24-Jun-2021,2700,PE,0,0,0,290.45,132.85,0,0,0,0,19-APR-2021,
OPTSTK,COFORGE,24-Jun-2021,2750,PE,0,0,0,316.95,149.7,0,0,0,0,19-APR-2021,
OPTSTK,COFORGE,24-Jun-2021,2800,PE,0,0,0,344.65,168.05,0,0,0,0,19-APR-2021,
OPTSTK,COFORGE,24-Jun-2021,2850,PE,0,0,0,373.5,187.65,0,0,0,0,19-APR-2021,
OPTSTK,COFORGE,24-Jun-2021,2900,PE,0,0,0,403.45,208.55,0,0,0,0,19-APR-2021,
OPTSTK,COFORGE,24-Jun-2021,2950,PE,0,0,0,434.5,230.75,0,0,0,0,19-APR-2021,
OPTSTK,COFORGE,24-Jun-2021,3000,PE,0,0,0,466.55,254.25,0,0,0,0,19-APR-2021,
OPTSTK,COFORGE,24-Jun-2021,3050,PE,0,0,0,499.65,279,0,0,0,0,19-APR-2021,
OPTSTK,COFORGE,24-Jun-2021,3100,PE,0,0,0,533.65,305,0,0,0,0,19-APR-2021,
OPTSTK,COFORGE,24-Jun-2021,3150,PE,0,0,0,568.6,332.2,0,0,0,0,19-APR-2021,
OPTSTK,COFORGE,24-Jun-2021,3200,PE,0,0,0,604.45,360.65,0,0,0,0,19-APR-2021,
OPTSTK,COFORGE,24-Jun-2021,3250,PE,0,0,0,641.25,390.2,0,0,0,0,19-APR-2021,
OPTSTK,COFORGE,24-Jun-2021,3300,PE,0,0,0,678.75,420.9,0,0,0,0,19-APR-2021,
OPTSTK,COFORGE,24-Jun-2021,3350,PE,0,0,0,717,452.7,0,0,0,0,19-APR-2021,
OPTSTK,COFORGE,24-Jun-2021,3400,PE,0,0,0,756,485.55,0,0,0,0,19-APR-2021,
OPTSTK,COFORGE,24-Jun-2021,3450,PE,0,0,0,795.65,519.4,0,0,0,0,19-APR-2021,
OPTSTK,COFORGE,24-Jun-2021,3500,PE,0,0,0,835.95,554.2,0,0,0,0,19-APR-2021,
OPTSTK,COFORGE,24-Jun-2021,3550,PE,0,0,0,876.9,589.95,0,0,0,0,19-APR-2021,
OPTSTK,COFORGE,24-Jun-2021,3600,PE,0,0,0,918.25,626.75,0,0,0,0,19-APR-2021,
OPTSTK,COFORGE,24-Jun-2021,3650,PE,0,0,0,960.3,664.3,0,0,0,0,19-APR-2021,
OPTSTK,COFORGE,24-Jun-2021,3700,PE,0,0,0,1002.8,702.6,0,0,0,0,19-APR-2021,
OPTSTK,COFORGE,24-Jun-2021,3750,PE,0,0,0,1045.85,741.7,0,0,0,0,19-APR-2021,
OPTSTK,COLPAL,29-Apr-2021,1060,CE,0,0,0,515.05,477.05,0,0,0,0,19-APR-2021,
OPTSTK,COLPAL,29-Apr-2021,1080,CE,0,0,0,495.6,457.1,0,0,0,0,19-APR-2021,
OPTSTK,COLPAL,29-Apr-2021,1100,CE,0,0,0,476.25,437.1,0,0,0,0,19-APR-2021,
OPTSTK,COLPAL,29-Apr-2021,1120,CE,0,0,0,457.05,417.15,0,0,0,0,19-APR-2021,
OPTSTK,COLPAL,29-Apr-2021,1140,CE,0,0,0,438,397.15,0,0,0,0,19-APR-2021,
OPTSTK,COLPAL,29-Apr-2021,1160,CE,0,0,0,419.15,377.15,0,0,0,0,19-APR-2021,
OPTSTK,COLPAL,29-Apr-2021,1180,CE,0,0,0,400.45,357.2,0,0,0,0,19-APR-2021,
OPTSTK,COLPAL,29-Apr-2021,1200,CE,0,0,0,382,337.2,0,0,0,0,19-APR-2021,
OPTSTK,COLPAL,29-Apr-2021,1220,CE,0,0,0,363.8,317.25,0,0,0,0,19-APR-2021,
OPTSTK,COLPAL,29-Apr-2021,1240,CE,0,0,0,345.9,297.25,0,0,0,0,19-APR-2021,
OPTSTK,COLPAL,29-Apr-2021,1260,CE,0,0,0,328.35,277.3,0,0,0,0,19-APR-2021,
OPTSTK,COLPAL,29-Apr-2021,1280,CE,0,0,0,311.15,257.3,0,0,0,0,19-APR-2021,
OPTSTK,COLPAL,29-Apr-2021,1300,CE,0,0,0,294.3,237.35,0,0,0,0,19-APR-2021,
OPTSTK,COLPAL,29-Apr-2021,1320,CE,0,0,0,277.85,217.4,0,0,0,0,19-APR-2021,
OPTSTK,COLPAL,29-Apr-2021,1340,CE,0,0,0,261.9,197.5,0,0,0,0,19-APR-2021,
OPTSTK,COLPAL,29-Apr-2021,1360,CE,0,0,0,246.4,177.75,0,0,0,0,19-APR-2021,
OPTSTK,COLPAL,29-Apr-2021,1380,CE,0,0,0,231.4,158.15,0,0,0,0,19-APR-2021,
OPTSTK,COLPAL,29-Apr-2021,1400,CE,0,0,0,216.9,138.85,0,0,0,0,19-APR-2021,
OPTSTK,COLPAL,29-Apr-2021,1420,CE,0,0,0,202.9,120.1,0,0,0,0,19-APR-2021,
OPTSTK,COLPAL,29-Apr-2021,1440,CE,0,0,0,189.4,102.1,0,0,0,0,19-APR-2021,
OPTSTK,COLPAL,29-Apr-2021,1460,CE,0,0,0,176.5,85.15,0,0,0,0,19-APR-2021,
OPTSTK,COLPAL,29-Apr-2021,1480,CE,0,0,0,164.2,69.45,0,0,0,0,19-APR-2021,
OPTSTK,COLPAL,29-Apr-2021,1500,CE,63.95,66,51,51,55.35,9,98.33,17500,700,19-APR-2021,
OPTSTK,COLPAL,29-Apr-2021,1520,CE,0,0,0,141.3,43,0,0,0,0,19-APR-2021,
OPTSTK,COLPAL,29-Apr-2021,1540,CE,27.95,28.75,27.9,28.7,28.7,6,65.87,18900,2800,19-APR-2021,
OPTSTK,COLPAL,29-Apr-2021,1560,CE,19.25,27.75,16.15,16.25,16.25,19,210.11,19600,2100,19-APR-2021,
OPTSTK,COLPAL,29-Apr-2021,1580,CE,13.05,25.55,11,11,11,37,413.28,22400,2100,19-APR-2021,
OPTSTK,COLPAL,29-Apr-2021,1600,CE,11.95,17.15,7.9,8.3,8.3,414,4673.58,131600,21700,19-APR-2021,
OPTSTK,COLPAL,29-Apr-2021,1620,CE,9.55,11.25,6,6.3,7.95,25,285,30800,-2100,19-APR-2021,
OPTSTK,COLPAL,29-Apr-2021,1640,CE,2.1,8,1.25,4.6,5.2,41,472.05,34300,-9800,19-APR-2021,
OPTSTK,COLPAL,29-Apr-2021,1660,CE,2.1,3,2.1,3,3.3,3,34.91,23800,700,19-APR-2021,
OPTSTK,COLPAL,29-Apr-2021,1680,CE,4.85,4.85,4.85,4.85,2,1,11.79,0,-700,19-APR-2021,
OPTSTK,COLPAL,29-Apr-2021,1700,CE,1.5,2.8,1.5,1.55,1.55,21,250.14,116200,-4900,19-APR-2021,
OPTSTK,COLPAL,29-Apr-2021,1720,CE,0,0,0,1.15,0.7,0,0,1400,0,19-APR-2021,
OPTSTK,COLPAL,29-Apr-2021,1740,CE,0,0,0,54.45,0.4,0,0,0,0,19-APR-2021,
OPTSTK,COLPAL,29-Apr-2021,1760,CE,0,0,0,49.55,0.25,0,0,0,0,19-APR-2021,
OPTSTK,COLPAL,29-Apr-2021,1780,CE,0,0,0,44.9,0.15,0,0,0,0,19-APR-2021,
OPTSTK,COLPAL,29-Apr-2021,1800,CE,0.2,0.2,0.2,0.2,0.1,3,37.8,3500,0,19-APR-2021,
OPTSTK,COLPAL,29-Apr-2021,1820,CE,0,0,0,36.7,0.05,0,0,0,0,19-APR-2021,
OPTSTK,COLPAL,29-Apr-2021,1840,CE,0,0,0,33.15,0.05,0,0,0,0,19-APR-2021,
OPTSTK,COLPAL,29-Apr-2021,1860,CE,0,0,0,29.85,0.05,0,0,0,0,19-APR-2021,
OPTSTK,COLPAL,29-Apr-2021,1880,CE,0,0,0,26.85,0,0,0,0,0,19-APR-2021,
OPTSTK,COLPAL,29-Apr-2021,1900,CE,0,0,0,24.15,0,0,0,0,0,19-APR-2021,
OPTSTK,COLPAL,29-Apr-2021,1920,CE,0,0,0,21.65,0,0,0,0,0,19-APR-2021,
OPTSTK,COLPAL,29-Apr-2021,1940,CE,0,0,0,19.4,0,0,0,0,0,19-APR-2021,
OPTSTK,COLPAL,29-Apr-2021,1960,CE,0,0,0,17.4,0,0,0,0,0,19-APR-2021,
OPTSTK,COLPAL,29-Apr-2021,1060,PE,0,0,0,1.1,0,0,0,0,0,19-APR-2021,
OPTSTK,COLPAL,29-Apr-2021,1080,PE,0,0,0,1.45,0,0,0,0,0,19-APR-2021,
OPTSTK,COLPAL,29-Apr-2021,1100,PE,0,0,0,1.95,0,0,0,0,0,19-APR-2021,
OPTSTK,COLPAL,29-Apr-2021,1120,PE,0,0,0,2.55,0,0,0,0,0,19-APR-2021,
OPTSTK,COLPAL,29-Apr-2021,1140,PE,0,0,0,3.3,0,0,0,0,0,19-APR-2021,
OPTSTK,COLPAL,29-Apr-2021,1160,PE,0,0,0,4.25,0,0,0,0,0,19-APR-2021,
OPTSTK,COLPAL,29-Apr-2021,1180,PE,0,0,0,5.4,0,0,0,0,0,19-APR-2021,
OPTSTK,COLPAL,29-Apr-2021,1200,PE,0,0,0,6.75,0,0,0,0,0,19-APR-2021,
OPTSTK,COLPAL,29-Apr-2021,1220,PE,0,0,0,8.4,0,0,0,0,0,19-APR-2021,
OPTSTK,COLPAL,29-Apr-2021,1240,PE,0,0,0,10.3,0,0,0,0,0,19-APR-2021,
OPTSTK,COLPAL,29-Apr-2021,1260,PE,0,0,0,12.55,0,0,0,0,0,19-APR-2021,
OPTSTK,COLPAL,29-Apr-2021,1280,PE,0,0,0,15.15,0.05,0,0,0,0,19-APR-2021,
OPTSTK,COLPAL,29-Apr-2021,1300,PE,0,0,0,18.1,0.05,0,0,0,0,19-APR-2021,
OPTSTK,COLPAL,29-Apr-2021,1320,PE,0,0,0,21.5,0.1,0,0,0,0,19-APR-2021,
OPTSTK,COLPAL,29-Apr-2021,1340,PE,0,0,0,25.35,0.2,0,0,0,0,19-APR-2021,
OPTSTK,COLPAL,29-Apr-2021,1360,PE,0,0,0,29.65,0.4,0,0,0,0,19-APR-2021,
OPTSTK,COLPAL,29-Apr-2021,1380,PE,0,0,0,34.5,0.75,0,0,0,0,19-APR-2021,
OPTSTK,COLPAL,29-Apr-2021,1400,PE,1,2.6,1,2.4,2.4,11,107.94,19600,4200,19-APR-2021,
OPTSTK,COLPAL,29-Apr-2021,1420,PE,0,0,0,45.6,2.7,0,0,0,0,19-APR-2021,
OPTSTK,COLPAL,29-Apr-2021,1440,PE,0,0,0,7,4.7,0,0,2100,0,19-APR-2021,
OPTSTK,COLPAL,29-Apr-2021,1460,PE,0,0,0,8.85,7.7,0,0,700,0,19-APR-2021,
OPTSTK,COLPAL,29-Apr-2021,1480,PE,0,0,0,2.95,12,0,0,13300,0,19-APR-2021,
OPTSTK,COLPAL,29-Apr-2021,1500,PE,9.65,10,5,9.75,9.75,84,886.58,82600,-700,19-APR-2021,
OPTSTK,COLPAL,29-Apr-2021,1520,PE,24.6,24.6,6.4,15.5,15.5,70,751.04,25200,9800,19-APR-2021,
OPTSTK,COLPAL,29-Apr-2021,1540,PE,13.9,26.9,13.9,24.6,24.6,13,142.27,8400,4900,19-APR-2021,
OPTSTK,COLPAL,29-Apr-2021,1560,PE,20.75,41.15,18.6,41.15,46.35,16,177.74,19600,-700,19-APR-2021,
OPTSTK,COLPAL,29-Apr-2021,1580,PE,0,0,0,40.2,59.5,0,0,700,0,19-APR-2021,
OPTSTK,COLPAL,29-Apr-2021,1600,PE,0,0,0,59.7,74.25,0,0,7700,0,19-APR-2021,
OPTSTK,COLPAL,29-Apr-2021,1620,PE,0,0,0,134.9,90.35,0,0,0,0,19-APR-2021,
OPTSTK,COLPAL,29-Apr-2021,1640,PE,0,0,0,146.9,107.55,0,0,0,0,19-APR-2021,
OPTSTK,COLPAL,29-Apr-2021,1660,PE,0,0,0,159.4,125.65,0,0,0,0,19-APR-2021,
OPTSTK,COLPAL,29-Apr-2021,1680,PE,0,0,0,172.4,144.35,0,0,0,0,19-APR-2021,
OPTSTK,COLPAL,29-Apr-2021,1700,PE,0,0,0,185.9,163.5,0,0,0,0,19-APR-2021,
OPTSTK,COLPAL,29-Apr-2021,1720,PE,0,0,0,199.85,183,0,0,0,0,19-APR-2021,
OPTSTK,COLPAL,29-Apr-2021,1740,PE,0,0,0,214.2,202.65,0,0,0,0,19-APR-2021,
OPTSTK,COLPAL,29-Apr-2021,1760,PE,0,0,0,229.1,222.5,0,0,0,0,19-APR-2021,
OPTSTK,COLPAL,29-Apr-2021,1780,PE,0,0,0,244.3,242.35,0,0,0,0,19-APR-2021,
OPTSTK,COLPAL,29-Apr-2021,1800,PE,0,0,0,259.85,262.3,0,0,0,0,19-APR-2021,
OPTSTK,COLPAL,29-Apr-2021,1820,PE,0,0,0,275.7,282.25,0,0,0,0,19-APR-2021,
OPTSTK,COLPAL,29-Apr-2021,1840,PE,0,0,0,291.95,302.2,0,0,0,0,19-APR-2021,
OPTSTK,COLPAL,29-Apr-2021,1860,PE,0,0,0,308.5,322.2,0,0,0,0,19-APR-2021,
OPTSTK,COLPAL,29-Apr-2021,1880,PE,0,0,0,325.3,342.15,0,0,0,0,19-APR-2021,
OPTSTK,COLPAL,29-Apr-2021,1900,PE,0,0,0,342.4,362.15,0,0,0,0,19-APR-2021,
OPTSTK,COLPAL,29-Apr-2021,1920,PE,0,0,0,359.75,382.1,0,0,0,0,19-APR-2021,
OPTSTK,COLPAL,29-Apr-2021,1940,PE,0,0,0,377.3,402.1,0,0,0,0,19-APR-2021,
OPTSTK,COLPAL,29-Apr-2021,1960,PE,0,0,0,395.1,422.05,0,0,0,0,19-APR-2021,
OPTSTK,COLPAL,27-May-2021,1060,CE,0,0,0,521.55,480.15,0,0,0,0,19-APR-2021,
OPTSTK,COLPAL,27-May-2021,1080,CE,0,0,0,502.05,460.25,0,0,0,0,19-APR-2021,
OPTSTK,COLPAL,27-May-2021,1100,CE,0,0,0,482.6,440.35,0,0,0,0,19-APR-2021,
OPTSTK,COLPAL,27-May-2021,1120,CE,0,0,0,463.25,420.45,0,0,0,0,19-APR-2021,
OPTSTK,COLPAL,27-May-2021,1140,CE,0,0,0,444.05,400.55,0,0,0,0,19-APR-2021,
OPTSTK,COLPAL,27-May-2021,1160,CE,0,0,0,425.05,380.7,0,0,0,0,19-APR-2021,
OPTSTK,COLPAL,27-May-2021,1180,CE,0,0,0,406.15,360.9,0,0,0,0,19-APR-2021,
OPTSTK,COLPAL,27-May-2021,1200,CE,0,0,0,387.5,341.15,0,0,0,0,19-APR-2021,
OPTSTK,COLPAL,27-May-2021,1220,CE,0,0,0,369.1,321.5,0,0,0,0,19-APR-2021,
OPTSTK,COLPAL,27-May-2021,1240,CE,0,0,0,350.95,302,0,0,0,0,19-APR-2021,
OPTSTK,COLPAL,27-May-2021,1260,CE,0,0,0,333.15,282.65,0,0,0,0,19-APR-2021,
OPTSTK,COLPAL,27-May-2021,1280,CE,0,0,0,315.65,263.5,0,0,0,0,19-APR-2021,
OPTSTK,COLPAL,27-May-2021,1300,CE,0,0,0,298.5,244.65,0,0,0,0,19-APR-2021,
OPTSTK,COLPAL,27-May-2021,1320,CE,0,0,0,281.75,226.15,0,0,0,0,19-APR-2021,
OPTSTK,COLPAL,27-May-2021,1340,CE,0,0,0,265.45,208.1,0,0,0,0,19-APR-2021,
OPTSTK,COLPAL,27-May-2021,1360,CE,0,0,0,249.6,190.5,0,0,0,0,19-APR-2021,
OPTSTK,COLPAL,27-May-2021,1380,CE,0,0,0,234.25,173.55,0,0,0,0,19-APR-2021,
OPTSTK,COLPAL,27-May-2021,1400,CE,0,0,0,219.45,157.2,0,0,0,0,19-APR-2021,
OPTSTK,COLPAL,27-May-2021,1420,CE,0,0,0,205.15,141.6,0,0,0,0,19-APR-2021,
OPTSTK,COLPAL,27-May-2021,1440,CE,0,0,0,191.3,126.85,0,0,0,0,19-APR-2021,
OPTSTK,COLPAL,27-May-2021,1460,CE,0,0,0,178.1,112.9,0,0,0,0,19-APR-2021,
OPTSTK,COLPAL,27-May-2021,1480,CE,0,0,0,165.5,99.85,0,0,0,0,19-APR-2021,
OPTSTK,COLPAL,27-May-2021,1500,CE,0,0,0,153.45,87.8,0,0,0,0,19-APR-2021,
OPTSTK,COLPAL,27-May-2021,1520,CE,0,0,0,142,76.75,0,0,0,0,19-APR-2021,
OPTSTK,COLPAL,27-May-2021,1540,CE,0,0,0,131.15,66.6,0,0,0,0,19-APR-2021,
OPTSTK,COLPAL,27-May-2021,1560,CE,0,0,0,120.9,57.45,0,0,0,0,19-APR-2021,
OPTSTK,COLPAL,27-May-2021,1580,CE,0,0,0,111.2,49.25,0,0,0,0,19-APR-2021,
OPTSTK,COLPAL,27-May-2021,1600,CE,0,0,0,102.1,41.9,0,0,0,0,19-APR-2021,
OPTSTK,COLPAL,27-May-2021,1620,CE,0,0,0,93.6,35.45,0,0,0,0,19-APR-2021,
OPTSTK,COLPAL,27-May-2021,1640,CE,0,0,0,85.6,29.8,0,0,0,0,19-APR-2021,
OPTSTK,COLPAL,27-May-2021,1660,CE,0,0,0,78.15,25,0,0,0,0,19-APR-2021,
OPTSTK,COLPAL,27-May-2021,1680,CE,0,0,0,71.2,20.7,0,0,0,0,19-APR-2021,
OPTSTK,COLPAL,27-May-2021,1700,CE,0,0,0,9.6,17.05,0,0,1400,0,19-APR-2021,
OPTSTK,COLPAL,27-May-2021,1720,CE,0,0,0,58.8,14,0,0,0,0,19-APR-2021,
OPTSTK,COLPAL,27-May-2021,1740,CE,0,0,0,53.3,11.4,0,0,0,0,19-APR-2021,
OPTSTK,COLPAL,27-May-2021,1760,CE,0,0,0,48.3,9.25,0,0,0,0,19-APR-2021,
OPTSTK,COLPAL,27-May-2021,1780,CE,0,0,0,43.65,7.45,0,0,0,0,19-APR-2021,
OPTSTK,COLPAL,27-May-2021,1800,CE,0,0,0,39.4,5.95,0,0,0,0,19-APR-2021,
OPTSTK,COLPAL,27-May-2021,1820,CE,0,0,0,35.45,4.75,0,0,0,0,19-APR-2021,
OPTSTK,COLPAL,27-May-2021,1840,CE,0,0,0,31.85,3.75,0,0,0,0,19-APR-2021,
OPTSTK,COLPAL,27-May-2021,1860,CE,0,0,0,28.6,2.95,0,0,0,0,19-APR-2021,
OPTSTK,COLPAL,27-May-2021,1880,CE,0,0,0,25.6,2.3,0,0,0,0,19-APR-2021,
OPTSTK,COLPAL,27-May-2021,1900,CE,0,0,0,22.9,1.8,0,0,0,0,19-APR-2021,
OPTSTK,COLPAL,27-May-2021,1920,CE,0,0,0,20.5,1.4,0,0,0,0,19-APR-2021,
OPTSTK,COLPAL,27-May-2021,1940,CE,0,0,0,18.3,1.1,0,0,0,0,19-APR-2021,
OPTSTK,COLPAL,27-May-2021,1960,CE,0,0,0,16.3,0.85,0,0,0,0,19-APR-2021,
OPTSTK,COLPAL,27-May-2021,1060,PE,0,0,0,0.8,0.05,0,0,0,0,19-APR-2021,
OPTSTK,COLPAL,27-May-2021,1080,PE,0,0,0,1.1,0.05,0,0,0,0,19-APR-2021,
OPTSTK,COLPAL,27-May-2021,1100,PE,0,0,0,1.45,0.05,0,0,0,0,19-APR-2021,
OPTSTK,COLPAL,27-May-2021,1120,PE,0,0,0,1.95,0.1,0,0,0,0,19-APR-2021,
OPTSTK,COLPAL,27-May-2021,1140,PE,0,0,0,2.55,0.1,0,0,0,0,19-APR-2021,
OPTSTK,COLPAL,27-May-2021,1160,PE,0,0,0,3.35,0.2,0,0,0,0,19-APR-2021,
OPTSTK,COLPAL,27-May-2021,1180,PE,0,0,0,4.3,0.3,0,0,0,0,19-APR-2021,
OPTSTK,COLPAL,27-May-2021,1200,PE,0,0,0,5.45,0.5,0,0,0,0,19-APR-2021,
OPTSTK,COLPAL,27-May-2021,1220,PE,0,0,0,6.85,0.75,0,0,0,0,19-APR-2021,
OPTSTK,COLPAL,27-May-2021,1240,PE,0,0,0,8.55,1.15,0,0,0,0,19-APR-2021,
OPTSTK,COLPAL,27-May-2021,1260,PE,0,0,0,10.5,1.75,0,0,0,0,19-APR-2021,
OPTSTK,COLPAL,27-May-2021,1280,PE,0,0,0,12.85,2.55,0,0,0,0,19-APR-2021,
OPTSTK,COLPAL,27-May-2021,1300,PE,0,0,0,15.5,3.6,0,0,0,0,19-APR-2021,
OPTSTK,COLPAL,27-May-2021,1320,PE,0,0,0,18.6,5.05,0,0,0,0,19-APR-2021,
OPTSTK,COLPAL,27-May-2021,1340,PE,0,0,0,22.1,6.85,0,0,0,0,19-APR-2021,
OPTSTK,COLPAL,27-May-2021,1360,PE,0,0,0,26.05,9.2,0,0,0,0,19-APR-2021,
OPTSTK,COLPAL,27-May-2021,1380,PE,0,0,0,30.5,12.15,0,0,0,0,19-APR-2021,
OPTSTK,COLPAL,27-May-2021,1400,PE,0,0,0,35.55,15.75,0,0,0,0,19-APR-2021,
OPTSTK,COLPAL,27-May-2021,1420,PE,0,0,0,41,20.05,0,0,0,0,19-APR-2021,
OPTSTK,COLPAL,27-May-2021,1440,PE,0,0,0,47,25.25,0,0,0,0,19-APR-2021,
OPTSTK,COLPAL,27-May-2021,1460,PE,0,0,0,53.6,31.2,0,0,0,0,19-APR-2021,
OPTSTK,COLPAL,27-May-2021,1480,PE,0,0,0,60.8,38.1,0,0,0,0,19-APR-2021,
OPTSTK,COLPAL,27-May-2021,1500,PE,0,0,0,68.6,45.95,0,0,0,0,19-APR-2021,
OPTSTK,COLPAL,27-May-2021,1520,PE,0,0,0,76.95,54.8,0,0,0,0,19-APR-2021,
OPTSTK,COLPAL,27-May-2021,1540,PE,0,0,0,85.95,64.6,0,0,0,0,19-APR-2021,
OPTSTK,COLPAL,27-May-2021,1560,PE,0,0,0,95.5,75.4,0,0,0,0,19-APR-2021,
OPTSTK,COLPAL,27-May-2021,1580,PE,0,0,0,105.6,87.1,0,0,0,0,19-APR-2021,
OPTSTK,COLPAL,27-May-2021,1600,PE,0,0,0,116.35,99.7,0,0,0,0,19-APR-2021,
OPTSTK,COLPAL,27-May-2021,1620,PE,0,0,0,127.6,113.15,0,0,0,0,19-APR-2021,
OPTSTK,COLPAL,27-May-2021,1640,PE,0,0,0,139.45,127.4,0,0,0,0,19-APR-2021,
OPTSTK,COLPAL,27-May-2021,1660,PE,0,0,0,151.8,142.5,0,0,0,0,19-APR-2021,
OPTSTK,COLPAL,27-May-2021,1680,PE,0,0,0,164.7,158.15,0,0,0,0,19-APR-2021,
OPTSTK,COLPAL,27-May-2021,1700,PE,0,0,0,178.05,174.45,0,0,0,0,19-APR-2021,
OPTSTK,COLPAL,27-May-2021,1720,PE,0,0,0,191.9,191.3,0,0,0,0,19-APR-2021,
OPTSTK,COLPAL,27-May-2021,1740,PE,0,0,0,206.2,208.65,0,0,0,0,19-APR-2021,
OPTSTK,COLPAL,27-May-2021,1760,PE,0,0,0,221.05,226.4,0,0,0,0,19-APR-2021,
OPTSTK,COLPAL,27-May-2021,1780,PE,0,0,0,236.2,244.5,0,0,0,0,19-APR-2021,
OPTSTK,COLPAL,27-May-2021,1800,PE,0,0,0,251.75,262.95,0,0,0,0,19-APR-2021,
OPTSTK,COLPAL,27-May-2021,1820,PE,0,0,0,267.6,281.65,0,0,0,0,19-APR-2021,
OPTSTK,COLPAL,27-May-2021,1840,PE,0,0,0,283.85,300.6,0,0,0,0,19-APR-2021,
OPTSTK,COLPAL,27-May-2021,1860,PE,0,0,0,300.4,319.7,0,0,0,0,19-APR-2021,
OPTSTK,COLPAL,27-May-2021,1880,PE,0,0,0,317.2,339,0,0,0,0,19-APR-2021,
OPTSTK,COLPAL,27-May-2021,1900,PE,0,0,0,334.35,358.4,0,0,0,0,19-APR-2021,
OPTSTK,COLPAL,27-May-2021,1920,PE,0,0,0,351.7,377.9,0,0,0,0,19-APR-2021,
OPTSTK,COLPAL,27-May-2021,1940,PE,0,0,0,369.3,397.5,0,0,0,0,19-APR-2021,
OPTSTK,COLPAL,27-May-2021,1960,PE,0,0,0,387.15,417.2,0,0,0,0,19-APR-2021,
OPTSTK,COLPAL,24-Jun-2021,1060,CE,0,0,0,481.05,483.4,0,0,0,0,19-APR-2021,
OPTSTK,COLPAL,24-Jun-2021,1080,CE,0,0,0,461.6,463.65,0,0,0,0,19-APR-2021,
OPTSTK,COLPAL,24-Jun-2021,1100,CE,0,0,0,442.25,443.95,0,0,0,0,19-APR-2021,
OPTSTK,COLPAL,24-Jun-2021,1120,CE,0,0,0,423,424.3,0,0,0,0,19-APR-2021,
OPTSTK,COLPAL,24-Jun-2021,1140,CE,0,0,0,403.95,404.75,0,0,0,0,19-APR-2021,
OPTSTK,COLPAL,24-Jun-2021,1160,CE,0,0,0,385.05,385.3,0,0,0,0,19-APR-2021,
OPTSTK,COLPAL,24-Jun-2021,1180,CE,0,0,0,366.4,366,0,0,0,0,19-APR-2021,
OPTSTK,COLPAL,24-Jun-2021,1200,CE,0,0,0,348,346.9,0,0,0,0,19-APR-2021,
OPTSTK,COLPAL,24-Jun-2021,1220,CE,0,0,0,329.85,328,0,0,0,0,19-APR-2021,
OPTSTK,COLPAL,24-Jun-2021,1240,CE,0,0,0,312.05,309.35,0,0,0,0,19-APR-2021,
OPTSTK,COLPAL,24-Jun-2021,1260,CE,0,0,0,294.6,290.95,0,0,0,0,19-APR-2021,
OPTSTK,COLPAL,24-Jun-2021,1280,CE,0,0,0,277.55,272.95,0,0,0,0,19-APR-2021,
OPTSTK,COLPAL,24-Jun-2021,1300,CE,0,0,0,260.95,255.35,0,0,0,0,19-APR-2021,
OPTSTK,COLPAL,24-Jun-2021,1320,CE,0,0,0,244.8,238.15,0,0,0,0,19-APR-2021,
OPTSTK,COLPAL,24-Jun-2021,1340,CE,0,0,0,229.15,221.45,0,0,0,0,19-APR-2021,
OPTSTK,COLPAL,24-Jun-2021,1360,CE,0,0,0,214,205.3,0,0,0,0,19-APR-2021,
OPTSTK,COLPAL,24-Jun-2021,1380,CE,0,0,0,199.45,189.7,0,0,0,0,19-APR-2021,
OPTSTK,COLPAL,24-Jun-2021,1400,CE,0,0,0,185.4,174.8,0,0,0,0,19-APR-2021,
OPTSTK,COLPAL,24-Jun-2021,1420,CE,0,0,0,171.95,160.45,0,0,0,0,19-APR-2021,
OPTSTK,COLPAL,24-Jun-2021,1440,CE,0,0,0,159.1,146.8,0,0,0,0,19-APR-2021,
OPTSTK,COLPAL,24-Jun-2021,1460,CE,0,0,0,146.9,133.85,0,0,0,0,19-APR-2021,
OPTSTK,COLPAL,24-Jun-2021,1480,CE,0,0,0,135.35,121.7,0,0,0,0,19-APR-2021,
OPTSTK,COLPAL,24-Jun-2021,1500,CE,0,0,0,124.4,110.25,0,0,0,0,19-APR-2021,
OPTSTK,COLPAL,24-Jun-2021,1520,CE,0,0,0,114.1,99.5,0,0,0,0,19-APR-2021,
OPTSTK,COLPAL,24-Jun-2021,1540,CE,0,0,0,104.4,89.55,0,0,0,0,19-APR-2021,
OPTSTK,COLPAL,24-Jun-2021,1560,CE,0,0,0,95.3,80.3,0,0,0,0,19-APR-2021,
OPTSTK,COLPAL,24-Jun-2021,1580,CE,0,0,0,86.85,71.75,0,0,0,0,19-APR-2021,
OPTSTK,COLPAL,24-Jun-2021,1600,CE,0,0,0,78.95,63.9,0,0,0,0,19-APR-2021,
OPTSTK,COLPAL,24-Jun-2021,1620,CE,0,0,0,71.6,56.75,0,0,0,0,19-APR-2021,
OPTSTK,COLPAL,24-Jun-2021,1640,CE,0,0,0,64.8,50.2,0,0,0,0,19-APR-2021,
OPTSTK,COLPAL,24-Jun-2021,1660,CE,0,0,0,58.55,44.3,0,0,0,0,19-APR-2021,
OPTSTK,COLPAL,24-Jun-2021,1680,CE,0,0,0,52.75,38.95,0,0,0,0,19-APR-2021,
OPTSTK,COLPAL,24-Jun-2021,1700,CE,0,0,0,47.45,34.2,0,0,0,0,19-APR-2021,
OPTSTK,COLPAL,24-Jun-2021,1720,CE,0,0,0,42.7,29.85,0,0,0,0,19-APR-2021,
OPTSTK,COLPAL,24-Jun-2021,1740,CE,0,0,0,38.3,26,0,0,0,0,19-APR-2021,
OPTSTK,COLPAL,24-Jun-2021,1760,CE,0,0,0,34.2,22.6,0,0,0,0,19-APR-2021,
OPTSTK,COLPAL,24-Jun-2021,1780,CE,0,0,0,30.5,19.55,0,0,0,0,19-APR-2021,
OPTSTK,COLPAL,24-Jun-2021,1800,CE,0,0,0,27.2,16.9,0,0,0,0,19-APR-2021,
OPTSTK,COLPAL,24-Jun-2021,1820,CE,0,0,0,24.2,14.55,0,0,0,0,19-APR-2021,
OPTSTK,COLPAL,24-Jun-2021,1840,CE,0,0,0,21.5,12.5,0,0,0,0,19-APR-2021,
OPTSTK,COLPAL,24-Jun-2021,1860,CE,0,0,0,19.05,10.7,0,0,0,0,19-APR-2021,
OPTSTK,COLPAL,24-Jun-2021,1880,CE,0,0,0,16.85,9.15,0,0,0,0,19-APR-2021,
OPTSTK,COLPAL,24-Jun-2021,1900,CE,0,0,0,14.9,7.8,0,0,0,0,19-APR-2021,
OPTSTK,COLPAL,24-Jun-2021,1920,CE,0,0,0,13.15,6.6,0,0,0,0,19-APR-2021,
OPTSTK,COLPAL,24-Jun-2021,1940,CE,0,0,0,11.55,5.6,0,0,0,0,19-APR-2021,
OPTSTK,COLPAL,24-Jun-2021,1960,CE,0,0,0,10.15,4.75,0,0,0,0,19-APR-2021,
OPTSTK,COLPAL,24-Jun-2021,1060,PE,0,0,0,0.95,0.25,0,0,0,0,19-APR-2021,
OPTSTK,COLPAL,24-Jun-2021,1080,PE,0,0,0,1.3,0.35,0,0,0,0,19-APR-2021,
OPTSTK,COLPAL,24-Jun-2021,1100,PE,0,0,0,1.75,0.5,0,0,0,0,19-APR-2021,
OPTSTK,COLPAL,24-Jun-2021,1120,PE,0,0,0,2.35,0.75,0,0,0,0,19-APR-2021,
OPTSTK,COLPAL,24-Jun-2021,1140,PE,0,0,0,3.1,1.05,0,0,0,0,19-APR-2021,
OPTSTK,COLPAL,24-Jun-2021,1160,PE,0,0,0,4,1.45,0,0,0,0,19-APR-2021,
OPTSTK,COLPAL,24-Jun-2021,1180,PE,0,0,0,5.15,2.05,0,0,0,0,19-APR-2021,
OPTSTK,COLPAL,24-Jun-2021,1200,PE,0,0,0,6.55,2.8,0,0,0,0,19-APR-2021,
OPTSTK,COLPAL,24-Jun-2021,1220,PE,0,0,0,8.25,3.75,0,0,0,0,19-APR-2021,
OPTSTK,COLPAL,24-Jun-2021,1240,PE,0,0,0,10.3,4.95,0,0,0,0,19-APR-2021,
OPTSTK,COLPAL,24-Jun-2021,1260,PE,0,0,0,12.65,6.45,0,0,0,0,19-APR-2021,
OPTSTK,COLPAL,24-Jun-2021,1280,PE,0,0,0,15.4,8.3,0,0,0,0,19-APR-2021,
OPTSTK,COLPAL,24-Jun-2021,1300,PE,0,0,0,18.6,10.55,0,0,0,0,19-APR-2021,
OPTSTK,COLPAL,24-Jun-2021,1320,PE,0,0,0,22.25,13.2,0,0,0,0,19-APR-2021,
OPTSTK,COLPAL,24-Jun-2021,1340,PE,0,0,0,26.4,16.4,0,0,0,0,19-APR-2021,
OPTSTK,COLPAL,24-Jun-2021,1360,PE,0,0,0,31.1,20.1,0,0,0,0,19-APR-2021,
OPTSTK,COLPAL,24-Jun-2021,1380,PE,0,0,0,36.35,24.4,0,0,0,0,19-APR-2021,
OPTSTK,COLPAL,24-Jun-2021,1400,PE,0,0,0,42.15,29.35,0,0,0,0,19-APR-2021,
OPTSTK,COLPAL,24-Jun-2021,1420,PE,0,0,0,48.45,34.85,0,0,0,0,19-APR-2021,
OPTSTK,COLPAL,24-Jun-2021,1440,PE,0,0,0,55.45,41.05,0,0,0,0,19-APR-2021,
OPTSTK,COLPAL,24-Jun-2021,1460,PE,0,0,0,63.1,48,0,0,0,0,19-APR-2021,
OPTSTK,COLPAL,24-Jun-2021,1480,PE,0,0,0,71.35,55.7,0,0,0,0,19-APR-2021,
OPTSTK,COLPAL,24-Jun-2021,1500,PE,0,0,0,80.2,64.1,0,0,0,0,19-APR-2021,
OPTSTK,COLPAL,24-Jun-2021,1520,PE,0,0,0,89.7,73.25,0,0,0,0,19-APR-2021,
OPTSTK,COLPAL,24-Jun-2021,1540,PE,0,0,0,99.85,83.15,0,0,0,0,19-APR-2021,
OPTSTK,COLPAL,24-Jun-2021,1560,PE,0,0,0,110.55,93.75,0,0,0,0,19-APR-2021,
OPTSTK,COLPAL,24-Jun-2021,1580,PE,0,0,0,121.9,105.1,0,0,0,0,19-APR-2021,
OPTSTK,COLPAL,24-Jun-2021,1600,PE,0,0,0,133.8,117.1,0,0,0,0,19-APR-2021,
OPTSTK,COLPAL,24-Jun-2021,1620,PE,0,0,0,146.3,129.8,0,0,0,0,19-APR-2021,
OPTSTK,COLPAL,24-Jun-2021,1640,PE,0,0,0,159.3,143.15,0,0,0,0,19-APR-2021,
OPTSTK,COLPAL,24-Jun-2021,1660,PE,0,0,0,172.85,157.05,0,0,0,0,19-APR-2021,
OPTSTK,COLPAL,24-Jun-2021,1680,PE,0,0,0,186.9,171.6,0,0,0,0,19-APR-2021,
OPTSTK,COLPAL,24-Jun-2021,1700,PE,0,0,0,201.4,186.75,0,0,0,0,19-APR-2021,
OPTSTK,COLPAL,24-Jun-2021,1720,PE,0,0,0,216.45,202.25,0,0,0,0,19-APR-2021,
OPTSTK,COLPAL,24-Jun-2021,1740,PE,0,0,0,231.85,218.25,0,0,0,0,19-APR-2021,
OPTSTK,COLPAL,24-Jun-2021,1760,PE,0,0,0,247.55,234.7,0,0,0,0,19-APR-2021,
OPTSTK,COLPAL,24-Jun-2021,1780,PE,0,0,0,263.7,251.55,0,0,0,0,19-APR-2021,
OPTSTK,COLPAL,24-Jun-2021,1800,PE,0,0,0,280.2,268.75,0,0,0,0,19-APR-2021,
OPTSTK,COLPAL,24-Jun-2021,1820,PE,0,0,0,297,286.25,0,0,0,0,19-APR-2021,
OPTSTK,COLPAL,24-Jun-2021,1840,PE,0,0,0,314.1,304.05,0,0,0,0,19-APR-2021,
OPTSTK,COLPAL,24-Jun-2021,1860,PE,0,0,0,331.5,322.15,0,0,0,0,19-APR-2021,
OPTSTK,COLPAL,24-Jun-2021,1880,PE,0,0,0,349.1,340.45,0,0,0,0,19-APR-2021,
OPTSTK,COLPAL,24-Jun-2021,1900,PE,0,0,0,366.95,358.95,0,0,0,0,19-APR-2021,
OPTSTK,COLPAL,24-Jun-2021,1920,PE,0,0,0,385,377.65,0,0,0,0,19-APR-2021,
OPTSTK,COLPAL,24-Jun-2021,1940,PE,0,0,0,403.25,396.5,0,0,0,0,19-APR-2021,
OPTSTK,COLPAL,24-Jun-2021,1960,PE,0,0,0,421.65,415.5,0,0,0,0,19-APR-2021,
OPTSTK,CONCOR,29-Apr-2021,270,CE,0,0,0,170.35,282.15,0,0,0,0,19-APR-2021,
OPTSTK,CONCOR,29-Apr-2021,275,CE,0,0,0,165.55,277.15,0,0,0,0,19-APR-2021,
OPTSTK,CONCOR,29-Apr-2021,280,CE,0,0,0,160.8,272.15,0,0,0,0,19-APR-2021,
OPTSTK,CONCOR,29-Apr-2021,285,CE,0,0,0,156.05,267.15,0,0,0,0,19-APR-2021,
OPTSTK,CONCOR,29-Apr-2021,290,CE,0,0,0,151.35,262.15,0,0,0,0,19-APR-2021,
OPTSTK,CONCOR,29-Apr-2021,295,CE,0,0,0,146.7,257.15,0,0,0,0,19-APR-2021,
OPTSTK,CONCOR,29-Apr-2021,300,CE,0,0,0,142.05,252.15,0,0,0,0,19-APR-2021,
OPTSTK,CONCOR,29-Apr-2021,305,CE,0,0,0,137.5,247.15,0,0,0,0,19-APR-2021,
OPTSTK,CONCOR,29-Apr-2021,310,CE,0,0,0,132.95,242.2,0,0,0,0,19-APR-2021,
OPTSTK,CONCOR,29-Apr-2021,315,CE,0,0,0,128.5,237.2,0,0,0,0,19-APR-2021,
OPTSTK,CONCOR,29-Apr-2021,320,CE,0,0,0,124.05,232.2,0,0,0,0,19-APR-2021,
OPTSTK,CONCOR,29-Apr-2021,325,CE,0,0,0,119.7,227.2,0,0,0,0,19-APR-2021,
OPTSTK,CONCOR,29-Apr-2021,330,CE,0,0,0,115.4,222.2,0,0,0,0,19-APR-2021,
OPTSTK,CONCOR,29-Apr-2021,335,CE,0,0,0,111.2,217.2,0,0,0,0,19-APR-2021,
OPTSTK,CONCOR,29-Apr-2021,340,CE,0,0,0,107.05,212.2,0,0,0,0,19-APR-2021,
OPTSTK,CONCOR,29-Apr-2021,345,CE,0,0,0,102.95,207.2,0,0,0,0,19-APR-2021,
OPTSTK,CONCOR,29-Apr-2021,350,CE,0,0,0,99,202.2,0,0,0,0,19-APR-2021,
OPTSTK,CONCOR,29-Apr-2021,355,CE,0,0,0,95.05,197.2,0,0,0,0,19-APR-2021,
OPTSTK,CONCOR,29-Apr-2021,360,CE,0,0,0,91.25,192.25,0,0,0,0,19-APR-2021,
OPTSTK,CONCOR,29-Apr-2021,365,CE,0,0,0,87.5,187.25,0,0,0,0,19-APR-2021,
OPTSTK,CONCOR,29-Apr-2021,370,CE,0,0,0,83.85,182.25,0,0,0,0,19-APR-2021,
OPTSTK,CONCOR,29-Apr-2021,375,CE,0,0,0,80.3,177.25,0,0,0,0,19-APR-2021,
OPTSTK,CONCOR,29-Apr-2021,380,CE,0,0,0,76.85,172.25,0,0,0,0,19-APR-2021,
OPTSTK,CONCOR,29-Apr-2021,385,CE,0,0,0,73.45,167.25,0,0,0,0,19-APR-2021,
OPTSTK,CONCOR,29-Apr-2021,390,CE,0,0,0,70.15,162.25,0,0,0,0,19-APR-2021,
OPTSTK,CONCOR,29-Apr-2021,395,CE,0,0,0,67,157.25,0,0,0,0,19-APR-2021,
OPTSTK,CONCOR,29-Apr-2021,400,CE,0,0,0,63.9,152.25,0,0,0,0,19-APR-2021,
OPTSTK,CONCOR,29-Apr-2021,405,CE,0,0,0,60.9,147.25,0,0,0,0,19-APR-2021,
OPTSTK,CONCOR,29-Apr-2021,410,CE,0,0,0,58.05,142.3,0,0,0,0,19-APR-2021,
OPTSTK,CONCOR,29-Apr-2021,415,CE,0,0,0,55.25,137.3,0,0,0,0,19-APR-2021,
OPTSTK,CONCOR,29-Apr-2021,420,CE,0,0,0,52.55,132.3,0,0,0,0,19-APR-2021,
OPTSTK,CONCOR,29-Apr-2021,425,CE,0,0,0,49.95,127.3,0,0,0,0,19-APR-2021,
OPTSTK,CONCOR,29-Apr-2021,430,CE,0,0,0,47.5,122.3,0,0,0,0,19-APR-2021,
OPTSTK,CONCOR,29-Apr-2021,435,CE,0,0,0,45.05,117.3,0,0,0,0,19-APR-2021,
OPTSTK,CONCOR,29-Apr-2021,440,CE,0,0,0,42.75,112.35,0,0,0,0,19-APR-2021,
OPTSTK,CONCOR,29-Apr-2021,445,CE,0,0,0,40.55,107.35,0,0,0,0,19-APR-2021,
OPTSTK,CONCOR,29-Apr-2021,450,CE,0,0,0,38.45,102.4,0,0,0,0,19-APR-2021,
OPTSTK,CONCOR,29-Apr-2021,455,CE,0,0,0,36.4,97.45,0,0,0,0,19-APR-2021,
OPTSTK,CONCOR,29-Apr-2021,460,CE,0,0,0,34.45,92.5,0,0,0,0,19-APR-2021,
OPTSTK,CONCOR,29-Apr-2021,465,CE,0,0,0,32.55,87.6,0,0,0,0,19-APR-2021,
OPTSTK,CONCOR,29-Apr-2021,470,CE,0,0,0,30.8,82.75,0,0,0,0,19-APR-2021,
OPTSTK,CONCOR,29-Apr-2021,475,CE,0,0,0,29.1,77.9,0,0,0,0,19-APR-2021,
OPTSTK,CONCOR,29-Apr-2021,480,CE,0,0,0,27.45,73.1,0,0,0,0,19-APR-2021,
OPTSTK,CONCOR,29-Apr-2021,485,CE,0,0,0,25.9,68.4,0,0,0,0,19-APR-2021,
OPTSTK,CONCOR,29-Apr-2021,490,CE,0,0,0,24.45,63.75,0,0,0,0,19-APR-2021,
OPTSTK,CONCOR,29-Apr-2021,495,CE,0,0,0,23.05,59.2,0,0,0,0,19-APR-2021,
OPTSTK,CONCOR,29-Apr-2021,500,CE,0,0,0,104,54.75,0,0,15630,0,19-APR-2021,
OPTSTK,CONCOR,29-Apr-2021,505,CE,0,0,0,20.45,50.45,0,0,0,0,19-APR-2021,
OPTSTK,CONCOR,29-Apr-2021,510,CE,0,0,0,19.25,46.25,0,0,0,0,19-APR-2021,
OPTSTK,CONCOR,29-Apr-2021,515,CE,0,0,0,18.15,42.25,0,0,0,0,19-APR-2021,
OPTSTK,CONCOR,29-Apr-2021,520,CE,0,0,0,17.05,38.35,0,0,0,0,19-APR-2021,
OPTSTK,CONCOR,29-Apr-2021,525,CE,0,0,0,16.05,34.65,0,0,0,0,19-APR-2021,
OPTSTK,CONCOR,29-Apr-2021,530,CE,0,0,0,50,31.2,0,0,1563,0,19-APR-2021,
OPTSTK,CONCOR,29-Apr-2021,535,CE,0,0,0,14.15,27.9,0,0,0,0,19-APR-2021,
OPTSTK,CONCOR,29-Apr-2021,540,CE,0,0,0,13.3,24.85,0,0,0,0,19-APR-2021,
OPTSTK,CONCOR,29-Apr-2021,545,CE,0,0,0,12.45,22,0,0,0,0,19-APR-2021,
OPTSTK,CONCOR,29-Apr-2021,550,CE,14,16,13.95,13.95,19.35,10,88.27,21882,4689,19-APR-2021,
OPTSTK,CONCOR,29-Apr-2021,555,CE,0,0,0,10.95,16.95,0,0,0,0,19-APR-2021,
OPTSTK,CONCOR,29-Apr-2021,560,CE,20.65,20.65,9.9,10.7,10.7,23,205.37,28134,3126,19-APR-2021,
OPTSTK,CONCOR,29-Apr-2021,565,CE,0,0,0,24.3,12.75,0,0,1563,0,19-APR-2021,
OPTSTK,CONCOR,29-Apr-2021,570,CE,4.7,8.95,4.7,7.25,7.25,18,162.48,73461,3126,19-APR-2021,
OPTSTK,CONCOR,29-Apr-2021,575,CE,6.65,6.65,6.05,6.05,9.4,2,18.17,21882,-1563,19-APR-2021,
OPTSTK,CONCOR,29-Apr-2021,580,CE,5.6,5.85,4.5,5,5,23,210.41,106284,-3126,19-APR-2021,
OPTSTK,CONCOR,29-Apr-2021,585,CE,4.15,4.15,4.15,4.15,6.8,1,9.2,12504,0,19-APR-2021,
OPTSTK,CONCOR,29-Apr-2021,590,CE,3.55,4,3.5,3.9,5.7,7,64.96,62520,0,19-APR-2021,
OPTSTK,CONCOR,29-Apr-2021,595,CE,0,0,0,6.1,4.75,0,0,20319,0,19-APR-2021,
OPTSTK,CONCOR,29-Apr-2021,600,CE,3,3.8,2.65,2.75,2.75,138,1300.49,376683,46890,19-APR-2021,
OPTSTK,CONCOR,29-Apr-2021,605,CE,0,0,0,7.75,3.3,0,0,21882,0,19-APR-2021,
OPTSTK,CONCOR,29-Apr-2021,610,CE,2,2.4,1.8,2.2,2.7,13,124.36,68772,-4689,19-APR-2021,
OPTSTK,CONCOR,29-Apr-2021,615,CE,0,0,0,5.75,2.2,0,0,7815,0,19-APR-2021,
OPTSTK,CONCOR,29-Apr-2021,620,CE,1.2,1.8,1.2,1.5,1.5,17,165.14,120351,-6252,19-APR-2021,
OPTSTK,CONCOR,29-Apr-2021,625,CE,0,0,0,5.5,1.45,0,0,0,0,19-APR-2021,
OPTSTK,CONCOR,29-Apr-2021,630,CE,1,1.45,1,1.05,1.05,5,49.32,35949,-3126,19-APR-2021,
OPTSTK,CONCOR,29-Apr-2021,635,CE,0,0,0,5.8,0.95,0,0,0,0,19-APR-2021,
OPTSTK,CONCOR,29-Apr-2021,640,CE,1,1,0.85,0.85,0.75,2,20.03,57831,-1563,19-APR-2021,
OPTSTK,CONCOR,29-Apr-2021,645,CE,0,0,0,6.6,0.6,0,0,0,0,19-APR-2021,
OPTSTK,CONCOR,29-Apr-2021,650,CE,1,1,0.7,0.75,0.75,19,193.24,142233,-9378,19-APR-2021,
OPTSTK,CONCOR,29-Apr-2021,655,CE,0,0,0,8.35,0.35,0,0,0,0,19-APR-2021,
OPTSTK,CONCOR,29-Apr-2021,660,CE,0.25,0.95,0.25,0.95,0.3,2,20.65,28134,0,19-APR-2021,
OPTSTK,CONCOR,29-Apr-2021,665,CE,0,0,0,7.35,0.25,0,0,0,0,19-APR-2021,
OPTSTK,CONCOR,29-Apr-2021,670,CE,0,0,0,0.7,0.2,0,0,4689,0,19-APR-2021,
OPTSTK,CONCOR,29-Apr-2021,675,CE,0,0,0,13.5,0.15,0,0,0,0,19-APR-2021,
OPTSTK,CONCOR,29-Apr-2021,680,CE,0,0,0,1,0.1,0,0,20319,0,19-APR-2021,
OPTSTK,CONCOR,29-Apr-2021,685,CE,0,0,0,4.15,0.1,0,0,1563,0,19-APR-2021,
OPTSTK,CONCOR,29-Apr-2021,690,CE,0,0,0,1.6,0.05,0,0,4689,0,19-APR-2021,
OPTSTK,CONCOR,29-Apr-2021,695,CE,0,0,0,3.7,0.05,0,0,3126,0,19-APR-2021,
OPTSTK,CONCOR,29-Apr-2021,700,CE,0.55,0.65,0.25,0.65,0.65,13,142.32,100032,-10941,19-APR-2021,
OPTSTK,CONCOR,29-Apr-2021,710,CE,0,0,0,2.95,0.05,0,0,1563,0,19-APR-2021,
OPTSTK,CONCOR,29-Apr-2021,720,CE,0,0,0,4,0.05,0,0,1563,0,19-APR-2021,
OPTSTK,CONCOR,29-Apr-2021,270,PE,0,0,0,0.65,0,0,0,0,0,19-APR-2021,
OPTSTK,CONCOR,29-Apr-2021,275,PE,0,0,0,0.85,0,0,0,0,0,19-APR-2021,
OPTSTK,CONCOR,29-Apr-2021,280,PE,0,0,0,1,0,0,0,0,0,19-APR-2021,
OPTSTK,CONCOR,29-Apr-2021,285,PE,0,0,0,1.2,0,0,0,0,0,19-APR-2021,
OPTSTK,CONCOR,29-Apr-2021,290,PE,0,0,0,1.45,0,0,0,0,0,19-APR-2021,
OPTSTK,CONCOR,29-Apr-2021,295,PE,0,0,0,1.75,0,0,0,0,0,19-APR-2021,
OPTSTK,CONCOR,29-Apr-2021,300,PE,0,0,0,2.1,0,0,0,0,0,19-APR-2021,
OPTSTK,CONCOR,29-Apr-2021,305,PE,0,0,0,2.45,0,0,0,0,0,19-APR-2021,
OPTSTK,CONCOR,29-Apr-2021,310,PE,0,0,0,2.9,0,0,0,0,0,19-APR-2021,
OPTSTK,CONCOR,29-Apr-2021,315,PE,0,0,0,3.35,0,0,0,0,0,19-APR-2021,
OPTSTK,CONCOR,29-Apr-2021,320,PE,0,0,0,3.9,0,0,0,0,0,19-APR-2021,
OPTSTK,CONCOR,29-Apr-2021,325,PE,0,0,0,4.5,0,0,0,0,0,19-APR-2021,
OPTSTK,CONCOR,29-Apr-2021,330,PE,0,0,0,5.15,0,0,0,0,0,19-APR-2021,
OPTSTK,CONCOR,29-Apr-2021,335,PE,0,0,0,5.9,0,0,0,0,0,19-APR-2021,
OPTSTK,CONCOR,29-Apr-2021,340,PE,0,0,0,6.7,0,0,0,0,0,19-APR-2021,
OPTSTK,CONCOR,29-Apr-2021,345,PE,0,0,0,7.6,0,0,0,0,0,19-APR-2021,
OPTSTK,CONCOR,29-Apr-2021,350,PE,0,0,0,8.55,0,0,0,0,0,19-APR-2021,
OPTSTK,CONCOR,29-Apr-2021,355,PE,0,0,0,9.6,0,0,0,0,0,19-APR-2021,
OPTSTK,CONCOR,29-Apr-2021,360,PE,0,0,0,10.7,0,0,0,0,0,19-APR-2021,
OPTSTK,CONCOR,29-Apr-2021,365,PE,0,0,0,11.95,0,0,0,0,0,19-APR-2021,
OPTSTK,CONCOR,29-Apr-2021,370,PE,0,0,0,13.25,0,0,0,0,0,19-APR-2021,
OPTSTK,CONCOR,29-Apr-2021,375,PE,0,0,0,14.65,0,0,0,0,0,19-APR-2021,
OPTSTK,CONCOR,29-Apr-2021,380,PE,0,0,0,0.3,0,0,0,1563,0,19-APR-2021,
OPTSTK,CONCOR,29-Apr-2021,385,PE,0,0,0,17.7,0,0,0,0,0,19-APR-2021,
OPTSTK,CONCOR,29-Apr-2021,390,PE,0,0,0,19.35,0,0,0,0,0,19-APR-2021,
OPTSTK,CONCOR,29-Apr-2021,395,PE,0,0,0,21.15,0,0,0,0,0,19-APR-2021,
OPTSTK,CONCOR,29-Apr-2021,400,PE,0,0,0,1.3,0,0,0,1563,0,19-APR-2021,
OPTSTK,CONCOR,29-Apr-2021,405,PE,0,0,0,25,0,0,0,0,0,19-APR-2021,
OPTSTK,CONCOR,29-Apr-2021,410,PE,0,0,0,27.05,0,0,0,0,0,19-APR-2021,
OPTSTK,CONCOR,29-Apr-2021,415,PE,0,0,0,29.2,0,0,0,0,0,19-APR-2021,
OPTSTK,CONCOR,29-Apr-2021,420,PE,0,0,0,31.5,0,0,0,0,0,19-APR-2021,
OPTSTK,CONCOR,29-Apr-2021,425,PE,0,0,0,33.85,0.05,0,0,0,0,19-APR-2021,
OPTSTK,CONCOR,29-Apr-2021,430,PE,0,0,0,36.3,0.05,0,0,0,0,19-APR-2021,
OPTSTK,CONCOR,29-Apr-2021,435,PE,0,0,0,38.85,0.05,0,0,0,0,19-APR-2021,
OPTSTK,CONCOR,29-Apr-2021,440,PE,0,0,0,41.5,0.05,0,0,0,0,19-APR-2021,
OPTSTK,CONCOR,29-Apr-2021,445,PE,0,0,0,44.25,0.1,0,0,0,0,19-APR-2021,
OPTSTK,CONCOR,29-Apr-2021,450,PE,0.45,0.45,0.45,0.45,0.1,1,7.04,1563,0,19-APR-2021,
OPTSTK,CONCOR,29-Apr-2021,455,PE,0,0,0,50,0.15,0,0,0,0,19-APR-2021,
OPTSTK,CONCOR,29-Apr-2021,460,PE,0,0,0,53,0.2,0,0,0,0,19-APR-2021,
OPTSTK,CONCOR,29-Apr-2021,465,PE,0,0,0,56.05,0.3,0,0,0,0,19-APR-2021,
OPTSTK,CONCOR,29-Apr-2021,470,PE,0,0,0,59.25,0.4,0,0,0,0,19-APR-2021,
OPTSTK,CONCOR,29-Apr-2021,475,PE,0,0,0,62.5,0.6,0,0,0,0,19-APR-2021,
OPTSTK,CONCOR,29-Apr-2021,480,PE,0,0,0,65.85,0.8,0,0,0,0,19-APR-2021,
OPTSTK,CONCOR,29-Apr-2021,485,PE,0,0,0,69.25,1.05,0,0,0,0,19-APR-2021,
OPTSTK,CONCOR,29-Apr-2021,490,PE,0,0,0,72.7,1.4,0,0,0,0,19-APR-2021,
OPTSTK,CONCOR,29-Apr-2021,495,PE,0,0,0,76.25,1.85,0,0,0,0,19-APR-2021,
OPTSTK,CONCOR,29-Apr-2021,500,PE,1.85,2.4,1.85,2,2.4,6,47.08,104721,-4689,19-APR-2021,
OPTSTK,CONCOR,29-Apr-2021,505,PE,0,0,0,83.6,3.1,0,0,0,0,19-APR-2021,
OPTSTK,CONCOR,29-Apr-2021,510,PE,0,0,0,3.7,3.9,0,0,1563,0,19-APR-2021,
OPTSTK,CONCOR,29-Apr-2021,515,PE,0,0,0,91.15,4.85,0,0,0,0,19-APR-2021,
OPTSTK,CONCOR,29-Apr-2021,520,PE,5,5,4.8,4.8,6,4,32.81,57831,-1563,19-APR-2021,
OPTSTK,CONCOR,29-Apr-2021,525,PE,0,0,0,99,7.3,0,0,0,0,19-APR-2021,
OPTSTK,CONCOR,29-Apr-2021,530,PE,0,0,0,4,8.8,0,0,3126,0,19-APR-2021,
OPTSTK,CONCOR,29-Apr-2021,535,PE,0,0,0,107,10.55,0,0,0,0,19-APR-2021,
OPTSTK,CONCOR,29-Apr-2021,540,PE,8.2,12.4,8.2,9.05,9.05,12,103,50016,12504,19-APR-2021,
OPTSTK,CONCOR,29-Apr-2021,545,PE,11,11,11,11,14.6,1,8.69,3126,1563,19-APR-2021,
OPTSTK,CONCOR,29-Apr-2021,550,PE,15.2,15.85,11.9,11.9,16.95,32,282.37,129729,4689,19-APR-2021,
OPTSTK,CONCOR,29-Apr-2021,555,PE,20.2,20.2,14.5,14.5,19.55,2,17.89,4689,0,19-APR-2021,
OPTSTK,CONCOR,29-Apr-2021,560,PE,24.7,24.7,17.55,17.8,17.8,7,63.47,51579,-7815,19-APR-2021,
OPTSTK,CONCOR,29-Apr-2021,565,PE,21.6,21.6,21.6,21.6,21.6,1,9.16,0,-1563,19-APR-2021,
OPTSTK,CONCOR,29-Apr-2021,570,PE,29,29,22.6,24.55,24.55,7,65.23,45327,-4689,19-APR-2021,
OPTSTK,CONCOR,29-Apr-2021,575,PE,0,0,0,14.35,32,0,0,6252,0,19-APR-2021,
OPTSTK,CONCOR,29-Apr-2021,580,PE,31.85,35.05,31.85,35,35.55,3,28.78,28134,-3126,19-APR-2021,
OPTSTK,CONCOR,29-Apr-2021,585,PE,0,0,0,32.7,39.35,0,0,3126,0,19-APR-2021,
OPTSTK,CONCOR,29-Apr-2021,590,PE,0,0,0,35,43.25,0,0,26571,0,19-APR-2021,
OPTSTK,CONCOR,29-Apr-2021,595,PE,0,0,0,20.45,47.35,0,0,6252,0,19-APR-2021,
OPTSTK,CONCOR,29-Apr-2021,600,PE,48,53.45,48,53.45,51.5,3,30.51,62520,-3126,19-APR-2021,
OPTSTK,CONCOR,29-Apr-2021,605,PE,0,0,0,27.95,55.85,0,0,10941,0,19-APR-2021,
OPTSTK,CONCOR,29-Apr-2021,610,PE,0,0,0,35.15,60.25,0,0,4689,0,19-APR-2021,
OPTSTK,CONCOR,29-Apr-2021,615,PE,0,0,0,35.9,64.75,0,0,1563,0,19-APR-2021,
OPTSTK,CONCOR,29-Apr-2021,620,PE,0,0,0,58,69.35,0,0,6252,0,19-APR-2021,
OPTSTK,CONCOR,29-Apr-2021,625,PE,0,0,0,170.9,74,0,0,0,0,19-APR-2021,
OPTSTK,CONCOR,29-Apr-2021,630,PE,0,0,0,166.25,78.7,0,0,0,0,19-APR-2021,
OPTSTK,CONCOR,29-Apr-2021,635,PE,0,0,0,170.8,83.45,0,0,0,0,19-APR-2021,
OPTSTK,CONCOR,29-Apr-2021,640,PE,0,0,0,162.55,88.25,0,0,0,0,19-APR-2021,
OPTSTK,CONCOR,29-Apr-2021,645,PE,0,0,0,167.1,93.1,0,0,0,0,19-APR-2021,
OPTSTK,CONCOR,29-Apr-2021,650,PE,0,0,0,171.6,98,0,0,0,0,19-APR-2021,
OPTSTK,CONCOR,29-Apr-2021,655,PE,0,0,0,155.55,102.85,0,0,0,0,19-APR-2021,
OPTSTK,CONCOR,29-Apr-2021,660,PE,0,0,0,160,107.8,0,0,0,0,19-APR-2021,
OPTSTK,CONCOR,29-Apr-2021,665,PE,0,0,0,164.45,112.7,0,0,0,0,19-APR-2021,
OPTSTK,CONCOR,29-Apr-2021,670,PE,0,0,0,168.95,117.65,0,0,0,0,19-APR-2021,
OPTSTK,CONCOR,29-Apr-2021,675,PE,0,0,0,133.9,122.6,0,0,0,0,19-APR-2021,
OPTSTK,CONCOR,29-Apr-2021,680,PE,0,0,0,138.1,127.6,0,0,0,0,19-APR-2021,
OPTSTK,CONCOR,29-Apr-2021,685,PE,0,0,0,142.35,132.55,0,0,0,0,19-APR-2021,
OPTSTK,CONCOR,29-Apr-2021,690,PE,0,0,0,146.6,137.55,0,0,0,0,19-APR-2021,
OPTSTK,CONCOR,29-Apr-2021,695,PE,0,0,0,150.9,142.5,0,0,0,0,19-APR-2021,
OPTSTK,CONCOR,29-Apr-2021,700,PE,0,0,0,155.25,147.5,0,0,0,0,19-APR-2021,
OPTSTK,CONCOR,29-Apr-2021,710,PE,0,0,0,164.05,157.5,0,0,0,0,19-APR-2021,
OPTSTK,CONCOR,29-Apr-2021,720,PE,0,0,0,172.95,167.45,0,0,0,0,19-APR-2021,
OPTSTK,CONCOR,27-May-2021,405,CE,0,0,0,178.05,149.2,0,0,0,0,19-APR-2021,
OPTSTK,CONCOR,27-May-2021,410,CE,0,0,0,173.6,144.4,0,0,0,0,19-APR-2021,
OPTSTK,CONCOR,27-May-2021,415,CE,0,0,0,169.2,139.6,0,0,0,0,19-APR-2021,
OPTSTK,CONCOR,27-May-2021,420,CE,0,0,0,164.8,134.85,0,0,0,0,19-APR-2021,
OPTSTK,CONCOR,27-May-2021,425,CE,0,0,0,160.5,130.15,0,0,0,0,19-APR-2021,
OPTSTK,CONCOR,27-May-2021,430,CE,0,0,0,156.2,125.45,0,0,0,0,19-APR-2021,
OPTSTK,CONCOR,27-May-2021,435,CE,0,0,0,152,120.85,0,0,0,0,19-APR-2021,
OPTSTK,CONCOR,27-May-2021,440,CE,0,0,0,147.8,116.3,0,0,0,0,19-APR-2021,
OPTSTK,CONCOR,27-May-2021,445,CE,0,0,0,143.7,111.8,0,0,0,0,19-APR-2021,
OPTSTK,CONCOR,27-May-2021,450,CE,0,0,0,139.65,107.35,0,0,0,0,19-APR-2021,
OPTSTK,CONCOR,27-May-2021,455,CE,0,0,0,135.65,102.95,0,0,0,0,19-APR-2021,
OPTSTK,CONCOR,27-May-2021,460,CE,0,0,0,131.7,98.65,0,0,0,0,19-APR-2021,
OPTSTK,CONCOR,27-May-2021,465,CE,0,0,0,127.8,94.4,0,0,0,0,19-APR-2021,
OPTSTK,CONCOR,27-May-2021,470,CE,0,0,0,124,90.25,0,0,0,0,19-APR-2021,
OPTSTK,CONCOR,27-May-2021,475,CE,0,0,0,120.25,86.15,0,0,0,0,19-APR-2021,
OPTSTK,CONCOR,27-May-2021,480,CE,0,0,0,116.6,82.15,0,0,0,0,19-APR-2021,
OPTSTK,CONCOR,27-May-2021,485,CE,0,0,0,113,78.25,0,0,0,0,19-APR-2021,
OPTSTK,CONCOR,27-May-2021,490,CE,0,0,0,109.4,74.45,0,0,0,0,19-APR-2021,
OPTSTK,CONCOR,27-May-2021,495,CE,0,0,0,105.95,70.8,0,0,0,0,19-APR-2021,
OPTSTK,CONCOR,27-May-2021,500,CE,0,0,0,102.55,67.2,0,0,0,0,19-APR-2021,
OPTSTK,CONCOR,27-May-2021,505,CE,0,0,0,99.2,63.65,0,0,0,0,19-APR-2021,
OPTSTK,CONCOR,27-May-2021,510,CE,0,0,0,95.9,60.3,0,0,0,0,19-APR-2021,
OPTSTK,CONCOR,27-May-2021,515,CE,0,0,0,92.7,57,0,0,0,0,19-APR-2021,
OPTSTK,CONCOR,27-May-2021,520,CE,0,0,0,89.6,53.85,0,0,0,0,19-APR-2021,
OPTSTK,CONCOR,27-May-2021,525,CE,0,0,0,86.5,50.8,0,0,0,0,19-APR-2021,
OPTSTK,CONCOR,27-May-2021,530,CE,0,0,0,83.55,47.9,0,0,0,0,19-APR-2021,
OPTSTK,CONCOR,27-May-2021,535,CE,0,0,0,80.65,45.05,0,0,0,0,19-APR-2021,
OPTSTK,CONCOR,27-May-2021,540,CE,0,0,0,77.8,42.35,0,0,0,0,19-APR-2021,
OPTSTK,CONCOR,27-May-2021,545,CE,0,0,0,75.05,39.75,0,0,0,0,19-APR-2021,
OPTSTK,CONCOR,27-May-2021,550,CE,0,0,0,72.35,37.3,0,0,0,0,19-APR-2021,
OPTSTK,CONCOR,27-May-2021,555,CE,0,0,0,69.75,34.95,0,0,0,0,19-APR-2021,
OPTSTK,CONCOR,27-May-2021,560,CE,0,0,0,67.2,32.65,0,0,0,0,19-APR-2021,
OPTSTK,CONCOR,27-May-2021,565,CE,0,0,0,64.7,30.55,0,0,0,0,19-APR-2021,
OPTSTK,CONCOR,27-May-2021,570,CE,0,0,0,62.3,28.5,0,0,0,0,19-APR-2021,
OPTSTK,CONCOR,27-May-2021,575,CE,0,0,0,59.95,26.55,0,0,0,0,19-APR-2021,
OPTSTK,CONCOR,27-May-2021,580,CE,0,0,0,20.8,24.75,0,0,3126,0,19-APR-2021,
OPTSTK,CONCOR,27-May-2021,585,CE,0,0,0,55.45,23,0,0,0,0,19-APR-2021,
OPTSTK,CONCOR,27-May-2021,590,CE,0,0,0,53.35,21.35,0,0,0,0,19-APR-2021,
OPTSTK,CONCOR,27-May-2021,595,CE,0,0,0,51.25,19.8,0,0,0,0,19-APR-2021,
OPTSTK,CONCOR,27-May-2021,600,CE,0,0,0,49.25,18.35,0,0,0,0,19-APR-2021,
OPTSTK,CONCOR,27-May-2021,605,CE,0,0,0,47.3,17,0,0,0,0,19-APR-2021,
OPTSTK,CONCOR,27-May-2021,610,CE,0,0,0,45.45,15.75,0,0,0,0,19-APR-2021,
OPTSTK,CONCOR,27-May-2021,615,CE,0,0,0,43.6,14.55,0,0,0,0,19-APR-2021,
OPTSTK,CONCOR,27-May-2021,620,CE,0,0,0,41.85,13.45,0,0,0,0,19-APR-2021,
OPTSTK,CONCOR,27-May-2021,625,CE,0,0,0,40.15,12.4,0,0,0,0,19-APR-2021,
OPTSTK,CONCOR,27-May-2021,630,CE,0,0,0,38.5,11.4,0,0,0,0,19-APR-2021,
OPTSTK,CONCOR,27-May-2021,635,CE,0,0,0,36.9,10.5,0,0,0,0,19-APR-2021,
OPTSTK,CONCOR,27-May-2021,640,CE,0,0,0,35.4,9.65,0,0,0,0,19-APR-2021,
OPTSTK,CONCOR,27-May-2021,645,CE,0,0,0,33.9,8.85,0,0,0,0,19-APR-2021,
OPTSTK,CONCOR,27-May-2021,650,CE,0,0,0,32.9,8.15,0,0,0,0,19-APR-2021,
OPTSTK,CONCOR,27-May-2021,655,CE,0,0,0,31.1,7.45,0,0,0,0,19-APR-2021,
OPTSTK,CONCOR,27-May-2021,660,CE,0,0,0,29.8,6.8,0,0,0,0,19-APR-2021,
OPTSTK,CONCOR,27-May-2021,665,CE,0,0,0,28.55,6.25,0,0,0,0,19-APR-2021,
OPTSTK,CONCOR,27-May-2021,670,CE,0,0,0,27.3,5.7,0,0,0,0,19-APR-2021,
OPTSTK,CONCOR,27-May-2021,675,CE,0,0,0,26.15,5.2,0,0,0,0,19-APR-2021,
OPTSTK,CONCOR,27-May-2021,680,CE,0,0,0,25,4.75,0,0,0,0,19-APR-2021,
OPTSTK,CONCOR,27-May-2021,685,CE,0,0,0,23.9,4.35,0,0,0,0,19-APR-2021,
OPTSTK,CONCOR,27-May-2021,690,CE,0,0,0,22.85,3.95,0,0,0,0,19-APR-2021,
OPTSTK,CONCOR,27-May-2021,695,CE,0,0,0,21.85,3.6,0,0,0,0,19-APR-2021,
OPTSTK,CONCOR,27-May-2021,700,CE,0,0,0,20.9,3.25,0,0,0,0,19-APR-2021,
OPTSTK,CONCOR,27-May-2021,710,CE,0,0,0,19.05,2.7,0,0,0,0,19-APR-2021,
OPTSTK,CONCOR,27-May-2021,720,CE,0,0,0,17.4,2.2,0,0,0,0,19-APR-2021,
OPTSTK,CONCOR,27-May-2021,405,PE,0,0,0,4.1,0.75,0,0,0,0,19-APR-2021,
OPTSTK,CONCOR,27-May-2021,410,PE,0,0,0,4.6,0.95,0,0,0,0,19-APR-2021,
OPTSTK,CONCOR,27-May-2021,415,PE,0,0,0,5.1,1.15,0,0,0,0,19-APR-2021,
OPTSTK,CONCOR,27-May-2021,420,PE,0,0,0,5.7,1.35,0,0,0,0,19-APR-2021,
OPTSTK,CONCOR,27-May-2021,425,PE,0,0,0,6.35,1.65,0,0,0,0,19-APR-2021,
OPTSTK,CONCOR,27-May-2021,430,PE,0,0,0,7,1.95,0,0,0,0,19-APR-2021,
OPTSTK,CONCOR,27-May-2021,435,PE,0,0,0,7.75,2.3,0,0,0,0,19-APR-2021,
OPTSTK,CONCOR,27-May-2021,440,PE,0,0,0,8.5,2.7,0,0,0,0,19-APR-2021,
OPTSTK,CONCOR,27-May-2021,445,PE,0,0,0,9.35,3.2,0,0,0,0,19-APR-2021,
OPTSTK,CONCOR,27-May-2021,450,PE,0,0,0,10.25,3.7,0,0,0,0,19-APR-2021,
OPTSTK,CONCOR,27-May-2021,455,PE,0,0,0,11.2,4.3,0,0,0,0,19-APR-2021,
OPTSTK,CONCOR,27-May-2021,460,PE,0,0,0,12.2,5,0,0,0,0,19-APR-2021,
OPTSTK,CONCOR,27-May-2021,465,PE,0,0,0,13.3,5.75,0,0,0,0,19-APR-2021,
OPTSTK,CONCOR,27-May-2021,470,PE,0,0,0,14.45,6.55,0,0,0,0,19-APR-2021,
OPTSTK,CONCOR,27-May-2021,475,PE,0,0,0,15.65,7.45,0,0,0,0,19-APR-2021,
OPTSTK,CONCOR,27-May-2021,480,PE,0,0,0,16.95,8.45,0,0,0,0,19-APR-2021,
OPTSTK,CONCOR,27-May-2021,485,PE,0,0,0,18.25,9.55,0,0,0,0,19-APR-2021,
OPTSTK,CONCOR,27-May-2021,490,PE,0,0,0,19.65,10.7,0,0,0,0,19-APR-2021,
OPTSTK,CONCOR,27-May-2021,495,PE,0,0,0,21.15,12,0,0,0,0,19-APR-2021,
OPTSTK,CONCOR,27-May-2021,500,PE,0,0,0,22.7,13.4,0,0,0,0,19-APR-2021,
OPTSTK,CONCOR,27-May-2021,505,PE,0,0,0,24.3,14.85,0,0,0,0,19-APR-2021,
OPTSTK,CONCOR,27-May-2021,510,PE,0,0,0,25.95,16.45,0,0,0,0,19-APR-2021,
OPTSTK,CONCOR,27-May-2021,515,PE,0,0,0,27.7,18.15,0,0,0,0,19-APR-2021,
OPTSTK,CONCOR,27-May-2021,520,PE,0,0,0,29.55,20,0,0,0,0,19-APR-2021,
OPTSTK,CONCOR,27-May-2021,525,PE,0,0,0,31.45,21.9,0,0,0,0,19-APR-2021,
OPTSTK,CONCOR,27-May-2021,530,PE,0,0,0,33.4,23.95,0,0,0,0,19-APR-2021,
OPTSTK,CONCOR,27-May-2021,535,PE,0,0,0,35.45,26.15,0,0,0,0,19-APR-2021,
OPTSTK,CONCOR,27-May-2021,540,PE,0,0,0,37.6,28.4,0,0,0,0,19-APR-2021,
OPTSTK,CONCOR,27-May-2021,545,PE,0,0,0,39.75,30.8,0,0,0,0,19-APR-2021,
OPTSTK,CONCOR,27-May-2021,550,PE,0,0,0,42.05,33.3,0,0,0,0,19-APR-2021,
OPTSTK,CONCOR,27-May-2021,555,PE,0,0,0,44.35,35.9,0,0,0,0,19-APR-2021,
OPTSTK,CONCOR,27-May-2021,560,PE,0,0,0,46.75,38.65,0,0,0,0,19-APR-2021,
OPTSTK,CONCOR,27-May-2021,565,PE,0,0,0,49.25,41.5,0,0,0,0,19-APR-2021,
OPTSTK,CONCOR,27-May-2021,570,PE,0,0,0,51.8,44.4,0,0,0,0,19-APR-2021,
OPTSTK,CONCOR,27-May-2021,575,PE,0,0,0,54.4,47.45,0,0,0,0,19-APR-2021,
OPTSTK,CONCOR,27-May-2021,580,PE,0,0,0,57.1,50.6,0,0,0,0,19-APR-2021,
OPTSTK,CONCOR,27-May-2021,585,PE,0,0,0,59.85,53.85,0,0,0,0,19-APR-2021,
OPTSTK,CONCOR,27-May-2021,590,PE,0,0,0,62.65,57.2,0,0,0,0,19-APR-2021,
OPTSTK,CONCOR,27-May-2021,595,PE,0,0,0,65.55,60.65,0,0,0,0,19-APR-2021,
OPTSTK,CONCOR,27-May-2021,600,PE,0,0,0,68.45,64.2,0,0,0,0,19-APR-2021,
OPTSTK,CONCOR,27-May-2021,605,PE,0,0,0,71.5,67.8,0,0,0,0,19-APR-2021,
OPTSTK,CONCOR,27-May-2021,610,PE,0,0,0,74.55,71.55,0,0,0,0,19-APR-2021,
OPTSTK,CONCOR,27-May-2021,615,PE,0,0,0,77.7,75.3,0,0,0,0,19-APR-2021,
OPTSTK,CONCOR,27-May-2021,620,PE,0,0,0,80.9,79.2,0,0,0,0,19-APR-2021,
OPTSTK,CONCOR,27-May-2021,625,PE,0,0,0,84.15,83.1,0,0,0,0,19-APR-2021,
OPTSTK,CONCOR,27-May-2021,630,PE,0,0,0,87.45,87.1,0,0,0,0,19-APR-2021,
OPTSTK,CONCOR,27-May-2021,635,PE,0,0,0,90.8,91.15,0,0,0,0,19-APR-2021,
OPTSTK,CONCOR,27-May-2021,640,PE,0,0,0,94.25,95.3,0,0,0,0,19-APR-2021,
OPTSTK,CONCOR,27-May-2021,645,PE,0,0,0,97.7,99.5,0,0,0,0,19-APR-2021,
OPTSTK,CONCOR,27-May-2021,650,PE,0,0,0,101.25,103.75,0,0,0,0,19-APR-2021,
OPTSTK,CONCOR,27-May-2021,655,PE,0,0,0,104.8,108.05,0,0,0,0,19-APR-2021,
OPTSTK,CONCOR,27-May-2021,660,PE,0,0,0,108.45,112.4,0,0,0,0,19-APR-2021,
OPTSTK,CONCOR,27-May-2021,665,PE,0,0,0,112.15,116.8,0,0,0,0,19-APR-2021,
OPTSTK,CONCOR,27-May-2021,670,PE,0,0,0,115.9,121.25,0,0,0,0,19-APR-2021,
OPTSTK,CONCOR,27-May-2021,675,PE,0,0,0,119.65,125.75,0,0,0,0,19-APR-2021,
OPTSTK,CONCOR,27-May-2021,680,PE,0,0,0,123.5,130.25,0,0,0,0,19-APR-2021,
OPTSTK,CONCOR,27-May-2021,685,PE,0,0,0,127.35,134.8,0,0,0,0,19-APR-2021,
OPTSTK,CONCOR,27-May-2021,690,PE,0,0,0,131.25,139.4,0,0,0,0,19-APR-2021,
OPTSTK,CONCOR,27-May-2021,695,PE,0,0,0,135.2,144.05,0,0,0,0,19-APR-2021,
OPTSTK,CONCOR,27-May-2021,700,PE,0,0,0,139.2,148.7,0,0,0,0,19-APR-2021,
OPTSTK,CONCOR,27-May-2021,710,PE,0,0,0,147.25,158.1,0,0,0,0,19-APR-2021,
OPTSTK,CONCOR,27-May-2021,720,PE,0,0,0,155.5,167.55,0,0,0,0,19-APR-2021,
OPTSTK,CONCOR,24-Jun-2021,410,CE,0,0,0,150.2,148.05,0,0,0,0,19-APR-2021,
OPTSTK,CONCOR,24-Jun-2021,420,CE,0,0,0,141.8,139.15,0,0,0,0,19-APR-2021,
OPTSTK,CONCOR,24-Jun-2021,430,CE,0,0,0,133.6,130.45,0,0,0,0,19-APR-2021,
OPTSTK,CONCOR,24-Jun-2021,440,CE,0,0,0,125.65,121.95,0,0,0,0,19-APR-2021,
OPTSTK,CONCOR,24-Jun-2021,450,CE,0,0,0,117.95,113.75,0,0,0,0,19-APR-2021,
OPTSTK,CONCOR,24-Jun-2021,460,CE,0,0,0,110.5,105.85,0,0,0,0,19-APR-2021,
OPTSTK,CONCOR,24-Jun-2021,470,CE,0,0,0,103.4,98.2,0,0,0,0,19-APR-2021,
OPTSTK,CONCOR,24-Jun-2021,480,CE,0,0,0,96.5,90.9,0,0,0,0,19-APR-2021,
OPTSTK,CONCOR,24-Jun-2021,490,CE,0,0,0,89.95,83.9,0,0,0,0,19-APR-2021,
OPTSTK,CONCOR,24-Jun-2021,500,CE,0,0,0,83.7,77.2,0,0,0,0,19-APR-2021,
OPTSTK,CONCOR,24-Jun-2021,510,CE,0,0,0,77.75,70.9,0,0,0,0,19-APR-2021,
OPTSTK,CONCOR,24-Jun-2021,520,CE,0,0,0,72.1,64.95,0,0,0,0,19-APR-2021,
OPTSTK,CONCOR,24-Jun-2021,530,CE,0,0,0,66.75,59.35,0,0,0,0,19-APR-2021,
OPTSTK,CONCOR,24-Jun-2021,540,CE,0,0,0,61.7,54.1,0,0,0,0,19-APR-2021,
OPTSTK,CONCOR,24-Jun-2021,550,CE,0,0,0,56.95,49.2,0,0,0,0,19-APR-2021,
OPTSTK,CONCOR,24-Jun-2021,560,CE,0,0,0,52.5,44.6,0,0,0,0,19-APR-2021,
OPTSTK,CONCOR,24-Jun-2021,570,CE,0,0,0,48.3,40.4,0,0,0,0,19-APR-2021,
OPTSTK,CONCOR,24-Jun-2021,580,CE,0,0,0,44.4,36.45,0,0,0,0,19-APR-2021,
OPTSTK,CONCOR,24-Jun-2021,590,CE,0,0,0,40.75,32.85,0,0,0,0,19-APR-2021,
OPTSTK,CONCOR,24-Jun-2021,600,CE,0,0,0,37.35,29.55,0,0,0,0,19-APR-2021,
OPTSTK,CONCOR,24-Jun-2021,610,CE,0,0,0,34.15,26.5,0,0,0,0,19-APR-2021,
OPTSTK,CONCOR,24-Jun-2021,620,CE,0,0,0,31.25,23.75,0,0,0,0,19-APR-2021,
OPTSTK,CONCOR,24-Jun-2021,630,CE,0,0,0,28.5,21.25,0,0,0,0,19-APR-2021,
OPTSTK,CONCOR,24-Jun-2021,640,CE,0,0,0,26.05,18.95,0,0,0,0,19-APR-2021,
OPTSTK,CONCOR,24-Jun-2021,650,CE,0,0,0,23.7,16.9,0,0,0,0,19-APR-2021,
OPTSTK,CONCOR,24-Jun-2021,660,CE,0,0,0,21.6,15,0,0,0,0,19-APR-2021,
OPTSTK,CONCOR,24-Jun-2021,670,CE,0,0,0,19.65,13.3,0,0,0,0,19-APR-2021,
OPTSTK,CONCOR,24-Jun-2021,680,CE,0,0,0,17.8,11.8,0,0,0,0,19-APR-2021,
OPTSTK,CONCOR,24-Jun-2021,690,CE,0,0,0,16.15,10.4,0,0,0,0,19-APR-2021,
OPTSTK,CONCOR,24-Jun-2021,700,CE,0,0,0,14.65,9.2,0,0,0,0,19-APR-2021,
OPTSTK,CONCOR,24-Jun-2021,710,CE,0,0,0,13.25,8.1,0,0,0,0,19-APR-2021,
OPTSTK,CONCOR,24-Jun-2021,720,CE,0,0,0,12,7.15,0,0,0,0,19-APR-2021,
OPTSTK,CONCOR,24-Jun-2021,410,PE,0,0,0,6.45,3.45,0,0,0,0,19-APR-2021,
OPTSTK,CONCOR,24-Jun-2021,420,PE,0,0,0,7.9,4.45,0,0,0,0,19-APR-2021,
OPTSTK,CONCOR,24-Jun-2021,430,PE,0,0,0,9.65,5.7,0,0,0,0,19-APR-2021,
OPTSTK,CONCOR,24-Jun-2021,440,PE,0,0,0,11.6,7.15,0,0,0,0,19-APR-2021,
OPTSTK,CONCOR,24-Jun-2021,450,PE,0,0,0,13.8,8.85,0,0,0,0,19-APR-2021,
OPTSTK,CONCOR,24-Jun-2021,460,PE,0,0,0,16.3,10.85,0,0,0,0,19-APR-2021,
OPTSTK,CONCOR,24-Jun-2021,470,PE,0,0,0,19.05,13.15,0,0,0,0,19-APR-2021,
OPTSTK,CONCOR,24-Jun-2021,480,PE,0,0,0,22.1,15.8,0,0,0,0,19-APR-2021,
OPTSTK,CONCOR,24-Jun-2021,490,PE,0,0,0,25.45,18.75,0,0,0,0,19-APR-2021,
OPTSTK,CONCOR,24-Jun-2021,500,PE,0,0,0,29.1,22,0,0,0,0,19-APR-2021,
OPTSTK,CONCOR,24-Jun-2021,510,PE,0,0,0,33.05,25.6,0,0,0,0,19-APR-2021,
OPTSTK,CONCOR,24-Jun-2021,520,PE,0,0,0,37.3,29.6,0,0,0,0,19-APR-2021,
OPTSTK,CONCOR,24-Jun-2021,530,PE,0,0,0,41.9,33.9,0,0,0,0,19-APR-2021,
OPTSTK,CONCOR,24-Jun-2021,540,PE,0,0,0,46.75,38.6,0,0,0,0,19-APR-2021,
OPTSTK,CONCOR,24-Jun-2021,550,PE,0,0,0,51.9,43.65,0,0,0,0,19-APR-2021,
OPTSTK,CONCOR,24-Jun-2021,560,PE,0,0,0,57.35,49,0,0,0,0,19-APR-2021,
OPTSTK,CONCOR,24-Jun-2021,570,PE,0,0,0,63.05,54.7,0,0,0,0,19-APR-2021,
OPTSTK,CONCOR,24-Jun-2021,580,PE,0,0,0,69.05,60.7,0,0,0,0,19-APR-2021,
OPTSTK,CONCOR,24-Jun-2021,590,PE,0,0,0,75.3,67,0,0,0,0,19-APR-2021,
OPTSTK,CONCOR,24-Jun-2021,600,PE,0,0,0,81.8,73.65,0,0,0,0,19-APR-2021,
OPTSTK,CONCOR,24-Jun-2021,610,PE,0,0,0,88.55,80.55,0,0,0,0,19-APR-2021,
OPTSTK,CONCOR,24-Jun-2021,620,PE,0,0,0,95.5,87.7,0,0,0,0,19-APR-2021,
OPTSTK,CONCOR,24-Jun-2021,630,PE,0,0,0,102.7,95.15,0,0,0,0,19-APR-2021,
OPTSTK,CONCOR,24-Jun-2021,640,PE,0,0,0,110.15,102.75,0,0,0,0,19-APR-2021,
OPTSTK,CONCOR,24-Jun-2021,650,PE,0,0,0,117.7,110.65,0,0,0,0,19-APR-2021,
OPTSTK,CONCOR,24-Jun-2021,660,PE,0,0,0,125.5,118.7,0,0,0,0,19-APR-2021,
OPTSTK,CONCOR,24-Jun-2021,670,PE,0,0,0,133.45,126.9,0,0,0,0,19-APR-2021,
OPTSTK,CONCOR,24-Jun-2021,680,PE,0,0,0,141.55,135.35,0,0,0,0,19-APR-2021,
OPTSTK,CONCOR,24-Jun-2021,690,PE,0,0,0,149.8,143.9,0,0,0,0,19-APR-2021,
OPTSTK,CONCOR,24-Jun-2021,700,PE,0,0,0,158.2,152.6,0,0,0,0,19-APR-2021,
OPTSTK,CONCOR,24-Jun-2021,710,PE,0,0,0,166.7,161.45,0,0,0,0,19-APR-2021,
OPTSTK,CONCOR,24-Jun-2021,720,PE,0,0,0,175.35,170.4,0,0,0,0,19-APR-2021,
OPTSTK,CUB,29-Apr-2021,120,CE,0,0,0,48.3,38.15,0,0,0,0,19-APR-2021,
OPTSTK,CUB,29-Apr-2021,122.5,CE,0,0,0,45.8,35.65,0,0,0,0,19-APR-2021,
OPTSTK,CUB,29-Apr-2021,125,CE,0,0,0,43.35,33.15,0,0,0,0,19-APR-2021,
OPTSTK,CUB,29-Apr-2021,127.5,CE,0,0,0,40.85,30.65,0,0,0,0,19-APR-2021,
OPTSTK,CUB,29-Apr-2021,130,CE,0,0,0,38.35,28.2,0,0,0,0,19-APR-2021,
OPTSTK,CUB,29-Apr-2021,132.5,CE,0,0,0,35.85,25.75,0,0,0,0,19-APR-2021,
OPTSTK,CUB,29-Apr-2021,135,CE,0,0,0,33.4,23.3,0,0,0,0,19-APR-2021,
OPTSTK,CUB,29-Apr-2021,137.5,CE,0,0,0,30.9,20.9,0,0,0,0,19-APR-2021,
OPTSTK,CUB,29-Apr-2021,140,CE,0,0,0,28.4,18.55,0,0,0,0,19-APR-2021,
OPTSTK,CUB,29-Apr-2021,142.5,CE,0,0,0,25.95,16.3,0,0,0,0,19-APR-2021,
OPTSTK,CUB,29-Apr-2021,145,CE,0,0,0,23.45,14.15,0,0,0,0,19-APR-2021,
OPTSTK,CUB,29-Apr-2021,147.5,CE,0,0,0,20.95,12.1,0,0,0,0,19-APR-2021,
OPTSTK,CUB,29-Apr-2021,150,CE,0,0,0,8.05,10.2,0,0,3100,0,19-APR-2021,
OPTSTK,CUB,29-Apr-2021,152.5,CE,0,0,0,16,8.5,0,0,0,0,19-APR-2021,
OPTSTK,CUB,29-Apr-2021,155,CE,10.2,10.2,10.2,10.2,6.95,1,5.12,9300,3100,19-APR-2021,
OPTSTK,CUB,29-Apr-2021,157.5,CE,0,0,0,11.05,5.6,0,0,0,0,19-APR-2021,
OPTSTK,CUB,29-Apr-2021,160,CE,3.65,5.1,3.65,3.7,3.7,17,86.48,235600,15500,19-APR-2021,
OPTSTK,CUB,29-Apr-2021,162.5,CE,0,0,0,6.05,3.45,0,0,0,0,19-APR-2021,
OPTSTK,CUB,29-Apr-2021,165,CE,2.8,2.8,2.1,2.3,2.3,6,31.13,120900,-3100,19-APR-2021,
OPTSTK,CUB,29-Apr-2021,167.5,CE,0,0,0,4.6,2,0,0,3100,0,19-APR-2021,
OPTSTK,CUB,29-Apr-2021,170,CE,1.25,1.65,1.2,1.45,1.45,42,223.2,316200,0,19-APR-2021,
OPTSTK,CUB,29-Apr-2021,172.5,CE,0.65,1.5,0.65,1.05,1.1,6,32.27,9300,-3100,19-APR-2021,
OPTSTK,CUB,29-Apr-2021,175,CE,0.7,0.9,0.7,0.8,0.8,7,38.14,83700,-15500,19-APR-2021,
OPTSTK,CUB,29-Apr-2021,177.5,CE,0,0,0,1.05,0.55,0,0,6200,0,19-APR-2021,
OPTSTK,CUB,29-Apr-2021,180,CE,0.5,0.75,0.4,0.5,0.4,24,134.31,269700,-34100,19-APR-2021,
OPTSTK,CUB,29-Apr-2021,182.5,CE,0,0,0,0.7,0.25,0,0,12400,0,19-APR-2021,
OPTSTK,CUB,29-Apr-2021,185,CE,0.65,2.6,0.65,2.6,0.2,8,46.19,18600,18600,19-APR-2021,
OPTSTK,CUB,29-Apr-2021,187.5,CE,0,0,0,0.05,0.15,0,0,0,0,19-APR-2021,
OPTSTK,CUB,29-Apr-2021,190,CE,0.4,1,0.1,0.15,0.15,18,106.24,102300,9300,19-APR-2021,
OPTSTK,CUB,29-Apr-2021,192.5,CE,0,0,0,0.05,0.05,0,0,0,0,19-APR-2021,
OPTSTK,CUB,29-Apr-2021,195,CE,0,0,0,0.05,0.05,0,0,0,0,19-APR-2021,
OPTSTK,CUB,29-Apr-2021,197.5,CE,0,0,0,0.05,0.05,0,0,0,0,19-APR-2021,
OPTSTK,CUB,29-Apr-2021,200,CE,0.2,0.2,0.1,0.1,0.05,7,43.43,142600,-12400,19-APR-2021,
OPTSTK,CUB,29-Apr-2021,202.5,CE,0,0,0,0.05,0.05,0,0,0,0,19-APR-2021,
OPTSTK,CUB,29-Apr-2021,205,CE,0,0,0,0.05,0,0,0,0,0,19-APR-2021,
OPTSTK,CUB,29-Apr-2021,207.5,CE,0,0,0,0.05,0,0,0,0,0,19-APR-2021,
OPTSTK,CUB,29-Apr-2021,210,CE,0,0,0,0.05,0,0,0,0,0,19-APR-2021,
OPTSTK,CUB,29-Apr-2021,212.5,CE,0,0,0,0.15,0,0,0,3100,0,19-APR-2021,
OPTSTK,CUB,29-Apr-2021,215,CE,0,0,0,0.05,0,0,0,0,0,19-APR-2021,
OPTSTK,CUB,29-Apr-2021,217.5,CE,0,0,0,0.05,0,0,0,0,0,19-APR-2021,
OPTSTK,CUB,29-Apr-2021,120,PE,0,0,0,0.05,0,0,0,0,0,19-APR-2021,
OPTSTK,CUB,29-Apr-2021,122.5,PE,0,0,0,0.05,0,0,0,0,0,19-APR-2021,
OPTSTK,CUB,29-Apr-2021,125,PE,0,0,0,0.05,0.05,0,0,0,0,19-APR-2021,
OPTSTK,CUB,29-Apr-2021,127.5,PE,0,0,0,0.05,0.05,0,0,0,0,19-APR-2021,
OPTSTK,CUB,29-Apr-2021,130,PE,0,0,0,0.5,0.05,0,0,3100,0,19-APR-2021,
OPTSTK,CUB,29-Apr-2021,132.5,PE,0,0,0,0.05,0.1,0,0,0,0,19-APR-2021,
OPTSTK,CUB,29-Apr-2021,135,PE,0,0,0,1.75,0.15,0,0,3100,0,19-APR-2021,
OPTSTK,CUB,29-Apr-2021,137.5,PE,0,0,0,0.05,0.25,0,0,0,0,19-APR-2021,
OPTSTK,CUB,29-Apr-2021,140,PE,0,0,0,0.9,0.4,0,0,142600,0,19-APR-2021,
OPTSTK,CUB,29-Apr-2021,142.5,PE,0,0,0,1.8,0.65,0,0,0,0,19-APR-2021,
OPTSTK,CUB,29-Apr-2021,145,PE,0,0,0,1.95,1,0,0,46500,0,19-APR-2021,
OPTSTK,CUB,29-Apr-2021,147.5,PE,0,0,0,1.4,1.45,0,0,6200,0,19-APR-2021,
OPTSTK,CUB,29-Apr-2021,150,PE,1.75,3,1.75,3,2.05,2,9.44,176700,-3100,19-APR-2021,
OPTSTK,CUB,29-Apr-2021,152.5,PE,0,0,0,1.7,2.85,0,0,3100,0,19-APR-2021,
OPTSTK,CUB,29-Apr-2021,155,PE,3.4,4.25,3.4,4.25,3.8,2,9.84,37200,3100,19-APR-2021,
OPTSTK,CUB,29-Apr-2021,157.5,PE,0,0,0,5.5,4.95,0,0,0,0,19-APR-2021,
OPTSTK,CUB,29-Apr-2021,160,PE,6.55,6.55,4.95,5.65,6.3,10,51.41,201500,0,19-APR-2021,
OPTSTK,CUB,29-Apr-2021,162.5,PE,0,0,0,6.2,7.8,0,0,0,0,19-APR-2021,
OPTSTK,CUB,29-Apr-2021,165,PE,0,0,0,7.2,9.5,0,0,3100,0,19-APR-2021,
OPTSTK,CUB,29-Apr-2021,167.5,PE,0,0,0,0.05,11.35,0,0,0,0,19-APR-2021,
OPTSTK,CUB,29-Apr-2021,170,PE,0,0,0,10,13.3,0,0,130200,0,19-APR-2021,
OPTSTK,CUB,29-Apr-2021,172.5,PE,0,0,0,3.9,15.4,0,0,0,0,19-APR-2021,
OPTSTK,CUB,29-Apr-2021,175,PE,0,0,0,6.4,17.6,0,0,0,0,19-APR-2021,
OPTSTK,CUB,29-Apr-2021,177.5,PE,0,0,0,8.85,19.9,0,0,0,0,19-APR-2021,
OPTSTK,CUB,29-Apr-2021,180,PE,0,0,0,11.35,22.2,0,0,0,0,19-APR-2021,
OPTSTK,CUB,29-Apr-2021,182.5,PE,0,0,0,13.85,24.6,0,0,0,0,19-APR-2021,
OPTSTK,CUB,29-Apr-2021,185,PE,0,0,0,16.35,27,0,0,0,0,19-APR-2021,
OPTSTK,CUB,29-Apr-2021,187.5,PE,0,0,0,18.8,29.45,0,0,0,0,19-APR-2021,
OPTSTK,CUB,29-Apr-2021,190,PE,0,0,0,21.3,31.9,0,0,0,0,19-APR-2021,
OPTSTK,CUB,29-Apr-2021,192.5,PE,0,0,0,23.8,34.35,0,0,0,0,19-APR-2021,
OPTSTK,CUB,29-Apr-2021,195,PE,0,0,0,26.25,36.85,0,0,0,0,19-APR-2021,
OPTSTK,CUB,29-Apr-2021,197.5,PE,0,0,0,28.75,39.35,0,0,0,0,19-APR-2021,
OPTSTK,CUB,29-Apr-2021,200,PE,0,0,0,31.25,41.85,0,0,0,0,19-APR-2021,
OPTSTK,CUB,29-Apr-2021,202.5,PE,0,0,0,33.7,44.35,0,0,0,0,19-APR-2021,
OPTSTK,CUB,29-Apr-2021,205,PE,0,0,0,36.2,46.8,0,0,0,0,19-APR-2021,
OPTSTK,CUB,29-Apr-2021,207.5,PE,0,0,0,38.7,49.3,0,0,0,0,19-APR-2021,
OPTSTK,CUB,29-Apr-2021,210,PE,0,0,0,41.15,51.8,0,0,0,0,19-APR-2021,
OPTSTK,CUB,29-Apr-2021,212.5,PE,0,0,0,43.65,54.3,0,0,0,0,19-APR-2021,
OPTSTK,CUB,29-Apr-2021,215,PE,0,0,0,46.15,56.8,0,0,0,0,19-APR-2021,
OPTSTK,CUB,29-Apr-2021,217.5,PE,0,0,0,48.6,59.3,0,0,0,0,19-APR-2021,
OPTSTK,CUB,27-May-2021,120,CE,0,0,0,48.65,38.9,0,0,0,0,19-APR-2021,
OPTSTK,CUB,27-May-2021,122.5,CE,0,0,0,46.15,36.55,0,0,0,0,19-APR-2021,
OPTSTK,CUB,27-May-2021,125,CE,0,0,0,43.7,34.25,0,0,0,0,19-APR-2021,
OPTSTK,CUB,27-May-2021,127.5,CE,0,0,0,41.2,32,0,0,0,0,19-APR-2021,
OPTSTK,CUB,27-May-2021,130,CE,0,0,0,38.75,29.75,0,0,0,0,19-APR-2021,
OPTSTK,CUB,27-May-2021,132.5,CE,0,0,0,36.25,27.65,0,0,0,0,19-APR-2021,
OPTSTK,CUB,27-May-2021,135,CE,0,0,0,33.8,25.55,0,0,0,0,19-APR-2021,
OPTSTK,CUB,27-May-2021,137.5,CE,0,0,0,31.3,23.55,0,0,0,0,19-APR-2021,
OPTSTK,CUB,27-May-2021,140,CE,0,0,0,27,21.65,0,0,3100,0,19-APR-2021,
OPTSTK,CUB,27-May-2021,142.5,CE,0,0,0,26.35,19.8,0,0,0,0,19-APR-2021,
OPTSTK,CUB,27-May-2021,145,CE,0,0,0,23.85,18.05,0,0,0,0,19-APR-2021,
OPTSTK,CUB,27-May-2021,147.5,CE,0,0,0,21.4,16.4,0,0,0,0,19-APR-2021,
OPTSTK,CUB,27-May-2021,150,CE,0,0,0,18.9,14.85,0,0,0,0,19-APR-2021,
OPTSTK,CUB,27-May-2021,152.5,CE,0,0,0,16.45,13.4,0,0,0,0,19-APR-2021,
OPTSTK,CUB,27-May-2021,155,CE,0,0,0,13.95,12.05,0,0,0,0,19-APR-2021,
OPTSTK,CUB,27-May-2021,157.5,CE,0,0,0,11.5,10.8,0,0,0,0,19-APR-2021,
OPTSTK,CUB,27-May-2021,160,CE,0,0,0,9,9.65,0,0,0,0,19-APR-2021,
OPTSTK,CUB,27-May-2021,162.5,CE,0,0,0,6.55,8.55,0,0,0,0,19-APR-2021,
OPTSTK,CUB,27-May-2021,165,CE,0,0,0,4.05,7.6,0,0,0,0,19-APR-2021,
OPTSTK,CUB,27-May-2021,167.5,CE,0,0,0,1.6,6.7,0,0,0,0,19-APR-2021,
OPTSTK,CUB,27-May-2021,170,CE,0,0,0,7.8,5.9,0,0,3100,0,19-APR-2021,
OPTSTK,CUB,27-May-2021,172.5,CE,0,0,0,0.05,5.2,0,0,0,0,19-APR-2021,
OPTSTK,CUB,27-May-2021,175,CE,0,0,0,0.05,4.55,0,0,0,0,19-APR-2021,
OPTSTK,CUB,27-May-2021,177.5,CE,0,0,0,0.05,3.95,0,0,0,0,19-APR-2021,
OPTSTK,CUB,27-May-2021,180,CE,0,0,0,7,3.45,0,0,3100,0,19-APR-2021,
OPTSTK,CUB,27-May-2021,182.5,CE,0,0,0,0.05,3,0,0,0,0,19-APR-2021,
OPTSTK,CUB,27-May-2021,185,CE,0,0,0,0.05,2.6,0,0,0,0,19-APR-2021,
OPTSTK,CUB,27-May-2021,187.5,CE,0,0,0,0.05,2.2,0,0,0,0,19-APR-2021,
OPTSTK,CUB,27-May-2021,190,CE,0,0,0,0.05,1.9,0,0,0,0,19-APR-2021,
OPTSTK,CUB,27-May-2021,192.5,CE,0,0,0,0.05,1.65,0,0,0,0,19-APR-2021,
OPTSTK,CUB,27-May-2021,195,CE,0,0,0,0.05,1.4,0,0,0,0,19-APR-2021,
OPTSTK,CUB,27-May-2021,197.5,CE,0,0,0,0.05,1.2,0,0,0,0,19-APR-2021,
OPTSTK,CUB,27-May-2021,200,CE,0,0,0,0.05,1,0,0,0,0,19-APR-2021,
OPTSTK,CUB,27-May-2021,202.5,CE,0,0,0,0.05,0.85,0,0,0,0,19-APR-2021,
OPTSTK,CUB,27-May-2021,205,CE,0,0,0,0.05,0.75,0,0,0,0,19-APR-2021,
OPTSTK,CUB,27-May-2021,207.5,CE,0,0,0,0.05,0.65,0,0,0,0,19-APR-2021,
OPTSTK,CUB,27-May-2021,210,CE,0,0,0,0.05,0.55,0,0,0,0,19-APR-2021,
OPTSTK,CUB,27-May-2021,212.5,CE,0,0,0,0.05,0.45,0,0,0,0,19-APR-2021,
OPTSTK,CUB,27-May-2021,215,CE,0,0,0,0.05,0.4,0,0,0,0,19-APR-2021,
OPTSTK,CUB,27-May-2021,217.5,CE,0,0,0,0.05,0.3,0,0,0,0,19-APR-2021,
OPTSTK,CUB,27-May-2021,120,PE,0,0,0,0.05,0.4,0,0,0,0,19-APR-2021,
OPTSTK,CUB,27-May-2021,122.5,PE,0,0,0,0.05,0.55,0,0,0,0,19-APR-2021,
OPTSTK,CUB,27-May-2021,125,PE,0,0,0,0.05,0.75,0,0,0,0,19-APR-2021,
OPTSTK,CUB,27-May-2021,127.5,PE,0,0,0,0.05,1,0,0,0,0,19-APR-2021,
OPTSTK,CUB,27-May-2021,130,PE,0,0,0,0.05,1.25,0,0,0,0,19-APR-2021,
OPTSTK,CUB,27-May-2021,132.5,PE,0,0,0,0.05,1.6,0,0,0,0,19-APR-2021,
OPTSTK,CUB,27-May-2021,135,PE,0,0,0,0.05,2.05,0,0,0,0,19-APR-2021,
OPTSTK,CUB,27-May-2021,137.5,PE,0,0,0,0.05,2.5,0,0,0,0,19-APR-2021,
OPTSTK,CUB,27-May-2021,140,PE,0,0,0,0.05,3.1,0,0,0,0,19-APR-2021,
OPTSTK,CUB,27-May-2021,142.5,PE,0,0,0,0.05,3.75,0,0,0,0,19-APR-2021,
OPTSTK,CUB,27-May-2021,145,PE,0,0,0,0.05,4.5,0,0,0,0,19-APR-2021,
OPTSTK,CUB,27-May-2021,147.5,PE,0,0,0,0.05,5.35,0,0,0,0,19-APR-2021,
OPTSTK,CUB,27-May-2021,150,PE,0,0,0,0.05,6.25,0,0,0,0,19-APR-2021,
OPTSTK,CUB,27-May-2021,152.5,PE,0,0,0,0.05,7.3,0,0,0,0,19-APR-2021,
OPTSTK,CUB,27-May-2021,155,PE,0,0,0,0.05,8.45,0,0,0,0,19-APR-2021,
OPTSTK,CUB,27-May-2021,157.5,PE,0,0,0,0.05,9.7,0,0,0,0,19-APR-2021,
OPTSTK,CUB,27-May-2021,160,PE,0,0,0,0.05,11,0,0,0,0,19-APR-2021,
OPTSTK,CUB,27-May-2021,162.5,PE,0,0,0,0.05,12.45,0,0,0,0,19-APR-2021,
OPTSTK,CUB,27-May-2021,165,PE,0,0,0,0.05,13.95,0,0,0,0,19-APR-2021,
OPTSTK,CUB,27-May-2021,167.5,PE,0,0,0,0.05,15.55,0,0,0,0,19-APR-2021,
OPTSTK,CUB,27-May-2021,170,PE,0,0,0,0.95,17.25,0,0,0,0,19-APR-2021,
OPTSTK,CUB,27-May-2021,172.5,PE,0,0,0,3.4,19,0,0,0,0,19-APR-2021,
OPTSTK,CUB,27-May-2021,175,PE,0,0,0,5.9,20.85,0,0,0,0,19-APR-2021,
OPTSTK,CUB,27-May-2021,177.5,PE,0,0,0,8.35,22.75,0,0,0,0,19-APR-2021,
OPTSTK,CUB,27-May-2021,180,PE,0,0,0,10.85,24.75,0,0,0,0,19-APR-2021,
OPTSTK,CUB,27-May-2021,182.5,PE,0,0,0,13.3,26.75,0,0,0,0,19-APR-2021,
OPTSTK,CUB,27-May-2021,185,PE,0,0,0,15.8,28.85,0,0,0,0,19-APR-2021,
OPTSTK,CUB,27-May-2021,187.5,PE,0,0,0,18.3,31,0,0,0,0,19-APR-2021,
OPTSTK,CUB,27-May-2021,190,PE,0,0,0,20.75,33.15,0,0,0,0,19-APR-2021,
OPTSTK,CUB,27-May-2021,192.5,PE,0,0,0,23.25,35.4,0,0,0,0,19-APR-2021,
OPTSTK,CUB,27-May-2021,195,PE,0,0,0,25.7,37.65,0,0,0,0,19-APR-2021,
OPTSTK,CUB,27-May-2021,197.5,PE,0,0,0,28.2,39.95,0,0,0,0,19-APR-2021,
OPTSTK,CUB,27-May-2021,200,PE,0,0,0,30.65,42.25,0,0,0,0,19-APR-2021,
OPTSTK,CUB,27-May-2021,202.5,PE,0,0,0,33.15,44.6,0,0,0,0,19-APR-2021,
OPTSTK,CUB,27-May-2021,205,PE,0,0,0,35.6,46.95,0,0,0,0,19-APR-2021,
OPTSTK,CUB,27-May-2021,207.5,PE,0,0,0,38.1,49.3,0,0,0,0,19-APR-2021,
OPTSTK,CUB,27-May-2021,210,PE,0,0,0,40.55,51.7,0,0,0,0,19-APR-2021,
OPTSTK,CUB,27-May-2021,212.5,PE,0,0,0,43.05,54.1,0,0,0,0,19-APR-2021,
OPTSTK,CUB,27-May-2021,215,PE,0,0,0,45.5,56.55,0,0,0,0,19-APR-2021,
OPTSTK,CUB,27-May-2021,217.5,PE,0,0,0,48,58.95,0,0,0,0,19-APR-2021,
OPTSTK,CUB,24-Jun-2021,120,CE,0,0,0,43.9,40.15,0,0,0,0,19-APR-2021,
OPTSTK,CUB,24-Jun-2021,122.5,CE,0,0,0,41.8,37.95,0,0,0,0,19-APR-2021,
OPTSTK,CUB,24-Jun-2021,125,CE,0,0,0,39.75,35.8,0,0,0,0,19-APR-2021,
OPTSTK,CUB,24-Jun-2021,127.5,CE,0,0,0,37.75,33.75,0,0,0,0,19-APR-2021,
OPTSTK,CUB,24-Jun-2021,130,CE,0,0,0,35.8,31.75,0,0,0,0,19-APR-2021,
OPTSTK,CUB,24-Jun-2021,132.5,CE,0,0,0,33.9,29.8,0,0,0,0,19-APR-2021,
OPTSTK,CUB,24-Jun-2021,135,CE,0,0,0,32.1,27.9,0,0,0,0,19-APR-2021,
OPTSTK,CUB,24-Jun-2021,137.5,CE,0,0,0,30.3,26.1,0,0,0,0,19-APR-2021,
OPTSTK,CUB,24-Jun-2021,140,CE,0,0,0,28.6,24.35,0,0,0,0,19-APR-2021,
OPTSTK,CUB,24-Jun-2021,142.5,CE,0,0,0,26.95,22.65,0,0,0,0,19-APR-2021,
OPTSTK,CUB,24-Jun-2021,145,CE,0,0,0,25.35,21.1,0,0,0,0,19-APR-2021,
OPTSTK,CUB,24-Jun-2021,147.5,CE,0,0,0,23.85,19.55,0,0,0,0,19-APR-2021,
OPTSTK,CUB,24-Jun-2021,150,CE,0,0,0,22.4,18.1,0,0,0,0,19-APR-2021,
OPTSTK,CUB,24-Jun-2021,152.5,CE,0,0,0,21,16.75,0,0,0,0,19-APR-2021,
OPTSTK,CUB,24-Jun-2021,155,CE,0,0,0,19.65,15.45,0,0,0,0,19-APR-2021,
OPTSTK,CUB,24-Jun-2021,157.5,CE,0,0,0,18.4,14.25,0,0,0,0,19-APR-2021,
OPTSTK,CUB,24-Jun-2021,160,CE,0,0,0,17.2,13.1,0,0,0,0,19-APR-2021,
OPTSTK,CUB,24-Jun-2021,162.5,CE,0,0,0,16.05,12,0,0,0,0,19-APR-2021,
OPTSTK,CUB,24-Jun-2021,165,CE,0,0,0,15,11,0,0,0,0,19-APR-2021,
OPTSTK,CUB,24-Jun-2021,167.5,CE,0,0,0,13.95,10.05,0,0,0,0,19-APR-2021,
OPTSTK,CUB,24-Jun-2021,170,CE,0,0,0,13,9.2,0,0,0,0,19-APR-2021,
OPTSTK,CUB,24-Jun-2021,172.5,CE,0,0,0,12.1,8.4,0,0,0,0,19-APR-2021,
OPTSTK,CUB,24-Jun-2021,175,CE,0,0,0,11.25,7.65,0,0,0,0,19-APR-2021,
OPTSTK,CUB,24-Jun-2021,177.5,CE,0,0,0,10.45,6.95,0,0,0,0,19-APR-2021,
OPTSTK,CUB,24-Jun-2021,180,CE,0,0,0,9.65,6.3,0,0,0,0,19-APR-2021,
OPTSTK,CUB,24-Jun-2021,182.5,CE,0,0,0,8.95,5.75,0,0,0,0,19-APR-2021,
OPTSTK,CUB,24-Jun-2021,185,CE,0,0,0,8.3,5.2,0,0,0,0,19-APR-2021,
OPTSTK,CUB,24-Jun-2021,187.5,CE,0,0,0,7.7,4.7,0,0,0,0,19-APR-2021,
OPTSTK,CUB,24-Jun-2021,190,CE,0,0,0,7.1,4.25,0,0,0,0,19-APR-2021,
OPTSTK,CUB,24-Jun-2021,192.5,CE,0,0,0,6.55,3.85,0,0,0,0,19-APR-2021,
OPTSTK,CUB,24-Jun-2021,195,CE,0,0,0,6.05,3.45,0,0,0,0,19-APR-2021,
OPTSTK,CUB,24-Jun-2021,197.5,CE,0,0,0,5.6,3.1,0,0,0,0,19-APR-2021,
OPTSTK,CUB,24-Jun-2021,200,CE,0,0,0,5.15,2.8,0,0,0,0,19-APR-2021,
OPTSTK,CUB,24-Jun-2021,202.5,CE,0,0,0,4.75,2.5,0,0,0,0,19-APR-2021,
OPTSTK,CUB,24-Jun-2021,205,CE,0,0,0,4.35,2.25,0,0,0,0,19-APR-2021,
OPTSTK,CUB,24-Jun-2021,207.5,CE,0,0,0,4,2,0,0,0,0,19-APR-2021,
OPTSTK,CUB,24-Jun-2021,210,CE,0,0,0,3.7,1.8,0,0,0,0,19-APR-2021,
OPTSTK,CUB,24-Jun-2021,212.5,CE,0,0,0,3.4,1.6,0,0,0,0,19-APR-2021,
OPTSTK,CUB,24-Jun-2021,215,CE,0,0,0,3.1,1.45,0,0,0,0,19-APR-2021,
OPTSTK,CUB,24-Jun-2021,217.5,CE,0,0,0,2.85,1.3,0,0,0,0,19-APR-2021,
OPTSTK,CUB,24-Jun-2021,120,PE,0,0,0,2,1.3,0,0,0,0,19-APR-2021,
OPTSTK,CUB,24-Jun-2021,122.5,PE,0,0,0,2.35,1.6,0,0,0,0,19-APR-2021,
OPTSTK,CUB,24-Jun-2021,125,PE,0,0,0,2.8,2,0,0,0,0,19-APR-2021,
OPTSTK,CUB,24-Jun-2021,127.5,PE,0,0,0,3.25,2.4,0,0,0,0,19-APR-2021,
OPTSTK,CUB,24-Jun-2021,130,PE,0,0,0,3.8,2.85,0,0,0,0,19-APR-2021,
OPTSTK,CUB,24-Jun-2021,132.5,PE,0,0,0,4.35,3.4,0,0,0,0,19-APR-2021,
OPTSTK,CUB,24-Jun-2021,135,PE,0,0,0,5,4,0,0,0,0,19-APR-2021,
OPTSTK,CUB,24-Jun-2021,137.5,PE,0,0,0,5.75,4.65,0,0,0,0,19-APR-2021,
OPTSTK,CUB,24-Jun-2021,140,PE,0,0,0,6.5,5.4,0,0,0,0,19-APR-2021,
OPTSTK,CUB,24-Jun-2021,142.5,PE,0,0,0,7.3,6.2,0,0,0,0,19-APR-2021,
OPTSTK,CUB,24-Jun-2021,145,PE,0,0,0,8.2,7.1,0,0,0,0,19-APR-2021,
OPTSTK,CUB,24-Jun-2021,147.5,PE,0,0,0,9.15,8.05,0,0,0,0,19-APR-2021,
OPTSTK,CUB,24-Jun-2021,150,PE,0,0,0,10.2,9.1,0,0,0,0,19-APR-2021,
OPTSTK,CUB,24-Jun-2021,152.5,PE,0,0,0,11.3,10.2,0,0,0,0,19-APR-2021,
OPTSTK,CUB,24-Jun-2021,155,PE,0,0,0,12.45,11.4,0,0,0,0,19-APR-2021,
OPTSTK,CUB,24-Jun-2021,157.5,PE,0,0,0,13.65,12.65,0,0,0,0,19-APR-2021,
OPTSTK,CUB,24-Jun-2021,160,PE,0,0,0,14.9,14,0,0,0,0,19-APR-2021,
OPTSTK,CUB,24-Jun-2021,162.5,PE,0,0,0,16.25,15.4,0,0,0,0,19-APR-2021,
OPTSTK,CUB,24-Jun-2021,165,PE,0,0,0,17.65,16.9,0,0,0,0,19-APR-2021,
OPTSTK,CUB,24-Jun-2021,167.5,PE,0,0,0,19.1,18.45,0,0,0,0,19-APR-2021,
OPTSTK,CUB,24-Jun-2021,170,PE,0,0,0,20.6,20.05,0,0,0,0,19-APR-2021,
OPTSTK,CUB,24-Jun-2021,172.5,PE,0,0,0,22.2,21.75,0,0,0,0,19-APR-2021,
OPTSTK,CUB,24-Jun-2021,175,PE,0,0,0,23.8,23.45,0,0,0,0,19-APR-2021,
OPTSTK,CUB,24-Jun-2021,177.5,PE,0,0,0,25.45,25.25,0,0,0,0,19-APR-2021,
OPTSTK,CUB,24-Jun-2021,180,PE,0,0,0,27.2,27.1,0,0,0,0,19-APR-2021,
OPTSTK,CUB,24-Jun-2021,182.5,PE,0,0,0,28.95,29,0,0,0,0,19-APR-2021,
OPTSTK,CUB,24-Jun-2021,185,PE,0,0,0,30.75,30.95,0,0,0,0,19-APR-2021,
OPTSTK,CUB,24-Jun-2021,187.5,PE,0,0,0,32.65,32.95,0,0,0,0,19-APR-2021,
OPTSTK,CUB,24-Jun-2021,190,PE,0,0,0,34.55,34.95,0,0,0,0,19-APR-2021,
OPTSTK,CUB,24-Jun-2021,192.5,PE,0,0,0,36.45,37,0,0,0,0,19-APR-2021,
OPTSTK,CUB,24-Jun-2021,195,PE,0,0,0,38.45,39.15,0,0,0,0,19-APR-2021,
OPTSTK,CUB,24-Jun-2021,197.5,PE,0,0,0,40.45,41.25,0,0,0,0,19-APR-2021,
OPTSTK,CUB,24-Jun-2021,200,PE,0,0,0,42.5,43.45,0,0,0,0,19-APR-2021,
OPTSTK,CUB,24-Jun-2021,202.5,PE,0,0,0,44.55,45.65,0,0,0,0,19-APR-2021,
OPTSTK,CUB,24-Jun-2021,205,PE,0,0,0,46.65,47.85,0,0,0,0,19-APR-2021,
OPTSTK,CUB,24-Jun-2021,207.5,PE,0,0,0,48.8,50.1,0,0,0,0,19-APR-2021,
OPTSTK,CUB,24-Jun-2021,210,PE,0,0,0,50.95,52.4,0,0,0,0,19-APR-2021,
OPTSTK,CUB,24-Jun-2021,212.5,PE,0,0,0,53.1,54.7,0,0,0,0,19-APR-2021,
OPTSTK,CUB,24-Jun-2021,215,PE,0,0,0,55.3,57,0,0,0,0,19-APR-2021,
OPTSTK,CUB,24-Jun-2021,217.5,PE,0,0,0,57.55,59.3,0,0,0,0,19-APR-2021,
OPTSTK,CUMMINSIND,29-Apr-2021,400,CE,0,0,0,241.2,440.4,0,0,0,0,19-APR-2021,
OPTSTK,CUMMINSIND,29-Apr-2021,410,CE,0,0,0,231.5,430.45,0,0,0,0,19-APR-2021,
OPTSTK,CUMMINSIND,29-Apr-2021,420,CE,0,0,0,221.8,420.45,0,0,0,0,19-APR-2021,
OPTSTK,CUMMINSIND,29-Apr-2021,430,CE,0,0,0,212.2,410.45,0,0,0,0,19-APR-2021,
OPTSTK,CUMMINSIND,29-Apr-2021,440,CE,0,0,0,202.65,400.45,0,0,0,0,19-APR-2021,
OPTSTK,CUMMINSIND,29-Apr-2021,450,CE,0,0,0,193.2,390.45,0,0,0,0,19-APR-2021,
OPTSTK,CUMMINSIND,29-Apr-2021,460,CE,0,0,0,183.9,380.5,0,0,0,0,19-APR-2021,
OPTSTK,CUMMINSIND,29-Apr-2021,470,CE,0,0,0,174.7,370.5,0,0,0,0,19-APR-2021,
OPTSTK,CUMMINSIND,29-Apr-2021,480,CE,0,0,0,165.65,360.5,0,0,0,0,19-APR-2021,
OPTSTK,CUMMINSIND,29-Apr-2021,490,CE,0,0,0,156.8,350.5,0,0,0,0,19-APR-2021,
OPTSTK,CUMMINSIND,29-Apr-2021,500,CE,0,0,0,148.1,340.5,0,0,0,0,19-APR-2021,
OPTSTK,CUMMINSIND,29-Apr-2021,510,CE,0,0,0,139.65,330.55,0,0,0,0,19-APR-2021,
OPTSTK,CUMMINSIND,29-Apr-2021,520,CE,0,0,0,313.5,320.55,0,0,2400,0,19-APR-2021,
OPTSTK,CUMMINSIND,29-Apr-2021,530,CE,0,0,0,123.35,310.55,0,0,0,0,19-APR-2021,
OPTSTK,CUMMINSIND,29-Apr-2021,540,CE,0,0,0,115.6,300.55,0,0,0,0,19-APR-2021,
OPTSTK,CUMMINSIND,29-Apr-2021,550,CE,0,0,0,108.15,290.55,0,0,0,0,19-APR-2021,
OPTSTK,CUMMINSIND,29-Apr-2021,560,CE,0,0,0,100.9,280.6,0,0,0,0,19-APR-2021,
OPTSTK,CUMMINSIND,29-Apr-2021,570,CE,0,0,0,94,270.6,0,0,0,0,19-APR-2021,
OPTSTK,CUMMINSIND,29-Apr-2021,580,CE,0,0,0,87.35,260.6,0,0,0,0,19-APR-2021,
OPTSTK,CUMMINSIND,29-Apr-2021,590,CE,0,0,0,81,250.6,0,0,0,0,19-APR-2021,
OPTSTK,CUMMINSIND,29-Apr-2021,600,CE,0,0,0,75,240.6,0,0,0,0,19-APR-2021,
OPTSTK,CUMMINSIND,29-Apr-2021,610,CE,0,0,0,69.3,230.65,0,0,0,0,19-APR-2021,
OPTSTK,CUMMINSIND,29-Apr-2021,620,CE,0,0,0,63.9,220.65,0,0,0,0,19-APR-2021,
OPTSTK,CUMMINSIND,29-Apr-2021,630,CE,0,0,0,58.85,210.65,0,0,0,0,19-APR-2021,
OPTSTK,CUMMINSIND,29-Apr-2021,640,CE,0,0,0,54.05,200.65,0,0,0,0,19-APR-2021,
OPTSTK,CUMMINSIND,29-Apr-2021,650,CE,0,0,0,49.55,190.65,0,0,0,0,19-APR-2021,
OPTSTK,CUMMINSIND,29-Apr-2021,660,CE,0,0,0,45.35,180.7,0,0,0,0,19-APR-2021,
OPTSTK,CUMMINSIND,29-Apr-2021,670,CE,0,0,0,41.45,170.7,0,0,0,0,19-APR-2021,
OPTSTK,CUMMINSIND,29-Apr-2021,680,CE,0,0,0,37.8,160.75,0,0,0,0,19-APR-2021,
OPTSTK,CUMMINSIND,29-Apr-2021,690,CE,0,0,0,34.4,150.75,0,0,0,0,19-APR-2021,
OPTSTK,CUMMINSIND,29-Apr-2021,700,CE,0,0,0,31.3,140.85,0,0,0,0,19-APR-2021,
OPTSTK,CUMMINSIND,29-Apr-2021,710,CE,0,0,0,28.4,130.95,0,0,0,0,19-APR-2021,
OPTSTK,CUMMINSIND,29-Apr-2021,720,CE,0,0,0,25.7,121.1,0,0,0,0,19-APR-2021,
OPTSTK,CUMMINSIND,29-Apr-2021,730,CE,0,0,0,23.3,111.35,0,0,0,0,19-APR-2021,
OPTSTK,CUMMINSIND,29-Apr-2021,740,CE,0,0,0,21.05,101.75,0,0,0,0,19-APR-2021,
OPTSTK,CUMMINSIND,29-Apr-2021,750,CE,0,0,0,19,92.3,0,0,0,0,19-APR-2021,
OPTSTK,CUMMINSIND,29-Apr-2021,760,CE,0,0,0,17.1,83.05,0,0,0,0,19-APR-2021,
OPTSTK,CUMMINSIND,29-Apr-2021,770,CE,0,0,0,15.4,74.15,0,0,0,0,19-APR-2021,
OPTSTK,CUMMINSIND,29-Apr-2021,780,CE,0,0,0,13.8,65.55,0,0,0,0,19-APR-2021,
OPTSTK,CUMMINSIND,29-Apr-2021,790,CE,0,0,0,12.4,57.4,0,0,0,0,19-APR-2021,
OPTSTK,CUMMINSIND,29-Apr-2021,800,CE,0,0,0,35.3,49.8,0,0,3600,0,19-APR-2021,
OPTSTK,CUMMINSIND,29-Apr-2021,810,CE,0,0,0,9.95,42.65,0,0,0,0,19-APR-2021,
OPTSTK,CUMMINSIND,29-Apr-2021,820,CE,44.65,55.7,44.65,55.7,36.15,2,20.88,4800,0,19-APR-2021,
OPTSTK,CUMMINSIND,29-Apr-2021,830,CE,0,0,0,7.95,30.3,0,0,0,0,19-APR-2021,
OPTSTK,CUMMINSIND,29-Apr-2021,840,CE,0,0,0,7.05,25.05,0,0,0,0,19-APR-2021,
OPTSTK,CUMMINSIND,29-Apr-2021,850,CE,26,35.55,22,22.95,22.95,18,189.58,26400,4800,19-APR-2021,
OPTSTK,CUMMINSIND,29-Apr-2021,860,CE,30,31,18,18.05,18.05,28,297.91,27600,-1200,19-APR-2021,
OPTSTK,CUMMINSIND,29-Apr-2021,870,CE,10.05,28.8,10,12.5,12.5,9,96.03,8400,-3600,19-APR-2021,
OPTSTK,CUMMINSIND,29-Apr-2021,880,CE,10,22.2,10,11,11,14,150.73,22800,0,19-APR-2021,
OPTSTK,CUMMINSIND,29-Apr-2021,890,CE,12,19.4,11.2,11.2,8.05,11,119.37,14400,4800,19-APR-2021,
OPTSTK,CUMMINSIND,29-Apr-2021,900,CE,8,16.9,5.1,7.85,7.85,245,2681.08,138000,-3600,19-APR-2021,
OPTSTK,CUMMINSIND,29-Apr-2021,910,CE,10.9,13.4,5.4,6.55,4.65,9,99.33,16800,3600,19-APR-2021,
OPTSTK,CUMMINSIND,29-Apr-2021,920,CE,4.7,10.2,3.85,5.35,3.5,26,289.23,96000,-7200,19-APR-2021,
OPTSTK,CUMMINSIND,29-Apr-2021,930,CE,0,0,0,4,2.55,0,0,25200,0,19-APR-2021,
OPTSTK,CUMMINSIND,29-Apr-2021,940,CE,5,6,4.4,6,1.85,6,68.04,18000,-2400,19-APR-2021,
OPTSTK,CUMMINSIND,29-Apr-2021,950,CE,1.1,4.9,1.1,4.9,4.9,2,22.87,13200,0,19-APR-2021,
OPTSTK,CUMMINSIND,29-Apr-2021,960,CE,5,5,2,2,0.95,2,23.12,4800,-1200,19-APR-2021,
OPTSTK,CUMMINSIND,29-Apr-2021,970,CE,0,0,0,7.05,0.7,0,0,0,0,19-APR-2021,
OPTSTK,CUMMINSIND,29-Apr-2021,980,CE,0,0,0,4.75,0.45,0,0,1200,0,19-APR-2021,
OPTSTK,CUMMINSIND,29-Apr-2021,990,CE,0,0,0,10.05,0.35,0,0,0,0,19-APR-2021,
OPTSTK,CUMMINSIND,29-Apr-2021,1000,CE,1.5,2,1.2,1.2,1.2,22,264.44,96000,2400,19-APR-2021,
OPTSTK,CUMMINSIND,29-Apr-2021,1010,CE,0,0,0,11.2,0.15,0,0,0,0,19-APR-2021,
OPTSTK,CUMMINSIND,29-Apr-2021,1020,CE,0,0,0,10.2,0.1,0,0,0,0,19-APR-2021,
OPTSTK,CUMMINSIND,29-Apr-2021,1040,CE,0,0,0,8.35,0.05,0,0,0,0,19-APR-2021,
OPTSTK,CUMMINSIND,29-Apr-2021,1060,CE,0,0,0,5.15,0.05,0,0,0,0,19-APR-2021,
OPTSTK,CUMMINSIND,29-Apr-2021,1080,CE,0,0,0,8.1,0.05,0,0,0,0,19-APR-2021,
OPTSTK,CUMMINSIND,29-Apr-2021,1100,CE,0,0,0,6.5,0,0,0,0,0,19-APR-2021,
OPTSTK,CUMMINSIND,29-Apr-2021,400,PE,0,0,0,0.4,0,0,0,0,0,19-APR-2021,
OPTSTK,CUMMINSIND,29-Apr-2021,410,PE,0,0,0,0.6,0,0,0,0,0,19-APR-2021,
OPTSTK,CUMMINSIND,29-Apr-2021,420,PE,0,0,0,0.8,0,0,0,0,0,19-APR-2021,
OPTSTK,CUMMINSIND,29-Apr-2021,430,PE,0,0,0,1.1,0,0,0,0,0,19-APR-2021,
OPTSTK,CUMMINSIND,29-Apr-2021,440,PE,0,0,0,1.45,0,0,0,0,0,19-APR-2021,
OPTSTK,CUMMINSIND,29-Apr-2021,450,PE,0,0,0,1.95,0,0,0,0,0,19-APR-2021,
OPTSTK,CUMMINSIND,29-Apr-2021,460,PE,0,0,0,2.55,0,0,0,0,0,19-APR-2021,
OPTSTK,CUMMINSIND,29-Apr-2021,470,PE,0,0,0,3.25,0,0,0,0,0,19-APR-2021,
OPTSTK,CUMMINSIND,29-Apr-2021,480,PE,0,0,0,4.1,0,0,0,0,0,19-APR-2021,
OPTSTK,CUMMINSIND,29-Apr-2021,490,PE,0,0,0,5.15,0,0,0,0,0,19-APR-2021,
OPTSTK,CUMMINSIND,29-Apr-2021,500,PE,0,0,0,6.4,0,0,0,0,0,19-APR-2021,
OPTSTK,CUMMINSIND,29-Apr-2021,510,PE,0,0,0,7.8,0,0,0,0,0,19-APR-2021,
OPTSTK,CUMMINSIND,29-Apr-2021,520,PE,0,0,0,9.45,0,0,0,0,0,19-APR-2021,
OPTSTK,CUMMINSIND,29-Apr-2021,530,PE,0,0,0,11.35,0,0,0,0,0,19-APR-2021,
OPTSTK,CUMMINSIND,29-Apr-2021,540,PE,0,0,0,13.5,0,0,0,0,0,19-APR-2021,
OPTSTK,CUMMINSIND,29-Apr-2021,550,PE,0,0,0,15.95,0,0,0,0,0,19-APR-2021,
OPTSTK,CUMMINSIND,29-Apr-2021,560,PE,0,0,0,18.65,0,0,0,0,0,19-APR-2021,
OPTSTK,CUMMINSIND,29-Apr-2021,570,PE,0,0,0,21.6,0,0,0,0,0,19-APR-2021,
OPTSTK,CUMMINSIND,29-Apr-2021,580,PE,0,0,0,24.85,0,0,0,0,0,19-APR-2021,
OPTSTK,CUMMINSIND,29-Apr-2021,590,PE,0,0,0,28.45,0,0,0,0,0,19-APR-2021,
OPTSTK,CUMMINSIND,29-Apr-2021,600,PE,0,0,0,32.35,0,0,0,0,0,19-APR-2021,
OPTSTK,CUMMINSIND,29-Apr-2021,610,PE,0,0,0,36.55,0,0,0,0,0,19-APR-2021,
OPTSTK,CUMMINSIND,29-Apr-2021,620,PE,0,0,0,41.1,0,0,0,0,0,19-APR-2021,
OPTSTK,CUMMINSIND,29-Apr-2021,630,PE,0,0,0,45.9,0,0,0,0,0,19-APR-2021,
OPTSTK,CUMMINSIND,29-Apr-2021,640,PE,0,0,0,51,0,0,0,0,0,19-APR-2021,
OPTSTK,CUMMINSIND,29-Apr-2021,650,PE,0,0,0,56.45,0,0,0,0,0,19-APR-2021,
OPTSTK,CUMMINSIND,29-Apr-2021,660,PE,0,0,0,62.15,0.05,0,0,0,0,19-APR-2021,
OPTSTK,CUMMINSIND,29-Apr-2021,670,PE,0,0,0,68.15,0.05,0,0,0,0,19-APR-2021,
OPTSTK,CUMMINSIND,29-Apr-2021,680,PE,0,0,0,74.4,0.05,0,0,0,0,19-APR-2021,
OPTSTK,CUMMINSIND,29-Apr-2021,690,PE,0,0,0,80.9,0.1,0,0,0,0,19-APR-2021,
OPTSTK,CUMMINSIND,29-Apr-2021,700,PE,0,0,0,87.7,0.15,0,0,0,0,19-APR-2021,
OPTSTK,CUMMINSIND,29-Apr-2021,710,PE,0,0,0,0.3,0.25,0,0,1200,0,19-APR-2021,
OPTSTK,CUMMINSIND,29-Apr-2021,720,PE,0,0,0,101.95,0.4,0,0,0,0,19-APR-2021,
OPTSTK,CUMMINSIND,29-Apr-2021,730,PE,0,0,0,109.45,0.6,0,0,0,0,19-APR-2021,
OPTSTK,CUMMINSIND,29-Apr-2021,740,PE,0,0,0,117.1,1,0,0,0,0,19-APR-2021,
OPTSTK,CUMMINSIND,29-Apr-2021,750,PE,6.8,6.8,6.8,6.8,1.55,1,9.08,2400,0,19-APR-2021,
OPTSTK,CUMMINSIND,29-Apr-2021,760,PE,3,3,3,3,2.3,2,18.31,7200,-1200,19-APR-2021,
OPTSTK,CUMMINSIND,29-Apr-2021,770,PE,0,0,0,141.15,3.35,0,0,0,0,19-APR-2021,
OPTSTK,CUMMINSIND,29-Apr-2021,780,PE,0,0,0,149.5,4.8,0,0,0,0,19-APR-2021,
OPTSTK,CUMMINSIND,29-Apr-2021,790,PE,0,0,0,158,6.65,0,0,0,0,19-APR-2021,
OPTSTK,CUMMINSIND,29-Apr-2021,800,PE,10,20,4.1,11.95,11.95,30,291.22,39600,4800,19-APR-2021,
OPTSTK,CUMMINSIND,29-Apr-2021,810,PE,11.35,11.35,11.35,11.35,11.85,1,9.85,3600,1200,19-APR-2021,
OPTSTK,CUMMINSIND,29-Apr-2021,820,PE,16.3,17,7.15,17,15.35,8,79.9,13200,0,19-APR-2021,
OPTSTK,CUMMINSIND,29-Apr-2021,830,PE,19.2,19.2,13.1,19,19.45,7,71.18,6000,1200,19-APR-2021,
OPTSTK,CUMMINSIND,29-Apr-2021,840,PE,24.05,25,24,25,24.2,3,31.11,10800,0,19-APR-2021,
OPTSTK,CUMMINSIND,29-Apr-2021,850,PE,40.55,41.5,21.3,30.05,30.05,29,304.87,40800,-10800,19-APR-2021,
OPTSTK,CUMMINSIND,29-Apr-2021,860,PE,0,0,0,53.25,35.65,0,0,7200,0,19-APR-2021,
OPTSTK,CUMMINSIND,29-Apr-2021,870,PE,0,0,0,229.85,42.3,0,0,0,0,19-APR-2021,
OPTSTK,CUMMINSIND,29-Apr-2021,880,PE,44,44,44,44,49.45,1,11.08,8400,1200,19-APR-2021,
OPTSTK,CUMMINSIND,29-Apr-2021,890,PE,0,0,0,221.75,57.15,0,0,0,0,19-APR-2021,
OPTSTK,CUMMINSIND,29-Apr-2021,900,PE,0,0,0,31.95,65.25,0,0,10800,0,19-APR-2021,
OPTSTK,CUMMINSIND,29-Apr-2021,910,PE,0,0,0,240.3,73.75,0,0,0,0,19-APR-2021,
OPTSTK,CUMMINSIND,29-Apr-2021,920,PE,0,0,0,41.6,82.55,0,0,3600,0,19-APR-2021,
OPTSTK,CUMMINSIND,29-Apr-2021,930,PE,0,0,0,202.35,91.65,0,0,0,0,19-APR-2021,
OPTSTK,CUMMINSIND,29-Apr-2021,940,PE,0,0,0,211.25,100.95,0,0,0,0,19-APR-2021,
OPTSTK,CUMMINSIND,29-Apr-2021,950,PE,0,0,0,220.25,110.4,0,0,0,0,19-APR-2021,
OPTSTK,CUMMINSIND,29-Apr-2021,960,PE,0,0,0,229.3,120,0,0,0,0,19-APR-2021,
OPTSTK,CUMMINSIND,29-Apr-2021,970,PE,0,0,0,238.45,129.7,0,0,0,0,19-APR-2021,
OPTSTK,CUMMINSIND,29-Apr-2021,980,PE,0,0,0,222.65,139.5,0,0,0,0,19-APR-2021,
OPTSTK,CUMMINSIND,29-Apr-2021,990,PE,0,0,0,231.6,149.35,0,0,0,0,19-APR-2021,
OPTSTK,CUMMINSIND,29-Apr-2021,1000,PE,0,0,0,240.6,159.25,0,0,0,0,19-APR-2021,
OPTSTK,CUMMINSIND,29-Apr-2021,1010,PE,0,0,0,228.05,169.15,0,0,0,0,19-APR-2021,
OPTSTK,CUMMINSIND,29-Apr-2021,1020,PE,0,0,0,237,179.1,0,0,0,0,19-APR-2021,
OPTSTK,CUMMINSIND,29-Apr-2021,1040,PE,0,0,0,244.85,199,0,0,0,0,19-APR-2021,
OPTSTK,CUMMINSIND,29-Apr-2021,1060,PE,0,0,0,240.45,219,0,0,0,0,19-APR-2021,
OPTSTK,CUMMINSIND,29-Apr-2021,1080,PE,0,0,0,217.4,238.95,0,0,0,0,19-APR-2021,
OPTSTK,CUMMINSIND,29-Apr-2021,1100,PE,0,0,0,235.65,258.95,0,0,0,0,19-APR-2021,
OPTSTK,CUMMINSIND,27-May-2021,570,CE,0,0,0,243.55,272.35,0,0,0,0,19-APR-2021,
OPTSTK,CUMMINSIND,27-May-2021,580,CE,0,0,0,234.3,262.4,0,0,0,0,19-APR-2021,
OPTSTK,CUMMINSIND,27-May-2021,590,CE,0,0,0,225.2,252.55,0,0,0,0,19-APR-2021,
OPTSTK,CUMMINSIND,27-May-2021,600,CE,0,0,0,216.2,242.65,0,0,0,0,19-APR-2021,
OPTSTK,CUMMINSIND,27-May-2021,610,CE,0,0,0,207.35,232.8,0,0,0,0,19-APR-2021,
OPTSTK,CUMMINSIND,27-May-2021,620,CE,0,0,0,198.65,223,0,0,0,0,19-APR-2021,
OPTSTK,CUMMINSIND,27-May-2021,630,CE,0,0,0,190.05,213.3,0,0,0,0,19-APR-2021,
OPTSTK,CUMMINSIND,27-May-2021,640,CE,0,0,0,181.65,203.6,0,0,0,0,19-APR-2021,
OPTSTK,CUMMINSIND,27-May-2021,650,CE,0,0,0,173.45,194,0,0,0,0,19-APR-2021,
OPTSTK,CUMMINSIND,27-May-2021,660,CE,0,0,0,165.4,184.5,0,0,0,0,19-APR-2021,
OPTSTK,CUMMINSIND,27-May-2021,670,CE,0,0,0,157.55,175.1,0,0,0,0,19-APR-2021,
OPTSTK,CUMMINSIND,27-May-2021,680,CE,0,0,0,149.9,165.85,0,0,0,0,19-APR-2021,
OPTSTK,CUMMINSIND,27-May-2021,690,CE,0,0,0,142.45,156.7,0,0,0,0,19-APR-2021,
OPTSTK,CUMMINSIND,27-May-2021,700,CE,0,0,0,135.2,147.75,0,0,0,0,19-APR-2021,
OPTSTK,CUMMINSIND,27-May-2021,710,CE,0,0,0,128.2,139,0,0,0,0,19-APR-2021,
OPTSTK,CUMMINSIND,27-May-2021,720,CE,0,0,0,121.4,130.45,0,0,0,0,19-APR-2021,
OPTSTK,CUMMINSIND,27-May-2021,730,CE,0,0,0,114.8,122.1,0,0,0,0,19-APR-2021,
OPTSTK,CUMMINSIND,27-May-2021,740,CE,0,0,0,108.5,114,0,0,0,0,19-APR-2021,
OPTSTK,CUMMINSIND,27-May-2021,750,CE,0,0,0,102.4,106.15,0,0,0,0,19-APR-2021,
OPTSTK,CUMMINSIND,27-May-2021,760,CE,0,0,0,96.55,98.65,0,0,0,0,19-APR-2021,
OPTSTK,CUMMINSIND,27-May-2021,770,CE,0,0,0,90.9,91.4,0,0,0,0,19-APR-2021,
OPTSTK,CUMMINSIND,27-May-2021,780,CE,0,0,0,85.5,84.4,0,0,0,0,19-APR-2021,
OPTSTK,CUMMINSIND,27-May-2021,790,CE,0,0,0,80.35,77.75,0,0,0,0,19-APR-2021,
OPTSTK,CUMMINSIND,27-May-2021,800,CE,0,0,0,75.45,71.45,0,0,0,0,19-APR-2021,
OPTSTK,CUMMINSIND,27-May-2021,810,CE,0,0,0,70.75,65.5,0,0,0,0,19-APR-2021,
OPTSTK,CUMMINSIND,27-May-2021,820,CE,0,0,0,66.25,59.85,0,0,0,0,19-APR-2021,
OPTSTK,CUMMINSIND,27-May-2021,830,CE,0,0,0,62,54.55,0,0,0,0,19-APR-2021,
OPTSTK,CUMMINSIND,27-May-2021,840,CE,0,0,0,57.95,49.55,0,0,0,0,19-APR-2021,
OPTSTK,CUMMINSIND,27-May-2021,850,CE,0,0,0,54.15,44.95,0,0,0,0,19-APR-2021,
OPTSTK,CUMMINSIND,27-May-2021,860,CE,0,0,0,44.65,40.6,0,0,1200,0,19-APR-2021,
OPTSTK,CUMMINSIND,27-May-2021,870,CE,0,0,0,47.1,36.6,0,0,0,0,19-APR-2021,
OPTSTK,CUMMINSIND,27-May-2021,880,CE,0,0,0,43.85,32.9,0,0,0,0,19-APR-2021,
OPTSTK,CUMMINSIND,27-May-2021,890,CE,0,0,0,40.8,29.5,0,0,0,0,19-APR-2021,
OPTSTK,CUMMINSIND,27-May-2021,900,CE,30,31,30,31,26.4,2,22.33,4800,1200,19-APR-2021,
OPTSTK,CUMMINSIND,27-May-2021,910,CE,0,0,0,35.2,23.55,0,0,0,0,19-APR-2021,
OPTSTK,CUMMINSIND,27-May-2021,920,CE,0,0,0,32.7,21,0,0,0,0,19-APR-2021,
OPTSTK,CUMMINSIND,27-May-2021,930,CE,0,0,0,30.35,18.65,0,0,0,0,19-APR-2021,
OPTSTK,CUMMINSIND,27-May-2021,940,CE,0,0,0,28.15,16.5,0,0,0,0,19-APR-2021,
OPTSTK,CUMMINSIND,27-May-2021,950,CE,0,0,0,26.05,14.55,0,0,0,0,19-APR-2021,
OPTSTK,CUMMINSIND,27-May-2021,960,CE,0,0,0,24.1,12.8,0,0,0,0,19-APR-2021,
OPTSTK,CUMMINSIND,27-May-2021,970,CE,0,0,0,22.25,11.25,0,0,0,0,19-APR-2021,
OPTSTK,CUMMINSIND,27-May-2021,980,CE,0,0,0,20.55,9.9,0,0,0,0,19-APR-2021,
OPTSTK,CUMMINSIND,27-May-2021,990,CE,0,0,0,18.95,8.65,0,0,0,0,19-APR-2021,
OPTSTK,CUMMINSIND,27-May-2021,1000,CE,0,0,0,17.5,7.55,0,0,0,0,19-APR-2021,
OPTSTK,CUMMINSIND,27-May-2021,1010,CE,0,0,0,16.15,6.6,0,0,0,0,19-APR-2021,
OPTSTK,CUMMINSIND,27-May-2021,1020,CE,0,0,0,14.85,5.7,0,0,0,0,19-APR-2021,
OPTSTK,CUMMINSIND,27-May-2021,1040,CE,0,0,0,12.6,4.3,0,0,0,0,19-APR-2021,
OPTSTK,CUMMINSIND,27-May-2021,1060,CE,0,0,0,11.25,3.2,0,0,0,0,19-APR-2021,
OPTSTK,CUMMINSIND,27-May-2021,1080,CE,0,0,0,16.05,2.35,0,0,0,0,19-APR-2021,
OPTSTK,CUMMINSIND,27-May-2021,1100,CE,0,0,0,13.65,1.75,0,0,0,0,19-APR-2021,
OPTSTK,CUMMINSIND,27-May-2021,570,PE,0,0,0,3.15,0.1,0,0,0,0,19-APR-2021,
OPTSTK,CUMMINSIND,27-May-2021,580,PE,0,0,0,3.8,0.15,0,0,0,0,19-APR-2021,
OPTSTK,CUMMINSIND,27-May-2021,590,PE,0,0,0,4.6,0.25,0,0,0,0,19-APR-2021,
OPTSTK,CUMMINSIND,27-May-2021,600,PE,0,0,0,5.55,0.3,0,0,0,0,19-APR-2021,
OPTSTK,CUMMINSIND,27-May-2021,610,PE,0,0,0,6.55,0.45,0,0,0,0,19-APR-2021,
OPTSTK,CUMMINSIND,27-May-2021,620,PE,0,0,0,7.75,0.6,0,0,0,0,19-APR-2021,
OPTSTK,CUMMINSIND,27-May-2021,630,PE,0,0,0,9.1,0.85,0,0,0,0,19-APR-2021,
OPTSTK,CUMMINSIND,27-May-2021,640,PE,0,0,0,10.6,1.1,0,0,0,0,19-APR-2021,
OPTSTK,CUMMINSIND,27-May-2021,650,PE,0,0,0,12.3,1.45,0,0,0,0,19-APR-2021,
OPTSTK,CUMMINSIND,27-May-2021,660,PE,0,0,0,14.15,1.95,0,0,0,0,19-APR-2021,
OPTSTK,CUMMINSIND,27-May-2021,670,PE,0,0,0,16.2,2.5,0,0,0,0,19-APR-2021,
OPTSTK,CUMMINSIND,27-May-2021,680,PE,0,0,0,18.45,3.2,0,0,0,0,19-APR-2021,
OPTSTK,CUMMINSIND,27-May-2021,690,PE,0,0,0,20.95,4.05,0,0,0,0,19-APR-2021,
OPTSTK,CUMMINSIND,27-May-2021,700,PE,0,0,0,23.6,5.05,0,0,0,0,19-APR-2021,
OPTSTK,CUMMINSIND,27-May-2021,710,PE,0,0,0,26.5,6.2,0,0,0,0,19-APR-2021,
OPTSTK,CUMMINSIND,27-May-2021,720,PE,0,0,0,29.6,7.6,0,0,0,0,19-APR-2021,
OPTSTK,CUMMINSIND,27-May-2021,730,PE,0,0,0,32.9,9.25,0,0,0,0,19-APR-2021,
OPTSTK,CUMMINSIND,27-May-2021,740,PE,0,0,0,36.5,11.1,0,0,0,0,19-APR-2021,
OPTSTK,CUMMINSIND,27-May-2021,750,PE,0,0,0,40.3,13.25,0,0,0,0,19-APR-2021,
OPTSTK,CUMMINSIND,27-May-2021,760,PE,0,0,0,44.35,15.7,0,0,0,0,19-APR-2021,
OPTSTK,CUMMINSIND,27-May-2021,770,PE,0,0,0,48.65,18.4,0,0,0,0,19-APR-2021,
OPTSTK,CUMMINSIND,27-May-2021,780,PE,0,0,0,53.15,21.35,0,0,0,0,19-APR-2021,
OPTSTK,CUMMINSIND,27-May-2021,790,PE,0,0,0,57.9,24.7,0,0,0,0,19-APR-2021,
OPTSTK,CUMMINSIND,27-May-2021,800,PE,0,0,0,62.9,28.35,0,0,0,0,19-APR-2021,
OPTSTK,CUMMINSIND,27-May-2021,810,PE,0,0,0,68.1,32.35,0,0,0,0,19-APR-2021,
OPTSTK,CUMMINSIND,27-May-2021,820,PE,0,0,0,73.55,36.65,0,0,0,0,19-APR-2021,
OPTSTK,CUMMINSIND,27-May-2021,830,PE,0,0,0,79.2,41.3,0,0,0,0,19-APR-2021,
OPTSTK,CUMMINSIND,27-May-2021,840,PE,0,0,0,85.05,46.3,0,0,0,0,19-APR-2021,
OPTSTK,CUMMINSIND,27-May-2021,850,PE,0,0,0,91.1,51.6,0,0,0,0,19-APR-2021,
OPTSTK,CUMMINSIND,27-May-2021,860,PE,0,0,0,97.4,57.25,0,0,0,0,19-APR-2021,
OPTSTK,CUMMINSIND,27-May-2021,870,PE,0,0,0,103.9,63.2,0,0,0,0,19-APR-2021,
OPTSTK,CUMMINSIND,27-May-2021,880,PE,0,0,0,110.55,69.5,0,0,0,0,19-APR-2021,
OPTSTK,CUMMINSIND,27-May-2021,890,PE,0,0,0,117.4,76.05,0,0,0,0,19-APR-2021,
OPTSTK,CUMMINSIND,27-May-2021,900,PE,0,0,0,124.45,82.9,0,0,0,0,19-APR-2021,
OPTSTK,CUMMINSIND,27-May-2021,910,PE,0,0,0,131.65,90,0,0,0,0,19-APR-2021,
OPTSTK,CUMMINSIND,27-May-2021,920,PE,0,0,0,139.05,97.4,0,0,0,0,19-APR-2021,
OPTSTK,CUMMINSIND,27-May-2021,930,PE,0,0,0,146.6,105,0,0,0,0,19-APR-2021,
OPTSTK,CUMMINSIND,27-May-2021,940,PE,0,0,0,154.3,112.8,0,0,0,0,19-APR-2021,
OPTSTK,CUMMINSIND,27-May-2021,950,PE,0,0,0,162.1,120.85,0,0,0,0,19-APR-2021,
OPTSTK,CUMMINSIND,27-May-2021,960,PE,0,0,0,170.05,129.1,0,0,0,0,19-APR-2021,
OPTSTK,CUMMINSIND,27-May-2021,970,PE,0,0,0,178.15,137.5,0,0,0,0,19-APR-2021,
OPTSTK,CUMMINSIND,27-May-2021,980,PE,0,0,0,186.35,146.05,0,0,0,0,19-APR-2021,
OPTSTK,CUMMINSIND,27-May-2021,990,PE,0,0,0,194.65,154.8,0,0,0,0,19-APR-2021,
OPTSTK,CUMMINSIND,27-May-2021,1000,PE,0,0,0,203.1,163.65,0,0,0,0,19-APR-2021,
OPTSTK,CUMMINSIND,27-May-2021,1010,PE,0,0,0,211.65,172.65,0,0,0,0,19-APR-2021,
OPTSTK,CUMMINSIND,27-May-2021,1020,PE,0,0,0,220.25,181.75,0,0,0,0,19-APR-2021,
OPTSTK,CUMMINSIND,27-May-2021,1040,PE,0,0,0,237.8,200.25,0,0,0,0,19-APR-2021,
OPTSTK,CUMMINSIND,27-May-2021,1060,PE,0,0,0,243.5,219.05,0,0,0,0,19-APR-2021,
OPTSTK,CUMMINSIND,27-May-2021,1080,PE,0,0,0,222.25,238.15,0,0,0,0,19-APR-2021,
OPTSTK,CUMMINSIND,27-May-2021,1100,PE,0,0,0,239.7,257.45,0,0,0,0,19-APR-2021,
OPTSTK,CUMMINSIND,24-Jun-2021,580,CE,0,0,0,283.2,265.05,0,0,0,0,19-APR-2021,
OPTSTK,CUMMINSIND,24-Jun-2021,600,CE,0,0,0,264.5,245.9,0,0,0,0,19-APR-2021,
OPTSTK,CUMMINSIND,24-Jun-2021,620,CE,0,0,0,246.1,227.05,0,0,0,0,19-APR-2021,
OPTSTK,CUMMINSIND,24-Jun-2021,640,CE,0,0,0,228.2,208.65,0,0,0,0,19-APR-2021,
OPTSTK,CUMMINSIND,24-Jun-2021,660,CE,0,0,0,210.8,190.7,0,0,0,0,19-APR-2021,
OPTSTK,CUMMINSIND,24-Jun-2021,680,CE,0,0,0,193.95,173.35,0,0,0,0,19-APR-2021,
OPTSTK,CUMMINSIND,24-Jun-2021,700,CE,0,0,0,177.8,156.75,0,0,0,0,19-APR-2021,
OPTSTK,CUMMINSIND,24-Jun-2021,720,CE,0,0,0,162.35,140.9,0,0,0,0,19-APR-2021,
OPTSTK,CUMMINSIND,24-Jun-2021,740,CE,0,0,0,147.65,126,0,0,0,0,19-APR-2021,
OPTSTK,CUMMINSIND,24-Jun-2021,760,CE,0,0,0,133.8,111.9,0,0,0,0,19-APR-2021,
OPTSTK,CUMMINSIND,24-Jun-2021,780,CE,0,0,0,120.7,98.85,0,0,0,0,19-APR-2021,
OPTSTK,CUMMINSIND,24-Jun-2021,800,CE,0,0,0,108.55,86.85,0,0,0,0,19-APR-2021,
OPTSTK,CUMMINSIND,24-Jun-2021,820,CE,0,0,0,97.25,75.85,0,0,0,0,19-APR-2021,
OPTSTK,CUMMINSIND,24-Jun-2021,840,CE,0,0,0,86.8,65.9,0,0,0,0,19-APR-2021,
OPTSTK,CUMMINSIND,24-Jun-2021,860,CE,0,0,0,77.2,56.9,0,0,0,0,19-APR-2021,
OPTSTK,CUMMINSIND,24-Jun-2021,880,CE,0,0,0,68.4,48.9,0,0,0,0,19-APR-2021,
OPTSTK,CUMMINSIND,24-Jun-2021,900,CE,0,0,0,60.45,41.8,0,0,0,0,19-APR-2021,
OPTSTK,CUMMINSIND,24-Jun-2021,920,CE,0,0,0,53.2,35.55,0,0,0,0,19-APR-2021,
OPTSTK,CUMMINSIND,24-Jun-2021,940,CE,0,0,0,46.7,30.05,0,0,0,0,19-APR-2021,
OPTSTK,CUMMINSIND,24-Jun-2021,960,CE,0,0,0,40.9,25.35,0,0,0,0,19-APR-2021,
OPTSTK,CUMMINSIND,24-Jun-2021,980,CE,0,0,0,35.7,21.25,0,0,0,0,19-APR-2021,
OPTSTK,CUMMINSIND,24-Jun-2021,1000,CE,0,0,0,31.1,17.75,0,0,0,0,19-APR-2021,
OPTSTK,CUMMINSIND,24-Jun-2021,1020,CE,0,0,0,27,14.75,0,0,0,0,19-APR-2021,
OPTSTK,CUMMINSIND,24-Jun-2021,1040,CE,0,0,0,23.35,12.2,0,0,0,0,19-APR-2021,
OPTSTK,CUMMINSIND,24-Jun-2021,1060,CE,0,0,0,20.2,10.1,0,0,0,0,19-APR-2021,
OPTSTK,CUMMINSIND,24-Jun-2021,1080,CE,0,0,0,17.4,8.3,0,0,0,0,19-APR-2021,
OPTSTK,CUMMINSIND,24-Jun-2021,1100,CE,0,0,0,14.95,6.8,0,0,0,0,19-APR-2021,
OPTSTK,CUMMINSIND,24-Jun-2021,580,PE,0,0,0,2.25,1.15,0,0,0,0,19-APR-2021,
OPTSTK,CUMMINSIND,24-Jun-2021,600,PE,0,0,0,3.35,1.85,0,0,0,0,19-APR-2021,
OPTSTK,CUMMINSIND,24-Jun-2021,620,PE,0,0,0,4.8,2.85,0,0,0,0,19-APR-2021,
OPTSTK,CUMMINSIND,24-Jun-2021,640,PE,0,0,0,6.7,4.3,0,0,0,0,19-APR-2021,
OPTSTK,CUMMINSIND,24-Jun-2021,660,PE,0,0,0,9.1,6.25,0,0,0,0,19-APR-2021,
OPTSTK,CUMMINSIND,24-Jun-2021,680,PE,0,0,0,12.05,8.8,0,0,0,0,19-APR-2021,
OPTSTK,CUMMINSIND,24-Jun-2021,700,PE,0,0,0,15.7,12,0,0,0,0,19-APR-2021,
OPTSTK,CUMMINSIND,24-Jun-2021,720,PE,0,0,0,20.1,16.05,0,0,0,0,19-APR-2021,
OPTSTK,CUMMINSIND,24-Jun-2021,740,PE,0,0,0,25.25,21,0,0,0,0,19-APR-2021,
OPTSTK,CUMMINSIND,24-Jun-2021,760,PE,0,0,0,31.15,26.75,0,0,0,0,19-APR-2021,
OPTSTK,CUMMINSIND,24-Jun-2021,780,PE,0,0,0,37.9,33.6,0,0,0,0,19-APR-2021,
OPTSTK,CUMMINSIND,24-Jun-2021,800,PE,0,0,0,45.55,41.45,0,0,0,0,19-APR-2021,
OPTSTK,CUMMINSIND,24-Jun-2021,820,PE,0,0,0,54.05,50.3,0,0,0,0,19-APR-2021,
OPTSTK,CUMMINSIND,24-Jun-2021,840,PE,0,0,0,63.4,60.2,0,0,0,0,19-APR-2021,
OPTSTK,CUMMINSIND,24-Jun-2021,860,PE,0,0,0,73.65,71.1,0,0,0,0,19-APR-2021,
OPTSTK,CUMMINSIND,24-Jun-2021,880,PE,0,0,0,84.65,82.95,0,0,0,0,19-APR-2021,
OPTSTK,CUMMINSIND,24-Jun-2021,900,PE,0,0,0,96.5,95.7,0,0,0,0,19-APR-2021,
OPTSTK,CUMMINSIND,24-Jun-2021,920,PE,0,0,0,109.1,109.3,0,0,0,0,19-APR-2021,
OPTSTK,CUMMINSIND,24-Jun-2021,940,PE,0,0,0,122.4,123.7,0,0,0,0,19-APR-2021,
OPTSTK,CUMMINSIND,24-Jun-2021,960,PE,0,0,0,136.4,138.9,0,0,0,0,19-APR-2021,
OPTSTK,CUMMINSIND,24-Jun-2021,980,PE,0,0,0,151.05,154.65,0,0,0,0,19-APR-2021,
OPTSTK,CUMMINSIND,24-Jun-2021,1000,PE,0,0,0,166.25,171,0,0,0,0,19-APR-2021,
OPTSTK,CUMMINSIND,24-Jun-2021,1020,PE,0,0,0,181.95,187.85,0,0,0,0,19-APR-2021,
OPTSTK,CUMMINSIND,24-Jun-2021,1040,PE,0,0,0,198.15,205.2,0,0,0,0,19-APR-2021,
OPTSTK,CUMMINSIND,24-Jun-2021,1060,PE,0,0,0,214.75,222.9,0,0,0,0,19-APR-2021,
OPTSTK,CUMMINSIND,24-Jun-2021,1080,PE,0,0,0,231.8,241,0,0,0,0,19-APR-2021,
OPTSTK,CUMMINSIND,24-Jun-2021,1100,PE,0,0,0,249.15,259.35,0,0,0,0,19-APR-2021,
OPTSTK,DABUR,29-Apr-2021,370,CE,0,0,0,161.5,199.6,0,0,0,0,19-APR-2021,
OPTSTK,DABUR,29-Apr-2021,375,CE,0,0,0,156.6,194.6,0,0,0,0,19-APR-2021,
OPTSTK,DABUR,29-Apr-2021,380,CE,0,0,0,151.7,189.6,0,0,0,0,19-APR-2021,
OPTSTK,DABUR,29-Apr-2021,385,CE,0,0,0,146.8,184.6,0,0,0,0,19-APR-2021,
OPTSTK,DABUR,29-Apr-2021,390,CE,0,0,0,141.95,179.6,0,0,0,0,19-APR-2021,
OPTSTK,DABUR,29-Apr-2021,395,CE,0,0,0,137.1,174.6,0,0,0,0,19-APR-2021,
OPTSTK,DABUR,29-Apr-2021,400,CE,0,0,0,132.3,169.6,0,0,0,0,19-APR-2021,
OPTSTK,DABUR,29-Apr-2021,405,CE,0,0,0,127.5,164.6,0,0,0,0,19-APR-2021,
OPTSTK,DABUR,29-Apr-2021,410,CE,0,0,0,122.75,159.65,0,0,0,0,19-APR-2021,
OPTSTK,DABUR,29-Apr-2021,415,CE,0,0,0,118,154.65,0,0,0,0,19-APR-2021,
OPTSTK,DABUR,29-Apr-2021,420,CE,0,0,0,113.35,149.65,0,0,0,0,19-APR-2021,
OPTSTK,DABUR,29-Apr-2021,425,CE,0,0,0,108.75,144.65,0,0,0,0,19-APR-2021,
OPTSTK,DABUR,29-Apr-2021,430,CE,0,0,0,104.15,139.65,0,0,0,0,19-APR-2021,
OPTSTK,DABUR,29-Apr-2021,435,CE,0,0,0,99.65,134.65,0,0,0,0,19-APR-2021,
OPTSTK,DABUR,29-Apr-2021,440,CE,0,0,0,95.2,129.65,0,0,0,0,19-APR-2021,
OPTSTK,DABUR,29-Apr-2021,445,CE,0,0,0,90.85,124.65,0,0,0,0,19-APR-2021,
OPTSTK,DABUR,29-Apr-2021,450,CE,0,0,0,86.55,119.65,0,0,0,0,19-APR-2021,
OPTSTK,DABUR,29-Apr-2021,455,CE,0,0,0,82.35,114.65,0,0,0,0,19-APR-2021,
OPTSTK,DABUR,29-Apr-2021,460,CE,0,0,0,78.2,109.7,0,0,0,0,19-APR-2021,
OPTSTK,DABUR,29-Apr-2021,465,CE,0,0,0,74.2,104.7,0,0,0,0,19-APR-2021,
OPTSTK,DABUR,29-Apr-2021,470,CE,0,0,0,70.25,99.7,0,0,0,0,19-APR-2021,
OPTSTK,DABUR,29-Apr-2021,475,CE,0,0,0,66.45,94.7,0,0,0,0,19-APR-2021,
OPTSTK,DABUR,29-Apr-2021,480,CE,0,0,0,62.75,89.7,0,0,0,0,19-APR-2021,
OPTSTK,DABUR,29-Apr-2021,485,CE,0,0,0,59.15,84.7,0,0,0,0,19-APR-2021,
OPTSTK,DABUR,29-Apr-2021,490,CE,0,0,0,55.65,79.7,0,0,0,0,19-APR-2021,
OPTSTK,DABUR,29-Apr-2021,495,CE,0,0,0,52.3,74.7,0,0,0,0,19-APR-2021,
OPTSTK,DABUR,29-Apr-2021,500,CE,70,70,70,70,69.75,1,7.12,15000,0,19-APR-2021,
OPTSTK,DABUR,29-Apr-2021,505,CE,0,0,0,45.95,64.75,0,0,0,0,19-APR-2021,
OPTSTK,DABUR,29-Apr-2021,510,CE,0,0,0,33.15,59.8,0,0,1250,0,19-APR-2021,
OPTSTK,DABUR,29-Apr-2021,515,CE,0,0,0,40.1,54.85,0,0,0,0,19-APR-2021,
OPTSTK,DABUR,29-Apr-2021,520,CE,0,0,0,42.65,49.95,0,0,21250,0,19-APR-2021,
OPTSTK,DABUR,29-Apr-2021,525,CE,50,50,50,50,45.15,1,7.18,18750,0,19-APR-2021,
OPTSTK,DABUR,29-Apr-2021,530,CE,43,43,40.8,40.8,40.4,2,14.29,127500,-2500,19-APR-2021,
OPTSTK,DABUR,29-Apr-2021,535,CE,38,38,38,38,35.75,1,7.16,17500,-1250,19-APR-2021,
OPTSTK,DABUR,29-Apr-2021,540,CE,26.25,32.8,26.25,32.8,31.3,5,35.69,167500,-1250,19-APR-2021,
OPTSTK,DABUR,29-Apr-2021,545,CE,26,28.5,26,28,27.1,7,50.12,33750,-6250,19-APR-2021,
OPTSTK,DABUR,29-Apr-2021,550,CE,19,25.05,18.6,23.7,23.7,33,236.33,226250,-13750,19-APR-2021,
OPTSTK,DABUR,29-Apr-2021,555,CE,20.15,20.15,19.05,19.25,19.25,3,21.54,52500,-2500,19-APR-2021,
OPTSTK,DABUR,29-Apr-2021,560,CE,15,18.35,12.7,15.4,15.4,47,338.45,207500,-3750,19-APR-2021,
OPTSTK,DABUR,29-Apr-2021,565,CE,9.05,15,9.05,12.25,12.25,74,533.89,67500,-11250,19-APR-2021,
OPTSTK,DABUR,29-Apr-2021,570,CE,10.95,12,7.3,9.65,9.65,685,4965.96,296250,-73750,19-APR-2021,
OPTSTK,DABUR,29-Apr-2021,575,CE,5.55,9.55,3.1,7.35,7.35,309,2250.47,105000,-31250,19-APR-2021,
OPTSTK,DABUR,29-Apr-2021,580,CE,6.05,7.4,4.5,5.7,5.7,608,4453.31,536250,5000,19-APR-2021,
OPTSTK,DABUR,29-Apr-2021,585,CE,6.75,6.75,3.5,4.35,4.35,96,707.4,55000,-12500,19-APR-2021,
OPTSTK,DABUR,29-Apr-2021,590,CE,4.95,4.95,2.65,3.35,3.35,415,3079.21,206250,-15000,19-APR-2021,
OPTSTK,DABUR,29-Apr-2021,595,CE,3.5,3.5,2.6,2.6,2.55,9,67.26,66250,-3750,19-APR-2021,
OPTSTK,DABUR,29-Apr-2021,600,CE,2.95,2.95,1.65,2.2,2.2,712,5360.31,725000,1250,19-APR-2021,
OPTSTK,DABUR,29-Apr-2021,605,CE,0,0,0,8.9,1.25,0,0,0,0,19-APR-2021,
OPTSTK,DABUR,29-Apr-2021,610,CE,2,2.3,1.1,1.45,1.45,185,1413.99,97500,8750,19-APR-2021,
OPTSTK,DABUR,29-Apr-2021,615,CE,0,0,0,7.3,0.6,0,0,0,0,19-APR-2021,
OPTSTK,DABUR,29-Apr-2021,620,CE,1.6,1.6,0.85,1.1,1.1,155,1203.38,150000,-22500,19-APR-2021,
OPTSTK,DABUR,29-Apr-2021,625,CE,0,0,0,6,0.25,0,0,0,0,19-APR-2021,
OPTSTK,DABUR,29-Apr-2021,630,CE,0.9,0.9,0.7,0.7,0.15,11,86.72,57500,-12500,19-APR-2021,
OPTSTK,DABUR,29-Apr-2021,635,CE,0,0,0,4.85,0.1,0,0,0,0,19-APR-2021,
OPTSTK,DABUR,29-Apr-2021,640,CE,1,1,0.45,0.55,0.55,34,272.23,55000,-26250,19-APR-2021,
OPTSTK,DABUR,29-Apr-2021,645,CE,0,0,0,3.95,0.05,0,0,0,0,19-APR-2021,
OPTSTK,DABUR,29-Apr-2021,650,CE,0.05,0.4,0.05,0.4,0.05,5,40.64,27500,1250,19-APR-2021,
OPTSTK,DABUR,29-Apr-2021,655,CE,0,0,0,3.15,0.05,0,0,0,0,19-APR-2021,
OPTSTK,DABUR,29-Apr-2021,660,CE,0,0,0,2.85,0.05,0,0,0,0,19-APR-2021,
OPTSTK,DABUR,29-Apr-2021,665,CE,0,0,0,2.55,0,0,0,0,0,19-APR-2021,
OPTSTK,DABUR,29-Apr-2021,670,CE,0,0,0,2.25,0,0,0,0,0,19-APR-2021,
OPTSTK,DABUR,29-Apr-2021,675,CE,0,0,0,2,0,0,0,0,0,19-APR-2021,
OPTSTK,DABUR,29-Apr-2021,370,PE,0,0,0,0.05,0,0,0,0,0,19-APR-2021,
OPTSTK,DABUR,29-Apr-2021,375,PE,0,0,0,0.2,0,0,0,0,0,19-APR-2021,
OPTSTK,DABUR,29-Apr-2021,380,PE,0,0,0,0.25,0,0,0,0,0,19-APR-2021,
OPTSTK,DABUR,29-Apr-2021,385,PE,0,0,0,0.35,0,0,0,0,0,19-APR-2021,
OPTSTK,DABUR,29-Apr-2021,390,PE,0,0,0,0.45,0,0,0,0,0,19-APR-2021,
OPTSTK,DABUR,29-Apr-2021,395,PE,0,0,0,0.55,0,0,0,0,0,19-APR-2021,
OPTSTK,DABUR,29-Apr-2021,400,PE,0,0,0,0.1,0,0,0,2500,0,19-APR-2021,
OPTSTK,DABUR,29-Apr-2021,405,PE,0,0,0,0.85,0,0,0,0,0,19-APR-2021,
OPTSTK,DABUR,29-Apr-2021,410,PE,0,0,0,1.05,0,0,0,0,0,19-APR-2021,
OPTSTK,DABUR,29-Apr-2021,415,PE,0,0,0,1.3,0,0,0,0,0,19-APR-2021,
OPTSTK,DABUR,29-Apr-2021,420,PE,0,0,0,1.55,0,0,0,0,0,19-APR-2021,
OPTSTK,DABUR,29-Apr-2021,425,PE,0,0,0,1.9,0,0,0,0,0,19-APR-2021,
OPTSTK,DABUR,29-Apr-2021,430,PE,0,0,0,2.3,0,0,0,0,0,19-APR-2021,
OPTSTK,DABUR,29-Apr-2021,435,PE,0,0,0,2.7,0,0,0,0,0,19-APR-2021,
OPTSTK,DABUR,29-Apr-2021,440,PE,0,0,0,3.25,0,0,0,0,0,19-APR-2021,
OPTSTK,DABUR,29-Apr-2021,445,PE,0,0,0,3.8,0,0,0,0,0,19-APR-2021,
OPTSTK,DABUR,29-Apr-2021,450,PE,0,0,0,4.5,0,0,0,0,0,19-APR-2021,
OPTSTK,DABUR,29-Apr-2021,455,PE,0,0,0,4,0,0,0,1250,0,19-APR-2021,
OPTSTK,DABUR,29-Apr-2021,460,PE,0,0,0,8,0,0,0,0,0,19-APR-2021,
OPTSTK,DABUR,29-Apr-2021,465,PE,0,0,0,7,0,0,0,0,0,19-APR-2021,
OPTSTK,DABUR,29-Apr-2021,470,PE,0,0,0,9,0,0,0,0,0,19-APR-2021,
OPTSTK,DABUR,29-Apr-2021,475,PE,0,0,0,9.15,0,0,0,0,0,19-APR-2021,
OPTSTK,DABUR,29-Apr-2021,480,PE,0,0,0,0.2,0,0,0,32500,0,19-APR-2021,
OPTSTK,DABUR,29-Apr-2021,485,PE,0,0,0,1,0,0,0,0,0,19-APR-2021,
OPTSTK,DABUR,29-Apr-2021,490,PE,0.2,1.9,0.2,0.95,0,19,116.56,28750,1250,19-APR-2021,
OPTSTK,DABUR,29-Apr-2021,495,PE,0,0,0,14.8,0.05,0,0,0,0,19-APR-2021,
OPTSTK,DABUR,29-Apr-2021,500,PE,0.6,0.6,0.4,0.5,0.5,27,168.91,193750,3750,19-APR-2021,
OPTSTK,DABUR,29-Apr-2021,505,PE,0,0,0,1.65,0.05,0,0,7500,0,19-APR-2021,
OPTSTK,DABUR,29-Apr-2021,510,PE,0.55,0.55,0.55,0.55,0.1,1,6.38,55000,1250,19-APR-2021,
OPTSTK,DABUR,29-Apr-2021,515,PE,0.35,0.35,0.35,0.35,0.35,1,6.44,15000,1250,19-APR-2021,
OPTSTK,DABUR,29-Apr-2021,520,PE,0.55,0.8,0.35,0.45,0.45,31,201.7,137500,-16250,19-APR-2021,
OPTSTK,DABUR,29-Apr-2021,525,PE,1.25,1.25,0.75,0.75,0.75,3,19.72,41250,0,19-APR-2021,
OPTSTK,DABUR,29-Apr-2021,530,PE,1.55,1.65,0.5,0.8,0.8,195,1294.44,167500,18750,19-APR-2021,
OPTSTK,DABUR,29-Apr-2021,535,PE,1.5,1.5,1.1,1.25,1.25,10,67.02,25000,-8750,19-APR-2021,
OPTSTK,DABUR,29-Apr-2021,540,PE,2.8,2.8,1.3,1.45,1.45,202,1367.85,187500,-25000,19-APR-2021,
OPTSTK,DABUR,29-Apr-2021,545,PE,3.8,3.8,1.85,1.95,1.95,44,300.95,40000,-23750,19-APR-2021,
OPTSTK,DABUR,29-Apr-2021,550,PE,3.2,4.25,2.45,2.6,2.6,352,2433.5,291250,-7500,19-APR-2021,
OPTSTK,DABUR,29-Apr-2021,555,PE,5.75,5.75,3.8,3.8,3.8,6,41.95,55000,-1250,19-APR-2021,
OPTSTK,DABUR,29-Apr-2021,560,PE,7.55,7.55,4.6,4.75,4.75,301,2128.57,158750,5000,19-APR-2021,
OPTSTK,DABUR,29-Apr-2021,565,PE,6.75,10.1,6.1,6.6,6.6,143,1023.32,63750,-6250,19-APR-2021,
OPTSTK,DABUR,29-Apr-2021,570,PE,12.25,12.95,8,8.7,8.7,434,3145.83,140000,-40000,19-APR-2021,
OPTSTK,DABUR,29-Apr-2021,575,PE,11.05,13.2,10.85,11.65,11.65,26,190.77,17500,-11250,19-APR-2021,
OPTSTK,DABUR,29-Apr-2021,580,PE,18.6,18.6,14.7,15,15,8,59.6,23750,1250,19-APR-2021,
OPTSTK,DABUR,29-Apr-2021,585,PE,0,0,0,64.7,19.95,0,0,0,0,19-APR-2021,
OPTSTK,DABUR,29-Apr-2021,590,PE,0,0,0,68.5,23.7,0,0,0,0,19-APR-2021,
OPTSTK,DABUR,29-Apr-2021,595,PE,0,0,0,72.4,27.75,0,0,0,0,19-APR-2021,
OPTSTK,DABUR,29-Apr-2021,600,PE,0,0,0,76.35,32,0,0,0,0,19-APR-2021,
OPTSTK,DABUR,29-Apr-2021,605,PE,0,0,0,80.4,36.45,0,0,0,0,19-APR-2021,
OPTSTK,DABUR,29-Apr-2021,610,PE,0,0,0,84.55,41.05,0,0,0,0,19-APR-2021,
OPTSTK,DABUR,29-Apr-2021,615,PE,0,0,0,88.75,45.75,0,0,0,0,19-APR-2021,
OPTSTK,DABUR,29-Apr-2021,620,PE,0,0,0,93,50.55,0,0,0,0,19-APR-2021,
OPTSTK,DABUR,29-Apr-2021,625,PE,0,0,0,97.3,55.45,0,0,0,0,19-APR-2021,
OPTSTK,DABUR,29-Apr-2021,630,PE,0,0,0,101.65,60.35,0,0,0,0,19-APR-2021,
OPTSTK,DABUR,29-Apr-2021,635,PE,0,0,0,106.1,65.3,0,0,0,0,19-APR-2021,
OPTSTK,DABUR,29-Apr-2021,640,PE,0,0,0,110.55,70.25,0,0,0,0,19-APR-2021,
OPTSTK,DABUR,29-Apr-2021,645,PE,0,0,0,115.05,75.2,0,0,0,0,19-APR-2021,
OPTSTK,DABUR,29-Apr-2021,650,PE,0,0,0,119.6,80.2,0,0,0,0,19-APR-2021,
OPTSTK,DABUR,29-Apr-2021,655,PE,0,0,0,124.2,85.2,0,0,0,0,19-APR-2021,
OPTSTK,DABUR,29-Apr-2021,660,PE,0,0,0,128.8,90.15,0,0,0,0,19-APR-2021,
OPTSTK,DABUR,29-Apr-2021,665,PE,0,0,0,133.5,95.15,0,0,0,0,19-APR-2021,
OPTSTK,DABUR,29-Apr-2021,670,PE,0,0,0,138.15,100.15,0,0,0,0,19-APR-2021,
OPTSTK,DABUR,29-Apr-2021,675,PE,0,0,0,142.85,105.15,0,0,0,0,19-APR-2021,
OPTSTK,DABUR,27-May-2021,370,CE,0,0,0,142.75,200.65,0,0,0,0,19-APR-2021,
OPTSTK,DABUR,27-May-2021,375,CE,0,0,0,137.9,195.7,0,0,0,0,19-APR-2021,
OPTSTK,DABUR,27-May-2021,380,CE,0,0,0,133.05,190.7,0,0,0,0,19-APR-2021,
OPTSTK,DABUR,27-May-2021,385,CE,0,0,0,128.2,185.7,0,0,0,0,19-APR-2021,
OPTSTK,DABUR,27-May-2021,390,CE,0,0,0,123.4,180.75,0,0,0,0,19-APR-2021,
OPTSTK,DABUR,27-May-2021,395,CE,0,0,0,118.6,175.75,0,0,0,0,19-APR-2021,
OPTSTK,DABUR,27-May-2021,400,CE,0,0,0,113.9,170.8,0,0,0,0,19-APR-2021,
OPTSTK,DABUR,27-May-2021,405,CE,0,0,0,109.2,165.8,0,0,0,0,19-APR-2021,
OPTSTK,DABUR,27-May-2021,410,CE,0,0,0,104.55,160.8,0,0,0,0,19-APR-2021,
OPTSTK,DABUR,27-May-2021,415,CE,0,0,0,99.95,155.85,0,0,0,0,19-APR-2021,
OPTSTK,DABUR,27-May-2021,420,CE,0,0,0,95.45,150.85,0,0,0,0,19-APR-2021,
OPTSTK,DABUR,27-May-2021,425,CE,0,0,0,90.95,145.9,0,0,0,0,19-APR-2021,
OPTSTK,DABUR,27-May-2021,430,CE,0,0,0,86.6,140.9,0,0,0,0,19-APR-2021,
OPTSTK,DABUR,27-May-2021,435,CE,0,0,0,82.3,135.95,0,0,0,0,19-APR-2021,
OPTSTK,DABUR,27-May-2021,440,CE,0,0,0,78.05,130.95,0,0,0,0,19-APR-2021,
OPTSTK,DABUR,27-May-2021,445,CE,0,0,0,73.95,126,0,0,0,0,19-APR-2021,
OPTSTK,DABUR,27-May-2021,450,CE,0,0,0,69.95,121.05,0,0,0,0,19-APR-2021,
OPTSTK,DABUR,27-May-2021,455,CE,0,0,0,66,116.1,0,0,0,0,19-APR-2021,
OPTSTK,DABUR,27-May-2021,460,CE,0,0,0,62.2,111.15,0,0,0,0,19-APR-2021,
OPTSTK,DABUR,27-May-2021,465,CE,0,0,0,58.55,106.2,0,0,0,0,19-APR-2021,
OPTSTK,DABUR,27-May-2021,470,CE,0,0,0,54.95,101.3,0,0,0,0,19-APR-2021,
OPTSTK,DABUR,27-May-2021,475,CE,0,0,0,51.5,96.4,0,0,0,0,19-APR-2021,
OPTSTK,DABUR,27-May-2021,480,CE,0,0,0,48.2,91.55,0,0,0,0,19-APR-2021,
OPTSTK,DABUR,27-May-2021,485,CE,0,0,0,45,86.75,0,0,0,0,19-APR-2021,
OPTSTK,DABUR,27-May-2021,490,CE,0,0,0,41.95,82,0,0,0,0,19-APR-2021,
OPTSTK,DABUR,27-May-2021,495,CE,0,0,0,39.05,77.3,0,0,0,0,19-APR-2021,
OPTSTK,DABUR,27-May-2021,500,CE,0,0,0,36.25,72.65,0,0,0,0,19-APR-2021,
OPTSTK,DABUR,27-May-2021,505,CE,0,0,0,33.65,68.1,0,0,0,0,19-APR-2021,
OPTSTK,DABUR,27-May-2021,510,CE,0,0,0,31.15,63.6,0,0,0,0,19-APR-2021,
OPTSTK,DABUR,27-May-2021,515,CE,0,0,0,28.75,59.25,0,0,0,0,19-APR-2021,
OPTSTK,DABUR,27-May-2021,520,CE,0,0,0,26.5,55,0,0,0,0,19-APR-2021,
OPTSTK,DABUR,27-May-2021,525,CE,0,0,0,24.4,50.85,0,0,0,0,19-APR-2021,
OPTSTK,DABUR,27-May-2021,530,CE,0,0,0,22.45,46.85,0,0,0,0,19-APR-2021,
OPTSTK,DABUR,27-May-2021,535,CE,0,0,0,20.6,43.05,0,0,0,0,19-APR-2021,
OPTSTK,DABUR,27-May-2021,540,CE,0,0,0,18.85,39.4,0,0,0,0,19-APR-2021,
OPTSTK,DABUR,27-May-2021,545,CE,0,0,0,17.2,35.85,0,0,0,0,19-APR-2021,
OPTSTK,DABUR,27-May-2021,550,CE,29.9,30.1,29.9,29.9,32.55,4,28.99,6250,5000,19-APR-2021,
OPTSTK,DABUR,27-May-2021,555,CE,0,0,0,14.3,29.4,0,0,0,0,19-APR-2021,
OPTSTK,DABUR,27-May-2021,560,CE,0,0,0,13.05,26.45,0,0,0,0,19-APR-2021,
OPTSTK,DABUR,27-May-2021,565,CE,0,0,0,11.85,23.7,0,0,0,0,19-APR-2021,
OPTSTK,DABUR,27-May-2021,570,CE,0,0,0,10.75,21.15,0,0,0,0,19-APR-2021,
OPTSTK,DABUR,27-May-2021,575,CE,0,0,0,9.7,18.8,0,0,0,0,19-APR-2021,
OPTSTK,DABUR,27-May-2021,580,CE,0,0,0,8.75,16.65,0,0,0,0,19-APR-2021,
OPTSTK,DABUR,27-May-2021,585,CE,0,0,0,7.9,14.65,0,0,0,0,19-APR-2021,
OPTSTK,DABUR,27-May-2021,590,CE,0,0,0,7.15,12.85,0,0,0,0,19-APR-2021,
OPTSTK,DABUR,27-May-2021,595,CE,0,0,0,6.4,11.2,0,0,0,0,19-APR-2021,
OPTSTK,DABUR,27-May-2021,600,CE,12.5,12.5,8.25,8.25,8.25,3,22.87,2500,2500,19-APR-2021,
OPTSTK,DABUR,27-May-2021,605,CE,0,0,0,5.15,8.45,0,0,0,0,19-APR-2021,
OPTSTK,DABUR,27-May-2021,610,CE,0,0,0,4.6,7.3,0,0,0,0,19-APR-2021,
OPTSTK,DABUR,27-May-2021,615,CE,0,0,0,4.15,6.25,0,0,0,0,19-APR-2021,
OPTSTK,DABUR,27-May-2021,620,CE,0,0,0,3.7,5.35,0,0,0,0,19-APR-2021,
OPTSTK,DABUR,27-May-2021,625,CE,0,0,0,3.3,4.55,0,0,0,0,19-APR-2021,
OPTSTK,DABUR,27-May-2021,630,CE,0,0,0,2.95,3.85,0,0,0,0,19-APR-2021,
OPTSTK,DABUR,27-May-2021,635,CE,0,0,0,2.6,3.25,0,0,0,0,19-APR-2021,
OPTSTK,DABUR,27-May-2021,640,CE,0,0,0,2.3,2.75,0,0,0,0,19-APR-2021,
OPTSTK,DABUR,27-May-2021,645,CE,0,0,0,2.05,2.3,0,0,0,0,19-APR-2021,
OPTSTK,DABUR,27-May-2021,650,CE,0,0,0,1.8,1.9,0,0,0,0,19-APR-2021,
OPTSTK,DABUR,27-May-2021,655,CE,0,0,0,1.6,1.6,0,0,0,0,19-APR-2021,
OPTSTK,DABUR,27-May-2021,660,CE,0,0,0,1.4,1.3,0,0,0,0,19-APR-2021,
OPTSTK,DABUR,27-May-2021,665,CE,0,0,0,1.25,1.1,0,0,0,0,19-APR-2021,
OPTSTK,DABUR,27-May-2021,670,CE,0,0,0,1.1,0.9,0,0,0,0,19-APR-2021,
OPTSTK,DABUR,27-May-2021,675,CE,0,0,0,1,0.75,0,0,0,0,19-APR-2021,
OPTSTK,DABUR,27-May-2021,370,PE,0,0,0,0.25,0,0,0,0,0,19-APR-2021,
OPTSTK,DABUR,27-May-2021,375,PE,0,0,0,0.35,0,0,0,0,0,19-APR-2021,
OPTSTK,DABUR,27-May-2021,380,PE,0,0,0,0.45,0,0,0,0,0,19-APR-2021,
OPTSTK,DABUR,27-May-2021,385,PE,0,0,0,0.55,0,0,0,0,0,19-APR-2021,
OPTSTK,DABUR,27-May-2021,390,PE,0,0,0,0.7,0,0,0,0,0,19-APR-2021,
OPTSTK,DABUR,27-May-2021,395,PE,0,0,0,0.9,0,0,0,0,0,19-APR-2021,
OPTSTK,DABUR,27-May-2021,400,PE,0,0,0,1.1,0,0,0,0,0,19-APR-2021,
OPTSTK,DABUR,27-May-2021,405,PE,0,0,0,1.35,0,0,0,0,0,19-APR-2021,
OPTSTK,DABUR,27-May-2021,410,PE,0,0,0,1.7,0,0,0,0,0,19-APR-2021,
OPTSTK,DABUR,27-May-2021,415,PE,0,0,0,2.05,0,0,0,0,0,19-APR-2021,
OPTSTK,DABUR,27-May-2021,420,PE,0,0,0,2.5,0,0,0,0,0,19-APR-2021,
OPTSTK,DABUR,27-May-2021,425,PE,0,0,0,2.95,0.05,0,0,0,0,19-APR-2021,
OPTSTK,DABUR,27-May-2021,430,PE,0,0,0,3.55,0.05,0,0,0,0,19-APR-2021,
OPTSTK,DABUR,27-May-2021,435,PE,0,0,0,4.2,0.05,0,0,0,0,19-APR-2021,
OPTSTK,DABUR,27-May-2021,440,PE,0,0,0,4.95,0.05,0,0,0,0,19-APR-2021,
OPTSTK,DABUR,27-May-2021,445,PE,0,0,0,5.75,0.05,0,0,0,0,19-APR-2021,
OPTSTK,DABUR,27-May-2021,450,PE,0,0,0,1.05,0.1,0,0,1250,0,19-APR-2021,
OPTSTK,DABUR,27-May-2021,455,PE,0,0,0,7.75,0.1,0,0,0,0,19-APR-2021,
OPTSTK,DABUR,27-May-2021,460,PE,0,0,0,8.85,0.15,0,0,0,0,19-APR-2021,
OPTSTK,DABUR,27-May-2021,465,PE,0,0,0,10.15,0.2,0,0,0,0,19-APR-2021,
OPTSTK,DABUR,27-May-2021,470,PE,0,0,0,11.55,0.25,0,0,0,0,19-APR-2021,
OPTSTK,DABUR,27-May-2021,475,PE,0,0,0,13.05,0.35,0,0,0,0,19-APR-2021,
OPTSTK,DABUR,27-May-2021,480,PE,0,0,0,14.65,0.5,0,0,0,0,19-APR-2021,
OPTSTK,DABUR,27-May-2021,485,PE,0,0,0,16.45,0.65,0,0,0,0,19-APR-2021,
OPTSTK,DABUR,27-May-2021,490,PE,0,0,0,18.35,0.9,0,0,0,0,19-APR-2021,
OPTSTK,DABUR,27-May-2021,495,PE,0,0,0,20.4,1.15,0,0,0,0,19-APR-2021,
OPTSTK,DABUR,27-May-2021,500,PE,2.1,2.1,2.05,2.05,1.5,2,12.55,3750,2500,19-APR-2021,
OPTSTK,DABUR,27-May-2021,505,PE,0,0,0,24.9,1.9,0,0,0,0,19-APR-2021,
OPTSTK,DABUR,27-May-2021,510,PE,0,0,0,27.35,2.4,0,0,0,0,19-APR-2021,
OPTSTK,DABUR,27-May-2021,515,PE,0,0,0,29.9,3.05,0,0,0,0,19-APR-2021,
OPTSTK,DABUR,27-May-2021,520,PE,0,0,0,32.65,3.75,0,0,0,0,19-APR-2021,
OPTSTK,DABUR,27-May-2021,525,PE,0,0,0,35.5,4.6,0,0,0,0,19-APR-2021,
OPTSTK,DABUR,27-May-2021,530,PE,0,0,0,38.45,5.6,0,0,0,0,19-APR-2021,
OPTSTK,DABUR,27-May-2021,535,PE,0,0,0,41.55,6.75,0,0,0,0,19-APR-2021,
OPTSTK,DABUR,27-May-2021,540,PE,0,0,0,44.75,8.1,0,0,0,0,19-APR-2021,
OPTSTK,DABUR,27-May-2021,545,PE,0,0,0,48.1,9.55,0,0,0,0,19-APR-2021,
OPTSTK,DABUR,27-May-2021,550,PE,0,0,0,51.55,11.2,0,0,0,0,19-APR-2021,
OPTSTK,DABUR,27-May-2021,555,PE,0,0,0,55.1,13.05,0,0,0,0,19-APR-2021,
OPTSTK,DABUR,27-May-2021,560,PE,0,0,0,58.8,15.1,0,0,0,0,19-APR-2021,
OPTSTK,DABUR,27-May-2021,565,PE,0,0,0,62.55,17.3,0,0,0,0,19-APR-2021,
OPTSTK,DABUR,27-May-2021,570,PE,0,0,0,66.4,19.75,0,0,0,0,19-APR-2021,
OPTSTK,DABUR,27-May-2021,575,PE,0,0,0,70.3,22.35,0,0,0,0,19-APR-2021,
OPTSTK,DABUR,27-May-2021,580,PE,0,0,0,74.3,25.2,0,0,0,0,19-APR-2021,
OPTSTK,DABUR,27-May-2021,585,PE,0,0,0,78.4,28.2,0,0,0,0,19-APR-2021,
OPTSTK,DABUR,27-May-2021,590,PE,0,0,0,82.6,31.35,0,0,0,0,19-APR-2021,
OPTSTK,DABUR,27-May-2021,595,PE,0,0,0,86.8,34.7,0,0,0,0,19-APR-2021,
OPTSTK,DABUR,27-May-2021,600,PE,0,0,0,91.1,38.2,0,0,0,0,19-APR-2021,
OPTSTK,DABUR,27-May-2021,605,PE,0,0,0,95.5,41.9,0,0,0,0,19-APR-2021,
OPTSTK,DABUR,27-May-2021,610,PE,0,0,0,99.9,45.7,0,0,0,0,19-APR-2021,
OPTSTK,DABUR,27-May-2021,615,PE,0,0,0,104.35,49.65,0,0,0,0,19-APR-2021,
OPTSTK,DABUR,27-May-2021,620,PE,0,0,0,108.85,53.75,0,0,0,0,19-APR-2021,
OPTSTK,DABUR,27-May-2021,625,PE,0,0,0,113.4,57.9,0,0,0,0,19-APR-2021,
OPTSTK,DABUR,27-May-2021,630,PE,0,0,0,118,62.2,0,0,0,0,19-APR-2021,
OPTSTK,DABUR,27-May-2021,635,PE,0,0,0,122.65,66.55,0,0,0,0,19-APR-2021,
OPTSTK,DABUR,27-May-2021,640,PE,0,0,0,127.3,71.05,0,0,0,0,19-APR-2021,
OPTSTK,DABUR,27-May-2021,645,PE,0,0,0,132,75.55,0,0,0,0,19-APR-2021,
OPTSTK,DABUR,27-May-2021,650,PE,0,0,0,136.7,80.15,0,0,0,0,19-APR-2021,
OPTSTK,DABUR,27-May-2021,655,PE,0,0,0,141.45,84.85,0,0,0,0,19-APR-2021,
OPTSTK,DABUR,27-May-2021,660,PE,0,0,0,146.25,89.55,0,0,0,0,19-APR-2021,
OPTSTK,DABUR,27-May-2021,665,PE,0,0,0,151,94.3,0,0,0,0,19-APR-2021,
OPTSTK,DABUR,27-May-2021,670,PE,0,0,0,155.8,99.1,0,0,0,0,19-APR-2021,
OPTSTK,DABUR,27-May-2021,675,PE,0,0,0,160.65,103.9,0,0,0,0,19-APR-2021,
OPTSTK,DABUR,24-Jun-2021,370,CE,0,0,0,150.95,201.7,0,0,0,0,19-APR-2021,
OPTSTK,DABUR,24-Jun-2021,375,CE,0,0,0,146.05,196.75,0,0,0,0,19-APR-2021,
OPTSTK,DABUR,24-Jun-2021,380,CE,0,0,0,141.15,191.8,0,0,0,0,19-APR-2021,
OPTSTK,DABUR,24-Jun-2021,385,CE,0,0,0,136.3,186.85,0,0,0,0,19-APR-2021,
OPTSTK,DABUR,24-Jun-2021,390,CE,0,0,0,131.45,181.85,0,0,0,0,19-APR-2021,
OPTSTK,DABUR,24-Jun-2021,395,CE,0,0,0,126.6,176.9,0,0,0,0,19-APR-2021,
OPTSTK,DABUR,24-Jun-2021,400,CE,0,0,0,121.8,171.95,0,0,0,0,19-APR-2021,
OPTSTK,DABUR,24-Jun-2021,405,CE,0,0,0,117.05,167,0,0,0,0,19-APR-2021,
OPTSTK,DABUR,24-Jun-2021,410,CE,0,0,0,112.3,162.05,0,0,0,0,19-APR-2021,
OPTSTK,DABUR,24-Jun-2021,415,CE,0,0,0,107.6,157.1,0,0,0,0,19-APR-2021,
OPTSTK,DABUR,24-Jun-2021,420,CE,0,0,0,103,152.15,0,0,0,0,19-APR-2021,
OPTSTK,DABUR,24-Jun-2021,425,CE,0,0,0,98.4,147.2,0,0,0,0,19-APR-2021,
OPTSTK,DABUR,24-Jun-2021,430,CE,0,0,0,93.9,142.3,0,0,0,0,19-APR-2021,
OPTSTK,DABUR,24-Jun-2021,435,CE,0,0,0,89.45,137.35,0,0,0,0,19-APR-2021,
OPTSTK,DABUR,24-Jun-2021,440,CE,0,0,0,85.05,132.45,0,0,0,0,19-APR-2021,
OPTSTK,DABUR,24-Jun-2021,445,CE,0,0,0,80.75,127.6,0,0,0,0,19-APR-2021,
OPTSTK,DABUR,24-Jun-2021,450,CE,0,0,0,76.55,122.7,0,0,0,0,19-APR-2021,
OPTSTK,DABUR,24-Jun-2021,455,CE,0,0,0,72.45,117.9,0,0,0,0,19-APR-2021,
OPTSTK,DABUR,24-Jun-2021,460,CE,0,0,0,68.45,113.1,0,0,0,0,19-APR-2021,
OPTSTK,DABUR,24-Jun-2021,465,CE,0,0,0,64.55,108.35,0,0,0,0,19-APR-2021,
OPTSTK,DABUR,24-Jun-2021,470,CE,0,0,0,60.75,103.6,0,0,0,0,19-APR-2021,
OPTSTK,DABUR,24-Jun-2021,475,CE,0,0,0,57.1,98.95,0,0,0,0,19-APR-2021,
OPTSTK,DABUR,24-Jun-2021,480,CE,0,0,0,53.6,94.3,0,0,0,0,19-APR-2021,
OPTSTK,DABUR,24-Jun-2021,485,CE,0,0,0,50.15,89.75,0,0,0,0,19-APR-2021,
OPTSTK,DABUR,24-Jun-2021,490,CE,0,0,0,46.85,85.25,0,0,0,0,19-APR-2021,
OPTSTK,DABUR,24-Jun-2021,495,CE,0,0,0,43.7,80.85,0,0,0,0,19-APR-2021,
OPTSTK,DABUR,24-Jun-2021,500,CE,0,0,0,40.7,76.55,0,0,0,0,19-APR-2021,
OPTSTK,DABUR,24-Jun-2021,505,CE,0,0,0,37.8,72.3,0,0,0,0,19-APR-2021,
OPTSTK,DABUR,24-Jun-2021,510,CE,0,0,0,35.1,68.15,0,0,0,0,19-APR-2021,
OPTSTK,DABUR,24-Jun-2021,515,CE,0,0,0,32.5,64.15,0,0,0,0,19-APR-2021,
OPTSTK,DABUR,24-Jun-2021,520,CE,0,0,0,30,60.25,0,0,0,0,19-APR-2021,
OPTSTK,DABUR,24-Jun-2021,525,CE,0,0,0,27.7,56.45,0,0,0,0,19-APR-2021,
OPTSTK,DABUR,24-Jun-2021,530,CE,0,0,0,25.5,52.8,0,0,0,0,19-APR-2021,
OPTSTK,DABUR,24-Jun-2021,535,CE,0,0,0,23.4,49.25,0,0,0,0,19-APR-2021,
OPTSTK,DABUR,24-Jun-2021,540,CE,0,0,0,21.5,45.85,0,0,0,0,19-APR-2021,
OPTSTK,DABUR,24-Jun-2021,545,CE,0,0,0,19.65,42.55,0,0,0,0,19-APR-2021,
OPTSTK,DABUR,24-Jun-2021,550,CE,0,0,0,17.95,39.45,0,0,0,0,19-APR-2021,
OPTSTK,DABUR,24-Jun-2021,555,CE,0,0,0,16.4,36.5,0,0,0,0,19-APR-2021,
OPTSTK,DABUR,24-Jun-2021,560,CE,0,0,0,14.9,33.65,0,0,0,0,19-APR-2021,
OPTSTK,DABUR,24-Jun-2021,565,CE,0,0,0,13.55,31,0,0,0,0,19-APR-2021,
OPTSTK,DABUR,24-Jun-2021,570,CE,0,0,0,12.35,28.45,0,0,0,0,19-APR-2021,
OPTSTK,DABUR,24-Jun-2021,575,CE,0,0,0,11.2,26.05,0,0,0,0,19-APR-2021,
OPTSTK,DABUR,24-Jun-2021,580,CE,0,0,0,10.1,23.85,0,0,0,0,19-APR-2021,
OPTSTK,DABUR,24-Jun-2021,585,CE,0,0,0,9.1,21.75,0,0,0,0,19-APR-2021,
OPTSTK,DABUR,24-Jun-2021,590,CE,0,0,0,8.2,19.8,0,0,0,0,19-APR-2021,
OPTSTK,DABUR,24-Jun-2021,595,CE,0,0,0,7.4,17.95,0,0,0,0,19-APR-2021,
OPTSTK,DABUR,24-Jun-2021,600,CE,0,0,0,6.65,16.25,0,0,0,0,19-APR-2021,
OPTSTK,DABUR,24-Jun-2021,605,CE,0,0,0,5.95,14.7,0,0,0,0,19-APR-2021,
OPTSTK,DABUR,24-Jun-2021,610,CE,0,0,0,5.35,13.25,0,0,0,0,19-APR-2021,
OPTSTK,DABUR,24-Jun-2021,615,CE,0,0,0,4.75,11.95,0,0,0,0,19-APR-2021,
OPTSTK,DABUR,24-Jun-2021,620,CE,0,0,0,4.25,10.75,0,0,0,0,19-APR-2021,
OPTSTK,DABUR,24-Jun-2021,625,CE,0,0,0,3.8,9.6,0,0,0,0,19-APR-2021,
OPTSTK,DABUR,24-Jun-2021,630,CE,0,0,0,3.4,8.6,0,0,0,0,19-APR-2021,
OPTSTK,DABUR,24-Jun-2021,635,CE,0,0,0,3,7.65,0,0,0,0,19-APR-2021,
OPTSTK,DABUR,24-Jun-2021,640,CE,0,0,0,2.65,6.8,0,0,0,0,19-APR-2021,
OPTSTK,DABUR,24-Jun-2021,645,CE,0,0,0,2.35,6.05,0,0,0,0,19-APR-2021,
OPTSTK,DABUR,24-Jun-2021,650,CE,0,0,0,2.1,5.35,0,0,0,0,19-APR-2021,
OPTSTK,DABUR,24-Jun-2021,655,CE,0,0,0,1.85,4.75,0,0,0,0,19-APR-2021,
OPTSTK,DABUR,24-Jun-2021,660,CE,0,0,0,1.65,4.2,0,0,0,0,19-APR-2021,
OPTSTK,DABUR,24-Jun-2021,665,CE,0,0,0,1.45,3.7,0,0,0,0,19-APR-2021,
OPTSTK,DABUR,24-Jun-2021,670,CE,0,0,0,1.25,3.25,0,0,0,0,19-APR-2021,
OPTSTK,DABUR,24-Jun-2021,675,CE,0,0,0,1.1,2.85,0,0,0,0,19-APR-2021,
OPTSTK,DABUR,24-Jun-2021,370,PE,0,0,0,0.15,0,0,0,0,0,19-APR-2021,
OPTSTK,DABUR,24-Jun-2021,375,PE,0,0,0,0.2,0,0,0,0,0,19-APR-2021,
OPTSTK,DABUR,24-Jun-2021,380,PE,0,0,0,0.25,0,0,0,0,0,19-APR-2021,
OPTSTK,DABUR,24-Jun-2021,385,PE,0,0,0,0.35,0.05,0,0,0,0,19-APR-2021,
OPTSTK,DABUR,24-Jun-2021,390,PE,0,0,0,0.45,0.05,0,0,0,0,19-APR-2021,
OPTSTK,DABUR,24-Jun-2021,395,PE,0,0,0,0.55,0.05,0,0,0,0,19-APR-2021,
OPTSTK,DABUR,24-Jun-2021,400,PE,0,0,0,0.75,0.05,0,0,0,0,19-APR-2021,
OPTSTK,DABUR,24-Jun-2021,405,PE,0,0,0,0.9,0.05,0,0,0,0,19-APR-2021,
OPTSTK,DABUR,24-Jun-2021,410,PE,0,0,0,1.15,0.05,0,0,0,0,19-APR-2021,
OPTSTK,DABUR,24-Jun-2021,415,PE,0,0,0,1.4,0.1,0,0,0,0,19-APR-2021,
OPTSTK,DABUR,24-Jun-2021,420,PE,0,0,0,1.7,0.1,0,0,0,0,19-APR-2021,
OPTSTK,DABUR,24-Jun-2021,425,PE,0,0,0,2.1,0.15,0,0,0,0,19-APR-2021,
OPTSTK,DABUR,24-Jun-2021,430,PE,0,0,0,2.55,0.15,0,0,0,0,19-APR-2021,
OPTSTK,DABUR,24-Jun-2021,435,PE,0,0,0,3.05,0.2,0,0,0,0,19-APR-2021,
OPTSTK,DABUR,24-Jun-2021,440,PE,0,0,0,3.6,0.3,0,0,0,0,19-APR-2021,
OPTSTK,DABUR,24-Jun-2021,445,PE,0,0,0,4.25,0.4,0,0,0,0,19-APR-2021,
OPTSTK,DABUR,24-Jun-2021,450,PE,0,0,0,5.05,0.5,0,0,0,0,19-APR-2021,
OPTSTK,DABUR,24-Jun-2021,455,PE,0,0,0,5.85,0.6,0,0,0,0,19-APR-2021,
OPTSTK,DABUR,24-Jun-2021,460,PE,0,0,0,6.8,0.8,0,0,0,0,19-APR-2021,
OPTSTK,DABUR,24-Jun-2021,465,PE,0,0,0,7.9,1,0,0,0,0,19-APR-2021,
OPTSTK,DABUR,24-Jun-2021,470,PE,0,0,0,9.05,1.25,0,0,0,0,19-APR-2021,
OPTSTK,DABUR,24-Jun-2021,475,PE,0,0,0,10.35,1.5,0,0,0,0,19-APR-2021,
OPTSTK,DABUR,24-Jun-2021,480,PE,0,0,0,11.75,1.85,0,0,0,0,19-APR-2021,
OPTSTK,DABUR,24-Jun-2021,485,PE,0,0,0,13.3,2.3,0,0,0,0,19-APR-2021,
OPTSTK,DABUR,24-Jun-2021,490,PE,0,0,0,14.95,2.75,0,0,0,0,19-APR-2021,
OPTSTK,DABUR,24-Jun-2021,495,PE,0,0,0,16.75,3.3,0,0,0,0,19-APR-2021,
OPTSTK,DABUR,24-Jun-2021,500,PE,0,0,0,18.7,3.95,0,0,0,0,19-APR-2021,
OPTSTK,DABUR,24-Jun-2021,505,PE,0,0,0,20.75,4.7,0,0,0,0,19-APR-2021,
OPTSTK,DABUR,24-Jun-2021,510,PE,0,0,0,23,5.55,0,0,0,0,19-APR-2021,
OPTSTK,DABUR,24-Jun-2021,515,PE,0,0,0,25.35,6.45,0,0,0,0,19-APR-2021,
OPTSTK,DABUR,24-Jun-2021,520,PE,0,0,0,27.8,7.5,0,0,0,0,19-APR-2021,
OPTSTK,DABUR,24-Jun-2021,525,PE,0,0,0,30.45,8.7,0,0,0,0,19-APR-2021,
OPTSTK,DABUR,24-Jun-2021,530,PE,0,0,0,33.2,10,0,0,0,0,19-APR-2021,
OPTSTK,DABUR,24-Jun-2021,535,PE,0,0,0,36.1,11.4,0,0,0,0,19-APR-2021,
OPTSTK,DABUR,24-Jun-2021,540,PE,0,0,0,39.1,13,0,0,0,0,19-APR-2021,
OPTSTK,DABUR,24-Jun-2021,545,PE,0,0,0,42.25,14.7,0,0,0,0,19-APR-2021,
OPTSTK,DABUR,24-Jun-2021,550,PE,0,0,0,45.5,16.55,0,0,0,0,19-APR-2021,
OPTSTK,DABUR,24-Jun-2021,555,PE,0,0,0,48.9,18.55,0,0,0,0,19-APR-2021,
OPTSTK,DABUR,24-Jun-2021,560,PE,0,0,0,52.35,20.7,0,0,0,0,19-APR-2021,
OPTSTK,DABUR,24-Jun-2021,565,PE,0,0,0,55.95,22.95,0,0,0,0,19-APR-2021,
OPTSTK,DABUR,24-Jun-2021,570,PE,0,0,0,59.7,25.4,0,0,0,0,19-APR-2021,
OPTSTK,DABUR,24-Jun-2021,575,PE,0,0,0,63.5,28,0,0,0,0,19-APR-2021,
OPTSTK,DABUR,24-Jun-2021,580,PE,0,0,0,67.35,30.7,0,0,0,0,19-APR-2021,
OPTSTK,DABUR,24-Jun-2021,585,PE,0,0,0,71.3,33.6,0,0,0,0,19-APR-2021,
OPTSTK,DABUR,24-Jun-2021,590,PE,0,0,0,75.4,36.6,0,0,0,0,19-APR-2021,
OPTSTK,DABUR,24-Jun-2021,595,PE,0,0,0,79.5,39.75,0,0,0,0,19-APR-2021,
OPTSTK,DABUR,24-Jun-2021,600,PE,0,0,0,83.7,43,0,0,0,0,19-APR-2021,
OPTSTK,DABUR,24-Jun-2021,605,PE,0,0,0,88,46.4,0,0,0,0,19-APR-2021,
OPTSTK,DABUR,24-Jun-2021,610,PE,0,0,0,92.3,49.95,0,0,0,0,19-APR-2021,
OPTSTK,DABUR,24-Jun-2021,615,PE,0,0,0,96.7,53.55,0,0,0,0,19-APR-2021,
OPTSTK,DABUR,24-Jun-2021,620,PE,0,0,0,101.15,57.35,0,0,0,0,19-APR-2021,
OPTSTK,DABUR,24-Jun-2021,625,PE,0,0,0,105.65,61.2,0,0,0,0,19-APR-2021,
OPTSTK,DABUR,24-Jun-2021,630,PE,0,0,0,110.15,65.15,0,0,0,0,19-APR-2021,
OPTSTK,DABUR,24-Jun-2021,635,PE,0,0,0,114.75,69.15,0,0,0,0,19-APR-2021,
OPTSTK,DABUR,24-Jun-2021,640,PE,0,0,0,119.35,73.3,0,0,0,0,19-APR-2021,
OPTSTK,DABUR,24-Jun-2021,645,PE,0,0,0,124,77.5,0,0,0,0,19-APR-2021,
OPTSTK,DABUR,24-Jun-2021,650,PE,0,0,0,128.7,81.75,0,0,0,0,19-APR-2021,
OPTSTK,DABUR,24-Jun-2021,655,PE,0,0,0,133.4,86.1,0,0,0,0,19-APR-2021,
OPTSTK,DABUR,24-Jun-2021,660,PE,0,0,0,138.15,90.55,0,0,0,0,19-APR-2021,
OPTSTK,DABUR,24-Jun-2021,665,PE,0,0,0,142.9,95,0,0,0,0,19-APR-2021,
OPTSTK,DABUR,24-Jun-2021,670,PE,0,0,0,147.7,99.5,0,0,0,0,19-APR-2021,
OPTSTK,DABUR,24-Jun-2021,675,PE,0,0,0,152.5,104.1,0,0,0,0,19-APR-2021,
OPTSTK,DEEPAKNTR,29-Apr-2021,1080,CE,0,0,0,322.9,479.75,0,0,0,0,19-APR-2021,
OPTSTK,DEEPAKNTR,29-Apr-2021,1100,CE,0,0,0,303,459.75,0,0,0,0,19-APR-2021,
OPTSTK,DEEPAKNTR,29-Apr-2021,1120,CE,0,0,0,283.15,439.8,0,0,0,0,19-APR-2021,
OPTSTK,DEEPAKNTR,29-Apr-2021,1140,CE,0,0,0,263.25,419.85,0,0,0,0,19-APR-2021,
OPTSTK,DEEPAKNTR,29-Apr-2021,1160,CE,0,0,0,243.4,399.9,0,0,0,0,19-APR-2021,
OPTSTK,DEEPAKNTR,29-Apr-2021,1180,CE,0,0,0,223.55,379.95,0,0,0,0,19-APR-2021,
OPTSTK,DEEPAKNTR,29-Apr-2021,1200,CE,0,0,0,203.65,360.05,0,0,0,0,19-APR-2021,
OPTSTK,DEEPAKNTR,29-Apr-2021,1220,CE,0,0,0,183.8,340.2,0,0,0,0,19-APR-2021,
OPTSTK,DEEPAKNTR,29-Apr-2021,1240,CE,0,0,0,163.9,320.45,0,0,0,0,19-APR-2021,
OPTSTK,DEEPAKNTR,29-Apr-2021,1260,CE,0,0,0,144.05,300.75,0,0,0,0,19-APR-2021,
OPTSTK,DEEPAKNTR,29-Apr-2021,1280,CE,0,0,0,124.2,281.25,0,0,0,0,19-APR-2021,
OPTSTK,DEEPAKNTR,29-Apr-2021,1300,CE,0,0,0,104.3,261.9,0,0,0,0,19-APR-2021,
OPTSTK,DEEPAKNTR,29-Apr-2021,1320,CE,0,0,0,84.45,242.85,0,0,0,0,19-APR-2021,
OPTSTK,DEEPAKNTR,29-Apr-2021,1340,CE,0,0,0,64.55,224.1,0,0,0,0,19-APR-2021,
OPTSTK,DEEPAKNTR,29-Apr-2021,1360,CE,0,0,0,44.7,205.75,0,0,0,0,19-APR-2021,
OPTSTK,DEEPAKNTR,29-Apr-2021,1380,CE,0,0,0,24.8,187.9,0,0,0,0,19-APR-2021,
OPTSTK,DEEPAKNTR,29-Apr-2021,1400,CE,0,0,0,270.2,170.6,0,0,1500,0,19-APR-2021,
OPTSTK,DEEPAKNTR,29-Apr-2021,1420,CE,0,0,0,0.05,154,0,0,0,0,19-APR-2021,
OPTSTK,DEEPAKNTR,29-Apr-2021,1440,CE,0,0,0,0.05,138.15,0,0,0,0,19-APR-2021,
OPTSTK,DEEPAKNTR,29-Apr-2021,1460,CE,0,0,0,0.05,123.15,0,0,0,0,19-APR-2021,
OPTSTK,DEEPAKNTR,29-Apr-2021,1480,CE,0,0,0,0.05,108.95,0,0,0,0,19-APR-2021,
OPTSTK,DEEPAKNTR,29-Apr-2021,1500,CE,0,0,0,146.55,95.8,0,0,1500,0,19-APR-2021,
OPTSTK,DEEPAKNTR,29-Apr-2021,1520,CE,0,0,0,0.05,83.65,0,0,0,0,19-APR-2021,
OPTSTK,DEEPAKNTR,29-Apr-2021,1540,CE,56.55,56.55,56.55,56.55,72.5,1,7.98,3500,0,19-APR-2021,
OPTSTK,DEEPAKNTR,29-Apr-2021,1560,CE,74.3,74.3,24.6,46.65,46.65,17,136.79,29500,0,19-APR-2021,
OPTSTK,DEEPAKNTR,29-Apr-2021,1580,CE,48.15,48.15,34.15,34.15,34.15,3,24.32,1000,0,19-APR-2021,
OPTSTK,DEEPAKNTR,29-Apr-2021,1600,CE,50.7,50.7,24.8,29.65,29.65,170,1386.69,88500,20000,19-APR-2021,
OPTSTK,DEEPAKNTR,29-Apr-2021,1620,CE,23,31.15,23,23.45,38.05,8,65.83,5500,500,19-APR-2021,
OPTSTK,DEEPAKNTR,29-Apr-2021,1640,CE,20.7,24.5,15.75,15.75,15.75,25,207.56,18500,-3000,19-APR-2021,
OPTSTK,DEEPAKNTR,29-Apr-2021,1660,CE,13.55,16.55,12.95,14.5,14.5,23,192.62,19500,-2500,19-APR-2021,
OPTSTK,DEEPAKNTR,29-Apr-2021,1680,CE,13.45,13.45,11.5,12,21.7,5,42.3,10000,-1000,19-APR-2021,
OPTSTK,DEEPAKNTR,29-Apr-2021,1700,CE,18.5,18.5,7,10,10,315,2693.28,146000,15000,19-APR-2021,
OPTSTK,DEEPAKNTR,29-Apr-2021,1720,CE,6.8,8.25,6.75,8.25,14.4,6,51.83,24000,-500,19-APR-2021,
OPTSTK,DEEPAKNTR,29-Apr-2021,1740,CE,4.05,10,4.05,10,11.6,5,43.67,23000,-1000,19-APR-2021,
OPTSTK,DEEPAKNTR,29-Apr-2021,1760,CE,10,10,6,8,9.3,11,97.18,35000,-1000,19-APR-2021,
OPTSTK,DEEPAKNTR,29-Apr-2021,1780,CE,0,0,0,10,7.4,0,0,1000,0,19-APR-2021,
OPTSTK,DEEPAKNTR,29-Apr-2021,1800,CE,6.4,6.4,2.8,4.45,4.45,178,1605.95,107000,-29000,19-APR-2021,
OPTSTK,DEEPAKNTR,29-Apr-2021,1820,CE,0,0,0,3.3,4.55,0,0,5500,0,19-APR-2021,
OPTSTK,DEEPAKNTR,29-Apr-2021,1840,CE,0,0,0,0.05,3.55,0,0,0,0,19-APR-2021,
OPTSTK,DEEPAKNTR,29-Apr-2021,1860,CE,0,0,0,0.05,2.75,0,0,0,0,19-APR-2021,
OPTSTK,DEEPAKNTR,29-Apr-2021,1880,CE,0,0,0,0.05,2.1,0,0,0,0,19-APR-2021,
OPTSTK,DEEPAKNTR,29-Apr-2021,1900,CE,2.6,3.5,1.85,2.55,2.55,78,742.15,90000,-5000,19-APR-2021,
OPTSTK,DEEPAKNTR,29-Apr-2021,1920,CE,0,0,0,0.05,1.25,0,0,0,0,19-APR-2021,
OPTSTK,DEEPAKNTR,29-Apr-2021,1940,CE,0,0,0,0.05,0.95,0,0,0,0,19-APR-2021,
OPTSTK,DEEPAKNTR,29-Apr-2021,1960,CE,0,0,0,5,0.7,0,0,3000,0,19-APR-2021,
OPTSTK,DEEPAKNTR,29-Apr-2021,1980,CE,0,0,0,39.15,0.55,0,0,0,0,19-APR-2021,
OPTSTK,DEEPAKNTR,29-Apr-2021,2000,CE,0,0,0,36.4,0.4,0,0,0,0,19-APR-2021,
OPTSTK,DEEPAKNTR,29-Apr-2021,2020,CE,0,0,0,33.85,0.3,0,0,0,0,19-APR-2021,
OPTSTK,DEEPAKNTR,29-Apr-2021,2040,CE,0,0,0,31.45,0.2,0,0,0,0,19-APR-2021,
OPTSTK,DEEPAKNTR,29-Apr-2021,1080,PE,0,0,0,0.05,0,0,0,0,0,19-APR-2021,
OPTSTK,DEEPAKNTR,29-Apr-2021,1100,PE,0,0,0,0.05,0.05,0,0,0,0,19-APR-2021,
OPTSTK,DEEPAKNTR,29-Apr-2021,1120,PE,0,0,0,0.05,0.05,0,0,0,0,19-APR-2021,
OPTSTK,DEEPAKNTR,29-Apr-2021,1140,PE,0,0,0,0.05,0.05,0,0,0,0,19-APR-2021,
OPTSTK,DEEPAKNTR,29-Apr-2021,1160,PE,0,0,0,0.05,0.1,0,0,0,0,19-APR-2021,
OPTSTK,DEEPAKNTR,29-Apr-2021,1180,PE,0,0,0,0.05,0.15,0,0,0,0,19-APR-2021,
OPTSTK,DEEPAKNTR,29-Apr-2021,1200,PE,0,0,0,0.05,0.2,0,0,0,0,19-APR-2021,
OPTSTK,DEEPAKNTR,29-Apr-2021,1220,PE,0,0,0,0.05,0.35,0,0,0,0,19-APR-2021,
OPTSTK,DEEPAKNTR,29-Apr-2021,1240,PE,0,0,0,0.05,0.55,0,0,0,0,19-APR-2021,
OPTSTK,DEEPAKNTR,29-Apr-2021,1260,PE,0,0,0,2.45,0.85,0,0,500,0,19-APR-2021,
OPTSTK,DEEPAKNTR,29-Apr-2021,1280,PE,0,0,0,0.05,1.3,0,0,0,0,19-APR-2021,
OPTSTK,DEEPAKNTR,29-Apr-2021,1300,PE,2.45,2.45,2.45,2.45,1.95,1,6.51,26500,0,19-APR-2021,
OPTSTK,DEEPAKNTR,29-Apr-2021,1320,PE,0,0,0,0.05,2.85,0,0,0,0,19-APR-2021,
OPTSTK,DEEPAKNTR,29-Apr-2021,1340,PE,0,0,0,0.05,4.1,0,0,0,0,19-APR-2021,
OPTSTK,DEEPAKNTR,29-Apr-2021,1360,PE,0,0,0,0.05,5.75,0,0,0,0,19-APR-2021,
OPTSTK,DEEPAKNTR,29-Apr-2021,1380,PE,0,0,0,0.05,7.85,0,0,0,0,19-APR-2021,
OPTSTK,DEEPAKNTR,29-Apr-2021,1400,PE,2.55,4.3,2.55,2.55,10.55,3,21.04,12000,-500,19-APR-2021,
OPTSTK,DEEPAKNTR,29-Apr-2021,1420,PE,0,0,0,14.95,13.95,0,0,0,0,19-APR-2021,
OPTSTK,DEEPAKNTR,29-Apr-2021,1440,PE,0,0,0,34.85,18.05,0,0,0,0,19-APR-2021,
OPTSTK,DEEPAKNTR,29-Apr-2021,1460,PE,0,0,0,3.5,23.05,0,0,500,0,19-APR-2021,
OPTSTK,DEEPAKNTR,29-Apr-2021,1480,PE,0,0,0,74.55,28.85,0,0,0,0,19-APR-2021,
OPTSTK,DEEPAKNTR,29-Apr-2021,1500,PE,24.75,25,20.25,21.5,35.65,22,167.6,46000,2000,19-APR-2021,
OPTSTK,DEEPAKNTR,29-Apr-2021,1520,PE,0,0,0,114.3,43.5,0,0,0,0,19-APR-2021,
OPTSTK,DEEPAKNTR,29-Apr-2021,1540,PE,38.4,38.4,38.4,38.4,52.3,1,7.89,4000,0,19-APR-2021,
OPTSTK,DEEPAKNTR,29-Apr-2021,1560,PE,56.65,56.65,39.7,39.7,62.2,6,48.25,7000,0,19-APR-2021,
OPTSTK,DEEPAKNTR,29-Apr-2021,1580,PE,57.1,57.1,57.1,57.1,73.05,1,8.18,1000,-500,19-APR-2021,
OPTSTK,DEEPAKNTR,29-Apr-2021,1600,PE,77,80.3,66.65,68.7,68.7,42,351.74,44000,8500,19-APR-2021,
OPTSTK,DEEPAKNTR,29-Apr-2021,1620,PE,83.95,117.5,83.95,117.5,97.75,3,25.73,8000,0,19-APR-2021,
OPTSTK,DEEPAKNTR,29-Apr-2021,1640,PE,0,0,0,233.55,111.5,0,0,0,0,19-APR-2021,
OPTSTK,DEEPAKNTR,29-Apr-2021,1660,PE,111.15,111.15,111.15,111.15,126.1,1,8.85,5500,-500,19-APR-2021,
OPTSTK,DEEPAKNTR,29-Apr-2021,1680,PE,0,0,0,273.3,141.4,0,0,0,0,19-APR-2021,
OPTSTK,DEEPAKNTR,29-Apr-2021,1700,PE,0,0,0,101.5,157.4,0,0,18500,0,19-APR-2021,
OPTSTK,DEEPAKNTR,29-Apr-2021,1720,PE,0,0,0,313,174.05,0,0,0,0,19-APR-2021,
OPTSTK,DEEPAKNTR,29-Apr-2021,1740,PE,0,0,0,332.9,191.25,0,0,0,0,19-APR-2021,
OPTSTK,DEEPAKNTR,29-Apr-2021,1760,PE,0,0,0,352.75,208.9,0,0,0,0,19-APR-2021,
OPTSTK,DEEPAKNTR,29-Apr-2021,1780,PE,0,0,0,372.65,226.95,0,0,0,0,19-APR-2021,
OPTSTK,DEEPAKNTR,29-Apr-2021,1800,PE,260,260,250,250,245.4,26,267.5,2000,-11000,19-APR-2021,
OPTSTK,DEEPAKNTR,29-Apr-2021,1820,PE,0,0,0,412.4,264.1,0,0,0,0,19-APR-2021,
OPTSTK,DEEPAKNTR,29-Apr-2021,1840,PE,0,0,0,432.25,283.1,0,0,0,0,19-APR-2021,
OPTSTK,DEEPAKNTR,29-Apr-2021,1860,PE,0,0,0,452.1,302.25,0,0,0,0,19-APR-2021,
OPTSTK,DEEPAKNTR,29-Apr-2021,1880,PE,0,0,0,472,321.6,0,0,0,0,19-APR-2021,
OPTSTK,DEEPAKNTR,29-Apr-2021,1900,PE,0,0,0,491.85,341.1,0,0,0,0,19-APR-2021,
OPTSTK,DEEPAKNTR,29-Apr-2021,1920,PE,0,0,0,511.75,360.7,0,0,0,0,19-APR-2021,
OPTSTK,DEEPAKNTR,29-Apr-2021,1940,PE,0,0,0,531.6,380.35,0,0,0,0,19-APR-2021,
OPTSTK,DEEPAKNTR,29-Apr-2021,1960,PE,0,0,0,551.45,400.1,0,0,0,0,19-APR-2021,
OPTSTK,DEEPAKNTR,29-Apr-2021,1980,PE,0,0,0,443.5,419.9,0,0,0,0,19-APR-2021,
OPTSTK,DEEPAKNTR,29-Apr-2021,2000,PE,0,0,0,460.6,439.75,0,0,0,0,19-APR-2021,
OPTSTK,DEEPAKNTR,29-Apr-2021,2020,PE,0,0,0,477.95,459.65,0,0,0,0,19-APR-2021,
OPTSTK,DEEPAKNTR,29-Apr-2021,2040,PE,0,0,0,495.4,479.55,0,0,0,0,19-APR-2021,
OPTSTK,DEEPAKNTR,27-May-2021,1080,CE,0,0,0,325.95,485.7,0,0,0,0,19-APR-2021,
OPTSTK,DEEPAKNTR,27-May-2021,1100,CE,0,0,0,306.15,466.55,0,0,0,0,19-APR-2021,
OPTSTK,DEEPAKNTR,27-May-2021,1120,CE,0,0,0,286.35,447.6,0,0,0,0,19-APR-2021,
OPTSTK,DEEPAKNTR,27-May-2021,1140,CE,0,0,0,266.55,428.85,0,0,0,0,19-APR-2021,
OPTSTK,DEEPAKNTR,27-May-2021,1160,CE,0,0,0,246.7,410.35,0,0,0,0,19-APR-2021,
OPTSTK,DEEPAKNTR,27-May-2021,1180,CE,0,0,0,226.9,392.05,0,0,0,0,19-APR-2021,
OPTSTK,DEEPAKNTR,27-May-2021,1200,CE,0,0,0,207.1,374.05,0,0,0,0,19-APR-2021,
OPTSTK,DEEPAKNTR,27-May-2021,1220,CE,0,0,0,187.25,356.35,0,0,0,0,19-APR-2021,
OPTSTK,DEEPAKNTR,27-May-2021,1240,CE,0,0,0,167.45,339,0,0,0,0,19-APR-2021,
OPTSTK,DEEPAKNTR,27-May-2021,1260,CE,0,0,0,147.65,322,0,0,0,0,19-APR-2021,
OPTSTK,DEEPAKNTR,27-May-2021,1280,CE,0,0,0,127.85,305.35,0,0,0,0,19-APR-2021,
OPTSTK,DEEPAKNTR,27-May-2021,1300,CE,0,0,0,108,289.15,0,0,0,0,19-APR-2021,
OPTSTK,DEEPAKNTR,27-May-2021,1320,CE,0,0,0,88.2,273.4,0,0,0,0,19-APR-2021,
OPTSTK,DEEPAKNTR,27-May-2021,1340,CE,0,0,0,68.4,258.1,0,0,0,0,19-APR-2021,
OPTSTK,DEEPAKNTR,27-May-2021,1360,CE,0,0,0,48.6,243.3,0,0,0,0,19-APR-2021,
OPTSTK,DEEPAKNTR,27-May-2021,1380,CE,0,0,0,28.75,228.95,0,0,0,0,19-APR-2021,
OPTSTK,DEEPAKNTR,27-May-2021,1400,CE,0,0,0,9,215.05,0,0,0,0,19-APR-2021,
OPTSTK,DEEPAKNTR,27-May-2021,1420,CE,0,0,0,0.05,201.7,0,0,0,0,19-APR-2021,
OPTSTK,DEEPAKNTR,27-May-2021,1440,CE,0,0,0,0.05,188.9,0,0,0,0,19-APR-2021,
OPTSTK,DEEPAKNTR,27-May-2021,1460,CE,0,0,0,0.05,176.65,0,0,0,0,19-APR-2021,
OPTSTK,DEEPAKNTR,27-May-2021,1480,CE,0,0,0,0.05,164.95,0,0,0,0,19-APR-2021,
OPTSTK,DEEPAKNTR,27-May-2021,1500,CE,0,0,0,0.05,153.75,0,0,0,0,19-APR-2021,
OPTSTK,DEEPAKNTR,27-May-2021,1520,CE,0,0,0,0.05,143.15,0,0,0,0,19-APR-2021,
OPTSTK,DEEPAKNTR,27-May-2021,1540,CE,0,0,0,0.05,133.05,0,0,0,0,19-APR-2021,
OPTSTK,DEEPAKNTR,27-May-2021,1560,CE,0,0,0,0.05,123.45,0,0,0,0,19-APR-2021,
OPTSTK,DEEPAKNTR,27-May-2021,1580,CE,0,0,0,0.05,114.4,0,0,0,0,19-APR-2021,
OPTSTK,DEEPAKNTR,27-May-2021,1600,CE,0,0,0,0.05,105.85,0,0,0,0,19-APR-2021,
OPTSTK,DEEPAKNTR,27-May-2021,1620,CE,0,0,0,0.05,97.85,0,0,0,0,19-APR-2021,
OPTSTK,DEEPAKNTR,27-May-2021,1640,CE,0,0,0,0.05,90.25,0,0,0,0,19-APR-2021,
OPTSTK,DEEPAKNTR,27-May-2021,1660,CE,0,0,0,0.05,83.15,0,0,0,0,19-APR-2021,
OPTSTK,DEEPAKNTR,27-May-2021,1680,CE,0,0,0,0.05,76.55,0,0,0,0,19-APR-2021,
OPTSTK,DEEPAKNTR,27-May-2021,1700,CE,0,0,0,0.05,70.35,0,0,0,0,19-APR-2021,
OPTSTK,DEEPAKNTR,27-May-2021,1720,CE,0,0,0,0.05,64.55,0,0,0,0,19-APR-2021,
OPTSTK,DEEPAKNTR,27-May-2021,1740,CE,0,0,0,0.05,59.15,0,0,0,0,19-APR-2021,
OPTSTK,DEEPAKNTR,27-May-2021,1760,CE,0,0,0,0.05,54.25,0,0,0,0,19-APR-2021,
OPTSTK,DEEPAKNTR,27-May-2021,1780,CE,0,0,0,0.05,49.6,0,0,0,0,19-APR-2021,
OPTSTK,DEEPAKNTR,27-May-2021,1800,CE,0,0,0,0.05,45.3,0,0,0,0,19-APR-2021,
OPTSTK,DEEPAKNTR,27-May-2021,1820,CE,0,0,0,0.05,41.3,0,0,0,0,19-APR-2021,
OPTSTK,DEEPAKNTR,27-May-2021,1840,CE,0,0,0,0.05,37.65,0,0,0,0,19-APR-2021,
OPTSTK,DEEPAKNTR,27-May-2021,1860,CE,0,0,0,0.05,34.25,0,0,0,0,19-APR-2021,
OPTSTK,DEEPAKNTR,27-May-2021,1880,CE,0,0,0,0.05,31.15,0,0,0,0,19-APR-2021,
OPTSTK,DEEPAKNTR,27-May-2021,1900,CE,0,0,0,0.05,28.25,0,0,0,0,19-APR-2021,
OPTSTK,DEEPAKNTR,27-May-2021,1920,CE,0,0,0,0.05,25.65,0,0,0,0,19-APR-2021,
OPTSTK,DEEPAKNTR,27-May-2021,1940,CE,0,0,0,0.05,23.25,0,0,0,0,19-APR-2021,
OPTSTK,DEEPAKNTR,27-May-2021,1960,CE,0,0,0,0.05,21.05,0,0,0,0,19-APR-2021,
OPTSTK,DEEPAKNTR,27-May-2021,1980,CE,0,0,0,65.2,19.05,0,0,0,0,19-APR-2021,
OPTSTK,DEEPAKNTR,27-May-2021,2000,CE,0,0,0,61.75,17.2,0,0,0,0,19-APR-2021,
OPTSTK,DEEPAKNTR,27-May-2021,2020,CE,0,0,0,58.4,15.5,0,0,0,0,19-APR-2021,
OPTSTK,DEEPAKNTR,27-May-2021,2040,CE,0,0,0,55.25,14,0,0,0,0,19-APR-2021,
OPTSTK,DEEPAKNTR,27-May-2021,1080,PE,0,0,0,0.05,2.85,0,0,0,0,19-APR-2021,
OPTSTK,DEEPAKNTR,27-May-2021,1100,PE,0,0,0,0.05,3.65,0,0,0,0,19-APR-2021,
OPTSTK,DEEPAKNTR,27-May-2021,1120,PE,0,0,0,0.05,4.6,0,0,0,0,19-APR-2021,
OPTSTK,DEEPAKNTR,27-May-2021,1140,PE,0,0,0,0.05,5.75,0,0,0,0,19-APR-2021,
OPTSTK,DEEPAKNTR,27-May-2021,1160,PE,0,0,0,0.05,7.15,0,0,0,0,19-APR-2021,
OPTSTK,DEEPAKNTR,27-May-2021,1180,PE,0,0,0,0.05,8.8,0,0,0,0,19-APR-2021,
OPTSTK,DEEPAKNTR,27-May-2021,1200,PE,0,0,0,0.05,10.7,0,0,0,0,19-APR-2021,
OPTSTK,DEEPAKNTR,27-May-2021,1220,PE,0,0,0,0.05,12.95,0,0,0,0,19-APR-2021,
OPTSTK,DEEPAKNTR,27-May-2021,1240,PE,0,0,0,0.05,15.5,0,0,0,0,19-APR-2021,
OPTSTK,DEEPAKNTR,27-May-2021,1260,PE,0,0,0,0.05,18.45,0,0,0,0,19-APR-2021,
OPTSTK,DEEPAKNTR,27-May-2021,1280,PE,0,0,0,0.05,21.75,0,0,0,0,19-APR-2021,
OPTSTK,DEEPAKNTR,27-May-2021,1300,PE,0,0,0,0.05,25.45,0,0,0,0,19-APR-2021,
OPTSTK,DEEPAKNTR,27-May-2021,1320,PE,0,0,0,0.05,29.6,0,0,0,0,19-APR-2021,
OPTSTK,DEEPAKNTR,27-May-2021,1340,PE,0,0,0,0.05,34.2,0,0,0,0,19-APR-2021,
OPTSTK,DEEPAKNTR,27-May-2021,1360,PE,0,0,0,0.05,39.35,0,0,0,0,19-APR-2021,
OPTSTK,DEEPAKNTR,27-May-2021,1380,PE,0,0,0,0.05,44.9,0,0,0,0,19-APR-2021,
OPTSTK,DEEPAKNTR,27-May-2021,1400,PE,0,0,0,0.05,50.95,0,0,0,0,19-APR-2021,
OPTSTK,DEEPAKNTR,27-May-2021,1420,PE,0,0,0,10.9,57.5,0,0,0,0,19-APR-2021,
OPTSTK,DEEPAKNTR,27-May-2021,1440,PE,0,0,0,30.7,64.65,0,0,0,0,19-APR-2021,
OPTSTK,DEEPAKNTR,27-May-2021,1460,PE,0,0,0,50.55,72.3,0,0,0,0,19-APR-2021,
OPTSTK,DEEPAKNTR,27-May-2021,1480,PE,0,0,0,70.35,80.55,0,0,0,0,19-APR-2021,
OPTSTK,DEEPAKNTR,27-May-2021,1500,PE,0,0,0,90,89.3,0,0,500,0,19-APR-2021,
OPTSTK,DEEPAKNTR,27-May-2021,1520,PE,0,0,0,110,98.55,0,0,0,0,19-APR-2021,
OPTSTK,DEEPAKNTR,27-May-2021,1540,PE,0,0,0,129.8,108.4,0,0,0,0,19-APR-2021,
OPTSTK,DEEPAKNTR,27-May-2021,1560,PE,0,0,0,149.6,118.75,0,0,0,0,19-APR-2021,
OPTSTK,DEEPAKNTR,27-May-2021,1580,PE,0,0,0,169.4,129.6,0,0,0,0,19-APR-2021,
OPTSTK,DEEPAKNTR,27-May-2021,1600,PE,0,0,0,100,141,0,0,1000,0,19-APR-2021,
OPTSTK,DEEPAKNTR,27-May-2021,1620,PE,0,0,0,209.05,152.85,0,0,0,0,19-APR-2021,
OPTSTK,DEEPAKNTR,27-May-2021,1640,PE,0,0,0,228.85,165.2,0,0,0,0,19-APR-2021,
OPTSTK,DEEPAKNTR,27-May-2021,1660,PE,0,0,0,248.65,178.05,0,0,0,0,19-APR-2021,
OPTSTK,DEEPAKNTR,27-May-2021,1680,PE,0,0,0,268.5,191.35,0,0,0,0,19-APR-2021,
OPTSTK,DEEPAKNTR,27-May-2021,1700,PE,0,0,0,288.3,205.05,0,0,0,0,19-APR-2021,
OPTSTK,DEEPAKNTR,27-May-2021,1720,PE,0,0,0,308.1,219.2,0,0,0,0,19-APR-2021,
OPTSTK,DEEPAKNTR,27-May-2021,1740,PE,0,0,0,327.95,233.75,0,0,0,0,19-APR-2021,
OPTSTK,DEEPAKNTR,27-May-2021,1760,PE,0,0,0,347.75,248.7,0,0,0,0,19-APR-2021,
OPTSTK,DEEPAKNTR,27-May-2021,1780,PE,0,0,0,367.55,264,0,0,0,0,19-APR-2021,
OPTSTK,DEEPAKNTR,27-May-2021,1800,PE,0,0,0,387.35,279.65,0,0,0,0,19-APR-2021,
OPTSTK,DEEPAKNTR,27-May-2021,1820,PE,0,0,0,407.2,295.55,0,0,0,0,19-APR-2021,
OPTSTK,DEEPAKNTR,27-May-2021,1840,PE,0,0,0,427,311.8,0,0,0,0,19-APR-2021,
OPTSTK,DEEPAKNTR,27-May-2021,1860,PE,0,0,0,446.8,328.35,0,0,0,0,19-APR-2021,
OPTSTK,DEEPAKNTR,27-May-2021,1880,PE,0,0,0,466.65,345.15,0,0,0,0,19-APR-2021,
OPTSTK,DEEPAKNTR,27-May-2021,1900,PE,0,0,0,486.45,362.2,0,0,0,0,19-APR-2021,
OPTSTK,DEEPAKNTR,27-May-2021,1920,PE,0,0,0,506.25,379.5,0,0,0,0,19-APR-2021,
OPTSTK,DEEPAKNTR,27-May-2021,1940,PE,0,0,0,526.05,397.05,0,0,0,0,19-APR-2021,
OPTSTK,DEEPAKNTR,27-May-2021,1960,PE,0,0,0,545.9,414.75,0,0,0,0,19-APR-2021,
OPTSTK,DEEPAKNTR,27-May-2021,1980,PE,0,0,0,463.9,432.65,0,0,0,0,19-APR-2021,
OPTSTK,DEEPAKNTR,27-May-2021,2000,PE,0,0,0,480.25,450.75,0,0,0,0,19-APR-2021,
OPTSTK,DEEPAKNTR,27-May-2021,2020,PE,0,0,0,496.75,469,0,0,0,0,19-APR-2021,
OPTSTK,DEEPAKNTR,27-May-2021,2040,PE,0,0,0,513.4,487.4,0,0,0,0,19-APR-2021,
OPTSTK,DEEPAKNTR,24-Jun-2021,1080,CE,0,0,0,487.45,496.85,0,0,0,0,19-APR-2021,
OPTSTK,DEEPAKNTR,24-Jun-2021,1100,CE,0,0,0,470.85,478.95,0,0,0,0,19-APR-2021,
OPTSTK,DEEPAKNTR,24-Jun-2021,1120,CE,0,0,0,454.5,461.3,0,0,0,0,19-APR-2021,
OPTSTK,DEEPAKNTR,24-Jun-2021,1140,CE,0,0,0,438.5,443.95,0,0,0,0,19-APR-2021,
OPTSTK,DEEPAKNTR,24-Jun-2021,1160,CE,0,0,0,422.8,426.85,0,0,0,0,19-APR-2021,
OPTSTK,DEEPAKNTR,24-Jun-2021,1180,CE,0,0,0,407.4,410.1,0,0,0,0,19-APR-2021,
OPTSTK,DEEPAKNTR,24-Jun-2021,1200,CE,0,0,0,392.4,393.65,0,0,0,0,19-APR-2021,
OPTSTK,DEEPAKNTR,24-Jun-2021,1220,CE,0,0,0,377.7,377.55,0,0,0,0,19-APR-2021,
OPTSTK,DEEPAKNTR,24-Jun-2021,1240,CE,0,0,0,363.35,361.8,0,0,0,0,19-APR-2021,
OPTSTK,DEEPAKNTR,24-Jun-2021,1260,CE,0,0,0,349.35,346.4,0,0,0,0,19-APR-2021,
OPTSTK,DEEPAKNTR,24-Jun-2021,1280,CE,0,0,0,335.7,331.45,0,0,0,0,19-APR-2021,
OPTSTK,DEEPAKNTR,24-Jun-2021,1300,CE,0,0,0,322.4,316.8,0,0,0,0,19-APR-2021,
OPTSTK,DEEPAKNTR,24-Jun-2021,1320,CE,0,0,0,309.45,302.55,0,0,0,0,19-APR-2021,
OPTSTK,DEEPAKNTR,24-Jun-2021,1340,CE,0,0,0,296.85,288.7,0,0,0,0,19-APR-2021,
OPTSTK,DEEPAKNTR,24-Jun-2021,1360,CE,0,0,0,284.65,275.25,0,0,0,0,19-APR-2021,
OPTSTK,DEEPAKNTR,24-Jun-2021,1380,CE,0,0,0,272.8,262.2,0,0,0,0,19-APR-2021,
OPTSTK,DEEPAKNTR,24-Jun-2021,1400,CE,0,0,0,261.35,249.6,0,0,0,0,19-APR-2021,
OPTSTK,DEEPAKNTR,24-Jun-2021,1420,CE,0,0,0,250.25,237.4,0,0,0,0,19-APR-2021,
OPTSTK,DEEPAKNTR,24-Jun-2021,1440,CE,0,0,0,239.5,225.65,0,0,0,0,19-APR-2021,
OPTSTK,DEEPAKNTR,24-Jun-2021,1460,CE,0,0,0,229.15,214.3,0,0,0,0,19-APR-2021,
OPTSTK,DEEPAKNTR,24-Jun-2021,1480,CE,0,0,0,219.1,203.4,0,0,0,0,19-APR-2021,
OPTSTK,DEEPAKNTR,24-Jun-2021,1500,CE,0,0,0,209.4,192.9,0,0,0,0,19-APR-2021,
OPTSTK,DEEPAKNTR,24-Jun-2021,1520,CE,0,0,0,200.05,182.8,0,0,0,0,19-APR-2021,
OPTSTK,DEEPAKNTR,24-Jun-2021,1540,CE,0,0,0,191.05,173.1,0,0,0,0,19-APR-2021,
OPTSTK,DEEPAKNTR,24-Jun-2021,1560,CE,0,0,0,182.4,163.8,0,0,0,0,19-APR-2021,
OPTSTK,DEEPAKNTR,24-Jun-2021,1580,CE,0,0,0,174.05,154.9,0,0,0,0,19-APR-2021,
OPTSTK,DEEPAKNTR,24-Jun-2021,1600,CE,0,0,0,166,146.4,0,0,0,0,19-APR-2021,
OPTSTK,DEEPAKNTR,24-Jun-2021,1620,CE,0,0,0,158.3,138.25,0,0,0,0,19-APR-2021,
OPTSTK,DEEPAKNTR,24-Jun-2021,1640,CE,0,0,0,150.85,130.45,0,0,0,0,19-APR-2021,
OPTSTK,DEEPAKNTR,24-Jun-2021,1660,CE,0,0,0,143.75,123.05,0,0,0,0,19-APR-2021,
OPTSTK,DEEPAKNTR,24-Jun-2021,1680,CE,0,0,0,136.9,116,0,0,0,0,19-APR-2021,
OPTSTK,DEEPAKNTR,24-Jun-2021,1700,CE,0,0,0,130.35,109.25,0,0,0,0,19-APR-2021,
OPTSTK,DEEPAKNTR,24-Jun-2021,1720,CE,0,0,0,124.1,102.85,0,0,0,0,19-APR-2021,
OPTSTK,DEEPAKNTR,24-Jun-2021,1740,CE,0,0,0,118.05,96.8,0,0,0,0,19-APR-2021,
OPTSTK,DEEPAKNTR,24-Jun-2021,1760,CE,0,0,0,112.3,91.05,0,0,0,0,19-APR-2021,
OPTSTK,DEEPAKNTR,24-Jun-2021,1780,CE,0,0,0,106.8,85.55,0,0,0,0,19-APR-2021,
OPTSTK,DEEPAKNTR,24-Jun-2021,1800,CE,0,0,0,101.55,80.35,0,0,0,0,19-APR-2021,
OPTSTK,DEEPAKNTR,24-Jun-2021,1820,CE,0,0,0,96.6,75.55,0,0,0,0,19-APR-2021,
OPTSTK,DEEPAKNTR,24-Jun-2021,1840,CE,0,0,0,91.8,70.9,0,0,0,0,19-APR-2021,
OPTSTK,DEEPAKNTR,24-Jun-2021,1860,CE,0,0,0,87.2,66.55,0,0,0,0,19-APR-2021,
OPTSTK,DEEPAKNTR,24-Jun-2021,1880,CE,0,0,0,82.8,62.4,0,0,0,0,19-APR-2021,
OPTSTK,DEEPAKNTR,24-Jun-2021,1900,CE,0,0,0,78.65,58.5,0,0,0,0,19-APR-2021,
OPTSTK,DEEPAKNTR,24-Jun-2021,1920,CE,0,0,0,74.65,54.8,0,0,0,0,19-APR-2021,
OPTSTK,DEEPAKNTR,24-Jun-2021,1940,CE,0,0,0,70.85,51.25,0,0,0,0,19-APR-2021,
OPTSTK,DEEPAKNTR,24-Jun-2021,1960,CE,0,0,0,67.25,47.95,0,0,0,0,19-APR-2021,
OPTSTK,DEEPAKNTR,24-Jun-2021,1980,CE,0,0,0,63.8,44.85,0,0,0,0,19-APR-2021,
OPTSTK,DEEPAKNTR,24-Jun-2021,2000,CE,0,0,0,60.45,41.95,0,0,0,0,19-APR-2021,
OPTSTK,DEEPAKNTR,24-Jun-2021,2020,CE,0,0,0,57.35,39.25,0,0,0,0,19-APR-2021,
OPTSTK,DEEPAKNTR,24-Jun-2021,2040,CE,0,0,0,54.35,36.65,0,0,0,0,19-APR-2021,
OPTSTK,DEEPAKNTR,24-Jun-2021,1080,PE,0,0,0,23.25,10.9,0,0,0,0,19-APR-2021,
OPTSTK,DEEPAKNTR,24-Jun-2021,1100,PE,0,0,0,26.45,12.85,0,0,0,0,19-APR-2021,
OPTSTK,DEEPAKNTR,24-Jun-2021,1120,PE,0,0,0,29.95,15.1,0,0,0,0,19-APR-2021,
OPTSTK,DEEPAKNTR,24-Jun-2021,1140,PE,0,0,0,33.75,17.6,0,0,0,0,19-APR-2021,
OPTSTK,DEEPAKNTR,24-Jun-2021,1160,PE,0,0,0,37.85,20.4,0,0,0,0,19-APR-2021,
OPTSTK,DEEPAKNTR,24-Jun-2021,1180,PE,0,0,0,42.3,23.5,0,0,0,0,19-APR-2021,
OPTSTK,DEEPAKNTR,24-Jun-2021,1200,PE,0,0,0,47.05,26.9,0,0,0,0,19-APR-2021,
OPTSTK,DEEPAKNTR,24-Jun-2021,1220,PE,0,0,0,52.2,30.65,0,0,0,0,19-APR-2021,
OPTSTK,DEEPAKNTR,24-Jun-2021,1240,PE,0,0,0,57.65,34.75,0,0,0,0,19-APR-2021,
OPTSTK,DEEPAKNTR,24-Jun-2021,1260,PE,0,0,0,63.45,39.25,0,0,0,0,19-APR-2021,
OPTSTK,DEEPAKNTR,24-Jun-2021,1280,PE,0,0,0,69.65,44.15,0,0,0,0,19-APR-2021,
OPTSTK,DEEPAKNTR,24-Jun-2021,1300,PE,0,0,0,76.15,49.35,0,0,0,0,19-APR-2021,
OPTSTK,DEEPAKNTR,24-Jun-2021,1320,PE,0,0,0,83.05,55,0,0,0,0,19-APR-2021,
OPTSTK,DEEPAKNTR,24-Jun-2021,1340,PE,0,0,0,90.2,61,0,0,0,0,19-APR-2021,
OPTSTK,DEEPAKNTR,24-Jun-2021,1360,PE,0,0,0,97.85,67.4,0,0,0,0,19-APR-2021,
OPTSTK,DEEPAKNTR,24-Jun-2021,1380,PE,0,0,0,105.85,74.2,0,0,0,0,19-APR-2021,
OPTSTK,DEEPAKNTR,24-Jun-2021,1400,PE,0,0,0,114.2,81.5,0,0,0,0,19-APR-2021,
OPTSTK,DEEPAKNTR,24-Jun-2021,1420,PE,0,0,0,122.9,89.15,0,0,0,0,19-APR-2021,
OPTSTK,DEEPAKNTR,24-Jun-2021,1440,PE,0,0,0,131.95,97.25,0,0,0,0,19-APR-2021,
OPTSTK,DEEPAKNTR,24-Jun-2021,1460,PE,0,0,0,141.4,105.8,0,0,0,0,19-APR-2021,
OPTSTK,DEEPAKNTR,24-Jun-2021,1480,PE,0,0,0,151.2,114.75,0,0,0,0,19-APR-2021,
OPTSTK,DEEPAKNTR,24-Jun-2021,1500,PE,0,0,0,161.3,124.1,0,0,0,0,19-APR-2021,
OPTSTK,DEEPAKNTR,24-Jun-2021,1520,PE,0,0,0,171.8,133.85,0,0,0,0,19-APR-2021,
OPTSTK,DEEPAKNTR,24-Jun-2021,1540,PE,0,0,0,182.6,144.05,0,0,0,0,19-APR-2021,
OPTSTK,DEEPAKNTR,24-Jun-2021,1560,PE,0,0,0,193.75,154.6,0,0,0,0,19-APR-2021,
OPTSTK,DEEPAKNTR,24-Jun-2021,1580,PE,0,0,0,205.2,165.55,0,0,0,0,19-APR-2021,
OPTSTK,DEEPAKNTR,24-Jun-2021,1600,PE,0,0,0,216.95,176.9,0,0,0,0,19-APR-2021,
OPTSTK,DEEPAKNTR,24-Jun-2021,1620,PE,0,0,0,229.05,188.65,0,0,0,0,19-APR-2021,
OPTSTK,DEEPAKNTR,24-Jun-2021,1640,PE,0,0,0,241.45,200.75,0,0,0,0,19-APR-2021,
OPTSTK,DEEPAKNTR,24-Jun-2021,1660,PE,0,0,0,254.15,213.2,0,0,0,0,19-APR-2021,
OPTSTK,DEEPAKNTR,24-Jun-2021,1680,PE,0,0,0,267.15,226,0,0,0,0,19-APR-2021,
OPTSTK,DEEPAKNTR,24-Jun-2021,1700,PE,0,0,0,280.4,239.15,0,0,0,0,19-APR-2021,
OPTSTK,DEEPAKNTR,24-Jun-2021,1720,PE,0,0,0,293.95,252.6,0,0,0,0,19-APR-2021,
OPTSTK,DEEPAKNTR,24-Jun-2021,1740,PE,0,0,0,307.75,266.4,0,0,0,0,19-APR-2021,
OPTSTK,DEEPAKNTR,24-Jun-2021,1760,PE,0,0,0,321.8,280.5,0,0,0,0,19-APR-2021,
OPTSTK,DEEPAKNTR,24-Jun-2021,1780,PE,0,0,0,336.1,294.9,0,0,0,0,19-APR-2021,
OPTSTK,DEEPAKNTR,24-Jun-2021,1800,PE,0,0,0,350.65,309.55,0,0,0,0,19-APR-2021,
OPTSTK,DEEPAKNTR,24-Jun-2021,1820,PE,0,0,0,365.5,324.6,0,0,0,0,19-APR-2021,
OPTSTK,DEEPAKNTR,24-Jun-2021,1840,PE,0,0,0,380.5,339.8,0,0,0,0,19-APR-2021,
OPTSTK,DEEPAKNTR,24-Jun-2021,1860,PE,0,0,0,395.75,355.3,0,0,0,0,19-APR-2021,
OPTSTK,DEEPAKNTR,24-Jun-2021,1880,PE,0,0,0,411.15,371.05,0,0,0,0,19-APR-2021,
OPTSTK,DEEPAKNTR,24-Jun-2021,1900,PE,0,0,0,426.8,387,0,0,0,0,19-APR-2021,
OPTSTK,DEEPAKNTR,24-Jun-2021,1920,PE,0,0,0,442.65,403.15,0,0,0,0,19-APR-2021,
OPTSTK,DEEPAKNTR,24-Jun-2021,1940,PE,0,0,0,458.65,419.5,0,0,0,0,19-APR-2021,
OPTSTK,DEEPAKNTR,24-Jun-2021,1960,PE,0,0,0,474.85,436.05,0,0,0,0,19-APR-2021,
OPTSTK,DEEPAKNTR,24-Jun-2021,1980,PE,0,0,0,491.25,452.85,0,0,0,0,19-APR-2021,
OPTSTK,DEEPAKNTR,24-Jun-2021,2000,PE,0,0,0,507.7,469.8,0,0,0,0,19-APR-2021,
OPTSTK,DEEPAKNTR,24-Jun-2021,2020,PE,0,0,0,524.4,486.95,0,0,0,0,19-APR-2021,
OPTSTK,DEEPAKNTR,24-Jun-2021,2040,PE,0,0,0,541.2,504.2,0,0,0,0,19-APR-2021,
OPTSTK,DIVISLAB,29-Apr-2021,2350,CE,0,0,0,1107.4,1459.4,0,0,0,0,19-APR-2021,
OPTSTK,DIVISLAB,29-Apr-2021,2400,CE,0,0,0,1059.75,1409.45,0,0,0,0,19-APR-2021,
OPTSTK,DIVISLAB,29-Apr-2021,2450,CE,0,0,0,1012.6,1359.5,0,0,0,0,19-APR-2021,
OPTSTK,DIVISLAB,29-Apr-2021,2500,CE,0,0,0,965.95,1309.55,0,0,0,0,19-APR-2021,
OPTSTK,DIVISLAB,29-Apr-2021,2550,CE,0,0,0,919.95,1259.6,0,0,0,0,19-APR-2021,
OPTSTK,DIVISLAB,29-Apr-2021,2600,CE,0,0,0,874.65,1209.65,0,0,0,0,19-APR-2021,
OPTSTK,DIVISLAB,29-Apr-2021,2650,CE,0,0,0,830.15,1159.7,0,0,0,0,19-APR-2021,
OPTSTK,DIVISLAB,29-Apr-2021,2700,CE,0,0,0,786.5,1109.75,0,0,0,0,19-APR-2021,
OPTSTK,DIVISLAB,29-Apr-2021,2750,CE,0,0,0,743.85,1059.8,0,0,0,0,19-APR-2021,
OPTSTK,DIVISLAB,29-Apr-2021,2800,CE,0,0,0,702.15,1009.85,0,0,0,0,19-APR-2021,
OPTSTK,DIVISLAB,29-Apr-2021,2850,CE,0,0,0,661.65,959.9,0,0,0,0,19-APR-2021,
OPTSTK,DIVISLAB,29-Apr-2021,2900,CE,0,0,0,622.25,909.95,0,0,0,0,19-APR-2021,
OPTSTK,DIVISLAB,29-Apr-2021,2950,CE,0,0,0,584.15,860,0,0,0,0,19-APR-2021,
OPTSTK,DIVISLAB,29-Apr-2021,3000,CE,0,0,0,790,810.05,0,0,0,0,19-APR-2021,
OPTSTK,DIVISLAB,29-Apr-2021,3050,CE,0,0,0,511.95,760.1,0,0,0,0,19-APR-2021,
OPTSTK,DIVISLAB,29-Apr-2021,3100,CE,0,0,0,477.7,710.2,0,0,0,0,19-APR-2021,
OPTSTK,DIVISLAB,29-Apr-2021,3150,CE,0,0,0,445.1,660.3,0,0,0,0,19-APR-2021,
OPTSTK,DIVISLAB,29-Apr-2021,3200,CE,0,0,0,449.9,610.45,0,0,2000,0,19-APR-2021,
OPTSTK,DIVISLAB,29-Apr-2021,3250,CE,0,0,0,384.25,560.75,0,0,0,0,19-APR-2021,
OPTSTK,DIVISLAB,29-Apr-2021,3300,CE,0,0,0,477,511.25,0,0,2200,0,19-APR-2021,
OPTSTK,DIVISLAB,29-Apr-2021,3350,CE,0,0,0,329.3,462.2,0,0,0,0,19-APR-2021,
OPTSTK,DIVISLAB,29-Apr-2021,3400,CE,0,0,0,426.85,413.75,0,0,4200,0,19-APR-2021,
OPTSTK,DIVISLAB,29-Apr-2021,3450,CE,366.15,366.15,366.15,366.15,366.3,1,7.63,3000,0,19-APR-2021,
OPTSTK,DIVISLAB,29-Apr-2021,3500,CE,348.95,363,348,348,320.3,4,30.81,13800,0,19-APR-2021,
OPTSTK,DIVISLAB,29-Apr-2021,3550,CE,0,0,0,289.35,276.15,0,0,7800,0,19-APR-2021,
OPTSTK,DIVISLAB,29-Apr-2021,3600,CE,225.15,263.85,225.15,235.35,235.35,9,69.11,18800,-400,19-APR-2021,
OPTSTK,DIVISLAB,29-Apr-2021,3650,CE,224.25,224.25,195,195,195,6,46.36,8800,-400,19-APR-2021,
OPTSTK,DIVISLAB,29-Apr-2021,3700,CE,155.8,202,144.5,169.15,169.15,88,682.34,42000,200,19-APR-2021,
OPTSTK,DIVISLAB,29-Apr-2021,3750,CE,140,169.55,126.6,137.1,137.1,178,1386.85,24800,1200,19-APR-2021,
OPTSTK,DIVISLAB,29-Apr-2021,3800,CE,110.05,142.15,82.25,110.05,110.05,1334,10456.54,88200,-11000,19-APR-2021,
OPTSTK,DIVISLAB,29-Apr-2021,3850,CE,89.05,117.8,64.2,88.45,88.45,1032,8149.43,53400,16000,19-APR-2021,
OPTSTK,DIVISLAB,29-Apr-2021,3900,CE,70,95.75,52.1,70.15,70.15,1822,14507.79,98400,22800,19-APR-2021,
OPTSTK,DIVISLAB,29-Apr-2021,3950,CE,34.85,76.3,34.85,54.6,54.6,432,3467.36,19400,2200,19-APR-2021,
OPTSTK,DIVISLAB,29-Apr-2021,4000,CE,44.05,62,30.85,43.15,43.15,2087,16903.9,143000,-1400,19-APR-2021,
OPTSTK,DIVISLAB,29-Apr-2021,4050,CE,0,0,0,92.75,22.55,0,0,0,0,19-APR-2021,
OPTSTK,DIVISLAB,29-Apr-2021,4100,CE,27.7,40.45,20,25.9,25.9,400,3305.81,35600,7400,19-APR-2021,
OPTSTK,DIVISLAB,29-Apr-2021,4150,CE,0,0,0,75.6,10.55,0,0,0,0,19-APR-2021,
OPTSTK,DIVISLAB,29-Apr-2021,4200,CE,12.45,27.4,12.1,17.25,17.25,496,4187.62,45600,3400,19-APR-2021,
OPTSTK,DIVISLAB,29-Apr-2021,4250,CE,0,0,0,61.3,4.5,0,0,0,0,19-APR-2021,
OPTSTK,DIVISLAB,29-Apr-2021,4300,CE,14.45,18.55,10.95,11.5,11.5,230,1984.67,27800,5000,19-APR-2021,
OPTSTK,DIVISLAB,29-Apr-2021,4350,CE,0,0,0,49.45,1.8,0,0,0,0,19-APR-2021,
OPTSTK,DIVISLAB,29-Apr-2021,4400,CE,9.1,12.35,8.35,9,9,43,379.29,13800,1200,19-APR-2021,
OPTSTK,DIVISLAB,29-Apr-2021,4450,CE,7.05,8.35,6.3,6.3,6.3,6,53.48,0,0,19-APR-2021,
OPTSTK,DIVISLAB,29-Apr-2021,4500,CE,3.05,8,3.05,4.75,4.75,87,784.08,12200,1800,19-APR-2021,
OPTSTK,DIVISLAB,29-Apr-2021,4550,CE,0,0,0,31.75,0.25,0,0,0,0,19-APR-2021,
OPTSTK,DIVISLAB,29-Apr-2021,4600,CE,0,0,0,3.5,0.15,0,0,800,0,19-APR-2021,
OPTSTK,DIVISLAB,29-Apr-2021,4650,CE,0,0,0,25.25,0.1,0,0,0,0,19-APR-2021,
OPTSTK,DIVISLAB,29-Apr-2021,2350,PE,0,0,0,5.9,0,0,0,0,0,19-APR-2021,
OPTSTK,DIVISLAB,29-Apr-2021,2400,PE,0,0,0,7.8,0,0,0,0,0,19-APR-2021,
OPTSTK,DIVISLAB,29-Apr-2021,2450,PE,0,0,0,10.15,0,0,0,0,0,19-APR-2021,
OPTSTK,DIVISLAB,29-Apr-2021,2500,PE,0,0,0,13.1,0,0,0,0,0,19-APR-2021,
OPTSTK,DIVISLAB,29-Apr-2021,2550,PE,0,0,0,16.6,0,0,0,0,0,19-APR-2021,
OPTSTK,DIVISLAB,29-Apr-2021,2600,PE,0,0,0,20.85,0,0,0,0,0,19-APR-2021,
OPTSTK,DIVISLAB,29-Apr-2021,2650,PE,0,0,0,25.85,0,0,0,0,0,19-APR-2021,
OPTSTK,DIVISLAB,29-Apr-2021,2700,PE,0,0,0,31.75,0,0,0,0,0,19-APR-2021,
OPTSTK,DIVISLAB,29-Apr-2021,2750,PE,0,0,0,38.6,0,0,0,0,0,19-APR-2021,
OPTSTK,DIVISLAB,29-Apr-2021,2800,PE,0,0,0,46.5,0,0,0,0,0,19-APR-2021,
OPTSTK,DIVISLAB,29-Apr-2021,2850,PE,0,0,0,55.5,0,0,0,0,0,19-APR-2021,
OPTSTK,DIVISLAB,29-Apr-2021,2900,PE,0,0,0,0.35,0,0,0,3200,0,19-APR-2021,
OPTSTK,DIVISLAB,29-Apr-2021,2950,PE,0,0,0,77.1,0,0,0,0,0,19-APR-2021,
OPTSTK,DIVISLAB,29-Apr-2021,3000,PE,0.55,0.55,0.55,0.55,0,4,24,14800,0,19-APR-2021,
OPTSTK,DIVISLAB,29-Apr-2021,3050,PE,0,0,0,103.95,0.05,0,0,0,0,19-APR-2021,
OPTSTK,DIVISLAB,29-Apr-2021,3100,PE,0,0,0,2.05,0.05,0,0,2800,0,19-APR-2021,
OPTSTK,DIVISLAB,29-Apr-2021,3150,PE,0,0,0,40,0.1,0,0,200,0,19-APR-2021,
OPTSTK,DIVISLAB,29-Apr-2021,3200,PE,3,3,3,3,3,1,6.4,26400,0,19-APR-2021,
OPTSTK,DIVISLAB,29-Apr-2021,3250,PE,0,0,0,5.1,0.45,0,0,1400,0,19-APR-2021,
OPTSTK,DIVISLAB,29-Apr-2021,3300,PE,4,4.55,3.7,3.7,3.7,8,52.86,31400,-600,19-APR-2021,
OPTSTK,DIVISLAB,29-Apr-2021,3350,PE,0,0,0,12.35,1.8,0,0,7000,0,19-APR-2021,
OPTSTK,DIVISLAB,29-Apr-2021,3400,PE,6.9,10.75,5,6.4,6.4,162,1104.11,35000,-2000,19-APR-2021,
OPTSTK,DIVISLAB,29-Apr-2021,3450,PE,8.5,8.5,8.5,8.5,5.85,1,6.91,10000,0,19-APR-2021,
OPTSTK,DIVISLAB,29-Apr-2021,3500,PE,13.85,19.7,9.9,12.85,12.85,405,2846.67,36400,1400,19-APR-2021,
OPTSTK,DIVISLAB,29-Apr-2021,3550,PE,24.9,24.9,16,17.95,17.95,13,92.84,14400,-800,19-APR-2021,
OPTSTK,DIVISLAB,29-Apr-2021,3600,PE,27.35,36.3,22,25.95,25.95,266,1930.18,35600,-1000,19-APR-2021,
OPTSTK,DIVISLAB,29-Apr-2021,3650,PE,35.3,36.25,33,35.1,35.1,10,73.69,12800,200,19-APR-2021,
OPTSTK,DIVISLAB,29-Apr-2021,3700,PE,61.8,66.05,45.6,52.9,52.9,595,4469.27,40200,1400,19-APR-2021,
OPTSTK,DIVISLAB,29-Apr-2021,3750,PE,78.75,87.45,63.9,71.55,71.55,306,2339.58,12800,-3000,19-APR-2021,
OPTSTK,DIVISLAB,29-Apr-2021,3800,PE,132,132,85,95.65,95.65,501,3906.74,21400,2400,19-APR-2021,
OPTSTK,DIVISLAB,29-Apr-2021,3850,PE,127.1,138.25,116.9,125.35,125.35,20,158.97,2400,0,19-APR-2021,
OPTSTK,DIVISLAB,29-Apr-2021,3900,PE,161.75,166.95,144.5,157.65,157.65,6,48.67,3400,-400,19-APR-2021,
OPTSTK,DIVISLAB,29-Apr-2021,3950,PE,0,0,0,220.3,183,0,0,400,0,19-APR-2021,
OPTSTK,DIVISLAB,29-Apr-2021,4000,PE,215,231,210,231,220.8,9,75.95,2200,0,19-APR-2021,
OPTSTK,DIVISLAB,29-Apr-2021,4050,PE,0,0,0,675.5,261.45,0,0,0,0,19-APR-2021,
OPTSTK,DIVISLAB,29-Apr-2021,4100,PE,0,0,0,716.1,304.45,0,0,0,0,19-APR-2021,
OPTSTK,DIVISLAB,29-Apr-2021,4150,PE,0,0,0,757.4,349.35,0,0,0,0,19-APR-2021,
OPTSTK,DIVISLAB,29-Apr-2021,4200,PE,379,379,379,379,395.75,1,9.15,200,0,19-APR-2021,
OPTSTK,DIVISLAB,29-Apr-2021,4250,PE,0,0,0,842.2,443.25,0,0,0,0,19-APR-2021,
OPTSTK,DIVISLAB,29-Apr-2021,4300,PE,0,0,0,885.5,491.55,0,0,0,0,19-APR-2021,
OPTSTK,DIVISLAB,29-Apr-2021,4350,PE,0,0,0,929.4,540.4,0,0,0,0,19-APR-2021,
OPTSTK,DIVISLAB,29-Apr-2021,4400,PE,0,0,0,973.85,589.65,0,0,0,0,19-APR-2021,
OPTSTK,DIVISLAB,29-Apr-2021,4450,PE,0,0,0,1018.75,639.2,0,0,0,0,19-APR-2021,
OPTSTK,DIVISLAB,29-Apr-2021,4500,PE,0,0,0,1064.1,688.85,0,0,0,0,19-APR-2021,
OPTSTK,DIVISLAB,29-Apr-2021,4550,PE,0,0,0,1109.9,738.65,0,0,0,0,19-APR-2021,
OPTSTK,DIVISLAB,29-Apr-2021,4600,PE,0,0,0,1156,788.5,0,0,0,0,19-APR-2021,
OPTSTK,DIVISLAB,29-Apr-2021,4650,PE,0,0,0,1202.5,838.4,0,0,0,0,19-APR-2021,
OPTSTK,DIVISLAB,27-May-2021,2350,CE,0,0,0,1117.05,1466.25,0,0,0,0,19-APR-2021,
OPTSTK,DIVISLAB,27-May-2021,2400,CE,0,0,0,1069.25,1416.45,0,0,0,0,19-APR-2021,
OPTSTK,DIVISLAB,27-May-2021,2450,CE,0,0,0,1021.85,1366.65,0,0,0,0,19-APR-2021,
OPTSTK,DIVISLAB,27-May-2021,2500,CE,0,0,0,975,1316.85,0,0,0,0,19-APR-2021,
OPTSTK,DIVISLAB,27-May-2021,2550,CE,0,0,0,928.7,1267.05,0,0,0,0,19-APR-2021,
OPTSTK,DIVISLAB,27-May-2021,2600,CE,0,0,0,883.1,1217.3,0,0,0,0,19-APR-2021,
OPTSTK,DIVISLAB,27-May-2021,2650,CE,0,0,0,838.25,1167.55,0,0,0,0,19-APR-2021,
OPTSTK,DIVISLAB,27-May-2021,2700,CE,0,0,0,794.25,1117.9,0,0,0,0,19-APR-2021,
OPTSTK,DIVISLAB,27-May-2021,2750,CE,0,0,0,751.2,1068.25,0,0,0,0,19-APR-2021,
OPTSTK,DIVISLAB,27-May-2021,2800,CE,0,0,0,709.15,1018.75,0,0,0,0,19-APR-2021,
OPTSTK,DIVISLAB,27-May-2021,2850,CE,0,0,0,668.15,969.4,0,0,0,0,19-APR-2021,
OPTSTK,DIVISLAB,27-May-2021,2900,CE,0,0,0,628.35,920.2,0,0,0,0,19-APR-2021,
OPTSTK,DIVISLAB,27-May-2021,2950,CE,0,0,0,589.8,871.3,0,0,0,0,19-APR-2021,
OPTSTK,DIVISLAB,27-May-2021,3000,CE,0,0,0,552.6,822.75,0,0,0,0,19-APR-2021,
OPTSTK,DIVISLAB,27-May-2021,3050,CE,0,0,0,516.65,774.65,0,0,0,0,19-APR-2021,
OPTSTK,DIVISLAB,27-May-2021,3100,CE,0,0,0,482.1,727.1,0,0,0,0,19-APR-2021,
OPTSTK,DIVISLAB,27-May-2021,3150,CE,0,0,0,448.9,680.25,0,0,0,0,19-APR-2021,
OPTSTK,DIVISLAB,27-May-2021,3200,CE,0,0,0,417.3,634.25,0,0,0,0,19-APR-2021,
OPTSTK,DIVISLAB,27-May-2021,3250,CE,0,0,0,387.15,589.2,0,0,0,0,19-APR-2021,
OPTSTK,DIVISLAB,27-May-2021,3300,CE,0,0,0,385,545.25,0,0,0,0,19-APR-2021,
OPTSTK,DIVISLAB,27-May-2021,3350,CE,0,0,0,331.4,502.65,0,0,0,0,19-APR-2021,
OPTSTK,DIVISLAB,27-May-2021,3400,CE,0,0,0,305.75,461.45,0,0,0,0,19-APR-2021,
OPTSTK,DIVISLAB,27-May-2021,3450,CE,0,0,0,281.55,421.85,0,0,0,0,19-APR-2021,
OPTSTK,DIVISLAB,27-May-2021,3500,CE,0,0,0,160,384.15,0,0,200,0,19-APR-2021,
OPTSTK,DIVISLAB,27-May-2021,3550,CE,0,0,0,237.5,347.95,0,0,0,0,19-APR-2021,
OPTSTK,DIVISLAB,27-May-2021,3600,CE,0,0,0,305,313.9,0,0,200,0,19-APR-2021,
OPTSTK,DIVISLAB,27-May-2021,3650,CE,0,0,0,198.9,281.9,0,0,0,0,19-APR-2021,
OPTSTK,DIVISLAB,27-May-2021,3700,CE,0,0,0,200,251.95,0,0,600,0,19-APR-2021,
OPTSTK,DIVISLAB,27-May-2021,3750,CE,0,0,0,165.45,224.2,0,0,0,0,19-APR-2021,
OPTSTK,DIVISLAB,27-May-2021,3800,CE,220,220,220,220,198.5,1,8.04,1000,200,19-APR-2021,
OPTSTK,DIVISLAB,27-May-2021,3850,CE,0,0,0,136.75,174.95,0,0,0,0,19-APR-2021,
OPTSTK,DIVISLAB,27-May-2021,3900,CE,168.7,168.7,168.7,168.7,153.5,1,8.13,600,200,19-APR-2021,
OPTSTK,DIVISLAB,27-May-2021,3950,CE,0,0,0,112.55,134,0,0,0,0,19-APR-2021,
OPTSTK,DIVISLAB,27-May-2021,4000,CE,120.5,120.5,120.5,120.5,116.45,1,8.24,2600,200,19-APR-2021,
OPTSTK,DIVISLAB,27-May-2021,4050,CE,0,0,0,91.85,100.75,0,0,0,0,19-APR-2021,
OPTSTK,DIVISLAB,27-May-2021,4100,CE,0,0,0,120,86.75,0,0,1000,0,19-APR-2021,
OPTSTK,DIVISLAB,27-May-2021,4150,CE,0,0,0,74.6,74.55,0,0,0,0,19-APR-2021,
OPTSTK,DIVISLAB,27-May-2021,4200,CE,82,82,70,70,70,6,51.31,2200,1200,19-APR-2021,
OPTSTK,DIVISLAB,27-May-2021,4250,CE,0,0,0,60.25,54,0,0,0,0,19-APR-2021,
OPTSTK,DIVISLAB,27-May-2021,4300,CE,0,0,0,54.05,45.65,0,0,0,0,19-APR-2021,
OPTSTK,DIVISLAB,27-May-2021,4350,CE,0,0,0,48.45,38.45,0,0,0,0,19-APR-2021,
OPTSTK,DIVISLAB,27-May-2021,4400,CE,0,0,0,43.35,32.25,0,0,0,0,19-APR-2021,
OPTSTK,DIVISLAB,27-May-2021,4450,CE,0,0,0,38.75,26.95,0,0,0,0,19-APR-2021,
OPTSTK,DIVISLAB,27-May-2021,4500,CE,0,0,0,34.6,22.4,0,0,0,0,19-APR-2021,
OPTSTK,DIVISLAB,27-May-2021,4550,CE,0,0,0,30.85,18.6,0,0,0,0,19-APR-2021,
OPTSTK,DIVISLAB,27-May-2021,4600,CE,0,0,0,27.45,15.35,0,0,0,0,19-APR-2021,
OPTSTK,DIVISLAB,27-May-2021,4650,CE,0,0,0,24.45,12.6,0,0,0,0,19-APR-2021,
OPTSTK,DIVISLAB,27-May-2021,2350,PE,0,0,0,5.15,0,0,0,0,0,19-APR-2021,
OPTSTK,DIVISLAB,27-May-2021,2400,PE,0,0,0,6.85,0.05,0,0,0,0,19-APR-2021,
OPTSTK,DIVISLAB,27-May-2021,2450,PE,0,0,0,9,0.05,0,0,0,0,19-APR-2021,
OPTSTK,DIVISLAB,27-May-2021,2500,PE,0,0,0,11.65,0.05,0,0,0,0,19-APR-2021,
OPTSTK,DIVISLAB,27-May-2021,2550,PE,0,0,0,14.95,0.1,0,0,0,0,19-APR-2021,
OPTSTK,DIVISLAB,27-May-2021,2600,PE,0,0,0,18.85,0.1,0,0,0,0,19-APR-2021,
OPTSTK,DIVISLAB,27-May-2021,2650,PE,0,0,0,23.55,0.2,0,0,0,0,19-APR-2021,
OPTSTK,DIVISLAB,27-May-2021,2700,PE,0,0,0,29.1,0.3,0,0,0,0,19-APR-2021,
OPTSTK,DIVISLAB,27-May-2021,2750,PE,0,0,0,35.55,0.5,0,0,0,0,19-APR-2021,
OPTSTK,DIVISLAB,27-May-2021,2800,PE,0,0,0,43,0.8,0,0,0,0,19-APR-2021,
OPTSTK,DIVISLAB,27-May-2021,2850,PE,0,0,0,51.6,1.25,0,0,0,0,19-APR-2021,
OPTSTK,DIVISLAB,27-May-2021,2900,PE,0,0,0,61.3,1.85,0,0,0,0,19-APR-2021,
OPTSTK,DIVISLAB,27-May-2021,2950,PE,0,0,0,72.3,2.75,0,0,0,0,19-APR-2021,
OPTSTK,DIVISLAB,27-May-2021,3000,PE,0,0,0,10.5,4,0,0,200,0,19-APR-2021,
OPTSTK,DIVISLAB,27-May-2021,3050,PE,0,0,0,98.25,5.7,0,0,0,0,19-APR-2021,
OPTSTK,DIVISLAB,27-May-2021,3100,PE,0,0,0,113.2,8,0,0,0,0,19-APR-2021,
OPTSTK,DIVISLAB,27-May-2021,3150,PE,0,0,0,129.55,10.95,0,0,0,0,19-APR-2021,
OPTSTK,DIVISLAB,27-May-2021,3200,PE,0,0,0,39,14.7,0,0,400,0,19-APR-2021,
OPTSTK,DIVISLAB,27-May-2021,3250,PE,0,0,0,166.85,19.45,0,0,0,0,19-APR-2021,
OPTSTK,DIVISLAB,27-May-2021,3300,PE,0,0,0,40,25.35,0,0,23200,0,19-APR-2021,
OPTSTK,DIVISLAB,27-May-2021,3350,PE,0,0,0,105,32.55,0,0,200,0,19-APR-2021,
OPTSTK,DIVISLAB,27-May-2021,3400,PE,0,0,0,234.05,41.15,0,0,0,0,19-APR-2021,
OPTSTK,DIVISLAB,27-May-2021,3450,PE,0,0,0,259.4,51.4,0,0,0,0,19-APR-2021,
OPTSTK,DIVISLAB,27-May-2021,3500,PE,64,64,59,60,60,7,49.85,4400,200,19-APR-2021,
OPTSTK,DIVISLAB,27-May-2021,3550,PE,0,0,0,80,77.05,0,0,200,0,19-APR-2021,
OPTSTK,DIVISLAB,27-May-2021,3600,PE,84,95,84,95,92.8,3,22.14,800,600,19-APR-2021,
OPTSTK,DIVISLAB,27-May-2021,3650,PE,0,0,0,374.9,110.6,0,0,0,0,19-APR-2021,
OPTSTK,DIVISLAB,27-May-2021,3700,PE,130,130,130,130,130.5,1,7.66,200,200,19-APR-2021,
OPTSTK,DIVISLAB,27-May-2021,3750,PE,0,0,0,440.5,152.55,0,0,0,0,19-APR-2021,
OPTSTK,DIVISLAB,27-May-2021,3800,PE,170,170,165,165,176.65,2,15.87,600,400,19-APR-2021,
OPTSTK,DIVISLAB,27-May-2021,3850,PE,0,0,0,510.9,202.9,0,0,0,0,19-APR-2021,
OPTSTK,DIVISLAB,27-May-2021,3900,PE,0,0,0,547.85,231.25,0,0,0,0,19-APR-2021,
OPTSTK,DIVISLAB,27-May-2021,3950,PE,0,0,0,585.75,261.55,0,0,0,0,19-APR-2021,
OPTSTK,DIVISLAB,27-May-2021,4000,PE,0,0,0,624.55,293.85,0,0,0,0,19-APR-2021,
OPTSTK,DIVISLAB,27-May-2021,4050,PE,0,0,0,664.1,327.9,0,0,0,0,19-APR-2021,
OPTSTK,DIVISLAB,27-May-2021,4100,PE,0,0,0,704.65,363.7,0,0,0,0,19-APR-2021,
OPTSTK,DIVISLAB,27-May-2021,4150,PE,0,0,0,745.95,401.35,0,0,0,0,19-APR-2021,
OPTSTK,DIVISLAB,27-May-2021,4200,PE,0,0,0,787.95,440.1,0,0,0,0,19-APR-2021,
OPTSTK,DIVISLAB,27-May-2021,4250,PE,0,0,0,830.65,480.35,0,0,0,0,19-APR-2021,
OPTSTK,DIVISLAB,27-May-2021,4300,PE,0,0,0,874,521.85,0,0,0,0,19-APR-2021,
OPTSTK,DIVISLAB,27-May-2021,4350,PE,0,0,0,917.9,564.45,0,0,0,0,19-APR-2021,
OPTSTK,DIVISLAB,27-May-2021,4400,PE,0,0,0,962.35,608.1,0,0,0,0,19-APR-2021,
OPTSTK,DIVISLAB,27-May-2021,4450,PE,0,0,0,1007.3,652.55,0,0,0,0,19-APR-2021,
OPTSTK,DIVISLAB,27-May-2021,4500,PE,0,0,0,1052.65,697.85,0,0,0,0,19-APR-2021,
OPTSTK,DIVISLAB,27-May-2021,4550,PE,0,0,0,1098.45,743.8,0,0,0,0,19-APR-2021,
OPTSTK,DIVISLAB,27-May-2021,4600,PE,0,0,0,1144.6,790.35,0,0,0,0,19-APR-2021,
OPTSTK,DIVISLAB,27-May-2021,4650,PE,0,0,0,1191.15,837.45,0,0,0,0,19-APR-2021,
OPTSTK,DIVISLAB,24-Jun-2021,2350,CE,0,0,0,1126.7,1473.15,0,0,0,0,19-APR-2021,
OPTSTK,DIVISLAB,24-Jun-2021,2400,CE,0,0,0,1078.7,1423.6,0,0,0,0,19-APR-2021,
OPTSTK,DIVISLAB,24-Jun-2021,2450,CE,0,0,0,1031.2,1374.1,0,0,0,0,19-APR-2021,
OPTSTK,DIVISLAB,24-Jun-2021,2500,CE,0,0,0,984.15,1324.65,0,0,0,0,19-APR-2021,
OPTSTK,DIVISLAB,24-Jun-2021,2550,CE,0,0,0,937.65,1275.35,0,0,0,0,19-APR-2021,
OPTSTK,DIVISLAB,24-Jun-2021,2600,CE,0,0,0,891.8,1226.15,0,0,0,0,19-APR-2021,
OPTSTK,DIVISLAB,24-Jun-2021,2650,CE,0,0,0,846.7,1177.1,0,0,0,0,19-APR-2021,
OPTSTK,DIVISLAB,24-Jun-2021,2700,CE,0,0,0,802.4,1128.3,0,0,0,0,19-APR-2021,
OPTSTK,DIVISLAB,24-Jun-2021,2750,CE,0,0,0,759.05,1079.75,0,0,0,0,19-APR-2021,
OPTSTK,DIVISLAB,24-Jun-2021,2800,CE,0,0,0,716.65,1031.5,0,0,0,0,19-APR-2021,
OPTSTK,DIVISLAB,24-Jun-2021,2850,CE,0,0,0,675.3,983.7,0,0,0,0,19-APR-2021,
OPTSTK,DIVISLAB,24-Jun-2021,2900,CE,0,0,0,635.15,936.35,0,0,0,0,19-APR-2021,
OPTSTK,DIVISLAB,24-Jun-2021,2950,CE,0,0,0,596.2,889.55,0,0,0,0,19-APR-2021,
OPTSTK,DIVISLAB,24-Jun-2021,3000,CE,0,0,0,558.55,843.4,0,0,0,0,19-APR-2021,
OPTSTK,DIVISLAB,24-Jun-2021,3050,CE,0,0,0,522.3,798,0,0,0,0,19-APR-2021,
OPTSTK,DIVISLAB,24-Jun-2021,3100,CE,0,0,0,487.35,753.45,0,0,0,0,19-APR-2021,
OPTSTK,DIVISLAB,24-Jun-2021,3150,CE,0,0,0,453.75,709.8,0,0,0,0,19-APR-2021,
OPTSTK,DIVISLAB,24-Jun-2021,3200,CE,0,0,0,421.75,667.2,0,0,0,0,19-APR-2021,
OPTSTK,DIVISLAB,24-Jun-2021,3250,CE,0,0,0,391.25,625.7,0,0,0,0,19-APR-2021,
OPTSTK,DIVISLAB,24-Jun-2021,3300,CE,0,0,0,362.25,585.45,0,0,0,0,19-APR-2021,
OPTSTK,DIVISLAB,24-Jun-2021,3350,CE,0,0,0,334.75,546.45,0,0,0,0,19-APR-2021,
OPTSTK,DIVISLAB,24-Jun-2021,3400,CE,0,0,0,308.75,508.95,0,0,0,0,19-APR-2021,
OPTSTK,DIVISLAB,24-Jun-2021,3450,CE,0,0,0,284.2,472.7,0,0,0,0,19-APR-2021,
OPTSTK,DIVISLAB,24-Jun-2021,3500,CE,0,0,0,261.15,437.85,0,0,0,0,19-APR-2021,
OPTSTK,DIVISLAB,24-Jun-2021,3550,CE,0,0,0,239.5,404.75,0,0,0,0,19-APR-2021,
OPTSTK,DIVISLAB,24-Jun-2021,3600,CE,0,0,0,219.3,373.2,0,0,0,0,19-APR-2021,
OPTSTK,DIVISLAB,24-Jun-2021,3650,CE,0,0,0,200.4,343.25,0,0,0,0,19-APR-2021,
OPTSTK,DIVISLAB,24-Jun-2021,3700,CE,0,0,0,182.85,314.95,0,0,0,0,19-APR-2021,
OPTSTK,DIVISLAB,24-Jun-2021,3750,CE,0,0,0,166.5,288.3,0,0,0,0,19-APR-2021,
OPTSTK,DIVISLAB,24-Jun-2021,3800,CE,0,0,0,151.4,263.2,0,0,0,0,19-APR-2021,
OPTSTK,DIVISLAB,24-Jun-2021,3850,CE,0,0,0,137.45,239.75,0,0,0,0,19-APR-2021,
OPTSTK,DIVISLAB,24-Jun-2021,3900,CE,0,0,0,124.7,217.85,0,0,0,0,19-APR-2021,
OPTSTK,DIVISLAB,24-Jun-2021,3950,CE,0,0,0,112.9,197.45,0,0,0,0,19-APR-2021,
OPTSTK,DIVISLAB,24-Jun-2021,4000,CE,0,0,0,102.05,178.55,0,0,0,0,19-APR-2021,
OPTSTK,DIVISLAB,24-Jun-2021,4050,CE,0,0,0,92,161.1,0,0,0,0,19-APR-2021,
OPTSTK,DIVISLAB,24-Jun-2021,4100,CE,0,0,0,82.9,145,0,0,0,0,19-APR-2021,
OPTSTK,DIVISLAB,24-Jun-2021,4150,CE,0,0,0,74.55,130.25,0,0,0,0,19-APR-2021,
OPTSTK,DIVISLAB,24-Jun-2021,4200,CE,0,0,0,67,116.7,0,0,0,0,19-APR-2021,
OPTSTK,DIVISLAB,24-Jun-2021,4250,CE,0,0,0,60.1,104.55,0,0,0,0,19-APR-2021,
OPTSTK,DIVISLAB,24-Jun-2021,4300,CE,0,0,0,53.85,93.35,0,0,0,0,19-APR-2021,
OPTSTK,DIVISLAB,24-Jun-2021,4350,CE,0,0,0,48.2,83,0,0,0,0,19-APR-2021,
OPTSTK,DIVISLAB,24-Jun-2021,4400,CE,0,0,0,43.1,73.8,0,0,0,0,19-APR-2021,
OPTSTK,DIVISLAB,24-Jun-2021,4450,CE,0,0,0,38.45,65.45,0,0,0,0,19-APR-2021,
OPTSTK,DIVISLAB,24-Jun-2021,4500,CE,0,0,0,34.3,57.9,0,0,0,0,19-APR-2021,
OPTSTK,DIVISLAB,24-Jun-2021,4550,CE,0,0,0,30.55,51.15,0,0,0,0,19-APR-2021,
OPTSTK,DIVISLAB,24-Jun-2021,4600,CE,0,0,0,27.15,45.1,0,0,0,0,19-APR-2021,
OPTSTK,DIVISLAB,24-Jun-2021,4650,CE,0,0,0,24.15,39.7,0,0,0,0,19-APR-2021,
OPTSTK,DIVISLAB,24-Jun-2021,2350,PE,0,0,0,4.6,0.2,0,0,0,0,19-APR-2021,
OPTSTK,DIVISLAB,24-Jun-2021,2400,PE,0,0,0,6.2,0.3,0,0,0,0,19-APR-2021,
OPTSTK,DIVISLAB,24-Jun-2021,2450,PE,0,0,0,8.2,0.5,0,0,0,0,19-APR-2021,
OPTSTK,DIVISLAB,24-Jun-2021,2500,PE,0,0,0,10.65,0.7,0,0,0,0,19-APR-2021,
OPTSTK,DIVISLAB,24-Jun-2021,2550,PE,0,0,0,13.7,1.05,0,0,0,0,19-APR-2021,
OPTSTK,DIVISLAB,24-Jun-2021,2600,PE,0,0,0,17.4,1.5,0,0,0,0,19-APR-2021,
OPTSTK,DIVISLAB,24-Jun-2021,2650,PE,0,0,0,21.85,2.15,0,0,0,0,19-APR-2021,
OPTSTK,DIVISLAB,24-Jun-2021,2700,PE,0,0,0,27.1,3,0,0,0,0,19-APR-2021,
OPTSTK,DIVISLAB,24-Jun-2021,2750,PE,0,0,0,33.25,4.1,0,0,0,0,19-APR-2021,
OPTSTK,DIVISLAB,24-Jun-2021,2800,PE,0,0,0,40.4,5.55,0,0,0,0,19-APR-2021,
OPTSTK,DIVISLAB,24-Jun-2021,2850,PE,0,0,0,48.6,7.4,0,0,0,0,19-APR-2021,
OPTSTK,DIVISLAB,24-Jun-2021,2900,PE,0,0,0,57.95,9.7,0,0,0,0,19-APR-2021,
OPTSTK,DIVISLAB,24-Jun-2021,2950,PE,0,0,0,68.55,12.55,0,0,0,0,19-APR-2021,
OPTSTK,DIVISLAB,24-Jun-2021,3000,PE,0,0,0,80.45,16.1,0,0,0,0,19-APR-2021,
OPTSTK,DIVISLAB,24-Jun-2021,3050,PE,0,0,0,93.75,20.35,0,0,0,0,19-APR-2021,
OPTSTK,DIVISLAB,24-Jun-2021,3100,PE,0,0,0,108.35,25.45,0,0,0,0,19-APR-2021,
OPTSTK,DIVISLAB,24-Jun-2021,3150,PE,0,0,0,124.25,31.5,0,0,0,0,19-APR-2021,
OPTSTK,DIVISLAB,24-Jun-2021,3200,PE,0,0,0,141.75,38.55,0,0,0,0,19-APR-2021,
OPTSTK,DIVISLAB,24-Jun-2021,3250,PE,0,0,0,160.8,46.7,0,0,0,0,19-APR-2021,
OPTSTK,DIVISLAB,24-Jun-2021,3300,PE,0,0,0,181.35,56.1,0,0,0,0,19-APR-2021,
OPTSTK,DIVISLAB,24-Jun-2021,3350,PE,0,0,0,203.35,66.75,0,0,0,0,19-APR-2021,
OPTSTK,DIVISLAB,24-Jun-2021,3400,PE,0,0,0,226.9,78.9,0,0,0,0,19-APR-2021,
OPTSTK,DIVISLAB,24-Jun-2021,3450,PE,0,0,0,251.9,92.35,0,0,0,0,19-APR-2021,
OPTSTK,DIVISLAB,24-Jun-2021,3500,PE,0,0,0,278.35,107.15,0,0,0,0,19-APR-2021,
OPTSTK,DIVISLAB,24-Jun-2021,3550,PE,0,0,0,306.3,123.7,0,0,0,0,19-APR-2021,
OPTSTK,DIVISLAB,24-Jun-2021,3600,PE,0,0,0,335.6,141.8,0,0,0,0,19-APR-2021,
OPTSTK,DIVISLAB,24-Jun-2021,3650,PE,0,0,0,366.25,161.55,0,0,0,0,19-APR-2021,
OPTSTK,DIVISLAB,24-Jun-2021,3700,PE,0,0,0,398.2,182.9,0,0,0,0,19-APR-2021,
OPTSTK,DIVISLAB,24-Jun-2021,3750,PE,0,0,0,431.4,205.9,0,0,0,0,19-APR-2021,
OPTSTK,DIVISLAB,24-Jun-2021,3800,PE,0,0,0,465.85,230.45,0,0,0,0,19-APR-2021,
OPTSTK,DIVISLAB,24-Jun-2021,3850,PE,0,0,0,501.4,256.65,0,0,0,0,19-APR-2021,
OPTSTK,DIVISLAB,24-Jun-2021,3900,PE,0,0,0,538.2,284.4,0,0,0,0,19-APR-2021,
OPTSTK,DIVISLAB,24-Jun-2021,3950,PE,0,0,0,575.95,313.7,0,0,0,0,19-APR-2021,
OPTSTK,DIVISLAB,24-Jun-2021,4000,PE,0,0,0,614.65,344.5,0,0,0,0,19-APR-2021,
OPTSTK,DIVISLAB,24-Jun-2021,4050,PE,0,0,0,654.1,376.7,0,0,0,0,19-APR-2021,
OPTSTK,DIVISLAB,24-Jun-2021,4100,PE,0,0,0,694.55,410.25,0,0,0,0,19-APR-2021,
OPTSTK,DIVISLAB,24-Jun-2021,4150,PE,0,0,0,735.75,445.15,0,0,0,0,19-APR-2021,
OPTSTK,DIVISLAB,24-Jun-2021,4200,PE,0,0,0,777.7,481.25,0,0,0,0,19-APR-2021,
OPTSTK,DIVISLAB,24-Jun-2021,4250,PE,0,0,0,820.35,518.8,0,0,0,0,19-APR-2021,
OPTSTK,DIVISLAB,24-Jun-2021,4300,PE,0,0,0,863.65,557.25,0,0,0,0,19-APR-2021,
OPTSTK,DIVISLAB,24-Jun-2021,4350,PE,0,0,0,907.5,596.55,0,0,0,0,19-APR-2021,
OPTSTK,DIVISLAB,24-Jun-2021,4400,PE,0,0,0,951.95,637,0,0,0,0,19-APR-2021,
OPTSTK,DIVISLAB,24-Jun-2021,4450,PE,0,0,0,996.85,678.3,0,0,0,0,19-APR-2021,
OPTSTK,DIVISLAB,24-Jun-2021,4500,PE,0,0,0,1042.2,720.45,0,0,0,0,19-APR-2021,
OPTSTK,DIVISLAB,24-Jun-2021,4550,PE,0,0,0,1088,763.35,0,0,0,0,19-APR-2021,
OPTSTK,DIVISLAB,24-Jun-2021,4600,PE,0,0,0,1134.15,806.95,0,0,0,0,19-APR-2021,
OPTSTK,DIVISLAB,24-Jun-2021,4650,PE,0,0,0,1180.65,851.2,0,0,0,0,19-APR-2021,
OPTSTK,DLF,29-Apr-2021,170,CE,0,0,0,94.95,67,0,0,0,0,19-APR-2021,
OPTSTK,DLF,29-Apr-2021,175,CE,0,0,0,90.55,62,0,0,0,0,19-APR-2021,
OPTSTK,DLF,29-Apr-2021,180,CE,0,0,0,101.5,57,0,0,3300,0,19-APR-2021,
OPTSTK,DLF,29-Apr-2021,185,CE,0,0,0,82.1,52.05,0,0,0,0,19-APR-2021,
OPTSTK,DLF,29-Apr-2021,190,CE,0,0,0,78,47.15,0,0,0,0,19-APR-2021,
OPTSTK,DLF,29-Apr-2021,195,CE,0,0,0,74,42.25,0,0,0,0,19-APR-2021,
OPTSTK,DLF,29-Apr-2021,200,CE,0,0,0,70.15,37.5,0,0,0,0,19-APR-2021,
OPTSTK,DLF,29-Apr-2021,205,CE,0,0,0,66.45,32.85,0,0,0,0,19-APR-2021,
OPTSTK,DLF,29-Apr-2021,210,CE,0,0,0,62.8,28.4,0,0,0,0,19-APR-2021,
OPTSTK,DLF,29-Apr-2021,215,CE,0,0,0,59.35,24.2,0,0,0,0,19-APR-2021,
OPTSTK,DLF,29-Apr-2021,220,CE,21,22.3,21,22.3,20.3,3,23.94,9900,9900,19-APR-2021,
OPTSTK,DLF,29-Apr-2021,225,CE,0,0,0,52.75,16.75,0,0,0,0,19-APR-2021,
OPTSTK,DLF,29-Apr-2021,230,CE,12.65,14.55,12.25,12.8,12.8,26,208.59,36300,36300,19-APR-2021,
OPTSTK,DLF,29-Apr-2021,235,CE,9.6,9.6,9.25,9.35,9.35,7,56.45,26400,19800,19-APR-2021,
OPTSTK,DLF,29-Apr-2021,240,CE,10.6,10.6,6.7,7,7,1165,9522.23,930600,877800,19-APR-2021,
OPTSTK,DLF,29-Apr-2021,245,CE,7.2,7.2,4.75,5.05,5.05,192,1586.93,217800,171600,19-APR-2021,
OPTSTK,DLF,29-Apr-2021,250,CE,5.55,6.7,3.4,3.6,3.6,1125,9435.62,1207800,518100,19-APR-2021,
OPTSTK,DLF,29-Apr-2021,255,CE,4.1,4.1,2.45,2.6,2.6,381,3243.21,495000,-3300,19-APR-2021,
OPTSTK,DLF,29-Apr-2021,260,CE,2.55,3.35,1.7,1.85,1.85,1006,8700.46,1415700,-171600,19-APR-2021,
OPTSTK,DLF,29-Apr-2021,265,CE,1.65,2.6,1.25,1.3,1.3,251,2207.47,343200,9900,19-APR-2021,
OPTSTK,DLF,29-Apr-2021,270,CE,1.8,1.8,0.9,1,1,540,4830.68,917400,-52800,19-APR-2021,
OPTSTK,DLF,29-Apr-2021,275,CE,0.9,0.95,0.7,0.8,0.8,130,1183.14,300300,-49500,19-APR-2021,
OPTSTK,DLF,29-Apr-2021,280,CE,1.35,1.35,0.5,0.6,0.6,381,3528.68,1501500,-39600,19-APR-2021,
OPTSTK,DLF,29-Apr-2021,285,CE,0.5,0.55,0.3,0.4,0.4,135,1271.47,429000,-99000,19-APR-2021,
OPTSTK,DLF,29-Apr-2021,290,CE,0.8,0.8,0.4,0.4,0.4,141,1351.44,1386000,-105600,19-APR-2021,
OPTSTK,DLF,29-Apr-2021,295,CE,0.45,0.45,0.4,0.45,0.45,21,204.72,287100,-3300,19-APR-2021,
OPTSTK,DLF,29-Apr-2021,300,CE,0.5,0.5,0.3,0.35,0.35,207,2051.8,2065800,-194700,19-APR-2021,
OPTSTK,DLF,29-Apr-2021,305,CE,0.25,0.35,0.25,0.25,0.1,6,60.44,188100,3300,19-APR-2021,
OPTSTK,DLF,29-Apr-2021,310,CE,0.25,0.35,0.2,0.25,0.25,36,368.6,528000,-39600,19-APR-2021,
OPTSTK,DLF,29-Apr-2021,315,CE,0.3,0.3,0.2,0.2,0.05,5,52.01,79200,-13200,19-APR-2021,
OPTSTK,DLF,29-Apr-2021,320,CE,0.25,0.35,0.25,0.25,0.25,40,422.76,689700,-19800,19-APR-2021,
OPTSTK,DLF,29-Apr-2021,325,CE,0.4,0.4,0.15,0.3,0.3,6,64.4,66000,-3300,19-APR-2021,
OPTSTK,DLF,29-Apr-2021,330,CE,0.2,0.25,0.15,0.15,0.15,7,76.27,442200,-6600,19-APR-2021,
OPTSTK,DLF,29-Apr-2021,335,CE,0,0,0,0.45,0,0,0,23100,0,19-APR-2021,
OPTSTK,DLF,29-Apr-2021,340,CE,0.1,0.25,0.05,0.25,0.25,8,89.79,174900,-3300,19-APR-2021,
OPTSTK,DLF,29-Apr-2021,345,CE,0,0,0,0.25,0,0,0,23100,0,19-APR-2021,
OPTSTK,DLF,29-Apr-2021,350,CE,0.1,0.4,0.1,0.25,0.25,26,300.43,244200,-72600,19-APR-2021,
OPTSTK,DLF,29-Apr-2021,355,CE,0,0,0,12.85,0,0,0,0,0,19-APR-2021,
OPTSTK,DLF,29-Apr-2021,360,CE,0,0,0,0.1,0,0,0,16500,0,19-APR-2021,
OPTSTK,DLF,29-Apr-2021,365,CE,0,0,0,11.1,0,0,0,0,0,19-APR-2021,
OPTSTK,DLF,29-Apr-2021,370,CE,0.1,0.1,0.1,0.1,0,3,36.63,85800,-9900,19-APR-2021,
OPTSTK,DLF,29-Apr-2021,170,PE,0.2,1,0.2,1,1,3,16.89,6600,3300,19-APR-2021,
OPTSTK,DLF,29-Apr-2021,175,PE,0,0,0,2.95,0.05,0,0,0,0,19-APR-2021,
OPTSTK,DLF,29-Apr-2021,180,PE,0,0,0,3.6,0.05,0,0,0,0,19-APR-2021,
OPTSTK,DLF,29-Apr-2021,185,PE,0,0,0,4.35,0.1,0,0,0,0,19-APR-2021,
OPTSTK,DLF,29-Apr-2021,190,PE,0,0,0,5.25,0.15,0,0,0,0,19-APR-2021,
OPTSTK,DLF,29-Apr-2021,195,PE,0,0,0,6.2,0.3,0,0,0,0,19-APR-2021,
OPTSTK,DLF,29-Apr-2021,200,PE,0.9,1.3,0.9,1.05,1.05,306,2030.42,531300,145200,19-APR-2021,
OPTSTK,DLF,29-Apr-2021,205,PE,0,0,0,8.55,0.85,0,0,0,0,19-APR-2021,
OPTSTK,DLF,29-Apr-2021,210,PE,0,0,0,9.85,1.4,0,0,0,0,19-APR-2021,
OPTSTK,DLF,29-Apr-2021,215,PE,1.8,3.35,1.65,2.15,2.15,106,759.65,118800,52800,19-APR-2021,
OPTSTK,DLF,29-Apr-2021,220,PE,2.5,3.55,2.1,2.75,2.75,627,4610.94,871200,105600,19-APR-2021,
OPTSTK,DLF,29-Apr-2021,225,PE,5.75,5.75,3.25,3.9,3.9,87,657.22,95700,72600,19-APR-2021,
OPTSTK,DLF,29-Apr-2021,230,PE,3.9,6.3,3.9,5.3,5.3,1073,8329.35,693000,188100,19-APR-2021,
OPTSTK,DLF,29-Apr-2021,235,PE,7.6,8.35,5.55,7.3,7.3,341,2723.61,339900,148500,19-APR-2021,
OPTSTK,DLF,29-Apr-2021,240,PE,7.3,10.9,7.3,9.4,9.4,1012,8313.27,986700,52800,19-APR-2021,
OPTSTK,DLF,29-Apr-2021,245,PE,10,13.8,9.15,12.95,12.95,164,1388.73,168300,-69300,19-APR-2021,
OPTSTK,DLF,29-Apr-2021,250,PE,13.5,17.3,11.55,15.9,15.9,435,3797.47,1042800,-320100,19-APR-2021,
OPTSTK,DLF,29-Apr-2021,255,PE,17.6,21.4,16.5,19.65,19.65,28,253.6,168300,-46200,19-APR-2021,
OPTSTK,DLF,29-Apr-2021,260,PE,21.5,25,19.65,24.15,24.15,61,570.69,547800,-102300,19-APR-2021,
OPTSTK,DLF,29-Apr-2021,265,PE,28.1,28.5,27.2,27.2,29.8,6,58.05,118800,-3300,19-APR-2021,
OPTSTK,DLF,29-Apr-2021,270,PE,30.55,34,30.55,32.55,34.25,16,159.75,547800,-36300,19-APR-2021,
OPTSTK,DLF,29-Apr-2021,275,PE,33.85,40.25,33.85,38.2,38.85,3,30.93,161700,-6600,19-APR-2021,
OPTSTK,DLF,29-Apr-2021,280,PE,40,43.75,40,42,42,19,201.93,864600,-23100,19-APR-2021,
OPTSTK,DLF,29-Apr-2021,285,PE,48.5,48.5,46.5,46.5,48.35,6,65.79,221100,-6600,19-APR-2021,
OPTSTK,DLF,29-Apr-2021,290,PE,52.5,52.5,52.5,52.5,53.2,2,22.6,270600,-6600,19-APR-2021,
OPTSTK,DLF,29-Apr-2021,295,PE,0,0,0,13.75,58.1,0,0,42900,0,19-APR-2021,
OPTSTK,DLF,29-Apr-2021,300,PE,62.5,63.2,62,62.75,62.75,8,95.74,244200,-9900,19-APR-2021,
OPTSTK,DLF,29-Apr-2021,305,PE,0,0,0,54.65,68,0,0,9900,0,19-APR-2021,
OPTSTK,DLF,29-Apr-2021,310,PE,73,73,73,73,72.95,1,12.63,49500,0,19-APR-2021,
OPTSTK,DLF,29-Apr-2021,315,PE,0,0,0,43,77.95,0,0,9900,0,19-APR-2021,
OPTSTK,DLF,29-Apr-2021,320,PE,0,0,0,31,82.9,0,0,89100,0,19-APR-2021,
OPTSTK,DLF,29-Apr-2021,325,PE,0,0,0,74.4,87.9,0,0,0,0,19-APR-2021,
OPTSTK,DLF,29-Apr-2021,330,PE,0,0,0,77,92.9,0,0,29700,0,19-APR-2021,
OPTSTK,DLF,29-Apr-2021,335,PE,0,0,0,82.45,97.9,0,0,0,0,19-APR-2021,
OPTSTK,DLF,29-Apr-2021,340,PE,0,0,0,86.55,102.9,0,0,0,0,19-APR-2021,
OPTSTK,DLF,29-Apr-2021,345,PE,0,0,0,90.7,107.9,0,0,0,0,19-APR-2021,
OPTSTK,DLF,29-Apr-2021,350,PE,0,0,0,63.4,112.85,0,0,13200,0,19-APR-2021,
OPTSTK,DLF,29-Apr-2021,355,PE,0,0,0,83.05,117.85,0,0,0,0,19-APR-2021,
OPTSTK,DLF,29-Apr-2021,360,PE,0,0,0,80,122.85,0,0,6600,0,19-APR-2021,
OPTSTK,DLF,29-Apr-2021,365,PE,0,0,0,81,127.85,0,0,3300,0,19-APR-2021,
OPTSTK,DLF,29-Apr-2021,370,PE,0,0,0,95.4,132.85,0,0,0,0,19-APR-2021,
OPTSTK,DLF,27-May-2021,180,CE,0,0,0,99.15,59.1,0,0,0,0,19-APR-2021,
OPTSTK,DLF,27-May-2021,185,CE,0,0,0,94.45,54.7,0,0,0,0,19-APR-2021,
OPTSTK,DLF,27-May-2021,190,CE,0,0,0,89.85,50.45,0,0,0,0,19-APR-2021,
OPTSTK,DLF,27-May-2021,195,CE,0,0,0,95.5,46.3,0,0,0,0,19-APR-2021,
OPTSTK,DLF,27-May-2021,200,CE,0,0,0,94.85,42.35,0,0,0,0,19-APR-2021,
OPTSTK,DLF,27-May-2021,205,CE,0,0,0,90.45,38.6,0,0,0,0,19-APR-2021,
OPTSTK,DLF,27-May-2021,210,CE,0,0,0,86.1,35.05,0,0,0,0,19-APR-2021,
OPTSTK,DLF,27-May-2021,215,CE,0,0,0,94.25,31.65,0,0,0,0,19-APR-2021,
OPTSTK,DLF,27-May-2021,220,CE,0,0,0,90.1,28.5,0,0,0,0,19-APR-2021,
OPTSTK,DLF,27-May-2021,225,CE,0,0,0,97.25,25.55,0,0,0,0,19-APR-2021,
OPTSTK,DLF,27-May-2021,230,CE,0,0,0,93.2,22.85,0,0,0,0,19-APR-2021,
OPTSTK,DLF,27-May-2021,235,CE,0,0,0,89.25,20.35,0,0,0,0,19-APR-2021,
OPTSTK,DLF,27-May-2021,240,CE,0,0,0,85.35,18.05,0,0,0,0,19-APR-2021,
OPTSTK,DLF,27-May-2021,245,CE,0,0,0,81.55,15.95,0,0,0,0,19-APR-2021,
OPTSTK,DLF,27-May-2021,250,CE,0,0,0,77.9,14.05,0,0,0,0,19-APR-2021,
OPTSTK,DLF,27-May-2021,255,CE,0,0,0,74.3,12.3,0,0,0,0,19-APR-2021,
OPTSTK,DLF,27-May-2021,260,CE,0,0,0,70.85,10.75,0,0,0,0,19-APR-2021,
OPTSTK,DLF,27-May-2021,265,CE,0,0,0,67.5,9.4,0,0,0,0,19-APR-2021,
OPTSTK,DLF,27-May-2021,270,CE,0,0,0,64.25,8.2,0,0,0,0,19-APR-2021,
OPTSTK,DLF,27-May-2021,275,CE,0,0,0,61.1,7.1,0,0,0,0,19-APR-2021,
OPTSTK,DLF,27-May-2021,280,CE,0,0,0,58.05,6.15,0,0,0,0,19-APR-2021,
OPTSTK,DLF,27-May-2021,285,CE,0,0,0,55.15,5.3,0,0,0,0,19-APR-2021,
OPTSTK,DLF,27-May-2021,290,CE,0,0,0,52.35,4.55,0,0,0,0,19-APR-2021,
OPTSTK,DLF,27-May-2021,295,CE,0,0,0,49.65,3.9,0,0,0,0,19-APR-2021,
OPTSTK,DLF,27-May-2021,300,CE,0,0,0,47.05,3.35,0,0,0,0,19-APR-2021,
OPTSTK,DLF,27-May-2021,305,CE,0,0,0,44.6,2.85,0,0,0,0,19-APR-2021,
OPTSTK,DLF,27-May-2021,310,CE,0,0,0,42.2,2.4,0,0,0,0,19-APR-2021,
OPTSTK,DLF,27-May-2021,315,CE,0,0,0,39.95,2.05,0,0,0,0,19-APR-2021,
OPTSTK,DLF,27-May-2021,320,CE,0,0,0,37.75,1.75,0,0,0,0,19-APR-2021,
OPTSTK,DLF,27-May-2021,325,CE,0,0,0,35.7,1.5,0,0,0,0,19-APR-2021,
OPTSTK,DLF,27-May-2021,330,CE,0,0,0,33.7,1.25,0,0,0,0,19-APR-2021,
OPTSTK,DLF,27-May-2021,335,CE,0,0,0,31.8,1.05,0,0,0,0,19-APR-2021,
OPTSTK,DLF,27-May-2021,340,CE,0,0,0,30,0.9,0,0,0,0,19-APR-2021,
OPTSTK,DLF,27-May-2021,345,CE,0,0,0,28.3,0.75,0,0,0,0,19-APR-2021,
OPTSTK,DLF,27-May-2021,350,CE,0,0,0,26.65,0.65,0,0,0,0,19-APR-2021,
OPTSTK,DLF,27-May-2021,355,CE,0,0,0,25.15,0.55,0,0,0,0,19-APR-2021,
OPTSTK,DLF,27-May-2021,360,CE,0,0,0,23.65,0.45,0,0,0,0,19-APR-2021,
OPTSTK,DLF,27-May-2021,365,CE,0,0,0,22.25,0.4,0,0,0,0,19-APR-2021,
OPTSTK,DLF,27-May-2021,370,CE,0,0,0,20.95,0.3,0,0,0,0,19-APR-2021,
OPTSTK,DLF,27-May-2021,180,PE,0,0,0,0.95,1.6,0,0,0,0,19-APR-2021,
OPTSTK,DLF,27-May-2021,185,PE,0,0,0,1.25,2.2,0,0,0,0,19-APR-2021,
OPTSTK,DLF,27-May-2021,190,PE,0,0,0,1.65,2.9,0,0,0,0,19-APR-2021,
OPTSTK,DLF,27-May-2021,195,PE,0,0,0,1.75,3.75,0,0,0,0,19-APR-2021,
OPTSTK,DLF,27-May-2021,200,PE,3.5,3.5,2,2,2,3,20.09,49500,9900,19-APR-2021,
OPTSTK,DLF,27-May-2021,205,PE,0,0,0,2.8,6,0,0,0,0,19-APR-2021,
OPTSTK,DLF,27-May-2021,210,PE,0,0,0,3.4,7.4,0,0,0,0,19-APR-2021,
OPTSTK,DLF,27-May-2021,215,PE,0,0,0,4.8,9,0,0,0,0,19-APR-2021,
OPTSTK,DLF,27-May-2021,220,PE,7.25,8.4,6,6.75,6.75,5,37.45,9900,6600,19-APR-2021,
OPTSTK,DLF,27-May-2021,225,PE,0,0,0,5.5,12.9,0,0,0,0,19-APR-2021,
OPTSTK,DLF,27-May-2021,230,PE,0,0,0,6.35,15.15,0,0,0,0,19-APR-2021,
OPTSTK,DLF,27-May-2021,235,PE,0,0,0,7.35,17.6,0,0,0,0,19-APR-2021,
OPTSTK,DLF,27-May-2021,240,PE,0,0,0,8.4,20.3,0,0,0,0,19-APR-2021,
OPTSTK,DLF,27-May-2021,245,PE,0,0,0,9.6,23.2,0,0,0,0,19-APR-2021,
OPTSTK,DLF,27-May-2021,250,PE,0,0,0,13.85,26.25,0,0,42900,0,19-APR-2021,
OPTSTK,DLF,27-May-2021,255,PE,0,0,0,12.25,29.5,0,0,0,0,19-APR-2021,
OPTSTK,DLF,27-May-2021,260,PE,0,0,0,13.75,32.95,0,0,0,0,19-APR-2021,
OPTSTK,DLF,27-May-2021,265,PE,0,0,0,15.35,36.55,0,0,0,0,19-APR-2021,
OPTSTK,DLF,27-May-2021,270,PE,0,0,0,17.05,40.35,0,0,0,0,19-APR-2021,
OPTSTK,DLF,27-May-2021,275,PE,0,0,0,15,44.2,0,0,3300,0,19-APR-2021,
OPTSTK,DLF,27-May-2021,280,PE,0,0,0,37.75,48.25,0,0,3300,0,19-APR-2021,
OPTSTK,DLF,27-May-2021,285,PE,0,0,0,22.8,52.35,0,0,0,0,19-APR-2021,
OPTSTK,DLF,27-May-2021,290,PE,0,0,0,24.95,56.6,0,0,0,0,19-APR-2021,
OPTSTK,DLF,27-May-2021,295,PE,0,0,0,27.2,60.95,0,0,0,0,19-APR-2021,
OPTSTK,DLF,27-May-2021,300,PE,0,0,0,29.6,65.35,0,0,0,0,19-APR-2021,
OPTSTK,DLF,27-May-2021,305,PE,0,0,0,32.05,69.85,0,0,0,0,19-APR-2021,
OPTSTK,DLF,27-May-2021,310,PE,0,0,0,34.6,74.4,0,0,0,0,19-APR-2021,
OPTSTK,DLF,27-May-2021,315,PE,0,0,0,37.3,79.05,0,0,0,0,19-APR-2021,
OPTSTK,DLF,27-May-2021,320,PE,0,0,0,40.1,83.7,0,0,0,0,19-APR-2021,
OPTSTK,DLF,27-May-2021,325,PE,0,0,0,42.95,88.4,0,0,0,0,19-APR-2021,
OPTSTK,DLF,27-May-2021,330,PE,0,0,0,45.95,93.15,0,0,0,0,19-APR-2021,
OPTSTK,DLF,27-May-2021,335,PE,0,0,0,49,97.95,0,0,0,0,19-APR-2021,
OPTSTK,DLF,27-May-2021,340,PE,0,0,0,52.15,102.75,0,0,0,0,19-APR-2021,
OPTSTK,DLF,27-May-2021,345,PE,0,0,0,55.4,107.6,0,0,0,0,19-APR-2021,
OPTSTK,DLF,27-May-2021,350,PE,0,0,0,58.7,112.45,0,0,0,0,19-APR-2021,
OPTSTK,DLF,27-May-2021,355,PE,0,0,0,62.15,117.35,0,0,0,0,19-APR-2021,
OPTSTK,DLF,27-May-2021,360,PE,0,0,0,65.6,122.25,0,0,0,0,19-APR-2021,
OPTSTK,DLF,27-May-2021,365,PE,0,0,0,69.2,127.15,0,0,0,0,19-APR-2021,
OPTSTK,DLF,27-May-2021,370,PE,0,0,0,72.8,132.1,0,0,0,0,19-APR-2021,
OPTSTK,DLF,24-Jun-2021,180,CE,0,0,0,100.9,62.1,0,0,0,0,19-APR-2021,
OPTSTK,DLF,24-Jun-2021,185,CE,0,0,0,96.45,58.1,0,0,0,0,19-APR-2021,
OPTSTK,DLF,24-Jun-2021,190,CE,0,0,0,92.1,54.25,0,0,0,0,19-APR-2021,
OPTSTK,DLF,24-Jun-2021,195,CE,0,0,0,87.85,50.5,0,0,0,0,19-APR-2021,
OPTSTK,DLF,24-Jun-2021,200,CE,0,0,0,83.7,46.95,0,0,0,0,19-APR-2021,
OPTSTK,DLF,24-Jun-2021,205,CE,0,0,0,79.65,43.55,0,0,0,0,19-APR-2021,
OPTSTK,DLF,24-Jun-2021,210,CE,0,0,0,75.7,40.3,0,0,0,0,19-APR-2021,
OPTSTK,DLF,24-Jun-2021,215,CE,0,0,0,71.85,37.25,0,0,0,0,19-APR-2021,
OPTSTK,DLF,24-Jun-2021,220,CE,0,0,0,68.15,34.35,0,0,0,0,19-APR-2021,
OPTSTK,DLF,24-Jun-2021,225,CE,0,0,0,64.55,31.6,0,0,0,0,19-APR-2021,
OPTSTK,DLF,24-Jun-2021,230,CE,0,0,0,61.05,29.05,0,0,0,0,19-APR-2021,
OPTSTK,DLF,24-Jun-2021,235,CE,0,0,0,57.7,26.6,0,0,0,0,19-APR-2021,
OPTSTK,DLF,24-Jun-2021,240,CE,0,0,0,54.5,24.35,0,0,0,0,19-APR-2021,
OPTSTK,DLF,24-Jun-2021,245,CE,0,0,0,51.4,22.25,0,0,0,0,19-APR-2021,
OPTSTK,DLF,24-Jun-2021,250,CE,0,0,0,48.4,20.35,0,0,0,0,19-APR-2021,
OPTSTK,DLF,24-Jun-2021,255,CE,0,0,0,45.6,18.5,0,0,0,0,19-APR-2021,
OPTSTK,DLF,24-Jun-2021,260,CE,0,0,0,42.85,16.85,0,0,0,0,19-APR-2021,
OPTSTK,DLF,24-Jun-2021,265,CE,0,0,0,40.3,15.3,0,0,0,0,19-APR-2021,
OPTSTK,DLF,24-Jun-2021,270,CE,0,0,0,37.8,13.9,0,0,0,0,19-APR-2021,
OPTSTK,DLF,24-Jun-2021,275,CE,0,0,0,35.45,12.6,0,0,0,0,19-APR-2021,
OPTSTK,DLF,24-Jun-2021,280,CE,0,0,0,33.25,11.4,0,0,0,0,19-APR-2021,
OPTSTK,DLF,24-Jun-2021,285,CE,0,0,0,31.15,10.3,0,0,0,0,19-APR-2021,
OPTSTK,DLF,24-Jun-2021,290,CE,0,0,0,29.15,9.3,0,0,0,0,19-APR-2021,
OPTSTK,DLF,24-Jun-2021,295,CE,0,0,0,27.25,8.4,0,0,0,0,19-APR-2021,
OPTSTK,DLF,24-Jun-2021,300,CE,0,0,0,25.45,7.55,0,0,0,0,19-APR-2021,
OPTSTK,DLF,24-Jun-2021,305,CE,0,0,0,23.75,6.8,0,0,0,0,19-APR-2021,
OPTSTK,DLF,24-Jun-2021,310,CE,0,0,0,22.15,6.15,0,0,0,0,19-APR-2021,
OPTSTK,DLF,24-Jun-2021,315,CE,0,0,0,20.65,5.5,0,0,0,0,19-APR-2021,
OPTSTK,DLF,24-Jun-2021,320,CE,0,0,0,19.25,4.95,0,0,0,0,19-APR-2021,
OPTSTK,DLF,24-Jun-2021,325,CE,0,0,0,17.95,4.45,0,0,0,0,19-APR-2021,
OPTSTK,DLF,24-Jun-2021,330,CE,0,0,0,16.7,4,0,0,0,0,19-APR-2021,
OPTSTK,DLF,24-Jun-2021,335,CE,0,0,0,15.55,3.55,0,0,0,0,19-APR-2021,
OPTSTK,DLF,24-Jun-2021,340,CE,0,0,0,14.45,3.2,0,0,0,0,19-APR-2021,
OPTSTK,DLF,24-Jun-2021,345,CE,0,0,0,13.45,2.85,0,0,0,0,19-APR-2021,
OPTSTK,DLF,24-Jun-2021,350,CE,0,0,0,12.5,2.55,0,0,0,0,19-APR-2021,
OPTSTK,DLF,24-Jun-2021,355,CE,0,0,0,11.6,2.3,0,0,0,0,19-APR-2021,
OPTSTK,DLF,24-Jun-2021,360,CE,0,0,0,10.75,2.05,0,0,0,0,19-APR-2021,
OPTSTK,DLF,24-Jun-2021,365,CE,0,0,0,10,1.8,0,0,0,0,19-APR-2021,
OPTSTK,DLF,24-Jun-2021,370,CE,0,0,0,9.25,1.65,0,0,0,0,19-APR-2021,
OPTSTK,DLF,24-Jun-2021,180,PE,0,0,0,2.2,4.1,0,0,0,0,19-APR-2021,
OPTSTK,DLF,24-Jun-2021,185,PE,0,0,0,2.75,5.05,0,0,0,0,19-APR-2021,
OPTSTK,DLF,24-Jun-2021,190,PE,0,0,0,3.35,6.15,0,0,0,0,19-APR-2021,
OPTSTK,DLF,24-Jun-2021,195,PE,0,0,0,4.05,7.4,0,0,0,0,19-APR-2021,
OPTSTK,DLF,24-Jun-2021,200,PE,0,0,0,4.85,8.8,0,0,0,0,19-APR-2021,
OPTSTK,DLF,24-Jun-2021,205,PE,0,0,0,5.75,10.35,0,0,0,0,19-APR-2021,
OPTSTK,DLF,24-Jun-2021,210,PE,0,0,0,6.75,12.1,0,0,0,0,19-APR-2021,
OPTSTK,DLF,24-Jun-2021,215,PE,0,0,0,7.85,14,0,0,0,0,19-APR-2021,
OPTSTK,DLF,24-Jun-2021,220,PE,0,0,0,9.1,16.05,0,0,0,0,19-APR-2021,
OPTSTK,DLF,24-Jun-2021,225,PE,0,0,0,10.45,18.3,0,0,0,0,19-APR-2021,
OPTSTK,DLF,24-Jun-2021,230,PE,0,0,0,11.9,20.65,0,0,0,0,19-APR-2021,
OPTSTK,DLF,24-Jun-2021,235,PE,0,0,0,13.55,23.25,0,0,0,0,19-APR-2021,
OPTSTK,DLF,24-Jun-2021,240,PE,0,0,0,15.25,25.95,0,0,0,0,19-APR-2021,
OPTSTK,DLF,24-Jun-2021,245,PE,0,0,0,17.1,28.8,0,0,0,0,19-APR-2021,
OPTSTK,DLF,24-Jun-2021,250,PE,0,0,0,19.1,31.85,0,0,0,0,19-APR-2021,
OPTSTK,DLF,24-Jun-2021,255,PE,0,0,0,21.2,35,0,0,0,0,19-APR-2021,
OPTSTK,DLF,24-Jun-2021,260,PE,0,0,0,23.45,38.3,0,0,0,0,19-APR-2021,
OPTSTK,DLF,24-Jun-2021,265,PE,0,0,0,25.8,41.7,0,0,0,0,19-APR-2021,
OPTSTK,DLF,24-Jun-2021,270,PE,0,0,0,28.3,45.25,0,0,0,0,19-APR-2021,
OPTSTK,DLF,24-Jun-2021,275,PE,0,0,0,30.9,48.95,0,0,0,0,19-APR-2021,
OPTSTK,DLF,24-Jun-2021,280,PE,0,0,0,33.65,52.7,0,0,0,0,19-APR-2021,
OPTSTK,DLF,24-Jun-2021,285,PE,0,0,0,36.45,56.6,0,0,0,0,19-APR-2021,
OPTSTK,DLF,24-Jun-2021,290,PE,0,0,0,39.45,60.55,0,0,0,0,19-APR-2021,
OPTSTK,DLF,24-Jun-2021,295,PE,0,0,0,42.5,64.6,0,0,0,0,19-APR-2021,
OPTSTK,DLF,24-Jun-2021,300,PE,0,0,0,45.65,68.75,0,0,0,0,19-APR-2021,
OPTSTK,DLF,24-Jun-2021,305,PE,0,0,0,48.9,72.95,0,0,0,0,19-APR-2021,
OPTSTK,DLF,24-Jun-2021,310,PE,0,0,0,52.3,77.25,0,0,0,0,19-APR-2021,
OPTSTK,DLF,24-Jun-2021,315,PE,0,0,0,55.75,81.6,0,0,0,0,19-APR-2021,
OPTSTK,DLF,24-Jun-2021,320,PE,0,0,0,59.3,86,0,0,0,0,19-APR-2021,
OPTSTK,DLF,24-Jun-2021,325,PE,0,0,0,62.9,90.45,0,0,0,0,19-APR-2021,
OPTSTK,DLF,24-Jun-2021,330,PE,0,0,0,66.65,94.95,0,0,0,0,19-APR-2021,
OPTSTK,DLF,24-Jun-2021,335,PE,0,0,0,70.45,99.5,0,0,0,0,19-APR-2021,
OPTSTK,DLF,24-Jun-2021,340,PE,0,0,0,74.3,104.1,0,0,0,0,19-APR-2021,
OPTSTK,DLF,24-Jun-2021,345,PE,0,0,0,78.25,108.7,0,0,0,0,19-APR-2021,
OPTSTK,DLF,24-Jun-2021,350,PE,0,0,0,82.25,113.4,0,0,0,0,19-APR-2021,
OPTSTK,DLF,24-Jun-2021,355,PE,0,0,0,86.3,118.1,0,0,0,0,19-APR-2021,
OPTSTK,DLF,24-Jun-2021,360,PE,0,0,0,90.4,122.8,0,0,0,0,19-APR-2021,
OPTSTK,DLF,24-Jun-2021,365,PE,0,0,0,94.6,127.55,0,0,0,0,19-APR-2021,
OPTSTK,DLF,24-Jun-2021,370,PE,0,0,0,98.85,132.3,0,0,0,0,19-APR-2021,
OPTSTK,DRREDDY,29-Apr-2021,3200,CE,0,0,0,1703.35,1771.4,0,0,0,0,19-APR-2021,
OPTSTK,DRREDDY,29-Apr-2021,3250,CE,0,0,0,1654.4,1721.45,0,0,0,0,19-APR-2021,
OPTSTK,DRREDDY,29-Apr-2021,3300,CE,0,0,0,1605.6,1671.5,0,0,0,0,19-APR-2021,
OPTSTK,DRREDDY,29-Apr-2021,3350,CE,0,0,0,1556.95,1621.55,0,0,0,0,19-APR-2021,
OPTSTK,DRREDDY,29-Apr-2021,3400,CE,0,0,0,1508.5,1571.6,0,0,0,0,19-APR-2021,
OPTSTK,DRREDDY,29-Apr-2021,3450,CE,0,0,0,1460.3,1521.65,0,0,0,0,19-APR-2021,
OPTSTK,DRREDDY,29-Apr-2021,3500,CE,0,0,0,1412.35,1471.7,0,0,0,0,19-APR-2021,
OPTSTK,DRREDDY,29-Apr-2021,3550,CE,0,0,0,1364.75,1421.75,0,0,0,0,19-APR-2021,
OPTSTK,DRREDDY,29-Apr-2021,3600,CE,0,0,0,1317.45,1371.8,0,0,0,0,19-APR-2021,
OPTSTK,DRREDDY,29-Apr-2021,3650,CE,0,0,0,1270.55,1321.85,0,0,0,0,19-APR-2021,
OPTSTK,DRREDDY,29-Apr-2021,3700,CE,0,0,0,1224.1,1271.9,0,0,0,0,19-APR-2021,
OPTSTK,DRREDDY,29-Apr-2021,3750,CE,0,0,0,1178.15,1221.95,0,0,0,0,19-APR-2021,
OPTSTK,DRREDDY,29-Apr-2021,3800,CE,0,0,0,1132.75,1172,0,0,0,0,19-APR-2021,
OPTSTK,DRREDDY,29-Apr-2021,3850,CE,0,0,0,1087.9,1122.05,0,0,0,0,19-APR-2021,
OPTSTK,DRREDDY,29-Apr-2021,3900,CE,0,0,0,1043.65,1072.1,0,0,0,0,19-APR-2021,
OPTSTK,DRREDDY,29-Apr-2021,3950,CE,0,0,0,1000.15,1022.15,0,0,0,0,19-APR-2021,
OPTSTK,DRREDDY,29-Apr-2021,4000,CE,955,1013.15,955,993.65,993.65,3,18.72,125,-125,19-APR-2021,
OPTSTK,DRREDDY,29-Apr-2021,4050,CE,0,0,0,226.3,922.25,0,0,125,0,19-APR-2021,
OPTSTK,DRREDDY,29-Apr-2021,4100,CE,0,0,0,874.15,872.35,0,0,0,0,19-APR-2021,
OPTSTK,DRREDDY,29-Apr-2021,4150,CE,0,0,0,833.85,822.45,0,0,0,0,19-APR-2021,
OPTSTK,DRREDDY,29-Apr-2021,4200,CE,707.1,809,707.1,789.55,789.55,14,87.09,5500,-125,19-APR-2021,
OPTSTK,DRREDDY,29-Apr-2021,4250,CE,0,0,0,756,722.85,0,0,0,0,19-APR-2021,
OPTSTK,DRREDDY,29-Apr-2021,4300,CE,587.85,694.85,587.85,694.75,694.75,10,62.05,12125,-125,19-APR-2021,
OPTSTK,DRREDDY,29-Apr-2021,4350,CE,615.05,615.05,615.05,615.05,623.85,1,6.2,6000,-125,19-APR-2021,
OPTSTK,DRREDDY,29-Apr-2021,4400,CE,450,643.3,450,602.35,602.35,16,99.27,24875,-375,19-APR-2021,
OPTSTK,DRREDDY,29-Apr-2021,4450,CE,504.35,548.35,504.35,548.35,548.35,9,55.95,11000,-375,19-APR-2021,
OPTSTK,DRREDDY,29-Apr-2021,4500,CE,400,530,400,516.6,516.6,37,230.87,45375,-2875,19-APR-2021,
OPTSTK,DRREDDY,29-Apr-2021,4550,CE,362.05,454.45,362.05,451,451,8,49.7,17125,-750,19-APR-2021,
OPTSTK,DRREDDY,29-Apr-2021,4600,CE,332,436.2,332,416.75,416.75,123,767.27,49750,-4250,19-APR-2021,
OPTSTK,DRREDDY,29-Apr-2021,4650,CE,350,356.05,318.25,343.05,343.05,7,43.61,30250,-125,19-APR-2021,
OPTSTK,DRREDDY,29-Apr-2021,4700,CE,198.2,350.5,198.15,307.2,307.2,209,1306.98,50375,-5250,19-APR-2021,
OPTSTK,DRREDDY,29-Apr-2021,4750,CE,238.6,300,238.6,285.1,285.1,32,200.82,19000,-375,19-APR-2021,
OPTSTK,DRREDDY,29-Apr-2021,4800,CE,205,272.15,162.75,240.5,240.5,1071,6732.53,99750,8875,19-APR-2021,
OPTSTK,DRREDDY,29-Apr-2021,4850,CE,176.45,239.95,140,215.6,215.6,625,3947.53,34625,-7625,19-APR-2021,
OPTSTK,DRREDDY,29-Apr-2021,4900,CE,159.05,215,122.35,186.35,186.35,4258,27051.83,146625,-500,19-APR-2021,
OPTSTK,DRREDDY,29-Apr-2021,4950,CE,135,191.75,105,164.85,164.85,2334,14922.38,67750,375,19-APR-2021,
OPTSTK,DRREDDY,29-Apr-2021,5000,CE,121.55,168.85,92.05,146.45,146.45,13509,86863.39,623000,123500,19-APR-2021,
OPTSTK,DRREDDY,29-Apr-2021,5050,CE,76.35,148.3,76.3,126.25,126.25,810,5240.72,39000,5000,19-APR-2021,
OPTSTK,DRREDDY,29-Apr-2021,5100,CE,75,130.2,69.15,108.7,108.7,4297,27971.49,175625,26875,19-APR-2021,
OPTSTK,DRREDDY,29-Apr-2021,5150,CE,68.4,114.15,56,92.75,92.75,629,4121.6,34250,10500,19-APR-2021,
OPTSTK,DRREDDY,29-Apr-2021,5200,CE,58.55,100.55,50.05,75.4,75.4,5736,37844.89,188125,29750,19-APR-2021,
OPTSTK,DRREDDY,29-Apr-2021,5250,CE,41.95,87.3,41.95,60.95,60.95,730,4850.28,18750,-375,19-APR-2021,
OPTSTK,DRREDDY,29-Apr-2021,5300,CE,33.2,76.25,30.05,50.8,50.8,4411,29520.2,167250,75250,19-APR-2021,
OPTSTK,DRREDDY,29-Apr-2021,5350,CE,30.05,66.4,30.05,41.9,41.9,1060,7153.12,26500,17000,19-APR-2021,
OPTSTK,DRREDDY,29-Apr-2021,5400,CE,24.05,58.05,20,33.5,33.5,3703,25170.17,293625,210500,19-APR-2021,
OPTSTK,DRREDDY,29-Apr-2021,5450,CE,31.05,53.15,26.05,29.45,29.45,865,5928.19,18625,8875,19-APR-2021,
OPTSTK,DRREDDY,29-Apr-2021,5500,CE,20.95,45.15,18.55,25.05,25.05,4473,30920.21,291875,50875,19-APR-2021,
OPTSTK,DRREDDY,29-Apr-2021,5550,CE,35.9,39.05,19.6,22.2,22.2,385,2683.5,15250,2500,19-APR-2021,
OPTSTK,DRREDDY,29-Apr-2021,5600,CE,20.6,35.5,14,20.05,20.05,1439,10115.14,46375,-125,19-APR-2021,
OPTSTK,DRREDDY,29-Apr-2021,5650,CE,0,0,0,34.55,2.05,0,0,8625,0,19-APR-2021,
OPTSTK,DRREDDY,29-Apr-2021,5700,CE,16.5,27.5,13.4,15.5,15.5,1530,10935.45,64125,-6875,19-APR-2021,
OPTSTK,DRREDDY,29-Apr-2021,5750,CE,0,0,0,4.5,0.9,0,0,875,0,19-APR-2021,
OPTSTK,DRREDDY,29-Apr-2021,5800,CE,11.25,22.05,10.6,12.6,12.6,769,5589.14,28625,9625,19-APR-2021,
OPTSTK,DRREDDY,29-Apr-2021,5850,CE,0,0,0,4,0.4,0,0,125,0,19-APR-2021,
OPTSTK,DRREDDY,29-Apr-2021,5900,CE,0,0,0,76.9,0.25,0,0,0,0,19-APR-2021,
OPTSTK,DRREDDY,29-Apr-2021,5950,CE,0,0,0,70.5,0.15,0,0,0,0,19-APR-2021,
OPTSTK,DRREDDY,29-Apr-2021,6000,CE,9,15.95,4.15,9.35,9.35,1501,11278.03,147875,16375,19-APR-2021,
OPTSTK,DRREDDY,29-Apr-2021,6050,CE,0,0,0,59.1,0.05,0,0,0,0,19-APR-2021,
OPTSTK,DRREDDY,29-Apr-2021,6100,CE,0,0,0,54.05,0.05,0,0,0,0,19-APR-2021,
OPTSTK,DRREDDY,29-Apr-2021,6150,CE,0,0,0,0.2,0.05,0,0,250,0,19-APR-2021,
OPTSTK,DRREDDY,29-Apr-2021,6200,CE,0,0,0,45.1,0.05,0,0,0,0,19-APR-2021,
OPTSTK,DRREDDY,29-Apr-2021,6250,CE,0,0,0,41.1,0.05,0,0,0,0,19-APR-2021,
OPTSTK,DRREDDY,29-Apr-2021,6300,CE,0,0,0,3.85,0,0,0,375,0,19-APR-2021,
OPTSTK,DRREDDY,29-Apr-2021,6350,CE,0,0,0,3.05,0,0,0,125,0,19-APR-2021,
OPTSTK,DRREDDY,29-Apr-2021,6400,CE,3.05,3.95,3.05,3.95,0,4,32.01,750,250,19-APR-2021,
OPTSTK,DRREDDY,29-Apr-2021,3200,PE,0,0,0,1.95,0,0,0,0,0,19-APR-2021,
OPTSTK,DRREDDY,29-Apr-2021,3250,PE,0,0,0,2.5,0,0,0,0,0,19-APR-2021,
OPTSTK,DRREDDY,29-Apr-2021,3300,PE,0,0,0,3.25,0,0,0,0,0,19-APR-2021,
OPTSTK,DRREDDY,29-Apr-2021,3350,PE,0,0,0,4.15,0,0,0,0,0,19-APR-2021,
OPTSTK,DRREDDY,29-Apr-2021,3400,PE,0,0,0,5.25,0,0,0,0,0,19-APR-2021,
OPTSTK,DRREDDY,29-Apr-2021,3450,PE,0,0,0,6.55,0,0,0,0,0,19-APR-2021,
OPTSTK,DRREDDY,29-Apr-2021,3500,PE,0,0,0,8.15,0,0,0,0,0,19-APR-2021,
OPTSTK,DRREDDY,29-Apr-2021,3550,PE,0,0,0,10.1,0,0,0,0,0,19-APR-2021,
OPTSTK,DRREDDY,29-Apr-2021,3600,PE,0.5,0.5,0.5,0.5,0,2,9,1000,-250,19-APR-2021,
OPTSTK,DRREDDY,29-Apr-2021,3650,PE,0,0,0,15,0,0,0,0,0,19-APR-2021,
OPTSTK,DRREDDY,29-Apr-2021,3700,PE,0,0,0,0.55,0,0,0,1125,0,19-APR-2021,
OPTSTK,DRREDDY,29-Apr-2021,3750,PE,0,0,0,2,0,0,0,125,0,19-APR-2021,
OPTSTK,DRREDDY,29-Apr-2021,3800,PE,3,3,2.95,2.95,0,8,38.02,13875,0,19-APR-2021,
OPTSTK,DRREDDY,29-Apr-2021,3850,PE,0,0,0,30.45,0,0,0,0,0,19-APR-2021,
OPTSTK,DRREDDY,29-Apr-2021,3900,PE,1.6,3.05,1.6,3.05,0,3,14.63,11500,-250,19-APR-2021,
OPTSTK,DRREDDY,29-Apr-2021,3950,PE,3.1,3.1,3.1,3.1,0,1,4.94,1750,0,19-APR-2021,
OPTSTK,DRREDDY,29-Apr-2021,4000,PE,5,6.1,3.2,4,4,111,555.56,34375,-625,19-APR-2021,
OPTSTK,DRREDDY,29-Apr-2021,4050,PE,0,0,0,6.25,0.05,0,0,7500,0,19-APR-2021,
OPTSTK,DRREDDY,29-Apr-2021,4100,PE,3.75,4.8,3.6,3.6,0.05,16,82.08,19500,-750,19-APR-2021,
OPTSTK,DRREDDY,29-Apr-2021,4150,PE,0,0,0,7.95,0.15,0,0,11500,0,19-APR-2021,
OPTSTK,DRREDDY,29-Apr-2021,4200,PE,5.5,9,3.1,5,5,240,1261.72,46625,-5625,19-APR-2021,
OPTSTK,DRREDDY,29-Apr-2021,4250,PE,6.8,9,6.15,6.9,0.45,25,133.02,14000,-2375,19-APR-2021,
OPTSTK,DRREDDY,29-Apr-2021,4300,PE,5.4,14.85,5.4,7.35,7.35,380,2046.79,72000,-12875,19-APR-2021,
OPTSTK,DRREDDY,29-Apr-2021,4350,PE,12.85,17.85,8.1,9.65,9.65,570,3108.12,35125,-375,19-APR-2021,
OPTSTK,DRREDDY,29-Apr-2021,4400,PE,16.95,24,8.65,10,10,1568,8650.14,80750,-2125,19-APR-2021,
OPTSTK,DRREDDY,29-Apr-2021,4450,PE,22.6,26.7,9.65,11.8,11.8,1179,6579.05,21875,3500,19-APR-2021,
OPTSTK,DRREDDY,29-Apr-2021,4500,PE,35,49,11.15,14.3,14.3,3323,18765.68,127125,11125,19-APR-2021,
OPTSTK,DRREDDY,29-Apr-2021,4550,PE,40,42.4,14.3,16.95,16.95,2157,12320.68,26000,6750,19-APR-2021,
OPTSTK,DRREDDY,29-Apr-2021,4600,PE,47.3,62.05,18,20.45,20.45,2723,15745.82,60250,-3875,19-APR-2021,
OPTSTK,DRREDDY,29-Apr-2021,4650,PE,51.9,72,22.55,25.75,25.75,584,3420.01,23375,6875,19-APR-2021,
OPTSTK,DRREDDY,29-Apr-2021,4700,PE,60,99.8,26.9,33,33,1640,9730.89,88125,28250,19-APR-2021,
OPTSTK,DRREDDY,29-Apr-2021,4750,PE,117.45,121.25,33,42.65,42.65,609,3660.29,34625,5125,19-APR-2021,
OPTSTK,DRREDDY,29-Apr-2021,4800,PE,132.1,144,43,53.35,53.35,3172,19306.84,285875,211625,19-APR-2021,
OPTSTK,DRREDDY,29-Apr-2021,4850,PE,152,172.4,56.05,77.45,77.45,894,5536.21,30750,19250,19-APR-2021,
OPTSTK,DRREDDY,29-Apr-2021,4900,PE,180.75,206.65,80.5,100.2,100.2,2323,14574.44,96750,41875,19-APR-2021,
OPTSTK,DRREDDY,29-Apr-2021,4950,PE,245.65,245.65,114.1,130.05,130.05,385,2451.84,12000,5875,19-APR-2021,
OPTSTK,DRREDDY,29-Apr-2021,5000,PE,217,262.05,135,156.6,156.6,927,5999.97,61125,15375,19-APR-2021,
OPTSTK,DRREDDY,29-Apr-2021,5050,PE,0,0,0,310.8,162.95,0,0,0,0,19-APR-2021,
OPTSTK,DRREDDY,29-Apr-2021,5100,PE,311,311,205,217.3,217.3,50,333.45,5000,750,19-APR-2021,
OPTSTK,DRREDDY,29-Apr-2021,5150,PE,0,0,0,368.4,230.1,0,0,125,0,19-APR-2021,
OPTSTK,DRREDDY,29-Apr-2021,5200,PE,328.15,338.1,280,289.2,289.2,11,75.68,1625,125,19-APR-2021,
OPTSTK,DRREDDY,29-Apr-2021,5250,PE,0,0,0,547.6,307.85,0,0,0,0,19-APR-2021,
OPTSTK,DRREDDY,29-Apr-2021,5300,PE,0,0,0,571,349.9,0,0,125,0,19-APR-2021,
OPTSTK,DRREDDY,29-Apr-2021,5350,PE,0,0,0,616.4,393.7,0,0,0,0,19-APR-2021,
OPTSTK,DRREDDY,29-Apr-2021,5400,PE,0,0,0,652.1,438.95,0,0,0,0,19-APR-2021,
OPTSTK,DRREDDY,29-Apr-2021,5450,PE,0,0,0,688.9,485.35,0,0,0,0,19-APR-2021,
OPTSTK,DRREDDY,29-Apr-2021,5500,PE,550.55,550.55,550.55,550.55,532.65,1,7.56,1875,0,19-APR-2021,
OPTSTK,DRREDDY,29-Apr-2021,5550,PE,0,0,0,764.55,580.65,0,0,0,0,19-APR-2021,
OPTSTK,DRREDDY,29-Apr-2021,5600,PE,0,0,0,850,629.25,0,0,375,0,19-APR-2021,
OPTSTK,DRREDDY,29-Apr-2021,5650,PE,0,0,0,842.95,678.2,0,0,0,0,19-APR-2021,
OPTSTK,DRREDDY,29-Apr-2021,5700,PE,0,0,0,860,727.5,0,0,250,0,19-APR-2021,
OPTSTK,DRREDDY,29-Apr-2021,5750,PE,0,0,0,890,777,0,0,875,0,19-APR-2021,
OPTSTK,DRREDDY,29-Apr-2021,5800,PE,0,0,0,1275,826.6,0,0,125,0,19-APR-2021,
OPTSTK,DRREDDY,29-Apr-2021,5850,PE,0,0,0,1320,876.35,0,0,125,0,19-APR-2021,
OPTSTK,DRREDDY,29-Apr-2021,5900,PE,0,0,0,1050.45,926.2,0,0,0,0,19-APR-2021,
OPTSTK,DRREDDY,29-Apr-2021,5950,PE,0,0,0,1080,976.05,0,0,125,0,19-APR-2021,
OPTSTK,DRREDDY,29-Apr-2021,6000,PE,0,0,0,1137.25,1025.95,0,0,0,0,19-APR-2021,
OPTSTK,DRREDDY,29-Apr-2021,6050,PE,0,0,0,1181.3,1075.85,0,0,0,0,19-APR-2021,
OPTSTK,DRREDDY,29-Apr-2021,6100,PE,0,0,0,1225.8,1125.8,0,0,0,0,19-APR-2021,
OPTSTK,DRREDDY,29-Apr-2021,6150,PE,0,0,0,1240,1175.75,0,0,500,0,19-APR-2021,
OPTSTK,DRREDDY,29-Apr-2021,6200,PE,0,0,0,1315.9,1225.65,0,0,0,0,19-APR-2021,
OPTSTK,DRREDDY,29-Apr-2021,6250,PE,0,0,0,1361.45,1275.6,0,0,0,0,19-APR-2021,
OPTSTK,DRREDDY,29-Apr-2021,6300,PE,0,0,0,1360,1325.55,0,0,1000,0,19-APR-2021,
OPTSTK,DRREDDY,29-Apr-2021,6350,PE,0,0,0,1390,1375.5,0,0,375,0,19-APR-2021,
OPTSTK,DRREDDY,29-Apr-2021,6400,PE,0,0,0,1500.05,1425.45,0,0,0,0,19-APR-2021,
OPTSTK,DRREDDY,27-May-2021,3200,CE,0,0,0,1317.7,1780.7,0,0,0,0,19-APR-2021,
OPTSTK,DRREDDY,27-May-2021,3250,CE,0,0,0,1270.15,1730.9,0,0,0,0,19-APR-2021,
OPTSTK,DRREDDY,27-May-2021,3300,CE,0,0,0,1222.95,1681.1,0,0,0,0,19-APR-2021,
OPTSTK,DRREDDY,27-May-2021,3350,CE,0,0,0,1176.2,1631.3,0,0,0,0,19-APR-2021,
OPTSTK,DRREDDY,27-May-2021,3400,CE,0,0,0,1129.9,1581.55,0,0,0,0,19-APR-2021,
OPTSTK,DRREDDY,27-May-2021,3450,CE,0,0,0,1084.2,1531.8,0,0,0,0,19-APR-2021,
OPTSTK,DRREDDY,27-May-2021,3500,CE,0,0,0,1039.05,1482.05,0,0,0,0,19-APR-2021,
OPTSTK,DRREDDY,27-May-2021,3550,CE,0,0,0,994.55,1432.35,0,0,0,0,19-APR-2021,
OPTSTK,DRREDDY,27-May-2021,3600,CE,0,0,0,950.8,1382.65,0,0,0,0,19-APR-2021,
OPTSTK,DRREDDY,27-May-2021,3650,CE,0,0,0,907.8,1333.05,0,0,0,0,19-APR-2021,
OPTSTK,DRREDDY,27-May-2021,3700,CE,0,0,0,865.6,1283.55,0,0,0,0,19-APR-2021,
OPTSTK,DRREDDY,27-May-2021,3750,CE,0,0,0,824.3,1234.15,0,0,0,0,19-APR-2021,
OPTSTK,DRREDDY,27-May-2021,3800,CE,0,0,0,783.95,1184.85,0,0,0,0,19-APR-2021,
OPTSTK,DRREDDY,27-May-2021,3850,CE,0,0,0,744.55,1135.75,0,0,0,0,19-APR-2021,
OPTSTK,DRREDDY,27-May-2021,3900,CE,0,0,0,706.2,1086.9,0,0,0,0,19-APR-2021,
OPTSTK,DRREDDY,27-May-2021,3950,CE,0,0,0,669.05,1038.3,0,0,0,0,19-APR-2021,
OPTSTK,DRREDDY,27-May-2021,4000,CE,0,0,0,632.8,990.05,0,0,0,0,19-APR-2021,
OPTSTK,DRREDDY,27-May-2021,4050,CE,0,0,0,597.7,942.2,0,0,0,0,19-APR-2021,
OPTSTK,DRREDDY,27-May-2021,4100,CE,0,0,0,563.65,894.85,0,0,0,0,19-APR-2021,
OPTSTK,DRREDDY,27-May-2021,4150,CE,0,0,0,530.95,848.05,0,0,0,0,19-APR-2021,
OPTSTK,DRREDDY,27-May-2021,4200,CE,0,0,0,499.5,801.95,0,0,0,0,19-APR-2021,
OPTSTK,DRREDDY,27-May-2021,4250,CE,0,0,0,469.25,756.55,0,0,0,0,19-APR-2021,
OPTSTK,DRREDDY,27-May-2021,4300,CE,0,0,0,440.25,712.05,0,0,0,0,19-APR-2021,
OPTSTK,DRREDDY,27-May-2021,4350,CE,0,0,0,412.5,668.45,0,0,0,0,19-APR-2021,
OPTSTK,DRREDDY,27-May-2021,4400,CE,0,0,0,550,625.95,0,0,500,0,19-APR-2021,
OPTSTK,DRREDDY,27-May-2021,4450,CE,0,0,0,360.6,584.6,0,0,0,0,19-APR-2021,
OPTSTK,DRREDDY,27-May-2021,4500,CE,0,0,0,500,544.45,0,0,500,0,19-APR-2021,
OPTSTK,DRREDDY,27-May-2021,4550,CE,0,0,0,313.6,505.7,0,0,0,0,19-APR-2021,
OPTSTK,DRREDDY,27-May-2021,4600,CE,0,0,0,440,468.5,0,0,125,0,19-APR-2021,
OPTSTK,DRREDDY,27-May-2021,4650,CE,0,0,0,271.35,432.4,0,0,0,0,19-APR-2021,
OPTSTK,DRREDDY,27-May-2021,4700,CE,0,0,0,250,398.15,0,0,125,0,19-APR-2021,
OPTSTK,DRREDDY,27-May-2021,4750,CE,0,0,0,233.55,365.5,0,0,0,0,19-APR-2021,
OPTSTK,DRREDDY,27-May-2021,4800,CE,0,0,0,327.3,334.5,0,0,750,0,19-APR-2021,
OPTSTK,DRREDDY,27-May-2021,4850,CE,0,0,0,200.05,305.25,0,0,0,0,19-APR-2021,
OPTSTK,DRREDDY,27-May-2021,4900,CE,283.2,342,275,322,277.65,16,104.16,1875,250,19-APR-2021,
OPTSTK,DRREDDY,27-May-2021,4950,CE,0,0,0,256.65,251.8,0,0,875,0,19-APR-2021,
OPTSTK,DRREDDY,27-May-2021,5000,CE,246.2,316.45,201.05,288.25,288.25,220,1451.67,23875,4250,19-APR-2021,
OPTSTK,DRREDDY,27-May-2021,5050,CE,0,0,0,144.9,205.15,0,0,0,0,19-APR-2021,
OPTSTK,DRREDDY,27-May-2021,5100,CE,0,0,0,133.3,184.3,0,0,0,0,19-APR-2021,
OPTSTK,DRREDDY,27-May-2021,5150,CE,0,0,0,122.5,165.05,0,0,0,0,19-APR-2021,
OPTSTK,DRREDDY,27-May-2021,5200,CE,150.8,150.8,150.8,150.8,147.4,2,13.37,500,250,19-APR-2021,
OPTSTK,DRREDDY,27-May-2021,5250,CE,0,0,0,102.9,131.2,0,0,0,0,19-APR-2021,
OPTSTK,DRREDDY,27-May-2021,5300,CE,150,187.4,150,185.55,185.55,18,123.38,2125,2125,19-APR-2021,
OPTSTK,DRREDDY,27-May-2021,5350,CE,0,0,0,86.2,103,0,0,0,0,19-APR-2021,
OPTSTK,DRREDDY,27-May-2021,5400,CE,110,110,110,110,110,1,6.88,125,125,19-APR-2021,
OPTSTK,DRREDDY,27-May-2021,5450,CE,0,0,0,71.95,80,0,0,0,0,19-APR-2021,
OPTSTK,DRREDDY,27-May-2021,5500,CE,100,133.95,80,125.45,125.45,188,1320.71,31250,1875,19-APR-2021,
OPTSTK,DRREDDY,27-May-2021,5550,CE,0,0,0,59.75,61.35,0,0,0,0,19-APR-2021,
OPTSTK,DRREDDY,27-May-2021,5600,CE,0,0,0,54.4,53.5,0,0,0,0,19-APR-2021,
OPTSTK,DRREDDY,27-May-2021,5650,CE,0,0,0,49.5,46.5,0,0,0,0,19-APR-2021,
OPTSTK,DRREDDY,27-May-2021,5700,CE,0,0,0,44.95,40.3,0,0,0,0,19-APR-2021,
OPTSTK,DRREDDY,27-May-2021,5750,CE,0,0,0,40.8,34.85,0,0,0,0,19-APR-2021,
OPTSTK,DRREDDY,27-May-2021,5800,CE,0,0,0,37,30.05,0,0,0,0,19-APR-2021,
OPTSTK,DRREDDY,27-May-2021,5850,CE,0,0,0,33.55,25.8,0,0,0,0,19-APR-2021,
OPTSTK,DRREDDY,27-May-2021,5900,CE,0,0,0,30.4,22.15,0,0,0,0,19-APR-2021,
OPTSTK,DRREDDY,27-May-2021,5950,CE,0,0,0,27.5,18.95,0,0,0,0,19-APR-2021,
OPTSTK,DRREDDY,27-May-2021,6000,CE,39.3,55,39.3,51.45,51.45,11,83.17,4250,750,19-APR-2021,
OPTSTK,DRREDDY,27-May-2021,6050,CE,0,0,0,22.45,13.75,0,0,0,0,19-APR-2021,
OPTSTK,DRREDDY,27-May-2021,6100,CE,0,0,0,20.25,11.65,0,0,0,0,19-APR-2021,
OPTSTK,DRREDDY,27-May-2021,6150,CE,0,0,0,18.25,9.85,0,0,0,0,19-APR-2021,
OPTSTK,DRREDDY,27-May-2021,6200,CE,0,0,0,16.45,8.35,0,0,0,0,19-APR-2021,
OPTSTK,DRREDDY,27-May-2021,6250,CE,0,0,0,14.85,7,0,0,0,0,19-APR-2021,
OPTSTK,DRREDDY,27-May-2021,6300,CE,0,0,0,13.35,5.9,0,0,0,0,19-APR-2021,
OPTSTK,DRREDDY,27-May-2021,6350,CE,0,0,0,12,4.95,0,0,0,0,19-APR-2021,
OPTSTK,DRREDDY,27-May-2021,6400,CE,0,0,0,10.75,4.15,0,0,125,0,19-APR-2021,
OPTSTK,DRREDDY,27-May-2021,3200,PE,0,0,0,7.8,0.05,0,0,0,0,19-APR-2021,
OPTSTK,DRREDDY,27-May-2021,3250,PE,0,0,0,9.75,0.05,0,0,0,0,19-APR-2021,
OPTSTK,DRREDDY,27-May-2021,3300,PE,0,0,0,12.1,0.05,0,0,0,0,19-APR-2021,
OPTSTK,DRREDDY,27-May-2021,3350,PE,0,0,0,14.85,0.05,0,0,0,0,19-APR-2021,
OPTSTK,DRREDDY,27-May-2021,3400,PE,0,0,0,18.15,0.1,0,0,0,0,19-APR-2021,
OPTSTK,DRREDDY,27-May-2021,3450,PE,0,0,0,21.95,0.15,0,0,0,0,19-APR-2021,
OPTSTK,DRREDDY,27-May-2021,3500,PE,0,0,0,20.3,0.2,0,0,125,0,19-APR-2021,
OPTSTK,DRREDDY,27-May-2021,3550,PE,0,0,0,31.4,0.3,0,0,0,0,19-APR-2021,
OPTSTK,DRREDDY,27-May-2021,3600,PE,0,0,0,37.15,0.45,0,0,0,0,19-APR-2021,
OPTSTK,DRREDDY,27-May-2021,3650,PE,0,0,0,43.7,0.65,0,0,0,0,19-APR-2021,
OPTSTK,DRREDDY,27-May-2021,3700,PE,0,0,0,51.05,0.95,0,0,0,0,19-APR-2021,
OPTSTK,DRREDDY,27-May-2021,3750,PE,0,0,0,59.3,1.3,0,0,0,0,19-APR-2021,
OPTSTK,DRREDDY,27-May-2021,3800,PE,0,0,0,68.45,1.85,0,0,0,0,19-APR-2021,
OPTSTK,DRREDDY,27-May-2021,3850,PE,0,0,0,78.6,2.55,0,0,0,0,19-APR-2021,
OPTSTK,DRREDDY,27-May-2021,3900,PE,0,0,0,29.95,3.5,0,0,625,0,19-APR-2021,
OPTSTK,DRREDDY,27-May-2021,3950,PE,0,0,0,102.15,4.7,0,0,0,0,19-APR-2021,
OPTSTK,DRREDDY,27-May-2021,4000,PE,30,30,22,22,6.25,13,65.39,9000,-750,19-APR-2021,
OPTSTK,DRREDDY,27-May-2021,4050,PE,0,0,0,129.9,8.2,0,0,0,0,19-APR-2021,
OPTSTK,DRREDDY,27-May-2021,4100,PE,0,0,0,145.35,10.65,0,0,0,0,19-APR-2021,
OPTSTK,DRREDDY,27-May-2021,4150,PE,0,0,0,162.2,13.7,0,0,0,0,19-APR-2021,
OPTSTK,DRREDDY,27-May-2021,4200,PE,35,40,31,31,31,9,47.66,10875,125,19-APR-2021,
OPTSTK,DRREDDY,27-May-2021,4250,PE,0,0,0,199.55,21.8,0,0,0,0,19-APR-2021,
OPTSTK,DRREDDY,27-May-2021,4300,PE,44,44,36.1,36.2,36.2,6,32.54,1125,-125,19-APR-2021,
OPTSTK,DRREDDY,27-May-2021,4350,PE,0,0,0,241.85,33.3,0,0,0,0,19-APR-2021,
OPTSTK,DRREDDY,27-May-2021,4400,PE,75,75,59.25,59.4,59.4,6,33.46,2875,250,19-APR-2021,
OPTSTK,DRREDDY,27-May-2021,4450,PE,0,0,0,289.05,49.05,0,0,0,0,19-APR-2021,
OPTSTK,DRREDDY,27-May-2021,4500,PE,101,107.6,60,80.4,80.4,101,579.01,18625,4250,19-APR-2021,
OPTSTK,DRREDDY,27-May-2021,4550,PE,0,0,0,341.1,69.75,0,0,0,0,19-APR-2021,
OPTSTK,DRREDDY,27-May-2021,4600,PE,0,0,0,120,82.4,0,0,125,0,19-APR-2021,
OPTSTK,DRREDDY,27-May-2021,4650,PE,0,0,0,397.9,96.1,0,0,0,0,19-APR-2021,
OPTSTK,DRREDDY,27-May-2021,4700,PE,173.85,183.85,135.2,138.8,138.8,107,649.07,11500,4000,19-APR-2021,
OPTSTK,DRREDDY,27-May-2021,4750,PE,0,0,0,459.2,128.8,0,0,0,0,19-APR-2021,
OPTSTK,DRREDDY,27-May-2021,4800,PE,0,0,0,251.2,147.6,0,0,625,0,19-APR-2021,
OPTSTK,DRREDDY,27-May-2021,4850,PE,0,0,0,274.8,168.15,0,0,1625,0,19-APR-2021,
OPTSTK,DRREDDY,27-May-2021,4900,PE,0,0,0,559.05,190.35,0,0,0,0,19-APR-2021,
OPTSTK,DRREDDY,27-May-2021,4950,PE,0,0,0,594.3,214.3,0,0,0,0,19-APR-2021,
OPTSTK,DRREDDY,27-May-2021,5000,PE,300,300,300,300,239.95,1,6.62,125,125,19-APR-2021,
OPTSTK,DRREDDY,27-May-2021,5050,PE,0,0,0,667.75,267.25,0,0,0,0,19-APR-2021,
OPTSTK,DRREDDY,27-May-2021,5100,PE,0,0,0,705.7,296.2,0,0,0,0,19-APR-2021,
OPTSTK,DRREDDY,27-May-2021,5150,PE,0,0,0,744.45,326.8,0,0,0,0,19-APR-2021,
OPTSTK,DRREDDY,27-May-2021,5200,PE,0,0,0,500,358.9,0,0,125,0,19-APR-2021,
OPTSTK,DRREDDY,27-May-2021,5250,PE,0,0,0,823.9,392.55,0,0,0,0,19-APR-2021,
OPTSTK,DRREDDY,27-May-2021,5300,PE,0,0,0,620,427.55,0,0,125,0,19-APR-2021,
OPTSTK,DRREDDY,27-May-2021,5350,PE,0,0,0,906.3,463.95,0,0,0,0,19-APR-2021,
OPTSTK,DRREDDY,27-May-2021,5400,PE,0,0,0,948.4,501.85,0,0,0,0,19-APR-2021,
OPTSTK,DRREDDY,27-May-2021,5450,PE,0,0,0,991.05,540.55,0,0,0,0,19-APR-2021,
OPTSTK,DRREDDY,27-May-2021,5500,PE,0,0,0,1034.25,580.55,0,0,0,0,19-APR-2021,
OPTSTK,DRREDDY,27-May-2021,5550,PE,0,0,0,1077.95,621.5,0,0,0,0,19-APR-2021,
OPTSTK,DRREDDY,27-May-2021,5600,PE,0,0,0,1122.15,663.45,0,0,0,0,19-APR-2021,
OPTSTK,DRREDDY,27-May-2021,5650,PE,0,0,0,1166.75,706.3,0,0,0,0,19-APR-2021,
OPTSTK,DRREDDY,27-May-2021,5700,PE,0,0,0,1211.75,749.9,0,0,0,0,19-APR-2021,
OPTSTK,DRREDDY,27-May-2021,5750,PE,0,0,0,1257.15,794.25,0,0,0,0,19-APR-2021,
OPTSTK,DRREDDY,27-May-2021,5800,PE,0,0,0,1302.9,839.25,0,0,0,0,19-APR-2021,
OPTSTK,DRREDDY,27-May-2021,5850,PE,0,0,0,1348.95,884.85,0,0,0,0,19-APR-2021,
OPTSTK,DRREDDY,27-May-2021,5900,PE,0,0,0,1395.3,930.95,0,0,0,0,19-APR-2021,
OPTSTK,DRREDDY,27-May-2021,5950,PE,0,0,0,1441.95,977.55,0,0,0,0,19-APR-2021,
OPTSTK,DRREDDY,27-May-2021,6000,PE,0,0,0,1488.85,1024.55,0,0,0,0,19-APR-2021,
OPTSTK,DRREDDY,27-May-2021,6050,PE,0,0,0,1536,1071.95,0,0,0,0,19-APR-2021,
OPTSTK,DRREDDY,27-May-2021,6100,PE,0,0,0,1583.35,1119.7,0,0,0,0,19-APR-2021,
OPTSTK,DRREDDY,27-May-2021,6150,PE,0,0,0,1630.9,1167.7,0,0,0,0,19-APR-2021,
OPTSTK,DRREDDY,27-May-2021,6200,PE,0,0,0,1678.6,1215.95,0,0,0,0,19-APR-2021,
OPTSTK,DRREDDY,27-May-2021,6250,PE,0,0,0,1726.5,1264.45,0,0,0,0,19-APR-2021,
OPTSTK,DRREDDY,27-May-2021,6300,PE,0,0,0,1774.55,1313.15,0,0,0,0,19-APR-2021,
OPTSTK,DRREDDY,27-May-2021,6350,PE,0,0,0,1822.75,1362,0,0,0,0,19-APR-2021,
OPTSTK,DRREDDY,27-May-2021,6400,PE,0,0,0,1871.1,1411,0,0,0,0,19-APR-2021,
OPTSTK,DRREDDY,24-Jun-2021,3200,CE,0,0,0,1220.3,1790.2,0,0,0,0,19-APR-2021,
OPTSTK,DRREDDY,24-Jun-2021,3250,CE,0,0,0,1173.2,1740.7,0,0,0,0,19-APR-2021,
OPTSTK,DRREDDY,24-Jun-2021,3300,CE,0,0,0,1126.55,1691.25,0,0,0,0,19-APR-2021,
OPTSTK,DRREDDY,24-Jun-2021,3350,CE,0,0,0,1080.45,1641.85,0,0,0,0,19-APR-2021,
OPTSTK,DRREDDY,24-Jun-2021,3400,CE,0,0,0,1034.9,1592.55,0,0,0,0,19-APR-2021,
OPTSTK,DRREDDY,24-Jun-2021,3450,CE,0,0,0,990,1543.3,0,0,0,0,19-APR-2021,
OPTSTK,DRREDDY,24-Jun-2021,3500,CE,0,0,0,945.75,1494.25,0,0,0,0,19-APR-2021,
OPTSTK,DRREDDY,24-Jun-2021,3550,CE,0,0,0,902.3,1445.3,0,0,0,0,19-APR-2021,
OPTSTK,DRREDDY,24-Jun-2021,3600,CE,0,0,0,859.7,1396.6,0,0,0,0,19-APR-2021,
OPTSTK,DRREDDY,24-Jun-2021,3650,CE,0,0,0,817.9,1348.05,0,0,0,0,19-APR-2021,
OPTSTK,DRREDDY,24-Jun-2021,3700,CE,0,0,0,777.1,1299.8,0,0,0,0,19-APR-2021,
OPTSTK,DRREDDY,24-Jun-2021,3750,CE,0,0,0,737.25,1251.9,0,0,0,0,19-APR-2021,
OPTSTK,DRREDDY,24-Jun-2021,3800,CE,0,0,0,698.45,1204.3,0,0,0,0,19-APR-2021,
OPTSTK,DRREDDY,24-Jun-2021,3850,CE,0,0,0,660.7,1157.1,0,0,0,0,19-APR-2021,
OPTSTK,DRREDDY,24-Jun-2021,3900,CE,0,0,0,624.25,1110.35,0,0,0,0,19-APR-2021,
OPTSTK,DRREDDY,24-Jun-2021,3950,CE,0,0,0,588.75,1064.15,0,0,0,0,19-APR-2021,
OPTSTK,DRREDDY,24-Jun-2021,4000,CE,0,0,0,554.35,1018.5,0,0,0,0,19-APR-2021,
OPTSTK,DRREDDY,24-Jun-2021,4050,CE,0,0,0,521.35,973.45,0,0,0,0,19-APR-2021,
OPTSTK,DRREDDY,24-Jun-2021,4100,CE,0,0,0,489.6,929.15,0,0,0,0,19-APR-2021,
OPTSTK,DRREDDY,24-Jun-2021,4150,CE,0,0,0,459.1,885.55,0,0,0,0,19-APR-2021,
OPTSTK,DRREDDY,24-Jun-2021,4200,CE,0,0,0,429.9,842.8,0,0,0,0,19-APR-2021,
OPTSTK,DRREDDY,24-Jun-2021,4250,CE,0,0,0,401.95,800.9,0,0,0,0,19-APR-2021,
OPTSTK,DRREDDY,24-Jun-2021,4300,CE,0,0,0,375.3,759.95,0,0,0,0,19-APR-2021,
OPTSTK,DRREDDY,24-Jun-2021,4350,CE,0,0,0,349.85,720,0,0,0,0,19-APR-2021,
OPTSTK,DRREDDY,24-Jun-2021,4400,CE,0,0,0,325.75,681.05,0,0,0,0,19-APR-2021,
OPTSTK,DRREDDY,24-Jun-2021,4450,CE,0,0,0,302.85,643.25,0,0,0,0,19-APR-2021,
OPTSTK,DRREDDY,24-Jun-2021,4500,CE,0,0,0,281.15,606.7,0,0,0,0,19-APR-2021,
OPTSTK,DRREDDY,24-Jun-2021,4550,CE,0,0,0,260.65,571.15,0,0,0,0,19-APR-2021,
OPTSTK,DRREDDY,24-Jun-2021,4600,CE,0,0,0,241.3,536.65,0,0,0,0,19-APR-2021,
OPTSTK,DRREDDY,24-Jun-2021,4650,CE,0,0,0,223.15,503.6,0,0,0,0,19-APR-2021,
OPTSTK,DRREDDY,24-Jun-2021,4700,CE,0,0,0,206.05,471.8,0,0,0,0,19-APR-2021,
OPTSTK,DRREDDY,24-Jun-2021,4750,CE,0,0,0,190,441.35,0,0,0,0,19-APR-2021,
OPTSTK,DRREDDY,24-Jun-2021,4800,CE,0,0,0,174.95,412.15,0,0,0,0,19-APR-2021,
OPTSTK,DRREDDY,24-Jun-2021,4850,CE,0,0,0,160.95,384.3,0,0,0,0,19-APR-2021,
OPTSTK,DRREDDY,24-Jun-2021,4900,CE,0,0,0,147.85,357.7,0,0,0,0,19-APR-2021,
OPTSTK,DRREDDY,24-Jun-2021,4950,CE,0,0,0,135.9,332.4,0,0,0,0,19-APR-2021,
OPTSTK,DRREDDY,24-Jun-2021,5000,CE,0,0,0,258.3,308.45,0,0,250,0,19-APR-2021,
OPTSTK,DRREDDY,24-Jun-2021,5050,CE,0,0,0,114.1,285.7,0,0,0,0,19-APR-2021,
OPTSTK,DRREDDY,24-Jun-2021,5100,CE,0,0,0,104.2,264.25,0,0,0,0,19-APR-2021,
OPTSTK,DRREDDY,24-Jun-2021,5150,CE,0,0,0,95.15,244,0,0,0,0,19-APR-2021,
OPTSTK,DRREDDY,24-Jun-2021,5200,CE,0,0,0,86.8,225,0,0,0,0,19-APR-2021,
OPTSTK,DRREDDY,24-Jun-2021,5250,CE,0,0,0,79.1,207.1,0,0,0,0,19-APR-2021,
OPTSTK,DRREDDY,24-Jun-2021,5300,CE,0,0,0,72.05,190.35,0,0,0,0,19-APR-2021,
OPTSTK,DRREDDY,24-Jun-2021,5350,CE,0,0,0,65.5,174.7,0,0,0,0,19-APR-2021,
OPTSTK,DRREDDY,24-Jun-2021,5400,CE,0,0,0,59.5,160.05,0,0,0,0,19-APR-2021,
OPTSTK,DRREDDY,24-Jun-2021,5450,CE,0,0,0,54,146.45,0,0,0,0,19-APR-2021,
OPTSTK,DRREDDY,24-Jun-2021,5500,CE,0,0,0,48.95,134.05,0,0,0,0,19-APR-2021,
OPTSTK,DRREDDY,24-Jun-2021,5550,CE,0,0,0,44.35,122.35,0,0,0,0,19-APR-2021,
OPTSTK,DRREDDY,24-Jun-2021,5600,CE,0,0,0,40.1,111.55,0,0,0,0,19-APR-2021,
OPTSTK,DRREDDY,24-Jun-2021,5650,CE,0,0,0,36.25,101.3,0,0,0,0,19-APR-2021,
OPTSTK,DRREDDY,24-Jun-2021,5700,CE,0,0,0,32.75,92.05,0,0,0,0,19-APR-2021,
OPTSTK,DRREDDY,24-Jun-2021,5750,CE,0,0,0,29.55,83.5,0,0,0,0,19-APR-2021,
OPTSTK,DRREDDY,24-Jun-2021,5800,CE,0,0,0,26.65,75.65,0,0,0,0,19-APR-2021,
OPTSTK,DRREDDY,24-Jun-2021,5850,CE,0,0,0,24,68.45,0,0,0,0,19-APR-2021,
OPTSTK,DRREDDY,24-Jun-2021,5900,CE,0,0,0,21.6,61.85,0,0,0,0,19-APR-2021,
OPTSTK,DRREDDY,24-Jun-2021,5950,CE,0,0,0,19.4,55.85,0,0,0,0,19-APR-2021,
OPTSTK,DRREDDY,24-Jun-2021,6000,CE,0,0,0,17.45,50.35,0,0,0,0,19-APR-2021,
OPTSTK,DRREDDY,24-Jun-2021,6050,CE,0,0,0,15.65,45.3,0,0,0,0,19-APR-2021,
OPTSTK,DRREDDY,24-Jun-2021,6100,CE,0,0,0,14.05,40.75,0,0,0,0,19-APR-2021,
OPTSTK,DRREDDY,24-Jun-2021,6150,CE,0,0,0,12.6,36.55,0,0,0,0,19-APR-2021,
OPTSTK,DRREDDY,24-Jun-2021,6200,CE,0,0,0,11.25,32.8,0,0,0,0,19-APR-2021,
OPTSTK,DRREDDY,24-Jun-2021,3200,PE,0,0,0,9.95,0.4,0,0,0,0,19-APR-2021,
OPTSTK,DRREDDY,24-Jun-2021,3250,PE,0,0,0,12.4,0.55,0,0,0,0,19-APR-2021,
OPTSTK,DRREDDY,24-Jun-2021,3300,PE,0,0,0,15.3,0.75,0,0,0,0,19-APR-2021,
OPTSTK,DRREDDY,24-Jun-2021,3350,PE,0,0,0,18.7,1,0,0,0,0,19-APR-2021,
OPTSTK,DRREDDY,24-Jun-2021,3400,PE,0,0,0,22.7,1.35,0,0,0,0,19-APR-2021,
OPTSTK,DRREDDY,24-Jun-2021,3450,PE,0,0,0,27.35,1.8,0,0,0,0,19-APR-2021,
OPTSTK,DRREDDY,24-Jun-2021,3500,PE,0,0,0,32.65,2.4,0,0,0,0,19-APR-2021,
OPTSTK,DRREDDY,24-Jun-2021,3550,PE,0,0,0,38.75,3.15,0,0,0,0,19-APR-2021,
OPTSTK,DRREDDY,24-Jun-2021,3600,PE,0,0,0,45.65,4.05,0,0,0,0,19-APR-2021,
OPTSTK,DRREDDY,24-Jun-2021,3650,PE,0,0,0,53.4,5.2,0,0,0,0,19-APR-2021,
OPTSTK,DRREDDY,24-Jun-2021,3700,PE,0,0,0,62.1,6.6,0,0,0,0,19-APR-2021,
OPTSTK,DRREDDY,24-Jun-2021,3750,PE,0,0,0,71.8,8.35,0,0,0,0,19-APR-2021,
OPTSTK,DRREDDY,24-Jun-2021,3800,PE,0,0,0,82.55,10.4,0,0,0,0,19-APR-2021,
OPTSTK,DRREDDY,24-Jun-2021,3850,PE,0,0,0,94.35,12.85,0,0,0,0,19-APR-2021,
OPTSTK,DRREDDY,24-Jun-2021,3900,PE,0,0,0,39.95,15.8,0,0,125,0,19-APR-2021,
OPTSTK,DRREDDY,24-Jun-2021,3950,PE,0,0,0,121.45,19.25,0,0,0,0,19-APR-2021,
OPTSTK,DRREDDY,24-Jun-2021,4000,PE,31.1,31.1,31.1,31.1,23.25,1,5.03,250,0,19-APR-2021,
OPTSTK,DRREDDY,24-Jun-2021,4050,PE,0,0,0,153.1,27.9,0,0,0,0,19-APR-2021,
OPTSTK,DRREDDY,24-Jun-2021,4100,PE,0,0,0,170.9,33.2,0,0,0,0,19-APR-2021,
OPTSTK,DRREDDY,24-Jun-2021,4150,PE,0,0,0,189.95,39.3,0,0,0,0,19-APR-2021,
OPTSTK,DRREDDY,24-Jun-2021,4200,PE,0,0,0,210.25,46.2,0,0,0,0,19-APR-2021,
OPTSTK,DRREDDY,24-Jun-2021,4250,PE,0,0,0,231.85,54,0,0,0,0,19-APR-2021,
OPTSTK,DRREDDY,24-Jun-2021,4300,PE,0,0,0,254.7,62.7,0,0,0,0,19-APR-2021,
OPTSTK,DRREDDY,24-Jun-2021,4350,PE,0,0,0,278.85,72.4,0,0,0,0,19-APR-2021,
OPTSTK,DRREDDY,24-Jun-2021,4400,PE,0,0,0,304.25,83.15,0,0,0,0,19-APR-2021,
OPTSTK,DRREDDY,24-Jun-2021,4450,PE,0,0,0,330.85,94.95,0,0,0,0,19-APR-2021,
OPTSTK,DRREDDY,24-Jun-2021,4500,PE,0,0,0,358.7,108.1,0,0,0,0,19-APR-2021,
OPTSTK,DRREDDY,24-Jun-2021,4550,PE,0,0,0,387.75,122.2,0,0,0,0,19-APR-2021,
OPTSTK,DRREDDY,24-Jun-2021,4600,PE,0,0,0,417.95,137.35,0,0,0,0,19-APR-2021,
OPTSTK,DRREDDY,24-Jun-2021,4650,PE,0,0,0,449.3,153.95,0,0,0,0,19-APR-2021,
OPTSTK,DRREDDY,24-Jun-2021,4700,PE,0,0,0,481.75,171.85,0,0,0,0,19-APR-2021,
OPTSTK,DRREDDY,24-Jun-2021,4750,PE,0,0,0,515.25,191.05,0,0,0,0,19-APR-2021,
OPTSTK,DRREDDY,24-Jun-2021,4800,PE,0,0,0,549.75,211.5,0,0,0,0,19-APR-2021,
OPTSTK,DRREDDY,24-Jun-2021,4850,PE,0,0,0,585.25,233.3,0,0,0,0,19-APR-2021,
OPTSTK,DRREDDY,24-Jun-2021,4900,PE,0,0,0,621.7,256.4,0,0,0,0,19-APR-2021,
OPTSTK,DRREDDY,24-Jun-2021,4950,PE,0,0,0,659.25,280.75,0,0,0,0,19-APR-2021,
OPTSTK,DRREDDY,24-Jun-2021,5000,PE,0,0,0,697.5,306.45,0,0,0,0,19-APR-2021,
OPTSTK,DRREDDY,24-Jun-2021,5050,PE,0,0,0,736.55,333.4,0,0,0,0,19-APR-2021,
OPTSTK,DRREDDY,24-Jun-2021,5100,PE,0,0,0,776.2,361.6,0,0,0,0,19-APR-2021,
OPTSTK,DRREDDY,24-Jun-2021,5150,PE,0,0,0,816.7,391,0,0,0,0,19-APR-2021,
OPTSTK,DRREDDY,24-Jun-2021,5200,PE,0,0,0,857.9,421.65,0,0,0,0,19-APR-2021,
OPTSTK,DRREDDY,24-Jun-2021,5250,PE,0,0,0,899.7,453.4,0,0,0,0,19-APR-2021,
OPTSTK,DRREDDY,24-Jun-2021,5300,PE,0,0,0,942.15,486.35,0,0,0,0,19-APR-2021,
OPTSTK,DRREDDY,24-Jun-2021,5350,PE,0,0,0,985.15,520.35,0,0,0,0,19-APR-2021,
OPTSTK,DRREDDY,24-Jun-2021,5400,PE,0,0,0,1028.7,555.35,0,0,0,0,19-APR-2021,
OPTSTK,DRREDDY,24-Jun-2021,5450,PE,0,0,0,1072.75,591.4,0,0,0,0,19-APR-2021,
OPTSTK,DRREDDY,24-Jun-2021,5500,PE,0,0,0,1117.2,628.65,0,0,0,0,19-APR-2021,
OPTSTK,DRREDDY,24-Jun-2021,5550,PE,0,0,0,1162.15,666.65,0,0,0,0,19-APR-2021,
OPTSTK,DRREDDY,24-Jun-2021,5600,PE,0,0,0,1207.45,705.5,0,0,0,0,19-APR-2021,
OPTSTK,DRREDDY,24-Jun-2021,5650,PE,0,0,0,1253.1,744.9,0,0,0,0,19-APR-2021,
OPTSTK,DRREDDY,24-Jun-2021,5700,PE,0,0,0,1299.15,785.3,0,0,0,0,19-APR-2021,
OPTSTK,DRREDDY,24-Jun-2021,5750,PE,0,0,0,1345.5,826.45,0,0,0,0,19-APR-2021,
OPTSTK,DRREDDY,24-Jun-2021,5800,PE,0,0,0,1392.1,868.25,0,0,0,0,19-APR-2021,
OPTSTK,DRREDDY,24-Jun-2021,5850,PE,0,0,0,1439,910.75,0,0,0,0,19-APR-2021,
OPTSTK,DRREDDY,24-Jun-2021,5900,PE,0,0,0,1486.15,953.8,0,0,0,0,19-APR-2021,
OPTSTK,DRREDDY,24-Jun-2021,5950,PE,0,0,0,1533.5,997.45,0,0,0,0,19-APR-2021,
OPTSTK,DRREDDY,24-Jun-2021,6000,PE,0,0,0,1581.05,1041.6,0,0,0,0,19-APR-2021,
OPTSTK,DRREDDY,24-Jun-2021,6050,PE,0,0,0,1628.8,1086.2,0,0,0,0,19-APR-2021,
OPTSTK,DRREDDY,24-Jun-2021,6100,PE,0,0,0,1676.7,1131.3,0,0,0,0,19-APR-2021,
OPTSTK,DRREDDY,24-Jun-2021,6150,PE,0,0,0,1724.8,1176.8,0,0,0,0,19-APR-2021,
OPTSTK,DRREDDY,24-Jun-2021,6200,PE,0,0,0,1773.05,1222.7,0,0,0,0,19-APR-2021,
OPTSTK,EICHERMOT,29-Apr-2021,1800,CE,0,0,0,890,572.2,0,0,350,0,19-APR-2021,
OPTSTK,EICHERMOT,29-Apr-2021,1850,CE,0,0,0,974.7,522.3,0,0,0,0,19-APR-2021,
OPTSTK,EICHERMOT,29-Apr-2021,1900,CE,0,0,0,928.1,472.4,0,0,0,0,19-APR-2021,
OPTSTK,EICHERMOT,29-Apr-2021,1950,CE,0,0,0,882.2,422.6,0,0,0,0,19-APR-2021,
OPTSTK,EICHERMOT,29-Apr-2021,2000,CE,0,0,0,396,373.15,0,0,350,0,19-APR-2021,
OPTSTK,EICHERMOT,29-Apr-2021,2050,CE,0,0,0,792.8,324.25,0,0,0,0,19-APR-2021,
OPTSTK,EICHERMOT,29-Apr-2021,2100,CE,0,0,0,749.5,276.45,0,0,0,0,19-APR-2021,
OPTSTK,EICHERMOT,29-Apr-2021,2150,CE,0,0,0,707.3,230.55,0,0,0,0,19-APR-2021,
OPTSTK,EICHERMOT,29-Apr-2021,2200,CE,187.3,187.3,187.3,187.3,187.4,1,8.35,700,350,19-APR-2021,
OPTSTK,EICHERMOT,29-Apr-2021,2250,CE,0,0,0,626.3,148.05,0,0,0,0,19-APR-2021,
OPTSTK,EICHERMOT,29-Apr-2021,2300,CE,95,110.6,95,110.6,110.6,3,25.22,700,350,19-APR-2021,
OPTSTK,EICHERMOT,29-Apr-2021,2350,CE,61.5,72,61.5,70.4,70.4,10,84.64,2800,1400,19-APR-2021,
OPTSTK,EICHERMOT,29-Apr-2021,2400,CE,53,53,31.35,47.1,47.1,464,3967.37,54250,10150,19-APR-2021,
OPTSTK,EICHERMOT,29-Apr-2021,2450,CE,23.55,32.7,18.45,28.75,28.75,306,2652.13,31150,12250,19-APR-2021,
OPTSTK,EICHERMOT,29-Apr-2021,2500,CE,13.6,20,12.45,17.6,17.6,692,6093.95,91350,8750,19-APR-2021,
OPTSTK,EICHERMOT,29-Apr-2021,2550,CE,5.65,16.35,5.65,10.6,10.6,187,1675.45,49350,1050,19-APR-2021,
OPTSTK,EICHERMOT,29-Apr-2021,2600,CE,8,9.95,4.1,6.4,6.4,429,3912.87,141050,-10850,19-APR-2021,
OPTSTK,EICHERMOT,29-Apr-2021,2650,CE,4.1,5.2,3.8,4.4,4.4,110,1021.85,64750,-4900,19-APR-2021,
OPTSTK,EICHERMOT,29-Apr-2021,2700,CE,5.65,5.65,2.7,3.6,3.6,145,1371.95,104300,-7700,19-APR-2021,
OPTSTK,EICHERMOT,29-Apr-2021,2750,CE,2.8,3.1,2.55,3,3,14,134.88,27300,-350,19-APR-2021,
OPTSTK,EICHERMOT,29-Apr-2021,2800,CE,3.55,3.55,2,2.15,2.15,61,598.28,49700,-4200,19-APR-2021,
OPTSTK,EICHERMOT,29-Apr-2021,2850,CE,1.25,2.15,1.2,1.3,0.55,5,49.9,11200,-350,19-APR-2021,
OPTSTK,EICHERMOT,29-Apr-2021,2900,CE,2,2,1.15,1.15,1.15,13,132.01,32200,-2450,19-APR-2021,
OPTSTK,EICHERMOT,29-Apr-2021,2950,CE,2.45,2.45,2.45,2.45,0.15,1,10.33,1750,0,19-APR-2021,
OPTSTK,EICHERMOT,29-Apr-2021,3000,CE,1.2,1.3,1.1,1.3,1.3,16,168.06,50400,-4550,19-APR-2021,
OPTSTK,EICHERMOT,29-Apr-2021,3050,CE,0,0,0,1.05,0.05,0,0,350,0,19-APR-2021,
OPTSTK,EICHERMOT,29-Apr-2021,3100,CE,0.2,1.45,0.2,1.45,0.05,3,32.55,12600,-350,19-APR-2021,
OPTSTK,EICHERMOT,29-Apr-2021,3150,CE,0,0,0,153.35,0.05,0,0,0,0,19-APR-2021,
OPTSTK,EICHERMOT,29-Apr-2021,3200,CE,0,0,0,1.8,0,0,0,19600,0,19-APR-2021,
OPTSTK,EICHERMOT,29-Apr-2021,3250,CE,0,0,0,127.45,0,0,0,0,0,19-APR-2021,
OPTSTK,EICHERMOT,29-Apr-2021,3300,CE,0,0,0,115.95,0,0,0,0,0,19-APR-2021,
OPTSTK,EICHERMOT,29-Apr-2021,3350,CE,0,0,0,105.4,0,0,0,0,0,19-APR-2021,
OPTSTK,EICHERMOT,29-Apr-2021,3400,CE,0,0,0,95.7,0,0,0,0,0,19-APR-2021,
OPTSTK,EICHERMOT,29-Apr-2021,3450,CE,0,0,0,86.65,0,0,0,0,0,19-APR-2021,
OPTSTK,EICHERMOT,29-Apr-2021,1800,PE,0,0,0,3.5,0.05,0,0,350,0,19-APR-2021,
OPTSTK,EICHERMOT,29-Apr-2021,1850,PE,0,0,0,9.15,0.05,0,0,0,0,19-APR-2021,
OPTSTK,EICHERMOT,29-Apr-2021,1900,PE,0,0,0,12.05,0.1,0,0,0,0,19-APR-2021,
OPTSTK,EICHERMOT,29-Apr-2021,1950,PE,0,0,0,15.7,0.3,0,0,0,0,19-APR-2021,
OPTSTK,EICHERMOT,29-Apr-2021,2000,PE,1.5,3.5,1.5,3.35,3.35,13,91.14,7000,700,19-APR-2021,
OPTSTK,EICHERMOT,29-Apr-2021,2050,PE,0,0,0,25.4,1.8,0,0,0,0,19-APR-2021,
OPTSTK,EICHERMOT,29-Apr-2021,2100,PE,6.5,7.8,5,5.85,5.85,74,545.48,14000,4200,19-APR-2021,
OPTSTK,EICHERMOT,29-Apr-2021,2150,PE,10.65,10.65,7.35,8.35,8.35,58,438.22,14000,14000,19-APR-2021,
OPTSTK,EICHERMOT,29-Apr-2021,2200,PE,16.5,20.95,11,12.15,12.15,294,2279.86,49000,12250,19-APR-2021,
OPTSTK,EICHERMOT,29-Apr-2021,2250,PE,29,29.95,16,19.6,19.6,33,262.38,18900,700,19-APR-2021,
OPTSTK,EICHERMOT,29-Apr-2021,2300,PE,37.65,51.5,25.5,28.8,28.8,344,2814.43,47250,-350,19-APR-2021,
OPTSTK,EICHERMOT,29-Apr-2021,2350,PE,53.9,75,34.8,44.65,44.65,221,1861.91,31150,-5950,19-APR-2021,
OPTSTK,EICHERMOT,29-Apr-2021,2400,PE,77,109,59.7,62.85,62.85,165,1434.88,46900,-11900,19-APR-2021,
OPTSTK,EICHERMOT,29-Apr-2021,2450,PE,73.95,140,73.95,112.95,118.25,12,108.15,18900,-1050,19-APR-2021,
OPTSTK,EICHERMOT,29-Apr-2021,2500,PE,177.35,189.9,132.5,138.1,138.1,13,120.99,51450,-2800,19-APR-2021,
OPTSTK,EICHERMOT,29-Apr-2021,2550,PE,302.45,302.45,197.45,224.1,194.45,3,29.3,11550,-350,19-APR-2021,
OPTSTK,EICHERMOT,29-Apr-2021,2600,PE,239,289.4,218,220.2,220.2,8,79.46,26250,-1050,19-APR-2021,
OPTSTK,EICHERMOT,29-Apr-2021,2650,PE,0,0,0,170.65,283.3,0,0,5600,0,19-APR-2021,
OPTSTK,EICHERMOT,29-Apr-2021,2700,PE,0,0,0,284.7,330.55,0,0,5250,0,19-APR-2021,
OPTSTK,EICHERMOT,29-Apr-2021,2750,PE,0,0,0,240,378.85,0,0,1050,0,19-APR-2021,
OPTSTK,EICHERMOT,29-Apr-2021,2800,PE,0,0,0,210,427.9,0,0,350,0,19-APR-2021,
OPTSTK,EICHERMOT,29-Apr-2021,2850,PE,0,0,0,284.8,477.3,0,0,0,0,19-APR-2021,
OPTSTK,EICHERMOT,29-Apr-2021,2900,PE,0,0,0,230,527,0,0,350,0,19-APR-2021,
OPTSTK,EICHERMOT,29-Apr-2021,2950,PE,0,0,0,343.35,576.8,0,0,0,0,19-APR-2021,
OPTSTK,EICHERMOT,29-Apr-2021,3000,PE,0,0,0,330,626.7,0,0,700,0,19-APR-2021,
OPTSTK,EICHERMOT,29-Apr-2021,3050,PE,0,0,0,407.15,676.6,0,0,0,0,19-APR-2021,
OPTSTK,EICHERMOT,29-Apr-2021,3100,PE,0,0,0,440.85,726.55,0,0,0,0,19-APR-2021,
OPTSTK,EICHERMOT,29-Apr-2021,3150,PE,0,0,0,475.75,776.5,0,0,0,0,19-APR-2021,
OPTSTK,EICHERMOT,29-Apr-2021,3200,PE,0,0,0,511.75,826.45,0,0,0,0,19-APR-2021,
OPTSTK,EICHERMOT,29-Apr-2021,3250,PE,0,0,0,548.95,876.4,0,0,0,0,19-APR-2021,
OPTSTK,EICHERMOT,29-Apr-2021,3300,PE,0,0,0,587,926.35,0,0,0,0,19-APR-2021,
OPTSTK,EICHERMOT,29-Apr-2021,3350,PE,0,0,0,625.95,976.3,0,0,0,0,19-APR-2021,
OPTSTK,EICHERMOT,29-Apr-2021,3400,PE,0,0,0,665.75,1026.25,0,0,0,0,19-APR-2021,
OPTSTK,EICHERMOT,29-Apr-2021,3450,PE,0,0,0,706.25,1076.2,0,0,0,0,19-APR-2021,
OPTSTK,EICHERMOT,27-May-2021,1800,CE,0,0,0,783.2,581.05,0,0,0,0,19-APR-2021,
OPTSTK,EICHERMOT,27-May-2021,1850,CE,0,0,0,738.2,533.4,0,0,0,0,19-APR-2021,
OPTSTK,EICHERMOT,27-May-2021,1900,CE,0,0,0,694.2,486.75,0,0,0,0,19-APR-2021,
OPTSTK,EICHERMOT,27-May-2021,1950,CE,0,0,0,651.35,441.4,0,0,0,0,19-APR-2021,
OPTSTK,EICHERMOT,27-May-2021,2000,CE,0,0,0,609.65,397.55,0,0,0,0,19-APR-2021,
OPTSTK,EICHERMOT,27-May-2021,2050,CE,0,0,0,569.3,355.5,0,0,0,0,19-APR-2021,
OPTSTK,EICHERMOT,27-May-2021,2100,CE,0,0,0,530.4,315.6,0,0,0,0,19-APR-2021,
OPTSTK,EICHERMOT,27-May-2021,2150,CE,0,0,0,493.05,278.1,0,0,0,0,19-APR-2021,
OPTSTK,EICHERMOT,27-May-2021,2200,CE,0,0,0,457.15,243,0,0,0,0,19-APR-2021,
OPTSTK,EICHERMOT,27-May-2021,2250,CE,0,0,0,422.9,210.8,0,0,0,0,19-APR-2021,
OPTSTK,EICHERMOT,27-May-2021,2300,CE,0,0,0,390.25,181.4,0,0,0,0,19-APR-2021,
OPTSTK,EICHERMOT,27-May-2021,2350,CE,0,0,0,359.4,154.85,0,0,0,0,19-APR-2021,
OPTSTK,EICHERMOT,27-May-2021,2400,CE,0,0,0,126.6,131.15,0,0,350,0,19-APR-2021,
OPTSTK,EICHERMOT,27-May-2021,2450,CE,0,0,0,99.9,110.2,0,0,350,0,19-APR-2021,
OPTSTK,EICHERMOT,27-May-2021,2500,CE,60,95.2,60,63.95,63.95,12,107.98,5950,1050,19-APR-2021,
OPTSTK,EICHERMOT,27-May-2021,2550,CE,53,53,53,53,76.05,1,9.11,350,350,19-APR-2021,
OPTSTK,EICHERMOT,27-May-2021,2600,CE,68,68,68,68,62.6,1,9.33,350,350,19-APR-2021,
OPTSTK,EICHERMOT,27-May-2021,2650,CE,0,0,0,209.6,51.1,0,0,0,0,19-APR-2021,
OPTSTK,EICHERMOT,27-May-2021,2700,CE,0,0,0,45,41.35,0,0,2100,0,19-APR-2021,
OPTSTK,EICHERMOT,27-May-2021,2750,CE,0,0,0,172.4,33.25,0,0,0,0,19-APR-2021,
OPTSTK,EICHERMOT,27-May-2021,2800,CE,17,18,15,18,26.55,6,59.15,2100,1400,19-APR-2021,
OPTSTK,EICHERMOT,27-May-2021,2850,CE,0,0,0,140.75,21.1,0,0,0,0,19-APR-2021,
OPTSTK,EICHERMOT,27-May-2021,2900,CE,0,0,0,21,16.65,0,0,350,0,19-APR-2021,
OPTSTK,EICHERMOT,27-May-2021,2950,CE,0,0,0,114.25,13.05,0,0,0,0,19-APR-2021,
OPTSTK,EICHERMOT,27-May-2021,3000,CE,7,7.75,7,7.75,7.75,4,42.1,14350,1050,19-APR-2021,
OPTSTK,EICHERMOT,27-May-2021,3050,CE,0,0,0,92.2,7.9,0,0,0,0,19-APR-2021,
OPTSTK,EICHERMOT,27-May-2021,3100,CE,0,0,0,82.6,6.1,0,0,0,0,19-APR-2021,
OPTSTK,EICHERMOT,27-May-2021,3150,CE,0,0,0,73.85,4.65,0,0,0,0,19-APR-2021,
OPTSTK,EICHERMOT,27-May-2021,3200,CE,0,0,0,65.95,3.55,0,0,0,0,19-APR-2021,
OPTSTK,EICHERMOT,27-May-2021,3250,CE,0,0,0,58.85,2.7,0,0,0,0,19-APR-2021,
OPTSTK,EICHERMOT,27-May-2021,3300,CE,0,0,0,52.45,2.05,0,0,0,0,19-APR-2021,
OPTSTK,EICHERMOT,27-May-2021,3350,CE,0,0,0,46.7,1.55,0,0,0,0,19-APR-2021,
OPTSTK,EICHERMOT,27-May-2021,3400,CE,0,0,0,41.5,1.15,0,0,0,0,19-APR-2021,
OPTSTK,EICHERMOT,27-May-2021,3450,CE,0,0,0,36.9,0.9,0,0,0,0,19-APR-2021,
OPTSTK,EICHERMOT,27-May-2021,1800,PE,0,0,0,14.5,3.6,0,0,0,0,19-APR-2021,
OPTSTK,EICHERMOT,27-May-2021,1850,PE,0,0,0,19.05,5.8,0,0,0,0,19-APR-2021,
OPTSTK,EICHERMOT,27-May-2021,1900,PE,0,0,0,24.6,8.95,0,0,0,0,19-APR-2021,
OPTSTK,EICHERMOT,27-May-2021,1950,PE,0,0,0,31.25,13.4,0,0,0,0,19-APR-2021,
OPTSTK,EICHERMOT,27-May-2021,2000,PE,0,0,0,39.1,19.35,0,0,0,0,19-APR-2021,
OPTSTK,EICHERMOT,27-May-2021,2050,PE,0,0,0,48.3,27.1,0,0,0,0,19-APR-2021,
OPTSTK,EICHERMOT,27-May-2021,2100,PE,0,0,0,22,37,0,0,350,0,19-APR-2021,
OPTSTK,EICHERMOT,27-May-2021,2150,PE,0,0,0,71.1,49.35,0,0,0,0,19-APR-2021,
OPTSTK,EICHERMOT,27-May-2021,2200,PE,46.95,47,45,46,64.05,6,47.16,7350,1750,19-APR-2021,
OPTSTK,EICHERMOT,27-May-2021,2250,PE,0,0,0,100,81.6,0,0,0,0,19-APR-2021,
OPTSTK,EICHERMOT,27-May-2021,2300,PE,74.6,80,71.05,73.05,73.05,5,41.58,4550,700,19-APR-2021,
OPTSTK,EICHERMOT,27-May-2021,2350,PE,0,0,0,135.55,125.3,0,0,0,0,19-APR-2021,
OPTSTK,EICHERMOT,27-May-2021,2400,PE,0,0,0,90,151.4,0,0,8400,0,19-APR-2021,
OPTSTK,EICHERMOT,27-May-2021,2450,PE,0,0,0,178.05,180.3,0,0,0,0,19-APR-2021,
OPTSTK,EICHERMOT,27-May-2021,2500,PE,0,0,0,135,211.75,0,0,6650,0,19-APR-2021,
OPTSTK,EICHERMOT,27-May-2021,2550,PE,0,0,0,227.3,245.75,0,0,0,0,19-APR-2021,
OPTSTK,EICHERMOT,27-May-2021,2600,PE,0,0,0,254.35,282.05,0,0,0,0,19-APR-2021,
OPTSTK,EICHERMOT,27-May-2021,2650,PE,0,0,0,283,320.4,0,0,0,0,19-APR-2021,
OPTSTK,EICHERMOT,27-May-2021,2700,PE,0,0,0,313.2,360.4,0,0,0,0,19-APR-2021,
OPTSTK,EICHERMOT,27-May-2021,2750,PE,0,0,0,344.85,402.15,0,0,0,0,19-APR-2021,
OPTSTK,EICHERMOT,27-May-2021,2800,PE,0,0,0,377.9,445.25,0,0,0,0,19-APR-2021,
OPTSTK,EICHERMOT,27-May-2021,2850,PE,0,0,0,412.25,489.6,0,0,0,0,19-APR-2021,
OPTSTK,EICHERMOT,27-May-2021,2900,PE,0,0,0,447.9,534.95,0,0,0,0,19-APR-2021,
OPTSTK,EICHERMOT,27-May-2021,2950,PE,0,0,0,484.85,581.15,0,0,0,0,19-APR-2021,
OPTSTK,EICHERMOT,27-May-2021,3000,PE,0,0,0,522.85,628.1,0,0,0,0,19-APR-2021,
OPTSTK,EICHERMOT,27-May-2021,3050,PE,0,0,0,561.85,675.6,0,0,0,0,19-APR-2021,
OPTSTK,EICHERMOT,27-May-2021,3100,PE,0,0,0,601.85,723.6,0,0,0,0,19-APR-2021,
OPTSTK,EICHERMOT,27-May-2021,3150,PE,0,0,0,642.55,772,0,0,0,0,19-APR-2021,
OPTSTK,EICHERMOT,27-May-2021,3200,PE,0,0,0,684.25,820.7,0,0,0,0,19-APR-2021,
OPTSTK,EICHERMOT,27-May-2021,3250,PE,0,0,0,726.65,869.65,0,0,0,0,19-APR-2021,
OPTSTK,EICHERMOT,27-May-2021,3300,PE,0,0,0,769.8,918.8,0,0,0,0,19-APR-2021,
OPTSTK,EICHERMOT,27-May-2021,3350,PE,0,0,0,813.55,968.1,0,0,0,0,19-APR-2021,
OPTSTK,EICHERMOT,27-May-2021,3400,PE,0,0,0,857.95,1017.5,0,0,0,0,19-APR-2021,
OPTSTK,EICHERMOT,27-May-2021,3450,PE,0,0,0,902.8,1067.05,0,0,0,0,19-APR-2021,
OPTSTK,EICHERMOT,24-Jun-2021,1800,CE,0,0,0,808.45,596.15,0,0,0,0,19-APR-2021,
OPTSTK,EICHERMOT,24-Jun-2021,1850,CE,0,0,0,762.7,551.55,0,0,0,0,19-APR-2021,
OPTSTK,EICHERMOT,24-Jun-2021,1900,CE,0,0,0,717.85,508.3,0,0,0,0,19-APR-2021,
OPTSTK,EICHERMOT,24-Jun-2021,1950,CE,0,0,0,674,466.55,0,0,0,0,19-APR-2021,
OPTSTK,EICHERMOT,24-Jun-2021,2000,CE,0,0,0,631.3,426.45,0,0,0,0,19-APR-2021,
OPTSTK,EICHERMOT,24-Jun-2021,2050,CE,0,0,0,589.9,388.2,0,0,0,0,19-APR-2021,
OPTSTK,EICHERMOT,24-Jun-2021,2100,CE,0,0,0,549.8,351.9,0,0,0,0,19-APR-2021,
OPTSTK,EICHERMOT,24-Jun-2021,2150,CE,0,0,0,511.2,317.55,0,0,0,0,19-APR-2021,
OPTSTK,EICHERMOT,24-Jun-2021,2200,CE,0,0,0,474.2,285.45,0,0,0,0,19-APR-2021,
OPTSTK,EICHERMOT,24-Jun-2021,2250,CE,0,0,0,438.7,255.55,0,0,0,0,19-APR-2021,
OPTSTK,EICHERMOT,24-Jun-2021,2300,CE,0,0,0,404.75,227.8,0,0,0,0,19-APR-2021,
OPTSTK,EICHERMOT,24-Jun-2021,2350,CE,0,0,0,372.65,202.25,0,0,0,0,19-APR-2021,
OPTSTK,EICHERMOT,24-Jun-2021,2400,CE,0,0,0,342.3,178.9,0,0,0,0,19-APR-2021,
OPTSTK,EICHERMOT,24-Jun-2021,2450,CE,0,0,0,313.65,157.6,0,0,0,0,19-APR-2021,
OPTSTK,EICHERMOT,24-Jun-2021,2500,CE,0,0,0,286.8,138.3,0,0,0,0,19-APR-2021,
OPTSTK,EICHERMOT,24-Jun-2021,2550,CE,0,0,0,261.6,120.95,0,0,0,0,19-APR-2021,
OPTSTK,EICHERMOT,24-Jun-2021,2600,CE,0,0,0,238.1,105.35,0,0,0,0,19-APR-2021,
OPTSTK,EICHERMOT,24-Jun-2021,2650,CE,0,0,0,216.25,91.45,0,0,0,0,19-APR-2021,
OPTSTK,EICHERMOT,24-Jun-2021,2700,CE,0,0,0,196,79.25,0,0,0,0,19-APR-2021,
OPTSTK,EICHERMOT,24-Jun-2021,2750,CE,0,0,0,177.3,68.4,0,0,0,0,19-APR-2021,
OPTSTK,EICHERMOT,24-Jun-2021,2800,CE,0,0,0,160.05,58.75,0,0,0,0,19-APR-2021,
OPTSTK,EICHERMOT,24-Jun-2021,2850,CE,0,0,0,144.2,50.4,0,0,0,0,19-APR-2021,
OPTSTK,EICHERMOT,24-Jun-2021,2900,CE,0,0,0,129.7,43.05,0,0,0,0,19-APR-2021,
OPTSTK,EICHERMOT,24-Jun-2021,2950,CE,0,0,0,116.45,36.7,0,0,0,0,19-APR-2021,
OPTSTK,EICHERMOT,24-Jun-2021,3000,CE,0,0,0,104.5,31.2,0,0,0,0,19-APR-2021,
OPTSTK,EICHERMOT,24-Jun-2021,3050,CE,0,0,0,93.55,26.45,0,0,0,0,19-APR-2021,
OPTSTK,EICHERMOT,24-Jun-2021,3100,CE,0,0,0,83.6,22.4,0,0,0,0,19-APR-2021,
OPTSTK,EICHERMOT,24-Jun-2021,3150,CE,0,0,0,74.5,18.9,0,0,0,0,19-APR-2021,
OPTSTK,EICHERMOT,24-Jun-2021,3200,CE,0,0,0,66.35,15.9,0,0,0,0,19-APR-2021,
OPTSTK,EICHERMOT,24-Jun-2021,3250,CE,0,0,0,59.05,13.35,0,0,0,0,19-APR-2021,
OPTSTK,EICHERMOT,24-Jun-2021,3300,CE,0,0,0,52.45,11.2,0,0,0,0,19-APR-2021,
OPTSTK,EICHERMOT,24-Jun-2021,3350,CE,0,0,0,46.5,9.35,0,0,0,0,19-APR-2021,
OPTSTK,EICHERMOT,24-Jun-2021,3400,CE,0,0,0,41.2,7.8,0,0,0,0,19-APR-2021,
OPTSTK,EICHERMOT,24-Jun-2021,3450,CE,0,0,0,36.45,6.5,0,0,0,0,19-APR-2021,
OPTSTK,EICHERMOT,24-Jun-2021,1800,PE,0,0,0,11.25,13.55,0,0,0,0,19-APR-2021,
OPTSTK,EICHERMOT,24-Jun-2021,1850,PE,0,0,0,15,18.65,0,0,0,0,19-APR-2021,
OPTSTK,EICHERMOT,24-Jun-2021,1900,PE,0,0,0,19.7,25.05,0,0,0,0,19-APR-2021,
OPTSTK,EICHERMOT,24-Jun-2021,1950,PE,0,0,0,25.4,32.95,0,0,0,0,19-APR-2021,
OPTSTK,EICHERMOT,24-Jun-2021,2000,PE,0,0,0,32.25,42.55,0,0,0,0,19-APR-2021,
OPTSTK,EICHERMOT,24-Jun-2021,2050,PE,0,0,0,40.35,53.95,0,0,0,0,19-APR-2021,
OPTSTK,EICHERMOT,24-Jun-2021,2100,PE,0,0,0,49.8,67.35,0,0,0,0,19-APR-2021,
OPTSTK,EICHERMOT,24-Jun-2021,2150,PE,0,0,0,60.75,82.65,0,0,0,0,19-APR-2021,
OPTSTK,EICHERMOT,24-Jun-2021,2200,PE,0,0,0,73.25,100.2,0,0,0,0,19-APR-2021,
OPTSTK,EICHERMOT,24-Jun-2021,2250,PE,0,0,0,87.3,119.95,0,0,0,0,19-APR-2021,
OPTSTK,EICHERMOT,24-Jun-2021,2300,PE,100,100,100,100,141.85,3,25.2,1400,1050,19-APR-2021,
OPTSTK,EICHERMOT,24-Jun-2021,2350,PE,0,0,0,120.35,166,0,0,0,0,19-APR-2021,
OPTSTK,EICHERMOT,24-Jun-2021,2400,PE,0,0,0,75,192.25,0,0,700,0,19-APR-2021,
OPTSTK,EICHERMOT,24-Jun-2021,2450,PE,0,0,0,160.4,220.65,0,0,0,0,19-APR-2021,
OPTSTK,EICHERMOT,24-Jun-2021,2500,PE,0,0,0,183.05,251,0,0,0,0,19-APR-2021,
OPTSTK,EICHERMOT,24-Jun-2021,2550,PE,0,0,0,207.4,283.3,0,0,0,0,19-APR-2021,
OPTSTK,EICHERMOT,24-Jun-2021,2600,PE,0,0,0,233.45,317.4,0,0,0,0,19-APR-2021,
OPTSTK,EICHERMOT,24-Jun-2021,2650,PE,0,0,0,261.15,353.15,0,0,0,0,19-APR-2021,
OPTSTK,EICHERMOT,24-Jun-2021,2700,PE,0,0,0,290.45,390.65,0,0,0,0,19-APR-2021,
OPTSTK,EICHERMOT,24-Jun-2021,2750,PE,0,0,0,321.25,429.45,0,0,0,0,19-APR-2021,
OPTSTK,EICHERMOT,24-Jun-2021,2800,PE,0,0,0,353.55,469.45,0,0,0,0,19-APR-2021,
OPTSTK,EICHERMOT,24-Jun-2021,2850,PE,0,0,0,387.25,510.75,0,0,0,0,19-APR-2021,
OPTSTK,EICHERMOT,24-Jun-2021,2900,PE,0,0,0,422.25,553.1,0,0,0,0,19-APR-2021,
OPTSTK,EICHERMOT,24-Jun-2021,2950,PE,0,0,0,458.55,596.4,0,0,0,0,19-APR-2021,
OPTSTK,EICHERMOT,24-Jun-2021,3000,PE,0,0,0,496.15,640.55,0,0,0,0,19-APR-2021,
OPTSTK,EICHERMOT,24-Jun-2021,3050,PE,0,0,0,534.7,685.45,0,0,0,0,19-APR-2021,
OPTSTK,EICHERMOT,24-Jun-2021,3100,PE,0,0,0,574.3,731.05,0,0,0,0,19-APR-2021,
OPTSTK,EICHERMOT,24-Jun-2021,3150,PE,0,0,0,614.75,777.2,0,0,0,0,19-APR-2021,
OPTSTK,EICHERMOT,24-Jun-2021,3200,PE,0,0,0,656.15,823.85,0,0,0,0,19-APR-2021,
OPTSTK,EICHERMOT,24-Jun-2021,3250,PE,0,0,0,698.35,871,0,0,0,0,19-APR-2021,
OPTSTK,EICHERMOT,24-Jun-2021,3300,PE,0,0,0,741.25,918.5,0,0,0,0,19-APR-2021,
OPTSTK,EICHERMOT,24-Jun-2021,3350,PE,0,0,0,784.9,966.3,0,0,0,0,19-APR-2021,
OPTSTK,EICHERMOT,24-Jun-2021,3400,PE,0,0,0,829.1,1014.45,0,0,0,0,19-APR-2021,
OPTSTK,EICHERMOT,24-Jun-2021,3450,PE,0,0,0,873.9,1062.8,0,0,0,0,19-APR-2021,
OPTSTK,ESCORTS,29-Apr-2021,860,CE,0,0,0,385.9,361.4,0,0,0,0,19-APR-2021,
OPTSTK,ESCORTS,29-Apr-2021,880,CE,0,0,0,368.8,341.4,0,0,0,0,19-APR-2021,
OPTSTK,ESCORTS,29-Apr-2021,900,CE,0,0,0,382,321.4,0,0,550,0,19-APR-2021,
OPTSTK,ESCORTS,29-Apr-2021,920,CE,0,0,0,335.7,301.45,0,0,0,0,19-APR-2021,
OPTSTK,ESCORTS,29-Apr-2021,940,CE,0,0,0,319.7,281.5,0,0,0,0,19-APR-2021,
OPTSTK,ESCORTS,29-Apr-2021,960,CE,0,0,0,304.2,261.55,0,0,0,0,19-APR-2021,
OPTSTK,ESCORTS,29-Apr-2021,980,CE,0,0,0,289.1,241.7,0,0,0,0,19-APR-2021,
OPTSTK,ESCORTS,29-Apr-2021,1000,CE,0,0,0,274.45,221.9,0,0,0,0,19-APR-2021,
OPTSTK,ESCORTS,29-Apr-2021,1020,CE,0,0,0,260.25,202.25,0,0,0,0,19-APR-2021,
OPTSTK,ESCORTS,29-Apr-2021,1040,CE,0,0,0,246.55,182.85,0,0,0,0,19-APR-2021,
OPTSTK,ESCORTS,29-Apr-2021,1060,CE,0,0,0,233.3,163.8,0,0,0,0,19-APR-2021,
OPTSTK,ESCORTS,29-Apr-2021,1080,CE,0,0,0,220.5,145.25,0,0,0,0,19-APR-2021,
OPTSTK,ESCORTS,29-Apr-2021,1100,CE,124,129,119.7,129,127.4,6,40.45,2750,0,19-APR-2021,
OPTSTK,ESCORTS,29-Apr-2021,1120,CE,0,0,0,196.5,110.35,0,0,0,0,19-APR-2021,
OPTSTK,ESCORTS,29-Apr-2021,1140,CE,0,0,0,78.65,94.4,0,0,0,0,19-APR-2021,
OPTSTK,ESCORTS,29-Apr-2021,1160,CE,0,0,0,72,79.55,0,0,1100,0,19-APR-2021,
OPTSTK,ESCORTS,29-Apr-2021,1180,CE,0,0,0,61.35,66.1,0,0,2200,0,19-APR-2021,
OPTSTK,ESCORTS,29-Apr-2021,1200,CE,35,52.1,30.35,45.75,45.75,262,1793.84,44000,3850,19-APR-2021,
OPTSTK,ESCORTS,29-Apr-2021,1220,CE,32.95,40.9,28.6,34.6,34.6,335,2312.06,37950,-1100,19-APR-2021,
OPTSTK,ESCORTS,29-Apr-2021,1240,CE,25,31,15.55,25.4,25.4,356,2476.03,52250,11550,19-APR-2021,
OPTSTK,ESCORTS,29-Apr-2021,1260,CE,18.05,23,11.2,18.65,18.65,387,2720.49,97900,2200,19-APR-2021,
OPTSTK,ESCORTS,29-Apr-2021,1280,CE,13.35,16.65,8,13.05,13.05,319,2268.42,107800,6050,19-APR-2021,
OPTSTK,ESCORTS,29-Apr-2021,1300,CE,10,12,5.8,9.5,9.5,642,4622.55,153450,-2750,19-APR-2021,
OPTSTK,ESCORTS,29-Apr-2021,1320,CE,8,9,4.1,6.85,6.85,183,1335.04,73700,-3850,19-APR-2021,
OPTSTK,ESCORTS,29-Apr-2021,1340,CE,4.95,6.1,3.25,4.9,4.9,207,1531.01,74250,2200,19-APR-2021,
OPTSTK,ESCORTS,29-Apr-2021,1360,CE,5,5,2.65,3.8,3.8,247,1852.52,50600,-1650,19-APR-2021,
OPTSTK,ESCORTS,29-Apr-2021,1380,CE,3.65,4.8,2.35,2.95,2.95,141,1072.4,39600,1100,19-APR-2021,
OPTSTK,ESCORTS,29-Apr-2021,1400,CE,1.85,2.75,1.8,2.5,2.5,142,1095.22,163900,-7700,19-APR-2021,
OPTSTK,ESCORTS,29-Apr-2021,1420,CE,3,3,1.2,1.45,1.45,30,234.58,30800,-4950,19-APR-2021,
OPTSTK,ESCORTS,29-Apr-2021,1440,CE,0,0,0,1.85,1.4,0,0,4950,0,19-APR-2021,
OPTSTK,ESCORTS,29-Apr-2021,1460,CE,2,2,2,2,2,1,8.04,3300,0,19-APR-2021,
OPTSTK,ESCORTS,29-Apr-2021,1480,CE,0,0,0,4.55,0.65,0,0,550,0,19-APR-2021,
OPTSTK,ESCORTS,29-Apr-2021,1500,CE,0.55,1.95,0.55,1.25,1.25,20,165.12,60500,-4950,19-APR-2021,
OPTSTK,ESCORTS,29-Apr-2021,1520,CE,0,0,0,3.3,0.25,0,0,550,0,19-APR-2021,
OPTSTK,ESCORTS,29-Apr-2021,1540,CE,0,0,0,48.3,0.2,0,0,0,0,19-APR-2021,
OPTSTK,ESCORTS,29-Apr-2021,1560,CE,0,0,0,44.8,0.1,0,0,0,0,19-APR-2021,
OPTSTK,ESCORTS,29-Apr-2021,1580,CE,0,0,0,41.6,0.1,0,0,0,0,19-APR-2021,
OPTSTK,ESCORTS,29-Apr-2021,1600,CE,0,0,0,1,0.05,0,0,3300,0,19-APR-2021,
OPTSTK,ESCORTS,29-Apr-2021,1620,CE,0,0,0,35.8,0.05,0,0,0,0,19-APR-2021,
OPTSTK,ESCORTS,29-Apr-2021,1640,CE,0,0,0,33.2,0.05,0,0,0,0,19-APR-2021,
OPTSTK,ESCORTS,29-Apr-2021,1660,CE,0,0,0,30.8,0.05,0,0,0,0,19-APR-2021,
OPTSTK,ESCORTS,29-Apr-2021,1680,CE,0,0,0,28.5,0,0,0,0,0,19-APR-2021,
OPTSTK,ESCORTS,29-Apr-2021,1700,CE,0,0,0,26.4,0,0,0,0,0,19-APR-2021,
OPTSTK,ESCORTS,29-Apr-2021,1720,CE,0,0,0,24.45,0,0,0,0,0,19-APR-2021,
OPTSTK,ESCORTS,29-Apr-2021,860,PE,0,0,0,13.75,0,0,0,0,0,19-APR-2021,
OPTSTK,ESCORTS,29-Apr-2021,880,PE,0,0,0,16.45,0,0,0,0,0,19-APR-2021,
OPTSTK,ESCORTS,29-Apr-2021,900,PE,0,0,0,19.5,0.05,0,0,0,0,19-APR-2021,
OPTSTK,ESCORTS,29-Apr-2021,920,PE,0,0,0,22.95,0.05,0,0,0,0,19-APR-2021,
OPTSTK,ESCORTS,29-Apr-2021,940,PE,0,0,0,26.8,0.05,0,0,0,0,19-APR-2021,
OPTSTK,ESCORTS,29-Apr-2021,960,PE,0,0,0,31.1,0.1,0,0,0,0,19-APR-2021,
OPTSTK,ESCORTS,29-Apr-2021,980,PE,0,0,0,35.8,0.2,0,0,0,0,19-APR-2021,
OPTSTK,ESCORTS,29-Apr-2021,1000,PE,0,0,0,41,0.4,0,0,0,0,19-APR-2021,
OPTSTK,ESCORTS,29-Apr-2021,1020,PE,0,0,0,46.65,0.75,0,0,0,0,19-APR-2021,
OPTSTK,ESCORTS,29-Apr-2021,1040,PE,0,0,0,52.75,1.3,0,0,0,0,19-APR-2021,
OPTSTK,ESCORTS,29-Apr-2021,1060,PE,0,0,0,59.3,2.25,0,0,0,0,19-APR-2021,
OPTSTK,ESCORTS,29-Apr-2021,1080,PE,0,0,0,66.3,3.7,0,0,0,0,19-APR-2021,
OPTSTK,ESCORTS,29-Apr-2021,1100,PE,7,10,4.95,6.15,6.15,277,1686.63,118800,33000,19-APR-2021,
OPTSTK,ESCORTS,29-Apr-2021,1120,PE,15.6,15.6,7.5,9.2,8.75,39,242.38,28600,13200,19-APR-2021,
OPTSTK,ESCORTS,29-Apr-2021,1140,PE,10.6,14.3,9.8,10.5,10.5,250,1584.16,55550,23650,19-APR-2021,
OPTSTK,ESCORTS,29-Apr-2021,1160,PE,26.95,26.95,11.8,13.8,13.8,254,1642.76,71500,24750,19-APR-2021,
OPTSTK,ESCORTS,29-Apr-2021,1180,PE,26,28.35,17.45,19.4,19.4,294,1944.55,51700,25300,19-APR-2021,
OPTSTK,ESCORTS,29-Apr-2021,1200,PE,28,37.7,23,25.05,25.05,736,4979.49,186450,-46200,19-APR-2021,
OPTSTK,ESCORTS,29-Apr-2021,1220,PE,46.6,48.8,30.9,33.05,33.05,261,1807.08,65450,-15400,19-APR-2021,
OPTSTK,ESCORTS,29-Apr-2021,1240,PE,58,63.5,41.9,44.15,44.15,103,730.73,73150,-11000,19-APR-2021,
OPTSTK,ESCORTS,29-Apr-2021,1260,PE,64.3,68,55.65,55.65,55.65,3,21.82,51700,-1100,19-APR-2021,
OPTSTK,ESCORTS,29-Apr-2021,1280,PE,0,0,0,55.7,78.9,0,0,34100,0,19-APR-2021,
OPTSTK,ESCORTS,29-Apr-2021,1300,PE,104.15,104.15,97.45,100.7,93.85,3,23.11,39600,550,19-APR-2021,
OPTSTK,ESCORTS,29-Apr-2021,1320,PE,0,0,0,81,109.8,0,0,6050,0,19-APR-2021,
OPTSTK,ESCORTS,29-Apr-2021,1340,PE,130.75,130.75,130.75,130.75,126.65,1,8.08,13200,0,19-APR-2021,
OPTSTK,ESCORTS,29-Apr-2021,1360,PE,0,0,0,115.95,144.25,0,0,9350,0,19-APR-2021,
OPTSTK,ESCORTS,29-Apr-2021,1380,PE,0,0,0,131.5,162.45,0,0,6050,0,19-APR-2021,
OPTSTK,ESCORTS,29-Apr-2021,1400,PE,189.5,189.5,189.5,189.5,181.15,2,17.48,5500,0,19-APR-2021,
OPTSTK,ESCORTS,29-Apr-2021,1420,PE,0,0,0,256.85,200.15,0,0,0,0,19-APR-2021,
OPTSTK,ESCORTS,29-Apr-2021,1440,PE,0,0,0,271.7,219.5,0,0,0,0,19-APR-2021,
OPTSTK,ESCORTS,29-Apr-2021,1460,PE,0,0,0,286.75,239,0,0,0,0,19-APR-2021,
OPTSTK,ESCORTS,29-Apr-2021,1480,PE,0,0,0,302.1,258.65,0,0,0,0,19-APR-2021,
OPTSTK,ESCORTS,29-Apr-2021,1500,PE,0,0,0,317.75,278.4,0,0,0,0,19-APR-2021,
OPTSTK,ESCORTS,29-Apr-2021,1520,PE,0,0,0,333.65,298.25,0,0,0,0,19-APR-2021,
OPTSTK,ESCORTS,29-Apr-2021,1540,PE,0,0,0,349.85,318.15,0,0,0,0,19-APR-2021,
OPTSTK,ESCORTS,29-Apr-2021,1560,PE,0,0,0,366.15,338.05,0,0,0,0,19-APR-2021,
OPTSTK,ESCORTS,29-Apr-2021,1580,PE,0,0,0,382.8,358,0,0,0,0,19-APR-2021,
OPTSTK,ESCORTS,29-Apr-2021,1600,PE,0,0,0,399.6,377.95,0,0,0,0,19-APR-2021,
OPTSTK,ESCORTS,29-Apr-2021,1620,PE,0,0,0,416.6,397.95,0,0,0,0,19-APR-2021,
OPTSTK,ESCORTS,29-Apr-2021,1640,PE,0,0,0,433.85,417.9,0,0,0,0,19-APR-2021,
OPTSTK,ESCORTS,29-Apr-2021,1660,PE,0,0,0,451.2,437.9,0,0,0,0,19-APR-2021,
OPTSTK,ESCORTS,29-Apr-2021,1680,PE,0,0,0,468.75,457.85,0,0,0,0,19-APR-2021,
OPTSTK,ESCORTS,29-Apr-2021,1700,PE,0,0,0,486.5,477.85,0,0,0,0,19-APR-2021,
OPTSTK,ESCORTS,29-Apr-2021,1720,PE,0,0,0,504.35,497.8,0,0,0,0,19-APR-2021,
OPTSTK,ESCORTS,27-May-2021,860,CE,0,0,0,464.75,365.1,0,0,0,0,19-APR-2021,
OPTSTK,ESCORTS,27-May-2021,880,CE,0,0,0,446.65,345.75,0,0,0,0,19-APR-2021,
OPTSTK,ESCORTS,27-May-2021,900,CE,0,0,0,428.8,326.6,0,0,0,0,19-APR-2021,
OPTSTK,ESCORTS,27-May-2021,920,CE,0,0,0,411.3,307.65,0,0,0,0,19-APR-2021,
OPTSTK,ESCORTS,27-May-2021,940,CE,0,0,0,394.05,289,0,0,0,0,19-APR-2021,
OPTSTK,ESCORTS,27-May-2021,960,CE,0,0,0,377.15,270.7,0,0,0,0,19-APR-2021,
OPTSTK,ESCORTS,27-May-2021,980,CE,0,0,0,360.6,252.75,0,0,0,0,19-APR-2021,
OPTSTK,ESCORTS,27-May-2021,1000,CE,0,0,0,344.45,235.3,0,0,0,0,19-APR-2021,
OPTSTK,ESCORTS,27-May-2021,1020,CE,0,0,0,328.65,218.35,0,0,0,0,19-APR-2021,
OPTSTK,ESCORTS,27-May-2021,1040,CE,0,0,0,313.3,201.95,0,0,0,0,19-APR-2021,
OPTSTK,ESCORTS,27-May-2021,1060,CE,0,0,0,298.35,186.15,0,0,0,0,19-APR-2021,
OPTSTK,ESCORTS,27-May-2021,1080,CE,0,0,0,283.85,171.05,0,0,0,0,19-APR-2021,
OPTSTK,ESCORTS,27-May-2021,1100,CE,0,0,0,269.75,156.6,0,0,0,0,19-APR-2021,
OPTSTK,ESCORTS,27-May-2021,1120,CE,0,0,0,256.1,142.85,0,0,0,0,19-APR-2021,
OPTSTK,ESCORTS,27-May-2021,1140,CE,0,0,0,242.95,129.85,0,0,0,0,19-APR-2021,
OPTSTK,ESCORTS,27-May-2021,1160,CE,0,0,0,230.2,117.65,0,0,0,0,19-APR-2021,
OPTSTK,ESCORTS,27-May-2021,1180,CE,0,0,0,217.95,106.25,0,0,0,0,19-APR-2021,
OPTSTK,ESCORTS,27-May-2021,1200,CE,75,75,75,75,95.6,2,14.02,1650,1100,19-APR-2021,
OPTSTK,ESCORTS,27-May-2021,1220,CE,0,0,0,194.85,85.75,0,0,0,0,19-APR-2021,
OPTSTK,ESCORTS,27-May-2021,1240,CE,0,0,0,184,76.65,0,0,0,0,19-APR-2021,
OPTSTK,ESCORTS,27-May-2021,1260,CE,0,0,0,173.6,68.3,0,0,0,0,19-APR-2021,
OPTSTK,ESCORTS,27-May-2021,1280,CE,0,0,0,50,60.65,0,0,2750,0,19-APR-2021,
OPTSTK,ESCORTS,27-May-2021,1300,CE,0,0,0,154.2,53.65,0,0,0,0,19-APR-2021,
OPTSTK,ESCORTS,27-May-2021,1320,CE,0,0,0,145.15,47.35,0,0,0,0,19-APR-2021,
OPTSTK,ESCORTS,27-May-2021,1340,CE,0,0,0,136.5,41.65,0,0,0,0,19-APR-2021,
OPTSTK,ESCORTS,27-May-2021,1360,CE,0,0,0,128.3,36.6,0,0,0,0,19-APR-2021,
OPTSTK,ESCORTS,27-May-2021,1380,CE,0,0,0,120.5,32,0,0,0,0,19-APR-2021,
OPTSTK,ESCORTS,27-May-2021,1400,CE,10,15,10,15,15,3,23.31,5500,1100,19-APR-2021,
OPTSTK,ESCORTS,27-May-2021,1420,CE,0,0,0,106.05,24.25,0,0,0,0,19-APR-2021,
OPTSTK,ESCORTS,27-May-2021,1440,CE,0,0,0,99.4,21,0,0,0,0,19-APR-2021,
OPTSTK,ESCORTS,27-May-2021,1460,CE,0,0,0,93.1,18.2,0,0,0,0,19-APR-2021,
OPTSTK,ESCORTS,27-May-2021,1480,CE,0,0,0,87.15,15.7,0,0,0,0,19-APR-2021,
OPTSTK,ESCORTS,27-May-2021,1500,CE,0,0,0,81.5,13.5,0,0,0,0,19-APR-2021,
OPTSTK,ESCORTS,27-May-2021,1520,CE,0,0,0,76.2,11.6,0,0,0,0,19-APR-2021,
OPTSTK,ESCORTS,27-May-2021,1540,CE,0,0,0,71.25,9.9,0,0,0,0,19-APR-2021,
OPTSTK,ESCORTS,27-May-2021,1560,CE,0,0,0,66.55,8.45,0,0,0,0,19-APR-2021,
OPTSTK,ESCORTS,27-May-2021,1580,CE,0,0,0,62.15,7.2,0,0,0,0,19-APR-2021,
OPTSTK,ESCORTS,27-May-2021,1600,CE,0,0,0,58,6.15,0,0,0,0,19-APR-2021,
OPTSTK,ESCORTS,27-May-2021,1620,CE,0,0,0,54.1,5.2,0,0,0,0,19-APR-2021,
OPTSTK,ESCORTS,27-May-2021,1640,CE,0,0,0,50.45,4.4,0,0,0,0,19-APR-2021,
OPTSTK,ESCORTS,27-May-2021,1660,CE,0,0,0,46.95,3.75,0,0,0,0,19-APR-2021,
OPTSTK,ESCORTS,27-May-2021,1680,CE,0,0,0,43.7,3.15,0,0,0,0,19-APR-2021,
OPTSTK,ESCORTS,27-May-2021,1700,CE,0,0,0,40.7,2.65,0,0,0,0,19-APR-2021,
OPTSTK,ESCORTS,27-May-2021,1720,CE,0,0,0,37.85,2.25,0,0,0,0,19-APR-2021,
OPTSTK,ESCORTS,27-May-2021,860,PE,0,0,0,7.7,1.25,0,0,0,0,19-APR-2021,
OPTSTK,ESCORTS,27-May-2021,880,PE,0,0,0,9.4,1.8,0,0,0,0,19-APR-2021,
OPTSTK,ESCORTS,27-May-2021,900,PE,0,0,0,11.4,2.55,0,0,0,0,19-APR-2021,
OPTSTK,ESCORTS,27-May-2021,920,PE,0,0,0,13.65,3.55,0,0,0,0,19-APR-2021,
OPTSTK,ESCORTS,27-May-2021,940,PE,0,0,0,16.25,4.85,0,0,0,0,19-APR-2021,
OPTSTK,ESCORTS,27-May-2021,960,PE,0,0,0,19.15,6.45,0,0,0,0,19-APR-2021,
OPTSTK,ESCORTS,27-May-2021,980,PE,0,0,0,22.45,8.45,0,0,0,0,19-APR-2021,
OPTSTK,ESCORTS,27-May-2021,1000,PE,0,0,0,26.1,10.9,0,0,0,0,19-APR-2021,
OPTSTK,ESCORTS,27-May-2021,1020,PE,0,0,0,30.1,13.9,0,0,0,0,19-APR-2021,
OPTSTK,ESCORTS,27-May-2021,1040,PE,0,0,0,34.55,17.4,0,0,0,0,19-APR-2021,
OPTSTK,ESCORTS,27-May-2021,1060,PE,0,0,0,39.45,21.55,0,0,0,0,19-APR-2021,
OPTSTK,ESCORTS,27-May-2021,1080,PE,0,0,0,44.75,26.35,0,0,0,0,19-APR-2021,
OPTSTK,ESCORTS,27-May-2021,1100,PE,20.5,25,20.5,23,31.8,4,24.7,2200,0,19-APR-2021,
OPTSTK,ESCORTS,27-May-2021,1120,PE,0,0,0,56.65,37.95,0,0,0,0,19-APR-2021,
OPTSTK,ESCORTS,27-May-2021,1140,PE,0,0,0,63.3,44.9,0,0,0,0,19-APR-2021,
OPTSTK,ESCORTS,27-May-2021,1160,PE,0,0,0,70.35,52.65,0,0,0,0,19-APR-2021,
OPTSTK,ESCORTS,27-May-2021,1180,PE,0,0,0,77.9,61.15,0,0,0,0,19-APR-2021,
OPTSTK,ESCORTS,27-May-2021,1200,PE,0,0,0,85.95,70.45,0,0,0,0,19-APR-2021,
OPTSTK,ESCORTS,27-May-2021,1220,PE,0,0,0,94.45,80.5,0,0,0,0,19-APR-2021,
OPTSTK,ESCORTS,27-May-2021,1240,PE,0,0,0,103.4,91.3,0,0,0,0,19-APR-2021,
OPTSTK,ESCORTS,27-May-2021,1260,PE,0,0,0,112.85,102.85,0,0,0,0,19-APR-2021,
OPTSTK,ESCORTS,27-May-2021,1280,PE,0,0,0,122.7,115.15,0,0,0,0,19-APR-2021,
OPTSTK,ESCORTS,27-May-2021,1300,PE,0,0,0,133.05,128.1,0,0,0,0,19-APR-2021,
OPTSTK,ESCORTS,27-May-2021,1320,PE,0,0,0,143.8,141.7,0,0,0,0,19-APR-2021,
OPTSTK,ESCORTS,27-May-2021,1340,PE,0,0,0,155,155.9,0,0,0,0,19-APR-2021,
OPTSTK,ESCORTS,27-May-2021,1360,PE,0,0,0,166.6,170.8,0,0,0,0,19-APR-2021,
OPTSTK,ESCORTS,27-May-2021,1380,PE,0,0,0,178.6,186.15,0,0,0,0,19-APR-2021,
OPTSTK,ESCORTS,27-May-2021,1400,PE,0,0,0,191,201.9,0,0,0,0,19-APR-2021,
OPTSTK,ESCORTS,27-May-2021,1420,PE,0,0,0,203.8,218.2,0,0,0,0,19-APR-2021,
OPTSTK,ESCORTS,27-May-2021,1440,PE,0,0,0,216.95,234.9,0,0,0,0,19-APR-2021,
OPTSTK,ESCORTS,27-May-2021,1460,PE,0,0,0,230.45,252,0,0,0,0,19-APR-2021,
OPTSTK,ESCORTS,27-May-2021,1480,PE,0,0,0,244.3,269.4,0,0,0,0,19-APR-2021,
OPTSTK,ESCORTS,27-May-2021,1500,PE,0,0,0,258.5,287.15,0,0,0,0,19-APR-2021,
OPTSTK,ESCORTS,27-May-2021,1520,PE,0,0,0,273,305.15,0,0,0,0,19-APR-2021,
OPTSTK,ESCORTS,27-May-2021,1540,PE,0,0,0,287.9,323.4,0,0,0,0,19-APR-2021,
OPTSTK,ESCORTS,27-May-2021,1560,PE,0,0,0,303,341.9,0,0,0,0,19-APR-2021,
OPTSTK,ESCORTS,27-May-2021,1580,PE,0,0,0,318.4,360.55,0,0,0,0,19-APR-2021,
OPTSTK,ESCORTS,27-May-2021,1600,PE,0,0,0,334.05,379.4,0,0,0,0,19-APR-2021,
OPTSTK,ESCORTS,27-May-2021,1620,PE,0,0,0,349.95,398.4,0,0,0,0,19-APR-2021,
OPTSTK,ESCORTS,27-May-2021,1640,PE,0,0,0,366.1,417.55,0,0,0,0,19-APR-2021,
OPTSTK,ESCORTS,27-May-2021,1660,PE,0,0,0,382.45,436.75,0,0,0,0,19-APR-2021,
OPTSTK,ESCORTS,27-May-2021,1680,PE,0,0,0,399,456.1,0,0,0,0,19-APR-2021,
OPTSTK,ESCORTS,27-May-2021,1700,PE,0,0,0,415.8,475.55,0,0,0,0,19-APR-2021,
OPTSTK,ESCORTS,27-May-2021,1720,PE,0,0,0,432.8,495.05,0,0,0,0,19-APR-2021,
OPTSTK,ESCORTS,24-Jun-2021,860,CE,0,0,0,422.95,371.9,0,0,0,0,19-APR-2021,
OPTSTK,ESCORTS,24-Jun-2021,880,CE,0,0,0,405.1,353.6,0,0,0,0,19-APR-2021,
OPTSTK,ESCORTS,24-Jun-2021,900,CE,0,0,0,387.5,335.6,0,0,0,0,19-APR-2021,
OPTSTK,ESCORTS,24-Jun-2021,920,CE,0,0,0,370.25,318,0,0,0,0,19-APR-2021,
OPTSTK,ESCORTS,24-Jun-2021,940,CE,0,0,0,353.35,300.7,0,0,0,0,19-APR-2021,
OPTSTK,ESCORTS,24-Jun-2021,960,CE,0,0,0,336.85,283.9,0,0,0,0,19-APR-2021,
OPTSTK,ESCORTS,24-Jun-2021,980,CE,0,0,0,320.75,267.5,0,0,0,0,19-APR-2021,
OPTSTK,ESCORTS,24-Jun-2021,1000,CE,0,0,0,305.05,251.6,0,0,0,0,19-APR-2021,
OPTSTK,ESCORTS,24-Jun-2021,1020,CE,0,0,0,289.75,236.2,0,0,0,0,19-APR-2021,
OPTSTK,ESCORTS,24-Jun-2021,1040,CE,0,0,0,275,221.35,0,0,0,0,19-APR-2021,
OPTSTK,ESCORTS,24-Jun-2021,1060,CE,0,0,0,260.6,207.05,0,0,0,0,19-APR-2021,
OPTSTK,ESCORTS,24-Jun-2021,1080,CE,0,0,0,246.7,193.3,0,0,0,0,19-APR-2021,
OPTSTK,ESCORTS,24-Jun-2021,1100,CE,0,0,0,233.3,180.05,0,0,0,0,19-APR-2021,
OPTSTK,ESCORTS,24-Jun-2021,1120,CE,0,0,0,220.35,167.5,0,0,0,0,19-APR-2021,
OPTSTK,ESCORTS,24-Jun-2021,1140,CE,0,0,0,207.9,155.55,0,0,0,0,19-APR-2021,
OPTSTK,ESCORTS,24-Jun-2021,1160,CE,0,0,0,196,144.2,0,0,0,0,19-APR-2021,
OPTSTK,ESCORTS,24-Jun-2021,1180,CE,0,0,0,184.55,133.45,0,0,0,0,19-APR-2021,
OPTSTK,ESCORTS,24-Jun-2021,1200,CE,0,0,0,173.6,123.25,0,0,0,0,19-APR-2021,
OPTSTK,ESCORTS,24-Jun-2021,1220,CE,0,0,0,163.15,113.7,0,0,0,0,19-APR-2021,
OPTSTK,ESCORTS,24-Jun-2021,1240,CE,0,0,0,153.2,104.65,0,0,0,0,19-APR-2021,
OPTSTK,ESCORTS,24-Jun-2021,1260,CE,0,0,0,143.7,96.2,0,0,0,0,19-APR-2021,
OPTSTK,ESCORTS,24-Jun-2021,1280,CE,0,0,0,134.65,88.3,0,0,0,0,19-APR-2021,
OPTSTK,ESCORTS,24-Jun-2021,1300,CE,0,0,0,126.05,80.95,0,0,0,0,19-APR-2021,
OPTSTK,ESCORTS,24-Jun-2021,1320,CE,0,0,0,117.95,74.05,0,0,0,0,19-APR-2021,
OPTSTK,ESCORTS,24-Jun-2021,1340,CE,0,0,0,110.25,67.7,0,0,0,0,19-APR-2021,
OPTSTK,ESCORTS,24-Jun-2021,1360,CE,0,0,0,102.95,61.75,0,0,0,0,19-APR-2021,
OPTSTK,ESCORTS,24-Jun-2021,1380,CE,0,0,0,96.05,56.3,0,0,0,0,19-APR-2021,
OPTSTK,ESCORTS,24-Jun-2021,1400,CE,0,0,0,89.55,51.3,0,0,0,0,19-APR-2021,
OPTSTK,ESCORTS,24-Jun-2021,1420,CE,0,0,0,83.45,46.6,0,0,0,0,19-APR-2021,
OPTSTK,ESCORTS,24-Jun-2021,1440,CE,0,0,0,77.7,42.35,0,0,0,0,19-APR-2021,
OPTSTK,ESCORTS,24-Jun-2021,1460,CE,0,0,0,72.3,38.4,0,0,0,0,19-APR-2021,
OPTSTK,ESCORTS,24-Jun-2021,1480,CE,0,0,0,67.25,34.75,0,0,0,0,19-APR-2021,
OPTSTK,ESCORTS,24-Jun-2021,1500,CE,0,0,0,62.5,31.45,0,0,0,0,19-APR-2021,
OPTSTK,ESCORTS,24-Jun-2021,1520,CE,0,0,0,58.05,28.4,0,0,0,0,19-APR-2021,
OPTSTK,ESCORTS,24-Jun-2021,1540,CE,0,0,0,53.9,25.65,0,0,0,0,19-APR-2021,
OPTSTK,ESCORTS,24-Jun-2021,1560,CE,0,0,0,50,23.1,0,0,0,0,19-APR-2021,
OPTSTK,ESCORTS,24-Jun-2021,1580,CE,0,0,0,46.35,20.85,0,0,0,0,19-APR-2021,
OPTSTK,ESCORTS,24-Jun-2021,1600,CE,0,0,0,42.9,18.75,0,0,0,0,19-APR-2021,
OPTSTK,ESCORTS,24-Jun-2021,1620,CE,0,0,0,39.7,16.85,0,0,0,0,19-APR-2021,
OPTSTK,ESCORTS,24-Jun-2021,1640,CE,0,0,0,36.75,15.15,0,0,0,0,19-APR-2021,
OPTSTK,ESCORTS,24-Jun-2021,1660,CE,0,0,0,34,13.6,0,0,0,0,19-APR-2021,
OPTSTK,ESCORTS,24-Jun-2021,1680,CE,0,0,0,31.45,12.2,0,0,0,0,19-APR-2021,
OPTSTK,ESCORTS,24-Jun-2021,1700,CE,0,0,0,29.05,10.9,0,0,0,0,19-APR-2021,
OPTSTK,ESCORTS,24-Jun-2021,1720,CE,0,0,0,26.85,9.75,0,0,0,0,19-APR-2021,
OPTSTK,ESCORTS,24-Jun-2021,860,PE,0,0,0,8.7,5.6,0,0,0,0,19-APR-2021,
OPTSTK,ESCORTS,24-Jun-2021,880,PE,0,0,0,10.65,7.15,0,0,0,0,19-APR-2021,
OPTSTK,ESCORTS,24-Jun-2021,900,PE,0,0,0,12.9,9.05,0,0,0,0,19-APR-2021,
OPTSTK,ESCORTS,24-Jun-2021,920,PE,0,0,0,15.45,11.25,0,0,0,0,19-APR-2021,
OPTSTK,ESCORTS,24-Jun-2021,940,PE,0,0,0,18.4,13.85,0,0,0,0,19-APR-2021,
OPTSTK,ESCORTS,24-Jun-2021,960,PE,0,0,0,21.7,16.9,0,0,0,0,19-APR-2021,
OPTSTK,ESCORTS,24-Jun-2021,980,PE,0,0,0,25.35,20.35,0,0,0,0,19-APR-2021,
OPTSTK,ESCORTS,24-Jun-2021,1000,PE,0,0,0,29.5,24.35,0,0,0,0,19-APR-2021,
OPTSTK,ESCORTS,24-Jun-2021,1020,PE,0,0,0,34.05,28.8,0,0,0,0,19-APR-2021,
OPTSTK,ESCORTS,24-Jun-2021,1040,PE,0,0,0,39.05,33.85,0,0,0,0,19-APR-2021,
OPTSTK,ESCORTS,24-Jun-2021,1060,PE,0,0,0,44.5,39.35,0,0,0,0,19-APR-2021,
OPTSTK,ESCORTS,24-Jun-2021,1080,PE,0,0,0,50.4,45.5,0,0,0,0,19-APR-2021,
OPTSTK,ESCORTS,24-Jun-2021,1100,PE,0,0,0,56.8,52.15,0,0,0,0,19-APR-2021,
OPTSTK,ESCORTS,24-Jun-2021,1120,PE,0,0,0,63.65,59.45,0,0,0,0,19-APR-2021,
OPTSTK,ESCORTS,24-Jun-2021,1140,PE,0,0,0,71.05,67.35,0,0,0,0,19-APR-2021,
OPTSTK,ESCORTS,24-Jun-2021,1160,PE,0,0,0,78.95,75.85,0,0,0,0,19-APR-2021,
OPTSTK,ESCORTS,24-Jun-2021,1180,PE,0,0,0,87.3,84.95,0,0,0,0,19-APR-2021,
OPTSTK,ESCORTS,24-Jun-2021,1200,PE,0,0,0,96.2,94.65,0,0,0,0,19-APR-2021,
OPTSTK,ESCORTS,24-Jun-2021,1220,PE,0,0,0,105.55,104.95,0,0,0,0,19-APR-2021,
OPTSTK,ESCORTS,24-Jun-2021,1240,PE,0,0,0,115.4,115.8,0,0,0,0,19-APR-2021,
OPTSTK,ESCORTS,24-Jun-2021,1260,PE,0,0,0,125.7,127.2,0,0,0,0,19-APR-2021,
OPTSTK,ESCORTS,24-Jun-2021,1280,PE,0,0,0,136.5,139.15,0,0,0,0,19-APR-2021,
OPTSTK,ESCORTS,24-Jun-2021,1300,PE,0,0,0,147.7,151.65,0,0,0,0,19-APR-2021,
OPTSTK,ESCORTS,24-Jun-2021,1320,PE,0,0,0,159.4,164.65,0,0,0,0,19-APR-2021,
OPTSTK,ESCORTS,24-Jun-2021,1340,PE,0,0,0,171.5,178.15,0,0,0,0,19-APR-2021,
OPTSTK,ESCORTS,24-Jun-2021,1360,PE,0,0,0,184.05,192.05,0,0,0,0,19-APR-2021,
OPTSTK,ESCORTS,24-Jun-2021,1380,PE,0,0,0,196.95,206.45,0,0,0,0,19-APR-2021,
OPTSTK,ESCORTS,24-Jun-2021,1400,PE,0,0,0,210.3,221.3,0,0,0,0,19-APR-2021,
OPTSTK,ESCORTS,24-Jun-2021,1420,PE,0,0,0,224,236.5,0,0,0,0,19-APR-2021,
OPTSTK,ESCORTS,24-Jun-2021,1440,PE,0,0,0,238.05,252.1,0,0,0,0,19-APR-2021,
OPTSTK,ESCORTS,24-Jun-2021,1460,PE,0,0,0,252.45,268.05,0,0,0,0,19-APR-2021,
OPTSTK,ESCORTS,24-Jun-2021,1480,PE,0,0,0,267.25,284.25,0,0,0,0,19-APR-2021,
OPTSTK,ESCORTS,24-Jun-2021,1500,PE,0,0,0,282.3,300.8,0,0,0,0,19-APR-2021,
OPTSTK,ESCORTS,24-Jun-2021,1520,PE,0,0,0,297.65,317.65,0,0,0,0,19-APR-2021,
OPTSTK,ESCORTS,24-Jun-2021,1540,PE,0,0,0,313.3,334.75,0,0,0,0,19-APR-2021,
OPTSTK,ESCORTS,24-Jun-2021,1560,PE,0,0,0,329.25,352.1,0,0,0,0,19-APR-2021,
OPTSTK,ESCORTS,24-Jun-2021,1580,PE,0,0,0,345.4,369.65,0,0,0,0,19-APR-2021,
OPTSTK,ESCORTS,24-Jun-2021,1600,PE,0,0,0,361.75,387.45,0,0,0,0,19-APR-2021,
OPTSTK,ESCORTS,24-Jun-2021,1620,PE,0,0,0,378.4,405.4,0,0,0,0,19-APR-2021,
OPTSTK,ESCORTS,24-Jun-2021,1640,PE,0,0,0,395.25,423.55,0,0,0,0,19-APR-2021,
OPTSTK,ESCORTS,24-Jun-2021,1660,PE,0,0,0,412.3,441.85,0,0,0,0,19-APR-2021,
OPTSTK,ESCORTS,24-Jun-2021,1680,PE,0,0,0,429.55,460.35,0,0,0,0,19-APR-2021,
OPTSTK,ESCORTS,24-Jun-2021,1700,PE,0,0,0,447,478.95,0,0,0,0,19-APR-2021,
OPTSTK,ESCORTS,24-Jun-2021,1720,PE,0,0,0,464.55,497.65,0,0,0,0,19-APR-2021,
OPTSTK,EXIDEIND,29-Apr-2021,117.5,CE,0,0,0,81.75,55.7,0,0,0,0,19-APR-2021,
OPTSTK,EXIDEIND,29-Apr-2021,120,CE,0,0,0,79.25,53.2,0,0,0,0,19-APR-2021,
OPTSTK,EXIDEIND,29-Apr-2021,122.5,CE,0,0,0,76.8,50.7,0,0,0,0,19-APR-2021,
OPTSTK,EXIDEIND,29-Apr-2021,125,CE,0,0,0,74.35,48.2,0,0,0,0,19-APR-2021,
OPTSTK,EXIDEIND,29-Apr-2021,127.5,CE,0,0,0,71.9,45.7,0,0,0,0,19-APR-2021,
OPTSTK,EXIDEIND,29-Apr-2021,130,CE,0,0,0,69.5,43.2,0,0,0,0,19-APR-2021,
OPTSTK,EXIDEIND,29-Apr-2021,132.5,CE,0,0,0,67.05,40.7,0,0,0,0,19-APR-2021,
OPTSTK,EXIDEIND,29-Apr-2021,135,CE,0,0,0,64.65,38.2,0,0,0,0,19-APR-2021,
OPTSTK,EXIDEIND,29-Apr-2021,137.5,CE,0,0,0,62.25,35.7,0,0,0,0,19-APR-2021,
OPTSTK,EXIDEIND,29-Apr-2021,140,CE,0,0,0,59.85,33.2,0,0,0,0,19-APR-2021,
OPTSTK,EXIDEIND,29-Apr-2021,142.5,CE,0,0,0,57.5,30.7,0,0,0,0,19-APR-2021,
OPTSTK,EXIDEIND,29-Apr-2021,145,CE,0,0,0,55.15,28.2,0,0,0,0,19-APR-2021,
OPTSTK,EXIDEIND,29-Apr-2021,147.5,CE,0,0,0,52.85,25.75,0,0,0,0,19-APR-2021,
OPTSTK,EXIDEIND,29-Apr-2021,150,CE,0,0,0,29.2,23.25,0,0,0,0,19-APR-2021,
OPTSTK,EXIDEIND,29-Apr-2021,152.5,CE,0,0,0,48.3,20.8,0,0,0,0,19-APR-2021,
OPTSTK,EXIDEIND,29-Apr-2021,155,CE,0,0,0,46.1,18.4,0,0,0,0,19-APR-2021,
OPTSTK,EXIDEIND,29-Apr-2021,157.5,CE,0,0,0,43.95,16.05,0,0,0,0,19-APR-2021,
OPTSTK,EXIDEIND,29-Apr-2021,160,CE,0,0,0,41.8,13.75,0,0,0,0,19-APR-2021,
OPTSTK,EXIDEIND,29-Apr-2021,162.5,CE,0,0,0,39.75,11.6,0,0,0,0,19-APR-2021,
OPTSTK,EXIDEIND,29-Apr-2021,165,CE,0,0,0,37.7,9.6,0,0,0,0,19-APR-2021,
OPTSTK,EXIDEIND,29-Apr-2021,167.5,CE,0,0,0,35.7,7.75,0,0,0,0,19-APR-2021,
OPTSTK,EXIDEIND,29-Apr-2021,170,CE,4.5,6.5,4.5,5.75,6.15,14,88.52,54000,7200,19-APR-2021,
OPTSTK,EXIDEIND,29-Apr-2021,172.5,CE,0,0,0,31.9,4.75,0,0,0,0,19-APR-2021,
OPTSTK,EXIDEIND,29-Apr-2021,175,CE,4.1,4.1,2.85,3.45,3.45,165,1059.2,219600,198000,19-APR-2021,
OPTSTK,EXIDEIND,29-Apr-2021,177.5,CE,0,0,0,28.35,2.6,0,0,0,0,19-APR-2021,
OPTSTK,EXIDEIND,29-Apr-2021,180,CE,2.5,2.5,1.5,1.8,1.8,357,2336.85,1018800,122400,19-APR-2021,
OPTSTK,EXIDEIND,29-Apr-2021,182.5,CE,1.1,1.25,1.05,1.2,1.2,10,66.1,32400,3600,19-APR-2021,
OPTSTK,EXIDEIND,29-Apr-2021,185,CE,1.3,1.3,0.75,0.95,0.95,174,1164.96,511200,18000,19-APR-2021,
OPTSTK,EXIDEIND,29-Apr-2021,187.5,CE,0,0,0,1.7,0.6,0,0,28800,0,19-APR-2021,
OPTSTK,EXIDEIND,29-Apr-2021,190,CE,0.6,0.7,0.45,0.55,0.55,165,1132.04,1191600,-21600,19-APR-2021,
OPTSTK,EXIDEIND,29-Apr-2021,192.5,CE,0.2,0.3,0.2,0.3,0.25,3,20.81,54000,-10800,19-APR-2021,
OPTSTK,EXIDEIND,29-Apr-2021,195,CE,0.4,0.45,0.25,0.3,0.3,39,274.24,482400,-43200,19-APR-2021,
OPTSTK,EXIDEIND,29-Apr-2021,197.5,CE,0,0,0,16.65,0.1,0,0,0,0,19-APR-2021,
OPTSTK,EXIDEIND,29-Apr-2021,200,CE,0.45,0.45,0.2,0.3,0.3,117,843.62,1551600,-61200,19-APR-2021,
OPTSTK,EXIDEIND,29-Apr-2021,202.5,CE,0,0,0,1.1,0.05,0,0,10800,0,19-APR-2021,
OPTSTK,EXIDEIND,29-Apr-2021,205,CE,0.2,0.25,0.15,0.15,0.05,14,103.43,79200,-10800,19-APR-2021,
OPTSTK,EXIDEIND,29-Apr-2021,207.5,CE,0,0,0,0.95,0.05,0,0,0,0,19-APR-2021,
OPTSTK,EXIDEIND,29-Apr-2021,210,CE,0.15,0.2,0.05,0.15,0,29,219.38,363600,-61200,19-APR-2021,
OPTSTK,EXIDEIND,29-Apr-2021,212.5,CE,0,0,0,10.5,0,0,0,0,0,19-APR-2021,
OPTSTK,EXIDEIND,29-Apr-2021,215,CE,0.15,0.15,0.15,0.15,0,4,30.98,68400,0,19-APR-2021,
OPTSTK,EXIDEIND,29-Apr-2021,217.5,CE,0,0,0,8.9,0,0,0,0,0,19-APR-2021,
OPTSTK,EXIDEIND,29-Apr-2021,220,CE,0.05,0.15,0.05,0.1,0,9,71.31,140400,-3600,19-APR-2021,
OPTSTK,EXIDEIND,29-Apr-2021,222.5,CE,0,0,0,7.55,0,0,0,0,0,19-APR-2021,
OPTSTK,EXIDEIND,29-Apr-2021,225,CE,0.1,0.1,0.1,0.1,0,2,16.2,14400,0,19-APR-2021,
OPTSTK,EXIDEIND,29-Apr-2021,227.5,CE,0,0,0,6.35,0,0,0,0,0,19-APR-2021,
OPTSTK,EXIDEIND,29-Apr-2021,230,CE,0,0,0,5.8,0,0,0,0,0,19-APR-2021,
OPTSTK,EXIDEIND,29-Apr-2021,232.5,CE,0,0,0,5.3,0,0,0,0,0,19-APR-2021,
OPTSTK,EXIDEIND,29-Apr-2021,235,CE,0,0,0,4.85,0,0,0,0,0,19-APR-2021,
OPTSTK,EXIDEIND,29-Apr-2021,237.5,CE,0,0,0,4.45,0,0,0,0,0,19-APR-2021,
OPTSTK,EXIDEIND,29-Apr-2021,240,CE,0,0,0,4.05,0,0,0,0,0,19-APR-2021,
OPTSTK,EXIDEIND,29-Apr-2021,242.5,CE,0,0,0,3.7,0,0,0,0,0,19-APR-2021,
OPTSTK,EXIDEIND,29-Apr-2021,245,CE,0,0,0,3.35,0,0,0,0,0,19-APR-2021,
OPTSTK,EXIDEIND,29-Apr-2021,247.5,CE,0,0,0,3.05,0,0,0,0,0,19-APR-2021,
OPTSTK,EXIDEIND,29-Apr-2021,250,CE,0,0,0,2.75,0,0,0,0,0,19-APR-2021,
OPTSTK,EXIDEIND,29-Apr-2021,252.5,CE,0,0,0,2.5,0,0,0,0,0,19-APR-2021,
OPTSTK,EXIDEIND,29-Apr-2021,255,CE,0,0,0,2.3,0,0,0,0,0,19-APR-2021,
OPTSTK,EXIDEIND,29-Apr-2021,117.5,PE,0,0,0,0.05,0,0,0,0,0,19-APR-2021,
OPTSTK,EXIDEIND,29-Apr-2021,120,PE,0,0,0,0.05,0,0,0,0,0,19-APR-2021,
OPTSTK,EXIDEIND,29-Apr-2021,122.5,PE,0,0,0,0.05,0,0,0,0,0,19-APR-2021,
OPTSTK,EXIDEIND,29-Apr-2021,125,PE,0,0,0,0.1,0,0,0,0,0,19-APR-2021,
OPTSTK,EXIDEIND,29-Apr-2021,127.5,PE,0,0,0,0.15,0,0,0,0,0,19-APR-2021,
OPTSTK,EXIDEIND,29-Apr-2021,130,PE,0,0,0,0.15,0,0,0,0,0,19-APR-2021,
OPTSTK,EXIDEIND,29-Apr-2021,132.5,PE,0,0,0,0.2,0,0,0,0,0,19-APR-2021,
OPTSTK,EXIDEIND,29-Apr-2021,135,PE,0,0,0,0.3,0,0,0,0,0,19-APR-2021,
OPTSTK,EXIDEIND,29-Apr-2021,137.5,PE,0,0,0,0.35,0,0,0,0,0,19-APR-2021,
OPTSTK,EXIDEIND,29-Apr-2021,140,PE,0,0,0,0.45,0,0,0,0,0,19-APR-2021,
OPTSTK,EXIDEIND,29-Apr-2021,142.5,PE,0,0,0,0.6,0,0,0,0,0,19-APR-2021,
OPTSTK,EXIDEIND,29-Apr-2021,145,PE,0,0,0,0.7,0.05,0,0,0,0,19-APR-2021,
OPTSTK,EXIDEIND,29-Apr-2021,147.5,PE,0,0,0,0.9,0.05,0,0,0,0,19-APR-2021,
OPTSTK,EXIDEIND,29-Apr-2021,150,PE,0,0,0,0.05,0.05,0,0,7200,0,19-APR-2021,
OPTSTK,EXIDEIND,29-Apr-2021,152.5,PE,0,0,0,1.3,0.1,0,0,0,0,19-APR-2021,
OPTSTK,EXIDEIND,29-Apr-2021,155,PE,0,0,0,1.6,0.2,0,0,0,0,19-APR-2021,
OPTSTK,EXIDEIND,29-Apr-2021,157.5,PE,0,0,0,0.35,0.3,0,0,0,0,19-APR-2021,
OPTSTK,EXIDEIND,29-Apr-2021,160,PE,1.35,1.35,0.6,0.8,0.8,87,503.38,212400,28800,19-APR-2021,
OPTSTK,EXIDEIND,29-Apr-2021,162.5,PE,1.05,1.05,1.05,1.05,0.9,1,5.88,7200,0,19-APR-2021,
OPTSTK,EXIDEIND,29-Apr-2021,165,PE,1.55,1.6,1.15,1.35,1.35,50,299.49,154800,-36000,19-APR-2021,
OPTSTK,EXIDEIND,29-Apr-2021,167.5,PE,0,0,0,1.05,2.05,0,0,3600,0,19-APR-2021,
OPTSTK,EXIDEIND,29-Apr-2021,170,PE,2.45,3.85,2.25,2.5,2.5,173,1075.88,399600,-36000,19-APR-2021,
OPTSTK,EXIDEIND,29-Apr-2021,172.5,PE,4,4.3,3.25,3.6,3.6,15,95.11,54000,21600,19-APR-2021,
OPTSTK,EXIDEIND,29-Apr-2021,175,PE,4.35,5.9,4.25,4.7,4.7,86,557.62,331200,-126000,19-APR-2021,
OPTSTK,EXIDEIND,29-Apr-2021,177.5,PE,0,0,0,4.05,6.9,0,0,3600,0,19-APR-2021,
OPTSTK,EXIDEIND,29-Apr-2021,180,PE,8.05,9.05,7.5,8,8,20,135.5,770400,-25200,19-APR-2021,
OPTSTK,EXIDEIND,29-Apr-2021,182.5,PE,0,0,0,3.25,10.55,0,0,7200,0,19-APR-2021,
OPTSTK,EXIDEIND,29-Apr-2021,185,PE,12.35,13.05,11.6,12.35,12.35,9,63.94,277200,-18000,19-APR-2021,
OPTSTK,EXIDEIND,29-Apr-2021,187.5,PE,0,0,0,9.65,14.85,0,0,0,0,19-APR-2021,
OPTSTK,EXIDEIND,29-Apr-2021,190,PE,15.8,18.5,15.8,17.35,17.15,7,52.18,295200,-18000,19-APR-2021,
OPTSTK,EXIDEIND,29-Apr-2021,192.5,PE,0,0,0,11.8,19.5,0,0,0,0,19-APR-2021,
OPTSTK,EXIDEIND,29-Apr-2021,195,PE,0,0,0,16.2,21.9,0,0,100800,0,19-APR-2021,
OPTSTK,EXIDEIND,29-Apr-2021,197.5,PE,0,0,0,14.2,24.35,0,0,0,0,19-APR-2021,
OPTSTK,EXIDEIND,29-Apr-2021,200,PE,27,27,27,27,26.8,1,8.17,183600,-3600,19-APR-2021,
OPTSTK,EXIDEIND,29-Apr-2021,202.5,PE,0,0,0,16.85,29.3,0,0,0,0,19-APR-2021,
OPTSTK,EXIDEIND,29-Apr-2021,205,PE,0,0,0,18.3,31.8,0,0,0,0,19-APR-2021,
OPTSTK,EXIDEIND,29-Apr-2021,207.5,PE,0,0,0,19.8,34.25,0,0,0,0,19-APR-2021,
OPTSTK,EXIDEIND,29-Apr-2021,210,PE,0,0,0,30,36.75,0,0,32400,0,19-APR-2021,
OPTSTK,EXIDEIND,29-Apr-2021,212.5,PE,0,0,0,22.95,39.25,0,0,0,0,19-APR-2021,
OPTSTK,EXIDEIND,29-Apr-2021,215,PE,0,0,0,24.6,41.75,0,0,0,0,19-APR-2021,
OPTSTK,EXIDEIND,29-Apr-2021,217.5,PE,0,0,0,26.3,44.25,0,0,0,0,19-APR-2021,
OPTSTK,EXIDEIND,29-Apr-2021,220,PE,0,0,0,28.05,46.75,0,0,0,0,19-APR-2021,
OPTSTK,EXIDEIND,29-Apr-2021,222.5,PE,0,0,0,29.9,49.25,0,0,0,0,19-APR-2021,
OPTSTK,EXIDEIND,29-Apr-2021,225,PE,0,0,0,31.75,51.75,0,0,0,0,19-APR-2021,
OPTSTK,EXIDEIND,29-Apr-2021,227.5,PE,0,0,0,33.65,54.25,0,0,0,0,19-APR-2021,
OPTSTK,EXIDEIND,29-Apr-2021,230,PE,0,0,0,35.6,56.75,0,0,0,0,19-APR-2021,
OPTSTK,EXIDEIND,29-Apr-2021,232.5,PE,0,0,0,37.55,59.25,0,0,0,0,19-APR-2021,
OPTSTK,EXIDEIND,29-Apr-2021,235,PE,0,0,0,39.6,61.75,0,0,0,0,19-APR-2021,
OPTSTK,EXIDEIND,29-Apr-2021,237.5,PE,0,0,0,41.65,64.25,0,0,0,0,19-APR-2021,
OPTSTK,EXIDEIND,29-Apr-2021,240,PE,0,0,0,43.7,66.75,0,0,0,0,19-APR-2021,
OPTSTK,EXIDEIND,29-Apr-2021,242.5,PE,0,0,0,45.85,69.25,0,0,0,0,19-APR-2021,
OPTSTK,EXIDEIND,29-Apr-2021,245,PE,0,0,0,48,71.75,0,0,0,0,19-APR-2021,
OPTSTK,EXIDEIND,29-Apr-2021,247.5,PE,0,0,0,50.15,74.2,0,0,0,0,19-APR-2021,
OPTSTK,EXIDEIND,29-Apr-2021,250,PE,0,0,0,52.35,76.7,0,0,0,0,19-APR-2021,
OPTSTK,EXIDEIND,29-Apr-2021,252.5,PE,0,0,0,54.6,79.2,0,0,0,0,19-APR-2021,
OPTSTK,EXIDEIND,29-Apr-2021,255,PE,0,0,0,56.8,81.7,0,0,0,0,19-APR-2021,
OPTSTK,EXIDEIND,27-May-2021,127.5,CE,0,0,0,81.7,46.1,0,0,0,0,19-APR-2021,
OPTSTK,EXIDEIND,27-May-2021,130,CE,0,0,0,79.25,43.65,0,0,0,0,19-APR-2021,
OPTSTK,EXIDEIND,27-May-2021,132.5,CE,0,0,0,76.8,41.2,0,0,0,0,19-APR-2021,
OPTSTK,EXIDEIND,27-May-2021,135,CE,0,0,0,74.35,38.75,0,0,0,0,19-APR-2021,
OPTSTK,EXIDEIND,27-May-2021,137.5,CE,0,0,0,71.9,36.3,0,0,0,0,19-APR-2021,
OPTSTK,EXIDEIND,27-May-2021,140,CE,0,0,0,69.5,33.9,0,0,0,0,19-APR-2021,
OPTSTK,EXIDEIND,27-May-2021,142.5,CE,0,0,0,67.1,31.55,0,0,0,0,19-APR-2021,
OPTSTK,EXIDEIND,27-May-2021,145,CE,0,0,0,64.7,29.25,0,0,0,0,19-APR-2021,
OPTSTK,EXIDEIND,27-May-2021,147.5,CE,0,0,0,62.3,27,0,0,0,0,19-APR-2021,
OPTSTK,EXIDEIND,27-May-2021,150,CE,0,0,0,59.95,24.8,0,0,0,0,19-APR-2021,
OPTSTK,EXIDEIND,27-May-2021,152.5,CE,0,0,0,57.6,22.65,0,0,0,0,19-APR-2021,
OPTSTK,EXIDEIND,27-May-2021,155,CE,0,0,0,55.3,20.6,0,0,0,0,19-APR-2021,
OPTSTK,EXIDEIND,27-May-2021,157.5,CE,0,0,0,53,18.65,0,0,0,0,19-APR-2021,
OPTSTK,EXIDEIND,27-May-2021,160,CE,0,0,0,50.75,16.75,0,0,0,0,19-APR-2021,
OPTSTK,EXIDEIND,27-May-2021,162.5,CE,0,0,0,48.55,15,0,0,0,0,19-APR-2021,
OPTSTK,EXIDEIND,27-May-2021,165,CE,0,0,0,46.35,13.35,0,0,0,0,19-APR-2021,
OPTSTK,EXIDEIND,27-May-2021,167.5,CE,0,0,0,44.2,11.8,0,0,0,0,19-APR-2021,
OPTSTK,EXIDEIND,27-May-2021,170,CE,0,0,0,42.1,10.4,0,0,0,0,19-APR-2021,
OPTSTK,EXIDEIND,27-May-2021,172.5,CE,0,0,0,40.05,9.1,0,0,0,0,19-APR-2021,
OPTSTK,EXIDEIND,27-May-2021,175,CE,0,0,0,38.05,7.9,0,0,0,0,19-APR-2021,
OPTSTK,EXIDEIND,27-May-2021,177.5,CE,0,0,0,36.1,6.85,0,0,0,0,19-APR-2021,
OPTSTK,EXIDEIND,27-May-2021,180,CE,5.5,6.5,5.5,6.35,6.35,31,207.69,111600,100800,19-APR-2021,
OPTSTK,EXIDEIND,27-May-2021,182.5,CE,0,0,0,32.35,5.05,0,0,0,0,19-APR-2021,
OPTSTK,EXIDEIND,27-May-2021,185,CE,0,0,0,30.55,4.25,0,0,0,0,19-APR-2021,
OPTSTK,EXIDEIND,27-May-2021,187.5,CE,0,0,0,28.8,3.6,0,0,0,0,19-APR-2021,
OPTSTK,EXIDEIND,27-May-2021,190,CE,4,4,3.5,3.5,3.5,5,34.86,18000,14400,19-APR-2021,
OPTSTK,EXIDEIND,27-May-2021,192.5,CE,0,0,0,25.55,2.55,0,0,0,0,19-APR-2021,
OPTSTK,EXIDEIND,27-May-2021,195,CE,0,0,0,24,2.1,0,0,0,0,19-APR-2021,
OPTSTK,EXIDEIND,27-May-2021,197.5,CE,0,0,0,22.5,1.75,0,0,0,0,19-APR-2021,
OPTSTK,EXIDEIND,27-May-2021,200,CE,1.85,1.85,1.4,1.8,1.8,25,181.45,118800,25200,19-APR-2021,
OPTSTK,EXIDEIND,27-May-2021,202.5,CE,0,0,0,19.75,1.2,0,0,0,0,19-APR-2021,
OPTSTK,EXIDEIND,27-May-2021,205,CE,0,0,0,18.45,0.95,0,0,0,0,19-APR-2021,
OPTSTK,EXIDEIND,27-May-2021,207.5,CE,0,0,0,17.2,0.8,0,0,0,0,19-APR-2021,
OPTSTK,EXIDEIND,27-May-2021,210,CE,0,0,0,16.05,0.65,0,0,0,0,19-APR-2021,
OPTSTK,EXIDEIND,27-May-2021,212.5,CE,0,0,0,14.9,0.5,0,0,0,0,19-APR-2021,
OPTSTK,EXIDEIND,27-May-2021,215,CE,0,0,0,13.85,0.4,0,0,0,0,19-APR-2021,
OPTSTK,EXIDEIND,27-May-2021,217.5,CE,0,0,0,12.9,0.35,0,0,0,0,19-APR-2021,
OPTSTK,EXIDEIND,27-May-2021,220,CE,0,0,0,11.95,0.25,0,0,0,0,19-APR-2021,
OPTSTK,EXIDEIND,27-May-2021,222.5,CE,0,0,0,11.05,0.2,0,0,0,0,19-APR-2021,
OPTSTK,EXIDEIND,27-May-2021,225,CE,0,0,0,10.25,0.15,0,0,0,0,19-APR-2021,
OPTSTK,EXIDEIND,27-May-2021,227.5,CE,0,0,0,9.45,0.15,0,0,0,0,19-APR-2021,
OPTSTK,EXIDEIND,27-May-2021,230,CE,0,0,0,8.7,0.1,0,0,0,0,19-APR-2021,
OPTSTK,EXIDEIND,27-May-2021,232.5,CE,0,0,0,8.05,0.1,0,0,0,0,19-APR-2021,
OPTSTK,EXIDEIND,27-May-2021,235,CE,0,0,0,7.4,0.1,0,0,0,0,19-APR-2021,
OPTSTK,EXIDEIND,27-May-2021,237.5,CE,0,0,0,6.8,0.05,0,0,0,0,19-APR-2021,
OPTSTK,EXIDEIND,27-May-2021,240,CE,0,0,0,6.25,0.05,0,0,0,0,19-APR-2021,
OPTSTK,EXIDEIND,27-May-2021,242.5,CE,0,0,0,5.75,0.05,0,0,0,0,19-APR-2021,
OPTSTK,EXIDEIND,27-May-2021,245,CE,0,0,0,5.25,0.05,0,0,0,0,19-APR-2021,
OPTSTK,EXIDEIND,27-May-2021,247.5,CE,0,0,0,4.85,0.05,0,0,0,0,19-APR-2021,
OPTSTK,EXIDEIND,27-May-2021,250,CE,0,0,0,4.4,0.05,0,0,0,0,19-APR-2021,
OPTSTK,EXIDEIND,27-May-2021,252.5,CE,0,0,0,4.05,0.05,0,0,0,0,19-APR-2021,
OPTSTK,EXIDEIND,27-May-2021,255,CE,0,0,0,3.7,0.05,0,0,0,0,19-APR-2021,
OPTSTK,EXIDEIND,27-May-2021,127.5,PE,0,0,0,0.05,0.05,0,0,0,0,19-APR-2021,
OPTSTK,EXIDEIND,27-May-2021,130,PE,0,0,0,0.1,0.1,0,0,0,0,19-APR-2021,
OPTSTK,EXIDEIND,27-May-2021,132.5,PE,0,0,0,0.1,0.1,0,0,0,0,19-APR-2021,
OPTSTK,EXIDEIND,27-May-2021,135,PE,0,0,0,0.15,0.15,0,0,0,0,19-APR-2021,
OPTSTK,EXIDEIND,27-May-2021,137.5,PE,0,0,0,0.2,0.25,0,0,0,0,19-APR-2021,
OPTSTK,EXIDEIND,27-May-2021,140,PE,0,0,0,0.25,0.3,0,0,0,0,19-APR-2021,
OPTSTK,EXIDEIND,27-May-2021,142.5,PE,0,0,0,0.3,0.45,0,0,0,0,19-APR-2021,
OPTSTK,EXIDEIND,27-May-2021,145,PE,0,0,0,0.4,0.65,0,0,0,0,19-APR-2021,
OPTSTK,EXIDEIND,27-May-2021,147.5,PE,0,0,0,0.5,0.85,0,0,0,0,19-APR-2021,
OPTSTK,EXIDEIND,27-May-2021,150,PE,1.5,1.5,1.5,1.5,1.15,1,5.45,7200,3600,19-APR-2021,
OPTSTK,EXIDEIND,27-May-2021,152.5,PE,0,0,0,0.75,1.5,0,0,0,0,19-APR-2021,
OPTSTK,EXIDEIND,27-May-2021,155,PE,0,0,0,0.9,1.95,0,0,0,0,19-APR-2021,
OPTSTK,EXIDEIND,27-May-2021,157.5,PE,0,0,0,1.1,2.45,0,0,0,0,19-APR-2021,
OPTSTK,EXIDEIND,27-May-2021,160,PE,1.95,3.2,1.95,3.2,3.2,7,41.04,25200,25200,19-APR-2021,
OPTSTK,EXIDEIND,27-May-2021,162.5,PE,0,0,0,1.55,3.8,0,0,0,0,19-APR-2021,
OPTSTK,EXIDEIND,27-May-2021,165,PE,0,0,0,1.85,4.65,0,0,0,0,19-APR-2021,
OPTSTK,EXIDEIND,27-May-2021,167.5,PE,0,0,0,2.2,5.6,0,0,0,0,19-APR-2021,
OPTSTK,EXIDEIND,27-May-2021,170,PE,9,9,4.45,6.4,6.4,13,82.39,57600,32400,19-APR-2021,
OPTSTK,EXIDEIND,27-May-2021,172.5,PE,0,0,0,3,7.85,0,0,0,0,19-APR-2021,
OPTSTK,EXIDEIND,27-May-2021,175,PE,0,0,0,5.8,9.15,0,0,7200,0,19-APR-2021,
OPTSTK,EXIDEIND,27-May-2021,177.5,PE,0,0,0,4,10.6,0,0,0,0,19-APR-2021,
OPTSTK,EXIDEIND,27-May-2021,180,PE,11.95,12,11.95,12,12.15,2,13.82,25200,7200,19-APR-2021,
OPTSTK,EXIDEIND,27-May-2021,182.5,PE,0,0,0,5.2,13.75,0,0,0,0,19-APR-2021,
OPTSTK,EXIDEIND,27-May-2021,185,PE,0,0,0,5.9,15.5,0,0,0,0,19-APR-2021,
OPTSTK,EXIDEIND,27-May-2021,187.5,PE,0,0,0,6.65,17.35,0,0,0,0,19-APR-2021,
OPTSTK,EXIDEIND,27-May-2021,190,PE,0,0,0,7.4,19.25,0,0,0,0,19-APR-2021,
OPTSTK,EXIDEIND,27-May-2021,192.5,PE,0,0,0,8.3,21.25,0,0,0,0,19-APR-2021,
OPTSTK,EXIDEIND,27-May-2021,195,PE,0,0,0,9.2,23.3,0,0,0,0,19-APR-2021,
OPTSTK,EXIDEIND,27-May-2021,197.5,PE,0,0,0,10.2,25.45,0,0,0,0,19-APR-2021,
OPTSTK,EXIDEIND,27-May-2021,200,PE,0,0,0,11.25,27.6,0,0,0,0,19-APR-2021,
OPTSTK,EXIDEIND,27-May-2021,202.5,PE,0,0,0,12.4,29.85,0,0,0,0,19-APR-2021,
OPTSTK,EXIDEIND,27-May-2021,205,PE,0,0,0,13.6,32.1,0,0,0,0,19-APR-2021,
OPTSTK,EXIDEIND,27-May-2021,207.5,PE,0,0,0,14.8,34.45,0,0,0,0,19-APR-2021,
OPTSTK,EXIDEIND,27-May-2021,210,PE,0,0,0,16.15,36.75,0,0,0,0,19-APR-2021,
OPTSTK,EXIDEIND,27-May-2021,212.5,PE,0,0,0,17.5,39.15,0,0,0,0,19-APR-2021,
OPTSTK,EXIDEIND,27-May-2021,215,PE,0,0,0,18.9,41.55,0,0,0,0,19-APR-2021,
OPTSTK,EXIDEIND,27-May-2021,217.5,PE,0,0,0,20.4,43.95,0,0,0,0,19-APR-2021,
OPTSTK,EXIDEIND,27-May-2021,220,PE,0,0,0,21.95,46.35,0,0,0,0,19-APR-2021,
OPTSTK,EXIDEIND,27-May-2021,222.5,PE,0,0,0,23.55,48.8,0,0,0,0,19-APR-2021,
OPTSTK,EXIDEIND,27-May-2021,225,PE,0,0,0,25.2,51.25,0,0,0,0,19-APR-2021,
OPTSTK,EXIDEIND,27-May-2021,227.5,PE,0,0,0,26.9,53.7,0,0,0,0,19-APR-2021,
OPTSTK,EXIDEIND,27-May-2021,230,PE,0,0,0,28.65,56.15,0,0,0,0,19-APR-2021,
OPTSTK,EXIDEIND,27-May-2021,232.5,PE,0,0,0,30.4,58.65,0,0,0,0,19-APR-2021,
OPTSTK,EXIDEIND,27-May-2021,235,PE,0,0,0,32.25,61.1,0,0,0,0,19-APR-2021,
OPTSTK,EXIDEIND,27-May-2021,237.5,PE,0,0,0,34.15,63.6,0,0,0,0,19-APR-2021,
OPTSTK,EXIDEIND,27-May-2021,240,PE,0,0,0,36.1,66.05,0,0,0,0,19-APR-2021,
OPTSTK,EXIDEIND,27-May-2021,242.5,PE,0,0,0,38.05,68.55,0,0,0,0,19-APR-2021,
OPTSTK,EXIDEIND,27-May-2021,245,PE,0,0,0,40.05,71.05,0,0,0,0,19-APR-2021,
OPTSTK,EXIDEIND,27-May-2021,247.5,PE,0,0,0,42.1,73.5,0,0,0,0,19-APR-2021,
OPTSTK,EXIDEIND,27-May-2021,250,PE,0,0,0,44.15,76,0,0,0,0,19-APR-2021,
OPTSTK,EXIDEIND,27-May-2021,252.5,PE,0,0,0,46.25,78.5,0,0,0,0,19-APR-2021,
OPTSTK,EXIDEIND,27-May-2021,255,PE,0,0,0,48.35,81,0,0,0,0,19-APR-2021,
OPTSTK,EXIDEIND,24-Jun-2021,127.5,CE,0,0,0,55.15,46.7,0,0,0,0,19-APR-2021,
OPTSTK,EXIDEIND,24-Jun-2021,130,CE,0,0,0,52.75,44.3,0,0,0,0,19-APR-2021,
OPTSTK,EXIDEIND,24-Jun-2021,132.5,CE,0,0,0,50.4,41.9,0,0,0,0,19-APR-2021,
OPTSTK,EXIDEIND,24-Jun-2021,135,CE,0,0,0,48.1,39.6,0,0,0,0,19-APR-2021,
OPTSTK,EXIDEIND,24-Jun-2021,137.5,CE,0,0,0,45.8,37.3,0,0,0,0,19-APR-2021,
OPTSTK,EXIDEIND,24-Jun-2021,140,CE,0,0,0,43.55,35.05,0,0,0,0,19-APR-2021,
OPTSTK,EXIDEIND,24-Jun-2021,142.5,CE,0,0,0,41.3,32.85,0,0,0,0,19-APR-2021,
OPTSTK,EXIDEIND,24-Jun-2021,145,CE,0,0,0,39.15,30.7,0,0,0,0,19-APR-2021,
OPTSTK,EXIDEIND,24-Jun-2021,147.5,CE,0,0,0,37,28.6,0,0,0,0,19-APR-2021,
OPTSTK,EXIDEIND,24-Jun-2021,150,CE,0,0,0,34.95,26.6,0,0,0,0,19-APR-2021,
OPTSTK,EXIDEIND,24-Jun-2021,152.5,CE,0,0,0,32.9,24.65,0,0,0,0,19-APR-2021,
OPTSTK,EXIDEIND,24-Jun-2021,155,CE,0,0,0,30.95,22.75,0,0,0,0,19-APR-2021,
OPTSTK,EXIDEIND,24-Jun-2021,157.5,CE,0,0,0,29.05,20.95,0,0,0,0,19-APR-2021,
OPTSTK,EXIDEIND,24-Jun-2021,160,CE,0,0,0,27.25,19.25,0,0,0,0,19-APR-2021,
OPTSTK,EXIDEIND,24-Jun-2021,162.5,CE,0,0,0,25.45,17.6,0,0,0,0,19-APR-2021,
OPTSTK,EXIDEIND,24-Jun-2021,165,CE,0,0,0,23.75,16.1,0,0,0,0,19-APR-2021,
OPTSTK,EXIDEIND,24-Jun-2021,167.5,CE,0,0,0,22.15,14.65,0,0,0,0,19-APR-2021,
OPTSTK,EXIDEIND,24-Jun-2021,170,CE,0,0,0,20.55,13.25,0,0,0,0,19-APR-2021,
OPTSTK,EXIDEIND,24-Jun-2021,172.5,CE,0,0,0,19.1,12,0,0,0,0,19-APR-2021,
OPTSTK,EXIDEIND,24-Jun-2021,175,CE,0,0,0,17.7,10.85,0,0,0,0,19-APR-2021,
OPTSTK,EXIDEIND,24-Jun-2021,177.5,CE,0,0,0,16.35,9.75,0,0,0,0,19-APR-2021,
OPTSTK,EXIDEIND,24-Jun-2021,180,CE,0,0,0,15.1,8.75,0,0,0,0,19-APR-2021,
OPTSTK,EXIDEIND,24-Jun-2021,182.5,CE,0,0,0,13.9,7.8,0,0,0,0,19-APR-2021,
OPTSTK,EXIDEIND,24-Jun-2021,185,CE,0,0,0,12.8,6.95,0,0,0,0,19-APR-2021,
OPTSTK,EXIDEIND,24-Jun-2021,187.5,CE,0,0,0,11.75,6.2,0,0,0,0,19-APR-2021,
OPTSTK,EXIDEIND,24-Jun-2021,190,CE,0,0,0,10.75,5.5,0,0,0,0,19-APR-2021,
OPTSTK,EXIDEIND,24-Jun-2021,192.5,CE,0,0,0,9.85,4.85,0,0,0,0,19-APR-2021,
OPTSTK,EXIDEIND,24-Jun-2021,195,CE,0,0,0,9,4.3,0,0,0,0,19-APR-2021,
OPTSTK,EXIDEIND,24-Jun-2021,197.5,CE,0,0,0,8.2,3.75,0,0,0,0,19-APR-2021,
OPTSTK,EXIDEIND,24-Jun-2021,200,CE,0,0,0,7.45,3.3,0,0,0,0,19-APR-2021,
OPTSTK,EXIDEIND,24-Jun-2021,202.5,CE,0,0,0,6.8,2.9,0,0,0,0,19-APR-2021,
OPTSTK,EXIDEIND,24-Jun-2021,205,CE,0,0,0,6.15,2.55,0,0,0,0,19-APR-2021,
OPTSTK,EXIDEIND,24-Jun-2021,207.5,CE,0,0,0,5.6,2.2,0,0,0,0,19-APR-2021,
OPTSTK,EXIDEIND,24-Jun-2021,210,CE,0,0,0,5.05,1.9,0,0,0,0,19-APR-2021,
OPTSTK,EXIDEIND,24-Jun-2021,212.5,CE,0,0,0,4.55,1.65,0,0,0,0,19-APR-2021,
OPTSTK,EXIDEIND,24-Jun-2021,215,CE,0,0,0,4.1,1.45,0,0,0,0,19-APR-2021,
OPTSTK,EXIDEIND,24-Jun-2021,217.5,CE,0,0,0,3.7,1.25,0,0,0,0,19-APR-2021,
OPTSTK,EXIDEIND,24-Jun-2021,220,CE,0,0,0,3.35,1.1,0,0,0,0,19-APR-2021,
OPTSTK,EXIDEIND,24-Jun-2021,222.5,CE,0,0,0,3,0.95,0,0,0,0,19-APR-2021,
OPTSTK,EXIDEIND,24-Jun-2021,225,CE,0,0,0,2.7,0.8,0,0,0,0,19-APR-2021,
OPTSTK,EXIDEIND,24-Jun-2021,227.5,CE,0,0,0,2.4,0.7,0,0,0,0,19-APR-2021,
OPTSTK,EXIDEIND,24-Jun-2021,230,CE,0,0,0,2.15,0.6,0,0,0,0,19-APR-2021,
OPTSTK,EXIDEIND,24-Jun-2021,232.5,CE,0,0,0,1.95,0.5,0,0,0,0,19-APR-2021,
OPTSTK,EXIDEIND,24-Jun-2021,235,CE,0,0,0,1.75,0.45,0,0,0,0,19-APR-2021,
OPTSTK,EXIDEIND,24-Jun-2021,237.5,CE,0,0,0,1.55,0.35,0,0,0,0,19-APR-2021,
OPTSTK,EXIDEIND,24-Jun-2021,240,CE,0,0,0,1.4,0.3,0,0,0,0,19-APR-2021,
OPTSTK,EXIDEIND,24-Jun-2021,242.5,CE,0,0,0,1.25,0.25,0,0,0,0,19-APR-2021,
OPTSTK,EXIDEIND,24-Jun-2021,245,CE,0,0,0,1.1,0.25,0,0,0,0,19-APR-2021,
OPTSTK,EXIDEIND,24-Jun-2021,247.5,CE,0,0,0,1,0.2,0,0,0,0,19-APR-2021,
OPTSTK,EXIDEIND,24-Jun-2021,250,CE,0,0,0,0.85,0.15,0,0,0,0,19-APR-2021,
OPTSTK,EXIDEIND,24-Jun-2021,252.5,CE,0,0,0,0.75,0.15,0,0,0,0,19-APR-2021,
OPTSTK,EXIDEIND,24-Jun-2021,255,CE,0,0,0,0.7,0.15,0,0,0,0,19-APR-2021,
OPTSTK,EXIDEIND,24-Jun-2021,127.5,PE,0,0,0,0.35,0.25,0,0,0,0,19-APR-2021,
OPTSTK,EXIDEIND,24-Jun-2021,130,PE,0,0,0,0.45,0.35,0,0,0,0,19-APR-2021,
OPTSTK,EXIDEIND,24-Jun-2021,132.5,PE,0,0,0,0.55,0.5,0,0,0,0,19-APR-2021,
OPTSTK,EXIDEIND,24-Jun-2021,135,PE,0,0,0,0.7,0.65,0,0,0,0,19-APR-2021,
OPTSTK,EXIDEIND,24-Jun-2021,137.5,PE,0,0,0,0.9,0.8,0,0,0,0,19-APR-2021,
OPTSTK,EXIDEIND,24-Jun-2021,140,PE,0,0,0,1.15,1.05,0,0,0,0,19-APR-2021,
OPTSTK,EXIDEIND,24-Jun-2021,142.5,PE,0,0,0,1.4,1.35,0,0,0,0,19-APR-2021,
OPTSTK,EXIDEIND,24-Jun-2021,145,PE,0,0,0,1.7,1.65,0,0,0,0,19-APR-2021,
OPTSTK,EXIDEIND,24-Jun-2021,147.5,PE,0,0,0,2.05,2.05,0,0,0,0,19-APR-2021,
OPTSTK,EXIDEIND,24-Jun-2021,150,PE,0,0,0,2.45,2.5,0,0,0,0,19-APR-2021,
OPTSTK,EXIDEIND,24-Jun-2021,152.5,PE,0,0,0,2.9,3.05,0,0,0,0,19-APR-2021,
OPTSTK,EXIDEIND,24-Jun-2021,155,PE,0,0,0,3.4,3.65,0,0,0,0,19-APR-2021,
OPTSTK,EXIDEIND,24-Jun-2021,157.5,PE,0,0,0,4,4.35,0,0,0,0,19-APR-2021,
OPTSTK,EXIDEIND,24-Jun-2021,160,PE,0,0,0,4.65,5.1,0,0,0,0,19-APR-2021,
OPTSTK,EXIDEIND,24-Jun-2021,162.5,PE,0,0,0,5.35,5.95,0,0,0,0,19-APR-2021,
OPTSTK,EXIDEIND,24-Jun-2021,165,PE,0,0,0,6.1,6.9,0,0,0,0,19-APR-2021,
OPTSTK,EXIDEIND,24-Jun-2021,167.5,PE,0,0,0,6.95,7.95,0,0,0,0,19-APR-2021,
OPTSTK,EXIDEIND,24-Jun-2021,170,PE,0,0,0,7.9,9.1,0,0,0,0,19-APR-2021,
OPTSTK,EXIDEIND,24-Jun-2021,172.5,PE,0,0,0,8.9,10.3,0,0,0,0,19-APR-2021,
OPTSTK,EXIDEIND,24-Jun-2021,175,PE,0,0,0,9.95,11.6,0,0,0,0,19-APR-2021,
OPTSTK,EXIDEIND,24-Jun-2021,177.5,PE,0,0,0,11.1,13,0,0,0,0,19-APR-2021,
OPTSTK,EXIDEIND,24-Jun-2021,180,PE,0,0,0,12.3,14.45,0,0,0,0,19-APR-2021,
OPTSTK,EXIDEIND,24-Jun-2021,182.5,PE,0,0,0,13.6,16,0,0,0,0,19-APR-2021,
OPTSTK,EXIDEIND,24-Jun-2021,185,PE,0,0,0,14.95,17.65,0,0,0,0,19-APR-2021,
OPTSTK,EXIDEIND,24-Jun-2021,187.5,PE,0,0,0,16.4,19.35,0,0,0,0,19-APR-2021,
OPTSTK,EXIDEIND,24-Jun-2021,190,PE,0,0,0,17.9,21.15,0,0,0,0,19-APR-2021,
OPTSTK,EXIDEIND,24-Jun-2021,192.5,PE,0,0,0,19.45,23,0,0,0,0,19-APR-2021,
OPTSTK,EXIDEIND,24-Jun-2021,195,PE,0,0,0,21.05,24.9,0,0,0,0,19-APR-2021,
OPTSTK,EXIDEIND,24-Jun-2021,197.5,PE,0,0,0,22.75,26.9,0,0,0,0,19-APR-2021,
OPTSTK,EXIDEIND,24-Jun-2021,200,PE,0,0,0,24.5,28.9,0,0,0,0,19-APR-2021,
OPTSTK,EXIDEIND,24-Jun-2021,202.5,PE,0,0,0,26.3,31,0,0,0,0,19-APR-2021,
OPTSTK,EXIDEIND,24-Jun-2021,205,PE,0,0,0,28.15,33.1,0,0,0,0,19-APR-2021,
OPTSTK,EXIDEIND,24-Jun-2021,207.5,PE,0,0,0,30.05,35.25,0,0,0,0,19-APR-2021,
OPTSTK,EXIDEIND,24-Jun-2021,210,PE,0,0,0,32,37.45,0,0,0,0,19-APR-2021,
OPTSTK,EXIDEIND,24-Jun-2021,212.5,PE,0,0,0,34,39.7,0,0,0,0,19-APR-2021,
OPTSTK,EXIDEIND,24-Jun-2021,215,PE,0,0,0,36,41.95,0,0,0,0,19-APR-2021,
OPTSTK,EXIDEIND,24-Jun-2021,217.5,PE,0,0,0,38.1,44.25,0,0,0,0,19-APR-2021,
OPTSTK,EXIDEIND,24-Jun-2021,220,PE,0,0,0,40.2,46.55,0,0,0,0,19-APR-2021,
OPTSTK,EXIDEIND,24-Jun-2021,222.5,PE,0,0,0,42.35,48.85,0,0,0,0,19-APR-2021,
OPTSTK,EXIDEIND,24-Jun-2021,225,PE,0,0,0,44.5,51.25,0,0,0,0,19-APR-2021,
OPTSTK,EXIDEIND,24-Jun-2021,227.5,PE,0,0,0,46.7,53.6,0,0,0,0,19-APR-2021,
OPTSTK,EXIDEIND,24-Jun-2021,230,PE,0,0,0,48.95,56,0,0,0,0,19-APR-2021,
OPTSTK,EXIDEIND,24-Jun-2021,232.5,PE,0,0,0,51.2,58.4,0,0,0,0,19-APR-2021,
OPTSTK,EXIDEIND,24-Jun-2021,235,PE,0,0,0,53.45,60.8,0,0,0,0,19-APR-2021,
OPTSTK,EXIDEIND,24-Jun-2021,237.5,PE,0,0,0,55.75,63.2,0,0,0,0,19-APR-2021,
OPTSTK,EXIDEIND,24-Jun-2021,240,PE,0,0,0,58.05,65.65,0,0,0,0,19-APR-2021,
OPTSTK,EXIDEIND,24-Jun-2021,242.5,PE,0,0,0,60.35,68.1,0,0,0,0,19-APR-2021,
OPTSTK,EXIDEIND,24-Jun-2021,245,PE,0,0,0,62.7,70.55,0,0,0,0,19-APR-2021,
OPTSTK,EXIDEIND,24-Jun-2021,247.5,PE,0,0,0,65.05,73,0,0,0,0,19-APR-2021,
OPTSTK,EXIDEIND,24-Jun-2021,250,PE,0,0,0,67.45,75.45,0,0,0,0,19-APR-2021,
OPTSTK,EXIDEIND,24-Jun-2021,252.5,PE,0,0,0,69.8,77.9,0,0,0,0,19-APR-2021,
OPTSTK,EXIDEIND,24-Jun-2021,255,PE,0,0,0,72.2,80.35,0,0,0,0,19-APR-2021,
OPTSTK,FEDERALBNK,29-Apr-2021,44,CE,0,0,0,28.4,28,0,0,0,0,19-APR-2021,
OPTSTK,FEDERALBNK,29-Apr-2021,45,CE,0,0,0,34.5,27,0,0,150000,0,19-APR-2021,
OPTSTK,FEDERALBNK,29-Apr-2021,46,CE,0,0,0,26.6,26,0,0,0,0,19-APR-2021,
OPTSTK,FEDERALBNK,29-Apr-2021,47,CE,0,0,0,25.7,25,0,0,0,0,19-APR-2021,
OPTSTK,FEDERALBNK,29-Apr-2021,48,CE,0,0,0,24.85,24,0,0,0,0,19-APR-2021,
OPTSTK,FEDERALBNK,29-Apr-2021,49,CE,0,0,0,23.95,23,0,0,0,0,19-APR-2021,
OPTSTK,FEDERALBNK,29-Apr-2021,50,CE,0,0,0,26.75,22,0,0,80000,0,19-APR-2021,
OPTSTK,FEDERALBNK,29-Apr-2021,51,CE,0,0,0,22.3,21,0,0,0,0,19-APR-2021,
OPTSTK,FEDERALBNK,29-Apr-2021,52,CE,0,0,0,21.45,20,0,0,0,0,19-APR-2021,
OPTSTK,FEDERALBNK,29-Apr-2021,53,CE,0,0,0,20.65,19,0,0,0,0,19-APR-2021,
OPTSTK,FEDERALBNK,29-Apr-2021,54,CE,0,0,0,19.85,18.05,0,0,0,0,19-APR-2021,
OPTSTK,FEDERALBNK,29-Apr-2021,55,CE,0,0,0,19.1,17.05,0,0,0,0,19-APR-2021,
OPTSTK,FEDERALBNK,29-Apr-2021,56,CE,0,0,0,18.35,16.05,0,0,0,0,19-APR-2021,
OPTSTK,FEDERALBNK,29-Apr-2021,57,CE,0,0,0,17.6,15.05,0,0,0,0,19-APR-2021,
OPTSTK,FEDERALBNK,29-Apr-2021,58,CE,0,0,0,16.9,14.05,0,0,0,0,19-APR-2021,
OPTSTK,FEDERALBNK,29-Apr-2021,59,CE,0,0,0,16.2,13.1,0,0,0,0,19-APR-2021,
OPTSTK,FEDERALBNK,29-Apr-2021,60,CE,0,0,0,16.75,12.1,0,0,40000,0,19-APR-2021,
OPTSTK,FEDERALBNK,29-Apr-2021,61,CE,0,0,0,14.85,11.15,0,0,0,0,19-APR-2021,
OPTSTK,FEDERALBNK,29-Apr-2021,62,CE,0,0,0,14.25,10.25,0,0,0,0,19-APR-2021,
OPTSTK,FEDERALBNK,29-Apr-2021,63,CE,0,0,0,13.6,9.35,0,0,0,0,19-APR-2021,
OPTSTK,FEDERALBNK,29-Apr-2021,64,CE,0,0,0,13,8.45,0,0,0,0,19-APR-2021,
OPTSTK,FEDERALBNK,29-Apr-2021,65,CE,0,0,0,12.45,7.6,0,0,0,0,19-APR-2021,
OPTSTK,FEDERALBNK,29-Apr-2021,66,CE,0,0,0,11.9,6.8,0,0,0,0,19-APR-2021,
OPTSTK,FEDERALBNK,29-Apr-2021,67,CE,0,0,0,11.35,6,0,0,0,0,19-APR-2021,
OPTSTK,FEDERALBNK,29-Apr-2021,68,CE,0,0,0,10.8,5.3,0,0,0,0,19-APR-2021,
OPTSTK,FEDERALBNK,29-Apr-2021,69,CE,0,0,0,10.3,4.6,0,0,0,0,19-APR-2021,
OPTSTK,FEDERALBNK,29-Apr-2021,70,CE,4.2,4.2,3.05,3.6,3.6,49,359.9,340000,180000,19-APR-2021,
OPTSTK,FEDERALBNK,29-Apr-2021,71,CE,2.85,3.1,2.55,3.1,3.1,13,95.9,70000,50000,19-APR-2021,
OPTSTK,FEDERALBNK,29-Apr-2021,72,CE,2.8,3,2.05,2.45,2.45,199,1478.49,430000,360000,19-APR-2021,
OPTSTK,FEDERALBNK,29-Apr-2021,73,CE,2.15,2.5,1.65,2,2,231,1732.7,820000,620000,19-APR-2021,
OPTSTK,FEDERALBNK,29-Apr-2021,74,CE,1.8,2,1.35,1.65,1.65,186,1405.74,530000,310000,19-APR-2021,
OPTSTK,FEDERALBNK,29-Apr-2021,75,CE,1.8,1.85,1.05,1.3,1.3,829,6326.24,2070000,900000,19-APR-2021,
OPTSTK,FEDERALBNK,29-Apr-2021,76,CE,1.2,1.25,0.85,1.05,1.05,211,1625.96,510000,40000,19-APR-2021,
OPTSTK,FEDERALBNK,29-Apr-2021,77,CE,1.05,1.05,0.7,0.85,0.85,231,1798.68,1160000,50000,19-APR-2021,
OPTSTK,FEDERALBNK,29-Apr-2021,78,CE,1.15,1.15,0.55,0.7,0.7,168,1322.18,890000,-20000,19-APR-2021,
OPTSTK,FEDERALBNK,29-Apr-2021,79,CE,0.6,0.7,0.5,0.55,0.55,41,326.25,760000,120000,19-APR-2021,
OPTSTK,FEDERALBNK,29-Apr-2021,80,CE,0.65,0.75,0.4,0.45,0.45,752,6051.79,5930000,60000,19-APR-2021,
OPTSTK,FEDERALBNK,29-Apr-2021,81,CE,0.35,0.45,0.35,0.35,0.5,20,162.74,610000,-80000,19-APR-2021,
OPTSTK,FEDERALBNK,29-Apr-2021,82,CE,0.65,0.65,0.25,0.35,0.35,87,716.25,780000,160000,19-APR-2021,
OPTSTK,FEDERALBNK,29-Apr-2021,83,CE,0.15,0.4,0.15,0.25,0.25,26,216.47,410000,-10000,19-APR-2021,
OPTSTK,FEDERALBNK,29-Apr-2021,84,CE,0,0,0,0.55,0.25,0,0,210000,0,19-APR-2021,
OPTSTK,FEDERALBNK,29-Apr-2021,85,CE,0.35,0.35,0.2,0.2,0.2,347,2957.32,4110000,670000,19-APR-2021,
OPTSTK,FEDERALBNK,29-Apr-2021,86,CE,0.15,0.15,0.15,0.15,0.15,11,94.76,130000,-10000,19-APR-2021,
OPTSTK,FEDERALBNK,29-Apr-2021,87,CE,0.2,0.2,0.1,0.15,0.15,9,78.46,410000,-50000,19-APR-2021,
OPTSTK,FEDERALBNK,29-Apr-2021,88,CE,0.15,0.15,0.15,0.15,0.15,15,132.22,250000,-100000,19-APR-2021,
OPTSTK,FEDERALBNK,29-Apr-2021,89,CE,0,0,0,0.9,0.05,0,0,20000,0,19-APR-2021,
OPTSTK,FEDERALBNK,29-Apr-2021,90,CE,0.15,0.15,0.1,0.1,0.1,74,666.89,3340000,-190000,19-APR-2021,
OPTSTK,FEDERALBNK,29-Apr-2021,91,CE,0.15,0.15,0.15,0.15,0.05,1,9.11,90000,0,19-APR-2021,
OPTSTK,FEDERALBNK,29-Apr-2021,92,CE,0,0,0,0.2,0.05,0,0,10000,0,19-APR-2021,
OPTSTK,FEDERALBNK,29-Apr-2021,93,CE,0,0,0,0.4,0.05,0,0,20000,0,19-APR-2021,
OPTSTK,FEDERALBNK,29-Apr-2021,94,CE,0,0,0,2.75,0.05,0,0,0,0,19-APR-2021,
OPTSTK,FEDERALBNK,29-Apr-2021,95,CE,0.1,0.1,0.05,0.1,0.1,120,1141.14,3500000,-390000,19-APR-2021,
OPTSTK,FEDERALBNK,29-Apr-2021,96,CE,0,0,0,2.45,0.05,0,0,0,0,19-APR-2021,
OPTSTK,FEDERALBNK,29-Apr-2021,97,CE,0,0,0,0.35,0,0,0,20000,0,19-APR-2021,
OPTSTK,FEDERALBNK,29-Apr-2021,98,CE,0,0,0,2.2,0,0,0,0,0,19-APR-2021,
OPTSTK,FEDERALBNK,29-Apr-2021,99,CE,0,0,0,2.1,0,0,0,0,0,19-APR-2021,
OPTSTK,FEDERALBNK,29-Apr-2021,100,CE,0.05,0.1,0.05,0.05,0.05,31,310.23,1240000,-90000,19-APR-2021,
OPTSTK,FEDERALBNK,29-Apr-2021,101,CE,0.05,0.05,0.05,0.05,0,11,111.15,40000,-110000,19-APR-2021,
OPTSTK,FEDERALBNK,29-Apr-2021,102,CE,0.05,0.05,0.05,0.05,0,3,30.61,20000,-10000,19-APR-2021,
OPTSTK,FEDERALBNK,29-Apr-2021,103,CE,0,0,0,2.55,0,0,0,0,0,19-APR-2021,
OPTSTK,FEDERALBNK,29-Apr-2021,104,CE,0,0,0,2.4,0,0,0,0,0,19-APR-2021,
OPTSTK,FEDERALBNK,29-Apr-2021,105,CE,0.05,0.05,0.05,0.05,0.05,17,178.58,230000,-20000,19-APR-2021,
OPTSTK,FEDERALBNK,29-Apr-2021,44,PE,0,0,0,0.05,0,0,0,110000,0,19-APR-2021,
OPTSTK,FEDERALBNK,29-Apr-2021,45,PE,0,0,0,0.5,0,0,0,0,0,19-APR-2021,
OPTSTK,FEDERALBNK,29-Apr-2021,46,PE,0,0,0,0.05,0,0,0,30000,0,19-APR-2021,
OPTSTK,FEDERALBNK,29-Apr-2021,47,PE,0,0,0,0.7,0,0,0,0,0,19-APR-2021,
OPTSTK,FEDERALBNK,29-Apr-2021,48,PE,0,0,0,0.8,0,0,0,0,0,19-APR-2021,
OPTSTK,FEDERALBNK,29-Apr-2021,49,PE,0,0,0,0.9,0,0,0,0,0,19-APR-2021,
OPTSTK,FEDERALBNK,29-Apr-2021,50,PE,0.1,0.1,0.1,0.1,0,3,15.03,50000,20000,19-APR-2021,
OPTSTK,FEDERALBNK,29-Apr-2021,51,PE,0,0,0,1.2,0,0,0,0,0,19-APR-2021,
OPTSTK,FEDERALBNK,29-Apr-2021,52,PE,0,0,0,1.4,0,0,0,0,0,19-APR-2021,
OPTSTK,FEDERALBNK,29-Apr-2021,53,PE,0,0,0,1.55,0,0,0,0,0,19-APR-2021,
OPTSTK,FEDERALBNK,29-Apr-2021,54,PE,0,0,0,0.15,0,0,0,60000,0,19-APR-2021,
OPTSTK,FEDERALBNK,29-Apr-2021,55,PE,0.05,0.15,0.05,0.15,0.05,3,16.53,140000,10000,19-APR-2021,
OPTSTK,FEDERALBNK,29-Apr-2021,56,PE,0,0,0,2.25,0.05,0,0,0,0,19-APR-2021,
OPTSTK,FEDERALBNK,29-Apr-2021,57,PE,0,0,0,2.5,0.05,0,0,0,0,19-APR-2021,
OPTSTK,FEDERALBNK,29-Apr-2021,58,PE,0,0,0,2.75,0.05,0,0,0,0,19-APR-2021,
OPTSTK,FEDERALBNK,29-Apr-2021,59,PE,0,0,0,3.05,0.1,0,0,0,0,19-APR-2021,
OPTSTK,FEDERALBNK,29-Apr-2021,60,PE,0.25,0.35,0.2,0.2,0.1,15,90.37,440000,-10000,19-APR-2021,
OPTSTK,FEDERALBNK,29-Apr-2021,61,PE,0,0,0,0.15,0.15,0,0,40000,0,19-APR-2021,
OPTSTK,FEDERALBNK,29-Apr-2021,62,PE,0.15,0.15,0.15,0.15,0.25,1,6.21,30000,10000,19-APR-2021,
OPTSTK,FEDERALBNK,29-Apr-2021,63,PE,0,0,0,0.5,0.3,0,0,10000,0,19-APR-2021,
OPTSTK,FEDERALBNK,29-Apr-2021,64,PE,0,0,0,0.15,0.45,0,0,110000,0,19-APR-2021,
OPTSTK,FEDERALBNK,29-Apr-2021,65,PE,0.45,0.6,0.4,0.5,0.5,297,1945.56,1350000,-210000,19-APR-2021,
OPTSTK,FEDERALBNK,29-Apr-2021,66,PE,0,0,0,1.25,0.75,0,0,50000,0,19-APR-2021,
OPTSTK,FEDERALBNK,29-Apr-2021,67,PE,0,0,0,0.65,1,0,0,80000,0,19-APR-2021,
OPTSTK,FEDERALBNK,29-Apr-2021,68,PE,0.9,1.15,0.75,0.95,0.95,156,1076.13,580000,320000,19-APR-2021,
OPTSTK,FEDERALBNK,29-Apr-2021,69,PE,1,1.4,0.9,1.15,1.15,29,203.52,420000,40000,19-APR-2021,
OPTSTK,FEDERALBNK,29-Apr-2021,70,PE,1,1.75,1,1.5,1.5,633,4521.25,2340000,-140000,19-APR-2021,
OPTSTK,FEDERALBNK,29-Apr-2021,71,PE,1.1,2.2,1.1,1.85,1.85,178,1296.4,380000,70000,19-APR-2021,
OPTSTK,FEDERALBNK,29-Apr-2021,72,PE,1.6,2.7,1.6,2.4,2.4,169,1255.56,690000,110000,19-APR-2021,
OPTSTK,FEDERALBNK,29-Apr-2021,73,PE,2.75,3.35,2.2,2.85,2.85,183,1385.83,580000,-70000,19-APR-2021,
OPTSTK,FEDERALBNK,29-Apr-2021,74,PE,2.4,4,2.4,3.55,3.55,86,663.54,480000,-80000,19-APR-2021,
OPTSTK,FEDERALBNK,29-Apr-2021,75,PE,2.85,4.75,2.75,4.2,4.2,331,2608.79,1480000,-450000,19-APR-2021,
OPTSTK,FEDERALBNK,29-Apr-2021,76,PE,4,5.15,3.95,5.15,5.4,26,209.28,350000,-90000,19-APR-2021,
OPTSTK,FEDERALBNK,29-Apr-2021,77,PE,5,6.15,4.8,5.6,5.6,47,386.64,430000,-310000,19-APR-2021,
OPTSTK,FEDERALBNK,29-Apr-2021,78,PE,4.6,6.85,4.6,6.5,6.5,23,193.25,500000,-70000,19-APR-2021,
OPTSTK,FEDERALBNK,29-Apr-2021,79,PE,7.4,8,7.4,8,7.75,3,26.04,330000,-10000,19-APR-2021,
OPTSTK,FEDERALBNK,29-Apr-2021,80,PE,7.5,8.25,7.05,8.25,8.6,20,175.38,1080000,-100000,19-APR-2021,
OPTSTK,FEDERALBNK,29-Apr-2021,81,PE,9.6,9.6,9.6,9.6,9.6,1,9.06,90000,-10000,19-APR-2021,
OPTSTK,FEDERALBNK,29-Apr-2021,82,PE,0,0,0,5.9,10.35,0,0,90000,0,19-APR-2021,
OPTSTK,FEDERALBNK,29-Apr-2021,83,PE,0,0,0,8.1,11.25,0,0,0,0,19-APR-2021,
OPTSTK,FEDERALBNK,29-Apr-2021,84,PE,0,0,0,16.4,12.2,0,0,0,0,19-APR-2021,
OPTSTK,FEDERALBNK,29-Apr-2021,85,PE,0,0,0,8.9,13.15,0,0,170000,0,19-APR-2021,
OPTSTK,FEDERALBNK,29-Apr-2021,86,PE,0,0,0,17.9,14.1,0,0,0,0,19-APR-2021,
OPTSTK,FEDERALBNK,29-Apr-2021,87,PE,0,0,0,18.65,15.1,0,0,0,0,19-APR-2021,
OPTSTK,FEDERALBNK,29-Apr-2021,88,PE,0,0,0,19.45,16.05,0,0,0,0,19-APR-2021,
OPTSTK,FEDERALBNK,29-Apr-2021,89,PE,0,0,0,20.25,17.05,0,0,0,0,19-APR-2021,
OPTSTK,FEDERALBNK,29-Apr-2021,90,PE,0,0,0,14,18,0,0,40000,0,19-APR-2021,
OPTSTK,FEDERALBNK,29-Apr-2021,91,PE,0,0,0,21.85,19,0,0,0,0,19-APR-2021,
OPTSTK,FEDERALBNK,29-Apr-2021,92,PE,0,0,0,22.65,20,0,0,0,0,19-APR-2021,
OPTSTK,FEDERALBNK,29-Apr-2021,93,PE,0,0,0,23.45,21,0,0,0,0,19-APR-2021,
OPTSTK,FEDERALBNK,29-Apr-2021,94,PE,0,0,0,24.3,22,0,0,0,0,19-APR-2021,
OPTSTK,FEDERALBNK,29-Apr-2021,95,PE,0,0,0,25.15,23,0,0,0,0,19-APR-2021,
OPTSTK,FEDERALBNK,29-Apr-2021,96,PE,0,0,0,26,24,0,0,0,0,19-APR-2021,
OPTSTK,FEDERALBNK,29-Apr-2021,97,PE,0,0,0,26.85,25,0,0,0,0,19-APR-2021,
OPTSTK,FEDERALBNK,29-Apr-2021,98,PE,0,0,0,27.7,26,0,0,0,0,19-APR-2021,
OPTSTK,FEDERALBNK,29-Apr-2021,99,PE,0,0,0,28.55,26.95,0,0,0,0,19-APR-2021,
OPTSTK,FEDERALBNK,29-Apr-2021,100,PE,0,0,0,29.45,27.95,0,0,0,0,19-APR-2021,
OPTSTK,FEDERALBNK,29-Apr-2021,101,PE,0,0,0,25.75,28.95,0,0,0,0,19-APR-2021,
OPTSTK,FEDERALBNK,29-Apr-2021,102,PE,0,0,0,26.6,29.95,0,0,0,0,19-APR-2021,
OPTSTK,FEDERALBNK,29-Apr-2021,103,PE,0,0,0,27.45,30.95,0,0,0,0,19-APR-2021,
OPTSTK,FEDERALBNK,29-Apr-2021,104,PE,0,0,0,28.3,31.95,0,0,0,0,19-APR-2021,
OPTSTK,FEDERALBNK,29-Apr-2021,105,PE,0,0,0,29.15,32.95,0,0,0,0,19-APR-2021,
OPTSTK,FEDERALBNK,27-May-2021,54,CE,0,0,0,27.1,18.55,0,0,0,0,19-APR-2021,
OPTSTK,FEDERALBNK,27-May-2021,55,CE,0,0,0,29.25,17.65,0,0,0,0,19-APR-2021,
OPTSTK,FEDERALBNK,27-May-2021,56,CE,0,0,0,28.85,16.75,0,0,0,0,19-APR-2021,
OPTSTK,FEDERALBNK,27-May-2021,57,CE,0,0,0,28,15.9,0,0,0,0,19-APR-2021,
OPTSTK,FEDERALBNK,27-May-2021,58,CE,0,0,0,29.7,15.05,0,0,0,0,19-APR-2021,
OPTSTK,FEDERALBNK,27-May-2021,59,CE,0,0,0,28.85,14.2,0,0,0,0,19-APR-2021,
OPTSTK,FEDERALBNK,27-May-2021,60,CE,0,0,0,28,13.4,0,0,0,0,19-APR-2021,
OPTSTK,FEDERALBNK,27-May-2021,61,CE,0,0,0,27.15,12.6,0,0,0,0,19-APR-2021,
OPTSTK,FEDERALBNK,27-May-2021,62,CE,0,0,0,26.3,11.85,0,0,0,0,19-APR-2021,
OPTSTK,FEDERALBNK,27-May-2021,63,CE,0,0,0,25.5,11.1,0,0,0,0,19-APR-2021,
OPTSTK,FEDERALBNK,27-May-2021,64,CE,0,0,0,24.7,10.4,0,0,0,0,19-APR-2021,
OPTSTK,FEDERALBNK,27-May-2021,65,CE,0,0,0,23.9,9.75,0,0,0,0,19-APR-2021,
OPTSTK,FEDERALBNK,27-May-2021,66,CE,0,0,0,23.15,9.05,0,0,0,0,19-APR-2021,
OPTSTK,FEDERALBNK,27-May-2021,67,CE,0,0,0,22.35,8.45,0,0,0,0,19-APR-2021,
OPTSTK,FEDERALBNK,27-May-2021,68,CE,0,0,0,21.6,7.85,0,0,0,0,19-APR-2021,
OPTSTK,FEDERALBNK,27-May-2021,69,CE,0,0,0,20.9,7.3,0,0,0,0,19-APR-2021,
OPTSTK,FEDERALBNK,27-May-2021,70,CE,0,0,0,8.6,6.75,0,0,10000,0,19-APR-2021,
OPTSTK,FEDERALBNK,27-May-2021,71,CE,0,0,0,19.5,6.25,0,0,0,0,19-APR-2021,
OPTSTK,FEDERALBNK,27-May-2021,72,CE,0,0,0,18.8,5.75,0,0,0,0,19-APR-2021,
OPTSTK,FEDERALBNK,27-May-2021,73,CE,0,0,0,18.1,5.3,0,0,0,0,19-APR-2021,
OPTSTK,FEDERALBNK,27-May-2021,74,CE,0,0,0,17.45,4.9,0,0,0,0,19-APR-2021,
OPTSTK,FEDERALBNK,27-May-2021,75,CE,3,3,3,3,4.5,1,7.8,10000,10000,19-APR-2021,
OPTSTK,FEDERALBNK,27-May-2021,76,CE,0,0,0,16.2,4.1,0,0,0,0,19-APR-2021,
OPTSTK,FEDERALBNK,27-May-2021,77,CE,0,0,0,15.6,3.75,0,0,0,0,19-APR-2021,
OPTSTK,FEDERALBNK,27-May-2021,78,CE,0,0,0,15.05,3.45,0,0,0,0,19-APR-2021,
OPTSTK,FEDERALBNK,27-May-2021,79,CE,0,0,0,14.45,3.15,0,0,0,0,19-APR-2021,
OPTSTK,FEDERALBNK,27-May-2021,80,CE,2.25,2.3,1.9,1.95,1.95,23,188.58,250000,140000,19-APR-2021,
OPTSTK,FEDERALBNK,27-May-2021,81,CE,0,0,0,13.35,2.6,0,0,0,0,19-APR-2021,
OPTSTK,FEDERALBNK,27-May-2021,82,CE,0,0,0,12.85,2.4,0,0,0,0,19-APR-2021,
OPTSTK,FEDERALBNK,27-May-2021,83,CE,0,0,0,12.35,2.15,0,0,0,0,19-APR-2021,
OPTSTK,FEDERALBNK,27-May-2021,84,CE,0,0,0,11.85,1.95,0,0,0,0,19-APR-2021,
OPTSTK,FEDERALBNK,27-May-2021,85,CE,1.1,1.1,1.1,1.1,1.1,1,8.61,10000,10000,19-APR-2021,
OPTSTK,FEDERALBNK,27-May-2021,86,CE,0,0,0,10.9,1.6,0,0,0,0,19-APR-2021,
OPTSTK,FEDERALBNK,27-May-2021,87,CE,0,0,0,1.1,1.45,0,0,10000,0,19-APR-2021,
OPTSTK,FEDERALBNK,27-May-2021,88,CE,0,0,0,10.05,1.3,0,0,0,0,19-APR-2021,
OPTSTK,FEDERALBNK,27-May-2021,89,CE,0,0,0,9.65,1.2,0,0,0,0,19-APR-2021,
OPTSTK,FEDERALBNK,27-May-2021,90,CE,0.75,0.8,0.6,0.7,0.7,16,145.11,180000,100000,19-APR-2021,
OPTSTK,FEDERALBNK,27-May-2021,91,CE,0,0,0,8.85,0.95,0,0,0,0,19-APR-2021,
OPTSTK,FEDERALBNK,27-May-2021,92,CE,0,0,0,8.45,0.85,0,0,0,0,19-APR-2021,
OPTSTK,FEDERALBNK,27-May-2021,93,CE,0,0,0,8.1,0.8,0,0,0,0,19-APR-2021,
OPTSTK,FEDERALBNK,27-May-2021,94,CE,0,0,0,7.75,0.7,0,0,0,0,19-APR-2021,
OPTSTK,FEDERALBNK,27-May-2021,95,CE,0,0,0,7.45,0.65,0,0,0,0,19-APR-2021,
OPTSTK,FEDERALBNK,27-May-2021,96,CE,0,0,0,7.1,0.55,0,0,0,0,19-APR-2021,
OPTSTK,FEDERALBNK,27-May-2021,97,CE,0,0,0,6.8,0.5,0,0,0,0,19-APR-2021,
OPTSTK,FEDERALBNK,27-May-2021,98,CE,0,0,0,6.5,0.45,0,0,0,0,19-APR-2021,
OPTSTK,FEDERALBNK,27-May-2021,99,CE,0,0,0,6.2,0.4,0,0,0,0,19-APR-2021,
OPTSTK,FEDERALBNK,27-May-2021,100,CE,0,0,0,5.95,0.35,0,0,0,0,19-APR-2021,
OPTSTK,FEDERALBNK,27-May-2021,101,CE,0,0,0,5.7,0.3,0,0,0,0,19-APR-2021,
OPTSTK,FEDERALBNK,27-May-2021,102,CE,0,0,0,5.45,0.3,0,0,0,0,19-APR-2021,
OPTSTK,FEDERALBNK,27-May-2021,103,CE,0,0,0,5.2,0.25,0,0,0,0,19-APR-2021,
OPTSTK,FEDERALBNK,27-May-2021,104,CE,0,0,0,4.95,0.25,0,0,0,0,19-APR-2021,
OPTSTK,FEDERALBNK,27-May-2021,105,CE,0,0,0,4.75,0.2,0,0,0,0,19-APR-2021,
OPTSTK,FEDERALBNK,27-May-2021,54,PE,0,0,0,0.5,0.4,0,0,0,0,19-APR-2021,
OPTSTK,FEDERALBNK,27-May-2021,55,PE,0,0,0,0.75,0.5,0,0,0,0,19-APR-2021,
OPTSTK,FEDERALBNK,27-May-2021,56,PE,0,0,0,0.8,0.6,0,0,0,0,19-APR-2021,
OPTSTK,FEDERALBNK,27-May-2021,57,PE,0,0,0,0.95,0.7,0,0,0,0,19-APR-2021,
OPTSTK,FEDERALBNK,27-May-2021,58,PE,0,0,0,0.9,0.85,0,0,0,0,19-APR-2021,
OPTSTK,FEDERALBNK,27-May-2021,59,PE,0,0,0,1.05,1.05,0,0,0,0,19-APR-2021,
OPTSTK,FEDERALBNK,27-May-2021,60,PE,0,0,0,1.2,1.2,0,0,0,0,19-APR-2021,
OPTSTK,FEDERALBNK,27-May-2021,61,PE,0,0,0,1.35,1.45,0,0,0,0,19-APR-2021,
OPTSTK,FEDERALBNK,27-May-2021,62,PE,0,0,0,1.5,1.65,0,0,0,0,19-APR-2021,
OPTSTK,FEDERALBNK,27-May-2021,63,PE,0,0,0,1.65,1.9,0,0,0,0,19-APR-2021,
OPTSTK,FEDERALBNK,27-May-2021,64,PE,0,0,0,1.85,2.2,0,0,0,0,19-APR-2021,
OPTSTK,FEDERALBNK,27-May-2021,65,PE,0,0,0,2.05,2.5,0,0,0,0,19-APR-2021,
OPTSTK,FEDERALBNK,27-May-2021,66,PE,0,0,0,2.4,2.85,0,0,10000,0,19-APR-2021,
OPTSTK,FEDERALBNK,27-May-2021,67,PE,0,0,0,2.5,3.25,0,0,0,0,19-APR-2021,
OPTSTK,FEDERALBNK,27-May-2021,68,PE,0,0,0,2.75,3.65,0,0,0,0,19-APR-2021,
OPTSTK,FEDERALBNK,27-May-2021,69,PE,0,0,0,3,4.05,0,0,0,0,19-APR-2021,
OPTSTK,FEDERALBNK,27-May-2021,70,PE,2.7,3.45,2.65,3.3,4.55,58,423.88,600000,280000,19-APR-2021,
OPTSTK,FEDERALBNK,27-May-2021,71,PE,0,0,0,3.55,5,0,0,0,0,19-APR-2021,
OPTSTK,FEDERALBNK,27-May-2021,72,PE,0,0,0,3.85,5.55,0,0,0,0,19-APR-2021,
OPTSTK,FEDERALBNK,27-May-2021,73,PE,0,0,0,4.2,6.1,0,0,0,0,19-APR-2021,
OPTSTK,FEDERALBNK,27-May-2021,74,PE,0,0,0,4.55,6.65,0,0,0,0,19-APR-2021,
OPTSTK,FEDERALBNK,27-May-2021,75,PE,0,0,0,4.9,7.25,0,0,0,0,19-APR-2021,
OPTSTK,FEDERALBNK,27-May-2021,76,PE,0,0,0,5.25,7.85,0,0,0,0,19-APR-2021,
OPTSTK,FEDERALBNK,27-May-2021,77,PE,0,0,0,5.65,8.5,0,0,0,0,19-APR-2021,
OPTSTK,FEDERALBNK,27-May-2021,78,PE,0,0,0,6.05,9.2,0,0,0,0,19-APR-2021,
OPTSTK,FEDERALBNK,27-May-2021,79,PE,0,0,0,6.45,9.9,0,0,0,0,19-APR-2021,
OPTSTK,FEDERALBNK,27-May-2021,80,PE,0,0,0,6,10.6,0,0,10000,0,19-APR-2021,
OPTSTK,FEDERALBNK,27-May-2021,81,PE,0,0,0,7.35,11.35,0,0,0,0,19-APR-2021,
OPTSTK,FEDERALBNK,27-May-2021,82,PE,0,0,0,7.85,12.1,0,0,0,0,19-APR-2021,
OPTSTK,FEDERALBNK,27-May-2021,83,PE,0,0,0,8.3,12.9,0,0,0,0,19-APR-2021,
OPTSTK,FEDERALBNK,27-May-2021,84,PE,0,0,0,8.8,13.7,0,0,0,0,19-APR-2021,
OPTSTK,FEDERALBNK,27-May-2021,85,PE,0,0,0,9.35,14.5,0,0,0,0,19-APR-2021,
OPTSTK,FEDERALBNK,27-May-2021,86,PE,0,0,0,9.85,15.3,0,0,0,0,19-APR-2021,
OPTSTK,FEDERALBNK,27-May-2021,87,PE,0,0,0,10.4,16.15,0,0,0,0,19-APR-2021,
OPTSTK,FEDERALBNK,27-May-2021,88,PE,0,0,0,11,17,0,0,0,0,19-APR-2021,
OPTSTK,FEDERALBNK,27-May-2021,89,PE,0,0,0,11.55,17.9,0,0,0,0,19-APR-2021,
OPTSTK,FEDERALBNK,27-May-2021,90,PE,0,0,0,12.15,18.75,0,0,0,0,19-APR-2021,
OPTSTK,FEDERALBNK,27-May-2021,91,PE,0,0,0,12.75,19.65,0,0,0,0,19-APR-2021,
OPTSTK,FEDERALBNK,27-May-2021,92,PE,0,0,0,13.35,20.55,0,0,0,0,19-APR-2021,
OPTSTK,FEDERALBNK,27-May-2021,93,PE,0,0,0,14,21.45,0,0,0,0,19-APR-2021,
OPTSTK,FEDERALBNK,27-May-2021,94,PE,0,0,0,14.65,22.4,0,0,0,0,19-APR-2021,
OPTSTK,FEDERALBNK,27-May-2021,95,PE,0,0,0,15.3,23.3,0,0,0,0,19-APR-2021,
OPTSTK,FEDERALBNK,27-May-2021,96,PE,0,0,0,15.95,24.25,0,0,0,0,19-APR-2021,
OPTSTK,FEDERALBNK,27-May-2021,97,PE,0,0,0,16.65,25.15,0,0,0,0,19-APR-2021,
OPTSTK,FEDERALBNK,27-May-2021,98,PE,0,0,0,17.35,26.1,0,0,0,0,19-APR-2021,
OPTSTK,FEDERALBNK,27-May-2021,99,PE,0,0,0,18.05,27.05,0,0,0,0,19-APR-2021,
OPTSTK,FEDERALBNK,27-May-2021,100,PE,0,0,0,18.75,28,0,0,0,0,19-APR-2021,
OPTSTK,FEDERALBNK,27-May-2021,101,PE,0,0,0,19.5,29,0,0,0,0,19-APR-2021,
OPTSTK,FEDERALBNK,27-May-2021,102,PE,0,0,0,20.25,29.95,0,0,0,0,19-APR-2021,
OPTSTK,FEDERALBNK,27-May-2021,103,PE,0,0,0,21,30.9,0,0,0,0,19-APR-2021,
OPTSTK,FEDERALBNK,27-May-2021,104,PE,0,0,0,21.75,31.9,0,0,0,0,19-APR-2021,
OPTSTK,FEDERALBNK,27-May-2021,105,PE,0,0,0,22.5,32.85,0,0,0,0,19-APR-2021,
OPTSTK,FEDERALBNK,24-Jun-2021,54,CE,0,0,0,23.9,19.35,0,0,0,0,19-APR-2021,
OPTSTK,FEDERALBNK,24-Jun-2021,55,CE,0,0,0,23.1,18.55,0,0,0,0,19-APR-2021,
OPTSTK,FEDERALBNK,24-Jun-2021,56,CE,0,0,0,22.25,17.75,0,0,0,0,19-APR-2021,
OPTSTK,FEDERALBNK,24-Jun-2021,57,CE,0,0,0,21.45,16.95,0,0,0,0,19-APR-2021,
OPTSTK,FEDERALBNK,24-Jun-2021,58,CE,0,0,0,20.65,16.15,0,0,0,0,19-APR-2021,
OPTSTK,FEDERALBNK,24-Jun-2021,59,CE,0,0,0,19.9,15.4,0,0,0,0,19-APR-2021,
OPTSTK,FEDERALBNK,24-Jun-2021,60,CE,0,0,0,19.15,14.7,0,0,0,0,19-APR-2021,
OPTSTK,FEDERALBNK,24-Jun-2021,61,CE,0,0,0,18.4,14,0,0,0,0,19-APR-2021,
OPTSTK,FEDERALBNK,24-Jun-2021,62,CE,0,0,0,17.7,13.3,0,0,0,0,19-APR-2021,
OPTSTK,FEDERALBNK,24-Jun-2021,63,CE,0,0,0,17,12.6,0,0,0,0,19-APR-2021,
OPTSTK,FEDERALBNK,24-Jun-2021,64,CE,0,0,0,16.3,12,0,0,0,0,19-APR-2021,
OPTSTK,FEDERALBNK,24-Jun-2021,65,CE,0,0,0,15.65,11.35,0,0,0,0,19-APR-2021,
OPTSTK,FEDERALBNK,24-Jun-2021,66,CE,0,0,0,15,10.75,0,0,0,0,19-APR-2021,
OPTSTK,FEDERALBNK,24-Jun-2021,67,CE,0,0,0,14.35,10.2,0,0,0,0,19-APR-2021,
OPTSTK,FEDERALBNK,24-Jun-2021,68,CE,0,0,0,13.75,9.65,0,0,0,0,19-APR-2021,
OPTSTK,FEDERALBNK,24-Jun-2021,69,CE,0,0,0,13.15,9.1,0,0,0,0,19-APR-2021,
OPTSTK,FEDERALBNK,24-Jun-2021,70,CE,0,0,0,12.6,8.6,0,0,0,0,19-APR-2021,
OPTSTK,FEDERALBNK,24-Jun-2021,71,CE,0,0,0,12.05,8.1,0,0,0,0,19-APR-2021,
OPTSTK,FEDERALBNK,24-Jun-2021,72,CE,0,0,0,11.5,7.65,0,0,0,0,19-APR-2021,
OPTSTK,FEDERALBNK,24-Jun-2021,73,CE,0,0,0,11,7.2,0,0,0,0,19-APR-2021,
OPTSTK,FEDERALBNK,24-Jun-2021,74,CE,0,0,0,10.5,6.75,0,0,0,0,19-APR-2021,
OPTSTK,FEDERALBNK,24-Jun-2021,75,CE,0,0,0,10,6.35,0,0,0,0,19-APR-2021,
OPTSTK,FEDERALBNK,24-Jun-2021,76,CE,0,0,0,9.55,6,0,0,0,0,19-APR-2021,
OPTSTK,FEDERALBNK,24-Jun-2021,77,CE,0,0,0,9.1,5.6,0,0,0,0,19-APR-2021,
OPTSTK,FEDERALBNK,24-Jun-2021,78,CE,0,0,0,8.65,5.25,0,0,0,0,19-APR-2021,
OPTSTK,FEDERALBNK,24-Jun-2021,79,CE,0,0,0,8.25,4.95,0,0,0,0,19-APR-2021,
OPTSTK,FEDERALBNK,24-Jun-2021,80,CE,0,0,0,7.85,4.65,0,0,0,0,19-APR-2021,
OPTSTK,FEDERALBNK,24-Jun-2021,81,CE,0,0,0,7.5,4.35,0,0,0,0,19-APR-2021,
OPTSTK,FEDERALBNK,24-Jun-2021,82,CE,0,0,0,7.1,4.05,0,0,0,0,19-APR-2021,
OPTSTK,FEDERALBNK,24-Jun-2021,83,CE,0,0,0,6.8,3.8,0,0,0,0,19-APR-2021,
OPTSTK,FEDERALBNK,24-Jun-2021,84,CE,0,0,0,6.45,3.55,0,0,0,0,19-APR-2021,
OPTSTK,FEDERALBNK,24-Jun-2021,85,CE,0,0,0,3.2,3.35,0,0,10000,0,19-APR-2021,
OPTSTK,FEDERALBNK,24-Jun-2021,86,CE,0,0,0,5.8,3.1,0,0,0,0,19-APR-2021,
OPTSTK,FEDERALBNK,24-Jun-2021,87,CE,0,0,0,5.5,2.9,0,0,0,0,19-APR-2021,
OPTSTK,FEDERALBNK,24-Jun-2021,88,CE,0,0,0,5.25,2.7,0,0,0,0,19-APR-2021,
OPTSTK,FEDERALBNK,24-Jun-2021,89,CE,0,0,0,5,2.5,0,0,0,0,19-APR-2021,
OPTSTK,FEDERALBNK,24-Jun-2021,90,CE,0,0,0,4.7,2.35,0,0,0,0,19-APR-2021,
OPTSTK,FEDERALBNK,24-Jun-2021,91,CE,0,0,0,4.5,2.2,0,0,0,0,19-APR-2021,
OPTSTK,FEDERALBNK,24-Jun-2021,92,CE,0,0,0,4.25,2.05,0,0,0,0,19-APR-2021,
OPTSTK,FEDERALBNK,24-Jun-2021,93,CE,0,0,0,4.05,1.9,0,0,0,0,19-APR-2021,
OPTSTK,FEDERALBNK,24-Jun-2021,94,CE,0,0,0,3.8,1.75,0,0,0,0,19-APR-2021,
OPTSTK,FEDERALBNK,24-Jun-2021,95,CE,0,0,0,3.6,1.65,0,0,0,0,19-APR-2021,
OPTSTK,FEDERALBNK,24-Jun-2021,96,CE,0,0,0,3.45,1.55,0,0,0,0,19-APR-2021,
OPTSTK,FEDERALBNK,24-Jun-2021,97,CE,0,0,0,3.25,1.4,0,0,0,0,19-APR-2021,
OPTSTK,FEDERALBNK,24-Jun-2021,98,CE,0,0,0,3.1,1.3,0,0,0,0,19-APR-2021,
OPTSTK,FEDERALBNK,24-Jun-2021,99,CE,0,0,0,2.9,1.25,0,0,0,0,19-APR-2021,
OPTSTK,FEDERALBNK,24-Jun-2021,100,CE,0,0,0,2.75,1.15,0,0,0,0,19-APR-2021,
OPTSTK,FEDERALBNK,24-Jun-2021,101,CE,0,0,0,2.6,1.05,0,0,0,0,19-APR-2021,
OPTSTK,FEDERALBNK,24-Jun-2021,102,CE,0,0,0,2.45,1,0,0,0,0,19-APR-2021,
OPTSTK,FEDERALBNK,24-Jun-2021,103,CE,0,0,0,2.35,0.9,0,0,0,0,19-APR-2021,
OPTSTK,FEDERALBNK,24-Jun-2021,104,CE,0,0,0,2.2,0.85,0,0,0,0,19-APR-2021,
OPTSTK,FEDERALBNK,24-Jun-2021,105,CE,0,0,0,2.1,0.8,0,0,0,0,19-APR-2021,
OPTSTK,FEDERALBNK,24-Jun-2021,54,PE,0,0,0,1.1,1.05,0,0,0,0,19-APR-2021,
OPTSTK,FEDERALBNK,24-Jun-2021,55,PE,0,0,0,1.25,1.2,0,0,0,0,19-APR-2021,
OPTSTK,FEDERALBNK,24-Jun-2021,56,PE,0,0,0,1.45,1.4,0,0,0,0,19-APR-2021,
OPTSTK,FEDERALBNK,24-Jun-2021,57,PE,0,0,0,1.65,1.6,0,0,0,0,19-APR-2021,
OPTSTK,FEDERALBNK,24-Jun-2021,58,PE,0,0,0,1.85,1.85,0,0,0,0,19-APR-2021,
OPTSTK,FEDERALBNK,24-Jun-2021,59,PE,0,0,0,2.05,2.05,0,0,0,0,19-APR-2021,
OPTSTK,FEDERALBNK,24-Jun-2021,60,PE,0,0,0,2.3,2.35,0,0,0,0,19-APR-2021,
OPTSTK,FEDERALBNK,24-Jun-2021,61,PE,0,0,0,2.55,2.6,0,0,0,0,19-APR-2021,
OPTSTK,FEDERALBNK,24-Jun-2021,62,PE,0,0,0,2.8,2.9,0,0,0,0,19-APR-2021,
OPTSTK,FEDERALBNK,24-Jun-2021,63,PE,0,0,0,3.1,3.25,0,0,0,0,19-APR-2021,
OPTSTK,FEDERALBNK,24-Jun-2021,64,PE,0,0,0,3.4,3.6,0,0,0,0,19-APR-2021,
OPTSTK,FEDERALBNK,24-Jun-2021,65,PE,0,0,0,3.75,3.95,0,0,0,0,19-APR-2021,
OPTSTK,FEDERALBNK,24-Jun-2021,66,PE,0,0,0,4.1,4.35,0,0,0,0,19-APR-2021,
OPTSTK,FEDERALBNK,24-Jun-2021,67,PE,0,0,0,4.45,4.8,0,0,0,0,19-APR-2021,
OPTSTK,FEDERALBNK,24-Jun-2021,68,PE,0,0,0,4.8,5.2,0,0,0,0,19-APR-2021,
OPTSTK,FEDERALBNK,24-Jun-2021,69,PE,0,0,0,5.2,5.7,0,0,0,0,19-APR-2021,
OPTSTK,FEDERALBNK,24-Jun-2021,70,PE,0,0,0,5.65,6.15,0,0,0,0,19-APR-2021,
OPTSTK,FEDERALBNK,24-Jun-2021,71,PE,0,0,0,6.1,6.7,0,0,0,0,19-APR-2021,
OPTSTK,FEDERALBNK,24-Jun-2021,72,PE,0,0,0,6.55,7.2,0,0,0,0,19-APR-2021,
OPTSTK,FEDERALBNK,24-Jun-2021,73,PE,0,0,0,7,7.75,0,0,0,0,19-APR-2021,
OPTSTK,FEDERALBNK,24-Jun-2021,74,PE,0,0,0,7.5,8.3,0,0,0,0,19-APR-2021,
OPTSTK,FEDERALBNK,24-Jun-2021,75,PE,0,0,0,8,8.9,0,0,0,0,19-APR-2021,
OPTSTK,FEDERALBNK,24-Jun-2021,76,PE,0,0,0,8.55,9.5,0,0,0,0,19-APR-2021,
OPTSTK,FEDERALBNK,24-Jun-2021,77,PE,0,0,0,9.1,10.15,0,0,0,0,19-APR-2021,
OPTSTK,FEDERALBNK,24-Jun-2021,78,PE,0,0,0,9.65,10.8,0,0,0,0,19-APR-2021,
OPTSTK,FEDERALBNK,24-Jun-2021,79,PE,0,0,0,10.25,11.45,0,0,0,0,19-APR-2021,
OPTSTK,FEDERALBNK,24-Jun-2021,80,PE,0,0,0,10.8,12.15,0,0,0,0,19-APR-2021,
OPTSTK,FEDERALBNK,24-Jun-2021,81,PE,0,0,0,11.45,12.85,0,0,0,0,19-APR-2021,
OPTSTK,FEDERALBNK,24-Jun-2021,82,PE,0,0,0,12.05,13.55,0,0,0,0,19-APR-2021,
OPTSTK,FEDERALBNK,24-Jun-2021,83,PE,0,0,0,12.7,14.3,0,0,0,0,19-APR-2021,
OPTSTK,FEDERALBNK,24-Jun-2021,84,PE,0,0,0,13.35,15.05,0,0,0,0,19-APR-2021,
OPTSTK,FEDERALBNK,24-Jun-2021,85,PE,0,0,0,14.05,15.8,0,0,0,0,19-APR-2021,
OPTSTK,FEDERALBNK,24-Jun-2021,86,PE,0,0,0,14.7,16.6,0,0,0,0,19-APR-2021,
OPTSTK,FEDERALBNK,24-Jun-2021,87,PE,0,0,0,15.4,17.35,0,0,0,0,19-APR-2021,
OPTSTK,FEDERALBNK,24-Jun-2021,88,PE,0,0,0,16.1,18.15,0,0,0,0,19-APR-2021,
OPTSTK,FEDERALBNK,24-Jun-2021,89,PE,0,0,0,16.85,18.95,0,0,0,0,19-APR-2021,
OPTSTK,FEDERALBNK,24-Jun-2021,90,PE,0,0,0,17.6,19.8,0,0,0,0,19-APR-2021,
OPTSTK,FEDERALBNK,24-Jun-2021,91,PE,0,0,0,18.35,20.65,0,0,0,0,19-APR-2021,
OPTSTK,FEDERALBNK,24-Jun-2021,92,PE,0,0,0,19.1,21.45,0,0,0,0,19-APR-2021,
OPTSTK,FEDERALBNK,24-Jun-2021,93,PE,0,0,0,19.85,22.3,0,0,0,0,19-APR-2021,
OPTSTK,FEDERALBNK,24-Jun-2021,94,PE,0,0,0,20.65,23.2,0,0,0,0,19-APR-2021,
OPTSTK,FEDERALBNK,24-Jun-2021,95,PE,0,0,0,21.45,24.05,0,0,0,0,19-APR-2021,
OPTSTK,FEDERALBNK,24-Jun-2021,96,PE,0,0,0,22.25,24.95,0,0,0,0,19-APR-2021,
OPTSTK,FEDERALBNK,24-Jun-2021,97,PE,0,0,0,23.05,25.8,0,0,0,0,19-APR-2021,
OPTSTK,FEDERALBNK,24-Jun-2021,98,PE,0,0,0,23.85,26.7,0,0,0,0,19-APR-2021,
OPTSTK,FEDERALBNK,24-Jun-2021,99,PE,0,0,0,24.7,27.6,0,0,0,0,19-APR-2021,
OPTSTK,FEDERALBNK,24-Jun-2021,100,PE,0,0,0,25.5,28.5,0,0,0,0,19-APR-2021,
OPTSTK,FEDERALBNK,24-Jun-2021,101,PE,0,0,0,26.35,29.45,0,0,0,0,19-APR-2021,
OPTSTK,FEDERALBNK,24-Jun-2021,102,PE,0,0,0,27.2,30.35,0,0,0,0,19-APR-2021,
OPTSTK,FEDERALBNK,24-Jun-2021,103,PE,0,0,0,28.05,31.25,0,0,0,0,19-APR-2021,
OPTSTK,FEDERALBNK,24-Jun-2021,104,PE,0,0,0,28.95,32.2,0,0,0,0,19-APR-2021,
OPTSTK,FEDERALBNK,24-Jun-2021,105,PE,0,0,0,29.8,33.15,0,0,0,0,19-APR-2021,
OPTSTK,GAIL,29-Apr-2021,77.5,CE,0,0,0,52,59,0,0,0,0,19-APR-2021,
OPTSTK,GAIL,29-Apr-2021,80,CE,0,0,0,49.6,56.5,0,0,0,0,19-APR-2021,
OPTSTK,GAIL,29-Apr-2021,82.5,CE,0,0,0,47.2,54,0,0,0,0,19-APR-2021,
OPTSTK,GAIL,29-Apr-2021,85,CE,0,0,0,44.85,51.5,0,0,0,0,19-APR-2021,
OPTSTK,GAIL,29-Apr-2021,87.5,CE,0,0,0,42.5,49,0,0,0,0,19-APR-2021,
OPTSTK,GAIL,29-Apr-2021,90,CE,0,0,0,40.2,46.5,0,0,0,0,19-APR-2021,
OPTSTK,GAIL,29-Apr-2021,92.5,CE,0,0,0,37.95,44,0,0,0,0,19-APR-2021,
OPTSTK,GAIL,29-Apr-2021,95,CE,0,0,0,35.75,41.5,0,0,0,0,19-APR-2021,
OPTSTK,GAIL,29-Apr-2021,97.5,CE,0,0,0,33.6,39,0,0,0,0,19-APR-2021,
OPTSTK,GAIL,29-Apr-2021,100,CE,0,0,0,31.55,36.5,0,0,0,0,19-APR-2021,
OPTSTK,GAIL,29-Apr-2021,102.5,CE,0,0,0,29.5,34,0,0,0,0,19-APR-2021,
OPTSTK,GAIL,29-Apr-2021,105,CE,0,0,0,27.55,31.55,0,0,0,0,19-APR-2021,
OPTSTK,GAIL,29-Apr-2021,107.5,CE,0,0,0,25.7,29.05,0,0,0,0,19-APR-2021,
OPTSTK,GAIL,29-Apr-2021,110,CE,0,0,0,23.9,26.55,0,0,0,0,19-APR-2021,
OPTSTK,GAIL,29-Apr-2021,112.5,CE,0,0,0,22.15,24.05,0,0,0,0,19-APR-2021,
OPTSTK,GAIL,29-Apr-2021,115,CE,0,0,0,19.45,21.6,0,0,6100,0,19-APR-2021,
OPTSTK,GAIL,29-Apr-2021,117.5,CE,0,0,0,18.95,19.15,0,0,0,0,19-APR-2021,
OPTSTK,GAIL,29-Apr-2021,120,CE,0,0,0,21.55,16.75,0,0,48800,0,19-APR-2021,
OPTSTK,GAIL,29-Apr-2021,122.5,CE,0,0,0,11.7,14.45,0,0,6100,0,19-APR-2021,
OPTSTK,GAIL,29-Apr-2021,125,CE,0,0,0,13.55,12.25,0,0,18300,0,19-APR-2021,
OPTSTK,GAIL,29-Apr-2021,127.5,CE,0,0,0,12.25,10.2,0,0,6100,0,19-APR-2021,
OPTSTK,GAIL,29-Apr-2021,130,CE,6.7,8.6,6,7.85,7.85,15,125.81,323300,-18300,19-APR-2021,
OPTSTK,GAIL,29-Apr-2021,132.5,CE,5.45,6.55,5.45,6.35,6.65,11,92.91,250100,36600,19-APR-2021,
OPTSTK,GAIL,29-Apr-2021,135,CE,4.25,4.8,3,4.15,4.15,185,1567.36,1299300,170800,19-APR-2021,
OPTSTK,GAIL,29-Apr-2021,137.5,CE,2.45,3.4,2.25,2.9,2.9,61,522.43,250100,18300,19-APR-2021,
OPTSTK,GAIL,29-Apr-2021,140,CE,2.35,2.65,1.55,2.05,2.05,547,4737.98,2232600,262300,19-APR-2021,
OPTSTK,GAIL,29-Apr-2021,142.5,CE,1.35,1.65,1.15,1.45,1.45,167,1465.42,689300,-36600,19-APR-2021,
OPTSTK,GAIL,29-Apr-2021,145,CE,1.35,1.45,0.85,1.05,1.05,319,2841.36,1634800,-12200,19-APR-2021,
OPTSTK,GAIL,29-Apr-2021,147.5,CE,0.75,0.8,0.55,0.75,0.75,38,343.56,372100,-42700,19-APR-2021,
OPTSTK,GAIL,29-Apr-2021,150,CE,0.65,0.95,0.5,0.6,0.6,298,2737.47,2562000,48800,19-APR-2021,
OPTSTK,GAIL,29-Apr-2021,152.5,CE,0.3,0.45,0.3,0.35,0.45,10,93.26,237900,6100,19-APR-2021,
OPTSTK,GAIL,29-Apr-2021,155,CE,0.35,0.5,0.25,0.35,0.35,84,795.87,890600,-24400,19-APR-2021,
OPTSTK,GAIL,29-Apr-2021,157.5,CE,0.2,0.2,0.2,0.2,0.2,1,9.61,24400,-6100,19-APR-2021,
OPTSTK,GAIL,29-Apr-2021,160,CE,0.25,0.25,0.15,0.2,0.2,63,615.72,1091900,-30500,19-APR-2021,
OPTSTK,GAIL,29-Apr-2021,162.5,CE,0,0,0,0.4,0.1,0,0,30500,0,19-APR-2021,
OPTSTK,GAIL,29-Apr-2021,165,CE,0.2,0.2,0.1,0.1,0.05,5,50.36,1037000,0,19-APR-2021,
OPTSTK,GAIL,29-Apr-2021,167.5,CE,0,0,0,0.3,0.05,0,0,6100,0,19-APR-2021,
OPTSTK,GAIL,29-Apr-2021,170,CE,0.1,0.15,0.1,0.1,0.1,14,145.26,616100,-12200,19-APR-2021,
OPTSTK,GAIL,29-Apr-2021,172.5,CE,0,0,0,0.3,0.05,0,0,6100,0,19-APR-2021,
OPTSTK,GAIL,29-Apr-2021,175,CE,0,0,0,0.1,0,0,0,36600,0,19-APR-2021,
OPTSTK,GAIL,29-Apr-2021,177.5,CE,0,0,0,1.75,0,0,0,0,0,19-APR-2021,
OPTSTK,GAIL,29-Apr-2021,180,CE,0.1,0.1,0.1,0.1,0,2,21.97,176900,-6100,19-APR-2021,
OPTSTK,GAIL,29-Apr-2021,77.5,PE,0,0,0,0.15,0,0,0,0,0,19-APR-2021,
OPTSTK,GAIL,29-Apr-2021,80,PE,0,0,0,0.25,0,0,0,0,0,19-APR-2021,
OPTSTK,GAIL,29-Apr-2021,82.5,PE,0,0,0,0.35,0,0,0,0,0,19-APR-2021,
OPTSTK,GAIL,29-Apr-2021,85,PE,0,0,0,0.45,0,0,0,0,0,19-APR-2021,
OPTSTK,GAIL,29-Apr-2021,87.5,PE,0,0,0,0.6,0,0,0,0,0,19-APR-2021,
OPTSTK,GAIL,29-Apr-2021,90,PE,0,0,0,0.8,0,0,0,0,0,19-APR-2021,
OPTSTK,GAIL,29-Apr-2021,92.5,PE,0,0,0,1,0,0,0,0,0,19-APR-2021,
OPTSTK,GAIL,29-Apr-2021,95,PE,0,0,0,1.3,0,0,0,0,0,19-APR-2021,
OPTSTK,GAIL,29-Apr-2021,97.5,PE,0,0,0,1.6,0,0,0,0,0,19-APR-2021,
OPTSTK,GAIL,29-Apr-2021,100,PE,0.05,0.05,0.05,0.05,0,1,6.1,48800,6100,19-APR-2021,
OPTSTK,GAIL,29-Apr-2021,102.5,PE,0,0,0,0.25,0,0,0,36600,0,19-APR-2021,
OPTSTK,GAIL,29-Apr-2021,105,PE,0,0,0,0.5,0,0,0,6100,0,19-APR-2021,
OPTSTK,GAIL,29-Apr-2021,107.5,PE,0,0,0,3.6,0,0,0,0,0,19-APR-2021,
OPTSTK,GAIL,29-Apr-2021,110,PE,0.25,0.25,0.2,0.2,0.05,7,47.06,183000,30500,19-APR-2021,
OPTSTK,GAIL,29-Apr-2021,112.5,PE,0,0,0,0.4,0.05,0,0,0,0,19-APR-2021,
OPTSTK,GAIL,29-Apr-2021,115,PE,0.25,0.6,0.15,0.3,0.1,14,98.44,311100,-36600,19-APR-2021,
OPTSTK,GAIL,29-Apr-2021,117.5,PE,0,0,0,6.75,0.15,0,0,0,0,19-APR-2021,
OPTSTK,GAIL,29-Apr-2021,120,PE,0.45,0.55,0.35,0.4,0.4,278,2042.51,1653100,359900,19-APR-2021,
OPTSTK,GAIL,29-Apr-2021,122.5,PE,0,0,0,1.35,0.45,0,0,366000,0,19-APR-2021,
OPTSTK,GAIL,29-Apr-2021,125,PE,0.45,0.9,0.45,0.6,0.6,233,1786.82,707600,-97600,19-APR-2021,
OPTSTK,GAIL,29-Apr-2021,127.5,PE,1.05,1.2,0.8,0.85,0.85,15,117.51,146400,12200,19-APR-2021,
OPTSTK,GAIL,29-Apr-2021,130,PE,1.5,1.9,1.15,1.25,1.25,449,3600.57,1329800,-213500,19-APR-2021,
OPTSTK,GAIL,29-Apr-2021,132.5,PE,2.05,2.8,1.75,1.9,1.9,95,780.54,420900,0,19-APR-2021,
OPTSTK,GAIL,29-Apr-2021,135,PE,2.85,4,2.5,2.75,2.75,315,2654.68,1451800,-128100,19-APR-2021,
OPTSTK,GAIL,29-Apr-2021,137.5,PE,4.45,5.5,3.75,4.3,4.3,34,294.39,274500,-24400,19-APR-2021,
OPTSTK,GAIL,29-Apr-2021,140,PE,5.75,7.45,5.15,5.7,5.7,89,793.35,793000,-6100,19-APR-2021,
OPTSTK,GAIL,29-Apr-2021,142.5,PE,8.2,8.2,7.25,7.25,7.25,2,18.32,152500,-6100,19-APR-2021,
OPTSTK,GAIL,29-Apr-2021,145,PE,11.45,11.45,9.65,9.65,9.65,3,28.41,109800,-6100,19-APR-2021,
OPTSTK,GAIL,29-Apr-2021,147.5,PE,0,0,0,23.9,12,0,0,0,0,19-APR-2021,
OPTSTK,GAIL,29-Apr-2021,150,PE,14.1,14.1,13.55,13.55,13.55,2,19.98,67100,0,19-APR-2021,
OPTSTK,GAIL,29-Apr-2021,152.5,PE,0,0,0,27.65,16.4,0,0,0,0,19-APR-2021,
OPTSTK,GAIL,29-Apr-2021,155,PE,0,0,0,29.65,18.75,0,0,0,0,19-APR-2021,
OPTSTK,GAIL,29-Apr-2021,157.5,PE,0,0,0,31.65,21.15,0,0,0,0,19-APR-2021,
OPTSTK,GAIL,29-Apr-2021,160,PE,0,0,0,33.7,23.55,0,0,0,0,19-APR-2021,
OPTSTK,GAIL,29-Apr-2021,162.5,PE,0,0,0,35.8,26,0,0,0,0,19-APR-2021,
OPTSTK,GAIL,29-Apr-2021,165,PE,0,0,0,37.9,28.5,0,0,0,0,19-APR-2021,
OPTSTK,GAIL,29-Apr-2021,167.5,PE,0,0,0,40.05,30.95,0,0,0,0,19-APR-2021,
OPTSTK,GAIL,29-Apr-2021,170,PE,0,0,0,42.25,33.45,0,0,0,0,19-APR-2021,
OPTSTK,GAIL,29-Apr-2021,172.5,PE,0,0,0,44.5,35.95,0,0,0,0,19-APR-2021,
OPTSTK,GAIL,29-Apr-2021,175,PE,0,0,0,46.75,38.45,0,0,0,0,19-APR-2021,
OPTSTK,GAIL,29-Apr-2021,177.5,PE,0,0,0,49,40.95,0,0,0,0,19-APR-2021,
OPTSTK,GAIL,29-Apr-2021,180,PE,0,0,0,50.2,43.45,0,0,0,0,19-APR-2021,
OPTSTK,GAIL,27-May-2021,97.5,CE,0,0,0,45.8,39.4,0,0,0,0,19-APR-2021,
OPTSTK,GAIL,27-May-2021,100,CE,0,0,0,52.25,36.95,0,0,0,0,19-APR-2021,
OPTSTK,GAIL,27-May-2021,102.5,CE,0,0,0,49.9,34.55,0,0,0,0,19-APR-2021,
OPTSTK,GAIL,27-May-2021,105,CE,0,0,0,47.6,32.15,0,0,0,0,19-APR-2021,
OPTSTK,GAIL,27-May-2021,107.5,CE,0,0,0,45.35,29.85,0,0,0,0,19-APR-2021,
OPTSTK,GAIL,27-May-2021,110,CE,0,0,0,43.1,27.55,0,0,0,0,19-APR-2021,
OPTSTK,GAIL,27-May-2021,112.5,CE,0,0,0,40.9,25.3,0,0,0,0,19-APR-2021,
OPTSTK,GAIL,27-May-2021,115,CE,0,0,0,38.8,23.15,0,0,0,0,19-APR-2021,
OPTSTK,GAIL,27-May-2021,117.5,CE,0,0,0,36.7,21.1,0,0,0,0,19-APR-2021,
OPTSTK,GAIL,27-May-2021,120,CE,0,0,0,34.7,19.1,0,0,0,0,19-APR-2021,
OPTSTK,GAIL,27-May-2021,122.5,CE,0,0,0,32.7,17.2,0,0,0,0,19-APR-2021,
OPTSTK,GAIL,27-May-2021,125,CE,0,0,0,30.8,15.45,0,0,0,0,19-APR-2021,
OPTSTK,GAIL,27-May-2021,127.5,CE,0,0,0,28.95,13.75,0,0,0,0,19-APR-2021,
OPTSTK,GAIL,27-May-2021,130,CE,0,0,0,12.25,12.2,0,0,0,0,19-APR-2021,
OPTSTK,GAIL,27-May-2021,132.5,CE,0,0,0,25.45,10.8,0,0,0,0,19-APR-2021,
OPTSTK,GAIL,27-May-2021,135,CE,7,7,7,7,9.45,1,8.66,6100,0,19-APR-2021,
OPTSTK,GAIL,27-May-2021,137.5,CE,0,0,0,22.25,8.25,0,0,0,0,19-APR-2021,
OPTSTK,GAIL,27-May-2021,140,CE,5,5,5,5,7.15,1,8.84,6100,6100,19-APR-2021,
OPTSTK,GAIL,27-May-2021,142.5,CE,0,0,0,6,6.2,0,0,18300,0,19-APR-2021,
OPTSTK,GAIL,27-May-2021,145,CE,0,0,0,5.9,5.35,0,0,6100,0,19-APR-2021,
OPTSTK,GAIL,27-May-2021,147.5,CE,0,0,0,16.7,4.55,0,0,0,0,19-APR-2021,
OPTSTK,GAIL,27-May-2021,150,CE,3.2,3.8,3,3.8,3.9,12,112.17,103700,18300,19-APR-2021,
OPTSTK,GAIL,27-May-2021,152.5,CE,0,0,0,14.35,3.3,0,0,0,0,19-APR-2021,
OPTSTK,GAIL,27-May-2021,155,CE,0,0,0,2,2.8,0,0,6100,0,19-APR-2021,
OPTSTK,GAIL,27-May-2021,157.5,CE,0,0,0,12.25,2.35,0,0,0,0,19-APR-2021,
OPTSTK,GAIL,27-May-2021,160,CE,1.7,1.7,1.7,1.7,1.95,1,9.86,42700,0,19-APR-2021,
OPTSTK,GAIL,27-May-2021,162.5,CE,0,0,0,10.4,1.65,0,0,0,0,19-APR-2021,
OPTSTK,GAIL,27-May-2021,165,CE,0,0,0,9.55,1.35,0,0,0,0,19-APR-2021,
OPTSTK,GAIL,27-May-2021,167.5,CE,0,0,0,8.8,1.1,0,0,0,0,19-APR-2021,
OPTSTK,GAIL,27-May-2021,170,CE,0,0,0,8.05,0.95,0,0,0,0,19-APR-2021,
OPTSTK,GAIL,27-May-2021,172.5,CE,0,0,0,7.4,0.75,0,0,0,0,19-APR-2021,
OPTSTK,GAIL,27-May-2021,175,CE,0,0,0,6.8,0.6,0,0,0,0,19-APR-2021,
OPTSTK,GAIL,27-May-2021,177.5,CE,0,0,0,6.2,0.5,0,0,0,0,19-APR-2021,
OPTSTK,GAIL,27-May-2021,180,CE,0,0,0,3,0.4,0,0,6100,0,19-APR-2021,
OPTSTK,GAIL,27-May-2021,97.5,PE,0,0,0,0.65,0.1,0,0,0,0,19-APR-2021,
OPTSTK,GAIL,27-May-2021,100,PE,0,0,0,0.5,0.15,0,0,0,0,19-APR-2021,
OPTSTK,GAIL,27-May-2021,102.5,PE,0,0,0,0.65,0.25,0,0,0,0,19-APR-2021,
OPTSTK,GAIL,27-May-2021,105,PE,0,0,0,0.8,0.35,0,0,0,0,19-APR-2021,
OPTSTK,GAIL,27-May-2021,107.5,PE,0,0,0,1.05,0.5,0,0,0,0,19-APR-2021,
OPTSTK,GAIL,27-May-2021,110,PE,0,0,0,0.95,0.7,0,0,6100,0,19-APR-2021,
OPTSTK,GAIL,27-May-2021,112.5,PE,0,0,0,1.6,1,0,0,0,0,19-APR-2021,
OPTSTK,GAIL,27-May-2021,115,PE,0,0,0,1.9,1.3,0,0,0,0,19-APR-2021,
OPTSTK,GAIL,27-May-2021,117.5,PE,0,0,0,2.3,1.75,0,0,0,0,19-APR-2021,
OPTSTK,GAIL,27-May-2021,120,PE,0,0,0,2.7,2.25,0,0,0,0,19-APR-2021,
OPTSTK,GAIL,27-May-2021,122.5,PE,0,0,0,3.25,2.85,0,0,0,0,19-APR-2021,
OPTSTK,GAIL,27-May-2021,125,PE,0,0,0,3.85,3.55,0,0,0,0,19-APR-2021,
OPTSTK,GAIL,27-May-2021,127.5,PE,0,0,0,4.5,4.35,0,0,0,0,19-APR-2021,
OPTSTK,GAIL,27-May-2021,130,PE,1.3,4.95,1.3,3.55,3.55,19,154.66,134200,85400,19-APR-2021,
OPTSTK,GAIL,27-May-2021,132.5,PE,0,0,0,5.95,6.35,0,0,0,0,19-APR-2021,
OPTSTK,GAIL,27-May-2021,135,PE,0,0,0,6.75,7.55,0,0,0,0,19-APR-2021,
OPTSTK,GAIL,27-May-2021,137.5,PE,0,0,0,7.7,8.8,0,0,0,0,19-APR-2021,
OPTSTK,GAIL,27-May-2021,140,PE,0,0,0,10,10.25,0,0,6100,0,19-APR-2021,
OPTSTK,GAIL,27-May-2021,142.5,PE,0,0,0,9.7,11.75,0,0,0,0,19-APR-2021,
OPTSTK,GAIL,27-May-2021,145,PE,0,0,0,10.85,13.35,0,0,0,0,19-APR-2021,
OPTSTK,GAIL,27-May-2021,147.5,PE,0,0,0,12.05,15.1,0,0,0,0,19-APR-2021,
OPTSTK,GAIL,27-May-2021,150,PE,0,0,0,13.3,16.9,0,0,0,0,19-APR-2021,
OPTSTK,GAIL,27-May-2021,152.5,PE,0,0,0,14.6,18.8,0,0,0,0,19-APR-2021,
OPTSTK,GAIL,27-May-2021,155,PE,0,0,0,16,20.8,0,0,0,0,19-APR-2021,
OPTSTK,GAIL,27-May-2021,157.5,PE,0,0,0,17.5,22.85,0,0,0,0,19-APR-2021,
OPTSTK,GAIL,27-May-2021,160,PE,0,0,0,19,24.95,0,0,0,0,19-APR-2021,
OPTSTK,GAIL,27-May-2021,162.5,PE,0,0,0,20.6,27.1,0,0,0,0,19-APR-2021,
OPTSTK,GAIL,27-May-2021,165,PE,0,0,0,22.25,29.3,0,0,0,0,19-APR-2021,
OPTSTK,GAIL,27-May-2021,167.5,PE,0,0,0,23.95,31.55,0,0,0,0,19-APR-2021,
OPTSTK,GAIL,27-May-2021,170,PE,0,0,0,25.7,33.85,0,0,0,0,19-APR-2021,
OPTSTK,GAIL,27-May-2021,172.5,PE,0,0,0,27.5,36.2,0,0,0,0,19-APR-2021,
OPTSTK,GAIL,27-May-2021,175,PE,0,0,0,29.35,38.55,0,0,0,0,19-APR-2021,
OPTSTK,GAIL,27-May-2021,177.5,PE,0,0,0,31.25,40.9,0,0,0,0,19-APR-2021,
OPTSTK,GAIL,27-May-2021,180,PE,0,0,0,33.2,43.3,0,0,0,0,19-APR-2021,
OPTSTK,GAIL,24-Jun-2021,97.5,CE,0,0,0,33.05,40.05,0,0,0,0,19-APR-2021,
OPTSTK,GAIL,24-Jun-2021,100,CE,0,0,0,30.95,37.75,0,0,0,0,19-APR-2021,
OPTSTK,GAIL,24-Jun-2021,102.5,CE,0,0,0,28.95,35.45,0,0,0,0,19-APR-2021,
OPTSTK,GAIL,24-Jun-2021,105,CE,0,0,0,27,33.25,0,0,0,0,19-APR-2021,
OPTSTK,GAIL,24-Jun-2021,107.5,CE,0,0,0,25.15,31.05,0,0,0,0,19-APR-2021,
OPTSTK,GAIL,24-Jun-2021,110,CE,0,0,0,23.35,28.95,0,0,0,0,19-APR-2021,
OPTSTK,GAIL,24-Jun-2021,112.5,CE,0,0,0,21.65,26.95,0,0,0,0,19-APR-2021,
OPTSTK,GAIL,24-Jun-2021,115,CE,0,0,0,20,24.95,0,0,0,0,19-APR-2021,
OPTSTK,GAIL,24-Jun-2021,117.5,CE,0,0,0,18.45,23.1,0,0,0,0,19-APR-2021,
OPTSTK,GAIL,24-Jun-2021,120,CE,0,0,0,17,21.3,0,0,0,0,19-APR-2021,
OPTSTK,GAIL,24-Jun-2021,122.5,CE,0,0,0,15.6,19.55,0,0,0,0,19-APR-2021,
OPTSTK,GAIL,24-Jun-2021,125,CE,0,0,0,14.3,17.9,0,0,0,0,19-APR-2021,
OPTSTK,GAIL,24-Jun-2021,127.5,CE,0,0,0,13.1,16.4,0,0,0,0,19-APR-2021,
OPTSTK,GAIL,24-Jun-2021,130,CE,0,0,0,11.95,14.95,0,0,0,0,19-APR-2021,
OPTSTK,GAIL,24-Jun-2021,132.5,CE,0,0,0,10.9,13.6,0,0,0,0,19-APR-2021,
OPTSTK,GAIL,24-Jun-2021,135,CE,0,0,0,9.95,12.3,0,0,0,0,19-APR-2021,
OPTSTK,GAIL,24-Jun-2021,137.5,CE,0,0,0,9,11.15,0,0,0,0,19-APR-2021,
OPTSTK,GAIL,24-Jun-2021,140,CE,0,0,0,8.2,10.05,0,0,0,0,19-APR-2021,
OPTSTK,GAIL,24-Jun-2021,142.5,CE,0,0,0,7.4,9.05,0,0,0,0,19-APR-2021,
OPTSTK,GAIL,24-Jun-2021,145,CE,0,0,0,6.7,8.1,0,0,0,0,19-APR-2021,
OPTSTK,GAIL,24-Jun-2021,147.5,CE,0,0,0,6.05,7.25,0,0,0,0,19-APR-2021,
OPTSTK,GAIL,24-Jun-2021,150,CE,0,0,0,5.45,6.5,0,0,0,0,19-APR-2021,
OPTSTK,GAIL,24-Jun-2021,152.5,CE,0,0,0,4.9,5.8,0,0,0,0,19-APR-2021,
OPTSTK,GAIL,24-Jun-2021,155,CE,0,0,0,4.4,5.15,0,0,0,0,19-APR-2021,
OPTSTK,GAIL,24-Jun-2021,157.5,CE,0,0,0,3.95,4.6,0,0,0,0,19-APR-2021,
OPTSTK,GAIL,24-Jun-2021,160,CE,0,0,0,3.55,4.05,0,0,0,0,19-APR-2021,
OPTSTK,GAIL,24-Jun-2021,162.5,CE,0,0,0,3.2,3.6,0,0,0,0,19-APR-2021,
OPTSTK,GAIL,24-Jun-2021,165,CE,0,0,0,2.85,3.15,0,0,0,0,19-APR-2021,
OPTSTK,GAIL,24-Jun-2021,167.5,CE,0,0,0,2.55,2.8,0,0,0,0,19-APR-2021,
OPTSTK,GAIL,24-Jun-2021,170,CE,0,0,0,2.3,2.45,0,0,0,0,19-APR-2021,
OPTSTK,GAIL,24-Jun-2021,172.5,CE,0,0,0,2.05,2.15,0,0,0,0,19-APR-2021,
OPTSTK,GAIL,24-Jun-2021,175,CE,0,0,0,1.8,1.9,0,0,0,0,19-APR-2021,
OPTSTK,GAIL,24-Jun-2021,177.5,CE,0,0,0,1.6,1.65,0,0,0,0,19-APR-2021,
OPTSTK,GAIL,24-Jun-2021,180,CE,0,0,0,1.45,1.45,0,0,0,0,19-APR-2021,
OPTSTK,GAIL,24-Jun-2021,97.5,PE,0,0,0,1.65,0.5,0,0,0,0,19-APR-2021,
OPTSTK,GAIL,24-Jun-2021,100,PE,0,0,0,2.05,0.65,0,0,0,0,19-APR-2021,
OPTSTK,GAIL,24-Jun-2021,102.5,PE,0,0,0,2.5,0.85,0,0,0,0,19-APR-2021,
OPTSTK,GAIL,24-Jun-2021,105,PE,0,0,0,3.05,1.15,0,0,0,0,19-APR-2021,
OPTSTK,GAIL,24-Jun-2021,107.5,PE,0,0,0,3.65,1.45,0,0,0,0,19-APR-2021,
OPTSTK,GAIL,24-Jun-2021,110,PE,0,0,0,4.3,1.85,0,0,0,0,19-APR-2021,
OPTSTK,GAIL,24-Jun-2021,112.5,PE,0,0,0,5.1,2.25,0,0,0,0,19-APR-2021,
OPTSTK,GAIL,24-Jun-2021,115,PE,0,0,0,5.95,2.8,0,0,0,0,19-APR-2021,
OPTSTK,GAIL,24-Jun-2021,117.5,PE,0,0,0,6.85,3.4,0,0,0,0,19-APR-2021,
OPTSTK,GAIL,24-Jun-2021,120,PE,0,0,0,7.85,4.05,0,0,0,0,19-APR-2021,
OPTSTK,GAIL,24-Jun-2021,122.5,PE,0,0,0,8.95,4.85,0,0,0,0,19-APR-2021,
OPTSTK,GAIL,24-Jun-2021,125,PE,0,0,0,10.15,5.7,0,0,0,0,19-APR-2021,
OPTSTK,GAIL,24-Jun-2021,127.5,PE,0,0,0,11.4,6.6,0,0,0,0,19-APR-2021,
OPTSTK,GAIL,24-Jun-2021,130,PE,0,0,0,12.75,7.65,0,0,0,0,19-APR-2021,
OPTSTK,GAIL,24-Jun-2021,132.5,PE,0,0,0,14.2,8.8,0,0,0,0,19-APR-2021,
OPTSTK,GAIL,24-Jun-2021,135,PE,0,0,0,15.65,10,0,0,0,0,19-APR-2021,
OPTSTK,GAIL,24-Jun-2021,137.5,PE,0,0,0,17.25,11.3,0,0,0,0,19-APR-2021,
OPTSTK,GAIL,24-Jun-2021,140,PE,0,0,0,18.9,12.7,0,0,0,0,19-APR-2021,
OPTSTK,GAIL,24-Jun-2021,142.5,PE,0,0,0,20.6,14.15,0,0,0,0,19-APR-2021,
OPTSTK,GAIL,24-Jun-2021,145,PE,0,0,0,22.35,15.75,0,0,0,0,19-APR-2021,
OPTSTK,GAIL,24-Jun-2021,147.5,PE,0,0,0,24.2,17.35,0,0,0,0,19-APR-2021,
OPTSTK,GAIL,24-Jun-2021,150,PE,0,0,0,26.05,19.1,0,0,0,0,19-APR-2021,
OPTSTK,GAIL,24-Jun-2021,152.5,PE,0,0,0,28,20.85,0,0,0,0,19-APR-2021,
OPTSTK,GAIL,24-Jun-2021,155,PE,0,0,0,30,22.7,0,0,0,0,19-APR-2021,
OPTSTK,GAIL,24-Jun-2021,157.5,PE,0,0,0,32,24.6,0,0,0,0,19-APR-2021,
OPTSTK,GAIL,24-Jun-2021,160,PE,0,0,0,34.05,26.6,0,0,0,0,19-APR-2021,
OPTSTK,GAIL,24-Jun-2021,162.5,PE,0,0,0,36.15,28.6,0,0,0,0,19-APR-2021,
OPTSTK,GAIL,24-Jun-2021,165,PE,0,0,0,38.3,30.65,0,0,0,0,19-APR-2021,
OPTSTK,GAIL,24-Jun-2021,167.5,PE,0,0,0,40.5,32.75,0,0,0,0,19-APR-2021,
OPTSTK,GAIL,24-Jun-2021,170,PE,0,0,0,42.7,34.9,0,0,0,0,19-APR-2021,
OPTSTK,GAIL,24-Jun-2021,172.5,PE,0,0,0,44.95,37.1,0,0,0,0,19-APR-2021,
OPTSTK,GAIL,24-Jun-2021,175,PE,0,0,0,47.2,39.3,0,0,0,0,19-APR-2021,
OPTSTK,GAIL,24-Jun-2021,177.5,PE,0,0,0,49.45,41.55,0,0,0,0,19-APR-2021,
OPTSTK,GAIL,24-Jun-2021,180,PE,0,0,0,51.75,43.85,0,0,0,0,19-APR-2021,
OPTSTK,GLENMARK,29-Apr-2021,340,CE,0,0,0,149.5,239.25,0,0,0,0,19-APR-2021,
OPTSTK,GLENMARK,29-Apr-2021,350,CE,0,0,0,141,229.25,0,0,0,0,19-APR-2021,
OPTSTK,GLENMARK,29-Apr-2021,355,CE,0,0,0,92.7,224.25,0,0,0,0,19-APR-2021,
OPTSTK,GLENMARK,29-Apr-2021,360,CE,0,0,0,132.75,219.3,0,0,0,0,19-APR-2021,
OPTSTK,GLENMARK,29-Apr-2021,365,CE,0,0,0,83.9,214.3,0,0,0,0,19-APR-2021,
OPTSTK,GLENMARK,29-Apr-2021,370,CE,0,0,0,124.75,209.3,0,0,0,0,19-APR-2021,
OPTSTK,GLENMARK,29-Apr-2021,375,CE,0,0,0,75.4,204.3,0,0,0,0,19-APR-2021,
OPTSTK,GLENMARK,29-Apr-2021,380,CE,0,0,0,117.05,199.3,0,0,0,0,19-APR-2021,
OPTSTK,GLENMARK,29-Apr-2021,385,CE,0,0,0,67.3,194.3,0,0,0,0,19-APR-2021,
OPTSTK,GLENMARK,29-Apr-2021,390,CE,0,0,0,109.6,189.3,0,0,0,0,19-APR-2021,
OPTSTK,GLENMARK,29-Apr-2021,395,CE,0,0,0,59.65,184.3,0,0,0,0,19-APR-2021,
OPTSTK,GLENMARK,29-Apr-2021,400,CE,0,0,0,110,179.3,0,0,2300,0,19-APR-2021,
OPTSTK,GLENMARK,29-Apr-2021,405,CE,0,0,0,52.5,174.3,0,0,0,0,19-APR-2021,
OPTSTK,GLENMARK,29-Apr-2021,410,CE,0,0,0,95.6,169.35,0,0,0,0,19-APR-2021,
OPTSTK,GLENMARK,29-Apr-2021,415,CE,0,0,0,45.9,164.35,0,0,0,0,19-APR-2021,
OPTSTK,GLENMARK,29-Apr-2021,420,CE,0,0,0,41.6,159.35,0,0,1150,0,19-APR-2021,
OPTSTK,GLENMARK,29-Apr-2021,425,CE,0,0,0,39.8,154.35,0,0,0,0,19-APR-2021,
OPTSTK,GLENMARK,29-Apr-2021,430,CE,0,0,0,68.35,149.35,0,0,5750,0,19-APR-2021,
OPTSTK,GLENMARK,29-Apr-2021,435,CE,0,0,0,34.3,144.35,0,0,0,0,19-APR-2021,
OPTSTK,GLENMARK,29-Apr-2021,440,CE,0,0,0,76.9,139.35,0,0,0,0,19-APR-2021,
OPTSTK,GLENMARK,29-Apr-2021,445,CE,0,0,0,29.35,134.4,0,0,0,0,19-APR-2021,
OPTSTK,GLENMARK,29-Apr-2021,450,CE,0,0,0,99,129.4,0,0,27600,0,19-APR-2021,
OPTSTK,GLENMARK,29-Apr-2021,455,CE,0,0,0,21.1,124.4,0,0,27600,0,19-APR-2021,
OPTSTK,GLENMARK,29-Apr-2021,460,CE,95,95,90.95,90.95,119.45,3,19.1,101200,0,19-APR-2021,
OPTSTK,GLENMARK,29-Apr-2021,465,CE,0,0,0,98,114.5,0,0,9200,0,19-APR-2021,
OPTSTK,GLENMARK,29-Apr-2021,470,CE,85.85,111.7,85.85,109.35,109.35,7,45.75,79350,-2300,19-APR-2021,
OPTSTK,GLENMARK,29-Apr-2021,475,CE,0,0,0,17.6,104.6,0,0,0,0,19-APR-2021,
OPTSTK,GLENMARK,29-Apr-2021,480,CE,66.5,91.95,66.5,91.95,99.7,2,12.86,82800,0,19-APR-2021,
OPTSTK,GLENMARK,29-Apr-2021,485,CE,0,0,0,70.7,94.85,0,0,5750,0,19-APR-2021,
OPTSTK,GLENMARK,29-Apr-2021,490,CE,59.1,91,59.1,91,90,19,124.3,155250,-6900,19-APR-2021,
OPTSTK,GLENMARK,29-Apr-2021,495,CE,0,0,0,12.15,85.2,0,0,0,0,19-APR-2021,
OPTSTK,GLENMARK,29-Apr-2021,500,CE,62.95,90.65,58.15,82.45,82.45,136,898.22,409400,-19550,19-APR-2021,
OPTSTK,GLENMARK,29-Apr-2021,505,CE,0,0,0,10,75.8,0,0,0,0,19-APR-2021,
OPTSTK,GLENMARK,29-Apr-2021,510,CE,46.95,80.9,46.95,71.05,71.05,28,185.8,131100,-16100,19-APR-2021,
OPTSTK,GLENMARK,29-Apr-2021,515,CE,0,0,0,8.15,66.65,0,0,0,0,19-APR-2021,
OPTSTK,GLENMARK,29-Apr-2021,520,CE,48.2,72.8,36.1,64.55,64.55,118,779.52,244950,-24150,19-APR-2021,
OPTSTK,GLENMARK,29-Apr-2021,525,CE,0,0,0,39.25,57.9,0,0,3450,0,19-APR-2021,
OPTSTK,GLENMARK,29-Apr-2021,530,CE,44,65,30,57.2,57.2,103,683.15,126500,-11500,19-APR-2021,
OPTSTK,GLENMARK,29-Apr-2021,535,CE,45.4,45.4,25.05,25.05,49.65,2,13.11,29900,-1150,19-APR-2021,
OPTSTK,GLENMARK,29-Apr-2021,540,CE,34,58.25,24.8,49.8,49.8,276,1848.09,257600,-55200,19-APR-2021,
OPTSTK,GLENMARK,29-Apr-2021,545,CE,37.6,42,37.6,42,42,2,13.45,23000,-1150,19-APR-2021,
OPTSTK,GLENMARK,29-Apr-2021,550,CE,33,51.4,15.1,43,43,1312,8827.68,378350,-75900,19-APR-2021,
OPTSTK,GLENMARK,29-Apr-2021,555,CE,32.25,47.5,26,40.95,40.95,297,2012.83,42550,17250,19-APR-2021,
OPTSTK,GLENMARK,29-Apr-2021,560,CE,27.15,45.6,17,37.45,37.45,2434,16574.87,269100,8050,19-APR-2021,
OPTSTK,GLENMARK,29-Apr-2021,565,CE,22.05,41,10.1,34.9,34.9,382,2614.59,32200,0,19-APR-2021,
OPTSTK,GLENMARK,29-Apr-2021,570,CE,25.05,39.55,13.9,32.25,32.25,3402,23413.74,254150,-50600,19-APR-2021,
OPTSTK,GLENMARK,29-Apr-2021,575,CE,23.55,36.85,10.05,29.95,29.95,741,5128.28,96600,-28750,19-APR-2021,
OPTSTK,GLENMARK,29-Apr-2021,580,CE,22.1,34.7,11.55,27.55,27.55,6517,45433.3,717600,-13800,19-APR-2021,
OPTSTK,GLENMARK,29-Apr-2021,585,CE,22,32.2,12.75,25.95,25.95,874,6141.67,117300,97750,19-APR-2021,
OPTSTK,GLENMARK,29-Apr-2021,590,CE,19.95,30,9.4,23.75,23.75,2828,19960.22,392150,182850,19-APR-2021,
OPTSTK,GLENMARK,29-Apr-2021,595,CE,17.5,27.6,7.65,21.85,21.85,241,1711.78,72450,67850,19-APR-2021,
OPTSTK,GLENMARK,29-Apr-2021,600,CE,14.9,26.2,8.55,20.45,20.45,13176,93902.85,1682450,612950,19-APR-2021,
OPTSTK,GLENMARK,29-Apr-2021,605,CE,16,23.9,14.1,18.85,18.85,123,883.65,40250,40250,19-APR-2021,
OPTSTK,GLENMARK,29-Apr-2021,610,CE,11.05,22.5,7.35,17.35,17.35,1406,10134,197800,87400,19-APR-2021,
OPTSTK,GLENMARK,29-Apr-2021,615,CE,0,0,0,6.45,8.25,0,0,1150,0,19-APR-2021,
OPTSTK,GLENMARK,29-Apr-2021,620,CE,10.5,19.15,6.15,14.85,14.85,2309,16853.44,464600,117300,19-APR-2021,
OPTSTK,GLENMARK,29-Apr-2021,625,CE,0,0,0,0.65,6.1,0,0,0,0,19-APR-2021,
OPTSTK,GLENMARK,29-Apr-2021,630,CE,6.5,16.35,4.4,12.65,12.65,877,6479.76,141450,71300,19-APR-2021,
OPTSTK,GLENMARK,29-Apr-2021,635,CE,0,0,0,0.5,4.45,0,0,0,0,19-APR-2021,
OPTSTK,GLENMARK,29-Apr-2021,640,CE,7.4,13.85,4,10.45,10.45,2559,19134.05,456550,100050,19-APR-2021,
OPTSTK,GLENMARK,29-Apr-2021,645,CE,0,0,0,0.45,3.2,0,0,0,0,19-APR-2021,
OPTSTK,GLENMARK,29-Apr-2021,650,CE,7,11.75,6.05,8.8,8.8,987,7482.78,202400,202400,19-APR-2021,
OPTSTK,GLENMARK,29-Apr-2021,655,CE,0,0,0,0.35,2.25,0,0,0,0,19-APR-2021,
OPTSTK,GLENMARK,29-Apr-2021,660,CE,6.8,10,6.8,7.65,7.65,275,2113.18,101200,101200,19-APR-2021,
OPTSTK,GLENMARK,29-Apr-2021,665,CE,0,0,0,0.3,1.55,0,0,0,0,19-APR-2021,
OPTSTK,GLENMARK,29-Apr-2021,340,PE,0,0,0,5.6,0,0,0,0,0,19-APR-2021,
OPTSTK,GLENMARK,29-Apr-2021,350,PE,0,0,0,1,0,0,0,5750,0,19-APR-2021,
OPTSTK,GLENMARK,29-Apr-2021,355,PE,0,0,0,2.5,0,0,0,0,0,19-APR-2021,
OPTSTK,GLENMARK,29-Apr-2021,360,PE,0,0,0,5,0,0,0,1150,0,19-APR-2021,
OPTSTK,GLENMARK,29-Apr-2021,365,PE,0,0,0,3.6,0,0,0,0,0,19-APR-2021,
OPTSTK,GLENMARK,29-Apr-2021,370,PE,0,0,0,10.6,0,0,0,0,0,19-APR-2021,
OPTSTK,GLENMARK,29-Apr-2021,375,PE,0,0,0,5.1,0,0,0,0,0,19-APR-2021,
OPTSTK,GLENMARK,29-Apr-2021,380,PE,0,0,0,12.8,0,0,0,0,0,19-APR-2021,
OPTSTK,GLENMARK,29-Apr-2021,385,PE,0,0,0,6.95,0,0,0,0,0,19-APR-2021,
OPTSTK,GLENMARK,29-Apr-2021,390,PE,0,0,0,15.25,0,0,0,0,0,19-APR-2021,
OPTSTK,GLENMARK,29-Apr-2021,395,PE,0,0,0,9.3,0,0,0,0,0,19-APR-2021,
OPTSTK,GLENMARK,29-Apr-2021,400,PE,0.25,0.25,0.25,0.25,0.25,1,4.6,13800,-1150,19-APR-2021,
OPTSTK,GLENMARK,29-Apr-2021,405,PE,0,0,0,12.1,0,0,0,0,0,19-APR-2021,
OPTSTK,GLENMARK,29-Apr-2021,410,PE,0,0,0,1,0,0,0,1150,0,19-APR-2021,
OPTSTK,GLENMARK,29-Apr-2021,415,PE,0,0,0,15.45,0,0,0,0,0,19-APR-2021,
OPTSTK,GLENMARK,29-Apr-2021,420,PE,0.55,0.55,0.55,0.55,0,1,4.83,42550,0,19-APR-2021,
OPTSTK,GLENMARK,29-Apr-2021,425,PE,0,0,0,19.35,0,0,0,0,0,19-APR-2021,
OPTSTK,GLENMARK,29-Apr-2021,430,PE,1.75,1.75,0.8,0.8,0.8,7,34.69,29900,-1150,19-APR-2021,
OPTSTK,GLENMARK,29-Apr-2021,435,PE,0,0,0,23.8,0.05,0,0,0,0,19-APR-2021,
OPTSTK,GLENMARK,29-Apr-2021,440,PE,1.5,1.5,0.5,0.65,0.05,13,65.87,39100,3450,19-APR-2021,
OPTSTK,GLENMARK,29-Apr-2021,445,PE,0,0,0,28.8,0.05,0,0,0,0,19-APR-2021,
OPTSTK,GLENMARK,29-Apr-2021,450,PE,2.2,2.2,0.7,0.7,0.05,18,93.41,98900,-9200,19-APR-2021,
OPTSTK,GLENMARK,29-Apr-2021,455,PE,0,0,0,3.7,0.05,0,0,5750,0,19-APR-2021,
OPTSTK,GLENMARK,29-Apr-2021,460,PE,1,2.2,0.8,1.05,1.05,38,201.55,77050,2300,19-APR-2021,
OPTSTK,GLENMARK,29-Apr-2021,465,PE,0.4,0.4,0.4,0.4,0.15,1,5.35,4600,0,19-APR-2021,
OPTSTK,GLENMARK,29-Apr-2021,470,PE,1.45,3.4,1.2,1.35,1.35,221,1199.91,202400,14950,19-APR-2021,
OPTSTK,GLENMARK,29-Apr-2021,475,PE,0,0,0,46.95,0.25,0,0,0,0,19-APR-2021,
OPTSTK,GLENMARK,29-Apr-2021,480,PE,3,4.75,1.8,1.95,1.95,264,1466.03,304750,39100,19-APR-2021,
OPTSTK,GLENMARK,29-Apr-2021,485,PE,0,0,0,1.55,0.45,0,0,2300,0,19-APR-2021,
OPTSTK,GLENMARK,29-Apr-2021,490,PE,4,5.3,2.35,2.5,2.5,92,522.12,90850,-12650,19-APR-2021,
OPTSTK,GLENMARK,29-Apr-2021,495,PE,0,0,0,61.4,0.8,0,0,0,0,19-APR-2021,
OPTSTK,GLENMARK,29-Apr-2021,500,PE,3.9,8.05,1.7,3.55,3.55,972,5644.64,455400,64400,19-APR-2021,
OPTSTK,GLENMARK,29-Apr-2021,505,PE,0,0,0,24.7,1.4,0,0,1150,0,19-APR-2021,
OPTSTK,GLENMARK,29-Apr-2021,510,PE,7.4,10.45,4.5,4.65,4.65,91,540.77,129950,2300,19-APR-2021,
OPTSTK,GLENMARK,29-Apr-2021,515,PE,0,0,0,31.95,2.25,0,0,5750,0,19-APR-2021,
OPTSTK,GLENMARK,29-Apr-2021,520,PE,7.9,14,5.6,6.35,6.35,515,3132.79,251850,73600,19-APR-2021,
OPTSTK,GLENMARK,29-Apr-2021,525,PE,0,0,0,85.8,3.5,0,0,0,0,19-APR-2021,
OPTSTK,GLENMARK,29-Apr-2021,530,PE,10,18.65,7.95,8.45,8.45,382,2381.58,151800,19550,19-APR-2021,
OPTSTK,GLENMARK,29-Apr-2021,535,PE,9,13.7,9,11.9,5.2,4,25.14,8050,2300,19-APR-2021,
OPTSTK,GLENMARK,29-Apr-2021,540,PE,11,24.3,10,11.2,11.2,703,4494.71,182850,-47150,19-APR-2021,
OPTSTK,GLENMARK,29-Apr-2021,545,PE,0,0,0,103.4,7.55,0,0,0,0,19-APR-2021,
OPTSTK,GLENMARK,29-Apr-2021,550,PE,20,29.65,13.45,14.55,14.55,855,5605,247250,97750,19-APR-2021,
OPTSTK,GLENMARK,29-Apr-2021,555,PE,0,0,0,112.5,10.45,0,0,0,0,19-APR-2021,
OPTSTK,GLENMARK,29-Apr-2021,560,PE,21.9,37.6,17.15,18.35,18.35,812,5439.75,221950,69000,19-APR-2021,
OPTSTK,GLENMARK,29-Apr-2021,565,PE,40.6,40.6,19.6,20.7,20.7,60,405.59,27600,23000,19-APR-2021,
OPTSTK,GLENMARK,29-Apr-2021,570,PE,28.55,38,21.85,22.9,22.9,507,3478.96,86250,52900,19-APR-2021,
OPTSTK,GLENMARK,29-Apr-2021,575,PE,36.85,40.85,25.35,25.35,25.35,18,126,3450,1150,19-APR-2021,
OPTSTK,GLENMARK,29-Apr-2021,580,PE,45,45.9,26.75,28.15,28.15,351,2458.57,101200,96600,19-APR-2021,
OPTSTK,GLENMARK,29-Apr-2021,585,PE,0,0,0,140.65,23.8,0,0,0,0,19-APR-2021,
OPTSTK,GLENMARK,29-Apr-2021,590,PE,49.35,49.35,32.2,33.8,33.8,34,244.23,6900,0,19-APR-2021,
OPTSTK,GLENMARK,29-Apr-2021,595,PE,0,0,0,150.25,29.8,0,0,0,0,19-APR-2021,
OPTSTK,GLENMARK,29-Apr-2021,600,PE,41,41.75,38.25,40.7,40.7,28,206.17,5750,5750,19-APR-2021,
OPTSTK,GLENMARK,29-Apr-2021,605,PE,0,0,0,159.95,36.45,0,0,0,0,19-APR-2021,
OPTSTK,GLENMARK,29-Apr-2021,610,PE,0,0,0,141.45,40,0,0,0,0,19-APR-2021,
OPTSTK,GLENMARK,29-Apr-2021,615,PE,0,0,0,169.65,43.75,0,0,0,0,19-APR-2021,
OPTSTK,GLENMARK,29-Apr-2021,620,PE,0,0,0,149.75,47.6,0,0,0,0,19-APR-2021,
OPTSTK,GLENMARK,29-Apr-2021,625,PE,0,0,0,179.45,51.6,0,0,0,0,19-APR-2021,
OPTSTK,GLENMARK,29-Apr-2021,630,PE,0,0,0,158.2,55.7,0,0,0,0,19-APR-2021,
OPTSTK,GLENMARK,29-Apr-2021,635,PE,0,0,0,189.25,59.95,0,0,0,0,19-APR-2021,
OPTSTK,GLENMARK,29-Apr-2021,640,PE,0,0,0,166.75,64.25,0,0,0,0,19-APR-2021,
OPTSTK,GLENMARK,29-Apr-2021,645,PE,0,0,0,181.6,68.65,0,0,0,0,19-APR-2021,
OPTSTK,GLENMARK,29-Apr-2021,650,PE,0,0,0,175.4,73.15,0,0,0,0,19-APR-2021,
OPTSTK,GLENMARK,29-Apr-2021,655,PE,0,0,0,188.75,77.7,0,0,0,0,19-APR-2021,
OPTSTK,GLENMARK,29-Apr-2021,660,PE,0,0,0,184.2,82.35,0,0,0,0,19-APR-2021,
OPTSTK,GLENMARK,29-Apr-2021,665,PE,0,0,0,180.4,87,0,0,0,0,19-APR-2021,
OPTSTK,GLENMARK,27-May-2021,340,CE,0,0,0,141.45,240.25,0,0,0,0,19-APR-2021,
OPTSTK,GLENMARK,27-May-2021,350,CE,0,0,0,133,230.35,0,0,0,0,19-APR-2021,
OPTSTK,GLENMARK,27-May-2021,355,CE,0,0,0,97.95,225.35,0,0,0,0,19-APR-2021,
OPTSTK,GLENMARK,27-May-2021,360,CE,0,0,0,124.75,220.4,0,0,0,0,19-APR-2021,
OPTSTK,GLENMARK,27-May-2021,365,CE,0,0,0,89.9,215.45,0,0,0,0,19-APR-2021,
OPTSTK,GLENMARK,27-May-2021,370,CE,0,0,0,116.8,210.5,0,0,0,0,19-APR-2021,
OPTSTK,GLENMARK,27-May-2021,375,CE,0,0,0,82.25,205.55,0,0,0,0,19-APR-2021,
OPTSTK,GLENMARK,27-May-2021,380,CE,0,0,0,109.15,200.6,0,0,0,0,19-APR-2021,
OPTSTK,GLENMARK,27-May-2021,385,CE,0,0,0,74.95,195.7,0,0,0,0,19-APR-2021,
OPTSTK,GLENMARK,27-May-2021,390,CE,0,0,0,101.8,190.8,0,0,0,0,19-APR-2021,
OPTSTK,GLENMARK,27-May-2021,395,CE,0,0,0,68.05,185.9,0,0,0,0,19-APR-2021,
OPTSTK,GLENMARK,27-May-2021,400,CE,0,0,0,94.75,181,0,0,1150,0,19-APR-2021,
OPTSTK,GLENMARK,27-May-2021,405,CE,0,0,0,61.55,176.1,0,0,0,0,19-APR-2021,
OPTSTK,GLENMARK,27-May-2021,410,CE,0,0,0,88,171.3,0,0,0,0,19-APR-2021,
OPTSTK,GLENMARK,27-May-2021,415,CE,0,0,0,55.5,166.45,0,0,0,0,19-APR-2021,
OPTSTK,GLENMARK,27-May-2021,420,CE,0,0,0,81.55,161.65,0,0,0,0,19-APR-2021,
OPTSTK,GLENMARK,27-May-2021,425,CE,0,0,0,49.85,156.9,0,0,0,0,19-APR-2021,
OPTSTK,GLENMARK,27-May-2021,430,CE,0,0,0,75.5,152.15,0,0,0,0,19-APR-2021,
OPTSTK,GLENMARK,27-May-2021,435,CE,0,0,0,44.6,147.45,0,0,0,0,19-APR-2021,
OPTSTK,GLENMARK,27-May-2021,440,CE,0,0,0,69.75,142.8,0,0,0,0,19-APR-2021,
OPTSTK,GLENMARK,27-May-2021,445,CE,0,0,0,39.8,138.15,0,0,0,0,19-APR-2021,
OPTSTK,GLENMARK,27-May-2021,450,CE,0,0,0,64.3,133.6,0,0,0,0,19-APR-2021,
OPTSTK,GLENMARK,27-May-2021,455,CE,0,0,0,35.4,129.05,0,0,0,0,19-APR-2021,
OPTSTK,GLENMARK,27-May-2021,460,CE,0,0,0,59.2,124.6,0,0,0,0,19-APR-2021,
OPTSTK,GLENMARK,27-May-2021,465,CE,0,0,0,31.4,120.15,0,0,0,0,19-APR-2021,
OPTSTK,GLENMARK,27-May-2021,470,CE,0,0,0,54.4,115.8,0,0,0,0,19-APR-2021,
OPTSTK,GLENMARK,27-May-2021,475,CE,0,0,0,27.75,111.55,0,0,0,0,19-APR-2021,
OPTSTK,GLENMARK,27-May-2021,480,CE,0,0,0,50,107.3,0,0,3450,0,19-APR-2021,
OPTSTK,GLENMARK,27-May-2021,485,CE,0,0,0,24.45,103.15,0,0,0,0,19-APR-2021,
OPTSTK,GLENMARK,27-May-2021,490,CE,0,0,0,45.7,99.05,0,0,0,0,19-APR-2021,
OPTSTK,GLENMARK,27-May-2021,495,CE,0,0,0,21.45,95.05,0,0,0,0,19-APR-2021,
OPTSTK,GLENMARK,27-May-2021,500,CE,70,100.4,70,94.5,91.15,10,67.39,66700,0,19-APR-2021,
OPTSTK,GLENMARK,27-May-2021,505,CE,0,0,0,18.85,87.3,0,0,0,0,19-APR-2021,
OPTSTK,GLENMARK,27-May-2021,510,CE,0,0,0,38.2,83.6,0,0,0,0,19-APR-2021,
OPTSTK,GLENMARK,27-May-2021,515,CE,0,0,0,16.45,79.95,0,0,0,0,19-APR-2021,
OPTSTK,GLENMARK,27-May-2021,520,CE,0,0,0,34.85,76.35,0,0,0,0,19-APR-2021,
OPTSTK,GLENMARK,27-May-2021,525,CE,0,0,0,14.35,72.85,0,0,0,0,19-APR-2021,
OPTSTK,GLENMARK,27-May-2021,530,CE,0,0,0,31.75,69.45,0,0,0,0,19-APR-2021,
OPTSTK,GLENMARK,27-May-2021,535,CE,0,0,0,12.5,66.2,0,0,0,0,19-APR-2021,
OPTSTK,GLENMARK,27-May-2021,540,CE,0,0,0,28.9,63,0,0,0,0,19-APR-2021,
OPTSTK,GLENMARK,27-May-2021,545,CE,0,0,0,10.85,59.9,0,0,0,0,19-APR-2021,
OPTSTK,GLENMARK,27-May-2021,550,CE,38,66.5,38,58.4,58.4,110,766.77,273700,3450,19-APR-2021,
OPTSTK,GLENMARK,27-May-2021,555,CE,0,0,0,9.35,54.05,0,0,0,0,19-APR-2021,
OPTSTK,GLENMARK,27-May-2021,560,CE,48.75,48.75,48.75,48.75,51.25,2,14,3450,2300,19-APR-2021,
OPTSTK,GLENMARK,27-May-2021,565,CE,0,0,0,8.1,48.6,0,0,0,0,19-APR-2021,
OPTSTK,GLENMARK,27-May-2021,570,CE,0,0,0,21.65,46,0,0,0,0,19-APR-2021,
OPTSTK,GLENMARK,27-May-2021,575,CE,0,0,0,7,43.5,0,0,0,0,19-APR-2021,
OPTSTK,GLENMARK,27-May-2021,580,CE,0,0,0,19.6,41.15,0,0,0,0,19-APR-2021,
OPTSTK,GLENMARK,27-May-2021,585,CE,0,0,0,6,38.85,0,0,0,0,19-APR-2021,
OPTSTK,GLENMARK,27-May-2021,590,CE,0,0,0,17.75,36.65,0,0,0,0,19-APR-2021,
OPTSTK,GLENMARK,27-May-2021,595,CE,0,0,0,5.15,34.55,0,0,0,0,19-APR-2021,
OPTSTK,GLENMARK,27-May-2021,600,CE,28,43.2,18,38.1,38.1,470,3440.08,248400,93150,19-APR-2021,
OPTSTK,GLENMARK,27-May-2021,605,CE,0,0,0,4.4,30.6,0,0,0,0,19-APR-2021,
OPTSTK,GLENMARK,27-May-2021,610,CE,0,0,0,14.5,28.8,0,0,0,0,19-APR-2021,
OPTSTK,GLENMARK,27-May-2021,615,CE,0,0,0,3.8,27.05,0,0,0,0,19-APR-2021,
OPTSTK,GLENMARK,27-May-2021,620,CE,0,0,0,13.05,25.4,0,0,0,0,19-APR-2021,
OPTSTK,GLENMARK,27-May-2021,625,CE,0,0,0,3.25,23.8,0,0,0,0,19-APR-2021,
OPTSTK,GLENMARK,27-May-2021,630,CE,0,0,0,11.8,22.35,0,0,0,0,19-APR-2021,
OPTSTK,GLENMARK,27-May-2021,635,CE,0,0,0,2.75,20.9,0,0,0,0,19-APR-2021,
OPTSTK,GLENMARK,27-May-2021,640,CE,0,0,0,10.6,19.55,0,0,0,0,19-APR-2021,
OPTSTK,GLENMARK,27-May-2021,645,CE,0,0,0,3,18.3,0,0,0,0,19-APR-2021,
OPTSTK,GLENMARK,27-May-2021,650,CE,0,0,0,9.55,17.15,0,0,0,0,19-APR-2021,
OPTSTK,GLENMARK,27-May-2021,655,CE,0,0,0,2.65,16,0,0,0,0,19-APR-2021,
OPTSTK,GLENMARK,27-May-2021,660,CE,0,0,0,8.6,14.95,0,0,0,0,19-APR-2021,
OPTSTK,GLENMARK,27-May-2021,665,CE,0,0,0,2.95,13.9,0,0,0,0,19-APR-2021,
OPTSTK,GLENMARK,27-May-2021,340,PE,0,0,0,5.55,0.05,0,0,0,0,19-APR-2021,
OPTSTK,GLENMARK,27-May-2021,350,PE,0,0,0,6.95,0.05,0,0,0,0,19-APR-2021,
OPTSTK,GLENMARK,27-May-2021,355,PE,0,0,0,6.7,0.1,0,0,0,0,19-APR-2021,
OPTSTK,GLENMARK,27-May-2021,360,PE,0,0,0,8.65,0.1,0,0,0,0,19-APR-2021,
OPTSTK,GLENMARK,27-May-2021,365,PE,0,0,0,8.6,0.1,0,0,0,0,19-APR-2021,
OPTSTK,GLENMARK,27-May-2021,370,PE,0,0,0,10.6,0.15,0,0,0,0,19-APR-2021,
OPTSTK,GLENMARK,27-May-2021,375,PE,0,0,0,10.85,0.2,0,0,0,0,19-APR-2021,
OPTSTK,GLENMARK,27-May-2021,380,PE,0,0,0,12.85,0.25,0,0,0,0,19-APR-2021,
OPTSTK,GLENMARK,27-May-2021,385,PE,0,0,0,13.5,0.3,0,0,0,0,19-APR-2021,
OPTSTK,GLENMARK,27-May-2021,390,PE,0,0,0,15.4,0.35,0,0,0,0,19-APR-2021,
OPTSTK,GLENMARK,27-May-2021,395,PE,0,0,0,16.55,0.45,0,0,0,0,19-APR-2021,
OPTSTK,GLENMARK,27-May-2021,400,PE,0,0,0,18.25,0.55,0,0,0,0,19-APR-2021,
OPTSTK,GLENMARK,27-May-2021,405,PE,0,0,0,20,0.65,0,0,0,0,19-APR-2021,
OPTSTK,GLENMARK,27-May-2021,410,PE,0,0,0,21.45,0.8,0,0,0,0,19-APR-2021,
OPTSTK,GLENMARK,27-May-2021,415,PE,0,0,0,23.85,0.95,0,0,0,0,19-APR-2021,
OPTSTK,GLENMARK,27-May-2021,420,PE,0,0,0,24.9,1.1,0,0,0,0,19-APR-2021,
OPTSTK,GLENMARK,27-May-2021,425,PE,0,0,0,28.15,1.35,0,0,0,0,19-APR-2021,
OPTSTK,GLENMARK,27-May-2021,430,PE,0,0,0,28.75,1.6,0,0,0,0,19-APR-2021,
OPTSTK,GLENMARK,27-May-2021,435,PE,0,0,0,32.85,1.85,0,0,0,0,19-APR-2021,
OPTSTK,GLENMARK,27-May-2021,440,PE,0,0,0,14,2.15,0,0,1150,0,19-APR-2021,
OPTSTK,GLENMARK,27-May-2021,445,PE,0,0,0,38,2.55,0,0,0,0,19-APR-2021,
OPTSTK,GLENMARK,27-May-2021,450,PE,0,0,0,37.35,2.95,0,0,0,0,19-APR-2021,
OPTSTK,GLENMARK,27-May-2021,455,PE,0,0,0,43.5,3.4,0,0,0,0,19-APR-2021,
OPTSTK,GLENMARK,27-May-2021,460,PE,0,0,0,42.15,3.9,0,0,0,0,19-APR-2021,
OPTSTK,GLENMARK,27-May-2021,465,PE,0,0,0,49.45,4.45,0,0,0,0,19-APR-2021,
OPTSTK,GLENMARK,27-May-2021,470,PE,0,0,0,47.25,5.1,0,0,0,0,19-APR-2021,
OPTSTK,GLENMARK,27-May-2021,475,PE,0,0,0,55.7,5.8,0,0,0,0,19-APR-2021,
OPTSTK,GLENMARK,27-May-2021,480,PE,0,0,0,52.7,6.55,0,0,0,0,19-APR-2021,
OPTSTK,GLENMARK,27-May-2021,485,PE,0,0,0,62.35,7.35,0,0,0,0,19-APR-2021,
OPTSTK,GLENMARK,27-May-2021,490,PE,0,0,0,58.4,8.25,0,0,0,0,19-APR-2021,
OPTSTK,GLENMARK,27-May-2021,495,PE,0,0,0,69.3,9.25,0,0,0,0,19-APR-2021,
OPTSTK,GLENMARK,27-May-2021,500,PE,17,17,11.5,13,13,12,70.84,11500,9200,19-APR-2021,
OPTSTK,GLENMARK,27-May-2021,505,PE,0,0,0,76.6,11.45,0,0,0,0,19-APR-2021,
OPTSTK,GLENMARK,27-May-2021,510,PE,0,0,0,70.7,12.7,0,0,0,0,19-APR-2021,
OPTSTK,GLENMARK,27-May-2021,515,PE,0,0,0,84.2,14,0,0,0,0,19-APR-2021,
OPTSTK,GLENMARK,27-May-2021,520,PE,0,0,0,77.25,15.45,0,0,0,0,19-APR-2021,
OPTSTK,GLENMARK,27-May-2021,525,PE,0,0,0,92,16.95,0,0,0,0,19-APR-2021,
OPTSTK,GLENMARK,27-May-2021,530,PE,0,0,0,84.05,18.5,0,0,0,0,19-APR-2021,
OPTSTK,GLENMARK,27-May-2021,535,PE,0,0,0,100.1,20.2,0,0,0,0,19-APR-2021,
OPTSTK,GLENMARK,27-May-2021,540,PE,0,0,0,91.1,22,0,0,0,0,19-APR-2021,
OPTSTK,GLENMARK,27-May-2021,545,PE,0,0,0,108.35,23.9,0,0,0,0,19-APR-2021,
OPTSTK,GLENMARK,27-May-2021,550,PE,29.7,29.7,29.7,29.7,29.7,1,6.66,1150,1150,19-APR-2021,
OPTSTK,GLENMARK,27-May-2021,555,PE,0,0,0,116.85,28,0,0,0,0,19-APR-2021,
OPTSTK,GLENMARK,27-May-2021,560,PE,0,0,0,105.9,30.2,0,0,0,0,19-APR-2021,
OPTSTK,GLENMARK,27-May-2021,565,PE,0,0,0,125.5,32.5,0,0,0,0,19-APR-2021,
OPTSTK,GLENMARK,27-May-2021,570,PE,0,0,0,113.6,34.9,0,0,0,0,19-APR-2021,
OPTSTK,GLENMARK,27-May-2021,575,PE,0,0,0,134.3,37.4,0,0,0,0,19-APR-2021,
OPTSTK,GLENMARK,27-May-2021,580,PE,0,0,0,121.45,39.95,0,0,0,0,19-APR-2021,
OPTSTK,GLENMARK,27-May-2021,585,PE,0,0,0,143.3,42.65,0,0,0,0,19-APR-2021,
OPTSTK,GLENMARK,27-May-2021,590,PE,0,0,0,129.5,45.45,0,0,0,0,19-APR-2021,
OPTSTK,GLENMARK,27-May-2021,595,PE,0,0,0,152.35,48.35,0,0,0,0,19-APR-2021,
OPTSTK,GLENMARK,27-May-2021,600,PE,55,55,55,55,51.3,1,7.53,1150,1150,19-APR-2021,
OPTSTK,GLENMARK,27-May-2021,605,PE,0,0,0,161.55,54.35,0,0,0,0,19-APR-2021,
OPTSTK,GLENMARK,27-May-2021,610,PE,0,0,0,146.05,57.5,0,0,0,0,19-APR-2021,
OPTSTK,GLENMARK,27-May-2021,615,PE,0,0,0,170.85,60.75,0,0,0,0,19-APR-2021,
OPTSTK,GLENMARK,27-May-2021,620,PE,0,0,0,154.55,64.1,0,0,0,0,19-APR-2021,
OPTSTK,GLENMARK,27-May-2021,625,PE,0,0,0,180.25,67.5,0,0,0,0,19-APR-2021,
OPTSTK,GLENMARK,27-May-2021,630,PE,0,0,0,163.15,70.95,0,0,0,0,19-APR-2021,
OPTSTK,GLENMARK,27-May-2021,635,PE,0,0,0,189.7,74.55,0,0,0,0,19-APR-2021,
OPTSTK,GLENMARK,27-May-2021,640,PE,0,0,0,171.9,78.15,0,0,0,0,19-APR-2021,
OPTSTK,GLENMARK,27-May-2021,645,PE,0,0,0,182.3,81.9,0,0,0,0,19-APR-2021,
OPTSTK,GLENMARK,27-May-2021,650,PE,0,0,0,180.75,85.7,0,0,0,0,19-APR-2021,
OPTSTK,GLENMARK,27-May-2021,655,PE,0,0,0,189.1,89.55,0,0,0,0,19-APR-2021,
OPTSTK,GLENMARK,27-May-2021,660,PE,0,0,0,189.7,93.45,0,0,0,0,19-APR-2021,
OPTSTK,GLENMARK,27-May-2021,665,PE,0,0,0,181.1,97.4,0,0,0,0,19-APR-2021,
OPTSTK,GLENMARK,24-Jun-2021,340,CE,0,0,0,114.95,241.55,0,0,0,0,19-APR-2021,
OPTSTK,GLENMARK,24-Jun-2021,345,CE,0,0,0,110.95,236.65,0,0,0,0,19-APR-2021,
OPTSTK,GLENMARK,24-Jun-2021,350,CE,0,0,0,107,231.8,0,0,0,0,19-APR-2021,
OPTSTK,GLENMARK,24-Jun-2021,355,CE,0,0,0,103.15,226.95,0,0,0,0,19-APR-2021,
OPTSTK,GLENMARK,24-Jun-2021,360,CE,0,0,0,99.35,222.1,0,0,0,0,19-APR-2021,
OPTSTK,GLENMARK,24-Jun-2021,365,CE,0,0,0,95.65,217.25,0,0,0,0,19-APR-2021,
OPTSTK,GLENMARK,24-Jun-2021,370,CE,0,0,0,92.05,212.45,0,0,0,0,19-APR-2021,
OPTSTK,GLENMARK,24-Jun-2021,375,CE,0,0,0,88.5,207.65,0,0,0,0,19-APR-2021,
OPTSTK,GLENMARK,24-Jun-2021,380,CE,0,0,0,85.05,202.85,0,0,0,0,19-APR-2021,
OPTSTK,GLENMARK,24-Jun-2021,385,CE,0,0,0,81.7,198.1,0,0,0,0,19-APR-2021,
OPTSTK,GLENMARK,24-Jun-2021,390,CE,0,0,0,78.4,193.4,0,0,0,0,19-APR-2021,
OPTSTK,GLENMARK,24-Jun-2021,395,CE,0,0,0,75.2,188.7,0,0,0,0,19-APR-2021,
OPTSTK,GLENMARK,24-Jun-2021,400,CE,0,0,0,72.1,184.05,0,0,0,0,19-APR-2021,
OPTSTK,GLENMARK,24-Jun-2021,405,CE,0,0,0,69.1,179.45,0,0,0,0,19-APR-2021,
OPTSTK,GLENMARK,24-Jun-2021,410,CE,0,0,0,66.15,174.85,0,0,0,0,19-APR-2021,
OPTSTK,GLENMARK,24-Jun-2021,415,CE,0,0,0,63.35,170.3,0,0,0,0,19-APR-2021,
OPTSTK,GLENMARK,24-Jun-2021,420,CE,0,0,0,60.6,165.8,0,0,0,0,19-APR-2021,
OPTSTK,GLENMARK,24-Jun-2021,425,CE,0,0,0,57.95,161.35,0,0,0,0,19-APR-2021,
OPTSTK,GLENMARK,24-Jun-2021,430,CE,0,0,0,55.35,156.95,0,0,0,0,19-APR-2021,
OPTSTK,GLENMARK,24-Jun-2021,435,CE,0,0,0,52.9,152.55,0,0,0,0,19-APR-2021,
OPTSTK,GLENMARK,24-Jun-2021,440,CE,0,0,0,50.5,148.25,0,0,0,0,19-APR-2021,
OPTSTK,GLENMARK,24-Jun-2021,445,CE,0,0,0,48.2,144,0,0,0,0,19-APR-2021,
OPTSTK,GLENMARK,24-Jun-2021,450,CE,0,0,0,45.95,139.8,0,0,0,0,19-APR-2021,
OPTSTK,GLENMARK,24-Jun-2021,455,CE,0,0,0,43.8,135.65,0,0,0,0,19-APR-2021,
OPTSTK,GLENMARK,24-Jun-2021,460,CE,0,0,0,41.75,131.55,0,0,0,0,19-APR-2021,
OPTSTK,GLENMARK,24-Jun-2021,465,CE,0,0,0,39.75,127.55,0,0,0,0,19-APR-2021,
OPTSTK,GLENMARK,24-Jun-2021,470,CE,0,0,0,37.85,123.55,0,0,0,0,19-APR-2021,
OPTSTK,GLENMARK,24-Jun-2021,475,CE,0,0,0,36.05,119.65,0,0,0,0,19-APR-2021,
OPTSTK,GLENMARK,24-Jun-2021,480,CE,0,0,0,34.25,115.85,0,0,0,0,19-APR-2021,
OPTSTK,GLENMARK,24-Jun-2021,485,CE,0,0,0,32.6,112.05,0,0,0,0,19-APR-2021,
OPTSTK,GLENMARK,24-Jun-2021,490,CE,0,0,0,30.95,108.4,0,0,0,0,19-APR-2021,
OPTSTK,GLENMARK,24-Jun-2021,495,CE,0,0,0,29.4,104.75,0,0,0,0,19-APR-2021,
OPTSTK,GLENMARK,24-Jun-2021,500,CE,0,0,0,27.95,101.2,0,0,0,0,19-APR-2021,
OPTSTK,GLENMARK,24-Jun-2021,505,CE,0,0,0,26.5,97.75,0,0,0,0,19-APR-2021,
OPTSTK,GLENMARK,24-Jun-2021,510,CE,0,0,0,25.15,94.35,0,0,0,0,19-APR-2021,
OPTSTK,GLENMARK,24-Jun-2021,515,CE,0,0,0,23.85,91,0,0,0,0,19-APR-2021,
OPTSTK,GLENMARK,24-Jun-2021,520,CE,0,0,0,22.65,87.75,0,0,0,0,19-APR-2021,
OPTSTK,GLENMARK,24-Jun-2021,525,CE,0,0,0,21.5,84.55,0,0,0,0,19-APR-2021,
OPTSTK,GLENMARK,24-Jun-2021,530,CE,0,0,0,20.35,81.45,0,0,0,0,19-APR-2021,
OPTSTK,GLENMARK,24-Jun-2021,535,CE,0,0,0,19.3,78.45,0,0,0,0,19-APR-2021,
OPTSTK,GLENMARK,24-Jun-2021,540,CE,0,0,0,18.25,75.5,0,0,0,0,19-APR-2021,
OPTSTK,GLENMARK,24-Jun-2021,545,CE,0,0,0,17.3,72.65,0,0,0,0,19-APR-2021,
OPTSTK,GLENMARK,24-Jun-2021,550,CE,0,0,0,16.4,69.85,0,0,0,0,19-APR-2021,
OPTSTK,GLENMARK,24-Jun-2021,555,CE,0,0,0,15.5,67.15,0,0,0,0,19-APR-2021,
OPTSTK,GLENMARK,24-Jun-2021,560,CE,0,0,0,14.65,64.5,0,0,0,0,19-APR-2021,
OPTSTK,GLENMARK,24-Jun-2021,565,CE,0,0,0,13.85,61.95,0,0,0,0,19-APR-2021,
OPTSTK,GLENMARK,24-Jun-2021,570,CE,0,0,0,13.1,59.45,0,0,0,0,19-APR-2021,
OPTSTK,GLENMARK,24-Jun-2021,575,CE,0,0,0,12.35,57.05,0,0,0,0,19-APR-2021,
OPTSTK,GLENMARK,24-Jun-2021,580,CE,0,0,0,11.7,54.7,0,0,0,0,19-APR-2021,
OPTSTK,GLENMARK,24-Jun-2021,585,CE,0,0,0,11.05,52.45,0,0,0,0,19-APR-2021,
OPTSTK,GLENMARK,24-Jun-2021,590,CE,0,0,0,10.45,50.3,0,0,0,0,19-APR-2021,
OPTSTK,GLENMARK,24-Jun-2021,595,CE,0,0,0,9.85,48.15,0,0,0,0,19-APR-2021,
OPTSTK,GLENMARK,24-Jun-2021,600,CE,0,0,0,9.3,46.1,0,0,0,0,19-APR-2021,
OPTSTK,GLENMARK,24-Jun-2021,605,CE,0,0,0,8.75,44.15,0,0,0,0,19-APR-2021,
OPTSTK,GLENMARK,24-Jun-2021,610,CE,0,0,0,8.25,42.25,0,0,0,0,19-APR-2021,
OPTSTK,GLENMARK,24-Jun-2021,615,CE,0,0,0,7.8,40.4,0,0,0,0,19-APR-2021,
OPTSTK,GLENMARK,24-Jun-2021,620,CE,0,0,0,7.35,38.6,0,0,0,0,19-APR-2021,
OPTSTK,GLENMARK,24-Jun-2021,625,CE,0,0,0,6.95,36.9,0,0,0,0,19-APR-2021,
OPTSTK,GLENMARK,24-Jun-2021,630,CE,0,0,0,6.55,35.25,0,0,0,0,19-APR-2021,
OPTSTK,GLENMARK,24-Jun-2021,635,CE,0,0,0,6.15,33.65,0,0,0,0,19-APR-2021,
OPTSTK,GLENMARK,24-Jun-2021,640,CE,0,0,0,6.05,32.15,0,0,0,0,19-APR-2021,
OPTSTK,GLENMARK,24-Jun-2021,645,CE,0,0,0,6.9,30.65,0,0,0,0,19-APR-2021,
OPTSTK,GLENMARK,24-Jun-2021,650,CE,0,0,0,6.5,29.25,0,0,0,0,19-APR-2021,
OPTSTK,GLENMARK,24-Jun-2021,655,CE,0,0,0,6.3,27.9,0,0,0,0,19-APR-2021,
OPTSTK,GLENMARK,24-Jun-2021,660,CE,0,0,0,7.55,26.6,0,0,0,0,19-APR-2021,
OPTSTK,GLENMARK,24-Jun-2021,665,CE,0,0,0,7.15,25.4,0,0,0,0,19-APR-2021,
OPTSTK,GLENMARK,24-Jun-2021,340,PE,0,0,0,7.85,0.35,0,0,0,0,19-APR-2021,
OPTSTK,GLENMARK,24-Jun-2021,345,PE,0,0,0,8.8,0.45,0,0,0,0,19-APR-2021,
OPTSTK,GLENMARK,24-Jun-2021,350,PE,0,0,0,9.8,0.55,0,0,0,0,19-APR-2021,
OPTSTK,GLENMARK,24-Jun-2021,355,PE,0,0,0,10.9,0.65,0,0,0,0,19-APR-2021,
OPTSTK,GLENMARK,24-Jun-2021,360,PE,0,0,0,12.05,0.75,0,0,0,0,19-APR-2021,
OPTSTK,GLENMARK,24-Jun-2021,365,PE,0,0,0,13.3,0.9,0,0,0,0,19-APR-2021,
OPTSTK,GLENMARK,24-Jun-2021,370,PE,0,0,0,14.65,1.05,0,0,0,0,19-APR-2021,
OPTSTK,GLENMARK,24-Jun-2021,375,PE,0,0,0,16.05,1.2,0,0,0,0,19-APR-2021,
OPTSTK,GLENMARK,24-Jun-2021,380,PE,0,0,0,17.55,1.4,0,0,0,0,19-APR-2021,
OPTSTK,GLENMARK,24-Jun-2021,385,PE,0,0,0,19.15,1.6,0,0,0,0,19-APR-2021,
OPTSTK,GLENMARK,24-Jun-2021,390,PE,0,0,0,20.8,1.85,0,0,0,0,19-APR-2021,
OPTSTK,GLENMARK,24-Jun-2021,395,PE,0,0,0,22.55,2.15,0,0,0,0,19-APR-2021,
OPTSTK,GLENMARK,24-Jun-2021,400,PE,0,0,0,24.4,2.45,0,0,0,0,19-APR-2021,
OPTSTK,GLENMARK,24-Jun-2021,405,PE,0,0,0,26.35,2.8,0,0,0,0,19-APR-2021,
OPTSTK,GLENMARK,24-Jun-2021,410,PE,0,0,0,28.4,3.2,0,0,0,0,19-APR-2021,
OPTSTK,GLENMARK,24-Jun-2021,415,PE,0,0,0,30.5,3.6,0,0,0,0,19-APR-2021,
OPTSTK,GLENMARK,24-Jun-2021,420,PE,0,0,0,32.75,4.05,0,0,0,0,19-APR-2021,
OPTSTK,GLENMARK,24-Jun-2021,425,PE,0,0,0,35.05,4.6,0,0,0,0,19-APR-2021,
OPTSTK,GLENMARK,24-Jun-2021,430,PE,0,0,0,37.4,5.15,0,0,0,0,19-APR-2021,
OPTSTK,GLENMARK,24-Jun-2021,435,PE,0,0,0,39.9,5.75,0,0,0,0,19-APR-2021,
OPTSTK,GLENMARK,24-Jun-2021,440,PE,0,0,0,42.45,6.4,0,0,0,0,19-APR-2021,
OPTSTK,GLENMARK,24-Jun-2021,445,PE,0,0,0,45.1,7.1,0,0,0,0,19-APR-2021,
OPTSTK,GLENMARK,24-Jun-2021,450,PE,0,0,0,47.8,7.85,0,0,0,0,19-APR-2021,
OPTSTK,GLENMARK,24-Jun-2021,455,PE,0,0,0,50.65,8.65,0,0,0,0,19-APR-2021,
OPTSTK,GLENMARK,24-Jun-2021,460,PE,0,0,0,53.5,9.55,0,0,0,0,19-APR-2021,
OPTSTK,GLENMARK,24-Jun-2021,465,PE,0,0,0,56.5,10.5,0,0,0,0,19-APR-2021,
OPTSTK,GLENMARK,24-Jun-2021,470,PE,0,0,0,59.55,11.5,0,0,0,0,19-APR-2021,
OPTSTK,GLENMARK,24-Jun-2021,475,PE,0,0,0,62.65,12.55,0,0,0,0,19-APR-2021,
OPTSTK,GLENMARK,24-Jun-2021,480,PE,0,0,0,65.85,13.7,0,0,0,0,19-APR-2021,
OPTSTK,GLENMARK,24-Jun-2021,485,PE,0,0,0,69.1,14.9,0,0,0,0,19-APR-2021,
OPTSTK,GLENMARK,24-Jun-2021,490,PE,0,0,0,72.45,16.2,0,0,0,0,19-APR-2021,
OPTSTK,GLENMARK,24-Jun-2021,495,PE,0,0,0,75.85,17.5,0,0,0,0,19-APR-2021,
OPTSTK,GLENMARK,24-Jun-2021,500,PE,0,0,0,79.35,18.95,0,0,0,0,19-APR-2021,
OPTSTK,GLENMARK,24-Jun-2021,505,PE,0,0,0,82.85,20.4,0,0,0,0,19-APR-2021,
OPTSTK,GLENMARK,24-Jun-2021,510,PE,0,0,0,86.45,22,0,0,0,0,19-APR-2021,
OPTSTK,GLENMARK,24-Jun-2021,515,PE,0,0,0,90.15,23.6,0,0,0,0,19-APR-2021,
OPTSTK,GLENMARK,24-Jun-2021,520,PE,0,0,0,93.85,25.3,0,0,0,0,19-APR-2021,
OPTSTK,GLENMARK,24-Jun-2021,525,PE,0,0,0,97.65,27.1,0,0,0,0,19-APR-2021,
OPTSTK,GLENMARK,24-Jun-2021,530,PE,0,0,0,101.5,29,0,0,0,0,19-APR-2021,
OPTSTK,GLENMARK,24-Jun-2021,535,PE,0,0,0,105.35,30.9,0,0,0,0,19-APR-2021,
OPTSTK,GLENMARK,24-Jun-2021,540,PE,0,0,0,109.3,32.95,0,0,0,0,19-APR-2021,
OPTSTK,GLENMARK,24-Jun-2021,545,PE,0,0,0,113.3,35.05,0,0,0,0,19-APR-2021,
OPTSTK,GLENMARK,24-Jun-2021,550,PE,0,0,0,117.3,37.25,0,0,0,0,19-APR-2021,
OPTSTK,GLENMARK,24-Jun-2021,555,PE,0,0,0,121.35,39.5,0,0,0,0,19-APR-2021,
OPTSTK,GLENMARK,24-Jun-2021,560,PE,0,0,0,125.5,41.8,0,0,0,0,19-APR-2021,
OPTSTK,GLENMARK,24-Jun-2021,565,PE,0,0,0,129.65,44.25,0,0,0,0,19-APR-2021,
OPTSTK,GLENMARK,24-Jun-2021,570,PE,0,0,0,133.85,46.7,0,0,0,0,19-APR-2021,
OPTSTK,GLENMARK,24-Jun-2021,575,PE,0,0,0,138.05,49.25,0,0,0,0,19-APR-2021,
OPTSTK,GLENMARK,24-Jun-2021,580,PE,0,0,0,142.35,51.9,0,0,0,0,19-APR-2021,
OPTSTK,GLENMARK,24-Jun-2021,585,PE,0,0,0,146.65,54.6,0,0,0,0,19-APR-2021,
OPTSTK,GLENMARK,24-Jun-2021,590,PE,0,0,0,151,57.4,0,0,0,0,19-APR-2021,
OPTSTK,GLENMARK,24-Jun-2021,595,PE,0,0,0,155.35,60.25,0,0,0,0,19-APR-2021,
OPTSTK,GLENMARK,24-Jun-2021,600,PE,0,0,0,159.75,63.15,0,0,0,0,19-APR-2021,
OPTSTK,GLENMARK,24-Jun-2021,605,PE,0,0,0,164.2,66.15,0,0,0,0,19-APR-2021,
OPTSTK,GLENMARK,24-Jun-2021,610,PE,0,0,0,168.65,69.2,0,0,0,0,19-APR-2021,
OPTSTK,GLENMARK,24-Jun-2021,615,PE,0,0,0,173.15,72.35,0,0,0,0,19-APR-2021,
OPTSTK,GLENMARK,24-Jun-2021,620,PE,0,0,0,177.65,75.55,0,0,0,0,19-APR-2021,
OPTSTK,GLENMARK,24-Jun-2021,625,PE,0,0,0,182.15,78.8,0,0,0,0,19-APR-2021,
OPTSTK,GLENMARK,24-Jun-2021,630,PE,0,0,0,186.75,82.1,0,0,0,0,19-APR-2021,
OPTSTK,GLENMARK,24-Jun-2021,635,PE,0,0,0,191.3,85.5,0,0,0,0,19-APR-2021,
OPTSTK,GLENMARK,24-Jun-2021,640,PE,0,0,0,189.8,88.9,0,0,0,0,19-APR-2021,
OPTSTK,GLENMARK,24-Jun-2021,645,PE,0,0,0,184.3,92.4,0,0,0,0,19-APR-2021,
OPTSTK,GLENMARK,24-Jun-2021,650,PE,0,0,0,188.9,95.95,0,0,0,0,19-APR-2021,
OPTSTK,GLENMARK,24-Jun-2021,655,PE,0,0,0,190.9,99.6,0,0,0,0,19-APR-2021,
OPTSTK,GLENMARK,24-Jun-2021,660,PE,0,0,0,178.85,103.25,0,0,0,0,19-APR-2021,
OPTSTK,GLENMARK,24-Jun-2021,665,PE,0,0,0,183.4,107,0,0,0,0,19-APR-2021,
OPTSTK,GMRINFRA,29-Apr-2021,16,CE,0,0,0,9,7.2,0,0,0,0,19-APR-2021,
OPTSTK,GMRINFRA,29-Apr-2021,17,CE,0,0,0,8.1,6.2,0,0,0,0,19-APR-2021,
OPTSTK,GMRINFRA,29-Apr-2021,18,CE,0,0,0,7.2,5.2,0,0,0,0,19-APR-2021,
OPTSTK,GMRINFRA,29-Apr-2021,19,CE,0,0,0,6.35,4.2,0,0,0,0,19-APR-2021,
OPTSTK,GMRINFRA,29-Apr-2021,20,CE,0,0,0,5.55,3.2,0,0,0,0,19-APR-2021,
OPTSTK,GMRINFRA,29-Apr-2021,21,CE,0,0,0,4.85,2.3,0,0,0,0,19-APR-2021,
OPTSTK,GMRINFRA,29-Apr-2021,22,CE,0,0,0,4.15,1.5,0,0,0,0,19-APR-2021,
OPTSTK,GMRINFRA,29-Apr-2021,23,CE,0.9,0.9,0.75,0.8,0.8,63,337.11,742500,247500,19-APR-2021,
OPTSTK,GMRINFRA,29-Apr-2021,24,CE,0.55,0.6,0.4,0.45,0.45,156,858.12,3127500,382500,19-APR-2021,
OPTSTK,GMRINFRA,29-Apr-2021,25,CE,0.3,0.3,0.2,0.25,0.25,221,1255.57,7470000,-1215000,19-APR-2021,
OPTSTK,GMRINFRA,29-Apr-2021,26,CE,0.15,0.15,0.1,0.15,0.15,54,317.54,4702500,45000,19-APR-2021,
OPTSTK,GMRINFRA,29-Apr-2021,27,CE,0.1,0.15,0.05,0.1,0.1,77,469.48,3735000,-225000,19-APR-2021,
OPTSTK,GMRINFRA,29-Apr-2021,28,CE,0.05,0.05,0.05,0.05,0.05,54,340.8,4612500,-202500,19-APR-2021,
OPTSTK,GMRINFRA,29-Apr-2021,29,CE,0.05,0.05,0.05,0.05,0.05,5,32.68,2767500,-22500,19-APR-2021,
OPTSTK,GMRINFRA,29-Apr-2021,30,CE,0.05,0.05,0.05,0.05,0,31,209.59,6592500,-427500,19-APR-2021,
OPTSTK,GMRINFRA,29-Apr-2021,31,CE,0.05,0.05,0.05,0.05,0,4,27.94,1035000,-67500,19-APR-2021,
OPTSTK,GMRINFRA,29-Apr-2021,32,CE,0.05,0.05,0.05,0.05,0,2,14.42,562500,-45000,19-APR-2021,
OPTSTK,GMRINFRA,29-Apr-2021,33,CE,0,0,0,0.05,0,0,0,157500,0,19-APR-2021,
OPTSTK,GMRINFRA,29-Apr-2021,34,CE,0.05,0.05,0.05,0.05,0,1,7.66,562500,0,19-APR-2021,
OPTSTK,GMRINFRA,29-Apr-2021,35,CE,0.05,0.05,0.05,0.05,0,2,15.77,697500,0,19-APR-2021,
OPTSTK,GMRINFRA,29-Apr-2021,16,PE,0.05,0.05,0.05,0.05,0,2,7.22,450000,0,19-APR-2021,
OPTSTK,GMRINFRA,29-Apr-2021,17,PE,0,0,0,0.05,0,0,0,45000,0,19-APR-2021,
OPTSTK,GMRINFRA,29-Apr-2021,18,PE,0.3,0.3,0.3,0.3,0,1,4.11,22500,22500,19-APR-2021,
OPTSTK,GMRINFRA,29-Apr-2021,19,PE,0,0,0,0.15,0.05,0,0,22500,0,19-APR-2021,
OPTSTK,GMRINFRA,29-Apr-2021,20,PE,0.15,0.15,0.1,0.15,0.05,31,140.31,832500,-45000,19-APR-2021,
OPTSTK,GMRINFRA,29-Apr-2021,21,PE,0.2,0.25,0.15,0.25,0.25,12,57.24,787500,-67500,19-APR-2021,
OPTSTK,GMRINFRA,29-Apr-2021,22,PE,0.3,0.45,0.3,0.4,0.4,45,226.76,2205000,90000,19-APR-2021,
OPTSTK,GMRINFRA,29-Apr-2021,23,PE,0.55,1,0.55,0.75,0.75,62,331.6,3015000,-225000,19-APR-2021,
OPTSTK,GMRINFRA,29-Apr-2021,24,PE,1.15,1.5,1.15,1.35,1.35,16,91.3,3532500,-45000,19-APR-2021,
OPTSTK,GMRINFRA,29-Apr-2021,25,PE,2.25,2.25,2.2,2.25,2.05,4,24.51,1912500,-45000,19-APR-2021,
OPTSTK,GMRINFRA,29-Apr-2021,26,PE,0,0,0,2.25,2.95,0,0,742500,0,19-APR-2021,
OPTSTK,GMRINFRA,29-Apr-2021,27,PE,0,0,0,2.95,3.85,0,0,45000,0,19-APR-2021,
OPTSTK,GMRINFRA,29-Apr-2021,28,PE,0,0,0,1.75,4.85,0,0,45000,0,19-APR-2021,
OPTSTK,GMRINFRA,29-Apr-2021,29,PE,0,0,0,5.2,5.85,0,0,0,0,19-APR-2021,
OPTSTK,GMRINFRA,29-Apr-2021,30,PE,0,0,0,5.95,6.85,0,0,0,0,19-APR-2021,
OPTSTK,GMRINFRA,29-Apr-2021,31,PE,0,0,0,6.8,7.85,0,0,0,0,19-APR-2021,
OPTSTK,GMRINFRA,29-Apr-2021,32,PE,0,0,0,7.6,8.85,0,0,0,0,19-APR-2021,
OPTSTK,GMRINFRA,29-Apr-2021,33,PE,0,0,0,8.5,9.85,0,0,0,0,19-APR-2021,
OPTSTK,GMRINFRA,29-Apr-2021,34,PE,0,0,0,9.35,10.85,0,0,0,0,19-APR-2021,
OPTSTK,GMRINFRA,29-Apr-2021,35,PE,0,0,0,10.3,11.85,0,0,0,0,19-APR-2021,
OPTSTK,GMRINFRA,27-May-2021,16,CE,0,0,0,11.05,7.25,0,0,0,0,19-APR-2021,
OPTSTK,GMRINFRA,27-May-2021,17,CE,0,0,0,10.1,6.25,0,0,0,0,19-APR-2021,
OPTSTK,GMRINFRA,27-May-2021,18,CE,0,0,0,9.15,5.35,0,0,0,0,19-APR-2021,
OPTSTK,GMRINFRA,27-May-2021,19,CE,0,0,0,8.25,4.45,0,0,0,0,19-APR-2021,
OPTSTK,GMRINFRA,27-May-2021,20,CE,0,0,0,6.5,3.6,0,0,22500,0,19-APR-2021,
OPTSTK,GMRINFRA,27-May-2021,21,CE,0,0,0,6.55,2.85,0,0,0,0,19-APR-2021,
OPTSTK,GMRINFRA,27-May-2021,22,CE,0,0,0,5.8,2.2,0,0,0,0,19-APR-2021,
OPTSTK,GMRINFRA,27-May-2021,23,CE,1.7,1.7,1.7,1.7,1.7,3,16.67,225000,67500,19-APR-2021,
OPTSTK,GMRINFRA,27-May-2021,24,CE,1.2,1.2,1.2,1.2,1.2,2,11.34,90000,45000,19-APR-2021,
OPTSTK,GMRINFRA,27-May-2021,25,CE,0.8,0.8,0.8,0.8,0.8,3,17.41,360000,67500,19-APR-2021,
OPTSTK,GMRINFRA,27-May-2021,26,CE,0,0,0,1,0.6,0,0,45000,0,19-APR-2021,
OPTSTK,GMRINFRA,27-May-2021,27,CE,0,0,0,1,0.4,0,0,45000,0,19-APR-2021,
OPTSTK,GMRINFRA,27-May-2021,28,CE,0,0,0,0.8,0.3,0,0,0,0,19-APR-2021,
OPTSTK,GMRINFRA,27-May-2021,29,CE,0,0,0,2,0.2,0,0,0,0,19-APR-2021,
OPTSTK,GMRINFRA,27-May-2021,30,CE,0.25,0.25,0.25,0.25,0.15,1,6.8,585000,-22500,19-APR-2021,
OPTSTK,GMRINFRA,27-May-2021,31,CE,0,0,0,1.4,0.1,0,0,0,0,19-APR-2021,
OPTSTK,GMRINFRA,27-May-2021,32,CE,0,0,0,1.15,0.05,0,0,0,0,19-APR-2021,
OPTSTK,GMRINFRA,27-May-2021,33,CE,0,0,0,1,0.05,0,0,0,0,19-APR-2021,
OPTSTK,GMRINFRA,27-May-2021,34,CE,0,0,0,0.8,0.05,0,0,0,0,19-APR-2021,
OPTSTK,GMRINFRA,27-May-2021,35,CE,0,0,0,0.1,0.05,0,0,202500,0,19-APR-2021,
OPTSTK,GMRINFRA,27-May-2021,16,PE,0,0,0,0.1,0.05,0,0,22500,0,19-APR-2021,
OPTSTK,GMRINFRA,27-May-2021,17,PE,0,0,0,0.2,0.05,0,0,22500,0,19-APR-2021,
OPTSTK,GMRINFRA,27-May-2021,18,PE,0.15,0.15,0.15,0.15,0.1,1,4.08,45000,22500,19-APR-2021,
OPTSTK,GMRINFRA,27-May-2021,19,PE,0,0,0,0.25,0.2,0,0,0,0,19-APR-2021,
OPTSTK,GMRINFRA,27-May-2021,20,PE,0,0,0,0.35,0.35,0,0,0,0,19-APR-2021,
OPTSTK,GMRINFRA,27-May-2021,21,PE,0,0,0,0.75,0.6,0,0,22500,0,19-APR-2021,
OPTSTK,GMRINFRA,27-May-2021,22,PE,0.75,0.75,0.75,0.75,0.95,3,15.35,157500,67500,19-APR-2021,
OPTSTK,GMRINFRA,27-May-2021,23,PE,1.4,1.4,1.4,1.4,1.4,1,5.49,3960000,22500,19-APR-2021,
OPTSTK,GMRINFRA,27-May-2021,24,PE,0,0,0,1.65,1.95,0,0,67500,0,19-APR-2021,
OPTSTK,GMRINFRA,27-May-2021,25,PE,0,0,0,1.75,2.6,0,0,0,0,19-APR-2021,
OPTSTK,GMRINFRA,27-May-2021,26,PE,0,0,0,2.5,3.35,0,0,22500,0,19-APR-2021,
OPTSTK,GMRINFRA,27-May-2021,27,PE,0,0,0,2.7,4.15,0,0,0,0,19-APR-2021,
OPTSTK,GMRINFRA,27-May-2021,28,PE,0,0,0,3.25,5.05,0,0,0,0,19-APR-2021,
OPTSTK,GMRINFRA,27-May-2021,29,PE,0,0,0,3.9,5.95,0,0,0,0,19-APR-2021,
OPTSTK,GMRINFRA,27-May-2021,30,PE,0,0,0,4.55,6.85,0,0,0,0,19-APR-2021,
OPTSTK,GMRINFRA,27-May-2021,31,PE,0,0,0,5.25,7.8,0,0,0,0,19-APR-2021,
OPTSTK,GMRINFRA,27-May-2021,32,PE,0,0,0,6.05,8.8,0,0,0,0,19-APR-2021,
OPTSTK,GMRINFRA,27-May-2021,33,PE,0,0,0,6.8,9.75,0,0,0,0,19-APR-2021,
OPTSTK,GMRINFRA,27-May-2021,34,PE,0,0,0,7.65,10.75,0,0,0,0,19-APR-2021,
OPTSTK,GMRINFRA,27-May-2021,35,PE,0,0,0,8.5,11.75,0,0,0,0,19-APR-2021,
OPTSTK,GMRINFRA,24-Jun-2021,16,CE,0,0,0,8.2,7.35,0,0,0,0,19-APR-2021,
OPTSTK,GMRINFRA,24-Jun-2021,17,CE,0,0,0,7.3,6.4,0,0,0,0,19-APR-2021,
OPTSTK,GMRINFRA,24-Jun-2021,18,CE,0,0,0,6.4,5.55,0,0,0,0,19-APR-2021,
OPTSTK,GMRINFRA,24-Jun-2021,19,CE,0,0,0,5.6,4.7,0,0,0,0,19-APR-2021,
OPTSTK,GMRINFRA,24-Jun-2021,20,CE,0,0,0,4.85,3.95,0,0,0,0,19-APR-2021,
OPTSTK,GMRINFRA,24-Jun-2021,21,CE,0,0,0,4.15,3.3,0,0,0,0,19-APR-2021,
OPTSTK,GMRINFRA,24-Jun-2021,22,CE,0,0,0,3.55,2.7,0,0,0,0,19-APR-2021,
OPTSTK,GMRINFRA,24-Jun-2021,23,CE,0,0,0,3,2.15,0,0,0,0,19-APR-2021,
OPTSTK,GMRINFRA,24-Jun-2021,24,CE,0,0,0,2.5,1.7,0,0,0,0,19-APR-2021,
OPTSTK,GMRINFRA,24-Jun-2021,25,CE,0,0,0,2.05,1.35,0,0,0,0,19-APR-2021,
OPTSTK,GMRINFRA,24-Jun-2021,26,CE,0,0,0,1.7,1.05,0,0,0,0,19-APR-2021,
OPTSTK,GMRINFRA,24-Jun-2021,27,CE,0,0,0,1.4,0.8,0,0,0,0,19-APR-2021,
OPTSTK,GMRINFRA,24-Jun-2021,28,CE,0,0,0,1.15,0.65,0,0,0,0,19-APR-2021,
OPTSTK,GMRINFRA,24-Jun-2021,29,CE,0,0,0,0.95,0.5,0,0,0,0,19-APR-2021,
OPTSTK,GMRINFRA,24-Jun-2021,30,CE,0,0,0,0.75,0.35,0,0,0,0,19-APR-2021,
OPTSTK,GMRINFRA,24-Jun-2021,31,CE,0,0,0,0.6,0.25,0,0,0,0,19-APR-2021,
OPTSTK,GMRINFRA,24-Jun-2021,32,CE,0,0,0,0.5,0.2,0,0,0,0,19-APR-2021,
OPTSTK,GMRINFRA,24-Jun-2021,33,CE,0,0,0,0.4,0.15,0,0,0,0,19-APR-2021,
OPTSTK,GMRINFRA,24-Jun-2021,34,CE,0,0,0,0.3,0.1,0,0,0,0,19-APR-2021,
OPTSTK,GMRINFRA,24-Jun-2021,35,CE,0,0,0,0.25,0.1,0,0,0,0,19-APR-2021,
OPTSTK,GMRINFRA,24-Jun-2021,16,PE,0,0,0,1,0.1,0,0,22500,0,19-APR-2021,
OPTSTK,GMRINFRA,24-Jun-2021,17,PE,0,0,0,0.2,0.15,0,0,0,0,19-APR-2021,
OPTSTK,GMRINFRA,24-Jun-2021,18,PE,0.2,0.2,0.2,0.2,0.25,1,4.09,0,-22500,19-APR-2021,
OPTSTK,GMRINFRA,24-Jun-2021,19,PE,0,0,0,0.5,0.45,0,0,0,0,19-APR-2021,
OPTSTK,GMRINFRA,24-Jun-2021,20,PE,0,0,0,0.75,0.65,0,0,0,0,19-APR-2021,
OPTSTK,GMRINFRA,24-Jun-2021,21,PE,0,0,0,1.05,1,0,0,0,0,19-APR-2021,
OPTSTK,GMRINFRA,24-Jun-2021,22,PE,0,0,0,1.45,1.4,0,0,0,0,19-APR-2021,
OPTSTK,GMRINFRA,24-Jun-2021,23,PE,0,0,0,1.85,1.85,0,0,0,0,19-APR-2021,
OPTSTK,GMRINFRA,24-Jun-2021,24,PE,0,0,0,2.35,2.4,0,0,0,0,19-APR-2021,
OPTSTK,GMRINFRA,24-Jun-2021,25,PE,0,0,0,2.95,3.05,0,0,0,0,19-APR-2021,
OPTSTK,GMRINFRA,24-Jun-2021,26,PE,0,0,0,3.55,3.75,0,0,0,0,19-APR-2021,
OPTSTK,GMRINFRA,24-Jun-2021,27,PE,0,0,0,4.25,4.5,0,0,0,0,19-APR-2021,
OPTSTK,GMRINFRA,24-Jun-2021,28,PE,0,0,0,5,5.3,0,0,0,0,19-APR-2021,
OPTSTK,GMRINFRA,24-Jun-2021,29,PE,0,0,0,5.75,6.15,0,0,0,0,19-APR-2021,
OPTSTK,GMRINFRA,24-Jun-2021,30,PE,0,0,0,6.6,7,0,0,0,0,19-APR-2021,
OPTSTK,GMRINFRA,24-Jun-2021,31,PE,0,0,0,7.4,7.9,0,0,0,0,19-APR-2021,
OPTSTK,GMRINFRA,24-Jun-2021,32,PE,0,0,0,8.3,8.85,0,0,0,0,19-APR-2021,
OPTSTK,GMRINFRA,24-Jun-2021,33,PE,0,0,0,9.2,9.8,0,0,0,0,19-APR-2021,
OPTSTK,GMRINFRA,24-Jun-2021,34,PE,0,0,0,10.1,10.75,0,0,0,0,19-APR-2021,
OPTSTK,GMRINFRA,24-Jun-2021,35,PE,0,0,0,11.05,11.7,0,0,0,0,19-APR-2021,
OPTSTK,GODREJCP,29-Apr-2021,480,CE,0,0,0,302.5,245.25,0,0,0,0,19-APR-2021,
OPTSTK,GODREJCP,29-Apr-2021,490,CE,0,0,0,292.65,235.25,0,0,0,0,19-APR-2021,
OPTSTK,GODREJCP,29-Apr-2021,500,CE,0,0,0,282.85,225.25,0,0,0,0,19-APR-2021,
OPTSTK,GODREJCP,29-Apr-2021,510,CE,0,0,0,273.1,215.3,0,0,0,0,19-APR-2021,
OPTSTK,GODREJCP,29-Apr-2021,520,CE,0,0,0,263.35,205.3,0,0,0,0,19-APR-2021,
OPTSTK,GODREJCP,29-Apr-2021,530,CE,0,0,0,253.65,195.3,0,0,0,0,19-APR-2021,
OPTSTK,GODREJCP,29-Apr-2021,540,CE,0,0,0,244.05,185.3,0,0,0,0,19-APR-2021,
OPTSTK,GODREJCP,29-Apr-2021,550,CE,0,0,0,234.45,175.3,0,0,0,0,19-APR-2021,
OPTSTK,GODREJCP,29-Apr-2021,560,CE,0,0,0,225,165.35,0,0,0,0,19-APR-2021,
OPTSTK,GODREJCP,29-Apr-2021,570,CE,0,0,0,215.6,155.35,0,0,0,0,19-APR-2021,
OPTSTK,GODREJCP,29-Apr-2021,580,CE,0,0,0,206.3,145.35,0,0,0,0,19-APR-2021,
OPTSTK,GODREJCP,29-Apr-2021,590,CE,0,0,0,197.1,135.35,0,0,0,0,19-APR-2021,
OPTSTK,GODREJCP,29-Apr-2021,600,CE,0,0,0,188.1,125.4,0,0,0,0,19-APR-2021,
OPTSTK,GODREJCP,29-Apr-2021,610,CE,0,0,0,179.2,115.4,0,0,0,0,19-APR-2021,
OPTSTK,GODREJCP,29-Apr-2021,620,CE,0,0,0,170.45,105.45,0,0,0,0,19-APR-2021,
OPTSTK,GODREJCP,29-Apr-2021,630,CE,0,0,0,161.9,95.55,0,0,0,0,19-APR-2021,
OPTSTK,GODREJCP,29-Apr-2021,640,CE,0,0,0,153.5,85.7,0,0,0,0,19-APR-2021,
OPTSTK,GODREJCP,29-Apr-2021,650,CE,75,75,75,75,76,1,7.25,3000,0,19-APR-2021,
OPTSTK,GODREJCP,29-Apr-2021,660,CE,0,0,0,137.4,66.5,0,0,0,0,19-APR-2021,
OPTSTK,GODREJCP,29-Apr-2021,670,CE,0,0,0,51.45,57.35,0,0,1000,0,19-APR-2021,
OPTSTK,GODREJCP,29-Apr-2021,680,CE,0,0,0,63.35,48.6,0,0,13000,0,19-APR-2021,
OPTSTK,GODREJCP,29-Apr-2021,690,CE,0,0,0,36.45,40.45,0,0,9000,0,19-APR-2021,
OPTSTK,GODREJCP,29-Apr-2021,700,CE,27,30.25,27,30.25,32.95,3,21.84,104000,-1000,19-APR-2021,
OPTSTK,GODREJCP,29-Apr-2021,710,CE,20,21.7,20,21.7,21.7,3,21.93,35000,1000,19-APR-2021,
OPTSTK,GODREJCP,29-Apr-2021,720,CE,16.65,19.05,14,17.05,17.05,29,213.46,74000,4000,19-APR-2021,
OPTSTK,GODREJCP,29-Apr-2021,730,CE,13.1,13.85,9.4,12.1,12.1,32,237.24,120000,7000,19-APR-2021,
OPTSTK,GODREJCP,29-Apr-2021,740,CE,8.55,10.5,6.7,8.3,8.3,148,1107.75,143000,-5000,19-APR-2021,
OPTSTK,GODREJCP,29-Apr-2021,750,CE,6.05,7.5,5,6.1,6.1,111,839.48,206000,15000,19-APR-2021,
OPTSTK,GODREJCP,29-Apr-2021,760,CE,1.9,8,1.9,4.45,4.45,31,236.99,70000,1000,19-APR-2021,
OPTSTK,GODREJCP,29-Apr-2021,770,CE,2,3.95,2,3.4,3.4,30,232.01,60000,0,19-APR-2021,
OPTSTK,GODREJCP,29-Apr-2021,780,CE,3.25,3.25,1.95,2.45,2.45,9,70.43,25000,0,19-APR-2021,
OPTSTK,GODREJCP,29-Apr-2021,790,CE,2,2,1.8,1.8,1.7,2,15.83,25000,-1000,19-APR-2021,
OPTSTK,GODREJCP,29-Apr-2021,800,CE,1.4,1.85,1.2,1.85,1.85,50,400.77,160000,-4000,19-APR-2021,
OPTSTK,GODREJCP,29-Apr-2021,810,CE,0,0,0,3.15,0.65,0,0,7000,0,19-APR-2021,
OPTSTK,GODREJCP,29-Apr-2021,820,CE,1,1.25,1,1.25,0.4,2,16.42,21000,-1000,19-APR-2021,
OPTSTK,GODREJCP,29-Apr-2021,830,CE,0,0,0,3,0.25,0,0,0,0,19-APR-2021,
OPTSTK,GODREJCP,29-Apr-2021,840,CE,0.55,0.55,0.55,0.55,0.15,1,8.4,29000,0,19-APR-2021,
OPTSTK,GODREJCP,29-Apr-2021,850,CE,0,0,0,34.65,0.1,0,0,0,0,19-APR-2021,
OPTSTK,GODREJCP,29-Apr-2021,860,CE,0,0,0,31.75,0.05,0,0,0,0,19-APR-2021,
OPTSTK,GODREJCP,29-Apr-2021,870,CE,0,0,0,29.05,0.05,0,0,0,0,19-APR-2021,
OPTSTK,GODREJCP,29-Apr-2021,880,CE,0,0,0,26.55,0.05,0,0,0,0,19-APR-2021,
OPTSTK,GODREJCP,29-Apr-2021,890,CE,0,0,0,24.25,0.05,0,0,0,0,19-APR-2021,
OPTSTK,GODREJCP,29-Apr-2021,900,CE,0,0,0,22.1,0,0,0,0,0,19-APR-2021,
OPTSTK,GODREJCP,29-Apr-2021,910,CE,0,0,0,20.1,0,0,0,0,0,19-APR-2021,
OPTSTK,GODREJCP,29-Apr-2021,920,CE,0,0,0,18.25,0,0,0,0,0,19-APR-2021,
OPTSTK,GODREJCP,29-Apr-2021,930,CE,0,0,0,16.6,0,0,0,0,0,19-APR-2021,
OPTSTK,GODREJCP,29-Apr-2021,940,CE,0,0,0,15.05,0,0,0,0,0,19-APR-2021,
OPTSTK,GODREJCP,29-Apr-2021,950,CE,0,0,0,13.65,0,0,0,0,0,19-APR-2021,
OPTSTK,GODREJCP,29-Apr-2021,480,PE,0,0,0,0.2,0,0,0,0,0,19-APR-2021,
OPTSTK,GODREJCP,29-Apr-2021,490,PE,0,0,0,0.3,0,0,0,0,0,19-APR-2021,
OPTSTK,GODREJCP,29-Apr-2021,500,PE,0,0,0,0.4,0,0,0,0,0,19-APR-2021,
OPTSTK,GODREJCP,29-Apr-2021,510,PE,0,0,0,0.5,0,0,0,0,0,19-APR-2021,
OPTSTK,GODREJCP,29-Apr-2021,520,PE,0,0,0,0.7,0,0,0,0,0,19-APR-2021,
OPTSTK,GODREJCP,29-Apr-2021,530,PE,0,0,0,0.9,0,0,0,0,0,19-APR-2021,
OPTSTK,GODREJCP,29-Apr-2021,540,PE,0,0,0,1.2,0,0,0,0,0,19-APR-2021,
OPTSTK,GODREJCP,29-Apr-2021,550,PE,0,0,0,1.5,0,0,0,0,0,19-APR-2021,
OPTSTK,GODREJCP,29-Apr-2021,560,PE,0,0,0,1.95,0,0,0,0,0,19-APR-2021,
OPTSTK,GODREJCP,29-Apr-2021,570,PE,0,0,0,2.45,0,0,0,0,0,19-APR-2021,
OPTSTK,GODREJCP,29-Apr-2021,580,PE,0,0,0,3.1,0,0,0,0,0,19-APR-2021,
OPTSTK,GODREJCP,29-Apr-2021,590,PE,0,0,0,3.8,0,0,0,0,0,19-APR-2021,
OPTSTK,GODREJCP,29-Apr-2021,600,PE,0.2,0.2,0.2,0.2,0.05,2,12,13000,-1000,19-APR-2021,
OPTSTK,GODREJCP,29-Apr-2021,610,PE,0,0,0,1.65,0.05,0,0,1000,0,19-APR-2021,
OPTSTK,GODREJCP,29-Apr-2021,620,PE,0,0,0,1.5,0.1,0,0,11000,0,19-APR-2021,
OPTSTK,GODREJCP,29-Apr-2021,630,PE,0,0,0,0.35,0.15,0,0,4000,0,19-APR-2021,
OPTSTK,GODREJCP,29-Apr-2021,640,PE,0,0,0,0.4,0.3,0,0,4000,0,19-APR-2021,
OPTSTK,GODREJCP,29-Apr-2021,650,PE,1.05,2.4,1.05,2,0.6,3,19.55,46000,-1000,19-APR-2021,
OPTSTK,GODREJCP,29-Apr-2021,660,PE,0,0,0,0.85,1.1,0,0,23000,0,19-APR-2021,
OPTSTK,GODREJCP,29-Apr-2021,670,PE,2.3,2.3,1.3,1.3,1.95,4,26.87,21000,1000,19-APR-2021,
OPTSTK,GODREJCP,29-Apr-2021,680,PE,2.7,2.7,1.25,1.9,1.9,30,204.55,43000,0,19-APR-2021,
OPTSTK,GODREJCP,29-Apr-2021,690,PE,2.7,4.15,2.25,2.95,2.95,27,187.11,26000,4000,19-APR-2021,
OPTSTK,GODREJCP,29-Apr-2021,700,PE,7.1,8.1,3.75,4.3,4.3,97,684.39,173000,-5000,19-APR-2021,
OPTSTK,GODREJCP,29-Apr-2021,710,PE,8,9.15,6.05,6.7,6.7,11,78.92,21000,-1000,19-APR-2021,
OPTSTK,GODREJCP,29-Apr-2021,720,PE,15.15,15.25,9.5,10.2,10.2,48,351.95,32000,-1000,19-APR-2021,
OPTSTK,GODREJCP,29-Apr-2021,730,PE,20.75,21,15,15,15,9,67.42,29000,-2000,19-APR-2021,
OPTSTK,GODREJCP,29-Apr-2021,740,PE,30,30,21.75,22.15,22.15,8,61.11,16000,-5000,19-APR-2021,
OPTSTK,GODREJCP,29-Apr-2021,750,PE,30.15,30.15,30.15,30.15,32.8,1,7.8,7000,1000,19-APR-2021,
OPTSTK,GODREJCP,29-Apr-2021,760,PE,0,0,0,32,40.3,0,0,2000,0,19-APR-2021,
OPTSTK,GODREJCP,29-Apr-2021,770,PE,0,0,0,50.85,48.45,0,0,5000,0,19-APR-2021,
OPTSTK,GODREJCP,29-Apr-2021,780,PE,61,61,61,61,57.1,1,8.41,3000,-1000,19-APR-2021,
OPTSTK,GODREJCP,29-Apr-2021,790,PE,0,0,0,61.75,66.2,0,0,0,0,19-APR-2021,
OPTSTK,GODREJCP,29-Apr-2021,800,PE,0,0,0,77.5,75.55,0,0,2000,0,19-APR-2021,
OPTSTK,GODREJCP,29-Apr-2021,810,PE,0,0,0,73.2,85.1,0,0,0,0,19-APR-2021,
OPTSTK,GODREJCP,29-Apr-2021,820,PE,0,0,0,79.25,94.85,0,0,0,0,19-APR-2021,
OPTSTK,GODREJCP,29-Apr-2021,830,PE,0,0,0,85.6,104.65,0,0,0,0,19-APR-2021,
OPTSTK,GODREJCP,29-Apr-2021,840,PE,0,0,0,92.15,114.55,0,0,0,0,19-APR-2021,
OPTSTK,GODREJCP,29-Apr-2021,850,PE,0,0,0,98.95,124.5,0,0,0,0,19-APR-2021,
OPTSTK,GODREJCP,29-Apr-2021,860,PE,0,0,0,105.95,134.45,0,0,0,0,19-APR-2021,
OPTSTK,GODREJCP,29-Apr-2021,870,PE,0,0,0,113.15,144.4,0,0,0,0,19-APR-2021,
OPTSTK,GODREJCP,29-Apr-2021,880,PE,0,0,0,120.55,154.4,0,0,0,0,19-APR-2021,
OPTSTK,GODREJCP,29-Apr-2021,890,PE,0,0,0,128.15,164.4,0,0,0,0,19-APR-2021,
OPTSTK,GODREJCP,29-Apr-2021,900,PE,0,0,0,135.95,174.4,0,0,0,0,19-APR-2021,
OPTSTK,GODREJCP,29-Apr-2021,910,PE,0,0,0,143.8,184.35,0,0,0,0,19-APR-2021,
OPTSTK,GODREJCP,29-Apr-2021,920,PE,0,0,0,151.9,194.35,0,0,0,0,19-APR-2021,
OPTSTK,GODREJCP,29-Apr-2021,930,PE,0,0,0,160.15,204.35,0,0,0,0,19-APR-2021,
OPTSTK,GODREJCP,29-Apr-2021,940,PE,0,0,0,168.5,214.35,0,0,0,0,19-APR-2021,
OPTSTK,GODREJCP,29-Apr-2021,950,PE,0,0,0,177,224.35,0,0,0,0,19-APR-2021,
OPTSTK,GODREJCP,27-May-2021,480,CE,0,0,0,221.75,246.65,0,0,0,0,19-APR-2021,
OPTSTK,GODREJCP,27-May-2021,490,CE,0,0,0,212.15,236.7,0,0,0,0,19-APR-2021,
OPTSTK,GODREJCP,27-May-2021,500,CE,0,0,0,202.65,226.75,0,0,0,0,19-APR-2021,
OPTSTK,GODREJCP,27-May-2021,510,CE,0,0,0,193.25,216.8,0,0,0,0,19-APR-2021,
OPTSTK,GODREJCP,27-May-2021,520,CE,0,0,0,183.95,206.85,0,0,0,0,19-APR-2021,
OPTSTK,GODREJCP,27-May-2021,530,CE,0,0,0,174.75,196.9,0,0,0,0,19-APR-2021,
OPTSTK,GODREJCP,27-May-2021,540,CE,0,0,0,165.75,187,0,0,0,0,19-APR-2021,
OPTSTK,GODREJCP,27-May-2021,550,CE,0,0,0,156.85,177.15,0,0,0,0,19-APR-2021,
OPTSTK,GODREJCP,27-May-2021,560,CE,0,0,0,148.2,167.3,0,0,0,0,19-APR-2021,
OPTSTK,GODREJCP,27-May-2021,570,CE,0,0,0,139.7,157.55,0,0,0,0,19-APR-2021,
OPTSTK,GODREJCP,27-May-2021,580,CE,0,0,0,131.45,147.85,0,0,0,0,19-APR-2021,
OPTSTK,GODREJCP,27-May-2021,590,CE,0,0,0,123.45,138.3,0,0,0,0,19-APR-2021,
OPTSTK,GODREJCP,27-May-2021,600,CE,0,0,0,115.7,128.85,0,0,0,0,19-APR-2021,
OPTSTK,GODREJCP,27-May-2021,610,CE,0,0,0,108.2,119.55,0,0,0,0,19-APR-2021,
OPTSTK,GODREJCP,27-May-2021,620,CE,0,0,0,100.95,110.45,0,0,0,0,19-APR-2021,
OPTSTK,GODREJCP,27-May-2021,630,CE,0,0,0,94,101.6,0,0,0,0,19-APR-2021,
OPTSTK,GODREJCP,27-May-2021,640,CE,0,0,0,87.35,93.05,0,0,0,0,19-APR-2021,
OPTSTK,GODREJCP,27-May-2021,650,CE,0,0,0,81,84.75,0,0,0,0,19-APR-2021,
OPTSTK,GODREJCP,27-May-2021,660,CE,0,0,0,74.95,76.85,0,0,0,0,19-APR-2021,
OPTSTK,GODREJCP,27-May-2021,670,CE,0,0,0,69.2,69.3,0,0,0,0,19-APR-2021,
OPTSTK,GODREJCP,27-May-2021,680,CE,0,0,0,63.8,62.15,0,0,0,0,19-APR-2021,
OPTSTK,GODREJCP,27-May-2021,690,CE,0,0,0,58.65,55.45,0,0,0,0,19-APR-2021,
OPTSTK,GODREJCP,27-May-2021,700,CE,0,0,0,53.85,49.2,0,0,0,0,19-APR-2021,
OPTSTK,GODREJCP,27-May-2021,710,CE,0,0,0,49.3,43.4,0,0,0,0,19-APR-2021,
OPTSTK,GODREJCP,27-May-2021,720,CE,0,0,0,45.1,38.05,0,0,0,0,19-APR-2021,
OPTSTK,GODREJCP,27-May-2021,730,CE,0,0,0,41.15,33.2,0,0,0,0,19-APR-2021,
OPTSTK,GODREJCP,27-May-2021,740,CE,0,0,0,37.45,28.8,0,0,0,0,19-APR-2021,
OPTSTK,GODREJCP,27-May-2021,750,CE,0,0,0,34.05,24.8,0,0,0,0,19-APR-2021,
OPTSTK,GODREJCP,27-May-2021,760,CE,0,0,0,30.9,21.25,0,0,0,0,19-APR-2021,
OPTSTK,GODREJCP,27-May-2021,770,CE,0,0,0,28,18.15,0,0,0,0,19-APR-2021,
OPTSTK,GODREJCP,27-May-2021,780,CE,0,0,0,25.3,15.35,0,0,0,0,19-APR-2021,
OPTSTK,GODREJCP,27-May-2021,790,CE,0,0,0,22.9,13,0,0,0,0,19-APR-2021,
OPTSTK,GODREJCP,27-May-2021,800,CE,0,0,0,20.65,10.9,0,0,0,0,19-APR-2021,
OPTSTK,GODREJCP,27-May-2021,810,CE,0,0,0,18.6,9.1,0,0,0,0,19-APR-2021,
OPTSTK,GODREJCP,27-May-2021,820,CE,0,0,0,16.65,7.55,0,0,0,0,19-APR-2021,
OPTSTK,GODREJCP,27-May-2021,830,CE,0,0,0,14.95,6.2,0,0,0,0,19-APR-2021,
OPTSTK,GODREJCP,27-May-2021,840,CE,0,0,0,13.4,5.1,0,0,0,0,19-APR-2021,
OPTSTK,GODREJCP,27-May-2021,850,CE,0,0,0,12,4.15,0,0,0,0,19-APR-2021,
OPTSTK,GODREJCP,27-May-2021,860,CE,0,0,0,10.7,3.4,0,0,0,0,19-APR-2021,
OPTSTK,GODREJCP,27-May-2021,870,CE,0,0,0,9.55,2.75,0,0,0,0,19-APR-2021,
OPTSTK,GODREJCP,27-May-2021,880,CE,0,0,0,8.5,2.2,0,0,0,0,19-APR-2021,
OPTSTK,GODREJCP,27-May-2021,890,CE,0,0,0,7.55,1.8,0,0,0,0,19-APR-2021,
OPTSTK,GODREJCP,27-May-2021,900,CE,0,0,0,6.7,1.4,0,0,0,0,19-APR-2021,
OPTSTK,GODREJCP,27-May-2021,910,CE,0,0,0,5.95,1.15,0,0,0,0,19-APR-2021,
OPTSTK,GODREJCP,27-May-2021,920,CE,0,0,0,5.25,0.9,0,0,0,0,19-APR-2021,
OPTSTK,GODREJCP,27-May-2021,930,CE,0,0,0,4.65,0.7,0,0,0,0,19-APR-2021,
OPTSTK,GODREJCP,27-May-2021,940,CE,0,0,0,4.15,0.55,0,0,0,0,19-APR-2021,
OPTSTK,GODREJCP,27-May-2021,950,CE,0,0,0,3.65,0.45,0,0,0,0,19-APR-2021,
OPTSTK,GODREJCP,27-May-2021,480,PE,0,0,0,0.9,0,0,0,0,0,19-APR-2021,
OPTSTK,GODREJCP,27-May-2021,490,PE,0,0,0,1.2,0.05,0,0,0,0,19-APR-2021,
OPTSTK,GODREJCP,27-May-2021,500,PE,0,0,0,1.6,0.05,0,0,0,0,19-APR-2021,
OPTSTK,GODREJCP,27-May-2021,510,PE,0,0,0,2.1,0.05,0,0,0,0,19-APR-2021,
OPTSTK,GODREJCP,27-May-2021,520,PE,0,0,0,2.7,0.05,0,0,0,0,19-APR-2021,
OPTSTK,GODREJCP,27-May-2021,530,PE,0,0,0,3.45,0.1,0,0,0,0,19-APR-2021,
OPTSTK,GODREJCP,27-May-2021,540,PE,0,0,0,4.3,0.15,0,0,0,0,19-APR-2021,
OPTSTK,GODREJCP,27-May-2021,550,PE,0,0,0,5.35,0.25,0,0,0,0,19-APR-2021,
OPTSTK,GODREJCP,27-May-2021,560,PE,0,0,0,6.6,0.4,0,0,0,0,19-APR-2021,
OPTSTK,GODREJCP,27-May-2021,570,PE,0,0,0,8,0.6,0,0,0,0,19-APR-2021,
OPTSTK,GODREJCP,27-May-2021,580,PE,0,0,0,9.65,0.85,0,0,0,0,19-APR-2021,
OPTSTK,GODREJCP,27-May-2021,590,PE,0,0,0,11.55,1.25,0,0,0,0,19-APR-2021,
OPTSTK,GODREJCP,27-May-2021,600,PE,0,0,0,13.7,1.75,0,0,0,0,19-APR-2021,
OPTSTK,GODREJCP,27-May-2021,610,PE,0,0,0,16.1,2.4,0,0,0,0,19-APR-2021,
OPTSTK,GODREJCP,27-May-2021,620,PE,0,0,0,18.8,3.3,0,0,0,0,19-APR-2021,
OPTSTK,GODREJCP,27-May-2021,630,PE,0,0,0,21.75,4.4,0,0,0,0,19-APR-2021,
OPTSTK,GODREJCP,27-May-2021,640,PE,0,0,0,24.95,5.8,0,0,0,0,19-APR-2021,
OPTSTK,GODREJCP,27-May-2021,650,PE,0,0,0,5.35,7.5,0,0,2000,0,19-APR-2021,
OPTSTK,GODREJCP,27-May-2021,660,PE,0,0,0,32.4,9.5,0,0,0,0,19-APR-2021,
OPTSTK,GODREJCP,27-May-2021,670,PE,0,0,0,36.55,11.95,0,0,0,0,19-APR-2021,
OPTSTK,GODREJCP,27-May-2021,680,PE,0,0,0,41.05,14.75,0,0,0,0,19-APR-2021,
OPTSTK,GODREJCP,27-May-2021,690,PE,0,0,0,45.85,18,0,0,0,0,19-APR-2021,
OPTSTK,GODREJCP,27-May-2021,700,PE,0,0,0,50.9,21.7,0,0,0,0,19-APR-2021,
OPTSTK,GODREJCP,27-May-2021,710,PE,0,0,0,56.3,25.85,0,0,0,0,19-APR-2021,
OPTSTK,GODREJCP,27-May-2021,720,PE,0,0,0,62,30.5,0,0,0,0,19-APR-2021,
OPTSTK,GODREJCP,27-May-2021,730,PE,0,0,0,67.95,35.6,0,0,0,0,19-APR-2021,
OPTSTK,GODREJCP,27-May-2021,740,PE,0,0,0,74.2,41.15,0,0,0,0,19-APR-2021,
OPTSTK,GODREJCP,27-May-2021,750,PE,0,0,0,80.7,47.15,0,0,0,0,19-APR-2021,
OPTSTK,GODREJCP,27-May-2021,760,PE,0,0,0,87.45,53.55,0,0,0,0,19-APR-2021,
OPTSTK,GODREJCP,27-May-2021,770,PE,0,0,0,94.45,60.4,0,0,0,0,19-APR-2021,
OPTSTK,GODREJCP,27-May-2021,780,PE,0,0,0,101.65,67.6,0,0,0,0,19-APR-2021,
OPTSTK,GODREJCP,27-May-2021,790,PE,0,0,0,109.15,75.15,0,0,0,0,19-APR-2021,
OPTSTK,GODREJCP,27-May-2021,800,PE,0,0,0,116.8,83,0,0,0,0,19-APR-2021,
OPTSTK,GODREJCP,27-May-2021,810,PE,0,0,0,124.65,91.15,0,0,0,0,19-APR-2021,
OPTSTK,GODREJCP,27-May-2021,820,PE,0,0,0,132.65,99.6,0,0,0,0,19-APR-2021,
OPTSTK,GODREJCP,27-May-2021,830,PE,0,0,0,140.85,108.25,0,0,0,0,19-APR-2021,
OPTSTK,GODREJCP,27-May-2021,840,PE,0,0,0,149.15,117.1,0,0,0,0,19-APR-2021,
OPTSTK,GODREJCP,27-May-2021,850,PE,0,0,0,157.65,126.1,0,0,0,0,19-APR-2021,
OPTSTK,GODREJCP,27-May-2021,860,PE,0,0,0,166.3,135.3,0,0,0,0,19-APR-2021,
OPTSTK,GODREJCP,27-May-2021,870,PE,0,0,0,175.05,144.6,0,0,0,0,19-APR-2021,
OPTSTK,GODREJCP,27-May-2021,880,PE,0,0,0,183.9,154.05,0,0,0,0,19-APR-2021,
OPTSTK,GODREJCP,27-May-2021,890,PE,0,0,0,192.85,163.55,0,0,0,0,19-APR-2021,
OPTSTK,GODREJCP,27-May-2021,900,PE,0,0,0,201.95,173.15,0,0,0,0,19-APR-2021,
OPTSTK,GODREJCP,27-May-2021,910,PE,0,0,0,211.1,182.85,0,0,0,0,19-APR-2021,
OPTSTK,GODREJCP,27-May-2021,920,PE,0,0,0,220.3,192.55,0,0,0,0,19-APR-2021,
OPTSTK,GODREJCP,27-May-2021,930,PE,0,0,0,229.6,202.35,0,0,0,0,19-APR-2021,
OPTSTK,GODREJCP,27-May-2021,940,PE,0,0,0,239,212.15,0,0,0,0,19-APR-2021,
OPTSTK,GODREJCP,27-May-2021,950,PE,0,0,0,248.4,222,0,0,0,0,19-APR-2021,
OPTSTK,GODREJCP,24-Jun-2021,480,CE,0,0,0,205.35,248.1,0,0,0,0,19-APR-2021,
OPTSTK,GODREJCP,24-Jun-2021,490,CE,0,0,0,195.85,238.25,0,0,0,0,19-APR-2021,
OPTSTK,GODREJCP,24-Jun-2021,500,CE,0,0,0,186.4,228.4,0,0,0,0,19-APR-2021,
OPTSTK,GODREJCP,24-Jun-2021,510,CE,0,0,0,177.1,218.6,0,0,0,0,19-APR-2021,
OPTSTK,GODREJCP,24-Jun-2021,520,CE,0,0,0,167.9,208.8,0,0,0,0,19-APR-2021,
OPTSTK,GODREJCP,24-Jun-2021,530,CE,0,0,0,158.85,199.1,0,0,0,0,19-APR-2021,
OPTSTK,GODREJCP,24-Jun-2021,540,CE,0,0,0,150,189.45,0,0,0,0,19-APR-2021,
OPTSTK,GODREJCP,24-Jun-2021,550,CE,0,0,0,141.35,179.85,0,0,0,0,19-APR-2021,
OPTSTK,GODREJCP,24-Jun-2021,560,CE,0,0,0,132.85,170.4,0,0,0,0,19-APR-2021,
OPTSTK,GODREJCP,24-Jun-2021,570,CE,0,0,0,124.65,161.1,0,0,0,0,19-APR-2021,
OPTSTK,GODREJCP,24-Jun-2021,580,CE,0,0,0,116.65,151.9,0,0,0,0,19-APR-2021,
OPTSTK,GODREJCP,24-Jun-2021,590,CE,0,0,0,108.95,142.85,0,0,0,0,19-APR-2021,
OPTSTK,GODREJCP,24-Jun-2021,600,CE,0,0,0,101.55,134.05,0,0,0,0,19-APR-2021,
OPTSTK,GODREJCP,24-Jun-2021,610,CE,0,0,0,94.35,125.4,0,0,0,0,19-APR-2021,
OPTSTK,GODREJCP,24-Jun-2021,620,CE,0,0,0,87.5,117,0,0,0,0,19-APR-2021,
OPTSTK,GODREJCP,24-Jun-2021,630,CE,0,0,0,80.95,108.9,0,0,0,0,19-APR-2021,
OPTSTK,GODREJCP,24-Jun-2021,640,CE,0,0,0,74.75,101,0,0,0,0,19-APR-2021,
OPTSTK,GODREJCP,24-Jun-2021,650,CE,0,0,0,68.85,93.5,0,0,0,0,19-APR-2021,
OPTSTK,GODREJCP,24-Jun-2021,660,CE,0,0,0,63.25,86.25,0,0,0,0,19-APR-2021,
OPTSTK,GODREJCP,24-Jun-2021,670,CE,0,0,0,58,79.25,0,0,0,0,19-APR-2021,
OPTSTK,GODREJCP,24-Jun-2021,680,CE,0,0,0,53.05,72.7,0,0,0,0,19-APR-2021,
OPTSTK,GODREJCP,24-Jun-2021,690,CE,0,0,0,48.45,66.45,0,0,0,0,19-APR-2021,
OPTSTK,GODREJCP,24-Jun-2021,700,CE,0,0,0,44.1,60.6,0,0,0,0,19-APR-2021,
OPTSTK,GODREJCP,24-Jun-2021,710,CE,0,0,0,40.1,55.05,0,0,0,0,19-APR-2021,
OPTSTK,GODREJCP,24-Jun-2021,720,CE,0,0,0,36.35,49.9,0,0,0,0,19-APR-2021,
OPTSTK,GODREJCP,24-Jun-2021,730,CE,0,0,0,32.9,45.05,0,0,0,0,19-APR-2021,
OPTSTK,GODREJCP,24-Jun-2021,740,CE,0,0,0,29.75,40.6,0,0,0,0,19-APR-2021,
OPTSTK,GODREJCP,24-Jun-2021,750,CE,0,0,0,26.8,36.45,0,0,0,0,19-APR-2021,
OPTSTK,GODREJCP,24-Jun-2021,760,CE,0,0,0,24.1,32.65,0,0,0,0,19-APR-2021,
OPTSTK,GODREJCP,24-Jun-2021,770,CE,0,0,0,21.7,29.15,0,0,0,0,19-APR-2021,
OPTSTK,GODREJCP,24-Jun-2021,780,CE,0,0,0,19.45,25.95,0,0,0,0,19-APR-2021,
OPTSTK,GODREJCP,24-Jun-2021,790,CE,0,0,0,17.4,23.05,0,0,0,0,19-APR-2021,
OPTSTK,GODREJCP,24-Jun-2021,800,CE,0,0,0,15.55,20.45,0,0,0,0,19-APR-2021,
OPTSTK,GODREJCP,24-Jun-2021,810,CE,0,0,0,13.85,18.05,0,0,0,0,19-APR-2021,
OPTSTK,GODREJCP,24-Jun-2021,820,CE,0,0,0,12.35,15.9,0,0,0,0,19-APR-2021,
OPTSTK,GODREJCP,24-Jun-2021,830,CE,0,0,0,10.95,13.95,0,0,0,0,19-APR-2021,
OPTSTK,GODREJCP,24-Jun-2021,840,CE,0,0,0,9.7,12.25,0,0,0,0,19-APR-2021,
OPTSTK,GODREJCP,24-Jun-2021,850,CE,0,0,0,8.6,10.7,0,0,0,0,19-APR-2021,
OPTSTK,GODREJCP,24-Jun-2021,860,CE,0,0,0,7.6,9.35,0,0,0,0,19-APR-2021,
OPTSTK,GODREJCP,24-Jun-2021,870,CE,0,0,0,6.75,8.1,0,0,0,0,19-APR-2021,
OPTSTK,GODREJCP,24-Jun-2021,880,CE,0,0,0,5.95,7.05,0,0,0,0,19-APR-2021,
OPTSTK,GODREJCP,24-Jun-2021,890,CE,0,0,0,5.25,6.1,0,0,0,0,19-APR-2021,
OPTSTK,GODREJCP,24-Jun-2021,900,CE,0,0,0,4.6,5.3,0,0,0,0,19-APR-2021,
OPTSTK,GODREJCP,24-Jun-2021,910,CE,0,0,0,4.05,4.55,0,0,0,0,19-APR-2021,
OPTSTK,GODREJCP,24-Jun-2021,920,CE,0,0,0,3.55,3.9,0,0,0,0,19-APR-2021,
OPTSTK,GODREJCP,24-Jun-2021,930,CE,0,0,0,3.1,3.35,0,0,0,0,19-APR-2021,
OPTSTK,GODREJCP,24-Jun-2021,940,CE,0,0,0,2.7,2.9,0,0,0,0,19-APR-2021,
OPTSTK,GODREJCP,24-Jun-2021,950,CE,0,0,0,2.4,2.45,0,0,0,0,19-APR-2021,
OPTSTK,GODREJCP,24-Jun-2021,480,PE,0,0,0,1.1,0.15,0,0,0,0,19-APR-2021,
OPTSTK,GODREJCP,24-Jun-2021,490,PE,0,0,0,1.45,0.2,0,0,0,0,19-APR-2021,
OPTSTK,GODREJCP,24-Jun-2021,500,PE,0,0,0,1.95,0.25,0,0,0,0,19-APR-2021,
OPTSTK,GODREJCP,24-Jun-2021,510,PE,0,0,0,2.55,0.4,0,0,0,0,19-APR-2021,
OPTSTK,GODREJCP,24-Jun-2021,520,PE,0,0,0,3.25,0.55,0,0,0,0,19-APR-2021,
OPTSTK,GODREJCP,24-Jun-2021,530,PE,0,0,0,4.15,0.75,0,0,0,0,19-APR-2021,
OPTSTK,GODREJCP,24-Jun-2021,540,PE,0,0,0,5.15,1.05,0,0,0,0,19-APR-2021,
OPTSTK,GODREJCP,24-Jun-2021,550,PE,0,0,0,6.4,1.4,0,0,0,0,19-APR-2021,
OPTSTK,GODREJCP,24-Jun-2021,560,PE,0,0,0,7.85,1.9,0,0,0,0,19-APR-2021,
OPTSTK,GODREJCP,24-Jun-2021,570,PE,0,0,0,9.55,2.45,0,0,0,0,19-APR-2021,
OPTSTK,GODREJCP,24-Jun-2021,580,PE,0,0,0,11.45,3.2,0,0,0,0,19-APR-2021,
OPTSTK,GODREJCP,24-Jun-2021,590,PE,0,0,0,13.65,4.1,0,0,0,0,19-APR-2021,
OPTSTK,GODREJCP,24-Jun-2021,600,PE,0,0,0,16.15,5.2,0,0,0,0,19-APR-2021,
OPTSTK,GODREJCP,24-Jun-2021,610,PE,0,0,0,18.9,6.55,0,0,0,0,19-APR-2021,
OPTSTK,GODREJCP,24-Jun-2021,620,PE,0,0,0,21.9,8.05,0,0,0,0,19-APR-2021,
OPTSTK,GODREJCP,24-Jun-2021,630,PE,0,0,0,25.3,9.85,0,0,0,0,19-APR-2021,
OPTSTK,GODREJCP,24-Jun-2021,640,PE,0,0,0,29,11.95,0,0,0,0,19-APR-2021,
OPTSTK,GODREJCP,24-Jun-2021,650,PE,0,0,0,33,14.35,0,0,0,0,19-APR-2021,
OPTSTK,GODREJCP,24-Jun-2021,660,PE,0,0,0,37.3,17,0,0,0,0,19-APR-2021,
OPTSTK,GODREJCP,24-Jun-2021,670,PE,0,0,0,41.95,20,0,0,0,0,19-APR-2021,
OPTSTK,GODREJCP,24-Jun-2021,680,PE,0,0,0,46.95,23.35,0,0,0,0,19-APR-2021,
OPTSTK,GODREJCP,24-Jun-2021,690,PE,0,0,0,52.2,27.05,0,0,0,0,19-APR-2021,
OPTSTK,GODREJCP,24-Jun-2021,700,PE,0,0,0,57.8,31.1,0,0,0,0,19-APR-2021,
OPTSTK,GODREJCP,24-Jun-2021,710,PE,0,0,0,63.7,35.5,0,0,0,0,19-APR-2021,
OPTSTK,GODREJCP,24-Jun-2021,720,PE,0,0,0,69.85,40.25,0,0,0,0,19-APR-2021,
OPTSTK,GODREJCP,24-Jun-2021,730,PE,0,0,0,76.3,45.35,0,0,0,0,19-APR-2021,
OPTSTK,GODREJCP,24-Jun-2021,740,PE,0,0,0,83.05,50.85,0,0,0,0,19-APR-2021,
OPTSTK,GODREJCP,24-Jun-2021,750,PE,0,0,0,90,56.65,0,0,0,0,19-APR-2021,
OPTSTK,GODREJCP,24-Jun-2021,760,PE,0,0,0,97.25,62.75,0,0,0,0,19-APR-2021,
OPTSTK,GODREJCP,24-Jun-2021,770,PE,0,0,0,104.7,69.2,0,0,0,0,19-APR-2021,
OPTSTK,GODREJCP,24-Jun-2021,780,PE,0,0,0,112.4,75.95,0,0,0,0,19-APR-2021,
OPTSTK,GODREJCP,24-Jun-2021,790,PE,0,0,0,120.25,82.95,0,0,0,0,19-APR-2021,
OPTSTK,GODREJCP,24-Jun-2021,800,PE,0,0,0,128.3,90.3,0,0,0,0,19-APR-2021,
OPTSTK,GODREJCP,24-Jun-2021,810,PE,0,0,0,136.5,97.85,0,0,0,0,19-APR-2021,
OPTSTK,GODREJCP,24-Jun-2021,820,PE,0,0,0,144.9,105.6,0,0,0,0,19-APR-2021,
OPTSTK,GODREJCP,24-Jun-2021,830,PE,0,0,0,153.45,113.6,0,0,0,0,19-APR-2021,
OPTSTK,GODREJCP,24-Jun-2021,840,PE,0,0,0,162.1,121.8,0,0,0,0,19-APR-2021,
OPTSTK,GODREJCP,24-Jun-2021,850,PE,0,0,0,170.9,130.2,0,0,0,0,19-APR-2021,
OPTSTK,GODREJCP,24-Jun-2021,860,PE,0,0,0,179.8,138.75,0,0,0,0,19-APR-2021,
OPTSTK,GODREJCP,24-Jun-2021,870,PE,0,0,0,188.85,147.5,0,0,0,0,19-APR-2021,
OPTSTK,GODREJCP,24-Jun-2021,880,PE,0,0,0,197.95,156.35,0,0,0,0,19-APR-2021,
OPTSTK,GODREJCP,24-Jun-2021,890,PE,0,0,0,207.15,165.35,0,0,0,0,19-APR-2021,
OPTSTK,GODREJCP,24-Jun-2021,900,PE,0,0,0,216.4,174.45,0,0,0,0,19-APR-2021,
OPTSTK,GODREJCP,24-Jun-2021,910,PE,0,0,0,225.75,183.65,0,0,0,0,19-APR-2021,
OPTSTK,GODREJCP,24-Jun-2021,920,PE,0,0,0,235.2,192.95,0,0,0,0,19-APR-2021,
OPTSTK,GODREJCP,24-Jun-2021,930,PE,0,0,0,244.65,202.35,0,0,0,0,19-APR-2021,
OPTSTK,GODREJCP,24-Jun-2021,940,PE,0,0,0,254.15,211.8,0,0,0,0,19-APR-2021,
OPTSTK,GODREJCP,24-Jun-2021,950,PE,0,0,0,263.75,221.3,0,0,0,0,19-APR-2021,
OPTSTK,GODREJPROP,29-Apr-2021,920,CE,0,0,0,356.25,383.9,0,0,0,0,19-APR-2021,
OPTSTK,GODREJPROP,29-Apr-2021,940,CE,0,0,0,340.35,363.9,0,0,0,0,19-APR-2021,
OPTSTK,GODREJPROP,29-Apr-2021,960,CE,0,0,0,324.9,343.95,0,0,0,0,19-APR-2021,
OPTSTK,GODREJPROP,29-Apr-2021,980,CE,0,0,0,309.8,324,0,0,0,0,19-APR-2021,
OPTSTK,GODREJPROP,29-Apr-2021,1000,CE,0,0,0,295.2,304.05,0,0,0,0,19-APR-2021,
OPTSTK,GODREJPROP,29-Apr-2021,1020,CE,0,0,0,281,284.2,0,0,0,0,19-APR-2021,
OPTSTK,GODREJPROP,29-Apr-2021,1040,CE,0,0,0,267.25,264.35,0,0,0,0,19-APR-2021,
OPTSTK,GODREJPROP,29-Apr-2021,1060,CE,0,0,0,253.95,244.7,0,0,0,0,19-APR-2021,
OPTSTK,GODREJPROP,29-Apr-2021,1080,CE,0,0,0,241.05,225.15,0,0,0,0,19-APR-2021,
OPTSTK,GODREJPROP,29-Apr-2021,1100,CE,0,0,0,228.7,205.9,0,0,0,0,19-APR-2021,
OPTSTK,GODREJPROP,29-Apr-2021,1120,CE,0,0,0,216.75,187,0,0,0,0,19-APR-2021,
OPTSTK,GODREJPROP,29-Apr-2021,1140,CE,0,0,0,205.3,168.55,0,0,0,0,19-APR-2021,
OPTSTK,GODREJPROP,29-Apr-2021,1160,CE,0,0,0,194.3,150.65,0,0,0,0,19-APR-2021,
OPTSTK,GODREJPROP,29-Apr-2021,1180,CE,0,0,0,183.75,133.5,0,0,0,0,19-APR-2021,
OPTSTK,GODREJPROP,29-Apr-2021,1200,CE,0,0,0,173.6,117.25,0,0,0,0,19-APR-2021,
OPTSTK,GODREJPROP,29-Apr-2021,1220,CE,0,0,0,163.95,101.95,0,0,0,0,19-APR-2021,
OPTSTK,GODREJPROP,29-Apr-2021,1240,CE,0,0,0,73.7,87.7,0,0,2600,0,19-APR-2021,
OPTSTK,GODREJPROP,29-Apr-2021,1260,CE,0,0,0,73,74.65,0,0,4550,0,19-APR-2021,
OPTSTK,GODREJPROP,29-Apr-2021,1280,CE,47.3,47.3,47.3,47.3,62.9,1,8.62,7800,0,19-APR-2021,
OPTSTK,GODREJPROP,29-Apr-2021,1300,CE,36.65,41,30.05,33.15,33.15,19,164.86,28600,-1950,19-APR-2021,
OPTSTK,GODREJPROP,29-Apr-2021,1320,CE,0,0,0,59,43.15,0,0,5200,0,19-APR-2021,
OPTSTK,GODREJPROP,29-Apr-2021,1340,CE,6.4,24,6.4,19.35,19.35,17,150.15,18850,5850,19-APR-2021,
OPTSTK,GODREJPROP,29-Apr-2021,1360,CE,14,17.9,12.2,13.1,13.1,14,125.11,31850,0,19-APR-2021,
OPTSTK,GODREJPROP,29-Apr-2021,1380,CE,13.9,13.9,10.55,10.55,10.55,2,18.09,18200,650,19-APR-2021,
OPTSTK,GODREJPROP,29-Apr-2021,1400,CE,8.55,10.65,6.35,7.45,7.45,184,1684.71,167050,-5200,19-APR-2021,
OPTSTK,GODREJPROP,29-Apr-2021,1420,CE,5.05,5.55,4.5,4.95,4.95,8,74.1,20800,-1950,19-APR-2021,
OPTSTK,GODREJPROP,29-Apr-2021,1440,CE,5,5.15,3.6,4.9,4.9,6,56.34,16900,-1300,19-APR-2021,
OPTSTK,GODREJPROP,29-Apr-2021,1460,CE,2.75,3.5,2.7,3.1,3.1,6,57.05,13650,-1300,19-APR-2021,
OPTSTK,GODREJPROP,29-Apr-2021,1480,CE,0,0,0,7.75,6.1,0,0,3900,0,19-APR-2021,
OPTSTK,GODREJPROP,29-Apr-2021,1500,CE,2.1,3.9,1.7,1.8,1.8,34,332,76050,-3250,19-APR-2021,
OPTSTK,GODREJPROP,29-Apr-2021,1520,CE,0,0,0,1.55,3.35,0,0,5200,0,19-APR-2021,
OPTSTK,GODREJPROP,29-Apr-2021,1540,CE,1.5,1.5,1.5,1.5,2.45,1,10.01,2600,-650,19-APR-2021,
OPTSTK,GODREJPROP,29-Apr-2021,1560,CE,0,0,0,1.15,1.75,0,0,3900,0,19-APR-2021,
OPTSTK,GODREJPROP,29-Apr-2021,1580,CE,0,0,0,53,1.25,0,0,0,0,19-APR-2021,
OPTSTK,GODREJPROP,29-Apr-2021,1600,CE,0.5,0.5,0.5,0.5,0.9,1,10.4,29250,-650,19-APR-2021,
OPTSTK,GODREJPROP,29-Apr-2021,1620,CE,0,0,0,46.25,0.65,0,0,0,0,19-APR-2021,
OPTSTK,GODREJPROP,29-Apr-2021,1640,CE,0,0,0,3,0.45,0,0,650,0,19-APR-2021,
OPTSTK,GODREJPROP,29-Apr-2021,1660,CE,0,0,0,40.4,0.3,0,0,0,0,19-APR-2021,
OPTSTK,GODREJPROP,29-Apr-2021,1680,CE,0,0,0,37.7,0.2,0,0,0,0,19-APR-2021,
OPTSTK,GODREJPROP,29-Apr-2021,1700,CE,0,0,0,1.95,0.15,0,0,4550,0,19-APR-2021,
OPTSTK,GODREJPROP,29-Apr-2021,1720,CE,0,0,0,32.85,0.1,0,0,0,0,19-APR-2021,
OPTSTK,GODREJPROP,29-Apr-2021,1740,CE,0,0,0,30.65,0.1,0,0,0,0,19-APR-2021,
OPTSTK,GODREJPROP,29-Apr-2021,1760,CE,0,0,0,28.6,0.05,0,0,0,0,19-APR-2021,
OPTSTK,GODREJPROP,29-Apr-2021,1780,CE,0,0,0,27.55,0.05,0,0,0,0,19-APR-2021,
OPTSTK,GODREJPROP,29-Apr-2021,1800,CE,0,0,0,35.9,0.05,0,0,0,0,19-APR-2021,
OPTSTK,GODREJPROP,29-Apr-2021,1820,CE,0,0,0,33.6,0.05,0,0,0,0,19-APR-2021,
OPTSTK,GODREJPROP,29-Apr-2021,920,PE,0,0,0,24.9,0,0,0,0,0,19-APR-2021,
OPTSTK,GODREJPROP,29-Apr-2021,940,PE,0,0,0,28.85,0.05,0,0,0,0,19-APR-2021,
OPTSTK,GODREJPROP,29-Apr-2021,960,PE,0,0,0,33.2,0.05,0,0,0,0,19-APR-2021,
OPTSTK,GODREJPROP,29-Apr-2021,980,PE,0,0,0,37.95,0.05,0,0,0,0,19-APR-2021,
OPTSTK,GODREJPROP,29-Apr-2021,1000,PE,0,0,0,3.55,0.1,0,0,650,0,19-APR-2021,
OPTSTK,GODREJPROP,29-Apr-2021,1020,PE,0,0,0,48.75,0.2,0,0,0,0,19-APR-2021,
OPTSTK,GODREJPROP,29-Apr-2021,1040,PE,0,0,0,54.85,0.4,0,0,0,0,19-APR-2021,
OPTSTK,GODREJPROP,29-Apr-2021,1060,PE,0,0,0,61.35,0.7,0,0,0,0,19-APR-2021,
OPTSTK,GODREJPROP,29-Apr-2021,1080,PE,0,0,0,17.75,1.15,0,0,650,0,19-APR-2021,
OPTSTK,GODREJPROP,29-Apr-2021,1100,PE,3.5,4,2.5,2.5,1.85,4,28.68,14300,650,19-APR-2021,
OPTSTK,GODREJPROP,29-Apr-2021,1120,PE,3.05,3.05,3.05,3.05,2.9,1,7.29,650,650,19-APR-2021,
OPTSTK,GODREJPROP,29-Apr-2021,1140,PE,0,0,0,91.95,4.45,0,0,0,0,19-APR-2021,
OPTSTK,GODREJPROP,29-Apr-2021,1160,PE,0,0,0,100.75,6.55,0,0,0,0,19-APR-2021,
OPTSTK,GODREJPROP,29-Apr-2021,1180,PE,0,0,0,15,9.4,0,0,3900,0,19-APR-2021,
OPTSTK,GODREJPROP,29-Apr-2021,1200,PE,8,9.25,5.65,6.65,6.65,36,282.67,44850,-3250,19-APR-2021,
OPTSTK,GODREJPROP,29-Apr-2021,1220,PE,14.15,14.15,14.15,14.15,17.8,1,8.02,1950,0,19-APR-2021,
OPTSTK,GODREJPROP,29-Apr-2021,1240,PE,14.9,14.9,14.9,14.9,23.5,2,16.31,8450,650,19-APR-2021,
OPTSTK,GODREJPROP,29-Apr-2021,1260,PE,19.15,26.95,18.5,21.25,30.45,5,41.66,19500,650,19-APR-2021,
OPTSTK,GODREJPROP,29-Apr-2021,1280,PE,28.6,34.7,25,27.1,27.1,11,93.64,11700,1300,19-APR-2021,
OPTSTK,GODREJPROP,29-Apr-2021,1300,PE,39.55,47,31.2,35.5,35.5,62,539.11,49400,2600,19-APR-2021,
OPTSTK,GODREJPROP,29-Apr-2021,1320,PE,52.45,52.45,45.1,45.1,58.85,3,26.66,4550,0,19-APR-2021,
OPTSTK,GODREJPROP,29-Apr-2021,1340,PE,60.25,62.6,60.25,62.6,62.6,2,18.21,7150,0,19-APR-2021,
OPTSTK,GODREJPROP,29-Apr-2021,1360,PE,84,84,84,84,83.95,1,9.38,16900,-650,19-APR-2021,
OPTSTK,GODREJPROP,29-Apr-2021,1380,PE,0,0,0,127.15,98.15,0,0,1950,0,19-APR-2021,
OPTSTK,GODREJPROP,29-Apr-2021,1400,PE,104,107.3,104,107.3,107.3,3,29.37,20800,-650,19-APR-2021,
OPTSTK,GODREJPROP,29-Apr-2021,1420,PE,0,0,0,253.3,129.4,0,0,0,0,19-APR-2021,
OPTSTK,GODREJPROP,29-Apr-2021,1440,PE,0,0,0,267.6,146.2,0,0,0,0,19-APR-2021,
OPTSTK,GODREJPROP,29-Apr-2021,1460,PE,0,0,0,282.2,163.65,0,0,0,0,19-APR-2021,
OPTSTK,GODREJPROP,29-Apr-2021,1480,PE,0,0,0,297.15,181.65,0,0,0,0,19-APR-2021,
OPTSTK,GODREJPROP,29-Apr-2021,1500,PE,210,210,210,210,200.1,1,11.11,1950,-650,19-APR-2021,
OPTSTK,GODREJPROP,29-Apr-2021,1520,PE,0,0,0,327.75,218.9,0,0,0,0,19-APR-2021,
OPTSTK,GODREJPROP,29-Apr-2021,1540,PE,0,0,0,343.45,237.95,0,0,0,0,19-APR-2021,
OPTSTK,GODREJPROP,29-Apr-2021,1560,PE,0,0,0,359.4,257.25,0,0,0,0,19-APR-2021,
OPTSTK,GODREJPROP,29-Apr-2021,1580,PE,0,0,0,375.55,276.75,0,0,0,0,19-APR-2021,
OPTSTK,GODREJPROP,29-Apr-2021,1600,PE,0,0,0,391.95,296.35,0,0,0,0,19-APR-2021,
OPTSTK,GODREJPROP,29-Apr-2021,1620,PE,0,0,0,408.45,316.05,0,0,0,0,19-APR-2021,
OPTSTK,GODREJPROP,29-Apr-2021,1640,PE,0,0,0,425.25,335.85,0,0,0,0,19-APR-2021,
OPTSTK,GODREJPROP,29-Apr-2021,1660,PE,0,0,0,442.2,355.7,0,0,0,0,19-APR-2021,
OPTSTK,GODREJPROP,29-Apr-2021,1680,PE,0,0,0,459.35,375.6,0,0,0,0,19-APR-2021,
OPTSTK,GODREJPROP,29-Apr-2021,1700,PE,0,0,0,476.65,395.5,0,0,0,0,19-APR-2021,
OPTSTK,GODREJPROP,29-Apr-2021,1720,PE,0,0,0,494.15,415.45,0,0,0,0,19-APR-2021,
OPTSTK,GODREJPROP,29-Apr-2021,1740,PE,0,0,0,511.75,435.4,0,0,0,0,19-APR-2021,
OPTSTK,GODREJPROP,29-Apr-2021,1760,PE,0,0,0,529.5,455.35,0,0,0,0,19-APR-2021,
OPTSTK,GODREJPROP,29-Apr-2021,1780,PE,0,0,0,534.4,475.35,0,0,0,0,19-APR-2021,
OPTSTK,GODREJPROP,29-Apr-2021,1800,PE,0,0,0,498.1,495.3,0,0,0,0,19-APR-2021,
OPTSTK,GODREJPROP,29-Apr-2021,1820,PE,0,0,0,515.6,515.25,0,0,0,0,19-APR-2021,
OPTSTK,GODREJPROP,27-May-2021,960,CE,0,0,0,538.85,351.15,0,0,0,0,19-APR-2021,
OPTSTK,GODREJPROP,27-May-2021,980,CE,0,0,0,546.65,332.6,0,0,0,0,19-APR-2021,
OPTSTK,GODREJPROP,27-May-2021,1000,CE,0,0,0,528.6,314.35,0,0,0,0,19-APR-2021,
OPTSTK,GODREJPROP,27-May-2021,1020,CE,0,0,0,542.05,296.45,0,0,0,0,19-APR-2021,
OPTSTK,GODREJPROP,27-May-2021,1040,CE,0,0,0,534.7,278.95,0,0,0,0,19-APR-2021,
OPTSTK,GODREJPROP,27-May-2021,1060,CE,0,0,0,517.25,261.85,0,0,0,0,19-APR-2021,
OPTSTK,GODREJPROP,27-May-2021,1080,CE,0,0,0,500,245.25,0,0,0,0,19-APR-2021,
OPTSTK,GODREJPROP,27-May-2021,1100,CE,0,0,0,483.05,229.15,0,0,0,0,19-APR-2021,
OPTSTK,GODREJPROP,27-May-2021,1120,CE,0,0,0,466.35,213.6,0,0,0,0,19-APR-2021,
OPTSTK,GODREJPROP,27-May-2021,1140,CE,0,0,0,449.95,198.65,0,0,0,0,19-APR-2021,
OPTSTK,GODREJPROP,27-May-2021,1160,CE,0,0,0,433.9,184.25,0,0,0,0,19-APR-2021,
OPTSTK,GODREJPROP,27-May-2021,1180,CE,0,0,0,418.15,170.45,0,0,0,0,19-APR-2021,
OPTSTK,GODREJPROP,27-May-2021,1200,CE,0,0,0,402.7,157.35,0,0,0,0,19-APR-2021,
OPTSTK,GODREJPROP,27-May-2021,1220,CE,0,0,0,387.6,144.9,0,0,0,0,19-APR-2021,
OPTSTK,GODREJPROP,27-May-2021,1240,CE,0,0,0,372.85,133.1,0,0,0,0,19-APR-2021,
OPTSTK,GODREJPROP,27-May-2021,1260,CE,0,0,0,358.45,121.95,0,0,0,0,19-APR-2021,
OPTSTK,GODREJPROP,27-May-2021,1280,CE,0,0,0,344.35,111.5,0,0,0,0,19-APR-2021,
OPTSTK,GODREJPROP,27-May-2021,1300,CE,0,0,0,70.05,101.7,0,0,650,0,19-APR-2021,
OPTSTK,GODREJPROP,27-May-2021,1320,CE,0,0,0,317.35,92.55,0,0,0,0,19-APR-2021,
OPTSTK,GODREJPROP,27-May-2021,1340,CE,0,0,0,304.35,84.05,0,0,0,0,19-APR-2021,
OPTSTK,GODREJPROP,27-May-2021,1360,CE,0,0,0,291.7,76.15,0,0,0,0,19-APR-2021,
OPTSTK,GODREJPROP,27-May-2021,1380,CE,0,0,0,279.45,68.85,0,0,0,0,19-APR-2021,
OPTSTK,GODREJPROP,27-May-2021,1400,CE,0,0,0,90,62.1,0,0,0,0,19-APR-2021,
OPTSTK,GODREJPROP,27-May-2021,1420,CE,0,0,0,256.15,55.9,0,0,0,0,19-APR-2021,
OPTSTK,GODREJPROP,27-May-2021,1440,CE,0,0,0,245.05,50.2,0,0,0,0,19-APR-2021,
OPTSTK,GODREJPROP,27-May-2021,1460,CE,0,0,0,234.3,45.05,0,0,0,0,19-APR-2021,
OPTSTK,GODREJPROP,27-May-2021,1480,CE,0,0,0,223.9,40.35,0,0,0,0,19-APR-2021,
OPTSTK,GODREJPROP,27-May-2021,1500,CE,0,0,0,213.85,36.05,0,0,0,0,19-APR-2021,
OPTSTK,GODREJPROP,27-May-2021,1520,CE,0,0,0,204.2,32.1,0,0,0,0,19-APR-2021,
OPTSTK,GODREJPROP,27-May-2021,1540,CE,0,0,0,194.85,28.55,0,0,0,0,19-APR-2021,
OPTSTK,GODREJPROP,27-May-2021,1560,CE,0,0,0,185.85,25.35,0,0,0,0,19-APR-2021,
OPTSTK,GODREJPROP,27-May-2021,1580,CE,0,0,0,177.2,22.5,0,0,0,0,19-APR-2021,
OPTSTK,GODREJPROP,27-May-2021,1600,CE,0,0,0,168.9,19.9,0,0,0,0,19-APR-2021,
OPTSTK,GODREJPROP,27-May-2021,1620,CE,0,0,0,160.9,17.6,0,0,0,0,19-APR-2021,
OPTSTK,GODREJPROP,27-May-2021,1640,CE,0,0,0,153.2,15.5,0,0,0,0,19-APR-2021,
OPTSTK,GODREJPROP,27-May-2021,1660,CE,0,0,0,145.85,13.65,0,0,0,0,19-APR-2021,
OPTSTK,GODREJPROP,27-May-2021,1680,CE,0,0,0,138.8,12,0,0,0,0,19-APR-2021,
OPTSTK,GODREJPROP,27-May-2021,1700,CE,0,0,0,132,10.55,0,0,0,0,19-APR-2021,
OPTSTK,GODREJPROP,27-May-2021,1720,CE,0,0,0,125.5,9.25,0,0,0,0,19-APR-2021,
OPTSTK,GODREJPROP,27-May-2021,1740,CE,0,0,0,119.3,8.1,0,0,0,0,19-APR-2021,
OPTSTK,GODREJPROP,27-May-2021,1760,CE,0,0,0,113.35,7.1,0,0,0,0,19-APR-2021,
OPTSTK,GODREJPROP,27-May-2021,1780,CE,0,0,0,107.65,6.2,0,0,0,0,19-APR-2021,
OPTSTK,GODREJPROP,27-May-2021,1800,CE,0,0,0,102.25,5.4,0,0,0,0,19-APR-2021,
OPTSTK,GODREJPROP,27-May-2021,1820,CE,0,0,0,97.05,4.7,0,0,0,0,19-APR-2021,
OPTSTK,GODREJPROP,27-May-2021,960,PE,0,0,0,7.5,4.5,0,0,0,0,19-APR-2021,
OPTSTK,GODREJPROP,27-May-2021,980,PE,0,0,0,9.65,5.85,0,0,0,0,19-APR-2021,
OPTSTK,GODREJPROP,27-May-2021,1000,PE,0,0,0,11.4,7.5,0,0,0,0,19-APR-2021,
OPTSTK,GODREJPROP,27-May-2021,1020,PE,0,0,0,12.3,9.55,0,0,0,0,19-APR-2021,
OPTSTK,GODREJPROP,27-May-2021,1040,PE,0,0,0,14.7,11.95,0,0,0,0,19-APR-2021,
OPTSTK,GODREJPROP,27-May-2021,1060,PE,0,0,0,17,14.8,0,0,0,0,19-APR-2021,
OPTSTK,GODREJPROP,27-May-2021,1080,PE,0,0,0,19.6,18.1,0,0,0,0,19-APR-2021,
OPTSTK,GODREJPROP,27-May-2021,1100,PE,0,0,0,22.45,21.9,0,0,0,0,19-APR-2021,
OPTSTK,GODREJPROP,27-May-2021,1120,PE,0,0,0,25.6,26.3,0,0,0,0,19-APR-2021,
OPTSTK,GODREJPROP,27-May-2021,1140,PE,0,0,0,29,31.25,0,0,0,0,19-APR-2021,
OPTSTK,GODREJPROP,27-May-2021,1160,PE,0,0,0,32.75,36.8,0,0,0,0,19-APR-2021,
OPTSTK,GODREJPROP,27-May-2021,1180,PE,0,0,0,36.8,42.9,0,0,0,0,19-APR-2021,
OPTSTK,GODREJPROP,27-May-2021,1200,PE,0,0,0,41.15,49.7,0,0,0,0,19-APR-2021,
OPTSTK,GODREJPROP,27-May-2021,1220,PE,0,0,0,45.9,57.15,0,0,0,0,19-APR-2021,
OPTSTK,GODREJPROP,27-May-2021,1240,PE,0,0,0,50.95,65.3,0,0,0,0,19-APR-2021,
OPTSTK,GODREJPROP,27-May-2021,1260,PE,0,0,0,56.35,74.1,0,0,0,0,19-APR-2021,
OPTSTK,GODREJPROP,27-May-2021,1280,PE,0,0,0,62.1,83.6,0,0,0,0,19-APR-2021,
OPTSTK,GODREJPROP,27-May-2021,1300,PE,0,0,0,45,93.7,0,0,1300,0,19-APR-2021,
OPTSTK,GODREJPROP,27-May-2021,1320,PE,0,0,0,74.7,104.45,0,0,0,0,19-APR-2021,
OPTSTK,GODREJPROP,27-May-2021,1340,PE,0,0,0,81.55,115.85,0,0,0,0,19-APR-2021,
OPTSTK,GODREJPROP,27-May-2021,1360,PE,0,0,0,88.7,127.9,0,0,0,0,19-APR-2021,
OPTSTK,GODREJPROP,27-May-2021,1380,PE,0,0,0,96.3,140.5,0,0,0,0,19-APR-2021,
OPTSTK,GODREJPROP,27-May-2021,1400,PE,0,0,0,104.25,153.65,0,0,0,0,19-APR-2021,
OPTSTK,GODREJPROP,27-May-2021,1420,PE,0,0,0,112.6,167.4,0,0,0,0,19-APR-2021,
OPTSTK,GODREJPROP,27-May-2021,1440,PE,0,0,0,121.3,181.65,0,0,0,0,19-APR-2021,
OPTSTK,GODREJPROP,27-May-2021,1460,PE,0,0,0,130.35,196.4,0,0,0,0,19-APR-2021,
OPTSTK,GODREJPROP,27-May-2021,1480,PE,0,0,0,139.75,211.6,0,0,0,0,19-APR-2021,
OPTSTK,GODREJPROP,27-May-2021,1500,PE,0,0,0,149.55,227.25,0,0,0,0,19-APR-2021,
OPTSTK,GODREJPROP,27-May-2021,1520,PE,0,0,0,159.7,243.2,0,0,0,0,19-APR-2021,
OPTSTK,GODREJPROP,27-May-2021,1540,PE,0,0,0,170.15,259.6,0,0,0,0,19-APR-2021,
OPTSTK,GODREJPROP,27-May-2021,1560,PE,0,0,0,181,276.35,0,0,0,0,19-APR-2021,
OPTSTK,GODREJPROP,27-May-2021,1580,PE,0,0,0,192.15,293.35,0,0,0,0,19-APR-2021,
OPTSTK,GODREJPROP,27-May-2021,1600,PE,0,0,0,203.65,310.7,0,0,0,0,19-APR-2021,
OPTSTK,GODREJPROP,27-May-2021,1620,PE,0,0,0,215.5,328.3,0,0,0,0,19-APR-2021,
OPTSTK,GODREJPROP,27-May-2021,1640,PE,0,0,0,227.6,346.15,0,0,0,0,19-APR-2021,
OPTSTK,GODREJPROP,27-May-2021,1660,PE,0,0,0,240.05,364.25,0,0,0,0,19-APR-2021,
OPTSTK,GODREJPROP,27-May-2021,1680,PE,0,0,0,252.8,382.5,0,0,0,0,19-APR-2021,
OPTSTK,GODREJPROP,27-May-2021,1700,PE,0,0,0,265.85,401,0,0,0,0,19-APR-2021,
OPTSTK,GODREJPROP,27-May-2021,1720,PE,0,0,0,279.15,419.6,0,0,0,0,19-APR-2021,
OPTSTK,GODREJPROP,27-May-2021,1740,PE,0,0,0,292.75,438.4,0,0,0,0,19-APR-2021,
OPTSTK,GODREJPROP,27-May-2021,1760,PE,0,0,0,306.6,457.3,0,0,0,0,19-APR-2021,
OPTSTK,GODREJPROP,27-May-2021,1780,PE,0,0,0,320.75,476.3,0,0,0,0,19-APR-2021,
OPTSTK,GODREJPROP,27-May-2021,1800,PE,0,0,0,335.15,495.45,0,0,0,0,19-APR-2021,
OPTSTK,GODREJPROP,27-May-2021,1820,PE,0,0,0,349.75,514.65,0,0,0,0,19-APR-2021,
OPTSTK,GODREJPROP,24-Jun-2021,960,CE,0,0,0,401.35,363.3,0,0,0,0,19-APR-2021,
OPTSTK,GODREJPROP,24-Jun-2021,980,CE,0,0,0,384.8,346.15,0,0,0,0,19-APR-2021,
OPTSTK,GODREJPROP,24-Jun-2021,1000,CE,0,0,0,368.65,329.45,0,0,0,0,19-APR-2021,
OPTSTK,GODREJPROP,24-Jun-2021,1020,CE,0,0,0,352.85,313.1,0,0,0,0,19-APR-2021,
OPTSTK,GODREJPROP,24-Jun-2021,1040,CE,0,0,0,337.45,297.15,0,0,0,0,19-APR-2021,
OPTSTK,GODREJPROP,24-Jun-2021,1060,CE,0,0,0,322.45,281.65,0,0,0,0,19-APR-2021,
OPTSTK,GODREJPROP,24-Jun-2021,1080,CE,0,0,0,307.85,266.7,0,0,0,0,19-APR-2021,
OPTSTK,GODREJPROP,24-Jun-2021,1100,CE,0,0,0,293.65,252.1,0,0,0,0,19-APR-2021,
OPTSTK,GODREJPROP,24-Jun-2021,1120,CE,0,0,0,279.9,238.05,0,0,0,0,19-APR-2021,
OPTSTK,GODREJPROP,24-Jun-2021,1140,CE,0,0,0,266.55,224.45,0,0,0,0,19-APR-2021,
OPTSTK,GODREJPROP,24-Jun-2021,1160,CE,0,0,0,253.55,211.35,0,0,0,0,19-APR-2021,
OPTSTK,GODREJPROP,24-Jun-2021,1180,CE,0,0,0,241.1,198.8,0,0,0,0,19-APR-2021,
OPTSTK,GODREJPROP,24-Jun-2021,1200,CE,0,0,0,229.05,186.8,0,0,0,0,19-APR-2021,
OPTSTK,GODREJPROP,24-Jun-2021,1220,CE,0,0,0,217.5,175.25,0,0,0,0,19-APR-2021,
OPTSTK,GODREJPROP,24-Jun-2021,1240,CE,0,0,0,206.35,164.25,0,0,0,0,19-APR-2021,
OPTSTK,GODREJPROP,24-Jun-2021,1260,CE,0,0,0,195.6,153.8,0,0,0,0,19-APR-2021,
OPTSTK,GODREJPROP,24-Jun-2021,1280,CE,0,0,0,185.3,143.8,0,0,0,0,19-APR-2021,
OPTSTK,GODREJPROP,24-Jun-2021,1300,CE,0,0,0,175.45,134.3,0,0,0,0,19-APR-2021,
OPTSTK,GODREJPROP,24-Jun-2021,1320,CE,0,0,0,166,125.3,0,0,0,0,19-APR-2021,
OPTSTK,GODREJPROP,24-Jun-2021,1340,CE,0,0,0,156.95,116.8,0,0,0,0,19-APR-2021,
OPTSTK,GODREJPROP,24-Jun-2021,1360,CE,0,0,0,148.3,108.75,0,0,0,0,19-APR-2021,
OPTSTK,GODREJPROP,24-Jun-2021,1380,CE,0,0,0,140.05,101.15,0,0,0,0,19-APR-2021,
OPTSTK,GODREJPROP,24-Jun-2021,1400,CE,0,0,0,132.15,94,0,0,0,0,19-APR-2021,
OPTSTK,GODREJPROP,24-Jun-2021,1420,CE,0,0,0,124.65,87.25,0,0,0,0,19-APR-2021,
OPTSTK,GODREJPROP,24-Jun-2021,1440,CE,0,0,0,117.5,80.9,0,0,0,0,19-APR-2021,
OPTSTK,GODREJPROP,24-Jun-2021,1460,CE,0,0,0,110.7,75,0,0,0,0,19-APR-2021,
OPTSTK,GODREJPROP,24-Jun-2021,1480,CE,0,0,0,104.25,69.4,0,0,0,0,19-APR-2021,
OPTSTK,GODREJPROP,24-Jun-2021,1500,CE,0,0,0,98.1,64.25,0,0,0,0,19-APR-2021,
OPTSTK,GODREJPROP,24-Jun-2021,1520,CE,0,0,0,92.3,59.4,0,0,0,0,19-APR-2021,
OPTSTK,GODREJPROP,24-Jun-2021,1540,CE,0,0,0,86.8,54.9,0,0,0,0,19-APR-2021,
OPTSTK,GODREJPROP,24-Jun-2021,1560,CE,0,0,0,81.55,50.65,0,0,0,0,19-APR-2021,
OPTSTK,GODREJPROP,24-Jun-2021,1580,CE,0,0,0,76.7,46.75,0,0,0,0,19-APR-2021,
OPTSTK,GODREJPROP,24-Jun-2021,1600,CE,0,0,0,72,43,0,0,0,0,19-APR-2021,
OPTSTK,GODREJPROP,24-Jun-2021,1620,CE,0,0,0,67.6,39.6,0,0,0,0,19-APR-2021,
OPTSTK,GODREJPROP,24-Jun-2021,1640,CE,0,0,0,63.45,36.45,0,0,0,0,19-APR-2021,
OPTSTK,GODREJPROP,24-Jun-2021,1660,CE,0,0,0,59.5,33.5,0,0,0,0,19-APR-2021,
OPTSTK,GODREJPROP,24-Jun-2021,1680,CE,0,0,0,55.8,30.8,0,0,0,0,19-APR-2021,
OPTSTK,GODREJPROP,24-Jun-2021,1700,CE,0,0,0,52.35,28.3,0,0,0,0,19-APR-2021,
OPTSTK,GODREJPROP,24-Jun-2021,1720,CE,0,0,0,49,25.95,0,0,0,0,19-APR-2021,
OPTSTK,GODREJPROP,24-Jun-2021,1740,CE,0,0,0,45.85,23.8,0,0,0,0,19-APR-2021,
OPTSTK,GODREJPROP,24-Jun-2021,1760,CE,0,0,0,42.95,21.85,0,0,0,0,19-APR-2021,
OPTSTK,GODREJPROP,24-Jun-2021,1780,CE,0,0,0,40.2,20,0,0,0,0,19-APR-2021,
OPTSTK,GODREJPROP,24-Jun-2021,1800,CE,0,0,0,37.6,18.3,0,0,0,0,19-APR-2021,
OPTSTK,GODREJPROP,24-Jun-2021,1820,CE,0,0,0,35.2,16.75,0,0,0,0,19-APR-2021,
OPTSTK,GODREJPROP,24-Jun-2021,960,PE,0,0,0,20.3,13.85,0,0,0,0,19-APR-2021,
OPTSTK,GODREJPROP,24-Jun-2021,980,PE,0,0,0,23.6,16.6,0,0,0,0,19-APR-2021,
OPTSTK,GODREJPROP,24-Jun-2021,1000,PE,0,0,0,27.25,19.7,0,0,0,0,19-APR-2021,
OPTSTK,GODREJPROP,24-Jun-2021,1020,PE,0,0,0,31.25,23.25,0,0,0,0,19-APR-2021,
OPTSTK,GODREJPROP,24-Jun-2021,1040,PE,0,0,0,35.65,27.2,0,0,0,0,19-APR-2021,
OPTSTK,GODREJPROP,24-Jun-2021,1060,PE,0,0,0,40.45,31.55,0,0,0,0,19-APR-2021,
OPTSTK,GODREJPROP,24-Jun-2021,1080,PE,0,0,0,45.7,36.45,0,0,0,0,19-APR-2021,
OPTSTK,GODREJPROP,24-Jun-2021,1100,PE,0,0,0,51.3,41.75,0,0,0,0,19-APR-2021,
OPTSTK,GODREJPROP,24-Jun-2021,1120,PE,0,0,0,57.35,47.5,0,0,0,0,19-APR-2021,
OPTSTK,GODREJPROP,24-Jun-2021,1140,PE,0,0,0,63.8,53.8,0,0,0,0,19-APR-2021,
OPTSTK,GODREJPROP,24-Jun-2021,1160,PE,0,0,0,70.65,60.55,0,0,0,0,19-APR-2021,
OPTSTK,GODREJPROP,24-Jun-2021,1180,PE,0,0,0,78,67.9,0,0,0,0,19-APR-2021,
OPTSTK,GODREJPROP,24-Jun-2021,1200,PE,0,0,0,85.8,75.7,0,0,0,0,19-APR-2021,
OPTSTK,GODREJPROP,24-Jun-2021,1220,PE,0,0,0,94.05,84.05,0,0,0,0,19-APR-2021,
OPTSTK,GODREJPROP,24-Jun-2021,1240,PE,0,0,0,102.7,92.95,0,0,0,0,19-APR-2021,
OPTSTK,GODREJPROP,24-Jun-2021,1260,PE,0,0,0,111.8,102.3,0,0,0,0,19-APR-2021,
OPTSTK,GODREJPROP,24-Jun-2021,1280,PE,0,0,0,121.3,112.2,0,0,0,0,19-APR-2021,
OPTSTK,GODREJPROP,24-Jun-2021,1300,PE,0,0,0,131.25,122.6,0,0,0,0,19-APR-2021,
OPTSTK,GODREJPROP,24-Jun-2021,1320,PE,0,0,0,141.6,133.45,0,0,0,0,19-APR-2021,
OPTSTK,GODREJPROP,24-Jun-2021,1340,PE,0,0,0,152.35,144.8,0,0,0,0,19-APR-2021,
OPTSTK,GODREJPROP,24-Jun-2021,1360,PE,0,0,0,163.55,156.6,0,0,0,0,19-APR-2021,
OPTSTK,GODREJPROP,24-Jun-2021,1380,PE,0,0,0,175.1,168.9,0,0,0,0,19-APR-2021,
OPTSTK,GODREJPROP,24-Jun-2021,1400,PE,0,0,0,187,181.6,0,0,0,0,19-APR-2021,
OPTSTK,GODREJPROP,24-Jun-2021,1420,PE,0,0,0,199.35,194.7,0,0,0,0,19-APR-2021,
OPTSTK,GODREJPROP,24-Jun-2021,1440,PE,0,0,0,212,208.25,0,0,0,0,19-APR-2021,
OPTSTK,GODREJPROP,24-Jun-2021,1460,PE,0,0,0,225,222.15,0,0,0,0,19-APR-2021,
OPTSTK,GODREJPROP,24-Jun-2021,1480,PE,0,0,0,238.35,236.45,0,0,0,0,19-APR-2021,
OPTSTK,GODREJPROP,24-Jun-2021,1500,PE,0,0,0,252.05,251.2,0,0,0,0,19-APR-2021,
OPTSTK,GODREJPROP,24-Jun-2021,1520,PE,0,0,0,266.05,266.2,0,0,0,0,19-APR-2021,
OPTSTK,GODREJPROP,24-Jun-2021,1540,PE,0,0,0,280.35,281.5,0,0,0,0,19-APR-2021,
OPTSTK,GODREJPROP,24-Jun-2021,1560,PE,0,0,0,294.95,297.15,0,0,0,0,19-APR-2021,
OPTSTK,GODREJPROP,24-Jun-2021,1580,PE,0,0,0,309.9,313.1,0,0,0,0,19-APR-2021,
OPTSTK,GODREJPROP,24-Jun-2021,1600,PE,0,0,0,325.05,329.25,0,0,0,0,19-APR-2021,
OPTSTK,GODREJPROP,24-Jun-2021,1620,PE,0,0,0,340.45,345.7,0,0,0,0,19-APR-2021,
OPTSTK,GODREJPROP,24-Jun-2021,1640,PE,0,0,0,356.1,362.4,0,0,0,0,19-APR-2021,
OPTSTK,GODREJPROP,24-Jun-2021,1660,PE,0,0,0,371.95,379.35,0,0,0,0,19-APR-2021,
OPTSTK,GODREJPROP,24-Jun-2021,1680,PE,0,0,0,388.1,396.5,0,0,0,0,19-APR-2021,
OPTSTK,GODREJPROP,24-Jun-2021,1700,PE,0,0,0,404.4,413.85,0,0,0,0,19-APR-2021,
OPTSTK,GODREJPROP,24-Jun-2021,1720,PE,0,0,0,420.85,431.4,0,0,0,0,19-APR-2021,
OPTSTK,GODREJPROP,24-Jun-2021,1740,PE,0,0,0,437.6,449.1,0,0,0,0,19-APR-2021,
OPTSTK,GODREJPROP,24-Jun-2021,1760,PE,0,0,0,454.45,467,0,0,0,0,19-APR-2021,
OPTSTK,GODREJPROP,24-Jun-2021,1780,PE,0,0,0,471.55,485,0,0,0,0,19-APR-2021,
OPTSTK,GODREJPROP,24-Jun-2021,1800,PE,0,0,0,488.75,503.2,0,0,0,0,19-APR-2021,
OPTSTK,GODREJPROP,24-Jun-2021,1820,PE,0,0,0,506.15,521.5,0,0,0,0,19-APR-2021,
OPTSTK,GRANULES,29-Apr-2021,230,CE,0,0,0,98.05,111.6,0,0,0,0,19-APR-2021,
OPTSTK,GRANULES,29-Apr-2021,235,CE,0,0,0,93.1,106.6,0,0,0,0,19-APR-2021,
OPTSTK,GRANULES,29-Apr-2021,240,CE,0,0,0,88.1,101.6,0,0,0,0,19-APR-2021,
OPTSTK,GRANULES,29-Apr-2021,245,CE,0,0,0,83.15,96.6,0,0,0,0,19-APR-2021,
OPTSTK,GRANULES,29-Apr-2021,250,CE,0,0,0,78.2,91.65,0,0,0,0,19-APR-2021,
OPTSTK,GRANULES,29-Apr-2021,255,CE,0,0,0,73.2,86.65,0,0,0,0,19-APR-2021,
OPTSTK,GRANULES,29-Apr-2021,260,CE,0,0,0,68.25,81.65,0,0,0,0,19-APR-2021,
OPTSTK,GRANULES,29-Apr-2021,265,CE,0,0,0,63.3,76.7,0,0,0,0,19-APR-2021,
OPTSTK,GRANULES,29-Apr-2021,270,CE,0,0,0,58.3,71.75,0,0,0,0,19-APR-2021,
OPTSTK,GRANULES,29-Apr-2021,275,CE,0,0,0,53.35,66.8,0,0,0,0,19-APR-2021,
OPTSTK,GRANULES,29-Apr-2021,280,CE,0,0,0,48.4,61.9,0,0,0,0,19-APR-2021,
OPTSTK,GRANULES,29-Apr-2021,285,CE,0,0,0,43.4,57.1,0,0,0,0,19-APR-2021,
OPTSTK,GRANULES,29-Apr-2021,290,CE,0,0,0,38.45,52.3,0,0,0,0,19-APR-2021,
OPTSTK,GRANULES,29-Apr-2021,295,CE,0,0,0,33.45,47.65,0,0,0,0,19-APR-2021,
OPTSTK,GRANULES,29-Apr-2021,300,CE,37.8,40,37.8,40,43.1,2,10.5,49600,-1550,19-APR-2021,
OPTSTK,GRANULES,29-Apr-2021,305,CE,0,0,0,18.8,38.75,0,0,1550,0,19-APR-2021,
OPTSTK,GRANULES,29-Apr-2021,310,CE,25.1,40.85,25.1,35.6,34.55,18,96.28,116250,-18600,19-APR-2021,
OPTSTK,GRANULES,29-Apr-2021,315,CE,30,35,30,35,30.55,2,10.77,21700,-1550,19-APR-2021,
OPTSTK,GRANULES,29-Apr-2021,320,CE,11.1,33.9,11.1,27.85,27.85,133,706.78,207700,-4650,19-APR-2021,
OPTSTK,GRANULES,29-Apr-2021,325,CE,11.5,28.15,10.65,25,25,38,202.8,21700,-12400,19-APR-2021,
OPTSTK,GRANULES,29-Apr-2021,330,CE,10,25.45,8.4,21.65,21.65,1786,9592.02,378200,-29450,19-APR-2021,
OPTSTK,GRANULES,29-Apr-2021,335,CE,7.35,21.75,7.35,19.05,19.05,175,950.84,41850,4650,19-APR-2021,
OPTSTK,GRANULES,29-Apr-2021,340,CE,6.85,19.45,5.65,16.2,16.2,2830,15542.66,615350,-34100,19-APR-2021,
OPTSTK,GRANULES,29-Apr-2021,345,CE,6.6,16.95,6,14.2,14.2,228,1267.59,91450,62000,19-APR-2021,
OPTSTK,GRANULES,29-Apr-2021,350,CE,5.55,14.9,3.8,12.05,12.05,2638,14761.58,847850,-32550,19-APR-2021,
OPTSTK,GRANULES,29-Apr-2021,355,CE,7.4,13.15,7.1,10.2,10.2,76,431.44,43400,38750,19-APR-2021,
OPTSTK,GRANULES,29-Apr-2021,360,CE,2.6,11.05,2.6,8.7,8.7,885,5052.52,308450,124000,19-APR-2021,
OPTSTK,GRANULES,29-Apr-2021,365,CE,0,0,0,0.05,5.4,0,0,0,0,19-APR-2021,
OPTSTK,GRANULES,29-Apr-2021,370,CE,3.2,8.5,3.15,6.3,6.3,294,1714.5,147250,35650,19-APR-2021,
OPTSTK,GRANULES,29-Apr-2021,375,CE,0,0,0,0.05,3.4,0,0,0,0,19-APR-2021,
OPTSTK,GRANULES,29-Apr-2021,380,CE,2.3,6.4,2.1,4.45,4.45,351,2092.05,190650,52700,19-APR-2021,
OPTSTK,GRANULES,29-Apr-2021,385,CE,0,0,0,0.05,2.1,0,0,0,0,19-APR-2021,
OPTSTK,GRANULES,29-Apr-2021,390,CE,3.4,4.3,1.2,3.2,3.2,24,146.21,23250,13950,19-APR-2021,
OPTSTK,GRANULES,29-Apr-2021,395,CE,0,0,0,0.05,1.25,0,0,0,0,19-APR-2021,
OPTSTK,GRANULES,29-Apr-2021,400,CE,1.4,3.9,0.7,2.6,2.6,219,1366.28,186000,6200,19-APR-2021,
OPTSTK,GRANULES,29-Apr-2021,405,CE,0,0,0,0.05,0.7,0,0,0,0,19-APR-2021,
OPTSTK,GRANULES,29-Apr-2021,410,CE,1.25,2.9,1.2,2.25,2.25,27,172.56,32550,15500,19-APR-2021,
OPTSTK,GRANULES,29-Apr-2021,415,CE,0,0,0,0.05,0.4,0,0,0,0,19-APR-2021,
OPTSTK,GRANULES,29-Apr-2021,420,CE,0,0,0,9,0.3,0,0,3100,0,19-APR-2021,
OPTSTK,GRANULES,29-Apr-2021,425,CE,0,0,0,0.05,0.2,0,0,0,0,19-APR-2021,
OPTSTK,GRANULES,29-Apr-2021,430,CE,0,0,0,0.05,0.15,0,0,0,0,19-APR-2021,
OPTSTK,GRANULES,29-Apr-2021,230,PE,0,0,0,0.05,0,0,0,0,0,19-APR-2021,
OPTSTK,GRANULES,29-Apr-2021,235,PE,0,0,0,0.05,0,0,0,0,0,19-APR-2021,
OPTSTK,GRANULES,29-Apr-2021,240,PE,0,0,0,0.05,0,0,0,0,0,19-APR-2021,
OPTSTK,GRANULES,29-Apr-2021,245,PE,0,0,0,0.05,0,0,0,0,0,19-APR-2021,
OPTSTK,GRANULES,29-Apr-2021,250,PE,0,0,0,0.15,0.05,0,0,6200,0,19-APR-2021,
OPTSTK,GRANULES,29-Apr-2021,255,PE,0,0,0,0.05,0.05,0,0,0,0,19-APR-2021,
OPTSTK,GRANULES,29-Apr-2021,260,PE,0,0,0,0.05,0.05,0,0,0,0,19-APR-2021,
OPTSTK,GRANULES,29-Apr-2021,265,PE,0,0,0,0.05,0.05,0,0,0,0,19-APR-2021,
OPTSTK,GRANULES,29-Apr-2021,270,PE,0.5,0.5,0.5,0.5,0.1,2,8.38,7750,-3100,19-APR-2021,
OPTSTK,GRANULES,29-Apr-2021,275,PE,0.95,0.95,0.95,0.95,0.2,1,4.27,4650,0,19-APR-2021,
OPTSTK,GRANULES,29-Apr-2021,280,PE,2,2,0.85,0.85,0.85,2,8.72,51150,-3100,19-APR-2021,
OPTSTK,GRANULES,29-Apr-2021,285,PE,0,0,0,0.05,0.45,0,0,0,0,19-APR-2021,
OPTSTK,GRANULES,29-Apr-2021,290,PE,1.6,1.6,1.1,1.2,1.2,8,36.11,26350,-1550,19-APR-2021,
OPTSTK,GRANULES,29-Apr-2021,295,PE,0,0,0,2.5,1,0,0,6200,0,19-APR-2021,
OPTSTK,GRANULES,29-Apr-2021,300,PE,5,5.95,1.65,2.15,2.15,127,596.07,244900,-37200,19-APR-2021,
OPTSTK,GRANULES,29-Apr-2021,305,PE,2,3.4,2,3.3,3.3,23,109.76,4650,1550,19-APR-2021,
OPTSTK,GRANULES,29-Apr-2021,310,PE,5,6.85,2.5,3.35,3.35,52,253.22,75950,-4650,19-APR-2021,
OPTSTK,GRANULES,29-Apr-2021,315,PE,3.55,3.55,3.55,3.55,3.85,2,9.87,6200,1550,19-APR-2021,
OPTSTK,GRANULES,29-Apr-2021,320,PE,12,12,4.7,5.55,5.55,103,520.9,133300,31000,19-APR-2021,
OPTSTK,GRANULES,29-Apr-2021,325,PE,0,0,0,17.35,6.6,0,0,13950,0,19-APR-2021,
OPTSTK,GRANULES,29-Apr-2021,330,PE,16.6,16.6,7,8.8,8.8,104,548.74,117800,20150,19-APR-2021,
OPTSTK,GRANULES,29-Apr-2021,335,PE,10.4,10.4,8.75,8.75,10.4,4,21.33,6200,6200,19-APR-2021,
OPTSTK,GRANULES,29-Apr-2021,340,PE,19.4,21.4,11,13.35,13.35,87,477.42,79050,37200,19-APR-2021,
OPTSTK,GRANULES,29-Apr-2021,345,PE,15.4,15.4,15.4,15.4,15.4,3,16.75,4650,4650,19-APR-2021,
OPTSTK,GRANULES,29-Apr-2021,350,PE,31.2,31.2,18,19.75,19.75,6,34.64,26350,3100,19-APR-2021,
OPTSTK,GRANULES,29-Apr-2021,355,PE,0,0,0,26.2,21.55,0,0,0,0,19-APR-2021,
OPTSTK,GRANULES,29-Apr-2021,360,PE,0,0,0,28,25,0,0,1550,0,19-APR-2021,
OPTSTK,GRANULES,29-Apr-2021,365,PE,0,0,0,36.1,28.7,0,0,0,0,19-APR-2021,
OPTSTK,GRANULES,29-Apr-2021,370,PE,0,0,0,41.1,32.6,0,0,0,0,19-APR-2021,
OPTSTK,GRANULES,29-Apr-2021,375,PE,0,0,0,46.05,36.7,0,0,0,0,19-APR-2021,
OPTSTK,GRANULES,29-Apr-2021,380,PE,0,0,0,51,40.95,0,0,0,0,19-APR-2021,
OPTSTK,GRANULES,29-Apr-2021,385,PE,0,0,0,56,45.35,0,0,0,0,19-APR-2021,
OPTSTK,GRANULES,29-Apr-2021,390,PE,0,0,0,60.95,49.85,0,0,0,0,19-APR-2021,
OPTSTK,GRANULES,29-Apr-2021,395,PE,0,0,0,65.9,54.5,0,0,0,0,19-APR-2021,
OPTSTK,GRANULES,29-Apr-2021,400,PE,0,0,0,70.9,59.2,0,0,0,0,19-APR-2021,
OPTSTK,GRANULES,29-Apr-2021,405,PE,0,0,0,75.85,63.95,0,0,0,0,19-APR-2021,
OPTSTK,GRANULES,29-Apr-2021,410,PE,0,0,0,80.8,68.75,0,0,0,0,19-APR-2021,
OPTSTK,GRANULES,29-Apr-2021,415,PE,0,0,0,85.8,73.65,0,0,0,0,19-APR-2021,
OPTSTK,GRANULES,29-Apr-2021,420,PE,0,0,0,90.75,78.5,0,0,0,0,19-APR-2021,
OPTSTK,GRANULES,29-Apr-2021,425,PE,0,0,0,95.75,83.45,0,0,0,0,19-APR-2021,
OPTSTK,GRANULES,29-Apr-2021,430,PE,0,0,0,100.7,88.4,0,0,0,0,19-APR-2021,
OPTSTK,GRANULES,27-May-2021,230,CE,0,0,0,98.7,112.7,0,0,0,0,19-APR-2021,
OPTSTK,GRANULES,27-May-2021,235,CE,0,0,0,93.75,107.85,0,0,0,0,19-APR-2021,
OPTSTK,GRANULES,27-May-2021,240,CE,0,0,0,88.8,103.05,0,0,0,0,19-APR-2021,
OPTSTK,GRANULES,27-May-2021,245,CE,0,0,0,83.85,98.3,0,0,0,0,19-APR-2021,
OPTSTK,GRANULES,27-May-2021,250,CE,0,0,0,78.9,93.6,0,0,0,0,19-APR-2021,
OPTSTK,GRANULES,27-May-2021,255,CE,0,0,0,73.95,89,0,0,0,0,19-APR-2021,
OPTSTK,GRANULES,27-May-2021,260,CE,0,0,0,69,84.45,0,0,0,0,19-APR-2021,
OPTSTK,GRANULES,27-May-2021,265,CE,0,0,0,64.05,79.95,0,0,0,0,19-APR-2021,
OPTSTK,GRANULES,27-May-2021,270,CE,0,0,0,59.1,75.6,0,0,0,0,19-APR-2021,
OPTSTK,GRANULES,27-May-2021,275,CE,0,0,0,54.15,71.3,0,0,0,0,19-APR-2021,
OPTSTK,GRANULES,27-May-2021,280,CE,0,0,0,49.2,67.15,0,0,0,0,19-APR-2021,
OPTSTK,GRANULES,27-May-2021,285,CE,0,0,0,44.2,63.05,0,0,0,0,19-APR-2021,
OPTSTK,GRANULES,27-May-2021,290,CE,0,0,0,39.25,59.15,0,0,0,0,19-APR-2021,
OPTSTK,GRANULES,27-May-2021,295,CE,0,0,0,34.3,55.35,0,0,0,0,19-APR-2021,
OPTSTK,GRANULES,27-May-2021,300,CE,0,0,0,29.35,51.7,0,0,0,0,19-APR-2021,
OPTSTK,GRANULES,27-May-2021,305,CE,0,0,0,24.4,48.15,0,0,0,0,19-APR-2021,
OPTSTK,GRANULES,27-May-2021,310,CE,0,0,0,19.45,44.8,0,0,0,0,19-APR-2021,
OPTSTK,GRANULES,27-May-2021,315,CE,0,0,0,14.5,41.55,0,0,0,0,19-APR-2021,
OPTSTK,GRANULES,27-May-2021,320,CE,0,0,0,23.5,38.5,0,0,1550,0,19-APR-2021,
OPTSTK,GRANULES,27-May-2021,325,CE,0,0,0,4.6,35.6,0,0,0,0,19-APR-2021,
OPTSTK,GRANULES,27-May-2021,330,CE,25.05,33.55,25.05,33.55,33.55,3,16.64,4650,1550,19-APR-2021,
OPTSTK,GRANULES,27-May-2021,335,CE,0,0,0,0.05,30.2,0,0,0,0,19-APR-2021,
OPTSTK,GRANULES,27-May-2021,340,CE,15,35,15,35,35,6,33.58,12400,4650,19-APR-2021,
OPTSTK,GRANULES,27-May-2021,345,CE,0,0,0,0.05,25.45,0,0,0,0,19-APR-2021,
OPTSTK,GRANULES,27-May-2021,350,CE,15,30,5.4,21.5,21.5,14,80.11,24800,9300,19-APR-2021,
OPTSTK,GRANULES,27-May-2021,355,CE,0,0,0,0.05,21.3,0,0,0,0,19-APR-2021,
OPTSTK,GRANULES,27-May-2021,360,CE,13,19,13,19,19,3,17.49,20150,3100,19-APR-2021,
OPTSTK,GRANULES,27-May-2021,365,CE,0,0,0,0.05,17.7,0,0,0,0,19-APR-2021,
OPTSTK,GRANULES,27-May-2021,370,CE,9,16.2,9,16.2,16.05,5,29.64,18600,6200,19-APR-2021,
OPTSTK,GRANULES,27-May-2021,375,CE,0,0,0,0.05,14.55,0,0,0,0,19-APR-2021,
OPTSTK,GRANULES,27-May-2021,380,CE,8,14,8,14,13.2,5,30.31,20150,3100,19-APR-2021,
OPTSTK,GRANULES,27-May-2021,385,CE,0,0,0,0.05,11.95,0,0,0,0,19-APR-2021,
OPTSTK,GRANULES,27-May-2021,390,CE,0,0,0,5.2,10.8,0,0,3100,0,19-APR-2021,
OPTSTK,GRANULES,27-May-2021,395,CE,0,0,0,0.05,9.75,0,0,0,0,19-APR-2021,
OPTSTK,GRANULES,27-May-2021,400,CE,0,0,0,0.05,8.75,0,0,0,0,19-APR-2021,
OPTSTK,GRANULES,27-May-2021,405,CE,0,0,0,0.05,7.85,0,0,0,0,19-APR-2021,
OPTSTK,GRANULES,27-May-2021,410,CE,0,0,0,0.05,7.05,0,0,0,0,19-APR-2021,
OPTSTK,GRANULES,27-May-2021,415,CE,0,0,0,0.05,6.3,0,0,0,0,19-APR-2021,
OPTSTK,GRANULES,27-May-2021,420,CE,0,0,0,0.05,5.65,0,0,0,0,19-APR-2021,
OPTSTK,GRANULES,27-May-2021,425,CE,0,0,0,0.05,5.05,0,0,0,0,19-APR-2021,
OPTSTK,GRANULES,27-May-2021,430,CE,0,0,0,0.05,4.5,0,0,0,0,19-APR-2021,
OPTSTK,GRANULES,27-May-2021,230,PE,0,0,0,0.05,0.45,0,0,0,0,19-APR-2021,
OPTSTK,GRANULES,27-May-2021,235,PE,0,0,0,0.05,0.6,0,0,0,0,19-APR-2021,
OPTSTK,GRANULES,27-May-2021,240,PE,0,0,0,0.05,0.75,0,0,0,0,19-APR-2021,
OPTSTK,GRANULES,27-May-2021,245,PE,0,0,0,0.05,1,0,0,0,0,19-APR-2021,
OPTSTK,GRANULES,27-May-2021,250,PE,2.3,2.3,2.3,2.3,1.3,1,3.91,1550,1550,19-APR-2021,
OPTSTK,GRANULES,27-May-2021,255,PE,0,0,0,0.05,1.65,0,0,0,0,19-APR-2021,
OPTSTK,GRANULES,27-May-2021,260,PE,0,0,0,0.05,2.05,0,0,0,0,19-APR-2021,
OPTSTK,GRANULES,27-May-2021,265,PE,0,0,0,0.05,2.6,0,0,0,0,19-APR-2021,
OPTSTK,GRANULES,27-May-2021,270,PE,0,0,0,0.05,3.2,0,0,0,0,19-APR-2021,
OPTSTK,GRANULES,27-May-2021,275,PE,0,0,0,0.05,3.9,0,0,0,0,19-APR-2021,
OPTSTK,GRANULES,27-May-2021,280,PE,0,0,0,0.05,4.7,0,0,0,0,19-APR-2021,
OPTSTK,GRANULES,27-May-2021,285,PE,0,0,0,0.05,5.6,0,0,0,0,19-APR-2021,
OPTSTK,GRANULES,27-May-2021,290,PE,0,0,0,0.05,6.65,0,0,0,0,19-APR-2021,
OPTSTK,GRANULES,27-May-2021,295,PE,0,0,0,0.05,7.85,0,0,0,0,19-APR-2021,
OPTSTK,GRANULES,27-May-2021,300,PE,0,0,0,0.05,9.15,0,0,0,0,19-APR-2021,
OPTSTK,GRANULES,27-May-2021,305,PE,0,0,0,0.05,10.65,0,0,0,0,19-APR-2021,
OPTSTK,GRANULES,27-May-2021,310,PE,0,0,0,0.05,12.2,0,0,0,0,19-APR-2021,
OPTSTK,GRANULES,27-May-2021,315,PE,0,0,0,0.05,14,0,0,0,0,19-APR-2021,
OPTSTK,GRANULES,27-May-2021,320,PE,0,0,0,16.5,15.9,0,0,3100,0,19-APR-2021,
OPTSTK,GRANULES,27-May-2021,325,PE,0,0,0,0.05,17.95,0,0,0,0,19-APR-2021,
OPTSTK,GRANULES,27-May-2021,330,PE,18,18,16,16,20.2,2,10.75,7750,-3100,19-APR-2021,
OPTSTK,GRANULES,27-May-2021,335,PE,0,0,0,5.35,22.55,0,0,0,0,19-APR-2021,
OPTSTK,GRANULES,27-May-2021,340,PE,0,0,0,10.3,25.1,0,0,0,0,19-APR-2021,
OPTSTK,GRANULES,27-May-2021,345,PE,0,0,0,15.25,27.75,0,0,0,0,19-APR-2021,
OPTSTK,GRANULES,27-May-2021,350,PE,0,0,0,20.2,30.6,0,0,0,0,19-APR-2021,
OPTSTK,GRANULES,27-May-2021,355,PE,0,0,0,25.15,33.55,0,0,0,0,19-APR-2021,
OPTSTK,GRANULES,27-May-2021,360,PE,0,0,0,30.1,36.65,0,0,0,0,19-APR-2021,
OPTSTK,GRANULES,27-May-2021,365,PE,0,0,0,35.05,39.9,0,0,0,0,19-APR-2021,
OPTSTK,GRANULES,27-May-2021,370,PE,0,0,0,40.05,43.25,0,0,0,0,19-APR-2021,
OPTSTK,GRANULES,27-May-2021,375,PE,0,0,0,45,46.75,0,0,0,0,19-APR-2021,
OPTSTK,GRANULES,27-May-2021,380,PE,0,0,0,49.95,50.35,0,0,0,0,19-APR-2021,
OPTSTK,GRANULES,27-May-2021,385,PE,0,0,0,54.9,54.1,0,0,0,0,19-APR-2021,
OPTSTK,GRANULES,27-May-2021,390,PE,0,0,0,59.85,57.9,0,0,0,0,19-APR-2021,
OPTSTK,GRANULES,27-May-2021,395,PE,0,0,0,64.8,61.85,0,0,0,0,19-APR-2021,
OPTSTK,GRANULES,27-May-2021,400,PE,0,0,0,69.75,65.85,0,0,0,0,19-APR-2021,
OPTSTK,GRANULES,27-May-2021,405,PE,0,0,0,74.7,69.95,0,0,0,0,19-APR-2021,
OPTSTK,GRANULES,27-May-2021,410,PE,0,0,0,79.65,74.1,0,0,0,0,19-APR-2021,
OPTSTK,GRANULES,27-May-2021,415,PE,0,0,0,84.6,78.35,0,0,0,0,19-APR-2021,
OPTSTK,GRANULES,27-May-2021,420,PE,0,0,0,89.55,82.65,0,0,0,0,19-APR-2021,
OPTSTK,GRANULES,27-May-2021,425,PE,0,0,0,94.5,87.05,0,0,0,0,19-APR-2021,
OPTSTK,GRANULES,27-May-2021,430,PE,0,0,0,99.45,91.5,0,0,0,0,19-APR-2021,
OPTSTK,GRANULES,24-Jun-2021,230,CE,0,0,0,84.15,114.75,0,0,0,0,19-APR-2021,
OPTSTK,GRANULES,24-Jun-2021,235,CE,0,0,0,80.25,110.2,0,0,0,0,19-APR-2021,
OPTSTK,GRANULES,24-Jun-2021,240,CE,0,0,0,76.45,105.7,0,0,0,0,19-APR-2021,
OPTSTK,GRANULES,24-Jun-2021,245,CE,0,0,0,72.8,101.25,0,0,0,0,19-APR-2021,
OPTSTK,GRANULES,24-Jun-2021,250,CE,0,0,0,69.25,96.9,0,0,0,0,19-APR-2021,
OPTSTK,GRANULES,24-Jun-2021,255,CE,0,0,0,65.8,92.65,0,0,0,0,19-APR-2021,
OPTSTK,GRANULES,24-Jun-2021,260,CE,0,0,0,62.45,88.5,0,0,0,0,19-APR-2021,
OPTSTK,GRANULES,24-Jun-2021,265,CE,0,0,0,59.2,84.4,0,0,0,0,19-APR-2021,
OPTSTK,GRANULES,24-Jun-2021,270,CE,0,0,0,56.1,80.45,0,0,0,0,19-APR-2021,
OPTSTK,GRANULES,24-Jun-2021,275,CE,0,0,0,53.15,76.55,0,0,0,0,19-APR-2021,
OPTSTK,GRANULES,24-Jun-2021,280,CE,0,0,0,50.25,72.8,0,0,0,0,19-APR-2021,
OPTSTK,GRANULES,24-Jun-2021,285,CE,0,0,0,47.5,69.15,0,0,0,0,19-APR-2021,
OPTSTK,GRANULES,24-Jun-2021,290,CE,0,0,0,44.9,65.55,0,0,0,0,19-APR-2021,
OPTSTK,GRANULES,24-Jun-2021,295,CE,0,0,0,42.35,62.15,0,0,0,0,19-APR-2021,
OPTSTK,GRANULES,24-Jun-2021,300,CE,0,0,0,39.95,58.8,0,0,0,0,19-APR-2021,
OPTSTK,GRANULES,24-Jun-2021,305,CE,0,0,0,37.65,55.6,0,0,0,0,19-APR-2021,
OPTSTK,GRANULES,24-Jun-2021,310,CE,0,0,0,35.45,52.55,0,0,0,0,19-APR-2021,
OPTSTK,GRANULES,24-Jun-2021,315,CE,0,0,0,33.4,49.55,0,0,0,0,19-APR-2021,
OPTSTK,GRANULES,24-Jun-2021,320,CE,0,0,0,31.4,46.75,0,0,0,0,19-APR-2021,
OPTSTK,GRANULES,24-Jun-2021,325,CE,0,0,0,29.5,44,0,0,0,0,19-APR-2021,
OPTSTK,GRANULES,24-Jun-2021,330,CE,0,0,0,27.7,41.4,0,0,0,0,19-APR-2021,
OPTSTK,GRANULES,24-Jun-2021,335,CE,0,0,0,26,38.95,0,0,0,0,19-APR-2021,
OPTSTK,GRANULES,24-Jun-2021,340,CE,0,0,0,24.4,36.55,0,0,0,0,19-APR-2021,
OPTSTK,GRANULES,24-Jun-2021,345,CE,0,0,0,22.9,34.3,0,0,0,0,19-APR-2021,
OPTSTK,GRANULES,24-Jun-2021,350,CE,0,0,0,21.45,32.15,0,0,0,0,19-APR-2021,
OPTSTK,GRANULES,24-Jun-2021,355,CE,0,0,0,20.1,30.1,0,0,0,0,19-APR-2021,
OPTSTK,GRANULES,24-Jun-2021,360,CE,0,0,0,18.85,28.2,0,0,0,0,19-APR-2021,
OPTSTK,GRANULES,24-Jun-2021,365,CE,0,0,0,17.65,26.35,0,0,0,0,19-APR-2021,
OPTSTK,GRANULES,24-Jun-2021,370,CE,0,0,0,16.5,24.65,0,0,0,0,19-APR-2021,
OPTSTK,GRANULES,24-Jun-2021,375,CE,0,0,0,15.4,23,0,0,0,0,19-APR-2021,
OPTSTK,GRANULES,24-Jun-2021,380,CE,0,0,0,14.4,21.45,0,0,0,0,19-APR-2021,
OPTSTK,GRANULES,24-Jun-2021,385,CE,0,0,0,13.45,20,0,0,0,0,19-APR-2021,
OPTSTK,GRANULES,24-Jun-2021,390,CE,0,0,0,12.6,18.65,0,0,0,0,19-APR-2021,
OPTSTK,GRANULES,24-Jun-2021,395,CE,0,0,0,11.75,17.35,0,0,0,0,19-APR-2021,
OPTSTK,GRANULES,24-Jun-2021,400,CE,0,0,0,10.95,16.15,0,0,0,0,19-APR-2021,
OPTSTK,GRANULES,24-Jun-2021,405,CE,0,0,0,10.2,15,0,0,0,0,19-APR-2021,
OPTSTK,GRANULES,24-Jun-2021,410,CE,0,0,0,9.55,13.95,0,0,0,0,19-APR-2021,
OPTSTK,GRANULES,24-Jun-2021,415,CE,0,0,0,8.9,12.95,0,0,0,0,19-APR-2021,
OPTSTK,GRANULES,24-Jun-2021,420,CE,0,0,0,8.3,12.05,0,0,0,0,19-APR-2021,
OPTSTK,GRANULES,24-Jun-2021,425,CE,0,0,0,7.7,11.15,0,0,0,0,19-APR-2021,
OPTSTK,GRANULES,24-Jun-2021,430,CE,0,0,0,7.2,10.35,0,0,0,0,19-APR-2021,
OPTSTK,GRANULES,24-Jun-2021,230,PE,0,0,0,6.9,1.85,0,0,0,0,19-APR-2021,
OPTSTK,GRANULES,24-Jun-2021,235,PE,0,0,0,7.95,2.25,0,0,0,0,19-APR-2021,
OPTSTK,GRANULES,24-Jun-2021,240,PE,0,0,0,9.15,2.7,0,0,0,0,19-APR-2021,
OPTSTK,GRANULES,24-Jun-2021,245,PE,0,0,0,10.4,3.25,0,0,0,0,19-APR-2021,
OPTSTK,GRANULES,24-Jun-2021,250,PE,0,0,0,11.8,3.9,0,0,0,0,19-APR-2021,
OPTSTK,GRANULES,24-Jun-2021,255,PE,0,0,0,13.3,4.6,0,0,0,0,19-APR-2021,
OPTSTK,GRANULES,24-Jun-2021,260,PE,0,0,0,14.95,5.4,0,0,0,0,19-APR-2021,
OPTSTK,GRANULES,24-Jun-2021,265,PE,0,0,0,16.65,6.25,0,0,0,0,19-APR-2021,
OPTSTK,GRANULES,24-Jun-2021,270,PE,0,0,0,18.5,7.25,0,0,0,0,19-APR-2021,
OPTSTK,GRANULES,24-Jun-2021,275,PE,0,0,0,20.5,8.35,0,0,0,0,19-APR-2021,
OPTSTK,GRANULES,24-Jun-2021,280,PE,0,0,0,22.55,9.55,0,0,0,0,19-APR-2021,
OPTSTK,GRANULES,24-Jun-2021,285,PE,0,0,0,24.75,10.85,0,0,0,0,19-APR-2021,
OPTSTK,GRANULES,24-Jun-2021,290,PE,0,0,0,27.1,12.25,0,0,0,0,19-APR-2021,
OPTSTK,GRANULES,24-Jun-2021,295,PE,0,0,0,29.5,13.8,0,0,0,0,19-APR-2021,
OPTSTK,GRANULES,24-Jun-2021,300,PE,0,0,0,32.05,15.45,0,0,0,0,19-APR-2021,
OPTSTK,GRANULES,24-Jun-2021,305,PE,0,0,0,34.7,17.2,0,0,0,0,19-APR-2021,
OPTSTK,GRANULES,24-Jun-2021,310,PE,0,0,0,37.5,19.1,0,0,0,0,19-APR-2021,
OPTSTK,GRANULES,24-Jun-2021,315,PE,0,0,0,40.35,21.1,0,0,0,0,19-APR-2021,
OPTSTK,GRANULES,24-Jun-2021,320,PE,0,0,0,43.3,23.2,0,0,0,0,19-APR-2021,
OPTSTK,GRANULES,24-Jun-2021,325,PE,0,0,0,46.4,25.45,0,0,0,0,19-APR-2021,
OPTSTK,GRANULES,24-Jun-2021,330,PE,0,0,0,29,27.85,0,0,9300,0,19-APR-2021,
OPTSTK,GRANULES,24-Jun-2021,335,PE,0,0,0,52.8,30.3,0,0,0,0,19-APR-2021,
OPTSTK,GRANULES,24-Jun-2021,340,PE,0,0,0,56.15,32.9,0,0,0,0,19-APR-2021,
OPTSTK,GRANULES,24-Jun-2021,345,PE,0,0,0,59.6,35.6,0,0,0,0,19-APR-2021,
OPTSTK,GRANULES,24-Jun-2021,350,PE,0,0,0,63.1,38.45,0,0,0,0,19-APR-2021,
OPTSTK,GRANULES,24-Jun-2021,355,PE,0,0,0,66.7,41.35,0,0,0,0,19-APR-2021,
OPTSTK,GRANULES,24-Jun-2021,360,PE,0,0,0,70.4,44.4,0,0,0,0,19-APR-2021,
OPTSTK,GRANULES,24-Jun-2021,365,PE,0,0,0,74.15,47.55,0,0,0,0,19-APR-2021,
OPTSTK,GRANULES,24-Jun-2021,370,PE,0,0,0,77.95,50.8,0,0,0,0,19-APR-2021,
OPTSTK,GRANULES,24-Jun-2021,375,PE,0,0,0,81.85,54.1,0,0,0,0,19-APR-2021,
OPTSTK,GRANULES,24-Jun-2021,380,PE,0,0,0,85.8,57.55,0,0,0,0,19-APR-2021,
OPTSTK,GRANULES,24-Jun-2021,385,PE,0,0,0,89.8,61.05,0,0,0,0,19-APR-2021,
OPTSTK,GRANULES,24-Jun-2021,390,PE,0,0,0,93.85,64.65,0,0,0,0,19-APR-2021,
OPTSTK,GRANULES,24-Jun-2021,395,PE,0,0,0,97.95,68.35,0,0,0,0,19-APR-2021,
OPTSTK,GRANULES,24-Jun-2021,400,PE,0,0,0,102.15,72.1,0,0,0,0,19-APR-2021,
OPTSTK,GRANULES,24-Jun-2021,405,PE,0,0,0,106.35,75.95,0,0,0,0,19-APR-2021,
OPTSTK,GRANULES,24-Jun-2021,410,PE,0,0,0,110.6,79.85,0,0,0,0,19-APR-2021,
OPTSTK,GRANULES,24-Jun-2021,415,PE,0,0,0,114.95,83.8,0,0,0,0,19-APR-2021,
OPTSTK,GRANULES,24-Jun-2021,420,PE,0,0,0,119.3,87.85,0,0,0,0,19-APR-2021,
OPTSTK,GRANULES,24-Jun-2021,425,PE,0,0,0,123.65,91.95,0,0,0,0,19-APR-2021,
OPTSTK,GRANULES,24-Jun-2021,430,PE,0,0,0,128.1,96.1,0,0,0,0,19-APR-2021,
OPTSTK,GRASIM,29-Apr-2021,690,CE,0,0,0,386.2,635.4,0,0,0,0,19-APR-2021,
OPTSTK,GRASIM,29-Apr-2021,700,CE,0,0,0,376.75,625.4,0,0,0,0,19-APR-2021,
OPTSTK,GRASIM,29-Apr-2021,710,CE,0,0,0,367.3,615.45,0,0,0,0,19-APR-2021,
OPTSTK,GRASIM,29-Apr-2021,720,CE,0,0,0,357.95,605.45,0,0,0,0,19-APR-2021,
OPTSTK,GRASIM,29-Apr-2021,730,CE,0,0,0,348.65,595.45,0,0,0,0,19-APR-2021,
OPTSTK,GRASIM,29-Apr-2021,740,CE,0,0,0,339.4,585.45,0,0,0,0,19-APR-2021,
OPTSTK,GRASIM,29-Apr-2021,750,CE,0,0,0,330.25,575.45,0,0,0,0,19-APR-2021,
OPTSTK,GRASIM,29-Apr-2021,760,CE,0,0,0,321.2,565.5,0,0,0,0,19-APR-2021,
OPTSTK,GRASIM,29-Apr-2021,770,CE,0,0,0,312.2,555.5,0,0,0,0,19-APR-2021,
OPTSTK,GRASIM,29-Apr-2021,780,CE,0,0,0,303.35,545.5,0,0,0,0,19-APR-2021,
OPTSTK,GRASIM,29-Apr-2021,790,CE,0,0,0,294.55,535.5,0,0,0,0,19-APR-2021,
OPTSTK,GRASIM,29-Apr-2021,800,CE,0,0,0,285.85,525.5,0,0,0,0,19-APR-2021,
OPTSTK,GRASIM,29-Apr-2021,810,CE,0,0,0,277.3,515.55,0,0,0,0,19-APR-2021,
OPTSTK,GRASIM,29-Apr-2021,820,CE,0,0,0,268.85,505.55,0,0,0,0,19-APR-2021,
OPTSTK,GRASIM,29-Apr-2021,830,CE,0,0,0,260.5,495.55,0,0,0,0,19-APR-2021,
OPTSTK,GRASIM,29-Apr-2021,840,CE,0,0,0,252.3,485.55,0,0,0,0,19-APR-2021,
OPTSTK,GRASIM,29-Apr-2021,850,CE,0,0,0,244.2,475.55,0,0,0,0,19-APR-2021,
OPTSTK,GRASIM,29-Apr-2021,860,CE,0,0,0,236.25,465.55,0,0,0,0,19-APR-2021,
OPTSTK,GRASIM,29-Apr-2021,870,CE,0,0,0,228.45,455.6,0,0,0,0,19-APR-2021,
OPTSTK,GRASIM,29-Apr-2021,880,CE,0,0,0,220.75,445.6,0,0,0,0,19-APR-2021,
OPTSTK,GRASIM,29-Apr-2021,890,CE,0,0,0,213.2,435.6,0,0,0,0,19-APR-2021,
OPTSTK,GRASIM,29-Apr-2021,900,CE,0,0,0,205.85,425.6,0,0,0,0,19-APR-2021,
OPTSTK,GRASIM,29-Apr-2021,910,CE,0,0,0,198.6,415.6,0,0,0,0,19-APR-2021,
OPTSTK,GRASIM,29-Apr-2021,920,CE,0,0,0,191.55,405.65,0,0,0,0,19-APR-2021,
OPTSTK,GRASIM,29-Apr-2021,930,CE,0,0,0,184.6,395.65,0,0,0,0,19-APR-2021,
OPTSTK,GRASIM,29-Apr-2021,940,CE,0,0,0,177.85,385.65,0,0,0,0,19-APR-2021,
OPTSTK,GRASIM,29-Apr-2021,950,CE,0,0,0,171.15,375.65,0,0,0,0,19-APR-2021,
OPTSTK,GRASIM,29-Apr-2021,960,CE,0,0,0,164.7,365.65,0,0,0,0,19-APR-2021,
OPTSTK,GRASIM,29-Apr-2021,970,CE,0,0,0,158.45,355.7,0,0,0,0,19-APR-2021,
OPTSTK,GRASIM,29-Apr-2021,980,CE,0,0,0,152.3,345.7,0,0,0,0,19-APR-2021,
OPTSTK,GRASIM,29-Apr-2021,990,CE,0,0,0,146.35,335.7,0,0,0,0,19-APR-2021,
OPTSTK,GRASIM,29-Apr-2021,1000,CE,0,0,0,400,325.7,0,0,1900,0,19-APR-2021,
OPTSTK,GRASIM,29-Apr-2021,1010,CE,0,0,0,134.9,315.75,0,0,0,0,19-APR-2021,
OPTSTK,GRASIM,29-Apr-2021,1020,CE,0,0,0,129.45,305.75,0,0,0,0,19-APR-2021,
OPTSTK,GRASIM,29-Apr-2021,1030,CE,0,0,0,124.15,295.75,0,0,0,0,19-APR-2021,
OPTSTK,GRASIM,29-Apr-2021,1040,CE,0,0,0,119,285.75,0,0,0,0,19-APR-2021,
OPTSTK,GRASIM,29-Apr-2021,1050,CE,0,0,0,114,275.8,0,0,0,0,19-APR-2021,
OPTSTK,GRASIM,29-Apr-2021,1060,CE,0,0,0,109.15,265.8,0,0,0,0,19-APR-2021,
OPTSTK,GRASIM,29-Apr-2021,1070,CE,0,0,0,104.5,255.85,0,0,0,0,19-APR-2021,
OPTSTK,GRASIM,29-Apr-2021,1080,CE,0,0,0,99.95,245.9,0,0,0,0,19-APR-2021,
OPTSTK,GRASIM,29-Apr-2021,1090,CE,0,0,0,95.6,235.95,0,0,0,0,19-APR-2021,
OPTSTK,GRASIM,29-Apr-2021,1100,CE,223.5,223.5,223.5,223.5,226,1,12.57,3800,0,19-APR-2021,
OPTSTK,GRASIM,29-Apr-2021,1110,CE,0,0,0,87.3,216.1,0,0,0,0,19-APR-2021,
OPTSTK,GRASIM,29-Apr-2021,1120,CE,0,0,0,83.4,206.25,0,0,0,0,19-APR-2021,
OPTSTK,GRASIM,29-Apr-2021,1130,CE,0,0,0,79.6,196.4,0,0,0,0,19-APR-2021,
OPTSTK,GRASIM,29-Apr-2021,1140,CE,0,0,0,255,186.65,0,0,950,0,19-APR-2021,
OPTSTK,GRASIM,29-Apr-2021,1150,CE,0,0,0,72.45,176.95,0,0,0,0,19-APR-2021,
OPTSTK,GRASIM,29-Apr-2021,1160,CE,0,0,0,69.1,167.35,0,0,0,0,19-APR-2021,
OPTSTK,GRASIM,29-Apr-2021,1170,CE,0,0,0,65.85,157.8,0,0,0,0,19-APR-2021,
OPTSTK,GRASIM,29-Apr-2021,1180,CE,0,0,0,62.7,148.45,0,0,0,0,19-APR-2021,
OPTSTK,GRASIM,29-Apr-2021,1190,CE,0,0,0,59.75,139.2,0,0,0,0,19-APR-2021,
OPTSTK,GRASIM,29-Apr-2021,1200,CE,0,0,0,200,130.1,0,0,1900,0,19-APR-2021,
OPTSTK,GRASIM,29-Apr-2021,1210,CE,0,0,0,54.1,121.2,0,0,0,0,19-APR-2021,
OPTSTK,GRASIM,29-Apr-2021,1220,CE,0,0,0,51.45,112.55,0,0,0,0,19-APR-2021,
OPTSTK,GRASIM,29-Apr-2021,1230,CE,0,0,0,49,104.1,0,0,0,0,19-APR-2021,
OPTSTK,GRASIM,29-Apr-2021,1240,CE,0,0,0,46.6,95.95,0,0,0,0,19-APR-2021,
OPTSTK,GRASIM,29-Apr-2021,1250,CE,0,0,0,44.25,88.1,0,0,0,0,19-APR-2021,
OPTSTK,GRASIM,29-Apr-2021,1260,CE,0,0,0,140,80.6,0,0,13300,0,19-APR-2021,
OPTSTK,GRASIM,29-Apr-2021,1270,CE,0,0,0,39.95,73.35,0,0,0,0,19-APR-2021,
OPTSTK,GRASIM,29-Apr-2021,1280,CE,0,0,0,37.95,66.5,0,0,0,0,19-APR-2021,
OPTSTK,GRASIM,29-Apr-2021,1290,CE,0,0,0,36,60.05,0,0,0,0,19-APR-2021,
OPTSTK,GRASIM,29-Apr-2021,1300,CE,52,57,34.9,43.5,43.5,37,471.08,19000,7600,19-APR-2021,
OPTSTK,GRASIM,29-Apr-2021,1310,CE,0,0,0,32.35,48.3,0,0,0,0,19-APR-2021,
OPTSTK,GRASIM,29-Apr-2021,1320,CE,35.75,39.8,24.3,32.7,32.7,86,1103.07,21850,5700,19-APR-2021,
OPTSTK,GRASIM,29-Apr-2021,1330,CE,30.15,37.6,21.95,26.25,26.25,19,244.59,4750,0,19-APR-2021,
OPTSTK,GRASIM,29-Apr-2021,1340,CE,25,32.1,16.85,22.35,22.35,98,1267,39900,9500,19-APR-2021,
OPTSTK,GRASIM,29-Apr-2021,1350,CE,21.45,21.45,13.75,18.4,18.4,42,545.36,39900,3800,19-APR-2021,
OPTSTK,GRASIM,29-Apr-2021,1360,CE,24.3,24.3,11.35,14.6,14.6,287,3750.31,50350,26600,19-APR-2021,
OPTSTK,GRASIM,29-Apr-2021,1370,CE,12.5,19,0.05,12.25,12.25,131,1721.61,15200,-3800,19-APR-2021,
OPTSTK,GRASIM,29-Apr-2021,1380,CE,9.1,15,7.45,9.7,9.7,318,4200.66,97850,12350,19-APR-2021,
OPTSTK,GRASIM,29-Apr-2021,1390,CE,8.95,11.95,6.25,8.1,8.1,139,1846.9,34200,-8550,19-APR-2021,
OPTSTK,GRASIM,29-Apr-2021,1400,CE,7,10.2,5.25,6.7,6.7,731,9771.64,250800,-7600,19-APR-2021,
OPTSTK,GRASIM,29-Apr-2021,1410,CE,4.7,4.7,4.25,4.25,12.25,2,26.87,11400,0,19-APR-2021,
OPTSTK,GRASIM,29-Apr-2021,1420,CE,1.15,7.05,1.15,4.6,4.6,243,3290.18,55100,-14250,19-APR-2021,
OPTSTK,GRASIM,29-Apr-2021,1430,CE,7.7,7.7,3.2,4.7,8.75,4,54.51,23750,950,19-APR-2021,
OPTSTK,GRASIM,29-Apr-2021,1440,CE,0.85,4.55,0.85,3.35,3.35,132,1810.13,83600,-4750,19-APR-2021,
OPTSTK,GRASIM,29-Apr-2021,1450,CE,5,5,2.1,3.05,3.05,319,4403.94,138700,-24700,19-APR-2021,
OPTSTK,GRASIM,29-Apr-2021,1460,CE,2.25,3.6,2.2,2.75,2.75,55,764.25,113050,-10450,19-APR-2021,
OPTSTK,GRASIM,29-Apr-2021,1470,CE,3,3,1.55,1.75,1.75,9,125.85,19950,-950,19-APR-2021,
OPTSTK,GRASIM,29-Apr-2021,1480,CE,1.75,2.2,1.75,2,3.5,6,84.47,45600,-2850,19-APR-2021,
OPTSTK,GRASIM,29-Apr-2021,1490,CE,0,0,0,2.3,2.85,0,0,4750,0,19-APR-2021,
OPTSTK,GRASIM,29-Apr-2021,1500,CE,1.7,2.55,1.65,1.8,1.8,239,3410.11,337250,-54150,19-APR-2021,
OPTSTK,GRASIM,29-Apr-2021,1510,CE,0,0,0,15.9,1.9,0,0,0,0,19-APR-2021,
OPTSTK,GRASIM,29-Apr-2021,1520,CE,2.5,3.95,2.5,3.95,1.55,2,28.94,16150,-950,19-APR-2021,
OPTSTK,GRASIM,29-Apr-2021,1530,CE,0,0,0,24.3,1.25,0,0,0,0,19-APR-2021,
OPTSTK,GRASIM,29-Apr-2021,1540,CE,0.9,1.3,0.9,1.2,1.2,6,87.84,20900,-1900,19-APR-2021,
OPTSTK,GRASIM,29-Apr-2021,1550,CE,0,0,0,21.95,0.8,0,0,0,0,19-APR-2021,
OPTSTK,GRASIM,29-Apr-2021,1560,CE,0.7,0.85,0.55,0.6,0.65,6,88.95,12350,-950,19-APR-2021,
OPTSTK,GRASIM,29-Apr-2021,1570,CE,0,0,0,19.8,0.5,0,0,0,0,19-APR-2021,
OPTSTK,GRASIM,29-Apr-2021,1580,CE,0,0,0,2.55,0.4,0,0,3800,0,19-APR-2021,
OPTSTK,GRASIM,29-Apr-2021,1590,CE,0,0,0,18.6,0.3,0,0,0,0,19-APR-2021,
OPTSTK,GRASIM,29-Apr-2021,1600,CE,0.45,1.05,0.45,1,1,24,364.97,92150,-8550,19-APR-2021,
OPTSTK,GRASIM,29-Apr-2021,1620,CE,0,0,0,0.9,0.15,0,0,4750,0,19-APR-2021,
OPTSTK,GRASIM,29-Apr-2021,1640,CE,0,0,0,4.95,0.1,0,0,950,0,19-APR-2021,
OPTSTK,GRASIM,29-Apr-2021,1660,CE,0,0,0,13.45,0.05,0,0,0,0,19-APR-2021,
OPTSTK,GRASIM,29-Apr-2021,1680,CE,0,0,0,14.1,0.05,0,0,0,0,19-APR-2021,
OPTSTK,GRASIM,29-Apr-2021,1700,CE,0,0,0,12.4,0.05,0,0,0,0,19-APR-2021,
OPTSTK,GRASIM,29-Apr-2021,1720,CE,0,0,0,14,0.05,0,0,0,0,19-APR-2021,
OPTSTK,GRASIM,29-Apr-2021,1740,CE,0,0,0,11.65,0,0,0,0,0,19-APR-2021,
OPTSTK,GRASIM,29-Apr-2021,690,PE,0,0,0,2.45,0,0,0,0,0,19-APR-2021,
OPTSTK,GRASIM,29-Apr-2021,700,PE,0,0,0,2.85,0,0,0,0,0,19-APR-2021,
OPTSTK,GRASIM,29-Apr-2021,710,PE,0,0,0,3.35,0,0,0,0,0,19-APR-2021,
OPTSTK,GRASIM,29-Apr-2021,720,PE,0,0,0,3.9,0,0,0,0,0,19-APR-2021,
OPTSTK,GRASIM,29-Apr-2021,730,PE,0,0,0,4.5,0,0,0,0,0,19-APR-2021,
OPTSTK,GRASIM,29-Apr-2021,740,PE,0,0,0,5.15,0,0,0,0,0,19-APR-2021,
OPTSTK,GRASIM,29-Apr-2021,750,PE,0,0,0,5.95,0,0,0,0,0,19-APR-2021,
OPTSTK,GRASIM,29-Apr-2021,760,PE,0,0,0,6.75,0,0,0,0,0,19-APR-2021,
OPTSTK,GRASIM,29-Apr-2021,770,PE,0,0,0,7.7,0,0,0,0,0,19-APR-2021,
OPTSTK,GRASIM,29-Apr-2021,780,PE,0,0,0,8.7,0,0,0,0,0,19-APR-2021,
OPTSTK,GRASIM,29-Apr-2021,790,PE,0,0,0,9.85,0,0,0,0,0,19-APR-2021,
OPTSTK,GRASIM,29-Apr-2021,800,PE,0,0,0,0.5,0,0,0,1900,0,19-APR-2021,
OPTSTK,GRASIM,29-Apr-2021,810,PE,0,0,0,12.4,0,0,0,0,0,19-APR-2021,
OPTSTK,GRASIM,29-Apr-2021,820,PE,0,0,0,13.85,0,0,0,0,0,19-APR-2021,
OPTSTK,GRASIM,29-Apr-2021,830,PE,0,0,0,15.4,0,0,0,0,0,19-APR-2021,
OPTSTK,GRASIM,29-Apr-2021,840,PE,0,0,0,17.1,0,0,0,0,0,19-APR-2021,
OPTSTK,GRASIM,29-Apr-2021,850,PE,0,0,0,18.95,0,0,0,0,0,19-APR-2021,
OPTSTK,GRASIM,29-Apr-2021,860,PE,0,0,0,20.9,0,0,0,0,0,19-APR-2021,
OPTSTK,GRASIM,29-Apr-2021,870,PE,0,0,0,23,0,0,0,0,0,19-APR-2021,
OPTSTK,GRASIM,29-Apr-2021,880,PE,0,0,0,25.2,0,0,0,0,0,19-APR-2021,
OPTSTK,GRASIM,29-Apr-2021,890,PE,0,0,0,27.6,0,0,0,0,0,19-APR-2021,
OPTSTK,GRASIM,29-Apr-2021,900,PE,0,0,0,30.15,0,0,0,0,0,19-APR-2021,
OPTSTK,GRASIM,29-Apr-2021,910,PE,0,0,0,32.8,0,0,0,0,0,19-APR-2021,
OPTSTK,GRASIM,29-Apr-2021,920,PE,0,0,0,35.6,0,0,0,0,0,19-APR-2021,
OPTSTK,GRASIM,29-Apr-2021,930,PE,0,0,0,38.6,0,0,0,0,0,19-APR-2021,
OPTSTK,GRASIM,29-Apr-2021,940,PE,0,0,0,41.75,0,0,0,0,0,19-APR-2021,
OPTSTK,GRASIM,29-Apr-2021,950,PE,0,0,0,45,0,0,0,0,0,19-APR-2021,
OPTSTK,GRASIM,29-Apr-2021,960,PE,0,0,0,48.45,0,0,0,0,0,19-APR-2021,
OPTSTK,GRASIM,29-Apr-2021,970,PE,0,0,0,52.05,0,0,0,0,0,19-APR-2021,
OPTSTK,GRASIM,29-Apr-2021,980,PE,0,0,0,55.85,0,0,0,0,0,19-APR-2021,
OPTSTK,GRASIM,29-Apr-2021,990,PE,0,0,0,59.8,0,0,0,0,0,19-APR-2021,
OPTSTK,GRASIM,29-Apr-2021,1000,PE,0,0,0,63.9,0,0,0,0,0,19-APR-2021,
OPTSTK,GRASIM,29-Apr-2021,1010,PE,0,0,0,68.15,0,0,0,0,0,19-APR-2021,
OPTSTK,GRASIM,29-Apr-2021,1020,PE,0,0,0,72.6,0.05,0,0,0,0,19-APR-2021,
OPTSTK,GRASIM,29-Apr-2021,1030,PE,0,0,0,77.2,0.05,0,0,0,0,19-APR-2021,
OPTSTK,GRASIM,29-Apr-2021,1040,PE,0,0,0,81.95,0.05,0,0,0,0,19-APR-2021,
OPTSTK,GRASIM,29-Apr-2021,1050,PE,0,0,0,86.85,0.05,0,0,0,0,19-APR-2021,
OPTSTK,GRASIM,29-Apr-2021,1060,PE,0,0,0,91.95,0.05,0,0,0,0,19-APR-2021,
OPTSTK,GRASIM,29-Apr-2021,1070,PE,0,0,0,97.2,0.1,0,0,0,0,19-APR-2021,
OPTSTK,GRASIM,29-Apr-2021,1080,PE,0,0,0,102.55,0.1,0,0,0,0,19-APR-2021,
OPTSTK,GRASIM,29-Apr-2021,1090,PE,0,0,0,108.1,0.15,0,0,0,0,19-APR-2021,
OPTSTK,GRASIM,29-Apr-2021,1100,PE,1,2,1,1.3,1.3,8,83.7,17100,0,19-APR-2021,
OPTSTK,GRASIM,29-Apr-2021,1110,PE,0,0,0,119.65,0.3,0,0,0,0,19-APR-2021,
OPTSTK,GRASIM,29-Apr-2021,1120,PE,0,0,0,125.6,0.45,0,0,0,0,19-APR-2021,
OPTSTK,GRASIM,29-Apr-2021,1130,PE,0,0,0,131.75,0.6,0,0,0,0,19-APR-2021,
OPTSTK,GRASIM,29-Apr-2021,1140,PE,0,0,0,138,0.8,0,0,0,0,19-APR-2021,
OPTSTK,GRASIM,29-Apr-2021,1150,PE,0,0,0,144.4,1.1,0,0,0,0,19-APR-2021,
OPTSTK,GRASIM,29-Apr-2021,1160,PE,0,0,0,150.95,1.5,0,0,0,0,19-APR-2021,
OPTSTK,GRASIM,29-Apr-2021,1170,PE,0,0,0,157.6,1.95,0,0,0,0,19-APR-2021,
OPTSTK,GRASIM,29-Apr-2021,1180,PE,0,0,0,164.4,2.55,0,0,0,0,19-APR-2021,
OPTSTK,GRASIM,29-Apr-2021,1190,PE,0,0,0,171.3,3.3,0,0,0,0,19-APR-2021,
OPTSTK,GRASIM,29-Apr-2021,1200,PE,4.1,6.45,2.85,3.2,3.2,379,4336.63,149150,21850,19-APR-2021,
OPTSTK,GRASIM,29-Apr-2021,1210,PE,0,0,0,185.5,5.3,0,0,0,0,19-APR-2021,
OPTSTK,GRASIM,29-Apr-2021,1220,PE,0,0,0,192.8,6.65,0,0,0,0,19-APR-2021,
OPTSTK,GRASIM,29-Apr-2021,1230,PE,0,0,0,200.2,8.2,0,0,0,0,19-APR-2021,
OPTSTK,GRASIM,29-Apr-2021,1240,PE,0,0,0,207.7,10.05,0,0,0,0,19-APR-2021,
OPTSTK,GRASIM,29-Apr-2021,1250,PE,9,10.35,8,8,12.15,20,239.27,32300,7600,19-APR-2021,
OPTSTK,GRASIM,29-Apr-2021,1260,PE,0,0,0,223,14.65,0,0,0,0,19-APR-2021,
OPTSTK,GRASIM,29-Apr-2021,1270,PE,3.05,14.8,3.05,14.3,17.4,5,60.86,1900,-950,19-APR-2021,
OPTSTK,GRASIM,29-Apr-2021,1280,PE,15.7,17.95,10.5,11.3,11.3,404,4974.13,22800,18050,19-APR-2021,
OPTSTK,GRASIM,29-Apr-2021,1290,PE,18.4,21.4,12.05,13.1,13.1,20,248.5,6650,4750,19-APR-2021,
OPTSTK,GRASIM,29-Apr-2021,1300,PE,17.3,25.4,15.1,16.25,16.25,2075,26042.19,261250,-52250,19-APR-2021,
OPTSTK,GRASIM,29-Apr-2021,1310,PE,24,30.6,19.8,19.8,19.8,48,609.24,15200,3800,19-APR-2021,
OPTSTK,GRASIM,29-Apr-2021,1320,PE,25.7,35.1,22.9,23.1,23.1,73,935.1,25650,5700,19-APR-2021,
OPTSTK,GRASIM,29-Apr-2021,1330,PE,39.95,39.95,29,33.75,42.1,28,362.71,18050,-6650,19-APR-2021,
OPTSTK,GRASIM,29-Apr-2021,1340,PE,31,48.35,31,32.5,32.5,58,759.41,36100,-14250,19-APR-2021,
OPTSTK,GRASIM,29-Apr-2021,1350,PE,37.45,54.2,36.95,43.7,53.5,73,966.68,62700,-7600,19-APR-2021,
OPTSTK,GRASIM,29-Apr-2021,1360,PE,46.85,56.6,44.8,49.75,59.75,12,160.69,23750,-4750,19-APR-2021,
OPTSTK,GRASIM,29-Apr-2021,1370,PE,47.2,47.2,47.2,47.2,66.4,1,13.46,11400,0,19-APR-2021,
OPTSTK,GRASIM,29-Apr-2021,1380,PE,77.8,77.8,59.95,59.95,59.95,8,110.53,45600,-1900,19-APR-2021,
OPTSTK,GRASIM,29-Apr-2021,1390,PE,69.35,81.8,69.35,76.15,80.65,5,69.56,15200,-2850,19-APR-2021,
OPTSTK,GRASIM,29-Apr-2021,1400,PE,80,95,70.05,78,78,26,365.91,107350,-1900,19-APR-2021,
OPTSTK,GRASIM,29-Apr-2021,1410,PE,0,0,0,84.65,96.15,0,0,14250,0,19-APR-2021,
OPTSTK,GRASIM,29-Apr-2021,1420,PE,90,110.55,90,110.55,104.25,4,57.86,54150,-950,19-APR-2021,
OPTSTK,GRASIM,29-Apr-2021,1430,PE,0,0,0,65.75,112.65,0,0,8550,0,19-APR-2021,
OPTSTK,GRASIM,29-Apr-2021,1440,PE,130,130,110.1,110.1,110.1,9,133.52,101650,-6650,19-APR-2021,
OPTSTK,GRASIM,29-Apr-2021,1450,PE,130.95,139,124,124.05,124.05,15,224.85,55100,-11400,19-APR-2021,
OPTSTK,GRASIM,29-Apr-2021,1460,PE,0,0,0,46.15,139,0,0,11400,0,19-APR-2021,
OPTSTK,GRASIM,29-Apr-2021,1470,PE,0,0,0,351.1,148.1,0,0,0,0,19-APR-2021,
OPTSTK,GRASIM,29-Apr-2021,1480,PE,0,0,0,359.95,157.35,0,0,0,0,19-APR-2021,
OPTSTK,GRASIM,29-Apr-2021,1490,PE,0,0,0,368.9,166.7,0,0,0,0,19-APR-2021,
OPTSTK,GRASIM,29-Apr-2021,1500,PE,0,0,0,377.85,176.15,0,0,0,0,19-APR-2021,
OPTSTK,GRASIM,29-Apr-2021,1510,PE,0,0,0,386.85,185.7,0,0,0,0,19-APR-2021,
OPTSTK,GRASIM,29-Apr-2021,1520,PE,0,0,0,342.2,195.35,0,0,0,0,19-APR-2021,
OPTSTK,GRASIM,29-Apr-2021,1530,PE,0,0,0,350.85,205.05,0,0,0,0,19-APR-2021,
OPTSTK,GRASIM,29-Apr-2021,1540,PE,0,0,0,359.55,214.75,0,0,0,0,19-APR-2021,
OPTSTK,GRASIM,29-Apr-2021,1550,PE,0,0,0,368.35,224.55,0,0,0,0,19-APR-2021,
OPTSTK,GRASIM,29-Apr-2021,1560,PE,0,0,0,377.15,234.4,0,0,0,0,19-APR-2021,
OPTSTK,GRASIM,29-Apr-2021,1570,PE,0,0,0,386,244.25,0,0,0,0,19-APR-2021,
OPTSTK,GRASIM,29-Apr-2021,1580,PE,0,0,0,375.85,254.15,0,0,0,0,19-APR-2021,
OPTSTK,GRASIM,29-Apr-2021,1590,PE,0,0,0,384.75,264.05,0,0,0,0,19-APR-2021,
OPTSTK,GRASIM,29-Apr-2021,1600,PE,0,0,0,387.3,273.95,0,0,0,0,19-APR-2021,
OPTSTK,GRASIM,29-Apr-2021,1620,PE,0,0,0,389.45,293.85,0,0,0,0,19-APR-2021,
OPTSTK,GRASIM,29-Apr-2021,1640,PE,0,0,0,372.35,313.75,0,0,0,0,19-APR-2021,
OPTSTK,GRASIM,29-Apr-2021,1660,PE,0,0,0,368.9,333.7,0,0,0,0,19-APR-2021,
OPTSTK,GRASIM,29-Apr-2021,1680,PE,0,0,0,366.25,353.7,0,0,0,0,19-APR-2021,
OPTSTK,GRASIM,29-Apr-2021,1700,PE,0,0,0,384.45,373.65,0,0,0,0,19-APR-2021,
OPTSTK,GRASIM,29-Apr-2021,1720,PE,0,0,0,373.8,393.6,0,0,0,0,19-APR-2021,
OPTSTK,GRASIM,29-Apr-2021,1740,PE,0,0,0,376.2,413.6,0,0,0,0,19-APR-2021,
OPTSTK,GRASIM,27-May-2021,890,CE,0,0,0,395.05,438.35,0,0,0,0,19-APR-2021,
OPTSTK,GRASIM,27-May-2021,900,CE,0,0,0,385.95,428.45,0,0,0,0,19-APR-2021,
OPTSTK,GRASIM,27-May-2021,910,CE,0,0,0,376.85,418.55,0,0,0,0,19-APR-2021,
OPTSTK,GRASIM,27-May-2021,920,CE,0,0,0,367.9,408.65,0,0,0,0,19-APR-2021,
OPTSTK,GRASIM,27-May-2021,930,CE,0,0,0,359,398.75,0,0,0,0,19-APR-2021,
OPTSTK,GRASIM,27-May-2021,940,CE,0,0,0,350.15,388.9,0,0,0,0,19-APR-2021,
OPTSTK,GRASIM,27-May-2021,950,CE,0,0,0,341.4,379.05,0,0,0,0,19-APR-2021,
OPTSTK,GRASIM,27-May-2021,960,CE,0,0,0,332.75,369.25,0,0,0,0,19-APR-2021,
OPTSTK,GRASIM,27-May-2021,970,CE,0,0,0,324.2,359.5,0,0,0,0,19-APR-2021,
OPTSTK,GRASIM,27-May-2021,980,CE,0,0,0,315.75,349.75,0,0,0,0,19-APR-2021,
OPTSTK,GRASIM,27-May-2021,990,CE,0,0,0,307.4,340,0,0,0,0,19-APR-2021,
OPTSTK,GRASIM,27-May-2021,1000,CE,0,0,0,299.15,330.35,0,0,0,0,19-APR-2021,
OPTSTK,GRASIM,27-May-2021,1010,CE,0,0,0,291,320.75,0,0,0,0,19-APR-2021,
OPTSTK,GRASIM,27-May-2021,1020,CE,0,0,0,282.95,311.15,0,0,0,0,19-APR-2021,
OPTSTK,GRASIM,27-May-2021,1030,CE,0,0,0,275.05,301.65,0,0,0,0,19-APR-2021,
OPTSTK,GRASIM,27-May-2021,1040,CE,0,0,0,267.25,292.2,0,0,0,0,19-APR-2021,
OPTSTK,GRASIM,27-May-2021,1050,CE,0,0,0,259.55,282.85,0,0,0,0,19-APR-2021,
OPTSTK,GRASIM,27-May-2021,1060,CE,0,0,0,252,273.55,0,0,0,0,19-APR-2021,
OPTSTK,GRASIM,27-May-2021,1070,CE,0,0,0,244.6,264.35,0,0,0,0,19-APR-2021,
OPTSTK,GRASIM,27-May-2021,1080,CE,0,0,0,237.3,255.25,0,0,0,0,19-APR-2021,
OPTSTK,GRASIM,27-May-2021,1090,CE,0,0,0,230.1,246.25,0,0,0,0,19-APR-2021,
OPTSTK,GRASIM,27-May-2021,1100,CE,0,0,0,223.05,237.35,0,0,0,0,19-APR-2021,
OPTSTK,GRASIM,27-May-2021,1110,CE,0,0,0,216.1,228.6,0,0,0,0,19-APR-2021,
OPTSTK,GRASIM,27-May-2021,1120,CE,0,0,0,209.3,219.95,0,0,0,0,19-APR-2021,
OPTSTK,GRASIM,27-May-2021,1130,CE,0,0,0,202.6,211.45,0,0,0,0,19-APR-2021,
OPTSTK,GRASIM,27-May-2021,1140,CE,0,0,0,196.1,203.05,0,0,0,0,19-APR-2021,
OPTSTK,GRASIM,27-May-2021,1150,CE,0,0,0,189.75,194.8,0,0,0,0,19-APR-2021,
OPTSTK,GRASIM,27-May-2021,1160,CE,0,0,0,183.5,186.75,0,0,0,0,19-APR-2021,
OPTSTK,GRASIM,27-May-2021,1170,CE,0,0,0,177.4,178.8,0,0,0,0,19-APR-2021,
OPTSTK,GRASIM,27-May-2021,1180,CE,0,0,0,171.45,171.05,0,0,0,0,19-APR-2021,
OPTSTK,GRASIM,27-May-2021,1190,CE,0,0,0,165.65,163.5,0,0,0,0,19-APR-2021,
OPTSTK,GRASIM,27-May-2021,1200,CE,0,0,0,159.95,156.15,0,0,0,0,19-APR-2021,
OPTSTK,GRASIM,27-May-2021,1210,CE,0,0,0,154.4,148.9,0,0,0,0,19-APR-2021,
OPTSTK,GRASIM,27-May-2021,1220,CE,0,0,0,149,141.85,0,0,0,0,19-APR-2021,
OPTSTK,GRASIM,27-May-2021,1230,CE,0,0,0,143.75,135,0,0,0,0,19-APR-2021,
OPTSTK,GRASIM,27-May-2021,1240,CE,0,0,0,138.6,128.4,0,0,0,0,19-APR-2021,
OPTSTK,GRASIM,27-May-2021,1250,CE,0,0,0,133.65,121.95,0,0,0,0,19-APR-2021,
OPTSTK,GRASIM,27-May-2021,1260,CE,0,0,0,128.75,115.75,0,0,0,0,19-APR-2021,
OPTSTK,GRASIM,27-May-2021,1270,CE,0,0,0,124.05,109.7,0,0,0,0,19-APR-2021,
OPTSTK,GRASIM,27-May-2021,1280,CE,0,0,0,119.45,103.9,0,0,0,0,19-APR-2021,
OPTSTK,GRASIM,27-May-2021,1290,CE,0,0,0,115,98.3,0,0,0,0,19-APR-2021,
OPTSTK,GRASIM,27-May-2021,1300,CE,0,0,0,110.65,92.9,0,0,0,0,19-APR-2021,
OPTSTK,GRASIM,27-May-2021,1310,CE,0,0,0,106.45,87.7,0,0,0,0,19-APR-2021,
OPTSTK,GRASIM,27-May-2021,1320,CE,0,0,0,102.4,82.7,0,0,0,0,19-APR-2021,
OPTSTK,GRASIM,27-May-2021,1330,CE,0,0,0,98.45,77.9,0,0,0,0,19-APR-2021,
OPTSTK,GRASIM,27-May-2021,1340,CE,0,0,0,94.6,73.3,0,0,0,0,19-APR-2021,
OPTSTK,GRASIM,27-May-2021,1350,CE,0,0,0,90.9,68.95,0,0,0,0,19-APR-2021,
OPTSTK,GRASIM,27-May-2021,1360,CE,0,0,0,87.3,64.75,0,0,0,0,19-APR-2021,
OPTSTK,GRASIM,27-May-2021,1370,CE,0,0,0,83.85,60.75,0,0,0,0,19-APR-2021,
OPTSTK,GRASIM,27-May-2021,1380,CE,0,0,0,80.5,56.95,0,0,0,0,19-APR-2021,
OPTSTK,GRASIM,27-May-2021,1390,CE,0,0,0,77.25,53.3,0,0,0,0,19-APR-2021,
OPTSTK,GRASIM,27-May-2021,1400,CE,32.55,32.55,31.75,31.75,31.75,2,27.21,1900,1900,19-APR-2021,
OPTSTK,GRASIM,27-May-2021,1410,CE,0,0,0,71.05,46.6,0,0,0,0,19-APR-2021,
OPTSTK,GRASIM,27-May-2021,1420,CE,0,0,0,68.15,43.5,0,0,0,0,19-APR-2021,
OPTSTK,GRASIM,27-May-2021,1430,CE,0,0,0,65.3,40.6,0,0,0,0,19-APR-2021,
OPTSTK,GRASIM,27-May-2021,1440,CE,0,0,0,62.6,37.8,0,0,0,0,19-APR-2021,
OPTSTK,GRASIM,27-May-2021,1450,CE,0,0,0,32,35.2,0,0,33250,0,19-APR-2021,
OPTSTK,GRASIM,27-May-2021,1460,CE,0,0,0,57.5,32.8,0,0,0,0,19-APR-2021,
OPTSTK,GRASIM,27-May-2021,1470,CE,0,0,0,55.05,30.5,0,0,0,0,19-APR-2021,
OPTSTK,GRASIM,27-May-2021,1480,CE,0,0,0,52.7,28.35,0,0,0,0,19-APR-2021,
OPTSTK,GRASIM,27-May-2021,1490,CE,0,0,0,50.45,26.25,0,0,0,0,19-APR-2021,
OPTSTK,GRASIM,27-May-2021,1500,CE,0,0,0,48.3,24.3,0,0,0,0,19-APR-2021,
OPTSTK,GRASIM,27-May-2021,1510,CE,0,0,0,46.2,22.5,0,0,0,0,19-APR-2021,
OPTSTK,GRASIM,27-May-2021,1520,CE,0,0,0,44.2,20.8,0,0,0,0,19-APR-2021,
OPTSTK,GRASIM,27-May-2021,1530,CE,0,0,0,42.25,19.25,0,0,0,0,19-APR-2021,
OPTSTK,GRASIM,27-May-2021,1540,CE,0,0,0,40.35,17.75,0,0,0,0,19-APR-2021,
OPTSTK,GRASIM,27-May-2021,1550,CE,0,0,0,38.55,16.4,0,0,0,0,19-APR-2021,
OPTSTK,GRASIM,27-May-2021,1560,CE,0,0,0,36.85,15.1,0,0,0,0,19-APR-2021,
OPTSTK,GRASIM,27-May-2021,1570,CE,0,0,0,35.2,13.9,0,0,0,0,19-APR-2021,
OPTSTK,GRASIM,27-May-2021,1580,CE,0,0,0,33.6,12.8,0,0,0,0,19-APR-2021,
OPTSTK,GRASIM,27-May-2021,1590,CE,0,0,0,32.1,11.8,0,0,0,0,19-APR-2021,
OPTSTK,GRASIM,27-May-2021,1600,CE,0,0,0,30.65,10.85,0,0,0,0,19-APR-2021,
OPTSTK,GRASIM,27-May-2021,1620,CE,0,0,0,27.9,9.1,0,0,0,0,19-APR-2021,
OPTSTK,GRASIM,27-May-2021,1640,CE,0,0,0,25.4,7.65,0,0,0,0,19-APR-2021,
OPTSTK,GRASIM,27-May-2021,1660,CE,0,0,0,26.5,6.4,0,0,0,0,19-APR-2021,
OPTSTK,GRASIM,27-May-2021,1680,CE,0,0,0,27.7,5.35,0,0,0,0,19-APR-2021,
OPTSTK,GRASIM,27-May-2021,1700,CE,0,0,0,25.2,4.45,0,0,0,0,19-APR-2021,
OPTSTK,GRASIM,27-May-2021,1720,CE,0,0,0,27.9,3.7,0,0,0,0,19-APR-2021,
OPTSTK,GRASIM,27-May-2021,1740,CE,0,0,0,25.3,3.05,0,0,0,0,19-APR-2021,
OPTSTK,GRASIM,27-May-2021,890,PE,0,0,0,6.35,0.2,0,0,0,0,19-APR-2021,
OPTSTK,GRASIM,27-May-2021,900,PE,0,0,0,7.1,0.2,0,0,0,0,19-APR-2021,
OPTSTK,GRASIM,27-May-2021,910,PE,0,0,0,7.95,0.3,0,0,0,0,19-APR-2021,
OPTSTK,GRASIM,27-May-2021,920,PE,0,0,0,8.85,0.35,0,0,0,0,19-APR-2021,
OPTSTK,GRASIM,27-May-2021,930,PE,0,0,0,9.85,0.45,0,0,0,0,19-APR-2021,
OPTSTK,GRASIM,27-May-2021,940,PE,0,0,0,10.95,0.55,0,0,0,0,19-APR-2021,
OPTSTK,GRASIM,27-May-2021,950,PE,0,0,0,12.1,0.65,0,0,0,0,19-APR-2021,
OPTSTK,GRASIM,27-May-2021,960,PE,0,0,0,13.4,0.8,0,0,0,0,19-APR-2021,
OPTSTK,GRASIM,27-May-2021,970,PE,0,0,0,14.75,1,0,0,0,0,19-APR-2021,
OPTSTK,GRASIM,27-May-2021,980,PE,0,0,0,16.2,1.2,0,0,0,0,19-APR-2021,
OPTSTK,GRASIM,27-May-2021,990,PE,0,0,0,17.75,1.45,0,0,0,0,19-APR-2021,
OPTSTK,GRASIM,27-May-2021,1000,PE,0,0,0,19.4,1.75,0,0,0,0,19-APR-2021,
OPTSTK,GRASIM,27-May-2021,1010,PE,0,0,0,21.15,2.1,0,0,0,0,19-APR-2021,
OPTSTK,GRASIM,27-May-2021,1020,PE,0,0,0,23,2.5,0,0,0,0,19-APR-2021,
OPTSTK,GRASIM,27-May-2021,1030,PE,0,0,0,25,2.95,0,0,0,0,19-APR-2021,
OPTSTK,GRASIM,27-May-2021,1040,PE,0,0,0,27.1,3.45,0,0,0,0,19-APR-2021,
OPTSTK,GRASIM,27-May-2021,1050,PE,0,0,0,29.35,4.05,0,0,0,0,19-APR-2021,
OPTSTK,GRASIM,27-May-2021,1060,PE,0,0,0,31.65,4.75,0,0,0,0,19-APR-2021,
OPTSTK,GRASIM,27-May-2021,1070,PE,0,0,0,34.2,5.5,0,0,0,0,19-APR-2021,
OPTSTK,GRASIM,27-May-2021,1080,PE,0,0,0,36.8,6.35,0,0,0,0,19-APR-2021,
OPTSTK,GRASIM,27-May-2021,1090,PE,0,0,0,39.5,7.3,0,0,0,0,19-APR-2021,
OPTSTK,GRASIM,27-May-2021,1100,PE,0,0,0,42.35,8.4,0,0,0,0,19-APR-2021,
OPTSTK,GRASIM,27-May-2021,1110,PE,0,0,0,45.35,9.55,0,0,0,0,19-APR-2021,
OPTSTK,GRASIM,27-May-2021,1120,PE,0,0,0,48.45,10.9,0,0,0,0,19-APR-2021,
OPTSTK,GRASIM,27-May-2021,1130,PE,0,0,0,51.65,12.3,0,0,0,0,19-APR-2021,
OPTSTK,GRASIM,27-May-2021,1140,PE,0,0,0,55.05,13.9,0,0,0,0,19-APR-2021,
OPTSTK,GRASIM,27-May-2021,1150,PE,0,0,0,58.6,15.65,0,0,0,0,19-APR-2021,
OPTSTK,GRASIM,27-May-2021,1160,PE,0,0,0,62.25,17.5,0,0,0,0,19-APR-2021,
OPTSTK,GRASIM,27-May-2021,1170,PE,0,0,0,66.05,19.55,0,0,0,0,19-APR-2021,
OPTSTK,GRASIM,27-May-2021,1180,PE,0,0,0,70,21.8,0,0,0,0,19-APR-2021,
OPTSTK,GRASIM,27-May-2021,1190,PE,0,0,0,74.1,24.15,0,0,0,0,19-APR-2021,
OPTSTK,GRASIM,27-May-2021,1200,PE,0,0,0,78.35,26.75,0,0,0,0,19-APR-2021,
OPTSTK,GRASIM,27-May-2021,1210,PE,0,0,0,82.7,29.5,0,0,0,0,19-APR-2021,
OPTSTK,GRASIM,27-May-2021,1220,PE,0,0,0,87.2,32.4,0,0,0,0,19-APR-2021,
OPTSTK,GRASIM,27-May-2021,1230,PE,0,0,0,91.85,35.5,0,0,0,0,19-APR-2021,
OPTSTK,GRASIM,27-May-2021,1240,PE,0,0,0,96.65,38.85,0,0,0,0,19-APR-2021,
OPTSTK,GRASIM,27-May-2021,1250,PE,0,0,0,101.55,42.4,0,0,0,0,19-APR-2021,
OPTSTK,GRASIM,27-May-2021,1260,PE,0,0,0,106.6,46.1,0,0,0,0,19-APR-2021,
OPTSTK,GRASIM,27-May-2021,1270,PE,0,0,0,111.8,50.05,0,0,0,0,19-APR-2021,
OPTSTK,GRASIM,27-May-2021,1280,PE,0,0,0,117.1,54.2,0,0,0,0,19-APR-2021,
OPTSTK,GRASIM,27-May-2021,1290,PE,0,0,0,122.55,58.55,0,0,0,0,19-APR-2021,
OPTSTK,GRASIM,27-May-2021,1300,PE,0,0,0,128.15,63.1,0,0,0,0,19-APR-2021,
OPTSTK,GRASIM,27-May-2021,1310,PE,0,0,0,133.85,67.9,0,0,0,0,19-APR-2021,
OPTSTK,GRASIM,27-May-2021,1320,PE,0,0,0,139.65,72.85,0,0,0,0,19-APR-2021,
OPTSTK,GRASIM,27-May-2021,1330,PE,0,0,0,145.6,78,0,0,0,0,19-APR-2021,
OPTSTK,GRASIM,27-May-2021,1340,PE,0,0,0,151.7,83.4,0,0,0,0,19-APR-2021,
OPTSTK,GRASIM,27-May-2021,1350,PE,0,0,0,157.9,88.95,0,0,0,0,19-APR-2021,
OPTSTK,GRASIM,27-May-2021,1360,PE,0,0,0,164.2,94.75,0,0,0,0,19-APR-2021,
OPTSTK,GRASIM,27-May-2021,1370,PE,0,0,0,170.65,100.7,0,0,0,0,19-APR-2021,
OPTSTK,GRASIM,27-May-2021,1380,PE,0,0,0,177.2,106.85,0,0,0,0,19-APR-2021,
OPTSTK,GRASIM,27-May-2021,1390,PE,0,0,0,183.85,113.2,0,0,0,0,19-APR-2021,
OPTSTK,GRASIM,27-May-2021,1400,PE,100,100,100,100,100,20,285,19000,19000,19-APR-2021,
OPTSTK,GRASIM,27-May-2021,1410,PE,0,0,0,197.5,126.4,0,0,0,0,19-APR-2021,
OPTSTK,GRASIM,27-May-2021,1420,PE,0,0,0,204.5,133.3,0,0,0,0,19-APR-2021,
OPTSTK,GRASIM,27-May-2021,1430,PE,0,0,0,211.55,140.3,0,0,0,0,19-APR-2021,
OPTSTK,GRASIM,27-May-2021,1440,PE,0,0,0,218.75,147.5,0,0,0,0,19-APR-2021,
OPTSTK,GRASIM,27-May-2021,1450,PE,0,0,0,226,154.85,0,0,0,0,19-APR-2021,
OPTSTK,GRASIM,27-May-2021,1460,PE,0,0,0,233.45,162.45,0,0,0,0,19-APR-2021,
OPTSTK,GRASIM,27-May-2021,1470,PE,0,0,0,240.95,170.1,0,0,0,0,19-APR-2021,
OPTSTK,GRASIM,27-May-2021,1480,PE,0,0,0,248.5,177.85,0,0,0,0,19-APR-2021,
OPTSTK,GRASIM,27-May-2021,1490,PE,0,0,0,256.15,185.75,0,0,0,0,19-APR-2021,
OPTSTK,GRASIM,27-May-2021,1500,PE,0,0,0,263.9,193.75,0,0,0,0,19-APR-2021,
OPTSTK,GRASIM,27-May-2021,1510,PE,0,0,0,271.7,201.95,0,0,0,0,19-APR-2021,
OPTSTK,GRASIM,27-May-2021,1520,PE,0,0,0,279.6,210.2,0,0,0,0,19-APR-2021,
OPTSTK,GRASIM,27-May-2021,1530,PE,0,0,0,287.55,218.6,0,0,0,0,19-APR-2021,
OPTSTK,GRASIM,27-May-2021,1540,PE,0,0,0,295.55,227.05,0,0,0,0,19-APR-2021,
OPTSTK,GRASIM,27-May-2021,1550,PE,0,0,0,303.7,235.65,0,0,0,0,19-APR-2021,
OPTSTK,GRASIM,27-May-2021,1560,PE,0,0,0,311.9,244.35,0,0,0,0,19-APR-2021,
OPTSTK,GRASIM,27-May-2021,1570,PE,0,0,0,320.15,253.1,0,0,0,0,19-APR-2021,
OPTSTK,GRASIM,27-May-2021,1580,PE,0,0,0,328.45,261.95,0,0,0,0,19-APR-2021,
OPTSTK,GRASIM,27-May-2021,1590,PE,0,0,0,336.85,270.9,0,0,0,0,19-APR-2021,
OPTSTK,GRASIM,27-May-2021,1600,PE,0,0,0,345.3,279.9,0,0,0,0,19-APR-2021,
OPTSTK,GRASIM,27-May-2021,1620,PE,0,0,0,362.35,298.1,0,0,0,0,19-APR-2021,
OPTSTK,GRASIM,27-May-2021,1640,PE,0,0,0,379.65,316.55,0,0,0,0,19-APR-2021,
OPTSTK,GRASIM,27-May-2021,1660,PE,0,0,0,377.15,335.25,0,0,0,0,19-APR-2021,
OPTSTK,GRASIM,27-May-2021,1680,PE,0,0,0,375.05,354.1,0,0,0,0,19-APR-2021,
OPTSTK,GRASIM,27-May-2021,1700,PE,0,0,0,392.4,373.15,0,0,0,0,19-APR-2021,
OPTSTK,GRASIM,27-May-2021,1720,PE,0,0,0,382.8,392.3,0,0,0,0,19-APR-2021,
OPTSTK,GRASIM,27-May-2021,1740,PE,0,0,0,384.9,411.6,0,0,0,0,19-APR-2021,
OPTSTK,GRASIM,24-Jun-2021,900,CE,0,0,0,484.3,432.5,0,0,0,0,19-APR-2021,
OPTSTK,GRASIM,24-Jun-2021,920,CE,0,0,0,465.4,413.25,0,0,0,0,19-APR-2021,
OPTSTK,GRASIM,24-Jun-2021,940,CE,0,0,0,446.65,394.2,0,0,0,0,19-APR-2021,
OPTSTK,GRASIM,24-Jun-2021,960,CE,0,0,0,428.15,375.3,0,0,0,0,19-APR-2021,
OPTSTK,GRASIM,24-Jun-2021,980,CE,0,0,0,409.85,356.7,0,0,0,0,19-APR-2021,
OPTSTK,GRASIM,24-Jun-2021,1000,CE,0,0,0,391.9,338.35,0,0,0,0,19-APR-2021,
OPTSTK,GRASIM,24-Jun-2021,1020,CE,0,0,0,374.2,320.3,0,0,0,0,19-APR-2021,
OPTSTK,GRASIM,24-Jun-2021,1040,CE,0,0,0,356.8,302.6,0,0,0,0,19-APR-2021,
OPTSTK,GRASIM,24-Jun-2021,1060,CE,0,0,0,339.75,285.3,0,0,0,0,19-APR-2021,
OPTSTK,GRASIM,24-Jun-2021,1080,CE,0,0,0,323.1,268.4,0,0,0,0,19-APR-2021,
OPTSTK,GRASIM,24-Jun-2021,1100,CE,0,0,0,306.85,252,0,0,0,0,19-APR-2021,
OPTSTK,GRASIM,24-Jun-2021,1120,CE,0,0,0,291,236.1,0,0,0,0,19-APR-2021,
OPTSTK,GRASIM,24-Jun-2021,1140,CE,0,0,0,275.6,220.7,0,0,0,0,19-APR-2021,
OPTSTK,GRASIM,24-Jun-2021,1160,CE,0,0,0,260.7,205.9,0,0,0,0,19-APR-2021,
OPTSTK,GRASIM,24-Jun-2021,1180,CE,0,0,0,246.25,191.65,0,0,0,0,19-APR-2021,
OPTSTK,GRASIM,24-Jun-2021,1200,CE,0,0,0,232.25,177.9,0,0,0,0,19-APR-2021,
OPTSTK,GRASIM,24-Jun-2021,1220,CE,0,0,0,218.75,164.85,0,0,0,0,19-APR-2021,
OPTSTK,GRASIM,24-Jun-2021,1240,CE,0,0,0,205.75,152.45,0,0,0,0,19-APR-2021,
OPTSTK,GRASIM,24-Jun-2021,1260,CE,0,0,0,193.3,140.65,0,0,0,0,19-APR-2021,
OPTSTK,GRASIM,24-Jun-2021,1280,CE,0,0,0,181.35,129.5,0,0,0,0,19-APR-2021,
OPTSTK,GRASIM,24-Jun-2021,1300,CE,0,0,0,169.95,119,0,0,0,0,19-APR-2021,
OPTSTK,GRASIM,24-Jun-2021,1320,CE,0,0,0,159.05,109.1,0,0,0,0,19-APR-2021,
OPTSTK,GRASIM,24-Jun-2021,1340,CE,0,0,0,148.65,99.8,0,0,0,0,19-APR-2021,
OPTSTK,GRASIM,24-Jun-2021,1360,CE,0,0,0,138.75,91.15,0,0,0,0,19-APR-2021,
OPTSTK,GRASIM,24-Jun-2021,1380,CE,0,0,0,129.4,83.05,0,0,0,0,19-APR-2021,
OPTSTK,GRASIM,24-Jun-2021,1400,CE,0,0,0,120.5,75.55,0,0,0,0,19-APR-2021,
OPTSTK,GRASIM,24-Jun-2021,1420,CE,0,0,0,112.1,68.55,0,0,0,0,19-APR-2021,
OPTSTK,GRASIM,24-Jun-2021,1440,CE,0,0,0,104.15,62.15,0,0,0,0,19-APR-2021,
OPTSTK,GRASIM,24-Jun-2021,1460,CE,0,0,0,96.7,56.2,0,0,0,0,19-APR-2021,
OPTSTK,GRASIM,24-Jun-2021,1480,CE,0,0,0,89.65,50.7,0,0,0,0,19-APR-2021,
OPTSTK,GRASIM,24-Jun-2021,1500,CE,0,0,0,83,45.75,0,0,0,0,19-APR-2021,
OPTSTK,GRASIM,24-Jun-2021,1520,CE,0,0,0,76.8,41.2,0,0,0,0,19-APR-2021,
OPTSTK,GRASIM,24-Jun-2021,1540,CE,0,0,0,71,37,0,0,0,0,19-APR-2021,
OPTSTK,GRASIM,24-Jun-2021,1560,CE,0,0,0,65.55,33.15,0,0,0,0,19-APR-2021,
OPTSTK,GRASIM,24-Jun-2021,1580,CE,0,0,0,60.55,29.7,0,0,0,0,19-APR-2021,
OPTSTK,GRASIM,24-Jun-2021,1600,CE,0,0,0,55.8,26.55,0,0,0,0,19-APR-2021,
OPTSTK,GRASIM,24-Jun-2021,1620,CE,0,0,0,51.4,23.7,0,0,0,0,19-APR-2021,
OPTSTK,GRASIM,24-Jun-2021,1640,CE,0,0,0,47.3,21.1,0,0,0,0,19-APR-2021,
OPTSTK,GRASIM,24-Jun-2021,1660,CE,0,0,0,43.5,18.8,0,0,0,0,19-APR-2021,
OPTSTK,GRASIM,24-Jun-2021,1680,CE,0,0,0,39.9,16.7,0,0,0,0,19-APR-2021,
OPTSTK,GRASIM,24-Jun-2021,1700,CE,0,0,0,36.65,14.8,0,0,0,0,19-APR-2021,
OPTSTK,GRASIM,24-Jun-2021,1720,CE,0,0,0,33.6,13.15,0,0,0,0,19-APR-2021,
OPTSTK,GRASIM,24-Jun-2021,1740,CE,0,0,0,30.8,11.65,0,0,0,0,19-APR-2021,
OPTSTK,GRASIM,24-Jun-2021,900,PE,0,0,0,3.15,1.7,0,0,0,0,19-APR-2021,
OPTSTK,GRASIM,24-Jun-2021,920,PE,0,0,0,4.05,2.35,0,0,0,0,19-APR-2021,
OPTSTK,GRASIM,24-Jun-2021,940,PE,0,0,0,5.15,3.15,0,0,0,0,19-APR-2021,
OPTSTK,GRASIM,24-Jun-2021,960,PE,0,0,0,6.45,4.1,0,0,0,0,19-APR-2021,
OPTSTK,GRASIM,24-Jun-2021,980,PE,0,0,0,8,5.35,0,0,0,0,19-APR-2021,
OPTSTK,GRASIM,24-Jun-2021,1000,PE,0,0,0,9.8,6.85,0,0,0,0,19-APR-2021,
OPTSTK,GRASIM,24-Jun-2021,1020,PE,0,0,0,11.95,8.7,0,0,0,0,19-APR-2021,
OPTSTK,GRASIM,24-Jun-2021,1040,PE,0,0,0,14.35,10.85,0,0,0,0,19-APR-2021,
OPTSTK,GRASIM,24-Jun-2021,1060,PE,0,0,0,17.15,13.45,0,0,0,0,19-APR-2021,
OPTSTK,GRASIM,24-Jun-2021,1080,PE,0,0,0,20.3,16.4,0,0,0,0,19-APR-2021,
OPTSTK,GRASIM,24-Jun-2021,1100,PE,0,0,0,23.85,19.85,0,0,0,0,19-APR-2021,
OPTSTK,GRASIM,24-Jun-2021,1120,PE,0,0,0,27.85,23.8,0,0,0,0,19-APR-2021,
OPTSTK,GRASIM,24-Jun-2021,1140,PE,0,0,0,32.25,28.3,0,0,0,0,19-APR-2021,
OPTSTK,GRASIM,24-Jun-2021,1160,PE,0,0,0,37.2,33.35,0,0,0,0,19-APR-2021,
OPTSTK,GRASIM,24-Jun-2021,1180,PE,0,0,0,42.5,38.95,0,0,0,0,19-APR-2021,
OPTSTK,GRASIM,24-Jun-2021,1200,PE,0,0,0,48.35,45.1,0,0,0,0,19-APR-2021,
OPTSTK,GRASIM,24-Jun-2021,1220,PE,0,0,0,54.65,51.9,0,0,0,0,19-APR-2021,
OPTSTK,GRASIM,24-Jun-2021,1240,PE,0,0,0,61.45,59.35,0,0,0,0,19-APR-2021,
OPTSTK,GRASIM,24-Jun-2021,1260,PE,0,0,0,68.8,67.45,0,0,0,0,19-APR-2021,
OPTSTK,GRASIM,24-Jun-2021,1280,PE,0,0,0,76.7,76.15,0,0,0,0,19-APR-2021,
OPTSTK,GRASIM,24-Jun-2021,1300,PE,0,0,0,85.1,85.5,0,0,0,0,19-APR-2021,
OPTSTK,GRASIM,24-Jun-2021,1320,PE,0,0,0,94,95.45,0,0,0,0,19-APR-2021,
OPTSTK,GRASIM,24-Jun-2021,1340,PE,0,0,0,103.45,106.05,0,0,0,0,19-APR-2021,
OPTSTK,GRASIM,24-Jun-2021,1360,PE,0,0,0,113.35,117.25,0,0,0,0,19-APR-2021,
OPTSTK,GRASIM,24-Jun-2021,1380,PE,0,0,0,123.8,129.05,0,0,0,0,19-APR-2021,
OPTSTK,GRASIM,24-Jun-2021,1400,PE,0,0,0,134.75,141.4,0,0,0,0,19-APR-2021,
OPTSTK,GRASIM,24-Jun-2021,1420,PE,0,0,0,146.15,154.3,0,0,0,0,19-APR-2021,
OPTSTK,GRASIM,24-Jun-2021,1440,PE,0,0,0,158,167.7,0,0,0,0,19-APR-2021,
OPTSTK,GRASIM,24-Jun-2021,1460,PE,0,0,0,170.35,181.6,0,0,0,0,19-APR-2021,
OPTSTK,GRASIM,24-Jun-2021,1480,PE,0,0,0,183.1,196,0,0,0,0,19-APR-2021,
OPTSTK,GRASIM,24-Jun-2021,1500,PE,0,0,0,196.3,210.95,0,0,0,0,19-APR-2021,
OPTSTK,GRASIM,24-Jun-2021,1520,PE,0,0,0,209.9,226.25,0,0,0,0,19-APR-2021,
OPTSTK,GRASIM,24-Jun-2021,1540,PE,0,0,0,223.9,241.9,0,0,0,0,19-APR-2021,
OPTSTK,GRASIM,24-Jun-2021,1560,PE,0,0,0,238.3,257.9,0,0,0,0,19-APR-2021,
OPTSTK,GRASIM,24-Jun-2021,1580,PE,0,0,0,253.1,274.3,0,0,0,0,19-APR-2021,
OPTSTK,GRASIM,24-Jun-2021,1600,PE,0,0,0,268.15,291.05,0,0,0,0,19-APR-2021,
OPTSTK,GRASIM,24-Jun-2021,1620,PE,0,0,0,283.6,308.05,0,0,0,0,19-APR-2021,
OPTSTK,GRASIM,24-Jun-2021,1640,PE,0,0,0,299.3,325.35,0,0,0,0,19-APR-2021,
OPTSTK,GRASIM,24-Jun-2021,1660,PE,0,0,0,315.3,342.85,0,0,0,0,19-APR-2021,
OPTSTK,GRASIM,24-Jun-2021,1680,PE,0,0,0,331.55,360.65,0,0,0,0,19-APR-2021,
OPTSTK,GRASIM,24-Jun-2021,1700,PE,0,0,0,348.05,378.65,0,0,0,0,19-APR-2021,
OPTSTK,GRASIM,24-Jun-2021,1720,PE,0,0,0,364.85,396.8,0,0,0,0,19-APR-2021,
OPTSTK,GRASIM,24-Jun-2021,1740,PE,0,0,0,381.85,415.15,0,0,0,0,19-APR-2021,
OPTSTK,GUJGASLTD,29-Apr-2021,390,CE,0,0,0,109,143.25,0,0,0,0,19-APR-2021,
OPTSTK,GUJGASLTD,29-Apr-2021,400,CE,0,0,0,99.05,133.25,0,0,0,0,19-APR-2021,
OPTSTK,GUJGASLTD,29-Apr-2021,410,CE,0,0,0,89.1,123.3,0,0,0,0,19-APR-2021,
OPTSTK,GUJGASLTD,29-Apr-2021,420,CE,0,0,0,79.2,113.3,0,0,0,0,19-APR-2021,
OPTSTK,GUJGASLTD,29-Apr-2021,430,CE,0,0,0,69.25,103.35,0,0,0,0,19-APR-2021,
OPTSTK,GUJGASLTD,29-Apr-2021,440,CE,0,0,0,59.3,93.4,0,0,0,0,19-APR-2021,
OPTSTK,GUJGASLTD,29-Apr-2021,450,CE,0,0,0,49.35,83.5,0,0,0,0,19-APR-2021,
OPTSTK,GUJGASLTD,29-Apr-2021,460,CE,0,0,0,39.45,73.75,0,0,0,0,19-APR-2021,
OPTSTK,GUJGASLTD,29-Apr-2021,470,CE,0,0,0,29.5,64.2,0,0,0,0,19-APR-2021,
OPTSTK,GUJGASLTD,29-Apr-2021,480,CE,0,0,0,19.55,54.95,0,0,0,0,19-APR-2021,
OPTSTK,GUJGASLTD,29-Apr-2021,490,CE,0,0,0,9.65,46.15,0,0,0,0,19-APR-2021,
OPTSTK,GUJGASLTD,29-Apr-2021,500,CE,0,0,0,50,37.95,0,0,2500,0,19-APR-2021,
OPTSTK,GUJGASLTD,29-Apr-2021,510,CE,0,0,0,0.05,30.5,0,0,0,0,19-APR-2021,
OPTSTK,GUJGASLTD,29-Apr-2021,520,CE,23.8,23.8,23.8,23.8,23.9,1,6.79,3750,1250,19-APR-2021,
OPTSTK,GUJGASLTD,29-Apr-2021,530,CE,20.75,20.75,18,18,18.25,2,13.73,7500,0,19-APR-2021,
OPTSTK,GUJGASLTD,29-Apr-2021,540,CE,8.6,13.25,8.6,13.25,13.25,11,75.67,33750,1250,19-APR-2021,
OPTSTK,GUJGASLTD,29-Apr-2021,550,CE,11.3,11.3,6.5,10.35,10.35,27,188.41,40000,5000,19-APR-2021,
OPTSTK,GUJGASLTD,29-Apr-2021,560,CE,7.9,7.9,3.35,7.6,7.6,31,219.18,61250,1250,19-APR-2021,
OPTSTK,GUJGASLTD,29-Apr-2021,570,CE,4.55,5.4,3.3,5.4,4.7,13,93.26,41250,-3750,19-APR-2021,
OPTSTK,GUJGASLTD,29-Apr-2021,580,CE,6.4,6.4,2.6,4.05,4.05,11,80.22,43750,-3750,19-APR-2021,
OPTSTK,GUJGASLTD,29-Apr-2021,590,CE,0,0,0,4.4,2,0,0,7500,0,19-APR-2021,
OPTSTK,GUJGASLTD,29-Apr-2021,600,CE,3,3,1.25,2.8,2.8,16,120.4,103750,-3750,19-APR-2021,
OPTSTK,GUJGASLTD,29-Apr-2021,610,CE,0,0,0,0.05,0.8,0,0,0,0,19-APR-2021,
OPTSTK,GUJGASLTD,29-Apr-2021,620,CE,0,0,0,2.7,0.45,0,0,7500,0,19-APR-2021,
OPTSTK,GUJGASLTD,29-Apr-2021,630,CE,0.5,2.3,0.5,1.6,1.6,3,23.67,1250,0,19-APR-2021,
OPTSTK,GUJGASLTD,29-Apr-2021,640,CE,0,0,0,0.05,0.15,0,0,0,0,19-APR-2021,
OPTSTK,GUJGASLTD,29-Apr-2021,650,CE,0.5,0.5,0.35,0.35,0.35,2,16.26,25000,0,19-APR-2021,
OPTSTK,GUJGASLTD,29-Apr-2021,660,CE,0,0,0,3,0.05,0,0,1250,0,19-APR-2021,
OPTSTK,GUJGASLTD,29-Apr-2021,670,CE,0,0,0,0.05,0.05,0,0,0,0,19-APR-2021,
OPTSTK,GUJGASLTD,29-Apr-2021,680,CE,0,0,0,0.05,0.05,0,0,0,0,19-APR-2021,
OPTSTK,GUJGASLTD,29-Apr-2021,390,PE,0,0,0,0.05,0,0,0,0,0,19-APR-2021,
OPTSTK,GUJGASLTD,29-Apr-2021,400,PE,0,0,0,0.05,0,0,0,0,0,19-APR-2021,
OPTSTK,GUJGASLTD,29-Apr-2021,410,PE,0,0,0,0.05,0,0,0,0,0,19-APR-2021,
OPTSTK,GUJGASLTD,29-Apr-2021,420,PE,0,0,0,0.05,0.05,0,0,0,0,19-APR-2021,
OPTSTK,GUJGASLTD,29-Apr-2021,430,PE,0,0,0,0.05,0.05,0,0,0,0,19-APR-2021,
OPTSTK,GUJGASLTD,29-Apr-2021,440,PE,0,0,0,0.05,0.1,0,0,0,0,19-APR-2021,
OPTSTK,GUJGASLTD,29-Apr-2021,450,PE,0,0,0,0.05,0.2,0,0,0,0,19-APR-2021,
OPTSTK,GUJGASLTD,29-Apr-2021,460,PE,0,0,0,5.5,0.45,0,0,1250,0,19-APR-2021,
OPTSTK,GUJGASLTD,29-Apr-2021,470,PE,0,0,0,6.75,0.85,0,0,3750,0,19-APR-2021,
OPTSTK,GUJGASLTD,29-Apr-2021,480,PE,0,0,0,3.4,1.6,0,0,8750,0,19-APR-2021,
OPTSTK,GUJGASLTD,29-Apr-2021,490,PE,0,0,0,10,2.8,0,0,2500,0,19-APR-2021,
OPTSTK,GUJGASLTD,29-Apr-2021,500,PE,9.95,10.1,6,6.6,6.6,55,349.49,167500,-32500,19-APR-2021,
OPTSTK,GUJGASLTD,29-Apr-2021,510,PE,12.3,13.05,9.3,9.3,7.1,9,58.71,15000,1250,19-APR-2021,
OPTSTK,GUJGASLTD,29-Apr-2021,520,PE,13.85,17.9,11.2,11.85,11.85,6,40.09,10000,-1250,19-APR-2021,
OPTSTK,GUJGASLTD,29-Apr-2021,530,PE,35.85,35.85,14.35,14.35,14.85,3,20.76,8750,-1250,19-APR-2021,
OPTSTK,GUJGASLTD,29-Apr-2021,540,PE,23.45,23.45,21.5,21.85,21.85,3,21.08,27500,0,19-APR-2021,
OPTSTK,GUJGASLTD,29-Apr-2021,550,PE,0,0,0,18,26.4,0,0,6250,0,19-APR-2021,
OPTSTK,GUJGASLTD,29-Apr-2021,560,PE,0,0,0,39.6,33.5,0,0,8750,0,19-APR-2021,
OPTSTK,GUJGASLTD,29-Apr-2021,570,PE,0,0,0,69.9,41.3,0,0,0,0,19-APR-2021,
OPTSTK,GUJGASLTD,29-Apr-2021,580,PE,0,0,0,79.85,49.7,0,0,0,0,19-APR-2021,
OPTSTK,GUJGASLTD,29-Apr-2021,590,PE,0,0,0,89.75,58.6,0,0,0,0,19-APR-2021,
OPTSTK,GUJGASLTD,29-Apr-2021,600,PE,0,0,0,99.7,67.85,0,0,0,0,19-APR-2021,
OPTSTK,GUJGASLTD,29-Apr-2021,610,PE,0,0,0,109.65,77.35,0,0,0,0,19-APR-2021,
OPTSTK,GUJGASLTD,29-Apr-2021,620,PE,0,0,0,119.55,87,0,0,0,0,19-APR-2021,
OPTSTK,GUJGASLTD,29-Apr-2021,630,PE,0,0,0,129.5,96.8,0,0,0,0,19-APR-2021,
OPTSTK,GUJGASLTD,29-Apr-2021,640,PE,0,0,0,139.45,106.7,0,0,0,0,19-APR-2021,
OPTSTK,GUJGASLTD,29-Apr-2021,650,PE,0,0,0,149.4,116.6,0,0,0,0,19-APR-2021,
OPTSTK,GUJGASLTD,29-Apr-2021,660,PE,0,0,0,159.3,126.55,0,0,0,0,19-APR-2021,
OPTSTK,GUJGASLTD,29-Apr-2021,670,PE,0,0,0,169.25,136.55,0,0,0,0,19-APR-2021,
OPTSTK,GUJGASLTD,29-Apr-2021,680,PE,0,0,0,179.2,146.5,0,0,0,0,19-APR-2021,
OPTSTK,GUJGASLTD,27-May-2021,390,CE,0,0,0,110.1,144.85,0,0,0,0,19-APR-2021,
OPTSTK,GUJGASLTD,27-May-2021,400,CE,0,0,0,100.2,135.15,0,0,0,0,19-APR-2021,
OPTSTK,GUJGASLTD,27-May-2021,410,CE,0,0,0,90.3,125.6,0,0,0,0,19-APR-2021,
OPTSTK,GUJGASLTD,27-May-2021,420,CE,0,0,0,80.4,116.2,0,0,0,0,19-APR-2021,
OPTSTK,GUJGASLTD,27-May-2021,430,CE,0,0,0,70.45,107,0,0,0,0,19-APR-2021,
OPTSTK,GUJGASLTD,27-May-2021,440,CE,0,0,0,60.55,98,0,0,0,0,19-APR-2021,
OPTSTK,GUJGASLTD,27-May-2021,450,CE,0,0,0,50.65,89.35,0,0,0,0,19-APR-2021,
OPTSTK,GUJGASLTD,27-May-2021,460,CE,0,0,0,40.75,80.95,0,0,0,0,19-APR-2021,
OPTSTK,GUJGASLTD,27-May-2021,470,CE,0,0,0,30.85,73,0,0,0,0,19-APR-2021,
OPTSTK,GUJGASLTD,27-May-2021,480,CE,0,0,0,20.95,65.45,0,0,0,0,19-APR-2021,
OPTSTK,GUJGASLTD,27-May-2021,490,CE,0,0,0,11.05,58.25,0,0,0,0,19-APR-2021,
OPTSTK,GUJGASLTD,27-May-2021,500,CE,0,0,0,1.25,51.6,0,0,0,0,19-APR-2021,
OPTSTK,GUJGASLTD,27-May-2021,510,CE,0,0,0,0.05,45.45,0,0,0,0,19-APR-2021,
OPTSTK,GUJGASLTD,27-May-2021,520,CE,0,0,0,0.05,39.75,0,0,0,0,19-APR-2021,
OPTSTK,GUJGASLTD,27-May-2021,530,CE,0,0,0,0.05,34.6,0,0,0,0,19-APR-2021,
OPTSTK,GUJGASLTD,27-May-2021,540,CE,0,0,0,0.05,29.9,0,0,0,0,19-APR-2021,
OPTSTK,GUJGASLTD,27-May-2021,550,CE,0,0,0,0.05,25.7,0,0,0,0,19-APR-2021,
OPTSTK,GUJGASLTD,27-May-2021,560,CE,0,0,0,0.05,22,0,0,0,0,19-APR-2021,
OPTSTK,GUJGASLTD,27-May-2021,570,CE,0,0,0,0.05,18.7,0,0,0,0,19-APR-2021,
OPTSTK,GUJGASLTD,27-May-2021,580,CE,0,0,0,0.05,15.8,0,0,0,0,19-APR-2021,
OPTSTK,GUJGASLTD,27-May-2021,590,CE,0,0,0,0.05,13.3,0,0,0,0,19-APR-2021,
OPTSTK,GUJGASLTD,27-May-2021,600,CE,0,0,0,0.05,11.1,0,0,0,0,19-APR-2021,
OPTSTK,GUJGASLTD,27-May-2021,610,CE,0,0,0,0.05,9.25,0,0,0,0,19-APR-2021,
OPTSTK,GUJGASLTD,27-May-2021,620,CE,0,0,0,0.05,7.65,0,0,0,0,19-APR-2021,
OPTSTK,GUJGASLTD,27-May-2021,630,CE,0,0,0,0.05,6.3,0,0,0,0,19-APR-2021,
OPTSTK,GUJGASLTD,27-May-2021,640,CE,0,0,0,0.05,5.15,0,0,0,0,19-APR-2021,
OPTSTK,GUJGASLTD,27-May-2021,650,CE,0,0,0,0.05,4.2,0,0,0,0,19-APR-2021,
OPTSTK,GUJGASLTD,27-May-2021,660,CE,0,0,0,0.05,3.45,0,0,0,0,19-APR-2021,
OPTSTK,GUJGASLTD,27-May-2021,670,CE,0,0,0,0.05,2.75,0,0,0,0,19-APR-2021,
OPTSTK,GUJGASLTD,27-May-2021,680,CE,0,0,0,0.05,2.25,0,0,0,0,19-APR-2021,
OPTSTK,GUJGASLTD,27-May-2021,390,PE,0,0,0,0.05,0.5,0,0,0,0,19-APR-2021,
OPTSTK,GUJGASLTD,27-May-2021,400,PE,0,0,0,0.05,0.75,0,0,0,0,19-APR-2021,
OPTSTK,GUJGASLTD,27-May-2021,410,PE,0,0,0,0.05,1.15,0,0,0,0,19-APR-2021,
OPTSTK,GUJGASLTD,27-May-2021,420,PE,0,0,0,0.05,1.7,0,0,0,0,19-APR-2021,
OPTSTK,GUJGASLTD,27-May-2021,430,PE,0,0,0,0.05,2.45,0,0,0,0,19-APR-2021,
OPTSTK,GUJGASLTD,27-May-2021,440,PE,0,0,0,0.05,3.45,0,0,0,0,19-APR-2021,
OPTSTK,GUJGASLTD,27-May-2021,450,PE,0,0,0,0.05,4.7,0,0,0,0,19-APR-2021,
OPTSTK,GUJGASLTD,27-May-2021,460,PE,0,0,0,0.05,6.35,0,0,0,0,19-APR-2021,
OPTSTK,GUJGASLTD,27-May-2021,470,PE,0,0,0,0.05,8.3,0,0,0,0,19-APR-2021,
OPTSTK,GUJGASLTD,27-May-2021,480,PE,0,0,0,0.05,10.7,0,0,0,0,19-APR-2021,
OPTSTK,GUJGASLTD,27-May-2021,490,PE,0,0,0,0.05,13.5,0,0,0,0,19-APR-2021,
OPTSTK,GUJGASLTD,27-May-2021,500,PE,0,0,0,0.15,16.8,0,0,0,0,19-APR-2021,
OPTSTK,GUJGASLTD,27-May-2021,510,PE,0,0,0,8.8,20.6,0,0,0,0,19-APR-2021,
OPTSTK,GUJGASLTD,27-May-2021,520,PE,0,0,0,18.75,24.9,0,0,0,0,19-APR-2021,
OPTSTK,GUJGASLTD,27-May-2021,530,PE,0,0,0,28.65,29.7,0,0,0,0,19-APR-2021,
OPTSTK,GUJGASLTD,27-May-2021,540,PE,0,0,0,38.55,34.95,0,0,0,0,19-APR-2021,
OPTSTK,GUJGASLTD,27-May-2021,550,PE,0,0,0,48.45,40.75,0,0,0,0,19-APR-2021,
OPTSTK,GUJGASLTD,27-May-2021,560,PE,0,0,0,58.35,46.95,0,0,0,0,19-APR-2021,
OPTSTK,GUJGASLTD,27-May-2021,570,PE,0,0,0,68.25,53.6,0,0,0,0,19-APR-2021,
OPTSTK,GUJGASLTD,27-May-2021,580,PE,0,0,0,78.15,60.7,0,0,0,0,19-APR-2021,
OPTSTK,GUJGASLTD,27-May-2021,590,PE,0,0,0,88.1,68.15,0,0,0,0,19-APR-2021,
OPTSTK,GUJGASLTD,27-May-2021,600,PE,0,0,0,98,75.9,0,0,0,0,19-APR-2021,
OPTSTK,GUJGASLTD,27-May-2021,610,PE,0,0,0,107.9,84,0,0,0,0,19-APR-2021,
OPTSTK,GUJGASLTD,27-May-2021,620,PE,0,0,0,117.8,92.4,0,0,0,0,19-APR-2021,
OPTSTK,GUJGASLTD,27-May-2021,630,PE,0,0,0,127.7,101,0,0,0,0,19-APR-2021,
OPTSTK,GUJGASLTD,27-May-2021,640,PE,0,0,0,137.6,109.8,0,0,0,0,19-APR-2021,
OPTSTK,GUJGASLTD,27-May-2021,650,PE,0,0,0,147.5,118.85,0,0,0,0,19-APR-2021,
OPTSTK,GUJGASLTD,27-May-2021,660,PE,0,0,0,157.45,128,0,0,0,0,19-APR-2021,
OPTSTK,GUJGASLTD,27-May-2021,670,PE,0,0,0,167.35,137.3,0,0,0,0,19-APR-2021,
OPTSTK,GUJGASLTD,27-May-2021,680,PE,0,0,0,177.25,146.75,0,0,0,0,19-APR-2021,
OPTSTK,GUJGASLTD,24-Jun-2021,390,CE,0,0,0,131.35,147.65,0,0,0,0,19-APR-2021,
OPTSTK,GUJGASLTD,24-Jun-2021,400,CE,0,0,0,123,138.45,0,0,0,0,19-APR-2021,
OPTSTK,GUJGASLTD,24-Jun-2021,410,CE,0,0,0,114.85,129.5,0,0,0,0,19-APR-2021,
OPTSTK,GUJGASLTD,24-Jun-2021,420,CE,0,0,0,107,120.75,0,0,0,0,19-APR-2021,
OPTSTK,GUJGASLTD,24-Jun-2021,430,CE,0,0,0,99.45,112.25,0,0,0,0,19-APR-2021,
OPTSTK,GUJGASLTD,24-Jun-2021,440,CE,0,0,0,92.2,104,0,0,0,0,19-APR-2021,
OPTSTK,GUJGASLTD,24-Jun-2021,450,CE,0,0,0,85.3,96.05,0,0,0,0,19-APR-2021,
OPTSTK,GUJGASLTD,24-Jun-2021,460,CE,0,0,0,78.7,88.45,0,0,0,0,19-APR-2021,
OPTSTK,GUJGASLTD,24-Jun-2021,470,CE,0,0,0,72.45,81.2,0,0,0,0,19-APR-2021,
OPTSTK,GUJGASLTD,24-Jun-2021,480,CE,0,0,0,66.55,74.3,0,0,0,0,19-APR-2021,
OPTSTK,GUJGASLTD,24-Jun-2021,490,CE,0,0,0,61,67.75,0,0,0,0,19-APR-2021,
OPTSTK,GUJGASLTD,24-Jun-2021,500,CE,0,0,0,55.8,61.6,0,0,0,0,19-APR-2021,
OPTSTK,GUJGASLTD,24-Jun-2021,510,CE,0,0,0,50.9,55.85,0,0,0,0,19-APR-2021,
OPTSTK,GUJGASLTD,24-Jun-2021,520,CE,0,0,0,46.35,50.45,0,0,0,0,19-APR-2021,
OPTSTK,GUJGASLTD,24-Jun-2021,530,CE,0,0,0,42.15,45.45,0,0,0,0,19-APR-2021,
OPTSTK,GUJGASLTD,24-Jun-2021,540,CE,0,0,0,38.25,40.85,0,0,0,0,19-APR-2021,
OPTSTK,GUJGASLTD,24-Jun-2021,550,CE,0,0,0,34.6,36.6,0,0,0,0,19-APR-2021,
OPTSTK,GUJGASLTD,24-Jun-2021,560,CE,0,0,0,31.3,32.65,0,0,0,0,19-APR-2021,
OPTSTK,GUJGASLTD,24-Jun-2021,570,CE,0,0,0,28.2,29.1,0,0,0,0,19-APR-2021,
OPTSTK,GUJGASLTD,24-Jun-2021,580,CE,0,0,0,25.4,25.85,0,0,0,0,19-APR-2021,
OPTSTK,GUJGASLTD,24-Jun-2021,590,CE,0,0,0,22.85,22.9,0,0,0,0,19-APR-2021,
OPTSTK,GUJGASLTD,24-Jun-2021,600,CE,0,0,0,20.55,20.25,0,0,0,0,19-APR-2021,
OPTSTK,GUJGASLTD,24-Jun-2021,610,CE,0,0,0,18.4,17.85,0,0,0,0,19-APR-2021,
OPTSTK,GUJGASLTD,24-Jun-2021,620,CE,0,0,0,16.5,15.7,0,0,0,0,19-APR-2021,
OPTSTK,GUJGASLTD,24-Jun-2021,630,CE,0,0,0,14.7,13.75,0,0,0,0,19-APR-2021,
OPTSTK,GUJGASLTD,24-Jun-2021,640,CE,0,0,0,13.15,12.05,0,0,0,0,19-APR-2021,
OPTSTK,GUJGASLTD,24-Jun-2021,650,CE,0,0,0,11.7,10.55,0,0,0,0,19-APR-2021,
OPTSTK,GUJGASLTD,24-Jun-2021,660,CE,0,0,0,10.4,9.2,0,0,0,0,19-APR-2021,
OPTSTK,GUJGASLTD,24-Jun-2021,670,CE,0,0,0,9.25,8,0,0,0,0,19-APR-2021,
OPTSTK,GUJGASLTD,24-Jun-2021,680,CE,0,0,0,8.25,6.95,0,0,0,0,19-APR-2021,
OPTSTK,GUJGASLTD,24-Jun-2021,390,PE,0,0,0,5.9,2.15,0,0,0,0,19-APR-2021,
OPTSTK,GUJGASLTD,24-Jun-2021,400,PE,0,0,0,7.4,2.9,0,0,0,0,19-APR-2021,
OPTSTK,GUJGASLTD,24-Jun-2021,410,PE,0,0,0,9.2,3.85,0,0,0,0,19-APR-2021,
OPTSTK,GUJGASLTD,24-Jun-2021,420,PE,0,0,0,11.25,5.05,0,0,0,0,19-APR-2021,
OPTSTK,GUJGASLTD,24-Jun-2021,430,PE,0,0,0,13.6,6.45,0,0,0,0,19-APR-2021,
OPTSTK,GUJGASLTD,24-Jun-2021,440,PE,0,0,0,16.25,8.15,0,0,0,0,19-APR-2021,
OPTSTK,GUJGASLTD,24-Jun-2021,450,PE,0,0,0,19.25,10.2,0,0,0,0,19-APR-2021,
OPTSTK,GUJGASLTD,24-Jun-2021,460,PE,0,0,0,22.55,12.5,0,0,0,0,19-APR-2021,
OPTSTK,GUJGASLTD,24-Jun-2021,470,PE,0,0,0,26.2,15.2,0,0,0,0,19-APR-2021,
OPTSTK,GUJGASLTD,24-Jun-2021,480,PE,0,0,0,30.25,18.2,0,0,0,0,19-APR-2021,
OPTSTK,GUJGASLTD,24-Jun-2021,490,PE,0,0,0,34.6,21.6,0,0,0,0,19-APR-2021,
OPTSTK,GUJGASLTD,24-Jun-2021,500,PE,0,0,0,39.3,25.4,0,0,0,0,19-APR-2021,
OPTSTK,GUJGASLTD,24-Jun-2021,510,PE,0,0,0,44.3,29.55,0,0,0,0,19-APR-2021,
OPTSTK,GUJGASLTD,24-Jun-2021,520,PE,0,0,0,49.7,34.1,0,0,0,0,19-APR-2021,
OPTSTK,GUJGASLTD,24-Jun-2021,530,PE,0,0,0,55.35,39.05,0,0,0,0,19-APR-2021,
OPTSTK,GUJGASLTD,24-Jun-2021,540,PE,0,0,0,61.35,44.35,0,0,0,0,19-APR-2021,
OPTSTK,GUJGASLTD,24-Jun-2021,550,PE,0,0,0,67.65,50,0,0,0,0,19-APR-2021,
OPTSTK,GUJGASLTD,24-Jun-2021,560,PE,0,0,0,74.2,56.05,0,0,0,0,19-APR-2021,
OPTSTK,GUJGASLTD,24-Jun-2021,570,PE,0,0,0,81.05,62.4,0,0,0,0,19-APR-2021,
OPTSTK,GUJGASLTD,24-Jun-2021,580,PE,0,0,0,88.15,69.1,0,0,0,0,19-APR-2021,
OPTSTK,GUJGASLTD,24-Jun-2021,590,PE,0,0,0,95.55,76.05,0,0,0,0,19-APR-2021,
OPTSTK,GUJGASLTD,24-Jun-2021,600,PE,0,0,0,103.1,83.3,0,0,0,0,19-APR-2021,
OPTSTK,GUJGASLTD,24-Jun-2021,610,PE,0,0,0,110.9,90.9,0,0,0,0,19-APR-2021,
OPTSTK,GUJGASLTD,24-Jun-2021,620,PE,0,0,0,118.85,98.7,0,0,0,0,19-APR-2021,
OPTSTK,GUJGASLTD,24-Jun-2021,630,PE,0,0,0,127,106.65,0,0,0,0,19-APR-2021,
OPTSTK,GUJGASLTD,24-Jun-2021,640,PE,0,0,0,135.35,114.9,0,0,0,0,19-APR-2021,
OPTSTK,GUJGASLTD,24-Jun-2021,650,PE,0,0,0,143.8,123.3,0,0,0,0,19-APR-2021,
OPTSTK,GUJGASLTD,24-Jun-2021,660,PE,0,0,0,152.45,131.85,0,0,0,0,19-APR-2021,
OPTSTK,GUJGASLTD,24-Jun-2021,670,PE,0,0,0,161.2,140.6,0,0,0,0,19-APR-2021,
OPTSTK,GUJGASLTD,24-Jun-2021,680,PE,0,0,0,170.05,149.5,0,0,0,0,19-APR-2021,
OPTSTK,HAVELLS,29-Apr-2021,780,CE,0,0,0,278.5,221.7,0,0,0,0,19-APR-2021,
OPTSTK,HAVELLS,29-Apr-2021,800,CE,0,0,0,260.8,201.75,0,0,0,0,19-APR-2021,
OPTSTK,HAVELLS,29-Apr-2021,820,CE,0,0,0,372.65,181.85,0,0,0,0,19-APR-2021,
OPTSTK,HAVELLS,29-Apr-2021,830,CE,0,0,0,363.25,171.9,0,0,0,0,19-APR-2021,
OPTSTK,HAVELLS,29-Apr-2021,840,CE,0,0,0,353.95,162,0,0,0,0,19-APR-2021,
OPTSTK,HAVELLS,29-Apr-2021,850,CE,0,0,0,344.7,152.15,0,0,0,0,19-APR-2021,
OPTSTK,HAVELLS,29-Apr-2021,860,CE,0,0,0,335.5,142.35,0,0,0,0,19-APR-2021,
OPTSTK,HAVELLS,29-Apr-2021,870,CE,0,0,0,326.4,132.65,0,0,0,0,19-APR-2021,
OPTSTK,HAVELLS,29-Apr-2021,880,CE,0,0,0,317.35,123.1,0,0,0,0,19-APR-2021,
OPTSTK,HAVELLS,29-Apr-2021,890,CE,0,0,0,308.45,113.65,0,0,0,0,19-APR-2021,
OPTSTK,HAVELLS,29-Apr-2021,900,CE,0,0,0,299.6,104.4,0,0,0,0,19-APR-2021,
OPTSTK,HAVELLS,29-Apr-2021,910,CE,0,0,0,290.85,95.4,0,0,0,0,19-APR-2021,
OPTSTK,HAVELLS,29-Apr-2021,920,CE,0,0,0,282.2,86.65,0,0,0,0,19-APR-2021,
OPTSTK,HAVELLS,29-Apr-2021,930,CE,0,0,0,273.65,78.2,0,0,0,0,19-APR-2021,
OPTSTK,HAVELLS,29-Apr-2021,940,CE,0,0,0,265.25,70.15,0,0,0,0,19-APR-2021,
OPTSTK,HAVELLS,29-Apr-2021,950,CE,0,0,0,256.95,62.5,0,0,0,0,19-APR-2021,
OPTSTK,HAVELLS,29-Apr-2021,960,CE,0,0,0,248.75,55.2,0,0,0,0,19-APR-2021,
OPTSTK,HAVELLS,29-Apr-2021,970,CE,0,0,0,240.7,48.45,0,0,0,0,19-APR-2021,
OPTSTK,HAVELLS,29-Apr-2021,980,CE,0,0,0,232.8,42.2,0,0,0,0,19-APR-2021,
OPTSTK,HAVELLS,29-Apr-2021,990,CE,0,0,0,225,36.5,0,0,0,0,19-APR-2021,
OPTSTK,HAVELLS,29-Apr-2021,1000,CE,20,29.95,19.8,26.3,26.3,178,1824.18,61000,11000,19-APR-2021,
OPTSTK,HAVELLS,29-Apr-2021,1010,CE,19.15,26.5,19.1,21,21,13,134.04,11000,5000,19-APR-2021,
OPTSTK,HAVELLS,29-Apr-2021,1020,CE,11.45,19.4,11.45,17.2,17.2,263,2725.85,68000,13000,19-APR-2021,
OPTSTK,HAVELLS,29-Apr-2021,1030,CE,8.1,14.85,8.1,13.9,13.9,51,531.69,37000,6000,19-APR-2021,
OPTSTK,HAVELLS,29-Apr-2021,1040,CE,7,13,7,11.55,11.55,129,1355.84,57000,7000,19-APR-2021,
OPTSTK,HAVELLS,29-Apr-2021,1050,CE,5.15,10.25,4.8,9.35,9.35,288,3049.83,105000,3000,19-APR-2021,
OPTSTK,HAVELLS,29-Apr-2021,1060,CE,7.15,8.35,6.05,7.7,7.7,79,843.07,62000,10000,19-APR-2021,
OPTSTK,HAVELLS,29-Apr-2021,1070,CE,5.6,5.75,5.6,5.75,8.45,7,75.29,32000,-2000,19-APR-2021,
OPTSTK,HAVELLS,29-Apr-2021,1080,CE,4.35,5.6,4.1,5.2,5.2,132,1432.07,92000,13000,19-APR-2021,
OPTSTK,HAVELLS,29-Apr-2021,1090,CE,4,5.2,3.15,3.85,5.4,8,87.52,29000,-3000,19-APR-2021,
OPTSTK,HAVELLS,29-Apr-2021,1100,CE,5.5,5.5,3,3.4,3.4,371,4093.79,391000,-1000,19-APR-2021,
OPTSTK,HAVELLS,29-Apr-2021,1110,CE,3.55,3.55,2.45,2.7,2.7,51,567.52,25000,-4000,19-APR-2021,
OPTSTK,HAVELLS,29-Apr-2021,1120,CE,1.85,2.8,1.85,2.5,2.5,78,875.48,62000,-5000,19-APR-2021,
OPTSTK,HAVELLS,29-Apr-2021,1130,CE,3,3,3,3,3,1,11.33,35000,0,19-APR-2021,
OPTSTK,HAVELLS,29-Apr-2021,1140,CE,1.3,2.3,1.3,1.85,1.85,81,924.93,252000,-13000,19-APR-2021,
OPTSTK,HAVELLS,29-Apr-2021,1150,CE,1.3,1.6,1.25,1.4,1.4,46,529.66,174000,-22000,19-APR-2021,
OPTSTK,HAVELLS,29-Apr-2021,1160,CE,1.05,1.05,0.9,0.9,0.9,3,34.82,7000,0,19-APR-2021,
OPTSTK,HAVELLS,29-Apr-2021,1170,CE,0,0,0,110.95,0.65,0,0,0,0,19-APR-2021,
OPTSTK,HAVELLS,29-Apr-2021,1180,CE,1.4,1.4,0.6,0.6,0.6,12,141.69,20000,3000,19-APR-2021,
OPTSTK,HAVELLS,29-Apr-2021,1190,CE,0,0,0,101.5,0.35,0,0,0,0,19-APR-2021,
OPTSTK,HAVELLS,29-Apr-2021,1200,CE,1,1,0.55,0.6,0.6,102,1224.75,306000,-34000,19-APR-2021,
OPTSTK,HAVELLS,29-Apr-2021,1210,CE,0,0,0,1.5,0.2,0,0,2000,0,19-APR-2021,
OPTSTK,HAVELLS,29-Apr-2021,1220,CE,0.45,0.75,0.45,0.5,0.15,12,146.46,16000,-12000,19-APR-2021,
OPTSTK,HAVELLS,29-Apr-2021,1230,CE,0,0,0,84.4,0.1,0,0,0,0,19-APR-2021,
OPTSTK,HAVELLS,29-Apr-2021,1240,CE,0,0,0,0.85,0.1,0,0,18000,0,19-APR-2021,
OPTSTK,HAVELLS,29-Apr-2021,1250,CE,0.25,0.5,0.25,0.5,0.05,11,137.54,55000,-7000,19-APR-2021,
OPTSTK,HAVELLS,29-Apr-2021,1260,CE,0,0,0,3.1,0.05,0,0,1000,0,19-APR-2021,
OPTSTK,HAVELLS,29-Apr-2021,1270,CE,0,0,0,0.35,0.05,0,0,5000,0,19-APR-2021,
OPTSTK,HAVELLS,29-Apr-2021,1280,CE,0,0,0,66.3,0.05,0,0,0,0,19-APR-2021,
OPTSTK,HAVELLS,29-Apr-2021,1290,CE,0,0,0,63.1,0.05,0,0,0,0,19-APR-2021,
OPTSTK,HAVELLS,29-Apr-2021,1300,CE,0.1,0.55,0.1,0.5,0.05,24,312.07,38000,-11000,19-APR-2021,
OPTSTK,HAVELLS,29-Apr-2021,1310,CE,0,0,0,57.05,0,0,0,0,0,19-APR-2021,
OPTSTK,HAVELLS,29-Apr-2021,1320,CE,0,0,0,54.25,0,0,0,0,0,19-APR-2021,
OPTSTK,HAVELLS,29-Apr-2021,1330,CE,0,0,0,51.5,0,0,0,0,0,19-APR-2021,
OPTSTK,HAVELLS,29-Apr-2021,1340,CE,0,0,0,48.9,0,0,0,0,0,19-APR-2021,
OPTSTK,HAVELLS,29-Apr-2021,1350,CE,0,0,0,46.5,0,0,0,0,0,19-APR-2021,
OPTSTK,HAVELLS,29-Apr-2021,1360,CE,0,0,0,44.1,0,0,0,0,0,19-APR-2021,
OPTSTK,HAVELLS,29-Apr-2021,1370,CE,0,0,0,41.85,0,0,0,0,0,19-APR-2021,
OPTSTK,HAVELLS,29-Apr-2021,1380,CE,0,0,0,39.65,0,0,0,0,0,19-APR-2021,
OPTSTK,HAVELLS,29-Apr-2021,1390,CE,0,0,0,37.6,0,0,0,0,0,19-APR-2021,
OPTSTK,HAVELLS,29-Apr-2021,1400,CE,0,0,0,0.2,0,0,0,0,0,19-APR-2021,
OPTSTK,HAVELLS,29-Apr-2021,780,PE,0,0,0,6.75,0.05,0,0,0,0,19-APR-2021,
OPTSTK,HAVELLS,29-Apr-2021,800,PE,0,0,0,8.85,0.05,0,0,0,0,19-APR-2021,
OPTSTK,HAVELLS,29-Apr-2021,820,PE,0,0,0,3.3,0.1,0,0,0,0,19-APR-2021,
OPTSTK,HAVELLS,29-Apr-2021,830,PE,0,0,0,3.85,0.15,0,0,0,0,19-APR-2021,
OPTSTK,HAVELLS,29-Apr-2021,840,PE,0,0,0,4.4,0.25,0,0,0,0,19-APR-2021,
OPTSTK,HAVELLS,29-Apr-2021,850,PE,1.35,1.55,1.35,1.55,0.4,5,42.57,23000,-4000,19-APR-2021,
OPTSTK,HAVELLS,29-Apr-2021,860,PE,0,0,0,5.8,0.6,0,0,0,0,19-APR-2021,
OPTSTK,HAVELLS,29-Apr-2021,870,PE,0,0,0,6.6,0.9,0,0,0,0,19-APR-2021,
OPTSTK,HAVELLS,29-Apr-2021,880,PE,0,0,0,7.45,1.3,0,0,0,0,19-APR-2021,
OPTSTK,HAVELLS,29-Apr-2021,890,PE,0,0,0,8.45,1.85,0,0,0,0,19-APR-2021,
OPTSTK,HAVELLS,29-Apr-2021,900,PE,3,4.2,2.35,2.55,2.55,59,532.97,130000,4000,19-APR-2021,
OPTSTK,HAVELLS,29-Apr-2021,910,PE,0,0,0,3,3.6,0,0,3000,0,19-APR-2021,
OPTSTK,HAVELLS,29-Apr-2021,920,PE,10,10,3.3,4.35,4.35,211,1951.87,32000,5000,19-APR-2021,
OPTSTK,HAVELLS,29-Apr-2021,930,PE,0,0,0,4.5,6.4,0,0,4000,0,19-APR-2021,
OPTSTK,HAVELLS,29-Apr-2021,940,PE,0,0,0,6.3,8.3,0,0,5000,0,19-APR-2021,
OPTSTK,HAVELLS,29-Apr-2021,950,PE,12,12,6.5,8.1,8.1,133,1275.68,78000,-16000,19-APR-2021,
OPTSTK,HAVELLS,29-Apr-2021,960,PE,0,0,0,9.15,13.35,0,0,21000,0,19-APR-2021,
OPTSTK,HAVELLS,29-Apr-2021,970,PE,10.9,13,10.85,12.3,12.3,11,108.01,21000,2000,19-APR-2021,
OPTSTK,HAVELLS,29-Apr-2021,980,PE,20,20.65,14.9,15.5,20.35,19,189.8,48000,-3000,19-APR-2021,
OPTSTK,HAVELLS,29-Apr-2021,990,PE,25.6,25.6,16.75,18.7,18.7,29,293.45,17000,2000,19-APR-2021,
OPTSTK,HAVELLS,29-Apr-2021,1000,PE,36.45,44.05,20.25,24.05,24.05,154,1582.19,143000,0,19-APR-2021,
OPTSTK,HAVELLS,29-Apr-2021,1010,PE,40.8,40.8,26.45,29.45,29.45,9,93.68,22000,1000,19-APR-2021,
OPTSTK,HAVELLS,29-Apr-2021,1020,PE,49.8,49.8,34.55,35.85,35.85,9,95.49,47000,-1000,19-APR-2021,
OPTSTK,HAVELLS,29-Apr-2021,1030,PE,47.45,47.45,41.85,41.85,41.85,2,21.49,21000,-2000,19-APR-2021,
OPTSTK,HAVELLS,29-Apr-2021,1040,PE,55.95,55.95,55.95,55.95,53.6,1,10.95,29000,0,19-APR-2021,
OPTSTK,HAVELLS,29-Apr-2021,1050,PE,61.65,61.8,54.9,54.9,60.85,5,55.38,41000,-3000,19-APR-2021,
OPTSTK,HAVELLS,29-Apr-2021,1060,PE,71.6,72.9,71.6,72.9,68.5,3,33.97,47000,-2000,19-APR-2021,
OPTSTK,HAVELLS,29-Apr-2021,1070,PE,0,0,0,75.25,76.5,0,0,8000,0,19-APR-2021,
OPTSTK,HAVELLS,29-Apr-2021,1080,PE,87.35,87.4,87.35,87.4,84.8,2,23.34,27000,-1000,19-APR-2021,
OPTSTK,HAVELLS,29-Apr-2021,1090,PE,0,0,0,95,93.4,0,0,3000,0,19-APR-2021,
OPTSTK,HAVELLS,29-Apr-2021,1100,PE,114.85,114.85,95,95,102.25,3,36.04,30000,-1000,19-APR-2021,
OPTSTK,HAVELLS,29-Apr-2021,1110,PE,0,0,0,47.5,111.3,0,0,4000,0,19-APR-2021,
OPTSTK,HAVELLS,29-Apr-2021,1120,PE,0,0,0,100.15,120.55,0,0,3000,0,19-APR-2021,
OPTSTK,HAVELLS,29-Apr-2021,1130,PE,0,0,0,69.6,129.95,0,0,0,0,19-APR-2021,
OPTSTK,HAVELLS,29-Apr-2021,1140,PE,0,0,0,116.65,139.5,0,0,2000,0,19-APR-2021,
OPTSTK,HAVELLS,29-Apr-2021,1150,PE,0,0,0,78.65,149.1,0,0,0,0,19-APR-2021,
OPTSTK,HAVELLS,29-Apr-2021,1160,PE,0,0,0,83.45,158.8,0,0,0,0,19-APR-2021,
OPTSTK,HAVELLS,29-Apr-2021,1170,PE,0,0,0,100,168.6,0,0,1000,0,19-APR-2021,
OPTSTK,HAVELLS,29-Apr-2021,1180,PE,0,0,0,93.5,178.4,0,0,0,0,19-APR-2021,
OPTSTK,HAVELLS,29-Apr-2021,1190,PE,0,0,0,98.75,188.3,0,0,0,0,19-APR-2021,
OPTSTK,HAVELLS,29-Apr-2021,1200,PE,0,0,0,120.2,198.15,0,0,1000,0,19-APR-2021,
OPTSTK,HAVELLS,29-Apr-2021,1210,PE,0,0,0,109.7,208.1,0,0,0,0,19-APR-2021,
OPTSTK,HAVELLS,29-Apr-2021,1220,PE,0,0,0,115.4,218.05,0,0,0,0,19-APR-2021,
OPTSTK,HAVELLS,29-Apr-2021,1230,PE,0,0,0,121.25,228,0,0,0,0,19-APR-2021,
OPTSTK,HAVELLS,29-Apr-2021,1240,PE,0,0,0,127.3,237.95,0,0,0,0,19-APR-2021,
OPTSTK,HAVELLS,29-Apr-2021,1250,PE,0,0,0,133.45,247.9,0,0,0,0,19-APR-2021,
OPTSTK,HAVELLS,29-Apr-2021,1260,PE,0,0,0,139.7,257.9,0,0,0,0,19-APR-2021,
OPTSTK,HAVELLS,29-Apr-2021,1270,PE,0,0,0,146.15,267.9,0,0,0,0,19-APR-2021,
OPTSTK,HAVELLS,29-Apr-2021,1280,PE,0,0,0,152.7,277.85,0,0,0,0,19-APR-2021,
OPTSTK,HAVELLS,29-Apr-2021,1290,PE,0,0,0,159.4,287.85,0,0,0,0,19-APR-2021,
OPTSTK,HAVELLS,29-Apr-2021,1300,PE,0,0,0,166.25,297.85,0,0,0,0,19-APR-2021,
OPTSTK,HAVELLS,29-Apr-2021,1310,PE,0,0,0,173.2,307.8,0,0,0,0,19-APR-2021,
OPTSTK,HAVELLS,29-Apr-2021,1320,PE,0,0,0,180.25,317.8,0,0,0,0,19-APR-2021,
OPTSTK,HAVELLS,29-Apr-2021,1330,PE,0,0,0,187.45,327.8,0,0,0,0,19-APR-2021,
OPTSTK,HAVELLS,29-Apr-2021,1340,PE,0,0,0,194.75,337.8,0,0,0,0,19-APR-2021,
OPTSTK,HAVELLS,29-Apr-2021,1350,PE,0,0,0,202.25,347.8,0,0,0,0,19-APR-2021,
OPTSTK,HAVELLS,29-Apr-2021,1360,PE,0,0,0,209.75,357.75,0,0,0,0,19-APR-2021,
OPTSTK,HAVELLS,29-Apr-2021,1370,PE,0,0,0,217.4,367.75,0,0,0,0,19-APR-2021,
OPTSTK,HAVELLS,29-Apr-2021,1380,PE,0,0,0,225.15,377.75,0,0,0,0,19-APR-2021,
OPTSTK,HAVELLS,29-Apr-2021,1390,PE,0,0,0,233,387.75,0,0,0,0,19-APR-2021,
OPTSTK,HAVELLS,29-Apr-2021,1400,PE,0,0,0,240.9,397.75,0,0,0,0,19-APR-2021,
OPTSTK,HAVELLS,27-May-2021,780,CE,0,0,0,337.7,226.3,0,0,0,0,19-APR-2021,
OPTSTK,HAVELLS,27-May-2021,800,CE,0,0,0,319.45,207.6,0,0,0,0,19-APR-2021,
OPTSTK,HAVELLS,27-May-2021,820,CE,0,0,0,368.65,189.35,0,0,0,0,19-APR-2021,
OPTSTK,HAVELLS,27-May-2021,830,CE,0,0,0,359.45,180.45,0,0,0,0,19-APR-2021,
OPTSTK,HAVELLS,27-May-2021,840,CE,0,0,0,350.3,171.65,0,0,0,0,19-APR-2021,
OPTSTK,HAVELLS,27-May-2021,850,CE,0,0,0,341.3,163.05,0,0,0,0,19-APR-2021,
OPTSTK,HAVELLS,27-May-2021,860,CE,0,0,0,332.3,154.65,0,0,0,0,19-APR-2021,
OPTSTK,HAVELLS,27-May-2021,870,CE,0,0,0,323.45,146.45,0,0,0,0,19-APR-2021,
OPTSTK,HAVELLS,27-May-2021,880,CE,0,0,0,314.65,138.4,0,0,0,0,19-APR-2021,
OPTSTK,HAVELLS,27-May-2021,890,CE,0,0,0,306,130.6,0,0,0,0,19-APR-2021,
OPTSTK,HAVELLS,27-May-2021,900,CE,0,0,0,297.4,123.05,0,0,0,0,19-APR-2021,
OPTSTK,HAVELLS,27-May-2021,910,CE,0,0,0,288.95,115.75,0,0,0,0,19-APR-2021,
OPTSTK,HAVELLS,27-May-2021,920,CE,0,0,0,280.55,108.65,0,0,0,0,19-APR-2021,
OPTSTK,HAVELLS,27-May-2021,930,CE,0,0,0,272.3,101.75,0,0,0,0,19-APR-2021,
OPTSTK,HAVELLS,27-May-2021,940,CE,0,0,0,264.2,95.2,0,0,0,0,19-APR-2021,
OPTSTK,HAVELLS,27-May-2021,950,CE,0,0,0,256.2,88.85,0,0,0,0,19-APR-2021,
OPTSTK,HAVELLS,27-May-2021,960,CE,0,0,0,248.3,82.85,0,0,0,0,19-APR-2021,
OPTSTK,HAVELLS,27-May-2021,970,CE,0,0,0,240.55,77.05,0,0,0,0,19-APR-2021,
OPTSTK,HAVELLS,27-May-2021,980,CE,0,0,0,232.9,71.6,0,0,0,0,19-APR-2021,
OPTSTK,HAVELLS,27-May-2021,990,CE,0,0,0,225.4,66.35,0,0,0,0,19-APR-2021,
OPTSTK,HAVELLS,27-May-2021,1000,CE,0,0,0,218.1,61.4,0,0,0,0,19-APR-2021,
OPTSTK,HAVELLS,27-May-2021,1010,CE,0,0,0,210.9,56.7,0,0,0,0,19-APR-2021,
OPTSTK,HAVELLS,27-May-2021,1020,CE,0,0,0,67,52.3,0,0,4000,0,19-APR-2021,
OPTSTK,HAVELLS,27-May-2021,1030,CE,0,0,0,196.85,48.15,0,0,0,0,19-APR-2021,
OPTSTK,HAVELLS,27-May-2021,1040,CE,0,0,0,190.1,44.25,0,0,0,0,19-APR-2021,
OPTSTK,HAVELLS,27-May-2021,1050,CE,0,0,0,40,40.6,0,0,1000,0,19-APR-2021,
OPTSTK,HAVELLS,27-May-2021,1060,CE,0,0,0,176.95,37.15,0,0,0,0,19-APR-2021,
OPTSTK,HAVELLS,27-May-2021,1070,CE,0,0,0,170.6,33.95,0,0,0,0,19-APR-2021,
OPTSTK,HAVELLS,27-May-2021,1080,CE,0,0,0,164.45,31,0,0,0,0,19-APR-2021,
OPTSTK,HAVELLS,27-May-2021,1090,CE,0,0,0,158.4,28.25,0,0,0,0,19-APR-2021,
OPTSTK,HAVELLS,27-May-2021,1100,CE,0,0,0,22.95,25.75,0,0,4000,0,19-APR-2021,
OPTSTK,HAVELLS,27-May-2021,1110,CE,0,0,0,146.8,23.4,0,0,0,0,19-APR-2021,
OPTSTK,HAVELLS,27-May-2021,1120,CE,0,0,0,141.25,21.2,0,0,0,0,19-APR-2021,
OPTSTK,HAVELLS,27-May-2021,1130,CE,0,0,0,135.85,19.15,0,0,0,0,19-APR-2021,
OPTSTK,HAVELLS,27-May-2021,1140,CE,0,0,0,130.6,17.35,0,0,0,0,19-APR-2021,
OPTSTK,HAVELLS,27-May-2021,1150,CE,0,0,0,125.45,15.65,0,0,0,0,19-APR-2021,
OPTSTK,HAVELLS,27-May-2021,1160,CE,0,0,0,120.5,14.1,0,0,0,0,19-APR-2021,
OPTSTK,HAVELLS,27-May-2021,1170,CE,0,0,0,115.7,12.7,0,0,0,0,19-APR-2021,
OPTSTK,HAVELLS,27-May-2021,1180,CE,0,0,0,111,11.4,0,0,0,0,19-APR-2021,
OPTSTK,HAVELLS,27-May-2021,1190,CE,0,0,0,106.5,10.2,0,0,0,0,19-APR-2021,
OPTSTK,HAVELLS,27-May-2021,1200,CE,0,0,0,11.25,9.15,0,0,3000,0,19-APR-2021,
OPTSTK,HAVELLS,27-May-2021,1210,CE,0,0,0,97.85,8.2,0,0,0,0,19-APR-2021,
OPTSTK,HAVELLS,27-May-2021,1220,CE,0,0,0,93.75,7.3,0,0,0,0,19-APR-2021,
OPTSTK,HAVELLS,27-May-2021,1230,CE,0,0,0,89.8,6.55,0,0,0,0,19-APR-2021,
OPTSTK,HAVELLS,27-May-2021,1240,CE,0,0,0,85.95,5.8,0,0,0,0,19-APR-2021,
OPTSTK,HAVELLS,27-May-2021,1250,CE,0,0,0,82.25,5.15,0,0,0,0,19-APR-2021,
OPTSTK,HAVELLS,27-May-2021,1260,CE,0,0,0,78.7,4.6,0,0,0,0,19-APR-2021,
OPTSTK,HAVELLS,27-May-2021,1270,CE,0,0,0,75.25,4.1,0,0,0,0,19-APR-2021,
OPTSTK,HAVELLS,27-May-2021,1280,CE,0,0,0,71.9,3.6,0,0,0,0,19-APR-2021,
OPTSTK,HAVELLS,27-May-2021,1290,CE,0,0,0,68.75,3.2,0,0,0,0,19-APR-2021,
OPTSTK,HAVELLS,27-May-2021,1300,CE,0,0,0,65.65,2.85,0,0,0,0,19-APR-2021,
OPTSTK,HAVELLS,27-May-2021,1310,CE,0,0,0,62.7,2.5,0,0,0,0,19-APR-2021,
OPTSTK,HAVELLS,27-May-2021,1320,CE,0,0,0,59.85,2.2,0,0,0,0,19-APR-2021,
OPTSTK,HAVELLS,27-May-2021,1330,CE,0,0,0,57.1,1.95,0,0,0,0,19-APR-2021,
OPTSTK,HAVELLS,27-May-2021,1340,CE,0,0,0,54.45,1.7,0,0,0,0,19-APR-2021,
OPTSTK,HAVELLS,27-May-2021,1350,CE,0,0,0,52,1.5,0,0,0,0,19-APR-2021,
OPTSTK,HAVELLS,27-May-2021,1360,CE,0,0,0,49.55,1.35,0,0,0,0,19-APR-2021,
OPTSTK,HAVELLS,27-May-2021,1370,CE,0,0,0,47.25,1.15,0,0,0,0,19-APR-2021,
OPTSTK,HAVELLS,27-May-2021,1380,CE,0,0,0,45,1,0,0,0,0,19-APR-2021,
OPTSTK,HAVELLS,27-May-2021,1390,CE,0,0,0,42.9,0.9,0,0,0,0,19-APR-2021,
OPTSTK,HAVELLS,27-May-2021,1400,CE,0,0,0,40.85,0.8,0,0,0,0,19-APR-2021,
OPTSTK,HAVELLS,27-May-2021,780,PE,0,0,0,5.15,2.35,0,0,0,0,19-APR-2021,
OPTSTK,HAVELLS,27-May-2021,800,PE,0,0,0,6.7,3.6,0,0,0,0,19-APR-2021,
OPTSTK,HAVELLS,27-May-2021,820,PE,0,0,0,5.2,5.25,0,0,0,0,19-APR-2021,
OPTSTK,HAVELLS,27-May-2021,830,PE,0,0,0,5.9,6.3,0,0,0,0,19-APR-2021,
OPTSTK,HAVELLS,27-May-2021,840,PE,0,0,0,6.7,7.5,0,0,0,0,19-APR-2021,
OPTSTK,HAVELLS,27-May-2021,850,PE,0,0,0,7.55,8.85,0,0,0,0,19-APR-2021,
OPTSTK,HAVELLS,27-May-2021,860,PE,0,0,0,8.5,10.4,0,0,0,0,19-APR-2021,
OPTSTK,HAVELLS,27-May-2021,870,PE,0,0,0,9.55,12.15,0,0,0,0,19-APR-2021,
OPTSTK,HAVELLS,27-May-2021,880,PE,0,0,0,10.7,14.1,0,0,0,0,19-APR-2021,
OPTSTK,HAVELLS,27-May-2021,890,PE,0,0,0,11.9,16.25,0,0,0,0,19-APR-2021,
OPTSTK,HAVELLS,27-May-2021,900,PE,10.9,10.9,10.9,10.9,18.65,1,9.1,1000,1000,19-APR-2021,
OPTSTK,HAVELLS,27-May-2021,910,PE,0,0,0,14.65,21.3,0,0,0,0,19-APR-2021,
OPTSTK,HAVELLS,27-May-2021,920,PE,0,0,0,16.2,24.15,0,0,0,0,19-APR-2021,
OPTSTK,HAVELLS,27-May-2021,930,PE,0,0,0,17.85,27.25,0,0,0,0,19-APR-2021,
OPTSTK,HAVELLS,27-May-2021,940,PE,15,15,15,15,30.6,1,9.55,1000,1000,19-APR-2021,
OPTSTK,HAVELLS,27-May-2021,950,PE,0,0,0,22,34.25,0,0,1000,0,19-APR-2021,
OPTSTK,HAVELLS,27-May-2021,960,PE,0,0,0,23.55,38.2,0,0,0,0,19-APR-2021,
OPTSTK,HAVELLS,27-May-2021,970,PE,0,0,0,25.7,42.4,0,0,0,0,19-APR-2021,
OPTSTK,HAVELLS,27-May-2021,980,PE,0,0,0,28,46.85,0,0,0,0,19-APR-2021,
OPTSTK,HAVELLS,27-May-2021,990,PE,0,0,0,30.4,51.6,0,0,0,0,19-APR-2021,
OPTSTK,HAVELLS,27-May-2021,1000,PE,0,0,0,25,56.6,0,0,0,0,19-APR-2021,
OPTSTK,HAVELLS,27-May-2021,1010,PE,0,0,0,35.7,61.9,0,0,0,0,19-APR-2021,
OPTSTK,HAVELLS,27-May-2021,1020,PE,0,0,0,38.5,67.45,0,0,0,0,19-APR-2021,
OPTSTK,HAVELLS,27-May-2021,1030,PE,0,0,0,41.5,73.25,0,0,0,0,19-APR-2021,
OPTSTK,HAVELLS,27-May-2021,1040,PE,0,0,0,44.6,79.3,0,0,0,0,19-APR-2021,
OPTSTK,HAVELLS,27-May-2021,1050,PE,0,0,0,75,85.6,0,0,1000,0,19-APR-2021,
OPTSTK,HAVELLS,27-May-2021,1060,PE,0,0,0,51.25,92.15,0,0,0,0,19-APR-2021,
OPTSTK,HAVELLS,27-May-2021,1070,PE,0,0,0,54.85,98.9,0,0,0,0,19-APR-2021,
OPTSTK,HAVELLS,27-May-2021,1080,PE,0,0,0,58.6,105.9,0,0,0,0,19-APR-2021,
OPTSTK,HAVELLS,27-May-2021,1090,PE,0,0,0,62.45,113.1,0,0,0,0,19-APR-2021,
OPTSTK,HAVELLS,27-May-2021,1100,PE,0,0,0,66.5,120.55,0,0,0,0,19-APR-2021,
OPTSTK,HAVELLS,27-May-2021,1110,PE,0,0,0,70.7,128.15,0,0,0,0,19-APR-2021,
OPTSTK,HAVELLS,27-May-2021,1120,PE,0,0,0,75.05,135.95,0,0,0,0,19-APR-2021,
OPTSTK,HAVELLS,27-May-2021,1130,PE,0,0,0,79.5,143.85,0,0,0,0,19-APR-2021,
OPTSTK,HAVELLS,27-May-2021,1140,PE,0,0,0,84.15,152,0,0,0,0,19-APR-2021,
OPTSTK,HAVELLS,27-May-2021,1150,PE,0,0,0,88.95,160.25,0,0,0,0,19-APR-2021,
OPTSTK,HAVELLS,27-May-2021,1160,PE,0,0,0,93.9,168.65,0,0,0,0,19-APR-2021,
OPTSTK,HAVELLS,27-May-2021,1170,PE,0,0,0,99,177.2,0,0,0,0,19-APR-2021,
OPTSTK,HAVELLS,27-May-2021,1180,PE,0,0,0,104.25,185.9,0,0,0,0,19-APR-2021,
OPTSTK,HAVELLS,27-May-2021,1190,PE,0,0,0,109.6,194.7,0,0,0,0,19-APR-2021,
OPTSTK,HAVELLS,27-May-2021,1200,PE,0,0,0,115.15,203.6,0,0,0,0,19-APR-2021,
OPTSTK,HAVELLS,27-May-2021,1210,PE,0,0,0,120.8,212.55,0,0,0,0,19-APR-2021,
OPTSTK,HAVELLS,27-May-2021,1220,PE,0,0,0,126.6,221.65,0,0,0,0,19-APR-2021,
OPTSTK,HAVELLS,27-May-2021,1230,PE,0,0,0,132.55,230.85,0,0,0,0,19-APR-2021,
OPTSTK,HAVELLS,27-May-2021,1240,PE,0,0,0,138.6,240.1,0,0,0,0,19-APR-2021,
OPTSTK,HAVELLS,27-May-2021,1250,PE,0,0,0,144.8,249.4,0,0,0,0,19-APR-2021,
OPTSTK,HAVELLS,27-May-2021,1260,PE,0,0,0,151.15,258.8,0,0,0,0,19-APR-2021,
OPTSTK,HAVELLS,27-May-2021,1270,PE,0,0,0,157.65,268.25,0,0,0,0,19-APR-2021,
OPTSTK,HAVELLS,27-May-2021,1280,PE,0,0,0,164.2,277.75,0,0,0,0,19-APR-2021,
OPTSTK,HAVELLS,27-May-2021,1290,PE,0,0,0,170.9,287.3,0,0,0,0,19-APR-2021,
OPTSTK,HAVELLS,27-May-2021,1300,PE,0,0,0,177.75,296.85,0,0,0,0,19-APR-2021,
OPTSTK,HAVELLS,27-May-2021,1310,PE,0,0,0,184.7,306.5,0,0,0,0,19-APR-2021,
OPTSTK,HAVELLS,27-May-2021,1320,PE,0,0,0,191.75,316.15,0,0,0,0,19-APR-2021,
OPTSTK,HAVELLS,27-May-2021,1330,PE,0,0,0,198.9,325.85,0,0,0,0,19-APR-2021,
OPTSTK,HAVELLS,27-May-2021,1340,PE,0,0,0,206.2,335.6,0,0,0,0,19-APR-2021,
OPTSTK,HAVELLS,27-May-2021,1350,PE,0,0,0,213.65,345.35,0,0,0,0,19-APR-2021,
OPTSTK,HAVELLS,27-May-2021,1360,PE,0,0,0,221.1,355.15,0,0,0,0,19-APR-2021,
OPTSTK,HAVELLS,27-May-2021,1370,PE,0,0,0,228.7,364.95,0,0,0,0,19-APR-2021,
OPTSTK,HAVELLS,27-May-2021,1380,PE,0,0,0,236.4,374.75,0,0,0,0,19-APR-2021,
OPTSTK,HAVELLS,27-May-2021,1390,PE,0,0,0,244.15,384.6,0,0,0,0,19-APR-2021,
OPTSTK,HAVELLS,27-May-2021,1400,PE,0,0,0,252,394.45,0,0,0,0,19-APR-2021,
OPTSTK,HAVELLS,24-Jun-2021,780,CE,0,0,0,264.2,233.8,0,0,0,0,19-APR-2021,
OPTSTK,HAVELLS,24-Jun-2021,800,CE,0,0,0,247.3,216.45,0,0,0,0,19-APR-2021,
OPTSTK,HAVELLS,24-Jun-2021,820,CE,0,0,0,230.85,199.65,0,0,0,0,19-APR-2021,
OPTSTK,HAVELLS,24-Jun-2021,840,CE,0,0,0,214.95,183.45,0,0,0,0,19-APR-2021,
OPTSTK,HAVELLS,24-Jun-2021,860,CE,0,0,0,199.7,167.95,0,0,0,0,19-APR-2021,
OPTSTK,HAVELLS,24-Jun-2021,880,CE,0,0,0,185.05,153.2,0,0,0,0,19-APR-2021,
OPTSTK,HAVELLS,24-Jun-2021,900,CE,0,0,0,171.05,139.2,0,0,0,0,19-APR-2021,
OPTSTK,HAVELLS,24-Jun-2021,920,CE,0,0,0,157.7,125.95,0,0,0,0,19-APR-2021,
OPTSTK,HAVELLS,24-Jun-2021,940,CE,0,0,0,145.05,113.55,0,0,0,0,19-APR-2021,
OPTSTK,HAVELLS,24-Jun-2021,960,CE,0,0,0,133.1,102.05,0,0,0,0,19-APR-2021,
OPTSTK,HAVELLS,24-Jun-2021,980,CE,0,0,0,121.85,91.3,0,0,0,0,19-APR-2021,
OPTSTK,HAVELLS,24-Jun-2021,1000,CE,0,0,0,111.3,81.45,0,0,0,0,19-APR-2021,
OPTSTK,HAVELLS,24-Jun-2021,1020,CE,0,0,0,101.45,72.35,0,0,0,0,19-APR-2021,
OPTSTK,HAVELLS,24-Jun-2021,1040,CE,0,0,0,92.25,64.1,0,0,0,0,19-APR-2021,
OPTSTK,HAVELLS,24-Jun-2021,1060,CE,0,0,0,83.75,56.55,0,0,0,0,19-APR-2021,
OPTSTK,HAVELLS,24-Jun-2021,1080,CE,0,0,0,75.8,49.75,0,0,0,0,19-APR-2021,
OPTSTK,HAVELLS,24-Jun-2021,1100,CE,0,0,0,68.55,43.6,0,0,0,0,19-APR-2021,
OPTSTK,HAVELLS,24-Jun-2021,1120,CE,0,0,0,61.8,38.1,0,0,0,0,19-APR-2021,
OPTSTK,HAVELLS,24-Jun-2021,1140,CE,0,0,0,55.65,33.25,0,0,0,0,19-APR-2021,
OPTSTK,HAVELLS,24-Jun-2021,1160,CE,0,0,0,50,28.9,0,0,0,0,19-APR-2021,
OPTSTK,HAVELLS,24-Jun-2021,1180,CE,0,0,0,44.9,25.05,0,0,0,0,19-APR-2021,
OPTSTK,HAVELLS,24-Jun-2021,1200,CE,0,0,0,40.25,21.65,0,0,0,0,19-APR-2021,
OPTSTK,HAVELLS,24-Jun-2021,1220,CE,0,0,0,36,18.65,0,0,0,0,19-APR-2021,
OPTSTK,HAVELLS,24-Jun-2021,1240,CE,0,0,0,32.1,16,0,0,0,0,19-APR-2021,
OPTSTK,HAVELLS,24-Jun-2021,1260,CE,0,0,0,28.6,13.75,0,0,0,0,19-APR-2021,
OPTSTK,HAVELLS,24-Jun-2021,1280,CE,0,0,0,25.5,11.75,0,0,0,0,19-APR-2021,
OPTSTK,HAVELLS,24-Jun-2021,1300,CE,0,0,0,22.65,10.05,0,0,0,0,19-APR-2021,
OPTSTK,HAVELLS,24-Jun-2021,1320,CE,0,0,0,20.1,8.55,0,0,0,0,19-APR-2021,
OPTSTK,HAVELLS,24-Jun-2021,1340,CE,0,0,0,17.8,7.25,0,0,0,0,19-APR-2021,
OPTSTK,HAVELLS,24-Jun-2021,1360,CE,0,0,0,15.8,6.15,0,0,0,0,19-APR-2021,
OPTSTK,HAVELLS,24-Jun-2021,1380,CE,0,0,0,13.95,5.2,0,0,0,0,19-APR-2021,
OPTSTK,HAVELLS,24-Jun-2021,1400,CE,0,0,0,12.3,4.4,0,0,0,0,19-APR-2021,
OPTSTK,HAVELLS,24-Jun-2021,780,PE,0,0,0,10.8,7.65,0,0,0,0,19-APR-2021,
OPTSTK,HAVELLS,24-Jun-2021,800,PE,0,0,0,13.7,10.15,0,0,0,0,19-APR-2021,
OPTSTK,HAVELLS,24-Jun-2021,820,PE,0,0,0,17.05,13.2,0,0,0,0,19-APR-2021,
OPTSTK,HAVELLS,24-Jun-2021,840,PE,0,0,0,21,16.9,0,0,0,0,19-APR-2021,
OPTSTK,HAVELLS,24-Jun-2021,860,PE,0,0,0,25.55,21.25,0,0,0,0,19-APR-2021,
OPTSTK,HAVELLS,24-Jun-2021,880,PE,0,0,0,30.75,26.35,0,0,0,0,19-APR-2021,
OPTSTK,HAVELLS,24-Jun-2021,900,PE,0,0,0,36.55,32.2,0,0,0,0,19-APR-2021,
OPTSTK,HAVELLS,24-Jun-2021,920,PE,0,0,0,42.95,38.85,0,0,0,0,19-APR-2021,
OPTSTK,HAVELLS,24-Jun-2021,940,PE,0,0,0,50.15,46.3,0,0,0,0,19-APR-2021,
OPTSTK,HAVELLS,24-Jun-2021,960,PE,0,0,0,58,54.65,0,0,0,0,19-APR-2021,
OPTSTK,HAVELLS,24-Jun-2021,980,PE,0,0,0,66.6,63.8,0,0,0,0,19-APR-2021,
OPTSTK,HAVELLS,24-Jun-2021,1000,PE,0,0,0,75.85,73.8,0,0,0,0,19-APR-2021,
OPTSTK,HAVELLS,24-Jun-2021,1020,PE,0,0,0,85.8,84.6,0,0,0,0,19-APR-2021,
OPTSTK,HAVELLS,24-Jun-2021,1040,PE,0,0,0,96.45,96.15,0,0,0,0,19-APR-2021,
OPTSTK,HAVELLS,24-Jun-2021,1060,PE,0,0,0,107.7,108.5,0,0,0,0,19-APR-2021,
OPTSTK,HAVELLS,24-Jun-2021,1080,PE,0,0,0,119.6,121.55,0,0,0,0,19-APR-2021,
OPTSTK,HAVELLS,24-Jun-2021,1100,PE,0,0,0,132.15,135.3,0,0,0,0,19-APR-2021,
OPTSTK,HAVELLS,24-Jun-2021,1120,PE,0,0,0,145.25,149.65,0,0,0,0,19-APR-2021,
OPTSTK,HAVELLS,24-Jun-2021,1140,PE,0,0,0,158.9,164.65,0,0,0,0,19-APR-2021,
OPTSTK,HAVELLS,24-Jun-2021,1160,PE,0,0,0,173.05,180.2,0,0,0,0,19-APR-2021,
OPTSTK,HAVELLS,24-Jun-2021,1180,PE,0,0,0,187.8,196.15,0,0,0,0,19-APR-2021,
OPTSTK,HAVELLS,24-Jun-2021,1200,PE,0,0,0,202.9,212.6,0,0,0,0,19-APR-2021,
OPTSTK,HAVELLS,24-Jun-2021,1220,PE,0,0,0,218.5,229.5,0,0,0,0,19-APR-2021,
OPTSTK,HAVELLS,24-Jun-2021,1240,PE,0,0,0,234.4,246.75,0,0,0,0,19-APR-2021,
OPTSTK,HAVELLS,24-Jun-2021,1260,PE,0,0,0,250.75,264.3,0,0,0,0,19-APR-2021,
OPTSTK,HAVELLS,24-Jun-2021,1280,PE,0,0,0,267.4,282.2,0,0,0,0,19-APR-2021,
OPTSTK,HAVELLS,24-Jun-2021,1300,PE,0,0,0,284.4,300.35,0,0,0,0,19-APR-2021,
OPTSTK,HAVELLS,24-Jun-2021,1320,PE,0,0,0,301.65,318.7,0,0,0,0,19-APR-2021,
OPTSTK,HAVELLS,24-Jun-2021,1340,PE,0,0,0,319.2,337.3,0,0,0,0,19-APR-2021,
OPTSTK,HAVELLS,24-Jun-2021,1360,PE,0,0,0,336.95,356.05,0,0,0,0,19-APR-2021,
OPTSTK,HAVELLS,24-Jun-2021,1380,PE,0,0,0,354.95,375,0,0,0,0,19-APR-2021,
OPTSTK,HAVELLS,24-Jun-2021,1400,PE,0,0,0,373.15,394.05,0,0,0,0,19-APR-2021,
OPTSTK,HCLTECH,29-Apr-2021,590,CE,0,0,0,350.35,405.25,0,0,0,0,19-APR-2021,
OPTSTK,HCLTECH,29-Apr-2021,600,CE,0,0,0,340.7,395.25,0,0,0,0,19-APR-2021,
OPTSTK,HCLTECH,29-Apr-2021,610,CE,0,0,0,331.05,385.3,0,0,0,0,19-APR-2021,
OPTSTK,HCLTECH,29-Apr-2021,620,CE,0,0,0,321.45,375.3,0,0,0,0,19-APR-2021,
OPTSTK,HCLTECH,29-Apr-2021,630,CE,0,0,0,311.95,365.3,0,0,0,0,19-APR-2021,
OPTSTK,HCLTECH,29-Apr-2021,640,CE,0,0,0,302.5,355.3,0,0,0,0,19-APR-2021,
OPTSTK,HCLTECH,29-Apr-2021,650,CE,0,0,0,293.1,345.3,0,0,0,0,19-APR-2021,
OPTSTK,HCLTECH,29-Apr-2021,660,CE,0,0,0,283.8,335.35,0,0,0,0,19-APR-2021,
OPTSTK,HCLTECH,29-Apr-2021,670,CE,0,0,0,274.55,325.35,0,0,0,0,19-APR-2021,
OPTSTK,HCLTECH,29-Apr-2021,680,CE,0,0,0,340.15,315.35,0,0,700,0,19-APR-2021,
OPTSTK,HCLTECH,29-Apr-2021,690,CE,0,0,0,256.4,305.35,0,0,0,0,19-APR-2021,
OPTSTK,HCLTECH,29-Apr-2021,700,CE,0,0,0,247.45,295.35,0,0,0,0,19-APR-2021,
OPTSTK,HCLTECH,29-Apr-2021,710,CE,0,0,0,238.65,285.4,0,0,0,0,19-APR-2021,
OPTSTK,HCLTECH,29-Apr-2021,720,CE,0,0,0,230,275.4,0,0,0,0,19-APR-2021,
OPTSTK,HCLTECH,29-Apr-2021,730,CE,0,0,0,221.45,265.4,0,0,0,0,19-APR-2021,
OPTSTK,HCLTECH,29-Apr-2021,740,CE,0,0,0,213.05,255.4,0,0,0,0,19-APR-2021,
OPTSTK,HCLTECH,29-Apr-2021,750,CE,0,0,0,204.8,245.4,0,0,0,0,19-APR-2021,
OPTSTK,HCLTECH,29-Apr-2021,760,CE,0,0,0,196.7,235.45,0,0,0,0,19-APR-2021,
OPTSTK,HCLTECH,29-Apr-2021,770,CE,0,0,0,188.75,225.45,0,0,0,0,19-APR-2021,
OPTSTK,HCLTECH,29-Apr-2021,780,CE,0,0,0,181,215.45,0,0,0,0,19-APR-2021,
OPTSTK,HCLTECH,29-Apr-2021,790,CE,0,0,0,173.4,205.45,0,0,0,0,19-APR-2021,
OPTSTK,HCLTECH,29-Apr-2021,800,CE,0,0,0,166,195.5,0,0,0,0,19-APR-2021,
OPTSTK,HCLTECH,29-Apr-2021,810,CE,0,0,0,158.75,185.5,0,0,0,0,19-APR-2021,
OPTSTK,HCLTECH,29-Apr-2021,820,CE,0,0,0,151.7,175.55,0,0,0,0,19-APR-2021,
OPTSTK,HCLTECH,29-Apr-2021,830,CE,0,0,0,144.85,165.6,0,0,0,0,19-APR-2021,
OPTSTK,HCLTECH,29-Apr-2021,840,CE,0,0,0,138.15,155.65,0,0,0,0,19-APR-2021,
OPTSTK,HCLTECH,29-Apr-2021,850,CE,0,0,0,131.7,145.75,0,0,0,0,19-APR-2021,
OPTSTK,HCLTECH,29-Apr-2021,860,CE,0,0,0,112,135.9,0,0,1400,0,19-APR-2021,
OPTSTK,HCLTECH,29-Apr-2021,870,CE,0,0,0,119.35,126.15,0,0,0,0,19-APR-2021,
OPTSTK,HCLTECH,29-Apr-2021,880,CE,0,0,0,90,116.5,0,0,700,0,19-APR-2021,
OPTSTK,HCLTECH,29-Apr-2021,890,CE,0,0,0,107.85,106.95,0,0,0,0,19-APR-2021,
OPTSTK,HCLTECH,29-Apr-2021,900,CE,117.4,117.45,93.6,93.6,93.6,5,35.44,18200,700,19-APR-2021,
OPTSTK,HCLTECH,29-Apr-2021,910,CE,0,0,0,97.15,88.55,0,0,0,0,19-APR-2021,
OPTSTK,HCLTECH,29-Apr-2021,920,CE,0,0,0,65.2,79.7,0,0,2800,0,19-APR-2021,
OPTSTK,HCLTECH,29-Apr-2021,930,CE,0,0,0,87.2,71.25,0,0,0,0,19-APR-2021,
OPTSTK,HCLTECH,29-Apr-2021,940,CE,63.55,63.55,63.55,63.55,63.55,1,7.02,4200,700,19-APR-2021,
OPTSTK,HCLTECH,29-Apr-2021,950,CE,61.85,78,51.6,54.7,54.7,47,333.79,114800,-4200,19-APR-2021,
OPTSTK,HCLTECH,29-Apr-2021,960,CE,56.65,67.9,45.8,48.3,48.3,22,156.85,34300,2100,19-APR-2021,
OPTSTK,HCLTECH,29-Apr-2021,970,CE,44.75,61.2,39.3,40.05,40.05,23,163.56,176400,1400,19-APR-2021,
OPTSTK,HCLTECH,29-Apr-2021,980,CE,39.3,57.4,34,35.8,35.8,224,1604.71,126000,-18900,19-APR-2021,
OPTSTK,HCLTECH,29-Apr-2021,990,CE,36.5,50.3,29,30.55,30.55,194,1393.28,95900,-18900,19-APR-2021,
OPTSTK,HCLTECH,29-Apr-2021,1000,CE,25.05,44.75,23.7,26.25,26.25,2374,17147.14,563500,128800,19-APR-2021,
OPTSTK,HCLTECH,29-Apr-2021,1010,CE,24.05,38.5,19.75,22.3,22.3,1396,10136.81,273700,-11200,19-APR-2021,
OPTSTK,HCLTECH,29-Apr-2021,1020,CE,19.75,33.4,15.5,19.3,19.3,4777,34950.92,751100,2100,19-APR-2021,
OPTSTK,HCLTECH,29-Apr-2021,1030,CE,16.6,28.8,13.95,16.45,16.45,1890,13910.29,329000,87500,19-APR-2021,
OPTSTK,HCLTECH,29-Apr-2021,1040,CE,15.1,24.65,9.6,14,14,3031,22458.93,512400,100800,19-APR-2021,
OPTSTK,HCLTECH,29-Apr-2021,1050,CE,10.5,20.85,8.7,11.8,11.8,3109,23181.46,875000,23800,19-APR-2021,
OPTSTK,HCLTECH,29-Apr-2021,1060,CE,6.25,17.7,6.05,10,10,1560,11712.16,365400,21700,19-APR-2021,
OPTSTK,HCLTECH,29-Apr-2021,1070,CE,5.95,14.9,4.45,8.55,8.55,2038,15424.86,460600,119700,19-APR-2021,
OPTSTK,HCLTECH,29-Apr-2021,1080,CE,8.9,12.55,3.25,7.1,7.1,782,5958.31,298200,-17500,19-APR-2021,
OPTSTK,HCLTECH,29-Apr-2021,1090,CE,4.75,10.7,4.6,6.3,6.3,325,2495.89,70000,-6300,19-APR-2021,
OPTSTK,HCLTECH,29-Apr-2021,1100,CE,4.25,9,3.05,5.25,5.25,2712,21000.32,924000,-140000,19-APR-2021,
OPTSTK,HCLTECH,29-Apr-2021,1110,CE,4.4,7.6,3.35,4.65,4.65,382,2982.22,76300,2800,19-APR-2021,
OPTSTK,HCLTECH,29-Apr-2021,1120,CE,2,6.45,2,3.9,3.9,543,4274.42,193200,31500,19-APR-2021,
OPTSTK,HCLTECH,29-Apr-2021,1130,CE,2.5,5.55,2.05,3.85,3.85,68,539.82,42700,8400,19-APR-2021,
OPTSTK,HCLTECH,29-Apr-2021,1140,CE,1.8,4.8,1.8,3.1,3.1,392,3136.47,193200,1400,19-APR-2021,
OPTSTK,HCLTECH,29-Apr-2021,1150,CE,2.15,4.2,0.9,2.9,2.9,509,4108.25,275800,41300,19-APR-2021,
OPTSTK,HCLTECH,29-Apr-2021,1160,CE,1.8,3.6,1.4,2.6,2.6,256,2083.66,93100,-14700,19-APR-2021,
OPTSTK,HCLTECH,29-Apr-2021,1170,CE,0,0,0,2,0.25,0,0,700,0,19-APR-2021,
OPTSTK,HCLTECH,29-Apr-2021,1180,CE,1.95,2.7,0.6,1.55,1.55,42,347.5,39200,-1400,19-APR-2021,
OPTSTK,HCLTECH,29-Apr-2021,1190,CE,3.5,3.5,2,2.05,0.15,3,25.04,12600,1400,19-APR-2021,
OPTSTK,HCLTECH,29-Apr-2021,1200,CE,0.85,2.25,0.75,1.6,1.6,418,3515.88,283500,-16100,19-APR-2021,
OPTSTK,HCLTECH,29-Apr-2021,1210,CE,0,0,0,14.6,0.05,0,0,0,0,19-APR-2021,
OPTSTK,HCLTECH,29-Apr-2021,1220,CE,0,0,0,13.6,0.05,0,0,0,0,19-APR-2021,
OPTSTK,HCLTECH,29-Apr-2021,1230,CE,0,0,0,5.35,0.05,0,0,700,0,19-APR-2021,
OPTSTK,HCLTECH,29-Apr-2021,1240,CE,0.55,1,0.55,0.75,0.75,11,95.53,65800,-4200,19-APR-2021,
OPTSTK,HCLTECH,29-Apr-2021,1250,CE,0,0,0,10.95,0.05,0,0,0,0,19-APR-2021,
OPTSTK,HCLTECH,29-Apr-2021,590,PE,0,0,0,0.95,0,0,0,0,0,19-APR-2021,
OPTSTK,HCLTECH,29-Apr-2021,600,PE,0,0,0,1.2,0,0,0,0,0,19-APR-2021,
OPTSTK,HCLTECH,29-Apr-2021,610,PE,0,0,0,1.45,0,0,0,0,0,19-APR-2021,
OPTSTK,HCLTECH,29-Apr-2021,620,PE,0,0,0,1.75,0,0,0,0,0,19-APR-2021,
OPTSTK,HCLTECH,29-Apr-2021,630,PE,0,0,0,2.15,0,0,0,0,0,19-APR-2021,
OPTSTK,HCLTECH,29-Apr-2021,640,PE,0,0,0,2.6,0,0,0,0,0,19-APR-2021,
OPTSTK,HCLTECH,29-Apr-2021,650,PE,0,0,0,3.1,0,0,0,0,0,19-APR-2021,
OPTSTK,HCLTECH,29-Apr-2021,660,PE,0,0,0,3.7,0,0,0,0,0,19-APR-2021,
OPTSTK,HCLTECH,29-Apr-2021,670,PE,0,0,0,4.4,0,0,0,0,0,19-APR-2021,
OPTSTK,HCLTECH,29-Apr-2021,680,PE,0,0,0,1.85,0,0,0,700,0,19-APR-2021,
OPTSTK,HCLTECH,29-Apr-2021,690,PE,0,0,0,6.05,0,0,0,0,0,19-APR-2021,
OPTSTK,HCLTECH,29-Apr-2021,700,PE,0,0,0,7.05,0,0,0,0,0,19-APR-2021,
OPTSTK,HCLTECH,29-Apr-2021,710,PE,0,0,0,8.15,0,0,0,0,0,19-APR-2021,
OPTSTK,HCLTECH,29-Apr-2021,720,PE,0,0,0,9.4,0,0,0,0,0,19-APR-2021,
OPTSTK,HCLTECH,29-Apr-2021,730,PE,0,0,0,10.75,0,0,0,0,0,19-APR-2021,
OPTSTK,HCLTECH,29-Apr-2021,740,PE,0,0,0,12.25,0,0,0,0,0,19-APR-2021,
OPTSTK,HCLTECH,29-Apr-2021,750,PE,0,0,0,13.9,0,0,0,0,0,19-APR-2021,
OPTSTK,HCLTECH,29-Apr-2021,760,PE,0,0,0,15.7,0,0,0,0,0,19-APR-2021,
OPTSTK,HCLTECH,29-Apr-2021,770,PE,0,0,0,17.7,0,0,0,0,0,19-APR-2021,
OPTSTK,HCLTECH,29-Apr-2021,780,PE,0,0,0,19.8,0,0,0,0,0,19-APR-2021,
OPTSTK,HCLTECH,29-Apr-2021,790,PE,0,0,0,22.15,0.05,0,0,0,0,19-APR-2021,
OPTSTK,HCLTECH,29-Apr-2021,800,PE,0.6,1,0.55,1,1,11,61.65,50400,-2800,19-APR-2021,
OPTSTK,HCLTECH,29-Apr-2021,810,PE,0,0,0,27.3,0.05,0,0,0,0,19-APR-2021,
OPTSTK,HCLTECH,29-Apr-2021,820,PE,0,0,0,30.2,0.05,0,0,0,0,19-APR-2021,
OPTSTK,HCLTECH,29-Apr-2021,830,PE,0,0,0,33.2,0.1,0,0,0,0,19-APR-2021,
OPTSTK,HCLTECH,29-Apr-2021,840,PE,0,0,0,11.4,0.15,0,0,0,0,19-APR-2021,
OPTSTK,HCLTECH,29-Apr-2021,850,PE,0.85,1.85,0.8,1.8,1.8,21,125.11,265300,-5600,19-APR-2021,
OPTSTK,HCLTECH,29-Apr-2021,860,PE,0,0,0,1.9,0.4,0,0,700,0,19-APR-2021,
OPTSTK,HCLTECH,29-Apr-2021,870,PE,0,0,0,2.85,0.65,0,0,58100,0,19-APR-2021,
OPTSTK,HCLTECH,29-Apr-2021,880,PE,1.25,3,1.25,2.65,2.65,33,203.84,109200,-11900,19-APR-2021,
OPTSTK,HCLTECH,29-Apr-2021,890,PE,2,3.9,2,3.25,3.25,32,200.06,84700,-6300,19-APR-2021,
OPTSTK,HCLTECH,29-Apr-2021,900,PE,2.4,5,2,3.95,3.95,642,4057.33,436800,-33600,19-APR-2021,
OPTSTK,HCLTECH,29-Apr-2021,910,PE,3,6.1,2.35,4.8,4.8,199,1272.12,42700,3500,19-APR-2021,
OPTSTK,HCLTECH,29-Apr-2021,920,PE,4.35,7.6,2.9,6.15,6.15,342,2212.69,112700,-24500,19-APR-2021,
OPTSTK,HCLTECH,29-Apr-2021,930,PE,4.05,9.5,3.8,7.8,7.8,271,1774.83,40600,-18200,19-APR-2021,
OPTSTK,HCLTECH,29-Apr-2021,940,PE,5.7,11.8,4.9,9.75,9.75,393,2606.68,169400,-700,19-APR-2021,
OPTSTK,HCLTECH,29-Apr-2021,950,PE,13,14.75,6.05,12.3,12.3,991,6650.28,256900,-22400,19-APR-2021,
OPTSTK,HCLTECH,29-Apr-2021,960,PE,10,17.65,7.8,15.5,15.5,600,4079.88,149800,-19600,19-APR-2021,
OPTSTK,HCLTECH,29-Apr-2021,970,PE,14.75,21.5,9.6,19,19,597,4111.72,134400,-40600,19-APR-2021,
OPTSTK,HCLTECH,29-Apr-2021,980,PE,17,26.3,12,22.65,22.65,897,6263.39,159600,-19600,19-APR-2021,
OPTSTK,HCLTECH,29-Apr-2021,990,PE,25.9,31.75,15.3,27.85,27.85,567,4014.55,92400,16100,19-APR-2021,
OPTSTK,HCLTECH,29-Apr-2021,1000,PE,26.2,37,18.4,32.6,32.6,1626,11673.36,294000,16100,19-APR-2021,
OPTSTK,HCLTECH,29-Apr-2021,1010,PE,29.45,42.5,22.35,36.35,36.35,427,3101.22,65100,-6300,19-APR-2021,
OPTSTK,HCLTECH,29-Apr-2021,1020,PE,40.05,50,27.25,44.65,44.65,333,2455.47,96600,700,19-APR-2021,
OPTSTK,HCLTECH,29-Apr-2021,1030,PE,51.25,54.5,32.35,52.95,52.95,68,509.88,60200,-8400,19-APR-2021,
OPTSTK,HCLTECH,29-Apr-2021,1040,PE,48,60.75,38.05,58.75,58.75,40,304.41,77000,-7700,19-APR-2021,
OPTSTK,HCLTECH,29-Apr-2021,1050,PE,62.3,72,45.05,69.6,69.6,56,431.5,79800,14000,19-APR-2021,
OPTSTK,HCLTECH,29-Apr-2021,1060,PE,70.5,75,51,73.35,73.35,23,180.14,23800,7700,19-APR-2021,
OPTSTK,HCLTECH,29-Apr-2021,1070,PE,0,0,0,62.6,79.75,0,0,700,0,19-APR-2021,
OPTSTK,HCLTECH,29-Apr-2021,1080,PE,0,0,0,109.9,88.5,0,0,5600,0,19-APR-2021,
OPTSTK,HCLTECH,29-Apr-2021,1090,PE,0,0,0,179.25,97.45,0,0,0,0,19-APR-2021,
OPTSTK,HCLTECH,29-Apr-2021,1100,PE,104,104,83,86.3,106.65,7,58.32,16100,-2100,19-APR-2021,
OPTSTK,HCLTECH,29-Apr-2021,1110,PE,0,0,0,194.95,116.05,0,0,0,0,19-APR-2021,
OPTSTK,HCLTECH,29-Apr-2021,1120,PE,0,0,0,202.95,125.55,0,0,0,0,19-APR-2021,
OPTSTK,HCLTECH,29-Apr-2021,1130,PE,0,0,0,211.1,135.2,0,0,0,0,19-APR-2021,
OPTSTK,HCLTECH,29-Apr-2021,1140,PE,0,0,0,219.35,144.9,0,0,0,0,19-APR-2021,
OPTSTK,HCLTECH,29-Apr-2021,1150,PE,0,0,0,227.65,154.7,0,0,0,0,19-APR-2021,
OPTSTK,HCLTECH,29-Apr-2021,1160,PE,0,0,0,236.1,164.55,0,0,0,0,19-APR-2021,
OPTSTK,HCLTECH,29-Apr-2021,1170,PE,0,0,0,244.6,174.45,0,0,0,0,19-APR-2021,
OPTSTK,HCLTECH,29-Apr-2021,1180,PE,0,0,0,253.2,184.35,0,0,0,0,19-APR-2021,
OPTSTK,HCLTECH,29-Apr-2021,1190,PE,0,0,0,261.9,194.3,0,0,0,0,19-APR-2021,
OPTSTK,HCLTECH,29-Apr-2021,1200,PE,0,0,0,270.65,204.25,0,0,0,0,19-APR-2021,
OPTSTK,HCLTECH,29-Apr-2021,1210,PE,0,0,0,279.45,214.2,0,0,0,0,19-APR-2021,
OPTSTK,HCLTECH,29-Apr-2021,1220,PE,0,0,0,288.35,224.2,0,0,0,0,19-APR-2021,
OPTSTK,HCLTECH,29-Apr-2021,1230,PE,0,0,0,297.3,234.15,0,0,0,0,19-APR-2021,
OPTSTK,HCLTECH,29-Apr-2021,1240,PE,0,0,0,306.35,244.15,0,0,0,0,19-APR-2021,
OPTSTK,HCLTECH,29-Apr-2021,1250,PE,0,0,0,315.4,254.15,0,0,0,0,19-APR-2021,
OPTSTK,HCLTECH,27-May-2021,590,CE,0,0,0,345.55,406.95,0,0,0,0,19-APR-2021,
OPTSTK,HCLTECH,27-May-2021,600,CE,0,0,0,335.85,397,0,0,0,0,19-APR-2021,
OPTSTK,HCLTECH,27-May-2021,610,CE,0,0,0,326.2,387.05,0,0,0,0,19-APR-2021,
OPTSTK,HCLTECH,27-May-2021,620,CE,0,0,0,316.55,377.1,0,0,0,0,19-APR-2021,
OPTSTK,HCLTECH,27-May-2021,630,CE,0,0,0,307,367.15,0,0,0,0,19-APR-2021,
OPTSTK,HCLTECH,27-May-2021,640,CE,0,0,0,297.5,357.2,0,0,0,0,19-APR-2021,
OPTSTK,HCLTECH,27-May-2021,650,CE,0,0,0,288.1,347.2,0,0,0,0,19-APR-2021,
OPTSTK,HCLTECH,27-May-2021,660,CE,0,0,0,278.75,337.25,0,0,0,0,19-APR-2021,
OPTSTK,HCLTECH,27-May-2021,670,CE,0,0,0,269.5,327.35,0,0,0,0,19-APR-2021,
OPTSTK,HCLTECH,27-May-2021,680,CE,0,0,0,260.3,317.4,0,0,0,0,19-APR-2021,
OPTSTK,HCLTECH,27-May-2021,690,CE,0,0,0,251.25,307.45,0,0,0,0,19-APR-2021,
OPTSTK,HCLTECH,27-May-2021,700,CE,0,0,0,242.3,297.55,0,0,0,0,19-APR-2021,
OPTSTK,HCLTECH,27-May-2021,710,CE,0,0,0,233.45,287.65,0,0,0,0,19-APR-2021,
OPTSTK,HCLTECH,27-May-2021,720,CE,0,0,0,224.7,277.75,0,0,0,0,19-APR-2021,
OPTSTK,HCLTECH,27-May-2021,730,CE,0,0,0,216.15,267.9,0,0,0,0,19-APR-2021,
OPTSTK,HCLTECH,27-May-2021,740,CE,0,0,0,207.7,258.05,0,0,0,0,19-APR-2021,
OPTSTK,HCLTECH,27-May-2021,750,CE,0,0,0,199.4,248.3,0,0,0,0,19-APR-2021,
OPTSTK,HCLTECH,27-May-2021,760,CE,0,0,0,191.25,238.55,0,0,0,0,19-APR-2021,
OPTSTK,HCLTECH,27-May-2021,770,CE,0,0,0,183.3,228.85,0,0,0,0,19-APR-2021,
OPTSTK,HCLTECH,27-May-2021,780,CE,0,0,0,175.5,219.25,0,0,0,0,19-APR-2021,
OPTSTK,HCLTECH,27-May-2021,790,CE,0,0,0,167.9,209.7,0,0,0,0,19-APR-2021,
OPTSTK,HCLTECH,27-May-2021,800,CE,0,0,0,160.5,200.25,0,0,0,0,19-APR-2021,
OPTSTK,HCLTECH,27-May-2021,810,CE,0,0,0,153.25,190.9,0,0,0,0,19-APR-2021,
OPTSTK,HCLTECH,27-May-2021,820,CE,0,0,0,146.2,181.7,0,0,0,0,19-APR-2021,
OPTSTK,HCLTECH,27-May-2021,830,CE,0,0,0,139.35,172.6,0,0,0,0,19-APR-2021,
OPTSTK,HCLTECH,27-May-2021,840,CE,0,0,0,132.65,163.7,0,0,0,0,19-APR-2021,
OPTSTK,HCLTECH,27-May-2021,850,CE,0,0,0,126.2,154.95,0,0,0,0,19-APR-2021,
OPTSTK,HCLTECH,27-May-2021,860,CE,0,0,0,119.95,146.35,0,0,0,0,19-APR-2021,
OPTSTK,HCLTECH,27-May-2021,870,CE,0,0,0,113.9,137.95,0,0,0,0,19-APR-2021,
OPTSTK,HCLTECH,27-May-2021,880,CE,0,0,0,108.1,129.8,0,0,0,0,19-APR-2021,
OPTSTK,HCLTECH,27-May-2021,890,CE,0,0,0,102.5,121.85,0,0,0,0,19-APR-2021,
OPTSTK,HCLTECH,27-May-2021,900,CE,0,0,0,97.05,114.15,0,0,0,0,19-APR-2021,
OPTSTK,HCLTECH,27-May-2021,910,CE,0,0,0,91.85,106.75,0,0,0,0,19-APR-2021,
OPTSTK,HCLTECH,27-May-2021,920,CE,0,0,0,86.85,99.55,0,0,0,0,19-APR-2021,
OPTSTK,HCLTECH,27-May-2021,930,CE,0,0,0,82.05,92.6,0,0,0,0,19-APR-2021,
OPTSTK,HCLTECH,27-May-2021,940,CE,0,0,0,77.5,86,0,0,0,0,19-APR-2021,
OPTSTK,HCLTECH,27-May-2021,950,CE,0,0,0,73.1,79.7,0,0,0,0,19-APR-2021,
OPTSTK,HCLTECH,27-May-2021,960,CE,0,0,0,68.9,73.65,0,0,0,0,19-APR-2021,
OPTSTK,HCLTECH,27-May-2021,970,CE,0,0,0,64.85,67.95,0,0,0,0,19-APR-2021,
OPTSTK,HCLTECH,27-May-2021,980,CE,0,0,0,61.05,62.55,0,0,0,0,19-APR-2021,
OPTSTK,HCLTECH,27-May-2021,990,CE,0,0,0,57.4,57.4,0,0,0,0,19-APR-2021,
OPTSTK,HCLTECH,27-May-2021,1000,CE,50.15,67.4,47.35,49.7,49.7,77,569.33,53200,20300,19-APR-2021,
OPTSTK,HCLTECH,27-May-2021,1010,CE,0,0,0,37,48.05,0,0,1400,0,19-APR-2021,
OPTSTK,HCLTECH,27-May-2021,1020,CE,0,0,0,47.5,43.85,0,0,0,0,19-APR-2021,
OPTSTK,HCLTECH,27-May-2021,1030,CE,0,0,0,44.5,39.9,0,0,0,0,19-APR-2021,
OPTSTK,HCLTECH,27-May-2021,1040,CE,0,0,0,41.7,36.2,0,0,0,0,19-APR-2021,
OPTSTK,HCLTECH,27-May-2021,1050,CE,22,41.1,22,31.4,31.4,30,228.21,26600,13300,19-APR-2021,
OPTSTK,HCLTECH,27-May-2021,1060,CE,0,0,0,36.55,29.65,0,0,0,0,19-APR-2021,
OPTSTK,HCLTECH,27-May-2021,1070,CE,0,0,0,34.2,26.75,0,0,0,0,19-APR-2021,
OPTSTK,HCLTECH,27-May-2021,1080,CE,0,0,0,31.95,24.05,0,0,0,0,19-APR-2021,
OPTSTK,HCLTECH,27-May-2021,1090,CE,0,0,0,29.85,21.65,0,0,0,0,19-APR-2021,
OPTSTK,HCLTECH,27-May-2021,1100,CE,19.5,25.65,16.9,17.8,17.8,135,1058.42,93100,27300,19-APR-2021,
OPTSTK,HCLTECH,27-May-2021,1110,CE,0,0,0,25.95,17.3,0,0,0,0,19-APR-2021,
OPTSTK,HCLTECH,27-May-2021,1120,CE,0,0,0,24.2,15.45,0,0,0,0,19-APR-2021,
OPTSTK,HCLTECH,27-May-2021,1130,CE,0,0,0,22.5,13.75,0,0,0,0,19-APR-2021,
OPTSTK,HCLTECH,27-May-2021,1140,CE,0,0,0,20.95,12.25,0,0,0,0,19-APR-2021,
OPTSTK,HCLTECH,27-May-2021,1150,CE,0,0,0,19.5,10.85,0,0,0,0,19-APR-2021,
OPTSTK,HCLTECH,27-May-2021,1160,CE,0,0,0,18.15,9.6,0,0,0,0,19-APR-2021,
OPTSTK,HCLTECH,27-May-2021,1170,CE,0,0,0,16.85,8.5,0,0,0,0,19-APR-2021,
OPTSTK,HCLTECH,27-May-2021,1180,CE,0,0,0,15.65,7.5,0,0,0,0,19-APR-2021,
OPTSTK,HCLTECH,27-May-2021,1190,CE,0,0,0,14.55,6.6,0,0,0,0,19-APR-2021,
OPTSTK,HCLTECH,27-May-2021,1200,CE,6,8.95,6,8,5.8,22,185.97,20300,10500,19-APR-2021,
OPTSTK,HCLTECH,27-May-2021,1210,CE,0,0,0,12.5,5.1,0,0,0,0,19-APR-2021,
OPTSTK,HCLTECH,27-May-2021,1220,CE,0,0,0,11.6,4.45,0,0,0,0,19-APR-2021,
OPTSTK,HCLTECH,27-May-2021,1230,CE,0,0,0,10.75,3.9,0,0,0,0,19-APR-2021,
OPTSTK,HCLTECH,27-May-2021,1240,CE,0,0,0,9.95,3.4,0,0,700,0,19-APR-2021,
OPTSTK,HCLTECH,27-May-2021,1250,CE,0,0,0,9.2,2.95,0,0,0,0,19-APR-2021,
OPTSTK,HCLTECH,27-May-2021,590,PE,0,0,0,0.8,0,0,0,0,0,19-APR-2021,
OPTSTK,HCLTECH,27-May-2021,600,PE,0,0,0,1,0,0,0,0,0,19-APR-2021,
OPTSTK,HCLTECH,27-May-2021,610,PE,0,0,0,1.25,0,0,0,0,0,19-APR-2021,
OPTSTK,HCLTECH,27-May-2021,620,PE,0,0,0,1.55,0.05,0,0,0,0,19-APR-2021,
OPTSTK,HCLTECH,27-May-2021,630,PE,0,0,0,1.9,0.05,0,0,0,0,19-APR-2021,
OPTSTK,HCLTECH,27-May-2021,640,PE,0,0,0,2.3,0.05,0,0,0,0,19-APR-2021,
OPTSTK,HCLTECH,27-May-2021,650,PE,0,0,0,2.8,0.05,0,0,0,0,19-APR-2021,
OPTSTK,HCLTECH,27-May-2021,660,PE,0,0,0,3.35,0.05,0,0,0,0,19-APR-2021,
OPTSTK,HCLTECH,27-May-2021,670,PE,0,0,0,4,0.05,0,0,0,0,19-APR-2021,
OPTSTK,HCLTECH,27-May-2021,680,PE,0,0,0,4.75,0.1,0,0,0,0,19-APR-2021,
OPTSTK,HCLTECH,27-May-2021,690,PE,0,0,0,5.55,0.1,0,0,0,0,19-APR-2021,
OPTSTK,HCLTECH,27-May-2021,700,PE,0,0,0,6.5,0.15,0,0,0,0,19-APR-2021,
OPTSTK,HCLTECH,27-May-2021,710,PE,0,0,0,7.6,0.2,0,0,0,0,19-APR-2021,
OPTSTK,HCLTECH,27-May-2021,720,PE,0,0,0,8.75,0.3,0,0,0,0,19-APR-2021,
OPTSTK,HCLTECH,27-May-2021,730,PE,0,0,0,10.1,0.4,0,0,0,0,19-APR-2021,
OPTSTK,HCLTECH,27-May-2021,740,PE,0,0,0,11.55,0.55,0,0,0,0,19-APR-2021,
OPTSTK,HCLTECH,27-May-2021,750,PE,0,0,0,13.2,0.7,0,0,0,0,19-APR-2021,
OPTSTK,HCLTECH,27-May-2021,760,PE,0,0,0,14.95,0.95,0,0,0,0,19-APR-2021,
OPTSTK,HCLTECH,27-May-2021,770,PE,0,0,0,16.9,1.2,0,0,0,0,19-APR-2021,
OPTSTK,HCLTECH,27-May-2021,780,PE,0,0,0,19,1.55,0,0,0,0,19-APR-2021,
OPTSTK,HCLTECH,27-May-2021,790,PE,0,0,0,21.3,2,0,0,0,0,19-APR-2021,
OPTSTK,HCLTECH,27-May-2021,800,PE,0,0,0,23.8,2.5,0,0,0,0,19-APR-2021,
OPTSTK,HCLTECH,27-May-2021,810,PE,0,0,0,26.45,3.1,0,0,0,0,19-APR-2021,
OPTSTK,HCLTECH,27-May-2021,820,PE,0,0,0,29.3,3.85,0,0,0,0,19-APR-2021,
OPTSTK,HCLTECH,27-May-2021,830,PE,0,0,0,32.35,4.75,0,0,0,0,19-APR-2021,
OPTSTK,HCLTECH,27-May-2021,840,PE,0,0,0,35.55,5.75,0,0,0,0,19-APR-2021,
OPTSTK,HCLTECH,27-May-2021,850,PE,0,0,0,5,6.95,0,0,2100,0,19-APR-2021,
OPTSTK,HCLTECH,27-May-2021,860,PE,0,0,0,42.7,8.35,0,0,0,0,19-APR-2021,
OPTSTK,HCLTECH,27-May-2021,870,PE,0,0,0,46.6,9.9,0,0,0,0,19-APR-2021,
OPTSTK,HCLTECH,27-May-2021,880,PE,0,0,0,50.65,11.7,0,0,0,0,19-APR-2021,
OPTSTK,HCLTECH,27-May-2021,890,PE,0,0,0,54.95,13.75,0,0,0,0,19-APR-2021,
OPTSTK,HCLTECH,27-May-2021,900,PE,12.8,15.05,9.15,13.4,13.4,103,657.45,79800,7000,19-APR-2021,
OPTSTK,HCLTECH,27-May-2021,910,PE,0,0,0,64.15,18.55,0,0,0,0,19-APR-2021,
OPTSTK,HCLTECH,27-May-2021,920,PE,0,0,0,69.05,21.3,0,0,0,0,19-APR-2021,
OPTSTK,HCLTECH,27-May-2021,930,PE,0,0,0,74.15,24.35,0,0,0,0,19-APR-2021,
OPTSTK,HCLTECH,27-May-2021,940,PE,0,0,0,79.5,27.7,0,0,0,0,19-APR-2021,
OPTSTK,HCLTECH,27-May-2021,950,PE,25.55,30.05,20.05,28.4,28.4,69,470.67,34300,12600,19-APR-2021,
OPTSTK,HCLTECH,27-May-2021,960,PE,0,0,0,90.7,35.3,0,0,0,0,19-APR-2021,
OPTSTK,HCLTECH,27-May-2021,970,PE,0,0,0,96.6,39.5,0,0,0,0,19-APR-2021,
OPTSTK,HCLTECH,27-May-2021,980,PE,0,0,0,102.65,44.05,0,0,0,0,19-APR-2021,
OPTSTK,HCLTECH,27-May-2021,990,PE,0,0,0,108.9,48.9,0,0,0,0,19-APR-2021,
OPTSTK,HCLTECH,27-May-2021,1000,PE,49.05,53,40,50.4,50.4,35,255.9,55300,13300,19-APR-2021,
OPTSTK,HCLTECH,27-May-2021,1010,PE,0,0,0,121.95,59.5,0,0,0,0,19-APR-2021,
OPTSTK,HCLTECH,27-May-2021,1020,PE,0,0,0,128.75,65.2,0,0,0,0,19-APR-2021,
OPTSTK,HCLTECH,27-May-2021,1030,PE,0,0,0,135.7,71.2,0,0,0,0,19-APR-2021,
OPTSTK,HCLTECH,27-May-2021,1040,PE,75,75,75,75,75,1,7.8,700,700,19-APR-2021,
OPTSTK,HCLTECH,27-May-2021,1050,PE,0,0,0,150,84.05,0,0,0,0,19-APR-2021,
OPTSTK,HCLTECH,27-May-2021,1060,PE,0,0,0,157.45,90.85,0,0,0,0,19-APR-2021,
OPTSTK,HCLTECH,27-May-2021,1070,PE,0,0,0,165,97.9,0,0,0,0,19-APR-2021,
OPTSTK,HCLTECH,27-May-2021,1080,PE,0,0,0,172.65,105.2,0,0,0,0,19-APR-2021,
OPTSTK,HCLTECH,27-May-2021,1090,PE,0,0,0,180.45,112.75,0,0,0,0,19-APR-2021,
OPTSTK,HCLTECH,27-May-2021,1100,PE,0,0,0,188.35,120.5,0,0,0,0,19-APR-2021,
OPTSTK,HCLTECH,27-May-2021,1110,PE,0,0,0,196.35,128.35,0,0,0,0,19-APR-2021,
OPTSTK,HCLTECH,27-May-2021,1120,PE,0,0,0,204.5,136.45,0,0,0,0,19-APR-2021,
OPTSTK,HCLTECH,27-May-2021,1130,PE,0,0,0,212.75,144.7,0,0,0,0,19-APR-2021,
OPTSTK,HCLTECH,27-May-2021,1140,PE,0,0,0,221.1,153.15,0,0,0,0,19-APR-2021,
OPTSTK,HCLTECH,27-May-2021,1150,PE,0,0,0,229.55,161.7,0,0,0,0,19-APR-2021,
OPTSTK,HCLTECH,27-May-2021,1160,PE,0,0,0,238.1,170.45,0,0,0,0,19-APR-2021,
OPTSTK,HCLTECH,27-May-2021,1170,PE,0,0,0,246.7,179.3,0,0,0,0,19-APR-2021,
OPTSTK,HCLTECH,27-May-2021,1180,PE,0,0,0,255.4,188.25,0,0,0,0,19-APR-2021,
OPTSTK,HCLTECH,27-May-2021,1190,PE,0,0,0,264.2,197.3,0,0,0,0,19-APR-2021,
OPTSTK,HCLTECH,27-May-2021,1200,PE,0,0,0,273.05,206.45,0,0,0,0,19-APR-2021,
OPTSTK,HCLTECH,27-May-2021,1210,PE,0,0,0,282,215.7,0,0,0,0,19-APR-2021,
OPTSTK,HCLTECH,27-May-2021,1220,PE,0,0,0,291,225.05,0,0,0,0,19-APR-2021,
OPTSTK,HCLTECH,27-May-2021,1230,PE,0,0,0,300.05,234.45,0,0,0,0,19-APR-2021,
OPTSTK,HCLTECH,27-May-2021,1240,PE,0,0,0,309.15,243.9,0,0,0,0,19-APR-2021,
OPTSTK,HCLTECH,27-May-2021,1250,PE,0,0,0,318.3,253.45,0,0,0,0,19-APR-2021,
OPTSTK,HCLTECH,24-Jun-2021,590,CE,0,0,0,373.05,408.7,0,0,0,0,19-APR-2021,
OPTSTK,HCLTECH,24-Jun-2021,600,CE,0,0,0,363.25,398.8,0,0,0,0,19-APR-2021,
OPTSTK,HCLTECH,24-Jun-2021,610,CE,0,0,0,353.5,388.9,0,0,0,0,19-APR-2021,
OPTSTK,HCLTECH,24-Jun-2021,620,CE,0,0,0,343.8,379,0,0,0,0,19-APR-2021,
OPTSTK,HCLTECH,24-Jun-2021,630,CE,0,0,0,334.15,369.1,0,0,0,0,19-APR-2021,
OPTSTK,HCLTECH,24-Jun-2021,640,CE,0,0,0,324.5,359.25,0,0,0,0,19-APR-2021,
OPTSTK,HCLTECH,24-Jun-2021,650,CE,0,0,0,314.95,349.4,0,0,0,0,19-APR-2021,
OPTSTK,HCLTECH,24-Jun-2021,660,CE,0,0,0,305.45,339.6,0,0,0,0,19-APR-2021,
OPTSTK,HCLTECH,24-Jun-2021,670,CE,0,0,0,296,329.75,0,0,0,0,19-APR-2021,
OPTSTK,HCLTECH,24-Jun-2021,680,CE,0,0,0,286.6,320,0,0,0,0,19-APR-2021,
OPTSTK,HCLTECH,24-Jun-2021,690,CE,0,0,0,277.3,310.25,0,0,0,0,19-APR-2021,
OPTSTK,HCLTECH,24-Jun-2021,700,CE,0,0,0,268.1,300.6,0,0,0,0,19-APR-2021,
OPTSTK,HCLTECH,24-Jun-2021,710,CE,0,0,0,259,290.95,0,0,0,0,19-APR-2021,
OPTSTK,HCLTECH,24-Jun-2021,720,CE,0,0,0,250,281.35,0,0,0,0,19-APR-2021,
OPTSTK,HCLTECH,24-Jun-2021,730,CE,0,0,0,241.1,271.85,0,0,0,0,19-APR-2021,
OPTSTK,HCLTECH,24-Jun-2021,740,CE,0,0,0,232.35,262.4,0,0,0,0,19-APR-2021,
OPTSTK,HCLTECH,24-Jun-2021,750,CE,0,0,0,223.7,253,0,0,0,0,19-APR-2021,
OPTSTK,HCLTECH,24-Jun-2021,760,CE,0,0,0,215.2,243.75,0,0,0,0,19-APR-2021,
OPTSTK,HCLTECH,24-Jun-2021,770,CE,0,0,0,206.85,234.55,0,0,0,0,19-APR-2021,
OPTSTK,HCLTECH,24-Jun-2021,780,CE,0,0,0,198.6,225.5,0,0,0,0,19-APR-2021,
OPTSTK,HCLTECH,24-Jun-2021,790,CE,0,0,0,190.55,216.55,0,0,0,0,19-APR-2021,
OPTSTK,HCLTECH,24-Jun-2021,800,CE,0,0,0,182.7,207.75,0,0,0,0,19-APR-2021,
OPTSTK,HCLTECH,24-Jun-2021,810,CE,0,0,0,174.95,199.05,0,0,0,0,19-APR-2021,
OPTSTK,HCLTECH,24-Jun-2021,820,CE,0,0,0,167.4,190.55,0,0,0,0,19-APR-2021,
OPTSTK,HCLTECH,24-Jun-2021,830,CE,0,0,0,160.1,182.15,0,0,0,0,19-APR-2021,
OPTSTK,HCLTECH,24-Jun-2021,840,CE,0,0,0,152.9,173.95,0,0,0,0,19-APR-2021,
OPTSTK,HCLTECH,24-Jun-2021,850,CE,0,0,0,145.95,165.95,0,0,0,0,19-APR-2021,
OPTSTK,HCLTECH,24-Jun-2021,860,CE,0,0,0,139.1,158.1,0,0,0,0,19-APR-2021,
OPTSTK,HCLTECH,24-Jun-2021,870,CE,0,0,0,132.5,150.45,0,0,0,0,19-APR-2021,
OPTSTK,HCLTECH,24-Jun-2021,880,CE,0,0,0,126.15,143.05,0,0,0,0,19-APR-2021,
OPTSTK,HCLTECH,24-Jun-2021,890,CE,0,0,0,119.95,135.8,0,0,0,0,19-APR-2021,
OPTSTK,HCLTECH,24-Jun-2021,900,CE,0,0,0,114,128.75,0,0,0,0,19-APR-2021,
OPTSTK,HCLTECH,24-Jun-2021,910,CE,0,0,0,108.2,121.9,0,0,0,0,19-APR-2021,
OPTSTK,HCLTECH,24-Jun-2021,920,CE,0,0,0,102.65,115.3,0,0,0,0,19-APR-2021,
OPTSTK,HCLTECH,24-Jun-2021,930,CE,0,0,0,97.3,108.95,0,0,0,0,19-APR-2021,
OPTSTK,HCLTECH,24-Jun-2021,940,CE,0,0,0,92.15,102.8,0,0,0,0,19-APR-2021,
OPTSTK,HCLTECH,24-Jun-2021,950,CE,0,0,0,87.2,96.9,0,0,0,0,19-APR-2021,
OPTSTK,HCLTECH,24-Jun-2021,960,CE,0,0,0,82.4,91.25,0,0,0,0,19-APR-2021,
OPTSTK,HCLTECH,24-Jun-2021,970,CE,0,0,0,77.85,85.8,0,0,0,0,19-APR-2021,
OPTSTK,HCLTECH,24-Jun-2021,980,CE,0,0,0,73.5,80.6,0,0,0,0,19-APR-2021,
OPTSTK,HCLTECH,24-Jun-2021,990,CE,0,0,0,69.3,75.6,0,0,0,0,19-APR-2021,
OPTSTK,HCLTECH,24-Jun-2021,1000,CE,0,0,0,65.3,70.85,0,0,0,0,19-APR-2021,
OPTSTK,HCLTECH,24-Jun-2021,1010,CE,0,0,0,61.5,66.3,0,0,0,0,19-APR-2021,
OPTSTK,HCLTECH,24-Jun-2021,1020,CE,0,0,0,57.9,61.95,0,0,0,0,19-APR-2021,
OPTSTK,HCLTECH,24-Jun-2021,1030,CE,0,0,0,54.4,57.85,0,0,0,0,19-APR-2021,
OPTSTK,HCLTECH,24-Jun-2021,1040,CE,0,0,0,51.15,54,0,0,0,0,19-APR-2021,
OPTSTK,HCLTECH,24-Jun-2021,1050,CE,0,0,0,48,50.3,0,0,0,0,19-APR-2021,
OPTSTK,HCLTECH,24-Jun-2021,1060,CE,0,0,0,45.05,46.8,0,0,0,0,19-APR-2021,
OPTSTK,HCLTECH,24-Jun-2021,1070,CE,0,0,0,42.25,43.5,0,0,0,0,19-APR-2021,
OPTSTK,HCLTECH,24-Jun-2021,1080,CE,0,0,0,39.55,40.4,0,0,0,0,19-APR-2021,
OPTSTK,HCLTECH,24-Jun-2021,1090,CE,0,0,0,37.1,37.5,0,0,0,0,19-APR-2021,
OPTSTK,HCLTECH,24-Jun-2021,1100,CE,0,0,0,34.7,34.75,0,0,0,0,19-APR-2021,
OPTSTK,HCLTECH,24-Jun-2021,1110,CE,0,0,0,32.45,32.2,0,0,0,0,19-APR-2021,
OPTSTK,HCLTECH,24-Jun-2021,1120,CE,0,0,0,30.35,29.8,0,0,0,0,19-APR-2021,
OPTSTK,HCLTECH,24-Jun-2021,1130,CE,0,0,0,28.35,27.55,0,0,0,0,19-APR-2021,
OPTSTK,HCLTECH,24-Jun-2021,1140,CE,0,0,0,26.45,25.45,0,0,0,0,19-APR-2021,
OPTSTK,HCLTECH,24-Jun-2021,1150,CE,0,0,0,24.65,23.45,0,0,0,0,19-APR-2021,
OPTSTK,HCLTECH,24-Jun-2021,1160,CE,0,0,0,23,21.6,0,0,0,0,19-APR-2021,
OPTSTK,HCLTECH,24-Jun-2021,1170,CE,0,0,0,21.4,19.9,0,0,0,0,19-APR-2021,
OPTSTK,HCLTECH,24-Jun-2021,1180,CE,0,0,0,19.95,18.3,0,0,0,0,19-APR-2021,
OPTSTK,HCLTECH,24-Jun-2021,1190,CE,0,0,0,18.55,16.8,0,0,0,0,19-APR-2021,
OPTSTK,HCLTECH,24-Jun-2021,1200,CE,0,0,0,17.25,15.4,0,0,0,0,19-APR-2021,
OPTSTK,HCLTECH,24-Jun-2021,1210,CE,0,0,0,16.05,14.15,0,0,0,0,19-APR-2021,
OPTSTK,HCLTECH,24-Jun-2021,1220,CE,0,0,0,14.9,12.95,0,0,0,0,19-APR-2021,
OPTSTK,HCLTECH,24-Jun-2021,1230,CE,0,0,0,13.85,11.85,0,0,0,0,19-APR-2021,
OPTSTK,HCLTECH,24-Jun-2021,1240,CE,0,0,0,12.85,10.85,0,0,0,0,19-APR-2021,
OPTSTK,HCLTECH,24-Jun-2021,1250,CE,0,0,0,11.9,9.95,0,0,0,0,19-APR-2021,
OPTSTK,HCLTECH,24-Jun-2021,590,PE,0,0,0,0.5,0.05,0,0,0,0,19-APR-2021,
OPTSTK,HCLTECH,24-Jun-2021,600,PE,0,0,0,0.65,0.1,0,0,0,0,19-APR-2021,
OPTSTK,HCLTECH,24-Jun-2021,610,PE,0,0,0,0.8,0.1,0,0,0,0,19-APR-2021,
OPTSTK,HCLTECH,24-Jun-2021,620,PE,0,0,0,1,0.15,0,0,0,0,19-APR-2021,
OPTSTK,HCLTECH,24-Jun-2021,630,PE,0,0,0,1.25,0.2,0,0,0,0,19-APR-2021,
OPTSTK,HCLTECH,24-Jun-2021,640,PE,0,0,0,1.5,0.3,0,0,0,0,19-APR-2021,
OPTSTK,HCLTECH,24-Jun-2021,650,PE,0,0,0,1.85,0.35,0,0,0,0,19-APR-2021,
OPTSTK,HCLTECH,24-Jun-2021,660,PE,0,0,0,2.25,0.45,0,0,0,0,19-APR-2021,
OPTSTK,HCLTECH,24-Jun-2021,670,PE,0,0,0,2.7,0.6,0,0,0,0,19-APR-2021,
OPTSTK,HCLTECH,24-Jun-2021,680,PE,0,0,0,3.25,0.75,0,0,0,0,19-APR-2021,
OPTSTK,HCLTECH,24-Jun-2021,690,PE,0,0,0,3.85,0.95,0,0,0,0,19-APR-2021,
OPTSTK,HCLTECH,24-Jun-2021,700,PE,0,0,0,4.55,1.2,0,0,0,0,19-APR-2021,
OPTSTK,HCLTECH,24-Jun-2021,710,PE,0,0,0,5.35,1.5,0,0,0,0,19-APR-2021,
OPTSTK,HCLTECH,24-Jun-2021,720,PE,0,0,0,6.25,1.85,0,0,0,0,19-APR-2021,
OPTSTK,HCLTECH,24-Jun-2021,730,PE,0,0,0,7.25,2.25,0,0,0,0,19-APR-2021,
OPTSTK,HCLTECH,24-Jun-2021,740,PE,0,0,0,8.4,2.75,0,0,0,0,19-APR-2021,
OPTSTK,HCLTECH,24-Jun-2021,750,PE,0,0,0,9.65,3.3,0,0,0,0,19-APR-2021,
OPTSTK,HCLTECH,24-Jun-2021,760,PE,0,0,0,11.05,3.95,0,0,0,0,19-APR-2021,
OPTSTK,HCLTECH,24-Jun-2021,770,PE,0,0,0,12.6,4.7,0,0,0,0,19-APR-2021,
OPTSTK,HCLTECH,24-Jun-2021,780,PE,0,0,0,14.3,5.6,0,0,0,0,19-APR-2021,
OPTSTK,HCLTECH,24-Jun-2021,790,PE,0,0,0,16.15,6.55,0,0,0,0,19-APR-2021,
OPTSTK,HCLTECH,24-Jun-2021,800,PE,0,0,0,18.2,7.7,0,0,0,0,19-APR-2021,
OPTSTK,HCLTECH,24-Jun-2021,810,PE,0,0,0,20.35,8.95,0,0,0,0,19-APR-2021,
OPTSTK,HCLTECH,24-Jun-2021,820,PE,0,0,0,22.75,10.35,0,0,0,0,19-APR-2021,
OPTSTK,HCLTECH,24-Jun-2021,830,PE,0,0,0,25.3,11.9,0,0,0,0,19-APR-2021,
OPTSTK,HCLTECH,24-Jun-2021,840,PE,0,0,0,28.05,13.65,0,0,0,0,19-APR-2021,
OPTSTK,HCLTECH,24-Jun-2021,850,PE,0,0,0,30.95,15.55,0,0,0,0,19-APR-2021,
OPTSTK,HCLTECH,24-Jun-2021,860,PE,0,0,0,34.05,17.65,0,0,0,0,19-APR-2021,
OPTSTK,HCLTECH,24-Jun-2021,870,PE,0,0,0,37.4,19.9,0,0,0,0,19-APR-2021,
OPTSTK,HCLTECH,24-Jun-2021,880,PE,0,0,0,40.9,22.45,0,0,0,0,19-APR-2021,
OPTSTK,HCLTECH,24-Jun-2021,890,PE,0,0,0,44.65,25.1,0,0,0,0,19-APR-2021,
OPTSTK,HCLTECH,24-Jun-2021,900,PE,0,0,0,48.55,28,0,0,0,0,19-APR-2021,
OPTSTK,HCLTECH,24-Jun-2021,910,PE,0,0,0,52.7,31.1,0,0,0,0,19-APR-2021,
OPTSTK,HCLTECH,24-Jun-2021,920,PE,0,0,0,57.05,34.45,0,0,0,0,19-APR-2021,
OPTSTK,HCLTECH,24-Jun-2021,930,PE,0,0,0,61.6,38,0,0,0,0,19-APR-2021,
OPTSTK,HCLTECH,24-Jun-2021,940,PE,0,0,0,66.35,41.8,0,0,0,0,19-APR-2021,
OPTSTK,HCLTECH,24-Jun-2021,950,PE,0,0,0,44,45.85,0,0,1400,0,19-APR-2021,
OPTSTK,HCLTECH,24-Jun-2021,960,PE,0,0,0,76.45,50.1,0,0,0,0,19-APR-2021,
OPTSTK,HCLTECH,24-Jun-2021,970,PE,0,0,0,81.8,54.6,0,0,0,0,19-APR-2021,
OPTSTK,HCLTECH,24-Jun-2021,980,PE,0,0,0,87.3,59.3,0,0,0,0,19-APR-2021,
OPTSTK,HCLTECH,24-Jun-2021,990,PE,0,0,0,93.05,64.25,0,0,0,0,19-APR-2021,
OPTSTK,HCLTECH,24-Jun-2021,1000,PE,0,0,0,98.95,69.4,0,0,0,0,19-APR-2021,
OPTSTK,HCLTECH,24-Jun-2021,1010,PE,0,0,0,105.05,74.8,0,0,0,0,19-APR-2021,
OPTSTK,HCLTECH,24-Jun-2021,1020,PE,0,0,0,111.35,80.45,0,0,0,0,19-APR-2021,
OPTSTK,HCLTECH,24-Jun-2021,1030,PE,0,0,0,117.8,86.25,0,0,0,0,19-APR-2021,
OPTSTK,HCLTECH,24-Jun-2021,1040,PE,0,0,0,124.4,92.3,0,0,0,0,19-APR-2021,
OPTSTK,HCLTECH,24-Jun-2021,1050,PE,0,0,0,131.2,98.55,0,0,0,0,19-APR-2021,
OPTSTK,HCLTECH,24-Jun-2021,1060,PE,0,0,0,138.1,105,0,0,0,0,19-APR-2021,
OPTSTK,HCLTECH,24-Jun-2021,1070,PE,0,0,0,145.2,111.65,0,0,0,0,19-APR-2021,
OPTSTK,HCLTECH,24-Jun-2021,1080,PE,0,0,0,152.45,118.45,0,0,0,0,19-APR-2021,
OPTSTK,HCLTECH,24-Jun-2021,1090,PE,0,0,0,159.9,125.5,0,0,0,0,19-APR-2021,
OPTSTK,HCLTECH,24-Jun-2021,1100,PE,0,0,0,167.4,132.65,0,0,0,0,19-APR-2021,
OPTSTK,HCLTECH,24-Jun-2021,1110,PE,0,0,0,175.1,140.05,0,0,0,0,19-APR-2021,
OPTSTK,HCLTECH,24-Jun-2021,1120,PE,0,0,0,182.9,147.6,0,0,0,0,19-APR-2021,
OPTSTK,HCLTECH,24-Jun-2021,1130,PE,0,0,0,190.8,155.25,0,0,0,0,19-APR-2021,
OPTSTK,HCLTECH,24-Jun-2021,1140,PE,0,0,0,198.75,163.1,0,0,0,0,19-APR-2021,
OPTSTK,HCLTECH,24-Jun-2021,1150,PE,0,0,0,206.9,171,0,0,0,0,19-APR-2021,
OPTSTK,HCLTECH,24-Jun-2021,1160,PE,0,0,0,215.15,179.1,0,0,0,0,19-APR-2021,
OPTSTK,HCLTECH,24-Jun-2021,1170,PE,0,0,0,223.5,187.3,0,0,0,0,19-APR-2021,
OPTSTK,HCLTECH,24-Jun-2021,1180,PE,0,0,0,231.9,195.65,0,0,0,0,19-APR-2021,
OPTSTK,HCLTECH,24-Jun-2021,1190,PE,0,0,0,240.45,204.1,0,0,0,0,19-APR-2021,
OPTSTK,HCLTECH,24-Jun-2021,1200,PE,0,0,0,249.05,212.65,0,0,0,0,19-APR-2021,
OPTSTK,HCLTECH,24-Jun-2021,1210,PE,0,0,0,257.75,221.3,0,0,0,0,19-APR-2021,
OPTSTK,HCLTECH,24-Jun-2021,1220,PE,0,0,0,266.5,230.05,0,0,0,0,19-APR-2021,
OPTSTK,HCLTECH,24-Jun-2021,1230,PE,0,0,0,275.35,238.9,0,0,0,0,19-APR-2021,
OPTSTK,HCLTECH,24-Jun-2021,1240,PE,0,0,0,284.25,247.85,0,0,0,0,19-APR-2021,
OPTSTK,HCLTECH,24-Jun-2021,1250,PE,0,0,0,293.25,256.85,0,0,0,0,19-APR-2021,
OPTSTK,HDFC,29-Apr-2021,1760,CE,0,0,0,699.8,734.1,0,0,0,0,19-APR-2021,
OPTSTK,HDFC,29-Apr-2021,1780,CE,0,0,0,682.05,714.15,0,0,0,0,19-APR-2021,
OPTSTK,HDFC,29-Apr-2021,1800,CE,0,0,0,664.45,694.15,0,0,0,0,19-APR-2021,
OPTSTK,HDFC,29-Apr-2021,1820,CE,0,0,0,647.1,674.2,0,0,0,0,19-APR-2021,
OPTSTK,HDFC,29-Apr-2021,1840,CE,0,0,0,629.9,654.2,0,0,0,0,19-APR-2021,
OPTSTK,HDFC,29-Apr-2021,1850,CE,0,0,0,629.8,644.2,0,0,0,0,19-APR-2021,
OPTSTK,HDFC,29-Apr-2021,1860,CE,0,0,0,612.9,634.2,0,0,0,0,19-APR-2021,
OPTSTK,HDFC,29-Apr-2021,1880,CE,0,0,0,596.1,614.25,0,0,0,0,19-APR-2021,
OPTSTK,HDFC,29-Apr-2021,1900,CE,0,0,0,579.55,594.25,0,0,0,0,19-APR-2021,
OPTSTK,HDFC,29-Apr-2021,1920,CE,0,0,0,563.2,574.3,0,0,0,0,19-APR-2021,
OPTSTK,HDFC,29-Apr-2021,1940,CE,0,0,0,547.05,554.3,0,0,0,0,19-APR-2021,
OPTSTK,HDFC,29-Apr-2021,1950,CE,0,0,0,534,544.35,0,0,0,0,19-APR-2021,
OPTSTK,HDFC,29-Apr-2021,1960,CE,0,0,0,531.15,534.35,0,0,0,0,19-APR-2021,
OPTSTK,HDFC,29-Apr-2021,1980,CE,0,0,0,515.55,514.4,0,0,0,0,19-APR-2021,
OPTSTK,HDFC,29-Apr-2021,2000,CE,473,473,466,466,494.45,2,14.81,9600,-300,19-APR-2021,
OPTSTK,HDFC,29-Apr-2021,2020,CE,0,0,0,485,474.55,0,0,0,0,19-APR-2021,
OPTSTK,HDFC,29-Apr-2021,2040,CE,0,0,0,470.2,454.65,0,0,0,0,19-APR-2021,
OPTSTK,HDFC,29-Apr-2021,2050,CE,0,0,0,442.2,444.7,0,0,0,0,19-APR-2021,
OPTSTK,HDFC,29-Apr-2021,2060,CE,0,0,0,455.55,434.8,0,0,0,0,19-APR-2021,
OPTSTK,HDFC,29-Apr-2021,2080,CE,0,0,0,441.2,414.95,0,0,0,0,19-APR-2021,
OPTSTK,HDFC,29-Apr-2021,2100,CE,370,370,370,370,395.25,1,7.41,2400,-300,19-APR-2021,
OPTSTK,HDFC,29-Apr-2021,2120,CE,0,0,0,413.3,375.6,0,0,0,0,19-APR-2021,
OPTSTK,HDFC,29-Apr-2021,2140,CE,0,0,0,399.8,356.05,0,0,0,0,19-APR-2021,
OPTSTK,HDFC,29-Apr-2021,2150,CE,0,0,0,356.6,346.35,0,0,0,0,19-APR-2021,
OPTSTK,HDFC,29-Apr-2021,2160,CE,0,0,0,386.45,336.65,0,0,0,0,19-APR-2021,
OPTSTK,HDFC,29-Apr-2021,2180,CE,0,0,0,373.5,317.45,0,0,0,0,19-APR-2021,
OPTSTK,HDFC,29-Apr-2021,2200,CE,281,292,271,292,298.45,9,67.05,9000,-2100,19-APR-2021,
OPTSTK,HDFC,29-Apr-2021,2220,CE,0,0,0,348.45,279.7,0,0,0,0,19-APR-2021,
OPTSTK,HDFC,29-Apr-2021,2240,CE,0,0,0,336.4,261.3,0,0,0,0,19-APR-2021,
OPTSTK,HDFC,29-Apr-2021,2250,CE,0,0,0,279.4,252.2,0,0,0,0,19-APR-2021,
OPTSTK,HDFC,29-Apr-2021,2260,CE,0,0,0,311,243.25,0,0,300,0,19-APR-2021,
OPTSTK,HDFC,29-Apr-2021,2280,CE,0,0,0,313.1,225.6,0,0,0,0,19-APR-2021,
OPTSTK,HDFC,29-Apr-2021,2300,CE,180.05,180.05,174,174,208.45,3,22.3,5400,-300,19-APR-2021,
OPTSTK,HDFC,29-Apr-2021,2320,CE,0,0,0,290.95,191.85,0,0,0,0,19-APR-2021,
OPTSTK,HDFC,29-Apr-2021,2340,CE,0,0,0,280.3,175.8,0,0,0,0,19-APR-2021,
OPTSTK,HDFC,29-Apr-2021,2350,CE,0,0,0,181.5,168.05,0,0,600,0,19-APR-2021,
OPTSTK,HDFC,29-Apr-2021,2360,CE,0,0,0,105,160.45,0,0,300,0,19-APR-2021,
OPTSTK,HDFC,29-Apr-2021,2380,CE,0,0,0,87.85,145.7,0,0,300,0,19-APR-2021,
OPTSTK,HDFC,29-Apr-2021,2400,CE,101.65,120.2,90,108.5,131.75,26,195.41,26700,-600,19-APR-2021,
OPTSTK,HDFC,29-Apr-2021,2420,CE,82.55,103.3,82.55,96.65,118.6,10,75.4,6600,-1200,19-APR-2021,
OPTSTK,HDFC,29-Apr-2021,2440,CE,82.55,85.35,75.4,75.4,106.25,17,128.57,39600,600,19-APR-2021,
OPTSTK,HDFC,29-Apr-2021,2450,CE,65.45,85.7,57,78.75,78.75,134,1013.92,15900,-1800,19-APR-2021,
OPTSTK,HDFC,29-Apr-2021,2460,CE,62,82.45,50.55,71.2,71.2,733,5550.01,99900,1800,19-APR-2021,
OPTSTK,HDFC,29-Apr-2021,2480,CE,88.8,88.8,40.55,59.1,59.1,862,6557.13,83100,64200,19-APR-2021,
OPTSTK,HDFC,29-Apr-2021,2500,CE,58.7,59.05,33,47.45,47.45,3642,27797.18,152400,-6600,19-APR-2021,
OPTSTK,HDFC,29-Apr-2021,2520,CE,34.75,42.3,26.4,38.25,38.25,651,4990.24,53400,2700,19-APR-2021,
OPTSTK,HDFC,29-Apr-2021,2540,CE,41.7,41.7,11.05,29.65,29.65,575,4429.74,66300,10500,19-APR-2021,
OPTSTK,HDFC,29-Apr-2021,2550,CE,30.8,30.8,18.75,26.55,26.55,903,6974.28,106500,4200,19-APR-2021,
OPTSTK,HDFC,29-Apr-2021,2560,CE,38.25,38.25,16.75,23.4,23.4,653,5057.43,46500,-8100,19-APR-2021,
OPTSTK,HDFC,29-Apr-2021,2580,CE,25,31,13.6,18.25,18.25,1112,8663.92,110100,-64200,19-APR-2021,
OPTSTK,HDFC,29-Apr-2021,2600,CE,12.65,21,10.7,14.55,14.55,3146,24670.09,369300,1200,19-APR-2021,
OPTSTK,HDFC,29-Apr-2021,2620,CE,8.6,13.15,8.6,11.1,11.1,629,4963.87,41700,-9000,19-APR-2021,
OPTSTK,HDFC,29-Apr-2021,2640,CE,5.6,17.3,5.55,8.35,8.35,741,5886.93,45300,6000,19-APR-2021,
OPTSTK,HDFC,29-Apr-2021,2650,CE,23.8,23.8,2.75,7.2,7.2,1274,10156.22,106800,55500,19-APR-2021,
OPTSTK,HDFC,29-Apr-2021,2660,CE,17.5,17.5,5.4,6.45,6.45,740,5919.45,44100,4800,19-APR-2021,
OPTSTK,HDFC,29-Apr-2021,2680,CE,4.55,6.55,3.5,5.15,5.15,466,3753.89,9300,900,19-APR-2021,
OPTSTK,HDFC,29-Apr-2021,2700,CE,11.75,11.75,3.3,4.4,4.4,1378,11179.3,258000,-19200,19-APR-2021,
OPTSTK,HDFC,29-Apr-2021,2720,CE,0,0,0,129.05,13.2,0,0,0,0,19-APR-2021,
OPTSTK,HDFC,29-Apr-2021,2740,CE,3.15,3.2,1.7,2.4,2.4,106,872.07,48300,-2700,19-APR-2021,
OPTSTK,HDFC,29-Apr-2021,2750,CE,3.35,3.35,1.7,2.85,2.85,377,3112.84,150300,-26100,19-APR-2021,
OPTSTK,HDFC,29-Apr-2021,2760,CE,0,0,0,118.1,9,0,0,0,0,19-APR-2021,
OPTSTK,HDFC,29-Apr-2021,2780,CE,0,0,0,112.95,7.4,0,0,0,0,19-APR-2021,
OPTSTK,HDFC,29-Apr-2021,2800,CE,5,5,1.05,1.7,1.7,267,2244.1,167700,-7800,19-APR-2021,
OPTSTK,HDFC,29-Apr-2021,2820,CE,0,0,0,103.35,4.9,0,0,0,0,19-APR-2021,
OPTSTK,HDFC,29-Apr-2021,2840,CE,0,0,0,98.75,3.95,0,0,0,0,19-APR-2021,
OPTSTK,HDFC,29-Apr-2021,2850,CE,0,0,0,33.85,3.55,0,0,0,0,19-APR-2021,
OPTSTK,HDFC,29-Apr-2021,2860,CE,0,0,0,94.35,3.15,0,0,0,0,19-APR-2021,
OPTSTK,HDFC,29-Apr-2021,2880,CE,0,0,0,90.1,2.5,0,0,0,0,19-APR-2021,
OPTSTK,HDFC,29-Apr-2021,2900,CE,1.3,1.7,1.1,1.45,1.45,27,235.01,64200,600,19-APR-2021,
OPTSTK,HDFC,29-Apr-2021,2920,CE,0,0,0,82.15,1.6,0,0,0,0,19-APR-2021,
OPTSTK,HDFC,29-Apr-2021,2940,CE,0,0,0,78.4,1.25,0,0,0,0,19-APR-2021,
OPTSTK,HDFC,29-Apr-2021,2950,CE,0,0,0,21.55,1.1,0,0,0,0,19-APR-2021,
OPTSTK,HDFC,29-Apr-2021,2960,CE,0,0,0,74.7,1,0,0,0,0,19-APR-2021,
OPTSTK,HDFC,29-Apr-2021,2980,CE,0,0,0,71.25,0.75,0,0,0,0,19-APR-2021,
OPTSTK,HDFC,29-Apr-2021,3000,CE,1.25,1.25,0.85,1.25,1.25,33,297.1,61800,2100,19-APR-2021,
OPTSTK,HDFC,29-Apr-2021,3020,CE,0,0,0,64.8,0.45,0,0,0,0,19-APR-2021,
OPTSTK,HDFC,29-Apr-2021,3040,CE,0,0,0,61.75,0.35,0,0,0,0,19-APR-2021,
OPTSTK,HDFC,29-Apr-2021,3050,CE,0,0,0,13.35,0.3,0,0,0,0,19-APR-2021,
OPTSTK,HDFC,29-Apr-2021,3060,CE,0,0,0,58.85,0.3,0,0,0,0,19-APR-2021,
OPTSTK,HDFC,29-Apr-2021,3080,CE,0,0,0,56.05,0.2,0,0,0,0,19-APR-2021,
OPTSTK,HDFC,29-Apr-2021,3100,CE,0,0,0,2.5,0.15,0,0,300,0,19-APR-2021,
OPTSTK,HDFC,29-Apr-2021,3120,CE,0,0,0,50.85,0.15,0,0,0,0,19-APR-2021,
OPTSTK,HDFC,29-Apr-2021,3140,CE,0,0,0,48.4,0.1,0,0,0,0,19-APR-2021,
OPTSTK,HDFC,29-Apr-2021,3150,CE,0,0,0,8.1,0.1,0,0,0,0,19-APR-2021,
OPTSTK,HDFC,29-Apr-2021,3160,CE,0,0,0,46.05,0.1,0,0,0,0,19-APR-2021,
OPTSTK,HDFC,29-Apr-2021,3180,CE,0,0,0,43.85,0.05,0,0,0,0,19-APR-2021,
OPTSTK,HDFC,29-Apr-2021,3200,CE,0,0,0,41.7,0.05,0,0,0,0,19-APR-2021,
OPTSTK,HDFC,29-Apr-2021,3220,CE,0,0,0,39.65,0.05,0,0,0,0,19-APR-2021,
OPTSTK,HDFC,29-Apr-2021,3240,CE,0,0,0,60.15,0.05,0,0,0,0,19-APR-2021,
OPTSTK,HDFC,29-Apr-2021,3260,CE,0,0,0,57.4,0.05,0,0,0,0,19-APR-2021,
OPTSTK,HDFC,29-Apr-2021,1760,PE,1,1,1,1,0,1,5.28,5400,300,19-APR-2021,
OPTSTK,HDFC,29-Apr-2021,1780,PE,0,0,0,19.8,0,0,0,0,0,19-APR-2021,
OPTSTK,HDFC,29-Apr-2021,1800,PE,0,0,0,22.05,0,0,0,0,0,19-APR-2021,
OPTSTK,HDFC,29-Apr-2021,1820,PE,0,0,0,24.5,0,0,0,0,0,19-APR-2021,
OPTSTK,HDFC,29-Apr-2021,1840,PE,0,0,0,27.1,0,0,0,0,0,19-APR-2021,
OPTSTK,HDFC,29-Apr-2021,1850,PE,0,0,0,2.4,0,0,0,0,0,19-APR-2021,
OPTSTK,HDFC,29-Apr-2021,1860,PE,0,0,0,29.9,0,0,0,0,0,19-APR-2021,
OPTSTK,HDFC,29-Apr-2021,1880,PE,0,0,0,32.95,0,0,0,0,0,19-APR-2021,
OPTSTK,HDFC,29-Apr-2021,1900,PE,0,0,0,36.2,0.05,0,0,0,0,19-APR-2021,
OPTSTK,HDFC,29-Apr-2021,1920,PE,0,0,0,39.65,0.05,0,0,0,0,19-APR-2021,
OPTSTK,HDFC,29-Apr-2021,1940,PE,0,0,0,43.35,0.05,0,0,0,0,19-APR-2021,
OPTSTK,HDFC,29-Apr-2021,1950,PE,0,0,0,6.25,0.05,0,0,0,0,19-APR-2021,
OPTSTK,HDFC,29-Apr-2021,1960,PE,0,0,0,47.3,0.05,0,0,0,0,19-APR-2021,
OPTSTK,HDFC,29-Apr-2021,1980,PE,0,0,0,51.45,0.1,0,0,0,0,19-APR-2021,
OPTSTK,HDFC,29-Apr-2021,2000,PE,2.8,2.85,1.85,1.9,1.9,33,198.24,27300,3000,19-APR-2021,
OPTSTK,HDFC,29-Apr-2021,2020,PE,0,0,0,60.55,0.2,0,0,0,0,19-APR-2021,
OPTSTK,HDFC,29-Apr-2021,2040,PE,0,0,0,65.55,0.25,0,0,0,0,19-APR-2021,
OPTSTK,HDFC,29-Apr-2021,2050,PE,0,0,0,14.1,0.3,0,0,0,0,19-APR-2021,
OPTSTK,HDFC,29-Apr-2021,2060,PE,0,0,0,70.75,0.4,0,0,0,0,19-APR-2021,
OPTSTK,HDFC,29-Apr-2021,2080,PE,0,0,0,76.2,0.55,0,0,0,0,19-APR-2021,
OPTSTK,HDFC,29-Apr-2021,2100,PE,2.05,4,2.05,2.85,2.85,97,612.05,27900,-2700,19-APR-2021,
OPTSTK,HDFC,29-Apr-2021,2120,PE,0,0,0,87.95,1.1,0,0,0,0,19-APR-2021,
OPTSTK,HDFC,29-Apr-2021,2140,PE,0,0,0,94.2,1.55,0,0,0,0,19-APR-2021,
OPTSTK,HDFC,29-Apr-2021,2150,PE,0,0,0,28.15,1.85,0,0,0,0,19-APR-2021,
OPTSTK,HDFC,29-Apr-2021,2160,PE,0,0,0,100.7,2.15,0,0,0,0,19-APR-2021,
OPTSTK,HDFC,29-Apr-2021,2180,PE,0,0,0,107.55,2.9,0,0,0,0,19-APR-2021,
OPTSTK,HDFC,29-Apr-2021,2200,PE,3.45,5.2,3.2,3.55,3.55,274,1811.98,85500,-12600,19-APR-2021,
OPTSTK,HDFC,29-Apr-2021,2220,PE,0,0,0,122.15,5.15,0,0,0,0,19-APR-2021,
OPTSTK,HDFC,29-Apr-2021,2240,PE,7.05,9.8,7,7,7,9,60.68,11100,2100,19-APR-2021,
OPTSTK,HDFC,29-Apr-2021,2250,PE,0,0,0,50.55,7.65,0,0,0,0,19-APR-2021,
OPTSTK,HDFC,29-Apr-2021,2260,PE,6.95,6.95,5.9,6.05,8.65,38,258.34,8700,6000,19-APR-2021,
OPTSTK,HDFC,29-Apr-2021,2280,PE,7.85,9.35,4.75,5.45,5.45,516,3540.42,16800,-1800,19-APR-2021,
OPTSTK,HDFC,29-Apr-2021,2300,PE,11.95,11.95,5.75,6.05,6.05,1460,10109.86,159900,-19800,19-APR-2021,
OPTSTK,HDFC,29-Apr-2021,2320,PE,0,0,0,22.15,17.2,0,0,900,0,19-APR-2021,
OPTSTK,HDFC,29-Apr-2021,2340,PE,15,15,8.35,9.15,9.15,256,1805.84,29700,3600,19-APR-2021,
OPTSTK,HDFC,29-Apr-2021,2350,PE,10,18.5,9.35,10.2,10.2,571,4049.2,25500,4500,19-APR-2021,
OPTSTK,HDFC,29-Apr-2021,2360,PE,15,20.25,10.4,11.2,11.2,306,2180.25,18300,4500,19-APR-2021,
OPTSTK,HDFC,29-Apr-2021,2380,PE,7.2,24.65,7.2,14.2,14.2,308,2216.62,21900,7500,19-APR-2021,
OPTSTK,HDFC,29-Apr-2021,2400,PE,13.4,30.4,13.4,17.15,17.15,2514,18263.65,201000,5400,19-APR-2021,
OPTSTK,HDFC,29-Apr-2021,2420,PE,23,36.3,18.9,21.05,21.05,373,2737.85,54600,8700,19-APR-2021,
OPTSTK,HDFC,29-Apr-2021,2440,PE,27,44.1,23.6,26.1,26.1,486,3604.83,64200,-11100,19-APR-2021,
OPTSTK,HDFC,29-Apr-2021,2450,PE,31.85,50,23.45,28.15,28.15,979,7301.98,43200,-1500,19-APR-2021,
OPTSTK,HDFC,29-Apr-2021,2460,PE,42.35,55.45,29.05,32,32,437,3277.92,48000,-1200,19-APR-2021,
OPTSTK,HDFC,29-Apr-2021,2480,PE,48,63.05,35.8,39.4,39.4,682,5169.41,48900,5700,19-APR-2021,
OPTSTK,HDFC,29-Apr-2021,2500,PE,58.95,75.25,43,48.45,48.45,1732,13284.21,167700,-64800,19-APR-2021,
OPTSTK,HDFC,29-Apr-2021,2520,PE,71.25,85.9,55.95,58.05,58.05,189,1466.91,21600,-8400,19-APR-2021,
OPTSTK,HDFC,29-Apr-2021,2540,PE,85.25,102.2,64.05,69.95,69.95,143,1125.11,38100,-6000,19-APR-2021,
OPTSTK,HDFC,29-Apr-2021,2550,PE,78.8,109.35,70,75.05,75.05,96,760.15,27000,-3600,19-APR-2021,
OPTSTK,HDFC,29-Apr-2021,2560,PE,99.05,117.8,75.5,82.25,82.25,83,661.78,31500,-7500,19-APR-2021,
OPTSTK,HDFC,29-Apr-2021,2580,PE,116.5,134.15,81.9,95.95,95.95,45,363.4,15600,-4800,19-APR-2021,
OPTSTK,HDFC,29-Apr-2021,2600,PE,140.7,151,109.4,118.15,118.15,57,466.13,60000,-5100,19-APR-2021,
OPTSTK,HDFC,29-Apr-2021,2620,PE,0,0,0,156.7,156.45,0,0,900,0,19-APR-2021,
OPTSTK,HDFC,29-Apr-2021,2640,PE,0,0,0,198,171.65,0,0,300,0,19-APR-2021,
OPTSTK,HDFC,29-Apr-2021,2650,PE,0,0,0,157,179.5,0,0,300,0,19-APR-2021,
OPTSTK,HDFC,29-Apr-2021,2660,PE,0,0,0,356.65,187.55,0,0,0,0,19-APR-2021,
OPTSTK,HDFC,29-Apr-2021,2680,PE,0,0,0,208.25,203.95,0,0,300,0,19-APR-2021,
OPTSTK,HDFC,29-Apr-2021,2700,PE,221,232,203.65,207.5,220.8,15,131.05,28200,-900,19-APR-2021,
OPTSTK,HDFC,29-Apr-2021,2720,PE,0,0,0,398.1,238.15,0,0,0,0,19-APR-2021,
OPTSTK,HDFC,29-Apr-2021,2740,PE,0,0,0,412.35,255.85,0,0,0,0,19-APR-2021,
OPTSTK,HDFC,29-Apr-2021,2750,PE,0,0,0,321.3,264.85,0,0,0,0,19-APR-2021,
OPTSTK,HDFC,29-Apr-2021,2760,PE,0,0,0,426.8,273.9,0,0,0,0,19-APR-2021,
OPTSTK,HDFC,29-Apr-2021,2780,PE,0,0,0,441.45,292.25,0,0,0,0,19-APR-2021,
OPTSTK,HDFC,29-Apr-2021,2800,PE,0,0,0,225,310.9,0,0,4200,0,19-APR-2021,
OPTSTK,HDFC,29-Apr-2021,2820,PE,0,0,0,471.5,329.7,0,0,0,0,19-APR-2021,
OPTSTK,HDFC,29-Apr-2021,2840,PE,0,0,0,486.7,348.75,0,0,0,0,19-APR-2021,
OPTSTK,HDFC,29-Apr-2021,2850,PE,0,0,0,402.9,358.35,0,0,0,0,19-APR-2021,
OPTSTK,HDFC,29-Apr-2021,2860,PE,0,0,0,502.1,367.95,0,0,0,0,19-APR-2021,
OPTSTK,HDFC,29-Apr-2021,2880,PE,0,0,0,517.7,387.3,0,0,0,0,19-APR-2021,
OPTSTK,HDFC,29-Apr-2021,2900,PE,0,0,0,390,406.8,0,0,300,0,19-APR-2021,
OPTSTK,HDFC,29-Apr-2021,2920,PE,0,0,0,549.4,426.35,0,0,0,0,19-APR-2021,
OPTSTK,HDFC,29-Apr-2021,2940,PE,0,0,0,565.45,446,0,0,0,0,19-APR-2021,
OPTSTK,HDFC,29-Apr-2021,2950,PE,0,0,0,490.2,455.85,0,0,0,0,19-APR-2021,
OPTSTK,HDFC,29-Apr-2021,2960,PE,0,0,0,581.55,465.7,0,0,0,0,19-APR-2021,
OPTSTK,HDFC,29-Apr-2021,2980,PE,0,0,0,597.95,485.45,0,0,0,0,19-APR-2021,
OPTSTK,HDFC,29-Apr-2021,3000,PE,0,0,0,545,505.25,0,0,600,0,19-APR-2021,
OPTSTK,HDFC,29-Apr-2021,3020,PE,0,0,0,631.1,525.1,0,0,0,0,19-APR-2021,
OPTSTK,HDFC,29-Apr-2021,3040,PE,0,0,0,647.85,545,0,0,0,0,19-APR-2021,
OPTSTK,HDFC,29-Apr-2021,3050,PE,0,0,0,581.65,554.95,0,0,0,0,19-APR-2021,
OPTSTK,HDFC,29-Apr-2021,3060,PE,0,0,0,664.75,564.9,0,0,0,0,19-APR-2021,
OPTSTK,HDFC,29-Apr-2021,3080,PE,0,0,0,681.8,584.8,0,0,0,0,19-APR-2021,
OPTSTK,HDFC,29-Apr-2021,3100,PE,0,0,0,698.95,604.75,0,0,0,0,19-APR-2021,
OPTSTK,HDFC,29-Apr-2021,3120,PE,0,0,0,716.2,624.7,0,0,0,0,19-APR-2021,
OPTSTK,HDFC,29-Apr-2021,3140,PE,0,0,0,733.6,644.65,0,0,0,0,19-APR-2021,
OPTSTK,HDFC,29-Apr-2021,3150,PE,0,0,0,676,654.6,0,0,0,0,19-APR-2021,
OPTSTK,HDFC,29-Apr-2021,3160,PE,0,0,0,751.05,664.6,0,0,0,0,19-APR-2021,
OPTSTK,HDFC,29-Apr-2021,3180,PE,0,0,0,768.65,684.55,0,0,0,0,19-APR-2021,
OPTSTK,HDFC,29-Apr-2021,3200,PE,0,0,0,786.35,704.5,0,0,0,0,19-APR-2021,
OPTSTK,HDFC,29-Apr-2021,3220,PE,0,0,0,804.1,724.5,0,0,0,0,19-APR-2021,
OPTSTK,HDFC,29-Apr-2021,3240,PE,0,0,0,692.15,744.45,0,0,0,0,19-APR-2021,
OPTSTK,HDFC,29-Apr-2021,3260,PE,0,0,0,709.2,764.45,0,0,0,0,19-APR-2021,
OPTSTK,HDFC,27-May-2021,1850,CE,0,0,0,643.95,652.25,0,0,0,0,19-APR-2021,
OPTSTK,HDFC,27-May-2021,1880,CE,0,0,0,835.75,623.25,0,0,0,0,19-APR-2021,
OPTSTK,HDFC,27-May-2021,1900,CE,0,0,0,817.5,604.05,0,0,0,0,19-APR-2021,
OPTSTK,HDFC,27-May-2021,1920,CE,0,0,0,799.4,585,0,0,0,0,19-APR-2021,
OPTSTK,HDFC,27-May-2021,1940,CE,0,0,0,781.4,566.05,0,0,0,0,19-APR-2021,
OPTSTK,HDFC,27-May-2021,1950,CE,0,0,0,554.35,556.6,0,0,0,0,19-APR-2021,
OPTSTK,HDFC,27-May-2021,1960,CE,0,0,0,763.55,547.25,0,0,0,0,19-APR-2021,
OPTSTK,HDFC,27-May-2021,1980,CE,0,0,0,745.9,528.6,0,0,0,0,19-APR-2021,
OPTSTK,HDFC,27-May-2021,2000,CE,489,494,489,494,510.15,2,14.94,4500,600,19-APR-2021,
OPTSTK,HDFC,27-May-2021,2020,CE,0,0,0,711.05,491.9,0,0,0,0,19-APR-2021,
OPTSTK,HDFC,27-May-2021,2040,CE,0,0,0,693.85,473.85,0,0,0,0,19-APR-2021,
OPTSTK,HDFC,27-May-2021,2050,CE,0,0,0,470.1,464.9,0,0,0,0,19-APR-2021,
OPTSTK,HDFC,27-May-2021,2060,CE,0,0,0,676.85,456,0,0,0,0,19-APR-2021,
OPTSTK,HDFC,27-May-2021,2080,CE,0,0,0,660.05,438.45,0,0,0,0,19-APR-2021,
OPTSTK,HDFC,27-May-2021,2100,CE,394,394,394,394,421.1,1,7.48,1800,300,19-APR-2021,
OPTSTK,HDFC,27-May-2021,2120,CE,0,0,0,627.05,404.1,0,0,0,0,19-APR-2021,
OPTSTK,HDFC,27-May-2021,2140,CE,0,0,0,610.85,387.35,0,0,0,0,19-APR-2021,
OPTSTK,HDFC,27-May-2021,2150,CE,0,0,0,392.5,379.1,0,0,0,0,19-APR-2021,
OPTSTK,HDFC,27-May-2021,2160,CE,0,0,0,375,370.9,0,0,600,0,19-APR-2021,
OPTSTK,HDFC,27-May-2021,2180,CE,0,0,0,579.1,354.8,0,0,0,0,19-APR-2021,
OPTSTK,HDFC,27-May-2021,2200,CE,299,323,299,323,323,8,60.23,7500,2400,19-APR-2021,
OPTSTK,HDFC,27-May-2021,2220,CE,0,0,0,548.2,323.6,0,0,0,0,19-APR-2021,
OPTSTK,HDFC,27-May-2021,2240,CE,0,0,0,533.1,308.6,0,0,0,0,19-APR-2021,
OPTSTK,HDFC,27-May-2021,2250,CE,0,0,0,322.35,301.25,0,0,0,0,19-APR-2021,
OPTSTK,HDFC,27-May-2021,2260,CE,0,0,0,518.35,293.95,0,0,0,0,19-APR-2021,
OPTSTK,HDFC,27-May-2021,2280,CE,0,0,0,503.7,279.6,0,0,0,0,19-APR-2021,
OPTSTK,HDFC,27-May-2021,2300,CE,0,0,0,489.35,265.65,0,0,0,0,19-APR-2021,
OPTSTK,HDFC,27-May-2021,2320,CE,0,0,0,475.2,252.15,0,0,0,0,19-APR-2021,
OPTSTK,HDFC,27-May-2021,2340,CE,0,0,0,461.3,239.1,0,0,0,0,19-APR-2021,
OPTSTK,HDFC,27-May-2021,2350,CE,0,0,0,260.7,232.75,0,0,0,0,19-APR-2021,
OPTSTK,HDFC,27-May-2021,2360,CE,0,0,0,447.65,226.45,0,0,0,0,19-APR-2021,
OPTSTK,HDFC,27-May-2021,2380,CE,0,0,0,434.3,214.25,0,0,0,0,19-APR-2021,
OPTSTK,HDFC,27-May-2021,2400,CE,144,172.85,144,167,167,8,61.46,4500,2100,19-APR-2021,
OPTSTK,HDFC,27-May-2021,2420,CE,0,0,0,140,191.15,0,0,600,0,19-APR-2021,
OPTSTK,HDFC,27-May-2021,2440,CE,0,0,0,395.6,180.25,0,0,0,0,19-APR-2021,
OPTSTK,HDFC,27-May-2021,2450,CE,0,0,0,207.55,174.95,0,0,0,0,19-APR-2021,
OPTSTK,HDFC,27-May-2021,2460,CE,0,0,0,383.3,169.75,0,0,0,0,19-APR-2021,
OPTSTK,HDFC,27-May-2021,2480,CE,0,0,0,371.2,159.7,0,0,0,0,19-APR-2021,
OPTSTK,HDFC,27-May-2021,2500,CE,102.65,113.6,94.3,108.95,108.95,100,781.98,37800,17100,19-APR-2021,
OPTSTK,HDFC,27-May-2021,2520,CE,0,0,0,126.25,140.85,0,0,5400,0,19-APR-2021,
OPTSTK,HDFC,27-May-2021,2540,CE,0,0,0,113.9,132.1,0,0,3000,0,19-APR-2021,
OPTSTK,HDFC,27-May-2021,2550,CE,0,0,0,110.45,127.85,0,0,1500,0,19-APR-2021,
OPTSTK,HDFC,27-May-2021,2560,CE,0,0,0,105,123.7,0,0,600,0,19-APR-2021,
OPTSTK,HDFC,27-May-2021,2580,CE,0,0,0,314.8,115.75,0,0,0,0,19-APR-2021,
OPTSTK,HDFC,27-May-2021,2600,CE,78.4,78.4,59.65,70.35,70.35,239,1912.62,58800,12900,19-APR-2021,
OPTSTK,HDFC,27-May-2021,2620,CE,0,0,0,90,101,0,0,3000,0,19-APR-2021,
OPTSTK,HDFC,27-May-2021,2640,CE,0,0,0,284.1,94.2,0,0,0,0,19-APR-2021,
OPTSTK,HDFC,27-May-2021,2650,CE,0,0,0,125.75,90.9,0,0,0,0,19-APR-2021,
OPTSTK,HDFC,27-May-2021,2660,CE,0,0,0,274.35,87.75,0,0,0,0,19-APR-2021,
OPTSTK,HDFC,27-May-2021,2680,CE,0,0,0,264.85,81.65,0,0,0,0,19-APR-2021,
OPTSTK,HDFC,27-May-2021,2700,CE,45.1,48,38.95,41.4,41.4,97,797.54,27000,2400,19-APR-2021,
OPTSTK,HDFC,27-May-2021,2720,CE,0,0,0,246.65,70.45,0,0,0,0,19-APR-2021,
OPTSTK,HDFC,27-May-2021,2740,CE,0,0,0,237.95,65.5,0,0,0,0,19-APR-2021,
OPTSTK,HDFC,27-May-2021,2750,CE,0,0,0,95.85,63.05,0,0,0,0,19-APR-2021,
OPTSTK,HDFC,27-May-2021,2760,CE,0,0,0,229.45,60.7,0,0,0,0,19-APR-2021,
OPTSTK,HDFC,27-May-2021,2780,CE,0,0,0,221.2,56.25,0,0,0,0,19-APR-2021,
OPTSTK,HDFC,27-May-2021,2800,CE,23.6,35,20,23.1,23.1,54,457.53,24600,-1800,19-APR-2021,
OPTSTK,HDFC,27-May-2021,2820,CE,0,0,0,205.4,48,0,0,0,0,19-APR-2021,
OPTSTK,HDFC,27-May-2021,2840,CE,0,0,0,197.85,44.3,0,0,0,0,19-APR-2021,
OPTSTK,HDFC,27-May-2021,2850,CE,66.65,66.65,21.05,21.8,21.8,5,43.2,1200,1200,19-APR-2021,
OPTSTK,HDFC,27-May-2021,2860,CE,0,0,0,190.5,40.85,0,0,0,0,19-APR-2021,
OPTSTK,HDFC,27-May-2021,2880,CE,0,0,0,183.4,37.65,0,0,0,0,19-APR-2021,
OPTSTK,HDFC,27-May-2021,2900,CE,0,0,0,21,34.65,0,0,5100,0,19-APR-2021,
OPTSTK,HDFC,27-May-2021,2920,CE,0,0,0,169.8,31.85,0,0,0,0,19-APR-2021,
OPTSTK,HDFC,27-May-2021,2940,CE,0,0,0,163.35,29.3,0,0,0,0,19-APR-2021,
OPTSTK,HDFC,27-May-2021,2950,CE,0,0,0,53.7,28.05,0,0,0,0,19-APR-2021,
OPTSTK,HDFC,27-May-2021,2960,CE,0,0,0,157.1,26.9,0,0,0,0,19-APR-2021,
OPTSTK,HDFC,27-May-2021,2980,CE,0,0,0,151,24.65,0,0,0,0,19-APR-2021,
OPTSTK,HDFC,27-May-2021,3000,CE,0,0,0,12.9,22.6,0,0,900,0,19-APR-2021,
OPTSTK,HDFC,27-May-2021,3020,CE,0,0,0,139.5,20.7,0,0,0,0,19-APR-2021,
OPTSTK,HDFC,27-May-2021,3040,CE,0,0,0,134,18.9,0,0,0,0,19-APR-2021,
OPTSTK,HDFC,27-May-2021,3050,CE,0,0,0,39.45,18.1,0,0,0,0,19-APR-2021,
OPTSTK,HDFC,27-May-2021,3060,CE,0,0,0,128.7,17.3,0,0,0,0,19-APR-2021,
OPTSTK,HDFC,27-May-2021,3080,CE,0,0,0,123.6,15.8,0,0,0,0,19-APR-2021,
OPTSTK,HDFC,27-May-2021,3100,CE,0,0,0,118.8,14.4,0,0,0,0,19-APR-2021,
OPTSTK,HDFC,27-May-2021,3120,CE,0,0,0,114,13.15,0,0,0,0,19-APR-2021,
OPTSTK,HDFC,27-May-2021,3140,CE,0,0,0,109.45,11.95,0,0,0,0,19-APR-2021,
OPTSTK,HDFC,27-May-2021,3150,CE,0,0,0,28.7,11.4,0,0,0,0,19-APR-2021,
OPTSTK,HDFC,27-May-2021,3160,CE,0,0,0,105,10.9,0,0,0,0,19-APR-2021,
OPTSTK,HDFC,27-May-2021,3180,CE,0,0,0,100.75,9.9,0,0,0,0,19-APR-2021,
OPTSTK,HDFC,27-May-2021,3200,CE,0,0,0,96.6,9,0,0,0,0,19-APR-2021,
OPTSTK,HDFC,27-May-2021,3220,CE,0,0,0,92.65,8.15,0,0,0,0,19-APR-2021,
OPTSTK,HDFC,27-May-2021,3240,CE,0,0,0,88.8,7.4,0,0,0,0,19-APR-2021,
OPTSTK,HDFC,27-May-2021,3260,CE,0,0,0,85,6.7,0,0,0,0,19-APR-2021,
OPTSTK,HDFC,27-May-2021,1850,PE,0,0,0,11.25,2.65,0,0,0,0,19-APR-2021,
OPTSTK,HDFC,27-May-2021,1880,PE,0,0,0,13.55,3.55,0,0,0,0,19-APR-2021,
OPTSTK,HDFC,27-May-2021,1900,PE,0,0,0,15.1,4.3,0,0,0,0,19-APR-2021,
OPTSTK,HDFC,27-May-2021,1920,PE,0,0,0,16.8,5.15,0,0,0,0,19-APR-2021,
OPTSTK,HDFC,27-May-2021,1940,PE,0,0,0,18.65,6.15,0,0,0,0,19-APR-2021,
OPTSTK,HDFC,27-May-2021,1950,PE,0,0,0,21,6.65,0,0,0,0,19-APR-2021,
OPTSTK,HDFC,27-May-2021,1960,PE,0,0,0,20.65,7.25,0,0,0,0,19-APR-2021,
OPTSTK,HDFC,27-May-2021,1980,PE,0,0,0,22.75,8.55,0,0,0,0,19-APR-2021,
OPTSTK,HDFC,27-May-2021,2000,PE,7.3,7.3,7.3,7.3,10,1,6.02,600,300,19-APR-2021,
OPTSTK,HDFC,27-May-2021,2020,PE,0,0,0,27.55,11.65,0,0,0,0,19-APR-2021,
OPTSTK,HDFC,27-May-2021,2040,PE,0,0,0,34.75,13.55,0,0,300,0,19-APR-2021,
OPTSTK,HDFC,27-May-2021,2050,PE,0,0,0,36.1,14.55,0,0,0,0,19-APR-2021,
OPTSTK,HDFC,27-May-2021,2060,PE,0,0,0,33,15.65,0,0,0,0,19-APR-2021,
OPTSTK,HDFC,27-May-2021,2080,PE,0,0,0,36,18,0,0,0,0,19-APR-2021,
OPTSTK,HDFC,27-May-2021,2100,PE,15.3,15.3,15.3,15.3,20.6,1,6.34,600,300,19-APR-2021,
OPTSTK,HDFC,27-May-2021,2120,PE,0,0,0,42.65,23.45,0,0,0,0,19-APR-2021,
OPTSTK,HDFC,27-May-2021,2140,PE,0,0,0,46.25,26.65,0,0,0,0,19-APR-2021,
OPTSTK,HDFC,27-May-2021,2150,PE,0,0,0,57.9,28.35,0,0,0,0,19-APR-2021,
OPTSTK,HDFC,27-May-2021,2160,PE,0,0,0,50.05,30.15,0,0,0,0,19-APR-2021,
OPTSTK,HDFC,27-May-2021,2180,PE,0,0,0,54.1,33.95,0,0,0,0,19-APR-2021,
OPTSTK,HDFC,27-May-2021,2200,PE,16.25,24.9,14.25,17,17,9,59.86,2700,1200,19-APR-2021,
OPTSTK,HDFC,27-May-2021,2220,PE,0,0,0,62.85,42.6,0,0,0,0,19-APR-2021,
OPTSTK,HDFC,27-May-2021,2240,PE,0,0,0,67.6,47.55,0,0,0,0,19-APR-2021,
OPTSTK,HDFC,27-May-2021,2250,PE,0,0,0,87.1,50.1,0,0,0,0,19-APR-2021,
OPTSTK,HDFC,27-May-2021,2260,PE,0,0,0,72.6,52.75,0,0,0,0,19-APR-2021,
OPTSTK,HDFC,27-May-2021,2280,PE,0,0,0,27,58.4,0,0,300,0,19-APR-2021,
OPTSTK,HDFC,27-May-2021,2300,PE,41,41,32.5,32.5,32.5,27,189.13,15300,4500,19-APR-2021,
OPTSTK,HDFC,27-May-2021,2320,PE,0,0,0,88.9,70.75,0,0,0,0,19-APR-2021,
OPTSTK,HDFC,27-May-2021,2340,PE,0,0,0,94.85,77.65,0,0,0,0,19-APR-2021,
OPTSTK,HDFC,27-May-2021,2350,PE,0,0,0,124.75,81.2,0,0,0,0,19-APR-2021,
OPTSTK,HDFC,27-May-2021,2360,PE,0,0,0,101,84.9,0,0,0,0,19-APR-2021,
OPTSTK,HDFC,27-May-2021,2380,PE,0,0,0,107.45,92.65,0,0,0,0,19-APR-2021,
OPTSTK,HDFC,27-May-2021,2400,PE,63.55,65,57,59,59,91,671.92,15900,5400,19-APR-2021,
OPTSTK,HDFC,27-May-2021,2420,PE,0,0,0,121,109.35,0,0,0,0,19-APR-2021,
OPTSTK,HDFC,27-May-2021,2440,PE,0,0,0,128.2,118.35,0,0,0,0,19-APR-2021,
OPTSTK,HDFC,27-May-2021,2450,PE,0,0,0,171,123.05,0,0,0,0,19-APR-2021,
OPTSTK,HDFC,27-May-2021,2460,PE,0,0,0,84.8,127.8,0,0,1800,0,19-APR-2021,
OPTSTK,HDFC,27-May-2021,2480,PE,0,0,0,93.8,137.7,0,0,4500,0,19-APR-2021,
OPTSTK,HDFC,27-May-2021,2500,PE,100,110.1,99,100.5,100.5,21,164.07,30900,2700,19-APR-2021,
OPTSTK,HDFC,27-May-2021,2520,PE,0,0,0,159.7,158.7,0,0,0,0,19-APR-2021,
OPTSTK,HDFC,27-May-2021,2540,PE,0,0,0,168.25,169.85,0,0,0,0,19-APR-2021,
OPTSTK,HDFC,27-May-2021,2550,PE,0,0,0,225.55,175.55,0,0,0,0,19-APR-2021,
OPTSTK,HDFC,27-May-2021,2560,PE,0,0,0,177.05,181.4,0,0,0,0,19-APR-2021,
OPTSTK,HDFC,27-May-2021,2580,PE,0,0,0,186.1,193.35,0,0,0,0,19-APR-2021,
OPTSTK,HDFC,27-May-2021,2600,PE,166.65,169.95,164,169.5,205.7,10,83,15900,600,19-APR-2021,
OPTSTK,HDFC,27-May-2021,2620,PE,0,0,0,205,218.45,0,0,0,0,19-APR-2021,
OPTSTK,HDFC,27-May-2021,2640,PE,0,0,0,214.8,231.55,0,0,0,0,19-APR-2021,
OPTSTK,HDFC,27-May-2021,2650,PE,0,0,0,265,238.25,0,0,600,0,19-APR-2021,
OPTSTK,HDFC,27-May-2021,2660,PE,0,0,0,224.9,245,0,0,0,0,19-APR-2021,
OPTSTK,HDFC,27-May-2021,2680,PE,0,0,0,235.25,258.85,0,0,0,0,19-APR-2021,
OPTSTK,HDFC,27-May-2021,2700,PE,234,239,234,235,273,4,35.22,8400,1200,19-APR-2021,
OPTSTK,HDFC,27-May-2021,2720,PE,0,0,0,256.65,287.5,0,0,0,0,19-APR-2021,
OPTSTK,HDFC,27-May-2021,2740,PE,0,0,0,267.75,302.45,0,0,0,0,19-APR-2021,
OPTSTK,HDFC,27-May-2021,2750,PE,0,0,0,357.35,310,0,0,0,0,19-APR-2021,
OPTSTK,HDFC,27-May-2021,2760,PE,0,0,0,279.05,317.6,0,0,0,0,19-APR-2021,
OPTSTK,HDFC,27-May-2021,2780,PE,0,0,0,290.6,333.05,0,0,0,0,19-APR-2021,
OPTSTK,HDFC,27-May-2021,2800,PE,0,0,0,302.4,348.7,0,0,0,0,19-APR-2021,
OPTSTK,HDFC,27-May-2021,2820,PE,0,0,0,314.45,364.65,0,0,0,0,19-APR-2021,
OPTSTK,HDFC,27-May-2021,2840,PE,0,0,0,355,380.9,0,0,600,0,19-APR-2021,
OPTSTK,HDFC,27-May-2021,2850,PE,0,0,0,433.15,389.1,0,0,0,0,19-APR-2021,
OPTSTK,HDFC,27-May-2021,2860,PE,0,0,0,339.2,397.35,0,0,0,0,19-APR-2021,
OPTSTK,HDFC,27-May-2021,2880,PE,0,0,0,351.9,414.1,0,0,0,0,19-APR-2021,
OPTSTK,HDFC,27-May-2021,2900,PE,0,0,0,364.8,431,0,0,0,0,19-APR-2021,
OPTSTK,HDFC,27-May-2021,2920,PE,0,0,0,377.95,448.15,0,0,0,0,19-APR-2021,
OPTSTK,HDFC,27-May-2021,2940,PE,0,0,0,391.3,465.5,0,0,0,0,19-APR-2021,
OPTSTK,HDFC,27-May-2021,2950,PE,0,0,0,513.9,474.2,0,0,0,0,19-APR-2021,
OPTSTK,HDFC,27-May-2021,2960,PE,0,0,0,404.85,483,0,0,0,0,19-APR-2021,
OPTSTK,HDFC,27-May-2021,2980,PE,0,0,0,418.6,500.7,0,0,0,0,19-APR-2021,
OPTSTK,HDFC,27-May-2021,3000,PE,0,0,0,432.55,518.55,0,0,0,0,19-APR-2021,
OPTSTK,HDFC,27-May-2021,3020,PE,0,0,0,446.7,536.55,0,0,0,0,19-APR-2021,
OPTSTK,HDFC,27-May-2021,3040,PE,0,0,0,461,554.7,0,0,0,0,19-APR-2021,
OPTSTK,HDFC,27-May-2021,3050,PE,0,0,0,599.05,563.85,0,0,0,0,19-APR-2021,
OPTSTK,HDFC,27-May-2021,3060,PE,0,0,0,475.55,573,0,0,0,0,19-APR-2021,
OPTSTK,HDFC,27-May-2021,3080,PE,0,0,0,490.2,591.45,0,0,0,0,19-APR-2021,
OPTSTK,HDFC,27-May-2021,3100,PE,0,0,0,505.25,609.95,0,0,0,0,19-APR-2021,
OPTSTK,HDFC,27-May-2021,3120,PE,0,0,0,520.3,628.6,0,0,0,0,19-APR-2021,
OPTSTK,HDFC,27-May-2021,3140,PE,0,0,0,535.5,647.35,0,0,0,0,19-APR-2021,
OPTSTK,HDFC,27-May-2021,3150,PE,0,0,0,687.65,656.8,0,0,0,0,19-APR-2021,
OPTSTK,HDFC,27-May-2021,3160,PE,0,0,0,550.9,666.2,0,0,0,0,19-APR-2021,
OPTSTK,HDFC,27-May-2021,3180,PE,0,0,0,566.45,685.15,0,0,0,0,19-APR-2021,
OPTSTK,HDFC,27-May-2021,3200,PE,0,0,0,582.15,704.15,0,0,0,0,19-APR-2021,
OPTSTK,HDFC,27-May-2021,3220,PE,0,0,0,598,723.25,0,0,0,0,19-APR-2021,
OPTSTK,HDFC,27-May-2021,3240,PE,0,0,0,613.95,742.45,0,0,0,0,19-APR-2021,
OPTSTK,HDFC,27-May-2021,3260,PE,0,0,0,630,761.65,0,0,0,0,19-APR-2021,
OPTSTK,HDFC,24-Jun-2021,1850,CE,0,0,0,661.1,666.15,0,0,0,0,19-APR-2021,
OPTSTK,HDFC,24-Jun-2021,1900,CE,0,0,0,618.15,620.75,0,0,0,0,19-APR-2021,
OPTSTK,HDFC,24-Jun-2021,1950,CE,0,0,0,576.5,576.4,0,0,0,0,19-APR-2021,
OPTSTK,HDFC,24-Jun-2021,2000,CE,0,0,0,536.25,533.4,0,0,0,0,19-APR-2021,
OPTSTK,HDFC,24-Jun-2021,2050,CE,0,0,0,497.5,491.8,0,0,0,0,19-APR-2021,
OPTSTK,HDFC,24-Jun-2021,2100,CE,0,0,0,460.35,451.8,0,0,0,0,19-APR-2021,
OPTSTK,HDFC,24-Jun-2021,2150,CE,0,0,0,424.85,413.5,0,0,0,0,19-APR-2021,
OPTSTK,HDFC,24-Jun-2021,2200,CE,0,0,0,390.9,377.1,0,0,0,0,19-APR-2021,
OPTSTK,HDFC,24-Jun-2021,2250,CE,0,0,0,358.9,342.5,0,0,0,0,19-APR-2021,
OPTSTK,HDFC,24-Jun-2021,2300,CE,0,0,0,328.65,310,0,0,0,0,19-APR-2021,
OPTSTK,HDFC,24-Jun-2021,2350,CE,0,0,0,300.25,279.55,0,0,0,0,19-APR-2021,
OPTSTK,HDFC,24-Jun-2021,2400,CE,0,0,0,273.6,251.2,0,0,0,0,19-APR-2021,
OPTSTK,HDFC,24-Jun-2021,2450,CE,0,0,0,248.75,224.9,0,0,0,0,19-APR-2021,
OPTSTK,HDFC,24-Jun-2021,2500,CE,0,0,0,225.6,200.65,0,0,0,0,19-APR-2021,
OPTSTK,HDFC,24-Jun-2021,2550,CE,0,0,0,204.15,178.4,0,0,0,0,19-APR-2021,
OPTSTK,HDFC,24-Jun-2021,2600,CE,0,0,0,184.35,158.05,0,0,0,0,19-APR-2021,
OPTSTK,HDFC,24-Jun-2021,2650,CE,0,0,0,166.1,139.6,0,0,0,0,19-APR-2021,
OPTSTK,HDFC,24-Jun-2021,2700,CE,0,0,0,149.4,122.85,0,0,0,0,19-APR-2021,
OPTSTK,HDFC,24-Jun-2021,2750,CE,0,0,0,134.05,107.8,0,0,0,0,19-APR-2021,
OPTSTK,HDFC,24-Jun-2021,2800,CE,0,0,0,120.05,94.3,0,0,0,0,19-APR-2021,
OPTSTK,HDFC,24-Jun-2021,2850,CE,0,0,0,107.45,82.4,0,0,0,0,19-APR-2021,
OPTSTK,HDFC,24-Jun-2021,2900,CE,0,0,0,95.95,71.75,0,0,0,0,19-APR-2021,
OPTSTK,HDFC,24-Jun-2021,2950,CE,0,0,0,85.55,62.15,0,0,0,0,19-APR-2021,
OPTSTK,HDFC,24-Jun-2021,3000,CE,0,0,0,76,53.8,0,0,0,0,19-APR-2021,
OPTSTK,HDFC,24-Jun-2021,3050,CE,0,0,0,67.5,46.45,0,0,0,0,19-APR-2021,
OPTSTK,HDFC,24-Jun-2021,3100,CE,0,0,0,59.85,39.95,0,0,0,0,19-APR-2021,
OPTSTK,HDFC,24-Jun-2021,3150,CE,0,0,0,53,34.35,0,0,0,0,19-APR-2021,
OPTSTK,HDFC,24-Jun-2021,3200,CE,0,0,0,46.9,29.4,0,0,0,0,19-APR-2021,
OPTSTK,HDFC,24-Jun-2021,3250,CE,0,0,0,41.4,25.15,0,0,0,0,19-APR-2021,
OPTSTK,HDFC,24-Jun-2021,1850,PE,0,0,0,23.15,11.3,0,0,0,0,19-APR-2021,
OPTSTK,HDFC,24-Jun-2021,1900,PE,0,0,0,29.75,15.55,0,0,0,0,19-APR-2021,
OPTSTK,HDFC,24-Jun-2021,1950,PE,0,0,0,37.6,20.9,0,0,0,0,19-APR-2021,
OPTSTK,HDFC,24-Jun-2021,2000,PE,0,0,0,46.9,27.5,0,0,0,0,19-APR-2021,
OPTSTK,HDFC,24-Jun-2021,2050,PE,0,0,0,57.65,35.6,0,0,0,0,19-APR-2021,
OPTSTK,HDFC,24-Jun-2021,2100,PE,0,0,0,70.1,45.25,0,0,0,0,19-APR-2021,
OPTSTK,HDFC,24-Jun-2021,2150,PE,0,0,0,84.05,56.6,0,0,0,0,19-APR-2021,
OPTSTK,HDFC,24-Jun-2021,2200,PE,0,0,0,99.7,69.9,0,0,0,0,19-APR-2021,
OPTSTK,HDFC,24-Jun-2021,2250,PE,0,0,0,117.2,84.95,0,0,0,0,19-APR-2021,
OPTSTK,HDFC,24-Jun-2021,2300,PE,0,0,0,136.5,102.1,0,0,0,0,19-APR-2021,
OPTSTK,HDFC,24-Jun-2021,2350,PE,0,0,0,157.6,121.35,0,0,0,0,19-APR-2021,
OPTSTK,HDFC,24-Jun-2021,2400,PE,0,0,0,180.55,142.65,0,0,0,0,19-APR-2021,
OPTSTK,HDFC,24-Jun-2021,2450,PE,0,0,0,205.2,166,0,0,0,0,19-APR-2021,
OPTSTK,HDFC,24-Jun-2021,2500,PE,0,0,0,231.6,191.4,0,0,0,0,19-APR-2021,
OPTSTK,HDFC,24-Jun-2021,2550,PE,0,0,0,259.7,218.8,0,0,0,0,19-APR-2021,
OPTSTK,HDFC,24-Jun-2021,2600,PE,0,0,0,289.4,248.15,0,0,0,0,19-APR-2021,
OPTSTK,HDFC,24-Jun-2021,2650,PE,0,0,0,320.7,279.3,0,0,0,0,19-APR-2021,
OPTSTK,HDFC,24-Jun-2021,2700,PE,0,0,0,353.5,312.25,0,0,0,0,19-APR-2021,
OPTSTK,HDFC,24-Jun-2021,2750,PE,0,0,0,387.7,346.9,0,0,0,0,19-APR-2021,
OPTSTK,HDFC,24-Jun-2021,2800,PE,0,0,0,423.25,383.05,0,0,0,0,19-APR-2021,
OPTSTK,HDFC,24-Jun-2021,2850,PE,0,0,0,460.2,420.8,0,0,0,0,19-APR-2021,
OPTSTK,HDFC,24-Jun-2021,2900,PE,0,0,0,498.2,459.8,0,0,0,0,19-APR-2021,
OPTSTK,HDFC,24-Jun-2021,2950,PE,0,0,0,537.35,499.9,0,0,0,0,19-APR-2021,
OPTSTK,HDFC,24-Jun-2021,3000,PE,0,0,0,577.35,541.15,0,0,0,0,19-APR-2021,
OPTSTK,HDFC,24-Jun-2021,3050,PE,0,0,0,618.4,583.45,0,0,0,0,19-APR-2021,
OPTSTK,HDFC,24-Jun-2021,3100,PE,0,0,0,660.25,626.65,0,0,0,0,19-APR-2021,
OPTSTK,HDFC,24-Jun-2021,3150,PE,0,0,0,702.95,670.7,0,0,0,0,19-APR-2021,
OPTSTK,HDFC,24-Jun-2021,3200,PE,0,0,0,746.35,715.45,0,0,0,0,19-APR-2021,
OPTSTK,HDFC,24-Jun-2021,3250,PE,0,0,0,790.4,760.85,0,0,0,0,19-APR-2021,
OPTSTK,HDFCAMC,29-Apr-2021,2200,CE,0,0,0,768.4,621.7,0,0,0,0,19-APR-2021,
OPTSTK,HDFCAMC,29-Apr-2021,2250,CE,0,0,0,573.3,571.8,0,0,0,0,19-APR-2021,
OPTSTK,HDFCAMC,29-Apr-2021,2300,CE,0,0,0,683.45,521.95,0,0,0,0,19-APR-2021,
OPTSTK,HDFCAMC,29-Apr-2021,2350,CE,0,0,0,481.6,472.2,0,0,0,0,19-APR-2021,
OPTSTK,HDFCAMC,29-Apr-2021,2400,CE,0,0,0,603.15,422.75,0,0,0,0,19-APR-2021,
OPTSTK,HDFCAMC,29-Apr-2021,2440,CE,0,0,0,572.5,383.6,0,0,0,0,19-APR-2021,
OPTSTK,HDFCAMC,29-Apr-2021,2450,CE,0,0,0,395.5,373.85,0,0,0,0,19-APR-2021,
OPTSTK,HDFCAMC,29-Apr-2021,2460,CE,0,0,0,557.5,364.15,0,0,0,0,19-APR-2021,
OPTSTK,HDFCAMC,29-Apr-2021,2480,CE,0,0,0,542.8,344.9,0,0,0,0,19-APR-2021,
OPTSTK,HDFCAMC,29-Apr-2021,2500,CE,0,0,0,528.25,325.85,0,0,0,0,19-APR-2021,
OPTSTK,HDFCAMC,29-Apr-2021,2520,CE,0,0,0,513.9,307.05,0,0,0,0,19-APR-2021,
OPTSTK,HDFCAMC,29-Apr-2021,2540,CE,0,0,0,499.8,288.5,0,0,0,0,19-APR-2021,
OPTSTK,HDFCAMC,29-Apr-2021,2550,CE,0,0,0,316.95,279.35,0,0,0,0,19-APR-2021,
OPTSTK,HDFCAMC,29-Apr-2021,2560,CE,0,0,0,485.95,270.25,0,0,0,0,19-APR-2021,
OPTSTK,HDFCAMC,29-Apr-2021,2580,CE,0,0,0,472.3,252.4,0,0,0,0,19-APR-2021,
OPTSTK,HDFCAMC,29-Apr-2021,2600,CE,0,0,0,458.9,234.95,0,0,0,0,19-APR-2021,
OPTSTK,HDFCAMC,29-Apr-2021,2620,CE,0,0,0,445.65,218,0,0,0,0,19-APR-2021,
OPTSTK,HDFCAMC,29-Apr-2021,2640,CE,0,0,0,432.8,201.5,0,0,0,0,19-APR-2021,
OPTSTK,HDFCAMC,29-Apr-2021,2650,CE,0,0,0,247.25,193.5,0,0,0,0,19-APR-2021,
OPTSTK,HDFCAMC,29-Apr-2021,2660,CE,0,0,0,420.15,185.6,0,0,0,0,19-APR-2021,
OPTSTK,HDFCAMC,29-Apr-2021,2680,CE,0,0,0,407.75,170.3,0,0,0,0,19-APR-2021,
OPTSTK,HDFCAMC,29-Apr-2021,2700,CE,0,0,0,395.6,155.6,0,0,0,0,19-APR-2021,
OPTSTK,HDFCAMC,29-Apr-2021,2720,CE,0,0,0,383.7,141.65,0,0,0,0,19-APR-2021,
OPTSTK,HDFCAMC,29-Apr-2021,2740,CE,0,0,0,372.05,128.4,0,0,0,0,19-APR-2021,
OPTSTK,HDFCAMC,29-Apr-2021,2750,CE,0,0,0,187.85,122.05,0,0,0,0,19-APR-2021,
OPTSTK,HDFCAMC,29-Apr-2021,2760,CE,0,0,0,360.6,115.9,0,0,0,0,19-APR-2021,
OPTSTK,HDFCAMC,29-Apr-2021,2780,CE,0,0,0,349.45,104.15,0,0,0,0,19-APR-2021,
OPTSTK,HDFCAMC,29-Apr-2021,2800,CE,90,90,78,79.5,79.5,4,23.07,2000,400,19-APR-2021,
OPTSTK,HDFCAMC,29-Apr-2021,2820,CE,0,0,0,327.9,83,0,0,0,0,19-APR-2021,
OPTSTK,HDFCAMC,29-Apr-2021,2840,CE,0,0,0,317.45,73.6,0,0,0,0,19-APR-2021,
OPTSTK,HDFCAMC,29-Apr-2021,2850,CE,0,0,0,138.85,69.2,0,0,0,0,19-APR-2021,
OPTSTK,HDFCAMC,29-Apr-2021,2860,CE,0,0,0,307.3,65,0,0,0,0,19-APR-2021,
OPTSTK,HDFCAMC,29-Apr-2021,2880,CE,0,0,0,297.35,57.1,0,0,0,0,19-APR-2021,
OPTSTK,HDFCAMC,29-Apr-2021,2900,CE,69.75,69.75,35,40.05,40.05,49,288.69,11000,3400,19-APR-2021,
OPTSTK,HDFCAMC,29-Apr-2021,2920,CE,0,0,0,278.2,43.45,0,0,0,0,19-APR-2021,
OPTSTK,HDFCAMC,29-Apr-2021,2940,CE,0,0,0,268.95,37.65,0,0,0,0,19-APR-2021,
OPTSTK,HDFCAMC,29-Apr-2021,2950,CE,0,0,0,99.85,34.95,0,0,0,0,19-APR-2021,
OPTSTK,HDFCAMC,29-Apr-2021,2960,CE,0,0,0,259.95,32.6,0,0,0,0,19-APR-2021,
OPTSTK,HDFCAMC,29-Apr-2021,2980,CE,0,0,0,251.2,27.9,0,0,0,0,19-APR-2021,
OPTSTK,HDFCAMC,29-Apr-2021,3000,CE,30,30,16.1,21.45,21.45,85,513.79,43400,6400,19-APR-2021,
OPTSTK,HDFCAMC,29-Apr-2021,3020,CE,0,0,0,234.4,20.25,0,0,0,0,19-APR-2021,
OPTSTK,HDFCAMC,29-Apr-2021,3040,CE,0,0,0,226.3,17.15,0,0,0,0,19-APR-2021,
OPTSTK,HDFCAMC,29-Apr-2021,3050,CE,0,0,0,69.95,15.7,0,0,0,0,19-APR-2021,
OPTSTK,HDFCAMC,29-Apr-2021,3060,CE,0,0,0,70.85,14.4,0,0,200,0,19-APR-2021,
OPTSTK,HDFCAMC,29-Apr-2021,3080,CE,0,0,0,210.85,12.1,0,0,0,0,19-APR-2021,
OPTSTK,HDFCAMC,29-Apr-2021,3100,CE,21,21,7,10.75,10.75,62,385.84,55600,1600,19-APR-2021,
OPTSTK,HDFCAMC,29-Apr-2021,3120,CE,0,0,0,196.2,8.35,0,0,0,0,19-APR-2021,
OPTSTK,HDFCAMC,29-Apr-2021,3140,CE,0,0,0,189.2,6.9,0,0,0,0,19-APR-2021,
OPTSTK,HDFCAMC,29-Apr-2021,3150,CE,0,0,0,18,6.25,0,0,0,0,19-APR-2021,
OPTSTK,HDFCAMC,29-Apr-2021,3160,CE,0,0,0,182.4,5.7,0,0,0,0,19-APR-2021,
OPTSTK,HDFCAMC,29-Apr-2021,3180,CE,0,0,0,175.8,4.65,0,0,0,0,19-APR-2021,
OPTSTK,HDFCAMC,29-Apr-2021,3200,CE,3.9,8,3.9,5.05,3.8,26,166.71,19600,-2000,19-APR-2021,
OPTSTK,HDFCAMC,29-Apr-2021,3220,CE,0,0,0,163.2,3.1,0,0,0,0,19-APR-2021,
OPTSTK,HDFCAMC,29-Apr-2021,3240,CE,0,0,0,30,2.5,0,0,200,0,19-APR-2021,
OPTSTK,HDFCAMC,29-Apr-2021,3250,CE,0,0,0,27.9,2.25,0,0,400,0,19-APR-2021,
OPTSTK,HDFCAMC,29-Apr-2021,3260,CE,0,0,0,151.35,2,0,0,0,0,19-APR-2021,
OPTSTK,HDFCAMC,29-Apr-2021,3280,CE,0,0,0,145.75,1.6,0,0,0,0,19-APR-2021,
OPTSTK,HDFCAMC,29-Apr-2021,3300,CE,0.25,2.35,0.25,1.35,1.3,6,39.61,10600,-600,19-APR-2021,
OPTSTK,HDFCAMC,29-Apr-2021,3320,CE,0,0,0,134.95,1,0,0,0,0,19-APR-2021,
OPTSTK,HDFCAMC,29-Apr-2021,3340,CE,0,0,0,129.85,0.8,0,0,0,0,19-APR-2021,
OPTSTK,HDFCAMC,29-Apr-2021,3350,CE,0,0,0,30,0.7,0,0,0,0,19-APR-2021,
OPTSTK,HDFCAMC,29-Apr-2021,3360,CE,0,0,0,30,0.65,0,0,0,0,19-APR-2021,
OPTSTK,HDFCAMC,29-Apr-2021,3380,CE,0,0,0,5.1,0.5,0,0,0,0,19-APR-2021,
OPTSTK,HDFCAMC,29-Apr-2021,3400,CE,0,0,0,5.5,0.4,0,0,200,0,19-APR-2021,
OPTSTK,HDFCAMC,29-Apr-2021,3420,CE,0,0,0,20,0.3,0,0,1200,0,19-APR-2021,
OPTSTK,HDFCAMC,29-Apr-2021,3440,CE,0,0,0,15,0.25,0,0,0,0,19-APR-2021,
OPTSTK,HDFCAMC,29-Apr-2021,3450,CE,2,2,2,2,0.2,1,6.9,400,-200,19-APR-2021,
OPTSTK,HDFCAMC,29-Apr-2021,3460,CE,0,0,0,15,0.2,0,0,0,0,19-APR-2021,
OPTSTK,HDFCAMC,29-Apr-2021,3480,CE,0,0,0,98.65,0.15,0,0,0,0,19-APR-2021,
OPTSTK,HDFCAMC,29-Apr-2021,3500,CE,1.9,1.9,1.9,1.9,0.1,1,7,1000,-200,19-APR-2021,
OPTSTK,HDFCAMC,29-Apr-2021,3520,CE,0,0,0,90.9,0.1,0,0,0,0,19-APR-2021,
OPTSTK,HDFCAMC,29-Apr-2021,3540,CE,0,0,0,87.3,0.1,0,0,0,0,19-APR-2021,
OPTSTK,HDFCAMC,29-Apr-2021,3550,CE,0,0,0,8.2,0.05,0,0,0,0,19-APR-2021,
OPTSTK,HDFCAMC,29-Apr-2021,3560,CE,0,0,0,83.8,0.05,0,0,0,0,19-APR-2021,
OPTSTK,HDFCAMC,29-Apr-2021,3580,CE,0,0,0,80.45,0.05,0,0,0,0,19-APR-2021,
OPTSTK,HDFCAMC,29-Apr-2021,3600,CE,0,0,0,77.2,0.05,0,0,0,0,19-APR-2021,
OPTSTK,HDFCAMC,29-Apr-2021,3620,CE,0,0,0,0.1,0.05,0,0,200,0,19-APR-2021,
OPTSTK,HDFCAMC,29-Apr-2021,3640,CE,0,0,0,71.05,0.05,0,0,0,0,19-APR-2021,
OPTSTK,HDFCAMC,29-Apr-2021,3660,CE,0,0,0,68.1,0.05,0,0,0,0,19-APR-2021,
OPTSTK,HDFCAMC,29-Apr-2021,3680,CE,0,0,0,65.3,0.05,0,0,0,0,19-APR-2021,
OPTSTK,HDFCAMC,29-Apr-2021,3700,CE,0,0,0,62.6,0.05,0,0,0,0,19-APR-2021,
OPTSTK,HDFCAMC,29-Apr-2021,3720,CE,0,0,0,60,0,0,0,0,0,19-APR-2021,
OPTSTK,HDFCAMC,29-Apr-2021,2200,PE,0,0,0,27.15,0.05,0,0,0,0,19-APR-2021,
OPTSTK,HDFCAMC,29-Apr-2021,2250,PE,0,0,0,7.25,0.05,0,0,0,0,19-APR-2021,
OPTSTK,HDFCAMC,29-Apr-2021,2300,PE,0,0,0,41.3,0.15,0,0,0,0,19-APR-2021,
OPTSTK,HDFCAMC,29-Apr-2021,2350,PE,0,0,0,15.15,0.4,0,0,0,0,19-APR-2021,
OPTSTK,HDFCAMC,29-Apr-2021,2400,PE,0,0,0,10,0.9,0,0,600,0,19-APR-2021,
OPTSTK,HDFCAMC,29-Apr-2021,2440,PE,0,0,0,69.05,1.65,0,0,0,0,19-APR-2021,
OPTSTK,HDFCAMC,29-Apr-2021,2450,PE,0,0,0,28.7,1.9,0,0,0,0,19-APR-2021,
OPTSTK,HDFCAMC,29-Apr-2021,2460,PE,0,0,0,73.9,2.2,0,0,0,0,19-APR-2021,
OPTSTK,HDFCAMC,29-Apr-2021,2480,PE,0,0,0,79,2.95,0,0,0,0,19-APR-2021,
OPTSTK,HDFCAMC,29-Apr-2021,2500,PE,7.75,8,7.75,8,3.9,2,10.03,1400,200,19-APR-2021,
OPTSTK,HDFCAMC,29-Apr-2021,2520,PE,0,0,0,89.75,5.05,0,0,0,0,19-APR-2021,
OPTSTK,HDFCAMC,29-Apr-2021,2540,PE,0,0,0,95.45,6.45,0,0,0,0,19-APR-2021,
OPTSTK,HDFCAMC,29-Apr-2021,2550,PE,0,0,0,49.8,7.3,0,0,0,0,19-APR-2021,
OPTSTK,HDFCAMC,29-Apr-2021,2560,PE,0,0,0,101.4,8.25,0,0,0,0,19-APR-2021,
OPTSTK,HDFCAMC,29-Apr-2021,2580,PE,0,0,0,107.55,10.35,0,0,0,0,19-APR-2021,
OPTSTK,HDFCAMC,29-Apr-2021,2600,PE,7.35,7.35,7.35,7.35,12.9,1,5.21,2800,0,19-APR-2021,
OPTSTK,HDFCAMC,29-Apr-2021,2620,PE,0,0,0,120.55,15.9,0,0,0,0,19-APR-2021,
OPTSTK,HDFCAMC,29-Apr-2021,2640,PE,0,0,0,127.5,19.4,0,0,0,0,19-APR-2021,
OPTSTK,HDFCAMC,29-Apr-2021,2650,PE,0,0,0,79.75,21.35,0,0,0,0,19-APR-2021,
OPTSTK,HDFCAMC,29-Apr-2021,2660,PE,0,0,0,134.65,23.45,0,0,0,0,19-APR-2021,
OPTSTK,HDFCAMC,29-Apr-2021,2680,PE,0,0,0,142.1,28.15,0,0,0,0,19-APR-2021,
OPTSTK,HDFCAMC,29-Apr-2021,2700,PE,17.25,21.9,17.25,19.6,19.6,15,81.58,6800,0,19-APR-2021,
OPTSTK,HDFCAMC,29-Apr-2021,2720,PE,0,0,0,157.65,39.45,0,0,0,0,19-APR-2021,
OPTSTK,HDFCAMC,29-Apr-2021,2740,PE,0,0,0,165.8,46.2,0,0,0,0,19-APR-2021,
OPTSTK,HDFCAMC,29-Apr-2021,2750,PE,0,0,0,119.95,49.8,0,0,0,0,19-APR-2021,
OPTSTK,HDFCAMC,29-Apr-2021,2760,PE,0,0,0,174.2,53.65,0,0,0,0,19-APR-2021,
OPTSTK,HDFCAMC,29-Apr-2021,2780,PE,0,0,0,182.9,61.9,0,0,0,0,19-APR-2021,
OPTSTK,HDFCAMC,29-Apr-2021,2800,PE,50.8,55,46,54.85,54.85,52,296.4,12400,1400,19-APR-2021,
OPTSTK,HDFCAMC,29-Apr-2021,2820,PE,0,0,0,200.95,80.7,0,0,0,0,19-APR-2021,
OPTSTK,HDFCAMC,29-Apr-2021,2840,PE,0,0,0,210.3,91.3,0,0,0,0,19-APR-2021,
OPTSTK,HDFCAMC,29-Apr-2021,2850,PE,0,0,0,170.6,96.85,0,0,0,0,19-APR-2021,
OPTSTK,HDFCAMC,29-Apr-2021,2860,PE,0,0,0,91.5,102.65,0,0,200,0,19-APR-2021,
OPTSTK,HDFCAMC,29-Apr-2021,2880,PE,0,0,0,229.8,114.75,0,0,0,0,19-APR-2021,
OPTSTK,HDFCAMC,29-Apr-2021,2900,PE,103.9,120,89,115.5,115.5,12,72.09,6400,-200,19-APR-2021,
OPTSTK,HDFCAMC,29-Apr-2021,2920,PE,0,0,0,250.3,141.05,0,0,0,0,19-APR-2021,
OPTSTK,HDFCAMC,29-Apr-2021,2940,PE,0,0,0,260.9,155.2,0,0,0,0,19-APR-2021,
OPTSTK,HDFCAMC,29-Apr-2021,2950,PE,0,0,0,231.25,162.55,0,0,0,0,19-APR-2021,
OPTSTK,HDFCAMC,29-Apr-2021,2960,PE,0,0,0,271.7,170.15,0,0,0,0,19-APR-2021,
OPTSTK,HDFCAMC,29-Apr-2021,2980,PE,0,0,0,282.8,185.4,0,0,0,0,19-APR-2021,
OPTSTK,HDFCAMC,29-Apr-2021,3000,PE,0,0,0,101,201.35,0,0,7400,0,19-APR-2021,
OPTSTK,HDFCAMC,29-Apr-2021,3020,PE,0,0,0,305.6,217.75,0,0,0,0,19-APR-2021,
OPTSTK,HDFCAMC,29-Apr-2021,3040,PE,0,0,0,317.35,234.6,0,0,0,0,19-APR-2021,
OPTSTK,HDFCAMC,29-Apr-2021,3050,PE,0,0,0,301,243.2,0,0,0,0,19-APR-2021,
OPTSTK,HDFCAMC,29-Apr-2021,3060,PE,0,0,0,329.3,251.9,0,0,0,0,19-APR-2021,
OPTSTK,HDFCAMC,29-Apr-2021,3080,PE,0,0,0,341.5,269.5,0,0,0,0,19-APR-2021,
OPTSTK,HDFCAMC,29-Apr-2021,3100,PE,274,274,274,274,287.5,1,6.74,200,-200,19-APR-2021,
OPTSTK,HDFCAMC,29-Apr-2021,3120,PE,0,0,0,366.5,305.75,0,0,0,0,19-APR-2021,
OPTSTK,HDFCAMC,29-Apr-2021,3140,PE,0,0,0,379.3,324.3,0,0,0,0,19-APR-2021,
OPTSTK,HDFCAMC,29-Apr-2021,3150,PE,0,0,0,378.5,333.65,0,0,0,0,19-APR-2021,
OPTSTK,HDFCAMC,29-Apr-2021,3160,PE,0,0,0,392.3,343.05,0,0,0,0,19-APR-2021,
OPTSTK,HDFCAMC,29-Apr-2021,3180,PE,0,0,0,405.55,362,0,0,0,0,19-APR-2021,
OPTSTK,HDFCAMC,29-Apr-2021,3200,PE,0,0,0,418.95,381.1,0,0,0,0,19-APR-2021,
OPTSTK,HDFCAMC,29-Apr-2021,3220,PE,0,0,0,432.55,400.4,0,0,0,0,19-APR-2021,
OPTSTK,HDFCAMC,29-Apr-2021,3240,PE,0,0,0,446.35,419.75,0,0,0,0,19-APR-2021,
OPTSTK,HDFCAMC,29-Apr-2021,3250,PE,0,0,0,462.2,429.5,0,0,0,0,19-APR-2021,
OPTSTK,HDFCAMC,29-Apr-2021,3260,PE,0,0,0,460.35,439.25,0,0,0,0,19-APR-2021,
OPTSTK,HDFCAMC,29-Apr-2021,3280,PE,0,0,0,474.5,458.85,0,0,0,0,19-APR-2021,
OPTSTK,HDFCAMC,29-Apr-2021,3300,PE,0,0,0,488.85,478.5,0,0,0,0,19-APR-2021,
OPTSTK,HDFCAMC,29-Apr-2021,3320,PE,0,0,0,503.4,498.2,0,0,0,0,19-APR-2021,
OPTSTK,HDFCAMC,29-Apr-2021,3340,PE,0,0,0,518.1,518,0,0,0,0,19-APR-2021,
OPTSTK,HDFCAMC,29-Apr-2021,3350,PE,0,0,0,550.7,527.9,0,0,0,0,19-APR-2021,
OPTSTK,HDFCAMC,29-Apr-2021,3360,PE,0,0,0,533.1,537.8,0,0,0,0,19-APR-2021,
OPTSTK,HDFCAMC,29-Apr-2021,3380,PE,0,0,0,548.1,557.65,0,0,0,0,19-APR-2021,
OPTSTK,HDFCAMC,29-Apr-2021,3400,PE,0,0,0,563.3,577.5,0,0,0,0,19-APR-2021,
OPTSTK,HDFCAMC,29-Apr-2021,3420,PE,0,0,0,578.65,597.4,0,0,0,0,19-APR-2021,
OPTSTK,HDFCAMC,29-Apr-2021,3440,PE,0,0,0,594.15,617.35,0,0,0,0,19-APR-2021,
OPTSTK,HDFCAMC,29-Apr-2021,3450,PE,0,0,0,642.8,627.3,0,0,0,0,19-APR-2021,
OPTSTK,HDFCAMC,29-Apr-2021,3460,PE,0,0,0,609.8,637.25,0,0,0,0,19-APR-2021,
OPTSTK,HDFCAMC,29-Apr-2021,3480,PE,0,0,0,625.6,657.2,0,0,0,0,19-APR-2021,
OPTSTK,HDFCAMC,29-Apr-2021,3500,PE,0,0,0,641.55,677.15,0,0,0,0,19-APR-2021,
OPTSTK,HDFCAMC,29-Apr-2021,3520,PE,0,0,0,657.5,697.1,0,0,0,0,19-APR-2021,
OPTSTK,HDFCAMC,29-Apr-2021,3540,PE,0,0,0,673.7,717.05,0,0,0,0,19-APR-2021,
OPTSTK,HDFCAMC,29-Apr-2021,3550,PE,0,0,0,737.45,727.05,0,0,0,0,19-APR-2021,
OPTSTK,HDFCAMC,29-Apr-2021,3560,PE,0,0,0,690,737.05,0,0,0,0,19-APR-2021,
OPTSTK,HDFCAMC,29-Apr-2021,3580,PE,0,0,0,706.45,757,0,0,0,0,19-APR-2021,
OPTSTK,HDFCAMC,29-Apr-2021,3600,PE,0,0,0,723,776.95,0,0,0,0,19-APR-2021,
OPTSTK,HDFCAMC,29-Apr-2021,3620,PE,0,0,0,739.7,796.95,0,0,0,0,19-APR-2021,
OPTSTK,HDFCAMC,29-Apr-2021,3640,PE,0,0,0,756.5,816.9,0,0,0,0,19-APR-2021,
OPTSTK,HDFCAMC,29-Apr-2021,3660,PE,0,0,0,773.4,836.9,0,0,0,0,19-APR-2021,
OPTSTK,HDFCAMC,29-Apr-2021,3680,PE,0,0,0,790.4,856.85,0,0,0,0,19-APR-2021,
OPTSTK,HDFCAMC,29-Apr-2021,3700,PE,0,0,0,807.5,876.85,0,0,0,0,19-APR-2021,
OPTSTK,HDFCAMC,29-Apr-2021,3720,PE,0,0,0,824.75,896.85,0,0,0,0,19-APR-2021,
OPTSTK,HDFCAMC,27-May-2021,2200,CE,0,0,0,794.4,633.45,0,0,0,0,19-APR-2021,
OPTSTK,HDFCAMC,27-May-2021,2250,CE,0,0,0,596.3,586.25,0,0,0,0,19-APR-2021,
OPTSTK,HDFCAMC,27-May-2021,2300,CE,0,0,0,707.6,540.05,0,0,0,0,19-APR-2021,
OPTSTK,HDFCAMC,27-May-2021,2350,CE,0,0,0,512.05,494.95,0,0,0,0,19-APR-2021,
OPTSTK,HDFCAMC,27-May-2021,2400,CE,0,0,0,625.2,451.2,0,0,0,0,19-APR-2021,
OPTSTK,HDFCAMC,27-May-2021,2440,CE,0,0,0,593.65,417.4,0,0,0,0,19-APR-2021,
OPTSTK,HDFCAMC,27-May-2021,2450,CE,0,0,0,433.85,409.1,0,0,0,0,19-APR-2021,
OPTSTK,HDFCAMC,27-May-2021,2460,CE,0,0,0,578.15,400.9,0,0,0,0,19-APR-2021,
OPTSTK,HDFCAMC,27-May-2021,2480,CE,0,0,0,562.9,384.7,0,0,0,0,19-APR-2021,
OPTSTK,HDFCAMC,27-May-2021,2500,CE,0,0,0,547.9,368.85,0,0,0,0,19-APR-2021,
OPTSTK,HDFCAMC,27-May-2021,2520,CE,0,0,0,533.2,353.25,0,0,0,0,19-APR-2021,
OPTSTK,HDFCAMC,27-May-2021,2540,CE,0,0,0,518.6,338.05,0,0,0,0,19-APR-2021,
OPTSTK,HDFCAMC,27-May-2021,2550,CE,0,0,0,362.5,330.55,0,0,0,0,19-APR-2021,
OPTSTK,HDFCAMC,27-May-2021,2560,CE,0,0,0,504.25,323.25,0,0,0,0,19-APR-2021,
OPTSTK,HDFCAMC,27-May-2021,2580,CE,0,0,0,490.15,308.7,0,0,0,0,19-APR-2021,
OPTSTK,HDFCAMC,27-May-2021,2600,CE,0,0,0,476.25,294.55,0,0,0,0,19-APR-2021,
OPTSTK,HDFCAMC,27-May-2021,2620,CE,0,0,0,462.65,280.65,0,0,0,0,19-APR-2021,
OPTSTK,HDFCAMC,27-May-2021,2640,CE,0,0,0,449.15,267.25,0,0,0,0,19-APR-2021,
OPTSTK,HDFCAMC,27-May-2021,2650,CE,0,0,0,298.8,260.7,0,0,0,0,19-APR-2021,
OPTSTK,HDFCAMC,27-May-2021,2660,CE,0,0,0,436,254.25,0,0,0,0,19-APR-2021,
OPTSTK,HDFCAMC,27-May-2021,2680,CE,0,0,0,423.15,241.6,0,0,0,0,19-APR-2021,
OPTSTK,HDFCAMC,27-May-2021,2700,CE,0,0,0,410.5,229.4,0,0,0,0,19-APR-2021,
OPTSTK,HDFCAMC,27-May-2021,2720,CE,0,0,0,398.1,217.6,0,0,0,0,19-APR-2021,
OPTSTK,HDFCAMC,27-May-2021,2740,CE,0,0,0,386,206.15,0,0,0,0,19-APR-2021,
OPTSTK,HDFCAMC,27-May-2021,2750,CE,0,0,0,242.9,200.6,0,0,0,0,19-APR-2021,
OPTSTK,HDFCAMC,27-May-2021,2760,CE,0,0,0,374.1,195.15,0,0,0,0,19-APR-2021,
OPTSTK,HDFCAMC,27-May-2021,2780,CE,0,0,0,362.5,184.55,0,0,0,0,19-APR-2021,
OPTSTK,HDFCAMC,27-May-2021,2800,CE,0,0,0,351.1,174.35,0,0,0,0,19-APR-2021,
OPTSTK,HDFCAMC,27-May-2021,2820,CE,0,0,0,340,164.55,0,0,0,0,19-APR-2021,
OPTSTK,HDFCAMC,27-May-2021,2840,CE,0,0,0,329.15,155.15,0,0,0,0,19-APR-2021,
OPTSTK,HDFCAMC,27-May-2021,2850,CE,0,0,0,194.85,150.55,0,0,0,0,19-APR-2021,
OPTSTK,HDFCAMC,27-May-2021,2860,CE,0,0,0,318.5,146.1,0,0,0,0,19-APR-2021,
OPTSTK,HDFCAMC,27-May-2021,2880,CE,0,0,0,308.15,137.5,0,0,0,0,19-APR-2021,
OPTSTK,HDFCAMC,27-May-2021,2900,CE,0,0,0,298,129.25,0,0,0,0,19-APR-2021,
OPTSTK,HDFCAMC,27-May-2021,2920,CE,0,0,0,288.1,121.35,0,0,0,0,19-APR-2021,
OPTSTK,HDFCAMC,27-May-2021,2940,CE,0,0,0,278.5,113.85,0,0,0,0,19-APR-2021,
OPTSTK,HDFCAMC,27-May-2021,2950,CE,0,0,0,154.25,110.25,0,0,0,0,19-APR-2021,
OPTSTK,HDFCAMC,27-May-2021,2960,CE,0,0,0,269.1,106.7,0,0,0,0,19-APR-2021,
OPTSTK,HDFCAMC,27-May-2021,2980,CE,0,0,0,259.95,99.9,0,0,0,0,19-APR-2021,
OPTSTK,HDFCAMC,27-May-2021,3000,CE,0,0,0,251.05,93.45,0,0,0,0,19-APR-2021,
OPTSTK,HDFCAMC,27-May-2021,3020,CE,0,0,0,242.35,87.35,0,0,0,0,19-APR-2021,
OPTSTK,HDFCAMC,27-May-2021,3040,CE,0,0,0,233.9,81.55,0,0,0,0,19-APR-2021,
OPTSTK,HDFCAMC,27-May-2021,3050,CE,0,0,0,120.6,78.8,0,0,0,0,19-APR-2021,
OPTSTK,HDFCAMC,27-May-2021,3060,CE,0,0,0,225.7,76.1,0,0,0,0,19-APR-2021,
OPTSTK,HDFCAMC,27-May-2021,3080,CE,0,0,0,217.7,71,0,0,0,0,19-APR-2021,
OPTSTK,HDFCAMC,27-May-2021,3100,CE,0,0,0,209.95,66.15,0,0,0,0,19-APR-2021,
OPTSTK,HDFCAMC,27-May-2021,3120,CE,0,0,0,202.4,61.55,0,0,0,0,19-APR-2021,
OPTSTK,HDFCAMC,27-May-2021,3140,CE,0,0,0,195.1,57.25,0,0,0,0,19-APR-2021,
OPTSTK,HDFCAMC,27-May-2021,3150,CE,0,0,0,93.3,55.05,0,0,0,0,19-APR-2021,
OPTSTK,HDFCAMC,27-May-2021,3160,CE,0,0,0,188,53.05,0,0,0,0,19-APR-2021,
OPTSTK,HDFCAMC,27-May-2021,3180,CE,0,0,0,181.1,49.25,0,0,0,0,19-APR-2021,
OPTSTK,HDFCAMC,27-May-2021,3200,CE,0,0,0,70,45.65,0,0,200,0,19-APR-2021,
OPTSTK,HDFCAMC,27-May-2021,3220,CE,0,0,0,167.9,42.25,0,0,0,0,19-APR-2021,
OPTSTK,HDFCAMC,27-May-2021,3240,CE,0,0,0,161.65,39.1,0,0,0,0,19-APR-2021,
OPTSTK,HDFCAMC,27-May-2021,3250,CE,0,0,0,71.25,37.6,0,0,0,0,19-APR-2021,
OPTSTK,HDFCAMC,27-May-2021,3260,CE,0,0,0,155.55,36.15,0,0,0,0,19-APR-2021,
OPTSTK,HDFCAMC,27-May-2021,3280,CE,0,0,0,149.65,33.4,0,0,0,0,19-APR-2021,
OPTSTK,HDFCAMC,27-May-2021,3300,CE,0,0,0,65,30.8,0,0,200,0,19-APR-2021,
OPTSTK,HDFCAMC,27-May-2021,3320,CE,0,0,0,138.4,28.45,0,0,0,0,19-APR-2021,
OPTSTK,HDFCAMC,27-May-2021,3340,CE,0,0,0,133.05,26.2,0,0,0,0,19-APR-2021,
OPTSTK,HDFCAMC,27-May-2021,3350,CE,0,0,0,53.85,25.15,0,0,0,0,19-APR-2021,
OPTSTK,HDFCAMC,27-May-2021,3360,CE,0,0,0,127.85,24.1,0,0,0,0,19-APR-2021,
OPTSTK,HDFCAMC,27-May-2021,3380,CE,0,0,0,123,22.2,0,0,0,0,19-APR-2021,
OPTSTK,HDFCAMC,27-May-2021,3400,CE,0,0,0,118.2,20.4,0,0,0,0,19-APR-2021,
OPTSTK,HDFCAMC,27-May-2021,3420,CE,0,0,0,113.55,18.7,0,0,0,0,19-APR-2021,
OPTSTK,HDFCAMC,27-May-2021,3440,CE,0,0,0,109.05,17.2,0,0,0,0,19-APR-2021,
OPTSTK,HDFCAMC,27-May-2021,3450,CE,0,0,0,40.3,16.45,0,0,0,0,19-APR-2021,
OPTSTK,HDFCAMC,27-May-2021,3460,CE,0,0,0,104.7,15.75,0,0,0,0,19-APR-2021,
OPTSTK,HDFCAMC,27-May-2021,3480,CE,0,0,0,100.5,14.45,0,0,0,0,19-APR-2021,
OPTSTK,HDFCAMC,27-May-2021,3500,CE,0,0,0,96.5,13.2,0,0,0,0,19-APR-2021,
OPTSTK,HDFCAMC,27-May-2021,3520,CE,0,0,0,92.6,12.1,0,0,0,0,19-APR-2021,
OPTSTK,HDFCAMC,27-May-2021,3540,CE,0,0,0,88.7,11.05,0,0,0,0,19-APR-2021,
OPTSTK,HDFCAMC,27-May-2021,3550,CE,0,0,0,29.85,10.55,0,0,0,0,19-APR-2021,
OPTSTK,HDFCAMC,27-May-2021,3560,CE,0,0,0,85.05,10.1,0,0,0,0,19-APR-2021,
OPTSTK,HDFCAMC,27-May-2021,3580,CE,0,0,0,81.55,9.2,0,0,0,0,19-APR-2021,
OPTSTK,HDFCAMC,27-May-2021,3600,CE,0,0,0,78.2,8.4,0,0,0,0,19-APR-2021,
OPTSTK,HDFCAMC,27-May-2021,3620,CE,0,0,0,74.95,7.65,0,0,0,0,19-APR-2021,
OPTSTK,HDFCAMC,27-May-2021,3640,CE,0,0,0,71.8,7,0,0,0,0,19-APR-2021,
OPTSTK,HDFCAMC,27-May-2021,3660,CE,0,0,0,68.8,6.35,0,0,0,0,19-APR-2021,
OPTSTK,HDFCAMC,27-May-2021,3680,CE,0,0,0,65.9,5.8,0,0,0,0,19-APR-2021,
OPTSTK,HDFCAMC,27-May-2021,3700,CE,0,0,0,63.1,5.25,0,0,0,0,19-APR-2021,
OPTSTK,HDFCAMC,27-May-2021,3720,CE,0,0,0,60.45,4.8,0,0,0,0,19-APR-2021,
OPTSTK,HDFCAMC,27-May-2021,2200,PE,0,0,0,21.95,5.4,0,0,0,0,19-APR-2021,
OPTSTK,HDFCAMC,27-May-2021,2250,PE,0,0,0,23.75,8,0,0,0,0,19-APR-2021,
OPTSTK,HDFCAMC,27-May-2021,2300,PE,0,0,0,34.25,11.55,0,0,0,0,19-APR-2021,
OPTSTK,HDFCAMC,27-May-2021,2350,PE,0,0,0,38.9,16.3,0,0,0,0,19-APR-2021,
OPTSTK,HDFCAMC,27-May-2021,2400,PE,0,0,0,50.9,22.35,0,0,0,0,19-APR-2021,
OPTSTK,HDFCAMC,27-May-2021,2440,PE,0,0,0,59,28.4,0,0,0,0,19-APR-2021,
OPTSTK,HDFCAMC,27-May-2021,2450,PE,0,0,0,60.05,30.05,0,0,0,0,19-APR-2021,
OPTSTK,HDFCAMC,27-May-2021,2460,PE,0,0,0,63.35,31.8,0,0,0,0,19-APR-2021,
OPTSTK,HDFCAMC,27-May-2021,2480,PE,0,0,0,67.9,35.55,0,0,0,0,19-APR-2021,
OPTSTK,HDFCAMC,27-May-2021,2500,PE,0,0,0,72.7,39.6,0,0,0,0,19-APR-2021,
OPTSTK,HDFCAMC,27-May-2021,2520,PE,0,0,0,77.8,43.95,0,0,0,0,19-APR-2021,
OPTSTK,HDFCAMC,27-May-2021,2540,PE,0,0,0,83,48.65,0,0,0,0,19-APR-2021,
OPTSTK,HDFCAMC,27-May-2021,2550,PE,0,0,0,88.05,51.1,0,0,0,0,19-APR-2021,
OPTSTK,HDFCAMC,27-May-2021,2560,PE,0,0,0,88.5,53.8,0,0,0,0,19-APR-2021,
OPTSTK,HDFCAMC,27-May-2021,2580,PE,0,0,0,94.2,59.15,0,0,0,0,19-APR-2021,
OPTSTK,HDFCAMC,27-May-2021,2600,PE,0,0,0,100.15,64.9,0,0,0,0,19-APR-2021,
OPTSTK,HDFCAMC,27-May-2021,2620,PE,0,0,0,106.3,70.95,0,0,0,0,19-APR-2021,
OPTSTK,HDFCAMC,27-May-2021,2640,PE,0,0,0,112.6,77.45,0,0,0,0,19-APR-2021,
OPTSTK,HDFCAMC,27-May-2021,2650,PE,0,0,0,123.7,80.85,0,0,0,0,19-APR-2021,
OPTSTK,HDFCAMC,27-May-2021,2660,PE,0,0,0,119.3,84.35,0,0,0,0,19-APR-2021,
OPTSTK,HDFCAMC,27-May-2021,2680,PE,0,0,0,126.25,91.7,0,0,0,0,19-APR-2021,
OPTSTK,HDFCAMC,27-May-2021,2700,PE,0,0,0,133.45,99.4,0,0,0,0,19-APR-2021,
OPTSTK,HDFCAMC,27-May-2021,2720,PE,0,0,0,140.85,107.5,0,0,0,0,19-APR-2021,
OPTSTK,HDFCAMC,27-May-2021,2740,PE,0,0,0,148.55,116,0,0,0,0,19-APR-2021,
OPTSTK,HDFCAMC,27-May-2021,2750,PE,0,0,0,167.2,120.4,0,0,0,0,19-APR-2021,
OPTSTK,HDFCAMC,27-May-2021,2760,PE,0,0,0,156.5,124.9,0,0,0,0,19-APR-2021,
OPTSTK,HDFCAMC,27-May-2021,2780,PE,0,0,0,164.65,134.2,0,0,0,0,19-APR-2021,
OPTSTK,HDFCAMC,27-May-2021,2800,PE,101,104.9,100,100,143.95,3,17.41,1600,600,19-APR-2021,
OPTSTK,HDFCAMC,27-May-2021,2820,PE,0,0,0,181.8,154.05,0,0,0,0,19-APR-2021,
OPTSTK,HDFCAMC,27-May-2021,2840,PE,0,0,0,190.75,164.55,0,0,0,0,19-APR-2021,
OPTSTK,HDFCAMC,27-May-2021,2850,PE,0,0,0,218.45,169.95,0,0,0,0,19-APR-2021,
OPTSTK,HDFCAMC,27-May-2021,2860,PE,0,0,0,199.95,175.45,0,0,0,0,19-APR-2021,
OPTSTK,HDFCAMC,27-May-2021,2880,PE,0,0,0,209.4,186.75,0,0,0,0,19-APR-2021,
OPTSTK,HDFCAMC,27-May-2021,2900,PE,0,0,0,219.05,198.45,0,0,0,0,19-APR-2021,
OPTSTK,HDFCAMC,27-May-2021,2920,PE,0,0,0,229,210.5,0,0,0,0,19-APR-2021,
OPTSTK,HDFCAMC,27-May-2021,2940,PE,0,0,0,239.2,222.9,0,0,0,0,19-APR-2021,
OPTSTK,HDFCAMC,27-May-2021,2950,PE,0,0,0,277.25,229.25,0,0,0,0,19-APR-2021,
OPTSTK,HDFCAMC,27-May-2021,2960,PE,0,0,0,249.6,235.7,0,0,0,0,19-APR-2021,
OPTSTK,HDFCAMC,27-May-2021,2980,PE,0,0,0,260.25,248.8,0,0,0,0,19-APR-2021,
OPTSTK,HDFCAMC,27-May-2021,3000,PE,0,0,0,271.15,262.3,0,0,0,0,19-APR-2021,
OPTSTK,HDFCAMC,27-May-2021,3020,PE,0,0,0,282.3,276.1,0,0,0,0,19-APR-2021,
OPTSTK,HDFCAMC,27-May-2021,3040,PE,0,0,0,293.7,290.2,0,0,0,0,19-APR-2021,
OPTSTK,HDFCAMC,27-May-2021,3050,PE,0,0,0,342.9,297.4,0,0,0,0,19-APR-2021,
OPTSTK,HDFCAMC,27-May-2021,3060,PE,0,0,0,305.3,304.65,0,0,0,0,19-APR-2021,
OPTSTK,HDFCAMC,27-May-2021,3080,PE,0,0,0,317.1,319.5,0,0,0,0,19-APR-2021,
OPTSTK,HDFCAMC,27-May-2021,3100,PE,0,0,0,329.15,334.55,0,0,0,0,19-APR-2021,
OPTSTK,HDFCAMC,27-May-2021,3120,PE,0,0,0,341.45,349.9,0,0,0,0,19-APR-2021,
OPTSTK,HDFCAMC,27-May-2021,3140,PE,0,0,0,353.95,365.5,0,0,0,0,19-APR-2021,
OPTSTK,HDFCAMC,27-May-2021,3150,PE,0,0,0,414.95,373.3,0,0,0,0,19-APR-2021,
OPTSTK,HDFCAMC,27-May-2021,3160,PE,0,0,0,366.65,381.25,0,0,0,0,19-APR-2021,
OPTSTK,HDFCAMC,27-May-2021,3180,PE,0,0,0,379.55,397.35,0,0,0,0,19-APR-2021,
OPTSTK,HDFCAMC,27-May-2021,3200,PE,0,0,0,392.65,413.65,0,0,0,0,19-APR-2021,
OPTSTK,HDFCAMC,27-May-2021,3220,PE,0,0,0,406,430.2,0,0,0,0,19-APR-2021,
OPTSTK,HDFCAMC,27-May-2021,3240,PE,0,0,0,419.55,447,0,0,0,0,19-APR-2021,
OPTSTK,HDFCAMC,27-May-2021,3250,PE,0,0,0,492.3,455.45,0,0,0,0,19-APR-2021,
OPTSTK,HDFCAMC,27-May-2021,3260,PE,0,0,0,433.25,463.95,0,0,0,0,19-APR-2021,
OPTSTK,HDFCAMC,27-May-2021,3280,PE,0,0,0,447.15,481.1,0,0,0,0,19-APR-2021,
OPTSTK,HDFCAMC,27-May-2021,3300,PE,0,0,0,461.25,498.45,0,0,0,0,19-APR-2021,
OPTSTK,HDFCAMC,27-May-2021,3320,PE,0,0,0,475.55,516,0,0,0,0,19-APR-2021,
OPTSTK,HDFCAMC,27-May-2021,3340,PE,0,0,0,490,533.7,0,0,0,0,19-APR-2021,
OPTSTK,HDFCAMC,27-May-2021,3350,PE,0,0,0,574.25,542.6,0,0,0,0,19-APR-2021,
OPTSTK,HDFCAMC,27-May-2021,3360,PE,0,0,0,504.65,551.5,0,0,0,0,19-APR-2021,
OPTSTK,HDFCAMC,27-May-2021,3380,PE,0,0,0,519.6,569.5,0,0,0,0,19-APR-2021,
OPTSTK,HDFCAMC,27-May-2021,3400,PE,0,0,0,534.6,587.65,0,0,0,0,19-APR-2021,
OPTSTK,HDFCAMC,27-May-2021,3420,PE,0,0,0,549.75,605.9,0,0,0,0,19-APR-2021,
OPTSTK,HDFCAMC,27-May-2021,3440,PE,0,0,0,565.1,624.3,0,0,0,0,19-APR-2021,
OPTSTK,HDFCAMC,27-May-2021,3450,PE,0,0,0,660.05,633.5,0,0,0,0,19-APR-2021,
OPTSTK,HDFCAMC,27-May-2021,3460,PE,0,0,0,580.55,642.8,0,0,0,0,19-APR-2021,
OPTSTK,HDFCAMC,27-May-2021,3480,PE,0,0,0,596.2,661.4,0,0,0,0,19-APR-2021,
OPTSTK,HDFCAMC,27-May-2021,3500,PE,0,0,0,611.95,680.1,0,0,0,0,19-APR-2021,
OPTSTK,HDFCAMC,27-May-2021,3520,PE,0,0,0,627.85,698.9,0,0,0,0,19-APR-2021,
OPTSTK,HDFCAMC,27-May-2021,3540,PE,0,0,0,643.8,717.75,0,0,0,0,19-APR-2021,
OPTSTK,HDFCAMC,27-May-2021,3550,PE,0,0,0,748.95,727.25,0,0,0,0,19-APR-2021,
OPTSTK,HDFCAMC,27-May-2021,3560,PE,0,0,0,660,736.75,0,0,0,0,19-APR-2021,
OPTSTK,HDFCAMC,27-May-2021,3580,PE,0,0,0,676.3,755.75,0,0,0,0,19-APR-2021,
OPTSTK,HDFCAMC,27-May-2021,3600,PE,0,0,0,692.75,774.9,0,0,0,0,19-APR-2021,
OPTSTK,HDFCAMC,27-May-2021,3620,PE,0,0,0,709.3,794.05,0,0,0,0,19-APR-2021,
OPTSTK,HDFCAMC,27-May-2021,3640,PE,0,0,0,726,813.3,0,0,0,0,19-APR-2021,
OPTSTK,HDFCAMC,27-May-2021,3660,PE,0,0,0,742.8,832.6,0,0,0,0,19-APR-2021,
OPTSTK,HDFCAMC,27-May-2021,3680,PE,0,0,0,759.7,851.95,0,0,0,0,19-APR-2021,
OPTSTK,HDFCAMC,27-May-2021,3700,PE,0,0,0,776.75,871.35,0,0,0,0,19-APR-2021,
OPTSTK,HDFCAMC,27-May-2021,3720,PE,0,0,0,793.85,890.8,0,0,0,0,19-APR-2021,
OPTSTK,HDFCAMC,24-Jun-2021,2200,CE,0,0,0,662.6,652.9,0,0,0,0,19-APR-2021,
OPTSTK,HDFCAMC,24-Jun-2021,2250,CE,0,0,0,621.1,608.85,0,0,0,0,19-APR-2021,
OPTSTK,HDFCAMC,24-Jun-2021,2300,CE,0,0,0,580.9,566.05,0,0,0,0,19-APR-2021,
OPTSTK,HDFCAMC,24-Jun-2021,2350,CE,0,0,0,542.05,524.6,0,0,0,0,19-APR-2021,
OPTSTK,HDFCAMC,24-Jun-2021,2400,CE,0,0,0,504.75,484.65,0,0,0,0,19-APR-2021,
OPTSTK,HDFCAMC,24-Jun-2021,2450,CE,0,0,0,468.8,446.25,0,0,0,0,19-APR-2021,
OPTSTK,HDFCAMC,24-Jun-2021,2500,CE,0,0,0,434.45,409.65,0,0,0,0,19-APR-2021,
OPTSTK,HDFCAMC,24-Jun-2021,2550,CE,0,0,0,401.65,374.7,0,0,0,0,19-APR-2021,
OPTSTK,HDFCAMC,24-Jun-2021,2600,CE,0,0,0,370.55,341.55,0,0,0,0,19-APR-2021,
OPTSTK,HDFCAMC,24-Jun-2021,2650,CE,0,0,0,341.15,310.4,0,0,0,0,19-APR-2021,
OPTSTK,HDFCAMC,24-Jun-2021,2700,CE,0,0,0,313.4,281.15,0,0,0,0,19-APR-2021,
OPTSTK,HDFCAMC,24-Jun-2021,2750,CE,0,0,0,287.3,253.85,0,0,0,0,19-APR-2021,
OPTSTK,HDFCAMC,24-Jun-2021,2800,CE,0,0,0,262.8,228.45,0,0,0,0,19-APR-2021,
OPTSTK,HDFCAMC,24-Jun-2021,2850,CE,0,0,0,239.95,204.95,0,0,0,0,19-APR-2021,
OPTSTK,HDFCAMC,24-Jun-2021,2900,CE,0,0,0,218.6,183.3,0,0,0,0,19-APR-2021,
OPTSTK,HDFCAMC,24-Jun-2021,2950,CE,0,0,0,198.75,163.45,0,0,0,0,19-APR-2021,
OPTSTK,HDFCAMC,24-Jun-2021,3000,CE,0,0,0,180.4,145.3,0,0,0,0,19-APR-2021,
OPTSTK,HDFCAMC,24-Jun-2021,3050,CE,0,0,0,163.4,128.8,0,0,0,0,19-APR-2021,
OPTSTK,HDFCAMC,24-Jun-2021,3100,CE,0,0,0,147.8,113.85,0,0,0,0,19-APR-2021,
OPTSTK,HDFCAMC,24-Jun-2021,3150,CE,0,0,0,133.4,100.35,0,0,0,0,19-APR-2021,
OPTSTK,HDFCAMC,24-Jun-2021,3200,CE,0,0,0,120.2,88.35,0,0,0,0,19-APR-2021,
OPTSTK,HDFCAMC,24-Jun-2021,3250,CE,0,0,0,108.3,77.5,0,0,0,0,19-APR-2021,
OPTSTK,HDFCAMC,24-Jun-2021,3300,CE,0,0,0,97.35,67.7,0,0,0,0,19-APR-2021,
OPTSTK,HDFCAMC,24-Jun-2021,3350,CE,0,0,0,87.35,59.1,0,0,0,0,19-APR-2021,
OPTSTK,HDFCAMC,24-Jun-2021,3400,CE,0,0,0,78.15,51.4,0,0,0,0,19-APR-2021,
OPTSTK,HDFCAMC,24-Jun-2021,3450,CE,0,0,0,69.9,44.65,0,0,0,0,19-APR-2021,
OPTSTK,HDFCAMC,24-Jun-2021,3500,CE,0,0,0,62.4,38.7,0,0,0,0,19-APR-2021,
OPTSTK,HDFCAMC,24-Jun-2021,3550,CE,0,0,0,55.65,33.45,0,0,0,0,19-APR-2021,
OPTSTK,HDFCAMC,24-Jun-2021,3600,CE,0,0,0,49.6,28.85,0,0,0,0,19-APR-2021,
OPTSTK,HDFCAMC,24-Jun-2021,3650,CE,0,0,0,44.1,24.8,0,0,0,0,19-APR-2021,
OPTSTK,HDFCAMC,24-Jun-2021,3700,CE,0,0,0,39.2,21.3,0,0,0,0,19-APR-2021,
OPTSTK,HDFCAMC,24-Jun-2021,2200,PE,0,0,0,34.1,18.5,0,0,0,0,19-APR-2021,
OPTSTK,HDFCAMC,24-Jun-2021,2250,PE,0,0,0,42.15,24.15,0,0,0,0,19-APR-2021,
OPTSTK,HDFCAMC,24-Jun-2021,2300,PE,0,0,0,51.5,31.05,0,0,0,0,19-APR-2021,
OPTSTK,HDFCAMC,24-Jun-2021,2350,PE,0,0,0,62.15,39.25,0,0,0,0,19-APR-2021,
OPTSTK,HDFCAMC,24-Jun-2021,2400,PE,0,0,0,74.4,48.95,0,0,0,0,19-APR-2021,
OPTSTK,HDFCAMC,24-Jun-2021,2450,PE,0,0,0,88,60.2,0,0,0,0,19-APR-2021,
OPTSTK,HDFCAMC,24-Jun-2021,2500,PE,0,0,0,103.2,73.25,0,0,0,0,19-APR-2021,
OPTSTK,HDFCAMC,24-Jun-2021,2550,PE,0,0,0,119.9,87.95,0,0,0,0,19-APR-2021,
OPTSTK,HDFCAMC,24-Jun-2021,2600,PE,0,0,0,138.4,104.45,0,0,0,0,19-APR-2021,
OPTSTK,HDFCAMC,24-Jun-2021,2650,PE,0,0,0,158.5,122.95,0,0,0,0,19-APR-2021,
OPTSTK,HDFCAMC,24-Jun-2021,2700,PE,0,0,0,180.3,143.4,0,0,0,0,19-APR-2021,
OPTSTK,HDFCAMC,24-Jun-2021,2750,PE,0,0,0,203.7,165.75,0,0,0,0,19-APR-2021,
OPTSTK,HDFCAMC,24-Jun-2021,2800,PE,0,0,0,228.75,190.05,0,0,0,0,19-APR-2021,
OPTSTK,HDFCAMC,24-Jun-2021,2850,PE,0,0,0,255.4,216.2,0,0,0,0,19-APR-2021,
OPTSTK,HDFCAMC,24-Jun-2021,2900,PE,0,0,0,283.6,244.2,0,0,0,0,19-APR-2021,
OPTSTK,HDFCAMC,24-Jun-2021,2950,PE,0,0,0,313.3,274,0,0,0,0,19-APR-2021,
OPTSTK,HDFCAMC,24-Jun-2021,3000,PE,0,0,0,344.5,305.55,0,0,0,0,19-APR-2021,
OPTSTK,HDFCAMC,24-Jun-2021,3050,PE,0,0,0,377.05,338.7,0,0,0,0,19-APR-2021,
OPTSTK,HDFCAMC,24-Jun-2021,3100,PE,0,0,0,410.95,373.4,0,0,0,0,19-APR-2021,
OPTSTK,HDFCAMC,24-Jun-2021,3150,PE,0,0,0,446.1,409.55,0,0,0,0,19-APR-2021,
OPTSTK,HDFCAMC,24-Jun-2021,3200,PE,0,0,0,482.4,447.2,0,0,0,0,19-APR-2021,
OPTSTK,HDFCAMC,24-Jun-2021,3250,PE,0,0,0,520.05,486.05,0,0,0,0,19-APR-2021,
OPTSTK,HDFCAMC,24-Jun-2021,3300,PE,0,0,0,558.6,525.9,0,0,0,0,19-APR-2021,
OPTSTK,HDFCAMC,24-Jun-2021,3350,PE,0,0,0,598.15,566.95,0,0,0,0,19-APR-2021,
OPTSTK,HDFCAMC,24-Jun-2021,3400,PE,0,0,0,638.5,608.95,0,0,0,0,19-APR-2021,
OPTSTK,HDFCAMC,24-Jun-2021,3450,PE,0,0,0,679.8,651.85,0,0,0,0,19-APR-2021,
OPTSTK,HDFCAMC,24-Jun-2021,3500,PE,0,0,0,721.85,695.5,0,0,0,0,19-APR-2021,
OPTSTK,HDFCAMC,24-Jun-2021,3550,PE,0,0,0,764.65,739.95,0,0,0,0,19-APR-2021,
OPTSTK,HDFCAMC,24-Jun-2021,3600,PE,0,0,0,808.1,785,0,0,0,0,19-APR-2021,
OPTSTK,HDFCAMC,24-Jun-2021,3650,PE,0,0,0,852.15,830.65,0,0,0,0,19-APR-2021,
OPTSTK,HDFCAMC,24-Jun-2021,3700,PE,0,0,0,896.75,876.8,0,0,0,0,19-APR-2021,
OPTSTK,HDFCBANK,29-Apr-2021,980,CE,0,0,0,454.1,433.4,0,0,1100,0,19-APR-2021,
OPTSTK,HDFCBANK,29-Apr-2021,1000,CE,0,0,0,464,413.4,0,0,1650,0,19-APR-2021,
OPTSTK,HDFCBANK,29-Apr-2021,1020,CE,0,0,0,366.2,393.45,0,0,0,0,19-APR-2021,
OPTSTK,HDFCBANK,29-Apr-2021,1040,CE,0,0,0,347.9,373.45,0,0,0,0,19-APR-2021,
OPTSTK,HDFCBANK,29-Apr-2021,1060,CE,0,0,0,329.85,353.45,0,0,0,0,19-APR-2021,
OPTSTK,HDFCBANK,29-Apr-2021,1080,CE,0,0,0,312.1,333.5,0,0,0,0,19-APR-2021,
OPTSTK,HDFCBANK,29-Apr-2021,1100,CE,0,0,0,294.8,313.5,0,0,0,0,19-APR-2021,
OPTSTK,HDFCBANK,29-Apr-2021,1120,CE,0,0,0,277.85,293.55,0,0,0,0,19-APR-2021,
OPTSTK,HDFCBANK,29-Apr-2021,1140,CE,274.75,274.75,255,255,273.55,2,15.45,2750,0,19-APR-2021,
OPTSTK,HDFCBANK,29-Apr-2021,1160,CE,0,0,0,245.35,253.6,0,0,0,0,19-APR-2021,
OPTSTK,HDFCBANK,29-Apr-2021,1180,CE,0,0,0,229.8,233.65,0,0,0,0,19-APR-2021,
OPTSTK,HDFCBANK,29-Apr-2021,1200,CE,190,215,190,215,215,2,15.42,3300,-1100,19-APR-2021,
OPTSTK,HDFCBANK,29-Apr-2021,1220,CE,0,0,0,200.45,193.95,0,0,0,0,19-APR-2021,
OPTSTK,HDFCBANK,29-Apr-2021,1240,CE,0,0,0,186.55,174.3,0,0,0,0,19-APR-2021,
OPTSTK,HDFCBANK,29-Apr-2021,1260,CE,0,0,0,173.25,154.95,0,0,0,0,19-APR-2021,
OPTSTK,HDFCBANK,29-Apr-2021,1280,CE,108.5,108.5,108.5,108.5,136,2,15.27,1100,1100,19-APR-2021,
OPTSTK,HDFCBANK,29-Apr-2021,1300,CE,92.45,120,91,114.55,114.55,50,384.73,70950,2750,19-APR-2021,
OPTSTK,HDFCBANK,29-Apr-2021,1320,CE,77.9,97,76.6,97,97,33,254.4,17050,13750,19-APR-2021,
OPTSTK,HDFCBANK,29-Apr-2021,1340,CE,64.9,82.65,56.1,77.35,77.35,62,478.97,30250,5500,19-APR-2021,
OPTSTK,HDFCBANK,29-Apr-2021,1360,CE,47,67.9,43,64.9,64.9,1037,8049.91,79200,12650,19-APR-2021,
OPTSTK,HDFCBANK,29-Apr-2021,1380,CE,34.4,53,30.4,49.2,49.2,3716,28985.31,406450,55000,19-APR-2021,
OPTSTK,HDFCBANK,29-Apr-2021,1400,CE,27.05,40,22.4,36.8,36.8,16227,127569.08,955900,352550,19-APR-2021,
OPTSTK,HDFCBANK,29-Apr-2021,1420,CE,32.4,32.4,16.55,27.3,27.3,8517,67518.6,568700,189750,19-APR-2021,
OPTSTK,HDFCBANK,29-Apr-2021,1440,CE,20,20.7,10.75,18.85,18.85,9403,75229.69,1425050,157300,19-APR-2021,
OPTSTK,HDFCBANK,29-Apr-2021,1460,CE,17.75,23.9,7.9,13.15,13.15,7229,58460.86,1521300,41800,19-APR-2021,
OPTSTK,HDFCBANK,29-Apr-2021,1480,CE,7.2,11,5,9.2,9.2,5156,42184.21,1385450,98450,19-APR-2021,
OPTSTK,HDFCBANK,29-Apr-2021,1500,CE,9.5,10,5,6.9,6.9,10020,82993.56,4443450,333300,19-APR-2021,
OPTSTK,HDFCBANK,29-Apr-2021,1520,CE,9.8,9.8,3.6,5,5,3362,28189.89,1128600,58300,19-APR-2021,
OPTSTK,HDFCBANK,29-Apr-2021,1540,CE,5,6.8,2.2,3.8,3.8,2612,22173.93,1262800,55550,19-APR-2021,
OPTSTK,HDFCBANK,29-Apr-2021,1560,CE,5,5.3,2.4,3.05,3.05,2570,22090.83,1034000,39050,19-APR-2021,
OPTSTK,HDFCBANK,29-Apr-2021,1580,CE,4.05,4.05,1.95,2.5,2.5,1169,10173.89,528000,-9900,19-APR-2021,
OPTSTK,HDFCBANK,29-Apr-2021,1600,CE,3.2,3.3,1.25,2,2,2169,19109.75,2031150,-2750,19-APR-2021,
OPTSTK,HDFCBANK,29-Apr-2021,1620,CE,2.5,2.5,1,1.4,1.4,340,3032.02,264000,-7150,19-APR-2021,
OPTSTK,HDFCBANK,29-Apr-2021,1640,CE,1.95,2.2,0.85,1,1,513,4630.12,729850,-26400,19-APR-2021,
OPTSTK,HDFCBANK,29-Apr-2021,1660,CE,1,1.05,0.7,0.85,0.85,230,2101.06,318450,-4400,19-APR-2021,
OPTSTK,HDFCBANK,29-Apr-2021,1680,CE,1.3,3.05,0.6,0.8,0.8,140,1294.56,84150,8250,19-APR-2021,
OPTSTK,HDFCBANK,29-Apr-2021,1700,CE,1.2,1.55,0.6,0.7,0.7,463,4330.94,511500,-88000,19-APR-2021,
OPTSTK,HDFCBANK,29-Apr-2021,1720,CE,2.85,2.85,0.35,0.45,0.45,19,179.81,33000,-2750,19-APR-2021,
OPTSTK,HDFCBANK,29-Apr-2021,1740,CE,0.15,0.65,0.15,0.45,0.45,10,95.72,38500,-1650,19-APR-2021,
OPTSTK,HDFCBANK,29-Apr-2021,1760,CE,0,0,0,0.8,0.05,0,0,1650,0,19-APR-2021,
OPTSTK,HDFCBANK,29-Apr-2021,1780,CE,0,0,0,13.2,0,0,0,0,0,19-APR-2021,
OPTSTK,HDFCBANK,29-Apr-2021,1800,CE,0.3,0.5,0.1,0.5,0.5,150,1485.24,172700,15950,19-APR-2021,
OPTSTK,HDFCBANK,29-Apr-2021,1820,CE,0,0,0,10.4,0,0,0,0,0,19-APR-2021,
OPTSTK,HDFCBANK,29-Apr-2021,1840,CE,0,0,0,9.2,0,0,0,0,0,19-APR-2021,
OPTSTK,HDFCBANK,29-Apr-2021,1860,CE,0,0,0,8.1,0,0,0,0,0,19-APR-2021,
OPTSTK,HDFCBANK,29-Apr-2021,1880,CE,0,0,0,7.15,0,0,0,0,0,19-APR-2021,
OPTSTK,HDFCBANK,29-Apr-2021,1900,CE,0.15,0.35,0.15,0.3,0.3,22,229.93,149600,4950,19-APR-2021,
OPTSTK,HDFCBANK,29-Apr-2021,980,PE,0,0,0,2,0,0,0,2750,0,19-APR-2021,
OPTSTK,HDFCBANK,29-Apr-2021,1000,PE,1,1,0.6,0.7,0.7,51,280.71,37950,8800,19-APR-2021,
OPTSTK,HDFCBANK,29-Apr-2021,1020,PE,0,0,0,5.35,0,0,0,0,0,19-APR-2021,
OPTSTK,HDFCBANK,29-Apr-2021,1040,PE,0,0,0,6.8,0,0,0,0,0,19-APR-2021,
OPTSTK,HDFCBANK,29-Apr-2021,1060,PE,0,0,0,8.55,0,0,0,0,0,19-APR-2021,
OPTSTK,HDFCBANK,29-Apr-2021,1080,PE,0,0,0,10.65,0,0,0,0,0,19-APR-2021,
OPTSTK,HDFCBANK,29-Apr-2021,1100,PE,0.95,1.5,0.75,1.2,1.2,158,956.7,130900,36850,19-APR-2021,
OPTSTK,HDFCBANK,29-Apr-2021,1120,PE,0,0,0,16.05,0,0,0,0,0,19-APR-2021,
OPTSTK,HDFCBANK,29-Apr-2021,1140,PE,2.9,2.9,2.9,2.9,0.05,1,6.28,550,550,19-APR-2021,
OPTSTK,HDFCBANK,29-Apr-2021,1160,PE,0,0,0,23.15,0.05,0,0,0,0,19-APR-2021,
OPTSTK,HDFCBANK,29-Apr-2021,1180,PE,0,0,0,27.45,0.1,0,0,0,0,19-APR-2021,
OPTSTK,HDFCBANK,29-Apr-2021,1200,PE,1.35,2.8,1.3,1.45,1.45,806,5329.34,207350,-20900,19-APR-2021,
OPTSTK,HDFCBANK,29-Apr-2021,1220,PE,1.9,3.35,1.5,1.65,1.65,155,1042.39,30250,-13200,19-APR-2021,
OPTSTK,HDFCBANK,29-Apr-2021,1240,PE,4.25,4.25,1.5,2.05,2.05,680,4649.43,146850,-5500,19-APR-2021,
OPTSTK,HDFCBANK,29-Apr-2021,1260,PE,4.8,5.25,2.45,2.65,2.65,822,5714.89,91850,-20900,19-APR-2021,
OPTSTK,HDFCBANK,29-Apr-2021,1280,PE,5.85,7.05,3.2,3.55,3.55,1095,7741.74,147400,-6050,19-APR-2021,
OPTSTK,HDFCBANK,29-Apr-2021,1300,PE,10.95,11,4.2,4.7,4.7,3821,27474.76,832150,-18150,19-APR-2021,
OPTSTK,HDFCBANK,29-Apr-2021,1320,PE,6,13.2,5.7,6.2,6.2,2162,15811.94,268950,41250,19-APR-2021,
OPTSTK,HDFCBANK,29-Apr-2021,1340,PE,9.85,19,7.8,8.5,8.5,4863,36201.9,919600,-94050,19-APR-2021,
OPTSTK,HDFCBANK,29-Apr-2021,1360,PE,20.3,26.4,11.3,12.2,12.2,4406,33415.62,695200,-81400,19-APR-2021,
OPTSTK,HDFCBANK,29-Apr-2021,1380,PE,30.3,36,16.3,17.6,17.6,4933,38164.89,772200,49500,19-APR-2021,
OPTSTK,HDFCBANK,29-Apr-2021,1400,PE,23.7,48.35,23.05,24.95,24.95,5317,41975.21,1076900,-191950,19-APR-2021,
OPTSTK,HDFCBANK,29-Apr-2021,1420,PE,48.4,63.4,32.2,34.25,34.25,1077,8693.21,281050,-83600,19-APR-2021,
OPTSTK,HDFCBANK,29-Apr-2021,1440,PE,55.45,79.65,43.7,45.7,45.7,851,7023.05,583000,-84150,19-APR-2021,
OPTSTK,HDFCBANK,29-Apr-2021,1460,PE,90,91.15,57.4,59,59,339,2860.67,346500,-84150,19-APR-2021,
OPTSTK,HDFCBANK,29-Apr-2021,1480,PE,105,107,72.7,76.3,76.3,124,1074.2,312950,-30800,19-APR-2021,
OPTSTK,HDFCBANK,29-Apr-2021,1500,PE,113.85,126,90.3,94.2,94.2,157,1392.54,716650,-33000,19-APR-2021,
OPTSTK,HDFCBANK,29-Apr-2021,1520,PE,141.55,142,109,112.35,112.35,8,72.39,150700,-2750,19-APR-2021,
OPTSTK,HDFCBANK,29-Apr-2021,1540,PE,148.5,153,129.55,129.55,129.55,8,74.09,90750,-1100,19-APR-2021,
OPTSTK,HDFCBANK,29-Apr-2021,1560,PE,171.5,171.5,161,161,148.75,3,28.5,48400,0,19-APR-2021,
OPTSTK,HDFCBANK,29-Apr-2021,1580,PE,183.55,183.55,183.55,183.55,167.75,1,9.69,20350,550,19-APR-2021,
OPTSTK,HDFCBANK,29-Apr-2021,1600,PE,213,213,213,213,187.05,1,9.97,55550,-550,19-APR-2021,
OPTSTK,HDFCBANK,29-Apr-2021,1620,PE,0,0,0,170,206.65,0,0,1100,0,19-APR-2021,
OPTSTK,HDFCBANK,29-Apr-2021,1640,PE,0,0,0,203.25,226.35,0,0,8800,0,19-APR-2021,
OPTSTK,HDFCBANK,29-Apr-2021,1660,PE,0,0,0,299.6,246.2,0,0,0,0,19-APR-2021,
OPTSTK,HDFCBANK,29-Apr-2021,1680,PE,0,0,0,200,266.05,0,0,550,0,19-APR-2021,
OPTSTK,HDFCBANK,29-Apr-2021,1700,PE,0,0,0,242,286,0,0,4400,0,19-APR-2021,
OPTSTK,HDFCBANK,29-Apr-2021,1720,PE,0,0,0,351.4,305.95,0,0,0,0,19-APR-2021,
OPTSTK,HDFCBANK,29-Apr-2021,1740,PE,0,0,0,369.15,325.9,0,0,0,0,19-APR-2021,
OPTSTK,HDFCBANK,29-Apr-2021,1760,PE,0,0,0,387.15,345.9,0,0,0,0,19-APR-2021,
OPTSTK,HDFCBANK,29-Apr-2021,1780,PE,0,0,0,405.3,365.85,0,0,0,0,19-APR-2021,
OPTSTK,HDFCBANK,29-Apr-2021,1800,PE,0,0,0,423.6,385.85,0,0,0,0,19-APR-2021,
OPTSTK,HDFCBANK,29-Apr-2021,1820,PE,0,0,0,442.1,405.8,0,0,0,0,19-APR-2021,
OPTSTK,HDFCBANK,29-Apr-2021,1840,PE,0,0,0,460.7,425.8,0,0,0,0,19-APR-2021,
OPTSTK,HDFCBANK,29-Apr-2021,1860,PE,0,0,0,479.45,445.75,0,0,0,0,19-APR-2021,
OPTSTK,HDFCBANK,29-Apr-2021,1880,PE,0,0,0,498.3,465.75,0,0,0,0,19-APR-2021,
OPTSTK,HDFCBANK,29-Apr-2021,1900,PE,0,0,0,410,485.75,0,0,1100,0,19-APR-2021,
OPTSTK,HDFCBANK,27-May-2021,1040,CE,0,0,0,577.1,376.8,0,0,0,0,19-APR-2021,
OPTSTK,HDFCBANK,27-May-2021,1060,CE,0,0,0,557.65,357.1,0,0,0,0,19-APR-2021,
OPTSTK,HDFCBANK,27-May-2021,1080,CE,0,0,0,538.25,337.45,0,0,0,0,19-APR-2021,
OPTSTK,HDFCBANK,27-May-2021,1100,CE,0,0,0,518.95,318,0,0,0,0,19-APR-2021,
OPTSTK,HDFCBANK,27-May-2021,1120,CE,0,0,0,499.8,298.65,0,0,0,0,19-APR-2021,
OPTSTK,HDFCBANK,27-May-2021,1140,CE,0,0,0,480.8,279.55,0,0,0,0,19-APR-2021,
OPTSTK,HDFCBANK,27-May-2021,1160,CE,0,0,0,461.95,260.75,0,0,0,0,19-APR-2021,
OPTSTK,HDFCBANK,27-May-2021,1180,CE,0,0,0,443.3,242.25,0,0,0,0,19-APR-2021,
OPTSTK,HDFCBANK,27-May-2021,1200,CE,0,0,0,424.9,224.15,0,0,0,0,19-APR-2021,
OPTSTK,HDFCBANK,27-May-2021,1220,CE,0,0,0,406.7,206.55,0,0,0,0,19-APR-2021,
OPTSTK,HDFCBANK,27-May-2021,1240,CE,190,190,190,190,190,1,7.86,550,550,19-APR-2021,
OPTSTK,HDFCBANK,27-May-2021,1260,CE,0,0,0,371.1,173,0,0,0,0,19-APR-2021,
OPTSTK,HDFCBANK,27-May-2021,1280,CE,0,0,0,353.8,157.25,0,0,0,0,19-APR-2021,
OPTSTK,HDFCBANK,27-May-2021,1300,CE,115,124,115,124,142.25,6,46.77,3850,3300,19-APR-2021,
OPTSTK,HDFCBANK,27-May-2021,1320,CE,0,0,0,320.2,127.95,0,0,0,0,19-APR-2021,
OPTSTK,HDFCBANK,27-May-2021,1340,CE,0,0,0,303.95,114.55,0,0,0,0,19-APR-2021,
OPTSTK,HDFCBANK,27-May-2021,1360,CE,0,0,0,288.1,102.05,0,0,0,0,19-APR-2021,
OPTSTK,HDFCBANK,27-May-2021,1380,CE,0,0,0,272.7,90.45,0,0,0,0,19-APR-2021,
OPTSTK,HDFCBANK,27-May-2021,1400,CE,51.2,71,46.9,68.2,68.2,626,5029.28,136950,64350,19-APR-2021,
OPTSTK,HDFCBANK,27-May-2021,1420,CE,58,60,53.05,59.2,59.2,11,89.37,5500,4400,19-APR-2021,
OPTSTK,HDFCBANK,27-May-2021,1440,CE,41.9,51.9,38.45,49.85,49.85,115,938.28,30800,21450,19-APR-2021,
OPTSTK,HDFCBANK,27-May-2021,1460,CE,35.9,43,30,41.1,41.1,81,666.66,23650,19800,19-APR-2021,
OPTSTK,HDFCBANK,27-May-2021,1480,CE,0,0,0,202.7,45.65,0,0,0,0,19-APR-2021,
OPTSTK,HDFCBANK,27-May-2021,1500,CE,30.4,35,20.95,28.45,28.45,716,6004.58,261250,48950,19-APR-2021,
OPTSTK,HDFCBANK,27-May-2021,1520,CE,0,0,0,57.6,33.5,0,0,1100,0,19-APR-2021,
OPTSTK,HDFCBANK,27-May-2021,1540,CE,18.5,18.5,9.65,17,28.55,28,239.71,14850,11000,19-APR-2021,
OPTSTK,HDFCBANK,27-May-2021,1560,CE,15.7,16.5,12.8,15.9,15.9,43,372.25,17600,13200,19-APR-2021,
OPTSTK,HDFCBANK,27-May-2021,1580,CE,0,0,0,29.45,20.3,0,0,2200,0,19-APR-2021,
OPTSTK,HDFCBANK,27-May-2021,1600,CE,8.45,11.75,8,10.95,10.95,275,2435.51,154000,40150,19-APR-2021,
OPTSTK,HDFCBANK,27-May-2021,1620,CE,19,19,19,19,14.15,1,9.01,3850,550,19-APR-2021,
OPTSTK,HDFCBANK,27-May-2021,1640,CE,8.05,8.05,7,7.5,7.5,56,507.4,25300,13750,19-APR-2021,
OPTSTK,HDFCBANK,27-May-2021,1660,CE,2.6,5,2.6,5,5,2,18.3,550,550,19-APR-2021,
OPTSTK,HDFCBANK,27-May-2021,1680,CE,0,0,0,100.7,8,0,0,0,0,19-APR-2021,
OPTSTK,HDFCBANK,27-May-2021,1700,CE,5.5,5.5,4.2,4.75,4.75,29,271.91,54450,5500,19-APR-2021,
OPTSTK,HDFCBANK,27-May-2021,1720,CE,0,0,0,86.15,5.35,0,0,0,0,19-APR-2021,
OPTSTK,HDFCBANK,27-May-2021,1740,CE,0,0,0,79.55,4.35,0,0,0,0,19-APR-2021,
OPTSTK,HDFCBANK,27-May-2021,1760,CE,0,0,0,73.35,3.5,0,0,0,0,19-APR-2021,
OPTSTK,HDFCBANK,27-May-2021,1780,CE,0,0,0,67.55,2.8,0,0,0,0,19-APR-2021,
OPTSTK,HDFCBANK,27-May-2021,1800,CE,3,3,2,2.75,2.75,33,327.18,26950,17050,19-APR-2021,
OPTSTK,HDFCBANK,27-May-2021,1820,CE,0,0,0,57.15,1.8,0,0,0,0,19-APR-2021,
OPTSTK,HDFCBANK,27-May-2021,1840,CE,0,0,0,52.45,1.45,0,0,0,0,19-APR-2021,
OPTSTK,HDFCBANK,27-May-2021,1860,CE,0,0,0,48.1,1.15,0,0,0,0,19-APR-2021,
OPTSTK,HDFCBANK,27-May-2021,1880,CE,0,0,0,44.05,0.9,0,0,0,0,19-APR-2021,
OPTSTK,HDFCBANK,27-May-2021,1900,CE,1.5,2.15,1.25,2.15,0.7,5,52.29,16500,1100,19-APR-2021,
OPTSTK,HDFCBANK,27-May-2021,1040,PE,0,0,0,1.05,0.35,0,0,0,0,19-APR-2021,
OPTSTK,HDFCBANK,27-May-2021,1060,PE,0,0,0,1.35,0.55,0,0,0,0,19-APR-2021,
OPTSTK,HDFCBANK,27-May-2021,1080,PE,0,0,0,1.8,0.85,0,0,0,0,19-APR-2021,
OPTSTK,HDFCBANK,27-May-2021,1100,PE,3.85,3.85,3.85,3.85,1.3,1,6.07,550,550,19-APR-2021,
OPTSTK,HDFCBANK,27-May-2021,1120,PE,0,0,0,3,1.9,0,0,0,0,19-APR-2021,
OPTSTK,HDFCBANK,27-May-2021,1140,PE,0,0,0,3.8,2.7,0,0,0,0,19-APR-2021,
OPTSTK,HDFCBANK,27-May-2021,1160,PE,0,0,0,4.8,3.8,0,0,0,0,19-APR-2021,
OPTSTK,HDFCBANK,27-May-2021,1180,PE,0,0,0,5.95,5.25,0,0,0,0,19-APR-2021,
OPTSTK,HDFCBANK,27-May-2021,1200,PE,6.9,8.8,5.7,6.05,6.05,46,305.46,32450,15950,19-APR-2021,
OPTSTK,HDFCBANK,27-May-2021,1220,PE,0,0,0,8.95,9.4,0,0,0,0,19-APR-2021,
OPTSTK,HDFCBANK,27-May-2021,1240,PE,12,12.5,10.4,10.4,12.25,69,475.22,36300,26400,19-APR-2021,
OPTSTK,HDFCBANK,27-May-2021,1260,PE,0,0,0,10,15.7,0,0,5500,0,19-APR-2021,
OPTSTK,HDFCBANK,27-May-2021,1280,PE,18.75,18.75,18.15,18.15,19.85,4,28.56,6600,0,19-APR-2021,
OPTSTK,HDFCBANK,27-May-2021,1300,PE,19.95,26,18.05,19.2,19.2,462,3362.34,212300,44000,19-APR-2021,
OPTSTK,HDFCBANK,27-May-2021,1320,PE,0,0,0,21.5,30.4,0,0,0,0,19-APR-2021,
OPTSTK,HDFCBANK,27-May-2021,1340,PE,34.55,34.55,34.55,34.55,34.55,1,7.56,58300,550,19-APR-2021,
OPTSTK,HDFCBANK,27-May-2021,1360,PE,41,46,33,34.15,34.15,52,400.81,57200,6050,19-APR-2021,
OPTSTK,HDFCBANK,27-May-2021,1380,PE,49.15,54,40.1,41.75,41.75,15,117.74,7150,1650,19-APR-2021,
OPTSTK,HDFCBANK,27-May-2021,1400,PE,61,69.05,48.1,49.9,49.9,262,2102.88,345950,8800,19-APR-2021,
OPTSTK,HDFCBANK,27-May-2021,1420,PE,0,0,0,43.7,71.95,0,0,0,0,19-APR-2021,
OPTSTK,HDFCBANK,27-May-2021,1440,PE,0,0,0,49.5,82.95,0,0,0,0,19-APR-2021,
OPTSTK,HDFCBANK,27-May-2021,1460,PE,0,0,0,55.75,94.8,0,0,0,0,19-APR-2021,
OPTSTK,HDFCBANK,27-May-2021,1480,PE,109.3,109.3,109.3,109.3,107.5,1,8.74,550,550,19-APR-2021,
OPTSTK,HDFCBANK,27-May-2021,1500,PE,138.35,139,106.95,107,107,14,125.03,55550,550,19-APR-2021,
OPTSTK,HDFCBANK,27-May-2021,1520,PE,0,0,0,77.7,135.15,0,0,0,0,19-APR-2021,
OPTSTK,HDFCBANK,27-May-2021,1540,PE,0,0,0,90,150.15,0,0,550,0,19-APR-2021,
OPTSTK,HDFCBANK,27-May-2021,1560,PE,0,0,0,160,165.65,0,0,550,0,19-APR-2021,
OPTSTK,HDFCBANK,27-May-2021,1580,PE,0,0,0,104.3,181.75,0,0,0,0,19-APR-2021,
OPTSTK,HDFCBANK,27-May-2021,1600,PE,0,0,0,175,198.35,0,0,1650,0,19-APR-2021,
OPTSTK,HDFCBANK,27-May-2021,1620,PE,0,0,0,124.55,215.45,0,0,0,0,19-APR-2021,
OPTSTK,HDFCBANK,27-May-2021,1640,PE,0,0,0,135.45,232.95,0,0,0,0,19-APR-2021,
OPTSTK,HDFCBANK,27-May-2021,1660,PE,0,0,0,146.8,250.85,0,0,0,0,19-APR-2021,
OPTSTK,HDFCBANK,27-May-2021,1680,PE,0,0,0,158.65,269.05,0,0,0,0,19-APR-2021,
OPTSTK,HDFCBANK,27-May-2021,1700,PE,0,0,0,171,287.5,0,0,0,0,19-APR-2021,
OPTSTK,HDFCBANK,27-May-2021,1720,PE,0,0,0,183.75,306.25,0,0,0,0,19-APR-2021,
OPTSTK,HDFCBANK,27-May-2021,1740,PE,0,0,0,196.95,325.15,0,0,0,0,19-APR-2021,
OPTSTK,HDFCBANK,27-May-2021,1760,PE,0,0,0,210.55,344.25,0,0,0,0,19-APR-2021,
OPTSTK,HDFCBANK,27-May-2021,1780,PE,0,0,0,224.55,363.5,0,0,0,0,19-APR-2021,
OPTSTK,HDFCBANK,27-May-2021,1800,PE,0,0,0,238.95,382.85,0,0,0,0,19-APR-2021,
OPTSTK,HDFCBANK,27-May-2021,1820,PE,0,0,0,253.8,402.3,0,0,0,0,19-APR-2021,
OPTSTK,HDFCBANK,27-May-2021,1840,PE,0,0,0,268.95,421.85,0,0,0,0,19-APR-2021,
OPTSTK,HDFCBANK,27-May-2021,1860,PE,0,0,0,284.4,441.5,0,0,0,0,19-APR-2021,
OPTSTK,HDFCBANK,27-May-2021,1880,PE,0,0,0,300.2,461.2,0,0,0,0,19-APR-2021,
OPTSTK,HDFCBANK,27-May-2021,1900,PE,0,0,0,440,480.9,0,0,2200,0,19-APR-2021,
OPTSTK,HDFCBANK,24-Jun-2021,1040,CE,0,0,0,436.35,381.75,0,0,0,0,19-APR-2021,
OPTSTK,HDFCBANK,24-Jun-2021,1060,CE,0,0,0,417.45,362.7,0,0,0,0,19-APR-2021,
OPTSTK,HDFCBANK,24-Jun-2021,1080,CE,0,0,0,398.8,343.85,0,0,0,0,19-APR-2021,
OPTSTK,HDFCBANK,24-Jun-2021,1100,CE,0,0,0,380.4,325.25,0,0,0,0,19-APR-2021,
OPTSTK,HDFCBANK,24-Jun-2021,1120,CE,0,0,0,362.25,307,0,0,0,0,19-APR-2021,
OPTSTK,HDFCBANK,24-Jun-2021,1140,CE,0,0,0,344.4,289.05,0,0,0,0,19-APR-2021,
OPTSTK,HDFCBANK,24-Jun-2021,1160,CE,0,0,0,326.9,271.5,0,0,0,0,19-APR-2021,
OPTSTK,HDFCBANK,24-Jun-2021,1180,CE,0,0,0,309.75,254.35,0,0,0,0,19-APR-2021,
OPTSTK,HDFCBANK,24-Jun-2021,1200,CE,0,0,0,293,237.7,0,0,0,0,19-APR-2021,
OPTSTK,HDFCBANK,24-Jun-2021,1220,CE,0,0,0,276.65,221.5,0,0,0,0,19-APR-2021,
OPTSTK,HDFCBANK,24-Jun-2021,1240,CE,0,0,0,260.75,205.9,0,0,0,0,19-APR-2021,
OPTSTK,HDFCBANK,24-Jun-2021,1260,CE,0,0,0,245.35,190.95,0,0,0,0,19-APR-2021,
OPTSTK,HDFCBANK,24-Jun-2021,1280,CE,0,0,0,230.45,176.5,0,0,0,0,19-APR-2021,
OPTSTK,HDFCBANK,24-Jun-2021,1300,CE,0,0,0,216.05,162.65,0,0,0,0,19-APR-2021,
OPTSTK,HDFCBANK,24-Jun-2021,1320,CE,0,0,0,202.15,149.55,0,0,0,0,19-APR-2021,
OPTSTK,HDFCBANK,24-Jun-2021,1340,CE,0,0,0,188.8,137.15,0,0,0,0,19-APR-2021,
OPTSTK,HDFCBANK,24-Jun-2021,1360,CE,0,0,0,176.05,125.4,0,0,0,0,19-APR-2021,
OPTSTK,HDFCBANK,24-Jun-2021,1380,CE,0,0,0,163.85,114.35,0,0,0,0,19-APR-2021,
OPTSTK,HDFCBANK,24-Jun-2021,1400,CE,0,0,0,100,104,0,0,1650,0,19-APR-2021,
OPTSTK,HDFCBANK,24-Jun-2021,1420,CE,0,0,0,141.2,94.3,0,0,0,0,19-APR-2021,
OPTSTK,HDFCBANK,24-Jun-2021,1440,CE,0,0,0,130.75,85.3,0,0,0,0,19-APR-2021,
OPTSTK,HDFCBANK,24-Jun-2021,1460,CE,0,0,0,120.85,76.95,0,0,0,0,19-APR-2021,
OPTSTK,HDFCBANK,24-Jun-2021,1480,CE,0,0,0,111.5,69.2,0,0,0,0,19-APR-2021,
OPTSTK,HDFCBANK,24-Jun-2021,1500,CE,0,0,0,102.7,62.1,0,0,0,0,19-APR-2021,
OPTSTK,HDFCBANK,24-Jun-2021,1520,CE,0,0,0,94.45,55.6,0,0,0,0,19-APR-2021,
OPTSTK,HDFCBANK,24-Jun-2021,1540,CE,0,0,0,86.7,49.6,0,0,0,0,19-APR-2021,
OPTSTK,HDFCBANK,24-Jun-2021,1560,CE,0,0,0,79.5,44.2,0,0,0,0,19-APR-2021,
OPTSTK,HDFCBANK,24-Jun-2021,1580,CE,0,0,0,72.75,39.35,0,0,0,0,19-APR-2021,
OPTSTK,HDFCBANK,24-Jun-2021,1600,CE,17.55,20.5,17.55,20.5,34.9,24,213.81,13200,13200,19-APR-2021,
OPTSTK,HDFCBANK,24-Jun-2021,1620,CE,0,0,0,60.65,30.8,0,0,0,0,19-APR-2021,
OPTSTK,HDFCBANK,24-Jun-2021,1640,CE,0,0,0,55.25,27.2,0,0,0,0,19-APR-2021,
OPTSTK,HDFCBANK,24-Jun-2021,1660,CE,0,0,0,50.35,23.95,0,0,0,0,19-APR-2021,
OPTSTK,HDFCBANK,24-Jun-2021,1680,CE,0,0,0,45.75,21.05,0,0,0,0,19-APR-2021,
OPTSTK,HDFCBANK,24-Jun-2021,1700,CE,0,0,0,41.55,18.45,0,0,0,0,19-APR-2021,
OPTSTK,HDFCBANK,24-Jun-2021,1720,CE,0,0,0,37.6,16.1,0,0,0,0,19-APR-2021,
OPTSTK,HDFCBANK,24-Jun-2021,1740,CE,0,0,0,34,14.05,0,0,0,0,19-APR-2021,
OPTSTK,HDFCBANK,24-Jun-2021,1760,CE,0,0,0,30.75,12.25,0,0,0,0,19-APR-2021,
OPTSTK,HDFCBANK,24-Jun-2021,1780,CE,0,0,0,27.75,10.65,0,0,0,0,19-APR-2021,
OPTSTK,HDFCBANK,24-Jun-2021,1800,CE,0,0,0,25,9.25,0,0,0,0,19-APR-2021,
OPTSTK,HDFCBANK,24-Jun-2021,1820,CE,0,0,0,22.5,8,0,0,0,0,19-APR-2021,
OPTSTK,HDFCBANK,24-Jun-2021,1840,CE,0,0,0,20.25,6.95,0,0,0,0,19-APR-2021,
OPTSTK,HDFCBANK,24-Jun-2021,1860,CE,0,0,0,18.2,6,0,0,0,0,19-APR-2021,
OPTSTK,HDFCBANK,24-Jun-2021,1880,CE,0,0,0,16.3,5.15,0,0,0,0,19-APR-2021,
OPTSTK,HDFCBANK,24-Jun-2021,1900,CE,0,0,0,14.6,4.45,0,0,0,0,19-APR-2021,
OPTSTK,HDFCBANK,24-Jun-2021,1040,PE,0,0,0,3.3,2.3,0,0,0,0,19-APR-2021,
OPTSTK,HDFCBANK,24-Jun-2021,1060,PE,0,0,0,4.25,3.15,0,0,0,0,19-APR-2021,
OPTSTK,HDFCBANK,24-Jun-2021,1080,PE,0,0,0,5.4,4.15,0,0,0,0,19-APR-2021,
OPTSTK,HDFCBANK,24-Jun-2021,1100,PE,0,0,0,6.8,5.45,0,0,0,0,19-APR-2021,
OPTSTK,HDFCBANK,24-Jun-2021,1120,PE,0,0,0,8.5,7,0,0,0,0,19-APR-2021,
OPTSTK,HDFCBANK,24-Jun-2021,1140,PE,0,0,0,10.45,8.95,0,0,0,0,19-APR-2021,
OPTSTK,HDFCBANK,24-Jun-2021,1160,PE,0,0,0,12.75,11.25,0,0,0,0,19-APR-2021,
OPTSTK,HDFCBANK,24-Jun-2021,1180,PE,0,0,0,15.4,13.95,0,0,0,0,19-APR-2021,
OPTSTK,HDFCBANK,24-Jun-2021,1200,PE,0,0,0,18.45,17.15,0,0,0,0,19-APR-2021,
OPTSTK,HDFCBANK,24-Jun-2021,1220,PE,0,0,0,21.95,20.9,0,0,0,0,19-APR-2021,
OPTSTK,HDFCBANK,24-Jun-2021,1240,PE,0,0,0,25.85,25.15,0,0,0,0,19-APR-2021,
OPTSTK,HDFCBANK,24-Jun-2021,1260,PE,0,0,0,30.25,30,0,0,0,0,19-APR-2021,
OPTSTK,HDFCBANK,24-Jun-2021,1280,PE,0,0,0,35.2,35.45,0,0,0,0,19-APR-2021,
OPTSTK,HDFCBANK,24-Jun-2021,1300,PE,0,0,0,18,41.5,0,0,3850,0,19-APR-2021,
OPTSTK,HDFCBANK,24-Jun-2021,1320,PE,0,0,0,46.55,48.25,0,0,0,0,19-APR-2021,
OPTSTK,HDFCBANK,24-Jun-2021,1340,PE,0,0,0,30,55.7,0,0,550,0,19-APR-2021,
OPTSTK,HDFCBANK,24-Jun-2021,1360,PE,0,0,0,60.05,63.8,0,0,0,0,19-APR-2021,
OPTSTK,HDFCBANK,24-Jun-2021,1380,PE,0,0,0,67.65,72.6,0,0,0,0,19-APR-2021,
OPTSTK,HDFCBANK,24-Jun-2021,1400,PE,71,75.7,59,60.95,60.95,17,137.22,73150,-1100,19-APR-2021,
OPTSTK,HDFCBANK,24-Jun-2021,1420,PE,0,0,0,84.65,92.3,0,0,0,0,19-APR-2021,
OPTSTK,HDFCBANK,24-Jun-2021,1440,PE,0,0,0,94,103.15,0,0,0,0,19-APR-2021,
OPTSTK,HDFCBANK,24-Jun-2021,1460,PE,0,0,0,103.9,114.65,0,0,0,0,19-APR-2021,
OPTSTK,HDFCBANK,24-Jun-2021,1480,PE,0,0,0,114.4,126.8,0,0,0,0,19-APR-2021,
OPTSTK,HDFCBANK,24-Jun-2021,1500,PE,0,0,0,125.4,139.55,0,0,0,0,19-APR-2021,
OPTSTK,HDFCBANK,24-Jun-2021,1520,PE,0,0,0,136.95,152.9,0,0,0,0,19-APR-2021,
OPTSTK,HDFCBANK,24-Jun-2021,1540,PE,0,0,0,149.05,166.8,0,0,0,0,19-APR-2021,
OPTSTK,HDFCBANK,24-Jun-2021,1560,PE,0,0,0,161.65,181.25,0,0,0,0,19-APR-2021,
OPTSTK,HDFCBANK,24-Jun-2021,1580,PE,0,0,0,174.7,196.25,0,0,0,0,19-APR-2021,
OPTSTK,HDFCBANK,24-Jun-2021,1600,PE,0,0,0,188.25,211.65,0,0,0,0,19-APR-2021,
OPTSTK,HDFCBANK,24-Jun-2021,1620,PE,0,0,0,202.25,227.45,0,0,0,0,19-APR-2021,
OPTSTK,HDFCBANK,24-Jun-2021,1640,PE,0,0,0,216.65,243.7,0,0,0,0,19-APR-2021,
OPTSTK,HDFCBANK,24-Jun-2021,1660,PE,0,0,0,231.55,260.3,0,0,0,0,19-APR-2021,
OPTSTK,HDFCBANK,24-Jun-2021,1680,PE,0,0,0,246.75,277.25,0,0,0,0,19-APR-2021,
OPTSTK,HDFCBANK,24-Jun-2021,1700,PE,0,0,0,262.35,294.55,0,0,0,0,19-APR-2021,
OPTSTK,HDFCBANK,24-Jun-2021,1720,PE,0,0,0,278.25,312.1,0,0,0,0,19-APR-2021,
OPTSTK,HDFCBANK,24-Jun-2021,1740,PE,0,0,0,294.45,329.9,0,0,0,0,19-APR-2021,
OPTSTK,HDFCBANK,24-Jun-2021,1760,PE,0,0,0,311,347.95,0,0,0,0,19-APR-2021,
OPTSTK,HDFCBANK,24-Jun-2021,1780,PE,0,0,0,327.8,366.25,0,0,0,0,19-APR-2021,
OPTSTK,HDFCBANK,24-Jun-2021,1800,PE,0,0,0,344.9,384.7,0,0,0,0,19-APR-2021,
OPTSTK,HDFCBANK,24-Jun-2021,1820,PE,0,0,0,362.25,403.3,0,0,0,0,19-APR-2021,
OPTSTK,HDFCBANK,24-Jun-2021,1840,PE,0,0,0,379.75,422.1,0,0,0,0,19-APR-2021,
OPTSTK,HDFCBANK,24-Jun-2021,1860,PE,0,0,0,397.5,441,0,0,0,0,19-APR-2021,
OPTSTK,HDFCBANK,24-Jun-2021,1880,PE,0,0,0,415.45,460.05,0,0,0,0,19-APR-2021,
OPTSTK,HDFCBANK,24-Jun-2021,1900,PE,0,0,0,433.6,479.2,0,0,0,0,19-APR-2021,
OPTSTK,HDFCLIFE,29-Apr-2021,440,CE,0,0,0,237.75,226.4,0,0,0,0,19-APR-2021,
OPTSTK,HDFCLIFE,29-Apr-2021,450,CE,0,0,0,228.35,216.4,0,0,0,0,19-APR-2021,
OPTSTK,HDFCLIFE,29-Apr-2021,460,CE,0,0,0,219.05,206.45,0,0,0,0,19-APR-2021,
OPTSTK,HDFCLIFE,29-Apr-2021,470,CE,0,0,0,209.85,196.45,0,0,0,0,19-APR-2021,
OPTSTK,HDFCLIFE,29-Apr-2021,480,CE,0,0,0,200.85,186.45,0,0,0,0,19-APR-2021,
OPTSTK,HDFCLIFE,29-Apr-2021,490,CE,0,0,0,191.9,176.45,0,0,0,0,19-APR-2021,
OPTSTK,HDFCLIFE,29-Apr-2021,500,CE,0,0,0,183.2,166.45,0,0,0,0,19-APR-2021,
OPTSTK,HDFCLIFE,29-Apr-2021,510,CE,0,0,0,174.6,156.5,0,0,0,0,19-APR-2021,
OPTSTK,HDFCLIFE,29-Apr-2021,520,CE,0,0,0,166.2,146.5,0,0,0,0,19-APR-2021,
OPTSTK,HDFCLIFE,29-Apr-2021,530,CE,0,0,0,158,136.5,0,0,0,0,19-APR-2021,
OPTSTK,HDFCLIFE,29-Apr-2021,540,CE,0,0,0,150,126.55,0,0,0,0,19-APR-2021,
OPTSTK,HDFCLIFE,29-Apr-2021,550,CE,0,0,0,142.25,116.6,0,0,0,0,19-APR-2021,
OPTSTK,HDFCLIFE,29-Apr-2021,560,CE,0,0,0,134.7,106.65,0,0,0,0,19-APR-2021,
OPTSTK,HDFCLIFE,29-Apr-2021,570,CE,0,0,0,127.4,96.85,0,0,0,0,19-APR-2021,
OPTSTK,HDFCLIFE,29-Apr-2021,580,CE,0,0,0,120.3,87.1,0,0,0,0,19-APR-2021,
OPTSTK,HDFCLIFE,29-Apr-2021,590,CE,0,0,0,113.45,77.55,0,0,0,0,19-APR-2021,
OPTSTK,HDFCLIFE,29-Apr-2021,600,CE,0,0,0,97.4,68.25,0,0,2200,0,19-APR-2021,
OPTSTK,HDFCLIFE,29-Apr-2021,610,CE,0,0,0,100.5,59.3,0,0,0,0,19-APR-2021,
OPTSTK,HDFCLIFE,29-Apr-2021,620,CE,0,0,0,94.45,50.8,0,0,0,0,19-APR-2021,
OPTSTK,HDFCLIFE,29-Apr-2021,630,CE,43.6,43.6,43.6,43.6,42.85,2,14.81,11000,0,19-APR-2021,
OPTSTK,HDFCLIFE,29-Apr-2021,640,CE,36,36,29.75,29.75,35.5,8,59.22,4400,0,19-APR-2021,
OPTSTK,HDFCLIFE,29-Apr-2021,650,CE,0,0,0,45.4,28.95,0,0,7700,0,19-APR-2021,
OPTSTK,HDFCLIFE,29-Apr-2021,660,CE,20.6,20.6,16.05,18,18,185,1380.63,72600,62700,19-APR-2021,
OPTSTK,HDFCLIFE,29-Apr-2021,670,CE,15.8,15.8,11.2,12.85,12.85,632,4749.29,150700,129800,19-APR-2021,
OPTSTK,HDFCLIFE,29-Apr-2021,680,CE,21.2,21.2,7.65,8.8,8.8,870,6595.77,314600,147400,19-APR-2021,
OPTSTK,HDFCLIFE,29-Apr-2021,690,CE,9.85,11.65,5.4,6.1,6.1,628,4813.85,235400,75900,19-APR-2021,
OPTSTK,HDFCLIFE,29-Apr-2021,700,CE,7.5,8.65,3.95,4.4,4.4,1297,10057.18,885500,251900,19-APR-2021,
OPTSTK,HDFCLIFE,29-Apr-2021,710,CE,5.65,5.65,2.8,3.1,3.1,622,4881.8,426800,-60500,19-APR-2021,
OPTSTK,HDFCLIFE,29-Apr-2021,720,CE,4,4,1.9,2.2,2.2,590,4688.88,599500,17600,19-APR-2021,
OPTSTK,HDFCLIFE,29-Apr-2021,730,CE,1.5,2.15,1.45,1.65,1.65,212,1706.51,174900,-36300,19-APR-2021,
OPTSTK,HDFCLIFE,29-Apr-2021,740,CE,0.35,2.2,0.35,1.4,1.4,119,970.44,173800,-23100,19-APR-2021,
OPTSTK,HDFCLIFE,29-Apr-2021,750,CE,1.35,1.35,0.9,1.15,1.15,188,1553.29,390500,1100,19-APR-2021,
OPTSTK,HDFCLIFE,29-Apr-2021,760,CE,1.55,1.55,0.75,0.75,0.75,25,209.26,101200,0,19-APR-2021,
OPTSTK,HDFCLIFE,29-Apr-2021,770,CE,0.8,0.8,0.8,0.8,0.55,1,8.47,3300,0,19-APR-2021,
OPTSTK,HDFCLIFE,29-Apr-2021,780,CE,0.75,0.85,0.75,0.8,0.35,6,51.53,28600,-3300,19-APR-2021,
OPTSTK,HDFCLIFE,29-Apr-2021,790,CE,1,1,0.75,0.75,0.25,3,26.1,18700,0,19-APR-2021,
OPTSTK,HDFCLIFE,29-Apr-2021,800,CE,0.85,0.9,0.35,0.55,0.55,40,352.27,272800,-11000,19-APR-2021,
OPTSTK,HDFCLIFE,29-Apr-2021,810,CE,0,0,0,23.5,0.1,0,0,0,0,19-APR-2021,
OPTSTK,HDFCLIFE,29-Apr-2021,820,CE,0,0,0,21.6,0.05,0,0,0,0,19-APR-2021,
OPTSTK,HDFCLIFE,29-Apr-2021,830,CE,0,0,0,19.9,0.05,0,0,0,0,19-APR-2021,
OPTSTK,HDFCLIFE,29-Apr-2021,840,CE,0,0,0,18.3,0.05,0,0,0,0,19-APR-2021,
OPTSTK,HDFCLIFE,29-Apr-2021,850,CE,0,0,0,16.8,0.05,0,0,0,0,19-APR-2021,
OPTSTK,HDFCLIFE,29-Apr-2021,860,CE,0,0,0,15.4,0,0,0,0,0,19-APR-2021,
OPTSTK,HDFCLIFE,29-Apr-2021,870,CE,0,0,0,14.15,0,0,0,0,0,19-APR-2021,
OPTSTK,HDFCLIFE,29-Apr-2021,440,PE,0,0,0,1.85,0,0,0,0,0,19-APR-2021,
OPTSTK,HDFCLIFE,29-Apr-2021,450,PE,0,0,0,2.4,0,0,0,0,0,19-APR-2021,
OPTSTK,HDFCLIFE,29-Apr-2021,460,PE,0,0,0,3,0,0,0,0,0,19-APR-2021,
OPTSTK,HDFCLIFE,29-Apr-2021,470,PE,0,0,0,3.7,0,0,0,0,0,19-APR-2021,
OPTSTK,HDFCLIFE,29-Apr-2021,480,PE,0,0,0,4.6,0,0,0,0,0,19-APR-2021,
OPTSTK,HDFCLIFE,29-Apr-2021,490,PE,0,0,0,5.6,0,0,0,0,0,19-APR-2021,
OPTSTK,HDFCLIFE,29-Apr-2021,500,PE,0,0,0,6.75,0,0,0,0,0,19-APR-2021,
OPTSTK,HDFCLIFE,29-Apr-2021,510,PE,0,0,0,8.1,0,0,0,0,0,19-APR-2021,
OPTSTK,HDFCLIFE,29-Apr-2021,520,PE,0,0,0,9.6,0,0,0,0,0,19-APR-2021,
OPTSTK,HDFCLIFE,29-Apr-2021,530,PE,0,0,0,11.3,0.05,0,0,0,0,19-APR-2021,
OPTSTK,HDFCLIFE,29-Apr-2021,540,PE,0,0,0,13.2,0.05,0,0,0,0,19-APR-2021,
OPTSTK,HDFCLIFE,29-Apr-2021,550,PE,0,0,0,15.35,0.1,0,0,0,0,19-APR-2021,
OPTSTK,HDFCLIFE,29-Apr-2021,560,PE,0,0,0,17.7,0.15,0,0,0,0,19-APR-2021,
OPTSTK,HDFCLIFE,29-Apr-2021,570,PE,0,0,0,20.3,0.3,0,0,0,0,19-APR-2021,
OPTSTK,HDFCLIFE,29-Apr-2021,580,PE,0,0,0,23.1,0.6,0,0,0,0,19-APR-2021,
OPTSTK,HDFCLIFE,29-Apr-2021,590,PE,0,0,0,26.2,1,0,0,0,0,19-APR-2021,
OPTSTK,HDFCLIFE,29-Apr-2021,600,PE,1.05,1.1,0.65,0.9,0.9,22,145.43,73700,3300,19-APR-2021,
OPTSTK,HDFCLIFE,29-Apr-2021,610,PE,0,0,0,33.05,2.75,0,0,0,0,19-APR-2021,
OPTSTK,HDFCLIFE,29-Apr-2021,620,PE,2,2,1.45,1.45,1.45,7,47.86,3300,0,19-APR-2021,
OPTSTK,HDFCLIFE,29-Apr-2021,630,PE,2,3.15,1.8,2.35,2.35,160,1113.16,102300,4400,19-APR-2021,
OPTSTK,HDFCLIFE,29-Apr-2021,640,PE,4.3,4.8,3.4,3.85,3.85,135,956.44,59400,4400,19-APR-2021,
OPTSTK,HDFCLIFE,29-Apr-2021,650,PE,3.95,7.5,3.4,6.1,6.1,536,3866.24,425700,31900,19-APR-2021,
OPTSTK,HDFCLIFE,29-Apr-2021,660,PE,5,11.55,5,9.7,9.7,465,3425.18,140800,45100,19-APR-2021,
OPTSTK,HDFCLIFE,29-Apr-2021,670,PE,8.15,17,8.15,14.45,14.45,467,3513.1,168300,1100,19-APR-2021,
OPTSTK,HDFCLIFE,29-Apr-2021,680,PE,11.7,23.55,11.7,20.55,20.55,396,3043.83,277200,-27500,19-APR-2021,
OPTSTK,HDFCLIFE,29-Apr-2021,690,PE,17.4,29.25,17.4,27.6,27.6,82,644.77,122100,-19800,19-APR-2021,
OPTSTK,HDFCLIFE,29-Apr-2021,700,PE,27.1,37.25,26.9,36.05,36.05,91,733.74,172700,-2200,19-APR-2021,
OPTSTK,HDFCLIFE,29-Apr-2021,710,PE,36,46,36,46,49.05,3,24.79,63800,-1100,19-APR-2021,
OPTSTK,HDFCLIFE,29-Apr-2021,720,PE,45.9,54.3,45.9,53,57.4,4,33.93,19800,-1100,19-APR-2021,
OPTSTK,HDFCLIFE,29-Apr-2021,730,PE,0,0,0,37.35,66.15,0,0,9900,0,19-APR-2021,
OPTSTK,HDFCLIFE,29-Apr-2021,740,PE,0,0,0,39.2,75.25,0,0,1100,0,19-APR-2021,
OPTSTK,HDFCLIFE,29-Apr-2021,750,PE,0,0,0,48.6,84.6,0,0,3300,0,19-APR-2021,
OPTSTK,HDFCLIFE,29-Apr-2021,760,PE,0,0,0,116.15,94.15,0,0,0,0,19-APR-2021,
OPTSTK,HDFCLIFE,29-Apr-2021,770,PE,0,0,0,123.45,103.85,0,0,0,0,19-APR-2021,
OPTSTK,HDFCLIFE,29-Apr-2021,780,PE,0,0,0,130.9,113.65,0,0,0,0,19-APR-2021,
OPTSTK,HDFCLIFE,29-Apr-2021,790,PE,0,0,0,138.5,123.5,0,0,0,0,19-APR-2021,
OPTSTK,HDFCLIFE,29-Apr-2021,800,PE,0,0,0,146.3,133.4,0,0,0,0,19-APR-2021,
OPTSTK,HDFCLIFE,29-Apr-2021,810,PE,0,0,0,154.2,143.35,0,0,0,0,19-APR-2021,
OPTSTK,HDFCLIFE,29-Apr-2021,820,PE,0,0,0,162.2,153.3,0,0,0,0,19-APR-2021,
OPTSTK,HDFCLIFE,29-Apr-2021,830,PE,0,0,0,170.4,163.25,0,0,0,0,19-APR-2021,
OPTSTK,HDFCLIFE,29-Apr-2021,840,PE,0,0,0,178.7,173.25,0,0,0,0,19-APR-2021,
OPTSTK,HDFCLIFE,29-Apr-2021,850,PE,0,0,0,187.15,183.25,0,0,0,0,19-APR-2021,
OPTSTK,HDFCLIFE,29-Apr-2021,860,PE,0,0,0,195.65,193.2,0,0,0,0,19-APR-2021,
OPTSTK,HDFCLIFE,29-Apr-2021,870,PE,0,0,0,204.3,203.2,0,0,0,0,19-APR-2021,
OPTSTK,HDFCLIFE,27-May-2021,470,CE,0,0,0,269.25,198,0,0,0,0,19-APR-2021,
OPTSTK,HDFCLIFE,27-May-2021,480,CE,0,0,0,259.7,188.15,0,0,0,0,19-APR-2021,
OPTSTK,HDFCLIFE,27-May-2021,490,CE,0,0,0,250.25,178.35,0,0,0,0,19-APR-2021,
OPTSTK,HDFCLIFE,27-May-2021,500,CE,0,0,0,240.9,168.65,0,0,0,0,19-APR-2021,
OPTSTK,HDFCLIFE,27-May-2021,510,CE,0,0,0,231.65,159,0,0,0,0,19-APR-2021,
OPTSTK,HDFCLIFE,27-May-2021,520,CE,0,0,0,222.45,149.45,0,0,0,0,19-APR-2021,
OPTSTK,HDFCLIFE,27-May-2021,530,CE,0,0,0,213.45,140.05,0,0,0,0,19-APR-2021,
OPTSTK,HDFCLIFE,27-May-2021,540,CE,0,0,0,204.55,130.8,0,0,0,0,19-APR-2021,
OPTSTK,HDFCLIFE,27-May-2021,550,CE,0,0,0,195.8,121.75,0,0,0,0,19-APR-2021,
OPTSTK,HDFCLIFE,27-May-2021,560,CE,0,0,0,187.2,112.9,0,0,0,0,19-APR-2021,
OPTSTK,HDFCLIFE,27-May-2021,570,CE,0,0,0,178.8,104.35,0,0,0,0,19-APR-2021,
OPTSTK,HDFCLIFE,27-May-2021,580,CE,0,0,0,170.55,96.05,0,0,0,0,19-APR-2021,
OPTSTK,HDFCLIFE,27-May-2021,590,CE,0,0,0,162.5,88.05,0,0,0,0,19-APR-2021,
OPTSTK,HDFCLIFE,27-May-2021,600,CE,0,0,0,154.6,80.4,0,0,0,0,19-APR-2021,
OPTSTK,HDFCLIFE,27-May-2021,610,CE,0,0,0,146.95,73.15,0,0,0,0,19-APR-2021,
OPTSTK,HDFCLIFE,27-May-2021,620,CE,0,0,0,139.55,66.2,0,0,0,0,19-APR-2021,
OPTSTK,HDFCLIFE,27-May-2021,630,CE,0,0,0,132.35,59.7,0,0,0,0,19-APR-2021,
OPTSTK,HDFCLIFE,27-May-2021,640,CE,0,0,0,125.35,53.65,0,0,0,0,19-APR-2021,
OPTSTK,HDFCLIFE,27-May-2021,650,CE,0,0,0,118.6,47.95,0,0,0,0,19-APR-2021,
OPTSTK,HDFCLIFE,27-May-2021,660,CE,0,0,0,112.05,42.7,0,0,0,0,19-APR-2021,
OPTSTK,HDFCLIFE,27-May-2021,670,CE,0,0,0,105.75,37.85,0,0,0,0,19-APR-2021,
OPTSTK,HDFCLIFE,27-May-2021,680,CE,20,22.5,20,21.75,21.75,10,77.18,11000,7700,19-APR-2021,
OPTSTK,HDFCLIFE,27-May-2021,690,CE,18,18,18,18,18,1,7.78,2200,0,19-APR-2021,
OPTSTK,HDFCLIFE,27-May-2021,700,CE,18,19.5,13.8,15.35,15.35,61,480.05,64900,39600,19-APR-2021,
OPTSTK,HDFCLIFE,27-May-2021,710,CE,0,0,0,83.05,22.45,0,0,0,0,19-APR-2021,
OPTSTK,HDFCLIFE,27-May-2021,720,CE,0,0,0,77.95,19.5,0,0,0,0,19-APR-2021,
OPTSTK,HDFCLIFE,27-May-2021,730,CE,0,0,0,73.1,16.9,0,0,0,0,19-APR-2021,
OPTSTK,HDFCLIFE,27-May-2021,740,CE,0,0,0,11,14.55,0,0,11000,0,19-APR-2021,
OPTSTK,HDFCLIFE,27-May-2021,750,CE,6.7,7,5.1,6,6,17,141.31,20900,8800,19-APR-2021,
OPTSTK,HDFCLIFE,27-May-2021,760,CE,0,0,0,6.9,10.7,0,0,1100,0,19-APR-2021,
OPTSTK,HDFCLIFE,27-May-2021,770,CE,0,0,0,56,9.1,0,0,0,0,19-APR-2021,
OPTSTK,HDFCLIFE,27-May-2021,780,CE,0,0,0,52.25,7.75,0,0,0,0,19-APR-2021,
OPTSTK,HDFCLIFE,27-May-2021,790,CE,0,0,0,48.7,6.55,0,0,0,0,19-APR-2021,
OPTSTK,HDFCLIFE,27-May-2021,800,CE,3,10.2,1.1,1.1,5.5,34,300.5,22000,12100,19-APR-2021,
OPTSTK,HDFCLIFE,27-May-2021,810,CE,0,0,0,42.25,4.65,0,0,0,0,19-APR-2021,
OPTSTK,HDFCLIFE,27-May-2021,820,CE,0,0,0,39.25,3.9,0,0,0,0,19-APR-2021,
OPTSTK,HDFCLIFE,27-May-2021,830,CE,0,0,0,36.5,3.25,0,0,0,0,19-APR-2021,
OPTSTK,HDFCLIFE,27-May-2021,840,CE,0,0,0,33.85,2.7,0,0,0,0,19-APR-2021,
OPTSTK,HDFCLIFE,27-May-2021,850,CE,0,0,0,31.45,2.25,0,0,0,0,19-APR-2021,
OPTSTK,HDFCLIFE,27-May-2021,860,CE,0,0,0,29.15,1.85,0,0,0,0,19-APR-2021,
OPTSTK,HDFCLIFE,27-May-2021,870,CE,0,0,0,27,1.55,0,0,0,0,19-APR-2021,
OPTSTK,HDFCLIFE,27-May-2021,470,PE,0,0,0,1.35,0.2,0,0,0,0,19-APR-2021,
OPTSTK,HDFCLIFE,27-May-2021,480,PE,0,0,0,1.75,0.35,0,0,0,0,19-APR-2021,
OPTSTK,HDFCLIFE,27-May-2021,490,PE,0,0,0,2.2,0.5,0,0,0,0,19-APR-2021,
OPTSTK,HDFCLIFE,27-May-2021,500,PE,0,0,0,2.75,0.75,0,0,0,0,19-APR-2021,
OPTSTK,HDFCLIFE,27-May-2021,510,PE,0,0,0,3.4,1.05,0,0,0,0,19-APR-2021,
OPTSTK,HDFCLIFE,27-May-2021,520,PE,0,0,0,4.15,1.45,0,0,0,0,19-APR-2021,
OPTSTK,HDFCLIFE,27-May-2021,530,PE,0,0,0,5,2,0,0,0,0,19-APR-2021,
OPTSTK,HDFCLIFE,27-May-2021,540,PE,0,0,0,6,2.75,0,0,0,0,19-APR-2021,
OPTSTK,HDFCLIFE,27-May-2021,550,PE,0,0,0,7.2,3.65,0,0,0,0,19-APR-2021,
OPTSTK,HDFCLIFE,27-May-2021,560,PE,0,0,0,8.5,4.8,0,0,0,0,19-APR-2021,
OPTSTK,HDFCLIFE,27-May-2021,570,PE,0,0,0,9.95,6.15,0,0,0,0,19-APR-2021,
OPTSTK,HDFCLIFE,27-May-2021,580,PE,0,0,0,11.65,7.85,0,0,0,0,19-APR-2021,
OPTSTK,HDFCLIFE,27-May-2021,590,PE,0,0,0,13.5,9.8,0,0,0,0,19-APR-2021,
OPTSTK,HDFCLIFE,27-May-2021,600,PE,0,0,0,15.55,12.1,0,0,0,0,19-APR-2021,
OPTSTK,HDFCLIFE,27-May-2021,610,PE,0,0,0,17.8,14.8,0,0,0,0,19-APR-2021,
OPTSTK,HDFCLIFE,27-May-2021,620,PE,0,0,0,20.3,17.85,0,0,0,0,19-APR-2021,
OPTSTK,HDFCLIFE,27-May-2021,630,PE,0,0,0,22.95,21.3,0,0,0,0,19-APR-2021,
OPTSTK,HDFCLIFE,27-May-2021,640,PE,0,0,0,25.9,25.2,0,0,0,0,19-APR-2021,
OPTSTK,HDFCLIFE,27-May-2021,650,PE,12.85,16.5,12.85,16.5,29.45,17,124.44,16500,16500,19-APR-2021,
OPTSTK,HDFCLIFE,27-May-2021,660,PE,0,0,0,32.4,34.2,0,0,0,0,19-APR-2021,
OPTSTK,HDFCLIFE,27-May-2021,670,PE,25,25,25,25,39.3,1,7.64,1100,1100,19-APR-2021,
OPTSTK,HDFCLIFE,27-May-2021,680,PE,30,30,30,30,44.85,1,7.81,1100,1100,19-APR-2021,
OPTSTK,HDFCLIFE,27-May-2021,690,PE,0,0,0,44,50.75,0,0,0,0,19-APR-2021,
OPTSTK,HDFCLIFE,27-May-2021,700,PE,39.6,43,39,43,57.05,3,24.43,3300,3300,19-APR-2021,
OPTSTK,HDFCLIFE,27-May-2021,710,PE,0,0,0,52.95,63.75,0,0,0,0,19-APR-2021,
OPTSTK,HDFCLIFE,27-May-2021,720,PE,0,0,0,57.75,70.75,0,0,0,0,19-APR-2021,
OPTSTK,HDFCLIFE,27-May-2021,730,PE,0,0,0,62.8,78.1,0,0,0,0,19-APR-2021,
OPTSTK,HDFCLIFE,27-May-2021,740,PE,0,0,0,68.1,85.75,0,0,0,0,19-APR-2021,
OPTSTK,HDFCLIFE,27-May-2021,750,PE,0,0,0,73.6,93.6,0,0,0,0,19-APR-2021,
OPTSTK,HDFCLIFE,27-May-2021,760,PE,0,0,0,79.35,101.8,0,0,0,0,19-APR-2021,
OPTSTK,HDFCLIFE,27-May-2021,770,PE,0,0,0,85.3,110.15,0,0,0,0,19-APR-2021,
OPTSTK,HDFCLIFE,27-May-2021,780,PE,0,0,0,91.5,118.75,0,0,0,0,19-APR-2021,
OPTSTK,HDFCLIFE,27-May-2021,790,PE,0,0,0,97.85,127.5,0,0,0,0,19-APR-2021,
OPTSTK,HDFCLIFE,27-May-2021,800,PE,0,0,0,104.45,136.45,0,0,0,0,19-APR-2021,
OPTSTK,HDFCLIFE,27-May-2021,810,PE,0,0,0,111.2,145.55,0,0,0,0,19-APR-2021,
OPTSTK,HDFCLIFE,27-May-2021,820,PE,0,0,0,118.15,154.75,0,0,0,0,19-APR-2021,
OPTSTK,HDFCLIFE,27-May-2021,830,PE,0,0,0,125.25,164.05,0,0,0,0,19-APR-2021,
OPTSTK,HDFCLIFE,27-May-2021,840,PE,0,0,0,132.55,173.5,0,0,0,0,19-APR-2021,
OPTSTK,HDFCLIFE,27-May-2021,850,PE,0,0,0,140.05,183,0,0,0,0,19-APR-2021,
OPTSTK,HDFCLIFE,27-May-2021,860,PE,0,0,0,147.65,192.55,0,0,0,0,19-APR-2021,
OPTSTK,HDFCLIFE,27-May-2021,870,PE,0,0,0,155.4,202.2,0,0,0,0,19-APR-2021,
OPTSTK,HDFCLIFE,24-Jun-2021,470,CE,0,0,0,204.55,200.45,0,0,0,0,19-APR-2021,
OPTSTK,HDFCLIFE,24-Jun-2021,480,CE,0,0,0,195.45,190.95,0,0,0,0,19-APR-2021,
OPTSTK,HDFCLIFE,24-Jun-2021,490,CE,0,0,0,186.45,181.6,0,0,0,0,19-APR-2021,
OPTSTK,HDFCLIFE,24-Jun-2021,500,CE,0,0,0,177.65,172.35,0,0,0,0,19-APR-2021,
OPTSTK,HDFCLIFE,24-Jun-2021,510,CE,0,0,0,169,163.25,0,0,0,0,19-APR-2021,
OPTSTK,HDFCLIFE,24-Jun-2021,520,CE,0,0,0,160.55,154.3,0,0,0,0,19-APR-2021,
OPTSTK,HDFCLIFE,24-Jun-2021,530,CE,0,0,0,152.25,145.55,0,0,0,0,19-APR-2021,
OPTSTK,HDFCLIFE,24-Jun-2021,540,CE,0,0,0,144.2,137,0,0,0,0,19-APR-2021,
OPTSTK,HDFCLIFE,24-Jun-2021,550,CE,0,0,0,136.4,128.65,0,0,0,0,19-APR-2021,
OPTSTK,HDFCLIFE,24-Jun-2021,560,CE,0,0,0,128.8,120.55,0,0,0,0,19-APR-2021,
OPTSTK,HDFCLIFE,24-Jun-2021,570,CE,0,0,0,121.45,112.75,0,0,0,0,19-APR-2021,
OPTSTK,HDFCLIFE,24-Jun-2021,580,CE,0,0,0,114.3,105.2,0,0,0,0,19-APR-2021,
OPTSTK,HDFCLIFE,24-Jun-2021,590,CE,0,0,0,107.45,97.95,0,0,0,0,19-APR-2021,
OPTSTK,HDFCLIFE,24-Jun-2021,600,CE,0,0,0,100.85,90.95,0,0,0,0,19-APR-2021,
OPTSTK,HDFCLIFE,24-Jun-2021,610,CE,0,0,0,94.55,84.25,0,0,0,0,19-APR-2021,
OPTSTK,HDFCLIFE,24-Jun-2021,620,CE,0,0,0,88.5,77.95,0,0,0,0,19-APR-2021,
OPTSTK,HDFCLIFE,24-Jun-2021,630,CE,0,0,0,82.7,71.9,0,0,0,0,19-APR-2021,
OPTSTK,HDFCLIFE,24-Jun-2021,640,CE,0,0,0,77.2,66.2,0,0,0,0,19-APR-2021,
OPTSTK,HDFCLIFE,24-Jun-2021,650,CE,0,0,0,71.95,60.8,0,0,0,0,19-APR-2021,
OPTSTK,HDFCLIFE,24-Jun-2021,660,CE,0,0,0,66.95,55.7,0,0,0,0,19-APR-2021,
OPTSTK,HDFCLIFE,24-Jun-2021,670,CE,0,0,0,62.25,50.95,0,0,0,0,19-APR-2021,
OPTSTK,HDFCLIFE,24-Jun-2021,680,CE,0,0,0,57.8,46.5,0,0,0,0,19-APR-2021,
OPTSTK,HDFCLIFE,24-Jun-2021,690,CE,0,0,0,53.6,42.35,0,0,0,0,19-APR-2021,
OPTSTK,HDFCLIFE,24-Jun-2021,700,CE,0,0,0,49.6,38.5,0,0,0,0,19-APR-2021,
OPTSTK,HDFCLIFE,24-Jun-2021,710,CE,0,0,0,45.9,34.95,0,0,0,0,19-APR-2021,
OPTSTK,HDFCLIFE,24-Jun-2021,720,CE,0,0,0,42.4,31.6,0,0,0,0,19-APR-2021,
OPTSTK,HDFCLIFE,24-Jun-2021,730,CE,0,0,0,39.1,28.55,0,0,0,0,19-APR-2021,
OPTSTK,HDFCLIFE,24-Jun-2021,740,CE,0,0,0,36.05,25.75,0,0,0,0,19-APR-2021,
OPTSTK,HDFCLIFE,24-Jun-2021,750,CE,0,0,0,33.2,23.25,0,0,0,0,19-APR-2021,
OPTSTK,HDFCLIFE,24-Jun-2021,760,CE,0,0,0,30.55,20.9,0,0,0,0,19-APR-2021,
OPTSTK,HDFCLIFE,24-Jun-2021,770,CE,0,0,0,28.1,18.75,0,0,0,0,19-APR-2021,
OPTSTK,HDFCLIFE,24-Jun-2021,780,CE,0,0,0,25.8,16.75,0,0,0,0,19-APR-2021,
OPTSTK,HDFCLIFE,24-Jun-2021,790,CE,0,0,0,23.65,15,0,0,0,0,19-APR-2021,
OPTSTK,HDFCLIFE,24-Jun-2021,800,CE,0,0,0,21.65,13.4,0,0,0,0,19-APR-2021,
OPTSTK,HDFCLIFE,24-Jun-2021,810,CE,0,0,0,19.8,11.95,0,0,0,0,19-APR-2021,
OPTSTK,HDFCLIFE,24-Jun-2021,820,CE,0,0,0,18.1,10.6,0,0,0,0,19-APR-2021,
OPTSTK,HDFCLIFE,24-Jun-2021,830,CE,0,0,0,16.55,9.45,0,0,0,0,19-APR-2021,
OPTSTK,HDFCLIFE,24-Jun-2021,840,CE,0,0,0,15.1,8.35,0,0,0,0,19-APR-2021,
OPTSTK,HDFCLIFE,24-Jun-2021,850,CE,0,0,0,13.8,7.4,0,0,0,0,19-APR-2021,
OPTSTK,HDFCLIFE,24-Jun-2021,860,CE,0,0,0,12.55,6.55,0,0,0,0,19-APR-2021,
OPTSTK,HDFCLIFE,24-Jun-2021,870,CE,0,0,0,11.45,5.8,0,0,0,0,19-APR-2021,
OPTSTK,HDFCLIFE,24-Jun-2021,470,PE,0,0,0,3.2,1.35,0,0,0,0,19-APR-2021,
OPTSTK,HDFCLIFE,24-Jun-2021,480,PE,0,0,0,4,1.75,0,0,0,0,19-APR-2021,
OPTSTK,HDFCLIFE,24-Jun-2021,490,PE,0,0,0,4.9,2.3,0,0,0,0,19-APR-2021,
OPTSTK,HDFCLIFE,24-Jun-2021,500,PE,0,0,0,6,3,0,0,0,0,19-APR-2021,
OPTSTK,HDFCLIFE,24-Jun-2021,510,PE,0,0,0,7.25,3.85,0,0,0,0,19-APR-2021,
OPTSTK,HDFCLIFE,24-Jun-2021,520,PE,0,0,0,8.7,4.8,0,0,0,0,19-APR-2021,
OPTSTK,HDFCLIFE,24-Jun-2021,530,PE,0,0,0,10.35,6,0,0,0,0,19-APR-2021,
OPTSTK,HDFCLIFE,24-Jun-2021,540,PE,0,0,0,12.2,7.4,0,0,0,0,19-APR-2021,
OPTSTK,HDFCLIFE,24-Jun-2021,550,PE,0,0,0,14.25,9,0,0,0,0,19-APR-2021,
OPTSTK,HDFCLIFE,24-Jun-2021,560,PE,0,0,0,16.55,10.85,0,0,0,0,19-APR-2021,
OPTSTK,HDFCLIFE,24-Jun-2021,570,PE,0,0,0,19.15,12.95,0,0,0,0,19-APR-2021,
OPTSTK,HDFCLIFE,24-Jun-2021,580,PE,0,0,0,21.9,15.35,0,0,0,0,19-APR-2021,
OPTSTK,HDFCLIFE,24-Jun-2021,590,PE,0,0,0,24.95,18,0,0,0,0,19-APR-2021,
OPTSTK,HDFCLIFE,24-Jun-2021,600,PE,0,0,0,28.25,20.95,0,0,0,0,19-APR-2021,
OPTSTK,HDFCLIFE,24-Jun-2021,610,PE,0,0,0,31.85,24.2,0,0,0,0,19-APR-2021,
OPTSTK,HDFCLIFE,24-Jun-2021,620,PE,0,0,0,35.7,27.8,0,0,0,0,19-APR-2021,
OPTSTK,HDFCLIFE,24-Jun-2021,630,PE,0,0,0,39.85,31.7,0,0,0,0,19-APR-2021,
OPTSTK,HDFCLIFE,24-Jun-2021,640,PE,0,0,0,44.25,35.9,0,0,0,0,19-APR-2021,
OPTSTK,HDFCLIFE,24-Jun-2021,650,PE,0,0,0,48.9,40.45,0,0,0,0,19-APR-2021,
OPTSTK,HDFCLIFE,24-Jun-2021,660,PE,0,0,0,53.8,45.3,0,0,0,0,19-APR-2021,
OPTSTK,HDFCLIFE,24-Jun-2021,670,PE,0,0,0,59,50.5,0,0,0,0,19-APR-2021,
OPTSTK,HDFCLIFE,24-Jun-2021,680,PE,0,0,0,64.45,55.95,0,0,0,0,19-APR-2021,
OPTSTK,HDFCLIFE,24-Jun-2021,690,PE,0,0,0,70.15,61.75,0,0,0,0,19-APR-2021,
OPTSTK,HDFCLIFE,24-Jun-2021,700,PE,0,0,0,76.1,67.85,0,0,0,0,19-APR-2021,
OPTSTK,HDFCLIFE,24-Jun-2021,710,PE,0,0,0,82.3,74.2,0,0,0,0,19-APR-2021,
OPTSTK,HDFCLIFE,24-Jun-2021,720,PE,0,0,0,88.7,80.8,0,0,0,0,19-APR-2021,
OPTSTK,HDFCLIFE,24-Jun-2021,730,PE,0,0,0,95.35,87.7,0,0,0,0,19-APR-2021,
OPTSTK,HDFCLIFE,24-Jun-2021,740,PE,0,0,0,102.15,94.8,0,0,0,0,19-APR-2021,
OPTSTK,HDFCLIFE,24-Jun-2021,750,PE,0,0,0,109.2,102.2,0,0,0,0,19-APR-2021,
OPTSTK,HDFCLIFE,24-Jun-2021,760,PE,0,0,0,116.45,109.8,0,0,0,0,19-APR-2021,
OPTSTK,HDFCLIFE,24-Jun-2021,770,PE,0,0,0,123.9,117.6,0,0,0,0,19-APR-2021,
OPTSTK,HDFCLIFE,24-Jun-2021,780,PE,0,0,0,131.5,125.55,0,0,0,0,19-APR-2021,
OPTSTK,HDFCLIFE,24-Jun-2021,790,PE,0,0,0,139.3,133.7,0,0,0,0,19-APR-2021,
OPTSTK,HDFCLIFE,24-Jun-2021,800,PE,0,0,0,147.2,142.05,0,0,0,0,19-APR-2021,
OPTSTK,HDFCLIFE,24-Jun-2021,810,PE,0,0,0,155.25,150.5,0,0,0,0,19-APR-2021,
OPTSTK,HDFCLIFE,24-Jun-2021,820,PE,0,0,0,163.5,159.15,0,0,0,0,19-APR-2021,
OPTSTK,HDFCLIFE,24-Jun-2021,830,PE,0,0,0,171.85,167.9,0,0,0,0,19-APR-2021,
OPTSTK,HDFCLIFE,24-Jun-2021,840,PE,0,0,0,180.3,176.75,0,0,0,0,19-APR-2021,
OPTSTK,HDFCLIFE,24-Jun-2021,850,PE,0,0,0,188.85,185.7,0,0,0,0,19-APR-2021,
OPTSTK,HDFCLIFE,24-Jun-2021,860,PE,0,0,0,197.55,194.8,0,0,0,0,19-APR-2021,
OPTSTK,HDFCLIFE,24-Jun-2021,870,PE,0,0,0,206.35,203.95,0,0,0,0,19-APR-2021,
OPTSTK,HEROMOTOCO,29-Apr-2021,2150,CE,0,0,0,1271.95,637.7,0,0,0,0,19-APR-2021,
OPTSTK,HEROMOTOCO,29-Apr-2021,2200,CE,0,0,0,1223.95,587.8,0,0,0,0,19-APR-2021,
OPTSTK,HEROMOTOCO,29-Apr-2021,2250,CE,0,0,0,1176.3,537.9,0,0,0,0,19-APR-2021,
OPTSTK,HEROMOTOCO,29-Apr-2021,2300,CE,0,0,0,1129.05,488.1,0,0,0,0,19-APR-2021,
OPTSTK,HEROMOTOCO,29-Apr-2021,2350,CE,0,0,0,1082.3,438.55,0,0,0,0,19-APR-2021,
OPTSTK,HEROMOTOCO,29-Apr-2021,2400,CE,0,0,0,1036.15,389.45,0,0,0,0,19-APR-2021,
OPTSTK,HEROMOTOCO,29-Apr-2021,2450,CE,0,0,0,990.6,341.1,0,0,0,0,19-APR-2021,
OPTSTK,HEROMOTOCO,29-Apr-2021,2500,CE,0,0,0,384.85,294.05,0,0,0,0,19-APR-2021,
OPTSTK,HEROMOTOCO,29-Apr-2021,2550,CE,0,0,0,901.75,248.9,0,0,0,0,19-APR-2021,
OPTSTK,HEROMOTOCO,29-Apr-2021,2600,CE,0,0,0,254,206.4,0,0,300,0,19-APR-2021,
OPTSTK,HEROMOTOCO,29-Apr-2021,2650,CE,170,176.2,170,176.2,167.45,4,33.85,1200,1200,19-APR-2021,
OPTSTK,HEROMOTOCO,29-Apr-2021,2700,CE,99.95,140,99.95,112.45,112.45,28,236.99,5700,-300,19-APR-2021,
OPTSTK,HEROMOTOCO,29-Apr-2021,2750,CE,76.05,108.1,75,78.35,78.35,20,170.18,5700,2400,19-APR-2021,
OPTSTK,HEROMOTOCO,29-Apr-2021,2800,CE,60.05,76.5,40.6,52.15,52.15,780,6688.31,66300,29700,19-APR-2021,
OPTSTK,HEROMOTOCO,29-Apr-2021,2850,CE,48,49.5,29.4,32.7,32.7,414,3586.66,43800,30000,19-APR-2021,
OPTSTK,HEROMOTOCO,29-Apr-2021,2900,CE,18.3,35.5,18.25,20.7,20.7,1373,12045.54,127800,35700,19-APR-2021,
OPTSTK,HEROMOTOCO,29-Apr-2021,2950,CE,11.05,25.25,11.05,13.95,13.95,780,6942.4,123600,5100,19-APR-2021,
OPTSTK,HEROMOTOCO,29-Apr-2021,3000,CE,18.25,18.3,7.8,10.1,10.1,1627,14699.6,383700,63000,19-APR-2021,
OPTSTK,HEROMOTOCO,29-Apr-2021,3050,CE,9,16.05,6.55,7.4,7.4,664,6092.22,83700,-5100,19-APR-2021,
OPTSTK,HEROMOTOCO,29-Apr-2021,3100,CE,8.05,8.1,5.1,6.45,6.45,774,7214.32,279300,-4800,19-APR-2021,
OPTSTK,HEROMOTOCO,29-Apr-2021,3150,CE,5.15,7.15,5.05,5.65,5.65,259,2452.21,63300,-19200,19-APR-2021,
OPTSTK,HEROMOTOCO,29-Apr-2021,3200,CE,4.1,5.75,3.9,4.45,4.45,363,3490.15,261900,4200,19-APR-2021,
OPTSTK,HEROMOTOCO,29-Apr-2021,3250,CE,3.5,4.5,3.15,3.55,3.55,65,634.53,40200,-5400,19-APR-2021,
OPTSTK,HEROMOTOCO,29-Apr-2021,3300,CE,2.6,4.05,2.6,3.45,3.45,154,1526.13,153000,9600,19-APR-2021,
OPTSTK,HEROMOTOCO,29-Apr-2021,3350,CE,3.35,3.35,1.55,1.55,0.5,2,20.11,6600,-600,19-APR-2021,
OPTSTK,HEROMOTOCO,29-Apr-2021,3400,CE,3,3.05,1.85,2.9,2.9,27,275.6,68700,-3300,19-APR-2021,
OPTSTK,HEROMOTOCO,29-Apr-2021,3450,CE,0,0,0,3.85,0.15,0,0,300,0,19-APR-2021,
OPTSTK,HEROMOTOCO,29-Apr-2021,3500,CE,1.5,2.3,1.5,1.65,1.65,50,525.29,72900,-4200,19-APR-2021,
OPTSTK,HEROMOTOCO,29-Apr-2021,3550,CE,0,0,0,258.25,0.05,0,0,0,0,19-APR-2021,
OPTSTK,HEROMOTOCO,29-Apr-2021,3600,CE,1.5,1.75,1.45,1.6,0.05,21,226.89,54900,-600,19-APR-2021,
OPTSTK,HEROMOTOCO,29-Apr-2021,3650,CE,0,0,0,221.4,0.05,0,0,0,0,19-APR-2021,
OPTSTK,HEROMOTOCO,29-Apr-2021,3700,CE,1,1.05,1,1.05,0,3,33.3,4200,-300,19-APR-2021,
OPTSTK,HEROMOTOCO,29-Apr-2021,3750,CE,0,0,0,188.95,0,0,0,0,0,19-APR-2021,
OPTSTK,HEROMOTOCO,29-Apr-2021,3800,CE,0.1,0.1,0.1,0.1,0,1,11.4,300,-300,19-APR-2021,
OPTSTK,HEROMOTOCO,29-Apr-2021,3850,CE,0,0,0,160.55,0,0,0,0,0,19-APR-2021,
OPTSTK,HEROMOTOCO,29-Apr-2021,3900,CE,0,0,0,147.95,0,0,0,0,0,19-APR-2021,
OPTSTK,HEROMOTOCO,29-Apr-2021,3950,CE,0,0,0,136.05,0,0,0,0,0,19-APR-2021,
OPTSTK,HEROMOTOCO,29-Apr-2021,4000,CE,0,0,0,0.15,0,0,0,6000,0,19-APR-2021,
OPTSTK,HEROMOTOCO,29-Apr-2021,4050,CE,0,0,0,114.8,0,0,0,0,0,19-APR-2021,
OPTSTK,HEROMOTOCO,29-Apr-2021,4100,CE,0,0,0,105.15,0,0,0,0,0,19-APR-2021,
OPTSTK,HEROMOTOCO,29-Apr-2021,4150,CE,0,0,0,96.35,0,0,0,0,0,19-APR-2021,
OPTSTK,HEROMOTOCO,29-Apr-2021,4200,CE,0,0,0,0.2,0,0,0,900,0,19-APR-2021,
OPTSTK,HEROMOTOCO,29-Apr-2021,4250,CE,0,0,0,80.65,0,0,0,0,0,19-APR-2021,
OPTSTK,HEROMOTOCO,29-Apr-2021,2150,PE,0,0,0,4.65,0.05,0,0,0,0,19-APR-2021,
OPTSTK,HEROMOTOCO,29-Apr-2021,2200,PE,0,0,0,6.2,0.05,0,0,0,0,19-APR-2021,
OPTSTK,HEROMOTOCO,29-Apr-2021,2250,PE,0,0,0,8.05,0.1,0,0,0,0,19-APR-2021,
OPTSTK,HEROMOTOCO,29-Apr-2021,2300,PE,0,0,0,10.35,0.3,0,0,0,0,19-APR-2021,
OPTSTK,HEROMOTOCO,29-Apr-2021,2350,PE,0,0,0,13.15,0.65,0,0,0,0,19-APR-2021,
OPTSTK,HEROMOTOCO,29-Apr-2021,2400,PE,0.95,1.9,0.95,1.9,1.9,2,14.4,900,0,19-APR-2021,
OPTSTK,HEROMOTOCO,29-Apr-2021,2450,PE,0,0,0,20.55,3.1,0,0,0,0,19-APR-2021,
OPTSTK,HEROMOTOCO,29-Apr-2021,2500,PE,7,9,4.55,5.8,5.8,137,1030.11,38100,2100,19-APR-2021,
OPTSTK,HEROMOTOCO,29-Apr-2021,2550,PE,7.85,9.55,6,8.1,8.1,129,989.84,13200,6600,19-APR-2021,
OPTSTK,HEROMOTOCO,29-Apr-2021,2600,PE,16.95,20,9.3,11.9,11.9,586,4591.67,56700,12000,19-APR-2021,
OPTSTK,HEROMOTOCO,29-Apr-2021,2650,PE,24.95,26,14,18.1,18.1,265,2120.62,19500,3600,19-APR-2021,
OPTSTK,HEROMOTOCO,29-Apr-2021,2700,PE,24,44,21.5,27.4,27.4,763,6242.89,110100,-15900,19-APR-2021,
OPTSTK,HEROMOTOCO,29-Apr-2021,2750,PE,39.25,62.9,33.4,43.15,43.15,397,3324.83,55500,-5400,19-APR-2021,
OPTSTK,HEROMOTOCO,29-Apr-2021,2800,PE,65.3,94.65,51.35,65.85,65.85,615,5285.89,107100,-15300,19-APR-2021,
OPTSTK,HEROMOTOCO,29-Apr-2021,2850,PE,96.65,125,76.55,94.35,94.35,148,1307.45,46500,-11700,19-APR-2021,
OPTSTK,HEROMOTOCO,29-Apr-2021,2900,PE,84.8,167,84.8,134.65,134.65,113,1027.08,111300,-8100,19-APR-2021,
OPTSTK,HEROMOTOCO,29-Apr-2021,2950,PE,207,207,172,172,188.6,3,28.3,39300,-600,19-APR-2021,
OPTSTK,HEROMOTOCO,29-Apr-2021,3000,PE,200.05,239.15,190,218.6,229.55,19,182.93,113100,-1800,19-APR-2021,
OPTSTK,HEROMOTOCO,29-Apr-2021,3050,PE,277,277,257,257,273.1,2,19.9,5400,-600,19-APR-2021,
OPTSTK,HEROMOTOCO,29-Apr-2021,3100,PE,346.5,346.5,297.45,321,318.75,7,71.65,68100,-300,19-APR-2021,
OPTSTK,HEROMOTOCO,29-Apr-2021,3150,PE,0,0,0,370,365.8,0,0,1800,0,19-APR-2021,
OPTSTK,HEROMOTOCO,29-Apr-2021,3200,PE,410,414,405.9,414,413.95,3,32.48,27900,0,19-APR-2021,
OPTSTK,HEROMOTOCO,29-Apr-2021,3250,PE,0,0,0,361.3,462.75,0,0,1800,0,19-APR-2021,
OPTSTK,HEROMOTOCO,29-Apr-2021,3300,PE,0,0,0,390,512.05,0,0,10500,0,19-APR-2021,
OPTSTK,HEROMOTOCO,29-Apr-2021,3350,PE,0,0,0,267.9,561.6,0,0,0,0,19-APR-2021,
OPTSTK,HEROMOTOCO,29-Apr-2021,3400,PE,0,0,0,502.85,611.35,0,0,3900,0,19-APR-2021,
OPTSTK,HEROMOTOCO,29-Apr-2021,3450,PE,0,0,0,320.45,661.15,0,0,0,0,19-APR-2021,
OPTSTK,HEROMOTOCO,29-Apr-2021,3500,PE,0,0,0,739,711.05,0,0,4800,0,19-APR-2021,
OPTSTK,HEROMOTOCO,29-Apr-2021,3550,PE,0,0,0,378,760.95,0,0,0,0,19-APR-2021,
OPTSTK,HEROMOTOCO,29-Apr-2021,3600,PE,0,0,0,408.55,810.9,0,0,0,0,19-APR-2021,
OPTSTK,HEROMOTOCO,29-Apr-2021,3650,PE,0,0,0,440.2,860.85,0,0,0,0,19-APR-2021,
OPTSTK,HEROMOTOCO,29-Apr-2021,3700,PE,0,0,0,473,910.8,0,0,0,0,19-APR-2021,
OPTSTK,HEROMOTOCO,29-Apr-2021,3750,PE,0,0,0,506.85,960.75,0,0,0,0,19-APR-2021,
OPTSTK,HEROMOTOCO,29-Apr-2021,3800,PE,0,0,0,541.7,1010.7,0,0,0,0,19-APR-2021,
OPTSTK,HEROMOTOCO,29-Apr-2021,3850,PE,0,0,0,577.5,1060.65,0,0,0,0,19-APR-2021,
OPTSTK,HEROMOTOCO,29-Apr-2021,3900,PE,0,0,0,614.45,1110.6,0,0,0,0,19-APR-2021,
OPTSTK,HEROMOTOCO,29-Apr-2021,3950,PE,0,0,0,652.1,1160.55,0,0,0,0,19-APR-2021,
OPTSTK,HEROMOTOCO,29-Apr-2021,4000,PE,0,0,0,690.6,1210.5,0,0,0,0,19-APR-2021,
OPTSTK,HEROMOTOCO,29-Apr-2021,4050,PE,0,0,0,729.9,1260.45,0,0,0,0,19-APR-2021,
OPTSTK,HEROMOTOCO,29-Apr-2021,4100,PE,0,0,0,769.8,1310.4,0,0,0,0,19-APR-2021,
OPTSTK,HEROMOTOCO,29-Apr-2021,4150,PE,0,0,0,810.5,1360.35,0,0,0,0,19-APR-2021,
OPTSTK,HEROMOTOCO,29-Apr-2021,4200,PE,0,0,0,851.9,1410.3,0,0,0,0,19-APR-2021,
OPTSTK,HEROMOTOCO,29-Apr-2021,4250,PE,0,0,0,893.9,1460.25,0,0,0,0,19-APR-2021,
OPTSTK,HEROMOTOCO,27-May-2021,2150,CE,0,0,0,1308,648.6,0,0,0,0,19-APR-2021,
OPTSTK,HEROMOTOCO,27-May-2021,2200,CE,0,0,0,1259.7,601.15,0,0,0,0,19-APR-2021,
OPTSTK,HEROMOTOCO,27-May-2021,2250,CE,0,0,0,1211.7,554.6,0,0,0,0,19-APR-2021,
OPTSTK,HEROMOTOCO,27-May-2021,2300,CE,0,0,0,1164.1,509.1,0,0,0,0,19-APR-2021,
OPTSTK,HEROMOTOCO,27-May-2021,2350,CE,0,0,0,1116.95,464.95,0,0,0,0,19-APR-2021,
OPTSTK,HEROMOTOCO,27-May-2021,2400,CE,0,0,0,1070.25,422.3,0,0,0,0,19-APR-2021,
OPTSTK,HEROMOTOCO,27-May-2021,2450,CE,0,0,0,1024.2,381.4,0,0,0,0,19-APR-2021,
OPTSTK,HEROMOTOCO,27-May-2021,2500,CE,0,0,0,978.75,342.5,0,0,0,0,19-APR-2021,
OPTSTK,HEROMOTOCO,27-May-2021,2550,CE,0,0,0,934,305.8,0,0,0,0,19-APR-2021,
OPTSTK,HEROMOTOCO,27-May-2021,2600,CE,0,0,0,890.05,271.2,0,0,0,0,19-APR-2021,
OPTSTK,HEROMOTOCO,27-May-2021,2650,CE,0,0,0,846.95,239.1,0,0,0,0,19-APR-2021,
OPTSTK,HEROMOTOCO,27-May-2021,2700,CE,0,0,0,804.75,209.55,0,0,0,0,19-APR-2021,
OPTSTK,HEROMOTOCO,27-May-2021,2750,CE,0,0,0,763.55,182.5,0,0,0,0,19-APR-2021,
OPTSTK,HEROMOTOCO,27-May-2021,2800,CE,130,130,114.95,119.9,119.9,25,218.98,7200,6000,19-APR-2021,
OPTSTK,HEROMOTOCO,27-May-2021,2850,CE,0,0,0,684.35,135.85,0,0,0,0,19-APR-2021,
OPTSTK,HEROMOTOCO,27-May-2021,2900,CE,100.7,100.7,71.55,71.55,71.55,5,44.8,2700,600,19-APR-2021,
OPTSTK,HEROMOTOCO,27-May-2021,2950,CE,69,69,62.65,69,98.7,16,144.82,600,600,19-APR-2021,
OPTSTK,HEROMOTOCO,27-May-2021,3000,CE,60,61.7,45,51.95,51.95,134,1227.44,36900,16500,19-APR-2021,
OPTSTK,HEROMOTOCO,27-May-2021,3050,CE,45,45,45,45,70.15,1,9.28,300,300,19-APR-2021,
OPTSTK,HEROMOTOCO,27-May-2021,3100,CE,43,43,28,28,58.65,2,18.81,2100,600,19-APR-2021,
OPTSTK,HEROMOTOCO,27-May-2021,3150,CE,0,0,0,475.5,48.6,0,0,0,0,19-APR-2021,
OPTSTK,HEROMOTOCO,27-May-2021,3200,CE,23.35,30,17.75,22.25,22.25,74,715.21,21300,12000,19-APR-2021,
OPTSTK,HEROMOTOCO,27-May-2021,3250,CE,0,0,0,416.4,33,0,0,0,0,19-APR-2021,
OPTSTK,HEROMOTOCO,27-May-2021,3300,CE,0,0,0,50,26.95,0,0,300,0,19-APR-2021,
OPTSTK,HEROMOTOCO,27-May-2021,3350,CE,0,0,0,362.6,21.95,0,0,0,0,19-APR-2021,
OPTSTK,HEROMOTOCO,27-May-2021,3400,CE,0,0,0,337.7,17.75,0,0,0,0,19-APR-2021,
OPTSTK,HEROMOTOCO,27-May-2021,3450,CE,0,0,0,314.05,14.3,0,0,0,0,19-APR-2021,
OPTSTK,HEROMOTOCO,27-May-2021,3500,CE,7.95,7.95,7.95,7.95,7.95,3,31.57,1200,900,19-APR-2021,
OPTSTK,HEROMOTOCO,27-May-2021,3550,CE,0,0,0,270.6,9.15,0,0,0,0,19-APR-2021,
OPTSTK,HEROMOTOCO,27-May-2021,3600,CE,0,0,0,250.7,7.25,0,0,0,0,19-APR-2021,
OPTSTK,HEROMOTOCO,27-May-2021,3650,CE,0,0,0,232,5.75,0,0,0,0,19-APR-2021,
OPTSTK,HEROMOTOCO,27-May-2021,3700,CE,0,0,0,214.45,4.5,0,0,0,0,19-APR-2021,
OPTSTK,HEROMOTOCO,27-May-2021,3750,CE,0,0,0,197.95,3.55,0,0,0,0,19-APR-2021,
OPTSTK,HEROMOTOCO,27-May-2021,3800,CE,0,0,0,182.55,2.8,0,0,0,0,19-APR-2021,
OPTSTK,HEROMOTOCO,27-May-2021,3850,CE,0,0,0,168.15,2.15,0,0,0,0,19-APR-2021,
OPTSTK,HEROMOTOCO,27-May-2021,3900,CE,0,0,0,154.7,1.7,0,0,0,0,19-APR-2021,
OPTSTK,HEROMOTOCO,27-May-2021,3950,CE,0,0,0,142.35,1.3,0,0,0,0,19-APR-2021,
OPTSTK,HEROMOTOCO,27-May-2021,4000,CE,0,0,0,130.75,1,0,0,0,0,19-APR-2021,
OPTSTK,HEROMOTOCO,27-May-2021,4050,CE,0,0,0,119.95,0.8,0,0,0,0,19-APR-2021,
OPTSTK,HEROMOTOCO,27-May-2021,4100,CE,0,0,0,110,0.6,0,0,0,0,19-APR-2021,
OPTSTK,HEROMOTOCO,27-May-2021,4150,CE,0,0,0,100.6,0.45,0,0,0,0,19-APR-2021,
OPTSTK,HEROMOTOCO,27-May-2021,4200,CE,0,0,0,92,0.35,0,0,0,0,19-APR-2021,
OPTSTK,HEROMOTOCO,27-May-2021,4250,CE,0,0,0,84.1,0.3,0,0,0,0,19-APR-2021,
OPTSTK,HEROMOTOCO,27-May-2021,2150,PE,0,0,0,3.6,4.7,0,0,0,0,19-APR-2021,
OPTSTK,HEROMOTOCO,27-May-2021,2200,PE,0,0,0,4.85,7.05,0,0,0,0,19-APR-2021,
OPTSTK,HEROMOTOCO,27-May-2021,2250,PE,0,0,0,6.4,10.3,0,0,0,0,19-APR-2021,
OPTSTK,HEROMOTOCO,27-May-2021,2300,PE,9.45,9.45,9.45,9.45,14.6,1,6.92,300,300,19-APR-2021,
OPTSTK,HEROMOTOCO,27-May-2021,2350,PE,0,0,0,10.65,20.25,0,0,0,0,19-APR-2021,
OPTSTK,HEROMOTOCO,27-May-2021,2400,PE,0,0,0,13.55,27.4,0,0,0,0,19-APR-2021,
OPTSTK,HEROMOTOCO,27-May-2021,2450,PE,0,0,0,17,36.3,0,0,0,0,19-APR-2021,
OPTSTK,HEROMOTOCO,27-May-2021,2500,PE,24,28,24,28,47.2,19,143.99,5700,3900,19-APR-2021,
OPTSTK,HEROMOTOCO,27-May-2021,2550,PE,0,0,0,25.85,60.3,0,0,0,0,19-APR-2021,
OPTSTK,HEROMOTOCO,27-May-2021,2600,PE,45.3,51,40.15,47.9,47.9,65,515.82,19500,10500,19-APR-2021,
OPTSTK,HEROMOTOCO,27-May-2021,2650,PE,0,0,0,37.85,93.25,0,0,0,0,19-APR-2021,
OPTSTK,HEROMOTOCO,27-May-2021,2700,PE,80,83.25,70.95,80.7,80.7,122,1016.58,60600,1500,19-APR-2021,
OPTSTK,HEROMOTOCO,27-May-2021,2750,PE,0,0,0,53.55,136.25,0,0,0,0,19-APR-2021,
OPTSTK,HEROMOTOCO,27-May-2021,2800,PE,132.5,132.5,105,130.2,130.2,22,192.83,22800,1800,19-APR-2021,
OPTSTK,HEROMOTOCO,27-May-2021,2850,PE,0,0,0,73.4,189.2,0,0,0,0,19-APR-2021,
OPTSTK,HEROMOTOCO,27-May-2021,2900,PE,0,0,0,130.5,219.3,0,0,8100,0,19-APR-2021,
OPTSTK,HEROMOTOCO,27-May-2021,2950,PE,0,0,0,97.95,251.65,0,0,0,0,19-APR-2021,
OPTSTK,HEROMOTOCO,27-May-2021,3000,PE,0,0,0,112,286.15,0,0,0,0,19-APR-2021,
OPTSTK,HEROMOTOCO,27-May-2021,3050,PE,0,0,0,127.35,322.7,0,0,0,0,19-APR-2021,
OPTSTK,HEROMOTOCO,27-May-2021,3100,PE,324,324,324,324,361,1,10.27,1200,300,19-APR-2021,
OPTSTK,HEROMOTOCO,27-May-2021,3150,PE,0,0,0,161.8,400.8,0,0,0,0,19-APR-2021,
OPTSTK,HEROMOTOCO,27-May-2021,3200,PE,0,0,0,181.1,442.15,0,0,0,0,19-APR-2021,
OPTSTK,HEROMOTOCO,27-May-2021,3250,PE,0,0,0,201.75,484.8,0,0,0,0,19-APR-2021,
OPTSTK,HEROMOTOCO,27-May-2021,3300,PE,0,0,0,223.75,528.55,0,0,0,0,19-APR-2021,
OPTSTK,HEROMOTOCO,27-May-2021,3350,PE,0,0,0,247.05,573.3,0,0,0,0,19-APR-2021,
OPTSTK,HEROMOTOCO,27-May-2021,3400,PE,0,0,0,271.65,618.95,0,0,0,0,19-APR-2021,
OPTSTK,HEROMOTOCO,27-May-2021,3450,PE,0,0,0,297.55,665.3,0,0,0,0,19-APR-2021,
OPTSTK,HEROMOTOCO,27-May-2021,3500,PE,0,0,0,324.75,712.25,0,0,0,0,19-APR-2021,
OPTSTK,HEROMOTOCO,27-May-2021,3550,PE,0,0,0,353.2,759.75,0,0,0,0,19-APR-2021,
OPTSTK,HEROMOTOCO,27-May-2021,3600,PE,0,0,0,382.8,807.7,0,0,0,0,19-APR-2021,
OPTSTK,HEROMOTOCO,27-May-2021,3650,PE,0,0,0,413.65,855.95,0,0,0,0,19-APR-2021,
OPTSTK,HEROMOTOCO,27-May-2021,3700,PE,0,0,0,445.6,904.55,0,0,0,0,19-APR-2021,
OPTSTK,HEROMOTOCO,27-May-2021,3750,PE,0,0,0,478.65,953.4,0,0,0,0,19-APR-2021,
OPTSTK,HEROMOTOCO,27-May-2021,3800,PE,0,0,0,512.75,1002.4,0,0,0,0,19-APR-2021,
OPTSTK,HEROMOTOCO,27-May-2021,3850,PE,0,0,0,547.9,1051.6,0,0,0,0,19-APR-2021,
OPTSTK,HEROMOTOCO,27-May-2021,3900,PE,0,0,0,584,1100.95,0,0,0,0,19-APR-2021,
OPTSTK,HEROMOTOCO,27-May-2021,3950,PE,0,0,0,621.2,1150.35,0,0,0,0,19-APR-2021,
OPTSTK,HEROMOTOCO,27-May-2021,4000,PE,0,0,0,659.1,1199.9,0,0,0,0,19-APR-2021,
OPTSTK,HEROMOTOCO,27-May-2021,4050,PE,0,0,0,697.9,1249.45,0,0,0,0,19-APR-2021,
OPTSTK,HEROMOTOCO,27-May-2021,4100,PE,0,0,0,737.45,1299.1,0,0,0,0,19-APR-2021,
OPTSTK,HEROMOTOCO,27-May-2021,4150,PE,0,0,0,777.55,1348.75,0,0,0,0,19-APR-2021,
OPTSTK,HEROMOTOCO,27-May-2021,4200,PE,0,0,0,818.5,1398.45,0,0,0,0,19-APR-2021,
OPTSTK,HEROMOTOCO,27-May-2021,4250,PE,0,0,0,860.15,1448.15,0,0,0,0,19-APR-2021,
OPTSTK,HEROMOTOCO,24-Jun-2021,2150,CE,0,0,0,830.35,666.95,0,0,0,0,19-APR-2021,
OPTSTK,HEROMOTOCO,24-Jun-2021,2200,CE,0,0,0,785.8,622.6,0,0,0,0,19-APR-2021,
OPTSTK,HEROMOTOCO,24-Jun-2021,2250,CE,0,0,0,742.2,579.4,0,0,0,0,19-APR-2021,
OPTSTK,HEROMOTOCO,24-Jun-2021,2300,CE,0,0,0,699.65,537.5,0,0,0,0,19-APR-2021,
OPTSTK,HEROMOTOCO,24-Jun-2021,2350,CE,0,0,0,658.2,497.05,0,0,0,0,19-APR-2021,
OPTSTK,HEROMOTOCO,24-Jun-2021,2400,CE,0,0,0,618,458.15,0,0,0,0,19-APR-2021,
OPTSTK,HEROMOTOCO,24-Jun-2021,2450,CE,0,0,0,579.05,421.05,0,0,0,0,19-APR-2021,
OPTSTK,HEROMOTOCO,24-Jun-2021,2500,CE,0,0,0,541.6,385.55,0,0,0,0,19-APR-2021,
OPTSTK,HEROMOTOCO,24-Jun-2021,2550,CE,0,0,0,505.4,351.8,0,0,0,0,19-APR-2021,
OPTSTK,HEROMOTOCO,24-Jun-2021,2600,CE,0,0,0,470.7,320.05,0,0,0,0,19-APR-2021,
OPTSTK,HEROMOTOCO,24-Jun-2021,2650,CE,0,0,0,437.35,290.2,0,0,0,0,19-APR-2021,
OPTSTK,HEROMOTOCO,24-Jun-2021,2700,CE,0,0,0,405.75,262.35,0,0,0,0,19-APR-2021,
OPTSTK,HEROMOTOCO,24-Jun-2021,2750,CE,0,0,0,375.65,236.35,0,0,0,0,19-APR-2021,
OPTSTK,HEROMOTOCO,24-Jun-2021,2800,CE,0,0,0,347.15,212.3,0,0,0,0,19-APR-2021,
OPTSTK,HEROMOTOCO,24-Jun-2021,2850,CE,0,0,0,320.2,190.1,0,0,0,0,19-APR-2021,
OPTSTK,HEROMOTOCO,24-Jun-2021,2900,CE,0,0,0,294.8,169.7,0,0,0,0,19-APR-2021,
OPTSTK,HEROMOTOCO,24-Jun-2021,2950,CE,0,0,0,270.9,151.05,0,0,0,0,19-APR-2021,
OPTSTK,HEROMOTOCO,24-Jun-2021,3000,CE,0,0,0,248.5,134.05,0,0,0,0,19-APR-2021,
OPTSTK,HEROMOTOCO,24-Jun-2021,3050,CE,0,0,0,227.6,118.6,0,0,0,0,19-APR-2021,
OPTSTK,HEROMOTOCO,24-Jun-2021,3100,CE,0,0,0,208.05,104.65,0,0,0,0,19-APR-2021,
OPTSTK,HEROMOTOCO,24-Jun-2021,3150,CE,0,0,0,189.85,92.25,0,0,0,0,19-APR-2021,
OPTSTK,HEROMOTOCO,24-Jun-2021,3200,CE,0,0,0,173,81.05,0,0,0,0,19-APR-2021,
OPTSTK,HEROMOTOCO,24-Jun-2021,3250,CE,0,0,0,157.4,70.9,0,0,0,0,19-APR-2021,
OPTSTK,HEROMOTOCO,24-Jun-2021,3300,CE,0,0,0,142.95,61.95,0,0,0,0,19-APR-2021,
OPTSTK,HEROMOTOCO,24-Jun-2021,3350,CE,0,0,0,129.65,53.95,0,0,0,0,19-APR-2021,
OPTSTK,HEROMOTOCO,24-Jun-2021,3400,CE,0,0,0,117.6,46.9,0,0,0,0,19-APR-2021,
OPTSTK,HEROMOTOCO,24-Jun-2021,3450,CE,0,0,0,106.4,40.7,0,0,0,0,19-APR-2021,
OPTSTK,HEROMOTOCO,24-Jun-2021,3500,CE,0,0,0,96.15,35.25,0,0,0,0,19-APR-2021,
OPTSTK,HEROMOTOCO,24-Jun-2021,3550,CE,0,0,0,86.65,30.45,0,0,0,0,19-APR-2021,
OPTSTK,HEROMOTOCO,24-Jun-2021,3600,CE,0,0,0,78.05,26.2,0,0,0,0,19-APR-2021,
OPTSTK,HEROMOTOCO,24-Jun-2021,3650,CE,0,0,0,70.25,22.55,0,0,0,0,19-APR-2021,
OPTSTK,HEROMOTOCO,24-Jun-2021,3700,CE,0,0,0,63.15,19.35,0,0,0,0,19-APR-2021,
OPTSTK,HEROMOTOCO,24-Jun-2021,3750,CE,0,0,0,56.7,16.6,0,0,0,0,19-APR-2021,
OPTSTK,HEROMOTOCO,24-Jun-2021,3800,CE,0,0,0,50.85,14.2,0,0,0,0,19-APR-2021,
OPTSTK,HEROMOTOCO,24-Jun-2021,3850,CE,0,0,0,45.55,12.1,0,0,0,0,19-APR-2021,
OPTSTK,HEROMOTOCO,24-Jun-2021,3900,CE,0,0,0,40.75,10.35,0,0,0,0,19-APR-2021,
OPTSTK,HEROMOTOCO,24-Jun-2021,3950,CE,0,0,0,36.4,8.8,0,0,0,0,19-APR-2021,
OPTSTK,HEROMOTOCO,24-Jun-2021,4000,CE,0,0,0,32.5,7.5,0,0,0,0,19-APR-2021,
OPTSTK,HEROMOTOCO,24-Jun-2021,4050,CE,0,0,0,29,6.35,0,0,0,0,19-APR-2021,
OPTSTK,HEROMOTOCO,24-Jun-2021,4100,CE,0,0,0,25.85,5.4,0,0,0,0,19-APR-2021,
OPTSTK,HEROMOTOCO,24-Jun-2021,4150,CE,0,0,0,23.05,4.55,0,0,0,0,19-APR-2021,
OPTSTK,HEROMOTOCO,24-Jun-2021,4200,CE,0,0,0,20.5,3.85,0,0,0,0,19-APR-2021,
OPTSTK,HEROMOTOCO,24-Jun-2021,4250,CE,0,0,0,18.2,3.25,0,0,0,0,19-APR-2021,
OPTSTK,HEROMOTOCO,24-Jun-2021,2150,PE,0,0,0,18.7,16.85,0,0,0,0,19-APR-2021,
OPTSTK,HEROMOTOCO,24-Jun-2021,2200,PE,0,0,0,23.7,22.15,0,0,0,0,19-APR-2021,
OPTSTK,HEROMOTOCO,24-Jun-2021,2250,PE,0,0,0,29.65,28.65,0,0,0,0,19-APR-2021,
OPTSTK,HEROMOTOCO,24-Jun-2021,2300,PE,0,0,0,36.6,36.4,0,0,0,0,19-APR-2021,
OPTSTK,HEROMOTOCO,24-Jun-2021,2350,PE,0,0,0,44.7,45.6,0,0,0,0,19-APR-2021,
OPTSTK,HEROMOTOCO,24-Jun-2021,2400,PE,0,0,0,54,56.4,0,0,0,0,19-APR-2021,
OPTSTK,HEROMOTOCO,24-Jun-2021,2450,PE,0,0,0,64.6,68.9,0,0,0,0,19-APR-2021,
OPTSTK,HEROMOTOCO,24-Jun-2021,2500,PE,0,0,0,76.65,83.1,0,0,0,0,19-APR-2021,
OPTSTK,HEROMOTOCO,24-Jun-2021,2550,PE,0,0,0,90,99,0,0,0,0,19-APR-2021,
OPTSTK,HEROMOTOCO,24-Jun-2021,2600,PE,0,0,0,104.85,116.9,0,0,0,0,19-APR-2021,
OPTSTK,HEROMOTOCO,24-Jun-2021,2650,PE,0,0,0,121.05,136.75,0,0,0,0,19-APR-2021,
OPTSTK,HEROMOTOCO,24-Jun-2021,2700,PE,0,0,0,138.95,158.55,0,0,0,0,19-APR-2021,
OPTSTK,HEROMOTOCO,24-Jun-2021,2750,PE,0,0,0,158.45,182.25,0,0,0,0,19-APR-2021,
OPTSTK,HEROMOTOCO,24-Jun-2021,2800,PE,160,160,151,151,151,2,17.73,900,600,19-APR-2021,
OPTSTK,HEROMOTOCO,24-Jun-2021,2850,PE,0,0,0,202.05,235.3,0,0,0,0,19-APR-2021,
OPTSTK,HEROMOTOCO,24-Jun-2021,2900,PE,0,0,0,221.05,264.55,0,0,0,0,19-APR-2021,
OPTSTK,HEROMOTOCO,24-Jun-2021,2950,PE,0,0,0,251.8,295.55,0,0,0,0,19-APR-2021,
OPTSTK,HEROMOTOCO,24-Jun-2021,3000,PE,0,0,0,278.95,328.2,0,0,0,0,19-APR-2021,
OPTSTK,HEROMOTOCO,24-Jun-2021,3050,PE,0,0,0,307.55,362.45,0,0,0,0,19-APR-2021,
OPTSTK,HEROMOTOCO,24-Jun-2021,3100,PE,0,0,0,337.55,398.15,0,0,0,0,19-APR-2021,
OPTSTK,HEROMOTOCO,24-Jun-2021,3150,PE,0,0,0,368.9,435.4,0,0,0,0,19-APR-2021,
OPTSTK,HEROMOTOCO,24-Jun-2021,3200,PE,0,0,0,401.6,473.85,0,0,0,0,19-APR-2021,
OPTSTK,HEROMOTOCO,24-Jun-2021,3250,PE,0,0,0,435.5,513.4,0,0,0,0,19-APR-2021,
OPTSTK,HEROMOTOCO,24-Jun-2021,3300,PE,0,0,0,470.6,554.1,0,0,0,0,19-APR-2021,
OPTSTK,HEROMOTOCO,24-Jun-2021,3350,PE,0,0,0,506.85,595.8,0,0,0,0,19-APR-2021,
OPTSTK,HEROMOTOCO,24-Jun-2021,3400,PE,0,0,0,544.3,638.4,0,0,0,0,19-APR-2021,
OPTSTK,HEROMOTOCO,24-Jun-2021,3450,PE,0,0,0,582.65,681.85,0,0,0,0,19-APR-2021,
OPTSTK,HEROMOTOCO,24-Jun-2021,3500,PE,0,0,0,621.95,726.05,0,0,0,0,19-APR-2021,
OPTSTK,HEROMOTOCO,24-Jun-2021,3550,PE,0,0,0,661.95,770.9,0,0,0,0,19-APR-2021,
OPTSTK,HEROMOTOCO,24-Jun-2021,3600,PE,0,0,0,702.9,816.35,0,0,0,0,19-APR-2021,
OPTSTK,HEROMOTOCO,24-Jun-2021,3650,PE,0,0,0,744.65,862.35,0,0,0,0,19-APR-2021,
OPTSTK,HEROMOTOCO,24-Jun-2021,3700,PE,0,0,0,787.05,908.8,0,0,0,0,19-APR-2021,
OPTSTK,HEROMOTOCO,24-Jun-2021,3750,PE,0,0,0,830.15,955.7,0,0,0,0,19-APR-2021,
OPTSTK,HEROMOTOCO,24-Jun-2021,3800,PE,0,0,0,873.8,1002.95,0,0,0,0,19-APR-2021,
OPTSTK,HEROMOTOCO,24-Jun-2021,3850,PE,0,0,0,918.05,1050.55,0,0,0,0,19-APR-2021,
OPTSTK,HEROMOTOCO,24-Jun-2021,3900,PE,0,0,0,962.8,1098.45,0,0,0,0,19-APR-2021,
OPTSTK,HEROMOTOCO,24-Jun-2021,3950,PE,0,0,0,1008,1146.55,0,0,0,0,19-APR-2021,
OPTSTK,HEROMOTOCO,24-Jun-2021,4000,PE,0,0,0,1053.65,1194.9,0,0,0,0,19-APR-2021,
OPTSTK,HEROMOTOCO,24-Jun-2021,4050,PE,0,0,0,1099.7,1243.4,0,0,0,0,19-APR-2021,
OPTSTK,HEROMOTOCO,24-Jun-2021,4100,PE,0,0,0,1146.05,1292.1,0,0,0,0,19-APR-2021,
OPTSTK,HEROMOTOCO,24-Jun-2021,4150,PE,0,0,0,1192.75,1340.95,0,0,0,0,19-APR-2021,
OPTSTK,HEROMOTOCO,24-Jun-2021,4200,PE,0,0,0,1239.75,1389.9,0,0,0,0,19-APR-2021,
OPTSTK,HEROMOTOCO,24-Jun-2021,4250,PE,0,0,0,1287,1439,0,0,0,0,19-APR-2021,
OPTSTK,HINDALCO,29-Apr-2021,160,CE,0,0,0,73.6,201.6,0,0,0,0,19-APR-2021,
OPTSTK,HINDALCO,29-Apr-2021,165,CE,0,0,0,69.4,196.6,0,0,0,0,19-APR-2021,
OPTSTK,HINDALCO,29-Apr-2021,170,CE,0,0,0,65.35,191.6,0,0,0,0,19-APR-2021,
OPTSTK,HINDALCO,29-Apr-2021,175,CE,0,0,0,61.4,186.6,0,0,0,0,19-APR-2021,
OPTSTK,HINDALCO,29-Apr-2021,180,CE,0,0,0,137,181.6,0,0,8600,0,19-APR-2021,
OPTSTK,HINDALCO,29-Apr-2021,185,CE,0,0,0,53.95,176.6,0,0,0,0,19-APR-2021,
OPTSTK,HINDALCO,29-Apr-2021,190,CE,0,0,0,50.45,171.6,0,0,0,0,19-APR-2021,
OPTSTK,HINDALCO,29-Apr-2021,195,CE,0,0,0,47.1,166.6,0,0,0,0,19-APR-2021,
OPTSTK,HINDALCO,29-Apr-2021,200,CE,0,0,0,43.9,161.6,0,0,0,0,19-APR-2021,
OPTSTK,HINDALCO,29-Apr-2021,205,CE,0,0,0,40.85,156.6,0,0,0,0,19-APR-2021,
OPTSTK,HINDALCO,29-Apr-2021,210,CE,0,0,0,37.95,151.65,0,0,0,0,19-APR-2021,
OPTSTK,HINDALCO,29-Apr-2021,215,CE,0,0,0,35.2,146.65,0,0,0,0,19-APR-2021,
OPTSTK,HINDALCO,29-Apr-2021,220,CE,0,0,0,32.65,141.65,0,0,0,0,19-APR-2021,
OPTSTK,HINDALCO,29-Apr-2021,225,CE,0,0,0,30.2,136.65,0,0,0,0,19-APR-2021,
OPTSTK,HINDALCO,29-Apr-2021,230,CE,0,0,0,27.9,131.65,0,0,0,0,19-APR-2021,
OPTSTK,HINDALCO,29-Apr-2021,235,CE,0,0,0,25.75,126.65,0,0,0,0,19-APR-2021,
OPTSTK,HINDALCO,29-Apr-2021,240,CE,0,0,0,75,121.65,0,0,4300,0,19-APR-2021,
OPTSTK,HINDALCO,29-Apr-2021,245,CE,0,0,0,21.9,116.65,0,0,0,0,19-APR-2021,
OPTSTK,HINDALCO,29-Apr-2021,250,CE,114,114,114,114,111.65,3,46.95,34400,-4300,19-APR-2021,
OPTSTK,HINDALCO,29-Apr-2021,255,CE,0,0,0,68.95,106.65,0,0,4300,0,19-APR-2021,
OPTSTK,HINDALCO,29-Apr-2021,260,CE,0,0,0,77.3,101.7,0,0,4300,0,19-APR-2021,
OPTSTK,HINDALCO,29-Apr-2021,265,CE,0,0,0,15.6,96.7,0,0,0,0,19-APR-2021,
OPTSTK,HINDALCO,29-Apr-2021,270,CE,0,0,0,61,91.7,0,0,4300,0,19-APR-2021,
OPTSTK,HINDALCO,29-Apr-2021,275,CE,0,0,0,13.1,86.7,0,0,0,0,19-APR-2021,
OPTSTK,HINDALCO,29-Apr-2021,280,CE,0,0,0,39,81.75,0,0,4300,0,19-APR-2021,
OPTSTK,HINDALCO,29-Apr-2021,285,CE,0,0,0,10.95,76.8,0,0,0,0,19-APR-2021,
OPTSTK,HINDALCO,29-Apr-2021,290,CE,0,0,0,33.9,71.85,0,0,38700,0,19-APR-2021,
OPTSTK,HINDALCO,29-Apr-2021,295,CE,0,0,0,9.15,66.95,0,0,0,0,19-APR-2021,
OPTSTK,HINDALCO,29-Apr-2021,300,CE,0,0,0,68.45,62.1,0,0,73100,0,19-APR-2021,
OPTSTK,HINDALCO,29-Apr-2021,305,CE,0,0,0,7.6,57.3,0,0,0,0,19-APR-2021,
OPTSTK,HINDALCO,29-Apr-2021,310,CE,0,0,0,60.45,52.55,0,0,137600,0,19-APR-2021,
OPTSTK,HINDALCO,29-Apr-2021,315,CE,0,0,0,38.4,47.95,0,0,38700,0,19-APR-2021,
OPTSTK,HINDALCO,29-Apr-2021,320,CE,42.05,45,42.05,43.35,43.35,8,124.79,176300,-17200,19-APR-2021,
OPTSTK,HINDALCO,29-Apr-2021,325,CE,36.35,38.55,36,38,38,4,62.27,133300,12900,19-APR-2021,
OPTSTK,HINDALCO,29-Apr-2021,330,CE,31.85,36.8,28.85,33,33,14,218.3,412800,-17200,19-APR-2021,
OPTSTK,HINDALCO,29-Apr-2021,335,CE,27.15,32.4,25.95,32.35,31.05,9,141.34,537500,-17200,19-APR-2021,
OPTSTK,HINDALCO,29-Apr-2021,340,CE,25,28.35,20.2,25.6,27.35,40,627.94,2214500,-12900,19-APR-2021,
OPTSTK,HINDALCO,29-Apr-2021,345,CE,18.35,24.05,18.35,20.55,23.9,7,110.15,184900,-17200,19-APR-2021,
OPTSTK,HINDALCO,29-Apr-2021,350,CE,17,21.85,12.75,17.45,17.45,323,5104.1,2893900,-4300,19-APR-2021,
OPTSTK,HINDALCO,29-Apr-2021,355,CE,12,18,10.4,14.35,14.35,257,4081.17,335400,-25800,19-APR-2021,
OPTSTK,HINDALCO,29-Apr-2021,360,CE,10.75,14.9,8,11.45,11.45,1411,22551.2,1943600,331100,19-APR-2021,
OPTSTK,HINDALCO,29-Apr-2021,365,CE,9.25,12.25,6.35,9.1,9.1,700,11274.34,756800,249400,19-APR-2021,
OPTSTK,HINDALCO,29-Apr-2021,370,CE,7.85,9.7,4.75,7.2,7.2,1677,27220.24,1801700,344000,19-APR-2021,
OPTSTK,HINDALCO,29-Apr-2021,375,CE,6,8.9,3.65,5.65,5.65,578,9462.92,614900,-21500,19-APR-2021,
OPTSTK,HINDALCO,29-Apr-2021,380,CE,4.55,5.95,2.8,4.4,4.4,1497,24752.7,3199200,103200,19-APR-2021,
OPTSTK,HINDALCO,29-Apr-2021,385,CE,3.6,4.6,2.4,3.45,3.45,338,5647.1,262300,-34400,19-APR-2021,
OPTSTK,HINDALCO,29-Apr-2021,390,CE,2.75,3.7,1.9,2.75,2.75,831,14038.18,885800,-124700,19-APR-2021,
OPTSTK,HINDALCO,29-Apr-2021,395,CE,1.65,2.85,1.6,2.2,2.2,128,2186.51,141900,-30100,19-APR-2021,
OPTSTK,HINDALCO,29-Apr-2021,400,CE,2.35,2.35,1.25,1.75,1.75,1539,26590.93,3113200,81700,19-APR-2021,
OPTSTK,HINDALCO,29-Apr-2021,405,CE,1.4,1.8,1.4,1.4,2.4,17,297.2,86000,12900,19-APR-2021,
OPTSTK,HINDALCO,29-Apr-2021,410,CE,0.25,1.45,0.25,1.15,1.15,437,7725.8,976100,103200,19-APR-2021,
OPTSTK,HINDALCO,29-Apr-2021,415,CE,0,0,0,2,1.45,0,0,4300,0,19-APR-2021,
OPTSTK,HINDALCO,29-Apr-2021,420,CE,0.8,1,0.5,0.75,0.75,426,7707.76,2016700,-34400,19-APR-2021,
OPTSTK,HINDALCO,29-Apr-2021,425,CE,0,0,0,9,0.85,0,0,0,0,19-APR-2021,
OPTSTK,HINDALCO,29-Apr-2021,430,CE,1,1,0.45,0.55,0.55,172,3184.29,395600,12900,19-APR-2021,
OPTSTK,HINDALCO,29-Apr-2021,435,CE,0.95,0.95,0.4,0.4,0.4,51,955.03,202100,12900,19-APR-2021,
OPTSTK,HINDALCO,29-Apr-2021,440,CE,0,0,0,10.3,0.35,0,0,0,0,19-APR-2021,
OPTSTK,HINDALCO,29-Apr-2021,160,PE,0,0,0,0.05,0,0,0,68800,0,19-APR-2021,
OPTSTK,HINDALCO,29-Apr-2021,165,PE,0,0,0,3.85,0,0,0,0,0,19-APR-2021,
OPTSTK,HINDALCO,29-Apr-2021,170,PE,0,0,0,4.7,0,0,0,0,0,19-APR-2021,
OPTSTK,HINDALCO,29-Apr-2021,175,PE,0,0,0,5.75,0,0,0,0,0,19-APR-2021,
OPTSTK,HINDALCO,29-Apr-2021,180,PE,0,0,0,6.9,0,0,0,0,0,19-APR-2021,
OPTSTK,HINDALCO,29-Apr-2021,185,PE,0,0,0,8.2,0,0,0,0,0,19-APR-2021,
OPTSTK,HINDALCO,29-Apr-2021,190,PE,0,0,0,9.65,0,0,0,0,0,19-APR-2021,
OPTSTK,HINDALCO,29-Apr-2021,195,PE,0,0,0,11.25,0,0,0,0,0,19-APR-2021,
OPTSTK,HINDALCO,29-Apr-2021,200,PE,0,0,0,0.05,0,0,0,17200,0,19-APR-2021,
OPTSTK,HINDALCO,29-Apr-2021,205,PE,0,0,0,0.1,0,0,0,4300,0,19-APR-2021,
OPTSTK,HINDALCO,29-Apr-2021,210,PE,0,0,0,16.95,0,0,0,0,0,19-APR-2021,
OPTSTK,HINDALCO,29-Apr-2021,215,PE,0,0,0,0.1,0,0,0,12900,0,19-APR-2021,
OPTSTK,HINDALCO,29-Apr-2021,220,PE,0,0,0,0.2,0,0,0,30100,0,19-APR-2021,
OPTSTK,HINDALCO,29-Apr-2021,225,PE,0,0,0,0.2,0,0,0,12900,0,19-APR-2021,
OPTSTK,HINDALCO,29-Apr-2021,230,PE,0,0,0,0.2,0,0,0,0,0,19-APR-2021,
OPTSTK,HINDALCO,29-Apr-2021,235,PE,0.2,0.2,0.2,0.2,0,2,20.22,17200,0,19-APR-2021,
OPTSTK,HINDALCO,29-Apr-2021,240,PE,0,0,0,0.1,0,0,0,12900,0,19-APR-2021,
OPTSTK,HINDALCO,29-Apr-2021,245,PE,0,0,0,35.55,0,0,0,0,0,19-APR-2021,
OPTSTK,HINDALCO,29-Apr-2021,250,PE,0.2,0.35,0.2,0.25,0.25,6,64.56,305300,-4300,19-APR-2021,
OPTSTK,HINDALCO,29-Apr-2021,255,PE,0,0,0,42.1,0,0,0,0,0,19-APR-2021,
OPTSTK,HINDALCO,29-Apr-2021,260,PE,0.25,0.25,0.15,0.2,0.2,14,156.62,202100,-12900,19-APR-2021,
OPTSTK,HINDALCO,29-Apr-2021,265,PE,0,0,0,49.1,0.05,0,0,0,0,19-APR-2021,
OPTSTK,HINDALCO,29-Apr-2021,270,PE,0.3,0.3,0.3,0.3,0.05,2,23.24,120400,0,19-APR-2021,
OPTSTK,HINDALCO,29-Apr-2021,275,PE,0,0,0,56.5,0.05,0,0,0,0,19-APR-2021,
OPTSTK,HINDALCO,29-Apr-2021,280,PE,0.45,0.6,0.4,0.4,0.4,10,120.6,498800,17200,19-APR-2021,
OPTSTK,HINDALCO,29-Apr-2021,285,PE,0.45,0.45,0.45,0.45,0.1,3,36.82,90300,0,19-APR-2021,
OPTSTK,HINDALCO,29-Apr-2021,290,PE,0.6,0.8,0.5,0.55,0.55,21,262.45,761100,-21500,19-APR-2021,
OPTSTK,HINDALCO,29-Apr-2021,295,PE,1,1,0.5,0.5,0.5,2,25.43,202100,4300,19-APR-2021,
OPTSTK,HINDALCO,29-Apr-2021,300,PE,0.95,1.1,0.65,0.65,0.65,402,5199.62,5826500,-21500,19-APR-2021,
OPTSTK,HINDALCO,29-Apr-2021,305,PE,0.55,0.55,0.55,0.55,0.6,1,13.13,270900,-4300,19-APR-2021,
OPTSTK,HINDALCO,29-Apr-2021,310,PE,1.15,1.35,0.75,0.9,0.9,122,1631.82,748200,-51600,19-APR-2021,
OPTSTK,HINDALCO,29-Apr-2021,315,PE,1.45,1.45,0.95,0.95,0.95,23,312.71,176300,21500,19-APR-2021,
OPTSTK,HINDALCO,29-Apr-2021,320,PE,1.5,1.9,1.1,1.2,1.2,670,9260.98,1857600,51600,19-APR-2021,
OPTSTK,HINDALCO,29-Apr-2021,325,PE,2.5,2.5,1.45,1.6,1.6,100,1405.21,438600,-38700,19-APR-2021,
OPTSTK,HINDALCO,29-Apr-2021,330,PE,2.65,2.85,1.75,2.05,2.05,1418,20263.61,2967000,-352600,19-APR-2021,
OPTSTK,HINDALCO,29-Apr-2021,335,PE,2.8,3.35,2.45,2.55,2.55,145,2106.73,404200,4300,19-APR-2021,
OPTSTK,HINDALCO,29-Apr-2021,340,PE,3.2,4.75,3.1,3.35,3.35,777,11485.74,1621100,-55900,19-APR-2021,
OPTSTK,HINDALCO,29-Apr-2021,345,PE,5,6,4.05,4.35,4.35,401,6032.45,520300,-60200,19-APR-2021,
OPTSTK,HINDALCO,29-Apr-2021,350,PE,6.65,8,5.25,5.85,5.85,1390,21301.15,1565200,-494500,19-APR-2021,
OPTSTK,HINDALCO,29-Apr-2021,355,PE,10.85,10.95,6.85,7.65,7.65,492,7685.08,227900,-210700,19-APR-2021,
OPTSTK,HINDALCO,29-Apr-2021,360,PE,10.4,13,8.5,9.8,9.8,1308,20838.82,821300,-516000,19-APR-2021,
OPTSTK,HINDALCO,29-Apr-2021,365,PE,13.95,15.95,10.7,12.6,12.6,459,7458.49,236500,-163400,19-APR-2021,
OPTSTK,HINDALCO,29-Apr-2021,370,PE,17,20,13.15,15.6,15.6,460,7641.58,619200,-408500,19-APR-2021,
OPTSTK,HINDALCO,29-Apr-2021,375,PE,21.4,23.5,16.3,19.2,19.2,28,474.86,146200,-64500,19-APR-2021,
OPTSTK,HINDALCO,29-Apr-2021,380,PE,24.25,27,19.9,22.6,25.5,40,694.12,253700,-60200,19-APR-2021,
OPTSTK,HINDALCO,29-Apr-2021,385,PE,27.6,27.6,25.6,25.6,29.15,3,53.07,8600,0,19-APR-2021,
OPTSTK,HINDALCO,29-Apr-2021,390,PE,33.45,33.45,29.5,29.5,33,2,36.24,12900,-8600,19-APR-2021,
OPTSTK,HINDALCO,29-Apr-2021,395,PE,0,0,0,104.1,37.05,0,0,0,0,19-APR-2021,
OPTSTK,HINDALCO,29-Apr-2021,400,PE,44.05,44.05,37.4,39.8,41.25,59,1118.03,270900,227900,19-APR-2021,
OPTSTK,HINDALCO,29-Apr-2021,405,PE,0,0,0,106.35,45.6,0,0,0,0,19-APR-2021,
OPTSTK,HINDALCO,29-Apr-2021,410,PE,0,0,0,104.55,50.1,0,0,0,0,19-APR-2021,
OPTSTK,HINDALCO,29-Apr-2021,415,PE,0,0,0,103.25,54.65,0,0,0,0,19-APR-2021,
OPTSTK,HINDALCO,29-Apr-2021,420,PE,0,0,0,93.85,59.3,0,0,0,0,19-APR-2021,
OPTSTK,HINDALCO,29-Apr-2021,425,PE,0,0,0,98.1,64.05,0,0,0,0,19-APR-2021,
OPTSTK,HINDALCO,29-Apr-2021,430,PE,0,0,0,102.35,68.85,0,0,0,0,19-APR-2021,
OPTSTK,HINDALCO,29-Apr-2021,435,PE,0,0,0,106.7,73.65,0,0,0,0,19-APR-2021,
OPTSTK,HINDALCO,29-Apr-2021,440,PE,0,0,0,96.8,78.55,0,0,0,0,19-APR-2021,
OPTSTK,HINDALCO,27-May-2021,245,CE,0,0,0,102.9,117.8,0,0,0,0,19-APR-2021,
OPTSTK,HINDALCO,27-May-2021,250,CE,0,0,0,108.55,113,0,0,0,0,19-APR-2021,
OPTSTK,HINDALCO,27-May-2021,255,CE,0,0,0,104.45,108.2,0,0,0,0,19-APR-2021,
OPTSTK,HINDALCO,27-May-2021,260,CE,0,0,0,100.4,103.45,0,0,0,0,19-APR-2021,
OPTSTK,HINDALCO,27-May-2021,265,CE,0,0,0,96.45,98.75,0,0,0,0,19-APR-2021,
OPTSTK,HINDALCO,27-May-2021,270,CE,0,0,0,92.55,94.1,0,0,0,0,19-APR-2021,
OPTSTK,HINDALCO,27-May-2021,275,CE,0,0,0,88.8,89.55,0,0,0,0,19-APR-2021,
OPTSTK,HINDALCO,27-May-2021,280,CE,0,0,0,85.1,85.05,0,0,0,0,19-APR-2021,
OPTSTK,HINDALCO,27-May-2021,285,CE,0,0,0,81.5,80.65,0,0,0,0,19-APR-2021,
OPTSTK,HINDALCO,27-May-2021,290,CE,0,0,0,78.05,76.35,0,0,0,0,19-APR-2021,
OPTSTK,HINDALCO,27-May-2021,295,CE,0,0,0,74.65,72.1,0,0,0,0,19-APR-2021,
OPTSTK,HINDALCO,27-May-2021,300,CE,0,0,0,71.35,68,0,0,0,0,19-APR-2021,
OPTSTK,HINDALCO,27-May-2021,305,CE,0,0,0,68.15,64,0,0,0,0,19-APR-2021,
OPTSTK,HINDALCO,27-May-2021,310,CE,0,0,0,65.05,60.15,0,0,0,0,19-APR-2021,
OPTSTK,HINDALCO,27-May-2021,315,CE,0,0,0,62.05,56.4,0,0,0,0,19-APR-2021,
OPTSTK,HINDALCO,27-May-2021,320,CE,0,0,0,59.15,52.8,0,0,0,0,19-APR-2021,
OPTSTK,HINDALCO,27-May-2021,325,CE,0,0,0,56.4,49.35,0,0,0,0,19-APR-2021,
OPTSTK,HINDALCO,27-May-2021,330,CE,0,0,0,45,46,0,0,17200,0,19-APR-2021,
OPTSTK,HINDALCO,27-May-2021,335,CE,0,0,0,51.1,42.8,0,0,0,0,19-APR-2021,
OPTSTK,HINDALCO,27-May-2021,340,CE,0,0,0,48.6,39.75,0,0,0,0,19-APR-2021,
OPTSTK,HINDALCO,27-May-2021,345,CE,0,0,0,46.25,36.9,0,0,0,0,19-APR-2021,
OPTSTK,HINDALCO,27-May-2021,350,CE,25.4,30.5,25.4,30.5,34.15,5,81.55,21500,17200,19-APR-2021,
OPTSTK,HINDALCO,27-May-2021,355,CE,0,0,0,41.7,31.55,0,0,0,0,19-APR-2021,
OPTSTK,HINDALCO,27-May-2021,360,CE,28,28,19.75,24,24,38,626.97,133300,30100,19-APR-2021,
OPTSTK,HINDALCO,27-May-2021,365,CE,0,0,0,37.6,26.8,0,0,0,0,19-APR-2021,
OPTSTK,HINDALCO,27-May-2021,370,CE,0,0,0,35.65,24.6,0,0,0,0,19-APR-2021,
OPTSTK,HINDALCO,27-May-2021,375,CE,0,0,0,33.8,22.6,0,0,0,0,19-APR-2021,
OPTSTK,HINDALCO,27-May-2021,380,CE,15.7,15.7,15.7,15.7,20.7,1,17.01,4300,4300,19-APR-2021,
OPTSTK,HINDALCO,27-May-2021,385,CE,0,0,0,30.3,18.9,0,0,0,0,19-APR-2021,
OPTSTK,HINDALCO,27-May-2021,390,CE,0,0,0,28.7,17.25,0,0,0,0,19-APR-2021,
OPTSTK,HINDALCO,27-May-2021,395,CE,0,0,0,27.15,15.75,0,0,0,0,19-APR-2021,
OPTSTK,HINDALCO,27-May-2021,400,CE,8,10.55,8,10.55,10.55,5,87.88,25800,17200,19-APR-2021,
OPTSTK,HINDALCO,27-May-2021,405,CE,0,0,0,24.3,13.05,0,0,0,0,19-APR-2021,
OPTSTK,HINDALCO,27-May-2021,410,CE,0,0,0,10,11.8,0,0,25800,0,19-APR-2021,
OPTSTK,HINDALCO,27-May-2021,415,CE,0,0,0,21.7,10.7,0,0,0,0,19-APR-2021,
OPTSTK,HINDALCO,27-May-2021,420,CE,0,0,0,10,9.7,0,0,4300,0,19-APR-2021,
OPTSTK,HINDALCO,27-May-2021,425,CE,0,0,0,19.35,8.75,0,0,0,0,19-APR-2021,
OPTSTK,HINDALCO,27-May-2021,430,CE,0,0,0,18.3,7.9,0,0,0,0,19-APR-2021,
OPTSTK,HINDALCO,27-May-2021,435,CE,0,0,0,17.25,7.1,0,0,0,0,19-APR-2021,
OPTSTK,HINDALCO,27-May-2021,440,CE,0,0,0,16.3,6.4,0,0,0,0,19-APR-2021,
OPTSTK,HINDALCO,27-May-2021,245,PE,0,0,0,5.45,0.45,0,0,0,0,19-APR-2021,
OPTSTK,HINDALCO,27-May-2021,250,PE,0,0,0,1.8,0.6,0,0,4300,0,19-APR-2021,
OPTSTK,HINDALCO,27-May-2021,255,PE,0,0,0,6.35,0.8,0,0,0,0,19-APR-2021,
OPTSTK,HINDALCO,27-May-2021,260,PE,0,0,0,7.25,1.05,0,0,0,0,19-APR-2021,
OPTSTK,HINDALCO,27-May-2021,265,PE,0,0,0,8.25,1.3,0,0,0,0,19-APR-2021,
OPTSTK,HINDALCO,27-May-2021,270,PE,0,0,0,9.35,1.65,0,0,0,0,19-APR-2021,
OPTSTK,HINDALCO,27-May-2021,275,PE,0,0,0,10.5,2.05,0,0,0,0,19-APR-2021,
OPTSTK,HINDALCO,27-May-2021,280,PE,0,0,0,11.8,2.55,0,0,0,0,19-APR-2021,
OPTSTK,HINDALCO,27-May-2021,285,PE,0,0,0,13.15,3.15,0,0,0,0,19-APR-2021,
OPTSTK,HINDALCO,27-May-2021,290,PE,0,0,0,14.65,3.8,0,0,0,0,19-APR-2021,
OPTSTK,HINDALCO,27-May-2021,295,PE,0,0,0,16.2,4.55,0,0,0,0,19-APR-2021,
OPTSTK,HINDALCO,27-May-2021,300,PE,2,2,2,2,5.45,1,12.98,55900,-4300,19-APR-2021,
OPTSTK,HINDALCO,27-May-2021,305,PE,0,0,0,19.6,6.45,0,0,0,0,19-APR-2021,
OPTSTK,HINDALCO,27-May-2021,310,PE,0,0,0,21.45,7.55,0,0,0,0,19-APR-2021,
OPTSTK,HINDALCO,27-May-2021,315,PE,0,0,0,23.45,8.8,0,0,0,0,19-APR-2021,
OPTSTK,HINDALCO,27-May-2021,320,PE,0,0,0,25.5,10.15,0,0,0,0,19-APR-2021,
OPTSTK,HINDALCO,27-May-2021,325,PE,0,0,0,27.65,11.65,0,0,0,0,19-APR-2021,
OPTSTK,HINDALCO,27-May-2021,330,PE,0,0,0,5,13.3,0,0,4300,0,19-APR-2021,
OPTSTK,HINDALCO,27-May-2021,335,PE,0,0,0,32.3,15.1,0,0,0,0,19-APR-2021,
OPTSTK,HINDALCO,27-May-2021,340,PE,0,0,0,34.75,17.05,0,0,0,0,19-APR-2021,
OPTSTK,HINDALCO,27-May-2021,345,PE,0,0,0,37.3,19.15,0,0,0,0,19-APR-2021,
OPTSTK,HINDALCO,27-May-2021,350,PE,0,0,0,11,21.35,0,0,8600,0,19-APR-2021,
OPTSTK,HINDALCO,27-May-2021,355,PE,0,0,0,42.7,23.75,0,0,0,0,19-APR-2021,
OPTSTK,HINDALCO,27-May-2021,360,PE,18,18,18,18,26.3,1,16.25,4300,4300,19-APR-2021,
OPTSTK,HINDALCO,27-May-2021,365,PE,0,0,0,48.5,28.95,0,0,0,0,19-APR-2021,
OPTSTK,HINDALCO,27-May-2021,370,PE,0,0,0,51.5,31.75,0,0,0,0,19-APR-2021,
OPTSTK,HINDALCO,27-May-2021,375,PE,0,0,0,54.6,34.7,0,0,0,0,19-APR-2021,
OPTSTK,HINDALCO,27-May-2021,380,PE,0,0,0,57.75,37.8,0,0,0,0,19-APR-2021,
OPTSTK,HINDALCO,27-May-2021,385,PE,0,0,0,61.05,41,0,0,0,0,19-APR-2021,
OPTSTK,HINDALCO,27-May-2021,390,PE,0,0,0,64.35,44.35,0,0,0,0,19-APR-2021,
OPTSTK,HINDALCO,27-May-2021,395,PE,0,0,0,67.8,47.8,0,0,0,0,19-APR-2021,
OPTSTK,HINDALCO,27-May-2021,400,PE,0,0,0,71.25,51.35,0,0,0,0,19-APR-2021,
OPTSTK,HINDALCO,27-May-2021,405,PE,0,0,0,74.8,55.05,0,0,0,0,19-APR-2021,
OPTSTK,HINDALCO,27-May-2021,410,PE,0,0,0,78.45,58.8,0,0,0,0,19-APR-2021,
OPTSTK,HINDALCO,27-May-2021,415,PE,0,0,0,82.15,62.7,0,0,0,0,19-APR-2021,
OPTSTK,HINDALCO,27-May-2021,420,PE,0,0,0,85.9,66.65,0,0,0,0,19-APR-2021,
OPTSTK,HINDALCO,27-May-2021,425,PE,0,0,0,89.7,70.7,0,0,0,0,19-APR-2021,
OPTSTK,HINDALCO,27-May-2021,430,PE,0,0,0,93.6,74.8,0,0,0,0,19-APR-2021,
OPTSTK,HINDALCO,27-May-2021,435,PE,0,0,0,97.5,79,0,0,0,0,19-APR-2021,
OPTSTK,HINDALCO,27-May-2021,440,PE,0,0,0,101.5,83.3,0,0,0,0,19-APR-2021,
OPTSTK,HINDALCO,24-Jun-2021,245,CE,0,0,0,79.95,120,0,0,0,0,19-APR-2021,
OPTSTK,HINDALCO,24-Jun-2021,250,CE,0,0,0,76.2,115.45,0,0,0,0,19-APR-2021,
OPTSTK,HINDALCO,24-Jun-2021,255,CE,0,0,0,72.6,110.95,0,0,0,0,19-APR-2021,
OPTSTK,HINDALCO,24-Jun-2021,260,CE,0,0,0,69.05,106.55,0,0,0,0,19-APR-2021,
OPTSTK,HINDALCO,24-Jun-2021,265,CE,0,0,0,65.65,102.2,0,0,0,0,19-APR-2021,
OPTSTK,HINDALCO,24-Jun-2021,270,CE,0,0,0,62.35,97.9,0,0,0,0,19-APR-2021,
OPTSTK,HINDALCO,24-Jun-2021,275,CE,0,0,0,59.2,93.7,0,0,0,0,19-APR-2021,
OPTSTK,HINDALCO,24-Jun-2021,280,CE,0,0,0,56.1,89.6,0,0,0,0,19-APR-2021,
OPTSTK,HINDALCO,24-Jun-2021,285,CE,0,0,0,53.15,85.6,0,0,0,0,19-APR-2021,
OPTSTK,HINDALCO,24-Jun-2021,290,CE,0,0,0,50.35,81.7,0,0,0,0,19-APR-2021,
OPTSTK,HINDALCO,24-Jun-2021,295,CE,0,0,0,47.6,77.9,0,0,0,0,19-APR-2021,
OPTSTK,HINDALCO,24-Jun-2021,300,CE,0,0,0,45,74.2,0,0,0,0,19-APR-2021,
OPTSTK,HINDALCO,24-Jun-2021,305,CE,0,0,0,42.5,70.55,0,0,0,0,19-APR-2021,
OPTSTK,HINDALCO,24-Jun-2021,310,CE,0,0,0,40.15,67.1,0,0,0,0,19-APR-2021,
OPTSTK,HINDALCO,24-Jun-2021,315,CE,0,0,0,37.85,63.7,0,0,0,0,19-APR-2021,
OPTSTK,HINDALCO,24-Jun-2021,320,CE,0,0,0,35.65,60.4,0,0,0,0,19-APR-2021,
OPTSTK,HINDALCO,24-Jun-2021,325,CE,0,0,0,33.6,57.25,0,0,0,0,19-APR-2021,
OPTSTK,HINDALCO,24-Jun-2021,330,CE,0,0,0,31.65,54.2,0,0,0,0,19-APR-2021,
OPTSTK,HINDALCO,24-Jun-2021,335,CE,0,0,0,29.75,51.25,0,0,0,0,19-APR-2021,
OPTSTK,HINDALCO,24-Jun-2021,340,CE,0,0,0,28,48.45,0,0,0,0,19-APR-2021,
OPTSTK,HINDALCO,24-Jun-2021,345,CE,0,0,0,26.3,45.75,0,0,0,0,19-APR-2021,
OPTSTK,HINDALCO,24-Jun-2021,350,CE,0,0,0,24.7,43.15,0,0,0,0,19-APR-2021,
OPTSTK,HINDALCO,24-Jun-2021,355,CE,0,0,0,23.15,40.7,0,0,0,0,19-APR-2021,
OPTSTK,HINDALCO,24-Jun-2021,360,CE,0,0,0,31,38.3,0,0,4300,0,19-APR-2021,
OPTSTK,HINDALCO,24-Jun-2021,365,CE,0,0,0,20.4,36.05,0,0,0,0,19-APR-2021,
OPTSTK,HINDALCO,24-Jun-2021,370,CE,0,0,0,19.1,33.9,0,0,0,0,19-APR-2021,
OPTSTK,HINDALCO,24-Jun-2021,375,CE,0,0,0,17.9,31.85,0,0,0,0,19-APR-2021,
OPTSTK,HINDALCO,24-Jun-2021,380,CE,0,0,0,16.75,29.9,0,0,0,0,19-APR-2021,
OPTSTK,HINDALCO,24-Jun-2021,385,CE,0,0,0,15.7,28.05,0,0,0,0,19-APR-2021,
OPTSTK,HINDALCO,24-Jun-2021,390,CE,0,0,0,14.7,26.3,0,0,0,0,19-APR-2021,
OPTSTK,HINDALCO,24-Jun-2021,395,CE,0,0,0,13.75,24.6,0,0,0,0,19-APR-2021,
OPTSTK,HINDALCO,24-Jun-2021,400,CE,0,0,0,12.85,23.05,0,0,0,0,19-APR-2021,
OPTSTK,HINDALCO,24-Jun-2021,405,CE,0,0,0,12,21.55,0,0,0,0,19-APR-2021,
OPTSTK,HINDALCO,24-Jun-2021,410,CE,0,0,0,11.2,20.15,0,0,0,0,19-APR-2021,
OPTSTK,HINDALCO,24-Jun-2021,415,CE,0,0,0,10.45,18.8,0,0,0,0,19-APR-2021,
OPTSTK,HINDALCO,24-Jun-2021,420,CE,0,0,0,9.75,17.6,0,0,0,0,19-APR-2021,
OPTSTK,HINDALCO,24-Jun-2021,425,CE,0,0,0,9.1,16.4,0,0,0,0,19-APR-2021,
OPTSTK,HINDALCO,24-Jun-2021,430,CE,0,0,0,8.5,15.3,0,0,0,0,19-APR-2021,
OPTSTK,HINDALCO,24-Jun-2021,435,CE,0,0,0,7.95,14.25,0,0,0,0,19-APR-2021,
OPTSTK,HINDALCO,24-Jun-2021,440,CE,0,0,0,7.4,13.3,0,0,0,0,19-APR-2021,
OPTSTK,HINDALCO,24-Jun-2021,245,PE,0,0,0,8.65,1.95,0,0,0,0,19-APR-2021,
OPTSTK,HINDALCO,24-Jun-2021,250,PE,0,0,0,9.9,2.35,0,0,0,0,19-APR-2021,
OPTSTK,HINDALCO,24-Jun-2021,255,PE,0,0,0,11.2,2.85,0,0,0,0,19-APR-2021,
OPTSTK,HINDALCO,24-Jun-2021,260,PE,0,0,0,12.65,3.4,0,0,0,0,19-APR-2021,
OPTSTK,HINDALCO,24-Jun-2021,265,PE,0,0,0,14.2,4,0,0,0,0,19-APR-2021,
OPTSTK,HINDALCO,24-Jun-2021,270,PE,0,0,0,15.85,4.7,0,0,0,0,19-APR-2021,
OPTSTK,HINDALCO,24-Jun-2021,275,PE,0,0,0,17.6,5.45,0,0,0,0,19-APR-2021,
OPTSTK,HINDALCO,24-Jun-2021,280,PE,0,0,0,19.5,6.35,0,0,0,0,19-APR-2021,
OPTSTK,HINDALCO,24-Jun-2021,285,PE,0,0,0,21.5,7.3,0,0,0,0,19-APR-2021,
OPTSTK,HINDALCO,24-Jun-2021,290,PE,0,0,0,23.65,8.35,0,0,0,0,19-APR-2021,
OPTSTK,HINDALCO,24-Jun-2021,295,PE,0,0,0,25.85,9.5,0,0,0,0,19-APR-2021,
OPTSTK,HINDALCO,24-Jun-2021,300,PE,0,0,0,28.2,10.75,0,0,0,0,19-APR-2021,
OPTSTK,HINDALCO,24-Jun-2021,305,PE,0,0,0,30.65,12.1,0,0,0,0,19-APR-2021,
OPTSTK,HINDALCO,24-Jun-2021,310,PE,0,0,0,33.25,13.6,0,0,0,0,19-APR-2021,
OPTSTK,HINDALCO,24-Jun-2021,315,PE,0,0,0,35.9,15.15,0,0,0,0,19-APR-2021,
OPTSTK,HINDALCO,24-Jun-2021,320,PE,0,0,0,38.7,16.85,0,0,0,0,19-APR-2021,
OPTSTK,HINDALCO,24-Jun-2021,325,PE,0,0,0,41.6,18.65,0,0,0,0,19-APR-2021,
OPTSTK,HINDALCO,24-Jun-2021,330,PE,0,0,0,44.55,20.55,0,0,0,0,19-APR-2021,
OPTSTK,HINDALCO,24-Jun-2021,335,PE,0,0,0,47.65,22.6,0,0,0,0,19-APR-2021,
OPTSTK,HINDALCO,24-Jun-2021,340,PE,0,0,0,50.8,24.75,0,0,0,0,19-APR-2021,
OPTSTK,HINDALCO,24-Jun-2021,345,PE,0,0,0,54.1,27,0,0,0,0,19-APR-2021,
OPTSTK,HINDALCO,24-Jun-2021,350,PE,0,0,0,57.45,29.4,0,0,0,0,19-APR-2021,
OPTSTK,HINDALCO,24-Jun-2021,355,PE,0,0,0,60.85,31.9,0,0,0,0,19-APR-2021,
OPTSTK,HINDALCO,24-Jun-2021,360,PE,0,0,0,64.4,34.45,0,0,0,0,19-APR-2021,
OPTSTK,HINDALCO,24-Jun-2021,365,PE,0,0,0,68,37.2,0,0,0,0,19-APR-2021,
OPTSTK,HINDALCO,24-Jun-2021,370,PE,0,0,0,71.65,40,0,0,0,0,19-APR-2021,
OPTSTK,HINDALCO,24-Jun-2021,375,PE,0,0,0,75.4,42.9,0,0,0,0,19-APR-2021,
OPTSTK,HINDALCO,24-Jun-2021,380,PE,0,0,0,79.25,45.9,0,0,0,0,19-APR-2021,
OPTSTK,HINDALCO,24-Jun-2021,385,PE,0,0,0,83.1,49.05,0,0,0,0,19-APR-2021,
OPTSTK,HINDALCO,24-Jun-2021,390,PE,0,0,0,87.05,52.25,0,0,0,0,19-APR-2021,
OPTSTK,HINDALCO,24-Jun-2021,395,PE,0,0,0,91.05,55.55,0,0,0,0,19-APR-2021,
OPTSTK,HINDALCO,24-Jun-2021,400,PE,0,0,0,95.15,58.95,0,0,0,0,19-APR-2021,
OPTSTK,HINDALCO,24-Jun-2021,405,PE,0,0,0,99.25,62.4,0,0,0,0,19-APR-2021,
OPTSTK,HINDALCO,24-Jun-2021,410,PE,0,0,0,103.4,65.95,0,0,0,0,19-APR-2021,
OPTSTK,HINDALCO,24-Jun-2021,415,PE,0,0,0,107.6,69.6,0,0,0,0,19-APR-2021,
OPTSTK,HINDALCO,24-Jun-2021,420,PE,0,0,0,111.85,73.35,0,0,0,0,19-APR-2021,
OPTSTK,HINDALCO,24-Jun-2021,425,PE,0,0,0,116.15,77.15,0,0,0,0,19-APR-2021,
OPTSTK,HINDALCO,24-Jun-2021,430,PE,0,0,0,120.5,81,0,0,0,0,19-APR-2021,
OPTSTK,HINDALCO,24-Jun-2021,435,PE,0,0,0,124.9,84.9,0,0,0,0,19-APR-2021,
OPTSTK,HINDALCO,24-Jun-2021,440,PE,0,0,0,129.3,88.9,0,0,0,0,19-APR-2021,
OPTSTK,HINDPETRO,29-Apr-2021,135,CE,0,0,0,88.3,96.55,0,0,0,0,19-APR-2021,
OPTSTK,HINDPETRO,29-Apr-2021,140,CE,0,0,0,83.6,91.55,0,0,0,0,19-APR-2021,
OPTSTK,HINDPETRO,29-Apr-2021,145,CE,0,0,0,78.95,86.55,0,0,0,0,19-APR-2021,
OPTSTK,HINDPETRO,29-Apr-2021,150,CE,0,0,0,74.4,81.55,0,0,0,0,19-APR-2021,
OPTSTK,HINDPETRO,29-Apr-2021,155,CE,0,0,0,69.95,76.55,0,0,0,0,19-APR-2021,
OPTSTK,HINDPETRO,29-Apr-2021,160,CE,0,0,0,65.6,71.6,0,0,0,0,19-APR-2021,
OPTSTK,HINDPETRO,29-Apr-2021,165,CE,0,0,0,61.35,66.6,0,0,0,0,19-APR-2021,
OPTSTK,HINDPETRO,29-Apr-2021,170,CE,0,0,0,57.25,61.6,0,0,0,0,19-APR-2021,
OPTSTK,HINDPETRO,29-Apr-2021,175,CE,0,0,0,53.35,56.6,0,0,0,0,19-APR-2021,
OPTSTK,HINDPETRO,29-Apr-2021,180,CE,0,0,0,49.55,51.6,0,0,0,0,19-APR-2021,
OPTSTK,HINDPETRO,29-Apr-2021,185,CE,0,0,0,48,46.6,0,0,5400,0,19-APR-2021,
OPTSTK,HINDPETRO,29-Apr-2021,190,CE,0,0,0,42.45,41.65,0,0,0,0,19-APR-2021,
OPTSTK,HINDPETRO,29-Apr-2021,195,CE,0,0,0,39.15,36.75,0,0,0,0,19-APR-2021,
OPTSTK,HINDPETRO,29-Apr-2021,200,CE,0,0,0,37.25,31.9,0,0,32400,0,19-APR-2021,
OPTSTK,HINDPETRO,29-Apr-2021,205,CE,0,0,0,33.1,27.2,0,0,0,0,19-APR-2021,
OPTSTK,HINDPETRO,29-Apr-2021,210,CE,0,0,0,26.5,22.7,0,0,5400,0,19-APR-2021,
OPTSTK,HINDPETRO,29-Apr-2021,215,CE,0,0,0,27.8,18.5,0,0,0,0,19-APR-2021,
OPTSTK,HINDPETRO,29-Apr-2021,220,CE,12,14.2,11.2,12.05,14.7,14,87.84,126900,-5400,19-APR-2021,
OPTSTK,HINDPETRO,29-Apr-2021,225,CE,7.5,10.15,7.25,7.9,11.3,32,201.8,151200,18900,19-APR-2021,
OPTSTK,HINDPETRO,29-Apr-2021,230,CE,6,6.7,4,5.1,5.1,749,4757.34,796500,302400,19-APR-2021,
OPTSTK,HINDPETRO,29-Apr-2021,235,CE,3.25,4,2.35,2.95,2.95,757,4866.12,788400,86400,19-APR-2021,
OPTSTK,HINDPETRO,29-Apr-2021,240,CE,2.25,2.7,1.45,1.75,1.75,1070,6986.98,2891700,-43200,19-APR-2021,
OPTSTK,HINDPETRO,29-Apr-2021,245,CE,1.05,1.3,0.9,1,1,422,2803.65,915300,-37800,19-APR-2021,
OPTSTK,HINDPETRO,29-Apr-2021,250,CE,0.7,0.8,0.5,0.6,0.6,278,1881.36,1628100,-62100,19-APR-2021,
OPTSTK,HINDPETRO,29-Apr-2021,255,CE,0.5,0.55,0.4,0.45,0.45,5,34.48,132300,-5400,19-APR-2021,
OPTSTK,HINDPETRO,29-Apr-2021,260,CE,0.35,0.5,0.3,0.35,0.35,39,274.15,696600,-51300,19-APR-2021,
OPTSTK,HINDPETRO,29-Apr-2021,265,CE,0.3,0.3,0.3,0.3,0.45,1,7.16,18900,2700,19-APR-2021,
OPTSTK,HINDPETRO,29-Apr-2021,270,CE,0.2,0.3,0.1,0.2,0.3,17,124.03,297000,0,19-APR-2021,
OPTSTK,HINDPETRO,29-Apr-2021,275,CE,0.4,0.4,0.4,0.4,0.4,2,14.87,8100,5400,19-APR-2021,
OPTSTK,HINDPETRO,29-Apr-2021,280,CE,0,0,0,0.25,0.1,0,0,64800,0,19-APR-2021,
OPTSTK,HINDPETRO,29-Apr-2021,285,CE,0,0,0,6.75,0.05,0,0,0,0,19-APR-2021,
OPTSTK,HINDPETRO,29-Apr-2021,290,CE,0,0,0,6.05,0.05,0,0,0,0,19-APR-2021,
OPTSTK,HINDPETRO,29-Apr-2021,295,CE,0,0,0,5.4,0.05,0,0,0,0,19-APR-2021,
OPTSTK,HINDPETRO,29-Apr-2021,135,PE,0,0,0,0.55,0,0,0,0,0,19-APR-2021,
OPTSTK,HINDPETRO,29-Apr-2021,140,PE,0,0,0,0.8,0,0,0,0,0,19-APR-2021,
OPTSTK,HINDPETRO,29-Apr-2021,145,PE,0,0,0,1.1,0,0,0,0,0,19-APR-2021,
OPTSTK,HINDPETRO,29-Apr-2021,150,PE,0,0,0,1.5,0,0,0,0,0,19-APR-2021,
OPTSTK,HINDPETRO,29-Apr-2021,155,PE,0,0,0,0.1,0,0,0,2700,0,19-APR-2021,
OPTSTK,HINDPETRO,29-Apr-2021,160,PE,0,0,0,2.6,0,0,0,0,0,19-APR-2021,
OPTSTK,HINDPETRO,29-Apr-2021,165,PE,0,0,0,3.35,0,0,0,0,0,19-APR-2021,
OPTSTK,HINDPETRO,29-Apr-2021,170,PE,0,0,0,4.2,0,0,0,0,0,19-APR-2021,
OPTSTK,HINDPETRO,29-Apr-2021,175,PE,0,0,0,5.2,0,0,0,0,0,19-APR-2021,
OPTSTK,HINDPETRO,29-Apr-2021,180,PE,0,0,0,6.35,0.05,0,0,0,0,19-APR-2021,
OPTSTK,HINDPETRO,29-Apr-2021,185,PE,0,0,0,0.15,0.05,0,0,5400,0,19-APR-2021,
OPTSTK,HINDPETRO,29-Apr-2021,190,PE,0,0,0,9.2,0.05,0,0,0,0,19-APR-2021,
OPTSTK,HINDPETRO,29-Apr-2021,195,PE,0,0,0,10.85,0.15,0,0,0,0,19-APR-2021,
OPTSTK,HINDPETRO,29-Apr-2021,200,PE,0.15,0.3,0.15,0.3,0.3,9,48.64,216000,-13500,19-APR-2021,
OPTSTK,HINDPETRO,29-Apr-2021,205,PE,0,0,0,14.7,0.6,0,0,0,0,19-APR-2021,
OPTSTK,HINDPETRO,29-Apr-2021,210,PE,0.2,0.55,0.2,0.35,0.35,15,85.19,186300,-10800,19-APR-2021,
OPTSTK,HINDPETRO,29-Apr-2021,215,PE,0.35,0.6,0.35,0.55,1.85,17,98.92,278100,13500,19-APR-2021,
OPTSTK,HINDPETRO,29-Apr-2021,220,PE,0.75,1.25,0.65,0.95,0.95,652,3889.92,1385100,-45900,19-APR-2021,
OPTSTK,HINDPETRO,29-Apr-2021,225,PE,1.65,2.6,1.4,1.9,1.9,464,2843.29,888300,43200,19-APR-2021,
OPTSTK,HINDPETRO,29-Apr-2021,230,PE,3,5,2.7,3.65,3.65,794,5007.51,1819800,-56700,19-APR-2021,
OPTSTK,HINDPETRO,29-Apr-2021,235,PE,5.85,8.5,5,6.45,6.45,205,1336.65,529200,-29700,19-APR-2021,
OPTSTK,HINDPETRO,29-Apr-2021,240,PE,10.5,12.1,8.5,10.55,12.65,38,256.07,256500,-21600,19-APR-2021,
OPTSTK,HINDPETRO,29-Apr-2021,245,PE,0,0,0,8.95,16.3,0,0,21600,0,19-APR-2021,
OPTSTK,HINDPETRO,29-Apr-2021,250,PE,18.5,20.05,17.1,19.75,19.75,13,94.52,648000,-21600,19-APR-2021,
OPTSTK,HINDPETRO,29-Apr-2021,255,PE,0,0,0,43.95,24.6,0,0,0,0,19-APR-2021,
OPTSTK,HINDPETRO,29-Apr-2021,260,PE,26.7,26.7,26.65,26.65,29.1,2,15.48,10800,0,19-APR-2021,
OPTSTK,HINDPETRO,29-Apr-2021,265,PE,0,0,0,51.45,33.8,0,0,0,0,19-APR-2021,
OPTSTK,HINDPETRO,29-Apr-2021,270,PE,0,0,0,55.35,38.6,0,0,0,0,19-APR-2021,
OPTSTK,HINDPETRO,29-Apr-2021,275,PE,0,0,0,59.35,43.5,0,0,0,0,19-APR-2021,
OPTSTK,HINDPETRO,29-Apr-2021,280,PE,0,0,0,48,48.4,0,0,2700,0,19-APR-2021,
OPTSTK,HINDPETRO,29-Apr-2021,285,PE,0,0,0,67.6,53.4,0,0,0,0,19-APR-2021,
OPTSTK,HINDPETRO,29-Apr-2021,290,PE,0,0,0,71.85,58.35,0,0,0,0,19-APR-2021,
OPTSTK,HINDPETRO,29-Apr-2021,295,PE,0,0,0,76.15,63.35,0,0,0,0,19-APR-2021,
OPTSTK,HINDPETRO,27-May-2021,160,CE,0,0,0,94.75,72.15,0,0,0,0,19-APR-2021,
OPTSTK,HINDPETRO,27-May-2021,165,CE,0,0,0,90.1,67.25,0,0,0,0,19-APR-2021,
OPTSTK,HINDPETRO,27-May-2021,170,CE,0,0,0,85.5,62.4,0,0,0,0,19-APR-2021,
OPTSTK,HINDPETRO,27-May-2021,175,CE,0,0,0,80.95,57.6,0,0,0,0,19-APR-2021,
OPTSTK,HINDPETRO,27-May-2021,180,CE,0,0,0,76.55,52.9,0,0,0,0,19-APR-2021,
OPTSTK,HINDPETRO,27-May-2021,185,CE,0,0,0,72.2,48.35,0,0,0,0,19-APR-2021,
OPTSTK,HINDPETRO,27-May-2021,190,CE,0,0,0,68,43.9,0,0,0,0,19-APR-2021,
OPTSTK,HINDPETRO,27-May-2021,195,CE,0,0,0,63.9,39.6,0,0,0,0,19-APR-2021,
OPTSTK,HINDPETRO,27-May-2021,200,CE,0,0,0,59.95,35.5,0,0,0,0,19-APR-2021,
OPTSTK,HINDPETRO,27-May-2021,205,CE,0,0,0,56.15,31.6,0,0,0,0,19-APR-2021,
OPTSTK,HINDPETRO,27-May-2021,210,CE,0,0,0,52.45,27.95,0,0,0,0,19-APR-2021,
OPTSTK,HINDPETRO,27-May-2021,215,CE,0,0,0,48.95,24.55,0,0,0,0,19-APR-2021,
OPTSTK,HINDPETRO,27-May-2021,220,CE,0,0,0,20,21.45,0,0,13500,0,19-APR-2021,
OPTSTK,HINDPETRO,27-May-2021,225,CE,0,0,0,42.3,18.6,0,0,0,0,19-APR-2021,
OPTSTK,HINDPETRO,27-May-2021,230,CE,0,0,0,39.25,16,0,0,0,0,19-APR-2021,
OPTSTK,HINDPETRO,27-May-2021,235,CE,0,0,0,10.05,13.65,0,0,2700,0,19-APR-2021,
OPTSTK,HINDPETRO,27-May-2021,240,CE,6.4,7.35,5.6,6.85,6.85,104,692.86,213300,91800,19-APR-2021,
OPTSTK,HINDPETRO,27-May-2021,245,CE,0,0,0,31,9.8,0,0,0,0,19-APR-2021,
OPTSTK,HINDPETRO,27-May-2021,250,CE,0,0,0,28.6,8.2,0,0,0,0,19-APR-2021,
OPTSTK,HINDPETRO,27-May-2021,255,CE,0,0,0,5,6.85,0,0,2700,0,19-APR-2021,
OPTSTK,HINDPETRO,27-May-2021,260,CE,3.5,3.5,3.5,3.5,3.5,1,7.11,5400,2700,19-APR-2021,
OPTSTK,HINDPETRO,27-May-2021,265,CE,0,0,0,22.15,4.65,0,0,0,0,19-APR-2021,
OPTSTK,HINDPETRO,27-May-2021,270,CE,0,0,0,20.3,3.8,0,0,0,0,19-APR-2021,
OPTSTK,HINDPETRO,27-May-2021,275,CE,0,0,0,18.55,3.1,0,0,0,0,19-APR-2021,
OPTSTK,HINDPETRO,27-May-2021,280,CE,0,0,0,16.95,2.5,0,0,0,0,19-APR-2021,
OPTSTK,HINDPETRO,27-May-2021,285,CE,0,0,0,15.45,2.05,0,0,0,0,19-APR-2021,
OPTSTK,HINDPETRO,27-May-2021,290,CE,0,0,0,14.1,1.65,0,0,0,0,19-APR-2021,
OPTSTK,HINDPETRO,27-May-2021,295,CE,0,0,0,12.85,1.3,0,0,0,0,19-APR-2021,
OPTSTK,HINDPETRO,27-May-2021,160,PE,0,0,0,0.8,0.15,0,0,0,0,19-APR-2021,
OPTSTK,HINDPETRO,27-May-2021,165,PE,0,0,0,1.1,0.2,0,0,0,0,19-APR-2021,
OPTSTK,HINDPETRO,27-May-2021,170,PE,0,0,0,1.45,0.35,0,0,0,0,19-APR-2021,
OPTSTK,HINDPETRO,27-May-2021,175,PE,0,0,0,1.9,0.55,0,0,0,0,19-APR-2021,
OPTSTK,HINDPETRO,27-May-2021,180,PE,0,0,0,2.4,0.8,0,0,0,0,19-APR-2021,
OPTSTK,HINDPETRO,27-May-2021,185,PE,0,0,0,3.05,1.2,0,0,0,0,19-APR-2021,
OPTSTK,HINDPETRO,27-May-2021,190,PE,0,0,0,1.05,1.75,0,0,2700,0,19-APR-2021,
OPTSTK,HINDPETRO,27-May-2021,195,PE,0,0,0,4.65,2.45,0,0,0,0,19-APR-2021,
OPTSTK,HINDPETRO,27-May-2021,200,PE,0,0,0,5.65,3.3,0,0,0,0,19-APR-2021,
OPTSTK,HINDPETRO,27-May-2021,205,PE,0,0,0,6.8,4.4,0,0,0,0,19-APR-2021,
OPTSTK,HINDPETRO,27-May-2021,210,PE,0,0,0,8.05,5.75,0,0,0,0,19-APR-2021,
OPTSTK,HINDPETRO,27-May-2021,215,PE,0,0,0,9.5,7.35,0,0,0,0,19-APR-2021,
OPTSTK,HINDPETRO,27-May-2021,220,PE,5,5,5,5,9.2,1,6.07,13500,0,19-APR-2021,
OPTSTK,HINDPETRO,27-May-2021,225,PE,0,0,0,12.8,11.3,0,0,0,0,19-APR-2021,
OPTSTK,HINDPETRO,27-May-2021,230,PE,0,0,0,8.25,13.7,0,0,2700,0,19-APR-2021,
OPTSTK,HINDPETRO,27-May-2021,235,PE,0,0,0,16.7,16.35,0,0,0,0,19-APR-2021,
OPTSTK,HINDPETRO,27-May-2021,240,PE,0,0,0,8.7,19.25,0,0,10800,0,19-APR-2021,
OPTSTK,HINDPETRO,27-May-2021,245,PE,0,0,0,21.3,22.45,0,0,0,0,19-APR-2021,
OPTSTK,HINDPETRO,27-May-2021,250,PE,0,0,0,23.8,25.85,0,0,0,0,19-APR-2021,
OPTSTK,HINDPETRO,27-May-2021,255,PE,0,0,0,26.45,29.45,0,0,0,0,19-APR-2021,
OPTSTK,HINDPETRO,27-May-2021,260,PE,0,0,0,29.3,33.25,0,0,0,0,19-APR-2021,
OPTSTK,HINDPETRO,27-May-2021,265,PE,0,0,0,32.25,37.25,0,0,0,0,19-APR-2021,
OPTSTK,HINDPETRO,27-May-2021,270,PE,0,0,0,34.15,41.35,0,0,2700,0,19-APR-2021,
OPTSTK,HINDPETRO,27-May-2021,275,PE,0,0,0,38.55,45.65,0,0,0,0,19-APR-2021,
OPTSTK,HINDPETRO,27-May-2021,280,PE,0,0,0,41.9,50.05,0,0,0,0,19-APR-2021,
OPTSTK,HINDPETRO,27-May-2021,285,PE,0,0,0,45.35,54.5,0,0,0,0,19-APR-2021,
OPTSTK,HINDPETRO,27-May-2021,290,PE,0,0,0,48.95,59.1,0,0,0,0,19-APR-2021,
OPTSTK,HINDPETRO,27-May-2021,295,PE,0,0,0,52.65,63.75,0,0,0,0,19-APR-2021,
OPTSTK,HINDPETRO,24-Jun-2021,160,CE,0,0,0,70.5,73.15,0,0,0,0,19-APR-2021,
OPTSTK,HINDPETRO,24-Jun-2021,165,CE,0,0,0,66.05,68.45,0,0,0,0,19-APR-2021,
OPTSTK,HINDPETRO,24-Jun-2021,170,CE,0,0,0,61.8,63.85,0,0,0,0,19-APR-2021,
OPTSTK,HINDPETRO,24-Jun-2021,175,CE,0,0,0,57.65,59.35,0,0,0,0,19-APR-2021,
OPTSTK,HINDPETRO,24-Jun-2021,180,CE,0,0,0,53.6,55,0,0,0,0,19-APR-2021,
OPTSTK,HINDPETRO,24-Jun-2021,185,CE,0,0,0,49.75,50.75,0,0,0,0,19-APR-2021,
OPTSTK,HINDPETRO,24-Jun-2021,190,CE,0,0,0,46.05,46.7,0,0,0,0,19-APR-2021,
OPTSTK,HINDPETRO,24-Jun-2021,195,CE,0,0,0,42.55,42.8,0,0,0,0,19-APR-2021,
OPTSTK,HINDPETRO,24-Jun-2021,200,CE,0,0,0,39.2,39.05,0,0,0,0,19-APR-2021,
OPTSTK,HINDPETRO,24-Jun-2021,205,CE,0,0,0,36,35.55,0,0,0,0,19-APR-2021,
OPTSTK,HINDPETRO,24-Jun-2021,210,CE,0,0,0,33,32.2,0,0,0,0,19-APR-2021,
OPTSTK,HINDPETRO,24-Jun-2021,215,CE,0,0,0,30.2,29.1,0,0,0,0,19-APR-2021,
OPTSTK,HINDPETRO,24-Jun-2021,220,CE,0,0,0,27.55,26.2,0,0,0,0,19-APR-2021,
OPTSTK,HINDPETRO,24-Jun-2021,225,CE,0,0,0,25.1,23.5,0,0,0,0,19-APR-2021,
OPTSTK,HINDPETRO,24-Jun-2021,230,CE,0,0,0,22.8,21,0,0,0,0,19-APR-2021,
OPTSTK,HINDPETRO,24-Jun-2021,235,CE,0,0,0,20.65,18.7,0,0,0,0,19-APR-2021,
OPTSTK,HINDPETRO,24-Jun-2021,240,CE,0,0,0,18.7,16.6,0,0,0,0,19-APR-2021,
OPTSTK,HINDPETRO,24-Jun-2021,245,CE,0,0,0,16.9,14.7,0,0,0,0,19-APR-2021,
OPTSTK,HINDPETRO,24-Jun-2021,250,CE,0,0,0,15.25,12.95,0,0,0,0,19-APR-2021,
OPTSTK,HINDPETRO,24-Jun-2021,255,CE,0,0,0,13.7,11.4,0,0,0,0,19-APR-2021,
OPTSTK,HINDPETRO,24-Jun-2021,260,CE,0,0,0,12.35,10,0,0,0,0,19-APR-2021,
OPTSTK,HINDPETRO,24-Jun-2021,265,CE,0,0,0,11.05,8.75,0,0,0,0,19-APR-2021,
OPTSTK,HINDPETRO,24-Jun-2021,270,CE,0,0,0,9.9,7.65,0,0,0,0,19-APR-2021,
OPTSTK,HINDPETRO,24-Jun-2021,275,CE,0,0,0,8.9,6.65,0,0,0,0,19-APR-2021,
OPTSTK,HINDPETRO,24-Jun-2021,280,CE,0,0,0,7.95,5.8,0,0,0,0,19-APR-2021,
OPTSTK,HINDPETRO,24-Jun-2021,285,CE,0,0,0,7.05,5,0,0,0,0,19-APR-2021,
OPTSTK,HINDPETRO,24-Jun-2021,290,CE,0,0,0,6.3,4.3,0,0,0,0,19-APR-2021,
OPTSTK,HINDPETRO,24-Jun-2021,295,CE,0,0,0,5.6,3.75,0,0,0,0,19-APR-2021,
OPTSTK,HINDPETRO,24-Jun-2021,160,PE,0,0,0,1.75,0.65,0,0,0,0,19-APR-2021,
OPTSTK,HINDPETRO,24-Jun-2021,165,PE,0,0,0,2.3,0.95,0,0,0,0,19-APR-2021,
OPTSTK,HINDPETRO,24-Jun-2021,170,PE,0,0,0,2.95,1.3,0,0,0,0,19-APR-2021,
OPTSTK,HINDPETRO,24-Jun-2021,175,PE,0,0,0,3.75,1.75,0,0,0,0,19-APR-2021,
OPTSTK,HINDPETRO,24-Jun-2021,180,PE,0,0,0,4.7,2.35,0,0,0,0,19-APR-2021,
OPTSTK,HINDPETRO,24-Jun-2021,185,PE,0,0,0,5.8,3.1,0,0,0,0,19-APR-2021,
OPTSTK,HINDPETRO,24-Jun-2021,190,PE,0,0,0,7.05,4,0,0,0,0,19-APR-2021,
OPTSTK,HINDPETRO,24-Jun-2021,195,PE,0,0,0,8.45,5.05,0,0,0,0,19-APR-2021,
OPTSTK,HINDPETRO,24-Jun-2021,200,PE,0,0,0,10.05,6.3,0,0,0,0,19-APR-2021,
OPTSTK,HINDPETRO,24-Jun-2021,205,PE,0,0,0,11.85,7.75,0,0,0,0,19-APR-2021,
OPTSTK,HINDPETRO,24-Jun-2021,210,PE,0,0,0,13.8,9.4,0,0,0,0,19-APR-2021,
OPTSTK,HINDPETRO,24-Jun-2021,215,PE,0,0,0,15.95,11.25,0,0,0,0,19-APR-2021,
OPTSTK,HINDPETRO,24-Jun-2021,220,PE,0,0,0,18.25,13.3,0,0,0,0,19-APR-2021,
OPTSTK,HINDPETRO,24-Jun-2021,225,PE,0,0,0,20.75,15.55,0,0,0,0,19-APR-2021,
OPTSTK,HINDPETRO,24-Jun-2021,230,PE,0,0,0,23.4,18.05,0,0,0,0,19-APR-2021,
OPTSTK,HINDPETRO,24-Jun-2021,235,PE,0,0,0,26.25,20.7,0,0,0,0,19-APR-2021,
OPTSTK,HINDPETRO,24-Jun-2021,240,PE,0,0,0,29.2,23.55,0,0,0,0,19-APR-2021,
OPTSTK,HINDPETRO,24-Jun-2021,245,PE,0,0,0,32.35,26.65,0,0,0,0,19-APR-2021,
OPTSTK,HINDPETRO,24-Jun-2021,250,PE,0,0,0,35.65,29.85,0,0,0,0,19-APR-2021,
OPTSTK,HINDPETRO,24-Jun-2021,255,PE,0,0,0,39.1,33.3,0,0,0,0,19-APR-2021,
OPTSTK,HINDPETRO,24-Jun-2021,260,PE,0,0,0,42.65,36.85,0,0,0,0,19-APR-2021,
OPTSTK,HINDPETRO,24-Jun-2021,265,PE,0,0,0,46.35,40.55,0,0,0,0,19-APR-2021,
OPTSTK,HINDPETRO,24-Jun-2021,270,PE,0,0,0,50.15,44.4,0,0,0,0,19-APR-2021,
OPTSTK,HINDPETRO,24-Jun-2021,275,PE,0,0,0,54.05,48.4,0,0,0,0,19-APR-2021,
OPTSTK,HINDPETRO,24-Jun-2021,280,PE,0,0,0,58.1,52.5,0,0,0,0,19-APR-2021,
OPTSTK,HINDPETRO,24-Jun-2021,285,PE,0,0,0,62.15,56.7,0,0,0,0,19-APR-2021,
OPTSTK,HINDPETRO,24-Jun-2021,290,PE,0,0,0,66.35,60.95,0,0,0,0,19-APR-2021,
OPTSTK,HINDPETRO,24-Jun-2021,295,PE,0,0,0,70.6,65.35,0,0,0,0,19-APR-2021,
OPTSTK,HINDUNILVR,29-Apr-2021,1620,CE,0,0,0,630,817.65,0,0,600,0,19-APR-2021,
OPTSTK,HINDUNILVR,29-Apr-2021,1640,CE,0,0,0,678,797.65,0,0,0,0,19-APR-2021,
OPTSTK,HINDUNILVR,29-Apr-2021,1660,CE,0,0,0,760,777.65,0,0,900,0,19-APR-2021,
OPTSTK,HINDUNILVR,29-Apr-2021,1680,CE,0,0,0,639.55,757.7,0,0,0,0,19-APR-2021,
OPTSTK,HINDUNILVR,29-Apr-2021,1700,CE,0,0,0,620.45,737.7,0,0,0,0,19-APR-2021,
OPTSTK,HINDUNILVR,29-Apr-2021,1720,CE,0,0,0,601.5,717.75,0,0,0,0,19-APR-2021,
OPTSTK,HINDUNILVR,29-Apr-2021,1740,CE,0,0,0,582.65,697.75,0,0,0,0,19-APR-2021,
OPTSTK,HINDUNILVR,29-Apr-2021,1760,CE,0,0,0,564,677.75,0,0,0,0,19-APR-2021,
OPTSTK,HINDUNILVR,29-Apr-2021,1780,CE,0,0,0,545.45,657.8,0,0,0,0,19-APR-2021,
OPTSTK,HINDUNILVR,29-Apr-2021,1800,CE,0,0,0,527.1,637.8,0,0,0,0,19-APR-2021,
OPTSTK,HINDUNILVR,29-Apr-2021,1820,CE,0,0,0,508.95,617.85,0,0,0,0,19-APR-2021,
OPTSTK,HINDUNILVR,29-Apr-2021,1840,CE,0,0,0,490.95,597.85,0,0,0,0,19-APR-2021,
OPTSTK,HINDUNILVR,29-Apr-2021,1860,CE,0,0,0,473.25,577.85,0,0,0,0,19-APR-2021,
OPTSTK,HINDUNILVR,29-Apr-2021,1880,CE,0,0,0,455.75,557.9,0,0,0,0,19-APR-2021,
OPTSTK,HINDUNILVR,29-Apr-2021,1900,CE,0,0,0,438.5,537.9,0,0,0,0,19-APR-2021,
OPTSTK,HINDUNILVR,29-Apr-2021,1920,CE,0,0,0,421.5,517.95,0,0,0,0,19-APR-2021,
OPTSTK,HINDUNILVR,29-Apr-2021,1940,CE,0,0,0,404.8,497.95,0,0,0,0,19-APR-2021,
OPTSTK,HINDUNILVR,29-Apr-2021,1960,CE,0,0,0,388.4,477.95,0,0,0,0,19-APR-2021,
OPTSTK,HINDUNILVR,29-Apr-2021,1980,CE,0,0,0,372.3,458,0,0,0,0,19-APR-2021,
OPTSTK,HINDUNILVR,29-Apr-2021,2000,CE,0,0,0,356.55,438,0,0,0,0,19-APR-2021,
OPTSTK,HINDUNILVR,29-Apr-2021,2020,CE,0,0,0,341.1,418.05,0,0,0,0,19-APR-2021,
OPTSTK,HINDUNILVR,29-Apr-2021,2040,CE,0,0,0,326.05,398.05,0,0,0,0,19-APR-2021,
OPTSTK,HINDUNILVR,29-Apr-2021,2060,CE,0,0,0,311.4,378.1,0,0,0,0,19-APR-2021,
OPTSTK,HINDUNILVR,29-Apr-2021,2080,CE,0,0,0,297.05,358.15,0,0,0,0,19-APR-2021,
OPTSTK,HINDUNILVR,29-Apr-2021,2100,CE,0,0,0,360,338.2,0,0,600,0,19-APR-2021,
OPTSTK,HINDUNILVR,29-Apr-2021,2120,CE,0,0,0,269.4,318.35,0,0,0,0,19-APR-2021,
OPTSTK,HINDUNILVR,29-Apr-2021,2140,CE,0,0,0,256.25,298.5,0,0,0,0,19-APR-2021,
OPTSTK,HINDUNILVR,29-Apr-2021,2160,CE,0,0,0,243.5,278.75,0,0,0,0,19-APR-2021,
OPTSTK,HINDUNILVR,29-Apr-2021,2180,CE,0,0,0,231.15,259.1,0,0,0,0,19-APR-2021,
OPTSTK,HINDUNILVR,29-Apr-2021,2200,CE,237,245,237,245,239.65,2,14.64,34200,-300,19-APR-2021,
OPTSTK,HINDUNILVR,29-Apr-2021,2220,CE,0,0,0,231.35,220.4,0,0,3000,0,19-APR-2021,
OPTSTK,HINDUNILVR,29-Apr-2021,2240,CE,185.85,198.2,185.85,188.2,188.2,3,21.87,7500,-300,19-APR-2021,
OPTSTK,HINDUNILVR,29-Apr-2021,2260,CE,186,186,185.85,185.85,183,2,14.67,14100,-300,19-APR-2021,
OPTSTK,HINDUNILVR,29-Apr-2021,2280,CE,0,0,0,187.9,165,0,0,14400,0,19-APR-2021,
OPTSTK,HINDUNILVR,29-Apr-2021,2300,CE,140.65,155,131.05,139.25,139.25,14,102.51,165600,-900,19-APR-2021,
OPTSTK,HINDUNILVR,29-Apr-2021,2320,CE,0,0,0,149.35,131,0,0,28800,0,19-APR-2021,
OPTSTK,HINDUNILVR,29-Apr-2021,2340,CE,113,113,113,113,115.2,1,7.35,30000,0,19-APR-2021,
OPTSTK,HINDUNILVR,29-Apr-2021,2360,CE,94.5,104.35,94.5,104.35,104.35,2,14.75,26100,-300,19-APR-2021,
OPTSTK,HINDUNILVR,29-Apr-2021,2380,CE,76,76,70,72,72,3,22.06,31500,-600,19-APR-2021,
OPTSTK,HINDUNILVR,29-Apr-2021,2400,CE,85.15,85.2,52,60.75,60.75,315,2326.66,260700,-8700,19-APR-2021,
OPTSTK,HINDUNILVR,29-Apr-2021,2420,CE,53.45,60.55,42.25,48.2,48.2,386,2859.97,29700,6000,19-APR-2021,
OPTSTK,HINDUNILVR,29-Apr-2021,2440,CE,50,55.35,32,39.5,39.5,1181,8787.74,82800,28500,19-APR-2021,
OPTSTK,HINDUNILVR,29-Apr-2021,2460,CE,40,45,24.95,30.7,30.7,1553,11606.74,132900,33300,19-APR-2021,
OPTSTK,HINDUNILVR,29-Apr-2021,2480,CE,32.05,36.7,19,23.65,23.65,1024,7693.45,123300,2400,19-APR-2021,
OPTSTK,HINDUNILVR,29-Apr-2021,2500,CE,24.8,27.4,14.5,17.25,17.25,2824,21335.77,483300,6300,19-APR-2021,
OPTSTK,HINDUNILVR,29-Apr-2021,2520,CE,19,19,7.55,13.1,13.1,842,6401.22,124200,1800,19-APR-2021,
OPTSTK,HINDUNILVR,29-Apr-2021,2540,CE,10.25,14.85,8.35,10.45,10.45,1085,8303.05,96300,-1800,19-APR-2021,
OPTSTK,HINDUNILVR,29-Apr-2021,2560,CE,6.7,11,6.5,8.2,8.2,777,5987,91200,-18900,19-APR-2021,
OPTSTK,HINDUNILVR,29-Apr-2021,2580,CE,7,8.35,5.4,6.25,6.25,578,4485.2,24000,-15000,19-APR-2021,
OPTSTK,HINDUNILVR,29-Apr-2021,2600,CE,7.9,7.9,4.25,4.95,4.95,1004,7847.15,229800,-6000,19-APR-2021,
OPTSTK,HINDUNILVR,29-Apr-2021,2620,CE,5.6,5.6,5.6,5.6,6.05,2,15.75,600,600,19-APR-2021,
OPTSTK,HINDUNILVR,29-Apr-2021,2640,CE,2.3,4.5,2.3,3.25,3.25,286,2267.95,25500,1800,19-APR-2021,
OPTSTK,HINDUNILVR,29-Apr-2021,2660,CE,2.8,4,2.4,4,3.25,25,199.71,9000,-900,19-APR-2021,
OPTSTK,HINDUNILVR,29-Apr-2021,2680,CE,0,0,0,4.3,2.35,0,0,7500,0,19-APR-2021,
OPTSTK,HINDUNILVR,29-Apr-2021,2700,CE,2.45,3,1.95,2.55,2.55,338,2740.29,116400,-17400,19-APR-2021,
OPTSTK,HINDUNILVR,29-Apr-2021,2720,CE,0,0,0,39.8,1.2,0,0,0,0,19-APR-2021,
OPTSTK,HINDUNILVR,29-Apr-2021,2740,CE,0,0,0,36.85,0.85,0,0,0,0,19-APR-2021,
OPTSTK,HINDUNILVR,29-Apr-2021,2760,CE,0,0,0,34.1,0.55,0,0,0,0,19-APR-2021,
OPTSTK,HINDUNILVR,29-Apr-2021,2780,CE,0,0,0,31.5,0.4,0,0,0,0,19-APR-2021,
OPTSTK,HINDUNILVR,29-Apr-2021,2800,CE,1.25,1.45,1.2,1.25,1.25,50,420.19,48900,-7800,19-APR-2021,
OPTSTK,HINDUNILVR,29-Apr-2021,2820,CE,0,0,0,26.85,0.2,0,0,0,0,19-APR-2021,
OPTSTK,HINDUNILVR,29-Apr-2021,2840,CE,0,0,0,2,0.15,0,0,0,0,19-APR-2021,
OPTSTK,HINDUNILVR,29-Apr-2021,2860,CE,0,0,0,2,0.1,0,0,0,0,19-APR-2021,
OPTSTK,HINDUNILVR,29-Apr-2021,2880,CE,0,0,0,21.05,0.05,0,0,0,0,19-APR-2021,
OPTSTK,HINDUNILVR,29-Apr-2021,1620,PE,0,0,0,2,0,0,0,0,0,19-APR-2021,
OPTSTK,HINDUNILVR,29-Apr-2021,1640,PE,0,0,0,2.45,0,0,0,0,0,19-APR-2021,
OPTSTK,HINDUNILVR,29-Apr-2021,1660,PE,0,0,0,2.95,0,0,0,0,0,19-APR-2021,
OPTSTK,HINDUNILVR,29-Apr-2021,1680,PE,0,0,0,3.6,0,0,0,0,0,19-APR-2021,
OPTSTK,HINDUNILVR,29-Apr-2021,1700,PE,0,0,0,4.35,0,0,0,0,0,19-APR-2021,
OPTSTK,HINDUNILVR,29-Apr-2021,1720,PE,0,0,0,5.2,0,0,0,0,0,19-APR-2021,
OPTSTK,HINDUNILVR,29-Apr-2021,1740,PE,0,0,0,6.15,0,0,0,0,0,19-APR-2021,
OPTSTK,HINDUNILVR,29-Apr-2021,1760,PE,0,0,0,7.3,0,0,0,0,0,19-APR-2021,
OPTSTK,HINDUNILVR,29-Apr-2021,1780,PE,0,0,0,8.55,0,0,0,0,0,19-APR-2021,
OPTSTK,HINDUNILVR,29-Apr-2021,1800,PE,0,0,0,10.05,0,0,0,0,0,19-APR-2021,
OPTSTK,HINDUNILVR,29-Apr-2021,1820,PE,0,0,0,11.7,0,0,0,0,0,19-APR-2021,
OPTSTK,HINDUNILVR,29-Apr-2021,1840,PE,0,0,0,13.55,0,0,0,0,0,19-APR-2021,
OPTSTK,HINDUNILVR,29-Apr-2021,1860,PE,0,0,0,15.6,0,0,0,0,0,19-APR-2021,
OPTSTK,HINDUNILVR,29-Apr-2021,1880,PE,0,0,0,17.95,0,0,0,0,0,19-APR-2021,
OPTSTK,HINDUNILVR,29-Apr-2021,1900,PE,0,0,0,1.05,0,0,0,2100,0,19-APR-2021,
OPTSTK,HINDUNILVR,29-Apr-2021,1920,PE,0,0,0,23.3,0,0,0,0,0,19-APR-2021,
OPTSTK,HINDUNILVR,29-Apr-2021,1940,PE,3.05,3.05,3.05,3.05,0,1,5.82,300,0,19-APR-2021,
OPTSTK,HINDUNILVR,29-Apr-2021,1960,PE,0,0,0,29.85,0,0,0,0,0,19-APR-2021,
OPTSTK,HINDUNILVR,29-Apr-2021,1980,PE,0,0,0,33.6,0,0,0,0,0,19-APR-2021,
OPTSTK,HINDUNILVR,29-Apr-2021,2000,PE,1.5,1.6,1,1.25,1.25,10,60.04,58800,0,19-APR-2021,
OPTSTK,HINDUNILVR,29-Apr-2021,2020,PE,0,0,0,42,0.05,0,0,0,0,19-APR-2021,
OPTSTK,HINDUNILVR,29-Apr-2021,2040,PE,0,0,0,46.75,0.05,0,0,0,0,19-APR-2021,
OPTSTK,HINDUNILVR,29-Apr-2021,2060,PE,0,0,0,51.95,0.05,0,0,0,0,19-APR-2021,
OPTSTK,HINDUNILVR,29-Apr-2021,2080,PE,0,0,0,57.4,0.1,0,0,0,0,19-APR-2021,
OPTSTK,HINDUNILVR,29-Apr-2021,2100,PE,2.8,2.8,2.3,2.45,2.45,25,157.68,104400,-2400,19-APR-2021,
OPTSTK,HINDUNILVR,29-Apr-2021,2120,PE,0,0,0,4.1,0.2,0,0,300,0,19-APR-2021,
OPTSTK,HINDUNILVR,29-Apr-2021,2140,PE,2.95,3,2.95,3,3,11,70.71,69300,-1500,19-APR-2021,
OPTSTK,HINDUNILVR,29-Apr-2021,2160,PE,3,3,2.95,2.95,0.6,2,12.97,36000,-600,19-APR-2021,
OPTSTK,HINDUNILVR,29-Apr-2021,2180,PE,2,3.45,2,3.1,3.1,11,72.03,39900,-1200,19-APR-2021,
OPTSTK,HINDUNILVR,29-Apr-2021,2200,PE,3.95,4.6,2.5,2.95,2.95,315,2082.06,165900,-11100,19-APR-2021,
OPTSTK,HINDUNILVR,29-Apr-2021,2220,PE,3.9,4.25,2.6,2.85,2.85,20,133.39,50100,-300,19-APR-2021,
OPTSTK,HINDUNILVR,29-Apr-2021,2240,PE,3.6,3.9,2.55,3.3,3.3,24,161.52,42000,300,19-APR-2021,
OPTSTK,HINDUNILVR,29-Apr-2021,2260,PE,5.5,5.5,2.55,3.2,3.2,35,237.69,45000,600,19-APR-2021,
OPTSTK,HINDUNILVR,29-Apr-2021,2280,PE,5.95,7.2,3.3,4.75,4.75,712,4882,40200,6900,19-APR-2021,
OPTSTK,HINDUNILVR,29-Apr-2021,2300,PE,7.55,9.05,4.25,6.2,6.2,1198,8291.46,150300,-25500,19-APR-2021,
OPTSTK,HINDUNILVR,29-Apr-2021,2320,PE,10.5,10.5,5.55,7.25,7.25,251,1753.19,31500,2100,19-APR-2021,
OPTSTK,HINDUNILVR,29-Apr-2021,2340,PE,11.15,14.8,7.2,9.65,9.65,567,3999.57,97200,28200,19-APR-2021,
OPTSTK,HINDUNILVR,29-Apr-2021,2360,PE,15,19,9.55,12.8,12.8,920,6554.1,65100,-17400,19-APR-2021,
OPTSTK,HINDUNILVR,29-Apr-2021,2380,PE,15.9,24.7,12.85,17.7,17.7,682,4908.4,45600,-11100,19-APR-2021,
OPTSTK,HINDUNILVR,29-Apr-2021,2400,PE,21.9,32,17.4,22.95,22.95,1406,10231.45,154800,-38700,19-APR-2021,
OPTSTK,HINDUNILVR,29-Apr-2021,2420,PE,31.65,40.45,23.3,30.25,30.25,501,3686.61,27300,-6900,19-APR-2021,
OPTSTK,HINDUNILVR,29-Apr-2021,2440,PE,38.7,51,30.9,37.8,37.8,640,4763.69,28800,-4800,19-APR-2021,
OPTSTK,HINDUNILVR,29-Apr-2021,2460,PE,43.25,63.4,40.45,50.85,50.85,324,2442.65,46800,-4200,19-APR-2021,
OPTSTK,HINDUNILVR,29-Apr-2021,2480,PE,62.95,73,52.6,59.15,59.15,28,213.54,30000,-3000,19-APR-2021,
OPTSTK,HINDUNILVR,29-Apr-2021,2500,PE,70,90,67.5,82.45,82.45,36,278.73,20100,-1500,19-APR-2021,
OPTSTK,HINDUNILVR,29-Apr-2021,2520,PE,100,100,100,100,100,1,7.86,3900,300,19-APR-2021,
OPTSTK,HINDUNILVR,29-Apr-2021,2540,PE,110.6,125.2,109.2,109.2,119.25,3,23.89,900,-300,19-APR-2021,
OPTSTK,HINDUNILVR,29-Apr-2021,2560,PE,129,129,129,129,135.25,2,16.13,600,0,19-APR-2021,
OPTSTK,HINDUNILVR,29-Apr-2021,2580,PE,0,0,0,322.55,152.05,0,0,0,0,19-APR-2021,
OPTSTK,HINDUNILVR,29-Apr-2021,2600,PE,0,0,0,147,169.45,0,0,900,0,19-APR-2021,
OPTSTK,HINDUNILVR,29-Apr-2021,2620,PE,0,0,0,353.25,187.4,0,0,0,0,19-APR-2021,
OPTSTK,HINDUNILVR,29-Apr-2021,2640,PE,0,0,0,368.9,205.85,0,0,0,0,19-APR-2021,
OPTSTK,HINDUNILVR,29-Apr-2021,2660,PE,0,0,0,384.9,224.6,0,0,0,0,19-APR-2021,
OPTSTK,HINDUNILVR,29-Apr-2021,2680,PE,0,0,0,401.1,243.7,0,0,0,0,19-APR-2021,
OPTSTK,HINDUNILVR,29-Apr-2021,2700,PE,0,0,0,417.55,263,0,0,0,0,19-APR-2021,
OPTSTK,HINDUNILVR,29-Apr-2021,2720,PE,0,0,0,434.2,282.5,0,0,0,0,19-APR-2021,
OPTSTK,HINDUNILVR,29-Apr-2021,2740,PE,0,0,0,451.1,302.1,0,0,0,0,19-APR-2021,
OPTSTK,HINDUNILVR,29-Apr-2021,2760,PE,0,0,0,468.15,321.85,0,0,0,0,19-APR-2021,
OPTSTK,HINDUNILVR,29-Apr-2021,2780,PE,0,0,0,485.35,341.65,0,0,0,0,19-APR-2021,
OPTSTK,HINDUNILVR,29-Apr-2021,2800,PE,0,0,0,502.8,361.5,0,0,0,0,19-APR-2021,
OPTSTK,HINDUNILVR,29-Apr-2021,2820,PE,0,0,0,560,381.4,0,0,600,0,19-APR-2021,
OPTSTK,HINDUNILVR,29-Apr-2021,2840,PE,0,0,0,538.1,401.3,0,0,0,0,19-APR-2021,
OPTSTK,HINDUNILVR,29-Apr-2021,2860,PE,0,0,0,555.95,421.25,0,0,0,0,19-APR-2021,
OPTSTK,HINDUNILVR,29-Apr-2021,2880,PE,0,0,0,573.95,441.2,0,0,0,0,19-APR-2021,
OPTSTK,HINDUNILVR,27-May-2021,1620,CE,0,0,0,562.75,822.35,0,0,0,0,19-APR-2021,
OPTSTK,HINDUNILVR,27-May-2021,1640,CE,0,0,0,543.85,802.4,0,0,0,0,19-APR-2021,
OPTSTK,HINDUNILVR,27-May-2021,1660,CE,0,0,0,525.1,782.5,0,0,0,0,19-APR-2021,
OPTSTK,HINDUNILVR,27-May-2021,1680,CE,0,0,0,506.5,762.6,0,0,0,0,19-APR-2021,
OPTSTK,HINDUNILVR,27-May-2021,1700,CE,0,0,0,488.1,742.65,0,0,0,0,19-APR-2021,
OPTSTK,HINDUNILVR,27-May-2021,1720,CE,0,0,0,469.9,722.75,0,0,0,0,19-APR-2021,
OPTSTK,HINDUNILVR,27-May-2021,1740,CE,0,0,0,451.9,702.85,0,0,0,0,19-APR-2021,
OPTSTK,HINDUNILVR,27-May-2021,1760,CE,0,0,0,434.2,682.95,0,0,0,0,19-APR-2021,
OPTSTK,HINDUNILVR,27-May-2021,1780,CE,0,0,0,416.7,663.05,0,0,0,0,19-APR-2021,
OPTSTK,HINDUNILVR,27-May-2021,1800,CE,0,0,0,399.5,643.15,0,0,0,0,19-APR-2021,
OPTSTK,HINDUNILVR,27-May-2021,1820,CE,0,0,0,382.6,623.3,0,0,0,0,19-APR-2021,
OPTSTK,HINDUNILVR,27-May-2021,1840,CE,0,0,0,366,603.45,0,0,0,0,19-APR-2021,
OPTSTK,HINDUNILVR,27-May-2021,1860,CE,0,0,0,349.7,583.6,0,0,0,0,19-APR-2021,
OPTSTK,HINDUNILVR,27-May-2021,1880,CE,0,0,0,333.8,563.85,0,0,0,0,19-APR-2021,
OPTSTK,HINDUNILVR,27-May-2021,1900,CE,0,0,0,318.2,544.1,0,0,0,0,19-APR-2021,
OPTSTK,HINDUNILVR,27-May-2021,1920,CE,0,0,0,303.05,524.4,0,0,0,0,19-APR-2021,
OPTSTK,HINDUNILVR,27-May-2021,1940,CE,0,0,0,288.3,504.75,0,0,0,0,19-APR-2021,
OPTSTK,HINDUNILVR,27-May-2021,1960,CE,0,0,0,273.9,485.2,0,0,0,0,19-APR-2021,
OPTSTK,HINDUNILVR,27-May-2021,1980,CE,0,0,0,259.9,465.75,0,0,0,0,19-APR-2021,
OPTSTK,HINDUNILVR,27-May-2021,2000,CE,0,0,0,246.25,446.45,0,0,0,0,19-APR-2021,
OPTSTK,HINDUNILVR,27-May-2021,2020,CE,0,0,0,233.1,427.25,0,0,0,0,19-APR-2021,
OPTSTK,HINDUNILVR,27-May-2021,2040,CE,0,0,0,220.45,408.2,0,0,0,0,19-APR-2021,
OPTSTK,HINDUNILVR,27-May-2021,2060,CE,0,0,0,208.2,389.35,0,0,0,0,19-APR-2021,
OPTSTK,HINDUNILVR,27-May-2021,2080,CE,0,0,0,196.4,370.7,0,0,0,0,19-APR-2021,
OPTSTK,HINDUNILVR,27-May-2021,2100,CE,0,0,0,185.05,352.3,0,0,0,0,19-APR-2021,
OPTSTK,HINDUNILVR,27-May-2021,2120,CE,0,0,0,174.15,334.2,0,0,0,0,19-APR-2021,
OPTSTK,HINDUNILVR,27-May-2021,2140,CE,0,0,0,163.75,316.4,0,0,0,0,19-APR-2021,
OPTSTK,HINDUNILVR,27-May-2021,2160,CE,0,0,0,153.75,298.9,0,0,0,0,19-APR-2021,
OPTSTK,HINDUNILVR,27-May-2021,2180,CE,0,0,0,144.15,281.8,0,0,0,0,19-APR-2021,
OPTSTK,HINDUNILVR,27-May-2021,2200,CE,0,0,0,135.05,265.1,0,0,0,0,19-APR-2021,
OPTSTK,HINDUNILVR,27-May-2021,2220,CE,0,0,0,126.35,248.85,0,0,0,0,19-APR-2021,
OPTSTK,HINDUNILVR,27-May-2021,2240,CE,0,0,0,118.1,233.05,0,0,0,0,19-APR-2021,
OPTSTK,HINDUNILVR,27-May-2021,2260,CE,0,0,0,110.25,217.75,0,0,0,0,19-APR-2021,
OPTSTK,HINDUNILVR,27-May-2021,2280,CE,0,0,0,102.85,203.05,0,0,0,0,19-APR-2021,
OPTSTK,HINDUNILVR,27-May-2021,2300,CE,0,0,0,200,188.7,0,0,4500,0,19-APR-2021,
OPTSTK,HINDUNILVR,27-May-2021,2320,CE,0,0,0,89.1,175,0,0,0,0,19-APR-2021,
OPTSTK,HINDUNILVR,27-May-2021,2340,CE,0,0,0,82.85,161.95,0,0,0,0,19-APR-2021,
OPTSTK,HINDUNILVR,27-May-2021,2360,CE,0,0,0,76.9,149.45,0,0,0,0,19-APR-2021,
OPTSTK,HINDUNILVR,27-May-2021,2380,CE,0,0,0,71.35,137.6,0,0,0,0,19-APR-2021,
OPTSTK,HINDUNILVR,27-May-2021,2400,CE,116.65,117,105,109.7,109.7,9,67.86,66900,900,19-APR-2021,
OPTSTK,HINDUNILVR,27-May-2021,2420,CE,0,0,0,61.25,115.7,0,0,0,0,19-APR-2021,
OPTSTK,HINDUNILVR,27-May-2021,2440,CE,0,0,0,56.7,105.65,0,0,0,0,19-APR-2021,
OPTSTK,HINDUNILVR,27-May-2021,2460,CE,0,0,0,52.4,96.25,0,0,0,0,19-APR-2021,
OPTSTK,HINDUNILVR,27-May-2021,2480,CE,0,0,0,48.25,87.45,0,0,0,0,19-APR-2021,
OPTSTK,HINDUNILVR,27-May-2021,2500,CE,68.7,73,59,64.3,64.3,152,1170.61,31200,-3600,19-APR-2021,
OPTSTK,HINDUNILVR,27-May-2021,2520,CE,0,0,0,41,71.65,0,0,0,0,19-APR-2021,
OPTSTK,HINDUNILVR,27-May-2021,2540,CE,0,0,0,37.7,64.55,0,0,0,0,19-APR-2021,
OPTSTK,HINDUNILVR,27-May-2021,2560,CE,0,0,0,34.65,58.05,0,0,0,0,19-APR-2021,
OPTSTK,HINDUNILVR,27-May-2021,2580,CE,0,0,0,31.85,52.05,0,0,0,0,19-APR-2021,
OPTSTK,HINDUNILVR,27-May-2021,2600,CE,40,40.7,32,35.9,35.9,85,672.35,39000,12300,19-APR-2021,
OPTSTK,HINDUNILVR,27-May-2021,2620,CE,0,0,0,26.8,41.65,0,0,0,0,19-APR-2021,
OPTSTK,HINDUNILVR,27-May-2021,2640,CE,0,0,0,24.55,37,0,0,0,0,19-APR-2021,
OPTSTK,HINDUNILVR,27-May-2021,2660,CE,0,0,0,22.45,32.85,0,0,0,0,19-APR-2021,
OPTSTK,HINDUNILVR,27-May-2021,2680,CE,0,0,0,20.55,29.05,0,0,0,0,19-APR-2021,
OPTSTK,HINDUNILVR,27-May-2021,2700,CE,20,22,14.45,15.65,15.65,27,220.16,8700,-900,19-APR-2021,
OPTSTK,HINDUNILVR,27-May-2021,2720,CE,0,0,0,17.1,22.6,0,0,0,0,19-APR-2021,
OPTSTK,HINDUNILVR,27-May-2021,2740,CE,0,0,0,15.6,19.85,0,0,0,0,19-APR-2021,
OPTSTK,HINDUNILVR,27-May-2021,2760,CE,0,0,0,14.25,17.4,0,0,0,0,19-APR-2021,
OPTSTK,HINDUNILVR,27-May-2021,2780,CE,0,0,0,21.3,15.2,0,0,600,0,19-APR-2021,
OPTSTK,HINDUNILVR,27-May-2021,2800,CE,11,11,11,11,13.25,1,8.43,1800,300,19-APR-2021,
OPTSTK,HINDUNILVR,27-May-2021,2820,CE,0,0,0,10.7,11.55,0,0,0,0,19-APR-2021,
OPTSTK,HINDUNILVR,27-May-2021,2840,CE,0,0,0,9.75,10,0,0,0,0,19-APR-2021,
OPTSTK,HINDUNILVR,27-May-2021,2860,CE,0,0,0,8.85,8.7,0,0,0,0,19-APR-2021,
OPTSTK,HINDUNILVR,27-May-2021,2880,CE,0,0,0,8,7.5,0,0,0,0,19-APR-2021,
OPTSTK,HINDUNILVR,27-May-2021,1620,PE,0,0,0,4.35,0,0,0,0,0,19-APR-2021,
OPTSTK,HINDUNILVR,27-May-2021,1640,PE,0,0,0,5.25,0,0,0,0,0,19-APR-2021,
OPTSTK,HINDUNILVR,27-May-2021,1660,PE,0,0,0,6.35,0.05,0,0,0,0,19-APR-2021,
OPTSTK,HINDUNILVR,27-May-2021,1680,PE,0,0,0,7.55,0.05,0,0,0,0,19-APR-2021,
OPTSTK,HINDUNILVR,27-May-2021,1700,PE,0,0,0,9,0.05,0,0,0,0,19-APR-2021,
OPTSTK,HINDUNILVR,27-May-2021,1720,PE,0,0,0,10.6,0.05,0,0,0,0,19-APR-2021,
OPTSTK,HINDUNILVR,27-May-2021,1740,PE,0,0,0,12.45,0.05,0,0,0,0,19-APR-2021,
OPTSTK,HINDUNILVR,27-May-2021,1760,PE,0,0,0,14.5,0.1,0,0,0,0,19-APR-2021,
OPTSTK,HINDUNILVR,27-May-2021,1780,PE,0,0,0,16.85,0.1,0,0,0,0,19-APR-2021,
OPTSTK,HINDUNILVR,27-May-2021,1800,PE,0,0,0,19.45,0.15,0,0,0,0,19-APR-2021,
OPTSTK,HINDUNILVR,27-May-2021,1820,PE,0,0,0,22.35,0.2,0,0,0,0,19-APR-2021,
OPTSTK,HINDUNILVR,27-May-2021,1840,PE,0,0,0,25.55,0.25,0,0,0,0,19-APR-2021,
OPTSTK,HINDUNILVR,27-May-2021,1860,PE,0,0,0,29.1,0.35,0,0,0,0,19-APR-2021,
OPTSTK,HINDUNILVR,27-May-2021,1880,PE,0,0,0,33,0.5,0,0,0,0,19-APR-2021,
OPTSTK,HINDUNILVR,27-May-2021,1900,PE,0,0,0,15,0.7,0,0,300,0,19-APR-2021,
OPTSTK,HINDUNILVR,27-May-2021,1920,PE,0,0,0,41.85,0.9,0,0,0,0,19-APR-2021,
OPTSTK,HINDUNILVR,27-May-2021,1940,PE,0,0,0,46.95,1.2,0,0,0,0,19-APR-2021,
OPTSTK,HINDUNILVR,27-May-2021,1960,PE,0,0,0,52.35,1.55,0,0,0,0,19-APR-2021,
OPTSTK,HINDUNILVR,27-May-2021,1980,PE,0,0,0,58.15,2.05,0,0,0,0,19-APR-2021,
OPTSTK,HINDUNILVR,27-May-2021,2000,PE,0,0,0,5.5,2.65,0,0,2100,0,19-APR-2021,
OPTSTK,HINDUNILVR,27-May-2021,2020,PE,0,0,0,71,3.35,0,0,0,0,19-APR-2021,
OPTSTK,HINDUNILVR,27-May-2021,2040,PE,0,0,0,78.15,4.25,0,0,0,0,19-APR-2021,
OPTSTK,HINDUNILVR,27-May-2021,2060,PE,0,0,0,85.75,5.3,0,0,0,0,19-APR-2021,
OPTSTK,HINDUNILVR,27-May-2021,2080,PE,0,0,0,93.75,6.6,0,0,0,0,19-APR-2021,
OPTSTK,HINDUNILVR,27-May-2021,2100,PE,7.95,7.95,7.85,7.85,8.15,2,12.64,8700,300,19-APR-2021,
OPTSTK,HINDUNILVR,27-May-2021,2120,PE,0,0,0,111.15,9.95,0,0,0,0,19-APR-2021,
OPTSTK,HINDUNILVR,27-May-2021,2140,PE,0,0,0,120.5,12.05,0,0,0,0,19-APR-2021,
OPTSTK,HINDUNILVR,27-May-2021,2160,PE,0,0,0,16.35,14.5,0,0,300,0,19-APR-2021,
OPTSTK,HINDUNILVR,27-May-2021,2180,PE,0,0,0,140.6,17.3,0,0,0,0,19-APR-2021,
OPTSTK,HINDUNILVR,27-May-2021,2200,PE,15,17.85,10.1,13.8,13.8,15,99.64,33000,600,19-APR-2021,
OPTSTK,HINDUNILVR,27-May-2021,2220,PE,0,0,0,162.4,24.2,0,0,0,0,19-APR-2021,
OPTSTK,HINDUNILVR,27-May-2021,2240,PE,0,0,0,173.95,28.35,0,0,0,0,19-APR-2021,
OPTSTK,HINDUNILVR,27-May-2021,2260,PE,0,0,0,185.95,32.95,0,0,0,0,19-APR-2021,
OPTSTK,HINDUNILVR,27-May-2021,2280,PE,0,0,0,198.3,38.15,0,0,0,0,19-APR-2021,
OPTSTK,HINDUNILVR,27-May-2021,2300,PE,30,34.4,24,32.4,32.4,82,573.45,27300,5100,19-APR-2021,
OPTSTK,HINDUNILVR,27-May-2021,2320,PE,0,0,0,224.25,50,0,0,0,0,19-APR-2021,
OPTSTK,HINDUNILVR,27-May-2021,2340,PE,0,0,0,237.75,56.8,0,0,0,0,19-APR-2021,
OPTSTK,HINDUNILVR,27-May-2021,2360,PE,0,0,0,251.65,64.25,0,0,0,0,19-APR-2021,
OPTSTK,HINDUNILVR,27-May-2021,2380,PE,0,0,0,265.9,72.3,0,0,0,0,19-APR-2021,
OPTSTK,HINDUNILVR,27-May-2021,2400,PE,79,79,62,69,69,22,162.79,5700,3300,19-APR-2021,
OPTSTK,HINDUNILVR,27-May-2021,2420,PE,0,0,0,295.45,90.25,0,0,0,0,19-APR-2021,
OPTSTK,HINDUNILVR,27-May-2021,2440,PE,0,0,0,310.65,100.15,0,0,0,0,19-APR-2021,
OPTSTK,HINDUNILVR,27-May-2021,2460,PE,0,0,0,100,110.7,0,0,300,0,19-APR-2021,
OPTSTK,HINDUNILVR,27-May-2021,2480,PE,0,0,0,341.9,121.8,0,0,0,0,19-APR-2021,
OPTSTK,HINDUNILVR,27-May-2021,2500,PE,0,0,0,357.95,133.5,0,0,0,0,19-APR-2021,
OPTSTK,HINDUNILVR,27-May-2021,2520,PE,0,0,0,374.25,145.8,0,0,0,0,19-APR-2021,
OPTSTK,HINDUNILVR,27-May-2021,2540,PE,0,0,0,390.8,158.7,0,0,0,0,19-APR-2021,
OPTSTK,HINDUNILVR,27-May-2021,2560,PE,0,0,0,407.55,172.1,0,0,0,0,19-APR-2021,
OPTSTK,HINDUNILVR,27-May-2021,2580,PE,0,0,0,424.55,186,0,0,0,0,19-APR-2021,
OPTSTK,HINDUNILVR,27-May-2021,2600,PE,0,0,0,441.7,200.4,0,0,0,0,19-APR-2021,
OPTSTK,HINDUNILVR,27-May-2021,2620,PE,0,0,0,459.1,215.45,0,0,0,0,19-APR-2021,
OPTSTK,HINDUNILVR,27-May-2021,2640,PE,0,0,0,476.65,230.7,0,0,0,0,19-APR-2021,
OPTSTK,HINDUNILVR,27-May-2021,2660,PE,0,0,0,494.4,246.45,0,0,0,0,19-APR-2021,
OPTSTK,HINDUNILVR,27-May-2021,2680,PE,0,0,0,512.3,262.6,0,0,0,0,19-APR-2021,
OPTSTK,HINDUNILVR,27-May-2021,2700,PE,0,0,0,530.35,279.15,0,0,0,0,19-APR-2021,
OPTSTK,HINDUNILVR,27-May-2021,2720,PE,0,0,0,548.5,296,0,0,0,0,19-APR-2021,
OPTSTK,HINDUNILVR,27-May-2021,2740,PE,0,0,0,566.8,313.2,0,0,0,0,19-APR-2021,
OPTSTK,HINDUNILVR,27-May-2021,2760,PE,0,0,0,585.25,330.65,0,0,0,0,19-APR-2021,
OPTSTK,HINDUNILVR,27-May-2021,2780,PE,0,0,0,603.8,348.4,0,0,0,0,19-APR-2021,
OPTSTK,HINDUNILVR,27-May-2021,2800,PE,0,0,0,622.45,366.35,0,0,0,0,19-APR-2021,
OPTSTK,HINDUNILVR,27-May-2021,2820,PE,0,0,0,641.15,384.55,0,0,0,0,19-APR-2021,
OPTSTK,HINDUNILVR,27-May-2021,2840,PE,0,0,0,660,402.95,0,0,0,0,19-APR-2021,
OPTSTK,HINDUNILVR,27-May-2021,2860,PE,0,0,0,678.9,421.55,0,0,0,0,19-APR-2021,
OPTSTK,HINDUNILVR,27-May-2021,2880,PE,0,0,0,697.9,440.25,0,0,0,0,19-APR-2021,
OPTSTK,HINDUNILVR,24-Jun-2021,1620,CE,0,0,0,634.5,827.1,0,0,0,0,19-APR-2021,
OPTSTK,HINDUNILVR,24-Jun-2021,1640,CE,0,0,0,615.25,807.25,0,0,0,0,19-APR-2021,
OPTSTK,HINDUNILVR,24-Jun-2021,1660,CE,0,0,0,596.1,787.45,0,0,0,0,19-APR-2021,
OPTSTK,HINDUNILVR,24-Jun-2021,1680,CE,0,0,0,577.05,767.65,0,0,0,0,19-APR-2021,
OPTSTK,HINDUNILVR,24-Jun-2021,1700,CE,0,0,0,558.15,747.9,0,0,0,0,19-APR-2021,
OPTSTK,HINDUNILVR,24-Jun-2021,1720,CE,0,0,0,539.35,728.15,0,0,0,0,19-APR-2021,
OPTSTK,HINDUNILVR,24-Jun-2021,1740,CE,0,0,0,520.75,708.45,0,0,0,0,19-APR-2021,
OPTSTK,HINDUNILVR,24-Jun-2021,1760,CE,0,0,0,502.3,688.75,0,0,0,0,19-APR-2021,
OPTSTK,HINDUNILVR,24-Jun-2021,1780,CE,0,0,0,484.05,669.15,0,0,0,0,19-APR-2021,
OPTSTK,HINDUNILVR,24-Jun-2021,1800,CE,0,0,0,466.05,649.55,0,0,0,0,19-APR-2021,
OPTSTK,HINDUNILVR,24-Jun-2021,1820,CE,0,0,0,448.2,630.05,0,0,0,0,19-APR-2021,
OPTSTK,HINDUNILVR,24-Jun-2021,1840,CE,0,0,0,430.65,610.6,0,0,0,0,19-APR-2021,
OPTSTK,HINDUNILVR,24-Jun-2021,1860,CE,0,0,0,413.35,591.25,0,0,0,0,19-APR-2021,
OPTSTK,HINDUNILVR,24-Jun-2021,1880,CE,0,0,0,396.35,572,0,0,0,0,19-APR-2021,
OPTSTK,HINDUNILVR,24-Jun-2021,1900,CE,0,0,0,379.65,552.85,0,0,0,0,19-APR-2021,
OPTSTK,HINDUNILVR,24-Jun-2021,1920,CE,0,0,0,363.25,533.85,0,0,0,0,19-APR-2021,
OPTSTK,HINDUNILVR,24-Jun-2021,1940,CE,0,0,0,347.2,515,0,0,0,0,19-APR-2021,
OPTSTK,HINDUNILVR,24-Jun-2021,1960,CE,0,0,0,331.45,496.3,0,0,0,0,19-APR-2021,
OPTSTK,HINDUNILVR,24-Jun-2021,1980,CE,0,0,0,316.1,477.75,0,0,0,0,19-APR-2021,
OPTSTK,HINDUNILVR,24-Jun-2021,2000,CE,0,0,0,301.2,459.45,0,0,0,0,19-APR-2021,
OPTSTK,HINDUNILVR,24-Jun-2021,2020,CE,0,0,0,286.6,441.3,0,0,0,0,19-APR-2021,
OPTSTK,HINDUNILVR,24-Jun-2021,2040,CE,0,0,0,272.4,423.45,0,0,0,0,19-APR-2021,
OPTSTK,HINDUNILVR,24-Jun-2021,2060,CE,0,0,0,258.5,405.8,0,0,0,0,19-APR-2021,
OPTSTK,HINDUNILVR,24-Jun-2021,2080,CE,0,0,0,245.15,388.45,0,0,0,0,19-APR-2021,
OPTSTK,HINDUNILVR,24-Jun-2021,2100,CE,0,0,0,232.2,371.4,0,0,0,0,19-APR-2021,
OPTSTK,HINDUNILVR,24-Jun-2021,2120,CE,0,0,0,219.7,354.65,0,0,0,0,19-APR-2021,
OPTSTK,HINDUNILVR,24-Jun-2021,2140,CE,0,0,0,207.65,338.25,0,0,0,0,19-APR-2021,
OPTSTK,HINDUNILVR,24-Jun-2021,2160,CE,0,0,0,196,322.2,0,0,0,0,19-APR-2021,
OPTSTK,HINDUNILVR,24-Jun-2021,2180,CE,0,0,0,184.8,306.5,0,0,0,0,19-APR-2021,
OPTSTK,HINDUNILVR,24-Jun-2021,2200,CE,0,0,0,174.05,291.2,0,0,0,0,19-APR-2021,
OPTSTK,HINDUNILVR,24-Jun-2021,2220,CE,0,0,0,163.75,276.35,0,0,0,0,19-APR-2021,
OPTSTK,HINDUNILVR,24-Jun-2021,2240,CE,0,0,0,153.9,261.85,0,0,0,0,19-APR-2021,
OPTSTK,HINDUNILVR,24-Jun-2021,2260,CE,0,0,0,144.45,247.7,0,0,0,0,19-APR-2021,
OPTSTK,HINDUNILVR,24-Jun-2021,2280,CE,0,0,0,135.45,234.05,0,0,0,0,19-APR-2021,
OPTSTK,HINDUNILVR,24-Jun-2021,2300,CE,0,0,0,126.85,220.9,0,0,0,0,19-APR-2021,
OPTSTK,HINDUNILVR,24-Jun-2021,2320,CE,0,0,0,118.7,208.15,0,0,0,0,19-APR-2021,
OPTSTK,HINDUNILVR,24-Jun-2021,2340,CE,0,0,0,110.9,195.9,0,0,0,0,19-APR-2021,
OPTSTK,HINDUNILVR,24-Jun-2021,2360,CE,0,0,0,103.55,184.15,0,0,0,0,19-APR-2021,
OPTSTK,HINDUNILVR,24-Jun-2021,2380,CE,0,0,0,96.55,172.8,0,0,0,0,19-APR-2021,
OPTSTK,HINDUNILVR,24-Jun-2021,2400,CE,0,0,0,89.95,162,0,0,0,0,19-APR-2021,
OPTSTK,HINDUNILVR,24-Jun-2021,2420,CE,0,0,0,83.7,151.6,0,0,0,0,19-APR-2021,
OPTSTK,HINDUNILVR,24-Jun-2021,2440,CE,0,0,0,77.8,141.7,0,0,0,0,19-APR-2021,
OPTSTK,HINDUNILVR,24-Jun-2021,2460,CE,0,0,0,72.25,132.25,0,0,0,0,19-APR-2021,
OPTSTK,HINDUNILVR,24-Jun-2021,2480,CE,0,0,0,67,123.25,0,0,0,0,19-APR-2021,
OPTSTK,HINDUNILVR,24-Jun-2021,2500,CE,0,0,0,62.2,114.75,0,0,0,0,19-APR-2021,
OPTSTK,HINDUNILVR,24-Jun-2021,2520,CE,0,0,0,57.65,106.65,0,0,0,0,19-APR-2021,
OPTSTK,HINDUNILVR,24-Jun-2021,2540,CE,0,0,0,53.35,99,0,0,0,0,19-APR-2021,
OPTSTK,HINDUNILVR,24-Jun-2021,2560,CE,0,0,0,49.2,91.8,0,0,0,0,19-APR-2021,
OPTSTK,HINDUNILVR,24-Jun-2021,2580,CE,0,0,0,45.45,84.95,0,0,0,0,19-APR-2021,
OPTSTK,HINDUNILVR,24-Jun-2021,2600,CE,0,0,0,41.9,78.55,0,0,0,0,19-APR-2021,
OPTSTK,HINDUNILVR,24-Jun-2021,2620,CE,0,0,0,38.6,72.55,0,0,0,0,19-APR-2021,
OPTSTK,HINDUNILVR,24-Jun-2021,2640,CE,0,0,0,35.55,66.9,0,0,0,0,19-APR-2021,
OPTSTK,HINDUNILVR,24-Jun-2021,2660,CE,0,0,0,32.7,61.6,0,0,0,0,19-APR-2021,
OPTSTK,HINDUNILVR,24-Jun-2021,2680,CE,0,0,0,30.05,56.8,0,0,0,0,19-APR-2021,
OPTSTK,HINDUNILVR,24-Jun-2021,2700,CE,0,0,0,27.6,52.2,0,0,0,0,19-APR-2021,
OPTSTK,HINDUNILVR,24-Jun-2021,2720,CE,0,0,0,25.3,47.8,0,0,0,0,19-APR-2021,
OPTSTK,HINDUNILVR,24-Jun-2021,2740,CE,0,0,0,23.2,43.8,0,0,0,0,19-APR-2021,
OPTSTK,HINDUNILVR,24-Jun-2021,2760,CE,0,0,0,21.25,40.1,0,0,0,0,19-APR-2021,
OPTSTK,HINDUNILVR,24-Jun-2021,2780,CE,0,0,0,19.45,36.65,0,0,0,0,19-APR-2021,
OPTSTK,HINDUNILVR,24-Jun-2021,2800,CE,0,0,0,17.8,33.45,0,0,0,0,19-APR-2021,
OPTSTK,HINDUNILVR,24-Jun-2021,2820,CE,0,0,0,16.25,30.5,0,0,0,0,19-APR-2021,
OPTSTK,HINDUNILVR,24-Jun-2021,2840,CE,0,0,0,14.85,27.8,0,0,0,0,19-APR-2021,
OPTSTK,HINDUNILVR,24-Jun-2021,2860,CE,0,0,0,13.5,25.3,0,0,0,0,19-APR-2021,
OPTSTK,HINDUNILVR,24-Jun-2021,2880,CE,0,0,0,12.35,22.95,0,0,0,0,19-APR-2021,
OPTSTK,HINDUNILVR,24-Jun-2021,1620,PE,0,0,0,2.4,0.15,0,0,0,0,19-APR-2021,
OPTSTK,HINDUNILVR,24-Jun-2021,1640,PE,0,0,0,2.95,0.2,0,0,0,0,19-APR-2021,
OPTSTK,HINDUNILVR,24-Jun-2021,1660,PE,0,0,0,3.6,0.25,0,0,0,0,19-APR-2021,
OPTSTK,HINDUNILVR,24-Jun-2021,1680,PE,0,0,0,4.35,0.3,0,0,0,0,19-APR-2021,
OPTSTK,HINDUNILVR,24-Jun-2021,1700,PE,0,0,0,5.25,0.4,0,0,0,0,19-APR-2021,
OPTSTK,HINDUNILVR,24-Jun-2021,1720,PE,0,0,0,6.3,0.55,0,0,0,0,19-APR-2021,
OPTSTK,HINDUNILVR,24-Jun-2021,1740,PE,0,0,0,7.5,0.7,0,0,0,0,19-APR-2021,
OPTSTK,HINDUNILVR,24-Jun-2021,1760,PE,0,0,0,8.9,0.85,0,0,0,0,19-APR-2021,
OPTSTK,HINDUNILVR,24-Jun-2021,1780,PE,0,0,0,10.45,1.1,0,0,0,0,19-APR-2021,
OPTSTK,HINDUNILVR,24-Jun-2021,1800,PE,0,0,0,12.25,1.4,0,0,0,0,19-APR-2021,
OPTSTK,HINDUNILVR,24-Jun-2021,1820,PE,0,0,0,14.25,1.75,0,0,0,0,19-APR-2021,
OPTSTK,HINDUNILVR,24-Jun-2021,1840,PE,0,0,0,16.5,2.2,0,0,0,0,19-APR-2021,
OPTSTK,HINDUNILVR,24-Jun-2021,1860,PE,0,0,0,19,2.7,0,0,0,0,19-APR-2021,
OPTSTK,HINDUNILVR,24-Jun-2021,1880,PE,0,0,0,21.8,3.3,0,0,0,0,19-APR-2021,
OPTSTK,HINDUNILVR,24-Jun-2021,1900,PE,0,0,0,24.9,4.05,0,0,0,0,19-APR-2021,
OPTSTK,HINDUNILVR,24-Jun-2021,1920,PE,0,0,0,28.35,4.9,0,0,0,0,19-APR-2021,
OPTSTK,HINDUNILVR,24-Jun-2021,1940,PE,0,0,0,32.1,5.9,0,0,0,0,19-APR-2021,
OPTSTK,HINDUNILVR,24-Jun-2021,1960,PE,0,0,0,36.15,7.05,0,0,0,0,19-APR-2021,
OPTSTK,HINDUNILVR,24-Jun-2021,1980,PE,0,0,0,40.65,8.4,0,0,0,0,19-APR-2021,
OPTSTK,HINDUNILVR,24-Jun-2021,2000,PE,0,0,0,45.55,9.9,0,0,0,0,19-APR-2021,
OPTSTK,HINDUNILVR,24-Jun-2021,2020,PE,0,0,0,50.75,11.65,0,0,0,0,19-APR-2021,
OPTSTK,HINDUNILVR,24-Jun-2021,2040,PE,0,0,0,56.35,13.65,0,0,0,0,19-APR-2021,
OPTSTK,HINDUNILVR,24-Jun-2021,2060,PE,0,0,0,62.25,15.9,0,0,0,0,19-APR-2021,
OPTSTK,HINDUNILVR,24-Jun-2021,2080,PE,0,0,0,68.75,18.4,0,0,0,0,19-APR-2021,
OPTSTK,HINDUNILVR,24-Jun-2021,2100,PE,0,0,0,75.6,21.2,0,0,0,0,19-APR-2021,
OPTSTK,HINDUNILVR,24-Jun-2021,2120,PE,0,0,0,82.9,24.35,0,0,0,0,19-APR-2021,
OPTSTK,HINDUNILVR,24-Jun-2021,2140,PE,0,0,0,90.65,27.8,0,0,0,0,19-APR-2021,
OPTSTK,HINDUNILVR,24-Jun-2021,2160,PE,0,0,0,98.85,31.6,0,0,0,0,19-APR-2021,
OPTSTK,HINDUNILVR,24-Jun-2021,2180,PE,0,0,0,107.5,35.75,0,0,0,0,19-APR-2021,
OPTSTK,HINDUNILVR,24-Jun-2021,2200,PE,0,0,0,116.55,40.35,0,0,0,0,19-APR-2021,
OPTSTK,HINDUNILVR,24-Jun-2021,2220,PE,0,0,0,126.05,45.35,0,0,0,0,19-APR-2021,
OPTSTK,HINDUNILVR,24-Jun-2021,2240,PE,0,0,0,136,50.7,0,0,0,0,19-APR-2021,
OPTSTK,HINDUNILVR,24-Jun-2021,2260,PE,0,0,0,146.35,56.4,0,0,0,0,19-APR-2021,
OPTSTK,HINDUNILVR,24-Jun-2021,2280,PE,0,0,0,157.2,62.65,0,0,0,0,19-APR-2021,
OPTSTK,HINDUNILVR,24-Jun-2021,2300,PE,0,0,0,168.4,69.35,0,0,0,0,19-APR-2021,
OPTSTK,HINDUNILVR,24-Jun-2021,2320,PE,0,0,0,180.05,76.5,0,0,0,0,19-APR-2021,
OPTSTK,HINDUNILVR,24-Jun-2021,2340,PE,0,0,0,192.1,84.1,0,0,0,0,19-APR-2021,
OPTSTK,HINDUNILVR,24-Jun-2021,2360,PE,0,0,0,204.55,92.2,0,0,0,0,19-APR-2021,
OPTSTK,HINDUNILVR,24-Jun-2021,2380,PE,0,0,0,217.35,100.75,0,0,0,0,19-APR-2021,
OPTSTK,HINDUNILVR,24-Jun-2021,2400,PE,0,0,0,230.55,109.75,0,0,0,0,19-APR-2021,
OPTSTK,HINDUNILVR,24-Jun-2021,2420,PE,0,0,0,244.1,119.25,0,0,0,0,19-APR-2021,
OPTSTK,HINDUNILVR,24-Jun-2021,2440,PE,0,0,0,258.05,129.2,0,0,0,0,19-APR-2021,
OPTSTK,HINDUNILVR,24-Jun-2021,2460,PE,0,0,0,272.3,139.65,0,0,0,0,19-APR-2021,
OPTSTK,HINDUNILVR,24-Jun-2021,2480,PE,0,0,0,286.9,150.5,0,0,0,0,19-APR-2021,
OPTSTK,HINDUNILVR,24-Jun-2021,2500,PE,0,0,0,301.9,161.85,0,0,0,0,19-APR-2021,
OPTSTK,HINDUNILVR,24-Jun-2021,2520,PE,0,0,0,317.15,173.65,0,0,0,0,19-APR-2021,
OPTSTK,HINDUNILVR,24-Jun-2021,2540,PE,0,0,0,332.65,185.85,0,0,0,0,19-APR-2021,
OPTSTK,HINDUNILVR,24-Jun-2021,2560,PE,0,0,0,348.35,198.5,0,0,0,0,19-APR-2021,
OPTSTK,HINDUNILVR,24-Jun-2021,2580,PE,0,0,0,364.4,211.55,0,0,0,0,19-APR-2021,
OPTSTK,HINDUNILVR,24-Jun-2021,2600,PE,0,0,0,380.65,225,0,0,0,0,19-APR-2021,
OPTSTK,HINDUNILVR,24-Jun-2021,2620,PE,0,0,0,397.2,238.85,0,0,0,0,19-APR-2021,
OPTSTK,HINDUNILVR,24-Jun-2021,2640,PE,0,0,0,413.95,253.05,0,0,0,0,19-APR-2021,
OPTSTK,HINDUNILVR,24-Jun-2021,2660,PE,0,0,0,430.9,267.6,0,0,0,0,19-APR-2021,
OPTSTK,HINDUNILVR,24-Jun-2021,2680,PE,0,0,0,448.05,282.65,0,0,0,0,19-APR-2021,
OPTSTK,HINDUNILVR,24-Jun-2021,2700,PE,0,0,0,465.4,297.95,0,0,0,0,19-APR-2021,
OPTSTK,HINDUNILVR,24-Jun-2021,2720,PE,0,0,0,482.95,313.4,0,0,0,0,19-APR-2021,
OPTSTK,HINDUNILVR,24-Jun-2021,2740,PE,0,0,0,500.65,329.3,0,0,0,0,19-APR-2021,
OPTSTK,HINDUNILVR,24-Jun-2021,2760,PE,0,0,0,518.5,345.45,0,0,0,0,19-APR-2021,
OPTSTK,HINDUNILVR,24-Jun-2021,2780,PE,0,0,0,536.55,361.85,0,0,0,0,19-APR-2021,
OPTSTK,HINDUNILVR,24-Jun-2021,2800,PE,0,0,0,554.65,378.55,0,0,0,0,19-APR-2021,
OPTSTK,HINDUNILVR,24-Jun-2021,2820,PE,0,0,0,572.95,395.45,0,0,0,0,19-APR-2021,
OPTSTK,HINDUNILVR,24-Jun-2021,2840,PE,0,0,0,591.35,412.6,0,0,0,0,19-APR-2021,
OPTSTK,HINDUNILVR,24-Jun-2021,2860,PE,0,0,0,609.85,429.95,0,0,0,0,19-APR-2021,
OPTSTK,HINDUNILVR,24-Jun-2021,2880,PE,0,0,0,628.45,447.5,0,0,0,0,19-APR-2021,
OPTSTK,IBULHSGFIN,29-Apr-2021,120,CE,0,0,0,81.25,41.25,0,0,0,0,19-APR-2021,
OPTSTK,IBULHSGFIN,29-Apr-2021,125,CE,0,0,0,40,36.45,0,0,3100,0,19-APR-2021,
OPTSTK,IBULHSGFIN,29-Apr-2021,130,CE,27.3,32.2,27.3,31.8,31.8,5,24.83,12400,12400,19-APR-2021,
OPTSTK,IBULHSGFIN,29-Apr-2021,135,CE,0,0,0,70.45,27.45,0,0,0,0,19-APR-2021,
OPTSTK,IBULHSGFIN,29-Apr-2021,140,CE,19.6,24,19,23.55,23.55,7,35.09,80600,-3100,19-APR-2021,
OPTSTK,IBULHSGFIN,29-Apr-2021,145,CE,0,0,0,63.85,19.55,0,0,0,0,19-APR-2021,
OPTSTK,IBULHSGFIN,29-Apr-2021,150,CE,10,16,10,15.05,15.05,26,131.9,52700,31000,19-APR-2021,
OPTSTK,IBULHSGFIN,29-Apr-2021,155,CE,16.45,16.45,7.5,11.05,11.05,90,459.65,58900,43400,19-APR-2021,
OPTSTK,IBULHSGFIN,29-Apr-2021,160,CE,6,9.4,5.3,8.1,8.1,3280,17045.15,1512800,1243100,19-APR-2021,
OPTSTK,IBULHSGFIN,29-Apr-2021,165,CE,5,7.05,3.8,5.8,5.8,877,4628.65,567300,142600,19-APR-2021,
OPTSTK,IBULHSGFIN,29-Apr-2021,170,CE,2.75,5.2,2.5,4,4,2390,12877.19,1559300,158100,19-APR-2021,
OPTSTK,IBULHSGFIN,29-Apr-2021,175,CE,1.7,3.7,1.7,2.8,2.8,368,2025.68,477400,-18600,19-APR-2021,
OPTSTK,IBULHSGFIN,29-Apr-2021,180,CE,1.7,2.7,1.25,2.05,2.05,1149,6476.95,1298900,-269700,19-APR-2021,
OPTSTK,IBULHSGFIN,29-Apr-2021,185,CE,1.05,2,0.95,1.55,1.55,230,1328.7,176700,-40300,19-APR-2021,
OPTSTK,IBULHSGFIN,29-Apr-2021,190,CE,0.5,1.5,0.5,1.15,1.15,341,2019.23,818400,-43400,19-APR-2021,
OPTSTK,IBULHSGFIN,29-Apr-2021,195,CE,0.6,1.1,0.5,0.9,0.9,148,898.24,626200,-55800,19-APR-2021,
OPTSTK,IBULHSGFIN,29-Apr-2021,200,CE,0.5,0.9,0.4,0.7,0.7,347,2157.8,2697000,-251100,19-APR-2021,
OPTSTK,IBULHSGFIN,29-Apr-2021,205,CE,0.5,0.7,0.35,0.7,0.7,51,324.83,499100,-15500,19-APR-2021,
OPTSTK,IBULHSGFIN,29-Apr-2021,210,CE,0.4,0.5,0.25,0.4,0.4,143,932.59,1891000,-151900,19-APR-2021,
OPTSTK,IBULHSGFIN,29-Apr-2021,215,CE,0.35,0.55,0.2,0.55,0.35,9,60.1,359600,-15500,19-APR-2021,
OPTSTK,IBULHSGFIN,29-Apr-2021,220,CE,0.55,0.55,0.25,0.45,0.45,113,772.01,1816600,-139500,19-APR-2021,
OPTSTK,IBULHSGFIN,29-Apr-2021,225,CE,0.5,0.55,0.45,0.45,0.2,6,41.93,337900,-18600,19-APR-2021,
OPTSTK,IBULHSGFIN,29-Apr-2021,230,CE,0.3,0.4,0.3,0.35,0.35,48,342.77,914500,-43400,19-APR-2021,
OPTSTK,IBULHSGFIN,29-Apr-2021,235,CE,0.2,0.35,0.2,0.35,0.1,2,14.58,86800,0,19-APR-2021,
OPTSTK,IBULHSGFIN,29-Apr-2021,240,CE,0.2,0.4,0.2,0.35,0.05,33,245.85,585900,-27900,19-APR-2021,
OPTSTK,IBULHSGFIN,29-Apr-2021,245,CE,0.1,0.3,0.1,0.25,0.05,9,68.42,55800,-15500,19-APR-2021,
OPTSTK,IBULHSGFIN,29-Apr-2021,250,CE,0.15,0.3,0.1,0.25,0.05,38,294.72,759500,-40300,19-APR-2021,
OPTSTK,IBULHSGFIN,29-Apr-2021,255,CE,0.15,0.25,0.15,0.25,0.05,2,15.82,9300,-3100,19-APR-2021,
OPTSTK,IBULHSGFIN,29-Apr-2021,260,CE,0.15,0.3,0.1,0.25,0.05,44,354.89,226300,-83700,19-APR-2021,
OPTSTK,IBULHSGFIN,29-Apr-2021,265,CE,0,0,0,18.45,0.05,0,0,0,0,19-APR-2021,
OPTSTK,IBULHSGFIN,29-Apr-2021,270,CE,0.05,0.2,0.05,0.2,0,6,50.24,96100,-15500,19-APR-2021,
OPTSTK,IBULHSGFIN,29-Apr-2021,275,CE,0,0,0,1.2,0,0,0,6200,0,19-APR-2021,
OPTSTK,IBULHSGFIN,29-Apr-2021,280,CE,0.3,0.3,0.3,0.3,0,1,8.68,77500,0,19-APR-2021,
OPTSTK,IBULHSGFIN,29-Apr-2021,285,CE,0,0,0,0.1,0,0,0,0,0,19-APR-2021,
OPTSTK,IBULHSGFIN,29-Apr-2021,290,CE,0.15,0.15,0.15,0.15,0,2,17.98,93000,-6200,19-APR-2021,
OPTSTK,IBULHSGFIN,29-Apr-2021,120,PE,1.2,1.25,0.85,1.1,1.1,125,469.19,195300,189100,19-APR-2021,
OPTSTK,IBULHSGFIN,29-Apr-2021,125,PE,0,0,0,7.75,0.5,0,0,0,0,19-APR-2021,
OPTSTK,IBULHSGFIN,29-Apr-2021,130,PE,1.6,2.35,1.15,1.55,1.55,201,820.41,595200,158100,19-APR-2021,
OPTSTK,IBULHSGFIN,29-Apr-2021,135,PE,0,0,0,1.8,1.45,0,0,3100,0,19-APR-2021,
OPTSTK,IBULHSGFIN,29-Apr-2021,140,PE,2.45,3.7,1.7,2.25,2.25,618,2732.45,778100,176700,19-APR-2021,
OPTSTK,IBULHSGFIN,29-Apr-2021,145,PE,3.75,4.05,2.6,3.1,3.1,57,262,40300,37200,19-APR-2021,
OPTSTK,IBULHSGFIN,29-Apr-2021,150,PE,4.4,6.45,3.2,3.95,3.95,906,4343.17,1054000,232500,19-APR-2021,
OPTSTK,IBULHSGFIN,29-Apr-2021,155,PE,8.95,8.95,4.4,5.3,5.3,363,1813.08,306900,77500,19-APR-2021,
OPTSTK,IBULHSGFIN,29-Apr-2021,160,PE,11.9,11.9,6.1,7.2,7.2,1018,5318.98,1140800,-151900,19-APR-2021,
OPTSTK,IBULHSGFIN,29-Apr-2021,165,PE,12.35,14,8.65,9.9,9.9,177,967.9,626200,-77500,19-APR-2021,
OPTSTK,IBULHSGFIN,29-Apr-2021,170,PE,15.5,17.8,12,12.75,12.75,184,1054.38,768800,-93000,19-APR-2021,
OPTSTK,IBULHSGFIN,29-Apr-2021,175,PE,21.85,21.85,15.75,15.75,18.8,12,72.09,176700,-15500,19-APR-2021,
OPTSTK,IBULHSGFIN,29-Apr-2021,180,PE,24.85,26.75,19.5,20.65,20.65,32,202.13,1184200,-55800,19-APR-2021,
OPTSTK,IBULHSGFIN,29-Apr-2021,185,PE,30.25,30.25,30.25,30.25,26.7,1,6.67,158100,-3100,19-APR-2021,
OPTSTK,IBULHSGFIN,29-Apr-2021,190,PE,33.9,34.7,28.3,28.3,30.95,14,96.46,548700,-6200,19-APR-2021,
OPTSTK,IBULHSGFIN,29-Apr-2021,195,PE,37.6,37.6,34.8,34.8,34.8,5,35.86,300700,-3100,19-APR-2021,
OPTSTK,IBULHSGFIN,29-Apr-2021,200,PE,44,44.85,38.5,38.5,40,15,112.4,1587200,-15500,19-APR-2021,
OPTSTK,IBULHSGFIN,29-Apr-2021,205,PE,49.7,49.7,48,48,44.7,3,23.6,124000,-9300,19-APR-2021,
OPTSTK,IBULHSGFIN,29-Apr-2021,210,PE,54.95,54.95,52.05,52.85,49.45,3,24.48,1596500,-6200,19-APR-2021,
OPTSTK,IBULHSGFIN,29-Apr-2021,215,PE,57,57,57,57,54.3,1,8.43,65100,-3100,19-APR-2021,
OPTSTK,IBULHSGFIN,29-Apr-2021,220,PE,61.15,62.3,61.15,62,59.2,7,61.21,213900,-18600,19-APR-2021,
OPTSTK,IBULHSGFIN,29-Apr-2021,225,PE,0,0,0,56,64.1,0,0,12400,0,19-APR-2021,
OPTSTK,IBULHSGFIN,29-Apr-2021,230,PE,0,0,0,40.8,69.05,0,0,49600,0,19-APR-2021,
OPTSTK,IBULHSGFIN,29-Apr-2021,235,PE,0,0,0,22,74,0,0,3100,0,19-APR-2021,
OPTSTK,IBULHSGFIN,29-Apr-2021,240,PE,0,0,0,40.3,79,0,0,21700,0,19-APR-2021,
OPTSTK,IBULHSGFIN,29-Apr-2021,245,PE,0,0,0,71.9,83.95,0,0,0,0,19-APR-2021,
OPTSTK,IBULHSGFIN,29-Apr-2021,250,PE,0,0,0,53,88.95,0,0,24800,0,19-APR-2021,
OPTSTK,IBULHSGFIN,29-Apr-2021,255,PE,0,0,0,79.5,93.95,0,0,0,0,19-APR-2021,
OPTSTK,IBULHSGFIN,29-Apr-2021,260,PE,0,0,0,83.45,98.9,0,0,0,0,19-APR-2021,
OPTSTK,IBULHSGFIN,29-Apr-2021,265,PE,0,0,0,87.4,103.9,0,0,0,0,19-APR-2021,
OPTSTK,IBULHSGFIN,29-Apr-2021,270,PE,0,0,0,91.4,108.9,0,0,0,0,19-APR-2021,
OPTSTK,IBULHSGFIN,29-Apr-2021,275,PE,0,0,0,95.45,113.9,0,0,0,0,19-APR-2021,
OPTSTK,IBULHSGFIN,29-Apr-2021,280,PE,0,0,0,90.55,118.9,0,0,0,0,19-APR-2021,
OPTSTK,IBULHSGFIN,29-Apr-2021,285,PE,0,0,0,94.55,123.9,0,0,0,0,19-APR-2021,
OPTSTK,IBULHSGFIN,29-Apr-2021,290,PE,0,0,0,93.45,128.9,0,0,0,0,19-APR-2021,
OPTSTK,IBULHSGFIN,27-May-2021,120,CE,0,0,0,79.3,44.9,0,0,0,0,19-APR-2021,
OPTSTK,IBULHSGFIN,27-May-2021,125,CE,0,0,0,82.2,41.05,0,0,0,0,19-APR-2021,
OPTSTK,IBULHSGFIN,27-May-2021,130,CE,0,0,0,78.05,37.35,0,0,0,0,19-APR-2021,
OPTSTK,IBULHSGFIN,27-May-2021,135,CE,0,0,0,85.45,33.9,0,0,0,0,19-APR-2021,
OPTSTK,IBULHSGFIN,27-May-2021,140,CE,0,0,0,87.45,30.7,0,0,0,0,19-APR-2021,
OPTSTK,IBULHSGFIN,27-May-2021,145,CE,0,0,0,90,27.65,0,0,0,0,19-APR-2021,
OPTSTK,IBULHSGFIN,27-May-2021,150,CE,0,0,0,86.3,24.9,0,0,0,0,19-APR-2021,
OPTSTK,IBULHSGFIN,27-May-2021,155,CE,0,0,0,82.75,22.3,0,0,0,0,19-APR-2021,
OPTSTK,IBULHSGFIN,27-May-2021,160,CE,0,0,0,79.3,19.95,0,0,0,0,19-APR-2021,
OPTSTK,IBULHSGFIN,27-May-2021,165,CE,0,0,0,75.95,17.8,0,0,0,0,19-APR-2021,
OPTSTK,IBULHSGFIN,27-May-2021,170,CE,10,12.05,8.75,10.65,10.65,171,954.52,294500,182900,19-APR-2021,
OPTSTK,IBULHSGFIN,27-May-2021,175,CE,0,0,0,69.6,14.1,0,0,0,0,19-APR-2021,
OPTSTK,IBULHSGFIN,27-May-2021,180,CE,6.05,8.3,5.95,7.6,7.6,124,718.69,347200,15500,19-APR-2021,
OPTSTK,IBULHSGFIN,27-May-2021,185,CE,0,0,0,9.6,11.05,0,0,6200,0,19-APR-2021,
OPTSTK,IBULHSGFIN,27-May-2021,190,CE,4.8,5.5,4.7,5.3,5.3,17,102.82,46500,18600,19-APR-2021,
OPTSTK,IBULHSGFIN,27-May-2021,195,CE,0,0,0,58.2,8.6,0,0,0,0,19-APR-2021,
OPTSTK,IBULHSGFIN,27-May-2021,200,CE,4.6,4.6,3,3.95,3.95,129,814.96,502200,34100,19-APR-2021,
OPTSTK,IBULHSGFIN,27-May-2021,205,CE,0,0,0,53.15,6.65,0,0,0,0,19-APR-2021,
OPTSTK,IBULHSGFIN,27-May-2021,210,CE,2.9,2.95,2.45,2.9,5.85,8,52.78,130200,6200,19-APR-2021,
OPTSTK,IBULHSGFIN,27-May-2021,215,CE,0,0,0,5,5.15,0,0,6200,0,19-APR-2021,
OPTSTK,IBULHSGFIN,27-May-2021,220,CE,0,0,0,10,4.5,0,0,12400,0,19-APR-2021,
OPTSTK,IBULHSGFIN,27-May-2021,225,CE,0,0,0,44.25,3.95,0,0,0,0,19-APR-2021,
OPTSTK,IBULHSGFIN,27-May-2021,230,CE,0,0,0,6,3.45,0,0,3100,0,19-APR-2021,
OPTSTK,IBULHSGFIN,27-May-2021,235,CE,0,0,0,40.3,3,0,0,0,0,19-APR-2021,
OPTSTK,IBULHSGFIN,27-May-2021,240,CE,1,1,1,1,2.6,2,14.94,43400,6200,19-APR-2021,
OPTSTK,IBULHSGFIN,27-May-2021,245,CE,0,0,0,36.7,2.3,0,0,0,0,19-APR-2021,
OPTSTK,IBULHSGFIN,27-May-2021,250,CE,0,0,0,1,2,0,0,9300,0,19-APR-2021,
OPTSTK,IBULHSGFIN,27-May-2021,255,CE,0,0,0,33.45,1.75,0,0,0,0,19-APR-2021,
OPTSTK,IBULHSGFIN,27-May-2021,260,CE,0,0,0,31.9,1.5,0,0,0,0,19-APR-2021,
OPTSTK,IBULHSGFIN,27-May-2021,265,CE,0,0,0,30.45,1.3,0,0,0,0,19-APR-2021,
OPTSTK,IBULHSGFIN,27-May-2021,270,CE,0,0,0,29.05,1.15,0,0,0,0,19-APR-2021,
OPTSTK,IBULHSGFIN,27-May-2021,275,CE,0,0,0,27.7,1,0,0,0,0,19-APR-2021,
OPTSTK,IBULHSGFIN,27-May-2021,280,CE,0,0,0,26.45,0.85,0,0,0,0,19-APR-2021,
OPTSTK,IBULHSGFIN,27-May-2021,285,CE,0,0,0,25.25,0.75,0,0,0,0,19-APR-2021,
OPTSTK,IBULHSGFIN,27-May-2021,290,CE,0,0,0,24.05,0.65,0,0,0,0,19-APR-2021,
OPTSTK,IBULHSGFIN,27-May-2021,120,PE,1.95,1.95,1.6,1.75,3.6,3,11.32,9300,9300,19-APR-2021,
OPTSTK,IBULHSGFIN,27-May-2021,125,PE,0,0,0,3.2,4.7,0,0,0,0,19-APR-2021,
OPTSTK,IBULHSGFIN,27-May-2021,130,PE,0,0,0,4,6,0,0,0,0,19-APR-2021,
OPTSTK,IBULHSGFIN,27-May-2021,135,PE,0,0,0,4.65,7.55,0,0,0,0,19-APR-2021,
OPTSTK,IBULHSGFIN,27-May-2021,140,PE,8,8,4.05,4.8,9.3,27,121.87,71300,21700,19-APR-2021,
OPTSTK,IBULHSGFIN,27-May-2021,145,PE,0,0,0,8.2,11.25,0,0,0,0,19-APR-2021,
OPTSTK,IBULHSGFIN,27-May-2021,150,PE,10.45,11.5,7.7,8.4,8.4,25,123.28,83700,24800,19-APR-2021,
OPTSTK,IBULHSGFIN,27-May-2021,155,PE,0,0,0,10.85,15.85,0,0,0,0,19-APR-2021,
OPTSTK,IBULHSGFIN,27-May-2021,160,PE,15.45,15.6,13.5,13.5,13.5,5,27.06,133300,6200,19-APR-2021,
OPTSTK,IBULHSGFIN,27-May-2021,165,PE,0,0,0,13.95,21.3,0,0,0,0,19-APR-2021,
OPTSTK,IBULHSGFIN,27-May-2021,170,PE,0,0,0,15.7,24.35,0,0,0,0,19-APR-2021,
OPTSTK,IBULHSGFIN,27-May-2021,175,PE,0,0,0,17.5,27.55,0,0,0,0,19-APR-2021,
OPTSTK,IBULHSGFIN,27-May-2021,180,PE,28.7,30,28.2,28.2,30.95,8,51.79,582800,-3100,19-APR-2021,
OPTSTK,IBULHSGFIN,27-May-2021,185,PE,0,0,0,21.5,34.45,0,0,0,0,19-APR-2021,
OPTSTK,IBULHSGFIN,27-May-2021,190,PE,0,0,0,13,38.15,0,0,6200,0,19-APR-2021,
OPTSTK,IBULHSGFIN,27-May-2021,195,PE,0,0,0,25.95,42,0,0,0,0,19-APR-2021,
OPTSTK,IBULHSGFIN,27-May-2021,200,PE,0,0,0,36,45.95,0,0,77500,0,19-APR-2021,
OPTSTK,IBULHSGFIN,27-May-2021,205,PE,0,0,0,30.8,50,0,0,0,0,19-APR-2021,
OPTSTK,IBULHSGFIN,27-May-2021,210,PE,0,0,0,33.4,54.2,0,0,0,0,19-APR-2021,
OPTSTK,IBULHSGFIN,27-May-2021,215,PE,0,0,0,36.05,58.45,0,0,0,0,19-APR-2021,
OPTSTK,IBULHSGFIN,27-May-2021,220,PE,0,0,0,38.85,62.8,0,0,0,0,19-APR-2021,
OPTSTK,IBULHSGFIN,27-May-2021,225,PE,0,0,0,41.7,67.2,0,0,0,0,19-APR-2021,
OPTSTK,IBULHSGFIN,27-May-2021,230,PE,0,0,0,44.65,71.7,0,0,0,0,19-APR-2021,
OPTSTK,IBULHSGFIN,27-May-2021,235,PE,0,0,0,47.7,76.25,0,0,0,0,19-APR-2021,
OPTSTK,IBULHSGFIN,27-May-2021,240,PE,0,0,0,50.8,80.85,0,0,0,0,19-APR-2021,
OPTSTK,IBULHSGFIN,27-May-2021,245,PE,0,0,0,54,85.5,0,0,0,0,19-APR-2021,
OPTSTK,IBULHSGFIN,27-May-2021,250,PE,0,0,0,57.25,90.15,0,0,0,0,19-APR-2021,
OPTSTK,IBULHSGFIN,27-May-2021,255,PE,0,0,0,60.6,94.9,0,0,0,0,19-APR-2021,
OPTSTK,IBULHSGFIN,27-May-2021,260,PE,0,0,0,64.05,99.65,0,0,0,0,19-APR-2021,
OPTSTK,IBULHSGFIN,27-May-2021,265,PE,0,0,0,67.5,104.45,0,0,0,0,19-APR-2021,
OPTSTK,IBULHSGFIN,27-May-2021,270,PE,0,0,0,71.1,109.25,0,0,0,0,19-APR-2021,
OPTSTK,IBULHSGFIN,27-May-2021,275,PE,0,0,0,74.7,114.1,0,0,0,0,19-APR-2021,
OPTSTK,IBULHSGFIN,27-May-2021,280,PE,0,0,0,78.4,118.95,0,0,0,0,19-APR-2021,
OPTSTK,IBULHSGFIN,27-May-2021,285,PE,0,0,0,82.15,123.8,0,0,0,0,19-APR-2021,
OPTSTK,IBULHSGFIN,27-May-2021,290,PE,0,0,0,85.9,128.7,0,0,0,0,19-APR-2021,
OPTSTK,IBULHSGFIN,24-Jun-2021,120,CE,0,0,0,82,48.8,0,0,0,0,19-APR-2021,
OPTSTK,IBULHSGFIN,24-Jun-2021,125,CE,0,0,0,78.15,45.35,0,0,0,0,19-APR-2021,
OPTSTK,IBULHSGFIN,24-Jun-2021,130,CE,0,0,0,74.4,42.1,0,0,0,0,19-APR-2021,
OPTSTK,IBULHSGFIN,24-Jun-2021,135,CE,0,0,0,70.8,39,0,0,0,0,19-APR-2021,
OPTSTK,IBULHSGFIN,24-Jun-2021,140,CE,0,0,0,67.3,36.1,0,0,0,0,19-APR-2021,
OPTSTK,IBULHSGFIN,24-Jun-2021,145,CE,0,0,0,63.95,33.35,0,0,0,0,19-APR-2021,
OPTSTK,IBULHSGFIN,24-Jun-2021,150,CE,0,0,0,60.75,30.8,0,0,0,0,19-APR-2021,
OPTSTK,IBULHSGFIN,24-Jun-2021,155,CE,0,0,0,57.65,28.4,0,0,0,0,19-APR-2021,
OPTSTK,IBULHSGFIN,24-Jun-2021,160,CE,0,0,0,54.7,26.2,0,0,0,0,19-APR-2021,
OPTSTK,IBULHSGFIN,24-Jun-2021,165,CE,0,0,0,51.85,24.1,0,0,0,0,19-APR-2021,
OPTSTK,IBULHSGFIN,24-Jun-2021,170,CE,0,0,0,49.15,22.2,0,0,0,0,19-APR-2021,
OPTSTK,IBULHSGFIN,24-Jun-2021,175,CE,0,0,0,46.6,20.4,0,0,0,0,19-APR-2021,
OPTSTK,IBULHSGFIN,24-Jun-2021,180,CE,0,0,0,44.1,18.75,0,0,0,0,19-APR-2021,
OPTSTK,IBULHSGFIN,24-Jun-2021,185,CE,0,0,0,41.8,17.2,0,0,0,0,19-APR-2021,
OPTSTK,IBULHSGFIN,24-Jun-2021,190,CE,0,0,0,39.55,15.8,0,0,0,0,19-APR-2021,
OPTSTK,IBULHSGFIN,24-Jun-2021,195,CE,0,0,0,37.45,14.5,0,0,0,0,19-APR-2021,
OPTSTK,IBULHSGFIN,24-Jun-2021,200,CE,0,0,0,35.4,13.3,0,0,0,0,19-APR-2021,
OPTSTK,IBULHSGFIN,24-Jun-2021,205,CE,0,0,0,33.5,12.2,0,0,0,0,19-APR-2021,
OPTSTK,IBULHSGFIN,24-Jun-2021,210,CE,0,0,0,31.7,11.15,0,0,0,0,19-APR-2021,
OPTSTK,IBULHSGFIN,24-Jun-2021,215,CE,0,0,0,29.95,10.2,0,0,0,0,19-APR-2021,
OPTSTK,IBULHSGFIN,24-Jun-2021,220,CE,0,0,0,28.35,9.35,0,0,0,0,19-APR-2021,
OPTSTK,IBULHSGFIN,24-Jun-2021,225,CE,0,0,0,26.8,8.55,0,0,0,0,19-APR-2021,
OPTSTK,IBULHSGFIN,24-Jun-2021,230,CE,0,0,0,25.3,7.85,0,0,0,0,19-APR-2021,
OPTSTK,IBULHSGFIN,24-Jun-2021,235,CE,0,0,0,23.95,7.2,0,0,0,0,19-APR-2021,
OPTSTK,IBULHSGFIN,24-Jun-2021,240,CE,0,0,0,22.6,6.55,0,0,0,0,19-APR-2021,
OPTSTK,IBULHSGFIN,24-Jun-2021,245,CE,0,0,0,21.4,6,0,0,0,0,19-APR-2021,
OPTSTK,IBULHSGFIN,24-Jun-2021,250,CE,0,0,0,20.2,5.5,0,0,0,0,19-APR-2021,
OPTSTK,IBULHSGFIN,24-Jun-2021,255,CE,0,0,0,19.1,5.05,0,0,0,0,19-APR-2021,
OPTSTK,IBULHSGFIN,24-Jun-2021,260,CE,0,0,0,18.05,4.6,0,0,0,0,19-APR-2021,
OPTSTK,IBULHSGFIN,24-Jun-2021,265,CE,0,0,0,17.05,4.2,0,0,0,0,19-APR-2021,
OPTSTK,IBULHSGFIN,24-Jun-2021,270,CE,0,0,0,16.15,3.85,0,0,0,0,19-APR-2021,
OPTSTK,IBULHSGFIN,24-Jun-2021,275,CE,0,0,0,15.25,3.55,0,0,0,0,19-APR-2021,
OPTSTK,IBULHSGFIN,24-Jun-2021,280,CE,0,0,0,14.4,3.25,0,0,0,0,19-APR-2021,
OPTSTK,IBULHSGFIN,24-Jun-2021,285,CE,0,0,0,13.6,2.95,0,0,0,0,19-APR-2021,
OPTSTK,IBULHSGFIN,24-Jun-2021,120,PE,0,0,0,5.3,7.1,0,0,0,0,19-APR-2021,
OPTSTK,IBULHSGFIN,24-Jun-2021,125,PE,0,0,0,6.4,8.65,0,0,0,0,19-APR-2021,
OPTSTK,IBULHSGFIN,24-Jun-2021,130,PE,0,0,0,7.6,10.35,0,0,0,0,19-APR-2021,
OPTSTK,IBULHSGFIN,24-Jun-2021,135,PE,0,0,0,8.95,12.25,0,0,0,0,19-APR-2021,
OPTSTK,IBULHSGFIN,24-Jun-2021,140,PE,0,0,0,10.4,14.3,0,0,0,0,19-APR-2021,
OPTSTK,IBULHSGFIN,24-Jun-2021,145,PE,0,0,0,12,16.55,0,0,0,0,19-APR-2021,
OPTSTK,IBULHSGFIN,24-Jun-2021,150,PE,0,0,0,13.75,18.95,0,0,0,0,19-APR-2021,
OPTSTK,IBULHSGFIN,24-Jun-2021,155,PE,0,0,0,15.6,21.5,0,0,0,0,19-APR-2021,
OPTSTK,IBULHSGFIN,24-Jun-2021,160,PE,0,0,0,10.95,24.25,0,0,0,0,19-APR-2021,
OPTSTK,IBULHSGFIN,24-Jun-2021,165,PE,0,0,0,19.7,27.15,0,0,0,0,19-APR-2021,
OPTSTK,IBULHSGFIN,24-Jun-2021,170,PE,0,0,0,22,30.2,0,0,0,0,19-APR-2021,
OPTSTK,IBULHSGFIN,24-Jun-2021,175,PE,0,0,0,24.35,33.35,0,0,0,0,19-APR-2021,
OPTSTK,IBULHSGFIN,24-Jun-2021,180,PE,0,0,0,26.85,36.65,0,0,0,0,19-APR-2021,
OPTSTK,IBULHSGFIN,24-Jun-2021,185,PE,0,0,0,29.45,40.1,0,0,0,0,19-APR-2021,
OPTSTK,IBULHSGFIN,24-Jun-2021,190,PE,0,0,0,32.2,43.65,0,0,0,0,19-APR-2021,
OPTSTK,IBULHSGFIN,24-Jun-2021,195,PE,0,0,0,35,47.3,0,0,0,0,19-APR-2021,
OPTSTK,IBULHSGFIN,24-Jun-2021,200,PE,0,0,0,37.95,51.1,0,0,0,0,19-APR-2021,
OPTSTK,IBULHSGFIN,24-Jun-2021,205,PE,0,0,0,41,54.95,0,0,0,0,19-APR-2021,
OPTSTK,IBULHSGFIN,24-Jun-2021,210,PE,0,0,0,44.15,58.9,0,0,0,0,19-APR-2021,
OPTSTK,IBULHSGFIN,24-Jun-2021,215,PE,0,0,0,47.35,62.9,0,0,0,0,19-APR-2021,
OPTSTK,IBULHSGFIN,24-Jun-2021,220,PE,0,0,0,50.7,67.05,0,0,0,0,19-APR-2021,
OPTSTK,IBULHSGFIN,24-Jun-2021,225,PE,0,0,0,54.1,71.2,0,0,0,0,19-APR-2021,
OPTSTK,IBULHSGFIN,24-Jun-2021,230,PE,0,0,0,57.6,75.45,0,0,0,0,19-APR-2021,
OPTSTK,IBULHSGFIN,24-Jun-2021,235,PE,0,0,0,61.15,79.75,0,0,0,0,19-APR-2021,
OPTSTK,IBULHSGFIN,24-Jun-2021,240,PE,0,0,0,64.8,84.1,0,0,0,0,19-APR-2021,
OPTSTK,IBULHSGFIN,24-Jun-2021,245,PE,0,0,0,68.5,88.5,0,0,0,0,19-APR-2021,
OPTSTK,IBULHSGFIN,24-Jun-2021,250,PE,0,0,0,72.3,92.95,0,0,0,0,19-APR-2021,
OPTSTK,IBULHSGFIN,24-Jun-2021,255,PE,0,0,0,76.15,97.45,0,0,0,0,19-APR-2021,
OPTSTK,IBULHSGFIN,24-Jun-2021,260,PE,0,0,0,80.05,102,0,0,0,0,19-APR-2021,
OPTSTK,IBULHSGFIN,24-Jun-2021,265,PE,0,0,0,84,106.55,0,0,0,0,19-APR-2021,
OPTSTK,IBULHSGFIN,24-Jun-2021,270,PE,0,0,0,88,111.2,0,0,0,0,19-APR-2021,
OPTSTK,IBULHSGFIN,24-Jun-2021,275,PE,0,0,0,92.1,115.8,0,0,0,0,19-APR-2021,
OPTSTK,IBULHSGFIN,24-Jun-2021,280,PE,0,0,0,96.2,120.5,0,0,0,0,19-APR-2021,
OPTSTK,IBULHSGFIN,24-Jun-2021,285,PE,0,0,0,100.35,125.2,0,0,0,0,19-APR-2021,
OPTSTK,ICICIBANK,29-Apr-2021,320,CE,0,0,0,212.55,240.1,0,0,0,0,19-APR-2021,
OPTSTK,ICICIBANK,29-Apr-2021,330,CE,0,0,0,203.1,230.1,0,0,0,0,19-APR-2021,
OPTSTK,ICICIBANK,29-Apr-2021,340,CE,0,0,0,193.8,220.1,0,0,0,0,19-APR-2021,
OPTSTK,ICICIBANK,29-Apr-2021,350,CE,0,0,0,216,210.1,0,0,6875,0,19-APR-2021,
OPTSTK,ICICIBANK,29-Apr-2021,360,CE,0,0,0,175.55,200.15,0,0,0,0,19-APR-2021,
OPTSTK,ICICIBANK,29-Apr-2021,370,CE,0,0,0,166.7,190.15,0,0,0,0,19-APR-2021,
OPTSTK,ICICIBANK,29-Apr-2021,380,CE,0,0,0,158.05,180.15,0,0,0,0,19-APR-2021,
OPTSTK,ICICIBANK,29-Apr-2021,390,CE,0,0,0,149.55,170.15,0,0,0,0,19-APR-2021,
OPTSTK,ICICIBANK,29-Apr-2021,400,CE,151,151,151,151,160.15,1,7.57,6875,1375,19-APR-2021,
OPTSTK,ICICIBANK,29-Apr-2021,410,CE,0,0,0,133.3,150.2,0,0,0,0,19-APR-2021,
OPTSTK,ICICIBANK,29-Apr-2021,420,CE,0,0,0,125.55,140.2,0,0,0,0,19-APR-2021,
OPTSTK,ICICIBANK,29-Apr-2021,430,CE,0,0,0,170,130.2,0,0,4125,0,19-APR-2021,
OPTSTK,ICICIBANK,29-Apr-2021,440,CE,0,0,0,110.85,120.25,0,0,0,0,19-APR-2021,
OPTSTK,ICICIBANK,29-Apr-2021,450,CE,0,0,0,123,110.3,0,0,2750,0,19-APR-2021,
OPTSTK,ICICIBANK,29-Apr-2021,460,CE,0,0,0,97.25,100.45,0,0,0,0,19-APR-2021,
OPTSTK,ICICIBANK,29-Apr-2021,470,CE,0,0,0,100,90.65,0,0,6875,0,19-APR-2021,
OPTSTK,ICICIBANK,29-Apr-2021,480,CE,61.3,62.3,61.3,62.3,81.05,2,14.89,2750,2750,19-APR-2021,
OPTSTK,ICICIBANK,29-Apr-2021,490,CE,67.65,67.65,67.65,67.65,71.65,4,30.67,6875,5500,19-APR-2021,
OPTSTK,ICICIBANK,29-Apr-2021,500,CE,47.5,61.25,42,61.2,61.2,72,543.89,56375,-15125,19-APR-2021,
OPTSTK,ICICIBANK,29-Apr-2021,510,CE,0,0,0,60.5,53.85,0,0,6875,0,19-APR-2021,
OPTSTK,ICICIBANK,29-Apr-2021,520,CE,32.85,44.5,27.1,43.75,43.75,63,479.24,61875,6875,19-APR-2021,
OPTSTK,ICICIBANK,29-Apr-2021,530,CE,25.35,36.8,19.8,35.45,35.45,365,2784.51,138875,92125,19-APR-2021,
OPTSTK,ICICIBANK,29-Apr-2021,540,CE,19.85,28.95,14.15,27.4,27.4,3499,26869.85,664125,258500,19-APR-2021,
OPTSTK,ICICIBANK,29-Apr-2021,550,CE,15.05,21.7,9.95,20.3,20.3,7674,59602.57,944625,189750,19-APR-2021,
OPTSTK,ICICIBANK,29-Apr-2021,560,CE,16.1,19.5,6.85,14.95,14.95,5691,44663.85,1181125,437250,19-APR-2021,
OPTSTK,ICICIBANK,29-Apr-2021,570,CE,12.45,12.45,4.65,10.25,10.25,4278,33947.13,1447875,-92125,19-APR-2021,
OPTSTK,ICICIBANK,29-Apr-2021,580,CE,5.95,7.3,3.2,6.8,6.8,6015,48351.07,3839000,-93500,19-APR-2021,
OPTSTK,ICICIBANK,29-Apr-2021,590,CE,4.05,4.85,2.3,4.5,4.5,3193,26042.56,2825625,111375,19-APR-2021,
OPTSTK,ICICIBANK,29-Apr-2021,600,CE,3.05,3.95,1.65,3.15,3.15,5715,47325.72,7778375,-900625,19-APR-2021,
OPTSTK,ICICIBANK,29-Apr-2021,610,CE,4,4.5,1.1,1.95,1.95,1411,11863.47,1377750,-26125,19-APR-2021,
OPTSTK,ICICIBANK,29-Apr-2021,620,CE,1.9,2.15,0.75,1.2,1.2,1272,10860.17,2851750,-55000,19-APR-2021,
OPTSTK,ICICIBANK,29-Apr-2021,630,CE,1.35,1.35,0.6,0.85,0.85,668,5793.21,1434125,-23375,19-APR-2021,
OPTSTK,ICICIBANK,29-Apr-2021,640,CE,0.65,0.7,0.4,0.6,0.6,521,4588.55,1648625,-68750,19-APR-2021,
OPTSTK,ICICIBANK,29-Apr-2021,650,CE,0.8,0.8,0.45,0.65,0.65,611,5465.64,1893375,-2750,19-APR-2021,
OPTSTK,ICICIBANK,29-Apr-2021,660,CE,0.45,0.6,0.4,0.6,0.6,143,1298.72,625625,-1375,19-APR-2021,
OPTSTK,ICICIBANK,29-Apr-2021,670,CE,0.5,0.55,0.3,0.5,0.5,55,506.99,279125,-31625,19-APR-2021,
OPTSTK,ICICIBANK,29-Apr-2021,680,CE,0.45,0.55,0.3,0.45,0.45,19,177.76,287375,-8250,19-APR-2021,
OPTSTK,ICICIBANK,29-Apr-2021,690,CE,0.3,0.5,0.3,0.45,0.45,37,351.23,118250,-27500,19-APR-2021,
OPTSTK,ICICIBANK,29-Apr-2021,700,CE,0.35,0.5,0.35,0.45,0.45,214,2060.88,1266375,-242000,19-APR-2021,
OPTSTK,ICICIBANK,29-Apr-2021,710,CE,0.4,0.4,0.4,0.4,0.4,6,58.6,30250,-1375,19-APR-2021,
OPTSTK,ICICIBANK,29-Apr-2021,720,CE,0.4,0.45,0.35,0.4,0.4,7,69.33,45375,-5500,19-APR-2021,
OPTSTK,ICICIBANK,29-Apr-2021,730,CE,0,0,0,0.3,0.05,0,0,17875,0,19-APR-2021,
OPTSTK,ICICIBANK,29-Apr-2021,740,CE,0.25,0.25,0.25,0.25,0.05,1,10.17,13750,-1375,19-APR-2021,
OPTSTK,ICICIBANK,29-Apr-2021,750,CE,0.35,0.35,0.25,0.25,0.25,5,51.58,165000,0,19-APR-2021,
OPTSTK,ICICIBANK,29-Apr-2021,760,CE,0,0,0,8.35,0,0,0,0,0,19-APR-2021,
OPTSTK,ICICIBANK,29-Apr-2021,770,CE,0.25,0.25,0.25,0.25,0.25,1,10.59,11000,0,19-APR-2021,
OPTSTK,ICICIBANK,29-Apr-2021,780,CE,0,0,0,0.15,0,0,0,4125,0,19-APR-2021,
OPTSTK,ICICIBANK,29-Apr-2021,320,PE,0.5,0.5,0.5,0.5,0,2,8.81,5500,1375,19-APR-2021,
OPTSTK,ICICIBANK,29-Apr-2021,330,PE,0,0,0,0.25,0,0,0,1375,0,19-APR-2021,
OPTSTK,ICICIBANK,29-Apr-2021,340,PE,0,0,0,0.15,0,0,0,0,0,19-APR-2021,
OPTSTK,ICICIBANK,29-Apr-2021,350,PE,0.25,0.25,0.25,0.25,0,1,4.81,5500,0,19-APR-2021,
OPTSTK,ICICIBANK,29-Apr-2021,360,PE,0.1,0.1,0.1,0.1,0,1,4.95,2750,-1375,19-APR-2021,
OPTSTK,ICICIBANK,29-Apr-2021,370,PE,0,0,0,5.05,0,0,0,0,0,19-APR-2021,
OPTSTK,ICICIBANK,29-Apr-2021,380,PE,0,0,0,6.25,0,0,0,0,0,19-APR-2021,
OPTSTK,ICICIBANK,29-Apr-2021,390,PE,0,0,0,7.7,0,0,0,0,0,19-APR-2021,
OPTSTK,ICICIBANK,29-Apr-2021,400,PE,0.5,0.7,0.5,0.5,0.5,9,49.57,45375,0,19-APR-2021,
OPTSTK,ICICIBANK,29-Apr-2021,410,PE,0,0,0,11.3,0,0,0,0,0,19-APR-2021,
OPTSTK,ICICIBANK,29-Apr-2021,420,PE,0.7,0.7,0.4,0.4,0.4,10,57.82,27500,-8250,19-APR-2021,
OPTSTK,ICICIBANK,29-Apr-2021,430,PE,0,0,0,15.85,0.05,0,0,0,0,19-APR-2021,
OPTSTK,ICICIBANK,29-Apr-2021,440,PE,1,1,0.15,0.8,0.05,8,48.49,31625,-1375,19-APR-2021,
OPTSTK,ICICIBANK,29-Apr-2021,450,PE,1.1,1.6,0.7,0.8,0.8,379,2350.68,229625,-159500,19-APR-2021,
OPTSTK,ICICIBANK,29-Apr-2021,460,PE,1.35,1.8,0.75,0.8,0.8,76,482.17,90750,-31625,19-APR-2021,
OPTSTK,ICICIBANK,29-Apr-2021,470,PE,1.35,2.1,0.85,1.05,1.05,280,1815.76,92125,35750,19-APR-2021,
OPTSTK,ICICIBANK,29-Apr-2021,480,PE,1.1,2.8,0.95,1.35,1.35,839,5560.5,187000,-88000,19-APR-2021,
OPTSTK,ICICIBANK,29-Apr-2021,490,PE,1.3,3.7,1.25,1.7,1.7,874,5919.33,262625,-24750,19-APR-2021,
OPTSTK,ICICIBANK,29-Apr-2021,500,PE,2.8,5,1.9,2.15,2.15,3413,23631.09,1898875,-34375,19-APR-2021,
OPTSTK,ICICIBANK,29-Apr-2021,510,PE,2.75,6.7,2.55,2.85,2.85,1711,12111.63,338250,-15125,19-APR-2021,
OPTSTK,ICICIBANK,29-Apr-2021,520,PE,5.4,9.25,3.5,3.8,3.8,3686,26693.16,1619750,141625,19-APR-2021,
OPTSTK,ICICIBANK,29-Apr-2021,530,PE,7.5,12.95,4.9,5.55,5.55,4380,32499.86,1205875,-111375,19-APR-2021,
OPTSTK,ICICIBANK,29-Apr-2021,540,PE,10.45,17.65,6.9,7.75,7.75,5116,38885.91,1280125,116875,19-APR-2021,
OPTSTK,ICICIBANK,29-Apr-2021,550,PE,14.75,23.25,9.8,10.9,10.9,4071,31683.74,1628000,-63250,19-APR-2021,
OPTSTK,ICICIBANK,29-Apr-2021,560,PE,22.4,30.15,13.8,15,15,1562,12482.89,793375,-159500,19-APR-2021,
OPTSTK,ICICIBANK,29-Apr-2021,570,PE,29.35,37.8,19.1,20.3,20.3,795,6563.86,963875,-215875,19-APR-2021,
OPTSTK,ICICIBANK,29-Apr-2021,580,PE,41.95,46,25.4,26.65,26.65,321,2721.71,1918125,-78375,19-APR-2021,
OPTSTK,ICICIBANK,29-Apr-2021,590,PE,46.4,52.55,33.1,33.95,33.95,56,490.52,525250,-23375,19-APR-2021,
OPTSTK,ICICIBANK,29-Apr-2021,600,PE,55,64,41.15,42.85,42.85,466,4172.12,2429625,-468875,19-APR-2021,
OPTSTK,ICICIBANK,29-Apr-2021,610,PE,68,73.5,67.4,67.45,54.45,7,65.34,74250,0,19-APR-2021,
OPTSTK,ICICIBANK,29-Apr-2021,620,PE,79,79,59.75,60.65,60.65,8,75.95,136125,-8250,19-APR-2021,
OPTSTK,ICICIBANK,29-Apr-2021,630,PE,88,91,82.7,82.7,72,5,49.34,24750,-1375,19-APR-2021,
OPTSTK,ICICIBANK,29-Apr-2021,640,PE,86.1,86.1,86.1,86.1,81.25,1,9.98,41250,0,19-APR-2021,
OPTSTK,ICICIBANK,29-Apr-2021,650,PE,103.2,103.2,103.2,103.2,90.7,1,10.35,37125,0,19-APR-2021,
OPTSTK,ICICIBANK,29-Apr-2021,660,PE,0,0,0,95.15,100.35,0,0,2750,0,19-APR-2021,
OPTSTK,ICICIBANK,29-Apr-2021,670,PE,0,0,0,122,110.05,0,0,1375,0,19-APR-2021,
OPTSTK,ICICIBANK,29-Apr-2021,680,PE,0,0,0,100,119.9,0,0,1375,0,19-APR-2021,
OPTSTK,ICICIBANK,29-Apr-2021,690,PE,0,0,0,170.5,129.75,0,0,0,0,19-APR-2021,
OPTSTK,ICICIBANK,29-Apr-2021,700,PE,0,0,0,155,139.7,0,0,8250,0,19-APR-2021,
OPTSTK,ICICIBANK,29-Apr-2021,710,PE,0,0,0,187.75,149.65,0,0,0,0,19-APR-2021,
OPTSTK,ICICIBANK,29-Apr-2021,720,PE,0,0,0,196.55,159.6,0,0,0,0,19-APR-2021,
OPTSTK,ICICIBANK,29-Apr-2021,730,PE,0,0,0,205.4,169.55,0,0,0,0,19-APR-2021,
OPTSTK,ICICIBANK,29-Apr-2021,740,PE,0,0,0,214.4,179.55,0,0,0,0,19-APR-2021,
OPTSTK,ICICIBANK,29-Apr-2021,750,PE,0,0,0,223.45,189.55,0,0,0,0,19-APR-2021,
OPTSTK,ICICIBANK,29-Apr-2021,760,PE,0,0,0,224.55,199.5,0,0,0,0,19-APR-2021,
OPTSTK,ICICIBANK,29-Apr-2021,770,PE,0,0,0,198,209.5,0,0,6875,0,19-APR-2021,
OPTSTK,ICICIBANK,29-Apr-2021,780,PE,0,0,0,186.5,219.5,0,0,0,0,19-APR-2021,
OPTSTK,ICICIBANK,27-May-2021,410,CE,0,0,0,225.3,152.55,0,0,0,0,19-APR-2021,
OPTSTK,ICICIBANK,27-May-2021,420,CE,0,0,0,216.2,143.05,0,0,0,0,19-APR-2021,
OPTSTK,ICICIBANK,27-May-2021,430,CE,0,0,0,207.25,133.75,0,0,0,0,19-APR-2021,
OPTSTK,ICICIBANK,27-May-2021,440,CE,0,0,0,198.45,124.6,0,0,0,0,19-APR-2021,
OPTSTK,ICICIBANK,27-May-2021,450,CE,0,0,0,189.8,115.7,0,0,0,0,19-APR-2021,
OPTSTK,ICICIBANK,27-May-2021,460,CE,0,0,0,181.35,107.05,0,0,0,0,19-APR-2021,
OPTSTK,ICICIBANK,27-May-2021,470,CE,0,0,0,173.05,98.65,0,0,0,0,19-APR-2021,
OPTSTK,ICICIBANK,27-May-2021,480,CE,0,0,0,164.95,90.6,0,0,0,0,19-APR-2021,
OPTSTK,ICICIBANK,27-May-2021,490,CE,0,0,0,157.05,82.85,0,0,0,0,19-APR-2021,
OPTSTK,ICICIBANK,27-May-2021,500,CE,0,0,0,149.4,75.5,0,0,0,0,19-APR-2021,
OPTSTK,ICICIBANK,27-May-2021,510,CE,0,0,0,141.95,68.5,0,0,0,0,19-APR-2021,
OPTSTK,ICICIBANK,27-May-2021,520,CE,0,0,0,70.55,61.95,0,0,2750,0,19-APR-2021,
OPTSTK,ICICIBANK,27-May-2021,530,CE,0,0,0,127.7,55.75,0,0,0,0,19-APR-2021,
OPTSTK,ICICIBANK,27-May-2021,540,CE,0,0,0,120.95,50,0,0,0,0,19-APR-2021,
OPTSTK,ICICIBANK,27-May-2021,550,CE,27.7,36.85,24,35.35,35.35,249,1981.87,126500,103125,19-APR-2021,
OPTSTK,ICICIBANK,27-May-2021,560,CE,23.5,30.65,23.5,29.6,29.6,36,290.25,33000,33000,19-APR-2021,
OPTSTK,ICICIBANK,27-May-2021,570,CE,17.35,26.4,17.3,25.25,25.25,78,633.46,72875,22000,19-APR-2021,
OPTSTK,ICICIBANK,27-May-2021,580,CE,17.7,24.4,14.5,21.45,21.45,103,845.45,136125,30250,19-APR-2021,
OPTSTK,ICICIBANK,27-May-2021,590,CE,14.8,16.35,14.5,15.55,27.4,6,49.92,28875,4125,19-APR-2021,
OPTSTK,ICICIBANK,27-May-2021,600,CE,11,16.1,9,14.65,14.65,442,3719.6,661375,81125,19-APR-2021,
OPTSTK,ICICIBANK,27-May-2021,610,CE,11.6,12.1,8.9,11.7,11.7,17,144.95,38500,5500,19-APR-2021,
OPTSTK,ICICIBANK,27-May-2021,620,CE,7.3,10.2,6.55,9.75,9.75,58,501.16,83875,19250,19-APR-2021,
OPTSTK,ICICIBANK,27-May-2021,630,CE,6.5,8.25,6,8.25,8.25,12,105.09,28875,4125,19-APR-2021,
OPTSTK,ICICIBANK,27-May-2021,640,CE,2.05,5.75,2.05,5.75,13.75,9,79.78,57750,0,19-APR-2021,
OPTSTK,ICICIBANK,27-May-2021,650,CE,6.55,6.55,3.6,5.55,5.55,58,521.85,239250,-2750,19-APR-2021,
OPTSTK,ICICIBANK,27-May-2021,660,CE,0,0,0,58.45,10.15,0,0,0,0,19-APR-2021,
OPTSTK,ICICIBANK,27-May-2021,670,CE,0,0,0,54.7,8.7,0,0,0,0,19-APR-2021,
OPTSTK,ICICIBANK,27-May-2021,680,CE,4.85,4.85,3,3,7.45,4,37.62,6875,0,19-APR-2021,
OPTSTK,ICICIBANK,27-May-2021,690,CE,0,0,0,47.8,6.35,0,0,0,0,19-APR-2021,
OPTSTK,ICICIBANK,27-May-2021,700,CE,2.2,2.6,1.85,2.05,2.05,57,550.36,149875,46750,19-APR-2021,
OPTSTK,ICICIBANK,27-May-2021,710,CE,0,0,0,41.65,4.55,0,0,0,0,19-APR-2021,
OPTSTK,ICICIBANK,27-May-2021,720,CE,0,0,0,38.85,3.85,0,0,0,0,19-APR-2021,
OPTSTK,ICICIBANK,27-May-2021,730,CE,0,0,0,36.2,3.25,0,0,0,0,19-APR-2021,
OPTSTK,ICICIBANK,27-May-2021,740,CE,0,0,0,33.75,2.75,0,0,0,0,19-APR-2021,
OPTSTK,ICICIBANK,27-May-2021,750,CE,0,0,0,31.45,2.3,0,0,0,0,19-APR-2021,
OPTSTK,ICICIBANK,27-May-2021,760,CE,0,0,0,29.25,1.95,0,0,0,0,19-APR-2021,
OPTSTK,ICICIBANK,27-May-2021,770,CE,0,0,0,27.2,1.6,0,0,0,0,19-APR-2021,
OPTSTK,ICICIBANK,27-May-2021,780,CE,0,0,0,25.3,1.35,0,0,0,0,19-APR-2021,
OPTSTK,ICICIBANK,27-May-2021,410,PE,0,0,0,3.45,1.2,0,0,0,0,19-APR-2021,
OPTSTK,ICICIBANK,27-May-2021,420,PE,0,0,0,4.3,1.65,0,0,0,0,19-APR-2021,
OPTSTK,ICICIBANK,27-May-2021,430,PE,0,0,0,5.25,2.3,0,0,0,0,19-APR-2021,
OPTSTK,ICICIBANK,27-May-2021,440,PE,0,0,0,6.35,3.15,0,0,0,0,19-APR-2021,
OPTSTK,ICICIBANK,27-May-2021,450,PE,3.5,4,2.6,2.6,2.6,39,243.2,48125,39875,19-APR-2021,
OPTSTK,ICICIBANK,27-May-2021,460,PE,0,0,0,9.05,5.5,0,0,0,0,19-APR-2021,
OPTSTK,ICICIBANK,27-May-2021,470,PE,0,0,0,10.65,7.1,0,0,0,0,19-APR-2021,
OPTSTK,ICICIBANK,27-May-2021,480,PE,7.45,7.55,5.15,5.3,5.3,69,461.56,96250,83875,19-APR-2021,
OPTSTK,ICICIBANK,27-May-2021,490,PE,7.4,7.4,7.2,7.2,7.2,2,13.67,0,0,19-APR-2021,
OPTSTK,ICICIBANK,27-May-2021,500,PE,11.35,12.8,8.15,8.5,8.5,291,2044.1,217250,-9625,19-APR-2021,
OPTSTK,ICICIBANK,27-May-2021,510,PE,0,0,0,8.05,16.75,0,0,5500,0,19-APR-2021,
OPTSTK,ICICIBANK,27-May-2021,520,PE,17.5,20,12.65,13.3,13.3,80,590.48,94875,-5500,19-APR-2021,
OPTSTK,ICICIBANK,27-May-2021,530,PE,21.3,22.5,15.05,16.7,16.7,67,506.96,111375,-34375,19-APR-2021,
OPTSTK,ICICIBANK,27-May-2021,540,PE,26.95,28,18.75,19.25,19.25,69,536.07,67375,38500,19-APR-2021,
OPTSTK,ICICIBANK,27-May-2021,550,PE,25.6,34.9,20.9,23.1,23.1,164,1304.23,383625,57750,19-APR-2021,
OPTSTK,ICICIBANK,27-May-2021,560,PE,0,0,0,40,37.8,0,0,64625,0,19-APR-2021,
OPTSTK,ICICIBANK,27-May-2021,570,PE,0,0,0,40,43.25,0,0,6875,0,19-APR-2021,
OPTSTK,ICICIBANK,27-May-2021,580,PE,0,0,0,50.1,49.1,0,0,4125,0,19-APR-2021,
OPTSTK,ICICIBANK,27-May-2021,590,PE,0,0,0,25,55.35,0,0,33000,0,19-APR-2021,
OPTSTK,ICICIBANK,27-May-2021,600,PE,69.5,69.5,51,52.3,52.3,9,81.32,49500,2750,19-APR-2021,
OPTSTK,ICICIBANK,27-May-2021,610,PE,0,0,0,56.7,68.85,0,0,0,0,19-APR-2021,
OPTSTK,ICICIBANK,27-May-2021,620,PE,0,0,0,61.75,76.1,0,0,0,0,19-APR-2021,
OPTSTK,ICICIBANK,27-May-2021,630,PE,0,0,0,67.05,83.65,0,0,0,0,19-APR-2021,
OPTSTK,ICICIBANK,27-May-2021,640,PE,0,0,0,72.6,91.5,0,0,0,0,19-APR-2021,
OPTSTK,ICICIBANK,27-May-2021,650,PE,0,0,0,78.35,99.55,0,0,0,0,19-APR-2021,
OPTSTK,ICICIBANK,27-May-2021,660,PE,0,0,0,84.3,107.85,0,0,0,0,19-APR-2021,
OPTSTK,ICICIBANK,27-May-2021,670,PE,0,0,0,90.45,116.35,0,0,0,0,19-APR-2021,
OPTSTK,ICICIBANK,27-May-2021,680,PE,0,0,0,134,125.05,0,0,2750,0,19-APR-2021,
OPTSTK,ICICIBANK,27-May-2021,690,PE,0,0,0,103.35,133.9,0,0,0,0,19-APR-2021,
OPTSTK,ICICIBANK,27-May-2021,700,PE,0,0,0,110.1,142.9,0,0,0,0,19-APR-2021,
OPTSTK,ICICIBANK,27-May-2021,710,PE,0,0,0,117.05,152.05,0,0,0,0,19-APR-2021,
OPTSTK,ICICIBANK,27-May-2021,720,PE,0,0,0,124.15,161.3,0,0,0,0,19-APR-2021,
OPTSTK,ICICIBANK,27-May-2021,730,PE,0,0,0,131.4,170.65,0,0,0,0,19-APR-2021,
OPTSTK,ICICIBANK,27-May-2021,740,PE,0,0,0,138.85,180.1,0,0,0,0,19-APR-2021,
OPTSTK,ICICIBANK,27-May-2021,750,PE,0,0,0,146.45,189.65,0,0,0,0,19-APR-2021,
OPTSTK,ICICIBANK,27-May-2021,760,PE,0,0,0,154.2,199.2,0,0,0,0,19-APR-2021,
OPTSTK,ICICIBANK,27-May-2021,770,PE,0,0,0,162.05,208.85,0,0,0,0,19-APR-2021,
OPTSTK,ICICIBANK,27-May-2021,780,PE,0,0,0,170.05,218.55,0,0,0,0,19-APR-2021,
OPTSTK,ICICIBANK,24-Jun-2021,410,CE,0,0,0,171.9,156.7,0,0,0,0,19-APR-2021,
OPTSTK,ICICIBANK,24-Jun-2021,420,CE,0,0,0,163.4,147.85,0,0,0,0,19-APR-2021,
OPTSTK,ICICIBANK,24-Jun-2021,430,CE,0,0,0,155.1,139.25,0,0,0,0,19-APR-2021,
OPTSTK,ICICIBANK,24-Jun-2021,440,CE,0,0,0,147.05,130.85,0,0,0,0,19-APR-2021,
OPTSTK,ICICIBANK,24-Jun-2021,450,CE,0,0,0,139.15,122.7,0,0,0,0,19-APR-2021,
OPTSTK,ICICIBANK,24-Jun-2021,460,CE,0,0,0,131.55,114.85,0,0,0,0,19-APR-2021,
OPTSTK,ICICIBANK,24-Jun-2021,470,CE,0,0,0,124.2,107.25,0,0,0,0,19-APR-2021,
OPTSTK,ICICIBANK,24-Jun-2021,480,CE,0,0,0,117.05,99.95,0,0,0,0,19-APR-2021,
OPTSTK,ICICIBANK,24-Jun-2021,490,CE,0,0,0,110.2,92.95,0,0,0,0,19-APR-2021,
OPTSTK,ICICIBANK,24-Jun-2021,500,CE,0,0,0,103.6,86.2,0,0,0,0,19-APR-2021,
OPTSTK,ICICIBANK,24-Jun-2021,510,CE,0,0,0,97.25,79.85,0,0,0,0,19-APR-2021,
OPTSTK,ICICIBANK,24-Jun-2021,520,CE,0,0,0,91.2,73.8,0,0,0,0,19-APR-2021,
OPTSTK,ICICIBANK,24-Jun-2021,530,CE,0,0,0,85.4,68.05,0,0,0,0,19-APR-2021,
OPTSTK,ICICIBANK,24-Jun-2021,540,CE,0,0,0,79.9,62.65,0,0,0,0,19-APR-2021,
OPTSTK,ICICIBANK,24-Jun-2021,550,CE,0,0,0,74.65,57.55,0,0,0,0,19-APR-2021,
OPTSTK,ICICIBANK,24-Jun-2021,560,CE,0,0,0,69.7,52.75,0,0,0,0,19-APR-2021,
OPTSTK,ICICIBANK,24-Jun-2021,570,CE,0,0,0,40,48.3,0,0,1375,0,19-APR-2021,
OPTSTK,ICICIBANK,24-Jun-2021,580,CE,0,0,0,60.5,44.15,0,0,0,0,19-APR-2021,
OPTSTK,ICICIBANK,24-Jun-2021,590,CE,0,0,0,56.3,40.25,0,0,0,0,19-APR-2021,
OPTSTK,ICICIBANK,24-Jun-2021,600,CE,26.95,26.95,26.95,26.95,26.95,1,8.62,1375,0,19-APR-2021,
OPTSTK,ICICIBANK,24-Jun-2021,610,CE,0,0,0,48.55,33.3,0,0,0,0,19-APR-2021,
OPTSTK,ICICIBANK,24-Jun-2021,620,CE,0,0,0,45.05,30.25,0,0,0,0,19-APR-2021,
OPTSTK,ICICIBANK,24-Jun-2021,630,CE,0,0,0,41.75,27.4,0,0,0,0,19-APR-2021,
OPTSTK,ICICIBANK,24-Jun-2021,640,CE,0,0,0,38.65,24.8,0,0,0,0,19-APR-2021,
OPTSTK,ICICIBANK,24-Jun-2021,650,CE,0,0,0,35.75,22.4,0,0,0,0,19-APR-2021,
OPTSTK,ICICIBANK,24-Jun-2021,660,CE,0,0,0,33.05,20.25,0,0,0,0,19-APR-2021,
OPTSTK,ICICIBANK,24-Jun-2021,670,CE,0,0,0,30.55,18.25,0,0,0,0,19-APR-2021,
OPTSTK,ICICIBANK,24-Jun-2021,680,CE,0,0,0,28.2,16.4,0,0,0,0,19-APR-2021,
OPTSTK,ICICIBANK,24-Jun-2021,690,CE,0,0,0,26,14.75,0,0,0,0,19-APR-2021,
OPTSTK,ICICIBANK,24-Jun-2021,700,CE,0,0,0,23.95,13.25,0,0,0,0,19-APR-2021,
OPTSTK,ICICIBANK,24-Jun-2021,710,CE,0,0,0,22.05,11.85,0,0,0,0,19-APR-2021,
OPTSTK,ICICIBANK,24-Jun-2021,720,CE,0,0,0,20.3,10.6,0,0,0,0,19-APR-2021,
OPTSTK,ICICIBANK,24-Jun-2021,730,CE,0,0,0,18.65,9.5,0,0,0,0,19-APR-2021,
OPTSTK,ICICIBANK,24-Jun-2021,740,CE,0,0,0,17.15,8.5,0,0,0,0,19-APR-2021,
OPTSTK,ICICIBANK,24-Jun-2021,750,CE,0,0,0,15.75,7.6,0,0,0,0,19-APR-2021,
OPTSTK,ICICIBANK,24-Jun-2021,760,CE,0,0,0,14.45,6.75,0,0,0,0,19-APR-2021,
OPTSTK,ICICIBANK,24-Jun-2021,770,CE,0,0,0,13.3,6,0,0,0,0,19-APR-2021,
OPTSTK,ICICIBANK,24-Jun-2021,780,CE,0,0,0,12.15,5.35,0,0,0,0,19-APR-2021,
OPTSTK,ICICIBANK,24-Jun-2021,410,PE,0,0,0,6.55,4.15,0,0,0,0,19-APR-2021,
OPTSTK,ICICIBANK,24-Jun-2021,420,PE,0,0,0,7.95,5.25,0,0,0,0,19-APR-2021,
OPTSTK,ICICIBANK,24-Jun-2021,430,PE,0,0,0,9.55,6.6,0,0,0,0,19-APR-2021,
OPTSTK,ICICIBANK,24-Jun-2021,440,PE,0,0,0,11.4,8.15,0,0,0,0,19-APR-2021,
OPTSTK,ICICIBANK,24-Jun-2021,450,PE,0,0,0,13.45,9.9,0,0,0,0,19-APR-2021,
OPTSTK,ICICIBANK,24-Jun-2021,460,PE,0,0,0,15.7,12,0,0,0,0,19-APR-2021,
OPTSTK,ICICIBANK,24-Jun-2021,470,PE,0,0,0,18.25,14.3,0,0,0,0,19-APR-2021,
OPTSTK,ICICIBANK,24-Jun-2021,480,PE,0,0,0,21.05,16.95,0,0,0,0,19-APR-2021,
OPTSTK,ICICIBANK,24-Jun-2021,490,PE,0,0,0,24.1,19.85,0,0,0,0,19-APR-2021,
OPTSTK,ICICIBANK,24-Jun-2021,500,PE,16,16,14,14,23.1,4,28.32,8250,4125,19-APR-2021,
OPTSTK,ICICIBANK,24-Jun-2021,510,PE,0,0,0,30.95,26.65,0,0,0,0,19-APR-2021,
OPTSTK,ICICIBANK,24-Jun-2021,520,PE,0,0,0,34.8,30.5,0,0,0,0,19-APR-2021,
OPTSTK,ICICIBANK,24-Jun-2021,530,PE,0,0,0,38.95,34.7,0,0,0,0,19-APR-2021,
OPTSTK,ICICIBANK,24-Jun-2021,540,PE,0,0,0,43.35,39.25,0,0,0,0,19-APR-2021,
OPTSTK,ICICIBANK,24-Jun-2021,550,PE,0,0,0,22.5,44.1,0,0,1375,0,19-APR-2021,
OPTSTK,ICICIBANK,24-Jun-2021,560,PE,0,0,0,52.95,49.25,0,0,0,0,19-APR-2021,
OPTSTK,ICICIBANK,24-Jun-2021,570,PE,0,0,0,58.1,54.7,0,0,0,0,19-APR-2021,
OPTSTK,ICICIBANK,24-Jun-2021,580,PE,0,0,0,63.55,60.45,0,0,0,0,19-APR-2021,
OPTSTK,ICICIBANK,24-Jun-2021,590,PE,0,0,0,69.25,66.5,0,0,0,0,19-APR-2021,
OPTSTK,ICICIBANK,24-Jun-2021,600,PE,0,0,0,75.15,72.85,0,0,0,0,19-APR-2021,
OPTSTK,ICICIBANK,24-Jun-2021,610,PE,0,0,0,81.35,79.45,0,0,0,0,19-APR-2021,
OPTSTK,ICICIBANK,24-Jun-2021,620,PE,0,0,0,87.7,86.3,0,0,0,0,19-APR-2021,
OPTSTK,ICICIBANK,24-Jun-2021,630,PE,0,0,0,94.35,93.4,0,0,0,0,19-APR-2021,
OPTSTK,ICICIBANK,24-Jun-2021,640,PE,0,0,0,101.15,100.75,0,0,0,0,19-APR-2021,
OPTSTK,ICICIBANK,24-Jun-2021,650,PE,0,0,0,108.15,108.3,0,0,0,0,19-APR-2021,
OPTSTK,ICICIBANK,24-Jun-2021,660,PE,0,0,0,115.35,116.05,0,0,0,0,19-APR-2021,
OPTSTK,ICICIBANK,24-Jun-2021,670,PE,0,0,0,122.75,123.95,0,0,0,0,19-APR-2021,
OPTSTK,ICICIBANK,24-Jun-2021,680,PE,0,0,0,130.3,132.05,0,0,0,0,19-APR-2021,
OPTSTK,ICICIBANK,24-Jun-2021,690,PE,0,0,0,138.05,140.3,0,0,0,0,19-APR-2021,
OPTSTK,ICICIBANK,24-Jun-2021,700,PE,0,0,0,145.9,148.75,0,0,0,0,19-APR-2021,
OPTSTK,ICICIBANK,24-Jun-2021,710,PE,0,0,0,153.9,157.3,0,0,0,0,19-APR-2021,
OPTSTK,ICICIBANK,24-Jun-2021,720,PE,0,0,0,162.05,166,0,0,0,0,19-APR-2021,
OPTSTK,ICICIBANK,24-Jun-2021,730,PE,0,0,0,170.3,174.8,0,0,0,0,19-APR-2021,
OPTSTK,ICICIBANK,24-Jun-2021,740,PE,0,0,0,178.7,183.75,0,0,0,0,19-APR-2021,
OPTSTK,ICICIBANK,24-Jun-2021,750,PE,0,0,0,187.25,192.75,0,0,0,0,19-APR-2021,
OPTSTK,ICICIBANK,24-Jun-2021,760,PE,0,0,0,195.85,201.85,0,0,0,0,19-APR-2021,
OPTSTK,ICICIBANK,24-Jun-2021,770,PE,0,0,0,204.55,211.05,0,0,0,0,19-APR-2021,
OPTSTK,ICICIBANK,24-Jun-2021,780,PE,0,0,0,213.35,220.35,0,0,0,0,19-APR-2021,
OPTSTK,ICICIGI,29-Apr-2021,960,CE,0,0,0,427.85,401.65,0,0,0,0,19-APR-2021,
OPTSTK,ICICIGI,29-Apr-2021,980,CE,0,0,0,409.75,381.7,0,0,0,0,19-APR-2021,
OPTSTK,ICICIGI,29-Apr-2021,1000,CE,0,0,0,392,361.7,0,0,0,0,19-APR-2021,
OPTSTK,ICICIGI,29-Apr-2021,1020,CE,0,0,0,374.5,341.75,0,0,0,0,19-APR-2021,
OPTSTK,ICICIGI,29-Apr-2021,1040,CE,0,0,0,357.35,321.75,0,0,0,0,19-APR-2021,
OPTSTK,ICICIGI,29-Apr-2021,1060,CE,0,0,0,340.55,301.8,0,0,0,0,19-APR-2021,
OPTSTK,ICICIGI,29-Apr-2021,1080,CE,0,0,0,324.15,281.8,0,0,0,0,19-APR-2021,
OPTSTK,ICICIGI,29-Apr-2021,1100,CE,0,0,0,308.1,261.9,0,0,0,0,19-APR-2021,
OPTSTK,ICICIGI,29-Apr-2021,1120,CE,0,0,0,292.55,242,0,0,0,0,19-APR-2021,
OPTSTK,ICICIGI,29-Apr-2021,1140,CE,0,0,0,277.35,222.15,0,0,0,0,19-APR-2021,
OPTSTK,ICICIGI,29-Apr-2021,1160,CE,0,0,0,262.7,202.45,0,0,0,0,19-APR-2021,
OPTSTK,ICICIGI,29-Apr-2021,1180,CE,0,0,0,248.45,182.95,0,0,0,0,19-APR-2021,
OPTSTK,ICICIGI,29-Apr-2021,1200,CE,0,0,0,234.7,163.8,0,0,0,0,19-APR-2021,
OPTSTK,ICICIGI,29-Apr-2021,1220,CE,0,0,0,221.35,145.1,0,0,0,0,19-APR-2021,
OPTSTK,ICICIGI,29-Apr-2021,1240,CE,0,0,0,208.6,127,0,0,0,0,19-APR-2021,
OPTSTK,ICICIGI,29-Apr-2021,1260,CE,0,0,0,196.35,109.75,0,0,0,0,19-APR-2021,
OPTSTK,ICICIGI,29-Apr-2021,1280,CE,0,0,0,184.55,93.55,0,0,0,0,19-APR-2021,
OPTSTK,ICICIGI,29-Apr-2021,1300,CE,0,0,0,173.3,78.5,0,0,0,0,19-APR-2021,
OPTSTK,ICICIGI,29-Apr-2021,1320,CE,0,0,0,162.55,64.85,0,0,0,0,19-APR-2021,
OPTSTK,ICICIGI,29-Apr-2021,1340,CE,0,0,0,152.3,52.7,0,0,0,0,19-APR-2021,
OPTSTK,ICICIGI,29-Apr-2021,1360,CE,41.85,41.85,32.9,36.15,36.15,5,29.67,1275,425,19-APR-2021,
OPTSTK,ICICIGI,29-Apr-2021,1380,CE,29.4,30.2,26.4,26.45,26.45,8,47.86,1700,850,19-APR-2021,
OPTSTK,ICICIGI,29-Apr-2021,1400,CE,30,30,2.1,18.9,18.9,147,886.95,32300,13600,19-APR-2021,
OPTSTK,ICICIGI,29-Apr-2021,1420,CE,10.85,16.85,10.8,13.3,13.3,33,201.12,4675,425,19-APR-2021,
OPTSTK,ICICIGI,29-Apr-2021,1440,CE,11.9,13.8,3.3,10.2,10.2,26,160.34,7225,850,19-APR-2021,
OPTSTK,ICICIGI,29-Apr-2021,1460,CE,20,20,4.55,6.2,6.2,98,611.44,25925,-4250,19-APR-2021,
OPTSTK,ICICIGI,29-Apr-2021,1480,CE,5.95,8,1.2,2.45,2.45,10,63.08,1275,-425,19-APR-2021,
OPTSTK,ICICIGI,29-Apr-2021,1500,CE,9.05,9.05,3.05,3.35,3.35,110,703.4,50150,6800,19-APR-2021,
OPTSTK,ICICIGI,29-Apr-2021,1520,CE,0,0,0,25,3.6,0,0,425,0,19-APR-2021,
OPTSTK,ICICIGI,29-Apr-2021,1540,CE,11.55,11.55,2.55,4,2.45,5,32.85,1700,1275,19-APR-2021,
OPTSTK,ICICIGI,29-Apr-2021,1560,CE,0,0,0,69.4,1.6,0,0,0,0,19-APR-2021,
OPTSTK,ICICIGI,29-Apr-2021,1580,CE,0,0,0,64.3,1.05,0,0,0,0,19-APR-2021,
OPTSTK,ICICIGI,29-Apr-2021,1600,CE,2,2,0.95,1.5,1.5,13,88.48,3825,-850,19-APR-2021,
OPTSTK,ICICIGI,29-Apr-2021,1620,CE,0,0,0,55,0.45,0,0,0,0,19-APR-2021,
OPTSTK,ICICIGI,29-Apr-2021,1640,CE,0,0,0,50.85,0.3,0,0,0,0,19-APR-2021,
OPTSTK,ICICIGI,29-Apr-2021,1660,CE,0,0,0,46.95,0.2,0,0,0,0,19-APR-2021,
OPTSTK,ICICIGI,29-Apr-2021,1680,CE,0,0,0,43.25,0.1,0,0,0,0,19-APR-2021,
OPTSTK,ICICIGI,29-Apr-2021,1700,CE,0,0,0,39.85,0.1,0,0,0,0,19-APR-2021,
OPTSTK,ICICIGI,29-Apr-2021,1720,CE,0,0,0,36.7,0.05,0,0,0,0,19-APR-2021,
OPTSTK,ICICIGI,29-Apr-2021,1740,CE,0,0,0,33.8,0.05,0,0,0,0,19-APR-2021,
OPTSTK,ICICIGI,29-Apr-2021,1760,CE,0,0,0,31.05,0.05,0,0,0,0,19-APR-2021,
OPTSTK,ICICIGI,29-Apr-2021,1780,CE,0,0,0,28.55,0.05,0,0,0,0,19-APR-2021,
OPTSTK,ICICIGI,29-Apr-2021,1800,CE,0,0,0,26.25,0,0,0,0,0,19-APR-2021,
OPTSTK,ICICIGI,29-Apr-2021,1820,CE,0,0,0,24.1,0,0,0,0,0,19-APR-2021,
OPTSTK,ICICIGI,29-Apr-2021,1840,CE,0,0,0,22.1,0,0,0,0,0,19-APR-2021,
OPTSTK,ICICIGI,29-Apr-2021,1860,CE,0,0,0,20.25,0,0,0,0,0,19-APR-2021,
OPTSTK,ICICIGI,29-Apr-2021,1880,CE,0,0,0,18.55,0,0,0,0,0,19-APR-2021,
OPTSTK,ICICIGI,29-Apr-2021,1900,CE,0,0,0,10,0,0,0,425,0,19-APR-2021,
OPTSTK,ICICIGI,29-Apr-2021,1920,CE,0,0,0,15.55,0,0,0,0,0,19-APR-2021,
OPTSTK,ICICIGI,29-Apr-2021,960,PE,0,0,0,7.7,0,0,0,0,0,19-APR-2021,
OPTSTK,ICICIGI,29-Apr-2021,980,PE,0,0,0,9.45,0,0,0,0,0,19-APR-2021,
OPTSTK,ICICIGI,29-Apr-2021,1000,PE,0,0,0,11.5,0,0,0,0,0,19-APR-2021,
OPTSTK,ICICIGI,29-Apr-2021,1020,PE,0,0,0,13.8,0,0,0,0,0,19-APR-2021,
OPTSTK,ICICIGI,29-Apr-2021,1040,PE,0,0,0,16.45,0,0,0,0,0,19-APR-2021,
OPTSTK,ICICIGI,29-Apr-2021,1060,PE,0,0,0,19.5,0.05,0,0,0,0,19-APR-2021,
OPTSTK,ICICIGI,29-Apr-2021,1080,PE,0,0,0,22.9,0.05,0,0,0,0,19-APR-2021,
OPTSTK,ICICIGI,29-Apr-2021,1100,PE,0,0,0,26.7,0.1,0,0,0,0,19-APR-2021,
OPTSTK,ICICIGI,29-Apr-2021,1120,PE,0,0,0,30.9,0.15,0,0,0,0,19-APR-2021,
OPTSTK,ICICIGI,29-Apr-2021,1140,PE,0,0,0,35.55,0.3,0,0,0,0,19-APR-2021,
OPTSTK,ICICIGI,29-Apr-2021,1160,PE,0,0,0,40.7,0.6,0,0,0,0,19-APR-2021,
OPTSTK,ICICIGI,29-Apr-2021,1180,PE,0,0,0,46.3,1.1,0,0,0,0,19-APR-2021,
OPTSTK,ICICIGI,29-Apr-2021,1200,PE,0,0,0,52.35,1.9,0,0,0,0,19-APR-2021,
OPTSTK,ICICIGI,29-Apr-2021,1220,PE,0,0,0,58.8,3.2,0,0,0,0,19-APR-2021,
OPTSTK,ICICIGI,29-Apr-2021,1240,PE,0,0,0,65.85,5.1,0,0,0,0,19-APR-2021,
OPTSTK,ICICIGI,29-Apr-2021,1260,PE,0,0,0,73.4,7.8,0,0,0,0,19-APR-2021,
OPTSTK,ICICIGI,29-Apr-2021,1280,PE,0,0,0,81.45,11.55,0,0,0,0,19-APR-2021,
OPTSTK,ICICIGI,29-Apr-2021,1300,PE,7.5,19.5,5.2,13.2,13.2,41,228.76,9775,2975,19-APR-2021,
OPTSTK,ICICIGI,29-Apr-2021,1320,PE,15.3,15.3,15.3,15.3,22.85,1,5.67,425,425,19-APR-2021,
OPTSTK,ICICIGI,29-Apr-2021,1340,PE,20,33.95,15.55,21.4,21.4,26,150.9,3825,425,19-APR-2021,
OPTSTK,ICICIGI,29-Apr-2021,1360,PE,26.25,41.2,26.25,35.1,35.1,20,118.48,3400,3400,19-APR-2021,
OPTSTK,ICICIGI,29-Apr-2021,1380,PE,36.45,44.95,36.4,43.9,43.9,11,66.39,2550,0,19-APR-2021,
OPTSTK,ICICIGI,29-Apr-2021,1400,PE,40,70,31.25,53.75,53.75,244,1508,42075,-26775,19-APR-2021,
OPTSTK,ICICIGI,29-Apr-2021,1420,PE,79.1,79.1,78.2,78.2,78.2,2,12.73,425,425,19-APR-2021,
OPTSTK,ICICIGI,29-Apr-2021,1440,PE,0,0,0,163.55,92.1,0,0,0,0,19-APR-2021,
OPTSTK,ICICIGI,29-Apr-2021,1460,PE,0,0,0,175.9,108.2,0,0,0,0,19-APR-2021,
OPTSTK,ICICIGI,29-Apr-2021,1480,PE,0,0,0,188.65,125.25,0,0,0,0,19-APR-2021,
OPTSTK,ICICIGI,29-Apr-2021,1500,PE,0,0,0,80.85,143,0,0,425,0,19-APR-2021,
OPTSTK,ICICIGI,29-Apr-2021,1520,PE,0,0,0,215.4,161.4,0,0,0,0,19-APR-2021,
OPTSTK,ICICIGI,29-Apr-2021,1540,PE,0,0,0,229.4,180.2,0,0,0,0,19-APR-2021,
OPTSTK,ICICIGI,29-Apr-2021,1560,PE,0,0,0,243.7,199.35,0,0,0,0,19-APR-2021,
OPTSTK,ICICIGI,29-Apr-2021,1580,PE,0,0,0,258.45,218.8,0,0,0,0,19-APR-2021,
OPTSTK,ICICIGI,29-Apr-2021,1600,PE,0,0,0,273.45,238.4,0,0,0,0,19-APR-2021,
OPTSTK,ICICIGI,29-Apr-2021,1620,PE,0,0,0,288.75,258.15,0,0,0,0,19-APR-2021,
OPTSTK,ICICIGI,29-Apr-2021,1640,PE,0,0,0,304.4,277.95,0,0,0,0,19-APR-2021,
OPTSTK,ICICIGI,29-Apr-2021,1660,PE,0,0,0,320.3,297.85,0,0,0,0,19-APR-2021,
OPTSTK,ICICIGI,29-Apr-2021,1680,PE,0,0,0,336.45,317.75,0,0,0,0,19-APR-2021,
OPTSTK,ICICIGI,29-Apr-2021,1700,PE,0,0,0,352.85,337.7,0,0,0,0,19-APR-2021,
OPTSTK,ICICIGI,29-Apr-2021,1720,PE,0,0,0,369.55,357.65,0,0,0,0,19-APR-2021,
OPTSTK,ICICIGI,29-Apr-2021,1740,PE,0,0,0,386.4,377.6,0,0,0,0,19-APR-2021,
OPTSTK,ICICIGI,29-Apr-2021,1760,PE,0,0,0,403.55,397.6,0,0,0,0,19-APR-2021,
OPTSTK,ICICIGI,29-Apr-2021,1780,PE,0,0,0,420.85,417.55,0,0,0,0,19-APR-2021,
OPTSTK,ICICIGI,29-Apr-2021,1800,PE,0,0,0,438.3,437.55,0,0,0,0,19-APR-2021,
OPTSTK,ICICIGI,29-Apr-2021,1820,PE,0,0,0,456,457.5,0,0,0,0,19-APR-2021,
OPTSTK,ICICIGI,29-Apr-2021,1840,PE,0,0,0,473.8,477.5,0,0,0,0,19-APR-2021,
OPTSTK,ICICIGI,29-Apr-2021,1860,PE,0,0,0,491.8,497.45,0,0,0,0,19-APR-2021,
OPTSTK,ICICIGI,29-Apr-2021,1880,PE,0,0,0,509.9,517.45,0,0,0,0,19-APR-2021,
OPTSTK,ICICIGI,29-Apr-2021,1900,PE,0,0,0,528.15,537.45,0,0,0,0,19-APR-2021,
OPTSTK,ICICIGI,29-Apr-2021,1920,PE,0,0,0,546.55,557.4,0,0,0,0,19-APR-2021,
OPTSTK,ICICIGI,27-May-2021,960,CE,0,0,0,534.45,404.95,0,0,0,0,19-APR-2021,
OPTSTK,ICICIGI,27-May-2021,980,CE,0,0,0,515.45,385.25,0,0,0,0,19-APR-2021,
OPTSTK,ICICIGI,27-May-2021,1000,CE,0,0,0,496.65,365.7,0,0,0,0,19-APR-2021,
OPTSTK,ICICIGI,27-May-2021,1020,CE,0,0,0,478.05,346.25,0,0,0,0,19-APR-2021,
OPTSTK,ICICIGI,27-May-2021,1040,CE,0,0,0,459.6,327,0,0,0,0,19-APR-2021,
OPTSTK,ICICIGI,27-May-2021,1060,CE,0,0,0,441.45,307.95,0,0,0,0,19-APR-2021,
OPTSTK,ICICIGI,27-May-2021,1080,CE,0,0,0,423.5,289.15,0,0,0,0,19-APR-2021,
OPTSTK,ICICIGI,27-May-2021,1100,CE,0,0,0,405.85,270.65,0,0,0,0,19-APR-2021,
OPTSTK,ICICIGI,27-May-2021,1120,CE,0,0,0,388.5,252.55,0,0,0,0,19-APR-2021,
OPTSTK,ICICIGI,27-May-2021,1140,CE,0,0,0,371.5,234.9,0,0,0,0,19-APR-2021,
OPTSTK,ICICIGI,27-May-2021,1160,CE,0,0,0,354.8,217.7,0,0,0,0,19-APR-2021,
OPTSTK,ICICIGI,27-May-2021,1180,CE,0,0,0,338.45,201.05,0,0,0,0,19-APR-2021,
OPTSTK,ICICIGI,27-May-2021,1200,CE,0,0,0,322.55,185,0,0,0,0,19-APR-2021,
OPTSTK,ICICIGI,27-May-2021,1220,CE,0,0,0,307,169.6,0,0,0,0,19-APR-2021,
OPTSTK,ICICIGI,27-May-2021,1240,CE,0,0,0,291.85,154.9,0,0,0,0,19-APR-2021,
OPTSTK,ICICIGI,27-May-2021,1260,CE,0,0,0,277.2,140.9,0,0,0,0,19-APR-2021,
OPTSTK,ICICIGI,27-May-2021,1280,CE,0,0,0,262.9,127.65,0,0,0,0,19-APR-2021,
OPTSTK,ICICIGI,27-May-2021,1300,CE,0,0,0,100,115.25,0,0,425,0,19-APR-2021,
OPTSTK,ICICIGI,27-May-2021,1320,CE,0,0,0,235.7,103.65,0,0,0,0,19-APR-2021,
OPTSTK,ICICIGI,27-May-2021,1340,CE,0,0,0,222.8,92.8,0,0,0,0,19-APR-2021,
OPTSTK,ICICIGI,27-May-2021,1360,CE,0,0,0,210.4,82.8,0,0,0,0,19-APR-2021,
OPTSTK,ICICIGI,27-May-2021,1380,CE,0,0,0,198.5,73.55,0,0,0,0,19-APR-2021,
OPTSTK,ICICIGI,27-May-2021,1400,CE,0,0,0,187.05,65.15,0,0,0,0,19-APR-2021,
OPTSTK,ICICIGI,27-May-2021,1420,CE,0,0,0,176.05,57.45,0,0,0,0,19-APR-2021,
OPTSTK,ICICIGI,27-May-2021,1440,CE,0,0,0,165.55,50.45,0,0,0,0,19-APR-2021,
OPTSTK,ICICIGI,27-May-2021,1460,CE,0,0,0,155.5,44.15,0,0,0,0,19-APR-2021,
OPTSTK,ICICIGI,27-May-2021,1480,CE,0,0,0,145.95,38.5,0,0,0,0,19-APR-2021,
OPTSTK,ICICIGI,27-May-2021,1500,CE,0,0,0,136.8,33.5,0,0,0,0,19-APR-2021,
OPTSTK,ICICIGI,27-May-2021,1520,CE,0,0,0,128.15,29.05,0,0,0,0,19-APR-2021,
OPTSTK,ICICIGI,27-May-2021,1540,CE,0,0,0,119.9,25,0,0,0,0,19-APR-2021,
OPTSTK,ICICIGI,27-May-2021,1560,CE,0,0,0,112.1,21.5,0,0,0,0,19-APR-2021,
OPTSTK,ICICIGI,27-May-2021,1580,CE,0,0,0,104.7,18.45,0,0,0,0,19-APR-2021,
OPTSTK,ICICIGI,27-May-2021,1600,CE,0,0,0,97.65,15.75,0,0,0,0,19-APR-2021,
OPTSTK,ICICIGI,27-May-2021,1620,CE,0,0,0,91.05,13.4,0,0,0,0,19-APR-2021,
OPTSTK,ICICIGI,27-May-2021,1640,CE,0,0,0,84.8,11.35,0,0,0,0,19-APR-2021,
OPTSTK,ICICIGI,27-May-2021,1660,CE,0,0,0,78.95,9.6,0,0,0,0,19-APR-2021,
OPTSTK,ICICIGI,27-May-2021,1680,CE,0,0,0,73.4,8.1,0,0,0,0,19-APR-2021,
OPTSTK,ICICIGI,27-May-2021,1700,CE,0,0,0,68.2,6.85,0,0,0,0,19-APR-2021,
OPTSTK,ICICIGI,27-May-2021,1720,CE,0,0,0,63.4,5.75,0,0,0,0,19-APR-2021,
OPTSTK,ICICIGI,27-May-2021,1740,CE,0,0,0,58.85,4.8,0,0,0,0,19-APR-2021,
OPTSTK,ICICIGI,27-May-2021,1760,CE,0,0,0,54.6,4,0,0,0,0,19-APR-2021,
OPTSTK,ICICIGI,27-May-2021,1780,CE,0,0,0,50.6,3.35,0,0,0,0,19-APR-2021,
OPTSTK,ICICIGI,27-May-2021,1800,CE,0,0,0,46.8,2.75,0,0,0,0,19-APR-2021,
OPTSTK,ICICIGI,27-May-2021,1820,CE,0,0,0,43.3,2.3,0,0,0,0,19-APR-2021,
OPTSTK,ICICIGI,27-May-2021,1840,CE,0,0,0,40.05,1.9,0,0,0,0,19-APR-2021,
OPTSTK,ICICIGI,27-May-2021,1860,CE,0,0,0,37,1.55,0,0,0,0,19-APR-2021,
OPTSTK,ICICIGI,27-May-2021,1880,CE,0,0,0,34.15,1.3,0,0,0,0,19-APR-2021,
OPTSTK,ICICIGI,27-May-2021,1900,CE,0,0,0,10,1.05,0,0,425,0,19-APR-2021,
OPTSTK,ICICIGI,27-May-2021,1920,CE,0,0,0,29.05,0.85,0,0,0,0,19-APR-2021,
OPTSTK,ICICIGI,27-May-2021,960,PE,0,0,0,3.15,0.5,0,0,0,0,19-APR-2021,
OPTSTK,ICICIGI,27-May-2021,980,PE,0,0,0,4,0.75,0,0,0,0,19-APR-2021,
OPTSTK,ICICIGI,27-May-2021,1000,PE,0,0,0,5,1.1,0,0,0,0,19-APR-2021,
OPTSTK,ICICIGI,27-May-2021,1020,PE,0,0,0,6.2,1.55,0,0,0,0,19-APR-2021,
OPTSTK,ICICIGI,27-May-2021,1040,PE,0,0,0,7.6,2.2,0,0,0,0,19-APR-2021,
OPTSTK,ICICIGI,27-May-2021,1060,PE,0,0,0,9.2,3.1,0,0,0,0,19-APR-2021,
OPTSTK,ICICIGI,27-May-2021,1080,PE,0,0,0,11.1,4.25,0,0,0,0,19-APR-2021,
OPTSTK,ICICIGI,27-May-2021,1100,PE,0,0,0,13.25,5.7,0,0,0,0,19-APR-2021,
OPTSTK,ICICIGI,27-May-2021,1120,PE,0,0,0,15.75,7.5,0,0,0,0,19-APR-2021,
OPTSTK,ICICIGI,27-May-2021,1140,PE,0,0,0,18.5,9.75,0,0,0,0,19-APR-2021,
OPTSTK,ICICIGI,27-May-2021,1160,PE,0,0,0,21.65,12.5,0,0,0,0,19-APR-2021,
OPTSTK,ICICIGI,27-May-2021,1180,PE,0,0,0,25.15,15.75,0,0,0,0,19-APR-2021,
OPTSTK,ICICIGI,27-May-2021,1200,PE,0,0,0,29,19.65,0,0,0,0,19-APR-2021,
OPTSTK,ICICIGI,27-May-2021,1220,PE,0,0,0,33.3,24.15,0,0,0,0,19-APR-2021,
OPTSTK,ICICIGI,27-May-2021,1240,PE,0,0,0,37.95,29.4,0,0,0,0,19-APR-2021,
OPTSTK,ICICIGI,27-May-2021,1260,PE,0,0,0,43.1,35.25,0,0,0,0,19-APR-2021,
OPTSTK,ICICIGI,27-May-2021,1280,PE,0,0,0,48.65,42,0,0,0,0,19-APR-2021,
OPTSTK,ICICIGI,27-May-2021,1300,PE,0,0,0,54.65,49.5,0,0,0,0,19-APR-2021,
OPTSTK,ICICIGI,27-May-2021,1320,PE,0,0,0,61.05,57.8,0,0,0,0,19-APR-2021,
OPTSTK,ICICIGI,27-May-2021,1340,PE,0,0,0,68,66.9,0,0,0,0,19-APR-2021,
OPTSTK,ICICIGI,27-May-2021,1360,PE,0,0,0,75.4,76.8,0,0,0,0,19-APR-2021,
OPTSTK,ICICIGI,27-May-2021,1380,PE,0,0,0,83.3,87.5,0,0,0,0,19-APR-2021,
OPTSTK,ICICIGI,27-May-2021,1400,PE,0,0,0,49.7,98.95,0,0,3400,0,19-APR-2021,
OPTSTK,ICICIGI,27-May-2021,1420,PE,0,0,0,100.5,111.2,0,0,0,0,19-APR-2021,
OPTSTK,ICICIGI,27-May-2021,1440,PE,0,0,0,109.8,124.15,0,0,0,0,19-APR-2021,
OPTSTK,ICICIGI,27-May-2021,1460,PE,0,0,0,119.6,137.75,0,0,0,0,19-APR-2021,
OPTSTK,ICICIGI,27-May-2021,1480,PE,0,0,0,129.8,152,0,0,0,0,19-APR-2021,
OPTSTK,ICICIGI,27-May-2021,1500,PE,0,0,0,140.5,166.95,0,0,0,0,19-APR-2021,
OPTSTK,ICICIGI,27-May-2021,1520,PE,0,0,0,151.65,182.4,0,0,0,0,19-APR-2021,
OPTSTK,ICICIGI,27-May-2021,1540,PE,0,0,0,163.2,198.3,0,0,0,0,19-APR-2021,
OPTSTK,ICICIGI,27-May-2021,1560,PE,0,0,0,175.2,214.75,0,0,0,0,19-APR-2021,
OPTSTK,ICICIGI,27-May-2021,1580,PE,0,0,0,187.6,231.55,0,0,0,0,19-APR-2021,
OPTSTK,ICICIGI,27-May-2021,1600,PE,0,0,0,200.45,248.8,0,0,0,0,19-APR-2021,
OPTSTK,ICICIGI,27-May-2021,1620,PE,0,0,0,213.65,266.4,0,0,0,0,19-APR-2021,
OPTSTK,ICICIGI,27-May-2021,1640,PE,0,0,0,227.2,284.3,0,0,0,0,19-APR-2021,
OPTSTK,ICICIGI,27-May-2021,1660,PE,0,0,0,241.15,302.45,0,0,0,0,19-APR-2021,
OPTSTK,ICICIGI,27-May-2021,1680,PE,0,0,0,255.45,320.85,0,0,0,0,19-APR-2021,
OPTSTK,ICICIGI,27-May-2021,1700,PE,0,0,0,270.05,339.5,0,0,0,0,19-APR-2021,
OPTSTK,ICICIGI,27-May-2021,1720,PE,0,0,0,285.05,358.3,0,0,0,0,19-APR-2021,
OPTSTK,ICICIGI,27-May-2021,1740,PE,0,0,0,300.3,377.3,0,0,0,0,19-APR-2021,
OPTSTK,ICICIGI,27-May-2021,1760,PE,0,0,0,315.85,396.45,0,0,0,0,19-APR-2021,
OPTSTK,ICICIGI,27-May-2021,1780,PE,0,0,0,331.65,415.7,0,0,0,0,19-APR-2021,
OPTSTK,ICICIGI,27-May-2021,1800,PE,0,0,0,347.7,435.05,0,0,0,0,19-APR-2021,
OPTSTK,ICICIGI,27-May-2021,1820,PE,0,0,0,364,454.5,0,0,0,0,19-APR-2021,
OPTSTK,ICICIGI,27-May-2021,1840,PE,0,0,0,380.55,474,0,0,0,0,19-APR-2021,
OPTSTK,ICICIGI,27-May-2021,1860,PE,0,0,0,397.35,493.6,0,0,0,0,19-APR-2021,
OPTSTK,ICICIGI,27-May-2021,1880,PE,0,0,0,414.3,513.25,0,0,0,0,19-APR-2021,
OPTSTK,ICICIGI,27-May-2021,1900,PE,0,0,0,431.5,532.95,0,0,0,0,19-APR-2021,
OPTSTK,ICICIGI,27-May-2021,1920,PE,0,0,0,448.85,552.7,0,0,0,0,19-APR-2021,
OPTSTK,ICICIGI,24-Jun-2021,960,CE,0,0,0,442.75,410.15,0,0,0,0,19-APR-2021,
OPTSTK,ICICIGI,24-Jun-2021,980,CE,0,0,0,424.3,391.2,0,0,0,0,19-APR-2021,
OPTSTK,ICICIGI,24-Jun-2021,1000,CE,0,0,0,406.1,372.5,0,0,0,0,19-APR-2021,
OPTSTK,ICICIGI,24-Jun-2021,1020,CE,0,0,0,388.15,354,0,0,0,0,19-APR-2021,
OPTSTK,ICICIGI,24-Jun-2021,1040,CE,0,0,0,370.55,335.85,0,0,0,0,19-APR-2021,
OPTSTK,ICICIGI,24-Jun-2021,1060,CE,0,0,0,353.25,318,0,0,0,0,19-APR-2021,
OPTSTK,ICICIGI,24-Jun-2021,1080,CE,0,0,0,336.35,300.55,0,0,0,0,19-APR-2021,
OPTSTK,ICICIGI,24-Jun-2021,1100,CE,0,0,0,319.8,283.45,0,0,0,0,19-APR-2021,
OPTSTK,ICICIGI,24-Jun-2021,1120,CE,0,0,0,303.6,266.8,0,0,0,0,19-APR-2021,
OPTSTK,ICICIGI,24-Jun-2021,1140,CE,0,0,0,287.9,250.65,0,0,0,0,19-APR-2021,
OPTSTK,ICICIGI,24-Jun-2021,1160,CE,0,0,0,272.6,234.95,0,0,0,0,19-APR-2021,
OPTSTK,ICICIGI,24-Jun-2021,1180,CE,0,0,0,257.8,219.8,0,0,0,0,19-APR-2021,
OPTSTK,ICICIGI,24-Jun-2021,1200,CE,0,0,0,243.45,205.25,0,0,0,0,19-APR-2021,
OPTSTK,ICICIGI,24-Jun-2021,1220,CE,0,0,0,229.55,191.2,0,0,0,0,19-APR-2021,
OPTSTK,ICICIGI,24-Jun-2021,1240,CE,0,0,0,216.15,177.7,0,0,0,0,19-APR-2021,
OPTSTK,ICICIGI,24-Jun-2021,1260,CE,0,0,0,203.3,164.85,0,0,0,0,19-APR-2021,
OPTSTK,ICICIGI,24-Jun-2021,1280,CE,0,0,0,190.95,152.65,0,0,0,0,19-APR-2021,
OPTSTK,ICICIGI,24-Jun-2021,1300,CE,0,0,0,179.15,141.05,0,0,0,0,19-APR-2021,
OPTSTK,ICICIGI,24-Jun-2021,1320,CE,0,0,0,167.8,130.05,0,0,0,0,19-APR-2021,
OPTSTK,ICICIGI,24-Jun-2021,1340,CE,0,0,0,157.05,119.7,0,0,0,0,19-APR-2021,
OPTSTK,ICICIGI,24-Jun-2021,1360,CE,0,0,0,146.75,109.9,0,0,0,0,19-APR-2021,
OPTSTK,ICICIGI,24-Jun-2021,1380,CE,0,0,0,136.95,100.75,0,0,0,0,19-APR-2021,
OPTSTK,ICICIGI,24-Jun-2021,1400,CE,0,0,0,127.7,92.15,0,0,0,0,19-APR-2021,
OPTSTK,ICICIGI,24-Jun-2021,1420,CE,0,0,0,118.9,84.15,0,0,0,0,19-APR-2021,
OPTSTK,ICICIGI,24-Jun-2021,1440,CE,0,0,0,110.6,76.7,0,0,0,0,19-APR-2021,
OPTSTK,ICICIGI,24-Jun-2021,1460,CE,0,0,0,102.75,69.8,0,0,0,0,19-APR-2021,
OPTSTK,ICICIGI,24-Jun-2021,1480,CE,0,0,0,95.35,63.35,0,0,0,0,19-APR-2021,
OPTSTK,ICICIGI,24-Jun-2021,1500,CE,0,0,0,88.4,57.45,0,0,0,0,19-APR-2021,
OPTSTK,ICICIGI,24-Jun-2021,1520,CE,0,0,0,81.85,52,0,0,0,0,19-APR-2021,
OPTSTK,ICICIGI,24-Jun-2021,1540,CE,0,0,0,75.7,47.05,0,0,0,0,19-APR-2021,
OPTSTK,ICICIGI,24-Jun-2021,1560,CE,0,0,0,69.95,42.45,0,0,0,0,19-APR-2021,
OPTSTK,ICICIGI,24-Jun-2021,1580,CE,0,0,0,64.6,38.25,0,0,0,0,19-APR-2021,
OPTSTK,ICICIGI,24-Jun-2021,1600,CE,0,0,0,59.65,34.35,0,0,0,0,19-APR-2021,
OPTSTK,ICICIGI,24-Jun-2021,1620,CE,0,0,0,55,30.85,0,0,0,0,19-APR-2021,
OPTSTK,ICICIGI,24-Jun-2021,1640,CE,0,0,0,50.65,27.65,0,0,0,0,19-APR-2021,
OPTSTK,ICICIGI,24-Jun-2021,1660,CE,0,0,0,46.6,24.75,0,0,0,0,19-APR-2021,
OPTSTK,ICICIGI,24-Jun-2021,1680,CE,0,0,0,42.8,22.15,0,0,0,0,19-APR-2021,
OPTSTK,ICICIGI,24-Jun-2021,1700,CE,0,0,0,39.3,19.75,0,0,0,0,19-APR-2021,
OPTSTK,ICICIGI,24-Jun-2021,1720,CE,0,0,0,36.05,17.6,0,0,0,0,19-APR-2021,
OPTSTK,ICICIGI,24-Jun-2021,1740,CE,0,0,0,33.05,15.7,0,0,0,0,19-APR-2021,
OPTSTK,ICICIGI,24-Jun-2021,1760,CE,0,0,0,30.3,13.95,0,0,0,0,19-APR-2021,
OPTSTK,ICICIGI,24-Jun-2021,1780,CE,0,0,0,27.75,12.4,0,0,0,0,19-APR-2021,
OPTSTK,ICICIGI,24-Jun-2021,1800,CE,0,0,0,25.35,11,0,0,0,0,19-APR-2021,
OPTSTK,ICICIGI,24-Jun-2021,1820,CE,0,0,0,23.2,9.75,0,0,0,0,19-APR-2021,
OPTSTK,ICICIGI,24-Jun-2021,1840,CE,0,0,0,21.2,8.6,0,0,0,0,19-APR-2021,
OPTSTK,ICICIGI,24-Jun-2021,1860,CE,0,0,0,19.35,7.6,0,0,0,0,19-APR-2021,
OPTSTK,ICICIGI,24-Jun-2021,1880,CE,0,0,0,17.65,6.75,0,0,0,0,19-APR-2021,
OPTSTK,ICICIGI,24-Jun-2021,1900,CE,0,0,0,16.1,5.95,0,0,0,0,19-APR-2021,
OPTSTK,ICICIGI,24-Jun-2021,1920,CE,0,0,0,14.65,5.25,0,0,0,0,19-APR-2021,
OPTSTK,ICICIGI,24-Jun-2021,960,PE,0,0,0,5.55,2.95,0,0,0,0,19-APR-2021,
OPTSTK,ICICIGI,24-Jun-2021,980,PE,0,0,0,6.9,3.85,0,0,0,0,19-APR-2021,
OPTSTK,ICICIGI,24-Jun-2021,1000,PE,0,0,0,8.55,5,0,0,0,0,19-APR-2021,
OPTSTK,ICICIGI,24-Jun-2021,1020,PE,0,0,0,10.45,6.45,0,0,0,0,19-APR-2021,
OPTSTK,ICICIGI,24-Jun-2021,1040,PE,0,0,0,12.65,8.1,0,0,0,0,19-APR-2021,
OPTSTK,ICICIGI,24-Jun-2021,1060,PE,0,0,0,15.15,10.15,0,0,0,0,19-APR-2021,
OPTSTK,ICICIGI,24-Jun-2021,1080,PE,0,0,0,18.05,12.55,0,0,0,0,19-APR-2021,
OPTSTK,ICICIGI,24-Jun-2021,1100,PE,0,0,0,21.3,15.35,0,0,0,0,19-APR-2021,
OPTSTK,ICICIGI,24-Jun-2021,1120,PE,0,0,0,24.95,18.55,0,0,0,0,19-APR-2021,
OPTSTK,ICICIGI,24-Jun-2021,1140,PE,0,0,0,29.05,22.25,0,0,0,0,19-APR-2021,
OPTSTK,ICICIGI,24-Jun-2021,1160,PE,0,0,0,33.55,26.4,0,0,0,0,19-APR-2021,
OPTSTK,ICICIGI,24-Jun-2021,1180,PE,0,0,0,38.6,31.15,0,0,0,0,19-APR-2021,
OPTSTK,ICICIGI,24-Jun-2021,1200,PE,0,0,0,44.05,36.45,0,0,0,0,19-APR-2021,
OPTSTK,ICICIGI,24-Jun-2021,1220,PE,0,0,0,49.95,42.25,0,0,0,0,19-APR-2021,
OPTSTK,ICICIGI,24-Jun-2021,1240,PE,0,0,0,56.35,48.6,0,0,0,0,19-APR-2021,
OPTSTK,ICICIGI,24-Jun-2021,1260,PE,0,0,0,63.3,55.65,0,0,0,0,19-APR-2021,
OPTSTK,ICICIGI,24-Jun-2021,1280,PE,0,0,0,70.8,63.3,0,0,0,0,19-APR-2021,
OPTSTK,ICICIGI,24-Jun-2021,1300,PE,0,0,0,78.8,71.55,0,0,0,0,19-APR-2021,
OPTSTK,ICICIGI,24-Jun-2021,1320,PE,0,0,0,87.3,80.45,0,0,0,0,19-APR-2021,
OPTSTK,ICICIGI,24-Jun-2021,1340,PE,0,0,0,96.3,89.9,0,0,0,0,19-APR-2021,
OPTSTK,ICICIGI,24-Jun-2021,1360,PE,0,0,0,105.85,100,0,0,0,0,19-APR-2021,
OPTSTK,ICICIGI,24-Jun-2021,1380,PE,0,0,0,115.9,110.7,0,0,0,0,19-APR-2021,
OPTSTK,ICICIGI,24-Jun-2021,1400,PE,0,0,0,126.4,122,0,0,0,0,19-APR-2021,
OPTSTK,ICICIGI,24-Jun-2021,1420,PE,0,0,0,137.45,133.85,0,0,0,0,19-APR-2021,
OPTSTK,ICICIGI,24-Jun-2021,1440,PE,0,0,0,148.95,146.3,0,0,0,0,19-APR-2021,
OPTSTK,ICICIGI,24-Jun-2021,1460,PE,0,0,0,160.9,159.2,0,0,0,0,19-APR-2021,
OPTSTK,ICICIGI,24-Jun-2021,1480,PE,0,0,0,173.3,172.65,0,0,0,0,19-APR-2021,
OPTSTK,ICICIGI,24-Jun-2021,1500,PE,0,0,0,186.2,186.6,0,0,0,0,19-APR-2021,
OPTSTK,ICICIGI,24-Jun-2021,1520,PE,0,0,0,199.45,201,0,0,0,0,19-APR-2021,
OPTSTK,ICICIGI,24-Jun-2021,1540,PE,0,0,0,213.15,215.95,0,0,0,0,19-APR-2021,
OPTSTK,ICICIGI,24-Jun-2021,1560,PE,0,0,0,227.2,231.2,0,0,0,0,19-APR-2021,
OPTSTK,ICICIGI,24-Jun-2021,1580,PE,0,0,0,241.65,246.85,0,0,0,0,19-APR-2021,
OPTSTK,ICICIGI,24-Jun-2021,1600,PE,0,0,0,256.5,262.85,0,0,0,0,19-APR-2021,
OPTSTK,ICICIGI,24-Jun-2021,1620,PE,0,0,0,271.65,279.2,0,0,0,0,19-APR-2021,
OPTSTK,ICICIGI,24-Jun-2021,1640,PE,0,0,0,287.1,295.85,0,0,0,0,19-APR-2021,
OPTSTK,ICICIGI,24-Jun-2021,1660,PE,0,0,0,302.9,312.85,0,0,0,0,19-APR-2021,
OPTSTK,ICICIGI,24-Jun-2021,1680,PE,0,0,0,318.9,330.1,0,0,0,0,19-APR-2021,
OPTSTK,ICICIGI,24-Jun-2021,1700,PE,0,0,0,335.2,347.55,0,0,0,0,19-APR-2021,
OPTSTK,ICICIGI,24-Jun-2021,1720,PE,0,0,0,351.8,365.3,0,0,0,0,19-APR-2021,
OPTSTK,ICICIGI,24-Jun-2021,1740,PE,0,0,0,368.6,383.25,0,0,0,0,19-APR-2021,
OPTSTK,ICICIGI,24-Jun-2021,1760,PE,0,0,0,385.65,401.35,0,0,0,0,19-APR-2021,
OPTSTK,ICICIGI,24-Jun-2021,1780,PE,0,0,0,402.9,419.65,0,0,0,0,19-APR-2021,
OPTSTK,ICICIGI,24-Jun-2021,1800,PE,0,0,0,420.35,438.15,0,0,0,0,19-APR-2021,
OPTSTK,ICICIGI,24-Jun-2021,1820,PE,0,0,0,438,456.75,0,0,0,0,19-APR-2021,
OPTSTK,ICICIGI,24-Jun-2021,1840,PE,0,0,0,455.8,475.5,0,0,0,0,19-APR-2021,
OPTSTK,ICICIGI,24-Jun-2021,1860,PE,0,0,0,473.8,494.35,0,0,0,0,19-APR-2021,
OPTSTK,ICICIGI,24-Jun-2021,1880,PE,0,0,0,491.9,513.35,0,0,0,0,19-APR-2021,
OPTSTK,ICICIGI,24-Jun-2021,1900,PE,0,0,0,510.15,532.4,0,0,0,0,19-APR-2021,
OPTSTK,ICICIGI,24-Jun-2021,1920,PE,0,0,0,528.55,551.55,0,0,0,0,19-APR-2021,
OPTSTK,ICICIPRULI,29-Apr-2021,300,CE,0,0,0,195.5,152.35,0,0,0,0,19-APR-2021,
OPTSTK,ICICIPRULI,29-Apr-2021,310,CE,0,0,0,186.2,142.4,0,0,0,0,19-APR-2021,
OPTSTK,ICICIPRULI,29-Apr-2021,320,CE,0,0,0,177.05,132.4,0,0,0,0,19-APR-2021,
OPTSTK,ICICIPRULI,29-Apr-2021,330,CE,0,0,0,168.05,122.4,0,0,0,0,19-APR-2021,
OPTSTK,ICICIPRULI,29-Apr-2021,340,CE,0,0,0,159.25,112.4,0,0,0,0,19-APR-2021,
OPTSTK,ICICIPRULI,29-Apr-2021,345,CE,0,0,0,89.1,107.4,0,0,0,0,19-APR-2021,
OPTSTK,ICICIPRULI,29-Apr-2021,350,CE,0,0,0,150.65,102.45,0,0,0,0,19-APR-2021,
OPTSTK,ICICIPRULI,29-Apr-2021,355,CE,0,0,0,80.4,97.45,0,0,0,0,19-APR-2021,
OPTSTK,ICICIPRULI,29-Apr-2021,360,CE,0,0,0,142.3,92.5,0,0,0,0,19-APR-2021,
OPTSTK,ICICIPRULI,29-Apr-2021,365,CE,0,0,0,72.05,87.5,0,0,0,0,19-APR-2021,
OPTSTK,ICICIPRULI,29-Apr-2021,370,CE,0,0,0,134.15,82.6,0,0,0,0,19-APR-2021,
OPTSTK,ICICIPRULI,29-Apr-2021,375,CE,0,0,0,64.1,77.65,0,0,0,0,19-APR-2021,
OPTSTK,ICICIPRULI,29-Apr-2021,380,CE,0,0,0,126.3,72.8,0,0,0,0,19-APR-2021,
OPTSTK,ICICIPRULI,29-Apr-2021,385,CE,0,0,0,56.65,67.95,0,0,0,0,19-APR-2021,
OPTSTK,ICICIPRULI,29-Apr-2021,390,CE,0,0,0,118.7,63.15,0,0,0,0,19-APR-2021,
OPTSTK,ICICIPRULI,29-Apr-2021,395,CE,0,0,0,49.7,58.45,0,0,0,0,19-APR-2021,
OPTSTK,ICICIPRULI,29-Apr-2021,400,CE,52.5,52.5,52.5,52.5,52.5,1,6.78,18000,0,19-APR-2021,
OPTSTK,ICICIPRULI,29-Apr-2021,405,CE,0,0,0,43.3,49.35,0,0,0,0,19-APR-2021,
OPTSTK,ICICIPRULI,29-Apr-2021,410,CE,43.45,43.45,43.45,43.45,43.45,1,6.8,1500,1500,19-APR-2021,
OPTSTK,ICICIPRULI,29-Apr-2021,415,CE,0,0,0,37.45,40.8,0,0,0,0,19-APR-2021,
OPTSTK,ICICIPRULI,29-Apr-2021,420,CE,0,0,0,97.55,36.75,0,0,0,0,19-APR-2021,
OPTSTK,ICICIPRULI,29-Apr-2021,425,CE,0,0,0,32.15,32.9,0,0,0,0,19-APR-2021,
OPTSTK,ICICIPRULI,29-Apr-2021,430,CE,29,29,29,29,29,1,6.88,39000,0,19-APR-2021,
OPTSTK,ICICIPRULI,29-Apr-2021,435,CE,15.15,15.15,15.15,15.15,25.9,1,6.75,22500,1500,19-APR-2021,
OPTSTK,ICICIPRULI,29-Apr-2021,440,CE,15.25,22.5,12.7,21.3,21.3,276,1895.01,138000,27000,19-APR-2021,
OPTSTK,ICICIPRULI,29-Apr-2021,445,CE,0,0,0,23.25,19.8,0,0,0,0,19-APR-2021,
OPTSTK,ICICIPRULI,29-Apr-2021,450,CE,11.6,16.45,7.45,15.45,15.45,1354,9388.01,366000,169500,19-APR-2021,
OPTSTK,ICICIPRULI,29-Apr-2021,455,CE,7,13.6,6.4,13.1,13.1,276,1923.97,60000,19500,19-APR-2021,
OPTSTK,ICICIPRULI,29-Apr-2021,460,CE,7.75,11.45,5,10.7,10.7,1046,7349.07,340500,21000,19-APR-2021,
OPTSTK,ICICIPRULI,29-Apr-2021,465,CE,6.85,9.3,4.95,8.9,8.9,63,445.78,52500,18000,19-APR-2021,
OPTSTK,ICICIPRULI,29-Apr-2021,470,CE,6.8,8.5,3.5,7.75,7.75,882,6296.07,351000,106500,19-APR-2021,
OPTSTK,ICICIPRULI,29-Apr-2021,475,CE,4.25,6.4,4.25,6.2,6.2,21,151.44,31500,-10500,19-APR-2021,
OPTSTK,ICICIPRULI,29-Apr-2021,480,CE,3,5.85,2.45,5.35,5.35,915,6644.95,645000,-37500,19-APR-2021,
OPTSTK,ICICIPRULI,29-Apr-2021,485,CE,0,0,0,11.2,5.1,0,0,0,0,19-APR-2021,
OPTSTK,ICICIPRULI,29-Apr-2021,490,CE,2,4.05,2,3.65,3.65,9,66.61,30000,4500,19-APR-2021,
OPTSTK,ICICIPRULI,29-Apr-2021,495,CE,0,0,0,9.2,3.4,0,0,0,0,19-APR-2021,
OPTSTK,ICICIPRULI,29-Apr-2021,500,CE,2.35,3.15,1.55,2.8,2.8,729,5490.44,379500,9000,19-APR-2021,
OPTSTK,ICICIPRULI,29-Apr-2021,505,CE,0,0,0,7.5,2.2,0,0,0,0,19-APR-2021,
OPTSTK,ICICIPRULI,29-Apr-2021,510,CE,2,2.3,1.7,1.95,1.95,19,145.88,19500,19500,19-APR-2021,
OPTSTK,ICICIPRULI,29-Apr-2021,515,CE,0,0,0,6.1,1.35,0,0,0,0,19-APR-2021,
OPTSTK,ICICIPRULI,29-Apr-2021,520,CE,1.4,1.8,1.05,1.65,1.65,64,500.67,109500,45000,19-APR-2021,
OPTSTK,ICICIPRULI,29-Apr-2021,525,CE,0,0,0,4.9,0.85,0,0,0,0,19-APR-2021,
OPTSTK,ICICIPRULI,29-Apr-2021,530,CE,0,0,0,42.55,0.65,0,0,0,0,19-APR-2021,
OPTSTK,ICICIPRULI,29-Apr-2021,535,CE,0,0,0,3.95,0.5,0,0,0,0,19-APR-2021,
OPTSTK,ICICIPRULI,29-Apr-2021,540,CE,0,0,0,39.2,0.4,0,0,0,0,19-APR-2021,
OPTSTK,ICICIPRULI,29-Apr-2021,545,CE,0,0,0,3.15,0.3,0,0,0,0,19-APR-2021,
OPTSTK,ICICIPRULI,29-Apr-2021,550,CE,0.5,0.55,0.5,0.55,0.25,2,16.51,18000,1500,19-APR-2021,
OPTSTK,ICICIPRULI,29-Apr-2021,560,CE,0,0,0,33.15,0.15,0,0,0,0,19-APR-2021,
OPTSTK,ICICIPRULI,29-Apr-2021,570,CE,0,0,0,30.4,0.1,0,0,0,0,19-APR-2021,
OPTSTK,ICICIPRULI,29-Apr-2021,580,CE,0,0,0,27.9,0.05,0,0,0,0,19-APR-2021,
OPTSTK,ICICIPRULI,29-Apr-2021,590,CE,0,0,0,25.6,0.05,0,0,0,0,19-APR-2021,
OPTSTK,ICICIPRULI,29-Apr-2021,600,CE,0,0,0,0.8,0.05,0,0,0,0,19-APR-2021,
OPTSTK,ICICIPRULI,29-Apr-2021,610,CE,0,0,0,21.45,0,0,0,0,0,19-APR-2021,
OPTSTK,ICICIPRULI,29-Apr-2021,620,CE,0,0,0,19.6,0,0,0,0,0,19-APR-2021,
OPTSTK,ICICIPRULI,29-Apr-2021,630,CE,0,0,0,17.9,0,0,0,0,0,19-APR-2021,
OPTSTK,ICICIPRULI,29-Apr-2021,300,PE,0,0,0,0.05,0,0,0,1500,0,19-APR-2021,
OPTSTK,ICICIPRULI,29-Apr-2021,310,PE,0,0,0,2.4,0,0,0,0,0,19-APR-2021,
OPTSTK,ICICIPRULI,29-Apr-2021,320,PE,0,0,0,3.2,0,0,0,0,0,19-APR-2021,
OPTSTK,ICICIPRULI,29-Apr-2021,330,PE,0,0,0,4.1,0,0,0,0,0,19-APR-2021,
OPTSTK,ICICIPRULI,29-Apr-2021,340,PE,0,0,0,5.2,0.05,0,0,0,0,19-APR-2021,
OPTSTK,ICICIPRULI,29-Apr-2021,345,PE,0,0,0,2.85,0.05,0,0,0,0,19-APR-2021,
OPTSTK,ICICIPRULI,29-Apr-2021,350,PE,0,0,0,0.45,0.05,0,0,6000,0,19-APR-2021,
OPTSTK,ICICIPRULI,29-Apr-2021,355,PE,0,0,0,4.05,0.05,0,0,0,0,19-APR-2021,
OPTSTK,ICICIPRULI,29-Apr-2021,360,PE,0,0,0,0.3,0.05,0,0,7500,0,19-APR-2021,
OPTSTK,ICICIPRULI,29-Apr-2021,365,PE,0,0,0,5.7,0.1,0,0,0,0,19-APR-2021,
OPTSTK,ICICIPRULI,29-Apr-2021,370,PE,0,0,0,9.85,0.15,0,0,0,0,19-APR-2021,
OPTSTK,ICICIPRULI,29-Apr-2021,375,PE,0,0,0,7.7,0.25,0,0,0,0,19-APR-2021,
OPTSTK,ICICIPRULI,29-Apr-2021,380,PE,0,0,0,4,0.35,0,0,3000,0,19-APR-2021,
OPTSTK,ICICIPRULI,29-Apr-2021,385,PE,0,0,0,10.25,0.5,0,0,0,0,19-APR-2021,
OPTSTK,ICICIPRULI,29-Apr-2021,390,PE,0,0,0,1.25,0.7,0,0,0,0,19-APR-2021,
OPTSTK,ICICIPRULI,29-Apr-2021,395,PE,0,0,0,13.25,1,0,0,0,0,19-APR-2021,
OPTSTK,ICICIPRULI,29-Apr-2021,400,PE,2.5,2.5,1.55,2.15,2.15,393,2369.98,237000,15000,19-APR-2021,
OPTSTK,ICICIPRULI,29-Apr-2021,405,PE,0,0,0,16.8,1.9,0,0,0,0,19-APR-2021,
OPTSTK,ICICIPRULI,29-Apr-2021,410,PE,3.5,3.5,2.3,2.8,2.8,8,49.55,31500,6000,19-APR-2021,
OPTSTK,ICICIPRULI,29-Apr-2021,415,PE,0,0,0,20.9,3.3,0,0,0,0,19-APR-2021,
OPTSTK,ICICIPRULI,29-Apr-2021,420,PE,6,6,3.35,4,4,284,1807.75,141000,16500,19-APR-2021,
OPTSTK,ICICIPRULI,29-Apr-2021,425,PE,0,0,0,4.45,5.45,0,0,1500,0,19-APR-2021,
OPTSTK,ICICIPRULI,29-Apr-2021,430,PE,7.65,7.85,4.9,5.9,5.9,473,3097.93,195000,-4500,19-APR-2021,
OPTSTK,ICICIPRULI,29-Apr-2021,435,PE,10.2,10.2,5.95,5.95,8.4,10,66.5,16500,1500,19-APR-2021,
OPTSTK,ICICIPRULI,29-Apr-2021,440,PE,14.1,14.1,7.35,8.5,8.5,447,3018.23,109500,-30000,19-APR-2021,
OPTSTK,ICICIPRULI,29-Apr-2021,445,PE,12.55,14.6,0.5,9.9,9.9,43,294.39,25500,10500,19-APR-2021,
OPTSTK,ICICIPRULI,29-Apr-2021,450,PE,31.5,31.5,10.95,12.45,12.45,439,3057.25,132000,-7500,19-APR-2021,
OPTSTK,ICICIPRULI,29-Apr-2021,455,PE,19.4,20.65,13.55,15.8,15.8,24,169.72,30000,-3000,19-APR-2021,
OPTSTK,ICICIPRULI,29-Apr-2021,460,PE,25.2,25.2,16.7,18.95,18.95,10,72.08,39000,3000,19-APR-2021,
OPTSTK,ICICIPRULI,29-Apr-2021,465,PE,27.05,27.05,27.05,27.05,23.15,1,7.38,10500,0,19-APR-2021,
OPTSTK,ICICIPRULI,29-Apr-2021,470,PE,0,0,0,26,26.45,0,0,9000,0,19-APR-2021,
OPTSTK,ICICIPRULI,29-Apr-2021,475,PE,0,0,0,56.8,29.95,0,0,0,0,19-APR-2021,
OPTSTK,ICICIPRULI,29-Apr-2021,480,PE,43.3,43.3,43.3,43.3,33.7,1,7.84,19500,0,19-APR-2021,
OPTSTK,ICICIPRULI,29-Apr-2021,485,PE,0,0,0,64.45,37.55,0,0,0,0,19-APR-2021,
OPTSTK,ICICIPRULI,29-Apr-2021,490,PE,0,0,0,53.15,41.65,0,0,0,0,19-APR-2021,
OPTSTK,ICICIPRULI,29-Apr-2021,495,PE,0,0,0,72.35,45.85,0,0,0,0,19-APR-2021,
OPTSTK,ICICIPRULI,29-Apr-2021,500,PE,0,0,0,70,50.2,0,0,4500,0,19-APR-2021,
OPTSTK,ICICIPRULI,29-Apr-2021,505,PE,0,0,0,80.65,54.65,0,0,0,0,19-APR-2021,
OPTSTK,ICICIPRULI,29-Apr-2021,510,PE,0,0,0,64.45,59.15,0,0,0,0,19-APR-2021,
OPTSTK,ICICIPRULI,29-Apr-2021,515,PE,0,0,0,89.2,63.8,0,0,0,0,19-APR-2021,
OPTSTK,ICICIPRULI,29-Apr-2021,520,PE,0,0,0,70.5,68.5,0,0,0,0,19-APR-2021,
OPTSTK,ICICIPRULI,29-Apr-2021,525,PE,0,0,0,98,73.25,0,0,0,0,19-APR-2021,
OPTSTK,ICICIPRULI,29-Apr-2021,530,PE,0,0,0,76.75,78.05,0,0,0,0,19-APR-2021,
OPTSTK,ICICIPRULI,29-Apr-2021,535,PE,0,0,0,106.95,82.9,0,0,0,0,19-APR-2021,
OPTSTK,ICICIPRULI,29-Apr-2021,540,PE,0,0,0,83.3,87.8,0,0,0,0,19-APR-2021,
OPTSTK,ICICIPRULI,29-Apr-2021,545,PE,0,0,0,116.15,92.7,0,0,0,0,19-APR-2021,
OPTSTK,ICICIPRULI,29-Apr-2021,550,PE,0,0,0,90.05,97.65,0,0,0,0,19-APR-2021,
OPTSTK,ICICIPRULI,29-Apr-2021,560,PE,0,0,0,97.05,107.55,0,0,0,0,19-APR-2021,
OPTSTK,ICICIPRULI,29-Apr-2021,570,PE,0,0,0,104.25,117.45,0,0,0,0,19-APR-2021,
OPTSTK,ICICIPRULI,29-Apr-2021,580,PE,0,0,0,111.65,127.45,0,0,0,0,19-APR-2021,
OPTSTK,ICICIPRULI,29-Apr-2021,590,PE,0,0,0,119.25,137.4,0,0,0,0,19-APR-2021,
OPTSTK,ICICIPRULI,29-Apr-2021,600,PE,0,0,0,127,147.4,0,0,0,0,19-APR-2021,
OPTSTK,ICICIPRULI,29-Apr-2021,610,PE,0,0,0,134.9,157.35,0,0,0,0,19-APR-2021,
OPTSTK,ICICIPRULI,29-Apr-2021,620,PE,0,0,0,143,167.35,0,0,0,0,19-APR-2021,
OPTSTK,ICICIPRULI,29-Apr-2021,630,PE,0,0,0,151.2,177.35,0,0,0,0,19-APR-2021,
OPTSTK,ICICIPRULI,27-May-2021,300,CE,0,0,0,182.3,153.4,0,0,0,0,19-APR-2021,
OPTSTK,ICICIPRULI,27-May-2021,310,CE,0,0,0,173.05,143.6,0,0,0,0,19-APR-2021,
OPTSTK,ICICIPRULI,27-May-2021,320,CE,0,0,0,163.95,133.85,0,0,0,0,19-APR-2021,
OPTSTK,ICICIPRULI,27-May-2021,330,CE,0,0,0,155.05,124.2,0,0,0,0,19-APR-2021,
OPTSTK,ICICIPRULI,27-May-2021,340,CE,0,0,0,146.3,114.7,0,0,0,0,19-APR-2021,
OPTSTK,ICICIPRULI,27-May-2021,345,CE,0,0,0,94.55,110,0,0,0,0,19-APR-2021,
OPTSTK,ICICIPRULI,27-May-2021,350,CE,0,0,0,137.8,105.4,0,0,0,0,19-APR-2021,
OPTSTK,ICICIPRULI,27-May-2021,355,CE,0,0,0,86.65,100.8,0,0,0,0,19-APR-2021,
OPTSTK,ICICIPRULI,27-May-2021,360,CE,0,0,0,129.55,96.35,0,0,0,0,19-APR-2021,
OPTSTK,ICICIPRULI,27-May-2021,365,CE,0,0,0,79.1,91.9,0,0,0,0,19-APR-2021,
OPTSTK,ICICIPRULI,27-May-2021,370,CE,0,0,0,121.6,87.55,0,0,0,0,19-APR-2021,
OPTSTK,ICICIPRULI,27-May-2021,375,CE,0,0,0,72,83.3,0,0,0,0,19-APR-2021,
OPTSTK,ICICIPRULI,27-May-2021,380,CE,0,0,0,113.85,79.1,0,0,0,0,19-APR-2021,
OPTSTK,ICICIPRULI,27-May-2021,385,CE,0,0,0,65.2,75.05,0,0,0,0,19-APR-2021,
OPTSTK,ICICIPRULI,27-May-2021,390,CE,0,0,0,106.45,71.05,0,0,0,0,19-APR-2021,
OPTSTK,ICICIPRULI,27-May-2021,395,CE,0,0,0,58.9,67.2,0,0,0,0,19-APR-2021,
OPTSTK,ICICIPRULI,27-May-2021,400,CE,0,0,0,99.3,63.45,0,0,0,0,19-APR-2021,
OPTSTK,ICICIPRULI,27-May-2021,405,CE,0,0,0,53,59.85,0,0,0,0,19-APR-2021,
OPTSTK,ICICIPRULI,27-May-2021,410,CE,0,0,0,92.5,56.3,0,0,0,0,19-APR-2021,
OPTSTK,ICICIPRULI,27-May-2021,415,CE,0,0,0,47.55,52.9,0,0,0,0,19-APR-2021,
OPTSTK,ICICIPRULI,27-May-2021,420,CE,0,0,0,85.95,49.65,0,0,0,0,19-APR-2021,
OPTSTK,ICICIPRULI,27-May-2021,425,CE,0,0,0,42.5,46.5,0,0,0,0,19-APR-2021,
OPTSTK,ICICIPRULI,27-May-2021,430,CE,0,0,0,79.8,43.5,0,0,0,0,19-APR-2021,
OPTSTK,ICICIPRULI,27-May-2021,435,CE,0,0,0,37.85,40.65,0,0,0,0,19-APR-2021,
OPTSTK,ICICIPRULI,27-May-2021,440,CE,0,0,0,73.9,37.9,0,0,0,0,19-APR-2021,
OPTSTK,ICICIPRULI,27-May-2021,445,CE,0,0,0,33.65,35.3,0,0,0,0,19-APR-2021,
OPTSTK,ICICIPRULI,27-May-2021,450,CE,0,0,0,68.35,32.8,0,0,0,0,19-APR-2021,
OPTSTK,ICICIPRULI,27-May-2021,455,CE,0,0,0,29.8,30.45,0,0,0,0,19-APR-2021,
OPTSTK,ICICIPRULI,27-May-2021,460,CE,17,20,17,19.95,19.95,3,21.55,7500,4500,19-APR-2021,
OPTSTK,ICICIPRULI,27-May-2021,465,CE,0,0,0,26.3,26.1,0,0,0,0,19-APR-2021,
OPTSTK,ICICIPRULI,27-May-2021,470,CE,0,0,0,58.2,24.15,0,0,0,0,19-APR-2021,
OPTSTK,ICICIPRULI,27-May-2021,475,CE,0,0,0,23.15,22.25,0,0,0,0,19-APR-2021,
OPTSTK,ICICIPRULI,27-May-2021,480,CE,0,0,0,53.6,20.5,0,0,0,0,19-APR-2021,
OPTSTK,ICICIPRULI,27-May-2021,485,CE,0,0,0,20.3,18.85,0,0,0,0,19-APR-2021,
OPTSTK,ICICIPRULI,27-May-2021,490,CE,0,0,0,49.25,17.35,0,0,0,0,19-APR-2021,
OPTSTK,ICICIPRULI,27-May-2021,495,CE,0,0,0,17.8,15.9,0,0,0,0,19-APR-2021,
OPTSTK,ICICIPRULI,27-May-2021,500,CE,0,0,0,9.8,14.6,0,0,1500,0,19-APR-2021,
OPTSTK,ICICIPRULI,27-May-2021,505,CE,0,0,0,15.55,13.35,0,0,0,0,19-APR-2021,
OPTSTK,ICICIPRULI,27-May-2021,510,CE,0,0,0,41.45,12.2,0,0,0,0,19-APR-2021,
OPTSTK,ICICIPRULI,27-May-2021,515,CE,0,0,0,13.55,11.15,0,0,0,0,19-APR-2021,
OPTSTK,ICICIPRULI,27-May-2021,520,CE,0,0,0,37.95,10.15,0,0,0,0,19-APR-2021,
OPTSTK,ICICIPRULI,27-May-2021,525,CE,0,0,0,11.8,9.25,0,0,0,0,19-APR-2021,
OPTSTK,ICICIPRULI,27-May-2021,530,CE,0,0,0,34.7,8.4,0,0,0,0,19-APR-2021,
OPTSTK,ICICIPRULI,27-May-2021,535,CE,0,0,0,10.2,7.65,0,0,0,0,19-APR-2021,
OPTSTK,ICICIPRULI,27-May-2021,540,CE,0,0,0,31.7,6.95,0,0,0,0,19-APR-2021,
OPTSTK,ICICIPRULI,27-May-2021,545,CE,0,0,0,8.85,6.3,0,0,0,0,19-APR-2021,
OPTSTK,ICICIPRULI,27-May-2021,550,CE,0,0,0,28.9,5.7,0,0,0,0,19-APR-2021,
OPTSTK,ICICIPRULI,27-May-2021,560,CE,0,0,0,26.4,4.65,0,0,0,0,19-APR-2021,
OPTSTK,ICICIPRULI,27-May-2021,570,CE,0,0,0,24,3.8,0,0,0,0,19-APR-2021,
OPTSTK,ICICIPRULI,27-May-2021,580,CE,0,0,0,21.85,3.05,0,0,0,0,19-APR-2021,
OPTSTK,ICICIPRULI,27-May-2021,590,CE,0,0,0,19.85,2.45,0,0,0,0,19-APR-2021,
OPTSTK,ICICIPRULI,27-May-2021,600,CE,0,0,0,18.05,2,0,0,0,0,19-APR-2021,
OPTSTK,ICICIPRULI,27-May-2021,610,CE,0,0,0,16.35,1.6,0,0,0,0,19-APR-2021,
OPTSTK,ICICIPRULI,27-May-2021,620,CE,0,0,0,14.8,1.25,0,0,0,0,19-APR-2021,
OPTSTK,ICICIPRULI,27-May-2021,630,CE,0,0,0,13.4,1,0,0,0,0,19-APR-2021,
OPTSTK,ICICIPRULI,27-May-2021,300,PE,0,0,0,1.85,0.2,0,0,0,0,19-APR-2021,
OPTSTK,ICICIPRULI,27-May-2021,310,PE,0,0,0,2.5,0.3,0,0,0,0,19-APR-2021,
OPTSTK,ICICIPRULI,27-May-2021,320,PE,0,0,0,3.3,0.55,0,0,0,0,19-APR-2021,
OPTSTK,ICICIPRULI,27-May-2021,330,PE,0,0,0,4.3,0.85,0,0,0,0,19-APR-2021,
OPTSTK,ICICIPRULI,27-May-2021,340,PE,0,0,0,5.5,1.3,0,0,0,0,19-APR-2021,
OPTSTK,ICICIPRULI,27-May-2021,345,PE,0,0,0,7.25,1.6,0,0,0,0,19-APR-2021,
OPTSTK,ICICIPRULI,27-May-2021,350,PE,0,0,0,1.05,1.95,0,0,1500,0,19-APR-2021,
OPTSTK,ICICIPRULI,27-May-2021,355,PE,0,0,0,9.3,2.4,0,0,0,0,19-APR-2021,
OPTSTK,ICICIPRULI,27-May-2021,360,PE,0,0,0,8.55,2.85,0,0,0,0,19-APR-2021,
OPTSTK,ICICIPRULI,27-May-2021,365,PE,0,0,0,11.7,3.45,0,0,0,0,19-APR-2021,
OPTSTK,ICICIPRULI,27-May-2021,370,PE,0,0,0,10.5,4.05,0,0,0,0,19-APR-2021,
OPTSTK,ICICIPRULI,27-May-2021,375,PE,0,0,0,14.5,4.8,0,0,0,0,19-APR-2021,
OPTSTK,ICICIPRULI,27-May-2021,380,PE,0,0,0,12.65,5.6,0,0,0,0,19-APR-2021,
OPTSTK,ICICIPRULI,27-May-2021,385,PE,0,0,0,17.7,6.5,0,0,0,0,19-APR-2021,
OPTSTK,ICICIPRULI,27-May-2021,390,PE,0,0,0,15.15,7.5,0,0,0,0,19-APR-2021,
OPTSTK,ICICIPRULI,27-May-2021,395,PE,0,0,0,21.3,8.6,0,0,0,0,19-APR-2021,
OPTSTK,ICICIPRULI,27-May-2021,400,PE,5,5,5,5,5,1,6.07,6000,0,19-APR-2021,
OPTSTK,ICICIPRULI,27-May-2021,405,PE,0,0,0,25.35,11.2,0,0,0,0,19-APR-2021,
OPTSTK,ICICIPRULI,27-May-2021,410,PE,0,0,0,21,12.65,0,0,0,0,19-APR-2021,
OPTSTK,ICICIPRULI,27-May-2021,415,PE,0,0,0,29.85,14.25,0,0,0,0,19-APR-2021,
OPTSTK,ICICIPRULI,27-May-2021,420,PE,0,0,0,24.4,15.95,0,0,0,0,19-APR-2021,
OPTSTK,ICICIPRULI,27-May-2021,425,PE,0,0,0,34.7,17.8,0,0,0,0,19-APR-2021,
OPTSTK,ICICIPRULI,27-May-2021,430,PE,0,0,0,11.25,19.8,0,0,1500,0,19-APR-2021,
OPTSTK,ICICIPRULI,27-May-2021,435,PE,0,0,0,40,21.9,0,0,0,0,19-APR-2021,
OPTSTK,ICICIPRULI,27-May-2021,440,PE,0,0,0,32.15,24.1,0,0,0,0,19-APR-2021,
OPTSTK,ICICIPRULI,27-May-2021,445,PE,0,0,0,45.7,26.5,0,0,0,0,19-APR-2021,
OPTSTK,ICICIPRULI,27-May-2021,450,PE,0,0,0,23,29,0,0,1500,0,19-APR-2021,
OPTSTK,ICICIPRULI,27-May-2021,455,PE,0,0,0,51.8,31.6,0,0,0,0,19-APR-2021,
OPTSTK,ICICIPRULI,27-May-2021,460,PE,0,0,0,41.2,34.35,0,0,0,0,19-APR-2021,
OPTSTK,ICICIPRULI,27-May-2021,465,PE,0,0,0,58.25,37.25,0,0,0,0,19-APR-2021,
OPTSTK,ICICIPRULI,27-May-2021,470,PE,0,0,0,46.2,40.25,0,0,0,0,19-APR-2021,
OPTSTK,ICICIPRULI,27-May-2021,475,PE,0,0,0,65.05,43.35,0,0,0,0,19-APR-2021,
OPTSTK,ICICIPRULI,27-May-2021,480,PE,0,0,0,51.45,46.6,0,0,0,0,19-APR-2021,
OPTSTK,ICICIPRULI,27-May-2021,485,PE,0,0,0,72.15,49.95,0,0,0,0,19-APR-2021,
OPTSTK,ICICIPRULI,27-May-2021,490,PE,0,0,0,57.05,53.4,0,0,0,0,19-APR-2021,
OPTSTK,ICICIPRULI,27-May-2021,495,PE,0,0,0,79.55,56.95,0,0,0,0,19-APR-2021,
OPTSTK,ICICIPRULI,27-May-2021,500,PE,0,0,0,62.9,60.6,0,0,0,0,19-APR-2021,
OPTSTK,ICICIPRULI,27-May-2021,505,PE,0,0,0,87.25,64.35,0,0,0,0,19-APR-2021,
OPTSTK,ICICIPRULI,27-May-2021,510,PE,0,0,0,69.05,68.2,0,0,0,0,19-APR-2021,
OPTSTK,ICICIPRULI,27-May-2021,515,PE,0,0,0,95.2,72.1,0,0,0,0,19-APR-2021,
OPTSTK,ICICIPRULI,27-May-2021,520,PE,0,0,0,75.45,76.1,0,0,0,0,19-APR-2021,
OPTSTK,ICICIPRULI,27-May-2021,525,PE,0,0,0,103.35,80.15,0,0,0,0,19-APR-2021,
OPTSTK,ICICIPRULI,27-May-2021,530,PE,0,0,0,82.15,84.3,0,0,0,0,19-APR-2021,
OPTSTK,ICICIPRULI,27-May-2021,535,PE,0,0,0,111.7,88.5,0,0,0,0,19-APR-2021,
OPTSTK,ICICIPRULI,27-May-2021,540,PE,0,0,0,89.05,92.8,0,0,0,0,19-APR-2021,
OPTSTK,ICICIPRULI,27-May-2021,545,PE,0,0,0,120.3,97.1,0,0,0,0,19-APR-2021,
OPTSTK,ICICIPRULI,27-May-2021,550,PE,0,0,0,96.15,101.5,0,0,0,0,19-APR-2021,
OPTSTK,ICICIPRULI,27-May-2021,560,PE,0,0,0,103.5,110.4,0,0,0,0,19-APR-2021,
OPTSTK,ICICIPRULI,27-May-2021,570,PE,0,0,0,111.05,119.5,0,0,0,0,19-APR-2021,
OPTSTK,ICICIPRULI,27-May-2021,580,PE,0,0,0,118.8,128.75,0,0,0,0,19-APR-2021,
OPTSTK,ICICIPRULI,27-May-2021,590,PE,0,0,0,126.7,138.1,0,0,0,0,19-APR-2021,
OPTSTK,ICICIPRULI,27-May-2021,600,PE,0,0,0,134.8,147.6,0,0,0,0,19-APR-2021,
OPTSTK,ICICIPRULI,27-May-2021,610,PE,0,0,0,143,157.15,0,0,0,0,19-APR-2021,
OPTSTK,ICICIPRULI,27-May-2021,620,PE,0,0,0,151.4,166.8,0,0,0,0,19-APR-2021,
OPTSTK,ICICIPRULI,27-May-2021,630,PE,0,0,0,159.9,176.5,0,0,0,0,19-APR-2021,
OPTSTK,ICICIPRULI,24-Jun-2021,300,CE,0,0,0,136.8,155.15,0,0,0,0,19-APR-2021,
OPTSTK,ICICIPRULI,24-Jun-2021,305,CE,0,0,0,132.4,150.45,0,0,0,0,19-APR-2021,
OPTSTK,ICICIPRULI,24-Jun-2021,310,CE,0,0,0,128.1,145.75,0,0,0,0,19-APR-2021,
OPTSTK,ICICIPRULI,24-Jun-2021,315,CE,0,0,0,123.85,141.05,0,0,0,0,19-APR-2021,
OPTSTK,ICICIPRULI,24-Jun-2021,320,CE,0,0,0,119.7,136.45,0,0,0,0,19-APR-2021,
OPTSTK,ICICIPRULI,24-Jun-2021,325,CE,0,0,0,115.55,131.9,0,0,0,0,19-APR-2021,
OPTSTK,ICICIPRULI,24-Jun-2021,330,CE,0,0,0,111.55,127.35,0,0,0,0,19-APR-2021,
OPTSTK,ICICIPRULI,24-Jun-2021,335,CE,0,0,0,107.55,122.9,0,0,0,0,19-APR-2021,
OPTSTK,ICICIPRULI,24-Jun-2021,340,CE,0,0,0,103.7,118.5,0,0,0,0,19-APR-2021,
OPTSTK,ICICIPRULI,24-Jun-2021,345,CE,0,0,0,99.9,114.15,0,0,0,0,19-APR-2021,
OPTSTK,ICICIPRULI,24-Jun-2021,350,CE,0,0,0,96.15,109.9,0,0,0,0,19-APR-2021,
OPTSTK,ICICIPRULI,24-Jun-2021,355,CE,0,0,0,92.5,105.7,0,0,0,0,19-APR-2021,
OPTSTK,ICICIPRULI,24-Jun-2021,360,CE,0,0,0,88.95,101.6,0,0,0,0,19-APR-2021,
OPTSTK,ICICIPRULI,24-Jun-2021,365,CE,0,0,0,85.5,97.55,0,0,0,0,19-APR-2021,
OPTSTK,ICICIPRULI,24-Jun-2021,370,CE,0,0,0,82.1,93.6,0,0,0,0,19-APR-2021,
OPTSTK,ICICIPRULI,24-Jun-2021,375,CE,0,0,0,78.8,89.7,0,0,0,0,19-APR-2021,
OPTSTK,ICICIPRULI,24-Jun-2021,380,CE,0,0,0,75.6,85.95,0,0,0,0,19-APR-2021,
OPTSTK,ICICIPRULI,24-Jun-2021,385,CE,0,0,0,72.5,82.25,0,0,0,0,19-APR-2021,
OPTSTK,ICICIPRULI,24-Jun-2021,390,CE,0,0,0,69.45,78.65,0,0,0,0,19-APR-2021,
OPTSTK,ICICIPRULI,24-Jun-2021,395,CE,0,0,0,66.5,75.15,0,0,0,0,19-APR-2021,
OPTSTK,ICICIPRULI,24-Jun-2021,400,CE,0,0,0,63.7,71.75,0,0,0,0,19-APR-2021,
OPTSTK,ICICIPRULI,24-Jun-2021,405,CE,0,0,0,60.9,68.4,0,0,0,0,19-APR-2021,
OPTSTK,ICICIPRULI,24-Jun-2021,410,CE,0,0,0,58.25,65.2,0,0,0,0,19-APR-2021,
OPTSTK,ICICIPRULI,24-Jun-2021,415,CE,0,0,0,55.7,62.1,0,0,0,0,19-APR-2021,
OPTSTK,ICICIPRULI,24-Jun-2021,420,CE,0,0,0,53.2,59.1,0,0,0,0,19-APR-2021,
OPTSTK,ICICIPRULI,24-Jun-2021,425,CE,0,0,0,50.8,56.2,0,0,0,0,19-APR-2021,
OPTSTK,ICICIPRULI,24-Jun-2021,430,CE,0,0,0,48.45,53.4,0,0,0,0,19-APR-2021,
OPTSTK,ICICIPRULI,24-Jun-2021,435,CE,0,0,0,46.25,50.65,0,0,0,0,19-APR-2021,
OPTSTK,ICICIPRULI,24-Jun-2021,440,CE,0,0,0,44.1,48.05,0,0,0,0,19-APR-2021,
OPTSTK,ICICIPRULI,24-Jun-2021,445,CE,0,0,0,42,45.55,0,0,0,0,19-APR-2021,
OPTSTK,ICICIPRULI,24-Jun-2021,450,CE,0,0,0,40,43.15,0,0,0,0,19-APR-2021,
OPTSTK,ICICIPRULI,24-Jun-2021,455,CE,0,0,0,38.1,40.85,0,0,0,0,19-APR-2021,
OPTSTK,ICICIPRULI,24-Jun-2021,460,CE,0,0,0,36.25,38.65,0,0,0,0,19-APR-2021,
OPTSTK,ICICIPRULI,24-Jun-2021,465,CE,0,0,0,34.5,36.5,0,0,0,0,19-APR-2021,
OPTSTK,ICICIPRULI,24-Jun-2021,470,CE,0,0,0,32.8,34.5,0,0,0,0,19-APR-2021,
OPTSTK,ICICIPRULI,24-Jun-2021,475,CE,0,0,0,31.2,32.55,0,0,0,0,19-APR-2021,
OPTSTK,ICICIPRULI,24-Jun-2021,480,CE,0,0,0,29.65,30.7,0,0,0,0,19-APR-2021,
OPTSTK,ICICIPRULI,24-Jun-2021,485,CE,0,0,0,28.15,28.95,0,0,0,0,19-APR-2021,
OPTSTK,ICICIPRULI,24-Jun-2021,490,CE,0,0,0,26.7,27.25,0,0,0,0,19-APR-2021,
OPTSTK,ICICIPRULI,24-Jun-2021,495,CE,0,0,0,25.35,25.65,0,0,0,0,19-APR-2021,
OPTSTK,ICICIPRULI,24-Jun-2021,500,CE,0,0,0,24.05,24.15,0,0,0,0,19-APR-2021,
OPTSTK,ICICIPRULI,24-Jun-2021,505,CE,0,0,0,22.85,22.7,0,0,0,0,19-APR-2021,
OPTSTK,ICICIPRULI,24-Jun-2021,510,CE,0,0,0,21.65,21.3,0,0,0,0,19-APR-2021,
OPTSTK,ICICIPRULI,24-Jun-2021,515,CE,0,0,0,20.55,20,0,0,0,0,19-APR-2021,
OPTSTK,ICICIPRULI,24-Jun-2021,520,CE,0,0,0,19.45,18.8,0,0,0,0,19-APR-2021,
OPTSTK,ICICIPRULI,24-Jun-2021,525,CE,0,0,0,18.45,17.65,0,0,0,0,19-APR-2021,
OPTSTK,ICICIPRULI,24-Jun-2021,530,CE,0,0,0,17.45,16.55,0,0,0,0,19-APR-2021,
OPTSTK,ICICIPRULI,24-Jun-2021,535,CE,0,0,0,16.55,15.5,0,0,0,0,19-APR-2021,
OPTSTK,ICICIPRULI,24-Jun-2021,540,CE,0,0,0,15.65,14.5,0,0,0,0,19-APR-2021,
OPTSTK,ICICIPRULI,24-Jun-2021,545,CE,0,0,0,14.8,13.55,0,0,0,0,19-APR-2021,
OPTSTK,ICICIPRULI,24-Jun-2021,550,CE,0,0,0,14,12.7,0,0,0,0,19-APR-2021,
OPTSTK,ICICIPRULI,24-Jun-2021,555,CE,0,0,0,13.25,11.85,0,0,0,0,19-APR-2021,
OPTSTK,ICICIPRULI,24-Jun-2021,560,CE,0,0,0,12.5,11.1,0,0,0,0,19-APR-2021,
OPTSTK,ICICIPRULI,24-Jun-2021,565,CE,0,0,0,11.85,10.35,0,0,0,0,19-APR-2021,
OPTSTK,ICICIPRULI,24-Jun-2021,570,CE,0,0,0,11.2,9.65,0,0,0,0,19-APR-2021,
OPTSTK,ICICIPRULI,24-Jun-2021,575,CE,0,0,0,10.55,9.05,0,0,1500,0,19-APR-2021,
OPTSTK,ICICIPRULI,24-Jun-2021,580,CE,0,0,0,10,8.4,0,0,0,0,19-APR-2021,
OPTSTK,ICICIPRULI,24-Jun-2021,585,CE,0,0,0,9.4,7.85,0,0,0,0,19-APR-2021,
OPTSTK,ICICIPRULI,24-Jun-2021,590,CE,0,0,0,8.9,7.3,0,0,0,0,19-APR-2021,
OPTSTK,ICICIPRULI,24-Jun-2021,595,CE,0,0,0,8.4,6.8,0,0,0,0,19-APR-2021,
OPTSTK,ICICIPRULI,24-Jun-2021,600,CE,0,0,0,7.9,6.35,0,0,0,0,19-APR-2021,
OPTSTK,ICICIPRULI,24-Jun-2021,605,CE,0,0,0,7.5,5.9,0,0,0,0,19-APR-2021,
OPTSTK,ICICIPRULI,24-Jun-2021,610,CE,0,0,0,7.05,5.5,0,0,0,0,19-APR-2021,
OPTSTK,ICICIPRULI,24-Jun-2021,300,PE,0,0,0,3.95,1.1,0,0,0,0,19-APR-2021,
OPTSTK,ICICIPRULI,24-Jun-2021,305,PE,0,0,0,4.55,1.3,0,0,0,0,19-APR-2021,
OPTSTK,ICICIPRULI,24-Jun-2021,310,PE,0,0,0,5.15,1.6,0,0,0,0,19-APR-2021,
OPTSTK,ICICIPRULI,24-Jun-2021,315,PE,0,0,0,5.9,1.9,0,0,0,0,19-APR-2021,
OPTSTK,ICICIPRULI,24-Jun-2021,320,PE,0,0,0,6.65,2.25,0,0,0,0,19-APR-2021,
OPTSTK,ICICIPRULI,24-Jun-2021,325,PE,0,0,0,7.5,2.65,0,0,0,0,19-APR-2021,
OPTSTK,ICICIPRULI,24-Jun-2021,330,PE,0,0,0,8.4,3.1,0,0,0,0,19-APR-2021,
OPTSTK,ICICIPRULI,24-Jun-2021,335,PE,0,0,0,9.4,3.6,0,0,0,0,19-APR-2021,
OPTSTK,ICICIPRULI,24-Jun-2021,340,PE,0,0,0,10.45,4.15,0,0,0,0,19-APR-2021,
OPTSTK,ICICIPRULI,24-Jun-2021,345,PE,0,0,0,11.6,4.8,0,0,0,0,19-APR-2021,
OPTSTK,ICICIPRULI,24-Jun-2021,350,PE,0,0,0,12.85,5.5,0,0,0,0,19-APR-2021,
OPTSTK,ICICIPRULI,24-Jun-2021,355,PE,0,0,0,14.15,6.25,0,0,0,0,19-APR-2021,
OPTSTK,ICICIPRULI,24-Jun-2021,360,PE,0,0,0,15.55,7.1,0,0,0,0,19-APR-2021,
OPTSTK,ICICIPRULI,24-Jun-2021,365,PE,0,0,0,17.05,8.05,0,0,0,0,19-APR-2021,
OPTSTK,ICICIPRULI,24-Jun-2021,370,PE,0,0,0,18.6,9.05,0,0,0,0,19-APR-2021,
OPTSTK,ICICIPRULI,24-Jun-2021,375,PE,0,0,0,20.25,10.15,0,0,0,0,19-APR-2021,
OPTSTK,ICICIPRULI,24-Jun-2021,380,PE,0,0,0,22,11.3,0,0,0,0,19-APR-2021,
OPTSTK,ICICIPRULI,24-Jun-2021,385,PE,0,0,0,23.85,12.6,0,0,0,0,19-APR-2021,
OPTSTK,ICICIPRULI,24-Jun-2021,390,PE,0,0,0,25.75,13.95,0,0,0,0,19-APR-2021,
OPTSTK,ICICIPRULI,24-Jun-2021,395,PE,0,0,0,27.8,15.45,0,0,0,0,19-APR-2021,
OPTSTK,ICICIPRULI,24-Jun-2021,400,PE,0,0,0,29.9,17,0,0,0,0,19-APR-2021,
OPTSTK,ICICIPRULI,24-Jun-2021,405,PE,0,0,0,32.1,18.65,0,0,0,0,19-APR-2021,
OPTSTK,ICICIPRULI,24-Jun-2021,410,PE,0,0,0,34.4,20.4,0,0,0,0,19-APR-2021,
OPTSTK,ICICIPRULI,24-Jun-2021,415,PE,0,0,0,36.75,22.25,0,0,0,0,19-APR-2021,
OPTSTK,ICICIPRULI,24-Jun-2021,420,PE,0,0,0,39.25,24.2,0,0,0,0,19-APR-2021,
OPTSTK,ICICIPRULI,24-Jun-2021,425,PE,0,0,0,41.8,26.25,0,0,0,0,19-APR-2021,
OPTSTK,ICICIPRULI,24-Jun-2021,430,PE,0,0,0,44.4,28.4,0,0,0,0,19-APR-2021,
OPTSTK,ICICIPRULI,24-Jun-2021,435,PE,0,0,0,47.15,30.7,0,0,0,0,19-APR-2021,
OPTSTK,ICICIPRULI,24-Jun-2021,440,PE,0,0,0,49.95,33.05,0,0,0,0,19-APR-2021,
OPTSTK,ICICIPRULI,24-Jun-2021,445,PE,0,0,0,52.8,35.5,0,0,0,0,19-APR-2021,
OPTSTK,ICICIPRULI,24-Jun-2021,450,PE,0,0,0,55.8,38.05,0,0,0,0,19-APR-2021,
OPTSTK,ICICIPRULI,24-Jun-2021,455,PE,0,0,0,58.8,40.7,0,0,0,0,19-APR-2021,
OPTSTK,ICICIPRULI,24-Jun-2021,460,PE,0,0,0,61.95,43.5,0,0,0,0,19-APR-2021,
OPTSTK,ICICIPRULI,24-Jun-2021,465,PE,0,0,0,65.1,46.3,0,0,0,0,19-APR-2021,
OPTSTK,ICICIPRULI,24-Jun-2021,470,PE,0,0,0,68.4,49.25,0,0,0,0,19-APR-2021,
OPTSTK,ICICIPRULI,24-Jun-2021,475,PE,0,0,0,71.7,52.3,0,0,0,0,19-APR-2021,
OPTSTK,ICICIPRULI,24-Jun-2021,480,PE,0,0,0,75.1,55.4,0,0,0,0,19-APR-2021,
OPTSTK,ICICIPRULI,24-Jun-2021,485,PE,0,0,0,78.6,58.6,0,0,0,0,19-APR-2021,
OPTSTK,ICICIPRULI,24-Jun-2021,490,PE,0,0,0,82.1,61.9,0,0,0,0,19-APR-2021,
OPTSTK,ICICIPRULI,24-Jun-2021,495,PE,0,0,0,85.7,65.25,0,0,0,0,19-APR-2021,
OPTSTK,ICICIPRULI,24-Jun-2021,500,PE,0,0,0,89.35,68.7,0,0,0,0,19-APR-2021,
OPTSTK,ICICIPRULI,24-Jun-2021,505,PE,0,0,0,93.1,72.2,0,0,0,0,19-APR-2021,
OPTSTK,ICICIPRULI,24-Jun-2021,510,PE,0,0,0,96.85,75.8,0,0,0,0,19-APR-2021,
OPTSTK,ICICIPRULI,24-Jun-2021,515,PE,0,0,0,100.7,79.5,0,0,0,0,19-APR-2021,
OPTSTK,ICICIPRULI,24-Jun-2021,520,PE,0,0,0,104.6,83.25,0,0,0,0,19-APR-2021,
OPTSTK,ICICIPRULI,24-Jun-2021,525,PE,0,0,0,108.5,87.05,0,0,0,0,19-APR-2021,
OPTSTK,ICICIPRULI,24-Jun-2021,530,PE,0,0,0,112.5,90.9,0,0,0,0,19-APR-2021,
OPTSTK,ICICIPRULI,24-Jun-2021,535,PE,0,0,0,116.5,94.85,0,0,0,0,19-APR-2021,
OPTSTK,ICICIPRULI,24-Jun-2021,540,PE,0,0,0,120.55,98.8,0,0,0,0,19-APR-2021,
OPTSTK,ICICIPRULI,24-Jun-2021,545,PE,0,0,0,124.7,102.85,0,0,0,0,19-APR-2021,
OPTSTK,ICICIPRULI,24-Jun-2021,550,PE,0,0,0,128.85,106.95,0,0,0,0,19-APR-2021,
OPTSTK,ICICIPRULI,24-Jun-2021,555,PE,0,0,0,133.05,111.05,0,0,0,0,19-APR-2021,
OPTSTK,ICICIPRULI,24-Jun-2021,560,PE,0,0,0,137.25,115.25,0,0,0,0,19-APR-2021,
OPTSTK,ICICIPRULI,24-Jun-2021,565,PE,0,0,0,141.55,119.5,0,0,0,0,19-APR-2021,
OPTSTK,ICICIPRULI,24-Jun-2021,570,PE,0,0,0,145.85,123.75,0,0,0,0,19-APR-2021,
OPTSTK,ICICIPRULI,24-Jun-2021,575,PE,0,0,0,150.15,128.1,0,0,0,0,19-APR-2021,
OPTSTK,ICICIPRULI,24-Jun-2021,580,PE,0,0,0,154.55,132.45,0,0,0,0,19-APR-2021,
OPTSTK,ICICIPRULI,24-Jun-2021,585,PE,0,0,0,158.95,136.85,0,0,0,0,19-APR-2021,
OPTSTK,ICICIPRULI,24-Jun-2021,590,PE,0,0,0,163.35,141.3,0,0,0,0,19-APR-2021,
OPTSTK,ICICIPRULI,24-Jun-2021,595,PE,0,0,0,167.8,145.75,0,0,0,0,19-APR-2021,
OPTSTK,ICICIPRULI,24-Jun-2021,600,PE,0,0,0,172.3,150.25,0,0,0,0,19-APR-2021,
OPTSTK,ICICIPRULI,24-Jun-2021,605,PE,0,0,0,176.8,154.75,0,0,0,0,19-APR-2021,
OPTSTK,ICICIPRULI,24-Jun-2021,610,PE,0,0,0,181.35,159.35,0,0,0,0,19-APR-2021,
OPTSTK,IDEA,29-Apr-2021,2,CE,0,0,0,9.8,6.45,0,0,0,0,19-APR-2021,
OPTSTK,IDEA,29-Apr-2021,3,CE,0,0,0,8.8,5.45,0,0,0,0,19-APR-2021,
OPTSTK,IDEA,29-Apr-2021,4,CE,0,0,0,7.85,4.45,0,0,0,0,19-APR-2021,
OPTSTK,IDEA,29-Apr-2021,5,CE,0,0,0,6.95,3.5,0,0,0,0,19-APR-2021,
OPTSTK,IDEA,29-Apr-2021,6,CE,0,0,0,6.15,2.5,0,0,0,0,19-APR-2021,
OPTSTK,IDEA,29-Apr-2021,7,CE,0,0,0,2,1.6,0,0,280000,0,19-APR-2021,
OPTSTK,IDEA,29-Apr-2021,8,CE,0.95,0.95,0.65,0.75,0.75,48,292.53,2170000,1120000,19-APR-2021,
OPTSTK,IDEA,29-Apr-2021,9,CE,0.3,0.3,0.2,0.25,0.25,425,2750.72,24990000,1960000,19-APR-2021,
OPTSTK,IDEA,29-Apr-2021,10,CE,0.15,0.15,0.05,0.1,0.1,188,1328.95,89180000,1540000,19-APR-2021,
OPTSTK,IDEA,29-Apr-2021,11,CE,0.05,0.05,0.05,0.05,0.05,126,974.61,37450000,-2520000,19-APR-2021,
OPTSTK,IDEA,29-Apr-2021,12,CE,0.05,0.05,0.05,0.05,0.05,1,8.43,22400000,0,19-APR-2021,
OPTSTK,IDEA,29-Apr-2021,13,CE,0,0,0,0.05,0.05,0,0,14140000,0,19-APR-2021,
OPTSTK,IDEA,29-Apr-2021,14,CE,0,0,0,0.05,0,0,0,11410000,0,19-APR-2021,
OPTSTK,IDEA,29-Apr-2021,15,CE,0,0,0,0.05,0,0,0,9240000,0,19-APR-2021,
OPTSTK,IDEA,29-Apr-2021,16,CE,0,0,0,0.05,0,0,0,2100000,0,19-APR-2021,
OPTSTK,IDEA,29-Apr-2021,17,CE,0,0,0,0.05,0,0,0,490000,0,19-APR-2021,
OPTSTK,IDEA,29-Apr-2021,18,CE,0,0,0,0.05,0,0,0,420000,0,19-APR-2021,
OPTSTK,IDEA,29-Apr-2021,19,CE,0,0,0,0.05,0,0,0,2310000,0,19-APR-2021,
OPTSTK,IDEA,29-Apr-2021,2,PE,0,0,0,0.05,0,0,0,70000,0,19-APR-2021,
OPTSTK,IDEA,29-Apr-2021,3,PE,0,0,0,0.05,0,0,0,0,0,19-APR-2021,
OPTSTK,IDEA,29-Apr-2021,4,PE,0,0,0,0.05,0,0,0,140000,0,19-APR-2021,
OPTSTK,IDEA,29-Apr-2021,5,PE,0,0,0,0.05,0,0,0,980000,0,19-APR-2021,
OPTSTK,IDEA,29-Apr-2021,6,PE,0.05,0.05,0.05,0.05,0.05,1,4.23,2450000,0,19-APR-2021,
OPTSTK,IDEA,29-Apr-2021,7,PE,0.1,0.1,0.05,0.05,0.05,67,330.71,6090000,70000,19-APR-2021,
OPTSTK,IDEA,29-Apr-2021,8,PE,0.25,0.3,0.15,0.2,0.2,170,978.84,12530000,840000,19-APR-2021,
OPTSTK,IDEA,29-Apr-2021,9,PE,0.8,0.8,0.65,0.7,0.7,98,667.34,28070000,-70000,19-APR-2021,
OPTSTK,IDEA,29-Apr-2021,10,PE,1.65,1.7,1.55,1.6,1.7,28,228.27,17010000,-1540000,19-APR-2021,
OPTSTK,IDEA,29-Apr-2021,11,PE,0,0,0,2.25,2.6,0,0,3290000,0,19-APR-2021,
OPTSTK,IDEA,29-Apr-2021,12,PE,0,0,0,2.5,3.6,0,0,1540000,0,19-APR-2021,
OPTSTK,IDEA,29-Apr-2021,13,PE,0,0,0,3.2,4.55,0,0,420000,0,19-APR-2021,
OPTSTK,IDEA,29-Apr-2021,14,PE,0,0,0,3.95,5.55,0,0,70000,0,19-APR-2021,
OPTSTK,IDEA,29-Apr-2021,15,PE,0,0,0,4.9,6.55,0,0,70000,0,19-APR-2021,
OPTSTK,IDEA,29-Apr-2021,16,PE,0,0,0,5.7,7.55,0,0,0,0,19-APR-2021,
OPTSTK,IDEA,29-Apr-2021,17,PE,0,0,0,6.5,8.55,0,0,0,0,19-APR-2021,
OPTSTK,IDEA,29-Apr-2021,18,PE,0,0,0,7.35,9.55,0,0,0,0,19-APR-2021,
OPTSTK,IDEA,29-Apr-2021,19,PE,0,0,0,8.15,10.55,0,0,0,0,19-APR-2021,
OPTSTK,IDEA,27-May-2021,2,CE,0,0,0,9.7,6.5,0,0,0,0,19-APR-2021,
OPTSTK,IDEA,27-May-2021,3,CE,0,0,0,8.7,5.5,0,0,0,0,19-APR-2021,
OPTSTK,IDEA,27-May-2021,4,CE,0,0,0,7.75,4.5,0,0,0,0,19-APR-2021,
OPTSTK,IDEA,27-May-2021,5,CE,0,0,0,6.85,3.55,0,0,0,0,19-APR-2021,
OPTSTK,IDEA,27-May-2021,6,CE,0,0,0,6,2.7,0,0,0,0,19-APR-2021,
OPTSTK,IDEA,27-May-2021,7,CE,0,0,0,5.25,2,0,0,0,0,19-APR-2021,
OPTSTK,IDEA,27-May-2021,8,CE,0,0,0,1.7,1.45,0,0,140000,0,19-APR-2021,
OPTSTK,IDEA,27-May-2021,9,CE,0.7,0.7,0.55,0.65,0.65,49,329.8,3360000,1960000,19-APR-2021,
OPTSTK,IDEA,27-May-2021,10,CE,0.45,0.45,0.3,0.35,0.35,85,616.42,12390000,2730000,19-APR-2021,
OPTSTK,IDEA,27-May-2021,11,CE,0.2,0.3,0.2,0.25,0.5,12,94.36,1330000,210000,19-APR-2021,
OPTSTK,IDEA,27-May-2021,12,CE,0.15,0.2,0.15,0.15,0.35,6,51.06,4760000,0,19-APR-2021,
OPTSTK,IDEA,27-May-2021,13,CE,0.1,0.1,0.1,0.1,0.2,3,27.51,350000,140000,19-APR-2021,
OPTSTK,IDEA,27-May-2021,14,CE,0.1,0.1,0.05,0.05,0.05,15,148.01,1120000,910000,19-APR-2021,
OPTSTK,IDEA,27-May-2021,15,CE,0.05,0.05,0.05,0.05,0.1,1,10.53,1120000,-70000,19-APR-2021,
OPTSTK,IDEA,27-May-2021,16,CE,0.05,0.05,0.05,0.05,0.1,1,11.23,420000,0,19-APR-2021,
OPTSTK,IDEA,27-May-2021,17,CE,0,0,0,1.3,0.05,0,0,0,0,19-APR-2021,
OPTSTK,IDEA,27-May-2021,18,CE,0,0,0,1.1,0.05,0,0,0,0,19-APR-2021,
OPTSTK,IDEA,27-May-2021,19,CE,0,0,0,0.1,0.05,0,0,1540000,0,19-APR-2021,
OPTSTK,IDEA,27-May-2021,2,PE,0,0,0,0.05,0,0,0,0,0,19-APR-2021,
OPTSTK,IDEA,27-May-2021,3,PE,0,0,0,0.05,0,0,0,0,0,19-APR-2021,
OPTSTK,IDEA,27-May-2021,4,PE,0,0,0,0.05,0.05,0,0,0,0,19-APR-2021,
OPTSTK,IDEA,27-May-2021,5,PE,0.1,0.1,0.1,0.1,0.1,2,7.14,140000,140000,19-APR-2021,
OPTSTK,IDEA,27-May-2021,6,PE,0.15,0.15,0.15,0.15,0.25,10,43.05,840000,700000,19-APR-2021,
OPTSTK,IDEA,27-May-2021,7,PE,0.2,0.25,0.2,0.25,0.25,14,70.98,1050000,770000,19-APR-2021,
OPTSTK,IDEA,27-May-2021,8,PE,0.55,0.6,0.5,0.55,0.55,19,113.33,2100000,560000,19-APR-2021,
OPTSTK,IDEA,27-May-2021,9,PE,1,1.1,1,1,1,18,126.52,13930000,420000,19-APR-2021,
OPTSTK,IDEA,27-May-2021,10,PE,1.85,1.85,1.75,1.75,2.2,15,123.93,1960000,630000,19-APR-2021,
OPTSTK,IDEA,27-May-2021,11,PE,0,0,0,2.25,3,0,0,0,0,19-APR-2021,
OPTSTK,IDEA,27-May-2021,12,PE,0,0,0,2.8,3.85,0,0,0,0,19-APR-2021,
OPTSTK,IDEA,27-May-2021,13,PE,0,0,0,3.45,4.7,0,0,0,0,19-APR-2021,
OPTSTK,IDEA,27-May-2021,14,PE,0,0,0,4.15,5.65,0,0,0,0,19-APR-2021,
OPTSTK,IDEA,27-May-2021,15,PE,0,0,0,4.9,6.6,0,0,0,0,19-APR-2021,
OPTSTK,IDEA,27-May-2021,16,PE,0,0,0,5.65,7.55,0,0,0,0,19-APR-2021,
OPTSTK,IDEA,27-May-2021,17,PE,0,0,0,6.45,8.55,0,0,0,0,19-APR-2021,
OPTSTK,IDEA,27-May-2021,18,PE,0,0,0,7.3,9.55,0,0,0,0,19-APR-2021,
OPTSTK,IDEA,27-May-2021,19,PE,0,0,0,8.15,10.5,0,0,0,0,19-APR-2021,
OPTSTK,IDEA,24-Jun-2021,2,CE,0,0,0,6.95,6.5,0,0,0,0,19-APR-2021,
OPTSTK,IDEA,24-Jun-2021,3,CE,0,0,0,5.95,5.5,0,0,0,0,19-APR-2021,
OPTSTK,IDEA,24-Jun-2021,4,CE,0,0,0,5.05,4.55,0,0,0,0,19-APR-2021,
OPTSTK,IDEA,24-Jun-2021,5,CE,0,0,0,4.25,3.7,0,0,0,0,19-APR-2021,
OPTSTK,IDEA,24-Jun-2021,6,CE,0,0,0,3.5,2.95,0,0,0,0,19-APR-2021,
OPTSTK,IDEA,24-Jun-2021,7,CE,0,0,0,2.9,2.3,0,0,0,0,19-APR-2021,
OPTSTK,IDEA,24-Jun-2021,8,CE,0,0,0,2.4,1.8,0,0,0,0,19-APR-2021,
OPTSTK,IDEA,24-Jun-2021,9,CE,0,0,0,1.3,1.4,0,0,140000,0,19-APR-2021,
OPTSTK,IDEA,24-Jun-2021,10,CE,0,0,0,0.9,1.05,0,0,770000,0,19-APR-2021,
OPTSTK,IDEA,24-Jun-2021,11,CE,0,0,0,1.35,0.85,0,0,0,0,19-APR-2021,
OPTSTK,IDEA,24-Jun-2021,12,CE,0,0,0,1.1,0.65,0,0,0,0,19-APR-2021,
OPTSTK,IDEA,24-Jun-2021,13,CE,0,0,0,0.9,0.5,0,0,0,0,19-APR-2021,
OPTSTK,IDEA,24-Jun-2021,14,CE,0,0,0,0.75,0.4,0,0,0,0,19-APR-2021,
OPTSTK,IDEA,24-Jun-2021,15,CE,0,0,0,0.65,0.3,0,0,0,0,19-APR-2021,
OPTSTK,IDEA,24-Jun-2021,16,CE,0,0,0,0.5,0.25,0,0,0,0,19-APR-2021,
OPTSTK,IDEA,24-Jun-2021,17,CE,0,0,0,0.45,0.2,0,0,0,0,19-APR-2021,
OPTSTK,IDEA,24-Jun-2021,18,CE,0,0,0,0.35,0.15,0,0,0,0,19-APR-2021,
OPTSTK,IDEA,24-Jun-2021,19,CE,0,0,0,0.3,0.1,0,0,0,0,19-APR-2021,
OPTSTK,IDEA,24-Jun-2021,2,PE,0,0,0,0.05,0,0,0,0,0,19-APR-2021,
OPTSTK,IDEA,24-Jun-2021,3,PE,0,0,0,0.05,0.05,0,0,0,0,19-APR-2021,
OPTSTK,IDEA,24-Jun-2021,4,PE,0,0,0,0.15,0.1,0,0,0,0,19-APR-2021,
OPTSTK,IDEA,24-Jun-2021,5,PE,0.1,0.1,0.1,0.1,0.2,2,7.14,280000,140000,19-APR-2021,
OPTSTK,IDEA,24-Jun-2021,6,PE,0,0,0,0.55,0.45,0,0,0,0,19-APR-2021,
OPTSTK,IDEA,24-Jun-2021,7,PE,0,0,0,0.2,0.8,0,0,70000,0,19-APR-2021,
OPTSTK,IDEA,24-Jun-2021,8,PE,0.6,0.65,0.6,0.65,0.65,4,24.15,630000,280000,19-APR-2021,
OPTSTK,IDEA,24-Jun-2021,9,PE,0,0,0,1.1,1.9,0,0,980000,0,19-APR-2021,
OPTSTK,IDEA,24-Jun-2021,10,PE,0,0,0,1,2.55,0,0,70000,0,19-APR-2021,
OPTSTK,IDEA,24-Jun-2021,11,PE,0,0,0,3.35,3.3,0,0,0,0,19-APR-2021,
OPTSTK,IDEA,24-Jun-2021,12,PE,0,0,0,4.1,4.1,0,0,0,0,19-APR-2021,
OPTSTK,IDEA,24-Jun-2021,13,PE,0,0,0,4.9,4.95,0,0,0,0,19-APR-2021,
OPTSTK,IDEA,24-Jun-2021,14,PE,0,0,0,5.7,5.85,0,0,0,0,19-APR-2021,
OPTSTK,IDEA,24-Jun-2021,15,PE,0,0,0,6.6,6.75,0,0,0,0,19-APR-2021,
OPTSTK,IDEA,24-Jun-2021,16,PE,0,0,0,7.5,7.7,0,0,0,0,19-APR-2021,
OPTSTK,IDEA,24-Jun-2021,17,PE,0,0,0,8.4,8.6,0,0,0,0,19-APR-2021,
OPTSTK,IDEA,24-Jun-2021,18,PE,0,0,0,9.3,9.6,0,0,0,0,19-APR-2021,
OPTSTK,IDEA,24-Jun-2021,19,PE,0,0,0,10.25,10.55,0,0,0,0,19-APR-2021,
OPTSTK,IDFCFIRSTB,29-Apr-2021,32,CE,0,0,0,16.7,18.75,0,0,0,0,19-APR-2021,
OPTSTK,IDFCFIRSTB,29-Apr-2021,33,CE,0,0,0,15.8,17.75,0,0,0,0,19-APR-2021,
OPTSTK,IDFCFIRSTB,29-Apr-2021,34,CE,0,0,0,14.95,16.75,0,0,0,0,19-APR-2021,
OPTSTK,IDFCFIRSTB,29-Apr-2021,35,CE,0,0,0,14.15,15.75,0,0,0,0,19-APR-2021,
OPTSTK,IDFCFIRSTB,29-Apr-2021,36,CE,0,0,0,13.35,14.75,0,0,0,0,19-APR-2021,
OPTSTK,IDFCFIRSTB,29-Apr-2021,37,CE,0,0,0,12.55,13.75,0,0,0,0,19-APR-2021,
OPTSTK,IDFCFIRSTB,29-Apr-2021,38,CE,0,0,0,11.8,12.75,0,0,0,0,19-APR-2021,
OPTSTK,IDFCFIRSTB,29-Apr-2021,39,CE,0,0,0,11.1,11.75,0,0,0,0,19-APR-2021,
OPTSTK,IDFCFIRSTB,29-Apr-2021,40,CE,0,0,0,10.4,10.75,0,0,0,0,19-APR-2021,
OPTSTK,IDFCFIRSTB,29-Apr-2021,41,CE,0,0,0,9.75,9.8,0,0,0,0,19-APR-2021,
OPTSTK,IDFCFIRSTB,29-Apr-2021,42,CE,0,0,0,9.1,8.8,0,0,0,0,19-APR-2021,
OPTSTK,IDFCFIRSTB,29-Apr-2021,43,CE,0,0,0,8.5,7.85,0,0,0,0,19-APR-2021,
OPTSTK,IDFCFIRSTB,29-Apr-2021,44,CE,0,0,0,7.95,6.95,0,0,0,0,19-APR-2021,
OPTSTK,IDFCFIRSTB,29-Apr-2021,45,CE,7,7,6.15,6.15,6.05,2,19.59,76000,19000,19-APR-2021,
OPTSTK,IDFCFIRSTB,29-Apr-2021,46,CE,4.4,4.4,4.4,4.4,5.2,1,9.57,19000,0,19-APR-2021,
OPTSTK,IDFCFIRSTB,29-Apr-2021,47,CE,4.2,4.25,4.2,4.25,4.25,6,58.4,0,0,19-APR-2021,
OPTSTK,IDFCFIRSTB,29-Apr-2021,48,CE,3.7,3.8,3.7,3.8,3.65,3,29.5,57000,57000,19-APR-2021,
OPTSTK,IDFCFIRSTB,29-Apr-2021,49,CE,2.5,3.5,2.5,3,3,10,98.77,114000,57000,19-APR-2021,
OPTSTK,IDFCFIRSTB,29-Apr-2021,50,CE,1.9,2.65,1.85,2.35,2.35,415,4120.44,3249000,1957000,19-APR-2021,
OPTSTK,IDFCFIRSTB,29-Apr-2021,51,CE,1.8,2.05,1.4,1.8,1.8,290,2907.86,1387000,741000,19-APR-2021,
OPTSTK,IDFCFIRSTB,29-Apr-2021,52,CE,1.25,1.65,1.1,1.4,1.4,626,6346.09,3629000,2299000,19-APR-2021,
OPTSTK,IDFCFIRSTB,29-Apr-2021,53,CE,1.5,1.5,0.85,1.05,1.05,316,3244.25,1881000,494000,19-APR-2021,
OPTSTK,IDFCFIRSTB,29-Apr-2021,54,CE,0.95,1,0.7,0.8,0.8,319,3319.67,2014000,0,19-APR-2021,
OPTSTK,IDFCFIRSTB,29-Apr-2021,55,CE,0.75,1,0.5,0.55,0.55,1528,16136.62,10906000,2736000,19-APR-2021,
OPTSTK,IDFCFIRSTB,29-Apr-2021,56,CE,0.7,0.7,0.4,0.45,0.45,328,3519.5,2698000,304000,19-APR-2021,
OPTSTK,IDFCFIRSTB,29-Apr-2021,57,CE,0.55,0.55,0.3,0.35,0.35,405,4414.1,4788000,-342000,19-APR-2021,
OPTSTK,IDFCFIRSTB,29-Apr-2021,58,CE,0.25,0.45,0.25,0.3,0.3,274,3035.67,7448000,304000,19-APR-2021,
OPTSTK,IDFCFIRSTB,29-Apr-2021,59,CE,0.3,0.35,0.2,0.25,0.25,130,1463.59,4617000,171000,19-APR-2021,
OPTSTK,IDFCFIRSTB,29-Apr-2021,60,CE,0.25,0.35,0.15,0.2,0.2,803,9188.16,24301000,1786000,19-APR-2021,
OPTSTK,IDFCFIRSTB,29-Apr-2021,61,CE,0.25,0.25,0.15,0.15,0.15,26,302.29,2603000,0,19-APR-2021,
OPTSTK,IDFCFIRSTB,29-Apr-2021,62,CE,0.15,0.2,0.1,0.15,0.15,37,436.98,3287000,-114000,19-APR-2021,
OPTSTK,IDFCFIRSTB,29-Apr-2021,63,CE,0.15,0.15,0.1,0.15,0.15,20,239.92,1976000,0,19-APR-2021,
OPTSTK,IDFCFIRSTB,29-Apr-2021,64,CE,0.1,0.15,0.05,0.1,0.1,59,718.56,5301000,-114000,19-APR-2021,
OPTSTK,IDFCFIRSTB,29-Apr-2021,65,CE,0.1,0.1,0.05,0.1,0.1,123,1521.24,12787000,-1102000,19-APR-2021,
OPTSTK,IDFCFIRSTB,29-Apr-2021,66,CE,0.1,0.1,0.05,0.1,0.1,33,414.39,1026000,76000,19-APR-2021,
OPTSTK,IDFCFIRSTB,29-Apr-2021,67,CE,0.05,0.1,0.05,0.05,0.05,13,165.66,874000,-38000,19-APR-2021,
OPTSTK,IDFCFIRSTB,29-Apr-2021,68,CE,0.05,0.1,0.05,0.1,0,2,25.86,931000,-19000,19-APR-2021,
OPTSTK,IDFCFIRSTB,29-Apr-2021,69,CE,0,0,0,0.1,0,0,0,304000,0,19-APR-2021,
OPTSTK,IDFCFIRSTB,29-Apr-2021,70,CE,0.05,0.1,0.05,0.05,0.05,143,1904.27,11742000,-779000,19-APR-2021,
OPTSTK,IDFCFIRSTB,29-Apr-2021,71,CE,0.05,0.05,0.05,0.05,0,5,67.49,570000,-95000,19-APR-2021,
OPTSTK,IDFCFIRSTB,29-Apr-2021,72,CE,0,0,0,0.05,0,0,0,266000,0,19-APR-2021,
OPTSTK,IDFCFIRSTB,29-Apr-2021,73,CE,0.05,0.05,0.05,0.05,0.05,6,83.27,285000,-76000,19-APR-2021,
OPTSTK,IDFCFIRSTB,29-Apr-2021,74,CE,0.05,0.05,0.05,0.05,0,3,42.2,209000,-38000,19-APR-2021,
OPTSTK,IDFCFIRSTB,29-Apr-2021,75,CE,0.05,0.05,0.05,0.05,0.05,33,470.56,3781000,-114000,19-APR-2021,
OPTSTK,IDFCFIRSTB,29-Apr-2021,76,CE,0.05,0.05,0.05,0.05,0.05,13,187.84,2261000,-171000,19-APR-2021,
OPTSTK,IDFCFIRSTB,29-Apr-2021,32,PE,0,0,0,0.05,0,0,0,133000,0,19-APR-2021,
OPTSTK,IDFCFIRSTB,29-Apr-2021,33,PE,0,0,0,0.6,0,0,0,0,0,19-APR-2021,
OPTSTK,IDFCFIRSTB,29-Apr-2021,34,PE,0,0,0,0.75,0,0,0,0,0,19-APR-2021,
OPTSTK,IDFCFIRSTB,29-Apr-2021,35,PE,0.05,0.05,0.05,0.05,0,3,19.97,266000,19000,19-APR-2021,
OPTSTK,IDFCFIRSTB,29-Apr-2021,36,PE,0,0,0,1.1,0,0,0,0,0,19-APR-2021,
OPTSTK,IDFCFIRSTB,29-Apr-2021,37,PE,0,0,0,0.05,0,0,0,114000,0,19-APR-2021,
OPTSTK,IDFCFIRSTB,29-Apr-2021,38,PE,0.1,0.15,0.1,0.15,0,3,21.72,152000,38000,19-APR-2021,
OPTSTK,IDFCFIRSTB,29-Apr-2021,39,PE,0,0,0,0.1,0.05,0,0,95000,0,19-APR-2021,
OPTSTK,IDFCFIRSTB,29-Apr-2021,40,PE,0.2,0.2,0.1,0.15,0.15,64,488.5,2071000,-114000,19-APR-2021,
OPTSTK,IDFCFIRSTB,29-Apr-2021,41,PE,0.5,1.6,0.1,0.2,0.05,21,164.72,551000,57000,19-APR-2021,
OPTSTK,IDFCFIRSTB,29-Apr-2021,42,PE,0.15,0.3,0.15,0.2,0.2,25,200.62,627000,114000,19-APR-2021,
OPTSTK,IDFCFIRSTB,29-Apr-2021,43,PE,0.35,0.35,0.25,0.25,0.1,13,106.93,95000,19000,19-APR-2021,
OPTSTK,IDFCFIRSTB,29-Apr-2021,44,PE,0.45,0.5,0.25,0.25,0.25,18,151.89,285000,-19000,19-APR-2021,
OPTSTK,IDFCFIRSTB,29-Apr-2021,45,PE,0.45,0.65,0.3,0.35,0.35,706,6096.96,6498000,1577000,19-APR-2021,
OPTSTK,IDFCFIRSTB,29-Apr-2021,46,PE,0.85,0.85,0.45,0.5,0.5,105,929.95,1045000,247000,19-APR-2021,
OPTSTK,IDFCFIRSTB,29-Apr-2021,47,PE,1.1,1.1,0.6,0.65,0.65,222,2014.92,2128000,-399000,19-APR-2021,
OPTSTK,IDFCFIRSTB,29-Apr-2021,48,PE,0.9,1.45,0.8,0.85,0.85,242,2253.78,1862000,152000,19-APR-2021,
OPTSTK,IDFCFIRSTB,29-Apr-2021,49,PE,1.45,2.5,1.05,1.1,1.1,143,1367.62,2052000,-38000,19-APR-2021,
OPTSTK,IDFCFIRSTB,29-Apr-2021,50,PE,1.7,2.35,1.4,1.5,1.5,771,7575.63,9044000,-2717000,19-APR-2021,
OPTSTK,IDFCFIRSTB,29-Apr-2021,51,PE,1.95,2.85,1.8,1.95,1.95,118,1192.24,1444000,-380000,19-APR-2021,
OPTSTK,IDFCFIRSTB,29-Apr-2021,52,PE,2.65,3.6,2.3,2.5,2.5,162,1688.21,3914000,-494000,19-APR-2021,
OPTSTK,IDFCFIRSTB,29-Apr-2021,53,PE,3.5,4.45,3,3.15,3.15,58,622.94,2071000,-152000,19-APR-2021,
OPTSTK,IDFCFIRSTB,29-Apr-2021,54,PE,4,4.9,3.8,3.95,3.95,35,386.82,1786000,-133000,19-APR-2021,
OPTSTK,IDFCFIRSTB,29-Apr-2021,55,PE,5.05,6,4.55,4.65,4.65,48,547.8,8949000,-304000,19-APR-2021,
OPTSTK,IDFCFIRSTB,29-Apr-2021,56,PE,5.7,5.75,5.7,5.7,5.75,3,35.17,1881000,-38000,19-APR-2021,
OPTSTK,IDFCFIRSTB,29-Apr-2021,57,PE,6.6,6.8,6.4,6.8,6.6,3,36.25,3097000,0,19-APR-2021,
OPTSTK,IDFCFIRSTB,29-Apr-2021,58,PE,8.35,8.35,7.4,7.4,7.4,6,75.04,2717000,-95000,19-APR-2021,
OPTSTK,IDFCFIRSTB,29-Apr-2021,59,PE,9.4,9.6,8.3,8.3,8.3,3,38.81,817000,-38000,19-APR-2021,
OPTSTK,IDFCFIRSTB,29-Apr-2021,60,PE,9.5,10.3,9.05,9.35,9.35,6,79.44,6251000,0,19-APR-2021,
OPTSTK,IDFCFIRSTB,29-Apr-2021,61,PE,0,0,0,8,10.35,0,0,285000,0,19-APR-2021,
OPTSTK,IDFCFIRSTB,29-Apr-2021,62,PE,10.8,10.8,10.8,10.8,11.3,1,13.83,532000,19000,19-APR-2021,
OPTSTK,IDFCFIRSTB,29-Apr-2021,63,PE,0,0,0,7.1,12.3,0,0,209000,0,19-APR-2021,
OPTSTK,IDFCFIRSTB,29-Apr-2021,64,PE,0,0,0,12.5,13.3,0,0,38000,0,19-APR-2021,
OPTSTK,IDFCFIRSTB,29-Apr-2021,65,PE,0,0,0,13.4,14.25,0,0,779000,0,19-APR-2021,
OPTSTK,IDFCFIRSTB,29-Apr-2021,66,PE,0,0,0,8.5,15.25,0,0,19000,0,19-APR-2021,
OPTSTK,IDFCFIRSTB,29-Apr-2021,67,PE,0,0,0,5.9,16.25,0,0,38000,0,19-APR-2021,
OPTSTK,IDFCFIRSTB,29-Apr-2021,68,PE,0,0,0,16.5,17.25,0,0,0,0,19-APR-2021,
OPTSTK,IDFCFIRSTB,29-Apr-2021,69,PE,0,0,0,17.35,18.25,0,0,0,0,19-APR-2021,
OPTSTK,IDFCFIRSTB,29-Apr-2021,70,PE,0,0,0,12,19.25,0,0,19000,0,19-APR-2021,
OPTSTK,IDFCFIRSTB,29-Apr-2021,71,PE,0,0,0,15.9,20.25,0,0,0,0,19-APR-2021,
OPTSTK,IDFCFIRSTB,29-Apr-2021,72,PE,0,0,0,16.75,21.25,0,0,0,0,19-APR-2021,
OPTSTK,IDFCFIRSTB,29-Apr-2021,73,PE,0,0,0,16.25,22.25,0,0,0,0,19-APR-2021,
OPTSTK,IDFCFIRSTB,29-Apr-2021,74,PE,0,0,0,17.1,23.25,0,0,0,0,19-APR-2021,
OPTSTK,IDFCFIRSTB,29-Apr-2021,75,PE,0,0,0,14.6,24.25,0,0,0,0,19-APR-2021,
OPTSTK,IDFCFIRSTB,29-Apr-2021,76,PE,0,0,0,15.4,25.25,0,0,0,0,19-APR-2021,
OPTSTK,IDFCFIRSTB,27-May-2021,38,CE,0,0,0,19.65,13.1,0,0,0,0,19-APR-2021,
OPTSTK,IDFCFIRSTB,27-May-2021,39,CE,0,0,0,18.75,12.2,0,0,0,0,19-APR-2021,
OPTSTK,IDFCFIRSTB,27-May-2021,40,CE,0,0,0,17.8,11.35,0,0,0,0,19-APR-2021,
OPTSTK,IDFCFIRSTB,27-May-2021,41,CE,0,0,0,16.9,10.5,0,0,0,0,19-APR-2021,
OPTSTK,IDFCFIRSTB,27-May-2021,42,CE,0,0,0,16.05,9.65,0,0,0,0,19-APR-2021,
OPTSTK,IDFCFIRSTB,27-May-2021,43,CE,0,0,0,17.35,8.85,0,0,0,0,19-APR-2021,
OPTSTK,IDFCFIRSTB,27-May-2021,44,CE,0,0,0,16.5,8.1,0,0,0,0,19-APR-2021,
OPTSTK,IDFCFIRSTB,27-May-2021,45,CE,0,0,0,17,7.4,0,0,0,0,19-APR-2021,
OPTSTK,IDFCFIRSTB,27-May-2021,46,CE,0,0,0,16.15,6.7,0,0,0,0,19-APR-2021,
OPTSTK,IDFCFIRSTB,27-May-2021,47,CE,0,0,0,18.1,6.1,0,0,0,0,19-APR-2021,
OPTSTK,IDFCFIRSTB,27-May-2021,48,CE,0,0,0,17.3,5.5,0,0,0,0,19-APR-2021,
OPTSTK,IDFCFIRSTB,27-May-2021,49,CE,0,0,0,17.65,4.9,0,0,0,0,19-APR-2021,
OPTSTK,IDFCFIRSTB,27-May-2021,50,CE,4,4,3.9,4,4,12,123.1,209000,209000,19-APR-2021,
OPTSTK,IDFCFIRSTB,27-May-2021,51,CE,0,0,0,16.15,3.95,0,0,0,0,19-APR-2021,
OPTSTK,IDFCFIRSTB,27-May-2021,52,CE,0,0,0,15.4,3.5,0,0,0,0,19-APR-2021,
OPTSTK,IDFCFIRSTB,27-May-2021,53,CE,0,0,0,14.7,3.1,0,0,0,0,19-APR-2021,
OPTSTK,IDFCFIRSTB,27-May-2021,54,CE,0,0,0,14,2.75,0,0,0,0,19-APR-2021,
OPTSTK,IDFCFIRSTB,27-May-2021,55,CE,2.5,2.5,1.5,2.1,2.1,50,542.02,874000,608000,19-APR-2021,
OPTSTK,IDFCFIRSTB,27-May-2021,56,CE,0,0,0,12.65,2.1,0,0,0,0,19-APR-2021,
OPTSTK,IDFCFIRSTB,27-May-2021,57,CE,0,0,0,12.05,1.85,0,0,0,0,19-APR-2021,
OPTSTK,IDFCFIRSTB,27-May-2021,58,CE,2,2,1.65,1.65,1.65,2,22.73,133000,38000,19-APR-2021,
OPTSTK,IDFCFIRSTB,27-May-2021,59,CE,0,0,0,10.85,1.4,0,0,0,0,19-APR-2021,
OPTSTK,IDFCFIRSTB,27-May-2021,60,CE,1.3,1.3,0.85,1.05,1.05,45,521.75,1577000,437000,19-APR-2021,
OPTSTK,IDFCFIRSTB,27-May-2021,61,CE,0,0,0,9.75,1.05,0,0,0,0,19-APR-2021,
OPTSTK,IDFCFIRSTB,27-May-2021,62,CE,0,0,0,1.85,0.9,0,0,19000,0,19-APR-2021,
OPTSTK,IDFCFIRSTB,27-May-2021,63,CE,0,0,0,8.75,0.8,0,0,0,0,19-APR-2021,
OPTSTK,IDFCFIRSTB,27-May-2021,64,CE,0,0,0,8.3,0.7,0,0,0,0,19-APR-2021,
OPTSTK,IDFCFIRSTB,27-May-2021,65,CE,0.55,0.6,0.5,0.6,0.6,9,112.11,988000,95000,19-APR-2021,
OPTSTK,IDFCFIRSTB,27-May-2021,66,CE,0,0,0,7.4,0.5,0,0,0,0,19-APR-2021,
OPTSTK,IDFCFIRSTB,27-May-2021,67,CE,0,0,0,7,0.45,0,0,0,0,19-APR-2021,
OPTSTK,IDFCFIRSTB,27-May-2021,68,CE,0,0,0,6.6,0.35,0,0,0,0,19-APR-2021,
OPTSTK,IDFCFIRSTB,27-May-2021,69,CE,0,0,0,6.2,0.3,0,0,0,0,19-APR-2021,
OPTSTK,IDFCFIRSTB,27-May-2021,70,CE,0,0,0,0.45,0.25,0,0,380000,0,19-APR-2021,
OPTSTK,IDFCFIRSTB,27-May-2021,71,CE,0,0,0,5.5,0.25,0,0,0,0,19-APR-2021,
OPTSTK,IDFCFIRSTB,27-May-2021,72,CE,0,0,0,5.2,0.2,0,0,0,0,19-APR-2021,
OPTSTK,IDFCFIRSTB,27-May-2021,73,CE,0,0,0,4.9,0.15,0,0,0,0,19-APR-2021,
OPTSTK,IDFCFIRSTB,27-May-2021,74,CE,0,0,0,4.6,0.15,0,0,0,0,19-APR-2021,
OPTSTK,IDFCFIRSTB,27-May-2021,75,CE,0,0,0,0.3,0.15,0,0,380000,0,19-APR-2021,
OPTSTK,IDFCFIRSTB,27-May-2021,76,CE,0,0,0,4.05,0.1,0,0,0,0,19-APR-2021,
OPTSTK,IDFCFIRSTB,27-May-2021,38,PE,0,0,0,0.2,0.3,0,0,0,0,19-APR-2021,
OPTSTK,IDFCFIRSTB,27-May-2021,39,PE,0,0,0,0.3,0.35,0,0,0,0,19-APR-2021,
OPTSTK,IDFCFIRSTB,27-May-2021,40,PE,0.5,0.5,0.5,0.5,0.5,1,7.69,19000,19000,19-APR-2021,
OPTSTK,IDFCFIRSTB,27-May-2021,41,PE,0,0,0,0.45,0.65,0,0,0,0,19-APR-2021,
OPTSTK,IDFCFIRSTB,27-May-2021,42,PE,0,0,0,0.55,0.8,0,0,0,0,19-APR-2021,
OPTSTK,IDFCFIRSTB,27-May-2021,43,PE,0,0,0,0.65,1,0,0,0,0,19-APR-2021,
OPTSTK,IDFCFIRSTB,27-May-2021,44,PE,0,0,0,0.75,1.25,0,0,0,0,19-APR-2021,
OPTSTK,IDFCFIRSTB,27-May-2021,45,PE,1.3,1.6,1.25,1.3,1.3,11,97.05,152000,152000,19-APR-2021,
OPTSTK,IDFCFIRSTB,27-May-2021,46,PE,0,0,0,0.95,1.85,0,0,0,0,19-APR-2021,
OPTSTK,IDFCFIRSTB,27-May-2021,47,PE,0,0,0,1.2,2.2,0,0,0,0,19-APR-2021,
OPTSTK,IDFCFIRSTB,27-May-2021,48,PE,0,0,0,1.4,2.6,0,0,0,0,19-APR-2021,
OPTSTK,IDFCFIRSTB,27-May-2021,49,PE,0,0,0,1.5,3.05,0,0,0,0,19-APR-2021,
OPTSTK,IDFCFIRSTB,27-May-2021,50,PE,3,3.5,2.7,3,3,29,292.75,1653000,380000,19-APR-2021,
OPTSTK,IDFCFIRSTB,27-May-2021,51,PE,0,0,0,1.95,4.05,0,0,0,0,19-APR-2021,
OPTSTK,IDFCFIRSTB,27-May-2021,52,PE,0,0,0,2.2,4.6,0,0,0,0,19-APR-2021,
OPTSTK,IDFCFIRSTB,27-May-2021,53,PE,0,0,0,2.5,5.2,0,0,0,0,19-APR-2021,
OPTSTK,IDFCFIRSTB,27-May-2021,54,PE,0,0,0,2.8,5.85,0,0,0,0,19-APR-2021,
OPTSTK,IDFCFIRSTB,27-May-2021,55,PE,0,0,0,5.05,6.5,0,0,266000,0,19-APR-2021,
OPTSTK,IDFCFIRSTB,27-May-2021,56,PE,0,0,0,5,7.2,0,0,437000,0,19-APR-2021,
OPTSTK,IDFCFIRSTB,27-May-2021,57,PE,0,0,0,5,7.95,0,0,190000,0,19-APR-2021,
OPTSTK,IDFCFIRSTB,27-May-2021,58,PE,0,0,0,5.25,8.7,0,0,418000,0,19-APR-2021,
OPTSTK,IDFCFIRSTB,27-May-2021,59,PE,0,0,0,4.6,9.5,0,0,0,0,19-APR-2021,
OPTSTK,IDFCFIRSTB,27-May-2021,60,PE,0,0,0,5.05,10.3,0,0,0,0,19-APR-2021,
OPTSTK,IDFCFIRSTB,27-May-2021,61,PE,0,0,0,5.5,11.15,0,0,0,0,19-APR-2021,
OPTSTK,IDFCFIRSTB,27-May-2021,62,PE,0,0,0,5.95,12,0,0,0,0,19-APR-2021,
OPTSTK,IDFCFIRSTB,27-May-2021,63,PE,0,0,0,6.45,12.85,0,0,0,0,19-APR-2021,
OPTSTK,IDFCFIRSTB,27-May-2021,64,PE,0,0,0,7,13.75,0,0,0,0,19-APR-2021,
OPTSTK,IDFCFIRSTB,27-May-2021,65,PE,0,0,0,7.5,14.65,0,0,0,0,19-APR-2021,
OPTSTK,IDFCFIRSTB,27-May-2021,66,PE,0,0,0,8.1,15.55,0,0,0,0,19-APR-2021,
OPTSTK,IDFCFIRSTB,27-May-2021,67,PE,0,0,0,8.65,16.45,0,0,0,0,19-APR-2021,
OPTSTK,IDFCFIRSTB,27-May-2021,68,PE,0,0,0,9.25,17.4,0,0,0,0,19-APR-2021,
OPTSTK,IDFCFIRSTB,27-May-2021,69,PE,0,0,0,9.85,18.35,0,0,0,0,19-APR-2021,
OPTSTK,IDFCFIRSTB,27-May-2021,70,PE,0,0,0,10.5,19.3,0,0,0,0,19-APR-2021,
OPTSTK,IDFCFIRSTB,27-May-2021,71,PE,0,0,0,11.15,20.25,0,0,0,0,19-APR-2021,
OPTSTK,IDFCFIRSTB,27-May-2021,72,PE,0,0,0,11.8,21.2,0,0,0,0,19-APR-2021,
OPTSTK,IDFCFIRSTB,27-May-2021,73,PE,0,0,0,12.5,22.2,0,0,0,0,19-APR-2021,
OPTSTK,IDFCFIRSTB,27-May-2021,74,PE,0,0,0,13.2,23.15,0,0,0,0,19-APR-2021,
OPTSTK,IDFCFIRSTB,27-May-2021,75,PE,0,0,0,13.9,24.15,0,0,0,0,19-APR-2021,
OPTSTK,IDFCFIRSTB,27-May-2021,76,PE,0,0,0,14.65,25.1,0,0,0,0,19-APR-2021,
OPTSTK,IDFCFIRSTB,24-Jun-2021,38,CE,0,0,0,20.05,13.7,0,0,0,0,19-APR-2021,
OPTSTK,IDFCFIRSTB,24-Jun-2021,39,CE,0,0,0,19.15,12.85,0,0,0,0,19-APR-2021,
OPTSTK,IDFCFIRSTB,24-Jun-2021,40,CE,0,0,0,18.3,12.05,0,0,0,0,19-APR-2021,
OPTSTK,IDFCFIRSTB,24-Jun-2021,41,CE,0,0,0,17.45,11.3,0,0,0,0,19-APR-2021,
OPTSTK,IDFCFIRSTB,24-Jun-2021,42,CE,0,0,0,16.6,10.55,0,0,0,0,19-APR-2021,
OPTSTK,IDFCFIRSTB,24-Jun-2021,43,CE,0,0,0,15.8,9.85,0,0,0,0,19-APR-2021,
OPTSTK,IDFCFIRSTB,24-Jun-2021,44,CE,0,0,0,15,9.15,0,0,0,0,19-APR-2021,
OPTSTK,IDFCFIRSTB,24-Jun-2021,45,CE,0,0,0,14.25,8.5,0,0,0,0,19-APR-2021,
OPTSTK,IDFCFIRSTB,24-Jun-2021,46,CE,0,0,0,13.5,7.85,0,0,0,0,19-APR-2021,
OPTSTK,IDFCFIRSTB,24-Jun-2021,47,CE,0,0,0,12.8,7.3,0,0,0,0,19-APR-2021,
OPTSTK,IDFCFIRSTB,24-Jun-2021,48,CE,0,0,0,12.1,6.75,0,0,0,0,19-APR-2021,
OPTSTK,IDFCFIRSTB,24-Jun-2021,49,CE,0,0,0,11.45,6.2,0,0,0,0,19-APR-2021,
OPTSTK,IDFCFIRSTB,24-Jun-2021,50,CE,0,0,0,10.8,5.7,0,0,0,0,19-APR-2021,
OPTSTK,IDFCFIRSTB,24-Jun-2021,51,CE,0,0,0,10.2,5.25,0,0,0,0,19-APR-2021,
OPTSTK,IDFCFIRSTB,24-Jun-2021,52,CE,0,0,0,9.6,4.8,0,0,0,0,19-APR-2021,
OPTSTK,IDFCFIRSTB,24-Jun-2021,53,CE,0,0,0,9,4.4,0,0,0,0,19-APR-2021,
OPTSTK,IDFCFIRSTB,24-Jun-2021,54,CE,0,0,0,8.5,4.05,0,0,0,0,19-APR-2021,
OPTSTK,IDFCFIRSTB,24-Jun-2021,55,CE,0,0,0,7.95,3.7,0,0,0,0,19-APR-2021,
OPTSTK,IDFCFIRSTB,24-Jun-2021,56,CE,0,0,0,7.45,3.35,0,0,0,0,19-APR-2021,
OPTSTK,IDFCFIRSTB,24-Jun-2021,57,CE,0,0,0,7,3.05,0,0,0,0,19-APR-2021,
OPTSTK,IDFCFIRSTB,24-Jun-2021,58,CE,0,0,0,6.55,2.8,0,0,0,0,19-APR-2021,
OPTSTK,IDFCFIRSTB,24-Jun-2021,59,CE,0,0,0,6.15,2.55,0,0,0,0,19-APR-2021,
OPTSTK,IDFCFIRSTB,24-Jun-2021,60,CE,0,0,0,5.75,2.3,0,0,0,0,19-APR-2021,
OPTSTK,IDFCFIRSTB,24-Jun-2021,61,CE,0,0,0,5.35,2.1,0,0,0,0,19-APR-2021,
OPTSTK,IDFCFIRSTB,24-Jun-2021,62,CE,0,0,0,5,1.9,0,0,0,0,19-APR-2021,
OPTSTK,IDFCFIRSTB,24-Jun-2021,63,CE,0,0,0,4.7,1.7,0,0,0,0,19-APR-2021,
OPTSTK,IDFCFIRSTB,24-Jun-2021,64,CE,0,0,0,4.35,1.55,0,0,0,0,19-APR-2021,
OPTSTK,IDFCFIRSTB,24-Jun-2021,65,CE,0,0,0,4.05,1.4,0,0,0,0,19-APR-2021,
OPTSTK,IDFCFIRSTB,24-Jun-2021,66,CE,0,0,0,3.8,1.25,0,0,0,0,19-APR-2021,
OPTSTK,IDFCFIRSTB,24-Jun-2021,67,CE,0,0,0,3.5,1.15,0,0,0,0,19-APR-2021,
OPTSTK,IDFCFIRSTB,24-Jun-2021,68,CE,0,0,0,3.3,1.05,0,0,0,0,19-APR-2021,
OPTSTK,IDFCFIRSTB,24-Jun-2021,69,CE,0,0,0,3.05,0.95,0,0,0,0,19-APR-2021,
OPTSTK,IDFCFIRSTB,24-Jun-2021,70,CE,0,0,0,2.85,0.85,0,0,0,0,19-APR-2021,
OPTSTK,IDFCFIRSTB,24-Jun-2021,71,CE,0,0,0,2.65,0.75,0,0,0,0,19-APR-2021,
OPTSTK,IDFCFIRSTB,24-Jun-2021,72,CE,0,0,0,2.45,0.7,0,0,0,0,19-APR-2021,
OPTSTK,IDFCFIRSTB,24-Jun-2021,73,CE,0,0,0,2.25,0.6,0,0,0,0,19-APR-2021,
OPTSTK,IDFCFIRSTB,24-Jun-2021,74,CE,0,0,0,2.1,0.55,0,0,0,0,19-APR-2021,
OPTSTK,IDFCFIRSTB,24-Jun-2021,75,CE,0,0,0,1.95,0.5,0,0,0,0,19-APR-2021,
OPTSTK,IDFCFIRSTB,24-Jun-2021,76,CE,0,0,0,1.8,0.45,0,0,0,0,19-APR-2021,
OPTSTK,IDFCFIRSTB,24-Jun-2021,38,PE,0,0,0,0.5,0.75,0,0,0,0,19-APR-2021,
OPTSTK,IDFCFIRSTB,24-Jun-2021,39,PE,0,0,0,0.6,0.9,0,0,0,0,19-APR-2021,
OPTSTK,IDFCFIRSTB,24-Jun-2021,40,PE,0,0,0,0.7,1.1,0,0,0,0,19-APR-2021,
OPTSTK,IDFCFIRSTB,24-Jun-2021,41,PE,0,0,0,0.85,1.3,0,0,0,0,19-APR-2021,
OPTSTK,IDFCFIRSTB,24-Jun-2021,42,PE,0,0,0,1,1.55,0,0,0,0,19-APR-2021,
OPTSTK,IDFCFIRSTB,24-Jun-2021,43,PE,0,0,0,1.2,1.85,0,0,0,0,19-APR-2021,
OPTSTK,IDFCFIRSTB,24-Jun-2021,44,PE,0,0,0,1.4,2.15,0,0,0,0,19-APR-2021,
OPTSTK,IDFCFIRSTB,24-Jun-2021,45,PE,0,0,0,1.65,2.5,0,0,0,0,19-APR-2021,
OPTSTK,IDFCFIRSTB,24-Jun-2021,46,PE,0,0,0,1.9,2.85,0,0,0,0,19-APR-2021,
OPTSTK,IDFCFIRSTB,24-Jun-2021,47,PE,0,0,0,2.15,3.25,0,0,0,0,19-APR-2021,
OPTSTK,IDFCFIRSTB,24-Jun-2021,48,PE,0,0,0,2.45,3.7,0,0,0,0,19-APR-2021,
OPTSTK,IDFCFIRSTB,24-Jun-2021,49,PE,0,0,0,2.8,4.15,0,0,0,0,19-APR-2021,
OPTSTK,IDFCFIRSTB,24-Jun-2021,50,PE,0,0,0,3.15,4.65,0,0,0,0,19-APR-2021,
OPTSTK,IDFCFIRSTB,24-Jun-2021,51,PE,0,0,0,3.5,5.2,0,0,0,0,19-APR-2021,
OPTSTK,IDFCFIRSTB,24-Jun-2021,52,PE,0,0,0,3.9,5.75,0,0,0,0,19-APR-2021,
OPTSTK,IDFCFIRSTB,24-Jun-2021,53,PE,0,0,0,4.35,6.35,0,0,0,0,19-APR-2021,
OPTSTK,IDFCFIRSTB,24-Jun-2021,54,PE,0,0,0,4.8,6.95,0,0,0,0,19-APR-2021,
OPTSTK,IDFCFIRSTB,24-Jun-2021,55,PE,0,0,0,5.25,7.6,0,0,0,0,19-APR-2021,
OPTSTK,IDFCFIRSTB,24-Jun-2021,56,PE,0,0,0,5.75,8.3,0,0,0,0,19-APR-2021,
OPTSTK,IDFCFIRSTB,24-Jun-2021,57,PE,0,0,0,6.3,9,0,0,0,0,19-APR-2021,
OPTSTK,IDFCFIRSTB,24-Jun-2021,58,PE,0,0,0,6.8,9.7,0,0,0,0,19-APR-2021,
OPTSTK,IDFCFIRSTB,24-Jun-2021,59,PE,0,0,0,7.4,10.45,0,0,0,0,19-APR-2021,
OPTSTK,IDFCFIRSTB,24-Jun-2021,60,PE,0,0,0,8,11.2,0,0,0,0,19-APR-2021,
OPTSTK,IDFCFIRSTB,24-Jun-2021,61,PE,0,0,0,8.6,12,0,0,0,0,19-APR-2021,
OPTSTK,IDFCFIRSTB,24-Jun-2021,62,PE,0,0,0,9.25,12.8,0,0,0,0,19-APR-2021,
OPTSTK,IDFCFIRSTB,24-Jun-2021,63,PE,0,0,0,9.9,13.6,0,0,0,0,19-APR-2021,
OPTSTK,IDFCFIRSTB,24-Jun-2021,64,PE,0,0,0,10.55,14.4,0,0,0,0,19-APR-2021,
OPTSTK,IDFCFIRSTB,24-Jun-2021,65,PE,0,0,0,11.25,15.25,0,0,0,0,19-APR-2021,
OPTSTK,IDFCFIRSTB,24-Jun-2021,66,PE,0,0,0,11.95,16.1,0,0,0,0,19-APR-2021,
OPTSTK,IDFCFIRSTB,24-Jun-2021,67,PE,0,0,0,12.7,17,0,0,0,0,19-APR-2021,
OPTSTK,IDFCFIRSTB,24-Jun-2021,68,PE,0,0,0,13.45,17.85,0,0,0,0,19-APR-2021,
OPTSTK,IDFCFIRSTB,24-Jun-2021,69,PE,0,0,0,14.2,18.75,0,0,0,0,19-APR-2021,
OPTSTK,IDFCFIRSTB,24-Jun-2021,70,PE,0,0,0,15,19.65,0,0,0,0,19-APR-2021,
OPTSTK,IDFCFIRSTB,24-Jun-2021,71,PE,0,0,0,15.75,20.6,0,0,0,0,19-APR-2021,
OPTSTK,IDFCFIRSTB,24-Jun-2021,72,PE,0,0,0,16.6,21.5,0,0,0,0,19-APR-2021,
OPTSTK,IDFCFIRSTB,24-Jun-2021,73,PE,0,0,0,17.4,22.4,0,0,0,0,19-APR-2021,
OPTSTK,IDFCFIRSTB,24-Jun-2021,74,PE,0,0,0,18.2,23.35,0,0,0,0,19-APR-2021,
OPTSTK,IDFCFIRSTB,24-Jun-2021,75,PE,0,0,0,19.05,24.3,0,0,0,0,19-APR-2021,
OPTSTK,IDFCFIRSTB,24-Jun-2021,76,PE,0,0,0,19.9,25.25,0,0,0,0,19-APR-2021,
OPTSTK,IGL,29-Apr-2021,335,CE,0,0,0,201.8,163.45,0,0,0,0,19-APR-2021,
OPTSTK,IGL,29-Apr-2021,340,CE,0,0,0,162,158.45,0,0,1375,0,19-APR-2021,
OPTSTK,IGL,29-Apr-2021,345,CE,0,0,0,192.2,153.45,0,0,0,0,19-APR-2021,
OPTSTK,IGL,29-Apr-2021,350,CE,0,0,0,187.4,148.45,0,0,0,0,19-APR-2021,
OPTSTK,IGL,29-Apr-2021,355,CE,0,0,0,182.65,143.45,0,0,0,0,19-APR-2021,
OPTSTK,IGL,29-Apr-2021,360,CE,0,0,0,177.95,138.5,0,0,0,0,19-APR-2021,
OPTSTK,IGL,29-Apr-2021,365,CE,0,0,0,173.25,133.5,0,0,0,0,19-APR-2021,
OPTSTK,IGL,29-Apr-2021,370,CE,0,0,0,168.6,128.5,0,0,0,0,19-APR-2021,
OPTSTK,IGL,29-Apr-2021,375,CE,0,0,0,164,123.5,0,0,0,0,19-APR-2021,
OPTSTK,IGL,29-Apr-2021,380,CE,0,0,0,159.4,118.5,0,0,0,0,19-APR-2021,
OPTSTK,IGL,29-Apr-2021,385,CE,0,0,0,154.85,113.5,0,0,0,0,19-APR-2021,
OPTSTK,IGL,29-Apr-2021,390,CE,0,0,0,150.4,108.5,0,0,0,0,19-APR-2021,
OPTSTK,IGL,29-Apr-2021,395,CE,0,0,0,145.95,103.5,0,0,0,0,19-APR-2021,
OPTSTK,IGL,29-Apr-2021,400,CE,0,0,0,141.55,98.55,0,0,0,0,19-APR-2021,
OPTSTK,IGL,29-Apr-2021,405,CE,0,0,0,137.2,93.55,0,0,0,0,19-APR-2021,
OPTSTK,IGL,29-Apr-2021,410,CE,0,0,0,132.95,88.6,0,0,0,0,19-APR-2021,
OPTSTK,IGL,29-Apr-2021,415,CE,0,0,0,128.7,83.6,0,0,0,0,19-APR-2021,
OPTSTK,IGL,29-Apr-2021,420,CE,0,0,0,124.55,78.7,0,0,0,0,19-APR-2021,
OPTSTK,IGL,29-Apr-2021,425,CE,0,0,0,120.45,73.75,0,0,0,0,19-APR-2021,
OPTSTK,IGL,29-Apr-2021,430,CE,0,0,0,116.4,68.9,0,0,0,0,19-APR-2021,
OPTSTK,IGL,29-Apr-2021,435,CE,0,0,0,112.45,64.05,0,0,0,0,19-APR-2021,
OPTSTK,IGL,29-Apr-2021,440,CE,0,0,0,108.55,59.3,0,0,0,0,19-APR-2021,
OPTSTK,IGL,29-Apr-2021,445,CE,0,0,0,104.75,54.6,0,0,0,0,19-APR-2021,
OPTSTK,IGL,29-Apr-2021,450,CE,0,0,0,101,50,0,0,0,0,19-APR-2021,
OPTSTK,IGL,29-Apr-2021,455,CE,0,0,0,97.35,45.55,0,0,0,0,19-APR-2021,
OPTSTK,IGL,29-Apr-2021,460,CE,0,0,0,93.75,41.25,0,0,0,0,19-APR-2021,
OPTSTK,IGL,29-Apr-2021,465,CE,0,0,0,90.25,37.1,0,0,0,0,19-APR-2021,
OPTSTK,IGL,29-Apr-2021,470,CE,0,0,0,86.85,33.15,0,0,0,0,19-APR-2021,
OPTSTK,IGL,29-Apr-2021,475,CE,0,0,0,83.45,29.4,0,0,0,0,19-APR-2021,
OPTSTK,IGL,29-Apr-2021,480,CE,22,23,22,23,25.9,3,20.73,5500,2750,19-APR-2021,
OPTSTK,IGL,29-Apr-2021,485,CE,0,0,0,77.05,22.6,0,0,0,0,19-APR-2021,
OPTSTK,IGL,29-Apr-2021,490,CE,24,24,16.5,16.5,19.6,4,27.96,5500,4125,19-APR-2021,
OPTSTK,IGL,29-Apr-2021,495,CE,0,0,0,70.95,16.85,0,0,0,0,19-APR-2021,
OPTSTK,IGL,29-Apr-2021,500,CE,10,13.75,8,11.65,11.65,315,2216.85,104500,66000,19-APR-2021,
OPTSTK,IGL,29-Apr-2021,505,CE,8.85,12.55,8.85,9,9,10,70.79,11000,2750,19-APR-2021,
OPTSTK,IGL,29-Apr-2021,510,CE,8.35,9.25,6.95,7.85,7.85,150,1068.23,83875,35750,19-APR-2021,
OPTSTK,IGL,29-Apr-2021,515,CE,6.5,7.5,6.5,7.5,8.5,8,57.4,19250,-2750,19-APR-2021,
OPTSTK,IGL,29-Apr-2021,520,CE,8.6,8.6,4.15,5.2,5.2,285,2058.68,206250,49500,19-APR-2021,
OPTSTK,IGL,29-Apr-2021,525,CE,5.5,5.5,3.15,4.35,4.35,47,342.2,49500,13750,19-APR-2021,
OPTSTK,IGL,29-Apr-2021,530,CE,3.3,5.95,3.1,3.65,3.65,393,2884.27,286000,2750,19-APR-2021,
OPTSTK,IGL,29-Apr-2021,535,CE,6.6,6.6,2.1,3.2,3.75,51,377.41,41250,0,19-APR-2021,
OPTSTK,IGL,29-Apr-2021,540,CE,3,3.1,2.1,2.6,2.6,207,1544.72,232375,-20625,19-APR-2021,
OPTSTK,IGL,29-Apr-2021,545,CE,0,0,0,4.9,2.35,0,0,53625,0,19-APR-2021,
OPTSTK,IGL,29-Apr-2021,550,CE,2.85,2.85,1.75,1.9,1.9,260,1973.65,275000,20625,19-APR-2021,
OPTSTK,IGL,29-Apr-2021,555,CE,0,0,0,5.5,1.45,0,0,12375,0,19-APR-2021,
OPTSTK,IGL,29-Apr-2021,560,CE,1.1,2.05,1.1,1.45,1.45,252,1945.7,148500,6875,19-APR-2021,
OPTSTK,IGL,29-Apr-2021,565,CE,0,0,0,3.2,0.85,0,0,11000,0,19-APR-2021,
OPTSTK,IGL,29-Apr-2021,570,CE,1.2,1.35,0.95,1.15,1.15,89,698.94,177375,-15125,19-APR-2021,
OPTSTK,IGL,29-Apr-2021,575,CE,0,0,0,33.95,0.5,0,0,0,0,19-APR-2021,
OPTSTK,IGL,29-Apr-2021,580,CE,1,1,0.6,0.9,0.35,38,303.47,78375,-11000,19-APR-2021,
OPTSTK,IGL,29-Apr-2021,585,CE,0,0,0,30.7,0.3,0,0,0,0,19-APR-2021,
OPTSTK,IGL,29-Apr-2021,590,CE,0.9,0.9,0.9,0.9,0.2,1,8.12,2750,-1375,19-APR-2021,
OPTSTK,IGL,29-Apr-2021,595,CE,0,0,0,27.7,0.15,0,0,0,0,19-APR-2021,
OPTSTK,IGL,29-Apr-2021,600,CE,0.5,0.85,0.5,0.5,0.5,18,148.64,184250,-5500,19-APR-2021,
OPTSTK,IGL,29-Apr-2021,605,CE,0,0,0,24.95,0.1,0,0,0,0,19-APR-2021,
OPTSTK,IGL,29-Apr-2021,610,CE,0.5,0.5,0.5,0.5,0.05,2,16.78,13750,-1375,19-APR-2021,
OPTSTK,IGL,29-Apr-2021,615,CE,0,0,0,22.5,0.05,0,0,0,0,19-APR-2021,
OPTSTK,IGL,29-Apr-2021,620,CE,0,0,0,2.25,0.05,0,0,2750,0,19-APR-2021,
OPTSTK,IGL,29-Apr-2021,625,CE,0,0,0,20.2,0.05,0,0,0,0,19-APR-2021,
OPTSTK,IGL,29-Apr-2021,630,CE,0,0,0,19.15,0.05,0,0,0,0,19-APR-2021,
OPTSTK,IGL,29-Apr-2021,635,CE,0,0,0,18.15,0.05,0,0,0,0,19-APR-2021,
OPTSTK,IGL,29-Apr-2021,640,CE,0,0,0,17.15,0.05,0,0,0,0,19-APR-2021,
OPTSTK,IGL,29-Apr-2021,645,CE,0,0,0,16.2,0,0,0,0,0,19-APR-2021,
OPTSTK,IGL,29-Apr-2021,650,CE,0,0,0,0.35,0,0,0,6875,0,19-APR-2021,
OPTSTK,IGL,29-Apr-2021,655,CE,0,0,0,14.5,0,0,0,0,0,19-APR-2021,
OPTSTK,IGL,29-Apr-2021,660,CE,0,0,0,13.7,0,0,0,0,0,19-APR-2021,
OPTSTK,IGL,29-Apr-2021,665,CE,0,0,0,12.95,0,0,0,0,0,19-APR-2021,
OPTSTK,IGL,29-Apr-2021,670,CE,0,0,0,12.25,0,0,0,0,0,19-APR-2021,
OPTSTK,IGL,29-Apr-2021,335,PE,0,0,0,0.7,0,0,0,0,0,19-APR-2021,
OPTSTK,IGL,29-Apr-2021,340,PE,0,0,0,0.85,0,0,0,0,0,19-APR-2021,
OPTSTK,IGL,29-Apr-2021,345,PE,0,0,0,1,0,0,0,0,0,19-APR-2021,
OPTSTK,IGL,29-Apr-2021,350,PE,0,0,0,1.15,0,0,0,0,0,19-APR-2021,
OPTSTK,IGL,29-Apr-2021,355,PE,0,0,0,1.35,0,0,0,0,0,19-APR-2021,
OPTSTK,IGL,29-Apr-2021,360,PE,0,0,0,1.6,0,0,0,0,0,19-APR-2021,
OPTSTK,IGL,29-Apr-2021,365,PE,0,0,0,1.85,0,0,0,0,0,19-APR-2021,
OPTSTK,IGL,29-Apr-2021,370,PE,0,0,0,2.15,0,0,0,0,0,19-APR-2021,
OPTSTK,IGL,29-Apr-2021,375,PE,0,0,0,2.5,0,0,0,0,0,19-APR-2021,
OPTSTK,IGL,29-Apr-2021,380,PE,0,0,0,2.9,0,0,0,0,0,19-APR-2021,
OPTSTK,IGL,29-Apr-2021,385,PE,0,0,0,3.3,0,0,0,0,0,19-APR-2021,
OPTSTK,IGL,29-Apr-2021,390,PE,0,0,0,3.75,0.05,0,0,0,0,19-APR-2021,
OPTSTK,IGL,29-Apr-2021,395,PE,0,0,0,4.3,0.05,0,0,0,0,19-APR-2021,
OPTSTK,IGL,29-Apr-2021,400,PE,0,0,0,0.1,0.05,0,0,0,0,19-APR-2021,
OPTSTK,IGL,29-Apr-2021,405,PE,0,0,0,5.45,0.05,0,0,0,0,19-APR-2021,
OPTSTK,IGL,29-Apr-2021,410,PE,0,0,0,6.15,0.05,0,0,0,0,19-APR-2021,
OPTSTK,IGL,29-Apr-2021,415,PE,0,0,0,6.85,0.1,0,0,0,0,19-APR-2021,
OPTSTK,IGL,29-Apr-2021,420,PE,0,0,0,7.65,0.15,0,0,0,0,19-APR-2021,
OPTSTK,IGL,29-Apr-2021,425,PE,0,0,0,8.5,0.25,0,0,0,0,19-APR-2021,
OPTSTK,IGL,29-Apr-2021,430,PE,0.9,4.5,0.9,4.5,0.35,2,11.89,1375,1375,19-APR-2021,
OPTSTK,IGL,29-Apr-2021,435,PE,0,0,0,10.45,0.5,0,0,0,0,19-APR-2021,
OPTSTK,IGL,29-Apr-2021,440,PE,0,0,0,11.5,0.75,0,0,0,0,19-APR-2021,
OPTSTK,IGL,29-Apr-2021,445,PE,0,0,0,12.65,1.05,0,0,0,0,19-APR-2021,
OPTSTK,IGL,29-Apr-2021,450,PE,1.3,2.75,1.3,1.5,1.5,330,2049.11,82500,-2750,19-APR-2021,
OPTSTK,IGL,29-Apr-2021,455,PE,0,0,0,15.15,2,0,0,0,0,19-APR-2021,
OPTSTK,IGL,29-Apr-2021,460,PE,0,0,0,1.55,2.7,0,0,4125,0,19-APR-2021,
OPTSTK,IGL,29-Apr-2021,465,PE,0,0,0,17.95,3.55,0,0,0,0,19-APR-2021,
OPTSTK,IGL,29-Apr-2021,470,PE,3.25,3.25,3.25,3.25,3.25,2,13.01,8250,0,19-APR-2021,
OPTSTK,IGL,29-Apr-2021,475,PE,4.6,4.6,4.6,4.6,5.85,1,6.59,2750,1375,19-APR-2021,
OPTSTK,IGL,29-Apr-2021,480,PE,9.9,9.9,4.7,5.15,5.15,211,1409.2,125125,31625,19-APR-2021,
OPTSTK,IGL,29-Apr-2021,485,PE,6.6,6.6,6.45,6.55,6.55,3,20.27,2750,1375,19-APR-2021,
OPTSTK,IGL,29-Apr-2021,490,PE,10.95,14.95,7.5,8,8,182,1249.69,63250,6875,19-APR-2021,
OPTSTK,IGL,29-Apr-2021,495,PE,6.85,11.9,6.85,10.4,10.4,7,48.56,5500,-1375,19-APR-2021,
OPTSTK,IGL,29-Apr-2021,500,PE,15,19,11.25,12.55,12.55,287,2027.34,248875,-24750,19-APR-2021,
OPTSTK,IGL,29-Apr-2021,505,PE,15.8,16.3,14.6,15.9,15.9,6,42.96,15125,-5500,19-APR-2021,
OPTSTK,IGL,29-Apr-2021,510,PE,14.95,22.8,14.95,19.2,21.6,27,196.54,48125,-8250,19-APR-2021,
OPTSTK,IGL,29-Apr-2021,515,PE,24,29.6,19.85,19.85,24.85,5,37.12,11000,0,19-APR-2021,
OPTSTK,IGL,29-Apr-2021,520,PE,32.55,33,24,26.75,26.75,31,233.53,92125,-5500,19-APR-2021,
OPTSTK,IGL,29-Apr-2021,525,PE,32.9,32.9,30.2,30.75,32.1,4,30.58,26125,4125,19-APR-2021,
OPTSTK,IGL,29-Apr-2021,530,PE,38.9,38.9,33.8,35.75,36,9,70.12,46750,-4125,19-APR-2021,
OPTSTK,IGL,29-Apr-2021,535,PE,41.45,41.45,37.2,37.2,40.1,2,15.79,26125,2750,19-APR-2021,
OPTSTK,IGL,29-Apr-2021,540,PE,43.75,43.75,43.75,43.75,44.35,1,8.02,56375,-1375,19-APR-2021,
OPTSTK,IGL,29-Apr-2021,545,PE,0,0,0,44.75,48.7,0,0,1375,0,19-APR-2021,
OPTSTK,IGL,29-Apr-2021,550,PE,54,54,54,54,53.2,1,8.3,12375,-1375,19-APR-2021,
OPTSTK,IGL,29-Apr-2021,555,PE,0,0,0,58.2,57.8,0,0,0,0,19-APR-2021,
OPTSTK,IGL,29-Apr-2021,560,PE,0,0,0,28,62.45,0,0,1375,0,19-APR-2021,
OPTSTK,IGL,29-Apr-2021,565,PE,0,0,0,64.3,67.2,0,0,0,0,19-APR-2021,
OPTSTK,IGL,29-Apr-2021,570,PE,0,0,0,67.45,72,0,0,0,0,19-APR-2021,
OPTSTK,IGL,29-Apr-2021,575,PE,0,0,0,70.65,76.8,0,0,0,0,19-APR-2021,
OPTSTK,IGL,29-Apr-2021,580,PE,0,0,0,73.95,81.7,0,0,0,0,19-APR-2021,
OPTSTK,IGL,29-Apr-2021,585,PE,0,0,0,77.3,86.6,0,0,0,0,19-APR-2021,
OPTSTK,IGL,29-Apr-2021,590,PE,0,0,0,80.7,91.5,0,0,0,0,19-APR-2021,
OPTSTK,IGL,29-Apr-2021,595,PE,0,0,0,84.2,96.45,0,0,0,0,19-APR-2021,
OPTSTK,IGL,29-Apr-2021,600,PE,0,0,0,87.75,101.4,0,0,0,0,19-APR-2021,
OPTSTK,IGL,29-Apr-2021,605,PE,0,0,0,91.35,106.4,0,0,0,0,19-APR-2021,
OPTSTK,IGL,29-Apr-2021,610,PE,0,0,0,95.05,111.35,0,0,0,0,19-APR-2021,
OPTSTK,IGL,29-Apr-2021,615,PE,0,0,0,98.8,116.35,0,0,0,0,19-APR-2021,
OPTSTK,IGL,29-Apr-2021,620,PE,0,0,0,102.6,121.35,0,0,0,0,19-APR-2021,
OPTSTK,IGL,29-Apr-2021,625,PE,0,0,0,106.4,126.3,0,0,0,0,19-APR-2021,
OPTSTK,IGL,29-Apr-2021,630,PE,0,0,0,110.3,131.3,0,0,0,0,19-APR-2021,
OPTSTK,IGL,29-Apr-2021,635,PE,0,0,0,114.25,136.3,0,0,0,0,19-APR-2021,
OPTSTK,IGL,29-Apr-2021,640,PE,0,0,0,118.25,141.3,0,0,0,0,19-APR-2021,
OPTSTK,IGL,29-Apr-2021,645,PE,0,0,0,122.25,146.3,0,0,0,0,19-APR-2021,
OPTSTK,IGL,29-Apr-2021,650,PE,0,0,0,126.3,151.3,0,0,0,0,19-APR-2021,
OPTSTK,IGL,29-Apr-2021,655,PE,0,0,0,130.45,156.25,0,0,0,0,19-APR-2021,
OPTSTK,IGL,29-Apr-2021,660,PE,0,0,0,134.6,161.25,0,0,0,0,19-APR-2021,
OPTSTK,IGL,29-Apr-2021,665,PE,0,0,0,138.8,166.25,0,0,0,0,19-APR-2021,
OPTSTK,IGL,29-Apr-2021,670,PE,0,0,0,160,171.25,0,0,1375,0,19-APR-2021,
OPTSTK,IGL,27-May-2021,335,CE,0,0,0,180.75,164.5,0,0,0,0,19-APR-2021,
OPTSTK,IGL,27-May-2021,340,CE,0,0,0,176,159.55,0,0,0,0,19-APR-2021,
OPTSTK,IGL,27-May-2021,345,CE,0,0,0,171.3,154.6,0,0,0,0,19-APR-2021,
OPTSTK,IGL,27-May-2021,350,CE,0,0,0,166.6,149.65,0,0,0,0,19-APR-2021,
OPTSTK,IGL,27-May-2021,355,CE,0,0,0,161.95,144.7,0,0,0,0,19-APR-2021,
OPTSTK,IGL,27-May-2021,360,CE,0,0,0,157.35,139.8,0,0,0,0,19-APR-2021,
OPTSTK,IGL,27-May-2021,365,CE,0,0,0,152.75,134.9,0,0,0,0,19-APR-2021,
OPTSTK,IGL,27-May-2021,370,CE,0,0,0,148.25,130.05,0,0,0,0,19-APR-2021,
OPTSTK,IGL,27-May-2021,375,CE,0,0,0,143.75,125.2,0,0,0,0,19-APR-2021,
OPTSTK,IGL,27-May-2021,380,CE,0,0,0,139.35,120.4,0,0,0,0,19-APR-2021,
OPTSTK,IGL,27-May-2021,385,CE,0,0,0,134.95,115.6,0,0,0,0,19-APR-2021,
OPTSTK,IGL,27-May-2021,390,CE,0,0,0,130.65,110.85,0,0,0,0,19-APR-2021,
OPTSTK,IGL,27-May-2021,395,CE,0,0,0,126.4,106.2,0,0,0,0,19-APR-2021,
OPTSTK,IGL,27-May-2021,400,CE,0,0,0,122.2,101.55,0,0,0,0,19-APR-2021,
OPTSTK,IGL,27-May-2021,405,CE,0,0,0,118.05,96.95,0,0,0,0,19-APR-2021,
OPTSTK,IGL,27-May-2021,410,CE,0,0,0,114,92.45,0,0,0,0,19-APR-2021,
OPTSTK,IGL,27-May-2021,415,CE,0,0,0,110,88.05,0,0,0,0,19-APR-2021,
OPTSTK,IGL,27-May-2021,420,CE,0,0,0,106.05,83.65,0,0,0,0,19-APR-2021,
OPTSTK,IGL,27-May-2021,425,CE,0,0,0,102.25,79.4,0,0,0,0,19-APR-2021,
OPTSTK,IGL,27-May-2021,430,CE,0,0,0,98.45,75.25,0,0,0,0,19-APR-2021,
OPTSTK,IGL,27-May-2021,435,CE,0,0,0,94.8,71.15,0,0,0,0,19-APR-2021,
OPTSTK,IGL,27-May-2021,440,CE,0,0,0,91.15,67.2,0,0,0,0,19-APR-2021,
OPTSTK,IGL,27-May-2021,445,CE,0,0,0,87.65,63.3,0,0,0,0,19-APR-2021,
OPTSTK,IGL,27-May-2021,450,CE,0,0,0,84.2,59.6,0,0,0,0,19-APR-2021,
OPTSTK,IGL,27-May-2021,455,CE,0,0,0,80.85,55.95,0,0,0,0,19-APR-2021,
OPTSTK,IGL,27-May-2021,460,CE,0,0,0,77.55,52.45,0,0,0,0,19-APR-2021,
OPTSTK,IGL,27-May-2021,465,CE,0,0,0,74.35,49.1,0,0,0,0,19-APR-2021,
OPTSTK,IGL,27-May-2021,470,CE,0,0,0,71.25,45.85,0,0,0,0,19-APR-2021,
OPTSTK,IGL,27-May-2021,475,CE,0,0,0,68.25,42.75,0,0,0,0,19-APR-2021,
OPTSTK,IGL,27-May-2021,480,CE,0,0,0,65.35,39.8,0,0,0,0,19-APR-2021,
OPTSTK,IGL,27-May-2021,485,CE,0,0,0,62.5,36.95,0,0,0,0,19-APR-2021,
OPTSTK,IGL,27-May-2021,490,CE,0,0,0,59.75,34.3,0,0,0,0,19-APR-2021,
OPTSTK,IGL,27-May-2021,495,CE,0,0,0,57.1,31.75,0,0,0,0,19-APR-2021,
OPTSTK,IGL,27-May-2021,500,CE,0,0,0,54.55,29.3,0,0,0,0,19-APR-2021,
OPTSTK,IGL,27-May-2021,505,CE,0,0,0,52.05,27.05,0,0,0,0,19-APR-2021,
OPTSTK,IGL,27-May-2021,510,CE,16.2,18.45,16.2,18.45,24.9,2,14.5,2750,1375,19-APR-2021,
OPTSTK,IGL,27-May-2021,515,CE,0,0,0,47.35,22.9,0,0,0,0,19-APR-2021,
OPTSTK,IGL,27-May-2021,520,CE,0,0,0,45.1,21,0,0,0,0,19-APR-2021,
OPTSTK,IGL,27-May-2021,525,CE,0,0,0,42.95,19.2,0,0,0,0,19-APR-2021,
OPTSTK,IGL,27-May-2021,530,CE,0,0,0,40.9,17.55,0,0,0,0,19-APR-2021,
OPTSTK,IGL,27-May-2021,535,CE,0,0,0,38.9,16.05,0,0,0,0,19-APR-2021,
OPTSTK,IGL,27-May-2021,540,CE,0,0,0,37,14.6,0,0,0,0,19-APR-2021,
OPTSTK,IGL,27-May-2021,545,CE,0,0,0,35.15,13.3,0,0,0,0,19-APR-2021,
OPTSTK,IGL,27-May-2021,550,CE,0,0,0,33.4,12.1,0,0,0,0,19-APR-2021,
OPTSTK,IGL,27-May-2021,555,CE,0,0,0,31.7,10.95,0,0,0,0,19-APR-2021,
OPTSTK,IGL,27-May-2021,560,CE,0,0,0,30.05,9.9,0,0,0,0,19-APR-2021,
OPTSTK,IGL,27-May-2021,565,CE,0,0,0,28.5,8.95,0,0,0,0,19-APR-2021,
OPTSTK,IGL,27-May-2021,570,CE,0,0,0,27.05,8.1,0,0,0,0,19-APR-2021,
OPTSTK,IGL,27-May-2021,575,CE,0,0,0,25.6,7.3,0,0,0,0,19-APR-2021,
OPTSTK,IGL,27-May-2021,580,CE,0,0,0,24.25,6.55,0,0,0,0,19-APR-2021,
OPTSTK,IGL,27-May-2021,585,CE,0,0,0,23,5.9,0,0,0,0,19-APR-2021,
OPTSTK,IGL,27-May-2021,590,CE,0,0,0,21.75,5.25,0,0,0,0,19-APR-2021,
OPTSTK,IGL,27-May-2021,595,CE,0,0,0,20.6,4.7,0,0,0,0,19-APR-2021,
OPTSTK,IGL,27-May-2021,600,CE,0,0,0,15.3,4.2,0,0,0,0,19-APR-2021,
OPTSTK,IGL,27-May-2021,605,CE,0,0,0,18.4,3.75,0,0,0,0,19-APR-2021,
OPTSTK,IGL,27-May-2021,610,CE,0,0,0,17.4,3.35,0,0,0,0,19-APR-2021,
OPTSTK,IGL,27-May-2021,615,CE,0,0,0,16.45,3,0,0,0,0,19-APR-2021,
OPTSTK,IGL,27-May-2021,620,CE,0,0,0,15.5,2.65,0,0,0,0,19-APR-2021,
OPTSTK,IGL,27-May-2021,625,CE,0,0,0,14.65,2.35,0,0,0,0,19-APR-2021,
OPTSTK,IGL,27-May-2021,630,CE,0,0,0,13.8,2.1,0,0,0,0,19-APR-2021,
OPTSTK,IGL,27-May-2021,635,CE,0,0,0,13,1.85,0,0,0,0,19-APR-2021,
OPTSTK,IGL,27-May-2021,640,CE,0,0,0,12.25,1.65,0,0,0,0,19-APR-2021,
OPTSTK,IGL,27-May-2021,645,CE,0,0,0,11.55,1.45,0,0,0,0,19-APR-2021,
OPTSTK,IGL,27-May-2021,650,CE,0,0,0,10.9,1.3,0,0,0,0,19-APR-2021,
OPTSTK,IGL,27-May-2021,655,CE,0,0,0,10.25,1.15,0,0,0,0,19-APR-2021,
OPTSTK,IGL,27-May-2021,660,CE,0,0,0,9.65,1,0,0,0,0,19-APR-2021,
OPTSTK,IGL,27-May-2021,665,CE,0,0,0,9.1,0.9,0,0,0,0,19-APR-2021,
OPTSTK,IGL,27-May-2021,670,CE,0,0,0,8.55,0.8,0,0,0,0,19-APR-2021,
OPTSTK,IGL,27-May-2021,335,PE,0,0,0,1.1,0.1,0,0,0,0,19-APR-2021,
OPTSTK,IGL,27-May-2021,340,PE,0,0,0,1.3,0.1,0,0,0,0,19-APR-2021,
OPTSTK,IGL,27-May-2021,345,PE,0,0,0,1.55,0.15,0,0,0,0,19-APR-2021,
OPTSTK,IGL,27-May-2021,350,PE,0,0,0,1.8,0.2,0,0,0,0,19-APR-2021,
OPTSTK,IGL,27-May-2021,355,PE,0,0,0,2.1,0.25,0,0,0,0,19-APR-2021,
OPTSTK,IGL,27-May-2021,360,PE,0,0,0,2.45,0.3,0,0,0,0,19-APR-2021,
OPTSTK,IGL,27-May-2021,365,PE,0,0,0,2.85,0.4,0,0,0,0,19-APR-2021,
OPTSTK,IGL,27-May-2021,370,PE,0,0,0,3.25,0.5,0,0,0,0,19-APR-2021,
OPTSTK,IGL,27-May-2021,375,PE,0,0,0,3.75,0.65,0,0,0,0,19-APR-2021,
OPTSTK,IGL,27-May-2021,380,PE,0,0,0,4.25,0.8,0,0,0,0,19-APR-2021,
OPTSTK,IGL,27-May-2021,385,PE,0,0,0,4.85,1,0,0,0,0,19-APR-2021,
OPTSTK,IGL,27-May-2021,390,PE,0,0,0,5.45,1.25,0,0,0,0,19-APR-2021,
OPTSTK,IGL,27-May-2021,395,PE,0,0,0,6.15,1.55,0,0,0,0,19-APR-2021,
OPTSTK,IGL,27-May-2021,400,PE,0,0,0,6.9,1.9,0,0,0,0,19-APR-2021,
OPTSTK,IGL,27-May-2021,405,PE,0,0,0,7.75,2.3,0,0,0,0,19-APR-2021,
OPTSTK,IGL,27-May-2021,410,PE,0,0,0,8.6,2.75,0,0,0,0,19-APR-2021,
OPTSTK,IGL,27-May-2021,415,PE,0,0,0,9.6,3.3,0,0,0,0,19-APR-2021,
OPTSTK,IGL,27-May-2021,420,PE,0,0,0,10.6,3.95,0,0,0,0,19-APR-2021,
OPTSTK,IGL,27-May-2021,425,PE,0,0,0,11.7,4.65,0,0,0,0,19-APR-2021,
OPTSTK,IGL,27-May-2021,430,PE,0,0,0,12.9,5.45,0,0,0,0,19-APR-2021,
OPTSTK,IGL,27-May-2021,435,PE,0,0,0,14.2,6.35,0,0,0,0,19-APR-2021,
OPTSTK,IGL,27-May-2021,440,PE,0,0,0,15.55,7.35,0,0,0,0,19-APR-2021,
OPTSTK,IGL,27-May-2021,445,PE,0,0,0,16.95,8.5,0,0,0,0,19-APR-2021,
OPTSTK,IGL,27-May-2021,450,PE,0,0,0,5,9.75,0,0,4125,0,19-APR-2021,
OPTSTK,IGL,27-May-2021,455,PE,0,0,0,20.05,11.1,0,0,0,0,19-APR-2021,
OPTSTK,IGL,27-May-2021,460,PE,0,0,0,21.7,12.55,0,0,0,0,19-APR-2021,
OPTSTK,IGL,27-May-2021,465,PE,0,0,0,23.5,14.15,0,0,0,0,19-APR-2021,
OPTSTK,IGL,27-May-2021,470,PE,0,0,0,25.35,15.9,0,0,0,0,19-APR-2021,
OPTSTK,IGL,27-May-2021,475,PE,0,0,0,27.3,17.8,0,0,0,0,19-APR-2021,
OPTSTK,IGL,27-May-2021,480,PE,0,0,0,29.3,19.8,0,0,0,0,19-APR-2021,
OPTSTK,IGL,27-May-2021,485,PE,0,0,0,31.45,22,0,0,0,0,19-APR-2021,
OPTSTK,IGL,27-May-2021,490,PE,0,0,0,33.65,24.3,0,0,0,0,19-APR-2021,
OPTSTK,IGL,27-May-2021,495,PE,0,0,0,35.95,26.7,0,0,0,0,19-APR-2021,
OPTSTK,IGL,27-May-2021,500,PE,0,0,0,38.35,29.25,0,0,0,0,19-APR-2021,
OPTSTK,IGL,27-May-2021,505,PE,0,0,0,40.8,32,0,0,0,0,19-APR-2021,
OPTSTK,IGL,27-May-2021,510,PE,0,0,0,11.5,34.8,0,0,2750,0,19-APR-2021,
OPTSTK,IGL,27-May-2021,515,PE,0,0,0,46,37.75,0,0,0,0,19-APR-2021,
OPTSTK,IGL,27-May-2021,520,PE,30,30,30,30,30,1,7.56,1375,1375,19-APR-2021,
OPTSTK,IGL,27-May-2021,525,PE,0,0,0,51.5,44.1,0,0,0,0,19-APR-2021,
OPTSTK,IGL,27-May-2021,530,PE,0,0,0,54.4,47.4,0,0,0,0,19-APR-2021,
OPTSTK,IGL,27-May-2021,535,PE,0,0,0,57.35,50.85,0,0,0,0,19-APR-2021,
OPTSTK,IGL,27-May-2021,540,PE,47.5,47.5,47.5,47.5,54.4,1,8.07,1375,1375,19-APR-2021,
OPTSTK,IGL,27-May-2021,545,PE,0,0,0,63.5,58.05,0,0,0,0,19-APR-2021,
OPTSTK,IGL,27-May-2021,550,PE,0,0,0,66.7,61.85,0,0,0,0,19-APR-2021,
OPTSTK,IGL,27-May-2021,555,PE,0,0,0,70,65.7,0,0,0,0,19-APR-2021,
OPTSTK,IGL,27-May-2021,560,PE,0,0,0,73.3,69.65,0,0,0,0,19-APR-2021,
OPTSTK,IGL,27-May-2021,565,PE,0,0,0,76.7,73.65,0,0,0,0,19-APR-2021,
OPTSTK,IGL,27-May-2021,570,PE,0,0,0,80.2,77.75,0,0,0,0,19-APR-2021,
OPTSTK,IGL,27-May-2021,575,PE,0,0,0,83.7,81.95,0,0,0,0,19-APR-2021,
OPTSTK,IGL,27-May-2021,580,PE,0,0,0,87.3,86.2,0,0,0,0,19-APR-2021,
OPTSTK,IGL,27-May-2021,585,PE,0,0,0,91,90.5,0,0,0,0,19-APR-2021,
OPTSTK,IGL,27-May-2021,590,PE,0,0,0,94.75,94.85,0,0,0,0,19-APR-2021,
OPTSTK,IGL,27-May-2021,595,PE,0,0,0,98.5,99.3,0,0,0,0,19-APR-2021,
OPTSTK,IGL,27-May-2021,600,PE,0,0,0,102.35,103.8,0,0,0,0,19-APR-2021,
OPTSTK,IGL,27-May-2021,605,PE,0,0,0,106.25,108.3,0,0,0,0,19-APR-2021,
OPTSTK,IGL,27-May-2021,610,PE,0,0,0,110.2,112.9,0,0,0,0,19-APR-2021,
OPTSTK,IGL,27-May-2021,615,PE,0,0,0,114.15,117.5,0,0,0,0,19-APR-2021,
OPTSTK,IGL,27-May-2021,620,PE,0,0,0,118.2,122.15,0,0,0,0,19-APR-2021,
OPTSTK,IGL,27-May-2021,625,PE,0,0,0,122.25,126.85,0,0,0,0,19-APR-2021,
OPTSTK,IGL,27-May-2021,630,PE,0,0,0,126.4,131.55,0,0,0,0,19-APR-2021,
OPTSTK,IGL,27-May-2021,635,PE,0,0,0,130.55,136.3,0,0,0,0,19-APR-2021,
OPTSTK,IGL,27-May-2021,640,PE,0,0,0,134.75,141.05,0,0,0,0,19-APR-2021,
OPTSTK,IGL,27-May-2021,645,PE,0,0,0,139,145.85,0,0,0,0,19-APR-2021,
OPTSTK,IGL,27-May-2021,650,PE,0,0,0,143.3,150.65,0,0,0,0,19-APR-2021,
OPTSTK,IGL,27-May-2021,655,PE,0,0,0,147.6,155.5,0,0,0,0,19-APR-2021,
OPTSTK,IGL,27-May-2021,660,PE,0,0,0,151.95,160.35,0,0,0,0,19-APR-2021,
OPTSTK,IGL,27-May-2021,665,PE,0,0,0,156.35,165.2,0,0,0,0,19-APR-2021,
OPTSTK,IGL,27-May-2021,670,PE,0,0,0,160.75,170.05,0,0,0,0,19-APR-2021,
OPTSTK,IGL,24-Jun-2021,340,CE,0,0,0,167.1,161.1,0,0,0,0,19-APR-2021,
OPTSTK,IGL,24-Jun-2021,350,CE,0,0,0,157.75,151.5,0,0,0,0,19-APR-2021,
OPTSTK,IGL,24-Jun-2021,360,CE,0,0,0,148.55,142.05,0,0,0,0,19-APR-2021,
OPTSTK,IGL,24-Jun-2021,370,CE,0,0,0,139.55,132.7,0,0,0,0,19-APR-2021,
OPTSTK,IGL,24-Jun-2021,380,CE,0,0,0,130.75,123.6,0,0,0,0,19-APR-2021,
OPTSTK,IGL,24-Jun-2021,390,CE,0,0,0,122.2,114.7,0,0,0,0,19-APR-2021,
OPTSTK,IGL,24-Jun-2021,400,CE,0,0,0,113.9,106.05,0,0,0,0,19-APR-2021,
OPTSTK,IGL,24-Jun-2021,410,CE,0,0,0,105.85,97.7,0,0,0,0,19-APR-2021,
OPTSTK,IGL,24-Jun-2021,420,CE,0,0,0,98.15,89.65,0,0,0,0,19-APR-2021,
OPTSTK,IGL,24-Jun-2021,430,CE,0,0,0,90.75,81.95,0,0,0,0,19-APR-2021,
OPTSTK,IGL,24-Jun-2021,440,CE,0,0,0,83.7,74.65,0,0,0,0,19-APR-2021,
OPTSTK,IGL,24-Jun-2021,450,CE,0,0,0,76.95,67.7,0,0,0,0,19-APR-2021,
OPTSTK,IGL,24-Jun-2021,460,CE,0,0,0,70.55,61.15,0,0,0,0,19-APR-2021,
OPTSTK,IGL,24-Jun-2021,470,CE,0,0,0,64.55,55.05,0,0,0,0,19-APR-2021,
OPTSTK,IGL,24-Jun-2021,480,CE,0,0,0,58.9,49.4,0,0,0,0,19-APR-2021,
OPTSTK,IGL,24-Jun-2021,490,CE,0,0,0,53.65,44.1,0,0,0,0,19-APR-2021,
OPTSTK,IGL,24-Jun-2021,500,CE,0,0,0,48.7,39.25,0,0,0,0,19-APR-2021,
OPTSTK,IGL,24-Jun-2021,510,CE,0,0,0,44.1,34.85,0,0,0,0,19-APR-2021,
OPTSTK,IGL,24-Jun-2021,520,CE,0,0,0,39.9,30.8,0,0,0,0,19-APR-2021,
OPTSTK,IGL,24-Jun-2021,530,CE,0,0,0,35.95,27.1,0,0,0,0,19-APR-2021,
OPTSTK,IGL,24-Jun-2021,540,CE,0,0,0,32.35,23.8,0,0,0,0,19-APR-2021,
OPTSTK,IGL,24-Jun-2021,550,CE,0,0,0,29.05,20.8,0,0,0,0,19-APR-2021,
OPTSTK,IGL,24-Jun-2021,560,CE,0,0,0,26.05,18.2,0,0,0,0,19-APR-2021,
OPTSTK,IGL,24-Jun-2021,570,CE,0,0,0,23.3,15.8,0,0,0,0,19-APR-2021,
OPTSTK,IGL,24-Jun-2021,580,CE,0,0,0,20.8,13.7,0,0,0,0,19-APR-2021,
OPTSTK,IGL,24-Jun-2021,590,CE,0,0,0,18.55,11.85,0,0,0,0,19-APR-2021,
OPTSTK,IGL,24-Jun-2021,600,CE,0,0,0,16.5,10.2,0,0,0,0,19-APR-2021,
OPTSTK,IGL,24-Jun-2021,610,CE,0,0,0,14.65,8.8,0,0,0,0,19-APR-2021,
OPTSTK,IGL,24-Jun-2021,620,CE,0,0,0,13,7.55,0,0,0,0,19-APR-2021,
OPTSTK,IGL,24-Jun-2021,630,CE,0,0,0,11.5,6.45,0,0,0,0,19-APR-2021,
OPTSTK,IGL,24-Jun-2021,640,CE,0,0,0,10.15,5.5,0,0,0,0,19-APR-2021,
OPTSTK,IGL,24-Jun-2021,650,CE,0,0,0,8.95,4.7,0,0,0,0,19-APR-2021,
OPTSTK,IGL,24-Jun-2021,660,CE,0,0,0,7.9,4,0,0,0,0,19-APR-2021,
OPTSTK,IGL,24-Jun-2021,670,CE,0,0,0,6.95,3.35,0,0,0,0,19-APR-2021,
OPTSTK,IGL,24-Jun-2021,340,PE,0,0,0,1.5,0.7,0,0,0,0,19-APR-2021,
OPTSTK,IGL,24-Jun-2021,350,PE,0,0,0,2.05,1.05,0,0,0,0,19-APR-2021,
OPTSTK,IGL,24-Jun-2021,360,PE,0,0,0,2.75,1.5,0,0,0,0,19-APR-2021,
OPTSTK,IGL,24-Jun-2021,370,PE,0,0,0,3.65,2.1,0,0,0,0,19-APR-2021,
OPTSTK,IGL,24-Jun-2021,380,PE,0,0,0,4.75,2.95,0,0,0,0,19-APR-2021,
OPTSTK,IGL,24-Jun-2021,390,PE,0,0,0,6.1,3.95,0,0,0,0,19-APR-2021,
OPTSTK,IGL,24-Jun-2021,400,PE,0,0,0,7.7,5.25,0,0,0,0,19-APR-2021,
OPTSTK,IGL,24-Jun-2021,410,PE,0,0,0,9.6,6.8,0,0,0,0,19-APR-2021,
OPTSTK,IGL,24-Jun-2021,420,PE,0,0,0,11.8,8.7,0,0,0,0,19-APR-2021,
OPTSTK,IGL,24-Jun-2021,430,PE,0,0,0,14.3,10.95,0,0,0,0,19-APR-2021,
OPTSTK,IGL,24-Jun-2021,440,PE,0,0,0,17.15,13.55,0,0,0,0,19-APR-2021,
OPTSTK,IGL,24-Jun-2021,450,PE,0,0,0,20.3,16.55,0,0,0,0,19-APR-2021,
OPTSTK,IGL,24-Jun-2021,460,PE,0,0,0,23.85,19.95,0,0,0,0,19-APR-2021,
OPTSTK,IGL,24-Jun-2021,470,PE,0,0,0,27.75,23.8,0,0,0,0,19-APR-2021,
OPTSTK,IGL,24-Jun-2021,480,PE,0,0,0,32,28.05,0,0,0,0,19-APR-2021,
OPTSTK,IGL,24-Jun-2021,490,PE,0,0,0,36.6,32.7,0,0,0,0,19-APR-2021,
OPTSTK,IGL,24-Jun-2021,500,PE,0,0,0,21,37.8,0,0,0,0,19-APR-2021,
OPTSTK,IGL,24-Jun-2021,510,PE,0,0,0,46.9,43.3,0,0,0,0,19-APR-2021,
OPTSTK,IGL,24-Jun-2021,520,PE,0,0,0,52.6,49.15,0,0,0,0,19-APR-2021,
OPTSTK,IGL,24-Jun-2021,530,PE,0,0,0,58.6,55.45,0,0,0,0,19-APR-2021,
OPTSTK,IGL,24-Jun-2021,540,PE,0,0,0,64.9,62.05,0,0,0,0,19-APR-2021,
OPTSTK,IGL,24-Jun-2021,550,PE,0,0,0,71.5,69,0,0,0,0,19-APR-2021,
OPTSTK,IGL,24-Jun-2021,560,PE,0,0,0,78.35,76.3,0,0,0,0,19-APR-2021,
OPTSTK,IGL,24-Jun-2021,570,PE,0,0,0,85.55,83.85,0,0,0,0,19-APR-2021,
OPTSTK,IGL,24-Jun-2021,580,PE,0,0,0,92.95,91.7,0,0,0,0,19-APR-2021,
OPTSTK,IGL,24-Jun-2021,590,PE,0,0,0,100.6,99.75,0,0,0,0,19-APR-2021,
OPTSTK,IGL,24-Jun-2021,600,PE,0,0,0,108.45,108.05,0,0,0,0,19-APR-2021,
OPTSTK,IGL,24-Jun-2021,610,PE,0,0,0,116.5,116.55,0,0,0,0,19-APR-2021,
OPTSTK,IGL,24-Jun-2021,620,PE,0,0,0,124.75,125.25,0,0,0,0,19-APR-2021,
OPTSTK,IGL,24-Jun-2021,630,PE,0,0,0,133.2,134.1,0,0,0,0,19-APR-2021,
OPTSTK,IGL,24-Jun-2021,640,PE,0,0,0,141.75,143.05,0,0,0,0,19-APR-2021,
OPTSTK,IGL,24-Jun-2021,650,PE,0,0,0,150.45,152.2,0,0,0,0,19-APR-2021,
OPTSTK,IGL,24-Jun-2021,660,PE,0,0,0,159.3,161.4,0,0,0,0,19-APR-2021,
OPTSTK,IGL,24-Jun-2021,670,PE,0,0,0,168.25,170.75,0,0,0,0,19-APR-2021,
OPTSTK,INDIGO,29-Apr-2021,1040,CE,0,0,0,569.8,488.95,0,0,0,0,19-APR-2021,
OPTSTK,INDIGO,29-Apr-2021,1060,CE,0,0,0,551.45,468.95,0,0,0,0,19-APR-2021,
OPTSTK,INDIGO,29-Apr-2021,1080,CE,0,0,0,533.25,449,0,0,0,0,19-APR-2021,
OPTSTK,INDIGO,29-Apr-2021,1100,CE,0,0,0,515.3,429,0,0,0,0,19-APR-2021,
OPTSTK,INDIGO,29-Apr-2021,1120,CE,0,0,0,497.55,409.05,0,0,0,0,19-APR-2021,
OPTSTK,INDIGO,29-Apr-2021,1140,CE,0,0,0,480.05,389.05,0,0,0,0,19-APR-2021,
OPTSTK,INDIGO,29-Apr-2021,1160,CE,0,0,0,462.85,369.1,0,0,0,0,19-APR-2021,
OPTSTK,INDIGO,29-Apr-2021,1180,CE,0,0,0,445.95,349.15,0,0,0,0,19-APR-2021,
OPTSTK,INDIGO,29-Apr-2021,1200,CE,0,0,0,429.3,329.2,0,0,0,0,19-APR-2021,
OPTSTK,INDIGO,29-Apr-2021,1220,CE,0,0,0,412.95,309.3,0,0,0,0,19-APR-2021,
OPTSTK,INDIGO,29-Apr-2021,1240,CE,0,0,0,396.95,289.45,0,0,0,0,19-APR-2021,
OPTSTK,INDIGO,29-Apr-2021,1260,CE,0,0,0,381.3,269.65,0,0,0,0,19-APR-2021,
OPTSTK,INDIGO,29-Apr-2021,1280,CE,0,0,0,366,250.05,0,0,0,0,19-APR-2021,
OPTSTK,INDIGO,29-Apr-2021,1300,CE,0,0,0,351.05,230.6,0,0,0,0,19-APR-2021,
OPTSTK,INDIGO,29-Apr-2021,1320,CE,0,0,0,336.45,211.4,0,0,0,0,19-APR-2021,
OPTSTK,INDIGO,29-Apr-2021,1340,CE,0,0,0,322.2,192.55,0,0,0,0,19-APR-2021,
OPTSTK,INDIGO,29-Apr-2021,1360,CE,0,0,0,308.35,174.2,0,0,0,0,19-APR-2021,
OPTSTK,INDIGO,29-Apr-2021,1380,CE,0,0,0,294.9,156.35,0,0,0,0,19-APR-2021,
OPTSTK,INDIGO,29-Apr-2021,1400,CE,141.1,141.1,133,133,139.25,2,15.37,2500,0,19-APR-2021,
OPTSTK,INDIGO,29-Apr-2021,1420,CE,0,0,0,269.05,122.9,0,0,0,0,19-APR-2021,
OPTSTK,INDIGO,29-Apr-2021,1440,CE,0,0,0,256.75,107.6,0,0,0,0,19-APR-2021,
OPTSTK,INDIGO,29-Apr-2021,1460,CE,0,0,0,244.9,93.15,0,0,0,0,19-APR-2021,
OPTSTK,INDIGO,29-Apr-2021,1480,CE,0,0,0,233.4,79.95,0,0,0,0,19-APR-2021,
OPTSTK,INDIGO,29-Apr-2021,1500,CE,89.5,89.5,60,69,69,48,376.81,24000,6500,19-APR-2021,
OPTSTK,INDIGO,29-Apr-2021,1520,CE,0,0,0,211.6,57.05,0,0,0,0,19-APR-2021,
OPTSTK,INDIGO,29-Apr-2021,1540,CE,72.95,72.95,72.95,72.95,72.95,1,8.06,2000,500,19-APR-2021,
OPTSTK,INDIGO,29-Apr-2021,1560,CE,40,40,40,40,40,1,8,500,500,19-APR-2021,
OPTSTK,INDIGO,29-Apr-2021,1580,CE,0,0,0,63.1,31.75,0,0,2000,0,19-APR-2021,
OPTSTK,INDIGO,29-Apr-2021,1600,CE,30.95,38.15,20.85,24.3,24.3,417,3395.11,110500,-6500,19-APR-2021,
OPTSTK,INDIGO,29-Apr-2021,1620,CE,25,26.6,17.6,18.8,18.8,52,426.62,22000,9500,19-APR-2021,
OPTSTK,INDIGO,29-Apr-2021,1640,CE,14,19.4,14,16,16,11,91.11,22500,0,19-APR-2021,
OPTSTK,INDIGO,29-Apr-2021,1660,CE,18,18,12.2,12.2,12.5,14,117.24,23500,0,19-APR-2021,
OPTSTK,INDIGO,29-Apr-2021,1680,CE,13.55,13.65,10,10,10,5,42.32,8500,-1500,19-APR-2021,
OPTSTK,INDIGO,29-Apr-2021,1700,CE,11.05,13,6.6,7.6,7.6,417,3564.46,151500,-43000,19-APR-2021,
OPTSTK,INDIGO,29-Apr-2021,1720,CE,6.5,6.5,6.5,6.5,5.55,1,8.63,2000,-500,19-APR-2021,
OPTSTK,INDIGO,29-Apr-2021,1740,CE,4.85,4.85,4.85,4.85,4.15,1,8.72,3000,0,19-APR-2021,
OPTSTK,INDIGO,29-Apr-2021,1760,CE,5,5,3,3,3.05,2,17.64,10500,0,19-APR-2021,
OPTSTK,INDIGO,29-Apr-2021,1780,CE,0,0,0,12.65,2.25,0,0,4000,0,19-APR-2021,
OPTSTK,INDIGO,29-Apr-2021,1800,CE,4,4.45,2.35,2.7,2.7,164,1478.55,101500,-17000,19-APR-2021,
OPTSTK,INDIGO,29-Apr-2021,1820,CE,0,0,0,55.55,1.15,0,0,500,0,19-APR-2021,
OPTSTK,INDIGO,29-Apr-2021,1840,CE,2.3,2.3,2.3,2.3,0.85,1,9.21,3000,-500,19-APR-2021,
OPTSTK,INDIGO,29-Apr-2021,1860,CE,2.5,2.5,1.65,1.7,0.6,6,55.85,2000,-2000,19-APR-2021,
OPTSTK,INDIGO,29-Apr-2021,1880,CE,0,0,0,36,0.4,0,0,1000,0,19-APR-2021,
OPTSTK,INDIGO,29-Apr-2021,1900,CE,1.6,1.6,0.7,0.9,0.3,19,180.59,28500,-4500,19-APR-2021,
OPTSTK,INDIGO,29-Apr-2021,1920,CE,0,0,0,70.2,0.2,0,0,0,0,19-APR-2021,
OPTSTK,INDIGO,29-Apr-2021,1940,CE,0,0,0,66.15,0.15,0,0,0,0,19-APR-2021,
OPTSTK,INDIGO,29-Apr-2021,1960,CE,0,0,0,14,0.1,0,0,500,0,19-APR-2021,
OPTSTK,INDIGO,29-Apr-2021,1980,CE,0,0,0,58.6,0.1,0,0,0,0,19-APR-2021,
OPTSTK,INDIGO,29-Apr-2021,2000,CE,0,0,0,0.55,0.05,0,0,16000,0,19-APR-2021,
OPTSTK,INDIGO,29-Apr-2021,2020,CE,0,0,0,51.8,0.05,0,0,0,0,19-APR-2021,
OPTSTK,INDIGO,29-Apr-2021,2040,CE,0,0,0,48.65,0.05,0,0,0,0,19-APR-2021,
OPTSTK,INDIGO,29-Apr-2021,2060,CE,0,0,0,45.75,0.05,0,0,0,0,19-APR-2021,
OPTSTK,INDIGO,29-Apr-2021,2080,CE,0,0,0,42.95,0.05,0,0,0,0,19-APR-2021,
OPTSTK,INDIGO,29-Apr-2021,2100,CE,1,1,1,1,0,1,10.5,7500,0,19-APR-2021,
OPTSTK,INDIGO,29-Apr-2021,2120,CE,0,0,0,37.85,0,0,0,0,0,19-APR-2021,
OPTSTK,INDIGO,29-Apr-2021,2140,CE,0,0,0,35.55,0,0,0,0,0,19-APR-2021,
OPTSTK,INDIGO,29-Apr-2021,1040,PE,0,0,0,2.8,0,0,0,1500,0,19-APR-2021,
OPTSTK,INDIGO,29-Apr-2021,1060,PE,0,0,0,8.8,0,0,0,0,0,19-APR-2021,
OPTSTK,INDIGO,29-Apr-2021,1080,PE,0,0,0,10.45,0,0,0,0,0,19-APR-2021,
OPTSTK,INDIGO,29-Apr-2021,1100,PE,0,0,0,12.3,0,0,0,0,0,19-APR-2021,
OPTSTK,INDIGO,29-Apr-2021,1120,PE,0,0,0,14.4,0,0,0,0,0,19-APR-2021,
OPTSTK,INDIGO,29-Apr-2021,1140,PE,0,0,0,16.7,0.05,0,0,0,0,19-APR-2021,
OPTSTK,INDIGO,29-Apr-2021,1160,PE,0,0,0,19.3,0.05,0,0,0,0,19-APR-2021,
OPTSTK,INDIGO,29-Apr-2021,1180,PE,0,0,0,22.2,0.05,0,0,0,0,19-APR-2021,
OPTSTK,INDIGO,29-Apr-2021,1200,PE,0,0,0,25.4,0.1,0,0,0,0,19-APR-2021,
OPTSTK,INDIGO,29-Apr-2021,1220,PE,0,0,0,28.9,0.2,0,0,0,0,19-APR-2021,
OPTSTK,INDIGO,29-Apr-2021,1240,PE,0,0,0,32.7,0.3,0,0,0,0,19-APR-2021,
OPTSTK,INDIGO,29-Apr-2021,1260,PE,0,0,0,36.85,0.5,0,0,0,0,19-APR-2021,
OPTSTK,INDIGO,29-Apr-2021,1280,PE,0,0,0,41.35,0.85,0,0,0,0,19-APR-2021,
OPTSTK,INDIGO,29-Apr-2021,1300,PE,8,11.55,7,9,9,91,595.64,47500,5000,19-APR-2021,
OPTSTK,INDIGO,29-Apr-2021,1320,PE,0,0,0,51.45,2.2,0,0,0,0,19-APR-2021,
OPTSTK,INDIGO,29-Apr-2021,1340,PE,0,0,0,57,3.35,0,0,0,0,19-APR-2021,
OPTSTK,INDIGO,29-Apr-2021,1360,PE,0,0,0,62.95,4.9,0,0,0,0,19-APR-2021,
OPTSTK,INDIGO,29-Apr-2021,1380,PE,0,0,0,69.3,7.1,0,0,0,0,19-APR-2021,
OPTSTK,INDIGO,29-Apr-2021,1400,PE,15.5,24.45,15.5,19.4,19.4,314,2229.44,91500,3000,19-APR-2021,
OPTSTK,INDIGO,29-Apr-2021,1420,PE,0,0,0,83.1,13.6,0,0,0,0,19-APR-2021,
OPTSTK,INDIGO,29-Apr-2021,1440,PE,0,0,0,1.35,18.25,0,0,1000,0,19-APR-2021,
OPTSTK,INDIGO,29-Apr-2021,1460,PE,22.05,35,22.05,35,35,6,44.7,3500,2000,19-APR-2021,
OPTSTK,INDIGO,29-Apr-2021,1480,PE,0,0,0,22.75,30.55,0,0,1000,0,19-APR-2021,
OPTSTK,INDIGO,29-Apr-2021,1500,PE,41.15,53.9,37.6,48.5,48.5,1919,14849.48,257500,-7500,19-APR-2021,
OPTSTK,INDIGO,29-Apr-2021,1520,PE,50,62.9,47.2,57.05,57.05,57,449.39,13000,2000,19-APR-2021,
OPTSTK,INDIGO,29-Apr-2021,1540,PE,54.75,72.7,53.3,67.3,67.3,61,488.91,11500,-2500,19-APR-2021,
OPTSTK,INDIGO,29-Apr-2021,1560,PE,62,87.55,51.15,77.95,77.95,79,644.57,22000,-10500,19-APR-2021,
OPTSTK,INDIGO,29-Apr-2021,1580,PE,75,99.95,69,92.7,92.7,19,157.83,8000,-3000,19-APR-2021,
OPTSTK,INDIGO,29-Apr-2021,1600,PE,93,112.95,80.05,105.7,105.7,170,1444.1,87000,-33000,19-APR-2021,
OPTSTK,INDIGO,29-Apr-2021,1620,PE,0,0,0,73.55,110.9,0,0,3500,0,19-APR-2021,
OPTSTK,INDIGO,29-Apr-2021,1640,PE,0,0,0,187.35,126.5,0,0,0,0,19-APR-2021,
OPTSTK,INDIGO,29-Apr-2021,1660,PE,0,0,0,199.05,142.95,0,0,0,0,19-APR-2021,
OPTSTK,INDIGO,29-Apr-2021,1680,PE,0,0,0,130.4,160.05,0,0,500,0,19-APR-2021,
OPTSTK,INDIGO,29-Apr-2021,1700,PE,175,192.15,175,186,186,5,47.15,19000,-1000,19-APR-2021,
OPTSTK,INDIGO,29-Apr-2021,1720,PE,0,0,0,236.25,195.9,0,0,0,0,19-APR-2021,
OPTSTK,INDIGO,29-Apr-2021,1740,PE,0,0,0,140.55,214.5,0,0,500,0,19-APR-2021,
OPTSTK,INDIGO,29-Apr-2021,1760,PE,0,0,0,262.65,233.4,0,0,0,0,19-APR-2021,
OPTSTK,INDIGO,29-Apr-2021,1780,PE,0,0,0,276.3,252.55,0,0,0,0,19-APR-2021,
OPTSTK,INDIGO,29-Apr-2021,1800,PE,0,0,0,208,271.95,0,0,6000,0,19-APR-2021,
OPTSTK,INDIGO,29-Apr-2021,1820,PE,0,0,0,304.5,291.45,0,0,0,0,19-APR-2021,
OPTSTK,INDIGO,29-Apr-2021,1840,PE,0,0,0,319,311.1,0,0,0,0,19-APR-2021,
OPTSTK,INDIGO,29-Apr-2021,1860,PE,0,0,0,333.85,330.85,0,0,0,0,19-APR-2021,
OPTSTK,INDIGO,29-Apr-2021,1880,PE,0,0,0,348.85,350.65,0,0,0,0,19-APR-2021,
OPTSTK,INDIGO,29-Apr-2021,1900,PE,0,0,0,364.15,370.5,0,0,0,0,19-APR-2021,
OPTSTK,INDIGO,29-Apr-2021,1920,PE,0,0,0,379.65,390.4,0,0,0,0,19-APR-2021,
OPTSTK,INDIGO,29-Apr-2021,1940,PE,0,0,0,395.4,410.3,0,0,0,0,19-APR-2021,
OPTSTK,INDIGO,29-Apr-2021,1960,PE,0,0,0,411.3,430.25,0,0,0,0,19-APR-2021,
OPTSTK,INDIGO,29-Apr-2021,1980,PE,0,0,0,427.5,450.2,0,0,0,0,19-APR-2021,
OPTSTK,INDIGO,29-Apr-2021,2000,PE,0,0,0,443.75,470.15,0,0,0,0,19-APR-2021,
OPTSTK,INDIGO,29-Apr-2021,2020,PE,0,0,0,460.3,490.15,0,0,0,0,19-APR-2021,
OPTSTK,INDIGO,29-Apr-2021,2040,PE,0,0,0,477,510.1,0,0,0,0,19-APR-2021,
OPTSTK,INDIGO,29-Apr-2021,2060,PE,0,0,0,493.85,530.1,0,0,0,0,19-APR-2021,
OPTSTK,INDIGO,29-Apr-2021,2080,PE,0,0,0,510.9,550.05,0,0,0,0,19-APR-2021,
OPTSTK,INDIGO,29-Apr-2021,2100,PE,0,0,0,528.1,570.05,0,0,0,0,19-APR-2021,
OPTSTK,INDIGO,29-Apr-2021,2120,PE,0,0,0,545.45,590,0,0,0,0,19-APR-2021,
OPTSTK,INDIGO,29-Apr-2021,2140,PE,0,0,0,562.95,610,0,0,0,0,19-APR-2021,
OPTSTK,INDIGO,27-May-2021,1040,CE,0,0,0,634.7,492.7,0,0,0,0,19-APR-2021,
OPTSTK,INDIGO,27-May-2021,1060,CE,0,0,0,615.9,473.05,0,0,0,0,19-APR-2021,
OPTSTK,INDIGO,27-May-2021,1080,CE,0,0,0,597.25,453.55,0,0,0,0,19-APR-2021,
OPTSTK,INDIGO,27-May-2021,1100,CE,0,0,0,578.75,434.15,0,0,0,0,19-APR-2021,
OPTSTK,INDIGO,27-May-2021,1120,CE,0,0,0,560.45,414.85,0,0,0,0,19-APR-2021,
OPTSTK,INDIGO,27-May-2021,1140,CE,0,0,0,542.35,395.75,0,0,0,0,19-APR-2021,
OPTSTK,INDIGO,27-May-2021,1160,CE,0,0,0,524.5,376.85,0,0,0,0,19-APR-2021,
OPTSTK,INDIGO,27-May-2021,1180,CE,0,0,0,506.85,358.2,0,0,0,0,19-APR-2021,
OPTSTK,INDIGO,27-May-2021,1200,CE,0,0,0,489.45,339.8,0,0,0,0,19-APR-2021,
OPTSTK,INDIGO,27-May-2021,1220,CE,0,0,0,472.3,321.7,0,0,0,0,19-APR-2021,
OPTSTK,INDIGO,27-May-2021,1240,CE,0,0,0,455.45,303.95,0,0,0,0,19-APR-2021,
OPTSTK,INDIGO,27-May-2021,1260,CE,0,0,0,438.85,286.55,0,0,0,0,19-APR-2021,
OPTSTK,INDIGO,27-May-2021,1280,CE,0,0,0,422.6,269.6,0,0,0,0,19-APR-2021,
OPTSTK,INDIGO,27-May-2021,1300,CE,0,0,0,406.65,253.1,0,0,0,0,19-APR-2021,
OPTSTK,INDIGO,27-May-2021,1320,CE,0,0,0,391,237.05,0,0,0,0,19-APR-2021,
OPTSTK,INDIGO,27-May-2021,1340,CE,0,0,0,375.75,221.55,0,0,0,0,19-APR-2021,
OPTSTK,INDIGO,27-May-2021,1360,CE,0,0,0,360.85,206.65,0,0,0,0,19-APR-2021,
OPTSTK,INDIGO,27-May-2021,1380,CE,0,0,0,346.25,192.2,0,0,0,0,19-APR-2021,
OPTSTK,INDIGO,27-May-2021,1400,CE,160,160,160,160,160,2,15.6,1000,1000,19-APR-2021,
OPTSTK,INDIGO,27-May-2021,1420,CE,0,0,0,318.1,165.15,0,0,0,0,19-APR-2021,
OPTSTK,INDIGO,27-May-2021,1440,CE,0,0,0,304.6,152.55,0,0,0,0,19-APR-2021,
OPTSTK,INDIGO,27-May-2021,1460,CE,0,0,0,291.4,140.6,0,0,0,0,19-APR-2021,
OPTSTK,INDIGO,27-May-2021,1480,CE,0,0,0,278.7,129.3,0,0,0,0,19-APR-2021,
OPTSTK,INDIGO,27-May-2021,1500,CE,0,0,0,225,118.65,0,0,0,0,19-APR-2021,
OPTSTK,INDIGO,27-May-2021,1520,CE,0,0,0,254.4,108.6,0,0,0,0,19-APR-2021,
OPTSTK,INDIGO,27-May-2021,1540,CE,0,0,0,242.8,99.2,0,0,0,0,19-APR-2021,
OPTSTK,INDIGO,27-May-2021,1560,CE,0,0,0,231.6,90.35,0,0,0,0,19-APR-2021,
OPTSTK,INDIGO,27-May-2021,1580,CE,0,0,0,220.8,82.15,0,0,0,0,19-APR-2021,
OPTSTK,INDIGO,27-May-2021,1600,CE,0,0,0,210.35,74.55,0,0,0,0,19-APR-2021,
OPTSTK,INDIGO,27-May-2021,1620,CE,0,0,0,200.25,67.45,0,0,0,0,19-APR-2021,
OPTSTK,INDIGO,27-May-2021,1640,CE,0,0,0,190.55,60.95,0,0,0,0,19-APR-2021,
OPTSTK,INDIGO,27-May-2021,1660,CE,0,0,0,181.25,54.95,0,0,0,0,19-APR-2021,
OPTSTK,INDIGO,27-May-2021,1680,CE,0,0,0,172.25,49.4,0,0,0,0,19-APR-2021,
OPTSTK,INDIGO,27-May-2021,1700,CE,0,0,0,163.65,44.45,0,0,0,0,19-APR-2021,
OPTSTK,INDIGO,27-May-2021,1720,CE,0,0,0,155.4,39.85,0,0,0,0,19-APR-2021,
OPTSTK,INDIGO,27-May-2021,1740,CE,0,0,0,147.45,35.6,0,0,0,0,19-APR-2021,
OPTSTK,INDIGO,27-May-2021,1760,CE,0,0,0,139.85,31.75,0,0,0,0,19-APR-2021,
OPTSTK,INDIGO,27-May-2021,1780,CE,0,0,0,132.55,28.3,0,0,0,0,19-APR-2021,
OPTSTK,INDIGO,27-May-2021,1800,CE,0,0,0,125.6,25.15,0,0,0,0,19-APR-2021,
OPTSTK,INDIGO,27-May-2021,1820,CE,0,0,0,118.95,22.35,0,0,0,0,19-APR-2021,
OPTSTK,INDIGO,27-May-2021,1840,CE,0,0,0,112.6,19.8,0,0,0,0,19-APR-2021,
OPTSTK,INDIGO,27-May-2021,1860,CE,0,0,0,106.55,17.5,0,0,0,0,19-APR-2021,
OPTSTK,INDIGO,27-May-2021,1880,CE,0,0,0,100.75,15.45,0,0,0,0,19-APR-2021,
OPTSTK,INDIGO,27-May-2021,1900,CE,0,0,0,95.25,13.6,0,0,0,0,19-APR-2021,
OPTSTK,INDIGO,27-May-2021,1920,CE,0,0,0,90,12,0,0,0,0,19-APR-2021,
OPTSTK,INDIGO,27-May-2021,1940,CE,0,0,0,85.1,10.55,0,0,0,0,19-APR-2021,
OPTSTK,INDIGO,27-May-2021,1960,CE,0,0,0,80.35,9.25,0,0,0,0,19-APR-2021,
OPTSTK,INDIGO,27-May-2021,1980,CE,0,0,0,75.85,8.1,0,0,0,0,19-APR-2021,
OPTSTK,INDIGO,27-May-2021,2000,CE,0,0,0,8,7.1,0,0,500,0,19-APR-2021,
OPTSTK,INDIGO,27-May-2021,2020,CE,0,0,0,67.5,6.2,0,0,0,0,19-APR-2021,
OPTSTK,INDIGO,27-May-2021,2040,CE,0,0,0,63.65,5.4,0,0,0,0,19-APR-2021,
OPTSTK,INDIGO,27-May-2021,2060,CE,0,0,0,60,4.7,0,0,0,0,19-APR-2021,
OPTSTK,INDIGO,27-May-2021,2080,CE,0,0,0,56.45,4.1,0,0,0,0,19-APR-2021,
OPTSTK,INDIGO,27-May-2021,2100,CE,0,0,0,53.15,3.55,0,0,0,0,19-APR-2021,
OPTSTK,INDIGO,27-May-2021,2120,CE,0,0,0,50.05,3.1,0,0,0,0,19-APR-2021,
OPTSTK,INDIGO,27-May-2021,2140,CE,0,0,0,47.1,2.65,0,0,0,0,19-APR-2021,
OPTSTK,INDIGO,27-May-2021,1040,PE,0,0,0,4.8,0.75,0,0,0,0,19-APR-2021,
OPTSTK,INDIGO,27-May-2021,1060,PE,0,0,0,5.8,1.05,0,0,0,0,19-APR-2021,
OPTSTK,INDIGO,27-May-2021,1080,PE,0,0,0,7,1.45,0,0,0,0,19-APR-2021,
OPTSTK,INDIGO,27-May-2021,1100,PE,0,0,0,8.3,1.95,0,0,0,0,19-APR-2021,
OPTSTK,INDIGO,27-May-2021,1120,PE,0,0,0,9.85,2.6,0,0,0,0,19-APR-2021,
OPTSTK,INDIGO,27-May-2021,1140,PE,0,0,0,11.55,3.4,0,0,0,0,19-APR-2021,
OPTSTK,INDIGO,27-May-2021,1160,PE,0,0,0,13.5,4.45,0,0,0,0,19-APR-2021,
OPTSTK,INDIGO,27-May-2021,1180,PE,0,0,0,15.65,5.7,0,0,0,0,19-APR-2021,
OPTSTK,INDIGO,27-May-2021,1200,PE,0,0,0,18.05,7.2,0,0,0,0,19-APR-2021,
OPTSTK,INDIGO,27-May-2021,1220,PE,0,0,0,20.75,9.05,0,0,0,0,19-APR-2021,
OPTSTK,INDIGO,27-May-2021,1240,PE,0,0,0,23.7,11.2,0,0,0,0,19-APR-2021,
OPTSTK,INDIGO,27-May-2021,1260,PE,0,0,0,26.95,13.75,0,0,0,0,19-APR-2021,
OPTSTK,INDIGO,27-May-2021,1280,PE,0,0,0,30.5,16.7,0,0,0,0,19-APR-2021,
OPTSTK,INDIGO,27-May-2021,1300,PE,0,0,0,20,20.1,0,0,500,0,19-APR-2021,
OPTSTK,INDIGO,27-May-2021,1320,PE,0,0,0,38.55,24,0,0,0,0,19-APR-2021,
OPTSTK,INDIGO,27-May-2021,1340,PE,0,0,0,43.05,28.4,0,0,0,0,19-APR-2021,
OPTSTK,INDIGO,27-May-2021,1360,PE,0,0,0,48,33.45,0,0,0,0,19-APR-2021,
OPTSTK,INDIGO,27-May-2021,1380,PE,0,0,0,53.2,38.95,0,0,0,0,19-APR-2021,
OPTSTK,INDIGO,27-May-2021,1400,PE,0,0,0,58.75,44.95,0,0,0,0,19-APR-2021,
OPTSTK,INDIGO,27-May-2021,1420,PE,64.7,64.7,64.7,64.7,51.7,2,14.84,1000,1000,19-APR-2021,
OPTSTK,INDIGO,27-May-2021,1440,PE,0,0,0,71,59.05,0,0,0,0,19-APR-2021,
OPTSTK,INDIGO,27-May-2021,1460,PE,0,0,0,77.65,67.05,0,0,0,0,19-APR-2021,
OPTSTK,INDIGO,27-May-2021,1480,PE,0,0,0,84.7,75.65,0,0,0,0,19-APR-2021,
OPTSTK,INDIGO,27-May-2021,1500,PE,77.7,77.7,77.7,77.7,84.9,3,23.66,1500,1500,19-APR-2021,
OPTSTK,INDIGO,27-May-2021,1520,PE,0,0,0,100.05,94.75,0,0,0,0,19-APR-2021,
OPTSTK,INDIGO,27-May-2021,1540,PE,0,0,0,108.25,105.3,0,0,0,0,19-APR-2021,
OPTSTK,INDIGO,27-May-2021,1560,PE,0,0,0,116.9,116.4,0,0,0,0,19-APR-2021,
OPTSTK,INDIGO,27-May-2021,1580,PE,0,0,0,125.9,128.1,0,0,0,0,19-APR-2021,
OPTSTK,INDIGO,27-May-2021,1600,PE,0,0,0,135.25,140.4,0,0,0,0,19-APR-2021,
OPTSTK,INDIGO,27-May-2021,1620,PE,0,0,0,145,153.25,0,0,0,0,19-APR-2021,
OPTSTK,INDIGO,27-May-2021,1640,PE,0,0,0,155.1,166.65,0,0,0,0,19-APR-2021,
OPTSTK,INDIGO,27-May-2021,1660,PE,0,0,0,165.6,180.55,0,0,0,0,19-APR-2021,
OPTSTK,INDIGO,27-May-2021,1680,PE,0,0,0,176.45,194.95,0,0,0,0,19-APR-2021,
OPTSTK,INDIGO,27-May-2021,1700,PE,0,0,0,187.65,209.9,0,0,0,0,19-APR-2021,
OPTSTK,INDIGO,27-May-2021,1720,PE,0,0,0,199.15,225.25,0,0,0,0,19-APR-2021,
OPTSTK,INDIGO,27-May-2021,1740,PE,0,0,0,211.05,240.9,0,0,0,0,19-APR-2021,
OPTSTK,INDIGO,27-May-2021,1760,PE,0,0,0,223.25,257,0,0,0,0,19-APR-2021,
OPTSTK,INDIGO,27-May-2021,1780,PE,0,0,0,235.8,273.45,0,0,0,0,19-APR-2021,
OPTSTK,INDIGO,27-May-2021,1800,PE,0,0,0,248.65,290.25,0,0,0,0,19-APR-2021,
OPTSTK,INDIGO,27-May-2021,1820,PE,0,0,0,261.8,307.35,0,0,0,0,19-APR-2021,
OPTSTK,INDIGO,27-May-2021,1840,PE,0,0,0,275.3,324.7,0,0,0,0,19-APR-2021,
OPTSTK,INDIGO,27-May-2021,1860,PE,0,0,0,289.05,342.35,0,0,0,0,19-APR-2021,
OPTSTK,INDIGO,27-May-2021,1880,PE,0,0,0,303.05,360.25,0,0,0,0,19-APR-2021,
OPTSTK,INDIGO,27-May-2021,1900,PE,0,0,0,317.35,378.3,0,0,0,0,19-APR-2021,
OPTSTK,INDIGO,27-May-2021,1920,PE,0,0,0,331.9,396.6,0,0,0,0,19-APR-2021,
OPTSTK,INDIGO,27-May-2021,1940,PE,0,0,0,346.8,415.05,0,0,0,0,19-APR-2021,
OPTSTK,INDIGO,27-May-2021,1960,PE,0,0,0,361.9,433.7,0,0,0,0,19-APR-2021,
OPTSTK,INDIGO,27-May-2021,1980,PE,0,0,0,377.2,452.5,0,0,0,0,19-APR-2021,
OPTSTK,INDIGO,27-May-2021,2000,PE,0,0,0,392.75,471.4,0,0,0,0,19-APR-2021,
OPTSTK,INDIGO,27-May-2021,2020,PE,0,0,0,408.5,490.4,0,0,0,0,19-APR-2021,
OPTSTK,INDIGO,27-May-2021,2040,PE,0,0,0,424.45,509.55,0,0,0,0,19-APR-2021,
OPTSTK,INDIGO,27-May-2021,2060,PE,0,0,0,440.6,528.75,0,0,0,0,19-APR-2021,
OPTSTK,INDIGO,27-May-2021,2080,PE,0,0,0,456.9,548.1,0,0,0,0,19-APR-2021,
OPTSTK,INDIGO,27-May-2021,2100,PE,0,0,0,473.4,567.45,0,0,0,0,19-APR-2021,
OPTSTK,INDIGO,27-May-2021,2120,PE,0,0,0,490.1,586.9,0,0,0,0,19-APR-2021,
OPTSTK,INDIGO,27-May-2021,2140,PE,0,0,0,506.95,606.45,0,0,0,0,19-APR-2021,
OPTSTK,INDIGO,24-Jun-2021,1040,CE,0,0,0,637.7,499.2,0,0,0,0,19-APR-2021,
OPTSTK,INDIGO,24-Jun-2021,1060,CE,0,0,0,618.8,480.35,0,0,0,0,19-APR-2021,
OPTSTK,INDIGO,24-Jun-2021,1080,CE,0,0,0,600.1,461.75,0,0,0,0,19-APR-2021,
OPTSTK,INDIGO,24-Jun-2021,1100,CE,0,0,0,581.55,443.35,0,0,0,0,19-APR-2021,
OPTSTK,INDIGO,24-Jun-2021,1120,CE,0,0,0,563.2,425.2,0,0,0,0,19-APR-2021,
OPTSTK,INDIGO,24-Jun-2021,1140,CE,0,0,0,545,407.3,0,0,0,0,19-APR-2021,
OPTSTK,INDIGO,24-Jun-2021,1160,CE,0,0,0,527.05,389.7,0,0,0,0,19-APR-2021,
OPTSTK,INDIGO,24-Jun-2021,1180,CE,0,0,0,509.35,372.4,0,0,0,0,19-APR-2021,
OPTSTK,INDIGO,24-Jun-2021,1200,CE,0,0,0,491.85,355.45,0,0,0,0,19-APR-2021,
OPTSTK,INDIGO,24-Jun-2021,1220,CE,0,0,0,474.6,338.85,0,0,0,0,19-APR-2021,
OPTSTK,INDIGO,24-Jun-2021,1240,CE,0,0,0,457.65,322.65,0,0,0,0,19-APR-2021,
OPTSTK,INDIGO,24-Jun-2021,1260,CE,0,0,0,441,306.8,0,0,0,0,19-APR-2021,
OPTSTK,INDIGO,24-Jun-2021,1280,CE,0,0,0,424.6,291.4,0,0,0,0,19-APR-2021,
OPTSTK,INDIGO,24-Jun-2021,1300,CE,0,0,0,408.55,276.45,0,0,0,0,19-APR-2021,
OPTSTK,INDIGO,24-Jun-2021,1320,CE,0,0,0,392.8,261.95,0,0,0,0,19-APR-2021,
OPTSTK,INDIGO,24-Jun-2021,1340,CE,0,0,0,377.4,247.85,0,0,0,0,19-APR-2021,
OPTSTK,INDIGO,24-Jun-2021,1360,CE,0,0,0,362.35,234.2,0,0,0,0,19-APR-2021,
OPTSTK,INDIGO,24-Jun-2021,1380,CE,0,0,0,347.7,221.05,0,0,0,0,19-APR-2021,
OPTSTK,INDIGO,24-Jun-2021,1400,CE,0,0,0,333.35,208.4,0,0,0,0,19-APR-2021,
OPTSTK,INDIGO,24-Jun-2021,1420,CE,0,0,0,319.35,196.25,0,0,0,0,19-APR-2021,
OPTSTK,INDIGO,24-Jun-2021,1440,CE,0,0,0,305.75,184.55,0,0,0,0,19-APR-2021,
OPTSTK,INDIGO,24-Jun-2021,1460,CE,0,0,0,292.55,173.4,0,0,0,0,19-APR-2021,
OPTSTK,INDIGO,24-Jun-2021,1480,CE,0,0,0,279.6,162.7,0,0,0,0,19-APR-2021,
OPTSTK,INDIGO,24-Jun-2021,1500,CE,0,0,0,267.15,152.5,0,0,0,0,19-APR-2021,
OPTSTK,INDIGO,24-Jun-2021,1520,CE,0,0,0,255.1,142.75,0,0,0,0,19-APR-2021,
OPTSTK,INDIGO,24-Jun-2021,1540,CE,0,0,0,243.4,133.5,0,0,0,0,19-APR-2021,
OPTSTK,INDIGO,24-Jun-2021,1560,CE,0,0,0,232.15,124.75,0,0,0,0,19-APR-2021,
OPTSTK,INDIGO,24-Jun-2021,1580,CE,0,0,0,221.2,116.4,0,0,0,0,19-APR-2021,
OPTSTK,INDIGO,24-Jun-2021,1600,CE,0,0,0,210.7,108.5,0,0,0,0,19-APR-2021,
OPTSTK,INDIGO,24-Jun-2021,1620,CE,0,0,0,200.55,101.05,0,0,0,0,19-APR-2021,
OPTSTK,INDIGO,24-Jun-2021,1640,CE,0,0,0,190.75,94,0,0,0,0,19-APR-2021,
OPTSTK,INDIGO,24-Jun-2021,1660,CE,0,0,0,181.35,87.35,0,0,0,0,19-APR-2021,
OPTSTK,INDIGO,24-Jun-2021,1680,CE,0,0,0,172.3,81.1,0,0,0,0,19-APR-2021,
OPTSTK,INDIGO,24-Jun-2021,1700,CE,0,0,0,163.6,75.2,0,0,0,0,19-APR-2021,
OPTSTK,INDIGO,24-Jun-2021,1720,CE,0,0,0,155.3,69.7,0,0,0,0,19-APR-2021,
OPTSTK,INDIGO,24-Jun-2021,1740,CE,0,0,0,147.3,64.6,0,0,0,0,19-APR-2021,
OPTSTK,INDIGO,24-Jun-2021,1760,CE,0,0,0,139.65,59.8,0,0,0,0,19-APR-2021,
OPTSTK,INDIGO,24-Jun-2021,1780,CE,0,0,0,132.3,55.25,0,0,0,0,19-APR-2021,
OPTSTK,INDIGO,24-Jun-2021,1800,CE,0,0,0,125.3,51.05,0,0,0,0,19-APR-2021,
OPTSTK,INDIGO,24-Jun-2021,1820,CE,0,0,0,118.6,47.15,0,0,0,0,19-APR-2021,
OPTSTK,INDIGO,24-Jun-2021,1840,CE,0,0,0,112.2,43.4,0,0,0,0,19-APR-2021,
OPTSTK,INDIGO,24-Jun-2021,1860,CE,0,0,0,106.1,40,0,0,0,0,19-APR-2021,
OPTSTK,INDIGO,24-Jun-2021,1880,CE,0,0,0,100.3,36.8,0,0,0,0,19-APR-2021,
OPTSTK,INDIGO,24-Jun-2021,1900,CE,0,0,0,94.75,33.85,0,0,0,0,19-APR-2021,
OPTSTK,INDIGO,24-Jun-2021,1920,CE,0,0,0,89.45,31.1,0,0,0,0,19-APR-2021,
OPTSTK,INDIGO,24-Jun-2021,1940,CE,0,0,0,84.55,28.6,0,0,0,0,19-APR-2021,
OPTSTK,INDIGO,24-Jun-2021,1960,CE,0,0,0,79.8,26.25,0,0,0,0,19-APR-2021,
OPTSTK,INDIGO,24-Jun-2021,1980,CE,0,0,0,75.25,24.05,0,0,0,0,19-APR-2021,
OPTSTK,INDIGO,24-Jun-2021,2000,CE,0,0,0,70.95,22.05,0,0,0,0,19-APR-2021,
OPTSTK,INDIGO,24-Jun-2021,2020,CE,0,0,0,66.9,20.2,0,0,0,0,19-APR-2021,
OPTSTK,INDIGO,24-Jun-2021,2040,CE,0,0,0,63.05,18.5,0,0,0,0,19-APR-2021,
OPTSTK,INDIGO,24-Jun-2021,2060,CE,0,0,0,59.35,16.95,0,0,0,0,19-APR-2021,
OPTSTK,INDIGO,24-Jun-2021,2080,CE,0,0,0,55.85,15.5,0,0,0,0,19-APR-2021,
OPTSTK,INDIGO,24-Jun-2021,2100,CE,0,0,0,52.55,14.15,0,0,0,0,19-APR-2021,
OPTSTK,INDIGO,24-Jun-2021,2120,CE,0,0,0,49.4,12.9,0,0,0,0,19-APR-2021,
OPTSTK,INDIGO,24-Jun-2021,2140,CE,0,0,0,46.5,11.8,0,0,0,0,19-APR-2021,
OPTSTK,INDIGO,24-Jun-2021,1040,PE,0,0,0,4.45,4.25,0,0,0,0,19-APR-2021,
OPTSTK,INDIGO,24-Jun-2021,1060,PE,0,0,0,5.4,5.3,0,0,0,0,19-APR-2021,
OPTSTK,INDIGO,24-Jun-2021,1080,PE,0,0,0,6.5,6.55,0,0,0,0,19-APR-2021,
OPTSTK,INDIGO,24-Jun-2021,1100,PE,0,0,0,7.75,8,0,0,0,0,19-APR-2021,
OPTSTK,INDIGO,24-Jun-2021,1120,PE,0,0,0,9.2,9.75,0,0,0,0,19-APR-2021,
OPTSTK,INDIGO,24-Jun-2021,1140,PE,0,0,0,10.85,11.7,0,0,0,0,19-APR-2021,
OPTSTK,INDIGO,24-Jun-2021,1160,PE,0,0,0,12.7,13.95,0,0,0,0,19-APR-2021,
OPTSTK,INDIGO,24-Jun-2021,1180,PE,0,0,0,14.8,16.55,0,0,0,0,19-APR-2021,
OPTSTK,INDIGO,24-Jun-2021,1200,PE,0,0,0,17.15,19.45,0,0,0,0,19-APR-2021,
OPTSTK,INDIGO,24-Jun-2021,1220,PE,0,0,0,19.7,22.7,0,0,0,0,19-APR-2021,
OPTSTK,INDIGO,24-Jun-2021,1240,PE,0,0,0,22.55,26.35,0,0,0,0,19-APR-2021,
OPTSTK,INDIGO,24-Jun-2021,1260,PE,0,0,0,25.7,30.4,0,0,0,0,19-APR-2021,
OPTSTK,INDIGO,24-Jun-2021,1280,PE,0,0,0,29.15,34.85,0,0,0,0,19-APR-2021,
OPTSTK,INDIGO,24-Jun-2021,1300,PE,0,0,0,32.9,39.8,0,0,0,0,19-APR-2021,
OPTSTK,INDIGO,24-Jun-2021,1320,PE,0,0,0,37,45.1,0,0,0,0,19-APR-2021,
OPTSTK,INDIGO,24-Jun-2021,1340,PE,0,0,0,41.4,50.9,0,0,0,0,19-APR-2021,
OPTSTK,INDIGO,24-Jun-2021,1360,PE,0,0,0,46.15,57.15,0,0,0,0,19-APR-2021,
OPTSTK,INDIGO,24-Jun-2021,1380,PE,0,0,0,51.3,63.8,0,0,0,0,19-APR-2021,
OPTSTK,INDIGO,24-Jun-2021,1400,PE,0,0,0,56.8,71.05,0,0,0,0,19-APR-2021,
OPTSTK,INDIGO,24-Jun-2021,1420,PE,0,0,0,62.6,78.75,0,0,0,0,19-APR-2021,
OPTSTK,INDIGO,24-Jun-2021,1440,PE,0,0,0,68.8,86.95,0,0,0,0,19-APR-2021,
OPTSTK,INDIGO,24-Jun-2021,1460,PE,0,0,0,75.4,95.65,0,0,0,0,19-APR-2021,
OPTSTK,INDIGO,24-Jun-2021,1480,PE,0,0,0,82.3,104.8,0,0,0,0,19-APR-2021,
OPTSTK,INDIGO,24-Jun-2021,1500,PE,0,0,0,89.65,114.45,0,0,0,0,19-APR-2021,
OPTSTK,INDIGO,24-Jun-2021,1520,PE,0,0,0,97.4,124.6,0,0,0,0,19-APR-2021,
OPTSTK,INDIGO,24-Jun-2021,1540,PE,0,0,0,105.55,135.2,0,0,0,0,19-APR-2021,
OPTSTK,INDIGO,24-Jun-2021,1560,PE,0,0,0,114.05,146.3,0,0,0,0,19-APR-2021,
OPTSTK,INDIGO,24-Jun-2021,1580,PE,0,0,0,122.95,157.8,0,0,0,0,19-APR-2021,
OPTSTK,INDIGO,24-Jun-2021,1600,PE,0,0,0,132.25,169.8,0,0,0,0,19-APR-2021,
OPTSTK,INDIGO,24-Jun-2021,1620,PE,0,0,0,141.9,182.2,0,0,0,0,19-APR-2021,
OPTSTK,INDIGO,24-Jun-2021,1640,PE,0,0,0,151.95,195,0,0,0,0,19-APR-2021,
OPTSTK,INDIGO,24-Jun-2021,1660,PE,0,0,0,162.35,208.25,0,0,0,0,19-APR-2021,
OPTSTK,INDIGO,24-Jun-2021,1680,PE,0,0,0,173.1,221.85,0,0,0,0,19-APR-2021,
OPTSTK,INDIGO,24-Jun-2021,1700,PE,0,0,0,184.25,235.85,0,0,0,0,19-APR-2021,
OPTSTK,INDIGO,24-Jun-2021,1720,PE,0,0,0,195.75,250.2,0,0,0,0,19-APR-2021,
OPTSTK,INDIGO,24-Jun-2021,1740,PE,0,0,0,207.55,264.95,0,0,0,0,19-APR-2021,
OPTSTK,INDIGO,24-Jun-2021,1760,PE,0,0,0,219.7,280,0,0,0,0,19-APR-2021,
OPTSTK,INDIGO,24-Jun-2021,1780,PE,0,0,0,232.2,295.35,0,0,0,0,19-APR-2021,
OPTSTK,INDIGO,24-Jun-2021,1800,PE,0,0,0,245,311,0,0,0,0,19-APR-2021,
OPTSTK,INDIGO,24-Jun-2021,1820,PE,0,0,0,258.1,326.95,0,0,0,0,19-APR-2021,
OPTSTK,INDIGO,24-Jun-2021,1840,PE,0,0,0,271.55,343.05,0,0,0,0,19-APR-2021,
OPTSTK,INDIGO,24-Jun-2021,1860,PE,0,0,0,285.25,359.5,0,0,0,0,19-APR-2021,
OPTSTK,INDIGO,24-Jun-2021,1880,PE,0,0,0,299.25,376.2,0,0,0,0,19-APR-2021,
OPTSTK,INDIGO,24-Jun-2021,1900,PE,0,0,0,313.5,393.1,0,0,0,0,19-APR-2021,
OPTSTK,INDIGO,24-Jun-2021,1920,PE,0,0,0,328.05,410.25,0,0,0,0,19-APR-2021,
OPTSTK,INDIGO,24-Jun-2021,1940,PE,0,0,0,342.95,427.6,0,0,0,0,19-APR-2021,
OPTSTK,INDIGO,24-Jun-2021,1960,PE,0,0,0,358,445.1,0,0,0,0,19-APR-2021,
OPTSTK,INDIGO,24-Jun-2021,1980,PE,0,0,0,373.3,462.8,0,0,0,0,19-APR-2021,
OPTSTK,INDIGO,24-Jun-2021,2000,PE,0,0,0,388.8,480.65,0,0,0,0,19-APR-2021,
OPTSTK,INDIGO,24-Jun-2021,2020,PE,0,0,0,404.55,498.65,0,0,0,0,19-APR-2021,
OPTSTK,INDIGO,24-Jun-2021,2040,PE,0,0,0,420.5,516.8,0,0,0,0,19-APR-2021,
OPTSTK,INDIGO,24-Jun-2021,2060,PE,0,0,0,436.65,535.1,0,0,0,0,19-APR-2021,
OPTSTK,INDIGO,24-Jun-2021,2080,PE,0,0,0,452.9,553.5,0,0,0,0,19-APR-2021,
OPTSTK,INDIGO,24-Jun-2021,2100,PE,0,0,0,469.45,572.05,0,0,0,0,19-APR-2021,
OPTSTK,INDIGO,24-Jun-2021,2120,PE,0,0,0,486.15,590.7,0,0,0,0,19-APR-2021,
OPTSTK,INDIGO,24-Jun-2021,2140,PE,0,0,0,503,609.45,0,0,0,0,19-APR-2021,
OPTSTK,INDUSINDBK,29-Apr-2021,580,CE,0,0,0,260.75,252.65,0,0,0,0,19-APR-2021,
OPTSTK,INDUSINDBK,29-Apr-2021,600,CE,0,0,0,246.6,232.8,0,0,0,0,19-APR-2021,
OPTSTK,INDUSINDBK,29-Apr-2021,620,CE,0,0,0,233.05,213,0,0,0,0,19-APR-2021,
OPTSTK,INDUSINDBK,29-Apr-2021,640,CE,0,0,0,220,193.4,0,0,0,0,19-APR-2021,
OPTSTK,INDUSINDBK,29-Apr-2021,660,CE,0,0,0,207.55,174.1,0,0,0,0,19-APR-2021,
OPTSTK,INDUSINDBK,29-Apr-2021,680,CE,0,0,0,195.65,155.2,0,0,0,0,19-APR-2021,
OPTSTK,INDUSINDBK,29-Apr-2021,700,CE,0,0,0,184.3,136.9,0,0,0,0,19-APR-2021,
OPTSTK,INDUSINDBK,29-Apr-2021,720,CE,0,0,0,173.5,119.4,0,0,0,0,19-APR-2021,
OPTSTK,INDUSINDBK,29-Apr-2021,740,CE,0,0,0,163.2,102.85,0,0,0,0,19-APR-2021,
OPTSTK,INDUSINDBK,29-Apr-2021,760,CE,0,0,0,190,87.5,0,0,2700,0,19-APR-2021,
OPTSTK,INDUSINDBK,29-Apr-2021,780,CE,0,0,0,172,73.35,0,0,900,0,19-APR-2021,
OPTSTK,INDUSINDBK,29-Apr-2021,800,CE,42.6,52.1,39.7,49.5,49.5,212,1614.04,50400,11700,19-APR-2021,
OPTSTK,INDUSINDBK,29-Apr-2021,820,CE,39.15,39.15,29,37.15,37.15,1253,9619.49,128700,122400,19-APR-2021,
OPTSTK,INDUSINDBK,29-Apr-2021,840,CE,24.3,27.15,19.95,25.95,25.95,1790,13915.69,178200,99000,19-APR-2021,
OPTSTK,INDUSINDBK,29-Apr-2021,860,CE,13.65,18.5,13.6,17.5,17.5,1510,11906.22,446400,116100,19-APR-2021,
OPTSTK,INDUSINDBK,29-Apr-2021,880,CE,10.05,13,9.3,11.55,11.55,959,7689.12,239400,19800,19-APR-2021,
OPTSTK,INDUSINDBK,29-Apr-2021,900,CE,6.45,9.4,6.2,7.7,7.7,1615,13187.78,560700,95400,19-APR-2021,
OPTSTK,INDUSINDBK,29-Apr-2021,920,CE,7.4,8,4.2,5.25,5.25,805,6701.93,277200,-42300,19-APR-2021,
OPTSTK,INDUSINDBK,29-Apr-2021,940,CE,6.95,6.95,3.25,4,4,881,7483.53,495900,-60300,19-APR-2021,
OPTSTK,INDUSINDBK,29-Apr-2021,960,CE,3.8,3.8,2.35,3.15,3.15,464,4021.64,594000,-35100,19-APR-2021,
OPTSTK,INDUSINDBK,29-Apr-2021,980,CE,3.5,3.5,2.1,2.55,2.55,419,3704.95,594000,-22500,19-APR-2021,
OPTSTK,INDUSINDBK,29-Apr-2021,1000,CE,3.15,3.15,1.75,2.05,2.05,710,6402.82,1485900,-149400,19-APR-2021,
OPTSTK,INDUSINDBK,29-Apr-2021,1020,CE,1.9,1.9,1.05,1.3,1.3,142,1305.38,323100,-13500,19-APR-2021,
OPTSTK,INDUSINDBK,29-Apr-2021,1040,CE,1.8,1.8,1,1.15,1.15,105,983.93,304200,-23400,19-APR-2021,
OPTSTK,INDUSINDBK,29-Apr-2021,1060,CE,1.5,1.55,0.9,1.25,1.25,85,811.83,247500,-7200,19-APR-2021,
OPTSTK,INDUSINDBK,29-Apr-2021,1080,CE,0.85,1.15,0.85,1.1,1.1,21,204.3,99000,-4500,19-APR-2021,
OPTSTK,INDUSINDBK,29-Apr-2021,1100,CE,0.8,1.15,0.8,1.1,1.1,87,862.02,909900,-14400,19-APR-2021,
OPTSTK,INDUSINDBK,29-Apr-2021,1120,CE,1.2,1.25,0.75,1,1,12,121.06,90000,-4500,19-APR-2021,
OPTSTK,INDUSINDBK,29-Apr-2021,1140,CE,0.8,0.8,0.6,0.6,0.35,5,51.32,45000,-3600,19-APR-2021,
OPTSTK,INDUSINDBK,29-Apr-2021,1160,CE,0,0,0,1,0.25,0,0,24300,0,19-APR-2021,
OPTSTK,INDUSINDBK,29-Apr-2021,1180,CE,0.35,0.35,0.35,0.35,0.15,1,10.62,69300,-900,19-APR-2021,
OPTSTK,INDUSINDBK,29-Apr-2021,1200,CE,0.5,0.75,0.5,0.55,0.1,45,486.21,234000,-26100,19-APR-2021,
OPTSTK,INDUSINDBK,29-Apr-2021,1220,CE,0,0,0,42.15,0.1,0,0,0,0,19-APR-2021,
OPTSTK,INDUSINDBK,29-Apr-2021,1240,CE,0,0,0,39.45,0.05,0,0,0,0,19-APR-2021,
OPTSTK,INDUSINDBK,29-Apr-2021,1260,CE,0,0,0,71.15,0.05,0,0,0,0,19-APR-2021,
OPTSTK,INDUSINDBK,29-Apr-2021,1280,CE,0,0,0,67.25,0.05,0,0,0,0,19-APR-2021,
OPTSTK,INDUSINDBK,29-Apr-2021,1300,CE,0.3,0.5,0.3,0.5,0.05,12,140.44,35100,-7200,19-APR-2021,
OPTSTK,INDUSINDBK,29-Apr-2021,580,PE,0,0,0,32.8,0.1,0,0,0,0,19-APR-2021,
OPTSTK,INDUSINDBK,29-Apr-2021,600,PE,1,1.15,0.9,1,1,10,54.08,10800,6300,19-APR-2021,
OPTSTK,INDUSINDBK,29-Apr-2021,620,PE,0,0,0,1.2,0.4,0,0,0,0,19-APR-2021,
OPTSTK,INDUSINDBK,29-Apr-2021,640,PE,0,0,0,0.9,0.75,0,0,2700,0,19-APR-2021,
OPTSTK,INDUSINDBK,29-Apr-2021,660,PE,1.6,2.95,1.6,2.3,2.3,50,298.11,37800,24300,19-APR-2021,
OPTSTK,INDUSINDBK,29-Apr-2021,680,PE,5,5,3,3.25,3.25,69,424.49,11700,-5400,19-APR-2021,
OPTSTK,INDUSINDBK,29-Apr-2021,700,PE,5.5,6,3.9,4.15,4.15,802,5087.76,162900,-12600,19-APR-2021,
OPTSTK,INDUSINDBK,29-Apr-2021,720,PE,8.5,8.5,4.7,5.35,5.35,487,3183.35,94500,36900,19-APR-2021,
OPTSTK,INDUSINDBK,29-Apr-2021,740,PE,9.95,10.6,6.55,6.95,6.95,395,2661.07,135000,27900,19-APR-2021,
OPTSTK,INDUSINDBK,29-Apr-2021,760,PE,9,14.65,8.85,9.55,9.55,730,5071.18,207900,40500,19-APR-2021,
OPTSTK,INDUSINDBK,29-Apr-2021,780,PE,15,20.35,12.3,13.05,13.05,789,5656.7,152100,-12600,19-APR-2021,
OPTSTK,INDUSINDBK,29-Apr-2021,800,PE,20,28,17,18.3,18.3,2725,20178.21,618300,-108900,19-APR-2021,
OPTSTK,INDUSINDBK,29-Apr-2021,820,PE,30.5,37.8,23.15,24.95,24.95,1474,11289.93,261000,75600,19-APR-2021,
OPTSTK,INDUSINDBK,29-Apr-2021,840,PE,37.5,51.55,31.45,33.25,33.25,749,5932.34,260100,-84600,19-APR-2021,
OPTSTK,INDUSINDBK,29-Apr-2021,860,PE,46.5,62.2,43.1,44.45,44.45,375,3082.66,445500,-61200,19-APR-2021,
OPTSTK,INDUSINDBK,29-Apr-2021,880,PE,67.2,73.5,57.45,58.45,58.45,30,256.17,251100,-5400,19-APR-2021,
OPTSTK,INDUSINDBK,29-Apr-2021,900,PE,86.5,94.35,72.4,74,74,96,850.75,458100,-37800,19-APR-2021,
OPTSTK,INDUSINDBK,29-Apr-2021,920,PE,103.95,112,96.5,98.6,101.6,16,147.21,170100,-9000,19-APR-2021,
OPTSTK,INDUSINDBK,29-Apr-2021,940,PE,128.65,131.3,109.4,109.4,109.4,15,143.39,220500,-9900,19-APR-2021,
OPTSTK,INDUSINDBK,29-Apr-2021,960,PE,130.1,147.05,130.1,147.05,135.15,8,79.27,245700,-4500,19-APR-2021,
OPTSTK,INDUSINDBK,29-Apr-2021,980,PE,159.45,164.45,156.1,160.6,152.95,54,554.71,318600,-36000,19-APR-2021,
OPTSTK,INDUSINDBK,29-Apr-2021,1000,PE,182.65,186.8,167.5,168.25,168.25,8,84.83,881100,-4500,19-APR-2021,
OPTSTK,INDUSINDBK,29-Apr-2021,1020,PE,197.8,197.8,197.8,197.8,190.1,1,10.96,141300,-900,19-APR-2021,
OPTSTK,INDUSINDBK,29-Apr-2021,1040,PE,218,218,218,218,209.15,1,11.32,72900,0,19-APR-2021,
OPTSTK,INDUSINDBK,29-Apr-2021,1060,PE,0,0,0,132.1,228.5,0,0,28800,0,19-APR-2021,
OPTSTK,INDUSINDBK,29-Apr-2021,1080,PE,255,255,255,255,248,1,12.01,3600,-900,19-APR-2021,
OPTSTK,INDUSINDBK,29-Apr-2021,1100,PE,0,0,0,240,267.65,0,0,66600,0,19-APR-2021,
OPTSTK,INDUSINDBK,29-Apr-2021,1120,PE,0,0,0,354.6,287.4,0,0,0,0,19-APR-2021,
OPTSTK,INDUSINDBK,29-Apr-2021,1140,PE,0,0,0,371.35,307.2,0,0,0,0,19-APR-2021,
OPTSTK,INDUSINDBK,29-Apr-2021,1160,PE,0,0,0,388.25,327.1,0,0,0,0,19-APR-2021,
OPTSTK,INDUSINDBK,29-Apr-2021,1180,PE,0,0,0,405.35,347,0,0,0,0,19-APR-2021,
OPTSTK,INDUSINDBK,29-Apr-2021,1200,PE,0,0,0,422.65,366.9,0,0,0,0,19-APR-2021,
OPTSTK,INDUSINDBK,29-Apr-2021,1220,PE,0,0,0,405.1,386.85,0,0,0,0,19-APR-2021,
OPTSTK,INDUSINDBK,29-Apr-2021,1240,PE,0,0,0,422.25,406.85,0,0,0,0,19-APR-2021,
OPTSTK,INDUSINDBK,29-Apr-2021,1260,PE,0,0,0,349.4,426.8,0,0,0,0,19-APR-2021,
OPTSTK,INDUSINDBK,29-Apr-2021,1280,PE,0,0,0,365.25,446.75,0,0,0,0,19-APR-2021,
OPTSTK,INDUSINDBK,29-Apr-2021,1300,PE,0,0,0,381.4,466.75,0,0,0,0,19-APR-2021,
OPTSTK,INDUSINDBK,27-May-2021,620,CE,0,0,0,416.2,225.1,0,0,0,0,19-APR-2021,
OPTSTK,INDUSINDBK,27-May-2021,640,CE,0,0,0,419.55,208.45,0,0,0,0,19-APR-2021,
OPTSTK,INDUSINDBK,27-May-2021,660,CE,0,0,0,427.3,192.4,0,0,0,0,19-APR-2021,
OPTSTK,INDUSINDBK,27-May-2021,680,CE,0,0,0,410.75,177,0,0,0,0,19-APR-2021,
OPTSTK,INDUSINDBK,27-May-2021,700,CE,0,0,0,438.4,162.4,0,0,0,0,19-APR-2021,
OPTSTK,INDUSINDBK,27-May-2021,720,CE,0,0,0,422.2,148.5,0,0,0,0,19-APR-2021,
OPTSTK,INDUSINDBK,27-May-2021,740,CE,0,0,0,406.35,135.4,0,0,0,0,19-APR-2021,
OPTSTK,INDUSINDBK,27-May-2021,760,CE,0,0,0,390.85,123.1,0,0,0,0,19-APR-2021,
OPTSTK,INDUSINDBK,27-May-2021,780,CE,0,0,0,375.8,111.6,0,0,0,0,19-APR-2021,
OPTSTK,INDUSINDBK,27-May-2021,800,CE,0,0,0,361.1,100.9,0,0,0,0,19-APR-2021,
OPTSTK,INDUSINDBK,27-May-2021,820,CE,0,0,0,346.8,90.95,0,0,0,0,19-APR-2021,
OPTSTK,INDUSINDBK,27-May-2021,840,CE,58,58.1,52.3,52.3,81.8,3,24.19,3600,1800,19-APR-2021,
OPTSTK,INDUSINDBK,27-May-2021,860,CE,0,0,0,319.4,73.4,0,0,0,0,19-APR-2021,
OPTSTK,INDUSINDBK,27-May-2021,880,CE,42,44.8,41.75,44.8,44.8,11,91.37,9900,9900,19-APR-2021,
OPTSTK,INDUSINDBK,27-May-2021,900,CE,34.9,38.7,30.55,36.2,36.2,309,2599.72,173700,86400,19-APR-2021,
OPTSTK,INDUSINDBK,27-May-2021,920,CE,0,0,0,281.35,52.25,0,0,0,0,19-APR-2021,
OPTSTK,INDUSINDBK,27-May-2021,940,CE,0,0,0,35.9,46.45,0,0,900,0,19-APR-2021,
OPTSTK,INDUSINDBK,27-May-2021,960,CE,21.55,23,21.55,22.65,22.65,7,61.88,6300,4500,19-APR-2021,
OPTSTK,INDUSINDBK,27-May-2021,980,CE,0,0,0,246.9,36.55,0,0,0,0,19-APR-2021,
OPTSTK,INDUSINDBK,27-May-2021,1000,CE,16,17.05,12.95,15.8,15.8,444,4058.46,400500,255600,19-APR-2021,
OPTSTK,INDUSINDBK,27-May-2021,1020,CE,0,0,0,19.6,28.55,0,0,2700,0,19-APR-2021,
OPTSTK,INDUSINDBK,27-May-2021,1040,CE,0,0,0,29,25.15,0,0,0,0,19-APR-2021,
OPTSTK,INDUSINDBK,27-May-2021,1060,CE,10,10,10,10,22.1,1,9.63,1800,0,19-APR-2021,
OPTSTK,INDUSINDBK,27-May-2021,1080,CE,0,0,0,197.35,19.4,0,0,0,0,19-APR-2021,
OPTSTK,INDUSINDBK,27-May-2021,1100,CE,9,9,3,7.25,7.25,57,567.65,100800,-9900,19-APR-2021,
OPTSTK,INDUSINDBK,27-May-2021,1120,CE,0,0,0,180.05,14.9,0,0,0,0,19-APR-2021,
OPTSTK,INDUSINDBK,27-May-2021,1140,CE,0,0,0,171.9,13.05,0,0,0,0,19-APR-2021,
OPTSTK,INDUSINDBK,27-May-2021,1160,CE,0,0,0,164.1,11.4,0,0,0,0,19-APR-2021,
OPTSTK,INDUSINDBK,27-May-2021,1180,CE,0,0,0,156.6,9.95,0,0,0,0,19-APR-2021,
OPTSTK,INDUSINDBK,27-May-2021,1200,CE,0,0,0,149.4,8.7,0,0,0,0,19-APR-2021,
OPTSTK,INDUSINDBK,27-May-2021,1220,CE,0,0,0,142.55,7.55,0,0,0,0,19-APR-2021,
OPTSTK,INDUSINDBK,27-May-2021,1240,CE,0,0,0,135.95,6.6,0,0,0,0,19-APR-2021,
OPTSTK,INDUSINDBK,27-May-2021,1260,CE,0,0,0,129.65,5.7,0,0,0,0,19-APR-2021,
OPTSTK,INDUSINDBK,27-May-2021,1280,CE,0,0,0,123.6,4.95,0,0,0,0,19-APR-2021,
OPTSTK,INDUSINDBK,27-May-2021,1300,CE,5,5,5,5,4.3,1,11.74,1800,900,19-APR-2021,
OPTSTK,INDUSINDBK,27-May-2021,620,PE,0,0,0,12.9,10.7,0,0,0,0,19-APR-2021,
OPTSTK,INDUSINDBK,27-May-2021,640,PE,0,0,0,14.35,13.95,0,0,0,0,19-APR-2021,
OPTSTK,INDUSINDBK,27-May-2021,660,PE,0,0,0,18.4,17.8,0,0,0,0,19-APR-2021,
OPTSTK,INDUSINDBK,27-May-2021,680,PE,0,0,0,8,22.35,0,0,900,0,19-APR-2021,
OPTSTK,INDUSINDBK,27-May-2021,700,PE,13.95,18.1,10.15,14.7,14.7,107,689.32,64800,10800,19-APR-2021,
OPTSTK,INDUSINDBK,27-May-2021,720,PE,0,0,0,25.75,33.7,0,0,0,0,19-APR-2021,
OPTSTK,INDUSINDBK,27-May-2021,740,PE,0,0,0,29.7,40.5,0,0,0,0,19-APR-2021,
OPTSTK,INDUSINDBK,27-May-2021,760,PE,0,0,0,34.05,48.1,0,0,0,0,19-APR-2021,
OPTSTK,INDUSINDBK,27-May-2021,780,PE,0,0,0,38.75,56.55,0,0,0,0,19-APR-2021,
OPTSTK,INDUSINDBK,27-May-2021,800,PE,43.55,52.9,39,44.7,44.7,196,1494.94,260100,51300,19-APR-2021,
OPTSTK,INDUSINDBK,27-May-2021,820,PE,55,60.9,52,52,52,4,31.54,1800,1800,19-APR-2021,
OPTSTK,INDUSINDBK,27-May-2021,840,PE,0,0,0,55.35,86.55,0,0,0,0,19-APR-2021,
OPTSTK,INDUSINDBK,27-May-2021,860,PE,78,87.9,78,80.55,98.05,4,33.88,33300,-2700,19-APR-2021,
OPTSTK,INDUSINDBK,27-May-2021,880,PE,90,90,90,90,110.25,1,8.73,1800,-900,19-APR-2021,
OPTSTK,INDUSINDBK,27-May-2021,900,PE,104,115,99,99.6,99.6,22,199.32,180000,0,19-APR-2021,
OPTSTK,INDUSINDBK,27-May-2021,920,PE,0,0,0,49.5,136.65,0,0,1800,0,19-APR-2021,
OPTSTK,INDUSINDBK,27-May-2021,940,PE,0,0,0,70,150.8,0,0,900,0,19-APR-2021,
OPTSTK,INDUSINDBK,27-May-2021,960,PE,150,174,150,174,174,4,40.38,13500,0,19-APR-2021,
OPTSTK,INDUSINDBK,27-May-2021,980,PE,0,0,0,108.05,180.75,0,0,0,0,19-APR-2021,
OPTSTK,INDUSINDBK,27-May-2021,1000,PE,0,0,0,194.05,196.45,0,0,56700,0,19-APR-2021,
OPTSTK,INDUSINDBK,27-May-2021,1020,PE,0,0,0,126.7,212.6,0,0,0,0,19-APR-2021,
OPTSTK,INDUSINDBK,27-May-2021,1040,PE,0,0,0,136.6,229.1,0,0,0,0,19-APR-2021,
OPTSTK,INDUSINDBK,27-May-2021,1060,PE,0,0,0,146.9,246,0,0,0,0,19-APR-2021,
OPTSTK,INDUSINDBK,27-May-2021,1080,PE,0,0,0,157.55,263.2,0,0,0,0,19-APR-2021,
OPTSTK,INDUSINDBK,27-May-2021,1100,PE,0,0,0,168.5,280.75,0,0,0,0,19-APR-2021,
OPTSTK,INDUSINDBK,27-May-2021,1120,PE,0,0,0,179.85,298.55,0,0,0,0,19-APR-2021,
OPTSTK,INDUSINDBK,27-May-2021,1140,PE,0,0,0,191.55,316.6,0,0,0,0,19-APR-2021,
OPTSTK,INDUSINDBK,27-May-2021,1160,PE,0,0,0,203.55,334.9,0,0,0,0,19-APR-2021,
OPTSTK,INDUSINDBK,27-May-2021,1180,PE,0,0,0,215.85,353.35,0,0,0,0,19-APR-2021,
OPTSTK,INDUSINDBK,27-May-2021,1200,PE,0,0,0,228.5,372,0,0,0,0,19-APR-2021,
OPTSTK,INDUSINDBK,27-May-2021,1220,PE,0,0,0,241.45,390.8,0,0,0,0,19-APR-2021,
OPTSTK,INDUSINDBK,27-May-2021,1240,PE,0,0,0,254.65,409.75,0,0,0,0,19-APR-2021,
OPTSTK,INDUSINDBK,27-May-2021,1260,PE,0,0,0,268.2,428.8,0,0,0,0,19-APR-2021,
OPTSTK,INDUSINDBK,27-May-2021,1280,PE,0,0,0,281.95,448,0,0,0,0,19-APR-2021,
OPTSTK,INDUSINDBK,27-May-2021,1300,PE,0,0,0,296,467.25,0,0,0,0,19-APR-2021,
OPTSTK,INDUSINDBK,24-Jun-2021,620,CE,0,0,0,363.5,240.05,0,0,0,0,19-APR-2021,
OPTSTK,INDUSINDBK,24-Jun-2021,640,CE,0,0,0,347.45,225.1,0,0,0,0,19-APR-2021,
OPTSTK,INDUSINDBK,24-Jun-2021,660,CE,0,0,0,331.85,210.7,0,0,0,0,19-APR-2021,
OPTSTK,INDUSINDBK,24-Jun-2021,680,CE,0,0,0,316.65,196.95,0,0,0,0,19-APR-2021,
OPTSTK,INDUSINDBK,24-Jun-2021,700,CE,0,0,0,301.95,183.8,0,0,0,0,19-APR-2021,
OPTSTK,INDUSINDBK,24-Jun-2021,720,CE,0,0,0,287.7,171.3,0,0,0,0,19-APR-2021,
OPTSTK,INDUSINDBK,24-Jun-2021,740,CE,0,0,0,273.95,159.45,0,0,0,0,19-APR-2021,
OPTSTK,INDUSINDBK,24-Jun-2021,760,CE,0,0,0,260.65,148.2,0,0,0,0,19-APR-2021,
OPTSTK,INDUSINDBK,24-Jun-2021,780,CE,0,0,0,247.85,137.6,0,0,0,0,19-APR-2021,
OPTSTK,INDUSINDBK,24-Jun-2021,800,CE,0,0,0,235.5,127.6,0,0,0,0,19-APR-2021,
OPTSTK,INDUSINDBK,24-Jun-2021,820,CE,0,0,0,223.65,118.2,0,0,0,0,19-APR-2021,
OPTSTK,INDUSINDBK,24-Jun-2021,840,CE,0,0,0,212.25,109.35,0,0,0,0,19-APR-2021,
OPTSTK,INDUSINDBK,24-Jun-2021,860,CE,0,0,0,201.35,101.1,0,0,0,0,19-APR-2021,
OPTSTK,INDUSINDBK,24-Jun-2021,880,CE,0,0,0,190.9,93.35,0,0,0,0,19-APR-2021,
OPTSTK,INDUSINDBK,24-Jun-2021,900,CE,0,0,0,180.95,86.15,0,0,0,0,19-APR-2021,
OPTSTK,INDUSINDBK,24-Jun-2021,920,CE,0,0,0,171.4,79.4,0,0,0,0,19-APR-2021,
OPTSTK,INDUSINDBK,24-Jun-2021,940,CE,0,0,0,162.3,73.1,0,0,0,0,19-APR-2021,
OPTSTK,INDUSINDBK,24-Jun-2021,960,CE,0,0,0,153.6,67.3,0,0,0,0,19-APR-2021,
OPTSTK,INDUSINDBK,24-Jun-2021,980,CE,0,0,0,145.3,61.9,0,0,0,0,19-APR-2021,
OPTSTK,INDUSINDBK,24-Jun-2021,1000,CE,0,0,0,137.4,56.9,0,0,0,0,19-APR-2021,
OPTSTK,INDUSINDBK,24-Jun-2021,1020,CE,0,0,0,129.9,52.3,0,0,0,0,19-APR-2021,
OPTSTK,INDUSINDBK,24-Jun-2021,1040,CE,0,0,0,122.75,48,0,0,0,0,19-APR-2021,
OPTSTK,INDUSINDBK,24-Jun-2021,1060,CE,0,0,0,116,44.05,0,0,0,0,19-APR-2021,
OPTSTK,INDUSINDBK,24-Jun-2021,1080,CE,0,0,0,109.55,40.4,0,0,0,0,19-APR-2021,
OPTSTK,INDUSINDBK,24-Jun-2021,1100,CE,0,0,0,103.45,37.05,0,0,0,0,19-APR-2021,
OPTSTK,INDUSINDBK,24-Jun-2021,1120,CE,0,0,0,97.65,33.9,0,0,0,0,19-APR-2021,
OPTSTK,INDUSINDBK,24-Jun-2021,1140,CE,0,0,0,92.15,31.05,0,0,0,0,19-APR-2021,
OPTSTK,INDUSINDBK,24-Jun-2021,1160,CE,0,0,0,86.95,28.4,0,0,0,0,19-APR-2021,
OPTSTK,INDUSINDBK,24-Jun-2021,1180,CE,0,0,0,82.1,26,0,0,0,0,19-APR-2021,
OPTSTK,INDUSINDBK,24-Jun-2021,1200,CE,0,0,0,77.45,23.8,0,0,0,0,19-APR-2021,
OPTSTK,INDUSINDBK,24-Jun-2021,1220,CE,0,0,0,73.05,21.75,0,0,0,0,19-APR-2021,
OPTSTK,INDUSINDBK,24-Jun-2021,1240,CE,0,0,0,68.85,19.9,0,0,0,0,19-APR-2021,
OPTSTK,INDUSINDBK,24-Jun-2021,1260,CE,0,0,0,64.95,18.15,0,0,0,0,19-APR-2021,
OPTSTK,INDUSINDBK,24-Jun-2021,1280,CE,0,0,0,61.2,16.6,0,0,0,0,19-APR-2021,
OPTSTK,INDUSINDBK,24-Jun-2021,1300,CE,0,0,0,57.7,15.15,0,0,0,0,19-APR-2021,
OPTSTK,INDUSINDBK,24-Jun-2021,620,PE,0,0,0,19.95,23.85,0,0,0,0,19-APR-2021,
OPTSTK,INDUSINDBK,24-Jun-2021,640,PE,0,0,0,23.7,28.75,0,0,0,0,19-APR-2021,
OPTSTK,INDUSINDBK,24-Jun-2021,660,PE,0,0,0,27.9,34.25,0,0,0,0,19-APR-2021,
OPTSTK,INDUSINDBK,24-Jun-2021,680,PE,0,0,0,32.55,40.35,0,0,0,0,19-APR-2021,
OPTSTK,INDUSINDBK,24-Jun-2021,700,PE,0,0,0,37.65,47.1,0,0,0,0,19-APR-2021,
OPTSTK,INDUSINDBK,24-Jun-2021,720,PE,0,0,0,43.2,54.45,0,0,0,0,19-APR-2021,
OPTSTK,INDUSINDBK,24-Jun-2021,740,PE,0,0,0,49.25,62.45,0,0,0,0,19-APR-2021,
OPTSTK,INDUSINDBK,24-Jun-2021,760,PE,0,0,0,55.8,71.1,0,0,0,0,19-APR-2021,
OPTSTK,INDUSINDBK,24-Jun-2021,780,PE,0,0,0,62.8,80.35,0,0,0,0,19-APR-2021,
OPTSTK,INDUSINDBK,24-Jun-2021,800,PE,59,62,57,57.05,57.05,15,116.08,12600,7200,19-APR-2021,
OPTSTK,INDUSINDBK,24-Jun-2021,820,PE,0,0,0,78.2,100.65,0,0,0,0,19-APR-2021,
OPTSTK,INDUSINDBK,24-Jun-2021,840,PE,0,0,0,86.65,111.7,0,0,0,0,19-APR-2021,
OPTSTK,INDUSINDBK,24-Jun-2021,860,PE,0,0,0,95.55,123.3,0,0,0,0,19-APR-2021,
OPTSTK,INDUSINDBK,24-Jun-2021,880,PE,0,0,0,104.95,135.4,0,0,0,0,19-APR-2021,
OPTSTK,INDUSINDBK,24-Jun-2021,900,PE,0,0,0,114.75,148.05,0,0,0,0,19-APR-2021,
OPTSTK,INDUSINDBK,24-Jun-2021,920,PE,0,0,0,125.05,161.15,0,0,0,0,19-APR-2021,
OPTSTK,INDUSINDBK,24-Jun-2021,940,PE,0,0,0,135.75,174.75,0,0,0,0,19-APR-2021,
OPTSTK,INDUSINDBK,24-Jun-2021,960,PE,0,0,0,146.85,188.8,0,0,0,0,19-APR-2021,
OPTSTK,INDUSINDBK,24-Jun-2021,980,PE,0,0,0,158.4,203.25,0,0,0,0,19-APR-2021,
OPTSTK,INDUSINDBK,24-Jun-2021,1000,PE,0,0,0,170.3,218.15,0,0,0,0,19-APR-2021,
OPTSTK,INDUSINDBK,24-Jun-2021,1020,PE,0,0,0,182.6,233.4,0,0,0,0,19-APR-2021,
OPTSTK,INDUSINDBK,24-Jun-2021,1040,PE,0,0,0,195.3,249,0,0,0,0,19-APR-2021,
OPTSTK,INDUSINDBK,24-Jun-2021,1060,PE,0,0,0,208.35,264.9,0,0,0,0,19-APR-2021,
OPTSTK,INDUSINDBK,24-Jun-2021,1080,PE,0,0,0,221.7,281.1,0,0,0,0,19-APR-2021,
OPTSTK,INDUSINDBK,24-Jun-2021,1100,PE,0,0,0,235.4,297.6,0,0,0,0,19-APR-2021,
OPTSTK,INDUSINDBK,24-Jun-2021,1120,PE,0,0,0,249.45,314.35,0,0,0,0,19-APR-2021,
OPTSTK,INDUSINDBK,24-Jun-2021,1140,PE,0,0,0,263.75,331.35,0,0,0,0,19-APR-2021,
OPTSTK,INDUSINDBK,24-Jun-2021,1160,PE,0,0,0,278.35,348.6,0,0,0,0,19-APR-2021,
OPTSTK,INDUSINDBK,24-Jun-2021,1180,PE,0,0,0,293.3,366.05,0,0,0,0,19-APR-2021,
OPTSTK,INDUSINDBK,24-Jun-2021,1200,PE,0,0,0,308.45,383.7,0,0,0,0,19-APR-2021,
OPTSTK,INDUSINDBK,24-Jun-2021,1220,PE,0,0,0,323.9,401.5,0,0,0,0,19-APR-2021,
OPTSTK,INDUSINDBK,24-Jun-2021,1240,PE,0,0,0,339.55,419.5,0,0,0,0,19-APR-2021,
OPTSTK,INDUSINDBK,24-Jun-2021,1260,PE,0,0,0,355.4,437.65,0,0,0,0,19-APR-2021,
OPTSTK,INDUSINDBK,24-Jun-2021,1280,PE,0,0,0,371.5,455.95,0,0,0,0,19-APR-2021,
OPTSTK,INDUSINDBK,24-Jun-2021,1300,PE,0,0,0,387.8,474.4,0,0,0,0,19-APR-2021,
OPTSTK,INDUSTOWER,29-Apr-2021,122.2,CE,0,0,0,103.95,131,0,0,0,0,19-APR-2021,
OPTSTK,INDUSTOWER,29-Apr-2021,127.2,CE,0,0,0,99.4,126,0,0,0,0,19-APR-2021,
OPTSTK,INDUSTOWER,29-Apr-2021,132.2,CE,0,0,0,94.95,121,0,0,0,0,19-APR-2021,
OPTSTK,INDUSTOWER,29-Apr-2021,137.2,CE,0,0,0,90.55,116,0,0,0,0,19-APR-2021,
OPTSTK,INDUSTOWER,29-Apr-2021,142.2,CE,0,0,0,86.25,111,0,0,0,0,19-APR-2021,
OPTSTK,INDUSTOWER,29-Apr-2021,147.2,CE,0,0,0,82.1,106,0,0,0,0,19-APR-2021,
OPTSTK,INDUSTOWER,29-Apr-2021,152.2,CE,0,0,0,78,101,0,0,0,0,19-APR-2021,
OPTSTK,INDUSTOWER,29-Apr-2021,157.2,CE,0,0,0,74.05,96.05,0,0,0,0,19-APR-2021,
OPTSTK,INDUSTOWER,29-Apr-2021,162.2,CE,0,0,0,70.2,91.05,0,0,0,0,19-APR-2021,
OPTSTK,INDUSTOWER,29-Apr-2021,167.2,CE,0,0,0,66.5,86.05,0,0,0,0,19-APR-2021,
OPTSTK,INDUSTOWER,29-Apr-2021,172.2,CE,0,0,0,62.9,81.05,0,0,0,0,19-APR-2021,
OPTSTK,INDUSTOWER,29-Apr-2021,177.2,CE,0,0,0,59.45,76.05,0,0,0,0,19-APR-2021,
OPTSTK,INDUSTOWER,29-Apr-2021,182.2,CE,0,0,0,56.1,71.05,0,0,0,0,19-APR-2021,
OPTSTK,INDUSTOWER,29-Apr-2021,185,CE,0,0,0,63.8,68.25,0,0,0,0,19-APR-2021,
OPTSTK,INDUSTOWER,29-Apr-2021,187.2,CE,0,0,0,52.9,66.05,0,0,0,0,19-APR-2021,
OPTSTK,INDUSTOWER,29-Apr-2021,190,CE,0,0,0,60.15,63.3,0,0,0,0,19-APR-2021,
OPTSTK,INDUSTOWER,29-Apr-2021,192.2,CE,0,0,0,49.85,61.1,0,0,0,0,19-APR-2021,
OPTSTK,INDUSTOWER,29-Apr-2021,195,CE,0,0,0,56.6,58.3,0,0,0,0,19-APR-2021,
OPTSTK,INDUSTOWER,29-Apr-2021,197.2,CE,0,0,0,46.9,56.15,0,0,0,0,19-APR-2021,
OPTSTK,INDUSTOWER,29-Apr-2021,200,CE,0,0,0,53.2,53.4,0,0,0,0,19-APR-2021,
OPTSTK,INDUSTOWER,29-Apr-2021,202.2,CE,0,0,0,42.05,51.25,0,0,2800,0,19-APR-2021,
OPTSTK,INDUSTOWER,29-Apr-2021,205,CE,0,0,0,49.95,48.5,0,0,0,0,19-APR-2021,
OPTSTK,INDUSTOWER,29-Apr-2021,207.2,CE,0,0,0,41.45,46.35,0,0,0,0,19-APR-2021,
OPTSTK,INDUSTOWER,29-Apr-2021,210,CE,0,0,0,46.8,43.7,0,0,0,0,19-APR-2021,
OPTSTK,INDUSTOWER,29-Apr-2021,212.2,CE,0,0,0,38.9,41.6,0,0,0,0,19-APR-2021,
OPTSTK,INDUSTOWER,29-Apr-2021,215,CE,0,0,0,43.85,38.95,0,0,0,0,19-APR-2021,
OPTSTK,INDUSTOWER,29-Apr-2021,217.2,CE,0,0,0,36.5,36.95,0,0,0,0,19-APR-2021,
OPTSTK,INDUSTOWER,29-Apr-2021,220,CE,0,0,0,43,34.4,0,0,2800,0,19-APR-2021,
OPTSTK,INDUSTOWER,29-Apr-2021,222.2,CE,0,0,0,34.2,32.45,0,0,0,0,19-APR-2021,
OPTSTK,INDUSTOWER,29-Apr-2021,225,CE,0,0,0,38.35,30.05,0,0,0,0,19-APR-2021,
OPTSTK,INDUSTOWER,29-Apr-2021,227.2,CE,0,0,0,32.05,28.2,0,0,0,0,19-APR-2021,
OPTSTK,INDUSTOWER,29-Apr-2021,230,CE,0,0,0,15,25.9,0,0,2800,0,19-APR-2021,
OPTSTK,INDUSTOWER,29-Apr-2021,232.2,CE,0,0,0,30,24.15,0,0,0,0,19-APR-2021,
OPTSTK,INDUSTOWER,29-Apr-2021,235,CE,0,0,0,33.35,22.05,0,0,0,0,19-APR-2021,
OPTSTK,INDUSTOWER,29-Apr-2021,237.2,CE,0,0,0,28.05,20.45,0,0,0,0,19-APR-2021,
OPTSTK,INDUSTOWER,29-Apr-2021,240,CE,0,0,0,20.65,18.5,0,0,42000,0,19-APR-2021,
OPTSTK,INDUSTOWER,29-Apr-2021,242.2,CE,0,0,0,11.15,17.05,0,0,0,0,19-APR-2021,
OPTSTK,INDUSTOWER,29-Apr-2021,245,CE,0,0,0,18.45,15.3,0,0,42000,0,19-APR-2021,
OPTSTK,INDUSTOWER,29-Apr-2021,247.2,CE,0,0,0,17.5,14,0,0,134400,0,19-APR-2021,
OPTSTK,INDUSTOWER,29-Apr-2021,250,CE,9,10.75,9,10.5,10.5,20,145.43,156800,-11200,19-APR-2021,
OPTSTK,INDUSTOWER,29-Apr-2021,252.2,CE,0,0,0,7.85,11.35,0,0,2800,0,19-APR-2021,
OPTSTK,INDUSTOWER,29-Apr-2021,255,CE,14.05,14.05,6.85,8.3,8.3,18,132.55,75600,28000,19-APR-2021,
OPTSTK,INDUSTOWER,29-Apr-2021,257.2,CE,7.55,7.55,5.85,5.85,9.05,2,14.77,16800,2800,19-APR-2021,
OPTSTK,INDUSTOWER,29-Apr-2021,260,CE,4.55,6.8,4.45,6.15,6.15,189,1405.06,498400,56000,19-APR-2021,
OPTSTK,INDUSTOWER,29-Apr-2021,262.2,CE,4.25,5.2,4.25,5.2,5.2,2,14.94,22400,-2800,19-APR-2021,
OPTSTK,INDUSTOWER,29-Apr-2021,265,CE,3.7,4.85,3.65,4.85,4.85,14,105.52,179200,8400,19-APR-2021,
OPTSTK,INDUSTOWER,29-Apr-2021,267.2,CE,0,0,0,5.8,5.55,0,0,14000,0,19-APR-2021,
OPTSTK,INDUSTOWER,29-Apr-2021,270,CE,3.2,4.05,2.6,3.2,3.2,134,1024.59,551600,30800,19-APR-2021,
OPTSTK,INDUSTOWER,29-Apr-2021,272.2,CE,0,0,0,6,4.25,0,0,22400,0,19-APR-2021,
OPTSTK,INDUSTOWER,29-Apr-2021,275,CE,2,2.25,2,2.2,2.2,9,69.84,168000,-2800,19-APR-2021,
OPTSTK,INDUSTOWER,29-Apr-2021,277.2,CE,0,0,0,6.2,3.2,0,0,16800,0,19-APR-2021,
OPTSTK,INDUSTOWER,29-Apr-2021,280,CE,3.05,3.05,1.45,1.75,1.75,24,189.34,294000,11200,19-APR-2021,
OPTSTK,INDUSTOWER,29-Apr-2021,282.2,CE,0,0,0,4.05,2.35,0,0,2800,0,19-APR-2021,
OPTSTK,INDUSTOWER,29-Apr-2021,285,CE,1.25,1.25,1.25,1.25,2,1,8.01,33600,-2800,19-APR-2021,
OPTSTK,INDUSTOWER,29-Apr-2021,287.2,CE,0,0,0,5.75,1.75,0,0,2800,0,19-APR-2021,
OPTSTK,INDUSTOWER,29-Apr-2021,290,CE,0,0,0,1.95,1.45,0,0,53200,0,19-APR-2021,
OPTSTK,INDUSTOWER,29-Apr-2021,292.2,CE,0,0,0,13,1.25,0,0,0,0,19-APR-2021,
OPTSTK,INDUSTOWER,29-Apr-2021,295,CE,0,0,0,1.4,1.05,0,0,5600,0,19-APR-2021,
OPTSTK,INDUSTOWER,29-Apr-2021,297.2,CE,0,0,0,12.1,0.9,0,0,0,0,19-APR-2021,
OPTSTK,INDUSTOWER,29-Apr-2021,300,CE,1.5,1.5,0.55,0.6,0.6,36,303.09,534800,-14000,19-APR-2021,
OPTSTK,INDUSTOWER,29-Apr-2021,302.2,CE,0,0,0,11.25,0.65,0,0,0,0,19-APR-2021,
OPTSTK,INDUSTOWER,29-Apr-2021,305,CE,0,0,0,11.55,0.5,0,0,0,0,19-APR-2021,
OPTSTK,INDUSTOWER,29-Apr-2021,310,CE,0,0,0,2,0.35,0,0,5600,0,19-APR-2021,
OPTSTK,INDUSTOWER,29-Apr-2021,315,CE,0,0,0,1.1,0.25,0,0,2800,0,19-APR-2021,
OPTSTK,INDUSTOWER,29-Apr-2021,320,CE,0,0,0,0.25,0.2,0,0,30800,0,19-APR-2021,
OPTSTK,INDUSTOWER,29-Apr-2021,325,CE,0,0,0,8.35,0.1,0,0,0,0,19-APR-2021,
OPTSTK,INDUSTOWER,29-Apr-2021,122.2,PE,0,0,0,1.4,0,0,0,0,0,19-APR-2021,
OPTSTK,INDUSTOWER,29-Apr-2021,127.2,PE,0,0,0,1.8,0,0,0,0,0,19-APR-2021,
OPTSTK,INDUSTOWER,29-Apr-2021,132.2,PE,0,0,0,2.25,0,0,0,0,0,19-APR-2021,
OPTSTK,INDUSTOWER,29-Apr-2021,137.2,PE,0,0,0,2.85,0,0,0,0,0,19-APR-2021,
OPTSTK,INDUSTOWER,29-Apr-2021,142.2,PE,0,0,0,3.5,0,0,0,0,0,19-APR-2021,
OPTSTK,INDUSTOWER,29-Apr-2021,147.2,PE,0,0,0,4.25,0,0,0,0,0,19-APR-2021,
OPTSTK,INDUSTOWER,29-Apr-2021,152.2,PE,0,0,0,5.15,0,0,0,0,0,19-APR-2021,
OPTSTK,INDUSTOWER,29-Apr-2021,157.2,PE,0,0,0,6.15,0,0,0,0,0,19-APR-2021,
OPTSTK,INDUSTOWER,29-Apr-2021,162.2,PE,0,0,0,7.25,0,0,0,0,0,19-APR-2021,
OPTSTK,INDUSTOWER,29-Apr-2021,167.2,PE,0,0,0,8.5,0,0,0,0,0,19-APR-2021,
OPTSTK,INDUSTOWER,29-Apr-2021,172.2,PE,0,0,0,9.85,0,0,0,0,0,19-APR-2021,
OPTSTK,INDUSTOWER,29-Apr-2021,177.2,PE,0,0,0,11.35,0,0,0,0,0,19-APR-2021,
OPTSTK,INDUSTOWER,29-Apr-2021,182.2,PE,0,0,0,12.95,0.05,0,0,0,0,19-APR-2021,
OPTSTK,INDUSTOWER,29-Apr-2021,185,PE,0,0,0,7.35,0.05,0,0,0,0,19-APR-2021,
OPTSTK,INDUSTOWER,29-Apr-2021,187.2,PE,0,0,0,14.7,0.05,0,0,0,0,19-APR-2021,
OPTSTK,INDUSTOWER,29-Apr-2021,190,PE,0,0,0,8.65,0.05,0,0,0,0,19-APR-2021,
OPTSTK,INDUSTOWER,29-Apr-2021,192.2,PE,0,0,0,16.6,0.05,0,0,0,0,19-APR-2021,
OPTSTK,INDUSTOWER,29-Apr-2021,195,PE,0,0,0,10.05,0.1,0,0,0,0,19-APR-2021,
OPTSTK,INDUSTOWER,29-Apr-2021,197.2,PE,0,0,0,18.65,0.1,0,0,0,0,19-APR-2021,
OPTSTK,INDUSTOWER,29-Apr-2021,200,PE,0,0,0,0.9,0.15,0,0,8400,0,19-APR-2021,
OPTSTK,INDUSTOWER,29-Apr-2021,202.2,PE,0,0,0,20.8,0.2,0,0,0,0,19-APR-2021,
OPTSTK,INDUSTOWER,29-Apr-2021,205,PE,0,0,0,13.3,0.25,0,0,0,0,19-APR-2021,
OPTSTK,INDUSTOWER,29-Apr-2021,207.2,PE,0,0,0,23.05,0.3,0,0,0,0,19-APR-2021,
OPTSTK,INDUSTOWER,29-Apr-2021,210,PE,0,0,0,3,0.4,0,0,2800,0,19-APR-2021,
OPTSTK,INDUSTOWER,29-Apr-2021,212.2,PE,0,0,0,25.5,0.55,0,0,0,0,19-APR-2021,
OPTSTK,INDUSTOWER,29-Apr-2021,215,PE,0,0,0,3,0.7,0,0,2800,0,19-APR-2021,
OPTSTK,INDUSTOWER,29-Apr-2021,217.2,PE,0,0,0,3.3,0.85,0,0,0,0,19-APR-2021,
OPTSTK,INDUSTOWER,29-Apr-2021,220,PE,1.25,1.8,1.25,1.25,1.25,3,18.6,319200,-2800,19-APR-2021,
OPTSTK,INDUSTOWER,29-Apr-2021,222.2,PE,0,0,0,3,1.4,0,0,11200,0,19-APR-2021,
OPTSTK,INDUSTOWER,29-Apr-2021,225,PE,0,0,0,1.25,1.75,0,0,53200,0,19-APR-2021,
OPTSTK,INDUSTOWER,29-Apr-2021,227.2,PE,0.15,1,0.15,1,1,2,12.75,19600,-2800,19-APR-2021,
OPTSTK,INDUSTOWER,29-Apr-2021,230,PE,3.05,3.05,2.15,2.2,2.2,17,110.72,187600,22400,19-APR-2021,
OPTSTK,INDUSTOWER,29-Apr-2021,232.2,PE,0,0,0,36.4,3.1,0,0,0,0,19-APR-2021,
OPTSTK,INDUSTOWER,29-Apr-2021,235,PE,0,0,0,2.4,3.75,0,0,28000,0,19-APR-2021,
OPTSTK,INDUSTOWER,29-Apr-2021,237.2,PE,0,0,0,6.1,4.35,0,0,0,0,19-APR-2021,
OPTSTK,INDUSTOWER,29-Apr-2021,240,PE,2.05,4.3,2.05,3.75,3.75,13,88.73,210000,-2800,19-APR-2021,
OPTSTK,INDUSTOWER,29-Apr-2021,242.2,PE,0,0,0,12.1,5.95,0,0,2800,0,19-APR-2021,
OPTSTK,INDUSTOWER,29-Apr-2021,245,PE,4.65,4.9,4.65,4.9,4.9,2,13.98,50400,2800,19-APR-2021,
OPTSTK,INDUSTOWER,29-Apr-2021,247.2,PE,0,0,0,4.55,7.95,0,0,11200,0,19-APR-2021,
OPTSTK,INDUSTOWER,29-Apr-2021,250,PE,19.95,19.95,6.45,7.55,7.55,33,238.32,179200,-5600,19-APR-2021,
OPTSTK,INDUSTOWER,29-Apr-2021,252.2,PE,0,0,0,6,10.25,0,0,2800,0,19-APR-2021,
OPTSTK,INDUSTOWER,29-Apr-2021,255,PE,11,11,8.55,9.2,9.2,6,44.39,64400,-2800,19-APR-2021,
OPTSTK,INDUSTOWER,29-Apr-2021,257.2,PE,0,0,0,52.5,12.95,0,0,0,0,19-APR-2021,
OPTSTK,INDUSTOWER,29-Apr-2021,260,PE,13.6,13.6,11.45,11.75,11.75,7,53.41,277200,0,19-APR-2021,
OPTSTK,INDUSTOWER,29-Apr-2021,262.2,PE,0,0,0,8.7,16.05,0,0,2800,0,19-APR-2021,
OPTSTK,INDUSTOWER,29-Apr-2021,265,PE,0,0,0,25.15,17.9,0,0,5600,0,19-APR-2021,
OPTSTK,INDUSTOWER,29-Apr-2021,267.2,PE,0,0,0,12.45,19.4,0,0,5600,0,19-APR-2021,
OPTSTK,INDUSTOWER,29-Apr-2021,270,PE,21.75,21.75,20.95,20.95,21.45,2,16.31,36400,-2800,19-APR-2021,
OPTSTK,INDUSTOWER,29-Apr-2021,272.2,PE,0,0,0,63.35,23.1,0,0,0,0,19-APR-2021,
OPTSTK,INDUSTOWER,29-Apr-2021,275,PE,0,0,0,33,25.3,0,0,5600,0,19-APR-2021,
OPTSTK,INDUSTOWER,29-Apr-2021,277.2,PE,0,0,0,67.1,27.05,0,0,0,0,19-APR-2021,
OPTSTK,INDUSTOWER,29-Apr-2021,280,PE,0,0,0,37.45,29.35,0,0,11200,0,19-APR-2021,
OPTSTK,INDUSTOWER,29-Apr-2021,282.2,PE,0,0,0,70.95,31.25,0,0,0,0,19-APR-2021,
OPTSTK,INDUSTOWER,29-Apr-2021,285,PE,0,0,0,22.75,33.65,0,0,8400,0,19-APR-2021,
OPTSTK,INDUSTOWER,29-Apr-2021,287.2,PE,0,0,0,74.85,35.6,0,0,0,0,19-APR-2021,
OPTSTK,INDUSTOWER,29-Apr-2021,290,PE,0,0,0,62.3,38.1,0,0,0,0,19-APR-2021,
OPTSTK,INDUSTOWER,29-Apr-2021,292.2,PE,0,0,0,78.85,40.1,0,0,0,0,19-APR-2021,
OPTSTK,INDUSTOWER,29-Apr-2021,295,PE,0,0,0,66.15,42.7,0,0,0,0,19-APR-2021,
OPTSTK,INDUSTOWER,29-Apr-2021,297.2,PE,0,0,0,82.9,44.75,0,0,0,0,19-APR-2021,
OPTSTK,INDUSTOWER,29-Apr-2021,300,PE,0,0,0,70.1,47.4,0,0,0,0,19-APR-2021,
OPTSTK,INDUSTOWER,29-Apr-2021,302.2,PE,0,0,0,87,49.5,0,0,0,0,19-APR-2021,
OPTSTK,INDUSTOWER,29-Apr-2021,305,PE,0,0,0,74.1,52.15,0,0,0,0,19-APR-2021,
OPTSTK,INDUSTOWER,29-Apr-2021,310,PE,0,0,0,54.55,57,0,0,0,0,19-APR-2021,
OPTSTK,INDUSTOWER,29-Apr-2021,315,PE,0,0,0,82.25,61.9,0,0,0,0,19-APR-2021,
OPTSTK,INDUSTOWER,29-Apr-2021,320,PE,0,0,0,86.45,66.8,0,0,0,0,19-APR-2021,
OPTSTK,INDUSTOWER,29-Apr-2021,325,PE,0,0,0,90.7,71.75,0,0,0,0,19-APR-2021,
OPTSTK,INDUSTOWER,27-May-2021,175,CE,0,0,0,102.95,79.4,0,0,0,0,19-APR-2021,
OPTSTK,INDUSTOWER,27-May-2021,180,CE,0,0,0,98.6,74.7,0,0,0,0,19-APR-2021,
OPTSTK,INDUSTOWER,27-May-2021,185,CE,0,0,0,94.3,70.05,0,0,0,0,19-APR-2021,
OPTSTK,INDUSTOWER,27-May-2021,190,CE,0,0,0,90.15,65.5,0,0,0,0,19-APR-2021,
OPTSTK,INDUSTOWER,27-May-2021,195,CE,0,0,0,86.1,61.1,0,0,0,0,19-APR-2021,
OPTSTK,INDUSTOWER,27-May-2021,200,CE,0,0,0,82.1,56.8,0,0,0,0,19-APR-2021,
OPTSTK,INDUSTOWER,27-May-2021,205,CE,0,0,0,78.25,52.6,0,0,0,0,19-APR-2021,
OPTSTK,INDUSTOWER,27-May-2021,210,CE,0,0,0,74.5,48.6,0,0,0,0,19-APR-2021,
OPTSTK,INDUSTOWER,27-May-2021,215,CE,0,0,0,70.9,44.75,0,0,0,0,19-APR-2021,
OPTSTK,INDUSTOWER,27-May-2021,220,CE,0,0,0,67.35,41.1,0,0,0,0,19-APR-2021,
OPTSTK,INDUSTOWER,27-May-2021,225,CE,0,0,0,63.95,37.6,0,0,0,0,19-APR-2021,
OPTSTK,INDUSTOWER,27-May-2021,230,CE,0,0,0,60.7,34.25,0,0,0,0,19-APR-2021,
OPTSTK,INDUSTOWER,27-May-2021,235,CE,0,0,0,57.5,31.15,0,0,0,0,19-APR-2021,
OPTSTK,INDUSTOWER,27-May-2021,240,CE,0,0,0,54.45,28.2,0,0,0,0,19-APR-2021,
OPTSTK,INDUSTOWER,27-May-2021,245,CE,0,0,0,51.55,25.5,0,0,0,0,19-APR-2021,
OPTSTK,INDUSTOWER,27-May-2021,250,CE,0,0,0,48.75,22.95,0,0,0,0,19-APR-2021,
OPTSTK,INDUSTOWER,27-May-2021,255,CE,0,0,0,46.05,20.6,0,0,0,0,19-APR-2021,
OPTSTK,INDUSTOWER,27-May-2021,260,CE,0,0,0,18.85,18.45,0,0,11200,0,19-APR-2021,
OPTSTK,INDUSTOWER,27-May-2021,265,CE,0,0,0,41.05,16.5,0,0,0,0,19-APR-2021,
OPTSTK,INDUSTOWER,27-May-2021,270,CE,10,10,10,10,14.7,1,7.84,2800,-2800,19-APR-2021,
OPTSTK,INDUSTOWER,27-May-2021,275,CE,0,0,0,36.5,13.05,0,0,0,0,19-APR-2021,
OPTSTK,INDUSTOWER,27-May-2021,280,CE,0,0,0,34.35,11.55,0,0,0,0,19-APR-2021,
OPTSTK,INDUSTOWER,27-May-2021,285,CE,0,0,0,32.35,10.2,0,0,0,0,19-APR-2021,
OPTSTK,INDUSTOWER,27-May-2021,290,CE,0,0,0,30.45,9,0,0,0,0,19-APR-2021,
OPTSTK,INDUSTOWER,27-May-2021,295,CE,0,0,0,28.6,7.95,0,0,0,0,19-APR-2021,
OPTSTK,INDUSTOWER,27-May-2021,300,CE,0,0,0,26.9,6.95,0,0,0,0,19-APR-2021,
OPTSTK,INDUSTOWER,27-May-2021,305,CE,0,0,0,25.25,6.1,0,0,0,0,19-APR-2021,
OPTSTK,INDUSTOWER,27-May-2021,310,CE,0,0,0,23.7,5.3,0,0,0,0,19-APR-2021,
OPTSTK,INDUSTOWER,27-May-2021,315,CE,0,0,0,22.25,4.65,0,0,0,0,19-APR-2021,
OPTSTK,INDUSTOWER,27-May-2021,320,CE,0,0,0,20.9,4.05,0,0,0,0,19-APR-2021,
OPTSTK,INDUSTOWER,27-May-2021,325,CE,0,0,0,19.6,3.5,0,0,0,0,19-APR-2021,
OPTSTK,INDUSTOWER,27-May-2021,175,PE,0,0,0,2.8,0.65,0,0,0,0,19-APR-2021,
OPTSTK,INDUSTOWER,27-May-2021,180,PE,0,0,0,3.4,0.95,0,0,0,0,19-APR-2021,
OPTSTK,INDUSTOWER,27-May-2021,185,PE,0,0,0,4.1,1.3,0,0,0,0,19-APR-2021,
OPTSTK,INDUSTOWER,27-May-2021,190,PE,0,0,0,4.9,1.75,0,0,0,0,19-APR-2021,
OPTSTK,INDUSTOWER,27-May-2021,195,PE,0,0,0,5.75,2.3,0,0,0,0,19-APR-2021,
OPTSTK,INDUSTOWER,27-May-2021,200,PE,0,0,0,6.75,2.95,0,0,0,0,19-APR-2021,
OPTSTK,INDUSTOWER,27-May-2021,205,PE,0,0,0,7.85,3.75,0,0,0,0,19-APR-2021,
OPTSTK,INDUSTOWER,27-May-2021,210,PE,0,0,0,9.05,4.75,0,0,0,0,19-APR-2021,
OPTSTK,INDUSTOWER,27-May-2021,215,PE,0,0,0,10.4,5.85,0,0,0,0,19-APR-2021,
OPTSTK,INDUSTOWER,27-May-2021,220,PE,0,0,0,4,7.15,0,0,0,0,19-APR-2021,
OPTSTK,INDUSTOWER,27-May-2021,225,PE,0,0,0,13.35,8.65,0,0,0,0,19-APR-2021,
OPTSTK,INDUSTOWER,27-May-2021,230,PE,0,0,0,15.05,10.3,0,0,0,0,19-APR-2021,
OPTSTK,INDUSTOWER,27-May-2021,235,PE,0,0,0,16.8,12.2,0,0,0,0,19-APR-2021,
OPTSTK,INDUSTOWER,27-May-2021,240,PE,0,0,0,18.75,14.25,0,0,0,0,19-APR-2021,
OPTSTK,INDUSTOWER,27-May-2021,245,PE,0,0,0,20.75,16.5,0,0,0,0,19-APR-2021,
OPTSTK,INDUSTOWER,27-May-2021,250,PE,0,0,0,22.9,18.95,0,0,0,0,19-APR-2021,
OPTSTK,INDUSTOWER,27-May-2021,255,PE,0,0,0,25.2,21.6,0,0,0,0,19-APR-2021,
OPTSTK,INDUSTOWER,27-May-2021,260,PE,0,0,0,27.6,24.4,0,0,0,0,19-APR-2021,
OPTSTK,INDUSTOWER,27-May-2021,265,PE,0,0,0,30.1,27.4,0,0,0,0,19-APR-2021,
OPTSTK,INDUSTOWER,27-May-2021,270,PE,0,0,0,32.7,30.6,0,0,0,0,19-APR-2021,
OPTSTK,INDUSTOWER,27-May-2021,275,PE,0,0,0,35.45,33.9,0,0,0,0,19-APR-2021,
OPTSTK,INDUSTOWER,27-May-2021,280,PE,0,0,0,38.25,37.4,0,0,0,0,19-APR-2021,
OPTSTK,INDUSTOWER,27-May-2021,285,PE,0,0,0,41.2,41.05,0,0,0,0,19-APR-2021,
OPTSTK,INDUSTOWER,27-May-2021,290,PE,0,0,0,44.25,44.85,0,0,0,0,19-APR-2021,
OPTSTK,INDUSTOWER,27-May-2021,295,PE,0,0,0,47.35,48.75,0,0,0,0,19-APR-2021,
OPTSTK,INDUSTOWER,27-May-2021,300,PE,0,0,0,50.6,52.75,0,0,0,0,19-APR-2021,
OPTSTK,INDUSTOWER,27-May-2021,305,PE,0,0,0,53.9,56.85,0,0,0,0,19-APR-2021,
OPTSTK,INDUSTOWER,27-May-2021,310,PE,0,0,0,57.35,61.05,0,0,0,0,19-APR-2021,
OPTSTK,INDUSTOWER,27-May-2021,315,PE,0,0,0,60.85,65.35,0,0,0,0,19-APR-2021,
OPTSTK,INDUSTOWER,27-May-2021,320,PE,0,0,0,64.4,69.75,0,0,0,0,19-APR-2021,
OPTSTK,INDUSTOWER,27-May-2021,325,PE,0,0,0,68.05,74.2,0,0,0,0,19-APR-2021,
OPTSTK,INDUSTOWER,24-Jun-2021,175,CE,0,0,0,73.1,81.55,0,0,0,0,19-APR-2021,
OPTSTK,INDUSTOWER,24-Jun-2021,180,CE,0,0,0,69.15,77.15,0,0,0,0,19-APR-2021,
OPTSTK,INDUSTOWER,24-Jun-2021,185,CE,0,0,0,65.4,72.9,0,0,0,0,19-APR-2021,
OPTSTK,INDUSTOWER,24-Jun-2021,190,CE,0,0,0,61.7,68.75,0,0,0,0,19-APR-2021,
OPTSTK,INDUSTOWER,24-Jun-2021,195,CE,0,0,0,58.2,64.7,0,0,0,0,19-APR-2021,
OPTSTK,INDUSTOWER,24-Jun-2021,200,CE,0,0,0,54.8,60.85,0,0,0,0,19-APR-2021,
OPTSTK,INDUSTOWER,24-Jun-2021,205,CE,0,0,0,51.5,57.1,0,0,0,0,19-APR-2021,
OPTSTK,INDUSTOWER,24-Jun-2021,210,CE,0,0,0,48.4,53.45,0,0,0,0,19-APR-2021,
OPTSTK,INDUSTOWER,24-Jun-2021,215,CE,0,0,0,45.4,50,0,0,0,0,19-APR-2021,
OPTSTK,INDUSTOWER,24-Jun-2021,220,CE,0,0,0,42.55,46.65,0,0,0,0,19-APR-2021,
OPTSTK,INDUSTOWER,24-Jun-2021,225,CE,0,0,0,39.85,43.45,0,0,0,0,19-APR-2021,
OPTSTK,INDUSTOWER,24-Jun-2021,230,CE,0,0,0,37.3,40.45,0,0,0,0,19-APR-2021,
OPTSTK,INDUSTOWER,24-Jun-2021,235,CE,0,0,0,34.85,37.6,0,0,0,0,19-APR-2021,
OPTSTK,INDUSTOWER,24-Jun-2021,240,CE,0,0,0,32.55,34.85,0,0,0,0,19-APR-2021,
OPTSTK,INDUSTOWER,24-Jun-2021,245,CE,0,0,0,30.35,32.3,0,0,0,0,19-APR-2021,
OPTSTK,INDUSTOWER,24-Jun-2021,250,CE,0,0,0,28.3,29.9,0,0,0,0,19-APR-2021,
OPTSTK,INDUSTOWER,24-Jun-2021,255,CE,0,0,0,26.35,27.6,0,0,0,0,19-APR-2021,
OPTSTK,INDUSTOWER,24-Jun-2021,260,CE,0,0,0,24.55,25.45,0,0,0,0,19-APR-2021,
OPTSTK,INDUSTOWER,24-Jun-2021,265,CE,0,0,0,22.85,23.45,0,0,0,0,19-APR-2021,
OPTSTK,INDUSTOWER,24-Jun-2021,270,CE,0,0,0,21.2,21.6,0,0,0,0,19-APR-2021,
OPTSTK,INDUSTOWER,24-Jun-2021,275,CE,0,0,0,19.7,19.85,0,0,0,0,19-APR-2021,
OPTSTK,INDUSTOWER,24-Jun-2021,280,CE,0,0,0,18.3,18.25,0,0,0,0,19-APR-2021,
OPTSTK,INDUSTOWER,24-Jun-2021,285,CE,0,0,0,16.95,16.75,0,0,0,0,19-APR-2021,
OPTSTK,INDUSTOWER,24-Jun-2021,290,CE,0,0,0,15.75,15.3,0,0,0,0,19-APR-2021,
OPTSTK,INDUSTOWER,24-Jun-2021,295,CE,0,0,0,14.6,14.05,0,0,0,0,19-APR-2021,
OPTSTK,INDUSTOWER,24-Jun-2021,300,CE,0,0,0,13.5,12.85,0,0,0,0,19-APR-2021,
OPTSTK,INDUSTOWER,24-Jun-2021,305,CE,0,0,0,12.5,11.75,0,0,0,0,19-APR-2021,
OPTSTK,INDUSTOWER,24-Jun-2021,310,CE,0,0,0,11.6,10.7,0,0,0,0,19-APR-2021,
OPTSTK,INDUSTOWER,24-Jun-2021,315,CE,0,0,0,10.75,9.8,0,0,0,0,19-APR-2021,
OPTSTK,INDUSTOWER,24-Jun-2021,320,CE,0,0,0,9.9,8.9,0,0,0,0,19-APR-2021,
OPTSTK,INDUSTOWER,24-Jun-2021,325,CE,0,0,0,9.15,8.1,0,0,0,0,19-APR-2021,
OPTSTK,INDUSTOWER,24-Jun-2021,175,PE,0,0,0,5.3,2.3,0,0,0,0,19-APR-2021,
OPTSTK,INDUSTOWER,24-Jun-2021,180,PE,0,0,0,6.35,2.9,0,0,0,0,19-APR-2021,
OPTSTK,INDUSTOWER,24-Jun-2021,185,PE,0,0,0,7.5,3.6,0,0,0,0,19-APR-2021,
OPTSTK,INDUSTOWER,24-Jun-2021,190,PE,0,0,0,8.8,4.4,0,0,0,0,19-APR-2021,
OPTSTK,INDUSTOWER,24-Jun-2021,195,PE,0,0,0,10.2,5.35,0,0,0,0,19-APR-2021,
OPTSTK,INDUSTOWER,24-Jun-2021,200,PE,0,0,0,11.75,6.45,0,0,0,0,19-APR-2021,
OPTSTK,INDUSTOWER,24-Jun-2021,205,PE,0,0,0,13.45,7.65,0,0,0,0,19-APR-2021,
OPTSTK,INDUSTOWER,24-Jun-2021,210,PE,0,0,0,15.3,9,0,0,0,0,19-APR-2021,
OPTSTK,INDUSTOWER,24-Jun-2021,215,PE,0,0,0,17.25,10.5,0,0,0,0,19-APR-2021,
OPTSTK,INDUSTOWER,24-Jun-2021,220,PE,0,0,0,19.35,12.1,0,0,0,0,19-APR-2021,
OPTSTK,INDUSTOWER,24-Jun-2021,225,PE,0,0,0,21.6,13.9,0,0,0,0,19-APR-2021,
OPTSTK,INDUSTOWER,24-Jun-2021,230,PE,0,0,0,24,15.85,0,0,0,0,19-APR-2021,
OPTSTK,INDUSTOWER,24-Jun-2021,235,PE,0,0,0,26.5,17.95,0,0,0,0,19-APR-2021,
OPTSTK,INDUSTOWER,24-Jun-2021,240,PE,0,0,0,29.15,20.2,0,0,0,0,19-APR-2021,
OPTSTK,INDUSTOWER,24-Jun-2021,245,PE,0,0,0,31.95,22.6,0,0,0,0,19-APR-2021,
OPTSTK,INDUSTOWER,24-Jun-2021,250,PE,0,0,0,34.85,25.15,0,0,0,0,19-APR-2021,
OPTSTK,INDUSTOWER,24-Jun-2021,255,PE,0,0,0,37.85,27.85,0,0,0,0,19-APR-2021,
OPTSTK,INDUSTOWER,24-Jun-2021,260,PE,0,0,0,41,30.65,0,0,0,0,19-APR-2021,
OPTSTK,INDUSTOWER,24-Jun-2021,265,PE,0,0,0,44.2,33.65,0,0,0,0,19-APR-2021,
OPTSTK,INDUSTOWER,24-Jun-2021,270,PE,0,0,0,47.55,36.75,0,0,0,0,19-APR-2021,
OPTSTK,INDUSTOWER,24-Jun-2021,275,PE,0,0,0,51,39.95,0,0,0,0,19-APR-2021,
OPTSTK,INDUSTOWER,24-Jun-2021,280,PE,0,0,0,54.55,43.3,0,0,0,0,19-APR-2021,
OPTSTK,INDUSTOWER,24-Jun-2021,285,PE,0,0,0,58.15,46.75,0,0,0,0,19-APR-2021,
OPTSTK,INDUSTOWER,24-Jun-2021,290,PE,0,0,0,61.9,50.3,0,0,0,0,19-APR-2021,
OPTSTK,INDUSTOWER,24-Jun-2021,295,PE,0,0,0,65.7,54,0,0,0,0,19-APR-2021,
OPTSTK,INDUSTOWER,24-Jun-2021,300,PE,0,0,0,69.6,57.75,0,0,0,0,19-APR-2021,
OPTSTK,INDUSTOWER,24-Jun-2021,305,PE,0,0,0,73.55,61.65,0,0,0,0,19-APR-2021,
OPTSTK,INDUSTOWER,24-Jun-2021,310,PE,0,0,0,77.55,65.55,0,0,0,0,19-APR-2021,
OPTSTK,INDUSTOWER,24-Jun-2021,315,PE,0,0,0,81.65,69.6,0,0,0,0,19-APR-2021,
OPTSTK,INDUSTOWER,24-Jun-2021,320,PE,0,0,0,85.8,73.7,0,0,0,0,19-APR-2021,
OPTSTK,INDUSTOWER,24-Jun-2021,325,PE,0,0,0,90,77.85,0,0,0,0,19-APR-2021,
OPTSTK,INFY,29-Apr-2021,800,CE,0,0,0,550,563.35,0,0,7200,0,19-APR-2021,
OPTSTK,INFY,29-Apr-2021,820,CE,0,0,0,464.95,543.4,0,0,0,0,19-APR-2021,
OPTSTK,INFY,29-Apr-2021,840,CE,0,0,0,445.6,523.4,0,0,0,0,19-APR-2021,
OPTSTK,INFY,29-Apr-2021,860,CE,0,0,0,426.4,503.4,0,0,0,0,19-APR-2021,
OPTSTK,INFY,29-Apr-2021,880,CE,0,0,0,407.3,483.45,0,0,0,0,19-APR-2021,
OPTSTK,INFY,29-Apr-2021,900,CE,0,0,0,471,463.45,0,0,1800,0,19-APR-2021,
OPTSTK,INFY,29-Apr-2021,920,CE,0,0,0,369.8,443.5,0,0,0,0,19-APR-2021,
OPTSTK,INFY,29-Apr-2021,940,CE,0,0,0,351.45,423.5,0,0,0,0,19-APR-2021,
OPTSTK,INFY,29-Apr-2021,960,CE,0,0,0,333.4,403.5,0,0,0,0,19-APR-2021,
OPTSTK,INFY,29-Apr-2021,980,CE,0,0,0,315.65,383.55,0,0,0,0,19-APR-2021,
OPTSTK,INFY,29-Apr-2021,1000,CE,361.85,361.85,361.85,361.85,363.55,1,8.17,3000,-600,19-APR-2021,
OPTSTK,INFY,29-Apr-2021,1020,CE,0,0,0,281.35,343.6,0,0,0,0,19-APR-2021,
OPTSTK,INFY,29-Apr-2021,1040,CE,0,0,0,264.85,323.6,0,0,0,0,19-APR-2021,
OPTSTK,INFY,29-Apr-2021,1060,CE,0,0,0,248.8,303.6,0,0,0,0,19-APR-2021,
OPTSTK,INFY,29-Apr-2021,1080,CE,0,0,0,290,283.65,0,0,4800,0,19-APR-2021,
OPTSTK,INFY,29-Apr-2021,1100,CE,0,0,0,254.5,263.65,0,0,12000,0,19-APR-2021,
OPTSTK,INFY,29-Apr-2021,1120,CE,0,0,0,203.9,243.7,0,0,0,0,19-APR-2021,
OPTSTK,INFY,29-Apr-2021,1140,CE,0,0,0,190,223.75,0,0,0,0,19-APR-2021,
OPTSTK,INFY,29-Apr-2021,1160,CE,0,0,0,220,203.9,0,0,600,0,19-APR-2021,
OPTSTK,INFY,29-Apr-2021,1180,CE,0,0,0,165.75,184.1,0,0,22800,0,19-APR-2021,
OPTSTK,INFY,29-Apr-2021,1200,CE,150,178.5,140,165.95,164.5,18,147.39,51000,-4200,19-APR-2021,
OPTSTK,INFY,29-Apr-2021,1220,CE,132.05,132.05,132.05,132.05,145.2,1,8.11,15600,0,19-APR-2021,
OPTSTK,INFY,29-Apr-2021,1240,CE,111,111,111,111,126.45,2,16.21,33600,-1200,19-APR-2021,
OPTSTK,INFY,29-Apr-2021,1260,CE,88.15,88.15,88.15,88.15,108.35,1,8.08,24000,-600,19-APR-2021,
OPTSTK,INFY,29-Apr-2021,1280,CE,73.65,99,73.65,98.9,91.2,21,172.21,9600,-1800,19-APR-2021,
OPTSTK,INFY,29-Apr-2021,1300,CE,50,84,49.65,69.7,69.7,1203,9883.49,1266000,-79800,19-APR-2021,
OPTSTK,INFY,29-Apr-2021,1320,CE,38.45,66.3,36.7,53.8,53.8,578,4750.49,99000,-40200,19-APR-2021,
OPTSTK,INFY,29-Apr-2021,1340,CE,29.05,51.35,23.45,39.8,39.8,4254,35161.05,478200,-181800,19-APR-2021,
OPTSTK,INFY,29-Apr-2021,1360,CE,19.2,38,17.2,28.35,28.35,12324,102652.76,1300200,-648600,19-APR-2021,
OPTSTK,INFY,29-Apr-2021,1380,CE,13.05,27.45,11.75,19.85,19.85,11618,97656.93,1187400,-259200,19-APR-2021,
OPTSTK,INFY,29-Apr-2021,1400,CE,11.85,19.45,8.1,14,14,19140,162415.03,3814200,-794400,19-APR-2021,
OPTSTK,INFY,29-Apr-2021,1420,CE,8,13.45,1.1,9.55,9.55,6082,52172.38,1837200,-175800,19-APR-2021,
OPTSTK,INFY,29-Apr-2021,1440,CE,6.3,9.55,3.35,6.85,6.85,5804,50393.77,2143200,-271800,19-APR-2021,
OPTSTK,INFY,29-Apr-2021,1460,CE,5,7.6,3.25,5.6,5.6,4340,38163.33,2008800,-331800,19-APR-2021,
OPTSTK,INFY,29-Apr-2021,1480,CE,4,6,2.1,4.45,4.45,2437,21705.46,1356000,-66000,19-APR-2021,
OPTSTK,INFY,29-Apr-2021,1500,CE,2.95,4.9,2,3.65,3.65,7822,70567.97,5101200,-443400,19-APR-2021,
OPTSTK,INFY,29-Apr-2021,1520,CE,2,3.8,1.55,2.8,2.8,1592,14546.31,627000,-68400,19-APR-2021,
OPTSTK,INFY,29-Apr-2021,1540,CE,1.9,3,1.2,2.25,2.25,934,8642.2,740400,-84600,19-APR-2021,
OPTSTK,INFY,29-Apr-2021,1560,CE,1.35,2.45,1.1,1.85,1.85,669,6269.2,700800,-9600,19-APR-2021,
OPTSTK,INFY,29-Apr-2021,1580,CE,1.1,2,0.9,1.55,1.55,374,3548.74,255000,-31800,19-APR-2021,
OPTSTK,INFY,29-Apr-2021,1600,CE,1,1.85,0.7,1.3,1.3,1769,16996.18,2100000,-229200,19-APR-2021,
OPTSTK,INFY,29-Apr-2021,1620,CE,1.05,1.55,0.8,1.3,1.3,190,1848.09,217800,-24600,19-APR-2021,
OPTSTK,INFY,29-Apr-2021,1640,CE,0.9,1.45,0.8,1.1,1.1,140,1378.49,108000,-19800,19-APR-2021,
OPTSTK,INFY,29-Apr-2021,1660,CE,0.8,4.15,0.7,1.2,1.2,81,807.35,90600,-7800,19-APR-2021,
OPTSTK,INFY,29-Apr-2021,1680,CE,0.8,1.25,0.75,1,1,38,383.25,49800,-1800,19-APR-2021,
OPTSTK,INFY,29-Apr-2021,1700,CE,1.1,1.1,0.55,0.95,0.95,330,3367.58,445200,-11400,19-APR-2021,
OPTSTK,INFY,29-Apr-2021,1720,CE,0.55,0.95,0.5,0.7,0.7,144,1486.73,223800,-10800,19-APR-2021,
OPTSTK,INFY,29-Apr-2021,800,PE,0,0,0,0.85,0,0,0,0,0,19-APR-2021,
OPTSTK,INFY,29-Apr-2021,820,PE,0,0,0,1.15,0,0,0,0,0,19-APR-2021,
OPTSTK,INFY,29-Apr-2021,840,PE,0,0,0,1.65,0,0,0,0,0,19-APR-2021,
OPTSTK,INFY,29-Apr-2021,860,PE,0,0,0,2.2,0,0,0,0,0,19-APR-2021,
OPTSTK,INFY,29-Apr-2021,880,PE,0,0,0,2.95,0,0,0,0,0,19-APR-2021,
OPTSTK,INFY,29-Apr-2021,900,PE,0,0,0,0.5,0,0,0,1200,0,19-APR-2021,
OPTSTK,INFY,29-Apr-2021,920,PE,0,0,0,5.1,0,0,0,0,0,19-APR-2021,
OPTSTK,INFY,29-Apr-2021,940,PE,0,0,0,6.55,0,0,0,0,0,19-APR-2021,
OPTSTK,INFY,29-Apr-2021,960,PE,0,0,0,8.3,0,0,0,0,0,19-APR-2021,
OPTSTK,INFY,29-Apr-2021,980,PE,0,0,0,10.4,0,0,0,0,0,19-APR-2021,
OPTSTK,INFY,29-Apr-2021,1000,PE,0.55,0.55,0.55,0.55,0,1,6,30600,0,19-APR-2021,
OPTSTK,INFY,29-Apr-2021,1020,PE,0,0,0,15.7,0,0,0,0,0,19-APR-2021,
OPTSTK,INFY,29-Apr-2021,1040,PE,0,0,0,19,0,0,0,0,0,19-APR-2021,
OPTSTK,INFY,29-Apr-2021,1060,PE,0,0,0,22.8,0,0,0,0,0,19-APR-2021,
OPTSTK,INFY,29-Apr-2021,1080,PE,0,0,0,3.85,0,0,0,600,0,19-APR-2021,
OPTSTK,INFY,29-Apr-2021,1100,PE,0.85,1.25,0.5,0.55,0.05,40,264.15,93000,3000,19-APR-2021,
OPTSTK,INFY,29-Apr-2021,1120,PE,0,0,0,37.3,0.05,0,0,0,0,19-APR-2021,
OPTSTK,INFY,29-Apr-2021,1140,PE,1,1,0.5,0.5,0.1,5,34.21,20400,-2400,19-APR-2021,
OPTSTK,INFY,29-Apr-2021,1160,PE,0,0,0,1.2,0.2,0,0,2400,0,19-APR-2021,
OPTSTK,INFY,29-Apr-2021,1180,PE,2,2.45,0.8,1.3,1.3,42,297.7,64200,-6600,19-APR-2021,
OPTSTK,INFY,29-Apr-2021,1200,PE,2.9,3.5,1.05,1.5,1.5,513,3699.39,523800,-69000,19-APR-2021,
OPTSTK,INFY,29-Apr-2021,1220,PE,4.5,4.5,1.15,1.55,1.55,577,4232.22,257400,7800,19-APR-2021,
OPTSTK,INFY,29-Apr-2021,1240,PE,3.2,4.5,1.6,2.05,2.05,1182,8814.38,376200,-64200,19-APR-2021,
OPTSTK,INFY,29-Apr-2021,1260,PE,5.15,7.45,2.1,2.8,2.8,2298,17429.8,525000,-86400,19-APR-2021,
OPTSTK,INFY,29-Apr-2021,1280,PE,8.75,9.25,2.95,4.1,4.1,2117,16328.4,517200,-48000,19-APR-2021,
OPTSTK,INFY,29-Apr-2021,1300,PE,11.5,14.55,4.65,6.65,6.65,6243,49002.38,2292000,-303600,19-APR-2021,
OPTSTK,INFY,29-Apr-2021,1320,PE,19.95,21.3,2.25,10.5,10.5,4687,37471.57,593400,-30000,19-APR-2021,
OPTSTK,INFY,29-Apr-2021,1340,PE,27.15,30.9,11.8,16.25,16.25,4553,37118.4,855600,-185400,19-APR-2021,
OPTSTK,INFY,29-Apr-2021,1360,PE,39.85,42.85,18.5,24.9,24.9,3791,31522.08,834000,-195600,19-APR-2021,
OPTSTK,INFY,29-Apr-2021,1380,PE,55.45,57.5,27.8,36.15,36.15,1489,12657.8,572400,-126600,19-APR-2021,
OPTSTK,INFY,29-Apr-2021,1400,PE,70,74.1,40,50.6,50.6,1316,11470.99,704400,-242400,19-APR-2021,
OPTSTK,INFY,29-Apr-2021,1420,PE,84.85,89.85,55,66.15,66.15,99,883.53,289800,-10200,19-APR-2021,
OPTSTK,INFY,29-Apr-2021,1440,PE,101.7,107.4,70.5,83.1,83.1,75,687.28,206400,-16800,19-APR-2021,
OPTSTK,INFY,29-Apr-2021,1460,PE,120.35,127.3,88.8,90.05,102.9,40,375.68,112800,-12000,19-APR-2021,
OPTSTK,INFY,29-Apr-2021,1480,PE,140.9,143,106.65,110,120.55,21,202.59,63600,-6000,19-APR-2021,
OPTSTK,INFY,29-Apr-2021,1500,PE,158,166.2,125.65,140.6,140.6,36,355.61,102000,-15600,19-APR-2021,
OPTSTK,INFY,29-Apr-2021,1520,PE,172.25,177.75,172.25,177.75,157.75,3,30.52,16200,-600,19-APR-2021,
OPTSTK,INFY,29-Apr-2021,1540,PE,0,0,0,179.7,177.05,0,0,10800,0,19-APR-2021,
OPTSTK,INFY,29-Apr-2021,1560,PE,0,0,0,214.35,196.55,0,0,2400,0,19-APR-2021,
OPTSTK,INFY,29-Apr-2021,1580,PE,0,0,0,139.45,216.25,0,0,1200,0,19-APR-2021,
OPTSTK,INFY,29-Apr-2021,1600,PE,0,0,0,237.8,236.1,0,0,1800,0,19-APR-2021,
OPTSTK,INFY,29-Apr-2021,1620,PE,0,0,0,203.95,256,0,0,600,0,19-APR-2021,
OPTSTK,INFY,29-Apr-2021,1640,PE,0,0,0,367.05,275.9,0,0,0,0,19-APR-2021,
OPTSTK,INFY,29-Apr-2021,1660,PE,0,0,0,384.9,295.85,0,0,0,0,19-APR-2021,
OPTSTK,INFY,29-Apr-2021,1680,PE,0,0,0,402.95,315.8,0,0,0,0,19-APR-2021,
OPTSTK,INFY,29-Apr-2021,1700,PE,0,0,0,421.2,335.8,0,0,0,0,19-APR-2021,
OPTSTK,INFY,29-Apr-2021,1720,PE,0,0,0,439.55,355.75,0,0,0,0,19-APR-2021,
OPTSTK,INFY,27-May-2021,800,CE,0,0,0,482.65,565.7,0,0,0,0,19-APR-2021,
OPTSTK,INFY,27-May-2021,820,CE,0,0,0,463.1,545.75,0,0,0,0,19-APR-2021,
OPTSTK,INFY,27-May-2021,840,CE,0,0,0,443.7,525.85,0,0,0,0,19-APR-2021,
OPTSTK,INFY,27-May-2021,860,CE,0,0,0,424.35,505.9,0,0,0,0,19-APR-2021,
OPTSTK,INFY,27-May-2021,880,CE,0,0,0,405.2,486,0,0,0,0,19-APR-2021,
OPTSTK,INFY,27-May-2021,900,CE,0,0,0,386.25,466.1,0,0,0,0,19-APR-2021,
OPTSTK,INFY,27-May-2021,920,CE,0,0,0,367.5,446.2,0,0,0,0,19-APR-2021,
OPTSTK,INFY,27-May-2021,940,CE,0,0,0,349,426.3,0,0,0,0,19-APR-2021,
OPTSTK,INFY,27-May-2021,960,CE,0,0,0,330.75,406.4,0,0,0,0,19-APR-2021,
OPTSTK,INFY,27-May-2021,980,CE,0,0,0,312.9,386.55,0,0,0,0,19-APR-2021,
OPTSTK,INFY,27-May-2021,1000,CE,0,0,0,295.35,366.8,0,0,0,0,19-APR-2021,
OPTSTK,INFY,27-May-2021,1020,CE,0,0,0,278.25,347.05,0,0,0,0,19-APR-2021,
OPTSTK,INFY,27-May-2021,1040,CE,0,0,0,261.55,327.4,0,0,0,0,19-APR-2021,
OPTSTK,INFY,27-May-2021,1060,CE,0,0,0,245.35,307.9,0,0,0,0,19-APR-2021,
OPTSTK,INFY,27-May-2021,1080,CE,0,0,0,229.7,288.6,0,0,0,0,19-APR-2021,
OPTSTK,INFY,27-May-2021,1100,CE,269.5,269.5,269.5,269.5,269.5,1,8.21,600,600,19-APR-2021,
OPTSTK,INFY,27-May-2021,1120,CE,0,0,0,200,250.7,0,0,0,0,19-APR-2021,
OPTSTK,INFY,27-May-2021,1140,CE,0,0,0,185.95,232.2,0,0,0,0,19-APR-2021,
OPTSTK,INFY,27-May-2021,1160,CE,0,0,0,172.55,214.2,0,0,0,0,19-APR-2021,
OPTSTK,INFY,27-May-2021,1180,CE,0,0,0,159.75,196.65,0,0,0,0,19-APR-2021,
OPTSTK,INFY,27-May-2021,1200,CE,157,157,157,157,179.7,1,8.14,4200,0,19-APR-2021,
OPTSTK,INFY,27-May-2021,1220,CE,0,0,0,136.1,163.4,0,0,0,0,19-APR-2021,
OPTSTK,INFY,27-May-2021,1240,CE,0,0,0,125.25,147.8,0,0,0,0,19-APR-2021,
OPTSTK,INFY,27-May-2021,1260,CE,0,0,0,115,133.05,0,0,0,0,19-APR-2021,
OPTSTK,INFY,27-May-2021,1280,CE,85.75,85.75,85.75,85.75,119.05,1,8.19,600,600,19-APR-2021,
OPTSTK,INFY,27-May-2021,1300,CE,79.5,102,79,92.6,92.6,48,401.18,57600,600,19-APR-2021,
OPTSTK,INFY,27-May-2021,1320,CE,0,0,0,88,93.8,0,0,0,0,19-APR-2021,
OPTSTK,INFY,27-May-2021,1340,CE,59,79,58,70.35,70.35,86,726.77,27600,-14400,19-APR-2021,
OPTSTK,INFY,27-May-2021,1360,CE,54.2,67,47,60.1,60.1,230,1957.76,99600,-12600,19-APR-2021,
OPTSTK,INFY,27-May-2021,1380,CE,42,57.3,22.3,51,51,112,962.03,172800,5400,19-APR-2021,
OPTSTK,INFY,27-May-2021,1400,CE,46.4,48.95,30.35,43,43,994,8602.17,476400,42000,19-APR-2021,
OPTSTK,INFY,27-May-2021,1420,CE,28,41.2,28,35.65,35.65,101,881.4,55800,-6000,19-APR-2021,
OPTSTK,INFY,27-May-2021,1440,CE,20.55,34,20.55,30.05,30.05,111,978.63,61200,7800,19-APR-2021,
OPTSTK,INFY,27-May-2021,1460,CE,20,28,18.5,25.7,25.7,177,1575.6,81600,13200,19-APR-2021,
OPTSTK,INFY,27-May-2021,1480,CE,15.65,22.85,15.25,20.15,20.15,88,791.5,57000,0,19-APR-2021,
OPTSTK,INFY,27-May-2021,1500,CE,12,19.2,11.9,16.45,16.45,636,5785.68,499800,18600,19-APR-2021,
OPTSTK,INFY,27-May-2021,1520,CE,13.25,15.6,10.7,13.8,13.8,58,533.75,43200,-10200,19-APR-2021,
OPTSTK,INFY,27-May-2021,1540,CE,9.6,12.4,9,12.4,17,16,148.81,10200,-2400,19-APR-2021,
OPTSTK,INFY,27-May-2021,1560,CE,10,10,10,10,14.1,1,9.42,600,600,19-APR-2021,
OPTSTK,INFY,27-May-2021,1580,CE,0,0,0,22.9,11.65,0,0,0,0,19-APR-2021,
OPTSTK,INFY,27-May-2021,1600,CE,6.5,8.5,6,7.2,7.2,206,1986.91,309600,16800,19-APR-2021,
OPTSTK,INFY,27-May-2021,1620,CE,0,0,0,18.2,7.8,0,0,0,0,19-APR-2021,
OPTSTK,INFY,27-May-2021,1640,CE,0,0,0,16.2,6.35,0,0,0,0,19-APR-2021,
OPTSTK,INFY,27-May-2021,1660,CE,0,0,0,14.35,5.15,0,0,0,0,19-APR-2021,
OPTSTK,INFY,27-May-2021,1680,CE,0,0,0,12.75,4.15,0,0,0,0,19-APR-2021,
OPTSTK,INFY,27-May-2021,1700,CE,5.15,5.15,3.15,3.85,3.85,115,1175.74,178800,29400,19-APR-2021,
OPTSTK,INFY,27-May-2021,1720,CE,0,0,0,10,2.65,0,0,0,0,19-APR-2021,
OPTSTK,INFY,27-May-2021,800,PE,0,0,0,0.65,0,0,0,0,0,19-APR-2021,
OPTSTK,INFY,27-May-2021,820,PE,0,0,0,0.95,0,0,0,0,0,19-APR-2021,
OPTSTK,INFY,27-May-2021,840,PE,0,0,0,1.3,0,0,0,0,0,19-APR-2021,
OPTSTK,INFY,27-May-2021,860,PE,0,0,0,1.8,0,0,0,0,0,19-APR-2021,
OPTSTK,INFY,27-May-2021,880,PE,0,0,0,2.5,0.05,0,0,0,0,19-APR-2021,
OPTSTK,INFY,27-May-2021,900,PE,0,0,0,3.3,0.05,0,0,0,0,19-APR-2021,
OPTSTK,INFY,27-May-2021,920,PE,0,0,0,4.4,0.05,0,0,0,0,19-APR-2021,
OPTSTK,INFY,27-May-2021,940,PE,0,0,0,5.7,0.1,0,0,0,0,19-APR-2021,
OPTSTK,INFY,27-May-2021,960,PE,0,0,0,7.3,0.15,0,0,0,0,19-APR-2021,
OPTSTK,INFY,27-May-2021,980,PE,0,0,0,9.2,0.2,0,0,0,0,19-APR-2021,
OPTSTK,INFY,27-May-2021,1000,PE,0,0,0,11.5,0.35,0,0,0,0,19-APR-2021,
OPTSTK,INFY,27-May-2021,1020,PE,0,0,0,14.2,0.5,0,0,0,0,19-APR-2021,
OPTSTK,INFY,27-May-2021,1040,PE,0,0,0,17.35,0.8,0,0,0,0,19-APR-2021,
OPTSTK,INFY,27-May-2021,1060,PE,0,0,0,20.95,1.25,0,0,0,0,19-APR-2021,
OPTSTK,INFY,27-May-2021,1080,PE,0,0,0,25.1,1.85,0,0,0,0,19-APR-2021,
OPTSTK,INFY,27-May-2021,1100,PE,3.5,3.95,3.5,3.5,3.5,9,59.59,13200,4200,19-APR-2021,
OPTSTK,INFY,27-May-2021,1120,PE,0,0,0,35,3.75,0,0,0,0,19-APR-2021,
OPTSTK,INFY,27-May-2021,1140,PE,0,0,0,40.8,5.25,0,0,0,0,19-APR-2021,
OPTSTK,INFY,27-May-2021,1160,PE,0,0,0,47.2,7.1,0,0,0,0,19-APR-2021,
OPTSTK,INFY,27-May-2021,1180,PE,0,0,0,54.25,9.5,0,0,0,0,19-APR-2021,
OPTSTK,INFY,27-May-2021,1200,PE,9.05,10,6.2,7.15,7.15,172,1246.39,123600,-4200,19-APR-2021,
OPTSTK,INFY,27-May-2021,1220,PE,0,0,0,70.2,16.1,0,0,0,0,19-APR-2021,
OPTSTK,INFY,27-May-2021,1240,PE,14.3,14.35,10.05,10.8,10.8,50,375.35,76800,-4200,19-APR-2021,
OPTSTK,INFY,27-May-2021,1260,PE,18.45,20,13.45,14.1,14.1,87,665.64,155400,-6600,19-APR-2021,
OPTSTK,INFY,27-May-2021,1280,PE,22.05,26,16.05,18.25,18.25,75,585.17,48000,-1800,19-APR-2021,
OPTSTK,INFY,27-May-2021,1300,PE,29.55,34.5,22,23.9,23.9,448,3563.22,329400,-27600,19-APR-2021,
OPTSTK,INFY,27-May-2021,1320,PE,36,42.05,27,30.75,30.75,71,575.67,49200,2400,19-APR-2021,
OPTSTK,INFY,27-May-2021,1340,PE,48.85,48.85,35.1,39.9,39.9,105,868.64,25800,-23400,19-APR-2021,
OPTSTK,INFY,27-May-2021,1360,PE,55,65.05,43.25,49.55,49.55,76,642.35,46800,11400,19-APR-2021,
OPTSTK,INFY,27-May-2021,1380,PE,71.9,75.55,52.85,60.5,60.5,65,561.16,40800,4800,19-APR-2021,
OPTSTK,INFY,27-May-2021,1400,PE,83,87,63,72.2,72.2,166,1464.67,249000,-33600,19-APR-2021,
OPTSTK,INFY,27-May-2021,1420,PE,0,0,0,186.4,98.8,0,0,0,0,19-APR-2021,
OPTSTK,INFY,27-May-2021,1440,PE,0,0,0,200.95,111.95,0,0,0,0,19-APR-2021,
OPTSTK,INFY,27-May-2021,1460,PE,104.2,104.2,104.2,104.2,125.9,1,9.38,600,600,19-APR-2021,
OPTSTK,INFY,27-May-2021,1480,PE,0,0,0,231.4,140.65,0,0,0,0,19-APR-2021,
OPTSTK,INFY,27-May-2021,1500,PE,0,0,0,155,156,0,0,3600,0,19-APR-2021,
OPTSTK,INFY,27-May-2021,1520,PE,0,0,0,263.3,171.95,0,0,0,0,19-APR-2021,
OPTSTK,INFY,27-May-2021,1540,PE,0,0,0,279.8,188.45,0,0,0,0,19-APR-2021,
OPTSTK,INFY,27-May-2021,1560,PE,0,0,0,296.55,205.5,0,0,0,0,19-APR-2021,
OPTSTK,INFY,27-May-2021,1580,PE,0,0,0,313.65,222.95,0,0,0,0,19-APR-2021,
OPTSTK,INFY,27-May-2021,1600,PE,0,0,0,331,240.8,0,0,0,0,19-APR-2021,
OPTSTK,INFY,27-May-2021,1620,PE,0,0,0,348.55,258.95,0,0,0,0,19-APR-2021,
OPTSTK,INFY,27-May-2021,1640,PE,0,0,0,366.35,277.4,0,0,0,0,19-APR-2021,
OPTSTK,INFY,27-May-2021,1660,PE,0,0,0,384.35,296.1,0,0,0,0,19-APR-2021,
OPTSTK,INFY,27-May-2021,1680,PE,0,0,0,402.55,315.05,0,0,0,0,19-APR-2021,
OPTSTK,INFY,27-May-2021,1700,PE,0,0,0,420.95,334.15,0,0,0,0,19-APR-2021,
OPTSTK,INFY,27-May-2021,1720,PE,0,0,0,439.45,353.4,0,0,0,0,19-APR-2021,
OPTSTK,INFY,24-Jun-2021,800,CE,0,0,0,541.55,568,0,0,0,0,19-APR-2021,
OPTSTK,INFY,24-Jun-2021,820,CE,0,0,0,521.85,548.15,0,0,0,0,19-APR-2021,
OPTSTK,INFY,24-Jun-2021,840,CE,0,0,0,502.25,528.35,0,0,0,0,19-APR-2021,
OPTSTK,INFY,24-Jun-2021,860,CE,0,0,0,482.7,508.5,0,0,0,0,19-APR-2021,
OPTSTK,INFY,24-Jun-2021,880,CE,0,0,0,463.25,488.75,0,0,0,0,19-APR-2021,
OPTSTK,INFY,24-Jun-2021,900,CE,0,0,0,443.9,469,0,0,0,0,19-APR-2021,
OPTSTK,INFY,24-Jun-2021,920,CE,0,0,0,424.65,449.3,0,0,0,0,19-APR-2021,
OPTSTK,INFY,24-Jun-2021,940,CE,0,0,0,405.6,429.65,0,0,0,0,19-APR-2021,
OPTSTK,INFY,24-Jun-2021,960,CE,0,0,0,386.75,410.15,0,0,0,0,19-APR-2021,
OPTSTK,INFY,24-Jun-2021,980,CE,0,0,0,368.15,390.7,0,0,0,0,19-APR-2021,
OPTSTK,INFY,24-Jun-2021,1000,CE,0,0,0,349.8,371.45,0,0,0,0,19-APR-2021,
OPTSTK,INFY,24-Jun-2021,1020,CE,0,0,0,331.75,352.35,0,0,0,0,19-APR-2021,
OPTSTK,INFY,24-Jun-2021,1040,CE,0,0,0,314,333.5,0,0,0,0,19-APR-2021,
OPTSTK,INFY,24-Jun-2021,1060,CE,0,0,0,296.65,314.9,0,0,0,0,19-APR-2021,
OPTSTK,INFY,24-Jun-2021,1080,CE,0,0,0,279.7,296.6,0,0,0,0,19-APR-2021,
OPTSTK,INFY,24-Jun-2021,1100,CE,0,0,0,263.2,278.7,0,0,0,0,19-APR-2021,
OPTSTK,INFY,24-Jun-2021,1120,CE,0,0,0,247.2,261.15,0,0,0,0,19-APR-2021,
OPTSTK,INFY,24-Jun-2021,1140,CE,0,0,0,231.65,244.05,0,0,0,0,19-APR-2021,
OPTSTK,INFY,24-Jun-2021,1160,CE,0,0,0,216.7,227.45,0,0,0,0,19-APR-2021,
OPTSTK,INFY,24-Jun-2021,1180,CE,0,0,0,202.25,211.35,0,0,0,0,19-APR-2021,
OPTSTK,INFY,24-Jun-2021,1200,CE,0,0,0,188.35,195.85,0,0,0,0,19-APR-2021,
OPTSTK,INFY,24-Jun-2021,1220,CE,0,0,0,175.05,181,0,0,0,0,19-APR-2021,
OPTSTK,INFY,24-Jun-2021,1240,CE,0,0,0,162.35,166.75,0,0,0,0,19-APR-2021,
OPTSTK,INFY,24-Jun-2021,1260,CE,0,0,0,150.3,153.1,0,0,0,0,19-APR-2021,
OPTSTK,INFY,24-Jun-2021,1280,CE,0,0,0,138.85,140.25,0,0,0,0,19-APR-2021,
OPTSTK,INFY,24-Jun-2021,1300,CE,0,0,0,128.05,128.05,0,0,0,0,19-APR-2021,
OPTSTK,INFY,24-Jun-2021,1320,CE,0,0,0,117.85,116.6,0,0,0,0,19-APR-2021,
OPTSTK,INFY,24-Jun-2021,1340,CE,0,0,0,108.2,105.85,0,0,0,0,19-APR-2021,
OPTSTK,INFY,24-Jun-2021,1360,CE,0,0,0,99.2,95.8,0,0,0,0,19-APR-2021,
OPTSTK,INFY,24-Jun-2021,1380,CE,0,0,0,90.75,86.45,0,0,0,0,19-APR-2021,
OPTSTK,INFY,24-Jun-2021,1400,CE,60.05,61,58,58,77.8,6,52.55,3600,3600,19-APR-2021,
OPTSTK,INFY,24-Jun-2021,1420,CE,0,0,0,75.55,69.85,0,0,0,0,19-APR-2021,
OPTSTK,INFY,24-Jun-2021,1440,CE,0,0,0,68.75,62.5,0,0,0,0,19-APR-2021,
OPTSTK,INFY,24-Jun-2021,1460,CE,38.05,40,38.05,40,55.75,3,26.98,24600,600,19-APR-2021,
OPTSTK,INFY,24-Jun-2021,1480,CE,0,0,0,56.65,49.6,0,0,0,0,19-APR-2021,
OPTSTK,INFY,24-Jun-2021,1500,CE,24.65,29.1,24.65,29.05,29.05,5,45.84,13200,3000,19-APR-2021,
OPTSTK,INFY,24-Jun-2021,1520,CE,0,0,0,46.4,39.05,0,0,0,0,19-APR-2021,
OPTSTK,INFY,24-Jun-2021,1540,CE,0,0,0,41.9,34.5,0,0,0,0,19-APR-2021,
OPTSTK,INFY,24-Jun-2021,1560,CE,0,0,0,37.75,30.35,0,0,0,0,19-APR-2021,
OPTSTK,INFY,24-Jun-2021,1580,CE,0,0,0,33.95,26.7,0,0,0,0,19-APR-2021,
OPTSTK,INFY,24-Jun-2021,1600,CE,16.5,18.5,14,15.85,15.85,10,96.98,18000,4800,19-APR-2021,
OPTSTK,INFY,24-Jun-2021,1620,CE,0,0,0,27.35,20.45,0,0,0,0,19-APR-2021,
OPTSTK,INFY,24-Jun-2021,1640,CE,0,0,0,24.5,17.85,0,0,0,0,19-APR-2021,
OPTSTK,INFY,24-Jun-2021,1660,CE,0,0,0,21.95,15.55,0,0,0,0,19-APR-2021,
OPTSTK,INFY,24-Jun-2021,1680,CE,0,0,0,19.6,13.5,0,0,0,0,19-APR-2021,
OPTSTK,INFY,24-Jun-2021,1700,CE,0,0,0,17.5,11.7,0,0,0,0,19-APR-2021,
OPTSTK,INFY,24-Jun-2021,1720,CE,0,0,0,16.65,10.15,0,0,600,0,19-APR-2021,
OPTSTK,INFY,24-Jun-2021,800,PE,0,0,0,0.3,0.05,0,0,0,0,19-APR-2021,
OPTSTK,INFY,24-Jun-2021,820,PE,0,0,0,0.45,0.05,0,0,0,0,19-APR-2021,
OPTSTK,INFY,24-Jun-2021,840,PE,0,0,0,0.6,0.1,0,0,0,0,19-APR-2021,
OPTSTK,INFY,24-Jun-2021,860,PE,0,0,0,0.9,0.15,0,0,0,0,19-APR-2021,
OPTSTK,INFY,24-Jun-2021,880,PE,0,0,0,1.25,0.25,0,0,0,0,19-APR-2021,
OPTSTK,INFY,24-Jun-2021,900,PE,0,0,0,1.7,0.35,0,0,0,0,19-APR-2021,
OPTSTK,INFY,24-Jun-2021,920,PE,0,0,0,2.3,0.5,0,0,0,0,19-APR-2021,
OPTSTK,INFY,24-Jun-2021,940,PE,0,0,0,3.1,0.75,0,0,0,0,19-APR-2021,
OPTSTK,INFY,24-Jun-2021,960,PE,0,0,0,4.05,1.1,0,0,0,0,19-APR-2021,
OPTSTK,INFY,24-Jun-2021,980,PE,0,0,0,5.25,1.55,0,0,0,0,19-APR-2021,
OPTSTK,INFY,24-Jun-2021,1000,PE,0,0,0,6.7,2.15,0,0,0,0,19-APR-2021,
OPTSTK,INFY,24-Jun-2021,1020,PE,0,0,0,8.45,2.95,0,0,0,0,19-APR-2021,
OPTSTK,INFY,24-Jun-2021,1040,PE,0,0,0,10.55,3.95,0,0,0,0,19-APR-2021,
OPTSTK,INFY,24-Jun-2021,1060,PE,0,0,0,13,5.2,0,0,0,0,19-APR-2021,
OPTSTK,INFY,24-Jun-2021,1080,PE,0,0,0,15.85,6.75,0,0,0,0,19-APR-2021,
OPTSTK,INFY,24-Jun-2021,1100,PE,0,0,0,6,8.7,0,0,600,0,19-APR-2021,
OPTSTK,INFY,24-Jun-2021,1120,PE,0,0,0,22.95,11,0,0,0,0,19-APR-2021,
OPTSTK,INFY,24-Jun-2021,1140,PE,0,0,0,27.25,13.8,0,0,0,0,19-APR-2021,
OPTSTK,INFY,24-Jun-2021,1160,PE,0,0,0,32.1,17.05,0,0,0,0,19-APR-2021,
OPTSTK,INFY,24-Jun-2021,1180,PE,0,0,0,37.45,20.85,0,0,0,0,19-APR-2021,
OPTSTK,INFY,24-Jun-2021,1200,PE,0,0,0,43.4,25.2,0,0,0,0,19-APR-2021,
OPTSTK,INFY,24-Jun-2021,1220,PE,0,0,0,49.9,30.2,0,0,0,0,19-APR-2021,
OPTSTK,INFY,24-Jun-2021,1240,PE,0,0,0,57.05,35.85,0,0,0,0,19-APR-2021,
OPTSTK,INFY,24-Jun-2021,1260,PE,0,0,0,64.8,42.05,0,0,0,0,19-APR-2021,
OPTSTK,INFY,24-Jun-2021,1280,PE,0,0,0,33,49.05,0,0,600,0,19-APR-2021,
OPTSTK,INFY,24-Jun-2021,1300,PE,43,45,35,38.5,38.5,15,120.61,22800,1200,19-APR-2021,
OPTSTK,INFY,24-Jun-2021,1320,PE,0,0,0,91.75,65.15,0,0,0,0,19-APR-2021,
OPTSTK,INFY,24-Jun-2021,1340,PE,0,0,0,101.95,74.25,0,0,0,0,19-APR-2021,
OPTSTK,INFY,24-Jun-2021,1360,PE,0,0,0,112.75,84.05,0,0,0,0,19-APR-2021,
OPTSTK,INFY,24-Jun-2021,1380,PE,0,0,0,124.1,94.6,0,0,0,0,19-APR-2021,
OPTSTK,INFY,24-Jun-2021,1400,PE,90.05,95.05,90.05,95.05,105.8,2,17.91,5400,600,19-APR-2021,
OPTSTK,INFY,24-Jun-2021,1420,PE,0,0,0,148.55,117.7,0,0,0,0,19-APR-2021,
OPTSTK,INFY,24-Jun-2021,1440,PE,0,0,0,161.55,130.2,0,0,0,0,19-APR-2021,
OPTSTK,INFY,24-Jun-2021,1460,PE,0,0,0,175.05,143.35,0,0,0,0,19-APR-2021,
OPTSTK,INFY,24-Jun-2021,1480,PE,0,0,0,189.05,157.05,0,0,0,0,19-APR-2021,
OPTSTK,INFY,24-Jun-2021,1500,PE,0,0,0,203.5,171.35,0,0,0,0,19-APR-2021,
OPTSTK,INFY,24-Jun-2021,1520,PE,0,0,0,218.45,186.25,0,0,0,0,19-APR-2021,
OPTSTK,INFY,24-Jun-2021,1540,PE,0,0,0,233.75,201.55,0,0,0,0,19-APR-2021,
OPTSTK,INFY,24-Jun-2021,1560,PE,0,0,0,249.45,217.3,0,0,0,0,19-APR-2021,
OPTSTK,INFY,24-Jun-2021,1580,PE,0,0,0,265.45,233.45,0,0,0,0,19-APR-2021,
OPTSTK,INFY,24-Jun-2021,1600,PE,0,0,0,281.8,250.05,0,0,0,0,19-APR-2021,
OPTSTK,INFY,24-Jun-2021,1620,PE,0,0,0,298.5,266.95,0,0,0,0,19-APR-2021,
OPTSTK,INFY,24-Jun-2021,1640,PE,0,0,0,315.45,284.25,0,0,0,0,19-APR-2021,
OPTSTK,INFY,24-Jun-2021,1660,PE,0,0,0,332.7,301.8,0,0,0,0,19-APR-2021,
OPTSTK,INFY,24-Jun-2021,1680,PE,0,0,0,350.15,319.6,0,0,0,0,19-APR-2021,
OPTSTK,INFY,24-Jun-2021,1700,PE,0,0,0,367.85,337.7,0,0,0,0,19-APR-2021,
OPTSTK,INFY,24-Jun-2021,1720,PE,0,0,0,385.8,355.95,0,0,0,0,19-APR-2021,
OPTSTK,IOC,29-Apr-2021,47.5,CE,0,0,0,38.15,40.65,0,0,0,0,19-APR-2021,
OPTSTK,IOC,29-Apr-2021,48.5,CE,0,0,0,37.15,39.65,0,0,0,0,19-APR-2021,
OPTSTK,IOC,29-Apr-2021,49.5,CE,0,0,0,36.2,38.65,0,0,0,0,19-APR-2021,
OPTSTK,IOC,29-Apr-2021,50.5,CE,0,0,0,35.2,37.65,0,0,0,0,19-APR-2021,
OPTSTK,IOC,29-Apr-2021,51.5,CE,0,0,0,34.2,36.65,0,0,0,0,19-APR-2021,
OPTSTK,IOC,29-Apr-2021,52.5,CE,0,0,0,33.25,35.65,0,0,0,0,19-APR-2021,
OPTSTK,IOC,29-Apr-2021,53.5,CE,0,0,0,32.25,34.65,0,0,0,0,19-APR-2021,
OPTSTK,IOC,29-Apr-2021,54.5,CE,0,0,0,31.3,33.65,0,0,0,0,19-APR-2021,
OPTSTK,IOC,29-Apr-2021,55.5,CE,0,0,0,30.35,32.7,0,0,0,0,19-APR-2021,
OPTSTK,IOC,29-Apr-2021,56.5,CE,0,0,0,29.4,31.7,0,0,0,0,19-APR-2021,
OPTSTK,IOC,29-Apr-2021,57.5,CE,0,0,0,28.45,30.7,0,0,0,0,19-APR-2021,
OPTSTK,IOC,29-Apr-2021,58.5,CE,0,0,0,27.5,29.7,0,0,0,0,19-APR-2021,
OPTSTK,IOC,29-Apr-2021,59.5,CE,0,0,0,26.55,28.7,0,0,0,0,19-APR-2021,
OPTSTK,IOC,29-Apr-2021,60.5,CE,0,0,0,25.6,27.7,0,0,0,0,19-APR-2021,
OPTSTK,IOC,29-Apr-2021,61.5,CE,0,0,0,24.7,26.7,0,0,0,0,19-APR-2021,
OPTSTK,IOC,29-Apr-2021,62.5,CE,0,0,0,23.8,25.7,0,0,0,0,19-APR-2021,
OPTSTK,IOC,29-Apr-2021,63.5,CE,0,0,0,22.9,24.7,0,0,0,0,19-APR-2021,
OPTSTK,IOC,29-Apr-2021,64.5,CE,0,0,0,22,23.7,0,0,0,0,19-APR-2021,
OPTSTK,IOC,29-Apr-2021,65.5,CE,0,0,0,21.15,22.7,0,0,0,0,19-APR-2021,
OPTSTK,IOC,29-Apr-2021,66.5,CE,0,0,0,20.25,21.7,0,0,0,0,19-APR-2021,
OPTSTK,IOC,29-Apr-2021,67,CE,0,0,0,31.35,21.2,0,0,0,0,19-APR-2021,
OPTSTK,IOC,29-Apr-2021,67.5,CE,0,0,0,19.4,20.7,0,0,0,0,19-APR-2021,
OPTSTK,IOC,29-Apr-2021,68,CE,0,0,0,30.4,20.2,0,0,0,0,19-APR-2021,
OPTSTK,IOC,29-Apr-2021,68.5,CE,0,0,0,18.6,19.7,0,0,0,0,19-APR-2021,
OPTSTK,IOC,29-Apr-2021,69,CE,0,0,0,29.45,19.2,0,0,0,0,19-APR-2021,
OPTSTK,IOC,29-Apr-2021,69.5,CE,0,0,0,17.8,18.7,0,0,0,0,19-APR-2021,
OPTSTK,IOC,29-Apr-2021,70,CE,0,0,0,28.5,18.2,0,0,0,0,19-APR-2021,
OPTSTK,IOC,29-Apr-2021,70.5,CE,0,0,0,17,17.7,0,0,0,0,19-APR-2021,
OPTSTK,IOC,29-Apr-2021,71,CE,0,0,0,27.55,17.2,0,0,0,0,19-APR-2021,
OPTSTK,IOC,29-Apr-2021,71.5,CE,0,0,0,16.2,16.7,0,0,0,0,19-APR-2021,
OPTSTK,IOC,29-Apr-2021,72,CE,0,0,0,26.6,16.2,0,0,0,0,19-APR-2021,
OPTSTK,IOC,29-Apr-2021,72.5,CE,0,0,0,15.45,15.7,0,0,0,0,19-APR-2021,
OPTSTK,IOC,29-Apr-2021,73,CE,0,0,0,25.65,15.2,0,0,0,0,19-APR-2021,
OPTSTK,IOC,29-Apr-2021,73.5,CE,0,0,0,14.75,14.7,0,0,0,0,19-APR-2021,
OPTSTK,IOC,29-Apr-2021,74,CE,0,0,0,24.75,14.2,0,0,0,0,19-APR-2021,
OPTSTK,IOC,29-Apr-2021,74.5,CE,0,0,0,14,13.7,0,0,0,0,19-APR-2021,
OPTSTK,IOC,29-Apr-2021,75,CE,0,0,0,23.8,13.2,0,0,0,0,19-APR-2021,
OPTSTK,IOC,29-Apr-2021,75.5,CE,0,0,0,13.3,12.7,0,0,0,0,19-APR-2021,
OPTSTK,IOC,29-Apr-2021,76,CE,0,0,0,22.9,12.2,0,0,0,0,19-APR-2021,
OPTSTK,IOC,29-Apr-2021,76.5,CE,0,0,0,12.65,11.7,0,0,0,0,19-APR-2021,
OPTSTK,IOC,29-Apr-2021,77,CE,0,0,0,22.05,11.25,0,0,0,0,19-APR-2021,
OPTSTK,IOC,29-Apr-2021,77.5,CE,0,0,0,12,10.75,0,0,0,0,19-APR-2021,
OPTSTK,IOC,29-Apr-2021,78,CE,0,0,0,21.15,10.25,0,0,0,0,19-APR-2021,
OPTSTK,IOC,29-Apr-2021,78.5,CE,0,0,0,11.35,9.8,0,0,0,0,19-APR-2021,
OPTSTK,IOC,29-Apr-2021,79,CE,0,0,0,20.3,9.3,0,0,0,0,19-APR-2021,
OPTSTK,IOC,29-Apr-2021,79.5,CE,0,0,0,10.75,8.85,0,0,0,0,19-APR-2021,
OPTSTK,IOC,29-Apr-2021,80,CE,0,0,0,19.45,8.35,0,0,0,0,19-APR-2021,
OPTSTK,IOC,29-Apr-2021,80.5,CE,0,0,0,10.15,7.9,0,0,0,0,19-APR-2021,
OPTSTK,IOC,29-Apr-2021,81,CE,0,0,0,18.6,7.45,0,0,0,0,19-APR-2021,
OPTSTK,IOC,29-Apr-2021,81.5,CE,0,0,0,9.6,7,0,0,0,0,19-APR-2021,
OPTSTK,IOC,29-Apr-2021,82,CE,0,0,0,17.8,6.55,0,0,0,0,19-APR-2021,
OPTSTK,IOC,29-Apr-2021,82.5,CE,0,0,0,9.05,6.15,0,0,0,0,19-APR-2021,
OPTSTK,IOC,29-Apr-2021,83,CE,0,0,0,17,5.75,0,0,0,0,19-APR-2021,
OPTSTK,IOC,29-Apr-2021,83.5,CE,0,0,0,8.55,5.3,0,0,0,0,19-APR-2021,
OPTSTK,IOC,29-Apr-2021,84,CE,0,0,0,16.2,4.95,0,0,0,0,19-APR-2021,
OPTSTK,IOC,29-Apr-2021,84.5,CE,0,0,0,8.05,4.55,0,0,0,0,19-APR-2021,
OPTSTK,IOC,29-Apr-2021,85,CE,4.95,5,3,3.8,3.8,44,252.92,227500,19500,19-APR-2021,
OPTSTK,IOC,29-Apr-2021,85.5,CE,0,0,0,7.55,3.85,0,0,0,0,19-APR-2021,
OPTSTK,IOC,29-Apr-2021,86,CE,0,0,0,14.7,3.55,0,0,0,0,19-APR-2021,
OPTSTK,IOC,29-Apr-2021,86.5,CE,0,0,0,7.1,3.2,0,0,0,0,19-APR-2021,
OPTSTK,IOC,29-Apr-2021,87,CE,2,2.6,1.8,2.45,2.45,58,335.76,156000,84500,19-APR-2021,
OPTSTK,IOC,29-Apr-2021,87.5,CE,2.1,2.1,1.6,2.1,2.1,52,301.9,169000,169000,19-APR-2021,
OPTSTK,IOC,29-Apr-2021,88,CE,1.75,1.85,1.4,1.8,1.8,184,1072.36,214500,110500,19-APR-2021,
OPTSTK,IOC,29-Apr-2021,88.5,CE,1.2,1.55,1.2,1.2,2.15,17,99.43,58500,6500,19-APR-2021,
OPTSTK,IOC,29-Apr-2021,89,CE,1.25,1.4,1.1,1.35,1.35,84,492.75,240500,130000,19-APR-2021,
OPTSTK,IOC,29-Apr-2021,89.5,CE,1.1,1.25,1,1,1.7,15,88.28,58500,39000,19-APR-2021,
OPTSTK,IOC,29-Apr-2021,90,CE,1.2,1.3,0.85,1.05,1.05,1071,6334.34,2444000,617500,19-APR-2021,
OPTSTK,IOC,29-Apr-2021,90.5,CE,0,0,0,5.5,1.35,0,0,0,0,19-APR-2021,
OPTSTK,IOC,29-Apr-2021,91,CE,1,1.05,0.7,0.8,0.8,150,894.92,572000,58500,19-APR-2021,
OPTSTK,IOC,29-Apr-2021,91.5,CE,0.65,1.5,0.6,0.75,0.75,22,131.87,162500,-13000,19-APR-2021,
OPTSTK,IOC,29-Apr-2021,92,CE,1,1,0.55,0.65,0.65,216,1300.65,1196000,-201500,19-APR-2021,
OPTSTK,IOC,29-Apr-2021,92.5,CE,0.6,0.65,0.5,0.55,0.8,19,114.92,442000,6500,19-APR-2021,
OPTSTK,IOC,29-Apr-2021,93,CE,0.6,0.6,0.45,0.5,0.5,85,516.61,708500,-97500,19-APR-2021,
OPTSTK,IOC,29-Apr-2021,93.5,CE,0,0,0,1.05,0.6,0,0,162500,0,19-APR-2021,
OPTSTK,IOC,29-Apr-2021,94,CE,0.6,0.6,0.35,0.4,0.4,58,355.93,624000,0,19-APR-2021,
OPTSTK,IOC,29-Apr-2021,94.5,CE,0.35,0.75,0.35,0.4,0.45,6,37.02,78000,-13000,19-APR-2021,
OPTSTK,IOC,29-Apr-2021,95,CE,0.45,0.5,0.3,0.35,0.35,565,3501.8,4485000,-143000,19-APR-2021,
OPTSTK,IOC,29-Apr-2021,95.5,CE,0.4,0.4,0.25,0.25,0.35,6,37.37,117000,13000,19-APR-2021,
OPTSTK,IOC,29-Apr-2021,96,CE,0.25,0.35,0.2,0.3,0.3,32,200.28,383500,-52000,19-APR-2021,
OPTSTK,IOC,29-Apr-2021,96.5,CE,0,0,0,0.55,0.25,0,0,39000,0,19-APR-2021,
OPTSTK,IOC,29-Apr-2021,97,CE,0.2,0.25,0.2,0.25,0.25,14,88.48,474500,-26000,19-APR-2021,
OPTSTK,IOC,29-Apr-2021,97.5,CE,0.4,0.4,0.2,0.25,0.25,17,108.01,273000,-13000,19-APR-2021,
OPTSTK,IOC,29-Apr-2021,98,CE,0.25,0.25,0.2,0.2,0.2,20,127.68,520000,-58500,19-APR-2021,
OPTSTK,IOC,29-Apr-2021,98.5,CE,0.15,0.15,0.15,0.15,0.15,1,6.41,13000,0,19-APR-2021,
OPTSTK,IOC,29-Apr-2021,99,CE,0.3,0.3,0.2,0.25,0.25,4,25.8,312000,6500,19-APR-2021,
OPTSTK,IOC,29-Apr-2021,99.5,CE,0,0,0,2.9,0.1,0,0,0,0,19-APR-2021,
OPTSTK,IOC,29-Apr-2021,100,CE,0.2,0.25,0.15,0.15,0.15,442,2878.21,7163000,19500,19-APR-2021,
OPTSTK,IOC,29-Apr-2021,100.5,CE,0,0,0,0.4,0.05,0,0,97500,0,19-APR-2021,
OPTSTK,IOC,29-Apr-2021,101,CE,0.15,0.15,0.15,0.15,0.05,1,6.57,266500,-6500,19-APR-2021,
OPTSTK,IOC,29-Apr-2021,101.5,CE,0,0,0,0.25,0.05,0,0,84500,0,19-APR-2021,
OPTSTK,IOC,29-Apr-2021,102,CE,0.1,0.35,0.1,0.1,0.1,14,92.95,442000,-58500,19-APR-2021,
OPTSTK,IOC,29-Apr-2021,102.5,CE,0.15,0.15,0.15,0.15,0.05,13,86.73,182000,-19500,19-APR-2021,
OPTSTK,IOC,29-Apr-2021,103,CE,0.15,0.15,0.1,0.1,0.05,2,13.4,117000,-6500,19-APR-2021,
OPTSTK,IOC,29-Apr-2021,103.5,CE,1.7,1.7,0.1,0.1,0.05,4,27.13,32500,0,19-APR-2021,
OPTSTK,IOC,29-Apr-2021,104,CE,0,0,0,0.3,0.05,0,0,58500,0,19-APR-2021,
OPTSTK,IOC,29-Apr-2021,104.5,CE,0,0,0,0.4,0.05,0,0,123500,0,19-APR-2021,
OPTSTK,IOC,29-Apr-2021,105,CE,0.1,0.15,0.1,0.15,0.15,98,669.6,2385500,-201500,19-APR-2021,
OPTSTK,IOC,29-Apr-2021,105.5,CE,0,0,0,1.85,0.05,0,0,0,0,19-APR-2021,
OPTSTK,IOC,29-Apr-2021,106,CE,0,0,0,0.25,0,0,0,97500,0,19-APR-2021,
OPTSTK,IOC,29-Apr-2021,106.5,CE,0,0,0,0.2,0,0,0,13000,0,19-APR-2021,
OPTSTK,IOC,29-Apr-2021,107,CE,0,0,0,4.05,0,0,0,0,0,19-APR-2021,
OPTSTK,IOC,29-Apr-2021,107.5,CE,0,0,0,0.1,0,0,0,65000,0,19-APR-2021,
OPTSTK,IOC,29-Apr-2021,108,CE,0,0,0,3.75,0,0,0,0,0,19-APR-2021,
OPTSTK,IOC,29-Apr-2021,108.5,CE,0,0,0,5.05,0,0,0,32500,0,19-APR-2021,
OPTSTK,IOC,29-Apr-2021,109,CE,0,0,0,0.1,0,0,0,39000,0,19-APR-2021,
OPTSTK,IOC,29-Apr-2021,109.5,CE,0,0,0,0.15,0,0,0,13000,0,19-APR-2021,
OPTSTK,IOC,29-Apr-2021,110,CE,0.05,0.1,0.05,0.1,0.1,120,858.56,2418000,-500500,19-APR-2021,
OPTSTK,IOC,29-Apr-2021,110.5,CE,0,0,0,1.25,0,0,0,0,0,19-APR-2021,
OPTSTK,IOC,29-Apr-2021,111,CE,0,0,0,3,0,0,0,0,0,19-APR-2021,
OPTSTK,IOC,29-Apr-2021,111.5,CE,0,0,0,1.15,0,0,0,0,0,19-APR-2021,
OPTSTK,IOC,29-Apr-2021,112,CE,0,0,0,1.4,0,0,0,6500,0,19-APR-2021,
OPTSTK,IOC,29-Apr-2021,112.5,CE,0,0,0,0.3,0,0,0,13000,0,19-APR-2021,
OPTSTK,IOC,29-Apr-2021,113,CE,0,0,0,2.6,0,0,0,0,0,19-APR-2021,
OPTSTK,IOC,29-Apr-2021,113.5,CE,0,0,0,0.95,0,0,0,0,0,19-APR-2021,
OPTSTK,IOC,29-Apr-2021,114,CE,0,0,0,2.4,0,0,0,0,0,19-APR-2021,
OPTSTK,IOC,29-Apr-2021,114.5,CE,0,0,0,0.9,0,0,0,0,0,19-APR-2021,
OPTSTK,IOC,29-Apr-2021,115,CE,0.05,0.1,0.05,0.1,0.1,37,276.69,715000,-143000,19-APR-2021,
OPTSTK,IOC,29-Apr-2021,115.5,CE,0,0,0,0.8,0,0,0,0,0,19-APR-2021,
OPTSTK,IOC,29-Apr-2021,116,CE,0,0,0,2.05,0,0,0,0,0,19-APR-2021,
OPTSTK,IOC,29-Apr-2021,117,CE,0,0,0,1.9,0,0,0,0,0,19-APR-2021,
OPTSTK,IOC,29-Apr-2021,118,CE,0,0,0,1.75,0,0,0,0,0,19-APR-2021,
OPTSTK,IOC,29-Apr-2021,119,CE,0,0,0,1.6,0,0,0,0,0,19-APR-2021,
OPTSTK,IOC,29-Apr-2021,120,CE,0.05,0.05,0.05,0.05,0,25,195.08,539500,-45500,19-APR-2021,
OPTSTK,IOC,29-Apr-2021,121,CE,0,0,0,1.35,0,0,0,0,0,19-APR-2021,
OPTSTK,IOC,29-Apr-2021,122,CE,0,0,0,0.75,0,0,0,0,0,19-APR-2021,
OPTSTK,IOC,29-Apr-2021,123,CE,0,0,0,0.05,0,0,0,19500,0,19-APR-2021,
OPTSTK,IOC,29-Apr-2021,47.5,PE,0,0,0,0.05,0,0,0,19500,0,19-APR-2021,
OPTSTK,IOC,29-Apr-2021,48.5,PE,0,0,0,0.05,0,0,0,0,0,19-APR-2021,
OPTSTK,IOC,29-Apr-2021,49.5,PE,0,0,0,0.05,0,0,0,0,0,19-APR-2021,
OPTSTK,IOC,29-Apr-2021,50.5,PE,0,0,0,0.05,0,0,0,0,0,19-APR-2021,
OPTSTK,IOC,29-Apr-2021,51.5,PE,0,0,0,0.05,0,0,0,0,0,19-APR-2021,
OPTSTK,IOC,29-Apr-2021,52.5,PE,0,0,0,0.1,0,0,0,0,0,19-APR-2021,
OPTSTK,IOC,29-Apr-2021,53.5,PE,0,0,0,0.05,0,0,0,0,0,19-APR-2021,
OPTSTK,IOC,29-Apr-2021,54.5,PE,0,0,0,0.15,0,0,0,0,0,19-APR-2021,
OPTSTK,IOC,29-Apr-2021,55.5,PE,0,0,0,0.15,0,0,0,0,0,19-APR-2021,
OPTSTK,IOC,29-Apr-2021,56.5,PE,0,0,0,0.2,0,0,0,0,0,19-APR-2021,
OPTSTK,IOC,29-Apr-2021,57.5,PE,0,0,0,0.05,0,0,0,58500,0,19-APR-2021,
OPTSTK,IOC,29-Apr-2021,58.5,PE,0,0,0,0.25,0,0,0,0,0,19-APR-2021,
OPTSTK,IOC,29-Apr-2021,59.5,PE,0,0,0,0.3,0,0,0,0,0,19-APR-2021,
OPTSTK,IOC,29-Apr-2021,60.5,PE,0,0,0,0.4,0,0,0,0,0,19-APR-2021,
OPTSTK,IOC,29-Apr-2021,61.5,PE,0,0,0,0.05,0,0,0,0,0,19-APR-2021,
OPTSTK,IOC,29-Apr-2021,62.5,PE,0,0,0,0.55,0,0,0,0,0,19-APR-2021,
OPTSTK,IOC,29-Apr-2021,63.5,PE,0,0,0,0.65,0,0,0,0,0,19-APR-2021,
OPTSTK,IOC,29-Apr-2021,64.5,PE,0,0,0,0.75,0,0,0,0,0,19-APR-2021,
OPTSTK,IOC,29-Apr-2021,65.5,PE,0,0,0,0.85,0,0,0,0,0,19-APR-2021,
OPTSTK,IOC,29-Apr-2021,66.5,PE,0,0,0,1,0,0,0,0,0,19-APR-2021,
OPTSTK,IOC,29-Apr-2021,67,PE,0,0,0,0.1,0,0,0,0,0,19-APR-2021,
OPTSTK,IOC,29-Apr-2021,67.5,PE,0,0,0,1.15,0,0,0,0,0,19-APR-2021,
OPTSTK,IOC,29-Apr-2021,68,PE,0,0,0,0.15,0,0,0,0,0,19-APR-2021,
OPTSTK,IOC,29-Apr-2021,68.5,PE,0,0,0,1.3,0,0,0,0,0,19-APR-2021,
OPTSTK,IOC,29-Apr-2021,69,PE,0,0,0,0.2,0,0,0,0,0,19-APR-2021,
OPTSTK,IOC,29-Apr-2021,69.5,PE,0,0,0,1.45,0,0,0,0,0,19-APR-2021,
OPTSTK,IOC,29-Apr-2021,70,PE,0,0,0,0.2,0,0,0,0,0,19-APR-2021,
OPTSTK,IOC,29-Apr-2021,70.5,PE,0,0,0,1.65,0,0,0,0,0,19-APR-2021,
OPTSTK,IOC,29-Apr-2021,71,PE,0,0,0,0.25,0,0,0,0,0,19-APR-2021,
OPTSTK,IOC,29-Apr-2021,71.5,PE,0,0,0,0.05,0,0,0,0,0,19-APR-2021,
OPTSTK,IOC,29-Apr-2021,72,PE,0,0,0,0.05,0,0,0,0,0,19-APR-2021,
OPTSTK,IOC,29-Apr-2021,72.5,PE,0,0,0,2.1,0,0,0,0,0,19-APR-2021,
OPTSTK,IOC,29-Apr-2021,73,PE,0,0,0,0.05,0,0,0,0,0,19-APR-2021,
OPTSTK,IOC,29-Apr-2021,73.5,PE,0,0,0,2.4,0,0,0,0,0,19-APR-2021,
OPTSTK,IOC,29-Apr-2021,74,PE,0,0,0,0.45,0.05,0,0,0,0,19-APR-2021,
OPTSTK,IOC,29-Apr-2021,74.5,PE,0,0,0,2.65,0.05,0,0,0,0,19-APR-2021,
OPTSTK,IOC,29-Apr-2021,75,PE,0.1,0.15,0.1,0.1,0.1,7,34.18,253500,19500,19-APR-2021,
OPTSTK,IOC,29-Apr-2021,75.5,PE,0,0,0,2.95,0.05,0,0,0,0,19-APR-2021,
OPTSTK,IOC,29-Apr-2021,76,PE,0,0,0,0.6,0.05,0,0,0,0,19-APR-2021,
OPTSTK,IOC,29-Apr-2021,76.5,PE,2.7,2.7,0.05,0.05,0.05,6,30.24,0,0,19-APR-2021,
OPTSTK,IOC,29-Apr-2021,77,PE,0,0,0,0.7,0.05,0,0,0,0,19-APR-2021,
OPTSTK,IOC,29-Apr-2021,77.5,PE,0,0,0,3.6,0.05,0,0,0,0,19-APR-2021,
OPTSTK,IOC,29-Apr-2021,78,PE,0,0,0,0.8,0.1,0,0,0,0,19-APR-2021,
OPTSTK,IOC,29-Apr-2021,78.5,PE,0,0,0,0.15,0.1,0,0,32500,0,19-APR-2021,
OPTSTK,IOC,29-Apr-2021,79,PE,0,0,0,0.1,0.1,0,0,0,0,19-APR-2021,
OPTSTK,IOC,29-Apr-2021,79.5,PE,0,0,0,0.05,0.15,0,0,0,0,19-APR-2021,
OPTSTK,IOC,29-Apr-2021,80,PE,0.25,0.3,0.25,0.25,0.25,200,1043.52,2086500,130000,19-APR-2021,
OPTSTK,IOC,29-Apr-2021,80.5,PE,0,0,0,0.15,0.2,0,0,6500,0,19-APR-2021,
OPTSTK,IOC,29-Apr-2021,81,PE,0,0,0,1.25,0.25,0,0,0,0,19-APR-2021,
OPTSTK,IOC,29-Apr-2021,81.5,PE,0,0,0,0.15,0.3,0,0,6500,0,19-APR-2021,
OPTSTK,IOC,29-Apr-2021,82,PE,0,0,0,1.4,0.4,0,0,0,0,19-APR-2021,
OPTSTK,IOC,29-Apr-2021,82.5,PE,0,0,0,5.6,0.45,0,0,0,0,19-APR-2021,
OPTSTK,IOC,29-Apr-2021,83,PE,0.6,0.6,0.5,0.5,0.55,58,314.91,253500,0,19-APR-2021,
OPTSTK,IOC,29-Apr-2021,83.5,PE,0,0,0,6.1,0.65,0,0,0,0,19-APR-2021,
OPTSTK,IOC,29-Apr-2021,84,PE,0.6,0.6,0.55,0.6,0.6,3,16.49,13000,6500,19-APR-2021,
OPTSTK,IOC,29-Apr-2021,84.5,PE,0,0,0,6.6,0.9,0,0,0,0,19-APR-2021,
OPTSTK,IOC,29-Apr-2021,85,PE,0.55,1.1,0.55,0.75,0.75,549,3065.11,1956500,-377000,19-APR-2021,
OPTSTK,IOC,29-Apr-2021,85.5,PE,0,0,0,1.45,1.15,0,0,26000,0,19-APR-2021,
OPTSTK,IOC,29-Apr-2021,86,PE,1.1,1.35,0.95,0.95,0.95,35,198.32,123500,65000,19-APR-2021,
OPTSTK,IOC,29-Apr-2021,86.5,PE,0,0,0,0.7,1.55,0,0,78000,0,19-APR-2021,
OPTSTK,IOC,29-Apr-2021,87,PE,1.2,1.9,1.15,1.35,1.35,120,691.07,565500,123500,19-APR-2021,
OPTSTK,IOC,29-Apr-2021,87.5,PE,2,2.15,1.4,1.5,1.5,71,412.21,325000,58500,19-APR-2021,
OPTSTK,IOC,29-Apr-2021,88,PE,1.8,2.45,1.65,1.75,1.75,135,789.92,422500,-32500,19-APR-2021,
OPTSTK,IOC,29-Apr-2021,88.5,PE,2.1,2.1,2.1,2.1,2.45,1,5.88,162500,0,19-APR-2021,
OPTSTK,IOC,29-Apr-2021,89,PE,2.25,3.1,2.15,2.25,2.25,49,291.74,227500,-91000,19-APR-2021,
OPTSTK,IOC,29-Apr-2021,89.5,PE,2.3,3.4,2.3,3.4,3.05,7,42.1,71500,13000,19-APR-2021,
OPTSTK,IOC,29-Apr-2021,90,PE,3.05,3.85,2.8,2.95,2.95,175,1062.36,2626000,-110500,19-APR-2021,
OPTSTK,IOC,29-Apr-2021,90.5,PE,3.8,3.8,3.8,3.8,3.65,1,6.12,143000,0,19-APR-2021,
OPTSTK,IOC,29-Apr-2021,91,PE,4.5,4.7,3.65,3.7,3.7,28,173.42,403000,-65000,19-APR-2021,
OPTSTK,IOC,29-Apr-2021,91.5,PE,4.15,4.15,4.1,4.15,4.15,2,12.43,162500,0,19-APR-2021,
OPTSTK,IOC,29-Apr-2021,92,PE,3.85,5.6,3.85,4.95,4.75,12,75.71,500500,-45500,19-APR-2021,
OPTSTK,IOC,29-Apr-2021,92.5,PE,0,0,0,3.55,5.1,0,0,357500,0,19-APR-2021,
OPTSTK,IOC,29-Apr-2021,93,PE,5.9,5.9,5.4,5.4,5.4,3,19.25,227500,-19500,19-APR-2021,
OPTSTK,IOC,29-Apr-2021,93.5,PE,0,0,0,3.45,5.9,0,0,26000,0,19-APR-2021,
OPTSTK,IOC,29-Apr-2021,94,PE,6.7,7.05,6.7,6.8,6.35,4,26.21,149500,-26000,19-APR-2021,
OPTSTK,IOC,29-Apr-2021,94.5,PE,0,0,0,4.95,6.75,0,0,32500,0,19-APR-2021,
OPTSTK,IOC,29-Apr-2021,95,PE,7.75,8.1,7.05,7.15,7.15,14,93.45,2606500,-58500,19-APR-2021,
OPTSTK,IOC,29-Apr-2021,95.5,PE,8.75,8.75,8.4,8.4,7.65,4,27.06,91000,-6500,19-APR-2021,
OPTSTK,IOC,29-Apr-2021,96,PE,9,9.25,9,9.25,8.1,3,20.5,104000,0,19-APR-2021,
OPTSTK,IOC,29-Apr-2021,96.5,PE,0,0,0,6.9,8.55,0,0,19500,0,19-APR-2021,
OPTSTK,IOC,29-Apr-2021,97,PE,9.6,9.6,9.6,9.6,9,1,6.92,123500,-6500,19-APR-2021,
OPTSTK,IOC,29-Apr-2021,97.5,PE,0,0,0,10.8,9.5,0,0,84500,0,19-APR-2021,
OPTSTK,IOC,29-Apr-2021,98,PE,10.45,10.45,10.45,10.45,9.95,1,7.04,169000,0,19-APR-2021,
OPTSTK,IOC,29-Apr-2021,98.5,PE,0,0,0,9.15,10.45,0,0,97500,0,19-APR-2021,
OPTSTK,IOC,29-Apr-2021,99,PE,0,0,0,6.5,10.9,0,0,91000,0,19-APR-2021,
OPTSTK,IOC,29-Apr-2021,99.5,PE,0,0,0,5.25,11.4,0,0,45500,0,19-APR-2021,
OPTSTK,IOC,29-Apr-2021,100,PE,14,14,12.3,12.3,11.9,10,73.34,1306500,-32500,19-APR-2021,
OPTSTK,IOC,29-Apr-2021,100.5,PE,0,0,0,13.05,12.35,0,0,19500,0,19-APR-2021,
OPTSTK,IOC,29-Apr-2021,101,PE,0,0,0,8.05,12.85,0,0,6500,0,19-APR-2021,
OPTSTK,IOC,29-Apr-2021,101.5,PE,0,0,0,17.9,13.35,0,0,0,0,19-APR-2021,
OPTSTK,IOC,29-Apr-2021,102,PE,0,0,0,7.7,13.85,0,0,136500,0,19-APR-2021,
OPTSTK,IOC,29-Apr-2021,102.5,PE,0,0,0,5.5,14.35,0,0,0,0,19-APR-2021,
OPTSTK,IOC,29-Apr-2021,103,PE,0,0,0,13,14.85,0,0,6500,0,19-APR-2021,
OPTSTK,IOC,29-Apr-2021,103.5,PE,0,0,0,19.55,15.35,0,0,0,0,19-APR-2021,
OPTSTK,IOC,29-Apr-2021,104,PE,0,0,0,10.45,15.85,0,0,0,0,19-APR-2021,
OPTSTK,IOC,29-Apr-2021,104.5,PE,0,0,0,20.35,16.3,0,0,0,0,19-APR-2021,
OPTSTK,IOC,29-Apr-2021,105,PE,0,0,0,12.75,16.8,0,0,123500,0,19-APR-2021,
OPTSTK,IOC,29-Apr-2021,105.5,PE,0,0,0,21.2,17.3,0,0,0,0,19-APR-2021,
OPTSTK,IOC,29-Apr-2021,106,PE,0,0,0,11.8,17.8,0,0,0,0,19-APR-2021,
OPTSTK,IOC,29-Apr-2021,106.5,PE,0,0,0,22.05,18.3,0,0,0,0,19-APR-2021,
OPTSTK,IOC,29-Apr-2021,107,PE,0,0,0,12.5,18.8,0,0,0,0,19-APR-2021,
OPTSTK,IOC,29-Apr-2021,107.5,PE,0,0,0,14.2,19.3,0,0,507000,0,19-APR-2021,
OPTSTK,IOC,29-Apr-2021,108,PE,0,0,0,13.2,19.8,0,0,0,0,19-APR-2021,
OPTSTK,IOC,29-Apr-2021,108.5,PE,0,0,0,23.8,20.3,0,0,0,0,19-APR-2021,
OPTSTK,IOC,29-Apr-2021,109,PE,0,0,0,13.9,20.8,0,0,0,0,19-APR-2021,
OPTSTK,IOC,29-Apr-2021,109.5,PE,0,0,0,24.65,21.3,0,0,0,0,19-APR-2021,
OPTSTK,IOC,29-Apr-2021,110,PE,0,0,0,18.7,21.8,0,0,45500,0,19-APR-2021,
OPTSTK,IOC,29-Apr-2021,110.5,PE,0,0,0,25.55,22.3,0,0,0,0,19-APR-2021,
OPTSTK,IOC,29-Apr-2021,111,PE,0,0,0,15.4,22.8,0,0,0,0,19-APR-2021,
OPTSTK,IOC,29-Apr-2021,111.5,PE,0,0,0,26.45,23.3,0,0,0,0,19-APR-2021,
OPTSTK,IOC,29-Apr-2021,112,PE,0,0,0,16.2,23.8,0,0,0,0,19-APR-2021,
OPTSTK,IOC,29-Apr-2021,112.5,PE,0,0,0,27.35,24.3,0,0,0,0,19-APR-2021,
OPTSTK,IOC,29-Apr-2021,113,PE,0,0,0,17,24.8,0,0,0,0,19-APR-2021,
OPTSTK,IOC,29-Apr-2021,113.5,PE,0,0,0,28.25,25.3,0,0,0,0,19-APR-2021,
OPTSTK,IOC,29-Apr-2021,114,PE,0,0,0,17.75,25.8,0,0,0,0,19-APR-2021,
OPTSTK,IOC,29-Apr-2021,114.5,PE,0,0,0,29.15,26.3,0,0,0,0,19-APR-2021,
OPTSTK,IOC,29-Apr-2021,115,PE,0,0,0,23,26.8,0,0,6500,0,19-APR-2021,
OPTSTK,IOC,29-Apr-2021,115.5,PE,0,0,0,30.1,27.3,0,0,0,0,19-APR-2021,
OPTSTK,IOC,29-Apr-2021,116,PE,0,0,0,19.4,27.8,0,0,0,0,19-APR-2021,
OPTSTK,IOC,29-Apr-2021,117,PE,0,0,0,20.25,28.8,0,0,0,0,19-APR-2021,
OPTSTK,IOC,29-Apr-2021,118,PE,0,0,0,21.1,29.8,0,0,0,0,19-APR-2021,
OPTSTK,IOC,29-Apr-2021,119,PE,0,0,0,21.95,30.8,0,0,0,0,19-APR-2021,
OPTSTK,IOC,29-Apr-2021,120,PE,0,0,0,24.2,31.8,0,0,0,0,19-APR-2021,
OPTSTK,IOC,29-Apr-2021,121,PE,0,0,0,23.7,32.8,0,0,0,0,19-APR-2021,
OPTSTK,IOC,29-Apr-2021,122,PE,0,0,0,24.55,33.8,0,0,0,0,19-APR-2021,
OPTSTK,IOC,29-Apr-2021,123,PE,0,0,0,25.45,34.8,0,0,0,0,19-APR-2021,
OPTSTK,IOC,27-May-2021,63,CE,0,0,0,38.55,25.4,0,0,0,0,19-APR-2021,
OPTSTK,IOC,27-May-2021,64,CE,0,0,0,37.55,24.4,0,0,0,0,19-APR-2021,
OPTSTK,IOC,27-May-2021,65,CE,0,0,0,36.6,23.4,0,0,0,0,19-APR-2021,
OPTSTK,IOC,27-May-2021,66,CE,0,0,0,35.6,22.4,0,0,0,0,19-APR-2021,
OPTSTK,IOC,27-May-2021,67,CE,0,0,0,34.65,21.45,0,0,0,0,19-APR-2021,
OPTSTK,IOC,27-May-2021,68,CE,0,0,0,33.65,20.45,0,0,0,0,19-APR-2021,
OPTSTK,IOC,27-May-2021,69,CE,0,0,0,32.7,19.5,0,0,0,0,19-APR-2021,
OPTSTK,IOC,27-May-2021,70,CE,0,0,0,31.75,18.5,0,0,0,0,19-APR-2021,
OPTSTK,IOC,27-May-2021,71,CE,0,0,0,30.8,17.55,0,0,0,0,19-APR-2021,
OPTSTK,IOC,27-May-2021,72,CE,0,0,0,29.85,16.6,0,0,0,0,19-APR-2021,
OPTSTK,IOC,27-May-2021,73,CE,0,0,0,28.9,15.7,0,0,0,0,19-APR-2021,
OPTSTK,IOC,27-May-2021,74,CE,0,0,0,28,14.75,0,0,0,0,19-APR-2021,
OPTSTK,IOC,27-May-2021,75,CE,0,0,0,27.05,13.9,0,0,0,0,19-APR-2021,
OPTSTK,IOC,27-May-2021,76,CE,0,0,0,26.15,13,0,0,0,0,19-APR-2021,
OPTSTK,IOC,27-May-2021,77,CE,0,0,0,25.25,12.15,0,0,0,0,19-APR-2021,
OPTSTK,IOC,27-May-2021,78,CE,0,0,0,24.35,11.3,0,0,0,0,19-APR-2021,
OPTSTK,IOC,27-May-2021,79,CE,0,0,0,23.5,10.5,0,0,0,0,19-APR-2021,
OPTSTK,IOC,27-May-2021,80,CE,0,0,0,22.6,9.7,0,0,0,0,19-APR-2021,
OPTSTK,IOC,27-May-2021,81,CE,0,0,0,21.75,8.95,0,0,0,0,19-APR-2021,
OPTSTK,IOC,27-May-2021,82,CE,0,0,0,20.9,8.25,0,0,0,0,19-APR-2021,
OPTSTK,IOC,27-May-2021,83,CE,0,0,0,20.1,7.55,0,0,0,0,19-APR-2021,
OPTSTK,IOC,27-May-2021,84,CE,0,0,0,19.3,6.9,0,0,0,0,19-APR-2021,
OPTSTK,IOC,27-May-2021,85,CE,5,5.5,5,5.5,6.3,3,17.61,19500,19500,19-APR-2021,
OPTSTK,IOC,27-May-2021,86,CE,0,0,0,17.7,5.7,0,0,0,0,19-APR-2021,
OPTSTK,IOC,27-May-2021,87,CE,0,0,0,16.95,5.2,0,0,0,0,19-APR-2021,
OPTSTK,IOC,27-May-2021,88,CE,0,0,0,16.2,4.65,0,0,0,0,19-APR-2021,
OPTSTK,IOC,27-May-2021,89,CE,0,0,0,15.5,4.2,0,0,0,0,19-APR-2021,
OPTSTK,IOC,27-May-2021,90,CE,3.05,3.35,2.8,3.2,3.2,81,489.97,448500,273000,19-APR-2021,
OPTSTK,IOC,27-May-2021,91,CE,4.5,4.5,4.5,4.5,3.35,1,6.2,6500,6500,19-APR-2021,
OPTSTK,IOC,27-May-2021,92,CE,0,0,0,1.7,3,0,0,0,0,19-APR-2021,
OPTSTK,IOC,27-May-2021,93,CE,0,0,0,12.8,2.65,0,0,0,0,19-APR-2021,
OPTSTK,IOC,27-May-2021,94,CE,0,0,0,12.15,2.35,0,0,0,0,19-APR-2021,
OPTSTK,IOC,27-May-2021,95,CE,1.65,1.8,1.55,1.65,1.65,71,445.9,721500,130000,19-APR-2021,
OPTSTK,IOC,27-May-2021,96,CE,0,0,0,10.95,1.85,0,0,0,0,19-APR-2021,
OPTSTK,IOC,27-May-2021,97,CE,0,0,0,10.4,1.6,0,0,0,0,19-APR-2021,
OPTSTK,IOC,27-May-2021,98,CE,0,0,0,9.85,1.4,0,0,0,0,19-APR-2021,
OPTSTK,IOC,27-May-2021,99,CE,0,0,0,9.35,1.2,0,0,0,0,19-APR-2021,
OPTSTK,IOC,27-May-2021,100,CE,0.85,1,0.8,0.85,0.85,57,373.78,962000,130000,19-APR-2021,
OPTSTK,IOC,27-May-2021,101,CE,0,0,0,8.35,0.9,0,0,0,0,19-APR-2021,
OPTSTK,IOC,27-May-2021,102,CE,0,0,0,7.9,0.8,0,0,0,0,19-APR-2021,
OPTSTK,IOC,27-May-2021,103,CE,0,0,0,7.45,0.7,0,0,0,0,19-APR-2021,
OPTSTK,IOC,27-May-2021,104,CE,0,0,0,7,0.6,0,0,0,0,19-APR-2021,
OPTSTK,IOC,27-May-2021,105,CE,0.5,0.5,0.45,0.5,0.5,6,41.13,195000,-32500,19-APR-2021,
OPTSTK,IOC,27-May-2021,106,CE,0,0,0,6.2,0.45,0,0,0,0,19-APR-2021,
OPTSTK,IOC,27-May-2021,107,CE,0,0,0,5.85,0.35,0,0,0,0,19-APR-2021,
OPTSTK,IOC,27-May-2021,108,CE,0,0,0,5.5,0.3,0,0,0,0,19-APR-2021,
OPTSTK,IOC,27-May-2021,109,CE,0,0,0,5.15,0.25,0,0,0,0,19-APR-2021,
OPTSTK,IOC,27-May-2021,110,CE,0.4,0.4,0.3,0.3,0.3,5,35.86,201500,6500,19-APR-2021,
OPTSTK,IOC,27-May-2021,111,CE,0,0,0,4.55,0.2,0,0,0,0,19-APR-2021,
OPTSTK,IOC,27-May-2021,112,CE,0,0,0,4.25,0.15,0,0,0,0,19-APR-2021,
OPTSTK,IOC,27-May-2021,113,CE,0,0,0,4,0.15,0,0,0,0,19-APR-2021,
OPTSTK,IOC,27-May-2021,114,CE,0,0,0,3.75,0.15,0,0,0,0,19-APR-2021,
OPTSTK,IOC,27-May-2021,115,CE,0,0,0,3.5,0.1,0,0,0,0,19-APR-2021,
OPTSTK,IOC,27-May-2021,116,CE,0,0,0,3.15,0.1,0,0,0,0,19-APR-2021,
OPTSTK,IOC,27-May-2021,117,CE,0,0,0,3.05,0.1,0,0,0,0,19-APR-2021,
OPTSTK,IOC,27-May-2021,118,CE,0,0,0,2.85,0.05,0,0,0,0,19-APR-2021,
OPTSTK,IOC,27-May-2021,119,CE,0,0,0,2.65,0.05,0,0,0,0,19-APR-2021,
OPTSTK,IOC,27-May-2021,120,CE,0,0,0,2.5,0.05,0,0,0,0,19-APR-2021,
OPTSTK,IOC,27-May-2021,121,CE,0,0,0,2.3,0.05,0,0,0,0,19-APR-2021,
OPTSTK,IOC,27-May-2021,122,CE,0,0,0,2.15,0.05,0,0,0,0,19-APR-2021,
OPTSTK,IOC,27-May-2021,123,CE,0,0,0,2,0.05,0,0,0,0,19-APR-2021,
OPTSTK,IOC,27-May-2021,63,PE,0,0,0,0.05,0.05,0,0,0,0,19-APR-2021,
OPTSTK,IOC,27-May-2021,64,PE,0,0,0,0.05,0.05,0,0,0,0,19-APR-2021,
OPTSTK,IOC,27-May-2021,65,PE,0,0,0,0.1,0.05,0,0,0,0,19-APR-2021,
OPTSTK,IOC,27-May-2021,66,PE,0,0,0,0.05,0.05,0,0,26000,0,19-APR-2021,
OPTSTK,IOC,27-May-2021,67,PE,0,0,0,0.1,0.05,0,0,0,0,19-APR-2021,
OPTSTK,IOC,27-May-2021,68,PE,0,0,0,0.15,0.1,0,0,0,0,19-APR-2021,
OPTSTK,IOC,27-May-2021,69,PE,0,0,0,0.15,0.1,0,0,0,0,19-APR-2021,
OPTSTK,IOC,27-May-2021,70,PE,0,0,0,0.15,0.15,0,0,39000,0,19-APR-2021,
OPTSTK,IOC,27-May-2021,71,PE,0,0,0,0.25,0.2,0,0,0,0,19-APR-2021,
OPTSTK,IOC,27-May-2021,72,PE,0,0,0,0.3,0.25,0,0,0,0,19-APR-2021,
OPTSTK,IOC,27-May-2021,73,PE,0,0,0,0.35,0.3,0,0,0,0,19-APR-2021,
OPTSTK,IOC,27-May-2021,74,PE,0,0,0,0.2,0.4,0,0,0,0,19-APR-2021,
OPTSTK,IOC,27-May-2021,75,PE,0,0,0,0.45,0.5,0,0,0,0,19-APR-2021,
OPTSTK,IOC,27-May-2021,76,PE,0,0,0,0.55,0.6,0,0,0,0,19-APR-2021,
OPTSTK,IOC,27-May-2021,77,PE,0,0,0,0.65,0.75,0,0,0,0,19-APR-2021,
OPTSTK,IOC,27-May-2021,78,PE,0,0,0,0.75,0.9,0,0,0,0,19-APR-2021,
OPTSTK,IOC,27-May-2021,79,PE,0,0,0,0.85,1.1,0,0,0,0,19-APR-2021,
OPTSTK,IOC,27-May-2021,80,PE,0.5,1.05,0.5,0.95,0.95,59,310.23,435500,214500,19-APR-2021,
OPTSTK,IOC,27-May-2021,81,PE,0,0,0,1.1,1.55,0,0,0,0,19-APR-2021,
OPTSTK,IOC,27-May-2021,82,PE,0,0,0,1.25,1.85,0,0,0,0,19-APR-2021,
OPTSTK,IOC,27-May-2021,83,PE,0,0,0,1.15,2.15,0,0,6500,0,19-APR-2021,
OPTSTK,IOC,27-May-2021,84,PE,0,0,0,0.4,2.5,0,0,0,0,19-APR-2021,
OPTSTK,IOC,27-May-2021,85,PE,2.3,2.75,2.05,2.2,2.2,48,272.45,351000,162500,19-APR-2021,
OPTSTK,IOC,27-May-2021,86,PE,2.7,3,2.7,3,3.3,2,11.55,13000,13000,19-APR-2021,
OPTSTK,IOC,27-May-2021,87,PE,0,0,0,2.25,3.75,0,0,0,0,19-APR-2021,
OPTSTK,IOC,27-May-2021,88,PE,0,0,0,1.2,4.25,0,0,0,0,19-APR-2021,
OPTSTK,IOC,27-May-2021,89,PE,0,0,0,2.75,4.75,0,0,0,0,19-APR-2021,
OPTSTK,IOC,27-May-2021,90,PE,4,5.35,4,4.6,4.6,42,258.84,611000,52000,19-APR-2021,
OPTSTK,IOC,27-May-2021,91,PE,0,0,0,3.35,5.9,0,0,0,0,19-APR-2021,
OPTSTK,IOC,27-May-2021,92,PE,0,0,0,3.65,6.55,0,0,0,0,19-APR-2021,
OPTSTK,IOC,27-May-2021,93,PE,0,0,0,4,7.2,0,0,0,0,19-APR-2021,
OPTSTK,IOC,27-May-2021,94,PE,0,0,0,4.4,7.9,0,0,0,0,19-APR-2021,
OPTSTK,IOC,27-May-2021,95,PE,7.4,8.3,7.4,8,8.6,4,26.76,84500,13000,19-APR-2021,
OPTSTK,IOC,27-May-2021,96,PE,0,0,0,5.15,9.35,0,0,0,0,19-APR-2021,
OPTSTK,IOC,27-May-2021,97,PE,0,0,0,5.6,10.1,0,0,0,0,19-APR-2021,
OPTSTK,IOC,27-May-2021,98,PE,0,0,0,6.05,10.9,0,0,0,0,19-APR-2021,
OPTSTK,IOC,27-May-2021,99,PE,0,0,0,6.5,11.75,0,0,0,0,19-APR-2021,
OPTSTK,IOC,27-May-2021,100,PE,0,0,0,11.5,12.55,0,0,52000,0,19-APR-2021,
OPTSTK,IOC,27-May-2021,101,PE,0,0,0,7.5,13.45,0,0,0,0,19-APR-2021,
OPTSTK,IOC,27-May-2021,102,PE,0,0,0,8.05,14.3,0,0,0,0,19-APR-2021,
OPTSTK,IOC,27-May-2021,103,PE,0,0,0,8.6,15.2,0,0,0,0,19-APR-2021,
OPTSTK,IOC,27-May-2021,104,PE,0,0,0,9.15,16.1,0,0,0,0,19-APR-2021,
OPTSTK,IOC,27-May-2021,105,PE,0,0,0,9.75,17,0,0,0,0,19-APR-2021,
OPTSTK,IOC,27-May-2021,106,PE,0,0,0,10.35,17.9,0,0,0,0,19-APR-2021,
OPTSTK,IOC,27-May-2021,107,PE,0,0,0,10.95,18.85,0,0,0,0,19-APR-2021,
OPTSTK,IOC,27-May-2021,108,PE,0,0,0,11.6,19.8,0,0,0,0,19-APR-2021,
OPTSTK,IOC,27-May-2021,109,PE,0,0,0,12.25,20.75,0,0,0,0,19-APR-2021,
OPTSTK,IOC,27-May-2021,110,PE,0,0,0,12.9,21.7,0,0,0,0,19-APR-2021,
OPTSTK,IOC,27-May-2021,111,PE,0,0,0,13.6,22.65,0,0,0,0,19-APR-2021,
OPTSTK,IOC,27-May-2021,112,PE,0,0,0,14.3,23.65,0,0,0,0,19-APR-2021,
OPTSTK,IOC,27-May-2021,113,PE,0,0,0,15.05,24.6,0,0,0,0,19-APR-2021,
OPTSTK,IOC,27-May-2021,114,PE,0,0,0,15.8,25.6,0,0,0,0,19-APR-2021,
OPTSTK,IOC,27-May-2021,115,PE,0,0,0,17.15,26.55,0,0,6500,0,19-APR-2021,
OPTSTK,IOC,27-May-2021,116,PE,0,0,0,17.3,27.55,0,0,0,0,19-APR-2021,
OPTSTK,IOC,27-May-2021,117,PE,0,0,0,18.05,28.5,0,0,0,0,19-APR-2021,
OPTSTK,IOC,27-May-2021,118,PE,0,0,0,18.85,29.5,0,0,0,0,19-APR-2021,
OPTSTK,IOC,27-May-2021,119,PE,0,0,0,19.65,30.5,0,0,0,0,19-APR-2021,
OPTSTK,IOC,27-May-2021,120,PE,0,0,0,20.45,31.5,0,0,0,0,19-APR-2021,
OPTSTK,IOC,27-May-2021,121,PE,0,0,0,21.3,32.5,0,0,0,0,19-APR-2021,
OPTSTK,IOC,27-May-2021,122,PE,0,0,0,22.1,33.45,0,0,0,0,19-APR-2021,
OPTSTK,IOC,27-May-2021,123,PE,0,0,0,22.95,34.45,0,0,0,0,19-APR-2021,
OPTSTK,IOC,24-Jun-2021,63,CE,0,0,0,28.65,25.65,0,0,0,0,19-APR-2021,
OPTSTK,IOC,24-Jun-2021,64,CE,0,0,0,27.7,24.65,0,0,0,0,19-APR-2021,
OPTSTK,IOC,24-Jun-2021,65,CE,0,0,0,26.75,23.7,0,0,0,0,19-APR-2021,
OPTSTK,IOC,24-Jun-2021,66,CE,0,0,0,25.8,22.75,0,0,0,0,19-APR-2021,
OPTSTK,IOC,24-Jun-2021,67,CE,0,0,0,24.9,21.8,0,0,0,0,19-APR-2021,
OPTSTK,IOC,24-Jun-2021,68,CE,0,0,0,23.95,20.9,0,0,0,0,19-APR-2021,
OPTSTK,IOC,24-Jun-2021,69,CE,0,0,0,23.05,19.95,0,0,0,0,19-APR-2021,
OPTSTK,IOC,24-Jun-2021,70,CE,0,0,0,22.15,19.05,0,0,0,0,19-APR-2021,
OPTSTK,IOC,24-Jun-2021,71,CE,0,0,0,21.25,18.15,0,0,0,0,19-APR-2021,
OPTSTK,IOC,24-Jun-2021,72,CE,0,0,0,20.4,17.25,0,0,0,0,19-APR-2021,
OPTSTK,IOC,24-Jun-2021,73,CE,0,0,0,19.55,16.4,0,0,0,0,19-APR-2021,
OPTSTK,IOC,24-Jun-2021,74,CE,0,0,0,18.7,15.55,0,0,0,0,19-APR-2021,
OPTSTK,IOC,24-Jun-2021,75,CE,0,0,0,17.85,14.75,0,0,0,0,19-APR-2021,
OPTSTK,IOC,24-Jun-2021,76,CE,0,0,0,17.05,13.95,0,0,0,0,19-APR-2021,
OPTSTK,IOC,24-Jun-2021,77,CE,0,0,0,16.25,13.15,0,0,0,0,19-APR-2021,
OPTSTK,IOC,24-Jun-2021,78,CE,0,0,0,15.5,12.4,0,0,0,0,19-APR-2021,
OPTSTK,IOC,24-Jun-2021,79,CE,0,0,0,14.75,11.65,0,0,0,0,19-APR-2021,
OPTSTK,IOC,24-Jun-2021,80,CE,0,0,0,14,10.95,0,0,0,0,19-APR-2021,
OPTSTK,IOC,24-Jun-2021,81,CE,0,0,0,13.3,10.25,0,0,0,0,19-APR-2021,
OPTSTK,IOC,24-Jun-2021,82,CE,0,0,0,12.6,9.6,0,0,0,0,19-APR-2021,
OPTSTK,IOC,24-Jun-2021,83,CE,0,0,0,11.95,8.95,0,0,0,0,19-APR-2021,
OPTSTK,IOC,24-Jun-2021,84,CE,0,0,0,11.3,8.35,0,0,0,0,19-APR-2021,
OPTSTK,IOC,24-Jun-2021,85,CE,0,0,0,10.7,7.75,0,0,0,0,19-APR-2021,
OPTSTK,IOC,24-Jun-2021,86,CE,0,0,0,10.1,7.2,0,0,0,0,19-APR-2021,
OPTSTK,IOC,24-Jun-2021,87,CE,0,0,0,9.5,6.7,0,0,0,0,19-APR-2021,
OPTSTK,IOC,24-Jun-2021,88,CE,0,0,0,8.95,6.2,0,0,0,0,19-APR-2021,
OPTSTK,IOC,24-Jun-2021,89,CE,0,0,0,8.4,5.75,0,0,0,0,19-APR-2021,
OPTSTK,IOC,24-Jun-2021,90,CE,0,0,0,7.9,5.3,0,0,0,0,19-APR-2021,
OPTSTK,IOC,24-Jun-2021,91,CE,0,0,0,7.45,4.85,0,0,0,0,19-APR-2021,
OPTSTK,IOC,24-Jun-2021,92,CE,0,0,0,6.95,4.5,0,0,0,0,19-APR-2021,
OPTSTK,IOC,24-Jun-2021,93,CE,0,0,0,6.55,4.1,0,0,0,0,19-APR-2021,
OPTSTK,IOC,24-Jun-2021,94,CE,0,0,0,6.1,3.75,0,0,0,0,19-APR-2021,
OPTSTK,IOC,24-Jun-2021,95,CE,0,0,0,5.7,3.45,0,0,0,0,19-APR-2021,
OPTSTK,IOC,24-Jun-2021,96,CE,0,0,0,5.35,3.15,0,0,0,0,19-APR-2021,
OPTSTK,IOC,24-Jun-2021,97,CE,0,0,0,4.95,2.9,0,0,0,0,19-APR-2021,
OPTSTK,IOC,24-Jun-2021,98,CE,0,0,0,4.65,2.65,0,0,0,0,19-APR-2021,
OPTSTK,IOC,24-Jun-2021,99,CE,0,0,0,4.3,2.4,0,0,0,0,19-APR-2021,
OPTSTK,IOC,24-Jun-2021,100,CE,0,0,0,4,2.15,0,0,0,0,19-APR-2021,
OPTSTK,IOC,24-Jun-2021,101,CE,0,0,0,3.75,1.95,0,0,0,0,19-APR-2021,
OPTSTK,IOC,24-Jun-2021,102,CE,0,0,0,3.45,1.8,0,0,0,0,19-APR-2021,
OPTSTK,IOC,24-Jun-2021,103,CE,0,0,0,3.2,1.6,0,0,0,0,19-APR-2021,
OPTSTK,IOC,24-Jun-2021,104,CE,0,0,0,3,1.45,0,0,0,0,19-APR-2021,
OPTSTK,IOC,24-Jun-2021,105,CE,0,0,0,2.75,1.3,0,0,0,0,19-APR-2021,
OPTSTK,IOC,24-Jun-2021,106,CE,0,0,0,2.55,1.2,0,0,0,0,19-APR-2021,
OPTSTK,IOC,24-Jun-2021,107,CE,0,0,0,2.35,1.05,0,0,0,0,19-APR-2021,
OPTSTK,IOC,24-Jun-2021,108,CE,0,0,0,2.2,0.95,0,0,0,0,19-APR-2021,
OPTSTK,IOC,24-Jun-2021,109,CE,0,0,0,2,0.85,0,0,0,0,19-APR-2021,
OPTSTK,IOC,24-Jun-2021,110,CE,0,0,0,1.85,0.8,0,0,0,0,19-APR-2021,
OPTSTK,IOC,24-Jun-2021,111,CE,0,0,0,1.7,0.7,0,0,0,0,19-APR-2021,
OPTSTK,IOC,24-Jun-2021,112,CE,0,0,0,1.6,0.65,0,0,0,0,19-APR-2021,
OPTSTK,IOC,24-Jun-2021,113,CE,0,0,0,1.45,0.55,0,0,0,0,19-APR-2021,
OPTSTK,IOC,24-Jun-2021,114,CE,0,0,0,1.35,0.5,0,0,0,0,19-APR-2021,
OPTSTK,IOC,24-Jun-2021,115,CE,0,0,0,1.25,0.45,0,0,0,0,19-APR-2021,
OPTSTK,IOC,24-Jun-2021,116,CE,0,0,0,1.15,0.4,0,0,0,0,19-APR-2021,
OPTSTK,IOC,24-Jun-2021,117,CE,0,0,0,1.05,0.35,0,0,0,0,19-APR-2021,
OPTSTK,IOC,24-Jun-2021,118,CE,0,0,0,0.95,0.3,0,0,0,0,19-APR-2021,
OPTSTK,IOC,24-Jun-2021,119,CE,0,0,0,0.85,0.3,0,0,0,0,19-APR-2021,
OPTSTK,IOC,24-Jun-2021,120,CE,0,0,0,0.8,0.25,0,0,0,0,19-APR-2021,
OPTSTK,IOC,24-Jun-2021,121,CE,0,0,0,0.75,0.25,0,0,0,0,19-APR-2021,
OPTSTK,IOC,24-Jun-2021,122,CE,0,0,0,0.65,0.2,0,0,0,0,19-APR-2021,
OPTSTK,IOC,24-Jun-2021,123,CE,0,0,0,0.6,0.2,0,0,0,0,19-APR-2021,
OPTSTK,IOC,24-Jun-2021,63,PE,0,0,0,0.15,0.1,0,0,0,0,19-APR-2021,
OPTSTK,IOC,24-Jun-2021,64,PE,0,0,0,0.2,0.15,0,0,0,0,19-APR-2021,
OPTSTK,IOC,24-Jun-2021,65,PE,0,0,0,0.25,0.15,0,0,0,0,19-APR-2021,
OPTSTK,IOC,24-Jun-2021,66,PE,0,0,0,0.3,0.2,0,0,0,0,19-APR-2021,
OPTSTK,IOC,24-Jun-2021,67,PE,0,0,0,0.35,0.25,0,0,0,0,19-APR-2021,
OPTSTK,IOC,24-Jun-2021,68,PE,0,0,0,0.45,0.3,0,0,0,0,19-APR-2021,
OPTSTK,IOC,24-Jun-2021,69,PE,0,0,0,0.5,0.4,0,0,0,0,19-APR-2021,
OPTSTK,IOC,24-Jun-2021,70,PE,0,0,0,0.6,0.5,0,0,0,0,19-APR-2021,
OPTSTK,IOC,24-Jun-2021,71,PE,0,0,0,0.7,0.55,0,0,0,0,19-APR-2021,
OPTSTK,IOC,24-Jun-2021,72,PE,0,0,0,0.8,0.7,0,0,0,0,19-APR-2021,
OPTSTK,IOC,24-Jun-2021,73,PE,0,0,0,0.95,0.8,0,0,0,0,19-APR-2021,
OPTSTK,IOC,24-Jun-2021,74,PE,0,0,0,1.1,0.95,0,0,0,0,19-APR-2021,
OPTSTK,IOC,24-Jun-2021,75,PE,0,0,0,1.25,1.15,0,0,0,0,19-APR-2021,
OPTSTK,IOC,24-Jun-2021,76,PE,0,0,0,1.45,1.3,0,0,0,0,19-APR-2021,
OPTSTK,IOC,24-Jun-2021,77,PE,0,0,0,1.65,1.55,0,0,0,0,19-APR-2021,
OPTSTK,IOC,24-Jun-2021,78,PE,0,0,0,1.85,1.75,0,0,0,0,19-APR-2021,
OPTSTK,IOC,24-Jun-2021,79,PE,0,0,0,2.1,2,0,0,0,0,19-APR-2021,
OPTSTK,IOC,24-Jun-2021,80,PE,0,0,0,2.35,2.3,0,0,0,0,19-APR-2021,
OPTSTK,IOC,24-Jun-2021,81,PE,0,0,0,2.65,2.6,0,0,0,0,19-APR-2021,
OPTSTK,IOC,24-Jun-2021,82,PE,0,0,0,2.95,2.95,0,0,0,0,19-APR-2021,
OPTSTK,IOC,24-Jun-2021,83,PE,0,0,0,3.25,3.3,0,0,0,0,19-APR-2021,
OPTSTK,IOC,24-Jun-2021,84,PE,0,0,0,3.6,3.7,0,0,0,0,19-APR-2021,
OPTSTK,IOC,24-Jun-2021,85,PE,0,0,0,4,4.1,0,0,0,0,19-APR-2021,
OPTSTK,IOC,24-Jun-2021,86,PE,0,0,0,4.4,4.55,0,0,0,0,19-APR-2021,
OPTSTK,IOC,24-Jun-2021,87,PE,0,0,0,4.8,5,0,0,0,0,19-APR-2021,
OPTSTK,IOC,24-Jun-2021,88,PE,0,0,0,5.25,5.5,0,0,0,0,19-APR-2021,
OPTSTK,IOC,24-Jun-2021,89,PE,0,0,0,5.7,6.05,0,0,0,0,19-APR-2021,
OPTSTK,IOC,24-Jun-2021,90,PE,0,0,0,6.2,6.6,0,0,0,0,19-APR-2021,
OPTSTK,IOC,24-Jun-2021,91,PE,0,0,0,6.7,7.15,0,0,0,0,19-APR-2021,
OPTSTK,IOC,24-Jun-2021,92,PE,0,0,0,7.2,7.75,0,0,0,0,19-APR-2021,
OPTSTK,IOC,24-Jun-2021,93,PE,0,0,0,7.75,8.4,0,0,0,0,19-APR-2021,
OPTSTK,IOC,24-Jun-2021,94,PE,0,0,0,8.35,9.05,0,0,0,0,19-APR-2021,
OPTSTK,IOC,24-Jun-2021,95,PE,0,0,0,6.5,9.7,0,0,6500,0,19-APR-2021,
OPTSTK,IOC,24-Jun-2021,96,PE,0,0,0,9.55,10.4,0,0,0,0,19-APR-2021,
OPTSTK,IOC,24-Jun-2021,97,PE,0,0,0,10.15,11.1,0,0,0,0,19-APR-2021,
OPTSTK,IOC,24-Jun-2021,98,PE,0,0,0,10.8,11.85,0,0,0,0,19-APR-2021,
OPTSTK,IOC,24-Jun-2021,99,PE,0,0,0,11.5,12.6,0,0,0,0,19-APR-2021,
OPTSTK,IOC,24-Jun-2021,100,PE,0,0,0,12.2,13.4,0,0,0,0,19-APR-2021,
OPTSTK,IOC,24-Jun-2021,101,PE,0,0,0,12.9,14.2,0,0,0,0,19-APR-2021,
OPTSTK,IOC,24-Jun-2021,102,PE,0,0,0,13.6,15,0,0,0,0,19-APR-2021,
OPTSTK,IOC,24-Jun-2021,103,PE,0,0,0,14.35,15.8,0,0,0,0,19-APR-2021,
OPTSTK,IOC,24-Jun-2021,104,PE,0,0,0,15.1,16.65,0,0,0,0,19-APR-2021,
OPTSTK,IOC,24-Jun-2021,105,PE,0,0,0,15.9,17.5,0,0,0,0,19-APR-2021,
OPTSTK,IOC,24-Jun-2021,106,PE,0,0,0,16.65,18.35,0,0,0,0,19-APR-2021,
OPTSTK,IOC,24-Jun-2021,107,PE,0,0,0,17.45,19.25,0,0,0,0,19-APR-2021,
OPTSTK,IOC,24-Jun-2021,108,PE,0,0,0,18.3,20.15,0,0,0,0,19-APR-2021,
OPTSTK,IOC,24-Jun-2021,109,PE,0,0,0,19.1,21.05,0,0,0,0,19-APR-2021,
OPTSTK,IOC,24-Jun-2021,110,PE,0,0,0,19.95,21.95,0,0,0,0,19-APR-2021,
OPTSTK,IOC,24-Jun-2021,111,PE,0,0,0,20.8,22.85,0,0,0,0,19-APR-2021,
OPTSTK,IOC,24-Jun-2021,112,PE,0,0,0,21.65,23.75,0,0,0,0,19-APR-2021,
OPTSTK,IOC,24-Jun-2021,113,PE,0,0,0,22.5,24.7,0,0,0,0,19-APR-2021,
OPTSTK,IOC,24-Jun-2021,114,PE,0,0,0,23.4,25.65,0,0,0,0,19-APR-2021,
OPTSTK,IOC,24-Jun-2021,115,PE,0,0,0,24.25,26.55,0,0,0,0,19-APR-2021,
OPTSTK,IOC,24-Jun-2021,116,PE,0,0,0,25.15,27.5,0,0,0,0,19-APR-2021,
OPTSTK,IOC,24-Jun-2021,117,PE,0,0,0,26.05,28.45,0,0,0,0,19-APR-2021,
OPTSTK,IOC,24-Jun-2021,118,PE,0,0,0,26.95,29.4,0,0,0,0,19-APR-2021,
OPTSTK,IOC,24-Jun-2021,119,PE,0,0,0,27.85,30.4,0,0,0,0,19-APR-2021,
OPTSTK,IOC,24-Jun-2021,120,PE,0,0,0,28.8,31.35,0,0,0,0,19-APR-2021,
OPTSTK,IOC,24-Jun-2021,121,PE,0,0,0,29.7,32.3,0,0,0,0,19-APR-2021,
OPTSTK,IOC,24-Jun-2021,122,PE,0,0,0,30.65,33.3,0,0,0,0,19-APR-2021,
OPTSTK,IOC,24-Jun-2021,123,PE,0,0,0,31.55,34.25,0,0,0,0,19-APR-2021,
OPTSTK,IRCTC,29-Apr-2021,1180,CE,0,0,0,554.6,433.8,0,0,0,0,19-APR-2021,
OPTSTK,IRCTC,29-Apr-2021,1200,CE,0,0,0,534.7,413.8,0,0,0,0,19-APR-2021,
OPTSTK,IRCTC,29-Apr-2021,1220,CE,0,0,0,514.85,393.85,0,0,0,0,19-APR-2021,
OPTSTK,IRCTC,29-Apr-2021,1240,CE,0,0,0,494.95,373.85,0,0,0,0,19-APR-2021,
OPTSTK,IRCTC,29-Apr-2021,1260,CE,0,0,0,475.1,353.9,0,0,0,0,19-APR-2021,
OPTSTK,IRCTC,29-Apr-2021,1280,CE,0,0,0,455.25,333.95,0,0,0,0,19-APR-2021,
OPTSTK,IRCTC,29-Apr-2021,1300,CE,0,0,0,435.35,314,0,0,0,0,19-APR-2021,
OPTSTK,IRCTC,29-Apr-2021,1320,CE,0,0,0,415.5,294.15,0,0,0,0,19-APR-2021,
OPTSTK,IRCTC,29-Apr-2021,1340,CE,0,0,0,395.6,274.35,0,0,0,0,19-APR-2021,
OPTSTK,IRCTC,29-Apr-2021,1360,CE,0,0,0,375.75,254.6,0,0,0,0,19-APR-2021,
OPTSTK,IRCTC,29-Apr-2021,1380,CE,0,0,0,355.85,235.05,0,0,0,0,19-APR-2021,
OPTSTK,IRCTC,29-Apr-2021,1400,CE,201,201,189.15,189.15,215.75,2,10.36,650,650,19-APR-2021,
OPTSTK,IRCTC,29-Apr-2021,1420,CE,0,0,0,316.15,196.75,0,0,0,0,19-APR-2021,
OPTSTK,IRCTC,29-Apr-2021,1440,CE,0,0,0,296.25,178.15,0,0,0,0,19-APR-2021,
OPTSTK,IRCTC,29-Apr-2021,1460,CE,0,0,0,276.4,160.05,0,0,0,0,19-APR-2021,
OPTSTK,IRCTC,29-Apr-2021,1480,CE,0,0,0,256.5,142.65,0,0,0,0,19-APR-2021,
OPTSTK,IRCTC,29-Apr-2021,1500,CE,0,0,0,220.95,126,0,0,0,0,19-APR-2021,
OPTSTK,IRCTC,29-Apr-2021,1520,CE,0,0,0,216.8,110.25,0,0,0,0,19-APR-2021,
OPTSTK,IRCTC,29-Apr-2021,1540,CE,0,0,0,196.9,95.5,0,0,0,0,19-APR-2021,
OPTSTK,IRCTC,29-Apr-2021,1560,CE,0,0,0,177.05,81.85,0,0,0,0,19-APR-2021,
OPTSTK,IRCTC,29-Apr-2021,1580,CE,55,55,55,55,69.45,1,5.31,325,325,19-APR-2021,
OPTSTK,IRCTC,29-Apr-2021,1600,CE,25,54.05,25,49.85,49.85,587,3134.88,83200,23075,19-APR-2021,
OPTSTK,IRCTC,29-Apr-2021,1620,CE,29.05,41.2,29.05,38.3,38.3,26,139.83,7800,975,19-APR-2021,
OPTSTK,IRCTC,29-Apr-2021,1640,CE,22.05,34.1,20.5,31.1,31.1,231,1251.57,28925,6175,19-APR-2021,
OPTSTK,IRCTC,29-Apr-2021,1660,CE,17.1,25.75,15.95,23.4,23.4,159,867.95,14950,-12675,19-APR-2021,
OPTSTK,IRCTC,29-Apr-2021,1680,CE,13.3,19.3,12.85,18,18,43,236.97,16575,2600,19-APR-2021,
OPTSTK,IRCTC,29-Apr-2021,1700,CE,12.4,15,8.8,13.5,13.5,914,5085.53,120250,0,19-APR-2021,
OPTSTK,IRCTC,29-Apr-2021,1720,CE,4.05,14.95,4.05,10.35,10.35,17,95.55,9750,-1300,19-APR-2021,
OPTSTK,IRCTC,29-Apr-2021,1740,CE,4.3,11,1.1,7.4,7.4,51,289.53,38675,-1950,19-APR-2021,
OPTSTK,IRCTC,29-Apr-2021,1760,CE,7.45,7.45,3.55,6.45,6.45,58,332.73,41275,-3900,19-APR-2021,
OPTSTK,IRCTC,29-Apr-2021,1780,CE,2,8.95,2,4.95,7.1,75,435.22,30550,9100,19-APR-2021,
OPTSTK,IRCTC,29-Apr-2021,1800,CE,3.4,4.85,3.4,4.2,4.2,440,2579.82,167050,-13650,19-APR-2021,
OPTSTK,IRCTC,29-Apr-2021,1820,CE,2.6,2.6,2.6,2.6,3.9,1,5.92,9425,-325,19-APR-2021,
OPTSTK,IRCTC,29-Apr-2021,1840,CE,4.8,4.8,2.1,2.15,2.85,5,29.95,19825,-325,19-APR-2021,
OPTSTK,IRCTC,29-Apr-2021,1860,CE,1.05,1.55,1.05,1.55,2.05,2,12.09,8775,-650,19-APR-2021,
OPTSTK,IRCTC,29-Apr-2021,1880,CE,2.5,2.5,0.55,0.55,1.45,2,12.22,5525,-325,19-APR-2021,
OPTSTK,IRCTC,29-Apr-2021,1900,CE,1.75,2.5,1.75,2,2,111,686.16,102050,-10725,19-APR-2021,
OPTSTK,IRCTC,29-Apr-2021,1920,CE,0,0,0,6,0.75,0,0,5850,0,19-APR-2021,
OPTSTK,IRCTC,29-Apr-2021,1940,CE,1,1,1,1,0.5,1,6.3,6175,0,19-APR-2021,
OPTSTK,IRCTC,29-Apr-2021,1960,CE,0,0,0,4.85,0.35,0,0,8775,0,19-APR-2021,
OPTSTK,IRCTC,29-Apr-2021,1980,CE,0,0,0,7.05,0.25,0,0,650,0,19-APR-2021,
OPTSTK,IRCTC,29-Apr-2021,2000,CE,1.35,2,1.1,1.7,1.7,135,878.2,157950,-21775,19-APR-2021,
OPTSTK,IRCTC,29-Apr-2021,2020,CE,0,0,0,7.65,0.1,0,0,1300,0,19-APR-2021,
OPTSTK,IRCTC,29-Apr-2021,2040,CE,0,0,0,6.75,0.1,0,0,975,0,19-APR-2021,
OPTSTK,IRCTC,29-Apr-2021,2060,CE,0,0,0,2,0.05,0,0,1300,0,19-APR-2021,
OPTSTK,IRCTC,29-Apr-2021,2080,CE,0,0,0,46,0.05,0,0,325,0,19-APR-2021,
OPTSTK,IRCTC,29-Apr-2021,2100,CE,1,1.4,0.85,1.4,1.4,39,266.32,49725,-4550,19-APR-2021,
OPTSTK,IRCTC,29-Apr-2021,2120,CE,0,0,0,0.05,0.05,0,0,0,0,19-APR-2021,
OPTSTK,IRCTC,29-Apr-2021,2140,CE,0,0,0,0.05,0.05,0,0,0,0,19-APR-2021,
OPTSTK,IRCTC,29-Apr-2021,2160,CE,0,0,0,0.05,0,0,0,0,0,19-APR-2021,
OPTSTK,IRCTC,29-Apr-2021,2180,CE,0,0,0,0.05,0,0,0,0,0,19-APR-2021,
OPTSTK,IRCTC,29-Apr-2021,2200,CE,0.7,1.25,0.7,1,1,18,128.75,45175,-4225,19-APR-2021,
OPTSTK,IRCTC,29-Apr-2021,2220,CE,0,0,0,0.05,0,0,0,0,0,19-APR-2021,
OPTSTK,IRCTC,29-Apr-2021,2240,CE,0,0,0,0.05,0,0,0,0,0,19-APR-2021,
OPTSTK,IRCTC,29-Apr-2021,2260,CE,0,0,0,0.05,0,0,0,0,0,19-APR-2021,
OPTSTK,IRCTC,29-Apr-2021,2280,CE,0,0,0,0.05,0,0,0,0,0,19-APR-2021,
OPTSTK,IRCTC,29-Apr-2021,2300,CE,0.9,0.9,0.9,0.9,0,1,7.47,8450,0,19-APR-2021,
OPTSTK,IRCTC,29-Apr-2021,2320,CE,0,0,0,0.05,0,0,0,0,0,19-APR-2021,
OPTSTK,IRCTC,29-Apr-2021,2340,CE,0,0,0,0.05,0,0,0,0,0,19-APR-2021,
OPTSTK,IRCTC,29-Apr-2021,2360,CE,0,0,0,0.05,0,0,0,0,0,19-APR-2021,
OPTSTK,IRCTC,29-Apr-2021,2380,CE,0,0,0,0.05,0,0,0,0,0,19-APR-2021,
OPTSTK,IRCTC,29-Apr-2021,1180,PE,0,0,0,0.05,0,0,0,0,0,19-APR-2021,
OPTSTK,IRCTC,29-Apr-2021,1200,PE,0,0,0,0.05,0,0,0,0,0,19-APR-2021,
OPTSTK,IRCTC,29-Apr-2021,1220,PE,0,0,0,0.05,0.05,0,0,0,0,19-APR-2021,
OPTSTK,IRCTC,29-Apr-2021,1240,PE,0,0,0,0.05,0.05,0,0,0,0,19-APR-2021,
OPTSTK,IRCTC,29-Apr-2021,1260,PE,0,0,0,0.05,0.05,0,0,0,0,19-APR-2021,
OPTSTK,IRCTC,29-Apr-2021,1280,PE,0,0,0,3.3,0.1,0,0,650,0,19-APR-2021,
OPTSTK,IRCTC,29-Apr-2021,1300,PE,0.65,0.65,0.65,0.65,0.15,1,4.22,1625,0,19-APR-2021,
OPTSTK,IRCTC,29-Apr-2021,1320,PE,0,0,0,0.05,0.25,0,0,0,0,19-APR-2021,
OPTSTK,IRCTC,29-Apr-2021,1340,PE,0,0,0,0.05,0.4,0,0,0,0,19-APR-2021,
OPTSTK,IRCTC,29-Apr-2021,1360,PE,0,0,0,0.05,0.65,0,0,0,0,19-APR-2021,
OPTSTK,IRCTC,29-Apr-2021,1380,PE,0,0,0,0.05,1.1,0,0,0,0,19-APR-2021,
OPTSTK,IRCTC,29-Apr-2021,1400,PE,8,9.95,4.15,4.85,4.85,737,3366.69,58500,975,19-APR-2021,
OPTSTK,IRCTC,29-Apr-2021,1420,PE,0,0,0,0.05,2.75,0,0,0,0,19-APR-2021,
OPTSTK,IRCTC,29-Apr-2021,1440,PE,12.75,12.75,4.25,4.25,4.1,4,18.85,1625,650,19-APR-2021,
OPTSTK,IRCTC,29-Apr-2021,1460,PE,0,0,0,9.15,6,0,0,0,0,19-APR-2021,
OPTSTK,IRCTC,29-Apr-2021,1480,PE,14,15,5.15,5.15,8.55,7,33.96,4875,650,19-APR-2021,
OPTSTK,IRCTC,29-Apr-2021,1500,PE,22,22.05,10.9,12.3,12.3,510,2510.9,122525,3250,19-APR-2021,
OPTSTK,IRCTC,29-Apr-2021,1520,PE,15,15.15,15,15.15,16.1,4,19.95,6175,975,19-APR-2021,
OPTSTK,IRCTC,29-Apr-2021,1540,PE,32,32,13.55,19.5,19.5,52,264.22,10725,650,19-APR-2021,
OPTSTK,IRCTC,29-Apr-2021,1560,PE,30,40,23,23.95,23.95,62,320.36,43225,-1300,19-APR-2021,
OPTSTK,IRCTC,29-Apr-2021,1580,PE,38.95,48,27.2,30.2,30.2,50,262.53,7475,3250,19-APR-2021,
OPTSTK,IRCTC,29-Apr-2021,1600,PE,57.3,63,34.9,38.35,38.35,561,3000.54,142675,13000,19-APR-2021,
OPTSTK,IRCTC,29-Apr-2021,1620,PE,63.2,63.2,45,47.3,47.3,14,76.3,4225,-650,19-APR-2021,
OPTSTK,IRCTC,29-Apr-2021,1640,PE,85,85,62.1,62.1,62.1,7,38.86,38350,975,19-APR-2021,
OPTSTK,IRCTC,29-Apr-2021,1660,PE,124.7,124.7,74,75.05,75.05,7,39.7,10075,-325,19-APR-2021,
OPTSTK,IRCTC,29-Apr-2021,1680,PE,87.4,87.4,87.4,87.4,91.45,1,5.74,5850,0,19-APR-2021,
OPTSTK,IRCTC,29-Apr-2021,1700,PE,140,140,98,98,98,17,100.48,73450,-1625,19-APR-2021,
OPTSTK,IRCTC,29-Apr-2021,1720,PE,146.05,146.05,116.7,116.7,116.7,4,24.14,4550,-975,19-APR-2021,
OPTSTK,IRCTC,29-Apr-2021,1740,PE,160.25,160.25,157.55,157.55,138,2,12.34,7475,-325,19-APR-2021,
OPTSTK,IRCTC,29-Apr-2021,1760,PE,185.25,185.25,159,159,155.05,6,37.7,5200,-1625,19-APR-2021,
OPTSTK,IRCTC,29-Apr-2021,1780,PE,0,0,0,169.8,172.75,0,0,2925,0,19-APR-2021,
OPTSTK,IRCTC,29-Apr-2021,1800,PE,227,227,194,194,194,10,65.27,59800,-1950,19-APR-2021,
OPTSTK,IRCTC,29-Apr-2021,1820,PE,0,0,0,100.6,209.5,0,0,325,0,19-APR-2021,
OPTSTK,IRCTC,29-Apr-2021,1840,PE,0,0,0,225.4,228.45,0,0,2275,0,19-APR-2021,
OPTSTK,IRCTC,29-Apr-2021,1860,PE,0,0,0,233.9,247.6,0,0,1300,0,19-APR-2021,
OPTSTK,IRCTC,29-Apr-2021,1880,PE,0,0,0,154.25,267,0,0,650,0,19-APR-2021,
OPTSTK,IRCTC,29-Apr-2021,1900,PE,325,331.55,287.15,287.15,287.15,5,35.98,36725,-650,19-APR-2021,
OPTSTK,IRCTC,29-Apr-2021,1920,PE,0,0,0,180.7,306.25,0,0,0,0,19-APR-2021,
OPTSTK,IRCTC,29-Apr-2021,1940,PE,0,0,0,200.55,326,0,0,0,0,19-APR-2021,
OPTSTK,IRCTC,29-Apr-2021,1960,PE,0,0,0,255,345.8,0,0,325,0,19-APR-2021,
OPTSTK,IRCTC,29-Apr-2021,1980,PE,0,0,0,240.3,365.7,0,0,0,0,19-APR-2021,
OPTSTK,IRCTC,29-Apr-2021,2000,PE,0,0,0,429.15,385.6,0,0,2600,0,19-APR-2021,
OPTSTK,IRCTC,29-Apr-2021,2020,PE,0,0,0,280.05,405.5,0,0,0,0,19-APR-2021,
OPTSTK,IRCTC,29-Apr-2021,2040,PE,0,0,0,299.9,425.45,0,0,0,0,19-APR-2021,
OPTSTK,IRCTC,29-Apr-2021,2060,PE,0,0,0,319.8,445.4,0,0,0,0,19-APR-2021,
OPTSTK,IRCTC,29-Apr-2021,2080,PE,0,0,0,339.65,465.4,0,0,0,0,19-APR-2021,
OPTSTK,IRCTC,29-Apr-2021,2100,PE,0,0,0,359.5,485.35,0,0,0,0,19-APR-2021,
OPTSTK,IRCTC,29-Apr-2021,2120,PE,0,0,0,379.4,505.3,0,0,0,0,19-APR-2021,
OPTSTK,IRCTC,29-Apr-2021,2140,PE,0,0,0,399.25,525.3,0,0,0,0,19-APR-2021,
OPTSTK,IRCTC,29-Apr-2021,2160,PE,0,0,0,419.15,545.3,0,0,0,0,19-APR-2021,
OPTSTK,IRCTC,29-Apr-2021,2180,PE,0,0,0,439,565.25,0,0,0,0,19-APR-2021,
OPTSTK,IRCTC,29-Apr-2021,2200,PE,0,0,0,458.9,585.25,0,0,0,0,19-APR-2021,
OPTSTK,IRCTC,29-Apr-2021,2220,PE,0,0,0,478.75,605.2,0,0,0,0,19-APR-2021,
OPTSTK,IRCTC,29-Apr-2021,2240,PE,0,0,0,498.6,625.2,0,0,0,0,19-APR-2021,
OPTSTK,IRCTC,29-Apr-2021,2260,PE,0,0,0,518.5,645.15,0,0,0,0,19-APR-2021,
OPTSTK,IRCTC,29-Apr-2021,2280,PE,0,0,0,538.35,665.15,0,0,0,0,19-APR-2021,
OPTSTK,IRCTC,29-Apr-2021,2300,PE,0,0,0,558.25,685.15,0,0,0,0,19-APR-2021,
OPTSTK,IRCTC,29-Apr-2021,2320,PE,0,0,0,578.1,705.1,0,0,0,0,19-APR-2021,
OPTSTK,IRCTC,29-Apr-2021,2340,PE,0,0,0,597.95,725.1,0,0,0,0,19-APR-2021,
OPTSTK,IRCTC,29-Apr-2021,2360,PE,0,0,0,617.85,745.05,0,0,0,0,19-APR-2021,
OPTSTK,IRCTC,29-Apr-2021,2380,PE,0,0,0,637.7,765.05,0,0,0,0,19-APR-2021,
OPTSTK,IRCTC,27-May-2021,1180,CE,0,0,0,557.95,438.85,0,0,0,0,19-APR-2021,
OPTSTK,IRCTC,27-May-2021,1200,CE,0,0,0,538.15,419.45,0,0,0,0,19-APR-2021,
OPTSTK,IRCTC,27-May-2021,1220,CE,0,0,0,518.3,400.25,0,0,0,0,19-APR-2021,
OPTSTK,IRCTC,27-May-2021,1240,CE,0,0,0,498.5,381.25,0,0,0,0,19-APR-2021,
OPTSTK,IRCTC,27-May-2021,1260,CE,0,0,0,478.7,362.45,0,0,0,0,19-APR-2021,
OPTSTK,IRCTC,27-May-2021,1280,CE,0,0,0,458.9,343.85,0,0,0,0,19-APR-2021,
OPTSTK,IRCTC,27-May-2021,1300,CE,0,0,0,439.05,325.6,0,0,0,0,19-APR-2021,
OPTSTK,IRCTC,27-May-2021,1320,CE,0,0,0,419.25,307.65,0,0,0,0,19-APR-2021,
OPTSTK,IRCTC,27-May-2021,1340,CE,0,0,0,399.45,290.05,0,0,0,0,19-APR-2021,
OPTSTK,IRCTC,27-May-2021,1360,CE,0,0,0,379.65,272.85,0,0,0,0,19-APR-2021,
OPTSTK,IRCTC,27-May-2021,1380,CE,0,0,0,359.8,256.05,0,0,0,0,19-APR-2021,
OPTSTK,IRCTC,27-May-2021,1400,CE,0,0,0,340,239.8,0,0,0,0,19-APR-2021,
OPTSTK,IRCTC,27-May-2021,1420,CE,0,0,0,320.2,224,0,0,0,0,19-APR-2021,
OPTSTK,IRCTC,27-May-2021,1440,CE,0,0,0,300.35,208.75,0,0,0,0,19-APR-2021,
OPTSTK,IRCTC,27-May-2021,1460,CE,0,0,0,280.55,194.1,0,0,0,0,19-APR-2021,
OPTSTK,IRCTC,27-May-2021,1480,CE,0,0,0,260.75,179.9,0,0,0,0,19-APR-2021,
OPTSTK,IRCTC,27-May-2021,1500,CE,0,0,0,240.95,166.45,0,0,0,0,19-APR-2021,
OPTSTK,IRCTC,27-May-2021,1520,CE,0,0,0,221.1,153.55,0,0,0,0,19-APR-2021,
OPTSTK,IRCTC,27-May-2021,1540,CE,0,0,0,201.3,141.35,0,0,0,0,19-APR-2021,
OPTSTK,IRCTC,27-May-2021,1560,CE,0,0,0,181.5,129.8,0,0,0,0,19-APR-2021,
OPTSTK,IRCTC,27-May-2021,1580,CE,0,0,0,161.65,118.85,0,0,0,0,19-APR-2021,
OPTSTK,IRCTC,27-May-2021,1600,CE,99.95,100,99.95,100,108.6,2,11.04,650,325,19-APR-2021,
OPTSTK,IRCTC,27-May-2021,1620,CE,0,0,0,122.05,98.95,0,0,0,0,19-APR-2021,
OPTSTK,IRCTC,27-May-2021,1640,CE,0,0,0,102.25,89.95,0,0,0,0,19-APR-2021,
OPTSTK,IRCTC,27-May-2021,1660,CE,0,0,0,82.4,81.6,0,0,0,0,19-APR-2021,
OPTSTK,IRCTC,27-May-2021,1680,CE,0,0,0,62.6,73.8,0,0,0,0,19-APR-2021,
OPTSTK,IRCTC,27-May-2021,1700,CE,48.95,48.95,48.95,48.95,66.6,1,5.68,325,325,19-APR-2021,
OPTSTK,IRCTC,27-May-2021,1720,CE,0,0,0,23,59.95,0,0,0,0,19-APR-2021,
OPTSTK,IRCTC,27-May-2021,1740,CE,0,0,0,3.65,53.85,0,0,0,0,19-APR-2021,
OPTSTK,IRCTC,27-May-2021,1760,CE,0,0,0,0.05,48.25,0,0,0,0,19-APR-2021,
OPTSTK,IRCTC,27-May-2021,1780,CE,0,0,0,0.05,43.25,0,0,0,0,19-APR-2021,
OPTSTK,IRCTC,27-May-2021,1800,CE,40,40,23.5,27.35,27.35,22,130.64,16575,2600,19-APR-2021,
OPTSTK,IRCTC,27-May-2021,1820,CE,0,0,0,0.05,34.3,0,0,0,0,19-APR-2021,
OPTSTK,IRCTC,27-May-2021,1840,CE,0,0,0,0.05,30.5,0,0,0,0,19-APR-2021,
OPTSTK,IRCTC,27-May-2021,1860,CE,0,0,0,0.05,27.05,0,0,0,0,19-APR-2021,
OPTSTK,IRCTC,27-May-2021,1880,CE,0,0,0,0.05,23.9,0,0,0,0,19-APR-2021,
OPTSTK,IRCTC,27-May-2021,1900,CE,10,10,10,10,21.1,1,6.2,4225,325,19-APR-2021,
OPTSTK,IRCTC,27-May-2021,1920,CE,0,0,0,0.05,18.6,0,0,0,0,19-APR-2021,
OPTSTK,IRCTC,27-May-2021,1940,CE,0,0,0,0.05,16.35,0,0,0,0,19-APR-2021,
OPTSTK,IRCTC,27-May-2021,1960,CE,0,0,0,0.05,14.35,0,0,0,0,19-APR-2021,
OPTSTK,IRCTC,27-May-2021,1980,CE,0,0,0,0.05,12.55,0,0,0,0,19-APR-2021,
OPTSTK,IRCTC,27-May-2021,2000,CE,14,14,14,14,11,1,6.54,650,325,19-APR-2021,
OPTSTK,IRCTC,27-May-2021,2020,CE,0,0,0,0.05,9.6,0,0,0,0,19-APR-2021,
OPTSTK,IRCTC,27-May-2021,2040,CE,0,0,0,0.05,8.35,0,0,0,0,19-APR-2021,
OPTSTK,IRCTC,27-May-2021,2060,CE,0,0,0,0.05,7.25,0,0,0,0,19-APR-2021,
OPTSTK,IRCTC,27-May-2021,2080,CE,0,0,0,0.05,6.3,0,0,0,0,19-APR-2021,
OPTSTK,IRCTC,27-May-2021,2100,CE,0,0,0,20.4,5.45,0,0,325,0,19-APR-2021,
OPTSTK,IRCTC,27-May-2021,2120,CE,0,0,0,0.05,4.75,0,0,0,0,19-APR-2021,
OPTSTK,IRCTC,27-May-2021,2140,CE,0,0,0,0.05,4.1,0,0,0,0,19-APR-2021,
OPTSTK,IRCTC,27-May-2021,2160,CE,0,0,0,0.05,3.55,0,0,0,0,19-APR-2021,
OPTSTK,IRCTC,27-May-2021,2180,CE,0,0,0,0.05,3.05,0,0,0,0,19-APR-2021,
OPTSTK,IRCTC,27-May-2021,2200,CE,0,0,0,0.05,2.6,0,0,0,0,19-APR-2021,
OPTSTK,IRCTC,27-May-2021,2220,CE,0,0,0,0.05,2.25,0,0,0,0,19-APR-2021,
OPTSTK,IRCTC,27-May-2021,2240,CE,0,0,0,0.05,1.95,0,0,0,0,19-APR-2021,
OPTSTK,IRCTC,27-May-2021,2260,CE,0,0,0,0.05,1.65,0,0,0,0,19-APR-2021,
OPTSTK,IRCTC,27-May-2021,2280,CE,0,0,0,0.05,1.4,0,0,0,0,19-APR-2021,
OPTSTK,IRCTC,27-May-2021,2300,CE,0,0,0,0.05,1.2,0,0,0,0,19-APR-2021,
OPTSTK,IRCTC,27-May-2021,2320,CE,0,0,0,0.05,1.05,0,0,0,0,19-APR-2021,
OPTSTK,IRCTC,27-May-2021,2340,CE,0,0,0,0.05,0.9,0,0,0,0,19-APR-2021,
OPTSTK,IRCTC,27-May-2021,2360,CE,0,0,0,0.05,0.75,0,0,0,0,19-APR-2021,
OPTSTK,IRCTC,27-May-2021,2380,CE,0,0,0,0.05,0.65,0,0,0,0,19-APR-2021,
OPTSTK,IRCTC,27-May-2021,1180,PE,0,0,0,0.05,1.65,0,0,0,0,19-APR-2021,
OPTSTK,IRCTC,27-May-2021,1200,PE,0,0,0,0.05,2.2,0,0,0,0,19-APR-2021,
OPTSTK,IRCTC,27-May-2021,1220,PE,0,0,0,0.05,2.9,0,0,0,0,19-APR-2021,
OPTSTK,IRCTC,27-May-2021,1240,PE,0,0,0,0.05,3.8,0,0,0,0,19-APR-2021,
OPTSTK,IRCTC,27-May-2021,1260,PE,0,0,0,0.05,4.9,0,0,0,0,19-APR-2021,
OPTSTK,IRCTC,27-May-2021,1280,PE,0,0,0,0.05,6.3,0,0,0,0,19-APR-2021,
OPTSTK,IRCTC,27-May-2021,1300,PE,9.95,9.95,9.95,9.95,9.95,5,21.28,1300,1300,19-APR-2021,
OPTSTK,IRCTC,27-May-2021,1320,PE,0,0,0,0.05,9.9,0,0,0,0,19-APR-2021,
OPTSTK,IRCTC,27-May-2021,1340,PE,0,0,0,0.05,12.2,0,0,0,0,19-APR-2021,
OPTSTK,IRCTC,27-May-2021,1360,PE,0,0,0,0.05,14.95,0,0,0,0,19-APR-2021,
OPTSTK,IRCTC,27-May-2021,1380,PE,0,0,0,0.05,18.1,0,0,0,0,19-APR-2021,
OPTSTK,IRCTC,27-May-2021,1400,PE,21.75,21.75,16,17.95,21.7,4,18.44,1950,975,19-APR-2021,
OPTSTK,IRCTC,27-May-2021,1420,PE,0,0,0,0.05,25.85,0,0,0,0,19-APR-2021,
OPTSTK,IRCTC,27-May-2021,1440,PE,0,0,0,0.05,30.55,0,0,0,0,19-APR-2021,
OPTSTK,IRCTC,27-May-2021,1460,PE,0,0,0,0.05,35.8,0,0,0,0,19-APR-2021,
OPTSTK,IRCTC,27-May-2021,1480,PE,0,0,0,0.05,41.55,0,0,0,0,19-APR-2021,
OPTSTK,IRCTC,27-May-2021,1500,PE,45,45,37.55,41,41,24,120.23,14625,3250,19-APR-2021,
OPTSTK,IRCTC,27-May-2021,1520,PE,0,0,0,0.05,55.05,0,0,0,0,19-APR-2021,
OPTSTK,IRCTC,27-May-2021,1540,PE,0,0,0,0.05,62.75,0,0,0,0,19-APR-2021,
OPTSTK,IRCTC,27-May-2021,1560,PE,0,0,0,0.05,71.1,0,0,0,0,19-APR-2021,
OPTSTK,IRCTC,27-May-2021,1580,PE,0,0,0,0.05,80.1,0,0,0,0,19-APR-2021,
OPTSTK,IRCTC,27-May-2021,1600,PE,78,78,74,74,89.75,4,21.77,26325,0,19-APR-2021,
OPTSTK,IRCTC,27-May-2021,1620,PE,0,0,0,0.05,100.05,0,0,0,0,19-APR-2021,
OPTSTK,IRCTC,27-May-2021,1640,PE,0,0,0,0.05,110.95,0,0,0,0,19-APR-2021,
OPTSTK,IRCTC,27-May-2021,1660,PE,105,105,105,105,122.5,1,5.73,325,325,19-APR-2021,
OPTSTK,IRCTC,27-May-2021,1680,PE,0,0,0,0.05,134.65,0,0,0,0,19-APR-2021,
OPTSTK,IRCTC,27-May-2021,1700,PE,145,145,128.4,130,147.4,4,23.83,5850,325,19-APR-2021,
OPTSTK,IRCTC,27-May-2021,1720,PE,0,0,0,0.05,160.65,0,0,0,0,19-APR-2021,
OPTSTK,IRCTC,27-May-2021,1740,PE,0,0,0,0.5,174.5,0,0,0,0,19-APR-2021,
OPTSTK,IRCTC,27-May-2021,1760,PE,0,0,0,16.7,188.8,0,0,0,0,19-APR-2021,
OPTSTK,IRCTC,27-May-2021,1780,PE,0,0,0,36.5,203.7,0,0,0,0,19-APR-2021,
OPTSTK,IRCTC,27-May-2021,1800,PE,0,0,0,155.75,219,0,0,2925,0,19-APR-2021,
OPTSTK,IRCTC,27-May-2021,1820,PE,0,0,0,76.15,234.65,0,0,0,0,19-APR-2021,
OPTSTK,IRCTC,27-May-2021,1840,PE,0,0,0,95.95,250.7,0,0,0,0,19-APR-2021,
OPTSTK,IRCTC,27-May-2021,1860,PE,0,0,0,115.75,267.2,0,0,0,0,19-APR-2021,
OPTSTK,IRCTC,27-May-2021,1880,PE,0,0,0,135.6,284,0,0,0,0,19-APR-2021,
OPTSTK,IRCTC,27-May-2021,1900,PE,300,300,300,300,301.1,1,7.15,2925,0,19-APR-2021,
OPTSTK,IRCTC,27-May-2021,1920,PE,0,0,0,175.2,318.5,0,0,0,0,19-APR-2021,
OPTSTK,IRCTC,27-May-2021,1940,PE,0,0,0,195,336.2,0,0,0,0,19-APR-2021,
OPTSTK,IRCTC,27-May-2021,1960,PE,0,0,0,214.85,354.1,0,0,0,0,19-APR-2021,
OPTSTK,IRCTC,27-May-2021,1980,PE,0,0,0,234.65,372.25,0,0,0,0,19-APR-2021,
OPTSTK,IRCTC,27-May-2021,2000,PE,0,0,0,254.45,390.6,0,0,0,0,19-APR-2021,
OPTSTK,IRCTC,27-May-2021,2020,PE,0,0,0,274.25,409.1,0,0,0,0,19-APR-2021,
OPTSTK,IRCTC,27-May-2021,2040,PE,0,0,0,294.1,427.8,0,0,0,0,19-APR-2021,
OPTSTK,IRCTC,27-May-2021,2060,PE,0,0,0,313.9,446.65,0,0,0,0,19-APR-2021,
OPTSTK,IRCTC,27-May-2021,2080,PE,0,0,0,333.7,465.6,0,0,0,0,19-APR-2021,
OPTSTK,IRCTC,27-May-2021,2100,PE,0,0,0,353.55,484.7,0,0,0,0,19-APR-2021,
OPTSTK,IRCTC,27-May-2021,2120,PE,0,0,0,373.35,503.85,0,0,0,0,19-APR-2021,
OPTSTK,IRCTC,27-May-2021,2140,PE,0,0,0,393.15,523.15,0,0,0,0,19-APR-2021,
OPTSTK,IRCTC,27-May-2021,2160,PE,0,0,0,412.95,542.5,0,0,0,0,19-APR-2021,
OPTSTK,IRCTC,27-May-2021,2180,PE,0,0,0,432.8,561.95,0,0,0,0,19-APR-2021,
OPTSTK,IRCTC,27-May-2021,2200,PE,0,0,0,452.6,581.45,0,0,0,0,19-APR-2021,
OPTSTK,IRCTC,27-May-2021,2220,PE,0,0,0,472.4,601,0,0,0,0,19-APR-2021,
OPTSTK,IRCTC,27-May-2021,2240,PE,0,0,0,492.25,620.6,0,0,0,0,19-APR-2021,
OPTSTK,IRCTC,27-May-2021,2260,PE,0,0,0,512.05,640.25,0,0,0,0,19-APR-2021,
OPTSTK,IRCTC,27-May-2021,2280,PE,0,0,0,531.85,659.95,0,0,0,0,19-APR-2021,
OPTSTK,IRCTC,27-May-2021,2300,PE,0,0,0,551.65,679.65,0,0,0,0,19-APR-2021,
OPTSTK,IRCTC,27-May-2021,2320,PE,0,0,0,571.5,699.4,0,0,0,0,19-APR-2021,
OPTSTK,IRCTC,27-May-2021,2340,PE,0,0,0,591.3,719.15,0,0,0,0,19-APR-2021,
OPTSTK,IRCTC,27-May-2021,2360,PE,0,0,0,611.1,738.95,0,0,0,0,19-APR-2021,
OPTSTK,IRCTC,27-May-2021,2380,PE,0,0,0,630.9,758.75,0,0,0,0,19-APR-2021,
OPTSTK,IRCTC,24-Jun-2021,1180,CE,0,0,0,560.25,447.7,0,0,0,0,19-APR-2021,
OPTSTK,IRCTC,24-Jun-2021,1200,CE,0,0,0,541.85,429.35,0,0,0,0,19-APR-2021,
OPTSTK,IRCTC,24-Jun-2021,1220,CE,0,0,0,523.65,411.3,0,0,0,0,19-APR-2021,
OPTSTK,IRCTC,24-Jun-2021,1240,CE,0,0,0,505.65,393.5,0,0,0,0,19-APR-2021,
OPTSTK,IRCTC,24-Jun-2021,1260,CE,0,0,0,487.85,376,0,0,0,0,19-APR-2021,
OPTSTK,IRCTC,24-Jun-2021,1280,CE,0,0,0,470.35,358.85,0,0,0,0,19-APR-2021,
OPTSTK,IRCTC,24-Jun-2021,1300,CE,0,0,0,453.1,342,0,0,0,0,19-APR-2021,
OPTSTK,IRCTC,24-Jun-2021,1320,CE,0,0,0,436.1,325.55,0,0,0,0,19-APR-2021,
OPTSTK,IRCTC,24-Jun-2021,1340,CE,0,0,0,419.45,309.45,0,0,0,0,19-APR-2021,
OPTSTK,IRCTC,24-Jun-2021,1360,CE,0,0,0,403.05,293.8,0,0,0,0,19-APR-2021,
OPTSTK,IRCTC,24-Jun-2021,1380,CE,0,0,0,387,278.55,0,0,0,0,19-APR-2021,
OPTSTK,IRCTC,24-Jun-2021,1400,CE,0,0,0,371.3,263.8,0,0,0,0,19-APR-2021,
OPTSTK,IRCTC,24-Jun-2021,1420,CE,0,0,0,355.9,249.4,0,0,0,0,19-APR-2021,
OPTSTK,IRCTC,24-Jun-2021,1440,CE,0,0,0,340.9,235.5,0,0,0,0,19-APR-2021,
OPTSTK,IRCTC,24-Jun-2021,1460,CE,0,0,0,326.3,222.05,0,0,0,0,19-APR-2021,
OPTSTK,IRCTC,24-Jun-2021,1480,CE,0,0,0,312,209.15,0,0,0,0,19-APR-2021,
OPTSTK,IRCTC,24-Jun-2021,1500,CE,0,0,0,298.1,196.7,0,0,0,0,19-APR-2021,
OPTSTK,IRCTC,24-Jun-2021,1520,CE,0,0,0,284.6,184.8,0,0,0,0,19-APR-2021,
OPTSTK,IRCTC,24-Jun-2021,1540,CE,0,0,0,271.4,173.4,0,0,0,0,19-APR-2021,
OPTSTK,IRCTC,24-Jun-2021,1560,CE,0,0,0,258.7,162.45,0,0,0,0,19-APR-2021,
OPTSTK,IRCTC,24-Jun-2021,1580,CE,0,0,0,246.4,152.05,0,0,0,0,19-APR-2021,
OPTSTK,IRCTC,24-Jun-2021,1600,CE,0,0,0,234.5,142.1,0,0,0,0,19-APR-2021,
OPTSTK,IRCTC,24-Jun-2021,1620,CE,0,0,0,223,132.65,0,0,0,0,19-APR-2021,
OPTSTK,IRCTC,24-Jun-2021,1640,CE,0,0,0,211.95,123.65,0,0,0,0,19-APR-2021,
OPTSTK,IRCTC,24-Jun-2021,1660,CE,0,0,0,201.25,115.15,0,0,0,0,19-APR-2021,
OPTSTK,IRCTC,24-Jun-2021,1680,CE,0,0,0,190.95,107.1,0,0,0,0,19-APR-2021,
OPTSTK,IRCTC,24-Jun-2021,1700,CE,0,0,0,181.05,99.5,0,0,0,0,19-APR-2021,
OPTSTK,IRCTC,24-Jun-2021,1720,CE,0,0,0,171.55,92.35,0,0,0,0,19-APR-2021,
OPTSTK,IRCTC,24-Jun-2021,1740,CE,0,0,0,162.4,85.6,0,0,0,0,19-APR-2021,
OPTSTK,IRCTC,24-Jun-2021,1760,CE,0,0,0,153.7,79.25,0,0,0,0,19-APR-2021,
OPTSTK,IRCTC,24-Jun-2021,1780,CE,0,0,0,145.3,73.3,0,0,0,0,19-APR-2021,
OPTSTK,IRCTC,24-Jun-2021,1800,CE,0,0,0,137.3,67.7,0,0,0,0,19-APR-2021,
OPTSTK,IRCTC,24-Jun-2021,1820,CE,0,0,0,129.65,62.5,0,0,0,0,19-APR-2021,
OPTSTK,IRCTC,24-Jun-2021,1840,CE,0,0,0,122.35,57.7,0,0,0,0,19-APR-2021,
OPTSTK,IRCTC,24-Jun-2021,1860,CE,0,0,0,115.4,53.15,0,0,0,0,19-APR-2021,
OPTSTK,IRCTC,24-Jun-2021,1880,CE,0,0,0,108.75,48.95,0,0,0,0,19-APR-2021,
OPTSTK,IRCTC,24-Jun-2021,1900,CE,0,0,0,102.45,44.95,0,0,0,0,19-APR-2021,
OPTSTK,IRCTC,24-Jun-2021,1920,CE,0,0,0,96.4,41.3,0,0,0,0,19-APR-2021,
OPTSTK,IRCTC,24-Jun-2021,1940,CE,0,0,0,90.7,37.9,0,0,0,0,19-APR-2021,
OPTSTK,IRCTC,24-Jun-2021,1960,CE,0,0,0,85.3,34.75,0,0,0,0,19-APR-2021,
OPTSTK,IRCTC,24-Jun-2021,1980,CE,0,0,0,80.25,31.85,0,0,0,0,19-APR-2021,
OPTSTK,IRCTC,24-Jun-2021,2000,CE,0,0,0,75.35,29.15,0,0,0,0,19-APR-2021,
OPTSTK,IRCTC,24-Jun-2021,2020,CE,0,0,0,70.75,26.65,0,0,0,0,19-APR-2021,
OPTSTK,IRCTC,24-Jun-2021,2040,CE,0,0,0,66.4,24.35,0,0,0,0,19-APR-2021,
OPTSTK,IRCTC,24-Jun-2021,2060,CE,0,0,0,62.3,22.25,0,0,0,0,19-APR-2021,
OPTSTK,IRCTC,24-Jun-2021,2080,CE,0,0,0,58.4,20.3,0,0,0,0,19-APR-2021,
OPTSTK,IRCTC,24-Jun-2021,2100,CE,0,0,0,54.65,18.5,0,0,0,0,19-APR-2021,
OPTSTK,IRCTC,24-Jun-2021,2120,CE,0,0,0,51.2,16.85,0,0,0,0,19-APR-2021,
OPTSTK,IRCTC,24-Jun-2021,2140,CE,0,0,0,47.9,15.35,0,0,0,0,19-APR-2021,
OPTSTK,IRCTC,24-Jun-2021,2160,CE,0,0,0,44.85,13.95,0,0,0,0,19-APR-2021,
OPTSTK,IRCTC,24-Jun-2021,2180,CE,0,0,0,41.95,12.65,0,0,0,0,19-APR-2021,
OPTSTK,IRCTC,24-Jun-2021,2200,CE,0,0,0,39.2,11.5,0,0,0,0,19-APR-2021,
OPTSTK,IRCTC,24-Jun-2021,2220,CE,0,0,0,36.6,10.45,0,0,0,0,19-APR-2021,
OPTSTK,IRCTC,24-Jun-2021,2240,CE,0,0,0,34.2,9.5,0,0,0,0,19-APR-2021,
OPTSTK,IRCTC,24-Jun-2021,2260,CE,0,0,0,31.95,8.6,0,0,0,0,19-APR-2021,
OPTSTK,IRCTC,24-Jun-2021,2280,CE,0,0,0,29.8,7.8,0,0,0,0,19-APR-2021,
OPTSTK,IRCTC,24-Jun-2021,2300,CE,0,0,0,27.8,7.05,0,0,0,0,19-APR-2021,
OPTSTK,IRCTC,24-Jun-2021,2320,CE,0,0,0,25.9,6.4,0,0,0,0,19-APR-2021,
OPTSTK,IRCTC,24-Jun-2021,2340,CE,0,0,0,24.15,5.75,0,0,0,0,19-APR-2021,
OPTSTK,IRCTC,24-Jun-2021,2360,CE,0,0,0,22.5,5.2,0,0,0,0,19-APR-2021,
OPTSTK,IRCTC,24-Jun-2021,2380,CE,0,0,0,20.95,4.7,0,0,0,0,19-APR-2021,
OPTSTK,IRCTC,24-Jun-2021,1180,PE,0,0,0,7.4,7.1,0,0,0,0,19-APR-2021,
OPTSTK,IRCTC,24-Jun-2021,1200,PE,0,0,0,8.8,8.65,0,0,0,0,19-APR-2021,
OPTSTK,IRCTC,24-Jun-2021,1220,PE,0,0,0,10.45,10.45,0,0,0,0,19-APR-2021,
OPTSTK,IRCTC,24-Jun-2021,1240,PE,0,0,0,12.25,12.5,0,0,0,0,19-APR-2021,
OPTSTK,IRCTC,24-Jun-2021,1260,PE,0,0,0,14.3,14.9,0,0,0,0,19-APR-2021,
OPTSTK,IRCTC,24-Jun-2021,1280,PE,0,0,0,16.6,17.6,0,0,0,0,19-APR-2021,
OPTSTK,IRCTC,24-Jun-2021,1300,PE,0,0,0,19.15,20.6,0,0,0,0,19-APR-2021,
OPTSTK,IRCTC,24-Jun-2021,1320,PE,0,0,0,22,24,0,0,0,0,19-APR-2021,
OPTSTK,IRCTC,24-Jun-2021,1340,PE,0,0,0,25.1,27.8,0,0,0,0,19-APR-2021,
OPTSTK,IRCTC,24-Jun-2021,1360,PE,0,0,0,28.55,32,0,0,0,0,19-APR-2021,
OPTSTK,IRCTC,24-Jun-2021,1380,PE,0,0,0,32.3,36.6,0,0,0,0,19-APR-2021,
OPTSTK,IRCTC,24-Jun-2021,1400,PE,0,0,0,36.4,41.7,0,0,0,0,19-APR-2021,
OPTSTK,IRCTC,24-Jun-2021,1420,PE,0,0,0,40.85,47.2,0,0,0,0,19-APR-2021,
OPTSTK,IRCTC,24-Jun-2021,1440,PE,0,0,0,45.65,53.2,0,0,0,0,19-APR-2021,
OPTSTK,IRCTC,24-Jun-2021,1460,PE,0,0,0,50.85,59.6,0,0,0,0,19-APR-2021,
OPTSTK,IRCTC,24-Jun-2021,1480,PE,0,0,0,56.4,66.55,0,0,0,0,19-APR-2021,
OPTSTK,IRCTC,24-Jun-2021,1500,PE,0,0,0,62.3,74,0,0,0,0,19-APR-2021,
OPTSTK,IRCTC,24-Jun-2021,1520,PE,0,0,0,68.6,81.95,0,0,0,0,19-APR-2021,
OPTSTK,IRCTC,24-Jun-2021,1540,PE,0,0,0,75.25,90.35,0,0,0,0,19-APR-2021,
OPTSTK,IRCTC,24-Jun-2021,1560,PE,0,0,0,82.35,99.3,0,0,0,0,19-APR-2021,
OPTSTK,IRCTC,24-Jun-2021,1580,PE,0,0,0,89.85,108.75,0,0,0,0,19-APR-2021,
OPTSTK,IRCTC,24-Jun-2021,1600,PE,0,0,0,97.75,118.65,0,0,0,0,19-APR-2021,
OPTSTK,IRCTC,24-Jun-2021,1620,PE,0,0,0,106.1,129.1,0,0,0,0,19-APR-2021,
OPTSTK,IRCTC,24-Jun-2021,1640,PE,0,0,0,114.8,140,0,0,0,0,19-APR-2021,
OPTSTK,IRCTC,24-Jun-2021,1660,PE,0,0,0,123.95,151.35,0,0,0,0,19-APR-2021,
OPTSTK,IRCTC,24-Jun-2021,1680,PE,0,0,0,133.45,163.15,0,0,0,0,19-APR-2021,
OPTSTK,IRCTC,24-Jun-2021,1700,PE,0,0,0,143.4,175.4,0,0,0,0,19-APR-2021,
OPTSTK,IRCTC,24-Jun-2021,1720,PE,0,0,0,153.7,188.1,0,0,0,0,19-APR-2021,
OPTSTK,IRCTC,24-Jun-2021,1740,PE,0,0,0,164.4,201.25,0,0,0,0,19-APR-2021,
OPTSTK,IRCTC,24-Jun-2021,1760,PE,0,0,0,175.45,214.75,0,0,0,0,19-APR-2021,
OPTSTK,IRCTC,24-Jun-2021,1780,PE,0,0,0,186.9,228.65,0,0,0,0,19-APR-2021,
OPTSTK,IRCTC,24-Jun-2021,1800,PE,0,0,0,198.7,242.95,0,0,0,0,19-APR-2021,
OPTSTK,IRCTC,24-Jun-2021,1820,PE,0,0,0,210.85,257.6,0,0,0,0,19-APR-2021,
OPTSTK,IRCTC,24-Jun-2021,1840,PE,0,0,0,223.35,272.65,0,0,0,0,19-APR-2021,
OPTSTK,IRCTC,24-Jun-2021,1860,PE,0,0,0,236.2,288,0,0,0,0,19-APR-2021,
OPTSTK,IRCTC,24-Jun-2021,1880,PE,0,0,0,249.4,303.65,0,0,0,0,19-APR-2021,
OPTSTK,IRCTC,24-Jun-2021,1900,PE,0,0,0,262.9,319.5,0,0,0,0,19-APR-2021,
OPTSTK,IRCTC,24-Jun-2021,1920,PE,0,0,0,276.7,335.7,0,0,0,0,19-APR-2021,
OPTSTK,IRCTC,24-Jun-2021,1940,PE,0,0,0,290.8,352.2,0,0,0,0,19-APR-2021,
OPTSTK,IRCTC,24-Jun-2021,1960,PE,0,0,0,305.2,368.9,0,0,0,0,19-APR-2021,
OPTSTK,IRCTC,24-Jun-2021,1980,PE,0,0,0,319.95,385.85,0,0,0,0,19-APR-2021,
OPTSTK,IRCTC,24-Jun-2021,2000,PE,0,0,0,334.9,403,0,0,0,0,19-APR-2021,
OPTSTK,IRCTC,24-Jun-2021,2020,PE,0,0,0,350.1,420.4,0,0,0,0,19-APR-2021,
OPTSTK,IRCTC,24-Jun-2021,2040,PE,0,0,0,365.6,437.95,0,0,0,0,19-APR-2021,
OPTSTK,IRCTC,24-Jun-2021,2060,PE,0,0,0,381.3,455.7,0,0,0,0,19-APR-2021,
OPTSTK,IRCTC,24-Jun-2021,2080,PE,0,0,0,397.2,473.6,0,0,0,0,19-APR-2021,
OPTSTK,IRCTC,24-Jun-2021,2100,PE,0,0,0,413.25,491.7,0,0,0,0,19-APR-2021,
OPTSTK,IRCTC,24-Jun-2021,2120,PE,0,0,0,429.6,509.9,0,0,0,0,19-APR-2021,
OPTSTK,IRCTC,24-Jun-2021,2140,PE,0,0,0,446.15,528.25,0,0,0,0,19-APR-2021,
OPTSTK,IRCTC,24-Jun-2021,2160,PE,0,0,0,462.9,546.75,0,0,0,0,19-APR-2021,
OPTSTK,IRCTC,24-Jun-2021,2180,PE,0,0,0,479.8,565.35,0,0,0,0,19-APR-2021,
OPTSTK,IRCTC,24-Jun-2021,2200,PE,0,0,0,496.85,584.05,0,0,0,0,19-APR-2021,
OPTSTK,IRCTC,24-Jun-2021,2220,PE,0,0,0,514.1,602.85,0,0,0,0,19-APR-2021,
OPTSTK,IRCTC,24-Jun-2021,2240,PE,0,0,0,531.5,621.75,0,0,0,0,19-APR-2021,
OPTSTK,IRCTC,24-Jun-2021,2260,PE,0,0,0,549.05,640.7,0,0,0,0,19-APR-2021,
OPTSTK,IRCTC,24-Jun-2021,2280,PE,0,0,0,566.75,659.8,0,0,0,0,19-APR-2021,
OPTSTK,IRCTC,24-Jun-2021,2300,PE,0,0,0,584.55,678.9,0,0,0,0,19-APR-2021,
OPTSTK,IRCTC,24-Jun-2021,2320,PE,0,0,0,602.5,698.1,0,0,0,0,19-APR-2021,
OPTSTK,IRCTC,24-Jun-2021,2340,PE,0,0,0,620.55,717.35,0,0,0,0,19-APR-2021,
OPTSTK,IRCTC,24-Jun-2021,2360,PE,0,0,0,638.7,736.65,0,0,0,0,19-APR-2021,
OPTSTK,IRCTC,24-Jun-2021,2380,PE,0,0,0,656.95,756.05,0,0,0,0,19-APR-2021,
OPTSTK,ITC,29-Apr-2021,127.5,CE,0,0,0,80.35,78.25,0,0,0,0,19-APR-2021,
OPTSTK,ITC,29-Apr-2021,130,CE,0,0,0,77.9,75.75,0,0,0,0,19-APR-2021,
OPTSTK,ITC,29-Apr-2021,132.5,CE,0,0,0,75.45,73.25,0,0,0,0,19-APR-2021,
OPTSTK,ITC,29-Apr-2021,135,CE,0,0,0,73,70.75,0,0,0,0,19-APR-2021,
OPTSTK,ITC,29-Apr-2021,137.5,CE,0,0,0,70.55,68.25,0,0,0,0,19-APR-2021,
OPTSTK,ITC,29-Apr-2021,140,CE,0,0,0,68.1,65.75,0,0,0,0,19-APR-2021,
OPTSTK,ITC,29-Apr-2021,142.5,CE,0,0,0,65.7,63.25,0,0,0,0,19-APR-2021,
OPTSTK,ITC,29-Apr-2021,145,CE,0,0,0,63.3,60.75,0,0,0,0,19-APR-2021,
OPTSTK,ITC,29-Apr-2021,147.5,CE,0,0,0,60.9,58.25,0,0,0,0,19-APR-2021,
OPTSTK,ITC,29-Apr-2021,150,CE,0,0,0,58.55,55.75,0,0,0,0,19-APR-2021,
OPTSTK,ITC,29-Apr-2021,152.5,CE,0,0,0,56.2,53.25,0,0,0,0,19-APR-2021,
OPTSTK,ITC,29-Apr-2021,155,CE,0,0,0,53.9,50.75,0,0,0,0,19-APR-2021,
OPTSTK,ITC,29-Apr-2021,157.5,CE,0,0,0,51.6,48.3,0,0,0,0,19-APR-2021,
OPTSTK,ITC,29-Apr-2021,160,CE,0,0,0,49.35,45.8,0,0,0,0,19-APR-2021,
OPTSTK,ITC,29-Apr-2021,162.5,CE,0,0,0,47.15,43.3,0,0,0,0,19-APR-2021,
OPTSTK,ITC,29-Apr-2021,165,CE,0,0,0,44.95,40.8,0,0,0,0,19-APR-2021,
OPTSTK,ITC,29-Apr-2021,167.5,CE,0,0,0,42.8,38.3,0,0,0,0,19-APR-2021,
OPTSTK,ITC,29-Apr-2021,170,CE,0,0,0,40.7,35.8,0,0,0,0,19-APR-2021,
OPTSTK,ITC,29-Apr-2021,172.5,CE,0,0,0,38.65,33.3,0,0,0,0,19-APR-2021,
OPTSTK,ITC,29-Apr-2021,175,CE,0,0,0,36.65,30.8,0,0,0,0,19-APR-2021,
OPTSTK,ITC,29-Apr-2021,177.5,CE,0,0,0,34.7,28.35,0,0,0,0,19-APR-2021,
OPTSTK,ITC,29-Apr-2021,180,CE,0,0,0,30,25.85,0,0,86400,0,19-APR-2021,
OPTSTK,ITC,29-Apr-2021,182.5,CE,0,0,0,31,23.4,0,0,0,0,19-APR-2021,
OPTSTK,ITC,29-Apr-2021,185,CE,0,0,0,29.2,21,0,0,0,0,19-APR-2021,
OPTSTK,ITC,29-Apr-2021,187.5,CE,0,0,0,27.5,18.65,0,0,0,0,19-APR-2021,
OPTSTK,ITC,29-Apr-2021,190,CE,15.2,16.15,15.1,16.15,16.15,17,111.76,73600,9600,19-APR-2021,
OPTSTK,ITC,29-Apr-2021,192.5,CE,0,0,0,24.25,14.2,0,0,0,0,19-APR-2021,
OPTSTK,ITC,29-Apr-2021,195,CE,11.55,11.55,10.65,11.5,11.5,15,98.94,124800,19200,19-APR-2021,
OPTSTK,ITC,29-Apr-2021,197.5,CE,8.8,9.4,8.8,9.2,10.2,4,26.45,3200,3200,19-APR-2021,
OPTSTK,ITC,29-Apr-2021,200,CE,6.95,7.6,6.45,7.25,7.25,680,4504.94,1232000,131200,19-APR-2021,
OPTSTK,ITC,29-Apr-2021,202.5,CE,5,5.85,4.75,5.45,5.45,324,2153.38,172800,86400,19-APR-2021,
OPTSTK,ITC,29-Apr-2021,205,CE,4.4,4.4,3.45,4,4,1775,11863.7,1737600,595200,19-APR-2021,
OPTSTK,ITC,29-Apr-2021,207.5,CE,3.3,3.3,2.45,2.85,2.85,663,4461.38,1180800,147200,19-APR-2021,
OPTSTK,ITC,29-Apr-2021,210,CE,2.55,2.55,1.8,2.1,2.1,5351,36306.78,7520000,585600,19-APR-2021,
OPTSTK,ITC,29-Apr-2021,212.5,CE,2.6,2.6,1.2,1.5,1.5,612,4190.71,1136000,9600,19-APR-2021,
OPTSTK,ITC,29-Apr-2021,215,CE,1.65,1.65,1,1.15,1.15,2330,16113.48,8188800,-105600,19-APR-2021,
OPTSTK,ITC,29-Apr-2021,217.5,CE,0.85,1,0.8,0.9,0.9,479,3347.2,889600,-329600,19-APR-2021,
OPTSTK,ITC,29-Apr-2021,220,CE,1,1,0.6,0.7,0.7,4903,34624.51,15843200,-899200,19-APR-2021,
OPTSTK,ITC,29-Apr-2021,222.5,CE,0.55,0.6,0.5,0.55,0.55,184,1313.35,1152000,-99200,19-APR-2021,
OPTSTK,ITC,29-Apr-2021,225,CE,0.65,0.65,0.4,0.45,0.45,1048,7560.51,6681600,-313600,19-APR-2021,
OPTSTK,ITC,29-Apr-2021,227.5,CE,0.45,0.45,0.3,0.4,0.4,92,670.86,601600,-41600,19-APR-2021,
OPTSTK,ITC,29-Apr-2021,230,CE,0.45,0.45,0.25,0.35,0.35,2378,17525.53,10099200,-659200,19-APR-2021,
OPTSTK,ITC,29-Apr-2021,232.5,CE,0.3,0.3,0.25,0.3,0.3,48,357.53,329600,-70400,19-APR-2021,
OPTSTK,ITC,29-Apr-2021,235,CE,0.2,0.3,0.2,0.3,0.3,213,1603.45,2867200,-288000,19-APR-2021,
OPTSTK,ITC,29-Apr-2021,237.5,CE,0.2,0.25,0.2,0.25,0.05,4,30.42,262400,-3200,19-APR-2021,
OPTSTK,ITC,29-Apr-2021,240,CE,0.2,0.25,0.15,0.25,0.25,828,6364.08,7369600,-323200,19-APR-2021,
OPTSTK,ITC,29-Apr-2021,242.5,CE,0.4,0.4,0.15,0.15,0.05,20,155.32,316800,3200,19-APR-2021,
OPTSTK,ITC,29-Apr-2021,245,CE,0.2,0.2,0.1,0.15,0.15,118,925.67,768000,-291200,19-APR-2021,
OPTSTK,ITC,29-Apr-2021,247.5,CE,0,0,0,0.2,0.05,0,0,12800,0,19-APR-2021,
OPTSTK,ITC,29-Apr-2021,250,CE,0.15,0.15,0.05,0.15,0.15,1086,8691.56,8400000,-800000,19-APR-2021,
OPTSTK,ITC,29-Apr-2021,252.5,CE,0.1,0.1,0.1,0.1,0,2,16.16,345600,-3200,19-APR-2021,
OPTSTK,ITC,29-Apr-2021,255,CE,0.1,0.1,0.05,0.05,0,42,342.81,739200,-83200,19-APR-2021,
OPTSTK,ITC,29-Apr-2021,257.5,CE,0,0,0,2.9,0,0,0,0,0,19-APR-2021,
OPTSTK,ITC,29-Apr-2021,260,CE,0.05,0.1,0.05,0.05,0.05,195,1622.71,3884800,-169600,19-APR-2021,
OPTSTK,ITC,29-Apr-2021,262.5,CE,0,0,0,0.2,0,0,0,3200,0,19-APR-2021,
OPTSTK,ITC,29-Apr-2021,265,CE,0.05,0.05,0.05,0.05,0,40,339.26,380800,-108800,19-APR-2021,
OPTSTK,ITC,29-Apr-2021,267.5,CE,0,0,0,1.95,0,0,0,0,0,19-APR-2021,
OPTSTK,ITC,29-Apr-2021,270,CE,0.05,0.05,0.05,0.05,0.05,11,95.05,3686400,-12800,19-APR-2021,
OPTSTK,ITC,29-Apr-2021,272.5,CE,0,0,0,0.05,0,0,0,534400,0,19-APR-2021,
OPTSTK,ITC,29-Apr-2021,275,CE,0.05,0.05,0.05,0.05,0,34,299.25,646400,38400,19-APR-2021,
OPTSTK,ITC,29-Apr-2021,277.5,CE,0,0,0,0.05,0,0,0,291200,0,19-APR-2021,
OPTSTK,ITC,29-Apr-2021,127.5,PE,0,0,0,0.05,0,0,0,0,0,19-APR-2021,
OPTSTK,ITC,29-Apr-2021,130,PE,0,0,0,0.05,0,0,0,3200,0,19-APR-2021,
OPTSTK,ITC,29-Apr-2021,132.5,PE,0,0,0,0.1,0,0,0,0,0,19-APR-2021,
OPTSTK,ITC,29-Apr-2021,135,PE,0,0,0,0.2,0,0,0,6400,0,19-APR-2021,
OPTSTK,ITC,29-Apr-2021,137.5,PE,0,0,0,0.15,0,0,0,0,0,19-APR-2021,
OPTSTK,ITC,29-Apr-2021,140,PE,0,0,0,0.05,0,0,0,0,0,19-APR-2021,
OPTSTK,ITC,29-Apr-2021,142.5,PE,0,0,0,0.3,0,0,0,0,0,19-APR-2021,
OPTSTK,ITC,29-Apr-2021,145,PE,0,0,0,0.35,0,0,0,0,0,19-APR-2021,
OPTSTK,ITC,29-Apr-2021,147.5,PE,0,0,0,1.5,0,0,0,25600,0,19-APR-2021,
OPTSTK,ITC,29-Apr-2021,150,PE,0.2,0.2,0.1,0.1,0,15,72.06,166400,22400,19-APR-2021,
OPTSTK,ITC,29-Apr-2021,152.5,PE,0,0,0,0.7,0,0,0,0,0,19-APR-2021,
OPTSTK,ITC,29-Apr-2021,155,PE,0,0,0,0.85,0,0,0,0,0,19-APR-2021,
OPTSTK,ITC,29-Apr-2021,157.5,PE,0,0,0,1.05,0,0,0,0,0,19-APR-2021,
OPTSTK,ITC,29-Apr-2021,160,PE,0.1,0.25,0.05,0.05,0.05,15,76.85,140800,12800,19-APR-2021,
OPTSTK,ITC,29-Apr-2021,162.5,PE,0,0,0,1.55,0,0,0,0,0,19-APR-2021,
OPTSTK,ITC,29-Apr-2021,165,PE,0,0,0,0.1,0,0,0,6400,0,19-APR-2021,
OPTSTK,ITC,29-Apr-2021,167.5,PE,0,0,0,2.15,0,0,0,0,0,19-APR-2021,
OPTSTK,ITC,29-Apr-2021,170,PE,0.25,0.25,0.15,0.15,0,13,70.79,265600,-16000,19-APR-2021,
OPTSTK,ITC,29-Apr-2021,172.5,PE,0,0,0,2.95,0.05,0,0,0,0,19-APR-2021,
OPTSTK,ITC,29-Apr-2021,175,PE,0.25,0.25,0.25,0.25,0.25,3,16.82,96000,-3200,19-APR-2021,
OPTSTK,ITC,29-Apr-2021,177.5,PE,0,0,0,3.95,0.05,0,0,0,0,19-APR-2021,
OPTSTK,ITC,29-Apr-2021,180,PE,0.35,0.35,0.2,0.25,0.25,100,576.88,1264000,-28800,19-APR-2021,
OPTSTK,ITC,29-Apr-2021,182.5,PE,0,0,0,5.2,0.15,0,0,0,0,19-APR-2021,
OPTSTK,ITC,29-Apr-2021,185,PE,0.4,0.4,0.25,0.25,0.25,102,604.91,451200,25600,19-APR-2021,
OPTSTK,ITC,29-Apr-2021,187.5,PE,0.4,0.45,0.4,0.4,0.35,4,24.05,99200,3200,19-APR-2021,
OPTSTK,ITC,29-Apr-2021,190,PE,0.55,0.6,0.35,0.4,0.4,549,3346.95,2278400,131200,19-APR-2021,
OPTSTK,ITC,29-Apr-2021,192.5,PE,0.55,0.75,0.5,0.5,0.5,434,2682.57,992000,60800,19-APR-2021,
OPTSTK,ITC,29-Apr-2021,195,PE,0.8,1.05,0.65,0.7,0.7,960,6016.82,1804800,268800,19-APR-2021,
OPTSTK,ITC,29-Apr-2021,197.5,PE,1.1,1.4,0.95,1.05,1.05,389,2474.08,528000,-16000,19-APR-2021,
OPTSTK,ITC,29-Apr-2021,200,PE,1.45,2.05,1.4,1.5,1.5,1676,10821.45,5324800,166400,19-APR-2021,
OPTSTK,ITC,29-Apr-2021,202.5,PE,2.6,2.9,2,2.2,2.2,372,2440.84,713600,-19200,19-APR-2021,
OPTSTK,ITC,29-Apr-2021,205,PE,3.3,4.1,3,3.2,3.2,1561,10421.5,3737600,-233600,19-APR-2021,
OPTSTK,ITC,29-Apr-2021,207.5,PE,4.3,5.55,4.25,4.6,4.6,332,2257.98,755200,-108800,19-APR-2021,
OPTSTK,ITC,29-Apr-2021,210,PE,5.95,7.4,5.65,6.2,6.2,694,4814.12,4780800,-496000,19-APR-2021,
OPTSTK,ITC,29-Apr-2021,212.5,PE,8.15,9.25,8.15,8.35,8.35,56,396.53,739200,-41600,19-APR-2021,
OPTSTK,ITC,29-Apr-2021,215,PE,10.65,11.65,10.15,10.35,10.35,136,982.82,2400000,-262400,19-APR-2021,
OPTSTK,ITC,29-Apr-2021,217.5,PE,9.75,13.75,9.75,12.55,12.55,26,191.51,278400,-57600,19-APR-2021,
OPTSTK,ITC,29-Apr-2021,220,PE,14.95,16.05,14.7,14.95,14.95,165,1243.21,3584000,-172800,19-APR-2021,
OPTSTK,ITC,29-Apr-2021,222.5,PE,17.95,18.1,17.95,18.1,17.35,2,15.39,140800,-3200,19-APR-2021,
OPTSTK,ITC,29-Apr-2021,225,PE,21,21,19.7,19.9,19.9,44,345.3,1139200,-105600,19-APR-2021,
OPTSTK,ITC,29-Apr-2021,227.5,PE,0,0,0,19.7,22,0,0,41600,0,19-APR-2021,
OPTSTK,ITC,29-Apr-2021,230,PE,26,26,24.4,24.4,24.4,17,138.94,1139200,-32000,19-APR-2021,
OPTSTK,ITC,29-Apr-2021,232.5,PE,0,0,0,15.8,26.8,0,0,3200,0,19-APR-2021,
OPTSTK,ITC,29-Apr-2021,235,PE,30.6,30.6,30.2,30.2,29.25,2,16.98,83200,-3200,19-APR-2021,
OPTSTK,ITC,29-Apr-2021,237.5,PE,0,0,0,34.8,31.75,0,0,0,0,19-APR-2021,
OPTSTK,ITC,29-Apr-2021,240,PE,35.3,35.3,34.5,34.5,34.5,3,26.37,633600,-6400,19-APR-2021,
OPTSTK,ITC,29-Apr-2021,242.5,PE,0,0,0,38.75,36.7,0,0,0,0,19-APR-2021,
OPTSTK,ITC,29-Apr-2021,245,PE,0,0,0,40.8,39.2,0,0,0,0,19-APR-2021,
OPTSTK,ITC,29-Apr-2021,247.5,PE,0,0,0,42.85,41.7,0,0,0,0,19-APR-2021,
OPTSTK,ITC,29-Apr-2021,250,PE,45.35,45.55,45.35,45.55,44.15,2,18.9,332800,-6400,19-APR-2021,
OPTSTK,ITC,29-Apr-2021,252.5,PE,0,0,0,47.1,46.65,0,0,0,0,19-APR-2021,
OPTSTK,ITC,29-Apr-2021,255,PE,0,0,0,49.25,49.15,0,0,0,0,19-APR-2021,
OPTSTK,ITC,29-Apr-2021,257.5,PE,0,0,0,51.45,51.65,0,0,0,0,19-APR-2021,
OPTSTK,ITC,29-Apr-2021,260,PE,0,0,0,50.5,54.15,0,0,92800,0,19-APR-2021,
OPTSTK,ITC,29-Apr-2021,262.5,PE,0,0,0,55.85,56.65,0,0,0,0,19-APR-2021,
OPTSTK,ITC,29-Apr-2021,265,PE,0,0,0,58.1,59.15,0,0,0,0,19-APR-2021,
OPTSTK,ITC,29-Apr-2021,267.5,PE,0,0,0,60.4,61.65,0,0,0,0,19-APR-2021,
OPTSTK,ITC,29-Apr-2021,270,PE,0,0,0,62.7,64.15,0,0,0,0,19-APR-2021,
OPTSTK,ITC,29-Apr-2021,272.5,PE,0,0,0,65,66.65,0,0,0,0,19-APR-2021,
OPTSTK,ITC,29-Apr-2021,275,PE,0,0,0,67.3,69.15,0,0,0,0,19-APR-2021,
OPTSTK,ITC,29-Apr-2021,277.5,PE,0,0,0,69.65,71.65,0,0,0,0,19-APR-2021,
OPTSTK,ITC,27-May-2021,127.5,CE,0,0,0,82.9,78.6,0,0,0,0,19-APR-2021,
OPTSTK,ITC,27-May-2021,130,CE,0,0,0,80.45,76.15,0,0,0,0,19-APR-2021,
OPTSTK,ITC,27-May-2021,132.5,CE,0,0,0,78,73.65,0,0,0,0,19-APR-2021,
OPTSTK,ITC,27-May-2021,135,CE,61.55,61.55,61.55,61.55,71.15,1,6.28,3200,3200,19-APR-2021,
OPTSTK,ITC,27-May-2021,137.5,CE,0,0,0,73.1,68.65,0,0,0,0,19-APR-2021,
OPTSTK,ITC,27-May-2021,140,CE,0,0,0,70.65,66.15,0,0,0,0,19-APR-2021,
OPTSTK,ITC,27-May-2021,142.5,CE,0,0,0,68.25,63.7,0,0,0,0,19-APR-2021,
OPTSTK,ITC,27-May-2021,145,CE,0,0,0,65.85,61.2,0,0,0,0,19-APR-2021,
OPTSTK,ITC,27-May-2021,147.5,CE,0,0,0,63.45,58.7,0,0,0,0,19-APR-2021,
OPTSTK,ITC,27-May-2021,150,CE,0,0,0,61.05,56.25,0,0,0,0,19-APR-2021,
OPTSTK,ITC,27-May-2021,152.5,CE,0,0,0,58.7,53.75,0,0,0,0,19-APR-2021,
OPTSTK,ITC,27-May-2021,155,CE,0,0,0,56.4,51.3,0,0,0,0,19-APR-2021,
OPTSTK,ITC,27-May-2021,157.5,CE,0,0,0,54.1,48.85,0,0,0,0,19-APR-2021,
OPTSTK,ITC,27-May-2021,160,CE,0,0,0,51.8,46.4,0,0,0,0,19-APR-2021,
OPTSTK,ITC,27-May-2021,162.5,CE,0,0,0,49.6,43.95,0,0,0,0,19-APR-2021,
OPTSTK,ITC,27-May-2021,165,CE,0,0,0,47.4,41.55,0,0,0,0,19-APR-2021,
OPTSTK,ITC,27-May-2021,167.5,CE,0,0,0,45.2,39.15,0,0,0,0,19-APR-2021,
OPTSTK,ITC,27-May-2021,170,CE,0,0,0,43.1,36.8,0,0,0,0,19-APR-2021,
OPTSTK,ITC,27-May-2021,172.5,CE,0,0,0,41,34.5,0,0,0,0,19-APR-2021,
OPTSTK,ITC,27-May-2021,175,CE,0,0,0,39,32.2,0,0,0,0,19-APR-2021,
OPTSTK,ITC,27-May-2021,177.5,CE,0,0,0,37,30,0,0,0,0,19-APR-2021,
OPTSTK,ITC,27-May-2021,180,CE,0,0,0,35.05,27.8,0,0,0,0,19-APR-2021,
OPTSTK,ITC,27-May-2021,182.5,CE,0,0,0,33.2,25.7,0,0,0,0,19-APR-2021,
OPTSTK,ITC,27-May-2021,185,CE,28.05,28.05,16.6,16.6,23.65,2,13.26,3200,3200,19-APR-2021,
OPTSTK,ITC,27-May-2021,187.5,CE,0,0,0,29.6,21.7,0,0,0,0,19-APR-2021,
OPTSTK,ITC,27-May-2021,190,CE,0,0,0,27.9,19.85,0,0,0,0,19-APR-2021,
OPTSTK,ITC,27-May-2021,192.5,CE,0,0,0,26.25,18.05,0,0,0,0,19-APR-2021,
OPTSTK,ITC,27-May-2021,195,CE,14,14,14,14,16.35,1,6.68,3200,3200,19-APR-2021,
OPTSTK,ITC,27-May-2021,197.5,CE,0,0,0,23.15,14.8,0,0,0,0,19-APR-2021,
OPTSTK,ITC,27-May-2021,200,CE,11.8,11.95,10.55,11.55,11.55,128,865.26,428800,195200,19-APR-2021,
OPTSTK,ITC,27-May-2021,202.5,CE,0,0,0,20.3,11.9,0,0,0,0,19-APR-2021,
OPTSTK,ITC,27-May-2021,205,CE,9.85,9.85,8.1,8.7,8.7,67,458.04,172800,99200,19-APR-2021,
OPTSTK,ITC,27-May-2021,207.5,CE,0,0,0,17.75,9.4,0,0,0,0,19-APR-2021,
OPTSTK,ITC,27-May-2021,210,CE,5.75,7.1,5.75,6.55,6.55,269,1864.41,1449600,316800,19-APR-2021,
OPTSTK,ITC,27-May-2021,212.5,CE,0,0,0,15.4,7.3,0,0,0,0,19-APR-2021,
OPTSTK,ITC,27-May-2021,215,CE,5.9,5.9,4.5,4.85,4.85,94,661.29,240000,115200,19-APR-2021,
OPTSTK,ITC,27-May-2021,217.5,CE,0,0,0,11.1,5.6,0,0,9600,0,19-APR-2021,
OPTSTK,ITC,27-May-2021,220,CE,4.4,4.4,3.4,3.5,3.5,376,2690.3,1872000,275200,19-APR-2021,
OPTSTK,ITC,27-May-2021,222.5,CE,5.3,5.3,2.1,3.8,3.8,3,21.71,12800,6400,19-APR-2021,
OPTSTK,ITC,27-May-2021,225,CE,2.8,3,2.45,2.45,2.45,74,539.05,240000,99200,19-APR-2021,
OPTSTK,ITC,27-May-2021,227.5,CE,4.05,4.05,2.35,2.4,3.1,4,29.51,12800,6400,19-APR-2021,
OPTSTK,ITC,27-May-2021,230,CE,2.15,2.2,1.9,1.95,1.95,159,1180.41,940800,163200,19-APR-2021,
OPTSTK,ITC,27-May-2021,232.5,CE,0,0,0,8.3,2.3,0,0,0,0,19-APR-2021,
OPTSTK,ITC,27-May-2021,235,CE,2.6,2.6,2.6,2.6,1.95,1,7.6,6400,3200,19-APR-2021,
OPTSTK,ITC,27-May-2021,237.5,CE,0,0,0,7.05,1.65,0,0,0,0,19-APR-2021,
OPTSTK,ITC,27-May-2021,240,CE,1.35,1.5,1.25,1.35,1.35,113,872.79,988800,112000,19-APR-2021,
OPTSTK,ITC,27-May-2021,242.5,CE,0,0,0,5.95,1.15,0,0,0,0,19-APR-2021,
OPTSTK,ITC,27-May-2021,245,CE,1.45,1.45,1.45,1.45,0.95,1,7.88,16000,0,19-APR-2021,
OPTSTK,ITC,27-May-2021,247.5,CE,0,0,0,5,0.8,0,0,0,0,19-APR-2021,
OPTSTK,ITC,27-May-2021,250,CE,0.9,1,0.8,0.9,0.9,72,578.04,1174400,32000,19-APR-2021,
OPTSTK,ITC,27-May-2021,252.5,CE,0,0,0,4.15,0.55,0,0,0,0,19-APR-2021,
OPTSTK,ITC,27-May-2021,255,CE,0,0,0,3.8,0.45,0,0,0,0,19-APR-2021,
OPTSTK,ITC,27-May-2021,257.5,CE,0,0,0,3.45,0.4,0,0,0,0,19-APR-2021,
OPTSTK,ITC,27-May-2021,260,CE,0.7,0.7,0.55,0.6,0.6,4,33.35,108800,6400,19-APR-2021,
OPTSTK,ITC,27-May-2021,262.5,CE,0,0,0,2.9,0.25,0,0,0,0,19-APR-2021,
OPTSTK,ITC,27-May-2021,265,CE,0,0,0,2.65,0.2,0,0,0,0,19-APR-2021,
OPTSTK,ITC,27-May-2021,267.5,CE,0,0,0,2.4,0.2,0,0,0,0,19-APR-2021,
OPTSTK,ITC,27-May-2021,270,CE,0.6,0.6,0.5,0.55,0.55,13,112.54,348800,16000,19-APR-2021,
OPTSTK,ITC,27-May-2021,272.5,CE,0,0,0,1.95,0.1,0,0,0,0,19-APR-2021,
OPTSTK,ITC,27-May-2021,275,CE,0,0,0,1.8,0.1,0,0,0,0,19-APR-2021,
OPTSTK,ITC,27-May-2021,277.5,CE,0,0,0,1.6,0.1,0,0,0,0,19-APR-2021,
OPTSTK,ITC,27-May-2021,127.5,PE,0,0,0,0.05,0,0,0,0,0,19-APR-2021,
OPTSTK,ITC,27-May-2021,130,PE,0,0,0,0.1,0,0,0,0,0,19-APR-2021,
OPTSTK,ITC,27-May-2021,132.5,PE,0,0,0,0.1,0,0,0,0,0,19-APR-2021,
OPTSTK,ITC,27-May-2021,135,PE,0.05,0.05,0.05,0.05,0,1,4.32,3200,3200,19-APR-2021,
OPTSTK,ITC,27-May-2021,137.5,PE,0,0,0,0.15,0,0,0,0,0,19-APR-2021,
OPTSTK,ITC,27-May-2021,140,PE,0,0,0,0.25,0,0,0,0,0,19-APR-2021,
OPTSTK,ITC,27-May-2021,142.5,PE,0,0,0,0.25,0.05,0,0,0,0,19-APR-2021,
OPTSTK,ITC,27-May-2021,145,PE,0,0,0,0.35,0.05,0,0,0,0,19-APR-2021,
OPTSTK,ITC,27-May-2021,147.5,PE,0,0,0,0.4,0.05,0,0,0,0,19-APR-2021,
OPTSTK,ITC,27-May-2021,150,PE,0,0,0,1.3,0.05,0,0,0,0,19-APR-2021,
OPTSTK,ITC,27-May-2021,152.5,PE,0,0,0,0.65,0.05,0,0,0,0,19-APR-2021,
OPTSTK,ITC,27-May-2021,155,PE,0,0,0,0.8,0.1,0,0,0,0,19-APR-2021,
OPTSTK,ITC,27-May-2021,157.5,PE,0,0,0,1,0.1,0,0,0,0,19-APR-2021,
OPTSTK,ITC,27-May-2021,160,PE,0,0,0,1.2,0.15,0,0,0,0,19-APR-2021,
OPTSTK,ITC,27-May-2021,162.5,PE,0,0,0,1.4,0.2,0,0,0,0,19-APR-2021,
OPTSTK,ITC,27-May-2021,165,PE,0,0,0,1.7,0.3,0,0,0,0,19-APR-2021,
OPTSTK,ITC,27-May-2021,167.5,PE,0,0,0,2,0.4,0,0,0,0,19-APR-2021,
OPTSTK,ITC,27-May-2021,170,PE,0.7,0.7,0.6,0.6,0.6,5,27.29,60800,16000,19-APR-2021,
OPTSTK,ITC,27-May-2021,172.5,PE,0,0,0,2.75,0.7,0,0,0,0,19-APR-2021,
OPTSTK,ITC,27-May-2021,175,PE,0,0,0,3.2,0.9,0,0,0,0,19-APR-2021,
OPTSTK,ITC,27-May-2021,177.5,PE,0,0,0,3.7,1.2,0,0,0,0,19-APR-2021,
OPTSTK,ITC,27-May-2021,180,PE,1,1.15,0.9,1.15,1.5,53,307.08,323200,124800,19-APR-2021,
OPTSTK,ITC,27-May-2021,182.5,PE,0,0,0,4.85,1.9,0,0,0,0,19-APR-2021,
OPTSTK,ITC,27-May-2021,185,PE,1.8,1.8,1.3,1.3,2.35,3,17.9,6400,6400,19-APR-2021,
OPTSTK,ITC,27-May-2021,187.5,PE,0,0,0,6.2,2.9,0,0,0,0,19-APR-2021,
OPTSTK,ITC,27-May-2021,190,PE,2.1,2.4,1.85,2.05,2.05,81,497.86,713600,112000,19-APR-2021,
OPTSTK,ITC,27-May-2021,192.5,PE,0,0,0,7.8,4.2,0,0,0,0,19-APR-2021,
OPTSTK,ITC,27-May-2021,195,PE,3.1,3.4,3,3.15,3.15,35,221.97,201600,64000,19-APR-2021,
OPTSTK,ITC,27-May-2021,197.5,PE,0,0,0,9.65,5.9,0,0,0,0,19-APR-2021,
OPTSTK,ITC,27-May-2021,200,PE,5,5.5,4.75,4.85,4.85,199,1305.56,1648000,118400,19-APR-2021,
OPTSTK,ITC,27-May-2021,202.5,PE,0,0,0,11.8,8,0,0,0,0,19-APR-2021,
OPTSTK,ITC,27-May-2021,205,PE,8,8,6.6,6.95,6.95,30,203.69,275200,64000,19-APR-2021,
OPTSTK,ITC,27-May-2021,207.5,PE,0,0,0,14.15,10.5,0,0,0,0,19-APR-2021,
OPTSTK,ITC,27-May-2021,210,PE,10.7,10.95,9.7,9.9,9.9,62,437.1,1123200,83200,19-APR-2021,
OPTSTK,ITC,27-May-2021,212.5,PE,0,0,0,16.75,13.4,0,0,0,0,19-APR-2021,
OPTSTK,ITC,27-May-2021,215,PE,14.5,14.5,13,13.3,14.95,19,139.11,886400,9600,19-APR-2021,
OPTSTK,ITC,27-May-2021,217.5,PE,0,0,0,19.6,16.65,0,0,0,0,19-APR-2021,
OPTSTK,ITC,27-May-2021,220,PE,17.75,17.85,16.7,17.35,17.35,32,242.81,294400,76800,19-APR-2021,
OPTSTK,ITC,27-May-2021,222.5,PE,0,0,0,22.7,20.25,0,0,0,0,19-APR-2021,
OPTSTK,ITC,27-May-2021,225,PE,0,0,0,13.8,22.15,0,0,12800,0,19-APR-2021,
OPTSTK,ITC,27-May-2021,227.5,PE,0,0,0,26,24.15,0,0,0,0,19-APR-2021,
OPTSTK,ITC,27-May-2021,230,PE,25.4,26.25,25.4,25.45,26.15,5,40.92,48000,6400,19-APR-2021,
OPTSTK,ITC,27-May-2021,232.5,PE,0,0,0,29.5,28.25,0,0,0,0,19-APR-2021,
OPTSTK,ITC,27-May-2021,235,PE,0,0,0,24.75,30.4,0,0,6400,0,19-APR-2021,
OPTSTK,ITC,27-May-2021,237.5,PE,0,0,0,33.2,32.6,0,0,0,0,19-APR-2021,
OPTSTK,ITC,27-May-2021,240,PE,35,35,35,35,34.85,1,8.8,147200,0,19-APR-2021,
OPTSTK,ITC,27-May-2021,242.5,PE,0,0,0,37.05,37.1,0,0,0,0,19-APR-2021,
OPTSTK,ITC,27-May-2021,245,PE,0,0,0,39,39.4,0,0,0,0,19-APR-2021,
OPTSTK,ITC,27-May-2021,247.5,PE,0,0,0,41.05,41.75,0,0,0,0,19-APR-2021,
OPTSTK,ITC,27-May-2021,250,PE,0,0,0,36.75,44.1,0,0,19200,0,19-APR-2021,
OPTSTK,ITC,27-May-2021,252.5,PE,0,0,0,45.15,46.5,0,0,0,0,19-APR-2021,
OPTSTK,ITC,27-May-2021,255,PE,0,0,0,47.3,48.85,0,0,0,0,19-APR-2021,
OPTSTK,ITC,27-May-2021,257.5,PE,0,0,0,49.45,51.3,0,0,0,0,19-APR-2021,
OPTSTK,ITC,27-May-2021,260,PE,0,0,0,50,53.7,0,0,9600,0,19-APR-2021,
OPTSTK,ITC,27-May-2021,262.5,PE,0,0,0,53.8,56.15,0,0,0,0,19-APR-2021,
OPTSTK,ITC,27-May-2021,265,PE,0,0,0,56,58.6,0,0,0,0,19-APR-2021,
OPTSTK,ITC,27-May-2021,267.5,PE,0,0,0,58.25,61.05,0,0,0,0,19-APR-2021,
OPTSTK,ITC,27-May-2021,270,PE,0,0,0,60.5,63.5,0,0,0,0,19-APR-2021,
OPTSTK,ITC,27-May-2021,272.5,PE,0,0,0,62.8,65.95,0,0,0,0,19-APR-2021,
OPTSTK,ITC,27-May-2021,275,PE,0,0,0,65.1,68.45,0,0,0,0,19-APR-2021,
OPTSTK,ITC,27-May-2021,277.5,PE,0,0,0,67.4,70.9,0,0,0,0,19-APR-2021,
OPTSTK,ITC,24-Jun-2021,127.5,CE,0,0,0,85.35,79,0,0,0,0,19-APR-2021,
OPTSTK,ITC,24-Jun-2021,130,CE,0,0,0,82.85,76.5,0,0,0,0,19-APR-2021,
OPTSTK,ITC,24-Jun-2021,132.5,CE,0,0,0,80.4,74.05,0,0,0,0,19-APR-2021,
OPTSTK,ITC,24-Jun-2021,135,CE,0,0,0,77.95,71.55,0,0,0,0,19-APR-2021,
OPTSTK,ITC,24-Jun-2021,137.5,CE,0,0,0,75.5,69.1,0,0,0,0,19-APR-2021,
OPTSTK,ITC,24-Jun-2021,140,CE,0,0,0,73.05,66.65,0,0,0,0,19-APR-2021,
OPTSTK,ITC,24-Jun-2021,142.5,CE,0,0,0,70.65,64.15,0,0,0,0,19-APR-2021,
OPTSTK,ITC,24-Jun-2021,145,CE,0,0,0,68.2,61.7,0,0,0,0,19-APR-2021,
OPTSTK,ITC,24-Jun-2021,147.5,CE,0,0,0,65.8,59.3,0,0,0,0,19-APR-2021,
OPTSTK,ITC,24-Jun-2021,150,CE,0,0,0,63.4,56.85,0,0,0,0,19-APR-2021,
OPTSTK,ITC,24-Jun-2021,152.5,CE,0,0,0,61.05,54.45,0,0,0,0,19-APR-2021,
OPTSTK,ITC,24-Jun-2021,155,CE,0,0,0,58.7,52.05,0,0,0,0,19-APR-2021,
OPTSTK,ITC,24-Jun-2021,157.5,CE,0,0,0,56.35,49.7,0,0,0,0,19-APR-2021,
OPTSTK,ITC,24-Jun-2021,160,CE,0,0,0,54.05,47.35,0,0,0,0,19-APR-2021,
OPTSTK,ITC,24-Jun-2021,162.5,CE,0,0,0,51.8,45.05,0,0,0,0,19-APR-2021,
OPTSTK,ITC,24-Jun-2021,165,CE,0,0,0,49.55,42.75,0,0,0,0,19-APR-2021,
OPTSTK,ITC,24-Jun-2021,167.5,CE,0,0,0,47.35,40.5,0,0,0,0,19-APR-2021,
OPTSTK,ITC,24-Jun-2021,170,CE,0,0,0,45.15,38.3,0,0,0,0,19-APR-2021,
OPTSTK,ITC,24-Jun-2021,172.5,CE,0,0,0,43.05,36.15,0,0,0,0,19-APR-2021,
OPTSTK,ITC,24-Jun-2021,175,CE,0,0,0,40.95,34.05,0,0,0,0,19-APR-2021,
OPTSTK,ITC,24-Jun-2021,177.5,CE,0,0,0,38.9,32,0,0,0,0,19-APR-2021,
OPTSTK,ITC,24-Jun-2021,180,CE,0,0,0,36.95,30,0,0,0,0,19-APR-2021,
OPTSTK,ITC,24-Jun-2021,182.5,CE,0,0,0,35,28.1,0,0,0,0,19-APR-2021,
OPTSTK,ITC,24-Jun-2021,185,CE,0,0,0,33.1,26.25,0,0,0,0,19-APR-2021,
OPTSTK,ITC,24-Jun-2021,187.5,CE,0,0,0,31.3,24.45,0,0,0,0,19-APR-2021,
OPTSTK,ITC,24-Jun-2021,190,CE,0,0,0,29.55,22.75,0,0,0,0,19-APR-2021,
OPTSTK,ITC,24-Jun-2021,192.5,CE,0,0,0,27.8,21.1,0,0,0,0,19-APR-2021,
OPTSTK,ITC,24-Jun-2021,195,CE,0,0,0,26.2,19.5,0,0,0,0,19-APR-2021,
OPTSTK,ITC,24-Jun-2021,197.5,CE,0,0,0,24.6,18.05,0,0,0,0,19-APR-2021,
OPTSTK,ITC,24-Jun-2021,200,CE,12,13,11.5,12.5,12.5,20,135.58,128000,57600,19-APR-2021,
OPTSTK,ITC,24-Jun-2021,202.5,CE,0,0,0,21.6,15.25,0,0,0,0,19-APR-2021,
OPTSTK,ITC,24-Jun-2021,205,CE,0,0,0,20.25,14,0,0,0,0,19-APR-2021,
OPTSTK,ITC,24-Jun-2021,207.5,CE,0,0,0,18.9,12.85,0,0,0,0,19-APR-2021,
OPTSTK,ITC,24-Jun-2021,210,CE,8.5,8.5,7.5,8.05,8.05,25,174.31,278400,28800,19-APR-2021,
OPTSTK,ITC,24-Jun-2021,212.5,CE,0,0,0,16.45,10.7,0,0,0,0,19-APR-2021,
OPTSTK,ITC,24-Jun-2021,215,CE,0,0,0,15.3,9.7,0,0,0,0,19-APR-2021,
OPTSTK,ITC,24-Jun-2021,217.5,CE,0,0,0,14.2,8.8,0,0,0,0,19-APR-2021,
OPTSTK,ITC,24-Jun-2021,220,CE,5.55,5.55,4.8,5.25,5.25,15,108.03,275200,16000,19-APR-2021,
OPTSTK,ITC,24-Jun-2021,222.5,CE,0,0,0,12.2,7.2,0,0,0,0,19-APR-2021,
OPTSTK,ITC,24-Jun-2021,225,CE,0,0,0,11.3,6.5,0,0,0,0,19-APR-2021,
OPTSTK,ITC,24-Jun-2021,227.5,CE,0,0,0,10.45,5.85,0,0,0,0,19-APR-2021,
OPTSTK,ITC,24-Jun-2021,230,CE,4,4,2.85,3.5,5.25,3,22.41,147200,0,19-APR-2021,
OPTSTK,ITC,24-Jun-2021,232.5,CE,0,0,0,8.9,4.75,0,0,0,0,19-APR-2021,
OPTSTK,ITC,24-Jun-2021,235,CE,0,0,0,8.2,4.25,0,0,0,0,19-APR-2021,
OPTSTK,ITC,24-Jun-2021,237.5,CE,0,0,0,7.55,3.8,0,0,0,0,19-APR-2021,
OPTSTK,ITC,24-Jun-2021,240,CE,2.4,2.4,1.6,2,2,18,139.33,112000,19200,19-APR-2021,
OPTSTK,ITC,24-Jun-2021,242.5,CE,0,0,0,6.4,3,0,0,0,0,19-APR-2021,
OPTSTK,ITC,24-Jun-2021,245,CE,0,0,0,5.85,2.65,0,0,0,0,19-APR-2021,
OPTSTK,ITC,24-Jun-2021,247.5,CE,0,0,0,5.35,2.35,0,0,0,0,19-APR-2021,
OPTSTK,ITC,24-Jun-2021,250,CE,1.75,1.75,1.5,1.65,1.65,6,48.31,300800,3200,19-APR-2021,
OPTSTK,ITC,24-Jun-2021,252.5,CE,0,0,0,4.5,1.85,0,0,0,0,19-APR-2021,
OPTSTK,ITC,24-Jun-2021,255,CE,0,0,0,4.1,1.65,0,0,0,0,19-APR-2021,
OPTSTK,ITC,24-Jun-2021,257.5,CE,0,0,0,3.75,1.45,0,0,0,0,19-APR-2021,
OPTSTK,ITC,24-Jun-2021,260,CE,0,0,0,3.4,1.25,0,0,0,0,19-APR-2021,
OPTSTK,ITC,24-Jun-2021,262.5,CE,0,0,0,3.1,1.1,0,0,0,0,19-APR-2021,
OPTSTK,ITC,24-Jun-2021,265,CE,0,0,0,2.8,1,0,0,0,0,19-APR-2021,
OPTSTK,ITC,24-Jun-2021,267.5,CE,0,0,0,2.55,0.85,0,0,0,0,19-APR-2021,
OPTSTK,ITC,24-Jun-2021,270,CE,0,0,0,2.35,0.75,0,0,0,0,19-APR-2021,
OPTSTK,ITC,24-Jun-2021,272.5,CE,0,0,0,2.1,0.65,0,0,0,0,19-APR-2021,
OPTSTK,ITC,24-Jun-2021,275,CE,0,0,0,1.9,0.6,0,0,0,0,19-APR-2021,
OPTSTK,ITC,24-Jun-2021,277.5,CE,0,0,0,1.75,0.5,0,0,0,0,19-APR-2021,
OPTSTK,ITC,24-Jun-2021,127.5,PE,0,0,0,0.05,0.05,0,0,0,0,19-APR-2021,
OPTSTK,ITC,24-Jun-2021,130,PE,0,0,0,0.05,0.05,0,0,0,0,19-APR-2021,
OPTSTK,ITC,24-Jun-2021,132.5,PE,0,0,0,0.1,0.05,0,0,0,0,19-APR-2021,
OPTSTK,ITC,24-Jun-2021,135,PE,0,0,0,0.1,0.05,0,0,0,0,19-APR-2021,
OPTSTK,ITC,24-Jun-2021,137.5,PE,0,0,0,0.15,0.05,0,0,0,0,19-APR-2021,
OPTSTK,ITC,24-Jun-2021,140,PE,0,0,0,0.15,0.1,0,0,0,0,19-APR-2021,
OPTSTK,ITC,24-Jun-2021,142.5,PE,0,0,0,0.2,0.1,0,0,0,0,19-APR-2021,
OPTSTK,ITC,24-Jun-2021,145,PE,0,0,0,0.25,0.15,0,0,0,0,19-APR-2021,
OPTSTK,ITC,24-Jun-2021,147.5,PE,0,0,0,0.35,0.2,0,0,0,0,19-APR-2021,
OPTSTK,ITC,24-Jun-2021,150,PE,0,0,0,0.4,0.25,0,0,0,0,19-APR-2021,
OPTSTK,ITC,24-Jun-2021,152.5,PE,0,0,0,0.5,0.3,0,0,0,0,19-APR-2021,
OPTSTK,ITC,24-Jun-2021,155,PE,0,0,0,0.65,0.4,0,0,0,0,19-APR-2021,
OPTSTK,ITC,24-Jun-2021,157.5,PE,0,0,0,0.8,0.5,0,0,0,0,19-APR-2021,
OPTSTK,ITC,24-Jun-2021,160,PE,0,0,0,0.95,0.65,0,0,0,0,19-APR-2021,
OPTSTK,ITC,24-Jun-2021,162.5,PE,0,0,0,1.15,0.85,0,0,0,0,19-APR-2021,
OPTSTK,ITC,24-Jun-2021,165,PE,0,0,0,1.4,1.05,0,0,0,0,19-APR-2021,
OPTSTK,ITC,24-Jun-2021,167.5,PE,0,0,0,1.65,1.3,0,0,0,0,19-APR-2021,
OPTSTK,ITC,24-Jun-2021,170,PE,0,0,0,2,1.55,0,0,0,0,19-APR-2021,
OPTSTK,ITC,24-Jun-2021,172.5,PE,0,0,0,2.35,1.9,0,0,0,0,19-APR-2021,
OPTSTK,ITC,24-Jun-2021,175,PE,0,0,0,2.75,2.3,0,0,0,0,19-APR-2021,
OPTSTK,ITC,24-Jun-2021,177.5,PE,0,0,0,3.15,2.7,0,0,0,0,19-APR-2021,
OPTSTK,ITC,24-Jun-2021,180,PE,0,0,0,1.15,3.2,0,0,19200,0,19-APR-2021,
OPTSTK,ITC,24-Jun-2021,182.5,PE,0,0,0,4.2,3.75,0,0,0,0,19-APR-2021,
OPTSTK,ITC,24-Jun-2021,185,PE,0,0,0,4.8,4.4,0,0,0,0,19-APR-2021,
OPTSTK,ITC,24-Jun-2021,187.5,PE,0,0,0,5.45,5.1,0,0,0,0,19-APR-2021,
OPTSTK,ITC,24-Jun-2021,190,PE,3.2,3.6,3.2,3.6,5.85,6,37.15,67200,12800,19-APR-2021,
OPTSTK,ITC,24-Jun-2021,192.5,PE,0,0,0,6.95,6.7,0,0,0,0,19-APR-2021,
OPTSTK,ITC,24-Jun-2021,195,PE,0,0,0,7.75,7.6,0,0,0,0,19-APR-2021,
OPTSTK,ITC,24-Jun-2021,197.5,PE,0,0,0,8.65,8.6,0,0,0,0,19-APR-2021,
OPTSTK,ITC,24-Jun-2021,200,PE,7.5,7.9,6.8,7.5,9.65,32,212.43,777600,67200,19-APR-2021,
OPTSTK,ITC,24-Jun-2021,202.5,PE,0,0,0,10.65,10.8,0,0,0,0,19-APR-2021,
OPTSTK,ITC,24-Jun-2021,205,PE,0,0,0,8.5,12.05,0,0,3200,0,19-APR-2021,
OPTSTK,ITC,24-Jun-2021,207.5,PE,0,0,0,14.5,13.3,0,0,3200,0,19-APR-2021,
OPTSTK,ITC,24-Jun-2021,210,PE,16.5,16.5,12.6,12.85,12.85,7,50.46,99200,-9600,19-APR-2021,
OPTSTK,ITC,24-Jun-2021,212.5,PE,0,0,0,15.35,16.15,0,0,0,0,19-APR-2021,
OPTSTK,ITC,24-Jun-2021,215,PE,0,0,0,10.05,17.65,0,0,3200,0,19-APR-2021,
OPTSTK,ITC,24-Jun-2021,217.5,PE,0,0,0,18.1,19.25,0,0,0,0,19-APR-2021,
OPTSTK,ITC,24-Jun-2021,220,PE,0,0,0,20,20.9,0,0,9600,0,19-APR-2021,
OPTSTK,ITC,24-Jun-2021,222.5,PE,0,0,0,21.05,22.6,0,0,0,0,19-APR-2021,
OPTSTK,ITC,24-Jun-2021,225,PE,0,0,0,22.6,24.4,0,0,0,0,19-APR-2021,
OPTSTK,ITC,24-Jun-2021,227.5,PE,0,0,0,24.25,26.25,0,0,0,0,19-APR-2021,
OPTSTK,ITC,24-Jun-2021,230,PE,0,0,0,25.9,28.1,0,0,0,0,19-APR-2021,
OPTSTK,ITC,24-Jun-2021,232.5,PE,0,0,0,27.65,30.05,0,0,0,0,19-APR-2021,
OPTSTK,ITC,24-Jun-2021,235,PE,0,0,0,29.4,32.05,0,0,0,0,19-APR-2021,
OPTSTK,ITC,24-Jun-2021,237.5,PE,0,0,0,31.25,34.05,0,0,0,0,19-APR-2021,
OPTSTK,ITC,24-Jun-2021,240,PE,0,0,0,33.1,36.15,0,0,0,0,19-APR-2021,
OPTSTK,ITC,24-Jun-2021,242.5,PE,0,0,0,35.05,38.25,0,0,0,0,19-APR-2021,
OPTSTK,ITC,24-Jun-2021,245,PE,0,0,0,37,40.4,0,0,0,0,19-APR-2021,
OPTSTK,ITC,24-Jun-2021,247.5,PE,0,0,0,38.95,42.6,0,0,0,0,19-APR-2021,
OPTSTK,ITC,24-Jun-2021,250,PE,0,0,0,41,44.8,0,0,0,0,19-APR-2021,
OPTSTK,ITC,24-Jun-2021,252.5,PE,0,0,0,43.05,47.05,0,0,0,0,19-APR-2021,
OPTSTK,ITC,24-Jun-2021,255,PE,0,0,0,45.1,49.3,0,0,0,0,19-APR-2021,
OPTSTK,ITC,24-Jun-2021,257.5,PE,0,0,0,47.25,51.6,0,0,0,0,19-APR-2021,
OPTSTK,ITC,24-Jun-2021,260,PE,0,0,0,49.4,53.9,0,0,0,0,19-APR-2021,
OPTSTK,ITC,24-Jun-2021,262.5,PE,0,0,0,51.55,56.25,0,0,0,0,19-APR-2021,
OPTSTK,ITC,24-Jun-2021,265,PE,0,0,0,53.75,58.6,0,0,0,0,19-APR-2021,
OPTSTK,ITC,24-Jun-2021,267.5,PE,0,0,0,56,60.95,0,0,0,0,19-APR-2021,
OPTSTK,ITC,24-Jun-2021,270,PE,0,0,0,58.2,63.35,0,0,0,0,19-APR-2021,
OPTSTK,ITC,24-Jun-2021,272.5,PE,0,0,0,60.5,65.7,0,0,0,0,19-APR-2021,
OPTSTK,ITC,24-Jun-2021,275,PE,0,0,0,62.75,68.1,0,0,0,0,19-APR-2021,
OPTSTK,ITC,24-Jun-2021,277.5,PE,0,0,0,65.05,70.55,0,0,0,0,19-APR-2021,
OPTSTK,JINDALSTEL,29-Apr-2021,160,CE,0,0,0,115.15,254,0,0,0,0,19-APR-2021,
OPTSTK,JINDALSTEL,29-Apr-2021,165,CE,0,0,0,110.8,249,0,0,0,0,19-APR-2021,
OPTSTK,JINDALSTEL,29-Apr-2021,170,CE,0,0,0,106.5,244,0,0,0,0,19-APR-2021,
OPTSTK,JINDALSTEL,29-Apr-2021,175,CE,0,0,0,102.3,239,0,0,0,0,19-APR-2021,
OPTSTK,JINDALSTEL,29-Apr-2021,180,CE,0,0,0,98.2,234,0,0,0,0,19-APR-2021,
OPTSTK,JINDALSTEL,29-Apr-2021,185,CE,0,0,0,94.15,229,0,0,0,0,19-APR-2021,
OPTSTK,JINDALSTEL,29-Apr-2021,190,CE,0,0,0,90.25,224,0,0,0,0,19-APR-2021,
OPTSTK,JINDALSTEL,29-Apr-2021,195,CE,0,0,0,86.45,219,0,0,0,0,19-APR-2021,
OPTSTK,JINDALSTEL,29-Apr-2021,200,CE,0,0,0,82.7,214,0,0,0,0,19-APR-2021,
OPTSTK,JINDALSTEL,29-Apr-2021,205,CE,0,0,0,79.1,209,0,0,0,0,19-APR-2021,
OPTSTK,JINDALSTEL,29-Apr-2021,210,CE,0,0,0,75.6,204.05,0,0,0,0,19-APR-2021,
OPTSTK,JINDALSTEL,29-Apr-2021,215,CE,0,0,0,72.2,199.05,0,0,0,0,19-APR-2021,
OPTSTK,JINDALSTEL,29-Apr-2021,220,CE,0,0,0,68.95,194.05,0,0,0,0,19-APR-2021,
OPTSTK,JINDALSTEL,29-Apr-2021,225,CE,0,0,0,65.75,189.05,0,0,0,0,19-APR-2021,
OPTSTK,JINDALSTEL,29-Apr-2021,230,CE,0,0,0,62.7,184.05,0,0,0,0,19-APR-2021,
OPTSTK,JINDALSTEL,29-Apr-2021,235,CE,0,0,0,59.75,179.05,0,0,0,0,19-APR-2021,
OPTSTK,JINDALSTEL,29-Apr-2021,240,CE,0,0,0,63,174.05,0,0,10000,0,19-APR-2021,
OPTSTK,JINDALSTEL,29-Apr-2021,245,CE,0,0,0,54.15,169.05,0,0,0,0,19-APR-2021,
OPTSTK,JINDALSTEL,29-Apr-2021,250,CE,0,0,0,51.55,164.05,0,0,0,0,19-APR-2021,
OPTSTK,JINDALSTEL,29-Apr-2021,255,CE,0,0,0,49,159.05,0,0,0,0,19-APR-2021,
OPTSTK,JINDALSTEL,29-Apr-2021,260,CE,0,0,0,46.6,154.1,0,0,0,0,19-APR-2021,
OPTSTK,JINDALSTEL,29-Apr-2021,265,CE,0,0,0,44.3,149.1,0,0,0,0,19-APR-2021,
OPTSTK,JINDALSTEL,29-Apr-2021,270,CE,0,0,0,42.05,144.1,0,0,0,0,19-APR-2021,
OPTSTK,JINDALSTEL,29-Apr-2021,275,CE,0,0,0,39.95,139.1,0,0,0,0,19-APR-2021,
OPTSTK,JINDALSTEL,29-Apr-2021,280,CE,0,0,0,37.9,134.1,0,0,0,0,19-APR-2021,
OPTSTK,JINDALSTEL,29-Apr-2021,285,CE,0,0,0,35.95,129.1,0,0,0,0,19-APR-2021,
OPTSTK,JINDALSTEL,29-Apr-2021,290,CE,0,0,0,34.1,124.15,0,0,0,0,19-APR-2021,
OPTSTK,JINDALSTEL,29-Apr-2021,295,CE,0,0,0,32.35,119.15,0,0,0,0,19-APR-2021,
OPTSTK,JINDALSTEL,29-Apr-2021,300,CE,0,0,0,105.1,114.15,0,0,145000,0,19-APR-2021,
OPTSTK,JINDALSTEL,29-Apr-2021,305,CE,0,0,0,44.5,109.2,0,0,25000,0,19-APR-2021,
OPTSTK,JINDALSTEL,29-Apr-2021,310,CE,0,0,0,99.35,104.25,0,0,225000,0,19-APR-2021,
OPTSTK,JINDALSTEL,29-Apr-2021,315,CE,0,0,0,75.7,99.3,0,0,60000,0,19-APR-2021,
OPTSTK,JINDALSTEL,29-Apr-2021,320,CE,0,0,0,72.1,94.4,0,0,160000,0,19-APR-2021,
OPTSTK,JINDALSTEL,29-Apr-2021,325,CE,0,0,0,75.95,89.5,0,0,115000,0,19-APR-2021,
OPTSTK,JINDALSTEL,29-Apr-2021,330,CE,82,82,82,82,84.65,1,20.6,155000,0,19-APR-2021,
OPTSTK,JINDALSTEL,29-Apr-2021,335,CE,78,78,78,78,79.85,1,20.65,40000,-5000,19-APR-2021,
OPTSTK,JINDALSTEL,29-Apr-2021,340,CE,0,0,0,80,75.1,0,0,305000,0,19-APR-2021,
OPTSTK,JINDALSTEL,29-Apr-2021,345,CE,0,0,0,79,70.4,0,0,100000,0,19-APR-2021,
OPTSTK,JINDALSTEL,29-Apr-2021,350,CE,56.75,63.75,56.7,63.75,63.75,5,102.68,445000,-20000,19-APR-2021,
OPTSTK,JINDALSTEL,29-Apr-2021,355,CE,0,0,0,65.65,61.3,0,0,85000,0,19-APR-2021,
OPTSTK,JINDALSTEL,29-Apr-2021,360,CE,59.5,59.5,59.5,59.5,56.9,2,41.95,255000,-10000,19-APR-2021,
OPTSTK,JINDALSTEL,29-Apr-2021,365,CE,40.25,50.2,40.25,50.2,52.65,2,41.02,60000,0,19-APR-2021,
OPTSTK,JINDALSTEL,29-Apr-2021,370,CE,42.2,42.2,41.4,41.4,48.5,2,41.18,295000,-5000,19-APR-2021,
OPTSTK,JINDALSTEL,29-Apr-2021,375,CE,34.3,34.3,34.3,34.3,44.55,1,20.46,130000,5000,19-APR-2021,
OPTSTK,JINDALSTEL,29-Apr-2021,380,CE,30.65,35.25,29.35,35,40.75,9,185.64,310000,0,19-APR-2021,
OPTSTK,JINDALSTEL,29-Apr-2021,385,CE,29.75,29.75,29.75,29.75,37.1,1,20.73,65000,-5000,19-APR-2021,
OPTSTK,JINDALSTEL,29-Apr-2021,390,CE,23,32.05,23,32.05,33.65,12,251.14,360000,-5000,19-APR-2021,
OPTSTK,JINDALSTEL,29-Apr-2021,395,CE,0,0,0,33.05,30.4,0,0,140000,0,19-APR-2021,
OPTSTK,JINDALSTEL,29-Apr-2021,400,CE,22.7,26.75,15.75,22.8,22.8,183,3855.02,1625000,-175000,19-APR-2021,
OPTSTK,JINDALSTEL,29-Apr-2021,405,CE,15.7,22.35,14.05,20.45,24.45,32,675.99,105000,10000,19-APR-2021,
OPTSTK,JINDALSTEL,29-Apr-2021,410,CE,18,21,10.85,17.4,17.4,339,7231.73,685000,-10000,19-APR-2021,
OPTSTK,JINDALSTEL,29-Apr-2021,420,CE,8.05,15.4,7.7,12.75,12.75,1045,22566.37,1675000,25000,19-APR-2021,
OPTSTK,JINDALSTEL,29-Apr-2021,430,CE,6.75,11.25,5.35,8.95,8.95,686,15042.4,1125000,40000,19-APR-2021,
OPTSTK,JINDALSTEL,29-Apr-2021,440,CE,4.5,7.9,3.75,6.25,6.25,256,5705.63,760000,115000,19-APR-2021,
OPTSTK,JINDALSTEL,29-Apr-2021,450,CE,3.1,5.5,2.55,4.5,4.5,501,11376.84,1005000,135000,19-APR-2021,
OPTSTK,JINDALSTEL,29-Apr-2021,460,CE,2.55,3.8,1.75,3.05,3.05,165,3818.44,550000,-50000,19-APR-2021,
OPTSTK,JINDALSTEL,29-Apr-2021,470,CE,1.85,2.4,1.3,2.3,2.3,42,991.17,160000,15000,19-APR-2021,
OPTSTK,JINDALSTEL,29-Apr-2021,480,CE,1.5,1.9,1,1.6,1.6,199,4790.47,640000,-20000,19-APR-2021,
OPTSTK,JINDALSTEL,29-Apr-2021,490,CE,0.7,1.3,0.65,1.05,1.05,74,1816.53,295000,0,19-APR-2021,
OPTSTK,JINDALSTEL,29-Apr-2021,160,PE,0,0,0,2.75,0,0,0,0,0,19-APR-2021,
OPTSTK,JINDALSTEL,29-Apr-2021,165,PE,0,0,0,3.3,0,0,0,0,0,19-APR-2021,
OPTSTK,JINDALSTEL,29-Apr-2021,170,PE,0,0,0,0.05,0,0,0,10000,0,19-APR-2021,
OPTSTK,JINDALSTEL,29-Apr-2021,175,PE,0,0,0,4.75,0,0,0,0,0,19-APR-2021,
OPTSTK,JINDALSTEL,29-Apr-2021,180,PE,0,0,0,5.55,0,0,0,0,0,19-APR-2021,
OPTSTK,JINDALSTEL,29-Apr-2021,185,PE,0,0,0,6.5,0,0,0,0,0,19-APR-2021,
OPTSTK,JINDALSTEL,29-Apr-2021,190,PE,0,0,0,7.55,0,0,0,0,0,19-APR-2021,
OPTSTK,JINDALSTEL,29-Apr-2021,195,PE,0,0,0,8.65,0,0,0,0,0,19-APR-2021,
OPTSTK,JINDALSTEL,29-Apr-2021,200,PE,0,0,0,9.9,0,0,0,0,0,19-APR-2021,
OPTSTK,JINDALSTEL,29-Apr-2021,205,PE,0,0,0,11.25,0,0,0,0,0,19-APR-2021,
OPTSTK,JINDALSTEL,29-Apr-2021,210,PE,0,0,0,12.7,0,0,0,0,0,19-APR-2021,
OPTSTK,JINDALSTEL,29-Apr-2021,215,PE,0,0,0,14.3,0,0,0,0,0,19-APR-2021,
OPTSTK,JINDALSTEL,29-Apr-2021,220,PE,0,0,0,1.05,0,0,0,5000,0,19-APR-2021,
OPTSTK,JINDALSTEL,29-Apr-2021,225,PE,0,0,0,17.75,0,0,0,0,0,19-APR-2021,
OPTSTK,JINDALSTEL,29-Apr-2021,230,PE,0,0,0,19.6,0,0,0,0,0,19-APR-2021,
OPTSTK,JINDALSTEL,29-Apr-2021,235,PE,0,0,0,21.6,0,0,0,0,0,19-APR-2021,
OPTSTK,JINDALSTEL,29-Apr-2021,240,PE,0,0,0,23.75,0,0,0,0,0,19-APR-2021,
OPTSTK,JINDALSTEL,29-Apr-2021,245,PE,0,0,0,25.95,0,0,0,0,0,19-APR-2021,
OPTSTK,JINDALSTEL,29-Apr-2021,250,PE,0,0,0,0.3,0,0,0,10000,0,19-APR-2021,
OPTSTK,JINDALSTEL,29-Apr-2021,255,PE,0,0,0,0.05,0,0,0,30000,0,19-APR-2021,
OPTSTK,JINDALSTEL,29-Apr-2021,260,PE,0,0,0,0.2,0,0,0,120000,0,19-APR-2021,
OPTSTK,JINDALSTEL,29-Apr-2021,265,PE,0,0,0,2.6,0,0,0,15000,0,19-APR-2021,
OPTSTK,JINDALSTEL,29-Apr-2021,270,PE,0,0,0,0.35,0,0,0,70000,0,19-APR-2021,
OPTSTK,JINDALSTEL,29-Apr-2021,275,PE,0,0,0,0.25,0,0,0,5000,0,19-APR-2021,
OPTSTK,JINDALSTEL,29-Apr-2021,280,PE,0.3,0.3,0.3,0.3,0.05,5,70.07,155000,-20000,19-APR-2021,
OPTSTK,JINDALSTEL,29-Apr-2021,285,PE,0,0,0,0.55,0.05,0,0,5000,0,19-APR-2021,
OPTSTK,JINDALSTEL,29-Apr-2021,290,PE,0.25,0.25,0.2,0.2,0.05,5,72.55,280000,-5000,19-APR-2021,
OPTSTK,JINDALSTEL,29-Apr-2021,295,PE,0,0,0,0.5,0.05,0,0,30000,0,19-APR-2021,
OPTSTK,JINDALSTEL,29-Apr-2021,300,PE,0.2,0.4,0.2,0.4,0.05,22,330.31,585000,-55000,19-APR-2021,
OPTSTK,JINDALSTEL,29-Apr-2021,305,PE,0,0,0,1.5,0.1,0,0,55000,0,19-APR-2021,
OPTSTK,JINDALSTEL,29-Apr-2021,310,PE,0,0,0,0.45,0.15,0,0,290000,0,19-APR-2021,
OPTSTK,JINDALSTEL,29-Apr-2021,315,PE,0,0,0,0.5,0.2,0,0,140000,0,19-APR-2021,
OPTSTK,JINDALSTEL,29-Apr-2021,320,PE,1,1,0.5,0.5,0.25,5,80.18,380000,-5000,19-APR-2021,
OPTSTK,JINDALSTEL,29-Apr-2021,325,PE,0,0,0,2.2,0.35,0,0,155000,0,19-APR-2021,
OPTSTK,JINDALSTEL,29-Apr-2021,330,PE,0.7,0.85,0.45,0.5,0.5,12,198.36,405000,-15000,19-APR-2021,
OPTSTK,JINDALSTEL,29-Apr-2021,335,PE,0.25,0.3,0.25,0.3,0.7,2,33.52,55000,-10000,19-APR-2021,
OPTSTK,JINDALSTEL,29-Apr-2021,340,PE,1.25,1.25,0.75,1.1,1.1,21,358.09,635000,-20000,19-APR-2021,
OPTSTK,JINDALSTEL,29-Apr-2021,345,PE,0.8,0.8,0.8,0.8,1.25,1,17.29,75000,-5000,19-APR-2021,
OPTSTK,JINDALSTEL,29-Apr-2021,350,PE,2,2.25,1.15,1.2,1.2,135,2373.63,1300000,75000,19-APR-2021,
OPTSTK,JINDALSTEL,29-Apr-2021,355,PE,2.7,2.7,1.65,1.65,2.15,3,53.6,95000,0,19-APR-2021,
OPTSTK,JINDALSTEL,29-Apr-2021,360,PE,3.25,3.25,1.8,1.85,1.85,79,1431.13,470000,-15000,19-APR-2021,
OPTSTK,JINDALSTEL,29-Apr-2021,365,PE,2.5,3.4,2.5,3.4,3.4,2,36.79,65000,-5000,19-APR-2021,
OPTSTK,JINDALSTEL,29-Apr-2021,370,PE,4.5,4.9,2.6,2.85,2.85,79,1475.04,490000,-5000,19-APR-2021,
OPTSTK,JINDALSTEL,29-Apr-2021,375,PE,4.5,5.4,3.95,3.95,5.35,3,56.94,80000,5000,19-APR-2021,
OPTSTK,JINDALSTEL,29-Apr-2021,380,PE,7.65,8,3.75,4.35,4.35,212,4086.3,545000,-30000,19-APR-2021,
OPTSTK,JINDALSTEL,29-Apr-2021,385,PE,6.55,7.9,4.9,5.2,7.9,10,195.67,95000,-10000,19-APR-2021,
OPTSTK,JINDALSTEL,29-Apr-2021,390,PE,10.4,10.75,5.6,6.45,6.45,145,2882.64,520000,35000,19-APR-2021,
OPTSTK,JINDALSTEL,29-Apr-2021,395,PE,11.3,12.75,6.85,7.9,7.9,36,727.33,185000,-10000,19-APR-2021,
OPTSTK,JINDALSTEL,29-Apr-2021,400,PE,15,16.05,8.1,9.45,9.45,482,9915.1,870000,-75000,19-APR-2021,
OPTSTK,JINDALSTEL,29-Apr-2021,405,PE,17.45,17.45,10.8,11.75,11.75,61,1277.28,120000,15000,19-APR-2021,
OPTSTK,JINDALSTEL,29-Apr-2021,410,PE,19.95,20.8,11.65,13.5,13.5,238,5060.8,300000,55000,19-APR-2021,
OPTSTK,JINDALSTEL,29-Apr-2021,420,PE,25,25.05,16,18.6,18.6,109,2396.6,600000,25000,19-APR-2021,
OPTSTK,JINDALSTEL,29-Apr-2021,430,PE,35,35,22.2,22.2,28.95,6,137.56,95000,10000,19-APR-2021,
OPTSTK,JINDALSTEL,29-Apr-2021,440,PE,0,0,0,29,35.75,0,0,5000,0,19-APR-2021,
OPTSTK,JINDALSTEL,29-Apr-2021,450,PE,0,0,0,64,43.25,0,0,5000,0,19-APR-2021,
OPTSTK,JINDALSTEL,29-Apr-2021,460,PE,0,0,0,118.9,51.2,0,0,0,0,19-APR-2021,
OPTSTK,JINDALSTEL,29-Apr-2021,470,PE,0,0,0,134.05,59.7,0,0,0,0,19-APR-2021,
OPTSTK,JINDALSTEL,29-Apr-2021,480,PE,0,0,0,143.6,68.55,0,0,0,0,19-APR-2021,
OPTSTK,JINDALSTEL,29-Apr-2021,490,PE,0,0,0,120.45,77.7,0,0,0,0,19-APR-2021,
OPTSTK,JINDALSTEL,27-May-2021,235,CE,0,0,0,119.7,179.9,0,0,0,0,19-APR-2021,
OPTSTK,JINDALSTEL,27-May-2021,240,CE,0,0,0,115.75,175,0,0,0,0,19-APR-2021,
OPTSTK,JINDALSTEL,27-May-2021,245,CE,0,0,0,111.85,170.05,0,0,0,0,19-APR-2021,
OPTSTK,JINDALSTEL,27-May-2021,250,CE,0,0,0,108,165.2,0,0,0,0,19-APR-2021,
OPTSTK,JINDALSTEL,27-May-2021,255,CE,0,0,0,104.3,160.3,0,0,0,0,19-APR-2021,
OPTSTK,JINDALSTEL,27-May-2021,260,CE,0,0,0,100.65,155.45,0,0,0,0,19-APR-2021,
OPTSTK,JINDALSTEL,27-May-2021,265,CE,0,0,0,97.05,150.65,0,0,0,0,19-APR-2021,
OPTSTK,JINDALSTEL,27-May-2021,270,CE,0,0,0,93.6,145.85,0,0,0,0,19-APR-2021,
OPTSTK,JINDALSTEL,27-May-2021,275,CE,0,0,0,90.2,141.1,0,0,0,0,19-APR-2021,
OPTSTK,JINDALSTEL,27-May-2021,280,CE,0,0,0,86.9,136.4,0,0,0,0,19-APR-2021,
OPTSTK,JINDALSTEL,27-May-2021,285,CE,0,0,0,83.65,131.7,0,0,0,0,19-APR-2021,
OPTSTK,JINDALSTEL,27-May-2021,290,CE,0,0,0,80.55,127.1,0,0,0,0,19-APR-2021,
OPTSTK,JINDALSTEL,27-May-2021,295,CE,0,0,0,77.5,122.5,0,0,0,0,19-APR-2021,
OPTSTK,JINDALSTEL,27-May-2021,300,CE,0,0,0,74.55,118,0,0,0,0,19-APR-2021,
OPTSTK,JINDALSTEL,27-May-2021,305,CE,0,0,0,71.7,113.55,0,0,0,0,19-APR-2021,
OPTSTK,JINDALSTEL,27-May-2021,310,CE,0,0,0,68.9,109.2,0,0,0,0,19-APR-2021,
OPTSTK,JINDALSTEL,27-May-2021,315,CE,0,0,0,66.2,104.85,0,0,0,0,19-APR-2021,
OPTSTK,JINDALSTEL,27-May-2021,320,CE,0,0,0,63.6,100.65,0,0,0,0,19-APR-2021,
OPTSTK,JINDALSTEL,27-May-2021,325,CE,0,0,0,61.1,96.5,0,0,0,0,19-APR-2021,
OPTSTK,JINDALSTEL,27-May-2021,330,CE,0,0,0,58.65,92.4,0,0,0,0,19-APR-2021,
OPTSTK,JINDALSTEL,27-May-2021,335,CE,0,0,0,56.3,88.45,0,0,0,0,19-APR-2021,
OPTSTK,JINDALSTEL,27-May-2021,340,CE,0,0,0,54,84.55,0,0,0,0,19-APR-2021,
OPTSTK,JINDALSTEL,27-May-2021,345,CE,0,0,0,51.8,80.75,0,0,0,0,19-APR-2021,
OPTSTK,JINDALSTEL,27-May-2021,350,CE,0,0,0,49.7,77.05,0,0,0,0,19-APR-2021,
OPTSTK,JINDALSTEL,27-May-2021,355,CE,0,0,0,47.65,73.45,0,0,0,0,19-APR-2021,
OPTSTK,JINDALSTEL,27-May-2021,360,CE,0,0,0,45.65,69.95,0,0,0,0,19-APR-2021,
OPTSTK,JINDALSTEL,27-May-2021,365,CE,0,0,0,43.75,66.6,0,0,0,0,19-APR-2021,
OPTSTK,JINDALSTEL,27-May-2021,370,CE,0,0,0,66,63.3,0,0,30000,0,19-APR-2021,
OPTSTK,JINDALSTEL,27-May-2021,375,CE,0,0,0,40.15,60.1,0,0,0,0,19-APR-2021,
OPTSTK,JINDALSTEL,27-May-2021,380,CE,0,0,0,30,57.05,0,0,5000,0,19-APR-2021,
OPTSTK,JINDALSTEL,27-May-2021,385,CE,0,0,0,36.8,54.1,0,0,0,0,19-APR-2021,
OPTSTK,JINDALSTEL,27-May-2021,390,CE,0,0,0,35.25,51.25,0,0,0,0,19-APR-2021,
OPTSTK,JINDALSTEL,27-May-2021,395,CE,0,0,0,33.75,48.5,0,0,0,0,19-APR-2021,
OPTSTK,JINDALSTEL,27-May-2021,400,CE,0,0,0,42,45.85,0,0,5000,0,19-APR-2021,
OPTSTK,JINDALSTEL,27-May-2021,405,CE,0,0,0,30.9,43.3,0,0,0,0,19-APR-2021,
OPTSTK,JINDALSTEL,27-May-2021,410,CE,0,0,0,29.55,40.9,0,0,0,0,19-APR-2021,
OPTSTK,JINDALSTEL,27-May-2021,420,CE,0,0,0,27,36.35,0,0,5000,0,19-APR-2021,
OPTSTK,JINDALSTEL,27-May-2021,430,CE,0,0,0,24.7,32.25,0,0,0,0,19-APR-2021,
OPTSTK,JINDALSTEL,27-May-2021,440,CE,17.9,21,17.9,21,28.45,4,91.89,10000,10000,19-APR-2021,
OPTSTK,JINDALSTEL,27-May-2021,450,CE,0,0,0,20.65,25.1,0,0,0,0,19-APR-2021,
OPTSTK,JINDALSTEL,27-May-2021,460,CE,0,0,0,18.5,22.05,0,0,0,0,19-APR-2021,
OPTSTK,JINDALSTEL,27-May-2021,470,CE,0,0,0,7.15,19.3,0,0,0,0,19-APR-2021,
OPTSTK,JINDALSTEL,27-May-2021,480,CE,0,0,0,6.25,16.9,0,0,0,0,19-APR-2021,
OPTSTK,JINDALSTEL,27-May-2021,490,CE,0,0,0,9,14.75,0,0,5000,0,19-APR-2021,
OPTSTK,JINDALSTEL,27-May-2021,235,PE,0,0,0,7.6,0.2,0,0,0,0,19-APR-2021,
OPTSTK,JINDALSTEL,27-May-2021,240,PE,0,0,0,8.6,0.25,0,0,0,0,19-APR-2021,
OPTSTK,JINDALSTEL,27-May-2021,245,PE,0,0,0,9.65,0.3,0,0,0,0,19-APR-2021,
OPTSTK,JINDALSTEL,27-May-2021,250,PE,0,0,0,10.8,0.4,0,0,0,0,19-APR-2021,
OPTSTK,JINDALSTEL,27-May-2021,255,PE,0,0,0,12,0.5,0,0,0,0,19-APR-2021,
OPTSTK,JINDALSTEL,27-May-2021,260,PE,0,0,0,13.3,0.65,0,0,0,0,19-APR-2021,
OPTSTK,JINDALSTEL,27-May-2021,265,PE,0,0,0,14.7,0.8,0,0,0,0,19-APR-2021,
OPTSTK,JINDALSTEL,27-May-2021,270,PE,0,0,0,16.2,1,0,0,0,0,19-APR-2021,
OPTSTK,JINDALSTEL,27-May-2021,275,PE,0,0,0,17.75,1.2,0,0,0,0,19-APR-2021,
OPTSTK,JINDALSTEL,27-May-2021,280,PE,0,0,0,19.4,1.5,0,0,0,0,19-APR-2021,
OPTSTK,JINDALSTEL,27-May-2021,285,PE,0,0,0,21.1,1.8,0,0,0,0,19-APR-2021,
OPTSTK,JINDALSTEL,27-May-2021,290,PE,0,0,0,22.95,2.15,0,0,0,0,19-APR-2021,
OPTSTK,JINDALSTEL,27-May-2021,295,PE,0,0,0,24.85,2.55,0,0,0,0,19-APR-2021,
OPTSTK,JINDALSTEL,27-May-2021,300,PE,0,0,0,26.85,3.05,0,0,0,0,19-APR-2021,
OPTSTK,JINDALSTEL,27-May-2021,305,PE,0,0,0,28.95,3.55,0,0,0,0,19-APR-2021,
OPTSTK,JINDALSTEL,27-May-2021,310,PE,0,0,0,31.1,4.15,0,0,0,0,19-APR-2021,
OPTSTK,JINDALSTEL,27-May-2021,315,PE,0,0,0,33.4,4.85,0,0,0,0,19-APR-2021,
OPTSTK,JINDALSTEL,27-May-2021,320,PE,0,0,0,35.75,5.6,0,0,0,0,19-APR-2021,
OPTSTK,JINDALSTEL,27-May-2021,325,PE,0,0,0,38.15,6.4,0,0,0,0,19-APR-2021,
OPTSTK,JINDALSTEL,27-May-2021,330,PE,3,3,3,3,3,1,16.65,25000,5000,19-APR-2021,
OPTSTK,JINDALSTEL,27-May-2021,335,PE,0,0,0,43.25,8.35,0,0,0,0,19-APR-2021,
OPTSTK,JINDALSTEL,27-May-2021,340,PE,0,0,0,45.95,9.4,0,0,0,0,19-APR-2021,
OPTSTK,JINDALSTEL,27-May-2021,345,PE,0,0,0,48.7,10.6,0,0,0,0,19-APR-2021,
OPTSTK,JINDALSTEL,27-May-2021,350,PE,7,7,6.2,6.3,6.3,12,213.87,65000,15000,19-APR-2021,
OPTSTK,JINDALSTEL,27-May-2021,355,PE,0,0,0,54.4,13.3,0,0,0,0,19-APR-2021,
OPTSTK,JINDALSTEL,27-May-2021,360,PE,0,0,0,57.4,14.75,0,0,0,0,19-APR-2021,
OPTSTK,JINDALSTEL,27-May-2021,365,PE,0,0,0,60.45,16.35,0,0,0,0,19-APR-2021,
OPTSTK,JINDALSTEL,27-May-2021,370,PE,0,0,0,63.55,18.05,0,0,0,0,19-APR-2021,
OPTSTK,JINDALSTEL,27-May-2021,375,PE,0,0,0,66.75,19.85,0,0,0,0,19-APR-2021,
OPTSTK,JINDALSTEL,27-May-2021,380,PE,0,0,0,70,21.75,0,0,0,0,19-APR-2021,
OPTSTK,JINDALSTEL,27-May-2021,385,PE,0,0,0,73.35,23.8,0,0,0,0,19-APR-2021,
OPTSTK,JINDALSTEL,27-May-2021,390,PE,0,0,0,76.7,25.9,0,0,0,0,19-APR-2021,
OPTSTK,JINDALSTEL,27-May-2021,395,PE,0,0,0,80.15,28.15,0,0,0,0,19-APR-2021,
OPTSTK,JINDALSTEL,27-May-2021,400,PE,0,0,0,83.65,30.5,0,0,0,0,19-APR-2021,
OPTSTK,JINDALSTEL,27-May-2021,405,PE,0,0,0,87.2,32.95,0,0,0,0,19-APR-2021,
OPTSTK,JINDALSTEL,27-May-2021,410,PE,0,0,0,90.8,35.5,0,0,0,0,19-APR-2021,
OPTSTK,JINDALSTEL,27-May-2021,420,PE,0,0,0,98.25,40.95,0,0,0,0,19-APR-2021,
OPTSTK,JINDALSTEL,27-May-2021,430,PE,0,0,0,105.8,46.75,0,0,0,0,19-APR-2021,
OPTSTK,JINDALSTEL,27-May-2021,440,PE,0,0,0,113.6,52.95,0,0,0,0,19-APR-2021,
OPTSTK,JINDALSTEL,27-May-2021,450,PE,0,0,0,121.55,59.55,0,0,0,0,19-APR-2021,
OPTSTK,JINDALSTEL,27-May-2021,460,PE,0,0,0,124.95,66.45,0,0,0,0,19-APR-2021,
OPTSTK,JINDALSTEL,27-May-2021,470,PE,0,0,0,137.95,73.65,0,0,0,0,19-APR-2021,
OPTSTK,JINDALSTEL,27-May-2021,480,PE,0,0,0,146.95,81.2,0,0,0,0,19-APR-2021,
OPTSTK,JINDALSTEL,27-May-2021,490,PE,0,0,0,126.2,89,0,0,0,0,19-APR-2021,
OPTSTK,JINDALSTEL,24-Jun-2021,240,CE,0,0,0,84.7,176.85,0,0,0,0,19-APR-2021,
OPTSTK,JINDALSTEL,24-Jun-2021,250,CE,0,0,0,77.85,167.45,0,0,0,0,19-APR-2021,
OPTSTK,JINDALSTEL,24-Jun-2021,260,CE,0,0,0,71.4,158.3,0,0,0,0,19-APR-2021,
OPTSTK,JINDALSTEL,24-Jun-2021,270,CE,0,0,0,65.4,149.3,0,0,0,0,19-APR-2021,
OPTSTK,JINDALSTEL,24-Jun-2021,280,CE,0,0,0,59.75,140.5,0,0,0,0,19-APR-2021,
OPTSTK,JINDALSTEL,24-Jun-2021,290,CE,0,0,0,54.5,131.95,0,0,0,0,19-APR-2021,
OPTSTK,JINDALSTEL,24-Jun-2021,300,CE,0,0,0,49.65,123.65,0,0,0,0,19-APR-2021,
OPTSTK,JINDALSTEL,24-Jun-2021,310,CE,0,0,0,45.15,115.65,0,0,0,0,19-APR-2021,
OPTSTK,JINDALSTEL,24-Jun-2021,320,CE,0,0,0,41,107.95,0,0,0,0,19-APR-2021,
OPTSTK,JINDALSTEL,24-Jun-2021,330,CE,0,0,0,37.2,100.6,0,0,0,0,19-APR-2021,
OPTSTK,JINDALSTEL,24-Jun-2021,340,CE,0,0,0,33.7,93.5,0,0,0,0,19-APR-2021,
OPTSTK,JINDALSTEL,24-Jun-2021,350,CE,0,0,0,30.5,86.8,0,0,0,0,19-APR-2021,
OPTSTK,JINDALSTEL,24-Jun-2021,360,CE,0,0,0,27.55,80.35,0,0,0,0,19-APR-2021,
OPTSTK,JINDALSTEL,24-Jun-2021,370,CE,0,0,0,24.9,74.3,0,0,0,0,19-APR-2021,
OPTSTK,JINDALSTEL,24-Jun-2021,380,CE,0,0,0,22.45,68.6,0,0,0,0,19-APR-2021,
OPTSTK,JINDALSTEL,24-Jun-2021,390,CE,0,0,0,20.25,63.25,0,0,0,0,19-APR-2021,
OPTSTK,JINDALSTEL,24-Jun-2021,400,CE,0,0,0,18.25,58.2,0,0,0,0,19-APR-2021,
OPTSTK,JINDALSTEL,24-Jun-2021,410,CE,0,0,0,16.45,53.45,0,0,0,0,19-APR-2021,
OPTSTK,JINDALSTEL,24-Jun-2021,420,CE,0,0,0,14.8,49.05,0,0,0,0,19-APR-2021,
OPTSTK,JINDALSTEL,24-Jun-2021,430,CE,0,0,0,13.3,44.95,0,0,0,0,19-APR-2021,
OPTSTK,JINDALSTEL,24-Jun-2021,440,CE,0,0,0,11.95,41.1,0,0,0,0,19-APR-2021,
OPTSTK,JINDALSTEL,24-Jun-2021,450,CE,0,0,0,10.75,37.6,0,0,0,0,19-APR-2021,
OPTSTK,JINDALSTEL,24-Jun-2021,460,CE,0,0,0,11.85,34.3,0,0,0,0,19-APR-2021,
OPTSTK,JINDALSTEL,24-Jun-2021,470,CE,0,0,0,13.1,31.3,0,0,0,0,19-APR-2021,
OPTSTK,JINDALSTEL,24-Jun-2021,480,CE,0,0,0,11.8,28.5,0,0,0,0,19-APR-2021,
OPTSTK,JINDALSTEL,24-Jun-2021,490,CE,0,0,0,17.3,25.95,0,0,0,0,19-APR-2021,
OPTSTK,JINDALSTEL,24-Jun-2021,240,PE,0,0,0,13.2,1.4,0,0,0,0,19-APR-2021,
OPTSTK,JINDALSTEL,24-Jun-2021,250,PE,0,0,0,2.05,2,0,0,5000,0,19-APR-2021,
OPTSTK,JINDALSTEL,24-Jun-2021,260,PE,0,0,0,19.75,2.7,0,0,0,0,19-APR-2021,
OPTSTK,JINDALSTEL,24-Jun-2021,270,PE,0,0,0,23.6,3.65,0,0,0,0,19-APR-2021,
OPTSTK,JINDALSTEL,24-Jun-2021,280,PE,0,0,0,27.9,4.8,0,0,0,0,19-APR-2021,
OPTSTK,JINDALSTEL,24-Jun-2021,290,PE,0,0,0,32.55,6.2,0,0,0,0,19-APR-2021,
OPTSTK,JINDALSTEL,24-Jun-2021,300,PE,0,0,0,37.6,7.85,0,0,0,0,19-APR-2021,
OPTSTK,JINDALSTEL,24-Jun-2021,310,PE,0,0,0,43,9.75,0,0,0,0,19-APR-2021,
OPTSTK,JINDALSTEL,24-Jun-2021,320,PE,0,0,0,48.75,12,0,0,0,0,19-APR-2021,
OPTSTK,JINDALSTEL,24-Jun-2021,330,PE,0,0,0,54.85,14.55,0,0,0,0,19-APR-2021,
OPTSTK,JINDALSTEL,24-Jun-2021,340,PE,0,0,0,61.25,17.4,0,0,0,0,19-APR-2021,
OPTSTK,JINDALSTEL,24-Jun-2021,350,PE,0,0,0,67.95,20.6,0,0,0,0,19-APR-2021,
OPTSTK,JINDALSTEL,24-Jun-2021,360,PE,0,0,0,74.95,24.15,0,0,0,0,19-APR-2021,
OPTSTK,JINDALSTEL,24-Jun-2021,370,PE,0,0,0,82.2,28,0,0,0,0,19-APR-2021,
OPTSTK,JINDALSTEL,24-Jun-2021,380,PE,0,0,0,89.7,32.25,0,0,0,0,19-APR-2021,
OPTSTK,JINDALSTEL,24-Jun-2021,390,PE,0,0,0,97.4,36.8,0,0,0,0,19-APR-2021,
OPTSTK,JINDALSTEL,24-Jun-2021,400,PE,0,0,0,105.3,41.7,0,0,0,0,19-APR-2021,
OPTSTK,JINDALSTEL,24-Jun-2021,410,PE,0,0,0,113.4,46.9,0,0,0,0,19-APR-2021,
OPTSTK,JINDALSTEL,24-Jun-2021,420,PE,0,0,0,121.65,52.4,0,0,0,0,19-APR-2021,
OPTSTK,JINDALSTEL,24-Jun-2021,430,PE,0,0,0,130.05,58.25,0,0,0,0,19-APR-2021,
OPTSTK,JINDALSTEL,24-Jun-2021,440,PE,0,0,0,138.65,64.35,0,0,0,0,19-APR-2021,
OPTSTK,JINDALSTEL,24-Jun-2021,450,PE,0,0,0,147.3,70.75,0,0,0,0,19-APR-2021,
OPTSTK,JINDALSTEL,24-Jun-2021,460,PE,0,0,0,143.55,77.4,0,0,0,0,19-APR-2021,
OPTSTK,JINDALSTEL,24-Jun-2021,470,PE,0,0,0,142.5,84.3,0,0,0,0,19-APR-2021,
OPTSTK,JINDALSTEL,24-Jun-2021,480,PE,0,0,0,151.15,91.45,0,0,0,0,19-APR-2021,
OPTSTK,JINDALSTEL,24-Jun-2021,490,PE,0,0,0,132.35,98.85,0,0,0,0,19-APR-2021,
OPTSTK,JSWSTEEL,29-Apr-2021,240,CE,0,0,0,139.85,376.05,0,0,0,0,19-APR-2021,
OPTSTK,JSWSTEEL,29-Apr-2021,245,CE,0,0,0,135.2,371.05,0,0,0,0,19-APR-2021,
OPTSTK,JSWSTEEL,29-Apr-2021,250,CE,0,0,0,130.55,366.05,0,0,0,0,19-APR-2021,
OPTSTK,JSWSTEEL,29-Apr-2021,255,CE,0,0,0,126,361.05,0,0,0,0,19-APR-2021,
OPTSTK,JSWSTEEL,29-Apr-2021,260,CE,0,0,0,121.5,356.1,0,0,0,0,19-APR-2021,
OPTSTK,JSWSTEEL,29-Apr-2021,265,CE,0,0,0,117.05,351.1,0,0,0,0,19-APR-2021,
OPTSTK,JSWSTEEL,29-Apr-2021,270,CE,0,0,0,112.65,346.1,0,0,0,0,19-APR-2021,
OPTSTK,JSWSTEEL,29-Apr-2021,275,CE,0,0,0,108.35,341.1,0,0,0,0,19-APR-2021,
OPTSTK,JSWSTEEL,29-Apr-2021,280,CE,0,0,0,104.15,336.1,0,0,0,0,19-APR-2021,
OPTSTK,JSWSTEEL,29-Apr-2021,285,CE,0,0,0,100,331.1,0,0,0,0,19-APR-2021,
OPTSTK,JSWSTEEL,29-Apr-2021,290,CE,0,0,0,95.9,326.1,0,0,0,0,19-APR-2021,
OPTSTK,JSWSTEEL,29-Apr-2021,295,CE,0,0,0,91.9,321.1,0,0,0,0,19-APR-2021,
OPTSTK,JSWSTEEL,29-Apr-2021,300,CE,0,0,0,88.05,316.1,0,0,0,0,19-APR-2021,
OPTSTK,JSWSTEEL,29-Apr-2021,305,CE,0,0,0,84.2,311.1,0,0,0,0,19-APR-2021,
OPTSTK,JSWSTEEL,29-Apr-2021,310,CE,0,0,0,80.55,306.15,0,0,0,0,19-APR-2021,
OPTSTK,JSWSTEEL,29-Apr-2021,315,CE,0,0,0,76.9,301.15,0,0,0,0,19-APR-2021,
OPTSTK,JSWSTEEL,29-Apr-2021,320,CE,0,0,0,73.4,296.15,0,0,0,0,19-APR-2021,
OPTSTK,JSWSTEEL,29-Apr-2021,325,CE,0,0,0,70,291.15,0,0,0,0,19-APR-2021,
OPTSTK,JSWSTEEL,29-Apr-2021,330,CE,0,0,0,66.7,286.15,0,0,0,0,19-APR-2021,
OPTSTK,JSWSTEEL,29-Apr-2021,335,CE,0,0,0,63.5,281.15,0,0,0,0,19-APR-2021,
OPTSTK,JSWSTEEL,29-Apr-2021,340,CE,0,0,0,60.4,276.15,0,0,0,0,19-APR-2021,
OPTSTK,JSWSTEEL,29-Apr-2021,345,CE,0,0,0,57.4,271.15,0,0,0,0,19-APR-2021,
OPTSTK,JSWSTEEL,29-Apr-2021,350,CE,0,0,0,54.55,266.15,0,0,0,0,19-APR-2021,
OPTSTK,JSWSTEEL,29-Apr-2021,355,CE,0,0,0,51.75,261.15,0,0,0,0,19-APR-2021,
OPTSTK,JSWSTEEL,29-Apr-2021,360,CE,0,0,0,76,256.2,0,0,8100,0,19-APR-2021,
OPTSTK,JSWSTEEL,29-Apr-2021,365,CE,0,0,0,46.5,251.2,0,0,0,0,19-APR-2021,
OPTSTK,JSWSTEEL,29-Apr-2021,370,CE,0,0,0,250,246.2,0,0,2700,0,19-APR-2021,
OPTSTK,JSWSTEEL,29-Apr-2021,375,CE,0,0,0,41.7,241.2,0,0,0,0,19-APR-2021,
OPTSTK,JSWSTEEL,29-Apr-2021,380,CE,0,0,0,39.45,236.2,0,0,0,0,19-APR-2021,
OPTSTK,JSWSTEEL,29-Apr-2021,385,CE,0,0,0,37.25,231.2,0,0,0,0,19-APR-2021,
OPTSTK,JSWSTEEL,29-Apr-2021,390,CE,0,0,0,114.85,226.2,0,0,0,0,19-APR-2021,
OPTSTK,JSWSTEEL,29-Apr-2021,395,CE,0,0,0,33.2,221.2,0,0,0,0,19-APR-2021,
OPTSTK,JSWSTEEL,29-Apr-2021,400,CE,0,0,0,217.75,216.2,0,0,5400,0,19-APR-2021,
OPTSTK,JSWSTEEL,29-Apr-2021,405,CE,0,0,0,29.55,211.2,0,0,0,0,19-APR-2021,
OPTSTK,JSWSTEEL,29-Apr-2021,410,CE,0,0,0,99.05,206.25,0,0,2700,0,19-APR-2021,
OPTSTK,JSWSTEEL,29-Apr-2021,415,CE,0,0,0,26.2,201.25,0,0,0,0,19-APR-2021,
OPTSTK,JSWSTEEL,29-Apr-2021,420,CE,0,0,0,163,196.25,0,0,21600,0,19-APR-2021,
OPTSTK,JSWSTEEL,29-Apr-2021,425,CE,0,0,0,26.7,191.25,0,0,5400,0,19-APR-2021,
OPTSTK,JSWSTEEL,29-Apr-2021,430,CE,185.65,186.2,185.65,186.2,186.25,2,33.25,105300,-2700,19-APR-2021,
OPTSTK,JSWSTEEL,29-Apr-2021,435,CE,0,0,0,61.25,181.25,0,0,16200,0,19-APR-2021,
OPTSTK,JSWSTEEL,29-Apr-2021,440,CE,178.45,178.45,178.45,178.45,176.25,1,16.69,164700,-2700,19-APR-2021,
OPTSTK,JSWSTEEL,29-Apr-2021,445,CE,0,0,0,176.5,171.25,0,0,37800,0,19-APR-2021,
OPTSTK,JSWSTEEL,29-Apr-2021,450,CE,150.35,154.3,150.35,154.3,166.25,2,32.52,315900,-2700,19-APR-2021,
OPTSTK,JSWSTEEL,29-Apr-2021,455,CE,0,0,0,69.85,161.3,0,0,56700,0,19-APR-2021,
OPTSTK,JSWSTEEL,29-Apr-2021,460,CE,144,144,144,144,156.3,1,16.3,172800,-2700,19-APR-2021,
OPTSTK,JSWSTEEL,29-Apr-2021,465,CE,0,0,0,77.25,151.3,0,0,59400,0,19-APR-2021,
OPTSTK,JSWSTEEL,29-Apr-2021,470,CE,144.5,144.5,144.5,144.5,146.3,1,16.59,218700,-2700,19-APR-2021,
OPTSTK,JSWSTEEL,29-Apr-2021,475,CE,0,0,0,165.65,141.3,0,0,72900,0,19-APR-2021,
OPTSTK,JSWSTEEL,29-Apr-2021,480,CE,123.7,134.8,123.7,134.8,136.35,2,32.89,245700,-5400,19-APR-2021,
OPTSTK,JSWSTEEL,29-Apr-2021,485,CE,0,0,0,125.85,131.35,0,0,86400,0,19-APR-2021,
OPTSTK,JSWSTEEL,29-Apr-2021,490,CE,123,135,123,135,126.4,2,33.42,178200,-2700,19-APR-2021,
OPTSTK,JSWSTEEL,29-Apr-2021,495,CE,0,0,0,117.7,121.4,0,0,86400,0,19-APR-2021,
OPTSTK,JSWSTEEL,29-Apr-2021,500,CE,101.1,126.4,101.1,126.4,116.45,11,183.04,434700,-16200,19-APR-2021,
OPTSTK,JSWSTEEL,29-Apr-2021,505,CE,0,0,0,111.25,111.55,0,0,64800,0,19-APR-2021,
OPTSTK,JSWSTEEL,29-Apr-2021,510,CE,95.8,108.8,95.8,108.8,108.8,3,49.69,253800,-5400,19-APR-2021,
OPTSTK,JSWSTEEL,29-Apr-2021,515,CE,102.05,102.05,102.05,102.05,102.05,1,16.66,89100,-2700,19-APR-2021,
OPTSTK,JSWSTEEL,29-Apr-2021,520,CE,87.75,104,80.15,97.7,97.7,13,215.14,515700,-8100,19-APR-2021,
OPTSTK,JSWSTEEL,29-Apr-2021,525,CE,0,0,0,97.95,92.05,0,0,72900,0,19-APR-2021,
OPTSTK,JSWSTEEL,29-Apr-2021,530,CE,88.85,89.75,88.85,89.75,89.75,2,33.44,356400,-5400,19-APR-2021,
OPTSTK,JSWSTEEL,29-Apr-2021,535,CE,0,0,0,81.35,82.55,0,0,67500,0,19-APR-2021,
OPTSTK,JSWSTEEL,29-Apr-2021,540,CE,69.75,78.9,63.6,78.9,77.9,9,148.17,291600,-16200,19-APR-2021,
OPTSTK,JSWSTEEL,29-Apr-2021,545,CE,0,0,0,72.55,73.3,0,0,64800,0,19-APR-2021,
OPTSTK,JSWSTEEL,29-Apr-2021,550,CE,65,70,64,70,68.8,15,250.38,615600,-24300,19-APR-2021,
OPTSTK,JSWSTEEL,29-Apr-2021,555,CE,0,0,0,77.65,64.4,0,0,94500,0,19-APR-2021,
OPTSTK,JSWSTEEL,29-Apr-2021,560,CE,49,61.8,47,60.55,60.55,10,166.14,399600,-5400,19-APR-2021,
OPTSTK,JSWSTEEL,29-Apr-2021,565,CE,0,0,0,64.55,55.9,0,0,18900,0,19-APR-2021,
OPTSTK,JSWSTEEL,29-Apr-2021,570,CE,41,53.5,41,53.5,51.8,9,150.05,224100,5400,19-APR-2021,
OPTSTK,JSWSTEEL,29-Apr-2021,575,CE,0,0,0,56.15,47.9,0,0,59400,0,19-APR-2021,
OPTSTK,JSWSTEEL,29-Apr-2021,580,CE,50,50,34.4,44.8,44.8,19,318.6,288900,-5400,19-APR-2021,
OPTSTK,JSWSTEEL,29-Apr-2021,585,CE,0,0,0,48.2,40.5,0,0,51300,0,19-APR-2021,
OPTSTK,JSWSTEEL,29-Apr-2021,590,CE,33,43.05,31.6,36.9,36.9,13,219.43,183600,-5400,19-APR-2021,
OPTSTK,JSWSTEEL,29-Apr-2021,595,CE,0,0,0,45,33.75,0,0,37800,0,19-APR-2021,
OPTSTK,JSWSTEEL,29-Apr-2021,600,CE,21.65,39,19.25,31.3,31.3,439,7458.84,1374300,-37800,19-APR-2021,
OPTSTK,JSWSTEEL,29-Apr-2021,605,CE,33.05,34.9,19.85,32.6,27.75,33,562.24,86400,21600,19-APR-2021,
OPTSTK,JSWSTEEL,29-Apr-2021,610,CE,29.6,32,17.15,25.5,25.5,434,7435.56,326700,27000,19-APR-2021,
OPTSTK,JSWSTEEL,29-Apr-2021,615,CE,1.65,29.7,1.65,23.05,23.05,225,3876.04,194400,51300,19-APR-2021,
OPTSTK,JSWSTEEL,29-Apr-2021,620,CE,11.85,26.75,11.8,20.95,20.95,1743,30184.42,1212300,86400,19-APR-2021,
OPTSTK,JSWSTEEL,29-Apr-2021,625,CE,3.65,24,3.65,18.45,18.45,417,7252.01,345600,10800,19-APR-2021,
OPTSTK,JSWSTEEL,29-Apr-2021,630,CE,10.7,21.7,10.2,16.75,16.75,1450,25323.19,1063800,-40500,19-APR-2021,
OPTSTK,JSWSTEEL,29-Apr-2021,635,CE,11.15,19.35,9.6,14.75,14.75,181,3174.66,278100,-24300,19-APR-2021,
OPTSTK,JSWSTEEL,29-Apr-2021,640,CE,8.65,17.35,8,13.15,13.15,1088,19189.2,1125900,27000,19-APR-2021,
OPTSTK,JSWSTEEL,29-Apr-2021,645,CE,5.95,15.3,5.45,11.75,11.75,190,3363.87,178200,-2700,19-APR-2021,
OPTSTK,JSWSTEEL,29-Apr-2021,650,CE,9,13.75,6.15,10.3,10.3,2625,46818.21,2397600,-62100,19-APR-2021,
OPTSTK,JSWSTEEL,29-Apr-2021,655,CE,6.5,11.45,6.45,9.1,9.1,53,949.82,102600,35100,19-APR-2021,
OPTSTK,JSWSTEEL,29-Apr-2021,660,CE,5.85,10.85,4.9,8.1,8.1,599,10804.02,572400,118800,19-APR-2021,
OPTSTK,JSWSTEEL,29-Apr-2021,665,CE,5.5,8.85,5.5,8.85,6.2,16,290.53,27000,5400,19-APR-2021,
OPTSTK,JSWSTEEL,29-Apr-2021,670,CE,2.5,8.5,2.1,6.25,6.25,432,7885.32,710100,13500,19-APR-2021,
OPTSTK,JSWSTEEL,29-Apr-2021,675,CE,0,0,0,0.55,4.55,0,0,0,0,19-APR-2021,
OPTSTK,JSWSTEEL,29-Apr-2021,680,CE,3.55,6.5,2.95,4.9,4.9,391,7229.08,672300,-54000,19-APR-2021,
OPTSTK,JSWSTEEL,29-Apr-2021,685,CE,0,0,0,0.4,3.3,0,0,0,0,19-APR-2021,
OPTSTK,JSWSTEEL,29-Apr-2021,690,CE,3.55,5.15,2.3,3.8,3.8,149,2790.77,199800,-29700,19-APR-2021,
OPTSTK,JSWSTEEL,29-Apr-2021,695,CE,0,0,0,0.45,2.35,0,0,0,0,19-APR-2021,
OPTSTK,JSWSTEEL,29-Apr-2021,700,CE,0.05,4.25,0.05,3.2,3.2,900,17082.73,1671300,-205200,19-APR-2021,
OPTSTK,JSWSTEEL,29-Apr-2021,705,CE,0.95,3.6,0.95,2.75,2.75,44,840.67,145800,-21600,19-APR-2021,
OPTSTK,JSWSTEEL,29-Apr-2021,710,CE,1,3.1,1,2.5,2.5,87,1673.31,342900,0,19-APR-2021,
OPTSTK,JSWSTEEL,29-Apr-2021,715,CE,0,0,0,0.45,1.15,0,0,0,0,19-APR-2021,
OPTSTK,JSWSTEEL,29-Apr-2021,720,CE,2.35,2.55,1.1,1.95,1.95,226,4404.29,380700,72900,19-APR-2021,
OPTSTK,JSWSTEEL,29-Apr-2021,240,PE,0,0,0,1.35,0,0,0,0,0,19-APR-2021,
OPTSTK,JSWSTEEL,29-Apr-2021,245,PE,0,0,0,1.6,0,0,0,0,0,19-APR-2021,
OPTSTK,JSWSTEEL,29-Apr-2021,250,PE,0,0,0,1.95,0,0,0,0,0,19-APR-2021,
OPTSTK,JSWSTEEL,29-Apr-2021,255,PE,0,0,0,2.35,0,0,0,0,0,19-APR-2021,
OPTSTK,JSWSTEEL,29-Apr-2021,260,PE,0,0,0,2.8,0,0,0,0,0,19-APR-2021,
OPTSTK,JSWSTEEL,29-Apr-2021,265,PE,0,0,0,3.3,0,0,0,0,0,19-APR-2021,
OPTSTK,JSWSTEEL,29-Apr-2021,270,PE,0,0,0,3.9,0,0,0,0,0,19-APR-2021,
OPTSTK,JSWSTEEL,29-Apr-2021,275,PE,0,0,0,4.5,0,0,0,0,0,19-APR-2021,
OPTSTK,JSWSTEEL,29-Apr-2021,280,PE,0,0,0,5.25,0,0,0,0,0,19-APR-2021,
OPTSTK,JSWSTEEL,29-Apr-2021,285,PE,0,0,0,6.05,0,0,0,0,0,19-APR-2021,
OPTSTK,JSWSTEEL,29-Apr-2021,290,PE,0,0,0,6.9,0,0,0,0,0,19-APR-2021,
OPTSTK,JSWSTEEL,29-Apr-2021,295,PE,0,0,0,7.9,0,0,0,0,0,19-APR-2021,
OPTSTK,JSWSTEEL,29-Apr-2021,300,PE,0.4,0.4,0.4,0.4,0,2,16.22,16200,5400,19-APR-2021,
OPTSTK,JSWSTEEL,29-Apr-2021,305,PE,0,0,0,10.1,0,0,0,0,0,19-APR-2021,
OPTSTK,JSWSTEEL,29-Apr-2021,310,PE,0,0,0,11.35,0,0,0,0,0,19-APR-2021,
OPTSTK,JSWSTEEL,29-Apr-2021,315,PE,0,0,0,0.25,0,0,0,2700,0,19-APR-2021,
OPTSTK,JSWSTEEL,29-Apr-2021,320,PE,0,0,0,14.15,0,0,0,0,0,19-APR-2021,
OPTSTK,JSWSTEEL,29-Apr-2021,325,PE,0,0,0,15.7,0,0,0,0,0,19-APR-2021,
OPTSTK,JSWSTEEL,29-Apr-2021,330,PE,0,0,0,17.35,0,0,0,0,0,19-APR-2021,
OPTSTK,JSWSTEEL,29-Apr-2021,335,PE,0,0,0,19.1,0,0,0,0,0,19-APR-2021,
OPTSTK,JSWSTEEL,29-Apr-2021,340,PE,0,0,0,20.95,0,0,0,0,0,19-APR-2021,
OPTSTK,JSWSTEEL,29-Apr-2021,345,PE,0,0,0,22.9,0,0,0,0,0,19-APR-2021,
OPTSTK,JSWSTEEL,29-Apr-2021,350,PE,0,0,0,0.25,0,0,0,8100,0,19-APR-2021,
OPTSTK,JSWSTEEL,29-Apr-2021,355,PE,3,3,0.1,0.1,0,2,19.25,0,0,19-APR-2021,
OPTSTK,JSWSTEEL,29-Apr-2021,360,PE,0,0,0,0.45,0,0,0,5400,0,19-APR-2021,
OPTSTK,JSWSTEEL,29-Apr-2021,365,PE,0,0,0,31.85,0,0,0,0,0,19-APR-2021,
OPTSTK,JSWSTEEL,29-Apr-2021,370,PE,0.1,0.1,0.1,0.1,0,1,9.99,16200,-2700,19-APR-2021,
OPTSTK,JSWSTEEL,29-Apr-2021,375,PE,0,0,0,36.9,0,0,0,0,0,19-APR-2021,
OPTSTK,JSWSTEEL,29-Apr-2021,380,PE,0.15,0.35,0.15,0.35,0.35,3,30.8,121500,-2700,19-APR-2021,
OPTSTK,JSWSTEEL,29-Apr-2021,385,PE,0,0,0,42.4,0,0,0,0,0,19-APR-2021,
OPTSTK,JSWSTEEL,29-Apr-2021,390,PE,0.25,0.25,0.25,0.25,0,1,10.53,72900,-2700,19-APR-2021,
OPTSTK,JSWSTEEL,29-Apr-2021,395,PE,0,0,0,48.25,0,0,0,0,0,19-APR-2021,
OPTSTK,JSWSTEEL,29-Apr-2021,400,PE,0.35,0.35,0.25,0.3,0.3,18,194.54,615600,-24300,19-APR-2021,
OPTSTK,JSWSTEEL,29-Apr-2021,405,PE,0,0,0,0.25,0,0,0,5400,0,19-APR-2021,
OPTSTK,JSWSTEEL,29-Apr-2021,410,PE,0.2,0.2,0.2,0.2,0,1,11.07,135000,-2700,19-APR-2021,
OPTSTK,JSWSTEEL,29-Apr-2021,415,PE,0.45,0.45,0.2,0.25,0,4,44.85,16200,-2700,19-APR-2021,
OPTSTK,JSWSTEEL,29-Apr-2021,420,PE,0.45,0.6,0.35,0.6,0,24,272.49,226800,-29700,19-APR-2021,
OPTSTK,JSWSTEEL,29-Apr-2021,425,PE,0,0,0,0.45,0,0,0,13500,0,19-APR-2021,
OPTSTK,JSWSTEEL,29-Apr-2021,430,PE,0.55,0.7,0.4,0.5,0,14,162.72,386100,0,19-APR-2021,
OPTSTK,JSWSTEEL,29-Apr-2021,435,PE,0.4,0.4,0.4,0.4,0,10,117.55,54000,-10800,19-APR-2021,
OPTSTK,JSWSTEEL,29-Apr-2021,440,PE,0.5,0.5,0.45,0.45,0.45,18,214.06,386100,-40500,19-APR-2021,
OPTSTK,JSWSTEEL,29-Apr-2021,445,PE,0.4,0.4,0.4,0.4,0,1,12.02,83700,0,19-APR-2021,
OPTSTK,JSWSTEEL,29-Apr-2021,450,PE,0.85,0.9,0.35,0.6,0.6,42,510.94,1134000,-40500,19-APR-2021,
OPTSTK,JSWSTEEL,29-Apr-2021,455,PE,0,0,0,0.85,0,0,0,45900,0,19-APR-2021,
OPTSTK,JSWSTEEL,29-Apr-2021,460,PE,3.15,3.15,0.55,0.65,0.65,10,124.45,499500,-5400,19-APR-2021,
OPTSTK,JSWSTEEL,29-Apr-2021,465,PE,0,0,0,1.15,0.05,0,0,51300,0,19-APR-2021,
OPTSTK,JSWSTEEL,29-Apr-2021,470,PE,0.65,0.85,0.65,0.7,0.05,9,114.38,313200,-2700,19-APR-2021,
OPTSTK,JSWSTEEL,29-Apr-2021,475,PE,2,2,2,2,0.05,1,12.87,40500,0,19-APR-2021,
OPTSTK,JSWSTEEL,29-Apr-2021,480,PE,1,1.4,0.75,0.75,0.05,58,753.38,623700,-18900,19-APR-2021,
OPTSTK,JSWSTEEL,29-Apr-2021,485,PE,0,0,0,1,0.05,0,0,59400,0,19-APR-2021,
OPTSTK,JSWSTEEL,29-Apr-2021,490,PE,1.3,1.4,0.8,0.8,0.8,28,371.27,405000,-21600,19-APR-2021,
OPTSTK,JSWSTEEL,29-Apr-2021,495,PE,0,0,0,1.85,0.15,0,0,72900,0,19-APR-2021,
OPTSTK,JSWSTEEL,29-Apr-2021,500,PE,1.55,2.1,0.95,1.05,1.05,469,6348.45,1849500,48600,19-APR-2021,
OPTSTK,JSWSTEEL,29-Apr-2021,505,PE,1.05,1.05,0.85,0.9,0.9,3,40.98,132300,0,19-APR-2021,
OPTSTK,JSWSTEEL,29-Apr-2021,510,PE,2.5,2.5,1.05,1.1,1.1,47,648.92,321300,-27000,19-APR-2021,
OPTSTK,JSWSTEEL,29-Apr-2021,515,PE,2,2.1,1.2,1.35,1.35,18,251.03,110700,-8100,19-APR-2021,
OPTSTK,JSWSTEEL,29-Apr-2021,520,PE,2.8,3.3,1.4,1.45,1.45,269,3792.19,918000,18900,19-APR-2021,
OPTSTK,JSWSTEEL,29-Apr-2021,525,PE,2.5,2.5,1.5,1.5,1.5,36,512.4,132300,-13500,19-APR-2021,
OPTSTK,JSWSTEEL,29-Apr-2021,530,PE,3,4,1.75,1.9,1.9,113,1624.34,531900,18900,19-APR-2021,
OPTSTK,JSWSTEEL,29-Apr-2021,535,PE,0,0,0,2.4,1.2,0,0,78300,0,19-APR-2021,
OPTSTK,JSWSTEEL,29-Apr-2021,540,PE,7.9,7.9,2.4,2.55,2.55,183,2684.56,537300,21600,19-APR-2021,
OPTSTK,JSWSTEEL,29-Apr-2021,545,PE,0,0,0,4.5,1.95,0,0,110700,0,19-APR-2021,
OPTSTK,JSWSTEEL,29-Apr-2021,550,PE,5.75,6.8,3.2,3.45,3.45,790,11828.66,1231200,-143100,19-APR-2021,
OPTSTK,JSWSTEEL,29-Apr-2021,555,PE,8,8,8,8,3,1,15.2,183600,-2700,19-APR-2021,
OPTSTK,JSWSTEEL,29-Apr-2021,560,PE,8,8.75,4.25,4.65,4.65,332,5073.83,588600,2700,19-APR-2021,
OPTSTK,JSWSTEEL,29-Apr-2021,565,PE,9,9,9,9,4.5,1,15.49,24300,-2700,19-APR-2021,
OPTSTK,JSWSTEEL,29-Apr-2021,570,PE,11.25,12.1,5.5,6.2,6.2,387,6035.87,553500,24300,19-APR-2021,
OPTSTK,JSWSTEEL,29-Apr-2021,575,PE,8.55,8.85,6.2,7.35,7.35,16,251.67,126900,-5400,19-APR-2021,
OPTSTK,JSWSTEEL,29-Apr-2021,580,PE,12.8,22.4,7.35,8.35,8.35,664,10581.94,858600,113400,19-APR-2021,
OPTSTK,JSWSTEEL,29-Apr-2021,585,PE,17,17,8.75,9.7,9.7,40,643.89,59400,-29700,19-APR-2021,
OPTSTK,JSWSTEEL,29-Apr-2021,590,PE,20.85,21,9.5,11.1,11.1,413,6721.12,477900,43200,19-APR-2021,
OPTSTK,JSWSTEEL,29-Apr-2021,595,PE,16.2,16.8,11.05,12.75,12.75,40,657.84,75600,-8100,19-APR-2021,
OPTSTK,JSWSTEEL,29-Apr-2021,600,PE,20.55,23.5,12.4,14.45,14.45,1734,28867.79,1606500,48600,19-APR-2021,
OPTSTK,JSWSTEEL,29-Apr-2021,605,PE,23.35,23.35,14.2,16.35,16.35,132,2218.31,140400,10800,19-APR-2021,
OPTSTK,JSWSTEEL,29-Apr-2021,610,PE,28.5,29,16.15,18.9,18.9,550,9373.15,1387800,35100,19-APR-2021,
OPTSTK,JSWSTEEL,29-Apr-2021,615,PE,30.1,32.85,18,20.65,20.65,195,3355.06,159300,35100,19-APR-2021,
OPTSTK,JSWSTEEL,29-Apr-2021,620,PE,32.05,34.5,20.1,23.5,23.5,599,10425,731700,48600,19-APR-2021,
OPTSTK,JSWSTEEL,29-Apr-2021,625,PE,28.45,35.9,22.5,26.35,26.35,77,1353.74,70200,10800,19-APR-2021,
OPTSTK,JSWSTEEL,29-Apr-2021,630,PE,40.1,41.1,25,29.05,29.05,167,2979.87,396900,-8100,19-APR-2021,
OPTSTK,JSWSTEEL,29-Apr-2021,635,PE,39.2,39.95,28,28.8,32.6,6,108.33,51300,-5400,19-APR-2021,
OPTSTK,JSWSTEEL,29-Apr-2021,640,PE,48.3,49,30.5,34.85,35.95,41,752.7,170100,-10800,19-APR-2021,
OPTSTK,JSWSTEEL,29-Apr-2021,645,PE,0,0,0,31,39.4,0,0,5400,0,19-APR-2021,
OPTSTK,JSWSTEEL,29-Apr-2021,650,PE,56.75,56.75,38,43.25,43.25,31,581.84,110700,-2700,19-APR-2021,
OPTSTK,JSWSTEEL,29-Apr-2021,655,PE,0,0,0,145.55,46.85,0,0,0,0,19-APR-2021,
OPTSTK,JSWSTEEL,29-Apr-2021,660,PE,63.65,63.65,58.7,58.7,50.7,2,38.94,48600,0,19-APR-2021,
OPTSTK,JSWSTEEL,29-Apr-2021,665,PE,0,0,0,155.3,54.7,0,0,0,0,19-APR-2021,
OPTSTK,JSWSTEEL,29-Apr-2021,670,PE,0,0,0,49.2,58.85,0,0,2700,0,19-APR-2021,
OPTSTK,JSWSTEEL,29-Apr-2021,675,PE,0,0,0,165.1,63.1,0,0,0,0,19-APR-2021,
OPTSTK,JSWSTEEL,29-Apr-2021,680,PE,0,0,0,170,67.4,0,0,0,0,19-APR-2021,
OPTSTK,JSWSTEEL,29-Apr-2021,685,PE,0,0,0,174.95,71.85,0,0,0,0,19-APR-2021,
OPTSTK,JSWSTEEL,29-Apr-2021,690,PE,0,0,0,179.85,76.3,0,0,0,0,19-APR-2021,
OPTSTK,JSWSTEEL,29-Apr-2021,695,PE,0,0,0,176.25,80.9,0,0,0,0,19-APR-2021,
OPTSTK,JSWSTEEL,29-Apr-2021,700,PE,0,0,0,102,85.5,0,0,2700,0,19-APR-2021,
OPTSTK,JSWSTEEL,29-Apr-2021,705,PE,0,0,0,166.55,90.15,0,0,0,0,19-APR-2021,
OPTSTK,JSWSTEEL,29-Apr-2021,710,PE,0,0,0,171.45,94.9,0,0,0,0,19-APR-2021,
OPTSTK,JSWSTEEL,29-Apr-2021,715,PE,0,0,0,176.35,99.65,0,0,0,0,19-APR-2021,
OPTSTK,JSWSTEEL,29-Apr-2021,720,PE,0,0,0,157.05,104.45,0,0,0,0,19-APR-2021,
OPTSTK,JSWSTEEL,27-May-2021,270,CE,0,0,0,155.6,346.85,0,0,0,0,19-APR-2021,
OPTSTK,JSWSTEEL,27-May-2021,275,CE,0,0,0,150.95,341.9,0,0,0,0,19-APR-2021,
OPTSTK,JSWSTEEL,27-May-2021,280,CE,0,0,0,146.3,336.9,0,0,0,0,19-APR-2021,
OPTSTK,JSWSTEEL,27-May-2021,285,CE,0,0,0,141.7,331.95,0,0,0,0,19-APR-2021,
OPTSTK,JSWSTEEL,27-May-2021,290,CE,0,0,0,137.15,326.95,0,0,0,0,19-APR-2021,
OPTSTK,JSWSTEEL,27-May-2021,295,CE,0,0,0,132.65,321.95,0,0,0,0,19-APR-2021,
OPTSTK,JSWSTEEL,27-May-2021,300,CE,0,0,0,128.2,317,0,0,0,0,19-APR-2021,
OPTSTK,JSWSTEEL,27-May-2021,305,CE,0,0,0,123.85,312,0,0,0,0,19-APR-2021,
OPTSTK,JSWSTEEL,27-May-2021,310,CE,0,0,0,119.5,307.05,0,0,0,0,19-APR-2021,
OPTSTK,JSWSTEEL,27-May-2021,315,CE,0,0,0,115.25,302.05,0,0,0,0,19-APR-2021,
OPTSTK,JSWSTEEL,27-May-2021,320,CE,0,0,0,111.1,297.05,0,0,0,0,19-APR-2021,
OPTSTK,JSWSTEEL,27-May-2021,325,CE,0,0,0,107,292.1,0,0,0,0,19-APR-2021,
OPTSTK,JSWSTEEL,27-May-2021,330,CE,0,0,0,102.95,287.1,0,0,0,0,19-APR-2021,
OPTSTK,JSWSTEEL,27-May-2021,335,CE,0,0,0,99,282.15,0,0,0,0,19-APR-2021,
OPTSTK,JSWSTEEL,27-May-2021,340,CE,0,0,0,95.15,277.15,0,0,0,0,19-APR-2021,
OPTSTK,JSWSTEEL,27-May-2021,345,CE,0,0,0,91.35,272.15,0,0,0,0,19-APR-2021,
OPTSTK,JSWSTEEL,27-May-2021,350,CE,0,0,0,87.7,267.2,0,0,0,0,19-APR-2021,
OPTSTK,JSWSTEEL,27-May-2021,355,CE,0,0,0,84.05,262.2,0,0,0,0,19-APR-2021,
OPTSTK,JSWSTEEL,27-May-2021,360,CE,0,0,0,80.55,257.25,0,0,0,0,19-APR-2021,
OPTSTK,JSWSTEEL,27-May-2021,365,CE,0,0,0,77.15,252.25,0,0,0,0,19-APR-2021,
OPTSTK,JSWSTEEL,27-May-2021,370,CE,0,0,0,73.8,247.3,0,0,0,0,19-APR-2021,
OPTSTK,JSWSTEEL,27-May-2021,375,CE,0,0,0,70.55,242.35,0,0,0,0,19-APR-2021,
OPTSTK,JSWSTEEL,27-May-2021,380,CE,0,0,0,67.45,237.35,0,0,0,0,19-APR-2021,
OPTSTK,JSWSTEEL,27-May-2021,385,CE,0,0,0,64.4,232.4,0,0,0,0,19-APR-2021,
OPTSTK,JSWSTEEL,27-May-2021,390,CE,0,0,0,61.45,227.45,0,0,0,0,19-APR-2021,
OPTSTK,JSWSTEEL,27-May-2021,395,CE,0,0,0,58.6,222.5,0,0,0,0,19-APR-2021,
OPTSTK,JSWSTEEL,27-May-2021,400,CE,0,0,0,55.85,217.55,0,0,0,0,19-APR-2021,
OPTSTK,JSWSTEEL,27-May-2021,405,CE,0,0,0,53.2,212.6,0,0,0,0,19-APR-2021,
OPTSTK,JSWSTEEL,27-May-2021,410,CE,0,0,0,50.65,207.65,0,0,0,0,19-APR-2021,
OPTSTK,JSWSTEEL,27-May-2021,415,CE,0,0,0,48.2,202.75,0,0,0,0,19-APR-2021,
OPTSTK,JSWSTEEL,27-May-2021,420,CE,0,0,0,45.8,197.85,0,0,0,0,19-APR-2021,
OPTSTK,JSWSTEEL,27-May-2021,425,CE,0,0,0,43.55,192.95,0,0,0,0,19-APR-2021,
OPTSTK,JSWSTEEL,27-May-2021,430,CE,0,0,0,41.35,188.05,0,0,0,0,19-APR-2021,
OPTSTK,JSWSTEEL,27-May-2021,435,CE,0,0,0,39.25,183.2,0,0,0,0,19-APR-2021,
OPTSTK,JSWSTEEL,27-May-2021,440,CE,0,0,0,37.2,178.35,0,0,0,0,19-APR-2021,
OPTSTK,JSWSTEEL,27-May-2021,445,CE,0,0,0,35.3,173.55,0,0,0,0,19-APR-2021,
OPTSTK,JSWSTEEL,27-May-2021,450,CE,0,0,0,33.45,168.75,0,0,0,0,19-APR-2021,
OPTSTK,JSWSTEEL,27-May-2021,455,CE,0,0,0,31.65,164,0,0,0,0,19-APR-2021,
OPTSTK,JSWSTEEL,27-May-2021,460,CE,0,0,0,30,159.25,0,0,0,0,19-APR-2021,
OPTSTK,JSWSTEEL,27-May-2021,465,CE,0,0,0,28.35,154.55,0,0,0,0,19-APR-2021,
OPTSTK,JSWSTEEL,27-May-2021,470,CE,0,0,0,78,149.85,0,0,2700,0,19-APR-2021,
OPTSTK,JSWSTEEL,27-May-2021,475,CE,0,0,0,25.35,145.25,0,0,0,0,19-APR-2021,
OPTSTK,JSWSTEEL,27-May-2021,480,CE,0,0,0,23.95,140.65,0,0,0,0,19-APR-2021,
OPTSTK,JSWSTEEL,27-May-2021,485,CE,0,0,0,22.6,136.15,0,0,0,0,19-APR-2021,
OPTSTK,JSWSTEEL,27-May-2021,490,CE,0,0,0,21.35,131.65,0,0,0,0,19-APR-2021,
OPTSTK,JSWSTEEL,27-May-2021,495,CE,0,0,0,20.15,127.2,0,0,0,0,19-APR-2021,
OPTSTK,JSWSTEEL,27-May-2021,500,CE,0,0,0,120,122.8,0,0,5400,0,19-APR-2021,
OPTSTK,JSWSTEEL,27-May-2021,505,CE,0,0,0,17.95,118.5,0,0,0,0,19-APR-2021,
OPTSTK,JSWSTEEL,27-May-2021,510,CE,0,0,0,16.9,114.25,0,0,0,0,19-APR-2021,
OPTSTK,JSWSTEEL,27-May-2021,515,CE,0,0,0,15.95,110.05,0,0,0,0,19-APR-2021,
OPTSTK,JSWSTEEL,27-May-2021,520,CE,0,0,0,30,105.95,0,0,2700,0,19-APR-2021,
OPTSTK,JSWSTEEL,27-May-2021,525,CE,0,0,0,14.1,101.9,0,0,0,0,19-APR-2021,
OPTSTK,JSWSTEEL,27-May-2021,530,CE,0,0,0,111,97.9,0,0,40500,0,19-APR-2021,
OPTSTK,JSWSTEEL,27-May-2021,535,CE,0,0,0,18.4,94.05,0,0,13500,0,19-APR-2021,
OPTSTK,JSWSTEEL,27-May-2021,540,CE,0,0,0,90,90.2,0,0,8100,0,19-APR-2021,
OPTSTK,JSWSTEEL,27-May-2021,545,CE,0,0,0,11.05,86.5,0,0,0,0,19-APR-2021,
OPTSTK,JSWSTEEL,27-May-2021,550,CE,0,0,0,24,82.85,0,0,2700,0,19-APR-2021,
OPTSTK,JSWSTEEL,27-May-2021,555,CE,0,0,0,9.75,79.3,0,0,0,0,19-APR-2021,
OPTSTK,JSWSTEEL,27-May-2021,560,CE,0,0,0,9.15,75.8,0,0,0,0,19-APR-2021,
OPTSTK,JSWSTEEL,27-May-2021,565,CE,0,0,0,8.6,72.45,0,0,0,0,19-APR-2021,
OPTSTK,JSWSTEEL,27-May-2021,570,CE,0,0,0,69.75,69.15,0,0,8100,0,19-APR-2021,
OPTSTK,JSWSTEEL,27-May-2021,575,CE,0,0,0,7.9,65.95,0,0,0,0,19-APR-2021,
OPTSTK,JSWSTEEL,27-May-2021,580,CE,0,0,0,67,62.85,0,0,40500,0,19-APR-2021,
OPTSTK,JSWSTEEL,27-May-2021,585,CE,0,0,0,5.6,59.85,0,0,0,0,19-APR-2021,
OPTSTK,JSWSTEEL,27-May-2021,590,CE,0,0,0,5.2,56.95,0,0,0,0,19-APR-2021,
OPTSTK,JSWSTEEL,27-May-2021,595,CE,0,0,0,5.25,54.15,0,0,0,0,19-APR-2021,
OPTSTK,JSWSTEEL,27-May-2021,600,CE,50,50,50,50,51.45,2,35.1,2700,0,19-APR-2021,
OPTSTK,JSWSTEEL,27-May-2021,605,CE,0,0,0,3.35,48.85,0,0,0,0,19-APR-2021,
OPTSTK,JSWSTEEL,27-May-2021,610,CE,0,0,0,3.05,46.3,0,0,0,0,19-APR-2021,
OPTSTK,JSWSTEEL,27-May-2021,615,CE,0,0,0,2.8,43.9,0,0,0,0,19-APR-2021,
OPTSTK,JSWSTEEL,27-May-2021,620,CE,0,0,0,2.6,41.55,0,0,0,0,19-APR-2021,
OPTSTK,JSWSTEEL,27-May-2021,625,CE,0,0,0,39.25,39.3,0,0,5400,0,19-APR-2021,
OPTSTK,JSWSTEEL,27-May-2021,630,CE,38.95,39,38.95,39,37.15,2,36.12,48600,2700,19-APR-2021,
OPTSTK,JSWSTEEL,27-May-2021,635,CE,0,0,0,36.7,35.1,0,0,8100,0,19-APR-2021,
OPTSTK,JSWSTEEL,27-May-2021,640,CE,32,36.7,32,33.15,33.15,5,91.01,37800,2700,19-APR-2021,
OPTSTK,JSWSTEEL,27-May-2021,645,CE,0,0,0,33.45,31.25,0,0,2700,0,19-APR-2021,
OPTSTK,JSWSTEEL,27-May-2021,650,CE,23.05,33.65,22.9,29.25,29.25,35,640.52,113400,8100,19-APR-2021,
OPTSTK,JSWSTEEL,27-May-2021,655,CE,0,0,0,5.55,27.75,0,0,0,0,19-APR-2021,
OPTSTK,JSWSTEEL,27-May-2021,660,CE,17.6,23.55,17.6,23.55,26.1,3,55.2,5400,5400,19-APR-2021,
OPTSTK,JSWSTEEL,27-May-2021,665,CE,0,0,0,4.75,24.55,0,0,0,0,19-APR-2021,
OPTSTK,JSWSTEEL,27-May-2021,670,CE,0,0,0,4.35,23.05,0,0,0,0,19-APR-2021,
OPTSTK,JSWSTEEL,27-May-2021,675,CE,0,0,0,4.05,21.65,0,0,0,0,19-APR-2021,
OPTSTK,JSWSTEEL,27-May-2021,680,CE,0,0,0,3.7,20.3,0,0,0,0,19-APR-2021,
OPTSTK,JSWSTEEL,27-May-2021,685,CE,0,0,0,3.45,19.05,0,0,0,0,19-APR-2021,
OPTSTK,JSWSTEEL,27-May-2021,690,CE,0,0,0,3.15,17.85,0,0,0,0,19-APR-2021,
OPTSTK,JSWSTEEL,27-May-2021,695,CE,0,0,0,3.75,16.75,0,0,0,0,19-APR-2021,
OPTSTK,JSWSTEEL,27-May-2021,700,CE,11,21.75,11,16.2,16.2,23,444.08,137700,27000,19-APR-2021,
OPTSTK,JSWSTEEL,27-May-2021,705,CE,0,0,0,4.8,14.6,0,0,0,0,19-APR-2021,
OPTSTK,JSWSTEEL,27-May-2021,710,CE,0,0,0,4.45,13.65,0,0,0,0,19-APR-2021,
OPTSTK,JSWSTEEL,27-May-2021,715,CE,0,0,0,4.15,12.75,0,0,0,0,19-APR-2021,
OPTSTK,JSWSTEEL,27-May-2021,720,CE,0,0,0,20,11.9,0,0,5400,0,19-APR-2021,
OPTSTK,JSWSTEEL,27-May-2021,270,PE,0,0,0,1.35,0,0,0,0,0,19-APR-2021,
OPTSTK,JSWSTEEL,27-May-2021,275,PE,0,0,0,1.6,0,0,0,0,0,19-APR-2021,
OPTSTK,JSWSTEEL,27-May-2021,280,PE,0,0,0,1.95,0,0,0,0,0,19-APR-2021,
OPTSTK,JSWSTEEL,27-May-2021,285,PE,0,0,0,2.3,0,0,0,0,0,19-APR-2021,
OPTSTK,JSWSTEEL,27-May-2021,290,PE,0,0,0,2.7,0,0,0,0,0,19-APR-2021,
OPTSTK,JSWSTEEL,27-May-2021,295,PE,0,0,0,3.15,0,0,0,0,0,19-APR-2021,
OPTSTK,JSWSTEEL,27-May-2021,300,PE,0,0,0,3.65,0,0,0,0,0,19-APR-2021,
OPTSTK,JSWSTEEL,27-May-2021,305,PE,0,0,0,4.25,0,0,0,0,0,19-APR-2021,
OPTSTK,JSWSTEEL,27-May-2021,310,PE,0,0,0,4.9,0,0,0,0,0,19-APR-2021,
OPTSTK,JSWSTEEL,27-May-2021,315,PE,0,0,0,5.6,0,0,0,0,0,19-APR-2021,
OPTSTK,JSWSTEEL,27-May-2021,320,PE,0,0,0,6.35,0,0,0,0,0,19-APR-2021,
OPTSTK,JSWSTEEL,27-May-2021,325,PE,0,0,0,7.2,0,0,0,0,0,19-APR-2021,
OPTSTK,JSWSTEEL,27-May-2021,330,PE,0,0,0,8.15,0,0,0,0,0,19-APR-2021,
OPTSTK,JSWSTEEL,27-May-2021,335,PE,0,0,0,9.15,0,0,0,0,0,19-APR-2021,
OPTSTK,JSWSTEEL,27-May-2021,340,PE,0,0,0,10.2,0.05,0,0,0,0,19-APR-2021,
OPTSTK,JSWSTEEL,27-May-2021,345,PE,0,0,0,11.4,0.05,0,0,0,0,19-APR-2021,
OPTSTK,JSWSTEEL,27-May-2021,350,PE,0,0,0,12.65,0.05,0,0,0,0,19-APR-2021,
OPTSTK,JSWSTEEL,27-May-2021,355,PE,0,0,0,14,0.05,0,0,0,0,19-APR-2021,
OPTSTK,JSWSTEEL,27-May-2021,360,PE,0,0,0,15.45,0.05,0,0,0,0,19-APR-2021,
OPTSTK,JSWSTEEL,27-May-2021,365,PE,0,0,0,17,0.05,0,0,0,0,19-APR-2021,
OPTSTK,JSWSTEEL,27-May-2021,370,PE,0,0,0,18.6,0.05,0,0,0,0,19-APR-2021,
OPTSTK,JSWSTEEL,27-May-2021,375,PE,0,0,0,20.3,0.05,0,0,0,0,19-APR-2021,
OPTSTK,JSWSTEEL,27-May-2021,380,PE,0,0,0,22.15,0.1,0,0,0,0,19-APR-2021,
OPTSTK,JSWSTEEL,27-May-2021,385,PE,0,0,0,24.05,0.1,0,0,0,0,19-APR-2021,
OPTSTK,JSWSTEEL,27-May-2021,390,PE,0,0,0,26.05,0.1,0,0,0,0,19-APR-2021,
OPTSTK,JSWSTEEL,27-May-2021,395,PE,0,0,0,28.2,0.15,0,0,0,0,19-APR-2021,
OPTSTK,JSWSTEEL,27-May-2021,400,PE,0,0,0,0.2,0.2,0,0,2700,0,19-APR-2021,
OPTSTK,JSWSTEEL,27-May-2021,405,PE,0,0,0,32.7,0.2,0,0,0,0,19-APR-2021,
OPTSTK,JSWSTEEL,27-May-2021,410,PE,0,0,0,35.1,0.25,0,0,0,0,19-APR-2021,
OPTSTK,JSWSTEEL,27-May-2021,415,PE,0,0,0,37.55,0.35,0,0,0,0,19-APR-2021,
OPTSTK,JSWSTEEL,27-May-2021,420,PE,0,0,0,40.15,0.4,0,0,0,0,19-APR-2021,
OPTSTK,JSWSTEEL,27-May-2021,425,PE,0,0,0,42.85,0.5,0,0,0,0,19-APR-2021,
OPTSTK,JSWSTEEL,27-May-2021,430,PE,0,0,0,45.6,0.6,0,0,0,0,19-APR-2021,
OPTSTK,JSWSTEEL,27-May-2021,435,PE,0,0,0,48.45,0.7,0,0,0,0,19-APR-2021,
OPTSTK,JSWSTEEL,27-May-2021,440,PE,1,1,1,1,0.85,1,11.9,40500,0,19-APR-2021,
OPTSTK,JSWSTEEL,27-May-2021,445,PE,0,0,0,54.4,1,0,0,0,0,19-APR-2021,
OPTSTK,JSWSTEEL,27-May-2021,450,PE,0,0,0,1.5,1.2,0,0,2700,0,19-APR-2021,
OPTSTK,JSWSTEEL,27-May-2021,455,PE,0,0,0,60.7,1.4,0,0,0,0,19-APR-2021,
OPTSTK,JSWSTEEL,27-May-2021,460,PE,0,0,0,63.95,1.65,0,0,0,0,19-APR-2021,
OPTSTK,JSWSTEEL,27-May-2021,465,PE,0,0,0,67.3,1.95,0,0,0,0,19-APR-2021,
OPTSTK,JSWSTEEL,27-May-2021,470,PE,0,0,0,2,2.25,0,0,2700,0,19-APR-2021,
OPTSTK,JSWSTEEL,27-May-2021,475,PE,0,0,0,74.2,2.6,0,0,0,0,19-APR-2021,
OPTSTK,JSWSTEEL,27-May-2021,480,PE,0,0,0,4.5,3,0,0,16200,0,19-APR-2021,
OPTSTK,JSWSTEEL,27-May-2021,485,PE,0,0,0,81.35,3.45,0,0,0,0,19-APR-2021,
OPTSTK,JSWSTEEL,27-May-2021,490,PE,0,0,0,85.05,3.95,0,0,0,0,19-APR-2021,
OPTSTK,JSWSTEEL,27-May-2021,495,PE,0,0,0,88.8,4.45,0,0,0,0,19-APR-2021,
OPTSTK,JSWSTEEL,27-May-2021,500,PE,8.75,8.75,5.1,5.5,5.5,58,792.74,256500,54000,19-APR-2021,
OPTSTK,JSWSTEEL,27-May-2021,505,PE,0,0,0,96.5,5.75,0,0,0,0,19-APR-2021,
OPTSTK,JSWSTEEL,27-May-2021,510,PE,0,0,0,100.4,6.45,0,0,0,0,19-APR-2021,
OPTSTK,JSWSTEEL,27-May-2021,515,PE,0,0,0,104.4,7.25,0,0,0,0,19-APR-2021,
OPTSTK,JSWSTEEL,27-May-2021,520,PE,7,7,7,7,7,1,14.22,8100,2700,19-APR-2021,
OPTSTK,JSWSTEEL,27-May-2021,525,PE,0,0,0,112.45,9.05,0,0,0,0,19-APR-2021,
OPTSTK,JSWSTEEL,27-May-2021,530,PE,0,0,0,116.6,10.05,0,0,0,0,19-APR-2021,
OPTSTK,JSWSTEEL,27-May-2021,535,PE,0,0,0,120.75,11.15,0,0,0,0,19-APR-2021,
OPTSTK,JSWSTEEL,27-May-2021,540,PE,0,0,0,124.95,12.3,0,0,0,0,19-APR-2021,
OPTSTK,JSWSTEEL,27-May-2021,545,PE,0,0,0,129.2,13.6,0,0,0,0,19-APR-2021,
OPTSTK,JSWSTEEL,27-May-2021,550,PE,15.4,15.4,13,13,13,3,45.66,18900,5400,19-APR-2021,
OPTSTK,JSWSTEEL,27-May-2021,555,PE,0,0,0,137.85,16.35,0,0,0,0,19-APR-2021,
OPTSTK,JSWSTEEL,27-May-2021,560,PE,0,0,0,142.2,17.8,0,0,0,0,19-APR-2021,
OPTSTK,JSWSTEEL,27-May-2021,565,PE,0,0,0,146.6,19.45,0,0,0,0,19-APR-2021,
OPTSTK,JSWSTEEL,27-May-2021,570,PE,0,0,0,151,21.15,0,0,0,0,19-APR-2021,
OPTSTK,JSWSTEEL,27-May-2021,575,PE,0,0,0,149.75,22.9,0,0,0,0,19-APR-2021,
OPTSTK,JSWSTEEL,27-May-2021,580,PE,41.65,41.65,24,24.5,24.5,4,65.72,8100,5400,19-APR-2021,
OPTSTK,JSWSTEEL,27-May-2021,585,PE,0,0,0,146.05,26.8,0,0,0,0,19-APR-2021,
OPTSTK,JSWSTEEL,27-May-2021,590,PE,0,0,0,150.6,28.85,0,0,0,0,19-APR-2021,
OPTSTK,JSWSTEEL,27-May-2021,595,PE,0,0,0,150.95,31.05,0,0,0,0,19-APR-2021,
OPTSTK,JSWSTEEL,27-May-2021,600,PE,31,31,30.9,30.9,30.9,2,34.07,5400,5400,19-APR-2021,
OPTSTK,JSWSTEEL,27-May-2021,605,PE,0,0,0,166.45,35.7,0,0,0,0,19-APR-2021,
OPTSTK,JSWSTEEL,27-May-2021,610,PE,0,0,0,171.15,38.15,0,0,0,0,19-APR-2021,
OPTSTK,JSWSTEEL,27-May-2021,615,PE,0,0,0,37.45,40.7,0,0,2700,0,19-APR-2021,
OPTSTK,JSWSTEEL,27-May-2021,620,PE,0,0,0,36.95,43.35,0,0,75600,0,19-APR-2021,
OPTSTK,JSWSTEEL,27-May-2021,625,PE,45,45,45,45,46.1,1,18.09,64800,2700,19-APR-2021,
OPTSTK,JSWSTEEL,27-May-2021,630,PE,0,0,0,162.55,48.9,0,0,0,0,19-APR-2021,
OPTSTK,JSWSTEEL,27-May-2021,635,PE,0,0,0,167.25,51.85,0,0,0,0,19-APR-2021,
OPTSTK,JSWSTEEL,27-May-2021,640,PE,0,0,0,171.95,54.85,0,0,0,0,19-APR-2021,
OPTSTK,JSWSTEEL,27-May-2021,645,PE,0,0,0,176.65,57.95,0,0,0,0,19-APR-2021,
OPTSTK,JSWSTEEL,27-May-2021,650,PE,0,0,0,60,61.1,0,0,10800,0,19-APR-2021,
OPTSTK,JSWSTEEL,27-May-2021,655,PE,0,0,0,148.25,64.4,0,0,0,0,19-APR-2021,
OPTSTK,JSWSTEEL,27-May-2021,660,PE,0,0,0,152.8,67.75,0,0,0,0,19-APR-2021,
OPTSTK,JSWSTEEL,27-May-2021,665,PE,0,0,0,157.35,71.15,0,0,0,0,19-APR-2021,
OPTSTK,JSWSTEEL,27-May-2021,670,PE,0,0,0,162,74.65,0,0,0,0,19-APR-2021,
OPTSTK,JSWSTEEL,27-May-2021,675,PE,0,0,0,166.65,78.2,0,0,0,0,19-APR-2021,
OPTSTK,JSWSTEEL,27-May-2021,680,PE,0,0,0,171.3,81.85,0,0,0,0,19-APR-2021,
OPTSTK,JSWSTEEL,27-May-2021,685,PE,0,0,0,175.95,85.6,0,0,0,0,19-APR-2021,
OPTSTK,JSWSTEEL,27-May-2021,690,PE,0,0,0,180.7,89.4,0,0,0,0,19-APR-2021,
OPTSTK,JSWSTEEL,27-May-2021,695,PE,0,0,0,177.55,93.25,0,0,0,0,19-APR-2021,
OPTSTK,JSWSTEEL,27-May-2021,700,PE,0,0,0,182.25,97.15,0,0,0,0,19-APR-2021,
OPTSTK,JSWSTEEL,27-May-2021,705,PE,0,0,0,168.65,101.1,0,0,0,0,19-APR-2021,
OPTSTK,JSWSTEEL,27-May-2021,710,PE,0,0,0,173.3,105.1,0,0,0,0,19-APR-2021,
OPTSTK,JSWSTEEL,27-May-2021,715,PE,0,0,0,177.95,109.15,0,0,0,0,19-APR-2021,
OPTSTK,JSWSTEEL,27-May-2021,720,PE,0,0,0,160.3,113.3,0,0,0,0,19-APR-2021,
OPTSTK,JSWSTEEL,24-Jun-2021,270,CE,0,0,0,171.45,347.65,0,0,0,0,19-APR-2021,
OPTSTK,JSWSTEEL,24-Jun-2021,275,CE,0,0,0,166.7,342.7,0,0,0,0,19-APR-2021,
OPTSTK,JSWSTEEL,24-Jun-2021,280,CE,0,0,0,161.95,337.7,0,0,0,0,19-APR-2021,
OPTSTK,JSWSTEEL,24-Jun-2021,285,CE,0,0,0,157.25,332.75,0,0,0,0,19-APR-2021,
OPTSTK,JSWSTEEL,24-Jun-2021,290,CE,0,0,0,152.6,327.8,0,0,0,0,19-APR-2021,
OPTSTK,JSWSTEEL,24-Jun-2021,295,CE,0,0,0,148,322.85,0,0,0,0,19-APR-2021,
OPTSTK,JSWSTEEL,24-Jun-2021,300,CE,0,0,0,143.45,317.85,0,0,0,0,19-APR-2021,
OPTSTK,JSWSTEEL,24-Jun-2021,305,CE,0,0,0,138.9,312.9,0,0,0,0,19-APR-2021,
OPTSTK,JSWSTEEL,24-Jun-2021,310,CE,0,0,0,134.45,307.95,0,0,0,0,19-APR-2021,
OPTSTK,JSWSTEEL,24-Jun-2021,315,CE,0,0,0,130.05,303,0,0,0,0,19-APR-2021,
OPTSTK,JSWSTEEL,24-Jun-2021,320,CE,0,0,0,125.7,298.05,0,0,0,0,19-APR-2021,
OPTSTK,JSWSTEEL,24-Jun-2021,325,CE,0,0,0,121.4,293.1,0,0,0,0,19-APR-2021,
OPTSTK,JSWSTEEL,24-Jun-2021,330,CE,0,0,0,117.2,288.15,0,0,0,0,19-APR-2021,
OPTSTK,JSWSTEEL,24-Jun-2021,335,CE,0,0,0,113.05,283.2,0,0,0,0,19-APR-2021,
OPTSTK,JSWSTEEL,24-Jun-2021,340,CE,0,0,0,109,278.25,0,0,0,0,19-APR-2021,
OPTSTK,JSWSTEEL,24-Jun-2021,345,CE,0,0,0,105,273.3,0,0,0,0,19-APR-2021,
OPTSTK,JSWSTEEL,24-Jun-2021,350,CE,0,0,0,101.05,268.4,0,0,0,0,19-APR-2021,
OPTSTK,JSWSTEEL,24-Jun-2021,355,CE,0,0,0,97.2,263.45,0,0,0,0,19-APR-2021,
OPTSTK,JSWSTEEL,24-Jun-2021,360,CE,0,0,0,93.45,258.55,0,0,0,0,19-APR-2021,
OPTSTK,JSWSTEEL,24-Jun-2021,365,CE,0,0,0,89.8,253.65,0,0,0,0,19-APR-2021,
OPTSTK,JSWSTEEL,24-Jun-2021,370,CE,0,0,0,86.2,248.75,0,0,0,0,19-APR-2021,
OPTSTK,JSWSTEEL,24-Jun-2021,375,CE,0,0,0,82.7,243.85,0,0,0,0,19-APR-2021,
OPTSTK,JSWSTEEL,24-Jun-2021,380,CE,0,0,0,79.3,239,0,0,0,0,19-APR-2021,
OPTSTK,JSWSTEEL,24-Jun-2021,385,CE,0,0,0,76,234.15,0,0,0,0,19-APR-2021,
OPTSTK,JSWSTEEL,24-Jun-2021,390,CE,0,0,0,72.75,229.3,0,0,0,0,19-APR-2021,
OPTSTK,JSWSTEEL,24-Jun-2021,395,CE,0,0,0,69.6,224.5,0,0,0,0,19-APR-2021,
OPTSTK,JSWSTEEL,24-Jun-2021,400,CE,0,0,0,66.6,219.7,0,0,0,0,19-APR-2021,
OPTSTK,JSWSTEEL,24-Jun-2021,405,CE,0,0,0,63.65,214.9,0,0,0,0,19-APR-2021,
OPTSTK,JSWSTEEL,24-Jun-2021,410,CE,0,0,0,60.8,210.15,0,0,0,0,19-APR-2021,
OPTSTK,JSWSTEEL,24-Jun-2021,415,CE,0,0,0,58.05,205.4,0,0,0,0,19-APR-2021,
OPTSTK,JSWSTEEL,24-Jun-2021,420,CE,0,0,0,55.35,200.7,0,0,0,0,19-APR-2021,
OPTSTK,JSWSTEEL,24-Jun-2021,425,CE,0,0,0,52.8,196.05,0,0,0,0,19-APR-2021,
OPTSTK,JSWSTEEL,24-Jun-2021,430,CE,0,0,0,50.3,191.4,0,0,0,0,19-APR-2021,
OPTSTK,JSWSTEEL,24-Jun-2021,435,CE,0,0,0,47.9,186.75,0,0,0,0,19-APR-2021,
OPTSTK,JSWSTEEL,24-Jun-2021,440,CE,0,0,0,45.6,182.2,0,0,0,0,19-APR-2021,
OPTSTK,JSWSTEEL,24-Jun-2021,445,CE,0,0,0,43.4,177.65,0,0,0,0,19-APR-2021,
OPTSTK,JSWSTEEL,24-Jun-2021,450,CE,0,0,0,41.25,173.15,0,0,0,0,19-APR-2021,
OPTSTK,JSWSTEEL,24-Jun-2021,455,CE,0,0,0,39.2,168.7,0,0,0,0,19-APR-2021,
OPTSTK,JSWSTEEL,24-Jun-2021,460,CE,0,0,0,37.25,164.3,0,0,0,0,19-APR-2021,
OPTSTK,JSWSTEEL,24-Jun-2021,465,CE,0,0,0,35.35,159.9,0,0,0,0,19-APR-2021,
OPTSTK,JSWSTEEL,24-Jun-2021,470,CE,0,0,0,33.55,155.6,0,0,0,0,19-APR-2021,
OPTSTK,JSWSTEEL,24-Jun-2021,475,CE,0,0,0,31.85,151.35,0,0,0,0,19-APR-2021,
OPTSTK,JSWSTEEL,24-Jun-2021,480,CE,0,0,0,30.15,147.1,0,0,0,0,19-APR-2021,
OPTSTK,JSWSTEEL,24-Jun-2021,485,CE,0,0,0,28.6,142.95,0,0,0,0,19-APR-2021,
OPTSTK,JSWSTEEL,24-Jun-2021,490,CE,0,0,0,27.1,138.85,0,0,0,0,19-APR-2021,
OPTSTK,JSWSTEEL,24-Jun-2021,495,CE,0,0,0,25.65,134.8,0,0,0,0,19-APR-2021,
OPTSTK,JSWSTEEL,24-Jun-2021,500,CE,0,0,0,24.25,130.8,0,0,0,0,19-APR-2021,
OPTSTK,JSWSTEEL,24-Jun-2021,505,CE,0,0,0,22.95,126.85,0,0,0,0,19-APR-2021,
OPTSTK,JSWSTEEL,24-Jun-2021,510,CE,0,0,0,21.7,123,0,0,0,0,19-APR-2021,
OPTSTK,JSWSTEEL,24-Jun-2021,515,CE,0,0,0,20.55,119.2,0,0,0,0,19-APR-2021,
OPTSTK,JSWSTEEL,24-Jun-2021,520,CE,0,0,0,19.4,115.5,0,0,0,0,19-APR-2021,
OPTSTK,JSWSTEEL,24-Jun-2021,525,CE,0,0,0,18.3,111.85,0,0,0,0,19-APR-2021,
OPTSTK,JSWSTEEL,24-Jun-2021,530,CE,0,0,0,17.3,108.2,0,0,0,0,19-APR-2021,
OPTSTK,JSWSTEEL,24-Jun-2021,535,CE,0,0,0,16.35,104.7,0,0,0,0,19-APR-2021,
OPTSTK,JSWSTEEL,24-Jun-2021,540,CE,0,0,0,15.4,101.25,0,0,0,0,19-APR-2021,
OPTSTK,JSWSTEEL,24-Jun-2021,545,CE,0,0,0,14.5,97.85,0,0,0,0,19-APR-2021,
OPTSTK,JSWSTEEL,24-Jun-2021,550,CE,0,0,0,13.7,94.5,0,0,0,0,19-APR-2021,
OPTSTK,JSWSTEEL,24-Jun-2021,555,CE,0,0,0,12.9,91.25,0,0,0,0,19-APR-2021,
OPTSTK,JSWSTEEL,24-Jun-2021,560,CE,0,0,0,12.15,88.1,0,0,0,0,19-APR-2021,
OPTSTK,JSWSTEEL,24-Jun-2021,565,CE,0,0,0,11.45,85,0,0,0,0,19-APR-2021,
OPTSTK,JSWSTEEL,24-Jun-2021,570,CE,0,0,0,10.75,81.95,0,0,0,0,19-APR-2021,
OPTSTK,JSWSTEEL,24-Jun-2021,575,CE,0,0,0,10.15,79.05,0,0,0,0,19-APR-2021,
OPTSTK,JSWSTEEL,24-Jun-2021,580,CE,0,0,0,9.55,76.15,0,0,0,0,19-APR-2021,
OPTSTK,JSWSTEEL,24-Jun-2021,585,CE,0,0,0,9,73.35,0,0,0,0,19-APR-2021,
OPTSTK,JSWSTEEL,24-Jun-2021,590,CE,0,0,0,8.45,70.65,0,0,0,0,19-APR-2021,
OPTSTK,JSWSTEEL,24-Jun-2021,595,CE,0,0,0,7.95,67.95,0,0,0,0,19-APR-2021,
OPTSTK,JSWSTEEL,24-Jun-2021,600,CE,0,0,0,7.45,65.4,0,0,0,0,19-APR-2021,
OPTSTK,JSWSTEEL,24-Jun-2021,605,CE,0,0,0,7,62.9,0,0,0,0,19-APR-2021,
OPTSTK,JSWSTEEL,24-Jun-2021,610,CE,0,0,0,6.6,60.45,0,0,0,0,19-APR-2021,
OPTSTK,JSWSTEEL,24-Jun-2021,615,CE,0,0,0,6.2,58.1,0,0,0,0,19-APR-2021,
OPTSTK,JSWSTEEL,24-Jun-2021,620,CE,0,0,0,5.8,55.8,0,0,0,0,19-APR-2021,
OPTSTK,JSWSTEEL,24-Jun-2021,625,CE,0,0,0,5.7,53.55,0,0,0,0,19-APR-2021,
OPTSTK,JSWSTEEL,24-Jun-2021,630,CE,0,0,0,8.05,51.4,0,0,0,0,19-APR-2021,
OPTSTK,JSWSTEEL,24-Jun-2021,635,CE,0,0,0,7.55,49.35,0,0,0,0,19-APR-2021,
OPTSTK,JSWSTEEL,24-Jun-2021,640,CE,0,0,0,7.1,47.3,0,0,0,0,19-APR-2021,
OPTSTK,JSWSTEEL,24-Jun-2021,645,CE,0,0,0,6.7,45.35,0,0,0,0,19-APR-2021,
OPTSTK,JSWSTEEL,24-Jun-2021,650,CE,0,0,0,6.4,43.45,0,0,0,0,19-APR-2021,
OPTSTK,JSWSTEEL,24-Jun-2021,655,CE,0,0,0,11.3,41.65,0,0,0,0,19-APR-2021,
OPTSTK,JSWSTEEL,24-Jun-2021,660,CE,0,0,0,10.7,39.9,0,0,0,0,19-APR-2021,
OPTSTK,JSWSTEEL,24-Jun-2021,665,CE,0,0,0,10.1,38.2,0,0,0,0,19-APR-2021,
OPTSTK,JSWSTEEL,24-Jun-2021,670,CE,0,0,0,9.55,36.55,0,0,0,0,19-APR-2021,
OPTSTK,JSWSTEEL,24-Jun-2021,675,CE,0,0,0,9,34.95,0,0,0,0,19-APR-2021,
OPTSTK,JSWSTEEL,24-Jun-2021,680,CE,0,0,0,8.5,33.45,0,0,0,0,19-APR-2021,
OPTSTK,JSWSTEEL,24-Jun-2021,685,CE,0,0,0,8,31.95,0,0,0,0,19-APR-2021,
OPTSTK,JSWSTEEL,24-Jun-2021,690,CE,0,0,0,7.55,30.55,0,0,0,0,19-APR-2021,
OPTSTK,JSWSTEEL,24-Jun-2021,695,CE,0,0,0,8.75,29.2,0,0,0,0,19-APR-2021,
OPTSTK,JSWSTEEL,24-Jun-2021,700,CE,0,0,0,8.25,27.85,0,0,0,0,19-APR-2021,
OPTSTK,JSWSTEEL,24-Jun-2021,705,CE,0,0,0,10.6,26.65,0,0,0,0,19-APR-2021,
OPTSTK,JSWSTEEL,24-Jun-2021,710,CE,0,0,0,10.05,25.45,0,0,0,0,19-APR-2021,
OPTSTK,JSWSTEEL,24-Jun-2021,715,CE,0,0,0,9.5,24.25,0,0,0,0,19-APR-2021,
OPTSTK,JSWSTEEL,24-Jun-2021,720,CE,0,0,0,13.05,23.15,0,0,0,0,19-APR-2021,
OPTSTK,JSWSTEEL,24-Jun-2021,270,PE,0,0,0,0.95,0,0,0,0,0,19-APR-2021,
OPTSTK,JSWSTEEL,24-Jun-2021,275,PE,0,0,0,1.1,0,0,0,0,0,19-APR-2021,
OPTSTK,JSWSTEEL,24-Jun-2021,280,PE,0,0,0,1.35,0.05,0,0,0,0,19-APR-2021,
OPTSTK,JSWSTEEL,24-Jun-2021,285,PE,0,0,0,1.6,0.05,0,0,0,0,19-APR-2021,
OPTSTK,JSWSTEEL,24-Jun-2021,290,PE,0,0,0,1.9,0.05,0,0,0,0,19-APR-2021,
OPTSTK,JSWSTEEL,24-Jun-2021,295,PE,0,0,0,2.25,0.05,0,0,0,0,19-APR-2021,
OPTSTK,JSWSTEEL,24-Jun-2021,300,PE,0,0,0,2.65,0.05,0,0,0,0,19-APR-2021,
OPTSTK,JSWSTEEL,24-Jun-2021,305,PE,0,0,0,3.1,0.05,0,0,0,0,19-APR-2021,
OPTSTK,JSWSTEEL,24-Jun-2021,310,PE,0,0,0,3.55,0.05,0,0,0,0,19-APR-2021,
OPTSTK,JSWSTEEL,24-Jun-2021,315,PE,0,0,0,4.1,0.05,0,0,0,0,19-APR-2021,
OPTSTK,JSWSTEEL,24-Jun-2021,320,PE,0,0,0,4.7,0.05,0,0,0,0,19-APR-2021,
OPTSTK,JSWSTEEL,24-Jun-2021,325,PE,0,0,0,5.4,0.1,0,0,0,0,19-APR-2021,
OPTSTK,JSWSTEEL,24-Jun-2021,330,PE,0,0,0,6.15,0.1,0,0,0,0,19-APR-2021,
OPTSTK,JSWSTEEL,24-Jun-2021,335,PE,0,0,0,6.95,0.15,0,0,0,0,19-APR-2021,
OPTSTK,JSWSTEEL,24-Jun-2021,340,PE,0,0,0,7.8,0.15,0,0,0,0,19-APR-2021,
OPTSTK,JSWSTEEL,24-Jun-2021,345,PE,0,0,0,8.75,0.2,0,0,0,0,19-APR-2021,
OPTSTK,JSWSTEEL,24-Jun-2021,350,PE,0,0,0,9.8,0.2,0,0,0,0,19-APR-2021,
OPTSTK,JSWSTEEL,24-Jun-2021,355,PE,0,0,0,10.9,0.25,0,0,0,0,19-APR-2021,
OPTSTK,JSWSTEEL,24-Jun-2021,360,PE,0,0,0,12.1,0.3,0,0,0,0,19-APR-2021,
OPTSTK,JSWSTEEL,24-Jun-2021,365,PE,0,0,0,13.4,0.4,0,0,0,0,19-APR-2021,
OPTSTK,JSWSTEEL,24-Jun-2021,370,PE,0,0,0,14.75,0.45,0,0,0,0,19-APR-2021,
OPTSTK,JSWSTEEL,24-Jun-2021,375,PE,0,0,0,16.25,0.55,0,0,0,0,19-APR-2021,
OPTSTK,JSWSTEEL,24-Jun-2021,380,PE,0,0,0,17.75,0.65,0,0,0,0,19-APR-2021,
OPTSTK,JSWSTEEL,24-Jun-2021,385,PE,0,0,0,19.4,0.75,0,0,0,0,19-APR-2021,
OPTSTK,JSWSTEEL,24-Jun-2021,390,PE,0,0,0,21.1,0.85,0,0,0,0,19-APR-2021,
OPTSTK,JSWSTEEL,24-Jun-2021,395,PE,0,0,0,22.95,1,0,0,0,0,19-APR-2021,
OPTSTK,JSWSTEEL,24-Jun-2021,400,PE,0,0,0,24.85,1.2,0,0,0,0,19-APR-2021,
OPTSTK,JSWSTEEL,24-Jun-2021,405,PE,0,0,0,26.85,1.35,0,0,0,0,19-APR-2021,
OPTSTK,JSWSTEEL,24-Jun-2021,410,PE,0,0,0,29,1.6,0,0,0,0,19-APR-2021,
OPTSTK,JSWSTEEL,24-Jun-2021,415,PE,0,0,0,31.15,1.8,0,0,0,0,19-APR-2021,
OPTSTK,JSWSTEEL,24-Jun-2021,420,PE,0,0,0,33.45,2.05,0,0,0,0,19-APR-2021,
OPTSTK,JSWSTEEL,24-Jun-2021,425,PE,0,0,0,35.85,2.35,0,0,0,0,19-APR-2021,
OPTSTK,JSWSTEEL,24-Jun-2021,430,PE,0,0,0,38.3,2.7,0,0,0,0,19-APR-2021,
OPTSTK,JSWSTEEL,24-Jun-2021,435,PE,0,0,0,40.85,3.05,0,0,0,0,19-APR-2021,
OPTSTK,JSWSTEEL,24-Jun-2021,440,PE,0,0,0,43.5,3.4,0,0,0,0,19-APR-2021,
OPTSTK,JSWSTEEL,24-Jun-2021,445,PE,0,0,0,46.25,3.85,0,0,0,0,19-APR-2021,
OPTSTK,JSWSTEEL,24-Jun-2021,450,PE,0,0,0,49.05,4.3,0,0,0,0,19-APR-2021,
OPTSTK,JSWSTEEL,24-Jun-2021,455,PE,0,0,0,52,4.8,0,0,0,0,19-APR-2021,
OPTSTK,JSWSTEEL,24-Jun-2021,460,PE,0,0,0,54.95,5.4,0,0,0,0,19-APR-2021,
OPTSTK,JSWSTEEL,24-Jun-2021,465,PE,0,0,0,58.05,5.95,0,0,0,0,19-APR-2021,
OPTSTK,JSWSTEEL,24-Jun-2021,470,PE,0,0,0,61.2,6.6,0,0,0,0,19-APR-2021,
OPTSTK,JSWSTEEL,24-Jun-2021,475,PE,0,0,0,64.4,7.3,0,0,0,0,19-APR-2021,
OPTSTK,JSWSTEEL,24-Jun-2021,480,PE,0,0,0,67.7,8.05,0,0,0,0,19-APR-2021,
OPTSTK,JSWSTEEL,24-Jun-2021,485,PE,0,0,0,71.1,8.85,0,0,0,0,19-APR-2021,
OPTSTK,JSWSTEEL,24-Jun-2021,490,PE,0,0,0,74.5,9.75,0,0,0,0,19-APR-2021,
OPTSTK,JSWSTEEL,24-Jun-2021,495,PE,0,0,0,78.05,10.65,0,0,0,0,19-APR-2021,
OPTSTK,JSWSTEEL,24-Jun-2021,500,PE,0,0,0,81.6,11.6,0,0,0,0,19-APR-2021,
OPTSTK,JSWSTEEL,24-Jun-2021,505,PE,0,0,0,85.25,12.65,0,0,0,0,19-APR-2021,
OPTSTK,JSWSTEEL,24-Jun-2021,510,PE,0,0,0,88.95,13.75,0,0,0,0,19-APR-2021,
OPTSTK,JSWSTEEL,24-Jun-2021,515,PE,0,0,0,92.75,14.95,0,0,0,0,19-APR-2021,
OPTSTK,JSWSTEEL,24-Jun-2021,520,PE,0,0,0,96.55,16.2,0,0,0,0,19-APR-2021,
OPTSTK,JSWSTEEL,24-Jun-2021,525,PE,0,0,0,100.45,17.5,0,0,0,0,19-APR-2021,
OPTSTK,JSWSTEEL,24-Jun-2021,530,PE,0,0,0,104.35,18.85,0,0,0,0,19-APR-2021,
OPTSTK,JSWSTEEL,24-Jun-2021,535,PE,0,0,0,108.35,20.3,0,0,0,0,19-APR-2021,
OPTSTK,JSWSTEEL,24-Jun-2021,540,PE,0,0,0,112.4,21.8,0,0,0,0,19-APR-2021,
OPTSTK,JSWSTEEL,24-Jun-2021,545,PE,0,0,0,116.45,23.35,0,0,0,0,19-APR-2021,
OPTSTK,JSWSTEEL,24-Jun-2021,550,PE,0,0,0,120.55,25,0,0,0,0,19-APR-2021,
OPTSTK,JSWSTEEL,24-Jun-2021,555,PE,0,0,0,124.75,26.7,0,0,0,0,19-APR-2021,
OPTSTK,JSWSTEEL,24-Jun-2021,560,PE,0,0,0,128.95,28.5,0,0,0,0,19-APR-2021,
OPTSTK,JSWSTEEL,24-Jun-2021,565,PE,0,0,0,133.2,30.4,0,0,0,0,19-APR-2021,
OPTSTK,JSWSTEEL,24-Jun-2021,570,PE,0,0,0,137.45,32.3,0,0,0,0,19-APR-2021,
OPTSTK,JSWSTEEL,24-Jun-2021,575,PE,0,0,0,141.8,34.35,0,0,0,0,19-APR-2021,
OPTSTK,JSWSTEEL,24-Jun-2021,580,PE,0,0,0,146.15,36.45,0,0,0,0,19-APR-2021,
OPTSTK,JSWSTEEL,24-Jun-2021,585,PE,0,0,0,150.55,38.6,0,0,0,0,19-APR-2021,
OPTSTK,JSWSTEEL,24-Jun-2021,590,PE,0,0,0,154.95,40.85,0,0,0,0,19-APR-2021,
OPTSTK,JSWSTEEL,24-Jun-2021,595,PE,0,0,0,159.4,43.15,0,0,0,0,19-APR-2021,
OPTSTK,JSWSTEEL,24-Jun-2021,600,PE,0,0,0,163.9,45.55,0,0,0,0,19-APR-2021,
OPTSTK,JSWSTEEL,24-Jun-2021,605,PE,0,0,0,168.4,48,0,0,0,0,19-APR-2021,
OPTSTK,JSWSTEEL,24-Jun-2021,610,PE,0,0,0,172.9,50.55,0,0,0,0,19-APR-2021,
OPTSTK,JSWSTEEL,24-Jun-2021,615,PE,0,0,0,177.45,53.15,0,0,0,0,19-APR-2021,
OPTSTK,JSWSTEEL,24-Jun-2021,620,PE,0,0,0,182.05,55.8,0,0,0,0,19-APR-2021,
OPTSTK,JSWSTEEL,24-Jun-2021,625,PE,0,0,0,179.95,58.55,0,0,0,0,19-APR-2021,
OPTSTK,JSWSTEEL,24-Jun-2021,630,PE,0,0,0,165.05,61.35,0,0,0,0,19-APR-2021,
OPTSTK,JSWSTEEL,24-Jun-2021,635,PE,0,0,0,169.55,64.25,0,0,0,0,19-APR-2021,
OPTSTK,JSWSTEEL,24-Jun-2021,640,PE,0,0,0,174.05,67.2,0,0,0,0,19-APR-2021,
OPTSTK,JSWSTEEL,24-Jun-2021,645,PE,0,0,0,178.6,70.2,0,0,0,0,19-APR-2021,
OPTSTK,JSWSTEEL,24-Jun-2021,650,PE,0,0,0,182.3,73.3,0,0,0,0,19-APR-2021,
OPTSTK,JSWSTEEL,24-Jun-2021,655,PE,0,0,0,152.15,76.4,0,0,0,0,19-APR-2021,
OPTSTK,JSWSTEEL,24-Jun-2021,660,PE,0,0,0,156.5,79.6,0,0,0,0,19-APR-2021,
OPTSTK,JSWSTEEL,24-Jun-2021,665,PE,0,0,0,160.85,82.9,0,0,0,0,19-APR-2021,
OPTSTK,JSWSTEEL,24-Jun-2021,670,PE,0,0,0,165.25,86.2,0,0,0,0,19-APR-2021,
OPTSTK,JSWSTEEL,24-Jun-2021,675,PE,0,0,0,169.65,89.6,0,0,0,0,19-APR-2021,
OPTSTK,JSWSTEEL,24-Jun-2021,680,PE,0,0,0,174.15,93.05,0,0,0,0,19-APR-2021,
OPTSTK,JSWSTEEL,24-Jun-2021,685,PE,0,0,0,178.6,96.55,0,0,0,0,19-APR-2021,
OPTSTK,JSWSTEEL,24-Jun-2021,690,PE,0,0,0,183.1,100.1,0,0,0,0,19-APR-2021,
OPTSTK,JSWSTEEL,24-Jun-2021,695,PE,0,0,0,180.55,103.7,0,0,0,0,19-APR-2021,
OPTSTK,JSWSTEEL,24-Jun-2021,700,PE,0,0,0,185.05,107.35,0,0,0,0,19-APR-2021,
OPTSTK,JSWSTEEL,24-Jun-2021,705,PE,0,0,0,172.45,111.05,0,0,0,0,19-APR-2021,
OPTSTK,JSWSTEEL,24-Jun-2021,710,PE,0,0,0,176.85,114.85,0,0,0,0,19-APR-2021,
OPTSTK,JSWSTEEL,24-Jun-2021,715,PE,0,0,0,181.3,118.65,0,0,0,0,19-APR-2021,
OPTSTK,JSWSTEEL,24-Jun-2021,720,PE,0,0,0,165.05,122.5,0,0,0,0,19-APR-2021,
OPTSTK,JUBLFOOD,29-Apr-2021,1700,CE,0,0,0,1029.2,1082.05,0,0,0,0,19-APR-2021,
OPTSTK,JUBLFOOD,29-Apr-2021,1750,CE,0,0,0,981.55,1032.1,0,0,0,0,19-APR-2021,
OPTSTK,JUBLFOOD,29-Apr-2021,1800,CE,0,0,0,934.35,982.15,0,0,0,0,19-APR-2021,
OPTSTK,JUBLFOOD,29-Apr-2021,1850,CE,0,0,0,887.8,932.2,0,0,0,0,19-APR-2021,
OPTSTK,JUBLFOOD,29-Apr-2021,1900,CE,0,0,0,842,882.25,0,0,0,0,19-APR-2021,
OPTSTK,JUBLFOOD,29-Apr-2021,1950,CE,0,0,0,797,832.3,0,0,0,0,19-APR-2021,
OPTSTK,JUBLFOOD,29-Apr-2021,2000,CE,0,0,0,752.95,782.35,0,0,0,0,19-APR-2021,
OPTSTK,JUBLFOOD,29-Apr-2021,2050,CE,0,0,0,709.9,732.4,0,0,0,0,19-APR-2021,
OPTSTK,JUBLFOOD,29-Apr-2021,2100,CE,0,0,0,667.95,682.45,0,0,0,0,19-APR-2021,
OPTSTK,JUBLFOOD,29-Apr-2021,2150,CE,0,0,0,801.5,632.55,0,0,500,0,19-APR-2021,
OPTSTK,JUBLFOOD,29-Apr-2021,2200,CE,0,0,0,555,582.65,0,0,250,0,19-APR-2021,
OPTSTK,JUBLFOOD,29-Apr-2021,2250,CE,0,0,0,549.8,532.8,0,0,0,0,19-APR-2021,
OPTSTK,JUBLFOOD,29-Apr-2021,2300,CE,0,0,0,513.25,483.15,0,0,0,0,19-APR-2021,
OPTSTK,JUBLFOOD,29-Apr-2021,2350,CE,0,0,0,478.1,433.8,0,0,0,0,19-APR-2021,
OPTSTK,JUBLFOOD,29-Apr-2021,2400,CE,0,0,0,322,385.1,0,0,500,0,19-APR-2021,
OPTSTK,JUBLFOOD,29-Apr-2021,2450,CE,0,0,0,412.3,337.3,0,0,0,0,19-APR-2021,
OPTSTK,JUBLFOOD,29-Apr-2021,2500,CE,0,0,0,299.7,291.05,0,0,31500,0,19-APR-2021,
OPTSTK,JUBLFOOD,29-Apr-2021,2550,CE,0,0,0,353,246.85,0,0,0,0,19-APR-2021,
OPTSTK,JUBLFOOD,29-Apr-2021,2600,CE,192.7,192.7,192.7,192.7,205.45,2,13.96,1250,0,19-APR-2021,
OPTSTK,JUBLFOOD,29-Apr-2021,2650,CE,0,0,0,320,167.6,0,0,250,0,19-APR-2021,
OPTSTK,JUBLFOOD,29-Apr-2021,2700,CE,118.5,120,105,115.15,115.15,11,77.4,19250,1000,19-APR-2021,
OPTSTK,JUBLFOOD,29-Apr-2021,2750,CE,0,0,0,130,104.1,0,0,5000,0,19-APR-2021,
OPTSTK,JUBLFOOD,29-Apr-2021,2800,CE,69,74.65,54.95,61.7,61.7,636,4551.39,40000,11250,19-APR-2021,
OPTSTK,JUBLFOOD,29-Apr-2021,2850,CE,40,52.65,39,43.5,43.5,120,868.53,22250,-2500,19-APR-2021,
OPTSTK,JUBLFOOD,29-Apr-2021,2900,CE,21.4,37.7,21.35,29.95,29.95,506,3707.94,87250,13250,19-APR-2021,
OPTSTK,JUBLFOOD,29-Apr-2021,2950,CE,33.25,33.25,19,20.45,20.45,170,1263.19,36750,-6000,19-APR-2021,
OPTSTK,JUBLFOOD,29-Apr-2021,3000,CE,16.95,20.45,13.8,14.75,14.75,536,4040.55,157500,11250,19-APR-2021,
OPTSTK,JUBLFOOD,29-Apr-2021,3050,CE,15,15,10.2,11,11,38,290.81,32500,-1500,19-APR-2021,
OPTSTK,JUBLFOOD,29-Apr-2021,3100,CE,6,11.3,6,8,8,306,2377.93,69000,-5750,19-APR-2021,
OPTSTK,JUBLFOOD,29-Apr-2021,3150,CE,6.2,6.2,6.2,6.2,6.2,1,7.89,11500,-250,19-APR-2021,
OPTSTK,JUBLFOOD,29-Apr-2021,3200,CE,5,7.5,5,5.7,5.7,143,1146.17,124500,-3750,19-APR-2021,
OPTSTK,JUBLFOOD,29-Apr-2021,3250,CE,0,0,0,98.95,2.15,0,0,0,0,19-APR-2021,
OPTSTK,JUBLFOOD,29-Apr-2021,3300,CE,4,4.05,3.3,3.45,3.45,22,181.69,34750,0,19-APR-2021,
OPTSTK,JUBLFOOD,29-Apr-2021,3350,CE,0,0,0,80.6,0.75,0,0,0,0,19-APR-2021,
OPTSTK,JUBLFOOD,29-Apr-2021,3400,CE,2.55,2.95,2.55,2.95,2.95,4,34.02,21250,0,19-APR-2021,
OPTSTK,JUBLFOOD,29-Apr-2021,3450,CE,0,0,0,65.45,0.25,0,0,0,0,19-APR-2021,
OPTSTK,JUBLFOOD,29-Apr-2021,3500,CE,0.65,2.05,0.65,2.05,0.15,8,70.02,19500,-750,19-APR-2021,
OPTSTK,JUBLFOOD,29-Apr-2021,3550,CE,0,0,0,52.9,0.1,0,0,0,0,19-APR-2021,
OPTSTK,JUBLFOOD,29-Apr-2021,3600,CE,0,0,0,2.5,0.05,0,0,500,0,19-APR-2021,
OPTSTK,JUBLFOOD,29-Apr-2021,3650,CE,0,0,0,42.6,0.05,0,0,0,0,19-APR-2021,
OPTSTK,JUBLFOOD,29-Apr-2021,3700,CE,0,0,0,1.5,0.05,0,0,1000,0,19-APR-2021,
OPTSTK,JUBLFOOD,29-Apr-2021,3750,CE,0,0,0,34.2,0,0,0,0,0,19-APR-2021,
OPTSTK,JUBLFOOD,29-Apr-2021,1700,PE,0,0,0,4.8,0,0,0,0,0,19-APR-2021,
OPTSTK,JUBLFOOD,29-Apr-2021,1750,PE,0,0,0,6.65,0,0,0,0,0,19-APR-2021,
OPTSTK,JUBLFOOD,29-Apr-2021,1800,PE,0,0,0,9,0,0,0,0,0,19-APR-2021,
OPTSTK,JUBLFOOD,29-Apr-2021,1850,PE,0,0,0,12,0,0,0,0,0,19-APR-2021,
OPTSTK,JUBLFOOD,29-Apr-2021,1900,PE,0,0,0,15.7,0,0,0,0,0,19-APR-2021,
OPTSTK,JUBLFOOD,29-Apr-2021,1950,PE,0,0,0,20.25,0,0,0,0,0,19-APR-2021,
OPTSTK,JUBLFOOD,29-Apr-2021,2000,PE,0,0,0,4.5,0,0,0,250,0,19-APR-2021,
OPTSTK,JUBLFOOD,29-Apr-2021,2050,PE,0,0,0,32.2,0,0,0,0,0,19-APR-2021,
OPTSTK,JUBLFOOD,29-Apr-2021,2100,PE,0.2,0.2,0.2,0.2,0.05,1,5.25,250,0,19-APR-2021,
OPTSTK,JUBLFOOD,29-Apr-2021,2150,PE,0,0,0,4.65,0.05,0,0,500,0,19-APR-2021,
OPTSTK,JUBLFOOD,29-Apr-2021,2200,PE,0,0,0,58.8,0.1,0,0,0,0,19-APR-2021,
OPTSTK,JUBLFOOD,29-Apr-2021,2250,PE,0,0,0,70.25,0.2,0,0,0,0,19-APR-2021,
OPTSTK,JUBLFOOD,29-Apr-2021,2300,PE,0,0,0,83.25,0.5,0,0,0,0,19-APR-2021,
OPTSTK,JUBLFOOD,29-Apr-2021,2350,PE,0,0,0,97.65,1.15,0,0,0,0,19-APR-2021,
OPTSTK,JUBLFOOD,29-Apr-2021,2400,PE,7,7,4,4.1,4.1,30,180.35,20750,-1000,19-APR-2021,
OPTSTK,JUBLFOOD,29-Apr-2021,2450,PE,0,0,0,10.5,4.55,0,0,1500,0,19-APR-2021,
OPTSTK,JUBLFOOD,29-Apr-2021,2500,PE,12,12.7,7.8,8.15,8.15,363,2277.2,60750,4750,19-APR-2021,
OPTSTK,JUBLFOOD,29-Apr-2021,2550,PE,0,0,0,9.7,14,0,0,6750,0,19-APR-2021,
OPTSTK,JUBLFOOD,29-Apr-2021,2600,PE,25.9,26,14.85,16.65,16.65,412,2698.6,121250,-500,19-APR-2021,
OPTSTK,JUBLFOOD,29-Apr-2021,2650,PE,34,38.4,25.9,32.7,32.7,81,542.85,4750,1000,19-APR-2021,
OPTSTK,JUBLFOOD,29-Apr-2021,2700,PE,52,58.4,36.45,39.5,39.5,511,3507.06,67000,3000,19-APR-2021,
OPTSTK,JUBLFOOD,29-Apr-2021,2750,PE,70,75,53.35,57.9,57.9,81,569.53,12500,750,19-APR-2021,
OPTSTK,JUBLFOOD,29-Apr-2021,2800,PE,94,115.1,75.05,82.95,82.95,712,5151.57,43000,-6000,19-APR-2021,
OPTSTK,JUBLFOOD,29-Apr-2021,2850,PE,125.95,126.2,120.3,126.2,125.5,7,52.03,11500,-1500,19-APR-2021,
OPTSTK,JUBLFOOD,29-Apr-2021,2900,PE,155.7,164.15,149.65,149.65,159.2,10,76.52,22750,-500,19-APR-2021,
OPTSTK,JUBLFOOD,29-Apr-2021,2950,PE,0,0,0,233.35,196.65,0,0,5500,0,19-APR-2021,
OPTSTK,JUBLFOOD,29-Apr-2021,3000,PE,0,0,0,197.7,237.2,0,0,7750,0,19-APR-2021,
OPTSTK,JUBLFOOD,29-Apr-2021,3050,PE,0,0,0,289.85,280.4,0,0,250,0,19-APR-2021,
OPTSTK,JUBLFOOD,29-Apr-2021,3100,PE,0,0,0,321.65,325.55,0,0,2000,0,19-APR-2021,
OPTSTK,JUBLFOOD,29-Apr-2021,3150,PE,0,0,0,532.8,372.25,0,0,0,0,19-APR-2021,
OPTSTK,JUBLFOOD,29-Apr-2021,3200,PE,0,0,0,377.9,420.05,0,0,500,0,19-APR-2021,
OPTSTK,JUBLFOOD,29-Apr-2021,3250,PE,0,0,0,610.15,468.6,0,0,0,0,19-APR-2021,
OPTSTK,JUBLFOOD,29-Apr-2021,3300,PE,0,0,0,650.2,517.65,0,0,0,0,19-APR-2021,
OPTSTK,JUBLFOOD,29-Apr-2021,3350,PE,0,0,0,690.9,567.05,0,0,0,0,19-APR-2021,
OPTSTK,JUBLFOOD,29-Apr-2021,3400,PE,0,0,0,732.5,616.7,0,0,0,0,19-APR-2021,
OPTSTK,JUBLFOOD,29-Apr-2021,3450,PE,0,0,0,774.8,666.45,0,0,0,0,19-APR-2021,
OPTSTK,JUBLFOOD,29-Apr-2021,3500,PE,0,0,0,817.8,716.3,0,0,0,0,19-APR-2021,
OPTSTK,JUBLFOOD,29-Apr-2021,3550,PE,0,0,0,861.35,766.2,0,0,0,0,19-APR-2021,
OPTSTK,JUBLFOOD,29-Apr-2021,3600,PE,0,0,0,905.5,816.15,0,0,0,0,19-APR-2021,
OPTSTK,JUBLFOOD,29-Apr-2021,3650,PE,0,0,0,950.1,866.05,0,0,0,0,19-APR-2021,
OPTSTK,JUBLFOOD,29-Apr-2021,3700,PE,0,0,0,995.25,916,0,0,0,0,19-APR-2021,
OPTSTK,JUBLFOOD,29-Apr-2021,3750,PE,0,0,0,1040.75,965.95,0,0,0,0,19-APR-2021,
OPTSTK,JUBLFOOD,27-May-2021,1950,CE,0,0,0,1131.3,839.1,0,0,0,0,19-APR-2021,
OPTSTK,JUBLFOOD,27-May-2021,2000,CE,0,0,0,1084,790.05,0,0,0,0,19-APR-2021,
OPTSTK,JUBLFOOD,27-May-2021,2050,CE,0,0,0,1037.15,741.3,0,0,0,0,19-APR-2021,
OPTSTK,JUBLFOOD,27-May-2021,2100,CE,0,0,0,990.9,693.1,0,0,0,0,19-APR-2021,
OPTSTK,JUBLFOOD,27-May-2021,2150,CE,0,0,0,945.35,645.5,0,0,0,0,19-APR-2021,
OPTSTK,JUBLFOOD,27-May-2021,2200,CE,0,0,0,588,598.7,0,0,250,0,19-APR-2021,
OPTSTK,JUBLFOOD,27-May-2021,2250,CE,0,0,0,856.55,552.9,0,0,0,0,19-APR-2021,
OPTSTK,JUBLFOOD,27-May-2021,2300,CE,0,0,0,813.5,508.3,0,0,0,0,19-APR-2021,
OPTSTK,JUBLFOOD,27-May-2021,2350,CE,0,0,0,771.4,465.05,0,0,0,0,19-APR-2021,
OPTSTK,JUBLFOOD,27-May-2021,2400,CE,0,0,0,377,423.4,0,0,750,0,19-APR-2021,
OPTSTK,JUBLFOOD,27-May-2021,2450,CE,0,0,0,690.4,383.55,0,0,0,0,19-APR-2021,
OPTSTK,JUBLFOOD,27-May-2021,2500,CE,0,0,0,380,345.75,0,0,750,0,19-APR-2021,
OPTSTK,JUBLFOOD,27-May-2021,2550,CE,0,0,0,614.2,309.9,0,0,0,0,19-APR-2021,
OPTSTK,JUBLFOOD,27-May-2021,2600,CE,0,0,0,577.95,276.25,0,0,0,0,19-APR-2021,
OPTSTK,JUBLFOOD,27-May-2021,2650,CE,0,0,0,542.95,245,0,0,0,0,19-APR-2021,
OPTSTK,JUBLFOOD,27-May-2021,2700,CE,0,0,0,509.35,216.1,0,0,0,0,19-APR-2021,
OPTSTK,JUBLFOOD,27-May-2021,2750,CE,0,0,0,477,189.6,0,0,0,0,19-APR-2021,
OPTSTK,JUBLFOOD,27-May-2021,2800,CE,130,140,130,140,165.45,2,14.67,750,-250,19-APR-2021,
OPTSTK,JUBLFOOD,27-May-2021,2850,CE,0,0,0,416.7,143.6,0,0,0,0,19-APR-2021,
OPTSTK,JUBLFOOD,27-May-2021,2900,CE,0,0,0,104,124,0,0,250,0,19-APR-2021,
OPTSTK,JUBLFOOD,27-May-2021,2950,CE,0,0,0,362,106.55,0,0,0,0,19-APR-2021,
OPTSTK,JUBLFOOD,27-May-2021,3000,CE,0,0,0,75,91.05,0,0,3250,0,19-APR-2021,
OPTSTK,JUBLFOOD,27-May-2021,3050,CE,0,0,0,312.75,77.4,0,0,0,0,19-APR-2021,
OPTSTK,JUBLFOOD,27-May-2021,3100,CE,0,0,0,290.15,65.65,0,0,0,0,19-APR-2021,
OPTSTK,JUBLFOOD,27-May-2021,3150,CE,0,0,0,268.8,55.25,0,0,0,0,19-APR-2021,
OPTSTK,JUBLFOOD,27-May-2021,3200,CE,0,0,0,248.7,46.3,0,0,0,0,19-APR-2021,
OPTSTK,JUBLFOOD,27-May-2021,3250,CE,0,0,0,229.85,38.65,0,0,0,0,19-APR-2021,
OPTSTK,JUBLFOOD,27-May-2021,3300,CE,0,0,0,212.2,32.15,0,0,0,0,19-APR-2021,
OPTSTK,JUBLFOOD,27-May-2021,3350,CE,0,0,0,195.65,26.6,0,0,0,0,19-APR-2021,
OPTSTK,JUBLFOOD,27-May-2021,3400,CE,0,0,0,46,21.9,0,0,500,0,19-APR-2021,
OPTSTK,JUBLFOOD,27-May-2021,3450,CE,0,0,0,165.8,17.95,0,0,0,0,19-APR-2021,
OPTSTK,JUBLFOOD,27-May-2021,3500,CE,0,0,0,152.35,14.7,0,0,0,0,19-APR-2021,
OPTSTK,JUBLFOOD,27-May-2021,3550,CE,0,0,0,140.05,11.95,0,0,0,0,19-APR-2021,
OPTSTK,JUBLFOOD,27-May-2021,3600,CE,0,0,0,128.5,9.7,0,0,0,0,19-APR-2021,
OPTSTK,JUBLFOOD,27-May-2021,3650,CE,0,0,0,117.8,7.85,0,0,0,0,19-APR-2021,
OPTSTK,JUBLFOOD,27-May-2021,3700,CE,0,0,0,107.85,6.3,0,0,0,0,19-APR-2021,
OPTSTK,JUBLFOOD,27-May-2021,3750,CE,0,0,0,98.6,5.05,0,0,0,0,19-APR-2021,
OPTSTK,JUBLFOOD,27-May-2021,1950,PE,0,0,0,6.9,1.15,0,0,0,0,19-APR-2021,
OPTSTK,JUBLFOOD,27-May-2021,2000,PE,0,0,0,9.1,1.9,0,0,0,0,19-APR-2021,
OPTSTK,JUBLFOOD,27-May-2021,2050,PE,0,0,0,11.85,3,0,0,0,0,19-APR-2021,
OPTSTK,JUBLFOOD,27-May-2021,2100,PE,0,0,0,15.15,4.55,0,0,0,0,19-APR-2021,
OPTSTK,JUBLFOOD,27-May-2021,2150,PE,0,0,0,19.1,6.75,0,0,0,0,19-APR-2021,
OPTSTK,JUBLFOOD,27-May-2021,2200,PE,0,0,0,23.85,9.75,0,0,0,0,19-APR-2021,
OPTSTK,JUBLFOOD,27-May-2021,2250,PE,0,0,0,29.4,13.75,0,0,0,0,19-APR-2021,
OPTSTK,JUBLFOOD,27-May-2021,2300,PE,0,0,0,35.85,18.95,0,0,0,0,19-APR-2021,
OPTSTK,JUBLFOOD,27-May-2021,2350,PE,0,0,0,43.3,25.55,0,0,0,0,19-APR-2021,
OPTSTK,JUBLFOOD,27-May-2021,2400,PE,0,0,0,51.75,33.7,0,0,0,0,19-APR-2021,
OPTSTK,JUBLFOOD,27-May-2021,2450,PE,0,0,0,61.35,43.65,0,0,0,0,19-APR-2021,
OPTSTK,JUBLFOOD,27-May-2021,2500,PE,0,0,0,72.15,55.65,0,0,0,0,19-APR-2021,
OPTSTK,JUBLFOOD,27-May-2021,2550,PE,0,0,0,84.25,69.65,0,0,0,0,19-APR-2021,
OPTSTK,JUBLFOOD,27-May-2021,2600,PE,0,0,0,49.4,85.75,0,0,250,0,19-APR-2021,
OPTSTK,JUBLFOOD,27-May-2021,2650,PE,0,0,0,112.05,104.3,0,0,0,0,19-APR-2021,
OPTSTK,JUBLFOOD,27-May-2021,2700,PE,0,0,0,127.95,125.25,0,0,0,0,19-APR-2021,
OPTSTK,JUBLFOOD,27-May-2021,2750,PE,0,0,0,145.15,148.55,0,0,0,0,19-APR-2021,
OPTSTK,JUBLFOOD,27-May-2021,2800,PE,0,0,0,163.85,174.2,0,0,0,0,19-APR-2021,
OPTSTK,JUBLFOOD,27-May-2021,2850,PE,0,0,0,183.95,202.15,0,0,0,0,19-APR-2021,
OPTSTK,JUBLFOOD,27-May-2021,2900,PE,0,0,0,205.45,232.35,0,0,0,0,19-APR-2021,
OPTSTK,JUBLFOOD,27-May-2021,2950,PE,0,0,0,228.3,264.7,0,0,0,0,19-APR-2021,
OPTSTK,JUBLFOOD,27-May-2021,3000,PE,0,0,0,252.55,299,0,0,0,0,19-APR-2021,
OPTSTK,JUBLFOOD,27-May-2021,3050,PE,0,0,0,278.1,335.15,0,0,0,0,19-APR-2021,
OPTSTK,JUBLFOOD,27-May-2021,3100,PE,0,0,0,305.05,373.25,0,0,0,0,19-APR-2021,
OPTSTK,JUBLFOOD,27-May-2021,3150,PE,0,0,0,333.25,412.6,0,0,0,0,19-APR-2021,
OPTSTK,JUBLFOOD,27-May-2021,3200,PE,0,0,0,362.7,453.5,0,0,0,0,19-APR-2021,
OPTSTK,JUBLFOOD,27-May-2021,3250,PE,0,0,0,393.4,495.65,0,0,0,0,19-APR-2021,
OPTSTK,JUBLFOOD,27-May-2021,3300,PE,0,0,0,425.25,538.9,0,0,0,0,19-APR-2021,
OPTSTK,JUBLFOOD,27-May-2021,3350,PE,0,0,0,458.25,583.2,0,0,0,0,19-APR-2021,
OPTSTK,JUBLFOOD,27-May-2021,3400,PE,0,0,0,492.3,628.3,0,0,0,0,19-APR-2021,
OPTSTK,JUBLFOOD,27-May-2021,3450,PE,0,0,0,527.45,674.15,0,0,0,0,19-APR-2021,
OPTSTK,JUBLFOOD,27-May-2021,3500,PE,0,0,0,563.55,720.7,0,0,0,0,19-APR-2021,
OPTSTK,JUBLFOOD,27-May-2021,3550,PE,0,0,0,600.75,767.75,0,0,0,0,19-APR-2021,
OPTSTK,JUBLFOOD,27-May-2021,3600,PE,0,0,0,638.75,815.3,0,0,0,0,19-APR-2021,
OPTSTK,JUBLFOOD,27-May-2021,3650,PE,0,0,0,677.55,863.25,0,0,0,0,19-APR-2021,
OPTSTK,JUBLFOOD,27-May-2021,3700,PE,0,0,0,717.2,911.55,0,0,0,0,19-APR-2021,
OPTSTK,JUBLFOOD,27-May-2021,3750,PE,0,0,0,757.45,960.1,0,0,0,0,19-APR-2021,
OPTSTK,JUBLFOOD,24-Jun-2021,1950,CE,0,0,0,905.9,850.35,0,0,0,0,19-APR-2021,
OPTSTK,JUBLFOOD,24-Jun-2021,2000,CE,0,0,0,860.25,803.25,0,0,0,0,19-APR-2021,
OPTSTK,JUBLFOOD,24-Jun-2021,2050,CE,0,0,0,815.4,756.9,0,0,0,0,19-APR-2021,
OPTSTK,JUBLFOOD,24-Jun-2021,2100,CE,0,0,0,771.4,711.4,0,0,0,0,19-APR-2021,
OPTSTK,JUBLFOOD,24-Jun-2021,2150,CE,0,0,0,728.45,666.85,0,0,0,0,19-APR-2021,
OPTSTK,JUBLFOOD,24-Jun-2021,2200,CE,0,0,0,686.6,623.4,0,0,0,0,19-APR-2021,
OPTSTK,JUBLFOOD,24-Jun-2021,2250,CE,0,0,0,645.9,581.2,0,0,0,0,19-APR-2021,
OPTSTK,JUBLFOOD,24-Jun-2021,2300,CE,0,0,0,606.5,540.3,0,0,0,0,19-APR-2021,
OPTSTK,JUBLFOOD,24-Jun-2021,2350,CE,0,0,0,568.35,500.9,0,0,0,0,19-APR-2021,
OPTSTK,JUBLFOOD,24-Jun-2021,2400,CE,0,0,0,531.7,463.1,0,0,0,0,19-APR-2021,
OPTSTK,JUBLFOOD,24-Jun-2021,2450,CE,0,0,0,496.4,426.85,0,0,0,0,19-APR-2021,
OPTSTK,JUBLFOOD,24-Jun-2021,2500,CE,0,0,0,462.55,392.2,0,0,0,0,19-APR-2021,
OPTSTK,JUBLFOOD,24-Jun-2021,2550,CE,0,0,0,430.1,359.45,0,0,0,0,19-APR-2021,
OPTSTK,JUBLFOOD,24-Jun-2021,2600,CE,0,0,0,399.35,328.5,0,0,0,0,19-APR-2021,
OPTSTK,JUBLFOOD,24-Jun-2021,2650,CE,0,0,0,370.15,299.4,0,0,0,0,19-APR-2021,
OPTSTK,JUBLFOOD,24-Jun-2021,2700,CE,0,0,0,342.45,272.1,0,0,0,0,19-APR-2021,
OPTSTK,JUBLFOOD,24-Jun-2021,2750,CE,0,0,0,316.25,246.6,0,0,0,0,19-APR-2021,
OPTSTK,JUBLFOOD,24-Jun-2021,2800,CE,0,0,0,291.6,222.9,0,0,0,0,19-APR-2021,
OPTSTK,JUBLFOOD,24-Jun-2021,2850,CE,0,0,0,268.4,200.95,0,0,0,0,19-APR-2021,
OPTSTK,JUBLFOOD,24-Jun-2021,2900,CE,0,0,0,246.7,180.7,0,0,0,0,19-APR-2021,
OPTSTK,JUBLFOOD,24-Jun-2021,2950,CE,0,0,0,226.35,162.1,0,0,0,0,19-APR-2021,
OPTSTK,JUBLFOOD,24-Jun-2021,3000,CE,0,0,0,207.35,145.05,0,0,0,0,19-APR-2021,
OPTSTK,JUBLFOOD,24-Jun-2021,3050,CE,0,0,0,189.7,129.45,0,0,0,0,19-APR-2021,
OPTSTK,JUBLFOOD,24-Jun-2021,3100,CE,0,0,0,173.3,115.25,0,0,0,0,19-APR-2021,
OPTSTK,JUBLFOOD,24-Jun-2021,3150,CE,0,0,0,158.05,102.55,0,0,0,0,19-APR-2021,
OPTSTK,JUBLFOOD,24-Jun-2021,3200,CE,0,0,0,144,90.95,0,0,0,0,19-APR-2021,
OPTSTK,JUBLFOOD,24-Jun-2021,3250,CE,0,0,0,131.15,80.55,0,0,0,0,19-APR-2021,
OPTSTK,JUBLFOOD,24-Jun-2021,3300,CE,0,0,0,119.2,71,0,0,0,0,19-APR-2021,
OPTSTK,JUBLFOOD,24-Jun-2021,3350,CE,0,0,0,108.2,62.55,0,0,0,0,19-APR-2021,
OPTSTK,JUBLFOOD,24-Jun-2021,3400,CE,0,0,0,98.15,55.05,0,0,0,0,19-APR-2021,
OPTSTK,JUBLFOOD,24-Jun-2021,3450,CE,0,0,0,88.8,48.3,0,0,0,0,19-APR-2021,
OPTSTK,JUBLFOOD,24-Jun-2021,3500,CE,0,0,0,80.3,42.3,0,0,0,0,19-APR-2021,
OPTSTK,JUBLFOOD,24-Jun-2021,3550,CE,0,0,0,72.55,37,0,0,0,0,19-APR-2021,
OPTSTK,JUBLFOOD,24-Jun-2021,3600,CE,0,0,0,65.5,32.3,0,0,0,0,19-APR-2021,
OPTSTK,JUBLFOOD,24-Jun-2021,3650,CE,0,0,0,59.05,28.15,0,0,0,0,19-APR-2021,
OPTSTK,JUBLFOOD,24-Jun-2021,3700,CE,0,0,0,53.2,24.5,0,0,0,0,19-APR-2021,
OPTSTK,JUBLFOOD,24-Jun-2021,3750,CE,0,0,0,47.85,21.3,0,0,0,0,19-APR-2021,
OPTSTK,JUBLFOOD,24-Jun-2021,1950,PE,0,0,0,13.1,6.8,0,0,0,0,19-APR-2021,
OPTSTK,JUBLFOOD,24-Jun-2021,2000,PE,0,0,0,17,9.4,0,0,0,0,19-APR-2021,
OPTSTK,JUBLFOOD,24-Jun-2021,2050,PE,0,0,0,21.65,12.7,0,0,0,0,19-APR-2021,
OPTSTK,JUBLFOOD,24-Jun-2021,2100,PE,0,0,0,27.25,16.85,0,0,0,0,19-APR-2021,
OPTSTK,JUBLFOOD,24-Jun-2021,2150,PE,0,0,0,33.8,21.95,0,0,0,0,19-APR-2021,
OPTSTK,JUBLFOOD,24-Jun-2021,2200,PE,0,0,0,41.5,28.2,0,0,0,0,19-APR-2021,
OPTSTK,JUBLFOOD,24-Jun-2021,2250,PE,0,0,0,50.3,35.65,0,0,0,0,19-APR-2021,
OPTSTK,JUBLFOOD,24-Jun-2021,2300,PE,0,0,0,60.4,44.4,0,0,0,0,19-APR-2021,
OPTSTK,JUBLFOOD,24-Jun-2021,2350,PE,0,0,0,71.85,54.65,0,0,0,0,19-APR-2021,
OPTSTK,JUBLFOOD,24-Jun-2021,2400,PE,0,0,0,84.7,66.55,0,0,0,0,19-APR-2021,
OPTSTK,JUBLFOOD,24-Jun-2021,2450,PE,0,0,0,98.95,79.95,0,0,0,0,19-APR-2021,
OPTSTK,JUBLFOOD,24-Jun-2021,2500,PE,0,0,0,114.65,94.95,0,0,0,0,19-APR-2021,
OPTSTK,JUBLFOOD,24-Jun-2021,2550,PE,0,0,0,131.75,111.85,0,0,0,0,19-APR-2021,
OPTSTK,JUBLFOOD,24-Jun-2021,2600,PE,0,0,0,150.5,130.6,0,0,0,0,19-APR-2021,
OPTSTK,JUBLFOOD,24-Jun-2021,2650,PE,0,0,0,170.8,151.15,0,0,0,0,19-APR-2021,
OPTSTK,JUBLFOOD,24-Jun-2021,2700,PE,0,0,0,192.65,173.5,0,0,0,0,19-APR-2021,
OPTSTK,JUBLFOOD,24-Jun-2021,2750,PE,0,0,0,216.05,197.7,0,0,0,0,19-APR-2021,
OPTSTK,JUBLFOOD,24-Jun-2021,2800,PE,0,0,0,240.9,223.65,0,0,0,0,19-APR-2021,
OPTSTK,JUBLFOOD,24-Jun-2021,2850,PE,0,0,0,267.25,251.35,0,0,0,0,19-APR-2021,
OPTSTK,JUBLFOOD,24-Jun-2021,2900,PE,0,0,0,295.05,280.75,0,0,0,0,19-APR-2021,
OPTSTK,JUBLFOOD,24-Jun-2021,2950,PE,0,0,0,324.25,311.8,0,0,0,0,19-APR-2021,
OPTSTK,JUBLFOOD,24-Jun-2021,3000,PE,0,0,0,354.8,344.4,0,0,0,0,19-APR-2021,
OPTSTK,JUBLFOOD,24-Jun-2021,3050,PE,0,0,0,386.65,378.5,0,0,0,0,19-APR-2021,
OPTSTK,JUBLFOOD,24-Jun-2021,3100,PE,0,0,0,419.8,413.95,0,0,0,0,19-APR-2021,
OPTSTK,JUBLFOOD,24-Jun-2021,3150,PE,0,0,0,454.1,450.9,0,0,0,0,19-APR-2021,
OPTSTK,JUBLFOOD,24-Jun-2021,3200,PE,0,0,0,489.55,489,0,0,0,0,19-APR-2021,
OPTSTK,JUBLFOOD,24-Jun-2021,3250,PE,0,0,0,526.25,528.2,0,0,0,0,19-APR-2021,
OPTSTK,JUBLFOOD,24-Jun-2021,3300,PE,0,0,0,563.85,568.35,0,0,0,0,19-APR-2021,
OPTSTK,JUBLFOOD,24-Jun-2021,3350,PE,0,0,0,602.4,609.6,0,0,0,0,19-APR-2021,
OPTSTK,JUBLFOOD,24-Jun-2021,3400,PE,0,0,0,641.85,651.7,0,0,0,0,19-APR-2021,
OPTSTK,JUBLFOOD,24-Jun-2021,3450,PE,0,0,0,682,694.65,0,0,0,0,19-APR-2021,
OPTSTK,JUBLFOOD,24-Jun-2021,3500,PE,0,0,0,723.1,738.3,0,0,0,0,19-APR-2021,
OPTSTK,JUBLFOOD,24-Jun-2021,3550,PE,0,0,0,764.85,782.7,0,0,0,0,19-APR-2021,
OPTSTK,JUBLFOOD,24-Jun-2021,3600,PE,0,0,0,807.35,827.65,0,0,0,0,19-APR-2021,
OPTSTK,JUBLFOOD,24-Jun-2021,3650,PE,0,0,0,850.45,873.15,0,0,0,0,19-APR-2021,
OPTSTK,JUBLFOOD,24-Jun-2021,3700,PE,0,0,0,894.1,919.15,0,0,0,0,19-APR-2021,
OPTSTK,JUBLFOOD,24-Jun-2021,3750,PE,0,0,0,938.35,965.6,0,0,0,0,19-APR-2021,
OPTSTK,KOTAKBANK,29-Apr-2021,1320,CE,0,0,0,458,382.1,0,0,2000,0,19-APR-2021,
OPTSTK,KOTAKBANK,29-Apr-2021,1340,CE,0,0,0,420.5,362.15,0,0,0,0,19-APR-2021,
OPTSTK,KOTAKBANK,29-Apr-2021,1360,CE,0,0,0,404.1,342.2,0,0,0,0,19-APR-2021,
OPTSTK,KOTAKBANK,29-Apr-2021,1380,CE,0,0,0,388.05,322.25,0,0,0,0,19-APR-2021,
OPTSTK,KOTAKBANK,29-Apr-2021,1400,CE,0,0,0,470,302.35,0,0,4000,0,19-APR-2021,
OPTSTK,KOTAKBANK,29-Apr-2021,1420,CE,0,0,0,356.95,282.55,0,0,0,0,19-APR-2021,
OPTSTK,KOTAKBANK,29-Apr-2021,1440,CE,0,0,0,341.95,262.8,0,0,0,0,19-APR-2021,
OPTSTK,KOTAKBANK,29-Apr-2021,1460,CE,0,0,0,327.35,243.2,0,0,0,0,19-APR-2021,
OPTSTK,KOTAKBANK,29-Apr-2021,1480,CE,0,0,0,313.05,223.85,0,0,0,0,19-APR-2021,
OPTSTK,KOTAKBANK,29-Apr-2021,1500,CE,0,0,0,265,204.75,0,0,400,0,19-APR-2021,
OPTSTK,KOTAKBANK,29-Apr-2021,1520,CE,0,0,0,285.65,186,0,0,0,0,19-APR-2021,
OPTSTK,KOTAKBANK,29-Apr-2021,1540,CE,0,0,0,272.45,167.75,0,0,0,0,19-APR-2021,
OPTSTK,KOTAKBANK,29-Apr-2021,1560,CE,0,0,0,259.75,150.15,0,0,0,0,19-APR-2021,
OPTSTK,KOTAKBANK,29-Apr-2021,1580,CE,0,0,0,247.45,133.2,0,0,0,0,19-APR-2021,
OPTSTK,KOTAKBANK,29-Apr-2021,1600,CE,109,120,99.85,120,120,23,157.1,4000,4000,19-APR-2021,
OPTSTK,KOTAKBANK,29-Apr-2021,1620,CE,0,0,0,224.05,102.1,0,0,0,0,19-APR-2021,
OPTSTK,KOTAKBANK,29-Apr-2021,1640,CE,0,0,0,212.95,88,0,0,0,0,19-APR-2021,
OPTSTK,KOTAKBANK,29-Apr-2021,1660,CE,66,72.9,59,70.75,70.75,143,987.08,29200,29200,19-APR-2021,
OPTSTK,KOTAKBANK,29-Apr-2021,1680,CE,52.4,59.9,45.75,58.05,58.05,414,2867.21,30400,30000,19-APR-2021,
OPTSTK,KOTAKBANK,29-Apr-2021,1700,CE,46.3,48.4,36.2,46.15,46.15,3626,25270.4,269600,168000,19-APR-2021,
OPTSTK,KOTAKBANK,29-Apr-2021,1720,CE,35,37.4,27.7,35.9,35.9,1235,8657.44,88400,82400,19-APR-2021,
OPTSTK,KOTAKBANK,29-Apr-2021,1740,CE,30,47.85,21.05,27.25,27.25,2029,14325.16,205600,92400,19-APR-2021,
OPTSTK,KOTAKBANK,29-Apr-2021,1760,CE,16.85,25.35,16.05,20.8,20.8,1537,10937.54,181200,30400,19-APR-2021,
OPTSTK,KOTAKBANK,29-Apr-2021,1780,CE,12.85,19.95,12.35,15.75,15.75,1436,10307.73,263600,400,19-APR-2021,
OPTSTK,KOTAKBANK,29-Apr-2021,1800,CE,21,21,9.4,11.65,11.65,3545,25679.93,654800,70800,19-APR-2021,
OPTSTK,KOTAKBANK,29-Apr-2021,1820,CE,13.1,13.1,6.4,8.85,8.85,781,5711.63,166800,-12000,19-APR-2021,
OPTSTK,KOTAKBANK,29-Apr-2021,1840,CE,10,10,4.7,6.7,6.7,1263,9327.81,158800,-58800,19-APR-2021,
OPTSTK,KOTAKBANK,29-Apr-2021,1860,CE,7.05,10,3.3,5.15,5.15,1011,7541.56,146400,-60000,19-APR-2021,
OPTSTK,KOTAKBANK,29-Apr-2021,1880,CE,5.5,5.5,3.2,4.1,4.1,761,5734.4,105200,-18000,19-APR-2021,
OPTSTK,KOTAKBANK,29-Apr-2021,1900,CE,3,4.8,2.15,3.5,3.5,925,7041.81,382000,20000,19-APR-2021,
OPTSTK,KOTAKBANK,29-Apr-2021,1920,CE,2.6,4.6,1.95,2.9,2.9,455,3498.86,96800,6000,19-APR-2021,
OPTSTK,KOTAKBANK,29-Apr-2021,1940,CE,2.6,2.6,1.35,2.05,2.05,236,1833.1,99200,-4800,19-APR-2021,
OPTSTK,KOTAKBANK,29-Apr-2021,1960,CE,2.05,2.05,1.15,1.4,1.4,163,1278.86,131200,-7600,19-APR-2021,
OPTSTK,KOTAKBANK,29-Apr-2021,1980,CE,1.85,1.85,1.25,1.3,1.3,64,507.24,58000,-2800,19-APR-2021,
OPTSTK,KOTAKBANK,29-Apr-2021,2000,CE,1.75,1.75,1.15,1.4,1.4,281,2249.55,370000,-28800,19-APR-2021,
OPTSTK,KOTAKBANK,29-Apr-2021,2020,CE,2.1,2.1,2.1,2.1,0.65,1,8.08,25200,400,19-APR-2021,
OPTSTK,KOTAKBANK,29-Apr-2021,2040,CE,0.1,1.9,0.1,0.9,0.45,16,130.61,30800,-2800,19-APR-2021,
OPTSTK,KOTAKBANK,29-Apr-2021,2060,CE,1.3,1.4,1.3,1.35,1.35,7,57.71,11200,0,19-APR-2021,
OPTSTK,KOTAKBANK,29-Apr-2021,2080,CE,0,0,0,2.45,0.2,0,0,400,0,19-APR-2021,
OPTSTK,KOTAKBANK,29-Apr-2021,2100,CE,1.1,1.2,0.7,1,1,99,831.95,120800,-29200,19-APR-2021,
OPTSTK,KOTAKBANK,29-Apr-2021,2120,CE,0,0,0,3.6,0.1,0,0,400,0,19-APR-2021,
OPTSTK,KOTAKBANK,29-Apr-2021,2140,CE,0,0,0,48.45,0.1,0,0,0,0,19-APR-2021,
OPTSTK,KOTAKBANK,29-Apr-2021,2160,CE,0,0,0,45.35,0.05,0,0,0,0,19-APR-2021,
OPTSTK,KOTAKBANK,29-Apr-2021,2180,CE,0,0,0,42.45,0.05,0,0,0,0,19-APR-2021,
OPTSTK,KOTAKBANK,29-Apr-2021,2200,CE,0.8,1,0.8,0.8,0.05,20,176.07,58000,-2400,19-APR-2021,
OPTSTK,KOTAKBANK,29-Apr-2021,2220,CE,0,0,0,3.8,0.05,0,0,400,0,19-APR-2021,
OPTSTK,KOTAKBANK,29-Apr-2021,2240,CE,0,0,0,0.8,0.05,0,0,1200,0,19-APR-2021,
OPTSTK,KOTAKBANK,29-Apr-2021,2260,CE,0,0,0,32.35,0,0,0,0,0,19-APR-2021,
OPTSTK,KOTAKBANK,29-Apr-2021,2280,CE,0,0,0,30.2,0,0,0,0,0,19-APR-2021,
OPTSTK,KOTAKBANK,29-Apr-2021,2300,CE,0,0,0,1.5,0,0,0,5200,0,19-APR-2021,
OPTSTK,KOTAKBANK,29-Apr-2021,2320,CE,0,0,0,26.3,0,0,0,0,0,19-APR-2021,
OPTSTK,KOTAKBANK,29-Apr-2021,2340,CE,0,0,0,24.5,0,0,0,0,0,19-APR-2021,
OPTSTK,KOTAKBANK,29-Apr-2021,2360,CE,0,0,0,0.1,0,0,0,1200,0,19-APR-2021,
OPTSTK,KOTAKBANK,29-Apr-2021,2380,CE,0,0,0,21.3,0,0,0,0,0,19-APR-2021,
OPTSTK,KOTAKBANK,29-Apr-2021,2400,CE,0,0,0,1.3,0,0,0,400,0,19-APR-2021,
OPTSTK,KOTAKBANK,29-Apr-2021,2420,CE,0,0,0,0.95,0,0,0,400,0,19-APR-2021,
OPTSTK,KOTAKBANK,29-Apr-2021,1320,PE,0,0,0,0.2,0.05,0,0,400,0,19-APR-2021,
OPTSTK,KOTAKBANK,29-Apr-2021,1340,PE,0,0,0,25.25,0.05,0,0,0,0,19-APR-2021,
OPTSTK,KOTAKBANK,29-Apr-2021,1360,PE,0,0,0,28.65,0.05,0,0,0,0,19-APR-2021,
OPTSTK,KOTAKBANK,29-Apr-2021,1380,PE,0,0,0,32.45,0.1,0,0,0,0,19-APR-2021,
OPTSTK,KOTAKBANK,29-Apr-2021,1400,PE,2.5,4,1.7,2,2,62,347.9,28000,10400,19-APR-2021,
OPTSTK,KOTAKBANK,29-Apr-2021,1420,PE,0,0,0,40.95,0.35,0,0,0,0,19-APR-2021,
OPTSTK,KOTAKBANK,29-Apr-2021,1440,PE,0,0,0,45.75,0.6,0,0,0,0,19-APR-2021,
OPTSTK,KOTAKBANK,29-Apr-2021,1460,PE,5,5,5,5,1,1,5.86,800,400,19-APR-2021,
OPTSTK,KOTAKBANK,29-Apr-2021,1480,PE,0,0,0,56.5,1.6,0,0,0,0,19-APR-2021,
OPTSTK,KOTAKBANK,29-Apr-2021,1500,PE,4,6.25,2.75,3.95,3.95,556,3346.46,74800,6400,19-APR-2021,
OPTSTK,KOTAKBANK,29-Apr-2021,1520,PE,2.4,7.65,2.4,4.7,4.7,68,414.95,8800,6400,19-APR-2021,
OPTSTK,KOTAKBANK,29-Apr-2021,1540,PE,5,9.3,4.75,5.7,5.7,352,2178.44,25200,-24000,19-APR-2021,
OPTSTK,KOTAKBANK,29-Apr-2021,1560,PE,5.5,11.6,5.5,7.2,7.2,601,3771.03,47200,-2000,19-APR-2021,
OPTSTK,KOTAKBANK,29-Apr-2021,1580,PE,8,14.5,3.95,9.15,9.15,305,1940.95,28000,3200,19-APR-2021,
OPTSTK,KOTAKBANK,29-Apr-2021,1600,PE,10.05,18.6,6.9,11.75,11.75,2149,13872.89,359200,36400,19-APR-2021,
OPTSTK,KOTAKBANK,29-Apr-2021,1620,PE,8,23,8,14.8,14.8,804,5268.86,69200,33600,19-APR-2021,
OPTSTK,KOTAKBANK,29-Apr-2021,1640,PE,25,29.25,14.9,19.05,19.05,1121,7456.33,178800,14400,19-APR-2021,
OPTSTK,KOTAKBANK,29-Apr-2021,1660,PE,21.8,36.7,20,24.55,24.55,3173,21439.09,212800,108400,19-APR-2021,
OPTSTK,KOTAKBANK,29-Apr-2021,1680,PE,24,45.6,24,31.15,31.15,1576,10824.62,107600,38000,19-APR-2021,
OPTSTK,KOTAKBANK,29-Apr-2021,1700,PE,30,55.75,30,39.85,39.85,2255,15737.88,310800,-29200,19-APR-2021,
OPTSTK,KOTAKBANK,29-Apr-2021,1720,PE,42.75,67.4,41.65,49.05,49.05,396,2810.11,64400,-13200,19-APR-2021,
OPTSTK,KOTAKBANK,29-Apr-2021,1740,PE,59,80,51.65,60.3,60.3,303,2190.6,168400,-15200,19-APR-2021,
OPTSTK,KOTAKBANK,29-Apr-2021,1760,PE,71.9,93,63.45,73.85,73.85,171,1256.15,125200,-13200,19-APR-2021,
OPTSTK,KOTAKBANK,29-Apr-2021,1780,PE,80.25,111.15,80.2,88.95,88.95,112,839.51,129200,-16400,19-APR-2021,
OPTSTK,KOTAKBANK,29-Apr-2021,1800,PE,98.85,129.35,97.25,104.15,104.15,120,916.94,346000,-18000,19-APR-2021,
OPTSTK,KOTAKBANK,29-Apr-2021,1820,PE,122,143,122,128,131.55,9,70.39,92400,-2400,19-APR-2021,
OPTSTK,KOTAKBANK,29-Apr-2021,1840,PE,159.25,159.25,140,147.7,148.3,9,71.64,18400,-1600,19-APR-2021,
OPTSTK,KOTAKBANK,29-Apr-2021,1860,PE,165,165,164.25,164.25,165.7,2,16.19,10000,0,19-APR-2021,
OPTSTK,KOTAKBANK,29-Apr-2021,1880,PE,185.05,185.05,185.05,185.05,183.6,1,8.26,2400,-400,19-APR-2021,
OPTSTK,KOTAKBANK,29-Apr-2021,1900,PE,201.95,202.75,201.95,202.75,202,2,16.81,56000,0,19-APR-2021,
OPTSTK,KOTAKBANK,29-Apr-2021,1920,PE,0,0,0,155,220.75,0,0,400,0,19-APR-2021,
OPTSTK,KOTAKBANK,29-Apr-2021,1940,PE,0,0,0,290.65,239.8,0,0,0,0,19-APR-2021,
OPTSTK,KOTAKBANK,29-Apr-2021,1960,PE,0,0,0,305.05,259.1,0,0,0,0,19-APR-2021,
OPTSTK,KOTAKBANK,29-Apr-2021,1980,PE,0,0,0,319.7,278.55,0,0,0,0,19-APR-2021,
OPTSTK,KOTAKBANK,29-Apr-2021,2000,PE,0,0,0,252,298.15,0,0,73600,0,19-APR-2021,
OPTSTK,KOTAKBANK,29-Apr-2021,2020,PE,0,0,0,349.9,317.9,0,0,0,0,19-APR-2021,
OPTSTK,KOTAKBANK,29-Apr-2021,2040,PE,0,0,0,365.35,337.65,0,0,0,0,19-APR-2021,
OPTSTK,KOTAKBANK,29-Apr-2021,2060,PE,0,0,0,381,357.5,0,0,0,0,19-APR-2021,
OPTSTK,KOTAKBANK,29-Apr-2021,2080,PE,0,0,0,396.9,377.4,0,0,0,0,19-APR-2021,
OPTSTK,KOTAKBANK,29-Apr-2021,2100,PE,406,406,406,406,397.3,1,10.02,800,400,19-APR-2021,
OPTSTK,KOTAKBANK,29-Apr-2021,2120,PE,0,0,0,429.3,417.25,0,0,0,0,19-APR-2021,
OPTSTK,KOTAKBANK,29-Apr-2021,2140,PE,0,0,0,445.8,437.2,0,0,0,0,19-APR-2021,
OPTSTK,KOTAKBANK,29-Apr-2021,2160,PE,0,0,0,462.5,457.15,0,0,0,0,19-APR-2021,
OPTSTK,KOTAKBANK,29-Apr-2021,2180,PE,0,0,0,479.4,477.15,0,0,0,0,19-APR-2021,
OPTSTK,KOTAKBANK,29-Apr-2021,2200,PE,0,0,0,496.45,497.1,0,0,0,0,19-APR-2021,
OPTSTK,KOTAKBANK,29-Apr-2021,2220,PE,0,0,0,513.7,517.05,0,0,0,0,19-APR-2021,
OPTSTK,KOTAKBANK,29-Apr-2021,2240,PE,0,0,0,531.05,537.05,0,0,0,0,19-APR-2021,
OPTSTK,KOTAKBANK,29-Apr-2021,2260,PE,0,0,0,548.6,557.05,0,0,0,0,19-APR-2021,
OPTSTK,KOTAKBANK,29-Apr-2021,2280,PE,0,0,0,566.25,577,0,0,0,0,19-APR-2021,
OPTSTK,KOTAKBANK,29-Apr-2021,2300,PE,0,0,0,584.05,597,0,0,0,0,19-APR-2021,
OPTSTK,KOTAKBANK,29-Apr-2021,2320,PE,0,0,0,601.95,616.95,0,0,0,0,19-APR-2021,
OPTSTK,KOTAKBANK,29-Apr-2021,2340,PE,0,0,0,620,636.95,0,0,0,0,19-APR-2021,
OPTSTK,KOTAKBANK,29-Apr-2021,2360,PE,0,0,0,554,656.9,0,0,1200,0,19-APR-2021,
OPTSTK,KOTAKBANK,29-Apr-2021,2380,PE,0,0,0,656.4,676.9,0,0,0,0,19-APR-2021,
OPTSTK,KOTAKBANK,29-Apr-2021,2400,PE,0,0,0,674.75,696.9,0,0,0,0,19-APR-2021,
OPTSTK,KOTAKBANK,29-Apr-2021,2420,PE,0,0,0,625,716.85,0,0,1200,0,19-APR-2021,
OPTSTK,KOTAKBANK,27-May-2021,1320,CE,0,0,0,597.05,389.7,0,0,0,0,19-APR-2021,
OPTSTK,KOTAKBANK,27-May-2021,1340,CE,0,0,0,578.75,370.85,0,0,0,0,19-APR-2021,
OPTSTK,KOTAKBANK,27-May-2021,1360,CE,0,0,0,560.7,352.25,0,0,0,0,19-APR-2021,
OPTSTK,KOTAKBANK,27-May-2021,1380,CE,0,0,0,542.8,333.95,0,0,0,0,19-APR-2021,
OPTSTK,KOTAKBANK,27-May-2021,1400,CE,0,0,0,525.15,315.9,0,0,0,0,19-APR-2021,
OPTSTK,KOTAKBANK,27-May-2021,1420,CE,0,0,0,507.7,298.25,0,0,0,0,19-APR-2021,
OPTSTK,KOTAKBANK,27-May-2021,1440,CE,0,0,0,490.55,280.95,0,0,0,0,19-APR-2021,
OPTSTK,KOTAKBANK,27-May-2021,1460,CE,0,0,0,473.6,264.1,0,0,0,0,19-APR-2021,
OPTSTK,KOTAKBANK,27-May-2021,1480,CE,0,0,0,456.95,247.65,0,0,0,0,19-APR-2021,
OPTSTK,KOTAKBANK,27-May-2021,1500,CE,0,0,0,440.6,231.75,0,0,0,0,19-APR-2021,
OPTSTK,KOTAKBANK,27-May-2021,1520,CE,0,0,0,424.5,216.3,0,0,0,0,19-APR-2021,
OPTSTK,KOTAKBANK,27-May-2021,1540,CE,0,0,0,408.7,201.5,0,0,0,0,19-APR-2021,
OPTSTK,KOTAKBANK,27-May-2021,1560,CE,0,0,0,393.25,187.15,0,0,0,0,19-APR-2021,
OPTSTK,KOTAKBANK,27-May-2021,1580,CE,0,0,0,378.1,173.4,0,0,0,0,19-APR-2021,
OPTSTK,KOTAKBANK,27-May-2021,1600,CE,0,0,0,363.35,160.3,0,0,0,0,19-APR-2021,
OPTSTK,KOTAKBANK,27-May-2021,1620,CE,0,0,0,348.9,147.85,0,0,0,0,19-APR-2021,
OPTSTK,KOTAKBANK,27-May-2021,1640,CE,0,0,0,334.75,136,0,0,0,0,19-APR-2021,
OPTSTK,KOTAKBANK,27-May-2021,1660,CE,0,0,0,321,124.8,0,0,0,0,19-APR-2021,
OPTSTK,KOTAKBANK,27-May-2021,1680,CE,0,0,0,307.55,114.25,0,0,0,0,19-APR-2021,
OPTSTK,KOTAKBANK,27-May-2021,1700,CE,84,94.9,82.1,91.4,91.4,62,442.96,23200,23200,19-APR-2021,
OPTSTK,KOTAKBANK,27-May-2021,1720,CE,0,0,0,281.75,95.05,0,0,0,0,19-APR-2021,
OPTSTK,KOTAKBANK,27-May-2021,1740,CE,0,0,0,269.45,86.35,0,0,0,0,19-APR-2021,
OPTSTK,KOTAKBANK,27-May-2021,1760,CE,65,65,59,59,78.3,20,145.65,8000,8000,19-APR-2021,
OPTSTK,KOTAKBANK,27-May-2021,1780,CE,0,0,0,245.95,70.8,0,0,0,0,19-APR-2021,
OPTSTK,KOTAKBANK,27-May-2021,1800,CE,51.35,51.5,39.5,49.5,49.5,244,1800.37,42400,30400,19-APR-2021,
OPTSTK,KOTAKBANK,27-May-2021,1820,CE,0,0,0,223.95,57.5,0,0,0,0,19-APR-2021,
OPTSTK,KOTAKBANK,27-May-2021,1840,CE,0,0,0,213.5,51.65,0,0,0,0,19-APR-2021,
OPTSTK,KOTAKBANK,27-May-2021,1860,CE,0,0,0,203.4,46.25,0,0,0,0,19-APR-2021,
OPTSTK,KOTAKBANK,27-May-2021,1880,CE,0,0,0,193.65,41.45,0,0,0,0,19-APR-2021,
OPTSTK,KOTAKBANK,27-May-2021,1900,CE,27.85,27.95,20.8,25.35,25.35,199,1530.83,56000,36400,19-APR-2021,
OPTSTK,KOTAKBANK,27-May-2021,1920,CE,0,0,0,175.2,32.9,0,0,0,0,19-APR-2021,
OPTSTK,KOTAKBANK,27-May-2021,1940,CE,0,0,0,166.5,29.2,0,0,0,0,19-APR-2021,
OPTSTK,KOTAKBANK,27-May-2021,1960,CE,0,0,0,158.2,25.9,0,0,0,0,19-APR-2021,
OPTSTK,KOTAKBANK,27-May-2021,1980,CE,0,0,0,150.15,22.9,0,0,0,0,19-APR-2021,
OPTSTK,KOTAKBANK,27-May-2021,2000,CE,15,15,12,13.8,13.8,39,314.02,47600,6800,19-APR-2021,
OPTSTK,KOTAKBANK,27-May-2021,2020,CE,0,0,0,135.1,17.8,0,0,0,0,19-APR-2021,
OPTSTK,KOTAKBANK,27-May-2021,2040,CE,0,0,0,128.05,15.65,0,0,0,0,19-APR-2021,
OPTSTK,KOTAKBANK,27-May-2021,2060,CE,0,0,0,121.3,13.75,0,0,0,0,19-APR-2021,
OPTSTK,KOTAKBANK,27-May-2021,2080,CE,0,0,0,114.85,12.05,0,0,0,0,19-APR-2021,
OPTSTK,KOTAKBANK,27-May-2021,2100,CE,0,0,0,108.65,10.5,0,0,0,0,19-APR-2021,
OPTSTK,KOTAKBANK,27-May-2021,2120,CE,0,0,0,102.8,9.15,0,0,0,0,19-APR-2021,
OPTSTK,KOTAKBANK,27-May-2021,2140,CE,0,0,0,97.15,8,0,0,0,0,19-APR-2021,
OPTSTK,KOTAKBANK,27-May-2021,2160,CE,0,0,0,91.8,6.95,0,0,0,0,19-APR-2021,
OPTSTK,KOTAKBANK,27-May-2021,2180,CE,0,0,0,86.8,6.05,0,0,0,0,19-APR-2021,
OPTSTK,KOTAKBANK,27-May-2021,2200,CE,0,0,0,10,5.25,0,0,400,0,19-APR-2021,
OPTSTK,KOTAKBANK,27-May-2021,2220,CE,0,0,0,77.35,4.5,0,0,0,0,19-APR-2021,
OPTSTK,KOTAKBANK,27-May-2021,2240,CE,0,0,0,72.95,3.9,0,0,0,0,19-APR-2021,
OPTSTK,KOTAKBANK,27-May-2021,2260,CE,0,0,0,68.8,3.35,0,0,0,0,19-APR-2021,
OPTSTK,KOTAKBANK,27-May-2021,2280,CE,0,0,0,64.85,2.9,0,0,0,0,19-APR-2021,
OPTSTK,KOTAKBANK,27-May-2021,2300,CE,0,0,0,61.1,2.5,0,0,0,0,19-APR-2021,
OPTSTK,KOTAKBANK,27-May-2021,2320,CE,0,0,0,57.5,2.15,0,0,0,0,19-APR-2021,
OPTSTK,KOTAKBANK,27-May-2021,2340,CE,0,0,0,54.1,1.85,0,0,0,0,19-APR-2021,
OPTSTK,KOTAKBANK,27-May-2021,2360,CE,0,0,0,50.9,1.6,0,0,0,0,19-APR-2021,
OPTSTK,KOTAKBANK,27-May-2021,2380,CE,0,0,0,47.9,1.35,0,0,0,0,19-APR-2021,
OPTSTK,KOTAKBANK,27-May-2021,2400,CE,0,0,0,45,1.15,0,0,0,0,19-APR-2021,
OPTSTK,KOTAKBANK,27-May-2021,2420,CE,0,0,0,42.3,1,0,0,0,0,19-APR-2021,
OPTSTK,KOTAKBANK,27-May-2021,1320,PE,0,0,0,9.25,3.8,0,0,0,0,19-APR-2021,
OPTSTK,KOTAKBANK,27-May-2021,1340,PE,0,0,0,10.8,4.9,0,0,0,0,19-APR-2021,
OPTSTK,KOTAKBANK,27-May-2021,1360,PE,0,0,0,12.55,6.2,0,0,0,0,19-APR-2021,
OPTSTK,KOTAKBANK,27-May-2021,1380,PE,0,0,0,14.45,7.8,0,0,0,0,19-APR-2021,
OPTSTK,KOTAKBANK,27-May-2021,1400,PE,0,0,0,16.6,9.7,0,0,0,0,19-APR-2021,
OPTSTK,KOTAKBANK,27-May-2021,1420,PE,0,0,0,19,11.95,0,0,0,0,19-APR-2021,
OPTSTK,KOTAKBANK,27-May-2021,1440,PE,0,0,0,21.65,14.6,0,0,0,0,19-APR-2021,
OPTSTK,KOTAKBANK,27-May-2021,1460,PE,0,0,0,24.5,17.65,0,0,0,0,19-APR-2021,
OPTSTK,KOTAKBANK,27-May-2021,1480,PE,0,0,0,27.7,21.15,0,0,0,0,19-APR-2021,
OPTSTK,KOTAKBANK,27-May-2021,1500,PE,19.95,19.95,19.95,19.95,25.15,1,6.07,400,400,19-APR-2021,
OPTSTK,KOTAKBANK,27-May-2021,1520,PE,19.5,20.25,19.45,19.45,29.65,5,30.79,2000,2000,19-APR-2021,
OPTSTK,KOTAKBANK,27-May-2021,1540,PE,24.5,24.5,24.5,24.5,34.75,1,6.25,400,400,19-APR-2021,
OPTSTK,KOTAKBANK,27-May-2021,1560,PE,29.5,29.5,29.5,29.5,40.35,1,6.35,800,400,19-APR-2021,
OPTSTK,KOTAKBANK,27-May-2021,1580,PE,34.65,34.65,33,33,46.5,3,19.36,3600,1200,19-APR-2021,
OPTSTK,KOTAKBANK,27-May-2021,1600,PE,36.75,46.5,36.35,37.6,37.6,156,1023.68,61600,30400,19-APR-2021,
OPTSTK,KOTAKBANK,27-May-2021,1620,PE,0,0,0,58.3,60.8,0,0,0,0,19-APR-2021,
OPTSTK,KOTAKBANK,27-May-2021,1640,PE,0,0,0,64,68.85,0,0,0,0,19-APR-2021,
OPTSTK,KOTAKBANK,27-May-2021,1660,PE,0,0,0,70.05,77.6,0,0,0,0,19-APR-2021,
OPTSTK,KOTAKBANK,27-May-2021,1680,PE,0,0,0,76.45,86.95,0,0,0,0,19-APR-2021,
OPTSTK,KOTAKBANK,27-May-2021,1700,PE,67.4,87.65,62.5,78.45,78.45,195,1390.24,89200,26800,19-APR-2021,
OPTSTK,KOTAKBANK,27-May-2021,1720,PE,0,0,0,90.25,107.6,0,0,0,0,19-APR-2021,
OPTSTK,KOTAKBANK,27-May-2021,1740,PE,0,0,0,97.8,118.85,0,0,0,0,19-APR-2021,
OPTSTK,KOTAKBANK,27-May-2021,1760,PE,0,0,0,105.65,130.7,0,0,0,0,19-APR-2021,
OPTSTK,KOTAKBANK,27-May-2021,1780,PE,0,0,0,113.9,143.15,0,0,0,0,19-APR-2021,
OPTSTK,KOTAKBANK,27-May-2021,1800,PE,152.5,152.5,135.5,140,156.15,6,46.65,8400,800,19-APR-2021,
OPTSTK,KOTAKBANK,27-May-2021,1820,PE,0,0,0,131.5,169.65,0,0,0,0,19-APR-2021,
OPTSTK,KOTAKBANK,27-May-2021,1840,PE,0,0,0,140.85,183.7,0,0,0,0,19-APR-2021,
OPTSTK,KOTAKBANK,27-May-2021,1860,PE,0,0,0,150.55,198.25,0,0,0,0,19-APR-2021,
OPTSTK,KOTAKBANK,27-May-2021,1880,PE,0,0,0,160.65,213.4,0,0,0,0,19-APR-2021,
OPTSTK,KOTAKBANK,27-May-2021,1900,PE,0,0,0,171.05,228.85,0,0,0,0,19-APR-2021,
OPTSTK,KOTAKBANK,27-May-2021,1920,PE,0,0,0,181.85,244.65,0,0,0,0,19-APR-2021,
OPTSTK,KOTAKBANK,27-May-2021,1940,PE,0,0,0,192.95,260.9,0,0,0,0,19-APR-2021,
OPTSTK,KOTAKBANK,27-May-2021,1960,PE,0,0,0,204.45,277.5,0,0,0,0,19-APR-2021,
OPTSTK,KOTAKBANK,27-May-2021,1980,PE,0,0,0,216.25,294.45,0,0,0,0,19-APR-2021,
OPTSTK,KOTAKBANK,27-May-2021,2000,PE,0,0,0,228.35,311.65,0,0,0,0,19-APR-2021,
OPTSTK,KOTAKBANK,27-May-2021,2020,PE,0,0,0,240.8,329.2,0,0,0,0,19-APR-2021,
OPTSTK,KOTAKBANK,27-May-2021,2040,PE,0,0,0,253.55,346.95,0,0,0,0,19-APR-2021,
OPTSTK,KOTAKBANK,27-May-2021,2060,PE,0,0,0,266.6,364.95,0,0,0,0,19-APR-2021,
OPTSTK,KOTAKBANK,27-May-2021,2080,PE,0,0,0,280,383.15,0,0,0,0,19-APR-2021,
OPTSTK,KOTAKBANK,27-May-2021,2100,PE,0,0,0,293.65,401.6,0,0,0,0,19-APR-2021,
OPTSTK,KOTAKBANK,27-May-2021,2120,PE,0,0,0,307.55,420.15,0,0,0,0,19-APR-2021,
OPTSTK,KOTAKBANK,27-May-2021,2140,PE,0,0,0,321.75,438.9,0,0,0,0,19-APR-2021,
OPTSTK,KOTAKBANK,27-May-2021,2160,PE,0,0,0,336.2,457.8,0,0,0,0,19-APR-2021,
OPTSTK,KOTAKBANK,27-May-2021,2180,PE,0,0,0,351,476.8,0,0,0,0,19-APR-2021,
OPTSTK,KOTAKBANK,27-May-2021,2200,PE,0,0,0,366,495.9,0,0,0,0,19-APR-2021,
OPTSTK,KOTAKBANK,27-May-2021,2220,PE,0,0,0,381.2,515.1,0,0,0,0,19-APR-2021,
OPTSTK,KOTAKBANK,27-May-2021,2240,PE,0,0,0,396.6,534.45,0,0,0,0,19-APR-2021,
OPTSTK,KOTAKBANK,27-May-2021,2260,PE,0,0,0,412.3,553.8,0,0,0,0,19-APR-2021,
OPTSTK,KOTAKBANK,27-May-2021,2280,PE,0,0,0,428.15,573.25,0,0,0,0,19-APR-2021,
OPTSTK,KOTAKBANK,27-May-2021,2300,PE,0,0,0,444.2,592.8,0,0,0,0,19-APR-2021,
OPTSTK,KOTAKBANK,27-May-2021,2320,PE,0,0,0,460.4,612.35,0,0,0,0,19-APR-2021,
OPTSTK,KOTAKBANK,27-May-2021,2340,PE,0,0,0,476.85,631.95,0,0,0,0,19-APR-2021,
OPTSTK,KOTAKBANK,27-May-2021,2360,PE,0,0,0,493.45,651.65,0,0,0,0,19-APR-2021,
OPTSTK,KOTAKBANK,27-May-2021,2380,PE,0,0,0,510.25,671.35,0,0,0,0,19-APR-2021,
OPTSTK,KOTAKBANK,27-May-2021,2400,PE,0,0,0,527.2,691.05,0,0,0,0,19-APR-2021,
OPTSTK,KOTAKBANK,27-May-2021,2420,PE,0,0,0,544.3,710.8,0,0,0,0,19-APR-2021,
OPTSTK,KOTAKBANK,24-Jun-2021,1320,CE,0,0,0,472.15,402.25,0,0,0,0,19-APR-2021,
OPTSTK,KOTAKBANK,24-Jun-2021,1340,CE,0,0,0,454.95,384.7,0,0,0,0,19-APR-2021,
OPTSTK,KOTAKBANK,24-Jun-2021,1360,CE,0,0,0,437.95,367.5,0,0,0,0,19-APR-2021,
OPTSTK,KOTAKBANK,24-Jun-2021,1380,CE,0,0,0,421.3,350.6,0,0,0,0,19-APR-2021,
OPTSTK,KOTAKBANK,24-Jun-2021,1400,CE,0,0,0,404.95,334.05,0,0,0,0,19-APR-2021,
OPTSTK,KOTAKBANK,24-Jun-2021,1420,CE,0,0,0,388.9,317.85,0,0,0,0,19-APR-2021,
OPTSTK,KOTAKBANK,24-Jun-2021,1440,CE,0,0,0,373.15,302.1,0,0,0,0,19-APR-2021,
OPTSTK,KOTAKBANK,24-Jun-2021,1460,CE,0,0,0,357.8,286.75,0,0,0,0,19-APR-2021,
OPTSTK,KOTAKBANK,24-Jun-2021,1480,CE,0,0,0,342.8,271.85,0,0,0,0,19-APR-2021,
OPTSTK,KOTAKBANK,24-Jun-2021,1500,CE,0,0,0,328.15,257.35,0,0,0,0,19-APR-2021,
OPTSTK,KOTAKBANK,24-Jun-2021,1520,CE,0,0,0,313.9,243.3,0,0,0,0,19-APR-2021,
OPTSTK,KOTAKBANK,24-Jun-2021,1540,CE,0,0,0,299.95,229.65,0,0,0,0,19-APR-2021,
OPTSTK,KOTAKBANK,24-Jun-2021,1560,CE,0,0,0,286.45,216.55,0,0,0,0,19-APR-2021,
OPTSTK,KOTAKBANK,24-Jun-2021,1580,CE,0,0,0,273.25,203.95,0,0,0,0,19-APR-2021,
OPTSTK,KOTAKBANK,24-Jun-2021,1600,CE,0,0,0,260.5,191.8,0,0,0,0,19-APR-2021,
OPTSTK,KOTAKBANK,24-Jun-2021,1620,CE,0,0,0,248.2,180.15,0,0,0,0,19-APR-2021,
OPTSTK,KOTAKBANK,24-Jun-2021,1640,CE,0,0,0,236.25,169.05,0,0,0,0,19-APR-2021,
OPTSTK,KOTAKBANK,24-Jun-2021,1660,CE,0,0,0,224.75,158.35,0,0,0,0,19-APR-2021,
OPTSTK,KOTAKBANK,24-Jun-2021,1680,CE,0,0,0,213.6,148.2,0,0,0,0,19-APR-2021,
OPTSTK,KOTAKBANK,24-Jun-2021,1700,CE,0,0,0,202.9,138.5,0,0,0,0,19-APR-2021,
OPTSTK,KOTAKBANK,24-Jun-2021,1720,CE,0,0,0,192.55,129.3,0,0,0,0,19-APR-2021,
OPTSTK,KOTAKBANK,24-Jun-2021,1740,CE,0,0,0,182.65,120.55,0,0,0,0,19-APR-2021,
OPTSTK,KOTAKBANK,24-Jun-2021,1760,CE,0,0,0,173.1,112.25,0,0,0,0,19-APR-2021,
OPTSTK,KOTAKBANK,24-Jun-2021,1780,CE,0,0,0,163.9,104.4,0,0,0,0,19-APR-2021,
OPTSTK,KOTAKBANK,24-Jun-2021,1800,CE,68,68,68,68,97,1,7.47,400,400,19-APR-2021,
OPTSTK,KOTAKBANK,24-Jun-2021,1820,CE,0,0,0,146.7,90.05,0,0,0,0,19-APR-2021,
OPTSTK,KOTAKBANK,24-Jun-2021,1840,CE,0,0,0,138.65,83.45,0,0,0,0,19-APR-2021,
OPTSTK,KOTAKBANK,24-Jun-2021,1860,CE,0,0,0,130.95,77.3,0,0,0,0,19-APR-2021,
OPTSTK,KOTAKBANK,24-Jun-2021,1880,CE,0,0,0,123.6,71.45,0,0,0,0,19-APR-2021,
OPTSTK,KOTAKBANK,24-Jun-2021,1900,CE,0,0,0,116.6,66.05,0,0,0,0,19-APR-2021,
OPTSTK,KOTAKBANK,24-Jun-2021,1920,CE,0,0,0,109.9,61.05,0,0,0,0,19-APR-2021,
OPTSTK,KOTAKBANK,24-Jun-2021,1940,CE,0,0,0,103.55,56.3,0,0,0,0,19-APR-2021,
OPTSTK,KOTAKBANK,24-Jun-2021,1960,CE,0,0,0,97.5,51.9,0,0,0,0,19-APR-2021,
OPTSTK,KOTAKBANK,24-Jun-2021,1980,CE,0,0,0,91.75,47.75,0,0,0,0,19-APR-2021,
OPTSTK,KOTAKBANK,24-Jun-2021,2000,CE,0,0,0,86.25,43.85,0,0,0,0,19-APR-2021,
OPTSTK,KOTAKBANK,24-Jun-2021,2020,CE,0,0,0,81.1,40.3,0,0,0,0,19-APR-2021,
OPTSTK,KOTAKBANK,24-Jun-2021,2040,CE,0,0,0,76.25,36.95,0,0,0,0,19-APR-2021,
OPTSTK,KOTAKBANK,24-Jun-2021,2060,CE,0,0,0,71.6,33.9,0,0,0,0,19-APR-2021,
OPTSTK,KOTAKBANK,24-Jun-2021,2080,CE,0,0,0,67.2,31.05,0,0,0,0,19-APR-2021,
OPTSTK,KOTAKBANK,24-Jun-2021,2100,CE,0,0,0,63.05,28.4,0,0,0,0,19-APR-2021,
OPTSTK,KOTAKBANK,24-Jun-2021,2120,CE,0,0,0,59.1,26,0,0,0,0,19-APR-2021,
OPTSTK,KOTAKBANK,24-Jun-2021,2140,CE,0,0,0,55.35,23.75,0,0,0,0,19-APR-2021,
OPTSTK,KOTAKBANK,24-Jun-2021,2160,CE,0,0,0,51.85,21.65,0,0,0,0,19-APR-2021,
OPTSTK,KOTAKBANK,24-Jun-2021,2180,CE,0,0,0,48.5,19.75,0,0,0,0,19-APR-2021,
OPTSTK,KOTAKBANK,24-Jun-2021,2200,CE,0,0,0,45.4,18,0,0,0,0,19-APR-2021,
OPTSTK,KOTAKBANK,24-Jun-2021,2220,CE,0,0,0,42.45,16.4,0,0,0,0,19-APR-2021,
OPTSTK,KOTAKBANK,24-Jun-2021,2240,CE,0,0,0,39.7,14.95,0,0,0,0,19-APR-2021,
OPTSTK,KOTAKBANK,24-Jun-2021,2260,CE,0,0,0,37.1,13.6,0,0,0,0,19-APR-2021,
OPTSTK,KOTAKBANK,24-Jun-2021,2280,CE,0,0,0,34.65,12.35,0,0,0,0,19-APR-2021,
OPTSTK,KOTAKBANK,24-Jun-2021,2300,CE,0,0,0,32.35,11.2,0,0,0,0,19-APR-2021,
OPTSTK,KOTAKBANK,24-Jun-2021,2320,CE,0,0,0,30.2,10.15,0,0,0,0,19-APR-2021,
OPTSTK,KOTAKBANK,24-Jun-2021,2340,CE,0,0,0,28.15,9.2,0,0,0,0,19-APR-2021,
OPTSTK,KOTAKBANK,24-Jun-2021,2360,CE,0,0,0,26.25,8.35,0,0,0,0,19-APR-2021,
OPTSTK,KOTAKBANK,24-Jun-2021,2380,CE,0,0,0,24.45,7.55,0,0,0,0,19-APR-2021,
OPTSTK,KOTAKBANK,24-Jun-2021,2400,CE,0,0,0,22.8,6.85,0,0,0,0,19-APR-2021,
OPTSTK,KOTAKBANK,24-Jun-2021,2420,CE,0,0,0,21.25,6.2,0,0,0,0,19-APR-2021,
OPTSTK,KOTAKBANK,24-Jun-2021,1320,PE,0,0,0,17,12.6,0,0,0,0,19-APR-2021,
OPTSTK,KOTAKBANK,24-Jun-2021,1340,PE,0,0,0,19.55,14.9,0,0,0,0,19-APR-2021,
OPTSTK,KOTAKBANK,24-Jun-2021,1360,PE,0,0,0,22.4,17.55,0,0,0,0,19-APR-2021,
OPTSTK,KOTAKBANK,24-Jun-2021,1380,PE,0,0,0,25.55,20.5,0,0,0,0,19-APR-2021,
OPTSTK,KOTAKBANK,24-Jun-2021,1400,PE,0,0,0,29,23.85,0,0,0,0,19-APR-2021,
OPTSTK,KOTAKBANK,24-Jun-2021,1420,PE,0,0,0,32.75,27.55,0,0,0,0,19-APR-2021,
OPTSTK,KOTAKBANK,24-Jun-2021,1440,PE,0,0,0,36.85,31.6,0,0,0,0,19-APR-2021,
OPTSTK,KOTAKBANK,24-Jun-2021,1460,PE,0,0,0,41.3,36.1,0,0,0,0,19-APR-2021,
OPTSTK,KOTAKBANK,24-Jun-2021,1480,PE,0,0,0,46.1,41.1,0,0,0,0,19-APR-2021,
OPTSTK,KOTAKBANK,24-Jun-2021,1500,PE,0,0,0,51.3,46.45,0,0,0,0,19-APR-2021,
OPTSTK,KOTAKBANK,24-Jun-2021,1520,PE,0,0,0,56.85,52.25,0,0,0,0,19-APR-2021,
OPTSTK,KOTAKBANK,24-Jun-2021,1540,PE,0,0,0,62.75,58.5,0,0,0,0,19-APR-2021,
OPTSTK,KOTAKBANK,24-Jun-2021,1560,PE,0,0,0,69,65.25,0,0,0,0,19-APR-2021,
OPTSTK,KOTAKBANK,24-Jun-2021,1580,PE,0,0,0,75.65,72.5,0,0,0,0,19-APR-2021,
OPTSTK,KOTAKBANK,24-Jun-2021,1600,PE,0,0,0,82.75,80.25,0,0,0,0,19-APR-2021,
OPTSTK,KOTAKBANK,24-Jun-2021,1620,PE,0,0,0,90.2,88.45,0,0,0,0,19-APR-2021,
OPTSTK,KOTAKBANK,24-Jun-2021,1640,PE,60,60,60,60,60,2,13.6,800,800,19-APR-2021,
OPTSTK,KOTAKBANK,24-Jun-2021,1660,PE,0,0,0,106.4,106.4,0,0,0,0,19-APR-2021,
OPTSTK,KOTAKBANK,24-Jun-2021,1680,PE,0,0,0,115.1,116.1,0,0,0,0,19-APR-2021,
OPTSTK,KOTAKBANK,24-Jun-2021,1700,PE,0,0,0,60,126.25,0,0,1200,0,19-APR-2021,
OPTSTK,KOTAKBANK,24-Jun-2021,1720,PE,0,0,0,133.65,136.95,0,0,0,0,19-APR-2021,
OPTSTK,KOTAKBANK,24-Jun-2021,1740,PE,0,0,0,143.55,148.05,0,0,0,0,19-APR-2021,
OPTSTK,KOTAKBANK,24-Jun-2021,1760,PE,0,0,0,153.8,159.6,0,0,0,0,19-APR-2021,
OPTSTK,KOTAKBANK,24-Jun-2021,1780,PE,0,0,0,164.45,171.65,0,0,0,0,19-APR-2021,
OPTSTK,KOTAKBANK,24-Jun-2021,1800,PE,0,0,0,175.5,184.1,0,0,0,0,19-APR-2021,
OPTSTK,KOTAKBANK,24-Jun-2021,1820,PE,0,0,0,186.9,197,0,0,0,0,19-APR-2021,
OPTSTK,KOTAKBANK,24-Jun-2021,1840,PE,0,0,0,198.65,210.25,0,0,0,0,19-APR-2021,
OPTSTK,KOTAKBANK,24-Jun-2021,1860,PE,0,0,0,210.75,223.95,0,0,0,0,19-APR-2021,
OPTSTK,KOTAKBANK,24-Jun-2021,1880,PE,0,0,0,223.2,238,0,0,0,0,19-APR-2021,
OPTSTK,KOTAKBANK,24-Jun-2021,1900,PE,0,0,0,236,252.45,0,0,0,0,19-APR-2021,
OPTSTK,KOTAKBANK,24-Jun-2021,1920,PE,0,0,0,249.15,267.3,0,0,0,0,19-APR-2021,
OPTSTK,KOTAKBANK,24-Jun-2021,1940,PE,0,0,0,262.6,282.45,0,0,0,0,19-APR-2021,
OPTSTK,KOTAKBANK,24-Jun-2021,1960,PE,0,0,0,276.35,297.9,0,0,0,0,19-APR-2021,
OPTSTK,KOTAKBANK,24-Jun-2021,1980,PE,0,0,0,290.4,313.65,0,0,0,0,19-APR-2021,
OPTSTK,KOTAKBANK,24-Jun-2021,2000,PE,0,0,0,304.75,329.6,0,0,0,0,19-APR-2021,
OPTSTK,KOTAKBANK,24-Jun-2021,2020,PE,0,0,0,319.4,345.9,0,0,0,0,19-APR-2021,
OPTSTK,KOTAKBANK,24-Jun-2021,2040,PE,0,0,0,334.35,362.45,0,0,0,0,19-APR-2021,
OPTSTK,KOTAKBANK,24-Jun-2021,2060,PE,0,0,0,349.55,379.2,0,0,0,0,19-APR-2021,
OPTSTK,KOTAKBANK,24-Jun-2021,2080,PE,0,0,0,364.95,396.25,0,0,0,0,19-APR-2021,
OPTSTK,KOTAKBANK,24-Jun-2021,2100,PE,0,0,0,380.6,413.45,0,0,0,0,19-APR-2021,
OPTSTK,KOTAKBANK,24-Jun-2021,2120,PE,0,0,0,396.5,430.9,0,0,0,0,19-APR-2021,
OPTSTK,KOTAKBANK,24-Jun-2021,2140,PE,0,0,0,412.5,448.55,0,0,0,0,19-APR-2021,
OPTSTK,KOTAKBANK,24-Jun-2021,2160,PE,0,0,0,428.85,466.35,0,0,0,0,19-APR-2021,
OPTSTK,KOTAKBANK,24-Jun-2021,2180,PE,0,0,0,445.35,484.3,0,0,0,0,19-APR-2021,
OPTSTK,KOTAKBANK,24-Jun-2021,2200,PE,0,0,0,462,502.4,0,0,0,0,19-APR-2021,
OPTSTK,KOTAKBANK,24-Jun-2021,2220,PE,0,0,0,478.9,520.65,0,0,0,0,19-APR-2021,
OPTSTK,KOTAKBANK,24-Jun-2021,2240,PE,0,0,0,495.95,539.05,0,0,0,0,19-APR-2021,
OPTSTK,KOTAKBANK,24-Jun-2021,2260,PE,0,0,0,513.15,557.55,0,0,0,0,19-APR-2021,
OPTSTK,KOTAKBANK,24-Jun-2021,2280,PE,0,0,0,530.5,576.2,0,0,0,0,19-APR-2021,
OPTSTK,KOTAKBANK,24-Jun-2021,2300,PE,0,0,0,548.05,594.9,0,0,0,0,19-APR-2021,
OPTSTK,KOTAKBANK,24-Jun-2021,2320,PE,0,0,0,565.7,613.75,0,0,0,0,19-APR-2021,
OPTSTK,KOTAKBANK,24-Jun-2021,2340,PE,0,0,0,583.45,632.65,0,0,0,0,19-APR-2021,
OPTSTK,KOTAKBANK,24-Jun-2021,2360,PE,0,0,0,601.4,651.65,0,0,0,0,19-APR-2021,
OPTSTK,KOTAKBANK,24-Jun-2021,2380,PE,0,0,0,619.4,670.75,0,0,0,0,19-APR-2021,
OPTSTK,KOTAKBANK,24-Jun-2021,2400,PE,0,0,0,637.55,689.9,0,0,0,0,19-APR-2021,
OPTSTK,KOTAKBANK,24-Jun-2021,2420,PE,0,0,0,655.8,709.1,0,0,0,0,19-APR-2021,
OPTSTK,L&TFH,29-Apr-2021,50,CE,0,0,0,36.65,38.6,0,0,0,0,19-APR-2021,
OPTSTK,L&TFH,29-Apr-2021,52.5,CE,0,0,0,34.35,36.1,0,0,0,0,19-APR-2021,
OPTSTK,L&TFH,29-Apr-2021,55,CE,0,0,0,32.15,33.6,0,0,0,0,19-APR-2021,
OPTSTK,L&TFH,29-Apr-2021,57.5,CE,0,0,0,30,31.15,0,0,0,0,19-APR-2021,
OPTSTK,L&TFH,29-Apr-2021,60,CE,0,0,0,27.9,28.65,0,0,0,0,19-APR-2021,
OPTSTK,L&TFH,29-Apr-2021,62.5,CE,0,0,0,25.9,26.15,0,0,0,0,19-APR-2021,
OPTSTK,L&TFH,29-Apr-2021,65,CE,0,0,0,23.95,23.65,0,0,0,0,19-APR-2021,
OPTSTK,L&TFH,29-Apr-2021,67.5,CE,0,0,0,22.1,21.15,0,0,0,0,19-APR-2021,
OPTSTK,L&TFH,29-Apr-2021,70,CE,0,0,0,24,18.7,0,0,17848,0,19-APR-2021,
OPTSTK,L&TFH,29-Apr-2021,72.5,CE,0,0,0,18.75,16.25,0,0,0,0,19-APR-2021,
OPTSTK,L&TFH,29-Apr-2021,75,CE,0,0,0,17.2,13.85,0,0,0,0,19-APR-2021,
OPTSTK,L&TFH,29-Apr-2021,77.5,CE,0,0,0,15.7,11.6,0,0,0,0,19-APR-2021,
OPTSTK,L&TFH,29-Apr-2021,80,CE,0,0,0,14.35,9.45,0,0,0,0,19-APR-2021,
OPTSTK,L&TFH,29-Apr-2021,82.5,CE,0,0,0,13.1,7.55,0,0,0,0,19-APR-2021,
OPTSTK,L&TFH,29-Apr-2021,85,CE,5,5.25,5,5.25,5.8,3,24.11,62468,26772,19-APR-2021,
OPTSTK,L&TFH,29-Apr-2021,87.5,CE,3.8,3.85,3.1,3.75,3.75,53,430.65,196328,133860,19-APR-2021,
OPTSTK,L&TFH,29-Apr-2021,90,CE,3,3.15,1.95,2.45,2.45,424,3496.68,1481384,678224,19-APR-2021,
OPTSTK,L&TFH,29-Apr-2021,92.5,CE,1.7,1.85,1.4,1.6,1.6,123,1032.75,455124,44620,19-APR-2021,
OPTSTK,L&TFH,29-Apr-2021,95,CE,1.75,1.75,0.9,1,1,398,3412.21,1686636,98164,19-APR-2021,
OPTSTK,L&TFH,29-Apr-2021,97.5,CE,0.65,0.8,0.6,0.65,0.65,112,981.59,1133348,62468,19-APR-2021,
OPTSTK,L&TFH,29-Apr-2021,100,CE,0.55,0.7,0.45,0.5,0.5,359,3220.9,4337064,455124,19-APR-2021,
OPTSTK,L&TFH,29-Apr-2021,102.5,CE,0.6,0.6,0.3,0.3,0.3,42,385.62,633604,71392,19-APR-2021,
OPTSTK,L&TFH,29-Apr-2021,105,CE,0.3,0.35,0.2,0.2,0.2,121,1136.6,2007900,8924,19-APR-2021,
OPTSTK,L&TFH,29-Apr-2021,107.5,CE,0.2,0.2,0.15,0.15,0.15,2,19.21,312340,-17848,19-APR-2021,
OPTSTK,L&TFH,29-Apr-2021,110,CE,0.2,0.2,0.1,0.15,0.15,76,747.07,1954356,-169556,19-APR-2021,
OPTSTK,L&TFH,29-Apr-2021,112.5,CE,0.25,0.25,0.1,0.1,0.05,21,211.04,205252,-17848,19-APR-2021,
OPTSTK,L&TFH,29-Apr-2021,115,CE,0.1,0.1,0.05,0.1,0.05,26,267.04,713920,-80316,19-APR-2021,
OPTSTK,L&TFH,29-Apr-2021,117.5,CE,0,0,0,0.15,0.05,0,0,8924,0,19-APR-2021,
OPTSTK,L&TFH,29-Apr-2021,120,CE,0.05,0.1,0.05,0.1,0.05,3,32.14,669300,-8924,19-APR-2021,
OPTSTK,L&TFH,29-Apr-2021,122.5,CE,0,0,0,2.55,0,0,0,8924,0,19-APR-2021,
OPTSTK,L&TFH,29-Apr-2021,125,CE,0.05,0.05,0.05,0.05,0.05,1,11.15,240948,-8924,19-APR-2021,
OPTSTK,L&TFH,29-Apr-2021,127.5,CE,0,0,0,2.75,0,0,0,0,0,19-APR-2021,
OPTSTK,L&TFH,29-Apr-2021,130,CE,0.05,0.05,0.05,0.05,0,1,11.6,89240,-8924,19-APR-2021,
OPTSTK,L&TFH,29-Apr-2021,132.5,CE,0,0,0,0.1,0,0,0,26772,0,19-APR-2021,
OPTSTK,L&TFH,29-Apr-2021,50,PE,0,0,0,0.45,0,0,0,0,0,19-APR-2021,
OPTSTK,L&TFH,29-Apr-2021,52.5,PE,0,0,0,0.65,0,0,0,0,0,19-APR-2021,
OPTSTK,L&TFH,29-Apr-2021,55,PE,0,0,0,0.9,0,0,0,0,0,19-APR-2021,
OPTSTK,L&TFH,29-Apr-2021,57.5,PE,0,0,0,1.2,0,0,0,0,0,19-APR-2021,
OPTSTK,L&TFH,29-Apr-2021,60,PE,0,0,0,1.6,0,0,0,0,0,19-APR-2021,
OPTSTK,L&TFH,29-Apr-2021,62.5,PE,0,0,0,2.05,0,0,0,0,0,19-APR-2021,
OPTSTK,L&TFH,29-Apr-2021,65,PE,0,0,0,0.2,0,0,0,53544,0,19-APR-2021,
OPTSTK,L&TFH,29-Apr-2021,67.5,PE,0,0,0,0.05,0.05,0,0,17848,0,19-APR-2021,
OPTSTK,L&TFH,29-Apr-2021,70,PE,0.25,0.25,0.25,0.25,0.05,1,6.26,80316,0,19-APR-2021,
OPTSTK,L&TFH,29-Apr-2021,72.5,PE,0,0,0,0.7,0.1,0,0,8924,0,19-APR-2021,
OPTSTK,L&TFH,29-Apr-2021,75,PE,0.5,0.5,0.35,0.4,0.4,37,249.04,517592,80316,19-APR-2021,
OPTSTK,L&TFH,29-Apr-2021,77.5,PE,0,0,0,0.45,0.45,0,0,17848,0,19-APR-2021,
OPTSTK,L&TFH,29-Apr-2021,80,PE,0.8,1,0.65,0.75,0.75,224,1616.05,865628,124936,19-APR-2021,
OPTSTK,L&TFH,29-Apr-2021,82.5,PE,1.45,1.45,1.05,1.05,1.05,44,329.15,285568,62468,19-APR-2021,
OPTSTK,L&TFH,29-Apr-2021,85,PE,1.65,2.35,1.55,1.65,1.65,197,1528.68,1552776,8924,19-APR-2021,
OPTSTK,L&TFH,29-Apr-2021,87.5,PE,2.5,3.35,2.35,2.5,2.5,92,741.46,490820,0,19-APR-2021,
OPTSTK,L&TFH,29-Apr-2021,90,PE,3.55,4.8,3.45,3.7,3.7,230,1932.13,1213664,-169556,19-APR-2021,
OPTSTK,L&TFH,29-Apr-2021,92.5,PE,5.2,6.55,5.2,5.3,5.3,28,246.03,428352,-124936,19-APR-2021,
OPTSTK,L&TFH,29-Apr-2021,95,PE,7.75,8.65,7,7.05,7.05,12,109.89,1061956,-17848,19-APR-2021,
OPTSTK,L&TFH,29-Apr-2021,97.5,PE,9.9,10.5,9.9,10.5,9.9,2,19.22,374808,-8924,19-APR-2021,
OPTSTK,L&TFH,29-Apr-2021,100,PE,12.15,12.6,12,12,12.05,4,40.05,1285056,-17848,19-APR-2021,
OPTSTK,L&TFH,29-Apr-2021,102.5,PE,14.65,14.65,14.65,14.65,14.3,2,20.9,35696,0,19-APR-2021,
OPTSTK,L&TFH,29-Apr-2021,105,PE,18,18,16.9,16.9,16.6,3,32.74,142784,0,19-APR-2021,
OPTSTK,L&TFH,29-Apr-2021,107.5,PE,0,0,0,19.55,19,0,0,17848,0,19-APR-2021,
OPTSTK,L&TFH,29-Apr-2021,110,PE,0,0,0,13.75,21.45,0,0,89240,0,19-APR-2021,
OPTSTK,L&TFH,29-Apr-2021,112.5,PE,0,0,0,29.6,23.9,0,0,0,0,19-APR-2021,
OPTSTK,L&TFH,29-Apr-2021,115,PE,0,0,0,31.7,26.4,0,0,0,0,19-APR-2021,
OPTSTK,L&TFH,29-Apr-2021,117.5,PE,0,0,0,33.8,28.85,0,0,0,0,19-APR-2021,
OPTSTK,L&TFH,29-Apr-2021,120,PE,0,0,0,35.95,31.35,0,0,0,0,19-APR-2021,
OPTSTK,L&TFH,29-Apr-2021,122.5,PE,0,0,0,38.15,33.85,0,0,0,0,19-APR-2021,
OPTSTK,L&TFH,29-Apr-2021,125,PE,0,0,0,40.35,36.35,0,0,0,0,19-APR-2021,
OPTSTK,L&TFH,29-Apr-2021,127.5,PE,0,0,0,37.65,38.85,0,0,0,0,19-APR-2021,
OPTSTK,L&TFH,29-Apr-2021,130,PE,0,0,0,39.8,41.35,0,0,0,0,19-APR-2021,
OPTSTK,L&TFH,29-Apr-2021,132.5,PE,0,0,0,42.05,43.85,0,0,0,0,19-APR-2021,
OPTSTK,L&TFH,27-May-2021,65,CE,0,0,0,41.2,24.3,0,0,0,0,19-APR-2021,
OPTSTK,L&TFH,27-May-2021,67.5,CE,0,0,0,40.35,22.05,0,0,0,0,19-APR-2021,
OPTSTK,L&TFH,27-May-2021,70,CE,0,0,0,38.15,19.85,0,0,0,0,19-APR-2021,
OPTSTK,L&TFH,27-May-2021,72.5,CE,0,0,0,36,17.8,0,0,0,0,19-APR-2021,
OPTSTK,L&TFH,27-May-2021,75,CE,0,0,0,33.95,15.85,0,0,0,0,19-APR-2021,
OPTSTK,L&TFH,27-May-2021,77.5,CE,0,0,0,31.9,14,0,0,0,0,19-APR-2021,
OPTSTK,L&TFH,27-May-2021,80,CE,0,0,0,30,12.3,0,0,0,0,19-APR-2021,
OPTSTK,L&TFH,27-May-2021,82.5,CE,0,0,0,28.1,10.75,0,0,0,0,19-APR-2021,
OPTSTK,L&TFH,27-May-2021,85,CE,0,0,0,26.3,9.35,0,0,0,0,19-APR-2021,
OPTSTK,L&TFH,27-May-2021,87.5,CE,0,0,0,24.6,8.05,0,0,0,0,19-APR-2021,
OPTSTK,L&TFH,27-May-2021,90,CE,5.95,5.95,5,5.75,5.75,3,25.58,44620,17848,19-APR-2021,
OPTSTK,L&TFH,27-May-2021,92.5,CE,0,0,0,21.4,5.85,0,0,0,0,19-APR-2021,
OPTSTK,L&TFH,27-May-2021,95,CE,3.45,3.45,3.45,3.45,3.45,1,8.78,35696,8924,19-APR-2021,
OPTSTK,L&TFH,27-May-2021,97.5,CE,0,0,0,18.5,4.2,0,0,0,0,19-APR-2021,
OPTSTK,L&TFH,27-May-2021,100,CE,1.75,2.35,1.75,2.2,2.2,33,300.33,249872,151708,19-APR-2021,
OPTSTK,L&TFH,27-May-2021,102.5,CE,0,0,0,15.9,2.95,0,0,0,0,19-APR-2021,
OPTSTK,L&TFH,27-May-2021,105,CE,1.25,1.25,1.25,1.25,2.45,1,9.48,8924,8924,19-APR-2021,
OPTSTK,L&TFH,27-May-2021,107.5,CE,0,0,0,13.6,2,0,0,0,0,19-APR-2021,
OPTSTK,L&TFH,27-May-2021,110,CE,1,1,1,1,1.65,1,9.9,35696,8924,19-APR-2021,
OPTSTK,L&TFH,27-May-2021,112.5,CE,0,0,0,11.6,1.35,0,0,0,0,19-APR-2021,
OPTSTK,L&TFH,27-May-2021,115,CE,0,0,0,10.7,1.1,0,0,0,0,19-APR-2021,
OPTSTK,L&TFH,27-May-2021,117.5,CE,0,0,0,9.85,0.9,0,0,0,0,19-APR-2021,
OPTSTK,L&TFH,27-May-2021,120,CE,0,0,0,9.05,0.75,0,0,0,0,19-APR-2021,
OPTSTK,L&TFH,27-May-2021,122.5,CE,0,0,0,8.35,0.6,0,0,0,0,19-APR-2021,
OPTSTK,L&TFH,27-May-2021,125,CE,0,0,0,7.65,0.5,0,0,0,0,19-APR-2021,
OPTSTK,L&TFH,27-May-2021,127.5,CE,0,0,0,7.05,0.4,0,0,0,0,19-APR-2021,
OPTSTK,L&TFH,27-May-2021,130,CE,0,0,0,6.45,0.3,0,0,0,0,19-APR-2021,
OPTSTK,L&TFH,27-May-2021,132.5,CE,0,0,0,5.95,0.25,0,0,0,0,19-APR-2021,
OPTSTK,L&TFH,27-May-2021,65,PE,0,0,0,0.75,0.5,0,0,0,0,19-APR-2021,
OPTSTK,L&TFH,27-May-2021,67.5,PE,0,0,0,0.95,0.7,0,0,0,0,19-APR-2021,
OPTSTK,L&TFH,27-May-2021,70,PE,0.75,0.75,0.75,0.75,1.05,1,6.31,17848,8924,19-APR-2021,
OPTSTK,L&TFH,27-May-2021,72.5,PE,0,0,0,0.3,1.45,0,0,0,0,19-APR-2021,
OPTSTK,L&TFH,27-May-2021,75,PE,0,0,0,2,2,0,0,0,0,19-APR-2021,
OPTSTK,L&TFH,27-May-2021,77.5,PE,0,0,0,2.45,2.65,0,0,0,0,19-APR-2021,
OPTSTK,L&TFH,27-May-2021,80,PE,2.1,2.15,2.05,2.15,3.45,7,51.28,80316,17848,19-APR-2021,
OPTSTK,L&TFH,27-May-2021,82.5,PE,0,0,0,3.6,4.4,0,0,0,0,19-APR-2021,
OPTSTK,L&TFH,27-May-2021,85,PE,0,0,0,2.55,5.45,0,0,53544,0,19-APR-2021,
OPTSTK,L&TFH,27-May-2021,87.5,PE,0,0,0,5,6.65,0,0,0,0,19-APR-2021,
OPTSTK,L&TFH,27-May-2021,90,PE,0,0,0,3.95,8,0,0,80316,0,19-APR-2021,
OPTSTK,L&TFH,27-May-2021,92.5,PE,0,0,0,6.75,9.45,0,0,0,0,19-APR-2021,
OPTSTK,L&TFH,27-May-2021,95,PE,0,0,0,3.65,11.05,0,0,8924,0,19-APR-2021,
OPTSTK,L&TFH,27-May-2021,97.5,PE,0,0,0,8.85,12.75,0,0,0,0,19-APR-2021,
OPTSTK,L&TFH,27-May-2021,100,PE,0,0,0,6.05,14.6,0,0,8924,0,19-APR-2021,
OPTSTK,L&TFH,27-May-2021,102.5,PE,0,0,0,11.2,16.5,0,0,0,0,19-APR-2021,
OPTSTK,L&TFH,27-May-2021,105,PE,0,0,0,12.5,18.5,0,0,0,0,19-APR-2021,
OPTSTK,L&TFH,27-May-2021,107.5,PE,0,0,0,13.85,20.55,0,0,0,0,19-APR-2021,
OPTSTK,L&TFH,27-May-2021,110,PE,0,0,0,15.3,22.7,0,0,0,0,19-APR-2021,
OPTSTK,L&TFH,27-May-2021,112.5,PE,0,0,0,16.8,24.9,0,0,0,0,19-APR-2021,
OPTSTK,L&TFH,27-May-2021,115,PE,0,0,0,18.4,27.1,0,0,0,0,19-APR-2021,
OPTSTK,L&TFH,27-May-2021,117.5,PE,0,0,0,20,29.4,0,0,0,0,19-APR-2021,
OPTSTK,L&TFH,27-May-2021,120,PE,0,0,0,21.7,31.75,0,0,0,0,19-APR-2021,
OPTSTK,L&TFH,27-May-2021,122.5,PE,0,0,0,23.45,34.1,0,0,0,0,19-APR-2021,
OPTSTK,L&TFH,27-May-2021,125,PE,0,0,0,25.25,36.45,0,0,0,0,19-APR-2021,
OPTSTK,L&TFH,27-May-2021,127.5,PE,0,0,0,27.1,38.85,0,0,0,0,19-APR-2021,
OPTSTK,L&TFH,27-May-2021,130,PE,0,0,0,29,41.25,0,0,0,0,19-APR-2021,
OPTSTK,L&TFH,27-May-2021,132.5,PE,0,0,0,30.95,43.7,0,0,0,0,19-APR-2021,
OPTSTK,L&TFH,24-Jun-2021,65,CE,0,0,0,30.9,25.3,0,0,0,0,19-APR-2021,
OPTSTK,L&TFH,24-Jun-2021,67.5,CE,0,0,0,28.85,23.25,0,0,0,0,19-APR-2021,
OPTSTK,L&TFH,24-Jun-2021,70,CE,0,0,0,26.85,21.3,0,0,0,0,19-APR-2021,
OPTSTK,L&TFH,24-Jun-2021,72.5,CE,0,0,0,24.95,19.45,0,0,0,0,19-APR-2021,
OPTSTK,L&TFH,24-Jun-2021,75,CE,0,0,0,23.15,17.65,0,0,0,0,19-APR-2021,
OPTSTK,L&TFH,24-Jun-2021,77.5,CE,0,0,0,21.4,16,0,0,0,0,19-APR-2021,
OPTSTK,L&TFH,24-Jun-2021,80,CE,0,0,0,19.75,14.45,0,0,0,0,19-APR-2021,
OPTSTK,L&TFH,24-Jun-2021,82.5,CE,0,0,0,18.2,13,0,0,0,0,19-APR-2021,
OPTSTK,L&TFH,24-Jun-2021,85,CE,0,0,0,16.75,11.7,0,0,0,0,19-APR-2021,
OPTSTK,L&TFH,24-Jun-2021,87.5,CE,0,0,0,15.4,10.45,0,0,0,0,19-APR-2021,
OPTSTK,L&TFH,24-Jun-2021,90,CE,0,0,0,10.7,9.35,0,0,0,0,19-APR-2021,
OPTSTK,L&TFH,24-Jun-2021,92.5,CE,0,0,0,12.9,8.3,0,0,0,0,19-APR-2021,
OPTSTK,L&TFH,24-Jun-2021,95,CE,0,0,0,11.8,7.4,0,0,0,0,19-APR-2021,
OPTSTK,L&TFH,24-Jun-2021,97.5,CE,0,0,0,10.75,6.55,0,0,0,0,19-APR-2021,
OPTSTK,L&TFH,24-Jun-2021,100,CE,0,0,0,9.8,5.8,0,0,0,0,19-APR-2021,
OPTSTK,L&TFH,24-Jun-2021,102.5,CE,0,0,0,8.9,5.1,0,0,0,0,19-APR-2021,
OPTSTK,L&TFH,24-Jun-2021,105,CE,0,0,0,8.1,4.5,0,0,0,0,19-APR-2021,
OPTSTK,L&TFH,24-Jun-2021,107.5,CE,0,0,0,7.35,3.95,0,0,0,0,19-APR-2021,
OPTSTK,L&TFH,24-Jun-2021,110,CE,0,0,0,6.7,3.5,0,0,0,0,19-APR-2021,
OPTSTK,L&TFH,24-Jun-2021,112.5,CE,0,0,0,6.05,3.05,0,0,0,0,19-APR-2021,
OPTSTK,L&TFH,24-Jun-2021,115,CE,0,0,0,5.5,2.65,0,0,0,0,19-APR-2021,
OPTSTK,L&TFH,24-Jun-2021,117.5,CE,0,0,0,4.95,2.35,0,0,0,0,19-APR-2021,
OPTSTK,L&TFH,24-Jun-2021,120,CE,0,0,0,4.5,2.05,0,0,0,0,19-APR-2021,
OPTSTK,L&TFH,24-Jun-2021,122.5,CE,0,0,0,4.05,1.75,0,0,0,0,19-APR-2021,
OPTSTK,L&TFH,24-Jun-2021,125,CE,0,0,0,3.65,1.55,0,0,0,0,19-APR-2021,
OPTSTK,L&TFH,24-Jun-2021,127.5,CE,0,0,0,3.3,1.35,0,0,0,0,19-APR-2021,
OPTSTK,L&TFH,24-Jun-2021,130,CE,0,0,0,2.95,1.15,0,0,0,0,19-APR-2021,
OPTSTK,L&TFH,24-Jun-2021,132.5,CE,0,0,0,2.65,1,0,0,0,0,19-APR-2021,
OPTSTK,L&TFH,24-Jun-2021,65,PE,0,0,0,1.45,1.3,0,0,0,0,19-APR-2021,
OPTSTK,L&TFH,24-Jun-2021,67.5,PE,0,0,0,1.9,1.75,0,0,0,0,19-APR-2021,
OPTSTK,L&TFH,24-Jun-2021,70,PE,0,0,0,2.35,2.25,0,0,0,0,19-APR-2021,
OPTSTK,L&TFH,24-Jun-2021,72.5,PE,0,0,0,2.95,2.9,0,0,0,0,19-APR-2021,
OPTSTK,L&TFH,24-Jun-2021,75,PE,0,0,0,3.6,3.6,0,0,0,0,19-APR-2021,
OPTSTK,L&TFH,24-Jun-2021,77.5,PE,0,0,0,4.35,4.45,0,0,0,0,19-APR-2021,
OPTSTK,L&TFH,24-Jun-2021,80,PE,0,0,0,5.2,5.35,0,0,0,0,19-APR-2021,
OPTSTK,L&TFH,24-Jun-2021,82.5,PE,0,0,0,6.1,6.4,0,0,0,0,19-APR-2021,
OPTSTK,L&TFH,24-Jun-2021,85,PE,0,0,0,7.1,7.55,0,0,0,0,19-APR-2021,
OPTSTK,L&TFH,24-Jun-2021,87.5,PE,0,0,0,8.2,8.8,0,0,0,0,19-APR-2021,
OPTSTK,L&TFH,24-Jun-2021,90,PE,0,0,0,9.4,10.2,0,0,0,0,19-APR-2021,
OPTSTK,L&TFH,24-Jun-2021,92.5,PE,0,0,0,10.7,11.65,0,0,0,0,19-APR-2021,
OPTSTK,L&TFH,24-Jun-2021,95,PE,0,0,0,12.05,13.2,0,0,0,0,19-APR-2021,
OPTSTK,L&TFH,24-Jun-2021,97.5,PE,0,0,0,13.5,14.85,0,0,0,0,19-APR-2021,
OPTSTK,L&TFH,24-Jun-2021,100,PE,0,0,0,15,16.55,0,0,0,0,19-APR-2021,
OPTSTK,L&TFH,24-Jun-2021,102.5,PE,0,0,0,16.6,18.35,0,0,0,0,19-APR-2021,
OPTSTK,L&TFH,24-Jun-2021,105,PE,0,0,0,18.3,20.25,0,0,0,0,19-APR-2021,
OPTSTK,L&TFH,24-Jun-2021,107.5,PE,0,0,0,20,22.2,0,0,0,0,19-APR-2021,
OPTSTK,L&TFH,24-Jun-2021,110,PE,0,0,0,21.8,24.2,0,0,0,0,19-APR-2021,
OPTSTK,L&TFH,24-Jun-2021,112.5,PE,0,0,0,23.65,26.25,0,0,0,0,19-APR-2021,
OPTSTK,L&TFH,24-Jun-2021,115,PE,0,0,0,25.55,28.35,0,0,0,0,19-APR-2021,
OPTSTK,L&TFH,24-Jun-2021,117.5,PE,0,0,0,27.5,30.5,0,0,0,0,19-APR-2021,
OPTSTK,L&TFH,24-Jun-2021,120,PE,0,0,0,29.5,32.65,0,0,0,0,19-APR-2021,
OPTSTK,L&TFH,24-Jun-2021,122.5,PE,0,0,0,31.55,34.9,0,0,0,0,19-APR-2021,
OPTSTK,L&TFH,24-Jun-2021,125,PE,0,0,0,33.65,37.15,0,0,0,0,19-APR-2021,
OPTSTK,L&TFH,24-Jun-2021,127.5,PE,0,0,0,35.75,39.45,0,0,0,0,19-APR-2021,
OPTSTK,L&TFH,24-Jun-2021,130,PE,0,0,0,37.9,41.75,0,0,0,0,19-APR-2021,
OPTSTK,L&TFH,24-Jun-2021,132.5,PE,0,0,0,40.1,44.05,0,0,0,0,19-APR-2021,
OPTSTK,LALPATHLAB,29-Apr-2021,1750,CE,0,0,0,543.3,1249.9,0,0,0,0,19-APR-2021,
OPTSTK,LALPATHLAB,29-Apr-2021,1800,CE,0,0,0,502.5,1199.95,0,0,0,0,19-APR-2021,
OPTSTK,LALPATHLAB,29-Apr-2021,1850,CE,0,0,0,463.3,1150,0,0,0,0,19-APR-2021,
OPTSTK,LALPATHLAB,29-Apr-2021,1900,CE,0,0,0,425.9,1100.05,0,0,0,0,19-APR-2021,
OPTSTK,LALPATHLAB,29-Apr-2021,1950,CE,0,0,0,390.2,1050.1,0,0,0,0,19-APR-2021,
OPTSTK,LALPATHLAB,29-Apr-2021,2000,CE,0,0,0,356.3,1000.15,0,0,0,0,19-APR-2021,
OPTSTK,LALPATHLAB,29-Apr-2021,2050,CE,0,0,0,324.45,950.2,0,0,0,0,19-APR-2021,
OPTSTK,LALPATHLAB,29-Apr-2021,2100,CE,0,0,0,294.55,900.25,0,0,0,0,19-APR-2021,
OPTSTK,LALPATHLAB,29-Apr-2021,2150,CE,0,0,0,266.65,850.3,0,0,0,0,19-APR-2021,
OPTSTK,LALPATHLAB,29-Apr-2021,2200,CE,0,0,0,240.7,800.35,0,0,0,0,19-APR-2021,
OPTSTK,LALPATHLAB,29-Apr-2021,2250,CE,0,0,0,216.65,750.45,0,0,0,0,19-APR-2021,
OPTSTK,LALPATHLAB,29-Apr-2021,2300,CE,0,0,0,240,700.5,0,0,500,0,19-APR-2021,
OPTSTK,LALPATHLAB,29-Apr-2021,2350,CE,0,0,0,174.1,650.65,0,0,0,0,19-APR-2021,
OPTSTK,LALPATHLAB,29-Apr-2021,2400,CE,0,0,0,155.45,600.9,0,0,0,0,19-APR-2021,
OPTSTK,LALPATHLAB,29-Apr-2021,2450,CE,0,0,0,266,551.35,0,0,1000,0,19-APR-2021,
OPTSTK,LALPATHLAB,29-Apr-2021,2500,CE,0,0,0,472.35,502.1,0,0,2750,0,19-APR-2021,
OPTSTK,LALPATHLAB,29-Apr-2021,2550,CE,0,0,0,109.1,453.4,0,0,250,0,19-APR-2021,
OPTSTK,LALPATHLAB,29-Apr-2021,2600,CE,0,0,0,460,405.55,0,0,8500,0,19-APR-2021,
OPTSTK,LALPATHLAB,29-Apr-2021,2650,CE,0,0,0,85.4,358.9,0,0,0,0,19-APR-2021,
OPTSTK,LALPATHLAB,29-Apr-2021,2700,CE,344.6,344.6,344.6,344.6,313.9,2,15.22,10000,-500,19-APR-2021,
OPTSTK,LALPATHLAB,29-Apr-2021,2750,CE,0,0,0,131.2,271,0,0,500,0,19-APR-2021,
OPTSTK,LALPATHLAB,29-Apr-2021,2800,CE,0,0,0,311.2,230.75,0,0,6250,0,19-APR-2021,
OPTSTK,LALPATHLAB,29-Apr-2021,2850,CE,0,0,0,276.7,193.5,0,0,1250,0,19-APR-2021,
OPTSTK,LALPATHLAB,29-Apr-2021,2900,CE,155,220,69.5,193.75,193.75,53,408.82,12250,750,19-APR-2021,
OPTSTK,LALPATHLAB,29-Apr-2021,2950,CE,119,200,119,145.85,129.75,24,187.19,3000,-2000,19-APR-2021,
OPTSTK,LALPATHLAB,29-Apr-2021,3000,CE,101.65,174.9,66,141.3,141.3,1665,13085.09,86000,8750,19-APR-2021,
OPTSTK,LALPATHLAB,29-Apr-2021,3050,CE,56.3,149,56.2,117.05,117.05,331,2630.5,14000,6250,19-APR-2021,
OPTSTK,LALPATHLAB,29-Apr-2021,3100,CE,73.05,127,43,97.4,97.4,1975,15834.03,88000,21750,19-APR-2021,
OPTSTK,LALPATHLAB,29-Apr-2021,3150,CE,62.35,108,48.8,79.4,79.4,125,1011.92,13000,2250,19-APR-2021,
OPTSTK,LALPATHLAB,29-Apr-2021,3200,CE,53.6,91,27.25,65.4,65.4,928,7593.29,104750,5250,19-APR-2021,
OPTSTK,LALPATHLAB,29-Apr-2021,3250,CE,20.8,100.45,20.8,57.05,57.05,112,927.15,16000,2750,19-APR-2021,
OPTSTK,LALPATHLAB,29-Apr-2021,3300,CE,28,67.6,17.95,46.45,46.45,589,4935.43,71750,4250,19-APR-2021,
OPTSTK,LALPATHLAB,29-Apr-2021,3350,CE,29.95,56,29.95,37.75,37.75,217,1842.21,22000,5250,19-APR-2021,
OPTSTK,LALPATHLAB,29-Apr-2021,3400,CE,21.05,45,16.95,29.6,29.6,286,2456.6,55000,-3000,19-APR-2021,
OPTSTK,LALPATHLAB,29-Apr-2021,3450,CE,20.65,24.5,20.65,24.5,6.2,3,26.04,1750,0,19-APR-2021,
OPTSTK,LALPATHLAB,29-Apr-2021,3500,CE,10,30,10,19.8,19.8,350,3083.46,86000,250,19-APR-2021,
OPTSTK,LALPATHLAB,29-Apr-2021,3550,CE,0,0,0,18.85,2.75,0,0,250,0,19-APR-2021,
OPTSTK,LALPATHLAB,29-Apr-2021,3600,CE,12.45,21,11.8,14,14,62,560.54,27500,1500,19-APR-2021,
OPTSTK,LALPATHLAB,29-Apr-2021,3650,CE,0,0,0,1.7,1.15,0,0,8500,0,19-APR-2021,
OPTSTK,LALPATHLAB,29-Apr-2021,3700,CE,0,0,0,12.5,0.75,0,0,1750,0,19-APR-2021,
OPTSTK,LALPATHLAB,29-Apr-2021,3750,CE,0,0,0,7.5,0.45,0,0,500,0,19-APR-2021,
OPTSTK,LALPATHLAB,29-Apr-2021,3800,CE,0,0,0,20,0.3,0,0,500,0,19-APR-2021,
OPTSTK,LALPATHLAB,29-Apr-2021,3850,CE,0,0,0,1.6,0.2,0,0,0,0,19-APR-2021,
OPTSTK,LALPATHLAB,29-Apr-2021,1750,PE,0,0,0,31.15,0,0,0,0,0,19-APR-2021,
OPTSTK,LALPATHLAB,29-Apr-2021,1800,PE,0,0,0,39.9,0,0,0,0,0,19-APR-2021,
OPTSTK,LALPATHLAB,29-Apr-2021,1850,PE,0,0,0,50.25,0,0,0,0,0,19-APR-2021,
OPTSTK,LALPATHLAB,29-Apr-2021,1900,PE,0,0,0,62.35,0,0,0,0,0,19-APR-2021,
OPTSTK,LALPATHLAB,29-Apr-2021,1950,PE,0,0,0,76.2,0,0,0,0,0,19-APR-2021,
OPTSTK,LALPATHLAB,29-Apr-2021,2000,PE,0,0,0,91.8,0,0,0,0,0,19-APR-2021,
OPTSTK,LALPATHLAB,29-Apr-2021,2050,PE,0,0,0,109.5,0,0,0,0,0,19-APR-2021,
OPTSTK,LALPATHLAB,29-Apr-2021,2100,PE,0,0,0,129.15,0,0,0,0,0,19-APR-2021,
OPTSTK,LALPATHLAB,29-Apr-2021,2150,PE,0,0,0,150.8,0,0,0,0,0,19-APR-2021,
OPTSTK,LALPATHLAB,29-Apr-2021,2200,PE,3.15,3.15,1,1,0.05,3,16.51,1500,0,19-APR-2021,
OPTSTK,LALPATHLAB,29-Apr-2021,2250,PE,0,0,0,199.85,0.05,0,0,0,0,19-APR-2021,
OPTSTK,LALPATHLAB,29-Apr-2021,2300,PE,0,0,0,8.7,0.1,0,0,1750,0,19-APR-2021,
OPTSTK,LALPATHLAB,29-Apr-2021,2350,PE,0,0,0,256.4,0.15,0,0,0,0,19-APR-2021,
OPTSTK,LALPATHLAB,29-Apr-2021,2400,PE,0,0,0,9,0.35,0,0,4500,0,19-APR-2021,
OPTSTK,LALPATHLAB,29-Apr-2021,2450,PE,0,0,0,319.85,0.75,0,0,0,0,19-APR-2021,
OPTSTK,LALPATHLAB,29-Apr-2021,2500,PE,20,25,9,11.5,11.5,44,276.65,14500,2000,19-APR-2021,
OPTSTK,LALPATHLAB,29-Apr-2021,2550,PE,0,0,0,12.3,2.75,0,0,250,0,19-APR-2021,
OPTSTK,LALPATHLAB,29-Apr-2021,2600,PE,35,42,13.7,16.5,16.5,32,209.92,13750,750,19-APR-2021,
OPTSTK,LALPATHLAB,29-Apr-2021,2650,PE,0,0,0,464.9,8.15,0,0,0,0,19-APR-2021,
OPTSTK,LALPATHLAB,29-Apr-2021,2700,PE,51,51,16.65,30.5,30.5,79,539.2,22500,3000,19-APR-2021,
OPTSTK,LALPATHLAB,29-Apr-2021,2750,PE,0,0,0,544.75,20.15,0,0,0,0,19-APR-2021,
OPTSTK,LALPATHLAB,29-Apr-2021,2800,PE,95,95.05,41.1,52.35,52.35,142,1012.19,20750,3750,19-APR-2021,
OPTSTK,LALPATHLAB,29-Apr-2021,2850,PE,0,0,0,628.55,42.5,0,0,0,0,19-APR-2021,
OPTSTK,LALPATHLAB,29-Apr-2021,2900,PE,130,150,76.65,85.5,85.5,111,829.75,19500,1500,19-APR-2021,
OPTSTK,LALPATHLAB,29-Apr-2021,2950,PE,0,0,0,715.65,78.7,0,0,0,0,19-APR-2021,
OPTSTK,LALPATHLAB,29-Apr-2021,3000,PE,204,204,117,134.7,134.7,93,728.38,15750,-250,19-APR-2021,
OPTSTK,LALPATHLAB,29-Apr-2021,3050,PE,0,0,0,200.65,130.15,0,0,250,0,19-APR-2021,
OPTSTK,LALPATHLAB,29-Apr-2021,3100,PE,201.95,201.95,196.15,196.15,161.45,2,16.49,2000,-500,19-APR-2021,
OPTSTK,LALPATHLAB,29-Apr-2021,3150,PE,0,0,0,255.75,196.2,0,0,0,0,19-APR-2021,
OPTSTK,LALPATHLAB,29-Apr-2021,3200,PE,335.1,335.1,235.6,251.7,234.05,9,77.74,6250,-1000,19-APR-2021,
OPTSTK,LALPATHLAB,29-Apr-2021,3250,PE,362.05,362.05,278.05,278.05,274.5,2,17.85,1000,-250,19-APR-2021,
OPTSTK,LALPATHLAB,29-Apr-2021,3300,PE,0,0,0,410,317.15,0,0,1500,0,19-APR-2021,
OPTSTK,LALPATHLAB,29-Apr-2021,3350,PE,0,0,0,909.85,361.65,0,0,0,0,19-APR-2021,
OPTSTK,LALPATHLAB,29-Apr-2021,3400,PE,0,0,0,447.75,407.6,0,0,1500,0,19-APR-2021,
OPTSTK,LALPATHLAB,29-Apr-2021,3450,PE,0,0,0,1002.8,454.65,0,0,0,0,19-APR-2021,
OPTSTK,LALPATHLAB,29-Apr-2021,3500,PE,0,0,0,1012.8,502.55,0,0,0,0,19-APR-2021,
OPTSTK,LALPATHLAB,29-Apr-2021,3550,PE,0,0,0,949.5,551.1,0,0,0,0,19-APR-2021,
OPTSTK,LALPATHLAB,29-Apr-2021,3600,PE,0,0,0,996.45,600.05,0,0,0,0,19-APR-2021,
OPTSTK,LALPATHLAB,29-Apr-2021,3650,PE,0,0,0,934.45,649.4,0,0,0,0,19-APR-2021,
OPTSTK,LALPATHLAB,29-Apr-2021,3700,PE,0,0,0,983.8,698.9,0,0,0,0,19-APR-2021,
OPTSTK,LALPATHLAB,29-Apr-2021,3750,PE,0,0,0,1010.8,748.6,0,0,0,0,19-APR-2021,
OPTSTK,LALPATHLAB,29-Apr-2021,3800,PE,0,0,0,894.65,798.35,0,0,0,0,19-APR-2021,
OPTSTK,LALPATHLAB,29-Apr-2021,3850,PE,0,0,0,944,848.2,0,0,0,0,19-APR-2021,
OPTSTK,LALPATHLAB,27-May-2021,1750,CE,0,0,0,600,1255.05,0,0,0,0,19-APR-2021,
OPTSTK,LALPATHLAB,27-May-2021,1800,CE,0,0,0,558.4,1205.3,0,0,0,0,19-APR-2021,
OPTSTK,LALPATHLAB,27-May-2021,1850,CE,0,0,0,518.2,1155.6,0,0,0,0,19-APR-2021,
OPTSTK,LALPATHLAB,27-May-2021,1900,CE,0,0,0,479.6,1105.95,0,0,0,0,19-APR-2021,
OPTSTK,LALPATHLAB,27-May-2021,1950,CE,0,0,0,442.7,1056.4,0,0,0,0,19-APR-2021,
OPTSTK,LALPATHLAB,27-May-2021,2000,CE,0,0,0,407.45,1007,0,0,0,0,19-APR-2021,
OPTSTK,LALPATHLAB,27-May-2021,2050,CE,0,0,0,373.9,957.75,0,0,0,0,19-APR-2021,
OPTSTK,LALPATHLAB,27-May-2021,2100,CE,0,0,0,342.35,908.8,0,0,0,0,19-APR-2021,
OPTSTK,LALPATHLAB,27-May-2021,2150,CE,0,0,0,312.6,860.15,0,0,0,0,19-APR-2021,
OPTSTK,LALPATHLAB,27-May-2021,2200,CE,0,0,0,284.75,811.95,0,0,0,0,19-APR-2021,
OPTSTK,LALPATHLAB,27-May-2021,2250,CE,0,0,0,258.7,764.3,0,0,0,0,19-APR-2021,
OPTSTK,LALPATHLAB,27-May-2021,2300,CE,0,0,0,234.5,717.35,0,0,0,0,19-APR-2021,
OPTSTK,LALPATHLAB,27-May-2021,2350,CE,0,0,0,212.05,671.2,0,0,0,0,19-APR-2021,
OPTSTK,LALPATHLAB,27-May-2021,2400,CE,0,0,0,191.3,626.05,0,0,0,0,19-APR-2021,
OPTSTK,LALPATHLAB,27-May-2021,2450,CE,0,0,0,172.2,581.95,0,0,0,0,19-APR-2021,
OPTSTK,LALPATHLAB,27-May-2021,2500,CE,0,0,0,154.7,539.15,0,0,0,0,19-APR-2021,
OPTSTK,LALPATHLAB,27-May-2021,2550,CE,0,0,0,138.65,497.7,0,0,0,0,19-APR-2021,
OPTSTK,LALPATHLAB,27-May-2021,2600,CE,0,0,0,124.05,457.85,0,0,0,0,19-APR-2021,
OPTSTK,LALPATHLAB,27-May-2021,2650,CE,0,0,0,110.8,419.6,0,0,0,0,19-APR-2021,
OPTSTK,LALPATHLAB,27-May-2021,2700,CE,0,0,0,98.9,383.25,0,0,0,0,19-APR-2021,
OPTSTK,LALPATHLAB,27-May-2021,2750,CE,0,0,0,88.05,348.5,0,0,0,0,19-APR-2021,
OPTSTK,LALPATHLAB,27-May-2021,2800,CE,0,0,0,78.25,315.9,0,0,0,0,19-APR-2021,
OPTSTK,LALPATHLAB,27-May-2021,2850,CE,0,0,0,69.35,285.25,0,0,0,0,19-APR-2021,
OPTSTK,LALPATHLAB,27-May-2021,2900,CE,0,0,0,150,256.6,0,0,250,0,19-APR-2021,
OPTSTK,LALPATHLAB,27-May-2021,2950,CE,0,0,0,54.3,230,0,0,0,0,19-APR-2021,
OPTSTK,LALPATHLAB,27-May-2021,3000,CE,0,0,0,47.95,205.35,0,0,0,0,19-APR-2021,
OPTSTK,LALPATHLAB,27-May-2021,3050,CE,0,0,0,42.3,182.7,0,0,0,0,19-APR-2021,
OPTSTK,LALPATHLAB,27-May-2021,3100,CE,0,0,0,37.25,161.95,0,0,0,0,19-APR-2021,
OPTSTK,LALPATHLAB,27-May-2021,3150,CE,0,0,0,32.8,143.1,0,0,0,0,19-APR-2021,
OPTSTK,LALPATHLAB,27-May-2021,3200,CE,0,0,0,200,125.95,0,0,500,0,19-APR-2021,
OPTSTK,LALPATHLAB,27-May-2021,3250,CE,0,0,0,25.3,110.5,0,0,0,0,19-APR-2021,
OPTSTK,LALPATHLAB,27-May-2021,3300,CE,0,0,0,22.15,96.6,0,0,0,0,19-APR-2021,
OPTSTK,LALPATHLAB,27-May-2021,3350,CE,0,0,0,19.8,84.35,0,0,0,0,19-APR-2021,
OPTSTK,LALPATHLAB,27-May-2021,3400,CE,0,0,0,14.6,73.35,0,0,0,0,19-APR-2021,
OPTSTK,LALPATHLAB,27-May-2021,3450,CE,0,0,0,20.85,63.4,0,0,0,0,19-APR-2021,
OPTSTK,LALPATHLAB,27-May-2021,3500,CE,0,0,0,85,54.75,0,0,2250,0,19-APR-2021,
OPTSTK,LALPATHLAB,27-May-2021,3550,CE,0,0,0,15.5,47.15,0,0,0,0,19-APR-2021,
OPTSTK,LALPATHLAB,27-May-2021,3600,CE,0,0,0,12.45,40.5,0,0,0,0,19-APR-2021,
OPTSTK,LALPATHLAB,27-May-2021,3650,CE,0,0,0,15.7,34.65,0,0,0,0,19-APR-2021,
OPTSTK,LALPATHLAB,27-May-2021,3700,CE,0,0,0,13.4,29.6,0,0,0,0,19-APR-2021,
OPTSTK,LALPATHLAB,27-May-2021,3750,CE,0,0,0,10.7,25.2,0,0,0,0,19-APR-2021,
OPTSTK,LALPATHLAB,27-May-2021,3800,CE,0,0,0,19,21.4,0,0,0,0,19-APR-2021,
OPTSTK,LALPATHLAB,27-May-2021,3850,CE,0,0,0,16.25,18.1,0,0,0,0,19-APR-2021,
OPTSTK,LALPATHLAB,27-May-2021,1750,PE,0,0,0,28.45,0.1,0,0,0,0,19-APR-2021,
OPTSTK,LALPATHLAB,27-May-2021,1800,PE,0,0,0,36.4,0.15,0,0,0,0,19-APR-2021,
OPTSTK,LALPATHLAB,27-May-2021,1850,PE,0,0,0,45.75,0.25,0,0,0,0,19-APR-2021,
OPTSTK,LALPATHLAB,27-May-2021,1900,PE,0,0,0,56.65,0.4,0,0,0,0,19-APR-2021,
OPTSTK,LALPATHLAB,27-May-2021,1950,PE,0,0,0,69.3,0.65,0,0,0,0,19-APR-2021,
OPTSTK,LALPATHLAB,27-May-2021,2000,PE,0,0,0,83.6,1.05,0,0,0,0,19-APR-2021,
OPTSTK,LALPATHLAB,27-May-2021,2050,PE,0,0,0,99.6,1.6,0,0,0,0,19-APR-2021,
OPTSTK,LALPATHLAB,27-May-2021,2100,PE,0,0,0,117.55,2.45,0,0,0,0,19-APR-2021,
OPTSTK,LALPATHLAB,27-May-2021,2150,PE,0,0,0,137.35,3.6,0,0,0,0,19-APR-2021,
OPTSTK,LALPATHLAB,27-May-2021,2200,PE,0,0,0,159,5.25,0,0,0,0,19-APR-2021,
OPTSTK,LALPATHLAB,27-May-2021,2250,PE,0,0,0,182.5,7.4,0,0,0,0,19-APR-2021,
OPTSTK,LALPATHLAB,27-May-2021,2300,PE,0,0,0,207.8,10.25,0,0,0,0,19-APR-2021,
OPTSTK,LALPATHLAB,27-May-2021,2350,PE,0,0,0,234.9,13.9,0,0,0,0,19-APR-2021,
OPTSTK,LALPATHLAB,27-May-2021,2400,PE,0,0,0,35.95,18.55,0,0,500,0,19-APR-2021,
OPTSTK,LALPATHLAB,27-May-2021,2450,PE,0,0,0,294.15,24.25,0,0,0,0,19-APR-2021,
OPTSTK,LALPATHLAB,27-May-2021,2500,PE,52,52,43,45,31.25,10,63.62,11500,-1250,19-APR-2021,
OPTSTK,LALPATHLAB,27-May-2021,2550,PE,0,0,0,359.7,39.65,0,0,0,0,19-APR-2021,
OPTSTK,LALPATHLAB,27-May-2021,2600,PE,0,0,0,394.6,49.55,0,0,0,0,19-APR-2021,
OPTSTK,LALPATHLAB,27-May-2021,2650,PE,0,0,0,430.9,61.15,0,0,0,0,19-APR-2021,
OPTSTK,LALPATHLAB,27-May-2021,2700,PE,0,0,0,468.5,74.55,0,0,0,0,19-APR-2021,
OPTSTK,LALPATHLAB,27-May-2021,2750,PE,0,0,0,507.2,89.65,0,0,0,0,19-APR-2021,
OPTSTK,LALPATHLAB,27-May-2021,2800,PE,0,0,0,546.95,106.8,0,0,0,0,19-APR-2021,
OPTSTK,LALPATHLAB,27-May-2021,2850,PE,0,0,0,587.55,125.95,0,0,0,0,19-APR-2021,
OPTSTK,LALPATHLAB,27-May-2021,2900,PE,0,0,0,100,147.15,0,0,500,0,19-APR-2021,
OPTSTK,LALPATHLAB,27-May-2021,2950,PE,0,0,0,671.6,170.35,0,0,0,0,19-APR-2021,
OPTSTK,LALPATHLAB,27-May-2021,3000,PE,0,0,0,220,195.5,0,0,500,0,19-APR-2021,
OPTSTK,LALPATHLAB,27-May-2021,3050,PE,0,0,0,758.65,222.65,0,0,0,0,19-APR-2021,
OPTSTK,LALPATHLAB,27-May-2021,3100,PE,0,0,0,803.15,251.75,0,0,0,0,19-APR-2021,
OPTSTK,LALPATHLAB,27-May-2021,3150,PE,0,0,0,848.2,282.65,0,0,0,0,19-APR-2021,
OPTSTK,LALPATHLAB,27-May-2021,3200,PE,0,0,0,893.8,315.35,0,0,0,0,19-APR-2021,
OPTSTK,LALPATHLAB,27-May-2021,3250,PE,0,0,0,939.8,349.65,0,0,0,0,19-APR-2021,
OPTSTK,LALPATHLAB,27-May-2021,3300,PE,0,0,0,986.2,385.6,0,0,0,0,19-APR-2021,
OPTSTK,LALPATHLAB,27-May-2021,3350,PE,0,0,0,1004.15,423.15,0,0,0,0,19-APR-2021,
OPTSTK,LALPATHLAB,27-May-2021,3400,PE,0,0,0,979.35,461.95,0,0,0,0,19-APR-2021,
OPTSTK,LALPATHLAB,27-May-2021,3450,PE,0,0,0,918.9,501.85,0,0,0,0,19-APR-2021,
OPTSTK,LALPATHLAB,27-May-2021,3500,PE,0,0,0,965.7,543,0,0,0,0,19-APR-2021,
OPTSTK,LALPATHLAB,27-May-2021,3550,PE,0,0,0,1012.85,585.15,0,0,0,0,19-APR-2021,
OPTSTK,LALPATHLAB,27-May-2021,3600,PE,0,0,0,976.3,628.3,0,0,0,0,19-APR-2021,
OPTSTK,LALPATHLAB,27-May-2021,3650,PE,0,0,0,937.4,672.3,0,0,0,0,19-APR-2021,
OPTSTK,LALPATHLAB,27-May-2021,3700,PE,0,0,0,984.8,717,0,0,0,0,19-APR-2021,
OPTSTK,LALPATHLAB,27-May-2021,3750,PE,0,0,0,1009.75,762.4,0,0,0,0,19-APR-2021,
OPTSTK,LALPATHLAB,27-May-2021,3800,PE,0,0,0,900.5,808.45,0,0,0,0,19-APR-2021,
OPTSTK,LALPATHLAB,27-May-2021,3850,PE,0,0,0,947.45,854.95,0,0,0,0,19-APR-2021,
OPTSTK,LALPATHLAB,24-Jun-2021,1750,CE,0,0,0,744.6,1261.15,0,0,0,0,19-APR-2021,
OPTSTK,LALPATHLAB,24-Jun-2021,1800,CE,0,0,0,700,1212.05,0,0,0,0,19-APR-2021,
OPTSTK,LALPATHLAB,24-Jun-2021,1850,CE,0,0,0,656.45,1163.15,0,0,0,0,19-APR-2021,
OPTSTK,LALPATHLAB,24-Jun-2021,1900,CE,0,0,0,614.1,1114.5,0,0,0,0,19-APR-2021,
OPTSTK,LALPATHLAB,24-Jun-2021,1950,CE,0,0,0,573.05,1066.2,0,0,0,0,19-APR-2021,
OPTSTK,LALPATHLAB,24-Jun-2021,2000,CE,0,0,0,533.45,1018.35,0,0,0,0,19-APR-2021,
OPTSTK,LALPATHLAB,24-Jun-2021,2050,CE,0,0,0,495.35,970.95,0,0,0,0,19-APR-2021,
OPTSTK,LALPATHLAB,24-Jun-2021,2100,CE,0,0,0,458.85,924.1,0,0,0,0,19-APR-2021,
OPTSTK,LALPATHLAB,24-Jun-2021,2150,CE,0,0,0,423.95,877.95,0,0,0,0,19-APR-2021,
OPTSTK,LALPATHLAB,24-Jun-2021,2200,CE,0,0,0,390.65,832.55,0,0,0,0,19-APR-2021,
OPTSTK,LALPATHLAB,24-Jun-2021,2250,CE,0,0,0,359.25,788,0,0,0,0,19-APR-2021,
OPTSTK,LALPATHLAB,24-Jun-2021,2300,CE,0,0,0,329.55,744.4,0,0,0,0,19-APR-2021,
OPTSTK,LALPATHLAB,24-Jun-2021,2350,CE,0,0,0,301.65,701.85,0,0,0,0,19-APR-2021,
OPTSTK,LALPATHLAB,24-Jun-2021,2400,CE,0,0,0,275.5,660.4,0,0,0,0,19-APR-2021,
OPTSTK,LALPATHLAB,24-Jun-2021,2450,CE,0,0,0,251,620.15,0,0,0,0,19-APR-2021,
OPTSTK,LALPATHLAB,24-Jun-2021,2500,CE,0,0,0,228.25,581.25,0,0,0,0,19-APR-2021,
OPTSTK,LALPATHLAB,24-Jun-2021,2550,CE,0,0,0,207.1,543.75,0,0,0,0,19-APR-2021,
OPTSTK,LALPATHLAB,24-Jun-2021,2600,CE,0,0,0,187.55,507.55,0,0,0,0,19-APR-2021,
OPTSTK,LALPATHLAB,24-Jun-2021,2650,CE,0,0,0,169.5,472.85,0,0,0,0,19-APR-2021,
OPTSTK,LALPATHLAB,24-Jun-2021,2700,CE,0,0,0,152.9,439.5,0,0,0,0,19-APR-2021,
OPTSTK,LALPATHLAB,24-Jun-2021,2750,CE,0,0,0,137.7,407.85,0,0,0,0,19-APR-2021,
OPTSTK,LALPATHLAB,24-Jun-2021,2800,CE,0,0,0,123.75,377.75,0,0,0,0,19-APR-2021,
OPTSTK,LALPATHLAB,24-Jun-2021,2850,CE,0,0,0,111.2,349.2,0,0,0,0,19-APR-2021,
OPTSTK,LALPATHLAB,24-Jun-2021,2900,CE,0,0,0,99.65,322.2,0,0,0,0,19-APR-2021,
OPTSTK,LALPATHLAB,24-Jun-2021,2950,CE,0,0,0,89.2,296.75,0,0,0,0,19-APR-2021,
OPTSTK,LALPATHLAB,24-Jun-2021,3000,CE,0,0,0,79.6,272.8,0,0,0,0,19-APR-2021,
OPTSTK,LALPATHLAB,24-Jun-2021,3050,CE,0,0,0,71,250.35,0,0,0,0,19-APR-2021,
OPTSTK,LALPATHLAB,24-Jun-2021,3100,CE,0,0,0,63.25,229.35,0,0,0,0,19-APR-2021,
OPTSTK,LALPATHLAB,24-Jun-2021,3150,CE,0,0,0,56.25,209.75,0,0,0,0,19-APR-2021,
OPTSTK,LALPATHLAB,24-Jun-2021,3200,CE,0,0,0,50,191.5,0,0,0,0,19-APR-2021,
OPTSTK,LALPATHLAB,24-Jun-2021,3250,CE,0,0,0,44.35,174.55,0,0,0,0,19-APR-2021,
OPTSTK,LALPATHLAB,24-Jun-2021,3300,CE,0,0,0,39.3,158.85,0,0,0,0,19-APR-2021,
OPTSTK,LALPATHLAB,24-Jun-2021,3350,CE,0,0,0,34.8,144.35,0,0,0,0,19-APR-2021,
OPTSTK,LALPATHLAB,24-Jun-2021,3400,CE,0,0,0,30.75,131,0,0,0,0,19-APR-2021,
OPTSTK,LALPATHLAB,24-Jun-2021,3450,CE,0,0,0,27.2,118.85,0,0,0,0,19-APR-2021,
OPTSTK,LALPATHLAB,24-Jun-2021,3500,CE,0,0,0,32.9,107.55,0,0,0,0,19-APR-2021,
OPTSTK,LALPATHLAB,24-Jun-2021,3550,CE,0,0,0,29.1,97.25,0,0,0,0,19-APR-2021,
OPTSTK,LALPATHLAB,24-Jun-2021,3600,CE,0,0,0,30.2,87.65,0,0,0,0,19-APR-2021,
OPTSTK,LALPATHLAB,24-Jun-2021,3650,CE,0,0,0,36.4,79,0,0,0,0,19-APR-2021,
OPTSTK,LALPATHLAB,24-Jun-2021,3700,CE,0,0,0,32.35,71.15,0,0,0,0,19-APR-2021,
OPTSTK,LALPATHLAB,24-Jun-2021,3750,CE,0,0,0,28.65,63.95,0,0,0,0,19-APR-2021,
OPTSTK,LALPATHLAB,24-Jun-2021,3800,CE,0,0,0,44.3,57.45,0,0,0,0,19-APR-2021,
OPTSTK,LALPATHLAB,24-Jun-2021,3850,CE,0,0,0,39.6,51.5,0,0,0,0,19-APR-2021,
OPTSTK,LALPATHLAB,24-Jun-2021,1750,PE,0,0,0,15.65,1.15,0,0,0,0,19-APR-2021,
OPTSTK,LALPATHLAB,24-Jun-2021,1800,PE,0,0,0,20.55,1.7,0,0,0,0,19-APR-2021,
OPTSTK,LALPATHLAB,24-Jun-2021,1850,PE,0,0,0,26.55,2.5,0,0,0,0,19-APR-2021,
OPTSTK,LALPATHLAB,24-Jun-2021,1900,PE,0,0,0,33.7,3.5,0,0,0,0,19-APR-2021,
OPTSTK,LALPATHLAB,24-Jun-2021,1950,PE,0,0,0,42.2,4.9,0,0,0,0,19-APR-2021,
OPTSTK,LALPATHLAB,24-Jun-2021,2000,PE,0,0,0,52.15,6.65,0,0,0,0,19-APR-2021,
OPTSTK,LALPATHLAB,24-Jun-2021,2050,PE,0,0,0,63.55,8.9,0,0,0,0,19-APR-2021,
OPTSTK,LALPATHLAB,24-Jun-2021,2100,PE,0,0,0,76.6,11.75,0,0,0,0,19-APR-2021,
OPTSTK,LALPATHLAB,24-Jun-2021,2150,PE,0,0,0,91.25,15.25,0,0,0,0,19-APR-2021,
OPTSTK,LALPATHLAB,24-Jun-2021,2200,PE,0,0,0,107.5,19.5,0,0,0,0,19-APR-2021,
OPTSTK,LALPATHLAB,24-Jun-2021,2250,PE,0,0,0,125.6,24.65,0,0,0,0,19-APR-2021,
OPTSTK,LALPATHLAB,24-Jun-2021,2300,PE,0,0,0,145.45,30.7,0,0,0,0,19-APR-2021,
OPTSTK,LALPATHLAB,24-Jun-2021,2350,PE,0,0,0,167.1,37.8,0,0,0,0,19-APR-2021,
OPTSTK,LALPATHLAB,24-Jun-2021,2400,PE,0,0,0,190.45,46,0,0,0,0,19-APR-2021,
OPTSTK,LALPATHLAB,24-Jun-2021,2450,PE,0,0,0,215.5,55.45,0,0,0,0,19-APR-2021,
OPTSTK,LALPATHLAB,24-Jun-2021,2500,PE,0,0,0,242.3,66.2,0,0,0,0,19-APR-2021,
OPTSTK,LALPATHLAB,24-Jun-2021,2550,PE,0,0,0,270.7,78.35,0,0,0,0,19-APR-2021,
OPTSTK,LALPATHLAB,24-Jun-2021,2600,PE,0,0,0,300.65,91.85,0,0,0,0,19-APR-2021,
OPTSTK,LALPATHLAB,24-Jun-2021,2650,PE,0,0,0,332.15,106.75,0,0,0,0,19-APR-2021,
OPTSTK,LALPATHLAB,24-Jun-2021,2700,PE,0,0,0,365.1,123.1,0,0,0,0,19-APR-2021,
OPTSTK,LALPATHLAB,24-Jun-2021,2750,PE,0,0,0,399.4,141.1,0,0,0,0,19-APR-2021,
OPTSTK,LALPATHLAB,24-Jun-2021,2800,PE,0,0,0,435,160.7,0,0,0,0,19-APR-2021,
OPTSTK,LALPATHLAB,24-Jun-2021,2850,PE,0,0,0,471.95,181.8,0,0,0,0,19-APR-2021,
OPTSTK,LALPATHLAB,24-Jun-2021,2900,PE,0,0,0,509.95,204.45,0,0,0,0,19-APR-2021,
OPTSTK,LALPATHLAB,24-Jun-2021,2950,PE,0,0,0,549.05,228.65,0,0,0,0,19-APR-2021,
OPTSTK,LALPATHLAB,24-Jun-2021,3000,PE,0,0,0,589,254.4,0,0,0,0,19-APR-2021,
OPTSTK,LALPATHLAB,24-Jun-2021,3050,PE,0,0,0,629.95,281.6,0,0,0,0,19-APR-2021,
OPTSTK,LALPATHLAB,24-Jun-2021,3100,PE,0,0,0,671.7,310.25,0,0,0,0,19-APR-2021,
OPTSTK,LALPATHLAB,24-Jun-2021,3150,PE,0,0,0,714.25,340.3,0,0,0,0,19-APR-2021,
OPTSTK,LALPATHLAB,24-Jun-2021,3200,PE,0,0,0,757.5,371.75,0,0,0,0,19-APR-2021,
OPTSTK,LALPATHLAB,24-Jun-2021,3250,PE,0,0,0,801.4,404.45,0,0,0,0,19-APR-2021,
OPTSTK,LALPATHLAB,24-Jun-2021,3300,PE,0,0,0,845.9,438.4,0,0,0,0,19-APR-2021,
OPTSTK,LALPATHLAB,24-Jun-2021,3350,PE,0,0,0,890.9,473.55,0,0,0,0,19-APR-2021,
OPTSTK,LALPATHLAB,24-Jun-2021,3400,PE,0,0,0,936.45,509.85,0,0,0,0,19-APR-2021,
OPTSTK,LALPATHLAB,24-Jun-2021,3450,PE,0,0,0,982.4,547.35,0,0,0,0,19-APR-2021,
OPTSTK,LALPATHLAB,24-Jun-2021,3500,PE,0,0,0,930.35,585.75,0,0,0,0,19-APR-2021,
OPTSTK,LALPATHLAB,24-Jun-2021,3550,PE,0,0,0,976.15,625.1,0,0,0,0,19-APR-2021,
OPTSTK,LALPATHLAB,24-Jun-2021,3600,PE,0,0,0,983.8,665.2,0,0,0,0,19-APR-2021,
OPTSTK,LALPATHLAB,24-Jun-2021,3650,PE,0,0,0,947.7,706.2,0,0,0,0,19-APR-2021,
OPTSTK,LALPATHLAB,24-Jun-2021,3700,PE,0,0,0,993.25,748,0,0,0,0,19-APR-2021,
OPTSTK,LALPATHLAB,24-Jun-2021,3750,PE,0,0,0,1017.05,790.45,0,0,0,0,19-APR-2021,
OPTSTK,LALPATHLAB,24-Jun-2021,3800,PE,0,0,0,915,833.6,0,0,0,0,19-APR-2021,
OPTSTK,LALPATHLAB,24-Jun-2021,3850,PE,0,0,0,959.85,877.35,0,0,0,0,19-APR-2021,
OPTSTK,LICHSGFIN,29-Apr-2021,230,CE,0,0,0,168,149.3,0,0,0,0,19-APR-2021,
OPTSTK,LICHSGFIN,29-Apr-2021,240,CE,0,0,0,158.5,139.3,0,0,0,0,19-APR-2021,
OPTSTK,LICHSGFIN,29-Apr-2021,250,CE,0,0,0,149.2,129.3,0,0,0,0,19-APR-2021,
OPTSTK,LICHSGFIN,29-Apr-2021,260,CE,0,0,0,140.05,119.35,0,0,0,0,19-APR-2021,
OPTSTK,LICHSGFIN,29-Apr-2021,270,CE,0,0,0,131.15,109.35,0,0,0,0,19-APR-2021,
OPTSTK,LICHSGFIN,29-Apr-2021,280,CE,0,0,0,122.45,99.35,0,0,0,0,19-APR-2021,
OPTSTK,LICHSGFIN,29-Apr-2021,290,CE,0,0,0,114.05,89.4,0,0,0,0,19-APR-2021,
OPTSTK,LICHSGFIN,29-Apr-2021,300,CE,0,0,0,112,79.45,0,0,2000,0,19-APR-2021,
OPTSTK,LICHSGFIN,29-Apr-2021,310,CE,0,0,0,98.15,69.55,0,0,0,0,19-APR-2021,
OPTSTK,LICHSGFIN,29-Apr-2021,320,CE,0,0,0,90.7,59.85,0,0,0,0,19-APR-2021,
OPTSTK,LICHSGFIN,29-Apr-2021,330,CE,0,0,0,83.6,50.4,0,0,0,0,19-APR-2021,
OPTSTK,LICHSGFIN,29-Apr-2021,340,CE,0,0,0,74,41.45,0,0,2000,0,19-APR-2021,
OPTSTK,LICHSGFIN,29-Apr-2021,350,CE,0,0,0,85.5,33.15,0,0,0,0,19-APR-2021,
OPTSTK,LICHSGFIN,29-Apr-2021,360,CE,23,23,19.5,20.7,25.7,12,91.43,12000,10000,19-APR-2021,
OPTSTK,LICHSGFIN,29-Apr-2021,370,CE,14.25,16.4,12.75,15.5,15.5,38,292.13,44000,22000,19-APR-2021,
OPTSTK,LICHSGFIN,29-Apr-2021,380,CE,12,12.2,8.1,10.05,10.05,850,6626.74,344000,248000,19-APR-2021,
OPTSTK,LICHSGFIN,29-Apr-2021,390,CE,9.6,9.65,5.2,6.05,6.05,478,3787.84,252000,10000,19-APR-2021,
OPTSTK,LICHSGFIN,29-Apr-2021,400,CE,4.95,4.95,3.15,3.5,3.5,783,6323.1,560000,-16000,19-APR-2021,
OPTSTK,LICHSGFIN,29-Apr-2021,410,CE,2.2,3,2,2.1,2.1,296,2441.13,290000,24000,19-APR-2021,
OPTSTK,LICHSGFIN,29-Apr-2021,420,CE,1.35,2.05,1.05,1.3,1.3,312,2630.21,630000,-62000,19-APR-2021,
OPTSTK,LICHSGFIN,29-Apr-2021,430,CE,2.3,2.3,0.9,1,1,316,2724.63,1244000,-26000,19-APR-2021,
OPTSTK,LICHSGFIN,29-Apr-2021,440,CE,1.45,1.45,0.65,0.8,0.8,137,1207.83,818000,-10000,19-APR-2021,
OPTSTK,LICHSGFIN,29-Apr-2021,450,CE,0.75,0.75,0.55,0.6,0.6,147,1324.86,650000,-60000,19-APR-2021,
OPTSTK,LICHSGFIN,29-Apr-2021,460,CE,0.55,0.65,0.4,0.4,0.4,35,322.37,290000,-20000,19-APR-2021,
OPTSTK,LICHSGFIN,29-Apr-2021,470,CE,0.6,0.6,0.4,0.5,0.5,15,141.14,134000,-12000,19-APR-2021,
OPTSTK,LICHSGFIN,29-Apr-2021,480,CE,0.25,0.25,0.2,0.25,0.25,12,115.25,196000,-10000,19-APR-2021,
OPTSTK,LICHSGFIN,29-Apr-2021,490,CE,0.35,0.35,0.35,0.35,0.05,1,9.8,52000,0,19-APR-2021,
OPTSTK,LICHSGFIN,29-Apr-2021,500,CE,0.3,0.3,0.1,0.25,0.25,26,260.11,380000,-28000,19-APR-2021,
OPTSTK,LICHSGFIN,29-Apr-2021,510,CE,0.25,0.25,0.05,0.1,0.05,4,40.8,12000,0,19-APR-2021,
OPTSTK,LICHSGFIN,29-Apr-2021,520,CE,0.15,0.15,0.15,0.15,0,1,10.4,8000,-2000,19-APR-2021,
OPTSTK,LICHSGFIN,29-Apr-2021,530,CE,0,0,0,10.85,0,0,0,0,0,19-APR-2021,
OPTSTK,LICHSGFIN,29-Apr-2021,540,CE,0.05,0.1,0.05,0.1,0,5,54,24000,-8000,19-APR-2021,
OPTSTK,LICHSGFIN,29-Apr-2021,550,CE,0,0,0,8.6,0,0,0,0,0,19-APR-2021,
OPTSTK,LICHSGFIN,29-Apr-2021,560,CE,0,0,0,7.25,0,0,0,0,0,19-APR-2021,
OPTSTK,LICHSGFIN,29-Apr-2021,230,PE,0,0,0,0.1,0,0,0,4000,0,19-APR-2021,
OPTSTK,LICHSGFIN,29-Apr-2021,240,PE,0,0,0,1.35,0,0,0,0,0,19-APR-2021,
OPTSTK,LICHSGFIN,29-Apr-2021,250,PE,0,0,0,0.05,0,0,0,0,0,19-APR-2021,
OPTSTK,LICHSGFIN,29-Apr-2021,260,PE,0,0,0,2.7,0,0,0,0,0,19-APR-2021,
OPTSTK,LICHSGFIN,29-Apr-2021,270,PE,0,0,0,3.7,0,0,0,0,0,19-APR-2021,
OPTSTK,LICHSGFIN,29-Apr-2021,280,PE,0,0,0,0.45,0.05,0,0,4000,0,19-APR-2021,
OPTSTK,LICHSGFIN,29-Apr-2021,290,PE,0,0,0,6.4,0.05,0,0,0,0,19-APR-2021,
OPTSTK,LICHSGFIN,29-Apr-2021,300,PE,0,0,0,0.5,0.1,0,0,6000,0,19-APR-2021,
OPTSTK,LICHSGFIN,29-Apr-2021,310,PE,0,0,0,10.3,0.2,0,0,0,0,19-APR-2021,
OPTSTK,LICHSGFIN,29-Apr-2021,320,PE,2.4,2.4,0.75,0.9,0.9,13,83.5,80000,8000,19-APR-2021,
OPTSTK,LICHSGFIN,29-Apr-2021,330,PE,2.95,2.95,0.65,0.65,0.65,2,13.27,12000,0,19-APR-2021,
OPTSTK,LICHSGFIN,29-Apr-2021,340,PE,4,4.1,0.9,1.65,1.65,158,1081,90000,40000,19-APR-2021,
OPTSTK,LICHSGFIN,29-Apr-2021,350,PE,3.65,3.9,2.3,2.55,2.55,380,2684.54,282000,46000,19-APR-2021,
OPTSTK,LICHSGFIN,29-Apr-2021,360,PE,5,6.45,3.65,4.1,4.1,382,2789.1,172000,10000,19-APR-2021,
OPTSTK,LICHSGFIN,29-Apr-2021,370,PE,9.8,10.1,6.15,6.8,6.8,683,5168.6,292000,28000,19-APR-2021,
OPTSTK,LICHSGFIN,29-Apr-2021,380,PE,9.75,15.55,9.75,10.85,10.85,827,6493.85,454000,36000,19-APR-2021,
OPTSTK,LICHSGFIN,29-Apr-2021,390,PE,16,21.8,15.95,16.9,16.9,123,1005.69,214000,-68000,19-APR-2021,
OPTSTK,LICHSGFIN,29-Apr-2021,400,PE,25,30.15,24.55,26,27.15,23,196.42,622000,-8000,19-APR-2021,
OPTSTK,LICHSGFIN,29-Apr-2021,410,PE,33.55,38.3,32.5,32.75,32.75,11,98.15,168000,-16000,19-APR-2021,
OPTSTK,LICHSGFIN,29-Apr-2021,420,PE,41.3,46.9,41.3,46.2,43.25,12,111.54,282000,-20000,19-APR-2021,
OPTSTK,LICHSGFIN,29-Apr-2021,430,PE,51.05,57.1,51,51.55,51.55,12,116.13,76000,-10000,19-APR-2021,
OPTSTK,LICHSGFIN,29-Apr-2021,440,PE,0,0,0,50.7,61.5,0,0,30000,0,19-APR-2021,
OPTSTK,LICHSGFIN,29-Apr-2021,450,PE,0,0,0,71,71.05,0,0,18000,0,19-APR-2021,
OPTSTK,LICHSGFIN,29-Apr-2021,460,PE,0,0,0,74.4,80.8,0,0,14000,0,19-APR-2021,
OPTSTK,LICHSGFIN,29-Apr-2021,470,PE,0,0,0,59,90.65,0,0,2000,0,19-APR-2021,
OPTSTK,LICHSGFIN,29-Apr-2021,480,PE,0,0,0,70,100.55,0,0,4000,0,19-APR-2021,
OPTSTK,LICHSGFIN,29-Apr-2021,490,PE,0,0,0,107.65,110.5,0,0,0,0,19-APR-2021,
OPTSTK,LICHSGFIN,29-Apr-2021,500,PE,0,0,0,108.7,120.5,0,0,22000,0,19-APR-2021,
OPTSTK,LICHSGFIN,29-Apr-2021,510,PE,0,0,0,124,130.45,0,0,0,0,19-APR-2021,
OPTSTK,LICHSGFIN,29-Apr-2021,520,PE,0,0,0,132.4,140.45,0,0,0,0,19-APR-2021,
OPTSTK,LICHSGFIN,29-Apr-2021,530,PE,0,0,0,141,150.45,0,0,0,0,19-APR-2021,
OPTSTK,LICHSGFIN,29-Apr-2021,540,PE,0,0,0,149.7,160.45,0,0,0,0,19-APR-2021,
OPTSTK,LICHSGFIN,29-Apr-2021,550,PE,0,0,0,158.55,170.4,0,0,0,0,19-APR-2021,
OPTSTK,LICHSGFIN,29-Apr-2021,560,PE,0,0,0,166.55,180.4,0,0,0,0,19-APR-2021,
OPTSTK,LICHSGFIN,27-May-2021,290,CE,0,0,0,166.65,92.05,0,0,0,0,19-APR-2021,
OPTSTK,LICHSGFIN,27-May-2021,300,CE,0,0,0,157.6,83.05,0,0,0,0,19-APR-2021,
OPTSTK,LICHSGFIN,27-May-2021,310,CE,0,0,0,148.75,74.45,0,0,0,0,19-APR-2021,
OPTSTK,LICHSGFIN,27-May-2021,320,CE,0,0,0,140.15,66.2,0,0,0,0,19-APR-2021,
OPTSTK,LICHSGFIN,27-May-2021,330,CE,0,0,0,131.8,58.45,0,0,0,0,19-APR-2021,
OPTSTK,LICHSGFIN,27-May-2021,340,CE,0,0,0,123.65,51.2,0,0,0,0,19-APR-2021,
OPTSTK,LICHSGFIN,27-May-2021,350,CE,0,0,0,115.8,44.5,0,0,0,0,19-APR-2021,
OPTSTK,LICHSGFIN,27-May-2021,360,CE,0,0,0,108.25,38.4,0,0,0,0,19-APR-2021,
OPTSTK,LICHSGFIN,27-May-2021,370,CE,19.65,19.65,19.65,19.65,32.9,1,7.79,2000,2000,19-APR-2021,
OPTSTK,LICHSGFIN,27-May-2021,380,CE,18,18,18,18,27.95,1,7.96,4000,2000,19-APR-2021,
OPTSTK,LICHSGFIN,27-May-2021,390,CE,11.95,15.4,11.95,13.5,23.6,3,24.21,6000,2000,19-APR-2021,
OPTSTK,LICHSGFIN,27-May-2021,400,CE,15.45,15.45,11.45,13.2,13.2,30,247.56,50000,22000,19-APR-2021,
OPTSTK,LICHSGFIN,27-May-2021,410,CE,0,0,0,13.25,16.45,0,0,10000,0,19-APR-2021,
OPTSTK,LICHSGFIN,27-May-2021,420,CE,0,0,0,69.5,13.6,0,0,0,0,19-APR-2021,
OPTSTK,LICHSGFIN,27-May-2021,430,CE,0,0,0,64.2,11.2,0,0,0,0,19-APR-2021,
OPTSTK,LICHSGFIN,27-May-2021,440,CE,4,4,3.1,3.1,9.15,2,17.74,10000,0,19-APR-2021,
OPTSTK,LICHSGFIN,27-May-2021,450,CE,3.2,4,3.2,3.6,7.4,23,208.67,18000,12000,19-APR-2021,
OPTSTK,LICHSGFIN,27-May-2021,460,CE,0,0,0,50.1,6,0,0,0,0,19-APR-2021,
OPTSTK,LICHSGFIN,27-May-2021,470,CE,0,0,0,45.95,4.8,0,0,0,0,19-APR-2021,
OPTSTK,LICHSGFIN,27-May-2021,480,CE,0,0,0,42.15,3.85,0,0,0,0,19-APR-2021,
OPTSTK,LICHSGFIN,27-May-2021,490,CE,0,0,0,38.6,3.05,0,0,0,0,19-APR-2021,
OPTSTK,LICHSGFIN,27-May-2021,500,CE,0,0,0,35.3,2.4,0,0,0,0,19-APR-2021,
OPTSTK,LICHSGFIN,27-May-2021,510,CE,0,0,0,32.25,1.9,0,0,0,0,19-APR-2021,
OPTSTK,LICHSGFIN,27-May-2021,520,CE,0,0,0,29.4,1.5,0,0,0,0,19-APR-2021,
OPTSTK,LICHSGFIN,27-May-2021,530,CE,0,0,0,26.85,1.2,0,0,0,0,19-APR-2021,
OPTSTK,LICHSGFIN,27-May-2021,540,CE,0,0,0,24.45,0.9,0,0,0,0,19-APR-2021,
OPTSTK,LICHSGFIN,27-May-2021,550,CE,0,0,0,22.25,0.7,0,0,0,0,19-APR-2021,
OPTSTK,LICHSGFIN,27-May-2021,560,CE,0,0,0,20.25,0.55,0,0,0,0,19-APR-2021,
OPTSTK,LICHSGFIN,27-May-2021,290,PE,0,0,0,2.7,1.9,0,0,0,0,19-APR-2021,
OPTSTK,LICHSGFIN,27-May-2021,300,PE,2.25,2.4,2,2.2,2.85,11,66.46,18000,16000,19-APR-2021,
OPTSTK,LICHSGFIN,27-May-2021,310,PE,0,0,0,4.65,4.2,0,0,0,0,19-APR-2021,
OPTSTK,LICHSGFIN,27-May-2021,320,PE,0,0,0,5.95,5.9,0,0,0,0,19-APR-2021,
OPTSTK,LICHSGFIN,27-May-2021,330,PE,0,0,0,7.45,8.1,0,0,0,0,19-APR-2021,
OPTSTK,LICHSGFIN,27-May-2021,340,PE,0,0,0,7.9,10.85,0,0,10000,0,19-APR-2021,
OPTSTK,LICHSGFIN,27-May-2021,350,PE,10,10,10,10,14.1,1,7.2,16000,2000,19-APR-2021,
OPTSTK,LICHSGFIN,27-May-2021,360,PE,13.85,13.85,13.85,13.85,17.95,1,7.47,2000,2000,19-APR-2021,
OPTSTK,LICHSGFIN,27-May-2021,370,PE,0,0,0,16.3,22.4,0,0,0,0,19-APR-2021,
OPTSTK,LICHSGFIN,27-May-2021,380,PE,0,0,0,19.3,27.45,0,0,0,0,19-APR-2021,
OPTSTK,LICHSGFIN,27-May-2021,390,PE,0,0,0,22.55,33.05,0,0,0,0,19-APR-2021,
OPTSTK,LICHSGFIN,27-May-2021,400,PE,25,25,25,25,25,2,17,10000,4000,19-APR-2021,
OPTSTK,LICHSGFIN,27-May-2021,410,PE,0,0,0,30.1,45.8,0,0,0,0,19-APR-2021,
OPTSTK,LICHSGFIN,27-May-2021,420,PE,0,0,0,36,52.9,0,0,2000,0,19-APR-2021,
OPTSTK,LICHSGFIN,27-May-2021,430,PE,0,0,0,38.95,60.45,0,0,0,0,19-APR-2021,
OPTSTK,LICHSGFIN,27-May-2021,440,PE,0,0,0,43.85,68.35,0,0,0,0,19-APR-2021,
OPTSTK,LICHSGFIN,27-May-2021,450,PE,0,0,0,49.05,76.6,0,0,0,0,19-APR-2021,
OPTSTK,LICHSGFIN,27-May-2021,460,PE,0,0,0,54.55,85.15,0,0,0,0,19-APR-2021,
OPTSTK,LICHSGFIN,27-May-2021,470,PE,0,0,0,60.35,93.95,0,0,0,0,19-APR-2021,
OPTSTK,LICHSGFIN,27-May-2021,480,PE,0,0,0,66.45,102.9,0,0,0,0,19-APR-2021,
OPTSTK,LICHSGFIN,27-May-2021,490,PE,0,0,0,72.8,112.1,0,0,0,0,19-APR-2021,
OPTSTK,LICHSGFIN,27-May-2021,500,PE,0,0,0,79.4,121.4,0,0,0,0,19-APR-2021,
OPTSTK,LICHSGFIN,27-May-2021,510,PE,0,0,0,86.25,130.85,0,0,0,0,19-APR-2021,
OPTSTK,LICHSGFIN,27-May-2021,520,PE,0,0,0,93.35,140.4,0,0,0,0,19-APR-2021,
OPTSTK,LICHSGFIN,27-May-2021,530,PE,0,0,0,100.65,150.05,0,0,0,0,19-APR-2021,
OPTSTK,LICHSGFIN,27-May-2021,540,PE,0,0,0,108.15,159.75,0,0,0,0,19-APR-2021,
OPTSTK,LICHSGFIN,27-May-2021,550,PE,0,0,0,115.9,169.5,0,0,0,0,19-APR-2021,
OPTSTK,LICHSGFIN,27-May-2021,560,PE,0,0,0,123.75,179.3,0,0,0,0,19-APR-2021,
OPTSTK,LICHSGFIN,24-Jun-2021,290,CE,0,0,0,130.3,96.15,0,0,0,0,19-APR-2021,
OPTSTK,LICHSGFIN,24-Jun-2021,300,CE,0,0,0,121.8,87.9,0,0,0,0,19-APR-2021,
OPTSTK,LICHSGFIN,24-Jun-2021,310,CE,0,0,0,113.6,80.05,0,0,0,0,19-APR-2021,
OPTSTK,LICHSGFIN,24-Jun-2021,320,CE,0,0,0,105.7,72.65,0,0,0,0,19-APR-2021,
OPTSTK,LICHSGFIN,24-Jun-2021,330,CE,0,0,0,98.1,65.6,0,0,0,0,19-APR-2021,
OPTSTK,LICHSGFIN,24-Jun-2021,340,CE,0,0,0,90.85,59,0,0,0,0,19-APR-2021,
OPTSTK,LICHSGFIN,24-Jun-2021,350,CE,0,0,0,83.95,52.9,0,0,0,0,19-APR-2021,
OPTSTK,LICHSGFIN,24-Jun-2021,360,CE,0,0,0,77.35,47.2,0,0,0,0,19-APR-2021,
OPTSTK,LICHSGFIN,24-Jun-2021,370,CE,0,0,0,71.15,42,0,0,0,0,19-APR-2021,
OPTSTK,LICHSGFIN,24-Jun-2021,380,CE,0,0,0,65.3,37.2,0,0,0,0,19-APR-2021,
OPTSTK,LICHSGFIN,24-Jun-2021,390,CE,0,0,0,59.85,32.9,0,0,0,0,19-APR-2021,
OPTSTK,LICHSGFIN,24-Jun-2021,400,CE,0,0,0,54.7,28.95,0,0,0,0,19-APR-2021,
OPTSTK,LICHSGFIN,24-Jun-2021,410,CE,0,0,0,49.9,25.4,0,0,0,0,19-APR-2021,
OPTSTK,LICHSGFIN,24-Jun-2021,420,CE,0,0,0,45.5,22.2,0,0,0,0,19-APR-2021,
OPTSTK,LICHSGFIN,24-Jun-2021,430,CE,0,0,0,41.35,19.4,0,0,0,0,19-APR-2021,
OPTSTK,LICHSGFIN,24-Jun-2021,440,CE,0,0,0,37.55,16.9,0,0,0,0,19-APR-2021,
OPTSTK,LICHSGFIN,24-Jun-2021,450,CE,0,0,0,34.05,14.65,0,0,0,0,19-APR-2021,
OPTSTK,LICHSGFIN,24-Jun-2021,460,CE,0,0,0,30.8,12.7,0,0,0,0,19-APR-2021,
OPTSTK,LICHSGFIN,24-Jun-2021,470,CE,0,0,0,27.85,10.95,0,0,0,0,19-APR-2021,
OPTSTK,LICHSGFIN,24-Jun-2021,480,CE,0,0,0,25.1,9.45,0,0,0,0,19-APR-2021,
OPTSTK,LICHSGFIN,24-Jun-2021,490,CE,0,0,0,22.65,8.1,0,0,0,0,19-APR-2021,
OPTSTK,LICHSGFIN,24-Jun-2021,500,CE,0,0,0,20.4,6.95,0,0,0,0,19-APR-2021,
OPTSTK,LICHSGFIN,24-Jun-2021,510,CE,0,0,0,18.35,5.95,0,0,0,0,19-APR-2021,
OPTSTK,LICHSGFIN,24-Jun-2021,520,CE,0,0,0,16.5,5.1,0,0,0,0,19-APR-2021,
OPTSTK,LICHSGFIN,24-Jun-2021,530,CE,0,0,0,14.8,4.35,0,0,0,0,19-APR-2021,
OPTSTK,LICHSGFIN,24-Jun-2021,540,CE,0,0,0,13.25,3.7,0,0,0,0,19-APR-2021,
OPTSTK,LICHSGFIN,24-Jun-2021,550,CE,0,0,0,11.9,3.15,0,0,0,0,19-APR-2021,
OPTSTK,LICHSGFIN,24-Jun-2021,560,CE,0,0,0,10.65,2.7,0,0,0,0,19-APR-2021,
OPTSTK,LICHSGFIN,24-Jun-2021,290,PE,0,0,0,4.8,5.1,0,0,0,0,19-APR-2021,
OPTSTK,LICHSGFIN,24-Jun-2021,300,PE,0,0,0,6.2,6.85,0,0,0,0,19-APR-2021,
OPTSTK,LICHSGFIN,24-Jun-2021,310,PE,0,0,0,7.9,8.9,0,0,0,0,19-APR-2021,
OPTSTK,LICHSGFIN,24-Jun-2021,320,PE,0,0,0,9.9,11.4,0,0,0,0,19-APR-2021,
OPTSTK,LICHSGFIN,24-Jun-2021,330,PE,0,0,0,12.25,14.35,0,0,0,0,19-APR-2021,
OPTSTK,LICHSGFIN,24-Jun-2021,340,PE,0,0,0,14.9,17.65,0,0,0,0,19-APR-2021,
OPTSTK,LICHSGFIN,24-Jun-2021,350,PE,11,11,11,11,21.45,5,36.1,12000,10000,19-APR-2021,
OPTSTK,LICHSGFIN,24-Jun-2021,360,PE,16,16,16,16,25.75,1,7.52,4000,0,19-APR-2021,
OPTSTK,LICHSGFIN,24-Jun-2021,370,PE,0,0,0,24.9,30.45,0,0,0,0,19-APR-2021,
OPTSTK,LICHSGFIN,24-Jun-2021,380,PE,0,0,0,29,35.6,0,0,0,0,19-APR-2021,
OPTSTK,LICHSGFIN,24-Jun-2021,390,PE,0,0,0,33.4,41.2,0,0,0,0,19-APR-2021,
OPTSTK,LICHSGFIN,24-Jun-2021,400,PE,0,0,0,38.2,47.2,0,0,0,0,19-APR-2021,
OPTSTK,LICHSGFIN,24-Jun-2021,410,PE,0,0,0,43.3,53.6,0,0,0,0,19-APR-2021,
OPTSTK,LICHSGFIN,24-Jun-2021,420,PE,0,0,0,48.75,60.35,0,0,0,0,19-APR-2021,
OPTSTK,LICHSGFIN,24-Jun-2021,430,PE,0,0,0,54.55,67.4,0,0,0,0,19-APR-2021,
OPTSTK,LICHSGFIN,24-Jun-2021,440,PE,0,0,0,60.65,74.85,0,0,0,0,19-APR-2021,
OPTSTK,LICHSGFIN,24-Jun-2021,450,PE,0,0,0,67.05,82.55,0,0,0,0,19-APR-2021,
OPTSTK,LICHSGFIN,24-Jun-2021,460,PE,0,0,0,73.7,90.55,0,0,0,0,19-APR-2021,
OPTSTK,LICHSGFIN,24-Jun-2021,470,PE,0,0,0,80.65,98.7,0,0,0,0,19-APR-2021,
OPTSTK,LICHSGFIN,24-Jun-2021,480,PE,0,0,0,87.85,107.15,0,0,0,0,19-APR-2021,
OPTSTK,LICHSGFIN,24-Jun-2021,490,PE,0,0,0,95.3,115.75,0,0,0,0,19-APR-2021,
OPTSTK,LICHSGFIN,24-Jun-2021,500,PE,0,0,0,102.95,124.55,0,0,0,0,19-APR-2021,
OPTSTK,LICHSGFIN,24-Jun-2021,510,PE,0,0,0,110.8,133.45,0,0,0,0,19-APR-2021,
OPTSTK,LICHSGFIN,24-Jun-2021,520,PE,0,0,0,118.85,142.55,0,0,0,0,19-APR-2021,
OPTSTK,LICHSGFIN,24-Jun-2021,530,PE,0,0,0,127.05,151.7,0,0,0,0,19-APR-2021,
OPTSTK,LICHSGFIN,24-Jun-2021,540,PE,0,0,0,135.45,161,0,0,0,0,19-APR-2021,
OPTSTK,LICHSGFIN,24-Jun-2021,550,PE,0,0,0,143.95,170.4,0,0,0,0,19-APR-2021,
OPTSTK,LICHSGFIN,24-Jun-2021,560,PE,0,0,0,152.65,179.85,0,0,0,0,19-APR-2021,
OPTSTK,LT,29-Apr-2021,820,CE,0,0,0,533.45,491.3,0,0,0,0,19-APR-2021,
OPTSTK,LT,29-Apr-2021,840,CE,0,0,0,513.85,471.3,0,0,0,0,19-APR-2021,
OPTSTK,LT,29-Apr-2021,860,CE,0,0,0,494.3,451.3,0,0,0,0,19-APR-2021,
OPTSTK,LT,29-Apr-2021,880,CE,0,0,0,474.85,431.35,0,0,0,0,19-APR-2021,
OPTSTK,LT,29-Apr-2021,900,CE,0,0,0,455.55,411.35,0,0,0,0,19-APR-2021,
OPTSTK,LT,29-Apr-2021,920,CE,0,0,0,436.4,391.4,0,0,0,0,19-APR-2021,
OPTSTK,LT,29-Apr-2021,940,CE,0,0,0,417.35,371.4,0,0,0,0,19-APR-2021,
OPTSTK,LT,29-Apr-2021,960,CE,0,0,0,416.3,351.4,0,0,575,0,19-APR-2021,
OPTSTK,LT,29-Apr-2021,980,CE,0,0,0,379.95,331.45,0,0,0,0,19-APR-2021,
OPTSTK,LT,29-Apr-2021,1000,CE,0,0,0,406,311.45,0,0,1150,0,19-APR-2021,
OPTSTK,LT,29-Apr-2021,1020,CE,0,0,0,343.6,291.5,0,0,0,0,19-APR-2021,
OPTSTK,LT,29-Apr-2021,1040,CE,0,0,0,325.9,271.5,0,0,0,0,19-APR-2021,
OPTSTK,LT,29-Apr-2021,1060,CE,0,0,0,308.55,251.55,0,0,0,0,19-APR-2021,
OPTSTK,LT,29-Apr-2021,1080,CE,0,0,0,291.6,231.6,0,0,0,0,19-APR-2021,
OPTSTK,LT,29-Apr-2021,1100,CE,0,0,0,275.05,211.7,0,0,0,0,19-APR-2021,
OPTSTK,LT,29-Apr-2021,1120,CE,0,0,0,259,191.85,0,0,0,0,19-APR-2021,
OPTSTK,LT,29-Apr-2021,1140,CE,0,0,0,243.4,172.2,0,0,0,0,19-APR-2021,
OPTSTK,LT,29-Apr-2021,1160,CE,0,0,0,228.3,152.8,0,0,0,0,19-APR-2021,
OPTSTK,LT,29-Apr-2021,1180,CE,0,0,0,213.8,133.8,0,0,0,0,19-APR-2021,
OPTSTK,LT,29-Apr-2021,1200,CE,0,0,0,171,115.45,0,0,1725,0,19-APR-2021,
OPTSTK,LT,29-Apr-2021,1220,CE,0,0,0,172,97.95,0,0,0,0,19-APR-2021,
OPTSTK,LT,29-Apr-2021,1240,CE,0,0,0,173.45,81.6,0,0,0,0,19-APR-2021,
OPTSTK,LT,29-Apr-2021,1260,CE,0,0,0,161.2,66.6,0,0,0,0,19-APR-2021,
OPTSTK,LT,29-Apr-2021,1280,CE,0,0,0,149.5,53.2,0,0,0,0,19-APR-2021,
OPTSTK,LT,29-Apr-2021,1300,CE,54.55,58.5,36.2,38.2,38.2,142,1095.21,69000,32200,19-APR-2021,
OPTSTK,LT,29-Apr-2021,1320,CE,59,59,25.8,27.25,27.25,357,2768.83,84525,73025,19-APR-2021,
OPTSTK,LT,29-Apr-2021,1340,CE,31,33.9,17.9,18.9,18.9,1367,10723.58,138000,89700,19-APR-2021,
OPTSTK,LT,29-Apr-2021,1360,CE,29.5,31,11.85,12.6,12.6,1837,14542.65,194350,92575,19-APR-2021,
OPTSTK,LT,29-Apr-2021,1380,CE,18.35,20,7.85,8.3,8.3,1617,12936.92,263350,50025,19-APR-2021,
OPTSTK,LT,29-Apr-2021,1400,CE,9.05,13.9,5.25,5.65,5.65,2316,18742.52,738875,287500,19-APR-2021,
OPTSTK,LT,29-Apr-2021,1420,CE,5,6.75,3.5,3.85,3.85,736,6029.99,322575,-10350,19-APR-2021,
OPTSTK,LT,29-Apr-2021,1440,CE,5.65,5.65,2.25,2.85,2.85,645,5353.32,305325,-18400,19-APR-2021,
OPTSTK,LT,29-Apr-2021,1460,CE,2.35,3.2,2,2.2,2.2,451,3792.83,376625,5175,19-APR-2021,
OPTSTK,LT,29-Apr-2021,1480,CE,1.55,2.7,1.55,1.95,1.95,150,1278.25,178250,-13225,19-APR-2021,
OPTSTK,LT,29-Apr-2021,1500,CE,1.5,2,1.2,1.6,1.6,444,3833.65,639400,-50600,19-APR-2021,
OPTSTK,LT,29-Apr-2021,1520,CE,0.9,1.5,0.8,1.2,1.2,116,1014.59,127650,-11500,19-APR-2021,
OPTSTK,LT,29-Apr-2021,1540,CE,0.55,0.8,0.45,0.7,0.7,84,744.12,181125,-11500,19-APR-2021,
OPTSTK,LT,29-Apr-2021,1560,CE,0.7,0.75,0.55,0.65,0.65,19,170.5,119600,-9775,19-APR-2021,
OPTSTK,LT,29-Apr-2021,1580,CE,0.55,0.85,0.55,0.55,0.1,11,99.98,40825,-2875,19-APR-2021,
OPTSTK,LT,29-Apr-2021,1600,CE,0.55,1,0.4,0.45,0.45,90,828.29,250700,-24725,19-APR-2021,
OPTSTK,LT,29-Apr-2021,1620,CE,1.4,1.4,0.4,0.55,0.05,17,158.46,42550,1150,19-APR-2021,
OPTSTK,LT,29-Apr-2021,1640,CE,0,0,0,0.7,0.05,0,0,19550,0,19-APR-2021,
OPTSTK,LT,29-Apr-2021,1660,CE,0.2,0.2,0.2,0.2,0.05,1,9.54,16100,-575,19-APR-2021,
OPTSTK,LT,29-Apr-2021,1680,CE,0,0,0,23.65,0,0,0,0,0,19-APR-2021,
OPTSTK,LT,29-Apr-2021,1700,CE,0.25,1.1,0.25,0.3,0,4,39.11,23575,-1150,19-APR-2021,
OPTSTK,LT,29-Apr-2021,1720,CE,0,0,0,19.05,0,0,0,0,0,19-APR-2021,
OPTSTK,LT,29-Apr-2021,1740,CE,0,0,0,17.1,0,0,0,0,0,19-APR-2021,
OPTSTK,LT,29-Apr-2021,1760,CE,0,0,0,15.3,0,0,0,0,0,19-APR-2021,
OPTSTK,LT,29-Apr-2021,1780,CE,0,0,0,13.7,0,0,0,0,0,19-APR-2021,
OPTSTK,LT,29-Apr-2021,1800,CE,0.45,0.45,0.35,0.45,0.45,23,238.1,38525,-11500,19-APR-2021,
OPTSTK,LT,29-Apr-2021,1820,CE,0.1,0.1,0.1,0.1,0,1,10.46,575,-575,19-APR-2021,
OPTSTK,LT,29-Apr-2021,820,PE,0,0,0,0.5,0,0,0,0,0,19-APR-2021,
OPTSTK,LT,29-Apr-2021,840,PE,0,0,0,0.7,0,0,0,0,0,19-APR-2021,
OPTSTK,LT,29-Apr-2021,860,PE,0,0,0,1,0,0,0,0,0,19-APR-2021,
OPTSTK,LT,29-Apr-2021,880,PE,0,0,0,1.4,0,0,0,0,0,19-APR-2021,
OPTSTK,LT,29-Apr-2021,900,PE,0,0,0,1.9,0,0,0,0,0,19-APR-2021,
OPTSTK,LT,29-Apr-2021,920,PE,0,0,0,2.5,0,0,0,0,0,19-APR-2021,
OPTSTK,LT,29-Apr-2021,940,PE,0,0,0,3.3,0,0,0,0,0,19-APR-2021,
OPTSTK,LT,29-Apr-2021,960,PE,0,0,0,4.3,0,0,0,0,0,19-APR-2021,
OPTSTK,LT,29-Apr-2021,980,PE,0,0,0,5.55,0,0,0,0,0,19-APR-2021,
OPTSTK,LT,29-Apr-2021,1000,PE,0.4,0.4,0.4,0.4,0.4,1,5.75,0,-575,19-APR-2021,
OPTSTK,LT,29-Apr-2021,1020,PE,0,0,0,8.8,0,0,0,0,0,19-APR-2021,
OPTSTK,LT,29-Apr-2021,1040,PE,0,0,0,10.9,0.05,0,0,0,0,19-APR-2021,
OPTSTK,LT,29-Apr-2021,1060,PE,0,0,0,13.4,0.05,0,0,0,0,19-APR-2021,
OPTSTK,LT,29-Apr-2021,1080,PE,0,0,0,16.25,0.05,0,0,0,0,19-APR-2021,
OPTSTK,LT,29-Apr-2021,1100,PE,1.9,2,1,1.1,1.1,20,126.65,36225,6325,19-APR-2021,
OPTSTK,LT,29-Apr-2021,1120,PE,0,0,0,23.25,0.3,0,0,0,0,19-APR-2021,
OPTSTK,LT,29-Apr-2021,1140,PE,0,0,0,0.8,0.6,0,0,4025,0,19-APR-2021,
OPTSTK,LT,29-Apr-2021,1160,PE,0,0,0,2.2,1.2,0,0,1150,0,19-APR-2021,
OPTSTK,LT,29-Apr-2021,1180,PE,0,0,0,37.55,2.2,0,0,0,0,19-APR-2021,
OPTSTK,LT,29-Apr-2021,1200,PE,2.9,4.25,2.6,3.8,3.8,280,1937.64,127650,40825,19-APR-2021,
OPTSTK,LT,29-Apr-2021,1220,PE,3.55,5.75,2.95,5.15,5.15,195,1372.9,44275,31625,19-APR-2021,
OPTSTK,LT,29-Apr-2021,1240,PE,3.95,8.15,3.05,7.25,7.25,586,4196.22,104075,39100,19-APR-2021,
OPTSTK,LT,29-Apr-2021,1260,PE,7.25,11.95,4.35,10.65,10.65,759,5534.77,135125,8625,19-APR-2021,
OPTSTK,LT,29-Apr-2021,1280,PE,9,17.2,8.05,15.7,15.7,885,6576.1,96025,15525,19-APR-2021,
OPTSTK,LT,29-Apr-2021,1300,PE,12.1,24.8,11.8,22.45,22.45,3253,24666.28,404800,36225,19-APR-2021,
OPTSTK,LT,29-Apr-2021,1320,PE,18.6,34.25,17.1,31.55,31.55,1136,8782.01,205850,-15525,19-APR-2021,
OPTSTK,LT,29-Apr-2021,1340,PE,36,46.25,24.25,42.55,42.55,1102,8690.41,142600,-31050,19-APR-2021,
OPTSTK,LT,29-Apr-2021,1360,PE,40,60,33.75,56.4,56.4,528,4254.63,250700,-21275,19-APR-2021,
OPTSTK,LT,29-Apr-2021,1380,PE,40,74.25,40,72.65,72.65,84,693.33,92000,-12075,19-APR-2021,
OPTSTK,LT,29-Apr-2021,1400,PE,71,93,62.15,89.6,89.6,121,1025.95,305900,-13800,19-APR-2021,
OPTSTK,LT,29-Apr-2021,1420,PE,85,109.65,81.9,108.8,108.8,10,87.45,54625,-3450,19-APR-2021,
OPTSTK,LT,29-Apr-2021,1440,PE,105.45,130,100.3,126.55,126.55,15,134,62100,-2875,19-APR-2021,
OPTSTK,LT,29-Apr-2021,1460,PE,117,147,117,147,147,2,18.3,26450,-1150,19-APR-2021,
OPTSTK,LT,29-Apr-2021,1480,PE,141.8,141.8,141.8,141.8,169.55,1,9.32,6900,-575,19-APR-2021,
OPTSTK,LT,29-Apr-2021,1500,PE,158.9,186.55,155.65,185.8,185.8,9,86.65,43700,-4600,19-APR-2021,
OPTSTK,LT,29-Apr-2021,1520,PE,0,0,0,156.05,208.55,0,0,3450,0,19-APR-2021,
OPTSTK,LT,29-Apr-2021,1540,PE,225,225,225,225,228.35,1,10.14,575,-575,19-APR-2021,
OPTSTK,LT,29-Apr-2021,1560,PE,0,0,0,200,248.2,0,0,3450,0,19-APR-2021,
OPTSTK,LT,29-Apr-2021,1580,PE,0,0,0,205,268.1,0,0,575,0,19-APR-2021,
OPTSTK,LT,29-Apr-2021,1600,PE,284,284,284,284,284,2,21.66,86825,0,19-APR-2021,
OPTSTK,LT,29-Apr-2021,1620,PE,0,0,0,292,308,0,0,0,0,19-APR-2021,
OPTSTK,LT,29-Apr-2021,1640,PE,0,0,0,308.65,327.95,0,0,0,0,19-APR-2021,
OPTSTK,LT,29-Apr-2021,1660,PE,0,0,0,325.55,347.95,0,0,0,0,19-APR-2021,
OPTSTK,LT,29-Apr-2021,1680,PE,0,0,0,342.75,367.9,0,0,0,0,19-APR-2021,
OPTSTK,LT,29-Apr-2021,1700,PE,0,0,0,360.15,387.9,0,0,0,0,19-APR-2021,
OPTSTK,LT,29-Apr-2021,1720,PE,0,0,0,377.8,407.85,0,0,0,0,19-APR-2021,
OPTSTK,LT,29-Apr-2021,1740,PE,0,0,0,395.65,427.85,0,0,0,0,19-APR-2021,
OPTSTK,LT,29-Apr-2021,1760,PE,0,0,0,413.65,447.8,0,0,0,0,19-APR-2021,
OPTSTK,LT,29-Apr-2021,1780,PE,0,0,0,431.9,467.8,0,0,0,0,19-APR-2021,
OPTSTK,LT,29-Apr-2021,1800,PE,0,0,0,450.25,487.8,0,0,0,0,19-APR-2021,
OPTSTK,LT,29-Apr-2021,1820,PE,0,0,0,468.75,507.75,0,0,0,0,19-APR-2021,
OPTSTK,LT,27-May-2021,980,CE,0,0,0,537.2,334.95,0,0,0,0,19-APR-2021,
OPTSTK,LT,27-May-2021,1000,CE,0,0,0,517.9,315.45,0,0,0,0,19-APR-2021,
OPTSTK,LT,27-May-2021,1020,CE,0,0,0,498.7,296.05,0,0,0,0,19-APR-2021,
OPTSTK,LT,27-May-2021,1040,CE,0,0,0,479.65,276.85,0,0,0,0,19-APR-2021,
OPTSTK,LT,27-May-2021,1060,CE,0,0,0,460.8,257.95,0,0,0,0,19-APR-2021,
OPTSTK,LT,27-May-2021,1080,CE,0,0,0,442.1,239.4,0,0,0,0,19-APR-2021,
OPTSTK,LT,27-May-2021,1100,CE,0,0,0,423.65,221.25,0,0,0,0,19-APR-2021,
OPTSTK,LT,27-May-2021,1120,CE,0,0,0,405.45,203.55,0,0,0,0,19-APR-2021,
OPTSTK,LT,27-May-2021,1140,CE,0,0,0,387.5,186.4,0,0,0,0,19-APR-2021,
OPTSTK,LT,27-May-2021,1160,CE,0,0,0,369.85,169.9,0,0,0,0,19-APR-2021,
OPTSTK,LT,27-May-2021,1180,CE,0,0,0,352.5,154.1,0,0,0,0,19-APR-2021,
OPTSTK,LT,27-May-2021,1200,CE,135,135,135,135,135,1,7.67,575,575,19-APR-2021,
OPTSTK,LT,27-May-2021,1220,CE,0,0,0,318.85,124.75,0,0,0,0,19-APR-2021,
OPTSTK,LT,27-May-2021,1240,CE,0,0,0,302.65,111.4,0,0,0,0,19-APR-2021,
OPTSTK,LT,27-May-2021,1260,CE,0,0,0,286.85,98.95,0,0,0,0,19-APR-2021,
OPTSTK,LT,27-May-2021,1280,CE,0,0,0,271.45,87.4,0,0,0,0,19-APR-2021,
OPTSTK,LT,27-May-2021,1300,CE,75,75,63,64.05,64.05,16,125.63,8625,7475,19-APR-2021,
OPTSTK,LT,27-May-2021,1320,CE,0,0,0,242.1,67.1,0,0,0,0,19-APR-2021,
OPTSTK,LT,27-May-2021,1340,CE,45.7,45.7,45.7,45.7,45.7,4,31.87,2300,2300,19-APR-2021,
OPTSTK,LT,27-May-2021,1360,CE,48.8,48.8,36.25,36.8,36.8,49,394.46,17825,17825,19-APR-2021,
OPTSTK,LT,27-May-2021,1380,CE,0,0,0,201.65,43.35,0,0,0,0,19-APR-2021,
OPTSTK,LT,27-May-2021,1400,CE,31.25,35.75,24.65,25.5,25.5,174,1430.04,126500,33925,19-APR-2021,
OPTSTK,LT,27-May-2021,1420,CE,0,0,0,40.75,31.5,0,0,43125,0,19-APR-2021,
OPTSTK,LT,27-May-2021,1440,CE,25,25,15,18,18,3,25.17,12650,1150,19-APR-2021,
OPTSTK,LT,27-May-2021,1460,CE,21,21,13.55,13.55,13.55,9,76.42,21850,2875,19-APR-2021,
OPTSTK,LT,27-May-2021,1480,CE,0,0,0,21,18.85,0,0,14375,0,19-APR-2021,
OPTSTK,LT,27-May-2021,1500,CE,12.2,12.95,8.1,8.6,8.6,138,1198.62,86825,24725,19-APR-2021,
OPTSTK,LT,27-May-2021,1520,CE,0,0,0,37.05,13.05,0,0,8050,0,19-APR-2021,
OPTSTK,LT,27-May-2021,1540,CE,10.25,10.25,6.1,6.1,10.8,2,17.8,9200,0,19-APR-2021,
OPTSTK,LT,27-May-2021,1560,CE,0,0,0,108.2,8.85,0,0,0,0,19-APR-2021,
OPTSTK,LT,27-May-2021,1580,CE,0,0,0,100.3,7.25,0,0,0,0,19-APR-2021,
OPTSTK,LT,27-May-2021,1600,CE,4.5,5,2.55,3.05,3.05,14,129.13,12075,5175,19-APR-2021,
OPTSTK,LT,27-May-2021,1620,CE,0,0,0,85.9,4.8,0,0,0,0,19-APR-2021,
OPTSTK,LT,27-May-2021,1640,CE,0,0,0,79.35,3.9,0,0,0,0,19-APR-2021,
OPTSTK,LT,27-May-2021,1660,CE,0,0,0,73.2,3.15,0,0,0,0,19-APR-2021,
OPTSTK,LT,27-May-2021,1680,CE,0,0,0,67.45,2.5,0,0,0,0,19-APR-2021,
OPTSTK,LT,27-May-2021,1700,CE,0,0,0,62.1,2,0,0,0,0,19-APR-2021,
OPTSTK,LT,27-May-2021,1720,CE,0,0,0,57.15,1.6,0,0,0,0,19-APR-2021,
OPTSTK,LT,27-May-2021,1740,CE,0,0,0,52.55,1.25,0,0,0,0,19-APR-2021,
OPTSTK,LT,27-May-2021,1760,CE,0,0,0,48.2,1,0,0,0,0,19-APR-2021,
OPTSTK,LT,27-May-2021,1780,CE,0,0,0,44.2,0.8,0,0,0,0,19-APR-2021,
OPTSTK,LT,27-May-2021,1800,CE,0,0,0,40.45,0.65,0,0,0,0,19-APR-2021,
OPTSTK,LT,27-May-2021,1820,CE,0,0,0,37,0.5,0,0,0,0,19-APR-2021,
OPTSTK,LT,27-May-2021,980,PE,0,0,0,1.65,0.7,0,0,0,0,19-APR-2021,
OPTSTK,LT,27-May-2021,1000,PE,0,0,0,2.15,1.1,0,0,0,0,19-APR-2021,
OPTSTK,LT,27-May-2021,1020,PE,0,0,0,2.75,1.6,0,0,0,0,19-APR-2021,
OPTSTK,LT,27-May-2021,1040,PE,0,0,0,3.55,2.35,0,0,0,0,19-APR-2021,
OPTSTK,LT,27-May-2021,1060,PE,0,0,0,4.5,3.4,0,0,0,0,19-APR-2021,
OPTSTK,LT,27-May-2021,1080,PE,0,0,0,5.6,4.75,0,0,0,0,19-APR-2021,
OPTSTK,LT,27-May-2021,1100,PE,0,0,0,6.95,6.5,0,0,0,0,19-APR-2021,
OPTSTK,LT,27-May-2021,1120,PE,0,0,0,8.55,8.75,0,0,0,0,19-APR-2021,
OPTSTK,LT,27-May-2021,1140,PE,0,0,0,10.45,11.5,0,0,0,0,19-APR-2021,
OPTSTK,LT,27-May-2021,1160,PE,0,0,0,12.6,14.9,0,0,0,0,19-APR-2021,
OPTSTK,LT,27-May-2021,1180,PE,0,0,0,15.05,19.05,0,0,0,0,19-APR-2021,
OPTSTK,LT,27-May-2021,1200,PE,8.95,16,8.95,13.65,13.65,162,1130.12,104650,54625,19-APR-2021,
OPTSTK,LT,27-May-2021,1220,PE,0,0,0,21.05,29.55,0,0,0,0,19-APR-2021,
OPTSTK,LT,27-May-2021,1240,PE,0,0,0,24.65,36.15,0,0,0,0,19-APR-2021,
OPTSTK,LT,27-May-2021,1260,PE,0,0,0,28.65,43.6,0,0,0,0,19-APR-2021,
OPTSTK,LT,27-May-2021,1280,PE,0,0,0,33.1,51.95,0,0,0,0,19-APR-2021,
OPTSTK,LT,27-May-2021,1300,PE,35,45.9,31,43.6,43.6,370,2847.65,172500,78775,19-APR-2021,
OPTSTK,LT,27-May-2021,1320,PE,0,0,0,18,71.5,0,0,19550,0,19-APR-2021,
OPTSTK,LT,27-May-2021,1340,PE,63.35,65,56.4,65,82.65,6,48.32,28750,1150,19-APR-2021,
OPTSTK,LT,27-May-2021,1360,PE,49.2,49.2,49.2,49.2,94.65,1,8.1,2875,575,19-APR-2021,
OPTSTK,LT,27-May-2021,1380,PE,0,0,0,51.85,107.5,0,0,5750,0,19-APR-2021,
OPTSTK,LT,27-May-2021,1400,PE,90,103.5,82.4,103.25,103.25,14,120.17,87975,5750,19-APR-2021,
OPTSTK,LT,27-May-2021,1420,PE,0,0,0,49,135.55,0,0,20125,0,19-APR-2021,
OPTSTK,LT,27-May-2021,1440,PE,0,0,0,68,150.7,0,0,7475,0,19-APR-2021,
OPTSTK,LT,27-May-2021,1460,PE,0,0,0,94.95,166.35,0,0,0,0,19-APR-2021,
OPTSTK,LT,27-May-2021,1480,PE,0,0,0,104.4,182.65,0,0,0,0,19-APR-2021,
OPTSTK,LT,27-May-2021,1500,PE,0,0,0,141,199.45,0,0,1150,0,19-APR-2021,
OPTSTK,LT,27-May-2021,1520,PE,0,0,0,124.85,216.7,0,0,0,0,19-APR-2021,
OPTSTK,LT,27-May-2021,1540,PE,0,0,0,135.8,234.35,0,0,0,0,19-APR-2021,
OPTSTK,LT,27-May-2021,1560,PE,0,0,0,147.25,252.35,0,0,0,0,19-APR-2021,
OPTSTK,LT,27-May-2021,1580,PE,0,0,0,159.15,270.65,0,0,0,0,19-APR-2021,
OPTSTK,LT,27-May-2021,1600,PE,0,0,0,171.55,289.25,0,0,0,0,19-APR-2021,
OPTSTK,LT,27-May-2021,1620,PE,0,0,0,184.4,308.05,0,0,0,0,19-APR-2021,
OPTSTK,LT,27-May-2021,1640,PE,0,0,0,197.65,327.05,0,0,0,0,19-APR-2021,
OPTSTK,LT,27-May-2021,1660,PE,0,0,0,211.3,346.2,0,0,0,0,19-APR-2021,
OPTSTK,LT,27-May-2021,1680,PE,0,0,0,225.35,365.5,0,0,0,0,19-APR-2021,
OPTSTK,LT,27-May-2021,1700,PE,0,0,0,239.8,384.95,0,0,0,0,19-APR-2021,
OPTSTK,LT,27-May-2021,1720,PE,0,0,0,254.7,404.45,0,0,0,0,19-APR-2021,
OPTSTK,LT,27-May-2021,1740,PE,0,0,0,269.9,424.05,0,0,0,0,19-APR-2021,
OPTSTK,LT,27-May-2021,1760,PE,0,0,0,285.4,443.7,0,0,0,0,19-APR-2021,
OPTSTK,LT,27-May-2021,1780,PE,0,0,0,301.2,463.4,0,0,0,0,19-APR-2021,
OPTSTK,LT,27-May-2021,1800,PE,0,0,0,317.25,483.15,0,0,0,0,19-APR-2021,
OPTSTK,LT,27-May-2021,1820,PE,0,0,0,333.6,502.95,0,0,0,0,19-APR-2021,
OPTSTK,LT,24-Jun-2021,980,CE,0,0,0,404.85,340.65,0,0,0,0,19-APR-2021,
OPTSTK,LT,24-Jun-2021,1000,CE,0,0,0,386.3,322,0,0,0,0,19-APR-2021,
OPTSTK,LT,24-Jun-2021,1020,CE,0,0,0,368,303.6,0,0,0,0,19-APR-2021,
OPTSTK,LT,24-Jun-2021,1040,CE,0,0,0,350.05,285.55,0,0,0,0,19-APR-2021,
OPTSTK,LT,24-Jun-2021,1060,CE,0,0,0,332.35,267.9,0,0,0,0,19-APR-2021,
OPTSTK,LT,24-Jun-2021,1080,CE,0,0,0,315.05,250.7,0,0,0,0,19-APR-2021,
OPTSTK,LT,24-Jun-2021,1100,CE,0,0,0,298.1,233.95,0,0,0,0,19-APR-2021,
OPTSTK,LT,24-Jun-2021,1120,CE,0,0,0,281.6,217.7,0,0,0,0,19-APR-2021,
OPTSTK,LT,24-Jun-2021,1140,CE,0,0,0,265.55,202.05,0,0,0,0,19-APR-2021,
OPTSTK,LT,24-Jun-2021,1160,CE,0,0,0,249.95,187.05,0,0,0,0,19-APR-2021,
OPTSTK,LT,24-Jun-2021,1180,CE,0,0,0,234.85,172.6,0,0,0,0,19-APR-2021,
OPTSTK,LT,24-Jun-2021,1200,CE,0,0,0,220.3,158.75,0,0,0,0,19-APR-2021,
OPTSTK,LT,24-Jun-2021,1220,CE,0,0,0,206.25,145.7,0,0,0,0,19-APR-2021,
OPTSTK,LT,24-Jun-2021,1240,CE,0,0,0,192.7,133.3,0,0,0,0,19-APR-2021,
OPTSTK,LT,24-Jun-2021,1260,CE,0,0,0,179.75,121.6,0,0,0,0,19-APR-2021,
OPTSTK,LT,24-Jun-2021,1280,CE,0,0,0,167.4,110.65,0,0,0,0,19-APR-2021,
OPTSTK,LT,24-Jun-2021,1300,CE,0,0,0,155.65,100.35,0,0,0,0,19-APR-2021,
OPTSTK,LT,24-Jun-2021,1320,CE,0,0,0,144.45,90.8,0,0,0,0,19-APR-2021,
OPTSTK,LT,24-Jun-2021,1340,CE,0,0,0,133.85,81.9,0,0,0,0,19-APR-2021,
OPTSTK,LT,24-Jun-2021,1360,CE,0,0,0,123.8,73.7,0,0,0,0,19-APR-2021,
OPTSTK,LT,24-Jun-2021,1380,CE,0,0,0,114.3,66.15,0,0,0,0,19-APR-2021,
OPTSTK,LT,24-Jun-2021,1400,CE,0,0,0,105.35,59.2,0,0,0,0,19-APR-2021,
OPTSTK,LT,24-Jun-2021,1420,CE,0,0,0,97,52.85,0,0,0,0,19-APR-2021,
OPTSTK,LT,24-Jun-2021,1440,CE,0,0,0,89.1,47.05,0,0,0,0,19-APR-2021,
OPTSTK,LT,24-Jun-2021,1460,CE,0,0,0,81.75,41.85,0,0,0,0,19-APR-2021,
OPTSTK,LT,24-Jun-2021,1480,CE,0,0,0,74.9,37.1,0,0,0,0,19-APR-2021,
OPTSTK,LT,24-Jun-2021,1500,CE,0,0,0,68.5,32.8,0,0,0,0,19-APR-2021,
OPTSTK,LT,24-Jun-2021,1520,CE,0,0,0,62.6,28.9,0,0,0,0,19-APR-2021,
OPTSTK,LT,24-Jun-2021,1540,CE,0,0,0,57.1,25.45,0,0,0,0,19-APR-2021,
OPTSTK,LT,24-Jun-2021,1560,CE,0,0,0,52.05,22.35,0,0,0,0,19-APR-2021,
OPTSTK,LT,24-Jun-2021,1580,CE,0,0,0,47.4,19.55,0,0,0,0,19-APR-2021,
OPTSTK,LT,24-Jun-2021,1600,CE,0,0,0,43.05,17.1,0,0,0,0,19-APR-2021,
OPTSTK,LT,24-Jun-2021,1620,CE,0,0,0,39.1,14.95,0,0,0,0,19-APR-2021,
OPTSTK,LT,24-Jun-2021,1640,CE,0,0,0,35.4,13,0,0,0,0,19-APR-2021,
OPTSTK,LT,24-Jun-2021,1660,CE,0,0,0,32,11.3,0,0,0,0,19-APR-2021,
OPTSTK,LT,24-Jun-2021,1680,CE,0,0,0,28.95,9.8,0,0,0,0,19-APR-2021,
OPTSTK,LT,24-Jun-2021,1700,CE,0,0,0,26.15,8.5,0,0,0,0,19-APR-2021,
OPTSTK,LT,24-Jun-2021,1720,CE,0,0,0,23.6,7.35,0,0,0,0,19-APR-2021,
OPTSTK,LT,24-Jun-2021,1740,CE,0,0,0,21.25,6.35,0,0,0,0,19-APR-2021,
OPTSTK,LT,24-Jun-2021,1760,CE,0,0,0,19.1,5.45,0,0,0,0,19-APR-2021,
OPTSTK,LT,24-Jun-2021,1780,CE,0,0,0,17.2,4.7,0,0,0,0,19-APR-2021,
OPTSTK,LT,24-Jun-2021,1800,CE,0,0,0,15.45,4.05,0,0,0,0,19-APR-2021,
OPTSTK,LT,24-Jun-2021,1820,CE,0,0,0,13.85,3.45,0,0,0,0,19-APR-2021,
OPTSTK,LT,24-Jun-2021,980,PE,0,0,0,4.65,3.6,0,0,0,0,19-APR-2021,
OPTSTK,LT,24-Jun-2021,1000,PE,0,0,0,5.9,4.8,0,0,0,0,19-APR-2021,
OPTSTK,LT,24-Jun-2021,1020,PE,0,0,0,7.45,6.25,0,0,0,0,19-APR-2021,
OPTSTK,LT,24-Jun-2021,1040,PE,0,0,0,9.25,8.1,0,0,0,0,19-APR-2021,
OPTSTK,LT,24-Jun-2021,1060,PE,0,0,0,11.4,10.3,0,0,0,0,19-APR-2021,
OPTSTK,LT,24-Jun-2021,1080,PE,0,0,0,13.9,12.95,0,0,0,0,19-APR-2021,
OPTSTK,LT,24-Jun-2021,1100,PE,0,0,0,16.8,16.05,0,0,0,0,19-APR-2021,
OPTSTK,LT,24-Jun-2021,1120,PE,0,0,0,20.1,19.7,0,0,0,0,19-APR-2021,
OPTSTK,LT,24-Jun-2021,1140,PE,0,0,0,23.85,23.9,0,0,0,0,19-APR-2021,
OPTSTK,LT,24-Jun-2021,1160,PE,0,0,0,28.05,28.75,0,0,0,0,19-APR-2021,
OPTSTK,LT,24-Jun-2021,1180,PE,0,0,0,32.75,34.15,0,0,0,0,19-APR-2021,
OPTSTK,LT,24-Jun-2021,1200,PE,20,22,19,20.2,20.2,117,820.86,64400,64400,19-APR-2021,
OPTSTK,LT,24-Jun-2021,1220,PE,0,0,0,43.8,47,0,0,0,0,19-APR-2021,
OPTSTK,LT,24-Jun-2021,1240,PE,0,0,0,50.05,54.45,0,0,0,0,19-APR-2021,
OPTSTK,LT,24-Jun-2021,1260,PE,0,0,0,56.95,62.65,0,0,0,0,19-APR-2021,
OPTSTK,LT,24-Jun-2021,1280,PE,0,0,0,64.4,71.55,0,0,0,0,19-APR-2021,
OPTSTK,LT,24-Jun-2021,1300,PE,49,58,49,53,53,4,31.1,3450,2300,19-APR-2021,
OPTSTK,LT,24-Jun-2021,1320,PE,0,0,0,81.05,91.45,0,0,0,0,19-APR-2021,
OPTSTK,LT,24-Jun-2021,1340,PE,0,0,0,90.25,102.4,0,0,0,0,19-APR-2021,
OPTSTK,LT,24-Jun-2021,1360,PE,0,0,0,50,114.05,0,0,575,0,19-APR-2021,
OPTSTK,LT,24-Jun-2021,1380,PE,0,0,0,110.35,126.35,0,0,0,0,19-APR-2021,
OPTSTK,LT,24-Jun-2021,1400,PE,0,0,0,75,139.3,0,0,575,0,19-APR-2021,
OPTSTK,LT,24-Jun-2021,1420,PE,0,0,0,132.65,152.8,0,0,0,0,19-APR-2021,
OPTSTK,LT,24-Jun-2021,1440,PE,0,0,0,144.6,166.85,0,0,0,0,19-APR-2021,
OPTSTK,LT,24-Jun-2021,1460,PE,0,0,0,157.1,181.55,0,0,0,0,19-APR-2021,
OPTSTK,LT,24-Jun-2021,1480,PE,0,0,0,170.05,196.65,0,0,0,0,19-APR-2021,
OPTSTK,LT,24-Jun-2021,1500,PE,0,0,0,183.45,212.25,0,0,0,0,19-APR-2021,
OPTSTK,LT,24-Jun-2021,1520,PE,0,0,0,197.35,228.2,0,0,0,0,19-APR-2021,
OPTSTK,LT,24-Jun-2021,1540,PE,0,0,0,211.65,244.6,0,0,0,0,19-APR-2021,
OPTSTK,LT,24-Jun-2021,1560,PE,0,0,0,226.45,261.35,0,0,0,0,19-APR-2021,
OPTSTK,LT,24-Jun-2021,1580,PE,0,0,0,241.6,278.45,0,0,0,0,19-APR-2021,
OPTSTK,LT,24-Jun-2021,1600,PE,0,0,0,257.1,295.85,0,0,0,0,19-APR-2021,
OPTSTK,LT,24-Jun-2021,1620,PE,0,0,0,272.9,313.55,0,0,0,0,19-APR-2021,
OPTSTK,LT,24-Jun-2021,1640,PE,0,0,0,289,331.45,0,0,0,0,19-APR-2021,
OPTSTK,LT,24-Jun-2021,1660,PE,0,0,0,305.5,349.65,0,0,0,0,19-APR-2021,
OPTSTK,LT,24-Jun-2021,1680,PE,0,0,0,322.2,368,0,0,0,0,19-APR-2021,
OPTSTK,LT,24-Jun-2021,1700,PE,0,0,0,339.25,386.55,0,0,0,0,19-APR-2021,
OPTSTK,LT,24-Jun-2021,1720,PE,0,0,0,356.5,405.25,0,0,0,0,19-APR-2021,
OPTSTK,LT,24-Jun-2021,1740,PE,0,0,0,373.95,424.1,0,0,0,0,19-APR-2021,
OPTSTK,LT,24-Jun-2021,1760,PE,0,0,0,391.65,443.1,0,0,0,0,19-APR-2021,
OPTSTK,LT,24-Jun-2021,1780,PE,0,0,0,409.55,462.2,0,0,0,0,19-APR-2021,
OPTSTK,LT,24-Jun-2021,1800,PE,0,0,0,427.6,481.4,0,0,0,0,19-APR-2021,
OPTSTK,LT,24-Jun-2021,1820,PE,0,0,0,445.8,500.7,0,0,0,0,19-APR-2021,
OPTSTK,LTI,29-Apr-2021,2800,CE,0,0,0,874.6,1265.95,0,0,0,0,19-APR-2021,
OPTSTK,LTI,29-Apr-2021,2900,CE,0,0,0,775.25,1166.05,0,0,0,0,19-APR-2021,
OPTSTK,LTI,29-Apr-2021,3000,CE,0,0,0,675.9,1066.15,0,0,0,0,19-APR-2021,
OPTSTK,LTI,29-Apr-2021,3100,CE,0,0,0,576.5,966.3,0,0,0,0,19-APR-2021,
OPTSTK,LTI,29-Apr-2021,3200,CE,0,0,0,477.15,866.5,0,0,0,0,19-APR-2021,
OPTSTK,LTI,29-Apr-2021,3300,CE,0,0,0,377.8,766.95,0,0,0,0,19-APR-2021,
OPTSTK,LTI,29-Apr-2021,3400,CE,0,0,0,278.45,668.1,0,0,0,0,19-APR-2021,
OPTSTK,LTI,29-Apr-2021,3500,CE,0,0,0,179.1,570.75,0,0,0,0,19-APR-2021,
OPTSTK,LTI,29-Apr-2021,3600,CE,0,0,0,79.75,476.25,0,0,0,0,19-APR-2021,
OPTSTK,LTI,29-Apr-2021,3700,CE,0,0,0,0.05,386.5,0,0,0,0,19-APR-2021,
OPTSTK,LTI,29-Apr-2021,3800,CE,0,0,0,0.05,303.8,0,0,0,0,19-APR-2021,
OPTSTK,LTI,29-Apr-2021,3900,CE,0,0,0,399,230.4,0,0,600,0,19-APR-2021,
OPTSTK,LTI,29-Apr-2021,4000,CE,168,188.05,168,186.85,186.85,6,37.65,6000,450,19-APR-2021,
OPTSTK,LTI,29-Apr-2021,4100,CE,109.65,161.65,90.5,138.6,138.6,374,2379.2,24450,16650,19-APR-2021,
OPTSTK,LTI,29-Apr-2021,4200,CE,61.9,115.1,60.3,96.95,96.95,195,1254.09,15900,2100,19-APR-2021,
OPTSTK,LTI,29-Apr-2021,4300,CE,40.55,80,37.6,67.45,67.45,93,607.21,19650,1050,19-APR-2021,
OPTSTK,LTI,29-Apr-2021,4400,CE,40,58,24.9,44.55,44.55,109,726.03,15450,-150,19-APR-2021,
OPTSTK,LTI,29-Apr-2021,4500,CE,11.65,40,11.65,30.2,30.2,39,264.72,22350,-900,19-APR-2021,
OPTSTK,LTI,29-Apr-2021,4600,CE,8.2,20.4,8.2,20.4,20.4,11,76.13,9450,-450,19-APR-2021,
OPTSTK,LTI,29-Apr-2021,4700,CE,6.45,16,6.45,16,5.65,16,112.98,3750,-450,19-APR-2021,
OPTSTK,LTI,29-Apr-2021,4800,CE,9,10,8,10,2.95,6,43.27,2700,-450,19-APR-2021,
OPTSTK,LTI,29-Apr-2021,4900,CE,0,0,0,0.05,1.5,0,0,0,0,19-APR-2021,
OPTSTK,LTI,29-Apr-2021,5000,CE,5,5.75,5,5,0.7,10,75.07,6450,-600,19-APR-2021,
OPTSTK,LTI,29-Apr-2021,5100,CE,0,0,0,0.4,0.35,0,0,450,0,19-APR-2021,
OPTSTK,LTI,29-Apr-2021,5200,CE,0,0,0,0.75,0.15,0,0,450,0,19-APR-2021,
OPTSTK,LTI,29-Apr-2021,5300,CE,0,0,0,6.9,0.1,0,0,150,0,19-APR-2021,
OPTSTK,LTI,29-Apr-2021,2800,PE,0,0,0,0.05,0,0,0,0,0,19-APR-2021,
OPTSTK,LTI,29-Apr-2021,2900,PE,0,0,0,0.05,0,0,0,0,0,19-APR-2021,
OPTSTK,LTI,29-Apr-2021,3000,PE,0,0,0,4.5,0.05,0,0,0,0,19-APR-2021,
OPTSTK,LTI,29-Apr-2021,3100,PE,0,0,0,11,0.05,0,0,150,0,19-APR-2021,
OPTSTK,LTI,29-Apr-2021,3200,PE,0,0,0,9,0.15,0,0,300,0,19-APR-2021,
OPTSTK,LTI,29-Apr-2021,3300,PE,0,0,0,0.05,0.55,0,0,0,0,19-APR-2021,
OPTSTK,LTI,29-Apr-2021,3400,PE,0,0,0,3,1.6,0,0,1500,0,19-APR-2021,
OPTSTK,LTI,29-Apr-2021,3500,PE,0,0,0,6,4.1,0,0,3450,0,19-APR-2021,
OPTSTK,LTI,29-Apr-2021,3600,PE,11.05,11.05,11.05,11.05,9.5,1,5.41,4650,0,19-APR-2021,
OPTSTK,LTI,29-Apr-2021,3700,PE,0,0,0,50,19.65,0,0,750,0,19-APR-2021,
OPTSTK,LTI,29-Apr-2021,3800,PE,50,65,37.95,65,65,7,40.39,1950,600,19-APR-2021,
OPTSTK,LTI,29-Apr-2021,3900,PE,81.15,81.15,66.35,66.35,66.35,4,23.85,450,0,19-APR-2021,
OPTSTK,LTI,29-Apr-2021,4000,PE,117.8,126.65,98,109.45,109.45,18,111.17,5400,600,19-APR-2021,
OPTSTK,LTI,29-Apr-2021,4100,PE,172.55,183,162.2,166.1,166.1,5,32.03,1050,150,19-APR-2021,
OPTSTK,LTI,29-Apr-2021,4200,PE,252,252,205,205,211.65,4,26.52,7200,-150,19-APR-2021,
OPTSTK,LTI,29-Apr-2021,4300,PE,320,320,265.9,265.9,283.55,4,27.63,750,-450,19-APR-2021,
OPTSTK,LTI,29-Apr-2021,4400,PE,0,0,0,331.6,363.75,0,0,1650,0,19-APR-2021,
OPTSTK,LTI,29-Apr-2021,4500,PE,0,0,0,350.75,450.8,0,0,0,0,19-APR-2021,
OPTSTK,LTI,29-Apr-2021,4600,PE,0,0,0,913.85,542.7,0,0,0,0,19-APR-2021,
OPTSTK,LTI,29-Apr-2021,4700,PE,0,0,0,1013.2,637.85,0,0,0,0,19-APR-2021,
OPTSTK,LTI,29-Apr-2021,4800,PE,0,0,0,1112.55,735,0,0,0,0,19-APR-2021,
OPTSTK,LTI,29-Apr-2021,4900,PE,0,0,0,1211.9,833.45,0,0,0,0,19-APR-2021,
OPTSTK,LTI,29-Apr-2021,5000,PE,0,0,0,1311.25,932.6,0,0,0,0,19-APR-2021,
OPTSTK,LTI,29-Apr-2021,5100,PE,0,0,0,1410.6,1032.15,0,0,0,0,19-APR-2021,
OPTSTK,LTI,29-Apr-2021,5200,PE,0,0,0,1509.95,1131.85,0,0,0,0,19-APR-2021,
OPTSTK,LTI,29-Apr-2021,5300,PE,0,0,0,1609.35,1231.65,0,0,0,0,19-APR-2021,
OPTSTK,LTI,27-May-2021,2800,CE,0,0,0,882.6,1275.75,0,0,0,0,19-APR-2021,
OPTSTK,LTI,27-May-2021,2900,CE,0,0,0,783.5,1177.7,0,0,0,0,19-APR-2021,
OPTSTK,LTI,27-May-2021,3000,CE,0,0,0,684.45,1080.7,0,0,0,0,19-APR-2021,
OPTSTK,LTI,27-May-2021,3100,CE,0,0,0,585.35,985.2,0,0,0,0,19-APR-2021,
OPTSTK,LTI,27-May-2021,3200,CE,0,0,0,486.3,891.85,0,0,0,0,19-APR-2021,
OPTSTK,LTI,27-May-2021,3300,CE,0,0,0,387.25,801.25,0,0,0,0,19-APR-2021,
OPTSTK,LTI,27-May-2021,3400,CE,0,0,0,288.15,714.1,0,0,0,0,19-APR-2021,
OPTSTK,LTI,27-May-2021,3500,CE,0,0,0,189.1,631.15,0,0,0,0,19-APR-2021,
OPTSTK,LTI,27-May-2021,3600,CE,0,0,0,90,553,0,0,0,0,19-APR-2021,
OPTSTK,LTI,27-May-2021,3700,CE,0,0,0,0.8,480.25,0,0,0,0,19-APR-2021,
OPTSTK,LTI,27-May-2021,3800,CE,0,0,0,0.05,413.15,0,0,0,0,19-APR-2021,
OPTSTK,LTI,27-May-2021,3900,CE,0,0,0,0.05,352.3,0,0,0,0,19-APR-2021,
OPTSTK,LTI,27-May-2021,4000,CE,0,0,0,0.05,297.7,0,0,0,0,19-APR-2021,
OPTSTK,LTI,27-May-2021,4100,CE,0,0,0,0.05,249.25,0,0,0,0,19-APR-2021,
OPTSTK,LTI,27-May-2021,4200,CE,0,0,0,0.05,206.85,0,0,0,0,19-APR-2021,
OPTSTK,LTI,27-May-2021,4300,CE,0,0,0,0.05,170.15,0,0,0,0,19-APR-2021,
OPTSTK,LTI,27-May-2021,4400,CE,0,0,0,0.05,138.8,0,0,0,0,19-APR-2021,
OPTSTK,LTI,27-May-2021,4500,CE,0,0,0,120.1,112.45,0,0,150,0,19-APR-2021,
OPTSTK,LTI,27-May-2021,4600,CE,0,0,0,0.05,90.2,0,0,0,0,19-APR-2021,
OPTSTK,LTI,27-May-2021,4700,CE,0,0,0,0.05,71.85,0,0,0,0,19-APR-2021,
OPTSTK,LTI,27-May-2021,4800,CE,0,0,0,0.05,56.75,0,0,0,0,19-APR-2021,
OPTSTK,LTI,27-May-2021,4900,CE,0,0,0,0.05,44.55,0,0,0,0,19-APR-2021,
OPTSTK,LTI,27-May-2021,5000,CE,0,0,0,0.05,34.7,0,0,0,0,19-APR-2021,
OPTSTK,LTI,27-May-2021,5100,CE,0,0,0,0.05,26.85,0,0,0,0,19-APR-2021,
OPTSTK,LTI,27-May-2021,5200,CE,0,0,0,0.05,20.65,0,0,0,0,19-APR-2021,
OPTSTK,LTI,27-May-2021,5300,CE,0,0,0,0.05,15.8,0,0,0,0,19-APR-2021,
OPTSTK,LTI,27-May-2021,2800,PE,0,0,0,0.05,1.7,0,0,0,0,19-APR-2021,
OPTSTK,LTI,27-May-2021,2900,PE,0,0,0,0.05,3.25,0,0,0,0,19-APR-2021,
OPTSTK,LTI,27-May-2021,3000,PE,0,0,0,0.05,5.85,0,0,0,0,19-APR-2021,
OPTSTK,LTI,27-May-2021,3100,PE,5,27.5,5,27.5,10,4,18.71,450,300,19-APR-2021,
OPTSTK,LTI,27-May-2021,3200,PE,11,12.1,9.5,12.1,16.25,5,24.07,300,-450,19-APR-2021,
OPTSTK,LTI,27-May-2021,3300,PE,17,35,12.5,32.5,25.25,9,44.91,1350,450,19-APR-2021,
OPTSTK,LTI,27-May-2021,3400,PE,0,0,0,0.05,37.7,0,0,0,0,19-APR-2021,
OPTSTK,LTI,27-May-2021,3500,PE,0,0,0,50,54.35,0,0,900,0,19-APR-2021,
OPTSTK,LTI,27-May-2021,3600,PE,0,0,0,0.05,75.8,0,0,0,0,19-APR-2021,
OPTSTK,LTI,27-May-2021,3700,PE,0,0,0,9.85,102.7,0,0,0,0,19-APR-2021,
OPTSTK,LTI,27-May-2021,3800,PE,0,0,0,103,135.15,0,0,300,0,19-APR-2021,
OPTSTK,LTI,27-May-2021,3900,PE,0,0,0,207.25,173.95,0,0,0,0,19-APR-2021,
OPTSTK,LTI,27-May-2021,4000,PE,0,0,0,306.3,218.95,0,0,0,0,19-APR-2021,
OPTSTK,LTI,27-May-2021,4100,PE,0,0,0,405.35,270.1,0,0,0,0,19-APR-2021,
OPTSTK,LTI,27-May-2021,4200,PE,0,0,0,504.45,327.35,0,0,0,0,19-APR-2021,
OPTSTK,LTI,27-May-2021,4300,PE,0,0,0,603.5,390.25,0,0,0,0,19-APR-2021,
OPTSTK,LTI,27-May-2021,4400,PE,0,0,0,702.55,458.5,0,0,0,0,19-APR-2021,
OPTSTK,LTI,27-May-2021,4500,PE,0,0,0,801.65,531.75,0,0,0,0,19-APR-2021,
OPTSTK,LTI,27-May-2021,4600,PE,0,0,0,900.7,609.1,0,0,0,0,19-APR-2021,
OPTSTK,LTI,27-May-2021,4700,PE,0,0,0,999.8,690.35,0,0,0,0,19-APR-2021,
OPTSTK,LTI,27-May-2021,4800,PE,0,0,0,1098.85,774.9,0,0,0,0,19-APR-2021,
OPTSTK,LTI,27-May-2021,4900,PE,0,0,0,1197.9,862.3,0,0,0,0,19-APR-2021,
OPTSTK,LTI,27-May-2021,5000,PE,0,0,0,1297,952.1,0,0,0,0,19-APR-2021,
OPTSTK,LTI,27-May-2021,5100,PE,0,0,0,1396.05,1043.85,0,0,0,0,19-APR-2021,
OPTSTK,LTI,27-May-2021,5200,PE,0,0,0,1495.15,1137.25,0,0,0,0,19-APR-2021,
OPTSTK,LTI,27-May-2021,5300,PE,0,0,0,1594.2,1232,0,0,0,0,19-APR-2021,
OPTSTK,LTI,24-Jun-2021,2800,CE,0,0,0,1099.7,1292.25,0,0,0,0,19-APR-2021,
OPTSTK,LTI,24-Jun-2021,2900,CE,0,0,0,1013.8,1198.3,0,0,0,0,19-APR-2021,
OPTSTK,LTI,24-Jun-2021,3000,CE,0,0,0,931.05,1106.35,0,0,0,0,19-APR-2021,
OPTSTK,LTI,24-Jun-2021,3100,CE,0,0,0,851.85,1016.9,0,0,0,0,19-APR-2021,
OPTSTK,LTI,24-Jun-2021,3200,CE,0,0,0,776.5,930.35,0,0,0,0,19-APR-2021,
OPTSTK,LTI,24-Jun-2021,3300,CE,0,0,0,705.05,847.15,0,0,0,0,19-APR-2021,
OPTSTK,LTI,24-Jun-2021,3400,CE,0,0,0,637.65,767.65,0,0,0,0,19-APR-2021,
OPTSTK,LTI,24-Jun-2021,3500,CE,0,0,0,574.8,692.4,0,0,0,0,19-APR-2021,
OPTSTK,LTI,24-Jun-2021,3600,CE,0,0,0,516.3,621.35,0,0,0,0,19-APR-2021,
OPTSTK,LTI,24-Jun-2021,3700,CE,0,0,0,462.2,554.75,0,0,0,0,19-APR-2021,
OPTSTK,LTI,24-Jun-2021,3800,CE,0,0,0,412.35,493.1,0,0,0,0,19-APR-2021,
OPTSTK,LTI,24-Jun-2021,3900,CE,0,0,0,366.7,436.25,0,0,0,0,19-APR-2021,
OPTSTK,LTI,24-Jun-2021,4000,CE,0,0,0,325.1,384.15,0,0,0,0,19-APR-2021,
OPTSTK,LTI,24-Jun-2021,4100,CE,0,0,0,287.4,336.75,0,0,0,0,19-APR-2021,
OPTSTK,LTI,24-Jun-2021,4200,CE,0,0,0,253.3,293.95,0,0,0,0,19-APR-2021,
OPTSTK,LTI,24-Jun-2021,4300,CE,0,0,0,222.65,255.45,0,0,0,0,19-APR-2021,
OPTSTK,LTI,24-Jun-2021,4400,CE,0,0,0,195.2,221.1,0,0,0,0,19-APR-2021,
OPTSTK,LTI,24-Jun-2021,4500,CE,0,0,0,170.95,190.6,0,0,0,0,19-APR-2021,
OPTSTK,LTI,24-Jun-2021,4600,CE,0,0,0,149.25,163.7,0,0,0,0,19-APR-2021,
OPTSTK,LTI,24-Jun-2021,4700,CE,0,0,0,130.05,140.35,0,0,0,0,19-APR-2021,
OPTSTK,LTI,24-Jun-2021,4800,CE,0,0,0,112.85,119.8,0,0,0,0,19-APR-2021,
OPTSTK,LTI,24-Jun-2021,4900,CE,0,0,0,97.9,101.7,0,0,0,0,19-APR-2021,
OPTSTK,LTI,24-Jun-2021,5000,CE,0,0,0,84.75,86.15,0,0,0,0,19-APR-2021,
OPTSTK,LTI,24-Jun-2021,5100,CE,0,0,0,73.2,72.8,0,0,0,0,19-APR-2021,
OPTSTK,LTI,24-Jun-2021,5200,CE,0,0,0,63.15,61.3,0,0,0,0,19-APR-2021,
OPTSTK,LTI,24-Jun-2021,5300,CE,0,0,0,54.35,51.5,0,0,0,0,19-APR-2021,
OPTSTK,LTI,24-Jun-2021,2800,PE,0,0,0,35.95,10.15,0,0,0,0,19-APR-2021,
OPTSTK,LTI,24-Jun-2021,2900,PE,0,0,0,49.1,15.55,0,0,0,0,19-APR-2021,
OPTSTK,LTI,24-Jun-2021,3000,PE,0,0,0,65.45,22.95,0,0,0,0,19-APR-2021,
OPTSTK,LTI,24-Jun-2021,3100,PE,0,0,0,85.3,32.8,0,0,0,0,19-APR-2021,
OPTSTK,LTI,24-Jun-2021,3200,PE,0,0,0,109.05,45.55,0,0,0,0,19-APR-2021,
OPTSTK,LTI,24-Jun-2021,3300,PE,0,0,0,136.65,61.7,0,0,0,0,19-APR-2021,
OPTSTK,LTI,24-Jun-2021,3400,PE,0,0,0,168.3,81.55,0,0,0,0,19-APR-2021,
OPTSTK,LTI,24-Jun-2021,3500,PE,0,0,0,204.5,105.6,0,0,0,0,19-APR-2021,
OPTSTK,LTI,24-Jun-2021,3600,PE,0,0,0,245.1,133.85,0,0,0,0,19-APR-2021,
OPTSTK,LTI,24-Jun-2021,3700,PE,0,0,0,290.05,166.6,0,0,0,0,19-APR-2021,
OPTSTK,LTI,24-Jun-2021,3800,PE,0,0,0,339.3,204.25,0,0,0,0,19-APR-2021,
OPTSTK,LTI,24-Jun-2021,3900,PE,0,0,0,392.7,246.7,0,0,0,0,19-APR-2021,
OPTSTK,LTI,24-Jun-2021,4000,PE,0,0,0,450.2,293.95,0,0,0,0,19-APR-2021,
OPTSTK,LTI,24-Jun-2021,4100,PE,0,0,0,511.55,345.9,0,0,0,0,19-APR-2021,
OPTSTK,LTI,24-Jun-2021,4200,PE,0,0,0,576.5,402.4,0,0,0,0,19-APR-2021,
OPTSTK,LTI,24-Jun-2021,4300,PE,0,0,0,644.95,463.25,0,0,0,0,19-APR-2021,
OPTSTK,LTI,24-Jun-2021,4400,PE,0,0,0,716.55,528.25,0,0,0,0,19-APR-2021,
OPTSTK,LTI,24-Jun-2021,4500,PE,0,0,0,791.4,597.05,0,0,0,0,19-APR-2021,
OPTSTK,LTI,24-Jun-2021,4600,PE,0,0,0,868.75,669.45,0,0,0,0,19-APR-2021,
OPTSTK,LTI,24-Jun-2021,4700,PE,0,0,0,948.6,745.45,0,0,0,0,19-APR-2021,
OPTSTK,LTI,24-Jun-2021,4800,PE,0,0,0,1030.5,824.2,0,0,0,0,19-APR-2021,
OPTSTK,LTI,24-Jun-2021,4900,PE,0,0,0,1114.6,905.45,0,0,0,0,19-APR-2021,
OPTSTK,LTI,24-Jun-2021,5000,PE,0,0,0,1200.5,989.25,0,0,0,0,19-APR-2021,
OPTSTK,LTI,24-Jun-2021,5100,PE,0,0,0,1288.05,1075.2,0,0,0,0,19-APR-2021,
OPTSTK,LTI,24-Jun-2021,5200,PE,0,0,0,1377.05,1163,0,0,0,0,19-APR-2021,
OPTSTK,LTI,24-Jun-2021,5300,PE,0,0,0,1467.35,1252.5,0,0,0,0,19-APR-2021,
OPTSTK,LTTS,29-Apr-2021,1950,CE,0,0,0,683.45,738.9,0,0,0,0,19-APR-2021,
OPTSTK,LTTS,29-Apr-2021,2000,CE,0,0,0,633.75,688.95,0,0,0,0,19-APR-2021,
OPTSTK,LTTS,29-Apr-2021,2050,CE,0,0,0,584.1,639.05,0,0,0,0,19-APR-2021,
OPTSTK,LTTS,29-Apr-2021,2100,CE,0,0,0,534.4,589.2,0,0,0,0,19-APR-2021,
OPTSTK,LTTS,29-Apr-2021,2150,CE,0,0,0,484.75,539.4,0,0,0,0,19-APR-2021,
OPTSTK,LTTS,29-Apr-2021,2200,CE,0,0,0,435.05,489.85,0,0,0,0,19-APR-2021,
OPTSTK,LTTS,29-Apr-2021,2250,CE,0,0,0,385.4,440.7,0,0,0,0,19-APR-2021,
OPTSTK,LTTS,29-Apr-2021,2300,CE,0,0,0,369.1,392.2,0,0,200,0,19-APR-2021,
OPTSTK,LTTS,29-Apr-2021,2350,CE,0,0,0,286.05,344.75,0,0,0,0,19-APR-2021,
OPTSTK,LTTS,29-Apr-2021,2400,CE,0,0,0,236.35,298.9,0,0,0,0,19-APR-2021,
OPTSTK,LTTS,29-Apr-2021,2450,CE,0,0,0,186.7,255.1,0,0,0,0,19-APR-2021,
OPTSTK,LTTS,29-Apr-2021,2500,CE,0,0,0,137,214.1,0,0,0,0,19-APR-2021,
OPTSTK,LTTS,29-Apr-2021,2550,CE,0,0,0,87.3,176.35,0,0,0,0,19-APR-2021,
OPTSTK,LTTS,29-Apr-2021,2600,CE,0,0,0,168.8,142.5,0,0,5600,0,19-APR-2021,
OPTSTK,LTTS,29-Apr-2021,2650,CE,0,0,0,0.05,112.8,0,0,0,0,19-APR-2021,
OPTSTK,LTTS,29-Apr-2021,2700,CE,80,131.7,46.5,64.45,64.45,26,144.59,7600,0,19-APR-2021,
OPTSTK,LTTS,29-Apr-2021,2750,CE,80.1,90,58.05,59.35,59.35,20,112.72,3000,1400,19-APR-2021,
OPTSTK,LTTS,29-Apr-2021,2800,CE,45,81.05,30.05,41.6,41.6,643,3680.57,32400,4200,19-APR-2021,
OPTSTK,LTTS,29-Apr-2021,2850,CE,50,50,31,31,35.8,4,23.11,1600,0,19-APR-2021,
OPTSTK,LTTS,29-Apr-2021,2900,CE,20,45,17.15,23.35,23.35,80,469.1,19400,-1000,19-APR-2021,
OPTSTK,LTTS,29-Apr-2021,2950,CE,20.45,20.45,20.45,20.45,17.6,1,5.94,1400,-200,19-APR-2021,
OPTSTK,LTTS,29-Apr-2021,3000,CE,7,24,7,14.3,14.3,54,325.78,25200,-3000,19-APR-2021,
OPTSTK,LTTS,29-Apr-2021,3050,CE,0,0,0,20,7.95,0,0,1800,0,19-APR-2021,
OPTSTK,LTTS,29-Apr-2021,3100,CE,9,12,7.05,9,9,68,422.89,21600,-2200,19-APR-2021,
OPTSTK,LTTS,29-Apr-2021,3150,CE,9.55,9.55,9.55,9.55,9.55,1,6.31,600,0,19-APR-2021,
OPTSTK,LTTS,29-Apr-2021,3200,CE,3.75,11.85,3.75,7,7,13,83.39,21400,-600,19-APR-2021,
OPTSTK,LTTS,29-Apr-2021,3250,CE,0,0,0,0.05,1.3,0,0,0,0,19-APR-2021,
OPTSTK,LTTS,29-Apr-2021,3300,CE,4.25,5.95,4.25,5.95,0.8,2,13.22,5400,-200,19-APR-2021,
OPTSTK,LTTS,29-Apr-2021,3350,CE,0,0,0,0.05,0.45,0,0,0,0,19-APR-2021,
OPTSTK,LTTS,29-Apr-2021,3400,CE,0,0,0,4.85,0.3,0,0,1200,0,19-APR-2021,
OPTSTK,LTTS,29-Apr-2021,3450,CE,0,0,0,0.05,0.15,0,0,0,0,19-APR-2021,
OPTSTK,LTTS,29-Apr-2021,1950,PE,0,0,0,0.05,0,0,0,0,0,19-APR-2021,
OPTSTK,LTTS,29-Apr-2021,2000,PE,0,0,0,0.05,0.05,0,0,0,0,19-APR-2021,
OPTSTK,LTTS,29-Apr-2021,2050,PE,0,0,0,0.05,0.05,0,0,0,0,19-APR-2021,
OPTSTK,LTTS,29-Apr-2021,2100,PE,0,0,0,0.05,0.15,0,0,0,0,19-APR-2021,
OPTSTK,LTTS,29-Apr-2021,2150,PE,0,0,0,0.05,0.3,0,0,0,0,19-APR-2021,
OPTSTK,LTTS,29-Apr-2021,2200,PE,0,0,0,4.8,0.7,0,0,3600,0,19-APR-2021,
OPTSTK,LTTS,29-Apr-2021,2250,PE,0,0,0,0.05,1.5,0,0,0,0,19-APR-2021,
OPTSTK,LTTS,29-Apr-2021,2300,PE,0,0,0,5,2.95,0,0,800,0,19-APR-2021,
OPTSTK,LTTS,29-Apr-2021,2350,PE,0,0,0,5.65,5.5,0,0,200,0,19-APR-2021,
OPTSTK,LTTS,29-Apr-2021,2400,PE,10,10,10,10,10,1,4.82,3600,0,19-APR-2021,
OPTSTK,LTTS,29-Apr-2021,2450,PE,0,0,0,0.05,15.75,0,0,0,0,19-APR-2021,
OPTSTK,LTTS,29-Apr-2021,2500,PE,20.95,20.95,14.55,20,20,8,40.3,8600,-800,19-APR-2021,
OPTSTK,LTTS,29-Apr-2021,2550,PE,0,0,0,0.05,36.9,0,0,0,0,19-APR-2021,
OPTSTK,LTTS,29-Apr-2021,2600,PE,41.1,41.1,25,36.95,36.95,9,47.39,7400,0,19-APR-2021,
OPTSTK,LTTS,29-Apr-2021,2650,PE,39.15,39.15,39.15,39.15,73.25,1,5.37,200,0,19-APR-2021,
OPTSTK,LTTS,29-Apr-2021,2700,PE,75,80,49.65,75.35,75.35,14,77.29,7800,-400,19-APR-2021,
OPTSTK,LTTS,29-Apr-2021,2750,PE,80.3,90.15,80.3,90.15,126.6,2,11.34,0,0,19-APR-2021,
OPTSTK,LTTS,29-Apr-2021,2800,PE,126.8,126.8,90,100,159.45,5,29.03,10200,-400,19-APR-2021,
OPTSTK,LTTS,29-Apr-2021,2850,PE,0,0,0,210.8,196.05,0,0,0,0,19-APR-2021,
OPTSTK,LTTS,29-Apr-2021,2900,PE,0,0,0,204,235.55,0,0,12800,0,19-APR-2021,
OPTSTK,LTTS,29-Apr-2021,2950,PE,0,0,0,310.15,277.75,0,0,0,0,19-APR-2021,
OPTSTK,LTTS,29-Apr-2021,3000,PE,0,0,0,285.2,322.05,0,0,1400,0,19-APR-2021,
OPTSTK,LTTS,29-Apr-2021,3050,PE,0,0,0,409.5,368,0,0,0,0,19-APR-2021,
OPTSTK,LTTS,29-Apr-2021,3100,PE,0,0,0,378.65,415.15,0,0,400,0,19-APR-2021,
OPTSTK,LTTS,29-Apr-2021,3150,PE,0,0,0,508.85,463.25,0,0,0,0,19-APR-2021,
OPTSTK,LTTS,29-Apr-2021,3200,PE,0,0,0,558.5,511.95,0,0,0,0,19-APR-2021,
OPTSTK,LTTS,29-Apr-2021,3250,PE,0,0,0,608.2,561.1,0,0,0,0,19-APR-2021,
OPTSTK,LTTS,29-Apr-2021,3300,PE,0,0,0,657.9,610.55,0,0,0,0,19-APR-2021,
OPTSTK,LTTS,29-Apr-2021,3350,PE,0,0,0,707.55,660.2,0,0,0,0,19-APR-2021,
OPTSTK,LTTS,29-Apr-2021,3400,PE,0,0,0,757.25,709.95,0,0,0,0,19-APR-2021,
OPTSTK,LTTS,29-Apr-2021,3450,PE,0,0,0,806.9,759.8,0,0,0,0,19-APR-2021,
OPTSTK,LTTS,27-May-2021,1950,CE,0,0,0,689,748.5,0,0,0,0,19-APR-2021,
OPTSTK,LTTS,27-May-2021,2000,CE,0,0,0,639.5,700.6,0,0,0,0,19-APR-2021,
OPTSTK,LTTS,27-May-2021,2050,CE,0,0,0,589.95,653.4,0,0,0,0,19-APR-2021,
OPTSTK,LTTS,27-May-2021,2100,CE,0,0,0,540.4,607.1,0,0,0,0,19-APR-2021,
OPTSTK,LTTS,27-May-2021,2150,CE,0,0,0,490.9,561.8,0,0,0,0,19-APR-2021,
OPTSTK,LTTS,27-May-2021,2200,CE,0,0,0,441.35,517.8,0,0,0,0,19-APR-2021,
OPTSTK,LTTS,27-May-2021,2250,CE,0,0,0,391.8,475.15,0,0,0,0,19-APR-2021,
OPTSTK,LTTS,27-May-2021,2300,CE,0,0,0,342.25,434.15,0,0,0,0,19-APR-2021,
OPTSTK,LTTS,27-May-2021,2350,CE,0,0,0,292.75,394.9,0,0,0,0,19-APR-2021,
OPTSTK,LTTS,27-May-2021,2400,CE,0,0,0,243.2,357.6,0,0,0,0,19-APR-2021,
OPTSTK,LTTS,27-May-2021,2450,CE,0,0,0,193.65,322.15,0,0,0,0,19-APR-2021,
OPTSTK,LTTS,27-May-2021,2500,CE,0,0,0,144.15,289,0,0,0,0,19-APR-2021,
OPTSTK,LTTS,27-May-2021,2550,CE,0,0,0,94.6,258.05,0,0,0,0,19-APR-2021,
OPTSTK,LTTS,27-May-2021,2600,CE,0,0,0,45.05,229.35,0,0,0,0,19-APR-2021,
OPTSTK,LTTS,27-May-2021,2650,CE,0,0,0,1.1,202.9,0,0,0,0,19-APR-2021,
OPTSTK,LTTS,27-May-2021,2700,CE,0,0,0,0.05,178.65,0,0,0,0,19-APR-2021,
OPTSTK,LTTS,27-May-2021,2750,CE,0,0,0,0.05,156.6,0,0,0,0,19-APR-2021,
OPTSTK,LTTS,27-May-2021,2800,CE,0,0,0,0.05,136.65,0,0,0,0,19-APR-2021,
OPTSTK,LTTS,27-May-2021,2850,CE,0,0,0,0.05,118.75,0,0,0,0,19-APR-2021,
OPTSTK,LTTS,27-May-2021,2900,CE,0,0,0,184.7,102.75,0,0,600,0,19-APR-2021,
OPTSTK,LTTS,27-May-2021,2950,CE,0,0,0,0.05,88.5,0,0,0,0,19-APR-2021,
OPTSTK,LTTS,27-May-2021,3000,CE,0,0,0,0.05,76.05,0,0,0,0,19-APR-2021,
OPTSTK,LTTS,27-May-2021,3050,CE,0,0,0,0.05,65.05,0,0,0,0,19-APR-2021,
OPTSTK,LTTS,27-May-2021,3100,CE,0,0,0,0.05,55.3,0,0,0,0,19-APR-2021,
OPTSTK,LTTS,27-May-2021,3150,CE,0,0,0,0.05,46.9,0,0,0,0,19-APR-2021,
OPTSTK,LTTS,27-May-2021,3200,CE,0,0,0,0.05,39.65,0,0,0,0,19-APR-2021,
OPTSTK,LTTS,27-May-2021,3250,CE,0,0,0,0.05,33.4,0,0,0,0,19-APR-2021,
OPTSTK,LTTS,27-May-2021,3300,CE,0,0,0,0.05,28,0,0,0,0,19-APR-2021,
OPTSTK,LTTS,27-May-2021,3350,CE,0,0,0,0.05,23.45,0,0,0,0,19-APR-2021,
OPTSTK,LTTS,27-May-2021,3400,CE,0,0,0,0.05,19.55,0,0,0,0,19-APR-2021,
OPTSTK,LTTS,27-May-2021,3450,CE,0,0,0,0.05,16.25,0,0,0,0,19-APR-2021,
OPTSTK,LTTS,27-May-2021,1950,PE,0,0,0,0.05,3.95,0,0,0,0,19-APR-2021,
OPTSTK,LTTS,27-May-2021,2000,PE,0,0,0,0.05,5.85,0,0,0,0,19-APR-2021,
OPTSTK,LTTS,27-May-2021,2050,PE,0,0,0,0.05,8.45,0,0,0,0,19-APR-2021,
OPTSTK,LTTS,27-May-2021,2100,PE,0,0,0,0.05,11.95,0,0,0,0,19-APR-2021,
OPTSTK,LTTS,27-May-2021,2150,PE,0,0,0,0.05,16.5,0,0,0,0,19-APR-2021,
OPTSTK,LTTS,27-May-2021,2200,PE,0,0,0,0.05,22.25,0,0,0,0,19-APR-2021,
OPTSTK,LTTS,27-May-2021,2250,PE,0,0,0,0.05,29.45,0,0,0,0,19-APR-2021,
OPTSTK,LTTS,27-May-2021,2300,PE,0,0,0,0.05,38.25,0,0,0,0,19-APR-2021,
OPTSTK,LTTS,27-May-2021,2350,PE,0,0,0,0.05,48.8,0,0,0,0,19-APR-2021,
OPTSTK,LTTS,27-May-2021,2400,PE,0,0,0,0.05,61.3,0,0,0,0,19-APR-2021,
OPTSTK,LTTS,27-May-2021,2450,PE,0,0,0,0.05,75.65,0,0,0,0,19-APR-2021,
OPTSTK,LTTS,27-May-2021,2500,PE,0,0,0,0.05,92.3,0,0,0,0,19-APR-2021,
OPTSTK,LTTS,27-May-2021,2550,PE,0,0,0,0.05,111.15,0,0,0,0,19-APR-2021,
OPTSTK,LTTS,27-May-2021,2600,PE,0,0,0,80,132.25,0,0,200,0,19-APR-2021,
OPTSTK,LTTS,27-May-2021,2650,PE,0,0,0,5.6,155.6,0,0,0,0,19-APR-2021,
OPTSTK,LTTS,27-May-2021,2700,PE,0,0,0,54.05,181.2,0,0,0,0,19-APR-2021,
OPTSTK,LTTS,27-May-2021,2750,PE,0,0,0,103.6,208.95,0,0,0,0,19-APR-2021,
OPTSTK,LTTS,27-May-2021,2800,PE,0,0,0,153.1,238.8,0,0,0,0,19-APR-2021,
OPTSTK,LTTS,27-May-2021,2850,PE,0,0,0,202.65,270.7,0,0,0,0,19-APR-2021,
OPTSTK,LTTS,27-May-2021,2900,PE,0,0,0,252.2,304.5,0,0,0,0,19-APR-2021,
OPTSTK,LTTS,27-May-2021,2950,PE,0,0,0,301.7,340.05,0,0,0,0,19-APR-2021,
OPTSTK,LTTS,27-May-2021,3000,PE,0,0,0,351.25,377.45,0,0,0,0,19-APR-2021,
OPTSTK,LTTS,27-May-2021,3050,PE,0,0,0,400.8,416.25,0,0,0,0,19-APR-2021,
OPTSTK,LTTS,27-May-2021,3100,PE,0,0,0,450.3,456.3,0,0,0,0,19-APR-2021,
OPTSTK,LTTS,27-May-2021,3150,PE,0,0,0,499.85,497.7,0,0,0,0,19-APR-2021,
OPTSTK,LTTS,27-May-2021,3200,PE,0,0,0,549.4,540.25,0,0,0,0,19-APR-2021,
OPTSTK,LTTS,27-May-2021,3250,PE,0,0,0,598.95,583.8,0,0,0,0,19-APR-2021,
OPTSTK,LTTS,27-May-2021,3300,PE,0,0,0,648.45,628.2,0,0,0,0,19-APR-2021,
OPTSTK,LTTS,27-May-2021,3350,PE,0,0,0,698,673.45,0,0,0,0,19-APR-2021,
OPTSTK,LTTS,27-May-2021,3400,PE,0,0,0,747.55,719.35,0,0,0,0,19-APR-2021,
OPTSTK,LTTS,27-May-2021,3450,PE,0,0,0,797.05,765.85,0,0,0,0,19-APR-2021,
OPTSTK,LTTS,24-Jun-2021,1950,CE,0,0,0,611.1,765.65,0,0,0,0,19-APR-2021,
OPTSTK,LTTS,24-Jun-2021,2000,CE,0,0,0,572.15,720.75,0,0,0,0,19-APR-2021,
OPTSTK,LTTS,24-Jun-2021,2050,CE,0,0,0,534.75,676.85,0,0,0,0,19-APR-2021,
OPTSTK,LTTS,24-Jun-2021,2100,CE,0,0,0,498.7,634.05,0,0,0,0,19-APR-2021,
OPTSTK,LTTS,24-Jun-2021,2150,CE,0,0,0,464.2,592.55,0,0,0,0,19-APR-2021,
OPTSTK,LTTS,24-Jun-2021,2200,CE,0,0,0,431.15,552.35,0,0,0,0,19-APR-2021,
OPTSTK,LTTS,24-Jun-2021,2250,CE,0,0,0,399.85,513.6,0,0,0,0,19-APR-2021,
OPTSTK,LTTS,24-Jun-2021,2300,CE,0,0,0,370.1,476.5,0,0,0,0,19-APR-2021,
OPTSTK,LTTS,24-Jun-2021,2350,CE,0,0,0,342,440.85,0,0,0,0,19-APR-2021,
OPTSTK,LTTS,24-Jun-2021,2400,CE,0,0,0,315.5,406.75,0,0,0,0,19-APR-2021,
OPTSTK,LTTS,24-Jun-2021,2450,CE,0,0,0,290.5,374.5,0,0,0,0,19-APR-2021,
OPTSTK,LTTS,24-Jun-2021,2500,CE,0,0,0,267.1,344,0,0,0,0,19-APR-2021,
OPTSTK,LTTS,24-Jun-2021,2550,CE,0,0,0,245.2,315.2,0,0,0,0,19-APR-2021,
OPTSTK,LTTS,24-Jun-2021,2600,CE,0,0,0,224.7,288.15,0,0,0,0,19-APR-2021,
OPTSTK,LTTS,24-Jun-2021,2650,CE,0,0,0,205.65,262.8,0,0,0,0,19-APR-2021,
OPTSTK,LTTS,24-Jun-2021,2700,CE,0,0,0,187.95,239.15,0,0,0,0,19-APR-2021,
OPTSTK,LTTS,24-Jun-2021,2750,CE,0,0,0,171.5,217.15,0,0,0,0,19-APR-2021,
OPTSTK,LTTS,24-Jun-2021,2800,CE,0,0,0,156.3,196.75,0,0,0,0,19-APR-2021,
OPTSTK,LTTS,24-Jun-2021,2850,CE,0,0,0,142.25,177.9,0,0,0,0,19-APR-2021,
OPTSTK,LTTS,24-Jun-2021,2900,CE,0,0,0,129.45,160.55,0,0,0,0,19-APR-2021,
OPTSTK,LTTS,24-Jun-2021,2950,CE,0,0,0,117.6,144.55,0,0,0,0,19-APR-2021,
OPTSTK,LTTS,24-Jun-2021,3000,CE,0,0,0,106.7,129.95,0,0,0,0,19-APR-2021,
OPTSTK,LTTS,24-Jun-2021,3050,CE,0,0,0,96.7,116.55,0,0,0,0,19-APR-2021,
OPTSTK,LTTS,24-Jun-2021,3100,CE,0,0,0,87.45,104.55,0,0,0,0,19-APR-2021,
OPTSTK,LTTS,24-Jun-2021,3150,CE,0,0,0,79.1,93.5,0,0,0,0,19-APR-2021,
OPTSTK,LTTS,24-Jun-2021,3200,CE,0,0,0,71.45,83.5,0,0,0,0,19-APR-2021,
OPTSTK,LTTS,24-Jun-2021,3250,CE,0,0,0,64.5,74.3,0,0,0,0,19-APR-2021,
OPTSTK,LTTS,24-Jun-2021,3300,CE,0,0,0,58.2,66.15,0,0,0,0,19-APR-2021,
OPTSTK,LTTS,24-Jun-2021,3350,CE,0,0,0,52.4,58.75,0,0,0,0,19-APR-2021,
OPTSTK,LTTS,24-Jun-2021,3400,CE,0,0,0,47.2,52.1,0,0,0,0,19-APR-2021,
OPTSTK,LTTS,24-Jun-2021,3450,CE,0,0,0,42.45,46.15,0,0,0,0,19-APR-2021,
OPTSTK,LTTS,24-Jun-2021,1950,PE,0,0,0,50.4,15.55,0,0,0,0,19-APR-2021,
OPTSTK,LTTS,24-Jun-2021,2000,PE,0,0,0,61,20.25,0,0,0,0,19-APR-2021,
OPTSTK,LTTS,24-Jun-2021,2050,PE,0,0,0,73.1,26.05,0,0,0,0,19-APR-2021,
OPTSTK,LTTS,24-Jun-2021,2100,PE,0,0,0,86.6,32.9,0,0,0,0,19-APR-2021,
OPTSTK,LTTS,24-Jun-2021,2150,PE,0,0,0,101.65,41.05,0,0,0,0,19-APR-2021,
OPTSTK,LTTS,24-Jun-2021,2200,PE,0,0,0,118.1,50.55,0,0,0,0,19-APR-2021,
OPTSTK,LTTS,24-Jun-2021,2250,PE,0,0,0,136.35,61.45,0,0,0,0,19-APR-2021,
OPTSTK,LTTS,24-Jun-2021,2300,PE,0,0,0,156.15,74,0,0,0,0,19-APR-2021,
OPTSTK,LTTS,24-Jun-2021,2350,PE,0,0,0,177.6,88,0,0,0,0,19-APR-2021,
OPTSTK,LTTS,24-Jun-2021,2400,PE,0,0,0,200.6,103.6,0,0,0,0,19-APR-2021,
OPTSTK,LTTS,24-Jun-2021,2450,PE,0,0,0,225.15,121,0,0,0,0,19-APR-2021,
OPTSTK,LTTS,24-Jun-2021,2500,PE,0,0,0,251.3,140.15,0,0,0,0,19-APR-2021,
OPTSTK,LTTS,24-Jun-2021,2550,PE,0,0,0,278.9,161.05,0,0,0,0,19-APR-2021,
OPTSTK,LTTS,24-Jun-2021,2600,PE,0,0,0,307.95,183.65,0,0,0,0,19-APR-2021,
OPTSTK,LTTS,24-Jun-2021,2650,PE,0,0,0,338.45,207.95,0,0,0,0,19-APR-2021,
OPTSTK,LTTS,24-Jun-2021,2700,PE,0,0,0,370.25,233.95,0,0,0,0,19-APR-2021,
OPTSTK,LTTS,24-Jun-2021,2750,PE,0,0,0,403.35,261.65,0,0,0,0,19-APR-2021,
OPTSTK,LTTS,24-Jun-2021,2800,PE,0,0,0,437.7,290.9,0,0,0,0,19-APR-2021,
OPTSTK,LTTS,24-Jun-2021,2850,PE,0,0,0,473.2,321.7,0,0,0,0,19-APR-2021,
OPTSTK,LTTS,24-Jun-2021,2900,PE,0,0,0,509.9,354,0,0,0,0,19-APR-2021,
OPTSTK,LTTS,24-Jun-2021,2950,PE,0,0,0,547.6,387.7,0,0,0,0,19-APR-2021,
OPTSTK,LTTS,24-Jun-2021,3000,PE,0,0,0,586.25,422.7,0,0,0,0,19-APR-2021,
OPTSTK,LTTS,24-Jun-2021,3050,PE,0,0,0,625.8,459,0,0,0,0,19-APR-2021,
OPTSTK,LTTS,24-Jun-2021,3100,PE,0,0,0,666.1,496.65,0,0,0,0,19-APR-2021,
OPTSTK,LTTS,24-Jun-2021,3150,PE,0,0,0,707.25,535.25,0,0,0,0,19-APR-2021,
OPTSTK,LTTS,24-Jun-2021,3200,PE,0,0,0,749.15,574.9,0,0,0,0,19-APR-2021,
OPTSTK,LTTS,24-Jun-2021,3250,PE,0,0,0,791.7,615.4,0,0,0,0,19-APR-2021,
OPTSTK,LTTS,24-Jun-2021,3300,PE,0,0,0,834.9,656.9,0,0,0,0,19-APR-2021,
OPTSTK,LTTS,24-Jun-2021,3350,PE,0,0,0,878.7,699.15,0,0,0,0,19-APR-2021,
OPTSTK,LTTS,24-Jun-2021,3400,PE,0,0,0,923,742.2,0,0,0,0,19-APR-2021,
OPTSTK,LTTS,24-Jun-2021,3450,PE,0,0,0,967.8,785.9,0,0,0,0,19-APR-2021,
OPTSTK,LUPIN,29-Apr-2021,670,CE,0,0,0,325,395.25,0,0,1700,0,19-APR-2021,
OPTSTK,LUPIN,29-Apr-2021,680,CE,0,0,0,377.2,385.25,0,0,0,0,19-APR-2021,
OPTSTK,LUPIN,29-Apr-2021,690,CE,0,0,0,367.6,375.25,0,0,0,0,19-APR-2021,
OPTSTK,LUPIN,29-Apr-2021,700,CE,0,0,0,358,365.25,0,0,0,0,19-APR-2021,
OPTSTK,LUPIN,29-Apr-2021,710,CE,0,0,0,348.5,355.3,0,0,0,0,19-APR-2021,
OPTSTK,LUPIN,29-Apr-2021,720,CE,0,0,0,339.1,345.3,0,0,0,0,19-APR-2021,
OPTSTK,LUPIN,29-Apr-2021,730,CE,0,0,0,329.7,335.3,0,0,0,0,19-APR-2021,
OPTSTK,LUPIN,29-Apr-2021,740,CE,0,0,0,320.4,325.3,0,0,0,0,19-APR-2021,
OPTSTK,LUPIN,29-Apr-2021,750,CE,0,0,0,311.15,315.3,0,0,0,0,19-APR-2021,
OPTSTK,LUPIN,29-Apr-2021,760,CE,0,0,0,302.05,305.35,0,0,0,0,19-APR-2021,
OPTSTK,LUPIN,29-Apr-2021,770,CE,0,0,0,292.95,295.35,0,0,0,0,19-APR-2021,
OPTSTK,LUPIN,29-Apr-2021,780,CE,0,0,0,284,285.35,0,0,0,0,19-APR-2021,
OPTSTK,LUPIN,29-Apr-2021,790,CE,0,0,0,275.15,275.35,0,0,0,0,19-APR-2021,
OPTSTK,LUPIN,29-Apr-2021,800,CE,0,0,0,266.4,265.35,0,0,0,0,19-APR-2021,
OPTSTK,LUPIN,29-Apr-2021,810,CE,0,0,0,257.75,255.4,0,0,0,0,19-APR-2021,
OPTSTK,LUPIN,29-Apr-2021,820,CE,0,0,0,249.25,245.4,0,0,0,0,19-APR-2021,
OPTSTK,LUPIN,29-Apr-2021,830,CE,0,0,0,240.85,235.4,0,0,0,0,19-APR-2021,
OPTSTK,LUPIN,29-Apr-2021,840,CE,0,0,0,207.8,225.4,0,0,0,0,19-APR-2021,
OPTSTK,LUPIN,29-Apr-2021,850,CE,0,0,0,224.45,215.45,0,0,0,0,19-APR-2021,
OPTSTK,LUPIN,29-Apr-2021,860,CE,0,0,0,216.45,205.45,0,0,0,0,19-APR-2021,
OPTSTK,LUPIN,29-Apr-2021,870,CE,0,0,0,208.65,195.45,0,0,0,0,19-APR-2021,
OPTSTK,LUPIN,29-Apr-2021,880,CE,0,0,0,200.95,185.5,0,0,0,0,19-APR-2021,
OPTSTK,LUPIN,29-Apr-2021,890,CE,0,0,0,193.4,175.55,0,0,0,0,19-APR-2021,
OPTSTK,LUPIN,29-Apr-2021,900,CE,0,0,0,120,165.65,0,0,850,0,19-APR-2021,
OPTSTK,LUPIN,29-Apr-2021,910,CE,0,0,0,178.85,155.75,0,0,0,0,19-APR-2021,
OPTSTK,LUPIN,29-Apr-2021,920,CE,0,0,0,171.8,145.9,0,0,0,0,19-APR-2021,
OPTSTK,LUPIN,29-Apr-2021,930,CE,0,0,0,164.95,136.15,0,0,0,0,19-APR-2021,
OPTSTK,LUPIN,29-Apr-2021,940,CE,0,0,0,158.2,126.5,0,0,0,0,19-APR-2021,
OPTSTK,LUPIN,29-Apr-2021,950,CE,0,0,0,106,116.95,0,0,1700,0,19-APR-2021,
OPTSTK,LUPIN,29-Apr-2021,960,CE,0,0,0,78,107.6,0,0,850,0,19-APR-2021,
OPTSTK,LUPIN,29-Apr-2021,970,CE,0,0,0,139.15,98.45,0,0,0,0,19-APR-2021,
OPTSTK,LUPIN,29-Apr-2021,980,CE,67.45,82.4,67.45,82.4,89.5,2,17.93,15300,-850,19-APR-2021,
OPTSTK,LUPIN,29-Apr-2021,990,CE,0,0,0,85,80.9,0,0,24650,0,19-APR-2021,
OPTSTK,LUPIN,29-Apr-2021,1000,CE,63.7,79.85,55.2,70.95,70.95,40,361.97,126650,4250,19-APR-2021,
OPTSTK,LUPIN,29-Apr-2021,1010,CE,0,0,0,53,64.7,0,0,21250,0,19-APR-2021,
OPTSTK,LUPIN,29-Apr-2021,1020,CE,52.05,64.25,42.45,56.2,56.2,30,273.28,78200,5950,19-APR-2021,
OPTSTK,LUPIN,29-Apr-2021,1030,CE,42.65,47.1,38,40.05,50.25,5,45.52,25500,-1700,19-APR-2021,
OPTSTK,LUPIN,29-Apr-2021,1040,CE,37.3,52.55,29.95,46.6,46.6,248,2276.53,98600,-5950,19-APR-2021,
OPTSTK,LUPIN,29-Apr-2021,1050,CE,24.55,45.5,19.15,39.15,39.15,982,9038.66,255850,52700,19-APR-2021,
OPTSTK,LUPIN,29-Apr-2021,1060,CE,30,40,15.95,35.2,35.2,2863,26552.05,408000,147900,19-APR-2021,
OPTSTK,LUPIN,29-Apr-2021,1070,CE,14.85,36,13.65,32.4,32.4,582,5430.04,184450,56100,19-APR-2021,
OPTSTK,LUPIN,29-Apr-2021,1080,CE,18.1,31,11.55,27.35,27.35,1744,16370.97,539750,158950,19-APR-2021,
OPTSTK,LUPIN,29-Apr-2021,1090,CE,10,26.95,9.95,23.8,23.8,445,4198.44,137700,43350,19-APR-2021,
OPTSTK,LUPIN,29-Apr-2021,1100,CE,14,23.9,8.6,20.8,20.8,3248,30870.54,1235050,39100,19-APR-2021,
OPTSTK,LUPIN,29-Apr-2021,1110,CE,13,20.35,11.4,17.35,17.35,230,2201.29,124100,23800,19-APR-2021,
OPTSTK,LUPIN,29-Apr-2021,1120,CE,6.3,17.45,4.85,15.05,15.05,566,5449.92,259250,34000,19-APR-2021,
OPTSTK,LUPIN,29-Apr-2021,1130,CE,0,0,0,64,8.5,0,0,0,0,19-APR-2021,
OPTSTK,LUPIN,29-Apr-2021,1140,CE,8.1,13.4,4.85,11.3,11.3,426,4162.06,132600,11050,19-APR-2021,
OPTSTK,LUPIN,29-Apr-2021,1150,CE,4.95,11.5,4.95,9.8,9.8,491,4834.44,191250,-15300,19-APR-2021,
OPTSTK,LUPIN,29-Apr-2021,1160,CE,1.5,10,1.5,8.7,8.7,292,2897.21,97750,850,19-APR-2021,
OPTSTK,LUPIN,29-Apr-2021,1170,CE,4.75,9.95,4.05,8.75,8.75,6,59.98,7650,-850,19-APR-2021,
OPTSTK,LUPIN,29-Apr-2021,1180,CE,1.4,8,1.4,6.8,6.8,215,2167.11,62050,7650,19-APR-2021,
OPTSTK,LUPIN,29-Apr-2021,1190,CE,0,0,0,46.1,1.9,0,0,0,0,19-APR-2021,
OPTSTK,LUPIN,29-Apr-2021,1200,CE,2.25,6.5,2,5.4,5.4,995,10189.55,453900,73950,19-APR-2021,
OPTSTK,LUPIN,29-Apr-2021,1210,CE,0,0,0,4,1.1,0,0,1700,0,19-APR-2021,
OPTSTK,LUPIN,29-Apr-2021,1220,CE,3.85,4.5,3,4.35,4.35,19,197.71,10200,7650,19-APR-2021,
OPTSTK,LUPIN,29-Apr-2021,1230,CE,0,0,0,36.75,0.6,0,0,0,0,19-APR-2021,
OPTSTK,LUPIN,29-Apr-2021,1240,CE,0,0,0,34.7,0.45,0,0,0,0,19-APR-2021,
OPTSTK,LUPIN,29-Apr-2021,1250,CE,1.95,3.6,1.95,3.1,3.1,29,308.8,68850,850,19-APR-2021,
OPTSTK,LUPIN,29-Apr-2021,1260,CE,0,0,0,30.8,0.25,0,0,0,0,19-APR-2021,
OPTSTK,LUPIN,29-Apr-2021,1270,CE,0,0,0,29.05,0.15,0,0,0,0,19-APR-2021,
OPTSTK,LUPIN,29-Apr-2021,1280,CE,0,0,0,27.35,0.15,0,0,0,0,19-APR-2021,
OPTSTK,LUPIN,29-Apr-2021,1290,CE,0,0,0,1.7,0.1,0,0,0,0,19-APR-2021,
OPTSTK,LUPIN,29-Apr-2021,1300,CE,0.75,1.9,0.75,1.55,1.55,21,232.28,73100,850,19-APR-2021,
OPTSTK,LUPIN,29-Apr-2021,670,PE,0,0,0,0.5,0,0,0,1700,0,19-APR-2021,
OPTSTK,LUPIN,29-Apr-2021,680,PE,0,0,0,1.55,0,0,0,0,0,19-APR-2021,
OPTSTK,LUPIN,29-Apr-2021,690,PE,0,0,0,1.85,0,0,0,0,0,19-APR-2021,
OPTSTK,LUPIN,29-Apr-2021,700,PE,0,0,0,2.2,0,0,0,0,0,19-APR-2021,
OPTSTK,LUPIN,29-Apr-2021,710,PE,0,0,0,2.6,0,0,0,0,0,19-APR-2021,
OPTSTK,LUPIN,29-Apr-2021,720,PE,0,0,0,3.05,0,0,0,0,0,19-APR-2021,
OPTSTK,LUPIN,29-Apr-2021,730,PE,0,0,0,3.6,0,0,0,0,0,19-APR-2021,
OPTSTK,LUPIN,29-Apr-2021,740,PE,0,0,0,4.2,0,0,0,0,0,19-APR-2021,
OPTSTK,LUPIN,29-Apr-2021,750,PE,0,0,0,4.9,0,0,0,0,0,19-APR-2021,
OPTSTK,LUPIN,29-Apr-2021,760,PE,0,0,0,5.65,0,0,0,0,0,19-APR-2021,
OPTSTK,LUPIN,29-Apr-2021,770,PE,0,0,0,6.5,0,0,0,0,0,19-APR-2021,
OPTSTK,LUPIN,29-Apr-2021,780,PE,0,0,0,1.5,0,0,0,0,0,19-APR-2021,
OPTSTK,LUPIN,29-Apr-2021,790,PE,0,0,0,8.5,0,0,0,0,0,19-APR-2021,
OPTSTK,LUPIN,29-Apr-2021,800,PE,0,0,0,9.65,0,0,0,0,0,19-APR-2021,
OPTSTK,LUPIN,29-Apr-2021,810,PE,0,0,0,10.9,0,0,0,0,0,19-APR-2021,
OPTSTK,LUPIN,29-Apr-2021,820,PE,0,0,0,12.3,0,0,0,0,0,19-APR-2021,
OPTSTK,LUPIN,29-Apr-2021,830,PE,0,0,0,13.8,0,0,0,0,0,19-APR-2021,
OPTSTK,LUPIN,29-Apr-2021,840,PE,0,0,0,15.45,0.05,0,0,0,0,19-APR-2021,
OPTSTK,LUPIN,29-Apr-2021,850,PE,0,0,0,17.25,0.05,0,0,0,0,19-APR-2021,
OPTSTK,LUPIN,29-Apr-2021,860,PE,0,0,0,1.35,0.05,0,0,0,0,19-APR-2021,
OPTSTK,LUPIN,29-Apr-2021,870,PE,0,0,0,1.35,0.05,0,0,850,0,19-APR-2021,
OPTSTK,LUPIN,29-Apr-2021,880,PE,0,0,0,23.45,0.1,0,0,0,0,19-APR-2021,
OPTSTK,LUPIN,29-Apr-2021,890,PE,0,0,0,1.6,0.1,0,0,0,0,19-APR-2021,
OPTSTK,LUPIN,29-Apr-2021,900,PE,4.5,4.5,2,2.3,2.3,40,307.06,211650,-2550,19-APR-2021,
OPTSTK,LUPIN,29-Apr-2021,910,PE,0,0,0,31.1,0.3,0,0,0,0,19-APR-2021,
OPTSTK,LUPIN,29-Apr-2021,920,PE,3.15,3.15,3.15,3.15,0.45,1,7.84,9350,0,19-APR-2021,
OPTSTK,LUPIN,29-Apr-2021,930,PE,0,0,0,3,0.7,0,0,19550,0,19-APR-2021,
OPTSTK,LUPIN,29-Apr-2021,940,PE,5.75,5.75,3.6,3.65,3.65,33,264.87,55250,5950,19-APR-2021,
OPTSTK,LUPIN,29-Apr-2021,950,PE,5,7.6,3.1,3.9,3.9,304,2467.26,194650,28050,19-APR-2021,
OPTSTK,LUPIN,29-Apr-2021,960,PE,6,8.75,3,3.7,3.7,39,320.13,51850,5950,19-APR-2021,
OPTSTK,LUPIN,29-Apr-2021,970,PE,7,7,3.55,4,4,5,41.43,24650,1700,19-APR-2021,
OPTSTK,LUPIN,29-Apr-2021,980,PE,9.5,12.25,4.45,5.85,5.85,361,3032.07,116450,5100,19-APR-2021,
OPTSTK,LUPIN,29-Apr-2021,990,PE,11.3,11.3,8.1,8.1,8.1,2,16.99,10200,-850,19-APR-2021,
OPTSTK,LUPIN,29-Apr-2021,1000,PE,15.4,17,6.8,8.75,8.75,592,5089.39,394400,50150,19-APR-2021,
OPTSTK,LUPIN,29-Apr-2021,1010,PE,0,0,0,8.65,9.15,0,0,29750,0,19-APR-2021,
OPTSTK,LUPIN,29-Apr-2021,1020,PE,27.1,27.1,9.95,12.55,12.55,166,1462.8,113050,15300,19-APR-2021,
OPTSTK,LUPIN,29-Apr-2021,1030,PE,22.1,26.65,13.25,16.15,16.15,97,865.43,102000,37400,19-APR-2021,
OPTSTK,LUPIN,29-Apr-2021,1040,PE,27.6,32,15.5,18.45,18.45,326,2950.61,138550,11050,19-APR-2021,
OPTSTK,LUPIN,29-Apr-2021,1050,PE,37.4,37.7,19,22.9,22.9,429,3934.69,283900,67150,19-APR-2021,
OPTSTK,LUPIN,29-Apr-2021,1060,PE,37.55,42.7,23,26.2,26.2,250,2321.5,216750,42500,19-APR-2021,
OPTSTK,LUPIN,29-Apr-2021,1070,PE,31,31.25,26.15,30.1,30.1,10,93.5,21250,-1700,19-APR-2021,
OPTSTK,LUPIN,29-Apr-2021,1080,PE,44.5,50.9,35.4,36.65,36.65,18,171.31,48450,-850,19-APR-2021,
OPTSTK,LUPIN,29-Apr-2021,1090,PE,0,0,0,109.35,43.65,0,0,0,0,19-APR-2021,
OPTSTK,LUPIN,29-Apr-2021,1100,PE,65.45,65.5,47.1,51.6,51.6,10,98.64,73950,1700,19-APR-2021,
OPTSTK,LUPIN,29-Apr-2021,1110,PE,0,0,0,121.45,57.4,0,0,0,0,19-APR-2021,
OPTSTK,LUPIN,29-Apr-2021,1120,PE,0,0,0,127.75,64.95,0,0,0,0,19-APR-2021,
OPTSTK,LUPIN,29-Apr-2021,1130,PE,0,0,0,134.2,72.85,0,0,0,0,19-APR-2021,
OPTSTK,LUPIN,29-Apr-2021,1140,PE,0,0,0,140.75,81.1,0,0,0,0,19-APR-2021,
OPTSTK,LUPIN,29-Apr-2021,1150,PE,0,0,0,147.5,89.65,0,0,0,0,19-APR-2021,
OPTSTK,LUPIN,29-Apr-2021,1160,PE,0,0,0,99,98.5,0,0,0,0,19-APR-2021,
OPTSTK,LUPIN,29-Apr-2021,1170,PE,0,0,0,161.35,107.55,0,0,0,0,19-APR-2021,
OPTSTK,LUPIN,29-Apr-2021,1180,PE,0,0,0,168.5,116.75,0,0,0,0,19-APR-2021,
OPTSTK,LUPIN,29-Apr-2021,1190,PE,0,0,0,175.75,126.15,0,0,0,0,19-APR-2021,
OPTSTK,LUPIN,29-Apr-2021,1200,PE,0,0,0,183.15,135.7,0,0,0,0,19-APR-2021,
OPTSTK,LUPIN,29-Apr-2021,1210,PE,0,0,0,190.7,145.3,0,0,0,0,19-APR-2021,
OPTSTK,LUPIN,29-Apr-2021,1220,PE,0,0,0,198.3,155.05,0,0,0,0,19-APR-2021,
OPTSTK,LUPIN,29-Apr-2021,1230,PE,0,0,0,206.05,164.8,0,0,0,0,19-APR-2021,
OPTSTK,LUPIN,29-Apr-2021,1240,PE,0,0,0,213.85,174.65,0,0,0,0,19-APR-2021,
OPTSTK,LUPIN,29-Apr-2021,1250,PE,0,0,0,221.8,184.55,0,0,0,0,19-APR-2021,
OPTSTK,LUPIN,29-Apr-2021,1260,PE,0,0,0,229.8,194.45,0,0,0,0,19-APR-2021,
OPTSTK,LUPIN,29-Apr-2021,1270,PE,0,0,0,237.95,204.35,0,0,0,0,19-APR-2021,
OPTSTK,LUPIN,29-Apr-2021,1280,PE,0,0,0,246.15,214.3,0,0,0,0,19-APR-2021,
OPTSTK,LUPIN,29-Apr-2021,1290,PE,0,0,0,254.45,224.25,0,0,0,0,19-APR-2021,
OPTSTK,LUPIN,29-Apr-2021,1300,PE,0,0,0,290,234.25,0,0,1700,0,19-APR-2021,
OPTSTK,LUPIN,27-May-2021,670,CE,0,0,0,362.45,397.2,0,0,0,0,19-APR-2021,
OPTSTK,LUPIN,27-May-2021,680,CE,0,0,0,352.85,387.25,0,0,0,0,19-APR-2021,
OPTSTK,LUPIN,27-May-2021,690,CE,0,0,0,343.3,377.3,0,0,0,0,19-APR-2021,
OPTSTK,LUPIN,27-May-2021,700,CE,0,0,0,333.85,367.35,0,0,0,0,19-APR-2021,
OPTSTK,LUPIN,27-May-2021,710,CE,0,0,0,324.45,357.4,0,0,0,0,19-APR-2021,
OPTSTK,LUPIN,27-May-2021,720,CE,0,0,0,315.1,347.45,0,0,0,0,19-APR-2021,
OPTSTK,LUPIN,27-May-2021,730,CE,0,0,0,305.85,337.5,0,0,0,0,19-APR-2021,
OPTSTK,LUPIN,27-May-2021,740,CE,0,0,0,296.65,327.6,0,0,0,0,19-APR-2021,
OPTSTK,LUPIN,27-May-2021,750,CE,0,0,0,287.55,317.65,0,0,0,0,19-APR-2021,
OPTSTK,LUPIN,27-May-2021,760,CE,0,0,0,278.55,307.75,0,0,0,0,19-APR-2021,
OPTSTK,LUPIN,27-May-2021,770,CE,0,0,0,269.65,297.9,0,0,0,0,19-APR-2021,
OPTSTK,LUPIN,27-May-2021,780,CE,0,0,0,260.85,288.05,0,0,0,0,19-APR-2021,
OPTSTK,LUPIN,27-May-2021,790,CE,0,0,0,252.2,278.2,0,0,0,0,19-APR-2021,
OPTSTK,LUPIN,27-May-2021,800,CE,0,0,0,243.65,268.4,0,0,0,0,19-APR-2021,
OPTSTK,LUPIN,27-May-2021,810,CE,0,0,0,235.25,258.7,0,0,0,0,19-APR-2021,
OPTSTK,LUPIN,27-May-2021,820,CE,0,0,0,226.95,249,0,0,0,0,19-APR-2021,
OPTSTK,LUPIN,27-May-2021,830,CE,0,0,0,218.8,239.35,0,0,0,0,19-APR-2021,
OPTSTK,LUPIN,27-May-2021,840,CE,0,0,0,210.8,229.8,0,0,0,0,19-APR-2021,
OPTSTK,LUPIN,27-May-2021,850,CE,0,0,0,202.95,220.3,0,0,0,0,19-APR-2021,
OPTSTK,LUPIN,27-May-2021,860,CE,0,0,0,195.25,210.9,0,0,0,0,19-APR-2021,
OPTSTK,LUPIN,27-May-2021,870,CE,0,0,0,187.7,201.65,0,0,0,0,19-APR-2021,
OPTSTK,LUPIN,27-May-2021,880,CE,0,0,0,180.35,192.5,0,0,0,0,19-APR-2021,
OPTSTK,LUPIN,27-May-2021,890,CE,0,0,0,173.15,183.45,0,0,0,0,19-APR-2021,
OPTSTK,LUPIN,27-May-2021,900,CE,0,0,0,166.1,174.55,0,0,0,0,19-APR-2021,
OPTSTK,LUPIN,27-May-2021,910,CE,0,0,0,159.25,165.85,0,0,0,0,19-APR-2021,
OPTSTK,LUPIN,27-May-2021,920,CE,0,0,0,152.5,157.25,0,0,0,0,19-APR-2021,
OPTSTK,LUPIN,27-May-2021,930,CE,0,0,0,146,148.9,0,0,0,0,19-APR-2021,
OPTSTK,LUPIN,27-May-2021,940,CE,0,0,0,139.7,140.75,0,0,0,0,19-APR-2021,
OPTSTK,LUPIN,27-May-2021,950,CE,0,0,0,133.55,132.75,0,0,0,0,19-APR-2021,
OPTSTK,LUPIN,27-May-2021,960,CE,0,0,0,127.6,125.05,0,0,0,0,19-APR-2021,
OPTSTK,LUPIN,27-May-2021,970,CE,0,0,0,121.8,117.55,0,0,0,0,19-APR-2021,
OPTSTK,LUPIN,27-May-2021,980,CE,0,0,0,116.25,110.3,0,0,0,0,19-APR-2021,
OPTSTK,LUPIN,27-May-2021,990,CE,0,0,0,110.85,103.25,0,0,0,0,19-APR-2021,
OPTSTK,LUPIN,27-May-2021,1000,CE,89,99,89,99,99,2,18.59,7650,850,19-APR-2021,
OPTSTK,LUPIN,27-May-2021,1010,CE,0,0,0,100.55,90,0,0,0,0,19-APR-2021,
OPTSTK,LUPIN,27-May-2021,1020,CE,0,0,0,95.7,83.8,0,0,0,0,19-APR-2021,
OPTSTK,LUPIN,27-May-2021,1030,CE,0,0,0,91,77.9,0,0,0,0,19-APR-2021,
OPTSTK,LUPIN,27-May-2021,1040,CE,0,0,0,86.5,72.25,0,0,0,0,19-APR-2021,
OPTSTK,LUPIN,27-May-2021,1050,CE,64.4,64.5,64.4,64.5,64.5,3,28.41,1700,850,19-APR-2021,
OPTSTK,LUPIN,27-May-2021,1060,CE,0,0,0,30.05,61.8,0,0,2550,0,19-APR-2021,
OPTSTK,LUPIN,27-May-2021,1070,CE,0,0,0,74,56.95,0,0,0,0,19-APR-2021,
OPTSTK,LUPIN,27-May-2021,1080,CE,0,0,0,70.15,52.4,0,0,0,0,19-APR-2021,
OPTSTK,LUPIN,27-May-2021,1090,CE,0,0,0,66.5,48.15,0,0,0,0,19-APR-2021,
OPTSTK,LUPIN,27-May-2021,1100,CE,40,49,27,46,46,31,300.51,21250,8500,19-APR-2021,
OPTSTK,LUPIN,27-May-2021,1110,CE,0,0,0,59.6,40.4,0,0,1700,0,19-APR-2021,
OPTSTK,LUPIN,27-May-2021,1120,CE,0,0,0,56.4,36.9,0,0,0,0,19-APR-2021,
OPTSTK,LUPIN,27-May-2021,1130,CE,0,0,0,53.3,33.6,0,0,0,0,19-APR-2021,
OPTSTK,LUPIN,27-May-2021,1140,CE,0,0,0,30,30.6,0,0,2550,0,19-APR-2021,
OPTSTK,LUPIN,27-May-2021,1150,CE,0,0,0,47.55,27.8,0,0,0,0,19-APR-2021,
OPTSTK,LUPIN,27-May-2021,1160,CE,0,0,0,44.9,25.25,0,0,0,0,19-APR-2021,
OPTSTK,LUPIN,27-May-2021,1170,CE,0,0,0,42.4,22.85,0,0,0,0,19-APR-2021,
OPTSTK,LUPIN,27-May-2021,1180,CE,0,0,0,40,20.65,0,0,0,0,19-APR-2021,
OPTSTK,LUPIN,27-May-2021,1190,CE,0,0,0,37.7,18.55,0,0,0,0,19-APR-2021,
OPTSTK,LUPIN,27-May-2021,1200,CE,0,0,0,18,16.7,0,0,6800,0,19-APR-2021,
OPTSTK,LUPIN,27-May-2021,1210,CE,0,0,0,33.45,15,0,0,0,0,19-APR-2021,
OPTSTK,LUPIN,27-May-2021,1220,CE,0,0,0,31.5,13.5,0,0,0,0,19-APR-2021,
OPTSTK,LUPIN,27-May-2021,1230,CE,0,0,0,29.6,12.05,0,0,0,0,19-APR-2021,
OPTSTK,LUPIN,27-May-2021,1240,CE,0,0,0,27.85,10.8,0,0,0,0,19-APR-2021,
OPTSTK,LUPIN,27-May-2021,1250,CE,0,0,0,26.15,9.65,0,0,0,0,19-APR-2021,
OPTSTK,LUPIN,27-May-2021,1260,CE,0,0,0,24.6,8.6,0,0,0,0,19-APR-2021,
OPTSTK,LUPIN,27-May-2021,1270,CE,0,0,0,23.1,7.65,0,0,0,0,19-APR-2021,
OPTSTK,LUPIN,27-May-2021,1280,CE,0,0,0,21.65,6.8,0,0,0,0,19-APR-2021,
OPTSTK,LUPIN,27-May-2021,1290,CE,0,0,0,20.35,6,0,0,0,0,19-APR-2021,
OPTSTK,LUPIN,27-May-2021,1300,CE,0,0,0,19.1,5.3,0,0,0,0,19-APR-2021,
OPTSTK,LUPIN,27-May-2021,670,PE,0,0,0,1.6,0.05,0,0,0,0,19-APR-2021,
OPTSTK,LUPIN,27-May-2021,680,PE,0,0,0,1.9,0.05,0,0,0,0,19-APR-2021,
OPTSTK,LUPIN,27-May-2021,690,PE,0,0,0,2.3,0.05,0,0,0,0,19-APR-2021,
OPTSTK,LUPIN,27-May-2021,700,PE,0,0,0,2.75,0.05,0,0,0,0,19-APR-2021,
OPTSTK,LUPIN,27-May-2021,710,PE,0,0,0,3.25,0.05,0,0,0,0,19-APR-2021,
OPTSTK,LUPIN,27-May-2021,720,PE,0,0,0,3.8,0.1,0,0,0,0,19-APR-2021,
OPTSTK,LUPIN,27-May-2021,730,PE,0,0,0,4.45,0.1,0,0,0,0,19-APR-2021,
OPTSTK,LUPIN,27-May-2021,740,PE,0,0,0,5.15,0.15,0,0,0,0,19-APR-2021,
OPTSTK,LUPIN,27-May-2021,750,PE,0,0,0,6,0.2,0,0,0,0,19-APR-2021,
OPTSTK,LUPIN,27-May-2021,760,PE,0,0,0,6.9,0.25,0,0,0,0,19-APR-2021,
OPTSTK,LUPIN,27-May-2021,770,PE,0,0,0,7.9,0.35,0,0,0,0,19-APR-2021,
OPTSTK,LUPIN,27-May-2021,780,PE,0,0,0,9,0.45,0,0,0,0,19-APR-2021,
OPTSTK,LUPIN,27-May-2021,790,PE,0,0,0,10.25,0.6,0,0,0,0,19-APR-2021,
OPTSTK,LUPIN,27-May-2021,800,PE,0,0,0,11.6,0.75,0,0,0,0,19-APR-2021,
OPTSTK,LUPIN,27-May-2021,810,PE,0,0,0,13.1,0.95,0,0,0,0,19-APR-2021,
OPTSTK,LUPIN,27-May-2021,820,PE,0,0,0,14.7,1.25,0,0,0,0,19-APR-2021,
OPTSTK,LUPIN,27-May-2021,830,PE,0,0,0,16.45,1.55,0,0,0,0,19-APR-2021,
OPTSTK,LUPIN,27-May-2021,840,PE,0,0,0,18.35,1.95,0,0,0,0,19-APR-2021,
OPTSTK,LUPIN,27-May-2021,850,PE,0,0,0,20.4,2.45,0,0,0,0,19-APR-2021,
OPTSTK,LUPIN,27-May-2021,860,PE,0,0,0,22.65,3,0,0,0,0,19-APR-2021,
OPTSTK,LUPIN,27-May-2021,870,PE,0,0,0,25,3.7,0,0,0,0,19-APR-2021,
OPTSTK,LUPIN,27-May-2021,880,PE,0,0,0,27.55,4.5,0,0,0,0,19-APR-2021,
OPTSTK,LUPIN,27-May-2021,890,PE,0,0,0,30.25,5.45,0,0,0,0,19-APR-2021,
OPTSTK,LUPIN,27-May-2021,900,PE,0,0,0,7.5,6.5,0,0,850,0,19-APR-2021,
OPTSTK,LUPIN,27-May-2021,910,PE,0,0,0,36.15,7.75,0,0,0,0,19-APR-2021,
OPTSTK,LUPIN,27-May-2021,920,PE,0,0,0,39.35,9.15,0,0,0,0,19-APR-2021,
OPTSTK,LUPIN,27-May-2021,930,PE,12,12,12,12,10.75,1,8,850,850,19-APR-2021,
OPTSTK,LUPIN,27-May-2021,940,PE,0,0,0,46.35,12.5,0,0,0,0,19-APR-2021,
OPTSTK,LUPIN,27-May-2021,950,PE,0,0,0,10,14.5,0,0,5100,0,19-APR-2021,
OPTSTK,LUPIN,27-May-2021,960,PE,0,0,0,54.05,16.75,0,0,0,0,19-APR-2021,
OPTSTK,LUPIN,27-May-2021,970,PE,0,0,0,58.2,19.25,0,0,0,0,19-APR-2021,
OPTSTK,LUPIN,27-May-2021,980,PE,0,0,0,62.5,21.9,0,0,0,0,19-APR-2021,
OPTSTK,LUPIN,27-May-2021,990,PE,0,0,0,67,24.85,0,0,0,0,19-APR-2021,
OPTSTK,LUPIN,27-May-2021,1000,PE,0,0,0,30,28.05,0,0,7650,0,19-APR-2021,
OPTSTK,LUPIN,27-May-2021,1010,PE,0,0,0,76.55,31.55,0,0,0,0,19-APR-2021,
OPTSTK,LUPIN,27-May-2021,1020,PE,0,0,0,81.6,35.3,0,0,0,0,19-APR-2021,
OPTSTK,LUPIN,27-May-2021,1030,PE,0,0,0,86.85,39.3,0,0,0,0,19-APR-2021,
OPTSTK,LUPIN,27-May-2021,1040,PE,0,0,0,92.25,43.65,0,0,0,0,19-APR-2021,
OPTSTK,LUPIN,27-May-2021,1050,PE,0,0,0,97.8,48.25,0,0,0,0,19-APR-2021,
OPTSTK,LUPIN,27-May-2021,1060,PE,0,0,0,103.55,53.1,0,0,0,0,19-APR-2021,
OPTSTK,LUPIN,27-May-2021,1070,PE,0,0,0,109.45,58.25,0,0,0,0,19-APR-2021,
OPTSTK,LUPIN,27-May-2021,1080,PE,0,0,0,115.5,63.65,0,0,0,0,19-APR-2021,
OPTSTK,LUPIN,27-May-2021,1090,PE,0,0,0,121.75,69.35,0,0,0,0,19-APR-2021,
OPTSTK,LUPIN,27-May-2021,1100,PE,0,0,0,128.15,75.3,0,0,0,0,19-APR-2021,
OPTSTK,LUPIN,27-May-2021,1110,PE,0,0,0,134.65,81.5,0,0,0,0,19-APR-2021,
OPTSTK,LUPIN,27-May-2021,1120,PE,0,0,0,141.35,87.95,0,0,0,0,19-APR-2021,
OPTSTK,LUPIN,27-May-2021,1130,PE,0,0,0,148.2,94.65,0,0,0,0,19-APR-2021,
OPTSTK,LUPIN,27-May-2021,1140,PE,0,0,0,155.15,101.6,0,0,0,0,19-APR-2021,
OPTSTK,LUPIN,27-May-2021,1150,PE,0,0,0,162.25,108.75,0,0,0,0,19-APR-2021,
OPTSTK,LUPIN,27-May-2021,1160,PE,0,0,0,169.5,116.15,0,0,0,0,19-APR-2021,
OPTSTK,LUPIN,27-May-2021,1170,PE,0,0,0,176.9,123.75,0,0,0,0,19-APR-2021,
OPTSTK,LUPIN,27-May-2021,1180,PE,0,0,0,184.4,131.5,0,0,0,0,19-APR-2021,
OPTSTK,LUPIN,27-May-2021,1190,PE,0,0,0,192.05,139.4,0,0,0,0,19-APR-2021,
OPTSTK,LUPIN,27-May-2021,1200,PE,0,0,0,199.75,147.5,0,0,0,0,19-APR-2021,
OPTSTK,LUPIN,27-May-2021,1210,PE,0,0,0,207.6,155.75,0,0,0,0,19-APR-2021,
OPTSTK,LUPIN,27-May-2021,1220,PE,0,0,0,215.55,164.15,0,0,0,0,19-APR-2021,
OPTSTK,LUPIN,27-May-2021,1230,PE,0,0,0,223.55,172.7,0,0,0,0,19-APR-2021,
OPTSTK,LUPIN,27-May-2021,1240,PE,0,0,0,231.7,181.4,0,0,0,0,19-APR-2021,
OPTSTK,LUPIN,27-May-2021,1250,PE,0,0,0,239.95,190.2,0,0,0,0,19-APR-2021,
OPTSTK,LUPIN,27-May-2021,1260,PE,0,0,0,248.25,199.1,0,0,0,0,19-APR-2021,
OPTSTK,LUPIN,27-May-2021,1270,PE,0,0,0,256.65,208.15,0,0,0,0,19-APR-2021,
OPTSTK,LUPIN,27-May-2021,1280,PE,0,0,0,265.15,217.25,0,0,0,0,19-APR-2021,
OPTSTK,LUPIN,27-May-2021,1290,PE,0,0,0,273.75,226.45,0,0,0,0,19-APR-2021,
OPTSTK,LUPIN,27-May-2021,1300,PE,0,0,0,282.4,235.7,0,0,0,0,19-APR-2021,
OPTSTK,LUPIN,24-Jun-2021,680,CE,0,0,0,321,389.45,0,0,0,0,19-APR-2021,
OPTSTK,LUPIN,24-Jun-2021,700,CE,0,0,0,302.2,369.75,0,0,0,0,19-APR-2021,
OPTSTK,LUPIN,24-Jun-2021,720,CE,0,0,0,283.7,350.15,0,0,0,0,19-APR-2021,
OPTSTK,LUPIN,24-Jun-2021,740,CE,0,0,0,265.55,330.7,0,0,0,0,19-APR-2021,
OPTSTK,LUPIN,24-Jun-2021,760,CE,0,0,0,247.85,311.4,0,0,0,0,19-APR-2021,
OPTSTK,LUPIN,24-Jun-2021,780,CE,0,0,0,230.6,292.3,0,0,0,0,19-APR-2021,
OPTSTK,LUPIN,24-Jun-2021,800,CE,0,0,0,213.9,273.5,0,0,0,0,19-APR-2021,
OPTSTK,LUPIN,24-Jun-2021,820,CE,0,0,0,197.8,255,0,0,0,0,19-APR-2021,
OPTSTK,LUPIN,24-Jun-2021,840,CE,0,0,0,182.35,236.95,0,0,0,0,19-APR-2021,
OPTSTK,LUPIN,24-Jun-2021,860,CE,0,0,0,167.6,219.35,0,0,0,0,19-APR-2021,
OPTSTK,LUPIN,24-Jun-2021,880,CE,0,0,0,153.5,202.3,0,0,0,0,19-APR-2021,
OPTSTK,LUPIN,24-Jun-2021,900,CE,0,0,0,140.15,185.8,0,0,0,0,19-APR-2021,
OPTSTK,LUPIN,24-Jun-2021,920,CE,0,0,0,127.55,170,0,0,0,0,19-APR-2021,
OPTSTK,LUPIN,24-Jun-2021,940,CE,0,0,0,115.8,154.95,0,0,0,0,19-APR-2021,
OPTSTK,LUPIN,24-Jun-2021,960,CE,0,0,0,104.75,140.6,0,0,0,0,19-APR-2021,
OPTSTK,LUPIN,24-Jun-2021,980,CE,0,0,0,94.5,127.05,0,0,0,0,19-APR-2021,
OPTSTK,LUPIN,24-Jun-2021,1000,CE,0,0,0,85,114.35,0,0,0,0,19-APR-2021,
OPTSTK,LUPIN,24-Jun-2021,1020,CE,0,0,0,76.25,102.55,0,0,0,0,19-APR-2021,
OPTSTK,LUPIN,24-Jun-2021,1040,CE,0,0,0,68.2,91.55,0,0,0,0,19-APR-2021,
OPTSTK,LUPIN,24-Jun-2021,1060,CE,0,0,0,60.85,81.4,0,0,0,0,19-APR-2021,
OPTSTK,LUPIN,24-Jun-2021,1080,CE,0,0,0,54.15,72.1,0,0,0,0,19-APR-2021,
OPTSTK,LUPIN,24-Jun-2021,1100,CE,0,0,0,48.05,63.6,0,0,0,0,19-APR-2021,
OPTSTK,LUPIN,24-Jun-2021,1120,CE,0,0,0,42.55,55.9,0,0,0,0,19-APR-2021,
OPTSTK,LUPIN,24-Jun-2021,1140,CE,0,0,0,37.6,48.95,0,0,0,0,19-APR-2021,
OPTSTK,LUPIN,24-Jun-2021,1160,CE,0,0,0,33.15,42.7,0,0,0,0,19-APR-2021,
OPTSTK,LUPIN,24-Jun-2021,1180,CE,0,0,0,29.2,37.15,0,0,0,0,19-APR-2021,
OPTSTK,LUPIN,24-Jun-2021,1200,CE,0,0,0,25.6,32.2,0,0,0,0,19-APR-2021,
OPTSTK,LUPIN,24-Jun-2021,1220,CE,0,0,0,22.4,27.85,0,0,0,0,19-APR-2021,
OPTSTK,LUPIN,24-Jun-2021,1240,CE,0,0,0,19.6,23.95,0,0,0,0,19-APR-2021,
OPTSTK,LUPIN,24-Jun-2021,1260,CE,0,0,0,17.1,20.55,0,0,0,0,19-APR-2021,
OPTSTK,LUPIN,24-Jun-2021,1280,CE,0,0,0,14.85,17.55,0,0,0,0,19-APR-2021,
OPTSTK,LUPIN,24-Jun-2021,1300,CE,0,0,0,12.95,15,0,0,0,0,19-APR-2021,
OPTSTK,LUPIN,24-Jun-2021,680,PE,0,0,0,2.4,0.3,0,0,0,0,19-APR-2021,
OPTSTK,LUPIN,24-Jun-2021,700,PE,0,0,0,3.4,0.45,0,0,0,0,19-APR-2021,
OPTSTK,LUPIN,24-Jun-2021,720,PE,0,0,0,4.75,0.75,0,0,0,0,19-APR-2021,
OPTSTK,LUPIN,24-Jun-2021,740,PE,0,0,0,6.4,1.1,0,0,0,0,19-APR-2021,
OPTSTK,LUPIN,24-Jun-2021,760,PE,0,0,0,8.5,1.7,0,0,0,0,19-APR-2021,
OPTSTK,LUPIN,24-Jun-2021,780,PE,0,0,0,11.1,2.45,0,0,0,0,19-APR-2021,
OPTSTK,LUPIN,24-Jun-2021,800,PE,0,0,0,14.25,3.55,0,0,0,0,19-APR-2021,
OPTSTK,LUPIN,24-Jun-2021,820,PE,0,0,0,17.95,4.9,0,0,0,0,19-APR-2021,
OPTSTK,LUPIN,24-Jun-2021,840,PE,0,0,0,22.3,6.7,0,0,0,0,19-APR-2021,
OPTSTK,LUPIN,24-Jun-2021,860,PE,0,0,0,27.35,9,0,0,0,0,19-APR-2021,
OPTSTK,LUPIN,24-Jun-2021,880,PE,0,0,0,12,11.8,0,0,850,0,19-APR-2021,
OPTSTK,LUPIN,24-Jun-2021,900,PE,0,0,0,39.5,15.2,0,0,0,0,19-APR-2021,
OPTSTK,LUPIN,24-Jun-2021,920,PE,0,0,0,46.75,19.25,0,0,0,0,19-APR-2021,
OPTSTK,LUPIN,24-Jun-2021,940,PE,0,0,0,54.8,24.05,0,0,0,0,19-APR-2021,
OPTSTK,LUPIN,24-Jun-2021,960,PE,0,0,0,63.6,29.6,0,0,0,0,19-APR-2021,
OPTSTK,LUPIN,24-Jun-2021,980,PE,0,0,0,73.15,35.9,0,0,0,0,19-APR-2021,
OPTSTK,LUPIN,24-Jun-2021,1000,PE,0,0,0,83.45,43.05,0,0,0,0,19-APR-2021,
OPTSTK,LUPIN,24-Jun-2021,1020,PE,0,0,0,94.5,51.1,0,0,0,0,19-APR-2021,
OPTSTK,LUPIN,24-Jun-2021,1040,PE,0,0,0,106.3,59.95,0,0,0,0,19-APR-2021,
OPTSTK,LUPIN,24-Jun-2021,1060,PE,0,0,0,118.75,69.7,0,0,0,0,19-APR-2021,
OPTSTK,LUPIN,24-Jun-2021,1080,PE,0,0,0,131.85,80.25,0,0,0,0,19-APR-2021,
OPTSTK,LUPIN,24-Jun-2021,1100,PE,0,0,0,145.55,91.65,0,0,0,0,19-APR-2021,
OPTSTK,LUPIN,24-Jun-2021,1120,PE,0,0,0,159.85,103.8,0,0,0,0,19-APR-2021,
OPTSTK,LUPIN,24-Jun-2021,1140,PE,0,0,0,174.75,116.7,0,0,0,0,19-APR-2021,
OPTSTK,LUPIN,24-Jun-2021,1160,PE,0,0,0,190.1,130.3,0,0,0,0,19-APR-2021,
OPTSTK,LUPIN,24-Jun-2021,1180,PE,0,0,0,205.95,144.6,0,0,0,0,19-APR-2021,
OPTSTK,LUPIN,24-Jun-2021,1200,PE,0,0,0,222.15,159.55,0,0,0,0,19-APR-2021,
OPTSTK,LUPIN,24-Jun-2021,1220,PE,0,0,0,238.8,175.05,0,0,0,0,19-APR-2021,
OPTSTK,LUPIN,24-Jun-2021,1240,PE,0,0,0,255.8,191,0,0,0,0,19-APR-2021,
OPTSTK,LUPIN,24-Jun-2021,1260,PE,0,0,0,273.1,207.45,0,0,0,0,19-APR-2021,
OPTSTK,LUPIN,24-Jun-2021,1280,PE,0,0,0,290.7,224.35,0,0,0,0,19-APR-2021,
OPTSTK,LUPIN,24-Jun-2021,1300,PE,0,0,0,308.6,241.65,0,0,0,0,19-APR-2021,
OPTSTK,M&M,29-Apr-2021,470,CE,0,0,0,300.4,325.45,0,0,0,0,19-APR-2021,
OPTSTK,M&M,29-Apr-2021,480,CE,0,0,0,290.8,315.45,0,0,0,0,19-APR-2021,
OPTSTK,M&M,29-Apr-2021,490,CE,0,0,0,281.25,305.45,0,0,0,0,19-APR-2021,
OPTSTK,M&M,29-Apr-2021,500,CE,0,0,0,271.8,295.45,0,0,0,0,19-APR-2021,
OPTSTK,M&M,29-Apr-2021,510,CE,0,0,0,262.35,285.5,0,0,0,0,19-APR-2021,
OPTSTK,M&M,29-Apr-2021,520,CE,0,0,0,253.05,275.5,0,0,0,0,19-APR-2021,
OPTSTK,M&M,29-Apr-2021,530,CE,0,0,0,243.85,265.5,0,0,0,0,19-APR-2021,
OPTSTK,M&M,29-Apr-2021,540,CE,0,0,0,234.75,255.5,0,0,0,0,19-APR-2021,
OPTSTK,M&M,29-Apr-2021,550,CE,0,0,0,225.75,245.5,0,0,0,0,19-APR-2021,
OPTSTK,M&M,29-Apr-2021,560,CE,0,0,0,216.9,235.55,0,0,0,0,19-APR-2021,
OPTSTK,M&M,29-Apr-2021,570,CE,0,0,0,208.2,225.55,0,0,0,0,19-APR-2021,
OPTSTK,M&M,29-Apr-2021,580,CE,0,0,0,199.65,215.55,0,0,0,0,19-APR-2021,
OPTSTK,M&M,29-Apr-2021,590,CE,0,0,0,191.25,205.55,0,0,0,0,19-APR-2021,
OPTSTK,M&M,29-Apr-2021,600,CE,0,0,0,240,195.55,0,0,1400,0,19-APR-2021,
OPTSTK,M&M,29-Apr-2021,610,CE,0,0,0,174.95,185.6,0,0,0,0,19-APR-2021,
OPTSTK,M&M,29-Apr-2021,620,CE,0,0,0,167.1,175.6,0,0,0,0,19-APR-2021,
OPTSTK,M&M,29-Apr-2021,630,CE,0,0,0,159.4,165.65,0,0,0,0,19-APR-2021,
OPTSTK,M&M,29-Apr-2021,640,CE,0,0,0,151.95,155.65,0,0,0,0,19-APR-2021,
OPTSTK,M&M,29-Apr-2021,650,CE,0,0,0,144.7,145.75,0,0,0,0,19-APR-2021,
OPTSTK,M&M,29-Apr-2021,660,CE,0,0,0,137.65,135.85,0,0,0,0,19-APR-2021,
OPTSTK,M&M,29-Apr-2021,670,CE,0,0,0,130.8,126,0,0,0,0,19-APR-2021,
OPTSTK,M&M,29-Apr-2021,680,CE,0,0,0,124.1,116.25,0,0,0,0,19-APR-2021,
OPTSTK,M&M,29-Apr-2021,690,CE,0,0,0,117.7,106.65,0,0,0,0,19-APR-2021,
OPTSTK,M&M,29-Apr-2021,700,CE,0,0,0,102,97.15,0,0,1400,0,19-APR-2021,
OPTSTK,M&M,29-Apr-2021,710,CE,0,0,0,105.6,87.9,0,0,0,0,19-APR-2021,
OPTSTK,M&M,29-Apr-2021,720,CE,0,0,0,99.85,78.95,0,0,0,0,19-APR-2021,
OPTSTK,M&M,29-Apr-2021,730,CE,0,0,0,65,70.3,0,0,2800,0,19-APR-2021,
OPTSTK,M&M,29-Apr-2021,740,CE,59.4,70.55,59.4,70.55,62.05,3,33.73,14000,0,19-APR-2021,
OPTSTK,M&M,29-Apr-2021,750,CE,51.1,56.7,51.1,52.5,52.5,6,67.54,46200,-1400,19-APR-2021,
OPTSTK,M&M,29-Apr-2021,760,CE,42.95,44.1,42.45,43.95,43.95,4,44.98,36400,4200,19-APR-2021,
OPTSTK,M&M,29-Apr-2021,770,CE,34.6,45.1,34.35,36.5,36.5,9,101.73,53200,4200,19-APR-2021,
OPTSTK,M&M,29-Apr-2021,780,CE,33,35.25,27.8,30.05,30.05,23,261.21,96600,1400,19-APR-2021,
OPTSTK,M&M,29-Apr-2021,790,CE,25.75,30,21.8,23.6,23.6,89,1015.27,85400,8400,19-APR-2021,
OPTSTK,M&M,29-Apr-2021,800,CE,20.05,24.5,15,18.05,18.05,861,9877.83,624400,28000,19-APR-2021,
OPTSTK,M&M,29-Apr-2021,810,CE,13.5,19.4,10.15,13.8,13.8,371,4287.59,217000,22400,19-APR-2021,
OPTSTK,M&M,29-Apr-2021,820,CE,14.65,14.9,8.55,10.4,10.4,857,9976.06,522200,64400,19-APR-2021,
OPTSTK,M&M,29-Apr-2021,830,CE,6.85,12.45,6,8.05,8.05,487,5718.7,298200,8400,19-APR-2021,
OPTSTK,M&M,29-Apr-2021,840,CE,7.25,8.9,5.4,6.25,6.25,410,4860.81,238000,-15400,19-APR-2021,
OPTSTK,M&M,29-Apr-2021,850,CE,6.9,6.95,4.25,4.9,4.9,617,7388.2,596400,32200,19-APR-2021,
OPTSTK,M&M,29-Apr-2021,860,CE,8.7,8.7,3.25,3.8,3.8,396,4790.72,233800,21000,19-APR-2021,
OPTSTK,M&M,29-Apr-2021,870,CE,4,4.1,2.55,2.95,2.95,176,2151.6,120400,-9800,19-APR-2021,
OPTSTK,M&M,29-Apr-2021,880,CE,4.5,4.5,2.1,2.35,2.35,275,3398.01,137200,2800,19-APR-2021,
OPTSTK,M&M,29-Apr-2021,890,CE,3.45,3.45,1.65,1.9,1.9,164,2048.12,71400,-2800,19-APR-2021,
OPTSTK,M&M,29-Apr-2021,900,CE,2.05,2.15,1.4,1.6,1.6,385,4860.45,476000,2800,19-APR-2021,
OPTSTK,M&M,29-Apr-2021,910,CE,2.45,2.45,1,1,1,20,255.17,47600,-12600,19-APR-2021,
OPTSTK,M&M,29-Apr-2021,920,CE,1.35,2.2,0.8,0.85,0.85,40,515.82,67200,-9800,19-APR-2021,
OPTSTK,M&M,29-Apr-2021,930,CE,1.2,1.2,0.55,0.55,0.55,44,573.51,23800,-43400,19-APR-2021,
OPTSTK,M&M,29-Apr-2021,940,CE,1.1,1.1,0.65,0.7,0.7,42,553.25,22400,-29400,19-APR-2021,
OPTSTK,M&M,29-Apr-2021,950,CE,0.95,1.05,0.55,0.7,0.7,45,598.98,140000,5600,19-APR-2021,
OPTSTK,M&M,29-Apr-2021,960,CE,0.65,0.7,0.65,0.7,0.3,2,26.89,19600,1400,19-APR-2021,
OPTSTK,M&M,29-Apr-2021,970,CE,0,0,0,19.15,0.2,0,0,0,0,19-APR-2021,
OPTSTK,M&M,29-Apr-2021,980,CE,0,0,0,17.75,0.15,0,0,0,0,19-APR-2021,
OPTSTK,M&M,29-Apr-2021,990,CE,0,0,0,16.5,0.1,0,0,0,0,19-APR-2021,
OPTSTK,M&M,29-Apr-2021,1000,CE,0.55,1.1,0.5,0.6,0.6,73,1022.77,151200,39200,19-APR-2021,
OPTSTK,M&M,29-Apr-2021,1010,CE,0,0,0,14.15,0.05,0,0,0,0,19-APR-2021,
OPTSTK,M&M,29-Apr-2021,1020,CE,0,0,0,2,0.05,0,0,1400,0,19-APR-2021,
OPTSTK,M&M,29-Apr-2021,1030,CE,0,0,0,12.15,0.05,0,0,0,0,19-APR-2021,
OPTSTK,M&M,29-Apr-2021,1040,CE,0,0,0,11.25,0.05,0,0,0,0,19-APR-2021,
OPTSTK,M&M,29-Apr-2021,1050,CE,0,0,0,15.7,0.05,0,0,1400,0,19-APR-2021,
OPTSTK,M&M,29-Apr-2021,1060,CE,0,0,0,9.6,0,0,0,0,0,19-APR-2021,
OPTSTK,M&M,29-Apr-2021,1070,CE,0,0,0,8.9,0,0,0,0,0,19-APR-2021,
OPTSTK,M&M,29-Apr-2021,1080,CE,0,0,0,10.7,0,0,0,0,0,19-APR-2021,
OPTSTK,M&M,29-Apr-2021,470,PE,0,0,0,1.05,0,0,0,0,0,19-APR-2021,
OPTSTK,M&M,29-Apr-2021,480,PE,0,0,0,1.35,0,0,0,0,0,19-APR-2021,
OPTSTK,M&M,29-Apr-2021,490,PE,0,0,0,1.7,0,0,0,0,0,19-APR-2021,
OPTSTK,M&M,29-Apr-2021,500,PE,0,0,0,0.7,0,0,0,4200,0,19-APR-2021,
OPTSTK,M&M,29-Apr-2021,510,PE,0,0,0,2.65,0,0,0,0,0,19-APR-2021,
OPTSTK,M&M,29-Apr-2021,520,PE,0,0,0,3.25,0,0,0,0,0,19-APR-2021,
OPTSTK,M&M,29-Apr-2021,530,PE,0,0,0,3.95,0,0,0,0,0,19-APR-2021,
OPTSTK,M&M,29-Apr-2021,540,PE,0,0,0,4.75,0,0,0,0,0,19-APR-2021,
OPTSTK,M&M,29-Apr-2021,550,PE,0,0,0,5.7,0,0,0,0,0,19-APR-2021,
OPTSTK,M&M,29-Apr-2021,560,PE,0,0,0,6.75,0,0,0,0,0,19-APR-2021,
OPTSTK,M&M,29-Apr-2021,570,PE,0,0,0,7.95,0,0,0,0,0,19-APR-2021,
OPTSTK,M&M,29-Apr-2021,580,PE,0,0,0,9.3,0,0,0,0,0,19-APR-2021,
OPTSTK,M&M,29-Apr-2021,590,PE,0,0,0,10.8,0,0,0,0,0,19-APR-2021,
OPTSTK,M&M,29-Apr-2021,600,PE,0,0,0,0.8,0,0,0,4200,0,19-APR-2021,
OPTSTK,M&M,29-Apr-2021,610,PE,0,0,0,14.3,0.05,0,0,0,0,19-APR-2021,
OPTSTK,M&M,29-Apr-2021,620,PE,0,0,0,16.35,0.05,0,0,0,0,19-APR-2021,
OPTSTK,M&M,29-Apr-2021,630,PE,1.1,1.1,1.1,1.1,0.05,1,8.83,5600,1400,19-APR-2021,
OPTSTK,M&M,29-Apr-2021,640,PE,0,0,0,21.05,0.1,0,0,0,0,19-APR-2021,
OPTSTK,M&M,29-Apr-2021,650,PE,0.35,0.6,0.35,0.6,0.6,5,45.53,98000,-1400,19-APR-2021,
OPTSTK,M&M,29-Apr-2021,660,PE,0,0,0,26.5,0.25,0,0,0,0,19-APR-2021,
OPTSTK,M&M,29-Apr-2021,670,PE,0,0,0,2.05,0.4,0,0,1400,0,19-APR-2021,
OPTSTK,M&M,29-Apr-2021,680,PE,0.5,0.7,0.5,0.7,0.65,5,47.64,63000,0,19-APR-2021,
OPTSTK,M&M,29-Apr-2021,690,PE,0,0,0,36.35,1,0,0,0,0,19-APR-2021,
OPTSTK,M&M,29-Apr-2021,700,PE,1.55,2.25,1.45,1.8,1.8,175,1719.62,441000,-1400,19-APR-2021,
OPTSTK,M&M,29-Apr-2021,710,PE,0,0,0,1.5,2.25,0,0,58800,0,19-APR-2021,
OPTSTK,M&M,29-Apr-2021,720,PE,2.7,3.5,2.45,2.9,2.9,85,860.33,82600,-15400,19-APR-2021,
OPTSTK,M&M,29-Apr-2021,730,PE,3.15,4.4,2.95,3.65,3.65,95,975.67,103600,-26600,19-APR-2021,
OPTSTK,M&M,29-Apr-2021,740,PE,6,6,3.8,4.6,4.6,150,1563.76,135800,-7000,19-APR-2021,
OPTSTK,M&M,29-Apr-2021,750,PE,8.5,8.5,4.9,5.85,5.85,484,5121.96,268800,-81200,19-APR-2021,
OPTSTK,M&M,29-Apr-2021,760,PE,12,12,5.35,7.5,7.5,235,2524.77,142800,-16800,19-APR-2021,
OPTSTK,M&M,29-Apr-2021,770,PE,9.35,15.6,8,9.6,9.6,275,3002.03,124600,28000,19-APR-2021,
OPTSTK,M&M,29-Apr-2021,780,PE,9.85,14.8,9.85,12.55,12.55,526,5835.75,298200,9800,19-APR-2021,
OPTSTK,M&M,29-Apr-2021,790,PE,18.5,21.8,13.25,16.3,16.3,475,5362.09,145600,4200,19-APR-2021,
OPTSTK,M&M,29-Apr-2021,800,PE,24,24,16.85,20.8,20.8,782,8980.64,239400,-154000,19-APR-2021,
OPTSTK,M&M,29-Apr-2021,810,PE,30.2,30.2,21.75,26.6,26.6,215,2514.56,126000,-26600,19-APR-2021,
OPTSTK,M&M,29-Apr-2021,820,PE,37.05,37.05,27.5,33.05,33.05,159,1897.41,99400,-60200,19-APR-2021,
OPTSTK,M&M,29-Apr-2021,830,PE,37.15,44.85,34.6,40.35,40.35,35,426.02,60200,-19600,19-APR-2021,
OPTSTK,M&M,29-Apr-2021,840,PE,48,50.45,48,50.45,54.35,3,37.36,43400,-1400,19-APR-2021,
OPTSTK,M&M,29-Apr-2021,850,PE,52.45,54,51.3,54,62.1,5,63.21,53200,-2800,19-APR-2021,
OPTSTK,M&M,29-Apr-2021,860,PE,0,0,0,37.5,70.3,0,0,16800,0,19-APR-2021,
OPTSTK,M&M,29-Apr-2021,870,PE,0,0,0,53.8,78.9,0,0,32200,0,19-APR-2021,
OPTSTK,M&M,29-Apr-2021,880,PE,0,0,0,55.55,87.75,0,0,5600,0,19-APR-2021,
OPTSTK,M&M,29-Apr-2021,890,PE,0,0,0,150.8,96.85,0,0,0,0,19-APR-2021,
OPTSTK,M&M,29-Apr-2021,900,PE,0,0,0,158.9,106.15,0,0,4200,0,19-APR-2021,
OPTSTK,M&M,29-Apr-2021,910,PE,0,0,0,166.2,115.6,0,0,0,0,19-APR-2021,
OPTSTK,M&M,29-Apr-2021,920,PE,0,0,0,174.05,125.2,0,0,0,0,19-APR-2021,
OPTSTK,M&M,29-Apr-2021,930,PE,0,0,0,182.05,134.9,0,0,0,0,19-APR-2021,
OPTSTK,M&M,29-Apr-2021,940,PE,0,0,0,100,144.65,0,0,1400,0,19-APR-2021,
OPTSTK,M&M,29-Apr-2021,950,PE,0,0,0,198.4,154.5,0,0,0,0,19-APR-2021,
OPTSTK,M&M,29-Apr-2021,960,PE,0,0,0,206.7,164.35,0,0,0,0,19-APR-2021,
OPTSTK,M&M,29-Apr-2021,970,PE,0,0,0,215.15,174.3,0,0,0,0,19-APR-2021,
OPTSTK,M&M,29-Apr-2021,980,PE,0,0,0,223.7,184.2,0,0,0,0,19-APR-2021,
OPTSTK,M&M,29-Apr-2021,990,PE,0,0,0,232.3,194.15,0,0,0,0,19-APR-2021,
OPTSTK,M&M,29-Apr-2021,1000,PE,0,0,0,241.05,204.15,0,0,0,0,19-APR-2021,
OPTSTK,M&M,29-Apr-2021,1010,PE,0,0,0,249.8,214.1,0,0,0,0,19-APR-2021,
OPTSTK,M&M,29-Apr-2021,1020,PE,0,0,0,258.7,224.1,0,0,0,0,19-APR-2021,
OPTSTK,M&M,29-Apr-2021,1030,PE,0,0,0,267.6,234.05,0,0,0,0,19-APR-2021,
OPTSTK,M&M,29-Apr-2021,1040,PE,0,0,0,276.6,244.05,0,0,0,0,19-APR-2021,
OPTSTK,M&M,29-Apr-2021,1050,PE,0,0,0,285.7,254.05,0,0,0,0,19-APR-2021,
OPTSTK,M&M,29-Apr-2021,1060,PE,0,0,0,294.8,264,0,0,0,0,19-APR-2021,
OPTSTK,M&M,29-Apr-2021,1070,PE,0,0,0,304,274,0,0,0,0,19-APR-2021,
OPTSTK,M&M,29-Apr-2021,1080,PE,0,0,0,285.95,284,0,0,0,0,19-APR-2021,
OPTSTK,M&M,27-May-2021,560,CE,0,0,0,306.7,237.6,0,0,0,0,19-APR-2021,
OPTSTK,M&M,27-May-2021,570,CE,0,0,0,297.3,227.85,0,0,0,0,19-APR-2021,
OPTSTK,M&M,27-May-2021,580,CE,0,0,0,288,218.1,0,0,0,0,19-APR-2021,
OPTSTK,M&M,27-May-2021,590,CE,0,0,0,278.75,208.45,0,0,0,0,19-APR-2021,
OPTSTK,M&M,27-May-2021,600,CE,0,0,0,269.65,198.9,0,0,0,0,19-APR-2021,
OPTSTK,M&M,27-May-2021,610,CE,0,0,0,260.6,189.4,0,0,0,0,19-APR-2021,
OPTSTK,M&M,27-May-2021,620,CE,0,0,0,251.7,180,0,0,0,0,19-APR-2021,
OPTSTK,M&M,27-May-2021,630,CE,0,0,0,242.9,170.8,0,0,0,0,19-APR-2021,
OPTSTK,M&M,27-May-2021,640,CE,0,0,0,234.25,161.7,0,0,0,0,19-APR-2021,
OPTSTK,M&M,27-May-2021,650,CE,0,0,0,225.7,152.75,0,0,0,0,19-APR-2021,
OPTSTK,M&M,27-May-2021,660,CE,0,0,0,217.3,144,0,0,0,0,19-APR-2021,
OPTSTK,M&M,27-May-2021,670,CE,0,0,0,209.05,135.45,0,0,0,0,19-APR-2021,
OPTSTK,M&M,27-May-2021,680,CE,0,0,0,200.95,127.15,0,0,0,0,19-APR-2021,
OPTSTK,M&M,27-May-2021,690,CE,0,0,0,193.05,119.05,0,0,0,0,19-APR-2021,
OPTSTK,M&M,27-May-2021,700,CE,0,0,0,185.3,111.25,0,0,0,0,19-APR-2021,
OPTSTK,M&M,27-May-2021,710,CE,0,0,0,177.7,103.7,0,0,0,0,19-APR-2021,
OPTSTK,M&M,27-May-2021,720,CE,0,0,0,170.3,96.4,0,0,0,0,19-APR-2021,
OPTSTK,M&M,27-May-2021,730,CE,0,0,0,163.1,89.4,0,0,0,0,19-APR-2021,
OPTSTK,M&M,27-May-2021,740,CE,0,0,0,156.05,82.7,0,0,0,0,19-APR-2021,
OPTSTK,M&M,27-May-2021,750,CE,0,0,0,149.2,76.35,0,0,0,0,19-APR-2021,
OPTSTK,M&M,27-May-2021,760,CE,0,0,0,142.5,70.3,0,0,0,0,19-APR-2021,
OPTSTK,M&M,27-May-2021,770,CE,0,0,0,136.05,64.6,0,0,0,0,19-APR-2021,
OPTSTK,M&M,27-May-2021,780,CE,0,0,0,129.75,59.2,0,0,0,0,19-APR-2021,
OPTSTK,M&M,27-May-2021,790,CE,0,0,0,123.7,54.1,0,0,0,0,19-APR-2021,
OPTSTK,M&M,27-May-2021,800,CE,0,0,0,65.45,49.35,0,0,19600,0,19-APR-2021,
OPTSTK,M&M,27-May-2021,810,CE,0,0,0,112.15,44.9,0,0,0,0,19-APR-2021,
OPTSTK,M&M,27-May-2021,820,CE,35,35,35,35,40.75,1,11.97,7000,0,19-APR-2021,
OPTSTK,M&M,27-May-2021,830,CE,0,0,0,101.45,36.9,0,0,0,0,19-APR-2021,
OPTSTK,M&M,27-May-2021,840,CE,40,40,19,19,33.35,7,85.21,37800,7000,19-APR-2021,
OPTSTK,M&M,27-May-2021,850,CE,0,0,0,39.25,30.05,0,0,30800,0,19-APR-2021,
OPTSTK,M&M,27-May-2021,860,CE,0,0,0,86.75,27.05,0,0,0,0,19-APR-2021,
OPTSTK,M&M,27-May-2021,870,CE,0,0,0,82.25,24.25,0,0,0,0,19-APR-2021,
OPTSTK,M&M,27-May-2021,880,CE,0,0,0,24,21.75,0,0,1400,0,19-APR-2021,
OPTSTK,M&M,27-May-2021,890,CE,0,0,0,73.8,19.45,0,0,0,0,19-APR-2021,
OPTSTK,M&M,27-May-2021,900,CE,26.65,26.65,12,12,17.3,29,371.62,40600,28000,19-APR-2021,
OPTSTK,M&M,27-May-2021,910,CE,0,0,0,66,15.4,0,0,0,0,19-APR-2021,
OPTSTK,M&M,27-May-2021,920,CE,0,0,0,62.4,13.7,0,0,0,0,19-APR-2021,
OPTSTK,M&M,27-May-2021,930,CE,0,0,0,58.95,12.15,0,0,0,0,19-APR-2021,
OPTSTK,M&M,27-May-2021,940,CE,0,0,0,55.6,10.75,0,0,0,0,19-APR-2021,
OPTSTK,M&M,27-May-2021,950,CE,0,0,0,52.5,9.5,0,0,0,0,19-APR-2021,
OPTSTK,M&M,27-May-2021,960,CE,0,0,0,49.5,8.35,0,0,0,0,19-APR-2021,
OPTSTK,M&M,27-May-2021,970,CE,0,0,0,46.65,7.35,0,0,0,0,19-APR-2021,
OPTSTK,M&M,27-May-2021,980,CE,0,0,0,43.9,6.45,0,0,0,0,19-APR-2021,
OPTSTK,M&M,27-May-2021,990,CE,0,0,0,41.4,5.65,0,0,0,0,19-APR-2021,
OPTSTK,M&M,27-May-2021,1000,CE,0,0,0,38.95,4.95,0,0,0,0,19-APR-2021,
OPTSTK,M&M,27-May-2021,1010,CE,0,0,0,36.65,4.3,0,0,0,0,19-APR-2021,
OPTSTK,M&M,27-May-2021,1020,CE,0,0,0,34.45,3.75,0,0,0,0,19-APR-2021,
OPTSTK,M&M,27-May-2021,1030,CE,0,0,0,32.4,3.3,0,0,0,0,19-APR-2021,
OPTSTK,M&M,27-May-2021,1040,CE,0,0,0,30.4,2.85,0,0,0,0,19-APR-2021,
OPTSTK,M&M,27-May-2021,1050,CE,0,0,0,28.55,2.5,0,0,0,0,19-APR-2021,
OPTSTK,M&M,27-May-2021,1060,CE,0,0,0,26.75,2.15,0,0,0,0,19-APR-2021,
OPTSTK,M&M,27-May-2021,1070,CE,0,0,0,25.1,1.85,0,0,0,0,19-APR-2021,
OPTSTK,M&M,27-May-2021,1080,CE,0,0,0,23.55,1.6,0,0,0,0,19-APR-2021,
OPTSTK,M&M,27-May-2021,560,PE,0,0,0,2.5,0.5,0,0,0,0,19-APR-2021,
OPTSTK,M&M,27-May-2021,570,PE,0,0,0,3,0.65,0,0,0,0,19-APR-2021,
OPTSTK,M&M,27-May-2021,580,PE,0,0,0,3.6,0.9,0,0,0,0,19-APR-2021,
OPTSTK,M&M,27-May-2021,590,PE,0,0,0,4.3,1.2,0,0,0,0,19-APR-2021,
OPTSTK,M&M,27-May-2021,600,PE,0,0,0,1.7,1.6,0,0,2800,0,19-APR-2021,
OPTSTK,M&M,27-May-2021,610,PE,0,0,0,5.95,2.05,0,0,0,0,19-APR-2021,
OPTSTK,M&M,27-May-2021,620,PE,0,0,0,6.9,2.65,0,0,0,0,19-APR-2021,
OPTSTK,M&M,27-May-2021,630,PE,0,0,0,8.05,3.35,0,0,0,0,19-APR-2021,
OPTSTK,M&M,27-May-2021,640,PE,0,0,0,9.25,4.25,0,0,0,0,19-APR-2021,
OPTSTK,M&M,27-May-2021,650,PE,0,0,0,10.65,5.25,0,0,0,0,19-APR-2021,
OPTSTK,M&M,27-May-2021,660,PE,0,0,0,12.15,6.5,0,0,0,0,19-APR-2021,
OPTSTK,M&M,27-May-2021,670,PE,0,0,0,13.8,7.9,0,0,0,0,19-APR-2021,
OPTSTK,M&M,27-May-2021,680,PE,0,0,0,15.65,9.55,0,0,0,0,19-APR-2021,
OPTSTK,M&M,27-May-2021,690,PE,0,0,0,17.6,11.4,0,0,0,0,19-APR-2021,
OPTSTK,M&M,27-May-2021,700,PE,10.4,10.4,9.25,10.2,13.55,12,119.21,26600,4200,19-APR-2021,
OPTSTK,M&M,27-May-2021,710,PE,0,0,0,22.1,16,0,0,0,0,19-APR-2021,
OPTSTK,M&M,27-May-2021,720,PE,0,0,0,24.6,18.65,0,0,0,0,19-APR-2021,
OPTSTK,M&M,27-May-2021,730,PE,0,0,0,27.3,21.6,0,0,0,0,19-APR-2021,
OPTSTK,M&M,27-May-2021,740,PE,0,0,0,26.1,24.9,0,0,7000,0,19-APR-2021,
OPTSTK,M&M,27-May-2021,750,PE,22.4,23.05,22.4,23.05,28.5,2,21.63,29400,1400,19-APR-2021,
OPTSTK,M&M,27-May-2021,760,PE,0,0,0,27,32.4,0,0,1400,0,19-APR-2021,
OPTSTK,M&M,27-May-2021,770,PE,0,0,0,39.85,36.65,0,0,0,0,19-APR-2021,
OPTSTK,M&M,27-May-2021,780,PE,0,0,0,31,41.2,0,0,1400,0,19-APR-2021,
OPTSTK,M&M,27-May-2021,790,PE,0,0,0,47.35,46.1,0,0,0,0,19-APR-2021,
OPTSTK,M&M,27-May-2021,800,PE,0,0,0,29.45,51.3,0,0,8400,0,19-APR-2021,
OPTSTK,M&M,27-May-2021,810,PE,0,0,0,55.65,56.8,0,0,0,0,19-APR-2021,
OPTSTK,M&M,27-May-2021,820,PE,0,0,0,60.05,62.6,0,0,0,0,19-APR-2021,
OPTSTK,M&M,27-May-2021,830,PE,0,0,0,64.7,68.7,0,0,0,0,19-APR-2021,
OPTSTK,M&M,27-May-2021,840,PE,0,0,0,69.55,75.1,0,0,0,0,19-APR-2021,
OPTSTK,M&M,27-May-2021,850,PE,0,0,0,74.55,81.8,0,0,0,0,19-APR-2021,
OPTSTK,M&M,27-May-2021,860,PE,0,0,0,79.75,88.75,0,0,0,0,19-APR-2021,
OPTSTK,M&M,27-May-2021,870,PE,0,0,0,70,95.9,0,0,1400,0,19-APR-2021,
OPTSTK,M&M,27-May-2021,880,PE,0,0,0,90.75,103.4,0,0,0,0,19-APR-2021,
OPTSTK,M&M,27-May-2021,890,PE,0,0,0,96.5,111.05,0,0,0,0,19-APR-2021,
OPTSTK,M&M,27-May-2021,900,PE,0,0,0,102.45,118.85,0,0,0,0,19-APR-2021,
OPTSTK,M&M,27-May-2021,910,PE,0,0,0,108.55,126.9,0,0,0,0,19-APR-2021,
OPTSTK,M&M,27-May-2021,920,PE,0,0,0,114.85,135.15,0,0,0,0,19-APR-2021,
OPTSTK,M&M,27-May-2021,930,PE,0,0,0,121.25,143.55,0,0,0,0,19-APR-2021,
OPTSTK,M&M,27-May-2021,940,PE,0,0,0,127.9,152.1,0,0,0,0,19-APR-2021,
OPTSTK,M&M,27-May-2021,950,PE,0,0,0,134.65,160.85,0,0,0,0,19-APR-2021,
OPTSTK,M&M,27-May-2021,960,PE,0,0,0,141.55,169.65,0,0,0,0,19-APR-2021,
OPTSTK,M&M,27-May-2021,970,PE,0,0,0,148.6,178.6,0,0,0,0,19-APR-2021,
OPTSTK,M&M,27-May-2021,980,PE,0,0,0,155.8,187.7,0,0,0,0,19-APR-2021,
OPTSTK,M&M,27-May-2021,990,PE,0,0,0,163.15,196.85,0,0,0,0,19-APR-2021,
OPTSTK,M&M,27-May-2021,1000,PE,0,0,0,170.65,206.1,0,0,0,0,19-APR-2021,
OPTSTK,M&M,27-May-2021,1010,PE,0,0,0,178.25,215.45,0,0,0,0,19-APR-2021,
OPTSTK,M&M,27-May-2021,1020,PE,0,0,0,185.95,224.85,0,0,0,0,19-APR-2021,
OPTSTK,M&M,27-May-2021,1030,PE,0,0,0,193.8,234.3,0,0,0,0,19-APR-2021,
OPTSTK,M&M,27-May-2021,1040,PE,0,0,0,201.75,243.85,0,0,0,0,19-APR-2021,
OPTSTK,M&M,27-May-2021,1050,PE,0,0,0,209.8,253.45,0,0,0,0,19-APR-2021,
OPTSTK,M&M,27-May-2021,1060,PE,0,0,0,217.9,263.05,0,0,0,0,19-APR-2021,
OPTSTK,M&M,27-May-2021,1070,PE,0,0,0,226.15,272.75,0,0,0,0,19-APR-2021,
OPTSTK,M&M,27-May-2021,1080,PE,0,0,0,234.5,282.45,0,0,0,0,19-APR-2021,
OPTSTK,M&M,24-Jun-2021,560,CE,0,0,0,241.95,241.25,0,0,0,0,19-APR-2021,
OPTSTK,M&M,24-Jun-2021,570,CE,0,0,0,233,231.9,0,0,0,0,19-APR-2021,
OPTSTK,M&M,24-Jun-2021,580,CE,0,0,0,224.15,222.65,0,0,0,0,19-APR-2021,
OPTSTK,M&M,24-Jun-2021,590,CE,0,0,0,215.45,213.55,0,0,0,0,19-APR-2021,
OPTSTK,M&M,24-Jun-2021,600,CE,0,0,0,206.9,204.55,0,0,0,0,19-APR-2021,
OPTSTK,M&M,24-Jun-2021,610,CE,0,0,0,198.5,195.7,0,0,0,0,19-APR-2021,
OPTSTK,M&M,24-Jun-2021,620,CE,0,0,0,190.25,187,0,0,0,0,19-APR-2021,
OPTSTK,M&M,24-Jun-2021,630,CE,0,0,0,182.2,178.45,0,0,0,0,19-APR-2021,
OPTSTK,M&M,24-Jun-2021,640,CE,0,0,0,174.3,170.1,0,0,0,0,19-APR-2021,
OPTSTK,M&M,24-Jun-2021,650,CE,0,0,0,166.6,161.9,0,0,0,0,19-APR-2021,
OPTSTK,M&M,24-Jun-2021,660,CE,0,0,0,159.1,153.95,0,0,0,0,19-APR-2021,
OPTSTK,M&M,24-Jun-2021,670,CE,0,0,0,151.8,146.15,0,0,0,0,19-APR-2021,
OPTSTK,M&M,24-Jun-2021,680,CE,0,0,0,144.65,138.6,0,0,0,0,19-APR-2021,
OPTSTK,M&M,24-Jun-2021,690,CE,0,0,0,137.75,131.3,0,0,0,0,19-APR-2021,
OPTSTK,M&M,24-Jun-2021,700,CE,0,0,0,131.05,124.15,0,0,0,0,19-APR-2021,
OPTSTK,M&M,24-Jun-2021,710,CE,0,0,0,124.55,117.3,0,0,0,0,19-APR-2021,
OPTSTK,M&M,24-Jun-2021,720,CE,0,0,0,118.25,110.6,0,0,0,0,19-APR-2021,
OPTSTK,M&M,24-Jun-2021,730,CE,0,0,0,112.2,104.2,0,0,0,0,19-APR-2021,
OPTSTK,M&M,24-Jun-2021,740,CE,0,0,0,106.4,98.05,0,0,0,0,19-APR-2021,
OPTSTK,M&M,24-Jun-2021,750,CE,0,0,0,100.75,92.15,0,0,0,0,19-APR-2021,
OPTSTK,M&M,24-Jun-2021,760,CE,0,0,0,95.35,86.5,0,0,0,0,19-APR-2021,
OPTSTK,M&M,24-Jun-2021,770,CE,0,0,0,90.2,81.1,0,0,0,0,19-APR-2021,
OPTSTK,M&M,24-Jun-2021,780,CE,0,0,0,85.2,75.95,0,0,0,0,19-APR-2021,
OPTSTK,M&M,24-Jun-2021,790,CE,0,0,0,80.45,71,0,0,0,0,19-APR-2021,
OPTSTK,M&M,24-Jun-2021,800,CE,0,0,0,75.85,66.35,0,0,0,0,19-APR-2021,
OPTSTK,M&M,24-Jun-2021,810,CE,0,0,0,71.5,61.9,0,0,0,0,19-APR-2021,
OPTSTK,M&M,24-Jun-2021,820,CE,0,0,0,67.35,57.65,0,0,0,0,19-APR-2021,
OPTSTK,M&M,24-Jun-2021,830,CE,0,0,0,63.4,53.7,0,0,0,0,19-APR-2021,
OPTSTK,M&M,24-Jun-2021,840,CE,0,0,0,59.6,49.9,0,0,0,0,19-APR-2021,
OPTSTK,M&M,24-Jun-2021,850,CE,0,0,0,56,46.35,0,0,0,0,19-APR-2021,
OPTSTK,M&M,24-Jun-2021,860,CE,0,0,0,52.6,43,0,0,0,0,19-APR-2021,
OPTSTK,M&M,24-Jun-2021,870,CE,0,0,0,49.35,39.85,0,0,0,0,19-APR-2021,
OPTSTK,M&M,24-Jun-2021,880,CE,0,0,0,46.3,36.9,0,0,0,0,19-APR-2021,
OPTSTK,M&M,24-Jun-2021,890,CE,0,0,0,43.4,34.15,0,0,0,0,19-APR-2021,
OPTSTK,M&M,24-Jun-2021,900,CE,0,0,0,40.65,31.6,0,0,0,0,19-APR-2021,
OPTSTK,M&M,24-Jun-2021,910,CE,0,0,0,38.05,29.15,0,0,0,0,19-APR-2021,
OPTSTK,M&M,24-Jun-2021,920,CE,0,0,0,35.6,26.9,0,0,0,0,19-APR-2021,
OPTSTK,M&M,24-Jun-2021,930,CE,0,0,0,33.3,24.8,0,0,0,0,19-APR-2021,
OPTSTK,M&M,24-Jun-2021,940,CE,0,0,0,31.1,22.8,0,0,0,0,19-APR-2021,
OPTSTK,M&M,24-Jun-2021,950,CE,0,0,0,29.05,21,0,0,0,0,19-APR-2021,
OPTSTK,M&M,24-Jun-2021,960,CE,0,0,0,27.15,19.3,0,0,0,0,19-APR-2021,
OPTSTK,M&M,24-Jun-2021,970,CE,0,0,0,25.3,17.7,0,0,0,0,19-APR-2021,
OPTSTK,M&M,24-Jun-2021,980,CE,0,0,0,23.6,16.25,0,0,0,0,19-APR-2021,
OPTSTK,M&M,24-Jun-2021,990,CE,0,0,0,21.95,14.9,0,0,0,0,19-APR-2021,
OPTSTK,M&M,24-Jun-2021,1000,CE,0,0,0,20.45,13.65,0,0,0,0,19-APR-2021,
OPTSTK,M&M,24-Jun-2021,1010,CE,0,0,0,19.05,12.5,0,0,0,0,19-APR-2021,
OPTSTK,M&M,24-Jun-2021,1020,CE,0,0,0,17.7,11.4,0,0,0,0,19-APR-2021,
OPTSTK,M&M,24-Jun-2021,1030,CE,0,0,0,16.5,10.45,0,0,0,0,19-APR-2021,
OPTSTK,M&M,24-Jun-2021,1040,CE,0,0,0,15.3,9.55,0,0,0,0,19-APR-2021,
OPTSTK,M&M,24-Jun-2021,1050,CE,0,0,0,14.25,8.7,0,0,0,0,19-APR-2021,
OPTSTK,M&M,24-Jun-2021,1060,CE,0,0,0,13.2,7.95,0,0,0,0,19-APR-2021,
OPTSTK,M&M,24-Jun-2021,1070,CE,0,0,0,12.3,7.25,0,0,0,0,19-APR-2021,
OPTSTK,M&M,24-Jun-2021,1080,CE,0,0,0,11.4,6.6,0,0,0,0,19-APR-2021,
OPTSTK,M&M,24-Jun-2021,560,PE,0,0,0,5.05,2.5,0,0,0,0,19-APR-2021,
OPTSTK,M&M,24-Jun-2021,570,PE,0,0,0,6,3.1,0,0,0,0,19-APR-2021,
OPTSTK,M&M,24-Jun-2021,580,PE,0,0,0,7.05,3.8,0,0,0,0,19-APR-2021,
OPTSTK,M&M,24-Jun-2021,590,PE,0,0,0,8.25,4.6,0,0,0,0,19-APR-2021,
OPTSTK,M&M,24-Jun-2021,600,PE,0,0,0,9.6,5.55,0,0,0,0,19-APR-2021,
OPTSTK,M&M,24-Jun-2021,610,PE,0,0,0,11.1,6.65,0,0,0,0,19-APR-2021,
OPTSTK,M&M,24-Jun-2021,620,PE,0,0,0,12.8,7.85,0,0,0,0,19-APR-2021,
OPTSTK,M&M,24-Jun-2021,630,PE,0,0,0,14.65,9.25,0,0,0,0,19-APR-2021,
OPTSTK,M&M,24-Jun-2021,640,PE,0,0,0,16.65,10.8,0,0,0,0,19-APR-2021,
OPTSTK,M&M,24-Jun-2021,650,PE,0,0,0,18.85,12.6,0,0,0,0,19-APR-2021,
OPTSTK,M&M,24-Jun-2021,660,PE,0,0,0,21.25,14.55,0,0,0,0,19-APR-2021,
OPTSTK,M&M,24-Jun-2021,670,PE,0,0,0,23.85,16.7,0,0,0,0,19-APR-2021,
OPTSTK,M&M,24-Jun-2021,680,PE,0,0,0,26.65,19.05,0,0,0,0,19-APR-2021,
OPTSTK,M&M,24-Jun-2021,690,PE,0,0,0,29.65,21.65,0,0,0,0,19-APR-2021,
OPTSTK,M&M,24-Jun-2021,700,PE,0,0,0,32.85,24.5,0,0,0,0,19-APR-2021,
OPTSTK,M&M,24-Jun-2021,710,PE,0,0,0,36.25,27.55,0,0,0,0,19-APR-2021,
OPTSTK,M&M,24-Jun-2021,720,PE,0,0,0,39.85,30.8,0,0,0,0,19-APR-2021,
OPTSTK,M&M,24-Jun-2021,730,PE,0,0,0,43.75,34.35,0,0,0,0,19-APR-2021,
OPTSTK,M&M,24-Jun-2021,740,PE,0,0,0,47.8,38.1,0,0,0,0,19-APR-2021,
OPTSTK,M&M,24-Jun-2021,750,PE,0,0,0,52.1,42.15,0,0,0,0,19-APR-2021,
OPTSTK,M&M,24-Jun-2021,760,PE,0,0,0,56.6,46.4,0,0,0,0,19-APR-2021,
OPTSTK,M&M,24-Jun-2021,770,PE,0,0,0,61.3,50.95,0,0,0,0,19-APR-2021,
OPTSTK,M&M,24-Jun-2021,780,PE,0,0,0,66.25,55.7,0,0,0,0,19-APR-2021,
OPTSTK,M&M,24-Jun-2021,790,PE,0,0,0,71.4,60.7,0,0,0,0,19-APR-2021,
OPTSTK,M&M,24-Jun-2021,800,PE,0,0,0,76.7,65.95,0,0,0,0,19-APR-2021,
OPTSTK,M&M,24-Jun-2021,810,PE,0,0,0,82.25,71.45,0,0,0,0,19-APR-2021,
OPTSTK,M&M,24-Jun-2021,820,PE,0,0,0,88,77.2,0,0,0,0,19-APR-2021,
OPTSTK,M&M,24-Jun-2021,830,PE,0,0,0,93.95,83.15,0,0,0,0,19-APR-2021,
OPTSTK,M&M,24-Jun-2021,840,PE,0,0,0,100.1,89.3,0,0,0,0,19-APR-2021,
OPTSTK,M&M,24-Jun-2021,850,PE,0,0,0,106.4,95.65,0,0,0,0,19-APR-2021,
OPTSTK,M&M,24-Jun-2021,860,PE,0,0,0,112.9,102.25,0,0,0,0,19-APR-2021,
OPTSTK,M&M,24-Jun-2021,870,PE,0,0,0,119.55,109.05,0,0,0,0,19-APR-2021,
OPTSTK,M&M,24-Jun-2021,880,PE,0,0,0,126.4,116,0,0,0,0,19-APR-2021,
OPTSTK,M&M,24-Jun-2021,890,PE,0,0,0,133.4,123.15,0,0,0,0,19-APR-2021,
OPTSTK,M&M,24-Jun-2021,900,PE,0,0,0,140.55,130.55,0,0,0,0,19-APR-2021,
OPTSTK,M&M,24-Jun-2021,910,PE,0,0,0,147.85,138.05,0,0,0,0,19-APR-2021,
OPTSTK,M&M,24-Jun-2021,920,PE,0,0,0,155.35,145.75,0,0,0,0,19-APR-2021,
OPTSTK,M&M,24-Jun-2021,930,PE,0,0,0,162.95,153.55,0,0,0,0,19-APR-2021,
OPTSTK,M&M,24-Jun-2021,940,PE,0,0,0,170.65,161.5,0,0,0,0,19-APR-2021,
OPTSTK,M&M,24-Jun-2021,950,PE,0,0,0,178.55,169.6,0,0,0,0,19-APR-2021,
OPTSTK,M&M,24-Jun-2021,960,PE,0,0,0,186.5,177.85,0,0,0,0,19-APR-2021,
OPTSTK,M&M,24-Jun-2021,970,PE,0,0,0,194.55,186.2,0,0,0,0,19-APR-2021,
OPTSTK,M&M,24-Jun-2021,980,PE,0,0,0,202.75,194.65,0,0,0,0,19-APR-2021,
OPTSTK,M&M,24-Jun-2021,990,PE,0,0,0,211.05,203.25,0,0,0,0,19-APR-2021,
OPTSTK,M&M,24-Jun-2021,1000,PE,0,0,0,219.45,211.95,0,0,0,0,19-APR-2021,
OPTSTK,M&M,24-Jun-2021,1010,PE,0,0,0,227.95,220.7,0,0,0,0,19-APR-2021,
OPTSTK,M&M,24-Jun-2021,1020,PE,0,0,0,236.55,229.55,0,0,0,0,19-APR-2021,
OPTSTK,M&M,24-Jun-2021,1030,PE,0,0,0,245.2,238.5,0,0,0,0,19-APR-2021,
OPTSTK,M&M,24-Jun-2021,1040,PE,0,0,0,253.95,247.55,0,0,0,0,19-APR-2021,
OPTSTK,M&M,24-Jun-2021,1050,PE,0,0,0,262.75,256.65,0,0,0,0,19-APR-2021,
OPTSTK,M&M,24-Jun-2021,1060,PE,0,0,0,271.65,265.8,0,0,0,0,19-APR-2021,
OPTSTK,M&M,24-Jun-2021,1070,PE,0,0,0,280.6,275.05,0,0,0,0,19-APR-2021,
OPTSTK,M&M,24-Jun-2021,1080,PE,0,0,0,289.65,284.35,0,0,0,0,19-APR-2021,
OPTSTK,M&MFIN,29-Apr-2021,105,CE,0,0,0,62.35,60.6,0,0,0,0,19-APR-2021,
OPTSTK,M&MFIN,29-Apr-2021,110,CE,0,0,0,58.15,55.65,0,0,0,0,19-APR-2021,
OPTSTK,M&MFIN,29-Apr-2021,115,CE,0,0,0,54.1,50.65,0,0,0,0,19-APR-2021,
OPTSTK,M&MFIN,29-Apr-2021,120,CE,0,0,0,53,45.65,0,0,4000,0,19-APR-2021,
OPTSTK,M&MFIN,29-Apr-2021,125,CE,0,0,0,46.5,40.7,0,0,0,0,19-APR-2021,
OPTSTK,M&MFIN,29-Apr-2021,130,CE,0,0,0,42.95,35.75,0,0,0,0,19-APR-2021,
OPTSTK,M&MFIN,29-Apr-2021,135,CE,0,0,0,39.6,30.95,0,0,0,0,19-APR-2021,
OPTSTK,M&MFIN,29-Apr-2021,140,CE,0,0,0,36.45,26.25,0,0,0,0,19-APR-2021,
OPTSTK,M&MFIN,29-Apr-2021,145,CE,0,0,0,33.5,21.85,0,0,0,0,19-APR-2021,
OPTSTK,M&MFIN,29-Apr-2021,150,CE,17.5,17.5,17,17.15,17.15,4,26.75,24000,4000,19-APR-2021,
OPTSTK,M&MFIN,29-Apr-2021,155,CE,0,0,0,17.5,14,0,0,0,0,19-APR-2021,
OPTSTK,M&MFIN,29-Apr-2021,160,CE,9.5,10.2,8.7,10,10.8,16,108.51,56000,40000,19-APR-2021,
OPTSTK,M&MFIN,29-Apr-2021,165,CE,6.5,7.15,5.65,6.5,6.5,125,856.6,160000,116000,19-APR-2021,
OPTSTK,M&MFIN,29-Apr-2021,170,CE,4.9,5,3.8,4.3,4.3,469,3270.35,596000,260000,19-APR-2021,
OPTSTK,M&MFIN,29-Apr-2021,175,CE,2.55,3.2,2.45,2.9,2.9,490,3484.08,572000,-224000,19-APR-2021,
OPTSTK,M&MFIN,29-Apr-2021,180,CE,1.75,2.1,1.5,1.8,1.8,573,4166.42,816000,-252000,19-APR-2021,
OPTSTK,M&MFIN,29-Apr-2021,185,CE,1.15,1.35,1,1.25,1.25,140,1042.46,272000,56000,19-APR-2021,
OPTSTK,M&MFIN,29-Apr-2021,190,CE,0.7,1.15,0.6,0.85,0.85,269,2052.77,940000,48000,19-APR-2021,
OPTSTK,M&MFIN,29-Apr-2021,195,CE,0.65,0.65,0.35,0.6,0.6,153,1196.3,652000,-84000,19-APR-2021,
OPTSTK,M&MFIN,29-Apr-2021,200,CE,0.5,0.6,0.35,0.5,0.5,173,1387.11,2044000,-112000,19-APR-2021,
OPTSTK,M&MFIN,29-Apr-2021,205,CE,0.3,0.65,0.3,0.45,0.45,50,410.88,768000,36000,19-APR-2021,
OPTSTK,M&MFIN,29-Apr-2021,210,CE,0.35,0.4,0.25,0.35,0.35,108,908.73,1668000,-160000,19-APR-2021,
OPTSTK,M&MFIN,29-Apr-2021,215,CE,0.35,0.45,0.25,0.3,0.1,27,232.57,380000,-56000,19-APR-2021,
OPTSTK,M&MFIN,29-Apr-2021,220,CE,0.45,0.45,0.2,0.3,0.3,189,1665.6,2492000,196000,19-APR-2021,
OPTSTK,M&MFIN,29-Apr-2021,225,CE,0.3,0.3,0.25,0.3,0.3,34,306.37,268000,-36000,19-APR-2021,
OPTSTK,M&MFIN,29-Apr-2021,230,CE,0.2,0.3,0.15,0.25,0.25,61,561.78,836000,-52000,19-APR-2021,
OPTSTK,M&MFIN,29-Apr-2021,235,CE,0.1,0.2,0.1,0.2,0.05,16,150.48,60000,-28000,19-APR-2021,
OPTSTK,M&MFIN,29-Apr-2021,240,CE,0.1,0.15,0.1,0.15,0.15,18,172.89,380000,-48000,19-APR-2021,
OPTSTK,M&MFIN,29-Apr-2021,245,CE,0,0,0,0.3,0,0,0,8000,0,19-APR-2021,
OPTSTK,M&MFIN,29-Apr-2021,250,CE,0.1,0.1,0.1,0.1,0,2,20,204000,-4000,19-APR-2021,
OPTSTK,M&MFIN,29-Apr-2021,255,CE,0.05,0.05,0.05,0.05,0,2,20.4,36000,-8000,19-APR-2021,
OPTSTK,M&MFIN,29-Apr-2021,105,PE,0,0,0,2.2,0,0,0,0,0,19-APR-2021,
OPTSTK,M&MFIN,29-Apr-2021,110,PE,0,0,0,2.95,0,0,0,0,0,19-APR-2021,
OPTSTK,M&MFIN,29-Apr-2021,115,PE,0,0,0,3.8,0,0,0,0,0,19-APR-2021,
OPTSTK,M&MFIN,29-Apr-2021,120,PE,0,0,0,4.9,0.05,0,0,0,0,19-APR-2021,
OPTSTK,M&MFIN,29-Apr-2021,125,PE,0,0,0,6.15,0.05,0,0,0,0,19-APR-2021,
OPTSTK,M&MFIN,29-Apr-2021,130,PE,0,0,0,7.55,0.15,0,0,0,0,19-APR-2021,
OPTSTK,M&MFIN,29-Apr-2021,135,PE,0,0,0,9.15,0.3,0,0,0,0,19-APR-2021,
OPTSTK,M&MFIN,29-Apr-2021,140,PE,1.25,1.9,0.8,1,1,4,22.59,128000,4000,19-APR-2021,
OPTSTK,M&MFIN,29-Apr-2021,145,PE,0,0,0,12.95,1.2,0,0,0,0,19-APR-2021,
OPTSTK,M&MFIN,29-Apr-2021,150,PE,2.05,2.05,1.25,1.35,1.35,177,1073.18,356000,12000,19-APR-2021,
OPTSTK,M&MFIN,29-Apr-2021,155,PE,2.9,3.2,2,2.15,2.15,65,409.79,104000,40000,19-APR-2021,
OPTSTK,M&MFIN,29-Apr-2021,160,PE,4.9,9.95,3.1,3.45,3.45,352,2307.95,476000,72000,19-APR-2021,
OPTSTK,M&MFIN,29-Apr-2021,165,PE,7.15,7.4,5,5.4,5.4,266,1819.65,544000,280000,19-APR-2021,
OPTSTK,M&MFIN,29-Apr-2021,170,PE,9.8,10.25,7.65,8.15,8.15,249,1780.19,920000,-236000,19-APR-2021,
OPTSTK,M&MFIN,29-Apr-2021,175,PE,12.65,13.75,11.5,12,13.5,55,412.52,412000,-64000,19-APR-2021,
OPTSTK,M&MFIN,29-Apr-2021,180,PE,16.25,17.4,14.95,15.75,17.2,28,219.88,532000,-52000,19-APR-2021,
OPTSTK,M&MFIN,29-Apr-2021,185,PE,19.65,19.65,19.65,19.65,21.25,1,8.18,192000,0,19-APR-2021,
OPTSTK,M&MFIN,29-Apr-2021,190,PE,25.4,26.3,24,24,25.6,5,43.09,864000,-16000,19-APR-2021,
OPTSTK,M&MFIN,29-Apr-2021,195,PE,29.45,30.15,29.45,30.15,30.1,2,17.98,176000,-8000,19-APR-2021,
OPTSTK,M&MFIN,29-Apr-2021,200,PE,36,36,33.5,33.5,34.8,5,46.94,424000,-8000,19-APR-2021,
OPTSTK,M&MFIN,29-Apr-2021,205,PE,0,0,0,29.65,39.6,0,0,92000,0,19-APR-2021,
OPTSTK,M&MFIN,29-Apr-2021,210,PE,44.6,46,44,44,44,4,40.74,96000,-8000,19-APR-2021,
OPTSTK,M&MFIN,29-Apr-2021,215,PE,0,0,0,23.6,49.4,0,0,8000,0,19-APR-2021,
OPTSTK,M&MFIN,29-Apr-2021,220,PE,0,0,0,45.8,54.35,0,0,24000,0,19-APR-2021,
OPTSTK,M&MFIN,29-Apr-2021,225,PE,0,0,0,33,59.35,0,0,4000,0,19-APR-2021,
OPTSTK,M&MFIN,29-Apr-2021,230,PE,0,0,0,70.25,64.3,0,0,0,0,19-APR-2021,
OPTSTK,M&MFIN,29-Apr-2021,235,PE,0,0,0,74.6,69.3,0,0,0,0,19-APR-2021,
OPTSTK,M&MFIN,29-Apr-2021,240,PE,0,0,0,35.4,74.3,0,0,4000,0,19-APR-2021,
OPTSTK,M&MFIN,29-Apr-2021,245,PE,0,0,0,67.6,79.3,0,0,0,0,19-APR-2021,
OPTSTK,M&MFIN,29-Apr-2021,250,PE,0,0,0,75,84.25,0,0,4000,0,19-APR-2021,
OPTSTK,M&MFIN,29-Apr-2021,255,PE,0,0,0,76,89.25,0,0,0,0,19-APR-2021,
OPTSTK,M&MFIN,27-May-2021,125,CE,0,0,0,73,42.7,0,0,0,0,19-APR-2021,
OPTSTK,M&MFIN,27-May-2021,130,CE,0,0,0,74.8,38.45,0,0,0,0,19-APR-2021,
OPTSTK,M&MFIN,27-May-2021,135,CE,0,0,0,73.15,34.45,0,0,0,0,19-APR-2021,
OPTSTK,M&MFIN,27-May-2021,140,CE,0,0,0,69,30.65,0,0,0,0,19-APR-2021,
OPTSTK,M&MFIN,27-May-2021,145,CE,0,0,0,65,27.1,0,0,0,0,19-APR-2021,
OPTSTK,M&MFIN,27-May-2021,150,CE,0,0,0,74.9,23.8,0,0,0,0,19-APR-2021,
OPTSTK,M&MFIN,27-May-2021,155,CE,0,0,0,70.9,20.8,0,0,0,0,19-APR-2021,
OPTSTK,M&MFIN,27-May-2021,160,CE,0,0,0,67.05,18.1,0,0,0,0,19-APR-2021,
OPTSTK,M&MFIN,27-May-2021,165,CE,0,0,0,63.3,15.65,0,0,0,0,19-APR-2021,
OPTSTK,M&MFIN,27-May-2021,170,CE,13.4,13.4,11.1,11.1,13.45,2,14.58,8000,8000,19-APR-2021,
OPTSTK,M&MFIN,27-May-2021,175,CE,0,0,0,56.25,11.5,0,0,0,0,19-APR-2021,
OPTSTK,M&MFIN,27-May-2021,180,CE,5,6,5,6,9.8,2,14.84,8000,8000,19-APR-2021,
OPTSTK,M&MFIN,27-May-2021,185,CE,4.5,4.5,4.5,4.5,8.3,1,7.58,4000,4000,19-APR-2021,
OPTSTK,M&MFIN,27-May-2021,190,CE,0,0,0,46.7,7,0,0,0,0,19-APR-2021,
OPTSTK,M&MFIN,27-May-2021,195,CE,0,0,0,43.8,5.9,0,0,0,0,19-APR-2021,
OPTSTK,M&MFIN,27-May-2021,200,CE,1.4,2.45,1.4,2.35,2.35,23,186.06,168000,40000,19-APR-2021,
OPTSTK,M&MFIN,27-May-2021,205,CE,0,0,0,38.45,4.1,0,0,0,0,19-APR-2021,
OPTSTK,M&MFIN,27-May-2021,210,CE,1.45,1.5,1.45,1.5,3.4,3,25.37,24000,4000,19-APR-2021,
OPTSTK,M&MFIN,27-May-2021,215,CE,0,0,0,33.6,2.85,0,0,0,0,19-APR-2021,
OPTSTK,M&MFIN,27-May-2021,220,CE,0,0,0,31.4,2.35,0,0,0,0,19-APR-2021,
OPTSTK,M&MFIN,27-May-2021,225,CE,0,0,0,29.3,1.9,0,0,0,0,19-APR-2021,
OPTSTK,M&MFIN,27-May-2021,230,CE,0,0,0,27.35,1.6,0,0,0,0,19-APR-2021,
OPTSTK,M&MFIN,27-May-2021,235,CE,0,0,0,25.45,1.3,0,0,0,0,19-APR-2021,
OPTSTK,M&MFIN,27-May-2021,240,CE,0,0,0,23.75,1.05,0,0,0,0,19-APR-2021,
OPTSTK,M&MFIN,27-May-2021,245,CE,0,0,0,22.1,0.85,0,0,0,0,19-APR-2021,
OPTSTK,M&MFIN,27-May-2021,250,CE,0,0,0,20.55,0.7,0,0,0,0,19-APR-2021,
OPTSTK,M&MFIN,27-May-2021,255,CE,0,0,0,19.1,0.6,0,0,0,0,19-APR-2021,
OPTSTK,M&MFIN,27-May-2021,125,PE,0,0,0,1.15,1.7,0,0,0,0,19-APR-2021,
OPTSTK,M&MFIN,27-May-2021,130,PE,0,0,0,2.25,2.45,0,0,0,0,19-APR-2021,
OPTSTK,M&MFIN,27-May-2021,135,PE,0,0,0,3.2,3.4,0,0,0,0,19-APR-2021,
OPTSTK,M&MFIN,27-May-2021,140,PE,0,0,0,4.05,4.6,0,0,0,0,19-APR-2021,
OPTSTK,M&MFIN,27-May-2021,145,PE,0,0,0,5,6.05,0,0,0,0,19-APR-2021,
OPTSTK,M&MFIN,27-May-2021,150,PE,4.5,4.9,4.5,4.8,7.75,13,80.43,80000,20000,19-APR-2021,
OPTSTK,M&MFIN,27-May-2021,155,PE,0,0,0,5.4,9.7,0,0,0,0,19-APR-2021,
OPTSTK,M&MFIN,27-May-2021,160,PE,8.2,8.4,8,8,11.95,4,26.91,32000,12000,19-APR-2021,
OPTSTK,M&MFIN,27-May-2021,165,PE,0,0,0,7,14.5,0,0,8000,0,19-APR-2021,
OPTSTK,M&MFIN,27-May-2021,170,PE,0,0,0,9.1,17.25,0,0,0,0,19-APR-2021,
OPTSTK,M&MFIN,27-May-2021,175,PE,0,0,0,10.55,20.3,0,0,0,0,19-APR-2021,
OPTSTK,M&MFIN,27-May-2021,180,PE,19.45,19.45,18.7,19,23.6,5,39.79,316000,12000,19-APR-2021,
OPTSTK,M&MFIN,27-May-2021,185,PE,0,0,0,13.95,27.05,0,0,0,0,19-APR-2021,
OPTSTK,M&MFIN,27-May-2021,190,PE,0,0,0,20.5,30.75,0,0,72000,0,19-APR-2021,
OPTSTK,M&MFIN,27-May-2021,195,PE,0,0,0,17.95,34.6,0,0,0,0,19-APR-2021,
OPTSTK,M&MFIN,27-May-2021,200,PE,0,0,0,20.15,38.65,0,0,0,0,19-APR-2021,
OPTSTK,M&MFIN,27-May-2021,205,PE,0,0,0,22.5,42.8,0,0,0,0,19-APR-2021,
OPTSTK,M&MFIN,27-May-2021,210,PE,0,0,0,24.95,47.1,0,0,0,0,19-APR-2021,
OPTSTK,M&MFIN,27-May-2021,215,PE,0,0,0,27.55,51.5,0,0,0,0,19-APR-2021,
OPTSTK,M&MFIN,27-May-2021,220,PE,0,0,0,30.3,56,0,0,0,0,19-APR-2021,
OPTSTK,M&MFIN,27-May-2021,225,PE,0,0,0,33.15,60.55,0,0,0,0,19-APR-2021,
OPTSTK,M&MFIN,27-May-2021,230,PE,0,0,0,36.15,65.2,0,0,0,0,19-APR-2021,
OPTSTK,M&MFIN,27-May-2021,235,PE,0,0,0,39.25,69.9,0,0,0,0,19-APR-2021,
OPTSTK,M&MFIN,27-May-2021,240,PE,0,0,0,42.45,74.65,0,0,0,0,19-APR-2021,
OPTSTK,M&MFIN,27-May-2021,245,PE,0,0,0,45.75,79.4,0,0,0,0,19-APR-2021,
OPTSTK,M&MFIN,27-May-2021,250,PE,0,0,0,49.15,84.25,0,0,0,0,19-APR-2021,
OPTSTK,M&MFIN,27-May-2021,255,PE,0,0,0,52.7,89.1,0,0,0,0,19-APR-2021,
OPTSTK,M&MFIN,24-Jun-2021,125,CE,0,0,0,74.65,45.3,0,0,0,0,19-APR-2021,
OPTSTK,M&MFIN,24-Jun-2021,130,CE,0,0,0,70.4,41.45,0,0,0,0,19-APR-2021,
OPTSTK,M&MFIN,24-Jun-2021,135,CE,0,0,0,66.25,37.85,0,0,0,0,19-APR-2021,
OPTSTK,M&MFIN,24-Jun-2021,140,CE,0,0,0,62.3,34.45,0,0,0,0,19-APR-2021,
OPTSTK,M&MFIN,24-Jun-2021,145,CE,0,0,0,58.45,31.25,0,0,0,0,19-APR-2021,
OPTSTK,M&MFIN,24-Jun-2021,150,CE,0,0,0,54.75,28.25,0,0,0,0,19-APR-2021,
OPTSTK,M&MFIN,24-Jun-2021,155,CE,0,0,0,51.2,25.5,0,0,0,0,19-APR-2021,
OPTSTK,M&MFIN,24-Jun-2021,160,CE,0,0,0,47.8,22.95,0,0,0,0,19-APR-2021,
OPTSTK,M&MFIN,24-Jun-2021,165,CE,0,0,0,44.6,20.6,0,0,0,0,19-APR-2021,
OPTSTK,M&MFIN,24-Jun-2021,170,CE,0,0,0,41.5,18.45,0,0,0,0,19-APR-2021,
OPTSTK,M&MFIN,24-Jun-2021,175,CE,0,0,0,38.6,16.45,0,0,0,0,19-APR-2021,
OPTSTK,M&MFIN,24-Jun-2021,180,CE,0,0,0,35.85,14.7,0,0,0,0,19-APR-2021,
OPTSTK,M&MFIN,24-Jun-2021,185,CE,0,0,0,33.3,13.05,0,0,0,0,19-APR-2021,
OPTSTK,M&MFIN,24-Jun-2021,190,CE,0,0,0,30.85,11.6,0,0,0,0,19-APR-2021,
OPTSTK,M&MFIN,24-Jun-2021,195,CE,0,0,0,28.55,10.3,0,0,0,0,19-APR-2021,
OPTSTK,M&MFIN,24-Jun-2021,200,CE,0,0,0,26.4,9.15,0,0,0,0,19-APR-2021,
OPTSTK,M&MFIN,24-Jun-2021,205,CE,0,0,0,24.4,8.05,0,0,0,0,19-APR-2021,
OPTSTK,M&MFIN,24-Jun-2021,210,CE,0,0,0,22.55,7.15,0,0,0,0,19-APR-2021,
OPTSTK,M&MFIN,24-Jun-2021,215,CE,0,0,0,20.8,6.3,0,0,0,0,19-APR-2021,
OPTSTK,M&MFIN,24-Jun-2021,220,CE,0,0,0,19.15,5.55,0,0,0,0,19-APR-2021,
OPTSTK,M&MFIN,24-Jun-2021,225,CE,0,0,0,17.65,4.85,0,0,0,0,19-APR-2021,
OPTSTK,M&MFIN,24-Jun-2021,230,CE,0,0,0,16.25,4.3,0,0,0,0,19-APR-2021,
OPTSTK,M&MFIN,24-Jun-2021,235,CE,0,0,0,14.95,3.75,0,0,0,0,19-APR-2021,
OPTSTK,M&MFIN,24-Jun-2021,240,CE,0,0,0,13.75,3.3,0,0,0,0,19-APR-2021,
OPTSTK,M&MFIN,24-Jun-2021,245,CE,0,0,0,12.65,2.9,0,0,0,0,19-APR-2021,
OPTSTK,M&MFIN,24-Jun-2021,250,CE,0,0,0,11.6,2.55,0,0,0,0,19-APR-2021,
OPTSTK,M&MFIN,24-Jun-2021,255,CE,0,0,0,10.65,2.25,0,0,0,0,19-APR-2021,
OPTSTK,M&MFIN,24-Jun-2021,125,PE,0,0,0,2.45,3.95,0,0,0,0,19-APR-2021,
OPTSTK,M&MFIN,24-Jun-2021,130,PE,0,0,0,3.15,5.1,0,0,0,0,19-APR-2021,
OPTSTK,M&MFIN,24-Jun-2021,135,PE,0,0,0,3.95,6.45,0,0,0,0,19-APR-2021,
OPTSTK,M&MFIN,24-Jun-2021,140,PE,0,0,0,4.95,8,0,0,0,0,19-APR-2021,
OPTSTK,M&MFIN,24-Jun-2021,145,PE,0,0,0,6.05,9.75,0,0,0,0,19-APR-2021,
OPTSTK,M&MFIN,24-Jun-2021,150,PE,0,0,0,7.3,11.75,0,0,0,0,19-APR-2021,
OPTSTK,M&MFIN,24-Jun-2021,155,PE,0,0,0,8.7,13.95,0,0,0,0,19-APR-2021,
OPTSTK,M&MFIN,24-Jun-2021,160,PE,0,0,0,10.25,16.35,0,0,0,0,19-APR-2021,
OPTSTK,M&MFIN,24-Jun-2021,165,PE,0,0,0,12,18.95,0,0,0,0,19-APR-2021,
OPTSTK,M&MFIN,24-Jun-2021,170,PE,0,0,0,13.9,21.8,0,0,0,0,19-APR-2021,
OPTSTK,M&MFIN,24-Jun-2021,175,PE,0,0,0,15.95,24.8,0,0,0,0,19-APR-2021,
OPTSTK,M&MFIN,24-Jun-2021,180,PE,0,0,0,18,27.95,0,0,8000,0,19-APR-2021,
OPTSTK,M&MFIN,24-Jun-2021,185,PE,0,0,0,20.5,31.3,0,0,0,0,19-APR-2021,
OPTSTK,M&MFIN,24-Jun-2021,190,PE,0,0,0,23.05,34.85,0,0,0,0,19-APR-2021,
OPTSTK,M&MFIN,24-Jun-2021,195,PE,0,0,0,25.7,38.5,0,0,0,0,19-APR-2021,
OPTSTK,M&MFIN,24-Jun-2021,200,PE,0,0,0,28.5,42.3,0,0,0,0,19-APR-2021,
OPTSTK,M&MFIN,24-Jun-2021,205,PE,0,0,0,31.45,46.2,0,0,0,0,19-APR-2021,
OPTSTK,M&MFIN,24-Jun-2021,210,PE,0,0,0,34.55,50.2,0,0,0,0,19-APR-2021,
OPTSTK,M&MFIN,24-Jun-2021,215,PE,0,0,0,37.75,54.35,0,0,0,0,19-APR-2021,
OPTSTK,M&MFIN,24-Jun-2021,220,PE,0,0,0,41.05,58.55,0,0,0,0,19-APR-2021,
OPTSTK,M&MFIN,24-Jun-2021,225,PE,0,0,0,44.5,62.85,0,0,0,0,19-APR-2021,
OPTSTK,M&MFIN,24-Jun-2021,230,PE,0,0,0,48.05,67.25,0,0,0,0,19-APR-2021,
OPTSTK,M&MFIN,24-Jun-2021,235,PE,0,0,0,51.75,71.7,0,0,0,0,19-APR-2021,
OPTSTK,M&MFIN,24-Jun-2021,240,PE,0,0,0,55.5,76.2,0,0,0,0,19-APR-2021,
OPTSTK,M&MFIN,24-Jun-2021,245,PE,0,0,0,59.3,80.75,0,0,0,0,19-APR-2021,
OPTSTK,M&MFIN,24-Jun-2021,250,PE,0,0,0,63.25,85.35,0,0,0,0,19-APR-2021,
OPTSTK,M&MFIN,24-Jun-2021,255,PE,0,0,0,67.25,90,0,0,0,0,19-APR-2021,
OPTSTK,MANAPPURAM,29-Apr-2021,105,CE,0,0,0,51.5,37.1,0,0,0,0,19-APR-2021,
OPTSTK,MANAPPURAM,29-Apr-2021,107.5,CE,0,0,0,49.45,34.6,0,0,0,0,19-APR-2021,
OPTSTK,MANAPPURAM,29-Apr-2021,110,CE,0,0,0,47.4,32.1,0,0,0,0,19-APR-2021,
OPTSTK,MANAPPURAM,29-Apr-2021,112.5,CE,0,0,0,45.4,29.6,0,0,0,0,19-APR-2021,
OPTSTK,MANAPPURAM,29-Apr-2021,115,CE,0,0,0,43.45,27.15,0,0,0,0,19-APR-2021,
OPTSTK,MANAPPURAM,29-Apr-2021,117.5,CE,0,0,0,41.55,24.75,0,0,0,0,19-APR-2021,
OPTSTK,MANAPPURAM,29-Apr-2021,120,CE,0,0,0,39.7,22.35,0,0,0,0,19-APR-2021,
OPTSTK,MANAPPURAM,29-Apr-2021,122.5,CE,0,0,0,37.9,20,0,0,0,0,19-APR-2021,
OPTSTK,MANAPPURAM,29-Apr-2021,125,CE,0,0,0,36.15,17.75,0,0,0,0,19-APR-2021,
OPTSTK,MANAPPURAM,29-Apr-2021,127.5,CE,0,0,0,34.45,15.55,0,0,0,0,19-APR-2021,
OPTSTK,MANAPPURAM,29-Apr-2021,130,CE,0,0,0,32.8,13.5,0,0,0,0,19-APR-2021,
OPTSTK,MANAPPURAM,29-Apr-2021,132.5,CE,0,0,0,31.25,11.55,0,0,0,0,19-APR-2021,
OPTSTK,MANAPPURAM,29-Apr-2021,135,CE,0,0,0,29.7,9.8,0,0,0,0,19-APR-2021,
OPTSTK,MANAPPURAM,29-Apr-2021,137.5,CE,0,0,0,28.25,8.2,0,0,0,0,19-APR-2021,
OPTSTK,MANAPPURAM,29-Apr-2021,140,CE,7.1,7.2,5.6,5.75,5.75,38,333.56,114000,96000,19-APR-2021,
OPTSTK,MANAPPURAM,29-Apr-2021,142.5,CE,0,0,0,25.45,5.5,0,0,0,0,19-APR-2021,
OPTSTK,MANAPPURAM,29-Apr-2021,145,CE,3.05,4.45,2.55,3.2,3.2,140,1249.29,504000,174000,19-APR-2021,
OPTSTK,MANAPPURAM,29-Apr-2021,147.5,CE,0,0,0,22.9,3.5,0,0,0,0,19-APR-2021,
OPTSTK,MANAPPURAM,29-Apr-2021,150,CE,2.05,2.5,1.5,1.8,1.8,295,2690.55,1362000,126000,19-APR-2021,
OPTSTK,MANAPPURAM,29-Apr-2021,152.5,CE,1.5,1.55,1.5,1.55,2.1,6,55.44,48000,0,19-APR-2021,
OPTSTK,MANAPPURAM,29-Apr-2021,155,CE,0.85,1.4,0.8,0.95,0.95,181,1694.63,882000,126000,19-APR-2021,
OPTSTK,MANAPPURAM,29-Apr-2021,157.5,CE,1.2,1.2,0.25,0.75,1.2,17,161.54,90000,-18000,19-APR-2021,
OPTSTK,MANAPPURAM,29-Apr-2021,160,CE,1.05,1.05,0.5,0.6,0.6,201,1937.37,2358000,108000,19-APR-2021,
OPTSTK,MANAPPURAM,29-Apr-2021,162.5,CE,1.95,1.95,0.6,0.6,0.65,3,29.43,72000,0,19-APR-2021,
OPTSTK,MANAPPURAM,29-Apr-2021,165,CE,0.5,0.5,0.3,0.35,0.35,62,615.19,792000,-156000,19-APR-2021,
OPTSTK,MANAPPURAM,29-Apr-2021,167.5,CE,0,0,0,14.65,0.35,0,0,0,0,19-APR-2021,
OPTSTK,MANAPPURAM,29-Apr-2021,170,CE,0.3,0.3,0.2,0.25,0.25,87,888.59,906000,-198000,19-APR-2021,
OPTSTK,MANAPPURAM,29-Apr-2021,172.5,CE,0,0,0,5.5,0.2,0,0,6000,0,19-APR-2021,
OPTSTK,MANAPPURAM,29-Apr-2021,175,CE,0.1,0.2,0.1,0.2,0.15,15,157.63,366000,-60000,19-APR-2021,
OPTSTK,MANAPPURAM,29-Apr-2021,177.5,CE,0,0,0,0.35,0.1,0,0,54000,0,19-APR-2021,
OPTSTK,MANAPPURAM,29-Apr-2021,180,CE,0.15,0.2,0.1,0.1,0.1,36,389.14,1104000,-102000,19-APR-2021,
OPTSTK,MANAPPURAM,29-Apr-2021,182.5,CE,0,0,0,10.3,0.05,0,0,0,0,19-APR-2021,
OPTSTK,MANAPPURAM,29-Apr-2021,185,CE,0,0,0,0.2,0.05,0,0,48000,0,19-APR-2021,
OPTSTK,MANAPPURAM,29-Apr-2021,187.5,CE,0,0,0,9.1,0.05,0,0,0,0,19-APR-2021,
OPTSTK,MANAPPURAM,29-Apr-2021,190,CE,0,0,0,0.15,0.05,0,0,42000,0,19-APR-2021,
OPTSTK,MANAPPURAM,29-Apr-2021,192.5,CE,0,0,0,8.1,0.05,0,0,0,0,19-APR-2021,
OPTSTK,MANAPPURAM,29-Apr-2021,195,CE,0,0,0,7.6,0,0,0,0,0,19-APR-2021,
OPTSTK,MANAPPURAM,29-Apr-2021,197.5,CE,0,0,0,7.15,0,0,0,0,0,19-APR-2021,
OPTSTK,MANAPPURAM,29-Apr-2021,200,CE,0,0,0,0.1,0,0,0,300000,0,19-APR-2021,
OPTSTK,MANAPPURAM,29-Apr-2021,202.5,CE,0,0,0,6.3,0,0,0,0,0,19-APR-2021,
OPTSTK,MANAPPURAM,29-Apr-2021,205,CE,0,0,0,0.05,0,0,0,36000,0,19-APR-2021,
OPTSTK,MANAPPURAM,29-Apr-2021,207.5,CE,0,0,0,5.55,0,0,0,0,0,19-APR-2021,
OPTSTK,MANAPPURAM,29-Apr-2021,210,CE,0,0,0,5.2,0,0,0,0,0,19-APR-2021,
OPTSTK,MANAPPURAM,29-Apr-2021,212.5,CE,0,0,0,4.9,0,0,0,0,0,19-APR-2021,
OPTSTK,MANAPPURAM,29-Apr-2021,215,CE,0,0,0,0.2,0,0,0,12000,0,19-APR-2021,
OPTSTK,MANAPPURAM,29-Apr-2021,217.5,CE,0,0,0,4.3,0,0,0,0,0,19-APR-2021,
OPTSTK,MANAPPURAM,29-Apr-2021,105,PE,0,0,0,2.25,0,0,0,0,0,19-APR-2021,
OPTSTK,MANAPPURAM,29-Apr-2021,107.5,PE,0,0,0,2.65,0.05,0,0,0,0,19-APR-2021,
OPTSTK,MANAPPURAM,29-Apr-2021,110,PE,0,0,0,3.05,0.05,0,0,0,0,19-APR-2021,
OPTSTK,MANAPPURAM,29-Apr-2021,112.5,PE,0,0,0,3.55,0.05,0,0,0,0,19-APR-2021,
OPTSTK,MANAPPURAM,29-Apr-2021,115,PE,0,0,0,4.05,0.1,0,0,0,0,19-APR-2021,
OPTSTK,MANAPPURAM,29-Apr-2021,117.5,PE,0,0,0,4.65,0.15,0,0,0,0,19-APR-2021,
OPTSTK,MANAPPURAM,29-Apr-2021,120,PE,0.25,0.25,0.25,0.25,0.25,1,7.21,30000,0,19-APR-2021,
OPTSTK,MANAPPURAM,29-Apr-2021,122.5,PE,0,0,0,5.95,0.4,0,0,0,0,19-APR-2021,
OPTSTK,MANAPPURAM,29-Apr-2021,125,PE,0,0,0,0.15,0.65,0,0,6000,0,19-APR-2021,
OPTSTK,MANAPPURAM,29-Apr-2021,127.5,PE,0,0,0,7.45,1,0,0,0,0,19-APR-2021,
OPTSTK,MANAPPURAM,29-Apr-2021,130,PE,0.75,1.75,0.6,0.95,0.95,111,873.08,582000,54000,19-APR-2021,
OPTSTK,MANAPPURAM,29-Apr-2021,132.5,PE,1.5,1.55,1.5,1.55,2,3,24.12,60000,0,19-APR-2021,
OPTSTK,MANAPPURAM,29-Apr-2021,135,PE,1.7,2.5,1.55,1.75,1.75,94,772.74,474000,-36000,19-APR-2021,
OPTSTK,MANAPPURAM,29-Apr-2021,137.5,PE,1.7,2.4,1.7,2.35,2.35,5,41.91,54000,6000,19-APR-2021,
OPTSTK,MANAPPURAM,29-Apr-2021,140,PE,3,4.6,2.75,3.2,3.2,257,2212.86,1314000,150000,19-APR-2021,
OPTSTK,MANAPPURAM,29-Apr-2021,142.5,PE,4.95,4.95,2.6,3.9,3.9,3,26.35,6000,0,19-APR-2021,
OPTSTK,MANAPPURAM,29-Apr-2021,145,PE,4,6.75,4,5.7,5.7,87,786.04,594000,-24000,19-APR-2021,
OPTSTK,MANAPPURAM,29-Apr-2021,147.5,PE,0,0,0,2.25,8.9,0,0,6000,0,19-APR-2021,
OPTSTK,MANAPPURAM,29-Apr-2021,150,PE,10.5,10.5,8.6,9.15,10.6,13,124.18,834000,-42000,19-APR-2021,
OPTSTK,MANAPPURAM,29-Apr-2021,152.5,PE,13,13,10,10,12.5,6,58.86,42000,-6000,19-APR-2021,
OPTSTK,MANAPPURAM,29-Apr-2021,155,PE,14.05,14.05,12.25,13.45,14.5,11,111.27,432000,-6000,19-APR-2021,
OPTSTK,MANAPPURAM,29-Apr-2021,157.5,PE,17,17,17,17,16.6,1,10.47,12000,0,19-APR-2021,
OPTSTK,MANAPPURAM,29-Apr-2021,160,PE,17.85,18.05,17.3,17.95,17.95,8,85.35,1212000,-36000,19-APR-2021,
OPTSTK,MANAPPURAM,29-Apr-2021,162.5,PE,0,0,0,24.15,21.05,0,0,0,0,19-APR-2021,
OPTSTK,MANAPPURAM,29-Apr-2021,165,PE,22.35,22.35,22.35,22.35,23.35,1,11.24,78000,-6000,19-APR-2021,
OPTSTK,MANAPPURAM,29-Apr-2021,167.5,PE,0,0,0,27.3,25.75,0,0,0,0,19-APR-2021,
OPTSTK,MANAPPURAM,29-Apr-2021,170,PE,0,0,0,20.4,28.15,0,0,48000,0,19-APR-2021,
OPTSTK,MANAPPURAM,29-Apr-2021,172.5,PE,0,0,0,30.65,30.55,0,0,0,0,19-APR-2021,
OPTSTK,MANAPPURAM,29-Apr-2021,175,PE,0,0,0,27.95,33,0,0,60000,0,19-APR-2021,
OPTSTK,MANAPPURAM,29-Apr-2021,177.5,PE,0,0,0,34.15,35.45,0,0,0,0,19-APR-2021,
OPTSTK,MANAPPURAM,29-Apr-2021,180,PE,0,0,0,28,37.95,0,0,54000,0,19-APR-2021,
OPTSTK,MANAPPURAM,29-Apr-2021,182.5,PE,0,0,0,37.8,40.4,0,0,0,0,19-APR-2021,
OPTSTK,MANAPPURAM,29-Apr-2021,185,PE,0,0,0,39.7,42.9,0,0,0,0,19-APR-2021,
OPTSTK,MANAPPURAM,29-Apr-2021,187.5,PE,0,0,0,41.6,45.4,0,0,0,0,19-APR-2021,
OPTSTK,MANAPPURAM,29-Apr-2021,190,PE,0,0,0,37,47.9,0,0,6000,0,19-APR-2021,
OPTSTK,MANAPPURAM,29-Apr-2021,192.5,PE,0,0,0,45.5,50.4,0,0,0,0,19-APR-2021,
OPTSTK,MANAPPURAM,29-Apr-2021,195,PE,0,0,0,47.5,52.9,0,0,0,0,19-APR-2021,
OPTSTK,MANAPPURAM,29-Apr-2021,197.5,PE,0,0,0,49.5,55.4,0,0,0,0,19-APR-2021,
OPTSTK,MANAPPURAM,29-Apr-2021,200,PE,0,0,0,51.55,57.85,0,0,0,0,19-APR-2021,
OPTSTK,MANAPPURAM,29-Apr-2021,202.5,PE,0,0,0,53.65,60.35,0,0,0,0,19-APR-2021,
OPTSTK,MANAPPURAM,29-Apr-2021,205,PE,0,0,0,55.7,62.85,0,0,0,0,19-APR-2021,
OPTSTK,MANAPPURAM,29-Apr-2021,207.5,PE,0,0,0,57.85,65.35,0,0,0,0,19-APR-2021,
OPTSTK,MANAPPURAM,29-Apr-2021,210,PE,0,0,0,60,67.85,0,0,0,0,19-APR-2021,
OPTSTK,MANAPPURAM,29-Apr-2021,212.5,PE,0,0,0,62.15,70.35,0,0,0,0,19-APR-2021,
OPTSTK,MANAPPURAM,29-Apr-2021,215,PE,0,0,0,64.3,72.85,0,0,0,0,19-APR-2021,
OPTSTK,MANAPPURAM,29-Apr-2021,217.5,PE,0,0,0,66.5,75.35,0,0,0,0,19-APR-2021,
OPTSTK,MANAPPURAM,27-May-2021,110,CE,0,0,0,71.35,33.45,0,0,0,0,19-APR-2021,
OPTSTK,MANAPPURAM,27-May-2021,112.5,CE,0,0,0,69.05,31.25,0,0,0,0,19-APR-2021,
OPTSTK,MANAPPURAM,27-May-2021,115,CE,0,0,0,66.8,29.1,0,0,0,0,19-APR-2021,
OPTSTK,MANAPPURAM,27-May-2021,117.5,CE,0,0,0,64.6,27.05,0,0,0,0,19-APR-2021,
OPTSTK,MANAPPURAM,27-May-2021,120,CE,0,0,0,62.4,25.05,0,0,0,0,19-APR-2021,
OPTSTK,MANAPPURAM,27-May-2021,122.5,CE,0,0,0,60.25,23.15,0,0,0,0,19-APR-2021,
OPTSTK,MANAPPURAM,27-May-2021,125,CE,0,0,0,58.15,21.35,0,0,0,0,19-APR-2021,
OPTSTK,MANAPPURAM,27-May-2021,127.5,CE,0,0,0,56.05,19.6,0,0,0,0,19-APR-2021,
OPTSTK,MANAPPURAM,27-May-2021,130,CE,0,0,0,54,17.95,0,0,0,0,19-APR-2021,
OPTSTK,MANAPPURAM,27-May-2021,132.5,CE,0,0,0,52,16.35,0,0,0,0,19-APR-2021,
OPTSTK,MANAPPURAM,27-May-2021,135,CE,0,0,0,50.05,14.9,0,0,0,0,19-APR-2021,
OPTSTK,MANAPPURAM,27-May-2021,137.5,CE,0,0,0,48.15,13.55,0,0,0,0,19-APR-2021,
OPTSTK,MANAPPURAM,27-May-2021,140,CE,0,0,0,46.25,12.25,0,0,0,0,19-APR-2021,
OPTSTK,MANAPPURAM,27-May-2021,142.5,CE,0,0,0,44.45,11.05,0,0,0,0,19-APR-2021,
OPTSTK,MANAPPURAM,27-May-2021,145,CE,8,10,8,10,9.95,2,18.48,6000,6000,19-APR-2021,
OPTSTK,MANAPPURAM,27-May-2021,147.5,CE,0,0,0,40.9,8.9,0,0,0,0,19-APR-2021,
OPTSTK,MANAPPURAM,27-May-2021,150,CE,6,6,4.75,4.85,4.85,9,83.8,78000,48000,19-APR-2021,
OPTSTK,MANAPPURAM,27-May-2021,152.5,CE,0,0,0,37.6,7.15,0,0,0,0,19-APR-2021,
OPTSTK,MANAPPURAM,27-May-2021,155,CE,0,0,0,36,6.35,0,0,0,0,19-APR-2021,
OPTSTK,MANAPPURAM,27-May-2021,157.5,CE,0,0,0,34.45,5.65,0,0,0,0,19-APR-2021,
OPTSTK,MANAPPURAM,27-May-2021,160,CE,2.5,3,2.4,2.55,2.55,23,224.37,78000,48000,19-APR-2021,
OPTSTK,MANAPPURAM,27-May-2021,162.5,CE,0,0,0,31.5,4.45,0,0,0,0,19-APR-2021,
OPTSTK,MANAPPURAM,27-May-2021,165,CE,0,0,0,30.1,3.9,0,0,0,0,19-APR-2021,
OPTSTK,MANAPPURAM,27-May-2021,167.5,CE,0,0,0,28.75,3.45,0,0,0,0,19-APR-2021,
OPTSTK,MANAPPURAM,27-May-2021,170,CE,0,0,0,27.45,3.05,0,0,0,0,19-APR-2021,
OPTSTK,MANAPPURAM,27-May-2021,172.5,CE,0,0,0,26.2,2.65,0,0,0,0,19-APR-2021,
OPTSTK,MANAPPURAM,27-May-2021,175,CE,0,0,0,25,2.3,0,0,0,0,19-APR-2021,
OPTSTK,MANAPPURAM,27-May-2021,177.5,CE,0,0,0,23.8,2.05,0,0,0,0,19-APR-2021,
OPTSTK,MANAPPURAM,27-May-2021,180,CE,0,0,0,22.7,1.75,0,0,0,0,19-APR-2021,
OPTSTK,MANAPPURAM,27-May-2021,182.5,CE,0,0,0,21.6,1.55,0,0,0,0,19-APR-2021,
OPTSTK,MANAPPURAM,27-May-2021,185,CE,0,0,0,20.6,1.35,0,0,0,0,19-APR-2021,
OPTSTK,MANAPPURAM,27-May-2021,187.5,CE,0,0,0,19.6,1.15,0,0,0,0,19-APR-2021,
OPTSTK,MANAPPURAM,27-May-2021,190,CE,0,0,0,0.1,1,0,0,18000,0,19-APR-2021,
OPTSTK,MANAPPURAM,27-May-2021,192.5,CE,0,0,0,17.7,0.9,0,0,0,0,19-APR-2021,
OPTSTK,MANAPPURAM,27-May-2021,195,CE,0,0,0,16.85,0.75,0,0,0,0,19-APR-2021,
OPTSTK,MANAPPURAM,27-May-2021,197.5,CE,0,0,0,16,0.65,0,0,0,0,19-APR-2021,
OPTSTK,MANAPPURAM,27-May-2021,200,CE,0,0,0,15.2,0.55,0,0,0,0,19-APR-2021,
OPTSTK,MANAPPURAM,27-May-2021,202.5,CE,0,0,0,14.45,0.5,0,0,0,0,19-APR-2021,
OPTSTK,MANAPPURAM,27-May-2021,205,CE,0,0,0,13.7,0.4,0,0,0,0,19-APR-2021,
OPTSTK,MANAPPURAM,27-May-2021,207.5,CE,0,0,0,13,0.35,0,0,0,0,19-APR-2021,
OPTSTK,MANAPPURAM,27-May-2021,210,CE,0,0,0,12.35,0.3,0,0,0,0,19-APR-2021,
OPTSTK,MANAPPURAM,27-May-2021,212.5,CE,0,0,0,11.7,0.25,0,0,0,0,19-APR-2021,
OPTSTK,MANAPPURAM,27-May-2021,215,CE,0,0,0,11.1,0.25,0,0,0,0,19-APR-2021,
OPTSTK,MANAPPURAM,27-May-2021,217.5,CE,0,0,0,10.5,0.2,0,0,0,0,19-APR-2021,
OPTSTK,MANAPPURAM,27-May-2021,110,PE,0,0,0,1.05,1.05,0,0,0,0,19-APR-2021,
OPTSTK,MANAPPURAM,27-May-2021,112.5,PE,0,0,0,1.25,1.35,0,0,0,0,19-APR-2021,
OPTSTK,MANAPPURAM,27-May-2021,115,PE,0,0,0,1.5,1.75,0,0,0,0,19-APR-2021,
OPTSTK,MANAPPURAM,27-May-2021,117.5,PE,0,0,0,1.75,2.15,0,0,0,0,19-APR-2021,
OPTSTK,MANAPPURAM,27-May-2021,120,PE,0,0,0,1,2.65,0,0,12000,0,19-APR-2021,
OPTSTK,MANAPPURAM,27-May-2021,122.5,PE,0,0,0,2.35,3.25,0,0,0,0,19-APR-2021,
OPTSTK,MANAPPURAM,27-May-2021,125,PE,0,0,0,2.7,3.9,0,0,0,0,19-APR-2021,
OPTSTK,MANAPPURAM,27-May-2021,127.5,PE,0,0,0,3.1,4.65,0,0,0,0,19-APR-2021,
OPTSTK,MANAPPURAM,27-May-2021,130,PE,0,0,0,2.55,5.5,0,0,6000,0,19-APR-2021,
OPTSTK,MANAPPURAM,27-May-2021,132.5,PE,0,0,0,4,6.4,0,0,0,0,19-APR-2021,
OPTSTK,MANAPPURAM,27-May-2021,135,PE,3.4,4.2,3.4,4.2,4.2,2,16.65,12000,0,19-APR-2021,
OPTSTK,MANAPPURAM,27-May-2021,137.5,PE,0,0,0,5.1,8.55,0,0,0,0,19-APR-2021,
OPTSTK,MANAPPURAM,27-May-2021,140,PE,6.25,6.25,5.05,6.05,6.05,14,122.46,300000,54000,19-APR-2021,
OPTSTK,MANAPPURAM,27-May-2021,142.5,PE,0,0,0,6.35,11.05,0,0,0,0,19-APR-2021,
OPTSTK,MANAPPURAM,27-May-2021,145,PE,0,0,0,7.05,12.45,0,0,0,0,19-APR-2021,
OPTSTK,MANAPPURAM,27-May-2021,147.5,PE,0,0,0,7.8,13.9,0,0,0,0,19-APR-2021,
OPTSTK,MANAPPURAM,27-May-2021,150,PE,0,0,0,6.55,15.45,0,0,132000,0,19-APR-2021,
OPTSTK,MANAPPURAM,27-May-2021,152.5,PE,0,0,0,9.45,17.1,0,0,0,0,19-APR-2021,
OPTSTK,MANAPPURAM,27-May-2021,155,PE,0,0,0,10.3,18.8,0,0,0,0,19-APR-2021,
OPTSTK,MANAPPURAM,27-May-2021,157.5,PE,0,0,0,11.25,20.6,0,0,0,0,19-APR-2021,
OPTSTK,MANAPPURAM,27-May-2021,160,PE,0,0,0,10.85,22.45,0,0,12000,0,19-APR-2021,
OPTSTK,MANAPPURAM,27-May-2021,162.5,PE,0,0,0,13.25,24.35,0,0,0,0,19-APR-2021,
OPTSTK,MANAPPURAM,27-May-2021,165,PE,0,0,0,14.35,26.3,0,0,0,0,19-APR-2021,
OPTSTK,MANAPPURAM,27-May-2021,167.5,PE,0,0,0,15.45,28.35,0,0,0,0,19-APR-2021,
OPTSTK,MANAPPURAM,27-May-2021,170,PE,0,0,0,16.65,30.4,0,0,0,0,19-APR-2021,
OPTSTK,MANAPPURAM,27-May-2021,172.5,PE,0,0,0,17.85,32.55,0,0,0,0,19-APR-2021,
OPTSTK,MANAPPURAM,27-May-2021,175,PE,0,0,0,19.1,34.7,0,0,0,0,19-APR-2021,
OPTSTK,MANAPPURAM,27-May-2021,177.5,PE,0,0,0,20.4,36.9,0,0,0,0,19-APR-2021,
OPTSTK,MANAPPURAM,27-May-2021,180,PE,0,0,0,21.75,39.1,0,0,0,0,19-APR-2021,
OPTSTK,MANAPPURAM,27-May-2021,182.5,PE,0,0,0,23.15,41.4,0,0,0,0,19-APR-2021,
OPTSTK,MANAPPURAM,27-May-2021,185,PE,0,0,0,24.6,43.65,0,0,0,0,19-APR-2021,
OPTSTK,MANAPPURAM,27-May-2021,187.5,PE,0,0,0,26.1,46,0,0,0,0,19-APR-2021,
OPTSTK,MANAPPURAM,27-May-2021,190,PE,0,0,0,27.6,48.3,0,0,0,0,19-APR-2021,
OPTSTK,MANAPPURAM,27-May-2021,192.5,PE,0,0,0,29.2,50.7,0,0,0,0,19-APR-2021,
OPTSTK,MANAPPURAM,27-May-2021,195,PE,0,0,0,30.8,53.05,0,0,0,0,19-APR-2021,
OPTSTK,MANAPPURAM,27-May-2021,197.5,PE,0,0,0,32.4,55.45,0,0,0,0,19-APR-2021,
OPTSTK,MANAPPURAM,27-May-2021,200,PE,0,0,0,34.1,57.85,0,0,0,0,19-APR-2021,
OPTSTK,MANAPPURAM,27-May-2021,202.5,PE,0,0,0,35.8,60.25,0,0,0,0,19-APR-2021,
OPTSTK,MANAPPURAM,27-May-2021,205,PE,0,0,0,37.55,62.65,0,0,0,0,19-APR-2021,
OPTSTK,MANAPPURAM,27-May-2021,207.5,PE,0,0,0,39.3,65.1,0,0,0,0,19-APR-2021,
OPTSTK,MANAPPURAM,27-May-2021,210,PE,0,0,0,41.15,67.55,0,0,0,0,19-APR-2021,
OPTSTK,MANAPPURAM,27-May-2021,212.5,PE,0,0,0,43,70,0,0,0,0,19-APR-2021,
OPTSTK,MANAPPURAM,27-May-2021,215,PE,0,0,0,44.85,72.45,0,0,0,0,19-APR-2021,
OPTSTK,MANAPPURAM,27-May-2021,217.5,PE,0,0,0,46.75,74.9,0,0,0,0,19-APR-2021,
OPTSTK,MANAPPURAM,24-Jun-2021,110,CE,0,0,0,42.55,35.3,0,0,0,0,19-APR-2021,
OPTSTK,MANAPPURAM,24-Jun-2021,112.5,CE,0,0,0,40.55,33.3,0,0,0,0,19-APR-2021,
OPTSTK,MANAPPURAM,24-Jun-2021,115,CE,0,0,0,38.65,31.35,0,0,0,0,19-APR-2021,
OPTSTK,MANAPPURAM,24-Jun-2021,117.5,CE,0,0,0,36.8,29.5,0,0,0,0,19-APR-2021,
OPTSTK,MANAPPURAM,24-Jun-2021,120,CE,0,0,0,34.95,27.7,0,0,0,0,19-APR-2021,
OPTSTK,MANAPPURAM,24-Jun-2021,122.5,CE,0,0,0,33.2,26,0,0,0,0,19-APR-2021,
OPTSTK,MANAPPURAM,24-Jun-2021,125,CE,0,0,0,31.5,24.3,0,0,0,0,19-APR-2021,
OPTSTK,MANAPPURAM,24-Jun-2021,127.5,CE,0,0,0,29.9,22.75,0,0,0,0,19-APR-2021,
OPTSTK,MANAPPURAM,24-Jun-2021,130,CE,0,0,0,9,21.2,0,0,6000,0,19-APR-2021,
OPTSTK,MANAPPURAM,24-Jun-2021,132.5,CE,0,0,0,26.8,19.75,0,0,0,0,19-APR-2021,
OPTSTK,MANAPPURAM,24-Jun-2021,135,CE,0,0,0,25.35,18.4,0,0,0,0,19-APR-2021,
OPTSTK,MANAPPURAM,24-Jun-2021,137.5,CE,0,0,0,23.95,17.1,0,0,0,0,19-APR-2021,
OPTSTK,MANAPPURAM,24-Jun-2021,140,CE,0,0,0,22.6,15.9,0,0,0,0,19-APR-2021,
OPTSTK,MANAPPURAM,24-Jun-2021,142.5,CE,0,0,0,21.3,14.7,0,0,0,0,19-APR-2021,
OPTSTK,MANAPPURAM,24-Jun-2021,145,CE,0,0,0,20.1,13.65,0,0,0,0,19-APR-2021,
OPTSTK,MANAPPURAM,24-Jun-2021,147.5,CE,0,0,0,18.9,12.6,0,0,0,0,19-APR-2021,
OPTSTK,MANAPPURAM,24-Jun-2021,150,CE,0,0,0,17.8,11.65,0,0,0,0,19-APR-2021,
OPTSTK,MANAPPURAM,24-Jun-2021,152.5,CE,0,0,0,16.75,10.75,0,0,0,0,19-APR-2021,
OPTSTK,MANAPPURAM,24-Jun-2021,155,CE,0,0,0,15.75,9.9,0,0,0,0,19-APR-2021,
OPTSTK,MANAPPURAM,24-Jun-2021,157.5,CE,0,0,0,14.8,9.1,0,0,0,0,19-APR-2021,
OPTSTK,MANAPPURAM,24-Jun-2021,160,CE,0,0,0,13.9,8.35,0,0,0,0,19-APR-2021,
OPTSTK,MANAPPURAM,24-Jun-2021,162.5,CE,0,0,0,13.05,7.7,0,0,0,0,19-APR-2021,
OPTSTK,MANAPPURAM,24-Jun-2021,165,CE,0,0,0,12.2,7.05,0,0,0,0,19-APR-2021,
OPTSTK,MANAPPURAM,24-Jun-2021,167.5,CE,0,0,0,11.45,6.45,0,0,0,0,19-APR-2021,
OPTSTK,MANAPPURAM,24-Jun-2021,170,CE,0,0,0,10.7,5.95,0,0,0,0,19-APR-2021,
OPTSTK,MANAPPURAM,24-Jun-2021,172.5,CE,0,0,0,10.05,5.45,0,0,0,0,19-APR-2021,
OPTSTK,MANAPPURAM,24-Jun-2021,175,CE,0,0,0,9.4,4.95,0,0,0,0,19-APR-2021,
OPTSTK,MANAPPURAM,24-Jun-2021,177.5,CE,0,0,0,8.8,4.55,0,0,0,0,19-APR-2021,
OPTSTK,MANAPPURAM,24-Jun-2021,180,CE,0,0,0,8.2,4.15,0,0,0,0,19-APR-2021,
OPTSTK,MANAPPURAM,24-Jun-2021,182.5,CE,0,0,0,7.7,3.75,0,0,0,0,19-APR-2021,
OPTSTK,MANAPPURAM,24-Jun-2021,185,CE,0,0,0,7.2,3.45,0,0,0,0,19-APR-2021,
OPTSTK,MANAPPURAM,24-Jun-2021,187.5,CE,0,0,0,6.7,3.15,0,0,0,0,19-APR-2021,
OPTSTK,MANAPPURAM,24-Jun-2021,190,CE,0,0,0,6.25,2.85,0,0,0,0,19-APR-2021,
OPTSTK,MANAPPURAM,24-Jun-2021,192.5,CE,0,0,0,5.85,2.6,0,0,0,0,19-APR-2021,
OPTSTK,MANAPPURAM,24-Jun-2021,195,CE,0,0,0,5.45,2.35,0,0,0,0,19-APR-2021,
OPTSTK,MANAPPURAM,24-Jun-2021,197.5,CE,0,0,0,5.05,2.15,0,0,0,0,19-APR-2021,
OPTSTK,MANAPPURAM,24-Jun-2021,200,CE,0,0,0,1,1.95,0,0,30000,0,19-APR-2021,
OPTSTK,MANAPPURAM,24-Jun-2021,202.5,CE,0,0,0,4.4,1.75,0,0,0,0,19-APR-2021,
OPTSTK,MANAPPURAM,24-Jun-2021,205,CE,0,0,0,4.1,1.6,0,0,0,0,19-APR-2021,
OPTSTK,MANAPPURAM,24-Jun-2021,207.5,CE,0,0,0,3.8,1.45,0,0,0,0,19-APR-2021,
OPTSTK,MANAPPURAM,24-Jun-2021,210,CE,0,0,0,3.55,1.3,0,0,0,0,19-APR-2021,
OPTSTK,MANAPPURAM,24-Jun-2021,212.5,CE,0,0,0,3.3,1.2,0,0,0,0,19-APR-2021,
OPTSTK,MANAPPURAM,24-Jun-2021,110,PE,0,0,0,3.1,2.6,0,0,0,0,19-APR-2021,
OPTSTK,MANAPPURAM,24-Jun-2021,112.5,PE,0,0,0,3.6,3.1,0,0,0,0,19-APR-2021,
OPTSTK,MANAPPURAM,24-Jun-2021,115,PE,0,0,0,4.15,3.65,0,0,0,0,19-APR-2021,
OPTSTK,MANAPPURAM,24-Jun-2021,117.5,PE,0,0,0,4.8,4.25,0,0,0,0,19-APR-2021,
OPTSTK,MANAPPURAM,24-Jun-2021,120,PE,0,0,0,5.45,4.95,0,0,0,0,19-APR-2021,
OPTSTK,MANAPPURAM,24-Jun-2021,122.5,PE,0,0,0,6.15,5.7,0,0,0,0,19-APR-2021,
OPTSTK,MANAPPURAM,24-Jun-2021,125,PE,0,0,0,6.95,6.5,0,0,0,0,19-APR-2021,
OPTSTK,MANAPPURAM,24-Jun-2021,127.5,PE,0,0,0,7.8,7.4,0,0,0,0,19-APR-2021,
OPTSTK,MANAPPURAM,24-Jun-2021,130,PE,0,0,0,8.7,8.4,0,0,0,0,19-APR-2021,
OPTSTK,MANAPPURAM,24-Jun-2021,132.5,PE,0,0,0,9.65,9.45,0,0,0,0,19-APR-2021,
OPTSTK,MANAPPURAM,24-Jun-2021,135,PE,0,0,0,10.65,10.55,0,0,0,0,19-APR-2021,
OPTSTK,MANAPPURAM,24-Jun-2021,137.5,PE,0,0,0,11.75,11.75,0,0,0,0,19-APR-2021,
OPTSTK,MANAPPURAM,24-Jun-2021,140,PE,6.2,6.2,6.2,6.2,6.2,1,8.77,12000,6000,19-APR-2021,
OPTSTK,MANAPPURAM,24-Jun-2021,142.5,PE,0,0,0,14.1,14.3,0,0,0,0,19-APR-2021,
OPTSTK,MANAPPURAM,24-Jun-2021,145,PE,0,0,0,15.35,15.7,0,0,0,0,19-APR-2021,
OPTSTK,MANAPPURAM,24-Jun-2021,147.5,PE,0,0,0,16.65,17.15,0,0,0,0,19-APR-2021,
OPTSTK,MANAPPURAM,24-Jun-2021,150,PE,0,0,0,18,18.65,0,0,0,0,19-APR-2021,
OPTSTK,MANAPPURAM,24-Jun-2021,152.5,PE,0,0,0,19.45,20.25,0,0,0,0,19-APR-2021,
OPTSTK,MANAPPURAM,24-Jun-2021,155,PE,0,0,0,20.9,21.9,0,0,0,0,19-APR-2021,
OPTSTK,MANAPPURAM,24-Jun-2021,157.5,PE,0,0,0,22.45,23.6,0,0,0,0,19-APR-2021,
OPTSTK,MANAPPURAM,24-Jun-2021,160,PE,0,0,0,24,25.35,0,0,0,0,19-APR-2021,
OPTSTK,MANAPPURAM,24-Jun-2021,162.5,PE,0,0,0,25.6,27.15,0,0,0,0,19-APR-2021,
OPTSTK,MANAPPURAM,24-Jun-2021,165,PE,0,0,0,27.3,29,0,0,0,0,19-APR-2021,
OPTSTK,MANAPPURAM,24-Jun-2021,167.5,PE,0,0,0,29,30.9,0,0,0,0,19-APR-2021,
OPTSTK,MANAPPURAM,24-Jun-2021,170,PE,0,0,0,30.75,32.85,0,0,0,0,19-APR-2021,
OPTSTK,MANAPPURAM,24-Jun-2021,172.5,PE,0,0,0,32.55,34.8,0,0,0,0,19-APR-2021,
OPTSTK,MANAPPURAM,24-Jun-2021,175,PE,0,0,0,34.35,36.85,0,0,0,0,19-APR-2021,
OPTSTK,MANAPPURAM,24-Jun-2021,177.5,PE,0,0,0,36.25,38.9,0,0,0,0,19-APR-2021,
OPTSTK,MANAPPURAM,24-Jun-2021,180,PE,0,0,0,38.15,40.95,0,0,0,0,19-APR-2021,
OPTSTK,MANAPPURAM,24-Jun-2021,182.5,PE,0,0,0,40.1,43.1,0,0,0,0,19-APR-2021,
OPTSTK,MANAPPURAM,24-Jun-2021,185,PE,0,0,0,42.05,45.25,0,0,0,0,19-APR-2021,
OPTSTK,MANAPPURAM,24-Jun-2021,187.5,PE,0,0,0,44.05,47.4,0,0,0,0,19-APR-2021,
OPTSTK,MANAPPURAM,24-Jun-2021,190,PE,0,0,0,46.1,49.6,0,0,0,0,19-APR-2021,
OPTSTK,MANAPPURAM,24-Jun-2021,192.5,PE,0,0,0,48.15,51.85,0,0,0,0,19-APR-2021,
OPTSTK,MANAPPURAM,24-Jun-2021,195,PE,0,0,0,50.2,54.1,0,0,0,0,19-APR-2021,
OPTSTK,MANAPPURAM,24-Jun-2021,197.5,PE,0,0,0,52.35,56.35,0,0,0,0,19-APR-2021,
OPTSTK,MANAPPURAM,24-Jun-2021,200,PE,0,0,0,54.45,58.65,0,0,0,0,19-APR-2021,
OPTSTK,MANAPPURAM,24-Jun-2021,202.5,PE,0,0,0,56.6,60.95,0,0,0,0,19-APR-2021,
OPTSTK,MANAPPURAM,24-Jun-2021,205,PE,0,0,0,58.8,63.25,0,0,0,0,19-APR-2021,
OPTSTK,MANAPPURAM,24-Jun-2021,207.5,PE,0,0,0,61,65.6,0,0,0,0,19-APR-2021,
OPTSTK,MANAPPURAM,24-Jun-2021,210,PE,0,0,0,63.2,67.95,0,0,0,0,19-APR-2021,
OPTSTK,MANAPPURAM,24-Jun-2021,212.5,PE,0,0,0,65.45,70.3,0,0,0,0,19-APR-2021,
OPTSTK,MARICO,29-Apr-2021,245,CE,0,0,0,168.75,175.15,0,0,0,0,19-APR-2021,
OPTSTK,MARICO,29-Apr-2021,250,CE,0,0,0,163.8,170.15,0,0,0,0,19-APR-2021,
OPTSTK,MARICO,29-Apr-2021,255,CE,0,0,0,158.85,165.15,0,0,0,0,19-APR-2021,
OPTSTK,MARICO,29-Apr-2021,260,CE,0,0,0,153.9,160.2,0,0,0,0,19-APR-2021,
OPTSTK,MARICO,29-Apr-2021,265,CE,0,0,0,148.95,155.2,0,0,0,0,19-APR-2021,
OPTSTK,MARICO,29-Apr-2021,270,CE,0,0,0,144,150.2,0,0,0,0,19-APR-2021,
OPTSTK,MARICO,29-Apr-2021,275,CE,0,0,0,139.05,145.2,0,0,0,0,19-APR-2021,
OPTSTK,MARICO,29-Apr-2021,280,CE,0,0,0,134.1,140.2,0,0,0,0,19-APR-2021,
OPTSTK,MARICO,29-Apr-2021,285,CE,0,0,0,129.15,135.2,0,0,0,0,19-APR-2021,
OPTSTK,MARICO,29-Apr-2021,290,CE,0,0,0,124.25,130.2,0,0,0,0,19-APR-2021,
OPTSTK,MARICO,29-Apr-2021,295,CE,0,0,0,119.3,125.2,0,0,0,0,19-APR-2021,
OPTSTK,MARICO,29-Apr-2021,300,CE,0,0,0,114.4,120.2,0,0,0,0,19-APR-2021,
OPTSTK,MARICO,29-Apr-2021,305,CE,0,0,0,109.5,115.2,0,0,0,0,19-APR-2021,
OPTSTK,MARICO,29-Apr-2021,310,CE,0,0,0,104.65,110.25,0,0,0,0,19-APR-2021,
OPTSTK,MARICO,29-Apr-2021,315,CE,0,0,0,99.85,105.25,0,0,0,0,19-APR-2021,
OPTSTK,MARICO,29-Apr-2021,320,CE,0,0,0,95.05,100.25,0,0,0,0,19-APR-2021,
OPTSTK,MARICO,29-Apr-2021,325,CE,0,0,0,90.3,95.25,0,0,0,0,19-APR-2021,
OPTSTK,MARICO,29-Apr-2021,330,CE,0,0,0,85.6,90.25,0,0,0,0,19-APR-2021,
OPTSTK,MARICO,29-Apr-2021,335,CE,0,0,0,80.95,85.25,0,0,0,0,19-APR-2021,
OPTSTK,MARICO,29-Apr-2021,340,CE,0,0,0,76.4,80.25,0,0,0,0,19-APR-2021,
OPTSTK,MARICO,29-Apr-2021,345,CE,0,0,0,71.9,75.25,0,0,0,0,19-APR-2021,
OPTSTK,MARICO,29-Apr-2021,350,CE,0,0,0,67.5,70.25,0,0,0,0,19-APR-2021,
OPTSTK,MARICO,29-Apr-2021,355,CE,0,0,0,63.2,65.25,0,0,0,0,19-APR-2021,
OPTSTK,MARICO,29-Apr-2021,360,CE,0,0,0,29.35,60.3,0,0,2000,0,19-APR-2021,
OPTSTK,MARICO,29-Apr-2021,365,CE,0,0,0,55,55.3,0,0,0,0,19-APR-2021,
OPTSTK,MARICO,29-Apr-2021,370,CE,0,0,0,51.1,50.3,0,0,0,0,19-APR-2021,
OPTSTK,MARICO,29-Apr-2021,375,CE,0,0,0,47.3,45.35,0,0,0,0,19-APR-2021,
OPTSTK,MARICO,29-Apr-2021,380,CE,0,0,0,33,40.4,0,0,2000,0,19-APR-2021,
OPTSTK,MARICO,29-Apr-2021,385,CE,0,0,0,40.2,35.5,0,0,0,0,19-APR-2021,
OPTSTK,MARICO,29-Apr-2021,390,CE,0,0,0,36.9,30.7,0,0,0,0,19-APR-2021,
OPTSTK,MARICO,29-Apr-2021,395,CE,0,0,0,15.55,26.05,0,0,4000,0,19-APR-2021,
OPTSTK,MARICO,29-Apr-2021,400,CE,0,0,0,26.7,21.6,0,0,84000,0,19-APR-2021,
OPTSTK,MARICO,29-Apr-2021,405,CE,20,20,20,20,17.5,1,8.5,30000,0,19-APR-2021,
OPTSTK,MARICO,29-Apr-2021,410,CE,14.1,14.1,14.1,14.1,13.8,1,8.48,98000,-2000,19-APR-2021,
OPTSTK,MARICO,29-Apr-2021,415,CE,10.7,10.9,10.7,10.9,10.55,6,51.1,46000,0,19-APR-2021,
OPTSTK,MARICO,29-Apr-2021,420,CE,6,9.3,6,7.8,7.8,42,359.27,190000,-8000,19-APR-2021,
OPTSTK,MARICO,29-Apr-2021,425,CE,4.7,7.95,4.5,6,6,32,275.77,82000,20000,19-APR-2021,
OPTSTK,MARICO,29-Apr-2021,430,CE,3.4,4.8,3.05,4,4,149,1292.82,240000,-10000,19-APR-2021,
OPTSTK,MARICO,29-Apr-2021,435,CE,1.6,3.35,1.6,2.9,2.9,27,236.44,66000,32000,19-APR-2021,
OPTSTK,MARICO,29-Apr-2021,440,CE,2,2.45,1.55,1.9,1.9,164,1449.52,246000,38000,19-APR-2021,
OPTSTK,MARICO,29-Apr-2021,445,CE,2.15,2.15,1.1,1.15,1,9,80.36,24000,-4000,19-APR-2021,
OPTSTK,MARICO,29-Apr-2021,450,CE,1.5,1.5,0.95,1.15,1.15,48,433.07,160000,-28000,19-APR-2021,
OPTSTK,MARICO,29-Apr-2021,455,CE,0,0,0,9.25,0.35,0,0,0,0,19-APR-2021,
OPTSTK,MARICO,29-Apr-2021,460,CE,0.45,0.55,0.45,0.5,0.5,12,110.51,120000,-6000,19-APR-2021,
OPTSTK,MARICO,29-Apr-2021,465,CE,0,0,0,0.3,0.1,0,0,2000,0,19-APR-2021,
OPTSTK,MARICO,29-Apr-2021,470,CE,0.4,0.4,0.3,0.3,0.05,2,18.81,10000,0,19-APR-2021,
OPTSTK,MARICO,29-Apr-2021,475,CE,0,0,0,5.5,0.05,0,0,0,0,19-APR-2021,
OPTSTK,MARICO,29-Apr-2021,480,CE,0.4,2.4,0.4,2.4,0.05,6,57.76,10000,8000,19-APR-2021,
OPTSTK,MARICO,29-Apr-2021,485,CE,0,0,0,4.15,0,0,0,0,0,19-APR-2021,
OPTSTK,MARICO,29-Apr-2021,490,CE,1,1,1,1,0,2,19.64,4000,4000,19-APR-2021,
OPTSTK,MARICO,29-Apr-2021,495,CE,0,0,0,3.15,0,0,0,0,0,19-APR-2021,
OPTSTK,MARICO,29-Apr-2021,500,CE,0.25,0.25,0.15,0.15,0.15,7,70.03,54000,-4000,19-APR-2021,
OPTSTK,MARICO,29-Apr-2021,505,CE,0,0,0,2.35,0,0,0,0,0,19-APR-2021,
OPTSTK,MARICO,29-Apr-2021,510,CE,0,0,0,2,0,0,0,0,0,19-APR-2021,
OPTSTK,MARICO,29-Apr-2021,515,CE,0,0,0,1.7,0,0,0,0,0,19-APR-2021,
OPTSTK,MARICO,29-Apr-2021,245,PE,0,0,0,0.05,0,0,0,0,0,19-APR-2021,
OPTSTK,MARICO,29-Apr-2021,250,PE,0,0,0,0.05,0,0,0,0,0,19-APR-2021,
OPTSTK,MARICO,29-Apr-2021,255,PE,0,0,0,0.05,0,0,0,0,0,19-APR-2021,
OPTSTK,MARICO,29-Apr-2021,260,PE,0,0,0,0.05,0,0,0,0,0,19-APR-2021,
OPTSTK,MARICO,29-Apr-2021,265,PE,0,0,0,0.05,0,0,0,0,0,19-APR-2021,
OPTSTK,MARICO,29-Apr-2021,270,PE,0,0,0,0.05,0,0,0,0,0,19-APR-2021,
OPTSTK,MARICO,29-Apr-2021,275,PE,0,0,0,0.05,0,0,0,0,0,19-APR-2021,
OPTSTK,MARICO,29-Apr-2021,280,PE,0,0,0,0.05,0,0,0,0,0,19-APR-2021,
OPTSTK,MARICO,29-Apr-2021,285,PE,0,0,0,0.05,0,0,0,0,0,19-APR-2021,
OPTSTK,MARICO,29-Apr-2021,290,PE,0,0,0,0.1,0,0,0,0,0,19-APR-2021,
OPTSTK,MARICO,29-Apr-2021,295,PE,0,0,0,0.15,0,0,0,0,0,19-APR-2021,
OPTSTK,MARICO,29-Apr-2021,300,PE,0,0,0,0.2,0,0,0,0,0,19-APR-2021,
OPTSTK,MARICO,29-Apr-2021,305,PE,0,0,0,0.25,0,0,0,0,0,19-APR-2021,
OPTSTK,MARICO,29-Apr-2021,310,PE,0,0,0,0.35,0,0,0,0,0,19-APR-2021,
OPTSTK,MARICO,29-Apr-2021,315,PE,0,0,0,0.45,0,0,0,0,0,19-APR-2021,
OPTSTK,MARICO,29-Apr-2021,320,PE,0,0,0,0.6,0,0,0,0,0,19-APR-2021,
OPTSTK,MARICO,29-Apr-2021,325,PE,0,0,0,0.8,0,0,0,0,0,19-APR-2021,
OPTSTK,MARICO,29-Apr-2021,330,PE,0,0,0,1.1,0,0,0,0,0,19-APR-2021,
OPTSTK,MARICO,29-Apr-2021,335,PE,0,0,0,1.4,0,0,0,0,0,19-APR-2021,
OPTSTK,MARICO,29-Apr-2021,340,PE,0,0,0,1.8,0,0,0,0,0,19-APR-2021,
OPTSTK,MARICO,29-Apr-2021,345,PE,0,0,0,2.25,0,0,0,0,0,19-APR-2021,
OPTSTK,MARICO,29-Apr-2021,350,PE,0,0,0,2.8,0,0,0,0,0,19-APR-2021,
OPTSTK,MARICO,29-Apr-2021,355,PE,0,0,0,3.5,0,0,0,0,0,19-APR-2021,
OPTSTK,MARICO,29-Apr-2021,360,PE,0,0,0,0.15,0,0,0,24000,0,19-APR-2021,
OPTSTK,MARICO,29-Apr-2021,365,PE,0,0,0,5.15,0,0,0,0,0,19-APR-2021,
OPTSTK,MARICO,29-Apr-2021,370,PE,0,0,0,0.15,0.05,0,0,24000,0,19-APR-2021,
OPTSTK,MARICO,29-Apr-2021,375,PE,0,0,0,1.15,0.05,0,0,14000,0,19-APR-2021,
OPTSTK,MARICO,29-Apr-2021,380,PE,0.5,0.95,0.45,0.55,0.1,11,83.71,78000,-10000,19-APR-2021,
OPTSTK,MARICO,29-Apr-2021,385,PE,0,0,0,2.3,0.2,0,0,24000,0,19-APR-2021,
OPTSTK,MARICO,29-Apr-2021,390,PE,0.7,0.75,0.7,0.75,0.4,2,15.62,66000,-2000,19-APR-2021,
OPTSTK,MARICO,29-Apr-2021,395,PE,0,0,0,2,0.75,0,0,18000,0,19-APR-2021,
OPTSTK,MARICO,29-Apr-2021,400,PE,2,2,1.3,1.45,1.45,62,497.95,186000,-10000,19-APR-2021,
OPTSTK,MARICO,29-Apr-2021,405,PE,0,0,0,2,2.2,0,0,40000,0,19-APR-2021,
OPTSTK,MARICO,29-Apr-2021,410,PE,4,4,2.95,2.95,2.95,46,380.24,118000,-6000,19-APR-2021,
OPTSTK,MARICO,29-Apr-2021,415,PE,6,6,4.05,4.2,5.2,26,218.3,24000,8000,19-APR-2021,
OPTSTK,MARICO,29-Apr-2021,420,PE,9,9,5.5,6.15,6.15,46,392.92,54000,-16000,19-APR-2021,
OPTSTK,MARICO,29-Apr-2021,425,PE,0,0,0,7.65,10.25,0,0,16000,0,19-APR-2021,
OPTSTK,MARICO,29-Apr-2021,430,PE,0,0,0,10,13.5,0,0,10000,0,19-APR-2021,
OPTSTK,MARICO,29-Apr-2021,435,PE,0,0,0,34.45,17.2,0,0,0,0,19-APR-2021,
OPTSTK,MARICO,29-Apr-2021,440,PE,20.5,20.5,20.5,20.5,21.3,1,9.21,8000,2000,19-APR-2021,
OPTSTK,MARICO,29-Apr-2021,445,PE,0,0,0,41.25,25.65,0,0,0,0,19-APR-2021,
OPTSTK,MARICO,29-Apr-2021,450,PE,0,0,0,44.85,30.25,0,0,0,0,19-APR-2021,
OPTSTK,MARICO,29-Apr-2021,455,PE,0,0,0,48.6,35,0,0,0,0,19-APR-2021,
OPTSTK,MARICO,29-Apr-2021,460,PE,0,0,0,52.45,39.85,0,0,0,0,19-APR-2021,
OPTSTK,MARICO,29-Apr-2021,465,PE,0,0,0,56.4,44.75,0,0,0,0,19-APR-2021,
OPTSTK,MARICO,29-Apr-2021,470,PE,0,0,0,60.5,49.7,0,0,0,0,19-APR-2021,
OPTSTK,MARICO,29-Apr-2021,475,PE,0,0,0,64.65,54.65,0,0,0,0,19-APR-2021,
OPTSTK,MARICO,29-Apr-2021,480,PE,0,0,0,68.9,59.65,0,0,0,0,19-APR-2021,
OPTSTK,MARICO,29-Apr-2021,485,PE,0,0,0,73.25,64.65,0,0,0,0,19-APR-2021,
OPTSTK,MARICO,29-Apr-2021,490,PE,0,0,0,77.65,69.65,0,0,0,0,19-APR-2021,
OPTSTK,MARICO,29-Apr-2021,495,PE,0,0,0,82.1,74.65,0,0,0,0,19-APR-2021,
OPTSTK,MARICO,29-Apr-2021,500,PE,0,0,0,86.6,79.6,0,0,0,0,19-APR-2021,
OPTSTK,MARICO,29-Apr-2021,505,PE,0,0,0,91.2,84.6,0,0,0,0,19-APR-2021,
OPTSTK,MARICO,29-Apr-2021,510,PE,0,0,0,95.85,89.6,0,0,0,0,19-APR-2021,
OPTSTK,MARICO,29-Apr-2021,515,PE,0,0,0,100.5,94.6,0,0,0,0,19-APR-2021,
OPTSTK,MARICO,27-May-2021,245,CE,0,0,0,167.1,175.85,0,0,0,0,19-APR-2021,
OPTSTK,MARICO,27-May-2021,250,CE,0,0,0,162.15,170.9,0,0,0,0,19-APR-2021,
OPTSTK,MARICO,27-May-2021,255,CE,0,0,0,157.2,165.9,0,0,0,0,19-APR-2021,
OPTSTK,MARICO,27-May-2021,260,CE,0,0,0,152.25,160.95,0,0,0,0,19-APR-2021,
OPTSTK,MARICO,27-May-2021,265,CE,0,0,0,147.3,155.95,0,0,0,0,19-APR-2021,
OPTSTK,MARICO,27-May-2021,270,CE,0,0,0,142.35,150.95,0,0,0,0,19-APR-2021,
OPTSTK,MARICO,27-May-2021,275,CE,0,0,0,137.4,146,0,0,0,0,19-APR-2021,
OPTSTK,MARICO,27-May-2021,280,CE,0,0,0,132.45,141,0,0,0,0,19-APR-2021,
OPTSTK,MARICO,27-May-2021,285,CE,0,0,0,127.5,136.05,0,0,0,0,19-APR-2021,
OPTSTK,MARICO,27-May-2021,290,CE,0,0,0,122.6,131.05,0,0,0,0,19-APR-2021,
OPTSTK,MARICO,27-May-2021,295,CE,0,0,0,117.65,126.05,0,0,0,0,19-APR-2021,
OPTSTK,MARICO,27-May-2021,300,CE,0,0,0,112.75,121.1,0,0,0,0,19-APR-2021,
OPTSTK,MARICO,27-May-2021,305,CE,0,0,0,107.9,116.1,0,0,0,0,19-APR-2021,
OPTSTK,MARICO,27-May-2021,310,CE,0,0,0,103.05,111.15,0,0,0,0,19-APR-2021,
OPTSTK,MARICO,27-May-2021,315,CE,0,0,0,98.2,106.15,0,0,0,0,19-APR-2021,
OPTSTK,MARICO,27-May-2021,320,CE,0,0,0,93.4,101.2,0,0,0,0,19-APR-2021,
OPTSTK,MARICO,27-May-2021,325,CE,0,0,0,88.65,96.2,0,0,0,0,19-APR-2021,
OPTSTK,MARICO,27-May-2021,330,CE,0,0,0,83.95,91.25,0,0,0,0,19-APR-2021,
OPTSTK,MARICO,27-May-2021,335,CE,0,0,0,79.3,86.3,0,0,0,0,19-APR-2021,
OPTSTK,MARICO,27-May-2021,340,CE,0,0,0,74.75,81.35,0,0,0,0,19-APR-2021,
OPTSTK,MARICO,27-May-2021,345,CE,0,0,0,70.3,76.4,0,0,0,0,19-APR-2021,
OPTSTK,MARICO,27-May-2021,350,CE,0,0,0,65.9,71.5,0,0,0,0,19-APR-2021,
OPTSTK,MARICO,27-May-2021,355,CE,0,0,0,61.65,66.65,0,0,0,0,19-APR-2021,
OPTSTK,MARICO,27-May-2021,360,CE,0,0,0,57.5,61.85,0,0,0,0,19-APR-2021,
OPTSTK,MARICO,27-May-2021,365,CE,0,0,0,53.45,57.1,0,0,0,0,19-APR-2021,
OPTSTK,MARICO,27-May-2021,370,CE,0,0,0,49.55,52.45,0,0,0,0,19-APR-2021,
OPTSTK,MARICO,27-May-2021,375,CE,0,0,0,45.85,47.9,0,0,0,0,19-APR-2021,
OPTSTK,MARICO,27-May-2021,380,CE,0,0,0,42.25,43.5,0,0,0,0,19-APR-2021,
OPTSTK,MARICO,27-May-2021,385,CE,0,0,0,38.8,39.25,0,0,0,0,19-APR-2021,
OPTSTK,MARICO,27-May-2021,390,CE,0,0,0,35.55,35.2,0,0,0,0,19-APR-2021,
OPTSTK,MARICO,27-May-2021,395,CE,0,0,0,32.45,31.3,0,0,0,0,19-APR-2021,
OPTSTK,MARICO,27-May-2021,400,CE,0,0,0,29.55,27.65,0,0,0,0,19-APR-2021,
OPTSTK,MARICO,27-May-2021,405,CE,0,0,0,26.8,24.25,0,0,0,0,19-APR-2021,
OPTSTK,MARICO,27-May-2021,410,CE,0,0,0,24.25,21.1,0,0,0,0,19-APR-2021,
OPTSTK,MARICO,27-May-2021,415,CE,0,0,0,21.9,18.25,0,0,0,0,19-APR-2021,
OPTSTK,MARICO,27-May-2021,420,CE,0,0,0,19.65,15.6,0,0,0,0,19-APR-2021,
OPTSTK,MARICO,27-May-2021,425,CE,0,0,0,17.65,13.25,0,0,0,0,19-APR-2021,
OPTSTK,MARICO,27-May-2021,430,CE,0,0,0,15.75,11.15,0,0,0,0,19-APR-2021,
OPTSTK,MARICO,27-May-2021,435,CE,0,0,0,14.05,9.35,0,0,0,0,19-APR-2021,
OPTSTK,MARICO,27-May-2021,440,CE,0,0,0,12.45,7.75,0,0,0,0,19-APR-2021,
OPTSTK,MARICO,27-May-2021,445,CE,0,0,0,11.05,6.35,0,0,0,0,19-APR-2021,
OPTSTK,MARICO,27-May-2021,450,CE,0,0,0,9.75,5.2,0,0,0,0,19-APR-2021,
OPTSTK,MARICO,27-May-2021,455,CE,0,0,0,8.6,4.2,0,0,0,0,19-APR-2021,
OPTSTK,MARICO,27-May-2021,460,CE,0,0,0,4.5,3.35,0,0,2000,0,19-APR-2021,
OPTSTK,MARICO,27-May-2021,465,CE,0,0,0,6.6,2.65,0,0,0,0,19-APR-2021,
OPTSTK,MARICO,27-May-2021,470,CE,0,0,0,5.75,2.1,0,0,0,0,19-APR-2021,
OPTSTK,MARICO,27-May-2021,475,CE,0,0,0,5,1.65,0,0,0,0,19-APR-2021,
OPTSTK,MARICO,27-May-2021,480,CE,1.25,1.25,1.25,1.25,1.25,1,9.62,2000,2000,19-APR-2021,
OPTSTK,MARICO,27-May-2021,485,CE,0,0,0,3.75,1,0,0,0,0,19-APR-2021,
OPTSTK,MARICO,27-May-2021,490,CE,0,0,0,3.25,0.75,0,0,0,0,19-APR-2021,
OPTSTK,MARICO,27-May-2021,495,CE,0,0,0,2.8,0.6,0,0,0,0,19-APR-2021,
OPTSTK,MARICO,27-May-2021,500,CE,0,0,0,2.4,0.45,0,0,0,0,19-APR-2021,
OPTSTK,MARICO,27-May-2021,505,CE,0,0,0,2.05,0.35,0,0,0,0,19-APR-2021,
OPTSTK,MARICO,27-May-2021,510,CE,0,0,0,1.75,0.25,0,0,0,0,19-APR-2021,
OPTSTK,MARICO,27-May-2021,515,CE,0,0,0,1.5,0.2,0,0,0,0,19-APR-2021,
OPTSTK,MARICO,27-May-2021,245,PE,0,0,0,0.05,0,0,0,0,0,19-APR-2021,
OPTSTK,MARICO,27-May-2021,250,PE,0,0,0,0.05,0,0,0,0,0,19-APR-2021,
OPTSTK,MARICO,27-May-2021,255,PE,0,0,0,0.05,0,0,0,0,0,19-APR-2021,
OPTSTK,MARICO,27-May-2021,260,PE,0,0,0,0.05,0,0,0,0,0,19-APR-2021,
OPTSTK,MARICO,27-May-2021,265,PE,0,0,0,0.05,0,0,0,0,0,19-APR-2021,
OPTSTK,MARICO,27-May-2021,270,PE,0,0,0,0.05,0,0,0,0,0,19-APR-2021,
OPTSTK,MARICO,27-May-2021,275,PE,0,0,0,0.05,0,0,0,0,0,19-APR-2021,
OPTSTK,MARICO,27-May-2021,280,PE,0,0,0,0.05,0,0,0,0,0,19-APR-2021,
OPTSTK,MARICO,27-May-2021,285,PE,0,0,0,0.05,0,0,0,0,0,19-APR-2021,
OPTSTK,MARICO,27-May-2021,290,PE,0,0,0,0.1,0,0,0,0,0,19-APR-2021,
OPTSTK,MARICO,27-May-2021,295,PE,0,0,0,0.15,0,0,0,0,0,19-APR-2021,
OPTSTK,MARICO,27-May-2021,300,PE,0,0,0,0.2,0,0,0,0,0,19-APR-2021,
OPTSTK,MARICO,27-May-2021,305,PE,0,0,0,0.25,0,0,0,0,0,19-APR-2021,
OPTSTK,MARICO,27-May-2021,310,PE,0,0,0,0.35,0,0,0,0,0,19-APR-2021,
OPTSTK,MARICO,27-May-2021,315,PE,0,0,0,0.45,0,0,0,0,0,19-APR-2021,
OPTSTK,MARICO,27-May-2021,320,PE,0,0,0,0.6,0.05,0,0,0,0,19-APR-2021,
OPTSTK,MARICO,27-May-2021,325,PE,0,0,0,0.85,0.05,0,0,0,0,19-APR-2021,
OPTSTK,MARICO,27-May-2021,330,PE,0,0,0,1.1,0.05,0,0,0,0,19-APR-2021,
OPTSTK,MARICO,27-May-2021,335,PE,0,0,0,1.4,0.05,0,0,0,0,19-APR-2021,
OPTSTK,MARICO,27-May-2021,340,PE,0,0,0,1.8,0.1,0,0,0,0,19-APR-2021,
OPTSTK,MARICO,27-May-2021,345,PE,0,0,0,2.3,0.15,0,0,0,0,19-APR-2021,
OPTSTK,MARICO,27-May-2021,350,PE,0,0,0,2.85,0.25,0,0,0,0,19-APR-2021,
OPTSTK,MARICO,27-May-2021,355,PE,0,0,0,3.55,0.35,0,0,0,0,19-APR-2021,
OPTSTK,MARICO,27-May-2021,360,PE,0,0,0,4.35,0.55,0,0,0,0,19-APR-2021,
OPTSTK,MARICO,27-May-2021,365,PE,0,0,0,5.25,0.8,0,0,0,0,19-APR-2021,
OPTSTK,MARICO,27-May-2021,370,PE,0,0,0,7,1.1,0,0,0,0,19-APR-2021,
OPTSTK,MARICO,27-May-2021,375,PE,0,0,0,7.55,1.55,0,0,0,0,19-APR-2021,
OPTSTK,MARICO,27-May-2021,380,PE,0,0,0,8.9,2.15,0,0,0,0,19-APR-2021,
OPTSTK,MARICO,27-May-2021,385,PE,0,0,0,10.4,2.85,0,0,0,0,19-APR-2021,
OPTSTK,MARICO,27-May-2021,390,PE,0,0,0,12.1,3.75,0,0,0,0,19-APR-2021,
OPTSTK,MARICO,27-May-2021,395,PE,0,0,0,14,4.9,0,0,0,0,19-APR-2021,
OPTSTK,MARICO,27-May-2021,400,PE,0,0,0,16.05,6.2,0,0,0,0,19-APR-2021,
OPTSTK,MARICO,27-May-2021,405,PE,0,0,0,18.25,7.8,0,0,0,0,19-APR-2021,
OPTSTK,MARICO,27-May-2021,410,PE,0,0,0,20.65,9.6,0,0,0,0,19-APR-2021,
OPTSTK,MARICO,27-May-2021,415,PE,0,0,0,23.2,11.7,0,0,0,0,19-APR-2021,
OPTSTK,MARICO,27-May-2021,420,PE,0,0,0,15,14.05,0,0,2000,0,19-APR-2021,
OPTSTK,MARICO,27-May-2021,425,PE,0,0,0,28.9,16.7,0,0,0,0,19-APR-2021,
OPTSTK,MARICO,27-May-2021,430,PE,0,0,0,31.95,19.6,0,0,0,0,19-APR-2021,
OPTSTK,MARICO,27-May-2021,435,PE,0,0,0,35.2,22.75,0,0,0,0,19-APR-2021,
OPTSTK,MARICO,27-May-2021,440,PE,0,0,0,38.55,26.1,0,0,0,0,19-APR-2021,
OPTSTK,MARICO,27-May-2021,445,PE,0,0,0,42.1,29.7,0,0,0,0,19-APR-2021,
OPTSTK,MARICO,27-May-2021,450,PE,0,0,0,45.75,33.5,0,0,0,0,19-APR-2021,
OPTSTK,MARICO,27-May-2021,455,PE,0,0,0,49.55,37.5,0,0,0,0,19-APR-2021,
OPTSTK,MARICO,27-May-2021,460,PE,0,0,0,53.45,41.65,0,0,0,0,19-APR-2021,
OPTSTK,MARICO,27-May-2021,465,PE,0,0,0,57.45,45.95,0,0,0,0,19-APR-2021,
OPTSTK,MARICO,27-May-2021,470,PE,0,0,0,61.6,50.35,0,0,0,0,19-APR-2021,
OPTSTK,MARICO,27-May-2021,475,PE,0,0,0,65.8,54.9,0,0,0,0,19-APR-2021,
OPTSTK,MARICO,27-May-2021,480,PE,0,0,0,70.1,59.5,0,0,0,0,19-APR-2021,
OPTSTK,MARICO,27-May-2021,485,PE,0,0,0,74.45,64.2,0,0,0,0,19-APR-2021,
OPTSTK,MARICO,27-May-2021,490,PE,0,0,0,78.9,68.95,0,0,0,0,19-APR-2021,
OPTSTK,MARICO,27-May-2021,495,PE,0,0,0,83.4,73.75,0,0,0,0,19-APR-2021,
OPTSTK,MARICO,27-May-2021,500,PE,0,0,0,87.95,78.6,0,0,0,0,19-APR-2021,
OPTSTK,MARICO,27-May-2021,505,PE,0,0,0,92.55,83.45,0,0,0,0,19-APR-2021,
OPTSTK,MARICO,27-May-2021,510,PE,0,0,0,97.25,88.35,0,0,0,0,19-APR-2021,
OPTSTK,MARICO,27-May-2021,515,PE,0,0,0,101.9,93.3,0,0,0,0,19-APR-2021,
OPTSTK,MARICO,24-Jun-2021,245,CE,0,0,0,155.3,176.6,0,0,0,0,19-APR-2021,
OPTSTK,MARICO,24-Jun-2021,250,CE,0,0,0,150.35,171.6,0,0,0,0,19-APR-2021,
OPTSTK,MARICO,24-Jun-2021,255,CE,0,0,0,145.4,166.65,0,0,0,0,19-APR-2021,
OPTSTK,MARICO,24-Jun-2021,260,CE,0,0,0,140.45,161.7,0,0,0,0,19-APR-2021,
OPTSTK,MARICO,24-Jun-2021,265,CE,0,0,0,135.5,156.7,0,0,0,0,19-APR-2021,
OPTSTK,MARICO,24-Jun-2021,270,CE,0,0,0,130.55,151.75,0,0,0,0,19-APR-2021,
OPTSTK,MARICO,24-Jun-2021,275,CE,0,0,0,125.6,146.8,0,0,0,0,19-APR-2021,
OPTSTK,MARICO,24-Jun-2021,280,CE,0,0,0,120.7,141.8,0,0,0,0,19-APR-2021,
OPTSTK,MARICO,24-Jun-2021,285,CE,0,0,0,115.75,136.85,0,0,0,0,19-APR-2021,
OPTSTK,MARICO,24-Jun-2021,290,CE,0,0,0,110.85,131.9,0,0,0,0,19-APR-2021,
OPTSTK,MARICO,24-Jun-2021,295,CE,0,0,0,105.95,126.95,0,0,0,0,19-APR-2021,
OPTSTK,MARICO,24-Jun-2021,300,CE,0,0,0,101.1,121.95,0,0,0,0,19-APR-2021,
OPTSTK,MARICO,24-Jun-2021,305,CE,0,0,0,96.25,117,0,0,0,0,19-APR-2021,
OPTSTK,MARICO,24-Jun-2021,310,CE,0,0,0,91.45,112.05,0,0,0,0,19-APR-2021,
OPTSTK,MARICO,24-Jun-2021,315,CE,0,0,0,86.65,107.15,0,0,0,0,19-APR-2021,
OPTSTK,MARICO,24-Jun-2021,320,CE,0,0,0,81.95,102.2,0,0,0,0,19-APR-2021,
OPTSTK,MARICO,24-Jun-2021,325,CE,0,0,0,77.3,97.3,0,0,0,0,19-APR-2021,
OPTSTK,MARICO,24-Jun-2021,330,CE,0,0,0,72.75,92.4,0,0,0,0,19-APR-2021,
OPTSTK,MARICO,24-Jun-2021,335,CE,0,0,0,68.25,87.55,0,0,0,0,19-APR-2021,
OPTSTK,MARICO,24-Jun-2021,340,CE,0,0,0,63.85,82.75,0,0,0,0,19-APR-2021,
OPTSTK,MARICO,24-Jun-2021,345,CE,0,0,0,59.55,78,0,0,0,0,19-APR-2021,
OPTSTK,MARICO,24-Jun-2021,350,CE,0,0,0,55.4,73.3,0,0,0,0,19-APR-2021,
OPTSTK,MARICO,24-Jun-2021,355,CE,0,0,0,51.4,68.65,0,0,0,0,19-APR-2021,
OPTSTK,MARICO,24-Jun-2021,360,CE,0,0,0,47.5,64.1,0,0,0,0,19-APR-2021,
OPTSTK,MARICO,24-Jun-2021,365,CE,0,0,0,43.75,59.65,0,0,0,0,19-APR-2021,
OPTSTK,MARICO,24-Jun-2021,370,CE,0,0,0,40.2,55.3,0,0,0,0,19-APR-2021,
OPTSTK,MARICO,24-Jun-2021,375,CE,0,0,0,36.8,51.1,0,0,0,0,19-APR-2021,
OPTSTK,MARICO,24-Jun-2021,380,CE,0,0,0,33.55,47.05,0,0,0,0,19-APR-2021,
OPTSTK,MARICO,24-Jun-2021,385,CE,0,0,0,30.5,43.15,0,0,0,0,19-APR-2021,
OPTSTK,MARICO,24-Jun-2021,390,CE,0,0,0,27.65,39.4,0,0,0,0,19-APR-2021,
OPTSTK,MARICO,24-Jun-2021,395,CE,0,0,0,24.95,35.8,0,0,0,0,19-APR-2021,
OPTSTK,MARICO,24-Jun-2021,400,CE,0,0,0,22.45,32.45,0,0,0,0,19-APR-2021,
OPTSTK,MARICO,24-Jun-2021,405,CE,0,0,0,20.15,29.25,0,0,0,0,19-APR-2021,
OPTSTK,MARICO,24-Jun-2021,410,CE,0,0,0,18,26.25,0,0,0,0,19-APR-2021,
OPTSTK,MARICO,24-Jun-2021,415,CE,0,0,0,16.05,23.5,0,0,0,0,19-APR-2021,
OPTSTK,MARICO,24-Jun-2021,420,CE,0,0,0,14.25,20.9,0,0,0,0,19-APR-2021,
OPTSTK,MARICO,24-Jun-2021,425,CE,0,0,0,12.6,18.55,0,0,0,0,19-APR-2021,
OPTSTK,MARICO,24-Jun-2021,430,CE,0,0,0,11.15,16.35,0,0,0,0,19-APR-2021,
OPTSTK,MARICO,24-Jun-2021,435,CE,0,0,0,9.8,14.35,0,0,0,0,19-APR-2021,
OPTSTK,MARICO,24-Jun-2021,440,CE,0,0,0,8.6,12.55,0,0,0,0,19-APR-2021,
OPTSTK,MARICO,24-Jun-2021,445,CE,0,0,0,7.5,10.95,0,0,0,0,19-APR-2021,
OPTSTK,MARICO,24-Jun-2021,450,CE,0,0,0,6.55,9.5,0,0,0,0,19-APR-2021,
OPTSTK,MARICO,24-Jun-2021,455,CE,0,0,0,5.7,8.2,0,0,0,0,19-APR-2021,
OPTSTK,MARICO,24-Jun-2021,460,CE,0,0,0,4.9,7.05,0,0,0,0,19-APR-2021,
OPTSTK,MARICO,24-Jun-2021,465,CE,0,0,0,4.25,6.05,0,0,0,0,19-APR-2021,
OPTSTK,MARICO,24-Jun-2021,470,CE,0,0,0,3.65,5.15,0,0,0,0,19-APR-2021,
OPTSTK,MARICO,24-Jun-2021,475,CE,0,0,0,3.15,4.35,0,0,0,0,19-APR-2021,
OPTSTK,MARICO,24-Jun-2021,480,CE,0,0,0,2.7,3.7,0,0,0,0,19-APR-2021,
OPTSTK,MARICO,24-Jun-2021,485,CE,0,0,0,2.3,3.1,0,0,0,0,19-APR-2021,
OPTSTK,MARICO,24-Jun-2021,490,CE,0,0,0,1.95,2.6,0,0,0,0,19-APR-2021,
OPTSTK,MARICO,24-Jun-2021,495,CE,0,0,0,1.65,2.2,0,0,0,0,19-APR-2021,
OPTSTK,MARICO,24-Jun-2021,500,CE,0,0,0,1.4,1.85,0,0,0,0,19-APR-2021,
OPTSTK,MARICO,24-Jun-2021,505,CE,0,0,0,1.2,1.5,0,0,0,0,19-APR-2021,
OPTSTK,MARICO,24-Jun-2021,510,CE,0,0,0,1,1.25,0,0,0,0,19-APR-2021,
OPTSTK,MARICO,24-Jun-2021,515,CE,0,0,0,0.85,1.05,0,0,0,0,19-APR-2021,
OPTSTK,MARICO,24-Jun-2021,245,PE,0,0,0,0.05,0,0,0,0,0,19-APR-2021,
OPTSTK,MARICO,24-Jun-2021,250,PE,0,0,0,0.05,0,0,0,0,0,19-APR-2021,
OPTSTK,MARICO,24-Jun-2021,255,PE,0,0,0,0.05,0,0,0,0,0,19-APR-2021,
OPTSTK,MARICO,24-Jun-2021,260,PE,0,0,0,0.05,0,0,0,0,0,19-APR-2021,
OPTSTK,MARICO,24-Jun-2021,265,PE,0,0,0,0.05,0,0,0,0,0,19-APR-2021,
OPTSTK,MARICO,24-Jun-2021,270,PE,0,0,0,0.05,0,0,0,0,0,19-APR-2021,
OPTSTK,MARICO,24-Jun-2021,275,PE,0,0,0,0.05,0,0,0,0,0,19-APR-2021,
OPTSTK,MARICO,24-Jun-2021,280,PE,0,0,0,0.1,0,0,0,0,0,19-APR-2021,
OPTSTK,MARICO,24-Jun-2021,285,PE,0,0,0,0.1,0,0,0,0,0,19-APR-2021,
OPTSTK,MARICO,24-Jun-2021,290,PE,0,0,0,0.15,0.05,0,0,0,0,19-APR-2021,
OPTSTK,MARICO,24-Jun-2021,295,PE,0,0,0,0.2,0.05,0,0,0,0,19-APR-2021,
OPTSTK,MARICO,24-Jun-2021,300,PE,0,0,0,0.3,0.05,0,0,0,0,19-APR-2021,
OPTSTK,MARICO,24-Jun-2021,305,PE,0,0,0,0.4,0.05,0,0,0,0,19-APR-2021,
OPTSTK,MARICO,24-Jun-2021,310,PE,0,0,0,0.55,0.05,0,0,0,0,19-APR-2021,
OPTSTK,MARICO,24-Jun-2021,315,PE,0,0,0,0.75,0.1,0,0,0,0,19-APR-2021,
OPTSTK,MARICO,24-Jun-2021,320,PE,0,0,0,1,0.15,0,0,0,0,19-APR-2021,
OPTSTK,MARICO,24-Jun-2021,325,PE,0,0,0,1.3,0.2,0,0,0,0,19-APR-2021,
OPTSTK,MARICO,24-Jun-2021,330,PE,0,0,0,1.65,0.3,0,0,0,0,19-APR-2021,
OPTSTK,MARICO,24-Jun-2021,335,PE,0,0,0,2.15,0.4,0,0,0,0,19-APR-2021,
OPTSTK,MARICO,24-Jun-2021,340,PE,0,0,0,2.7,0.55,0,0,0,0,19-APR-2021,
OPTSTK,MARICO,24-Jun-2021,345,PE,0,0,0,3.35,0.75,0,0,0,0,19-APR-2021,
OPTSTK,MARICO,24-Jun-2021,350,PE,0,0,0,4.15,1,0,0,0,0,19-APR-2021,
OPTSTK,MARICO,24-Jun-2021,355,PE,0,0,0,5.1,1.35,0,0,0,0,19-APR-2021,
OPTSTK,MARICO,24-Jun-2021,360,PE,0,0,0,6.15,1.75,0,0,0,0,19-APR-2021,
OPTSTK,MARICO,24-Jun-2021,365,PE,0,0,0,7.4,2.3,0,0,0,0,19-APR-2021,
OPTSTK,MARICO,24-Jun-2021,370,PE,0,0,0,8.75,2.9,0,0,0,0,19-APR-2021,
OPTSTK,MARICO,24-Jun-2021,375,PE,0,0,0,10.3,3.7,0,0,0,0,19-APR-2021,
OPTSTK,MARICO,24-Jun-2021,380,PE,0,0,0,12,4.6,0,0,0,0,19-APR-2021,
OPTSTK,MARICO,24-Jun-2021,385,PE,0,0,0,13.95,5.65,0,0,0,0,19-APR-2021,
OPTSTK,MARICO,24-Jun-2021,390,PE,0,0,0,16,6.85,0,0,0,0,19-APR-2021,
OPTSTK,MARICO,24-Jun-2021,395,PE,0,0,0,18.3,8.25,0,0,0,0,19-APR-2021,
OPTSTK,MARICO,24-Jun-2021,400,PE,0,0,0,20.75,9.85,0,0,0,0,19-APR-2021,
OPTSTK,MARICO,24-Jun-2021,405,PE,0,0,0,23.4,11.6,0,0,0,0,19-APR-2021,
OPTSTK,MARICO,24-Jun-2021,410,PE,0,0,0,26.2,13.6,0,0,0,0,19-APR-2021,
OPTSTK,MARICO,24-Jun-2021,415,PE,0,0,0,29.2,15.8,0,0,0,0,19-APR-2021,
OPTSTK,MARICO,24-Jun-2021,420,PE,0,0,0,32.35,18.15,0,0,0,0,19-APR-2021,
OPTSTK,MARICO,24-Jun-2021,425,PE,0,0,0,35.65,20.75,0,0,0,0,19-APR-2021,
OPTSTK,MARICO,24-Jun-2021,430,PE,0,0,0,39.15,23.55,0,0,0,0,19-APR-2021,
OPTSTK,MARICO,24-Jun-2021,435,PE,0,0,0,42.75,26.5,0,0,0,0,19-APR-2021,
OPTSTK,MARICO,24-Jun-2021,440,PE,0,0,0,46.5,29.7,0,0,0,0,19-APR-2021,
OPTSTK,MARICO,24-Jun-2021,445,PE,0,0,0,50.35,33.05,0,0,0,0,19-APR-2021,
OPTSTK,MARICO,24-Jun-2021,450,PE,0,0,0,54.35,36.55,0,0,0,0,19-APR-2021,
OPTSTK,MARICO,24-Jun-2021,455,PE,0,0,0,58.45,40.25,0,0,0,0,19-APR-2021,
OPTSTK,MARICO,24-Jun-2021,460,PE,0,0,0,62.65,44.05,0,0,0,0,19-APR-2021,
OPTSTK,MARICO,24-Jun-2021,465,PE,0,0,0,66.9,48,0,0,0,0,19-APR-2021,
OPTSTK,MARICO,24-Jun-2021,470,PE,0,0,0,71.3,52.05,0,0,0,0,19-APR-2021,
OPTSTK,MARICO,24-Jun-2021,475,PE,0,0,0,75.7,56.25,0,0,0,0,19-APR-2021,
OPTSTK,MARICO,24-Jun-2021,480,PE,0,0,0,80.25,60.55,0,0,0,0,19-APR-2021,
OPTSTK,MARICO,24-Jun-2021,485,PE,0,0,0,84.8,64.95,0,0,0,0,19-APR-2021,
OPTSTK,MARICO,24-Jun-2021,490,PE,0,0,0,89.4,69.4,0,0,0,0,19-APR-2021,
OPTSTK,MARICO,24-Jun-2021,495,PE,0,0,0,94.05,73.95,0,0,0,0,19-APR-2021,
OPTSTK,MARICO,24-Jun-2021,500,PE,0,0,0,98.75,78.55,0,0,0,0,19-APR-2021,
OPTSTK,MARICO,24-Jun-2021,505,PE,0,0,0,103.5,83.2,0,0,0,0,19-APR-2021,
OPTSTK,MARICO,24-Jun-2021,510,PE,0,0,0,108.25,87.9,0,0,0,0,19-APR-2021,
OPTSTK,MARICO,24-Jun-2021,515,PE,0,0,0,113.05,92.65,0,0,0,0,19-APR-2021,
OPTSTK,MARUTI,29-Apr-2021,4800,CE,0,0,0,2843.4,1717,0,0,0,0,19-APR-2021,
OPTSTK,MARUTI,29-Apr-2021,4900,CE,0,0,0,2747.3,1617.1,0,0,0,0,19-APR-2021,
OPTSTK,MARUTI,29-Apr-2021,5000,CE,0,0,0,1814.95,1517.2,0,0,200,0,19-APR-2021,
OPTSTK,MARUTI,29-Apr-2021,5100,CE,0,0,0,2557.2,1417.35,0,0,0,0,19-APR-2021,
OPTSTK,MARUTI,29-Apr-2021,5200,CE,0,0,0,1979,1317.5,0,0,100,0,19-APR-2021,
OPTSTK,MARUTI,29-Apr-2021,5300,CE,0,0,0,2370.55,1217.75,0,0,0,0,19-APR-2021,
OPTSTK,MARUTI,29-Apr-2021,5400,CE,0,0,0,2278.75,1118.25,0,0,0,0,19-APR-2021,
OPTSTK,MARUTI,29-Apr-2021,5500,CE,0,0,0,1424.95,1019.1,0,0,200,0,19-APR-2021,
OPTSTK,MARUTI,29-Apr-2021,5600,CE,0,0,0,2098.8,920.7,0,0,0,0,19-APR-2021,
OPTSTK,MARUTI,29-Apr-2021,5700,CE,0,0,0,2010.9,823.55,0,0,0,0,19-APR-2021,
OPTSTK,MARUTI,29-Apr-2021,5800,CE,0,0,0,1924.5,728.25,0,0,0,0,19-APR-2021,
OPTSTK,MARUTI,29-Apr-2021,5900,CE,0,0,0,1839.7,635.7,0,0,0,0,19-APR-2021,
OPTSTK,MARUTI,29-Apr-2021,6000,CE,497.05,500.1,497.05,500.1,547,2,12.99,1900,0,19-APR-2021,
OPTSTK,MARUTI,29-Apr-2021,6100,CE,415.95,415.95,415.95,415.95,463.25,1,6.51,100,0,19-APR-2021,
OPTSTK,MARUTI,29-Apr-2021,6200,CE,320.85,320.85,320.85,320.85,385.8,1,6.52,100,100,19-APR-2021,
OPTSTK,MARUTI,29-Apr-2021,6300,CE,272.85,301,240.7,293,293,17,111.64,800,500,19-APR-2021,
OPTSTK,MARUTI,29-Apr-2021,6400,CE,302.85,302.85,165.05,225.55,225.55,437,2885.24,9400,7800,19-APR-2021,
OPTSTK,MARUTI,29-Apr-2021,6500,CE,200,200,127.9,166,166,2606,17333.28,35900,22600,19-APR-2021,
OPTSTK,MARUTI,29-Apr-2021,6600,CE,150,150,91.15,117.65,117.65,2597,17420.19,52200,21200,19-APR-2021,
OPTSTK,MARUTI,29-Apr-2021,6700,CE,106.15,106.15,66.45,80.95,80.95,3117,21119.76,79900,20100,19-APR-2021,
OPTSTK,MARUTI,29-Apr-2021,6800,CE,65,70,46.3,54.55,54.55,3249,22261.44,132000,31700,19-APR-2021,
OPTSTK,MARUTI,29-Apr-2021,6900,CE,45.05,49.95,31.9,36.85,36.85,2201,15264.39,97300,-10800,19-APR-2021,
OPTSTK,MARUTI,29-Apr-2021,7000,CE,31.05,37.4,22,25.2,25.2,3051,21431.99,246600,-11500,19-APR-2021,
OPTSTK,MARUTI,29-Apr-2021,7100,CE,24.05,25,16.05,18.8,18.8,1134,8071.9,77900,-5800,19-APR-2021,
OPTSTK,MARUTI,29-Apr-2021,7200,CE,12,20.2,1,14.8,14.8,1302,9392.73,127000,4700,19-APR-2021,
OPTSTK,MARUTI,29-Apr-2021,7300,CE,15.05,15.05,6.75,11.3,11.3,549,4013.58,83300,3600,19-APR-2021,
OPTSTK,MARUTI,29-Apr-2021,7400,CE,6.9,13.05,6.9,8.8,8.8,243,1800.31,39300,-4500,19-APR-2021,
OPTSTK,MARUTI,29-Apr-2021,7500,CE,4.5,10,3.15,7.45,7.45,549,4121.19,159300,-8000,19-APR-2021,
OPTSTK,MARUTI,29-Apr-2021,7600,CE,5.5,8.3,5,6.1,6.1,66,501.97,23100,-2300,19-APR-2021,
OPTSTK,MARUTI,29-Apr-2021,7700,CE,5,6,4.1,5.25,5.25,24,184.92,20800,-1300,19-APR-2021,
OPTSTK,MARUTI,29-Apr-2021,7800,CE,5,6.15,4.5,5,5,9,70.24,20200,-700,19-APR-2021,
OPTSTK,MARUTI,29-Apr-2021,7900,CE,4.15,4.25,4.15,4.25,0.7,3,23.71,13200,-300,19-APR-2021,
OPTSTK,MARUTI,29-Apr-2021,8000,CE,3.1,5,2.75,3.4,3.4,126,1008.45,74500,-6000,19-APR-2021,
OPTSTK,MARUTI,29-Apr-2021,8100,CE,3.45,3.45,2.05,2.05,0.25,2,16.2,9100,-200,19-APR-2021,
OPTSTK,MARUTI,29-Apr-2021,8200,CE,1.95,2.4,1.95,2.4,0.15,3,24.6,10100,-300,19-APR-2021,
OPTSTK,MARUTI,29-Apr-2021,8300,CE,0,0,0,446.95,0.1,0,0,0,0,19-APR-2021,
OPTSTK,MARUTI,29-Apr-2021,8400,CE,0,0,0,4.05,0.05,0,0,200,0,19-APR-2021,
OPTSTK,MARUTI,29-Apr-2021,8500,CE,0.6,5,0.6,3,0.05,14,119.03,13200,-800,19-APR-2021,
OPTSTK,MARUTI,29-Apr-2021,8600,CE,0,0,0,359.7,0.05,0,0,0,0,19-APR-2021,
OPTSTK,MARUTI,29-Apr-2021,8700,CE,0,0,0,334.35,0,0,0,0,0,19-APR-2021,
OPTSTK,MARUTI,29-Apr-2021,8800,CE,0,0,0,310.35,0,0,0,0,0,19-APR-2021,
OPTSTK,MARUTI,29-Apr-2021,8900,CE,0,0,0,287.8,0,0,0,0,0,19-APR-2021,
OPTSTK,MARUTI,29-Apr-2021,9000,CE,1,3.1,1,1.95,0,28,252.07,16200,-2100,19-APR-2021,
OPTSTK,MARUTI,29-Apr-2021,9100,CE,0,0,0,247.05,0,0,0,0,0,19-APR-2021,
OPTSTK,MARUTI,29-Apr-2021,9200,CE,0,0,0,228.3,0,0,0,0,0,19-APR-2021,
OPTSTK,MARUTI,29-Apr-2021,9300,CE,0,0,0,211.05,0,0,0,0,0,19-APR-2021,
OPTSTK,MARUTI,29-Apr-2021,9400,CE,0,0,0,195,0,0,0,0,0,19-APR-2021,
OPTSTK,MARUTI,29-Apr-2021,9500,CE,0,0,0,180.05,0,0,0,0,0,19-APR-2021,
OPTSTK,MARUTI,29-Apr-2021,9600,CE,0,0,0,166.1,0,0,0,0,0,19-APR-2021,
OPTSTK,MARUTI,29-Apr-2021,9700,CE,0,0,0,153.15,0,0,0,0,0,19-APR-2021,
OPTSTK,MARUTI,29-Apr-2021,9800,CE,0,0,0,141.15,0,0,0,0,0,19-APR-2021,
OPTSTK,MARUTI,29-Apr-2021,4800,PE,0,0,0,10.5,0,0,0,0,0,19-APR-2021,
OPTSTK,MARUTI,29-Apr-2021,4900,PE,0,0,0,13.45,0,0,0,0,0,19-APR-2021,
OPTSTK,MARUTI,29-Apr-2021,5000,PE,0,0,0,0.05,0.05,0,0,100,0,19-APR-2021,
OPTSTK,MARUTI,29-Apr-2021,5100,PE,0,0,0,21.5,0.05,0,0,0,0,19-APR-2021,
OPTSTK,MARUTI,29-Apr-2021,5200,PE,0,0,0,0.6,0.15,0,0,100,0,19-APR-2021,
OPTSTK,MARUTI,29-Apr-2021,5300,PE,0,0,0,32.95,0.3,0,0,0,0,19-APR-2021,
OPTSTK,MARUTI,29-Apr-2021,5400,PE,0,0,0,13.7,0.65,0,0,100,0,19-APR-2021,
OPTSTK,MARUTI,29-Apr-2021,5500,PE,10.55,13.15,7.2,7.75,7.75,73,402.23,10700,500,19-APR-2021,
OPTSTK,MARUTI,29-Apr-2021,5600,PE,0,0,0,58.45,2.95,0,0,0,0,19-APR-2021,
OPTSTK,MARUTI,29-Apr-2021,5700,PE,0,0,0,69.65,5.65,0,0,0,0,19-APR-2021,
OPTSTK,MARUTI,29-Apr-2021,5800,PE,18,19.2,12.1,13.6,13.6,126,732.88,8400,8400,19-APR-2021,
OPTSTK,MARUTI,29-Apr-2021,5900,PE,35,35,10.15,16.35,16.35,682,4038.58,15200,1800,19-APR-2021,
OPTSTK,MARUTI,29-Apr-2021,6000,PE,20,37,19.6,22.05,22.05,1544,9309.13,74200,-5500,19-APR-2021,
OPTSTK,MARUTI,29-Apr-2021,6100,PE,33.5,51.65,28.6,31.35,31.35,930,5709.99,30400,3300,19-APR-2021,
OPTSTK,MARUTI,29-Apr-2021,6200,PE,46,74.2,40,45.05,45.05,1264,7910.48,73500,-2600,19-APR-2021,
OPTSTK,MARUTI,29-Apr-2021,6300,PE,69.8,105.6,61.45,66.5,66.5,1807,11533.13,71800,-4100,19-APR-2021,
OPTSTK,MARUTI,29-Apr-2021,6400,PE,93.85,147.9,89.15,95.6,95.6,2618,17063.05,62300,5000,19-APR-2021,
OPTSTK,MARUTI,29-Apr-2021,6500,PE,136.8,200.4,127,135.6,135.6,2271,15132.58,101300,-11700,19-APR-2021,
OPTSTK,MARUTI,29-Apr-2021,6600,PE,190.4,264,178.4,187.15,187.15,563,3837.63,52400,-13300,19-APR-2021,
OPTSTK,MARUTI,29-Apr-2021,6700,PE,248.95,337,240,252.1,252.1,170,1187.21,32100,-3600,19-APR-2021,
OPTSTK,MARUTI,29-Apr-2021,6800,PE,327.6,414.35,315,325.85,325.85,103,738.19,49400,-2200,19-APR-2021,
OPTSTK,MARUTI,29-Apr-2021,6900,PE,474.9,486.55,400,406,406,26,191.13,15300,-1200,19-APR-2021,
OPTSTK,MARUTI,29-Apr-2021,7000,PE,541.2,590,505,510.4,510.4,42,316.79,68500,-2700,19-APR-2021,
OPTSTK,MARUTI,29-Apr-2021,7100,PE,629.05,644.05,601,601,610,6,46.37,10400,-200,19-APR-2021,
OPTSTK,MARUTI,29-Apr-2021,7200,PE,734.35,753.8,696,696,700.3,9,71.4,9400,-700,19-APR-2021,
OPTSTK,MARUTI,29-Apr-2021,7300,PE,820.9,823.8,800,800,793.45,6,48.68,8800,-300,19-APR-2021,
OPTSTK,MARUTI,29-Apr-2021,7400,PE,0,0,0,580,888.75,0,0,1100,0,19-APR-2021,
OPTSTK,MARUTI,29-Apr-2021,7500,PE,958.6,958.6,958.6,958.6,958.6,1,8.45,4300,100,19-APR-2021,
OPTSTK,MARUTI,29-Apr-2021,7600,PE,0,0,0,804.8,1083.5,0,0,2000,0,19-APR-2021,
OPTSTK,MARUTI,29-Apr-2021,7700,PE,0,0,0,873,1182.1,0,0,800,0,19-APR-2021,
OPTSTK,MARUTI,29-Apr-2021,7800,PE,0,0,0,920.3,1281.2,0,0,1200,0,19-APR-2021,
OPTSTK,MARUTI,29-Apr-2021,7900,PE,0,0,0,1022.35,1380.65,0,0,7800,0,19-APR-2021,
OPTSTK,MARUTI,29-Apr-2021,8000,PE,1470,1470,1470,1470,1480.25,1,9.47,2700,-100,19-APR-2021,
OPTSTK,MARUTI,29-Apr-2021,8100,PE,0,0,0,950.9,1580,0,0,0,0,19-APR-2021,
OPTSTK,MARUTI,29-Apr-2021,8200,PE,0,0,0,1015.3,1679.8,0,0,0,0,19-APR-2021,
OPTSTK,MARUTI,29-Apr-2021,8300,PE,0,0,0,1081.65,1779.65,0,0,0,0,19-APR-2021,
OPTSTK,MARUTI,29-Apr-2021,8400,PE,0,0,0,1149.85,1879.5,0,0,0,0,19-APR-2021,
OPTSTK,MARUTI,29-Apr-2021,8500,PE,0,0,0,1219.85,1979.4,0,0,0,0,19-APR-2021,
OPTSTK,MARUTI,29-Apr-2021,8600,PE,0,0,0,1291.6,2079.3,0,0,0,0,19-APR-2021,
OPTSTK,MARUTI,29-Apr-2021,8700,PE,0,0,0,1365.35,2179.2,0,0,0,0,19-APR-2021,
OPTSTK,MARUTI,29-Apr-2021,8800,PE,0,0,0,1440.4,2279.05,0,0,0,0,19-APR-2021,
OPTSTK,MARUTI,29-Apr-2021,8900,PE,0,0,0,1516.95,2378.95,0,0,0,0,19-APR-2021,
OPTSTK,MARUTI,29-Apr-2021,9000,PE,0,0,0,1594.95,2478.85,0,0,0,0,19-APR-2021,
OPTSTK,MARUTI,29-Apr-2021,9100,PE,0,0,0,1674.3,2578.75,0,0,0,0,19-APR-2021,
OPTSTK,MARUTI,29-Apr-2021,9200,PE,0,0,0,1754.65,2678.7,0,0,0,0,19-APR-2021,
OPTSTK,MARUTI,29-Apr-2021,9300,PE,0,0,0,1836.5,2778.6,0,0,0,0,19-APR-2021,
OPTSTK,MARUTI,29-Apr-2021,9400,PE,0,0,0,1919.5,2878.5,0,0,0,0,19-APR-2021,
OPTSTK,MARUTI,29-Apr-2021,9500,PE,0,0,0,2003.6,2978.4,0,0,0,0,19-APR-2021,
OPTSTK,MARUTI,29-Apr-2021,9600,PE,0,0,0,2088.75,3078.3,0,0,0,0,19-APR-2021,
OPTSTK,MARUTI,29-Apr-2021,9700,PE,0,0,0,2174.85,3178.2,0,0,0,0,19-APR-2021,
OPTSTK,MARUTI,29-Apr-2021,9800,PE,0,0,0,2261.9,3278.1,0,0,0,0,19-APR-2021,
OPTSTK,MARUTI,27-May-2021,4800,CE,0,0,0,2200.95,1735,0,0,0,0,19-APR-2021,
OPTSTK,MARUTI,27-May-2021,4900,CE,0,0,0,2108.45,1637.5,0,0,0,0,19-APR-2021,
OPTSTK,MARUTI,27-May-2021,5000,CE,0,0,0,2017.2,1540.8,0,0,0,0,19-APR-2021,
OPTSTK,MARUTI,27-May-2021,5100,CE,0,0,0,1927.3,1445.2,0,0,0,0,19-APR-2021,
OPTSTK,MARUTI,27-May-2021,5200,CE,0,0,0,1838.9,1350.95,0,0,0,0,19-APR-2021,
OPTSTK,MARUTI,27-May-2021,5300,CE,0,0,0,1752.15,1258.35,0,0,0,0,19-APR-2021,
OPTSTK,MARUTI,27-May-2021,5400,CE,0,0,0,1667.15,1167.7,0,0,0,0,19-APR-2021,
OPTSTK,MARUTI,27-May-2021,5500,CE,0,0,0,1584.05,1079.3,0,0,0,0,19-APR-2021,
OPTSTK,MARUTI,27-May-2021,5600,CE,0,0,0,1503,993.6,0,0,0,0,19-APR-2021,
OPTSTK,MARUTI,27-May-2021,5700,CE,0,0,0,1424.05,910.8,0,0,0,0,19-APR-2021,
OPTSTK,MARUTI,27-May-2021,5800,CE,0,0,0,1347.3,831.3,0,0,0,0,19-APR-2021,
OPTSTK,MARUTI,27-May-2021,5900,CE,0,0,0,1273.15,755.6,0,0,0,0,19-APR-2021,
OPTSTK,MARUTI,27-May-2021,6000,CE,640,640,640,640,640,1,6.64,100,100,19-APR-2021,
OPTSTK,MARUTI,27-May-2021,6100,CE,0,0,0,1131.55,615.1,0,0,0,0,19-APR-2021,
OPTSTK,MARUTI,27-May-2021,6200,CE,0,0,0,1064.25,551.25,0,0,0,0,19-APR-2021,
OPTSTK,MARUTI,27-May-2021,6300,CE,0,0,0,999.85,491.75,0,0,0,0,19-APR-2021,
OPTSTK,MARUTI,27-May-2021,6400,CE,0,0,0,938.1,436.6,0,0,0,0,19-APR-2021,
OPTSTK,MARUTI,27-May-2021,6500,CE,300,300,285.05,300,300,43,292.15,3600,2600,19-APR-2021,
OPTSTK,MARUTI,27-May-2021,6600,CE,250,260,230,258.35,258.35,58,396.95,7100,4400,19-APR-2021,
OPTSTK,MARUTI,27-May-2021,6700,CE,193.4,219,173.35,215.9,215.9,176,1213.48,15200,9000,19-APR-2021,
OPTSTK,MARUTI,27-May-2021,6800,CE,200,200,148.65,180.35,180.35,39,272.03,5400,700,19-APR-2021,
OPTSTK,MARUTI,27-May-2021,6900,CE,0,0,0,200.05,224.55,0,0,400,0,19-APR-2021,
OPTSTK,MARUTI,27-May-2021,7000,CE,112,138.75,100,120.95,120.95,464,3300.52,31400,9100,19-APR-2021,
OPTSTK,MARUTI,27-May-2021,7100,CE,0,0,0,138,166.65,0,0,5300,0,19-APR-2021,
OPTSTK,MARUTI,27-May-2021,7200,CE,80,86.5,72,79.7,79.7,34,247.47,4900,100,19-APR-2021,
OPTSTK,MARUTI,27-May-2021,7300,CE,0,0,0,498.25,121.75,0,0,0,0,19-APR-2021,
OPTSTK,MARUTI,27-May-2021,7400,CE,0,0,0,461.6,103.35,0,0,0,0,19-APR-2021,
OPTSTK,MARUTI,27-May-2021,7500,CE,42.05,44.95,36.45,43.65,43.65,169,1274.65,21500,-1200,19-APR-2021,
OPTSTK,MARUTI,27-May-2021,7600,CE,0,0,0,394.8,73.55,0,0,0,0,19-APR-2021,
OPTSTK,MARUTI,27-May-2021,7700,CE,0,0,0,95,61.7,0,0,100,0,19-APR-2021,
OPTSTK,MARUTI,27-May-2021,7800,CE,0,0,0,336.25,51.5,0,0,0,0,19-APR-2021,
OPTSTK,MARUTI,27-May-2021,7900,CE,0,0,0,309.8,42.85,0,0,0,0,19-APR-2021,
OPTSTK,MARUTI,27-May-2021,8000,CE,24.35,24.35,18.7,22,35.55,14,112.3,15900,500,19-APR-2021,
OPTSTK,MARUTI,27-May-2021,8100,CE,0,0,0,262.65,29.35,0,0,0,0,19-APR-2021,
OPTSTK,MARUTI,27-May-2021,8200,CE,0,0,0,241.4,24.15,0,0,0,0,19-APR-2021,
OPTSTK,MARUTI,27-May-2021,8300,CE,0,0,0,221.65,19.8,0,0,0,0,19-APR-2021,
OPTSTK,MARUTI,27-May-2021,8400,CE,0,0,0,203.05,16.2,0,0,0,0,19-APR-2021,
OPTSTK,MARUTI,27-May-2021,8500,CE,0,0,0,186.05,13.2,0,0,0,0,19-APR-2021,
OPTSTK,MARUTI,27-May-2021,8600,CE,0,0,0,170.35,10.7,0,0,0,0,19-APR-2021,
OPTSTK,MARUTI,27-May-2021,8700,CE,0,0,0,155.85,8.7,0,0,0,0,19-APR-2021,
OPTSTK,MARUTI,27-May-2021,8800,CE,0,0,0,142.45,7,0,0,0,0,19-APR-2021,
OPTSTK,MARUTI,27-May-2021,8900,CE,0,0,0,130.1,5.65,0,0,0,0,19-APR-2021,
OPTSTK,MARUTI,27-May-2021,9000,CE,5.9,6.95,5.9,6.95,4.55,3,27.01,300,200,19-APR-2021,
OPTSTK,MARUTI,27-May-2021,9100,CE,0,0,0,108.25,3.65,0,0,0,0,19-APR-2021,
OPTSTK,MARUTI,27-May-2021,9200,CE,0,0,0,98.65,2.9,0,0,0,0,19-APR-2021,
OPTSTK,MARUTI,27-May-2021,9300,CE,0,0,0,89.8,2.3,0,0,0,0,19-APR-2021,
OPTSTK,MARUTI,27-May-2021,9400,CE,0,0,0,81.75,1.85,0,0,0,0,19-APR-2021,
OPTSTK,MARUTI,27-May-2021,9500,CE,0,0,0,74.3,1.45,0,0,0,0,19-APR-2021,
OPTSTK,MARUTI,27-May-2021,9600,CE,0,0,0,67.55,1.15,0,0,0,0,19-APR-2021,
OPTSTK,MARUTI,27-May-2021,9700,CE,0,0,0,61.35,0.9,0,0,0,0,19-APR-2021,
OPTSTK,MARUTI,27-May-2021,9800,CE,0,0,0,55.65,0.75,0,0,0,0,19-APR-2021,
OPTSTK,MARUTI,27-May-2021,4800,PE,0,0,0,25.9,4.1,0,0,0,0,19-APR-2021,
OPTSTK,MARUTI,27-May-2021,4900,PE,0,0,0,32.5,6.2,0,0,0,0,19-APR-2021,
OPTSTK,MARUTI,27-May-2021,5000,PE,0,0,0,40.3,9.15,0,0,0,0,19-APR-2021,
OPTSTK,MARUTI,27-May-2021,5100,PE,0,0,0,49.45,13.15,0,0,0,0,19-APR-2021,
OPTSTK,MARUTI,27-May-2021,5200,PE,0,0,0,60.15,18.5,0,0,0,0,19-APR-2021,
OPTSTK,MARUTI,27-May-2021,5300,PE,40,40,40,40,25.5,1,5.34,400,100,19-APR-2021,
OPTSTK,MARUTI,27-May-2021,5400,PE,0,0,0,86.55,34.45,0,0,0,0,19-APR-2021,
OPTSTK,MARUTI,27-May-2021,5500,PE,49,49,49,49,45.7,1,5.54,100,100,19-APR-2021,
OPTSTK,MARUTI,27-May-2021,5600,PE,0,0,0,120.5,59.55,0,0,0,0,19-APR-2021,
OPTSTK,MARUTI,27-May-2021,5700,PE,0,0,0,140.65,76.4,0,0,0,0,19-APR-2021,
OPTSTK,MARUTI,27-May-2021,5800,PE,49.95,60,44.65,44.65,96.5,5,29.27,400,400,19-APR-2021,
OPTSTK,MARUTI,27-May-2021,5900,PE,70,70,70,70,120.4,2,11.94,200,200,19-APR-2021,
OPTSTK,MARUTI,27-May-2021,6000,PE,60,99,60,79.25,79.25,344,2094.18,38100,7600,19-APR-2021,
OPTSTK,MARUTI,27-May-2021,6100,PE,115.15,120,112.8,120,179.1,3,18.64,600,100,19-APR-2021,
OPTSTK,MARUTI,27-May-2021,6200,PE,140,150,140,150,214.9,4,25.38,700,200,19-APR-2021,
OPTSTK,MARUTI,27-May-2021,6300,PE,184,190.25,169,169,255,14,90.73,5700,-100,19-APR-2021,
OPTSTK,MARUTI,27-May-2021,6400,PE,210,210,169.8,197.55,197.55,7,46.19,3400,200,19-APR-2021,
OPTSTK,MARUTI,27-May-2021,6500,PE,234.95,290,234.95,250,250,136,920.19,40400,-200,19-APR-2021,
OPTSTK,MARUTI,27-May-2021,6600,PE,0,0,0,265,401.4,0,0,1000,0,19-APR-2021,
OPTSTK,MARUTI,27-May-2021,6700,PE,359.4,392.8,359.4,361.4,361.4,11,77.81,1000,600,19-APR-2021,
OPTSTK,MARUTI,27-May-2021,6800,PE,450,450,395.2,407.6,407.6,5,36.16,1400,200,19-APR-2021,
OPTSTK,MARUTI,27-May-2021,6900,PE,0,0,0,360,585.45,0,0,5000,0,19-APR-2021,
OPTSTK,MARUTI,27-May-2021,7000,PE,550,610,550,568.15,568.15,16,121.21,13700,-100,19-APR-2021,
OPTSTK,MARUTI,27-May-2021,7100,PE,0,0,0,682.1,726.8,0,0,0,0,19-APR-2021,
OPTSTK,MARUTI,27-May-2021,7200,PE,0,0,0,739.85,802.8,0,0,0,0,19-APR-2021,
OPTSTK,MARUTI,27-May-2021,7300,PE,0,0,0,800,881.1,0,0,0,0,19-APR-2021,
OPTSTK,MARUTI,27-May-2021,7400,PE,0,0,0,862.4,962.3,0,0,0,0,19-APR-2021,
OPTSTK,MARUTI,27-May-2021,7500,PE,0,0,0,927,1045.95,0,0,0,0,19-APR-2021,
OPTSTK,MARUTI,27-May-2021,7600,PE,0,0,0,993.75,1131.75,0,0,0,0,19-APR-2021,
OPTSTK,MARUTI,27-May-2021,7700,PE,0,0,0,1062.55,1219.45,0,0,0,0,19-APR-2021,
OPTSTK,MARUTI,27-May-2021,7800,PE,1320,1320,1320,1320,1308.9,1,9.12,600,100,19-APR-2021,
OPTSTK,MARUTI,27-May-2021,7900,PE,0,0,0,1205.95,1399.9,0,0,0,0,19-APR-2021,
OPTSTK,MARUTI,27-May-2021,8000,PE,0,0,0,1280.75,1492.15,0,0,0,0,19-APR-2021,
OPTSTK,MARUTI,27-May-2021,8100,PE,0,0,0,1356.9,1585.6,0,0,0,0,19-APR-2021,
OPTSTK,MARUTI,27-May-2021,8200,PE,0,0,0,1434.75,1680,0,0,0,0,19-APR-2021,
OPTSTK,MARUTI,27-May-2021,8300,PE,0,0,0,1514.05,1775.25,0,0,0,0,19-APR-2021,
OPTSTK,MARUTI,27-May-2021,8400,PE,0,0,0,1594.55,1871.25,0,0,0,0,19-APR-2021,
OPTSTK,MARUTI,27-May-2021,8500,PE,0,0,0,1676.6,1967.9,0,0,0,0,19-APR-2021,
OPTSTK,MARUTI,27-May-2021,8600,PE,0,0,0,1759.95,2065,0,0,0,0,19-APR-2021,
OPTSTK,MARUTI,27-May-2021,8700,PE,0,0,0,1844.5,2162.6,0,0,0,0,19-APR-2021,
OPTSTK,MARUTI,27-May-2021,8800,PE,0,0,0,1930.2,2260.5,0,0,0,0,19-APR-2021,
OPTSTK,MARUTI,27-May-2021,8900,PE,0,0,0,2016.9,2358.75,0,0,0,0,19-APR-2021,
OPTSTK,MARUTI,27-May-2021,9000,PE,0,0,0,2104.6,2457.25,0,0,0,0,19-APR-2021,
OPTSTK,MARUTI,27-May-2021,9100,PE,0,0,0,2193.2,2556,0,0,0,0,19-APR-2021,
OPTSTK,MARUTI,27-May-2021,9200,PE,0,0,0,2282.7,2654.85,0,0,0,0,19-APR-2021,
OPTSTK,MARUTI,27-May-2021,9300,PE,0,0,0,2372.9,2753.9,0,0,0,0,19-APR-2021,
OPTSTK,MARUTI,27-May-2021,9400,PE,0,0,0,2463.9,2853,0,0,0,0,19-APR-2021,
OPTSTK,MARUTI,27-May-2021,9500,PE,0,0,0,2555.55,2952.25,0,0,0,0,19-APR-2021,
OPTSTK,MARUTI,27-May-2021,9600,PE,0,0,0,2647.85,3051.55,0,0,0,0,19-APR-2021,
OPTSTK,MARUTI,27-May-2021,9700,PE,0,0,0,2740.7,3150.9,0,0,0,0,19-APR-2021,
OPTSTK,MARUTI,27-May-2021,9800,PE,0,0,0,2834.1,3250.35,0,0,0,0,19-APR-2021,
OPTSTK,MARUTI,24-Jun-2021,4800,CE,0,0,0,2059.05,1765.15,0,0,0,0,19-APR-2021,
OPTSTK,MARUTI,24-Jun-2021,4900,CE,0,0,0,1967.1,1672.2,0,0,0,0,19-APR-2021,
OPTSTK,MARUTI,24-Jun-2021,5000,CE,0,0,0,1876.5,1580.75,0,0,0,0,19-APR-2021,
OPTSTK,MARUTI,24-Jun-2021,5100,CE,0,0,0,1787.4,1491,0,0,0,0,19-APR-2021,
OPTSTK,MARUTI,24-Jun-2021,5200,CE,0,0,0,1699.9,1403.15,0,0,0,0,19-APR-2021,
OPTSTK,MARUTI,24-Jun-2021,5300,CE,0,0,0,1614.25,1317.4,0,0,0,0,19-APR-2021,
OPTSTK,MARUTI,24-Jun-2021,5400,CE,0,0,0,1530.5,1233.95,0,0,0,0,19-APR-2021,
OPTSTK,MARUTI,24-Jun-2021,5500,CE,0,0,0,1448.8,1153.05,0,0,0,0,19-APR-2021,
OPTSTK,MARUTI,24-Jun-2021,5600,CE,0,0,0,1369.35,1074.75,0,0,0,0,19-APR-2021,
OPTSTK,MARUTI,24-Jun-2021,5700,CE,0,0,0,1292.15,999.6,0,0,0,0,19-APR-2021,
OPTSTK,MARUTI,24-Jun-2021,5800,CE,0,0,0,1217.65,927.1,0,0,0,0,19-APR-2021,
OPTSTK,MARUTI,24-Jun-2021,5900,CE,0,0,0,1145.3,857.45,0,0,0,0,19-APR-2021,
OPTSTK,MARUTI,24-Jun-2021,6000,CE,0,0,0,1075.6,791.4,0,0,0,0,19-APR-2021,
OPTSTK,MARUTI,24-Jun-2021,6100,CE,0,0,0,1008.3,728.65,0,0,0,0,19-APR-2021,
OPTSTK,MARUTI,24-Jun-2021,6200,CE,0,0,0,944,669.2,0,0,0,0,19-APR-2021,
OPTSTK,MARUTI,24-Jun-2021,6300,CE,0,0,0,882.45,613.1,0,0,0,0,19-APR-2021,
OPTSTK,MARUTI,24-Jun-2021,6400,CE,0,0,0,823.7,560.35,0,0,0,0,19-APR-2021,
OPTSTK,MARUTI,24-Jun-2021,6500,CE,0,0,0,767.65,510.9,0,0,0,0,19-APR-2021,
OPTSTK,MARUTI,24-Jun-2021,6600,CE,0,0,0,714.35,464.7,0,0,0,0,19-APR-2021,
OPTSTK,MARUTI,24-Jun-2021,6700,CE,0,0,0,663.8,421.7,0,0,0,0,19-APR-2021,
OPTSTK,MARUTI,24-Jun-2021,6800,CE,0,0,0,615.9,381.8,0,0,0,0,19-APR-2021,
OPTSTK,MARUTI,24-Jun-2021,6900,CE,0,0,0,570.7,344.9,0,0,0,0,19-APR-2021,
OPTSTK,MARUTI,24-Jun-2021,7000,CE,0,0,0,528.05,310.9,0,0,0,0,19-APR-2021,
OPTSTK,MARUTI,24-Jun-2021,7100,CE,0,0,0,487.95,279.6,0,0,0,0,19-APR-2021,
OPTSTK,MARUTI,24-Jun-2021,7200,CE,0,0,0,450.25,250.9,0,0,0,0,19-APR-2021,
OPTSTK,MARUTI,24-Jun-2021,7300,CE,0,0,0,414.95,225.05,0,0,0,0,19-APR-2021,
OPTSTK,MARUTI,24-Jun-2021,7400,CE,0,0,0,381.9,201.25,0,0,0,0,19-APR-2021,
OPTSTK,MARUTI,24-Jun-2021,7500,CE,0,0,0,351.05,179.6,0,0,0,0,19-APR-2021,
OPTSTK,MARUTI,24-Jun-2021,7600,CE,0,0,0,322.3,159.75,0,0,0,0,19-APR-2021,
OPTSTK,MARUTI,24-Jun-2021,7700,CE,0,0,0,295.55,142,0,0,0,0,19-APR-2021,
OPTSTK,MARUTI,24-Jun-2021,7800,CE,0,0,0,271.05,125.95,0,0,0,0,19-APR-2021,
OPTSTK,MARUTI,24-Jun-2021,7900,CE,0,0,0,248.1,111.55,0,0,0,0,19-APR-2021,
OPTSTK,MARUTI,24-Jun-2021,8000,CE,0,0,0,226.85,98.6,0,0,0,0,19-APR-2021,
OPTSTK,MARUTI,24-Jun-2021,8100,CE,0,0,0,207.2,87,0,0,0,0,19-APR-2021,
OPTSTK,MARUTI,24-Jun-2021,8200,CE,0,0,0,188.75,76.65,0,0,0,0,19-APR-2021,
OPTSTK,MARUTI,24-Jun-2021,8300,CE,0,0,0,172,67.4,0,0,0,0,19-APR-2021,
OPTSTK,MARUTI,24-Jun-2021,8400,CE,0,0,0,156.55,59.2,0,0,0,0,19-APR-2021,
OPTSTK,MARUTI,24-Jun-2021,8500,CE,0,0,0,142.35,51.9,0,0,0,0,19-APR-2021,
OPTSTK,MARUTI,24-Jun-2021,8600,CE,0,0,0,129.35,45.45,0,0,0,0,19-APR-2021,
OPTSTK,MARUTI,24-Jun-2021,8700,CE,0,0,0,117.4,39.75,0,0,0,0,19-APR-2021,
OPTSTK,MARUTI,24-Jun-2021,8800,CE,0,0,0,106.45,34.7,0,0,0,0,19-APR-2021,
OPTSTK,MARUTI,24-Jun-2021,8900,CE,0,0,0,96.5,30.25,0,0,0,0,19-APR-2021,
OPTSTK,MARUTI,24-Jun-2021,9000,CE,0,0,0,87.35,26.35,0,0,0,0,19-APR-2021,
OPTSTK,MARUTI,24-Jun-2021,9100,CE,0,0,0,79,22.9,0,0,0,0,19-APR-2021,
OPTSTK,MARUTI,24-Jun-2021,9200,CE,0,0,0,71.4,19.9,0,0,0,0,19-APR-2021,
OPTSTK,MARUTI,24-Jun-2021,9300,CE,0,0,0,64.5,17.25,0,0,0,0,19-APR-2021,
OPTSTK,MARUTI,24-Jun-2021,9400,CE,0,0,0,58.2,14.95,0,0,0,0,19-APR-2021,
OPTSTK,MARUTI,24-Jun-2021,9500,CE,0,0,0,52.5,12.95,0,0,0,0,19-APR-2021,
OPTSTK,MARUTI,24-Jun-2021,9600,CE,0,0,0,47.3,11.2,0,0,0,0,19-APR-2021,
OPTSTK,MARUTI,24-Jun-2021,9700,CE,0,0,0,42.6,9.65,0,0,0,0,19-APR-2021,
OPTSTK,MARUTI,24-Jun-2021,9800,CE,0,0,0,38.35,8.35,0,0,0,0,19-APR-2021,
OPTSTK,MARUTI,24-Jun-2021,4800,PE,0,0,0,27.55,20.5,0,0,0,0,19-APR-2021,
OPTSTK,MARUTI,24-Jun-2021,4900,PE,0,0,0,34.65,26.9,0,0,0,0,19-APR-2021,
OPTSTK,MARUTI,24-Jun-2021,5000,PE,0,0,0,43.1,34.8,0,0,0,0,19-APR-2021,
OPTSTK,MARUTI,24-Jun-2021,5100,PE,0,0,0,53.05,44.35,0,0,0,0,19-APR-2021,
OPTSTK,MARUTI,24-Jun-2021,5200,PE,0,0,0,64.65,55.8,0,0,0,0,19-APR-2021,
OPTSTK,MARUTI,24-Jun-2021,5300,PE,0,0,0,78.05,69.4,0,0,0,0,19-APR-2021,
OPTSTK,MARUTI,24-Jun-2021,5400,PE,0,0,0,93.4,85.25,0,0,0,0,19-APR-2021,
OPTSTK,MARUTI,24-Jun-2021,5500,PE,0,0,0,110.8,103.65,0,0,0,0,19-APR-2021,
OPTSTK,MARUTI,24-Jun-2021,5600,PE,0,0,0,130.35,124.75,0,0,0,0,19-APR-2021,
OPTSTK,MARUTI,24-Jun-2021,5700,PE,0,0,0,152.25,148.85,0,0,0,0,19-APR-2021,
OPTSTK,MARUTI,24-Jun-2021,5800,PE,0,0,0,176.8,175.7,0,0,0,0,19-APR-2021,
OPTSTK,MARUTI,24-Jun-2021,5900,PE,0,0,0,203.55,205.4,0,0,0,0,19-APR-2021,
OPTSTK,MARUTI,24-Jun-2021,6000,PE,0,0,0,150,238.65,0,0,100,0,19-APR-2021,
OPTSTK,MARUTI,24-Jun-2021,6100,PE,168,168,155,155,275.2,2,12.52,200,200,19-APR-2021,
OPTSTK,MARUTI,24-Jun-2021,6200,PE,0,0,0,299.45,315.1,0,0,0,0,19-APR-2021,
OPTSTK,MARUTI,24-Jun-2021,6300,PE,0,0,0,337,358.3,0,0,0,0,19-APR-2021,
OPTSTK,MARUTI,24-Jun-2021,6400,PE,0,0,0,377.25,404.9,0,0,0,0,19-APR-2021,
OPTSTK,MARUTI,24-Jun-2021,6500,PE,340,340,339.95,339.95,454.75,3,20.51,4000,0,19-APR-2021,
OPTSTK,MARUTI,24-Jun-2021,6600,PE,0,0,0,466.1,507.9,0,0,0,0,19-APR-2021,
OPTSTK,MARUTI,24-Jun-2021,6700,PE,0,0,0,514.6,564.25,0,0,0,0,19-APR-2021,
OPTSTK,MARUTI,24-Jun-2021,6800,PE,0,0,0,565.8,623.65,0,0,0,0,19-APR-2021,
OPTSTK,MARUTI,24-Jun-2021,6900,PE,0,0,0,619.65,686.1,0,0,0,0,19-APR-2021,
OPTSTK,MARUTI,24-Jun-2021,7000,PE,0,0,0,604,751.35,0,0,200,0,19-APR-2021,
OPTSTK,MARUTI,24-Jun-2021,7100,PE,0,0,0,735,819.4,0,0,0,0,19-APR-2021,
OPTSTK,MARUTI,24-Jun-2021,7200,PE,0,0,0,796.4,890.05,0,0,0,0,19-APR-2021,
OPTSTK,MARUTI,24-Jun-2021,7300,PE,0,0,0,860.15,963.5,0,0,0,0,19-APR-2021,
OPTSTK,MARUTI,24-Jun-2021,7400,PE,0,0,0,926.2,1039.05,0,0,0,0,19-APR-2021,
OPTSTK,MARUTI,24-Jun-2021,7500,PE,0,0,0,994.4,1116.75,0,0,0,0,19-APR-2021,
OPTSTK,MARUTI,24-Jun-2021,7600,PE,0,0,0,1064.7,1196.2,0,0,0,0,19-APR-2021,
OPTSTK,MARUTI,24-Jun-2021,7700,PE,0,0,0,1137.05,1277.75,0,0,0,0,19-APR-2021,
OPTSTK,MARUTI,24-Jun-2021,7800,PE,0,0,0,1211.65,1361.05,0,0,0,0,19-APR-2021,
OPTSTK,MARUTI,24-Jun-2021,7900,PE,0,0,0,1287.75,1445.95,0,0,0,0,19-APR-2021,
OPTSTK,MARUTI,24-Jun-2021,8000,PE,0,0,0,1365.55,1532.35,0,0,0,0,19-APR-2021,
OPTSTK,MARUTI,24-Jun-2021,8100,PE,0,0,0,1444.95,1620.05,0,0,0,0,19-APR-2021,
OPTSTK,MARUTI,24-Jun-2021,8200,PE,0,0,0,1525.6,1709.05,0,0,0,0,19-APR-2021,
OPTSTK,MARUTI,24-Jun-2021,8300,PE,0,0,0,1607.9,1799.15,0,0,0,0,19-APR-2021,
OPTSTK,MARUTI,24-Jun-2021,8400,PE,0,0,0,1691.55,1890.25,0,0,0,0,19-APR-2021,
OPTSTK,MARUTI,24-Jun-2021,8500,PE,0,0,0,1776.4,1982.25,0,0,0,0,19-APR-2021,
OPTSTK,MARUTI,24-Jun-2021,8600,PE,0,0,0,1862.45,2075.15,0,0,0,0,19-APR-2021,
OPTSTK,MARUTI,24-Jun-2021,8700,PE,0,0,0,1949.6,2168.75,0,0,0,0,19-APR-2021,
OPTSTK,MARUTI,24-Jun-2021,8800,PE,0,0,0,2037.75,2263,0,0,0,0,19-APR-2021,
OPTSTK,MARUTI,24-Jun-2021,8900,PE,0,0,0,2126.8,2357.9,0,0,0,0,19-APR-2021,
OPTSTK,MARUTI,24-Jun-2021,9000,PE,0,0,0,2216.75,2453.3,0,0,0,0,19-APR-2021,
OPTSTK,MARUTI,24-Jun-2021,9100,PE,0,0,0,2307.5,2549.2,0,0,0,0,19-APR-2021,
OPTSTK,MARUTI,24-Jun-2021,9200,PE,0,0,0,2398.95,2645.5,0,0,0,0,19-APR-2021,
OPTSTK,MARUTI,24-Jun-2021,9300,PE,0,0,0,2491.1,2742.2,0,0,0,0,19-APR-2021,
OPTSTK,MARUTI,24-Jun-2021,9400,PE,0,0,0,2583.9,2839.2,0,0,0,0,19-APR-2021,
OPTSTK,MARUTI,24-Jun-2021,9500,PE,0,0,0,2677.25,2936.55,0,0,0,0,19-APR-2021,
OPTSTK,MARUTI,24-Jun-2021,9600,PE,0,0,0,2771.15,3034.1,0,0,0,0,19-APR-2021,
OPTSTK,MARUTI,24-Jun-2021,9700,PE,0,0,0,2865.5,3131.9,0,0,0,0,19-APR-2021,
OPTSTK,MARUTI,24-Jun-2021,9800,PE,0,0,0,2960.3,3229.9,0,0,0,0,19-APR-2021,
OPTSTK,MCDOWELL-N,29-Apr-2021,360,CE,0,0,0,238,158.35,0,0,0,0,19-APR-2021,
OPTSTK,MCDOWELL-N,29-Apr-2021,370,CE,0,0,0,228.2,148.35,0,0,0,0,19-APR-2021,
OPTSTK,MCDOWELL-N,29-Apr-2021,380,CE,0,0,0,218.45,138.35,0,0,0,0,19-APR-2021,
OPTSTK,MCDOWELL-N,29-Apr-2021,390,CE,0,0,0,208.75,128.35,0,0,0,0,19-APR-2021,
OPTSTK,MCDOWELL-N,29-Apr-2021,400,CE,0,0,0,199.1,118.35,0,0,0,0,19-APR-2021,
OPTSTK,MCDOWELL-N,29-Apr-2021,410,CE,0,0,0,189.6,108.4,0,0,0,0,19-APR-2021,
OPTSTK,MCDOWELL-N,29-Apr-2021,415,CE,0,0,0,133.2,103.4,0,0,0,0,19-APR-2021,
OPTSTK,MCDOWELL-N,29-Apr-2021,420,CE,0,0,0,180.15,98.4,0,0,0,0,19-APR-2021,
OPTSTK,MCDOWELL-N,29-Apr-2021,425,CE,0,0,0,123.45,93.4,0,0,0,0,19-APR-2021,
OPTSTK,MCDOWELL-N,29-Apr-2021,430,CE,0,0,0,170.85,88.4,0,0,0,0,19-APR-2021,
OPTSTK,MCDOWELL-N,29-Apr-2021,435,CE,0,0,0,113.8,83.45,0,0,0,0,19-APR-2021,
OPTSTK,MCDOWELL-N,29-Apr-2021,440,CE,0,0,0,161.7,78.5,0,0,0,0,19-APR-2021,
OPTSTK,MCDOWELL-N,29-Apr-2021,445,CE,0,0,0,104.3,73.55,0,0,0,0,19-APR-2021,
OPTSTK,MCDOWELL-N,29-Apr-2021,450,CE,0,0,0,152.7,68.6,0,0,0,0,19-APR-2021,
OPTSTK,MCDOWELL-N,29-Apr-2021,455,CE,0,0,0,95,63.7,0,0,0,0,19-APR-2021,
OPTSTK,MCDOWELL-N,29-Apr-2021,460,CE,0,0,0,143.9,58.9,0,0,0,0,19-APR-2021,
OPTSTK,MCDOWELL-N,29-Apr-2021,465,CE,0,0,0,85.95,54.1,0,0,0,0,19-APR-2021,
OPTSTK,MCDOWELL-N,29-Apr-2021,470,CE,0,0,0,135.3,49.45,0,0,0,0,19-APR-2021,
OPTSTK,MCDOWELL-N,29-Apr-2021,475,CE,0,0,0,77.2,44.9,0,0,0,0,19-APR-2021,
OPTSTK,MCDOWELL-N,29-Apr-2021,480,CE,0,0,0,126.9,40.45,0,0,0,0,19-APR-2021,
OPTSTK,MCDOWELL-N,29-Apr-2021,485,CE,0,0,0,68.85,36.2,0,0,0,0,19-APR-2021,
OPTSTK,MCDOWELL-N,29-Apr-2021,490,CE,0,0,0,118.8,32.1,0,0,0,0,19-APR-2021,
OPTSTK,MCDOWELL-N,29-Apr-2021,495,CE,0,0,0,60.9,28.25,0,0,0,0,19-APR-2021,
OPTSTK,MCDOWELL-N,29-Apr-2021,500,CE,18.5,21,18.5,21,24.65,6,38.96,37500,2500,19-APR-2021,
OPTSTK,MCDOWELL-N,29-Apr-2021,505,CE,0,0,0,53.45,21.3,0,0,0,0,19-APR-2021,
OPTSTK,MCDOWELL-N,29-Apr-2021,510,CE,14.95,16.1,10,15.75,15.75,27,176.56,43750,10000,19-APR-2021,
OPTSTK,MCDOWELL-N,29-Apr-2021,515,CE,0,0,0,46.5,15.45,0,0,0,0,19-APR-2021,
OPTSTK,MCDOWELL-N,29-Apr-2021,520,CE,8.05,9.9,5.85,9.55,9.55,572,3773.13,226250,112500,19-APR-2021,
OPTSTK,MCDOWELL-N,29-Apr-2021,525,CE,4.9,5.5,4.9,5.5,10.8,5,33.14,30000,3750,19-APR-2021,
OPTSTK,MCDOWELL-N,29-Apr-2021,530,CE,4.2,5.7,3.3,5.5,5.5,397,2652.84,242500,-3750,19-APR-2021,
OPTSTK,MCDOWELL-N,29-Apr-2021,535,CE,4.05,4.2,3.6,4.2,4.2,7,47.15,8750,-2500,19-APR-2021,
OPTSTK,MCDOWELL-N,29-Apr-2021,540,CE,2.7,3.35,2.2,3.25,3.25,299,2028.52,231250,-37500,19-APR-2021,
OPTSTK,MCDOWELL-N,29-Apr-2021,545,CE,0,0,0,4.3,4.6,0,0,6250,0,19-APR-2021,
OPTSTK,MCDOWELL-N,29-Apr-2021,550,CE,2.95,2.95,1.6,2.2,2.2,192,1324.7,492500,-17500,19-APR-2021,
OPTSTK,MCDOWELL-N,29-Apr-2021,555,CE,0,0,0,3.8,2.85,0,0,0,0,19-APR-2021,
OPTSTK,MCDOWELL-N,29-Apr-2021,560,CE,1.35,1.55,1.2,1.45,1.45,134,940.3,412500,5000,19-APR-2021,
OPTSTK,MCDOWELL-N,29-Apr-2021,565,CE,0,0,0,6,1.65,0,0,5000,0,19-APR-2021,
OPTSTK,MCDOWELL-N,29-Apr-2021,570,CE,1,1.15,0.8,1,1,56,399.69,188750,-26250,19-APR-2021,
OPTSTK,MCDOWELL-N,29-Apr-2021,575,CE,0,0,0,1,0.95,0,0,5000,0,19-APR-2021,
OPTSTK,MCDOWELL-N,29-Apr-2021,580,CE,0.55,0.9,0.5,0.75,0.7,22,159.68,198750,-6250,19-APR-2021,
OPTSTK,MCDOWELL-N,29-Apr-2021,585,CE,0,0,0,1.3,0.5,0,0,5000,0,19-APR-2021,
OPTSTK,MCDOWELL-N,29-Apr-2021,590,CE,0.55,0.8,0.45,0.8,0.8,29,214.09,86250,-2500,19-APR-2021,
OPTSTK,MCDOWELL-N,29-Apr-2021,595,CE,0,0,0,11.2,0.25,0,0,0,0,19-APR-2021,
OPTSTK,MCDOWELL-N,29-Apr-2021,600,CE,0.25,0.55,0.15,0.5,0.5,126,945.59,470000,-71250,19-APR-2021,
OPTSTK,MCDOWELL-N,29-Apr-2021,605,CE,0,0,0,9.05,0.15,0,0,0,0,19-APR-2021,
OPTSTK,MCDOWELL-N,29-Apr-2021,610,CE,0.2,0.2,0.2,0.2,0.1,3,22.88,17500,-1250,19-APR-2021,
OPTSTK,MCDOWELL-N,29-Apr-2021,615,CE,0,0,0,7.2,0.1,0,0,0,0,19-APR-2021,
OPTSTK,MCDOWELL-N,29-Apr-2021,620,CE,0.8,0.8,0.15,0.25,0.05,5,38.77,46250,-3750,19-APR-2021,
OPTSTK,MCDOWELL-N,29-Apr-2021,625,CE,0,0,0,5.7,0.05,0,0,0,0,19-APR-2021,
OPTSTK,MCDOWELL-N,29-Apr-2021,630,CE,0,0,0,37.1,0.05,0,0,0,0,19-APR-2021,
OPTSTK,MCDOWELL-N,29-Apr-2021,635,CE,0,0,0,4.5,0.05,0,0,0,0,19-APR-2021,
OPTSTK,MCDOWELL-N,29-Apr-2021,640,CE,0,0,0,5.5,0.05,0,0,5000,0,19-APR-2021,
OPTSTK,MCDOWELL-N,29-Apr-2021,645,CE,0,0,0,3.5,0,0,0,0,0,19-APR-2021,
OPTSTK,MCDOWELL-N,29-Apr-2021,650,CE,0,0,0,0.4,0,0,0,32500,0,19-APR-2021,
OPTSTK,MCDOWELL-N,29-Apr-2021,655,CE,0,0,0,2.7,0,0,0,0,0,19-APR-2021,
OPTSTK,MCDOWELL-N,29-Apr-2021,660,CE,0,0,0,27.4,0,0,0,0,0,19-APR-2021,
OPTSTK,MCDOWELL-N,29-Apr-2021,670,CE,0,0,0,24.65,0,0,0,0,0,19-APR-2021,
OPTSTK,MCDOWELL-N,29-Apr-2021,680,CE,0,0,0,22.2,0,0,0,0,0,19-APR-2021,
OPTSTK,MCDOWELL-N,29-Apr-2021,690,CE,0,0,0,19.95,0,0,0,0,0,19-APR-2021,
OPTSTK,MCDOWELL-N,29-Apr-2021,700,CE,0,0,0,0.7,0,0,0,1250,0,19-APR-2021,
OPTSTK,MCDOWELL-N,29-Apr-2021,710,CE,0,0,0,16,0,0,0,0,0,19-APR-2021,
OPTSTK,MCDOWELL-N,29-Apr-2021,720,CE,0,0,0,14.25,0,0,0,0,0,19-APR-2021,
OPTSTK,MCDOWELL-N,29-Apr-2021,730,CE,0,0,0,12.75,0,0,0,0,0,19-APR-2021,
OPTSTK,MCDOWELL-N,29-Apr-2021,740,CE,0,0,0,11.35,0,0,0,0,0,19-APR-2021,
OPTSTK,MCDOWELL-N,29-Apr-2021,750,CE,0,0,0,10.1,0,0,0,0,0,19-APR-2021,
OPTSTK,MCDOWELL-N,29-Apr-2021,760,CE,0,0,0,8.95,0,0,0,0,0,19-APR-2021,
OPTSTK,MCDOWELL-N,29-Apr-2021,360,PE,0,0,0,0.25,0,0,0,0,0,19-APR-2021,
OPTSTK,MCDOWELL-N,29-Apr-2021,370,PE,0,0,0,0.35,0,0,0,0,0,19-APR-2021,
OPTSTK,MCDOWELL-N,29-Apr-2021,380,PE,0,0,0,0.5,0,0,0,0,0,19-APR-2021,
OPTSTK,MCDOWELL-N,29-Apr-2021,390,PE,0,0,0,0.75,0,0,0,0,0,19-APR-2021,
OPTSTK,MCDOWELL-N,29-Apr-2021,400,PE,0,0,0,1,0,0,0,0,0,19-APR-2021,
OPTSTK,MCDOWELL-N,29-Apr-2021,410,PE,0,0,0,1.4,0,0,0,0,0,19-APR-2021,
OPTSTK,MCDOWELL-N,29-Apr-2021,415,PE,0,0,0,0.3,0,0,0,0,0,19-APR-2021,
OPTSTK,MCDOWELL-N,29-Apr-2021,420,PE,0,0,0,1.85,0.05,0,0,0,0,19-APR-2021,
OPTSTK,MCDOWELL-N,29-Apr-2021,425,PE,0,0,0,0.5,0.05,0,0,0,0,19-APR-2021,
OPTSTK,MCDOWELL-N,29-Apr-2021,430,PE,0,0,0,2.45,0.05,0,0,0,0,19-APR-2021,
OPTSTK,MCDOWELL-N,29-Apr-2021,435,PE,0,0,0,0.8,0.05,0,0,0,0,19-APR-2021,
OPTSTK,MCDOWELL-N,29-Apr-2021,440,PE,0,0,0,3.2,0.1,0,0,0,0,19-APR-2021,
OPTSTK,MCDOWELL-N,29-Apr-2021,445,PE,0,0,0,1.3,0.15,0,0,0,0,19-APR-2021,
OPTSTK,MCDOWELL-N,29-Apr-2021,450,PE,0,0,0,4.15,0.2,0,0,0,0,19-APR-2021,
OPTSTK,MCDOWELL-N,29-Apr-2021,455,PE,0,0,0,1.95,0.3,0,0,0,0,19-APR-2021,
OPTSTK,MCDOWELL-N,29-Apr-2021,460,PE,0,0,0,1.05,0.5,0,0,6250,0,19-APR-2021,
OPTSTK,MCDOWELL-N,29-Apr-2021,465,PE,0,0,0,2.85,0.7,0,0,0,0,19-APR-2021,
OPTSTK,MCDOWELL-N,29-Apr-2021,470,PE,0,0,0,6.55,1,0,0,0,0,19-APR-2021,
OPTSTK,MCDOWELL-N,29-Apr-2021,475,PE,0,0,0,4.1,1.45,0,0,0,0,19-APR-2021,
OPTSTK,MCDOWELL-N,29-Apr-2021,480,PE,2.25,2.6,1.5,2.45,2.45,12,72.32,198750,8750,19-APR-2021,
OPTSTK,MCDOWELL-N,29-Apr-2021,485,PE,0,0,0,5.7,2.75,0,0,0,0,19-APR-2021,
OPTSTK,MCDOWELL-N,29-Apr-2021,490,PE,3.35,3.35,3.35,3.35,3.7,1,6.16,6250,1250,19-APR-2021,
OPTSTK,MCDOWELL-N,29-Apr-2021,495,PE,0,0,0,7.7,4.85,0,0,0,0,19-APR-2021,
OPTSTK,MCDOWELL-N,29-Apr-2021,500,PE,6.4,7.2,3.9,4.75,4.75,394,2488.32,406250,45000,19-APR-2021,
OPTSTK,MCDOWELL-N,29-Apr-2021,505,PE,0,0,0,5.25,7.85,0,0,3750,0,19-APR-2021,
OPTSTK,MCDOWELL-N,29-Apr-2021,510,PE,10.6,11.5,6.25,7.55,7.55,369,2389.09,195000,105000,19-APR-2021,
OPTSTK,MCDOWELL-N,29-Apr-2021,515,PE,10.95,10.95,8.4,8.4,12,2,13.11,1250,1250,19-APR-2021,
OPTSTK,MCDOWELL-N,29-Apr-2021,520,PE,14.45,16,10.25,11.4,11.4,118,785.83,246250,-45000,19-APR-2021,
OPTSTK,MCDOWELL-N,29-Apr-2021,525,PE,0,0,0,10,17.3,0,0,5000,0,19-APR-2021,
OPTSTK,MCDOWELL-N,29-Apr-2021,530,PE,24,24,17.25,18.8,20.4,12,82.46,192500,-8750,19-APR-2021,
OPTSTK,MCDOWELL-N,29-Apr-2021,535,PE,0,0,0,7.75,23.7,0,0,2500,0,19-APR-2021,
OPTSTK,MCDOWELL-N,29-Apr-2021,540,PE,31.45,31.5,24.75,25,25,35,248.33,190000,-7500,19-APR-2021,
OPTSTK,MCDOWELL-N,29-Apr-2021,545,PE,0,0,0,17.8,31.1,0,0,8750,0,19-APR-2021,
OPTSTK,MCDOWELL-N,29-Apr-2021,550,PE,41,42,33,33,35.15,14,102.66,192500,-11250,19-APR-2021,
OPTSTK,MCDOWELL-N,29-Apr-2021,555,PE,0,0,0,15.8,39.35,0,0,3750,0,19-APR-2021,
OPTSTK,MCDOWELL-N,29-Apr-2021,560,PE,0,0,0,37,43.7,0,0,61250,0,19-APR-2021,
OPTSTK,MCDOWELL-N,29-Apr-2021,565,PE,0,0,0,36.95,48.15,0,0,0,0,19-APR-2021,
OPTSTK,MCDOWELL-N,29-Apr-2021,570,PE,0,0,0,27.8,52.75,0,0,12500,0,19-APR-2021,
OPTSTK,MCDOWELL-N,29-Apr-2021,575,PE,0,0,0,43.35,57.4,0,0,0,0,19-APR-2021,
OPTSTK,MCDOWELL-N,29-Apr-2021,580,PE,0,0,0,64,62.15,0,0,5000,0,19-APR-2021,
OPTSTK,MCDOWELL-N,29-Apr-2021,585,PE,0,0,0,50.3,67,0,0,0,0,19-APR-2021,
OPTSTK,MCDOWELL-N,29-Apr-2021,590,PE,0,0,0,46,71.85,0,0,5000,0,19-APR-2021,
OPTSTK,MCDOWELL-N,29-Apr-2021,595,PE,0,0,0,57.7,76.75,0,0,0,0,19-APR-2021,
OPTSTK,MCDOWELL-N,29-Apr-2021,600,PE,85,85,85,85,81.65,1,8.56,60000,-1250,19-APR-2021,
OPTSTK,MCDOWELL-N,29-Apr-2021,605,PE,0,0,0,65.45,86.6,0,0,0,0,19-APR-2021,
OPTSTK,MCDOWELL-N,29-Apr-2021,610,PE,0,0,0,54.9,91.55,0,0,0,0,19-APR-2021,
OPTSTK,MCDOWELL-N,29-Apr-2021,615,PE,0,0,0,73.6,96.5,0,0,0,0,19-APR-2021,
OPTSTK,MCDOWELL-N,29-Apr-2021,620,PE,0,0,0,75.5,101.5,0,0,1250,0,19-APR-2021,
OPTSTK,MCDOWELL-N,29-Apr-2021,625,PE,0,0,0,82.1,106.5,0,0,0,0,19-APR-2021,
OPTSTK,MCDOWELL-N,29-Apr-2021,630,PE,0,0,0,66.85,111.45,0,0,0,0,19-APR-2021,
OPTSTK,MCDOWELL-N,29-Apr-2021,635,PE,0,0,0,90.8,116.45,0,0,0,0,19-APR-2021,
OPTSTK,MCDOWELL-N,29-Apr-2021,640,PE,0,0,0,92.2,121.45,0,0,12500,0,19-APR-2021,
OPTSTK,MCDOWELL-N,29-Apr-2021,645,PE,0,0,0,99.8,126.45,0,0,0,0,19-APR-2021,
OPTSTK,MCDOWELL-N,29-Apr-2021,650,PE,0,0,0,79.95,131.45,0,0,0,0,19-APR-2021,
OPTSTK,MCDOWELL-N,29-Apr-2021,655,PE,0,0,0,108.95,136.4,0,0,0,0,19-APR-2021,
OPTSTK,MCDOWELL-N,29-Apr-2021,660,PE,0,0,0,86.9,141.4,0,0,0,0,19-APR-2021,
OPTSTK,MCDOWELL-N,29-Apr-2021,670,PE,0,0,0,94.05,151.4,0,0,0,0,19-APR-2021,
OPTSTK,MCDOWELL-N,29-Apr-2021,680,PE,0,0,0,101.5,161.4,0,0,0,0,19-APR-2021,
OPTSTK,MCDOWELL-N,29-Apr-2021,690,PE,0,0,0,109.15,171.4,0,0,0,0,19-APR-2021,
OPTSTK,MCDOWELL-N,29-Apr-2021,700,PE,0,0,0,117,181.35,0,0,0,0,19-APR-2021,
OPTSTK,MCDOWELL-N,29-Apr-2021,710,PE,0,0,0,125,191.35,0,0,0,0,19-APR-2021,
OPTSTK,MCDOWELL-N,29-Apr-2021,720,PE,0,0,0,133.2,201.35,0,0,0,0,19-APR-2021,
OPTSTK,MCDOWELL-N,29-Apr-2021,730,PE,0,0,0,141.55,211.35,0,0,0,0,19-APR-2021,
OPTSTK,MCDOWELL-N,29-Apr-2021,740,PE,0,0,0,150.1,221.35,0,0,0,0,19-APR-2021,
OPTSTK,MCDOWELL-N,29-Apr-2021,750,PE,0,0,0,158.75,231.3,0,0,0,0,19-APR-2021,
OPTSTK,MCDOWELL-N,29-Apr-2021,760,PE,0,0,0,167.5,241.3,0,0,0,0,19-APR-2021,
OPTSTK,MCDOWELL-N,27-May-2021,360,CE,0,0,0,188.45,159.4,0,0,0,0,19-APR-2021,
OPTSTK,MCDOWELL-N,27-May-2021,370,CE,0,0,0,178.85,149.5,0,0,0,0,19-APR-2021,
OPTSTK,MCDOWELL-N,27-May-2021,380,CE,0,0,0,169.35,139.6,0,0,0,0,19-APR-2021,
OPTSTK,MCDOWELL-N,27-May-2021,390,CE,0,0,0,160,129.75,0,0,0,0,19-APR-2021,
OPTSTK,MCDOWELL-N,27-May-2021,400,CE,0,0,0,150.75,120,0,0,0,0,19-APR-2021,
OPTSTK,MCDOWELL-N,27-May-2021,410,CE,0,0,0,141.7,110.35,0,0,0,0,19-APR-2021,
OPTSTK,MCDOWELL-N,27-May-2021,415,CE,0,0,0,135.7,105.55,0,0,0,0,19-APR-2021,
OPTSTK,MCDOWELL-N,27-May-2021,420,CE,0,0,0,132.85,100.85,0,0,0,0,19-APR-2021,
OPTSTK,MCDOWELL-N,27-May-2021,425,CE,0,0,0,126.4,96.15,0,0,0,0,19-APR-2021,
OPTSTK,MCDOWELL-N,27-May-2021,430,CE,0,0,0,124.2,91.55,0,0,0,0,19-APR-2021,
OPTSTK,MCDOWELL-N,27-May-2021,435,CE,0,0,0,117.35,87,0,0,0,0,19-APR-2021,
OPTSTK,MCDOWELL-N,27-May-2021,440,CE,0,0,0,115.85,82.55,0,0,0,0,19-APR-2021,
OPTSTK,MCDOWELL-N,27-May-2021,445,CE,0,0,0,108.5,78.15,0,0,0,0,19-APR-2021,
OPTSTK,MCDOWELL-N,27-May-2021,450,CE,0,0,0,107.7,73.85,0,0,0,0,19-APR-2021,
OPTSTK,MCDOWELL-N,27-May-2021,455,CE,0,0,0,99.9,69.65,0,0,0,0,19-APR-2021,
OPTSTK,MCDOWELL-N,27-May-2021,460,CE,0,0,0,99.9,65.55,0,0,0,0,19-APR-2021,
OPTSTK,MCDOWELL-N,27-May-2021,465,CE,0,0,0,91.6,61.55,0,0,0,0,19-APR-2021,
OPTSTK,MCDOWELL-N,27-May-2021,470,CE,0,0,0,53,57.7,0,0,1250,0,19-APR-2021,
OPTSTK,MCDOWELL-N,27-May-2021,475,CE,0,0,0,83.65,53.95,0,0,0,0,19-APR-2021,
OPTSTK,MCDOWELL-N,27-May-2021,480,CE,0,0,0,85.2,50.35,0,0,0,0,19-APR-2021,
OPTSTK,MCDOWELL-N,27-May-2021,485,CE,0,0,0,76.05,46.85,0,0,0,0,19-APR-2021,
OPTSTK,MCDOWELL-N,27-May-2021,490,CE,0,0,0,78.35,43.55,0,0,0,0,19-APR-2021,
OPTSTK,MCDOWELL-N,27-May-2021,495,CE,0,0,0,68.85,40.35,0,0,0,0,19-APR-2021,
OPTSTK,MCDOWELL-N,27-May-2021,500,CE,0,0,0,71.85,37.35,0,0,0,0,19-APR-2021,
OPTSTK,MCDOWELL-N,27-May-2021,505,CE,0,0,0,62.05,34.45,0,0,0,0,19-APR-2021,
OPTSTK,MCDOWELL-N,27-May-2021,510,CE,0,0,0,65.7,31.7,0,0,0,0,19-APR-2021,
OPTSTK,MCDOWELL-N,27-May-2021,515,CE,0,0,0,55.65,29.1,0,0,0,0,19-APR-2021,
OPTSTK,MCDOWELL-N,27-May-2021,520,CE,24,24,21.4,21.4,26.7,11,74.47,16250,13750,19-APR-2021,
OPTSTK,MCDOWELL-N,27-May-2021,525,CE,0,0,0,49.75,24.4,0,0,0,0,19-APR-2021,
OPTSTK,MCDOWELL-N,27-May-2021,530,CE,0,0,0,54.5,22.25,0,0,0,0,19-APR-2021,
OPTSTK,MCDOWELL-N,27-May-2021,535,CE,0,0,0,44.25,20.25,0,0,0,0,19-APR-2021,
OPTSTK,MCDOWELL-N,27-May-2021,540,CE,0,0,0,49.45,18.4,0,0,0,0,19-APR-2021,
OPTSTK,MCDOWELL-N,27-May-2021,545,CE,0,0,0,39.15,16.65,0,0,0,0,19-APR-2021,
OPTSTK,MCDOWELL-N,27-May-2021,550,CE,0,0,0,44.75,15.05,0,0,0,0,19-APR-2021,
OPTSTK,MCDOWELL-N,27-May-2021,555,CE,0,0,0,34.55,13.6,0,0,0,0,19-APR-2021,
OPTSTK,MCDOWELL-N,27-May-2021,560,CE,8.5,12.5,6,12.5,12.2,3,21.33,3750,3750,19-APR-2021,
OPTSTK,MCDOWELL-N,27-May-2021,565,CE,0,0,0,30.3,11,0,0,0,0,19-APR-2021,
OPTSTK,MCDOWELL-N,27-May-2021,570,CE,0,0,0,36.35,9.85,0,0,0,0,19-APR-2021,
OPTSTK,MCDOWELL-N,27-May-2021,575,CE,0,0,0,26.5,8.8,0,0,0,0,19-APR-2021,
OPTSTK,MCDOWELL-N,27-May-2021,580,CE,5.05,5.05,5.05,5.05,7.85,1,7.31,1250,1250,19-APR-2021,
OPTSTK,MCDOWELL-N,27-May-2021,585,CE,0,0,0,23.1,7,0,0,0,0,19-APR-2021,
OPTSTK,MCDOWELL-N,27-May-2021,590,CE,0,0,0,29.3,6.2,0,0,0,0,19-APR-2021,
OPTSTK,MCDOWELL-N,27-May-2021,595,CE,0,0,0,20,5.5,0,0,0,0,19-APR-2021,
OPTSTK,MCDOWELL-N,27-May-2021,600,CE,3.5,3.5,3.5,3.5,4.9,1,7.54,2500,0,19-APR-2021,
OPTSTK,MCDOWELL-N,27-May-2021,605,CE,0,0,0,17.3,4.3,0,0,0,0,19-APR-2021,
OPTSTK,MCDOWELL-N,27-May-2021,610,CE,0,0,0,23.35,3.8,0,0,0,0,19-APR-2021,
OPTSTK,MCDOWELL-N,27-May-2021,615,CE,0,0,0,14.9,3.35,0,0,0,0,19-APR-2021,
OPTSTK,MCDOWELL-N,27-May-2021,620,CE,0,0,0,20.8,2.95,0,0,0,0,19-APR-2021,
OPTSTK,MCDOWELL-N,27-May-2021,625,CE,0,0,0,12.8,2.6,0,0,0,0,19-APR-2021,
OPTSTK,MCDOWELL-N,27-May-2021,630,CE,0,0,0,18.5,2.25,0,0,0,0,19-APR-2021,
OPTSTK,MCDOWELL-N,27-May-2021,635,CE,0,0,0,10.9,1.95,0,0,0,0,19-APR-2021,
OPTSTK,MCDOWELL-N,27-May-2021,640,CE,0,0,0,17.05,1.7,0,0,0,0,19-APR-2021,
OPTSTK,MCDOWELL-N,27-May-2021,645,CE,0,0,0,9.3,1.5,0,0,0,0,19-APR-2021,
OPTSTK,MCDOWELL-N,27-May-2021,650,CE,0,0,0,14.5,1.3,0,0,0,0,19-APR-2021,
OPTSTK,MCDOWELL-N,27-May-2021,655,CE,0,0,0,7.9,1.15,0,0,0,0,19-APR-2021,
OPTSTK,MCDOWELL-N,27-May-2021,660,CE,0,0,0,12.8,1,0,0,0,0,19-APR-2021,
OPTSTK,MCDOWELL-N,27-May-2021,670,CE,0,0,0,11.3,0.75,0,0,0,0,19-APR-2021,
OPTSTK,MCDOWELL-N,27-May-2021,680,CE,0,0,0,9.95,0.55,0,0,0,0,19-APR-2021,
OPTSTK,MCDOWELL-N,27-May-2021,690,CE,0,0,0,8.75,0.4,0,0,0,0,19-APR-2021,
OPTSTK,MCDOWELL-N,27-May-2021,700,CE,0,0,0,7.65,0.3,0,0,0,0,19-APR-2021,
OPTSTK,MCDOWELL-N,27-May-2021,710,CE,0,0,0,6.7,0.25,0,0,0,0,19-APR-2021,
OPTSTK,MCDOWELL-N,27-May-2021,720,CE,0,0,0,5.85,0.15,0,0,0,0,19-APR-2021,
OPTSTK,MCDOWELL-N,27-May-2021,730,CE,0,0,0,5.1,0.15,0,0,0,0,19-APR-2021,
OPTSTK,MCDOWELL-N,27-May-2021,740,CE,0,0,0,4.45,0.1,0,0,0,0,19-APR-2021,
OPTSTK,MCDOWELL-N,27-May-2021,750,CE,0,0,0,3.9,0.05,0,0,0,0,19-APR-2021,
OPTSTK,MCDOWELL-N,27-May-2021,760,CE,0,0,0,3.4,0.05,0,0,0,0,19-APR-2021,
OPTSTK,MCDOWELL-N,27-May-2021,360,PE,0,0,0,0.7,0.05,0,0,0,0,19-APR-2021,
OPTSTK,MCDOWELL-N,27-May-2021,370,PE,0,0,0,1.05,0.1,0,0,0,0,19-APR-2021,
OPTSTK,MCDOWELL-N,27-May-2021,380,PE,0,0,0,1.45,0.15,0,0,0,0,19-APR-2021,
OPTSTK,MCDOWELL-N,27-May-2021,390,PE,0,0,0,1.95,0.3,0,0,0,0,19-APR-2021,
OPTSTK,MCDOWELL-N,27-May-2021,400,PE,0,0,0,2.65,0.5,0,0,0,0,19-APR-2021,
OPTSTK,MCDOWELL-N,27-May-2021,410,PE,0,0,0,3.5,0.8,0,0,0,0,19-APR-2021,
OPTSTK,MCDOWELL-N,27-May-2021,415,PE,0,0,0,1.6,1,0,0,0,0,19-APR-2021,
OPTSTK,MCDOWELL-N,27-May-2021,420,PE,0,0,0,4.55,1.25,0,0,0,0,19-APR-2021,
OPTSTK,MCDOWELL-N,27-May-2021,425,PE,0,0,0,2.25,1.55,0,0,0,0,19-APR-2021,
OPTSTK,MCDOWELL-N,27-May-2021,430,PE,0,0,0,5.8,1.95,0,0,0,0,19-APR-2021,
OPTSTK,MCDOWELL-N,27-May-2021,435,PE,0,0,0,3.1,2.35,0,0,0,0,19-APR-2021,
OPTSTK,MCDOWELL-N,27-May-2021,440,PE,0,0,0,7.35,2.85,0,0,0,0,19-APR-2021,
OPTSTK,MCDOWELL-N,27-May-2021,445,PE,0,0,0,4.2,3.45,0,0,0,0,19-APR-2021,
OPTSTK,MCDOWELL-N,27-May-2021,450,PE,2.95,2.95,2.95,2.95,2.95,2,11.32,2500,2500,19-APR-2021,
OPTSTK,MCDOWELL-N,27-May-2021,455,PE,0,0,0,5.55,4.9,0,0,0,0,19-APR-2021,
OPTSTK,MCDOWELL-N,27-May-2021,460,PE,0,0,0,11.2,5.8,0,0,0,0,19-APR-2021,
OPTSTK,MCDOWELL-N,27-May-2021,465,PE,0,0,0,7.2,6.8,0,0,0,0,19-APR-2021,
OPTSTK,MCDOWELL-N,27-May-2021,470,PE,0,0,0,13.6,7.9,0,0,0,0,19-APR-2021,
OPTSTK,MCDOWELL-N,27-May-2021,475,PE,0,0,0,9.2,9.15,0,0,0,0,19-APR-2021,
OPTSTK,MCDOWELL-N,27-May-2021,480,PE,0,0,0,6,10.55,0,0,1250,0,19-APR-2021,
OPTSTK,MCDOWELL-N,27-May-2021,485,PE,0,0,0,11.55,12.05,0,0,0,0,19-APR-2021,
OPTSTK,MCDOWELL-N,27-May-2021,490,PE,0,0,0,19.35,13.7,0,0,0,0,19-APR-2021,
OPTSTK,MCDOWELL-N,27-May-2021,495,PE,0,0,0,14.25,15.5,0,0,0,0,19-APR-2021,
OPTSTK,MCDOWELL-N,27-May-2021,500,PE,10,10,10,10,17.45,10,63.75,57500,12500,19-APR-2021,
OPTSTK,MCDOWELL-N,27-May-2021,505,PE,0,0,0,17.4,19.5,0,0,0,0,19-APR-2021,
OPTSTK,MCDOWELL-N,27-May-2021,510,PE,0,0,0,26.55,21.75,0,0,0,0,19-APR-2021,
OPTSTK,MCDOWELL-N,27-May-2021,515,PE,0,0,0,20.95,24.15,0,0,0,0,19-APR-2021,
OPTSTK,MCDOWELL-N,27-May-2021,520,PE,0,0,0,30.7,26.7,0,0,0,0,19-APR-2021,
OPTSTK,MCDOWELL-N,27-May-2021,525,PE,0,0,0,24.95,29.4,0,0,0,0,19-APR-2021,
OPTSTK,MCDOWELL-N,27-May-2021,530,PE,0,0,0,35.2,32.25,0,0,0,0,19-APR-2021,
OPTSTK,MCDOWELL-N,27-May-2021,535,PE,0,0,0,29.4,35.2,0,0,0,0,19-APR-2021,
OPTSTK,MCDOWELL-N,27-May-2021,540,PE,0,0,0,40.05,38.35,0,0,0,0,19-APR-2021,
OPTSTK,MCDOWELL-N,27-May-2021,545,PE,0,0,0,34.25,41.6,0,0,0,0,19-APR-2021,
OPTSTK,MCDOWELL-N,27-May-2021,550,PE,0,0,0,40,44.95,0,0,1250,0,19-APR-2021,
OPTSTK,MCDOWELL-N,27-May-2021,555,PE,0,0,0,39.55,48.45,0,0,0,0,19-APR-2021,
OPTSTK,MCDOWELL-N,27-May-2021,560,PE,0,0,0,50.8,52.1,0,0,0,0,19-APR-2021,
OPTSTK,MCDOWELL-N,27-May-2021,565,PE,0,0,0,45.3,55.85,0,0,0,0,19-APR-2021,
OPTSTK,MCDOWELL-N,27-May-2021,570,PE,0,0,0,56.65,59.7,0,0,0,0,19-APR-2021,
OPTSTK,MCDOWELL-N,27-May-2021,575,PE,0,0,0,51.4,63.6,0,0,0,0,19-APR-2021,
OPTSTK,MCDOWELL-N,27-May-2021,580,PE,0,0,0,62.85,67.65,0,0,0,0,19-APR-2021,
OPTSTK,MCDOWELL-N,27-May-2021,585,PE,0,0,0,57.9,71.75,0,0,0,0,19-APR-2021,
OPTSTK,MCDOWELL-N,27-May-2021,590,PE,0,0,0,69.4,75.95,0,0,0,0,19-APR-2021,
OPTSTK,MCDOWELL-N,27-May-2021,595,PE,0,0,0,64.8,80.25,0,0,0,0,19-APR-2021,
OPTSTK,MCDOWELL-N,27-May-2021,600,PE,0,0,0,76.2,84.6,0,0,0,0,19-APR-2021,
OPTSTK,MCDOWELL-N,27-May-2021,605,PE,0,0,0,72,89,0,0,0,0,19-APR-2021,
OPTSTK,MCDOWELL-N,27-May-2021,610,PE,0,0,0,83.25,93.5,0,0,0,0,19-APR-2021,
OPTSTK,MCDOWELL-N,27-May-2021,615,PE,0,0,0,79.55,98,0,0,0,0,19-APR-2021,
OPTSTK,MCDOWELL-N,27-May-2021,620,PE,0,0,0,90.65,102.55,0,0,0,0,19-APR-2021,
OPTSTK,MCDOWELL-N,27-May-2021,625,PE,0,0,0,87.35,107.2,0,0,0,0,19-APR-2021,
OPTSTK,MCDOWELL-N,27-May-2021,630,PE,0,0,0,98.25,111.85,0,0,0,0,19-APR-2021,
OPTSTK,MCDOWELL-N,27-May-2021,635,PE,0,0,0,95.4,116.55,0,0,0,0,19-APR-2021,
OPTSTK,MCDOWELL-N,27-May-2021,640,PE,0,0,0,106.05,121.3,0,0,0,0,19-APR-2021,
OPTSTK,MCDOWELL-N,27-May-2021,645,PE,0,0,0,103.75,126.05,0,0,0,0,19-APR-2021,
OPTSTK,MCDOWELL-N,27-May-2021,650,PE,0,0,0,114.05,130.8,0,0,0,0,19-APR-2021,
OPTSTK,MCDOWELL-N,27-May-2021,655,PE,0,0,0,112.25,135.65,0,0,0,0,19-APR-2021,
OPTSTK,MCDOWELL-N,27-May-2021,660,PE,0,0,0,122.25,140.45,0,0,0,0,19-APR-2021,
OPTSTK,MCDOWELL-N,27-May-2021,670,PE,0,0,0,130.65,150.15,0,0,0,0,19-APR-2021,
OPTSTK,MCDOWELL-N,27-May-2021,680,PE,0,0,0,139.2,159.95,0,0,0,0,19-APR-2021,
OPTSTK,MCDOWELL-N,27-May-2021,690,PE,0,0,0,147.9,169.75,0,0,0,0,19-APR-2021,
OPTSTK,MCDOWELL-N,27-May-2021,700,PE,0,0,0,156.75,179.65,0,0,0,0,19-APR-2021,
OPTSTK,MCDOWELL-N,27-May-2021,710,PE,0,0,0,165.7,189.5,0,0,0,0,19-APR-2021,
OPTSTK,MCDOWELL-N,27-May-2021,720,PE,0,0,0,174.75,199.4,0,0,0,0,19-APR-2021,
OPTSTK,MCDOWELL-N,27-May-2021,730,PE,0,0,0,183.95,209.35,0,0,0,0,19-APR-2021,
OPTSTK,MCDOWELL-N,27-May-2021,740,PE,0,0,0,193.2,219.25,0,0,0,0,19-APR-2021,
OPTSTK,MCDOWELL-N,27-May-2021,750,PE,0,0,0,202.5,229.2,0,0,0,0,19-APR-2021,
OPTSTK,MCDOWELL-N,27-May-2021,760,PE,0,0,0,211.9,239.15,0,0,0,0,19-APR-2021,
OPTSTK,MCDOWELL-N,24-Jun-2021,360,CE,0,0,0,190.35,160.8,0,0,0,0,19-APR-2021,
OPTSTK,MCDOWELL-N,24-Jun-2021,365,CE,0,0,0,185.5,155.9,0,0,0,0,19-APR-2021,
OPTSTK,MCDOWELL-N,24-Jun-2021,370,CE,0,0,0,180.7,151.1,0,0,0,0,19-APR-2021,
OPTSTK,MCDOWELL-N,24-Jun-2021,375,CE,0,0,0,175.95,146.25,0,0,0,0,19-APR-2021,
OPTSTK,MCDOWELL-N,24-Jun-2021,380,CE,0,0,0,171.15,141.45,0,0,0,0,19-APR-2021,
OPTSTK,MCDOWELL-N,24-Jun-2021,385,CE,0,0,0,166.45,136.7,0,0,0,0,19-APR-2021,
OPTSTK,MCDOWELL-N,24-Jun-2021,390,CE,0,0,0,161.75,132,0,0,0,0,19-APR-2021,
OPTSTK,MCDOWELL-N,24-Jun-2021,395,CE,0,0,0,157.05,127.3,0,0,0,0,19-APR-2021,
OPTSTK,MCDOWELL-N,24-Jun-2021,400,CE,0,0,0,152.45,122.65,0,0,0,0,19-APR-2021,
OPTSTK,MCDOWELL-N,24-Jun-2021,405,CE,0,0,0,147.85,118.05,0,0,0,0,19-APR-2021,
OPTSTK,MCDOWELL-N,24-Jun-2021,410,CE,0,0,0,143.3,113.55,0,0,0,0,19-APR-2021,
OPTSTK,MCDOWELL-N,24-Jun-2021,415,CE,0,0,0,138.8,109.05,0,0,0,0,19-APR-2021,
OPTSTK,MCDOWELL-N,24-Jun-2021,420,CE,0,0,0,134.35,104.65,0,0,0,0,19-APR-2021,
OPTSTK,MCDOWELL-N,24-Jun-2021,425,CE,0,0,0,130,100.3,0,0,0,0,19-APR-2021,
OPTSTK,MCDOWELL-N,24-Jun-2021,430,CE,0,0,0,125.65,96.05,0,0,0,0,19-APR-2021,
OPTSTK,MCDOWELL-N,24-Jun-2021,435,CE,0,0,0,121.35,91.85,0,0,0,0,19-APR-2021,
OPTSTK,MCDOWELL-N,24-Jun-2021,440,CE,0,0,0,117.15,87.7,0,0,0,0,19-APR-2021,
OPTSTK,MCDOWELL-N,24-Jun-2021,445,CE,0,0,0,113,83.7,0,0,0,0,19-APR-2021,
OPTSTK,MCDOWELL-N,24-Jun-2021,450,CE,0,0,0,108.95,79.75,0,0,0,0,19-APR-2021,
OPTSTK,MCDOWELL-N,24-Jun-2021,455,CE,0,0,0,104.95,75.95,0,0,0,0,19-APR-2021,
OPTSTK,MCDOWELL-N,24-Jun-2021,460,CE,0,0,0,101,72.2,0,0,0,0,19-APR-2021,
OPTSTK,MCDOWELL-N,24-Jun-2021,465,CE,0,0,0,97.15,68.55,0,0,0,0,19-APR-2021,
OPTSTK,MCDOWELL-N,24-Jun-2021,470,CE,0,0,0,93.35,65.05,0,0,0,0,19-APR-2021,
OPTSTK,MCDOWELL-N,24-Jun-2021,475,CE,0,0,0,89.7,61.6,0,0,0,0,19-APR-2021,
OPTSTK,MCDOWELL-N,24-Jun-2021,480,CE,0,0,0,86.1,58.25,0,0,0,0,19-APR-2021,
OPTSTK,MCDOWELL-N,24-Jun-2021,485,CE,0,0,0,82.55,55.05,0,0,0,0,19-APR-2021,
OPTSTK,MCDOWELL-N,24-Jun-2021,490,CE,0,0,0,79.1,52,0,0,0,0,19-APR-2021,
OPTSTK,MCDOWELL-N,24-Jun-2021,495,CE,0,0,0,75.75,49,0,0,0,0,19-APR-2021,
OPTSTK,MCDOWELL-N,24-Jun-2021,500,CE,0,0,0,72.5,46.15,0,0,0,0,19-APR-2021,
OPTSTK,MCDOWELL-N,24-Jun-2021,505,CE,0,0,0,69.35,43.4,0,0,0,0,19-APR-2021,
OPTSTK,MCDOWELL-N,24-Jun-2021,510,CE,0,0,0,66.25,40.75,0,0,0,0,19-APR-2021,
OPTSTK,MCDOWELL-N,24-Jun-2021,515,CE,0,0,0,63.25,38.25,0,0,0,0,19-APR-2021,
OPTSTK,MCDOWELL-N,24-Jun-2021,520,CE,0,0,0,60.35,35.85,0,0,0,0,19-APR-2021,
OPTSTK,MCDOWELL-N,24-Jun-2021,525,CE,0,0,0,57.55,33.55,0,0,0,0,19-APR-2021,
OPTSTK,MCDOWELL-N,24-Jun-2021,530,CE,0,0,0,54.85,31.35,0,0,0,0,19-APR-2021,
OPTSTK,MCDOWELL-N,24-Jun-2021,535,CE,0,0,0,52.25,29.3,0,0,0,0,19-APR-2021,
OPTSTK,MCDOWELL-N,24-Jun-2021,540,CE,0,0,0,49.7,27.35,0,0,0,0,19-APR-2021,
OPTSTK,MCDOWELL-N,24-Jun-2021,545,CE,0,0,0,47.3,25.45,0,0,0,0,19-APR-2021,
OPTSTK,MCDOWELL-N,24-Jun-2021,550,CE,0,0,0,44.95,23.7,0,0,0,0,19-APR-2021,
OPTSTK,MCDOWELL-N,24-Jun-2021,555,CE,0,0,0,42.65,22.05,0,0,0,0,19-APR-2021,
OPTSTK,MCDOWELL-N,24-Jun-2021,560,CE,0,0,0,40.5,20.45,0,0,0,0,19-APR-2021,
OPTSTK,MCDOWELL-N,24-Jun-2021,565,CE,0,0,0,38.4,19,0,0,0,0,19-APR-2021,
OPTSTK,MCDOWELL-N,24-Jun-2021,570,CE,0,0,0,36.4,17.6,0,0,0,0,19-APR-2021,
OPTSTK,MCDOWELL-N,24-Jun-2021,575,CE,0,0,0,34.5,16.3,0,0,0,0,19-APR-2021,
OPTSTK,MCDOWELL-N,24-Jun-2021,580,CE,0,0,0,32.65,15.1,0,0,0,0,19-APR-2021,
OPTSTK,MCDOWELL-N,24-Jun-2021,585,CE,0,0,0,30.9,13.95,0,0,0,0,19-APR-2021,
OPTSTK,MCDOWELL-N,24-Jun-2021,590,CE,0,0,0,29.2,12.85,0,0,0,0,19-APR-2021,
OPTSTK,MCDOWELL-N,24-Jun-2021,595,CE,0,0,0,27.6,11.85,0,0,0,0,19-APR-2021,
OPTSTK,MCDOWELL-N,24-Jun-2021,600,CE,0,0,0,26.05,10.9,0,0,0,0,19-APR-2021,
OPTSTK,MCDOWELL-N,24-Jun-2021,605,CE,0,0,0,24.6,10.05,0,0,0,0,19-APR-2021,
OPTSTK,MCDOWELL-N,24-Jun-2021,610,CE,0,0,0,23.2,9.25,0,0,0,0,19-APR-2021,
OPTSTK,MCDOWELL-N,24-Jun-2021,615,CE,0,0,0,21.85,8.5,0,0,0,0,19-APR-2021,
OPTSTK,MCDOWELL-N,24-Jun-2021,620,CE,0,0,0,20.65,7.8,0,0,0,0,19-APR-2021,
OPTSTK,MCDOWELL-N,24-Jun-2021,625,CE,0,0,0,19.45,7.15,0,0,0,0,19-APR-2021,
OPTSTK,MCDOWELL-N,24-Jun-2021,630,CE,0,0,0,18.3,6.55,0,0,0,0,19-APR-2021,
OPTSTK,MCDOWELL-N,24-Jun-2021,635,CE,0,0,0,17.2,6,0,0,0,0,19-APR-2021,
OPTSTK,MCDOWELL-N,24-Jun-2021,640,CE,0,0,0,16.2,5.45,0,0,0,0,19-APR-2021,
OPTSTK,MCDOWELL-N,24-Jun-2021,645,CE,0,0,0,15.2,5,0,0,0,0,19-APR-2021,
OPTSTK,MCDOWELL-N,24-Jun-2021,650,CE,0,0,0,14.25,4.55,0,0,0,0,19-APR-2021,
OPTSTK,MCDOWELL-N,24-Jun-2021,655,CE,0,0,0,13.4,4.15,0,0,0,0,19-APR-2021,
OPTSTK,MCDOWELL-N,24-Jun-2021,660,CE,0,0,0,12.55,3.8,0,0,0,0,19-APR-2021,
OPTSTK,MCDOWELL-N,24-Jun-2021,665,CE,0,0,0,11.8,3.45,0,0,0,0,19-APR-2021,
OPTSTK,MCDOWELL-N,24-Jun-2021,670,CE,0,0,0,11.05,3.15,0,0,0,0,19-APR-2021,
OPTSTK,MCDOWELL-N,24-Jun-2021,675,CE,0,0,0,10.35,2.85,0,0,0,0,19-APR-2021,
OPTSTK,MCDOWELL-N,24-Jun-2021,680,CE,0,0,0,9.7,2.6,0,0,0,0,19-APR-2021,
OPTSTK,MCDOWELL-N,24-Jun-2021,685,CE,0,0,0,9.1,2.35,0,0,0,0,19-APR-2021,
OPTSTK,MCDOWELL-N,24-Jun-2021,690,CE,0,0,0,8.5,2.15,0,0,0,0,19-APR-2021,
OPTSTK,MCDOWELL-N,24-Jun-2021,695,CE,0,0,0,7.95,1.95,0,0,0,0,19-APR-2021,
OPTSTK,MCDOWELL-N,24-Jun-2021,700,CE,0,0,0,7.45,1.75,0,0,0,0,19-APR-2021,
OPTSTK,MCDOWELL-N,24-Jun-2021,705,CE,0,0,0,6.95,1.6,0,0,0,0,19-APR-2021,
OPTSTK,MCDOWELL-N,24-Jun-2021,710,CE,0,0,0,6.5,1.45,0,0,0,0,19-APR-2021,
OPTSTK,MCDOWELL-N,24-Jun-2021,715,CE,0,0,0,6.05,1.3,0,0,0,0,19-APR-2021,
OPTSTK,MCDOWELL-N,24-Jun-2021,720,CE,0,0,0,5.65,1.2,0,0,0,0,19-APR-2021,
OPTSTK,MCDOWELL-N,24-Jun-2021,725,CE,0,0,0,5.25,1.05,0,0,0,0,19-APR-2021,
OPTSTK,MCDOWELL-N,24-Jun-2021,730,CE,0,0,0,4.9,0.95,0,0,0,0,19-APR-2021,
OPTSTK,MCDOWELL-N,24-Jun-2021,735,CE,0,0,0,4.6,0.85,0,0,0,0,19-APR-2021,
OPTSTK,MCDOWELL-N,24-Jun-2021,740,CE,0,0,0,4.25,0.8,0,0,0,0,19-APR-2021,
OPTSTK,MCDOWELL-N,24-Jun-2021,745,CE,0,0,0,4,0.7,0,0,0,0,19-APR-2021,
OPTSTK,MCDOWELL-N,24-Jun-2021,360,PE,0,0,0,0.6,0.4,0,0,0,0,19-APR-2021,
OPTSTK,MCDOWELL-N,24-Jun-2021,365,PE,0,0,0,0.7,0.5,0,0,0,0,19-APR-2021,
OPTSTK,MCDOWELL-N,24-Jun-2021,370,PE,0,0,0,0.85,0.65,0,0,0,0,19-APR-2021,
OPTSTK,MCDOWELL-N,24-Jun-2021,375,PE,0,0,0,1.05,0.75,0,0,0,0,19-APR-2021,
OPTSTK,MCDOWELL-N,24-Jun-2021,380,PE,0,0,0,1.25,0.95,0,0,0,0,19-APR-2021,
OPTSTK,MCDOWELL-N,24-Jun-2021,385,PE,0,0,0,1.45,1.15,0,0,0,0,19-APR-2021,
OPTSTK,MCDOWELL-N,24-Jun-2021,390,PE,0,0,0,1.7,1.4,0,0,0,0,19-APR-2021,
OPTSTK,MCDOWELL-N,24-Jun-2021,395,PE,0,0,0,2,1.7,0,0,0,0,19-APR-2021,
OPTSTK,MCDOWELL-N,24-Jun-2021,400,PE,0,0,0,2.3,2,0,0,0,0,19-APR-2021,
OPTSTK,MCDOWELL-N,24-Jun-2021,405,PE,0,0,0,2.7,2.4,0,0,0,0,19-APR-2021,
OPTSTK,MCDOWELL-N,24-Jun-2021,410,PE,0,0,0,3.1,2.8,0,0,0,0,19-APR-2021,
OPTSTK,MCDOWELL-N,24-Jun-2021,415,PE,0,0,0,3.55,3.3,0,0,0,0,19-APR-2021,
OPTSTK,MCDOWELL-N,24-Jun-2021,420,PE,0,0,0,4.05,3.85,0,0,0,0,19-APR-2021,
OPTSTK,MCDOWELL-N,24-Jun-2021,425,PE,0,0,0,4.6,4.5,0,0,0,0,19-APR-2021,
OPTSTK,MCDOWELL-N,24-Jun-2021,430,PE,0,0,0,5.25,5.15,0,0,0,0,19-APR-2021,
OPTSTK,MCDOWELL-N,24-Jun-2021,435,PE,0,0,0,5.9,5.95,0,0,0,0,19-APR-2021,
OPTSTK,MCDOWELL-N,24-Jun-2021,440,PE,0,0,0,6.65,6.8,0,0,0,0,19-APR-2021,
OPTSTK,MCDOWELL-N,24-Jun-2021,445,PE,0,0,0,7.45,7.75,0,0,0,0,19-APR-2021,
OPTSTK,MCDOWELL-N,24-Jun-2021,450,PE,0,0,0,8.35,8.8,0,0,0,0,19-APR-2021,
OPTSTK,MCDOWELL-N,24-Jun-2021,455,PE,0,0,0,9.3,9.9,0,0,0,0,19-APR-2021,
OPTSTK,MCDOWELL-N,24-Jun-2021,460,PE,0,0,0,10.3,11.15,0,0,0,0,19-APR-2021,
OPTSTK,MCDOWELL-N,24-Jun-2021,465,PE,0,0,0,11.4,12.45,0,0,0,0,19-APR-2021,
OPTSTK,MCDOWELL-N,24-Jun-2021,470,PE,0,0,0,12.6,13.9,0,0,0,0,19-APR-2021,
OPTSTK,MCDOWELL-N,24-Jun-2021,475,PE,0,0,0,13.9,15.4,0,0,0,0,19-APR-2021,
OPTSTK,MCDOWELL-N,24-Jun-2021,480,PE,0,0,0,15.2,17.05,0,0,0,0,19-APR-2021,
OPTSTK,MCDOWELL-N,24-Jun-2021,485,PE,0,0,0,16.65,18.85,0,0,0,0,19-APR-2021,
OPTSTK,MCDOWELL-N,24-Jun-2021,490,PE,0,0,0,18.15,20.7,0,0,0,0,19-APR-2021,
OPTSTK,MCDOWELL-N,24-Jun-2021,495,PE,0,0,0,19.75,22.7,0,0,0,0,19-APR-2021,
OPTSTK,MCDOWELL-N,24-Jun-2021,500,PE,0,0,0,18,24.8,0,0,1250,0,19-APR-2021,
OPTSTK,MCDOWELL-N,24-Jun-2021,505,PE,0,0,0,23.25,27.05,0,0,0,0,19-APR-2021,
OPTSTK,MCDOWELL-N,24-Jun-2021,510,PE,0,0,0,25.1,29.35,0,0,0,0,19-APR-2021,
OPTSTK,MCDOWELL-N,24-Jun-2021,515,PE,0,0,0,27.05,31.8,0,0,0,0,19-APR-2021,
OPTSTK,MCDOWELL-N,24-Jun-2021,520,PE,0,0,0,29.15,34.4,0,0,0,0,19-APR-2021,
OPTSTK,MCDOWELL-N,24-Jun-2021,525,PE,0,0,0,31.3,37.05,0,0,0,0,19-APR-2021,
OPTSTK,MCDOWELL-N,24-Jun-2021,530,PE,0,0,0,33.55,39.85,0,0,0,0,19-APR-2021,
OPTSTK,MCDOWELL-N,24-Jun-2021,535,PE,0,0,0,35.85,42.75,0,0,0,0,19-APR-2021,
OPTSTK,MCDOWELL-N,24-Jun-2021,540,PE,0,0,0,38.3,45.75,0,0,0,0,19-APR-2021,
OPTSTK,MCDOWELL-N,24-Jun-2021,545,PE,0,0,0,40.8,48.85,0,0,0,0,19-APR-2021,
OPTSTK,MCDOWELL-N,24-Jun-2021,550,PE,0,0,0,43.4,52.05,0,0,0,0,19-APR-2021,
OPTSTK,MCDOWELL-N,24-Jun-2021,555,PE,0,0,0,46.1,55.35,0,0,0,0,19-APR-2021,
OPTSTK,MCDOWELL-N,24-Jun-2021,560,PE,0,0,0,48.9,58.75,0,0,0,0,19-APR-2021,
OPTSTK,MCDOWELL-N,24-Jun-2021,565,PE,0,0,0,51.75,62.2,0,0,0,0,19-APR-2021,
OPTSTK,MCDOWELL-N,24-Jun-2021,570,PE,0,0,0,54.7,65.8,0,0,0,0,19-APR-2021,
OPTSTK,MCDOWELL-N,24-Jun-2021,575,PE,0,0,0,57.75,69.45,0,0,0,0,19-APR-2021,
OPTSTK,MCDOWELL-N,24-Jun-2021,580,PE,0,0,0,60.85,73.2,0,0,0,0,19-APR-2021,
OPTSTK,MCDOWELL-N,24-Jun-2021,585,PE,0,0,0,64.05,77.05,0,0,0,0,19-APR-2021,
OPTSTK,MCDOWELL-N,24-Jun-2021,590,PE,0,0,0,67.3,80.95,0,0,0,0,19-APR-2021,
OPTSTK,MCDOWELL-N,24-Jun-2021,595,PE,0,0,0,70.65,84.9,0,0,0,0,19-APR-2021,
OPTSTK,MCDOWELL-N,24-Jun-2021,600,PE,0,0,0,74.1,88.9,0,0,0,0,19-APR-2021,
OPTSTK,MCDOWELL-N,24-Jun-2021,605,PE,0,0,0,77.55,93,0,0,0,0,19-APR-2021,
OPTSTK,MCDOWELL-N,24-Jun-2021,610,PE,0,0,0,81.1,97.15,0,0,0,0,19-APR-2021,
OPTSTK,MCDOWELL-N,24-Jun-2021,615,PE,0,0,0,84.75,101.4,0,0,0,0,19-APR-2021,
OPTSTK,MCDOWELL-N,24-Jun-2021,620,PE,0,0,0,88.45,105.65,0,0,0,0,19-APR-2021,
OPTSTK,MCDOWELL-N,24-Jun-2021,625,PE,0,0,0,92.2,109.95,0,0,0,0,19-APR-2021,
OPTSTK,MCDOWELL-N,24-Jun-2021,630,PE,0,0,0,96.05,114.35,0,0,0,0,19-APR-2021,
OPTSTK,MCDOWELL-N,24-Jun-2021,635,PE,0,0,0,99.9,118.75,0,0,0,0,19-APR-2021,
OPTSTK,MCDOWELL-N,24-Jun-2021,640,PE,0,0,0,103.85,123.2,0,0,0,0,19-APR-2021,
OPTSTK,MCDOWELL-N,24-Jun-2021,645,PE,0,0,0,107.8,127.7,0,0,0,0,19-APR-2021,
OPTSTK,MCDOWELL-N,24-Jun-2021,650,PE,0,0,0,111.8,132.2,0,0,0,0,19-APR-2021,
OPTSTK,MCDOWELL-N,24-Jun-2021,655,PE,0,0,0,115.9,136.8,0,0,0,0,19-APR-2021,
OPTSTK,MCDOWELL-N,24-Jun-2021,660,PE,0,0,0,120.05,141.4,0,0,0,0,19-APR-2021,
OPTSTK,MCDOWELL-N,24-Jun-2021,665,PE,0,0,0,124.2,146,0,0,0,0,19-APR-2021,
OPTSTK,MCDOWELL-N,24-Jun-2021,670,PE,0,0,0,128.4,150.65,0,0,0,0,19-APR-2021,
OPTSTK,MCDOWELL-N,24-Jun-2021,675,PE,0,0,0,132.65,155.35,0,0,0,0,19-APR-2021,
OPTSTK,MCDOWELL-N,24-Jun-2021,680,PE,0,0,0,136.95,160.05,0,0,0,0,19-APR-2021,
OPTSTK,MCDOWELL-N,24-Jun-2021,685,PE,0,0,0,141.3,164.8,0,0,0,0,19-APR-2021,
OPTSTK,MCDOWELL-N,24-Jun-2021,690,PE,0,0,0,145.65,169.55,0,0,0,0,19-APR-2021,
OPTSTK,MCDOWELL-N,24-Jun-2021,695,PE,0,0,0,150.1,174.3,0,0,0,0,19-APR-2021,
OPTSTK,MCDOWELL-N,24-Jun-2021,700,PE,0,0,0,154.5,179.1,0,0,0,0,19-APR-2021,
OPTSTK,MCDOWELL-N,24-Jun-2021,705,PE,0,0,0,159,183.9,0,0,0,0,19-APR-2021,
OPTSTK,MCDOWELL-N,24-Jun-2021,710,PE,0,0,0,163.5,188.7,0,0,0,0,19-APR-2021,
OPTSTK,MCDOWELL-N,24-Jun-2021,715,PE,0,0,0,168,193.55,0,0,0,0,19-APR-2021,
OPTSTK,MCDOWELL-N,24-Jun-2021,720,PE,0,0,0,172.55,198.35,0,0,0,0,19-APR-2021,
OPTSTK,MCDOWELL-N,24-Jun-2021,725,PE,0,0,0,177.1,203.2,0,0,0,0,19-APR-2021,
OPTSTK,MCDOWELL-N,24-Jun-2021,730,PE,0,0,0,181.7,208.1,0,0,0,0,19-APR-2021,
OPTSTK,MCDOWELL-N,24-Jun-2021,735,PE,0,0,0,186.35,212.95,0,0,0,0,19-APR-2021,
OPTSTK,MCDOWELL-N,24-Jun-2021,740,PE,0,0,0,191,217.85,0,0,0,0,19-APR-2021,
OPTSTK,MCDOWELL-N,24-Jun-2021,745,PE,0,0,0,195.65,222.75,0,0,0,0,19-APR-2021,
OPTSTK,MFSL,29-Apr-2021,420,CE,0,0,0,262.55,438.6,0,0,0,0,19-APR-2021,
OPTSTK,MFSL,29-Apr-2021,430,CE,0,0,0,253.6,428.6,0,0,0,0,19-APR-2021,
OPTSTK,MFSL,29-Apr-2021,440,CE,0,0,0,244.8,418.6,0,0,0,0,19-APR-2021,
OPTSTK,MFSL,29-Apr-2021,450,CE,0,0,0,236.1,408.6,0,0,0,0,19-APR-2021,
OPTSTK,MFSL,29-Apr-2021,460,CE,0,0,0,227.6,398.65,0,0,0,0,19-APR-2021,
OPTSTK,MFSL,29-Apr-2021,470,CE,0,0,0,219.2,388.65,0,0,0,0,19-APR-2021,
OPTSTK,MFSL,29-Apr-2021,480,CE,0,0,0,211,378.65,0,0,0,0,19-APR-2021,
OPTSTK,MFSL,29-Apr-2021,490,CE,0,0,0,202.95,368.65,0,0,0,0,19-APR-2021,
OPTSTK,MFSL,29-Apr-2021,500,CE,0,0,0,195.05,358.65,0,0,0,0,19-APR-2021,
OPTSTK,MFSL,29-Apr-2021,510,CE,0,0,0,187.35,348.7,0,0,0,0,19-APR-2021,
OPTSTK,MFSL,29-Apr-2021,520,CE,0,0,0,179.85,338.7,0,0,0,0,19-APR-2021,
OPTSTK,MFSL,29-Apr-2021,530,CE,0,0,0,172.5,328.7,0,0,0,0,19-APR-2021,
OPTSTK,MFSL,29-Apr-2021,540,CE,0,0,0,165.4,318.7,0,0,0,0,19-APR-2021,
OPTSTK,MFSL,29-Apr-2021,550,CE,0,0,0,158.45,308.7,0,0,0,0,19-APR-2021,
OPTSTK,MFSL,29-Apr-2021,560,CE,0,0,0,151.7,298.75,0,0,0,0,19-APR-2021,
OPTSTK,MFSL,29-Apr-2021,570,CE,0,0,0,145.15,288.75,0,0,0,0,19-APR-2021,
OPTSTK,MFSL,29-Apr-2021,580,CE,0,0,0,138.75,278.75,0,0,0,0,19-APR-2021,
OPTSTK,MFSL,29-Apr-2021,590,CE,0,0,0,132.6,268.75,0,0,0,0,19-APR-2021,
OPTSTK,MFSL,29-Apr-2021,600,CE,0,0,0,126.65,258.75,0,0,0,0,19-APR-2021,
OPTSTK,MFSL,29-Apr-2021,610,CE,0,0,0,120.9,248.8,0,0,0,0,19-APR-2021,
OPTSTK,MFSL,29-Apr-2021,620,CE,0,0,0,115.35,238.8,0,0,0,0,19-APR-2021,
OPTSTK,MFSL,29-Apr-2021,630,CE,0,0,0,110,228.8,0,0,0,0,19-APR-2021,
OPTSTK,MFSL,29-Apr-2021,640,CE,0,0,0,104.85,218.85,0,0,0,0,19-APR-2021,
OPTSTK,MFSL,29-Apr-2021,650,CE,0,0,0,99.9,208.85,0,0,0,0,19-APR-2021,
OPTSTK,MFSL,29-Apr-2021,660,CE,0,0,0,95.1,198.9,0,0,0,0,19-APR-2021,
OPTSTK,MFSL,29-Apr-2021,670,CE,0,0,0,90.5,189,0,0,0,0,19-APR-2021,
OPTSTK,MFSL,29-Apr-2021,680,CE,0,0,0,86.1,179.1,0,0,0,0,19-APR-2021,
OPTSTK,MFSL,29-Apr-2021,690,CE,0,0,0,81.9,169.2,0,0,0,0,19-APR-2021,
OPTSTK,MFSL,29-Apr-2021,700,CE,0,0,0,77.8,159.4,0,0,0,0,19-APR-2021,
OPTSTK,MFSL,29-Apr-2021,710,CE,0,0,0,73.95,149.7,0,0,0,0,19-APR-2021,
OPTSTK,MFSL,29-Apr-2021,720,CE,0,0,0,70.2,140.05,0,0,0,0,19-APR-2021,
OPTSTK,MFSL,29-Apr-2021,730,CE,0,0,0,140,130.55,0,0,2600,0,19-APR-2021,
OPTSTK,MFSL,29-Apr-2021,740,CE,0,0,0,63.25,121.2,0,0,0,0,19-APR-2021,
OPTSTK,MFSL,29-Apr-2021,750,CE,0,0,0,60,112.05,0,0,0,0,19-APR-2021,
OPTSTK,MFSL,29-Apr-2021,760,CE,0,0,0,56.9,103.1,0,0,0,0,19-APR-2021,
OPTSTK,MFSL,29-Apr-2021,770,CE,0,0,0,53.95,94.45,0,0,0,0,19-APR-2021,
OPTSTK,MFSL,29-Apr-2021,780,CE,0,0,0,51.1,86.05,0,0,0,0,19-APR-2021,
OPTSTK,MFSL,29-Apr-2021,790,CE,0,0,0,48.4,78,0,0,0,0,19-APR-2021,
OPTSTK,MFSL,29-Apr-2021,800,CE,0,0,0,45.9,70.35,0,0,0,0,19-APR-2021,
OPTSTK,MFSL,29-Apr-2021,810,CE,0,0,0,43.45,63.05,0,0,0,0,19-APR-2021,
OPTSTK,MFSL,29-Apr-2021,820,CE,0,0,0,41.1,56.2,0,0,0,0,19-APR-2021,
OPTSTK,MFSL,29-Apr-2021,830,CE,0,0,0,38.9,49.85,0,0,0,0,19-APR-2021,
OPTSTK,MFSL,29-Apr-2021,840,CE,0,0,0,36.8,43.9,0,0,0,0,19-APR-2021,
OPTSTK,MFSL,29-Apr-2021,850,CE,51.5,51.5,51.5,51.5,38.45,1,11.71,7800,1300,19-APR-2021,
OPTSTK,MFSL,29-Apr-2021,860,CE,19,25,19,23.5,23.5,7,80.22,10400,-1300,19-APR-2021,
OPTSTK,MFSL,29-Apr-2021,870,CE,18.3,18.3,18.3,18.3,28.95,1,11.54,2600,1300,19-APR-2021,
OPTSTK,MFSL,29-Apr-2021,880,CE,12.45,13.2,12.45,13.2,24.85,2,23.21,9100,1300,19-APR-2021,
OPTSTK,MFSL,29-Apr-2021,890,CE,9,9,9,9,21.25,1,11.68,3900,-1300,19-APR-2021,
OPTSTK,MFSL,29-Apr-2021,900,CE,8,9.7,6.55,9.25,9.25,23,271.47,78000,-7800,19-APR-2021,
OPTSTK,MFSL,29-Apr-2021,910,CE,0,0,0,13.4,15.2,0,0,11700,0,19-APR-2021,
OPTSTK,MFSL,29-Apr-2021,920,CE,0,0,0,10,12.8,0,0,6500,0,19-APR-2021,
OPTSTK,MFSL,29-Apr-2021,930,CE,0,0,0,22,10.65,0,0,2600,0,19-APR-2021,
OPTSTK,MFSL,29-Apr-2021,940,CE,0,0,0,21.6,8.8,0,0,0,0,19-APR-2021,
OPTSTK,MFSL,29-Apr-2021,950,CE,2,3.8,1.8,3.8,3.8,5,61.92,53300,0,19-APR-2021,
OPTSTK,MFSL,29-Apr-2021,960,CE,0,0,0,23.05,5.95,0,0,0,0,19-APR-2021,
OPTSTK,MFSL,29-Apr-2021,970,CE,0,0,0,23.25,4.85,0,0,0,0,19-APR-2021,
OPTSTK,MFSL,29-Apr-2021,980,CE,0,0,0,3.15,3.9,0,0,1300,0,19-APR-2021,
OPTSTK,MFSL,29-Apr-2021,990,CE,0,0,0,20.95,3.15,0,0,0,0,19-APR-2021,
OPTSTK,MFSL,29-Apr-2021,1000,CE,0,0,0,6.2,2.5,0,0,37700,0,19-APR-2021,
OPTSTK,MFSL,29-Apr-2021,1010,CE,0,0,0,27.4,2,0,0,0,0,19-APR-2021,
OPTSTK,MFSL,29-Apr-2021,1020,CE,0,0,0,25.9,1.6,0,0,0,0,19-APR-2021,
OPTSTK,MFSL,29-Apr-2021,1030,CE,0,0,0,24.5,1.25,0,0,0,0,19-APR-2021,
OPTSTK,MFSL,29-Apr-2021,1040,CE,0,0,0,23.15,1,0,0,0,0,19-APR-2021,
OPTSTK,MFSL,29-Apr-2021,1050,CE,0,0,0,30.7,0.75,0,0,0,0,19-APR-2021,
OPTSTK,MFSL,29-Apr-2021,1060,CE,0,0,0,29.1,0.6,0,0,0,0,19-APR-2021,
OPTSTK,MFSL,29-Apr-2021,1080,CE,0,0,0,26.15,0.35,0,0,0,0,19-APR-2021,
OPTSTK,MFSL,29-Apr-2021,420,PE,0,0,0,5,0,0,0,0,0,19-APR-2021,
OPTSTK,MFSL,29-Apr-2021,430,PE,0,0,0,6,0,0,0,0,0,19-APR-2021,
OPTSTK,MFSL,29-Apr-2021,440,PE,0,0,0,7.1,0,0,0,0,0,19-APR-2021,
OPTSTK,MFSL,29-Apr-2021,450,PE,0,0,0,8.3,0,0,0,0,0,19-APR-2021,
OPTSTK,MFSL,29-Apr-2021,460,PE,0,0,0,9.7,0,0,0,0,0,19-APR-2021,
OPTSTK,MFSL,29-Apr-2021,470,PE,0,0,0,11.2,0,0,0,0,0,19-APR-2021,
OPTSTK,MFSL,29-Apr-2021,480,PE,0,0,0,12.9,0,0,0,0,0,19-APR-2021,
OPTSTK,MFSL,29-Apr-2021,490,PE,0,0,0,14.75,0,0,0,0,0,19-APR-2021,
OPTSTK,MFSL,29-Apr-2021,500,PE,0,0,0,16.8,0,0,0,0,0,19-APR-2021,
OPTSTK,MFSL,29-Apr-2021,510,PE,0,0,0,19,0,0,0,0,0,19-APR-2021,
OPTSTK,MFSL,29-Apr-2021,520,PE,0,0,0,21.35,0,0,0,0,0,19-APR-2021,
OPTSTK,MFSL,29-Apr-2021,530,PE,0,0,0,0.15,0,0,0,1300,0,19-APR-2021,
OPTSTK,MFSL,29-Apr-2021,540,PE,0,0,0,26.75,0,0,0,0,0,19-APR-2021,
OPTSTK,MFSL,29-Apr-2021,550,PE,0,0,0,29.7,0,0,0,0,0,19-APR-2021,
OPTSTK,MFSL,29-Apr-2021,560,PE,0,0,0,32.85,0,0,0,0,0,19-APR-2021,
OPTSTK,MFSL,29-Apr-2021,570,PE,0,0,0,36.2,0,0,0,0,0,19-APR-2021,
OPTSTK,MFSL,29-Apr-2021,580,PE,0,0,0,39.75,0,0,0,0,0,19-APR-2021,
OPTSTK,MFSL,29-Apr-2021,590,PE,0,0,0,43.5,0,0,0,0,0,19-APR-2021,
OPTSTK,MFSL,29-Apr-2021,600,PE,0,0,0,47.45,0,0,0,0,0,19-APR-2021,
OPTSTK,MFSL,29-Apr-2021,610,PE,0,0,0,51.6,0.05,0,0,0,0,19-APR-2021,
OPTSTK,MFSL,29-Apr-2021,620,PE,0,0,0,55.95,0.05,0,0,0,0,19-APR-2021,
OPTSTK,MFSL,29-Apr-2021,630,PE,0,0,0,60.55,0.05,0,0,0,0,19-APR-2021,
OPTSTK,MFSL,29-Apr-2021,640,PE,0,0,0,65.3,0.05,0,0,0,0,19-APR-2021,
OPTSTK,MFSL,29-Apr-2021,650,PE,0,0,0,70.2,0.05,0,0,0,0,19-APR-2021,
OPTSTK,MFSL,29-Apr-2021,660,PE,0,0,0,75.35,0.1,0,0,0,0,19-APR-2021,
OPTSTK,MFSL,29-Apr-2021,670,PE,0,0,0,80.65,0.15,0,0,0,0,19-APR-2021,
OPTSTK,MFSL,29-Apr-2021,680,PE,0,0,0,86.15,0.25,0,0,0,0,19-APR-2021,
OPTSTK,MFSL,29-Apr-2021,690,PE,0,0,0,91.85,0.4,0,0,0,0,19-APR-2021,
OPTSTK,MFSL,29-Apr-2021,700,PE,0,0,0,2.1,0.55,0,0,7800,0,19-APR-2021,
OPTSTK,MFSL,29-Apr-2021,710,PE,0,0,0,103.7,0.85,0,0,0,0,19-APR-2021,
OPTSTK,MFSL,29-Apr-2021,720,PE,0,0,0,109.9,1.2,0,0,0,0,19-APR-2021,
OPTSTK,MFSL,29-Apr-2021,730,PE,0,0,0,116.25,1.65,0,0,0,0,19-APR-2021,
OPTSTK,MFSL,29-Apr-2021,740,PE,0,0,0,122.75,2.3,0,0,0,0,19-APR-2021,
OPTSTK,MFSL,29-Apr-2021,750,PE,0,0,0,129.4,3.15,0,0,0,0,19-APR-2021,
OPTSTK,MFSL,29-Apr-2021,760,PE,0,0,0,8,4.2,0,0,2600,0,19-APR-2021,
OPTSTK,MFSL,29-Apr-2021,770,PE,0,0,0,143.15,5.5,0,0,0,0,19-APR-2021,
OPTSTK,MFSL,29-Apr-2021,780,PE,0,0,0,150.25,7.15,0,0,0,0,19-APR-2021,
OPTSTK,MFSL,29-Apr-2021,790,PE,0,0,0,157.45,9.1,0,0,0,0,19-APR-2021,
OPTSTK,MFSL,29-Apr-2021,800,PE,0,0,0,3.55,11.4,0,0,23400,0,19-APR-2021,
OPTSTK,MFSL,29-Apr-2021,810,PE,0,0,0,172.3,14.1,0,0,0,0,19-APR-2021,
OPTSTK,MFSL,29-Apr-2021,820,PE,0,0,0,15.7,17.25,0,0,2600,0,19-APR-2021,
OPTSTK,MFSL,29-Apr-2021,830,PE,0,0,0,187.6,20.85,0,0,0,0,19-APR-2021,
OPTSTK,MFSL,29-Apr-2021,840,PE,15.8,15.8,15.8,15.8,24.9,1,11.12,5200,-1300,19-APR-2021,
OPTSTK,MFSL,29-Apr-2021,850,PE,27.55,27.55,19.75,19.75,29.45,2,22.71,22100,1300,19-APR-2021,
OPTSTK,MFSL,29-Apr-2021,860,PE,0,0,0,34.15,34.45,0,0,1300,0,19-APR-2021,
OPTSTK,MFSL,29-Apr-2021,870,PE,28,28,28,28,39.9,1,11.67,2600,0,19-APR-2021,
OPTSTK,MFSL,29-Apr-2021,880,PE,0,0,0,47.5,45.85,0,0,5200,0,19-APR-2021,
OPTSTK,MFSL,29-Apr-2021,890,PE,0,0,0,235.9,52.2,0,0,0,0,19-APR-2021,
OPTSTK,MFSL,29-Apr-2021,900,PE,0,0,0,51.95,59,0,0,10400,0,19-APR-2021,
OPTSTK,MFSL,29-Apr-2021,910,PE,0,0,0,252.75,66.15,0,0,0,0,19-APR-2021,
OPTSTK,MFSL,29-Apr-2021,920,PE,0,0,0,261.25,73.75,0,0,0,0,19-APR-2021,
OPTSTK,MFSL,29-Apr-2021,930,PE,0,0,0,269.85,81.55,0,0,0,0,19-APR-2021,
OPTSTK,MFSL,29-Apr-2021,940,PE,0,0,0,270.15,89.75,0,0,0,0,19-APR-2021,
OPTSTK,MFSL,29-Apr-2021,950,PE,0,0,0,261.1,98.15,0,0,0,0,19-APR-2021,
OPTSTK,MFSL,29-Apr-2021,960,PE,0,0,0,269.65,106.85,0,0,0,0,19-APR-2021,
OPTSTK,MFSL,29-Apr-2021,970,PE,0,0,0,266,115.7,0,0,0,0,19-APR-2021,
OPTSTK,MFSL,29-Apr-2021,980,PE,0,0,0,274.6,124.8,0,0,0,0,19-APR-2021,
OPTSTK,MFSL,29-Apr-2021,990,PE,0,0,0,273.85,134,0,0,0,0,19-APR-2021,
OPTSTK,MFSL,29-Apr-2021,1000,PE,0,0,0,274.85,143.35,0,0,0,0,19-APR-2021,
OPTSTK,MFSL,29-Apr-2021,1010,PE,0,0,0,252.45,152.85,0,0,0,0,19-APR-2021,
OPTSTK,MFSL,29-Apr-2021,1020,PE,0,0,0,260.85,162.4,0,0,0,0,19-APR-2021,
OPTSTK,MFSL,29-Apr-2021,1030,PE,0,0,0,269.35,172.1,0,0,0,0,19-APR-2021,
OPTSTK,MFSL,29-Apr-2021,1040,PE,0,0,0,277.9,181.8,0,0,0,0,19-APR-2021,
OPTSTK,MFSL,29-Apr-2021,1050,PE,0,0,0,254.65,191.55,0,0,0,0,19-APR-2021,
OPTSTK,MFSL,29-Apr-2021,1060,PE,0,0,0,263,201.4,0,0,0,0,19-APR-2021,
OPTSTK,MFSL,29-Apr-2021,1080,PE,0,0,0,279.85,221.15,0,0,0,0,19-APR-2021,
OPTSTK,MFSL,27-May-2021,630,CE,0,0,0,280.2,233.75,0,0,0,0,19-APR-2021,
OPTSTK,MFSL,27-May-2021,640,CE,0,0,0,272,224.5,0,0,0,0,19-APR-2021,
OPTSTK,MFSL,27-May-2021,650,CE,0,0,0,263.95,215.35,0,0,0,0,19-APR-2021,
OPTSTK,MFSL,27-May-2021,660,CE,0,0,0,256,206.3,0,0,0,0,19-APR-2021,
OPTSTK,MFSL,27-May-2021,670,CE,0,0,0,248.25,197.4,0,0,0,0,19-APR-2021,
OPTSTK,MFSL,27-May-2021,680,CE,0,0,0,240.55,188.65,0,0,0,0,19-APR-2021,
OPTSTK,MFSL,27-May-2021,690,CE,0,0,0,233.05,180.1,0,0,0,0,19-APR-2021,
OPTSTK,MFSL,27-May-2021,700,CE,0,0,0,225.7,171.65,0,0,0,0,19-APR-2021,
OPTSTK,MFSL,27-May-2021,710,CE,0,0,0,218.5,163.45,0,0,0,0,19-APR-2021,
OPTSTK,MFSL,27-May-2021,720,CE,0,0,0,211.4,155.4,0,0,0,0,19-APR-2021,
OPTSTK,MFSL,27-May-2021,730,CE,0,0,0,204.5,147.55,0,0,0,0,19-APR-2021,
OPTSTK,MFSL,27-May-2021,740,CE,0,0,0,197.7,139.9,0,0,0,0,19-APR-2021,
OPTSTK,MFSL,27-May-2021,750,CE,0,0,0,191.1,132.55,0,0,0,0,19-APR-2021,
OPTSTK,MFSL,27-May-2021,760,CE,0,0,0,184.6,125.35,0,0,0,0,19-APR-2021,
OPTSTK,MFSL,27-May-2021,770,CE,0,0,0,178.3,118.4,0,0,0,0,19-APR-2021,
OPTSTK,MFSL,27-May-2021,780,CE,0,0,0,172.1,111.65,0,0,0,0,19-APR-2021,
OPTSTK,MFSL,27-May-2021,790,CE,0,0,0,166.1,105.15,0,0,0,0,19-APR-2021,
OPTSTK,MFSL,27-May-2021,800,CE,0,0,0,160.3,98.95,0,0,0,0,19-APR-2021,
OPTSTK,MFSL,27-May-2021,810,CE,0,0,0,154.6,92.95,0,0,0,0,19-APR-2021,
OPTSTK,MFSL,27-May-2021,820,CE,0,0,0,149.05,87.2,0,0,0,0,19-APR-2021,
OPTSTK,MFSL,27-May-2021,830,CE,0,0,0,143.65,81.75,0,0,0,0,19-APR-2021,
OPTSTK,MFSL,27-May-2021,840,CE,0,0,0,138.4,76.5,0,0,0,0,19-APR-2021,
OPTSTK,MFSL,27-May-2021,850,CE,0,0,0,133.35,71.5,0,0,0,0,19-APR-2021,
OPTSTK,MFSL,27-May-2021,860,CE,0,0,0,128.4,66.75,0,0,0,0,19-APR-2021,
OPTSTK,MFSL,27-May-2021,870,CE,0,0,0,123.6,62.2,0,0,0,0,19-APR-2021,
OPTSTK,MFSL,27-May-2021,880,CE,0,0,0,118.95,57.95,0,0,0,0,19-APR-2021,
OPTSTK,MFSL,27-May-2021,890,CE,0,0,0,114.45,53.9,0,0,0,0,19-APR-2021,
OPTSTK,MFSL,27-May-2021,900,CE,0,0,0,110.1,50.05,0,0,0,0,19-APR-2021,
OPTSTK,MFSL,27-May-2021,910,CE,0,0,0,105.85,46.45,0,0,0,0,19-APR-2021,
OPTSTK,MFSL,27-May-2021,920,CE,0,0,0,101.75,43.05,0,0,0,0,19-APR-2021,
OPTSTK,MFSL,27-May-2021,930,CE,0,0,0,97.8,39.85,0,0,0,0,19-APR-2021,
OPTSTK,MFSL,27-May-2021,940,CE,0,0,0,93.95,36.85,0,0,0,0,19-APR-2021,
OPTSTK,MFSL,27-May-2021,950,CE,0,0,0,90.25,34.05,0,0,0,0,19-APR-2021,
OPTSTK,MFSL,27-May-2021,960,CE,0,0,0,86.7,31.4,0,0,0,0,19-APR-2021,
OPTSTK,MFSL,27-May-2021,970,CE,0,0,0,83.2,29,0,0,0,0,19-APR-2021,
OPTSTK,MFSL,27-May-2021,980,CE,0,0,0,79.9,26.7,0,0,0,0,19-APR-2021,
OPTSTK,MFSL,27-May-2021,990,CE,0,0,0,76.65,24.55,0,0,0,0,19-APR-2021,
OPTSTK,MFSL,27-May-2021,1000,CE,0,0,0,73.55,22.55,0,0,0,0,19-APR-2021,
OPTSTK,MFSL,27-May-2021,1010,CE,0,0,0,70.55,20.7,0,0,0,0,19-APR-2021,
OPTSTK,MFSL,27-May-2021,1020,CE,0,0,0,67.65,19,0,0,0,0,19-APR-2021,
OPTSTK,MFSL,27-May-2021,1030,CE,0,0,0,64.9,17.4,0,0,0,0,19-APR-2021,
OPTSTK,MFSL,27-May-2021,1040,CE,0,0,0,62.2,15.9,0,0,0,0,19-APR-2021,
OPTSTK,MFSL,27-May-2021,1050,CE,0,0,0,59.6,14.55,0,0,0,0,19-APR-2021,
OPTSTK,MFSL,27-May-2021,1060,CE,0,0,0,57.2,13.3,0,0,0,0,19-APR-2021,
OPTSTK,MFSL,27-May-2021,1080,CE,0,0,0,52.5,11.1,0,0,0,0,19-APR-2021,
OPTSTK,MFSL,27-May-2021,630,PE,0,0,0,15.3,3.15,0,0,0,0,19-APR-2021,
OPTSTK,MFSL,27-May-2021,640,PE,0,0,0,17,3.85,0,0,0,0,19-APR-2021,
OPTSTK,MFSL,27-May-2021,650,PE,0,0,0,18.85,4.65,0,0,0,0,19-APR-2021,
OPTSTK,MFSL,27-May-2021,660,PE,0,0,0,20.85,5.6,0,0,0,0,19-APR-2021,
OPTSTK,MFSL,27-May-2021,670,PE,0,0,0,22.95,6.65,0,0,0,0,19-APR-2021,
OPTSTK,MFSL,27-May-2021,680,PE,0,0,0,25.2,7.85,0,0,0,0,19-APR-2021,
OPTSTK,MFSL,27-May-2021,690,PE,0,0,0,27.6,9.25,0,0,0,0,19-APR-2021,
OPTSTK,MFSL,27-May-2021,700,PE,0,0,0,30.15,10.8,0,0,0,0,19-APR-2021,
OPTSTK,MFSL,27-May-2021,710,PE,0,0,0,32.85,12.5,0,0,0,0,19-APR-2021,
OPTSTK,MFSL,27-May-2021,720,PE,0,0,0,35.65,14.45,0,0,0,0,19-APR-2021,
OPTSTK,MFSL,27-May-2021,730,PE,0,0,0,38.65,16.55,0,0,0,0,19-APR-2021,
OPTSTK,MFSL,27-May-2021,740,PE,0,0,0,41.8,18.9,0,0,0,0,19-APR-2021,
OPTSTK,MFSL,27-May-2021,750,PE,0,0,0,45.05,21.45,0,0,0,0,19-APR-2021,
OPTSTK,MFSL,27-May-2021,760,PE,0,0,0,48.5,24.25,0,0,0,0,19-APR-2021,
OPTSTK,MFSL,27-May-2021,770,PE,0,0,0,52.05,27.25,0,0,0,0,19-APR-2021,
OPTSTK,MFSL,27-May-2021,780,PE,0,0,0,55.8,30.45,0,0,0,0,19-APR-2021,
OPTSTK,MFSL,27-May-2021,790,PE,0,0,0,59.7,33.95,0,0,0,0,19-APR-2021,
OPTSTK,MFSL,27-May-2021,800,PE,0,0,0,63.8,37.65,0,0,0,0,19-APR-2021,
OPTSTK,MFSL,27-May-2021,810,PE,0,0,0,68,41.65,0,0,0,0,19-APR-2021,
OPTSTK,MFSL,27-May-2021,820,PE,0,0,0,72.35,45.85,0,0,0,0,19-APR-2021,
OPTSTK,MFSL,27-May-2021,830,PE,0,0,0,76.9,50.35,0,0,0,0,19-APR-2021,
OPTSTK,MFSL,27-May-2021,840,PE,0,0,0,81.55,55.05,0,0,0,0,19-APR-2021,
OPTSTK,MFSL,27-May-2021,850,PE,39.8,39.8,39.8,39.8,60.05,2,23.13,3900,2600,19-APR-2021,
OPTSTK,MFSL,27-May-2021,860,PE,0,0,0,91.35,65.25,0,0,0,0,19-APR-2021,
OPTSTK,MFSL,27-May-2021,870,PE,0,0,0,96.45,70.7,0,0,0,0,19-APR-2021,
OPTSTK,MFSL,27-May-2021,880,PE,0,0,0,101.7,76.35,0,0,0,0,19-APR-2021,
OPTSTK,MFSL,27-May-2021,890,PE,0,0,0,107.1,82.25,0,0,0,0,19-APR-2021,
OPTSTK,MFSL,27-May-2021,900,PE,0,0,0,112.65,88.4,0,0,0,0,19-APR-2021,
OPTSTK,MFSL,27-May-2021,910,PE,0,0,0,118.35,94.75,0,0,0,0,19-APR-2021,
OPTSTK,MFSL,27-May-2021,920,PE,0,0,0,124.15,101.3,0,0,0,0,19-APR-2021,
OPTSTK,MFSL,27-May-2021,930,PE,0,0,0,130.1,108.05,0,0,0,0,19-APR-2021,
OPTSTK,MFSL,27-May-2021,940,PE,0,0,0,136.15,115.05,0,0,0,0,19-APR-2021,
OPTSTK,MFSL,27-May-2021,950,PE,0,0,0,142.35,122.2,0,0,0,0,19-APR-2021,
OPTSTK,MFSL,27-May-2021,960,PE,0,0,0,148.7,129.5,0,0,0,0,19-APR-2021,
OPTSTK,MFSL,27-May-2021,970,PE,0,0,0,155.15,137.05,0,0,0,0,19-APR-2021,
OPTSTK,MFSL,27-May-2021,980,PE,0,0,0,161.7,144.75,0,0,0,0,19-APR-2021,
OPTSTK,MFSL,27-May-2021,990,PE,0,0,0,168.4,152.55,0,0,0,0,19-APR-2021,
OPTSTK,MFSL,27-May-2021,1000,PE,0,0,0,108,160.5,0,0,1300,0,19-APR-2021,
OPTSTK,MFSL,27-May-2021,1010,PE,0,0,0,182.1,168.6,0,0,0,0,19-APR-2021,
OPTSTK,MFSL,27-May-2021,1020,PE,0,0,0,189.1,176.85,0,0,0,0,19-APR-2021,
OPTSTK,MFSL,27-May-2021,1030,PE,0,0,0,196.25,185.25,0,0,0,0,19-APR-2021,
OPTSTK,MFSL,27-May-2021,1040,PE,0,0,0,203.45,193.7,0,0,0,0,19-APR-2021,
OPTSTK,MFSL,27-May-2021,1050,PE,0,0,0,210.8,202.3,0,0,0,0,19-APR-2021,
OPTSTK,MFSL,27-May-2021,1060,PE,0,0,0,218.25,211.05,0,0,0,0,19-APR-2021,
OPTSTK,MFSL,27-May-2021,1080,PE,0,0,0,233.4,228.7,0,0,0,0,19-APR-2021,
OPTSTK,MFSL,24-Jun-2021,640,CE,0,0,0,233.35,233.5,0,0,0,0,19-APR-2021,
OPTSTK,MFSL,24-Jun-2021,660,CE,0,0,0,218.1,216.8,0,0,0,0,19-APR-2021,
OPTSTK,MFSL,24-Jun-2021,680,CE,0,0,0,203.5,200.75,0,0,0,0,19-APR-2021,
OPTSTK,MFSL,24-Jun-2021,700,CE,0,0,0,189.45,185.35,0,0,0,0,19-APR-2021,
OPTSTK,MFSL,24-Jun-2021,720,CE,0,0,0,176.1,170.7,0,0,0,0,19-APR-2021,
OPTSTK,MFSL,24-Jun-2021,740,CE,0,0,0,163.35,156.7,0,0,0,0,19-APR-2021,
OPTSTK,MFSL,24-Jun-2021,760,CE,0,0,0,151.35,143.4,0,0,0,0,19-APR-2021,
OPTSTK,MFSL,24-Jun-2021,780,CE,0,0,0,139.95,130.95,0,0,0,0,19-APR-2021,
OPTSTK,MFSL,24-Jun-2021,800,CE,0,0,0,129.25,119.25,0,0,0,0,19-APR-2021,
OPTSTK,MFSL,24-Jun-2021,820,CE,0,0,0,119.15,108.35,0,0,0,0,19-APR-2021,
OPTSTK,MFSL,24-Jun-2021,840,CE,0,0,0,109.7,98.15,0,0,0,0,19-APR-2021,
OPTSTK,MFSL,24-Jun-2021,860,CE,0,0,0,100.85,88.7,0,0,0,0,19-APR-2021,
OPTSTK,MFSL,24-Jun-2021,880,CE,0,0,0,92.6,80,0,0,0,0,19-APR-2021,
OPTSTK,MFSL,24-Jun-2021,900,CE,0,0,0,84.95,72,0,0,0,0,19-APR-2021,
OPTSTK,MFSL,24-Jun-2021,920,CE,0,0,0,77.8,64.65,0,0,0,0,19-APR-2021,
OPTSTK,MFSL,24-Jun-2021,940,CE,0,0,0,71.2,57.9,0,0,0,0,19-APR-2021,
OPTSTK,MFSL,24-Jun-2021,960,CE,0,0,0,65.05,51.8,0,0,0,0,19-APR-2021,
OPTSTK,MFSL,24-Jun-2021,980,CE,0,0,0,59.4,46.2,0,0,0,0,19-APR-2021,
OPTSTK,MFSL,24-Jun-2021,1000,CE,0,0,0,54.25,41.2,0,0,0,0,19-APR-2021,
OPTSTK,MFSL,24-Jun-2021,1020,CE,0,0,0,49.45,36.65,0,0,0,0,19-APR-2021,
OPTSTK,MFSL,24-Jun-2021,1040,CE,0,0,0,45,32.55,0,0,0,0,19-APR-2021,
OPTSTK,MFSL,24-Jun-2021,1060,CE,0,0,0,40.95,28.85,0,0,0,0,19-APR-2021,
OPTSTK,MFSL,24-Jun-2021,1080,CE,0,0,0,37.25,25.55,0,0,0,0,19-APR-2021,
OPTSTK,MFSL,24-Jun-2021,640,PE,0,0,0,20.75,11,0,0,0,0,19-APR-2021,
OPTSTK,MFSL,24-Jun-2021,660,PE,0,0,0,25.3,14.2,0,0,0,0,19-APR-2021,
OPTSTK,MFSL,24-Jun-2021,680,PE,0,0,0,30.5,18,0,0,0,0,19-APR-2021,
OPTSTK,MFSL,24-Jun-2021,700,PE,0,0,0,36.3,22.5,0,0,0,0,19-APR-2021,
OPTSTK,MFSL,24-Jun-2021,720,PE,0,0,0,42.75,27.65,0,0,0,0,19-APR-2021,
OPTSTK,MFSL,24-Jun-2021,740,PE,0,0,0,49.85,33.55,0,0,0,0,19-APR-2021,
OPTSTK,MFSL,24-Jun-2021,760,PE,0,0,0,57.6,40.15,0,0,0,0,19-APR-2021,
OPTSTK,MFSL,24-Jun-2021,780,PE,0,0,0,66.05,47.55,0,0,0,0,19-APR-2021,
OPTSTK,MFSL,24-Jun-2021,800,PE,0,0,0,75.15,55.7,0,0,0,0,19-APR-2021,
OPTSTK,MFSL,24-Jun-2021,820,PE,0,0,0,84.9,64.65,0,0,0,0,19-APR-2021,
OPTSTK,MFSL,24-Jun-2021,840,PE,0,0,0,95.25,74.35,0,0,0,0,19-APR-2021,
OPTSTK,MFSL,24-Jun-2021,860,PE,0,0,0,106.2,84.75,0,0,0,0,19-APR-2021,
OPTSTK,MFSL,24-Jun-2021,880,PE,0,0,0,117.8,95.9,0,0,0,0,19-APR-2021,
OPTSTK,MFSL,24-Jun-2021,900,PE,0,0,0,129.9,107.75,0,0,0,0,19-APR-2021,
OPTSTK,MFSL,24-Jun-2021,920,PE,0,0,0,142.6,120.25,0,0,0,0,19-APR-2021,
OPTSTK,MFSL,24-Jun-2021,940,PE,0,0,0,155.8,133.4,0,0,0,0,19-APR-2021,
OPTSTK,MFSL,24-Jun-2021,960,PE,0,0,0,169.5,147.15,0,0,0,0,19-APR-2021,
OPTSTK,MFSL,24-Jun-2021,980,PE,0,0,0,183.65,161.45,0,0,0,0,19-APR-2021,
OPTSTK,MFSL,24-Jun-2021,1000,PE,0,0,0,198.25,176.3,0,0,0,0,19-APR-2021,
OPTSTK,MFSL,24-Jun-2021,1020,PE,0,0,0,213.3,191.6,0,0,0,0,19-APR-2021,
OPTSTK,MFSL,24-Jun-2021,1040,PE,0,0,0,228.7,207.4,0,0,0,0,19-APR-2021,
OPTSTK,MFSL,24-Jun-2021,1060,PE,0,0,0,244.45,223.55,0,0,0,0,19-APR-2021,
OPTSTK,MFSL,24-Jun-2021,1080,PE,0,0,0,260.55,240.1,0,0,0,0,19-APR-2021,
OPTSTK,MGL,29-Apr-2021,620,CE,0,0,0,442.05,462.3,0,0,0,0,19-APR-2021,
OPTSTK,MGL,29-Apr-2021,640,CE,0,0,0,422.5,442.3,0,0,0,0,19-APR-2021,
OPTSTK,MGL,29-Apr-2021,660,CE,0,0,0,403.1,422.35,0,0,0,0,19-APR-2021,
OPTSTK,MGL,29-Apr-2021,680,CE,0,0,0,383.9,402.35,0,0,0,0,19-APR-2021,
OPTSTK,MGL,29-Apr-2021,700,CE,0,0,0,364.8,382.35,0,0,0,0,19-APR-2021,
OPTSTK,MGL,29-Apr-2021,720,CE,0,0,0,346,362.4,0,0,0,0,19-APR-2021,
OPTSTK,MGL,29-Apr-2021,740,CE,0,0,0,327.45,342.4,0,0,0,0,19-APR-2021,
OPTSTK,MGL,29-Apr-2021,760,CE,0,0,0,309.2,322.45,0,0,0,0,19-APR-2021,
OPTSTK,MGL,29-Apr-2021,780,CE,0,0,0,291.3,302.45,0,0,0,0,19-APR-2021,
OPTSTK,MGL,29-Apr-2021,800,CE,0,0,0,273.85,282.45,0,0,0,0,19-APR-2021,
OPTSTK,MGL,29-Apr-2021,820,CE,0,0,0,256.8,262.5,0,0,0,0,19-APR-2021,
OPTSTK,MGL,29-Apr-2021,840,CE,0,0,0,240.3,242.5,0,0,0,0,19-APR-2021,
OPTSTK,MGL,29-Apr-2021,860,CE,0,0,0,224.3,222.55,0,0,0,0,19-APR-2021,
OPTSTK,MGL,29-Apr-2021,880,CE,0,0,0,208.85,202.6,0,0,0,0,19-APR-2021,
OPTSTK,MGL,29-Apr-2021,900,CE,0,0,0,194.05,182.75,0,0,0,0,19-APR-2021,
OPTSTK,MGL,29-Apr-2021,920,CE,0,0,0,179.85,162.95,0,0,0,0,19-APR-2021,
OPTSTK,MGL,29-Apr-2021,940,CE,0,0,0,166.25,143.45,0,0,0,0,19-APR-2021,
OPTSTK,MGL,29-Apr-2021,960,CE,0,0,0,153.4,124.35,0,0,0,0,19-APR-2021,
OPTSTK,MGL,29-Apr-2021,980,CE,0,0,0,141.2,105.9,0,0,0,0,19-APR-2021,
OPTSTK,MGL,29-Apr-2021,1000,CE,0,0,0,131,88.4,0,0,1200,0,19-APR-2021,
OPTSTK,MGL,29-Apr-2021,1020,CE,0,0,0,118.85,72.15,0,0,0,0,19-APR-2021,
OPTSTK,MGL,29-Apr-2021,1040,CE,0,0,0,108.7,57.45,0,0,0,0,19-APR-2021,
OPTSTK,MGL,29-Apr-2021,1060,CE,50,50,32,32.05,32.05,14,92.51,4800,4800,19-APR-2021,
OPTSTK,MGL,29-Apr-2021,1080,CE,41,41,24.05,24.4,24.4,11,73.14,5400,1800,19-APR-2021,
OPTSTK,MGL,29-Apr-2021,1100,CE,20,20.15,11,19.7,19.7,181,1212.98,27600,1800,19-APR-2021,
OPTSTK,MGL,29-Apr-2021,1120,CE,8.15,15,8.15,11,17.5,9,61.1,21000,-1800,19-APR-2021,
OPTSTK,MGL,29-Apr-2021,1140,CE,7.5,9.6,7.4,9.6,9.6,17,117.11,46800,-1800,19-APR-2021,
OPTSTK,MGL,29-Apr-2021,1160,CE,4,6,3.05,6,6,15,104.81,43800,-1200,19-APR-2021,
OPTSTK,MGL,29-Apr-2021,1180,CE,1.05,4.3,0.85,2.75,5.25,12,85.17,43200,-1200,19-APR-2021,
OPTSTK,MGL,29-Apr-2021,1200,CE,1.2,4,0.55,3.55,3.55,41,295.95,155400,1800,19-APR-2021,
OPTSTK,MGL,29-Apr-2021,1220,CE,3.75,3.75,1.6,1.7,2.05,4,29.33,27600,-1200,19-APR-2021,
OPTSTK,MGL,29-Apr-2021,1240,CE,5.6,5.6,1.4,1.4,1.4,3,22.37,15600,0,19-APR-2021,
OPTSTK,MGL,29-Apr-2021,1260,CE,0,0,0,1.35,0.7,0,0,9000,0,19-APR-2021,
OPTSTK,MGL,29-Apr-2021,1280,CE,0,0,0,1.1,0.4,0,0,3600,0,19-APR-2021,
OPTSTK,MGL,29-Apr-2021,1300,CE,0.1,1,0.1,1,1,7,54.62,58800,-2400,19-APR-2021,
OPTSTK,MGL,29-Apr-2021,1320,CE,0,0,0,25.6,0.15,0,0,0,0,19-APR-2021,
OPTSTK,MGL,29-Apr-2021,1340,CE,0,0,0,22.8,0.1,0,0,0,0,19-APR-2021,
OPTSTK,MGL,29-Apr-2021,1360,CE,0,0,0,20.3,0.05,0,0,0,0,19-APR-2021,
OPTSTK,MGL,29-Apr-2021,1380,CE,0,0,0,18.05,0.05,0,0,0,0,19-APR-2021,
OPTSTK,MGL,29-Apr-2021,1400,CE,0,0,0,0.1,0.05,0,0,13200,0,19-APR-2021,
OPTSTK,MGL,29-Apr-2021,1420,CE,0,0,0,14.2,0,0,0,0,0,19-APR-2021,
OPTSTK,MGL,29-Apr-2021,1440,CE,0,0,0,12.6,0,0,0,0,0,19-APR-2021,
OPTSTK,MGL,29-Apr-2021,620,PE,0,0,0,0.6,0,0,0,0,0,19-APR-2021,
OPTSTK,MGL,29-Apr-2021,640,PE,0,0,0,0.9,0,0,0,0,0,19-APR-2021,
OPTSTK,MGL,29-Apr-2021,660,PE,0,0,0,1.3,0,0,0,0,0,19-APR-2021,
OPTSTK,MGL,29-Apr-2021,680,PE,0,0,0,1.9,0,0,0,0,0,19-APR-2021,
OPTSTK,MGL,29-Apr-2021,700,PE,0,0,0,2.65,0,0,0,0,0,19-APR-2021,
OPTSTK,MGL,29-Apr-2021,720,PE,0,0,0,3.65,0,0,0,0,0,19-APR-2021,
OPTSTK,MGL,29-Apr-2021,740,PE,0,0,0,4.9,0,0,0,0,0,19-APR-2021,
OPTSTK,MGL,29-Apr-2021,760,PE,0,0,0,6.45,0,0,0,0,0,19-APR-2021,
OPTSTK,MGL,29-Apr-2021,780,PE,0,0,0,8.4,0,0,0,0,0,19-APR-2021,
OPTSTK,MGL,29-Apr-2021,800,PE,0,0,0,10.7,0,0,0,0,0,19-APR-2021,
OPTSTK,MGL,29-Apr-2021,820,PE,0,0,0,13.5,0,0,0,0,0,19-APR-2021,
OPTSTK,MGL,29-Apr-2021,840,PE,0,0,0,16.8,0.05,0,0,0,0,19-APR-2021,
OPTSTK,MGL,29-Apr-2021,860,PE,0,0,0,20.6,0.05,0,0,0,0,19-APR-2021,
OPTSTK,MGL,29-Apr-2021,880,PE,0,0,0,25,0.1,0,0,0,0,19-APR-2021,
OPTSTK,MGL,29-Apr-2021,900,PE,0,0,0,0.9,0.2,0,0,600,0,19-APR-2021,
OPTSTK,MGL,29-Apr-2021,920,PE,0,0,0,35.65,0.4,0,0,0,0,19-APR-2021,
OPTSTK,MGL,29-Apr-2021,940,PE,0,0,0,6,0.9,0,0,1800,0,19-APR-2021,
OPTSTK,MGL,29-Apr-2021,960,PE,0,0,0,4,1.75,0,0,0,0,19-APR-2021,
OPTSTK,MGL,29-Apr-2021,980,PE,6,6,1.5,1.5,3.3,4,23.61,3000,0,19-APR-2021,
OPTSTK,MGL,29-Apr-2021,1000,PE,8,8,4.4,4.65,4.65,32,193.19,58800,-4800,19-APR-2021,
OPTSTK,MGL,29-Apr-2021,1020,PE,0,0,0,3.55,9.5,0,0,0,0,19-APR-2021,
OPTSTK,MGL,29-Apr-2021,1040,PE,17.45,17.45,9.95,13.7,13.7,2,12.64,10800,0,19-APR-2021,
OPTSTK,MGL,29-Apr-2021,1060,PE,23.5,30,12.85,13.45,13.45,16,103.73,19200,600,19-APR-2021,
OPTSTK,MGL,29-Apr-2021,1080,PE,34.85,34.85,22.05,22.05,22.05,5,33.2,21600,-1200,19-APR-2021,
OPTSTK,MGL,29-Apr-2021,1100,PE,41.3,50,34.4,35.2,35.2,36,246.5,85800,-5400,19-APR-2021,
OPTSTK,MGL,29-Apr-2021,1120,PE,0,0,0,40,54.75,0,0,6600,0,19-APR-2021,
OPTSTK,MGL,29-Apr-2021,1140,PE,0,0,0,50.5,69.35,0,0,17400,0,19-APR-2021,
OPTSTK,MGL,29-Apr-2021,1160,PE,0,0,0,61,85.3,0,0,9600,0,19-APR-2021,
OPTSTK,MGL,29-Apr-2021,1180,PE,0,0,0,66.9,102.45,0,0,3000,0,19-APR-2021,
OPTSTK,MGL,29-Apr-2021,1200,PE,0,0,0,118.65,120.5,0,0,10200,0,19-APR-2021,
OPTSTK,MGL,29-Apr-2021,1220,PE,0,0,0,57.45,139.2,0,0,3600,0,19-APR-2021,
OPTSTK,MGL,29-Apr-2021,1240,PE,0,0,0,212.8,158.35,0,0,0,0,19-APR-2021,
OPTSTK,MGL,29-Apr-2021,1260,PE,0,0,0,228.5,177.8,0,0,0,0,19-APR-2021,
OPTSTK,MGL,29-Apr-2021,1280,PE,0,0,0,244.55,197.5,0,0,0,0,19-APR-2021,
OPTSTK,MGL,29-Apr-2021,1300,PE,0,0,0,260.95,217.3,0,0,0,0,19-APR-2021,
OPTSTK,MGL,29-Apr-2021,1320,PE,0,0,0,277.65,237.15,0,0,0,0,19-APR-2021,
OPTSTK,MGL,29-Apr-2021,1340,PE,0,0,0,294.7,257.1,0,0,0,0,19-APR-2021,
OPTSTK,MGL,29-Apr-2021,1360,PE,0,0,0,312,277.05,0,0,0,0,19-APR-2021,
OPTSTK,MGL,29-Apr-2021,1380,PE,0,0,0,329.55,297,0,0,0,0,19-APR-2021,
OPTSTK,MGL,29-Apr-2021,1400,PE,0,0,0,347.35,317,0,0,0,0,19-APR-2021,
OPTSTK,MGL,29-Apr-2021,1420,PE,0,0,0,365.35,336.95,0,0,0,0,19-APR-2021,
OPTSTK,MGL,29-Apr-2021,1440,PE,0,0,0,383.55,356.95,0,0,0,0,19-APR-2021,
OPTSTK,MGL,27-May-2021,760,CE,0,0,0,446.45,324.95,0,0,0,0,19-APR-2021,
OPTSTK,MGL,27-May-2021,780,CE,0,0,0,427.25,305.25,0,0,0,0,19-APR-2021,
OPTSTK,MGL,27-May-2021,800,CE,0,0,0,408.25,285.65,0,0,0,0,19-APR-2021,
OPTSTK,MGL,27-May-2021,820,CE,0,0,0,389.45,266.3,0,0,0,0,19-APR-2021,
OPTSTK,MGL,27-May-2021,840,CE,0,0,0,370.85,247.15,0,0,0,0,19-APR-2021,
OPTSTK,MGL,27-May-2021,860,CE,0,0,0,352.55,228.3,0,0,0,0,19-APR-2021,
OPTSTK,MGL,27-May-2021,880,CE,0,0,0,334.6,209.85,0,0,0,0,19-APR-2021,
OPTSTK,MGL,27-May-2021,900,CE,0,0,0,316.95,191.9,0,0,0,0,19-APR-2021,
OPTSTK,MGL,27-May-2021,920,CE,0,0,0,299.7,174.5,0,0,0,0,19-APR-2021,
OPTSTK,MGL,27-May-2021,940,CE,0,0,0,282.85,157.8,0,0,0,0,19-APR-2021,
OPTSTK,MGL,27-May-2021,960,CE,0,0,0,266.45,141.85,0,0,0,0,19-APR-2021,
OPTSTK,MGL,27-May-2021,980,CE,0,0,0,250.55,126.8,0,0,0,0,19-APR-2021,
OPTSTK,MGL,27-May-2021,1000,CE,0,0,0,235.15,112.5,0,0,0,0,19-APR-2021,
OPTSTK,MGL,27-May-2021,1020,CE,0,0,0,220.35,99.3,0,0,0,0,19-APR-2021,
OPTSTK,MGL,27-May-2021,1040,CE,0,0,0,206.05,87.05,0,0,0,0,19-APR-2021,
OPTSTK,MGL,27-May-2021,1060,CE,0,0,0,192.3,75.85,0,0,0,0,19-APR-2021,
OPTSTK,MGL,27-May-2021,1080,CE,0,0,0,179.1,65.65,0,0,0,0,19-APR-2021,
OPTSTK,MGL,27-May-2021,1100,CE,0,0,0,60.9,56.5,0,0,9000,0,19-APR-2021,
OPTSTK,MGL,27-May-2021,1120,CE,0,0,0,154.6,48.3,0,0,0,0,19-APR-2021,
OPTSTK,MGL,27-May-2021,1140,CE,0,0,0,143.25,41,0,0,0,0,19-APR-2021,
OPTSTK,MGL,27-May-2021,1160,CE,0,0,0,132.55,34.65,0,0,0,0,19-APR-2021,
OPTSTK,MGL,27-May-2021,1180,CE,0,0,0,122.4,29.05,0,0,0,0,19-APR-2021,
OPTSTK,MGL,27-May-2021,1200,CE,9.05,9.05,9.05,9.05,24.3,1,7.25,3600,600,19-APR-2021,
OPTSTK,MGL,27-May-2021,1220,CE,0,0,0,103.85,20.15,0,0,0,0,19-APR-2021,
OPTSTK,MGL,27-May-2021,1240,CE,0,0,0,95.45,16.6,0,0,0,0,19-APR-2021,
OPTSTK,MGL,27-May-2021,1260,CE,0,0,0,87.55,13.65,0,0,0,0,19-APR-2021,
OPTSTK,MGL,27-May-2021,1280,CE,0,0,0,80.2,11.15,0,0,0,0,19-APR-2021,
OPTSTK,MGL,27-May-2021,1300,CE,5,5,3.8,3.95,3.95,5,39.13,7800,-600,19-APR-2021,
OPTSTK,MGL,27-May-2021,1320,CE,0,0,0,67,7.3,0,0,0,0,19-APR-2021,
OPTSTK,MGL,27-May-2021,1340,CE,0,0,0,61.15,5.85,0,0,0,0,19-APR-2021,
OPTSTK,MGL,27-May-2021,1360,CE,0,0,0,55.7,4.7,0,0,0,0,19-APR-2021,
OPTSTK,MGL,27-May-2021,1380,CE,0,0,0,50.7,3.75,0,0,0,0,19-APR-2021,
OPTSTK,MGL,27-May-2021,1400,CE,0,0,0,46.1,2.95,0,0,0,0,19-APR-2021,
OPTSTK,MGL,27-May-2021,1420,CE,0,0,0,41.85,2.35,0,0,0,0,19-APR-2021,
OPTSTK,MGL,27-May-2021,1440,CE,0,0,0,37.95,1.85,0,0,0,0,19-APR-2021,
OPTSTK,MGL,27-May-2021,760,PE,0,0,0,1.7,0.35,0,0,0,0,19-APR-2021,
OPTSTK,MGL,27-May-2021,780,PE,0,0,0,2.3,0.55,0,0,0,0,19-APR-2021,
OPTSTK,MGL,27-May-2021,800,PE,0,0,0,3.1,0.9,0,0,0,0,19-APR-2021,
OPTSTK,MGL,27-May-2021,820,PE,0,0,0,4.1,1.45,0,0,0,0,19-APR-2021,
OPTSTK,MGL,27-May-2021,840,PE,0,0,0,5.35,2.2,0,0,0,0,19-APR-2021,
OPTSTK,MGL,27-May-2021,860,PE,0,0,0,6.85,3.3,0,0,0,0,19-APR-2021,
OPTSTK,MGL,27-May-2021,880,PE,0,0,0,8.7,4.75,0,0,0,0,19-APR-2021,
OPTSTK,MGL,27-May-2021,900,PE,0,0,0,10.85,6.75,0,0,0,0,19-APR-2021,
OPTSTK,MGL,27-May-2021,920,PE,0,0,0,13.45,9.3,0,0,0,0,19-APR-2021,
OPTSTK,MGL,27-May-2021,940,PE,0,0,0,16.4,12.5,0,0,0,0,19-APR-2021,
OPTSTK,MGL,27-May-2021,960,PE,0,0,0,19.85,16.45,0,0,0,0,19-APR-2021,
OPTSTK,MGL,27-May-2021,980,PE,0,0,0,10,21.3,0,0,600,0,19-APR-2021,
OPTSTK,MGL,27-May-2021,1000,PE,18,18,16.85,17,26.95,6,36.62,21600,3000,19-APR-2021,
OPTSTK,MGL,27-May-2021,1020,PE,0,0,0,33.15,33.65,0,0,0,0,19-APR-2021,
OPTSTK,MGL,27-May-2021,1040,PE,0,0,0,27.2,41.35,0,0,2400,0,19-APR-2021,
OPTSTK,MGL,27-May-2021,1060,PE,0,0,0,44.7,50.05,0,0,0,0,19-APR-2021,
OPTSTK,MGL,27-May-2021,1080,PE,0,0,0,51.35,59.8,0,0,0,0,19-APR-2021,
OPTSTK,MGL,27-May-2021,1100,PE,58,59.95,55.55,57,70.55,7,48.61,19800,3000,19-APR-2021,
OPTSTK,MGL,27-May-2021,1120,PE,0,0,0,66.5,82.25,0,0,0,0,19-APR-2021,
OPTSTK,MGL,27-May-2021,1140,PE,0,0,0,74.95,94.9,0,0,0,0,19-APR-2021,
OPTSTK,MGL,27-May-2021,1160,PE,0,0,0,84.05,108.45,0,0,0,0,19-APR-2021,
OPTSTK,MGL,27-May-2021,1180,PE,0,0,0,93.7,122.8,0,0,0,0,19-APR-2021,
OPTSTK,MGL,27-May-2021,1200,PE,0,0,0,103.95,138,0,0,0,0,19-APR-2021,
OPTSTK,MGL,27-May-2021,1220,PE,0,0,0,114.8,153.75,0,0,0,0,19-APR-2021,
OPTSTK,MGL,27-May-2021,1240,PE,0,0,0,126.2,170.15,0,0,0,0,19-APR-2021,
OPTSTK,MGL,27-May-2021,1260,PE,0,0,0,138.15,187.1,0,0,0,0,19-APR-2021,
OPTSTK,MGL,27-May-2021,1280,PE,0,0,0,150.6,204.5,0,0,0,0,19-APR-2021,
OPTSTK,MGL,27-May-2021,1300,PE,0,0,0,163.6,222.3,0,0,0,0,19-APR-2021,
OPTSTK,MGL,27-May-2021,1320,PE,0,0,0,177.05,240.5,0,0,0,0,19-APR-2021,
OPTSTK,MGL,27-May-2021,1340,PE,0,0,0,190.95,259,0,0,0,0,19-APR-2021,
OPTSTK,MGL,27-May-2021,1360,PE,0,0,0,205.35,277.75,0,0,0,0,19-APR-2021,
OPTSTK,MGL,27-May-2021,1380,PE,0,0,0,220.2,296.7,0,0,0,0,19-APR-2021,
OPTSTK,MGL,27-May-2021,1400,PE,0,0,0,235.35,315.85,0,0,0,0,19-APR-2021,
OPTSTK,MGL,27-May-2021,1420,PE,0,0,0,250.95,335.15,0,0,0,0,19-APR-2021,
OPTSTK,MGL,27-May-2021,1440,PE,0,0,0,266.85,354.6,0,0,0,0,19-APR-2021,
OPTSTK,MGL,24-Jun-2021,760,CE,0,0,0,390.9,328.85,0,0,0,0,19-APR-2021,
OPTSTK,MGL,24-Jun-2021,780,CE,0,0,0,372,309.9,0,0,0,0,19-APR-2021,
OPTSTK,MGL,24-Jun-2021,800,CE,0,0,0,353.4,291.15,0,0,0,0,19-APR-2021,
OPTSTK,MGL,24-Jun-2021,820,CE,0,0,0,335.05,272.8,0,0,0,0,19-APR-2021,
OPTSTK,MGL,24-Jun-2021,840,CE,0,0,0,317.05,254.8,0,0,0,0,19-APR-2021,
OPTSTK,MGL,24-Jun-2021,860,CE,0,0,0,299.4,237.25,0,0,0,0,19-APR-2021,
OPTSTK,MGL,24-Jun-2021,880,CE,0,0,0,282.15,220.2,0,0,0,0,19-APR-2021,
OPTSTK,MGL,24-Jun-2021,900,CE,0,0,0,265.35,203.7,0,0,0,0,19-APR-2021,
OPTSTK,MGL,24-Jun-2021,920,CE,0,0,0,249,187.85,0,0,0,0,19-APR-2021,
OPTSTK,MGL,24-Jun-2021,940,CE,0,0,0,233.2,172.6,0,0,0,0,19-APR-2021,
OPTSTK,MGL,24-Jun-2021,960,CE,0,0,0,217.95,158.15,0,0,0,0,19-APR-2021,
OPTSTK,MGL,24-Jun-2021,980,CE,0,0,0,203.25,144.3,0,0,0,0,19-APR-2021,
OPTSTK,MGL,24-Jun-2021,1000,CE,0,0,0,189.15,131.25,0,0,0,0,19-APR-2021,
OPTSTK,MGL,24-Jun-2021,1020,CE,0,0,0,175.6,119,0,0,0,0,19-APR-2021,
OPTSTK,MGL,24-Jun-2021,1040,CE,0,0,0,162.75,107.55,0,0,0,0,19-APR-2021,
OPTSTK,MGL,24-Jun-2021,1060,CE,0,0,0,150.55,96.9,0,0,0,0,19-APR-2021,
OPTSTK,MGL,24-Jun-2021,1080,CE,0,0,0,138.95,87,0,0,0,0,19-APR-2021,
OPTSTK,MGL,24-Jun-2021,1100,CE,0,0,0,128,77.85,0,0,0,0,19-APR-2021,
OPTSTK,MGL,24-Jun-2021,1120,CE,0,0,0,117.7,69.45,0,0,0,0,19-APR-2021,
OPTSTK,MGL,24-Jun-2021,1140,CE,0,0,0,108,61.75,0,0,0,0,19-APR-2021,
OPTSTK,MGL,24-Jun-2021,1160,CE,0,0,0,98.95,54.8,0,0,0,0,19-APR-2021,
OPTSTK,MGL,24-Jun-2021,1180,CE,0,0,0,90.5,48.45,0,0,0,0,19-APR-2021,
OPTSTK,MGL,24-Jun-2021,1200,CE,0,0,0,82.6,42.7,0,0,0,0,19-APR-2021,
OPTSTK,MGL,24-Jun-2021,1220,CE,0,0,0,75.25,37.6,0,0,0,0,19-APR-2021,
OPTSTK,MGL,24-Jun-2021,1240,CE,0,0,0,68.45,33,0,0,0,0,19-APR-2021,
OPTSTK,MGL,24-Jun-2021,1260,CE,0,0,0,62.15,28.85,0,0,0,0,19-APR-2021,
OPTSTK,MGL,24-Jun-2021,1280,CE,0,0,0,56.35,25.15,0,0,0,0,19-APR-2021,
OPTSTK,MGL,24-Jun-2021,1300,CE,0,0,0,51,21.9,0,0,0,0,19-APR-2021,
OPTSTK,MGL,24-Jun-2021,1320,CE,0,0,0,46.2,19,0,0,0,0,19-APR-2021,
OPTSTK,MGL,24-Jun-2021,1340,CE,0,0,0,41.7,16.45,0,0,0,0,19-APR-2021,
OPTSTK,MGL,24-Jun-2021,1360,CE,0,0,0,37.6,14.25,0,0,0,0,19-APR-2021,
OPTSTK,MGL,24-Jun-2021,1380,CE,0,0,0,33.8,12.3,0,0,0,0,19-APR-2021,
OPTSTK,MGL,24-Jun-2021,1400,CE,0,0,0,30.4,10.55,0,0,0,0,19-APR-2021,
OPTSTK,MGL,24-Jun-2021,1420,CE,0,0,0,27.3,9.1,0,0,0,0,19-APR-2021,
OPTSTK,MGL,24-Jun-2021,1440,CE,0,0,0,24.5,7.8,0,0,0,0,19-APR-2021,
OPTSTK,MGL,24-Jun-2021,760,PE,0,0,0,2.7,2.1,0,0,0,0,19-APR-2021,
OPTSTK,MGL,24-Jun-2021,780,PE,0,0,0,3.65,2.95,0,0,0,0,19-APR-2021,
OPTSTK,MGL,24-Jun-2021,800,PE,0,0,0,4.85,4.1,0,0,0,0,19-APR-2021,
OPTSTK,MGL,24-Jun-2021,820,PE,0,0,0,6.3,5.6,0,0,0,0,19-APR-2021,
OPTSTK,MGL,24-Jun-2021,840,PE,0,0,0,8.1,7.45,0,0,0,0,19-APR-2021,
OPTSTK,MGL,24-Jun-2021,860,PE,0,0,0,10.3,9.8,0,0,0,0,19-APR-2021,
OPTSTK,MGL,24-Jun-2021,880,PE,0,0,0,12.85,12.6,0,0,0,0,19-APR-2021,
OPTSTK,MGL,24-Jun-2021,900,PE,0,0,0,15.85,16,0,0,0,0,19-APR-2021,
OPTSTK,MGL,24-Jun-2021,920,PE,0,0,0,19.35,19.95,0,0,0,0,19-APR-2021,
OPTSTK,MGL,24-Jun-2021,940,PE,0,0,0,23.35,24.6,0,0,0,0,19-APR-2021,
OPTSTK,MGL,24-Jun-2021,960,PE,0,0,0,27.9,30,0,0,0,0,19-APR-2021,
OPTSTK,MGL,24-Jun-2021,980,PE,0,0,0,33.05,36,0,0,0,0,19-APR-2021,
OPTSTK,MGL,24-Jun-2021,1000,PE,30,30,27,27,42.85,3,18.5,58200,600,19-APR-2021,
OPTSTK,MGL,24-Jun-2021,1020,PE,0,0,0,45.05,50.5,0,0,0,0,19-APR-2021,
OPTSTK,MGL,24-Jun-2021,1040,PE,0,0,0,52,58.9,0,0,0,0,19-APR-2021,
OPTSTK,MGL,24-Jun-2021,1060,PE,0,0,0,59.6,68.05,0,0,0,0,19-APR-2021,
OPTSTK,MGL,24-Jun-2021,1080,PE,0,0,0,67.8,78.05,0,0,0,0,19-APR-2021,
OPTSTK,MGL,24-Jun-2021,1100,PE,0,0,0,76.7,88.75,0,0,0,0,19-APR-2021,
OPTSTK,MGL,24-Jun-2021,1120,PE,0,0,0,86.2,100.25,0,0,0,0,19-APR-2021,
OPTSTK,MGL,24-Jun-2021,1140,PE,0,0,0,96.3,112.4,0,0,0,0,19-APR-2021,
OPTSTK,MGL,24-Jun-2021,1160,PE,0,0,0,107.05,125.3,0,0,0,0,19-APR-2021,
OPTSTK,MGL,24-Jun-2021,1180,PE,0,0,0,118.4,138.8,0,0,0,0,19-APR-2021,
OPTSTK,MGL,24-Jun-2021,1200,PE,0,0,0,130.3,152.95,0,0,0,0,19-APR-2021,
OPTSTK,MGL,24-Jun-2021,1220,PE,0,0,0,142.8,167.7,0,0,0,0,19-APR-2021,
OPTSTK,MGL,24-Jun-2021,1240,PE,0,0,0,155.8,182.95,0,0,0,0,19-APR-2021,
OPTSTK,MGL,24-Jun-2021,1260,PE,0,0,0,169.35,198.65,0,0,0,0,19-APR-2021,
OPTSTK,MGL,24-Jun-2021,1280,PE,0,0,0,183.35,214.85,0,0,0,0,19-APR-2021,
OPTSTK,MGL,24-Jun-2021,1300,PE,0,0,0,197.8,231.45,0,0,0,0,19-APR-2021,
OPTSTK,MGL,24-Jun-2021,1320,PE,0,0,0,212.8,248.45,0,0,0,0,19-APR-2021,
OPTSTK,MGL,24-Jun-2021,1340,PE,0,0,0,228.15,265.75,0,0,0,0,19-APR-2021,
OPTSTK,MGL,24-Jun-2021,1360,PE,0,0,0,243.85,283.4,0,0,0,0,19-APR-2021,
OPTSTK,MGL,24-Jun-2021,1380,PE,0,0,0,259.9,301.3,0,0,0,0,19-APR-2021,
OPTSTK,MGL,24-Jun-2021,1400,PE,0,0,0,276.3,319.45,0,0,0,0,19-APR-2021,
OPTSTK,MGL,24-Jun-2021,1420,PE,0,0,0,293,337.85,0,0,0,0,19-APR-2021,
OPTSTK,MGL,24-Jun-2021,1440,PE,0,0,0,310,356.4,0,0,0,0,19-APR-2021,
OPTSTK,MINDTREE,29-Apr-2021,1060,CE,0,0,0,622.5,1033.9,0,0,0,0,19-APR-2021,
OPTSTK,MINDTREE,29-Apr-2021,1080,CE,0,0,0,604.05,1013.95,0,0,0,0,19-APR-2021,
OPTSTK,MINDTREE,29-Apr-2021,1100,CE,0,0,0,585.8,993.95,0,0,0,0,19-APR-2021,
OPTSTK,MINDTREE,29-Apr-2021,1120,CE,0,0,0,567.75,974,0,0,0,0,19-APR-2021,
OPTSTK,MINDTREE,29-Apr-2021,1140,CE,0,0,0,549.9,954,0,0,0,0,19-APR-2021,
OPTSTK,MINDTREE,29-Apr-2021,1160,CE,0,0,0,532.25,934,0,0,0,0,19-APR-2021,
OPTSTK,MINDTREE,29-Apr-2021,1180,CE,0,0,0,514.9,914.05,0,0,0,0,19-APR-2021,
OPTSTK,MINDTREE,29-Apr-2021,1200,CE,0,0,0,497.75,894.05,0,0,0,0,19-APR-2021,
OPTSTK,MINDTREE,29-Apr-2021,1220,CE,0,0,0,480.9,874.1,0,0,0,0,19-APR-2021,
OPTSTK,MINDTREE,29-Apr-2021,1240,CE,0,0,0,464.3,854.1,0,0,0,0,19-APR-2021,
OPTSTK,MINDTREE,29-Apr-2021,1260,CE,0,0,0,448,834.1,0,0,0,0,19-APR-2021,
OPTSTK,MINDTREE,29-Apr-2021,1280,CE,0,0,0,432,814.15,0,0,0,0,19-APR-2021,
OPTSTK,MINDTREE,29-Apr-2021,1300,CE,0,0,0,416.3,794.15,0,0,0,0,19-APR-2021,
OPTSTK,MINDTREE,29-Apr-2021,1320,CE,0,0,0,400.95,774.2,0,0,0,0,19-APR-2021,
OPTSTK,MINDTREE,29-Apr-2021,1340,CE,0,0,0,385.9,754.2,0,0,0,0,19-APR-2021,
OPTSTK,MINDTREE,29-Apr-2021,1360,CE,0,0,0,371.25,734.2,0,0,0,0,19-APR-2021,
OPTSTK,MINDTREE,29-Apr-2021,1380,CE,0,0,0,356.9,714.25,0,0,0,0,19-APR-2021,
OPTSTK,MINDTREE,29-Apr-2021,1400,CE,0,0,0,342.85,694.25,0,0,0,0,19-APR-2021,
OPTSTK,MINDTREE,29-Apr-2021,1420,CE,0,0,0,329.2,674.3,0,0,0,0,19-APR-2021,
OPTSTK,MINDTREE,29-Apr-2021,1440,CE,0,0,0,315.9,654.3,0,0,0,0,19-APR-2021,
OPTSTK,MINDTREE,29-Apr-2021,1460,CE,0,0,0,302.9,634.3,0,0,0,0,19-APR-2021,
OPTSTK,MINDTREE,29-Apr-2021,1480,CE,0,0,0,290.35,614.35,0,0,0,0,19-APR-2021,
OPTSTK,MINDTREE,29-Apr-2021,1500,CE,0,0,0,278.15,594.35,0,0,0,0,19-APR-2021,
OPTSTK,MINDTREE,29-Apr-2021,1520,CE,0,0,0,266.3,574.4,0,0,0,0,19-APR-2021,
OPTSTK,MINDTREE,29-Apr-2021,1540,CE,0,0,0,254.85,554.4,0,0,0,0,19-APR-2021,
OPTSTK,MINDTREE,29-Apr-2021,1560,CE,0,0,0,243.7,534.45,0,0,0,0,19-APR-2021,
OPTSTK,MINDTREE,29-Apr-2021,1580,CE,0,0,0,233,514.45,0,0,0,0,19-APR-2021,
OPTSTK,MINDTREE,29-Apr-2021,1600,CE,0,0,0,222.6,494.5,0,0,0,0,19-APR-2021,
OPTSTK,MINDTREE,29-Apr-2021,1620,CE,0,0,0,212.55,474.55,0,0,0,0,19-APR-2021,
OPTSTK,MINDTREE,29-Apr-2021,1640,CE,0,0,0,202.85,454.65,0,0,0,0,19-APR-2021,
OPTSTK,MINDTREE,29-Apr-2021,1660,CE,0,0,0,193.55,434.75,0,0,0,0,19-APR-2021,
OPTSTK,MINDTREE,29-Apr-2021,1680,CE,0,0,0,184.55,414.9,0,0,0,0,19-APR-2021,
OPTSTK,MINDTREE,29-Apr-2021,1700,CE,0,0,0,175.9,395.05,0,0,0,0,19-APR-2021,
OPTSTK,MINDTREE,29-Apr-2021,1720,CE,0,0,0,167.55,375.35,0,0,0,0,19-APR-2021,
OPTSTK,MINDTREE,29-Apr-2021,1740,CE,0,0,0,159.55,355.7,0,0,0,0,19-APR-2021,
OPTSTK,MINDTREE,29-Apr-2021,1760,CE,0,0,0,151.85,336.2,0,0,0,0,19-APR-2021,
OPTSTK,MINDTREE,29-Apr-2021,1780,CE,0,0,0,144.45,316.85,0,0,0,0,19-APR-2021,
OPTSTK,MINDTREE,29-Apr-2021,1800,CE,0,0,0,137.4,297.7,0,0,0,0,19-APR-2021,
OPTSTK,MINDTREE,29-Apr-2021,1820,CE,0,0,0,130.6,278.8,0,0,0,0,19-APR-2021,
OPTSTK,MINDTREE,29-Apr-2021,1840,CE,0,0,0,124.1,260.2,0,0,0,0,19-APR-2021,
OPTSTK,MINDTREE,29-Apr-2021,1860,CE,0,0,0,117.85,241.95,0,0,0,0,19-APR-2021,
OPTSTK,MINDTREE,29-Apr-2021,1880,CE,0,0,0,111.9,224.15,0,0,0,0,19-APR-2021,
OPTSTK,MINDTREE,29-Apr-2021,1900,CE,203.7,203.7,194.85,194.85,206.8,2,33.58,4800,0,19-APR-2021,
OPTSTK,MINDTREE,29-Apr-2021,1920,CE,0,0,0,100.75,189.95,0,0,0,0,19-APR-2021,
OPTSTK,MINDTREE,29-Apr-2021,1940,CE,0,0,0,95.55,173.75,0,0,0,0,19-APR-2021,
OPTSTK,MINDTREE,29-Apr-2021,1960,CE,0,0,0,90.7,158.2,0,0,0,0,19-APR-2021,
OPTSTK,MINDTREE,29-Apr-2021,1980,CE,0,0,0,155,143.45,0,0,4000,0,19-APR-2021,
OPTSTK,MINDTREE,29-Apr-2021,2000,CE,80.05,161.25,80.05,128.95,129.25,63,1073.1,42400,-6400,19-APR-2021,
OPTSTK,MINDTREE,29-Apr-2021,2020,CE,143,143,99.95,136.95,116,7,120.37,10400,-4000,19-APR-2021,
OPTSTK,MINDTREE,29-Apr-2021,2040,CE,110,120,93.75,100.9,100.9,7,120.21,8000,-800,19-APR-2021,
OPTSTK,MINDTREE,29-Apr-2021,2060,CE,81,123.15,72.6,84.3,84.3,258,4439.34,26400,-11200,19-APR-2021,
OPTSTK,MINDTREE,29-Apr-2021,2080,CE,42.9,111,42.9,74.75,74.75,407,7040.92,32000,-8000,19-APR-2021,
OPTSTK,MINDTREE,29-Apr-2021,2100,CE,58,98.45,33.1,64.75,64.75,2957,51419.43,172000,-38400,19-APR-2021,
OPTSTK,MINDTREE,29-Apr-2021,2120,CE,35.35,86,35.3,55.15,55.15,603,10551.05,36000,4000,19-APR-2021,
OPTSTK,MINDTREE,29-Apr-2021,2140,CE,34.25,76,34.25,47.65,47.65,866,15246.93,84000,38400,19-APR-2021,
OPTSTK,MINDTREE,29-Apr-2021,2160,CE,29.05,66.1,27.45,40.45,40.45,955,16902.09,71200,14400,19-APR-2021,
OPTSTK,MINDTREE,29-Apr-2021,2180,CE,35.95,57.7,29.3,34.35,34.35,469,8340.03,56800,21600,19-APR-2021,
OPTSTK,MINDTREE,29-Apr-2021,2200,CE,30,49,20,29.2,29.2,5130,91868.34,456000,113600,19-APR-2021,
OPTSTK,MINDTREE,29-Apr-2021,2220,CE,22.65,42.15,22.15,25.2,25.2,278,5008.55,29600,-3200,19-APR-2021,
OPTSTK,MINDTREE,29-Apr-2021,2240,CE,20,38,18.7,21.45,21.45,427,7751.02,64000,8800,19-APR-2021,
OPTSTK,MINDTREE,29-Apr-2021,2260,CE,22.6,32.8,15.7,18.35,18.35,255,4660.44,28000,3200,19-APR-2021,
OPTSTK,MINDTREE,29-Apr-2021,2280,CE,15,29.2,15,15.2,15.2,43,791.4,19200,0,19-APR-2021,
OPTSTK,MINDTREE,29-Apr-2021,2300,CE,8.55,25.85,8.5,13.7,13.7,1889,35031.87,311200,-3200,19-APR-2021,
OPTSTK,MINDTREE,29-Apr-2021,2320,CE,14.7,23.85,11.05,17.5,12.05,14,261.71,5600,2400,19-APR-2021,
OPTSTK,MINDTREE,29-Apr-2021,2340,CE,17.95,20,9,10.45,10.45,42,790.93,26400,-4800,19-APR-2021,
OPTSTK,MINDTREE,29-Apr-2021,2360,CE,0,0,0,32.15,8.15,0,0,0,0,19-APR-2021,
OPTSTK,MINDTREE,29-Apr-2021,2380,CE,11.5,17,5.4,11,6.6,16,306.13,28800,-800,19-APR-2021,
OPTSTK,MINDTREE,29-Apr-2021,2400,CE,9.35,13,2.55,7.1,7.1,1282,24708.69,269600,-31200,19-APR-2021,
OPTSTK,MINDTREE,29-Apr-2021,2420,CE,0,0,0,22.45,4.35,0,0,0,0,19-APR-2021,
OPTSTK,MINDTREE,29-Apr-2021,2440,CE,10.6,10.65,6,6,3.5,41,802.89,38400,4000,19-APR-2021,
OPTSTK,MINDTREE,29-Apr-2021,2460,CE,0,0,0,7,2.8,0,0,8800,0,19-APR-2021,
OPTSTK,MINDTREE,29-Apr-2021,2480,CE,0,0,0,17.5,2.2,0,0,0,0,19-APR-2021,
OPTSTK,MINDTREE,29-Apr-2021,2500,CE,4.2,7.4,1.85,3.7,3.7,284,5691.34,119200,11200,19-APR-2021,
OPTSTK,MINDTREE,29-Apr-2021,2520,CE,4.05,5,3,3,1.4,5,100.97,3200,-2400,19-APR-2021,
OPTSTK,MINDTREE,29-Apr-2021,2540,CE,4,4,3,3,1.1,6,122.08,2400,-800,19-APR-2021,
OPTSTK,MINDTREE,29-Apr-2021,2560,CE,0,0,0,22.15,0.85,0,0,0,0,19-APR-2021,
OPTSTK,MINDTREE,29-Apr-2021,2580,CE,0,0,0,20.35,0.65,0,0,0,0,19-APR-2021,
OPTSTK,MINDTREE,29-Apr-2021,2600,CE,5.5,5.5,2.05,2.05,0.5,5,104.12,5600,0,19-APR-2021,
OPTSTK,MINDTREE,29-Apr-2021,2620,CE,0,0,0,17.2,0.4,0,0,0,0,19-APR-2021,
OPTSTK,MINDTREE,29-Apr-2021,1060,PE,0,0,0,7.45,0,0,0,0,0,19-APR-2021,
OPTSTK,MINDTREE,29-Apr-2021,1080,PE,0,0,0,8.8,0,0,0,0,0,19-APR-2021,
OPTSTK,MINDTREE,29-Apr-2021,1100,PE,0,0,0,10.4,0,0,0,0,0,19-APR-2021,
OPTSTK,MINDTREE,29-Apr-2021,1120,PE,0,0,0,12.15,0,0,0,0,0,19-APR-2021,
OPTSTK,MINDTREE,29-Apr-2021,1140,PE,0,0,0,14.1,0,0,0,0,0,19-APR-2021,
OPTSTK,MINDTREE,29-Apr-2021,1160,PE,0,0,0,16.3,0,0,0,0,0,19-APR-2021,
OPTSTK,MINDTREE,29-Apr-2021,1180,PE,0,0,0,18.7,0,0,0,0,0,19-APR-2021,
OPTSTK,MINDTREE,29-Apr-2021,1200,PE,0,0,0,21.4,0,0,0,0,0,19-APR-2021,
OPTSTK,MINDTREE,29-Apr-2021,1220,PE,0,0,0,24.35,0,0,0,0,0,19-APR-2021,
OPTSTK,MINDTREE,29-Apr-2021,1240,PE,0,0,0,27.55,0,0,0,0,0,19-APR-2021,
OPTSTK,MINDTREE,29-Apr-2021,1260,PE,0,0,0,31.1,0,0,0,0,0,19-APR-2021,
OPTSTK,MINDTREE,29-Apr-2021,1280,PE,0,0,0,34.9,0,0,0,0,0,19-APR-2021,
OPTSTK,MINDTREE,29-Apr-2021,1300,PE,0,0,0,39.05,0,0,0,0,0,19-APR-2021,
OPTSTK,MINDTREE,29-Apr-2021,1320,PE,0,0,0,43.5,0,0,0,0,0,19-APR-2021,
OPTSTK,MINDTREE,29-Apr-2021,1340,PE,0,0,0,48.25,0,0,0,0,0,19-APR-2021,
OPTSTK,MINDTREE,29-Apr-2021,1360,PE,0,0,0,53.4,0,0,0,0,0,19-APR-2021,
OPTSTK,MINDTREE,29-Apr-2021,1380,PE,0,0,0,58.85,0,0,0,0,0,19-APR-2021,
OPTSTK,MINDTREE,29-Apr-2021,1400,PE,0,0,0,0.3,0,0,0,800,0,19-APR-2021,
OPTSTK,MINDTREE,29-Apr-2021,1420,PE,0,0,0,70.8,0,0,0,0,0,19-APR-2021,
OPTSTK,MINDTREE,29-Apr-2021,1440,PE,0,0,0,77.3,0,0,0,0,0,19-APR-2021,
OPTSTK,MINDTREE,29-Apr-2021,1460,PE,0,0,0,84.15,0,0,0,0,0,19-APR-2021,
OPTSTK,MINDTREE,29-Apr-2021,1480,PE,0,0,0,91.4,0,0,0,0,0,19-APR-2021,
OPTSTK,MINDTREE,29-Apr-2021,1500,PE,0,0,0,99,0,0,0,0,0,19-APR-2021,
OPTSTK,MINDTREE,29-Apr-2021,1520,PE,0,0,0,107,0.05,0,0,0,0,19-APR-2021,
OPTSTK,MINDTREE,29-Apr-2021,1540,PE,0,0,0,115.3,0.05,0,0,0,0,19-APR-2021,
OPTSTK,MINDTREE,29-Apr-2021,1560,PE,0,0,0,124.05,0.05,0,0,0,0,19-APR-2021,
OPTSTK,MINDTREE,29-Apr-2021,1580,PE,0,0,0,133.1,0.05,0,0,0,0,19-APR-2021,
OPTSTK,MINDTREE,29-Apr-2021,1600,PE,0,0,0,3,0.05,0,0,4000,0,19-APR-2021,
OPTSTK,MINDTREE,29-Apr-2021,1620,PE,0,0,0,152.3,0.1,0,0,0,0,19-APR-2021,
OPTSTK,MINDTREE,29-Apr-2021,1640,PE,0,0,0,162.45,0.15,0,0,0,0,19-APR-2021,
OPTSTK,MINDTREE,29-Apr-2021,1660,PE,0,0,0,172.9,0.25,0,0,0,0,19-APR-2021,
OPTSTK,MINDTREE,29-Apr-2021,1680,PE,0,0,0,183.75,0.35,0,0,0,0,19-APR-2021,
OPTSTK,MINDTREE,29-Apr-2021,1700,PE,3,3,1.5,1.7,1.7,27,367.66,45600,-2400,19-APR-2021,
OPTSTK,MINDTREE,29-Apr-2021,1720,PE,0,0,0,5,0.8,0,0,2400,0,19-APR-2021,
OPTSTK,MINDTREE,29-Apr-2021,1740,PE,0,0,0,6,1.1,0,0,2400,0,19-APR-2021,
OPTSTK,MINDTREE,29-Apr-2021,1760,PE,2.95,2.95,2.95,2.95,1.6,1,14.1,3200,0,19-APR-2021,
OPTSTK,MINDTREE,29-Apr-2021,1780,PE,0,0,0,242.75,2.2,0,0,0,0,19-APR-2021,
OPTSTK,MINDTREE,29-Apr-2021,1800,PE,8.15,9.5,3.8,5.25,5.25,372,5373.22,86400,-27200,19-APR-2021,
OPTSTK,MINDTREE,29-Apr-2021,1820,PE,7,8.1,6,7.7,4.15,5,73.07,4000,3200,19-APR-2021,
OPTSTK,MINDTREE,29-Apr-2021,1840,PE,13.8,13.8,5,5,5.5,4,59.19,3200,0,19-APR-2021,
OPTSTK,MINDTREE,29-Apr-2021,1860,PE,8,12.25,5.8,5.85,7.25,49,732.27,22400,9600,19-APR-2021,
OPTSTK,MINDTREE,29-Apr-2021,1880,PE,0,0,0,309.25,9.4,0,0,0,0,19-APR-2021,
OPTSTK,MINDTREE,29-Apr-2021,1900,PE,29.05,29.05,8.25,12,12,1086,16619.4,196800,6400,19-APR-2021,
OPTSTK,MINDTREE,29-Apr-2021,1920,PE,0,0,0,35.9,15.2,0,0,0,0,19-APR-2021,
OPTSTK,MINDTREE,29-Apr-2021,1940,PE,18,18,11.7,14.2,19,13,203.3,11200,800,19-APR-2021,
OPTSTK,MINDTREE,29-Apr-2021,1960,PE,31.05,31.05,14.5,20,20,24,380.71,14400,2400,19-APR-2021,
OPTSTK,MINDTREE,29-Apr-2021,1980,PE,21.65,31.15,20.45,20.45,20.45,6,96.15,4000,2400,19-APR-2021,
OPTSTK,MINDTREE,29-Apr-2021,2000,PE,59.9,62.95,19,26.2,26.2,1510,24540.56,240000,80800,19-APR-2021,
OPTSTK,MINDTREE,29-Apr-2021,2020,PE,42,55,21.35,33.15,33.15,31,509.79,11200,1600,19-APR-2021,
OPTSTK,MINDTREE,29-Apr-2021,2040,PE,60,60,27.35,38.25,38.25,64,1066.6,12800,1600,19-APR-2021,
OPTSTK,MINDTREE,29-Apr-2021,2060,PE,88.7,88.8,33.4,47.45,47.45,343,5796.07,23200,-4000,19-APR-2021,
OPTSTK,MINDTREE,29-Apr-2021,2080,PE,90,90,39.1,54.2,54.2,249,4265.08,22400,800,19-APR-2021,
OPTSTK,MINDTREE,29-Apr-2021,2100,PE,119.1,119.1,46,64,64,879,15226.67,80800,800,19-APR-2021,
OPTSTK,MINDTREE,29-Apr-2021,2120,PE,96.6,99.9,54,75,75,62,1088.45,6400,-3200,19-APR-2021,
OPTSTK,MINDTREE,29-Apr-2021,2140,PE,75,86.35,65.15,85.85,85.85,24,424.94,14400,800,19-APR-2021,
OPTSTK,MINDTREE,29-Apr-2021,2160,PE,88.95,88.95,73.95,86.7,111.9,9,161.32,5600,0,19-APR-2021,
OPTSTK,MINDTREE,29-Apr-2021,2180,PE,0,0,0,147.65,125.3,0,0,800,0,19-APR-2021,
OPTSTK,MINDTREE,29-Apr-2021,2200,PE,151.8,153,95.7,110.75,139.45,37,686.87,43200,-7200,19-APR-2021,
OPTSTK,MINDTREE,29-Apr-2021,2220,PE,0,0,0,578.35,154.35,0,0,0,0,19-APR-2021,
OPTSTK,MINDTREE,29-Apr-2021,2240,PE,0,0,0,247.75,169.75,0,0,2400,0,19-APR-2021,
OPTSTK,MINDTREE,29-Apr-2021,2260,PE,0,0,0,157.35,185.8,0,0,0,0,19-APR-2021,
OPTSTK,MINDTREE,29-Apr-2021,2280,PE,0,0,0,608.1,202.35,0,0,0,0,19-APR-2021,
OPTSTK,MINDTREE,29-Apr-2021,2300,PE,0,0,0,114.2,219.4,0,0,800,0,19-APR-2021,
OPTSTK,MINDTREE,29-Apr-2021,2320,PE,0,0,0,621.1,236.9,0,0,0,0,19-APR-2021,
OPTSTK,MINDTREE,29-Apr-2021,2340,PE,0,0,0,615.9,254.75,0,0,0,0,19-APR-2021,
OPTSTK,MINDTREE,29-Apr-2021,2360,PE,0,0,0,617.85,272.95,0,0,0,0,19-APR-2021,
OPTSTK,MINDTREE,29-Apr-2021,2380,PE,0,0,0,587.3,291.4,0,0,0,0,19-APR-2021,
OPTSTK,MINDTREE,29-Apr-2021,2400,PE,0,0,0,605.85,310.15,0,0,0,0,19-APR-2021,
OPTSTK,MINDTREE,29-Apr-2021,2420,PE,0,0,0,537.8,329.05,0,0,0,0,19-APR-2021,
OPTSTK,MINDTREE,29-Apr-2021,2440,PE,0,0,0,555.95,348.2,0,0,0,0,19-APR-2021,
OPTSTK,MINDTREE,29-Apr-2021,2460,PE,0,0,0,574.2,367.5,0,0,0,0,19-APR-2021,
OPTSTK,MINDTREE,29-Apr-2021,2480,PE,0,0,0,592.55,386.9,0,0,0,0,19-APR-2021,
OPTSTK,MINDTREE,29-Apr-2021,2500,PE,0,0,0,611.05,406.4,0,0,0,0,19-APR-2021,
OPTSTK,MINDTREE,29-Apr-2021,2520,PE,0,0,0,592.6,426,0,0,0,0,19-APR-2021,
OPTSTK,MINDTREE,29-Apr-2021,2540,PE,0,0,0,611.15,445.7,0,0,0,0,19-APR-2021,
OPTSTK,MINDTREE,29-Apr-2021,2560,PE,0,0,0,549.15,465.45,0,0,0,0,19-APR-2021,
OPTSTK,MINDTREE,29-Apr-2021,2580,PE,0,0,0,567.3,485.25,0,0,0,0,19-APR-2021,
OPTSTK,MINDTREE,29-Apr-2021,2600,PE,0,0,0,585.6,505.1,0,0,0,0,19-APR-2021,
OPTSTK,MINDTREE,29-Apr-2021,2620,PE,0,0,0,604,524.95,0,0,0,0,19-APR-2021,
OPTSTK,MINDTREE,27-May-2021,1060,CE,0,0,0,562.8,1037,0,0,0,0,19-APR-2021,
OPTSTK,MINDTREE,27-May-2021,1080,CE,0,0,0,544.6,1017.1,0,0,0,0,19-APR-2021,
OPTSTK,MINDTREE,27-May-2021,1100,CE,0,0,0,526.55,997.15,0,0,0,0,19-APR-2021,
OPTSTK,MINDTREE,27-May-2021,1120,CE,0,0,0,508.8,977.25,0,0,0,0,19-APR-2021,
OPTSTK,MINDTREE,27-May-2021,1140,CE,0,0,0,491.25,957.3,0,0,0,0,19-APR-2021,
OPTSTK,MINDTREE,27-May-2021,1160,CE,0,0,0,474,937.4,0,0,0,0,19-APR-2021,
OPTSTK,MINDTREE,27-May-2021,1180,CE,0,0,0,457,917.5,0,0,0,0,19-APR-2021,
OPTSTK,MINDTREE,27-May-2021,1200,CE,0,0,0,440.25,897.6,0,0,0,0,19-APR-2021,
OPTSTK,MINDTREE,27-May-2021,1220,CE,0,0,0,423.85,877.7,0,0,0,0,19-APR-2021,
OPTSTK,MINDTREE,27-May-2021,1240,CE,0,0,0,407.75,857.8,0,0,0,0,19-APR-2021,
OPTSTK,MINDTREE,27-May-2021,1260,CE,0,0,0,392,837.9,0,0,0,0,19-APR-2021,
OPTSTK,MINDTREE,27-May-2021,1280,CE,0,0,0,376.55,818,0,0,0,0,19-APR-2021,
OPTSTK,MINDTREE,27-May-2021,1300,CE,0,0,0,361.5,798.15,0,0,0,0,19-APR-2021,
OPTSTK,MINDTREE,27-May-2021,1320,CE,0,0,0,346.8,778.3,0,0,0,0,19-APR-2021,
OPTSTK,MINDTREE,27-May-2021,1340,CE,0,0,0,332.45,758.5,0,0,0,0,19-APR-2021,
OPTSTK,MINDTREE,27-May-2021,1360,CE,0,0,0,318.45,738.7,0,0,0,0,19-APR-2021,
OPTSTK,MINDTREE,27-May-2021,1380,CE,0,0,0,304.8,718.95,0,0,0,0,19-APR-2021,
OPTSTK,MINDTREE,27-May-2021,1400,CE,0,0,0,291.6,699.25,0,0,0,0,19-APR-2021,
OPTSTK,MINDTREE,27-May-2021,1420,CE,0,0,0,278.7,679.6,0,0,0,0,19-APR-2021,
OPTSTK,MINDTREE,27-May-2021,1440,CE,0,0,0,266.25,660,0,0,0,0,19-APR-2021,
OPTSTK,MINDTREE,27-May-2021,1460,CE,0,0,0,254.15,640.45,0,0,0,0,19-APR-2021,
OPTSTK,MINDTREE,27-May-2021,1480,CE,0,0,0,242.5,621,0,0,0,0,19-APR-2021,
OPTSTK,MINDTREE,27-May-2021,1500,CE,0,0,0,500,601.65,0,0,0,0,19-APR-2021,
OPTSTK,MINDTREE,27-May-2021,1520,CE,0,0,0,220.35,582.4,0,0,0,0,19-APR-2021,
OPTSTK,MINDTREE,27-May-2021,1540,CE,0,0,0,209.8,563.25,0,0,0,0,19-APR-2021,
OPTSTK,MINDTREE,27-May-2021,1560,CE,0,0,0,199.7,544.3,0,0,0,0,19-APR-2021,
OPTSTK,MINDTREE,27-May-2021,1580,CE,0,0,0,189.95,525.45,0,0,0,0,19-APR-2021,
OPTSTK,MINDTREE,27-May-2021,1600,CE,0,0,0,180.55,506.8,0,0,0,0,19-APR-2021,
OPTSTK,MINDTREE,27-May-2021,1620,CE,0,0,0,171.55,488.3,0,0,0,0,19-APR-2021,
OPTSTK,MINDTREE,27-May-2021,1640,CE,0,0,0,162.9,470.05,0,0,0,0,19-APR-2021,
OPTSTK,MINDTREE,27-May-2021,1660,CE,0,0,0,154.6,452,0,0,0,0,19-APR-2021,
OPTSTK,MINDTREE,27-May-2021,1680,CE,0,0,0,146.6,434.2,0,0,0,0,19-APR-2021,
OPTSTK,MINDTREE,27-May-2021,1700,CE,0,0,0,139,416.7,0,0,0,0,19-APR-2021,
OPTSTK,MINDTREE,27-May-2021,1720,CE,0,0,0,131.7,399.45,0,0,0,0,19-APR-2021,
OPTSTK,MINDTREE,27-May-2021,1740,CE,0,0,0,124.75,382.5,0,0,0,0,19-APR-2021,
OPTSTK,MINDTREE,27-May-2021,1760,CE,0,0,0,118.05,365.85,0,0,0,0,19-APR-2021,
OPTSTK,MINDTREE,27-May-2021,1780,CE,0,0,0,111.7,349.55,0,0,0,0,19-APR-2021,
OPTSTK,MINDTREE,27-May-2021,1800,CE,0,0,0,105.65,333.6,0,0,0,0,19-APR-2021,
OPTSTK,MINDTREE,27-May-2021,1820,CE,0,0,0,99.85,318,0,0,0,0,19-APR-2021,
OPTSTK,MINDTREE,27-May-2021,1840,CE,0,0,0,94.35,302.85,0,0,0,0,19-APR-2021,
OPTSTK,MINDTREE,27-May-2021,1860,CE,0,0,0,89.1,288.1,0,0,0,0,19-APR-2021,
OPTSTK,MINDTREE,27-May-2021,1880,CE,0,0,0,84.2,273.7,0,0,0,0,19-APR-2021,
OPTSTK,MINDTREE,27-May-2021,1900,CE,0,0,0,79.45,259.7,0,0,0,0,19-APR-2021,
OPTSTK,MINDTREE,27-May-2021,1920,CE,0,0,0,75,246.05,0,0,0,0,19-APR-2021,
OPTSTK,MINDTREE,27-May-2021,1940,CE,0,0,0,70.7,232.95,0,0,0,0,19-APR-2021,
OPTSTK,MINDTREE,27-May-2021,1960,CE,0,0,0,66.65,220.3,0,0,0,0,19-APR-2021,
OPTSTK,MINDTREE,27-May-2021,1980,CE,0,0,0,62.85,208.1,0,0,0,0,19-APR-2021,
OPTSTK,MINDTREE,27-May-2021,2000,CE,0,0,0,59.2,196.35,0,0,0,0,19-APR-2021,
OPTSTK,MINDTREE,27-May-2021,2020,CE,0,0,0,55.7,185,0,0,0,0,19-APR-2021,
OPTSTK,MINDTREE,27-May-2021,2040,CE,0,0,0,52.4,174.15,0,0,0,0,19-APR-2021,
OPTSTK,MINDTREE,27-May-2021,2060,CE,0,0,0,49.3,163.75,0,0,0,0,19-APR-2021,
OPTSTK,MINDTREE,27-May-2021,2080,CE,0,0,0,46.4,153.8,0,0,0,0,19-APR-2021,
OPTSTK,MINDTREE,27-May-2021,2100,CE,0,0,0,188.9,144.25,0,0,3200,0,19-APR-2021,
OPTSTK,MINDTREE,27-May-2021,2120,CE,0,0,0,41,135.15,0,0,0,0,19-APR-2021,
OPTSTK,MINDTREE,27-May-2021,2140,CE,0,0,0,38.55,126.5,0,0,0,0,19-APR-2021,
OPTSTK,MINDTREE,27-May-2021,2160,CE,0,0,0,36.2,118.3,0,0,0,0,19-APR-2021,
OPTSTK,MINDTREE,27-May-2021,2180,CE,0,0,0,34,110.5,0,0,0,0,19-APR-2021,
OPTSTK,MINDTREE,27-May-2021,2200,CE,70,70,70,70,103.05,1,18.16,800,800,19-APR-2021,
OPTSTK,MINDTREE,27-May-2021,2220,CE,0,0,0,31.95,96.05,0,0,0,0,19-APR-2021,
OPTSTK,MINDTREE,27-May-2021,2240,CE,0,0,0,29.95,89.4,0,0,0,0,19-APR-2021,
OPTSTK,MINDTREE,27-May-2021,2260,CE,0,0,0,44.35,83.15,0,0,0,0,19-APR-2021,
OPTSTK,MINDTREE,27-May-2021,2280,CE,0,0,0,41.75,77.25,0,0,0,0,19-APR-2021,
OPTSTK,MINDTREE,27-May-2021,2300,CE,0,0,0,39.35,71.7,0,0,0,0,19-APR-2021,
OPTSTK,MINDTREE,27-May-2021,2320,CE,0,0,0,37.05,66.45,0,0,0,0,19-APR-2021,
OPTSTK,MINDTREE,27-May-2021,2340,CE,0,0,0,34.85,61.65,0,0,0,0,19-APR-2021,
OPTSTK,MINDTREE,27-May-2021,2360,CE,0,0,0,38,57.1,0,0,0,0,19-APR-2021,
OPTSTK,MINDTREE,27-May-2021,2380,CE,0,0,0,35.75,52.8,0,0,0,0,19-APR-2021,
OPTSTK,MINDTREE,27-May-2021,2400,CE,0,0,0,33.6,48.7,0,0,0,0,19-APR-2021,
OPTSTK,MINDTREE,27-May-2021,2420,CE,0,0,0,46.75,44.95,0,0,0,0,19-APR-2021,
OPTSTK,MINDTREE,27-May-2021,2440,CE,0,0,0,44.1,41.45,0,0,0,0,19-APR-2021,
OPTSTK,MINDTREE,27-May-2021,2460,CE,0,0,0,41.55,38.15,0,0,0,0,19-APR-2021,
OPTSTK,MINDTREE,27-May-2021,2480,CE,0,0,0,39.15,35.1,0,0,0,0,19-APR-2021,
OPTSTK,MINDTREE,27-May-2021,2500,CE,0,0,0,36.9,32.3,0,0,0,0,19-APR-2021,
OPTSTK,MINDTREE,27-May-2021,2520,CE,0,0,0,38.45,29.65,0,0,0,0,19-APR-2021,
OPTSTK,MINDTREE,27-May-2021,2540,CE,0,0,0,36.2,27.2,0,0,0,0,19-APR-2021,
OPTSTK,MINDTREE,27-May-2021,2560,CE,0,0,0,49.2,24.95,0,0,0,0,19-APR-2021,
OPTSTK,MINDTREE,27-May-2021,2580,CE,0,0,0,46.45,22.85,0,0,0,0,19-APR-2021,
OPTSTK,MINDTREE,27-May-2021,2600,CE,0,0,0,43.85,20.95,0,0,0,0,19-APR-2021,
OPTSTK,MINDTREE,27-May-2021,2620,CE,0,0,0,41.4,19.15,0,0,0,0,19-APR-2021,
OPTSTK,MINDTREE,27-May-2021,1060,PE,0,0,0,8.65,0,0,0,0,0,19-APR-2021,
OPTSTK,MINDTREE,27-May-2021,1080,PE,0,0,0,10.25,0,0,0,0,0,19-APR-2021,
OPTSTK,MINDTREE,27-May-2021,1100,PE,0,0,0,12.05,0.05,0,0,0,0,19-APR-2021,
OPTSTK,MINDTREE,27-May-2021,1120,PE,0,0,0,14.05,0.05,0,0,0,0,19-APR-2021,
OPTSTK,MINDTREE,27-May-2021,1140,PE,0,0,0,16.35,0.05,0,0,0,0,19-APR-2021,
OPTSTK,MINDTREE,27-May-2021,1160,PE,0,0,0,18.9,0.05,0,0,0,0,19-APR-2021,
OPTSTK,MINDTREE,27-May-2021,1180,PE,0,0,0,21.7,0.05,0,0,0,0,19-APR-2021,
OPTSTK,MINDTREE,27-May-2021,1200,PE,0,0,0,24.8,0.05,0,0,0,0,19-APR-2021,
OPTSTK,MINDTREE,27-May-2021,1220,PE,0,0,0,28.2,0.1,0,0,0,0,19-APR-2021,
OPTSTK,MINDTREE,27-May-2021,1240,PE,0,0,0,31.95,0.1,0,0,0,0,19-APR-2021,
OPTSTK,MINDTREE,27-May-2021,1260,PE,0,0,0,35.95,0.15,0,0,0,0,19-APR-2021,
OPTSTK,MINDTREE,27-May-2021,1280,PE,0,0,0,40.35,0.2,0,0,0,0,19-APR-2021,
OPTSTK,MINDTREE,27-May-2021,1300,PE,0,0,0,45.1,0.25,0,0,0,0,19-APR-2021,
OPTSTK,MINDTREE,27-May-2021,1320,PE,0,0,0,50.2,0.35,0,0,0,0,19-APR-2021,
OPTSTK,MINDTREE,27-May-2021,1340,PE,0,0,0,55.65,0.45,0,0,0,0,19-APR-2021,
OPTSTK,MINDTREE,27-May-2021,1360,PE,0,0,0,61.5,0.55,0,0,0,0,19-APR-2021,
OPTSTK,MINDTREE,27-May-2021,1380,PE,0,0,0,67.7,0.75,0,0,0,0,19-APR-2021,
OPTSTK,MINDTREE,27-May-2021,1400,PE,0,0,0,74.25,0.95,0,0,0,0,19-APR-2021,
OPTSTK,MINDTREE,27-May-2021,1420,PE,0,0,0,81.15,1.2,0,0,0,0,19-APR-2021,
OPTSTK,MINDTREE,27-May-2021,1440,PE,0,0,0,88.55,1.5,0,0,0,0,19-APR-2021,
OPTSTK,MINDTREE,27-May-2021,1460,PE,0,0,0,96.3,1.9,0,0,0,0,19-APR-2021,
OPTSTK,MINDTREE,27-May-2021,1480,PE,0,0,0,104.45,2.4,0,0,0,0,19-APR-2021,
OPTSTK,MINDTREE,27-May-2021,1500,PE,0,0,0,112.95,2.95,0,0,0,0,19-APR-2021,
OPTSTK,MINDTREE,27-May-2021,1520,PE,0,0,0,121.9,3.6,0,0,0,0,19-APR-2021,
OPTSTK,MINDTREE,27-May-2021,1540,PE,0,0,0,131.2,4.4,0,0,0,0,19-APR-2021,
OPTSTK,MINDTREE,27-May-2021,1560,PE,0,0,0,140.85,5.35,0,0,0,0,19-APR-2021,
OPTSTK,MINDTREE,27-May-2021,1580,PE,0,0,0,150.95,6.45,0,0,0,0,19-APR-2021,
OPTSTK,MINDTREE,27-May-2021,1600,PE,0,0,0,161.35,7.7,0,0,0,0,19-APR-2021,
OPTSTK,MINDTREE,27-May-2021,1620,PE,0,0,0,172.15,9.15,0,0,0,0,19-APR-2021,
OPTSTK,MINDTREE,27-May-2021,1640,PE,0,0,0,183.3,10.8,0,0,0,0,19-APR-2021,
OPTSTK,MINDTREE,27-May-2021,1660,PE,0,0,0,194.85,12.7,0,0,0,0,19-APR-2021,
OPTSTK,MINDTREE,27-May-2021,1680,PE,0,0,0,206.7,14.8,0,0,0,0,19-APR-2021,
OPTSTK,MINDTREE,27-May-2021,1700,PE,0,0,0,218.85,17.2,0,0,0,0,19-APR-2021,
OPTSTK,MINDTREE,27-May-2021,1720,PE,0,0,0,231.4,19.85,0,0,0,0,19-APR-2021,
OPTSTK,MINDTREE,27-May-2021,1740,PE,0,0,0,244.25,22.85,0,0,0,0,19-APR-2021,
OPTSTK,MINDTREE,27-May-2021,1760,PE,0,0,0,257.4,26.15,0,0,0,0,19-APR-2021,
OPTSTK,MINDTREE,27-May-2021,1780,PE,0,0,0,270.85,29.75,0,0,0,0,19-APR-2021,
OPTSTK,MINDTREE,27-May-2021,1800,PE,0,0,0,284.6,33.75,0,0,0,0,19-APR-2021,
OPTSTK,MINDTREE,27-May-2021,1820,PE,0,0,0,298.6,38.1,0,0,0,0,19-APR-2021,
OPTSTK,MINDTREE,27-May-2021,1840,PE,0,0,0,312.9,42.8,0,0,0,0,19-APR-2021,
OPTSTK,MINDTREE,27-May-2021,1860,PE,0,0,0,327.5,48,0,0,0,0,19-APR-2021,
OPTSTK,MINDTREE,27-May-2021,1880,PE,0,0,0,342.4,53.5,0,0,0,0,19-APR-2021,
OPTSTK,MINDTREE,27-May-2021,1900,PE,0,0,0,357.5,59.45,0,0,0,0,19-APR-2021,
OPTSTK,MINDTREE,27-May-2021,1920,PE,0,0,0,372.8,65.75,0,0,0,0,19-APR-2021,
OPTSTK,MINDTREE,27-May-2021,1940,PE,0,0,0,388.35,72.55,0,0,0,0,19-APR-2021,
OPTSTK,MINDTREE,27-May-2021,1960,PE,0,0,0,404.15,79.8,0,0,0,0,19-APR-2021,
OPTSTK,MINDTREE,27-May-2021,1980,PE,0,0,0,420.1,87.5,0,0,0,0,19-APR-2021,
OPTSTK,MINDTREE,27-May-2021,2000,PE,0,0,0,436.3,95.7,0,0,0,0,19-APR-2021,
OPTSTK,MINDTREE,27-May-2021,2020,PE,0,0,0,452.6,104.3,0,0,0,0,19-APR-2021,
OPTSTK,MINDTREE,27-May-2021,2040,PE,0,0,0,469.15,113.35,0,0,0,0,19-APR-2021,
OPTSTK,MINDTREE,27-May-2021,2060,PE,0,0,0,485.85,122.85,0,0,0,0,19-APR-2021,
OPTSTK,MINDTREE,27-May-2021,2080,PE,0,0,0,502.75,132.8,0,0,0,0,19-APR-2021,
OPTSTK,MINDTREE,27-May-2021,2100,PE,0,0,0,519.8,143.2,0,0,0,0,19-APR-2021,
OPTSTK,MINDTREE,27-May-2021,2120,PE,0,0,0,537,154.05,0,0,0,0,19-APR-2021,
OPTSTK,MINDTREE,27-May-2021,2140,PE,0,0,0,554.35,165.35,0,0,0,0,19-APR-2021,
OPTSTK,MINDTREE,27-May-2021,2160,PE,0,0,0,571.8,177.05,0,0,0,0,19-APR-2021,
OPTSTK,MINDTREE,27-May-2021,2180,PE,0,0,0,589.45,189.15,0,0,0,0,19-APR-2021,
OPTSTK,MINDTREE,27-May-2021,2200,PE,0,0,0,607.15,201.65,0,0,0,0,19-APR-2021,
OPTSTK,MINDTREE,27-May-2021,2220,PE,0,0,0,598.05,214.55,0,0,0,0,19-APR-2021,
OPTSTK,MINDTREE,27-May-2021,2240,PE,0,0,0,615.9,227.85,0,0,0,0,19-APR-2021,
OPTSTK,MINDTREE,27-May-2021,2260,PE,0,0,0,549.75,241.5,0,0,0,0,19-APR-2021,
OPTSTK,MINDTREE,27-May-2021,2280,PE,0,0,0,567,255.5,0,0,0,0,19-APR-2021,
OPTSTK,MINDTREE,27-May-2021,2300,PE,0,0,0,584.4,269.9,0,0,0,0,19-APR-2021,
OPTSTK,MINDTREE,27-May-2021,2320,PE,0,0,0,601.95,284.6,0,0,0,0,19-APR-2021,
OPTSTK,MINDTREE,27-May-2021,2340,PE,0,0,0,619.6,299.7,0,0,0,0,19-APR-2021,
OPTSTK,MINDTREE,27-May-2021,2360,PE,0,0,0,582.6,315.05,0,0,0,0,19-APR-2021,
OPTSTK,MINDTREE,27-May-2021,2380,PE,0,0,0,600.15,330.7,0,0,0,0,19-APR-2021,
OPTSTK,MINDTREE,27-May-2021,2400,PE,0,0,0,617.85,346.5,0,0,0,0,19-APR-2021,
OPTSTK,MINDTREE,27-May-2021,2420,PE,0,0,0,555.2,362.65,0,0,0,0,19-APR-2021,
OPTSTK,MINDTREE,27-May-2021,2440,PE,0,0,0,572.35,379.05,0,0,0,0,19-APR-2021,
OPTSTK,MINDTREE,27-May-2021,2460,PE,0,0,0,589.65,395.7,0,0,0,0,19-APR-2021,
OPTSTK,MINDTREE,27-May-2021,2480,PE,0,0,0,607.1,412.6,0,0,0,0,19-APR-2021,
OPTSTK,MINDTREE,27-May-2021,2500,PE,0,0,0,624.65,429.7,0,0,0,0,19-APR-2021,
OPTSTK,MINDTREE,27-May-2021,2520,PE,0,0,0,607.8,447,0,0,0,0,19-APR-2021,
OPTSTK,MINDTREE,27-May-2021,2540,PE,0,0,0,625.4,464.5,0,0,0,0,19-APR-2021,
OPTSTK,MINDTREE,27-May-2021,2560,PE,0,0,0,568.85,482.15,0,0,0,0,19-APR-2021,
OPTSTK,MINDTREE,27-May-2021,2580,PE,0,0,0,586,499.95,0,0,0,0,19-APR-2021,
OPTSTK,MINDTREE,27-May-2021,2600,PE,0,0,0,603.25,517.95,0,0,0,0,19-APR-2021,
OPTSTK,MINDTREE,27-May-2021,2620,PE,0,0,0,620.65,536.1,0,0,0,0,19-APR-2021,
OPTSTK,MINDTREE,24-Jun-2021,1160,CE,0,0,0,823.45,941.2,0,0,0,0,19-APR-2021,
OPTSTK,MINDTREE,24-Jun-2021,1180,CE,0,0,0,804.3,921.45,0,0,0,0,19-APR-2021,
OPTSTK,MINDTREE,24-Jun-2021,1200,CE,0,0,0,785.2,901.75,0,0,0,0,19-APR-2021,
OPTSTK,MINDTREE,24-Jun-2021,1220,CE,0,0,0,766.25,882.1,0,0,0,0,19-APR-2021,
OPTSTK,MINDTREE,24-Jun-2021,1240,CE,0,0,0,747.4,862.45,0,0,0,0,19-APR-2021,
OPTSTK,MINDTREE,24-Jun-2021,1260,CE,0,0,0,728.65,842.9,0,0,0,0,19-APR-2021,
OPTSTK,MINDTREE,24-Jun-2021,1280,CE,0,0,0,710.05,823.35,0,0,0,0,19-APR-2021,
OPTSTK,MINDTREE,24-Jun-2021,1300,CE,0,0,0,691.6,803.9,0,0,0,0,19-APR-2021,
OPTSTK,MINDTREE,24-Jun-2021,1320,CE,0,0,0,673.3,784.5,0,0,0,0,19-APR-2021,
OPTSTK,MINDTREE,24-Jun-2021,1340,CE,0,0,0,655.2,765.2,0,0,0,0,19-APR-2021,
OPTSTK,MINDTREE,24-Jun-2021,1360,CE,0,0,0,637.25,746,0,0,0,0,19-APR-2021,
OPTSTK,MINDTREE,24-Jun-2021,1380,CE,0,0,0,619.5,726.9,0,0,0,0,19-APR-2021,
OPTSTK,MINDTREE,24-Jun-2021,1400,CE,0,0,0,601.95,707.85,0,0,0,0,19-APR-2021,
OPTSTK,MINDTREE,24-Jun-2021,1420,CE,0,0,0,584.6,689,0,0,0,0,19-APR-2021,
OPTSTK,MINDTREE,24-Jun-2021,1440,CE,0,0,0,567.5,670.25,0,0,0,0,19-APR-2021,
OPTSTK,MINDTREE,24-Jun-2021,1460,CE,0,0,0,550.6,651.6,0,0,0,0,19-APR-2021,
OPTSTK,MINDTREE,24-Jun-2021,1480,CE,0,0,0,533.95,633.15,0,0,0,0,19-APR-2021,
OPTSTK,MINDTREE,24-Jun-2021,1500,CE,0,0,0,517.55,614.9,0,0,0,0,19-APR-2021,
OPTSTK,MINDTREE,24-Jun-2021,1520,CE,0,0,0,501.4,596.75,0,0,0,0,19-APR-2021,
OPTSTK,MINDTREE,24-Jun-2021,1540,CE,0,0,0,485.5,578.85,0,0,0,0,19-APR-2021,
OPTSTK,MINDTREE,24-Jun-2021,1560,CE,0,0,0,469.9,561.15,0,0,0,0,19-APR-2021,
OPTSTK,MINDTREE,24-Jun-2021,1580,CE,0,0,0,454.6,543.65,0,0,0,0,19-APR-2021,
OPTSTK,MINDTREE,24-Jun-2021,1600,CE,0,0,0,439.55,526.35,0,0,0,0,19-APR-2021,
OPTSTK,MINDTREE,24-Jun-2021,1620,CE,0,0,0,424.85,509.3,0,0,0,0,19-APR-2021,
OPTSTK,MINDTREE,24-Jun-2021,1640,CE,0,0,0,410.4,492.55,0,0,0,0,19-APR-2021,
OPTSTK,MINDTREE,24-Jun-2021,1660,CE,0,0,0,396.25,476,0,0,0,0,19-APR-2021,
OPTSTK,MINDTREE,24-Jun-2021,1680,CE,0,0,0,382.4,459.75,0,0,0,0,19-APR-2021,
OPTSTK,MINDTREE,24-Jun-2021,1700,CE,0,0,0,368.85,443.75,0,0,0,0,19-APR-2021,
OPTSTK,MINDTREE,24-Jun-2021,1720,CE,0,0,0,355.65,428.1,0,0,0,0,19-APR-2021,
OPTSTK,MINDTREE,24-Jun-2021,1740,CE,0,0,0,342.7,412.7,0,0,0,0,19-APR-2021,
OPTSTK,MINDTREE,24-Jun-2021,1760,CE,0,0,0,330.1,397.6,0,0,0,0,19-APR-2021,
OPTSTK,MINDTREE,24-Jun-2021,1780,CE,0,0,0,317.85,382.9,0,0,0,0,19-APR-2021,
OPTSTK,MINDTREE,24-Jun-2021,1800,CE,0,0,0,305.9,368.45,0,0,0,0,19-APR-2021,
OPTSTK,MINDTREE,24-Jun-2021,1820,CE,0,0,0,294.3,354.3,0,0,0,0,19-APR-2021,
OPTSTK,MINDTREE,24-Jun-2021,1840,CE,0,0,0,283,340.5,0,0,0,0,19-APR-2021,
OPTSTK,MINDTREE,24-Jun-2021,1860,CE,0,0,0,272.05,326.95,0,0,0,0,19-APR-2021,
OPTSTK,MINDTREE,24-Jun-2021,1880,CE,0,0,0,261.4,313.85,0,0,0,0,19-APR-2021,
OPTSTK,MINDTREE,24-Jun-2021,1900,CE,0,0,0,251.05,301.1,0,0,0,0,19-APR-2021,
OPTSTK,MINDTREE,24-Jun-2021,1920,CE,0,0,0,241,288.7,0,0,0,0,19-APR-2021,
OPTSTK,MINDTREE,24-Jun-2021,1940,CE,0,0,0,231.25,276.6,0,0,0,0,19-APR-2021,
OPTSTK,MINDTREE,24-Jun-2021,1960,CE,0,0,0,221.85,264.9,0,0,0,0,19-APR-2021,
OPTSTK,MINDTREE,24-Jun-2021,1980,CE,0,0,0,212.7,253.55,0,0,0,0,19-APR-2021,
OPTSTK,MINDTREE,24-Jun-2021,2000,CE,0,0,0,203.9,242.5,0,0,0,0,19-APR-2021,
OPTSTK,MINDTREE,24-Jun-2021,2020,CE,0,0,0,195.35,231.85,0,0,0,0,19-APR-2021,
OPTSTK,MINDTREE,24-Jun-2021,2040,CE,0,0,0,187.1,221.5,0,0,0,0,19-APR-2021,
OPTSTK,MINDTREE,24-Jun-2021,2060,CE,0,0,0,179.15,211.5,0,0,0,0,19-APR-2021,
OPTSTK,MINDTREE,24-Jun-2021,2080,CE,0,0,0,171.45,201.85,0,0,0,0,19-APR-2021,
OPTSTK,MINDTREE,24-Jun-2021,2100,CE,0,0,0,164.05,192.55,0,0,0,0,19-APR-2021,
OPTSTK,MINDTREE,24-Jun-2021,2120,CE,0,0,0,156.9,183.55,0,0,0,0,19-APR-2021,
OPTSTK,MINDTREE,24-Jun-2021,2140,CE,0,0,0,150.05,174.9,0,0,0,0,19-APR-2021,
OPTSTK,MINDTREE,24-Jun-2021,2160,CE,0,0,0,143.4,166.55,0,0,0,0,19-APR-2021,
OPTSTK,MINDTREE,24-Jun-2021,2180,CE,0,0,0,137,158.5,0,0,0,0,19-APR-2021,
OPTSTK,MINDTREE,24-Jun-2021,2200,CE,0,0,0,130.85,150.8,0,0,0,0,19-APR-2021,
OPTSTK,MINDTREE,24-Jun-2021,2220,CE,0,0,0,124.95,143.4,0,0,0,0,19-APR-2021,
OPTSTK,MINDTREE,24-Jun-2021,2240,CE,0,0,0,119.3,136.25,0,0,0,0,19-APR-2021,
OPTSTK,MINDTREE,24-Jun-2021,2260,CE,0,0,0,113.85,129.45,0,0,0,0,19-APR-2021,
OPTSTK,MINDTREE,24-Jun-2021,2280,CE,0,0,0,108.6,122.9,0,0,0,0,19-APR-2021,
OPTSTK,MINDTREE,24-Jun-2021,2300,CE,0,0,0,103.7,116.65,0,0,0,0,19-APR-2021,
OPTSTK,MINDTREE,24-Jun-2021,2320,CE,0,0,0,98.9,110.65,0,0,0,0,19-APR-2021,
OPTSTK,MINDTREE,24-Jun-2021,2340,CE,0,0,0,94.25,104.9,0,0,0,0,19-APR-2021,
OPTSTK,MINDTREE,24-Jun-2021,2360,CE,0,0,0,89.85,99.4,0,0,0,0,19-APR-2021,
OPTSTK,MINDTREE,24-Jun-2021,2380,CE,0,0,0,85.6,94.15,0,0,0,0,19-APR-2021,
OPTSTK,MINDTREE,24-Jun-2021,2400,CE,0,0,0,81.55,89.25,0,0,0,0,19-APR-2021,
OPTSTK,MINDTREE,24-Jun-2021,2420,CE,0,0,0,77.7,84.5,0,0,0,0,19-APR-2021,
OPTSTK,MINDTREE,24-Jun-2021,2440,CE,0,0,0,73.95,79.95,0,0,0,0,19-APR-2021,
OPTSTK,MINDTREE,24-Jun-2021,2460,CE,0,0,0,70.35,75.6,0,0,0,0,19-APR-2021,
OPTSTK,MINDTREE,24-Jun-2021,2480,CE,0,0,0,66.95,71.5,0,0,0,0,19-APR-2021,
OPTSTK,MINDTREE,24-Jun-2021,2500,CE,0,0,0,63.7,67.6,0,0,0,0,19-APR-2021,
OPTSTK,MINDTREE,24-Jun-2021,2520,CE,0,0,0,60.6,63.75,0,0,0,0,19-APR-2021,
OPTSTK,MINDTREE,24-Jun-2021,2540,CE,0,0,0,57.6,60.2,0,0,0,0,19-APR-2021,
OPTSTK,MINDTREE,24-Jun-2021,2560,CE,0,0,0,54.75,56.85,0,0,0,0,19-APR-2021,
OPTSTK,MINDTREE,24-Jun-2021,2580,CE,0,0,0,52.05,53.6,0,0,0,0,19-APR-2021,
OPTSTK,MINDTREE,24-Jun-2021,2600,CE,0,0,0,49.45,50.55,0,0,0,0,19-APR-2021,
OPTSTK,MINDTREE,24-Jun-2021,2620,CE,0,0,0,47,47.7,0,0,0,0,19-APR-2021,
OPTSTK,MINDTREE,24-Jun-2021,1160,PE,0,0,0,3.25,0.5,0,0,0,0,19-APR-2021,
OPTSTK,MINDTREE,24-Jun-2021,1180,PE,0,0,0,3.9,0.65,0,0,0,0,19-APR-2021,
OPTSTK,MINDTREE,24-Jun-2021,1200,PE,0,0,0,4.65,0.8,0,0,0,0,19-APR-2021,
OPTSTK,MINDTREE,24-Jun-2021,1220,PE,0,0,0,5.5,1,0,0,0,0,19-APR-2021,
OPTSTK,MINDTREE,24-Jun-2021,1240,PE,0,0,0,6.45,1.25,0,0,0,0,19-APR-2021,
OPTSTK,MINDTREE,24-Jun-2021,1260,PE,0,0,0,7.5,1.5,0,0,0,0,19-APR-2021,
OPTSTK,MINDTREE,24-Jun-2021,1280,PE,0,0,0,8.75,1.85,0,0,0,0,19-APR-2021,
OPTSTK,MINDTREE,24-Jun-2021,1300,PE,0,0,0,10.1,2.25,0,0,0,0,19-APR-2021,
OPTSTK,MINDTREE,24-Jun-2021,1320,PE,0,0,0,11.65,2.75,0,0,0,0,19-APR-2021,
OPTSTK,MINDTREE,24-Jun-2021,1340,PE,0,0,0,13.3,3.3,0,0,0,0,19-APR-2021,
OPTSTK,MINDTREE,24-Jun-2021,1360,PE,0,0,0,15.2,3.95,0,0,0,0,19-APR-2021,
OPTSTK,MINDTREE,24-Jun-2021,1380,PE,0,0,0,17.25,4.7,0,0,0,0,19-APR-2021,
OPTSTK,MINDTREE,24-Jun-2021,1400,PE,0,0,0,19.5,5.55,0,0,0,0,19-APR-2021,
OPTSTK,MINDTREE,24-Jun-2021,1420,PE,0,0,0,22,6.55,0,0,0,0,19-APR-2021,
OPTSTK,MINDTREE,24-Jun-2021,1440,PE,0,0,0,24.7,7.65,0,0,0,0,19-APR-2021,
OPTSTK,MINDTREE,24-Jun-2021,1460,PE,0,0,0,27.6,8.9,0,0,0,0,19-APR-2021,
OPTSTK,MINDTREE,24-Jun-2021,1480,PE,0,0,0,30.75,10.3,0,0,0,0,19-APR-2021,
OPTSTK,MINDTREE,24-Jun-2021,1500,PE,0,0,0,34.2,11.9,0,0,0,0,19-APR-2021,
OPTSTK,MINDTREE,24-Jun-2021,1520,PE,0,0,0,37.85,13.65,0,0,0,0,19-APR-2021,
OPTSTK,MINDTREE,24-Jun-2021,1540,PE,0,0,0,41.8,15.6,0,0,0,0,19-APR-2021,
OPTSTK,MINDTREE,24-Jun-2021,1560,PE,0,0,0,46,17.75,0,0,0,0,19-APR-2021,
OPTSTK,MINDTREE,24-Jun-2021,1580,PE,0,0,0,50.5,20.1,0,0,0,0,19-APR-2021,
OPTSTK,MINDTREE,24-Jun-2021,1600,PE,0,0,0,55.25,22.7,0,0,0,0,19-APR-2021,
OPTSTK,MINDTREE,24-Jun-2021,1620,PE,0,0,0,60.4,25.5,0,0,0,0,19-APR-2021,
OPTSTK,MINDTREE,24-Jun-2021,1640,PE,0,0,0,65.75,28.6,0,0,0,0,19-APR-2021,
OPTSTK,MINDTREE,24-Jun-2021,1660,PE,0,0,0,71.4,31.95,0,0,0,0,19-APR-2021,
OPTSTK,MINDTREE,24-Jun-2021,1680,PE,0,0,0,77.35,35.55,0,0,0,0,19-APR-2021,
OPTSTK,MINDTREE,24-Jun-2021,1700,PE,0,0,0,83.65,39.45,0,0,0,0,19-APR-2021,
OPTSTK,MINDTREE,24-Jun-2021,1720,PE,0,0,0,90.25,43.6,0,0,0,0,19-APR-2021,
OPTSTK,MINDTREE,24-Jun-2021,1740,PE,0,0,0,97.1,48.1,0,0,0,0,19-APR-2021,
OPTSTK,MINDTREE,24-Jun-2021,1760,PE,0,0,0,104.35,52.85,0,0,0,0,19-APR-2021,
OPTSTK,MINDTREE,24-Jun-2021,1780,PE,0,0,0,111.9,58.05,0,0,0,0,19-APR-2021,
OPTSTK,MINDTREE,24-Jun-2021,1800,PE,0,0,0,119.75,63.45,0,0,0,0,19-APR-2021,
OPTSTK,MINDTREE,24-Jun-2021,1820,PE,0,0,0,127.95,69.15,0,0,0,0,19-APR-2021,
OPTSTK,MINDTREE,24-Jun-2021,1840,PE,0,0,0,136.5,75.25,0,0,0,0,19-APR-2021,
OPTSTK,MINDTREE,24-Jun-2021,1860,PE,0,0,0,145.35,81.55,0,0,0,0,19-APR-2021,
OPTSTK,MINDTREE,24-Jun-2021,1880,PE,0,0,0,154.5,88.3,0,0,0,0,19-APR-2021,
OPTSTK,MINDTREE,24-Jun-2021,1900,PE,0,0,0,163.95,95.4,0,0,0,0,19-APR-2021,
OPTSTK,MINDTREE,24-Jun-2021,1920,PE,0,0,0,173.7,102.85,0,0,0,0,19-APR-2021,
OPTSTK,MINDTREE,24-Jun-2021,1940,PE,0,0,0,183.8,110.65,0,0,0,0,19-APR-2021,
OPTSTK,MINDTREE,24-Jun-2021,1960,PE,0,0,0,194.2,118.8,0,0,0,0,19-APR-2021,
OPTSTK,MINDTREE,24-Jun-2021,1980,PE,0,0,0,204.9,127.3,0,0,0,0,19-APR-2021,
OPTSTK,MINDTREE,24-Jun-2021,2000,PE,0,0,0,215.9,136.15,0,0,0,0,19-APR-2021,
OPTSTK,MINDTREE,24-Jun-2021,2020,PE,0,0,0,227.15,145.35,0,0,0,0,19-APR-2021,
OPTSTK,MINDTREE,24-Jun-2021,2040,PE,0,0,0,238.75,154.85,0,0,0,0,19-APR-2021,
OPTSTK,MINDTREE,24-Jun-2021,2060,PE,0,0,0,250.6,164.75,0,0,0,0,19-APR-2021,
OPTSTK,MINDTREE,24-Jun-2021,2080,PE,0,0,0,262.7,174.95,0,0,0,0,19-APR-2021,
OPTSTK,MINDTREE,24-Jun-2021,2100,PE,0,0,0,275.1,185.5,0,0,0,0,19-APR-2021,
OPTSTK,MINDTREE,24-Jun-2021,2120,PE,0,0,0,287.8,196.35,0,0,0,0,19-APR-2021,
OPTSTK,MINDTREE,24-Jun-2021,2140,PE,0,0,0,300.7,207.55,0,0,0,0,19-APR-2021,
OPTSTK,MINDTREE,24-Jun-2021,2160,PE,0,0,0,313.9,219.1,0,0,0,0,19-APR-2021,
OPTSTK,MINDTREE,24-Jun-2021,2180,PE,0,0,0,327.35,230.95,0,0,0,0,19-APR-2021,
OPTSTK,MINDTREE,24-Jun-2021,2200,PE,0,0,0,341,243.1,0,0,0,0,19-APR-2021,
OPTSTK,MINDTREE,24-Jun-2021,2220,PE,0,0,0,354.9,255.55,0,0,0,0,19-APR-2021,
OPTSTK,MINDTREE,24-Jun-2021,2240,PE,0,0,0,369.05,268.3,0,0,0,0,19-APR-2021,
OPTSTK,MINDTREE,24-Jun-2021,2260,PE,0,0,0,383.4,281.3,0,0,0,0,19-APR-2021,
OPTSTK,MINDTREE,24-Jun-2021,2280,PE,0,0,0,398,294.65,0,0,0,0,19-APR-2021,
OPTSTK,MINDTREE,24-Jun-2021,2300,PE,0,0,0,412.9,308.25,0,0,0,0,19-APR-2021,
OPTSTK,MINDTREE,24-Jun-2021,2320,PE,0,0,0,427.9,322.1,0,0,0,0,19-APR-2021,
OPTSTK,MINDTREE,24-Jun-2021,2340,PE,0,0,0,443.1,336.2,0,0,0,0,19-APR-2021,
OPTSTK,MINDTREE,24-Jun-2021,2360,PE,0,0,0,458.5,350.6,0,0,0,0,19-APR-2021,
OPTSTK,MINDTREE,24-Jun-2021,2380,PE,0,0,0,474.05,365.2,0,0,0,0,19-APR-2021,
OPTSTK,MINDTREE,24-Jun-2021,2400,PE,0,0,0,489.85,380.2,0,0,0,0,19-APR-2021,
OPTSTK,MINDTREE,24-Jun-2021,2420,PE,0,0,0,505.75,395.3,0,0,0,0,19-APR-2021,
OPTSTK,MINDTREE,24-Jun-2021,2440,PE,0,0,0,521.85,410.6,0,0,0,0,19-APR-2021,
OPTSTK,MINDTREE,24-Jun-2021,2460,PE,0,0,0,538.05,426.15,0,0,0,0,19-APR-2021,
OPTSTK,MINDTREE,24-Jun-2021,2480,PE,0,0,0,554.45,441.9,0,0,0,0,19-APR-2021,
OPTSTK,MINDTREE,24-Jun-2021,2500,PE,0,0,0,571,457.85,0,0,0,0,19-APR-2021,
OPTSTK,MINDTREE,24-Jun-2021,2520,PE,0,0,0,587.7,473.9,0,0,0,0,19-APR-2021,
OPTSTK,MINDTREE,24-Jun-2021,2540,PE,0,0,0,604.55,490.2,0,0,0,0,19-APR-2021,
OPTSTK,MINDTREE,24-Jun-2021,2560,PE,0,0,0,621.55,506.7,0,0,0,0,19-APR-2021,
OPTSTK,MINDTREE,24-Jun-2021,2580,PE,0,0,0,638.65,523.35,0,0,0,0,19-APR-2021,
OPTSTK,MINDTREE,24-Jun-2021,2600,PE,0,0,0,655.9,540.15,0,0,0,0,19-APR-2021,
OPTSTK,MINDTREE,24-Jun-2021,2620,PE,0,0,0,673.25,557.1,0,0,0,0,19-APR-2021,
OPTSTK,MOTHERSUMI,29-Apr-2021,100,CE,0,0,0,51.9,104.6,0,0,0,0,19-APR-2021,
OPTSTK,MOTHERSUMI,29-Apr-2021,102.5,CE,0,0,0,49.85,102.1,0,0,0,0,19-APR-2021,
OPTSTK,MOTHERSUMI,29-Apr-2021,105,CE,0,0,0,47.8,99.6,0,0,0,0,19-APR-2021,
OPTSTK,MOTHERSUMI,29-Apr-2021,107.5,CE,0,0,0,45.85,97.15,0,0,0,0,19-APR-2021,
OPTSTK,MOTHERSUMI,29-Apr-2021,110,CE,0,0,0,43.9,94.65,0,0,0,0,19-APR-2021,
OPTSTK,MOTHERSUMI,29-Apr-2021,112.5,CE,0,0,0,42.05,92.15,0,0,0,0,19-APR-2021,
OPTSTK,MOTHERSUMI,29-Apr-2021,115,CE,0,0,0,40.2,89.65,0,0,0,0,19-APR-2021,
OPTSTK,MOTHERSUMI,29-Apr-2021,117.5,CE,0,0,0,38.45,87.15,0,0,0,0,19-APR-2021,
OPTSTK,MOTHERSUMI,29-Apr-2021,120,CE,0,0,0,36.7,84.65,0,0,0,0,19-APR-2021,
OPTSTK,MOTHERSUMI,29-Apr-2021,122.5,CE,0,0,0,35.05,82.15,0,0,0,0,19-APR-2021,
OPTSTK,MOTHERSUMI,29-Apr-2021,125,CE,0,0,0,33.45,79.65,0,0,0,0,19-APR-2021,
OPTSTK,MOTHERSUMI,29-Apr-2021,127.5,CE,0,0,0,31.85,77.15,0,0,0,0,19-APR-2021,
OPTSTK,MOTHERSUMI,29-Apr-2021,130,CE,0,0,0,30.35,74.65,0,0,0,0,19-APR-2021,
OPTSTK,MOTHERSUMI,29-Apr-2021,132.5,CE,0,0,0,28.9,72.15,0,0,0,0,19-APR-2021,
OPTSTK,MOTHERSUMI,29-Apr-2021,135,CE,0,0,0,27.5,69.65,0,0,0,0,19-APR-2021,
OPTSTK,MOTHERSUMI,29-Apr-2021,137.5,CE,0,0,0,26.15,67.15,0,0,0,0,19-APR-2021,
OPTSTK,MOTHERSUMI,29-Apr-2021,140,CE,0,0,0,24.9,64.65,0,0,0,0,19-APR-2021,
OPTSTK,MOTHERSUMI,29-Apr-2021,142.5,CE,0,0,0,23.65,62.15,0,0,0,0,19-APR-2021,
OPTSTK,MOTHERSUMI,29-Apr-2021,145,CE,0,0,0,22.45,59.65,0,0,0,0,19-APR-2021,
OPTSTK,MOTHERSUMI,29-Apr-2021,147.5,CE,0,0,0,21.3,57.2,0,0,0,0,19-APR-2021,
OPTSTK,MOTHERSUMI,29-Apr-2021,150,CE,0,0,0,54,54.7,0,0,7000,0,19-APR-2021,
OPTSTK,MOTHERSUMI,29-Apr-2021,152.5,CE,0,0,0,19.15,52.2,0,0,0,0,19-APR-2021,
OPTSTK,MOTHERSUMI,29-Apr-2021,155,CE,0,0,0,18.15,49.7,0,0,0,0,19-APR-2021,
OPTSTK,MOTHERSUMI,29-Apr-2021,157.5,CE,0,0,0,17.2,47.25,0,0,0,0,19-APR-2021,
OPTSTK,MOTHERSUMI,29-Apr-2021,160,CE,0,0,0,16.3,44.8,0,0,0,0,19-APR-2021,
OPTSTK,MOTHERSUMI,29-Apr-2021,162.5,CE,0,0,0,15.45,42.35,0,0,0,0,19-APR-2021,
OPTSTK,MOTHERSUMI,29-Apr-2021,165,CE,0,0,0,14.6,39.9,0,0,0,0,19-APR-2021,
OPTSTK,MOTHERSUMI,29-Apr-2021,167.5,CE,0,0,0,13.8,37.5,0,0,0,0,19-APR-2021,
OPTSTK,MOTHERSUMI,29-Apr-2021,170,CE,0,0,0,13.05,35.1,0,0,0,0,19-APR-2021,
OPTSTK,MOTHERSUMI,29-Apr-2021,172.5,CE,0,0,0,12.35,32.75,0,0,0,0,19-APR-2021,
OPTSTK,MOTHERSUMI,29-Apr-2021,175,CE,0,0,0,11.65,30.45,0,0,0,0,19-APR-2021,
OPTSTK,MOTHERSUMI,29-Apr-2021,177.5,CE,0,0,0,11.05,28.2,0,0,0,0,19-APR-2021,
OPTSTK,MOTHERSUMI,29-Apr-2021,180,CE,26,27.05,26,27.05,26.05,2,28.91,42000,-14000,19-APR-2021,
OPTSTK,MOTHERSUMI,29-Apr-2021,182.5,CE,0,0,0,9.85,23.9,0,0,0,0,19-APR-2021,
OPTSTK,MOTHERSUMI,29-Apr-2021,185,CE,0,0,0,9.3,21.85,0,0,0,0,19-APR-2021,
OPTSTK,MOTHERSUMI,29-Apr-2021,187.5,CE,0,0,0,13.95,19.9,0,0,7000,0,19-APR-2021,
OPTSTK,MOTHERSUMI,29-Apr-2021,190,CE,14,14,12.25,13.35,18.05,5,71.23,91000,-14000,19-APR-2021,
OPTSTK,MOTHERSUMI,29-Apr-2021,192.5,CE,0,0,0,14.05,16.25,0,0,28000,0,19-APR-2021,
OPTSTK,MOTHERSUMI,29-Apr-2021,195,CE,0,0,0,15.85,14.6,0,0,112000,0,19-APR-2021,
OPTSTK,MOTHERSUMI,29-Apr-2021,197.5,CE,11.75,12.2,11.7,11.95,13.05,4,58.63,147000,-28000,19-APR-2021,
OPTSTK,MOTHERSUMI,29-Apr-2021,200,CE,7,12.95,6,9.55,9.55,52,763.08,756000,7000,19-APR-2021,
OPTSTK,MOTHERSUMI,29-Apr-2021,202.5,CE,8.5,8.5,8.5,8.5,10.25,1,14.77,147000,-7000,19-APR-2021,
OPTSTK,MOTHERSUMI,29-Apr-2021,205,CE,6,8,4.5,6.85,6.85,199,2956.01,462000,252000,19-APR-2021,
OPTSTK,MOTHERSUMI,29-Apr-2021,207.5,CE,9.6,9.6,5.35,5.65,5.65,65,971.86,147000,-14000,19-APR-2021,
OPTSTK,MOTHERSUMI,29-Apr-2021,210,CE,5.05,5.75,3,4.7,4.7,424,6378.03,2247000,308000,19-APR-2021,
OPTSTK,MOTHERSUMI,29-Apr-2021,212.5,CE,1.9,4.7,1.9,3.95,3.95,19,287.83,105000,14000,19-APR-2021,
OPTSTK,MOTHERSUMI,29-Apr-2021,215,CE,2.1,4.1,1.95,3.25,3.25,470,7180.2,1323000,-357000,19-APR-2021,
OPTSTK,MOTHERSUMI,29-Apr-2021,217.5,CE,2.4,3.15,1.9,2.7,2.7,11,169.53,189000,-7000,19-APR-2021,
OPTSTK,MOTHERSUMI,29-Apr-2021,220,CE,2.85,2.85,1.55,2.2,2.2,535,8325.26,2198000,49000,19-APR-2021,
OPTSTK,MOTHERSUMI,29-Apr-2021,222.5,CE,0,0,0,3.7,3.15,0,0,112000,0,19-APR-2021,
OPTSTK,MOTHERSUMI,29-Apr-2021,225,CE,1,1.95,1,1.5,1.5,112,1776.46,812000,28000,19-APR-2021,
OPTSTK,MOTHERSUMI,29-Apr-2021,227.5,CE,1.6,1.7,1.25,1.25,1.25,5,80.13,28000,-14000,19-APR-2021,
OPTSTK,MOTHERSUMI,29-Apr-2021,230,CE,0.7,1.4,0.65,1.1,1.1,216,3494.5,1148000,-7000,19-APR-2021,
OPTSTK,MOTHERSUMI,29-Apr-2021,232.5,CE,0,0,0,2.5,1.55,0,0,35000,0,19-APR-2021,
OPTSTK,MOTHERSUMI,29-Apr-2021,235,CE,0.45,0.8,0.45,0.8,0.8,8,131.99,189000,28000,19-APR-2021,
OPTSTK,MOTHERSUMI,29-Apr-2021,237.5,CE,0,0,0,2,1.05,0,0,28000,0,19-APR-2021,
OPTSTK,MOTHERSUMI,29-Apr-2021,240,CE,0.55,0.7,0.45,0.55,0.55,127,2138.75,1246000,63000,19-APR-2021,
OPTSTK,MOTHERSUMI,29-Apr-2021,242.5,CE,0,0,0,2.3,0.7,0,0,7000,0,19-APR-2021,
OPTSTK,MOTHERSUMI,29-Apr-2021,245,CE,0.25,0.5,0.25,0.45,0.6,6,103.06,56000,0,19-APR-2021,
OPTSTK,MOTHERSUMI,29-Apr-2021,247.5,CE,0,0,0,1.35,0.5,0,0,7000,0,19-APR-2021,
OPTSTK,MOTHERSUMI,29-Apr-2021,250,CE,0.3,0.5,0.25,0.3,0.3,40,700.89,1141000,-35000,19-APR-2021,
OPTSTK,MOTHERSUMI,29-Apr-2021,252.5,CE,0,0,0,1.9,0.3,0,0,14000,0,19-APR-2021,
OPTSTK,MOTHERSUMI,29-Apr-2021,255,CE,0.6,0.6,0.6,0.6,0.6,1,17.89,28000,0,19-APR-2021,
OPTSTK,MOTHERSUMI,29-Apr-2021,257.5,CE,0,0,0,7.75,0.2,0,0,0,0,19-APR-2021,
OPTSTK,MOTHERSUMI,29-Apr-2021,260,CE,0.2,0.35,0.2,0.2,0.2,18,327.91,392000,-21000,19-APR-2021,
OPTSTK,MOTHERSUMI,29-Apr-2021,262.5,CE,0.05,0.05,0.05,0.05,0.15,1,18.37,7000,0,19-APR-2021,
OPTSTK,MOTHERSUMI,29-Apr-2021,265,CE,0.4,0.4,0.05,0.1,0.1,6,111.38,161000,0,19-APR-2021,
OPTSTK,MOTHERSUMI,29-Apr-2021,267.5,CE,0.3,0.3,0.25,0.25,0.1,4,74.97,91000,7000,19-APR-2021,
OPTSTK,MOTHERSUMI,29-Apr-2021,100,PE,0,0,0,2.45,0,0,0,0,0,19-APR-2021,
OPTSTK,MOTHERSUMI,29-Apr-2021,102.5,PE,0,0,0,2.85,0,0,0,0,0,19-APR-2021,
OPTSTK,MOTHERSUMI,29-Apr-2021,105,PE,0,0,0,3.3,0,0,0,0,0,19-APR-2021,
OPTSTK,MOTHERSUMI,29-Apr-2021,107.5,PE,0,0,0,3.8,0,0,0,0,0,19-APR-2021,
OPTSTK,MOTHERSUMI,29-Apr-2021,110,PE,0,0,0,4.35,0,0,0,0,0,19-APR-2021,
OPTSTK,MOTHERSUMI,29-Apr-2021,112.5,PE,0,0,0,4.95,0,0,0,0,0,19-APR-2021,
OPTSTK,MOTHERSUMI,29-Apr-2021,115,PE,0,0,0,5.6,0,0,0,0,0,19-APR-2021,
OPTSTK,MOTHERSUMI,29-Apr-2021,117.5,PE,0,0,0,6.3,0,0,0,0,0,19-APR-2021,
OPTSTK,MOTHERSUMI,29-Apr-2021,120,PE,0,0,0,7.05,0,0,0,0,0,19-APR-2021,
OPTSTK,MOTHERSUMI,29-Apr-2021,122.5,PE,0,0,0,7.85,0,0,0,0,0,19-APR-2021,
OPTSTK,MOTHERSUMI,29-Apr-2021,125,PE,0,0,0,8.75,0,0,0,0,0,19-APR-2021,
OPTSTK,MOTHERSUMI,29-Apr-2021,127.5,PE,0,0,0,9.65,0,0,0,0,0,19-APR-2021,
OPTSTK,MOTHERSUMI,29-Apr-2021,130,PE,0.05,0.05,0.05,0.05,0,1,9.1,35000,-7000,19-APR-2021,
OPTSTK,MOTHERSUMI,29-Apr-2021,132.5,PE,0,0,0,11.65,0,0,0,0,0,19-APR-2021,
OPTSTK,MOTHERSUMI,29-Apr-2021,135,PE,0,0,0,12.7,0,0,0,0,0,19-APR-2021,
OPTSTK,MOTHERSUMI,29-Apr-2021,137.5,PE,0,0,0,13.85,0,0,0,0,0,19-APR-2021,
OPTSTK,MOTHERSUMI,29-Apr-2021,140,PE,0,0,0,0.05,0,0,0,42000,0,19-APR-2021,
OPTSTK,MOTHERSUMI,29-Apr-2021,142.5,PE,0,0,0,16.25,0,0,0,0,0,19-APR-2021,
OPTSTK,MOTHERSUMI,29-Apr-2021,145,PE,0,0,0,17.55,0.05,0,0,0,0,19-APR-2021,
OPTSTK,MOTHERSUMI,29-Apr-2021,147.5,PE,0,0,0,18.9,0.05,0,0,0,0,19-APR-2021,
OPTSTK,MOTHERSUMI,29-Apr-2021,150,PE,0.1,0.1,0.1,0.1,0.05,6,63.04,84000,0,19-APR-2021,
OPTSTK,MOTHERSUMI,29-Apr-2021,152.5,PE,0,0,0,0.2,0.05,0,0,28000,0,19-APR-2021,
OPTSTK,MOTHERSUMI,29-Apr-2021,155,PE,0,0,0,1,0.05,0,0,28000,0,19-APR-2021,
OPTSTK,MOTHERSUMI,29-Apr-2021,157.5,PE,0,0,0,0.5,0.1,0,0,28000,0,19-APR-2021,
OPTSTK,MOTHERSUMI,29-Apr-2021,160,PE,0.25,0.25,0.25,0.25,0.1,1,11.21,315000,-7000,19-APR-2021,
OPTSTK,MOTHERSUMI,29-Apr-2021,162.5,PE,0,0,0,27.9,0.15,0,0,0,0,19-APR-2021,
OPTSTK,MOTHERSUMI,29-Apr-2021,165,PE,0,0,0,1.1,0.25,0,0,14000,0,19-APR-2021,
OPTSTK,MOTHERSUMI,29-Apr-2021,167.5,PE,0,0,0,1.95,0.3,0,0,7000,0,19-APR-2021,
OPTSTK,MOTHERSUMI,29-Apr-2021,170,PE,0.7,0.7,0.35,0.45,0.45,11,131.23,567000,0,19-APR-2021,
OPTSTK,MOTHERSUMI,29-Apr-2021,172.5,PE,0,0,0,1.3,0.6,0,0,7000,0,19-APR-2021,
OPTSTK,MOTHERSUMI,29-Apr-2021,175,PE,0,0,0,0.6,0.8,0,0,168000,0,19-APR-2021,
OPTSTK,MOTHERSUMI,29-Apr-2021,177.5,PE,0,0,0,0.75,1.05,0,0,63000,0,19-APR-2021,
OPTSTK,MOTHERSUMI,29-Apr-2021,180,PE,1,1.15,0.65,0.85,0.85,109,1380.09,1232000,154000,19-APR-2021,
OPTSTK,MOTHERSUMI,29-Apr-2021,182.5,PE,0,0,0,1.2,1.75,0,0,28000,0,19-APR-2021,
OPTSTK,MOTHERSUMI,29-Apr-2021,185,PE,0,0,0,0.85,2.2,0,0,168000,0,19-APR-2021,
OPTSTK,MOTHERSUMI,29-Apr-2021,187.5,PE,1.15,2.2,1.15,2.2,2.7,3,39.76,56000,0,19-APR-2021,
OPTSTK,MOTHERSUMI,29-Apr-2021,190,PE,3,3,1.8,2,2,225,3027.89,875000,-161000,19-APR-2021,
OPTSTK,MOTHERSUMI,29-Apr-2021,192.5,PE,0,0,0,2.1,4.05,0,0,105000,0,19-APR-2021,
OPTSTK,MOTHERSUMI,29-Apr-2021,195,PE,3.85,3.85,2.7,3,3,67,928.77,903000,91000,19-APR-2021,
OPTSTK,MOTHERSUMI,29-Apr-2021,197.5,PE,3.8,4.15,3.55,3.65,3.65,10,140.96,175000,21000,19-APR-2021,
OPTSTK,MOTHERSUMI,29-Apr-2021,200,PE,6.7,7,4,4.5,4.5,295,4234.7,1799000,42000,19-APR-2021,
OPTSTK,MOTHERSUMI,29-Apr-2021,202.5,PE,0,0,0,3.6,8.05,0,0,84000,0,19-APR-2021,
OPTSTK,MOTHERSUMI,29-Apr-2021,205,PE,9.15,9.55,6,6.75,6.75,109,1617.88,455000,-7000,19-APR-2021,
OPTSTK,MOTHERSUMI,29-Apr-2021,207.5,PE,10.95,10.95,7.25,8,8,39,588.94,154000,-21000,19-APR-2021,
OPTSTK,MOTHERSUMI,29-Apr-2021,210,PE,12.8,13.5,8.6,9.5,9.5,69,1064.51,1015000,-98000,19-APR-2021,
OPTSTK,MOTHERSUMI,29-Apr-2021,212.5,PE,13,13.6,10.05,11.5,13.7,8,125.38,56000,7000,19-APR-2021,
OPTSTK,MOTHERSUMI,29-Apr-2021,215,PE,15.25,15.25,13.55,13.55,15.4,2,32.11,315000,-7000,19-APR-2021,
OPTSTK,MOTHERSUMI,29-Apr-2021,217.5,PE,18.8,18.8,18.8,18.8,17.15,1,16.54,63000,0,19-APR-2021,
OPTSTK,MOTHERSUMI,29-Apr-2021,220,PE,16.05,16.1,16.05,16.1,19,5,82.62,119000,-7000,19-APR-2021,
OPTSTK,MOTHERSUMI,29-Apr-2021,222.5,PE,0,0,0,69.1,20.95,0,0,0,0,19-APR-2021,
OPTSTK,MOTHERSUMI,29-Apr-2021,225,PE,0,0,0,65.45,22.95,0,0,0,0,19-APR-2021,
OPTSTK,MOTHERSUMI,29-Apr-2021,227.5,PE,0,0,0,67.65,25,0,0,0,0,19-APR-2021,
OPTSTK,MOTHERSUMI,29-Apr-2021,230,PE,0,0,0,24,27.15,0,0,14000,0,19-APR-2021,
OPTSTK,MOTHERSUMI,29-Apr-2021,232.5,PE,0,0,0,62.85,29.35,0,0,0,0,19-APR-2021,
OPTSTK,MOTHERSUMI,29-Apr-2021,235,PE,0,0,0,65,31.55,0,0,0,0,19-APR-2021,
OPTSTK,MOTHERSUMI,29-Apr-2021,237.5,PE,0,0,0,67.15,33.85,0,0,0,0,19-APR-2021,
OPTSTK,MOTHERSUMI,29-Apr-2021,240,PE,0,0,0,69.3,36.15,0,0,0,0,19-APR-2021,
OPTSTK,MOTHERSUMI,29-Apr-2021,242.5,PE,0,0,0,67.45,38.5,0,0,0,0,19-APR-2021,
OPTSTK,MOTHERSUMI,29-Apr-2021,245,PE,0,0,0,69.6,40.85,0,0,0,0,19-APR-2021,
OPTSTK,MOTHERSUMI,29-Apr-2021,247.5,PE,0,0,0,57.8,43.25,0,0,0,0,19-APR-2021,
OPTSTK,MOTHERSUMI,29-Apr-2021,250,PE,0,0,0,35.6,45.65,0,0,7000,0,19-APR-2021,
OPTSTK,MOTHERSUMI,29-Apr-2021,252.5,PE,0,0,0,61.85,48.05,0,0,0,0,19-APR-2021,
OPTSTK,MOTHERSUMI,29-Apr-2021,255,PE,0,0,0,63.9,50.5,0,0,0,0,19-APR-2021,
OPTSTK,MOTHERSUMI,29-Apr-2021,257.5,PE,0,0,0,66,52.95,0,0,0,0,19-APR-2021,
OPTSTK,MOTHERSUMI,29-Apr-2021,260,PE,0,0,0,68.1,55.4,0,0,0,0,19-APR-2021,
OPTSTK,MOTHERSUMI,29-Apr-2021,262.5,PE,0,0,0,70.2,57.9,0,0,0,0,19-APR-2021,
OPTSTK,MOTHERSUMI,29-Apr-2021,265,PE,0,0,0,62.5,60.35,0,0,0,0,19-APR-2021,
OPTSTK,MOTHERSUMI,29-Apr-2021,267.5,PE,0,0,0,64.5,62.85,0,0,0,0,19-APR-2021,
OPTSTK,MOTHERSUMI,27-May-2021,150,CE,0,0,0,69.75,56.4,0,0,0,0,19-APR-2021,
OPTSTK,MOTHERSUMI,27-May-2021,152.5,CE,0,0,0,71.8,54.15,0,0,0,0,19-APR-2021,
OPTSTK,MOTHERSUMI,27-May-2021,155,CE,0,0,0,69.8,51.9,0,0,0,0,19-APR-2021,
OPTSTK,MOTHERSUMI,27-May-2021,157.5,CE,0,0,0,67.85,49.75,0,0,0,0,19-APR-2021,
OPTSTK,MOTHERSUMI,27-May-2021,160,CE,0,0,0,65.9,47.6,0,0,0,0,19-APR-2021,
OPTSTK,MOTHERSUMI,27-May-2021,162.5,CE,0,0,0,64,45.5,0,0,0,0,19-APR-2021,
OPTSTK,MOTHERSUMI,27-May-2021,165,CE,0,0,0,62.15,43.45,0,0,0,0,19-APR-2021,
OPTSTK,MOTHERSUMI,27-May-2021,167.5,CE,0,0,0,60.35,41.45,0,0,0,0,19-APR-2021,
OPTSTK,MOTHERSUMI,27-May-2021,170,CE,0,0,0,58.55,39.5,0,0,0,0,19-APR-2021,
OPTSTK,MOTHERSUMI,27-May-2021,172.5,CE,0,0,0,56.75,37.6,0,0,0,0,19-APR-2021,
OPTSTK,MOTHERSUMI,27-May-2021,175,CE,0,0,0,55.05,35.75,0,0,0,0,19-APR-2021,
OPTSTK,MOTHERSUMI,27-May-2021,177.5,CE,0,0,0,53.35,33.95,0,0,0,0,19-APR-2021,
OPTSTK,MOTHERSUMI,27-May-2021,180,CE,0,0,0,51.7,32.2,0,0,0,0,19-APR-2021,
OPTSTK,MOTHERSUMI,27-May-2021,182.5,CE,0,0,0,50.1,30.5,0,0,0,0,19-APR-2021,
OPTSTK,MOTHERSUMI,27-May-2021,185,CE,0,0,0,48.5,28.85,0,0,0,0,19-APR-2021,
OPTSTK,MOTHERSUMI,27-May-2021,187.5,CE,0,0,0,46.95,27.3,0,0,0,0,19-APR-2021,
OPTSTK,MOTHERSUMI,27-May-2021,190,CE,0,0,0,45.45,25.8,0,0,0,0,19-APR-2021,
OPTSTK,MOTHERSUMI,27-May-2021,192.5,CE,0,0,0,44,24.3,0,0,0,0,19-APR-2021,
OPTSTK,MOTHERSUMI,27-May-2021,195,CE,0,0,0,42.55,22.9,0,0,0,0,19-APR-2021,
OPTSTK,MOTHERSUMI,27-May-2021,197.5,CE,0,0,0,41.15,21.6,0,0,0,0,19-APR-2021,
OPTSTK,MOTHERSUMI,27-May-2021,200,CE,0,0,0,39.8,20.3,0,0,0,0,19-APR-2021,
OPTSTK,MOTHERSUMI,27-May-2021,202.5,CE,0,0,0,38.45,19.05,0,0,0,0,19-APR-2021,
OPTSTK,MOTHERSUMI,27-May-2021,205,CE,0,0,0,37.2,17.9,0,0,0,0,19-APR-2021,
OPTSTK,MOTHERSUMI,27-May-2021,207.5,CE,0,0,0,35.95,16.8,0,0,0,0,19-APR-2021,
OPTSTK,MOTHERSUMI,27-May-2021,210,CE,0,0,0,34.7,15.7,0,0,0,0,19-APR-2021,
OPTSTK,MOTHERSUMI,27-May-2021,212.5,CE,0,0,0,33.5,14.7,0,0,0,0,19-APR-2021,
OPTSTK,MOTHERSUMI,27-May-2021,215,CE,10,10,10,10,10,1,15.75,7000,7000,19-APR-2021,
OPTSTK,MOTHERSUMI,27-May-2021,217.5,CE,0,0,0,31.25,12.85,0,0,0,0,19-APR-2021,
OPTSTK,MOTHERSUMI,27-May-2021,220,CE,0,0,0,10,12,0,0,7000,0,19-APR-2021,
OPTSTK,MOTHERSUMI,27-May-2021,222.5,CE,0,0,0,29.1,11.2,0,0,0,0,19-APR-2021,
OPTSTK,MOTHERSUMI,27-May-2021,225,CE,0,0,0,28.1,10.4,0,0,0,0,19-APR-2021,
OPTSTK,MOTHERSUMI,27-May-2021,227.5,CE,0,0,0,27.1,9.7,0,0,0,0,19-APR-2021,
OPTSTK,MOTHERSUMI,27-May-2021,230,CE,8.5,8.5,8,8,9,2,33.35,49000,7000,19-APR-2021,
OPTSTK,MOTHERSUMI,27-May-2021,232.5,CE,0,0,0,25.2,8.4,0,0,0,0,19-APR-2021,
OPTSTK,MOTHERSUMI,27-May-2021,235,CE,0,0,0,24.3,7.8,0,0,0,0,19-APR-2021,
OPTSTK,MOTHERSUMI,27-May-2021,237.5,CE,0,0,0,23.4,7.25,0,0,0,0,19-APR-2021,
OPTSTK,MOTHERSUMI,27-May-2021,240,CE,0,0,0,22.55,6.7,0,0,0,0,19-APR-2021,
OPTSTK,MOTHERSUMI,27-May-2021,242.5,CE,0,0,0,21.75,6.2,0,0,0,0,19-APR-2021,
OPTSTK,MOTHERSUMI,27-May-2021,245,CE,0,0,0,20.95,5.75,0,0,0,0,19-APR-2021,
OPTSTK,MOTHERSUMI,27-May-2021,247.5,CE,0,0,0,20.15,5.3,0,0,0,0,19-APR-2021,
OPTSTK,MOTHERSUMI,27-May-2021,250,CE,0,0,0,8.95,4.9,0,0,28000,0,19-APR-2021,
OPTSTK,MOTHERSUMI,27-May-2021,252.5,CE,0,0,0,18.7,4.55,0,0,0,0,19-APR-2021,
OPTSTK,MOTHERSUMI,27-May-2021,255,CE,0,0,0,18,4.2,0,0,0,0,19-APR-2021,
OPTSTK,MOTHERSUMI,27-May-2021,257.5,CE,0,0,0,17.35,3.85,0,0,0,0,19-APR-2021,
OPTSTK,MOTHERSUMI,27-May-2021,260,CE,0,0,0,16.7,3.55,0,0,0,0,19-APR-2021,
OPTSTK,MOTHERSUMI,27-May-2021,262.5,CE,0,0,0,16.1,3.3,0,0,0,0,19-APR-2021,
OPTSTK,MOTHERSUMI,27-May-2021,265,CE,0,0,0,15.45,3.05,0,0,0,0,19-APR-2021,
OPTSTK,MOTHERSUMI,27-May-2021,267.5,CE,0,0,0,14.9,2.8,0,0,0,0,19-APR-2021,
OPTSTK,MOTHERSUMI,27-May-2021,150,PE,0,0,0,4.4,1.3,0,0,0,0,19-APR-2021,
OPTSTK,MOTHERSUMI,27-May-2021,152.5,PE,0,0,0,4.65,1.55,0,0,0,0,19-APR-2021,
OPTSTK,MOTHERSUMI,27-May-2021,155,PE,0,0,0,5.1,1.8,0,0,0,0,19-APR-2021,
OPTSTK,MOTHERSUMI,27-May-2021,157.5,PE,0,0,0,5.65,2.15,0,0,0,0,19-APR-2021,
OPTSTK,MOTHERSUMI,27-May-2021,160,PE,1,1,1,1,2.5,1,11.27,14000,0,19-APR-2021,
OPTSTK,MOTHERSUMI,27-May-2021,162.5,PE,0,0,0,6.75,2.9,0,0,0,0,19-APR-2021,
OPTSTK,MOTHERSUMI,27-May-2021,165,PE,0,0,0,7.35,3.3,0,0,0,0,19-APR-2021,
OPTSTK,MOTHERSUMI,27-May-2021,167.5,PE,0,0,0,8,3.8,0,0,0,0,19-APR-2021,
OPTSTK,MOTHERSUMI,27-May-2021,170,PE,0,0,0,8.7,4.35,0,0,0,0,19-APR-2021,
OPTSTK,MOTHERSUMI,27-May-2021,172.5,PE,0,0,0,9.4,4.95,0,0,0,0,19-APR-2021,
OPTSTK,MOTHERSUMI,27-May-2021,175,PE,0,0,0,10.15,5.55,0,0,0,0,19-APR-2021,
OPTSTK,MOTHERSUMI,27-May-2021,177.5,PE,0,0,0,10.95,6.25,0,0,0,0,19-APR-2021,
OPTSTK,MOTHERSUMI,27-May-2021,180,PE,0,0,0,11.8,7,0,0,0,0,19-APR-2021,
OPTSTK,MOTHERSUMI,27-May-2021,182.5,PE,0,0,0,12.65,7.8,0,0,0,0,19-APR-2021,
OPTSTK,MOTHERSUMI,27-May-2021,185,PE,0,0,0,13.55,8.65,0,0,0,0,19-APR-2021,
OPTSTK,MOTHERSUMI,27-May-2021,187.5,PE,0,0,0,14.45,9.55,0,0,0,0,19-APR-2021,
OPTSTK,MOTHERSUMI,27-May-2021,190,PE,0,0,0,15.45,10.55,0,0,0,0,19-APR-2021,
OPTSTK,MOTHERSUMI,27-May-2021,192.5,PE,0,0,0,16.45,11.55,0,0,0,0,19-APR-2021,
OPTSTK,MOTHERSUMI,27-May-2021,195,PE,0,0,0,17.5,12.65,0,0,0,0,19-APR-2021,
OPTSTK,MOTHERSUMI,27-May-2021,197.5,PE,0,0,0,18.55,13.8,0,0,0,0,19-APR-2021,
OPTSTK,MOTHERSUMI,27-May-2021,200,PE,11,11,9.5,9.75,15,5,73.48,70000,7000,19-APR-2021,
OPTSTK,MOTHERSUMI,27-May-2021,202.5,PE,0,0,0,20.85,16.3,0,0,0,0,19-APR-2021,
OPTSTK,MOTHERSUMI,27-May-2021,205,PE,0,0,0,22,17.6,0,0,0,0,19-APR-2021,
OPTSTK,MOTHERSUMI,27-May-2021,207.5,PE,0,0,0,23.25,18.95,0,0,0,0,19-APR-2021,
OPTSTK,MOTHERSUMI,27-May-2021,210,PE,0,0,0,24.5,20.4,0,0,0,0,19-APR-2021,
OPTSTK,MOTHERSUMI,27-May-2021,212.5,PE,0,0,0,25.8,21.9,0,0,0,0,19-APR-2021,
OPTSTK,MOTHERSUMI,27-May-2021,215,PE,0,0,0,27.1,23.4,0,0,0,0,19-APR-2021,
OPTSTK,MOTHERSUMI,27-May-2021,217.5,PE,0,0,0,28.45,25,0,0,0,0,19-APR-2021,
OPTSTK,MOTHERSUMI,27-May-2021,220,PE,0,0,0,29.85,26.65,0,0,0,0,19-APR-2021,
OPTSTK,MOTHERSUMI,27-May-2021,222.5,PE,0,0,0,31.3,28.3,0,0,0,0,19-APR-2021,
OPTSTK,MOTHERSUMI,27-May-2021,225,PE,0,0,0,32.75,30.05,0,0,0,0,19-APR-2021,
OPTSTK,MOTHERSUMI,27-May-2021,227.5,PE,0,0,0,34.2,31.8,0,0,0,0,19-APR-2021,
OPTSTK,MOTHERSUMI,27-May-2021,230,PE,0,0,0,35.75,33.6,0,0,0,0,19-APR-2021,
OPTSTK,MOTHERSUMI,27-May-2021,232.5,PE,0,0,0,37.25,35.5,0,0,0,0,19-APR-2021,
OPTSTK,MOTHERSUMI,27-May-2021,235,PE,0,0,0,38.85,37.35,0,0,0,0,19-APR-2021,
OPTSTK,MOTHERSUMI,27-May-2021,237.5,PE,0,0,0,40.45,39.3,0,0,0,0,19-APR-2021,
OPTSTK,MOTHERSUMI,27-May-2021,240,PE,0,0,0,42.05,41.25,0,0,0,0,19-APR-2021,
OPTSTK,MOTHERSUMI,27-May-2021,242.5,PE,0,0,0,43.75,43.25,0,0,0,0,19-APR-2021,
OPTSTK,MOTHERSUMI,27-May-2021,245,PE,0,0,0,45.4,45.3,0,0,0,0,19-APR-2021,
OPTSTK,MOTHERSUMI,27-May-2021,247.5,PE,0,0,0,47.1,47.35,0,0,0,0,19-APR-2021,
OPTSTK,MOTHERSUMI,27-May-2021,250,PE,0,0,0,48.85,49.45,0,0,0,0,19-APR-2021,
OPTSTK,MOTHERSUMI,27-May-2021,252.5,PE,0,0,0,50.6,51.55,0,0,0,0,19-APR-2021,
OPTSTK,MOTHERSUMI,27-May-2021,255,PE,0,0,0,52.4,53.7,0,0,0,0,19-APR-2021,
OPTSTK,MOTHERSUMI,27-May-2021,257.5,PE,0,0,0,54.2,55.85,0,0,0,0,19-APR-2021,
OPTSTK,MOTHERSUMI,27-May-2021,260,PE,0,0,0,56,58.05,0,0,0,0,19-APR-2021,
OPTSTK,MOTHERSUMI,27-May-2021,262.5,PE,0,0,0,57.9,60.25,0,0,0,0,19-APR-2021,
OPTSTK,MOTHERSUMI,27-May-2021,265,PE,0,0,0,59.75,62.5,0,0,0,0,19-APR-2021,
OPTSTK,MOTHERSUMI,27-May-2021,267.5,PE,0,0,0,61.65,64.75,0,0,0,0,19-APR-2021,
OPTSTK,MOTHERSUMI,24-Jun-2021,150,CE,0,0,0,54.25,58.95,0,0,0,0,19-APR-2021,
OPTSTK,MOTHERSUMI,24-Jun-2021,155,CE,0,0,0,50.7,54.9,0,0,0,0,19-APR-2021,
OPTSTK,MOTHERSUMI,24-Jun-2021,160,CE,0,0,0,47.25,51,0,0,0,0,19-APR-2021,
OPTSTK,MOTHERSUMI,24-Jun-2021,165,CE,0,0,0,44,47.25,0,0,0,0,19-APR-2021,
OPTSTK,MOTHERSUMI,24-Jun-2021,170,CE,0,0,0,40.9,43.7,0,0,0,0,19-APR-2021,
OPTSTK,MOTHERSUMI,24-Jun-2021,175,CE,0,0,0,37.95,40.3,0,0,0,0,19-APR-2021,
OPTSTK,MOTHERSUMI,24-Jun-2021,180,CE,0,0,0,35.2,37.1,0,0,0,0,19-APR-2021,
OPTSTK,MOTHERSUMI,24-Jun-2021,185,CE,0,0,0,32.6,34.05,0,0,0,0,19-APR-2021,
OPTSTK,MOTHERSUMI,24-Jun-2021,190,CE,0,0,0,30.15,31.2,0,0,0,0,19-APR-2021,
OPTSTK,MOTHERSUMI,24-Jun-2021,195,CE,0,0,0,27.85,28.55,0,0,0,0,19-APR-2021,
OPTSTK,MOTHERSUMI,24-Jun-2021,200,CE,0,0,0,25.7,26.05,0,0,0,0,19-APR-2021,
OPTSTK,MOTHERSUMI,24-Jun-2021,205,CE,0,0,0,23.65,23.75,0,0,0,0,19-APR-2021,
OPTSTK,MOTHERSUMI,24-Jun-2021,210,CE,0,0,0,21.8,21.6,0,0,0,0,19-APR-2021,
OPTSTK,MOTHERSUMI,24-Jun-2021,215,CE,0,0,0,20.05,19.6,0,0,0,0,19-APR-2021,
OPTSTK,MOTHERSUMI,24-Jun-2021,220,CE,0,0,0,18.45,17.8,0,0,0,0,19-APR-2021,
OPTSTK,MOTHERSUMI,24-Jun-2021,225,CE,0,0,0,16.9,16.1,0,0,0,0,19-APR-2021,
OPTSTK,MOTHERSUMI,24-Jun-2021,230,CE,0,0,0,15.55,14.55,0,0,0,0,19-APR-2021,
OPTSTK,MOTHERSUMI,24-Jun-2021,235,CE,0,0,0,14.25,13.15,0,0,0,0,19-APR-2021,
OPTSTK,MOTHERSUMI,24-Jun-2021,240,CE,0,0,0,13.05,11.85,0,0,0,0,19-APR-2021,
OPTSTK,MOTHERSUMI,24-Jun-2021,245,CE,0,0,0,11.95,10.7,0,0,0,0,19-APR-2021,
OPTSTK,MOTHERSUMI,24-Jun-2021,250,CE,0,0,0,10.95,9.6,0,0,0,0,19-APR-2021,
OPTSTK,MOTHERSUMI,24-Jun-2021,255,CE,0,0,0,10.05,8.65,0,0,0,0,19-APR-2021,
OPTSTK,MOTHERSUMI,24-Jun-2021,260,CE,0,0,0,9.15,7.75,0,0,0,0,19-APR-2021,
OPTSTK,MOTHERSUMI,24-Jun-2021,265,CE,0,0,0,8.4,6.95,0,0,0,0,19-APR-2021,
OPTSTK,MOTHERSUMI,24-Jun-2021,150,PE,0,0,0,6.85,3.45,0,0,0,0,19-APR-2021,
OPTSTK,MOTHERSUMI,24-Jun-2021,155,PE,0,0,0,8.2,4.35,0,0,0,0,19-APR-2021,
OPTSTK,MOTHERSUMI,24-Jun-2021,160,PE,0,0,0,9.7,5.4,0,0,0,0,19-APR-2021,
OPTSTK,MOTHERSUMI,24-Jun-2021,165,PE,0,0,0,11.4,6.65,0,0,0,0,19-APR-2021,
OPTSTK,MOTHERSUMI,24-Jun-2021,170,PE,0,0,0,13.25,8.05,0,0,0,0,19-APR-2021,
OPTSTK,MOTHERSUMI,24-Jun-2021,175,PE,0,0,0,15.3,9.6,0,0,0,0,19-APR-2021,
OPTSTK,MOTHERSUMI,24-Jun-2021,180,PE,0,0,0,17.45,11.35,0,0,0,0,19-APR-2021,
OPTSTK,MOTHERSUMI,24-Jun-2021,185,PE,0,0,0,19.8,13.3,0,0,0,0,19-APR-2021,
OPTSTK,MOTHERSUMI,24-Jun-2021,190,PE,0,0,0,22.3,15.45,0,0,0,0,19-APR-2021,
OPTSTK,MOTHERSUMI,24-Jun-2021,195,PE,0,0,0,24.95,17.75,0,0,0,0,19-APR-2021,
OPTSTK,MOTHERSUMI,24-Jun-2021,200,PE,0,0,0,27.75,20.2,0,0,0,0,19-APR-2021,
OPTSTK,MOTHERSUMI,24-Jun-2021,205,PE,0,0,0,30.7,22.85,0,0,0,0,19-APR-2021,
OPTSTK,MOTHERSUMI,24-Jun-2021,210,PE,0,0,0,33.8,25.7,0,0,0,0,19-APR-2021,
OPTSTK,MOTHERSUMI,24-Jun-2021,215,PE,0,0,0,37,28.65,0,0,0,0,19-APR-2021,
OPTSTK,MOTHERSUMI,24-Jun-2021,220,PE,0,0,0,40.35,31.8,0,0,0,0,19-APR-2021,
OPTSTK,MOTHERSUMI,24-Jun-2021,225,PE,0,0,0,43.8,35.1,0,0,0,0,19-APR-2021,
OPTSTK,MOTHERSUMI,24-Jun-2021,230,PE,0,0,0,47.35,38.5,0,0,0,0,19-APR-2021,
OPTSTK,MOTHERSUMI,24-Jun-2021,235,PE,0,0,0,51,42.05,0,0,0,0,19-APR-2021,
OPTSTK,MOTHERSUMI,24-Jun-2021,240,PE,0,0,0,54.8,45.75,0,0,0,0,19-APR-2021,
OPTSTK,MOTHERSUMI,24-Jun-2021,245,PE,0,0,0,58.65,49.5,0,0,0,0,19-APR-2021,
OPTSTK,MOTHERSUMI,24-Jun-2021,250,PE,0,0,0,62.6,53.4,0,0,0,0,19-APR-2021,
OPTSTK,MOTHERSUMI,24-Jun-2021,255,PE,0,0,0,66.6,57.4,0,0,0,0,19-APR-2021,
OPTSTK,MOTHERSUMI,24-Jun-2021,260,PE,0,0,0,70.7,61.5,0,0,0,0,19-APR-2021,
OPTSTK,MOTHERSUMI,24-Jun-2021,265,PE,0,0,0,74.85,65.65,0,0,0,0,19-APR-2021,
OPTSTK,MPHASIS,29-Apr-2021,1260,CE,0,0,0,399.85,444.2,0,0,0,0,19-APR-2021,
OPTSTK,MPHASIS,29-Apr-2021,1280,CE,0,0,0,380,424.25,0,0,0,0,19-APR-2021,
OPTSTK,MPHASIS,29-Apr-2021,1300,CE,0,0,0,360.1,404.25,0,0,0,0,19-APR-2021,
OPTSTK,MPHASIS,29-Apr-2021,1320,CE,0,0,0,340.25,384.3,0,0,0,0,19-APR-2021,
OPTSTK,MPHASIS,29-Apr-2021,1340,CE,0,0,0,320.35,364.35,0,0,0,0,19-APR-2021,
OPTSTK,MPHASIS,29-Apr-2021,1360,CE,0,0,0,300.5,344.4,0,0,0,0,19-APR-2021,
OPTSTK,MPHASIS,29-Apr-2021,1380,CE,0,0,0,280.6,324.5,0,0,0,0,19-APR-2021,
OPTSTK,MPHASIS,29-Apr-2021,1400,CE,0,0,0,260.75,304.65,0,0,0,0,19-APR-2021,
OPTSTK,MPHASIS,29-Apr-2021,1420,CE,0,0,0,240.9,284.85,0,0,0,0,19-APR-2021,
OPTSTK,MPHASIS,29-Apr-2021,1440,CE,0,0,0,221,265.15,0,0,0,0,19-APR-2021,
OPTSTK,MPHASIS,29-Apr-2021,1460,CE,0,0,0,201.15,245.65,0,0,0,0,19-APR-2021,
OPTSTK,MPHASIS,29-Apr-2021,1480,CE,0,0,0,181.25,226.35,0,0,0,0,19-APR-2021,
OPTSTK,MPHASIS,29-Apr-2021,1500,CE,0,0,0,161.4,207.4,0,0,0,0,19-APR-2021,
OPTSTK,MPHASIS,29-Apr-2021,1520,CE,0,0,0,141.55,188.8,0,0,0,0,19-APR-2021,
OPTSTK,MPHASIS,29-Apr-2021,1540,CE,0,0,0,121.65,170.7,0,0,0,0,19-APR-2021,
OPTSTK,MPHASIS,29-Apr-2021,1560,CE,0,0,0,101.8,153.2,0,0,0,0,19-APR-2021,
OPTSTK,MPHASIS,29-Apr-2021,1580,CE,0,0,0,81.9,136.4,0,0,0,0,19-APR-2021,
OPTSTK,MPHASIS,29-Apr-2021,1600,CE,0,0,0,62.05,120.5,0,0,0,0,19-APR-2021,
OPTSTK,MPHASIS,29-Apr-2021,1620,CE,0,0,0,42.15,105.55,0,0,0,0,19-APR-2021,
OPTSTK,MPHASIS,29-Apr-2021,1640,CE,0,0,0,22.3,91.5,0,0,0,0,19-APR-2021,
OPTSTK,MPHASIS,29-Apr-2021,1660,CE,0,0,0,2.9,78.6,0,0,0,0,19-APR-2021,
OPTSTK,MPHASIS,29-Apr-2021,1680,CE,0,0,0,76.45,66.9,0,0,2925,0,19-APR-2021,
OPTSTK,MPHASIS,29-Apr-2021,1700,CE,50.05,70,45,61.35,61.35,45,257.53,12675,0,19-APR-2021,
OPTSTK,MPHASIS,29-Apr-2021,1720,CE,0,0,0,0.05,47,0,0,0,0,19-APR-2021,
OPTSTK,MPHASIS,29-Apr-2021,1740,CE,30,30,30,30,38.8,1,5.75,325,325,19-APR-2021,
OPTSTK,MPHASIS,29-Apr-2021,1760,CE,34,40,30.5,33.8,33.8,4,23.34,4550,325,19-APR-2021,
OPTSTK,MPHASIS,29-Apr-2021,1780,CE,0,0,0,42.75,25.6,0,0,1950,0,19-APR-2021,
OPTSTK,MPHASIS,29-Apr-2021,1800,CE,18,30,18,23.6,23.6,73,432.87,48100,-4550,19-APR-2021,
OPTSTK,MPHASIS,29-Apr-2021,1820,CE,0,0,0,28,16.2,0,0,5200,0,19-APR-2021,
OPTSTK,MPHASIS,29-Apr-2021,1840,CE,17.95,20.4,17.95,20.4,12.7,4,24.16,9100,-1300,19-APR-2021,
OPTSTK,MPHASIS,29-Apr-2021,1860,CE,15.7,15.7,15.7,15.7,9.85,1,6.09,3900,-325,19-APR-2021,
OPTSTK,MPHASIS,29-Apr-2021,1880,CE,0,0,0,0.05,7.55,0,0,0,0,19-APR-2021,
OPTSTK,MPHASIS,29-Apr-2021,1900,CE,13,13,7,7.85,7.85,21,130.24,27300,-3575,19-APR-2021,
OPTSTK,MPHASIS,29-Apr-2021,1920,CE,0,0,0,50,4.3,0,0,325,0,19-APR-2021,
OPTSTK,MPHASIS,29-Apr-2021,1940,CE,0,0,0,0.05,3.2,0,0,0,0,19-APR-2021,
OPTSTK,MPHASIS,29-Apr-2021,1960,CE,6,6,5.85,5.95,5.95,4,25.55,2925,-1300,19-APR-2021,
OPTSTK,MPHASIS,29-Apr-2021,1980,CE,0,0,0,39.55,1.7,0,0,325,0,19-APR-2021,
OPTSTK,MPHASIS,29-Apr-2021,2000,CE,6.95,6.95,4.6,5.8,5.8,12,78.23,30550,-2600,19-APR-2021,
OPTSTK,MPHASIS,29-Apr-2021,2020,CE,0,0,0,0.05,0.9,0,0,0,0,19-APR-2021,
OPTSTK,MPHASIS,29-Apr-2021,2040,CE,0,0,0,0.05,0.65,0,0,0,0,19-APR-2021,
OPTSTK,MPHASIS,29-Apr-2021,2060,CE,0,0,0,0.05,0.45,0,0,0,0,19-APR-2021,
OPTSTK,MPHASIS,29-Apr-2021,2080,CE,0,0,0,0.05,0.3,0,0,0,0,19-APR-2021,
OPTSTK,MPHASIS,29-Apr-2021,2100,CE,0,0,0,11.5,0.25,0,0,1625,0,19-APR-2021,
OPTSTK,MPHASIS,29-Apr-2021,2120,CE,0,0,0,0.05,0.15,0,0,0,0,19-APR-2021,
OPTSTK,MPHASIS,29-Apr-2021,2140,CE,0,0,0,0.05,0.1,0,0,0,0,19-APR-2021,
OPTSTK,MPHASIS,29-Apr-2021,1260,PE,0,0,0,0.05,0,0,0,0,0,19-APR-2021,
OPTSTK,MPHASIS,29-Apr-2021,1280,PE,0,0,0,0.05,0,0,0,0,0,19-APR-2021,
OPTSTK,MPHASIS,29-Apr-2021,1300,PE,0,0,0,0.05,0.05,0,0,0,0,19-APR-2021,
OPTSTK,MPHASIS,29-Apr-2021,1320,PE,0,0,0,0.05,0.05,0,0,0,0,19-APR-2021,
OPTSTK,MPHASIS,29-Apr-2021,1340,PE,0,0,0,0.05,0.05,0,0,0,0,19-APR-2021,
OPTSTK,MPHASIS,29-Apr-2021,1360,PE,0,0,0,0.05,0.1,0,0,0,0,19-APR-2021,
OPTSTK,MPHASIS,29-Apr-2021,1380,PE,0,0,0,0.05,0.15,0,0,0,0,19-APR-2021,
OPTSTK,MPHASIS,29-Apr-2021,1400,PE,0,0,0,0.05,0.3,0,0,0,0,19-APR-2021,
OPTSTK,MPHASIS,29-Apr-2021,1420,PE,0,0,0,0.05,0.5,0,0,0,0,19-APR-2021,
OPTSTK,MPHASIS,29-Apr-2021,1440,PE,0,0,0,0.05,0.8,0,0,0,0,19-APR-2021,
OPTSTK,MPHASIS,29-Apr-2021,1460,PE,0,0,0,0.05,1.25,0,0,0,0,19-APR-2021,
OPTSTK,MPHASIS,29-Apr-2021,1480,PE,0,0,0,0.05,1.95,0,0,0,0,19-APR-2021,
OPTSTK,MPHASIS,29-Apr-2021,1500,PE,0,0,0,6.4,2.95,0,0,1950,0,19-APR-2021,
OPTSTK,MPHASIS,29-Apr-2021,1520,PE,0,0,0,0.05,4.35,0,0,0,0,19-APR-2021,
OPTSTK,MPHASIS,29-Apr-2021,1540,PE,0,0,0,33.55,6.2,0,0,1300,0,19-APR-2021,
OPTSTK,MPHASIS,29-Apr-2021,1560,PE,0,0,0,0.05,8.7,0,0,0,0,19-APR-2021,
OPTSTK,MPHASIS,29-Apr-2021,1580,PE,0,0,0,16.1,11.9,0,0,650,0,19-APR-2021,
OPTSTK,MPHASIS,29-Apr-2021,1600,PE,23,23,15.5,15.5,15.95,2,10.52,13975,-325,19-APR-2021,
OPTSTK,MPHASIS,29-Apr-2021,1620,PE,0,0,0,0.05,20.95,0,0,0,0,19-APR-2021,
OPTSTK,MPHASIS,29-Apr-2021,1640,PE,0,0,0,0.05,26.9,0,0,0,0,19-APR-2021,
OPTSTK,MPHASIS,29-Apr-2021,1660,PE,0,0,0,31.55,34,0,0,325,0,19-APR-2021,
OPTSTK,MPHASIS,29-Apr-2021,1680,PE,0,0,0,17.5,42.3,0,0,0,0,19-APR-2021,
OPTSTK,MPHASIS,29-Apr-2021,1700,PE,62,62,60,60,51.7,2,11.44,2275,325,19-APR-2021,
OPTSTK,MPHASIS,29-Apr-2021,1720,PE,0,0,0,57.2,62.35,0,0,0,0,19-APR-2021,
OPTSTK,MPHASIS,29-Apr-2021,1740,PE,0,0,0,79.9,74.1,0,0,325,0,19-APR-2021,
OPTSTK,MPHASIS,29-Apr-2021,1760,PE,0,0,0,96.95,86.95,0,0,0,0,19-APR-2021,
OPTSTK,MPHASIS,29-Apr-2021,1780,PE,0,0,0,116.85,100.85,0,0,0,0,19-APR-2021,
OPTSTK,MPHASIS,29-Apr-2021,1800,PE,137.35,137.35,125,125,115.8,2,12.55,1625,-650,19-APR-2021,
OPTSTK,MPHASIS,29-Apr-2021,1820,PE,0,0,0,156.6,131.45,0,0,0,0,19-APR-2021,
OPTSTK,MPHASIS,29-Apr-2021,1840,PE,0,0,0,176.45,147.9,0,0,0,0,19-APR-2021,
OPTSTK,MPHASIS,29-Apr-2021,1860,PE,0,0,0,196.3,165.05,0,0,0,0,19-APR-2021,
OPTSTK,MPHASIS,29-Apr-2021,1880,PE,0,0,0,216.2,182.75,0,0,0,0,19-APR-2021,
OPTSTK,MPHASIS,29-Apr-2021,1900,PE,0,0,0,236.05,200.9,0,0,0,0,19-APR-2021,
OPTSTK,MPHASIS,29-Apr-2021,1920,PE,0,0,0,255.95,219.45,0,0,0,0,19-APR-2021,
OPTSTK,MPHASIS,29-Apr-2021,1940,PE,0,0,0,275.8,238.3,0,0,0,0,19-APR-2021,
OPTSTK,MPHASIS,29-Apr-2021,1960,PE,0,0,0,295.65,257.45,0,0,0,0,19-APR-2021,
OPTSTK,MPHASIS,29-Apr-2021,1980,PE,0,0,0,315.55,276.8,0,0,0,0,19-APR-2021,
OPTSTK,MPHASIS,29-Apr-2021,2000,PE,0,0,0,335.4,296.3,0,0,0,0,19-APR-2021,
OPTSTK,MPHASIS,29-Apr-2021,2020,PE,0,0,0,355.3,315.95,0,0,0,0,19-APR-2021,
OPTSTK,MPHASIS,29-Apr-2021,2040,PE,0,0,0,375.15,335.65,0,0,0,0,19-APR-2021,
OPTSTK,MPHASIS,29-Apr-2021,2060,PE,0,0,0,395.05,355.45,0,0,0,0,19-APR-2021,
OPTSTK,MPHASIS,29-Apr-2021,2080,PE,0,0,0,414.9,375.3,0,0,0,0,19-APR-2021,
OPTSTK,MPHASIS,29-Apr-2021,2100,PE,0,0,0,434.75,395.2,0,0,0,0,19-APR-2021,
OPTSTK,MPHASIS,29-Apr-2021,2120,PE,0,0,0,454.65,415.1,0,0,0,0,19-APR-2021,
OPTSTK,MPHASIS,29-Apr-2021,2140,PE,0,0,0,474.5,435.05,0,0,0,0,19-APR-2021,
OPTSTK,MPHASIS,27-May-2021,1260,CE,0,0,0,403.45,450,0,0,0,0,19-APR-2021,
OPTSTK,MPHASIS,27-May-2021,1280,CE,0,0,0,383.65,430.75,0,0,0,0,19-APR-2021,
OPTSTK,MPHASIS,27-May-2021,1300,CE,0,0,0,363.8,411.65,0,0,0,0,19-APR-2021,
OPTSTK,MPHASIS,27-May-2021,1320,CE,0,0,0,344,392.75,0,0,0,0,19-APR-2021,
OPTSTK,MPHASIS,27-May-2021,1340,CE,0,0,0,324.2,374.05,0,0,0,0,19-APR-2021,
OPTSTK,MPHASIS,27-May-2021,1360,CE,0,0,0,304.4,355.6,0,0,0,0,19-APR-2021,
OPTSTK,MPHASIS,27-May-2021,1380,CE,0,0,0,284.55,337.45,0,0,0,0,19-APR-2021,
OPTSTK,MPHASIS,27-May-2021,1400,CE,0,0,0,264.75,319.6,0,0,0,0,19-APR-2021,
OPTSTK,MPHASIS,27-May-2021,1420,CE,0,0,0,244.95,302.15,0,0,0,0,19-APR-2021,
OPTSTK,MPHASIS,27-May-2021,1440,CE,0,0,0,225.1,285.05,0,0,0,0,19-APR-2021,
OPTSTK,MPHASIS,27-May-2021,1460,CE,0,0,0,205.3,268.35,0,0,0,0,19-APR-2021,
OPTSTK,MPHASIS,27-May-2021,1480,CE,0,0,0,185.5,252.15,0,0,0,0,19-APR-2021,
OPTSTK,MPHASIS,27-May-2021,1500,CE,0,0,0,165.7,236.4,0,0,0,0,19-APR-2021,
OPTSTK,MPHASIS,27-May-2021,1520,CE,0,0,0,145.85,221.15,0,0,0,0,19-APR-2021,
OPTSTK,MPHASIS,27-May-2021,1540,CE,0,0,0,126.05,206.5,0,0,0,0,19-APR-2021,
OPTSTK,MPHASIS,27-May-2021,1560,CE,0,0,0,106.25,192.3,0,0,0,0,19-APR-2021,
OPTSTK,MPHASIS,27-May-2021,1580,CE,0,0,0,86.4,178.65,0,0,0,0,19-APR-2021,
OPTSTK,MPHASIS,27-May-2021,1600,CE,0,0,0,66.6,165.7,0,0,0,0,19-APR-2021,
OPTSTK,MPHASIS,27-May-2021,1620,CE,0,0,0,46.8,153.3,0,0,0,0,19-APR-2021,
OPTSTK,MPHASIS,27-May-2021,1640,CE,0,0,0,27,141.55,0,0,0,0,19-APR-2021,
OPTSTK,MPHASIS,27-May-2021,1660,CE,0,0,0,7.2,130.35,0,0,0,0,19-APR-2021,
OPTSTK,MPHASIS,27-May-2021,1680,CE,0,0,0,0.05,119.85,0,0,0,0,19-APR-2021,
OPTSTK,MPHASIS,27-May-2021,1700,CE,0,0,0,0.05,109.9,0,0,0,0,19-APR-2021,
OPTSTK,MPHASIS,27-May-2021,1720,CE,0,0,0,0.05,100.55,0,0,0,0,19-APR-2021,
OPTSTK,MPHASIS,27-May-2021,1740,CE,0,0,0,0.05,91.8,0,0,0,0,19-APR-2021,
OPTSTK,MPHASIS,27-May-2021,1760,CE,0,0,0,0.05,83.65,0,0,0,0,19-APR-2021,
OPTSTK,MPHASIS,27-May-2021,1780,CE,0,0,0,0.05,76.05,0,0,0,0,19-APR-2021,
OPTSTK,MPHASIS,27-May-2021,1800,CE,0,0,0,0.05,69,0,0,0,0,19-APR-2021,
OPTSTK,MPHASIS,27-May-2021,1820,CE,0,0,0,0.05,62.45,0,0,0,0,19-APR-2021,
OPTSTK,MPHASIS,27-May-2021,1840,CE,0,0,0,0.05,56.4,0,0,0,0,19-APR-2021,
OPTSTK,MPHASIS,27-May-2021,1860,CE,0,0,0,0.05,50.85,0,0,0,0,19-APR-2021,
OPTSTK,MPHASIS,27-May-2021,1880,CE,0,0,0,0.05,45.85,0,0,0,0,19-APR-2021,
OPTSTK,MPHASIS,27-May-2021,1900,CE,0,0,0,0.05,41.2,0,0,0,0,19-APR-2021,
OPTSTK,MPHASIS,27-May-2021,1920,CE,0,0,0,0.05,36.85,0,0,0,0,19-APR-2021,
OPTSTK,MPHASIS,27-May-2021,1940,CE,0,0,0,0.05,33,0,0,0,0,19-APR-2021,
OPTSTK,MPHASIS,27-May-2021,1960,CE,0,0,0,0.05,29.45,0,0,0,0,19-APR-2021,
OPTSTK,MPHASIS,27-May-2021,1980,CE,0,0,0,0.05,26.25,0,0,0,0,19-APR-2021,
OPTSTK,MPHASIS,27-May-2021,2000,CE,0,0,0,0.05,23.35,0,0,0,0,19-APR-2021,
OPTSTK,MPHASIS,27-May-2021,2020,CE,0,0,0,0.05,20.75,0,0,0,0,19-APR-2021,
OPTSTK,MPHASIS,27-May-2021,2040,CE,0,0,0,0.05,18.4,0,0,0,0,19-APR-2021,
OPTSTK,MPHASIS,27-May-2021,2060,CE,0,0,0,0.05,16.25,0,0,0,0,19-APR-2021,
OPTSTK,MPHASIS,27-May-2021,2080,CE,0,0,0,0.05,14.35,0,0,0,0,19-APR-2021,
OPTSTK,MPHASIS,27-May-2021,2100,CE,0,0,0,0.05,12.65,0,0,0,0,19-APR-2021,
OPTSTK,MPHASIS,27-May-2021,2120,CE,0,0,0,0.05,11.15,0,0,0,0,19-APR-2021,
OPTSTK,MPHASIS,27-May-2021,2140,CE,0,0,0,0.05,9.8,0,0,0,0,19-APR-2021,
OPTSTK,MPHASIS,27-May-2021,1260,PE,0,0,0,0.05,2.15,0,0,0,0,19-APR-2021,
OPTSTK,MPHASIS,27-May-2021,1280,PE,0,0,0,0.05,2.8,0,0,0,0,19-APR-2021,
OPTSTK,MPHASIS,27-May-2021,1300,PE,0,0,0,0.05,3.6,0,0,0,0,19-APR-2021,
OPTSTK,MPHASIS,27-May-2021,1320,PE,0,0,0,0.05,4.65,0,0,0,0,19-APR-2021,
OPTSTK,MPHASIS,27-May-2021,1340,PE,0,0,0,0.05,5.85,0,0,0,0,19-APR-2021,
OPTSTK,MPHASIS,27-May-2021,1360,PE,0,0,0,0.05,7.35,0,0,0,0,19-APR-2021,
OPTSTK,MPHASIS,27-May-2021,1380,PE,0,0,0,0.05,9.15,0,0,0,0,19-APR-2021,
OPTSTK,MPHASIS,27-May-2021,1400,PE,0,0,0,0.05,11.2,0,0,0,0,19-APR-2021,
OPTSTK,MPHASIS,27-May-2021,1420,PE,0,0,0,0.05,13.65,0,0,0,0,19-APR-2021,
OPTSTK,MPHASIS,27-May-2021,1440,PE,0,0,0,0.05,16.5,0,0,0,0,19-APR-2021,
OPTSTK,MPHASIS,27-May-2021,1460,PE,0,0,0,0.05,19.7,0,0,0,0,19-APR-2021,
OPTSTK,MPHASIS,27-May-2021,1480,PE,0,0,0,0.05,23.4,0,0,0,0,19-APR-2021,
OPTSTK,MPHASIS,27-May-2021,1500,PE,0,0,0,0.05,27.6,0,0,0,0,19-APR-2021,
OPTSTK,MPHASIS,27-May-2021,1520,PE,0,0,0,0.05,32.25,0,0,0,0,19-APR-2021,
OPTSTK,MPHASIS,27-May-2021,1540,PE,0,0,0,0.05,37.55,0,0,0,0,19-APR-2021,
OPTSTK,MPHASIS,27-May-2021,1560,PE,0,0,0,0.05,43.3,0,0,0,0,19-APR-2021,
OPTSTK,MPHASIS,27-May-2021,1580,PE,0,0,0,0.05,49.55,0,0,0,0,19-APR-2021,
OPTSTK,MPHASIS,27-May-2021,1600,PE,0,0,0,60,56.5,0,0,1300,0,19-APR-2021,
OPTSTK,MPHASIS,27-May-2021,1620,PE,0,0,0,0.05,64.05,0,0,0,0,19-APR-2021,
OPTSTK,MPHASIS,27-May-2021,1640,PE,0,0,0,0.05,72.2,0,0,0,0,19-APR-2021,
OPTSTK,MPHASIS,27-May-2021,1660,PE,0,0,0,0.1,80.95,0,0,0,0,19-APR-2021,
OPTSTK,MPHASIS,27-May-2021,1680,PE,0,0,0,12.7,90.35,0,0,0,0,19-APR-2021,
OPTSTK,MPHASIS,27-May-2021,1700,PE,0,0,0,100.05,100.3,0,0,325,0,19-APR-2021,
OPTSTK,MPHASIS,27-May-2021,1720,PE,0,0,0,52.3,110.9,0,0,0,0,19-APR-2021,
OPTSTK,MPHASIS,27-May-2021,1740,PE,0,0,0,72.15,122.1,0,0,0,0,19-APR-2021,
OPTSTK,MPHASIS,27-May-2021,1760,PE,0,0,0,91.95,133.85,0,0,0,0,19-APR-2021,
OPTSTK,MPHASIS,27-May-2021,1780,PE,0,0,0,111.75,146.15,0,0,0,0,19-APR-2021,
OPTSTK,MPHASIS,27-May-2021,1800,PE,0,0,0,131.55,159,0,0,0,0,19-APR-2021,
OPTSTK,MPHASIS,27-May-2021,1820,PE,0,0,0,151.4,172.4,0,0,0,0,19-APR-2021,
OPTSTK,MPHASIS,27-May-2021,1840,PE,0,0,0,171.2,186.3,0,0,0,0,19-APR-2021,
OPTSTK,MPHASIS,27-May-2021,1860,PE,0,0,0,191,200.65,0,0,0,0,19-APR-2021,
OPTSTK,MPHASIS,27-May-2021,1880,PE,0,0,0,210.85,215.55,0,0,0,0,19-APR-2021,
OPTSTK,MPHASIS,27-May-2021,1900,PE,0,0,0,230.65,230.85,0,0,0,0,19-APR-2021,
OPTSTK,MPHASIS,27-May-2021,1920,PE,0,0,0,250.45,246.45,0,0,0,0,19-APR-2021,
OPTSTK,MPHASIS,27-May-2021,1940,PE,0,0,0,270.25,262.45,0,0,0,0,19-APR-2021,
OPTSTK,MPHASIS,27-May-2021,1960,PE,0,0,0,290.1,278.85,0,0,0,0,19-APR-2021,
OPTSTK,MPHASIS,27-May-2021,1980,PE,0,0,0,309.9,295.6,0,0,0,0,19-APR-2021,
OPTSTK,MPHASIS,27-May-2021,2000,PE,0,0,0,329.7,312.6,0,0,0,0,19-APR-2021,
OPTSTK,MPHASIS,27-May-2021,2020,PE,0,0,0,349.5,329.9,0,0,0,0,19-APR-2021,
OPTSTK,MPHASIS,27-May-2021,2040,PE,0,0,0,369.35,347.5,0,0,0,0,19-APR-2021,
OPTSTK,MPHASIS,27-May-2021,2060,PE,0,0,0,389.15,365.3,0,0,0,0,19-APR-2021,
OPTSTK,MPHASIS,27-May-2021,2080,PE,0,0,0,408.95,383.3,0,0,0,0,19-APR-2021,
OPTSTK,MPHASIS,27-May-2021,2100,PE,0,0,0,428.8,401.55,0,0,0,0,19-APR-2021,
OPTSTK,MPHASIS,27-May-2021,2120,PE,0,0,0,448.6,419.95,0,0,0,0,19-APR-2021,
OPTSTK,MPHASIS,27-May-2021,2140,PE,0,0,0,468.4,438.5,0,0,0,0,19-APR-2021,
OPTSTK,MPHASIS,24-Jun-2021,1260,CE,0,0,0,443.05,460.1,0,0,0,0,19-APR-2021,
OPTSTK,MPHASIS,24-Jun-2021,1280,CE,0,0,0,426.05,441.95,0,0,0,0,19-APR-2021,
OPTSTK,MPHASIS,24-Jun-2021,1300,CE,0,0,0,409.35,424.05,0,0,0,0,19-APR-2021,
OPTSTK,MPHASIS,24-Jun-2021,1320,CE,0,0,0,392.95,406.45,0,0,0,0,19-APR-2021,
OPTSTK,MPHASIS,24-Jun-2021,1340,CE,0,0,0,376.85,389.1,0,0,0,0,19-APR-2021,
OPTSTK,MPHASIS,24-Jun-2021,1360,CE,0,0,0,361.15,372.1,0,0,0,0,19-APR-2021,
OPTSTK,MPHASIS,24-Jun-2021,1380,CE,0,0,0,345.75,355.4,0,0,0,0,19-APR-2021,
OPTSTK,MPHASIS,24-Jun-2021,1400,CE,0,0,0,330.75,339.1,0,0,0,0,19-APR-2021,
OPTSTK,MPHASIS,24-Jun-2021,1420,CE,0,0,0,316.2,323.1,0,0,0,0,19-APR-2021,
OPTSTK,MPHASIS,24-Jun-2021,1440,CE,0,0,0,301.95,307.55,0,0,0,0,19-APR-2021,
OPTSTK,MPHASIS,24-Jun-2021,1460,CE,0,0,0,288.05,292.4,0,0,0,0,19-APR-2021,
OPTSTK,MPHASIS,24-Jun-2021,1480,CE,0,0,0,274.6,277.7,0,0,0,0,19-APR-2021,
OPTSTK,MPHASIS,24-Jun-2021,1500,CE,0,0,0,261.5,263.35,0,0,0,0,19-APR-2021,
OPTSTK,MPHASIS,24-Jun-2021,1520,CE,0,0,0,248.9,249.45,0,0,0,0,19-APR-2021,
OPTSTK,MPHASIS,24-Jun-2021,1540,CE,0,0,0,236.7,236,0,0,0,0,19-APR-2021,
OPTSTK,MPHASIS,24-Jun-2021,1560,CE,0,0,0,224.9,223.05,0,0,0,0,19-APR-2021,
OPTSTK,MPHASIS,24-Jun-2021,1580,CE,0,0,0,213.55,210.55,0,0,0,0,19-APR-2021,
OPTSTK,MPHASIS,24-Jun-2021,1600,CE,0,0,0,202.55,198.5,0,0,0,0,19-APR-2021,
OPTSTK,MPHASIS,24-Jun-2021,1620,CE,0,0,0,192,186.95,0,0,0,0,19-APR-2021,
OPTSTK,MPHASIS,24-Jun-2021,1640,CE,0,0,0,181.9,175.9,0,0,0,0,19-APR-2021,
OPTSTK,MPHASIS,24-Jun-2021,1660,CE,0,0,0,172.15,165.3,0,0,0,0,19-APR-2021,
OPTSTK,MPHASIS,24-Jun-2021,1680,CE,0,0,0,162.8,155.15,0,0,0,0,19-APR-2021,
OPTSTK,MPHASIS,24-Jun-2021,1700,CE,0,0,0,153.85,145.45,0,0,0,0,19-APR-2021,
OPTSTK,MPHASIS,24-Jun-2021,1720,CE,0,0,0,145.3,136.25,0,0,0,0,19-APR-2021,
OPTSTK,MPHASIS,24-Jun-2021,1740,CE,0,0,0,137.1,127.45,0,0,0,0,19-APR-2021,
OPTSTK,MPHASIS,24-Jun-2021,1760,CE,0,0,0,129.3,119.1,0,0,0,0,19-APR-2021,
OPTSTK,MPHASIS,24-Jun-2021,1780,CE,0,0,0,121.85,111.2,0,0,0,0,19-APR-2021,
OPTSTK,MPHASIS,24-Jun-2021,1800,CE,0,0,0,114.75,103.7,0,0,0,0,19-APR-2021,
OPTSTK,MPHASIS,24-Jun-2021,1820,CE,0,0,0,108,96.6,0,0,0,0,19-APR-2021,
OPTSTK,MPHASIS,24-Jun-2021,1840,CE,0,0,0,101.6,89.95,0,0,0,0,19-APR-2021,
OPTSTK,MPHASIS,24-Jun-2021,1860,CE,0,0,0,95.5,83.6,0,0,0,0,19-APR-2021,
OPTSTK,MPHASIS,24-Jun-2021,1880,CE,0,0,0,89.7,77.65,0,0,0,0,19-APR-2021,
OPTSTK,MPHASIS,24-Jun-2021,1900,CE,0,0,0,84.2,72.1,0,0,0,0,19-APR-2021,
OPTSTK,MPHASIS,24-Jun-2021,1920,CE,0,0,0,79,66.85,0,0,0,0,19-APR-2021,
OPTSTK,MPHASIS,24-Jun-2021,1940,CE,0,0,0,74.15,62,0,0,0,0,19-APR-2021,
OPTSTK,MPHASIS,24-Jun-2021,1960,CE,0,0,0,69.5,57.4,0,0,0,0,19-APR-2021,
OPTSTK,MPHASIS,24-Jun-2021,1980,CE,0,0,0,65.15,53.1,0,0,0,0,19-APR-2021,
OPTSTK,MPHASIS,24-Jun-2021,2000,CE,0,0,0,61,49.1,0,0,0,0,19-APR-2021,
OPTSTK,MPHASIS,24-Jun-2021,2020,CE,0,0,0,57.1,45.25,0,0,0,0,19-APR-2021,
OPTSTK,MPHASIS,24-Jun-2021,2040,CE,0,0,0,53.3,41.75,0,0,0,0,19-APR-2021,
OPTSTK,MPHASIS,24-Jun-2021,2060,CE,0,0,0,49.85,38.5,0,0,0,0,19-APR-2021,
OPTSTK,MPHASIS,24-Jun-2021,2080,CE,0,0,0,46.55,35.45,0,0,0,0,19-APR-2021,
OPTSTK,MPHASIS,24-Jun-2021,2100,CE,0,0,0,43.5,32.6,0,0,0,0,19-APR-2021,
OPTSTK,MPHASIS,24-Jun-2021,2120,CE,0,0,0,40.6,30,0,0,0,0,19-APR-2021,
OPTSTK,MPHASIS,24-Jun-2021,2140,CE,0,0,0,37.85,27.55,0,0,0,0,19-APR-2021,
OPTSTK,MPHASIS,24-Jun-2021,1260,PE,0,0,0,18.25,8.65,0,0,0,0,19-APR-2021,
OPTSTK,MPHASIS,24-Jun-2021,1280,PE,0,0,0,21.05,10.35,0,0,0,0,19-APR-2021,
OPTSTK,MPHASIS,24-Jun-2021,1300,PE,0,0,0,24.15,12.35,0,0,0,0,19-APR-2021,
OPTSTK,MPHASIS,24-Jun-2021,1320,PE,0,0,0,27.55,14.55,0,0,0,0,19-APR-2021,
OPTSTK,MPHASIS,24-Jun-2021,1340,PE,0,0,0,31.3,17.1,0,0,0,0,19-APR-2021,
OPTSTK,MPHASIS,24-Jun-2021,1360,PE,0,0,0,35.4,19.95,0,0,0,0,19-APR-2021,
OPTSTK,MPHASIS,24-Jun-2021,1380,PE,0,0,0,39.8,23.15,0,0,0,0,19-APR-2021,
OPTSTK,MPHASIS,24-Jun-2021,1400,PE,0,0,0,44.65,26.65,0,0,0,0,19-APR-2021,
OPTSTK,MPHASIS,24-Jun-2021,1420,PE,0,0,0,49.85,30.55,0,0,0,0,19-APR-2021,
OPTSTK,MPHASIS,24-Jun-2021,1440,PE,0,0,0,55.4,34.85,0,0,0,0,19-APR-2021,
OPTSTK,MPHASIS,24-Jun-2021,1460,PE,0,0,0,61.4,39.55,0,0,0,0,19-APR-2021,
OPTSTK,MPHASIS,24-Jun-2021,1480,PE,0,0,0,67.75,44.75,0,0,0,0,19-APR-2021,
OPTSTK,MPHASIS,24-Jun-2021,1500,PE,0,0,0,74.45,50.25,0,0,0,0,19-APR-2021,
OPTSTK,MPHASIS,24-Jun-2021,1520,PE,0,0,0,81.65,56.25,0,0,0,0,19-APR-2021,
OPTSTK,MPHASIS,24-Jun-2021,1540,PE,0,0,0,89.25,62.65,0,0,0,0,19-APR-2021,
OPTSTK,MPHASIS,24-Jun-2021,1560,PE,0,0,0,97.3,69.55,0,0,0,0,19-APR-2021,
OPTSTK,MPHASIS,24-Jun-2021,1580,PE,0,0,0,105.75,76.9,0,0,0,0,19-APR-2021,
OPTSTK,MPHASIS,24-Jun-2021,1600,PE,0,0,0,114.6,84.75,0,0,0,0,19-APR-2021,
OPTSTK,MPHASIS,24-Jun-2021,1620,PE,0,0,0,123.85,93.05,0,0,0,0,19-APR-2021,
OPTSTK,MPHASIS,24-Jun-2021,1640,PE,0,0,0,133.5,101.85,0,0,0,0,19-APR-2021,
OPTSTK,MPHASIS,24-Jun-2021,1660,PE,0,0,0,143.6,111.1,0,0,0,0,19-APR-2021,
OPTSTK,MPHASIS,24-Jun-2021,1680,PE,0,0,0,154.05,120.85,0,0,0,0,19-APR-2021,
OPTSTK,MPHASIS,24-Jun-2021,1700,PE,0,0,0,164.95,131,0,0,0,0,19-APR-2021,
OPTSTK,MPHASIS,24-Jun-2021,1720,PE,0,0,0,176.2,141.65,0,0,0,0,19-APR-2021,
OPTSTK,MPHASIS,24-Jun-2021,1740,PE,0,0,0,187.85,152.75,0,0,0,0,19-APR-2021,
OPTSTK,MPHASIS,24-Jun-2021,1760,PE,0,0,0,199.85,164.25,0,0,0,0,19-APR-2021,
OPTSTK,MPHASIS,24-Jun-2021,1780,PE,0,0,0,212.2,176.2,0,0,0,0,19-APR-2021,
OPTSTK,MPHASIS,24-Jun-2021,1800,PE,0,0,0,224.9,188.6,0,0,0,0,19-APR-2021,
OPTSTK,MPHASIS,24-Jun-2021,1820,PE,0,0,0,237.95,201.35,0,0,0,0,19-APR-2021,
OPTSTK,MPHASIS,24-Jun-2021,1840,PE,0,0,0,251.35,214.55,0,0,0,0,19-APR-2021,
OPTSTK,MPHASIS,24-Jun-2021,1860,PE,0,0,0,265.05,228.1,0,0,0,0,19-APR-2021,
OPTSTK,MPHASIS,24-Jun-2021,1880,PE,0,0,0,279.1,242,0,0,0,0,19-APR-2021,
OPTSTK,MPHASIS,24-Jun-2021,1900,PE,0,0,0,293.4,256.3,0,0,0,0,19-APR-2021,
OPTSTK,MPHASIS,24-Jun-2021,1920,PE,0,0,0,308.05,270.9,0,0,0,0,19-APR-2021,
OPTSTK,MPHASIS,24-Jun-2021,1940,PE,0,0,0,323,285.95,0,0,0,0,19-APR-2021,
OPTSTK,MPHASIS,24-Jun-2021,1960,PE,0,0,0,338.15,301.2,0,0,0,0,19-APR-2021,
OPTSTK,MPHASIS,24-Jun-2021,1980,PE,0,0,0,353.6,316.75,0,0,0,0,19-APR-2021,
OPTSTK,MPHASIS,24-Jun-2021,2000,PE,0,0,0,369.25,332.6,0,0,0,0,19-APR-2021,
OPTSTK,MPHASIS,24-Jun-2021,2020,PE,0,0,0,385.2,348.65,0,0,0,0,19-APR-2021,
OPTSTK,MPHASIS,24-Jun-2021,2040,PE,0,0,0,401.25,365,0,0,0,0,19-APR-2021,
OPTSTK,MPHASIS,24-Jun-2021,2060,PE,0,0,0,417.55,381.6,0,0,0,0,19-APR-2021,
OPTSTK,MPHASIS,24-Jun-2021,2080,PE,0,0,0,434.1,398.45,0,0,0,0,19-APR-2021,
OPTSTK,MPHASIS,24-Jun-2021,2100,PE,0,0,0,450.85,415.45,0,0,0,0,19-APR-2021,
OPTSTK,MPHASIS,24-Jun-2021,2120,PE,0,0,0,467.75,432.7,0,0,0,0,19-APR-2021,
OPTSTK,MPHASIS,24-Jun-2021,2140,PE,0,0,0,484.85,450.15,0,0,0,0,19-APR-2021,
OPTSTK,MRF,29-Apr-2021,67500,CE,0,0,0,21141.3,11810.3,0,0,0,0,19-APR-2021,
OPTSTK,MRF,29-Apr-2021,68000,CE,0,0,0,20694.75,11315,0,0,0,0,19-APR-2021,
OPTSTK,MRF,29-Apr-2021,68500,CE,0,0,0,20251.6,10821.1,0,0,0,0,19-APR-2021,
OPTSTK,MRF,29-Apr-2021,69000,CE,0,0,0,19811.95,10329.15,0,0,0,0,19-APR-2021,
OPTSTK,MRF,29-Apr-2021,69500,CE,0,0,0,19375.95,9839.55,0,0,0,0,19-APR-2021,
OPTSTK,MRF,29-Apr-2021,70000,CE,0,0,0,17000,9353,0,0,20,0,19-APR-2021,
OPTSTK,MRF,29-Apr-2021,70500,CE,0,0,0,18515.5,8870.1,0,0,0,0,19-APR-2021,
OPTSTK,MRF,29-Apr-2021,71000,CE,0,0,0,18091.3,8391.65,0,0,0,0,19-APR-2021,
OPTSTK,MRF,29-Apr-2021,71500,CE,0,0,0,17671.35,7918.55,0,0,0,0,19-APR-2021,
OPTSTK,MRF,29-Apr-2021,72000,CE,0,0,0,17255.7,7451.8,0,0,0,0,19-APR-2021,
OPTSTK,MRF,29-Apr-2021,72500,CE,0,0,0,16844.55,6992.4,0,0,0,0,19-APR-2021,
OPTSTK,MRF,29-Apr-2021,73000,CE,0,0,0,16437.95,6541.45,0,0,0,0,19-APR-2021,
OPTSTK,MRF,29-Apr-2021,73500,CE,0,0,0,16036.05,6100.25,0,0,0,0,19-APR-2021,
OPTSTK,MRF,29-Apr-2021,74000,CE,0,0,0,15638.95,5669.85,0,0,0,0,19-APR-2021,
OPTSTK,MRF,29-Apr-2021,74500,CE,0,0,0,15246.85,5251.6,0,0,0,0,19-APR-2021,
OPTSTK,MRF,29-Apr-2021,75000,CE,0,0,0,14859.75,4846.65,0,0,0,0,19-APR-2021,
OPTSTK,MRF,29-Apr-2021,75500,CE,0,0,0,14477.85,4456.1,0,0,0,0,19-APR-2021,
OPTSTK,MRF,29-Apr-2021,76000,CE,0,0,0,14101.15,4083.85,0,0,0,0,19-APR-2021,
OPTSTK,MRF,29-Apr-2021,76500,CE,0,0,0,13732.85,3722.1,0,0,0,0,19-APR-2021,
OPTSTK,MRF,29-Apr-2021,77000,CE,0,0,0,13366.55,3381.35,0,0,0,0,19-APR-2021,
OPTSTK,MRF,29-Apr-2021,77500,CE,0,0,0,13005.85,3058.85,0,0,0,0,19-APR-2021,
OPTSTK,MRF,29-Apr-2021,78000,CE,0,0,0,12650.75,2755.15,0,0,0,0,19-APR-2021,
OPTSTK,MRF,29-Apr-2021,78500,CE,0,0,0,12301.3,2470.6,0,0,0,0,19-APR-2021,
OPTSTK,MRF,29-Apr-2021,79000,CE,0,0,0,11957.65,2205.5,0,0,0,0,19-APR-2021,
OPTSTK,MRF,29-Apr-2021,79500,CE,0,0,0,11616.5,1959.45,0,0,0,0,19-APR-2021,
OPTSTK,MRF,29-Apr-2021,80000,CE,2326.1,2326.1,1520,1686.3,1686.3,27,220.59,250,90,19-APR-2021,
OPTSTK,MRF,29-Apr-2021,80500,CE,0,0,0,10959.3,1525.5,0,0,0,0,19-APR-2021,
OPTSTK,MRF,29-Apr-2021,81000,CE,0,0,0,2000.05,1336.45,0,0,140,0,19-APR-2021,
OPTSTK,MRF,29-Apr-2021,81500,CE,0,0,0,10326,1165.15,0,0,0,0,19-APR-2021,
OPTSTK,MRF,29-Apr-2021,82000,CE,1416,1416,750,995,995,10,83.03,150,40,19-APR-2021,
OPTSTK,MRF,29-Apr-2021,82500,CE,0,0,0,9716.75,872.75,0,0,0,0,19-APR-2021,
OPTSTK,MRF,29-Apr-2021,83000,CE,700,799.9,700,750,750.7,7,58.6,360,50,19-APR-2021,
OPTSTK,MRF,29-Apr-2021,83500,CE,0,0,0,9131.7,642,0,0,0,0,19-APR-2021,
OPTSTK,MRF,29-Apr-2021,84000,CE,0,0,0,8848.3,546.3,0,0,0,0,19-APR-2021,
OPTSTK,MRF,29-Apr-2021,84500,CE,0,0,0,1090,462.55,0,0,30,0,19-APR-2021,
OPTSTK,MRF,29-Apr-2021,85000,CE,351.05,560,351.05,449.9,449.9,45,384.44,880,90,19-APR-2021,
OPTSTK,MRF,29-Apr-2021,85500,CE,0,0,0,8034.5,326.65,0,0,0,0,19-APR-2021,
OPTSTK,MRF,29-Apr-2021,86000,CE,0,0,0,7775.35,272.45,0,0,0,0,19-APR-2021,
OPTSTK,MRF,29-Apr-2021,86500,CE,0,0,0,7522.15,226.15,0,0,0,0,19-APR-2021,
OPTSTK,MRF,29-Apr-2021,87000,CE,0,0,0,1200,186.75,0,0,10,0,19-APR-2021,
OPTSTK,MRF,29-Apr-2021,87500,CE,0,0,0,1200,153.45,0,0,0,0,19-APR-2021,
OPTSTK,MRF,29-Apr-2021,88000,CE,0,0,0,6798.05,125.5,0,0,0,0,19-APR-2021,
OPTSTK,MRF,29-Apr-2021,88500,CE,0,0,0,6568.55,102.1,0,0,0,0,19-APR-2021,
OPTSTK,MRF,29-Apr-2021,89000,CE,0,0,0,450,82.65,0,0,10,0,19-APR-2021,
OPTSTK,MRF,29-Apr-2021,89500,CE,0,0,0,900,66.6,0,0,0,0,19-APR-2021,
OPTSTK,MRF,29-Apr-2021,90000,CE,100,179,100,147.75,147.75,15,135.21,1140,-20,19-APR-2021,
OPTSTK,MRF,29-Apr-2021,90500,CE,0,0,0,5708.2,42.65,0,0,0,0,19-APR-2021,
OPTSTK,MRF,29-Apr-2021,91000,CE,0,0,0,5507.2,33.85,0,0,0,0,19-APR-2021,
OPTSTK,MRF,29-Apr-2021,91500,CE,0,0,0,5311.7,26.8,0,0,0,0,19-APR-2021,
OPTSTK,MRF,29-Apr-2021,92000,CE,0,0,0,5121.6,21.05,0,0,0,0,19-APR-2021,
OPTSTK,MRF,29-Apr-2021,92500,CE,0,0,0,4936.9,16.5,0,0,0,0,19-APR-2021,
OPTSTK,MRF,29-Apr-2021,93000,CE,0,0,0,4757.5,12.85,0,0,0,0,19-APR-2021,
OPTSTK,MRF,29-Apr-2021,93500,CE,0,0,0,4583.25,10,0,0,0,0,19-APR-2021,
OPTSTK,MRF,29-Apr-2021,94000,CE,0,0,0,4414.15,7.75,0,0,0,0,19-APR-2021,
OPTSTK,MRF,29-Apr-2021,94500,CE,0,0,0,4250.1,5.95,0,0,0,0,19-APR-2021,
OPTSTK,MRF,29-Apr-2021,95000,CE,0,0,0,289.9,4.55,0,0,30,0,19-APR-2021,
OPTSTK,MRF,29-Apr-2021,95500,CE,0,0,0,3936.7,3.5,0,0,0,0,19-APR-2021,
OPTSTK,MRF,29-Apr-2021,96000,CE,0,0,0,3787.2,2.65,0,0,0,0,19-APR-2021,
OPTSTK,MRF,29-Apr-2021,96500,CE,0,0,0,3642.35,2,0,0,0,0,19-APR-2021,
OPTSTK,MRF,29-Apr-2021,97000,CE,0,0,0,3502.1,1.5,0,0,0,0,19-APR-2021,
OPTSTK,MRF,29-Apr-2021,97500,CE,0,0,0,3366.35,1.15,0,0,0,0,19-APR-2021,
OPTSTK,MRF,29-Apr-2021,98000,CE,0,0,0,3235,0.85,0,0,0,0,19-APR-2021,
OPTSTK,MRF,29-Apr-2021,98500,CE,0,0,0,3112,0.65,0,0,0,0,19-APR-2021,
OPTSTK,MRF,29-Apr-2021,99000,CE,0,0,0,2989.55,0.5,0,0,0,0,19-APR-2021,
OPTSTK,MRF,29-Apr-2021,99500,CE,0,0,0,2871.2,0.35,0,0,0,0,19-APR-2021,
OPTSTK,MRF,29-Apr-2021,100000,CE,0,0,0,2756.85,0.25,0,0,0,0,19-APR-2021,
OPTSTK,MRF,29-Apr-2021,100500,CE,0,0,0,2646.45,0.2,0,0,0,0,19-APR-2021,
OPTSTK,MRF,29-Apr-2021,101000,CE,0,0,0,1452.85,0.15,0,0,20,0,19-APR-2021,
OPTSTK,MRF,29-Apr-2021,101500,CE,0,0,0,2437,0.1,0,0,0,0,19-APR-2021,
OPTSTK,MRF,29-Apr-2021,102000,CE,0,0,0,2337.75,0.1,0,0,0,0,19-APR-2021,
OPTSTK,MRF,29-Apr-2021,102500,CE,0,0,0,2238.2,0.05,0,0,0,0,19-APR-2021,
OPTSTK,MRF,29-Apr-2021,103000,CE,0,0,0,2145.55,0.05,0,0,0,0,19-APR-2021,
OPTSTK,MRF,29-Apr-2021,103500,CE,0,0,0,2056.3,0.05,0,0,0,0,19-APR-2021,
OPTSTK,MRF,29-Apr-2021,104000,CE,0,0,0,1970.25,0.05,0,0,0,0,19-APR-2021,
OPTSTK,MRF,29-Apr-2021,104500,CE,0,0,0,1887.35,0.05,0,0,0,0,19-APR-2021,
OPTSTK,MRF,29-Apr-2021,105000,CE,0,0,0,1807.5,0.05,0,0,0,0,19-APR-2021,
OPTSTK,MRF,29-Apr-2021,105500,CE,0,0,0,1730.65,0.05,0,0,0,0,19-APR-2021,
OPTSTK,MRF,29-Apr-2021,106000,CE,0,0,0,1656.65,0,0,0,0,0,19-APR-2021,
OPTSTK,MRF,29-Apr-2021,106500,CE,0,0,0,1585.5,0,0,0,0,0,19-APR-2021,
OPTSTK,MRF,29-Apr-2021,107000,CE,0,0,0,1517,0,0,0,0,0,19-APR-2021,
OPTSTK,MRF,29-Apr-2021,67500,PE,0,0,0,528.8,9.95,0,0,0,0,19-APR-2021,
OPTSTK,MRF,29-Apr-2021,68000,PE,0,0,0,577.6,14.15,0,0,0,0,19-APR-2021,
OPTSTK,MRF,29-Apr-2021,68500,PE,0,0,0,629.8,19.75,0,0,0,0,19-APR-2021,
OPTSTK,MRF,29-Apr-2021,69000,PE,0,0,0,685.55,27.3,0,0,0,0,19-APR-2021,
OPTSTK,MRF,29-Apr-2021,69500,PE,0,0,0,744.95,37.25,0,0,0,0,19-APR-2021,
OPTSTK,MRF,29-Apr-2021,70000,PE,0,0,0,808.1,50.15,0,0,0,0,19-APR-2021,
OPTSTK,MRF,29-Apr-2021,70500,PE,0,0,0,875.25,66.75,0,0,0,0,19-APR-2021,
OPTSTK,MRF,29-Apr-2021,71000,PE,0,0,0,946.4,87.85,0,0,0,0,19-APR-2021,
OPTSTK,MRF,29-Apr-2021,71500,PE,0,0,0,1021.8,114.25,0,0,0,0,19-APR-2021,
OPTSTK,MRF,29-Apr-2021,72000,PE,0,0,0,1101.55,146.95,0,0,0,0,19-APR-2021,
OPTSTK,MRF,29-Apr-2021,72500,PE,0,0,0,1185.75,187.05,0,0,0,0,19-APR-2021,
OPTSTK,MRF,29-Apr-2021,73000,PE,0,0,0,1274.5,235.65,0,0,0,0,19-APR-2021,
OPTSTK,MRF,29-Apr-2021,73500,PE,0,0,0,1368,293.9,0,0,0,0,19-APR-2021,
OPTSTK,MRF,29-Apr-2021,74000,PE,0,0,0,1466.3,363.05,0,0,0,0,19-APR-2021,
OPTSTK,MRF,29-Apr-2021,74500,PE,0,0,0,1569.55,444.3,0,0,0,0,19-APR-2021,
OPTSTK,MRF,29-Apr-2021,75000,PE,401,499.95,350,433.35,433.35,15,113.14,260,50,19-APR-2021,
OPTSTK,MRF,29-Apr-2021,75500,PE,0,0,0,1791.25,647.8,0,0,0,0,19-APR-2021,
OPTSTK,MRF,29-Apr-2021,76000,PE,0,0,0,1000,775.1,0,0,10,0,19-APR-2021,
OPTSTK,MRF,29-Apr-2021,76500,PE,0,0,0,2037,912.8,0,0,0,0,19-APR-2021,
OPTSTK,MRF,29-Apr-2021,77000,PE,0,0,0,2166.15,1071.55,0,0,0,0,19-APR-2021,
OPTSTK,MRF,29-Apr-2021,77500,PE,0,0,0,2300.8,1248.55,0,0,0,0,19-APR-2021,
OPTSTK,MRF,29-Apr-2021,78000,PE,0,0,0,2441.05,1444.35,0,0,0,0,19-APR-2021,
OPTSTK,MRF,29-Apr-2021,78500,PE,0,0,0,2587,1659.35,0,0,0,0,19-APR-2021,
OPTSTK,MRF,29-Apr-2021,79000,PE,0,0,0,2738.7,1893.7,0,0,0,0,19-APR-2021,
OPTSTK,MRF,29-Apr-2021,79500,PE,0,0,0,2892.9,2147.2,0,0,0,0,19-APR-2021,
OPTSTK,MRF,29-Apr-2021,80000,PE,1890,2216.95,1642.55,2172.25,2172.25,18,147.59,370,-70,19-APR-2021,
OPTSTK,MRF,29-Apr-2021,80500,PE,0,0,0,3226.5,2712.25,0,0,0,0,19-APR-2021,
OPTSTK,MRF,29-Apr-2021,81000,PE,0,0,0,3402.2,3022.7,0,0,0,0,19-APR-2021,
OPTSTK,MRF,29-Apr-2021,81500,PE,0,0,0,3583.9,3350.9,0,0,0,0,19-APR-2021,
OPTSTK,MRF,29-Apr-2021,82000,PE,3251.6,3316.75,3251.6,3316.75,3696.1,2,17.05,40,-20,19-APR-2021,
OPTSTK,MRF,29-Apr-2021,82500,PE,0,0,0,3965.4,4057.5,0,0,0,0,19-APR-2021,
OPTSTK,MRF,29-Apr-2021,83000,PE,0,0,0,1973.65,4434.95,0,0,30,0,19-APR-2021,
OPTSTK,MRF,29-Apr-2021,83500,PE,0,0,0,3000,4825.75,0,0,10,0,19-APR-2021,
OPTSTK,MRF,29-Apr-2021,84000,PE,0,0,0,4583.1,5229.55,0,0,0,0,19-APR-2021,
OPTSTK,MRF,29-Apr-2021,84500,PE,0,0,0,4801.15,5645.3,0,0,0,0,19-APR-2021,
OPTSTK,MRF,29-Apr-2021,85000,PE,0,0,0,4000,6071.95,0,0,60,0,19-APR-2021,
OPTSTK,MRF,29-Apr-2021,85500,PE,0,0,0,5255.4,6508.4,0,0,0,0,19-APR-2021,
OPTSTK,MRF,29-Apr-2021,86000,PE,0,0,0,5491.6,6953.75,0,0,0,0,19-APR-2021,
OPTSTK,MRF,29-Apr-2021,86500,PE,0,0,0,5733.8,7406.9,0,0,0,0,19-APR-2021,
OPTSTK,MRF,29-Apr-2021,87000,PE,0,0,0,5981.65,7867,0,0,0,0,19-APR-2021,
OPTSTK,MRF,29-Apr-2021,87500,PE,0,0,0,6235.75,8333.25,0,0,0,0,19-APR-2021,
OPTSTK,MRF,29-Apr-2021,88000,PE,0,0,0,6495.8,8804.75,0,0,0,0,19-APR-2021,
OPTSTK,MRF,29-Apr-2021,88500,PE,0,0,0,6761.7,9280.9,0,0,0,0,19-APR-2021,
OPTSTK,MRF,29-Apr-2021,89000,PE,0,0,0,7033.35,9760.95,0,0,0,0,19-APR-2021,
OPTSTK,MRF,29-Apr-2021,89500,PE,0,0,0,7310.85,10244.4,0,0,0,0,19-APR-2021,
OPTSTK,MRF,29-Apr-2021,90000,PE,0,0,0,7594,10730.7,0,0,0,0,19-APR-2021,
OPTSTK,MRF,29-Apr-2021,90500,PE,0,0,0,7882.8,11219.45,0,0,0,0,19-APR-2021,
OPTSTK,MRF,29-Apr-2021,91000,PE,0,0,0,8177.15,11710.15,0,0,0,0,19-APR-2021,
OPTSTK,MRF,29-Apr-2021,91500,PE,0,0,0,8477.05,12202.55,0,0,0,0,19-APR-2021,
OPTSTK,MRF,29-Apr-2021,92000,PE,0,0,0,8782.35,12696.35,0,0,0,0,19-APR-2021,
OPTSTK,MRF,29-Apr-2021,92500,PE,0,0,0,9093,13191.3,0,0,0,0,19-APR-2021,
OPTSTK,MRF,29-Apr-2021,93000,PE,0,0,0,9408.95,13687.2,0,0,0,0,19-APR-2021,
OPTSTK,MRF,29-Apr-2021,93500,PE,0,0,0,9730.1,14183.8,0,0,0,0,19-APR-2021,
OPTSTK,MRF,29-Apr-2021,94000,PE,0,0,0,10056.35,14681.05,0,0,0,0,19-APR-2021,
OPTSTK,MRF,29-Apr-2021,94500,PE,0,0,0,10387.65,15178.75,0,0,0,0,19-APR-2021,
OPTSTK,MRF,29-Apr-2021,95000,PE,0,0,0,10723.9,15676.9,0,0,0,0,19-APR-2021,
OPTSTK,MRF,29-Apr-2021,95500,PE,0,0,0,11065,16175.3,0,0,0,0,19-APR-2021,
OPTSTK,MRF,29-Apr-2021,96000,PE,0,0,0,11410.85,16673.95,0,0,0,0,19-APR-2021,
OPTSTK,MRF,29-Apr-2021,96500,PE,0,0,0,11761.4,17172.85,0,0,0,0,19-APR-2021,
OPTSTK,MRF,29-Apr-2021,97000,PE,0,0,0,12116.55,17671.85,0,0,0,0,19-APR-2021,
OPTSTK,MRF,29-Apr-2021,97500,PE,0,0,0,12476.15,18170.95,0,0,0,0,19-APR-2021,
OPTSTK,MRF,29-Apr-2021,98000,PE,0,0,0,12840.15,18670.2,0,0,0,0,19-APR-2021,
OPTSTK,MRF,29-Apr-2021,98500,PE,0,0,0,13212.55,19169.5,0,0,0,0,19-APR-2021,
OPTSTK,MRF,29-Apr-2021,99000,PE,0,0,0,13585.45,19668.8,0,0,0,0,19-APR-2021,
OPTSTK,MRF,29-Apr-2021,99500,PE,0,0,0,13962.5,20168.2,0,0,0,0,19-APR-2021,
OPTSTK,MRF,29-Apr-2021,100000,PE,0,0,0,14343.55,20667.6,0,0,0,0,19-APR-2021,
OPTSTK,MRF,29-Apr-2021,100500,PE,0,0,0,14728.5,21167.05,0,0,0,0,19-APR-2021,
OPTSTK,MRF,29-Apr-2021,101000,PE,0,0,0,15117.3,21666.5,0,0,0,0,19-APR-2021,
OPTSTK,MRF,29-Apr-2021,101500,PE,0,0,0,15509.8,22165.95,0,0,0,0,19-APR-2021,
OPTSTK,MRF,29-Apr-2021,102000,PE,0,0,0,15905.9,22665.45,0,0,0,0,19-APR-2021,
OPTSTK,MRF,29-Apr-2021,102500,PE,0,0,0,16301.7,23164.95,0,0,0,0,19-APR-2021,
OPTSTK,MRF,29-Apr-2021,103000,PE,0,0,0,16704.45,23664.4,0,0,0,0,19-APR-2021,
OPTSTK,MRF,29-Apr-2021,103500,PE,0,0,0,17110.55,24163.9,0,0,0,0,19-APR-2021,
OPTSTK,MRF,29-Apr-2021,104000,PE,0,0,0,17519.85,24663.4,0,0,0,0,19-APR-2021,
OPTSTK,MRF,29-Apr-2021,104500,PE,0,0,0,17932.35,25162.9,0,0,0,0,19-APR-2021,
OPTSTK,MRF,29-Apr-2021,105000,PE,0,0,0,18347.9,25662.4,0,0,0,0,19-APR-2021,
OPTSTK,MRF,29-Apr-2021,105500,PE,0,0,0,18766.4,26161.9,0,0,0,0,19-APR-2021,
OPTSTK,MRF,29-Apr-2021,106000,PE,0,0,0,19187.8,26661.4,0,0,0,0,19-APR-2021,
OPTSTK,MRF,29-Apr-2021,106500,PE,0,0,0,19612,27160.9,0,0,0,0,19-APR-2021,
OPTSTK,MRF,29-Apr-2021,107000,PE,0,0,0,20038.9,27660.4,0,0,0,0,19-APR-2021,
OPTSTK,MRF,27-May-2021,67500,CE,0,0,0,21339.7,12418.6,0,0,0,0,19-APR-2021,
OPTSTK,MRF,27-May-2021,68000,CE,0,0,0,20896.4,11977.4,0,0,0,0,19-APR-2021,
OPTSTK,MRF,27-May-2021,68500,CE,0,0,0,20456.6,11541.95,0,0,0,0,19-APR-2021,
OPTSTK,MRF,27-May-2021,69000,CE,0,0,0,20020.3,11112.6,0,0,0,0,19-APR-2021,
OPTSTK,MRF,27-May-2021,69500,CE,0,0,0,19587.7,10689.75,0,0,0,0,19-APR-2021,
OPTSTK,MRF,27-May-2021,70000,CE,0,0,0,19158.95,10273.7,0,0,0,0,19-APR-2021,
OPTSTK,MRF,27-May-2021,70500,CE,0,0,0,18734.15,9864.8,0,0,0,0,19-APR-2021,
OPTSTK,MRF,27-May-2021,71000,CE,0,0,0,18313.4,9463.35,0,0,0,0,19-APR-2021,
OPTSTK,MRF,27-May-2021,71500,CE,0,0,0,17896.9,9069.7,0,0,0,0,19-APR-2021,
OPTSTK,MRF,27-May-2021,72000,CE,0,0,0,17484.7,8684.1,0,0,0,0,19-APR-2021,
OPTSTK,MRF,27-May-2021,72500,CE,0,0,0,17076.95,8306.9,0,0,0,0,19-APR-2021,
OPTSTK,MRF,27-May-2021,73000,CE,0,0,0,16673.7,7940.8,0,0,0,0,19-APR-2021,
OPTSTK,MRF,27-May-2021,73500,CE,0,0,0,16275.2,7580.55,0,0,0,0,19-APR-2021,
OPTSTK,MRF,27-May-2021,74000,CE,0,0,0,15881.4,7226.55,0,0,0,0,19-APR-2021,
OPTSTK,MRF,27-May-2021,74500,CE,0,0,0,15492.5,6885.45,0,0,0,0,19-APR-2021,
OPTSTK,MRF,27-May-2021,75000,CE,0,0,0,15108.6,6553.8,0,0,0,0,19-APR-2021,
OPTSTK,MRF,27-May-2021,75500,CE,0,0,0,14729.75,6231.85,0,0,0,0,19-APR-2021,
OPTSTK,MRF,27-May-2021,76000,CE,0,0,0,14356.05,5919.7,0,0,0,0,19-APR-2021,
OPTSTK,MRF,27-May-2021,76500,CE,0,0,0,13990.45,5617.45,0,0,0,0,19-APR-2021,
OPTSTK,MRF,27-May-2021,77000,CE,0,0,0,13627.05,5325.15,0,0,0,0,19-APR-2021,
OPTSTK,MRF,27-May-2021,77500,CE,0,0,0,13269,5042.85,0,0,0,0,19-APR-2021,
OPTSTK,MRF,27-May-2021,78000,CE,0,0,0,12916.5,4770.6,0,0,0,0,19-APR-2021,
OPTSTK,MRF,27-May-2021,78500,CE,0,0,0,12569.55,4508.4,0,0,0,0,19-APR-2021,
OPTSTK,MRF,27-May-2021,79000,CE,0,0,0,12228.2,4255.85,0,0,0,0,19-APR-2021,
OPTSTK,MRF,27-May-2021,79500,CE,0,0,0,11889.25,4013.6,0,0,0,0,19-APR-2021,
OPTSTK,MRF,27-May-2021,80000,CE,0,0,0,11559.75,3781.15,0,0,0,0,19-APR-2021,
OPTSTK,MRF,27-May-2021,80500,CE,0,0,0,11236,3558.55,0,0,0,0,19-APR-2021,
OPTSTK,MRF,27-May-2021,81000,CE,0,0,0,10918.05,3345.5,0,0,0,0,19-APR-2021,
OPTSTK,MRF,27-May-2021,81500,CE,0,0,0,10605.9,3142,0,0,0,0,19-APR-2021,
OPTSTK,MRF,27-May-2021,82000,CE,0,0,0,10299.6,2947.85,0,0,0,0,19-APR-2021,
OPTSTK,MRF,27-May-2021,82500,CE,0,0,0,9999.2,2762.8,0,0,0,0,19-APR-2021,
OPTSTK,MRF,27-May-2021,83000,CE,0,0,0,2850,2586.75,0,0,10,0,19-APR-2021,
OPTSTK,MRF,27-May-2021,83500,CE,0,0,0,9416.05,2419.4,0,0,0,0,19-APR-2021,
OPTSTK,MRF,27-May-2021,84000,CE,0,0,0,9133.35,2260.6,0,0,0,0,19-APR-2021,
OPTSTK,MRF,27-May-2021,84500,CE,0,0,0,8856.5,2110.05,0,0,0,0,19-APR-2021,
OPTSTK,MRF,27-May-2021,85000,CE,0,0,0,8585.5,1967.55,0,0,0,0,19-APR-2021,
OPTSTK,MRF,27-May-2021,85500,CE,0,0,0,8320.4,1832.8,0,0,0,0,19-APR-2021,
OPTSTK,MRF,27-May-2021,86000,CE,0,0,0,8061.2,1709.35,0,0,0,0,19-APR-2021,
OPTSTK,MRF,27-May-2021,86500,CE,0,0,0,7807.75,1590,0,0,0,0,19-APR-2021,
OPTSTK,MRF,27-May-2021,87000,CE,0,0,0,7559.8,1477.65,0,0,0,0,19-APR-2021,
OPTSTK,MRF,27-May-2021,87500,CE,0,0,0,7317.9,1368.4,0,0,0,0,19-APR-2021,
OPTSTK,MRF,27-May-2021,88000,CE,0,0,0,7081.8,1268.65,0,0,0,0,19-APR-2021,
OPTSTK,MRF,27-May-2021,88500,CE,0,0,0,6851.35,1175,0,0,0,0,19-APR-2021,
OPTSTK,MRF,27-May-2021,89000,CE,0,0,0,6626.5,1087.25,0,0,0,0,19-APR-2021,
OPTSTK,MRF,27-May-2021,89500,CE,0,0,0,6407.3,1005.05,0,0,0,0,19-APR-2021,
OPTSTK,MRF,27-May-2021,90000,CE,0,0,0,6193.6,928.2,0,0,0,0,19-APR-2021,
OPTSTK,MRF,27-May-2021,90500,CE,0,0,0,5985.35,856.45,0,0,0,0,19-APR-2021,
OPTSTK,MRF,27-May-2021,91000,CE,0,0,0,5782.55,789.45,0,0,0,0,19-APR-2021,
OPTSTK,MRF,27-May-2021,91500,CE,0,0,0,5585.1,727.05,0,0,0,0,19-APR-2021,
OPTSTK,MRF,27-May-2021,92000,CE,0,0,0,5392.95,668.95,0,0,0,0,19-APR-2021,
OPTSTK,MRF,27-May-2021,92500,CE,0,0,0,5206,614.95,0,0,0,0,19-APR-2021,
OPTSTK,MRF,27-May-2021,93000,CE,0,0,0,5024.15,564.75,0,0,0,0,19-APR-2021,
OPTSTK,MRF,27-May-2021,93500,CE,0,0,0,4847.4,518.2,0,0,0,0,19-APR-2021,
OPTSTK,MRF,27-May-2021,94000,CE,0,0,0,4675.65,475.1,0,0,0,0,19-APR-2021,
OPTSTK,MRF,27-May-2021,94500,CE,0,0,0,4508.8,435.15,0,0,0,0,19-APR-2021,
OPTSTK,MRF,27-May-2021,95000,CE,0,0,0,4346.75,398.25,0,0,0,0,19-APR-2021,
OPTSTK,MRF,27-May-2021,95500,CE,0,0,0,4189.5,364.1,0,0,0,0,19-APR-2021,
OPTSTK,MRF,27-May-2021,96000,CE,0,0,0,4036.85,332.65,0,0,0,0,19-APR-2021,
OPTSTK,MRF,27-May-2021,96500,CE,0,0,0,3888.85,303.65,0,0,0,0,19-APR-2021,
OPTSTK,MRF,27-May-2021,97000,CE,0,0,0,3745.3,276.95,0,0,0,0,19-APR-2021,
OPTSTK,MRF,27-May-2021,97500,CE,0,0,0,3606.15,252.35,0,0,0,0,19-APR-2021,
OPTSTK,MRF,27-May-2021,98000,CE,0,0,0,3471.3,229.75,0,0,0,0,19-APR-2021,
OPTSTK,MRF,27-May-2021,98500,CE,0,0,0,3340.7,209.05,0,0,0,0,19-APR-2021,
OPTSTK,MRF,27-May-2021,99000,CE,0,0,0,3218.35,190,0,0,0,0,19-APR-2021,
OPTSTK,MRF,27-May-2021,99500,CE,0,0,0,3096.35,172.6,0,0,0,0,19-APR-2021,
OPTSTK,MRF,27-May-2021,100000,CE,0,0,0,600,156.65,0,0,20,0,19-APR-2021,
OPTSTK,MRF,27-May-2021,100500,CE,0,0,0,2864.1,142.05,0,0,0,0,19-APR-2021,
OPTSTK,MRF,27-May-2021,101000,CE,0,0,0,2753.65,128.75,0,0,0,0,19-APR-2021,
OPTSTK,MRF,27-May-2021,101500,CE,0,0,0,2646.95,116.55,0,0,0,0,19-APR-2021,
OPTSTK,MRF,27-May-2021,102000,CE,0,0,0,2543.8,105.45,0,0,0,0,19-APR-2021,
OPTSTK,MRF,27-May-2021,102500,CE,0,0,0,2444.15,95.35,0,0,0,0,19-APR-2021,
OPTSTK,MRF,27-May-2021,103000,CE,0,0,0,2344.2,86.15,0,0,0,0,19-APR-2021,
OPTSTK,MRF,27-May-2021,103500,CE,0,0,0,2251,77.8,0,0,0,0,19-APR-2021,
OPTSTK,MRF,27-May-2021,104000,CE,0,0,0,2161,70.15,0,0,0,0,19-APR-2021,
OPTSTK,MRF,27-May-2021,104500,CE,0,0,0,2074.15,63.25,0,0,0,0,19-APR-2021,
OPTSTK,MRF,27-May-2021,105000,CE,0,0,0,1990.35,57,0,0,0,0,19-APR-2021,
OPTSTK,MRF,27-May-2021,105500,CE,0,0,0,1909.55,51.3,0,0,0,0,19-APR-2021,
OPTSTK,MRF,27-May-2021,106000,CE,0,0,0,1831.65,46.15,0,0,0,0,19-APR-2021,
OPTSTK,MRF,27-May-2021,106500,CE,0,0,0,1756.55,41.5,0,0,0,0,19-APR-2021,
OPTSTK,MRF,27-May-2021,107000,CE,0,0,0,1684.15,37.3,0,0,0,0,19-APR-2021,
OPTSTK,MRF,27-May-2021,67500,PE,0,0,0,588.75,422.3,0,0,0,0,19-APR-2021,
OPTSTK,MRF,27-May-2021,68000,PE,0,0,0,640.85,479.15,0,0,0,0,19-APR-2021,
OPTSTK,MRF,27-May-2021,68500,PE,0,0,0,696.35,541.8,0,0,0,0,19-APR-2021,
OPTSTK,MRF,27-May-2021,69000,PE,0,0,0,755.4,610.5,0,0,0,0,19-APR-2021,
OPTSTK,MRF,27-May-2021,69500,PE,0,0,0,818.15,685.7,0,0,0,0,19-APR-2021,
OPTSTK,MRF,27-May-2021,70000,PE,0,0,0,884.75,767.7,0,0,0,0,19-APR-2021,
OPTSTK,MRF,27-May-2021,70500,PE,0,0,0,955.3,856.85,0,0,0,0,19-APR-2021,
OPTSTK,MRF,27-May-2021,71000,PE,0,0,0,1029.9,953.45,0,0,0,0,19-APR-2021,
OPTSTK,MRF,27-May-2021,71500,PE,0,0,0,1108.75,1057.85,0,0,0,0,19-APR-2021,
OPTSTK,MRF,27-May-2021,72000,PE,0,0,0,1191.9,1170.3,0,0,0,0,19-APR-2021,
OPTSTK,MRF,27-May-2021,72500,PE,0,0,0,1279.45,1291.15,0,0,0,0,19-APR-2021,
OPTSTK,MRF,27-May-2021,73000,PE,0,0,0,1371.6,1423.1,0,0,0,0,19-APR-2021,
OPTSTK,MRF,27-May-2021,73500,PE,0,0,0,1468.4,1560.9,0,0,0,0,19-APR-2021,
OPTSTK,MRF,27-May-2021,74000,PE,0,0,0,1570,1704.95,0,0,0,0,19-APR-2021,
OPTSTK,MRF,27-May-2021,74500,PE,0,0,0,1676.45,1861.9,0,0,0,0,19-APR-2021,
OPTSTK,MRF,27-May-2021,75000,PE,0,0,0,1787.85,2028.35,0,0,0,0,19-APR-2021,
OPTSTK,MRF,27-May-2021,75500,PE,0,0,0,1904.35,2204.45,0,0,0,0,19-APR-2021,
OPTSTK,MRF,27-May-2021,76000,PE,0,0,0,2026.05,2390.35,0,0,0,0,19-APR-2021,
OPTSTK,MRF,27-May-2021,76500,PE,0,0,0,2155.8,2586.1,0,0,0,0,19-APR-2021,
OPTSTK,MRF,27-May-2021,77000,PE,0,0,0,2287.7,2791.85,0,0,0,0,19-APR-2021,
OPTSTK,MRF,27-May-2021,77500,PE,0,0,0,2425,3007.65,0,0,0,0,19-APR-2021,
OPTSTK,MRF,27-May-2021,78000,PE,0,0,0,2567.85,3233.45,0,0,0,0,19-APR-2021,
OPTSTK,MRF,27-May-2021,78500,PE,0,0,0,2716.25,3469.25,0,0,0,0,19-APR-2021,
OPTSTK,MRF,27-May-2021,79000,PE,0,0,0,2870.25,3714.8,0,0,0,0,19-APR-2021,
OPTSTK,MRF,27-May-2021,79500,PE,0,0,0,3026.65,3970.55,0,0,0,0,19-APR-2021,
OPTSTK,MRF,27-May-2021,80000,PE,3412.9,3412.9,3412.9,3412.9,4236.2,1,8.34,10,10,19-APR-2021,
OPTSTK,MRF,27-May-2021,80500,PE,0,0,0,3364.1,4511.6,0,0,0,0,19-APR-2021,
OPTSTK,MRF,27-May-2021,81000,PE,0,0,0,3541.45,4796.65,0,0,0,0,19-APR-2021,
OPTSTK,MRF,27-May-2021,81500,PE,0,0,0,3724.7,5091.2,0,0,0,0,19-APR-2021,
OPTSTK,MRF,27-May-2021,82000,PE,0,0,0,3913.75,5395.05,0,0,0,0,19-APR-2021,
OPTSTK,MRF,27-May-2021,82500,PE,0,0,0,4108.7,5708.1,0,0,0,0,19-APR-2021,
OPTSTK,MRF,27-May-2021,83000,PE,0,0,0,4309.5,6030.05,0,0,0,0,19-APR-2021,
OPTSTK,MRF,27-May-2021,83500,PE,0,0,0,4516.25,6360.8,0,0,0,0,19-APR-2021,
OPTSTK,MRF,27-May-2021,84000,PE,0,0,0,4728.85,6700.05,0,0,0,0,19-APR-2021,
OPTSTK,MRF,27-May-2021,84500,PE,0,0,0,4947.35,7047.55,0,0,0,0,19-APR-2021,
OPTSTK,MRF,27-May-2021,85000,PE,0,0,0,5171.75,7403.1,0,0,0,0,19-APR-2021,
OPTSTK,MRF,27-May-2021,85500,PE,0,0,0,5402,7766.4,0,0,0,0,19-APR-2021,
OPTSTK,MRF,27-May-2021,86000,PE,0,0,0,5638.1,8141,0,0,0,0,19-APR-2021,
OPTSTK,MRF,27-May-2021,86500,PE,0,0,0,5880,8519.7,0,0,0,0,19-APR-2021,
OPTSTK,MRF,27-May-2021,87000,PE,0,0,0,6127.4,8905.4,0,0,0,0,19-APR-2021,
OPTSTK,MRF,27-May-2021,87500,PE,0,0,0,6380.85,9294.25,0,0,0,0,19-APR-2021,
OPTSTK,MRF,27-May-2021,88000,PE,0,0,0,6640.1,9692.5,0,0,0,0,19-APR-2021,
OPTSTK,MRF,27-May-2021,88500,PE,0,0,0,6904.95,10096.95,0,0,0,0,19-APR-2021,
OPTSTK,MRF,27-May-2021,89000,PE,0,0,0,7175.5,10507.2,0,0,0,0,19-APR-2021,
OPTSTK,MRF,27-May-2021,89500,PE,0,0,0,7451.6,10923.1,0,0,0,0,19-APR-2021,
OPTSTK,MRF,27-May-2021,90000,PE,0,0,0,7733.25,11344.3,0,0,0,0,19-APR-2021,
OPTSTK,MRF,27-May-2021,90500,PE,0,0,0,8020.4,11770.55,0,0,0,0,19-APR-2021,
OPTSTK,MRF,27-May-2021,91000,PE,0,0,0,8312.95,12201.65,0,0,0,0,19-APR-2021,
OPTSTK,MRF,27-May-2021,91500,PE,0,0,0,8610.85,12637.25,0,0,0,0,19-APR-2021,
OPTSTK,MRF,27-May-2021,92000,PE,0,0,0,8914,13077.2,0,0,0,0,19-APR-2021,
OPTSTK,MRF,27-May-2021,92500,PE,0,0,0,9222.4,13521.25,0,0,0,0,19-APR-2021,
OPTSTK,MRF,27-May-2021,93000,PE,0,0,0,9535.9,13969.15,0,0,0,0,19-APR-2021,
OPTSTK,MRF,27-May-2021,93500,PE,0,0,0,9854.5,14420.65,0,0,0,0,19-APR-2021,
OPTSTK,MRF,27-May-2021,94000,PE,0,0,0,10178.1,14875.55,0,0,0,0,19-APR-2021,
OPTSTK,MRF,27-May-2021,94500,PE,0,0,0,10506.6,15333.7,0,0,0,0,19-APR-2021,
OPTSTK,MRF,27-May-2021,95000,PE,0,0,0,10839.9,15794.8,0,0,0,0,19-APR-2021,
OPTSTK,MRF,27-May-2021,95500,PE,0,0,0,11178,16258.75,0,0,0,0,19-APR-2021,
OPTSTK,MRF,27-May-2021,96000,PE,0,0,0,11520.7,16725.35,0,0,0,0,19-APR-2021,
OPTSTK,MRF,27-May-2021,96500,PE,0,0,0,11868.05,17194.4,0,0,0,0,19-APR-2021,
OPTSTK,MRF,27-May-2021,97000,PE,0,0,0,12219.85,17665.7,0,0,0,0,19-APR-2021,
OPTSTK,MRF,27-May-2021,97500,PE,0,0,0,12576.05,18139.2,0,0,0,0,19-APR-2021,
OPTSTK,MRF,27-May-2021,98000,PE,0,0,0,12936.55,18614.65,0,0,0,0,19-APR-2021,
OPTSTK,MRF,27-May-2021,98500,PE,0,0,0,13301.3,19092,0,0,0,0,19-APR-2021,
OPTSTK,MRF,27-May-2021,99000,PE,0,0,0,13674.3,19571,0,0,0,0,19-APR-2021,
OPTSTK,MRF,27-May-2021,99500,PE,0,0,0,14047.6,20051.65,0,0,0,0,19-APR-2021,
OPTSTK,MRF,27-May-2021,100000,PE,0,0,0,14424.9,20533.75,0,0,0,0,19-APR-2021,
OPTSTK,MRF,27-May-2021,100500,PE,0,0,0,14806.05,21017.2,0,0,0,0,19-APR-2021,
OPTSTK,MRF,27-May-2021,101000,PE,0,0,0,15191,21501.95,0,0,0,0,19-APR-2021,
OPTSTK,MRF,27-May-2021,101500,PE,0,0,0,15579.6,21987.8,0,0,0,0,19-APR-2021,
OPTSTK,MRF,27-May-2021,102000,PE,0,0,0,15971.8,22474.75,0,0,0,0,19-APR-2021,
OPTSTK,MRF,27-May-2021,102500,PE,0,0,0,16367.5,22962.7,0,0,0,0,19-APR-2021,
OPTSTK,MRF,27-May-2021,103000,PE,0,0,0,16762.9,23451.55,0,0,0,0,19-APR-2021,
OPTSTK,MRF,27-May-2021,103500,PE,0,0,0,17165.05,23941.25,0,0,0,0,19-APR-2021,
OPTSTK,MRF,27-May-2021,104000,PE,0,0,0,17570.4,24431.7,0,0,0,0,19-APR-2021,
OPTSTK,MRF,27-May-2021,104500,PE,0,0,0,17978.9,24922.85,0,0,0,0,19-APR-2021,
OPTSTK,MRF,27-May-2021,105000,PE,0,0,0,18390.45,25414.6,0,0,0,0,19-APR-2021,
OPTSTK,MRF,27-May-2021,105500,PE,0,0,0,18805,25907,0,0,0,0,19-APR-2021,
OPTSTK,MRF,27-May-2021,106000,PE,0,0,0,19222.45,26399.9,0,0,0,0,19-APR-2021,
OPTSTK,MRF,27-May-2021,106500,PE,0,0,0,19642.65,26893.25,0,0,0,0,19-APR-2021,
OPTSTK,MRF,27-May-2021,107000,PE,0,0,0,20065.65,27387.1,0,0,0,0,19-APR-2021,
OPTSTK,MRF,24-Jun-2021,67500,CE,0,0,0,16038.35,13196.4,0,0,0,0,19-APR-2021,
OPTSTK,MRF,24-Jun-2021,68000,CE,0,0,0,15633.55,12791.6,0,0,0,0,19-APR-2021,
OPTSTK,MRF,24-Jun-2021,68500,CE,0,0,0,15233.65,12392.75,0,0,0,0,19-APR-2021,
OPTSTK,MRF,24-Jun-2021,69000,CE,0,0,0,14838.9,12000.05,0,0,0,0,19-APR-2021,
OPTSTK,MRF,24-Jun-2021,69500,CE,0,0,0,14449.35,11613.6,0,0,0,0,19-APR-2021,
OPTSTK,MRF,24-Jun-2021,70000,CE,0,0,0,14065.15,11233.6,0,0,0,0,19-APR-2021,
OPTSTK,MRF,24-Jun-2021,70500,CE,0,0,0,13686.4,10863.1,0,0,0,0,19-APR-2021,
OPTSTK,MRF,24-Jun-2021,71000,CE,0,0,0,13313.2,10496.1,0,0,0,0,19-APR-2021,
OPTSTK,MRF,24-Jun-2021,71500,CE,0,0,0,12948.2,10136,0,0,0,0,19-APR-2021,
OPTSTK,MRF,24-Jun-2021,72000,CE,0,0,0,12586.05,9783,0,0,0,0,19-APR-2021,
OPTSTK,MRF,24-Jun-2021,72500,CE,0,0,0,12229.75,9434,0,0,0,0,19-APR-2021,
OPTSTK,MRF,24-Jun-2021,73000,CE,0,0,0,11879.4,9095.9,0,0,0,0,19-APR-2021,
OPTSTK,MRF,24-Jun-2021,73500,CE,0,0,0,11535,8765.2,0,0,0,0,19-APR-2021,
OPTSTK,MRF,24-Jun-2021,74000,CE,0,0,0,11193.5,8441.95,0,0,0,0,19-APR-2021,
OPTSTK,MRF,24-Jun-2021,74500,CE,0,0,0,10861.75,8126.2,0,0,0,0,19-APR-2021,
OPTSTK,MRF,24-Jun-2021,75000,CE,0,0,0,10536.2,7818,0,0,0,0,19-APR-2021,
OPTSTK,MRF,24-Jun-2021,75500,CE,0,0,0,10216.85,7517.4,0,0,0,0,19-APR-2021,
OPTSTK,MRF,24-Jun-2021,76000,CE,0,0,0,9903.75,7224.45,0,0,0,0,19-APR-2021,
OPTSTK,MRF,24-Jun-2021,76500,CE,0,0,0,9596.9,6939.2,0,0,0,0,19-APR-2021,
OPTSTK,MRF,24-Jun-2021,77000,CE,0,0,0,9296.4,6661.55,0,0,0,0,19-APR-2021,
OPTSTK,MRF,24-Jun-2021,77500,CE,0,0,0,9002.25,6391.6,0,0,0,0,19-APR-2021,
OPTSTK,MRF,24-Jun-2021,78000,CE,0,0,0,8714.4,6129.25,0,0,0,0,19-APR-2021,
OPTSTK,MRF,24-Jun-2021,78500,CE,0,0,0,8432.85,5874.55,0,0,0,0,19-APR-2021,
OPTSTK,MRF,24-Jun-2021,79000,CE,0,0,0,8157.7,5627.1,0,0,0,0,19-APR-2021,
OPTSTK,MRF,24-Jun-2021,79500,CE,0,0,0,7888.8,5387.45,0,0,0,0,19-APR-2021,
OPTSTK,MRF,24-Jun-2021,80000,CE,0,0,0,7626.25,5155.3,0,0,0,0,19-APR-2021,
OPTSTK,MRF,24-Jun-2021,80500,CE,0,0,0,7369.95,4930.55,0,0,0,0,19-APR-2021,
OPTSTK,MRF,24-Jun-2021,81000,CE,0,0,0,7119.55,4713.1,0,0,0,0,19-APR-2021,
OPTSTK,MRF,24-Jun-2021,81500,CE,0,0,0,6875.7,4502.85,0,0,0,0,19-APR-2021,
OPTSTK,MRF,24-Jun-2021,82000,CE,0,0,0,6638,4299.75,0,0,0,0,19-APR-2021,
OPTSTK,MRF,24-Jun-2021,82500,CE,0,0,0,6406.45,4103.7,0,0,0,0,19-APR-2021,
OPTSTK,MRF,24-Jun-2021,83000,CE,0,0,0,6180.95,3914.55,0,0,0,0,19-APR-2021,
OPTSTK,MRF,24-Jun-2021,83500,CE,0,0,0,5961.45,3732.25,0,0,0,0,19-APR-2021,
OPTSTK,MRF,24-Jun-2021,84000,CE,0,0,0,5747.9,3556.6,0,0,0,0,19-APR-2021,
OPTSTK,MRF,24-Jun-2021,84500,CE,0,0,0,5540.25,3387.45,0,0,0,0,19-APR-2021,
OPTSTK,MRF,24-Jun-2021,85000,CE,0,0,0,5338.4,3224.8,0,0,0,0,19-APR-2021,
OPTSTK,MRF,24-Jun-2021,85500,CE,0,0,0,5142.3,3068.4,0,0,0,0,19-APR-2021,
OPTSTK,MRF,24-Jun-2021,86000,CE,0,0,0,4951.85,2918.1,0,0,0,0,19-APR-2021,
OPTSTK,MRF,24-Jun-2021,86500,CE,0,0,0,4766.95,2773.85,0,0,0,0,19-APR-2021,
OPTSTK,MRF,24-Jun-2021,87000,CE,0,0,0,4587.55,2635.4,0,0,0,0,19-APR-2021,
OPTSTK,MRF,24-Jun-2021,87500,CE,0,0,0,4413.55,2502.7,0,0,0,0,19-APR-2021,
OPTSTK,MRF,24-Jun-2021,88000,CE,0,0,0,4244.9,2379.2,0,0,0,0,19-APR-2021,
OPTSTK,MRF,24-Jun-2021,88500,CE,0,0,0,4081.45,2257.9,0,0,0,0,19-APR-2021,
OPTSTK,MRF,24-Jun-2021,89000,CE,0,0,0,3923.1,2141.8,0,0,0,0,19-APR-2021,
OPTSTK,MRF,24-Jun-2021,89500,CE,0,0,0,3769.8,2030.8,0,0,0,0,19-APR-2021,
OPTSTK,MRF,24-Jun-2021,90000,CE,0,0,0,3621.45,1924.7,0,0,0,0,19-APR-2021,
OPTSTK,MRF,24-Jun-2021,90500,CE,0,0,0,3477.9,1820.05,0,0,0,0,19-APR-2021,
OPTSTK,MRF,24-Jun-2021,91000,CE,0,0,0,3339.05,1722.95,0,0,0,0,19-APR-2021,
OPTSTK,MRF,24-Jun-2021,91500,CE,0,0,0,3204.9,1630.3,0,0,0,0,19-APR-2021,
OPTSTK,MRF,24-Jun-2021,92000,CE,0,0,0,3075.2,1541.95,0,0,0,0,19-APR-2021,
OPTSTK,MRF,24-Jun-2021,92500,CE,0,0,0,2953.95,1457.7,0,0,0,0,19-APR-2021,
OPTSTK,MRF,24-Jun-2021,93000,CE,0,0,0,2833.45,1377.5,0,0,0,0,19-APR-2021,
OPTSTK,MRF,24-Jun-2021,93500,CE,0,0,0,2717.15,1301.15,0,0,0,0,19-APR-2021,
OPTSTK,MRF,24-Jun-2021,94000,CE,0,0,0,2604.95,1228.45,0,0,0,0,19-APR-2021,
OPTSTK,MRF,24-Jun-2021,94500,CE,0,0,0,2496.75,1159.35,0,0,0,0,19-APR-2021,
OPTSTK,MRF,24-Jun-2021,95000,CE,0,0,0,2392.45,1093.7,0,0,0,0,19-APR-2021,
OPTSTK,MRF,24-Jun-2021,95500,CE,0,0,0,2291.95,1031.3,0,0,0,0,19-APR-2021,
OPTSTK,MRF,24-Jun-2021,96000,CE,0,0,0,2191.7,972.05,0,0,0,0,19-APR-2021,
OPTSTK,MRF,24-Jun-2021,96500,CE,0,0,0,2098.15,915.85,0,0,0,0,19-APR-2021,
OPTSTK,MRF,24-Jun-2021,97000,CE,0,0,0,2008.1,862.5,0,0,0,0,19-APR-2021,
OPTSTK,MRF,24-Jun-2021,97500,CE,0,0,0,1921.4,812,0,0,0,0,19-APR-2021,
OPTSTK,MRF,24-Jun-2021,98000,CE,0,0,0,1838,764.1,0,0,0,0,19-APR-2021,
OPTSTK,MRF,24-Jun-2021,98500,CE,0,0,0,1757.8,718.75,0,0,0,0,19-APR-2021,
OPTSTK,MRF,24-Jun-2021,99000,CE,0,0,0,1680.7,675.85,0,0,0,0,19-APR-2021,
OPTSTK,MRF,24-Jun-2021,99500,CE,0,0,0,1606.55,635.25,0,0,0,0,19-APR-2021,
OPTSTK,MRF,24-Jun-2021,100000,CE,0,0,0,1535.3,596.85,0,0,0,0,19-APR-2021,
OPTSTK,MRF,24-Jun-2021,100500,CE,0,0,0,1466.9,560.6,0,0,0,0,19-APR-2021,
OPTSTK,MRF,24-Jun-2021,101000,CE,0,0,0,1401.15,526.3,0,0,0,0,19-APR-2021,
OPTSTK,MRF,24-Jun-2021,101500,CE,0,0,0,1338.1,493.95,0,0,0,0,19-APR-2021,
OPTSTK,MRF,24-Jun-2021,102000,CE,0,0,0,1277.55,463.45,0,0,0,0,19-APR-2021,
OPTSTK,MRF,24-Jun-2021,67500,PE,0,0,0,1159,1007,0,0,0,0,19-APR-2021,
OPTSTK,MRF,24-Jun-2021,68000,PE,0,0,0,1249.55,1098.85,0,0,0,0,19-APR-2021,
OPTSTK,MRF,24-Jun-2021,68500,PE,0,0,0,1345,1196.6,0,0,0,0,19-APR-2021,
OPTSTK,MRF,24-Jun-2021,69000,PE,0,0,0,1445.6,1300.5,0,0,0,0,19-APR-2021,
OPTSTK,MRF,24-Jun-2021,69500,PE,0,0,0,1551.4,1410.65,0,0,0,0,19-APR-2021,
OPTSTK,MRF,24-Jun-2021,70000,PE,0,0,0,1662.55,1527.3,0,0,0,0,19-APR-2021,
OPTSTK,MRF,24-Jun-2021,70500,PE,0,0,0,1779.15,1653.4,0,0,0,0,19-APR-2021,
OPTSTK,MRF,24-Jun-2021,71000,PE,0,0,0,1901.3,1783.05,0,0,0,0,19-APR-2021,
OPTSTK,MRF,24-Jun-2021,71500,PE,0,0,0,2031.65,1919.6,0,0,0,0,19-APR-2021,
OPTSTK,MRF,24-Jun-2021,72000,PE,0,0,0,2164.85,2063.2,0,0,0,0,19-APR-2021,
OPTSTK,MRF,24-Jun-2021,72500,PE,0,0,0,2303.9,2210.8,0,0,0,0,19-APR-2021,
OPTSTK,MRF,24-Jun-2021,73000,PE,0,0,0,2448.85,2369.35,0,0,0,0,19-APR-2021,
OPTSTK,MRF,24-Jun-2021,73500,PE,0,0,0,2599.85,2535.25,0,0,0,0,19-APR-2021,
OPTSTK,MRF,24-Jun-2021,74000,PE,0,0,0,2753.7,2708.6,0,0,0,0,19-APR-2021,
OPTSTK,MRF,24-Jun-2021,74500,PE,0,0,0,2917.3,2889.5,0,0,0,0,19-APR-2021,
OPTSTK,MRF,24-Jun-2021,75000,PE,0,0,0,3087.05,3077.9,0,0,0,0,19-APR-2021,
OPTSTK,MRF,24-Jun-2021,75500,PE,0,0,0,3263.05,3273.95,0,0,0,0,19-APR-2021,
OPTSTK,MRF,24-Jun-2021,76000,PE,0,0,0,3445.3,3477.6,0,0,0,0,19-APR-2021,
OPTSTK,MRF,24-Jun-2021,76500,PE,0,0,0,3633.85,3688.95,0,0,0,0,19-APR-2021,
OPTSTK,MRF,24-Jun-2021,77000,PE,0,0,0,3828.65,3907.95,0,0,0,0,19-APR-2021,
OPTSTK,MRF,24-Jun-2021,77500,PE,0,0,0,4029.85,4134.6,0,0,0,0,19-APR-2021,
OPTSTK,MRF,24-Jun-2021,78000,PE,0,0,0,4237.35,4368.9,0,0,0,0,19-APR-2021,
OPTSTK,MRF,24-Jun-2021,78500,PE,0,0,0,4451.15,4610.8,0,0,0,0,19-APR-2021,
OPTSTK,MRF,24-Jun-2021,79000,PE,0,0,0,4671.3,4859.95,0,0,0,0,19-APR-2021,
OPTSTK,MRF,24-Jun-2021,79500,PE,0,0,0,4897.8,5116.95,0,0,0,0,19-APR-2021,
OPTSTK,MRF,24-Jun-2021,80000,PE,0,0,0,5130.55,5381.4,0,0,0,0,19-APR-2021,
OPTSTK,MRF,24-Jun-2021,80500,PE,0,0,0,5369.6,5653.25,0,0,0,0,19-APR-2021,
OPTSTK,MRF,24-Jun-2021,81000,PE,0,0,0,5614.6,5932.45,0,0,0,0,19-APR-2021,
OPTSTK,MRF,24-Jun-2021,81500,PE,0,0,0,5866.1,6218.85,0,0,0,0,19-APR-2021,
OPTSTK,MRF,24-Jun-2021,82000,PE,0,0,0,6123.75,6512.35,0,0,0,0,19-APR-2021,
OPTSTK,MRF,24-Jun-2021,82500,PE,0,0,0,6387.55,6812.95,0,0,0,0,19-APR-2021,
OPTSTK,MRF,24-Jun-2021,83000,PE,0,0,0,6657.4,7120.4,0,0,0,0,19-APR-2021,
OPTSTK,MRF,24-Jun-2021,83500,PE,0,0,0,6933.25,7434.7,0,0,0,0,19-APR-2021,
OPTSTK,MRF,24-Jun-2021,84000,PE,0,0,0,7215.05,7755.65,0,0,0,0,19-APR-2021,
OPTSTK,MRF,24-Jun-2021,84500,PE,0,0,0,7502.75,8083.2,0,0,0,0,19-APR-2021,
OPTSTK,MRF,24-Jun-2021,85000,PE,0,0,0,7796.2,8417.1,0,0,0,0,19-APR-2021,
OPTSTK,MRF,24-Jun-2021,85500,PE,0,0,0,8095.45,8757.35,0,0,0,0,19-APR-2021,
OPTSTK,MRF,24-Jun-2021,86000,PE,0,0,0,8400.35,9103.7,0,0,0,0,19-APR-2021,
OPTSTK,MRF,24-Jun-2021,86500,PE,0,0,0,8710.8,9456.05,0,0,0,0,19-APR-2021,
OPTSTK,MRF,24-Jun-2021,87000,PE,0,0,0,9026.75,9814.25,0,0,0,0,19-APR-2021,
OPTSTK,MRF,24-Jun-2021,87500,PE,0,0,0,9348.1,10178.15,0,0,0,0,19-APR-2021,
OPTSTK,MRF,24-Jun-2021,88000,PE,0,0,0,9674.8,10551.25,0,0,0,0,19-APR-2021,
OPTSTK,MRF,24-Jun-2021,88500,PE,0,0,0,10006.7,10926.55,0,0,0,0,19-APR-2021,
OPTSTK,MRF,24-Jun-2021,89000,PE,0,0,0,10343.7,11307.1,0,0,0,0,19-APR-2021,
OPTSTK,MRF,24-Jun-2021,89500,PE,0,0,0,10685.75,11692.7,0,0,0,0,19-APR-2021,
OPTSTK,MRF,24-Jun-2021,90000,PE,0,0,0,11032.7,12083.25,0,0,0,0,19-APR-2021,
OPTSTK,MRF,24-Jun-2021,90500,PE,0,0,0,11384.5,12475.2,0,0,0,0,19-APR-2021,
OPTSTK,MRF,24-Jun-2021,91000,PE,0,0,0,11741.05,12874.75,0,0,0,0,19-APR-2021,
OPTSTK,MRF,24-Jun-2021,91500,PE,0,0,0,12102.2,13278.7,0,0,0,0,19-APR-2021,
OPTSTK,MRF,24-Jun-2021,92000,PE,0,0,0,12467.9,13686.95,0,0,0,0,19-APR-2021,
OPTSTK,MRF,24-Jun-2021,92500,PE,0,0,0,12842,14099.35,0,0,0,0,19-APR-2021,
OPTSTK,MRF,24-Jun-2021,93000,PE,0,0,0,13216.8,14515.75,0,0,0,0,19-APR-2021,
OPTSTK,MRF,24-Jun-2021,93500,PE,0,0,0,13595.85,14936,0,0,0,0,19-APR-2021,
OPTSTK,MRF,24-Jun-2021,94000,PE,0,0,0,13979,15359.95,0,0,0,0,19-APR-2021,
OPTSTK,MRF,24-Jun-2021,94500,PE,0,0,0,14366.15,15787.5,0,0,0,0,19-APR-2021,
OPTSTK,MRF,24-Jun-2021,95000,PE,0,0,0,14757.2,16218.45,0,0,0,0,19-APR-2021,
OPTSTK,MRF,24-Jun-2021,95500,PE,0,0,0,15152.05,16652.65,0,0,0,0,19-APR-2021,
OPTSTK,MRF,24-Jun-2021,96000,PE,0,0,0,15547.15,17090.05,0,0,0,0,19-APR-2021,
OPTSTK,MRF,24-Jun-2021,96500,PE,0,0,0,15948.95,17530.45,0,0,0,0,19-APR-2021,
OPTSTK,MRF,24-Jun-2021,97000,PE,0,0,0,16354.25,17973.75,0,0,0,0,19-APR-2021,
OPTSTK,MRF,24-Jun-2021,97500,PE,0,0,0,16762.9,18419.85,0,0,0,0,19-APR-2021,
OPTSTK,MRF,24-Jun-2021,98000,PE,0,0,0,17174.85,18868.6,0,0,0,0,19-APR-2021,
OPTSTK,MRF,24-Jun-2021,98500,PE,0,0,0,17590,19319.85,0,0,0,0,19-APR-2021,
OPTSTK,MRF,24-Jun-2021,99000,PE,0,0,0,18008.2,19773.55,0,0,0,0,19-APR-2021,
OPTSTK,MRF,24-Jun-2021,99500,PE,0,0,0,18429.4,20229.6,0,0,0,0,19-APR-2021,
OPTSTK,MRF,24-Jun-2021,100000,PE,0,0,0,18853.55,20687.85,0,0,0,0,19-APR-2021,
OPTSTK,MRF,24-Jun-2021,100500,PE,0,0,0,19280.45,21148.15,0,0,0,0,19-APR-2021,
OPTSTK,MRF,24-Jun-2021,101000,PE,0,0,0,19710.1,21610.5,0,0,0,0,19-APR-2021,
OPTSTK,MRF,24-Jun-2021,101500,PE,0,0,0,20142.35,22074.8,0,0,0,0,19-APR-2021,
OPTSTK,MRF,24-Jun-2021,102000,PE,0,0,0,20577.2,22540.85,0,0,0,0,19-APR-2021,
OPTSTK,MUTHOOTFIN,29-Apr-2021,780,CE,0,0,0,354.3,363.55,0,0,0,0,19-APR-2021,
OPTSTK,MUTHOOTFIN,29-Apr-2021,800,CE,0,0,0,337.05,343.55,0,0,0,0,19-APR-2021,
OPTSTK,MUTHOOTFIN,29-Apr-2021,820,CE,0,0,0,320.2,323.6,0,0,0,0,19-APR-2021,
OPTSTK,MUTHOOTFIN,29-Apr-2021,840,CE,0,0,0,303.75,303.6,0,0,0,0,19-APR-2021,
OPTSTK,MUTHOOTFIN,29-Apr-2021,860,CE,0,0,0,287.75,283.65,0,0,0,0,19-APR-2021,
OPTSTK,MUTHOOTFIN,29-Apr-2021,880,CE,0,0,0,272.2,263.7,0,0,0,0,19-APR-2021,
OPTSTK,MUTHOOTFIN,29-Apr-2021,900,CE,0,0,0,330,243.75,0,0,750,0,19-APR-2021,
OPTSTK,MUTHOOTFIN,29-Apr-2021,920,CE,0,0,0,242.65,223.85,0,0,0,0,19-APR-2021,
OPTSTK,MUTHOOTFIN,29-Apr-2021,940,CE,0,0,0,228.65,204.1,0,0,0,0,19-APR-2021,
OPTSTK,MUTHOOTFIN,29-Apr-2021,960,CE,0,0,0,215.1,184.45,0,0,0,0,19-APR-2021,
OPTSTK,MUTHOOTFIN,29-Apr-2021,980,CE,0,0,0,202.1,165.15,0,0,0,0,19-APR-2021,
OPTSTK,MUTHOOTFIN,29-Apr-2021,1000,CE,0,0,0,189.7,146.25,0,0,0,0,19-APR-2021,
OPTSTK,MUTHOOTFIN,29-Apr-2021,1020,CE,0,0,0,177.85,127.9,0,0,0,0,19-APR-2021,
OPTSTK,MUTHOOTFIN,29-Apr-2021,1040,CE,0,0,0,166.5,110.4,0,0,0,0,19-APR-2021,
OPTSTK,MUTHOOTFIN,29-Apr-2021,1060,CE,0,0,0,155.75,93.9,0,0,0,0,19-APR-2021,
OPTSTK,MUTHOOTFIN,29-Apr-2021,1080,CE,0,0,0,145.45,78.65,0,0,0,0,19-APR-2021,
OPTSTK,MUTHOOTFIN,29-Apr-2021,1100,CE,47,47,35,45.95,45.95,40,341.77,9750,6000,19-APR-2021,
OPTSTK,MUTHOOTFIN,29-Apr-2021,1120,CE,0,0,0,126.55,52.35,0,0,0,0,19-APR-2021,
OPTSTK,MUTHOOTFIN,29-Apr-2021,1140,CE,40.2,40.2,18.9,23.7,23.7,196,1708.64,31500,7500,19-APR-2021,
OPTSTK,MUTHOOTFIN,29-Apr-2021,1160,CE,15.75,20.1,13.85,16.9,16.9,327,2884.38,69000,15750,19-APR-2021,
OPTSTK,MUTHOOTFIN,29-Apr-2021,1180,CE,11.7,13.4,10,12.1,12.1,260,2323.84,71250,2250,19-APR-2021,
OPTSTK,MUTHOOTFIN,29-Apr-2021,1200,CE,5.95,10,5.95,8.7,8.7,659,5972.19,234000,6000,19-APR-2021,
OPTSTK,MUTHOOTFIN,29-Apr-2021,1220,CE,3.85,6.75,3.85,6.1,6.1,180,1654.89,99750,14250,19-APR-2021,
OPTSTK,MUTHOOTFIN,29-Apr-2021,1240,CE,4.85,4.85,3.85,4.35,4.35,189,1763.77,142500,-8250,19-APR-2021,
OPTSTK,MUTHOOTFIN,29-Apr-2021,1260,CE,4.9,5.8,3.05,3.6,3.6,263,2492.16,242250,9000,19-APR-2021,
OPTSTK,MUTHOOTFIN,29-Apr-2021,1280,CE,4.5,4.5,2.5,2.85,2.85,25,240.53,90750,1500,19-APR-2021,
OPTSTK,MUTHOOTFIN,29-Apr-2021,1300,CE,3.8,3.8,2,2.4,2.4,195,1904.52,505500,-4500,19-APR-2021,
OPTSTK,MUTHOOTFIN,29-Apr-2021,1320,CE,1.8,1.9,1.25,1.8,1.8,10,99.12,64500,-5250,19-APR-2021,
OPTSTK,MUTHOOTFIN,29-Apr-2021,1340,CE,1.75,1.95,1,1.1,1.5,10,100.6,34500,-6000,19-APR-2021,
OPTSTK,MUTHOOTFIN,29-Apr-2021,1360,CE,2.85,2.85,0.7,1,0.95,13,132.71,23250,-6000,19-APR-2021,
OPTSTK,MUTHOOTFIN,29-Apr-2021,1380,CE,0,0,0,46.75,0.65,0,0,0,0,19-APR-2021,
OPTSTK,MUTHOOTFIN,29-Apr-2021,1400,CE,2,2,0.65,0.8,0.4,4,42.03,52500,0,19-APR-2021,
OPTSTK,MUTHOOTFIN,29-Apr-2021,1420,CE,0,0,0,39.65,0.25,0,0,0,0,19-APR-2021,
OPTSTK,MUTHOOTFIN,29-Apr-2021,1440,CE,0,0,0,36.45,0.15,0,0,0,0,19-APR-2021,
OPTSTK,MUTHOOTFIN,29-Apr-2021,1460,CE,0,0,0,11.25,0.1,0,0,3000,0,19-APR-2021,
OPTSTK,MUTHOOTFIN,29-Apr-2021,1480,CE,0,0,0,30.8,0.05,0,0,0,0,19-APR-2021,
OPTSTK,MUTHOOTFIN,29-Apr-2021,1500,CE,0,0,0,28.3,0.05,0,0,0,0,19-APR-2021,
OPTSTK,MUTHOOTFIN,29-Apr-2021,1520,CE,0,0,0,26,0.05,0,0,0,0,19-APR-2021,
OPTSTK,MUTHOOTFIN,29-Apr-2021,1540,CE,0,0,0,23.85,0.05,0,0,0,0,19-APR-2021,
OPTSTK,MUTHOOTFIN,29-Apr-2021,1560,CE,0,0,0,21.9,0.05,0,0,0,0,19-APR-2021,
OPTSTK,MUTHOOTFIN,29-Apr-2021,780,PE,0,0,0,11.4,0,0,0,0,0,19-APR-2021,
OPTSTK,MUTHOOTFIN,29-Apr-2021,800,PE,0,0,0,13.95,0,0,0,0,0,19-APR-2021,
OPTSTK,MUTHOOTFIN,29-Apr-2021,820,PE,0,0,0,16.9,0,0,0,0,0,19-APR-2021,
OPTSTK,MUTHOOTFIN,29-Apr-2021,840,PE,0,0,0,20.25,0,0,0,0,0,19-APR-2021,
OPTSTK,MUTHOOTFIN,29-Apr-2021,860,PE,0,0,0,24.1,0.05,0,0,0,0,19-APR-2021,
OPTSTK,MUTHOOTFIN,29-Apr-2021,880,PE,0,0,0,28.35,0.05,0,0,0,0,19-APR-2021,
OPTSTK,MUTHOOTFIN,29-Apr-2021,900,PE,1.45,1.45,1.45,1.45,0.1,1,6.76,2250,750,19-APR-2021,
OPTSTK,MUTHOOTFIN,29-Apr-2021,920,PE,0,0,0,38.45,0.2,0,0,0,0,19-APR-2021,
OPTSTK,MUTHOOTFIN,29-Apr-2021,940,PE,0,0,0,44.25,0.4,0,0,0,0,19-APR-2021,
OPTSTK,MUTHOOTFIN,29-Apr-2021,960,PE,0,0,0,50.55,0.75,0,0,0,0,19-APR-2021,
OPTSTK,MUTHOOTFIN,29-Apr-2021,980,PE,0,0,0,11.55,1.4,0,0,0,0,19-APR-2021,
OPTSTK,MUTHOOTFIN,29-Apr-2021,1000,PE,3.3,6,3.15,3.6,3.6,579,4362.33,102000,-24750,19-APR-2021,
OPTSTK,MUTHOOTFIN,29-Apr-2021,1020,PE,8.9,8.9,5.7,5.7,4.15,8,61.57,8250,-2250,19-APR-2021,
OPTSTK,MUTHOOTFIN,29-Apr-2021,1040,PE,8.85,11.85,6.85,7.2,7.2,175,1376.76,35250,3000,19-APR-2021,
OPTSTK,MUTHOOTFIN,29-Apr-2021,1060,PE,10.2,16.05,9.9,10.3,10.3,177,1424.04,71250,16500,19-APR-2021,
OPTSTK,MUTHOOTFIN,29-Apr-2021,1080,PE,15.2,23,13.75,14.1,14.1,318,2618.92,66000,-26250,19-APR-2021,
OPTSTK,MUTHOOTFIN,29-Apr-2021,1100,PE,20.5,31.35,19.5,20.85,20.85,405,3419.85,139500,750,19-APR-2021,
OPTSTK,MUTHOOTFIN,29-Apr-2021,1120,PE,38,40.65,26.6,28.5,28.5,189,1634.17,64500,3750,19-APR-2021,
OPTSTK,MUTHOOTFIN,29-Apr-2021,1140,PE,38.5,54.95,37.8,41.15,37.7,40,355.53,70500,-750,19-APR-2021,
OPTSTK,MUTHOOTFIN,29-Apr-2021,1160,PE,63.05,63.05,58,58,48.5,10,91.64,60000,-1500,19-APR-2021,
OPTSTK,MUTHOOTFIN,29-Apr-2021,1180,PE,73.15,85,70.3,80.05,60.9,10,94.35,59250,-1500,19-APR-2021,
OPTSTK,MUTHOOTFIN,29-Apr-2021,1200,PE,92.75,104.6,84,84,74.65,20,194.45,160500,-6000,19-APR-2021,
OPTSTK,MUTHOOTFIN,29-Apr-2021,1220,PE,118.25,118.25,118.25,118.25,89.75,1,10.03,27750,-750,19-APR-2021,
OPTSTK,MUTHOOTFIN,29-Apr-2021,1240,PE,0,0,0,113.25,105.95,0,0,13500,0,19-APR-2021,
OPTSTK,MUTHOOTFIN,29-Apr-2021,1260,PE,153,153,153,153,123.05,1,10.59,7500,0,19-APR-2021,
OPTSTK,MUTHOOTFIN,29-Apr-2021,1280,PE,0,0,0,151,140.9,0,0,1500,0,19-APR-2021,
OPTSTK,MUTHOOTFIN,29-Apr-2021,1300,PE,0,0,0,144.35,159.3,0,0,6000,0,19-APR-2021,
OPTSTK,MUTHOOTFIN,29-Apr-2021,1320,PE,0,0,0,164,178.2,0,0,750,0,19-APR-2021,
OPTSTK,MUTHOOTFIN,29-Apr-2021,1340,PE,0,0,0,266.85,197.4,0,0,0,0,19-APR-2021,
OPTSTK,MUTHOOTFIN,29-Apr-2021,1360,PE,0,0,0,282.4,216.85,0,0,0,0,19-APR-2021,
OPTSTK,MUTHOOTFIN,29-Apr-2021,1380,PE,0,0,0,298.3,236.5,0,0,0,0,19-APR-2021,
OPTSTK,MUTHOOTFIN,29-Apr-2021,1400,PE,0,0,0,314.4,256.25,0,0,0,0,19-APR-2021,
OPTSTK,MUTHOOTFIN,29-Apr-2021,1420,PE,0,0,0,330.8,276.1,0,0,0,0,19-APR-2021,
OPTSTK,MUTHOOTFIN,29-Apr-2021,1440,PE,0,0,0,347.45,296,0,0,0,0,19-APR-2021,
OPTSTK,MUTHOOTFIN,29-Apr-2021,1460,PE,0,0,0,364.3,315.9,0,0,0,0,19-APR-2021,
OPTSTK,MUTHOOTFIN,29-Apr-2021,1480,PE,0,0,0,381.4,335.85,0,0,0,0,19-APR-2021,
OPTSTK,MUTHOOTFIN,29-Apr-2021,1500,PE,0,0,0,398.75,355.8,0,0,0,0,19-APR-2021,
OPTSTK,MUTHOOTFIN,29-Apr-2021,1520,PE,0,0,0,416.25,375.8,0,0,0,0,19-APR-2021,
OPTSTK,MUTHOOTFIN,29-Apr-2021,1540,PE,0,0,0,433.9,395.75,0,0,0,0,19-APR-2021,
OPTSTK,MUTHOOTFIN,29-Apr-2021,1560,PE,0,0,0,451.75,415.7,0,0,0,0,19-APR-2021,
OPTSTK,MUTHOOTFIN,27-May-2021,840,CE,0,0,0,502,308.2,0,0,0,0,19-APR-2021,
OPTSTK,MUTHOOTFIN,27-May-2021,860,CE,0,0,0,483.4,289.2,0,0,0,0,19-APR-2021,
OPTSTK,MUTHOOTFIN,27-May-2021,880,CE,0,0,0,465.05,270.5,0,0,0,0,19-APR-2021,
OPTSTK,MUTHOOTFIN,27-May-2021,900,CE,0,0,0,300,252.15,0,0,0,0,19-APR-2021,
OPTSTK,MUTHOOTFIN,27-May-2021,920,CE,0,0,0,429.1,234.25,0,0,0,0,19-APR-2021,
OPTSTK,MUTHOOTFIN,27-May-2021,940,CE,0,0,0,411.55,216.8,0,0,0,0,19-APR-2021,
OPTSTK,MUTHOOTFIN,27-May-2021,960,CE,0,0,0,394.3,199.95,0,0,0,0,19-APR-2021,
OPTSTK,MUTHOOTFIN,27-May-2021,980,CE,0,0,0,377.35,183.65,0,0,0,0,19-APR-2021,
OPTSTK,MUTHOOTFIN,27-May-2021,1000,CE,0,0,0,360.8,168.05,0,0,0,0,19-APR-2021,
OPTSTK,MUTHOOTFIN,27-May-2021,1020,CE,0,0,0,344.6,153.2,0,0,0,0,19-APR-2021,
OPTSTK,MUTHOOTFIN,27-May-2021,1040,CE,0,0,0,328.8,139.05,0,0,0,0,19-APR-2021,
OPTSTK,MUTHOOTFIN,27-May-2021,1060,CE,0,0,0,313.4,125.65,0,0,0,0,19-APR-2021,
OPTSTK,MUTHOOTFIN,27-May-2021,1080,CE,0,0,0,298.5,113.15,0,0,0,0,19-APR-2021,
OPTSTK,MUTHOOTFIN,27-May-2021,1100,CE,0,0,0,283.9,101.5,0,0,0,0,19-APR-2021,
OPTSTK,MUTHOOTFIN,27-May-2021,1120,CE,0,0,0,269.8,90.65,0,0,0,0,19-APR-2021,
OPTSTK,MUTHOOTFIN,27-May-2021,1140,CE,0,0,0,256.15,80.65,0,0,0,0,19-APR-2021,
OPTSTK,MUTHOOTFIN,27-May-2021,1160,CE,0,0,0,242.9,71.5,0,0,0,0,19-APR-2021,
OPTSTK,MUTHOOTFIN,27-May-2021,1180,CE,0,0,0,230.15,63.1,0,0,0,0,19-APR-2021,
OPTSTK,MUTHOOTFIN,27-May-2021,1200,CE,0,0,0,45.45,55.5,0,0,6000,0,19-APR-2021,
OPTSTK,MUTHOOTFIN,27-May-2021,1220,CE,0,0,0,206.05,48.65,0,0,0,0,19-APR-2021,
OPTSTK,MUTHOOTFIN,27-May-2021,1240,CE,0,0,0,194.7,42.45,0,0,0,0,19-APR-2021,
OPTSTK,MUTHOOTFIN,27-May-2021,1260,CE,0,0,0,183.85,36.9,0,0,0,0,19-APR-2021,
OPTSTK,MUTHOOTFIN,27-May-2021,1280,CE,0,0,0,173.4,32.05,0,0,0,0,19-APR-2021,
OPTSTK,MUTHOOTFIN,27-May-2021,1300,CE,15,15,10.8,11,27.7,4,39.37,6000,2250,19-APR-2021,
OPTSTK,MUTHOOTFIN,27-May-2021,1320,CE,0,0,0,153.9,23.85,0,0,0,0,19-APR-2021,
OPTSTK,MUTHOOTFIN,27-May-2021,1340,CE,0,0,0,144.85,20.45,0,0,0,0,19-APR-2021,
OPTSTK,MUTHOOTFIN,27-May-2021,1360,CE,0,0,0,136.15,17.5,0,0,0,0,19-APR-2021,
OPTSTK,MUTHOOTFIN,27-May-2021,1380,CE,0,0,0,127.95,14.95,0,0,0,0,19-APR-2021,
OPTSTK,MUTHOOTFIN,27-May-2021,1400,CE,0,0,0,120.1,12.7,0,0,0,0,19-APR-2021,
OPTSTK,MUTHOOTFIN,27-May-2021,1420,CE,0,0,0,112.7,10.75,0,0,0,0,19-APR-2021,
OPTSTK,MUTHOOTFIN,27-May-2021,1440,CE,0,0,0,105.65,9.1,0,0,0,0,19-APR-2021,
OPTSTK,MUTHOOTFIN,27-May-2021,1460,CE,0,0,0,98.95,7.7,0,0,0,0,19-APR-2021,
OPTSTK,MUTHOOTFIN,27-May-2021,1480,CE,0,0,0,92.65,6.45,0,0,0,0,19-APR-2021,
OPTSTK,MUTHOOTFIN,27-May-2021,1500,CE,0,0,0,86.7,5.4,0,0,0,0,19-APR-2021,
OPTSTK,MUTHOOTFIN,27-May-2021,1520,CE,0,0,0,81.05,4.55,0,0,0,0,19-APR-2021,
OPTSTK,MUTHOOTFIN,27-May-2021,1540,CE,0,0,0,75.75,3.8,0,0,0,0,19-APR-2021,
OPTSTK,MUTHOOTFIN,27-May-2021,1560,CE,0,0,0,70.8,3.15,0,0,0,0,19-APR-2021,
OPTSTK,MUTHOOTFIN,27-May-2021,840,PE,0,0,0,5.05,2.2,0,0,0,0,19-APR-2021,
OPTSTK,MUTHOOTFIN,27-May-2021,860,PE,0,0,0,6.25,3.1,0,0,0,0,19-APR-2021,
OPTSTK,MUTHOOTFIN,27-May-2021,880,PE,0,0,0,7.7,4.35,0,0,0,0,19-APR-2021,
OPTSTK,MUTHOOTFIN,27-May-2021,900,PE,0,0,0,9.4,5.9,0,0,0,0,19-APR-2021,
OPTSTK,MUTHOOTFIN,27-May-2021,920,PE,0,0,0,11.4,7.9,0,0,0,0,19-APR-2021,
OPTSTK,MUTHOOTFIN,27-May-2021,940,PE,0,0,0,13.65,10.4,0,0,0,0,19-APR-2021,
OPTSTK,MUTHOOTFIN,27-May-2021,960,PE,0,0,0,16.2,13.45,0,0,0,0,19-APR-2021,
OPTSTK,MUTHOOTFIN,27-May-2021,980,PE,0,0,0,19.1,17.1,0,0,0,0,19-APR-2021,
OPTSTK,MUTHOOTFIN,27-May-2021,1000,PE,0,0,0,22.35,21.4,0,0,0,0,19-APR-2021,
OPTSTK,MUTHOOTFIN,27-May-2021,1020,PE,0,0,0,26,26.45,0,0,0,0,19-APR-2021,
OPTSTK,MUTHOOTFIN,27-May-2021,1040,PE,0,0,0,30,32.25,0,0,0,0,19-APR-2021,
OPTSTK,MUTHOOTFIN,27-May-2021,1060,PE,0,0,0,34.4,38.8,0,0,0,0,19-APR-2021,
OPTSTK,MUTHOOTFIN,27-May-2021,1080,PE,0,0,0,39.3,46.2,0,0,0,0,19-APR-2021,
OPTSTK,MUTHOOTFIN,27-May-2021,1100,PE,41.3,53,41.3,44.45,44.45,60,516.88,52500,12750,19-APR-2021,
OPTSTK,MUTHOOTFIN,27-May-2021,1120,PE,0,0,0,50.2,63.55,0,0,0,0,19-APR-2021,
OPTSTK,MUTHOOTFIN,27-May-2021,1140,PE,0,0,0,56.35,73.45,0,0,0,0,19-APR-2021,
OPTSTK,MUTHOOTFIN,27-May-2021,1160,PE,0,0,0,62.95,84.2,0,0,0,0,19-APR-2021,
OPTSTK,MUTHOOTFIN,27-May-2021,1180,PE,0,0,0,70,95.75,0,0,0,0,19-APR-2021,
OPTSTK,MUTHOOTFIN,27-May-2021,1200,PE,97.15,97.15,97.15,97.15,108.05,1,9.72,47250,0,19-APR-2021,
OPTSTK,MUTHOOTFIN,27-May-2021,1220,PE,0,0,0,85.55,121.1,0,0,0,0,19-APR-2021,
OPTSTK,MUTHOOTFIN,27-May-2021,1240,PE,0,0,0,94,134.85,0,0,0,0,19-APR-2021,
OPTSTK,MUTHOOTFIN,27-May-2021,1260,PE,0,0,0,102.95,149.25,0,0,0,0,19-APR-2021,
OPTSTK,MUTHOOTFIN,27-May-2021,1280,PE,0,0,0,112.35,164.35,0,0,0,0,19-APR-2021,
OPTSTK,MUTHOOTFIN,27-May-2021,1300,PE,0,0,0,122.2,179.9,0,0,0,0,19-APR-2021,
OPTSTK,MUTHOOTFIN,27-May-2021,1320,PE,0,0,0,132.5,195.95,0,0,0,0,19-APR-2021,
OPTSTK,MUTHOOTFIN,27-May-2021,1340,PE,0,0,0,143.2,212.5,0,0,0,0,19-APR-2021,
OPTSTK,MUTHOOTFIN,27-May-2021,1360,PE,0,0,0,154.35,229.45,0,0,0,0,19-APR-2021,
OPTSTK,MUTHOOTFIN,27-May-2021,1380,PE,0,0,0,165.95,246.8,0,0,0,0,19-APR-2021,
OPTSTK,MUTHOOTFIN,27-May-2021,1400,PE,0,0,0,177.95,264.5,0,0,0,0,19-APR-2021,
OPTSTK,MUTHOOTFIN,27-May-2021,1420,PE,0,0,0,190.3,282.5,0,0,0,0,19-APR-2021,
OPTSTK,MUTHOOTFIN,27-May-2021,1440,PE,0,0,0,203.1,300.75,0,0,0,0,19-APR-2021,
OPTSTK,MUTHOOTFIN,27-May-2021,1460,PE,0,0,0,216.2,319.25,0,0,0,0,19-APR-2021,
OPTSTK,MUTHOOTFIN,27-May-2021,1480,PE,0,0,0,229.7,337.95,0,0,0,0,19-APR-2021,
OPTSTK,MUTHOOTFIN,27-May-2021,1500,PE,0,0,0,243.55,356.85,0,0,0,0,19-APR-2021,
OPTSTK,MUTHOOTFIN,27-May-2021,1520,PE,0,0,0,257.75,375.85,0,0,0,0,19-APR-2021,
OPTSTK,MUTHOOTFIN,27-May-2021,1540,PE,0,0,0,272.25,395.05,0,0,0,0,19-APR-2021,
OPTSTK,MUTHOOTFIN,27-May-2021,1560,PE,0,0,0,287.1,414.35,0,0,0,0,19-APR-2021,
OPTSTK,MUTHOOTFIN,24-Jun-2021,840,CE,0,0,0,365.75,316.3,0,0,0,0,19-APR-2021,
OPTSTK,MUTHOOTFIN,24-Jun-2021,860,CE,0,0,0,348.35,298.6,0,0,0,0,19-APR-2021,
OPTSTK,MUTHOOTFIN,24-Jun-2021,880,CE,0,0,0,331.35,281.25,0,0,0,0,19-APR-2021,
OPTSTK,MUTHOOTFIN,24-Jun-2021,900,CE,0,0,0,314.7,264.4,0,0,0,0,19-APR-2021,
OPTSTK,MUTHOOTFIN,24-Jun-2021,920,CE,0,0,0,298.5,248,0,0,0,0,19-APR-2021,
OPTSTK,MUTHOOTFIN,24-Jun-2021,940,CE,0,0,0,282.75,232.1,0,0,0,0,19-APR-2021,
OPTSTK,MUTHOOTFIN,24-Jun-2021,960,CE,0,0,0,267.45,216.75,0,0,0,0,19-APR-2021,
OPTSTK,MUTHOOTFIN,24-Jun-2021,980,CE,0,0,0,252.65,202.05,0,0,0,0,19-APR-2021,
OPTSTK,MUTHOOTFIN,24-Jun-2021,1000,CE,0,0,0,238.3,187.9,0,0,0,0,19-APR-2021,
OPTSTK,MUTHOOTFIN,24-Jun-2021,1020,CE,0,0,0,224.5,174.3,0,0,0,0,19-APR-2021,
OPTSTK,MUTHOOTFIN,24-Jun-2021,1040,CE,0,0,0,211.2,161.4,0,0,0,0,19-APR-2021,
OPTSTK,MUTHOOTFIN,24-Jun-2021,1060,CE,0,0,0,198.4,149.15,0,0,0,0,19-APR-2021,
OPTSTK,MUTHOOTFIN,24-Jun-2021,1080,CE,0,0,0,186.2,137.55,0,0,0,0,19-APR-2021,
OPTSTK,MUTHOOTFIN,24-Jun-2021,1100,CE,0,0,0,174.55,126.55,0,0,0,0,19-APR-2021,
OPTSTK,MUTHOOTFIN,24-Jun-2021,1120,CE,0,0,0,163.4,116.25,0,0,0,0,19-APR-2021,
OPTSTK,MUTHOOTFIN,24-Jun-2021,1140,CE,0,0,0,152.8,106.55,0,0,0,0,19-APR-2021,
OPTSTK,MUTHOOTFIN,24-Jun-2021,1160,CE,0,0,0,142.7,97.5,0,0,0,0,19-APR-2021,
OPTSTK,MUTHOOTFIN,24-Jun-2021,1180,CE,0,0,0,133.1,89.05,0,0,0,0,19-APR-2021,
OPTSTK,MUTHOOTFIN,24-Jun-2021,1200,CE,0,0,0,124.05,81.15,0,0,0,0,19-APR-2021,
OPTSTK,MUTHOOTFIN,24-Jun-2021,1220,CE,0,0,0,115.45,73.85,0,0,0,0,19-APR-2021,
OPTSTK,MUTHOOTFIN,24-Jun-2021,1240,CE,0,0,0,107.35,67.1,0,0,0,0,19-APR-2021,
OPTSTK,MUTHOOTFIN,24-Jun-2021,1260,CE,0,0,0,99.75,60.85,0,0,0,0,19-APR-2021,
OPTSTK,MUTHOOTFIN,24-Jun-2021,1280,CE,0,0,0,92.55,55.05,0,0,0,0,19-APR-2021,
OPTSTK,MUTHOOTFIN,24-Jun-2021,1300,CE,0,0,0,85.8,49.8,0,0,0,0,19-APR-2021,
OPTSTK,MUTHOOTFIN,24-Jun-2021,1320,CE,0,0,0,79.5,45,0,0,0,0,19-APR-2021,
OPTSTK,MUTHOOTFIN,24-Jun-2021,1340,CE,0,0,0,73.55,40.55,0,0,0,0,19-APR-2021,
OPTSTK,MUTHOOTFIN,24-Jun-2021,1360,CE,0,0,0,68,36.5,0,0,0,0,19-APR-2021,
OPTSTK,MUTHOOTFIN,24-Jun-2021,1380,CE,0,0,0,62.9,32.8,0,0,0,0,19-APR-2021,
OPTSTK,MUTHOOTFIN,24-Jun-2021,1400,CE,0,0,0,58.05,29.45,0,0,0,0,19-APR-2021,
OPTSTK,MUTHOOTFIN,24-Jun-2021,1420,CE,0,0,0,53.6,26.4,0,0,0,0,19-APR-2021,
OPTSTK,MUTHOOTFIN,24-Jun-2021,1440,CE,0,0,0,49.4,23.6,0,0,0,0,19-APR-2021,
OPTSTK,MUTHOOTFIN,24-Jun-2021,1460,CE,0,0,0,45.5,21.1,0,0,0,0,19-APR-2021,
OPTSTK,MUTHOOTFIN,24-Jun-2021,1480,CE,0,0,0,41.85,18.85,0,0,0,0,19-APR-2021,
OPTSTK,MUTHOOTFIN,24-Jun-2021,1500,CE,0,0,0,38.5,16.8,0,0,0,0,19-APR-2021,
OPTSTK,MUTHOOTFIN,24-Jun-2021,1520,CE,0,0,0,35.4,15,0,0,0,0,19-APR-2021,
OPTSTK,MUTHOOTFIN,24-Jun-2021,1540,CE,0,0,0,32.5,13.35,0,0,0,0,19-APR-2021,
OPTSTK,MUTHOOTFIN,24-Jun-2021,1560,CE,0,0,0,29.85,11.85,0,0,0,0,19-APR-2021,
OPTSTK,MUTHOOTFIN,24-Jun-2021,840,PE,0,0,0,10.9,7.9,0,0,0,0,19-APR-2021,
OPTSTK,MUTHOOTFIN,24-Jun-2021,860,PE,0,0,0,13.3,10.05,0,0,0,0,19-APR-2021,
OPTSTK,MUTHOOTFIN,24-Jun-2021,880,PE,0,0,0,16.1,12.55,0,0,0,0,19-APR-2021,
OPTSTK,MUTHOOTFIN,24-Jun-2021,900,PE,0,0,0,19.3,15.55,0,0,0,0,19-APR-2021,
OPTSTK,MUTHOOTFIN,24-Jun-2021,920,PE,0,0,0,22.9,19,0,0,0,0,19-APR-2021,
OPTSTK,MUTHOOTFIN,24-Jun-2021,940,PE,0,0,0,26.95,23,0,0,0,0,19-APR-2021,
OPTSTK,MUTHOOTFIN,24-Jun-2021,960,PE,0,0,0,31.45,27.55,0,0,0,0,19-APR-2021,
OPTSTK,MUTHOOTFIN,24-Jun-2021,980,PE,0,0,0,36.5,32.65,0,0,0,0,19-APR-2021,
OPTSTK,MUTHOOTFIN,24-Jun-2021,1000,PE,0,0,0,41.95,38.35,0,0,0,0,19-APR-2021,
OPTSTK,MUTHOOTFIN,24-Jun-2021,1020,PE,0,0,0,47.95,44.65,0,0,0,0,19-APR-2021,
OPTSTK,MUTHOOTFIN,24-Jun-2021,1040,PE,0,0,0,54.5,51.6,0,0,0,0,19-APR-2021,
OPTSTK,MUTHOOTFIN,24-Jun-2021,1060,PE,0,0,0,61.5,59.25,0,0,0,0,19-APR-2021,
OPTSTK,MUTHOOTFIN,24-Jun-2021,1080,PE,0,0,0,69.1,67.5,0,0,0,0,19-APR-2021,
OPTSTK,MUTHOOTFIN,24-Jun-2021,1100,PE,0,0,0,77.25,76.4,0,0,0,0,19-APR-2021,
OPTSTK,MUTHOOTFIN,24-Jun-2021,1120,PE,0,0,0,85.9,85.95,0,0,0,0,19-APR-2021,
OPTSTK,MUTHOOTFIN,24-Jun-2021,1140,PE,0,0,0,95.1,96.1,0,0,0,0,19-APR-2021,
OPTSTK,MUTHOOTFIN,24-Jun-2021,1160,PE,0,0,0,104.85,106.9,0,0,0,0,19-APR-2021,
OPTSTK,MUTHOOTFIN,24-Jun-2021,1180,PE,0,0,0,115.1,118.3,0,0,0,0,19-APR-2021,
OPTSTK,MUTHOOTFIN,24-Jun-2021,1200,PE,0,0,0,125.8,130.3,0,0,0,0,19-APR-2021,
OPTSTK,MUTHOOTFIN,24-Jun-2021,1220,PE,0,0,0,137.05,142.85,0,0,0,0,19-APR-2021,
OPTSTK,MUTHOOTFIN,24-Jun-2021,1240,PE,0,0,0,148.8,155.95,0,0,0,0,19-APR-2021,
OPTSTK,MUTHOOTFIN,24-Jun-2021,1260,PE,0,0,0,160.95,169.55,0,0,0,0,19-APR-2021,
OPTSTK,MUTHOOTFIN,24-Jun-2021,1280,PE,0,0,0,173.6,183.65,0,0,0,0,19-APR-2021,
OPTSTK,MUTHOOTFIN,24-Jun-2021,1300,PE,0,0,0,186.65,198.25,0,0,0,0,19-APR-2021,
OPTSTK,MUTHOOTFIN,24-Jun-2021,1320,PE,0,0,0,200.15,213.3,0,0,0,0,19-APR-2021,
OPTSTK,MUTHOOTFIN,24-Jun-2021,1340,PE,0,0,0,214.05,228.75,0,0,0,0,19-APR-2021,
OPTSTK,MUTHOOTFIN,24-Jun-2021,1360,PE,0,0,0,228.3,244.6,0,0,0,0,19-APR-2021,
OPTSTK,MUTHOOTFIN,24-Jun-2021,1380,PE,0,0,0,243,260.7,0,0,0,0,19-APR-2021,
OPTSTK,MUTHOOTFIN,24-Jun-2021,1400,PE,0,0,0,258,277.2,0,0,0,0,19-APR-2021,
OPTSTK,MUTHOOTFIN,24-Jun-2021,1420,PE,0,0,0,273.3,294.05,0,0,0,0,19-APR-2021,
OPTSTK,MUTHOOTFIN,24-Jun-2021,1440,PE,0,0,0,288.95,311.15,0,0,0,0,19-APR-2021,
OPTSTK,MUTHOOTFIN,24-Jun-2021,1460,PE,0,0,0,304.9,328.5,0,0,0,0,19-APR-2021,
OPTSTK,MUTHOOTFIN,24-Jun-2021,1480,PE,0,0,0,321.05,346.1,0,0,0,0,19-APR-2021,
OPTSTK,MUTHOOTFIN,24-Jun-2021,1500,PE,0,0,0,337.5,363.95,0,0,0,0,19-APR-2021,
OPTSTK,MUTHOOTFIN,24-Jun-2021,1520,PE,0,0,0,354.2,381.95,0,0,0,0,19-APR-2021,
OPTSTK,MUTHOOTFIN,24-Jun-2021,1540,PE,0,0,0,371.15,400.2,0,0,0,0,19-APR-2021,
OPTSTK,MUTHOOTFIN,24-Jun-2021,1560,PE,0,0,0,388.3,418.55,0,0,0,0,19-APR-2021,
OPTSTK,NAM-INDIA,29-Apr-2021,255,CE,0,0,0,87.25,70.55,0,0,0,0,19-APR-2021,
OPTSTK,NAM-INDIA,29-Apr-2021,260,CE,0,0,0,82.3,65.6,0,0,0,0,19-APR-2021,
OPTSTK,NAM-INDIA,29-Apr-2021,265,CE,0,0,0,77.35,60.65,0,0,0,0,19-APR-2021,
OPTSTK,NAM-INDIA,29-Apr-2021,270,CE,0,0,0,72.35,55.8,0,0,0,0,19-APR-2021,
OPTSTK,NAM-INDIA,29-Apr-2021,275,CE,0,0,0,67.4,51,0,0,0,0,19-APR-2021,
OPTSTK,NAM-INDIA,29-Apr-2021,280,CE,0,0,0,62.45,46.25,0,0,0,0,19-APR-2021,
OPTSTK,NAM-INDIA,29-Apr-2021,285,CE,0,0,0,57.45,41.7,0,0,0,0,19-APR-2021,
OPTSTK,NAM-INDIA,29-Apr-2021,290,CE,0,0,0,52.5,37.25,0,0,0,0,19-APR-2021,
OPTSTK,NAM-INDIA,29-Apr-2021,295,CE,0,0,0,47.5,33,0,0,0,0,19-APR-2021,
OPTSTK,NAM-INDIA,29-Apr-2021,300,CE,0,0,0,42.55,28.95,0,0,0,0,19-APR-2021,
OPTSTK,NAM-INDIA,29-Apr-2021,305,CE,0,0,0,37.6,25.15,0,0,0,0,19-APR-2021,
OPTSTK,NAM-INDIA,29-Apr-2021,310,CE,0,0,0,32.6,21.6,0,0,0,0,19-APR-2021,
OPTSTK,NAM-INDIA,29-Apr-2021,315,CE,0,0,0,24,18.4,0,0,1600,0,19-APR-2021,
OPTSTK,NAM-INDIA,29-Apr-2021,320,CE,0,0,0,22.7,15.5,0,0,0,0,19-APR-2021,
OPTSTK,NAM-INDIA,29-Apr-2021,325,CE,0,0,0,12.45,12.9,0,0,6400,0,19-APR-2021,
OPTSTK,NAM-INDIA,29-Apr-2021,330,CE,15,15,7.5,7.65,7.65,10,54.25,16000,3200,19-APR-2021,
OPTSTK,NAM-INDIA,29-Apr-2021,335,CE,0,0,0,9.5,8.65,0,0,12800,0,19-APR-2021,
OPTSTK,NAM-INDIA,29-Apr-2021,340,CE,4.75,8,4.15,4.55,4.55,35,193.13,56000,-1600,19-APR-2021,
OPTSTK,NAM-INDIA,29-Apr-2021,345,CE,5.6,5.6,3.5,3.5,5.55,2,11.18,9600,0,19-APR-2021,
OPTSTK,NAM-INDIA,29-Apr-2021,350,CE,2.3,3,2.1,2.35,2.35,47,265.08,192000,-12800,19-APR-2021,
OPTSTK,NAM-INDIA,29-Apr-2021,355,CE,3.4,3.4,1.5,1.5,3.4,3,17.16,9600,-1600,19-APR-2021,
OPTSTK,NAM-INDIA,29-Apr-2021,360,CE,1.8,1.9,1,1.35,1.35,39,225.57,195200,-17600,19-APR-2021,
OPTSTK,NAM-INDIA,29-Apr-2021,365,CE,0,0,0,2.1,2,0,0,25600,0,19-APR-2021,
OPTSTK,NAM-INDIA,29-Apr-2021,370,CE,0.7,1,0.65,0.85,0.85,22,130.52,214400,-8000,19-APR-2021,
OPTSTK,NAM-INDIA,29-Apr-2021,375,CE,0,0,0,4.9,1.15,0,0,0,0,19-APR-2021,
OPTSTK,NAM-INDIA,29-Apr-2021,380,CE,1,1,1,1,0.85,1,6.09,33600,0,19-APR-2021,
OPTSTK,NAM-INDIA,29-Apr-2021,385,CE,0,0,0,0.05,0.6,0,0,0,0,19-APR-2021,
OPTSTK,NAM-INDIA,29-Apr-2021,390,CE,0.6,0.6,0.6,0.6,0.45,1,6.24,20800,-1600,19-APR-2021,
OPTSTK,NAM-INDIA,29-Apr-2021,395,CE,0,0,0,0.05,0.35,0,0,0,0,19-APR-2021,
OPTSTK,NAM-INDIA,29-Apr-2021,400,CE,0.4,0.45,0.3,0.3,0.25,17,108.9,136000,-22400,19-APR-2021,
OPTSTK,NAM-INDIA,29-Apr-2021,405,CE,0,0,0,0.05,0.15,0,0,0,0,19-APR-2021,
OPTSTK,NAM-INDIA,29-Apr-2021,410,CE,0.3,0.3,0.3,0.3,0.3,1,6.56,1600,-1600,19-APR-2021,
OPTSTK,NAM-INDIA,29-Apr-2021,415,CE,0,0,0,1,0.1,0,0,1600,0,19-APR-2021,
OPTSTK,NAM-INDIA,29-Apr-2021,420,CE,0,0,0,0.05,0.05,0,0,0,0,19-APR-2021,
OPTSTK,NAM-INDIA,29-Apr-2021,425,CE,0,0,0,0.05,0.05,0,0,1600,0,19-APR-2021,
OPTSTK,NAM-INDIA,29-Apr-2021,430,CE,0,0,0,0.05,0.05,0,0,0,0,19-APR-2021,
OPTSTK,NAM-INDIA,29-Apr-2021,255,PE,0,0,0,0.05,0.05,0,0,0,0,19-APR-2021,
OPTSTK,NAM-INDIA,29-Apr-2021,260,PE,0,0,0,0.05,0.1,0,0,0,0,19-APR-2021,
OPTSTK,NAM-INDIA,29-Apr-2021,265,PE,0,0,0,0.05,0.2,0,0,0,0,19-APR-2021,
OPTSTK,NAM-INDIA,29-Apr-2021,270,PE,0,0,0,0.05,0.3,0,0,0,0,19-APR-2021,
OPTSTK,NAM-INDIA,29-Apr-2021,275,PE,0,0,0,0.05,0.5,0,0,0,0,19-APR-2021,
OPTSTK,NAM-INDIA,29-Apr-2021,280,PE,0,0,0,0.05,0.8,0,0,0,0,19-APR-2021,
OPTSTK,NAM-INDIA,29-Apr-2021,285,PE,0,0,0,0.05,1.2,0,0,0,0,19-APR-2021,
OPTSTK,NAM-INDIA,29-Apr-2021,290,PE,0,0,0,0.05,1.75,0,0,0,0,19-APR-2021,
OPTSTK,NAM-INDIA,29-Apr-2021,295,PE,0,0,0,0.05,2.5,0,0,0,0,19-APR-2021,
OPTSTK,NAM-INDIA,29-Apr-2021,300,PE,0,0,0,1.05,3.45,0,0,60800,0,19-APR-2021,
OPTSTK,NAM-INDIA,29-Apr-2021,305,PE,0,0,0,0.05,4.65,0,0,0,0,19-APR-2021,
OPTSTK,NAM-INDIA,29-Apr-2021,310,PE,0,0,0,3.25,6.1,0,0,11200,0,19-APR-2021,
OPTSTK,NAM-INDIA,29-Apr-2021,315,PE,0,0,0,2.6,7.9,0,0,20800,0,19-APR-2021,
OPTSTK,NAM-INDIA,29-Apr-2021,320,PE,6.25,7.1,6,7.1,7.1,7,36.55,70400,1600,19-APR-2021,
OPTSTK,NAM-INDIA,29-Apr-2021,325,PE,0,0,0,12.2,12.35,0,0,1600,0,19-APR-2021,
OPTSTK,NAM-INDIA,29-Apr-2021,330,PE,13.5,13.5,9.7,11.55,11.55,7,38.22,24000,-1600,19-APR-2021,
OPTSTK,NAM-INDIA,29-Apr-2021,335,PE,0,0,0,0.05,18.1,0,0,0,0,19-APR-2021,
OPTSTK,NAM-INDIA,29-Apr-2021,340,PE,0,0,0,10,21.4,0,0,17600,0,19-APR-2021,
OPTSTK,NAM-INDIA,29-Apr-2021,345,PE,0,0,0,2.2,25,0,0,0,0,19-APR-2021,
OPTSTK,NAM-INDIA,29-Apr-2021,350,PE,0,0,0,17.85,28.8,0,0,64000,0,19-APR-2021,
OPTSTK,NAM-INDIA,29-Apr-2021,355,PE,0,0,0,12.15,32.85,0,0,0,0,19-APR-2021,
OPTSTK,NAM-INDIA,29-Apr-2021,360,PE,0,0,0,36.1,37.05,0,0,6400,0,19-APR-2021,
OPTSTK,NAM-INDIA,29-Apr-2021,365,PE,0,0,0,19.3,41.45,0,0,1600,0,19-APR-2021,
OPTSTK,NAM-INDIA,29-Apr-2021,370,PE,0,0,0,26.25,45.95,0,0,3200,0,19-APR-2021,
OPTSTK,NAM-INDIA,29-Apr-2021,375,PE,0,0,0,32,50.55,0,0,0,0,19-APR-2021,
OPTSTK,NAM-INDIA,29-Apr-2021,380,PE,0,0,0,36.95,55.25,0,0,0,0,19-APR-2021,
OPTSTK,NAM-INDIA,29-Apr-2021,385,PE,0,0,0,41.95,60.05,0,0,0,0,19-APR-2021,
OPTSTK,NAM-INDIA,29-Apr-2021,390,PE,0,0,0,46.9,64.85,0,0,0,0,19-APR-2021,
OPTSTK,NAM-INDIA,29-Apr-2021,395,PE,0,0,0,51.85,69.75,0,0,0,0,19-APR-2021,
OPTSTK,NAM-INDIA,29-Apr-2021,400,PE,0,0,0,56.85,74.65,0,0,0,0,19-APR-2021,
OPTSTK,NAM-INDIA,29-Apr-2021,405,PE,0,0,0,61.8,79.55,0,0,0,0,19-APR-2021,
OPTSTK,NAM-INDIA,29-Apr-2021,410,PE,0,0,0,66.75,84.5,0,0,0,0,19-APR-2021,
OPTSTK,NAM-INDIA,29-Apr-2021,415,PE,0,0,0,71.75,89.5,0,0,0,0,19-APR-2021,
OPTSTK,NAM-INDIA,29-Apr-2021,420,PE,0,0,0,76.7,94.45,0,0,0,0,19-APR-2021,
OPTSTK,NAM-INDIA,29-Apr-2021,425,PE,0,0,0,81.7,99.45,0,0,0,0,19-APR-2021,
OPTSTK,NAM-INDIA,29-Apr-2021,430,PE,0,0,0,86.65,104.4,0,0,0,0,19-APR-2021,
OPTSTK,NAM-INDIA,27-May-2021,255,CE,0,0,0,88,73.7,0,0,0,0,19-APR-2021,
OPTSTK,NAM-INDIA,27-May-2021,260,CE,0,0,0,83.05,69.35,0,0,0,0,19-APR-2021,
OPTSTK,NAM-INDIA,27-May-2021,265,CE,0,0,0,78.1,65.05,0,0,0,0,19-APR-2021,
OPTSTK,NAM-INDIA,27-May-2021,270,CE,0,0,0,73.15,60.95,0,0,0,0,19-APR-2021,
OPTSTK,NAM-INDIA,27-May-2021,275,CE,0,0,0,68.2,56.95,0,0,0,0,19-APR-2021,
OPTSTK,NAM-INDIA,27-May-2021,280,CE,0,0,0,63.25,53.05,0,0,0,0,19-APR-2021,
OPTSTK,NAM-INDIA,27-May-2021,285,CE,0,0,0,58.25,49.35,0,0,0,0,19-APR-2021,
OPTSTK,NAM-INDIA,27-May-2021,290,CE,0,0,0,53.3,45.75,0,0,0,0,19-APR-2021,
OPTSTK,NAM-INDIA,27-May-2021,295,CE,0,0,0,48.35,42.35,0,0,0,0,19-APR-2021,
OPTSTK,NAM-INDIA,27-May-2021,300,CE,0,0,0,43.4,39.1,0,0,0,0,19-APR-2021,
OPTSTK,NAM-INDIA,27-May-2021,305,CE,0,0,0,38.45,36,0,0,0,0,19-APR-2021,
OPTSTK,NAM-INDIA,27-May-2021,310,CE,0,0,0,33.5,33.05,0,0,0,0,19-APR-2021,
OPTSTK,NAM-INDIA,27-May-2021,315,CE,0,0,0,28.55,30.3,0,0,0,0,19-APR-2021,
OPTSTK,NAM-INDIA,27-May-2021,320,CE,0,0,0,23.6,27.7,0,0,0,0,19-APR-2021,
OPTSTK,NAM-INDIA,27-May-2021,325,CE,0,0,0,18.65,25.3,0,0,0,0,19-APR-2021,
OPTSTK,NAM-INDIA,27-May-2021,330,CE,0,0,0,13.7,23,0,0,0,0,19-APR-2021,
OPTSTK,NAM-INDIA,27-May-2021,335,CE,0,0,0,8.75,20.9,0,0,0,0,19-APR-2021,
OPTSTK,NAM-INDIA,27-May-2021,340,CE,0,0,0,3.8,18.95,0,0,0,0,19-APR-2021,
OPTSTK,NAM-INDIA,27-May-2021,345,CE,0,0,0,0.1,17.15,0,0,0,0,19-APR-2021,
OPTSTK,NAM-INDIA,27-May-2021,350,CE,0,0,0,0.05,15.45,0,0,0,0,19-APR-2021,
OPTSTK,NAM-INDIA,27-May-2021,355,CE,0,0,0,0.05,13.9,0,0,0,0,19-APR-2021,
OPTSTK,NAM-INDIA,27-May-2021,360,CE,0,0,0,18.65,12.5,0,0,30400,0,19-APR-2021,
OPTSTK,NAM-INDIA,27-May-2021,365,CE,0,0,0,0.05,11.25,0,0,0,0,19-APR-2021,
OPTSTK,NAM-INDIA,27-May-2021,370,CE,0,0,0,15.05,10.05,0,0,1600,0,19-APR-2021,
OPTSTK,NAM-INDIA,27-May-2021,375,CE,0,0,0,0.05,9,0,0,0,0,19-APR-2021,
OPTSTK,NAM-INDIA,27-May-2021,380,CE,0,0,0,0.05,8,0,0,0,0,19-APR-2021,
OPTSTK,NAM-INDIA,27-May-2021,385,CE,0,0,0,0.05,7.15,0,0,0,0,19-APR-2021,
OPTSTK,NAM-INDIA,27-May-2021,390,CE,0,0,0,0.05,6.35,0,0,0,0,19-APR-2021,
OPTSTK,NAM-INDIA,27-May-2021,395,CE,0,0,0,0.05,5.65,0,0,0,0,19-APR-2021,
OPTSTK,NAM-INDIA,27-May-2021,400,CE,0,0,0,0.05,5,0,0,0,0,19-APR-2021,
OPTSTK,NAM-INDIA,27-May-2021,405,CE,0,0,0,0.05,4.4,0,0,0,0,19-APR-2021,
OPTSTK,NAM-INDIA,27-May-2021,410,CE,0,0,0,0.05,3.9,0,0,0,0,19-APR-2021,
OPTSTK,NAM-INDIA,27-May-2021,415,CE,0,0,0,0.05,3.45,0,0,0,0,19-APR-2021,
OPTSTK,NAM-INDIA,27-May-2021,420,CE,0,0,0,0.05,3.05,0,0,0,0,19-APR-2021,
OPTSTK,NAM-INDIA,27-May-2021,425,CE,0,0,0,0.05,2.65,0,0,0,0,19-APR-2021,
OPTSTK,NAM-INDIA,27-May-2021,430,CE,0,0,0,0.05,2.35,0,0,0,0,19-APR-2021,
OPTSTK,NAM-INDIA,27-May-2021,255,PE,0,0,0,0.05,2.5,0,0,0,0,19-APR-2021,
OPTSTK,NAM-INDIA,27-May-2021,260,PE,0,0,0,0.05,3.1,0,0,0,0,19-APR-2021,
OPTSTK,NAM-INDIA,27-May-2021,265,PE,0,0,0,0.05,3.85,0,0,0,0,19-APR-2021,
OPTSTK,NAM-INDIA,27-May-2021,270,PE,0,0,0,0.05,4.7,0,0,0,0,19-APR-2021,
OPTSTK,NAM-INDIA,27-May-2021,275,PE,0,0,0,0.05,5.65,0,0,0,0,19-APR-2021,
OPTSTK,NAM-INDIA,27-May-2021,280,PE,0,0,0,0.05,6.8,0,0,0,0,19-APR-2021,
OPTSTK,NAM-INDIA,27-May-2021,285,PE,0,0,0,0.05,8.05,0,0,0,0,19-APR-2021,
OPTSTK,NAM-INDIA,27-May-2021,290,PE,0,0,0,0.05,9.45,0,0,0,0,19-APR-2021,
OPTSTK,NAM-INDIA,27-May-2021,295,PE,0,0,0,0.05,11,0,0,0,0,19-APR-2021,
OPTSTK,NAM-INDIA,27-May-2021,300,PE,0,0,0,0.05,12.7,0,0,0,0,19-APR-2021,
OPTSTK,NAM-INDIA,27-May-2021,305,PE,0,0,0,0.05,14.6,0,0,0,0,19-APR-2021,
OPTSTK,NAM-INDIA,27-May-2021,310,PE,0,0,0,0.05,16.65,0,0,0,0,19-APR-2021,
OPTSTK,NAM-INDIA,27-May-2021,315,PE,0,0,0,0.05,18.9,0,0,0,0,19-APR-2021,
OPTSTK,NAM-INDIA,27-May-2021,320,PE,0,0,0,0.05,21.25,0,0,0,0,19-APR-2021,
OPTSTK,NAM-INDIA,27-May-2021,325,PE,0,0,0,0.05,23.8,0,0,0,0,19-APR-2021,
OPTSTK,NAM-INDIA,27-May-2021,330,PE,0,0,0,0.05,26.55,0,0,0,0,19-APR-2021,
OPTSTK,NAM-INDIA,27-May-2021,335,PE,0,0,0,0.05,29.4,0,0,0,0,19-APR-2021,
OPTSTK,NAM-INDIA,27-May-2021,340,PE,0,0,0,0.05,32.4,0,0,0,0,19-APR-2021,
OPTSTK,NAM-INDIA,27-May-2021,345,PE,0,0,0,1.25,35.6,0,0,0,0,19-APR-2021,
OPTSTK,NAM-INDIA,27-May-2021,350,PE,0,0,0,6.15,38.9,0,0,0,0,19-APR-2021,
OPTSTK,NAM-INDIA,27-May-2021,355,PE,0,0,0,11.1,42.35,0,0,0,0,19-APR-2021,
OPTSTK,NAM-INDIA,27-May-2021,360,PE,0,0,0,16.05,45.9,0,0,0,0,19-APR-2021,
OPTSTK,NAM-INDIA,27-May-2021,365,PE,0,0,0,21,49.6,0,0,0,0,19-APR-2021,
OPTSTK,NAM-INDIA,27-May-2021,370,PE,0,0,0,26,53.4,0,0,0,0,19-APR-2021,
OPTSTK,NAM-INDIA,27-May-2021,375,PE,0,0,0,30.95,57.35,0,0,0,0,19-APR-2021,
OPTSTK,NAM-INDIA,27-May-2021,380,PE,0,0,0,35.9,61.35,0,0,0,0,19-APR-2021,
OPTSTK,NAM-INDIA,27-May-2021,385,PE,0,0,0,40.85,65.45,0,0,0,0,19-APR-2021,
OPTSTK,NAM-INDIA,27-May-2021,390,PE,0,0,0,45.8,69.65,0,0,0,0,19-APR-2021,
OPTSTK,NAM-INDIA,27-May-2021,395,PE,0,0,0,50.75,73.9,0,0,0,0,19-APR-2021,
OPTSTK,NAM-INDIA,27-May-2021,400,PE,0,0,0,55.7,78.25,0,0,0,0,19-APR-2021,
OPTSTK,NAM-INDIA,27-May-2021,405,PE,0,0,0,60.65,82.65,0,0,0,0,19-APR-2021,
OPTSTK,NAM-INDIA,27-May-2021,410,PE,0,0,0,65.6,87.1,0,0,0,0,19-APR-2021,
OPTSTK,NAM-INDIA,27-May-2021,415,PE,0,0,0,70.55,91.6,0,0,0,0,19-APR-2021,
OPTSTK,NAM-INDIA,27-May-2021,420,PE,0,0,0,75.5,96.2,0,0,0,0,19-APR-2021,
OPTSTK,NAM-INDIA,27-May-2021,425,PE,0,0,0,80.45,100.8,0,0,0,0,19-APR-2021,
OPTSTK,NAM-INDIA,27-May-2021,430,PE,0,0,0,85.4,105.45,0,0,0,0,19-APR-2021,
OPTSTK,NAM-INDIA,24-Jun-2021,255,CE,0,0,0,83.45,77.9,0,0,0,0,19-APR-2021,
OPTSTK,NAM-INDIA,24-Jun-2021,260,CE,0,0,0,79.7,73.95,0,0,0,0,19-APR-2021,
OPTSTK,NAM-INDIA,24-Jun-2021,265,CE,0,0,0,76.05,70.1,0,0,0,0,19-APR-2021,
OPTSTK,NAM-INDIA,24-Jun-2021,270,CE,0,0,0,72.5,66.35,0,0,0,0,19-APR-2021,
OPTSTK,NAM-INDIA,24-Jun-2021,275,CE,0,0,0,69.1,62.75,0,0,0,0,19-APR-2021,
OPTSTK,NAM-INDIA,24-Jun-2021,280,CE,0,0,0,65.75,59.25,0,0,0,0,19-APR-2021,
OPTSTK,NAM-INDIA,24-Jun-2021,285,CE,0,0,0,62.55,55.85,0,0,0,0,19-APR-2021,
OPTSTK,NAM-INDIA,24-Jun-2021,290,CE,0,0,0,59.4,52.6,0,0,0,0,19-APR-2021,
OPTSTK,NAM-INDIA,24-Jun-2021,295,CE,0,0,0,56.45,49.5,0,0,0,0,19-APR-2021,
OPTSTK,NAM-INDIA,24-Jun-2021,300,CE,0,0,0,53.55,46.5,0,0,0,0,19-APR-2021,
OPTSTK,NAM-INDIA,24-Jun-2021,305,CE,0,0,0,50.8,43.65,0,0,0,0,19-APR-2021,
OPTSTK,NAM-INDIA,24-Jun-2021,310,CE,0,0,0,48.1,40.9,0,0,0,0,19-APR-2021,
OPTSTK,NAM-INDIA,24-Jun-2021,315,CE,0,0,0,45.55,38.3,0,0,0,0,19-APR-2021,
OPTSTK,NAM-INDIA,24-Jun-2021,320,CE,0,0,0,43.1,35.85,0,0,0,0,19-APR-2021,
OPTSTK,NAM-INDIA,24-Jun-2021,325,CE,0,0,0,40.75,33.5,0,0,0,0,19-APR-2021,
OPTSTK,NAM-INDIA,24-Jun-2021,330,CE,0,0,0,38.5,31.25,0,0,0,0,19-APR-2021,
OPTSTK,NAM-INDIA,24-Jun-2021,335,CE,0,0,0,36.4,29.15,0,0,0,0,19-APR-2021,
OPTSTK,NAM-INDIA,24-Jun-2021,340,CE,0,0,0,34.35,27.15,0,0,0,0,19-APR-2021,
OPTSTK,NAM-INDIA,24-Jun-2021,345,CE,0,0,0,32.4,25.25,0,0,0,0,19-APR-2021,
OPTSTK,NAM-INDIA,24-Jun-2021,350,CE,0,0,0,30.55,23.45,0,0,0,0,19-APR-2021,
OPTSTK,NAM-INDIA,24-Jun-2021,355,CE,0,0,0,28.75,21.8,0,0,0,0,19-APR-2021,
OPTSTK,NAM-INDIA,24-Jun-2021,360,CE,0,0,0,27.1,20.2,0,0,0,0,19-APR-2021,
OPTSTK,NAM-INDIA,24-Jun-2021,365,CE,0,0,0,25.5,18.75,0,0,0,0,19-APR-2021,
OPTSTK,NAM-INDIA,24-Jun-2021,370,CE,0,0,0,24,17.35,0,0,0,0,19-APR-2021,
OPTSTK,NAM-INDIA,24-Jun-2021,375,CE,0,0,0,22.55,16.05,0,0,0,0,19-APR-2021,
OPTSTK,NAM-INDIA,24-Jun-2021,380,CE,0,0,0,21.2,14.85,0,0,0,0,19-APR-2021,
OPTSTK,NAM-INDIA,24-Jun-2021,385,CE,0,0,0,19.9,13.75,0,0,0,0,19-APR-2021,
OPTSTK,NAM-INDIA,24-Jun-2021,390,CE,0,0,0,18.7,12.7,0,0,0,0,19-APR-2021,
OPTSTK,NAM-INDIA,24-Jun-2021,395,CE,0,0,0,17.55,11.7,0,0,0,0,19-APR-2021,
OPTSTK,NAM-INDIA,24-Jun-2021,400,CE,0,0,0,16.5,10.8,0,0,0,0,19-APR-2021,
OPTSTK,NAM-INDIA,24-Jun-2021,405,CE,0,0,0,15.45,9.95,0,0,0,0,19-APR-2021,
OPTSTK,NAM-INDIA,24-Jun-2021,410,CE,0,0,0,14.5,9.15,0,0,0,0,19-APR-2021,
OPTSTK,NAM-INDIA,24-Jun-2021,415,CE,0,0,0,13.6,8.4,0,0,0,0,19-APR-2021,
OPTSTK,NAM-INDIA,24-Jun-2021,420,CE,0,0,0,12.7,7.75,0,0,0,0,19-APR-2021,
OPTSTK,NAM-INDIA,24-Jun-2021,425,CE,0,0,0,11.9,7.1,0,0,0,0,19-APR-2021,
OPTSTK,NAM-INDIA,24-Jun-2021,430,CE,0,0,0,11.15,6.55,0,0,0,0,19-APR-2021,
OPTSTK,NAM-INDIA,24-Jun-2021,255,PE,0,0,0,8.85,6,0,0,0,0,19-APR-2021,
OPTSTK,NAM-INDIA,24-Jun-2021,260,PE,0,0,0,10.1,7,0,0,0,0,19-APR-2021,
OPTSTK,NAM-INDIA,24-Jun-2021,265,PE,0,0,0,11.4,8.1,0,0,0,0,19-APR-2021,
OPTSTK,NAM-INDIA,24-Jun-2021,270,PE,0,0,0,12.8,9.35,0,0,0,0,19-APR-2021,
OPTSTK,NAM-INDIA,24-Jun-2021,275,PE,0,0,0,14.3,10.7,0,0,0,0,19-APR-2021,
OPTSTK,NAM-INDIA,24-Jun-2021,280,PE,0,0,0,15.95,12.15,0,0,0,0,19-APR-2021,
OPTSTK,NAM-INDIA,24-Jun-2021,285,PE,0,0,0,17.65,13.75,0,0,0,0,19-APR-2021,
OPTSTK,NAM-INDIA,24-Jun-2021,290,PE,0,0,0,19.5,15.45,0,0,0,0,19-APR-2021,
OPTSTK,NAM-INDIA,24-Jun-2021,295,PE,0,0,0,21.5,17.3,0,0,0,0,19-APR-2021,
OPTSTK,NAM-INDIA,24-Jun-2021,300,PE,0,0,0,23.55,19.3,0,0,0,0,19-APR-2021,
OPTSTK,NAM-INDIA,24-Jun-2021,305,PE,0,0,0,25.75,21.4,0,0,0,0,19-APR-2021,
OPTSTK,NAM-INDIA,24-Jun-2021,310,PE,0,0,0,28.05,23.6,0,0,0,0,19-APR-2021,
OPTSTK,NAM-INDIA,24-Jun-2021,315,PE,0,0,0,30.45,26,0,0,0,0,19-APR-2021,
OPTSTK,NAM-INDIA,24-Jun-2021,320,PE,0,0,0,32.95,28.45,0,0,0,0,19-APR-2021,
OPTSTK,NAM-INDIA,24-Jun-2021,325,PE,0,0,0,35.55,31.1,0,0,0,0,19-APR-2021,
OPTSTK,NAM-INDIA,24-Jun-2021,330,PE,0,0,0,38.25,33.8,0,0,0,0,19-APR-2021,
OPTSTK,NAM-INDIA,24-Jun-2021,335,PE,0,0,0,41.05,36.65,0,0,0,0,19-APR-2021,
OPTSTK,NAM-INDIA,24-Jun-2021,340,PE,0,0,0,43.95,39.65,0,0,0,0,19-APR-2021,
OPTSTK,NAM-INDIA,24-Jun-2021,345,PE,0,0,0,47,42.7,0,0,0,0,19-APR-2021,
OPTSTK,NAM-INDIA,24-Jun-2021,350,PE,0,0,0,50.05,45.9,0,0,0,0,19-APR-2021,
OPTSTK,NAM-INDIA,24-Jun-2021,355,PE,0,0,0,53.25,49.2,0,0,0,0,19-APR-2021,
OPTSTK,NAM-INDIA,24-Jun-2021,360,PE,0,0,0,56.55,52.6,0,0,0,0,19-APR-2021,
OPTSTK,NAM-INDIA,24-Jun-2021,365,PE,0,0,0,59.9,56.05,0,0,0,0,19-APR-2021,
OPTSTK,NAM-INDIA,24-Jun-2021,370,PE,0,0,0,63.35,59.65,0,0,0,0,19-APR-2021,
OPTSTK,NAM-INDIA,24-Jun-2021,375,PE,0,0,0,66.85,63.35,0,0,0,0,19-APR-2021,
OPTSTK,NAM-INDIA,24-Jun-2021,380,PE,0,0,0,70.45,67.1,0,0,0,0,19-APR-2021,
OPTSTK,NAM-INDIA,24-Jun-2021,385,PE,0,0,0,74.15,70.95,0,0,0,0,19-APR-2021,
OPTSTK,NAM-INDIA,24-Jun-2021,390,PE,0,0,0,77.9,74.85,0,0,0,0,19-APR-2021,
OPTSTK,NAM-INDIA,24-Jun-2021,395,PE,0,0,0,81.7,78.85,0,0,0,0,19-APR-2021,
OPTSTK,NAM-INDIA,24-Jun-2021,400,PE,0,0,0,85.55,82.9,0,0,0,0,19-APR-2021,
OPTSTK,NAM-INDIA,24-Jun-2021,405,PE,0,0,0,89.5,87,0,0,0,0,19-APR-2021,
OPTSTK,NAM-INDIA,24-Jun-2021,410,PE,0,0,0,93.5,91.2,0,0,0,0,19-APR-2021,
OPTSTK,NAM-INDIA,24-Jun-2021,415,PE,0,0,0,97.55,95.4,0,0,0,0,19-APR-2021,
OPTSTK,NAM-INDIA,24-Jun-2021,420,PE,0,0,0,101.6,99.7,0,0,0,0,19-APR-2021,
OPTSTK,NAM-INDIA,24-Jun-2021,425,PE,0,0,0,105.75,104.05,0,0,0,0,19-APR-2021,
OPTSTK,NAM-INDIA,24-Jun-2021,430,PE,0,0,0,109.95,108.45,0,0,0,0,19-APR-2021,
OPTSTK,NATIONALUM,29-Apr-2021,29,CE,0,0,0,18.4,28.35,0,0,0,0,19-APR-2021,
OPTSTK,NATIONALUM,29-Apr-2021,30,CE,0,0,0,17.45,27.35,0,0,0,0,19-APR-2021,
OPTSTK,NATIONALUM,29-Apr-2021,31,CE,0,0,0,16.5,26.35,0,0,0,0,19-APR-2021,
OPTSTK,NATIONALUM,29-Apr-2021,32,CE,0,0,0,15.6,25.35,0,0,0,0,19-APR-2021,
OPTSTK,NATIONALUM,29-Apr-2021,33,CE,0,0,0,14.7,24.35,0,0,0,0,19-APR-2021,
OPTSTK,NATIONALUM,29-Apr-2021,34,CE,0,0,0,13.8,23.35,0,0,0,0,19-APR-2021,
OPTSTK,NATIONALUM,29-Apr-2021,35,CE,0,0,0,12.95,22.35,0,0,0,0,19-APR-2021,
OPTSTK,NATIONALUM,29-Apr-2021,36,CE,0,0,0,12.1,21.35,0,0,0,0,19-APR-2021,
OPTSTK,NATIONALUM,29-Apr-2021,37,CE,0,0,0,11.3,20.35,0,0,0,0,19-APR-2021,
OPTSTK,NATIONALUM,29-Apr-2021,38,CE,0,0,0,10.55,19.35,0,0,0,0,19-APR-2021,
OPTSTK,NATIONALUM,29-Apr-2021,39,CE,0,0,0,9.8,18.35,0,0,0,0,19-APR-2021,
OPTSTK,NATIONALUM,29-Apr-2021,40,CE,0,0,0,9.1,17.35,0,0,0,0,19-APR-2021,
OPTSTK,NATIONALUM,29-Apr-2021,41,CE,0,0,0,8.4,16.35,0,0,0,0,19-APR-2021,
OPTSTK,NATIONALUM,29-Apr-2021,42,CE,0,0,0,7.75,15.35,0,0,0,0,19-APR-2021,
OPTSTK,NATIONALUM,29-Apr-2021,43,CE,0,0,0,7.15,14.35,0,0,0,0,19-APR-2021,
OPTSTK,NATIONALUM,29-Apr-2021,44,CE,0,0,0,6.55,13.35,0,0,0,0,19-APR-2021,
OPTSTK,NATIONALUM,29-Apr-2021,45,CE,0,0,0,6.05,12.35,0,0,0,0,19-APR-2021,
OPTSTK,NATIONALUM,29-Apr-2021,46,CE,0,0,0,5.5,11.4,0,0,0,0,19-APR-2021,
OPTSTK,NATIONALUM,29-Apr-2021,47,CE,0,0,0,5.05,10.4,0,0,0,0,19-APR-2021,
OPTSTK,NATIONALUM,29-Apr-2021,48,CE,0,0,0,4.6,9.4,0,0,0,0,19-APR-2021,
OPTSTK,NATIONALUM,29-Apr-2021,49,CE,0,0,0,4.2,8.45,0,0,0,0,19-APR-2021,
OPTSTK,NATIONALUM,29-Apr-2021,50,CE,7.55,7.9,7.55,7.6,7.5,3,29.41,459000,17000,19-APR-2021,
OPTSTK,NATIONALUM,29-Apr-2021,51,CE,0,0,0,10.25,6.6,0,0,170000,0,19-APR-2021,
OPTSTK,NATIONALUM,29-Apr-2021,52,CE,5.7,5.7,5.7,5.7,5.7,1,9.8,221000,17000,19-APR-2021,
OPTSTK,NATIONALUM,29-Apr-2021,53,CE,4.6,5.55,4.6,5.25,5.25,4,39.44,323000,-17000,19-APR-2021,
OPTSTK,NATIONALUM,29-Apr-2021,54,CE,4.4,4.65,3.6,4.1,4.1,13,128.74,459000,-51000,19-APR-2021,
OPTSTK,NATIONALUM,29-Apr-2021,55,CE,2.9,4.15,2.55,3.45,3.45,26,258.41,2533000,68000,19-APR-2021,
OPTSTK,NATIONALUM,29-Apr-2021,56,CE,2.1,5.2,2.1,2.95,2.95,18,180.48,799000,-51000,19-APR-2021,
OPTSTK,NATIONALUM,29-Apr-2021,57,CE,1.8,2.95,1.7,2.4,2.4,191,1930.78,1343000,391000,19-APR-2021,
OPTSTK,NATIONALUM,29-Apr-2021,58,CE,2.5,2.5,1.25,1.9,1.9,198,2016.61,1649000,85000,19-APR-2021,
OPTSTK,NATIONALUM,29-Apr-2021,59,CE,1.35,2.05,1.15,1.55,1.55,151,1556.23,1479000,629000,19-APR-2021,
OPTSTK,NATIONALUM,29-Apr-2021,60,CE,1.35,1.85,0.9,1.3,1.3,735,7664.79,11305000,3162000,19-APR-2021,
OPTSTK,NATIONALUM,29-Apr-2021,61,CE,0.95,1.3,0.75,1,1,158,1667.07,1547000,17000,19-APR-2021,
OPTSTK,NATIONALUM,29-Apr-2021,62,CE,0.8,1.2,0.6,0.8,0.8,212,2264.29,2142000,34000,19-APR-2021,
OPTSTK,NATIONALUM,29-Apr-2021,63,CE,0.75,0.85,0.5,0.65,0.65,102,1104.16,1190000,-17000,19-APR-2021,
OPTSTK,NATIONALUM,29-Apr-2021,64,CE,0.4,0.7,0.4,0.5,0.5,56,614.34,1598000,187000,19-APR-2021,
OPTSTK,NATIONALUM,29-Apr-2021,65,CE,0.4,0.55,0.3,0.4,0.4,261,2902.97,6477000,17000,19-APR-2021,
OPTSTK,NATIONALUM,29-Apr-2021,66,CE,0.15,0.4,0.15,0.35,0.35,56,631.47,1360000,119000,19-APR-2021,
OPTSTK,NATIONALUM,29-Apr-2021,67,CE,0.45,0.45,0.25,0.3,0.1,19,217.39,714000,0,19-APR-2021,
OPTSTK,NATIONALUM,29-Apr-2021,68,CE,0.25,0.25,0.2,0.2,0.1,3,34.79,612000,-34000,19-APR-2021,
OPTSTK,NATIONALUM,29-Apr-2021,69,CE,0.15,0.2,0.15,0.2,0.05,8,94.07,289000,-51000,19-APR-2021,
OPTSTK,NATIONALUM,29-Apr-2021,70,CE,0.2,0.2,0.15,0.15,0.15,93,1109.16,3723000,-289000,19-APR-2021,
OPTSTK,NATIONALUM,29-Apr-2021,71,CE,0.1,0.15,0.1,0.15,0.05,10,120.91,612000,-17000,19-APR-2021,
OPTSTK,NATIONALUM,29-Apr-2021,72,CE,0,0,0,0.8,0.05,0,0,0,0,19-APR-2021,
OPTSTK,NATIONALUM,29-Apr-2021,29,PE,0,0,0,0.1,0,0,0,0,0,19-APR-2021,
OPTSTK,NATIONALUM,29-Apr-2021,30,PE,0,0,0,0.05,0,0,0,34000,0,19-APR-2021,
OPTSTK,NATIONALUM,29-Apr-2021,31,PE,0,0,0,0.1,0,0,0,17000,0,19-APR-2021,
OPTSTK,NATIONALUM,29-Apr-2021,32,PE,0,0,0,0.3,0,0,0,0,0,19-APR-2021,
OPTSTK,NATIONALUM,29-Apr-2021,33,PE,0,0,0,0.4,0,0,0,0,0,19-APR-2021,
OPTSTK,NATIONALUM,29-Apr-2021,34,PE,0,0,0,0.1,0,0,0,34000,0,19-APR-2021,
OPTSTK,NATIONALUM,29-Apr-2021,35,PE,0,0,0,0.1,0,0,0,51000,0,19-APR-2021,
OPTSTK,NATIONALUM,29-Apr-2021,36,PE,0,0,0,0.1,0,0,0,85000,0,19-APR-2021,
OPTSTK,NATIONALUM,29-Apr-2021,37,PE,0,0,0,1,0,0,0,0,0,19-APR-2021,
OPTSTK,NATIONALUM,29-Apr-2021,38,PE,0,0,0,1.2,0,0,0,0,0,19-APR-2021,
OPTSTK,NATIONALUM,29-Apr-2021,39,PE,0,0,0,0.1,0,0,0,51000,0,19-APR-2021,
OPTSTK,NATIONALUM,29-Apr-2021,40,PE,0.05,0.05,0.05,0.05,0,1,6.8,425000,-17000,19-APR-2021,
OPTSTK,NATIONALUM,29-Apr-2021,41,PE,0,0,0,2.05,0,0,0,0,0,19-APR-2021,
OPTSTK,NATIONALUM,29-Apr-2021,42,PE,0.25,1.5,0.1,0.1,0,9,65.2,51000,51000,19-APR-2021,
OPTSTK,NATIONALUM,29-Apr-2021,43,PE,0,0,0,2.75,0,0,0,0,0,19-APR-2021,
OPTSTK,NATIONALUM,29-Apr-2021,44,PE,0,0,0,1.1,0,0,0,0,0,19-APR-2021,
OPTSTK,NATIONALUM,29-Apr-2021,45,PE,0.1,0.1,0.1,0.1,0,12,92,1479000,17000,19-APR-2021,
OPTSTK,NATIONALUM,29-Apr-2021,46,PE,0.1,0.1,0.1,0.1,0.05,3,23.51,1156000,0,19-APR-2021,
OPTSTK,NATIONALUM,29-Apr-2021,47,PE,0,0,0,0.4,0.05,0,0,68000,0,19-APR-2021,
OPTSTK,NATIONALUM,29-Apr-2021,48,PE,0.1,0.15,0.1,0.1,0.05,11,89.95,952000,-34000,19-APR-2021,
OPTSTK,NATIONALUM,29-Apr-2021,49,PE,0.15,0.2,0.15,0.15,0.1,13,108.63,544000,34000,19-APR-2021,
OPTSTK,NATIONALUM,29-Apr-2021,50,PE,0.25,0.35,0.15,0.2,0.2,275,2347.69,3723000,-85000,19-APR-2021,
OPTSTK,NATIONALUM,29-Apr-2021,51,PE,0.25,0.35,0.25,0.3,0.3,54,470.96,799000,221000,19-APR-2021,
OPTSTK,NATIONALUM,29-Apr-2021,52,PE,0.45,0.5,0.35,0.35,0.35,63,561.29,1071000,-34000,19-APR-2021,
OPTSTK,NATIONALUM,29-Apr-2021,53,PE,0.6,0.65,0.45,0.55,0.55,57,518.74,1122000,153000,19-APR-2021,
OPTSTK,NATIONALUM,29-Apr-2021,54,PE,0.55,1,0.45,0.75,0.75,67,623.76,901000,-34000,19-APR-2021,
OPTSTK,NATIONALUM,29-Apr-2021,55,PE,1.2,1.4,0.85,1.05,1.05,232,2211.3,2805000,-221000,19-APR-2021,
OPTSTK,NATIONALUM,29-Apr-2021,56,PE,1.95,1.95,1.25,1.45,1.45,35,341.54,867000,-34000,19-APR-2021,
OPTSTK,NATIONALUM,29-Apr-2021,57,PE,2.15,2.4,1.55,1.9,1.9,109,1090.94,1275000,-68000,19-APR-2021,
OPTSTK,NATIONALUM,29-Apr-2021,58,PE,2.75,3,2.05,2.45,2.45,92,945.7,1598000,-153000,19-APR-2021,
OPTSTK,NATIONALUM,29-Apr-2021,59,PE,3.6,3.6,2.6,3,3,37,390.52,612000,-34000,19-APR-2021,
OPTSTK,NATIONALUM,29-Apr-2021,60,PE,4.1,4.65,3.2,3.75,3.7,60,650.17,2125000,85000,19-APR-2021,
OPTSTK,NATIONALUM,29-Apr-2021,61,PE,4.55,4.7,4,4,4.45,7,77.86,408000,-34000,19-APR-2021,
OPTSTK,NATIONALUM,29-Apr-2021,62,PE,5.3,5.3,4.85,4.85,5.2,2,22.8,238000,-17000,19-APR-2021,
OPTSTK,NATIONALUM,29-Apr-2021,63,PE,0,0,0,4.9,6.05,0,0,85000,0,19-APR-2021,
OPTSTK,NATIONALUM,29-Apr-2021,64,PE,0,0,0,17.3,6.95,0,0,0,0,19-APR-2021,
OPTSTK,NATIONALUM,29-Apr-2021,65,PE,0,0,0,12,7.85,0,0,221000,0,19-APR-2021,
OPTSTK,NATIONALUM,29-Apr-2021,66,PE,0,0,0,18.3,8.8,0,0,0,0,19-APR-2021,
OPTSTK,NATIONALUM,29-Apr-2021,67,PE,0,0,0,17.95,9.75,0,0,0,0,19-APR-2021,
OPTSTK,NATIONALUM,29-Apr-2021,68,PE,0,0,0,17.85,10.7,0,0,0,0,19-APR-2021,
OPTSTK,NATIONALUM,29-Apr-2021,69,PE,0,0,0,18.35,11.7,0,0,0,0,19-APR-2021,
OPTSTK,NATIONALUM,29-Apr-2021,70,PE,0,0,0,10.8,12.7,0,0,34000,0,19-APR-2021,
OPTSTK,NATIONALUM,29-Apr-2021,71,PE,0,0,0,18.5,13.65,0,0,0,0,19-APR-2021,
OPTSTK,NATIONALUM,29-Apr-2021,72,PE,0,0,0,17.05,14.65,0,0,0,0,19-APR-2021,
OPTSTK,NATIONALUM,27-May-2021,39,CE,0,0,0,18.95,18.5,0,0,0,0,19-APR-2021,
OPTSTK,NATIONALUM,27-May-2021,40,CE,0,0,0,18.05,17.55,0,0,0,0,19-APR-2021,
OPTSTK,NATIONALUM,27-May-2021,41,CE,0,0,0,17.15,16.55,0,0,0,0,19-APR-2021,
OPTSTK,NATIONALUM,27-May-2021,42,CE,0,0,0,16.3,15.6,0,0,0,0,19-APR-2021,
OPTSTK,NATIONALUM,27-May-2021,43,CE,0,0,0,15.45,14.65,0,0,0,0,19-APR-2021,
OPTSTK,NATIONALUM,27-May-2021,44,CE,0,0,0,14.6,13.75,0,0,0,0,19-APR-2021,
OPTSTK,NATIONALUM,27-May-2021,45,CE,0,0,0,13.8,12.8,0,0,0,0,19-APR-2021,
OPTSTK,NATIONALUM,27-May-2021,46,CE,0,0,0,13.05,11.9,0,0,0,0,19-APR-2021,
OPTSTK,NATIONALUM,27-May-2021,47,CE,0,0,0,12.25,11.05,0,0,0,0,19-APR-2021,
OPTSTK,NATIONALUM,27-May-2021,48,CE,0,0,0,11.55,10.2,0,0,0,0,19-APR-2021,
OPTSTK,NATIONALUM,27-May-2021,49,CE,0,0,0,10.85,9.4,0,0,0,0,19-APR-2021,
OPTSTK,NATIONALUM,27-May-2021,50,CE,0,0,0,10.15,8.65,0,0,0,0,19-APR-2021,
OPTSTK,NATIONALUM,27-May-2021,51,CE,0,0,0,9.5,7.9,0,0,0,0,19-APR-2021,
OPTSTK,NATIONALUM,27-May-2021,52,CE,0,0,0,8.9,7.2,0,0,0,0,19-APR-2021,
OPTSTK,NATIONALUM,27-May-2021,53,CE,0,0,0,3.75,6.5,0,0,17000,0,19-APR-2021,
OPTSTK,NATIONALUM,27-May-2021,54,CE,0,0,0,7.75,5.9,0,0,0,0,19-APR-2021,
OPTSTK,NATIONALUM,27-May-2021,55,CE,0,0,0,7.2,5.3,0,0,0,0,19-APR-2021,
OPTSTK,NATIONALUM,27-May-2021,56,CE,0,0,0,6.7,4.75,0,0,0,0,19-APR-2021,
OPTSTK,NATIONALUM,27-May-2021,57,CE,0,0,0,6.2,4.25,0,0,0,0,19-APR-2021,
OPTSTK,NATIONALUM,27-May-2021,58,CE,0,0,0,5.75,3.8,0,0,0,0,19-APR-2021,
OPTSTK,NATIONALUM,27-May-2021,59,CE,0,0,0,5.35,3.35,0,0,0,0,19-APR-2021,
OPTSTK,NATIONALUM,27-May-2021,60,CE,2.8,2.8,2.8,2.8,2.8,1,10.67,136000,17000,19-APR-2021,
OPTSTK,NATIONALUM,27-May-2021,61,CE,0,0,0,4.55,2.6,0,0,0,0,19-APR-2021,
OPTSTK,NATIONALUM,27-May-2021,62,CE,0,0,0,4.2,2.3,0,0,0,0,19-APR-2021,
OPTSTK,NATIONALUM,27-May-2021,63,CE,0,0,0,3.8,2,0,0,17000,0,19-APR-2021,
OPTSTK,NATIONALUM,27-May-2021,64,CE,0,0,0,3.55,1.75,0,0,0,0,19-APR-2021,
OPTSTK,NATIONALUM,27-May-2021,65,CE,2,2.45,1.8,1.8,1.8,6,68.36,170000,102000,19-APR-2021,
OPTSTK,NATIONALUM,27-May-2021,66,CE,0,0,0,2.1,1.35,0,0,34000,0,19-APR-2021,
OPTSTK,NATIONALUM,27-May-2021,67,CE,0,0,0,2.75,1.15,0,0,0,0,19-APR-2021,
OPTSTK,NATIONALUM,27-May-2021,68,CE,0,0,0,2.55,1,0,0,0,0,19-APR-2021,
OPTSTK,NATIONALUM,27-May-2021,69,CE,0,0,0,2.35,0.85,0,0,0,0,19-APR-2021,
OPTSTK,NATIONALUM,27-May-2021,70,CE,0.95,0.95,0.65,0.85,0.85,6,72.21,374000,17000,19-APR-2021,
OPTSTK,NATIONALUM,27-May-2021,71,CE,0,0,0,1.95,0.65,0,0,0,0,19-APR-2021,
OPTSTK,NATIONALUM,27-May-2021,72,CE,0,0,0,1.8,0.55,0,0,0,0,19-APR-2021,
OPTSTK,NATIONALUM,27-May-2021,39,PE,0,0,0,0.35,0.05,0,0,0,0,19-APR-2021,
OPTSTK,NATIONALUM,27-May-2021,40,PE,0,0,0,0.45,0.1,0,0,0,0,19-APR-2021,
OPTSTK,NATIONALUM,27-May-2021,41,PE,0,0,0,0.55,0.1,0,0,0,0,19-APR-2021,
OPTSTK,NATIONALUM,27-May-2021,42,PE,0,0,0,0.65,0.15,0,0,0,0,19-APR-2021,
OPTSTK,NATIONALUM,27-May-2021,43,PE,0,0,0,0.8,0.2,0,0,0,0,19-APR-2021,
OPTSTK,NATIONALUM,27-May-2021,44,PE,0,0,0,0.95,0.25,0,0,0,0,19-APR-2021,
OPTSTK,NATIONALUM,27-May-2021,45,PE,0,0,0,1.15,0.35,0,0,0,0,19-APR-2021,
OPTSTK,NATIONALUM,27-May-2021,46,PE,0,0,0,1.35,0.45,0,0,0,0,19-APR-2021,
OPTSTK,NATIONALUM,27-May-2021,47,PE,0,0,0,1.6,0.55,0,0,0,0,19-APR-2021,
OPTSTK,NATIONALUM,27-May-2021,48,PE,0,0,0,1.85,0.75,0,0,0,0,19-APR-2021,
OPTSTK,NATIONALUM,27-May-2021,49,PE,0,0,0,2.15,0.9,0,0,0,0,19-APR-2021,
OPTSTK,NATIONALUM,27-May-2021,50,PE,1,1,0.8,0.95,0.95,7,60.58,85000,34000,19-APR-2021,
OPTSTK,NATIONALUM,27-May-2021,51,PE,0,0,0,2.8,1.4,0,0,0,0,19-APR-2021,
OPTSTK,NATIONALUM,27-May-2021,52,PE,0,0,0,3,1.7,0,0,170000,0,19-APR-2021,
OPTSTK,NATIONALUM,27-May-2021,53,PE,0,0,0,3.55,2,0,0,0,0,19-APR-2021,
OPTSTK,NATIONALUM,27-May-2021,54,PE,0,0,0,4,2.35,0,0,0,0,19-APR-2021,
OPTSTK,NATIONALUM,27-May-2021,55,PE,0,0,0,4.45,2.8,0,0,0,0,19-APR-2021,
OPTSTK,NATIONALUM,27-May-2021,56,PE,0,0,0,4.9,3.25,0,0,0,0,19-APR-2021,
OPTSTK,NATIONALUM,27-May-2021,57,PE,0,0,0,5.45,3.75,0,0,0,0,19-APR-2021,
OPTSTK,NATIONALUM,27-May-2021,58,PE,0,0,0,5.95,4.25,0,0,0,0,19-APR-2021,
OPTSTK,NATIONALUM,27-May-2021,59,PE,0,0,0,6.55,4.85,0,0,0,0,19-APR-2021,
OPTSTK,NATIONALUM,27-May-2021,60,PE,0,0,0,7.15,5.45,0,0,0,0,19-APR-2021,
OPTSTK,NATIONALUM,27-May-2021,61,PE,0,0,0,7.75,6.1,0,0,0,0,19-APR-2021,
OPTSTK,NATIONALUM,27-May-2021,62,PE,0,0,0,8.4,6.75,0,0,0,0,19-APR-2021,
OPTSTK,NATIONALUM,27-May-2021,63,PE,0,0,0,9.05,7.45,0,0,0,0,19-APR-2021,
OPTSTK,NATIONALUM,27-May-2021,64,PE,0,0,0,9.7,8.2,0,0,0,0,19-APR-2021,
OPTSTK,NATIONALUM,27-May-2021,65,PE,0,0,0,10.45,9,0,0,0,0,19-APR-2021,
OPTSTK,NATIONALUM,27-May-2021,66,PE,0,0,0,11.15,9.8,0,0,0,0,19-APR-2021,
OPTSTK,NATIONALUM,27-May-2021,67,PE,0,0,0,11.9,10.6,0,0,0,0,19-APR-2021,
OPTSTK,NATIONALUM,27-May-2021,68,PE,0,0,0,12.65,11.45,0,0,0,0,19-APR-2021,
OPTSTK,NATIONALUM,27-May-2021,69,PE,0,0,0,13.45,12.3,0,0,0,0,19-APR-2021,
OPTSTK,NATIONALUM,27-May-2021,70,PE,0,0,0,14.25,13.15,0,0,0,0,19-APR-2021,
OPTSTK,NATIONALUM,27-May-2021,71,PE,0,0,0,15.05,14.05,0,0,0,0,19-APR-2021,
OPTSTK,NATIONALUM,27-May-2021,72,PE,0,0,0,15.85,14.95,0,0,0,0,19-APR-2021,
OPTSTK,NATIONALUM,24-Jun-2021,39,CE,0,0,0,14.1,18.8,0,0,0,0,19-APR-2021,
OPTSTK,NATIONALUM,24-Jun-2021,40,CE,0,0,0,13.3,17.85,0,0,0,0,19-APR-2021,
OPTSTK,NATIONALUM,24-Jun-2021,41,CE,0,0,0,12.5,16.95,0,0,0,0,19-APR-2021,
OPTSTK,NATIONALUM,24-Jun-2021,42,CE,0,0,0,11.7,16.05,0,0,0,0,19-APR-2021,
OPTSTK,NATIONALUM,24-Jun-2021,43,CE,0,0,0,10.95,15.15,0,0,0,0,19-APR-2021,
OPTSTK,NATIONALUM,24-Jun-2021,44,CE,0,0,0,10.25,14.3,0,0,0,0,19-APR-2021,
OPTSTK,NATIONALUM,24-Jun-2021,45,CE,0,0,0,9.55,13.45,0,0,0,0,19-APR-2021,
OPTSTK,NATIONALUM,24-Jun-2021,46,CE,0,0,0,8.9,12.65,0,0,0,0,19-APR-2021,
OPTSTK,NATIONALUM,24-Jun-2021,47,CE,0,0,0,8.25,11.85,0,0,0,0,19-APR-2021,
OPTSTK,NATIONALUM,24-Jun-2021,48,CE,0,0,0,7.65,11.1,0,0,0,0,19-APR-2021,
OPTSTK,NATIONALUM,24-Jun-2021,49,CE,0,0,0,7.1,10.35,0,0,0,0,19-APR-2021,
OPTSTK,NATIONALUM,24-Jun-2021,50,CE,0,0,0,6.55,9.65,0,0,0,0,19-APR-2021,
OPTSTK,NATIONALUM,24-Jun-2021,51,CE,0,0,0,6.05,8.95,0,0,0,0,19-APR-2021,
OPTSTK,NATIONALUM,24-Jun-2021,52,CE,0,0,0,5.6,8.35,0,0,0,0,19-APR-2021,
OPTSTK,NATIONALUM,24-Jun-2021,53,CE,0,0,0,5.15,7.7,0,0,0,0,19-APR-2021,
OPTSTK,NATIONALUM,24-Jun-2021,54,CE,0,0,0,4.75,7.15,0,0,0,0,19-APR-2021,
OPTSTK,NATIONALUM,24-Jun-2021,55,CE,0,0,0,4.35,6.6,0,0,0,0,19-APR-2021,
OPTSTK,NATIONALUM,24-Jun-2021,56,CE,0,0,0,4,6.05,0,0,0,0,19-APR-2021,
OPTSTK,NATIONALUM,24-Jun-2021,57,CE,0,0,0,3.65,5.6,0,0,0,0,19-APR-2021,
OPTSTK,NATIONALUM,24-Jun-2021,58,CE,0,0,0,3.35,5.1,0,0,0,0,19-APR-2021,
OPTSTK,NATIONALUM,24-Jun-2021,59,CE,0,0,0,3.05,4.7,0,0,0,0,19-APR-2021,
OPTSTK,NATIONALUM,24-Jun-2021,60,CE,0,0,0,2.8,4.3,0,0,0,0,19-APR-2021,
OPTSTK,NATIONALUM,24-Jun-2021,61,CE,0,0,0,2.55,3.95,0,0,0,0,19-APR-2021,
OPTSTK,NATIONALUM,24-Jun-2021,62,CE,0,0,0,2.3,3.6,0,0,0,0,19-APR-2021,
OPTSTK,NATIONALUM,24-Jun-2021,63,CE,0,0,0,2.1,3.25,0,0,0,0,19-APR-2021,
OPTSTK,NATIONALUM,24-Jun-2021,64,CE,0,0,0,1.9,2.95,0,0,0,0,19-APR-2021,
OPTSTK,NATIONALUM,24-Jun-2021,65,CE,0,0,0,1.75,2.7,0,0,0,0,19-APR-2021,
OPTSTK,NATIONALUM,24-Jun-2021,66,CE,0,0,0,1.55,2.45,0,0,0,0,19-APR-2021,
OPTSTK,NATIONALUM,24-Jun-2021,67,CE,0,0,0,1.4,2.2,0,0,0,0,19-APR-2021,
OPTSTK,NATIONALUM,24-Jun-2021,68,CE,0,0,0,1.3,2,0,0,0,0,19-APR-2021,
OPTSTK,NATIONALUM,24-Jun-2021,69,CE,0,0,0,1.15,1.8,0,0,0,0,19-APR-2021,
OPTSTK,NATIONALUM,24-Jun-2021,70,CE,0,0,0,1.05,1.65,0,0,0,0,19-APR-2021,
OPTSTK,NATIONALUM,24-Jun-2021,71,CE,0,0,0,0.95,1.5,0,0,0,0,19-APR-2021,
OPTSTK,NATIONALUM,24-Jun-2021,72,CE,0,0,0,0.85,1.35,0,0,0,0,19-APR-2021,
OPTSTK,NATIONALUM,24-Jun-2021,39,PE,0,0,0,0.75,0.2,0,0,0,0,19-APR-2021,
OPTSTK,NATIONALUM,24-Jun-2021,40,PE,0,0,0,0.9,0.3,0,0,0,0,19-APR-2021,
OPTSTK,NATIONALUM,24-Jun-2021,41,PE,0,0,0,1.1,0.35,0,0,0,0,19-APR-2021,
OPTSTK,NATIONALUM,24-Jun-2021,42,PE,0,0,0,1.3,0.45,0,0,0,0,19-APR-2021,
OPTSTK,NATIONALUM,24-Jun-2021,43,PE,0,0,0,1.55,0.55,0,0,0,0,19-APR-2021,
OPTSTK,NATIONALUM,24-Jun-2021,44,PE,0,0,0,1.85,0.7,0,0,0,0,19-APR-2021,
OPTSTK,NATIONALUM,24-Jun-2021,45,PE,0,0,0,2.15,0.85,0,0,0,0,19-APR-2021,
OPTSTK,NATIONALUM,24-Jun-2021,46,PE,0,0,0,2.45,1.05,0,0,0,0,19-APR-2021,
OPTSTK,NATIONALUM,24-Jun-2021,47,PE,0,0,0,2.8,1.25,0,0,0,0,19-APR-2021,
OPTSTK,NATIONALUM,24-Jun-2021,48,PE,0,0,0,3.2,1.45,0,0,0,0,19-APR-2021,
OPTSTK,NATIONALUM,24-Jun-2021,49,PE,0,0,0,3.65,1.7,0,0,0,0,19-APR-2021,
OPTSTK,NATIONALUM,24-Jun-2021,50,PE,0,0,0,4.1,2,0,0,0,0,19-APR-2021,
OPTSTK,NATIONALUM,24-Jun-2021,51,PE,0,0,0,4.6,2.35,0,0,0,0,19-APR-2021,
OPTSTK,NATIONALUM,24-Jun-2021,52,PE,0,0,0,5.1,2.7,0,0,0,0,19-APR-2021,
OPTSTK,NATIONALUM,24-Jun-2021,53,PE,0,0,0,5.65,3.05,0,0,0,0,19-APR-2021,
OPTSTK,NATIONALUM,24-Jun-2021,54,PE,0,0,0,6.25,3.45,0,0,0,0,19-APR-2021,
OPTSTK,NATIONALUM,24-Jun-2021,55,PE,0,0,0,6.85,3.9,0,0,0,0,19-APR-2021,
OPTSTK,NATIONALUM,24-Jun-2021,56,PE,0,0,0,7.45,4.4,0,0,0,0,19-APR-2021,
OPTSTK,NATIONALUM,24-Jun-2021,57,PE,0,0,0,8.1,4.9,0,0,0,0,19-APR-2021,
OPTSTK,NATIONALUM,24-Jun-2021,58,PE,0,0,0,8.8,5.45,0,0,0,0,19-APR-2021,
OPTSTK,NATIONALUM,24-Jun-2021,59,PE,0,0,0,9.5,6,0,0,0,0,19-APR-2021,
OPTSTK,NATIONALUM,24-Jun-2021,60,PE,0,0,0,10.2,6.6,0,0,0,0,19-APR-2021,
OPTSTK,NATIONALUM,24-Jun-2021,61,PE,0,0,0,10.95,7.2,0,0,0,0,19-APR-2021,
OPTSTK,NATIONALUM,24-Jun-2021,62,PE,0,0,0,11.75,7.85,0,0,0,0,19-APR-2021,
OPTSTK,NATIONALUM,24-Jun-2021,63,PE,0,0,0,12.5,8.55,0,0,0,0,19-APR-2021,
OPTSTK,NATIONALUM,24-Jun-2021,64,PE,0,0,0,13.3,9.25,0,0,0,0,19-APR-2021,
OPTSTK,NATIONALUM,24-Jun-2021,65,PE,0,0,0,14.15,9.95,0,0,0,0,19-APR-2021,
OPTSTK,NATIONALUM,24-Jun-2021,66,PE,0,0,0,14.95,10.7,0,0,0,0,19-APR-2021,
OPTSTK,NATIONALUM,24-Jun-2021,67,PE,0,0,0,15.8,11.45,0,0,0,0,19-APR-2021,
OPTSTK,NATIONALUM,24-Jun-2021,68,PE,0,0,0,16.65,12.25,0,0,0,0,19-APR-2021,
OPTSTK,NATIONALUM,24-Jun-2021,69,PE,0,0,0,17.5,13.05,0,0,0,0,19-APR-2021,
OPTSTK,NATIONALUM,24-Jun-2021,70,PE,0,0,0,18.4,13.85,0,0,0,0,19-APR-2021,
OPTSTK,NATIONALUM,24-Jun-2021,71,PE,0,0,0,19.3,14.7,0,0,0,0,19-APR-2021,
OPTSTK,NATIONALUM,24-Jun-2021,72,PE,0,0,0,20.2,15.55,0,0,0,0,19-APR-2021,
OPTSTK,NAUKRI,29-Apr-2021,2800,CE,0,0,0,1778.45,1899.3,0,0,0,0,19-APR-2021,
OPTSTK,NAUKRI,29-Apr-2021,2900,CE,0,0,0,1685.35,1799.4,0,0,0,0,19-APR-2021,
OPTSTK,NAUKRI,29-Apr-2021,3000,CE,0,0,0,1593.9,1699.5,0,0,0,0,19-APR-2021,
OPTSTK,NAUKRI,29-Apr-2021,3100,CE,0,0,0,1504.25,1599.6,0,0,0,0,19-APR-2021,
OPTSTK,NAUKRI,29-Apr-2021,3200,CE,0,0,0,1416.7,1499.7,0,0,0,0,19-APR-2021,
OPTSTK,NAUKRI,29-Apr-2021,3300,CE,0,0,0,1331.45,1399.8,0,0,0,0,19-APR-2021,
OPTSTK,NAUKRI,29-Apr-2021,3400,CE,0,0,0,1248.7,1299.95,0,0,0,0,19-APR-2021,
OPTSTK,NAUKRI,29-Apr-2021,3500,CE,0,0,0,1168.65,1200.1,0,0,0,0,19-APR-2021,
OPTSTK,NAUKRI,29-Apr-2021,3600,CE,0,0,0,1091.45,1100.4,0,0,0,0,19-APR-2021,
OPTSTK,NAUKRI,29-Apr-2021,3700,CE,0,0,0,1017.4,1000.95,0,0,0,0,19-APR-2021,
OPTSTK,NAUKRI,29-Apr-2021,3800,CE,0,0,0,946.35,902.05,0,0,0,0,19-APR-2021,
OPTSTK,NAUKRI,29-Apr-2021,3900,CE,0,0,0,878.5,804.2,0,0,0,0,19-APR-2021,
OPTSTK,NAUKRI,29-Apr-2021,4000,CE,0,0,0,715.75,708.05,0,0,750,0,19-APR-2021,
OPTSTK,NAUKRI,29-Apr-2021,4100,CE,0,0,0,810,614.65,0,0,4500,0,19-APR-2021,
OPTSTK,NAUKRI,29-Apr-2021,4200,CE,0,0,0,469.1,525.1,0,0,4500,0,19-APR-2021,
OPTSTK,NAUKRI,29-Apr-2021,4300,CE,0,0,0,435,440.8,0,0,7500,0,19-APR-2021,
OPTSTK,NAUKRI,29-Apr-2021,4400,CE,384.8,384.8,310.3,376.45,363.15,5,59.31,11250,0,19-APR-2021,
OPTSTK,NAUKRI,29-Apr-2021,4500,CE,283.3,365.75,239,310,310,19,228.49,24750,-750,19-APR-2021,
OPTSTK,NAUKRI,29-Apr-2021,4600,CE,188,300,186.9,232.9,232.9,37,447,15000,1000,19-APR-2021,
OPTSTK,NAUKRI,29-Apr-2021,4700,CE,63.05,240,63.05,178.45,178.45,322,3935.77,22500,-3500,19-APR-2021,
OPTSTK,NAUKRI,29-Apr-2021,4800,CE,55.05,188,55,134.35,134.35,745,9222.84,39500,8500,19-APR-2021,
OPTSTK,NAUKRI,29-Apr-2021,4900,CE,52.45,145,52.45,97.45,97.45,262,3284.35,23250,4000,19-APR-2021,
OPTSTK,NAUKRI,29-Apr-2021,5000,CE,30.05,108.75,30.05,71.1,71.1,1377,17501.04,113000,14750,19-APR-2021,
OPTSTK,NAUKRI,29-Apr-2021,5100,CE,36,77.75,36,49.3,49.3,83,1071.09,15750,2750,19-APR-2021,
OPTSTK,NAUKRI,29-Apr-2021,5200,CE,23.95,57.15,11.3,35.1,35.1,137,1795.7,18250,-750,19-APR-2021,
OPTSTK,NAUKRI,29-Apr-2021,5300,CE,14.65,46.1,14.65,23.05,23.05,30,399.87,7000,0,19-APR-2021,
OPTSTK,NAUKRI,29-Apr-2021,5400,CE,2.35,27.9,1.05,18,18,18,243.79,4750,-500,19-APR-2021,
OPTSTK,NAUKRI,29-Apr-2021,5500,CE,6.45,24,6.45,13.8,13.8,406,5599.32,33000,-3500,19-APR-2021,
OPTSTK,NAUKRI,29-Apr-2021,5600,CE,0,0,0,193.75,6.3,0,0,0,0,19-APR-2021,
OPTSTK,NAUKRI,29-Apr-2021,5700,CE,2.7,13,2.7,8,8,24,342.47,9500,1750,19-APR-2021,
OPTSTK,NAUKRI,29-Apr-2021,5800,CE,0,0,0,158.3,2.4,0,0,0,0,19-APR-2021,
OPTSTK,NAUKRI,29-Apr-2021,5900,CE,0,0,0,142.95,1.45,0,0,0,0,19-APR-2021,
OPTSTK,NAUKRI,29-Apr-2021,6000,CE,1,4.9,1,4,4,15,225.11,28250,-1750,19-APR-2021,
OPTSTK,NAUKRI,29-Apr-2021,6100,CE,0,0,0,116.25,0.5,0,0,0,0,19-APR-2021,
OPTSTK,NAUKRI,29-Apr-2021,6200,CE,0,0,0,104.7,0.3,0,0,0,0,19-APR-2021,
OPTSTK,NAUKRI,29-Apr-2021,6300,CE,0,0,0,94.25,0.15,0,0,0,0,19-APR-2021,
OPTSTK,NAUKRI,29-Apr-2021,6400,CE,0,0,0,84.75,0.1,0,0,0,0,19-APR-2021,
OPTSTK,NAUKRI,29-Apr-2021,6500,CE,0,0,0,76.2,0.05,0,0,0,0,19-APR-2021,
OPTSTK,NAUKRI,29-Apr-2021,2800,PE,0,0,0,15.8,0,0,0,0,0,19-APR-2021,
OPTSTK,NAUKRI,29-Apr-2021,2900,PE,0,0,0,21.8,0,0,0,0,0,19-APR-2021,
OPTSTK,NAUKRI,29-Apr-2021,3000,PE,0,0,0,2,0,0,0,250,0,19-APR-2021,
OPTSTK,NAUKRI,29-Apr-2021,3100,PE,0,0,0,38.8,0,0,0,0,0,19-APR-2021,
OPTSTK,NAUKRI,29-Apr-2021,3200,PE,0,0,0,50.35,0,0,0,0,0,19-APR-2021,
OPTSTK,NAUKRI,29-Apr-2021,3300,PE,0,0,0,20,0.05,0,0,250,0,19-APR-2021,
OPTSTK,NAUKRI,29-Apr-2021,3400,PE,0,0,0,29,0.05,0,0,750,0,19-APR-2021,
OPTSTK,NAUKRI,29-Apr-2021,3500,PE,6,6.8,5.65,6.8,0.1,11,96.42,16000,-1000,19-APR-2021,
OPTSTK,NAUKRI,29-Apr-2021,3600,PE,0,0,0,11.4,0.3,0,0,500,0,19-APR-2021,
OPTSTK,NAUKRI,29-Apr-2021,3700,PE,6,6.95,6,6.95,0.75,3,27.79,9250,-500,19-APR-2021,
OPTSTK,NAUKRI,29-Apr-2021,3800,PE,8.5,8.5,8,8,1.8,2,19.04,14500,-500,19-APR-2021,
OPTSTK,NAUKRI,29-Apr-2021,3900,PE,0,0,0,40,3.8,0,0,3250,0,19-APR-2021,
OPTSTK,NAUKRI,29-Apr-2021,4000,PE,15.05,18.95,12,14.65,14.65,74,742.74,48500,500,19-APR-2021,
OPTSTK,NAUKRI,29-Apr-2021,4100,PE,20,21,17.45,21,21,11,113.27,9750,-500,19-APR-2021,
OPTSTK,NAUKRI,29-Apr-2021,4200,PE,30.3,30.3,25,27.7,27.7,9,95.1,17000,-1000,19-APR-2021,
OPTSTK,NAUKRI,29-Apr-2021,4300,PE,85,86,37.45,42,42,47,511.62,16250,-250,19-APR-2021,
OPTSTK,NAUKRI,29-Apr-2021,4400,PE,114.65,114.65,49.2,61.4,61.4,71,792.87,23000,2000,19-APR-2021,
OPTSTK,NAUKRI,29-Apr-2021,4500,PE,150,169.3,69.15,90.45,90.45,82,942.55,28500,-250,19-APR-2021,
OPTSTK,NAUKRI,29-Apr-2021,4600,PE,224.75,224.75,103.05,121.55,130.2,36,426.06,11500,750,19-APR-2021,
OPTSTK,NAUKRI,29-Apr-2021,4700,PE,183.95,193.65,137.1,171.75,177.4,35,425.39,11500,0,19-APR-2021,
OPTSTK,NAUKRI,29-Apr-2021,4800,PE,242.3,242.3,186,211.9,211.9,25,312.82,10000,750,19-APR-2021,
OPTSTK,NAUKRI,29-Apr-2021,4900,PE,386,386,276.7,276.7,298.1,2,26.15,2250,-250,19-APR-2021,
OPTSTK,NAUKRI,29-Apr-2021,5000,PE,0,0,0,511.95,370.45,0,0,3500,0,19-APR-2021,
OPTSTK,NAUKRI,29-Apr-2021,5100,PE,0,0,0,830.65,449,0,0,0,0,19-APR-2021,
OPTSTK,NAUKRI,29-Apr-2021,5200,PE,0,0,0,901.2,533.2,0,0,0,0,19-APR-2021,
OPTSTK,NAUKRI,29-Apr-2021,5300,PE,0,0,0,974,621.7,0,0,0,0,19-APR-2021,
OPTSTK,NAUKRI,29-Apr-2021,5400,PE,0,0,0,1049.25,713.6,0,0,0,0,19-APR-2021,
OPTSTK,NAUKRI,29-Apr-2021,5500,PE,0,0,0,1126.25,808,0,0,0,0,19-APR-2021,
OPTSTK,NAUKRI,29-Apr-2021,5600,PE,0,0,0,1205.15,904.25,0,0,0,0,19-APR-2021,
OPTSTK,NAUKRI,29-Apr-2021,5700,PE,0,0,0,1285.8,1001.75,0,0,0,0,19-APR-2021,
OPTSTK,NAUKRI,29-Apr-2021,5800,PE,0,0,0,1367.85,1100.1,0,0,0,0,19-APR-2021,
OPTSTK,NAUKRI,29-Apr-2021,5900,PE,0,0,0,1451.55,1199.05,0,0,0,0,19-APR-2021,
OPTSTK,NAUKRI,29-Apr-2021,6000,PE,0,0,0,1536.65,1298.4,0,0,0,0,19-APR-2021,
OPTSTK,NAUKRI,29-Apr-2021,6100,PE,0,0,0,1623,1397.95,0,0,0,0,19-APR-2021,
OPTSTK,NAUKRI,29-Apr-2021,6200,PE,0,0,0,1710.55,1497.6,0,0,0,0,19-APR-2021,
OPTSTK,NAUKRI,29-Apr-2021,6300,PE,0,0,0,1799.15,1597.4,0,0,0,0,19-APR-2021,
OPTSTK,NAUKRI,29-Apr-2021,6400,PE,0,0,0,1888.75,1697.25,0,0,0,0,19-APR-2021,
OPTSTK,NAUKRI,29-Apr-2021,6500,PE,0,0,0,1979.25,1797.1,0,0,0,0,19-APR-2021,
OPTSTK,NAUKRI,27-May-2021,3000,CE,0,0,0,2004.15,1709.9,0,0,0,0,19-APR-2021,
OPTSTK,NAUKRI,27-May-2021,3100,CE,0,0,0,1911.05,1611.5,0,0,0,0,19-APR-2021,
OPTSTK,NAUKRI,27-May-2021,3200,CE,0,0,0,1819.4,1513.75,0,0,0,0,19-APR-2021,
OPTSTK,NAUKRI,27-May-2021,3300,CE,0,0,0,1729.35,1416.9,0,0,0,0,19-APR-2021,
OPTSTK,NAUKRI,27-May-2021,3400,CE,0,0,0,1641.1,1321.3,0,0,0,0,19-APR-2021,
OPTSTK,NAUKRI,27-May-2021,3500,CE,0,0,0,1554.85,1227.25,0,0,0,0,19-APR-2021,
OPTSTK,NAUKRI,27-May-2021,3600,CE,0,0,0,1470.75,1135.2,0,0,0,0,19-APR-2021,
OPTSTK,NAUKRI,27-May-2021,3700,CE,0,0,0,1388.95,1045.45,0,0,0,0,19-APR-2021,
OPTSTK,NAUKRI,27-May-2021,3800,CE,0,0,0,1309.65,958.5,0,0,0,0,19-APR-2021,
OPTSTK,NAUKRI,27-May-2021,3900,CE,0,0,0,1232.9,874.7,0,0,0,0,19-APR-2021,
OPTSTK,NAUKRI,27-May-2021,4000,CE,0,0,0,1158.95,794.4,0,0,0,0,19-APR-2021,
OPTSTK,NAUKRI,27-May-2021,4100,CE,0,0,0,1087.65,718.25,0,0,0,0,19-APR-2021,
OPTSTK,NAUKRI,27-May-2021,4200,CE,0,0,0,1019.15,646,0,0,0,0,19-APR-2021,
OPTSTK,NAUKRI,27-May-2021,4300,CE,0,0,0,953.6,578,0,0,0,0,19-APR-2021,
OPTSTK,NAUKRI,27-May-2021,4400,CE,0,0,0,890.85,514.9,0,0,0,0,19-APR-2021,
OPTSTK,NAUKRI,27-May-2021,4500,CE,0,0,0,831.25,456.45,0,0,0,0,19-APR-2021,
OPTSTK,NAUKRI,27-May-2021,4600,CE,0,0,0,774.55,402.7,0,0,0,0,19-APR-2021,
OPTSTK,NAUKRI,27-May-2021,4700,CE,0,0,0,720.85,353.55,0,0,0,0,19-APR-2021,
OPTSTK,NAUKRI,27-May-2021,4800,CE,0,0,0,669.95,309,0,0,0,0,19-APR-2021,
OPTSTK,NAUKRI,27-May-2021,4900,CE,0,0,0,621.9,268.85,0,0,0,0,19-APR-2021,
OPTSTK,NAUKRI,27-May-2021,5000,CE,0,0,0,206.85,232.85,0,0,1250,0,19-APR-2021,
OPTSTK,NAUKRI,27-May-2021,5100,CE,0,0,0,534,200.8,0,0,0,0,19-APR-2021,
OPTSTK,NAUKRI,27-May-2021,5200,CE,0,0,0,494,172.45,0,0,0,0,19-APR-2021,
OPTSTK,NAUKRI,27-May-2021,5300,CE,0,0,0,456.5,147.75,0,0,0,0,19-APR-2021,
OPTSTK,NAUKRI,27-May-2021,5400,CE,0,0,0,421.45,126,0,0,0,0,19-APR-2021,
OPTSTK,NAUKRI,27-May-2021,5500,CE,0,0,0,388.65,106.8,0,0,0,0,19-APR-2021,
OPTSTK,NAUKRI,27-May-2021,5600,CE,0,0,0,358.1,90.35,0,0,0,0,19-APR-2021,
OPTSTK,NAUKRI,27-May-2021,5700,CE,0,0,0,329.65,76.1,0,0,0,0,19-APR-2021,
OPTSTK,NAUKRI,27-May-2021,5800,CE,0,0,0,303.2,63.95,0,0,0,0,19-APR-2021,
OPTSTK,NAUKRI,27-May-2021,5900,CE,0,0,0,278.9,53.5,0,0,0,0,19-APR-2021,
OPTSTK,NAUKRI,27-May-2021,6000,CE,35,36,35,36,44.65,2,30.17,1000,500,19-APR-2021,
OPTSTK,NAUKRI,27-May-2021,6100,CE,0,0,0,235.15,37.15,0,0,0,0,19-APR-2021,
OPTSTK,NAUKRI,27-May-2021,6200,CE,0,0,0,215.7,30.8,0,0,0,0,19-APR-2021,
OPTSTK,NAUKRI,27-May-2021,6300,CE,0,0,0,197.7,25.45,0,0,0,0,19-APR-2021,
OPTSTK,NAUKRI,27-May-2021,6400,CE,0,0,0,180.9,21,0,0,0,0,19-APR-2021,
OPTSTK,NAUKRI,27-May-2021,6500,CE,0,0,0,165.6,17.3,0,0,0,0,19-APR-2021,
OPTSTK,NAUKRI,27-May-2021,3000,PE,0,0,0,17.75,1.7,0,0,0,0,19-APR-2021,
OPTSTK,NAUKRI,27-May-2021,3100,PE,0,0,0,23.75,2.9,0,0,0,0,19-APR-2021,
OPTSTK,NAUKRI,27-May-2021,3200,PE,0,0,0,31.15,4.75,0,0,0,0,19-APR-2021,
OPTSTK,NAUKRI,27-May-2021,3300,PE,0,0,0,40.2,7.55,0,0,0,0,19-APR-2021,
OPTSTK,NAUKRI,27-May-2021,3400,PE,0,0,0,51,11.55,0,0,0,0,19-APR-2021,
OPTSTK,NAUKRI,27-May-2021,3500,PE,0,0,0,63.85,17.15,0,0,0,0,19-APR-2021,
OPTSTK,NAUKRI,27-May-2021,3600,PE,0,0,0,78.8,24.65,0,0,0,0,19-APR-2021,
OPTSTK,NAUKRI,27-May-2021,3700,PE,0,0,0,96.1,34.55,0,0,0,0,19-APR-2021,
OPTSTK,NAUKRI,27-May-2021,3800,PE,0,0,0,115.8,47.15,0,0,0,0,19-APR-2021,
OPTSTK,NAUKRI,27-May-2021,3900,PE,0,0,0,138.15,63,0,0,0,0,19-APR-2021,
OPTSTK,NAUKRI,27-May-2021,4000,PE,70,70,60.55,60.55,82.35,10,101.62,5500,-750,19-APR-2021,
OPTSTK,NAUKRI,27-May-2021,4100,PE,0,0,0,191.05,105.75,0,0,0,0,19-APR-2021,
OPTSTK,NAUKRI,27-May-2021,4200,PE,0,0,0,221.65,133.1,0,0,0,0,19-APR-2021,
OPTSTK,NAUKRI,27-May-2021,4300,PE,0,0,0,255.15,164.75,0,0,0,0,19-APR-2021,
OPTSTK,NAUKRI,27-May-2021,4400,PE,0,0,0,291.45,201.25,0,0,0,0,19-APR-2021,
OPTSTK,NAUKRI,27-May-2021,4500,PE,198.3,200,155,200,242.4,3,35.13,500,500,19-APR-2021,
OPTSTK,NAUKRI,27-May-2021,4600,PE,0,0,0,373.3,288.25,0,0,0,0,19-APR-2021,
OPTSTK,NAUKRI,27-May-2021,4700,PE,0,0,0,418.65,338.75,0,0,0,0,19-APR-2021,
OPTSTK,NAUKRI,27-May-2021,4800,PE,0,0,0,466.8,393.8,0,0,0,0,19-APR-2021,
OPTSTK,NAUKRI,27-May-2021,4900,PE,0,0,0,517.85,453.25,0,0,0,0,19-APR-2021,
OPTSTK,NAUKRI,27-May-2021,5000,PE,0,0,0,571.6,516.85,0,0,0,0,19-APR-2021,
OPTSTK,NAUKRI,27-May-2021,5100,PE,0,0,0,628.1,584.45,0,0,0,0,19-APR-2021,
OPTSTK,NAUKRI,27-May-2021,5200,PE,0,0,0,687.15,655.7,0,0,0,0,19-APR-2021,
OPTSTK,NAUKRI,27-May-2021,5300,PE,0,0,0,748.75,730.6,0,0,0,0,19-APR-2021,
OPTSTK,NAUKRI,27-May-2021,5400,PE,0,0,0,812.7,808.45,0,0,0,0,19-APR-2021,
OPTSTK,NAUKRI,27-May-2021,5500,PE,0,0,0,879.05,888.85,0,0,0,0,19-APR-2021,
OPTSTK,NAUKRI,27-May-2021,5600,PE,0,0,0,947.55,972,0,0,0,0,19-APR-2021,
OPTSTK,NAUKRI,27-May-2021,5700,PE,0,0,0,1018.15,1057.4,0,0,0,0,19-APR-2021,
OPTSTK,NAUKRI,27-May-2021,5800,PE,0,0,0,1090.75,1144.85,0,0,0,0,19-APR-2021,
OPTSTK,NAUKRI,27-May-2021,5900,PE,0,0,0,1165.55,1234,0,0,0,0,19-APR-2021,
OPTSTK,NAUKRI,27-May-2021,6000,PE,0,0,0,1241.9,1324.75,0,0,0,0,19-APR-2021,
OPTSTK,NAUKRI,27-May-2021,6100,PE,0,0,0,1319.95,1416.85,0,0,0,0,19-APR-2021,
OPTSTK,NAUKRI,27-May-2021,6200,PE,0,0,0,1399.55,1510.15,0,0,0,0,19-APR-2021,
OPTSTK,NAUKRI,27-May-2021,6300,PE,0,0,0,1480.65,1604.4,0,0,0,0,19-APR-2021,
OPTSTK,NAUKRI,27-May-2021,6400,PE,0,0,0,1562.9,1699.55,0,0,0,0,19-APR-2021,
OPTSTK,NAUKRI,27-May-2021,6500,PE,0,0,0,1646.65,1795.45,0,0,0,0,19-APR-2021,
OPTSTK,NAUKRI,24-Jun-2021,3000,CE,0,0,0,1469.7,1727.9,0,0,0,0,19-APR-2021,
OPTSTK,NAUKRI,24-Jun-2021,3100,CE,0,0,0,1382.4,1633.25,0,0,0,0,19-APR-2021,
OPTSTK,NAUKRI,24-Jun-2021,3200,CE,0,0,0,1297.45,1540.1,0,0,0,0,19-APR-2021,
OPTSTK,NAUKRI,24-Jun-2021,3300,CE,0,0,0,1215.1,1448.65,0,0,0,0,19-APR-2021,
OPTSTK,NAUKRI,24-Jun-2021,3400,CE,0,0,0,1135.55,1359.15,0,0,0,0,19-APR-2021,
OPTSTK,NAUKRI,24-Jun-2021,3500,CE,0,0,0,1059,1271.9,0,0,0,0,19-APR-2021,
OPTSTK,NAUKRI,24-Jun-2021,3600,CE,0,0,0,985.6,1187.15,0,0,0,0,19-APR-2021,
OPTSTK,NAUKRI,24-Jun-2021,3700,CE,0,0,0,915.3,1105.15,0,0,0,0,19-APR-2021,
OPTSTK,NAUKRI,24-Jun-2021,3800,CE,0,0,0,848.25,1026.1,0,0,0,0,19-APR-2021,
OPTSTK,NAUKRI,24-Jun-2021,3900,CE,0,0,0,784.5,950.2,0,0,0,0,19-APR-2021,
OPTSTK,NAUKRI,24-Jun-2021,4000,CE,0,0,0,724.3,877.7,0,0,0,0,19-APR-2021,
OPTSTK,NAUKRI,24-Jun-2021,4100,CE,0,0,0,667.5,808.55,0,0,0,0,19-APR-2021,
OPTSTK,NAUKRI,24-Jun-2021,4200,CE,0,0,0,614.05,742.75,0,0,0,0,19-APR-2021,
OPTSTK,NAUKRI,24-Jun-2021,4300,CE,0,0,0,563.9,680.85,0,0,0,0,19-APR-2021,
OPTSTK,NAUKRI,24-Jun-2021,4400,CE,0,0,0,517,622.55,0,0,0,0,19-APR-2021,
OPTSTK,NAUKRI,24-Jun-2021,4500,CE,0,0,0,473.25,567.9,0,0,0,0,19-APR-2021,
OPTSTK,NAUKRI,24-Jun-2021,4600,CE,0,0,0,432.5,516.8,0,0,0,0,19-APR-2021,
OPTSTK,NAUKRI,24-Jun-2021,4700,CE,0,0,0,394.7,469.25,0,0,0,0,19-APR-2021,
OPTSTK,NAUKRI,24-Jun-2021,4800,CE,0,0,0,359.7,425.15,0,0,0,0,19-APR-2021,
OPTSTK,NAUKRI,24-Jun-2021,4900,CE,0,0,0,327.35,384.35,0,0,0,0,19-APR-2021,
OPTSTK,NAUKRI,24-Jun-2021,5000,CE,0,0,0,297.5,346.75,0,0,0,0,19-APR-2021,
OPTSTK,NAUKRI,24-Jun-2021,5100,CE,0,0,0,270.05,312.2,0,0,0,0,19-APR-2021,
OPTSTK,NAUKRI,24-Jun-2021,5200,CE,0,0,0,245.1,280.55,0,0,0,0,19-APR-2021,
OPTSTK,NAUKRI,24-Jun-2021,5300,CE,0,0,0,222.05,251.65,0,0,0,0,19-APR-2021,
OPTSTK,NAUKRI,24-Jun-2021,5400,CE,0,0,0,201,225.55,0,0,0,0,19-APR-2021,
OPTSTK,NAUKRI,24-Jun-2021,5500,CE,0,0,0,181.75,201.7,0,0,0,0,19-APR-2021,
OPTSTK,NAUKRI,24-Jun-2021,5600,CE,0,0,0,164,180.1,0,0,0,0,19-APR-2021,
OPTSTK,NAUKRI,24-Jun-2021,5700,CE,0,0,0,148,160.55,0,0,0,0,19-APR-2021,
OPTSTK,NAUKRI,24-Jun-2021,5800,CE,0,0,0,133.4,142.7,0,0,0,0,19-APR-2021,
OPTSTK,NAUKRI,24-Jun-2021,5900,CE,0,0,0,120.15,126.8,0,0,0,0,19-APR-2021,
OPTSTK,NAUKRI,24-Jun-2021,6000,CE,0,0,0,108.15,112.5,0,0,0,0,19-APR-2021,
OPTSTK,NAUKRI,24-Jun-2021,6100,CE,0,0,0,97.3,99.7,0,0,0,0,19-APR-2021,
OPTSTK,NAUKRI,24-Jun-2021,6200,CE,0,0,0,87.45,88.25,0,0,0,0,19-APR-2021,
OPTSTK,NAUKRI,24-Jun-2021,6300,CE,0,0,0,78.55,78,0,0,0,0,19-APR-2021,
OPTSTK,NAUKRI,24-Jun-2021,6400,CE,0,0,0,70.5,68.85,0,0,0,0,19-APR-2021,
OPTSTK,NAUKRI,24-Jun-2021,3000,PE,0,0,0,39,11.1,0,0,0,0,19-APR-2021,
OPTSTK,NAUKRI,24-Jun-2021,3100,PE,0,0,0,50.75,15.8,0,0,0,0,19-APR-2021,
OPTSTK,NAUKRI,24-Jun-2021,3200,PE,0,0,0,64.9,21.95,0,0,0,0,19-APR-2021,
OPTSTK,NAUKRI,24-Jun-2021,3300,PE,0,0,0,81.6,29.85,0,0,0,0,19-APR-2021,
OPTSTK,NAUKRI,24-Jun-2021,3400,PE,0,0,0,101.15,39.65,0,0,0,0,19-APR-2021,
OPTSTK,NAUKRI,24-Jun-2021,3500,PE,0,0,0,123.6,51.75,0,0,0,0,19-APR-2021,
OPTSTK,NAUKRI,24-Jun-2021,3600,PE,0,0,0,149.3,66.3,0,0,0,0,19-APR-2021,
OPTSTK,NAUKRI,24-Jun-2021,3700,PE,0,0,0,178.05,83.65,0,0,0,0,19-APR-2021,
OPTSTK,NAUKRI,24-Jun-2021,3800,PE,0,0,0,210.1,103.9,0,0,0,0,19-APR-2021,
OPTSTK,NAUKRI,24-Jun-2021,3900,PE,0,0,0,245.4,127.35,0,0,0,0,19-APR-2021,
OPTSTK,NAUKRI,24-Jun-2021,4000,PE,0,0,0,284.3,154.2,0,0,0,0,19-APR-2021,
OPTSTK,NAUKRI,24-Jun-2021,4100,PE,0,0,0,326.55,184.35,0,0,0,0,19-APR-2021,
OPTSTK,NAUKRI,24-Jun-2021,4200,PE,0,0,0,372.15,217.9,0,0,0,0,19-APR-2021,
OPTSTK,NAUKRI,24-Jun-2021,4300,PE,0,0,0,421.1,255.3,0,0,0,0,19-APR-2021,
OPTSTK,NAUKRI,24-Jun-2021,4400,PE,0,0,0,473.25,296.3,0,0,0,0,19-APR-2021,
OPTSTK,NAUKRI,24-Jun-2021,4500,PE,0,0,0,528.55,340.95,0,0,0,0,19-APR-2021,
OPTSTK,NAUKRI,24-Jun-2021,4600,PE,0,0,0,586.9,389.2,0,0,0,0,19-APR-2021,
OPTSTK,NAUKRI,24-Jun-2021,4700,PE,0,0,0,648.15,441,0,0,0,0,19-APR-2021,
OPTSTK,NAUKRI,24-Jun-2021,4800,PE,0,0,0,712.2,496.2,0,0,0,0,19-APR-2021,
OPTSTK,NAUKRI,24-Jun-2021,4900,PE,0,0,0,778.95,554.75,0,0,0,0,19-APR-2021,
OPTSTK,NAUKRI,24-Jun-2021,5000,PE,0,0,0,848.2,616.45,0,0,0,0,19-APR-2021,
OPTSTK,NAUKRI,24-Jun-2021,5100,PE,0,0,0,919.8,681.25,0,0,0,0,19-APR-2021,
OPTSTK,NAUKRI,24-Jun-2021,5200,PE,0,0,0,993.9,748.95,0,0,0,0,19-APR-2021,
OPTSTK,NAUKRI,24-Jun-2021,5300,PE,0,0,0,1069.95,819.35,0,0,0,0,19-APR-2021,
OPTSTK,NAUKRI,24-Jun-2021,5400,PE,0,0,0,1147.95,892.55,0,0,0,0,19-APR-2021,
OPTSTK,NAUKRI,24-Jun-2021,5500,PE,0,0,0,1227.75,968.05,0,0,0,0,19-APR-2021,
OPTSTK,NAUKRI,24-Jun-2021,5600,PE,0,0,0,1309.1,1045.75,0,0,0,0,19-APR-2021,
OPTSTK,NAUKRI,24-Jun-2021,5700,PE,0,0,0,1392.15,1125.55,0,0,0,0,19-APR-2021,
OPTSTK,NAUKRI,24-Jun-2021,5800,PE,0,0,0,1476.65,1207,0,0,0,0,19-APR-2021,
OPTSTK,NAUKRI,24-Jun-2021,5900,PE,0,0,0,1562.45,1290.45,0,0,0,0,19-APR-2021,
OPTSTK,NAUKRI,24-Jun-2021,6000,PE,0,0,0,1649.55,1375.45,0,0,0,0,19-APR-2021,
OPTSTK,NAUKRI,24-Jun-2021,6100,PE,0,0,0,1737.7,1462,0,0,0,0,19-APR-2021,
OPTSTK,NAUKRI,24-Jun-2021,6200,PE,0,0,0,1826.95,1549.85,0,0,0,0,19-APR-2021,
OPTSTK,NAUKRI,24-Jun-2021,6300,PE,0,0,0,1917.1,1638.9,0,0,0,0,19-APR-2021,
OPTSTK,NAUKRI,24-Jun-2021,6400,PE,0,0,0,2008.15,1729.1,0,0,0,0,19-APR-2021,
OPTSTK,NAVINFLUOR,29-Apr-2021,1900,CE,0,0,0,592.5,1178.25,0,0,0,0,19-APR-2021,
OPTSTK,NAVINFLUOR,29-Apr-2021,1950,CE,0,0,0,542.8,1128.3,0,0,0,0,19-APR-2021,
OPTSTK,NAVINFLUOR,29-Apr-2021,2000,CE,0,0,0,493.1,1078.35,0,0,0,0,19-APR-2021,
OPTSTK,NAVINFLUOR,29-Apr-2021,2050,CE,0,0,0,443.45,1028.4,0,0,0,0,19-APR-2021,
OPTSTK,NAVINFLUOR,29-Apr-2021,2100,CE,0,0,0,393.75,978.45,0,0,0,0,19-APR-2021,
OPTSTK,NAVINFLUOR,29-Apr-2021,2150,CE,0,0,0,344.1,928.5,0,0,0,0,19-APR-2021,
OPTSTK,NAVINFLUOR,29-Apr-2021,2200,CE,0,0,0,294.4,878.55,0,0,0,0,19-APR-2021,
OPTSTK,NAVINFLUOR,29-Apr-2021,2250,CE,0,0,0,244.75,828.65,0,0,0,0,19-APR-2021,
OPTSTK,NAVINFLUOR,29-Apr-2021,2300,CE,0,0,0,195.05,778.75,0,0,0,0,19-APR-2021,
OPTSTK,NAVINFLUOR,29-Apr-2021,2350,CE,0,0,0,145.4,728.85,0,0,0,0,19-APR-2021,
OPTSTK,NAVINFLUOR,29-Apr-2021,2400,CE,0,0,0,95.7,679.1,0,0,0,0,19-APR-2021,
OPTSTK,NAVINFLUOR,29-Apr-2021,2450,CE,0,0,0,46.05,629.5,0,0,0,0,19-APR-2021,
OPTSTK,NAVINFLUOR,29-Apr-2021,2500,CE,0,0,0,557.5,580.15,0,0,2250,0,19-APR-2021,
OPTSTK,NAVINFLUOR,29-Apr-2021,2550,CE,0,0,0,0.05,531.25,0,0,0,0,19-APR-2021,
OPTSTK,NAVINFLUOR,29-Apr-2021,2600,CE,0,0,0,390,483,0,0,4500,0,19-APR-2021,
OPTSTK,NAVINFLUOR,29-Apr-2021,2650,CE,0,0,0,310.8,435.65,0,0,450,0,19-APR-2021,
OPTSTK,NAVINFLUOR,29-Apr-2021,2700,CE,0,0,0,468.95,389.5,0,0,7875,0,19-APR-2021,
OPTSTK,NAVINFLUOR,29-Apr-2021,2750,CE,0,0,0,427.95,344.95,0,0,2025,0,19-APR-2021,
OPTSTK,NAVINFLUOR,29-Apr-2021,2800,CE,261.7,261.7,261.7,261.7,302.4,1,6.88,6975,-225,19-APR-2021,
OPTSTK,NAVINFLUOR,29-Apr-2021,2850,CE,0,0,0,176.7,262.2,0,0,225,0,19-APR-2021,
OPTSTK,NAVINFLUOR,29-Apr-2021,2900,CE,193.3,193.3,193.3,193.3,224.8,1,6.95,4500,0,19-APR-2021,
OPTSTK,NAVINFLUOR,29-Apr-2021,2950,CE,0,0,0,208.65,190.25,0,0,1125,0,19-APR-2021,
OPTSTK,NAVINFLUOR,29-Apr-2021,3000,CE,99,160,99,126.95,126.95,4,28.11,40950,-225,19-APR-2021,
OPTSTK,NAVINFLUOR,29-Apr-2021,3050,CE,110,138.4,110,122.1,131.35,3,21.42,1575,225,19-APR-2021,
OPTSTK,NAVINFLUOR,29-Apr-2021,3100,CE,90.15,112,48.85,72.45,72.45,636,4564.75,56700,4275,19-APR-2021,
OPTSTK,NAVINFLUOR,29-Apr-2021,3150,CE,49.05,90.85,35.7,53.4,53.4,129,933.3,18225,3375,19-APR-2021,
OPTSTK,NAVINFLUOR,29-Apr-2021,3200,CE,29.05,68.95,23,36.85,36.85,417,3044.27,60525,4950,19-APR-2021,
OPTSTK,NAVINFLUOR,29-Apr-2021,3250,CE,0,0,0,0.05,53.4,0,0,0,0,19-APR-2021,
OPTSTK,NAVINFLUOR,29-Apr-2021,3300,CE,36.25,40.55,10.25,19.9,19.9,558,4175.32,82350,-1125,19-APR-2021,
OPTSTK,NAVINFLUOR,29-Apr-2021,3350,CE,10.1,25,7.15,14.45,14.45,38,287.56,34200,-450,19-APR-2021,
OPTSTK,NAVINFLUOR,29-Apr-2021,3400,CE,18.5,26,6.8,13.25,13.25,86,661.44,14625,2250,19-APR-2021,
OPTSTK,NAVINFLUOR,29-Apr-2021,3450,CE,0,0,0,0.05,17.6,0,0,0,0,19-APR-2021,
OPTSTK,NAVINFLUOR,29-Apr-2021,3500,CE,6,15,4.8,7.5,7.5,105,828.85,19125,1575,19-APR-2021,
OPTSTK,NAVINFLUOR,29-Apr-2021,3550,CE,0,0,0,0.05,9.35,0,0,0,0,19-APR-2021,
OPTSTK,NAVINFLUOR,29-Apr-2021,3600,CE,0,0,0,31.15,6.7,0,0,0,0,19-APR-2021,
OPTSTK,NAVINFLUOR,29-Apr-2021,3650,CE,0,0,0,27.5,4.7,0,0,0,0,19-APR-2021,
OPTSTK,NAVINFLUOR,29-Apr-2021,3700,CE,0,0,0,40.7,3.3,0,0,0,0,19-APR-2021,
OPTSTK,NAVINFLUOR,29-Apr-2021,1900,PE,0,0,0,0.05,0,0,0,0,0,19-APR-2021,
OPTSTK,NAVINFLUOR,29-Apr-2021,1950,PE,0,0,0,0.05,0,0,0,0,0,19-APR-2021,
OPTSTK,NAVINFLUOR,29-Apr-2021,2000,PE,0,0,0,0.05,0,0,0,0,0,19-APR-2021,
OPTSTK,NAVINFLUOR,29-Apr-2021,2050,PE,0,0,0,0.05,0,0,0,0,0,19-APR-2021,
OPTSTK,NAVINFLUOR,29-Apr-2021,2100,PE,0,0,0,0.05,0,0,0,0,0,19-APR-2021,
OPTSTK,NAVINFLUOR,29-Apr-2021,2150,PE,0,0,0,0.05,0,0,0,0,0,19-APR-2021,
OPTSTK,NAVINFLUOR,29-Apr-2021,2200,PE,0,0,0,0.05,0.05,0,0,0,0,19-APR-2021,
OPTSTK,NAVINFLUOR,29-Apr-2021,2250,PE,0,0,0,0.05,0.05,0,0,0,0,19-APR-2021,
OPTSTK,NAVINFLUOR,29-Apr-2021,2300,PE,0,0,0,0.2,0.1,0,0,1575,0,19-APR-2021,
OPTSTK,NAVINFLUOR,29-Apr-2021,2350,PE,0,0,0,0.05,0.2,0,0,0,0,19-APR-2021,
OPTSTK,NAVINFLUOR,29-Apr-2021,2400,PE,0,0,0,5.55,0.35,0,0,2250,0,19-APR-2021,
OPTSTK,NAVINFLUOR,29-Apr-2021,2450,PE,0,0,0,0.05,0.7,0,0,0,0,19-APR-2021,
OPTSTK,NAVINFLUOR,29-Apr-2021,2500,PE,0,0,0,2.25,1.35,0,0,4725,0,19-APR-2021,
OPTSTK,NAVINFLUOR,29-Apr-2021,2550,PE,0,0,0,53.35,2.4,0,0,0,0,19-APR-2021,
OPTSTK,NAVINFLUOR,29-Apr-2021,2600,PE,0,0,0,11,4.05,0,0,9000,0,19-APR-2021,
OPTSTK,NAVINFLUOR,29-Apr-2021,2650,PE,0,0,0,152.7,6.65,0,0,0,0,19-APR-2021,
OPTSTK,NAVINFLUOR,29-Apr-2021,2700,PE,8.1,8.1,3.5,4.05,10.45,7,42.59,12825,0,19-APR-2021,
OPTSTK,NAVINFLUOR,29-Apr-2021,2750,PE,0,0,0,252.1,15.9,0,0,0,0,19-APR-2021,
OPTSTK,NAVINFLUOR,29-Apr-2021,2800,PE,9.45,9.45,9.4,9.4,23.25,2,12.64,7425,0,19-APR-2021,
OPTSTK,NAVINFLUOR,29-Apr-2021,2850,PE,0,0,0,351.45,33,0,0,0,0,19-APR-2021,
OPTSTK,NAVINFLUOR,29-Apr-2021,2900,PE,25,28,14.1,14.65,14.65,38,249.83,26550,-225,19-APR-2021,
OPTSTK,NAVINFLUOR,29-Apr-2021,2950,PE,0,0,0,450.8,61,0,0,0,0,19-APR-2021,
OPTSTK,NAVINFLUOR,29-Apr-2021,3000,PE,55.05,66.35,38,43.2,43.2,91,624.59,11925,1125,19-APR-2021,
OPTSTK,NAVINFLUOR,29-Apr-2021,3050,PE,0,0,0,550.15,102,0,0,0,0,19-APR-2021,
OPTSTK,NAVINFLUOR,29-Apr-2021,3100,PE,107.7,124,76,86.4,86.4,66,474.52,12150,-2475,19-APR-2021,
OPTSTK,NAVINFLUOR,29-Apr-2021,3150,PE,0,0,0,649.5,156.55,0,0,0,0,19-APR-2021,
OPTSTK,NAVINFLUOR,29-Apr-2021,3200,PE,0,0,0,699.15,188.7,0,0,0,0,19-APR-2021,
OPTSTK,NAVINFLUOR,29-Apr-2021,3250,PE,0,0,0,748.85,223.85,0,0,0,0,19-APR-2021,
OPTSTK,NAVINFLUOR,29-Apr-2021,3300,PE,0,0,0,798.55,261.65,0,0,0,0,19-APR-2021,
OPTSTK,NAVINFLUOR,29-Apr-2021,3350,PE,0,0,0,848.2,301.8,0,0,0,0,19-APR-2021,
OPTSTK,NAVINFLUOR,29-Apr-2021,3400,PE,0,0,0,897.9,343.95,0,0,0,0,19-APR-2021,
OPTSTK,NAVINFLUOR,29-Apr-2021,3450,PE,0,0,0,947.55,387.8,0,0,0,0,19-APR-2021,
OPTSTK,NAVINFLUOR,29-Apr-2021,3500,PE,0,0,0,997.25,433.05,0,0,0,0,19-APR-2021,
OPTSTK,NAVINFLUOR,29-Apr-2021,3550,PE,0,0,0,983.35,479.45,0,0,0,0,19-APR-2021,
OPTSTK,NAVINFLUOR,29-Apr-2021,3600,PE,0,0,0,951.95,526.75,0,0,0,0,19-APR-2021,
OPTSTK,NAVINFLUOR,29-Apr-2021,3650,PE,0,0,0,998,574.75,0,0,0,0,19-APR-2021,
OPTSTK,NAVINFLUOR,29-Apr-2021,3700,PE,0,0,0,913,623.25,0,0,0,0,19-APR-2021,
OPTSTK,NAVINFLUOR,27-May-2021,1900,CE,0,0,0,597.9,1184.4,0,0,0,0,19-APR-2021,
OPTSTK,NAVINFLUOR,27-May-2021,1950,CE,0,0,0,548.35,1134.95,0,0,0,0,19-APR-2021,
OPTSTK,NAVINFLUOR,27-May-2021,2000,CE,0,0,0,498.85,1085.65,0,0,0,0,19-APR-2021,
OPTSTK,NAVINFLUOR,27-May-2021,2050,CE,0,0,0,449.3,1036.55,0,0,0,0,19-APR-2021,
OPTSTK,NAVINFLUOR,27-May-2021,2100,CE,0,0,0,399.75,987.75,0,0,0,0,19-APR-2021,
OPTSTK,NAVINFLUOR,27-May-2021,2150,CE,0,0,0,350.25,939.3,0,0,0,0,19-APR-2021,
OPTSTK,NAVINFLUOR,27-May-2021,2200,CE,0,0,0,300.7,891.3,0,0,0,0,19-APR-2021,
OPTSTK,NAVINFLUOR,27-May-2021,2250,CE,0,0,0,251.15,843.85,0,0,0,0,19-APR-2021,
OPTSTK,NAVINFLUOR,27-May-2021,2300,CE,0,0,0,201.6,797.05,0,0,0,0,19-APR-2021,
OPTSTK,NAVINFLUOR,27-May-2021,2350,CE,0,0,0,152.1,751,0,0,0,0,19-APR-2021,
OPTSTK,NAVINFLUOR,27-May-2021,2400,CE,0,0,0,102.55,705.8,0,0,0,0,19-APR-2021,
OPTSTK,NAVINFLUOR,27-May-2021,2450,CE,0,0,0,53,661.65,0,0,0,0,19-APR-2021,
OPTSTK,NAVINFLUOR,27-May-2021,2500,CE,0,0,0,4.9,618.6,0,0,0,0,19-APR-2021,
OPTSTK,NAVINFLUOR,27-May-2021,2550,CE,0,0,0,0.05,576.75,0,0,0,0,19-APR-2021,
OPTSTK,NAVINFLUOR,27-May-2021,2600,CE,0,0,0,0.05,536.3,0,0,0,0,19-APR-2021,
OPTSTK,NAVINFLUOR,27-May-2021,2650,CE,0,0,0,0.05,497.25,0,0,0,0,19-APR-2021,
OPTSTK,NAVINFLUOR,27-May-2021,2700,CE,0,0,0,0.05,459.85,0,0,0,0,19-APR-2021,
OPTSTK,NAVINFLUOR,27-May-2021,2750,CE,0,0,0,0.05,423.95,0,0,0,0,19-APR-2021,
OPTSTK,NAVINFLUOR,27-May-2021,2800,CE,0,0,0,0.05,389.65,0,0,0,0,19-APR-2021,
OPTSTK,NAVINFLUOR,27-May-2021,2850,CE,0,0,0,0.05,357.2,0,0,0,0,19-APR-2021,
OPTSTK,NAVINFLUOR,27-May-2021,2900,CE,0,0,0,0.05,326.55,0,0,0,0,19-APR-2021,
OPTSTK,NAVINFLUOR,27-May-2021,2950,CE,0,0,0,0.05,297.7,0,0,0,0,19-APR-2021,
OPTSTK,NAVINFLUOR,27-May-2021,3000,CE,0,0,0,0.05,270.65,0,0,0,0,19-APR-2021,
OPTSTK,NAVINFLUOR,27-May-2021,3050,CE,0,0,0,0.05,245.35,0,0,0,0,19-APR-2021,
OPTSTK,NAVINFLUOR,27-May-2021,3100,CE,0,0,0,0.05,221.8,0,0,0,0,19-APR-2021,
OPTSTK,NAVINFLUOR,27-May-2021,3150,CE,0,0,0,0.05,200,0,0,0,0,19-APR-2021,
OPTSTK,NAVINFLUOR,27-May-2021,3200,CE,0,0,0,0.05,179.85,0,0,0,0,19-APR-2021,
OPTSTK,NAVINFLUOR,27-May-2021,3250,CE,0,0,0,0.05,161.3,0,0,0,0,19-APR-2021,
OPTSTK,NAVINFLUOR,27-May-2021,3300,CE,98,98,98,98,144.3,1,7.64,225,225,19-APR-2021,
OPTSTK,NAVINFLUOR,27-May-2021,3350,CE,0,0,0,0.05,128.8,0,0,0,0,19-APR-2021,
OPTSTK,NAVINFLUOR,27-May-2021,3400,CE,0,0,0,0.05,114.65,0,0,0,0,19-APR-2021,
OPTSTK,NAVINFLUOR,27-May-2021,3450,CE,0,0,0,0.05,101.95,0,0,0,0,19-APR-2021,
OPTSTK,NAVINFLUOR,27-May-2021,3500,CE,0,0,0,0.05,90.4,0,0,0,0,19-APR-2021,
OPTSTK,NAVINFLUOR,27-May-2021,3550,CE,0,0,0,0.05,80,0,0,0,0,19-APR-2021,
OPTSTK,NAVINFLUOR,27-May-2021,3600,CE,0,0,0,61.7,70.45,0,0,0,0,19-APR-2021,
OPTSTK,NAVINFLUOR,27-May-2021,3650,CE,0,0,0,56.3,62.05,0,0,0,0,19-APR-2021,
OPTSTK,NAVINFLUOR,27-May-2021,3700,CE,0,0,0,76.8,54.5,0,0,0,0,19-APR-2021,
OPTSTK,NAVINFLUOR,27-May-2021,1900,PE,0,0,0,0.05,0.65,0,0,0,0,19-APR-2021,
OPTSTK,NAVINFLUOR,27-May-2021,1950,PE,0,0,0,0.05,1,0,0,0,0,19-APR-2021,
OPTSTK,NAVINFLUOR,27-May-2021,2000,PE,0,0,0,0.05,1.5,0,0,0,0,19-APR-2021,
OPTSTK,NAVINFLUOR,27-May-2021,2050,PE,0,0,0,0.05,2.2,0,0,0,0,19-APR-2021,
OPTSTK,NAVINFLUOR,27-May-2021,2100,PE,0,0,0,0.05,3.2,0,0,0,0,19-APR-2021,
OPTSTK,NAVINFLUOR,27-May-2021,2150,PE,0,0,0,0.05,4.6,0,0,0,0,19-APR-2021,
OPTSTK,NAVINFLUOR,27-May-2021,2200,PE,0,0,0,0.05,6.4,0,0,0,0,19-APR-2021,
OPTSTK,NAVINFLUOR,27-May-2021,2250,PE,0,0,0,0.05,8.75,0,0,0,0,19-APR-2021,
OPTSTK,NAVINFLUOR,27-May-2021,2300,PE,0,0,0,0.05,11.75,0,0,0,0,19-APR-2021,
OPTSTK,NAVINFLUOR,27-May-2021,2350,PE,0,0,0,0.05,15.5,0,0,0,0,19-APR-2021,
OPTSTK,NAVINFLUOR,27-May-2021,2400,PE,0,0,0,0.05,20.1,0,0,0,0,19-APR-2021,
OPTSTK,NAVINFLUOR,27-May-2021,2450,PE,0,0,0,0.05,25.75,0,0,0,0,19-APR-2021,
OPTSTK,NAVINFLUOR,27-May-2021,2500,PE,0,0,0,1.45,32.5,0,0,0,0,19-APR-2021,
OPTSTK,NAVINFLUOR,27-May-2021,2550,PE,0,0,0,46.1,40.5,0,0,0,0,19-APR-2021,
OPTSTK,NAVINFLUOR,27-May-2021,2600,PE,0,0,0,95.65,49.8,0,0,0,0,19-APR-2021,
OPTSTK,NAVINFLUOR,27-May-2021,2650,PE,0,0,0,145.15,60.6,0,0,0,0,19-APR-2021,
OPTSTK,NAVINFLUOR,27-May-2021,2700,PE,0,0,0,194.7,73,0,0,0,0,19-APR-2021,
OPTSTK,NAVINFLUOR,27-May-2021,2750,PE,0,0,0,244.25,86.9,0,0,0,0,19-APR-2021,
OPTSTK,NAVINFLUOR,27-May-2021,2800,PE,0,0,0,293.75,102.4,0,0,0,0,19-APR-2021,
OPTSTK,NAVINFLUOR,27-May-2021,2850,PE,0,0,0,343.3,119.75,0,0,0,0,19-APR-2021,
OPTSTK,NAVINFLUOR,27-May-2021,2900,PE,0,0,0,392.85,138.9,0,0,0,0,19-APR-2021,
OPTSTK,NAVINFLUOR,27-May-2021,2950,PE,0,0,0,442.35,159.85,0,0,0,0,19-APR-2021,
OPTSTK,NAVINFLUOR,27-May-2021,3000,PE,0,0,0,491.9,182.6,0,0,0,0,19-APR-2021,
OPTSTK,NAVINFLUOR,27-May-2021,3050,PE,0,0,0,541.45,207.1,0,0,0,0,19-APR-2021,
OPTSTK,NAVINFLUOR,27-May-2021,3100,PE,0,0,0,590.95,233.35,0,0,0,0,19-APR-2021,
OPTSTK,NAVINFLUOR,27-May-2021,3150,PE,0,0,0,640.5,261.35,0,0,0,0,19-APR-2021,
OPTSTK,NAVINFLUOR,27-May-2021,3200,PE,0,0,0,690.05,291,0,0,0,0,19-APR-2021,
OPTSTK,NAVINFLUOR,27-May-2021,3250,PE,0,0,0,739.6,322.3,0,0,0,0,19-APR-2021,
OPTSTK,NAVINFLUOR,27-May-2021,3300,PE,0,0,0,789.1,355.1,0,0,0,0,19-APR-2021,
OPTSTK,NAVINFLUOR,27-May-2021,3350,PE,0,0,0,838.65,389.4,0,0,0,0,19-APR-2021,
OPTSTK,NAVINFLUOR,27-May-2021,3400,PE,0,0,0,888.2,425.05,0,0,0,0,19-APR-2021,
OPTSTK,NAVINFLUOR,27-May-2021,3450,PE,0,0,0,937.7,462.2,0,0,0,0,19-APR-2021,
OPTSTK,NAVINFLUOR,27-May-2021,3500,PE,0,0,0,987.25,500.4,0,0,0,0,19-APR-2021,
OPTSTK,NAVINFLUOR,27-May-2021,3550,PE,0,0,0,973.25,539.8,0,0,0,0,19-APR-2021,
OPTSTK,NAVINFLUOR,27-May-2021,3600,PE,0,0,0,972.25,580.1,0,0,0,0,19-APR-2021,
OPTSTK,NAVINFLUOR,27-May-2021,3650,PE,0,0,0,1016.4,621.45,0,0,0,0,19-APR-2021,
OPTSTK,NAVINFLUOR,27-May-2021,3700,PE,0,0,0,938.55,663.75,0,0,0,0,19-APR-2021,
OPTSTK,NAVINFLUOR,24-Jun-2021,1900,CE,0,0,0,620.55,1194.2,0,0,0,0,19-APR-2021,
OPTSTK,NAVINFLUOR,24-Jun-2021,1950,CE,0,0,0,582.15,1146.2,0,0,0,0,19-APR-2021,
OPTSTK,NAVINFLUOR,24-Jun-2021,2000,CE,0,0,0,545.25,1098.7,0,0,0,0,19-APR-2021,
OPTSTK,NAVINFLUOR,24-Jun-2021,2050,CE,0,0,0,509.7,1051.65,0,0,0,0,19-APR-2021,
OPTSTK,NAVINFLUOR,24-Jun-2021,2100,CE,0,0,0,475.7,1005.25,0,0,0,0,19-APR-2021,
OPTSTK,NAVINFLUOR,24-Jun-2021,2150,CE,0,0,0,443.1,959.45,0,0,0,0,19-APR-2021,
OPTSTK,NAVINFLUOR,24-Jun-2021,2200,CE,0,0,0,412.15,914.4,0,0,0,0,19-APR-2021,
OPTSTK,NAVINFLUOR,24-Jun-2021,2250,CE,0,0,0,382.75,870.15,0,0,0,0,19-APR-2021,
OPTSTK,NAVINFLUOR,24-Jun-2021,2300,CE,0,0,0,354.9,826.8,0,0,0,0,19-APR-2021,
OPTSTK,NAVINFLUOR,24-Jun-2021,2350,CE,0,0,0,328.6,784.45,0,0,0,0,19-APR-2021,
OPTSTK,NAVINFLUOR,24-Jun-2021,2400,CE,0,0,0,303.8,743.1,0,0,0,0,19-APR-2021,
OPTSTK,NAVINFLUOR,24-Jun-2021,2450,CE,0,0,0,280.45,702.85,0,0,0,0,19-APR-2021,
OPTSTK,NAVINFLUOR,24-Jun-2021,2500,CE,0,0,0,258.55,663.75,0,0,0,0,19-APR-2021,
OPTSTK,NAVINFLUOR,24-Jun-2021,2550,CE,0,0,0,238.05,625.9,0,0,0,0,19-APR-2021,
OPTSTK,NAVINFLUOR,24-Jun-2021,2600,CE,0,0,0,218.9,589.35,0,0,0,0,19-APR-2021,
OPTSTK,NAVINFLUOR,24-Jun-2021,2650,CE,0,0,0,201.05,554.05,0,0,0,0,19-APR-2021,
OPTSTK,NAVINFLUOR,24-Jun-2021,2700,CE,0,0,0,184.45,520.05,0,0,0,0,19-APR-2021,
OPTSTK,NAVINFLUOR,24-Jun-2021,2750,CE,0,0,0,169,487.3,0,0,0,0,19-APR-2021,
OPTSTK,NAVINFLUOR,24-Jun-2021,2800,CE,0,0,0,154.7,456.1,0,0,0,0,19-APR-2021,
OPTSTK,NAVINFLUOR,24-Jun-2021,2850,CE,0,0,0,141.45,426.3,0,0,0,0,19-APR-2021,
OPTSTK,NAVINFLUOR,24-Jun-2021,2900,CE,0,0,0,129.35,397.85,0,0,0,0,19-APR-2021,
OPTSTK,NAVINFLUOR,24-Jun-2021,2950,CE,0,0,0,118.05,370.8,0,0,0,0,19-APR-2021,
OPTSTK,NAVINFLUOR,24-Jun-2021,3000,CE,0,0,0,107.7,345.1,0,0,0,0,19-APR-2021,
OPTSTK,NAVINFLUOR,24-Jun-2021,3050,CE,0,0,0,98.15,320.8,0,0,0,0,19-APR-2021,
OPTSTK,NAVINFLUOR,24-Jun-2021,3100,CE,0,0,0,89.25,297.8,0,0,0,0,19-APR-2021,
OPTSTK,NAVINFLUOR,24-Jun-2021,3150,CE,0,0,0,81.2,276.05,0,0,0,0,19-APR-2021,
OPTSTK,NAVINFLUOR,24-Jun-2021,3200,CE,0,0,0,73.8,255.65,0,0,0,0,19-APR-2021,
OPTSTK,NAVINFLUOR,24-Jun-2021,3250,CE,0,0,0,67,236.4,0,0,0,0,19-APR-2021,
OPTSTK,NAVINFLUOR,24-Jun-2021,3300,CE,0,0,0,60.85,218.4,0,0,0,0,19-APR-2021,
OPTSTK,NAVINFLUOR,24-Jun-2021,3350,CE,0,0,0,55.15,201.5,0,0,0,0,19-APR-2021,
OPTSTK,NAVINFLUOR,24-Jun-2021,3400,CE,0,0,0,50,185.7,0,0,0,0,19-APR-2021,
OPTSTK,NAVINFLUOR,24-Jun-2021,3450,CE,0,0,0,45.3,171,0,0,0,0,19-APR-2021,
OPTSTK,NAVINFLUOR,24-Jun-2021,3500,CE,0,0,0,41,157.25,0,0,0,0,19-APR-2021,
OPTSTK,NAVINFLUOR,24-Jun-2021,3550,CE,0,0,0,37.1,144.65,0,0,0,0,19-APR-2021,
OPTSTK,NAVINFLUOR,24-Jun-2021,3600,CE,0,0,0,68.8,132.8,0,0,0,0,19-APR-2021,
OPTSTK,NAVINFLUOR,24-Jun-2021,3650,CE,0,0,0,62.8,121.8,0,0,0,0,19-APR-2021,
OPTSTK,NAVINFLUOR,24-Jun-2021,3700,CE,0,0,0,57.25,111.65,0,0,0,0,19-APR-2021,
OPTSTK,NAVINFLUOR,24-Jun-2021,1900,PE,0,0,0,55.45,5,0,0,0,0,19-APR-2021,
OPTSTK,NAVINFLUOR,24-Jun-2021,1950,PE,0,0,0,66.6,6.7,0,0,0,0,19-APR-2021,
OPTSTK,NAVINFLUOR,24-Jun-2021,2000,PE,0,0,0,79.25,8.85,0,0,0,0,19-APR-2021,
OPTSTK,NAVINFLUOR,24-Jun-2021,2050,PE,0,0,0,93.25,11.45,0,0,0,0,19-APR-2021,
OPTSTK,NAVINFLUOR,24-Jun-2021,2100,PE,0,0,0,108.75,14.7,0,0,0,0,19-APR-2021,
OPTSTK,NAVINFLUOR,24-Jun-2021,2150,PE,0,0,0,125.65,18.55,0,0,0,0,19-APR-2021,
OPTSTK,NAVINFLUOR,24-Jun-2021,2200,PE,0,0,0,144.25,23.2,0,0,0,0,19-APR-2021,
OPTSTK,NAVINFLUOR,24-Jun-2021,2250,PE,0,0,0,164.4,28.6,0,0,0,0,19-APR-2021,
OPTSTK,NAVINFLUOR,24-Jun-2021,2300,PE,0,0,0,186.1,34.9,0,0,0,0,19-APR-2021,
OPTSTK,NAVINFLUOR,24-Jun-2021,2350,PE,0,0,0,209.35,42.2,0,0,0,0,19-APR-2021,
OPTSTK,NAVINFLUOR,24-Jun-2021,2400,PE,0,0,0,234.05,50.5,0,0,0,0,19-APR-2021,
OPTSTK,NAVINFLUOR,24-Jun-2021,2450,PE,0,0,0,260.25,59.95,0,0,0,0,19-APR-2021,
OPTSTK,NAVINFLUOR,24-Jun-2021,2500,PE,0,0,0,287.9,70.5,0,0,0,0,19-APR-2021,
OPTSTK,NAVINFLUOR,24-Jun-2021,2550,PE,0,0,0,316.95,82.3,0,0,0,0,19-APR-2021,
OPTSTK,NAVINFLUOR,24-Jun-2021,2600,PE,0,0,0,347.3,95.45,0,0,0,0,19-APR-2021,
OPTSTK,NAVINFLUOR,24-Jun-2021,2650,PE,0,0,0,379,109.75,0,0,0,0,19-APR-2021,
OPTSTK,NAVINFLUOR,24-Jun-2021,2700,PE,0,0,0,411.9,125.45,0,0,0,0,19-APR-2021,
OPTSTK,NAVINFLUOR,24-Jun-2021,2750,PE,0,0,0,446,142.4,0,0,0,0,19-APR-2021,
OPTSTK,NAVINFLUOR,24-Jun-2021,2800,PE,0,0,0,481.25,160.85,0,0,0,0,19-APR-2021,
OPTSTK,NAVINFLUOR,24-Jun-2021,2850,PE,0,0,0,517.5,180.65,0,0,0,0,19-APR-2021,
OPTSTK,NAVINFLUOR,24-Jun-2021,2900,PE,0,0,0,554.95,201.9,0,0,0,0,19-APR-2021,
OPTSTK,NAVINFLUOR,24-Jun-2021,2950,PE,0,0,0,593.2,224.5,0,0,0,0,19-APR-2021,
OPTSTK,NAVINFLUOR,24-Jun-2021,3000,PE,0,0,0,632.35,248.5,0,0,0,0,19-APR-2021,
OPTSTK,NAVINFLUOR,24-Jun-2021,3050,PE,0,0,0,672.35,273.8,0,0,0,0,19-APR-2021,
OPTSTK,NAVINFLUOR,24-Jun-2021,3100,PE,0,0,0,713,300.5,0,0,0,0,19-APR-2021,
OPTSTK,NAVINFLUOR,24-Jun-2021,3150,PE,0,0,0,754.5,328.45,0,0,0,0,19-APR-2021,
OPTSTK,NAVINFLUOR,24-Jun-2021,3200,PE,0,0,0,796.6,357.65,0,0,0,0,19-APR-2021,
OPTSTK,NAVINFLUOR,24-Jun-2021,3250,PE,0,0,0,839.4,388.1,0,0,0,0,19-APR-2021,
OPTSTK,NAVINFLUOR,24-Jun-2021,3300,PE,0,0,0,882.7,419.75,0,0,0,0,19-APR-2021,
OPTSTK,NAVINFLUOR,24-Jun-2021,3350,PE,0,0,0,926.6,452.5,0,0,0,0,19-APR-2021,
OPTSTK,NAVINFLUOR,24-Jun-2021,3400,PE,0,0,0,970.95,486.4,0,0,0,0,19-APR-2021,
OPTSTK,NAVINFLUOR,24-Jun-2021,3450,PE,0,0,0,1015.8,521.3,0,0,0,0,19-APR-2021,
OPTSTK,NAVINFLUOR,24-Jun-2021,3500,PE,0,0,0,1061.05,557.25,0,0,0,0,19-APR-2021,
OPTSTK,NAVINFLUOR,24-Jun-2021,3550,PE,0,0,0,1106.7,594.3,0,0,0,0,19-APR-2021,
OPTSTK,NAVINFLUOR,24-Jun-2021,3600,PE,0,0,0,918.75,632.1,0,0,0,0,19-APR-2021,
OPTSTK,NAVINFLUOR,24-Jun-2021,3650,PE,0,0,0,962.3,670.8,0,0,0,0,19-APR-2021,
OPTSTK,NAVINFLUOR,24-Jun-2021,3700,PE,0,0,0,1006.35,710.3,0,0,0,0,19-APR-2021,
OPTSTK,NESTLEIND,29-Apr-2021,14100,CE,0,0,0,3574.6,3004.05,0,0,0,0,19-APR-2021,
OPTSTK,NESTLEIND,29-Apr-2021,14200,CE,0,0,0,3489.1,2904.2,0,0,0,0,19-APR-2021,
OPTSTK,NESTLEIND,29-Apr-2021,14300,CE,0,0,0,3404.4,2804.35,0,0,0,0,19-APR-2021,
OPTSTK,NESTLEIND,29-Apr-2021,14400,CE,0,0,0,3320.6,2704.55,0,0,0,0,19-APR-2021,
OPTSTK,NESTLEIND,29-Apr-2021,14500,CE,0,0,0,3237.7,2604.8,0,0,0,0,19-APR-2021,
OPTSTK,NESTLEIND,29-Apr-2021,14600,CE,0,0,0,3155.8,2505.15,0,0,0,0,19-APR-2021,
OPTSTK,NESTLEIND,29-Apr-2021,14700,CE,0,0,0,3074.8,2405.55,0,0,0,0,19-APR-2021,
OPTSTK,NESTLEIND,29-Apr-2021,14800,CE,0,0,0,2994.85,2306.15,0,0,0,0,19-APR-2021,
OPTSTK,NESTLEIND,29-Apr-2021,14900,CE,0,0,0,2915.9,2206.9,0,0,0,0,19-APR-2021,
OPTSTK,NESTLEIND,29-Apr-2021,15000,CE,0,0,0,2838,2107.9,0,0,0,0,19-APR-2021,
OPTSTK,NESTLEIND,29-Apr-2021,15100,CE,0,0,0,2761.15,2009.25,0,0,0,0,19-APR-2021,
OPTSTK,NESTLEIND,29-Apr-2021,15200,CE,0,0,0,2685.45,1911.05,0,0,0,0,19-APR-2021,
OPTSTK,NESTLEIND,29-Apr-2021,15300,CE,0,0,0,2610.8,1813.35,0,0,0,0,19-APR-2021,
OPTSTK,NESTLEIND,29-Apr-2021,15400,CE,0,0,0,2537.9,1716.4,0,0,0,0,19-APR-2021,
OPTSTK,NESTLEIND,29-Apr-2021,15500,CE,0,0,0,2465.5,1620.25,0,0,0,0,19-APR-2021,
OPTSTK,NESTLEIND,29-Apr-2021,15600,CE,0,0,0,2394.3,1525.2,0,0,0,0,19-APR-2021,
OPTSTK,NESTLEIND,29-Apr-2021,15700,CE,0,0,0,2324.25,1431.35,0,0,0,0,19-APR-2021,
OPTSTK,NESTLEIND,29-Apr-2021,15800,CE,0,0,0,2255.45,1339,0,0,0,0,19-APR-2021,
OPTSTK,NESTLEIND,29-Apr-2021,15900,CE,0,0,0,2187.25,1248.35,0,0,0,0,19-APR-2021,
OPTSTK,NESTLEIND,29-Apr-2021,16000,CE,1080,1080,1070,1070,1070,2,17.07,0,-100,19-APR-2021,
OPTSTK,NESTLEIND,29-Apr-2021,16100,CE,0,0,0,2055.95,1073.3,0,0,0,0,19-APR-2021,
OPTSTK,NESTLEIND,29-Apr-2021,16200,CE,0,0,0,1992.2,989.45,0,0,0,0,19-APR-2021,
OPTSTK,NESTLEIND,29-Apr-2021,16300,CE,0,0,0,1929.7,908.4,0,0,0,0,19-APR-2021,
OPTSTK,NESTLEIND,29-Apr-2021,16400,CE,0,0,0,1868.5,830.4,0,0,0,0,19-APR-2021,
OPTSTK,NESTLEIND,29-Apr-2021,16500,CE,624.55,624.55,624.55,624.55,756.25,1,8.56,1400,0,19-APR-2021,
OPTSTK,NESTLEIND,29-Apr-2021,16600,CE,0,0,0,1749.9,684.4,0,0,0,0,19-APR-2021,
OPTSTK,NESTLEIND,29-Apr-2021,16700,CE,0,0,0,1692.55,617.05,0,0,0,0,19-APR-2021,
OPTSTK,NESTLEIND,29-Apr-2021,16800,CE,0,0,0,1636.45,553.6,0,0,0,0,19-APR-2021,
OPTSTK,NESTLEIND,29-Apr-2021,16900,CE,0,0,0,1581.65,494.15,0,0,0,0,19-APR-2021,
OPTSTK,NESTLEIND,29-Apr-2021,17000,CE,230.05,350.05,210,319.15,319.15,261,2258.59,10150,1250,19-APR-2021,
OPTSTK,NESTLEIND,29-Apr-2021,17100,CE,0,0,0,1475.85,387.55,0,0,0,0,19-APR-2021,
OPTSTK,NESTLEIND,29-Apr-2021,17200,CE,135.75,300,135.75,238,238,19,165.6,700,450,19-APR-2021,
OPTSTK,NESTLEIND,29-Apr-2021,17300,CE,0,0,0,1375.1,297.55,0,0,0,0,19-APR-2021,
OPTSTK,NESTLEIND,29-Apr-2021,17400,CE,0,0,0,1326.65,258.55,0,0,0,0,19-APR-2021,
OPTSTK,NESTLEIND,29-Apr-2021,17500,CE,130.35,154.95,105.05,145.55,145.55,500,4409.19,17650,3900,19-APR-2021,
OPTSTK,NESTLEIND,29-Apr-2021,17600,CE,0,0,0,1233.5,191.9,0,0,0,0,19-APR-2021,
OPTSTK,NESTLEIND,29-Apr-2021,17700,CE,0,0,0,1188.75,163.95,0,0,0,0,19-APR-2021,
OPTSTK,NESTLEIND,29-Apr-2021,17800,CE,0,0,0,1145.25,139.4,0,0,0,0,19-APR-2021,
OPTSTK,NESTLEIND,29-Apr-2021,17900,CE,0,0,0,1102.95,117.75,0,0,0,0,19-APR-2021,
OPTSTK,NESTLEIND,29-Apr-2021,18000,CE,48,82.4,48,75.7,75.7,191,1725.73,24900,200,19-APR-2021,
OPTSTK,NESTLEIND,29-Apr-2021,18100,CE,0,0,0,65,82.55,0,0,150,0,19-APR-2021,
OPTSTK,NESTLEIND,29-Apr-2021,18200,CE,0,0,0,983.15,68.5,0,0,0,0,19-APR-2021,
OPTSTK,NESTLEIND,29-Apr-2021,18300,CE,0,0,0,945.5,56.5,0,0,0,0,19-APR-2021,
OPTSTK,NESTLEIND,29-Apr-2021,18400,CE,0,0,0,909.05,46.3,0,0,0,0,19-APR-2021,
OPTSTK,NESTLEIND,29-Apr-2021,18500,CE,40,49.9,24,36.55,36.55,16,148.29,3000,50,19-APR-2021,
OPTSTK,NESTLEIND,29-Apr-2021,18600,CE,0,0,0,839.4,30.6,0,0,0,0,19-APR-2021,
OPTSTK,NESTLEIND,29-Apr-2021,18700,CE,0,0,0,806.2,24.65,0,0,0,0,19-APR-2021,
OPTSTK,NESTLEIND,29-Apr-2021,18800,CE,0,0,0,774.05,19.75,0,0,0,0,19-APR-2021,
OPTSTK,NESTLEIND,29-Apr-2021,18900,CE,0,0,0,742.95,15.7,0,0,0,0,19-APR-2021,
OPTSTK,NESTLEIND,29-Apr-2021,19000,CE,8.65,30,8.65,20.2,20.2,59,561.06,8000,150,19-APR-2021,
OPTSTK,NESTLEIND,29-Apr-2021,19100,CE,0,0,0,683.75,9.8,0,0,0,0,19-APR-2021,
OPTSTK,NESTLEIND,29-Apr-2021,19200,CE,0,0,0,655.65,7.65,0,0,0,0,19-APR-2021,
OPTSTK,NESTLEIND,29-Apr-2021,19300,CE,0,0,0,628.5,5.95,0,0,0,0,19-APR-2021,
OPTSTK,NESTLEIND,29-Apr-2021,19400,CE,0,0,0,602.25,4.6,0,0,0,0,19-APR-2021,
OPTSTK,NESTLEIND,29-Apr-2021,19500,CE,0,0,0,577.8,3.55,0,0,0,0,19-APR-2021,
OPTSTK,NESTLEIND,29-Apr-2021,19600,CE,0,0,0,553.45,2.7,0,0,0,0,19-APR-2021,
OPTSTK,NESTLEIND,29-Apr-2021,19700,CE,0,0,0,530,2.05,0,0,0,0,19-APR-2021,
OPTSTK,NESTLEIND,29-Apr-2021,19800,CE,0,0,0,507.4,1.55,0,0,0,0,19-APR-2021,
OPTSTK,NESTLEIND,29-Apr-2021,19900,CE,0,0,0,485.6,1.2,0,0,0,0,19-APR-2021,
OPTSTK,NESTLEIND,29-Apr-2021,20000,CE,7,8,7,8,0.9,19,190.06,1200,-900,19-APR-2021,
OPTSTK,NESTLEIND,29-Apr-2021,20100,CE,0,0,0,444.45,0.65,0,0,0,0,19-APR-2021,
OPTSTK,NESTLEIND,29-Apr-2021,20200,CE,0,0,0,424.25,0.5,0,0,0,0,19-APR-2021,
OPTSTK,NESTLEIND,29-Apr-2021,20300,CE,0,0,0,405.5,0.35,0,0,0,0,19-APR-2021,
OPTSTK,NESTLEIND,29-Apr-2021,20400,CE,0,0,0,387.45,0.3,0,0,0,0,19-APR-2021,
OPTSTK,NESTLEIND,29-Apr-2021,20500,CE,0,0,0,370.1,0.2,0,0,0,0,19-APR-2021,
OPTSTK,NESTLEIND,29-Apr-2021,20600,CE,0,0,0,353.4,0.15,0,0,0,0,19-APR-2021,
OPTSTK,NESTLEIND,29-Apr-2021,20700,CE,0,0,0,337.4,0.1,0,0,0,0,19-APR-2021,
OPTSTK,NESTLEIND,29-Apr-2021,20800,CE,0,0,0,322.05,0.1,0,0,0,0,19-APR-2021,
OPTSTK,NESTLEIND,29-Apr-2021,20900,CE,0,0,0,307.25,0.05,0,0,0,0,19-APR-2021,
OPTSTK,NESTLEIND,29-Apr-2021,21000,CE,0,0,0,293.1,0.05,0,0,0,0,19-APR-2021,
OPTSTK,NESTLEIND,29-Apr-2021,21100,CE,0,0,0,279.5,0.05,0,0,0,0,19-APR-2021,
OPTSTK,NESTLEIND,29-Apr-2021,21200,CE,0,0,0,266.5,0.05,0,0,0,0,19-APR-2021,
OPTSTK,NESTLEIND,29-Apr-2021,21300,CE,0,0,0,254,0.05,0,0,0,0,19-APR-2021,
OPTSTK,NESTLEIND,29-Apr-2021,21400,CE,0,0,0,242.05,0.05,0,0,0,0,19-APR-2021,
OPTSTK,NESTLEIND,29-Apr-2021,14100,PE,0,0,0,156.45,0.1,0,0,0,0,19-APR-2021,
OPTSTK,NESTLEIND,29-Apr-2021,14200,PE,0,0,0,170,0.15,0,0,0,0,19-APR-2021,
OPTSTK,NESTLEIND,29-Apr-2021,14300,PE,0,0,0,184.4,0.2,0,0,0,0,19-APR-2021,
OPTSTK,NESTLEIND,29-Apr-2021,14400,PE,0,0,0,199.65,0.3,0,0,0,0,19-APR-2021,
OPTSTK,NESTLEIND,29-Apr-2021,14500,PE,0,0,0,215.85,0.45,0,0,0,0,19-APR-2021,
OPTSTK,NESTLEIND,29-Apr-2021,14600,PE,0,0,0,233,0.65,0,0,0,0,19-APR-2021,
OPTSTK,NESTLEIND,29-Apr-2021,14700,PE,0,0,0,251.1,1,0,0,0,0,19-APR-2021,
OPTSTK,NESTLEIND,29-Apr-2021,14800,PE,0,0,0,270.2,1.45,0,0,0,0,19-APR-2021,
OPTSTK,NESTLEIND,29-Apr-2021,14900,PE,0,0,0,35,2.1,0,0,50,0,19-APR-2021,
OPTSTK,NESTLEIND,29-Apr-2021,15000,PE,3.7,3.7,3.7,3.7,3.05,1,7.5,1350,0,19-APR-2021,
OPTSTK,NESTLEIND,29-Apr-2021,15100,PE,0,0,0,333.75,4.3,0,0,0,0,19-APR-2021,
OPTSTK,NESTLEIND,29-Apr-2021,15200,PE,0,0,0,357.1,5.95,0,0,0,0,19-APR-2021,
OPTSTK,NESTLEIND,29-Apr-2021,15300,PE,0,0,0,381.55,8.2,0,0,0,0,19-APR-2021,
OPTSTK,NESTLEIND,29-Apr-2021,15400,PE,0,0,0,407.7,11.15,0,0,0,0,19-APR-2021,
OPTSTK,NESTLEIND,29-Apr-2021,15500,PE,14,20,12,12.5,14.9,7,54.3,750,100,19-APR-2021,
OPTSTK,NESTLEIND,29-Apr-2021,15600,PE,0,0,0,462.25,19.7,0,0,0,0,19-APR-2021,
OPTSTK,NESTLEIND,29-Apr-2021,15700,PE,0,0,0,491.3,25.8,0,0,0,0,19-APR-2021,
OPTSTK,NESTLEIND,29-Apr-2021,15800,PE,0,0,0,35,33.35,0,0,100,0,19-APR-2021,
OPTSTK,NESTLEIND,29-Apr-2021,15900,PE,0,0,0,552.4,42.6,0,0,0,0,19-APR-2021,
OPTSTK,NESTLEIND,29-Apr-2021,16000,PE,34.05,40,22,37.6,37.6,63,505.04,8700,-400,19-APR-2021,
OPTSTK,NESTLEIND,29-Apr-2021,16100,PE,0,0,0,619.3,67.35,0,0,0,0,19-APR-2021,
OPTSTK,NESTLEIND,29-Apr-2021,16200,PE,0,0,0,654.6,83.4,0,0,0,0,19-APR-2021,
OPTSTK,NESTLEIND,29-Apr-2021,16300,PE,0,0,0,691.2,102.25,0,0,0,0,19-APR-2021,
OPTSTK,NESTLEIND,29-Apr-2021,16400,PE,0,0,0,729.05,124.15,0,0,0,0,19-APR-2021,
OPTSTK,NESTLEIND,29-Apr-2021,16500,PE,115.1,130,85,94.5,94.5,54,448.21,6100,150,19-APR-2021,
OPTSTK,NESTLEIND,29-Apr-2021,16600,PE,0,0,0,808.6,177.95,0,0,0,0,19-APR-2021,
OPTSTK,NESTLEIND,29-Apr-2021,16700,PE,0,0,0,850.3,210.5,0,0,0,0,19-APR-2021,
OPTSTK,NESTLEIND,29-Apr-2021,16800,PE,0,0,0,893.3,246.95,0,0,0,0,19-APR-2021,
OPTSTK,NESTLEIND,29-Apr-2021,16900,PE,0,0,0,937.55,287.4,0,0,0,0,19-APR-2021,
OPTSTK,NESTLEIND,29-Apr-2021,17000,PE,285,312.95,220,273.95,273.95,95,820.19,5900,100,19-APR-2021,
OPTSTK,NESTLEIND,29-Apr-2021,17100,PE,0,0,0,1029.9,380.6,0,0,0,0,19-APR-2021,
OPTSTK,NESTLEIND,29-Apr-2021,17200,PE,0,0,0,1078,433.45,0,0,0,0,19-APR-2021,
OPTSTK,NESTLEIND,29-Apr-2021,17300,PE,0,0,0,1127.3,490.4,0,0,0,0,19-APR-2021,
OPTSTK,NESTLEIND,29-Apr-2021,17400,PE,0,0,0,410,551.3,0,0,100,0,19-APR-2021,
OPTSTK,NESTLEIND,29-Apr-2021,17500,PE,0,0,0,808,616.05,0,0,1100,0,19-APR-2021,
OPTSTK,NESTLEIND,29-Apr-2021,17600,PE,0,0,0,1282.9,684.45,0,0,0,0,19-APR-2021,
OPTSTK,NESTLEIND,29-Apr-2021,17700,PE,0,0,0,1337.25,756.4,0,0,0,0,19-APR-2021,
OPTSTK,NESTLEIND,29-Apr-2021,17800,PE,0,0,0,1392.85,831.75,0,0,0,0,19-APR-2021,
OPTSTK,NESTLEIND,29-Apr-2021,17900,PE,0,0,0,1449.6,910,0,0,0,0,19-APR-2021,
OPTSTK,NESTLEIND,29-Apr-2021,18000,PE,0,0,0,670,991,0,0,150,0,19-APR-2021,
OPTSTK,NESTLEIND,29-Apr-2021,18100,PE,0,0,0,1566.7,1074.6,0,0,0,0,19-APR-2021,
OPTSTK,NESTLEIND,29-Apr-2021,18200,PE,0,0,0,1627.05,1160.45,0,0,0,0,19-APR-2021,
OPTSTK,NESTLEIND,29-Apr-2021,18300,PE,0,0,0,1688.5,1248.35,0,0,0,0,19-APR-2021,
OPTSTK,NESTLEIND,29-Apr-2021,18400,PE,0,0,0,1751.05,1338.1,0,0,0,0,19-APR-2021,
OPTSTK,NESTLEIND,29-Apr-2021,18500,PE,0,0,0,1500,1429.4,0,0,50,0,19-APR-2021,
OPTSTK,NESTLEIND,29-Apr-2021,18600,PE,0,0,0,1879.55,1522.15,0,0,0,0,19-APR-2021,
OPTSTK,NESTLEIND,29-Apr-2021,18700,PE,0,0,0,1945.45,1616.1,0,0,0,0,19-APR-2021,
OPTSTK,NESTLEIND,29-Apr-2021,18800,PE,0,0,0,2012.35,1711.1,0,0,0,0,19-APR-2021,
OPTSTK,NESTLEIND,29-Apr-2021,18900,PE,0,0,0,2080.35,1806.95,0,0,0,0,19-APR-2021,
OPTSTK,NESTLEIND,29-Apr-2021,19000,PE,0,0,0,2149.35,1903.6,0,0,0,0,19-APR-2021,
OPTSTK,NESTLEIND,29-Apr-2021,19100,PE,0,0,0,2219.3,2000.85,0,0,0,0,19-APR-2021,
OPTSTK,NESTLEIND,29-Apr-2021,19200,PE,0,0,0,2290.3,2098.6,0,0,0,0,19-APR-2021,
OPTSTK,NESTLEIND,29-Apr-2021,19300,PE,0,0,0,2362.2,2196.8,0,0,0,0,19-APR-2021,
OPTSTK,NESTLEIND,29-Apr-2021,19400,PE,0,0,0,2435.05,2295.4,0,0,0,0,19-APR-2021,
OPTSTK,NESTLEIND,29-Apr-2021,19500,PE,0,0,0,2509.65,2394.2,0,0,0,0,19-APR-2021,
OPTSTK,NESTLEIND,29-Apr-2021,19600,PE,0,0,0,2584.4,2493.3,0,0,0,0,19-APR-2021,
OPTSTK,NESTLEIND,29-Apr-2021,19700,PE,0,0,0,2660,2592.55,0,0,0,0,19-APR-2021,
OPTSTK,NESTLEIND,29-Apr-2021,19800,PE,0,0,0,2736.45,2691.95,0,0,0,0,19-APR-2021,
OPTSTK,NESTLEIND,29-Apr-2021,19900,PE,0,0,0,2813.75,2791.45,0,0,0,0,19-APR-2021,
OPTSTK,NESTLEIND,29-Apr-2021,20000,PE,0,0,0,2891.85,2891.05,0,0,0,0,19-APR-2021,
OPTSTK,NESTLEIND,29-Apr-2021,20100,PE,0,0,0,2970.75,2990.75,0,0,0,0,19-APR-2021,
OPTSTK,NESTLEIND,29-Apr-2021,20200,PE,0,0,0,3049.6,3090.45,0,0,0,0,19-APR-2021,
OPTSTK,NESTLEIND,29-Apr-2021,20300,PE,0,0,0,3129.95,3190.25,0,0,0,0,19-APR-2021,
OPTSTK,NESTLEIND,29-Apr-2021,20400,PE,0,0,0,3210.95,3290.05,0,0,0,0,19-APR-2021,
OPTSTK,NESTLEIND,29-Apr-2021,20500,PE,0,0,0,3292.7,3389.9,0,0,0,0,19-APR-2021,
OPTSTK,NESTLEIND,29-Apr-2021,20600,PE,0,0,0,3375.1,3489.75,0,0,0,0,19-APR-2021,
OPTSTK,NESTLEIND,29-Apr-2021,20700,PE,0,0,0,3458.15,3589.6,0,0,0,0,19-APR-2021,
OPTSTK,NESTLEIND,29-Apr-2021,20800,PE,0,0,0,3541.85,3689.45,0,0,0,0,19-APR-2021,
OPTSTK,NESTLEIND,29-Apr-2021,20900,PE,0,0,0,3626.15,3789.35,0,0,0,0,19-APR-2021,
OPTSTK,NESTLEIND,29-Apr-2021,21000,PE,0,0,0,3711.05,3889.25,0,0,0,0,19-APR-2021,
OPTSTK,NESTLEIND,29-Apr-2021,21100,PE,0,0,0,3796.55,3989.1,0,0,0,0,19-APR-2021,
OPTSTK,NESTLEIND,29-Apr-2021,21200,PE,0,0,0,3882.6,4089,0,0,0,0,19-APR-2021,
OPTSTK,NESTLEIND,29-Apr-2021,21300,PE,0,0,0,3969.2,4188.9,0,0,0,0,19-APR-2021,
OPTSTK,NESTLEIND,29-Apr-2021,21400,PE,0,0,0,4056.3,4288.8,0,0,0,0,19-APR-2021,
OPTSTK,NESTLEIND,27-May-2021,14100,CE,0,0,0,2455.95,3070.2,0,0,0,0,19-APR-2021,
OPTSTK,NESTLEIND,27-May-2021,14200,CE,0,0,0,2380.7,2975.05,0,0,0,0,19-APR-2021,
OPTSTK,NESTLEIND,27-May-2021,14300,CE,0,0,0,2307.3,2880.55,0,0,0,0,19-APR-2021,
OPTSTK,NESTLEIND,27-May-2021,14400,CE,0,0,0,2234.5,2786.75,0,0,0,0,19-APR-2021,
OPTSTK,NESTLEIND,27-May-2021,14500,CE,0,0,0,2163.05,2693.7,0,0,0,0,19-APR-2021,
OPTSTK,NESTLEIND,27-May-2021,14600,CE,0,0,0,2092.85,2601.5,0,0,0,0,19-APR-2021,
OPTSTK,NESTLEIND,27-May-2021,14700,CE,0,0,0,2023.4,2510.25,0,0,0,0,19-APR-2021,
OPTSTK,NESTLEIND,27-May-2021,14800,CE,0,0,0,1956.05,2419.95,0,0,0,0,19-APR-2021,
OPTSTK,NESTLEIND,27-May-2021,14900,CE,0,0,0,1890.05,2330.7,0,0,0,0,19-APR-2021,
OPTSTK,NESTLEIND,27-May-2021,15000,CE,0,0,0,1825.45,2242.65,0,0,0,0,19-APR-2021,
OPTSTK,NESTLEIND,27-May-2021,15100,CE,0,0,0,1762.25,2155.75,0,0,0,0,19-APR-2021,
OPTSTK,NESTLEIND,27-May-2021,15200,CE,0,0,0,1700.45,2070.2,0,0,0,0,19-APR-2021,
OPTSTK,NESTLEIND,27-May-2021,15300,CE,0,0,0,1640.05,1986,0,0,0,0,19-APR-2021,
OPTSTK,NESTLEIND,27-May-2021,15400,CE,0,0,0,1581.05,1903.2,0,0,0,0,19-APR-2021,
OPTSTK,NESTLEIND,27-May-2021,15500,CE,0,0,0,1523.5,1822,0,0,0,0,19-APR-2021,
OPTSTK,NESTLEIND,27-May-2021,15600,CE,0,0,0,1467.4,1742.35,0,0,0,0,19-APR-2021,
OPTSTK,NESTLEIND,27-May-2021,15700,CE,0,0,0,1412.7,1664.35,0,0,0,0,19-APR-2021,
OPTSTK,NESTLEIND,27-May-2021,15800,CE,0,0,0,1359.4,1588.1,0,0,0,0,19-APR-2021,
OPTSTK,NESTLEIND,27-May-2021,15900,CE,0,0,0,1307.55,1514.25,0,0,0,0,19-APR-2021,
OPTSTK,NESTLEIND,27-May-2021,16000,CE,0,0,0,1257.1,1441.5,0,0,0,0,19-APR-2021,
OPTSTK,NESTLEIND,27-May-2021,16100,CE,0,0,0,1208,1370.05,0,0,0,0,19-APR-2021,
OPTSTK,NESTLEIND,27-May-2021,16200,CE,0,0,0,1160.35,1301.35,0,0,0,0,19-APR-2021,
OPTSTK,NESTLEIND,27-May-2021,16300,CE,0,0,0,1114.05,1234.6,0,0,0,0,19-APR-2021,
OPTSTK,NESTLEIND,27-May-2021,16400,CE,0,0,0,1069.15,1169.95,0,0,0,0,19-APR-2021,
OPTSTK,NESTLEIND,27-May-2021,16500,CE,940,940,940,940,1107.35,1,8.72,50,50,19-APR-2021,
OPTSTK,NESTLEIND,27-May-2021,16600,CE,0,0,0,983.4,1046.8,0,0,0,0,19-APR-2021,
OPTSTK,NESTLEIND,27-May-2021,16700,CE,0,0,0,942.55,988.4,0,0,0,0,19-APR-2021,
OPTSTK,NESTLEIND,27-May-2021,16800,CE,0,0,0,902.95,932.15,0,0,0,0,19-APR-2021,
OPTSTK,NESTLEIND,27-May-2021,16900,CE,0,0,0,864.7,878,0,0,0,0,19-APR-2021,
OPTSTK,NESTLEIND,27-May-2021,17000,CE,0,0,0,827.65,826,0,0,0,0,19-APR-2021,
OPTSTK,NESTLEIND,27-May-2021,17100,CE,0,0,0,791.9,776.05,0,0,0,0,19-APR-2021,
OPTSTK,NESTLEIND,27-May-2021,17200,CE,0,0,0,757.35,728.3,0,0,0,0,19-APR-2021,
OPTSTK,NESTLEIND,27-May-2021,17300,CE,0,0,0,724,682.6,0,0,0,0,19-APR-2021,
OPTSTK,NESTLEIND,27-May-2021,17400,CE,0,0,0,691.85,639,0,0,0,0,19-APR-2021,
OPTSTK,NESTLEIND,27-May-2021,17500,CE,0,0,0,660.85,597.45,0,0,0,0,19-APR-2021,
OPTSTK,NESTLEIND,27-May-2021,17600,CE,0,0,0,631,557.9,0,0,0,0,19-APR-2021,
OPTSTK,NESTLEIND,27-May-2021,17700,CE,0,0,0,602.2,520.35,0,0,0,0,19-APR-2021,
OPTSTK,NESTLEIND,27-May-2021,17800,CE,0,0,0,574.5,484.7,0,0,0,0,19-APR-2021,
OPTSTK,NESTLEIND,27-May-2021,17900,CE,0,0,0,547.9,450.95,0,0,0,0,19-APR-2021,
OPTSTK,NESTLEIND,27-May-2021,18000,CE,0,0,0,220,419,0,0,850,0,19-APR-2021,
OPTSTK,NESTLEIND,27-May-2021,18100,CE,0,0,0,498.5,388.85,0,0,0,0,19-APR-2021,
OPTSTK,NESTLEIND,27-May-2021,18200,CE,0,0,0,474.95,360.45,0,0,0,0,19-APR-2021,
OPTSTK,NESTLEIND,27-May-2021,18300,CE,0,0,0,452.35,333.7,0,0,0,0,19-APR-2021,
OPTSTK,NESTLEIND,27-May-2021,18400,CE,0,0,0,430.65,309.4,0,0,0,0,19-APR-2021,
OPTSTK,NESTLEIND,27-May-2021,18500,CE,0,0,0,409.9,285.95,0,0,0,0,19-APR-2021,
OPTSTK,NESTLEIND,27-May-2021,18600,CE,0,0,0,389.3,263.2,0,0,0,0,19-APR-2021,
OPTSTK,NESTLEIND,27-May-2021,18700,CE,0,0,0,370.15,242.55,0,0,0,0,19-APR-2021,
OPTSTK,NESTLEIND,27-May-2021,18800,CE,0,0,0,351.8,223.25,0,0,0,0,19-APR-2021,
OPTSTK,NESTLEIND,27-May-2021,18900,CE,0,0,0,334.25,205.2,0,0,0,0,19-APR-2021,
OPTSTK,NESTLEIND,27-May-2021,19000,CE,0,0,0,317.45,188.4,0,0,0,0,19-APR-2021,
OPTSTK,NESTLEIND,27-May-2021,19100,CE,0,0,0,301.4,172.8,0,0,0,0,19-APR-2021,
OPTSTK,NESTLEIND,27-May-2021,19200,CE,0,0,0,286.1,158.3,0,0,0,0,19-APR-2021,
OPTSTK,NESTLEIND,27-May-2021,19300,CE,0,0,0,271.4,144.8,0,0,0,0,19-APR-2021,
OPTSTK,NESTLEIND,27-May-2021,19400,CE,0,0,0,257.4,132.35,0,0,0,0,19-APR-2021,
OPTSTK,NESTLEIND,27-May-2021,19500,CE,0,0,0,244.05,120.8,0,0,0,0,19-APR-2021,
OPTSTK,NESTLEIND,27-May-2021,19600,CE,0,0,0,231.3,110.15,0,0,0,0,19-APR-2021,
OPTSTK,NESTLEIND,27-May-2021,19700,CE,0,0,0,219.15,100.3,0,0,0,0,19-APR-2021,
OPTSTK,NESTLEIND,27-May-2021,19800,CE,0,0,0,207.6,91.25,0,0,0,0,19-APR-2021,
OPTSTK,NESTLEIND,27-May-2021,19900,CE,0,0,0,196.55,82.95,0,0,0,0,19-APR-2021,
OPTSTK,NESTLEIND,27-May-2021,20000,CE,0,0,0,186.05,75.25,0,0,0,0,19-APR-2021,
OPTSTK,NESTLEIND,27-May-2021,20100,CE,0,0,0,176,68.25,0,0,0,0,19-APR-2021,
OPTSTK,NESTLEIND,27-May-2021,14100,PE,0,0,0,310.8,25.3,0,0,0,0,19-APR-2021,
OPTSTK,NESTLEIND,27-May-2021,14200,PE,0,0,0,334.65,29.75,0,0,0,0,19-APR-2021,
OPTSTK,NESTLEIND,27-May-2021,14300,PE,0,0,0,360.3,34.85,0,0,0,0,19-APR-2021,
OPTSTK,NESTLEIND,27-May-2021,14400,PE,0,0,0,386.6,40.7,0,0,0,0,19-APR-2021,
OPTSTK,NESTLEIND,27-May-2021,14500,PE,0,0,0,414.2,47.25,0,0,0,0,19-APR-2021,
OPTSTK,NESTLEIND,27-May-2021,14600,PE,0,0,0,443.1,54.7,0,0,0,0,19-APR-2021,
OPTSTK,NESTLEIND,27-May-2021,14700,PE,0,0,0,472.7,63,0,0,0,0,19-APR-2021,
OPTSTK,NESTLEIND,27-May-2021,14800,PE,0,0,0,504.4,72.35,0,0,0,0,19-APR-2021,
OPTSTK,NESTLEIND,27-May-2021,14900,PE,0,0,0,537.5,82.7,0,0,0,0,19-APR-2021,
OPTSTK,NESTLEIND,27-May-2021,15000,PE,0,0,0,50,94.25,0,0,3600,0,19-APR-2021,
OPTSTK,NESTLEIND,27-May-2021,15100,PE,0,0,0,607.8,106.95,0,0,0,0,19-APR-2021,
OPTSTK,NESTLEIND,27-May-2021,15200,PE,0,0,0,645.1,121,0,0,0,0,19-APR-2021,
OPTSTK,NESTLEIND,27-May-2021,15300,PE,0,0,0,683.75,136.4,0,0,0,0,19-APR-2021,
OPTSTK,NESTLEIND,27-May-2021,15400,PE,0,0,0,723.85,153.25,0,0,0,0,19-APR-2021,
OPTSTK,NESTLEIND,27-May-2021,15500,PE,0,0,0,765.4,171.65,0,0,0,0,19-APR-2021,
OPTSTK,NESTLEIND,27-May-2021,15600,PE,0,0,0,808.35,191.6,0,0,0,0,19-APR-2021,
OPTSTK,NESTLEIND,27-May-2021,15700,PE,0,0,0,852.7,213.25,0,0,0,0,19-APR-2021,
OPTSTK,NESTLEIND,27-May-2021,15800,PE,0,0,0,898.5,236.6,0,0,0,0,19-APR-2021,
OPTSTK,NESTLEIND,27-May-2021,15900,PE,0,0,0,945.7,262.3,0,0,0,0,19-APR-2021,
OPTSTK,NESTLEIND,27-May-2021,16000,PE,169.9,170,169.9,170,289.2,12,97.01,1900,600,19-APR-2021,
OPTSTK,NESTLEIND,27-May-2021,16100,PE,0,0,0,1044.25,317.35,0,0,0,0,19-APR-2021,
OPTSTK,NESTLEIND,27-May-2021,16200,PE,0,0,0,1095.7,348.25,0,0,0,0,19-APR-2021,
OPTSTK,NESTLEIND,27-May-2021,16300,PE,0,0,0,1148.5,381.15,0,0,0,0,19-APR-2021,
OPTSTK,NESTLEIND,27-May-2021,16400,PE,0,0,0,1202.65,416.1,0,0,0,0,19-APR-2021,
OPTSTK,NESTLEIND,27-May-2021,16500,PE,0,0,0,400,453.1,0,0,350,0,19-APR-2021,
OPTSTK,NESTLEIND,27-May-2021,16600,PE,0,0,0,1315.05,492.2,0,0,0,0,19-APR-2021,
OPTSTK,NESTLEIND,27-May-2021,16700,PE,0,0,0,1373.25,533.4,0,0,0,0,19-APR-2021,
OPTSTK,NESTLEIND,27-May-2021,16800,PE,0,0,0,1432.75,576.75,0,0,0,0,19-APR-2021,
OPTSTK,NESTLEIND,27-May-2021,16900,PE,0,0,0,1493.5,622.2,0,0,0,0,19-APR-2021,
OPTSTK,NESTLEIND,27-May-2021,17000,PE,500,500,500,500,669.8,1,8.75,100,0,19-APR-2021,
OPTSTK,NESTLEIND,27-May-2021,17100,PE,0,0,0,1618.85,719.45,0,0,0,0,19-APR-2021,
OPTSTK,NESTLEIND,27-May-2021,17200,PE,0,0,0,1683.4,771.3,0,0,0,0,19-APR-2021,
OPTSTK,NESTLEIND,27-May-2021,17300,PE,0,0,0,1749.15,825.25,0,0,0,0,19-APR-2021,
OPTSTK,NESTLEIND,27-May-2021,17400,PE,0,0,0,1816.05,881.25,0,0,0,0,19-APR-2021,
OPTSTK,NESTLEIND,27-May-2021,17500,PE,0,0,0,1884.1,939.3,0,0,0,0,19-APR-2021,
OPTSTK,NESTLEIND,27-May-2021,17600,PE,0,0,0,1953.3,999.4,0,0,0,0,19-APR-2021,
OPTSTK,NESTLEIND,27-May-2021,17700,PE,0,0,0,2023.6,1061.4,0,0,0,0,19-APR-2021,
OPTSTK,NESTLEIND,27-May-2021,17800,PE,0,0,0,2094.95,1125.4,0,0,0,0,19-APR-2021,
OPTSTK,NESTLEIND,27-May-2021,17900,PE,0,0,0,2167.4,1191.25,0,0,0,0,19-APR-2021,
OPTSTK,NESTLEIND,27-May-2021,18000,PE,0,0,0,2241.6,1258.9,0,0,0,0,19-APR-2021,
OPTSTK,NESTLEIND,27-May-2021,18100,PE,0,0,0,2316.15,1328.4,0,0,0,0,19-APR-2021,
OPTSTK,NESTLEIND,27-May-2021,18200,PE,0,0,0,2391.7,1399.6,0,0,0,0,19-APR-2021,
OPTSTK,NESTLEIND,27-May-2021,18300,PE,0,0,0,2468.15,1472.45,0,0,0,0,19-APR-2021,
OPTSTK,NESTLEIND,27-May-2021,18400,PE,0,0,0,2545.55,1547.75,0,0,0,0,19-APR-2021,
OPTSTK,NESTLEIND,27-May-2021,18500,PE,0,0,0,2623.85,1623.9,0,0,0,0,19-APR-2021,
OPTSTK,NESTLEIND,27-May-2021,18600,PE,0,0,0,2702.3,1700.8,0,0,0,0,19-APR-2021,
OPTSTK,NESTLEIND,27-May-2021,18700,PE,0,0,0,2782.25,1779.75,0,0,0,0,19-APR-2021,
OPTSTK,NESTLEIND,27-May-2021,18800,PE,0,0,0,2862.95,1860.05,0,0,0,0,19-APR-2021,
OPTSTK,NESTLEIND,27-May-2021,18900,PE,0,0,0,2944.5,1941.6,0,0,0,0,19-APR-2021,
OPTSTK,NESTLEIND,27-May-2021,19000,PE,0,0,0,3026.75,2024.45,0,0,0,0,19-APR-2021,
OPTSTK,NESTLEIND,27-May-2021,19100,PE,0,0,0,3109.8,2108.4,0,0,0,0,19-APR-2021,
OPTSTK,NESTLEIND,27-May-2021,19200,PE,0,0,0,3193.5,2193.5,0,0,0,0,19-APR-2021,
OPTSTK,NESTLEIND,27-May-2021,19300,PE,0,0,0,3277.9,2279.65,0,0,0,0,19-APR-2021,
OPTSTK,NESTLEIND,27-May-2021,19400,PE,0,0,0,3363,2366.8,0,0,0,0,19-APR-2021,
OPTSTK,NESTLEIND,27-May-2021,19500,PE,0,0,0,3448.7,2454.9,0,0,0,0,19-APR-2021,
OPTSTK,NESTLEIND,27-May-2021,19600,PE,0,0,0,3535,2543.85,0,0,0,0,19-APR-2021,
OPTSTK,NESTLEIND,27-May-2021,19700,PE,0,0,0,3621.95,2633.6,0,0,0,0,19-APR-2021,
OPTSTK,NESTLEIND,27-May-2021,19800,PE,0,0,0,3709.4,2724.15,0,0,0,0,19-APR-2021,
OPTSTK,NESTLEIND,27-May-2021,19900,PE,0,0,0,3797.45,2815.45,0,0,0,0,19-APR-2021,
OPTSTK,NESTLEIND,27-May-2021,20000,PE,0,0,0,3886,2907.4,0,0,0,0,19-APR-2021,
OPTSTK,NESTLEIND,27-May-2021,20100,PE,0,0,0,3975.05,2999.95,0,0,0,0,19-APR-2021,
OPTSTK,NESTLEIND,24-Jun-2021,14100,CE,0,0,0,2479.6,3172.2,0,0,0,0,19-APR-2021,
OPTSTK,NESTLEIND,24-Jun-2021,14200,CE,0,0,0,2402.9,3082.9,0,0,0,0,19-APR-2021,
OPTSTK,NESTLEIND,24-Jun-2021,14300,CE,0,0,0,2327.5,2994.5,0,0,0,0,19-APR-2021,
OPTSTK,NESTLEIND,24-Jun-2021,14400,CE,0,0,0,2253.9,2907,0,0,0,0,19-APR-2021,
OPTSTK,NESTLEIND,24-Jun-2021,14500,CE,0,0,0,2181,2820.45,0,0,0,0,19-APR-2021,
OPTSTK,NESTLEIND,24-Jun-2021,14600,CE,0,0,0,2109.4,2734.95,0,0,0,0,19-APR-2021,
OPTSTK,NESTLEIND,24-Jun-2021,14700,CE,0,0,0,2039.15,2650.5,0,0,0,0,19-APR-2021,
OPTSTK,NESTLEIND,24-Jun-2021,14800,CE,0,0,0,1969.6,2567.15,0,0,0,0,19-APR-2021,
OPTSTK,NESTLEIND,24-Jun-2021,14900,CE,0,0,0,1902.2,2484.95,0,0,0,0,19-APR-2021,
OPTSTK,NESTLEIND,24-Jun-2021,15000,CE,0,0,0,1836.2,2403.95,0,0,0,0,19-APR-2021,
OPTSTK,NESTLEIND,24-Jun-2021,15100,CE,0,0,0,1771.65,2324.2,0,0,0,0,19-APR-2021,
OPTSTK,NESTLEIND,24-Jun-2021,15200,CE,0,0,0,1708.5,2245.75,0,0,0,0,19-APR-2021,
OPTSTK,NESTLEIND,24-Jun-2021,15300,CE,0,0,0,1646.8,2168.55,0,0,0,0,19-APR-2021,
OPTSTK,NESTLEIND,24-Jun-2021,15400,CE,0,0,0,1586.55,2092.8,0,0,0,0,19-APR-2021,
OPTSTK,NESTLEIND,24-Jun-2021,15500,CE,0,0,0,1527.75,2018.95,0,0,0,0,19-APR-2021,
OPTSTK,NESTLEIND,24-Jun-2021,15600,CE,0,0,0,1470.45,1945.9,0,0,0,0,19-APR-2021,
OPTSTK,NESTLEIND,24-Jun-2021,15700,CE,0,0,0,1414.55,1874.3,0,0,0,0,19-APR-2021,
OPTSTK,NESTLEIND,24-Jun-2021,15800,CE,0,0,0,1360.15,1803.5,0,0,0,0,19-APR-2021,
OPTSTK,NESTLEIND,24-Jun-2021,15900,CE,0,0,0,1307.2,1735,0,0,0,0,19-APR-2021,
OPTSTK,NESTLEIND,24-Jun-2021,16000,CE,0,0,0,1255.7,1668.05,0,0,0,0,19-APR-2021,
OPTSTK,NESTLEIND,24-Jun-2021,16100,CE,0,0,0,1205.6,1602.65,0,0,0,0,19-APR-2021,
OPTSTK,NESTLEIND,24-Jun-2021,16200,CE,0,0,0,1157,1538.85,0,0,0,0,19-APR-2021,
OPTSTK,NESTLEIND,24-Jun-2021,16300,CE,0,0,0,1109.8,1476.6,0,0,0,0,19-APR-2021,
OPTSTK,NESTLEIND,24-Jun-2021,16400,CE,0,0,0,1064,1416,0,0,0,0,19-APR-2021,
OPTSTK,NESTLEIND,24-Jun-2021,16500,CE,0,0,0,1019.65,1357,0,0,0,0,19-APR-2021,
OPTSTK,NESTLEIND,24-Jun-2021,16600,CE,0,0,0,976.65,1299.6,0,0,0,0,19-APR-2021,
OPTSTK,NESTLEIND,24-Jun-2021,16700,CE,0,0,0,935.05,1243.85,0,0,0,0,19-APR-2021,
OPTSTK,NESTLEIND,24-Jun-2021,16800,CE,0,0,0,894.8,1189.7,0,0,0,0,19-APR-2021,
OPTSTK,NESTLEIND,24-Jun-2021,16900,CE,0,0,0,855.9,1137.2,0,0,0,0,19-APR-2021,
OPTSTK,NESTLEIND,24-Jun-2021,17000,CE,0,0,0,818.3,1086.3,0,0,0,0,19-APR-2021,
OPTSTK,NESTLEIND,24-Jun-2021,17100,CE,0,0,0,781.95,1036.95,0,0,0,0,19-APR-2021,
OPTSTK,NESTLEIND,24-Jun-2021,17200,CE,0,0,0,746.9,989.25,0,0,0,0,19-APR-2021,
OPTSTK,NESTLEIND,24-Jun-2021,17300,CE,0,0,0,713.1,943.15,0,0,0,0,19-APR-2021,
OPTSTK,NESTLEIND,24-Jun-2021,17400,CE,0,0,0,680.55,898.6,0,0,0,0,19-APR-2021,
OPTSTK,NESTLEIND,24-Jun-2021,17500,CE,0,0,0,649.15,855.65,0,0,0,0,19-APR-2021,
OPTSTK,NESTLEIND,24-Jun-2021,17600,CE,0,0,0,618.95,814.2,0,0,0,0,19-APR-2021,
OPTSTK,NESTLEIND,24-Jun-2021,17700,CE,0,0,0,589.9,774.25,0,0,0,0,19-APR-2021,
OPTSTK,NESTLEIND,24-Jun-2021,17800,CE,0,0,0,561.95,735.85,0,0,0,0,19-APR-2021,
OPTSTK,NESTLEIND,24-Jun-2021,17900,CE,0,0,0,535.1,698.85,0,0,0,0,19-APR-2021,
OPTSTK,NESTLEIND,24-Jun-2021,18000,CE,0,0,0,509.3,663.35,0,0,0,0,19-APR-2021,
OPTSTK,NESTLEIND,24-Jun-2021,18100,CE,0,0,0,485.4,629.2,0,0,0,0,19-APR-2021,
OPTSTK,NESTLEIND,24-Jun-2021,18200,CE,0,0,0,461.75,596.5,0,0,0,0,19-APR-2021,
OPTSTK,NESTLEIND,24-Jun-2021,18300,CE,0,0,0,439.05,565.1,0,0,0,0,19-APR-2021,
OPTSTK,NESTLEIND,24-Jun-2021,18400,CE,0,0,0,417.35,535.05,0,0,0,0,19-APR-2021,
OPTSTK,NESTLEIND,24-Jun-2021,18500,CE,0,0,0,396.55,506.3,0,0,0,0,19-APR-2021,
OPTSTK,NESTLEIND,24-Jun-2021,18600,CE,0,0,0,375.95,478.75,0,0,0,0,19-APR-2021,
OPTSTK,NESTLEIND,24-Jun-2021,18700,CE,0,0,0,356.8,452.45,0,0,0,0,19-APR-2021,
OPTSTK,NESTLEIND,24-Jun-2021,18800,CE,0,0,0,338.55,428.2,0,0,0,0,19-APR-2021,
OPTSTK,NESTLEIND,24-Jun-2021,18900,CE,0,0,0,321.1,404.35,0,0,0,0,19-APR-2021,
OPTSTK,NESTLEIND,24-Jun-2021,19000,CE,0,0,0,304.4,381.6,0,0,0,0,19-APR-2021,
OPTSTK,NESTLEIND,24-Jun-2021,19100,CE,0,0,0,288.45,359.95,0,0,0,0,19-APR-2021,
OPTSTK,NESTLEIND,24-Jun-2021,19200,CE,0,0,0,273.25,338.6,0,0,0,0,19-APR-2021,
OPTSTK,NESTLEIND,24-Jun-2021,19300,CE,0,0,0,258.75,318.95,0,0,0,0,19-APR-2021,
OPTSTK,NESTLEIND,24-Jun-2021,19400,CE,0,0,0,244.95,300.2,0,0,0,0,19-APR-2021,
OPTSTK,NESTLEIND,24-Jun-2021,19500,CE,0,0,0,231.75,282.45,0,0,0,0,19-APR-2021,
OPTSTK,NESTLEIND,24-Jun-2021,19600,CE,0,0,0,219.2,265.55,0,0,0,0,19-APR-2021,
OPTSTK,NESTLEIND,24-Jun-2021,19700,CE,0,0,0,207.25,249.55,0,0,0,0,19-APR-2021,
OPTSTK,NESTLEIND,24-Jun-2021,19800,CE,0,0,0,195.9,234.4,0,0,0,0,19-APR-2021,
OPTSTK,NESTLEIND,24-Jun-2021,19900,CE,0,0,0,185.1,220,0,0,0,0,19-APR-2021,
OPTSTK,NESTLEIND,24-Jun-2021,20000,CE,0,0,0,174.8,206.4,0,0,0,0,19-APR-2021,
OPTSTK,NESTLEIND,24-Jun-2021,20100,CE,0,0,0,165.05,193.55,0,0,0,0,19-APR-2021,
OPTSTK,NESTLEIND,24-Jun-2021,14100,PE,0,0,0,278.3,87,0,0,0,0,19-APR-2021,
OPTSTK,NESTLEIND,24-Jun-2021,14200,PE,0,0,0,300.7,97,0,0,0,0,19-APR-2021,
OPTSTK,NESTLEIND,24-Jun-2021,14300,PE,0,0,0,324.35,107.9,0,0,0,0,19-APR-2021,
OPTSTK,NESTLEIND,24-Jun-2021,14400,PE,0,0,0,349.8,119.7,0,0,0,0,19-APR-2021,
OPTSTK,NESTLEIND,24-Jun-2021,14500,PE,0,0,0,375.95,132.5,0,0,0,0,19-APR-2021,
OPTSTK,NESTLEIND,24-Jun-2021,14600,PE,0,0,0,403.4,146.3,0,0,0,0,19-APR-2021,
OPTSTK,NESTLEIND,24-Jun-2021,14700,PE,0,0,0,432.25,161.2,0,0,0,0,19-APR-2021,
OPTSTK,NESTLEIND,24-Jun-2021,14800,PE,0,0,0,461.75,177.15,0,0,0,0,19-APR-2021,
OPTSTK,NESTLEIND,24-Jun-2021,14900,PE,0,0,0,493.45,194.3,0,0,0,0,19-APR-2021,
OPTSTK,NESTLEIND,24-Jun-2021,15000,PE,0,0,0,526.55,212.65,0,0,0,0,19-APR-2021,
OPTSTK,NESTLEIND,24-Jun-2021,15100,PE,0,0,0,561.05,232.2,0,0,0,0,19-APR-2021,
OPTSTK,NESTLEIND,24-Jun-2021,15200,PE,0,0,0,596.95,253.05,0,0,0,0,19-APR-2021,
OPTSTK,NESTLEIND,24-Jun-2021,15300,PE,0,0,0,634.35,275.25,0,0,0,0,19-APR-2021,
OPTSTK,NESTLEIND,24-Jun-2021,15400,PE,0,0,0,673.15,298.75,0,0,0,0,19-APR-2021,
OPTSTK,NESTLEIND,24-Jun-2021,15500,PE,0,0,0,713.45,324.3,0,0,0,0,19-APR-2021,
OPTSTK,NESTLEIND,24-Jun-2021,15600,PE,0,0,0,755.15,350.55,0,0,0,0,19-APR-2021,
OPTSTK,NESTLEIND,24-Jun-2021,15700,PE,0,0,0,798.35,378.25,0,0,0,0,19-APR-2021,
OPTSTK,NESTLEIND,24-Jun-2021,15800,PE,0,0,0,843.05,406.75,0,0,0,0,19-APR-2021,
OPTSTK,NESTLEIND,24-Jun-2021,15900,PE,0,0,0,889.15,437.6,0,0,0,0,19-APR-2021,
OPTSTK,NESTLEIND,24-Jun-2021,16000,PE,0,0,0,936.7,469.95,0,0,0,0,19-APR-2021,
OPTSTK,NESTLEIND,24-Jun-2021,16100,PE,0,0,0,985.65,503.9,0,0,0,0,19-APR-2021,
OPTSTK,NESTLEIND,24-Jun-2021,16200,PE,0,0,0,1036.1,539.4,0,0,0,0,19-APR-2021,
OPTSTK,NESTLEIND,24-Jun-2021,16300,PE,0,0,0,1088,576.5,0,0,0,0,19-APR-2021,
OPTSTK,NESTLEIND,24-Jun-2021,16400,PE,0,0,0,1141.3,615.2,0,0,0,0,19-APR-2021,
OPTSTK,NESTLEIND,24-Jun-2021,16500,PE,0,0,0,1196,655.55,0,0,0,0,19-APR-2021,
OPTSTK,NESTLEIND,24-Jun-2021,16600,PE,0,0,0,1252.1,697.45,0,0,0,0,19-APR-2021,
OPTSTK,NESTLEIND,24-Jun-2021,16700,PE,0,0,0,1309.55,741.05,0,0,0,0,19-APR-2021,
OPTSTK,NESTLEIND,24-Jun-2021,16800,PE,0,0,0,1368.35,786.2,0,0,0,0,19-APR-2021,
OPTSTK,NESTLEIND,24-Jun-2021,16900,PE,0,0,0,1428.5,833.05,0,0,0,0,19-APR-2021,
OPTSTK,NESTLEIND,24-Jun-2021,17000,PE,0,0,0,1490,881.45,0,0,0,0,19-APR-2021,
OPTSTK,NESTLEIND,24-Jun-2021,17100,PE,0,0,0,1552.75,931.4,0,0,0,0,19-APR-2021,
OPTSTK,NESTLEIND,24-Jun-2021,17200,PE,0,0,0,1616.75,983.05,0,0,0,0,19-APR-2021,
OPTSTK,NESTLEIND,24-Jun-2021,17300,PE,0,0,0,1682.05,1036.3,0,0,0,0,19-APR-2021,
OPTSTK,NESTLEIND,24-Jun-2021,17400,PE,0,0,0,1748.55,1091.05,0,0,0,0,19-APR-2021,
OPTSTK,NESTLEIND,24-Jun-2021,17500,PE,0,0,0,1816.2,1147.4,0,0,0,0,19-APR-2021,
OPTSTK,NESTLEIND,24-Jun-2021,17600,PE,0,0,0,1885.1,1205.3,0,0,0,0,19-APR-2021,
OPTSTK,NESTLEIND,24-Jun-2021,17700,PE,0,0,0,1955.1,1264.7,0,0,0,0,19-APR-2021,
OPTSTK,NESTLEIND,24-Jun-2021,17800,PE,0,0,0,2026.2,1325.6,0,0,0,0,19-APR-2021,
OPTSTK,NESTLEIND,24-Jun-2021,17900,PE,0,0,0,2098.45,1387.95,0,0,0,0,19-APR-2021,
OPTSTK,NESTLEIND,24-Jun-2021,18000,PE,0,0,0,2171.7,1451.75,0,0,0,0,19-APR-2021,
OPTSTK,NESTLEIND,24-Jun-2021,18100,PE,0,0,0,2246.85,1516.95,0,0,0,0,19-APR-2021,
OPTSTK,NESTLEIND,24-Jun-2021,18200,PE,0,0,0,2322.25,1583.55,0,0,0,0,19-APR-2021,
OPTSTK,NESTLEIND,24-Jun-2021,18300,PE,0,0,0,2398.65,1651.5,0,0,0,0,19-APR-2021,
OPTSTK,NESTLEIND,24-Jun-2021,18400,PE,0,0,0,2476,1720.75,0,0,0,0,19-APR-2021,
OPTSTK,NESTLEIND,24-Jun-2021,18500,PE,0,0,0,2554.3,1791.3,0,0,0,0,19-APR-2021,
OPTSTK,NESTLEIND,24-Jun-2021,18600,PE,0,0,0,2632.75,1863.1,0,0,0,0,19-APR-2021,
OPTSTK,NESTLEIND,24-Jun-2021,18700,PE,0,0,0,2712.7,1936.15,0,0,0,0,19-APR-2021,
OPTSTK,NESTLEIND,24-Jun-2021,18800,PE,0,0,0,2793.5,2011.2,0,0,0,0,19-APR-2021,
OPTSTK,NESTLEIND,24-Jun-2021,18900,PE,0,0,0,2875.1,2086.65,0,0,0,0,19-APR-2021,
OPTSTK,NESTLEIND,24-Jun-2021,19000,PE,0,0,0,2957.5,2163.25,0,0,0,0,19-APR-2021,
OPTSTK,NESTLEIND,24-Jun-2021,19100,PE,0,0,0,3040.6,2240.95,0,0,0,0,19-APR-2021,
OPTSTK,NESTLEIND,24-Jun-2021,19200,PE,0,0,0,3124.5,2318.9,0,0,0,0,19-APR-2021,
OPTSTK,NESTLEIND,24-Jun-2021,19300,PE,0,0,0,3209.05,2398.55,0,0,0,0,19-APR-2021,
OPTSTK,NESTLEIND,24-Jun-2021,19400,PE,0,0,0,3294.3,2479.15,0,0,0,0,19-APR-2021,
OPTSTK,NESTLEIND,24-Jun-2021,19500,PE,0,0,0,3380.2,2560.7,0,0,0,0,19-APR-2021,
OPTSTK,NESTLEIND,24-Jun-2021,19600,PE,0,0,0,3466.7,2643.15,0,0,0,0,19-APR-2021,
OPTSTK,NESTLEIND,24-Jun-2021,19700,PE,0,0,0,3553.85,2726.5,0,0,0,0,19-APR-2021,
OPTSTK,NESTLEIND,24-Jun-2021,19800,PE,0,0,0,3641.55,2810.65,0,0,0,0,19-APR-2021,
OPTSTK,NESTLEIND,24-Jun-2021,19900,PE,0,0,0,3729.8,2895.6,0,0,0,0,19-APR-2021,
OPTSTK,NESTLEIND,24-Jun-2021,20000,PE,0,0,0,3818.6,2981.3,0,0,0,0,19-APR-2021,
OPTSTK,NESTLEIND,24-Jun-2021,20100,PE,0,0,0,3907.9,3067.75,0,0,0,0,19-APR-2021,
OPTSTK,NMDC,29-Apr-2021,57.25,CE,0,0,0,42.75,80.75,0,0,0,0,19-APR-2021,
OPTSTK,NMDC,29-Apr-2021,59.75,CE,0,0,0,40.4,78.25,0,0,0,0,19-APR-2021,
OPTSTK,NMDC,29-Apr-2021,62.25,CE,0,0,0,38.1,75.75,0,0,0,0,19-APR-2021,
OPTSTK,NMDC,29-Apr-2021,64.75,CE,0,0,0,35.8,73.25,0,0,0,0,19-APR-2021,
OPTSTK,NMDC,29-Apr-2021,67.25,CE,0,0,0,33.6,70.75,0,0,0,0,19-APR-2021,
OPTSTK,NMDC,29-Apr-2021,69.75,CE,0,0,0,31.45,68.25,0,0,0,0,19-APR-2021,
OPTSTK,NMDC,29-Apr-2021,72.25,CE,0,0,0,29.35,65.75,0,0,0,0,19-APR-2021,
OPTSTK,NMDC,29-Apr-2021,74.75,CE,0,0,0,27.35,63.25,0,0,0,0,19-APR-2021,
OPTSTK,NMDC,29-Apr-2021,77.25,CE,0,0,0,25.4,60.75,0,0,0,0,19-APR-2021,
OPTSTK,NMDC,29-Apr-2021,79.75,CE,0,0,0,23.55,58.25,0,0,0,0,19-APR-2021,
OPTSTK,NMDC,29-Apr-2021,82.25,CE,0,0,0,21.75,55.75,0,0,0,0,19-APR-2021,
OPTSTK,NMDC,29-Apr-2021,84.75,CE,0,0,0,20.05,53.25,0,0,0,0,19-APR-2021,
OPTSTK,NMDC,29-Apr-2021,87.25,CE,0,0,0,18.45,50.75,0,0,0,0,19-APR-2021,
OPTSTK,NMDC,29-Apr-2021,89.75,CE,0,0,0,16.95,48.25,0,0,0,0,19-APR-2021,
OPTSTK,NMDC,29-Apr-2021,92.25,CE,0,0,0,15.55,45.75,0,0,0,0,19-APR-2021,
OPTSTK,NMDC,29-Apr-2021,94.75,CE,0,0,0,14.2,43.25,0,0,0,0,19-APR-2021,
OPTSTK,NMDC,29-Apr-2021,97.25,CE,0,0,0,12.95,40.75,0,0,0,0,19-APR-2021,
OPTSTK,NMDC,29-Apr-2021,97.5,CE,0,0,0,31.5,40.5,0,0,0,0,19-APR-2021,
OPTSTK,NMDC,29-Apr-2021,99.75,CE,0,0,0,11.8,38.25,0,0,0,0,19-APR-2021,
OPTSTK,NMDC,29-Apr-2021,100,CE,0,0,0,29.2,38,0,0,0,0,19-APR-2021,
OPTSTK,NMDC,29-Apr-2021,102.25,CE,0,0,0,38.7,35.75,0,0,0,0,19-APR-2021,
OPTSTK,NMDC,29-Apr-2021,102.5,CE,0,0,0,26.95,35.5,0,0,0,0,19-APR-2021,
OPTSTK,NMDC,29-Apr-2021,104.75,CE,0,0,0,9.75,33.3,0,0,0,0,19-APR-2021,
OPTSTK,NMDC,29-Apr-2021,105,CE,0,0,0,24.75,33.05,0,0,0,0,19-APR-2021,
OPTSTK,NMDC,29-Apr-2021,107.25,CE,0,0,0,8.8,30.8,0,0,0,0,19-APR-2021,
OPTSTK,NMDC,29-Apr-2021,107.5,CE,0,0,0,22.65,30.55,0,0,0,0,19-APR-2021,
OPTSTK,NMDC,29-Apr-2021,109.75,CE,0,0,0,8,28.3,0,0,0,0,19-APR-2021,
OPTSTK,NMDC,29-Apr-2021,110,CE,0,0,0,20.65,28.05,0,0,0,0,19-APR-2021,
OPTSTK,NMDC,29-Apr-2021,112.25,CE,0,0,0,14.25,25.8,0,0,13400,0,19-APR-2021,
OPTSTK,NMDC,29-Apr-2021,112.5,CE,0,0,0,18.7,25.55,0,0,0,0,19-APR-2021,
OPTSTK,NMDC,29-Apr-2021,114.75,CE,0,0,0,6.5,23.35,0,0,0,0,19-APR-2021,
OPTSTK,NMDC,29-Apr-2021,115,CE,0,0,0,16.85,23.1,0,0,0,0,19-APR-2021,
OPTSTK,NMDC,29-Apr-2021,117.25,CE,0,0,0,15,20.95,0,0,113900,0,19-APR-2021,
OPTSTK,NMDC,29-Apr-2021,117.5,CE,0,0,0,15.1,20.7,0,0,0,0,19-APR-2021,
OPTSTK,NMDC,29-Apr-2021,119.75,CE,0,0,0,5.25,18.55,0,0,0,0,19-APR-2021,
OPTSTK,NMDC,29-Apr-2021,120,CE,0,0,0,19.5,18.3,0,0,53600,0,19-APR-2021,
OPTSTK,NMDC,29-Apr-2021,122.25,CE,0,0,0,19.55,16.25,0,0,609700,0,19-APR-2021,
OPTSTK,NMDC,29-Apr-2021,122.5,CE,0,0,0,20.45,16,0,0,6700,0,19-APR-2021,
OPTSTK,NMDC,29-Apr-2021,124.75,CE,0,0,0,22.5,14.05,0,0,53600,0,19-APR-2021,
OPTSTK,NMDC,29-Apr-2021,125,CE,13.85,13.85,13.85,13.85,13.8,1,9.3,234500,0,19-APR-2021,
OPTSTK,NMDC,29-Apr-2021,127.25,CE,0,0,0,18.5,11.95,0,0,207700,0,19-APR-2021,
OPTSTK,NMDC,29-Apr-2021,127.5,CE,0,0,0,13.15,11.75,0,0,154100,0,19-APR-2021,
OPTSTK,NMDC,29-Apr-2021,129.75,CE,0,0,0,13.05,10,0,0,80400,0,19-APR-2021,
OPTSTK,NMDC,29-Apr-2021,130,CE,10.35,10.35,9.4,9.45,9.45,12,112.32,770500,-13400,19-APR-2021,
OPTSTK,NMDC,29-Apr-2021,132.25,CE,0,0,0,14,8.25,0,0,596300,0,19-APR-2021,
OPTSTK,NMDC,29-Apr-2021,132.5,CE,8.1,8.1,8.1,8.1,8.05,1,9.42,227800,-6700,19-APR-2021,
OPTSTK,NMDC,29-Apr-2021,134.75,CE,6.45,6.45,6.45,6.45,6.65,1,9.46,53600,0,19-APR-2021,
OPTSTK,NMDC,29-Apr-2021,135,CE,6.6,6.8,5.7,5.9,5.9,57,538.99,1648200,60300,19-APR-2021,
OPTSTK,NMDC,29-Apr-2021,137.25,CE,5.2,5.2,4.85,4.85,5.3,2,19.06,442200,13400,19-APR-2021,
OPTSTK,NMDC,29-Apr-2021,137.5,CE,4.15,5.2,4.15,4.55,4.55,40,381.11,556100,40200,19-APR-2021,
OPTSTK,NMDC,29-Apr-2021,139.75,CE,7.8,7.8,3.4,3.5,3.5,27,259.77,241200,40200,19-APR-2021,
OPTSTK,NMDC,29-Apr-2021,140,CE,4.05,4.2,3,3.4,3.4,802,7718.86,3222700,984900,19-APR-2021,
OPTSTK,NMDC,29-Apr-2021,142.25,CE,3,3.2,2.5,2.6,2.6,95,923.18,1092100,247900,19-APR-2021,
OPTSTK,NMDC,29-Apr-2021,142.5,CE,2.05,3.15,2,2.55,2.55,93,904.93,603000,160800,19-APR-2021,
OPTSTK,NMDC,29-Apr-2021,144.75,CE,1.1,2.5,1.1,2,2.35,37,364.12,368500,67000,19-APR-2021,
OPTSTK,NMDC,29-Apr-2021,145,CE,2.05,2.7,1.8,1.95,1.95,507,4999.15,4267900,509200,19-APR-2021,
OPTSTK,NMDC,29-Apr-2021,147.25,CE,1.7,1.75,0.6,1.5,1.5,34,338.96,388600,46900,19-APR-2021,
OPTSTK,NMDC,29-Apr-2021,147.5,CE,1.7,1.75,1.4,1.45,1.45,55,549.2,489100,26800,19-APR-2021,
OPTSTK,NMDC,29-Apr-2021,149.75,CE,1.35,1.35,1.15,1.15,1.25,30,303.48,187600,80400,19-APR-2021,
OPTSTK,NMDC,29-Apr-2021,150,CE,1.55,1.55,1.05,1.1,1.1,484,4904.28,4247800,154100,19-APR-2021,
OPTSTK,NMDC,29-Apr-2021,152.25,CE,1.15,1.2,0.85,0.9,0.9,35,359.27,308200,33500,19-APR-2021,
OPTSTK,NMDC,29-Apr-2021,152.5,CE,0.25,1.15,0.25,0.8,0.8,25,256.98,670000,-6700,19-APR-2021,
OPTSTK,NMDC,29-Apr-2021,154.75,CE,0,0,0,1,0.65,0,0,187600,0,19-APR-2021,
OPTSTK,NMDC,29-Apr-2021,155,CE,1,1,0.6,0.65,0.65,206,2149.15,1453900,26800,19-APR-2021,
OPTSTK,NMDC,29-Apr-2021,157.5,CE,0.5,0.5,0.5,0.5,0.4,1,10.58,241200,0,19-APR-2021,
OPTSTK,NMDC,29-Apr-2021,160,CE,0.4,0.6,0.4,0.45,0.45,185,1989.11,2706800,-20100,19-APR-2021,
OPTSTK,NMDC,29-Apr-2021,162.5,CE,0,0,0,1.5,0.2,0,0,46900,0,19-APR-2021,
OPTSTK,NMDC,29-Apr-2021,165,CE,0.4,0.4,0.25,0.25,0.25,11,121.81,489100,-6700,19-APR-2021,
OPTSTK,NMDC,29-Apr-2021,167.5,CE,0,0,0,0.3,0.1,0,0,46900,0,19-APR-2021,
OPTSTK,NMDC,29-Apr-2021,170,CE,0.15,0.2,0.15,0.15,0.15,13,148.2,261300,-6700,19-APR-2021,
OPTSTK,NMDC,29-Apr-2021,172.5,CE,0,0,0,0.45,0.05,0,0,0,0,19-APR-2021,
OPTSTK,NMDC,29-Apr-2021,57.25,PE,0,0,0,0.3,0,0,0,0,0,19-APR-2021,
OPTSTK,NMDC,29-Apr-2021,59.75,PE,0,0,0,0.45,0,0,0,0,0,19-APR-2021,
OPTSTK,NMDC,29-Apr-2021,62.25,PE,0,0,0,0.6,0,0,0,0,0,19-APR-2021,
OPTSTK,NMDC,29-Apr-2021,64.75,PE,0,0,0,0.8,0,0,0,0,0,19-APR-2021,
OPTSTK,NMDC,29-Apr-2021,67.25,PE,0,0,0,1.05,0,0,0,0,0,19-APR-2021,
OPTSTK,NMDC,29-Apr-2021,69.75,PE,0,0,0,1.4,0,0,0,0,0,19-APR-2021,
OPTSTK,NMDC,29-Apr-2021,72.25,PE,0,0,0,1.75,0,0,0,0,0,19-APR-2021,
OPTSTK,NMDC,29-Apr-2021,74.75,PE,0,0,0,2.25,0,0,0,0,0,19-APR-2021,
OPTSTK,NMDC,29-Apr-2021,77.25,PE,0,0,0,2.75,0,0,0,0,0,19-APR-2021,
OPTSTK,NMDC,29-Apr-2021,79.75,PE,0,0,0,3.4,0,0,0,0,0,19-APR-2021,
OPTSTK,NMDC,29-Apr-2021,82.25,PE,0,0,0,4.1,0,0,0,0,0,19-APR-2021,
OPTSTK,NMDC,29-Apr-2021,84.75,PE,0,0,0,4.85,0,0,0,0,0,19-APR-2021,
OPTSTK,NMDC,29-Apr-2021,87.25,PE,0,0,0,5.75,0,0,0,0,0,19-APR-2021,
OPTSTK,NMDC,29-Apr-2021,89.75,PE,0,0,0,6.7,0,0,0,0,0,19-APR-2021,
OPTSTK,NMDC,29-Apr-2021,92.25,PE,0,0,0,0.2,0,0,0,0,0,19-APR-2021,
OPTSTK,NMDC,29-Apr-2021,94.75,PE,0,0,0,8.9,0,0,0,0,0,19-APR-2021,
OPTSTK,NMDC,29-Apr-2021,97.25,PE,0,0,0,10.15,0,0,0,0,0,19-APR-2021,
OPTSTK,NMDC,29-Apr-2021,97.5,PE,0,0,0,0.45,0,0,0,0,0,19-APR-2021,
OPTSTK,NMDC,29-Apr-2021,99.75,PE,0,0,0,11.45,0,0,0,0,0,19-APR-2021,
OPTSTK,NMDC,29-Apr-2021,100,PE,0,0,0,0.6,0,0,0,0,0,19-APR-2021,
OPTSTK,NMDC,29-Apr-2021,102.25,PE,0,0,0,0.1,0,0,0,113900,0,19-APR-2021,
OPTSTK,NMDC,29-Apr-2021,102.5,PE,0,0,0,0.15,0,0,0,26800,0,19-APR-2021,
OPTSTK,NMDC,29-Apr-2021,104.75,PE,0,0,0,0.15,0,0,0,40200,0,19-APR-2021,
OPTSTK,NMDC,29-Apr-2021,105,PE,0,0,0,0.2,0,0,0,20100,0,19-APR-2021,
OPTSTK,NMDC,29-Apr-2021,107.25,PE,0,0,0,0.15,0.05,0,0,140700,0,19-APR-2021,
OPTSTK,NMDC,29-Apr-2021,107.5,PE,0,0,0,0.25,0.05,0,0,40200,0,19-APR-2021,
OPTSTK,NMDC,29-Apr-2021,109.75,PE,0,0,0,0.75,0.05,0,0,6700,0,19-APR-2021,
OPTSTK,NMDC,29-Apr-2021,110,PE,0.1,0.2,0.1,0.15,0.05,67,494.62,1273000,-46900,19-APR-2021,
OPTSTK,NMDC,29-Apr-2021,112.25,PE,0,0,0,0.1,0.05,0,0,214400,0,19-APR-2021,
OPTSTK,NMDC,29-Apr-2021,112.5,PE,0,0,0,0.1,0.05,0,0,67000,0,19-APR-2021,
OPTSTK,NMDC,29-Apr-2021,114.75,PE,0,0,0,0.1,0.1,0,0,20100,0,19-APR-2021,
OPTSTK,NMDC,29-Apr-2021,115,PE,0.2,0.2,0.2,0.2,0.1,1,7.71,221100,6700,19-APR-2021,
OPTSTK,NMDC,29-Apr-2021,117.25,PE,0,0,0,0.5,0.15,0,0,113900,0,19-APR-2021,
OPTSTK,NMDC,29-Apr-2021,117.5,PE,0,0,0,0.1,0.2,0,0,147400,0,19-APR-2021,
OPTSTK,NMDC,29-Apr-2021,119.75,PE,0,0,0,0.5,0.3,0,0,80400,0,19-APR-2021,
OPTSTK,NMDC,29-Apr-2021,120,PE,0.3,0.35,0.2,0.3,0.3,47,378.74,1487400,-127300,19-APR-2021,
OPTSTK,NMDC,29-Apr-2021,122.25,PE,0,0,0,0.2,0.45,0,0,797300,0,19-APR-2021,
OPTSTK,NMDC,29-Apr-2021,122.5,PE,0.4,0.4,0.3,0.35,0.5,6,49.39,107200,-26800,19-APR-2021,
OPTSTK,NMDC,29-Apr-2021,124.75,PE,0,0,0,0.45,0.75,0,0,87100,0,19-APR-2021,
OPTSTK,NMDC,29-Apr-2021,125,PE,0.5,0.6,0.4,0.5,0.5,190,1597.54,1125600,-80400,19-APR-2021,
OPTSTK,NMDC,29-Apr-2021,127.25,PE,0,0,0,0.25,1.15,0,0,515900,0,19-APR-2021,
OPTSTK,NMDC,29-Apr-2021,127.5,PE,0,0,0,0.65,1.2,0,0,288100,0,19-APR-2021,
OPTSTK,NMDC,29-Apr-2021,129.75,PE,0,0,0,0.55,1.75,0,0,93800,0,19-APR-2021,
OPTSTK,NMDC,29-Apr-2021,130,PE,0.85,1.5,0.85,1.1,1.1,301,2645.18,1876000,33500,19-APR-2021,
OPTSTK,NMDC,29-Apr-2021,132.25,PE,1.5,1.75,1.3,1.75,1.75,13,116.45,207700,-6700,19-APR-2021,
OPTSTK,NMDC,29-Apr-2021,132.5,PE,1.55,2,1.35,1.65,1.65,36,323.49,582900,46900,19-APR-2021,
OPTSTK,NMDC,29-Apr-2021,134.75,PE,3,3,2,2.3,2.3,8,73.48,113900,-20100,19-APR-2021,
OPTSTK,NMDC,29-Apr-2021,135,PE,2.25,3.1,1.95,2.4,2.4,231,2127.51,1956400,13400,19-APR-2021,
OPTSTK,NMDC,29-Apr-2021,137.25,PE,3.1,3.9,3.1,3.55,3.55,7,66.04,234500,-20100,19-APR-2021,
OPTSTK,NMDC,29-Apr-2021,137.5,PE,3.4,4.05,3,3.5,3.5,47,444.12,515900,-13400,19-APR-2021,
OPTSTK,NMDC,29-Apr-2021,139.75,PE,4.6,5.15,4.5,5.1,5.85,7,67.82,93800,6700,19-APR-2021,
OPTSTK,NMDC,29-Apr-2021,140,PE,4.45,6,4.05,4.95,4.95,267,2591.58,1795600,160800,19-APR-2021,
OPTSTK,NMDC,29-Apr-2021,142.25,PE,5.95,5.95,5.95,5.95,7.35,1,9.92,201000,0,19-APR-2021,
OPTSTK,NMDC,29-Apr-2021,142.5,PE,5.7,5.7,5.7,5.7,7.5,1,9.92,241200,0,19-APR-2021,
OPTSTK,NMDC,29-Apr-2021,144.75,PE,7.5,7.5,7.5,7.5,9.05,1,10.2,73700,0,19-APR-2021,
OPTSTK,NMDC,29-Apr-2021,145,PE,6,8.7,6,8.45,8.45,30,307.49,857600,-20100,19-APR-2021,
OPTSTK,NMDC,29-Apr-2021,147.25,PE,0,0,0,9.25,10.95,0,0,13400,0,19-APR-2021,
OPTSTK,NMDC,29-Apr-2021,147.5,PE,0,0,0,7.55,11.15,0,0,26800,0,19-APR-2021,
OPTSTK,NMDC,29-Apr-2021,149.75,PE,0,0,0,50.55,12.95,0,0,0,0,19-APR-2021,
OPTSTK,NMDC,29-Apr-2021,150,PE,0,0,0,8,13.15,0,0,73700,0,19-APR-2021,
OPTSTK,NMDC,29-Apr-2021,152.25,PE,0,0,0,51,15.1,0,0,0,0,19-APR-2021,
OPTSTK,NMDC,29-Apr-2021,152.5,PE,0,0,0,25.75,15.3,0,0,0,0,19-APR-2021,
OPTSTK,NMDC,29-Apr-2021,154.75,PE,0,0,0,46.4,17.3,0,0,0,0,19-APR-2021,
OPTSTK,NMDC,29-Apr-2021,155,PE,0,0,0,15.5,17.55,0,0,26800,0,19-APR-2021,
OPTSTK,NMDC,29-Apr-2021,157.5,PE,0,0,0,30.15,19.85,0,0,0,0,19-APR-2021,
OPTSTK,NMDC,29-Apr-2021,160,PE,0,0,0,32.4,22.2,0,0,0,0,19-APR-2021,
OPTSTK,NMDC,29-Apr-2021,162.5,PE,0,0,0,34.65,24.65,0,0,0,0,19-APR-2021,
OPTSTK,NMDC,29-Apr-2021,165,PE,0,0,0,37,27.05,0,0,0,0,19-APR-2021,
OPTSTK,NMDC,29-Apr-2021,167.5,PE,0,0,0,39.35,29.5,0,0,0,0,19-APR-2021,
OPTSTK,NMDC,29-Apr-2021,170,PE,0,0,0,41.7,32,0,0,0,0,19-APR-2021,
OPTSTK,NMDC,29-Apr-2021,172.5,PE,0,0,0,44.1,34.45,0,0,0,0,19-APR-2021,
OPTSTK,NMDC,27-May-2021,69.75,CE,0,0,0,51.55,68.45,0,0,0,0,19-APR-2021,
OPTSTK,NMDC,27-May-2021,72.25,CE,0,0,0,49.15,65.95,0,0,0,0,19-APR-2021,
OPTSTK,NMDC,27-May-2021,74.75,CE,0,0,0,46.8,63.45,0,0,0,0,19-APR-2021,
OPTSTK,NMDC,27-May-2021,77.25,CE,0,0,0,44.5,60.95,0,0,0,0,19-APR-2021,
OPTSTK,NMDC,27-May-2021,79.75,CE,0,0,0,42.25,58.5,0,0,0,0,19-APR-2021,
OPTSTK,NMDC,27-May-2021,82.25,CE,0,0,0,40.05,56,0,0,0,0,19-APR-2021,
OPTSTK,NMDC,27-May-2021,84.75,CE,0,0,0,37.85,53.5,0,0,0,0,19-APR-2021,
OPTSTK,NMDC,27-May-2021,87.25,CE,0,0,0,35.75,51.05,0,0,0,0,19-APR-2021,
OPTSTK,NMDC,27-May-2021,89.75,CE,0,0,0,33.65,48.55,0,0,0,0,19-APR-2021,
OPTSTK,NMDC,27-May-2021,92.25,CE,0,0,0,31.65,46.1,0,0,0,0,19-APR-2021,
OPTSTK,NMDC,27-May-2021,94.75,CE,0,0,0,29.75,43.65,0,0,0,0,19-APR-2021,
OPTSTK,NMDC,27-May-2021,97.25,CE,0,0,0,27.9,41.2,0,0,0,0,19-APR-2021,
OPTSTK,NMDC,27-May-2021,97.5,CE,0,0,0,32.65,40.95,0,0,0,0,19-APR-2021,
OPTSTK,NMDC,27-May-2021,99.75,CE,0,0,0,26.1,38.8,0,0,0,0,19-APR-2021,
OPTSTK,NMDC,27-May-2021,100,CE,0,0,0,30.55,38.55,0,0,0,0,19-APR-2021,
OPTSTK,NMDC,27-May-2021,102.25,CE,0,0,0,24.35,36.4,0,0,0,0,19-APR-2021,
OPTSTK,NMDC,27-May-2021,102.5,CE,0,0,0,28.45,36.15,0,0,0,0,19-APR-2021,
OPTSTK,NMDC,27-May-2021,104.75,CE,0,0,0,22.7,34.05,0,0,0,0,19-APR-2021,
OPTSTK,NMDC,27-May-2021,105,CE,0,0,0,26.5,33.8,0,0,0,0,19-APR-2021,
OPTSTK,NMDC,27-May-2021,107.25,CE,0,0,0,21.15,31.75,0,0,0,0,19-APR-2021,
OPTSTK,NMDC,27-May-2021,107.5,CE,0,0,0,24.55,31.5,0,0,0,0,19-APR-2021,
OPTSTK,NMDC,27-May-2021,109.75,CE,0,0,0,19.65,29.5,0,0,0,0,19-APR-2021,
OPTSTK,NMDC,27-May-2021,110,CE,0,0,0,22.7,29.25,0,0,0,0,19-APR-2021,
OPTSTK,NMDC,27-May-2021,112.25,CE,0,0,0,18.25,27.3,0,0,0,0,19-APR-2021,
OPTSTK,NMDC,27-May-2021,112.5,CE,0,0,0,20.95,27.05,0,0,0,0,19-APR-2021,
OPTSTK,NMDC,27-May-2021,114.75,CE,0,0,0,16.9,25.15,0,0,0,0,19-APR-2021,
OPTSTK,NMDC,27-May-2021,115,CE,0,0,0,19.3,24.95,0,0,0,0,19-APR-2021,
OPTSTK,NMDC,27-May-2021,117.25,CE,0,0,0,15.65,23.1,0,0,0,0,19-APR-2021,
OPTSTK,NMDC,27-May-2021,117.5,CE,0,0,0,17.7,22.9,0,0,0,0,19-APR-2021,
OPTSTK,NMDC,27-May-2021,119.75,CE,0,0,0,14.45,21.15,0,0,0,0,19-APR-2021,
OPTSTK,NMDC,27-May-2021,120,CE,0,0,0,16.2,20.95,0,0,0,0,19-APR-2021,
OPTSTK,NMDC,27-May-2021,122.25,CE,0,0,0,13.3,19.25,0,0,0,0,19-APR-2021,
OPTSTK,NMDC,27-May-2021,122.5,CE,0,0,0,14.8,19.05,0,0,0,0,19-APR-2021,
OPTSTK,NMDC,27-May-2021,124.75,CE,0,0,0,12.25,17.45,0,0,0,0,19-APR-2021,
OPTSTK,NMDC,27-May-2021,125,CE,0,0,0,9,17.3,0,0,6700,0,19-APR-2021,
OPTSTK,NMDC,27-May-2021,127.25,CE,0,0,0,11.3,15.75,0,0,0,0,19-APR-2021,
OPTSTK,NMDC,27-May-2021,127.5,CE,0,0,0,12.25,15.6,0,0,0,0,19-APR-2021,
OPTSTK,NMDC,27-May-2021,129.75,CE,0,0,0,10.35,14.2,0,0,0,0,19-APR-2021,
OPTSTK,NMDC,27-May-2021,130,CE,0,0,0,11.15,14.05,0,0,0,0,19-APR-2021,
OPTSTK,NMDC,27-May-2021,132.25,CE,0,0,0,9.5,12.7,0,0,0,0,19-APR-2021,
OPTSTK,NMDC,27-May-2021,132.5,CE,0,0,0,10.05,12.55,0,0,0,0,19-APR-2021,
OPTSTK,NMDC,27-May-2021,134.75,CE,0,0,0,8.7,11.35,0,0,0,0,19-APR-2021,
OPTSTK,NMDC,27-May-2021,135,CE,0,0,0,9.1,11.2,0,0,0,0,19-APR-2021,
OPTSTK,NMDC,27-May-2021,137.25,CE,0,0,0,8,10.1,0,0,0,0,19-APR-2021,
OPTSTK,NMDC,27-May-2021,137.5,CE,0,0,0,8.2,9.95,0,0,0,0,19-APR-2021,
OPTSTK,NMDC,27-May-2021,139.75,CE,0,0,0,7.3,8.95,0,0,0,0,19-APR-2021,
OPTSTK,NMDC,27-May-2021,140,CE,0,0,0,6.2,8.8,0,0,60300,0,19-APR-2021,
OPTSTK,NMDC,27-May-2021,142.25,CE,0,0,0,6.7,7.85,0,0,0,0,19-APR-2021,
OPTSTK,NMDC,27-May-2021,142.5,CE,0,0,0,6.6,7.75,0,0,0,0,19-APR-2021,
OPTSTK,NMDC,27-May-2021,144.75,CE,0,0,0,6.1,6.9,0,0,0,0,19-APR-2021,
OPTSTK,NMDC,27-May-2021,145,CE,0,0,0,6.3,6.85,0,0,6700,0,19-APR-2021,
OPTSTK,NMDC,27-May-2021,147.25,CE,0,0,0,5.55,6.05,0,0,0,0,19-APR-2021,
OPTSTK,NMDC,27-May-2021,147.5,CE,0,0,0,5.3,5.95,0,0,0,0,19-APR-2021,
OPTSTK,NMDC,27-May-2021,149.75,CE,0,0,0,5.05,5.3,0,0,0,0,19-APR-2021,
OPTSTK,NMDC,27-May-2021,150,CE,4,4.5,4,4,4,7,72.31,73700,33500,19-APR-2021,
OPTSTK,NMDC,27-May-2021,152.25,CE,0,0,0,5,4.6,0,0,6700,0,19-APR-2021,
OPTSTK,NMDC,27-May-2021,152.5,CE,0,0,0,4.2,4.5,0,0,0,0,19-APR-2021,
OPTSTK,NMDC,27-May-2021,154.75,CE,0,0,0,4.2,4,0,0,0,0,19-APR-2021,
OPTSTK,NMDC,27-May-2021,155,CE,0,0,0,4.5,3.9,0,0,33500,0,19-APR-2021,
OPTSTK,NMDC,27-May-2021,157.5,CE,0,0,0,3.35,3.4,0,0,0,0,19-APR-2021,
OPTSTK,NMDC,27-May-2021,160,CE,2.05,2.05,2.05,2.05,2.9,1,10.85,549400,6700,19-APR-2021,
OPTSTK,NMDC,27-May-2021,162.5,CE,0,0,0,2.6,2.5,0,0,0,0,19-APR-2021,
OPTSTK,NMDC,27-May-2021,165,CE,1.9,1.9,1.9,1.9,2.15,1,11.18,53600,6700,19-APR-2021,
OPTSTK,NMDC,27-May-2021,167.5,CE,0,0,0,2.05,1.8,0,0,0,0,19-APR-2021,
OPTSTK,NMDC,27-May-2021,170,CE,0,0,0,2.05,1.55,0,0,20100,0,19-APR-2021,
OPTSTK,NMDC,27-May-2021,172.5,CE,0,0,0,1.6,1.3,0,0,0,0,19-APR-2021,
OPTSTK,NMDC,27-May-2021,69.75,PE,0,0,0,0.3,0,0,0,0,0,19-APR-2021,
OPTSTK,NMDC,27-May-2021,72.25,PE,0,0,0,0.4,0,0,0,0,0,19-APR-2021,
OPTSTK,NMDC,27-May-2021,74.75,PE,0,0,0,0.55,0,0,0,0,0,19-APR-2021,
OPTSTK,NMDC,27-May-2021,77.25,PE,0,0,0,0.75,0,0,0,0,0,19-APR-2021,
OPTSTK,NMDC,27-May-2021,79.75,PE,0,0,0,0.95,0,0,0,0,0,19-APR-2021,
OPTSTK,NMDC,27-May-2021,82.25,PE,0,0,0,1.2,0.05,0,0,0,0,19-APR-2021,
OPTSTK,NMDC,27-May-2021,84.75,PE,0,0,0,1.5,0.05,0,0,0,0,19-APR-2021,
OPTSTK,NMDC,27-May-2021,87.25,PE,0,0,0,1.85,0.05,0,0,0,0,19-APR-2021,
OPTSTK,NMDC,27-May-2021,89.75,PE,0,0,0,2.25,0.05,0,0,0,0,19-APR-2021,
OPTSTK,NMDC,27-May-2021,92.25,PE,0,0,0,2.75,0.1,0,0,0,0,19-APR-2021,
OPTSTK,NMDC,27-May-2021,94.75,PE,0,0,0,3.3,0.1,0,0,0,0,19-APR-2021,
OPTSTK,NMDC,27-May-2021,97.25,PE,0,0,0,3.9,0.15,0,0,0,0,19-APR-2021,
OPTSTK,NMDC,27-May-2021,97.5,PE,0,0,0,1.3,0.2,0,0,0,0,19-APR-2021,
OPTSTK,NMDC,27-May-2021,99.75,PE,0,0,0,4.6,0.25,0,0,0,0,19-APR-2021,
OPTSTK,NMDC,27-May-2021,100,PE,0,0,0,1.65,0.25,0,0,0,0,19-APR-2021,
OPTSTK,NMDC,27-May-2021,102.25,PE,0,0,0,0.95,0.35,0,0,6700,0,19-APR-2021,
OPTSTK,NMDC,27-May-2021,102.5,PE,0,0,0,2.1,0.35,0,0,0,0,19-APR-2021,
OPTSTK,NMDC,27-May-2021,104.75,PE,0,0,0,6.15,0.5,0,0,0,0,19-APR-2021,
OPTSTK,NMDC,27-May-2021,105,PE,0,0,0,2.55,0.5,0,0,0,0,19-APR-2021,
OPTSTK,NMDC,27-May-2021,107.25,PE,0,0,0,7.05,0.65,0,0,0,0,19-APR-2021,
OPTSTK,NMDC,27-May-2021,107.5,PE,0,0,0,3.15,0.7,0,0,0,0,19-APR-2021,
OPTSTK,NMDC,27-May-2021,109.75,PE,0,0,0,8.05,0.9,0,0,0,0,19-APR-2021,
OPTSTK,NMDC,27-May-2021,110,PE,0,0,0,3.8,0.95,0,0,0,0,19-APR-2021,
OPTSTK,NMDC,27-May-2021,112.25,PE,0,0,0,9.1,1.2,0,0,0,0,19-APR-2021,
OPTSTK,NMDC,27-May-2021,112.5,PE,0,0,0,4.5,1.25,0,0,0,0,19-APR-2021,
OPTSTK,NMDC,27-May-2021,114.75,PE,0,0,0,10.25,1.55,0,0,0,0,19-APR-2021,
OPTSTK,NMDC,27-May-2021,115,PE,0,0,0,5.3,1.6,0,0,0,0,19-APR-2021,
OPTSTK,NMDC,27-May-2021,117.25,PE,0,0,0,11.45,2,0,0,0,0,19-APR-2021,
OPTSTK,NMDC,27-May-2021,117.5,PE,0,0,0,6.2,2.05,0,0,0,0,19-APR-2021,
OPTSTK,NMDC,27-May-2021,119.75,PE,0,0,0,12.75,2.5,0,0,0,0,19-APR-2021,
OPTSTK,NMDC,27-May-2021,120,PE,1.1,1.75,1.1,1.75,2.55,2,16.27,140700,6700,19-APR-2021,
OPTSTK,NMDC,27-May-2021,122.25,PE,0,0,0,14.1,3.1,0,0,0,0,19-APR-2021,
OPTSTK,NMDC,27-May-2021,122.5,PE,0,0,0,8.3,3.2,0,0,0,0,19-APR-2021,
OPTSTK,NMDC,27-May-2021,124.75,PE,0,0,0,15.55,3.8,0,0,0,0,19-APR-2021,
OPTSTK,NMDC,27-May-2021,125,PE,0,0,0,9.45,3.9,0,0,0,0,19-APR-2021,
OPTSTK,NMDC,27-May-2021,127.25,PE,0,0,0,17.05,4.6,0,0,0,0,19-APR-2021,
OPTSTK,NMDC,27-May-2021,127.5,PE,0,0,0,10.7,4.7,0,0,0,0,19-APR-2021,
OPTSTK,NMDC,27-May-2021,129.75,PE,0,0,0,18.6,5.55,0,0,0,0,19-APR-2021,
OPTSTK,NMDC,27-May-2021,130,PE,4,4,4,4,5.65,1,8.97,80400,0,19-APR-2021,
OPTSTK,NMDC,27-May-2021,132.25,PE,0,0,0,20.2,6.55,0,0,0,0,19-APR-2021,
OPTSTK,NMDC,27-May-2021,132.5,PE,0,0,0,13.45,6.65,0,0,0,0,19-APR-2021,
OPTSTK,NMDC,27-May-2021,134.75,PE,0,0,0,21.9,7.65,0,0,0,0,19-APR-2021,
OPTSTK,NMDC,27-May-2021,135,PE,0,0,0,4,7.8,0,0,6700,0,19-APR-2021,
OPTSTK,NMDC,27-May-2021,137.25,PE,0,0,0,23.65,8.9,0,0,0,0,19-APR-2021,
OPTSTK,NMDC,27-May-2021,137.5,PE,0,0,0,16.55,9.05,0,0,0,0,19-APR-2021,
OPTSTK,NMDC,27-May-2021,139.75,PE,0,0,0,25.45,10.25,0,0,0,0,19-APR-2021,
OPTSTK,NMDC,27-May-2021,140,PE,7.9,7.9,7.9,7.9,10.35,3,29.72,26800,20100,19-APR-2021,
OPTSTK,NMDC,27-May-2021,142.25,PE,0,0,0,27.3,11.65,0,0,0,0,19-APR-2021,
OPTSTK,NMDC,27-May-2021,142.5,PE,0,0,0,19.95,11.8,0,0,0,0,19-APR-2021,
OPTSTK,NMDC,27-May-2021,144.75,PE,0,0,0,29.2,13.2,0,0,0,0,19-APR-2021,
OPTSTK,NMDC,27-May-2021,145,PE,0,0,0,9.05,13.35,0,0,40200,0,19-APR-2021,
OPTSTK,NMDC,27-May-2021,147.25,PE,0,0,0,31.1,14.85,0,0,0,0,19-APR-2021,
OPTSTK,NMDC,27-May-2021,147.5,PE,0,0,0,23.6,15,0,0,0,0,19-APR-2021,
OPTSTK,NMDC,27-May-2021,149.75,PE,0,0,0,33.1,16.55,0,0,0,0,19-APR-2021,
OPTSTK,NMDC,27-May-2021,150,PE,0,0,0,25.5,16.7,0,0,0,0,19-APR-2021,
OPTSTK,NMDC,27-May-2021,152.25,PE,0,0,0,35.1,18.35,0,0,0,0,19-APR-2021,
OPTSTK,NMDC,27-May-2021,152.5,PE,0,0,0,27.5,18.5,0,0,0,0,19-APR-2021,
OPTSTK,NMDC,27-May-2021,154.75,PE,0,0,0,37.2,20.2,0,0,0,0,19-APR-2021,
OPTSTK,NMDC,27-May-2021,155,PE,0,0,0,29.5,20.4,0,0,0,0,19-APR-2021,
OPTSTK,NMDC,27-May-2021,157.5,PE,0,0,0,31.55,22.35,0,0,0,0,19-APR-2021,
OPTSTK,NMDC,27-May-2021,160,PE,0,0,0,33.65,24.4,0,0,0,0,19-APR-2021,
OPTSTK,NMDC,27-May-2021,162.5,PE,0,0,0,35.8,26.45,0,0,0,0,19-APR-2021,
OPTSTK,NMDC,27-May-2021,165,PE,0,0,0,38,28.6,0,0,0,0,19-APR-2021,
OPTSTK,NMDC,27-May-2021,167.5,PE,0,0,0,40.2,30.75,0,0,0,0,19-APR-2021,
OPTSTK,NMDC,27-May-2021,170,PE,0,0,0,42.45,33,0,0,0,0,19-APR-2021,
OPTSTK,NMDC,27-May-2021,172.5,PE,0,0,0,44.7,35.25,0,0,0,0,19-APR-2021,
OPTSTK,NMDC,24-Jun-2021,70,CE,0,0,0,54.85,68.4,0,0,0,0,19-APR-2021,
OPTSTK,NMDC,24-Jun-2021,72.5,CE,0,0,0,52.45,65.9,0,0,0,0,19-APR-2021,
OPTSTK,NMDC,24-Jun-2021,75,CE,0,0,0,50.05,63.45,0,0,0,0,19-APR-2021,
OPTSTK,NMDC,24-Jun-2021,77.5,CE,0,0,0,47.65,61,0,0,0,0,19-APR-2021,
OPTSTK,NMDC,24-Jun-2021,80,CE,0,0,0,45.3,58.5,0,0,0,0,19-APR-2021,
OPTSTK,NMDC,24-Jun-2021,82.5,CE,0,0,0,43,56.05,0,0,0,0,19-APR-2021,
OPTSTK,NMDC,24-Jun-2021,85,CE,0,0,0,40.75,53.65,0,0,0,0,19-APR-2021,
OPTSTK,NMDC,24-Jun-2021,87.5,CE,0,0,0,38.5,51.2,0,0,0,0,19-APR-2021,
OPTSTK,NMDC,24-Jun-2021,90,CE,0,0,0,36.35,48.8,0,0,0,0,19-APR-2021,
OPTSTK,NMDC,24-Jun-2021,92.5,CE,0,0,0,34.2,46.45,0,0,0,0,19-APR-2021,
OPTSTK,NMDC,24-Jun-2021,95,CE,0,0,0,32.15,44.1,0,0,0,0,19-APR-2021,
OPTSTK,NMDC,24-Jun-2021,97.5,CE,0,0,0,30.15,41.75,0,0,0,0,19-APR-2021,
OPTSTK,NMDC,24-Jun-2021,100,CE,0,0,0,28.25,39.5,0,0,0,0,19-APR-2021,
OPTSTK,NMDC,24-Jun-2021,102.5,CE,0,0,0,26.4,37.25,0,0,0,0,19-APR-2021,
OPTSTK,NMDC,24-Jun-2021,105,CE,0,0,0,24.6,35.1,0,0,0,0,19-APR-2021,
OPTSTK,NMDC,24-Jun-2021,107.5,CE,0,0,0,22.9,32.95,0,0,0,0,19-APR-2021,
OPTSTK,NMDC,24-Jun-2021,110,CE,0,0,0,21.3,30.9,0,0,0,0,19-APR-2021,
OPTSTK,NMDC,24-Jun-2021,112.5,CE,0,0,0,19.75,28.9,0,0,0,0,19-APR-2021,
OPTSTK,NMDC,24-Jun-2021,115,CE,0,0,0,18.3,26.95,0,0,0,0,19-APR-2021,
OPTSTK,NMDC,24-Jun-2021,117.5,CE,0,0,0,16.9,25.1,0,0,0,0,19-APR-2021,
OPTSTK,NMDC,24-Jun-2021,120,CE,0,0,0,15.6,23.35,0,0,0,0,19-APR-2021,
OPTSTK,NMDC,24-Jun-2021,122.5,CE,0,0,0,14.35,21.65,0,0,0,0,19-APR-2021,
OPTSTK,NMDC,24-Jun-2021,125,CE,0,0,0,13.2,20,0,0,0,0,19-APR-2021,
OPTSTK,NMDC,24-Jun-2021,127.5,CE,0,0,0,12.15,18.5,0,0,0,0,19-APR-2021,
OPTSTK,NMDC,24-Jun-2021,130,CE,0,0,0,11.15,17,0,0,0,0,19-APR-2021,
OPTSTK,NMDC,24-Jun-2021,132.5,CE,0,0,0,10.2,15.65,0,0,0,0,19-APR-2021,
OPTSTK,NMDC,24-Jun-2021,135,CE,0,0,0,9.3,14.35,0,0,0,0,19-APR-2021,
OPTSTK,NMDC,24-Jun-2021,137.5,CE,0,0,0,8.5,13.15,0,0,0,0,19-APR-2021,
OPTSTK,NMDC,24-Jun-2021,140,CE,0,0,0,7.75,12,0,0,0,0,19-APR-2021,
OPTSTK,NMDC,24-Jun-2021,142.5,CE,0,0,0,7.05,10.95,0,0,0,0,19-APR-2021,
OPTSTK,NMDC,24-Jun-2021,145,CE,0,0,0,6.45,10,0,0,0,0,19-APR-2021,
OPTSTK,NMDC,24-Jun-2021,147.5,CE,0,0,0,5.85,9.05,0,0,0,0,19-APR-2021,
OPTSTK,NMDC,24-Jun-2021,150,CE,0,0,0,5.3,8.25,0,0,0,0,19-APR-2021,
OPTSTK,NMDC,24-Jun-2021,152.5,CE,0,0,0,4.85,7.45,0,0,0,0,19-APR-2021,
OPTSTK,NMDC,24-Jun-2021,155,CE,0,0,0,4.4,6.75,0,0,0,0,19-APR-2021,
OPTSTK,NMDC,24-Jun-2021,157.5,CE,0,0,0,3.95,6.1,0,0,0,0,19-APR-2021,
OPTSTK,NMDC,24-Jun-2021,160,CE,0,0,0,3.6,5.5,0,0,0,0,19-APR-2021,
OPTSTK,NMDC,24-Jun-2021,162.5,CE,0,0,0,3.25,4.95,0,0,0,0,19-APR-2021,
OPTSTK,NMDC,24-Jun-2021,165,CE,0,0,0,2.95,4.45,0,0,0,0,19-APR-2021,
OPTSTK,NMDC,24-Jun-2021,167.5,CE,0,0,0,2.65,4,0,0,0,0,19-APR-2021,
OPTSTK,NMDC,24-Jun-2021,170,CE,0,0,0,4.05,3.6,0,0,6700,0,19-APR-2021,
OPTSTK,NMDC,24-Jun-2021,172.5,CE,0,0,0,2.15,3.2,0,0,0,0,19-APR-2021,
OPTSTK,NMDC,24-Jun-2021,70,PE,0,0,0,0.15,0.05,0,0,0,0,19-APR-2021,
OPTSTK,NMDC,24-Jun-2021,72.5,PE,0,0,0,0.2,0.05,0,0,0,0,19-APR-2021,
OPTSTK,NMDC,24-Jun-2021,75,PE,0,0,0,0.3,0.05,0,0,0,0,19-APR-2021,
OPTSTK,NMDC,24-Jun-2021,77.5,PE,0,0,0,0.4,0.05,0,0,0,0,19-APR-2021,
OPTSTK,NMDC,24-Jun-2021,80,PE,0,0,0,0.5,0.1,0,0,0,0,19-APR-2021,
OPTSTK,NMDC,24-Jun-2021,82.5,PE,0,0,0,0.7,0.1,0,0,0,0,19-APR-2021,
OPTSTK,NMDC,24-Jun-2021,85,PE,0,0,0,0.9,0.15,0,0,0,0,19-APR-2021,
OPTSTK,NMDC,24-Jun-2021,87.5,PE,0,0,0,1.15,0.2,0,0,0,0,19-APR-2021,
OPTSTK,NMDC,24-Jun-2021,90,PE,0,0,0,1.45,0.3,0,0,0,0,19-APR-2021,
OPTSTK,NMDC,24-Jun-2021,92.5,PE,0,0,0,1.8,0.4,0,0,0,0,19-APR-2021,
OPTSTK,NMDC,24-Jun-2021,95,PE,0,0,0,2.2,0.55,0,0,0,0,19-APR-2021,
OPTSTK,NMDC,24-Jun-2021,97.5,PE,0,0,0,2.7,0.7,0,0,0,0,19-APR-2021,
OPTSTK,NMDC,24-Jun-2021,100,PE,0,0,0,3.25,0.9,0,0,0,0,19-APR-2021,
OPTSTK,NMDC,24-Jun-2021,102.5,PE,0,0,0,3.9,1.15,0,0,0,0,19-APR-2021,
OPTSTK,NMDC,24-Jun-2021,105,PE,0,0,0,4.6,1.45,0,0,0,0,19-APR-2021,
OPTSTK,NMDC,24-Jun-2021,107.5,PE,0,0,0,5.35,1.85,0,0,0,0,19-APR-2021,
OPTSTK,NMDC,24-Jun-2021,110,PE,0,0,0,6.2,2.25,0,0,0,0,19-APR-2021,
OPTSTK,NMDC,24-Jun-2021,112.5,PE,0,0,0,7.15,2.75,0,0,0,0,19-APR-2021,
OPTSTK,NMDC,24-Jun-2021,115,PE,0,0,0,8.15,3.3,0,0,0,0,19-APR-2021,
OPTSTK,NMDC,24-Jun-2021,117.5,PE,0,0,0,9.25,3.95,0,0,0,0,19-APR-2021,
OPTSTK,NMDC,24-Jun-2021,120,PE,0,0,0,10.4,4.65,0,0,0,0,19-APR-2021,
OPTSTK,NMDC,24-Jun-2021,122.5,PE,0,0,0,11.65,5.4,0,0,0,0,19-APR-2021,
OPTSTK,NMDC,24-Jun-2021,125,PE,0,0,0,13,6.25,0,0,0,0,19-APR-2021,
OPTSTK,NMDC,24-Jun-2021,127.5,PE,0,0,0,14.4,7.2,0,0,0,0,19-APR-2021,
OPTSTK,NMDC,24-Jun-2021,130,PE,0,0,0,15.85,8.25,0,0,0,0,19-APR-2021,
OPTSTK,NMDC,24-Jun-2021,132.5,PE,0,0,0,17.4,9.35,0,0,0,0,19-APR-2021,
OPTSTK,NMDC,24-Jun-2021,135,PE,0,0,0,19,10.55,0,0,0,0,19-APR-2021,
OPTSTK,NMDC,24-Jun-2021,137.5,PE,0,0,0,20.7,11.8,0,0,0,0,19-APR-2021,
OPTSTK,NMDC,24-Jun-2021,140,PE,0,0,0,22.4,13.15,0,0,0,0,19-APR-2021,
OPTSTK,NMDC,24-Jun-2021,142.5,PE,0,0,0,24.2,14.6,0,0,0,0,19-APR-2021,
OPTSTK,NMDC,24-Jun-2021,145,PE,0,0,0,26.05,16.1,0,0,0,0,19-APR-2021,
OPTSTK,NMDC,24-Jun-2021,147.5,PE,0,0,0,27.95,17.65,0,0,0,0,19-APR-2021,
OPTSTK,NMDC,24-Jun-2021,150,PE,0,0,0,29.9,19.3,0,0,0,0,19-APR-2021,
OPTSTK,NMDC,24-Jun-2021,152.5,PE,0,0,0,31.85,21,0,0,0,0,19-APR-2021,
OPTSTK,NMDC,24-Jun-2021,155,PE,0,0,0,33.9,22.8,0,0,0,0,19-APR-2021,
OPTSTK,NMDC,24-Jun-2021,157.5,PE,0,0,0,35.95,24.65,0,0,0,0,19-APR-2021,
OPTSTK,NMDC,24-Jun-2021,160,PE,0,0,0,38.05,26.5,0,0,0,0,19-APR-2021,
OPTSTK,NMDC,24-Jun-2021,162.5,PE,0,0,0,40.2,28.45,0,0,0,0,19-APR-2021,
OPTSTK,NMDC,24-Jun-2021,165,PE,0,0,0,42.35,30.45,0,0,0,0,19-APR-2021,
OPTSTK,NMDC,24-Jun-2021,167.5,PE,0,0,0,44.55,32.45,0,0,0,0,19-APR-2021,
OPTSTK,NMDC,24-Jun-2021,170,PE,0,0,0,46.75,34.55,0,0,0,0,19-APR-2021,
OPTSTK,NMDC,24-Jun-2021,172.5,PE,0,0,0,49,36.65,0,0,0,0,19-APR-2021,
OPTSTK,NTPC,29-Apr-2021,60,CE,0,0,0,32.25,39.15,0,0,0,0,19-APR-2021,
OPTSTK,NTPC,29-Apr-2021,61,CE,0,0,0,31.25,38.15,0,0,0,0,19-APR-2021,
OPTSTK,NTPC,29-Apr-2021,62,CE,0,0,0,30.3,37.15,0,0,0,0,19-APR-2021,
OPTSTK,NTPC,29-Apr-2021,63,CE,0,0,0,29.3,36.15,0,0,0,0,19-APR-2021,
OPTSTK,NTPC,29-Apr-2021,64,CE,0,0,0,28.35,35.15,0,0,0,0,19-APR-2021,
OPTSTK,NTPC,29-Apr-2021,65,CE,0,0,0,27.4,34.15,0,0,0,0,19-APR-2021,
OPTSTK,NTPC,29-Apr-2021,66,CE,0,0,0,26.45,33.15,0,0,0,0,19-APR-2021,
OPTSTK,NTPC,29-Apr-2021,67,CE,0,0,0,25.5,32.15,0,0,0,0,19-APR-2021,
OPTSTK,NTPC,29-Apr-2021,68,CE,0,0,0,24.6,31.15,0,0,0,0,19-APR-2021,
OPTSTK,NTPC,29-Apr-2021,69,CE,0,0,0,23.65,30.15,0,0,0,0,19-APR-2021,
OPTSTK,NTPC,29-Apr-2021,70,CE,0,0,0,22.75,29.15,0,0,0,0,19-APR-2021,
OPTSTK,NTPC,29-Apr-2021,71,CE,0,0,0,21.85,28.15,0,0,0,0,19-APR-2021,
OPTSTK,NTPC,29-Apr-2021,72,CE,0,0,0,21,27.15,0,0,0,0,19-APR-2021,
OPTSTK,NTPC,29-Apr-2021,73,CE,0,0,0,20.1,26.15,0,0,0,0,19-APR-2021,
OPTSTK,NTPC,29-Apr-2021,74,CE,0,0,0,19.25,25.15,0,0,0,0,19-APR-2021,
OPTSTK,NTPC,29-Apr-2021,75,CE,0,0,0,18.4,24.15,0,0,0,0,19-APR-2021,
OPTSTK,NTPC,29-Apr-2021,76,CE,0,0,0,17.6,23.15,0,0,0,0,19-APR-2021,
OPTSTK,NTPC,29-Apr-2021,77,CE,0,0,0,16.75,22.15,0,0,0,0,19-APR-2021,
OPTSTK,NTPC,29-Apr-2021,78,CE,0,0,0,16,21.15,0,0,0,0,19-APR-2021,
OPTSTK,NTPC,29-Apr-2021,79,CE,0,0,0,15.2,20.15,0,0,0,0,19-APR-2021,
OPTSTK,NTPC,29-Apr-2021,80,CE,0,0,0,14.45,19.15,0,0,0,0,19-APR-2021,
OPTSTK,NTPC,29-Apr-2021,81,CE,0,0,0,13.75,18.15,0,0,0,0,19-APR-2021,
OPTSTK,NTPC,29-Apr-2021,82,CE,0,0,0,13.05,17.15,0,0,0,0,19-APR-2021,
OPTSTK,NTPC,29-Apr-2021,83,CE,0,0,0,12.35,16.15,0,0,0,0,19-APR-2021,
OPTSTK,NTPC,29-Apr-2021,84,CE,0,0,0,11.7,15.15,0,0,0,0,19-APR-2021,
OPTSTK,NTPC,29-Apr-2021,85,CE,0,0,0,11.05,14.15,0,0,0,0,19-APR-2021,
OPTSTK,NTPC,29-Apr-2021,86,CE,0,0,0,10.4,13.2,0,0,0,0,19-APR-2021,
OPTSTK,NTPC,29-Apr-2021,87,CE,0,0,0,9.8,12.2,0,0,0,0,19-APR-2021,
OPTSTK,NTPC,29-Apr-2021,88,CE,0,0,0,9.25,11.25,0,0,0,0,19-APR-2021,
OPTSTK,NTPC,29-Apr-2021,89,CE,0,0,0,8.7,10.25,0,0,0,0,19-APR-2021,
OPTSTK,NTPC,29-Apr-2021,90,CE,0,0,0,8.2,9.35,0,0,0,0,19-APR-2021,
OPTSTK,NTPC,29-Apr-2021,91,CE,0,0,0,7.7,8.4,0,0,0,0,19-APR-2021,
OPTSTK,NTPC,29-Apr-2021,92,CE,0,0,0,7.2,7.5,0,0,0,0,19-APR-2021,
OPTSTK,NTPC,29-Apr-2021,93,CE,0,0,0,6.75,6.65,0,0,0,0,19-APR-2021,
OPTSTK,NTPC,29-Apr-2021,94,CE,0,0,0,12.1,5.85,0,0,17100,0,19-APR-2021,
OPTSTK,NTPC,29-Apr-2021,95,CE,5.25,5.35,4.9,5,5,23,131.15,131100,51300,19-APR-2021,
OPTSTK,NTPC,29-Apr-2021,96,CE,0,0,0,5.5,4.4,0,0,0,0,19-APR-2021,
OPTSTK,NTPC,29-Apr-2021,97,CE,0,0,0,5.15,3.75,0,0,0,0,19-APR-2021,
OPTSTK,NTPC,29-Apr-2021,98,CE,2.9,3.5,2.7,2.85,2.85,66,379.8,125400,22800,19-APR-2021,
OPTSTK,NTPC,29-Apr-2021,99,CE,2.75,2.85,2.2,2.3,2.3,178,1029.07,330600,-39900,19-APR-2021,
OPTSTK,NTPC,29-Apr-2021,100,CE,2.55,2.55,1.7,1.85,1.85,872,5066.57,3277500,153900,19-APR-2021,
OPTSTK,NTPC,29-Apr-2021,101,CE,2.05,2.05,1.4,1.45,1.45,276,1613.65,473100,136800,19-APR-2021,
OPTSTK,NTPC,29-Apr-2021,102,CE,1.3,1.6,1.1,1.25,1.25,273,1607.83,427500,62700,19-APR-2021,
OPTSTK,NTPC,29-Apr-2021,103,CE,1.35,1.35,0.9,1,1,216,1281.26,832200,136800,19-APR-2021,
OPTSTK,NTPC,29-Apr-2021,104,CE,0.85,1.05,0.8,0.85,0.85,54,322.93,1065900,39900,19-APR-2021,
OPTSTK,NTPC,29-Apr-2021,105,CE,1.05,1.15,0.7,0.75,0.75,934,5632.83,9462000,1516200,19-APR-2021,
OPTSTK,NTPC,29-Apr-2021,106,CE,0.65,0.8,0.55,0.65,0.65,42,255.29,1328100,-5700,19-APR-2021,
OPTSTK,NTPC,29-Apr-2021,107,CE,0.5,0.65,0.5,0.55,0.55,121,741.76,792300,96900,19-APR-2021,
OPTSTK,NTPC,29-Apr-2021,108,CE,0.5,0.5,0.35,0.4,0.4,36,222.46,1556100,-34200,19-APR-2021,
OPTSTK,NTPC,29-Apr-2021,109,CE,0.35,0.4,0.35,0.35,0.35,21,130.89,997500,62700,19-APR-2021,
OPTSTK,NTPC,29-Apr-2021,110,CE,0.3,0.35,0.2,0.25,0.25,725,4556.1,13908000,-68400,19-APR-2021,
OPTSTK,NTPC,29-Apr-2021,111,CE,0.25,0.35,0.25,0.3,0.3,19,120.53,592800,39900,19-APR-2021,
OPTSTK,NTPC,29-Apr-2021,112,CE,0.2,0.3,0.2,0.3,0.3,61,390.25,615600,-51300,19-APR-2021,
OPTSTK,NTPC,29-Apr-2021,113,CE,0.25,0.25,0.25,0.25,0.05,5,32.27,176700,0,19-APR-2021,
OPTSTK,NTPC,29-Apr-2021,114,CE,0.15,0.25,0.15,0.2,0.2,5,32.54,233700,-5700,19-APR-2021,
OPTSTK,NTPC,29-Apr-2021,115,CE,0.15,0.2,0.15,0.2,0.2,100,656.42,3750600,-302100,19-APR-2021,
OPTSTK,NTPC,29-Apr-2021,116,CE,0.15,0.15,0.15,0.15,0.15,4,26.48,290700,-17100,19-APR-2021,
OPTSTK,NTPC,29-Apr-2021,117,CE,0.15,0.15,0.15,0.15,0.05,1,6.67,136800,0,19-APR-2021,
OPTSTK,NTPC,29-Apr-2021,118,CE,0,0,0,0.2,0.05,0,0,74100,0,19-APR-2021,
OPTSTK,NTPC,29-Apr-2021,119,CE,0,0,0,0.15,0,0,0,0,0,19-APR-2021,
OPTSTK,NTPC,29-Apr-2021,120,CE,0.1,0.15,0.1,0.15,0.15,99,677.87,2850000,-222300,19-APR-2021,
OPTSTK,NTPC,29-Apr-2021,121,CE,0,0,0,0.75,0,0,0,0,0,19-APR-2021,
OPTSTK,NTPC,29-Apr-2021,122,CE,0.05,0.05,0.05,0.05,0,2,13.91,34200,-11400,19-APR-2021,
OPTSTK,NTPC,29-Apr-2021,123,CE,0,0,0,0.2,0,0,0,5700,0,19-APR-2021,
OPTSTK,NTPC,29-Apr-2021,124,CE,0.1,0.1,0.1,0.1,0,3,21.22,45600,0,19-APR-2021,
OPTSTK,NTPC,29-Apr-2021,125,CE,0.05,0.1,0.05,0.1,0.1,28,199.6,1276800,-68400,19-APR-2021,
OPTSTK,NTPC,29-Apr-2021,126,CE,0,0,0,1.8,0,0,0,5700,0,19-APR-2021,
OPTSTK,NTPC,29-Apr-2021,127,CE,0,0,0,0.45,0,0,0,0,0,19-APR-2021,
OPTSTK,NTPC,29-Apr-2021,128,CE,0,0,0,0.4,0,0,0,0,0,19-APR-2021,
OPTSTK,NTPC,29-Apr-2021,129,CE,0,0,0,0.35,0,0,0,0,0,19-APR-2021,
OPTSTK,NTPC,29-Apr-2021,130,CE,0.05,0.1,0.05,0.1,0.1,67,496.68,1293900,-17100,19-APR-2021,
OPTSTK,NTPC,29-Apr-2021,131,CE,0,0,0,0.3,0,0,0,0,0,19-APR-2021,
OPTSTK,NTPC,29-Apr-2021,132,CE,0,0,0,0.25,0,0,0,0,0,19-APR-2021,
OPTSTK,NTPC,29-Apr-2021,133,CE,0,0,0,0.05,0,0,0,28500,0,19-APR-2021,
OPTSTK,NTPC,29-Apr-2021,60,PE,0,0,0,0.1,0,0,0,0,0,19-APR-2021,
OPTSTK,NTPC,29-Apr-2021,61,PE,0,0,0,0.1,0,0,0,0,0,19-APR-2021,
OPTSTK,NTPC,29-Apr-2021,62,PE,0,0,0,0.1,0,0,0,0,0,19-APR-2021,
OPTSTK,NTPC,29-Apr-2021,63,PE,0,0,0,0.15,0,0,0,0,0,19-APR-2021,
OPTSTK,NTPC,29-Apr-2021,64,PE,0,0,0,0.15,0,0,0,0,0,19-APR-2021,
OPTSTK,NTPC,29-Apr-2021,65,PE,0,0,0,0.1,0,0,0,22800,0,19-APR-2021,
OPTSTK,NTPC,29-Apr-2021,66,PE,0,0,0,0.05,0,0,0,0,0,19-APR-2021,
OPTSTK,NTPC,29-Apr-2021,67,PE,0,0,0,0.3,0,0,0,0,0,19-APR-2021,
OPTSTK,NTPC,29-Apr-2021,68,PE,0,0,0,0.35,0,0,0,0,0,19-APR-2021,
OPTSTK,NTPC,29-Apr-2021,69,PE,0,0,0,0.45,0,0,0,0,0,19-APR-2021,
OPTSTK,NTPC,29-Apr-2021,70,PE,0,0,0,0.05,0,0,0,51300,0,19-APR-2021,
OPTSTK,NTPC,29-Apr-2021,71,PE,0,0,0,0.05,0,0,0,0,0,19-APR-2021,
OPTSTK,NTPC,29-Apr-2021,72,PE,0,0,0,0.7,0,0,0,0,0,19-APR-2021,
OPTSTK,NTPC,29-Apr-2021,73,PE,0,0,0,0.85,0,0,0,0,0,19-APR-2021,
OPTSTK,NTPC,29-Apr-2021,74,PE,0,0,0,0.95,0,0,0,0,0,19-APR-2021,
OPTSTK,NTPC,29-Apr-2021,75,PE,0,0,0,1.1,0,0,0,0,0,19-APR-2021,
OPTSTK,NTPC,29-Apr-2021,76,PE,0,0,0,1.3,0,0,0,0,0,19-APR-2021,
OPTSTK,NTPC,29-Apr-2021,77,PE,0,0,0,1.45,0,0,0,0,0,19-APR-2021,
OPTSTK,NTPC,29-Apr-2021,78,PE,0,0,0,1.65,0,0,0,0,0,19-APR-2021,
OPTSTK,NTPC,29-Apr-2021,79,PE,0,0,0,1.9,0,0,0,0,0,19-APR-2021,
OPTSTK,NTPC,29-Apr-2021,80,PE,0.05,0.05,0.05,0.05,0.05,7,31.93,188100,-11400,19-APR-2021,
OPTSTK,NTPC,29-Apr-2021,81,PE,0,0,0,0.05,0,0,0,5700,0,19-APR-2021,
OPTSTK,NTPC,29-Apr-2021,82,PE,0,0,0,2.65,0,0,0,0,0,19-APR-2021,
OPTSTK,NTPC,29-Apr-2021,83,PE,0,0,0,2.95,0,0,0,0,0,19-APR-2021,
OPTSTK,NTPC,29-Apr-2021,84,PE,0,0,0,0.1,0.05,0,0,11400,0,19-APR-2021,
OPTSTK,NTPC,29-Apr-2021,85,PE,0.1,0.15,0.1,0.1,0.05,19,92.19,575700,-11400,19-APR-2021,
OPTSTK,NTPC,29-Apr-2021,86,PE,0,0,0,0.1,0.05,0,0,28500,0,19-APR-2021,
OPTSTK,NTPC,29-Apr-2021,87,PE,0,0,0,4.4,0.05,0,0,0,0,19-APR-2021,
OPTSTK,NTPC,29-Apr-2021,88,PE,0,0,0,4.85,0.1,0,0,0,0,19-APR-2021,
OPTSTK,NTPC,29-Apr-2021,89,PE,0,0,0,0.1,0.15,0,0,11400,0,19-APR-2021,
OPTSTK,NTPC,29-Apr-2021,90,PE,0.25,0.4,0.25,0.35,0.35,142,731.11,1362300,-34200,19-APR-2021,
OPTSTK,NTPC,29-Apr-2021,91,PE,0,0,0,6.25,0.25,0,0,0,0,19-APR-2021,
OPTSTK,NTPC,29-Apr-2021,92,PE,0,0,0,1.3,0.4,0,0,5700,0,19-APR-2021,
OPTSTK,NTPC,29-Apr-2021,93,PE,0,0,0,0.55,0.5,0,0,125400,0,19-APR-2021,
OPTSTK,NTPC,29-Apr-2021,94,PE,0,0,0,0.55,0.7,0,0,45600,0,19-APR-2021,
OPTSTK,NTPC,29-Apr-2021,95,PE,0.7,1.05,0.7,0.9,0.9,298,1627.84,1926600,-57000,19-APR-2021,
OPTSTK,NTPC,29-Apr-2021,96,PE,1.05,1.1,0.95,1.05,1.05,5,27.65,148200,5700,19-APR-2021,
OPTSTK,NTPC,29-Apr-2021,97,PE,3.45,3.45,1.15,1.4,1.4,103,577.43,256500,-22800,19-APR-2021,
OPTSTK,NTPC,29-Apr-2021,98,PE,1.25,2,0.95,1.75,1.75,119,675.82,324900,-45600,19-APR-2021,
OPTSTK,NTPC,29-Apr-2021,99,PE,2.05,2.2,1.75,2.15,2.15,117,673.64,330600,-62700,19-APR-2021,
OPTSTK,NTPC,29-Apr-2021,100,PE,1.95,2.95,1.95,2.7,2.7,413,2414.06,2120400,-376200,19-APR-2021,
OPTSTK,NTPC,29-Apr-2021,101,PE,2.6,3.35,2.6,3.35,3.35,73,432.89,296400,-34200,19-APR-2021,
OPTSTK,NTPC,29-Apr-2021,102,PE,3.2,4.3,3.2,4.1,4.1,74,446.35,302100,-114000,19-APR-2021,
OPTSTK,NTPC,29-Apr-2021,103,PE,4.65,4.8,4.2,4.6,4.95,16,98.05,256500,-17100,19-APR-2021,
OPTSTK,NTPC,29-Apr-2021,104,PE,6,6,5.15,5.25,5.7,3,18.71,285000,-11400,19-APR-2021,
OPTSTK,NTPC,29-Apr-2021,105,PE,6.3,6.75,5.9,6.6,6.6,26,164.9,1521900,-39900,19-APR-2021,
OPTSTK,NTPC,29-Apr-2021,106,PE,7.1,7.1,7.1,7.1,7.35,1,6.44,359100,-5700,19-APR-2021,
OPTSTK,NTPC,29-Apr-2021,107,PE,0,0,0,7,8.25,0,0,399000,0,19-APR-2021,
OPTSTK,NTPC,29-Apr-2021,108,PE,0,0,0,6.15,9.15,0,0,273600,0,19-APR-2021,
OPTSTK,NTPC,29-Apr-2021,109,PE,9.75,9.75,9.75,9.75,10.05,1,6.76,171000,-5700,19-APR-2021,
OPTSTK,NTPC,29-Apr-2021,110,PE,9.8,11.15,9.8,10.85,11,6,41.3,786600,-17100,19-APR-2021,
OPTSTK,NTPC,29-Apr-2021,111,PE,0,0,0,11.6,11.95,0,0,45600,0,19-APR-2021,
OPTSTK,NTPC,29-Apr-2021,112,PE,0,0,0,12.25,12.95,0,0,34200,0,19-APR-2021,
OPTSTK,NTPC,29-Apr-2021,113,PE,0,0,0,21.85,13.9,0,0,0,0,19-APR-2021,
OPTSTK,NTPC,29-Apr-2021,114,PE,0,0,0,22.7,14.9,0,0,0,0,19-APR-2021,
OPTSTK,NTPC,29-Apr-2021,115,PE,0,0,0,16.4,15.9,0,0,51300,0,19-APR-2021,
OPTSTK,NTPC,29-Apr-2021,116,PE,0,0,0,24.45,16.85,0,0,0,0,19-APR-2021,
OPTSTK,NTPC,29-Apr-2021,117,PE,0,0,0,25.35,17.85,0,0,0,0,19-APR-2021,
OPTSTK,NTPC,29-Apr-2021,118,PE,0,0,0,26.25,18.85,0,0,0,0,19-APR-2021,
OPTSTK,NTPC,29-Apr-2021,119,PE,0,0,0,27.2,19.85,0,0,0,0,19-APR-2021,
OPTSTK,NTPC,29-Apr-2021,120,PE,0,0,0,17,20.85,0,0,45600,0,19-APR-2021,
OPTSTK,NTPC,29-Apr-2021,121,PE,0,0,0,29,21.85,0,0,0,0,19-APR-2021,
OPTSTK,NTPC,29-Apr-2021,122,PE,0,0,0,29.95,22.85,0,0,0,0,19-APR-2021,
OPTSTK,NTPC,29-Apr-2021,123,PE,0,0,0,30.9,23.85,0,0,0,0,19-APR-2021,
OPTSTK,NTPC,29-Apr-2021,124,PE,0,0,0,31.8,24.85,0,0,0,0,19-APR-2021,
OPTSTK,NTPC,29-Apr-2021,125,PE,0,0,0,26.4,25.85,0,0,17100,0,19-APR-2021,
OPTSTK,NTPC,29-Apr-2021,126,PE,0,0,0,33.7,26.85,0,0,0,0,19-APR-2021,
OPTSTK,NTPC,29-Apr-2021,127,PE,0,0,0,34.65,27.85,0,0,0,0,19-APR-2021,
OPTSTK,NTPC,29-Apr-2021,128,PE,0,0,0,35.6,28.85,0,0,0,0,19-APR-2021,
OPTSTK,NTPC,29-Apr-2021,129,PE,0,0,0,36.55,29.85,0,0,0,0,19-APR-2021,
OPTSTK,NTPC,29-Apr-2021,130,PE,0,0,0,37.5,30.85,0,0,0,0,19-APR-2021,
OPTSTK,NTPC,29-Apr-2021,131,PE,0,0,0,38.5,31.85,0,0,0,0,19-APR-2021,
OPTSTK,NTPC,29-Apr-2021,132,PE,0,0,0,39.45,32.85,0,0,0,0,19-APR-2021,
OPTSTK,NTPC,29-Apr-2021,133,PE,0,0,0,38,33.85,0,0,0,0,19-APR-2021,
OPTSTK,NTPC,27-May-2021,68,CE,0,0,0,40.7,31.35,0,0,0,0,19-APR-2021,
OPTSTK,NTPC,27-May-2021,69,CE,0,0,0,39.7,30.35,0,0,0,0,19-APR-2021,
OPTSTK,NTPC,27-May-2021,70,CE,0,0,0,38.75,29.35,0,0,0,0,19-APR-2021,
OPTSTK,NTPC,27-May-2021,71,CE,0,0,0,37.75,28.35,0,0,0,0,19-APR-2021,
OPTSTK,NTPC,27-May-2021,72,CE,0,0,0,36.8,27.35,0,0,0,0,19-APR-2021,
OPTSTK,NTPC,27-May-2021,73,CE,0,0,0,35.8,26.4,0,0,0,0,19-APR-2021,
OPTSTK,NTPC,27-May-2021,74,CE,0,0,0,34.85,25.4,0,0,0,0,19-APR-2021,
OPTSTK,NTPC,27-May-2021,75,CE,0,0,0,33.9,24.4,0,0,0,0,19-APR-2021,
OPTSTK,NTPC,27-May-2021,76,CE,0,0,0,32.95,23.4,0,0,0,0,19-APR-2021,
OPTSTK,NTPC,27-May-2021,77,CE,0,0,0,32,22.45,0,0,0,0,19-APR-2021,
OPTSTK,NTPC,27-May-2021,78,CE,0,0,0,31.05,21.5,0,0,0,0,19-APR-2021,
OPTSTK,NTPC,27-May-2021,79,CE,0,0,0,30.1,20.5,0,0,0,0,19-APR-2021,
OPTSTK,NTPC,27-May-2021,80,CE,0,0,0,29.15,19.55,0,0,0,0,19-APR-2021,
OPTSTK,NTPC,27-May-2021,81,CE,0,0,0,28.25,18.6,0,0,0,0,19-APR-2021,
OPTSTK,NTPC,27-May-2021,82,CE,0,0,0,27.35,17.7,0,0,0,0,19-APR-2021,
OPTSTK,NTPC,27-May-2021,83,CE,0,0,0,26.45,16.75,0,0,0,0,19-APR-2021,
OPTSTK,NTPC,27-May-2021,84,CE,0,0,0,25.55,15.85,0,0,0,0,19-APR-2021,
OPTSTK,NTPC,27-May-2021,85,CE,0,0,0,24.65,14.95,0,0,0,0,19-APR-2021,
OPTSTK,NTPC,27-May-2021,86,CE,0,0,0,23.8,14.1,0,0,0,0,19-APR-2021,
OPTSTK,NTPC,27-May-2021,87,CE,0,0,0,22.95,13.25,0,0,0,0,19-APR-2021,
OPTSTK,NTPC,27-May-2021,88,CE,0,0,0,22.1,12.4,0,0,0,0,19-APR-2021,
OPTSTK,NTPC,27-May-2021,89,CE,0,0,0,21.25,11.6,0,0,0,0,19-APR-2021,
OPTSTK,NTPC,27-May-2021,90,CE,0,0,0,13,10.8,0,0,5700,0,19-APR-2021,
OPTSTK,NTPC,27-May-2021,91,CE,0,0,0,19.65,10.05,0,0,0,0,19-APR-2021,
OPTSTK,NTPC,27-May-2021,92,CE,0,0,0,18.85,9.35,0,0,0,0,19-APR-2021,
OPTSTK,NTPC,27-May-2021,93,CE,0,0,0,18.1,8.65,0,0,0,0,19-APR-2021,
OPTSTK,NTPC,27-May-2021,94,CE,0,0,0,17.35,8,0,0,0,0,19-APR-2021,
OPTSTK,NTPC,27-May-2021,95,CE,0,0,0,16.6,7.35,0,0,0,0,19-APR-2021,
OPTSTK,NTPC,27-May-2021,96,CE,0,0,0,15.9,6.75,0,0,0,0,19-APR-2021,
OPTSTK,NTPC,27-May-2021,97,CE,0,0,0,15.2,6.15,0,0,0,0,19-APR-2021,
OPTSTK,NTPC,27-May-2021,98,CE,0,0,0,14.5,5.65,0,0,0,0,19-APR-2021,
OPTSTK,NTPC,27-May-2021,99,CE,0,0,0,13.85,5.15,0,0,0,0,19-APR-2021,
OPTSTK,NTPC,27-May-2021,100,CE,5,5,4.2,4.5,4.5,4,23.85,45600,17100,19-APR-2021,
OPTSTK,NTPC,27-May-2021,101,CE,0,0,0,12.6,4.2,0,0,0,0,19-APR-2021,
OPTSTK,NTPC,27-May-2021,102,CE,0,0,0,12,3.8,0,0,0,0,19-APR-2021,
OPTSTK,NTPC,27-May-2021,103,CE,0,0,0,11.4,3.45,0,0,0,0,19-APR-2021,
OPTSTK,NTPC,27-May-2021,104,CE,0,0,0,10.85,3.1,0,0,0,0,19-APR-2021,
OPTSTK,NTPC,27-May-2021,105,CE,2.8,3,2.4,2.5,2.5,34,208.72,262200,51300,19-APR-2021,
OPTSTK,NTPC,27-May-2021,106,CE,0,0,0,9.75,2.45,0,0,0,0,19-APR-2021,
OPTSTK,NTPC,27-May-2021,107,CE,0,0,0,9.25,2.2,0,0,0,0,19-APR-2021,
OPTSTK,NTPC,27-May-2021,108,CE,0,0,0,8.75,1.95,0,0,0,0,19-APR-2021,
OPTSTK,NTPC,27-May-2021,109,CE,0,0,0,8.3,1.75,0,0,0,0,19-APR-2021,
OPTSTK,NTPC,27-May-2021,110,CE,1.6,1.7,1.45,1.5,1.5,30,190.73,473100,85500,19-APR-2021,
OPTSTK,NTPC,27-May-2021,111,CE,0,0,0,7.4,1.35,0,0,0,0,19-APR-2021,
OPTSTK,NTPC,27-May-2021,112,CE,0,0,0,7,1.2,0,0,0,0,19-APR-2021,
OPTSTK,NTPC,27-May-2021,113,CE,0,0,0,6.6,1.05,0,0,0,0,19-APR-2021,
OPTSTK,NTPC,27-May-2021,114,CE,0,0,0,6.25,0.9,0,0,0,0,19-APR-2021,
OPTSTK,NTPC,27-May-2021,115,CE,1.4,1.4,0.8,0.8,0.8,2,13.23,17100,11400,19-APR-2021,
OPTSTK,NTPC,27-May-2021,116,CE,0,0,0,5.55,0.7,0,0,0,0,19-APR-2021,
OPTSTK,NTPC,27-May-2021,117,CE,0,0,0,5.2,0.6,0,0,0,0,19-APR-2021,
OPTSTK,NTPC,27-May-2021,118,CE,0,0,0,4.9,0.55,0,0,0,0,19-APR-2021,
OPTSTK,NTPC,27-May-2021,119,CE,0,0,0,4.6,0.45,0,0,0,0,19-APR-2021,
OPTSTK,NTPC,27-May-2021,120,CE,0.65,0.65,0.55,0.55,0.55,6,41.24,427500,11400,19-APR-2021,
OPTSTK,NTPC,27-May-2021,121,CE,0,0,0,4.05,0.35,0,0,0,0,19-APR-2021,
OPTSTK,NTPC,27-May-2021,122,CE,0,0,0,3.8,0.3,0,0,0,0,19-APR-2021,
OPTSTK,NTPC,27-May-2021,123,CE,0,0,0,3.55,0.25,0,0,0,0,19-APR-2021,
OPTSTK,NTPC,27-May-2021,124,CE,0,0,0,3.35,0.25,0,0,0,0,19-APR-2021,
OPTSTK,NTPC,27-May-2021,125,CE,0,0,0,3.15,0.2,0,0,0,0,19-APR-2021,
OPTSTK,NTPC,27-May-2021,126,CE,0,0,0,2.95,0.15,0,0,0,0,19-APR-2021,
OPTSTK,NTPC,27-May-2021,127,CE,0,0,0,2.75,0.15,0,0,0,0,19-APR-2021,
OPTSTK,NTPC,27-May-2021,128,CE,0,0,0,2.55,0.15,0,0,0,0,19-APR-2021,
OPTSTK,NTPC,27-May-2021,129,CE,0,0,0,2.4,0.1,0,0,0,0,19-APR-2021,
OPTSTK,NTPC,27-May-2021,130,CE,0,0,0,2.25,0.1,0,0,0,0,19-APR-2021,
OPTSTK,NTPC,27-May-2021,131,CE,0,0,0,2.1,0.1,0,0,0,0,19-APR-2021,
OPTSTK,NTPC,27-May-2021,132,CE,0,0,0,1.95,0.05,0,0,0,0,19-APR-2021,
OPTSTK,NTPC,27-May-2021,133,CE,0,0,0,1.8,0.05,0,0,0,0,19-APR-2021,
OPTSTK,NTPC,27-May-2021,68,PE,0,0,0,0.05,0,0,0,0,0,19-APR-2021,
OPTSTK,NTPC,27-May-2021,69,PE,0,0,0,0.05,0,0,0,0,0,19-APR-2021,
OPTSTK,NTPC,27-May-2021,70,PE,0,0,0,0.1,0.05,0,0,0,0,19-APR-2021,
OPTSTK,NTPC,27-May-2021,71,PE,0,0,0,0.1,0.05,0,0,0,0,19-APR-2021,
OPTSTK,NTPC,27-May-2021,72,PE,0,0,0,0.1,0.05,0,0,0,0,19-APR-2021,
OPTSTK,NTPC,27-May-2021,73,PE,0,0,0,0.15,0.05,0,0,0,0,19-APR-2021,
OPTSTK,NTPC,27-May-2021,74,PE,0,0,0,0.15,0.05,0,0,0,0,19-APR-2021,
OPTSTK,NTPC,27-May-2021,75,PE,0,0,0,0.2,0.05,0,0,0,0,19-APR-2021,
OPTSTK,NTPC,27-May-2021,76,PE,0,0,0,0.2,0.1,0,0,0,0,19-APR-2021,
OPTSTK,NTPC,27-May-2021,77,PE,0,0,0,0.25,0.1,0,0,0,0,19-APR-2021,
OPTSTK,NTPC,27-May-2021,78,PE,0,0,0,0.3,0.1,0,0,0,0,19-APR-2021,
OPTSTK,NTPC,27-May-2021,79,PE,0,0,0,0.35,0.15,0,0,0,0,19-APR-2021,
OPTSTK,NTPC,27-May-2021,80,PE,0,0,0,0.1,0.2,0,0,0,0,19-APR-2021,
OPTSTK,NTPC,27-May-2021,81,PE,0,0,0,0.5,0.25,0,0,0,0,19-APR-2021,
OPTSTK,NTPC,27-May-2021,82,PE,0,0,0,0.55,0.3,0,0,0,0,19-APR-2021,
OPTSTK,NTPC,27-May-2021,83,PE,0,0,0,0.65,0.4,0,0,0,0,19-APR-2021,
OPTSTK,NTPC,27-May-2021,84,PE,0,0,0,0.75,0.45,0,0,0,0,19-APR-2021,
OPTSTK,NTPC,27-May-2021,85,PE,0.45,0.45,0.45,0.45,0.45,2,9.74,11400,11400,19-APR-2021,
OPTSTK,NTPC,27-May-2021,86,PE,0,0,0,1,0.7,0,0,0,0,19-APR-2021,
OPTSTK,NTPC,27-May-2021,87,PE,0,0,0,1.1,0.85,0,0,0,0,19-APR-2021,
OPTSTK,NTPC,27-May-2021,88,PE,0,0,0,1.25,1,0,0,0,0,19-APR-2021,
OPTSTK,NTPC,27-May-2021,89,PE,0,0,0,1.45,1.2,0,0,0,0,19-APR-2021,
OPTSTK,NTPC,27-May-2021,90,PE,1.1,1.15,1,1,1,21,108.96,228000,74100,19-APR-2021,
OPTSTK,NTPC,27-May-2021,91,PE,0,0,0,1.8,1.65,0,0,0,0,19-APR-2021,
OPTSTK,NTPC,27-May-2021,92,PE,0,0,0,2,1.95,0,0,0,0,19-APR-2021,
OPTSTK,NTPC,27-May-2021,93,PE,0,0,0,2.2,2.25,0,0,0,0,19-APR-2021,
OPTSTK,NTPC,27-May-2021,94,PE,0,0,0,2.45,2.55,0,0,0,0,19-APR-2021,
OPTSTK,NTPC,27-May-2021,95,PE,2.25,2.5,2.15,2.25,2.25,11,61,96900,34200,19-APR-2021,
OPTSTK,NTPC,27-May-2021,96,PE,0,0,0,3,3.3,0,0,0,0,19-APR-2021,
OPTSTK,NTPC,27-May-2021,97,PE,0,0,0,3.3,3.75,0,0,0,0,19-APR-2021,
OPTSTK,NTPC,27-May-2021,98,PE,0,0,0,3.5,4.2,0,0,5700,0,19-APR-2021,
OPTSTK,NTPC,27-May-2021,99,PE,0,0,0,3.9,4.7,0,0,0,0,19-APR-2021,
OPTSTK,NTPC,27-May-2021,100,PE,4.35,4.75,4,4.75,4.75,19,113.16,444600,79800,19-APR-2021,
OPTSTK,NTPC,27-May-2021,101,PE,0,0,0,4.65,5.8,0,0,0,0,19-APR-2021,
OPTSTK,NTPC,27-May-2021,102,PE,0,0,0,5.05,6.35,0,0,0,0,19-APR-2021,
OPTSTK,NTPC,27-May-2021,103,PE,0,0,0,5.45,7,0,0,0,0,19-APR-2021,
OPTSTK,NTPC,27-May-2021,104,PE,0,0,0,5.85,7.65,0,0,0,0,19-APR-2021,
OPTSTK,NTPC,27-May-2021,105,PE,7.35,7.9,7.35,7.8,7.8,8,51.37,51300,39900,19-APR-2021,
OPTSTK,NTPC,27-May-2021,106,PE,0,0,0,6.75,9,0,0,0,0,19-APR-2021,
OPTSTK,NTPC,27-May-2021,107,PE,0,0,0,7.25,9.75,0,0,0,0,19-APR-2021,
OPTSTK,NTPC,27-May-2021,108,PE,0,0,0,7.75,10.5,0,0,0,0,19-APR-2021,
OPTSTK,NTPC,27-May-2021,109,PE,0,0,0,8.3,11.25,0,0,0,0,19-APR-2021,
OPTSTK,NTPC,27-May-2021,110,PE,11,11,11,11,12.05,1,6.89,5700,5700,19-APR-2021,
OPTSTK,NTPC,27-May-2021,111,PE,0,0,0,9.4,12.9,0,0,0,0,19-APR-2021,
OPTSTK,NTPC,27-May-2021,112,PE,0,0,0,9.95,13.7,0,0,0,0,19-APR-2021,
OPTSTK,NTPC,27-May-2021,113,PE,0,0,0,10.55,14.55,0,0,0,0,19-APR-2021,
OPTSTK,NTPC,27-May-2021,114,PE,0,0,0,11.2,15.45,0,0,0,0,19-APR-2021,
OPTSTK,NTPC,27-May-2021,115,PE,0,0,0,11.8,16.3,0,0,0,0,19-APR-2021,
OPTSTK,NTPC,27-May-2021,116,PE,0,0,0,12.45,17.2,0,0,0,0,19-APR-2021,
OPTSTK,NTPC,27-May-2021,117,PE,0,0,0,13.1,18.1,0,0,0,0,19-APR-2021,
OPTSTK,NTPC,27-May-2021,118,PE,0,0,0,13.8,19.05,0,0,0,0,19-APR-2021,
OPTSTK,NTPC,27-May-2021,119,PE,0,0,0,14.5,19.95,0,0,0,0,19-APR-2021,
OPTSTK,NTPC,27-May-2021,120,PE,0,0,0,15.2,20.9,0,0,0,0,19-APR-2021,
OPTSTK,NTPC,27-May-2021,121,PE,0,0,0,15.95,21.85,0,0,0,0,19-APR-2021,
OPTSTK,NTPC,27-May-2021,122,PE,0,0,0,16.7,22.8,0,0,0,0,19-APR-2021,
OPTSTK,NTPC,27-May-2021,123,PE,0,0,0,17.45,23.75,0,0,0,0,19-APR-2021,
OPTSTK,NTPC,27-May-2021,124,PE,0,0,0,18.2,24.7,0,0,0,0,19-APR-2021,
OPTSTK,NTPC,27-May-2021,125,PE,0,0,0,18.95,25.65,0,0,0,0,19-APR-2021,
OPTSTK,NTPC,27-May-2021,126,PE,0,0,0,19.75,26.65,0,0,0,0,19-APR-2021,
OPTSTK,NTPC,27-May-2021,127,PE,0,0,0,20.55,27.6,0,0,0,0,19-APR-2021,
OPTSTK,NTPC,27-May-2021,128,PE,0,0,0,21.35,28.6,0,0,0,0,19-APR-2021,
OPTSTK,NTPC,27-May-2021,129,PE,0,0,0,22.2,29.55,0,0,0,0,19-APR-2021,
OPTSTK,NTPC,27-May-2021,130,PE,0,0,0,21.6,30.55,0,0,5700,0,19-APR-2021,
OPTSTK,NTPC,27-May-2021,131,PE,0,0,0,23.85,31.5,0,0,0,0,19-APR-2021,
OPTSTK,NTPC,27-May-2021,132,PE,0,0,0,24.7,32.5,0,0,0,0,19-APR-2021,
OPTSTK,NTPC,27-May-2021,133,PE,0,0,0,25.55,33.5,0,0,0,0,19-APR-2021,
OPTSTK,NTPC,24-Jun-2021,68,CE,0,0,0,35.75,31.55,0,0,0,0,19-APR-2021,
OPTSTK,NTPC,24-Jun-2021,69,CE,0,0,0,34.75,30.6,0,0,0,0,19-APR-2021,
OPTSTK,NTPC,24-Jun-2021,70,CE,0,0,0,33.8,29.6,0,0,0,0,19-APR-2021,
OPTSTK,NTPC,24-Jun-2021,71,CE,0,0,0,32.85,28.65,0,0,0,0,19-APR-2021,
OPTSTK,NTPC,24-Jun-2021,72,CE,0,0,0,31.85,27.7,0,0,0,0,19-APR-2021,
OPTSTK,NTPC,24-Jun-2021,73,CE,0,0,0,30.9,26.7,0,0,0,0,19-APR-2021,
OPTSTK,NTPC,24-Jun-2021,74,CE,0,0,0,29.95,25.75,0,0,0,0,19-APR-2021,
OPTSTK,NTPC,24-Jun-2021,75,CE,0,0,0,29.05,24.8,0,0,0,0,19-APR-2021,
OPTSTK,NTPC,24-Jun-2021,76,CE,0,0,0,28.1,23.85,0,0,0,0,19-APR-2021,
OPTSTK,NTPC,24-Jun-2021,77,CE,0,0,0,27.15,22.95,0,0,0,0,19-APR-2021,
OPTSTK,NTPC,24-Jun-2021,78,CE,0,0,0,26.25,22,0,0,0,0,19-APR-2021,
OPTSTK,NTPC,24-Jun-2021,79,CE,0,0,0,25.35,21.1,0,0,0,0,19-APR-2021,
OPTSTK,NTPC,24-Jun-2021,80,CE,0,0,0,24.45,20.2,0,0,0,0,19-APR-2021,
OPTSTK,NTPC,24-Jun-2021,81,CE,0,0,0,23.55,19.3,0,0,0,0,19-APR-2021,
OPTSTK,NTPC,24-Jun-2021,82,CE,0,0,0,22.7,18.45,0,0,0,0,19-APR-2021,
OPTSTK,NTPC,24-Jun-2021,83,CE,0,0,0,21.85,17.6,0,0,0,0,19-APR-2021,
OPTSTK,NTPC,24-Jun-2021,84,CE,0,0,0,21,16.75,0,0,0,0,19-APR-2021,
OPTSTK,NTPC,24-Jun-2021,85,CE,0,0,0,20.15,15.95,0,0,0,0,19-APR-2021,
OPTSTK,NTPC,24-Jun-2021,86,CE,0,0,0,19.35,15.15,0,0,0,0,19-APR-2021,
OPTSTK,NTPC,24-Jun-2021,87,CE,0,0,0,18.55,14.35,0,0,0,0,19-APR-2021,
OPTSTK,NTPC,24-Jun-2021,88,CE,0,0,0,17.8,13.6,0,0,0,0,19-APR-2021,
OPTSTK,NTPC,24-Jun-2021,89,CE,0,0,0,17,12.9,0,0,0,0,19-APR-2021,
OPTSTK,NTPC,24-Jun-2021,90,CE,0,0,0,16.25,12.15,0,0,0,0,19-APR-2021,
OPTSTK,NTPC,24-Jun-2021,91,CE,0,0,0,15.55,11.45,0,0,0,0,19-APR-2021,
OPTSTK,NTPC,24-Jun-2021,92,CE,0,0,0,14.85,10.8,0,0,0,0,19-APR-2021,
OPTSTK,NTPC,24-Jun-2021,93,CE,0,0,0,14.15,10.15,0,0,0,0,19-APR-2021,
OPTSTK,NTPC,24-Jun-2021,94,CE,0,0,0,13.45,9.55,0,0,0,0,19-APR-2021,
OPTSTK,NTPC,24-Jun-2021,95,CE,0,0,0,12.8,8.95,0,0,0,0,19-APR-2021,
OPTSTK,NTPC,24-Jun-2021,96,CE,0,0,0,12.2,8.4,0,0,0,0,19-APR-2021,
OPTSTK,NTPC,24-Jun-2021,97,CE,0,0,0,11.6,7.85,0,0,0,0,19-APR-2021,
OPTSTK,NTPC,24-Jun-2021,98,CE,0,0,0,11,7.3,0,0,0,0,19-APR-2021,
OPTSTK,NTPC,24-Jun-2021,99,CE,0,0,0,10.4,6.8,0,0,0,0,19-APR-2021,
OPTSTK,NTPC,24-Jun-2021,100,CE,0,0,0,6,6.35,0,0,5700,0,19-APR-2021,
OPTSTK,NTPC,24-Jun-2021,101,CE,0,0,0,9.35,5.9,0,0,0,0,19-APR-2021,
OPTSTK,NTPC,24-Jun-2021,102,CE,0,0,0,8.85,5.5,0,0,0,0,19-APR-2021,
OPTSTK,NTPC,24-Jun-2021,103,CE,0,0,0,8.35,5.1,0,0,0,0,19-APR-2021,
OPTSTK,NTPC,24-Jun-2021,104,CE,0,0,0,7.9,4.7,0,0,0,0,19-APR-2021,
OPTSTK,NTPC,24-Jun-2021,105,CE,0,0,0,7.45,4.35,0,0,0,0,19-APR-2021,
OPTSTK,NTPC,24-Jun-2021,106,CE,0,0,0,7,4,0,0,0,0,19-APR-2021,
OPTSTK,NTPC,24-Jun-2021,107,CE,0,0,0,6.6,3.7,0,0,0,0,19-APR-2021,
OPTSTK,NTPC,24-Jun-2021,108,CE,0,0,0,6.2,3.4,0,0,0,0,19-APR-2021,
OPTSTK,NTPC,24-Jun-2021,109,CE,0,0,0,5.85,3.15,0,0,0,0,19-APR-2021,
OPTSTK,NTPC,24-Jun-2021,110,CE,0,0,0,5.5,2.9,0,0,0,0,19-APR-2021,
OPTSTK,NTPC,24-Jun-2021,111,CE,0,0,0,5.15,2.65,0,0,0,0,19-APR-2021,
OPTSTK,NTPC,24-Jun-2021,112,CE,0,0,0,4.85,2.45,0,0,0,0,19-APR-2021,
OPTSTK,NTPC,24-Jun-2021,113,CE,0,0,0,4.55,2.25,0,0,0,0,19-APR-2021,
OPTSTK,NTPC,24-Jun-2021,114,CE,0,0,0,4.25,2.05,0,0,0,0,19-APR-2021,
OPTSTK,NTPC,24-Jun-2021,115,CE,0,0,0,3.95,1.85,0,0,0,0,19-APR-2021,
OPTSTK,NTPC,24-Jun-2021,116,CE,0,0,0,3.7,1.7,0,0,0,0,19-APR-2021,
OPTSTK,NTPC,24-Jun-2021,117,CE,0,0,0,3.5,1.55,0,0,0,0,19-APR-2021,
OPTSTK,NTPC,24-Jun-2021,118,CE,0,0,0,3.25,1.4,0,0,0,0,19-APR-2021,
OPTSTK,NTPC,24-Jun-2021,119,CE,0,0,0,3.05,1.3,0,0,0,0,19-APR-2021,
OPTSTK,NTPC,24-Jun-2021,120,CE,0,0,0,2.85,1.15,0,0,0,0,19-APR-2021,
OPTSTK,NTPC,24-Jun-2021,121,CE,0,0,0,2.65,1.05,0,0,0,0,19-APR-2021,
OPTSTK,NTPC,24-Jun-2021,122,CE,0,0,0,2.45,0.95,0,0,0,0,19-APR-2021,
OPTSTK,NTPC,24-Jun-2021,123,CE,0,0,0,2.3,0.85,0,0,0,0,19-APR-2021,
OPTSTK,NTPC,24-Jun-2021,124,CE,0,0,0,2.1,0.8,0,0,0,0,19-APR-2021,
OPTSTK,NTPC,24-Jun-2021,125,CE,0,0,0,1.95,0.7,0,0,0,0,19-APR-2021,
OPTSTK,NTPC,24-Jun-2021,126,CE,0,0,0,1.85,0.65,0,0,0,0,19-APR-2021,
OPTSTK,NTPC,24-Jun-2021,127,CE,0,0,0,1.7,0.6,0,0,0,0,19-APR-2021,
OPTSTK,NTPC,24-Jun-2021,128,CE,0,0,0,1.6,0.55,0,0,0,0,19-APR-2021,
OPTSTK,NTPC,24-Jun-2021,129,CE,0,0,0,1.45,0.5,0,0,0,0,19-APR-2021,
OPTSTK,NTPC,24-Jun-2021,130,CE,0,0,0,1.35,0.45,0,0,0,0,19-APR-2021,
OPTSTK,NTPC,24-Jun-2021,131,CE,0,0,0,1.25,0.4,0,0,0,0,19-APR-2021,
OPTSTK,NTPC,24-Jun-2021,132,CE,0,0,0,1.15,0.35,0,0,0,0,19-APR-2021,
OPTSTK,NTPC,24-Jun-2021,133,CE,0,0,0,1.1,0.3,0,0,0,0,19-APR-2021,
OPTSTK,NTPC,24-Jun-2021,68,PE,0,0,0,0.1,0.05,0,0,0,0,19-APR-2021,
OPTSTK,NTPC,24-Jun-2021,69,PE,0,0,0,0.1,0.1,0,0,0,0,19-APR-2021,
OPTSTK,NTPC,24-Jun-2021,70,PE,0,0,0,0.15,0.1,0,0,0,0,19-APR-2021,
OPTSTK,NTPC,24-Jun-2021,71,PE,0,0,0,0.15,0.1,0,0,0,0,19-APR-2021,
OPTSTK,NTPC,24-Jun-2021,72,PE,0,0,0,0.2,0.15,0,0,0,0,19-APR-2021,
OPTSTK,NTPC,24-Jun-2021,73,PE,0,0,0,0.25,0.15,0,0,0,0,19-APR-2021,
OPTSTK,NTPC,24-Jun-2021,74,PE,0,0,0,0.3,0.2,0,0,0,0,19-APR-2021,
OPTSTK,NTPC,24-Jun-2021,75,PE,0,0,0,0.35,0.25,0,0,0,0,19-APR-2021,
OPTSTK,NTPC,24-Jun-2021,76,PE,0,0,0,0.4,0.3,0,0,0,0,19-APR-2021,
OPTSTK,NTPC,24-Jun-2021,77,PE,0,0,0,0.45,0.35,0,0,0,0,19-APR-2021,
OPTSTK,NTPC,24-Jun-2021,78,PE,0,0,0,0.55,0.45,0,0,0,0,19-APR-2021,
OPTSTK,NTPC,24-Jun-2021,79,PE,0,0,0,0.6,0.5,0,0,0,0,19-APR-2021,
OPTSTK,NTPC,24-Jun-2021,80,PE,0,0,0,0.7,0.6,0,0,0,0,19-APR-2021,
OPTSTK,NTPC,24-Jun-2021,81,PE,0,0,0,0.8,0.75,0,0,0,0,19-APR-2021,
OPTSTK,NTPC,24-Jun-2021,82,PE,0,0,0,0.95,0.85,0,0,0,0,19-APR-2021,
OPTSTK,NTPC,24-Jun-2021,83,PE,0,0,0,1.05,1,0,0,0,0,19-APR-2021,
OPTSTK,NTPC,24-Jun-2021,84,PE,0,0,0,1.2,1.15,0,0,0,0,19-APR-2021,
OPTSTK,NTPC,24-Jun-2021,85,PE,0,0,0,1.4,1.3,0,0,0,0,19-APR-2021,
OPTSTK,NTPC,24-Jun-2021,86,PE,0,0,0,1.55,1.5,0,0,0,0,19-APR-2021,
OPTSTK,NTPC,24-Jun-2021,87,PE,0,0,0,1.75,1.75,0,0,0,0,19-APR-2021,
OPTSTK,NTPC,24-Jun-2021,88,PE,0,0,0,1.95,1.95,0,0,0,0,19-APR-2021,
OPTSTK,NTPC,24-Jun-2021,89,PE,0,0,0,2.2,2.25,0,0,0,0,19-APR-2021,
OPTSTK,NTPC,24-Jun-2021,90,PE,0,0,0,1.4,2.5,0,0,34200,0,19-APR-2021,
OPTSTK,NTPC,24-Jun-2021,91,PE,0,0,0,2.7,2.8,0,0,0,0,19-APR-2021,
OPTSTK,NTPC,24-Jun-2021,92,PE,0,0,0,3,3.15,0,0,0,0,19-APR-2021,
OPTSTK,NTPC,24-Jun-2021,93,PE,0,0,0,3.3,3.5,0,0,0,0,19-APR-2021,
OPTSTK,NTPC,24-Jun-2021,94,PE,0,0,0,3.6,3.85,0,0,0,0,19-APR-2021,
OPTSTK,NTPC,24-Jun-2021,95,PE,0,0,0,3.95,4.25,0,0,0,0,19-APR-2021,
OPTSTK,NTPC,24-Jun-2021,96,PE,0,0,0,4.3,4.7,0,0,0,0,19-APR-2021,
OPTSTK,NTPC,24-Jun-2021,97,PE,0,0,0,4.7,5.15,0,0,0,0,19-APR-2021,
OPTSTK,NTPC,24-Jun-2021,98,PE,0,0,0,5.1,5.6,0,0,0,0,19-APR-2021,
OPTSTK,NTPC,24-Jun-2021,99,PE,0,0,0,5.5,6.1,0,0,0,0,19-APR-2021,
OPTSTK,NTPC,24-Jun-2021,100,PE,0,0,0,5.95,6.6,0,0,0,0,19-APR-2021,
OPTSTK,NTPC,24-Jun-2021,101,PE,0,0,0,6.4,7.15,0,0,0,0,19-APR-2021,
OPTSTK,NTPC,24-Jun-2021,102,PE,0,0,0,6.9,7.75,0,0,0,0,19-APR-2021,
OPTSTK,NTPC,24-Jun-2021,103,PE,0,0,0,7.4,8.35,0,0,0,0,19-APR-2021,
OPTSTK,NTPC,24-Jun-2021,104,PE,0,0,0,7.9,8.95,0,0,0,0,19-APR-2021,
OPTSTK,NTPC,24-Jun-2021,105,PE,0,0,0,8.45,9.6,0,0,0,0,19-APR-2021,
OPTSTK,NTPC,24-Jun-2021,106,PE,0,0,0,9.05,10.25,0,0,0,0,19-APR-2021,
OPTSTK,NTPC,24-Jun-2021,107,PE,0,0,0,9.6,10.95,0,0,0,0,19-APR-2021,
OPTSTK,NTPC,24-Jun-2021,108,PE,0,0,0,10.2,11.65,0,0,0,0,19-APR-2021,
OPTSTK,NTPC,24-Jun-2021,109,PE,0,0,0,10.85,12.35,0,0,0,0,19-APR-2021,
OPTSTK,NTPC,24-Jun-2021,110,PE,0,0,0,11.45,13.1,0,0,0,0,19-APR-2021,
OPTSTK,NTPC,24-Jun-2021,111,PE,0,0,0,12.1,13.85,0,0,0,0,19-APR-2021,
OPTSTK,NTPC,24-Jun-2021,112,PE,0,0,0,12.8,14.65,0,0,0,0,19-APR-2021,
OPTSTK,NTPC,24-Jun-2021,113,PE,0,0,0,13.5,15.4,0,0,0,0,19-APR-2021,
OPTSTK,NTPC,24-Jun-2021,114,PE,0,0,0,14.2,16.2,0,0,0,0,19-APR-2021,
OPTSTK,NTPC,24-Jun-2021,115,PE,0,0,0,14.9,17.05,0,0,0,0,19-APR-2021,
OPTSTK,NTPC,24-Jun-2021,116,PE,0,0,0,15.65,17.85,0,0,0,0,19-APR-2021,
OPTSTK,NTPC,24-Jun-2021,117,PE,0,0,0,16.4,18.7,0,0,0,0,19-APR-2021,
OPTSTK,NTPC,24-Jun-2021,118,PE,0,0,0,17.15,19.55,0,0,0,0,19-APR-2021,
OPTSTK,NTPC,24-Jun-2021,119,PE,0,0,0,17.9,20.45,0,0,0,0,19-APR-2021,
OPTSTK,NTPC,24-Jun-2021,120,PE,0,0,0,18.7,21.3,0,0,0,0,19-APR-2021,
OPTSTK,NTPC,24-Jun-2021,121,PE,0,0,0,19.5,22.2,0,0,0,0,19-APR-2021,
OPTSTK,NTPC,24-Jun-2021,122,PE,0,0,0,20.3,23.1,0,0,0,0,19-APR-2021,
OPTSTK,NTPC,24-Jun-2021,123,PE,0,0,0,21.15,24,0,0,0,0,19-APR-2021,
OPTSTK,NTPC,24-Jun-2021,124,PE,0,0,0,21.95,24.9,0,0,0,0,19-APR-2021,
OPTSTK,NTPC,24-Jun-2021,125,PE,0,0,0,22.8,25.8,0,0,0,0,19-APR-2021,
OPTSTK,NTPC,24-Jun-2021,126,PE,0,0,0,23.65,26.75,0,0,0,0,19-APR-2021,
OPTSTK,NTPC,24-Jun-2021,127,PE,0,0,0,24.5,27.7,0,0,0,0,19-APR-2021,
OPTSTK,NTPC,24-Jun-2021,128,PE,0,0,0,25.4,28.6,0,0,0,0,19-APR-2021,
OPTSTK,NTPC,24-Jun-2021,129,PE,0,0,0,26.25,29.55,0,0,0,0,19-APR-2021,
OPTSTK,NTPC,24-Jun-2021,130,PE,0,0,0,27.15,30.5,0,0,0,0,19-APR-2021,
OPTSTK,NTPC,24-Jun-2021,131,PE,0,0,0,28.05,31.45,0,0,0,0,19-APR-2021,
OPTSTK,NTPC,24-Jun-2021,132,PE,0,0,0,28.95,32.4,0,0,0,0,19-APR-2021,
OPTSTK,NTPC,24-Jun-2021,133,PE,0,0,0,29.85,33.35,0,0,0,0,19-APR-2021,
OPTSTK,ONGC,29-Apr-2021,53,CE,0,0,0,38.3,50.1,0,0,0,0,19-APR-2021,
OPTSTK,ONGC,29-Apr-2021,54,CE,0,0,0,37.35,49.1,0,0,0,0,19-APR-2021,
OPTSTK,ONGC,29-Apr-2021,55,CE,0,0,0,36.4,48.1,0,0,0,0,19-APR-2021,
OPTSTK,ONGC,29-Apr-2021,56,CE,0,0,0,35.45,47.15,0,0,0,0,19-APR-2021,
OPTSTK,ONGC,29-Apr-2021,57,CE,0,0,0,34.5,46.15,0,0,0,0,19-APR-2021,
OPTSTK,ONGC,29-Apr-2021,58,CE,0,0,0,33.55,45.15,0,0,0,0,19-APR-2021,
OPTSTK,ONGC,29-Apr-2021,59,CE,0,0,0,32.65,44.15,0,0,0,0,19-APR-2021,
OPTSTK,ONGC,29-Apr-2021,60,CE,0,0,0,31.7,43.15,0,0,0,0,19-APR-2021,
OPTSTK,ONGC,29-Apr-2021,61,CE,0,0,0,30.8,42.15,0,0,0,0,19-APR-2021,
OPTSTK,ONGC,29-Apr-2021,62,CE,0,0,0,29.9,41.15,0,0,0,0,19-APR-2021,
OPTSTK,ONGC,29-Apr-2021,63,CE,0,0,0,29,40.15,0,0,0,0,19-APR-2021,
OPTSTK,ONGC,29-Apr-2021,64,CE,0,0,0,28.15,39.15,0,0,0,0,19-APR-2021,
OPTSTK,ONGC,29-Apr-2021,65,CE,0,0,0,27.25,38.15,0,0,0,0,19-APR-2021,
OPTSTK,ONGC,29-Apr-2021,66,CE,0,0,0,26.4,37.15,0,0,0,0,19-APR-2021,
OPTSTK,ONGC,29-Apr-2021,67,CE,0,0,0,25.55,36.15,0,0,0,0,19-APR-2021,
OPTSTK,ONGC,29-Apr-2021,68,CE,0,0,0,24.75,35.15,0,0,0,0,19-APR-2021,
OPTSTK,ONGC,29-Apr-2021,69,CE,0,0,0,23.9,34.15,0,0,0,0,19-APR-2021,
OPTSTK,ONGC,29-Apr-2021,70,CE,0,0,0,35.85,33.15,0,0,7700,0,19-APR-2021,
OPTSTK,ONGC,29-Apr-2021,71,CE,0,0,0,22.3,32.15,0,0,0,0,19-APR-2021,
OPTSTK,ONGC,29-Apr-2021,72,CE,0,0,0,21.55,31.15,0,0,0,0,19-APR-2021,
OPTSTK,ONGC,29-Apr-2021,72.5,CE,0,0,0,29.9,30.65,0,0,0,0,19-APR-2021,
OPTSTK,ONGC,29-Apr-2021,73,CE,0,0,0,20.75,30.15,0,0,0,0,19-APR-2021,
OPTSTK,ONGC,29-Apr-2021,74,CE,0,0,0,20.05,29.15,0,0,0,0,19-APR-2021,
OPTSTK,ONGC,29-Apr-2021,75,CE,0,0,0,19.3,28.15,0,0,0,0,19-APR-2021,
OPTSTK,ONGC,29-Apr-2021,76,CE,0,0,0,18.6,27.15,0,0,0,0,19-APR-2021,
OPTSTK,ONGC,29-Apr-2021,77,CE,0,0,0,17.9,26.15,0,0,0,0,19-APR-2021,
OPTSTK,ONGC,29-Apr-2021,77.5,CE,0,0,0,25.1,25.65,0,0,0,0,19-APR-2021,
OPTSTK,ONGC,29-Apr-2021,78,CE,0,0,0,17.2,25.15,0,0,0,0,19-APR-2021,
OPTSTK,ONGC,29-Apr-2021,79,CE,0,0,0,16.55,24.15,0,0,0,0,19-APR-2021,
OPTSTK,ONGC,29-Apr-2021,80,CE,0,0,0,23.5,23.15,0,0,15400,0,19-APR-2021,
OPTSTK,ONGC,29-Apr-2021,81,CE,0,0,0,15.25,22.15,0,0,0,0,19-APR-2021,
OPTSTK,ONGC,29-Apr-2021,82,CE,0,0,0,14.65,21.15,0,0,0,0,19-APR-2021,
OPTSTK,ONGC,29-Apr-2021,82.5,CE,0,0,0,20.55,20.65,0,0,0,0,19-APR-2021,
OPTSTK,ONGC,29-Apr-2021,83,CE,0,0,0,14.05,20.15,0,0,0,0,19-APR-2021,
OPTSTK,ONGC,29-Apr-2021,84,CE,0,0,0,13.5,19.2,0,0,0,0,19-APR-2021,
OPTSTK,ONGC,29-Apr-2021,85,CE,0,0,0,12.95,18.2,0,0,0,0,19-APR-2021,
OPTSTK,ONGC,29-Apr-2021,86,CE,0,0,0,12.4,17.2,0,0,0,0,19-APR-2021,
OPTSTK,ONGC,29-Apr-2021,87,CE,0,0,0,11.85,16.25,0,0,0,0,19-APR-2021,
OPTSTK,ONGC,29-Apr-2021,87.5,CE,0,0,0,16.35,15.75,0,0,0,0,19-APR-2021,
OPTSTK,ONGC,29-Apr-2021,88,CE,0,0,0,11.35,15.3,0,0,0,0,19-APR-2021,
OPTSTK,ONGC,29-Apr-2021,89,CE,0,0,0,10.85,14.35,0,0,0,0,19-APR-2021,
OPTSTK,ONGC,29-Apr-2021,90,CE,0,0,0,17,13.4,0,0,23100,0,19-APR-2021,
OPTSTK,ONGC,29-Apr-2021,91,CE,0,0,0,9.95,12.5,0,0,0,0,19-APR-2021,
OPTSTK,ONGC,29-Apr-2021,92,CE,0,0,0,9.5,11.6,0,0,0,0,19-APR-2021,
OPTSTK,ONGC,29-Apr-2021,92.5,CE,0,0,0,12.65,11.15,0,0,0,0,19-APR-2021,
OPTSTK,ONGC,29-Apr-2021,93,CE,0,0,0,9.05,10.7,0,0,0,0,19-APR-2021,
OPTSTK,ONGC,29-Apr-2021,94,CE,0,0,0,8.65,9.85,0,0,0,0,19-APR-2021,
OPTSTK,ONGC,29-Apr-2021,95,CE,10,10,8.9,8.9,8.9,3,24.08,177100,0,19-APR-2021,
OPTSTK,ONGC,29-Apr-2021,96,CE,0,0,0,7.9,8.25,0,0,0,0,19-APR-2021,
OPTSTK,ONGC,29-Apr-2021,97,CE,0,0,0,7.5,7.5,0,0,0,0,19-APR-2021,
OPTSTK,ONGC,29-Apr-2021,97.5,CE,0,0,0,9.45,7.15,0,0,0,0,19-APR-2021,
OPTSTK,ONGC,29-Apr-2021,98,CE,9.5,10.65,6.5,6.6,6.75,10,82.03,100100,-30800,19-APR-2021,
OPTSTK,ONGC,29-Apr-2021,99,CE,5.35,5.35,4.75,4.75,6.1,4,32.03,53900,0,19-APR-2021,
OPTSTK,ONGC,29-Apr-2021,100,CE,4.85,6.15,4.15,4.6,4.6,188,1516.81,947100,-61600,19-APR-2021,
OPTSTK,ONGC,29-Apr-2021,101,CE,5.05,5.05,3.3,3.3,4.85,4,32.37,207900,0,19-APR-2021,
OPTSTK,ONGC,29-Apr-2021,102,CE,4.05,4.05,2.85,3.3,3.3,15,121.51,277200,0,19-APR-2021,
OPTSTK,ONGC,29-Apr-2021,102.5,CE,3,3,2.8,2.9,4.05,10,81.16,107800,7700,19-APR-2021,
OPTSTK,ONGC,29-Apr-2021,103,CE,2.85,3.7,2.35,2.7,2.7,141,1148.47,531300,115500,19-APR-2021,
OPTSTK,ONGC,29-Apr-2021,104,CE,4.15,4.15,1.95,2.25,2.25,186,1523.11,646800,123200,19-APR-2021,
OPTSTK,ONGC,29-Apr-2021,105,CE,3.25,3.4,1.65,1.85,1.85,809,6664.21,2464000,385000,19-APR-2021,
OPTSTK,ONGC,29-Apr-2021,106,CE,3,3,1.35,1.5,1.5,216,1790.73,600600,-154000,19-APR-2021,
OPTSTK,ONGC,29-Apr-2021,107,CE,2.2,2.2,1.15,1.25,1.25,191,1593.96,1093400,15400,19-APR-2021,
OPTSTK,ONGC,29-Apr-2021,107.5,CE,2.7,2.7,1.05,1.15,1.15,70,586.22,269500,7700,19-APR-2021,
OPTSTK,ONGC,29-Apr-2021,108,CE,1.5,1.75,0.8,0.95,0.95,208,1747.54,2625700,30800,19-APR-2021,
OPTSTK,ONGC,29-Apr-2021,109,CE,1.1,1.55,0.75,0.85,0.85,152,1286.47,654500,130900,19-APR-2021,
OPTSTK,ONGC,29-Apr-2021,110,CE,1.2,1.6,0.65,0.7,0.7,1219,10399.49,8778000,-154000,19-APR-2021,
OPTSTK,ONGC,29-Apr-2021,111,CE,1.35,1.35,0.55,0.6,0.6,49,421.33,346500,-92400,19-APR-2021,
OPTSTK,ONGC,29-Apr-2021,112,CE,1.4,1.4,0.5,0.55,0.55,239,2073.47,1486100,777700,19-APR-2021,
OPTSTK,ONGC,29-Apr-2021,112.5,CE,2.8,2.8,2.8,2.8,0.9,1,8.87,7700,7700,19-APR-2021,
OPTSTK,ONGC,29-Apr-2021,113,CE,0.45,0.45,0.45,0.45,0.8,1,8.73,53900,0,19-APR-2021,
OPTSTK,ONGC,29-Apr-2021,114,CE,0,0,0,0.9,0.7,0,0,107800,0,19-APR-2021,
OPTSTK,ONGC,29-Apr-2021,115,CE,1.3,1.3,0.3,0.35,0.35,532,4726.69,3326400,-77000,19-APR-2021,
OPTSTK,ONGC,29-Apr-2021,116,CE,0,0,0,0.7,0.45,0,0,100100,0,19-APR-2021,
OPTSTK,ONGC,29-Apr-2021,117,CE,0,0,0,0.55,0.4,0,0,84700,0,19-APR-2021,
OPTSTK,ONGC,29-Apr-2021,117.5,CE,0,0,0,0.65,0.35,0,0,0,0,19-APR-2021,
OPTSTK,ONGC,29-Apr-2021,118,CE,0,0,0,0.55,0.3,0,0,46200,0,19-APR-2021,
OPTSTK,ONGC,29-Apr-2021,119,CE,0.2,0.2,0.2,0.2,0.25,2,18.35,53900,0,19-APR-2021,
OPTSTK,ONGC,29-Apr-2021,120,CE,0.45,0.45,0.2,0.2,0.2,283,2620.02,5705700,438900,19-APR-2021,
OPTSTK,ONGC,29-Apr-2021,121,CE,0,0,0,0.3,0.15,0,0,215600,0,19-APR-2021,
OPTSTK,ONGC,29-Apr-2021,122,CE,0,0,0,0.95,0.15,0,0,7700,0,19-APR-2021,
OPTSTK,ONGC,29-Apr-2021,122.5,CE,0,0,0,1.45,0.15,0,0,0,0,19-APR-2021,
OPTSTK,ONGC,29-Apr-2021,123,CE,0.1,0.1,0.1,0.1,0.1,5,47.39,61600,0,19-APR-2021,
OPTSTK,ONGC,29-Apr-2021,124,CE,0.1,0.1,0.1,0.1,0.1,5,47.77,53900,0,19-APR-2021,
OPTSTK,ONGC,29-Apr-2021,125,CE,0.25,0.25,0.15,0.15,0.15,58,558.97,1001000,-23100,19-APR-2021,
OPTSTK,ONGC,29-Apr-2021,126,CE,0,0,0,1.65,0.05,0,0,0,0,19-APR-2021,
OPTSTK,ONGC,29-Apr-2021,127,CE,0,0,0,1.55,0.05,0,0,0,0,19-APR-2021,
OPTSTK,ONGC,29-Apr-2021,127.5,CE,0,0,0,0.9,0.05,0,0,0,0,19-APR-2021,
OPTSTK,ONGC,29-Apr-2021,128,CE,0,0,0,1.5,0.05,0,0,0,0,19-APR-2021,
OPTSTK,ONGC,29-Apr-2021,129,CE,0,0,0,1.4,0.05,0,0,0,0,19-APR-2021,
OPTSTK,ONGC,29-Apr-2021,130,CE,0.15,0.15,0.1,0.1,0.05,16,160.34,1262800,77000,19-APR-2021,
OPTSTK,ONGC,29-Apr-2021,131,CE,0,0,0,1.25,0.05,0,0,0,0,19-APR-2021,
OPTSTK,ONGC,29-Apr-2021,132,CE,0,0,0,1.3,0.05,0,0,0,0,19-APR-2021,
OPTSTK,ONGC,29-Apr-2021,132.5,CE,0,0,0,0.55,0.05,0,0,0,0,19-APR-2021,
OPTSTK,ONGC,29-Apr-2021,133,CE,0,0,0,1.2,0.05,0,0,0,0,19-APR-2021,
OPTSTK,ONGC,29-Apr-2021,134,CE,0,0,0,1.65,0.05,0,0,0,0,19-APR-2021,
OPTSTK,ONGC,29-Apr-2021,135,CE,0.05,0.05,0.05,0.05,0.05,4,41.59,423500,-15400,19-APR-2021,
OPTSTK,ONGC,29-Apr-2021,136,CE,0,0,0,1.5,0,0,0,0,0,19-APR-2021,
OPTSTK,ONGC,29-Apr-2021,137,CE,0,0,0,1.4,0,0,0,0,0,19-APR-2021,
OPTSTK,ONGC,29-Apr-2021,138,CE,0,0,0,1.35,0,0,0,0,0,19-APR-2021,
OPTSTK,ONGC,29-Apr-2021,139,CE,0,0,0,0.25,0,0,0,30800,0,19-APR-2021,
OPTSTK,ONGC,29-Apr-2021,53,PE,0,0,0,0.15,0,0,0,0,0,19-APR-2021,
OPTSTK,ONGC,29-Apr-2021,54,PE,0.2,0.2,0.2,0.2,0,1,4.17,77000,0,19-APR-2021,
OPTSTK,ONGC,29-Apr-2021,55,PE,0,0,0,0.25,0,0,0,0,0,19-APR-2021,
OPTSTK,ONGC,29-Apr-2021,56,PE,0,0,0,0.25,0,0,0,0,0,19-APR-2021,
OPTSTK,ONGC,29-Apr-2021,57,PE,0,0,0,0.3,0,0,0,0,0,19-APR-2021,
OPTSTK,ONGC,29-Apr-2021,58,PE,0,0,0,0.4,0,0,0,0,0,19-APR-2021,
OPTSTK,ONGC,29-Apr-2021,59,PE,0,0,0,0.45,0,0,0,0,0,19-APR-2021,
OPTSTK,ONGC,29-Apr-2021,60,PE,0,0,0,0.05,0,0,0,38500,0,19-APR-2021,
OPTSTK,ONGC,29-Apr-2021,61,PE,0,0,0,0.6,0,0,0,0,0,19-APR-2021,
OPTSTK,ONGC,29-Apr-2021,62,PE,0,0,0,0.7,0,0,0,0,0,19-APR-2021,
OPTSTK,ONGC,29-Apr-2021,63,PE,0,0,0,0.8,0,0,0,0,0,19-APR-2021,
OPTSTK,ONGC,29-Apr-2021,64,PE,0,0,0,0.9,0,0,0,0,0,19-APR-2021,
OPTSTK,ONGC,29-Apr-2021,65,PE,0,0,0,1,0,0,0,0,0,19-APR-2021,
OPTSTK,ONGC,29-Apr-2021,66,PE,0,0,0,1.15,0,0,0,0,0,19-APR-2021,
OPTSTK,ONGC,29-Apr-2021,67,PE,0,0,0,1.3,0,0,0,0,0,19-APR-2021,
OPTSTK,ONGC,29-Apr-2021,68,PE,0,0,0,1.45,0,0,0,0,0,19-APR-2021,
OPTSTK,ONGC,29-Apr-2021,69,PE,0,0,0,1.6,0,0,0,0,0,19-APR-2021,
OPTSTK,ONGC,29-Apr-2021,70,PE,0,0,0,0.05,0,0,0,30800,0,19-APR-2021,
OPTSTK,ONGC,29-Apr-2021,71,PE,0,0,0,2,0,0,0,0,0,19-APR-2021,
OPTSTK,ONGC,29-Apr-2021,72,PE,0,0,0,2.2,0,0,0,0,0,19-APR-2021,
OPTSTK,ONGC,29-Apr-2021,72.5,PE,0,0,0,0.15,0,0,0,0,0,19-APR-2021,
OPTSTK,ONGC,29-Apr-2021,73,PE,0,0,0,2.45,0,0,0,0,0,19-APR-2021,
OPTSTK,ONGC,29-Apr-2021,74,PE,0,0,0,2.7,0,0,0,0,0,19-APR-2021,
OPTSTK,ONGC,29-Apr-2021,75,PE,0,0,0,2.95,0,0,0,0,0,19-APR-2021,
OPTSTK,ONGC,29-Apr-2021,76,PE,0,0,0,3.25,0,0,0,0,0,19-APR-2021,
OPTSTK,ONGC,29-Apr-2021,77,PE,0,0,0,0.5,0,0,0,7700,0,19-APR-2021,
OPTSTK,ONGC,29-Apr-2021,77.5,PE,0,0,0,0.35,0,0,0,0,0,19-APR-2021,
OPTSTK,ONGC,29-Apr-2021,78,PE,0.35,2.95,0.2,0.2,0,9,54.86,23100,23100,19-APR-2021,
OPTSTK,ONGC,29-Apr-2021,79,PE,0,0,0,4.15,0,0,0,0,0,19-APR-2021,
OPTSTK,ONGC,29-Apr-2021,80,PE,0.35,0.35,0.15,0.15,0.05,8,49.4,261800,15400,19-APR-2021,
OPTSTK,ONGC,29-Apr-2021,81,PE,0,0,0,4.85,0.05,0,0,0,0,19-APR-2021,
OPTSTK,ONGC,29-Apr-2021,82,PE,0,0,0,5.25,0.05,0,0,0,0,19-APR-2021,
OPTSTK,ONGC,29-Apr-2021,82.5,PE,0,0,0,0.75,0.05,0,0,0,0,19-APR-2021,
OPTSTK,ONGC,29-Apr-2021,83,PE,0,0,0,0.2,0.05,0,0,0,0,19-APR-2021,
OPTSTK,ONGC,29-Apr-2021,84,PE,0.35,1.8,0.35,1.8,0.05,7,45.8,30800,30800,19-APR-2021,
OPTSTK,ONGC,29-Apr-2021,85,PE,0.25,0.25,0.15,0.2,0.2,12,78.72,446600,46200,19-APR-2021,
OPTSTK,ONGC,29-Apr-2021,86,PE,0,0,0,6.95,0.1,0,0,0,0,19-APR-2021,
OPTSTK,ONGC,29-Apr-2021,87,PE,0,0,0,0.25,0.1,0,0,7700,0,19-APR-2021,
OPTSTK,ONGC,29-Apr-2021,87.5,PE,0,0,0,1.55,0.15,0,0,0,0,19-APR-2021,
OPTSTK,ONGC,29-Apr-2021,88,PE,0,0,0,7.9,0.15,0,0,0,0,19-APR-2021,
OPTSTK,ONGC,29-Apr-2021,89,PE,0,0,0,0.75,0.2,0,0,15400,0,19-APR-2021,
OPTSTK,ONGC,29-Apr-2021,90,PE,0.2,0.35,0.2,0.3,0.3,104,722.96,1925000,-15400,19-APR-2021,
OPTSTK,ONGC,29-Apr-2021,91,PE,0,0,0,0.3,0.35,0,0,84700,0,19-APR-2021,
OPTSTK,ONGC,29-Apr-2021,92,PE,0,0,0,10,0.45,0,0,0,0,19-APR-2021,
OPTSTK,ONGC,29-Apr-2021,92.5,PE,0,0,0,2.8,0.5,0,0,0,0,19-APR-2021,
OPTSTK,ONGC,29-Apr-2021,93,PE,0,0,0,0.35,0.55,0,0,100100,0,19-APR-2021,
OPTSTK,ONGC,29-Apr-2021,94,PE,0,0,0,1.55,0.7,0,0,7700,0,19-APR-2021,
OPTSTK,ONGC,29-Apr-2021,95,PE,0.4,0.7,0.4,0.55,0.55,277,2037.71,2179100,-23100,19-APR-2021,
OPTSTK,ONGC,29-Apr-2021,96,PE,0,0,0,0.45,1.1,0,0,23100,0,19-APR-2021,
OPTSTK,ONGC,29-Apr-2021,97,PE,0.55,0.95,0.55,0.7,1.35,7,52.69,184800,7700,19-APR-2021,
OPTSTK,ONGC,29-Apr-2021,97.5,PE,0,0,0,0.6,1.5,0,0,61600,0,19-APR-2021,
OPTSTK,ONGC,29-Apr-2021,98,PE,0.9,1.2,0.75,0.95,0.95,82,624.61,777700,177100,19-APR-2021,
OPTSTK,ONGC,29-Apr-2021,99,PE,0.95,1.4,0.9,1.15,1.15,39,300.65,346500,53900,19-APR-2021,
OPTSTK,ONGC,29-Apr-2021,100,PE,1.25,1.7,1,1.4,1.4,662,5164.66,1932700,-639100,19-APR-2021,
OPTSTK,ONGC,29-Apr-2021,101,PE,1.55,2.05,1.3,1.65,1.65,66,521.7,215600,-23100,19-APR-2021,
OPTSTK,ONGC,29-Apr-2021,102,PE,1.7,2.5,1.55,2,2,132,1056.52,469700,-107800,19-APR-2021,
OPTSTK,ONGC,29-Apr-2021,102.5,PE,1.85,2.75,1.75,2.3,2.3,59,475.2,146300,-84700,19-APR-2021,
OPTSTK,ONGC,29-Apr-2021,103,PE,1.9,3.05,1.9,2.45,2.45,161,1306.3,546700,46200,19-APR-2021,
OPTSTK,ONGC,29-Apr-2021,104,PE,2.6,3.55,2.3,3.05,3.05,142,1168.32,415800,46200,19-APR-2021,
OPTSTK,ONGC,29-Apr-2021,105,PE,2.7,4.15,2.6,3.55,3.55,419,3493.32,1370600,-508200,19-APR-2021,
OPTSTK,ONGC,29-Apr-2021,106,PE,2.9,4.85,2.85,4.2,4.2,68,574.7,161700,-207900,19-APR-2021,
OPTSTK,ONGC,29-Apr-2021,107,PE,4.2,5.55,3.85,5.1,6,30,258.35,192500,-115500,19-APR-2021,
OPTSTK,ONGC,29-Apr-2021,107.5,PE,4.25,5.3,4.25,5.3,5.3,4,34.63,61600,-7700,19-APR-2021,
OPTSTK,ONGC,29-Apr-2021,108,PE,4.35,5.85,4.35,5.35,6.7,22,191.41,107800,-61600,19-APR-2021,
OPTSTK,ONGC,29-Apr-2021,109,PE,0,0,0,3.65,7.45,0,0,23100,0,19-APR-2021,
OPTSTK,ONGC,29-Apr-2021,110,PE,7,7.85,6.35,7.5,8.2,20,180.18,592900,-130900,19-APR-2021,
OPTSTK,ONGC,29-Apr-2021,111,PE,0,0,0,6.95,9,0,0,23100,0,19-APR-2021,
OPTSTK,ONGC,29-Apr-2021,112,PE,0,0,0,6.95,9.8,0,0,46200,0,19-APR-2021,
OPTSTK,ONGC,29-Apr-2021,112.5,PE,0,0,0,13.4,10.2,0,0,0,0,19-APR-2021,
OPTSTK,ONGC,29-Apr-2021,113,PE,0,0,0,7.45,10.65,0,0,38500,0,19-APR-2021,
OPTSTK,ONGC,29-Apr-2021,114,PE,0,0,0,25.45,11.5,0,0,0,0,19-APR-2021,
OPTSTK,ONGC,29-Apr-2021,115,PE,0,0,0,8.6,12.4,0,0,77000,0,19-APR-2021,
OPTSTK,ONGC,29-Apr-2021,116,PE,0,0,0,27.15,13.3,0,0,0,0,19-APR-2021,
OPTSTK,ONGC,29-Apr-2021,117,PE,0,0,0,9.6,14.2,0,0,7700,0,19-APR-2021,
OPTSTK,ONGC,29-Apr-2021,117.5,PE,0,0,0,17.3,14.7,0,0,0,0,19-APR-2021,
OPTSTK,ONGC,29-Apr-2021,118,PE,0,0,0,28.8,15.15,0,0,0,0,19-APR-2021,
OPTSTK,ONGC,29-Apr-2021,119,PE,0,0,0,29.7,16.1,0,0,0,0,19-APR-2021,
OPTSTK,ONGC,29-Apr-2021,120,PE,15.6,15.6,15.6,15.6,17.05,1,10.44,146300,7700,19-APR-2021,
OPTSTK,ONGC,29-Apr-2021,121,PE,0,0,0,31.4,18,0,0,0,0,19-APR-2021,
OPTSTK,ONGC,29-Apr-2021,122,PE,0,0,0,32.3,18.95,0,0,0,0,19-APR-2021,
OPTSTK,ONGC,29-Apr-2021,122.5,PE,0,0,0,21.5,19.45,0,0,0,0,19-APR-2021,
OPTSTK,ONGC,29-Apr-2021,123,PE,0,0,0,33.15,19.95,0,0,0,0,19-APR-2021,
OPTSTK,ONGC,29-Apr-2021,124,PE,0,0,0,34.05,20.9,0,0,0,0,19-APR-2021,
OPTSTK,ONGC,29-Apr-2021,125,PE,0,0,0,34.95,21.9,0,0,0,0,19-APR-2021,
OPTSTK,ONGC,29-Apr-2021,126,PE,0,0,0,35.85,22.9,0,0,0,0,19-APR-2021,
OPTSTK,ONGC,29-Apr-2021,127,PE,0,0,0,36.75,23.9,0,0,0,0,19-APR-2021,
OPTSTK,ONGC,29-Apr-2021,127.5,PE,0,0,0,25.95,24.4,0,0,0,0,19-APR-2021,
OPTSTK,ONGC,29-Apr-2021,128,PE,0,0,0,37.65,24.85,0,0,0,0,19-APR-2021,
OPTSTK,ONGC,29-Apr-2021,129,PE,0,0,0,38.55,25.85,0,0,0,0,19-APR-2021,
OPTSTK,ONGC,29-Apr-2021,130,PE,0,0,0,39.45,26.85,0,0,0,0,19-APR-2021,
OPTSTK,ONGC,29-Apr-2021,131,PE,0,0,0,40.4,27.85,0,0,0,0,19-APR-2021,
OPTSTK,ONGC,29-Apr-2021,132,PE,0,0,0,39.25,28.85,0,0,0,0,19-APR-2021,
OPTSTK,ONGC,29-Apr-2021,132.5,PE,0,0,0,30.6,29.35,0,0,0,0,19-APR-2021,
OPTSTK,ONGC,29-Apr-2021,133,PE,0,0,0,40.2,29.85,0,0,0,0,19-APR-2021,
OPTSTK,ONGC,29-Apr-2021,134,PE,0,0,0,36.85,30.85,0,0,0,0,19-APR-2021,
OPTSTK,ONGC,29-Apr-2021,135,PE,0,0,0,30.5,31.85,0,0,0,0,19-APR-2021,
OPTSTK,ONGC,29-Apr-2021,136,PE,0,0,0,38.65,32.85,0,0,0,0,19-APR-2021,
OPTSTK,ONGC,29-Apr-2021,137,PE,0,0,0,39.6,33.85,0,0,0,0,19-APR-2021,
OPTSTK,ONGC,29-Apr-2021,138,PE,0,0,0,40.5,34.85,0,0,0,0,19-APR-2021,
OPTSTK,ONGC,29-Apr-2021,139,PE,0,0,0,39.6,35.85,0,0,0,0,19-APR-2021,
OPTSTK,ONGC,27-May-2021,72.5,CE,0,0,0,30.5,30.95,0,0,0,0,19-APR-2021,
OPTSTK,ONGC,27-May-2021,75,CE,0,0,0,37.45,28.55,0,0,0,0,19-APR-2021,
OPTSTK,ONGC,27-May-2021,77.5,CE,0,0,0,26.05,26.2,0,0,0,0,19-APR-2021,
OPTSTK,ONGC,27-May-2021,79,CE,0,0,0,41.55,24.8,0,0,0,0,19-APR-2021,
OPTSTK,ONGC,27-May-2021,80,CE,0,0,0,40.6,23.9,0,0,0,0,19-APR-2021,
OPTSTK,ONGC,27-May-2021,81,CE,0,0,0,39.7,23,0,0,0,0,19-APR-2021,
OPTSTK,ONGC,27-May-2021,82,CE,0,0,0,38.85,22.1,0,0,0,0,19-APR-2021,
OPTSTK,ONGC,27-May-2021,82.5,CE,0,0,0,21.9,21.65,0,0,0,0,19-APR-2021,
OPTSTK,ONGC,27-May-2021,83,CE,0,0,0,37.95,21.2,0,0,0,0,19-APR-2021,
OPTSTK,ONGC,27-May-2021,84,CE,0,0,0,37.05,20.35,0,0,0,0,19-APR-2021,
OPTSTK,ONGC,27-May-2021,85,CE,0,0,0,36.2,19.5,0,0,0,0,19-APR-2021,
OPTSTK,ONGC,27-May-2021,86,CE,0,0,0,35.35,18.65,0,0,0,0,19-APR-2021,
OPTSTK,ONGC,27-May-2021,87,CE,0,0,0,34.5,17.8,0,0,0,0,19-APR-2021,
OPTSTK,ONGC,27-May-2021,87.5,CE,0,0,0,18.15,17.4,0,0,0,0,19-APR-2021,
OPTSTK,ONGC,27-May-2021,88,CE,0,0,0,33.65,17,0,0,0,0,19-APR-2021,
OPTSTK,ONGC,27-May-2021,89,CE,0,0,0,32.85,16.25,0,0,0,0,19-APR-2021,
OPTSTK,ONGC,27-May-2021,90,CE,0,0,0,32,15.45,0,0,0,0,19-APR-2021,
OPTSTK,ONGC,27-May-2021,91,CE,0,0,0,31.2,14.7,0,0,0,0,19-APR-2021,
OPTSTK,ONGC,27-May-2021,92,CE,0,0,0,30.4,14,0,0,0,0,19-APR-2021,
OPTSTK,ONGC,27-May-2021,92.5,CE,0,0,0,14.75,13.65,0,0,0,0,19-APR-2021,
OPTSTK,ONGC,27-May-2021,93,CE,0,0,0,29.65,13.3,0,0,0,0,19-APR-2021,
OPTSTK,ONGC,27-May-2021,94,CE,0,0,0,28.85,12.6,0,0,0,0,19-APR-2021,
OPTSTK,ONGC,27-May-2021,95,CE,0,0,0,28.1,11.95,0,0,0,0,19-APR-2021,
OPTSTK,ONGC,27-May-2021,96,CE,0,0,0,27.35,11.3,0,0,0,0,19-APR-2021,
OPTSTK,ONGC,27-May-2021,97,CE,0,0,0,26.6,10.65,0,0,0,0,19-APR-2021,
OPTSTK,ONGC,27-May-2021,97.5,CE,0,0,0,11.8,10.35,0,0,0,0,19-APR-2021,
OPTSTK,ONGC,27-May-2021,98,CE,0,0,0,25.85,10.1,0,0,0,0,19-APR-2021,
OPTSTK,ONGC,27-May-2021,99,CE,0,0,0,25.15,9.5,0,0,0,0,19-APR-2021,
OPTSTK,ONGC,27-May-2021,100,CE,8,8.1,8,8,8.95,4,33.27,38500,30800,19-APR-2021,
OPTSTK,ONGC,27-May-2021,101,CE,0,0,0,23.75,8.4,0,0,0,0,19-APR-2021,
OPTSTK,ONGC,27-May-2021,102,CE,0,0,0,23.1,7.9,0,0,0,0,19-APR-2021,
OPTSTK,ONGC,27-May-2021,102.5,CE,0,0,0,9.35,7.65,0,0,0,0,19-APR-2021,
OPTSTK,ONGC,27-May-2021,103,CE,0,0,0,22.4,7.45,0,0,0,0,19-APR-2021,
OPTSTK,ONGC,27-May-2021,104,CE,0,0,0,21.75,6.95,0,0,0,0,19-APR-2021,
OPTSTK,ONGC,27-May-2021,105,CE,6.45,6.45,6.45,6.45,6.55,1,8.58,23100,7700,19-APR-2021,
OPTSTK,ONGC,27-May-2021,106,CE,0,0,0,20.5,6.1,0,0,0,0,19-APR-2021,
OPTSTK,ONGC,27-May-2021,107,CE,0,0,0,19.9,5.7,0,0,0,0,19-APR-2021,
OPTSTK,ONGC,27-May-2021,107.5,CE,0,0,0,7.25,5.5,0,0,0,0,19-APR-2021,
OPTSTK,ONGC,27-May-2021,108,CE,0,0,0,4.65,5.35,0,0,53900,0,19-APR-2021,
OPTSTK,ONGC,27-May-2021,109,CE,0,0,0,18.7,4.95,0,0,0,0,19-APR-2021,
OPTSTK,ONGC,27-May-2021,110,CE,5,5,2.85,3.4,3.4,32,279.26,231000,15400,19-APR-2021,
OPTSTK,ONGC,27-May-2021,111,CE,0,0,0,17.55,4.3,0,0,0,0,19-APR-2021,
OPTSTK,ONGC,27-May-2021,112,CE,0,0,0,17,4,0,0,0,0,19-APR-2021,
OPTSTK,ONGC,27-May-2021,112.5,CE,0,0,0,5.6,3.85,0,0,0,0,19-APR-2021,
OPTSTK,ONGC,27-May-2021,113,CE,0,0,0,16.45,3.75,0,0,0,0,19-APR-2021,
OPTSTK,ONGC,27-May-2021,114,CE,0,0,0,15.95,3.45,0,0,0,0,19-APR-2021,
OPTSTK,ONGC,27-May-2021,115,CE,2.15,2.15,2,2,3.2,2,18.02,23100,-7700,19-APR-2021,
OPTSTK,ONGC,27-May-2021,116,CE,0,0,0,14.95,3,0,0,0,0,19-APR-2021,
OPTSTK,ONGC,27-May-2021,117,CE,0,0,0,14.45,2.75,0,0,0,0,19-APR-2021,
OPTSTK,ONGC,27-May-2021,117.5,CE,0,0,0,4.25,2.65,0,0,0,0,19-APR-2021,
OPTSTK,ONGC,27-May-2021,118,CE,0,0,0,14,2.55,0,0,0,0,19-APR-2021,
OPTSTK,ONGC,27-May-2021,119,CE,0,0,0,13.5,2.35,0,0,0,0,19-APR-2021,
OPTSTK,ONGC,27-May-2021,120,CE,1.9,1.9,1.2,1.4,2.15,19,177.71,261800,69300,19-APR-2021,
OPTSTK,ONGC,27-May-2021,121,CE,0,0,0,12.65,2,0,0,0,0,19-APR-2021,
OPTSTK,ONGC,27-May-2021,122,CE,0,0,0,12.2,1.85,0,0,0,0,19-APR-2021,
OPTSTK,ONGC,27-May-2021,122.5,CE,0,0,0,3.2,1.75,0,0,0,0,19-APR-2021,
OPTSTK,ONGC,27-May-2021,123,CE,0,0,0,11.8,1.7,0,0,0,0,19-APR-2021,
OPTSTK,ONGC,27-May-2021,124,CE,0,0,0,11.4,1.55,0,0,0,0,19-APR-2021,
OPTSTK,ONGC,27-May-2021,125,CE,1.3,1.3,1.3,1.3,1.45,1,9.72,77000,0,19-APR-2021,
OPTSTK,ONGC,27-May-2021,126,CE,0,0,0,10.6,1.3,0,0,0,0,19-APR-2021,
OPTSTK,ONGC,27-May-2021,127,CE,0,0,0,10.25,1.2,0,0,0,0,19-APR-2021,
OPTSTK,ONGC,27-May-2021,127.5,CE,0,0,0,2.4,1.15,0,0,0,0,19-APR-2021,
OPTSTK,ONGC,27-May-2021,128,CE,0,0,0,9.9,1.1,0,0,0,0,19-APR-2021,
OPTSTK,ONGC,27-May-2021,129,CE,0,0,0,9.55,1,0,0,0,0,19-APR-2021,
OPTSTK,ONGC,27-May-2021,130,CE,0,0,0,0.75,0.95,0,0,61600,0,19-APR-2021,
OPTSTK,ONGC,27-May-2021,131,CE,0,0,0,8.9,0.85,0,0,0,0,19-APR-2021,
OPTSTK,ONGC,27-May-2021,132,CE,0,0,0,8.55,0.8,0,0,0,0,19-APR-2021,
OPTSTK,ONGC,27-May-2021,132.5,CE,0,0,0,1.75,0.75,0,0,0,0,19-APR-2021,
OPTSTK,ONGC,27-May-2021,133,CE,0,0,0,8.25,0.7,0,0,0,0,19-APR-2021,
OPTSTK,ONGC,27-May-2021,134,CE,0,0,0,7.95,0.65,0,0,0,0,19-APR-2021,
OPTSTK,ONGC,27-May-2021,135,CE,0,0,0,7.65,0.6,0,0,0,0,19-APR-2021,
OPTSTK,ONGC,27-May-2021,136,CE,0,0,0,7.4,0.55,0,0,0,0,19-APR-2021,
OPTSTK,ONGC,27-May-2021,137,CE,0,0,0,7.1,0.5,0,0,0,0,19-APR-2021,
OPTSTK,ONGC,27-May-2021,138,CE,0,0,0,6.85,0.45,0,0,0,0,19-APR-2021,
OPTSTK,ONGC,27-May-2021,139,CE,0,0,0,0.25,0.4,0,0,7700,0,19-APR-2021,
OPTSTK,ONGC,27-May-2021,72.5,PE,0,0,0,0.55,0.15,0,0,0,0,19-APR-2021,
OPTSTK,ONGC,27-May-2021,75,PE,0,0,0,0.75,0.2,0,0,0,0,19-APR-2021,
OPTSTK,ONGC,27-May-2021,77.5,PE,0,0,0,1.05,0.35,0,0,0,0,19-APR-2021,
OPTSTK,ONGC,27-May-2021,79,PE,0,0,0,0.75,0.45,0,0,0,0,19-APR-2021,
OPTSTK,ONGC,27-May-2021,80,PE,0,0,0,0.85,0.5,0,0,0,0,19-APR-2021,
OPTSTK,ONGC,27-May-2021,81,PE,0,0,0,0.9,0.6,0,0,0,0,19-APR-2021,
OPTSTK,ONGC,27-May-2021,82,PE,0,0,0,1,0.7,0,0,0,0,19-APR-2021,
OPTSTK,ONGC,27-May-2021,82.5,PE,0,0,0,1.9,0.75,0,0,0,0,19-APR-2021,
OPTSTK,ONGC,27-May-2021,83,PE,0,0,0,1.15,0.85,0,0,0,0,19-APR-2021,
OPTSTK,ONGC,27-May-2021,84,PE,0,0,0,1.25,0.95,0,0,0,0,19-APR-2021,
OPTSTK,ONGC,27-May-2021,85,PE,0,0,0,1.35,1.1,0,0,0,0,19-APR-2021,
OPTSTK,ONGC,27-May-2021,86,PE,0,0,0,1.5,1.25,0,0,0,0,19-APR-2021,
OPTSTK,ONGC,27-May-2021,87,PE,0,0,0,1.65,1.45,0,0,0,0,19-APR-2021,
OPTSTK,ONGC,27-May-2021,87.5,PE,0,0,0,3.05,1.55,0,0,0,0,19-APR-2021,
OPTSTK,ONGC,27-May-2021,88,PE,0,0,0,1.8,1.65,0,0,0,0,19-APR-2021,
OPTSTK,ONGC,27-May-2021,89,PE,0,0,0,1.95,1.85,0,0,0,0,19-APR-2021,
OPTSTK,ONGC,27-May-2021,90,PE,0,0,0,2.15,2.05,0,0,0,0,19-APR-2021,
OPTSTK,ONGC,27-May-2021,91,PE,0,0,0,2.3,2.3,0,0,0,0,19-APR-2021,
OPTSTK,ONGC,27-May-2021,92,PE,0,0,0,2.5,2.6,0,0,0,0,19-APR-2021,
OPTSTK,ONGC,27-May-2021,92.5,PE,0,0,0,4.65,2.75,0,0,0,0,19-APR-2021,
OPTSTK,ONGC,27-May-2021,93,PE,0,0,0,2.7,2.85,0,0,0,0,19-APR-2021,
OPTSTK,ONGC,27-May-2021,94,PE,0,0,0,2.95,3.2,0,0,0,0,19-APR-2021,
OPTSTK,ONGC,27-May-2021,95,PE,0,0,0,3.15,3.5,0,0,0,0,19-APR-2021,
OPTSTK,ONGC,27-May-2021,96,PE,0,0,0,3.4,3.85,0,0,0,0,19-APR-2021,
OPTSTK,ONGC,27-May-2021,97,PE,0,0,0,3.65,4.25,0,0,0,0,19-APR-2021,
OPTSTK,ONGC,27-May-2021,97.5,PE,0,0,0,6.7,4.45,0,0,0,0,19-APR-2021,
OPTSTK,ONGC,27-May-2021,98,PE,0,0,0,3,4.65,0,0,7700,0,19-APR-2021,
OPTSTK,ONGC,27-May-2021,99,PE,0,0,0,4.2,5.05,0,0,0,0,19-APR-2021,
OPTSTK,ONGC,27-May-2021,100,PE,4,4.55,2.5,4.5,5.5,24,192.16,215600,53900,19-APR-2021,
OPTSTK,ONGC,27-May-2021,101,PE,0,0,0,4.75,6,0,0,0,0,19-APR-2021,
OPTSTK,ONGC,27-May-2021,102,PE,0,0,0,5.1,6.45,0,0,0,0,19-APR-2021,
OPTSTK,ONGC,27-May-2021,102.5,PE,0,0,0,9.15,6.7,0,0,0,0,19-APR-2021,
OPTSTK,ONGC,27-May-2021,103,PE,0,0,0,5.4,7,0,0,0,0,19-APR-2021,
OPTSTK,ONGC,27-May-2021,104,PE,0,0,0,5.75,7.5,0,0,0,0,19-APR-2021,
OPTSTK,ONGC,27-May-2021,105,PE,0,0,0,6.5,8.05,0,0,7700,0,19-APR-2021,
OPTSTK,ONGC,27-May-2021,106,PE,0,0,0,6.45,8.65,0,0,0,0,19-APR-2021,
OPTSTK,ONGC,27-May-2021,107,PE,0,0,0,6.85,9.25,0,0,0,0,19-APR-2021,
OPTSTK,ONGC,27-May-2021,107.5,PE,0,0,0,12.05,9.55,0,0,0,0,19-APR-2021,
OPTSTK,ONGC,27-May-2021,108,PE,0,0,0,7.25,9.85,0,0,0,0,19-APR-2021,
OPTSTK,ONGC,27-May-2021,109,PE,0,0,0,7.65,10.5,0,0,0,0,19-APR-2021,
OPTSTK,ONGC,27-May-2021,110,PE,0,0,0,8.05,11.15,0,0,0,0,19-APR-2021,
OPTSTK,ONGC,27-May-2021,111,PE,0,0,0,8.5,11.85,0,0,0,0,19-APR-2021,
OPTSTK,ONGC,27-May-2021,112,PE,0,0,0,8.9,12.55,0,0,0,0,19-APR-2021,
OPTSTK,ONGC,27-May-2021,112.5,PE,0,0,0,15.35,12.9,0,0,0,0,19-APR-2021,
OPTSTK,ONGC,27-May-2021,113,PE,0,0,0,9.35,13.25,0,0,0,0,19-APR-2021,
OPTSTK,ONGC,27-May-2021,114,PE,0,0,0,9.85,13.95,0,0,0,0,19-APR-2021,
OPTSTK,ONGC,27-May-2021,115,PE,0,0,0,7,14.7,0,0,7700,0,19-APR-2021,
OPTSTK,ONGC,27-May-2021,116,PE,0,0,0,10.8,15.5,0,0,0,0,19-APR-2021,
OPTSTK,ONGC,27-May-2021,117,PE,0,0,0,11.3,16.25,0,0,0,0,19-APR-2021,
OPTSTK,ONGC,27-May-2021,117.5,PE,0,0,0,19,16.65,0,0,0,0,19-APR-2021,
OPTSTK,ONGC,27-May-2021,118,PE,0,0,0,11.85,17.05,0,0,0,0,19-APR-2021,
OPTSTK,ONGC,27-May-2021,119,PE,0,0,0,12.35,17.85,0,0,0,0,19-APR-2021,
OPTSTK,ONGC,27-May-2021,120,PE,0,0,0,12.9,18.65,0,0,0,0,19-APR-2021,
OPTSTK,ONGC,27-May-2021,121,PE,0,0,0,13.45,19.5,0,0,0,0,19-APR-2021,
OPTSTK,ONGC,27-May-2021,122,PE,0,0,0,14,20.3,0,0,0,0,19-APR-2021,
OPTSTK,ONGC,27-May-2021,122.5,PE,0,0,0,22.9,20.75,0,0,0,0,19-APR-2021,
OPTSTK,ONGC,27-May-2021,123,PE,0,0,0,14.6,21.15,0,0,0,0,19-APR-2021,
OPTSTK,ONGC,27-May-2021,124,PE,0,0,0,15.2,22.05,0,0,0,0,19-APR-2021,
OPTSTK,ONGC,27-May-2021,125,PE,0,0,0,15.8,22.9,0,0,0,0,19-APR-2021,
OPTSTK,ONGC,27-May-2021,126,PE,0,0,0,16.4,23.8,0,0,0,0,19-APR-2021,
OPTSTK,ONGC,27-May-2021,127,PE,0,0,0,17,24.65,0,0,0,0,19-APR-2021,
OPTSTK,ONGC,27-May-2021,127.5,PE,0,0,0,27.05,25.1,0,0,0,0,19-APR-2021,
OPTSTK,ONGC,27-May-2021,128,PE,0,0,0,17.65,25.55,0,0,0,0,19-APR-2021,
OPTSTK,ONGC,27-May-2021,129,PE,0,0,0,18.3,26.45,0,0,0,0,19-APR-2021,
OPTSTK,ONGC,27-May-2021,130,PE,0,0,0,18.95,27.4,0,0,0,0,19-APR-2021,
OPTSTK,ONGC,27-May-2021,131,PE,0,0,0,19.6,28.3,0,0,0,0,19-APR-2021,
OPTSTK,ONGC,27-May-2021,132,PE,0,0,0,20.3,29.2,0,0,0,0,19-APR-2021,
OPTSTK,ONGC,27-May-2021,132.5,PE,0,0,0,31.4,29.7,0,0,0,0,19-APR-2021,
OPTSTK,ONGC,27-May-2021,133,PE,0,0,0,20.95,30.15,0,0,0,0,19-APR-2021,
OPTSTK,ONGC,27-May-2021,134,PE,0,0,0,21.65,31.1,0,0,0,0,19-APR-2021,
OPTSTK,ONGC,27-May-2021,135,PE,0,0,0,22.35,32.05,0,0,0,0,19-APR-2021,
OPTSTK,ONGC,27-May-2021,136,PE,0,0,0,23.05,32.95,0,0,0,0,19-APR-2021,
OPTSTK,ONGC,27-May-2021,137,PE,0,0,0,23.8,33.9,0,0,0,0,19-APR-2021,
OPTSTK,ONGC,27-May-2021,138,PE,0,0,0,24.5,34.85,0,0,0,0,19-APR-2021,
OPTSTK,ONGC,27-May-2021,139,PE,0,0,0,25.25,35.85,0,0,0,0,19-APR-2021,
OPTSTK,ONGC,24-Jun-2021,72.5,CE,0,0,0,31.3,31.6,0,0,0,0,19-APR-2021,
OPTSTK,ONGC,24-Jun-2021,75,CE,0,0,0,29.15,29.3,0,0,0,0,19-APR-2021,
OPTSTK,ONGC,24-Jun-2021,77.5,CE,0,0,0,27.1,27.1,0,0,0,0,19-APR-2021,
OPTSTK,ONGC,24-Jun-2021,80,CE,0,0,0,25.15,24.95,0,0,0,0,19-APR-2021,
OPTSTK,ONGC,24-Jun-2021,82.5,CE,0,0,0,23.25,22.9,0,0,0,0,19-APR-2021,
OPTSTK,ONGC,24-Jun-2021,85,CE,0,0,0,21.4,20.95,0,0,0,0,19-APR-2021,
OPTSTK,ONGC,24-Jun-2021,87.5,CE,0,0,0,19.7,19.1,0,0,0,0,19-APR-2021,
OPTSTK,ONGC,24-Jun-2021,90,CE,0,0,0,18.05,17.3,0,0,0,0,19-APR-2021,
OPTSTK,ONGC,24-Jun-2021,92.5,CE,0,0,0,16.5,15.65,0,0,0,0,19-APR-2021,
OPTSTK,ONGC,24-Jun-2021,95,CE,0,0,0,15.1,14.1,0,0,0,0,19-APR-2021,
OPTSTK,ONGC,24-Jun-2021,97.5,CE,0,0,0,13.75,12.65,0,0,0,0,19-APR-2021,
OPTSTK,ONGC,24-Jun-2021,100,CE,0,0,0,12.5,11.3,0,0,0,0,19-APR-2021,
OPTSTK,ONGC,24-Jun-2021,102.5,CE,0,0,0,11.3,10.1,0,0,0,0,19-APR-2021,
OPTSTK,ONGC,24-Jun-2021,105,CE,0,0,0,10.25,8.95,0,0,0,0,19-APR-2021,
OPTSTK,ONGC,24-Jun-2021,107.5,CE,0,0,0,9.25,7.9,0,0,0,0,19-APR-2021,
OPTSTK,ONGC,24-Jun-2021,110,CE,0,0,0,8.35,7,0,0,7700,0,19-APR-2021,
OPTSTK,ONGC,24-Jun-2021,112.5,CE,0,0,0,7.5,6.15,0,0,0,0,19-APR-2021,
OPTSTK,ONGC,24-Jun-2021,115,CE,0,0,0,6.75,5.4,0,0,0,0,19-APR-2021,
OPTSTK,ONGC,24-Jun-2021,117.5,CE,0,0,0,6.05,4.7,0,0,0,0,19-APR-2021,
OPTSTK,ONGC,24-Jun-2021,120,CE,0,0,0,5.4,4.15,0,0,0,0,19-APR-2021,
OPTSTK,ONGC,24-Jun-2021,122.5,CE,0,0,0,4.85,3.6,0,0,0,0,19-APR-2021,
OPTSTK,ONGC,24-Jun-2021,125,CE,0,0,0,4.35,3.1,0,0,0,0,19-APR-2021,
OPTSTK,ONGC,24-Jun-2021,127.5,CE,0,0,0,3.85,2.7,0,0,0,0,19-APR-2021,
OPTSTK,ONGC,24-Jun-2021,130,CE,0,0,0,3.45,2.35,0,0,0,0,19-APR-2021,
OPTSTK,ONGC,24-Jun-2021,132.5,CE,0,0,0,3.05,2,0,0,0,0,19-APR-2021,
OPTSTK,ONGC,24-Jun-2021,135,CE,0,0,0,2.7,1.75,0,0,0,0,19-APR-2021,
OPTSTK,ONGC,24-Jun-2021,137.5,CE,0,0,0,2.4,1.5,0,0,0,0,19-APR-2021,
OPTSTK,ONGC,24-Jun-2021,72.5,PE,0,0,0,1.1,0.55,0,0,0,0,19-APR-2021,
OPTSTK,ONGC,24-Jun-2021,75,PE,0,0,0,1.45,0.75,0,0,0,0,19-APR-2021,
OPTSTK,ONGC,24-Jun-2021,77.5,PE,0,0,0,1.9,1.05,0,0,0,0,19-APR-2021,
OPTSTK,ONGC,24-Jun-2021,80,PE,0,0,0,2.4,1.4,0,0,0,0,19-APR-2021,
OPTSTK,ONGC,24-Jun-2021,82.5,PE,0,0,0,2.95,1.8,0,0,0,0,19-APR-2021,
OPTSTK,ONGC,24-Jun-2021,85,PE,0,0,0,3.65,2.35,0,0,0,0,19-APR-2021,
OPTSTK,ONGC,24-Jun-2021,87.5,PE,0,0,0,4.4,2.95,0,0,0,0,19-APR-2021,
OPTSTK,ONGC,24-Jun-2021,90,PE,0,0,0,5.2,3.65,0,0,0,0,19-APR-2021,
OPTSTK,ONGC,24-Jun-2021,92.5,PE,0,0,0,6.15,4.5,0,0,0,0,19-APR-2021,
OPTSTK,ONGC,24-Jun-2021,95,PE,0,0,0,7.2,5.4,0,0,0,0,19-APR-2021,
OPTSTK,ONGC,24-Jun-2021,97.5,PE,0,0,0,8.35,6.45,0,0,0,0,19-APR-2021,
OPTSTK,ONGC,24-Jun-2021,100,PE,0,0,0,2.9,7.6,0,0,7700,0,19-APR-2021,
OPTSTK,ONGC,24-Jun-2021,102.5,PE,0,0,0,10.85,8.85,0,0,0,0,19-APR-2021,
OPTSTK,ONGC,24-Jun-2021,105,PE,0,0,0,12.25,10.2,0,0,0,0,19-APR-2021,
OPTSTK,ONGC,24-Jun-2021,107.5,PE,0,0,0,13.75,11.65,0,0,0,0,19-APR-2021,
OPTSTK,ONGC,24-Jun-2021,110,PE,0,0,0,15.3,13.2,0,0,0,0,19-APR-2021,
OPTSTK,ONGC,24-Jun-2021,112.5,PE,0,0,0,16.95,14.85,0,0,0,0,19-APR-2021,
OPTSTK,ONGC,24-Jun-2021,115,PE,0,0,0,18.65,16.55,0,0,0,0,19-APR-2021,
OPTSTK,ONGC,24-Jun-2021,117.5,PE,0,0,0,20.45,18.4,0,0,0,0,19-APR-2021,
OPTSTK,ONGC,24-Jun-2021,120,PE,0,0,0,22.3,20.25,0,0,0,0,19-APR-2021,
OPTSTK,ONGC,24-Jun-2021,122.5,PE,0,0,0,24.2,22.2,0,0,0,0,19-APR-2021,
OPTSTK,ONGC,24-Jun-2021,125,PE,0,0,0,26.15,24.25,0,0,0,0,19-APR-2021,
OPTSTK,ONGC,24-Jun-2021,127.5,PE,0,0,0,28.2,26.3,0,0,0,0,19-APR-2021,
OPTSTK,ONGC,24-Jun-2021,130,PE,0,0,0,30.25,28.4,0,0,0,0,19-APR-2021,
OPTSTK,ONGC,24-Jun-2021,132.5,PE,0,0,0,32.35,30.6,0,0,0,0,19-APR-2021,
OPTSTK,ONGC,24-Jun-2021,135,PE,0,0,0,34.45,32.8,0,0,0,0,19-APR-2021,
OPTSTK,ONGC,24-Jun-2021,137.5,PE,0,0,0,36.65,35,0,0,0,0,19-APR-2021,
OPTSTK,PAGEIND,29-Apr-2021,19000,CE,0,0,0,10159.25,10920.5,0,0,0,0,19-APR-2021,
OPTSTK,PAGEIND,29-Apr-2021,19500,CE,0,0,0,9683.85,10421,0,0,0,0,19-APR-2021,
OPTSTK,PAGEIND,29-Apr-2021,20000,CE,0,0,0,9213.9,9921.5,0,0,0,0,19-APR-2021,
OPTSTK,PAGEIND,29-Apr-2021,20500,CE,0,0,0,8750.3,9422,0,0,0,0,19-APR-2021,
OPTSTK,PAGEIND,29-Apr-2021,21000,CE,0,0,0,8294,8922.5,0,0,0,0,19-APR-2021,
OPTSTK,PAGEIND,29-Apr-2021,21500,CE,0,0,0,7846.05,8423,0,0,0,0,19-APR-2021,
OPTSTK,PAGEIND,29-Apr-2021,22000,CE,0,0,0,7407.45,7923.5,0,0,0,0,19-APR-2021,
OPTSTK,PAGEIND,29-Apr-2021,22500,CE,0,0,0,6979.1,7424.05,0,0,0,0,19-APR-2021,
OPTSTK,PAGEIND,29-Apr-2021,23000,CE,0,0,0,6562.05,6924.65,0,0,0,0,19-APR-2021,
OPTSTK,PAGEIND,29-Apr-2021,23500,CE,0,0,0,6157.1,6425.4,0,0,0,0,19-APR-2021,
OPTSTK,PAGEIND,29-Apr-2021,24000,CE,0,0,0,5765.1,5926.65,0,0,0,0,19-APR-2021,
OPTSTK,PAGEIND,29-Apr-2021,24500,CE,0,0,0,5386.8,5428.9,0,0,0,0,19-APR-2021,
OPTSTK,PAGEIND,29-Apr-2021,25000,CE,0,0,0,5023.5,4933.15,0,0,0,0,19-APR-2021,
OPTSTK,PAGEIND,29-Apr-2021,25500,CE,0,0,0,4674.1,4441.05,0,0,0,0,19-APR-2021,
OPTSTK,PAGEIND,29-Apr-2021,26000,CE,0,0,0,4339,3955.35,0,0,0,0,19-APR-2021,
OPTSTK,PAGEIND,29-Apr-2021,26500,CE,0,0,0,4020.95,3479.65,0,0,0,0,19-APR-2021,
OPTSTK,PAGEIND,29-Apr-2021,27000,CE,0,0,0,3718.75,3018.75,0,0,0,0,19-APR-2021,
OPTSTK,PAGEIND,29-Apr-2021,27500,CE,0,0,0,3432.4,2578.45,0,0,0,0,19-APR-2021,
OPTSTK,PAGEIND,29-Apr-2021,28000,CE,0,0,0,1900,2164.8,0,0,30,0,19-APR-2021,
OPTSTK,PAGEIND,29-Apr-2021,28500,CE,0,0,0,2907.05,1784.7,0,0,0,0,19-APR-2021,
OPTSTK,PAGEIND,29-Apr-2021,29000,CE,0,0,0,1477.5,1440.45,0,0,90,0,19-APR-2021,
OPTSTK,PAGEIND,29-Apr-2021,29500,CE,0,0,0,2443.65,1139.15,0,0,0,0,19-APR-2021,
OPTSTK,PAGEIND,29-Apr-2021,30000,CE,600,672.25,576.45,646.4,646.4,12,110.19,630,240,19-APR-2021,
OPTSTK,PAGEIND,29-Apr-2021,30500,CE,0,0,0,2039.3,666.25,0,0,0,0,19-APR-2021,
OPTSTK,PAGEIND,29-Apr-2021,31000,CE,495.15,495.15,495.15,495.15,492.2,1,9.44,240,30,19-APR-2021,
OPTSTK,PAGEIND,29-Apr-2021,31500,CE,0,0,0,1690.2,356.65,0,0,0,0,19-APR-2021,
OPTSTK,PAGEIND,29-Apr-2021,32000,CE,188.85,188.85,188.85,188.85,250.75,1,9.65,270,0,19-APR-2021,
OPTSTK,PAGEIND,29-Apr-2021,32500,CE,0,0,0,1391.7,172.7,0,0,0,0,19-APR-2021,
OPTSTK,PAGEIND,29-Apr-2021,33000,CE,0,0,0,1259.9,116.2,0,0,0,0,19-APR-2021,
OPTSTK,PAGEIND,29-Apr-2021,33500,CE,0,0,0,300,76.35,0,0,0,0,19-APR-2021,
OPTSTK,PAGEIND,29-Apr-2021,34000,CE,0,0,0,1029.95,49.05,0,0,0,0,19-APR-2021,
OPTSTK,PAGEIND,29-Apr-2021,34500,CE,0,0,0,928.9,30.8,0,0,0,0,19-APR-2021,
OPTSTK,PAGEIND,29-Apr-2021,35000,CE,27,27,27,27,27,1,10.5,180,0,19-APR-2021,
OPTSTK,PAGEIND,29-Apr-2021,35500,CE,0,0,0,199.75,11.35,0,0,90,0,19-APR-2021,
OPTSTK,PAGEIND,29-Apr-2021,36000,CE,0,0,0,674.5,6.7,0,0,0,0,19-APR-2021,
OPTSTK,PAGEIND,29-Apr-2021,36500,CE,0,0,0,604.95,3.85,0,0,0,0,19-APR-2021,
OPTSTK,PAGEIND,29-Apr-2021,37000,CE,0,0,0,541.9,2.2,0,0,0,0,19-APR-2021,
OPTSTK,PAGEIND,29-Apr-2021,19000,PE,0,0,0,54.75,0,0,0,0,0,19-APR-2021,
OPTSTK,PAGEIND,29-Apr-2021,19500,PE,0,0,0,74.7,0,0,0,0,0,19-APR-2021,
OPTSTK,PAGEIND,29-Apr-2021,20000,PE,0,0,0,100.1,0,0,0,0,0,19-APR-2021,
OPTSTK,PAGEIND,29-Apr-2021,20500,PE,0,0,0,131.85,0,0,0,0,0,19-APR-2021,
OPTSTK,PAGEIND,29-Apr-2021,21000,PE,0,0,0,170.95,0,0,0,0,0,19-APR-2021,
OPTSTK,PAGEIND,29-Apr-2021,21500,PE,0,0,0,218.4,0,0,0,0,0,19-APR-2021,
OPTSTK,PAGEIND,29-Apr-2021,22000,PE,0,0,0,275.15,0.05,0,0,0,0,19-APR-2021,
OPTSTK,PAGEIND,29-Apr-2021,22500,PE,0,0,0,342.2,0.05,0,0,0,0,19-APR-2021,
OPTSTK,PAGEIND,29-Apr-2021,23000,PE,0,0,0,420.5,0.15,0,0,0,0,19-APR-2021,
OPTSTK,PAGEIND,29-Apr-2021,23500,PE,0,0,0,510.9,0.45,0,0,0,0,19-APR-2021,
OPTSTK,PAGEIND,29-Apr-2021,24000,PE,0,0,0,614.3,1.2,0,0,0,0,19-APR-2021,
OPTSTK,PAGEIND,29-Apr-2021,24500,PE,0,0,0,731.35,2.95,0,0,0,0,19-APR-2021,
OPTSTK,PAGEIND,29-Apr-2021,25000,PE,0,0,0,863.45,6.7,0,0,0,0,19-APR-2021,
OPTSTK,PAGEIND,29-Apr-2021,25500,PE,0,0,0,1009.45,14.1,0,0,0,0,19-APR-2021,
OPTSTK,PAGEIND,29-Apr-2021,26000,PE,0,0,0,1169.7,27.9,0,0,0,0,19-APR-2021,
OPTSTK,PAGEIND,29-Apr-2021,26500,PE,0,0,0,1347.05,51.7,0,0,0,0,19-APR-2021,
OPTSTK,PAGEIND,29-Apr-2021,27000,PE,0,0,0,1540.15,90.35,0,0,0,0,19-APR-2021,
OPTSTK,PAGEIND,29-Apr-2021,27500,PE,0,0,0,1749.2,149.5,0,0,0,0,19-APR-2021,
OPTSTK,PAGEIND,29-Apr-2021,28000,PE,123.65,123.65,114,118.35,118.35,3,25.3,210,0,19-APR-2021,
OPTSTK,PAGEIND,29-Apr-2021,28500,PE,0,0,0,2214.6,354.8,0,0,0,0,19-APR-2021,
OPTSTK,PAGEIND,29-Apr-2021,29000,PE,362.7,362.7,300,308.1,308.1,7,61.59,150,-30,19-APR-2021,
OPTSTK,PAGEIND,29-Apr-2021,29500,PE,0,0,0,2741.95,708.2,0,0,0,0,19-APR-2021,
OPTSTK,PAGEIND,29-Apr-2021,30000,PE,1002,1002,1002,1002,949.65,1,9.3,90,30,19-APR-2021,
OPTSTK,PAGEIND,29-Apr-2021,30500,PE,0,0,0,3328.35,1234.3,0,0,0,0,19-APR-2021,
OPTSTK,PAGEIND,29-Apr-2021,31000,PE,0,0,0,3642.55,1559.75,0,0,0,0,19-APR-2021,
OPTSTK,PAGEIND,29-Apr-2021,31500,PE,0,0,0,3969.95,1923.75,0,0,0,0,19-APR-2021,
OPTSTK,PAGEIND,29-Apr-2021,32000,PE,0,0,0,4310.05,2317.35,0,0,0,0,19-APR-2021,
OPTSTK,PAGEIND,29-Apr-2021,32500,PE,0,0,0,4662.2,2738.8,0,0,0,0,19-APR-2021,
OPTSTK,PAGEIND,29-Apr-2021,33000,PE,0,0,0,5025.75,3181.8,0,0,0,0,19-APR-2021,
OPTSTK,PAGEIND,29-Apr-2021,33500,PE,0,0,0,5401.75,3641.45,0,0,0,0,19-APR-2021,
OPTSTK,PAGEIND,29-Apr-2021,34000,PE,0,0,0,5786.6,4113.65,0,0,0,0,19-APR-2021,
OPTSTK,PAGEIND,29-Apr-2021,34500,PE,0,0,0,6180.9,4594.9,0,0,0,0,19-APR-2021,
OPTSTK,PAGEIND,29-Apr-2021,35000,PE,0,0,0,6582.75,5082.5,0,0,0,0,19-APR-2021,
OPTSTK,PAGEIND,29-Apr-2021,35500,PE,0,0,0,6993.85,5574.5,0,0,0,0,19-APR-2021,
OPTSTK,PAGEIND,29-Apr-2021,36000,PE,0,0,0,7412.6,6069.3,0,0,0,0,19-APR-2021,
OPTSTK,PAGEIND,29-Apr-2021,36500,PE,0,0,0,7838.45,6566,0,0,0,0,19-APR-2021,
OPTSTK,PAGEIND,29-Apr-2021,37000,PE,0,0,0,8270.75,7063.8,0,0,0,0,19-APR-2021,
OPTSTK,PAGEIND,27-May-2021,19000,CE,0,0,0,10038.25,10976.75,0,0,0,0,19-APR-2021,
OPTSTK,PAGEIND,27-May-2021,19500,CE,0,0,0,9567.1,10479.65,0,0,0,0,19-APR-2021,
OPTSTK,PAGEIND,27-May-2021,20000,CE,0,0,0,9102,9983.2,0,0,0,0,19-APR-2021,
OPTSTK,PAGEIND,27-May-2021,20500,CE,0,0,0,8643.9,9487.8,0,0,0,0,19-APR-2021,
OPTSTK,PAGEIND,27-May-2021,21000,CE,0,0,0,8193.7,8993.9,0,0,0,0,19-APR-2021,
OPTSTK,PAGEIND,27-May-2021,21500,CE,0,0,0,7752.4,8502.2,0,0,0,0,19-APR-2021,
OPTSTK,PAGEIND,27-May-2021,22000,CE,0,0,0,7320.95,8013.55,0,0,0,0,19-APR-2021,
OPTSTK,PAGEIND,27-May-2021,22500,CE,0,0,0,6900.25,7528.95,0,0,0,0,19-APR-2021,
OPTSTK,PAGEIND,27-May-2021,23000,CE,0,0,0,6491.1,7049.7,0,0,0,0,19-APR-2021,
OPTSTK,PAGEIND,27-May-2021,23500,CE,0,0,0,6094.35,6577.2,0,0,0,0,19-APR-2021,
OPTSTK,PAGEIND,27-May-2021,24000,CE,0,0,0,5710.75,6113.05,0,0,0,0,19-APR-2021,
OPTSTK,PAGEIND,27-May-2021,24500,CE,0,0,0,5341.7,5659,0,0,0,0,19-APR-2021,
OPTSTK,PAGEIND,27-May-2021,25000,CE,0,0,0,4985.85,5216.85,0,0,0,0,19-APR-2021,
OPTSTK,PAGEIND,27-May-2021,25500,CE,0,0,0,4644.75,4788.35,0,0,0,0,19-APR-2021,
OPTSTK,PAGEIND,27-May-2021,26000,CE,0,0,0,4317.9,4375.35,0,0,0,0,19-APR-2021,
OPTSTK,PAGEIND,27-May-2021,26500,CE,0,0,0,4007.6,3979.55,0,0,0,0,19-APR-2021,
OPTSTK,PAGEIND,27-May-2021,27000,CE,0,0,0,3712.75,3603.45,0,0,0,0,19-APR-2021,
OPTSTK,PAGEIND,27-May-2021,27500,CE,0,0,0,3433.35,3244.8,0,0,0,0,19-APR-2021,
OPTSTK,PAGEIND,27-May-2021,28000,CE,0,0,0,3169.3,2909.1,0,0,0,0,19-APR-2021,
OPTSTK,PAGEIND,27-May-2021,28500,CE,0,0,0,2920.35,2595.35,0,0,0,0,19-APR-2021,
OPTSTK,PAGEIND,27-May-2021,29000,CE,0,0,0,2686.45,2304.05,0,0,0,0,19-APR-2021,
OPTSTK,PAGEIND,27-May-2021,29500,CE,0,0,0,2467.1,2035.4,0,0,0,0,19-APR-2021,
OPTSTK,PAGEIND,27-May-2021,30000,CE,0,0,0,2261.95,1789.15,0,0,0,0,19-APR-2021,
OPTSTK,PAGEIND,27-May-2021,30500,CE,0,0,0,2070.6,1565.1,0,0,0,0,19-APR-2021,
OPTSTK,PAGEIND,27-May-2021,31000,CE,0,0,0,1892.45,1362.45,0,0,0,0,19-APR-2021,
OPTSTK,PAGEIND,27-May-2021,31500,CE,0,0,0,1727,1180.4,0,0,0,0,19-APR-2021,
OPTSTK,PAGEIND,27-May-2021,32000,CE,0,0,0,1573.7,1017.8,0,0,0,0,19-APR-2021,
OPTSTK,PAGEIND,27-May-2021,32500,CE,0,0,0,1431.95,873.55,0,0,0,0,19-APR-2021,
OPTSTK,PAGEIND,27-May-2021,33000,CE,0,0,0,1302.5,747.85,0,0,0,0,19-APR-2021,
OPTSTK,PAGEIND,27-May-2021,33500,CE,0,0,0,1182.4,636.8,0,0,0,0,19-APR-2021,
OPTSTK,PAGEIND,27-May-2021,34000,CE,0,0,0,1072.1,538.4,0,0,0,0,19-APR-2021,
OPTSTK,PAGEIND,27-May-2021,34500,CE,0,0,0,970.9,454.15,0,0,0,0,19-APR-2021,
OPTSTK,PAGEIND,27-May-2021,35000,CE,0,0,0,877,381.45,0,0,0,0,19-APR-2021,
OPTSTK,PAGEIND,27-May-2021,35500,CE,0,0,0,792.05,319.05,0,0,0,0,19-APR-2021,
OPTSTK,PAGEIND,27-May-2021,36000,CE,0,0,0,714.55,265.8,0,0,0,0,19-APR-2021,
OPTSTK,PAGEIND,27-May-2021,36500,CE,0,0,0,643.9,220.6,0,0,0,0,19-APR-2021,
OPTSTK,PAGEIND,27-May-2021,37000,CE,0,0,0,579.6,182.35,0,0,0,0,19-APR-2021,
OPTSTK,PAGEIND,27-May-2021,19000,PE,0,0,0,71.25,1.1,0,0,0,0,19-APR-2021,
OPTSTK,PAGEIND,27-May-2021,19500,PE,0,0,0,95.4,2.05,0,0,0,0,19-APR-2021,
OPTSTK,PAGEIND,27-May-2021,20000,PE,0,0,0,125.7,3.65,0,0,0,0,19-APR-2021,
OPTSTK,PAGEIND,27-May-2021,20500,PE,0,0,0,162.9,6.3,0,0,0,0,19-APR-2021,
OPTSTK,PAGEIND,27-May-2021,21000,PE,0,0,0,208.1,10.45,0,0,0,0,19-APR-2021,
OPTSTK,PAGEIND,27-May-2021,21500,PE,0,0,0,262.15,16.8,0,0,0,0,19-APR-2021,
OPTSTK,PAGEIND,27-May-2021,22000,PE,0,0,0,326.05,26.2,0,0,0,0,19-APR-2021,
OPTSTK,PAGEIND,27-May-2021,22500,PE,0,0,0,400.65,39.7,0,0,0,0,19-APR-2021,
OPTSTK,PAGEIND,27-May-2021,23000,PE,0,0,0,486.85,58.5,0,0,0,0,19-APR-2021,
OPTSTK,PAGEIND,27-May-2021,23500,PE,0,0,0,585.45,84.05,0,0,0,0,19-APR-2021,
OPTSTK,PAGEIND,27-May-2021,24000,PE,0,0,0,697.2,117.95,0,0,0,0,19-APR-2021,
OPTSTK,PAGEIND,27-May-2021,24500,PE,0,0,0,823.5,161.95,0,0,0,0,19-APR-2021,
OPTSTK,PAGEIND,27-May-2021,25000,PE,0,0,0,963,217.8,0,0,0,0,19-APR-2021,
OPTSTK,PAGEIND,27-May-2021,25500,PE,0,0,0,1117.25,287.4,0,0,0,0,19-APR-2021,
OPTSTK,PAGEIND,27-May-2021,26000,PE,0,0,0,1285.75,372.45,0,0,0,0,19-APR-2021,
OPTSTK,PAGEIND,27-May-2021,26500,PE,0,0,0,1470.8,474.7,0,0,0,0,19-APR-2021,
OPTSTK,PAGEIND,27-May-2021,27000,PE,0,0,0,1671.3,596.65,0,0,0,0,19-APR-2021,
OPTSTK,PAGEIND,27-May-2021,27500,PE,0,0,0,1887.25,736.05,0,0,0,0,19-APR-2021,
OPTSTK,PAGEIND,27-May-2021,28000,PE,0,0,0,2118.55,898.4,0,0,0,0,19-APR-2021,
OPTSTK,PAGEIND,27-May-2021,28500,PE,0,0,0,2364.95,1082.7,0,0,0,0,19-APR-2021,
OPTSTK,PAGEIND,27-May-2021,29000,PE,0,0,0,2626.35,1289.5,0,0,0,0,19-APR-2021,
OPTSTK,PAGEIND,27-May-2021,29500,PE,0,0,0,2902.4,1518.9,0,0,0,0,19-APR-2021,
OPTSTK,PAGEIND,27-May-2021,30000,PE,0,0,0,3192.6,1770.65,0,0,0,0,19-APR-2021,
OPTSTK,PAGEIND,27-May-2021,30500,PE,0,0,0,3496.55,2044.65,0,0,0,0,19-APR-2021,
OPTSTK,PAGEIND,27-May-2021,31000,PE,0,0,0,3813.75,2340.05,0,0,0,0,19-APR-2021,
OPTSTK,PAGEIND,27-May-2021,31500,PE,0,0,0,4143.65,2656.05,0,0,0,0,19-APR-2021,
OPTSTK,PAGEIND,27-May-2021,32000,PE,0,0,0,4485.7,2991.5,0,0,0,0,19-APR-2021,
OPTSTK,PAGEIND,27-May-2021,32500,PE,0,0,0,4839.3,3345.3,0,0,0,0,19-APR-2021,
OPTSTK,PAGEIND,27-May-2021,33000,PE,0,0,0,5205.2,3717.65,0,0,0,0,19-APR-2021,
OPTSTK,PAGEIND,27-May-2021,33500,PE,0,0,0,5580.5,4104.7,0,0,0,0,19-APR-2021,
OPTSTK,PAGEIND,27-May-2021,34000,PE,0,0,0,5965.5,4504.35,0,0,0,0,19-APR-2021,
OPTSTK,PAGEIND,27-May-2021,34500,PE,0,0,0,6359.65,4918.1,0,0,0,0,19-APR-2021,
OPTSTK,PAGEIND,27-May-2021,35000,PE,0,0,0,6761.1,5343.45,0,0,0,0,19-APR-2021,
OPTSTK,PAGEIND,27-May-2021,35500,PE,0,0,0,7171.5,5779.15,0,0,0,0,19-APR-2021,
OPTSTK,PAGEIND,27-May-2021,36000,PE,0,0,0,7589.35,6223.95,0,0,0,0,19-APR-2021,
OPTSTK,PAGEIND,27-May-2021,36500,PE,0,0,0,8014.05,6676.75,0,0,0,0,19-APR-2021,
OPTSTK,PAGEIND,27-May-2021,37000,PE,0,0,0,8445.1,7136.6,0,0,0,0,19-APR-2021,
OPTSTK,PAGEIND,24-Jun-2021,19000,CE,0,0,0,10426.55,11045.35,0,0,0,0,19-APR-2021,
OPTSTK,PAGEIND,24-Jun-2021,19500,CE,0,0,0,9952.85,10556.2,0,0,0,0,19-APR-2021,
OPTSTK,PAGEIND,24-Jun-2021,20000,CE,0,0,0,9484.7,10069.85,0,0,0,0,19-APR-2021,
OPTSTK,PAGEIND,24-Jun-2021,20500,CE,0,0,0,9022.95,9587.1,0,0,0,0,19-APR-2021,
OPTSTK,PAGEIND,24-Jun-2021,21000,CE,0,0,0,8568.55,9108.8,0,0,0,0,19-APR-2021,
OPTSTK,PAGEIND,24-Jun-2021,21500,CE,0,0,0,8122.4,8635.85,0,0,0,0,19-APR-2021,
OPTSTK,PAGEIND,24-Jun-2021,22000,CE,0,0,0,7685.45,8169.3,0,0,0,0,19-APR-2021,
OPTSTK,PAGEIND,24-Jun-2021,22500,CE,0,0,0,7258.55,7710.3,0,0,0,0,19-APR-2021,
OPTSTK,PAGEIND,24-Jun-2021,23000,CE,0,0,0,6842.6,7259.85,0,0,0,0,19-APR-2021,
OPTSTK,PAGEIND,24-Jun-2021,23500,CE,0,0,0,6438.35,6819.25,0,0,0,0,19-APR-2021,
OPTSTK,PAGEIND,24-Jun-2021,24000,CE,0,0,0,6046.65,6389.5,0,0,0,0,19-APR-2021,
OPTSTK,PAGEIND,24-Jun-2021,24500,CE,0,0,0,5668.05,5971.8,0,0,0,0,19-APR-2021,
OPTSTK,PAGEIND,24-Jun-2021,25000,CE,0,0,0,5304,5567.15,0,0,0,0,19-APR-2021,
OPTSTK,PAGEIND,24-Jun-2021,25500,CE,0,0,0,4953.1,5176.5,0,0,0,0,19-APR-2021,
OPTSTK,PAGEIND,24-Jun-2021,26000,CE,0,0,0,4615.75,4801.75,0,0,0,0,19-APR-2021,
OPTSTK,PAGEIND,24-Jun-2021,26500,CE,0,0,0,4294.85,4441.35,0,0,0,0,19-APR-2021,
OPTSTK,PAGEIND,24-Jun-2021,27000,CE,0,0,0,3989.05,4096.1,0,0,0,0,19-APR-2021,
OPTSTK,PAGEIND,24-Jun-2021,27500,CE,0,0,0,3698.5,3769.2,0,0,0,0,19-APR-2021,
OPTSTK,PAGEIND,24-Jun-2021,28000,CE,0,0,0,3423.1,3459.45,0,0,0,0,19-APR-2021,
OPTSTK,PAGEIND,24-Jun-2021,28500,CE,0,0,0,3162.75,3167,0,0,0,0,19-APR-2021,
OPTSTK,PAGEIND,24-Jun-2021,29000,CE,0,0,0,2917.2,2891.95,0,0,0,0,19-APR-2021,
OPTSTK,PAGEIND,24-Jun-2021,29500,CE,0,0,0,2686.4,2634.15,0,0,0,0,19-APR-2021,
OPTSTK,PAGEIND,24-Jun-2021,30000,CE,0,0,0,2469.85,2393.25,0,0,0,0,19-APR-2021,
OPTSTK,PAGEIND,24-Jun-2021,30500,CE,0,0,0,2267.2,2169.2,0,0,0,0,19-APR-2021,
OPTSTK,PAGEIND,24-Jun-2021,31000,CE,0,0,0,2077.95,1961.4,0,0,0,0,19-APR-2021,
OPTSTK,PAGEIND,24-Jun-2021,31500,CE,0,0,0,1901.7,1769.35,0,0,0,0,19-APR-2021,
OPTSTK,PAGEIND,24-Jun-2021,32000,CE,0,0,0,1737.85,1592.45,0,0,0,0,19-APR-2021,
OPTSTK,PAGEIND,24-Jun-2021,32500,CE,0,0,0,1585.85,1430,0,0,0,0,19-APR-2021,
OPTSTK,PAGEIND,24-Jun-2021,33000,CE,0,0,0,1445.15,1281.3,0,0,0,0,19-APR-2021,
OPTSTK,PAGEIND,24-Jun-2021,33500,CE,0,0,0,1316.6,1145.55,0,0,0,0,19-APR-2021,
OPTSTK,PAGEIND,24-Jun-2021,34000,CE,0,0,0,1197.1,1023.75,0,0,0,0,19-APR-2021,
OPTSTK,PAGEIND,24-Jun-2021,34500,CE,0,0,0,1087.2,912.1,0,0,0,0,19-APR-2021,
OPTSTK,PAGEIND,24-Jun-2021,35000,CE,0,0,0,986.25,809.9,0,0,0,0,19-APR-2021,
OPTSTK,PAGEIND,24-Jun-2021,35500,CE,0,0,0,892.4,718.55,0,0,0,0,19-APR-2021,
OPTSTK,PAGEIND,24-Jun-2021,36000,CE,0,0,0,807.4,636.25,0,0,0,0,19-APR-2021,
OPTSTK,PAGEIND,24-Jun-2021,36500,CE,0,0,0,729.7,562.35,0,0,0,0,19-APR-2021,
OPTSTK,PAGEIND,24-Jun-2021,37000,CE,0,0,0,658.8,496.2,0,0,0,0,19-APR-2021,
OPTSTK,PAGEIND,24-Jun-2021,19000,PE,0,0,0,62.75,15.35,0,0,0,0,19-APR-2021,
OPTSTK,PAGEIND,24-Jun-2021,19500,PE,0,0,0,84.4,22.8,0,0,0,0,19-APR-2021,
OPTSTK,PAGEIND,24-Jun-2021,20000,PE,0,0,0,111.6,33.1,0,0,0,0,19-APR-2021,
OPTSTK,PAGEIND,24-Jun-2021,20500,PE,0,0,0,145.2,46.95,0,0,0,0,19-APR-2021,
OPTSTK,PAGEIND,24-Jun-2021,21000,PE,0,0,0,186.15,65.25,0,0,0,0,19-APR-2021,
OPTSTK,PAGEIND,24-Jun-2021,21500,PE,0,0,0,235.35,88.95,0,0,0,0,19-APR-2021,
OPTSTK,PAGEIND,24-Jun-2021,22000,PE,0,0,0,293.7,119.05,0,0,0,0,19-APR-2021,
OPTSTK,PAGEIND,24-Jun-2021,22500,PE,0,0,0,362.15,156.65,0,0,0,0,19-APR-2021,
OPTSTK,PAGEIND,24-Jun-2021,23000,PE,0,0,0,441.55,202.85,0,0,0,0,19-APR-2021,
OPTSTK,PAGEIND,24-Jun-2021,23500,PE,0,0,0,532.7,258.85,0,0,0,0,19-APR-2021,
OPTSTK,PAGEIND,24-Jun-2021,24000,PE,0,0,0,636.3,325.75,0,0,0,0,19-APR-2021,
OPTSTK,PAGEIND,24-Jun-2021,24500,PE,0,0,0,753.05,404.65,0,0,0,0,19-APR-2021,
OPTSTK,PAGEIND,24-Jun-2021,25000,PE,0,0,0,884.35,496.6,0,0,0,0,19-APR-2021,
OPTSTK,PAGEIND,24-Jun-2021,25500,PE,0,0,0,1028.8,602.6,0,0,0,0,19-APR-2021,
OPTSTK,PAGEIND,24-Jun-2021,26000,PE,0,0,0,1186.8,724.45,0,0,0,0,19-APR-2021,
OPTSTK,PAGEIND,24-Jun-2021,26500,PE,0,0,0,1361.25,860.65,0,0,0,0,19-APR-2021,
OPTSTK,PAGEIND,24-Jun-2021,27000,PE,0,0,0,1550.8,1012,0,0,0,0,19-APR-2021,
OPTSTK,PAGEIND,24-Jun-2021,27500,PE,0,0,0,1755.55,1181.75,0,0,0,0,19-APR-2021,
OPTSTK,PAGEIND,24-Jun-2021,28000,PE,0,0,0,1975.5,1368.65,0,0,0,0,19-APR-2021,
OPTSTK,PAGEIND,24-Jun-2021,28500,PE,0,0,0,2210.55,1572.8,0,0,0,0,19-APR-2021,
OPTSTK,PAGEIND,24-Jun-2021,29000,PE,0,0,0,2460.35,1794.35,0,0,0,0,19-APR-2021,
OPTSTK,PAGEIND,24-Jun-2021,29500,PE,0,0,0,2724.85,2033.2,0,0,0,0,19-APR-2021,
OPTSTK,PAGEIND,24-Jun-2021,30000,PE,0,0,0,3003.7,2288.9,0,0,0,0,19-APR-2021,
OPTSTK,PAGEIND,24-Jun-2021,30500,PE,0,0,0,3296.35,2561.5,0,0,0,0,19-APR-2021,
OPTSTK,PAGEIND,24-Jun-2021,31000,PE,0,0,0,3602.5,2850.35,0,0,0,0,19-APR-2021,
OPTSTK,PAGEIND,24-Jun-2021,31500,PE,0,0,0,3921.55,3154.9,0,0,0,0,19-APR-2021,
OPTSTK,PAGEIND,24-Jun-2021,32000,PE,0,0,0,4253.05,3474.6,0,0,0,0,19-APR-2021,
OPTSTK,PAGEIND,24-Jun-2021,32500,PE,0,0,0,4596.4,3808.75,0,0,0,0,19-APR-2021,
OPTSTK,PAGEIND,24-Jun-2021,33000,PE,0,0,0,4951.1,4156.65,0,0,0,0,19-APR-2021,
OPTSTK,PAGEIND,24-Jun-2021,33500,PE,0,0,0,5317.85,4517.6,0,0,0,0,19-APR-2021,
OPTSTK,PAGEIND,24-Jun-2021,34000,PE,0,0,0,5693.7,4892.35,0,0,0,0,19-APR-2021,
OPTSTK,PAGEIND,24-Jun-2021,34500,PE,0,0,0,6079.15,5277.35,0,0,0,0,19-APR-2021,
OPTSTK,PAGEIND,24-Jun-2021,35000,PE,0,0,0,6473.55,5671.8,0,0,0,0,19-APR-2021,
OPTSTK,PAGEIND,24-Jun-2021,35500,PE,0,0,0,6875.05,6077.05,0,0,0,0,19-APR-2021,
OPTSTK,PAGEIND,24-Jun-2021,36000,PE,0,0,0,7285.4,6491.35,0,0,0,0,19-APR-2021,
OPTSTK,PAGEIND,24-Jun-2021,36500,PE,0,0,0,7703.05,6914.1,0,0,0,0,19-APR-2021,
OPTSTK,PAGEIND,24-Jun-2021,37000,PE,0,0,0,8127.5,7344.55,0,0,0,0,19-APR-2021,
OPTSTK,PEL,29-Apr-2021,900,CE,0,0,0,496.8,763.9,0,0,0,0,19-APR-2021,
OPTSTK,PEL,29-Apr-2021,920,CE,0,0,0,479.6,743.95,0,0,0,0,19-APR-2021,
OPTSTK,PEL,29-Apr-2021,940,CE,0,0,0,462.65,723.95,0,0,0,0,19-APR-2021,
OPTSTK,PEL,29-Apr-2021,960,CE,0,0,0,446,703.95,0,0,0,0,19-APR-2021,
OPTSTK,PEL,29-Apr-2021,980,CE,0,0,0,429.7,684,0,0,0,0,19-APR-2021,
OPTSTK,PEL,29-Apr-2021,1000,CE,0,0,0,413.7,664,0,0,0,0,19-APR-2021,
OPTSTK,PEL,29-Apr-2021,1020,CE,0,0,0,398.05,644.05,0,0,0,0,19-APR-2021,
OPTSTK,PEL,29-Apr-2021,1040,CE,0,0,0,382.75,624.05,0,0,0,0,19-APR-2021,
OPTSTK,PEL,29-Apr-2021,1060,CE,0,0,0,367.85,604.05,0,0,0,0,19-APR-2021,
OPTSTK,PEL,29-Apr-2021,1080,CE,0,0,0,353.25,584.1,0,0,0,0,19-APR-2021,
OPTSTK,PEL,29-Apr-2021,1100,CE,0,0,0,339.05,564.1,0,0,0,0,19-APR-2021,
OPTSTK,PEL,29-Apr-2021,1120,CE,0,0,0,325.2,544.15,0,0,0,0,19-APR-2021,
OPTSTK,PEL,29-Apr-2021,1140,CE,0,0,0,311.75,524.15,0,0,0,0,19-APR-2021,
OPTSTK,PEL,29-Apr-2021,1160,CE,0,0,0,298.7,504.2,0,0,0,0,19-APR-2021,
OPTSTK,PEL,29-Apr-2021,1180,CE,0,0,0,285.95,484.2,0,0,0,0,19-APR-2021,
OPTSTK,PEL,29-Apr-2021,1200,CE,0,0,0,273.7,464.25,0,0,0,0,19-APR-2021,
OPTSTK,PEL,29-Apr-2021,1220,CE,0,0,0,261.8,444.3,0,0,0,0,19-APR-2021,
OPTSTK,PEL,29-Apr-2021,1240,CE,0,0,0,250.3,424.4,0,0,0,0,19-APR-2021,
OPTSTK,PEL,29-Apr-2021,1250,CE,0,0,0,551.5,414.45,0,0,0,0,19-APR-2021,
OPTSTK,PEL,29-Apr-2021,1260,CE,0,0,0,239.2,404.5,0,0,0,0,19-APR-2021,
OPTSTK,PEL,29-Apr-2021,1280,CE,0,0,0,228.5,384.65,0,0,0,0,19-APR-2021,
OPTSTK,PEL,29-Apr-2021,1300,CE,0,0,0,218.15,364.85,0,0,0,0,19-APR-2021,
OPTSTK,PEL,29-Apr-2021,1320,CE,0,0,0,208.15,345.15,0,0,0,0,19-APR-2021,
OPTSTK,PEL,29-Apr-2021,1340,CE,0,0,0,198.55,325.6,0,0,0,0,19-APR-2021,
OPTSTK,PEL,29-Apr-2021,1350,CE,0,0,0,458.25,315.85,0,0,0,0,19-APR-2021,
OPTSTK,PEL,29-Apr-2021,1360,CE,0,0,0,189.25,306.2,0,0,0,0,19-APR-2021,
OPTSTK,PEL,29-Apr-2021,1380,CE,0,0,0,180.4,286.95,0,0,0,0,19-APR-2021,
OPTSTK,PEL,29-Apr-2021,1400,CE,0,0,0,171.85,268,0,0,0,0,19-APR-2021,
OPTSTK,PEL,29-Apr-2021,1420,CE,0,0,0,163.6,249.35,0,0,0,0,19-APR-2021,
OPTSTK,PEL,29-Apr-2021,1440,CE,0,0,0,155.75,231.1,0,0,0,0,19-APR-2021,
OPTSTK,PEL,29-Apr-2021,1450,CE,0,0,0,371.05,222.1,0,0,0,0,19-APR-2021,
OPTSTK,PEL,29-Apr-2021,1460,CE,0,0,0,148.2,213.25,0,0,0,0,19-APR-2021,
OPTSTK,PEL,29-Apr-2021,1480,CE,0,0,0,140.95,195.95,0,0,0,0,19-APR-2021,
OPTSTK,PEL,29-Apr-2021,1500,CE,0,0,0,134,179.2,0,0,0,0,19-APR-2021,
OPTSTK,PEL,29-Apr-2021,1520,CE,0,0,0,127.35,163.1,0,0,0,0,19-APR-2021,
OPTSTK,PEL,29-Apr-2021,1540,CE,0,0,0,121,147.75,0,0,0,0,19-APR-2021,
OPTSTK,PEL,29-Apr-2021,1550,CE,0,0,0,292.25,140.4,0,0,0,0,19-APR-2021,
OPTSTK,PEL,29-Apr-2021,1560,CE,0,0,0,114.95,133.1,0,0,0,0,19-APR-2021,
OPTSTK,PEL,29-Apr-2021,1580,CE,0,0,0,109.15,119.35,0,0,0,0,19-APR-2021,
OPTSTK,PEL,29-Apr-2021,1600,CE,95.7,99.25,91,99.25,106.4,3,27.97,1650,-550,19-APR-2021,
OPTSTK,PEL,29-Apr-2021,1620,CE,0,0,0,135,94.35,0,0,1100,0,19-APR-2021,
OPTSTK,PEL,29-Apr-2021,1640,CE,0,0,0,93.35,83.25,0,0,0,0,19-APR-2021,
OPTSTK,PEL,29-Apr-2021,1650,CE,67.85,67.85,67.25,67.5,67.5,4,37.78,1650,1650,19-APR-2021,
OPTSTK,PEL,29-Apr-2021,1660,CE,88.55,88.55,80,80,73,2,19.18,550,550,19-APR-2021,
OPTSTK,PEL,29-Apr-2021,1680,CE,0,0,0,84,63.7,0,0,0,0,19-APR-2021,
OPTSTK,PEL,29-Apr-2021,1700,CE,35.05,46,28,42.45,42.45,226,2164.21,52250,5500,19-APR-2021,
OPTSTK,PEL,29-Apr-2021,1720,CE,0,0,0,75.5,47.65,0,0,0,0,19-APR-2021,
OPTSTK,PEL,29-Apr-2021,1740,CE,25.05,32.05,22.1,28.85,28.85,17,165.28,5500,550,19-APR-2021,
OPTSTK,PEL,29-Apr-2021,1750,CE,26.05,29.9,23.65,26.9,26.9,62,605.77,7150,-6050,19-APR-2021,
OPTSTK,PEL,29-Apr-2021,1760,CE,18.7,28,17,21.25,34.85,15,147.14,12100,550,19-APR-2021,
OPTSTK,PEL,29-Apr-2021,1780,CE,0,0,0,64.25,29.65,0,0,0,0,19-APR-2021,
OPTSTK,PEL,29-Apr-2021,1800,CE,17.05,20.75,14.55,16.8,16.8,318,3177.9,154550,2750,19-APR-2021,
OPTSTK,PEL,29-Apr-2021,1820,CE,0,0,0,33.95,20.95,0,0,20350,0,19-APR-2021,
OPTSTK,PEL,29-Apr-2021,1840,CE,11,11,11,11,11,1,10.18,13750,-550,19-APR-2021,
OPTSTK,PEL,29-Apr-2021,1850,CE,10,12.6,10,10.65,10.65,37,378.74,40700,-3300,19-APR-2021,
OPTSTK,PEL,29-Apr-2021,1860,CE,11,12.1,11,12.1,14.5,3,30.88,7700,-550,19-APR-2021,
OPTSTK,PEL,29-Apr-2021,1880,CE,0,0,0,20.55,12,0,0,3300,0,19-APR-2021,
OPTSTK,PEL,29-Apr-2021,1900,CE,10.35,17,7.1,7.7,7.7,286,3001.52,258500,-6050,19-APR-2021,
OPTSTK,PEL,29-Apr-2021,1920,CE,0,0,0,13.15,8.05,0,0,6050,0,19-APR-2021,
OPTSTK,PEL,29-Apr-2021,1940,CE,6,6,6,6,6.55,3,32.1,2200,-1100,19-APR-2021,
OPTSTK,PEL,29-Apr-2021,1950,CE,0,0,0,16,5.9,0,0,7700,0,19-APR-2021,
OPTSTK,PEL,29-Apr-2021,1960,CE,0,0,0,14.45,5.3,0,0,1650,0,19-APR-2021,
OPTSTK,PEL,29-Apr-2021,1980,CE,0,0,0,36.95,4.25,0,0,0,0,19-APR-2021,
OPTSTK,PEL,29-Apr-2021,2000,CE,3.5,4.55,3.1,3.4,3.4,105,1157.03,69850,-15950,19-APR-2021,
OPTSTK,PEL,29-Apr-2021,2020,CE,0,0,0,7.9,2.7,0,0,1650,0,19-APR-2021,
OPTSTK,PEL,29-Apr-2021,2040,CE,0,0,0,52.65,2.15,0,0,0,0,19-APR-2021,
OPTSTK,PEL,29-Apr-2021,2050,CE,0,0,0,58.95,1.95,0,0,0,0,19-APR-2021,
OPTSTK,PEL,29-Apr-2021,2060,CE,0,0,0,6.8,1.7,0,0,1100,0,19-APR-2021,
OPTSTK,PEL,29-Apr-2021,2080,CE,0,0,0,47.45,1.35,0,0,0,0,19-APR-2021,
OPTSTK,PEL,29-Apr-2021,2100,CE,3,3,2,2.5,2.5,12,138.77,31900,-3850,19-APR-2021,
OPTSTK,PEL,29-Apr-2021,2120,CE,0,0,0,45.55,0.85,0,0,0,0,19-APR-2021,
OPTSTK,PEL,29-Apr-2021,2140,CE,0.75,1.25,0.75,1,1,2,23.55,4950,-1100,19-APR-2021,
OPTSTK,PEL,29-Apr-2021,2150,CE,0,0,0,39.8,0.55,0,0,0,0,19-APR-2021,
OPTSTK,PEL,29-Apr-2021,2160,CE,0,0,0,50.65,0.5,0,0,0,0,19-APR-2021,
OPTSTK,PEL,29-Apr-2021,2180,CE,0,0,0,48.1,0.4,0,0,0,0,19-APR-2021,
OPTSTK,PEL,29-Apr-2021,2200,CE,2.2,2.2,0.25,1,1,8,96.84,23650,-2200,19-APR-2021,
OPTSTK,PEL,29-Apr-2021,2220,CE,0,0,0,46.95,0.25,0,0,0,0,19-APR-2021,
OPTSTK,PEL,29-Apr-2021,2240,CE,0,0,0,45.65,0.2,0,0,0,0,19-APR-2021,
OPTSTK,PEL,29-Apr-2021,2260,CE,0,0,0,60.3,0.15,0,0,0,0,19-APR-2021,
OPTSTK,PEL,29-Apr-2021,2280,CE,0,0,0,7,0.1,0,0,1650,0,19-APR-2021,
OPTSTK,PEL,29-Apr-2021,2300,CE,0.7,0.7,0.7,0.7,0.1,1,12.65,1650,-550,19-APR-2021,
OPTSTK,PEL,29-Apr-2021,900,PE,0,0,0,15.6,0,0,0,0,0,19-APR-2021,
OPTSTK,PEL,29-Apr-2021,920,PE,0,0,0,18.15,0,0,0,0,0,19-APR-2021,
OPTSTK,PEL,29-Apr-2021,940,PE,0,0,0,21.05,0,0,0,0,0,19-APR-2021,
OPTSTK,PEL,29-Apr-2021,960,PE,0,0,0,24.2,0,0,0,0,0,19-APR-2021,
OPTSTK,PEL,29-Apr-2021,980,PE,0,0,0,27.7,0,0,0,0,0,19-APR-2021,
OPTSTK,PEL,29-Apr-2021,1000,PE,0,0,0,31.55,0,0,0,0,0,19-APR-2021,
OPTSTK,PEL,29-Apr-2021,1020,PE,0,0,0,35.7,0,0,0,0,0,19-APR-2021,
OPTSTK,PEL,29-Apr-2021,1040,PE,0,0,0,40.2,0,0,0,0,0,19-APR-2021,
OPTSTK,PEL,29-Apr-2021,1060,PE,0,0,0,45.1,0,0,0,0,0,19-APR-2021,
OPTSTK,PEL,29-Apr-2021,1080,PE,0,0,0,50.35,0,0,0,0,0,19-APR-2021,
OPTSTK,PEL,29-Apr-2021,1100,PE,0,0,0,55.95,0,0,0,0,0,19-APR-2021,
OPTSTK,PEL,29-Apr-2021,1120,PE,0,0,0,61.95,0,0,0,0,0,19-APR-2021,
OPTSTK,PEL,29-Apr-2021,1140,PE,0,0,0,68.3,0.05,0,0,0,0,19-APR-2021,
OPTSTK,PEL,29-Apr-2021,1160,PE,0,0,0,75.05,0.05,0,0,0,0,19-APR-2021,
OPTSTK,PEL,29-Apr-2021,1180,PE,0,0,0,82.15,0.05,0,0,0,0,19-APR-2021,
OPTSTK,PEL,29-Apr-2021,1200,PE,0,0,0,89.7,0.05,0,0,0,0,19-APR-2021,
OPTSTK,PEL,29-Apr-2021,1220,PE,0,0,0,97.6,0.1,0,0,0,0,19-APR-2021,
OPTSTK,PEL,29-Apr-2021,1240,PE,0,0,0,105.95,0.15,0,0,0,0,19-APR-2021,
OPTSTK,PEL,29-Apr-2021,1250,PE,0,0,0,4,0.2,0,0,0,0,19-APR-2021,
OPTSTK,PEL,29-Apr-2021,1260,PE,0,0,0,114.65,0.25,0,0,0,0,19-APR-2021,
OPTSTK,PEL,29-Apr-2021,1280,PE,0,0,0,123.75,0.35,0,0,0,0,19-APR-2021,
OPTSTK,PEL,29-Apr-2021,1300,PE,0,0,0,25,0.55,0,0,0,0,19-APR-2021,
OPTSTK,PEL,29-Apr-2021,1320,PE,0,0,0,143,0.85,0,0,0,0,19-APR-2021,
OPTSTK,PEL,29-Apr-2021,1340,PE,0,0,0,153.2,1.25,0,0,0,0,19-APR-2021,
OPTSTK,PEL,29-Apr-2021,1350,PE,0,0,0,10.4,1.5,0,0,0,0,19-APR-2021,
OPTSTK,PEL,29-Apr-2021,1360,PE,0,0,0,163.8,1.8,0,0,0,0,19-APR-2021,
OPTSTK,PEL,29-Apr-2021,1380,PE,0,0,0,174.7,2.6,0,0,0,0,19-APR-2021,
OPTSTK,PEL,29-Apr-2021,1400,PE,2,7.75,0.05,4.95,3.6,27,208.72,8800,0,19-APR-2021,
OPTSTK,PEL,29-Apr-2021,1420,PE,0,0,0,197.55,4.95,0,0,0,0,19-APR-2021,
OPTSTK,PEL,29-Apr-2021,1440,PE,0,0,0,209.5,6.65,0,0,0,0,19-APR-2021,
OPTSTK,PEL,29-Apr-2021,1450,PE,10,10,9,9,7.65,2,16.05,3300,0,19-APR-2021,
OPTSTK,PEL,29-Apr-2021,1460,PE,0,0,0,221.75,8.8,0,0,0,0,19-APR-2021,
OPTSTK,PEL,29-Apr-2021,1480,PE,0,0,0,234.35,11.45,0,0,0,0,19-APR-2021,
OPTSTK,PEL,29-Apr-2021,1500,PE,18.05,25,11.25,12,12,195,1623.87,62700,2750,19-APR-2021,
OPTSTK,PEL,29-Apr-2021,1520,PE,0,0,0,260.4,18.6,0,0,0,0,19-APR-2021,
OPTSTK,PEL,29-Apr-2021,1540,PE,0,0,0,273.85,23.2,0,0,0,0,19-APR-2021,
OPTSTK,PEL,29-Apr-2021,1550,PE,38.25,38.25,20.95,20.95,25.85,5,43.31,4400,1100,19-APR-2021,
OPTSTK,PEL,29-Apr-2021,1560,PE,0,0,0,287.6,28.55,0,0,0,0,19-APR-2021,
OPTSTK,PEL,29-Apr-2021,1580,PE,0,0,0,301.65,34.75,0,0,0,0,19-APR-2021,
OPTSTK,PEL,29-Apr-2021,1600,PE,45.05,52.85,30.7,32.2,32.2,156,1407.21,93500,-7700,19-APR-2021,
OPTSTK,PEL,29-Apr-2021,1620,PE,0,0,0,330.45,49.75,0,0,0,0,19-APR-2021,
OPTSTK,PEL,29-Apr-2021,1640,PE,0,0,0,345.3,58.6,0,0,0,0,19-APR-2021,
OPTSTK,PEL,29-Apr-2021,1650,PE,70.5,70.5,49.9,52.25,63.35,6,56.42,2750,550,19-APR-2021,
OPTSTK,PEL,29-Apr-2021,1660,PE,0,0,0,360.3,68.35,0,0,0,0,19-APR-2021,
OPTSTK,PEL,29-Apr-2021,1680,PE,0,0,0,42.05,79,0,0,550,0,19-APR-2021,
OPTSTK,PEL,29-Apr-2021,1700,PE,70,101.7,70,77.75,77.75,38,373.84,55550,-1650,19-APR-2021,
OPTSTK,PEL,29-Apr-2021,1720,PE,0,0,0,55.75,102.95,0,0,1100,0,19-APR-2021,
OPTSTK,PEL,29-Apr-2021,1740,PE,116.3,116.3,106.6,107.6,116.15,4,40.73,5500,-1100,19-APR-2021,
OPTSTK,PEL,29-Apr-2021,1750,PE,0,0,0,72.4,123,0,0,6050,0,19-APR-2021,
OPTSTK,PEL,29-Apr-2021,1760,PE,0,0,0,120.95,130.1,0,0,4950,0,19-APR-2021,
OPTSTK,PEL,29-Apr-2021,1780,PE,0,0,0,85,144.85,0,0,0,0,19-APR-2021,
OPTSTK,PEL,29-Apr-2021,1800,PE,166.95,166.95,151.05,152.25,160.15,9,96.95,76450,-4400,19-APR-2021,
OPTSTK,PEL,29-Apr-2021,1820,PE,0,0,0,137.55,176.15,0,0,3300,0,19-APR-2021,
OPTSTK,PEL,29-Apr-2021,1840,PE,0,0,0,504.55,192.65,0,0,0,0,19-APR-2021,
OPTSTK,PEL,29-Apr-2021,1850,PE,0,0,0,171.05,201.1,0,0,0,0,19-APR-2021,
OPTSTK,PEL,29-Apr-2021,1860,PE,0,0,0,521.45,209.65,0,0,0,0,19-APR-2021,
OPTSTK,PEL,29-Apr-2021,1880,PE,0,0,0,538.5,227.1,0,0,0,0,19-APR-2021,
OPTSTK,PEL,29-Apr-2021,1900,PE,246.55,246.55,246.55,246.55,244.95,1,11.8,11000,0,19-APR-2021,
OPTSTK,PEL,29-Apr-2021,1920,PE,0,0,0,573.05,263.15,0,0,0,0,19-APR-2021,
OPTSTK,PEL,29-Apr-2021,1940,PE,0,0,0,590.5,281.6,0,0,0,0,19-APR-2021,
OPTSTK,PEL,29-Apr-2021,1950,PE,0,0,0,235.25,290.95,0,0,0,0,19-APR-2021,
OPTSTK,PEL,29-Apr-2021,1960,PE,0,0,0,608.05,300.35,0,0,0,0,19-APR-2021,
OPTSTK,PEL,29-Apr-2021,1980,PE,0,0,0,625.75,319.3,0,0,0,0,19-APR-2021,
OPTSTK,PEL,29-Apr-2021,2000,PE,0,0,0,615.75,338.45,0,0,0,0,19-APR-2021,
OPTSTK,PEL,29-Apr-2021,2020,PE,0,0,0,556.8,357.7,0,0,0,0,19-APR-2021,
OPTSTK,PEL,29-Apr-2021,2040,PE,0,0,0,573.85,377.15,0,0,0,0,19-APR-2021,
OPTSTK,PEL,29-Apr-2021,2050,PE,0,0,0,308.6,386.9,0,0,0,0,19-APR-2021,
OPTSTK,PEL,29-Apr-2021,2060,PE,0,0,0,591,396.65,0,0,0,0,19-APR-2021,
OPTSTK,PEL,29-Apr-2021,2080,PE,0,0,0,608.3,416.3,0,0,0,0,19-APR-2021,
OPTSTK,PEL,29-Apr-2021,2100,PE,0,0,0,625.7,435.95,0,0,0,0,19-APR-2021,
OPTSTK,PEL,29-Apr-2021,2120,PE,0,0,0,631.8,455.7,0,0,0,0,19-APR-2021,
OPTSTK,PEL,29-Apr-2021,2140,PE,0,0,0,625,475.5,0,0,0,0,19-APR-2021,
OPTSTK,PEL,29-Apr-2021,2150,PE,0,0,0,389.1,485.45,0,0,0,0,19-APR-2021,
OPTSTK,PEL,29-Apr-2021,2160,PE,0,0,0,601.7,495.35,0,0,0,0,19-APR-2021,
OPTSTK,PEL,29-Apr-2021,2180,PE,0,0,0,618.95,515.25,0,0,0,0,19-APR-2021,
OPTSTK,PEL,29-Apr-2021,2200,PE,0,0,0,636.4,535.1,0,0,0,0,19-APR-2021,
OPTSTK,PEL,29-Apr-2021,2220,PE,0,0,0,628.1,555.05,0,0,0,0,19-APR-2021,
OPTSTK,PEL,29-Apr-2021,2240,PE,0,0,0,635.55,574.95,0,0,0,0,19-APR-2021,
OPTSTK,PEL,29-Apr-2021,2260,PE,0,0,0,573.15,594.9,0,0,0,0,19-APR-2021,
OPTSTK,PEL,29-Apr-2021,2280,PE,0,0,0,590.05,614.85,0,0,0,0,19-APR-2021,
OPTSTK,PEL,29-Apr-2021,2300,PE,0,0,0,607.1,634.8,0,0,0,0,19-APR-2021,
OPTSTK,PEL,27-May-2021,1250,CE,0,0,0,566.6,429.05,0,0,0,0,19-APR-2021,
OPTSTK,PEL,27-May-2021,1300,CE,0,0,0,575.4,385.1,0,0,0,0,19-APR-2021,
OPTSTK,PEL,27-May-2021,1340,CE,0,0,0,653.15,351.35,0,0,0,0,19-APR-2021,
OPTSTK,PEL,27-May-2021,1350,CE,0,0,0,481,343.15,0,0,0,0,19-APR-2021,
OPTSTK,PEL,27-May-2021,1360,CE,0,0,0,636.55,335,0,0,0,0,19-APR-2021,
OPTSTK,PEL,27-May-2021,1380,CE,0,0,0,620.15,319.05,0,0,0,0,19-APR-2021,
OPTSTK,PEL,27-May-2021,1400,CE,0,0,0,604,303.45,0,0,0,0,19-APR-2021,
OPTSTK,PEL,27-May-2021,1420,CE,0,0,0,588.05,288.3,0,0,0,0,19-APR-2021,
OPTSTK,PEL,27-May-2021,1440,CE,0,0,0,572.4,273.65,0,0,0,0,19-APR-2021,
OPTSTK,PEL,27-May-2021,1450,CE,0,0,0,402.35,266.45,0,0,0,0,19-APR-2021,
OPTSTK,PEL,27-May-2021,1460,CE,0,0,0,556.95,259.35,0,0,0,0,19-APR-2021,
OPTSTK,PEL,27-May-2021,1480,CE,0,0,0,541.75,245.5,0,0,0,0,19-APR-2021,
OPTSTK,PEL,27-May-2021,1500,CE,0,0,0,526.85,232.05,0,0,0,0,19-APR-2021,
OPTSTK,PEL,27-May-2021,1520,CE,0,0,0,512.2,219.15,0,0,0,0,19-APR-2021,
OPTSTK,PEL,27-May-2021,1540,CE,0,0,0,497.8,206.7,0,0,0,0,19-APR-2021,
OPTSTK,PEL,27-May-2021,1550,CE,0,0,0,331.7,200.7,0,0,0,0,19-APR-2021,
OPTSTK,PEL,27-May-2021,1560,CE,0,0,0,483.6,194.75,0,0,0,0,19-APR-2021,
OPTSTK,PEL,27-May-2021,1580,CE,0,0,0,469.75,183.3,0,0,0,0,19-APR-2021,
OPTSTK,PEL,27-May-2021,1600,CE,0,0,0,456.1,172.3,0,0,0,0,19-APR-2021,
OPTSTK,PEL,27-May-2021,1620,CE,0,0,0,442.75,161.75,0,0,0,0,19-APR-2021,
OPTSTK,PEL,27-May-2021,1640,CE,0,0,0,429.65,151.7,0,0,0,0,19-APR-2021,
OPTSTK,PEL,27-May-2021,1650,CE,0,0,0,269.6,146.85,0,0,0,0,19-APR-2021,
OPTSTK,PEL,27-May-2021,1660,CE,0,0,0,416.85,142.15,0,0,0,0,19-APR-2021,
OPTSTK,PEL,27-May-2021,1680,CE,0,0,0,404.25,133,0,0,0,0,19-APR-2021,
OPTSTK,PEL,27-May-2021,1700,CE,0,0,0,392,124.35,0,0,0,0,19-APR-2021,
OPTSTK,PEL,27-May-2021,1720,CE,0,0,0,380,116.1,0,0,0,0,19-APR-2021,
OPTSTK,PEL,27-May-2021,1740,CE,0,0,0,368.3,108.3,0,0,0,0,19-APR-2021,
OPTSTK,PEL,27-May-2021,1750,CE,0,0,0,216.35,104.55,0,0,0,0,19-APR-2021,
OPTSTK,PEL,27-May-2021,1760,CE,0,0,0,356.85,100.9,0,0,0,0,19-APR-2021,
OPTSTK,PEL,27-May-2021,1780,CE,0,0,0,345.7,93.95,0,0,0,0,19-APR-2021,
OPTSTK,PEL,27-May-2021,1800,CE,0,0,0,100,87.35,0,0,2200,0,19-APR-2021,
OPTSTK,PEL,27-May-2021,1820,CE,0,0,0,324.15,81.15,0,0,0,0,19-APR-2021,
OPTSTK,PEL,27-May-2021,1840,CE,0,0,0,313.8,75.3,0,0,0,0,19-APR-2021,
OPTSTK,PEL,27-May-2021,1850,CE,0,0,0,171.6,72.55,0,0,0,0,19-APR-2021,
OPTSTK,PEL,27-May-2021,1860,CE,0,0,0,303.7,69.85,0,0,0,0,19-APR-2021,
OPTSTK,PEL,27-May-2021,1880,CE,0,0,0,293.85,64.8,0,0,0,0,19-APR-2021,
OPTSTK,PEL,27-May-2021,1900,CE,0,0,0,284.25,60,0,0,0,0,19-APR-2021,
OPTSTK,PEL,27-May-2021,1920,CE,0,0,0,274.9,55.5,0,0,0,0,19-APR-2021,
OPTSTK,PEL,27-May-2021,1940,CE,0,0,0,265.85,51.3,0,0,0,0,19-APR-2021,
OPTSTK,PEL,27-May-2021,1950,CE,0,0,0,134.55,49.3,0,0,0,0,19-APR-2021,
OPTSTK,PEL,27-May-2021,1960,CE,0,0,0,257,47.3,0,0,0,0,19-APR-2021,
OPTSTK,PEL,27-May-2021,1980,CE,0,0,0,248.4,43.65,0,0,0,0,19-APR-2021,
OPTSTK,PEL,27-May-2021,2000,CE,0,0,0,240.05,40.2,0,0,0,0,19-APR-2021,
OPTSTK,PEL,27-May-2021,2020,CE,0,0,0,231.9,37.05,0,0,0,0,19-APR-2021,
OPTSTK,PEL,27-May-2021,2040,CE,0,0,0,224.05,34.1,0,0,0,0,19-APR-2021,
OPTSTK,PEL,27-May-2021,2050,CE,0,0,0,104.5,32.7,0,0,0,0,19-APR-2021,
OPTSTK,PEL,27-May-2021,2060,CE,0,0,0,216.4,31.35,0,0,0,0,19-APR-2021,
OPTSTK,PEL,27-May-2021,2080,CE,0,0,0,208.95,28.8,0,0,0,0,19-APR-2021,
OPTSTK,PEL,27-May-2021,2100,CE,0,0,0,201.75,26.45,0,0,0,0,19-APR-2021,
OPTSTK,PEL,27-May-2021,2120,CE,0,0,0,194.75,24.25,0,0,0,0,19-APR-2021,
OPTSTK,PEL,27-May-2021,2140,CE,0,0,0,187.95,22.25,0,0,0,0,19-APR-2021,
OPTSTK,PEL,27-May-2021,2150,CE,0,0,0,80.55,21.3,0,0,0,0,19-APR-2021,
OPTSTK,PEL,27-May-2021,2160,CE,0,0,0,181.35,20.4,0,0,0,0,19-APR-2021,
OPTSTK,PEL,27-May-2021,2180,CE,0,0,0,175,18.65,0,0,0,0,19-APR-2021,
OPTSTK,PEL,27-May-2021,2200,CE,0,0,0,168.8,17.1,0,0,0,0,19-APR-2021,
OPTSTK,PEL,27-May-2021,2220,CE,0,0,0,162.8,15.6,0,0,0,0,19-APR-2021,
OPTSTK,PEL,27-May-2021,2240,CE,0,0,0,157,14.3,0,0,0,0,19-APR-2021,
OPTSTK,PEL,27-May-2021,2260,CE,0,0,0,151.4,13.05,0,0,0,0,19-APR-2021,
OPTSTK,PEL,27-May-2021,2280,CE,0,0,0,145.95,11.9,0,0,0,0,19-APR-2021,
OPTSTK,PEL,27-May-2021,2300,CE,0,0,0,140.7,10.85,0,0,0,0,19-APR-2021,
OPTSTK,PEL,27-May-2021,1250,PE,0,0,0,15.55,11.2,0,0,0,0,19-APR-2021,
OPTSTK,PEL,27-May-2021,1300,PE,0,0,0,34.5,17.05,0,0,0,0,19-APR-2021,
OPTSTK,PEL,27-May-2021,1340,PE,0,0,0,31,23.15,0,0,0,0,19-APR-2021,
OPTSTK,PEL,27-May-2021,1350,PE,0,0,0,29.3,24.85,0,0,0,0,19-APR-2021,
OPTSTK,PEL,27-May-2021,1360,PE,0,0,0,34.2,26.7,0,0,0,0,19-APR-2021,
OPTSTK,PEL,27-May-2021,1380,PE,0,0,0,37.65,30.65,0,0,0,0,19-APR-2021,
OPTSTK,PEL,27-May-2021,1400,PE,0,0,0,41.3,35,0,0,0,0,19-APR-2021,
OPTSTK,PEL,27-May-2021,1420,PE,0,0,0,45.2,39.8,0,0,0,0,19-APR-2021,
OPTSTK,PEL,27-May-2021,1440,PE,0,0,0,49.35,45,0,0,0,0,19-APR-2021,
OPTSTK,PEL,27-May-2021,1450,PE,0,0,0,49.95,47.8,0,0,0,0,19-APR-2021,
OPTSTK,PEL,27-May-2021,1460,PE,0,0,0,53.7,50.65,0,0,0,0,19-APR-2021,
OPTSTK,PEL,27-May-2021,1480,PE,0,0,0,58.35,56.7,0,0,0,0,19-APR-2021,
OPTSTK,PEL,27-May-2021,1500,PE,53.45,53.45,47.95,47.95,63.2,2,17.05,4950,-550,19-APR-2021,
OPTSTK,PEL,27-May-2021,1520,PE,0,0,0,68.4,70.2,0,0,0,0,19-APR-2021,
OPTSTK,PEL,27-May-2021,1540,PE,0,0,0,73.8,77.7,0,0,0,0,19-APR-2021,
OPTSTK,PEL,27-May-2021,1550,PE,0,0,0,78.7,81.65,0,0,0,0,19-APR-2021,
OPTSTK,PEL,27-May-2021,1560,PE,0,0,0,79.45,85.7,0,0,0,0,19-APR-2021,
OPTSTK,PEL,27-May-2021,1580,PE,0,0,0,85.4,94.15,0,0,0,0,19-APR-2021,
OPTSTK,PEL,27-May-2021,1600,PE,0,0,0,91.55,103.05,0,0,0,0,19-APR-2021,
OPTSTK,PEL,27-May-2021,1620,PE,0,0,0,98,112.45,0,0,0,0,19-APR-2021,
OPTSTK,PEL,27-May-2021,1640,PE,0,0,0,104.75,122.3,0,0,0,0,19-APR-2021,
OPTSTK,PEL,27-May-2021,1650,PE,0,0,0,115.95,127.45,0,0,0,0,19-APR-2021,
OPTSTK,PEL,27-May-2021,1660,PE,0,0,0,111.75,132.65,0,0,0,0,19-APR-2021,
OPTSTK,PEL,27-May-2021,1680,PE,0,0,0,118.95,143.45,0,0,0,0,19-APR-2021,
OPTSTK,PEL,27-May-2021,1700,PE,0,0,0,126.5,154.7,0,0,0,0,19-APR-2021,
OPTSTK,PEL,27-May-2021,1720,PE,0,0,0,134.35,166.4,0,0,0,0,19-APR-2021,
OPTSTK,PEL,27-May-2021,1740,PE,0,0,0,142.45,178.5,0,0,0,0,19-APR-2021,
OPTSTK,PEL,27-May-2021,1750,PE,0,0,0,162.1,184.75,0,0,0,0,19-APR-2021,
OPTSTK,PEL,27-May-2021,1760,PE,0,0,0,150.85,191.05,0,0,0,0,19-APR-2021,
OPTSTK,PEL,27-May-2021,1780,PE,0,0,0,159.5,204,0,0,0,0,19-APR-2021,
OPTSTK,PEL,27-May-2021,1800,PE,0,0,0,168.4,217.35,0,0,0,0,19-APR-2021,
OPTSTK,PEL,27-May-2021,1820,PE,0,0,0,177.6,231.05,0,0,0,0,19-APR-2021,
OPTSTK,PEL,27-May-2021,1840,PE,0,0,0,187,245.15,0,0,0,0,19-APR-2021,
OPTSTK,PEL,27-May-2021,1850,PE,0,0,0,216.65,252.35,0,0,0,0,19-APR-2021,
OPTSTK,PEL,27-May-2021,1860,PE,0,0,0,196.75,259.6,0,0,0,0,19-APR-2021,
OPTSTK,PEL,27-May-2021,1880,PE,0,0,0,206.7,274.45,0,0,0,0,19-APR-2021,
OPTSTK,PEL,27-May-2021,1900,PE,0,0,0,216.9,289.6,0,0,0,0,19-APR-2021,
OPTSTK,PEL,27-May-2021,1920,PE,0,0,0,227.4,305,0,0,0,0,19-APR-2021,
OPTSTK,PEL,27-May-2021,1940,PE,0,0,0,238.1,320.75,0,0,0,0,19-APR-2021,
OPTSTK,PEL,27-May-2021,1950,PE,0,0,0,279,328.7,0,0,0,0,19-APR-2021,
OPTSTK,PEL,27-May-2021,1960,PE,0,0,0,249.1,336.65,0,0,0,0,19-APR-2021,
OPTSTK,PEL,27-May-2021,1980,PE,0,0,0,260.3,352.9,0,0,0,0,19-APR-2021,
OPTSTK,PEL,27-May-2021,2000,PE,0,0,0,271.8,369.45,0,0,0,0,19-APR-2021,
OPTSTK,PEL,27-May-2021,2020,PE,0,0,0,283.45,386.15,0,0,0,0,19-APR-2021,
OPTSTK,PEL,27-May-2021,2040,PE,0,0,0,295.4,403.15,0,0,0,0,19-APR-2021,
OPTSTK,PEL,27-May-2021,2050,PE,0,0,0,348.25,411.7,0,0,0,0,19-APR-2021,
OPTSTK,PEL,27-May-2021,2060,PE,0,0,0,307.55,420.3,0,0,0,0,19-APR-2021,
OPTSTK,PEL,27-May-2021,2080,PE,0,0,0,319.95,437.7,0,0,0,0,19-APR-2021,
OPTSTK,PEL,27-May-2021,2100,PE,0,0,0,332.55,455.25,0,0,0,0,19-APR-2021,
OPTSTK,PEL,27-May-2021,2120,PE,0,0,0,345.35,473,0,0,0,0,19-APR-2021,
OPTSTK,PEL,27-May-2021,2140,PE,0,0,0,358.4,490.9,0,0,0,0,19-APR-2021,
OPTSTK,PEL,27-May-2021,2150,PE,0,0,0,423.7,499.95,0,0,0,0,19-APR-2021,
OPTSTK,PEL,27-May-2021,2160,PE,0,0,0,371.6,508.95,0,0,0,0,19-APR-2021,
OPTSTK,PEL,27-May-2021,2180,PE,0,0,0,385.05,527.2,0,0,0,0,19-APR-2021,
OPTSTK,PEL,27-May-2021,2200,PE,0,0,0,398.65,545.5,0,0,0,0,19-APR-2021,
OPTSTK,PEL,27-May-2021,2220,PE,0,0,0,412.5,563.95,0,0,0,0,19-APR-2021,
OPTSTK,PEL,27-May-2021,2240,PE,0,0,0,426.5,582.55,0,0,0,0,19-APR-2021,
OPTSTK,PEL,27-May-2021,2260,PE,0,0,0,440.7,601.25,0,0,0,0,19-APR-2021,
OPTSTK,PEL,27-May-2021,2280,PE,0,0,0,455.1,620,0,0,0,0,19-APR-2021,
OPTSTK,PEL,27-May-2021,2300,PE,0,0,0,469.65,638.9,0,0,0,0,19-APR-2021,
OPTSTK,PEL,24-Jun-2021,1250,CE,0,0,0,584.2,450.25,0,0,0,0,19-APR-2021,
OPTSTK,PEL,24-Jun-2021,1300,CE,0,0,0,543.45,410.3,0,0,0,0,19-APR-2021,
OPTSTK,PEL,24-Jun-2021,1350,CE,0,0,0,504.3,372.45,0,0,0,0,19-APR-2021,
OPTSTK,PEL,24-Jun-2021,1400,CE,0,0,0,466.9,336.7,0,0,0,0,19-APR-2021,
OPTSTK,PEL,24-Jun-2021,1450,CE,0,0,0,431.2,303.1,0,0,0,0,19-APR-2021,
OPTSTK,PEL,24-Jun-2021,1500,CE,0,0,0,397.35,271.95,0,0,0,0,19-APR-2021,
OPTSTK,PEL,24-Jun-2021,1550,CE,0,0,0,365.35,243.1,0,0,0,0,19-APR-2021,
OPTSTK,PEL,24-Jun-2021,1600,CE,0,0,0,335.25,216.6,0,0,0,0,19-APR-2021,
OPTSTK,PEL,24-Jun-2021,1650,CE,0,0,0,307.1,192.3,0,0,0,0,19-APR-2021,
OPTSTK,PEL,24-Jun-2021,1700,CE,0,0,0,280.75,170.2,0,0,0,0,19-APR-2021,
OPTSTK,PEL,24-Jun-2021,1750,CE,0,0,0,256.2,150.2,0,0,0,0,19-APR-2021,
OPTSTK,PEL,24-Jun-2021,1800,CE,0,0,0,233.4,132.15,0,0,0,0,19-APR-2021,
OPTSTK,PEL,24-Jun-2021,1850,CE,0,0,0,212.3,115.95,0,0,0,0,19-APR-2021,
OPTSTK,PEL,24-Jun-2021,1900,CE,0,0,0,192.8,101.5,0,0,0,0,19-APR-2021,
OPTSTK,PEL,24-Jun-2021,1950,CE,0,0,0,174.85,88.7,0,0,0,0,19-APR-2021,
OPTSTK,PEL,24-Jun-2021,2000,CE,0,0,0,158.4,77.3,0,0,0,0,19-APR-2021,
OPTSTK,PEL,24-Jun-2021,2050,CE,0,0,0,143.25,67.25,0,0,0,0,19-APR-2021,
OPTSTK,PEL,24-Jun-2021,2100,CE,0,0,0,129.45,58.35,0,0,0,0,19-APR-2021,
OPTSTK,PEL,24-Jun-2021,2150,CE,0,0,0,116.9,50.55,0,0,0,0,19-APR-2021,
OPTSTK,PEL,24-Jun-2021,2200,CE,0,0,0,105.45,43.7,0,0,0,0,19-APR-2021,
OPTSTK,PEL,24-Jun-2021,2250,CE,0,0,0,95.05,37.75,0,0,0,0,19-APR-2021,
OPTSTK,PEL,24-Jun-2021,2300,CE,0,0,0,85.55,32.55,0,0,0,0,19-APR-2021,
OPTSTK,PEL,24-Jun-2021,1250,PE,0,0,0,29.6,28.8,0,0,0,0,19-APR-2021,
OPTSTK,PEL,24-Jun-2021,1300,PE,0,0,0,38.35,38.5,0,0,0,0,19-APR-2021,
OPTSTK,PEL,24-Jun-2021,1350,PE,0,0,0,48.75,50.35,0,0,0,0,19-APR-2021,
OPTSTK,PEL,24-Jun-2021,1400,PE,0,0,0,60.85,64.25,0,0,0,0,19-APR-2021,
OPTSTK,PEL,24-Jun-2021,1450,PE,0,0,0,74.7,80.3,0,0,0,0,19-APR-2021,
OPTSTK,PEL,24-Jun-2021,1500,PE,0,0,0,90.4,98.8,0,0,0,0,19-APR-2021,
OPTSTK,PEL,24-Jun-2021,1550,PE,0,0,0,107.9,119.65,0,0,0,0,19-APR-2021,
OPTSTK,PEL,24-Jun-2021,1600,PE,0,0,0,127.4,142.75,0,0,0,0,19-APR-2021,
OPTSTK,PEL,24-Jun-2021,1650,PE,0,0,0,148.7,168.15,0,0,0,0,19-APR-2021,
OPTSTK,PEL,24-Jun-2021,1700,PE,0,0,0,171.9,195.7,0,0,0,0,19-APR-2021,
OPTSTK,PEL,24-Jun-2021,1750,PE,0,0,0,196.9,225.35,0,0,0,0,19-APR-2021,
OPTSTK,PEL,24-Jun-2021,1800,PE,0,0,0,223.65,256.95,0,0,0,0,19-APR-2021,
OPTSTK,PEL,24-Jun-2021,1850,PE,0,0,0,252.1,290.45,0,0,0,0,19-APR-2021,
OPTSTK,PEL,24-Jun-2021,1900,PE,0,0,0,282.15,325.65,0,0,0,0,19-APR-2021,
OPTSTK,PEL,24-Jun-2021,1950,PE,0,0,0,313.7,362.55,0,0,0,0,19-APR-2021,
OPTSTK,PEL,24-Jun-2021,2000,PE,0,0,0,346.75,400.8,0,0,0,0,19-APR-2021,
OPTSTK,PEL,24-Jun-2021,2050,PE,0,0,0,381.2,440.4,0,0,0,0,19-APR-2021,
OPTSTK,PEL,24-Jun-2021,2100,PE,0,0,0,416.9,481.15,0,0,0,0,19-APR-2021,
OPTSTK,PEL,24-Jun-2021,2150,PE,0,0,0,453.9,523,0,0,0,0,19-APR-2021,
OPTSTK,PEL,24-Jun-2021,2200,PE,0,0,0,492,565.85,0,0,0,0,19-APR-2021,
OPTSTK,PEL,24-Jun-2021,2250,PE,0,0,0,531.1,609.55,0,0,0,0,19-APR-2021,
OPTSTK,PEL,24-Jun-2021,2300,PE,0,0,0,571.15,654,0,0,0,0,19-APR-2021,
OPTSTK,PETRONET,29-Apr-2021,155,CE,0,0,0,89.15,60.15,0,0,0,0,19-APR-2021,
OPTSTK,PETRONET,29-Apr-2021,160,CE,0,0,0,84.3,55.2,0,0,0,0,19-APR-2021,
OPTSTK,PETRONET,29-Apr-2021,165,CE,0,0,0,79.5,50.2,0,0,0,0,19-APR-2021,
OPTSTK,PETRONET,29-Apr-2021,170,CE,0,0,0,74.8,45.2,0,0,0,0,19-APR-2021,
OPTSTK,PETRONET,29-Apr-2021,175,CE,0,0,0,70.15,40.2,0,0,0,0,19-APR-2021,
OPTSTK,PETRONET,29-Apr-2021,180,CE,0,0,0,65.6,35.2,0,0,0,0,19-APR-2021,
OPTSTK,PETRONET,29-Apr-2021,185,CE,0,0,0,61.15,30.25,0,0,0,0,19-APR-2021,
OPTSTK,PETRONET,29-Apr-2021,190,CE,0,0,0,56.8,25.35,0,0,0,0,19-APR-2021,
OPTSTK,PETRONET,29-Apr-2021,195,CE,0,0,0,52.6,20.6,0,0,0,0,19-APR-2021,
OPTSTK,PETRONET,29-Apr-2021,200,CE,0,0,0,21.2,16.1,0,0,21000,0,19-APR-2021,
OPTSTK,PETRONET,29-Apr-2021,205,CE,0,0,0,44.65,12.05,0,0,0,0,19-APR-2021,
OPTSTK,PETRONET,29-Apr-2021,210,CE,9.05,9.9,7.5,8,8.55,9,59.04,21000,3000,19-APR-2021,
OPTSTK,PETRONET,29-Apr-2021,215,CE,6.5,6.5,4.05,4.35,4.35,32,211.17,66000,63000,19-APR-2021,
OPTSTK,PETRONET,29-Apr-2021,220,CE,3.3,3.85,2.45,2.6,2.6,182,1216.8,390000,186000,19-APR-2021,
OPTSTK,PETRONET,29-Apr-2021,225,CE,2,2.3,1.35,1.5,1.5,236,1605.21,330000,-3000,19-APR-2021,
OPTSTK,PETRONET,29-Apr-2021,230,CE,1.1,1.35,0.8,0.95,0.95,219,1518.1,1155000,18000,19-APR-2021,
OPTSTK,PETRONET,29-Apr-2021,235,CE,0.55,0.8,0.5,0.6,0.65,59,417.09,243000,-36000,19-APR-2021,
OPTSTK,PETRONET,29-Apr-2021,240,CE,0.4,0.4,0.3,0.4,0.4,68,490.29,738000,-66000,19-APR-2021,
OPTSTK,PETRONET,29-Apr-2021,245,CE,0.3,0.4,0.2,0.25,0.25,11,80.94,99000,-15000,19-APR-2021,
OPTSTK,PETRONET,29-Apr-2021,250,CE,0.25,0.25,0.15,0.2,0.2,53,397.8,1065000,-102000,19-APR-2021,
OPTSTK,PETRONET,29-Apr-2021,255,CE,0.1,0.1,0.1,0.1,0.05,1,7.65,21000,-3000,19-APR-2021,
OPTSTK,PETRONET,29-Apr-2021,260,CE,0.1,0.15,0.1,0.15,0.05,10,78.04,285000,-21000,19-APR-2021,
OPTSTK,PETRONET,29-Apr-2021,265,CE,0,0,0,12.75,0,0,0,0,0,19-APR-2021,
OPTSTK,PETRONET,29-Apr-2021,270,CE,0.15,0.15,0.15,0.15,0,3,24.31,75000,-9000,19-APR-2021,
OPTSTK,PETRONET,29-Apr-2021,275,CE,0,0,0,2.15,0,0,0,6000,0,19-APR-2021,
OPTSTK,PETRONET,29-Apr-2021,280,CE,0.1,0.1,0.1,0.1,0,1,8.4,69000,-3000,19-APR-2021,
OPTSTK,PETRONET,29-Apr-2021,285,CE,0,0,0,7.65,0,0,0,0,0,19-APR-2021,
OPTSTK,PETRONET,29-Apr-2021,290,CE,0,0,0,0.05,0,0,0,30000,0,19-APR-2021,
OPTSTK,PETRONET,29-Apr-2021,295,CE,0,0,0,5.85,0,0,0,0,0,19-APR-2021,
OPTSTK,PETRONET,29-Apr-2021,300,CE,0,0,0,2.75,0,0,0,12000,0,19-APR-2021,
OPTSTK,PETRONET,29-Apr-2021,305,CE,0,0,0,4.45,0,0,0,0,0,19-APR-2021,
OPTSTK,PETRONET,29-Apr-2021,310,CE,0,0,0,3.85,0,0,0,0,0,19-APR-2021,
OPTSTK,PETRONET,29-Apr-2021,315,CE,0,0,0,3.35,0,0,0,0,0,19-APR-2021,
OPTSTK,PETRONET,29-Apr-2021,320,CE,0,0,0,2.9,0,0,0,0,0,19-APR-2021,
OPTSTK,PETRONET,29-Apr-2021,325,CE,0,0,0,2.5,0,0,0,0,0,19-APR-2021,
OPTSTK,PETRONET,29-Apr-2021,155,PE,0,0,0,0.25,0,0,0,0,0,19-APR-2021,
OPTSTK,PETRONET,29-Apr-2021,160,PE,0,0,0,0.35,0,0,0,0,0,19-APR-2021,
OPTSTK,PETRONET,29-Apr-2021,165,PE,0,0,0,0.55,0,0,0,0,0,19-APR-2021,
OPTSTK,PETRONET,29-Apr-2021,170,PE,0,0,0,2.9,0,0,0,3000,0,19-APR-2021,
OPTSTK,PETRONET,29-Apr-2021,175,PE,0,0,0,1.05,0,0,0,0,0,19-APR-2021,
OPTSTK,PETRONET,29-Apr-2021,180,PE,0,0,0,1.45,0.05,0,0,0,0,19-APR-2021,
OPTSTK,PETRONET,29-Apr-2021,185,PE,0,0,0,1.95,0.05,0,0,0,0,19-APR-2021,
OPTSTK,PETRONET,29-Apr-2021,190,PE,0.2,0.45,0.2,0.45,0.45,8,45.67,21000,3000,19-APR-2021,
OPTSTK,PETRONET,29-Apr-2021,195,PE,0,0,0,3.35,0.4,0,0,0,0,19-APR-2021,
OPTSTK,PETRONET,29-Apr-2021,200,PE,1.15,1.45,0.6,0.7,0.7,120,722.98,531000,72000,19-APR-2021,
OPTSTK,PETRONET,29-Apr-2021,205,PE,1.25,1.65,0.5,1,1,6,37.1,30000,0,19-APR-2021,
OPTSTK,PETRONET,29-Apr-2021,210,PE,1.65,2.5,1.65,2.15,2.15,331,2107.53,384000,-276000,19-APR-2021,
OPTSTK,PETRONET,29-Apr-2021,215,PE,3.3,4.85,3.3,3.8,3.8,91,597.8,219000,-12000,19-APR-2021,
OPTSTK,PETRONET,29-Apr-2021,220,PE,5.5,7.4,5.5,6.75,6.75,83,564.36,657000,-15000,19-APR-2021,
OPTSTK,PETRONET,29-Apr-2021,225,PE,10.05,11.35,9.95,10.1,11.95,9,63.58,231000,-9000,19-APR-2021,
OPTSTK,PETRONET,29-Apr-2021,230,PE,13.85,15.8,13.4,15.2,15.2,8,58.71,426000,6000,19-APR-2021,
OPTSTK,PETRONET,29-Apr-2021,235,PE,19.4,19.4,19.4,19.4,20.4,1,7.63,27000,0,19-APR-2021,
OPTSTK,PETRONET,29-Apr-2021,240,PE,25.3,25.35,25.3,25.35,25.1,2,15.91,126000,-6000,19-APR-2021,
OPTSTK,PETRONET,29-Apr-2021,245,PE,29.7,29.7,29.6,29.6,29.6,2,16.47,15000,0,19-APR-2021,
OPTSTK,PETRONET,29-Apr-2021,250,PE,34,34,34,34,34.85,1,8.52,105000,0,19-APR-2021,
OPTSTK,PETRONET,29-Apr-2021,255,PE,0,0,0,26.4,39.8,0,0,0,0,19-APR-2021,
OPTSTK,PETRONET,29-Apr-2021,260,PE,0,0,0,29.55,44.75,0,0,0,0,19-APR-2021,
OPTSTK,PETRONET,29-Apr-2021,265,PE,0,0,0,32.85,49.75,0,0,0,0,19-APR-2021,
OPTSTK,PETRONET,29-Apr-2021,270,PE,0,0,0,36.3,54.75,0,0,0,0,19-APR-2021,
OPTSTK,PETRONET,29-Apr-2021,275,PE,0,0,0,39.95,59.75,0,0,0,0,19-APR-2021,
OPTSTK,PETRONET,29-Apr-2021,280,PE,0,0,0,43.7,64.75,0,0,0,0,19-APR-2021,
OPTSTK,PETRONET,29-Apr-2021,285,PE,0,0,0,47.6,69.75,0,0,0,0,19-APR-2021,
OPTSTK,PETRONET,29-Apr-2021,290,PE,0,0,0,51.6,74.75,0,0,0,0,19-APR-2021,
OPTSTK,PETRONET,29-Apr-2021,295,PE,0,0,0,55.7,79.75,0,0,0,0,19-APR-2021,
OPTSTK,PETRONET,29-Apr-2021,300,PE,0,0,0,59.9,84.7,0,0,0,0,19-APR-2021,
OPTSTK,PETRONET,29-Apr-2021,305,PE,0,0,0,64.15,89.7,0,0,0,0,19-APR-2021,
OPTSTK,PETRONET,29-Apr-2021,310,PE,0,0,0,68.55,94.7,0,0,0,0,19-APR-2021,
OPTSTK,PETRONET,29-Apr-2021,315,PE,0,0,0,72.95,99.7,0,0,0,0,19-APR-2021,
OPTSTK,PETRONET,29-Apr-2021,320,PE,0,0,0,77.5,104.7,0,0,0,0,19-APR-2021,
OPTSTK,PETRONET,29-Apr-2021,325,PE,0,0,0,82.05,109.7,0,0,0,0,19-APR-2021,
OPTSTK,PETRONET,27-May-2021,155,CE,0,0,0,105.25,60.65,0,0,0,0,19-APR-2021,
OPTSTK,PETRONET,27-May-2021,160,CE,0,0,0,100.35,55.7,0,0,0,0,19-APR-2021,
OPTSTK,PETRONET,27-May-2021,165,CE,0,0,0,95.45,50.8,0,0,0,0,19-APR-2021,
OPTSTK,PETRONET,27-May-2021,170,CE,0,0,0,90.6,46,0,0,0,0,19-APR-2021,
OPTSTK,PETRONET,27-May-2021,175,CE,0,0,0,85.8,41.25,0,0,0,0,19-APR-2021,
OPTSTK,PETRONET,27-May-2021,180,CE,0,0,0,81,36.6,0,0,0,0,19-APR-2021,
OPTSTK,PETRONET,27-May-2021,185,CE,0,0,0,76.3,32.15,0,0,0,0,19-APR-2021,
OPTSTK,PETRONET,27-May-2021,190,CE,0,0,0,71.7,27.9,0,0,0,0,19-APR-2021,
OPTSTK,PETRONET,27-May-2021,195,CE,0,0,0,67.15,23.95,0,0,0,0,19-APR-2021,
OPTSTK,PETRONET,27-May-2021,200,CE,20,20,20,20,20.3,1,6.6,3000,3000,19-APR-2021,
OPTSTK,PETRONET,27-May-2021,205,CE,0,0,0,58.4,16.95,0,0,0,0,19-APR-2021,
OPTSTK,PETRONET,27-May-2021,210,CE,0,0,0,54.25,14,0,0,0,0,19-APR-2021,
OPTSTK,PETRONET,27-May-2021,215,CE,0,0,0,50.2,11.4,0,0,0,0,19-APR-2021,
OPTSTK,PETRONET,27-May-2021,220,CE,6.5,6.5,6.5,6.5,9.15,1,6.79,3000,3000,19-APR-2021,
OPTSTK,PETRONET,27-May-2021,225,CE,3.55,6,3.55,6,7.25,3,20.67,6000,6000,19-APR-2021,
OPTSTK,PETRONET,27-May-2021,230,CE,3.05,3.5,3.05,3.5,3.5,3,20.99,6000,6000,19-APR-2021,
OPTSTK,PETRONET,27-May-2021,235,CE,0,0,0,35.7,4.35,0,0,0,0,19-APR-2021,
OPTSTK,PETRONET,27-May-2021,240,CE,3.05,3.05,1.5,2.65,2.65,17,123.69,54000,45000,19-APR-2021,
OPTSTK,PETRONET,27-May-2021,245,CE,0,0,0,29.55,2.5,0,0,0,0,19-APR-2021,
OPTSTK,PETRONET,27-May-2021,250,CE,0,0,0,26.8,1.85,0,0,0,0,19-APR-2021,
OPTSTK,PETRONET,27-May-2021,255,CE,0,0,0,24.2,1.35,0,0,0,0,19-APR-2021,
OPTSTK,PETRONET,27-May-2021,260,CE,0,0,0,21.8,1,0,0,0,0,19-APR-2021,
OPTSTK,PETRONET,27-May-2021,265,CE,0,0,0,1.05,0.7,0,0,0,0,19-APR-2021,
OPTSTK,PETRONET,27-May-2021,270,CE,0,0,0,17.5,0.5,0,0,0,0,19-APR-2021,
OPTSTK,PETRONET,27-May-2021,275,CE,0,0,0,15.65,0.35,0,0,0,0,19-APR-2021,
OPTSTK,PETRONET,27-May-2021,280,CE,0,0,0,13.9,0.25,0,0,0,0,19-APR-2021,
OPTSTK,PETRONET,27-May-2021,285,CE,0,0,0,12.35,0.2,0,0,0,0,19-APR-2021,
OPTSTK,PETRONET,27-May-2021,290,CE,0,0,0,10.95,0.15,0,0,0,0,19-APR-2021,
OPTSTK,PETRONET,27-May-2021,295,CE,0,0,0,9.7,0.1,0,0,0,0,19-APR-2021,
OPTSTK,PETRONET,27-May-2021,300,CE,0,0,0,8.55,0.05,0,0,0,0,19-APR-2021,
OPTSTK,PETRONET,27-May-2021,305,CE,0,0,0,7.55,0.05,0,0,0,0,19-APR-2021,
OPTSTK,PETRONET,27-May-2021,310,CE,0,0,0,6.6,0.05,0,0,0,0,19-APR-2021,
OPTSTK,PETRONET,27-May-2021,315,CE,0,0,0,5.8,0.05,0,0,0,0,19-APR-2021,
OPTSTK,PETRONET,27-May-2021,320,CE,0,0,0,5.05,0.05,0,0,0,0,19-APR-2021,
OPTSTK,PETRONET,27-May-2021,325,CE,0,0,0,4.4,0.05,0,0,0,0,19-APR-2021,
OPTSTK,PETRONET,27-May-2021,155,PE,0,0,0,0.1,0.05,0,0,0,0,19-APR-2021,
OPTSTK,PETRONET,27-May-2021,160,PE,0,0,0,0.15,0.1,0,0,0,0,19-APR-2021,
OPTSTK,PETRONET,27-May-2021,165,PE,0,0,0,0.2,0.2,0,0,0,0,19-APR-2021,
OPTSTK,PETRONET,27-May-2021,170,PE,0,0,0,0.3,0.3,0,0,0,0,19-APR-2021,
OPTSTK,PETRONET,27-May-2021,175,PE,0,0,0,0.45,0.55,0,0,0,0,19-APR-2021,
OPTSTK,PETRONET,27-May-2021,180,PE,0,0,0,0.65,0.9,0,0,0,0,19-APR-2021,
OPTSTK,PETRONET,27-May-2021,185,PE,0,0,0,0.9,1.45,0,0,0,0,19-APR-2021,
OPTSTK,PETRONET,27-May-2021,190,PE,0,0,0,1.05,2.2,0,0,3000,0,19-APR-2021,
OPTSTK,PETRONET,27-May-2021,195,PE,0,0,0,1.65,3.2,0,0,0,0,19-APR-2021,
OPTSTK,PETRONET,27-May-2021,200,PE,2.85,2.85,2.2,2.2,2.2,2,12.15,12000,6000,19-APR-2021,
OPTSTK,PETRONET,27-May-2021,205,PE,0,0,0,2.8,6.15,0,0,0,0,19-APR-2021,
OPTSTK,PETRONET,27-May-2021,210,PE,0,0,0,3.6,8.15,0,0,0,0,19-APR-2021,
OPTSTK,PETRONET,27-May-2021,215,PE,0,0,0,4.5,10.55,0,0,0,0,19-APR-2021,
OPTSTK,PETRONET,27-May-2021,220,PE,8.5,10.65,8.5,10.65,13.3,7,48.26,153000,9000,19-APR-2021,
OPTSTK,PETRONET,27-May-2021,225,PE,0,0,0,6.85,16.35,0,0,0,0,19-APR-2021,
OPTSTK,PETRONET,27-May-2021,230,PE,0,0,0,8,19.75,0,0,30000,0,19-APR-2021,
OPTSTK,PETRONET,27-May-2021,235,PE,0,0,0,9.8,23.45,0,0,0,0,19-APR-2021,
OPTSTK,PETRONET,27-May-2021,240,PE,0,0,0,11.6,27.4,0,0,0,0,19-APR-2021,
OPTSTK,PETRONET,27-May-2021,245,PE,0,0,0,13.6,31.55,0,0,0,0,19-APR-2021,
OPTSTK,PETRONET,27-May-2021,250,PE,0,0,0,15.75,35.9,0,0,0,0,19-APR-2021,
OPTSTK,PETRONET,27-May-2021,255,PE,0,0,0,18.1,40.4,0,0,0,0,19-APR-2021,
OPTSTK,PETRONET,27-May-2021,260,PE,0,0,0,20.65,45,0,0,0,0,19-APR-2021,
OPTSTK,PETRONET,27-May-2021,265,PE,0,0,0,23.4,49.7,0,0,0,0,19-APR-2021,
OPTSTK,PETRONET,27-May-2021,270,PE,0,0,0,26.3,54.45,0,0,0,0,19-APR-2021,
OPTSTK,PETRONET,27-May-2021,275,PE,0,0,0,29.35,59.3,0,0,0,0,19-APR-2021,
OPTSTK,PETRONET,27-May-2021,280,PE,0,0,0,32.6,64.15,0,0,0,0,19-APR-2021,
OPTSTK,PETRONET,27-May-2021,285,PE,0,0,0,36,69.1,0,0,0,0,19-APR-2021,
OPTSTK,PETRONET,27-May-2021,290,PE,0,0,0,39.55,74,0,0,0,0,19-APR-2021,
OPTSTK,PETRONET,27-May-2021,295,PE,0,0,0,43.25,78.95,0,0,0,0,19-APR-2021,
OPTSTK,PETRONET,27-May-2021,300,PE,0,0,0,47.05,83.9,0,0,0,0,19-APR-2021,
OPTSTK,PETRONET,27-May-2021,305,PE,0,0,0,51,88.85,0,0,0,0,19-APR-2021,
OPTSTK,PETRONET,27-May-2021,310,PE,0,0,0,55,93.85,0,0,0,0,19-APR-2021,
OPTSTK,PETRONET,27-May-2021,315,PE,0,0,0,59.15,98.8,0,0,0,0,19-APR-2021,
OPTSTK,PETRONET,27-May-2021,320,PE,0,0,0,63.4,103.8,0,0,0,0,19-APR-2021,
OPTSTK,PETRONET,27-May-2021,325,PE,0,0,0,67.7,108.75,0,0,0,0,19-APR-2021,
OPTSTK,PETRONET,24-Jun-2021,155,CE,0,0,0,67.75,61.35,0,0,0,0,19-APR-2021,
OPTSTK,PETRONET,24-Jun-2021,160,CE,0,0,0,63.05,56.55,0,0,0,0,19-APR-2021,
OPTSTK,PETRONET,24-Jun-2021,165,CE,0,0,0,58.45,51.85,0,0,0,0,19-APR-2021,
OPTSTK,PETRONET,24-Jun-2021,170,CE,0,0,0,53.95,47.25,0,0,0,0,19-APR-2021,
OPTSTK,PETRONET,24-Jun-2021,175,CE,0,0,0,49.6,42.8,0,0,0,0,19-APR-2021,
OPTSTK,PETRONET,24-Jun-2021,180,CE,0,0,0,45.45,38.55,0,0,0,0,19-APR-2021,
OPTSTK,PETRONET,24-Jun-2021,185,CE,0,0,0,41.4,34.45,0,0,0,0,19-APR-2021,
OPTSTK,PETRONET,24-Jun-2021,190,CE,0,0,0,37.55,30.55,0,0,0,0,19-APR-2021,
OPTSTK,PETRONET,24-Jun-2021,195,CE,0,0,0,33.95,26.95,0,0,0,0,19-APR-2021,
OPTSTK,PETRONET,24-Jun-2021,200,CE,0,0,0,30.5,23.6,0,0,0,0,19-APR-2021,
OPTSTK,PETRONET,24-Jun-2021,205,CE,0,0,0,27.3,20.5,0,0,0,0,19-APR-2021,
OPTSTK,PETRONET,24-Jun-2021,210,CE,0,0,0,24.35,17.7,0,0,0,0,19-APR-2021,
OPTSTK,PETRONET,24-Jun-2021,215,CE,0,0,0,21.6,15.15,0,0,0,0,19-APR-2021,
OPTSTK,PETRONET,24-Jun-2021,220,CE,0,0,0,19.1,12.9,0,0,0,0,19-APR-2021,
OPTSTK,PETRONET,24-Jun-2021,225,CE,0,0,0,16.8,10.9,0,0,0,0,19-APR-2021,
OPTSTK,PETRONET,24-Jun-2021,230,CE,0,0,0,14.7,9.15,0,0,0,0,19-APR-2021,
OPTSTK,PETRONET,24-Jun-2021,235,CE,0,0,0,12.85,7.6,0,0,0,0,19-APR-2021,
OPTSTK,PETRONET,24-Jun-2021,240,CE,0,0,0,11.15,6.3,0,0,0,0,19-APR-2021,
OPTSTK,PETRONET,24-Jun-2021,245,CE,0,0,0,9.65,5.2,0,0,0,0,19-APR-2021,
OPTSTK,PETRONET,24-Jun-2021,250,CE,0,0,0,8.35,4.25,0,0,0,0,19-APR-2021,
OPTSTK,PETRONET,24-Jun-2021,255,CE,0,0,0,7.2,3.45,0,0,0,0,19-APR-2021,
OPTSTK,PETRONET,24-Jun-2021,260,CE,0,0,0,6.15,2.8,0,0,0,0,19-APR-2021,
OPTSTK,PETRONET,24-Jun-2021,265,CE,0,0,0,5.25,2.25,0,0,0,0,19-APR-2021,
OPTSTK,PETRONET,24-Jun-2021,270,CE,0,0,0,4.5,1.8,0,0,0,0,19-APR-2021,
OPTSTK,PETRONET,24-Jun-2021,275,CE,0,0,0,3.8,1.45,0,0,0,0,19-APR-2021,
OPTSTK,PETRONET,24-Jun-2021,280,CE,0,0,0,3.25,1.15,0,0,0,0,19-APR-2021,
OPTSTK,PETRONET,24-Jun-2021,285,CE,0,0,0,2.75,0.9,0,0,0,0,19-APR-2021,
OPTSTK,PETRONET,24-Jun-2021,290,CE,0,0,0,2.3,0.7,0,0,0,0,19-APR-2021,
OPTSTK,PETRONET,24-Jun-2021,295,CE,0,0,0,1.95,0.55,0,0,0,0,19-APR-2021,
OPTSTK,PETRONET,24-Jun-2021,300,CE,0,0,0,1.65,0.45,0,0,0,0,19-APR-2021,
OPTSTK,PETRONET,24-Jun-2021,305,CE,0,0,0,1.35,0.35,0,0,0,0,19-APR-2021,
OPTSTK,PETRONET,24-Jun-2021,310,CE,0,0,0,1.15,0.3,0,0,0,0,19-APR-2021,
OPTSTK,PETRONET,24-Jun-2021,315,CE,0,0,0,0.95,0.2,0,0,0,0,19-APR-2021,
OPTSTK,PETRONET,24-Jun-2021,320,CE,0,0,0,0.8,0.15,0,0,0,0,19-APR-2021,
OPTSTK,PETRONET,24-Jun-2021,155,PE,0,0,0,0.55,0.3,0,0,0,0,19-APR-2021,
OPTSTK,PETRONET,24-Jun-2021,160,PE,0,0,0,0.8,0.45,0,0,0,0,19-APR-2021,
OPTSTK,PETRONET,24-Jun-2021,165,PE,0,0,0,1.15,0.75,0,0,0,0,19-APR-2021,
OPTSTK,PETRONET,24-Jun-2021,170,PE,0,0,0,1.65,1.1,0,0,0,0,19-APR-2021,
OPTSTK,PETRONET,24-Jun-2021,175,PE,0,0,0,2.25,1.65,0,0,0,0,19-APR-2021,
OPTSTK,PETRONET,24-Jun-2021,180,PE,0,0,0,3,2.3,0,0,0,0,19-APR-2021,
OPTSTK,PETRONET,24-Jun-2021,185,PE,0,0,0,3.95,3.2,0,0,0,0,19-APR-2021,
OPTSTK,PETRONET,24-Jun-2021,190,PE,0,0,0,5.05,4.3,0,0,0,0,19-APR-2021,
OPTSTK,PETRONET,24-Jun-2021,195,PE,0,0,0,6.35,5.65,0,0,0,0,19-APR-2021,
OPTSTK,PETRONET,24-Jun-2021,200,PE,0,0,0,7.9,7.25,0,0,0,0,19-APR-2021,
OPTSTK,PETRONET,24-Jun-2021,205,PE,0,0,0,9.65,9.1,0,0,0,0,19-APR-2021,
OPTSTK,PETRONET,24-Jun-2021,210,PE,0,0,0,11.65,11.25,0,0,0,0,19-APR-2021,
OPTSTK,PETRONET,24-Jun-2021,215,PE,0,0,0,13.85,13.7,0,0,0,0,19-APR-2021,
OPTSTK,PETRONET,24-Jun-2021,220,PE,0,0,0,16.3,16.4,0,0,0,0,19-APR-2021,
OPTSTK,PETRONET,24-Jun-2021,225,PE,0,0,0,18.95,19.35,0,0,0,0,19-APR-2021,
OPTSTK,PETRONET,24-Jun-2021,230,PE,0,0,0,21.8,22.6,0,0,0,0,19-APR-2021,
OPTSTK,PETRONET,24-Jun-2021,235,PE,0,0,0,24.9,26.05,0,0,0,0,19-APR-2021,
OPTSTK,PETRONET,24-Jun-2021,240,PE,0,0,0,28.2,29.7,0,0,0,0,19-APR-2021,
OPTSTK,PETRONET,24-Jun-2021,245,PE,0,0,0,31.65,33.55,0,0,0,0,19-APR-2021,
OPTSTK,PETRONET,24-Jun-2021,250,PE,0,0,0,35.3,37.55,0,0,0,0,19-APR-2021,
OPTSTK,PETRONET,24-Jun-2021,255,PE,0,0,0,39.05,41.75,0,0,0,0,19-APR-2021,
OPTSTK,PETRONET,24-Jun-2021,260,PE,0,0,0,43,46.05,0,0,0,0,19-APR-2021,
OPTSTK,PETRONET,24-Jun-2021,265,PE,0,0,0,47.05,50.5,0,0,0,0,19-APR-2021,
OPTSTK,PETRONET,24-Jun-2021,270,PE,0,0,0,51.2,55,0,0,0,0,19-APR-2021,
OPTSTK,PETRONET,24-Jun-2021,275,PE,0,0,0,55.5,59.6,0,0,0,0,19-APR-2021,
OPTSTK,PETRONET,24-Jun-2021,280,PE,0,0,0,59.9,64.25,0,0,0,0,19-APR-2021,
OPTSTK,PETRONET,24-Jun-2021,285,PE,0,0,0,64.35,69,0,0,0,0,19-APR-2021,
OPTSTK,PETRONET,24-Jun-2021,290,PE,0,0,0,68.85,73.75,0,0,0,0,19-APR-2021,
OPTSTK,PETRONET,24-Jun-2021,295,PE,0,0,0,73.45,78.6,0,0,0,0,19-APR-2021,
OPTSTK,PETRONET,24-Jun-2021,300,PE,0,0,0,78.1,83.4,0,0,0,0,19-APR-2021,
OPTSTK,PETRONET,24-Jun-2021,305,PE,0,0,0,82.75,88.3,0,0,0,0,19-APR-2021,
OPTSTK,PETRONET,24-Jun-2021,310,PE,0,0,0,87.5,93.2,0,0,0,0,19-APR-2021,
OPTSTK,PETRONET,24-Jun-2021,315,PE,0,0,0,92.25,98.1,0,0,0,0,19-APR-2021,
OPTSTK,PETRONET,24-Jun-2021,320,PE,0,0,0,97.05,103,0,0,0,0,19-APR-2021,
OPTSTK,PFC,29-Apr-2021,62,CE,0,0,0,41.05,43.2,0,0,0,0,19-APR-2021,
OPTSTK,PFC,29-Apr-2021,64.5,CE,0,0,0,38.7,40.7,0,0,0,0,19-APR-2021,
OPTSTK,PFC,29-Apr-2021,67,CE,0,0,0,36.4,38.2,0,0,0,0,19-APR-2021,
OPTSTK,PFC,29-Apr-2021,69.5,CE,0,0,0,34.1,35.7,0,0,0,0,19-APR-2021,
OPTSTK,PFC,29-Apr-2021,72,CE,0,0,0,31.9,33.2,0,0,0,0,19-APR-2021,
OPTSTK,PFC,29-Apr-2021,74.5,CE,0,0,0,29.75,30.7,0,0,0,0,19-APR-2021,
OPTSTK,PFC,29-Apr-2021,77,CE,0,0,0,27.7,28.2,0,0,0,0,19-APR-2021,
OPTSTK,PFC,29-Apr-2021,77.5,CE,0,0,0,46.35,27.7,0,0,0,0,19-APR-2021,
OPTSTK,PFC,29-Apr-2021,79.5,CE,0,0,0,25.65,25.7,0,0,0,0,19-APR-2021,
OPTSTK,PFC,29-Apr-2021,80,CE,0,0,0,43.85,25.2,0,0,0,0,19-APR-2021,
OPTSTK,PFC,29-Apr-2021,82,CE,0,0,0,34,23.2,0,0,12400,0,19-APR-2021,
OPTSTK,PFC,29-Apr-2021,82.5,CE,0,0,0,41.4,22.7,0,0,0,0,19-APR-2021,
OPTSTK,PFC,29-Apr-2021,84.5,CE,0,0,0,21.9,20.7,0,0,0,0,19-APR-2021,
OPTSTK,PFC,29-Apr-2021,85,CE,0,0,0,38.9,20.2,0,0,0,0,19-APR-2021,
OPTSTK,PFC,29-Apr-2021,87,CE,0,0,0,20.15,18.25,0,0,0,0,19-APR-2021,
OPTSTK,PFC,29-Apr-2021,87.5,CE,0,0,0,36.5,17.75,0,0,0,0,19-APR-2021,
OPTSTK,PFC,29-Apr-2021,89.5,CE,0,0,0,18.45,15.8,0,0,0,0,19-APR-2021,
OPTSTK,PFC,29-Apr-2021,90,CE,0,0,0,34.05,15.3,0,0,0,0,19-APR-2021,
OPTSTK,PFC,29-Apr-2021,92,CE,0,0,0,16.9,13.4,0,0,0,0,19-APR-2021,
OPTSTK,PFC,29-Apr-2021,92.5,CE,0,0,0,31.65,12.95,0,0,0,0,19-APR-2021,
OPTSTK,PFC,29-Apr-2021,94.5,CE,0,0,0,15.4,11.1,0,0,0,0,19-APR-2021,
OPTSTK,PFC,29-Apr-2021,95,CE,0,0,0,29.3,10.7,0,0,0,0,19-APR-2021,
OPTSTK,PFC,29-Apr-2021,97,CE,0,0,0,14.05,9,0,0,0,0,19-APR-2021,
OPTSTK,PFC,29-Apr-2021,97.5,CE,0,0,0,27,8.6,0,0,0,0,19-APR-2021,
OPTSTK,PFC,29-Apr-2021,99.5,CE,0,0,0,12.75,7.05,0,0,0,0,19-APR-2021,
OPTSTK,PFC,29-Apr-2021,100,CE,5.8,5.95,5.8,5.9,6.7,4,26.26,24800,6200,19-APR-2021,
OPTSTK,PFC,29-Apr-2021,102,CE,0,0,0,11.55,5.35,0,0,0,0,19-APR-2021,
OPTSTK,PFC,29-Apr-2021,102.5,CE,0,0,0,22.55,5.05,0,0,0,0,19-APR-2021,
OPTSTK,PFC,29-Apr-2021,104.5,CE,0,0,0,10.45,3.9,0,0,0,0,19-APR-2021,
OPTSTK,PFC,29-Apr-2021,105,CE,2.9,3.3,2.4,2.7,2.7,160,1069.54,341000,155000,19-APR-2021,
OPTSTK,PFC,29-Apr-2021,107,CE,0,0,0,9.4,2.75,0,0,0,0,19-APR-2021,
OPTSTK,PFC,29-Apr-2021,107.5,CE,2.2,2.2,1.55,1.65,1.65,41,277.72,117800,86800,19-APR-2021,
OPTSTK,PFC,29-Apr-2021,109.5,CE,1.65,1.65,1.1,1.15,1.15,18,123.59,74400,31000,19-APR-2021,
OPTSTK,PFC,29-Apr-2021,110,CE,1.15,1.7,0.95,1.05,1.05,401,2762.61,1680200,502200,19-APR-2021,
OPTSTK,PFC,29-Apr-2021,112,CE,0.4,1.05,0.4,0.7,0.7,63,440.37,620000,130200,19-APR-2021,
OPTSTK,PFC,29-Apr-2021,112.5,CE,0.8,0.8,0.6,0.65,0.65,31,217.55,297600,80600,19-APR-2021,
OPTSTK,PFC,29-Apr-2021,114.5,CE,1,1.7,0.45,0.45,0.45,28,199.77,272800,49600,19-APR-2021,
OPTSTK,PFC,29-Apr-2021,115,CE,0.5,0.75,0.45,0.5,0.5,309,2213.26,2163800,-31000,19-APR-2021,
OPTSTK,PFC,29-Apr-2021,117,CE,0.7,0.7,0.3,0.35,0.35,34,247.46,613800,-111600,19-APR-2021,
OPTSTK,PFC,29-Apr-2021,117.5,CE,0.2,0.45,0.2,0.3,0.3,47,343.43,316200,-167400,19-APR-2021,
OPTSTK,PFC,29-Apr-2021,119.5,CE,0,0,0,5.45,0.3,0,0,0,0,19-APR-2021,
OPTSTK,PFC,29-Apr-2021,120,CE,0.3,0.45,0.25,0.3,0.3,124,924.93,2889200,-31000,19-APR-2021,
OPTSTK,PFC,29-Apr-2021,122,CE,0.1,0.3,0.1,0.25,0.15,20,151.54,421600,-49600,19-APR-2021,
OPTSTK,PFC,29-Apr-2021,122.5,CE,0.3,0.3,0.3,0.3,0.15,1,7.61,186000,0,19-APR-2021,
OPTSTK,PFC,29-Apr-2021,124.5,CE,0,0,0,0.4,0.1,0,0,12400,0,19-APR-2021,
OPTSTK,PFC,29-Apr-2021,125,CE,0.25,0.25,0.15,0.15,0.15,50,388.13,1481800,-111600,19-APR-2021,
OPTSTK,PFC,29-Apr-2021,127,CE,0.15,0.2,0.1,0.2,0.05,11,86.73,359600,-62000,19-APR-2021,
OPTSTK,PFC,29-Apr-2021,127.5,CE,0,0,0,0.35,0.05,0,0,43400,0,19-APR-2021,
OPTSTK,PFC,29-Apr-2021,129.5,CE,0.05,0.1,0.05,0.1,0.05,2,16.06,24800,-6200,19-APR-2021,
OPTSTK,PFC,29-Apr-2021,130,CE,0.2,0.2,0.1,0.15,0.15,43,346.92,1078800,-68200,19-APR-2021,
OPTSTK,PFC,29-Apr-2021,132,CE,0.1,0.1,0.05,0.1,0.05,13,106.46,688200,-68200,19-APR-2021,
OPTSTK,PFC,29-Apr-2021,132.5,CE,0,0,0,4.85,0.05,0,0,0,0,19-APR-2021,
OPTSTK,PFC,29-Apr-2021,134.5,CE,0,0,0,2.7,0.05,0,0,0,0,19-APR-2021,
OPTSTK,PFC,29-Apr-2021,135,CE,0.1,0.1,0.1,0.1,0,3,25.12,322400,-12400,19-APR-2021,
OPTSTK,PFC,29-Apr-2021,137,CE,0,0,0,0.45,0,0,0,12400,0,19-APR-2021,
OPTSTK,PFC,29-Apr-2021,137.5,CE,0,0,0,0.95,0,0,0,0,0,19-APR-2021,
OPTSTK,PFC,29-Apr-2021,139.5,CE,0,0,0,0.2,0,0,0,86800,0,19-APR-2021,
OPTSTK,PFC,29-Apr-2021,140,CE,0.1,0.1,0.1,0.1,0,3,26.05,217000,-6200,19-APR-2021,
OPTSTK,PFC,29-Apr-2021,142,CE,0.1,0.1,0.05,0.05,0,8,70.45,322400,-49600,19-APR-2021,
OPTSTK,PFC,29-Apr-2021,142.5,CE,0,0,0,2.45,0,0,0,0,0,19-APR-2021,
OPTSTK,PFC,29-Apr-2021,144.5,CE,0,0,0,1.65,0,0,0,0,0,19-APR-2021,
OPTSTK,PFC,29-Apr-2021,145,CE,0,0,0,2.05,0,0,0,0,0,19-APR-2021,
OPTSTK,PFC,29-Apr-2021,147,CE,0.05,0.05,0.05,0.05,0,1,9.11,43400,-6200,19-APR-2021,
OPTSTK,PFC,29-Apr-2021,147.5,CE,0,0,0,1.7,0,0,0,0,0,19-APR-2021,
OPTSTK,PFC,29-Apr-2021,149.5,CE,0,0,0,1.25,0,0,0,0,0,19-APR-2021,
OPTSTK,PFC,29-Apr-2021,152,CE,0.1,0.1,0.05,0.05,0,4,37.71,204600,-24800,19-APR-2021,
OPTSTK,PFC,29-Apr-2021,154.5,CE,0,0,0,1.45,0,0,0,0,0,19-APR-2021,
OPTSTK,PFC,29-Apr-2021,157,CE,0,0,0,1.3,0,0,0,0,0,19-APR-2021,
OPTSTK,PFC,29-Apr-2021,62,PE,0,0,0,0.3,0,0,0,0,0,19-APR-2021,
OPTSTK,PFC,29-Apr-2021,64.5,PE,0,0,0,0.1,0,0,0,12400,0,19-APR-2021,
OPTSTK,PFC,29-Apr-2021,67,PE,0,0,0,0.1,0,0,0,43400,0,19-APR-2021,
OPTSTK,PFC,29-Apr-2021,69.5,PE,0.1,0.1,0.1,0.1,0,1,4.31,6200,6200,19-APR-2021,
OPTSTK,PFC,29-Apr-2021,72,PE,0,0,0,0.25,0,0,0,0,0,19-APR-2021,
OPTSTK,PFC,29-Apr-2021,74.5,PE,0,0,0,1.4,0,0,0,0,0,19-APR-2021,
OPTSTK,PFC,29-Apr-2021,77,PE,0,0,0,0.5,0,0,0,6200,0,19-APR-2021,
OPTSTK,PFC,29-Apr-2021,77.5,PE,0,0,0,0.05,0,0,0,0,0,19-APR-2021,
OPTSTK,PFC,29-Apr-2021,79.5,PE,0,0,0,0.15,0,0,0,0,0,19-APR-2021,
OPTSTK,PFC,29-Apr-2021,80,PE,0,0,0,0.05,0,0,0,0,0,19-APR-2021,
OPTSTK,PFC,29-Apr-2021,82,PE,0,0,0,0.15,0,0,0,0,0,19-APR-2021,
OPTSTK,PFC,29-Apr-2021,82.5,PE,0,0,0,0.05,0,0,0,0,0,19-APR-2021,
OPTSTK,PFC,29-Apr-2021,84.5,PE,0,0,0,0.2,0.05,0,0,12400,0,19-APR-2021,
OPTSTK,PFC,29-Apr-2021,85,PE,0,0,0,0.05,0.05,0,0,12400,0,19-APR-2021,
OPTSTK,PFC,29-Apr-2021,87,PE,0,0,0,0.15,0.05,0,0,0,0,19-APR-2021,
OPTSTK,PFC,29-Apr-2021,87.5,PE,0,0,0,0.15,0.05,0,0,0,0,19-APR-2021,
OPTSTK,PFC,29-Apr-2021,89.5,PE,0,0,0,4.95,0.1,0,0,0,0,19-APR-2021,
OPTSTK,PFC,29-Apr-2021,90,PE,0.1,0.1,0.1,0.1,0.1,3,16.75,74400,0,19-APR-2021,
OPTSTK,PFC,29-Apr-2021,92,PE,0,0,0,0.15,0.2,0,0,0,0,19-APR-2021,
OPTSTK,PFC,29-Apr-2021,92.5,PE,0,0,0,0.3,0.25,0,0,0,0,19-APR-2021,
OPTSTK,PFC,29-Apr-2021,94.5,PE,0,0,0,6.85,0.45,0,0,0,0,19-APR-2021,
OPTSTK,PFC,29-Apr-2021,95,PE,0.2,0.35,0.2,0.35,0.35,35,206.84,186000,18600,19-APR-2021,
OPTSTK,PFC,29-Apr-2021,97,PE,0.45,0.45,0.45,0.45,0.45,2,12.08,24800,-6200,19-APR-2021,
OPTSTK,PFC,29-Apr-2021,97.5,PE,0,0,0,0.6,0.9,0,0,6200,0,19-APR-2021,
OPTSTK,PFC,29-Apr-2021,99.5,PE,0,0,0,9.15,1.35,0,0,0,0,19-APR-2021,
OPTSTK,PFC,29-Apr-2021,100,PE,0.75,1.2,0.75,0.8,0.8,297,1856.95,812200,-210800,19-APR-2021,
OPTSTK,PFC,29-Apr-2021,102,PE,1,1.5,1,1.2,1.2,54,345.51,502200,12400,19-APR-2021,
OPTSTK,PFC,29-Apr-2021,102.5,PE,1.2,1.65,1.15,1.4,1.4,13,83.75,93000,0,19-APR-2021,
OPTSTK,PFC,29-Apr-2021,104.5,PE,0,0,0,11.8,3.2,0,0,0,0,19-APR-2021,
OPTSTK,PFC,29-Apr-2021,105,PE,1.95,2.9,1.9,2.35,2.35,335,2228.86,1054000,-49600,19-APR-2021,
OPTSTK,PFC,29-Apr-2021,107,PE,3.6,3.75,3.6,3.6,4.55,3,20.58,223200,-6200,19-APR-2021,
OPTSTK,PFC,29-Apr-2021,107.5,PE,4,4,3.3,4,4.85,38,261.59,136400,-80600,19-APR-2021,
OPTSTK,PFC,29-Apr-2021,109.5,PE,8.3,8.3,4.7,4.95,4.95,6,42.84,86800,-6200,19-APR-2021,
OPTSTK,PFC,29-Apr-2021,110,PE,5.8,6.5,5,5.65,5.65,44,315.53,1289600,-49600,19-APR-2021,
OPTSTK,PFC,29-Apr-2021,112,PE,7.55,8.05,6.75,8.05,8.05,5,36.98,601400,-12400,19-APR-2021,
OPTSTK,PFC,29-Apr-2021,112.5,PE,0,0,0,4.35,8.45,0,0,217000,0,19-APR-2021,
OPTSTK,PFC,29-Apr-2021,114.5,PE,11,11,8.95,9.75,10.1,4,30.81,117800,-18600,19-APR-2021,
OPTSTK,PFC,29-Apr-2021,115,PE,10,10.5,9.4,10.15,10.15,11,85.17,663400,-43400,19-APR-2021,
OPTSTK,PFC,29-Apr-2021,117,PE,15,15,11.6,11.6,11.6,3,24.34,725400,-12400,19-APR-2021,
OPTSTK,PFC,29-Apr-2021,117.5,PE,0,0,0,8.25,12.7,0,0,62000,0,19-APR-2021,
OPTSTK,PFC,29-Apr-2021,119.5,PE,0,0,0,21.65,14.55,0,0,0,0,19-APR-2021,
OPTSTK,PFC,29-Apr-2021,120,PE,14.55,14.55,14.55,14.55,15.05,1,8.34,589000,-6200,19-APR-2021,
OPTSTK,PFC,29-Apr-2021,122,PE,16.15,16.25,16.15,16.25,16.95,4,34.27,328600,-24800,19-APR-2021,
OPTSTK,PFC,29-Apr-2021,122.5,PE,17,17,16,16,17.45,2,17.23,6200,6200,19-APR-2021,
OPTSTK,PFC,29-Apr-2021,124.5,PE,0,0,0,25.5,19.4,0,0,0,0,19-APR-2021,
OPTSTK,PFC,29-Apr-2021,125,PE,0,0,0,8.7,19.85,0,0,0,0,19-APR-2021,
OPTSTK,PFC,29-Apr-2021,127,PE,0,0,0,12.25,21.85,0,0,62000,0,19-APR-2021,
OPTSTK,PFC,29-Apr-2021,127.5,PE,0,0,0,10.1,22.35,0,0,0,0,19-APR-2021,
OPTSTK,PFC,29-Apr-2021,129.5,PE,0,0,0,29.55,24.3,0,0,0,0,19-APR-2021,
OPTSTK,PFC,29-Apr-2021,130,PE,0,0,0,15.35,24.8,0,0,12400,0,19-APR-2021,
OPTSTK,PFC,29-Apr-2021,132,PE,0,0,0,31.65,26.8,0,0,0,0,19-APR-2021,
OPTSTK,PFC,29-Apr-2021,132.5,PE,0,0,0,13.3,27.3,0,0,0,0,19-APR-2021,
OPTSTK,PFC,29-Apr-2021,134.5,PE,0,0,0,33.75,29.3,0,0,0,0,19-APR-2021,
OPTSTK,PFC,29-Apr-2021,135,PE,0,0,0,15.05,29.8,0,0,0,0,19-APR-2021,
OPTSTK,PFC,29-Apr-2021,137,PE,0,0,0,35.95,31.8,0,0,0,0,19-APR-2021,
OPTSTK,PFC,29-Apr-2021,137.5,PE,0,0,0,16.95,32.3,0,0,0,0,19-APR-2021,
OPTSTK,PFC,29-Apr-2021,139.5,PE,0,0,0,38.15,34.3,0,0,0,0,19-APR-2021,
OPTSTK,PFC,29-Apr-2021,140,PE,0,0,0,25.2,34.8,0,0,6200,0,19-APR-2021,
OPTSTK,PFC,29-Apr-2021,142,PE,0,0,0,40.35,36.8,0,0,0,0,19-APR-2021,
OPTSTK,PFC,29-Apr-2021,142.5,PE,0,0,0,20.9,37.3,0,0,0,0,19-APR-2021,
OPTSTK,PFC,29-Apr-2021,144.5,PE,0,0,0,42.6,39.3,0,0,0,0,19-APR-2021,
OPTSTK,PFC,29-Apr-2021,145,PE,0,0,0,22.95,39.8,0,0,0,0,19-APR-2021,
OPTSTK,PFC,29-Apr-2021,147,PE,0,0,0,44.9,41.75,0,0,0,0,19-APR-2021,
OPTSTK,PFC,29-Apr-2021,147.5,PE,0,0,0,25.1,42.25,0,0,0,0,19-APR-2021,
OPTSTK,PFC,29-Apr-2021,149.5,PE,0,0,0,34,44.25,0,0,18600,0,19-APR-2021,
OPTSTK,PFC,29-Apr-2021,152,PE,0,0,0,49.55,46.75,0,0,0,0,19-APR-2021,
OPTSTK,PFC,29-Apr-2021,154.5,PE,0,0,0,46.1,49.25,0,0,0,0,19-APR-2021,
OPTSTK,PFC,29-Apr-2021,157,PE,0,0,0,48.4,51.75,0,0,0,0,19-APR-2021,
OPTSTK,PFC,27-May-2021,72,CE,0,0,0,50.75,33.45,0,0,0,0,19-APR-2021,
OPTSTK,PFC,27-May-2021,74.5,CE,0,0,0,48.4,31,0,0,0,0,19-APR-2021,
OPTSTK,PFC,27-May-2021,77,CE,0,0,0,46.05,28.6,0,0,0,0,19-APR-2021,
OPTSTK,PFC,27-May-2021,77.5,CE,0,0,0,46.65,28.1,0,0,0,0,19-APR-2021,
OPTSTK,PFC,27-May-2021,79.5,CE,0,0,0,43.7,26.2,0,0,0,0,19-APR-2021,
OPTSTK,PFC,27-May-2021,80,CE,0,0,0,44.25,25.7,0,0,0,0,19-APR-2021,
OPTSTK,PFC,27-May-2021,82,CE,0,0,0,41.4,23.85,0,0,0,0,19-APR-2021,
OPTSTK,PFC,27-May-2021,82.5,CE,0,0,0,41.85,23.4,0,0,0,0,19-APR-2021,
OPTSTK,PFC,27-May-2021,84.5,CE,0,0,0,39.2,21.6,0,0,0,0,19-APR-2021,
OPTSTK,PFC,27-May-2021,85,CE,0,0,0,39.45,21.15,0,0,0,0,19-APR-2021,
OPTSTK,PFC,27-May-2021,87,CE,0,0,0,37,19.4,0,0,0,0,19-APR-2021,
OPTSTK,PFC,27-May-2021,87.5,CE,0,0,0,37.1,18.95,0,0,0,0,19-APR-2021,
OPTSTK,PFC,27-May-2021,89.5,CE,0,0,0,34.85,17.3,0,0,0,0,19-APR-2021,
OPTSTK,PFC,27-May-2021,90,CE,0,0,0,34.8,16.9,0,0,0,0,19-APR-2021,
OPTSTK,PFC,27-May-2021,92,CE,0,0,0,32.8,15.3,0,0,0,0,19-APR-2021,
OPTSTK,PFC,27-May-2021,92.5,CE,0,0,0,32.55,14.95,0,0,0,0,19-APR-2021,
OPTSTK,PFC,27-May-2021,94.5,CE,0,0,0,30.75,13.45,0,0,0,0,19-APR-2021,
OPTSTK,PFC,27-May-2021,95,CE,0,0,0,30.35,13.1,0,0,0,0,19-APR-2021,
OPTSTK,PFC,27-May-2021,97,CE,0,0,0,28.8,11.7,0,0,0,0,19-APR-2021,
OPTSTK,PFC,27-May-2021,97.5,CE,0,0,0,28.25,11.4,0,0,0,0,19-APR-2021,
OPTSTK,PFC,27-May-2021,99.5,CE,0,0,0,26.95,10.15,0,0,0,0,19-APR-2021,
OPTSTK,PFC,27-May-2021,100,CE,10.75,10.75,8,9.2,9.2,4,27.07,24800,24800,19-APR-2021,
OPTSTK,PFC,27-May-2021,102,CE,0,0,0,25.15,8.7,0,0,0,0,19-APR-2021,
OPTSTK,PFC,27-May-2021,102.5,CE,0,0,0,24.2,8.4,0,0,0,0,19-APR-2021,
OPTSTK,PFC,27-May-2021,104.5,CE,0,0,0,23.4,7.4,0,0,0,0,19-APR-2021,
OPTSTK,PFC,27-May-2021,105,CE,0,0,0,22.25,7.15,0,0,0,0,19-APR-2021,
OPTSTK,PFC,27-May-2021,107,CE,0,0,0,21.75,6.25,0,0,0,0,19-APR-2021,
OPTSTK,PFC,27-May-2021,107.5,CE,0,0,0,20.45,6.05,0,0,0,0,19-APR-2021,
OPTSTK,PFC,27-May-2021,109.5,CE,0,0,0,20.15,5.25,0,0,0,0,19-APR-2021,
OPTSTK,PFC,27-May-2021,110,CE,1.2,4.05,1.2,3.3,3.3,43,302.32,285200,124000,19-APR-2021,
OPTSTK,PFC,27-May-2021,112,CE,0,0,0,18.65,4.35,0,0,0,0,19-APR-2021,
OPTSTK,PFC,27-May-2021,112.5,CE,0,0,0,17.1,4.2,0,0,0,0,19-APR-2021,
OPTSTK,PFC,27-May-2021,114.5,CE,0,0,0,17.25,3.6,0,0,0,0,19-APR-2021,
OPTSTK,PFC,27-May-2021,115,CE,2,2,2,2,3.45,1,7.25,37200,6200,19-APR-2021,
OPTSTK,PFC,27-May-2021,117,CE,0,0,0,15.9,2.95,0,0,0,0,19-APR-2021,
OPTSTK,PFC,27-May-2021,117.5,CE,0,0,0,14.1,2.85,0,0,0,0,19-APR-2021,
OPTSTK,PFC,27-May-2021,119.5,CE,0,0,0,14.65,2.4,0,0,0,0,19-APR-2021,
OPTSTK,PFC,27-May-2021,120,CE,1.8,1.8,1.05,1.15,1.15,8,60.11,241800,18600,19-APR-2021,
OPTSTK,PFC,27-May-2021,122,CE,0,0,0,13.45,1.95,0,0,0,0,19-APR-2021,
OPTSTK,PFC,27-May-2021,122.5,CE,0,0,0,11.5,1.85,0,0,0,0,19-APR-2021,
OPTSTK,PFC,27-May-2021,124.5,CE,0,0,0,12.35,1.55,0,0,0,0,19-APR-2021,
OPTSTK,PFC,27-May-2021,125,CE,0.75,0.75,0.75,0.75,0.75,1,7.79,130200,0,19-APR-2021,
OPTSTK,PFC,27-May-2021,127,CE,0,0,0,11.35,1.25,0,0,0,0,19-APR-2021,
OPTSTK,PFC,27-May-2021,127.5,CE,0,0,0,9.3,1.2,0,0,0,0,19-APR-2021,
OPTSTK,PFC,27-May-2021,129.5,CE,0,0,0,10.35,1,0,0,0,0,19-APR-2021,
OPTSTK,PFC,27-May-2021,130,CE,0,0,0,1.75,0.95,0,0,0,0,19-APR-2021,
OPTSTK,PFC,27-May-2021,132,CE,0,0,0,9.5,0.8,0,0,0,0,19-APR-2021,
OPTSTK,PFC,27-May-2021,132.5,CE,0,0,0,7.4,0.75,0,0,0,0,19-APR-2021,
OPTSTK,PFC,27-May-2021,134.5,CE,0,0,0,8.65,0.65,0,0,0,0,19-APR-2021,
OPTSTK,PFC,27-May-2021,135,CE,0,0,0,6.6,0.6,0,0,0,0,19-APR-2021,
OPTSTK,PFC,27-May-2021,137,CE,0,0,0,7.9,0.5,0,0,0,0,19-APR-2021,
OPTSTK,PFC,27-May-2021,137.5,CE,0,0,0,5.85,0.45,0,0,0,0,19-APR-2021,
OPTSTK,PFC,27-May-2021,139.5,CE,0,0,0,7.15,0.4,0,0,0,0,19-APR-2021,
OPTSTK,PFC,27-May-2021,140,CE,0,0,0,5.2,0.35,0,0,0,0,19-APR-2021,
OPTSTK,PFC,27-May-2021,142,CE,0,0,0,6.5,0.3,0,0,0,0,19-APR-2021,
OPTSTK,PFC,27-May-2021,142.5,CE,0,0,0,4.6,0.3,0,0,0,0,19-APR-2021,
OPTSTK,PFC,27-May-2021,144.5,CE,0,0,0,5.9,0.25,0,0,0,0,19-APR-2021,
OPTSTK,PFC,27-May-2021,145,CE,0,0,0,4.05,0.25,0,0,0,0,19-APR-2021,
OPTSTK,PFC,27-May-2021,147,CE,0,0,0,5.35,0.2,0,0,0,0,19-APR-2021,
OPTSTK,PFC,27-May-2021,147.5,CE,0,0,0,3.55,0.2,0,0,0,0,19-APR-2021,
OPTSTK,PFC,27-May-2021,149.5,CE,0,0,0,4.85,0.15,0,0,0,0,19-APR-2021,
OPTSTK,PFC,27-May-2021,152,CE,0,0,0,4.4,0.1,0,0,0,0,19-APR-2021,
OPTSTK,PFC,27-May-2021,154.5,CE,0,0,0,4,0.1,0,0,0,0,19-APR-2021,
OPTSTK,PFC,27-May-2021,157,CE,0,0,0,3.6,0.1,0,0,0,0,19-APR-2021,
OPTSTK,PFC,27-May-2021,72,PE,0,0,0,0.25,0.05,0,0,0,0,19-APR-2021,
OPTSTK,PFC,27-May-2021,74.5,PE,0,0,0,0.35,0.1,0,0,0,0,19-APR-2021,
OPTSTK,PFC,27-May-2021,77,PE,0,0,0,0.5,0.2,0,0,0,0,19-APR-2021,
OPTSTK,PFC,27-May-2021,77.5,PE,0,0,0,0.15,0.2,0,0,0,0,19-APR-2021,
OPTSTK,PFC,27-May-2021,79.5,PE,0,0,0,0.65,0.3,0,0,0,0,19-APR-2021,
OPTSTK,PFC,27-May-2021,80,PE,0,0,0,0.2,0.3,0,0,0,0,19-APR-2021,
OPTSTK,PFC,27-May-2021,82,PE,0,0,0,0.85,0.45,0,0,0,0,19-APR-2021,
OPTSTK,PFC,27-May-2021,82.5,PE,0.15,0.15,0.15,0.15,0.5,2,10.24,0,-6200,19-APR-2021,
OPTSTK,PFC,27-May-2021,84.5,PE,0,0,0,0.15,0.65,0,0,0,0,19-APR-2021,
OPTSTK,PFC,27-May-2021,85,PE,0,0,0,0.35,0.7,0,0,0,0,19-APR-2021,
OPTSTK,PFC,27-May-2021,87,PE,0,0,0,1.35,0.95,0,0,0,0,19-APR-2021,
OPTSTK,PFC,27-May-2021,87.5,PE,0,0,0,0.05,1.05,0,0,0,0,19-APR-2021,
OPTSTK,PFC,27-May-2021,89.5,PE,0,0,0,1.7,1.35,0,0,0,0,19-APR-2021,
OPTSTK,PFC,27-May-2021,90,PE,0,0,0,0.15,1.45,0,0,0,0,19-APR-2021,
OPTSTK,PFC,27-May-2021,92,PE,0,0,0,2.1,1.85,0,0,0,0,19-APR-2021,
OPTSTK,PFC,27-May-2021,92.5,PE,0.2,0.2,0.2,0.2,1.95,2,11.49,0,-6200,19-APR-2021,
OPTSTK,PFC,27-May-2021,94.5,PE,0,0,0,2.55,2.5,0,0,0,0,19-APR-2021,
OPTSTK,PFC,27-May-2021,95,PE,1.05,1.25,1.05,1.2,1.2,8,47.7,43400,43400,19-APR-2021,
OPTSTK,PFC,27-May-2021,97,PE,0,0,0,3.1,3.25,0,0,0,0,19-APR-2021,
OPTSTK,PFC,27-May-2021,97.5,PE,0,0,0,1.55,3.4,0,0,0,0,19-APR-2021,
OPTSTK,PFC,27-May-2021,99.5,PE,0,0,0,3.7,4.15,0,0,0,0,19-APR-2021,
OPTSTK,PFC,27-May-2021,100,PE,2.55,2.85,2.5,2.7,2.7,10,63.64,136400,37200,19-APR-2021,
OPTSTK,PFC,27-May-2021,102,PE,0,0,0,4.35,5.2,0,0,0,0,19-APR-2021,
OPTSTK,PFC,27-May-2021,102.5,PE,0,0,0,2.5,5.45,0,0,0,0,19-APR-2021,
OPTSTK,PFC,27-May-2021,104.5,PE,0,0,0,5.1,6.4,0,0,0,0,19-APR-2021,
OPTSTK,PFC,27-May-2021,105,PE,4,4.1,4,4.1,6.65,2,13.52,31000,0,19-APR-2021,
OPTSTK,PFC,27-May-2021,107,PE,0,0,0,5.9,7.75,0,0,0,0,19-APR-2021,
OPTSTK,PFC,27-May-2021,107.5,PE,0,0,0,3.7,8,0,0,0,0,19-APR-2021,
OPTSTK,PFC,27-May-2021,109.5,PE,0,0,0,6.8,9.2,0,0,0,0,19-APR-2021,
OPTSTK,PFC,27-May-2021,110,PE,6.45,7.5,6.3,7,7,18,130.55,1345400,43400,19-APR-2021,
OPTSTK,PFC,27-May-2021,112,PE,0,0,0,3.5,10.8,0,0,12400,0,19-APR-2021,
OPTSTK,PFC,27-May-2021,112.5,PE,0,0,0,5.3,11.15,0,0,0,0,19-APR-2021,
OPTSTK,PFC,27-May-2021,114.5,PE,0,0,0,8.85,12.55,0,0,0,0,19-APR-2021,
OPTSTK,PFC,27-May-2021,115,PE,0,0,0,7.5,12.9,0,0,24800,0,19-APR-2021,
OPTSTK,PFC,27-May-2021,117,PE,0,0,0,10,14.4,0,0,0,0,19-APR-2021,
OPTSTK,PFC,27-May-2021,117.5,PE,0,0,0,7.3,14.8,0,0,0,0,19-APR-2021,
OPTSTK,PFC,27-May-2021,119.5,PE,0,0,0,11.2,16.35,0,0,0,0,19-APR-2021,
OPTSTK,PFC,27-May-2021,120,PE,0,0,0,8.45,16.75,0,0,0,0,19-APR-2021,
OPTSTK,PFC,27-May-2021,122,PE,0,0,0,12.5,18.4,0,0,0,0,19-APR-2021,
OPTSTK,PFC,27-May-2021,122.5,PE,0,0,0,9.65,18.8,0,0,0,0,19-APR-2021,
OPTSTK,PFC,27-May-2021,124.5,PE,0,0,0,13.9,20.5,0,0,0,0,19-APR-2021,
OPTSTK,PFC,27-May-2021,125,PE,0,0,0,11,20.9,0,0,0,0,19-APR-2021,
OPTSTK,PFC,27-May-2021,127,PE,0,0,0,15.35,22.65,0,0,0,0,19-APR-2021,
OPTSTK,PFC,27-May-2021,127.5,PE,0,0,0,12.4,23.1,0,0,0,0,19-APR-2021,
OPTSTK,PFC,27-May-2021,129.5,PE,0,0,0,16.85,24.9,0,0,0,0,19-APR-2021,
OPTSTK,PFC,27-May-2021,130,PE,0,0,0,13.9,25.35,0,0,0,0,19-APR-2021,
OPTSTK,PFC,27-May-2021,132,PE,0,0,0,18.45,27.2,0,0,0,0,19-APR-2021,
OPTSTK,PFC,27-May-2021,132.5,PE,0,0,0,15.5,27.65,0,0,0,0,19-APR-2021,
OPTSTK,PFC,27-May-2021,134.5,PE,0,0,0,20.05,29.5,0,0,0,0,19-APR-2021,
OPTSTK,PFC,27-May-2021,135,PE,0,0,0,17.15,29.95,0,0,0,0,19-APR-2021,
OPTSTK,PFC,27-May-2021,137,PE,0,0,0,21.8,31.85,0,0,0,0,19-APR-2021,
OPTSTK,PFC,27-May-2021,137.5,PE,0,0,0,18.9,32.35,0,0,0,0,19-APR-2021,
OPTSTK,PFC,27-May-2021,139.5,PE,0,0,0,23.55,34.25,0,0,0,0,19-APR-2021,
OPTSTK,PFC,27-May-2021,140,PE,0,0,0,20.75,34.7,0,0,0,0,19-APR-2021,
OPTSTK,PFC,27-May-2021,142,PE,0,0,0,25.4,36.65,0,0,0,0,19-APR-2021,
OPTSTK,PFC,27-May-2021,142.5,PE,0,0,0,22.6,37.15,0,0,0,0,19-APR-2021,
OPTSTK,PFC,27-May-2021,144.5,PE,0,0,0,27.25,39.1,0,0,0,0,19-APR-2021,
OPTSTK,PFC,27-May-2021,145,PE,0,0,0,24.55,39.55,0,0,0,0,19-APR-2021,
OPTSTK,PFC,27-May-2021,147,PE,0,0,0,29.2,41.5,0,0,0,0,19-APR-2021,
OPTSTK,PFC,27-May-2021,147.5,PE,0,0,0,26.55,42,0,0,0,0,19-APR-2021,
OPTSTK,PFC,27-May-2021,149.5,PE,0,0,0,31.15,43.95,0,0,0,0,19-APR-2021,
OPTSTK,PFC,27-May-2021,152,PE,0,0,0,33.15,46.4,0,0,0,0,19-APR-2021,
OPTSTK,PFC,27-May-2021,154.5,PE,0,0,0,35.2,48.9,0,0,0,0,19-APR-2021,
OPTSTK,PFC,27-May-2021,157,PE,0,0,0,37.3,51.35,0,0,0,0,19-APR-2021,
OPTSTK,PFC,24-Jun-2021,72.5,CE,0,0,0,42.1,33.4,0,0,0,0,19-APR-2021,
OPTSTK,PFC,24-Jun-2021,75,CE,0,0,0,39.75,31.1,0,0,0,0,19-APR-2021,
OPTSTK,PFC,24-Jun-2021,77.5,CE,0,0,0,37.45,28.8,0,0,0,0,19-APR-2021,
OPTSTK,PFC,24-Jun-2021,80,CE,0,0,0,35.15,26.6,0,0,0,0,19-APR-2021,
OPTSTK,PFC,24-Jun-2021,82.5,CE,0,0,0,32.95,24.45,0,0,0,0,19-APR-2021,
OPTSTK,PFC,24-Jun-2021,85,CE,0,0,0,30.8,22.35,0,0,0,0,19-APR-2021,
OPTSTK,PFC,24-Jun-2021,87.5,CE,0,0,0,28.7,20.4,0,0,0,0,19-APR-2021,
OPTSTK,PFC,24-Jun-2021,90,CE,0,0,0,26.7,18.5,0,0,0,0,19-APR-2021,
OPTSTK,PFC,24-Jun-2021,92.5,CE,0,0,0,24.75,16.7,0,0,0,0,19-APR-2021,
OPTSTK,PFC,24-Jun-2021,95,CE,0,0,0,22.9,15.05,0,0,0,0,19-APR-2021,
OPTSTK,PFC,24-Jun-2021,97.5,CE,0,0,0,21.1,13.5,0,0,0,0,19-APR-2021,
OPTSTK,PFC,24-Jun-2021,100,CE,0,0,0,19.4,12.05,0,0,0,0,19-APR-2021,
OPTSTK,PFC,24-Jun-2021,102.5,CE,0,0,0,17.8,10.7,0,0,0,0,19-APR-2021,
OPTSTK,PFC,24-Jun-2021,105,CE,0,0,0,16.3,9.5,0,0,0,0,19-APR-2021,
OPTSTK,PFC,24-Jun-2021,107.5,CE,0,0,0,14.9,8.35,0,0,0,0,19-APR-2021,
OPTSTK,PFC,24-Jun-2021,110,CE,0,0,0,13.6,7.35,0,0,0,0,19-APR-2021,
OPTSTK,PFC,24-Jun-2021,112.5,CE,0,0,0,12.35,6.45,0,0,0,0,19-APR-2021,
OPTSTK,PFC,24-Jun-2021,115,CE,0,0,0,11.2,5.6,0,0,0,0,19-APR-2021,
OPTSTK,PFC,24-Jun-2021,117.5,CE,0,0,0,10.15,4.9,0,0,0,0,19-APR-2021,
OPTSTK,PFC,24-Jun-2021,120,CE,0,0,0,9.15,4.25,0,0,0,0,19-APR-2021,
OPTSTK,PFC,24-Jun-2021,122.5,CE,0,0,0,8.25,3.7,0,0,0,0,19-APR-2021,
OPTSTK,PFC,24-Jun-2021,125,CE,0,0,0,7.45,3.15,0,0,0,0,19-APR-2021,
OPTSTK,PFC,24-Jun-2021,127.5,CE,0,0,0,6.65,2.75,0,0,0,0,19-APR-2021,
OPTSTK,PFC,24-Jun-2021,130,CE,0,0,0,6,2.35,0,0,0,0,19-APR-2021,
OPTSTK,PFC,24-Jun-2021,132.5,CE,0,0,0,5.35,2,0,0,0,0,19-APR-2021,
OPTSTK,PFC,24-Jun-2021,135,CE,0,0,0,4.8,1.7,0,0,0,0,19-APR-2021,
OPTSTK,PFC,24-Jun-2021,137.5,CE,0,0,0,4.3,1.45,0,0,0,0,19-APR-2021,
OPTSTK,PFC,24-Jun-2021,140,CE,0,0,0,3.8,1.25,0,0,0,0,19-APR-2021,
OPTSTK,PFC,24-Jun-2021,142.5,CE,0,0,0,3.4,1.05,0,0,0,0,19-APR-2021,
OPTSTK,PFC,24-Jun-2021,145,CE,0,0,0,3,0.9,0,0,0,0,19-APR-2021,
OPTSTK,PFC,24-Jun-2021,147.5,CE,0,0,0,2.7,0.75,0,0,0,0,19-APR-2021,
OPTSTK,PFC,24-Jun-2021,150,CE,0,0,0,2.35,0.65,0,0,0,0,19-APR-2021,
OPTSTK,PFC,24-Jun-2021,152.5,CE,0,0,0,2.1,0.55,0,0,0,0,19-APR-2021,
OPTSTK,PFC,24-Jun-2021,155,CE,0,0,0,1.85,0.45,0,0,0,0,19-APR-2021,
OPTSTK,PFC,24-Jun-2021,72.5,PE,0,0,0,0.3,0.35,0,0,0,0,19-APR-2021,
OPTSTK,PFC,24-Jun-2021,75,PE,0,0,0,0.45,0.5,0,0,0,0,19-APR-2021,
OPTSTK,PFC,24-Jun-2021,77.5,PE,0,0,0,0.6,0.7,0,0,0,0,19-APR-2021,
OPTSTK,PFC,24-Jun-2021,80,PE,0,0,0,0.8,0.95,0,0,0,0,19-APR-2021,
OPTSTK,PFC,24-Jun-2021,82.5,PE,0,0,0,1.1,1.3,0,0,0,0,19-APR-2021,
OPTSTK,PFC,24-Jun-2021,85,PE,0,0,0,1.4,1.7,0,0,0,0,19-APR-2021,
OPTSTK,PFC,24-Jun-2021,87.5,PE,0,0,0,1.8,2.2,0,0,0,0,19-APR-2021,
OPTSTK,PFC,24-Jun-2021,90,PE,0,0,0,2.25,2.8,0,0,0,0,19-APR-2021,
OPTSTK,PFC,24-Jun-2021,92.5,PE,0,0,0,2.8,3.5,0,0,0,0,19-APR-2021,
OPTSTK,PFC,24-Jun-2021,95,PE,0,0,0,3.4,4.3,0,0,0,0,19-APR-2021,
OPTSTK,PFC,24-Jun-2021,97.5,PE,0,0,0,4.1,5.25,0,0,0,0,19-APR-2021,
OPTSTK,PFC,24-Jun-2021,100,PE,0,0,0,4.9,6.25,0,0,0,0,19-APR-2021,
OPTSTK,PFC,24-Jun-2021,102.5,PE,0,0,0,5.75,7.4,0,0,0,0,19-APR-2021,
OPTSTK,PFC,24-Jun-2021,105,PE,0,0,0,6.75,8.65,0,0,0,0,19-APR-2021,
OPTSTK,PFC,24-Jun-2021,107.5,PE,0,0,0,7.8,10.05,0,0,0,0,19-APR-2021,
OPTSTK,PFC,24-Jun-2021,110,PE,0,0,0,8.95,11.5,0,0,0,0,19-APR-2021,
OPTSTK,PFC,24-Jun-2021,112.5,PE,0,0,0,10.2,13.1,0,0,0,0,19-APR-2021,
OPTSTK,PFC,24-Jun-2021,115,PE,0,0,0,11.55,14.75,0,0,0,0,19-APR-2021,
OPTSTK,PFC,24-Jun-2021,117.5,PE,0,0,0,12.95,16.5,0,0,0,0,19-APR-2021,
OPTSTK,PFC,24-Jun-2021,120,PE,0,0,0,14.45,18.35,0,0,0,0,19-APR-2021,
OPTSTK,PFC,24-Jun-2021,122.5,PE,0,0,0,16,20.25,0,0,0,0,19-APR-2021,
OPTSTK,PFC,24-Jun-2021,125,PE,0,0,0,17.65,22.25,0,0,0,0,19-APR-2021,
OPTSTK,PFC,24-Jun-2021,127.5,PE,0,0,0,19.4,24.25,0,0,0,0,19-APR-2021,
OPTSTK,PFC,24-Jun-2021,130,PE,0,0,0,21.15,26.35,0,0,0,0,19-APR-2021,
OPTSTK,PFC,24-Jun-2021,132.5,PE,0,0,0,23.05,28.5,0,0,0,0,19-APR-2021,
OPTSTK,PFC,24-Jun-2021,135,PE,0,0,0,24.95,30.7,0,0,0,0,19-APR-2021,
OPTSTK,PFC,24-Jun-2021,137.5,PE,0,0,0,26.9,32.95,0,0,0,0,19-APR-2021,
OPTSTK,PFC,24-Jun-2021,140,PE,0,0,0,28.9,35.2,0,0,0,0,19-APR-2021,
OPTSTK,PFC,24-Jun-2021,142.5,PE,0,0,0,30.95,37.5,0,0,0,0,19-APR-2021,
OPTSTK,PFC,24-Jun-2021,145,PE,0,0,0,33.05,39.8,0,0,0,0,19-APR-2021,
OPTSTK,PFC,24-Jun-2021,147.5,PE,0,0,0,35.2,42.15,0,0,0,0,19-APR-2021,
OPTSTK,PFC,24-Jun-2021,150,PE,0,0,0,37.4,44.55,0,0,0,0,19-APR-2021,
OPTSTK,PFC,24-Jun-2021,152.5,PE,0,0,0,39.6,46.9,0,0,0,0,19-APR-2021,
OPTSTK,PFC,24-Jun-2021,155,PE,0,0,0,41.8,49.3,0,0,0,0,19-APR-2021,
OPTSTK,PFIZER,29-Apr-2021,3400,CE,0,0,0,1300,1932.35,0,0,125,0,19-APR-2021,
OPTSTK,PFIZER,29-Apr-2021,3450,CE,0,0,0,1131.9,1882.4,0,0,0,0,19-APR-2021,
OPTSTK,PFIZER,29-Apr-2021,3500,CE,0,0,0,1082.2,1832.45,0,0,0,0,19-APR-2021,
OPTSTK,PFIZER,29-Apr-2021,3550,CE,0,0,0,1032.5,1782.5,0,0,0,0,19-APR-2021,
OPTSTK,PFIZER,29-Apr-2021,3600,CE,0,0,0,982.85,1732.55,0,0,0,0,19-APR-2021,
OPTSTK,PFIZER,29-Apr-2021,3650,CE,0,0,0,933.15,1682.6,0,0,0,0,19-APR-2021,
OPTSTK,PFIZER,29-Apr-2021,3700,CE,0,0,0,883.5,1632.65,0,0,0,0,19-APR-2021,
OPTSTK,PFIZER,29-Apr-2021,3750,CE,0,0,0,833.8,1582.7,0,0,0,0,19-APR-2021,
OPTSTK,PFIZER,29-Apr-2021,3800,CE,0,0,0,784.15,1532.75,0,0,0,0,19-APR-2021,
OPTSTK,PFIZER,29-Apr-2021,3850,CE,0,0,0,734.45,1482.8,0,0,0,0,19-APR-2021,
OPTSTK,PFIZER,29-Apr-2021,3900,CE,0,0,0,684.8,1432.85,0,0,0,0,19-APR-2021,
OPTSTK,PFIZER,29-Apr-2021,3950,CE,0,0,0,635.1,1382.9,0,0,0,0,19-APR-2021,
OPTSTK,PFIZER,29-Apr-2021,4000,CE,0,0,0,585.45,1332.95,0,0,0,0,19-APR-2021,
OPTSTK,PFIZER,29-Apr-2021,4050,CE,0,0,0,535.75,1283,0,0,0,0,19-APR-2021,
OPTSTK,PFIZER,29-Apr-2021,4100,CE,0,0,0,486.05,1233.05,0,0,0,0,19-APR-2021,
OPTSTK,PFIZER,29-Apr-2021,4150,CE,0,0,0,436.4,1183.1,0,0,0,0,19-APR-2021,
OPTSTK,PFIZER,29-Apr-2021,4200,CE,0,0,0,386.7,1133.15,0,0,0,0,19-APR-2021,
OPTSTK,PFIZER,29-Apr-2021,4250,CE,0,0,0,337.05,1083.2,0,0,0,0,19-APR-2021,
OPTSTK,PFIZER,29-Apr-2021,4300,CE,0,0,0,287.35,1033.3,0,0,0,0,19-APR-2021,
OPTSTK,PFIZER,29-Apr-2021,4350,CE,0,0,0,237.7,983.4,0,0,0,0,19-APR-2021,
OPTSTK,PFIZER,29-Apr-2021,4400,CE,0,0,0,188,933.5,0,0,0,0,19-APR-2021,
OPTSTK,PFIZER,29-Apr-2021,4450,CE,0,0,0,138.35,883.7,0,0,0,0,19-APR-2021,
OPTSTK,PFIZER,29-Apr-2021,4500,CE,0,0,0,88.65,833.95,0,0,0,0,19-APR-2021,
OPTSTK,PFIZER,29-Apr-2021,4550,CE,0,0,0,315,784.35,0,0,250,0,19-APR-2021,
OPTSTK,PFIZER,29-Apr-2021,4600,CE,0,0,0,612,734.9,0,0,750,0,19-APR-2021,
OPTSTK,PFIZER,29-Apr-2021,4650,CE,0,0,0,0.05,685.8,0,0,0,0,19-APR-2021,
OPTSTK,PFIZER,29-Apr-2021,4700,CE,600.1,600.1,600.1,600.1,600.1,1,6.62,2250,0,19-APR-2021,
OPTSTK,PFIZER,29-Apr-2021,4750,CE,0,0,0,0.05,588.9,0,0,0,0,19-APR-2021,
OPTSTK,PFIZER,29-Apr-2021,4800,CE,0,0,0,368.95,541.45,0,0,1125,0,19-APR-2021,
OPTSTK,PFIZER,29-Apr-2021,4850,CE,0,0,0,0.05,494.9,0,0,0,0,19-APR-2021,
OPTSTK,PFIZER,29-Apr-2021,4900,CE,0,0,0,391.1,449.5,0,0,500,0,19-APR-2021,
OPTSTK,PFIZER,29-Apr-2021,4950,CE,0,0,0,0.05,405.5,0,0,0,0,19-APR-2021,
OPTSTK,PFIZER,29-Apr-2021,5000,CE,330,435.7,330,435.7,363.2,14,94.68,9750,-750,19-APR-2021,
OPTSTK,PFIZER,29-Apr-2021,5050,CE,0,0,0,0.05,322.8,0,0,0,0,19-APR-2021,
OPTSTK,PFIZER,29-Apr-2021,5100,CE,255,379.95,255,368.4,284.75,16,108.6,2500,-500,19-APR-2021,
OPTSTK,PFIZER,29-Apr-2021,5150,CE,0,0,0,0.05,248.65,0,0,0,0,19-APR-2021,
OPTSTK,PFIZER,29-Apr-2021,5200,CE,210,320,141,261,261,148,1010.62,8375,-2375,19-APR-2021,
OPTSTK,PFIZER,29-Apr-2021,5250,CE,0,0,0,0.05,184.9,0,0,0,0,19-APR-2021,
OPTSTK,PFIZER,29-Apr-2021,5300,CE,149.1,270,148,211.25,211.25,307,2118.13,7125,3500,19-APR-2021,
OPTSTK,PFIZER,29-Apr-2021,5350,CE,0,0,0,0.05,132.35,0,0,0,0,19-APR-2021,
OPTSTK,PFIZER,29-Apr-2021,5400,CE,119.65,119.65,119.65,119.65,110.3,1,6.89,250,125,19-APR-2021,
OPTSTK,PFIZER,29-Apr-2021,5450,CE,0,0,0,0.05,91,0,0,0,0,19-APR-2021,
OPTSTK,PFIZER,29-Apr-2021,5500,CE,97.2,176.95,85,125.55,125.55,700,4937.15,22625,8250,19-APR-2021,
OPTSTK,PFIZER,29-Apr-2021,5550,CE,0,0,0,0.05,60.05,0,0,0,0,19-APR-2021,
OPTSTK,PFIZER,29-Apr-2021,5600,CE,0,0,0,0.05,48.1,0,0,0,0,19-APR-2021,
OPTSTK,PFIZER,29-Apr-2021,5650,CE,0,0,0,0.05,38.05,0,0,0,0,19-APR-2021,
OPTSTK,PFIZER,29-Apr-2021,5700,CE,63.5,84.5,52,56,29.8,6,43.28,875,125,19-APR-2021,
OPTSTK,PFIZER,29-Apr-2021,5750,CE,0,0,0,0.05,23.1,0,0,0,0,19-APR-2021,
OPTSTK,PFIZER,29-Apr-2021,5800,CE,45,75,45,54.2,54.2,30,219.87,1375,1000,19-APR-2021,
OPTSTK,PFIZER,29-Apr-2021,5850,CE,0,0,0,0.05,13.45,0,0,0,0,19-APR-2021,
OPTSTK,PFIZER,29-Apr-2021,5900,CE,0,0,0,24.7,10.1,0,0,125,0,19-APR-2021,
OPTSTK,PFIZER,29-Apr-2021,5950,CE,0,0,0,0.05,7.5,0,0,0,0,19-APR-2021,
OPTSTK,PFIZER,29-Apr-2021,6000,CE,37,60,29.05,35,35,68,513.47,3125,2500,19-APR-2021,
OPTSTK,PFIZER,29-Apr-2021,6050,CE,0,0,0,0.05,4,0,0,0,0,19-APR-2021,
OPTSTK,PFIZER,29-Apr-2021,6100,CE,0,0,0,0.05,2.9,0,0,0,0,19-APR-2021,
OPTSTK,PFIZER,29-Apr-2021,6150,CE,0,0,0,0.05,2.05,0,0,0,0,19-APR-2021,
OPTSTK,PFIZER,29-Apr-2021,3400,PE,0,0,0,0.05,0,0,0,0,0,19-APR-2021,
OPTSTK,PFIZER,29-Apr-2021,3450,PE,0,0,0,0.05,0,0,0,0,0,19-APR-2021,
OPTSTK,PFIZER,29-Apr-2021,3500,PE,0,0,0,0.05,0,0,0,0,0,19-APR-2021,
OPTSTK,PFIZER,29-Apr-2021,3550,PE,0,0,0,0.05,0,0,0,0,0,19-APR-2021,
OPTSTK,PFIZER,29-Apr-2021,3600,PE,0,0,0,0.05,0,0,0,0,0,19-APR-2021,
OPTSTK,PFIZER,29-Apr-2021,3650,PE,0,0,0,0.05,0,0,0,0,0,19-APR-2021,
OPTSTK,PFIZER,29-Apr-2021,3700,PE,0,0,0,0.05,0,0,0,0,0,19-APR-2021,
OPTSTK,PFIZER,29-Apr-2021,3750,PE,0,0,0,0.05,0,0,0,0,0,19-APR-2021,
OPTSTK,PFIZER,29-Apr-2021,3800,PE,0,0,0,0.05,0,0,0,0,0,19-APR-2021,
OPTSTK,PFIZER,29-Apr-2021,3850,PE,0,0,0,0.05,0,0,0,0,0,19-APR-2021,
OPTSTK,PFIZER,29-Apr-2021,3900,PE,0,0,0,0.05,0,0,0,0,0,19-APR-2021,
OPTSTK,PFIZER,29-Apr-2021,3950,PE,0,0,0,0.05,0,0,0,0,0,19-APR-2021,
OPTSTK,PFIZER,29-Apr-2021,4000,PE,0,0,0,0.05,0,0,0,0,0,19-APR-2021,
OPTSTK,PFIZER,29-Apr-2021,4050,PE,0,0,0,0.05,0,0,0,0,0,19-APR-2021,
OPTSTK,PFIZER,29-Apr-2021,4100,PE,0,0,0,0.05,0,0,0,0,0,19-APR-2021,
OPTSTK,PFIZER,29-Apr-2021,4150,PE,0,0,0,0.05,0,0,0,0,0,19-APR-2021,
OPTSTK,PFIZER,29-Apr-2021,4200,PE,0,0,0,22,0.05,0,0,125,0,19-APR-2021,
OPTSTK,PFIZER,29-Apr-2021,4250,PE,0,0,0,8.3,0.05,0,0,125,0,19-APR-2021,
OPTSTK,PFIZER,29-Apr-2021,4300,PE,0,0,0,11.1,0.05,0,0,750,0,19-APR-2021,
OPTSTK,PFIZER,29-Apr-2021,4350,PE,0,0,0,0.05,0.1,0,0,0,0,19-APR-2021,
OPTSTK,PFIZER,29-Apr-2021,4400,PE,0,0,0,6.5,0.2,0,0,1625,0,19-APR-2021,
OPTSTK,PFIZER,29-Apr-2021,4450,PE,0,0,0,0.05,0.3,0,0,0,0,19-APR-2021,
OPTSTK,PFIZER,29-Apr-2021,4500,PE,0,0,0,0.05,0.5,0,0,0,0,19-APR-2021,
OPTSTK,PFIZER,29-Apr-2021,4550,PE,0,0,0,0.05,0.85,0,0,0,0,19-APR-2021,
OPTSTK,PFIZER,29-Apr-2021,4600,PE,5,20,5,10,1.4,5,28.82,500,125,19-APR-2021,
OPTSTK,PFIZER,29-Apr-2021,4650,PE,0,0,0,60.4,2.25,0,0,0,0,19-APR-2021,
OPTSTK,PFIZER,29-Apr-2021,4700,PE,12.1,12.1,12.1,12.1,12.1,1,5.89,375,125,19-APR-2021,
OPTSTK,PFIZER,29-Apr-2021,4750,PE,0,0,0,159.75,5.2,0,0,0,0,19-APR-2021,
OPTSTK,PFIZER,29-Apr-2021,4800,PE,0,0,0,29.4,7.7,0,0,500,0,19-APR-2021,
OPTSTK,PFIZER,29-Apr-2021,4850,PE,0,0,0,259.15,11.1,0,0,0,0,19-APR-2021,
OPTSTK,PFIZER,29-Apr-2021,4900,PE,45.8,45.8,45.75,45.75,15.7,2,12.36,750,0,19-APR-2021,
OPTSTK,PFIZER,29-Apr-2021,4950,PE,0,0,0,358.5,21.65,0,0,0,0,19-APR-2021,
OPTSTK,PFIZER,29-Apr-2021,5000,PE,0,0,0,408.15,29.25,0,0,0,0,19-APR-2021,
OPTSTK,PFIZER,29-Apr-2021,5050,PE,0,0,0,457.85,38.8,0,0,0,0,19-APR-2021,
OPTSTK,PFIZER,29-Apr-2021,5100,PE,0,0,0,95.25,50.7,0,0,125,0,19-APR-2021,
OPTSTK,PFIZER,29-Apr-2021,5150,PE,0,0,0,557.2,64.6,0,0,0,0,19-APR-2021,
OPTSTK,PFIZER,29-Apr-2021,5200,PE,160,160,100,101.8,81.3,5,33.2,875,375,19-APR-2021,
OPTSTK,PFIZER,29-Apr-2021,5250,PE,0,0,0,656.55,100.75,0,0,0,0,19-APR-2021,
OPTSTK,PFIZER,29-Apr-2021,5300,PE,0,0,0,706.25,123,0,0,0,0,19-APR-2021,
OPTSTK,PFIZER,29-Apr-2021,5350,PE,0,0,0,755.9,148.05,0,0,0,0,19-APR-2021,
OPTSTK,PFIZER,29-Apr-2021,5400,PE,187.9,187.9,187.9,187.9,176,1,6.98,125,125,19-APR-2021,
OPTSTK,PFIZER,29-Apr-2021,5450,PE,0,0,0,855.25,206.65,0,0,0,0,19-APR-2021,
OPTSTK,PFIZER,29-Apr-2021,5500,PE,240,280,240,280,280,12,86.3,1500,1375,19-APR-2021,
OPTSTK,PFIZER,29-Apr-2021,5550,PE,0,0,0,954.6,275.6,0,0,0,0,19-APR-2021,
OPTSTK,PFIZER,29-Apr-2021,5600,PE,0,0,0,1004.3,313.6,0,0,0,0,19-APR-2021,
OPTSTK,PFIZER,29-Apr-2021,5650,PE,0,0,0,1053.95,353.5,0,0,0,0,19-APR-2021,
OPTSTK,PFIZER,29-Apr-2021,5700,PE,0,0,0,1103.65,395.2,0,0,0,0,19-APR-2021,
OPTSTK,PFIZER,29-Apr-2021,5750,PE,0,0,0,1153.3,438.45,0,0,0,0,19-APR-2021,
OPTSTK,PFIZER,29-Apr-2021,5800,PE,0,0,0,1203,483,0,0,0,0,19-APR-2021,
OPTSTK,PFIZER,29-Apr-2021,5850,PE,0,0,0,1252.7,528.7,0,0,0,0,19-APR-2021,
OPTSTK,PFIZER,29-Apr-2021,5900,PE,0,0,0,1302.35,575.3,0,0,0,0,19-APR-2021,
OPTSTK,PFIZER,29-Apr-2021,5950,PE,0,0,0,1352.05,622.65,0,0,0,0,19-APR-2021,
OPTSTK,PFIZER,29-Apr-2021,6000,PE,0,0,0,1401.7,670.6,0,0,0,0,19-APR-2021,
OPTSTK,PFIZER,29-Apr-2021,6050,PE,0,0,0,1451.4,719.05,0,0,0,0,19-APR-2021,
OPTSTK,PFIZER,29-Apr-2021,6100,PE,0,0,0,1501.05,767.9,0,0,0,0,19-APR-2021,
OPTSTK,PFIZER,29-Apr-2021,6150,PE,0,0,0,1550.75,817,0,0,0,0,19-APR-2021,
OPTSTK,PFIZER,27-May-2021,3400,CE,0,0,0,1191.25,1942.25,0,0,0,0,19-APR-2021,
OPTSTK,PFIZER,27-May-2021,3450,CE,0,0,0,1141.7,1892.45,0,0,0,0,19-APR-2021,
OPTSTK,PFIZER,27-May-2021,3500,CE,0,0,0,1092.2,1842.7,0,0,0,0,19-APR-2021,
OPTSTK,PFIZER,27-May-2021,3550,CE,0,0,0,1042.65,1792.9,0,0,0,0,19-APR-2021,
OPTSTK,PFIZER,27-May-2021,3600,CE,0,0,0,993.1,1743.15,0,0,0,0,19-APR-2021,
OPTSTK,PFIZER,27-May-2021,3650,CE,0,0,0,943.6,1693.4,0,0,0,0,19-APR-2021,
OPTSTK,PFIZER,27-May-2021,3700,CE,0,0,0,894.05,1643.7,0,0,0,0,19-APR-2021,
OPTSTK,PFIZER,27-May-2021,3750,CE,0,0,0,844.5,1594.05,0,0,0,0,19-APR-2021,
OPTSTK,PFIZER,27-May-2021,3800,CE,0,0,0,795,1544.45,0,0,0,0,19-APR-2021,
OPTSTK,PFIZER,27-May-2021,3850,CE,0,0,0,745.45,1494.9,0,0,0,0,19-APR-2021,
OPTSTK,PFIZER,27-May-2021,3900,CE,0,0,0,695.9,1445.45,0,0,0,0,19-APR-2021,
OPTSTK,PFIZER,27-May-2021,3950,CE,0,0,0,646.4,1396.15,0,0,0,0,19-APR-2021,
OPTSTK,PFIZER,27-May-2021,4000,CE,0,0,0,596.85,1346.95,0,0,0,0,19-APR-2021,
OPTSTK,PFIZER,27-May-2021,4050,CE,0,0,0,547.3,1297.9,0,0,0,0,19-APR-2021,
OPTSTK,PFIZER,27-May-2021,4100,CE,0,0,0,497.75,1249.1,0,0,0,0,19-APR-2021,
OPTSTK,PFIZER,27-May-2021,4150,CE,0,0,0,448.25,1200.55,0,0,0,0,19-APR-2021,
OPTSTK,PFIZER,27-May-2021,4200,CE,0,0,0,398.7,1152.3,0,0,0,0,19-APR-2021,
OPTSTK,PFIZER,27-May-2021,4250,CE,0,0,0,349.15,1104.4,0,0,0,0,19-APR-2021,
OPTSTK,PFIZER,27-May-2021,4300,CE,0,0,0,299.65,1056.9,0,0,0,0,19-APR-2021,
OPTSTK,PFIZER,27-May-2021,4350,CE,0,0,0,250.1,1009.85,0,0,0,0,19-APR-2021,
OPTSTK,PFIZER,27-May-2021,4400,CE,0,0,0,200.55,963.35,0,0,0,0,19-APR-2021,
OPTSTK,PFIZER,27-May-2021,4450,CE,0,0,0,151.05,917.5,0,0,0,0,19-APR-2021,
OPTSTK,PFIZER,27-May-2021,4500,CE,0,0,0,101.5,872.3,0,0,0,0,19-APR-2021,
OPTSTK,PFIZER,27-May-2021,4550,CE,0,0,0,51.95,827.85,0,0,0,0,19-APR-2021,
OPTSTK,PFIZER,27-May-2021,4600,CE,0,0,0,5.05,784.2,0,0,0,0,19-APR-2021,
OPTSTK,PFIZER,27-May-2021,4650,CE,0,0,0,0.05,741.5,0,0,0,0,19-APR-2021,
OPTSTK,PFIZER,27-May-2021,4700,CE,0,0,0,500,699.75,0,0,875,0,19-APR-2021,
OPTSTK,PFIZER,27-May-2021,4750,CE,0,0,0,0.05,659.05,0,0,0,0,19-APR-2021,
OPTSTK,PFIZER,27-May-2021,4800,CE,0,0,0,0.05,619.5,0,0,0,0,19-APR-2021,
OPTSTK,PFIZER,27-May-2021,4850,CE,0,0,0,0.05,581.1,0,0,0,0,19-APR-2021,
OPTSTK,PFIZER,27-May-2021,4900,CE,0,0,0,0.05,544.15,0,0,0,0,19-APR-2021,
OPTSTK,PFIZER,27-May-2021,4950,CE,0,0,0,0.05,508.25,0,0,0,0,19-APR-2021,
OPTSTK,PFIZER,27-May-2021,5000,CE,0,0,0,481,473.55,0,0,625,0,19-APR-2021,
OPTSTK,PFIZER,27-May-2021,5050,CE,0,0,0,0.05,440.45,0,0,0,0,19-APR-2021,
OPTSTK,PFIZER,27-May-2021,5100,CE,0,0,0,0.05,408.8,0,0,0,0,19-APR-2021,
OPTSTK,PFIZER,27-May-2021,5150,CE,0,0,0,0.05,378.6,0,0,0,0,19-APR-2021,
OPTSTK,PFIZER,27-May-2021,5200,CE,424.7,424.7,424.7,424.7,349.85,1,7.03,1875,125,19-APR-2021,
OPTSTK,PFIZER,27-May-2021,5250,CE,0,0,0,0.05,322.55,0,0,0,0,19-APR-2021,
OPTSTK,PFIZER,27-May-2021,5300,CE,0,0,0,0.05,296.75,0,0,0,0,19-APR-2021,
OPTSTK,PFIZER,27-May-2021,5350,CE,0,0,0,0.05,272.4,0,0,0,0,19-APR-2021,
OPTSTK,PFIZER,27-May-2021,5400,CE,0,0,0,0.05,249.5,0,0,0,0,19-APR-2021,
OPTSTK,PFIZER,27-May-2021,5450,CE,0,0,0,0.05,228,0,0,0,0,19-APR-2021,
OPTSTK,PFIZER,27-May-2021,5500,CE,0,0,0,0.05,207.9,0,0,0,0,19-APR-2021,
OPTSTK,PFIZER,27-May-2021,5550,CE,0,0,0,0.05,189.15,0,0,0,0,19-APR-2021,
OPTSTK,PFIZER,27-May-2021,5600,CE,0,0,0,0.05,171.75,0,0,0,0,19-APR-2021,
OPTSTK,PFIZER,27-May-2021,5650,CE,0,0,0,0.05,155.6,0,0,0,0,19-APR-2021,
OPTSTK,PFIZER,27-May-2021,5700,CE,0,0,0,0.05,140.65,0,0,0,0,19-APR-2021,
OPTSTK,PFIZER,27-May-2021,5750,CE,0,0,0,0.05,126.85,0,0,0,0,19-APR-2021,
OPTSTK,PFIZER,27-May-2021,5800,CE,0,0,0,0.05,114.45,0,0,0,0,19-APR-2021,
OPTSTK,PFIZER,27-May-2021,5850,CE,0,0,0,0.05,102.85,0,0,0,0,19-APR-2021,
OPTSTK,PFIZER,27-May-2021,5900,CE,0,0,0,0.05,92.05,0,0,0,0,19-APR-2021,
OPTSTK,PFIZER,27-May-2021,5950,CE,0,0,0,0.05,82.35,0,0,0,0,19-APR-2021,
OPTSTK,PFIZER,27-May-2021,6000,CE,0,0,0,0.05,73.55,0,0,0,0,19-APR-2021,
OPTSTK,PFIZER,27-May-2021,6050,CE,0,0,0,0.05,65.5,0,0,0,0,19-APR-2021,
OPTSTK,PFIZER,27-May-2021,6100,CE,0,0,0,0.05,58.25,0,0,0,0,19-APR-2021,
OPTSTK,PFIZER,27-May-2021,6150,CE,0,0,0,0.05,51.7,0,0,0,0,19-APR-2021,
OPTSTK,PFIZER,27-May-2021,3400,PE,0,0,0,0.05,0.05,0,0,0,0,19-APR-2021,
OPTSTK,PFIZER,27-May-2021,3450,PE,0,0,0,0.05,0.05,0,0,0,0,19-APR-2021,
OPTSTK,PFIZER,27-May-2021,3500,PE,0,0,0,0.05,0.1,0,0,0,0,19-APR-2021,
OPTSTK,PFIZER,27-May-2021,3550,PE,0,0,0,0.05,0.1,0,0,0,0,19-APR-2021,
OPTSTK,PFIZER,27-May-2021,3600,PE,0,0,0,0.05,0.2,0,0,0,0,19-APR-2021,
OPTSTK,PFIZER,27-May-2021,3650,PE,0,0,0,0.05,0.25,0,0,0,0,19-APR-2021,
OPTSTK,PFIZER,27-May-2021,3700,PE,0,0,0,0.05,0.35,0,0,0,0,19-APR-2021,
OPTSTK,PFIZER,27-May-2021,3750,PE,0,0,0,0.05,0.5,0,0,0,0,19-APR-2021,
OPTSTK,PFIZER,27-May-2021,3800,PE,0,0,0,0.05,0.7,0,0,0,0,19-APR-2021,
OPTSTK,PFIZER,27-May-2021,3850,PE,0,0,0,0.05,0.95,0,0,0,0,19-APR-2021,
OPTSTK,PFIZER,27-May-2021,3900,PE,0,0,0,0.05,1.35,0,0,0,0,19-APR-2021,
OPTSTK,PFIZER,27-May-2021,3950,PE,0,0,0,0.05,1.8,0,0,0,0,19-APR-2021,
OPTSTK,PFIZER,27-May-2021,4000,PE,0,0,0,0.05,2.4,0,0,0,0,19-APR-2021,
OPTSTK,PFIZER,27-May-2021,4050,PE,0,0,0,0.05,3.2,0,0,0,0,19-APR-2021,
OPTSTK,PFIZER,27-May-2021,4100,PE,0,0,0,0.05,4.2,0,0,0,0,19-APR-2021,
OPTSTK,PFIZER,27-May-2021,4150,PE,0,0,0,0.05,5.45,0,0,0,0,19-APR-2021,
OPTSTK,PFIZER,27-May-2021,4200,PE,0,0,0,0.05,6.95,0,0,0,0,19-APR-2021,
OPTSTK,PFIZER,27-May-2021,4250,PE,0,0,0,0.05,8.85,0,0,0,0,19-APR-2021,
OPTSTK,PFIZER,27-May-2021,4300,PE,0,0,0,0.05,11.2,0,0,0,0,19-APR-2021,
OPTSTK,PFIZER,27-May-2021,4350,PE,0,0,0,0.05,13.95,0,0,0,0,19-APR-2021,
OPTSTK,PFIZER,27-May-2021,4400,PE,0,0,0,0.05,17.25,0,0,0,0,19-APR-2021,
OPTSTK,PFIZER,27-May-2021,4450,PE,0,0,0,0.05,21.2,0,0,0,0,19-APR-2021,
OPTSTK,PFIZER,27-May-2021,4500,PE,0,0,0,0.05,25.8,0,0,0,0,19-APR-2021,
OPTSTK,PFIZER,27-May-2021,4550,PE,0,0,0,0.05,31.15,0,0,0,0,19-APR-2021,
OPTSTK,PFIZER,27-May-2021,4600,PE,0,0,0,2.65,37.35,0,0,0,0,19-APR-2021,
OPTSTK,PFIZER,27-May-2021,4650,PE,0,0,0,47.15,44.4,0,0,0,0,19-APR-2021,
OPTSTK,PFIZER,27-May-2021,4700,PE,0,0,0,96.7,52.5,0,0,0,0,19-APR-2021,
OPTSTK,PFIZER,27-May-2021,4750,PE,0,0,0,146.2,61.6,0,0,0,0,19-APR-2021,
OPTSTK,PFIZER,27-May-2021,4800,PE,0,0,0,195.75,71.85,0,0,0,0,19-APR-2021,
OPTSTK,PFIZER,27-May-2021,4850,PE,0,0,0,245.3,83.25,0,0,0,0,19-APR-2021,
OPTSTK,PFIZER,27-May-2021,4900,PE,0,0,0,294.8,96.1,0,0,0,0,19-APR-2021,
OPTSTK,PFIZER,27-May-2021,4950,PE,0,0,0,344.35,110,0,0,0,0,19-APR-2021,
OPTSTK,PFIZER,27-May-2021,5000,PE,0,0,0,393.9,125.1,0,0,0,0,19-APR-2021,
OPTSTK,PFIZER,27-May-2021,5050,PE,0,0,0,443.45,141.85,0,0,0,0,19-APR-2021,
OPTSTK,PFIZER,27-May-2021,5100,PE,0,0,0,492.95,160,0,0,0,0,19-APR-2021,
OPTSTK,PFIZER,27-May-2021,5150,PE,0,0,0,542.5,179.6,0,0,0,0,19-APR-2021,
OPTSTK,PFIZER,27-May-2021,5200,PE,0,0,0,592.05,200.65,0,0,0,0,19-APR-2021,
OPTSTK,PFIZER,27-May-2021,5250,PE,0,0,0,641.55,223.15,0,0,0,0,19-APR-2021,
OPTSTK,PFIZER,27-May-2021,5300,PE,0,0,0,691.1,247.15,0,0,0,0,19-APR-2021,
OPTSTK,PFIZER,27-May-2021,5350,PE,0,0,0,740.65,272.6,0,0,0,0,19-APR-2021,
OPTSTK,PFIZER,27-May-2021,5400,PE,0,0,0,790.15,299.5,0,0,0,0,19-APR-2021,
OPTSTK,PFIZER,27-May-2021,5450,PE,0,0,0,839.7,327.8,0,0,0,0,19-APR-2021,
OPTSTK,PFIZER,27-May-2021,5500,PE,0,0,0,889.25,357.55,0,0,0,0,19-APR-2021,
OPTSTK,PFIZER,27-May-2021,5550,PE,0,0,0,938.75,388.6,0,0,0,0,19-APR-2021,
OPTSTK,PFIZER,27-May-2021,5600,PE,0,0,0,988.3,420.95,0,0,0,0,19-APR-2021,
OPTSTK,PFIZER,27-May-2021,5650,PE,0,0,0,1037.85,454.6,0,0,0,0,19-APR-2021,
OPTSTK,PFIZER,27-May-2021,5700,PE,0,0,0,1087.4,489.45,0,0,0,0,19-APR-2021,
OPTSTK,PFIZER,27-May-2021,5750,PE,0,0,0,1136.9,525.5,0,0,0,0,19-APR-2021,
OPTSTK,PFIZER,27-May-2021,5800,PE,0,0,0,1186.45,562.9,0,0,0,0,19-APR-2021,
OPTSTK,PFIZER,27-May-2021,5850,PE,0,0,0,1236,601.1,0,0,0,0,19-APR-2021,
OPTSTK,PFIZER,27-May-2021,5900,PE,0,0,0,1285.5,640.1,0,0,0,0,19-APR-2021,
OPTSTK,PFIZER,27-May-2021,5950,PE,0,0,0,1335.05,680.2,0,0,0,0,19-APR-2021,
OPTSTK,PFIZER,27-May-2021,6000,PE,0,0,0,1384.6,721.2,0,0,0,0,19-APR-2021,
OPTSTK,PFIZER,27-May-2021,6050,PE,0,0,0,1434.1,763,0,0,0,0,19-APR-2021,
OPTSTK,PFIZER,27-May-2021,6100,PE,0,0,0,1483.65,805.55,0,0,0,0,19-APR-2021,
OPTSTK,PFIZER,27-May-2021,6150,PE,0,0,0,1533.2,848.8,0,0,0,0,19-APR-2021,
OPTSTK,PFIZER,24-Jun-2021,3400,CE,0,0,0,1066.5,1952.7,0,0,0,0,19-APR-2021,
OPTSTK,PFIZER,24-Jun-2021,3450,CE,0,0,0,1022.45,1903.3,0,0,0,0,19-APR-2021,
OPTSTK,PFIZER,24-Jun-2021,3500,CE,0,0,0,979.1,1853.95,0,0,0,0,19-APR-2021,
OPTSTK,PFIZER,24-Jun-2021,3550,CE,0,0,0,936.55,1804.7,0,0,0,0,19-APR-2021,
OPTSTK,PFIZER,24-Jun-2021,3600,CE,0,0,0,894.8,1755.55,0,0,0,0,19-APR-2021,
OPTSTK,PFIZER,24-Jun-2021,3650,CE,0,0,0,853.95,1706.55,0,0,0,0,19-APR-2021,
OPTSTK,PFIZER,24-Jun-2021,3700,CE,0,0,0,813.95,1657.65,0,0,0,0,19-APR-2021,
OPTSTK,PFIZER,24-Jun-2021,3750,CE,0,0,0,774.95,1608.95,0,0,0,0,19-APR-2021,
OPTSTK,PFIZER,24-Jun-2021,3800,CE,0,0,0,736.95,1560.45,0,0,0,0,19-APR-2021,
OPTSTK,PFIZER,24-Jun-2021,3850,CE,0,0,0,700.05,1512.15,0,0,0,0,19-APR-2021,
OPTSTK,PFIZER,24-Jun-2021,3900,CE,0,0,0,664.1,1464.1,0,0,0,0,19-APR-2021,
OPTSTK,PFIZER,24-Jun-2021,3950,CE,0,0,0,629.25,1416.4,0,0,0,0,19-APR-2021,
OPTSTK,PFIZER,24-Jun-2021,4000,CE,0,0,0,595.35,1369,0,0,0,0,19-APR-2021,
OPTSTK,PFIZER,24-Jun-2021,4050,CE,0,0,0,562.75,1322,0,0,0,0,19-APR-2021,
OPTSTK,PFIZER,24-Jun-2021,4100,CE,0,0,0,531.35,1275.4,0,0,0,0,19-APR-2021,
OPTSTK,PFIZER,24-Jun-2021,4150,CE,0,0,0,501.1,1229.25,0,0,0,0,19-APR-2021,
OPTSTK,PFIZER,24-Jun-2021,4200,CE,0,0,0,472.05,1183.65,0,0,0,0,19-APR-2021,
OPTSTK,PFIZER,24-Jun-2021,4250,CE,0,0,0,444.1,1138.55,0,0,0,0,19-APR-2021,
OPTSTK,PFIZER,24-Jun-2021,4300,CE,0,0,0,417.4,1094.05,0,0,0,0,19-APR-2021,
OPTSTK,PFIZER,24-Jun-2021,4350,CE,0,0,0,391.8,1050.2,0,0,0,0,19-APR-2021,
OPTSTK,PFIZER,24-Jun-2021,4400,CE,0,0,0,367.35,1007.05,0,0,0,0,19-APR-2021,
OPTSTK,PFIZER,24-Jun-2021,4450,CE,0,0,0,344.05,964.65,0,0,0,0,19-APR-2021,
OPTSTK,PFIZER,24-Jun-2021,4500,CE,0,0,0,321.9,923,0,0,0,0,19-APR-2021,
OPTSTK,PFIZER,24-Jun-2021,4550,CE,0,0,0,300.85,882.2,0,0,0,0,19-APR-2021,
OPTSTK,PFIZER,24-Jun-2021,4600,CE,0,0,0,280.85,842.25,0,0,0,0,19-APR-2021,
OPTSTK,PFIZER,24-Jun-2021,4650,CE,0,0,0,261.9,803.2,0,0,0,0,19-APR-2021,
OPTSTK,PFIZER,24-Jun-2021,4700,CE,0,0,0,243.95,765.05,0,0,0,0,19-APR-2021,
OPTSTK,PFIZER,24-Jun-2021,4750,CE,0,0,0,227.05,728.1,0,0,0,0,19-APR-2021,
OPTSTK,PFIZER,24-Jun-2021,4800,CE,0,0,0,211.05,691.95,0,0,0,0,19-APR-2021,
OPTSTK,PFIZER,24-Jun-2021,4850,CE,0,0,0,196,656.8,0,0,0,0,19-APR-2021,
OPTSTK,PFIZER,24-Jun-2021,4900,CE,0,0,0,181.85,622.55,0,0,0,0,19-APR-2021,
OPTSTK,PFIZER,24-Jun-2021,4950,CE,0,0,0,168.55,589.6,0,0,0,0,19-APR-2021,
OPTSTK,PFIZER,24-Jun-2021,5000,CE,0,0,0,156.3,557.75,0,0,0,0,19-APR-2021,
OPTSTK,PFIZER,24-Jun-2021,5050,CE,0,0,0,144.65,527,0,0,0,0,19-APR-2021,
OPTSTK,PFIZER,24-Jun-2021,5100,CE,0,0,0,133.75,497.35,0,0,0,0,19-APR-2021,
OPTSTK,PFIZER,24-Jun-2021,5150,CE,0,0,0,123.6,468.85,0,0,0,0,19-APR-2021,
OPTSTK,PFIZER,24-Jun-2021,5200,CE,0,0,0,113.9,441.5,0,0,0,0,19-APR-2021,
OPTSTK,PFIZER,24-Jun-2021,5250,CE,0,0,0,105,415.2,0,0,0,0,19-APR-2021,
OPTSTK,PFIZER,24-Jun-2021,5300,CE,0,0,0,96.75,390.05,0,0,0,0,19-APR-2021,
OPTSTK,PFIZER,24-Jun-2021,5350,CE,0,0,0,89.05,366,0,0,0,0,19-APR-2021,
OPTSTK,PFIZER,24-Jun-2021,5400,CE,0,0,0,81.9,343.05,0,0,0,0,19-APR-2021,
OPTSTK,PFIZER,24-Jun-2021,5450,CE,0,0,0,75.25,321.2,0,0,0,0,19-APR-2021,
OPTSTK,PFIZER,24-Jun-2021,5500,CE,0,0,0,69.1,300.4,0,0,0,0,19-APR-2021,
OPTSTK,PFIZER,24-Jun-2021,5550,CE,0,0,0,63.4,280.6,0,0,0,0,19-APR-2021,
OPTSTK,PFIZER,24-Jun-2021,5600,CE,0,0,0,58.1,261.85,0,0,0,0,19-APR-2021,
OPTSTK,PFIZER,24-Jun-2021,5650,CE,0,0,0,53.25,244.1,0,0,0,0,19-APR-2021,
OPTSTK,PFIZER,24-Jun-2021,5700,CE,0,0,0,48.75,227.25,0,0,0,0,19-APR-2021,
OPTSTK,PFIZER,24-Jun-2021,5750,CE,0,0,0,44.6,211.4,0,0,0,0,19-APR-2021,
OPTSTK,PFIZER,24-Jun-2021,5800,CE,0,0,0,40.75,196.4,0,0,0,0,19-APR-2021,
OPTSTK,PFIZER,24-Jun-2021,5850,CE,0,0,0,37.25,182.3,0,0,0,0,19-APR-2021,
OPTSTK,PFIZER,24-Jun-2021,5900,CE,0,0,0,34,169.05,0,0,0,0,19-APR-2021,
OPTSTK,PFIZER,24-Jun-2021,5950,CE,0,0,0,31,156.85,0,0,0,0,19-APR-2021,
OPTSTK,PFIZER,24-Jun-2021,6000,CE,0,0,0,28.3,145.2,0,0,0,0,19-APR-2021,
OPTSTK,PFIZER,24-Jun-2021,6050,CE,0,0,0,25.75,134.3,0,0,0,0,19-APR-2021,
OPTSTK,PFIZER,24-Jun-2021,6100,CE,0,0,0,23.45,123.9,0,0,0,0,19-APR-2021,
OPTSTK,PFIZER,24-Jun-2021,6150,CE,0,0,0,21.35,114.35,0,0,0,0,19-APR-2021,
OPTSTK,PFIZER,24-Jun-2021,3400,PE,0,0,0,30.45,0.8,0,0,0,0,19-APR-2021,
OPTSTK,PFIZER,24-Jun-2021,3450,PE,0,0,0,35.95,1.05,0,0,0,0,19-APR-2021,
OPTSTK,PFIZER,24-Jun-2021,3500,PE,0,0,0,42.15,1.35,0,0,0,0,19-APR-2021,
OPTSTK,PFIZER,24-Jun-2021,3550,PE,0,0,0,49.1,1.75,0,0,0,0,19-APR-2021,
OPTSTK,PFIZER,24-Jun-2021,3600,PE,0,0,0,56.9,2.3,0,0,0,0,19-APR-2021,
OPTSTK,PFIZER,24-Jun-2021,3650,PE,0,0,0,65.55,2.9,0,0,0,0,19-APR-2021,
OPTSTK,PFIZER,24-Jun-2021,3700,PE,0,0,0,75.15,3.7,0,0,0,0,19-APR-2021,
OPTSTK,PFIZER,24-Jun-2021,3750,PE,0,0,0,85.65,4.65,0,0,0,0,19-APR-2021,
OPTSTK,PFIZER,24-Jun-2021,3800,PE,0,0,0,97.15,5.8,0,0,0,0,19-APR-2021,
OPTSTK,PFIZER,24-Jun-2021,3850,PE,0,0,0,109.85,7.2,0,0,0,0,19-APR-2021,
OPTSTK,PFIZER,24-Jun-2021,3900,PE,0,0,0,123.4,8.8,0,0,0,0,19-APR-2021,
OPTSTK,PFIZER,24-Jun-2021,3950,PE,0,0,0,138.1,10.75,0,0,0,0,19-APR-2021,
OPTSTK,PFIZER,24-Jun-2021,4000,PE,0,0,0,153.7,13.05,0,0,0,0,19-APR-2021,
OPTSTK,PFIZER,24-Jun-2021,4050,PE,0,0,0,170.7,15.7,0,0,0,0,19-APR-2021,
OPTSTK,PFIZER,24-Jun-2021,4100,PE,0,0,0,188.8,18.75,0,0,0,0,19-APR-2021,
OPTSTK,PFIZER,24-Jun-2021,4150,PE,0,0,0,208.1,22.25,0,0,0,0,19-APR-2021,
OPTSTK,PFIZER,24-Jun-2021,4200,PE,0,0,0,228.55,26.3,0,0,0,0,19-APR-2021,
OPTSTK,PFIZER,24-Jun-2021,4250,PE,0,0,0,250.15,30.9,0,0,0,0,19-APR-2021,
OPTSTK,PFIZER,24-Jun-2021,4300,PE,0,0,0,272.95,36.05,0,0,0,0,19-APR-2021,
OPTSTK,PFIZER,24-Jun-2021,4350,PE,0,0,0,296.9,41.85,0,0,0,0,19-APR-2021,
OPTSTK,PFIZER,24-Jun-2021,4400,PE,0,0,0,322,48.4,0,0,0,0,19-APR-2021,
OPTSTK,PFIZER,24-Jun-2021,4450,PE,0,0,0,348.25,55.65,0,0,0,0,19-APR-2021,
OPTSTK,PFIZER,24-Jun-2021,4500,PE,0,0,0,375.6,63.65,0,0,0,0,19-APR-2021,
OPTSTK,PFIZER,24-Jun-2021,4550,PE,0,0,0,404.1,72.5,0,0,0,0,19-APR-2021,
OPTSTK,PFIZER,24-Jun-2021,4600,PE,0,0,0,433.6,82.2,0,0,0,0,19-APR-2021,
OPTSTK,PFIZER,24-Jun-2021,4650,PE,0,0,0,464.2,92.8,0,0,0,0,19-APR-2021,
OPTSTK,PFIZER,24-Jun-2021,4700,PE,0,0,0,495.8,104.35,0,0,0,0,19-APR-2021,
OPTSTK,PFIZER,24-Jun-2021,4750,PE,0,0,0,528.4,117.05,0,0,0,0,19-APR-2021,
OPTSTK,PFIZER,24-Jun-2021,4800,PE,0,0,0,562,130.55,0,0,0,0,19-APR-2021,
OPTSTK,PFIZER,24-Jun-2021,4850,PE,0,0,0,596.45,145.05,0,0,0,0,19-APR-2021,
OPTSTK,PFIZER,24-Jun-2021,4900,PE,0,0,0,631.85,160.45,0,0,0,0,19-APR-2021,
OPTSTK,PFIZER,24-Jun-2021,4950,PE,0,0,0,668.1,177.2,0,0,0,0,19-APR-2021,
OPTSTK,PFIZER,24-Jun-2021,5000,PE,0,0,0,705.4,195,0,0,0,0,19-APR-2021,
OPTSTK,PFIZER,24-Jun-2021,5050,PE,0,0,0,743.25,213.9,0,0,0,0,19-APR-2021,
OPTSTK,PFIZER,24-Jun-2021,5100,PE,0,0,0,781.9,233.95,0,0,0,0,19-APR-2021,
OPTSTK,PFIZER,24-Jun-2021,5150,PE,0,0,0,821.25,255.1,0,0,0,0,19-APR-2021,
OPTSTK,PFIZER,24-Jun-2021,5200,PE,0,0,0,861.1,277.4,0,0,0,0,19-APR-2021,
OPTSTK,PFIZER,24-Jun-2021,5250,PE,0,0,0,901.75,300.8,0,0,0,0,19-APR-2021,
OPTSTK,PFIZER,24-Jun-2021,5300,PE,0,0,0,943,325.3,0,0,0,0,19-APR-2021,
OPTSTK,PFIZER,24-Jun-2021,5350,PE,0,0,0,984.85,350.9,0,0,0,0,19-APR-2021,
OPTSTK,PFIZER,24-Jun-2021,5400,PE,0,0,0,1027.25,377.6,0,0,0,0,19-APR-2021,
OPTSTK,PFIZER,24-Jun-2021,5450,PE,0,0,0,1070.15,405.4,0,0,0,0,19-APR-2021,
OPTSTK,PFIZER,24-Jun-2021,5500,PE,0,0,0,1113.5,434.25,0,0,0,0,19-APR-2021,
OPTSTK,PFIZER,24-Jun-2021,5550,PE,0,0,0,1157.35,464.15,0,0,0,0,19-APR-2021,
OPTSTK,PFIZER,24-Jun-2021,5600,PE,0,0,0,1201.6,495.05,0,0,0,0,19-APR-2021,
OPTSTK,PFIZER,24-Jun-2021,5650,PE,0,0,0,1246.25,526.95,0,0,0,0,19-APR-2021,
OPTSTK,PFIZER,24-Jun-2021,5700,PE,0,0,0,1291.3,559.8,0,0,0,0,19-APR-2021,
OPTSTK,PFIZER,24-Jun-2021,5750,PE,0,0,0,1336.7,593.6,0,0,0,0,19-APR-2021,
OPTSTK,PFIZER,24-Jun-2021,5800,PE,0,0,0,1382.4,628.25,0,0,0,0,19-APR-2021,
OPTSTK,PFIZER,24-Jun-2021,5850,PE,0,0,0,1428.4,663.85,0,0,0,0,19-APR-2021,
OPTSTK,PFIZER,24-Jun-2021,5900,PE,0,0,0,1474.7,700.2,0,0,0,0,19-APR-2021,
OPTSTK,PFIZER,24-Jun-2021,5950,PE,0,0,0,1521.25,737.7,0,0,0,0,19-APR-2021,
OPTSTK,PFIZER,24-Jun-2021,6000,PE,0,0,0,1568.05,775.7,0,0,0,0,19-APR-2021,
OPTSTK,PFIZER,24-Jun-2021,6050,PE,0,0,0,1615.05,814.5,0,0,0,0,19-APR-2021,
OPTSTK,PFIZER,24-Jun-2021,6100,PE,0,0,0,1662.3,853.7,0,0,0,0,19-APR-2021,
OPTSTK,PFIZER,24-Jun-2021,6150,PE,0,0,0,1709.75,893.8,0,0,0,0,19-APR-2021,
OPTSTK,PIDILITIND,29-Apr-2021,1080,CE,0,0,0,646.75,691.85,0,0,0,0,19-APR-2021,
OPTSTK,PIDILITIND,29-Apr-2021,1100,CE,0,0,0,627.1,671.85,0,0,0,0,19-APR-2021,
OPTSTK,PIDILITIND,29-Apr-2021,1120,CE,0,0,0,607.55,651.9,0,0,0,0,19-APR-2021,
OPTSTK,PIDILITIND,29-Apr-2021,1140,CE,0,0,0,588,631.9,0,0,0,0,19-APR-2021,
OPTSTK,PIDILITIND,29-Apr-2021,1160,CE,0,0,0,568.55,611.9,0,0,0,0,19-APR-2021,
OPTSTK,PIDILITIND,29-Apr-2021,1180,CE,0,0,0,549.2,591.95,0,0,0,0,19-APR-2021,
OPTSTK,PIDILITIND,29-Apr-2021,1200,CE,0,0,0,529.95,571.95,0,0,0,0,19-APR-2021,
OPTSTK,PIDILITIND,29-Apr-2021,1220,CE,0,0,0,510.85,552,0,0,0,0,19-APR-2021,
OPTSTK,PIDILITIND,29-Apr-2021,1240,CE,0,0,0,491.85,532,0,0,0,0,19-APR-2021,
OPTSTK,PIDILITIND,29-Apr-2021,1260,CE,0,0,0,473.05,512,0,0,0,0,19-APR-2021,
OPTSTK,PIDILITIND,29-Apr-2021,1280,CE,0,0,0,454.45,492.05,0,0,0,0,19-APR-2021,
OPTSTK,PIDILITIND,29-Apr-2021,1300,CE,0,0,0,436,472.05,0,0,0,0,19-APR-2021,
OPTSTK,PIDILITIND,29-Apr-2021,1320,CE,0,0,0,417.85,452.1,0,0,0,0,19-APR-2021,
OPTSTK,PIDILITIND,29-Apr-2021,1340,CE,0,0,0,399.9,432.1,0,0,0,0,19-APR-2021,
OPTSTK,PIDILITIND,29-Apr-2021,1360,CE,0,0,0,382.25,412.1,0,0,0,0,19-APR-2021,
OPTSTK,PIDILITIND,29-Apr-2021,1380,CE,0,0,0,364.9,392.15,0,0,0,0,19-APR-2021,
OPTSTK,PIDILITIND,29-Apr-2021,1400,CE,0,0,0,347.9,372.15,0,0,0,0,19-APR-2021,
OPTSTK,PIDILITIND,29-Apr-2021,1420,CE,0,0,0,331.2,352.2,0,0,0,0,19-APR-2021,
OPTSTK,PIDILITIND,29-Apr-2021,1440,CE,0,0,0,314.9,332.2,0,0,0,0,19-APR-2021,
OPTSTK,PIDILITIND,29-Apr-2021,1460,CE,0,0,0,299,312.25,0,0,0,0,19-APR-2021,
OPTSTK,PIDILITIND,29-Apr-2021,1480,CE,0,0,0,283.5,292.3,0,0,0,0,19-APR-2021,
OPTSTK,PIDILITIND,29-Apr-2021,1500,CE,0,0,0,268.45,272.35,0,0,0,0,19-APR-2021,
OPTSTK,PIDILITIND,29-Apr-2021,1520,CE,0,0,0,253.85,252.45,0,0,0,0,19-APR-2021,
OPTSTK,PIDILITIND,29-Apr-2021,1540,CE,0,0,0,239.7,232.6,0,0,0,0,19-APR-2021,
OPTSTK,PIDILITIND,29-Apr-2021,1560,CE,0,0,0,225.9,212.9,0,0,0,0,19-APR-2021,
OPTSTK,PIDILITIND,29-Apr-2021,1580,CE,0,0,0,212.7,193.35,0,0,0,0,19-APR-2021,
OPTSTK,PIDILITIND,29-Apr-2021,1600,CE,0,0,0,200,174.15,0,0,0,0,19-APR-2021,
OPTSTK,PIDILITIND,29-Apr-2021,1620,CE,0,0,0,187.8,155.3,0,0,0,0,19-APR-2021,
OPTSTK,PIDILITIND,29-Apr-2021,1640,CE,0,0,0,176.1,137,0,0,0,0,19-APR-2021,
OPTSTK,PIDILITIND,29-Apr-2021,1660,CE,0,0,0,164.9,119.45,0,0,0,0,19-APR-2021,
OPTSTK,PIDILITIND,29-Apr-2021,1680,CE,0,0,0,154.2,102.85,0,0,0,0,19-APR-2021,
OPTSTK,PIDILITIND,29-Apr-2021,1700,CE,0,0,0,133.55,87.25,0,0,1500,0,19-APR-2021,
OPTSTK,PIDILITIND,29-Apr-2021,1720,CE,0,0,0,134.25,72.95,0,0,0,0,19-APR-2021,
OPTSTK,PIDILITIND,29-Apr-2021,1740,CE,0,0,0,125.05,60,0,0,0,0,19-APR-2021,
OPTSTK,PIDILITIND,29-Apr-2021,1760,CE,62,62,41,41.05,41.05,6,54.13,3000,2000,19-APR-2021,
OPTSTK,PIDILITIND,29-Apr-2021,1780,CE,33,37.05,30.05,31.6,31.6,20,181.26,5000,2000,19-APR-2021,
OPTSTK,PIDILITIND,29-Apr-2021,1800,CE,48.75,48.75,20.6,22.35,22.35,218,1991.6,52500,12500,19-APR-2021,
OPTSTK,PIDILITIND,29-Apr-2021,1820,CE,16.9,29.95,15.45,16.1,16.1,87,801.26,24500,3500,19-APR-2021,
OPTSTK,PIDILITIND,29-Apr-2021,1840,CE,15.15,22.15,11.35,11.9,11.9,168,1559.21,37500,0,19-APR-2021,
OPTSTK,PIDILITIND,29-Apr-2021,1860,CE,10.6,16,8.5,9.25,9.25,236,2207.92,58000,8500,19-APR-2021,
OPTSTK,PIDILITIND,29-Apr-2021,1880,CE,9.15,11.6,6.55,6.85,6.85,89,840.75,21000,500,19-APR-2021,
OPTSTK,PIDILITIND,29-Apr-2021,1900,CE,5.05,8.75,5.05,5.8,5.8,303,2888.63,137500,14500,19-APR-2021,
OPTSTK,PIDILITIND,29-Apr-2021,1920,CE,1.15,6.2,1.1,4.3,4.3,31,298.33,36500,-2000,19-APR-2021,
OPTSTK,PIDILITIND,29-Apr-2021,1940,CE,3.1,5.05,3.1,3.55,3.55,116,1127.63,44000,0,19-APR-2021,
OPTSTK,PIDILITIND,29-Apr-2021,1960,CE,2.35,3.95,2.35,3.95,2.15,4,39.26,22500,-1500,19-APR-2021,
OPTSTK,PIDILITIND,29-Apr-2021,1980,CE,1.7,2.65,1.7,2.4,2.4,19,188.31,9500,-8000,19-APR-2021,
OPTSTK,PIDILITIND,29-Apr-2021,2000,CE,3,3,1,1.7,1.7,198,1981.85,77000,-16500,19-APR-2021,
OPTSTK,PIDILITIND,29-Apr-2021,2020,CE,0,0,0,2.15,0.6,0,0,6000,0,19-APR-2021,
OPTSTK,PIDILITIND,29-Apr-2021,2040,CE,0,0,0,2,0.35,0,0,5500,0,19-APR-2021,
OPTSTK,PIDILITIND,29-Apr-2021,2060,CE,0,0,0,0.7,0.25,0,0,8000,0,19-APR-2021,
OPTSTK,PIDILITIND,29-Apr-2021,2080,CE,0,0,0,31,0.15,0,0,0,0,19-APR-2021,
OPTSTK,PIDILITIND,29-Apr-2021,2100,CE,0.8,0.85,0.8,0.85,0.85,5,52.52,27500,-2500,19-APR-2021,
OPTSTK,PIDILITIND,29-Apr-2021,2120,CE,0,0,0,25.8,0.05,0,0,0,0,19-APR-2021,
OPTSTK,PIDILITIND,29-Apr-2021,2140,CE,0,0,0,23.45,0.05,0,0,0,0,19-APR-2021,
OPTSTK,PIDILITIND,29-Apr-2021,2160,CE,0,0,0,21.35,0.05,0,0,0,0,19-APR-2021,
OPTSTK,PIDILITIND,29-Apr-2021,2180,CE,0,0,0,2.75,0.05,0,0,2500,0,19-APR-2021,
OPTSTK,PIDILITIND,29-Apr-2021,2200,CE,0,0,0,17.6,0,0,0,0,0,19-APR-2021,
OPTSTK,PIDILITIND,29-Apr-2021,2220,CE,0,0,0,16,0,0,0,0,0,19-APR-2021,
OPTSTK,PIDILITIND,29-Apr-2021,2240,CE,0,0,0,14.5,0,0,0,0,0,19-APR-2021,
OPTSTK,PIDILITIND,29-Apr-2021,2260,CE,0,0,0,13.1,0,0,0,0,0,19-APR-2021,
OPTSTK,PIDILITIND,29-Apr-2021,2280,CE,0,0,0,11.85,0,0,0,0,0,19-APR-2021,
OPTSTK,PIDILITIND,29-Apr-2021,1080,PE,0,0,0,0.5,0,0,0,0,0,19-APR-2021,
OPTSTK,PIDILITIND,29-Apr-2021,1100,PE,0,0,0,0.7,0,0,0,0,0,19-APR-2021,
OPTSTK,PIDILITIND,29-Apr-2021,1120,PE,0,0,0,0.9,0,0,0,0,0,19-APR-2021,
OPTSTK,PIDILITIND,29-Apr-2021,1140,PE,0,0,0,1.2,0,0,0,0,0,19-APR-2021,
OPTSTK,PIDILITIND,29-Apr-2021,1160,PE,0,0,0,1.6,0,0,0,0,0,19-APR-2021,
OPTSTK,PIDILITIND,29-Apr-2021,1180,PE,0,0,0,2.05,0,0,0,0,0,19-APR-2021,
OPTSTK,PIDILITIND,29-Apr-2021,1200,PE,0,0,0,2.6,0,0,0,0,0,19-APR-2021,
OPTSTK,PIDILITIND,29-Apr-2021,1220,PE,0,0,0,3.3,0,0,0,0,0,19-APR-2021,
OPTSTK,PIDILITIND,29-Apr-2021,1240,PE,0,0,0,4.15,0,0,0,0,0,19-APR-2021,
OPTSTK,PIDILITIND,29-Apr-2021,1260,PE,0,0,0,5.15,0,0,0,0,0,19-APR-2021,
OPTSTK,PIDILITIND,29-Apr-2021,1280,PE,0,0,0,6.35,0,0,0,0,0,19-APR-2021,
OPTSTK,PIDILITIND,29-Apr-2021,1300,PE,0,0,0,0.45,0,0,0,1500,0,19-APR-2021,
OPTSTK,PIDILITIND,29-Apr-2021,1320,PE,0,0,0,9.35,0,0,0,0,0,19-APR-2021,
OPTSTK,PIDILITIND,29-Apr-2021,1340,PE,0,0,0,11.25,0,0,0,0,0,19-APR-2021,
OPTSTK,PIDILITIND,29-Apr-2021,1360,PE,0,0,0,13.4,0,0,0,0,0,19-APR-2021,
OPTSTK,PIDILITIND,29-Apr-2021,1380,PE,0,0,0,15.9,0,0,0,0,0,19-APR-2021,
OPTSTK,PIDILITIND,29-Apr-2021,1400,PE,0,0,0,18.65,0,0,0,0,0,19-APR-2021,
OPTSTK,PIDILITIND,29-Apr-2021,1420,PE,0,0,0,21.8,0,0,0,0,0,19-APR-2021,
OPTSTK,PIDILITIND,29-Apr-2021,1440,PE,0,0,0,25.35,0.05,0,0,0,0,19-APR-2021,
OPTSTK,PIDILITIND,29-Apr-2021,1460,PE,0,0,0,29.25,0.05,0,0,0,0,19-APR-2021,
OPTSTK,PIDILITIND,29-Apr-2021,1480,PE,0,0,0,33.55,0.05,0,0,0,0,19-APR-2021,
OPTSTK,PIDILITIND,29-Apr-2021,1500,PE,0,0,0,38.3,0.1,0,0,0,0,19-APR-2021,
OPTSTK,PIDILITIND,29-Apr-2021,1520,PE,0,0,0,43.55,0.2,0,0,0,0,19-APR-2021,
OPTSTK,PIDILITIND,29-Apr-2021,1540,PE,0,0,0,49.2,0.35,0,0,0,0,19-APR-2021,
OPTSTK,PIDILITIND,29-Apr-2021,1560,PE,0,0,0,55.25,0.6,0,0,0,0,19-APR-2021,
OPTSTK,PIDILITIND,29-Apr-2021,1580,PE,0,0,0,61.85,1.05,0,0,0,0,19-APR-2021,
OPTSTK,PIDILITIND,29-Apr-2021,1600,PE,1.15,1.35,1.15,1.35,1.8,2,16.01,36000,-1000,19-APR-2021,
OPTSTK,PIDILITIND,29-Apr-2021,1620,PE,0,0,0,76.55,2.95,0,0,0,0,19-APR-2021,
OPTSTK,PIDILITIND,29-Apr-2021,1640,PE,0,0,0,84.65,4.65,0,0,0,0,19-APR-2021,
OPTSTK,PIDILITIND,29-Apr-2021,1660,PE,0,0,0,93.25,7.05,0,0,0,0,19-APR-2021,
OPTSTK,PIDILITIND,29-Apr-2021,1680,PE,0,0,0,102.4,10.4,0,0,0,0,19-APR-2021,
OPTSTK,PIDILITIND,29-Apr-2021,1700,PE,8.25,9,3.7,7,7,241,2056.36,75000,0,19-APR-2021,
OPTSTK,PIDILITIND,29-Apr-2021,1720,PE,9.8,10.65,9.55,10.65,10.65,7,60.55,4000,1500,19-APR-2021,
OPTSTK,PIDILITIND,29-Apr-2021,1740,PE,11.9,20,8.3,16.1,16.1,35,307.33,26500,2500,19-APR-2021,
OPTSTK,PIDILITIND,29-Apr-2021,1760,PE,18.5,27,13.45,23.55,23.55,112,996.62,29500,-3500,19-APR-2021,
OPTSTK,PIDILITIND,29-Apr-2021,1780,PE,28.85,37.7,19.15,33.25,33.25,84,759.96,24000,-3000,19-APR-2021,
OPTSTK,PIDILITIND,29-Apr-2021,1800,PE,36.8,51.65,26.45,44.95,44.95,162,1487.64,55000,-8500,19-APR-2021,
OPTSTK,PIDILITIND,29-Apr-2021,1820,PE,51.15,59.95,36.7,51.05,70.6,16,149.35,15000,-1500,19-APR-2021,
OPTSTK,PIDILITIND,29-Apr-2021,1840,PE,55.85,80.45,55.6,73.55,73.55,5,47.64,27000,1000,19-APR-2021,
OPTSTK,PIDILITIND,29-Apr-2021,1860,PE,90.75,90.95,90.75,90.95,90.95,2,19.5,16000,-500,19-APR-2021,
OPTSTK,PIDILITIND,29-Apr-2021,1880,PE,109.6,109.6,109.6,109.6,109.6,1,9.94,5000,-500,19-APR-2021,
OPTSTK,PIDILITIND,29-Apr-2021,1900,PE,102.25,128.25,102.25,128.25,128.25,5,50.51,27500,500,19-APR-2021,
OPTSTK,PIDILITIND,29-Apr-2021,1920,PE,0,0,0,128.05,152,0,0,2500,0,19-APR-2021,
OPTSTK,PIDILITIND,29-Apr-2021,1940,PE,159.45,159.45,159.45,159.45,170.5,1,10.49,1500,0,19-APR-2021,
OPTSTK,PIDILITIND,29-Apr-2021,1960,PE,0,0,0,278.3,189.45,0,0,0,0,19-APR-2021,
OPTSTK,PIDILITIND,29-Apr-2021,1980,PE,0,0,0,293.8,208.7,0,0,0,0,19-APR-2021,
OPTSTK,PIDILITIND,29-Apr-2021,2000,PE,0,0,0,309.55,228.2,0,0,0,0,19-APR-2021,
OPTSTK,PIDILITIND,29-Apr-2021,2020,PE,0,0,0,325.65,247.85,0,0,0,0,19-APR-2021,
OPTSTK,PIDILITIND,29-Apr-2021,2040,PE,0,0,0,342,267.6,0,0,0,0,19-APR-2021,
OPTSTK,PIDILITIND,29-Apr-2021,2060,PE,0,0,0,358.65,287.45,0,0,0,0,19-APR-2021,
OPTSTK,PIDILITIND,29-Apr-2021,2080,PE,0,0,0,375.5,307.35,0,0,0,0,19-APR-2021,
OPTSTK,PIDILITIND,29-Apr-2021,2100,PE,0,0,0,392.6,327.25,0,0,0,0,19-APR-2021,
OPTSTK,PIDILITIND,29-Apr-2021,2120,PE,0,0,0,409.9,347.2,0,0,0,0,19-APR-2021,
OPTSTK,PIDILITIND,29-Apr-2021,2140,PE,0,0,0,427.4,367.15,0,0,0,0,19-APR-2021,
OPTSTK,PIDILITIND,29-Apr-2021,2160,PE,0,0,0,445.1,387.15,0,0,0,0,19-APR-2021,
OPTSTK,PIDILITIND,29-Apr-2021,2180,PE,0,0,0,462.95,407.1,0,0,0,0,19-APR-2021,
OPTSTK,PIDILITIND,29-Apr-2021,2200,PE,0,0,0,481,427.1,0,0,0,0,19-APR-2021,
OPTSTK,PIDILITIND,29-Apr-2021,2220,PE,0,0,0,499.2,447.05,0,0,0,0,19-APR-2021,
OPTSTK,PIDILITIND,29-Apr-2021,2240,PE,0,0,0,517.5,467.05,0,0,0,0,19-APR-2021,
OPTSTK,PIDILITIND,29-Apr-2021,2260,PE,0,0,0,535.95,487,0,0,0,0,19-APR-2021,
OPTSTK,PIDILITIND,29-Apr-2021,2280,PE,0,0,0,554.5,507,0,0,0,0,19-APR-2021,
OPTSTK,PIDILITIND,27-May-2021,1080,CE,0,0,0,649.75,695,0,0,0,0,19-APR-2021,
OPTSTK,PIDILITIND,27-May-2021,1100,CE,0,0,0,630.1,675.05,0,0,0,0,19-APR-2021,
OPTSTK,PIDILITIND,27-May-2021,1120,CE,0,0,0,610.45,655.15,0,0,0,0,19-APR-2021,
OPTSTK,PIDILITIND,27-May-2021,1140,CE,0,0,0,590.9,635.2,0,0,0,0,19-APR-2021,
OPTSTK,PIDILITIND,27-May-2021,1160,CE,0,0,0,571.4,615.3,0,0,0,0,19-APR-2021,
OPTSTK,PIDILITIND,27-May-2021,1180,CE,0,0,0,552,595.4,0,0,0,0,19-APR-2021,
OPTSTK,PIDILITIND,27-May-2021,1200,CE,0,0,0,532.65,575.45,0,0,0,0,19-APR-2021,
OPTSTK,PIDILITIND,27-May-2021,1220,CE,0,0,0,513.45,555.55,0,0,0,0,19-APR-2021,
OPTSTK,PIDILITIND,27-May-2021,1240,CE,0,0,0,494.4,535.65,0,0,0,0,19-APR-2021,
OPTSTK,PIDILITIND,27-May-2021,1260,CE,0,0,0,475.45,515.75,0,0,0,0,19-APR-2021,
OPTSTK,PIDILITIND,27-May-2021,1280,CE,0,0,0,456.7,495.9,0,0,0,0,19-APR-2021,
OPTSTK,PIDILITIND,27-May-2021,1300,CE,0,0,0,438.15,476.05,0,0,0,0,19-APR-2021,
OPTSTK,PIDILITIND,27-May-2021,1320,CE,0,0,0,419.85,456.2,0,0,0,0,19-APR-2021,
OPTSTK,PIDILITIND,27-May-2021,1340,CE,0,0,0,401.75,436.45,0,0,0,0,19-APR-2021,
OPTSTK,PIDILITIND,27-May-2021,1360,CE,0,0,0,383.95,416.75,0,0,0,0,19-APR-2021,
OPTSTK,PIDILITIND,27-May-2021,1380,CE,0,0,0,366.45,397.1,0,0,0,0,19-APR-2021,
OPTSTK,PIDILITIND,27-May-2021,1400,CE,0,0,0,349.25,377.55,0,0,0,0,19-APR-2021,
OPTSTK,PIDILITIND,27-May-2021,1420,CE,0,0,0,332.4,358.2,0,0,0,0,19-APR-2021,
OPTSTK,PIDILITIND,27-May-2021,1440,CE,0,0,0,315.9,338.95,0,0,0,0,19-APR-2021,
OPTSTK,PIDILITIND,27-May-2021,1460,CE,0,0,0,299.8,319.95,0,0,0,0,19-APR-2021,
OPTSTK,PIDILITIND,27-May-2021,1480,CE,0,0,0,284.1,301.2,0,0,0,0,19-APR-2021,
OPTSTK,PIDILITIND,27-May-2021,1500,CE,0,0,0,268.85,282.7,0,0,0,0,19-APR-2021,
OPTSTK,PIDILITIND,27-May-2021,1520,CE,0,0,0,254.1,264.55,0,0,0,0,19-APR-2021,
OPTSTK,PIDILITIND,27-May-2021,1540,CE,0,0,0,239.7,246.8,0,0,0,0,19-APR-2021,
OPTSTK,PIDILITIND,27-May-2021,1560,CE,0,0,0,225.85,229.5,0,0,0,0,19-APR-2021,
OPTSTK,PIDILITIND,27-May-2021,1580,CE,0,0,0,212.4,212.7,0,0,0,0,19-APR-2021,
OPTSTK,PIDILITIND,27-May-2021,1600,CE,0,0,0,199.5,196.45,0,0,0,0,19-APR-2021,
OPTSTK,PIDILITIND,27-May-2021,1620,CE,0,0,0,187.15,180.8,0,0,0,0,19-APR-2021,
OPTSTK,PIDILITIND,27-May-2021,1640,CE,0,0,0,175.3,165.85,0,0,0,0,19-APR-2021,
OPTSTK,PIDILITIND,27-May-2021,1660,CE,0,0,0,163.95,151.4,0,0,0,0,19-APR-2021,
OPTSTK,PIDILITIND,27-May-2021,1680,CE,0,0,0,153.1,137.75,0,0,0,0,19-APR-2021,
OPTSTK,PIDILITIND,27-May-2021,1700,CE,0,0,0,142.75,124.9,0,0,0,0,19-APR-2021,
OPTSTK,PIDILITIND,27-May-2021,1720,CE,0,0,0,132.95,112.75,0,0,0,0,19-APR-2021,
OPTSTK,PIDILITIND,27-May-2021,1740,CE,0,0,0,123.6,101.4,0,0,0,0,19-APR-2021,
OPTSTK,PIDILITIND,27-May-2021,1760,CE,0,0,0,114.8,90.85,0,0,0,0,19-APR-2021,
OPTSTK,PIDILITIND,27-May-2021,1780,CE,0,0,0,106.45,81.05,0,0,0,0,19-APR-2021,
OPTSTK,PIDILITIND,27-May-2021,1800,CE,0,0,0,98.6,72,0,0,0,0,19-APR-2021,
OPTSTK,PIDILITIND,27-May-2021,1820,CE,0,0,0,91.15,63.75,0,0,0,0,19-APR-2021,
OPTSTK,PIDILITIND,27-May-2021,1840,CE,0,0,0,84.2,56.15,0,0,0,0,19-APR-2021,
OPTSTK,PIDILITIND,27-May-2021,1860,CE,0,0,0,77.65,49.3,0,0,0,0,19-APR-2021,
OPTSTK,PIDILITIND,27-May-2021,1880,CE,0,0,0,71.55,43.1,0,0,0,0,19-APR-2021,
OPTSTK,PIDILITIND,27-May-2021,1900,CE,0,0,0,37.15,37.55,0,0,1000,0,19-APR-2021,
OPTSTK,PIDILITIND,27-May-2021,1920,CE,0,0,0,60.45,32.65,0,0,0,0,19-APR-2021,
OPTSTK,PIDILITIND,27-May-2021,1940,CE,0,0,0,55.6,28.2,0,0,0,0,19-APR-2021,
OPTSTK,PIDILITIND,27-May-2021,1960,CE,0,0,0,50.95,24.3,0,0,0,0,19-APR-2021,
OPTSTK,PIDILITIND,27-May-2021,1980,CE,0,0,0,46.7,20.8,0,0,0,0,19-APR-2021,
OPTSTK,PIDILITIND,27-May-2021,2000,CE,31.1,31.1,31.1,31.1,17.8,1,10.15,1500,500,19-APR-2021,
OPTSTK,PIDILITIND,27-May-2021,2020,CE,0,0,0,38.95,15.15,0,0,0,0,19-APR-2021,
OPTSTK,PIDILITIND,27-May-2021,2040,CE,0,0,0,35.55,12.85,0,0,0,0,19-APR-2021,
OPTSTK,PIDILITIND,27-May-2021,2060,CE,0,0,0,32.4,10.85,0,0,0,0,19-APR-2021,
OPTSTK,PIDILITIND,27-May-2021,2080,CE,0,0,0,29.5,9.15,0,0,0,0,19-APR-2021,
OPTSTK,PIDILITIND,27-May-2021,2100,CE,0,0,0,26.85,7.7,0,0,0,0,19-APR-2021,
OPTSTK,PIDILITIND,27-May-2021,2120,CE,0,0,0,24.4,6.4,0,0,0,0,19-APR-2021,
OPTSTK,PIDILITIND,27-May-2021,2140,CE,0,0,0,22.15,5.35,0,0,0,0,19-APR-2021,
OPTSTK,PIDILITIND,27-May-2021,2160,CE,0,0,0,20.05,4.45,0,0,0,0,19-APR-2021,
OPTSTK,PIDILITIND,27-May-2021,2180,CE,0,0,0,18.2,3.7,0,0,0,0,19-APR-2021,
OPTSTK,PIDILITIND,27-May-2021,2200,CE,6.5,6.5,3.8,3.8,3.05,4,44.09,16000,1500,19-APR-2021,
OPTSTK,PIDILITIND,27-May-2021,2220,CE,0,0,0,14.9,2.5,0,0,0,0,19-APR-2021,
OPTSTK,PIDILITIND,27-May-2021,2240,CE,0,0,0,13.45,2.05,0,0,0,0,19-APR-2021,
OPTSTK,PIDILITIND,27-May-2021,2260,CE,0,0,0,12.15,1.7,0,0,0,0,19-APR-2021,
OPTSTK,PIDILITIND,27-May-2021,2280,CE,0,0,0,10.95,1.4,0,0,0,0,19-APR-2021,
OPTSTK,PIDILITIND,27-May-2021,1080,PE,0,0,0,0.4,0,0,0,0,0,19-APR-2021,
OPTSTK,PIDILITIND,27-May-2021,1100,PE,0,0,0,0.55,0,0,0,0,0,19-APR-2021,
OPTSTK,PIDILITIND,27-May-2021,1120,PE,0,0,0,0.75,0,0,0,0,0,19-APR-2021,
OPTSTK,PIDILITIND,27-May-2021,1140,PE,0,0,0,1,0,0,0,0,0,19-APR-2021,
OPTSTK,PIDILITIND,27-May-2021,1160,PE,0,0,0,1.3,0,0,0,0,0,19-APR-2021,
OPTSTK,PIDILITIND,27-May-2021,1180,PE,0,0,0,1.7,0.05,0,0,0,0,19-APR-2021,
OPTSTK,PIDILITIND,27-May-2021,1200,PE,0,0,0,2.2,0.05,0,0,0,0,19-APR-2021,
OPTSTK,PIDILITIND,27-May-2021,1220,PE,0,0,0,2.8,0.05,0,0,0,0,19-APR-2021,
OPTSTK,PIDILITIND,27-May-2021,1240,PE,0,0,0,3.55,0.05,0,0,0,0,19-APR-2021,
OPTSTK,PIDILITIND,27-May-2021,1260,PE,0,0,0,4.45,0.1,0,0,0,0,19-APR-2021,
OPTSTK,PIDILITIND,27-May-2021,1280,PE,0,0,0,5.5,0.15,0,0,0,0,19-APR-2021,
OPTSTK,PIDILITIND,27-May-2021,1300,PE,0,0,0,6.75,0.2,0,0,0,0,19-APR-2021,
OPTSTK,PIDILITIND,27-May-2021,1320,PE,0,0,0,8.25,0.3,0,0,0,0,19-APR-2021,
OPTSTK,PIDILITIND,27-May-2021,1340,PE,0,0,0,10,0.45,0,0,0,0,19-APR-2021,
OPTSTK,PIDILITIND,27-May-2021,1360,PE,0,0,0,12,0.7,0,0,0,0,19-APR-2021,
OPTSTK,PIDILITIND,27-May-2021,1380,PE,0,0,0,14.3,0.95,0,0,0,0,19-APR-2021,
OPTSTK,PIDILITIND,27-May-2021,1400,PE,0,0,0,16.9,1.35,0,0,0,0,19-APR-2021,
OPTSTK,PIDILITIND,27-May-2021,1420,PE,0,0,0,19.85,1.9,0,0,0,0,19-APR-2021,
OPTSTK,PIDILITIND,27-May-2021,1440,PE,0,0,0,23.2,2.6,0,0,0,0,19-APR-2021,
OPTSTK,PIDILITIND,27-May-2021,1460,PE,0,0,0,26.9,3.5,0,0,0,0,19-APR-2021,
OPTSTK,PIDILITIND,27-May-2021,1480,PE,0,0,0,31.05,4.65,0,0,0,0,19-APR-2021,
OPTSTK,PIDILITIND,27-May-2021,1500,PE,0,0,0,35.6,6.1,0,0,0,0,19-APR-2021,
OPTSTK,PIDILITIND,27-May-2021,1520,PE,0,0,0,40.65,7.9,0,0,0,0,19-APR-2021,
OPTSTK,PIDILITIND,27-May-2021,1540,PE,0,0,0,46.1,10.05,0,0,0,0,19-APR-2021,
OPTSTK,PIDILITIND,27-May-2021,1560,PE,0,0,0,52,12.7,0,0,0,0,19-APR-2021,
OPTSTK,PIDILITIND,27-May-2021,1580,PE,0,0,0,58.4,15.8,0,0,0,0,19-APR-2021,
OPTSTK,PIDILITIND,27-May-2021,1600,PE,0,0,0,6,19.5,0,0,2500,0,19-APR-2021,
OPTSTK,PIDILITIND,27-May-2021,1620,PE,0,0,0,72.75,23.75,0,0,0,0,19-APR-2021,
OPTSTK,PIDILITIND,27-May-2021,1640,PE,0,0,0,80.7,28.7,0,0,0,0,19-APR-2021,
OPTSTK,PIDILITIND,27-May-2021,1660,PE,0,0,0,89.2,34.2,0,0,0,0,19-APR-2021,
OPTSTK,PIDILITIND,27-May-2021,1680,PE,0,0,0,98.15,40.45,0,0,0,0,19-APR-2021,
OPTSTK,PIDILITIND,27-May-2021,1700,PE,0,0,0,107.65,47.5,0,0,0,0,19-APR-2021,
OPTSTK,PIDILITIND,27-May-2021,1720,PE,0,0,0,117.65,55.3,0,0,0,0,19-APR-2021,
OPTSTK,PIDILITIND,27-May-2021,1740,PE,0,0,0,128.15,63.9,0,0,0,0,19-APR-2021,
OPTSTK,PIDILITIND,27-May-2021,1760,PE,0,0,0,139.1,73.25,0,0,0,0,19-APR-2021,
OPTSTK,PIDILITIND,27-May-2021,1780,PE,0,0,0,150.6,83.35,0,0,0,0,19-APR-2021,
OPTSTK,PIDILITIND,27-May-2021,1800,PE,0,0,0,162.55,94.25,0,0,0,0,19-APR-2021,
OPTSTK,PIDILITIND,27-May-2021,1820,PE,0,0,0,174.95,105.9,0,0,0,0,19-APR-2021,
OPTSTK,PIDILITIND,27-May-2021,1840,PE,0,0,0,187.8,118.25,0,0,0,0,19-APR-2021,
OPTSTK,PIDILITIND,27-May-2021,1860,PE,0,0,0,201.05,131.3,0,0,0,0,19-APR-2021,
OPTSTK,PIDILITIND,27-May-2021,1880,PE,0,0,0,214.75,145.05,0,0,0,0,19-APR-2021,
OPTSTK,PIDILITIND,27-May-2021,1900,PE,0,0,0,228.85,159.4,0,0,0,0,19-APR-2021,
OPTSTK,PIDILITIND,27-May-2021,1920,PE,0,0,0,243.3,174.45,0,0,0,0,19-APR-2021,
OPTSTK,PIDILITIND,27-May-2021,1940,PE,0,0,0,258.25,189.9,0,0,0,0,19-APR-2021,
OPTSTK,PIDILITIND,27-May-2021,1960,PE,0,0,0,273.45,205.9,0,0,0,0,19-APR-2021,
OPTSTK,PIDILITIND,27-May-2021,1980,PE,0,0,0,288.95,222.35,0,0,0,0,19-APR-2021,
OPTSTK,PIDILITIND,27-May-2021,2000,PE,0,0,0,304.75,239.25,0,0,0,0,19-APR-2021,
OPTSTK,PIDILITIND,27-May-2021,2020,PE,0,0,0,320.85,256.55,0,0,0,0,19-APR-2021,
OPTSTK,PIDILITIND,27-May-2021,2040,PE,0,0,0,337.25,274.15,0,0,0,0,19-APR-2021,
OPTSTK,PIDILITIND,27-May-2021,2060,PE,0,0,0,353.95,292.1,0,0,0,0,19-APR-2021,
OPTSTK,PIDILITIND,27-May-2021,2080,PE,0,0,0,370.85,310.3,0,0,0,0,19-APR-2021,
OPTSTK,PIDILITIND,27-May-2021,2100,PE,0,0,0,388,328.75,0,0,0,0,19-APR-2021,
OPTSTK,PIDILITIND,27-May-2021,2120,PE,0,0,0,405.35,347.4,0,0,0,0,19-APR-2021,
OPTSTK,PIDILITIND,27-May-2021,2140,PE,0,0,0,422.9,366.25,0,0,0,0,19-APR-2021,
OPTSTK,PIDILITIND,27-May-2021,2160,PE,0,0,0,440.65,385.3,0,0,0,0,19-APR-2021,
OPTSTK,PIDILITIND,27-May-2021,2180,PE,0,0,0,458.6,404.45,0,0,0,0,19-APR-2021,
OPTSTK,PIDILITIND,27-May-2021,2200,PE,0,0,0,476.7,423.7,0,0,0,0,19-APR-2021,
OPTSTK,PIDILITIND,27-May-2021,2220,PE,0,0,0,494.9,443.1,0,0,0,0,19-APR-2021,
OPTSTK,PIDILITIND,27-May-2021,2240,PE,0,0,0,513.3,462.6,0,0,0,0,19-APR-2021,
OPTSTK,PIDILITIND,27-May-2021,2260,PE,0,0,0,531.8,482.15,0,0,0,0,19-APR-2021,
OPTSTK,PIDILITIND,27-May-2021,2280,PE,0,0,0,550.4,501.75,0,0,0,0,19-APR-2021,
OPTSTK,PIDILITIND,24-Jun-2021,1080,CE,0,0,0,694.65,698.1,0,0,0,0,19-APR-2021,
OPTSTK,PIDILITIND,24-Jun-2021,1100,CE,0,0,0,674.9,678.25,0,0,0,0,19-APR-2021,
OPTSTK,PIDILITIND,24-Jun-2021,1120,CE,0,0,0,655.2,658.4,0,0,0,0,19-APR-2021,
OPTSTK,PIDILITIND,24-Jun-2021,1140,CE,0,0,0,635.55,638.6,0,0,0,0,19-APR-2021,
OPTSTK,PIDILITIND,24-Jun-2021,1160,CE,0,0,0,615.9,618.75,0,0,0,0,19-APR-2021,
OPTSTK,PIDILITIND,24-Jun-2021,1180,CE,0,0,0,596.35,599,0,0,0,0,19-APR-2021,
OPTSTK,PIDILITIND,24-Jun-2021,1200,CE,0,0,0,576.8,579.2,0,0,0,0,19-APR-2021,
OPTSTK,PIDILITIND,24-Jun-2021,1220,CE,0,0,0,557.4,559.5,0,0,0,0,19-APR-2021,
OPTSTK,PIDILITIND,24-Jun-2021,1240,CE,0,0,0,538.05,539.85,0,0,0,0,19-APR-2021,
OPTSTK,PIDILITIND,24-Jun-2021,1260,CE,0,0,0,518.8,520.2,0,0,0,0,19-APR-2021,
OPTSTK,PIDILITIND,24-Jun-2021,1280,CE,0,0,0,499.7,500.7,0,0,0,0,19-APR-2021,
OPTSTK,PIDILITIND,24-Jun-2021,1300,CE,0,0,0,480.75,481.25,0,0,0,0,19-APR-2021,
OPTSTK,PIDILITIND,24-Jun-2021,1320,CE,0,0,0,462,461.9,0,0,0,0,19-APR-2021,
OPTSTK,PIDILITIND,24-Jun-2021,1340,CE,0,0,0,443.4,442.7,0,0,0,0,19-APR-2021,
OPTSTK,PIDILITIND,24-Jun-2021,1360,CE,0,0,0,425,423.65,0,0,0,0,19-APR-2021,
OPTSTK,PIDILITIND,24-Jun-2021,1380,CE,0,0,0,406.85,404.8,0,0,0,0,19-APR-2021,
OPTSTK,PIDILITIND,24-Jun-2021,1400,CE,0,0,0,389,386.15,0,0,0,0,19-APR-2021,
OPTSTK,PIDILITIND,24-Jun-2021,1420,CE,0,0,0,371.4,367.75,0,0,0,0,19-APR-2021,
OPTSTK,PIDILITIND,24-Jun-2021,1440,CE,0,0,0,354.1,349.6,0,0,0,0,19-APR-2021,
OPTSTK,PIDILITIND,24-Jun-2021,1460,CE,0,0,0,337.15,331.75,0,0,0,0,19-APR-2021,
OPTSTK,PIDILITIND,24-Jun-2021,1480,CE,0,0,0,320.55,314.25,0,0,0,0,19-APR-2021,
OPTSTK,PIDILITIND,24-Jun-2021,1500,CE,0,0,0,304.35,297.15,0,0,0,0,19-APR-2021,
OPTSTK,PIDILITIND,24-Jun-2021,1520,CE,0,0,0,288.55,280.4,0,0,0,0,19-APR-2021,
OPTSTK,PIDILITIND,24-Jun-2021,1540,CE,0,0,0,273.15,264.05,0,0,0,0,19-APR-2021,
OPTSTK,PIDILITIND,24-Jun-2021,1560,CE,0,0,0,258.3,248.2,0,0,0,0,19-APR-2021,
OPTSTK,PIDILITIND,24-Jun-2021,1580,CE,0,0,0,243.8,232.85,0,0,0,0,19-APR-2021,
OPTSTK,PIDILITIND,24-Jun-2021,1600,CE,0,0,0,229.75,218,0,0,0,0,19-APR-2021,
OPTSTK,PIDILITIND,24-Jun-2021,1620,CE,0,0,0,216.15,203.65,0,0,0,0,19-APR-2021,
OPTSTK,PIDILITIND,24-Jun-2021,1640,CE,0,0,0,203.1,189.8,0,0,0,0,19-APR-2021,
OPTSTK,PIDILITIND,24-Jun-2021,1660,CE,0,0,0,190.6,176.55,0,0,0,0,19-APR-2021,
OPTSTK,PIDILITIND,24-Jun-2021,1680,CE,0,0,0,178.55,163.9,0,0,0,0,19-APR-2021,
OPTSTK,PIDILITIND,24-Jun-2021,1700,CE,0,0,0,167.05,151.85,0,0,0,0,19-APR-2021,
OPTSTK,PIDILITIND,24-Jun-2021,1720,CE,0,0,0,156.05,140.4,0,0,0,0,19-APR-2021,
OPTSTK,PIDILITIND,24-Jun-2021,1740,CE,0,0,0,145.6,129.5,0,0,0,0,19-APR-2021,
OPTSTK,PIDILITIND,24-Jun-2021,1760,CE,0,0,0,135.6,119.2,0,0,0,0,19-APR-2021,
OPTSTK,PIDILITIND,24-Jun-2021,1780,CE,0,0,0,126.1,109.5,0,0,0,0,19-APR-2021,
OPTSTK,PIDILITIND,24-Jun-2021,1800,CE,0,0,0,117.15,100.4,0,0,0,0,19-APR-2021,
OPTSTK,PIDILITIND,24-Jun-2021,1820,CE,0,0,0,108.65,91.85,0,0,0,0,19-APR-2021,
OPTSTK,PIDILITIND,24-Jun-2021,1840,CE,0,0,0,100.65,83.85,0,0,0,0,19-APR-2021,
OPTSTK,PIDILITIND,24-Jun-2021,1860,CE,0,0,0,93.1,76.4,0,0,0,0,19-APR-2021,
OPTSTK,PIDILITIND,24-Jun-2021,1880,CE,0,0,0,85.95,69.45,0,0,0,0,19-APR-2021,
OPTSTK,PIDILITIND,24-Jun-2021,1900,CE,0,0,0,79.3,63.05,0,0,0,0,19-APR-2021,
OPTSTK,PIDILITIND,24-Jun-2021,1920,CE,0,0,0,73.05,57.1,0,0,0,0,19-APR-2021,
OPTSTK,PIDILITIND,24-Jun-2021,1940,CE,0,0,0,67.2,51.6,0,0,0,0,19-APR-2021,
OPTSTK,PIDILITIND,24-Jun-2021,1960,CE,0,0,0,61.75,46.65,0,0,0,0,19-APR-2021,
OPTSTK,PIDILITIND,24-Jun-2021,1980,CE,0,0,0,56.75,42,0,0,0,0,19-APR-2021,
OPTSTK,PIDILITIND,24-Jun-2021,2000,CE,0,0,0,52.05,37.7,0,0,0,0,19-APR-2021,
OPTSTK,PIDILITIND,24-Jun-2021,2020,CE,0,0,0,47.65,33.85,0,0,0,0,19-APR-2021,
OPTSTK,PIDILITIND,24-Jun-2021,2040,CE,0,0,0,43.55,30.3,0,0,0,0,19-APR-2021,
OPTSTK,PIDILITIND,24-Jun-2021,2060,CE,0,0,0,39.75,27.1,0,0,0,0,19-APR-2021,
OPTSTK,PIDILITIND,24-Jun-2021,2080,CE,0,0,0,36.25,24.2,0,0,0,0,19-APR-2021,
OPTSTK,PIDILITIND,24-Jun-2021,2100,CE,0,0,0,33.05,21.55,0,0,0,0,19-APR-2021,
OPTSTK,PIDILITIND,24-Jun-2021,2120,CE,0,0,0,30.1,19.15,0,0,0,0,19-APR-2021,
OPTSTK,PIDILITIND,24-Jun-2021,2140,CE,0,0,0,27.35,17.05,0,0,0,0,19-APR-2021,
OPTSTK,PIDILITIND,24-Jun-2021,2160,CE,0,0,0,24.85,15.1,0,0,0,0,19-APR-2021,
OPTSTK,PIDILITIND,24-Jun-2021,2180,CE,0,0,0,22.55,13.35,0,0,0,0,19-APR-2021,
OPTSTK,PIDILITIND,24-Jun-2021,2200,CE,0,0,0,20.45,11.8,0,0,0,0,19-APR-2021,
OPTSTK,PIDILITIND,24-Jun-2021,2220,CE,0,0,0,18.5,10.4,0,0,0,0,19-APR-2021,
OPTSTK,PIDILITIND,24-Jun-2021,2240,CE,0,0,0,16.75,9.2,0,0,0,0,19-APR-2021,
OPTSTK,PIDILITIND,24-Jun-2021,2260,CE,0,0,0,15.1,8.05,0,0,0,0,19-APR-2021,
OPTSTK,PIDILITIND,24-Jun-2021,2280,CE,0,0,0,13.65,7.1,0,0,0,0,19-APR-2021,
OPTSTK,PIDILITIND,24-Jun-2021,1080,PE,0,0,0,0.2,0.05,0,0,0,0,19-APR-2021,
OPTSTK,PIDILITIND,24-Jun-2021,1100,PE,0,0,0,0.3,0.05,0,0,0,0,19-APR-2021,
OPTSTK,PIDILITIND,24-Jun-2021,1120,PE,0,0,0,0.4,0.1,0,0,0,0,19-APR-2021,
OPTSTK,PIDILITIND,24-Jun-2021,1140,PE,0,0,0,0.55,0.15,0,0,0,0,19-APR-2021,
OPTSTK,PIDILITIND,24-Jun-2021,1160,PE,0,0,0,0.7,0.2,0,0,0,0,19-APR-2021,
OPTSTK,PIDILITIND,24-Jun-2021,1180,PE,0,0,0,0.95,0.25,0,0,0,0,19-APR-2021,
OPTSTK,PIDILITIND,24-Jun-2021,1200,PE,0,0,0,1.25,0.35,0,0,0,0,19-APR-2021,
OPTSTK,PIDILITIND,24-Jun-2021,1220,PE,0,0,0,1.65,0.5,0,0,0,0,19-APR-2021,
OPTSTK,PIDILITIND,24-Jun-2021,1240,PE,0,0,0,2.1,0.7,0,0,0,0,19-APR-2021,
OPTSTK,PIDILITIND,24-Jun-2021,1260,PE,0,0,0,2.7,0.95,0,0,0,0,19-APR-2021,
OPTSTK,PIDILITIND,24-Jun-2021,1280,PE,0,0,0,3.4,1.3,0,0,0,0,19-APR-2021,
OPTSTK,PIDILITIND,24-Jun-2021,1300,PE,0,0,0,4.25,1.7,0,0,0,0,19-APR-2021,
OPTSTK,PIDILITIND,24-Jun-2021,1320,PE,0,0,0,5.3,2.25,0,0,0,0,19-APR-2021,
OPTSTK,PIDILITIND,24-Jun-2021,1340,PE,0,0,0,6.5,2.9,0,0,0,0,19-APR-2021,
OPTSTK,PIDILITIND,24-Jun-2021,1360,PE,0,0,0,7.95,3.7,0,0,0,0,19-APR-2021,
OPTSTK,PIDILITIND,24-Jun-2021,1380,PE,0,0,0,9.6,4.7,0,0,0,0,19-APR-2021,
OPTSTK,PIDILITIND,24-Jun-2021,1400,PE,0,0,0,11.55,5.95,0,0,0,0,19-APR-2021,
OPTSTK,PIDILITIND,24-Jun-2021,1420,PE,0,0,0,13.8,7.4,0,0,0,0,19-APR-2021,
OPTSTK,PIDILITIND,24-Jun-2021,1440,PE,0,0,0,16.3,9.1,0,0,0,0,19-APR-2021,
OPTSTK,PIDILITIND,24-Jun-2021,1460,PE,0,0,0,19.15,11.15,0,0,0,0,19-APR-2021,
OPTSTK,PIDILITIND,24-Jun-2021,1480,PE,0,0,0,22.4,13.5,0,0,0,0,19-APR-2021,
OPTSTK,PIDILITIND,24-Jun-2021,1500,PE,0,0,0,26,16.25,0,0,0,0,19-APR-2021,
OPTSTK,PIDILITIND,24-Jun-2021,1520,PE,0,0,0,30,19.35,0,0,0,0,19-APR-2021,
OPTSTK,PIDILITIND,24-Jun-2021,1540,PE,0,0,0,34.45,22.9,0,0,0,0,19-APR-2021,
OPTSTK,PIDILITIND,24-Jun-2021,1560,PE,0,0,0,39.35,26.9,0,0,0,0,19-APR-2021,
OPTSTK,PIDILITIND,24-Jun-2021,1580,PE,0,0,0,44.7,31.4,0,0,0,0,19-APR-2021,
OPTSTK,PIDILITIND,24-Jun-2021,1600,PE,0,0,0,50.45,36.45,0,0,0,0,19-APR-2021,
OPTSTK,PIDILITIND,24-Jun-2021,1620,PE,0,0,0,56.65,41.95,0,0,0,0,19-APR-2021,
OPTSTK,PIDILITIND,24-Jun-2021,1640,PE,0,0,0,63.45,47.95,0,0,0,0,19-APR-2021,
OPTSTK,PIDILITIND,24-Jun-2021,1660,PE,0,0,0,70.75,54.6,0,0,0,0,19-APR-2021,
OPTSTK,PIDILITIND,24-Jun-2021,1680,PE,0,0,0,78.55,61.8,0,0,0,0,19-APR-2021,
OPTSTK,PIDILITIND,24-Jun-2021,1700,PE,0,0,0,86.85,69.6,0,0,0,0,19-APR-2021,
OPTSTK,PIDILITIND,24-Jun-2021,1720,PE,0,0,0,95.65,78,0,0,0,0,19-APR-2021,
OPTSTK,PIDILITIND,24-Jun-2021,1740,PE,0,0,0,105,87,0,0,0,0,19-APR-2021,
OPTSTK,PIDILITIND,24-Jun-2021,1760,PE,0,0,0,114.8,96.55,0,0,0,0,19-APR-2021,
OPTSTK,PIDILITIND,24-Jun-2021,1780,PE,0,0,0,125.15,106.75,0,0,0,0,19-APR-2021,
OPTSTK,PIDILITIND,24-Jun-2021,1800,PE,0,0,0,136,117.5,0,0,0,0,19-APR-2021,
OPTSTK,PIDILITIND,24-Jun-2021,1820,PE,0,0,0,147.3,128.8,0,0,0,0,19-APR-2021,
OPTSTK,PIDILITIND,24-Jun-2021,1840,PE,0,0,0,159.1,140.65,0,0,0,0,19-APR-2021,
OPTSTK,PIDILITIND,24-Jun-2021,1860,PE,0,0,0,171.35,153.1,0,0,0,0,19-APR-2021,
OPTSTK,PIDILITIND,24-Jun-2021,1880,PE,0,0,0,184.1,166,0,0,0,0,19-APR-2021,
OPTSTK,PIDILITIND,24-Jun-2021,1900,PE,0,0,0,197.2,179.45,0,0,0,0,19-APR-2021,
OPTSTK,PIDILITIND,24-Jun-2021,1920,PE,0,0,0,210.8,193.35,0,0,0,0,19-APR-2021,
OPTSTK,PIDILITIND,24-Jun-2021,1940,PE,0,0,0,224.75,207.75,0,0,0,0,19-APR-2021,
OPTSTK,PIDILITIND,24-Jun-2021,1960,PE,0,0,0,239.1,222.65,0,0,0,0,19-APR-2021,
OPTSTK,PIDILITIND,24-Jun-2021,1980,PE,0,0,0,253.9,237.9,0,0,0,0,19-APR-2021,
OPTSTK,PIDILITIND,24-Jun-2021,2000,PE,0,0,0,269,253.45,0,0,0,0,19-APR-2021,
OPTSTK,PIDILITIND,24-Jun-2021,2020,PE,0,0,0,284.45,269.45,0,0,0,0,19-APR-2021,
OPTSTK,PIDILITIND,24-Jun-2021,2040,PE,0,0,0,300.15,285.8,0,0,0,0,19-APR-2021,
OPTSTK,PIDILITIND,24-Jun-2021,2060,PE,0,0,0,316.2,302.45,0,0,0,0,19-APR-2021,
OPTSTK,PIDILITIND,24-Jun-2021,2080,PE,0,0,0,332.5,319.4,0,0,0,0,19-APR-2021,
OPTSTK,PIDILITIND,24-Jun-2021,2100,PE,0,0,0,349.1,336.6,0,0,0,0,19-APR-2021,
OPTSTK,PIDILITIND,24-Jun-2021,2120,PE,0,0,0,365.95,354.1,0,0,0,0,19-APR-2021,
OPTSTK,PIDILITIND,24-Jun-2021,2140,PE,0,0,0,383.05,371.8,0,0,0,0,19-APR-2021,
OPTSTK,PIDILITIND,24-Jun-2021,2160,PE,0,0,0,400.35,389.75,0,0,0,0,19-APR-2021,
OPTSTK,PIDILITIND,24-Jun-2021,2180,PE,0,0,0,417.85,407.9,0,0,0,0,19-APR-2021,
OPTSTK,PIDILITIND,24-Jun-2021,2200,PE,0,0,0,435.55,426.2,0,0,0,0,19-APR-2021,
OPTSTK,PIDILITIND,24-Jun-2021,2220,PE,0,0,0,453.45,444.65,0,0,0,0,19-APR-2021,
OPTSTK,PIDILITIND,24-Jun-2021,2240,PE,0,0,0,471.5,463.3,0,0,0,0,19-APR-2021,
OPTSTK,PIDILITIND,24-Jun-2021,2260,PE,0,0,0,489.7,482.05,0,0,0,0,19-APR-2021,
OPTSTK,PIDILITIND,24-Jun-2021,2280,PE,0,0,0,508.05,500.95,0,0,0,0,19-APR-2021,
OPTSTK,PIIND,29-Apr-2021,1700,CE,0,0,0,527.45,779.4,0,0,0,0,19-APR-2021,
OPTSTK,PIIND,29-Apr-2021,1750,CE,0,0,0,477.75,729.45,0,0,0,0,19-APR-2021,
OPTSTK,PIIND,29-Apr-2021,1800,CE,0,0,0,428.1,679.5,0,0,0,0,19-APR-2021,
OPTSTK,PIIND,29-Apr-2021,1820,CE,0,0,0,485.35,659.55,0,0,0,0,19-APR-2021,
OPTSTK,PIIND,29-Apr-2021,1840,CE,0,0,0,466.4,639.55,0,0,0,0,19-APR-2021,
OPTSTK,PIIND,29-Apr-2021,1850,CE,0,0,0,378.4,629.55,0,0,0,0,19-APR-2021,
OPTSTK,PIIND,29-Apr-2021,1860,CE,0,0,0,447.7,619.55,0,0,0,0,19-APR-2021,
OPTSTK,PIIND,29-Apr-2021,1880,CE,0,0,0,429.15,599.6,0,0,0,0,19-APR-2021,
OPTSTK,PIIND,29-Apr-2021,1900,CE,0,0,0,328.75,579.6,0,0,0,0,19-APR-2021,
OPTSTK,PIIND,29-Apr-2021,1920,CE,0,0,0,392.75,559.65,0,0,0,0,19-APR-2021,
OPTSTK,PIIND,29-Apr-2021,1940,CE,0,0,0,374.95,539.65,0,0,0,0,19-APR-2021,
OPTSTK,PIIND,29-Apr-2021,1950,CE,0,0,0,279.05,529.7,0,0,0,0,19-APR-2021,
OPTSTK,PIIND,29-Apr-2021,1960,CE,0,0,0,357.45,519.7,0,0,0,0,19-APR-2021,
OPTSTK,PIIND,29-Apr-2021,1980,CE,0,0,0,340.3,499.75,0,0,0,0,19-APR-2021,
OPTSTK,PIIND,29-Apr-2021,2000,CE,0,0,0,229.35,479.8,0,0,0,0,19-APR-2021,
OPTSTK,PIIND,29-Apr-2021,2020,CE,0,0,0,306.95,459.85,0,0,0,0,19-APR-2021,
OPTSTK,PIIND,29-Apr-2021,2040,CE,0,0,0,290.85,439.95,0,0,0,0,19-APR-2021,
OPTSTK,PIIND,29-Apr-2021,2050,CE,0,0,0,179.7,430,0,0,0,0,19-APR-2021,
OPTSTK,PIIND,29-Apr-2021,2060,CE,0,0,0,275.2,420.05,0,0,0,0,19-APR-2021,
OPTSTK,PIIND,29-Apr-2021,2080,CE,0,0,0,259.95,400.25,0,0,0,0,19-APR-2021,
OPTSTK,PIIND,29-Apr-2021,2100,CE,0,0,0,130,380.45,0,0,0,0,19-APR-2021,
OPTSTK,PIIND,29-Apr-2021,2120,CE,0,0,0,230.85,360.8,0,0,0,0,19-APR-2021,
OPTSTK,PIIND,29-Apr-2021,2140,CE,0,0,0,216.85,341.2,0,0,0,0,19-APR-2021,
OPTSTK,PIIND,29-Apr-2021,2150,CE,0,0,0,80.35,331.5,0,0,0,0,19-APR-2021,
OPTSTK,PIIND,29-Apr-2021,2160,CE,0,0,0,203.5,321.8,0,0,0,0,19-APR-2021,
OPTSTK,PIIND,29-Apr-2021,2180,CE,0,0,0,190.65,302.55,0,0,0,0,19-APR-2021,
OPTSTK,PIIND,29-Apr-2021,2200,CE,0,0,0,30.65,283.5,0,0,0,0,19-APR-2021,
OPTSTK,PIIND,29-Apr-2021,2220,CE,0,0,0,166.45,264.8,0,0,0,0,19-APR-2021,
OPTSTK,PIIND,29-Apr-2021,2240,CE,0,0,0,155.15,246.35,0,0,0,0,19-APR-2021,
OPTSTK,PIIND,29-Apr-2021,2250,CE,0,0,0,0.05,237.3,0,0,0,0,19-APR-2021,
OPTSTK,PIIND,29-Apr-2021,2260,CE,0,0,0,144.35,228.35,0,0,0,0,19-APR-2021,
OPTSTK,PIIND,29-Apr-2021,2280,CE,0,0,0,134.05,210.75,0,0,0,0,19-APR-2021,
OPTSTK,PIIND,29-Apr-2021,2300,CE,0,0,0,225,193.7,0,0,6000,0,19-APR-2021,
OPTSTK,PIIND,29-Apr-2021,2320,CE,0,0,0,115.05,177.2,0,0,0,0,19-APR-2021,
OPTSTK,PIIND,29-Apr-2021,2340,CE,0,0,0,106.35,161.35,0,0,0,0,19-APR-2021,
OPTSTK,PIIND,29-Apr-2021,2350,CE,0,0,0,0.05,153.7,0,0,0,0,19-APR-2021,
OPTSTK,PIIND,29-Apr-2021,2360,CE,0,0,0,98.1,146.3,0,0,0,0,19-APR-2021,
OPTSTK,PIIND,29-Apr-2021,2380,CE,0,0,0,90.35,131.8,0,0,0,0,19-APR-2021,
OPTSTK,PIIND,29-Apr-2021,2400,CE,0,0,0,109,118.15,0,0,17750,0,19-APR-2021,
OPTSTK,PIIND,29-Apr-2021,2420,CE,0,0,0,76.25,105.4,0,0,0,0,19-APR-2021,
OPTSTK,PIIND,29-Apr-2021,2440,CE,0,0,0,69.85,93.5,0,0,0,0,19-APR-2021,
OPTSTK,PIIND,29-Apr-2021,2450,CE,0,0,0,66.35,87.85,0,0,250,0,19-APR-2021,
OPTSTK,PIIND,29-Apr-2021,2460,CE,0,0,0,63.9,82.45,0,0,0,0,19-APR-2021,
OPTSTK,PIIND,29-Apr-2021,2480,CE,0,0,0,58.35,72.3,0,0,0,0,19-APR-2021,
OPTSTK,PIIND,29-Apr-2021,2500,CE,55.05,78,49.5,68,68,136,873.16,18000,2500,19-APR-2021,
OPTSTK,PIIND,29-Apr-2021,2520,CE,0,0,0,48.6,54.65,0,0,0,0,19-APR-2021,
OPTSTK,PIIND,29-Apr-2021,2540,CE,0,0,0,44.2,47.05,0,0,0,0,19-APR-2021,
OPTSTK,PIIND,29-Apr-2021,2550,CE,35,35,35,35,43.6,1,6.46,2500,0,19-APR-2021,
OPTSTK,PIIND,29-Apr-2021,2560,CE,0,0,0,40.05,40.3,0,0,0,0,19-APR-2021,
OPTSTK,PIIND,29-Apr-2021,2580,CE,0,0,0,36.3,34.3,0,0,0,0,19-APR-2021,
OPTSTK,PIIND,29-Apr-2021,2600,CE,38.85,40.9,21.45,40.9,29.15,22,144.79,26000,-750,19-APR-2021,
OPTSTK,PIIND,29-Apr-2021,2620,CE,0,0,0,29.65,24.45,0,0,0,0,19-APR-2021,
OPTSTK,PIIND,29-Apr-2021,2640,CE,0,0,0,26.75,20.4,0,0,0,0,19-APR-2021,
OPTSTK,PIIND,29-Apr-2021,2650,CE,0,0,0,45,18.65,0,0,250,0,19-APR-2021,
OPTSTK,PIIND,29-Apr-2021,2660,CE,0,0,0,24.1,16.95,0,0,0,0,19-APR-2021,
OPTSTK,PIIND,29-Apr-2021,2680,CE,0,0,0,21.65,14,0,0,0,0,19-APR-2021,
OPTSTK,PIIND,29-Apr-2021,2700,CE,25.75,25.75,15.4,16,16,3,20.39,12500,0,19-APR-2021,
OPTSTK,PIIND,29-Apr-2021,2720,CE,0,0,0,17.45,9.4,0,0,0,0,19-APR-2021,
OPTSTK,PIIND,29-Apr-2021,2740,CE,0,0,0,15.65,7.6,0,0,0,0,19-APR-2021,
OPTSTK,PIIND,29-Apr-2021,2750,CE,0,0,0,40,6.85,0,0,750,0,19-APR-2021,
OPTSTK,PIIND,29-Apr-2021,2760,CE,0,0,0,14,6.15,0,0,0,0,19-APR-2021,
OPTSTK,PIIND,29-Apr-2021,2780,CE,0,0,0,12.5,4.9,0,0,0,0,19-APR-2021,
OPTSTK,PIIND,29-Apr-2021,2800,CE,0,0,0,7.05,3.9,0,0,4500,0,19-APR-2021,
OPTSTK,PIIND,29-Apr-2021,2820,CE,0,0,0,9.9,3.1,0,0,0,0,19-APR-2021,
OPTSTK,PIIND,29-Apr-2021,2840,CE,0,0,0,8.8,2.45,0,0,0,0,19-APR-2021,
OPTSTK,PIIND,29-Apr-2021,2860,CE,0,0,0,7.85,1.9,0,0,0,0,19-APR-2021,
OPTSTK,PIIND,29-Apr-2021,2880,CE,0,0,0,6.95,1.5,0,0,0,0,19-APR-2021,
OPTSTK,PIIND,29-Apr-2021,2900,CE,0,0,0,4.9,1.15,0,0,750,0,19-APR-2021,
OPTSTK,PIIND,29-Apr-2021,2920,CE,0,0,0,5.45,0.9,0,0,0,0,19-APR-2021,
OPTSTK,PIIND,29-Apr-2021,2940,CE,0,0,0,4.8,0.7,0,0,0,0,19-APR-2021,
OPTSTK,PIIND,29-Apr-2021,2960,CE,0,0,0,4.25,0.55,0,0,0,0,19-APR-2021,
OPTSTK,PIIND,29-Apr-2021,1700,PE,0,0,0,0.05,0,0,0,0,0,19-APR-2021,
OPTSTK,PIIND,29-Apr-2021,1750,PE,0,0,0,0.05,0,0,0,0,0,19-APR-2021,
OPTSTK,PIIND,29-Apr-2021,1800,PE,0,0,0,0.05,0,0,0,0,0,19-APR-2021,
OPTSTK,PIIND,29-Apr-2021,1820,PE,0,0,0,4.5,0,0,0,0,0,19-APR-2021,
OPTSTK,PIIND,29-Apr-2021,1840,PE,0,0,0,5.5,0,0,0,0,0,19-APR-2021,
OPTSTK,PIIND,29-Apr-2021,1850,PE,0,0,0,0.05,0,0,0,0,0,19-APR-2021,
OPTSTK,PIIND,29-Apr-2021,1860,PE,0,0,0,6.7,0,0,0,0,0,19-APR-2021,
OPTSTK,PIIND,29-Apr-2021,1880,PE,0,0,0,8.1,0,0,0,0,0,19-APR-2021,
OPTSTK,PIIND,29-Apr-2021,1900,PE,0,0,0,0.05,0.05,0,0,0,0,19-APR-2021,
OPTSTK,PIIND,29-Apr-2021,1920,PE,0,0,0,11.55,0.05,0,0,0,0,19-APR-2021,
OPTSTK,PIIND,29-Apr-2021,1940,PE,0,0,0,13.7,0.05,0,0,0,0,19-APR-2021,
OPTSTK,PIIND,29-Apr-2021,1950,PE,0,0,0,0.05,0.05,0,0,0,0,19-APR-2021,
OPTSTK,PIIND,29-Apr-2021,1960,PE,0,0,0,16.15,0.05,0,0,0,0,19-APR-2021,
OPTSTK,PIIND,29-Apr-2021,1980,PE,0,0,0,18.9,0.05,0,0,0,0,19-APR-2021,
OPTSTK,PIIND,29-Apr-2021,2000,PE,0,0,0,4,0.1,0,0,2500,0,19-APR-2021,
OPTSTK,PIIND,29-Apr-2021,2020,PE,0,0,0,25.4,0.15,0,0,0,0,19-APR-2021,
OPTSTK,PIIND,29-Apr-2021,2040,PE,0,0,0,29.25,0.2,0,0,0,0,19-APR-2021,
OPTSTK,PIIND,29-Apr-2021,2050,PE,0,0,0,0.05,0.25,0,0,0,0,19-APR-2021,
OPTSTK,PIIND,29-Apr-2021,2060,PE,0,0,0,33.5,0.3,0,0,0,0,19-APR-2021,
OPTSTK,PIIND,29-Apr-2021,2080,PE,0,0,0,38.15,0.45,0,0,0,0,19-APR-2021,
OPTSTK,PIIND,29-Apr-2021,2100,PE,0,0,0,10,0.7,0,0,250,0,19-APR-2021,
OPTSTK,PIIND,29-Apr-2021,2120,PE,0,0,0,48.9,0.95,0,0,0,0,19-APR-2021,
OPTSTK,PIIND,29-Apr-2021,2140,PE,0,0,0,54.9,1.4,0,0,0,0,19-APR-2021,
OPTSTK,PIIND,29-Apr-2021,2150,PE,0,0,0,0.05,1.65,0,0,0,0,19-APR-2021,
OPTSTK,PIIND,29-Apr-2021,2160,PE,0,0,0,61.45,1.95,0,0,0,0,19-APR-2021,
OPTSTK,PIIND,29-Apr-2021,2180,PE,0,0,0,68.5,2.7,0,0,0,0,19-APR-2021,
OPTSTK,PIIND,29-Apr-2021,2200,PE,0,0,0,14,3.65,0,0,3500,0,19-APR-2021,
OPTSTK,PIIND,29-Apr-2021,2220,PE,0,0,0,84.2,4.85,0,0,0,0,19-APR-2021,
OPTSTK,PIIND,29-Apr-2021,2240,PE,0,0,0,92.8,6.45,0,0,0,0,19-APR-2021,
OPTSTK,PIIND,29-Apr-2021,2250,PE,0,0,0,19.05,7.35,0,0,0,0,19-APR-2021,
OPTSTK,PIIND,29-Apr-2021,2260,PE,0,0,0,101.95,8.4,0,0,0,0,19-APR-2021,
OPTSTK,PIIND,29-Apr-2021,2280,PE,0,0,0,111.6,10.8,0,0,0,0,19-APR-2021,
OPTSTK,PIIND,29-Apr-2021,2300,PE,0,0,0,27.4,13.7,0,0,4000,0,19-APR-2021,
OPTSTK,PIIND,29-Apr-2021,2320,PE,0,0,0,132.45,17.2,0,0,0,0,19-APR-2021,
OPTSTK,PIIND,29-Apr-2021,2340,PE,0,0,0,143.65,21.35,0,0,0,0,19-APR-2021,
OPTSTK,PIIND,29-Apr-2021,2350,PE,0,0,0,118.4,23.65,0,0,0,0,19-APR-2021,
OPTSTK,PIIND,29-Apr-2021,2360,PE,0,0,0,155.35,26.25,0,0,0,0,19-APR-2021,
OPTSTK,PIIND,29-Apr-2021,2380,PE,0,0,0,167.5,31.7,0,0,0,0,19-APR-2021,
OPTSTK,PIIND,29-Apr-2021,2400,PE,47,49,30,34.5,34.5,12,73.2,8250,0,19-APR-2021,
OPTSTK,PIIND,29-Apr-2021,2420,PE,0,0,0,67,45.3,0,0,250,0,19-APR-2021,
OPTSTK,PIIND,29-Apr-2021,2440,PE,0,0,0,206.8,53.35,0,0,0,0,19-APR-2021,
OPTSTK,PIIND,29-Apr-2021,2450,PE,0,0,0,217.75,57.75,0,0,0,0,19-APR-2021,
OPTSTK,PIIND,29-Apr-2021,2460,PE,0,0,0,220.8,62.3,0,0,0,0,19-APR-2021,
OPTSTK,PIIND,29-Apr-2021,2480,PE,0,0,0,235.15,72.15,0,0,0,0,19-APR-2021,
OPTSTK,PIIND,29-Apr-2021,2500,PE,99.05,99.05,72.85,81.7,81.7,8,51.62,4750,-250,19-APR-2021,
OPTSTK,PIIND,29-Apr-2021,2520,PE,0,0,0,265.25,94.45,0,0,0,0,19-APR-2021,
OPTSTK,PIIND,29-Apr-2021,2540,PE,0,0,0,280.8,106.85,0,0,0,0,19-APR-2021,
OPTSTK,PIIND,29-Apr-2021,2550,PE,0,0,0,317.1,113.35,0,0,0,0,19-APR-2021,
OPTSTK,PIIND,29-Apr-2021,2560,PE,0,0,0,296.55,120.05,0,0,0,0,19-APR-2021,
OPTSTK,PIIND,29-Apr-2021,2580,PE,0,0,0,312.7,134.05,0,0,0,0,19-APR-2021,
OPTSTK,PIIND,29-Apr-2021,2600,PE,0,0,0,229.25,148.85,0,0,250,0,19-APR-2021,
OPTSTK,PIIND,29-Apr-2021,2620,PE,0,0,0,345.95,164.1,0,0,0,0,19-APR-2021,
OPTSTK,PIIND,29-Apr-2021,2640,PE,0,0,0,363,180.1,0,0,0,0,19-APR-2021,
OPTSTK,PIIND,29-Apr-2021,2650,PE,0,0,0,416.45,188.3,0,0,0,0,19-APR-2021,
OPTSTK,PIIND,29-Apr-2021,2660,PE,0,0,0,380.25,196.6,0,0,0,0,19-APR-2021,
OPTSTK,PIIND,29-Apr-2021,2680,PE,0,0,0,397.75,213.65,0,0,0,0,19-APR-2021,
OPTSTK,PIIND,29-Apr-2021,2700,PE,0,0,0,466.15,231.1,0,0,0,0,19-APR-2021,
OPTSTK,PIIND,29-Apr-2021,2720,PE,0,0,0,433.4,248.95,0,0,0,0,19-APR-2021,
OPTSTK,PIIND,29-Apr-2021,2740,PE,0,0,0,451.5,267.2,0,0,0,0,19-APR-2021,
OPTSTK,PIIND,29-Apr-2021,2750,PE,0,0,0,515.85,276.4,0,0,0,0,19-APR-2021,
OPTSTK,PIIND,29-Apr-2021,2760,PE,0,0,0,469.75,285.7,0,0,0,0,19-APR-2021,
OPTSTK,PIIND,29-Apr-2021,2780,PE,0,0,0,488.2,304.45,0,0,0,0,19-APR-2021,
OPTSTK,PIIND,29-Apr-2021,2800,PE,0,0,0,565.5,323.45,0,0,0,0,19-APR-2021,
OPTSTK,PIIND,29-Apr-2021,2820,PE,0,0,0,525.5,342.6,0,0,0,0,19-APR-2021,
OPTSTK,PIIND,29-Apr-2021,2840,PE,0,0,0,544.3,361.9,0,0,0,0,19-APR-2021,
OPTSTK,PIIND,29-Apr-2021,2860,PE,0,0,0,563.25,381.35,0,0,0,0,19-APR-2021,
OPTSTK,PIIND,29-Apr-2021,2880,PE,0,0,0,582.3,400.95,0,0,0,0,19-APR-2021,
OPTSTK,PIIND,29-Apr-2021,2900,PE,0,0,0,664.85,420.55,0,0,0,0,19-APR-2021,
OPTSTK,PIIND,29-Apr-2021,2920,PE,0,0,0,620.65,440.3,0,0,0,0,19-APR-2021,
OPTSTK,PIIND,29-Apr-2021,2940,PE,0,0,0,639.95,460.05,0,0,0,0,19-APR-2021,
OPTSTK,PIIND,29-Apr-2021,2960,PE,0,0,0,659.35,479.9,0,0,0,0,19-APR-2021,
OPTSTK,PIIND,27-May-2021,1700,CE,0,0,0,532.3,784.7,0,0,0,0,19-APR-2021,
OPTSTK,PIIND,27-May-2021,1750,CE,0,0,0,482.75,735.2,0,0,0,0,19-APR-2021,
OPTSTK,PIIND,27-May-2021,1800,CE,0,0,0,433.2,685.95,0,0,0,0,19-APR-2021,
OPTSTK,PIIND,27-May-2021,1820,CE,0,0,0,502.15,666.3,0,0,0,0,19-APR-2021,
OPTSTK,PIIND,27-May-2021,1840,CE,0,0,0,484.6,646.75,0,0,0,0,19-APR-2021,
OPTSTK,PIIND,27-May-2021,1850,CE,0,0,0,383.7,637.05,0,0,0,0,19-APR-2021,
OPTSTK,PIIND,27-May-2021,1860,CE,0,0,0,467.25,627.3,0,0,0,0,19-APR-2021,
OPTSTK,PIIND,27-May-2021,1880,CE,0,0,0,450.2,607.9,0,0,0,0,19-APR-2021,
OPTSTK,PIIND,27-May-2021,1900,CE,0,0,0,334.15,588.6,0,0,0,0,19-APR-2021,
OPTSTK,PIIND,27-May-2021,1920,CE,0,0,0,416.85,569.45,0,0,0,0,19-APR-2021,
OPTSTK,PIIND,27-May-2021,1940,CE,0,0,0,400.65,550.4,0,0,0,0,19-APR-2021,
OPTSTK,PIIND,27-May-2021,1950,CE,0,0,0,284.6,540.95,0,0,0,0,19-APR-2021,
OPTSTK,PIIND,27-May-2021,1960,CE,0,0,0,384.7,531.5,0,0,0,0,19-APR-2021,
OPTSTK,PIIND,27-May-2021,1980,CE,0,0,0,369.1,512.75,0,0,0,0,19-APR-2021,
OPTSTK,PIIND,27-May-2021,2000,CE,0,0,0,235.1,494.2,0,0,0,0,19-APR-2021,
OPTSTK,PIIND,27-May-2021,2020,CE,0,0,0,339,475.8,0,0,0,0,19-APR-2021,
OPTSTK,PIIND,27-May-2021,2040,CE,0,0,0,324.4,457.65,0,0,0,0,19-APR-2021,
OPTSTK,PIIND,27-May-2021,2050,CE,0,0,0,185.55,448.65,0,0,0,0,19-APR-2021,
OPTSTK,PIIND,27-May-2021,2060,CE,0,0,0,310.15,439.7,0,0,0,0,19-APR-2021,
OPTSTK,PIIND,27-May-2021,2080,CE,0,0,0,296.3,422,0,0,0,0,19-APR-2021,
OPTSTK,PIIND,27-May-2021,2100,CE,0,0,0,136,404.55,0,0,0,0,19-APR-2021,
OPTSTK,PIIND,27-May-2021,2120,CE,0,0,0,269.65,387.4,0,0,0,0,19-APR-2021,
OPTSTK,PIIND,27-May-2021,2140,CE,0,0,0,256.95,370.6,0,0,0,0,19-APR-2021,
OPTSTK,PIIND,27-May-2021,2150,CE,0,0,0,86.5,362.3,0,0,0,0,19-APR-2021,
OPTSTK,PIIND,27-May-2021,2160,CE,0,0,0,244.6,354.05,0,0,0,0,19-APR-2021,
OPTSTK,PIIND,27-May-2021,2180,CE,0,0,0,232.7,337.85,0,0,0,0,19-APR-2021,
OPTSTK,PIIND,27-May-2021,2200,CE,0,0,0,36.95,322.05,0,0,0,0,19-APR-2021,
OPTSTK,PIIND,27-May-2021,2220,CE,0,0,0,210,306.6,0,0,0,0,19-APR-2021,
OPTSTK,PIIND,27-May-2021,2240,CE,0,0,0,199.25,291.5,0,0,0,0,19-APR-2021,
OPTSTK,PIIND,27-May-2021,2250,CE,0,0,0,0.05,284.2,0,0,0,0,19-APR-2021,
OPTSTK,PIIND,27-May-2021,2260,CE,0,0,0,188.9,276.9,0,0,0,0,19-APR-2021,
OPTSTK,PIIND,27-May-2021,2280,CE,0,0,0,178.9,262.6,0,0,0,0,19-APR-2021,
OPTSTK,PIIND,27-May-2021,2300,CE,0,0,0,0.05,248.65,0,0,0,0,19-APR-2021,
OPTSTK,PIIND,27-May-2021,2320,CE,0,0,0,160.15,235.25,0,0,0,0,19-APR-2021,
OPTSTK,PIIND,27-May-2021,2340,CE,0,0,0,151.3,222.3,0,0,0,0,19-APR-2021,
OPTSTK,PIIND,27-May-2021,2350,CE,0,0,0,0.05,216,0,0,0,0,19-APR-2021,
OPTSTK,PIIND,27-May-2021,2360,CE,0,0,0,142.85,209.75,0,0,0,0,19-APR-2021,
OPTSTK,PIIND,27-May-2021,2380,CE,0,0,0,134.75,197.7,0,0,0,0,19-APR-2021,
OPTSTK,PIIND,27-May-2021,2400,CE,0,0,0,0.05,186.1,0,0,0,0,19-APR-2021,
OPTSTK,PIIND,27-May-2021,2420,CE,0,0,0,119.6,174.95,0,0,0,0,19-APR-2021,
OPTSTK,PIIND,27-May-2021,2440,CE,0,0,0,112.55,164.25,0,0,0,0,19-APR-2021,
OPTSTK,PIIND,27-May-2021,2450,CE,0,0,0,0.05,159.05,0,0,0,0,19-APR-2021,
OPTSTK,PIIND,27-May-2021,2460,CE,0,0,0,105.85,154,0,0,0,0,19-APR-2021,
OPTSTK,PIIND,27-May-2021,2480,CE,0,0,0,99.45,144.2,0,0,0,0,19-APR-2021,
OPTSTK,PIIND,27-May-2021,2500,CE,0,0,0,170,134.85,0,0,250,0,19-APR-2021,
OPTSTK,PIIND,27-May-2021,2520,CE,0,0,0,87.6,126,0,0,0,0,19-APR-2021,
OPTSTK,PIIND,27-May-2021,2540,CE,0,0,0,82.15,117.5,0,0,0,0,19-APR-2021,
OPTSTK,PIIND,27-May-2021,2550,CE,0,0,0,0.05,113.45,0,0,0,0,19-APR-2021,
OPTSTK,PIIND,27-May-2021,2560,CE,0,0,0,76.95,109.5,0,0,0,0,19-APR-2021,
OPTSTK,PIIND,27-May-2021,2580,CE,0,0,0,72.15,101.9,0,0,0,0,19-APR-2021,
OPTSTK,PIIND,27-May-2021,2600,CE,0,0,0,85,94.7,0,0,250,0,19-APR-2021,
OPTSTK,PIIND,27-May-2021,2620,CE,0,0,0,63.15,87.9,0,0,0,0,19-APR-2021,
OPTSTK,PIIND,27-May-2021,2640,CE,0,0,0,59,81.5,0,0,0,0,19-APR-2021,
OPTSTK,PIIND,27-May-2021,2650,CE,0,0,0,0.05,78.4,0,0,0,0,19-APR-2021,
OPTSTK,PIIND,27-May-2021,2660,CE,0,0,0,55,75.45,0,0,0,0,19-APR-2021,
OPTSTK,PIIND,27-May-2021,2680,CE,0,0,0,51.35,69.75,0,0,0,0,19-APR-2021,
OPTSTK,PIIND,27-May-2021,2700,CE,0,0,0,0.05,64.45,0,0,0,0,19-APR-2021,
OPTSTK,PIIND,27-May-2021,2720,CE,0,0,0,44.6,59.55,0,0,0,0,19-APR-2021,
OPTSTK,PIIND,27-May-2021,2740,CE,0,0,0,41.5,54.95,0,0,0,0,19-APR-2021,
OPTSTK,PIIND,27-May-2021,2750,CE,0,0,0,0.05,52.7,0,0,0,0,19-APR-2021,
OPTSTK,PIIND,27-May-2021,2760,CE,0,0,0,38.65,50.6,0,0,0,0,19-APR-2021,
OPTSTK,PIIND,27-May-2021,2780,CE,0,0,0,35.95,46.4,0,0,0,0,19-APR-2021,
OPTSTK,PIIND,27-May-2021,2800,CE,0,0,0,0.05,42.65,0,0,0,0,19-APR-2021,
OPTSTK,PIIND,27-May-2021,2820,CE,0,0,0,31,39.1,0,0,0,0,19-APR-2021,
OPTSTK,PIIND,27-May-2021,2840,CE,0,0,0,28.8,35.85,0,0,0,0,19-APR-2021,
OPTSTK,PIIND,27-May-2021,2860,CE,0,0,0,26.7,32.8,0,0,0,0,19-APR-2021,
OPTSTK,PIIND,27-May-2021,2880,CE,0,0,0,24.75,30,0,0,0,0,19-APR-2021,
OPTSTK,PIIND,27-May-2021,2900,CE,0,0,0,0.05,27.4,0,0,0,0,19-APR-2021,
OPTSTK,PIIND,27-May-2021,2920,CE,0,0,0,21.25,25,0,0,0,0,19-APR-2021,
OPTSTK,PIIND,27-May-2021,2940,CE,0,0,0,19.65,22.8,0,0,0,0,19-APR-2021,
OPTSTK,PIIND,27-May-2021,2960,CE,0,0,0,18.2,20.75,0,0,0,0,19-APR-2021,
OPTSTK,PIIND,27-May-2021,1700,PE,0,0,0,0.05,0.35,0,0,0,0,19-APR-2021,
OPTSTK,PIIND,27-May-2021,1750,PE,0,0,0,0.05,0.7,0,0,0,0,19-APR-2021,
OPTSTK,PIIND,27-May-2021,1800,PE,0,0,0,0.05,1.2,0,0,0,0,19-APR-2021,
OPTSTK,PIIND,27-May-2021,1820,PE,0,0,0,16.15,1.55,0,0,0,0,19-APR-2021,
OPTSTK,PIIND,27-May-2021,1840,PE,0,0,0,18.45,1.9,0,0,0,0,19-APR-2021,
OPTSTK,PIIND,27-May-2021,1850,PE,0,0,0,0.05,2.1,0,0,0,0,19-APR-2021,
OPTSTK,PIIND,27-May-2021,1860,PE,0,0,0,20.95,2.35,0,0,0,0,19-APR-2021,
OPTSTK,PIIND,27-May-2021,1880,PE,0,0,0,23.75,2.9,0,0,0,0,19-APR-2021,
OPTSTK,PIIND,27-May-2021,1900,PE,0,0,0,0.05,3.5,0,0,0,0,19-APR-2021,
OPTSTK,PIIND,27-May-2021,1920,PE,0,0,0,30.2,4.25,0,0,0,0,19-APR-2021,
OPTSTK,PIIND,27-May-2021,1940,PE,0,0,0,33.8,5.15,0,0,0,0,19-APR-2021,
OPTSTK,PIIND,27-May-2021,1950,PE,0,0,0,0.05,5.65,0,0,0,0,19-APR-2021,
OPTSTK,PIIND,27-May-2021,1960,PE,0,0,0,37.75,6.15,0,0,0,0,19-APR-2021,
OPTSTK,PIIND,27-May-2021,1980,PE,0,0,0,42.05,7.35,0,0,0,0,19-APR-2021,
OPTSTK,PIIND,27-May-2021,2000,PE,0,0,0,0.05,8.7,0,0,0,0,19-APR-2021,
OPTSTK,PIIND,27-May-2021,2020,PE,0,0,0,51.65,10.25,0,0,0,0,19-APR-2021,
OPTSTK,PIIND,27-May-2021,2040,PE,0,0,0,56.95,12,0,0,0,0,19-APR-2021,
OPTSTK,PIIND,27-May-2021,2050,PE,0,0,0,0.05,12.95,0,0,0,0,19-APR-2021,
OPTSTK,PIIND,27-May-2021,2060,PE,0,0,0,62.6,13.95,0,0,0,0,19-APR-2021,
OPTSTK,PIIND,27-May-2021,2080,PE,0,0,0,68.6,16.2,0,0,0,0,19-APR-2021,
OPTSTK,PIIND,27-May-2021,2100,PE,0,0,0,0.05,18.7,0,0,0,0,19-APR-2021,
OPTSTK,PIIND,27-May-2021,2120,PE,0,0,0,81.65,21.45,0,0,0,0,19-APR-2021,
OPTSTK,PIIND,27-May-2021,2140,PE,0,0,0,88.85,24.55,0,0,0,0,19-APR-2021,
OPTSTK,PIIND,27-May-2021,2150,PE,0,0,0,0.05,26.2,0,0,0,0,19-APR-2021,
OPTSTK,PIIND,27-May-2021,2160,PE,0,0,0,96.4,27.95,0,0,0,0,19-APR-2021,
OPTSTK,PIIND,27-May-2021,2180,PE,0,0,0,104.3,31.7,0,0,0,0,19-APR-2021,
OPTSTK,PIIND,27-May-2021,2200,PE,0,0,0,0.05,35.75,0,0,0,0,19-APR-2021,
OPTSTK,PIIND,27-May-2021,2220,PE,0,0,0,121.4,40.25,0,0,0,0,19-APR-2021,
OPTSTK,PIIND,27-May-2021,2240,PE,0,0,0,130.5,45.1,0,0,0,0,19-APR-2021,
OPTSTK,PIIND,27-May-2021,2250,PE,0,0,0,12.65,47.75,0,0,0,0,19-APR-2021,
OPTSTK,PIIND,27-May-2021,2260,PE,0,0,0,140,50.4,0,0,0,0,19-APR-2021,
OPTSTK,PIIND,27-May-2021,2280,PE,0,0,0,149.9,56.05,0,0,0,0,19-APR-2021,
OPTSTK,PIIND,27-May-2021,2300,PE,0,0,0,62.15,62,0,0,0,0,19-APR-2021,
OPTSTK,PIIND,27-May-2021,2320,PE,0,0,0,170.85,68.5,0,0,0,0,19-APR-2021,
OPTSTK,PIIND,27-May-2021,2340,PE,0,0,0,181.9,75.5,0,0,0,0,19-APR-2021,
OPTSTK,PIIND,27-May-2021,2350,PE,0,0,0,111.7,79.1,0,0,0,0,19-APR-2021,
OPTSTK,PIIND,27-May-2021,2360,PE,0,0,0,193.3,82.9,0,0,0,0,19-APR-2021,
OPTSTK,PIIND,27-May-2021,2380,PE,0,0,0,205.1,90.75,0,0,0,0,19-APR-2021,
OPTSTK,PIIND,27-May-2021,2400,PE,0,0,0,161.25,99.05,0,0,0,0,19-APR-2021,
OPTSTK,PIIND,27-May-2021,2420,PE,0,0,0,229.7,107.8,0,0,0,0,19-APR-2021,
OPTSTK,PIIND,27-May-2021,2440,PE,0,0,0,242.5,117.05,0,0,0,0,19-APR-2021,
OPTSTK,PIIND,27-May-2021,2450,PE,0,0,0,210.75,121.8,0,0,0,0,19-APR-2021,
OPTSTK,PIIND,27-May-2021,2460,PE,0,0,0,255.7,126.7,0,0,0,0,19-APR-2021,
OPTSTK,PIIND,27-May-2021,2480,PE,0,0,0,269.15,136.85,0,0,0,0,19-APR-2021,
OPTSTK,PIIND,27-May-2021,2500,PE,0,0,0,260.3,147.45,0,0,0,0,19-APR-2021,
OPTSTK,PIIND,27-May-2021,2520,PE,0,0,0,297.05,158.45,0,0,0,0,19-APR-2021,
OPTSTK,PIIND,27-May-2021,2540,PE,0,0,0,311.45,169.95,0,0,0,0,19-APR-2021,
OPTSTK,PIIND,27-May-2021,2550,PE,0,0,0,309.85,175.8,0,0,0,0,19-APR-2021,
OPTSTK,PIIND,27-May-2021,2560,PE,0,0,0,326.15,181.8,0,0,0,0,19-APR-2021,
OPTSTK,PIIND,27-May-2021,2580,PE,0,0,0,341.2,194.15,0,0,0,0,19-APR-2021,
OPTSTK,PIIND,27-May-2021,2600,PE,0,0,0,359.4,206.85,0,0,0,0,19-APR-2021,
OPTSTK,PIIND,27-May-2021,2620,PE,0,0,0,371.95,220,0,0,0,0,19-APR-2021,
OPTSTK,PIIND,27-May-2021,2640,PE,0,0,0,387.7,233.5,0,0,0,0,19-APR-2021,
OPTSTK,PIIND,27-May-2021,2650,PE,0,0,0,408.9,240.4,0,0,0,0,19-APR-2021,
OPTSTK,PIIND,27-May-2021,2660,PE,0,0,0,403.55,247.4,0,0,0,0,19-APR-2021,
OPTSTK,PIIND,27-May-2021,2680,PE,0,0,0,419.75,261.6,0,0,0,0,19-APR-2021,
OPTSTK,PIIND,27-May-2021,2700,PE,0,0,0,458.45,276.2,0,0,0,0,19-APR-2021,
OPTSTK,PIIND,27-May-2021,2720,PE,0,0,0,452.75,291.3,0,0,0,0,19-APR-2021,
OPTSTK,PIIND,27-May-2021,2740,PE,0,0,0,469.55,306.55,0,0,0,0,19-APR-2021,
OPTSTK,PIIND,27-May-2021,2750,PE,0,0,0,508,314.3,0,0,0,0,19-APR-2021,
OPTSTK,PIIND,27-May-2021,2760,PE,0,0,0,486.55,322.15,0,0,0,0,19-APR-2021,
OPTSTK,PIIND,27-May-2021,2780,PE,0,0,0,503.7,337.9,0,0,0,0,19-APR-2021,
OPTSTK,PIIND,27-May-2021,2800,PE,0,0,0,557.5,354,0,0,0,0,19-APR-2021,
OPTSTK,PIIND,27-May-2021,2820,PE,0,0,0,538.55,370.4,0,0,0,0,19-APR-2021,
OPTSTK,PIIND,27-May-2021,2840,PE,0,0,0,556.15,387.05,0,0,0,0,19-APR-2021,
OPTSTK,PIIND,27-May-2021,2860,PE,0,0,0,573.95,403.95,0,0,0,0,19-APR-2021,
OPTSTK,PIIND,27-May-2021,2880,PE,0,0,0,591.9,421.05,0,0,0,0,19-APR-2021,
OPTSTK,PIIND,27-May-2021,2900,PE,0,0,0,656.6,438.4,0,0,0,0,19-APR-2021,
OPTSTK,PIIND,27-May-2021,2920,PE,0,0,0,628.1,455.9,0,0,0,0,19-APR-2021,
OPTSTK,PIIND,27-May-2021,2940,PE,0,0,0,646.4,473.6,0,0,0,0,19-APR-2021,
OPTSTK,PIIND,27-May-2021,2960,PE,0,0,0,664.8,491.5,0,0,0,0,19-APR-2021,
OPTSTK,PIIND,24-Jun-2021,1700,CE,0,0,0,624.95,792.1,0,0,0,0,19-APR-2021,
OPTSTK,PIIND,24-Jun-2021,1720,CE,0,0,0,607.1,772.8,0,0,0,0,19-APR-2021,
OPTSTK,PIIND,24-Jun-2021,1740,CE,0,0,0,589.45,753.55,0,0,0,0,19-APR-2021,
OPTSTK,PIIND,24-Jun-2021,1760,CE,0,0,0,572,734.45,0,0,0,0,19-APR-2021,
OPTSTK,PIIND,24-Jun-2021,1780,CE,0,0,0,554.75,715.4,0,0,0,0,19-APR-2021,
OPTSTK,PIIND,24-Jun-2021,1800,CE,0,0,0,537.7,696.45,0,0,0,0,19-APR-2021,
OPTSTK,PIIND,24-Jun-2021,1820,CE,0,0,0,520.9,677.65,0,0,0,0,19-APR-2021,
OPTSTK,PIIND,24-Jun-2021,1840,CE,0,0,0,504.35,659,0,0,0,0,19-APR-2021,
OPTSTK,PIIND,24-Jun-2021,1860,CE,0,0,0,488.05,640.45,0,0,0,0,19-APR-2021,
OPTSTK,PIIND,24-Jun-2021,1880,CE,0,0,0,472,622.1,0,0,0,0,19-APR-2021,
OPTSTK,PIIND,24-Jun-2021,1900,CE,0,0,0,456.25,603.9,0,0,0,0,19-APR-2021,
OPTSTK,PIIND,24-Jun-2021,1920,CE,0,0,0,440.75,585.85,0,0,0,0,19-APR-2021,
OPTSTK,PIIND,24-Jun-2021,1940,CE,0,0,0,425.55,568,0,0,0,0,19-APR-2021,
OPTSTK,PIIND,24-Jun-2021,1960,CE,0,0,0,410.7,550.35,0,0,0,0,19-APR-2021,
OPTSTK,PIIND,24-Jun-2021,1980,CE,0,0,0,396.05,532.95,0,0,0,0,19-APR-2021,
OPTSTK,PIIND,24-Jun-2021,2000,CE,0,0,0,381.7,515.75,0,0,0,0,19-APR-2021,
OPTSTK,PIIND,24-Jun-2021,2020,CE,0,0,0,367.7,498.75,0,0,0,0,19-APR-2021,
OPTSTK,PIIND,24-Jun-2021,2040,CE,0,0,0,354,482.05,0,0,0,0,19-APR-2021,
OPTSTK,PIIND,24-Jun-2021,2060,CE,0,0,0,340.5,465.55,0,0,0,0,19-APR-2021,
OPTSTK,PIIND,24-Jun-2021,2080,CE,0,0,0,327.45,449.35,0,0,0,0,19-APR-2021,
OPTSTK,PIIND,24-Jun-2021,2100,CE,0,0,0,314.75,433.45,0,0,0,0,19-APR-2021,
OPTSTK,PIIND,24-Jun-2021,2120,CE,0,0,0,302.35,417.8,0,0,0,0,19-APR-2021,
OPTSTK,PIIND,24-Jun-2021,2140,CE,0,0,0,290.25,402.45,0,0,0,0,19-APR-2021,
OPTSTK,PIIND,24-Jun-2021,2160,CE,0,0,0,278.55,387.4,0,0,0,0,19-APR-2021,
OPTSTK,PIIND,24-Jun-2021,2180,CE,0,0,0,267.1,372.7,0,0,0,0,19-APR-2021,
OPTSTK,PIIND,24-Jun-2021,2200,CE,0,0,0,256.05,358.3,0,0,0,0,19-APR-2021,
OPTSTK,PIIND,24-Jun-2021,2220,CE,0,0,0,245.3,344.2,0,0,0,0,19-APR-2021,
OPTSTK,PIIND,24-Jun-2021,2240,CE,0,0,0,234.85,330.4,0,0,0,0,19-APR-2021,
OPTSTK,PIIND,24-Jun-2021,2260,CE,0,0,0,224.75,316.9,0,0,0,0,19-APR-2021,
OPTSTK,PIIND,24-Jun-2021,2280,CE,0,0,0,215,303.8,0,0,0,0,19-APR-2021,
OPTSTK,PIIND,24-Jun-2021,2300,CE,0,0,0,205.5,291.05,0,0,0,0,19-APR-2021,
OPTSTK,PIIND,24-Jun-2021,2320,CE,0,0,0,196.4,278.65,0,0,0,0,19-APR-2021,
OPTSTK,PIIND,24-Jun-2021,2340,CE,0,0,0,187.55,266.6,0,0,0,0,19-APR-2021,
OPTSTK,PIIND,24-Jun-2021,2360,CE,0,0,0,179,254.95,0,0,0,0,19-APR-2021,
OPTSTK,PIIND,24-Jun-2021,2380,CE,0,0,0,170.8,243.6,0,0,0,0,19-APR-2021,
OPTSTK,PIIND,24-Jun-2021,2400,CE,0,0,0,162.9,232.6,0,0,0,0,19-APR-2021,
OPTSTK,PIIND,24-Jun-2021,2420,CE,0,0,0,155.25,221.95,0,0,0,0,19-APR-2021,
OPTSTK,PIIND,24-Jun-2021,2440,CE,0,0,0,147.9,211.65,0,0,0,0,19-APR-2021,
OPTSTK,PIIND,24-Jun-2021,2460,CE,0,0,0,140.85,201.7,0,0,0,0,19-APR-2021,
OPTSTK,PIIND,24-Jun-2021,2480,CE,0,0,0,134.05,192.1,0,0,0,0,19-APR-2021,
OPTSTK,PIIND,24-Jun-2021,2500,CE,0,0,0,127.55,182.8,0,0,0,0,19-APR-2021,
OPTSTK,PIIND,24-Jun-2021,2520,CE,0,0,0,121.3,173.9,0,0,0,0,19-APR-2021,
OPTSTK,PIIND,24-Jun-2021,2540,CE,0,0,0,115.3,165.3,0,0,0,0,19-APR-2021,
OPTSTK,PIIND,24-Jun-2021,2560,CE,0,0,0,109.5,157,0,0,0,0,19-APR-2021,
OPTSTK,PIIND,24-Jun-2021,2580,CE,0,0,0,104,149.05,0,0,0,0,19-APR-2021,
OPTSTK,PIIND,24-Jun-2021,2600,CE,0,0,0,98.75,141.45,0,0,0,0,19-APR-2021,
OPTSTK,PIIND,24-Jun-2021,2620,CE,0,0,0,93.8,134.1,0,0,0,0,19-APR-2021,
OPTSTK,PIIND,24-Jun-2021,2640,CE,0,0,0,89,127.1,0,0,0,0,19-APR-2021,
OPTSTK,PIIND,24-Jun-2021,2660,CE,0,0,0,84.4,120.35,0,0,0,0,19-APR-2021,
OPTSTK,PIIND,24-Jun-2021,2680,CE,0,0,0,80,113.9,0,0,0,0,19-APR-2021,
OPTSTK,PIIND,24-Jun-2021,2700,CE,0,0,0,75.8,107.75,0,0,0,0,19-APR-2021,
OPTSTK,PIIND,24-Jun-2021,2720,CE,0,0,0,71.8,101.85,0,0,0,0,19-APR-2021,
OPTSTK,PIIND,24-Jun-2021,2740,CE,0,0,0,67.9,96.25,0,0,0,0,19-APR-2021,
OPTSTK,PIIND,24-Jun-2021,2760,CE,0,0,0,64.25,90.9,0,0,0,0,19-APR-2021,
OPTSTK,PIIND,24-Jun-2021,2780,CE,0,0,0,60.8,85.9,0,0,0,0,19-APR-2021,
OPTSTK,PIIND,24-Jun-2021,2800,CE,0,0,0,57.5,81.05,0,0,0,0,19-APR-2021,
OPTSTK,PIIND,24-Jun-2021,2820,CE,0,0,0,54.35,76.4,0,0,0,0,19-APR-2021,
OPTSTK,PIIND,24-Jun-2021,2840,CE,0,0,0,51.35,72.05,0,0,0,0,19-APR-2021,
OPTSTK,PIIND,24-Jun-2021,2860,CE,0,0,0,48.5,67.85,0,0,0,0,19-APR-2021,
OPTSTK,PIIND,24-Jun-2021,2880,CE,0,0,0,45.8,63.8,0,0,0,0,19-APR-2021,
OPTSTK,PIIND,24-Jun-2021,2900,CE,0,0,0,43.25,60,0,0,0,0,19-APR-2021,
OPTSTK,PIIND,24-Jun-2021,2920,CE,0,0,0,40.8,56.45,0,0,0,0,19-APR-2021,
OPTSTK,PIIND,24-Jun-2021,2940,CE,0,0,0,38.5,53.05,0,0,0,0,19-APR-2021,
OPTSTK,PIIND,24-Jun-2021,2960,CE,0,0,0,36.3,49.85,0,0,0,0,19-APR-2021,
OPTSTK,PIIND,24-Jun-2021,1700,PE,0,0,0,14.85,2.95,0,0,0,0,19-APR-2021,
OPTSTK,PIIND,24-Jun-2021,1720,PE,0,0,0,16.8,3.5,0,0,0,0,19-APR-2021,
OPTSTK,PIIND,24-Jun-2021,1740,PE,0,0,0,18.95,4.1,0,0,0,0,19-APR-2021,
OPTSTK,PIIND,24-Jun-2021,1760,PE,0,0,0,21.3,4.85,0,0,0,0,19-APR-2021,
OPTSTK,PIIND,24-Jun-2021,1780,PE,0,0,0,23.85,5.65,0,0,0,0,19-APR-2021,
OPTSTK,PIIND,24-Jun-2021,1800,PE,0,0,0,26.65,6.6,0,0,0,0,19-APR-2021,
OPTSTK,PIIND,24-Jun-2021,1820,PE,0,0,0,29.65,7.65,0,0,0,0,19-APR-2021,
OPTSTK,PIIND,24-Jun-2021,1840,PE,0,0,0,32.95,8.85,0,0,0,0,19-APR-2021,
OPTSTK,PIIND,24-Jun-2021,1860,PE,0,0,0,36.45,10.2,0,0,0,0,19-APR-2021,
OPTSTK,PIIND,24-Jun-2021,1880,PE,0,0,0,40.2,11.7,0,0,0,0,19-APR-2021,
OPTSTK,PIIND,24-Jun-2021,1900,PE,0,0,0,44.25,13.35,0,0,0,0,19-APR-2021,
OPTSTK,PIIND,24-Jun-2021,1920,PE,0,0,0,48.55,15.2,0,0,0,0,19-APR-2021,
OPTSTK,PIIND,24-Jun-2021,1940,PE,0,0,0,53.15,17.2,0,0,0,0,19-APR-2021,
OPTSTK,PIIND,24-Jun-2021,1960,PE,0,0,0,58.15,19.45,0,0,0,0,19-APR-2021,
OPTSTK,PIIND,24-Jun-2021,1980,PE,0,0,0,63.3,21.85,0,0,0,0,19-APR-2021,
OPTSTK,PIIND,24-Jun-2021,2000,PE,0,0,0,68.8,24.5,0,0,0,0,19-APR-2021,
OPTSTK,PIIND,24-Jun-2021,2020,PE,0,0,0,74.6,27.4,0,0,0,0,19-APR-2021,
OPTSTK,PIIND,24-Jun-2021,2040,PE,0,0,0,80.7,30.55,0,0,0,0,19-APR-2021,
OPTSTK,PIIND,24-Jun-2021,2060,PE,0,0,0,87.05,33.95,0,0,0,0,19-APR-2021,
OPTSTK,PIIND,24-Jun-2021,2080,PE,0,0,0,93.8,37.6,0,0,0,0,19-APR-2021,
OPTSTK,PIIND,24-Jun-2021,2100,PE,0,0,0,100.9,41.55,0,0,0,0,19-APR-2021,
OPTSTK,PIIND,24-Jun-2021,2120,PE,0,0,0,108.3,45.75,0,0,0,0,19-APR-2021,
OPTSTK,PIIND,24-Jun-2021,2140,PE,0,0,0,116.05,50.25,0,0,0,0,19-APR-2021,
OPTSTK,PIIND,24-Jun-2021,2160,PE,0,0,0,124.15,55.1,0,0,0,0,19-APR-2021,
OPTSTK,PIIND,24-Jun-2021,2180,PE,0,0,0,132.55,60.3,0,0,0,0,19-APR-2021,
OPTSTK,PIIND,24-Jun-2021,2200,PE,0,0,0,141.25,65.7,0,0,0,0,19-APR-2021,
OPTSTK,PIIND,24-Jun-2021,2220,PE,0,0,0,150.35,71.5,0,0,0,0,19-APR-2021,
OPTSTK,PIIND,24-Jun-2021,2240,PE,0,0,0,159.7,77.55,0,0,0,0,19-APR-2021,
OPTSTK,PIIND,24-Jun-2021,2260,PE,0,0,0,169.45,83.9,0,0,0,0,19-APR-2021,
OPTSTK,PIIND,24-Jun-2021,2280,PE,0,0,0,179.45,90.7,0,0,0,0,19-APR-2021,
OPTSTK,PIIND,24-Jun-2021,2300,PE,0,0,0,189.8,97.8,0,0,0,0,19-APR-2021,
OPTSTK,PIIND,24-Jun-2021,2320,PE,0,0,0,200.5,105.3,0,0,0,0,19-APR-2021,
OPTSTK,PIIND,24-Jun-2021,2340,PE,0,0,0,211.45,113.1,0,0,0,0,19-APR-2021,
OPTSTK,PIIND,24-Jun-2021,2360,PE,0,0,0,222.75,121.3,0,0,0,0,19-APR-2021,
OPTSTK,PIIND,24-Jun-2021,2380,PE,0,0,0,234.35,129.8,0,0,0,0,19-APR-2021,
OPTSTK,PIIND,24-Jun-2021,2400,PE,0,0,0,246.25,138.7,0,0,0,0,19-APR-2021,
OPTSTK,PIIND,24-Jun-2021,2420,PE,0,0,0,258.45,147.9,0,0,0,0,19-APR-2021,
OPTSTK,PIIND,24-Jun-2021,2440,PE,0,0,0,270.9,157.45,0,0,0,0,19-APR-2021,
OPTSTK,PIIND,24-Jun-2021,2460,PE,0,0,0,283.65,167.35,0,0,0,0,19-APR-2021,
OPTSTK,PIIND,24-Jun-2021,2480,PE,0,0,0,296.7,177.65,0,0,0,0,19-APR-2021,
OPTSTK,PIIND,24-Jun-2021,2500,PE,0,0,0,309.95,188.25,0,0,0,0,19-APR-2021,
OPTSTK,PIIND,24-Jun-2021,2520,PE,0,0,0,323.55,199.15,0,0,0,0,19-APR-2021,
OPTSTK,PIIND,24-Jun-2021,2540,PE,0,0,0,337.35,210.45,0,0,0,0,19-APR-2021,
OPTSTK,PIIND,24-Jun-2021,2560,PE,0,0,0,351.4,222,0,0,0,0,19-APR-2021,
OPTSTK,PIIND,24-Jun-2021,2580,PE,0,0,0,365.7,233.95,0,0,0,0,19-APR-2021,
OPTSTK,PIIND,24-Jun-2021,2600,PE,0,0,0,380.25,246.15,0,0,0,0,19-APR-2021,
OPTSTK,PIIND,24-Jun-2021,2620,PE,0,0,0,395.1,258.7,0,0,0,0,19-APR-2021,
OPTSTK,PIIND,24-Jun-2021,2640,PE,0,0,0,410.1,271.55,0,0,0,0,19-APR-2021,
OPTSTK,PIIND,24-Jun-2021,2660,PE,0,0,0,425.35,284.65,0,0,0,0,19-APR-2021,
OPTSTK,PIIND,24-Jun-2021,2680,PE,0,0,0,440.75,298.1,0,0,0,0,19-APR-2021,
OPTSTK,PIIND,24-Jun-2021,2700,PE,0,0,0,456.4,311.8,0,0,0,0,19-APR-2021,
OPTSTK,PIIND,24-Jun-2021,2720,PE,0,0,0,472.2,325.8,0,0,0,0,19-APR-2021,
OPTSTK,PIIND,24-Jun-2021,2740,PE,0,0,0,488.1,340.05,0,0,0,0,19-APR-2021,
OPTSTK,PIIND,24-Jun-2021,2760,PE,0,0,0,504.3,354.55,0,0,0,0,19-APR-2021,
OPTSTK,PIIND,24-Jun-2021,2780,PE,0,0,0,520.6,369.4,0,0,0,0,19-APR-2021,
OPTSTK,PIIND,24-Jun-2021,2800,PE,0,0,0,537.15,384.4,0,0,0,0,19-APR-2021,
OPTSTK,PIIND,24-Jun-2021,2820,PE,0,0,0,553.8,399.65,0,0,0,0,19-APR-2021,
OPTSTK,PIIND,24-Jun-2021,2840,PE,0,0,0,570.65,415.15,0,0,0,0,19-APR-2021,
OPTSTK,PIIND,24-Jun-2021,2860,PE,0,0,0,587.6,430.85,0,0,0,0,19-APR-2021,
OPTSTK,PIIND,24-Jun-2021,2880,PE,0,0,0,604.7,446.65,0,0,0,0,19-APR-2021,
OPTSTK,PIIND,24-Jun-2021,2900,PE,0,0,0,621.95,462.7,0,0,0,0,19-APR-2021,
OPTSTK,PIIND,24-Jun-2021,2920,PE,0,0,0,639.35,479,0,0,0,0,19-APR-2021,
OPTSTK,PIIND,24-Jun-2021,2940,PE,0,0,0,656.85,495.5,0,0,0,0,19-APR-2021,
OPTSTK,PIIND,24-Jun-2021,2960,PE,0,0,0,674.45,512.15,0,0,0,0,19-APR-2021,
OPTSTK,PNB,29-Apr-2021,20,CE,0,0,0,12.85,13.2,0,0,0,0,19-APR-2021,
OPTSTK,PNB,29-Apr-2021,21,CE,0,0,0,11.95,12.2,0,0,0,0,19-APR-2021,
OPTSTK,PNB,29-Apr-2021,22,CE,0,0,0,11.05,11.2,0,0,0,0,19-APR-2021,
OPTSTK,PNB,29-Apr-2021,23,CE,0,0,0,10.15,10.2,0,0,0,0,19-APR-2021,
OPTSTK,PNB,29-Apr-2021,24,CE,0,0,0,9.3,9.2,0,0,0,0,19-APR-2021,
OPTSTK,PNB,29-Apr-2021,25,CE,0,0,0,8.5,8.2,0,0,0,0,19-APR-2021,
OPTSTK,PNB,29-Apr-2021,26,CE,0,0,0,7.75,7.2,0,0,0,0,19-APR-2021,
OPTSTK,PNB,29-Apr-2021,27,CE,0,0,0,7,6.2,0,0,0,0,19-APR-2021,
OPTSTK,PNB,29-Apr-2021,28,CE,0,0,0,6.3,5.25,0,0,0,0,19-APR-2021,
OPTSTK,PNB,29-Apr-2021,29,CE,0,0,0,5.7,4.3,0,0,0,0,19-APR-2021,
OPTSTK,PNB,29-Apr-2021,30,CE,3.5,3.6,3.5,3.6,3.6,2,10.73,224000,32000,19-APR-2021,
OPTSTK,PNB,29-Apr-2021,31,CE,2.65,2.65,2.65,2.65,2.65,1,5.38,16000,16000,19-APR-2021,
OPTSTK,PNB,29-Apr-2021,32,CE,2.05,2.05,1.7,1.95,1.95,9,48.79,80000,80000,19-APR-2021,
OPTSTK,PNB,29-Apr-2021,33,CE,1.55,1.55,1.15,1.4,1.4,542,2972.65,1632000,1552000,19-APR-2021,
OPTSTK,PNB,29-Apr-2021,34,CE,0.95,1,0.75,0.9,0.9,406,2265.03,2288000,704000,19-APR-2021,
OPTSTK,PNB,29-Apr-2021,35,CE,0.7,0.8,0.5,0.6,0.6,1713,9755.01,8016000,1008000,19-APR-2021,
OPTSTK,PNB,29-Apr-2021,36,CE,0.5,0.55,0.35,0.45,0.45,386,2248.13,5968000,-480000,19-APR-2021,
OPTSTK,PNB,29-Apr-2021,37,CE,0.45,0.6,0.25,0.3,0.3,364,2172.23,6080000,464000,19-APR-2021,
OPTSTK,PNB,29-Apr-2021,38,CE,0.55,0.55,0.2,0.25,0.25,217,1327.89,10848000,176000,19-APR-2021,
OPTSTK,PNB,29-Apr-2021,39,CE,0.25,0.25,0.15,0.2,0.2,92,576.89,4832000,-448000,19-APR-2021,
OPTSTK,PNB,29-Apr-2021,40,CE,0.3,0.3,0.15,0.2,0.2,322,2069.8,27408000,-1152000,19-APR-2021,
OPTSTK,PNB,29-Apr-2021,41,CE,0.15,0.15,0.1,0.1,0.1,46,302.64,4656000,-16000,19-APR-2021,
OPTSTK,PNB,29-Apr-2021,42,CE,0.1,0.15,0.05,0.1,0.1,67,451.31,4576000,-464000,19-APR-2021,
OPTSTK,PNB,29-Apr-2021,43,CE,0.2,0.2,0.05,0.1,0,26,179.3,1712000,-304000,19-APR-2021,
OPTSTK,PNB,29-Apr-2021,44,CE,0.1,0.1,0.05,0.1,0.1,15,105.81,1888000,-80000,19-APR-2021,
OPTSTK,PNB,29-Apr-2021,45,CE,0.1,0.1,0.05,0.1,0.1,73,526.48,11248000,-192000,19-APR-2021,
OPTSTK,PNB,29-Apr-2021,46,CE,0.05,0.1,0.05,0.05,0.05,5,36.84,512000,0,19-APR-2021,
OPTSTK,PNB,29-Apr-2021,47,CE,0.05,0.05,0.05,0.05,0,3,22.58,224000,-16000,19-APR-2021,
OPTSTK,PNB,29-Apr-2021,48,CE,0.05,0.05,0.05,0.05,0,15,115.32,1168000,-144000,19-APR-2021,
OPTSTK,PNB,29-Apr-2021,49,CE,0.05,0.05,0.05,0.05,0,2,15.69,16000,-16000,19-APR-2021,
OPTSTK,PNB,29-Apr-2021,50,CE,0.05,0.1,0.05,0.05,0.05,66,528.54,3536000,-320000,19-APR-2021,
OPTSTK,PNB,29-Apr-2021,51,CE,0.05,0.05,0.05,0.05,0,2,16.33,48000,0,19-APR-2021,
OPTSTK,PNB,29-Apr-2021,52,CE,0.05,0.05,0.05,0.05,0,1,8.32,128000,0,19-APR-2021,
OPTSTK,PNB,29-Apr-2021,53,CE,0.05,0.05,0.05,0.05,0,1,8.48,464000,-16000,19-APR-2021,
OPTSTK,PNB,29-Apr-2021,20,PE,0,0,0,0.05,0,0,0,160000,0,19-APR-2021,
OPTSTK,PNB,29-Apr-2021,21,PE,0,0,0,0.2,0,0,0,0,0,19-APR-2021,
OPTSTK,PNB,29-Apr-2021,22,PE,0,0,0,0.3,0,0,0,0,0,19-APR-2021,
OPTSTK,PNB,29-Apr-2021,23,PE,0,0,0,0.4,0,0,0,0,0,19-APR-2021,
OPTSTK,PNB,29-Apr-2021,24,PE,0.05,0.05,0.05,0.05,0,1,3.84,64000,16000,19-APR-2021,
OPTSTK,PNB,29-Apr-2021,25,PE,0.1,0.1,0.05,0.05,0,8,32.12,304000,64000,19-APR-2021,
OPTSTK,PNB,29-Apr-2021,26,PE,0,0,0,0.1,0,0,0,48000,0,19-APR-2021,
OPTSTK,PNB,29-Apr-2021,27,PE,0.1,0.15,0.1,0.15,0.15,5,21.71,160000,32000,19-APR-2021,
OPTSTK,PNB,29-Apr-2021,28,PE,0.2,0.25,0.15,0.15,0.15,75,338.36,880000,32000,19-APR-2021,
OPTSTK,PNB,29-Apr-2021,29,PE,0.2,0.35,0.2,0.2,0.2,49,229.43,784000,112000,19-APR-2021,
OPTSTK,PNB,29-Apr-2021,30,PE,0.3,0.5,0.3,0.35,0.35,405,1968.8,5776000,-1488000,19-APR-2021,
OPTSTK,PNB,29-Apr-2021,31,PE,0.45,0.65,0.45,0.5,0.5,114,575.53,1424000,32000,19-APR-2021,
OPTSTK,PNB,29-Apr-2021,32,PE,0.8,0.95,0.7,0.75,0.75,213,1119.15,3552000,256000,19-APR-2021,
OPTSTK,PNB,29-Apr-2021,33,PE,0.95,1.45,0.95,1.15,1.15,359,1969.68,6640000,1664000,19-APR-2021,
OPTSTK,PNB,29-Apr-2021,34,PE,1.8,2.05,1.6,1.65,1.65,167,957.52,3552000,-880000,19-APR-2021,
OPTSTK,PNB,29-Apr-2021,35,PE,2.1,2.8,2,2.4,2.4,120,720.56,7536000,-464000,19-APR-2021,
OPTSTK,PNB,29-Apr-2021,36,PE,3.2,3.7,3.2,3.4,3.2,10,63.16,3984000,-32000,19-APR-2021,
OPTSTK,PNB,29-Apr-2021,37,PE,2.5,4.5,2.5,4.05,4.05,22,144.79,2768000,-160000,19-APR-2021,
OPTSTK,PNB,29-Apr-2021,38,PE,5.5,5.5,4.9,5.2,4.95,14,97.01,3968000,-176000,19-APR-2021,
OPTSTK,PNB,29-Apr-2021,39,PE,6.4,6.5,6,6,6,6,43.54,1776000,-32000,19-APR-2021,
OPTSTK,PNB,29-Apr-2021,40,PE,7.5,7.5,7,7,7,19,143.22,6800000,-224000,19-APR-2021,
OPTSTK,PNB,29-Apr-2021,41,PE,0,0,0,3.35,7.85,0,0,192000,0,19-APR-2021,
OPTSTK,PNB,29-Apr-2021,42,PE,0,0,0,4.7,8.85,0,0,224000,0,19-APR-2021,
OPTSTK,PNB,29-Apr-2021,43,PE,0,0,0,7.5,9.85,0,0,32000,0,19-APR-2021,
OPTSTK,PNB,29-Apr-2021,44,PE,0,0,0,9,10.85,0,0,32000,0,19-APR-2021,
OPTSTK,PNB,29-Apr-2021,45,PE,0,0,0,10.15,11.85,0,0,1440000,0,19-APR-2021,
OPTSTK,PNB,29-Apr-2021,46,PE,0,0,0,13.65,12.8,0,0,0,0,19-APR-2021,
OPTSTK,PNB,29-Apr-2021,47,PE,0,0,0,14.55,13.8,0,0,0,0,19-APR-2021,
OPTSTK,PNB,29-Apr-2021,48,PE,0,0,0,15.5,14.8,0,0,0,0,19-APR-2021,
OPTSTK,PNB,29-Apr-2021,49,PE,0,0,0,16.4,15.8,0,0,0,0,19-APR-2021,
OPTSTK,PNB,29-Apr-2021,50,PE,0,0,0,12.85,16.8,0,0,64000,0,19-APR-2021,
OPTSTK,PNB,29-Apr-2021,51,PE,0,0,0,18.3,17.8,0,0,0,0,19-APR-2021,
OPTSTK,PNB,29-Apr-2021,52,PE,0,0,0,16.3,18.8,0,0,0,0,19-APR-2021,
OPTSTK,PNB,29-Apr-2021,53,PE,0,0,0,17.25,19.8,0,0,0,0,19-APR-2021,
OPTSTK,PNB,27-May-2021,24,CE,0,0,0,18.2,9.35,0,0,0,0,19-APR-2021,
OPTSTK,PNB,27-May-2021,25,CE,0,0,0,17.25,8.4,0,0,0,0,19-APR-2021,
OPTSTK,PNB,27-May-2021,26,CE,0,0,0,16.35,7.5,0,0,0,0,19-APR-2021,
OPTSTK,PNB,27-May-2021,27,CE,0,0,0,15.4,6.65,0,0,0,0,19-APR-2021,
OPTSTK,PNB,27-May-2021,28,CE,0,0,0,14.5,5.8,0,0,0,0,19-APR-2021,
OPTSTK,PNB,27-May-2021,29,CE,0,0,0,13.6,5.05,0,0,0,0,19-APR-2021,
OPTSTK,PNB,27-May-2021,30,CE,0,0,0,12.75,4.35,0,0,0,0,19-APR-2021,
OPTSTK,PNB,27-May-2021,31,CE,0,0,0,11.95,3.7,0,0,0,0,19-APR-2021,
OPTSTK,PNB,27-May-2021,32,CE,0,0,0,4,3.1,0,0,16000,0,19-APR-2021,
OPTSTK,PNB,27-May-2021,33,CE,0,0,0,10.35,2.6,0,0,0,0,19-APR-2021,
OPTSTK,PNB,27-May-2021,34,CE,1.45,1.45,1.45,1.45,2.15,1,5.67,16000,16000,19-APR-2021,
OPTSTK,PNB,27-May-2021,35,CE,1.8,2.3,1.6,1.9,1.9,262,1540.82,3904000,2272000,19-APR-2021,
OPTSTK,PNB,27-May-2021,36,CE,0,0,0,8.2,1.45,0,0,0,0,19-APR-2021,
OPTSTK,PNB,27-May-2021,37,CE,0,0,0,1.85,1.15,0,0,0,0,19-APR-2021,
OPTSTK,PNB,27-May-2021,38,CE,1,1.1,0.9,1.1,0.95,13,81.14,192000,192000,19-APR-2021,
OPTSTK,PNB,27-May-2021,39,CE,0,0,0,6.4,0.75,0,0,0,0,19-APR-2021,
OPTSTK,PNB,27-May-2021,40,CE,1,1,0.75,0.85,0.85,105,685.96,3984000,672000,19-APR-2021,
OPTSTK,PNB,27-May-2021,41,CE,0,0,0,5.4,0.45,0,0,0,0,19-APR-2021,
OPTSTK,PNB,27-May-2021,42,CE,0,0,0,4.9,0.35,0,0,0,0,19-APR-2021,
OPTSTK,PNB,27-May-2021,43,CE,0,0,0,4.5,0.3,0,0,0,0,19-APR-2021,
OPTSTK,PNB,27-May-2021,44,CE,0,0,0,0.45,0.25,0,0,16000,0,19-APR-2021,
OPTSTK,PNB,27-May-2021,45,CE,0.35,0.45,0.35,0.45,0.45,17,123.48,784000,0,19-APR-2021,
OPTSTK,PNB,27-May-2021,46,CE,0,0,0,3.35,0.15,0,0,0,0,19-APR-2021,
OPTSTK,PNB,27-May-2021,47,CE,0,0,0,3.05,0.1,0,0,0,0,19-APR-2021,
OPTSTK,PNB,27-May-2021,48,CE,0,0,0,2.75,0.1,0,0,0,0,19-APR-2021,
OPTSTK,PNB,27-May-2021,49,CE,0,0,0,2.5,0.05,0,0,0,0,19-APR-2021,
OPTSTK,PNB,27-May-2021,50,CE,0.25,0.25,0.2,0.25,0.25,3,24.11,672000,48000,19-APR-2021,
OPTSTK,PNB,27-May-2021,51,CE,0,0,0,2.05,0.05,0,0,0,0,19-APR-2021,
OPTSTK,PNB,27-May-2021,52,CE,0,0,0,1.85,0.05,0,0,0,0,19-APR-2021,
OPTSTK,PNB,27-May-2021,53,CE,0,0,0,1.65,0.05,0,0,0,0,19-APR-2021,
OPTSTK,PNB,27-May-2021,24,PE,0,0,0,0.1,0.1,0,0,0,0,19-APR-2021,
OPTSTK,PNB,27-May-2021,25,PE,0.55,0.55,0.55,0.55,0.15,1,4.08,16000,16000,19-APR-2021,
OPTSTK,PNB,27-May-2021,26,PE,0,0,0,0.2,0.25,0,0,0,0,19-APR-2021,
OPTSTK,PNB,27-May-2021,27,PE,0,0,0,0.25,0.4,0,0,0,0,19-APR-2021,
OPTSTK,PNB,27-May-2021,28,PE,0,0,0,0.35,0.55,0,0,0,0,19-APR-2021,
OPTSTK,PNB,27-May-2021,29,PE,0,0,0,0.45,0.8,0,0,0,0,19-APR-2021,
OPTSTK,PNB,27-May-2021,30,PE,0.95,1.2,0.95,1.05,1.05,47,233.45,1296000,448000,19-APR-2021,
OPTSTK,PNB,27-May-2021,31,PE,0,0,0,0.75,1.45,0,0,0,0,19-APR-2021,
OPTSTK,PNB,27-May-2021,32,PE,1.85,1.95,1.55,1.55,1.55,18,97.41,352000,176000,19-APR-2021,
OPTSTK,PNB,27-May-2021,33,PE,2.1,2.1,2.1,2.1,2.35,1,5.61,16000,16000,19-APR-2021,
OPTSTK,PNB,27-May-2021,34,PE,3,3,3,3,2.9,1,5.92,16000,16000,19-APR-2021,
OPTSTK,PNB,27-May-2021,35,PE,3.8,3.9,3.45,3.55,3.55,22,136.01,2032000,176000,19-APR-2021,
OPTSTK,PNB,27-May-2021,36,PE,0,0,0,3,4.15,0,0,48000,0,19-APR-2021,
OPTSTK,PNB,27-May-2021,37,PE,0,0,0,2.35,4.9,0,0,0,0,19-APR-2021,
OPTSTK,PNB,27-May-2021,38,PE,0,0,0,2.7,5.65,0,0,0,0,19-APR-2021,
OPTSTK,PNB,27-May-2021,39,PE,0,0,0,3.15,6.45,0,0,0,0,19-APR-2021,
OPTSTK,PNB,27-May-2021,40,PE,7.2,7.2,7.2,7.2,7.3,1,7.55,48000,16000,19-APR-2021,
OPTSTK,PNB,27-May-2021,41,PE,0,0,0,4.1,8.15,0,0,0,0,19-APR-2021,
OPTSTK,PNB,27-May-2021,42,PE,0,0,0,4.6,9.05,0,0,0,0,19-APR-2021,
OPTSTK,PNB,27-May-2021,43,PE,0,0,0,5.2,9.95,0,0,0,0,19-APR-2021,
OPTSTK,PNB,27-May-2021,44,PE,0,0,0,5.75,10.9,0,0,0,0,19-APR-2021,
OPTSTK,PNB,27-May-2021,45,PE,0,0,0,6.4,11.85,0,0,0,0,19-APR-2021,
OPTSTK,PNB,27-May-2021,46,PE,0,0,0,7.05,12.8,0,0,0,0,19-APR-2021,
OPTSTK,PNB,27-May-2021,47,PE,0,0,0,7.7,13.8,0,0,0,0,19-APR-2021,
OPTSTK,PNB,27-May-2021,48,PE,0,0,0,8.4,14.75,0,0,0,0,19-APR-2021,
OPTSTK,PNB,27-May-2021,49,PE,0,0,0,9.15,15.75,0,0,0,0,19-APR-2021,
OPTSTK,PNB,27-May-2021,50,PE,0,0,0,9.9,16.7,0,0,0,0,19-APR-2021,
OPTSTK,PNB,27-May-2021,51,PE,0,0,0,10.65,17.7,0,0,0,0,19-APR-2021,
OPTSTK,PNB,27-May-2021,52,PE,0,0,0,11.45,18.7,0,0,0,0,19-APR-2021,
OPTSTK,PNB,27-May-2021,53,PE,0,0,0,12.25,19.7,0,0,0,0,19-APR-2021,
OPTSTK,PNB,24-Jun-2021,24,CE,0,0,0,12.05,9.6,0,0,0,0,19-APR-2021,
OPTSTK,PNB,24-Jun-2021,25,CE,0,0,0,11.15,8.75,0,0,0,0,19-APR-2021,
OPTSTK,PNB,24-Jun-2021,26,CE,0,0,0,10.3,7.9,0,0,0,0,19-APR-2021,
OPTSTK,PNB,24-Jun-2021,27,CE,0,0,0,9.5,7.15,0,0,0,0,19-APR-2021,
OPTSTK,PNB,24-Jun-2021,28,CE,0,0,0,8.7,6.4,0,0,0,0,19-APR-2021,
OPTSTK,PNB,24-Jun-2021,29,CE,0,0,0,7.95,5.7,0,0,0,0,19-APR-2021,
OPTSTK,PNB,24-Jun-2021,30,CE,0,0,0,7.25,5.05,0,0,0,0,19-APR-2021,
OPTSTK,PNB,24-Jun-2021,31,CE,0,0,0,6.6,4.45,0,0,0,0,19-APR-2021,
OPTSTK,PNB,24-Jun-2021,32,CE,0,0,0,6,3.9,0,0,0,0,19-APR-2021,
OPTSTK,PNB,24-Jun-2021,33,CE,0,0,0,5.4,3.45,0,0,0,0,19-APR-2021,
OPTSTK,PNB,24-Jun-2021,34,CE,0,0,0,4.9,3,0,0,0,0,19-APR-2021,
OPTSTK,PNB,24-Jun-2021,35,CE,0,0,0,4.4,2.6,0,0,0,0,19-APR-2021,
OPTSTK,PNB,24-Jun-2021,36,CE,0,0,0,3.9,2.25,0,0,16000,0,19-APR-2021,
OPTSTK,PNB,24-Jun-2021,37,CE,0,0,0,3.5,1.95,0,0,0,0,19-APR-2021,
OPTSTK,PNB,24-Jun-2021,38,CE,0,0,0,3.15,1.65,0,0,0,0,19-APR-2021,
OPTSTK,PNB,24-Jun-2021,39,CE,0,0,0,2.8,1.4,0,0,0,0,19-APR-2021,
OPTSTK,PNB,24-Jun-2021,40,CE,0,0,0,2.5,1.2,0,0,0,0,19-APR-2021,
OPTSTK,PNB,24-Jun-2021,41,CE,0,0,0,2.2,1.05,0,0,0,0,19-APR-2021,
OPTSTK,PNB,24-Jun-2021,42,CE,0,0,0,1.95,0.9,0,0,0,0,19-APR-2021,
OPTSTK,PNB,24-Jun-2021,43,CE,0,0,0,1.75,0.75,0,0,0,0,19-APR-2021,
OPTSTK,PNB,24-Jun-2021,44,CE,0,0,0,1.55,0.65,0,0,0,0,19-APR-2021,
OPTSTK,PNB,24-Jun-2021,45,CE,0,0,0,1.35,0.55,0,0,0,0,19-APR-2021,
OPTSTK,PNB,24-Jun-2021,46,CE,0,0,0,1.2,0.45,0,0,0,0,19-APR-2021,
OPTSTK,PNB,24-Jun-2021,47,CE,0,0,0,1.05,0.4,0,0,0,0,19-APR-2021,
OPTSTK,PNB,24-Jun-2021,48,CE,0,0,0,1,0.3,0,0,16000,0,19-APR-2021,
OPTSTK,PNB,24-Jun-2021,49,CE,0,0,0,0.8,0.25,0,0,0,0,19-APR-2021,
OPTSTK,PNB,24-Jun-2021,50,CE,0,0,0,0.5,0.25,0,0,32000,0,19-APR-2021,
OPTSTK,PNB,24-Jun-2021,51,CE,0,0,0,0.6,0.2,0,0,0,0,19-APR-2021,
OPTSTK,PNB,24-Jun-2021,52,CE,0,0,0,0.55,0.15,0,0,0,0,19-APR-2021,
OPTSTK,PNB,24-Jun-2021,53,CE,0,0,0,0.5,0.15,0,0,0,0,19-APR-2021,
OPTSTK,PNB,24-Jun-2021,24,PE,0,0,0,0.3,0.3,0,0,0,0,19-APR-2021,
OPTSTK,PNB,24-Jun-2021,25,PE,0,0,0,0.4,0.45,0,0,0,0,19-APR-2021,
OPTSTK,PNB,24-Jun-2021,26,PE,0,0,0,0.55,0.6,0,0,0,0,19-APR-2021,
OPTSTK,PNB,24-Jun-2021,27,PE,0,0,0,0.75,0.8,0,0,0,0,19-APR-2021,
OPTSTK,PNB,24-Jun-2021,28,PE,0,0,0,0.95,1.05,0,0,0,0,19-APR-2021,
OPTSTK,PNB,24-Jun-2021,29,PE,0,0,0,1.2,1.35,0,0,0,0,19-APR-2021,
OPTSTK,PNB,24-Jun-2021,30,PE,0,0,0,1.5,1.7,0,0,0,0,19-APR-2021,
OPTSTK,PNB,24-Jun-2021,31,PE,0,0,0,1.8,2.1,0,0,0,0,19-APR-2021,
OPTSTK,PNB,24-Jun-2021,32,PE,0,0,0,2.2,2.55,0,0,0,0,19-APR-2021,
OPTSTK,PNB,24-Jun-2021,33,PE,0,0,0,2.6,3.05,0,0,0,0,19-APR-2021,
OPTSTK,PNB,24-Jun-2021,34,PE,0,0,0,3.05,3.6,0,0,0,0,19-APR-2021,
OPTSTK,PNB,24-Jun-2021,35,PE,0,0,0,3.55,4.2,0,0,0,0,19-APR-2021,
OPTSTK,PNB,24-Jun-2021,36,PE,0,0,0,4.1,4.85,0,0,0,0,19-APR-2021,
OPTSTK,PNB,24-Jun-2021,37,PE,0,0,0,4.7,5.55,0,0,0,0,19-APR-2021,
OPTSTK,PNB,24-Jun-2021,38,PE,0,0,0,5.3,6.25,0,0,0,0,19-APR-2021,
OPTSTK,PNB,24-Jun-2021,39,PE,0,0,0,5.95,7,0,0,0,0,19-APR-2021,
OPTSTK,PNB,24-Jun-2021,40,PE,0,0,0,6.6,7.8,0,0,0,0,19-APR-2021,
OPTSTK,PNB,24-Jun-2021,41,PE,0,0,0,7.35,8.6,0,0,0,0,19-APR-2021,
OPTSTK,PNB,24-Jun-2021,42,PE,0,0,0,8.05,9.45,0,0,0,0,19-APR-2021,
OPTSTK,PNB,24-Jun-2021,43,PE,0,0,0,8.85,10.3,0,0,0,0,19-APR-2021,
OPTSTK,PNB,24-Jun-2021,44,PE,0,0,0,9.6,11.2,0,0,0,0,19-APR-2021,
OPTSTK,PNB,24-Jun-2021,45,PE,0,0,0,10.45,12.1,0,0,0,0,19-APR-2021,
OPTSTK,PNB,24-Jun-2021,46,PE,0,0,0,11.25,13,0,0,0,0,19-APR-2021,
OPTSTK,PNB,24-Jun-2021,47,PE,0,0,0,12.1,13.9,0,0,0,0,19-APR-2021,
OPTSTK,PNB,24-Jun-2021,48,PE,0,0,0,13,14.85,0,0,0,0,19-APR-2021,
OPTSTK,PNB,24-Jun-2021,49,PE,0,0,0,13.85,15.8,0,0,0,0,19-APR-2021,
OPTSTK,PNB,24-Jun-2021,50,PE,0,0,0,14.75,16.75,0,0,0,0,19-APR-2021,
OPTSTK,PNB,24-Jun-2021,51,PE,0,0,0,15.65,17.7,0,0,0,0,19-APR-2021,
OPTSTK,PNB,24-Jun-2021,52,PE,0,0,0,16.55,18.65,0,0,0,0,19-APR-2021,
OPTSTK,PNB,24-Jun-2021,53,PE,0,0,0,17.5,19.65,0,0,0,0,19-APR-2021,
OPTSTK,POWERGRID,29-Apr-2021,127.5,CE,0,0,0,61.15,73.85,0,0,0,0,19-APR-2021,
OPTSTK,POWERGRID,29-Apr-2021,130,CE,0,0,0,58.7,71.35,0,0,0,0,19-APR-2021,
OPTSTK,POWERGRID,29-Apr-2021,132.5,CE,0,0,0,56.3,68.85,0,0,0,0,19-APR-2021,
OPTSTK,POWERGRID,29-Apr-2021,135,CE,0,0,0,53.9,66.35,0,0,0,0,19-APR-2021,
OPTSTK,POWERGRID,29-Apr-2021,137.5,CE,0,0,0,51.5,63.85,0,0,0,0,19-APR-2021,
OPTSTK,POWERGRID,29-Apr-2021,140,CE,0,0,0,49.15,61.35,0,0,0,0,19-APR-2021,
OPTSTK,POWERGRID,29-Apr-2021,142.5,CE,0,0,0,46.8,58.85,0,0,0,0,19-APR-2021,
OPTSTK,POWERGRID,29-Apr-2021,145,CE,0,0,0,44.5,56.35,0,0,0,0,19-APR-2021,
OPTSTK,POWERGRID,29-Apr-2021,147.5,CE,0,0,0,42.25,53.85,0,0,0,0,19-APR-2021,
OPTSTK,POWERGRID,29-Apr-2021,150,CE,0,0,0,40.05,51.35,0,0,0,0,19-APR-2021,
OPTSTK,POWERGRID,29-Apr-2021,152.5,CE,0,0,0,37.85,48.85,0,0,0,0,19-APR-2021,
OPTSTK,POWERGRID,29-Apr-2021,155,CE,0,0,0,35.75,46.35,0,0,0,0,19-APR-2021,
OPTSTK,POWERGRID,29-Apr-2021,157.5,CE,0,0,0,33.65,43.9,0,0,0,0,19-APR-2021,
OPTSTK,POWERGRID,29-Apr-2021,160,CE,0,0,0,31.65,41.4,0,0,0,0,19-APR-2021,
OPTSTK,POWERGRID,29-Apr-2021,162.5,CE,0,0,0,29.7,38.9,0,0,0,0,19-APR-2021,
OPTSTK,POWERGRID,29-Apr-2021,165,CE,0,0,0,27.8,36.4,0,0,0,0,19-APR-2021,
OPTSTK,POWERGRID,29-Apr-2021,167.5,CE,0,0,0,25.95,33.9,0,0,0,0,19-APR-2021,
OPTSTK,POWERGRID,29-Apr-2021,170,CE,0,0,0,24.2,31.4,0,0,0,0,19-APR-2021,
OPTSTK,POWERGRID,29-Apr-2021,172.5,CE,0,0,0,22.5,28.9,0,0,0,0,19-APR-2021,
OPTSTK,POWERGRID,29-Apr-2021,175,CE,0,0,0,20.9,26.45,0,0,0,0,19-APR-2021,
OPTSTK,POWERGRID,29-Apr-2021,177.5,CE,0,0,0,19.35,24,0,0,0,0,19-APR-2021,
OPTSTK,POWERGRID,29-Apr-2021,180,CE,0,0,0,17.9,21.6,0,0,0,0,19-APR-2021,
OPTSTK,POWERGRID,29-Apr-2021,182.5,CE,0,0,0,16.5,19.25,0,0,0,0,19-APR-2021,
OPTSTK,POWERGRID,29-Apr-2021,185,CE,0,0,0,15.2,16.95,0,0,0,0,19-APR-2021,
OPTSTK,POWERGRID,29-Apr-2021,187.5,CE,0,0,0,14,14.75,0,0,0,0,19-APR-2021,
OPTSTK,POWERGRID,29-Apr-2021,190,CE,0,0,0,26.35,12.65,0,0,0,0,19-APR-2021,
OPTSTK,POWERGRID,29-Apr-2021,192.5,CE,0,0,0,11.75,10.7,0,0,0,0,19-APR-2021,
OPTSTK,POWERGRID,29-Apr-2021,195,CE,8.2,8.2,8.2,8.2,8.9,1,8.12,20000,4000,19-APR-2021,
OPTSTK,POWERGRID,29-Apr-2021,197.5,CE,0,0,0,9.75,7.3,0,0,0,0,19-APR-2021,
OPTSTK,POWERGRID,29-Apr-2021,200,CE,6.7,7.7,4.8,5.35,5.35,151,1244.01,368000,196000,19-APR-2021,
OPTSTK,POWERGRID,29-Apr-2021,202.5,CE,6,6,3.95,4.15,4.15,44,363.99,100000,88000,19-APR-2021,
OPTSTK,POWERGRID,29-Apr-2021,205,CE,4.7,5.3,2.8,3.1,3.1,346,2887.07,528000,388000,19-APR-2021,
OPTSTK,POWERGRID,29-Apr-2021,207.5,CE,2.05,3.85,2.05,2.35,2.35,84,706.48,240000,164000,19-APR-2021,
OPTSTK,POWERGRID,29-Apr-2021,210,CE,3.2,3.45,1.65,1.8,1.8,655,5558,1220000,688000,19-APR-2021,
OPTSTK,POWERGRID,29-Apr-2021,212.5,CE,2.25,2.65,1.25,1.3,1.3,177,1516.01,272000,124000,19-APR-2021,
OPTSTK,POWERGRID,29-Apr-2021,215,CE,2.6,2.6,0.95,1.05,1.05,490,4239.78,800000,112000,19-APR-2021,
OPTSTK,POWERGRID,29-Apr-2021,217.5,CE,1.25,1.3,0.75,0.8,0.8,132,1153.64,500000,184000,19-APR-2021,
OPTSTK,POWERGRID,29-Apr-2021,220,CE,1,1.25,0.6,0.7,0.7,547,4831.95,2108000,136000,19-APR-2021,
OPTSTK,POWERGRID,29-Apr-2021,222.5,CE,0.8,0.8,0.5,0.55,0.55,44,392.64,288000,-80000,19-APR-2021,
OPTSTK,POWERGRID,29-Apr-2021,225,CE,0.95,0.95,0.45,0.45,0.45,223,2011.73,1200000,100000,19-APR-2021,
OPTSTK,POWERGRID,29-Apr-2021,227.5,CE,0.4,0.4,0.4,0.4,0.15,3,27.34,200000,0,19-APR-2021,
OPTSTK,POWERGRID,29-Apr-2021,230,CE,0.75,0.75,0.3,0.35,0.35,275,2534.34,2192000,28000,19-APR-2021,
OPTSTK,POWERGRID,29-Apr-2021,232.5,CE,0.25,0.25,0.25,0.25,0.1,6,55.86,44000,-4000,19-APR-2021,
OPTSTK,POWERGRID,29-Apr-2021,235,CE,0.35,0.35,0.25,0.3,0.3,42,395.25,468000,-28000,19-APR-2021,
OPTSTK,POWERGRID,29-Apr-2021,237.5,CE,0.4,2.45,0.25,0.7,0.7,12,114.38,24000,20000,19-APR-2021,
OPTSTK,POWERGRID,29-Apr-2021,240,CE,0.3,0.3,0.2,0.2,0.2,57,547.68,1140000,-76000,19-APR-2021,
OPTSTK,POWERGRID,29-Apr-2021,242.5,CE,0,0,0,0.65,0.05,0,0,0,0,19-APR-2021,
OPTSTK,POWERGRID,29-Apr-2021,245,CE,0.15,0.15,0.15,0.15,0.15,1,9.8,112000,4000,19-APR-2021,
OPTSTK,POWERGRID,29-Apr-2021,247.5,CE,0,0,0,2.5,0,0,0,4000,0,19-APR-2021,
OPTSTK,POWERGRID,29-Apr-2021,250,CE,0.2,0.2,0.1,0.1,0.1,47,470.27,1080000,-84000,19-APR-2021,
OPTSTK,POWERGRID,29-Apr-2021,252.5,CE,0.15,0.15,0.15,0.15,0,4,40.42,20000,0,19-APR-2021,
OPTSTK,POWERGRID,29-Apr-2021,255,CE,0,0,0,0.75,0,0,0,0,0,19-APR-2021,
OPTSTK,POWERGRID,29-Apr-2021,257.5,CE,0,0,0,2.5,0,0,0,0,0,19-APR-2021,
OPTSTK,POWERGRID,29-Apr-2021,260,CE,0.1,0.1,0.1,0.1,0,1,10.4,308000,-4000,19-APR-2021,
OPTSTK,POWERGRID,29-Apr-2021,262.5,CE,0,0,0,0.5,0,0,0,0,0,19-APR-2021,
OPTSTK,POWERGRID,29-Apr-2021,265,CE,0,0,0,0.45,0,0,0,0,0,19-APR-2021,
OPTSTK,POWERGRID,29-Apr-2021,267.5,CE,0,0,0,0.4,0,0,0,0,0,19-APR-2021,
OPTSTK,POWERGRID,29-Apr-2021,270,CE,0,0,0,0.1,0,0,0,8000,0,19-APR-2021,
OPTSTK,POWERGRID,29-Apr-2021,272.5,CE,0,0,0,0.45,0,0,0,0,0,19-APR-2021,
OPTSTK,POWERGRID,29-Apr-2021,275,CE,0,0,0,0.1,0,0,0,52000,0,19-APR-2021,
OPTSTK,POWERGRID,29-Apr-2021,277.5,CE,0,0,0,0.1,0,0,0,0,0,19-APR-2021,
OPTSTK,POWERGRID,29-Apr-2021,127.5,PE,0,0,0,0.15,0,0,0,0,0,19-APR-2021,
OPTSTK,POWERGRID,29-Apr-2021,130,PE,0,0,0,0.2,0,0,0,0,0,19-APR-2021,
OPTSTK,POWERGRID,29-Apr-2021,132.5,PE,0,0,0,0.25,0,0,0,0,0,19-APR-2021,
OPTSTK,POWERGRID,29-Apr-2021,135,PE,0,0,0,0.35,0,0,0,0,0,19-APR-2021,
OPTSTK,POWERGRID,29-Apr-2021,137.5,PE,0,0,0,0.45,0,0,0,0,0,19-APR-2021,
OPTSTK,POWERGRID,29-Apr-2021,140,PE,0,0,0,0.55,0,0,0,0,0,19-APR-2021,
OPTSTK,POWERGRID,29-Apr-2021,142.5,PE,0,0,0,0.7,0,0,0,0,0,19-APR-2021,
OPTSTK,POWERGRID,29-Apr-2021,145,PE,0,0,0,0.9,0,0,0,0,0,19-APR-2021,
OPTSTK,POWERGRID,29-Apr-2021,147.5,PE,0,0,0,1.1,0,0,0,0,0,19-APR-2021,
OPTSTK,POWERGRID,29-Apr-2021,150,PE,0,0,0,0.75,0,0,0,4000,0,19-APR-2021,
OPTSTK,POWERGRID,29-Apr-2021,152.5,PE,0,0,0,1.65,0,0,0,0,0,19-APR-2021,
OPTSTK,POWERGRID,29-Apr-2021,155,PE,0,0,0,2,0,0,0,0,0,19-APR-2021,
OPTSTK,POWERGRID,29-Apr-2021,157.5,PE,0,0,0,2.4,0,0,0,0,0,19-APR-2021,
OPTSTK,POWERGRID,29-Apr-2021,160,PE,0,0,0,2.85,0,0,0,0,0,19-APR-2021,
OPTSTK,POWERGRID,29-Apr-2021,162.5,PE,0,0,0,0.05,0,0,0,0,0,19-APR-2021,
OPTSTK,POWERGRID,29-Apr-2021,165,PE,0,0,0,0.05,0,0,0,0,0,19-APR-2021,
OPTSTK,POWERGRID,29-Apr-2021,167.5,PE,0,0,0,4.6,0.05,0,0,0,0,19-APR-2021,
OPTSTK,POWERGRID,29-Apr-2021,170,PE,0,0,0,5.35,0.05,0,0,0,0,19-APR-2021,
OPTSTK,POWERGRID,29-Apr-2021,172.5,PE,0,0,0,0.05,0.05,0,0,0,0,19-APR-2021,
OPTSTK,POWERGRID,29-Apr-2021,175,PE,0,0,0,7,0.1,0,0,0,0,19-APR-2021,
OPTSTK,POWERGRID,29-Apr-2021,177.5,PE,0,0,0,7.95,0.15,0,0,0,0,19-APR-2021,
OPTSTK,POWERGRID,29-Apr-2021,180,PE,0.25,0.35,0.2,0.25,0.25,21,151.43,308000,-28000,19-APR-2021,
OPTSTK,POWERGRID,29-Apr-2021,182.5,PE,0,0,0,10.05,0.35,0,0,0,0,19-APR-2021,
OPTSTK,POWERGRID,29-Apr-2021,185,PE,0.4,0.55,0.3,0.45,0.45,30,222.52,88000,-4000,19-APR-2021,
OPTSTK,POWERGRID,29-Apr-2021,187.5,PE,0,0,0,12.45,0.85,0,0,0,0,19-APR-2021,
OPTSTK,POWERGRID,29-Apr-2021,190,PE,0.5,1.1,0.5,0.9,0.9,258,1969.02,744000,36000,19-APR-2021,
OPTSTK,POWERGRID,29-Apr-2021,192.5,PE,0,0,0,15.15,1.8,0,0,0,0,19-APR-2021,
OPTSTK,POWERGRID,29-Apr-2021,195,PE,1.05,2.1,1.05,1.75,1.75,304,2389.49,660000,8000,19-APR-2021,
OPTSTK,POWERGRID,29-Apr-2021,197.5,PE,1.65,2.9,1.45,2.45,2.45,77,614.69,104000,44000,19-APR-2021,
OPTSTK,POWERGRID,29-Apr-2021,200,PE,1.7,4,1.7,3.4,3.4,680,5516.77,1000000,-164000,19-APR-2021,
OPTSTK,POWERGRID,29-Apr-2021,202.5,PE,3.5,5.35,3.05,4.75,4.75,68,562.68,136000,60000,19-APR-2021,
OPTSTK,POWERGRID,29-Apr-2021,205,PE,3.85,6.7,3.65,6.25,6.25,208,1746.56,340000,-112000,19-APR-2021,
OPTSTK,POWERGRID,29-Apr-2021,207.5,PE,5.3,8.1,5.1,8.1,8.1,68,580.33,180000,-16000,19-APR-2021,
OPTSTK,POWERGRID,29-Apr-2021,210,PE,7.1,10.8,6.15,10.8,10.65,79,688.69,656000,-28000,19-APR-2021,
OPTSTK,POWERGRID,29-Apr-2021,212.5,PE,0,0,0,5.4,12.6,0,0,56000,0,19-APR-2021,
OPTSTK,POWERGRID,29-Apr-2021,215,PE,12,14.45,9.8,14.45,14.7,15,136.2,380000,-32000,19-APR-2021,
OPTSTK,POWERGRID,29-Apr-2021,217.5,PE,0,0,0,8.6,16.85,0,0,84000,0,19-APR-2021,
OPTSTK,POWERGRID,29-Apr-2021,220,PE,15.8,16.55,15.8,16.55,19.15,2,18.89,540000,-8000,19-APR-2021,
OPTSTK,POWERGRID,29-Apr-2021,222.5,PE,18,18,18,18,21.45,1,9.62,116000,-4000,19-APR-2021,
OPTSTK,POWERGRID,29-Apr-2021,225,PE,19.8,20.45,19.7,20.45,23.85,4,39.19,380000,-12000,19-APR-2021,
OPTSTK,POWERGRID,29-Apr-2021,227.5,PE,0,0,0,25.5,26.25,0,0,0,0,19-APR-2021,
OPTSTK,POWERGRID,29-Apr-2021,230,PE,0,0,0,17.1,28.7,0,0,120000,0,19-APR-2021,
OPTSTK,POWERGRID,29-Apr-2021,232.5,PE,0,0,0,45.3,31.15,0,0,0,0,19-APR-2021,
OPTSTK,POWERGRID,29-Apr-2021,235,PE,0,0,0,47.5,33.6,0,0,0,0,19-APR-2021,
OPTSTK,POWERGRID,29-Apr-2021,237.5,PE,0,0,0,49.75,36.1,0,0,0,0,19-APR-2021,
OPTSTK,POWERGRID,29-Apr-2021,240,PE,0,0,0,52.05,38.6,0,0,0,0,19-APR-2021,
OPTSTK,POWERGRID,29-Apr-2021,242.5,PE,0,0,0,54.35,41.1,0,0,0,0,19-APR-2021,
OPTSTK,POWERGRID,29-Apr-2021,245,PE,0,0,0,56.65,43.6,0,0,0,0,19-APR-2021,
OPTSTK,POWERGRID,29-Apr-2021,247.5,PE,0,0,0,59,46.1,0,0,0,0,19-APR-2021,
OPTSTK,POWERGRID,29-Apr-2021,250,PE,0,0,0,35,48.55,0,0,8000,0,19-APR-2021,
OPTSTK,POWERGRID,29-Apr-2021,252.5,PE,0,0,0,63.7,51.05,0,0,0,0,19-APR-2021,
OPTSTK,POWERGRID,29-Apr-2021,255,PE,0,0,0,66.1,53.55,0,0,0,0,19-APR-2021,
OPTSTK,POWERGRID,29-Apr-2021,257.5,PE,0,0,0,68.5,56.05,0,0,0,0,19-APR-2021,
OPTSTK,POWERGRID,29-Apr-2021,260,PE,0,0,0,70.85,58.55,0,0,0,0,19-APR-2021,
OPTSTK,POWERGRID,29-Apr-2021,262.5,PE,0,0,0,73.3,61.05,0,0,0,0,19-APR-2021,
OPTSTK,POWERGRID,29-Apr-2021,265,PE,0,0,0,75.7,63.55,0,0,0,0,19-APR-2021,
OPTSTK,POWERGRID,29-Apr-2021,267.5,PE,0,0,0,78.1,66.05,0,0,0,0,19-APR-2021,
OPTSTK,POWERGRID,29-Apr-2021,270,PE,0,0,0,79.05,68.55,0,0,0,0,19-APR-2021,
OPTSTK,POWERGRID,29-Apr-2021,272.5,PE,0,0,0,76.35,71.05,0,0,0,0,19-APR-2021,
OPTSTK,POWERGRID,29-Apr-2021,275,PE,0,0,0,78.8,73.55,0,0,0,0,19-APR-2021,
OPTSTK,POWERGRID,29-Apr-2021,277.5,PE,0,0,0,69.45,76.05,0,0,0,0,19-APR-2021,
OPTSTK,POWERGRID,27-May-2021,147.5,CE,0,0,0,81.55,54.35,0,0,0,0,19-APR-2021,
OPTSTK,POWERGRID,27-May-2021,150,CE,0,0,0,79.1,51.85,0,0,0,0,19-APR-2021,
OPTSTK,POWERGRID,27-May-2021,152.5,CE,0,0,0,76.65,49.4,0,0,0,0,19-APR-2021,
OPTSTK,POWERGRID,27-May-2021,155,CE,0,0,0,74.2,46.95,0,0,0,0,19-APR-2021,
OPTSTK,POWERGRID,27-May-2021,157.5,CE,0,0,0,71.8,44.55,0,0,0,0,19-APR-2021,
OPTSTK,POWERGRID,27-May-2021,160,CE,0,0,0,69.4,42.1,0,0,0,0,19-APR-2021,
OPTSTK,POWERGRID,27-May-2021,162.5,CE,0,0,0,67,39.75,0,0,0,0,19-APR-2021,
OPTSTK,POWERGRID,27-May-2021,165,CE,0,0,0,64.65,37.4,0,0,0,0,19-APR-2021,
OPTSTK,POWERGRID,27-May-2021,167.5,CE,0,0,0,62.3,35.05,0,0,0,0,19-APR-2021,
OPTSTK,POWERGRID,27-May-2021,170,CE,0,0,0,59.95,32.8,0,0,0,0,19-APR-2021,
OPTSTK,POWERGRID,27-May-2021,172.5,CE,0,0,0,57.65,30.55,0,0,0,0,19-APR-2021,
OPTSTK,POWERGRID,27-May-2021,175,CE,0,0,0,55.35,28.4,0,0,0,0,19-APR-2021,
OPTSTK,POWERGRID,27-May-2021,177.5,CE,0,0,0,53.1,26.25,0,0,0,0,19-APR-2021,
OPTSTK,POWERGRID,27-May-2021,180,CE,0,0,0,50.9,24.25,0,0,0,0,19-APR-2021,
OPTSTK,POWERGRID,27-May-2021,182.5,CE,0,0,0,48.7,22.25,0,0,0,0,19-APR-2021,
OPTSTK,POWERGRID,27-May-2021,185,CE,0,0,0,46.55,20.4,0,0,0,0,19-APR-2021,
OPTSTK,POWERGRID,27-May-2021,187.5,CE,0,0,0,44.45,18.6,0,0,0,0,19-APR-2021,
OPTSTK,POWERGRID,27-May-2021,190,CE,0,0,0,42.4,16.9,0,0,0,0,19-APR-2021,
OPTSTK,POWERGRID,27-May-2021,192.5,CE,0,0,0,40.35,15.3,0,0,0,0,19-APR-2021,
OPTSTK,POWERGRID,27-May-2021,195,CE,0,0,0,38.4,13.75,0,0,0,0,19-APR-2021,
OPTSTK,POWERGRID,27-May-2021,197.5,CE,0,0,0,36.5,12.35,0,0,0,0,19-APR-2021,
OPTSTK,POWERGRID,27-May-2021,200,CE,10,10,10,10,11.05,1,8.4,4000,4000,19-APR-2021,
OPTSTK,POWERGRID,27-May-2021,202.5,CE,0,0,0,32.8,9.85,0,0,0,0,19-APR-2021,
OPTSTK,POWERGRID,27-May-2021,205,CE,0,0,0,31.05,8.7,0,0,0,0,19-APR-2021,
OPTSTK,POWERGRID,27-May-2021,207.5,CE,0,0,0,29.35,7.7,0,0,0,0,19-APR-2021,
OPTSTK,POWERGRID,27-May-2021,210,CE,0,0,0,10.85,6.8,0,0,12000,0,19-APR-2021,
OPTSTK,POWERGRID,27-May-2021,212.5,CE,0,0,0,26.1,5.95,0,0,0,0,19-APR-2021,
OPTSTK,POWERGRID,27-May-2021,215,CE,0,0,0,24.55,5.2,0,0,0,0,19-APR-2021,
OPTSTK,POWERGRID,27-May-2021,217.5,CE,0,0,0,23.1,4.5,0,0,0,0,19-APR-2021,
OPTSTK,POWERGRID,27-May-2021,220,CE,3.05,3.05,2.5,3,3,23,205.07,88000,80000,19-APR-2021,
OPTSTK,POWERGRID,27-May-2021,222.5,CE,0,0,0,20.35,3.35,0,0,0,0,19-APR-2021,
OPTSTK,POWERGRID,27-May-2021,225,CE,2,2,2,2,2,1,9.08,4000,4000,19-APR-2021,
OPTSTK,POWERGRID,27-May-2021,227.5,CE,0,0,0,17.85,2.5,0,0,0,0,19-APR-2021,
OPTSTK,POWERGRID,27-May-2021,230,CE,0,0,0,16.65,2.1,0,0,0,0,19-APR-2021,
OPTSTK,POWERGRID,27-May-2021,232.5,CE,0,0,0,15.55,1.8,0,0,0,0,19-APR-2021,
OPTSTK,POWERGRID,27-May-2021,235,CE,0,0,0,14.5,1.55,0,0,0,0,19-APR-2021,
OPTSTK,POWERGRID,27-May-2021,237.5,CE,0,0,0,13.5,1.3,0,0,0,0,19-APR-2021,
OPTSTK,POWERGRID,27-May-2021,240,CE,0,0,0,12.55,1.1,0,0,0,0,19-APR-2021,
OPTSTK,POWERGRID,27-May-2021,242.5,CE,0,0,0,11.65,0.9,0,0,0,0,19-APR-2021,
OPTSTK,POWERGRID,27-May-2021,245,CE,0,0,0,10.85,0.75,0,0,0,0,19-APR-2021,
OPTSTK,POWERGRID,27-May-2021,247.5,CE,0,0,0,10.05,0.65,0,0,0,0,19-APR-2021,
OPTSTK,POWERGRID,27-May-2021,250,CE,0,0,0,3,0.55,0,0,4000,0,19-APR-2021,
OPTSTK,POWERGRID,27-May-2021,252.5,CE,0,0,0,8.6,0.45,0,0,0,0,19-APR-2021,
OPTSTK,POWERGRID,27-May-2021,255,CE,0,0,0,7.95,0.35,0,0,0,0,19-APR-2021,
OPTSTK,POWERGRID,27-May-2021,257.5,CE,0,0,0,7.35,0.3,0,0,0,0,19-APR-2021,
OPTSTK,POWERGRID,27-May-2021,260,CE,0,0,0,1,0.25,0,0,8000,0,19-APR-2021,
OPTSTK,POWERGRID,27-May-2021,262.5,CE,0,0,0,6.25,0.2,0,0,0,0,19-APR-2021,
OPTSTK,POWERGRID,27-May-2021,265,CE,0,0,0,5.75,0.2,0,0,0,0,19-APR-2021,
OPTSTK,POWERGRID,27-May-2021,267.5,CE,0,0,0,5.25,0.15,0,0,0,0,19-APR-2021,
OPTSTK,POWERGRID,27-May-2021,270,CE,0,0,0,4.85,0.1,0,0,0,0,19-APR-2021,
OPTSTK,POWERGRID,27-May-2021,272.5,CE,0,0,0,4.45,0.1,0,0,0,0,19-APR-2021,
OPTSTK,POWERGRID,27-May-2021,275,CE,0,0,0,4.05,0.1,0,0,0,0,19-APR-2021,
OPTSTK,POWERGRID,27-May-2021,277.5,CE,0,0,0,3.75,0.05,0,0,0,0,19-APR-2021,
OPTSTK,POWERGRID,27-May-2021,147.5,PE,0,0,0,0.1,0.05,0,0,0,0,19-APR-2021,
OPTSTK,POWERGRID,27-May-2021,150,PE,0,0,0,0.15,0.1,0,0,0,0,19-APR-2021,
OPTSTK,POWERGRID,27-May-2021,152.5,PE,0,0,0,0.2,0.1,0,0,0,0,19-APR-2021,
OPTSTK,POWERGRID,27-May-2021,155,PE,0,0,0,0.25,0.15,0,0,0,0,19-APR-2021,
OPTSTK,POWERGRID,27-May-2021,157.5,PE,0,0,0,0.3,0.2,0,0,0,0,19-APR-2021,
OPTSTK,POWERGRID,27-May-2021,160,PE,0,0,0,0.35,0.3,0,0,0,0,19-APR-2021,
OPTSTK,POWERGRID,27-May-2021,162.5,PE,0,0,0,0.45,0.4,0,0,0,0,19-APR-2021,
OPTSTK,POWERGRID,27-May-2021,165,PE,0,0,0,0.55,0.55,0,0,0,0,19-APR-2021,
OPTSTK,POWERGRID,27-May-2021,167.5,PE,0,0,0,0.65,0.7,0,0,0,0,19-APR-2021,
OPTSTK,POWERGRID,27-May-2021,170,PE,0,0,0,0.8,0.9,0,0,0,0,19-APR-2021,
OPTSTK,POWERGRID,27-May-2021,172.5,PE,0,0,0,1,1.2,0,0,0,0,19-APR-2021,
OPTSTK,POWERGRID,27-May-2021,175,PE,0,0,0,1.2,1.5,0,0,0,0,19-APR-2021,
OPTSTK,POWERGRID,27-May-2021,177.5,PE,0,0,0,1.4,1.9,0,0,0,0,19-APR-2021,
OPTSTK,POWERGRID,27-May-2021,180,PE,1,1.8,1,1.8,1.8,2,14.51,8000,8000,19-APR-2021,
OPTSTK,POWERGRID,27-May-2021,182.5,PE,0,0,0,1.95,2.85,0,0,0,0,19-APR-2021,
OPTSTK,POWERGRID,27-May-2021,185,PE,0,0,0,2.3,3.45,0,0,0,0,19-APR-2021,
OPTSTK,POWERGRID,27-May-2021,187.5,PE,0,0,0,2.65,4.15,0,0,0,0,19-APR-2021,
OPTSTK,POWERGRID,27-May-2021,190,PE,2.65,3,2.65,3,4.95,8,61.69,56000,24000,19-APR-2021,
OPTSTK,POWERGRID,27-May-2021,192.5,PE,0,0,0,3.55,5.85,0,0,0,0,19-APR-2021,
OPTSTK,POWERGRID,27-May-2021,195,PE,0,0,0,4.05,6.8,0,0,0,0,19-APR-2021,
OPTSTK,POWERGRID,27-May-2021,197.5,PE,0,0,0,4.6,7.9,0,0,0,0,19-APR-2021,
OPTSTK,POWERGRID,27-May-2021,200,PE,4.3,7.25,4.3,7.1,7.1,12,98.84,128000,24000,19-APR-2021,
OPTSTK,POWERGRID,27-May-2021,202.5,PE,0,0,0,5.85,10.35,0,0,0,0,19-APR-2021,
OPTSTK,POWERGRID,27-May-2021,205,PE,0,0,0,6.6,11.7,0,0,0,0,19-APR-2021,
OPTSTK,POWERGRID,27-May-2021,207.5,PE,0,0,0,7.35,13.2,0,0,0,0,19-APR-2021,
OPTSTK,POWERGRID,27-May-2021,210,PE,0,0,0,13.5,14.75,0,0,8000,0,19-APR-2021,
OPTSTK,POWERGRID,27-May-2021,212.5,PE,0,0,0,9.05,16.4,0,0,0,0,19-APR-2021,
OPTSTK,POWERGRID,27-May-2021,215,PE,0,0,0,10,18.15,0,0,0,0,19-APR-2021,
OPTSTK,POWERGRID,27-May-2021,217.5,PE,0,0,0,11.05,19.95,0,0,0,0,19-APR-2021,
OPTSTK,POWERGRID,27-May-2021,220,PE,0,0,0,17.9,21.85,0,0,4000,0,19-APR-2021,
OPTSTK,POWERGRID,27-May-2021,222.5,PE,0,0,0,13.25,23.8,0,0,0,0,19-APR-2021,
OPTSTK,POWERGRID,27-May-2021,225,PE,0,0,0,14.4,25.8,0,0,0,0,19-APR-2021,
OPTSTK,POWERGRID,27-May-2021,227.5,PE,0,0,0,15.65,27.9,0,0,0,0,19-APR-2021,
OPTSTK,POWERGRID,27-May-2021,230,PE,0,0,0,17,30,0,0,0,0,19-APR-2021,
OPTSTK,POWERGRID,27-May-2021,232.5,PE,0,0,0,18.35,32.2,0,0,0,0,19-APR-2021,
OPTSTK,POWERGRID,27-May-2021,235,PE,0,0,0,19.75,34.4,0,0,0,0,19-APR-2021,
OPTSTK,POWERGRID,27-May-2021,237.5,PE,0,0,0,21.25,36.65,0,0,0,0,19-APR-2021,
OPTSTK,POWERGRID,27-May-2021,240,PE,0,0,0,22.8,38.95,0,0,0,0,19-APR-2021,
OPTSTK,POWERGRID,27-May-2021,242.5,PE,0,0,0,24.35,41.25,0,0,0,0,19-APR-2021,
OPTSTK,POWERGRID,27-May-2021,245,PE,0,0,0,26,43.6,0,0,0,0,19-APR-2021,
OPTSTK,POWERGRID,27-May-2021,247.5,PE,0,0,0,27.7,46,0,0,0,0,19-APR-2021,
OPTSTK,POWERGRID,27-May-2021,250,PE,0,0,0,29.4,48.35,0,0,0,0,19-APR-2021,
OPTSTK,POWERGRID,27-May-2021,252.5,PE,0,0,0,31.2,50.75,0,0,0,0,19-APR-2021,
OPTSTK,POWERGRID,27-May-2021,255,PE,0,0,0,33,53.2,0,0,0,0,19-APR-2021,
OPTSTK,POWERGRID,27-May-2021,257.5,PE,0,0,0,34.9,55.6,0,0,0,0,19-APR-2021,
OPTSTK,POWERGRID,27-May-2021,260,PE,0,0,0,36.8,58.05,0,0,0,0,19-APR-2021,
OPTSTK,POWERGRID,27-May-2021,262.5,PE,0,0,0,38.75,60.5,0,0,0,0,19-APR-2021,
OPTSTK,POWERGRID,27-May-2021,265,PE,0,0,0,40.7,62.95,0,0,0,0,19-APR-2021,
OPTSTK,POWERGRID,27-May-2021,267.5,PE,0,0,0,42.75,65.4,0,0,0,0,19-APR-2021,
OPTSTK,POWERGRID,27-May-2021,270,PE,0,0,0,44.8,67.85,0,0,0,0,19-APR-2021,
OPTSTK,POWERGRID,27-May-2021,272.5,PE,0,0,0,46.85,70.35,0,0,0,0,19-APR-2021,
OPTSTK,POWERGRID,27-May-2021,275,PE,0,0,0,48.95,72.8,0,0,0,0,19-APR-2021,
OPTSTK,POWERGRID,27-May-2021,277.5,PE,0,0,0,51.1,75.3,0,0,0,0,19-APR-2021,
OPTSTK,POWERGRID,24-Jun-2021,147.5,CE,0,0,0,70.55,55,0,0,0,0,19-APR-2021,
OPTSTK,POWERGRID,24-Jun-2021,150,CE,0,0,0,68.15,52.6,0,0,0,0,19-APR-2021,
OPTSTK,POWERGRID,24-Jun-2021,152.5,CE,0,0,0,65.75,50.25,0,0,0,0,19-APR-2021,
OPTSTK,POWERGRID,24-Jun-2021,155,CE,0,0,0,63.4,47.9,0,0,0,0,19-APR-2021,
OPTSTK,POWERGRID,24-Jun-2021,157.5,CE,0,0,0,61,45.6,0,0,0,0,19-APR-2021,
OPTSTK,POWERGRID,24-Jun-2021,160,CE,0,0,0,58.7,43.3,0,0,0,0,19-APR-2021,
OPTSTK,POWERGRID,24-Jun-2021,162.5,CE,0,0,0,56.4,41.1,0,0,0,0,19-APR-2021,
OPTSTK,POWERGRID,24-Jun-2021,165,CE,0,0,0,54.1,38.9,0,0,0,0,19-APR-2021,
OPTSTK,POWERGRID,24-Jun-2021,167.5,CE,0,0,0,51.85,36.75,0,0,0,0,19-APR-2021,
OPTSTK,POWERGRID,24-Jun-2021,170,CE,0,0,0,49.65,34.65,0,0,0,0,19-APR-2021,
OPTSTK,POWERGRID,24-Jun-2021,172.5,CE,0,0,0,47.45,32.6,0,0,0,0,19-APR-2021,
OPTSTK,POWERGRID,24-Jun-2021,175,CE,0,0,0,45.35,30.6,0,0,0,0,19-APR-2021,
OPTSTK,POWERGRID,24-Jun-2021,177.5,CE,0,0,0,43.25,28.65,0,0,0,0,19-APR-2021,
OPTSTK,POWERGRID,24-Jun-2021,180,CE,0,0,0,41.2,26.8,0,0,0,0,19-APR-2021,
OPTSTK,POWERGRID,24-Jun-2021,182.5,CE,0,0,0,39.2,25,0,0,0,0,19-APR-2021,
OPTSTK,POWERGRID,24-Jun-2021,185,CE,0,0,0,37.2,23.3,0,0,0,0,19-APR-2021,
OPTSTK,POWERGRID,24-Jun-2021,187.5,CE,0,0,0,35.3,21.65,0,0,0,0,19-APR-2021,
OPTSTK,POWERGRID,24-Jun-2021,190,CE,0,0,0,33.5,20.05,0,0,0,0,19-APR-2021,
OPTSTK,POWERGRID,24-Jun-2021,192.5,CE,0,0,0,31.7,18.55,0,0,0,0,19-APR-2021,
OPTSTK,POWERGRID,24-Jun-2021,195,CE,0,0,0,29.95,17.1,0,0,0,0,19-APR-2021,
OPTSTK,POWERGRID,24-Jun-2021,197.5,CE,0,0,0,28.25,15.75,0,0,0,0,19-APR-2021,
OPTSTK,POWERGRID,24-Jun-2021,200,CE,0,0,0,26.65,14.5,0,0,0,0,19-APR-2021,
OPTSTK,POWERGRID,24-Jun-2021,202.5,CE,0,0,0,25.05,13.3,0,0,0,0,19-APR-2021,
OPTSTK,POWERGRID,24-Jun-2021,205,CE,0,0,0,23.55,12.2,0,0,0,0,19-APR-2021,
OPTSTK,POWERGRID,24-Jun-2021,207.5,CE,0,0,0,22.15,11.1,0,0,0,0,19-APR-2021,
OPTSTK,POWERGRID,24-Jun-2021,210,CE,0,0,0,20.75,10.15,0,0,0,0,19-APR-2021,
OPTSTK,POWERGRID,24-Jun-2021,212.5,CE,0,0,0,19.45,9.25,0,0,0,0,19-APR-2021,
OPTSTK,POWERGRID,24-Jun-2021,215,CE,0,0,0,18.2,8.4,0,0,0,0,19-APR-2021,
OPTSTK,POWERGRID,24-Jun-2021,217.5,CE,0,0,0,17,7.6,0,0,0,0,19-APR-2021,
OPTSTK,POWERGRID,24-Jun-2021,220,CE,0,0,0,15.85,6.85,0,0,0,0,19-APR-2021,
OPTSTK,POWERGRID,24-Jun-2021,222.5,CE,0,0,0,14.8,6.2,0,0,0,0,19-APR-2021,
OPTSTK,POWERGRID,24-Jun-2021,225,CE,0,0,0,13.75,5.6,0,0,0,0,19-APR-2021,
OPTSTK,POWERGRID,24-Jun-2021,227.5,CE,0,0,0,12.8,5.05,0,0,0,0,19-APR-2021,
OPTSTK,POWERGRID,24-Jun-2021,230,CE,0,0,0,11.9,4.5,0,0,0,0,19-APR-2021,
OPTSTK,POWERGRID,24-Jun-2021,232.5,CE,0,0,0,11,4.05,0,0,0,0,19-APR-2021,
OPTSTK,POWERGRID,24-Jun-2021,235,CE,0,0,0,10.2,3.6,0,0,0,0,19-APR-2021,
OPTSTK,POWERGRID,24-Jun-2021,237.5,CE,0,0,0,9.45,3.25,0,0,0,0,19-APR-2021,
OPTSTK,POWERGRID,24-Jun-2021,240,CE,0,0,0,8.75,2.9,0,0,0,0,19-APR-2021,
OPTSTK,POWERGRID,24-Jun-2021,242.5,CE,0,0,0,8.05,2.55,0,0,0,0,19-APR-2021,
OPTSTK,POWERGRID,24-Jun-2021,245,CE,0,0,0,7.45,2.3,0,0,0,0,19-APR-2021,
OPTSTK,POWERGRID,24-Jun-2021,247.5,CE,0,0,0,6.85,2.05,0,0,0,0,19-APR-2021,
OPTSTK,POWERGRID,24-Jun-2021,250,CE,0,0,0,6.35,1.8,0,0,0,0,19-APR-2021,
OPTSTK,POWERGRID,24-Jun-2021,252.5,CE,0,0,0,5.8,1.6,0,0,0,0,19-APR-2021,
OPTSTK,POWERGRID,24-Jun-2021,255,CE,0,0,0,5.35,1.4,0,0,0,0,19-APR-2021,
OPTSTK,POWERGRID,24-Jun-2021,257.5,CE,0,0,0,4.9,1.25,0,0,0,0,19-APR-2021,
OPTSTK,POWERGRID,24-Jun-2021,260,CE,0,0,0,4.5,1.1,0,0,0,0,19-APR-2021,
OPTSTK,POWERGRID,24-Jun-2021,262.5,CE,0,0,0,4.15,0.95,0,0,0,0,19-APR-2021,
OPTSTK,POWERGRID,24-Jun-2021,265,CE,0,0,0,3.8,0.85,0,0,0,0,19-APR-2021,
OPTSTK,POWERGRID,24-Jun-2021,267.5,CE,0,0,0,3.45,0.75,0,0,0,0,19-APR-2021,
OPTSTK,POWERGRID,24-Jun-2021,270,CE,0,0,0,3.15,0.65,0,0,0,0,19-APR-2021,
OPTSTK,POWERGRID,24-Jun-2021,272.5,CE,0,0,0,2.9,0.6,0,0,0,0,19-APR-2021,
OPTSTK,POWERGRID,24-Jun-2021,275,CE,0,0,0,2.65,0.5,0,0,0,0,19-APR-2021,
OPTSTK,POWERGRID,24-Jun-2021,277.5,CE,0,0,0,2.4,0.45,0,0,0,0,19-APR-2021,
OPTSTK,POWERGRID,24-Jun-2021,147.5,PE,0,0,0,0.3,0.3,0,0,0,0,19-APR-2021,
OPTSTK,POWERGRID,24-Jun-2021,150,PE,0,0,0,0.35,0.4,0,0,0,0,19-APR-2021,
OPTSTK,POWERGRID,24-Jun-2021,152.5,PE,0,0,0,0.45,0.55,0,0,0,0,19-APR-2021,
OPTSTK,POWERGRID,24-Jun-2021,155,PE,0,0,0,0.55,0.65,0,0,0,0,19-APR-2021,
OPTSTK,POWERGRID,24-Jun-2021,157.5,PE,0,0,0,0.65,0.85,0,0,0,0,19-APR-2021,
OPTSTK,POWERGRID,24-Jun-2021,160,PE,0,0,0,0.8,1.05,0,0,0,0,19-APR-2021,
OPTSTK,POWERGRID,24-Jun-2021,162.5,PE,0,0,0,1,1.3,0,0,0,0,19-APR-2021,
OPTSTK,POWERGRID,24-Jun-2021,165,PE,0,0,0,1.15,1.55,0,0,0,0,19-APR-2021,
OPTSTK,POWERGRID,24-Jun-2021,167.5,PE,0,0,0,1.4,1.9,0,0,0,0,19-APR-2021,
OPTSTK,POWERGRID,24-Jun-2021,170,PE,0,0,0,1.65,2.3,0,0,0,0,19-APR-2021,
OPTSTK,POWERGRID,24-Jun-2021,172.5,PE,0,0,0,1.95,2.7,0,0,0,0,19-APR-2021,
OPTSTK,POWERGRID,24-Jun-2021,175,PE,0,0,0,2.3,3.2,0,0,0,0,19-APR-2021,
OPTSTK,POWERGRID,24-Jun-2021,177.5,PE,0,0,0,2.7,3.75,0,0,0,0,19-APR-2021,
OPTSTK,POWERGRID,24-Jun-2021,180,PE,0,0,0,3.1,4.4,0,0,0,0,19-APR-2021,
OPTSTK,POWERGRID,24-Jun-2021,182.5,PE,0,0,0,3.6,5.1,0,0,0,0,19-APR-2021,
OPTSTK,POWERGRID,24-Jun-2021,185,PE,0,0,0,4.1,5.85,0,0,0,0,19-APR-2021,
OPTSTK,POWERGRID,24-Jun-2021,187.5,PE,0,0,0,4.65,6.65,0,0,0,0,19-APR-2021,
OPTSTK,POWERGRID,24-Jun-2021,190,PE,0,0,0,5.3,7.55,0,0,0,0,19-APR-2021,
OPTSTK,POWERGRID,24-Jun-2021,192.5,PE,0,0,0,6,8.55,0,0,0,0,19-APR-2021,
OPTSTK,POWERGRID,24-Jun-2021,195,PE,0,0,0,6.7,9.6,0,0,0,0,19-APR-2021,
OPTSTK,POWERGRID,24-Jun-2021,197.5,PE,0,0,0,7.5,10.75,0,0,0,0,19-APR-2021,
OPTSTK,POWERGRID,24-Jun-2021,200,PE,0,0,0,8.35,11.95,0,0,0,0,19-APR-2021,
OPTSTK,POWERGRID,24-Jun-2021,202.5,PE,0,0,0,9.3,13.25,0,0,0,0,19-APR-2021,
OPTSTK,POWERGRID,24-Jun-2021,205,PE,0,0,0,10.25,14.6,0,0,0,0,19-APR-2021,
OPTSTK,POWERGRID,24-Jun-2021,207.5,PE,0,0,0,11.3,16,0,0,0,0,19-APR-2021,
OPTSTK,POWERGRID,24-Jun-2021,210,PE,0,0,0,12.4,17.5,0,0,0,0,19-APR-2021,
OPTSTK,POWERGRID,24-Jun-2021,212.5,PE,0,0,0,13.55,19.1,0,0,0,0,19-APR-2021,
OPTSTK,POWERGRID,24-Jun-2021,215,PE,0,0,0,14.8,20.7,0,0,0,0,19-APR-2021,
OPTSTK,POWERGRID,24-Jun-2021,217.5,PE,0,0,0,16.05,22.4,0,0,0,0,19-APR-2021,
OPTSTK,POWERGRID,24-Jun-2021,220,PE,0,0,0,17.4,24.2,0,0,0,0,19-APR-2021,
OPTSTK,POWERGRID,24-Jun-2021,222.5,PE,0,0,0,18.8,26,0,0,0,0,19-APR-2021,
OPTSTK,POWERGRID,24-Jun-2021,225,PE,0,0,0,20.25,27.9,0,0,0,0,19-APR-2021,
OPTSTK,POWERGRID,24-Jun-2021,227.5,PE,0,0,0,21.75,29.8,0,0,0,0,19-APR-2021,
OPTSTK,POWERGRID,24-Jun-2021,230,PE,0,0,0,23.35,31.75,0,0,0,0,19-APR-2021,
OPTSTK,POWERGRID,24-Jun-2021,232.5,PE,0,0,0,24.95,33.8,0,0,0,0,19-APR-2021,
OPTSTK,POWERGRID,24-Jun-2021,235,PE,0,0,0,26.6,35.85,0,0,0,0,19-APR-2021,
OPTSTK,POWERGRID,24-Jun-2021,237.5,PE,0,0,0,28.35,37.95,0,0,0,0,19-APR-2021,
OPTSTK,POWERGRID,24-Jun-2021,240,PE,0,0,0,30.1,40.05,0,0,0,0,19-APR-2021,
OPTSTK,POWERGRID,24-Jun-2021,242.5,PE,0,0,0,31.9,42.25,0,0,0,0,19-APR-2021,
OPTSTK,POWERGRID,24-Jun-2021,245,PE,0,0,0,33.75,44.45,0,0,0,0,19-APR-2021,
OPTSTK,POWERGRID,24-Jun-2021,247.5,PE,0,0,0,35.65,46.65,0,0,0,0,19-APR-2021,
OPTSTK,POWERGRID,24-Jun-2021,250,PE,0,0,0,37.6,48.9,0,0,0,0,19-APR-2021,
OPTSTK,POWERGRID,24-Jun-2021,252.5,PE,0,0,0,39.55,51.2,0,0,0,0,19-APR-2021,
OPTSTK,POWERGRID,24-Jun-2021,255,PE,0,0,0,41.55,53.5,0,0,0,0,19-APR-2021,
OPTSTK,POWERGRID,24-Jun-2021,257.5,PE,0,0,0,43.6,55.8,0,0,0,0,19-APR-2021,
OPTSTK,POWERGRID,24-Jun-2021,260,PE,0,0,0,45.7,58.15,0,0,0,0,19-APR-2021,
OPTSTK,POWERGRID,24-Jun-2021,262.5,PE,0,0,0,47.8,60.5,0,0,0,0,19-APR-2021,
OPTSTK,POWERGRID,24-Jun-2021,265,PE,0,0,0,49.9,62.85,0,0,0,0,19-APR-2021,
OPTSTK,POWERGRID,24-Jun-2021,267.5,PE,0,0,0,52.05,65.25,0,0,0,0,19-APR-2021,
OPTSTK,POWERGRID,24-Jun-2021,270,PE,0,0,0,54.25,67.65,0,0,0,0,19-APR-2021,
OPTSTK,POWERGRID,24-Jun-2021,272.5,PE,0,0,0,56.45,70.05,0,0,0,0,19-APR-2021,
OPTSTK,POWERGRID,24-Jun-2021,275,PE,0,0,0,58.65,72.45,0,0,0,0,19-APR-2021,
OPTSTK,POWERGRID,24-Jun-2021,277.5,PE,0,0,0,60.9,74.85,0,0,0,0,19-APR-2021,
OPTSTK,PVR,29-Apr-2021,780,CE,0,0,0,608.65,230.95,0,0,0,0,19-APR-2021,
OPTSTK,PVR,29-Apr-2021,800,CE,0,0,0,589.15,211.1,0,0,0,0,19-APR-2021,
OPTSTK,PVR,29-Apr-2021,820,CE,0,0,0,609.85,191.35,0,0,0,0,19-APR-2021,
OPTSTK,PVR,29-Apr-2021,840,CE,0,0,0,621.5,171.85,0,0,0,0,19-APR-2021,
OPTSTK,PVR,29-Apr-2021,860,CE,0,0,0,602.7,152.65,0,0,0,0,19-APR-2021,
OPTSTK,PVR,29-Apr-2021,880,CE,0,0,0,584.1,134,0,0,0,0,19-APR-2021,
OPTSTK,PVR,29-Apr-2021,900,CE,126.5,131,112.2,114.55,114.55,74,308.38,19129,17501,19-APR-2021,
OPTSTK,PVR,29-Apr-2021,920,CE,0,0,0,547.5,99.05,0,0,0,0,19-APR-2021,
OPTSTK,PVR,29-Apr-2021,940,CE,0,0,0,529.5,83.2,0,0,0,0,19-APR-2021,
OPTSTK,PVR,29-Apr-2021,960,CE,0,0,0,511.75,68.7,0,0,0,0,19-APR-2021,
OPTSTK,PVR,29-Apr-2021,980,CE,62.85,64.3,51.9,54.05,55.75,9,37.98,2442,2442,19-APR-2021,
OPTSTK,PVR,29-Apr-2021,1000,CE,65,65,40,42.9,42.9,1140,4855.38,149369,119658,19-APR-2021,
OPTSTK,PVR,29-Apr-2021,1020,CE,28.3,43.75,28.3,33.3,33.3,288,1238.41,33374,32560,19-APR-2021,
OPTSTK,PVR,29-Apr-2021,1040,CE,31.65,33.6,22.75,24.35,24.35,660,2867.66,41107,19129,19-APR-2021,
OPTSTK,PVR,29-Apr-2021,1060,CE,19.25,25.65,16.7,17.8,17.8,689,3029.3,53317,-23199,19-APR-2021,
OPTSTK,PVR,29-Apr-2021,1080,CE,14.8,25.9,11.95,12.55,12.55,443,1974.37,35816,-28490,19-APR-2021,
OPTSTK,PVR,29-Apr-2021,1100,CE,15,17.95,8.25,8.9,8.9,2077,9391.37,190476,-21571,19-APR-2021,
OPTSTK,PVR,29-Apr-2021,1120,CE,8.85,10.85,6.05,6.7,6.7,231,1060.89,33781,-8140,19-APR-2021,
OPTSTK,PVR,29-Apr-2021,1140,CE,7.05,10.95,4.15,4.5,4.5,321,1497.38,48433,-18315,19-APR-2021,
OPTSTK,PVR,29-Apr-2021,1160,CE,9.65,9.65,3.1,3.5,3.5,392,1858.23,50468,-20757,19-APR-2021,
OPTSTK,PVR,29-Apr-2021,1180,CE,7,7,2.45,2.65,2.65,163,785.54,56166,-5291,19-APR-2021,
OPTSTK,PVR,29-Apr-2021,1200,CE,3.05,4.9,2,2.35,2.35,1323,6480.43,295075,-78958,19-APR-2021,
OPTSTK,PVR,29-Apr-2021,1220,CE,5.95,5.95,1.6,1.8,1.8,130,647.08,54945,-10582,19-APR-2021,
OPTSTK,PVR,29-Apr-2021,1240,CE,2.25,3.5,1.3,1.45,1.45,71,359,48840,-6105,19-APR-2021,
OPTSTK,PVR,29-Apr-2021,1260,CE,1.7,2.9,1.65,1.95,1.95,20,102.72,16280,-3256,19-APR-2021,
OPTSTK,PVR,29-Apr-2021,1280,CE,3.8,3.8,1.5,1.5,0.3,3,15.65,13431,-814,19-APR-2021,
OPTSTK,PVR,29-Apr-2021,1300,CE,1.6,2,1.45,1.7,1.7,119,630.48,137159,-20757,19-APR-2021,
OPTSTK,PVR,29-Apr-2021,1320,CE,0.5,0.8,0.5,0.8,0.1,2,10.75,8547,-814,19-APR-2021,
OPTSTK,PVR,29-Apr-2021,1340,CE,1.5,1.5,1.25,1.25,0.1,3,16.37,24420,-1221,19-APR-2021,
OPTSTK,PVR,29-Apr-2021,1360,CE,0.6,1.45,0.6,1.4,1.4,13,72,15059,-2442,19-APR-2021,
OPTSTK,PVR,29-Apr-2021,1380,CE,0,0,0,0.2,0.05,0,0,814,0,19-APR-2021,
OPTSTK,PVR,29-Apr-2021,1400,CE,1,2.5,1,1.4,1.4,22,125.49,111111,-1628,19-APR-2021,
OPTSTK,PVR,29-Apr-2021,1420,CE,0,0,0,14.75,0.05,0,0,0,0,19-APR-2021,
OPTSTK,PVR,29-Apr-2021,1440,CE,0.4,0.55,0.4,0.55,0,9,52.76,14652,2849,19-APR-2021,
OPTSTK,PVR,29-Apr-2021,1460,CE,0.9,0.9,0.9,0.9,0,1,5.94,1628,0,19-APR-2021,
OPTSTK,PVR,29-Apr-2021,1480,CE,0,0,0,9.05,0,0,0,407,0,19-APR-2021,
OPTSTK,PVR,29-Apr-2021,1500,CE,0.65,1.35,0.6,1,1,40,244.36,63085,-4070,19-APR-2021,
OPTSTK,PVR,29-Apr-2021,1520,CE,0,0,0,2.9,0,0,0,0,0,19-APR-2021,
OPTSTK,PVR,29-Apr-2021,1540,CE,0.1,0.1,0.1,0.1,0.1,1,6.26,407,0,19-APR-2021,
OPTSTK,PVR,29-Apr-2021,1560,CE,0,0,0,2,0,0,0,814,0,19-APR-2021,
OPTSTK,PVR,29-Apr-2021,1580,CE,0,0,0,130.6,0,0,0,0,0,19-APR-2021,
OPTSTK,PVR,29-Apr-2021,1600,CE,0.15,0.5,0.15,0.5,0,3,19.53,25234,-814,19-APR-2021,
OPTSTK,PVR,29-Apr-2021,1620,CE,0,0,0,117.65,0,0,0,0,0,19-APR-2021,
OPTSTK,PVR,29-Apr-2021,1640,CE,0,0,0,111.55,0,0,0,0,0,19-APR-2021,
OPTSTK,PVR,29-Apr-2021,1660,CE,0,0,0,105.8,0,0,0,0,0,19-APR-2021,
OPTSTK,PVR,29-Apr-2021,1680,CE,0,0,0,100.25,0,0,0,0,0,19-APR-2021,
OPTSTK,PVR,29-Apr-2021,1700,CE,0,0,0,0.25,0,0,0,0,0,19-APR-2021,
OPTSTK,PVR,29-Apr-2021,1720,CE,0,0,0,90.05,0,0,0,0,0,19-APR-2021,
OPTSTK,PVR,29-Apr-2021,1740,CE,0,0,0,85.3,0,0,0,0,0,19-APR-2021,
OPTSTK,PVR,29-Apr-2021,1760,CE,0,0,0,1,0,0,0,0,0,19-APR-2021,
OPTSTK,PVR,29-Apr-2021,1780,CE,0,0,0,76.4,0,0,0,0,0,19-APR-2021,
OPTSTK,PVR,29-Apr-2021,1800,CE,0,0,0,72.3,0,0,0,0,0,19-APR-2021,
OPTSTK,PVR,29-Apr-2021,1820,CE,0,0,0,68.4,0,0,0,0,0,19-APR-2021,
OPTSTK,PVR,29-Apr-2021,1840,CE,0,0,0,64.7,0,0,0,0,0,19-APR-2021,
OPTSTK,PVR,29-Apr-2021,1860,CE,0,0,0,61.2,0,0,0,0,0,19-APR-2021,
OPTSTK,PVR,29-Apr-2021,780,PE,0,0,0,1.05,0.1,0,0,0,0,19-APR-2021,
OPTSTK,PVR,29-Apr-2021,800,PE,5.8,6.95,5.1,6.4,6.4,77,252.67,13431,11396,19-APR-2021,
OPTSTK,PVR,29-Apr-2021,820,PE,0,0,0,4,0.5,0,0,0,0,19-APR-2021,
OPTSTK,PVR,29-Apr-2021,840,PE,9.25,11,6.5,8.05,8.05,33,114.04,13024,407,19-APR-2021,
OPTSTK,PVR,29-Apr-2021,860,PE,4.55,4.55,4.55,4.55,1.75,1,3.51,1221,0,19-APR-2021,
OPTSTK,PVR,29-Apr-2021,880,PE,14,15,12.6,13.95,13.95,55,200.09,9768,3663,19-APR-2021,
OPTSTK,PVR,29-Apr-2021,900,PE,15,19.9,13.25,16.2,16.2,1741,6493.17,252747,55352,19-APR-2021,
OPTSTK,PVR,29-Apr-2021,920,PE,7,27.25,7,19.75,19.75,114,435.97,10989,9361,19-APR-2021,
OPTSTK,PVR,29-Apr-2021,940,PE,20.6,31,20.6,24.15,24.15,433,1698.48,72446,36223,19-APR-2021,
OPTSTK,PVR,29-Apr-2021,960,PE,30,38.05,26.35,30.35,30.35,500,2015.16,59829,21978,19-APR-2021,
OPTSTK,PVR,29-Apr-2021,980,PE,40.05,60,32.3,37.35,37.35,866,3587.24,109076,43142,19-APR-2021,
OPTSTK,PVR,29-Apr-2021,1000,PE,39,61,39,44.9,44.9,2804,11925.83,311355,-31339,19-APR-2021,
OPTSTK,PVR,29-Apr-2021,1020,PE,55,63.1,48,54.55,54.55,796,3482.81,69190,-71632,19-APR-2021,
OPTSTK,PVR,29-Apr-2021,1040,PE,65,88,58,65.85,65.85,734,3304.58,56573,-65120,19-APR-2021,
OPTSTK,PVR,29-Apr-2021,1060,PE,80,93.5,69.5,79.2,79.2,262,1215.61,31746,-32560,19-APR-2021,
OPTSTK,PVR,29-Apr-2021,1080,PE,96,100,84,95,95,55,262.23,19129,-10582,19-APR-2021,
OPTSTK,PVR,29-Apr-2021,1100,PE,114.15,119.1,96,110.55,110.55,128,629.83,97273,-10175,19-APR-2021,
OPTSTK,PVR,29-Apr-2021,1120,PE,127.85,128.85,116.65,127.75,127.75,11,55.75,20757,-2035,19-APR-2021,
OPTSTK,PVR,29-Apr-2021,1140,PE,142.25,145.8,137.55,145.8,145.8,9,47.01,25641,-1221,19-APR-2021,
OPTSTK,PVR,29-Apr-2021,1160,PE,161,166.9,155,163,163,4,21.51,14245,-407,19-APR-2021,
OPTSTK,PVR,29-Apr-2021,1180,PE,180.5,180.5,180.5,180.5,171.25,1,5.53,22385,0,19-APR-2021,
OPTSTK,PVR,29-Apr-2021,1200,PE,215,215,190.5,203.6,203.6,53,302.08,82214,-15059,19-APR-2021,
OPTSTK,PVR,29-Apr-2021,1220,PE,0,0,0,175.5,209.8,0,0,17094,0,19-APR-2021,
OPTSTK,PVR,29-Apr-2021,1240,PE,0,0,0,191.55,229.4,0,0,15466,0,19-APR-2021,
OPTSTK,PVR,29-Apr-2021,1260,PE,0,0,0,138,249.15,0,0,4070,0,19-APR-2021,
OPTSTK,PVR,29-Apr-2021,1280,PE,0,0,0,228.6,268.95,0,0,2849,0,19-APR-2021,
OPTSTK,PVR,29-Apr-2021,1300,PE,300,301,300,301,301,3,19.54,30525,-1221,19-APR-2021,
OPTSTK,PVR,29-Apr-2021,1320,PE,0,0,0,200.95,308.75,0,0,3256,0,19-APR-2021,
OPTSTK,PVR,29-Apr-2021,1340,PE,0,0,0,105.15,328.7,0,0,407,0,19-APR-2021,
OPTSTK,PVR,29-Apr-2021,1360,PE,0,0,0,100,348.65,0,0,407,0,19-APR-2021,
OPTSTK,PVR,29-Apr-2021,1380,PE,0,0,0,252.1,368.6,0,0,407,0,19-APR-2021,
OPTSTK,PVR,29-Apr-2021,1400,PE,0,0,0,328.75,388.6,0,0,13431,0,19-APR-2021,
OPTSTK,PVR,29-Apr-2021,1420,PE,0,0,0,153.05,408.55,0,0,0,0,19-APR-2021,
OPTSTK,PVR,29-Apr-2021,1440,PE,0,0,0,163.6,428.55,0,0,0,0,19-APR-2021,
OPTSTK,PVR,29-Apr-2021,1460,PE,0,0,0,165,448.5,0,0,407,0,19-APR-2021,
OPTSTK,PVR,29-Apr-2021,1480,PE,0,0,0,185.7,468.5,0,0,0,0,19-APR-2021,
OPTSTK,PVR,29-Apr-2021,1500,PE,0,0,0,197.3,488.5,0,0,0,0,19-APR-2021,
OPTSTK,PVR,29-Apr-2021,1520,PE,0,0,0,209.2,508.45,0,0,0,0,19-APR-2021,
OPTSTK,PVR,29-Apr-2021,1540,PE,0,0,0,221.45,528.45,0,0,0,0,19-APR-2021,
OPTSTK,PVR,29-Apr-2021,1560,PE,0,0,0,234,548.4,0,0,0,0,19-APR-2021,
OPTSTK,PVR,29-Apr-2021,1580,PE,0,0,0,246.9,568.4,0,0,0,0,19-APR-2021,
OPTSTK,PVR,29-Apr-2021,1600,PE,0,0,0,260.05,588.4,0,0,0,0,19-APR-2021,
OPTSTK,PVR,29-Apr-2021,1620,PE,0,0,0,273.55,608.35,0,0,0,0,19-APR-2021,
OPTSTK,PVR,29-Apr-2021,1640,PE,0,0,0,287.3,628.35,0,0,0,0,19-APR-2021,
OPTSTK,PVR,29-Apr-2021,1660,PE,0,0,0,301.3,648.3,0,0,0,0,19-APR-2021,
OPTSTK,PVR,29-Apr-2021,1680,PE,0,0,0,315.6,668.3,0,0,0,0,19-APR-2021,
OPTSTK,PVR,29-Apr-2021,1700,PE,0,0,0,330.15,688.3,0,0,0,0,19-APR-2021,
OPTSTK,PVR,29-Apr-2021,1720,PE,0,0,0,345.05,708.25,0,0,0,0,19-APR-2021,
OPTSTK,PVR,29-Apr-2021,1740,PE,0,0,0,360.05,728.25,0,0,0,0,19-APR-2021,
OPTSTK,PVR,29-Apr-2021,1760,PE,0,0,0,375.35,748.2,0,0,0,0,19-APR-2021,
OPTSTK,PVR,29-Apr-2021,1780,PE,0,0,0,390.85,768.2,0,0,0,0,19-APR-2021,
OPTSTK,PVR,29-Apr-2021,1800,PE,0,0,0,406.55,788.2,0,0,0,0,19-APR-2021,
OPTSTK,PVR,29-Apr-2021,1820,PE,0,0,0,422.45,808.15,0,0,0,0,19-APR-2021,
OPTSTK,PVR,29-Apr-2021,1840,PE,0,0,0,438.55,828.15,0,0,0,0,19-APR-2021,
OPTSTK,PVR,29-Apr-2021,1860,PE,0,0,0,454.85,848.1,0,0,0,0,19-APR-2021,
OPTSTK,PVR,27-May-2021,780,CE,0,0,0,593.25,239.3,0,0,0,0,19-APR-2021,
OPTSTK,PVR,27-May-2021,800,CE,0,0,0,574.25,221.55,0,0,0,0,19-APR-2021,
OPTSTK,PVR,27-May-2021,820,CE,0,0,0,605.15,204.3,0,0,0,0,19-APR-2021,
OPTSTK,PVR,27-May-2021,840,CE,0,0,0,586.3,187.7,0,0,0,0,19-APR-2021,
OPTSTK,PVR,27-May-2021,860,CE,0,0,0,567.65,171.75,0,0,0,0,19-APR-2021,
OPTSTK,PVR,27-May-2021,880,CE,0,0,0,549.15,156.55,0,0,0,0,19-APR-2021,
OPTSTK,PVR,27-May-2021,900,CE,0,0,0,530.85,142.1,0,0,0,0,19-APR-2021,
OPTSTK,PVR,27-May-2021,920,CE,0,0,0,512.8,128.4,0,0,0,0,19-APR-2021,
OPTSTK,PVR,27-May-2021,940,CE,0,0,0,494.95,115.6,0,0,0,0,19-APR-2021,
OPTSTK,PVR,27-May-2021,960,CE,0,0,0,477.4,103.65,0,0,0,0,19-APR-2021,
OPTSTK,PVR,27-May-2021,980,CE,0,0,0,460.1,92.55,0,0,0,0,19-APR-2021,
OPTSTK,PVR,27-May-2021,1000,CE,90,90,85,85.05,82.3,5,22.12,2035,2035,19-APR-2021,
OPTSTK,PVR,27-May-2021,1020,CE,0,0,0,426.4,72.95,0,0,0,0,19-APR-2021,
OPTSTK,PVR,27-May-2021,1040,CE,0,0,0,410.05,64.35,0,0,0,0,19-APR-2021,
OPTSTK,PVR,27-May-2021,1060,CE,0,0,0,394,56.6,0,0,0,0,19-APR-2021,
OPTSTK,PVR,27-May-2021,1080,CE,0,0,0,378.35,49.6,0,0,0,0,19-APR-2021,
OPTSTK,PVR,27-May-2021,1100,CE,40,50,40,45,45,4,18.62,1221,1221,19-APR-2021,
OPTSTK,PVR,27-May-2021,1120,CE,0,0,0,348.1,37.65,0,0,0,0,19-APR-2021,
OPTSTK,PVR,27-May-2021,1140,CE,0,0,0,333.5,32.7,0,0,0,0,19-APR-2021,
OPTSTK,PVR,27-May-2021,1160,CE,0,0,0,319.3,28.3,0,0,0,0,19-APR-2021,
OPTSTK,PVR,27-May-2021,1180,CE,0,0,0,305.5,24.35,0,0,0,0,19-APR-2021,
OPTSTK,PVR,27-May-2021,1200,CE,20,40,20,24,24,21,104.7,15059,4070,19-APR-2021,
OPTSTK,PVR,27-May-2021,1220,CE,0,0,0,279.1,17.9,0,0,0,0,19-APR-2021,
OPTSTK,PVR,27-May-2021,1240,CE,0,0,0,266.45,15.3,0,0,0,0,19-APR-2021,
OPTSTK,PVR,27-May-2021,1260,CE,0,0,0,254.25,13,0,0,0,0,19-APR-2021,
OPTSTK,PVR,27-May-2021,1280,CE,0,0,0,242.5,11.05,0,0,0,0,19-APR-2021,
OPTSTK,PVR,27-May-2021,1300,CE,12.1,18,12.1,13.5,13.5,4,21.4,4477,1221,19-APR-2021,
OPTSTK,PVR,27-May-2021,1320,CE,0,0,0,220.15,7.9,0,0,0,0,19-APR-2021,
OPTSTK,PVR,27-May-2021,1340,CE,0,0,0,209.55,6.7,0,0,0,0,19-APR-2021,
OPTSTK,PVR,27-May-2021,1360,CE,0,0,0,199.35,5.6,0,0,0,0,19-APR-2021,
OPTSTK,PVR,27-May-2021,1380,CE,0,0,0,189.55,4.7,0,0,0,0,19-APR-2021,
OPTSTK,PVR,27-May-2021,1400,CE,9,9,9,9,3.95,1,5.73,814,407,19-APR-2021,
OPTSTK,PVR,27-May-2021,1420,CE,0,0,0,171.1,3.3,0,0,0,0,19-APR-2021,
OPTSTK,PVR,27-May-2021,1440,CE,0,0,0,162.45,2.75,0,0,0,0,19-APR-2021,
OPTSTK,PVR,27-May-2021,1460,CE,0,0,0,154.15,2.3,0,0,0,0,19-APR-2021,
OPTSTK,PVR,27-May-2021,1480,CE,0,0,0,146.15,1.9,0,0,0,0,19-APR-2021,
OPTSTK,PVR,27-May-2021,1500,CE,0,0,0,138.55,1.6,0,0,0,0,19-APR-2021,
OPTSTK,PVR,27-May-2021,1520,CE,0,0,0,131.3,1.3,0,0,0,0,19-APR-2021,
OPTSTK,PVR,27-May-2021,1540,CE,0,0,0,124.35,1.1,0,0,0,0,19-APR-2021,
OPTSTK,PVR,27-May-2021,1560,CE,0,0,0,117.7,0.9,0,0,0,0,19-APR-2021,
OPTSTK,PVR,27-May-2021,1580,CE,0,0,0,111.35,0.75,0,0,0,0,19-APR-2021,
OPTSTK,PVR,27-May-2021,1600,CE,0,0,0,105.35,0.6,0,0,0,0,19-APR-2021,
OPTSTK,PVR,27-May-2021,1620,CE,0,0,0,99.6,0.5,0,0,0,0,19-APR-2021,
OPTSTK,PVR,27-May-2021,1640,CE,0,0,0,94.1,0.4,0,0,0,0,19-APR-2021,
OPTSTK,PVR,27-May-2021,1660,CE,0,0,0,88.9,0.35,0,0,0,0,19-APR-2021,
OPTSTK,PVR,27-May-2021,1680,CE,0,0,0,84.05,0.3,0,0,0,0,19-APR-2021,
OPTSTK,PVR,27-May-2021,1700,CE,0,0,0,79.35,0.25,0,0,0,0,19-APR-2021,
OPTSTK,PVR,27-May-2021,1720,CE,0,0,0,74.9,0.2,0,0,0,0,19-APR-2021,
OPTSTK,PVR,27-May-2021,1740,CE,0,0,0,70.7,0.15,0,0,0,0,19-APR-2021,
OPTSTK,PVR,27-May-2021,1760,CE,0,0,0,66.65,0.15,0,0,0,0,19-APR-2021,
OPTSTK,PVR,27-May-2021,1780,CE,0,0,0,62.9,0.1,0,0,0,0,19-APR-2021,
OPTSTK,PVR,27-May-2021,1800,CE,0,0,0,59.3,0.1,0,0,0,0,19-APR-2021,
OPTSTK,PVR,27-May-2021,1820,CE,0,0,0,55.8,0.1,0,0,0,0,19-APR-2021,
OPTSTK,PVR,27-May-2021,1840,CE,0,0,0,52.6,0.05,0,0,0,0,19-APR-2021,
OPTSTK,PVR,27-May-2021,1860,CE,0,0,0,49.55,0.05,0,0,0,0,19-APR-2021,
OPTSTK,PVR,27-May-2021,780,PE,0,0,0,3.1,6.2,0,0,0,0,19-APR-2021,
OPTSTK,PVR,27-May-2021,800,PE,20,24,13.8,23,23,24,80.06,10582,6919,19-APR-2021,
OPTSTK,PVR,27-May-2021,820,PE,0,0,0,4.05,11.05,0,0,0,0,19-APR-2021,
OPTSTK,PVR,27-May-2021,840,PE,0,0,0,5,14.4,0,0,0,0,19-APR-2021,
OPTSTK,PVR,27-May-2021,860,PE,0,0,0,6.1,18.35,0,0,0,0,19-APR-2021,
OPTSTK,PVR,27-May-2021,880,PE,0,0,0,7.45,23.05,0,0,0,0,19-APR-2021,
OPTSTK,PVR,27-May-2021,900,PE,39,46.95,39,44.85,44.85,31,118.8,15466,3256,19-APR-2021,
OPTSTK,PVR,27-May-2021,920,PE,0,0,0,10.7,34.75,0,0,0,0,19-APR-2021,
OPTSTK,PVR,27-May-2021,940,PE,0,0,0,12.7,41.85,0,0,0,0,19-APR-2021,
OPTSTK,PVR,27-May-2021,960,PE,43.15,63.6,43.15,63.6,49.85,2,8.24,407,407,19-APR-2021,
OPTSTK,PVR,27-May-2021,980,PE,0,0,0,17.5,58.65,0,0,0,0,19-APR-2021,
OPTSTK,PVR,27-May-2021,1000,PE,80,87.45,78,85.8,85.8,57,250.92,23606,6512,19-APR-2021,
OPTSTK,PVR,27-May-2021,1020,PE,0,0,0,23.45,78.9,0,0,0,0,19-APR-2021,
OPTSTK,PVR,27-May-2021,1040,PE,0,0,0,26.9,90.25,0,0,0,0,19-APR-2021,
OPTSTK,PVR,27-May-2021,1060,PE,0,0,0,30.65,102.4,0,0,0,0,19-APR-2021,
OPTSTK,PVR,27-May-2021,1080,PE,0,0,0,34.8,115.35,0,0,0,0,19-APR-2021,
OPTSTK,PVR,27-May-2021,1100,PE,125.25,125.25,125.25,125.25,128.95,1,4.98,5291,407,19-APR-2021,
OPTSTK,PVR,27-May-2021,1120,PE,0,0,0,44.2,143.25,0,0,0,0,19-APR-2021,
OPTSTK,PVR,27-May-2021,1140,PE,0,0,0,49.4,158.2,0,0,0,0,19-APR-2021,
OPTSTK,PVR,27-May-2021,1160,PE,0,0,0,55.05,173.7,0,0,0,0,19-APR-2021,
OPTSTK,PVR,27-May-2021,1180,PE,0,0,0,61.05,189.7,0,0,0,0,19-APR-2021,
OPTSTK,PVR,27-May-2021,1200,PE,225,225,225,225,206.2,1,5.79,4070,0,19-APR-2021,
OPTSTK,PVR,27-May-2021,1220,PE,0,0,0,74.25,223.1,0,0,0,0,19-APR-2021,
OPTSTK,PVR,27-May-2021,1240,PE,0,0,0,81.4,240.4,0,0,0,0,19-APR-2021,
OPTSTK,PVR,27-May-2021,1260,PE,0,0,0,89.05,258.05,0,0,0,0,19-APR-2021,
OPTSTK,PVR,27-May-2021,1280,PE,0,0,0,97.05,276,0,0,0,0,19-APR-2021,
OPTSTK,PVR,27-May-2021,1300,PE,0,0,0,201,294.25,0,0,2442,0,19-APR-2021,
OPTSTK,PVR,27-May-2021,1320,PE,0,0,0,114.35,312.75,0,0,0,0,19-APR-2021,
OPTSTK,PVR,27-May-2021,1340,PE,0,0,0,123.6,331.4,0,0,0,0,19-APR-2021,
OPTSTK,PVR,27-May-2021,1360,PE,0,0,0,133.2,350.25,0,0,0,0,19-APR-2021,
OPTSTK,PVR,27-May-2021,1380,PE,0,0,0,143.2,369.3,0,0,0,0,19-APR-2021,
OPTSTK,PVR,27-May-2021,1400,PE,0,0,0,153.6,388.45,0,0,0,0,19-APR-2021,
OPTSTK,PVR,27-May-2021,1420,PE,0,0,0,164.4,407.7,0,0,0,0,19-APR-2021,
OPTSTK,PVR,27-May-2021,1440,PE,0,0,0,175.55,427.1,0,0,0,0,19-APR-2021,
OPTSTK,PVR,27-May-2021,1460,PE,0,0,0,187.05,446.55,0,0,0,0,19-APR-2021,
OPTSTK,PVR,27-May-2021,1480,PE,0,0,0,198.9,466.1,0,0,0,0,19-APR-2021,
OPTSTK,PVR,27-May-2021,1500,PE,0,0,0,211.1,485.7,0,0,0,0,19-APR-2021,
OPTSTK,PVR,27-May-2021,1520,PE,0,0,0,223.65,505.35,0,0,0,0,19-APR-2021,
OPTSTK,PVR,27-May-2021,1540,PE,0,0,0,236.5,525.05,0,0,0,0,19-APR-2021,
OPTSTK,PVR,27-May-2021,1560,PE,0,0,0,249.7,544.8,0,0,0,0,19-APR-2021,
OPTSTK,PVR,27-May-2021,1580,PE,0,0,0,263.15,564.55,0,0,0,0,19-APR-2021,
OPTSTK,PVR,27-May-2021,1600,PE,0,0,0,276.95,584.35,0,0,0,0,19-APR-2021,
OPTSTK,PVR,27-May-2021,1620,PE,0,0,0,291,604.15,0,0,0,0,19-APR-2021,
OPTSTK,PVR,27-May-2021,1640,PE,0,0,0,305.35,624,0,0,0,0,19-APR-2021,
OPTSTK,PVR,27-May-2021,1660,PE,0,0,0,319.95,643.85,0,0,0,0,19-APR-2021,
OPTSTK,PVR,27-May-2021,1680,PE,0,0,0,334.9,663.7,0,0,0,0,19-APR-2021,
OPTSTK,PVR,27-May-2021,1700,PE,0,0,0,350.05,683.55,0,0,0,0,19-APR-2021,
OPTSTK,PVR,27-May-2021,1720,PE,0,0,0,365.4,703.45,0,0,0,0,19-APR-2021,
OPTSTK,PVR,27-May-2021,1740,PE,0,0,0,381,723.35,0,0,0,0,19-APR-2021,
OPTSTK,PVR,27-May-2021,1760,PE,0,0,0,396.8,743.25,0,0,0,0,19-APR-2021,
OPTSTK,PVR,27-May-2021,1780,PE,0,0,0,412.8,763.15,0,0,0,0,19-APR-2021,
OPTSTK,PVR,27-May-2021,1800,PE,0,0,0,429.05,783.05,0,0,0,0,19-APR-2021,
OPTSTK,PVR,27-May-2021,1820,PE,0,0,0,445.4,802.95,0,0,0,0,19-APR-2021,
OPTSTK,PVR,27-May-2021,1840,PE,0,0,0,461.95,822.85,0,0,0,0,19-APR-2021,
OPTSTK,PVR,27-May-2021,1860,PE,0,0,0,478.7,842.75,0,0,0,0,19-APR-2021,
OPTSTK,PVR,24-Jun-2021,780,CE,0,0,0,472.85,251.25,0,0,0,0,19-APR-2021,
OPTSTK,PVR,24-Jun-2021,800,CE,0,0,0,454.55,235.05,0,0,0,0,19-APR-2021,
OPTSTK,PVR,24-Jun-2021,820,CE,0,0,0,436.5,219.45,0,0,0,0,19-APR-2021,
OPTSTK,PVR,24-Jun-2021,840,CE,0,0,0,418.75,204.45,0,0,0,0,19-APR-2021,
OPTSTK,PVR,24-Jun-2021,860,CE,0,0,0,401.3,190,0,0,0,0,19-APR-2021,
OPTSTK,PVR,24-Jun-2021,880,CE,0,0,0,384.2,176.2,0,0,0,0,19-APR-2021,
OPTSTK,PVR,24-Jun-2021,900,CE,0,0,0,367.45,163.05,0,0,0,0,19-APR-2021,
OPTSTK,PVR,24-Jun-2021,920,CE,0,0,0,351.05,150.6,0,0,0,0,19-APR-2021,
OPTSTK,PVR,24-Jun-2021,940,CE,0,0,0,335.05,138.8,0,0,0,0,19-APR-2021,
OPTSTK,PVR,24-Jun-2021,960,CE,0,0,0,319.45,127.65,0,0,0,0,19-APR-2021,
OPTSTK,PVR,24-Jun-2021,980,CE,0,0,0,304.3,117.2,0,0,0,0,19-APR-2021,
OPTSTK,PVR,24-Jun-2021,1000,CE,0,0,0,289.6,107.4,0,0,0,0,19-APR-2021,
OPTSTK,PVR,24-Jun-2021,1020,CE,0,0,0,275.3,98.2,0,0,0,0,19-APR-2021,
OPTSTK,PVR,24-Jun-2021,1040,CE,0,0,0,261.45,89.65,0,0,0,0,19-APR-2021,
OPTSTK,PVR,24-Jun-2021,1060,CE,0,0,0,248.05,81.7,0,0,0,0,19-APR-2021,
OPTSTK,PVR,24-Jun-2021,1080,CE,0,0,0,235.1,74.35,0,0,0,0,19-APR-2021,
OPTSTK,PVR,24-Jun-2021,1100,CE,0,0,0,222.65,67.55,0,0,0,0,19-APR-2021,
OPTSTK,PVR,24-Jun-2021,1120,CE,0,0,0,210.7,61.25,0,0,0,0,19-APR-2021,
OPTSTK,PVR,24-Jun-2021,1140,CE,0,0,0,199.2,55.45,0,0,0,0,19-APR-2021,
OPTSTK,PVR,24-Jun-2021,1160,CE,0,0,0,188.2,50.15,0,0,0,0,19-APR-2021,
OPTSTK,PVR,24-Jun-2021,1180,CE,0,0,0,177.6,45.35,0,0,0,0,19-APR-2021,
OPTSTK,PVR,24-Jun-2021,1200,CE,0,0,0,167.5,40.9,0,0,0,0,19-APR-2021,
OPTSTK,PVR,24-Jun-2021,1220,CE,0,0,0,157.85,36.85,0,0,0,0,19-APR-2021,
OPTSTK,PVR,24-Jun-2021,1240,CE,0,0,0,148.65,33.1,0,0,0,0,19-APR-2021,
OPTSTK,PVR,24-Jun-2021,1260,CE,0,0,0,139.85,29.75,0,0,0,0,19-APR-2021,
OPTSTK,PVR,24-Jun-2021,1280,CE,0,0,0,131.5,26.7,0,0,0,0,19-APR-2021,
OPTSTK,PVR,24-Jun-2021,1300,CE,0,0,0,123.6,23.95,0,0,0,0,19-APR-2021,
OPTSTK,PVR,24-Jun-2021,1320,CE,0,0,0,116.05,21.4,0,0,0,0,19-APR-2021,
OPTSTK,PVR,24-Jun-2021,1340,CE,0,0,0,108.9,19.15,0,0,0,0,19-APR-2021,
OPTSTK,PVR,24-Jun-2021,1360,CE,0,0,0,102.1,17.1,0,0,0,0,19-APR-2021,
OPTSTK,PVR,24-Jun-2021,1380,CE,0,0,0,95.7,15.3,0,0,0,0,19-APR-2021,
OPTSTK,PVR,24-Jun-2021,1400,CE,0,0,0,89.65,13.65,0,0,0,0,19-APR-2021,
OPTSTK,PVR,24-Jun-2021,1420,CE,0,0,0,83.9,12.15,0,0,0,0,19-APR-2021,
OPTSTK,PVR,24-Jun-2021,1440,CE,0,0,0,78.5,10.8,0,0,0,0,19-APR-2021,
OPTSTK,PVR,24-Jun-2021,1460,CE,0,0,0,73.45,9.65,0,0,0,0,19-APR-2021,
OPTSTK,PVR,24-Jun-2021,1480,CE,0,0,0,68.7,8.55,0,0,0,0,19-APR-2021,
OPTSTK,PVR,24-Jun-2021,1500,CE,0,0,0,64.15,7.6,0,0,0,0,19-APR-2021,
OPTSTK,PVR,24-Jun-2021,1520,CE,0,0,0,59.95,6.75,0,0,0,0,19-APR-2021,
OPTSTK,PVR,24-Jun-2021,1540,CE,0,0,0,55.95,6,0,0,0,0,19-APR-2021,
OPTSTK,PVR,24-Jun-2021,1560,CE,0,0,0,52.2,5.3,0,0,0,0,19-APR-2021,
OPTSTK,PVR,24-Jun-2021,1580,CE,0,0,0,48.7,4.7,0,0,0,0,19-APR-2021,
OPTSTK,PVR,24-Jun-2021,1600,CE,0,0,0,45.35,4.15,0,0,0,0,19-APR-2021,
OPTSTK,PVR,24-Jun-2021,1620,CE,0,0,0,42.25,3.7,0,0,0,0,19-APR-2021,
OPTSTK,PVR,24-Jun-2021,1640,CE,0,0,0,39.35,3.25,0,0,0,0,19-APR-2021,
OPTSTK,PVR,24-Jun-2021,1660,CE,0,0,0,36.65,2.9,0,0,0,0,19-APR-2021,
OPTSTK,PVR,24-Jun-2021,1680,CE,0,0,0,34.1,2.55,0,0,0,0,19-APR-2021,
OPTSTK,PVR,24-Jun-2021,1700,CE,0,0,0,31.75,2.25,0,0,0,0,19-APR-2021,
OPTSTK,PVR,24-Jun-2021,1720,CE,0,0,0,29.55,2,0,0,0,0,19-APR-2021,
OPTSTK,PVR,24-Jun-2021,1740,CE,0,0,0,27.45,1.75,0,0,0,0,19-APR-2021,
OPTSTK,PVR,24-Jun-2021,1760,CE,0,0,0,25.55,1.55,0,0,0,0,19-APR-2021,
OPTSTK,PVR,24-Jun-2021,1780,CE,0,0,0,23.7,1.4,0,0,0,0,19-APR-2021,
OPTSTK,PVR,24-Jun-2021,1800,CE,0,0,0,22.05,1.2,0,0,0,0,19-APR-2021,
OPTSTK,PVR,24-Jun-2021,780,PE,0,0,0,6.35,15.9,0,0,0,0,19-APR-2021,
OPTSTK,PVR,24-Jun-2021,800,PE,0,0,0,7.9,19.6,0,0,0,0,19-APR-2021,
OPTSTK,PVR,24-Jun-2021,820,PE,0,0,0,9.7,23.85,0,0,0,0,19-APR-2021,
OPTSTK,PVR,24-Jun-2021,840,PE,0,0,0,11.75,28.7,0,0,0,0,19-APR-2021,
OPTSTK,PVR,24-Jun-2021,860,PE,0,0,0,14.1,34.15,0,0,0,0,19-APR-2021,
OPTSTK,PVR,24-Jun-2021,880,PE,0,0,0,16.8,40.2,0,0,0,0,19-APR-2021,
OPTSTK,PVR,24-Jun-2021,900,PE,0,0,0,19.9,46.9,0,0,0,0,19-APR-2021,
OPTSTK,PVR,24-Jun-2021,920,PE,0,0,0,23.3,54.3,0,0,0,0,19-APR-2021,
OPTSTK,PVR,24-Jun-2021,940,PE,0,0,0,27.1,62.4,0,0,0,0,19-APR-2021,
OPTSTK,PVR,24-Jun-2021,960,PE,0,0,0,31.35,71.15,0,0,0,0,19-APR-2021,
OPTSTK,PVR,24-Jun-2021,980,PE,0,0,0,36,80.55,0,0,0,0,19-APR-2021,
OPTSTK,PVR,24-Jun-2021,1000,PE,90,114,90,114,90.6,2,8.97,3256,0,19-APR-2021,
OPTSTK,PVR,24-Jun-2021,1020,PE,0,0,0,46.6,101.3,0,0,0,0,19-APR-2021,
OPTSTK,PVR,24-Jun-2021,1040,PE,0,0,0,52.55,112.6,0,0,0,0,19-APR-2021,
OPTSTK,PVR,24-Jun-2021,1060,PE,0,0,0,59,124.5,0,0,0,0,19-APR-2021,
OPTSTK,PVR,24-Jun-2021,1080,PE,0,0,0,65.85,137,0,0,0,0,19-APR-2021,
OPTSTK,PVR,24-Jun-2021,1100,PE,0,0,0,73.2,150.05,0,0,0,0,19-APR-2021,
OPTSTK,PVR,24-Jun-2021,1120,PE,0,0,0,81.05,163.6,0,0,0,0,19-APR-2021,
OPTSTK,PVR,24-Jun-2021,1140,PE,0,0,0,89.4,177.7,0,0,0,0,19-APR-2021,
OPTSTK,PVR,24-Jun-2021,1160,PE,0,0,0,98.2,192.25,0,0,0,0,19-APR-2021,
OPTSTK,PVR,24-Jun-2021,1180,PE,0,0,0,107.45,207.3,0,0,0,0,19-APR-2021,
OPTSTK,PVR,24-Jun-2021,1200,PE,0,0,0,117.15,222.75,0,0,0,0,19-APR-2021,
OPTSTK,PVR,24-Jun-2021,1220,PE,0,0,0,127.3,238.55,0,0,0,0,19-APR-2021,
OPTSTK,PVR,24-Jun-2021,1240,PE,0,0,0,137.9,254.7,0,0,0,0,19-APR-2021,
OPTSTK,PVR,24-Jun-2021,1260,PE,0,0,0,148.95,271.2,0,0,0,0,19-APR-2021,
OPTSTK,PVR,24-Jun-2021,1280,PE,0,0,0,160.4,288,0,0,0,0,19-APR-2021,
OPTSTK,PVR,24-Jun-2021,1300,PE,0,0,0,172.3,305.1,0,0,0,0,19-APR-2021,
OPTSTK,PVR,24-Jun-2021,1320,PE,0,0,0,184.55,322.45,0,0,0,0,19-APR-2021,
OPTSTK,PVR,24-Jun-2021,1340,PE,0,0,0,197.2,340.05,0,0,0,0,19-APR-2021,
OPTSTK,PVR,24-Jun-2021,1360,PE,0,0,0,210.25,357.9,0,0,0,0,19-APR-2021,
OPTSTK,PVR,24-Jun-2021,1380,PE,0,0,0,223.65,375.9,0,0,0,0,19-APR-2021,
OPTSTK,PVR,24-Jun-2021,1400,PE,0,0,0,237.4,394.15,0,0,0,0,19-APR-2021,
OPTSTK,PVR,24-Jun-2021,1420,PE,0,0,0,251.5,412.5,0,0,0,0,19-APR-2021,
OPTSTK,PVR,24-Jun-2021,1440,PE,0,0,0,265.9,431.05,0,0,0,0,19-APR-2021,
OPTSTK,PVR,24-Jun-2021,1460,PE,0,0,0,280.7,449.7,0,0,0,0,19-APR-2021,
OPTSTK,PVR,24-Jun-2021,1480,PE,0,0,0,295.7,468.5,0,0,0,0,19-APR-2021,
OPTSTK,PVR,24-Jun-2021,1500,PE,0,0,0,311,487.4,0,0,0,0,19-APR-2021,
OPTSTK,PVR,24-Jun-2021,1520,PE,0,0,0,326.6,506.45,0,0,0,0,19-APR-2021,
OPTSTK,PVR,24-Jun-2021,1540,PE,0,0,0,342.4,525.55,0,0,0,0,19-APR-2021,
OPTSTK,PVR,24-Jun-2021,1560,PE,0,0,0,358.5,544.7,0,0,0,0,19-APR-2021,
OPTSTK,PVR,24-Jun-2021,1580,PE,0,0,0,374.8,564,0,0,0,0,19-APR-2021,
OPTSTK,PVR,24-Jun-2021,1600,PE,0,0,0,391.25,583.3,0,0,0,0,19-APR-2021,
OPTSTK,PVR,24-Jun-2021,1620,PE,0,0,0,408,602.7,0,0,0,0,19-APR-2021,
OPTSTK,PVR,24-Jun-2021,1640,PE,0,0,0,424.9,622.15,0,0,0,0,19-APR-2021,
OPTSTK,PVR,24-Jun-2021,1660,PE,0,0,0,442,641.65,0,0,0,0,19-APR-2021,
OPTSTK,PVR,24-Jun-2021,1680,PE,0,0,0,459.3,661.15,0,0,0,0,19-APR-2021,
OPTSTK,PVR,24-Jun-2021,1700,PE,0,0,0,476.75,680.75,0,0,0,0,19-APR-2021,
OPTSTK,PVR,24-Jun-2021,1720,PE,0,0,0,494.35,700.35,0,0,0,0,19-APR-2021,
OPTSTK,PVR,24-Jun-2021,1740,PE,0,0,0,512.05,719.95,0,0,0,0,19-APR-2021,
OPTSTK,PVR,24-Jun-2021,1760,PE,0,0,0,529.95,739.6,0,0,0,0,19-APR-2021,
OPTSTK,PVR,24-Jun-2021,1780,PE,0,0,0,547.95,759.3,0,0,0,0,19-APR-2021,
OPTSTK,PVR,24-Jun-2021,1800,PE,0,0,0,566.1,779,0,0,0,0,19-APR-2021,
OPTSTK,RAMCOCEM,29-Apr-2021,540,CE,0,0,0,251.5,441.15,0,0,0,0,19-APR-2021,
OPTSTK,RAMCOCEM,29-Apr-2021,550,CE,0,0,0,241.95,431.15,0,0,0,0,19-APR-2021,
OPTSTK,RAMCOCEM,29-Apr-2021,560,CE,0,0,0,232.45,421.2,0,0,0,0,19-APR-2021,
OPTSTK,RAMCOCEM,29-Apr-2021,570,CE,0,0,0,223.05,411.2,0,0,0,0,19-APR-2021,
OPTSTK,RAMCOCEM,29-Apr-2021,580,CE,0,0,0,213.8,401.2,0,0,0,0,19-APR-2021,
OPTSTK,RAMCOCEM,29-Apr-2021,590,CE,0,0,0,204.6,391.2,0,0,0,0,19-APR-2021,
OPTSTK,RAMCOCEM,29-Apr-2021,600,CE,0,0,0,195.55,381.2,0,0,0,0,19-APR-2021,
OPTSTK,RAMCOCEM,29-Apr-2021,610,CE,0,0,0,186.65,371.25,0,0,0,0,19-APR-2021,
OPTSTK,RAMCOCEM,29-Apr-2021,620,CE,0,0,0,177.85,361.25,0,0,0,0,19-APR-2021,
OPTSTK,RAMCOCEM,29-Apr-2021,630,CE,0,0,0,169.25,351.25,0,0,0,0,19-APR-2021,
OPTSTK,RAMCOCEM,29-Apr-2021,640,CE,0,0,0,160.85,341.25,0,0,0,0,19-APR-2021,
OPTSTK,RAMCOCEM,29-Apr-2021,650,CE,0,0,0,152.65,331.25,0,0,0,0,19-APR-2021,
OPTSTK,RAMCOCEM,29-Apr-2021,660,CE,0,0,0,144.6,321.3,0,0,0,0,19-APR-2021,
OPTSTK,RAMCOCEM,29-Apr-2021,670,CE,0,0,0,136.8,311.3,0,0,0,0,19-APR-2021,
OPTSTK,RAMCOCEM,29-Apr-2021,680,CE,0,0,0,129.25,301.3,0,0,0,0,19-APR-2021,
OPTSTK,RAMCOCEM,29-Apr-2021,690,CE,0,0,0,121.9,291.3,0,0,0,0,19-APR-2021,
OPTSTK,RAMCOCEM,29-Apr-2021,700,CE,0,0,0,114.8,281.3,0,0,0,0,19-APR-2021,
OPTSTK,RAMCOCEM,29-Apr-2021,710,CE,0,0,0,107.9,271.35,0,0,0,0,19-APR-2021,
OPTSTK,RAMCOCEM,29-Apr-2021,720,CE,0,0,0,101.3,261.35,0,0,0,0,19-APR-2021,
OPTSTK,RAMCOCEM,29-Apr-2021,730,CE,0,0,0,94.95,251.35,0,0,0,0,19-APR-2021,
OPTSTK,RAMCOCEM,29-Apr-2021,740,CE,0,0,0,88.9,241.35,0,0,0,0,19-APR-2021,
OPTSTK,RAMCOCEM,29-Apr-2021,750,CE,0,0,0,83.05,231.35,0,0,0,0,19-APR-2021,
OPTSTK,RAMCOCEM,29-Apr-2021,760,CE,0,0,0,77.55,221.4,0,0,0,0,19-APR-2021,
OPTSTK,RAMCOCEM,29-Apr-2021,770,CE,0,0,0,72.25,211.4,0,0,0,0,19-APR-2021,
OPTSTK,RAMCOCEM,29-Apr-2021,780,CE,0,0,0,67.2,201.4,0,0,0,0,19-APR-2021,
OPTSTK,RAMCOCEM,29-Apr-2021,790,CE,0,0,0,62.45,191.4,0,0,0,0,19-APR-2021,
OPTSTK,RAMCOCEM,29-Apr-2021,800,CE,0,0,0,57.95,181.45,0,0,0,0,19-APR-2021,
OPTSTK,RAMCOCEM,29-Apr-2021,810,CE,0,0,0,53.7,171.45,0,0,0,0,19-APR-2021,
OPTSTK,RAMCOCEM,29-Apr-2021,820,CE,0,0,0,49.7,161.5,0,0,0,0,19-APR-2021,
OPTSTK,RAMCOCEM,29-Apr-2021,830,CE,0,0,0,45.9,151.55,0,0,0,0,19-APR-2021,
OPTSTK,RAMCOCEM,29-Apr-2021,840,CE,0,0,0,42.35,141.65,0,0,0,0,19-APR-2021,
OPTSTK,RAMCOCEM,29-Apr-2021,850,CE,0,0,0,39.05,131.8,0,0,0,0,19-APR-2021,
OPTSTK,RAMCOCEM,29-Apr-2021,860,CE,0,0,0,35.9,122,0,0,0,0,19-APR-2021,
OPTSTK,RAMCOCEM,29-Apr-2021,870,CE,0,0,0,33,112.35,0,0,0,0,19-APR-2021,
OPTSTK,RAMCOCEM,29-Apr-2021,880,CE,0,0,0,30.3,102.8,0,0,0,0,19-APR-2021,
OPTSTK,RAMCOCEM,29-Apr-2021,890,CE,0,0,0,27.8,93.45,0,0,0,0,19-APR-2021,
OPTSTK,RAMCOCEM,29-Apr-2021,900,CE,0,0,0,25.5,84.35,0,0,0,0,19-APR-2021,
OPTSTK,RAMCOCEM,29-Apr-2021,910,CE,0,0,0,23.35,75.55,0,0,0,0,19-APR-2021,
OPTSTK,RAMCOCEM,29-Apr-2021,920,CE,0,0,0,21.3,67.1,0,0,0,0,19-APR-2021,
OPTSTK,RAMCOCEM,29-Apr-2021,930,CE,0,0,0,19.45,59.1,0,0,0,0,19-APR-2021,
OPTSTK,RAMCOCEM,29-Apr-2021,940,CE,0,0,0,17.7,51.55,0,0,0,0,19-APR-2021,
OPTSTK,RAMCOCEM,29-Apr-2021,950,CE,0,0,0,16.15,44.5,0,0,0,0,19-APR-2021,
OPTSTK,RAMCOCEM,29-Apr-2021,960,CE,0,0,0,14.7,38,0,0,0,0,19-APR-2021,
OPTSTK,RAMCOCEM,29-Apr-2021,970,CE,0,0,0,13.35,32.15,0,0,0,0,19-APR-2021,
OPTSTK,RAMCOCEM,29-Apr-2021,980,CE,0,0,0,27.65,26.85,0,0,3400,0,19-APR-2021,
OPTSTK,RAMCOCEM,29-Apr-2021,990,CE,0,0,0,11,22.2,0,0,0,0,19-APR-2021,
OPTSTK,RAMCOCEM,29-Apr-2021,1000,CE,25.1,30.1,20,23.05,18.15,22,191.33,28900,5950,19-APR-2021,
OPTSTK,RAMCOCEM,29-Apr-2021,1010,CE,0,0,0,9,14.65,0,0,0,0,19-APR-2021,
OPTSTK,RAMCOCEM,29-Apr-2021,1020,CE,20.95,20.95,15.55,15.55,11.7,9,79.39,29750,4250,19-APR-2021,
OPTSTK,RAMCOCEM,29-Apr-2021,1030,CE,0,0,0,7.35,9.25,0,0,0,0,19-APR-2021,
OPTSTK,RAMCOCEM,29-Apr-2021,1040,CE,0,0,0,19.6,7.2,0,0,1700,0,19-APR-2021,
OPTSTK,RAMCOCEM,29-Apr-2021,1050,CE,10.5,12.2,8.25,8.25,5.55,13,117.15,23800,10200,19-APR-2021,
OPTSTK,RAMCOCEM,29-Apr-2021,1060,CE,11.15,11.2,8.1,9.05,9.05,7,63.64,11050,1700,19-APR-2021,
OPTSTK,RAMCOCEM,29-Apr-2021,1070,CE,0,0,0,4.9,3.2,0,0,0,0,19-APR-2021,
OPTSTK,RAMCOCEM,29-Apr-2021,1080,CE,3.85,7.6,3.85,7.6,2.35,4,36.92,28050,0,19-APR-2021,
OPTSTK,RAMCOCEM,29-Apr-2021,1090,CE,0,0,0,9.65,1.75,0,0,2550,0,19-APR-2021,
OPTSTK,RAMCOCEM,29-Apr-2021,1100,CE,3.35,12,3.35,4.75,4.75,71,666.62,153850,5950,19-APR-2021,
OPTSTK,RAMCOCEM,29-Apr-2021,1110,CE,0,0,0,6.6,0.9,0,0,850,0,19-APR-2021,
OPTSTK,RAMCOCEM,29-Apr-2021,1120,CE,0,0,0,10,0.65,0,0,1700,0,19-APR-2021,
OPTSTK,RAMCOCEM,29-Apr-2021,1130,CE,0,0,0,2.55,0.45,0,0,0,0,19-APR-2021,
OPTSTK,RAMCOCEM,29-Apr-2021,1140,CE,0,0,0,4.55,0.3,0,0,0,0,19-APR-2021,
OPTSTK,RAMCOCEM,29-Apr-2021,1150,CE,1.5,1.5,1.5,1.5,0.25,1,9.78,42500,-850,19-APR-2021,
OPTSTK,RAMCOCEM,29-Apr-2021,1160,CE,0,0,0,12.4,0.15,0,0,6800,0,19-APR-2021,
OPTSTK,RAMCOCEM,29-Apr-2021,1170,CE,0,0,0,3.35,0.1,0,0,0,0,19-APR-2021,
OPTSTK,RAMCOCEM,29-Apr-2021,1180,CE,0,0,0,3,0.1,0,0,0,0,19-APR-2021,
OPTSTK,RAMCOCEM,29-Apr-2021,1190,CE,0,0,0,5.5,0.05,0,0,0,0,19-APR-2021,
OPTSTK,RAMCOCEM,29-Apr-2021,1200,CE,0.8,1,0.3,1,1,4,40.82,6800,-3400,19-APR-2021,
OPTSTK,RAMCOCEM,29-Apr-2021,1210,CE,0,0,0,4.55,0.05,0,0,0,0,19-APR-2021,
OPTSTK,RAMCOCEM,29-Apr-2021,1220,CE,0,0,0,4.15,0.05,0,0,0,0,19-APR-2021,
OPTSTK,RAMCOCEM,29-Apr-2021,1230,CE,0,0,0,6.9,0.05,0,0,0,0,19-APR-2021,
OPTSTK,RAMCOCEM,29-Apr-2021,1240,CE,0,0,0,6.3,0,0,0,0,0,19-APR-2021,
OPTSTK,RAMCOCEM,29-Apr-2021,1250,CE,0,0,0,5.75,0,0,0,0,0,19-APR-2021,
OPTSTK,RAMCOCEM,29-Apr-2021,1260,CE,0,0,0,5.25,0,0,0,0,0,19-APR-2021,
OPTSTK,RAMCOCEM,29-Apr-2021,1270,CE,0,0,0,4.75,0,0,0,0,0,19-APR-2021,
OPTSTK,RAMCOCEM,29-Apr-2021,1280,CE,0,0,0,4.9,0,0,0,0,0,19-APR-2021,
OPTSTK,RAMCOCEM,29-Apr-2021,540,PE,0,0,0,1.2,0,0,0,0,0,19-APR-2021,
OPTSTK,RAMCOCEM,29-Apr-2021,550,PE,0,0,0,1.55,0,0,0,0,0,19-APR-2021,
OPTSTK,RAMCOCEM,29-Apr-2021,560,PE,0,0,0,2,0,0,0,0,0,19-APR-2021,
OPTSTK,RAMCOCEM,29-Apr-2021,570,PE,0,0,0,2.5,0,0,0,0,0,19-APR-2021,
OPTSTK,RAMCOCEM,29-Apr-2021,580,PE,0,0,0,3.1,0,0,0,0,0,19-APR-2021,
OPTSTK,RAMCOCEM,29-Apr-2021,590,PE,0,0,0,3.85,0,0,0,0,0,19-APR-2021,
OPTSTK,RAMCOCEM,29-Apr-2021,600,PE,0,0,0,4.7,0,0,0,0,0,19-APR-2021,
OPTSTK,RAMCOCEM,29-Apr-2021,610,PE,0,0,0,5.7,0,0,0,0,0,19-APR-2021,
OPTSTK,RAMCOCEM,29-Apr-2021,620,PE,0,0,0,6.85,0,0,0,0,0,19-APR-2021,
OPTSTK,RAMCOCEM,29-Apr-2021,630,PE,0,0,0,8.15,0,0,0,0,0,19-APR-2021,
OPTSTK,RAMCOCEM,29-Apr-2021,640,PE,0,0,0,9.65,0,0,0,0,0,19-APR-2021,
OPTSTK,RAMCOCEM,29-Apr-2021,650,PE,0,0,0,11.3,0,0,0,0,0,19-APR-2021,
OPTSTK,RAMCOCEM,29-Apr-2021,660,PE,0,0,0,13.2,0,0,0,0,0,19-APR-2021,
OPTSTK,RAMCOCEM,29-Apr-2021,670,PE,0,0,0,15.3,0,0,0,0,0,19-APR-2021,
OPTSTK,RAMCOCEM,29-Apr-2021,680,PE,0,0,0,17.65,0,0,0,0,0,19-APR-2021,
OPTSTK,RAMCOCEM,29-Apr-2021,690,PE,0,0,0,20.2,0,0,0,0,0,19-APR-2021,
OPTSTK,RAMCOCEM,29-Apr-2021,700,PE,0,0,0,23,0,0,0,0,0,19-APR-2021,
OPTSTK,RAMCOCEM,29-Apr-2021,710,PE,0,0,0,26,0,0,0,0,0,19-APR-2021,
OPTSTK,RAMCOCEM,29-Apr-2021,720,PE,0,0,0,29.35,0,0,0,0,0,19-APR-2021,
OPTSTK,RAMCOCEM,29-Apr-2021,730,PE,0,0,0,32.9,0,0,0,0,0,19-APR-2021,
OPTSTK,RAMCOCEM,29-Apr-2021,740,PE,0,0,0,36.75,0,0,0,0,0,19-APR-2021,
OPTSTK,RAMCOCEM,29-Apr-2021,750,PE,0,0,0,40.85,0,0,0,0,0,19-APR-2021,
OPTSTK,RAMCOCEM,29-Apr-2021,760,PE,0,0,0,45.2,0,0,0,0,0,19-APR-2021,
OPTSTK,RAMCOCEM,29-Apr-2021,770,PE,0,0,0,49.8,0,0,0,0,0,19-APR-2021,
OPTSTK,RAMCOCEM,29-Apr-2021,780,PE,0,0,0,54.7,0,0,0,0,0,19-APR-2021,
OPTSTK,RAMCOCEM,29-Apr-2021,790,PE,0,0,0,59.85,0.05,0,0,0,0,19-APR-2021,
OPTSTK,RAMCOCEM,29-Apr-2021,800,PE,0,0,0,65.25,0.05,0,0,0,0,19-APR-2021,
OPTSTK,RAMCOCEM,29-Apr-2021,810,PE,0,0,0,70.9,0.05,0,0,0,0,19-APR-2021,
OPTSTK,RAMCOCEM,29-Apr-2021,820,PE,0,0,0,76.8,0.1,0,0,0,0,19-APR-2021,
OPTSTK,RAMCOCEM,29-Apr-2021,830,PE,0,0,0,82.9,0.15,0,0,0,0,19-APR-2021,
OPTSTK,RAMCOCEM,29-Apr-2021,840,PE,0,0,0,89.3,0.2,0,0,0,0,19-APR-2021,
OPTSTK,RAMCOCEM,29-Apr-2021,850,PE,0,0,0,95.85,0.35,0,0,0,0,19-APR-2021,
OPTSTK,RAMCOCEM,29-Apr-2021,860,PE,0,0,0,102.65,0.55,0,0,0,0,19-APR-2021,
OPTSTK,RAMCOCEM,29-Apr-2021,870,PE,0,0,0,109.65,0.9,0,0,0,0,19-APR-2021,
OPTSTK,RAMCOCEM,29-Apr-2021,880,PE,0,0,0,116.85,1.35,0,0,0,0,19-APR-2021,
OPTSTK,RAMCOCEM,29-Apr-2021,890,PE,0,0,0,124.3,2,0,0,0,0,19-APR-2021,
OPTSTK,RAMCOCEM,29-Apr-2021,900,PE,5.95,7,5.95,7,2.85,2,15.41,2550,-850,19-APR-2021,
OPTSTK,RAMCOCEM,29-Apr-2021,910,PE,0,0,0,139.6,4.05,0,0,0,0,19-APR-2021,
OPTSTK,RAMCOCEM,29-Apr-2021,920,PE,0,0,0,147.5,5.6,0,0,0,0,19-APR-2021,
OPTSTK,RAMCOCEM,29-Apr-2021,930,PE,0,0,0,155.55,7.55,0,0,0,0,19-APR-2021,
OPTSTK,RAMCOCEM,29-Apr-2021,940,PE,0,0,0,163.7,10,0,0,0,0,19-APR-2021,
OPTSTK,RAMCOCEM,29-Apr-2021,950,PE,14,20,13,18,12.95,8,65.73,5950,-3400,19-APR-2021,
OPTSTK,RAMCOCEM,29-Apr-2021,960,PE,0,0,0,180.5,16.45,0,0,0,0,19-APR-2021,
OPTSTK,RAMCOCEM,29-Apr-2021,970,PE,0,0,0,189.05,20.55,0,0,0,0,19-APR-2021,
OPTSTK,RAMCOCEM,29-Apr-2021,980,PE,29.95,29.95,29.95,29.95,25.3,1,8.58,1700,0,19-APR-2021,
OPTSTK,RAMCOCEM,29-Apr-2021,990,PE,0,0,0,206.55,30.65,0,0,0,0,19-APR-2021,
OPTSTK,RAMCOCEM,29-Apr-2021,1000,PE,36.5,49.7,29.45,38,38,19,167.71,19550,-3400,19-APR-2021,
OPTSTK,RAMCOCEM,29-Apr-2021,1010,PE,0,0,0,224.35,43.05,0,0,0,0,19-APR-2021,
OPTSTK,RAMCOCEM,29-Apr-2021,1020,PE,61,61,61,61,50.1,1,9.18,850,0,19-APR-2021,
OPTSTK,RAMCOCEM,29-Apr-2021,1030,PE,0,0,0,242.55,57.6,0,0,0,0,19-APR-2021,
OPTSTK,RAMCOCEM,29-Apr-2021,1040,PE,0,0,0,251.75,65.55,0,0,0,0,19-APR-2021,
OPTSTK,RAMCOCEM,29-Apr-2021,1050,PE,0,0,0,63.4,73.9,0,0,1700,0,19-APR-2021,
OPTSTK,RAMCOCEM,29-Apr-2021,1060,PE,0,0,0,270.3,82.55,0,0,0,0,19-APR-2021,
OPTSTK,RAMCOCEM,29-Apr-2021,1070,PE,0,0,0,279.65,91.5,0,0,0,0,19-APR-2021,
OPTSTK,RAMCOCEM,29-Apr-2021,1080,PE,0,0,0,289.1,100.7,0,0,0,0,19-APR-2021,
OPTSTK,RAMCOCEM,29-Apr-2021,1090,PE,0,0,0,298.55,110.05,0,0,0,0,19-APR-2021,
OPTSTK,RAMCOCEM,29-Apr-2021,1100,PE,125.45,125.45,125.45,125.45,119.55,1,10.41,2550,0,19-APR-2021,
OPTSTK,RAMCOCEM,29-Apr-2021,1110,PE,0,0,0,317.6,129.2,0,0,0,0,19-APR-2021,
OPTSTK,RAMCOCEM,29-Apr-2021,1120,PE,0,0,0,327.2,138.95,0,0,0,0,19-APR-2021,
OPTSTK,RAMCOCEM,29-Apr-2021,1130,PE,0,0,0,336.8,148.75,0,0,0,0,19-APR-2021,
OPTSTK,RAMCOCEM,29-Apr-2021,1140,PE,0,0,0,298,158.6,0,0,0,0,19-APR-2021,
OPTSTK,RAMCOCEM,29-Apr-2021,1150,PE,0,0,0,307.45,168.5,0,0,0,0,19-APR-2021,
OPTSTK,RAMCOCEM,29-Apr-2021,1160,PE,0,0,0,316.95,178.4,0,0,0,0,19-APR-2021,
OPTSTK,RAMCOCEM,29-Apr-2021,1170,PE,0,0,0,326.5,188.35,0,0,0,0,19-APR-2021,
OPTSTK,RAMCOCEM,29-Apr-2021,1180,PE,0,0,0,336.1,198.3,0,0,0,0,19-APR-2021,
OPTSTK,RAMCOCEM,29-Apr-2021,1190,PE,0,0,0,307.8,208.3,0,0,0,0,19-APR-2021,
OPTSTK,RAMCOCEM,29-Apr-2021,1200,PE,0,0,0,317.2,218.25,0,0,0,0,19-APR-2021,
OPTSTK,RAMCOCEM,29-Apr-2021,1210,PE,0,0,0,326.65,228.25,0,0,0,0,19-APR-2021,
OPTSTK,RAMCOCEM,29-Apr-2021,1220,PE,0,0,0,336.15,238.2,0,0,0,0,19-APR-2021,
OPTSTK,RAMCOCEM,29-Apr-2021,1230,PE,0,0,0,295.35,248.2,0,0,0,0,19-APR-2021,
OPTSTK,RAMCOCEM,29-Apr-2021,1240,PE,0,0,0,304.65,258.2,0,0,0,0,19-APR-2021,
OPTSTK,RAMCOCEM,29-Apr-2021,1250,PE,0,0,0,314.05,268.2,0,0,0,0,19-APR-2021,
OPTSTK,RAMCOCEM,29-Apr-2021,1260,PE,0,0,0,323.45,278.15,0,0,0,0,19-APR-2021,
OPTSTK,RAMCOCEM,29-Apr-2021,1270,PE,0,0,0,332.9,288.15,0,0,0,0,19-APR-2021,
OPTSTK,RAMCOCEM,29-Apr-2021,1280,PE,0,0,0,333.2,298.15,0,0,0,0,19-APR-2021,
OPTSTK,RAMCOCEM,27-May-2021,640,CE,0,0,0,350.6,343.15,0,0,0,0,19-APR-2021,
OPTSTK,RAMCOCEM,27-May-2021,650,CE,0,0,0,340.9,333.15,0,0,0,0,19-APR-2021,
OPTSTK,RAMCOCEM,27-May-2021,660,CE,0,0,0,331.25,323.2,0,0,0,0,19-APR-2021,
OPTSTK,RAMCOCEM,27-May-2021,670,CE,0,0,0,321.65,313.3,0,0,0,0,19-APR-2021,
OPTSTK,RAMCOCEM,27-May-2021,680,CE,0,0,0,312.05,303.35,0,0,0,0,19-APR-2021,
OPTSTK,RAMCOCEM,27-May-2021,690,CE,0,0,0,302.55,293.4,0,0,0,0,19-APR-2021,
OPTSTK,RAMCOCEM,27-May-2021,700,CE,0,0,0,293.15,283.5,0,0,0,0,19-APR-2021,
OPTSTK,RAMCOCEM,27-May-2021,710,CE,0,0,0,283.8,273.6,0,0,0,0,19-APR-2021,
OPTSTK,RAMCOCEM,27-May-2021,720,CE,0,0,0,274.5,263.7,0,0,0,0,19-APR-2021,
OPTSTK,RAMCOCEM,27-May-2021,730,CE,0,0,0,265.3,253.85,0,0,0,0,19-APR-2021,
OPTSTK,RAMCOCEM,27-May-2021,740,CE,0,0,0,256.2,244.05,0,0,0,0,19-APR-2021,
OPTSTK,RAMCOCEM,27-May-2021,750,CE,0,0,0,247.25,234.3,0,0,0,0,19-APR-2021,
OPTSTK,RAMCOCEM,27-May-2021,760,CE,0,0,0,238.35,224.55,0,0,0,0,19-APR-2021,
OPTSTK,RAMCOCEM,27-May-2021,770,CE,0,0,0,229.6,214.9,0,0,0,0,19-APR-2021,
OPTSTK,RAMCOCEM,27-May-2021,780,CE,0,0,0,221,205.3,0,0,0,0,19-APR-2021,
OPTSTK,RAMCOCEM,27-May-2021,790,CE,0,0,0,212.5,195.85,0,0,0,0,19-APR-2021,
OPTSTK,RAMCOCEM,27-May-2021,800,CE,0,0,0,204.2,186.45,0,0,0,0,19-APR-2021,
OPTSTK,RAMCOCEM,27-May-2021,810,CE,0,0,0,196,177.15,0,0,0,0,19-APR-2021,
OPTSTK,RAMCOCEM,27-May-2021,820,CE,0,0,0,187.95,168.05,0,0,0,0,19-APR-2021,
OPTSTK,RAMCOCEM,27-May-2021,830,CE,0,0,0,180.1,159.05,0,0,0,0,19-APR-2021,
OPTSTK,RAMCOCEM,27-May-2021,840,CE,0,0,0,172.4,150.25,0,0,0,0,19-APR-2021,
OPTSTK,RAMCOCEM,27-May-2021,850,CE,0,0,0,164.9,141.6,0,0,0,0,19-APR-2021,
OPTSTK,RAMCOCEM,27-May-2021,860,CE,0,0,0,157.6,133.2,0,0,0,0,19-APR-2021,
OPTSTK,RAMCOCEM,27-May-2021,870,CE,0,0,0,150.45,124.95,0,0,0,0,19-APR-2021,
OPTSTK,RAMCOCEM,27-May-2021,880,CE,0,0,0,143.5,117,0,0,0,0,19-APR-2021,
OPTSTK,RAMCOCEM,27-May-2021,890,CE,0,0,0,136.7,109.3,0,0,0,0,19-APR-2021,
OPTSTK,RAMCOCEM,27-May-2021,900,CE,0,0,0,130.2,101.85,0,0,0,0,19-APR-2021,
OPTSTK,RAMCOCEM,27-May-2021,910,CE,0,0,0,123.85,94.7,0,0,0,0,19-APR-2021,
OPTSTK,RAMCOCEM,27-May-2021,920,CE,0,0,0,117.7,87.75,0,0,0,0,19-APR-2021,
OPTSTK,RAMCOCEM,27-May-2021,930,CE,0,0,0,111.75,81.2,0,0,0,0,19-APR-2021,
OPTSTK,RAMCOCEM,27-May-2021,940,CE,0,0,0,106.05,74.9,0,0,0,0,19-APR-2021,
OPTSTK,RAMCOCEM,27-May-2021,950,CE,0,0,0,100.5,68.95,0,0,0,0,19-APR-2021,
OPTSTK,RAMCOCEM,27-May-2021,960,CE,0,0,0,95.2,63.3,0,0,0,0,19-APR-2021,
OPTSTK,RAMCOCEM,27-May-2021,970,CE,0,0,0,90.05,57.95,0,0,0,0,19-APR-2021,
OPTSTK,RAMCOCEM,27-May-2021,980,CE,0,0,0,85.15,52.95,0,0,0,0,19-APR-2021,
OPTSTK,RAMCOCEM,27-May-2021,990,CE,0,0,0,80.45,48.25,0,0,0,0,19-APR-2021,
OPTSTK,RAMCOCEM,27-May-2021,1000,CE,0,0,0,75.9,43.85,0,0,0,0,19-APR-2021,
OPTSTK,RAMCOCEM,27-May-2021,1010,CE,0,0,0,71.6,39.75,0,0,0,0,19-APR-2021,
OPTSTK,RAMCOCEM,27-May-2021,1020,CE,0,0,0,67.45,35.95,0,0,0,0,19-APR-2021,
OPTSTK,RAMCOCEM,27-May-2021,1030,CE,0,0,0,63.5,32.4,0,0,0,0,19-APR-2021,
OPTSTK,RAMCOCEM,27-May-2021,1040,CE,0,0,0,59.75,29.15,0,0,0,0,19-APR-2021,
OPTSTK,RAMCOCEM,27-May-2021,1050,CE,0,0,0,56.15,26.2,0,0,0,0,19-APR-2021,
OPTSTK,RAMCOCEM,27-May-2021,1060,CE,0,0,0,52.75,23.45,0,0,0,0,19-APR-2021,
OPTSTK,RAMCOCEM,27-May-2021,1070,CE,0,0,0,49.5,21,0,0,0,0,19-APR-2021,
OPTSTK,RAMCOCEM,27-May-2021,1080,CE,0,0,0,46.45,18.7,0,0,0,0,19-APR-2021,
OPTSTK,RAMCOCEM,27-May-2021,1090,CE,0,0,0,43.5,16.6,0,0,0,0,19-APR-2021,
OPTSTK,RAMCOCEM,27-May-2021,1100,CE,0,0,0,40.75,14.75,0,0,0,0,19-APR-2021,
OPTSTK,RAMCOCEM,27-May-2021,1110,CE,0,0,0,38.15,13.05,0,0,0,0,19-APR-2021,
OPTSTK,RAMCOCEM,27-May-2021,1120,CE,0,0,0,35.7,11.5,0,0,0,0,19-APR-2021,
OPTSTK,RAMCOCEM,27-May-2021,1130,CE,0,0,0,33.4,10.15,0,0,0,0,19-APR-2021,
OPTSTK,RAMCOCEM,27-May-2021,1140,CE,0,0,0,31.2,8.9,0,0,0,0,19-APR-2021,
OPTSTK,RAMCOCEM,27-May-2021,1150,CE,0,0,0,29.1,7.8,0,0,0,0,19-APR-2021,
OPTSTK,RAMCOCEM,27-May-2021,1160,CE,0,0,0,27.1,6.85,0,0,0,0,19-APR-2021,
OPTSTK,RAMCOCEM,27-May-2021,1170,CE,0,0,0,25.3,6,0,0,0,0,19-APR-2021,
OPTSTK,RAMCOCEM,27-May-2021,1180,CE,0,0,0,23.55,5.2,0,0,0,0,19-APR-2021,
OPTSTK,RAMCOCEM,27-May-2021,1190,CE,0,0,0,21.9,4.55,0,0,0,0,19-APR-2021,
OPTSTK,RAMCOCEM,27-May-2021,1200,CE,0,0,0,20.4,3.95,0,0,0,0,19-APR-2021,
OPTSTK,RAMCOCEM,27-May-2021,1210,CE,0,0,0,18.95,3.4,0,0,0,0,19-APR-2021,
OPTSTK,RAMCOCEM,27-May-2021,1220,CE,0,0,0,17.6,2.95,0,0,0,0,19-APR-2021,
OPTSTK,RAMCOCEM,27-May-2021,1230,CE,0,0,0,16.35,2.55,0,0,0,0,19-APR-2021,
OPTSTK,RAMCOCEM,27-May-2021,1240,CE,0,0,0,15.2,2.2,0,0,0,0,19-APR-2021,
OPTSTK,RAMCOCEM,27-May-2021,1250,CE,0,0,0,14.1,1.9,0,0,0,0,19-APR-2021,
OPTSTK,RAMCOCEM,27-May-2021,1260,CE,0,0,0,13.05,1.6,0,0,0,0,19-APR-2021,
OPTSTK,RAMCOCEM,27-May-2021,1270,CE,0,0,0,12.1,1.4,0,0,0,0,19-APR-2021,
OPTSTK,RAMCOCEM,27-May-2021,1280,CE,0,0,0,11.2,1.2,0,0,0,0,19-APR-2021,
OPTSTK,RAMCOCEM,27-May-2021,640,PE,0,0,0,0.85,0.05,0,0,0,0,19-APR-2021,
OPTSTK,RAMCOCEM,27-May-2021,650,PE,0,0,0,1.05,0.05,0,0,0,0,19-APR-2021,
OPTSTK,RAMCOCEM,27-May-2021,660,PE,0,0,0,1.3,0.05,0,0,0,0,19-APR-2021,
OPTSTK,RAMCOCEM,27-May-2021,670,PE,0,0,0,1.6,0.05,0,0,0,0,19-APR-2021,
OPTSTK,RAMCOCEM,27-May-2021,680,PE,0,0,0,1.95,0.1,0,0,0,0,19-APR-2021,
OPTSTK,RAMCOCEM,27-May-2021,690,PE,0,0,0,2.35,0.1,0,0,0,0,19-APR-2021,
OPTSTK,RAMCOCEM,27-May-2021,700,PE,0,0,0,2.85,0.15,0,0,0,0,19-APR-2021,
OPTSTK,RAMCOCEM,27-May-2021,710,PE,0,0,0,3.35,0.25,0,0,0,0,19-APR-2021,
OPTSTK,RAMCOCEM,27-May-2021,720,PE,0,0,0,4,0.3,0,0,0,0,19-APR-2021,
OPTSTK,RAMCOCEM,27-May-2021,730,PE,0,0,0,4.7,0.4,0,0,0,0,19-APR-2021,
OPTSTK,RAMCOCEM,27-May-2021,740,PE,0,0,0,5.55,0.55,0,0,0,0,19-APR-2021,
OPTSTK,RAMCOCEM,27-May-2021,750,PE,0,0,0,6.45,0.75,0,0,0,0,19-APR-2021,
OPTSTK,RAMCOCEM,27-May-2021,760,PE,0,0,0,7.5,1,0,0,0,0,19-APR-2021,
OPTSTK,RAMCOCEM,27-May-2021,770,PE,0,0,0,8.65,1.3,0,0,0,0,19-APR-2021,
OPTSTK,RAMCOCEM,27-May-2021,780,PE,0,0,0,9.95,1.7,0,0,0,0,19-APR-2021,
OPTSTK,RAMCOCEM,27-May-2021,790,PE,0,0,0,11.35,2.15,0,0,0,0,19-APR-2021,
OPTSTK,RAMCOCEM,27-May-2021,800,PE,0,0,0,12.95,2.7,0,0,0,0,19-APR-2021,
OPTSTK,RAMCOCEM,27-May-2021,810,PE,0,0,0,14.65,3.4,0,0,0,0,19-APR-2021,
OPTSTK,RAMCOCEM,27-May-2021,820,PE,0,0,0,16.55,4.25,0,0,0,0,19-APR-2021,
OPTSTK,RAMCOCEM,27-May-2021,830,PE,0,0,0,18.6,5.2,0,0,0,0,19-APR-2021,
OPTSTK,RAMCOCEM,27-May-2021,840,PE,0,0,0,20.8,6.35,0,0,0,0,19-APR-2021,
OPTSTK,RAMCOCEM,27-May-2021,850,PE,0,0,0,23.2,7.7,0,0,0,0,19-APR-2021,
OPTSTK,RAMCOCEM,27-May-2021,860,PE,0,0,0,25.8,9.25,0,0,0,0,19-APR-2021,
OPTSTK,RAMCOCEM,27-May-2021,870,PE,0,0,0,28.55,11,0,0,0,0,19-APR-2021,
OPTSTK,RAMCOCEM,27-May-2021,880,PE,0,0,0,31.5,13,0,0,0,0,19-APR-2021,
OPTSTK,RAMCOCEM,27-May-2021,890,PE,0,0,0,34.65,15.2,0,0,0,0,19-APR-2021,
OPTSTK,RAMCOCEM,27-May-2021,900,PE,0,0,0,38,17.75,0,0,0,0,19-APR-2021,
OPTSTK,RAMCOCEM,27-May-2021,910,PE,0,0,0,41.55,20.55,0,0,0,0,19-APR-2021,
OPTSTK,RAMCOCEM,27-May-2021,920,PE,0,0,0,45.35,23.6,0,0,0,0,19-APR-2021,
OPTSTK,RAMCOCEM,27-May-2021,930,PE,0,0,0,49.3,26.95,0,0,0,0,19-APR-2021,
OPTSTK,RAMCOCEM,27-May-2021,940,PE,0,0,0,53.5,30.65,0,0,0,0,19-APR-2021,
OPTSTK,RAMCOCEM,27-May-2021,950,PE,0,0,0,57.85,34.65,0,0,0,0,19-APR-2021,
OPTSTK,RAMCOCEM,27-May-2021,960,PE,0,0,0,62.45,38.95,0,0,0,0,19-APR-2021,
OPTSTK,RAMCOCEM,27-May-2021,970,PE,0,0,0,67.25,43.6,0,0,0,0,19-APR-2021,
OPTSTK,RAMCOCEM,27-May-2021,980,PE,0,0,0,72.25,48.55,0,0,0,0,19-APR-2021,
OPTSTK,RAMCOCEM,27-May-2021,990,PE,0,0,0,77.4,53.8,0,0,0,0,19-APR-2021,
OPTSTK,RAMCOCEM,27-May-2021,1000,PE,0,0,0,82.8,59.35,0,0,0,0,19-APR-2021,
OPTSTK,RAMCOCEM,27-May-2021,1010,PE,0,0,0,88.4,65.2,0,0,0,0,19-APR-2021,
OPTSTK,RAMCOCEM,27-May-2021,1020,PE,0,0,0,94.15,71.35,0,0,0,0,19-APR-2021,
OPTSTK,RAMCOCEM,27-May-2021,1030,PE,0,0,0,100.15,77.8,0,0,0,0,19-APR-2021,
OPTSTK,RAMCOCEM,27-May-2021,1040,PE,0,0,0,106.25,84.5,0,0,0,0,19-APR-2021,
OPTSTK,RAMCOCEM,27-May-2021,1050,PE,0,0,0,112.6,91.5,0,0,0,0,19-APR-2021,
OPTSTK,RAMCOCEM,27-May-2021,1060,PE,0,0,0,119.1,98.7,0,0,0,0,19-APR-2021,
OPTSTK,RAMCOCEM,27-May-2021,1070,PE,0,0,0,125.75,106.2,0,0,0,0,19-APR-2021,
OPTSTK,RAMCOCEM,27-May-2021,1080,PE,0,0,0,132.6,113.9,0,0,0,0,19-APR-2021,
OPTSTK,RAMCOCEM,27-May-2021,1090,PE,0,0,0,139.55,121.75,0,0,0,0,19-APR-2021,
OPTSTK,RAMCOCEM,27-May-2021,1100,PE,0,0,0,146.7,129.85,0,0,0,0,19-APR-2021,
OPTSTK,RAMCOCEM,27-May-2021,1110,PE,0,0,0,154,138.1,0,0,0,0,19-APR-2021,
OPTSTK,RAMCOCEM,27-May-2021,1120,PE,0,0,0,161.5,146.55,0,0,0,0,19-APR-2021,
OPTSTK,RAMCOCEM,27-May-2021,1130,PE,0,0,0,169.05,155.15,0,0,0,0,19-APR-2021,
OPTSTK,RAMCOCEM,27-May-2021,1140,PE,0,0,0,176.8,163.9,0,0,0,0,19-APR-2021,
OPTSTK,RAMCOCEM,27-May-2021,1150,PE,0,0,0,184.6,172.75,0,0,0,0,19-APR-2021,
OPTSTK,RAMCOCEM,27-May-2021,1160,PE,0,0,0,192.55,181.75,0,0,0,0,19-APR-2021,
OPTSTK,RAMCOCEM,27-May-2021,1170,PE,0,0,0,200.6,190.8,0,0,0,0,19-APR-2021,
OPTSTK,RAMCOCEM,27-May-2021,1180,PE,0,0,0,208.75,200,0,0,0,0,19-APR-2021,
OPTSTK,RAMCOCEM,27-May-2021,1190,PE,0,0,0,217.05,209.3,0,0,0,0,19-APR-2021,
OPTSTK,RAMCOCEM,27-May-2021,1200,PE,0,0,0,225.45,218.65,0,0,0,0,19-APR-2021,
OPTSTK,RAMCOCEM,27-May-2021,1210,PE,0,0,0,233.9,228.1,0,0,0,0,19-APR-2021,
OPTSTK,RAMCOCEM,27-May-2021,1220,PE,0,0,0,242.45,237.6,0,0,0,0,19-APR-2021,
OPTSTK,RAMCOCEM,27-May-2021,1230,PE,0,0,0,251.1,247.15,0,0,0,0,19-APR-2021,
OPTSTK,RAMCOCEM,27-May-2021,1240,PE,0,0,0,259.85,256.75,0,0,0,0,19-APR-2021,
OPTSTK,RAMCOCEM,27-May-2021,1250,PE,0,0,0,268.65,266.4,0,0,0,0,19-APR-2021,
OPTSTK,RAMCOCEM,27-May-2021,1260,PE,0,0,0,277.55,276.1,0,0,0,0,19-APR-2021,
OPTSTK,RAMCOCEM,27-May-2021,1270,PE,0,0,0,286.5,285.85,0,0,0,0,19-APR-2021,
OPTSTK,RAMCOCEM,27-May-2021,1280,PE,0,0,0,295.5,295.6,0,0,0,0,19-APR-2021,
OPTSTK,RAMCOCEM,24-Jun-2021,640,CE,0,0,0,316.7,345.2,0,0,0,0,19-APR-2021,
OPTSTK,RAMCOCEM,24-Jun-2021,650,CE,0,0,0,307.1,335.35,0,0,0,0,19-APR-2021,
OPTSTK,RAMCOCEM,24-Jun-2021,660,CE,0,0,0,297.55,325.5,0,0,0,0,19-APR-2021,
OPTSTK,RAMCOCEM,24-Jun-2021,670,CE,0,0,0,288.05,315.7,0,0,0,0,19-APR-2021,
OPTSTK,RAMCOCEM,24-Jun-2021,680,CE,0,0,0,278.6,305.95,0,0,0,0,19-APR-2021,
OPTSTK,RAMCOCEM,24-Jun-2021,690,CE,0,0,0,269.25,296.2,0,0,0,0,19-APR-2021,
OPTSTK,RAMCOCEM,24-Jun-2021,700,CE,0,0,0,260,286.55,0,0,0,0,19-APR-2021,
OPTSTK,RAMCOCEM,24-Jun-2021,710,CE,0,0,0,250.85,276.9,0,0,0,0,19-APR-2021,
OPTSTK,RAMCOCEM,24-Jun-2021,720,CE,0,0,0,241.8,267.35,0,0,0,0,19-APR-2021,
OPTSTK,RAMCOCEM,24-Jun-2021,730,CE,0,0,0,232.85,257.8,0,0,0,0,19-APR-2021,
OPTSTK,RAMCOCEM,24-Jun-2021,740,CE,0,0,0,224,248.4,0,0,0,0,19-APR-2021,
OPTSTK,RAMCOCEM,24-Jun-2021,750,CE,0,0,0,215.3,239.05,0,0,0,0,19-APR-2021,
OPTSTK,RAMCOCEM,24-Jun-2021,760,CE,0,0,0,206.75,229.8,0,0,0,0,19-APR-2021,
OPTSTK,RAMCOCEM,24-Jun-2021,770,CE,0,0,0,198.35,220.7,0,0,0,0,19-APR-2021,
OPTSTK,RAMCOCEM,24-Jun-2021,780,CE,0,0,0,190.1,211.65,0,0,0,0,19-APR-2021,
OPTSTK,RAMCOCEM,24-Jun-2021,790,CE,0,0,0,182,202.8,0,0,0,0,19-APR-2021,
OPTSTK,RAMCOCEM,24-Jun-2021,800,CE,0,0,0,174.1,194.05,0,0,0,0,19-APR-2021,
OPTSTK,RAMCOCEM,24-Jun-2021,810,CE,0,0,0,166.35,185.45,0,0,0,0,19-APR-2021,
OPTSTK,RAMCOCEM,24-Jun-2021,820,CE,0,0,0,158.8,177,0,0,0,0,19-APR-2021,
OPTSTK,RAMCOCEM,24-Jun-2021,830,CE,0,0,0,151.45,168.75,0,0,0,0,19-APR-2021,
OPTSTK,RAMCOCEM,24-Jun-2021,840,CE,0,0,0,144.3,160.65,0,0,0,0,19-APR-2021,
OPTSTK,RAMCOCEM,24-Jun-2021,850,CE,0,0,0,137.3,152.75,0,0,0,0,19-APR-2021,
OPTSTK,RAMCOCEM,24-Jun-2021,860,CE,0,0,0,130.5,145.1,0,0,0,0,19-APR-2021,
OPTSTK,RAMCOCEM,24-Jun-2021,870,CE,0,0,0,123.95,137.6,0,0,0,0,19-APR-2021,
OPTSTK,RAMCOCEM,24-Jun-2021,880,CE,0,0,0,117.65,130.35,0,0,0,0,19-APR-2021,
OPTSTK,RAMCOCEM,24-Jun-2021,890,CE,0,0,0,111.5,123.3,0,0,0,0,19-APR-2021,
OPTSTK,RAMCOCEM,24-Jun-2021,900,CE,0,0,0,105.6,116.4,0,0,0,0,19-APR-2021,
OPTSTK,RAMCOCEM,24-Jun-2021,910,CE,0,0,0,99.9,109.85,0,0,0,0,19-APR-2021,
OPTSTK,RAMCOCEM,24-Jun-2021,920,CE,0,0,0,94.45,103.45,0,0,0,0,19-APR-2021,
OPTSTK,RAMCOCEM,24-Jun-2021,930,CE,0,0,0,89.15,97.35,0,0,0,0,19-APR-2021,
OPTSTK,RAMCOCEM,24-Jun-2021,940,CE,0,0,0,84.1,91.5,0,0,0,0,19-APR-2021,
OPTSTK,RAMCOCEM,24-Jun-2021,950,CE,0,0,0,79.25,85.85,0,0,0,0,19-APR-2021,
OPTSTK,RAMCOCEM,24-Jun-2021,960,CE,0,0,0,74.65,80.45,0,0,0,0,19-APR-2021,
OPTSTK,RAMCOCEM,24-Jun-2021,970,CE,0,0,0,70.2,75.3,0,0,0,0,19-APR-2021,
OPTSTK,RAMCOCEM,24-Jun-2021,980,CE,0,0,0,66,70.35,0,0,0,0,19-APR-2021,
OPTSTK,RAMCOCEM,24-Jun-2021,990,CE,0,0,0,61.95,65.7,0,0,0,0,19-APR-2021,
OPTSTK,RAMCOCEM,24-Jun-2021,1000,CE,0,0,0,58.15,61.25,0,0,0,0,19-APR-2021,
OPTSTK,RAMCOCEM,24-Jun-2021,1010,CE,0,0,0,54.5,57,0,0,0,0,19-APR-2021,
OPTSTK,RAMCOCEM,24-Jun-2021,1020,CE,0,0,0,51.05,53.05,0,0,0,0,19-APR-2021,
OPTSTK,RAMCOCEM,24-Jun-2021,1030,CE,0,0,0,47.75,49.25,0,0,0,0,19-APR-2021,
OPTSTK,RAMCOCEM,24-Jun-2021,1040,CE,0,0,0,44.65,45.7,0,0,0,0,19-APR-2021,
OPTSTK,RAMCOCEM,24-Jun-2021,1050,CE,0,0,0,41.7,42.3,0,0,0,0,19-APR-2021,
OPTSTK,RAMCOCEM,24-Jun-2021,1060,CE,0,0,0,38.9,39.15,0,0,0,0,19-APR-2021,
OPTSTK,RAMCOCEM,24-Jun-2021,1070,CE,0,0,0,36.3,36.2,0,0,0,0,19-APR-2021,
OPTSTK,RAMCOCEM,24-Jun-2021,1080,CE,0,0,0,33.9,33.4,0,0,0,0,19-APR-2021,
OPTSTK,RAMCOCEM,24-Jun-2021,1090,CE,0,0,0,31.55,30.85,0,0,0,0,19-APR-2021,
OPTSTK,RAMCOCEM,24-Jun-2021,1100,CE,0,0,0,29.35,28.45,0,0,0,0,19-APR-2021,
OPTSTK,RAMCOCEM,24-Jun-2021,1110,CE,0,0,0,27.3,26.15,0,0,0,0,19-APR-2021,
OPTSTK,RAMCOCEM,24-Jun-2021,1120,CE,0,0,0,25.35,24.05,0,0,0,0,19-APR-2021,
OPTSTK,RAMCOCEM,24-Jun-2021,1130,CE,0,0,0,23.55,22.05,0,0,0,0,19-APR-2021,
OPTSTK,RAMCOCEM,24-Jun-2021,1140,CE,0,0,0,21.85,20.25,0,0,0,0,19-APR-2021,
OPTSTK,RAMCOCEM,24-Jun-2021,1150,CE,0,0,0,20.25,18.55,0,0,0,0,19-APR-2021,
OPTSTK,RAMCOCEM,24-Jun-2021,1160,CE,0,0,0,18.75,16.95,0,0,0,0,19-APR-2021,
OPTSTK,RAMCOCEM,24-Jun-2021,1170,CE,0,0,0,17.4,15.5,0,0,0,0,19-APR-2021,
OPTSTK,RAMCOCEM,24-Jun-2021,1180,CE,0,0,0,16.1,14.15,0,0,0,0,19-APR-2021,
OPTSTK,RAMCOCEM,24-Jun-2021,1190,CE,0,0,0,14.85,12.9,0,0,0,0,19-APR-2021,
OPTSTK,RAMCOCEM,24-Jun-2021,1200,CE,0,0,0,13.75,11.8,0,0,0,0,19-APR-2021,
OPTSTK,RAMCOCEM,24-Jun-2021,1210,CE,0,0,0,12.7,10.75,0,0,0,0,19-APR-2021,
OPTSTK,RAMCOCEM,24-Jun-2021,1220,CE,0,0,0,11.7,9.75,0,0,0,0,19-APR-2021,
OPTSTK,RAMCOCEM,24-Jun-2021,1230,CE,0,0,0,10.8,8.85,0,0,0,0,19-APR-2021,
OPTSTK,RAMCOCEM,24-Jun-2021,1240,CE,0,0,0,9.95,8.05,0,0,0,0,19-APR-2021,
OPTSTK,RAMCOCEM,24-Jun-2021,1250,CE,0,0,0,9.2,7.3,0,0,0,0,19-APR-2021,
OPTSTK,RAMCOCEM,24-Jun-2021,1260,CE,0,0,0,8.45,6.65,0,0,0,0,19-APR-2021,
OPTSTK,RAMCOCEM,24-Jun-2021,1270,CE,0,0,0,7.8,6,0,0,0,0,19-APR-2021,
OPTSTK,RAMCOCEM,24-Jun-2021,1280,CE,0,0,0,7.15,5.45,0,0,0,0,19-APR-2021,
OPTSTK,RAMCOCEM,24-Jun-2021,640,PE,0,0,0,1.25,0.25,0,0,0,0,19-APR-2021,
OPTSTK,RAMCOCEM,24-Jun-2021,650,PE,0,0,0,1.55,0.35,0,0,0,0,19-APR-2021,
OPTSTK,RAMCOCEM,24-Jun-2021,660,PE,0,0,0,1.9,0.45,0,0,0,0,19-APR-2021,
OPTSTK,RAMCOCEM,24-Jun-2021,670,PE,0,0,0,2.3,0.6,0,0,0,0,19-APR-2021,
OPTSTK,RAMCOCEM,24-Jun-2021,680,PE,0,0,0,2.8,0.75,0,0,0,0,19-APR-2021,
OPTSTK,RAMCOCEM,24-Jun-2021,690,PE,0,0,0,3.35,0.95,0,0,0,0,19-APR-2021,
OPTSTK,RAMCOCEM,24-Jun-2021,700,PE,0,0,0,4,1.2,0,0,0,0,19-APR-2021,
OPTSTK,RAMCOCEM,24-Jun-2021,710,PE,0,0,0,4.75,1.5,0,0,0,0,19-APR-2021,
OPTSTK,RAMCOCEM,24-Jun-2021,720,PE,0,0,0,5.6,1.85,0,0,0,0,19-APR-2021,
OPTSTK,RAMCOCEM,24-Jun-2021,730,PE,0,0,0,6.55,2.3,0,0,0,0,19-APR-2021,
OPTSTK,RAMCOCEM,24-Jun-2021,740,PE,0,0,0,7.6,2.8,0,0,0,0,19-APR-2021,
OPTSTK,RAMCOCEM,24-Jun-2021,750,PE,0,0,0,8.85,3.4,0,0,0,0,19-APR-2021,
OPTSTK,RAMCOCEM,24-Jun-2021,760,PE,0,0,0,10.2,4.1,0,0,0,0,19-APR-2021,
OPTSTK,RAMCOCEM,24-Jun-2021,770,PE,0,0,0,11.7,4.9,0,0,0,0,19-APR-2021,
OPTSTK,RAMCOCEM,24-Jun-2021,780,PE,0,0,0,13.35,5.8,0,0,0,0,19-APR-2021,
OPTSTK,RAMCOCEM,24-Jun-2021,790,PE,0,0,0,15.15,6.85,0,0,0,0,19-APR-2021,
OPTSTK,RAMCOCEM,24-Jun-2021,800,PE,0,0,0,17.15,8.05,0,0,0,0,19-APR-2021,
OPTSTK,RAMCOCEM,24-Jun-2021,810,PE,0,0,0,19.3,9.35,0,0,0,0,19-APR-2021,
OPTSTK,RAMCOCEM,24-Jun-2021,820,PE,0,0,0,21.65,10.85,0,0,0,0,19-APR-2021,
OPTSTK,RAMCOCEM,24-Jun-2021,830,PE,0,0,0,24.25,12.55,0,0,0,0,19-APR-2021,
OPTSTK,RAMCOCEM,24-Jun-2021,840,PE,0,0,0,26.95,14.4,0,0,0,0,19-APR-2021,
OPTSTK,RAMCOCEM,24-Jun-2021,850,PE,0,0,0,29.9,16.45,0,0,0,0,19-APR-2021,
OPTSTK,RAMCOCEM,24-Jun-2021,860,PE,0,0,0,33,18.65,0,0,0,0,19-APR-2021,
OPTSTK,RAMCOCEM,24-Jun-2021,870,PE,0,0,0,36.35,21.15,0,0,0,0,19-APR-2021,
OPTSTK,RAMCOCEM,24-Jun-2021,880,PE,0,0,0,39.95,23.8,0,0,0,0,19-APR-2021,
OPTSTK,RAMCOCEM,24-Jun-2021,890,PE,0,0,0,43.75,26.65,0,0,0,0,19-APR-2021,
OPTSTK,RAMCOCEM,24-Jun-2021,900,PE,0,0,0,47.75,29.75,0,0,0,0,19-APR-2021,
OPTSTK,RAMCOCEM,24-Jun-2021,910,PE,0,0,0,51.95,33.1,0,0,0,0,19-APR-2021,
OPTSTK,RAMCOCEM,24-Jun-2021,920,PE,0,0,0,56.35,36.65,0,0,0,0,19-APR-2021,
OPTSTK,RAMCOCEM,24-Jun-2021,930,PE,0,0,0,61,40.45,0,0,0,0,19-APR-2021,
OPTSTK,RAMCOCEM,24-Jun-2021,940,PE,0,0,0,65.85,44.5,0,0,0,0,19-APR-2021,
OPTSTK,RAMCOCEM,24-Jun-2021,950,PE,0,0,0,70.95,48.8,0,0,0,0,19-APR-2021,
OPTSTK,RAMCOCEM,24-Jun-2021,960,PE,0,0,0,76.2,53.35,0,0,0,0,19-APR-2021,
OPTSTK,RAMCOCEM,24-Jun-2021,970,PE,0,0,0,81.7,58.15,0,0,0,0,19-APR-2021,
OPTSTK,RAMCOCEM,24-Jun-2021,980,PE,0,0,0,87.35,63.15,0,0,0,0,19-APR-2021,
OPTSTK,RAMCOCEM,24-Jun-2021,990,PE,0,0,0,93.25,68.4,0,0,0,0,19-APR-2021,
OPTSTK,RAMCOCEM,24-Jun-2021,1000,PE,0,0,0,99.35,73.9,0,0,0,0,19-APR-2021,
OPTSTK,RAMCOCEM,24-Jun-2021,1010,PE,0,0,0,105.6,79.6,0,0,0,0,19-APR-2021,
OPTSTK,RAMCOCEM,24-Jun-2021,1020,PE,0,0,0,112.05,85.55,0,0,0,0,19-APR-2021,
OPTSTK,RAMCOCEM,24-Jun-2021,1030,PE,0,0,0,118.65,91.7,0,0,0,0,19-APR-2021,
OPTSTK,RAMCOCEM,24-Jun-2021,1040,PE,0,0,0,125.45,98.05,0,0,0,0,19-APR-2021,
OPTSTK,RAMCOCEM,24-Jun-2021,1050,PE,0,0,0,132.45,104.65,0,0,0,0,19-APR-2021,
OPTSTK,RAMCOCEM,24-Jun-2021,1060,PE,0,0,0,139.55,111.4,0,0,0,0,19-APR-2021,
OPTSTK,RAMCOCEM,24-Jun-2021,1070,PE,0,0,0,146.85,118.35,0,0,0,0,19-APR-2021,
OPTSTK,RAMCOCEM,24-Jun-2021,1080,PE,0,0,0,154.35,125.5,0,0,0,0,19-APR-2021,
OPTSTK,RAMCOCEM,24-Jun-2021,1090,PE,0,0,0,161.9,132.9,0,0,0,0,19-APR-2021,
OPTSTK,RAMCOCEM,24-Jun-2021,1100,PE,0,0,0,169.65,140.4,0,0,0,0,19-APR-2021,
OPTSTK,RAMCOCEM,24-Jun-2021,1110,PE,0,0,0,177.5,148.05,0,0,0,0,19-APR-2021,
OPTSTK,RAMCOCEM,24-Jun-2021,1120,PE,0,0,0,185.45,155.9,0,0,0,0,19-APR-2021,
OPTSTK,RAMCOCEM,24-Jun-2021,1130,PE,0,0,0,193.55,163.8,0,0,0,0,19-APR-2021,
OPTSTK,RAMCOCEM,24-Jun-2021,1140,PE,0,0,0,201.75,171.9,0,0,0,0,19-APR-2021,
OPTSTK,RAMCOCEM,24-Jun-2021,1150,PE,0,0,0,210.05,180.15,0,0,0,0,19-APR-2021,
OPTSTK,RAMCOCEM,24-Jun-2021,1160,PE,0,0,0,218.45,188.5,0,0,0,0,19-APR-2021,
OPTSTK,RAMCOCEM,24-Jun-2021,1170,PE,0,0,0,227,197,0,0,0,0,19-APR-2021,
OPTSTK,RAMCOCEM,24-Jun-2021,1180,PE,0,0,0,235.6,205.6,0,0,0,0,19-APR-2021,
OPTSTK,RAMCOCEM,24-Jun-2021,1190,PE,0,0,0,244.3,214.3,0,0,0,0,19-APR-2021,
OPTSTK,RAMCOCEM,24-Jun-2021,1200,PE,0,0,0,253.1,223.05,0,0,0,0,19-APR-2021,
OPTSTK,RAMCOCEM,24-Jun-2021,1210,PE,0,0,0,261.95,231.95,0,0,0,0,19-APR-2021,
OPTSTK,RAMCOCEM,24-Jun-2021,1220,PE,0,0,0,270.85,240.9,0,0,0,0,19-APR-2021,
OPTSTK,RAMCOCEM,24-Jun-2021,1230,PE,0,0,0,279.85,249.95,0,0,0,0,19-APR-2021,
OPTSTK,RAMCOCEM,24-Jun-2021,1240,PE,0,0,0,288.95,259.1,0,0,0,0,19-APR-2021,
OPTSTK,RAMCOCEM,24-Jun-2021,1250,PE,0,0,0,298.05,268.25,0,0,0,0,19-APR-2021,
OPTSTK,RAMCOCEM,24-Jun-2021,1260,PE,0,0,0,307.25,277.5,0,0,0,0,19-APR-2021,
OPTSTK,RAMCOCEM,24-Jun-2021,1270,PE,0,0,0,316.45,286.8,0,0,0,0,19-APR-2021,
OPTSTK,RAMCOCEM,24-Jun-2021,1280,PE,0,0,0,325.75,296.2,0,0,0,0,19-APR-2021,
OPTSTK,RBLBANK,29-Apr-2021,140,CE,0,0,0,80.65,36,0,0,0,0,19-APR-2021,
OPTSTK,RBLBANK,29-Apr-2021,145,CE,0,0,0,76.6,31.25,0,0,0,0,19-APR-2021,
OPTSTK,RBLBANK,29-Apr-2021,150,CE,27.4,27.4,27.4,27.4,27.4,1,5.14,2900,2900,19-APR-2021,
OPTSTK,RBLBANK,29-Apr-2021,155,CE,0,0,0,68.95,22.4,0,0,0,0,19-APR-2021,
OPTSTK,RBLBANK,29-Apr-2021,160,CE,18,19,17.35,18.55,18.55,12,62.04,29000,23200,19-APR-2021,
OPTSTK,RBLBANK,29-Apr-2021,165,CE,14,14,14,14,14.85,1,5.19,2900,2900,19-APR-2021,
OPTSTK,RBLBANK,29-Apr-2021,170,CE,12.55,12.6,9.75,11.25,11.25,170,892.59,136300,118900,19-APR-2021,
OPTSTK,RBLBANK,29-Apr-2021,175,CE,10,10,7.15,8.2,8.2,649,3446.7,385700,379900,19-APR-2021,
OPTSTK,RBLBANK,29-Apr-2021,180,CE,6.5,7.1,5.1,5.9,5.9,1504,8108.7,1070100,899000,19-APR-2021,
OPTSTK,RBLBANK,29-Apr-2021,185,CE,3.4,5.1,3.4,4.05,4.05,526,2884.62,507500,324800,19-APR-2021,
OPTSTK,RBLBANK,29-Apr-2021,190,CE,3.3,3.8,2.55,2.85,2.85,1103,6172.89,1458700,232000,19-APR-2021,
OPTSTK,RBLBANK,29-Apr-2021,195,CE,1.8,2.5,1.8,2,2,406,2320.53,629300,75400,19-APR-2021,
OPTSTK,RBLBANK,29-Apr-2021,200,CE,2.1,2.25,1.3,1.45,1.45,1146,6696.53,2067700,258100,19-APR-2021,
OPTSTK,RBLBANK,29-Apr-2021,205,CE,0.9,1.3,0.9,1.05,1.05,277,1655.69,417600,-34800,19-APR-2021,
OPTSTK,RBLBANK,29-Apr-2021,210,CE,1.55,1.55,0.7,0.85,0.85,620,3791.87,1902400,145000,19-APR-2021,
OPTSTK,RBLBANK,29-Apr-2021,215,CE,0.5,0.85,0.5,0.65,0.65,199,1244.66,806200,-14500,19-APR-2021,
OPTSTK,RBLBANK,29-Apr-2021,220,CE,0.8,1.15,0.5,0.55,0.55,473,3026.28,2096700,-145000,19-APR-2021,
OPTSTK,RBLBANK,29-Apr-2021,225,CE,0.45,0.6,0.4,0.45,0.45,74,483.92,849700,-89900,19-APR-2021,
OPTSTK,RBLBANK,29-Apr-2021,230,CE,0.65,0.65,0.35,0.4,0.4,156,1042.59,1342700,-179800,19-APR-2021,
OPTSTK,RBLBANK,29-Apr-2021,235,CE,1.65,1.65,0.3,0.45,0.1,26,177.53,159500,-17400,19-APR-2021,
OPTSTK,RBLBANK,29-Apr-2021,240,CE,0.45,0.55,0.35,0.4,0.4,96,669.24,1186100,-37700,19-APR-2021,
OPTSTK,RBLBANK,29-Apr-2021,245,CE,0,0,0,0.6,0.05,0,0,145000,0,19-APR-2021,
OPTSTK,RBLBANK,29-Apr-2021,250,CE,0.4,0.4,0.25,0.35,0.35,103,747.75,1464500,-145000,19-APR-2021,
OPTSTK,RBLBANK,29-Apr-2021,255,CE,0,0,0,0.5,0.05,0,0,40600,0,19-APR-2021,
OPTSTK,RBLBANK,29-Apr-2021,260,CE,0.25,0.3,0.25,0.25,0.25,29,218.89,464000,-55100,19-APR-2021,
OPTSTK,RBLBANK,29-Apr-2021,265,CE,0,0,0,1.2,0,0,0,2900,0,19-APR-2021,
OPTSTK,RBLBANK,29-Apr-2021,270,CE,0.2,0.3,0.2,0.25,0,12,94.04,203000,-17400,19-APR-2021,
OPTSTK,RBLBANK,29-Apr-2021,275,CE,0.25,0.25,0.25,0.25,0,1,7.98,11600,0,19-APR-2021,
OPTSTK,RBLBANK,29-Apr-2021,280,CE,0.3,0.35,0.3,0.35,0,2,16.25,52200,0,19-APR-2021,
OPTSTK,RBLBANK,29-Apr-2021,285,CE,0,0,0,13.5,0,0,0,0,0,19-APR-2021,
OPTSTK,RBLBANK,29-Apr-2021,290,CE,0.3,0.3,0.2,0.2,0,4,33.67,55100,-2900,19-APR-2021,
OPTSTK,RBLBANK,29-Apr-2021,295,CE,0,0,0,11.8,0,0,0,0,0,19-APR-2021,
OPTSTK,RBLBANK,29-Apr-2021,300,CE,0.15,0.2,0.15,0.15,0,8,69.64,110200,-2900,19-APR-2021,
OPTSTK,RBLBANK,29-Apr-2021,305,CE,0,0,0,10.25,0,0,0,0,0,19-APR-2021,
OPTSTK,RBLBANK,29-Apr-2021,310,CE,0,0,0,9.6,0,0,0,0,0,19-APR-2021,
OPTSTK,RBLBANK,29-Apr-2021,315,CE,0,0,0,0.15,0,0,0,2900,0,19-APR-2021,
OPTSTK,RBLBANK,29-Apr-2021,140,PE,0.55,1.45,0.2,0.7,0.7,115,470.05,182700,121800,19-APR-2021,
OPTSTK,RBLBANK,29-Apr-2021,145,PE,0,0,0,5.25,0.55,0,0,0,0,19-APR-2021,
OPTSTK,RBLBANK,29-Apr-2021,150,PE,2.1,2.45,1.25,1.3,1.3,495,2177.21,385700,191400,19-APR-2021,
OPTSTK,RBLBANK,29-Apr-2021,155,PE,2.95,2.95,1.65,1.7,1.7,55,250.5,89900,81200,19-APR-2021,
OPTSTK,RBLBANK,29-Apr-2021,160,PE,1.9,4.85,1.9,2.4,2.4,810,3830.05,487200,121800,19-APR-2021,
OPTSTK,RBLBANK,29-Apr-2021,165,PE,3,5.4,3,3.5,3.5,356,1746.66,371200,130500,19-APR-2021,
OPTSTK,RBLBANK,29-Apr-2021,170,PE,4.8,7.25,4.1,5.05,5.05,1257,6407.99,759800,214600,19-APR-2021,
OPTSTK,RBLBANK,29-Apr-2021,175,PE,5.85,9.6,5.85,7.15,7.15,592,3138.49,406000,159500,19-APR-2021,
OPTSTK,RBLBANK,29-Apr-2021,180,PE,7.9,12.25,7.9,9.8,9.8,844,4656.45,930900,-443700,19-APR-2021,
OPTSTK,RBLBANK,29-Apr-2021,185,PE,11.8,15.65,10.95,12.75,12.75,188,1081.62,388600,-121800,19-APR-2021,
OPTSTK,RBLBANK,29-Apr-2021,190,PE,13.7,19.5,13.7,16.65,16.65,221,1329.15,861300,-176900,19-APR-2021,
OPTSTK,RBLBANK,29-Apr-2021,195,PE,21.5,23,19.75,20.5,20.5,13,81.52,275500,-23200,19-APR-2021,
OPTSTK,RBLBANK,29-Apr-2021,200,PE,24.4,27.65,23.5,25.3,25.3,76,497.89,1310800,-5800,19-APR-2021,
OPTSTK,RBLBANK,29-Apr-2021,205,PE,28,32.5,28,30,30,17,116.17,246500,-17400,19-APR-2021,
OPTSTK,RBLBANK,29-Apr-2021,210,PE,32.2,45.7,32.2,34.8,34.8,34,242.38,725000,-63800,19-APR-2021,
OPTSTK,RBLBANK,29-Apr-2021,215,PE,39.35,42,39.35,41,39.75,8,59.38,165300,-20300,19-APR-2021,
OPTSTK,RBLBANK,29-Apr-2021,220,PE,52.3,52.3,43.95,44.5,44.55,13,100.43,484300,-23200,19-APR-2021,
OPTSTK,RBLBANK,29-Apr-2021,225,PE,50.2,50.2,50.2,50.2,49.4,1,7.98,63800,-2900,19-APR-2021,
OPTSTK,RBLBANK,29-Apr-2021,230,PE,0,0,0,39.9,54.3,0,0,176900,0,19-APR-2021,
OPTSTK,RBLBANK,29-Apr-2021,235,PE,0,0,0,23.4,59.25,0,0,34800,0,19-APR-2021,
OPTSTK,RBLBANK,29-Apr-2021,240,PE,64.5,66.7,64.5,66.7,64.25,2,17.72,87000,-2900,19-APR-2021,
OPTSTK,RBLBANK,29-Apr-2021,245,PE,0,0,0,50.75,69.2,0,0,0,0,19-APR-2021,
OPTSTK,RBLBANK,29-Apr-2021,250,PE,0,0,0,63.2,74.2,0,0,113100,0,19-APR-2021,
OPTSTK,RBLBANK,29-Apr-2021,255,PE,0,0,0,57.8,79.2,0,0,0,0,19-APR-2021,
OPTSTK,RBLBANK,29-Apr-2021,260,PE,0,0,0,56,84.15,0,0,11600,0,19-APR-2021,
OPTSTK,RBLBANK,29-Apr-2021,265,PE,0,0,0,65.15,89.15,0,0,0,0,19-APR-2021,
OPTSTK,RBLBANK,29-Apr-2021,270,PE,0,0,0,69,94.15,0,0,0,0,19-APR-2021,
OPTSTK,RBLBANK,29-Apr-2021,275,PE,0,0,0,72.85,99.15,0,0,0,0,19-APR-2021,
OPTSTK,RBLBANK,29-Apr-2021,280,PE,0,0,0,76.8,104.15,0,0,0,0,19-APR-2021,
OPTSTK,RBLBANK,29-Apr-2021,285,PE,0,0,0,80.8,109.15,0,0,0,0,19-APR-2021,
OPTSTK,RBLBANK,29-Apr-2021,290,PE,0,0,0,84.9,114.15,0,0,0,0,19-APR-2021,
OPTSTK,RBLBANK,29-Apr-2021,295,PE,0,0,0,89,119.15,0,0,0,0,19-APR-2021,
OPTSTK,RBLBANK,29-Apr-2021,300,PE,0,0,0,93.2,124.1,0,0,0,0,19-APR-2021,
OPTSTK,RBLBANK,29-Apr-2021,305,PE,0,0,0,97.4,129.1,0,0,0,0,19-APR-2021,
OPTSTK,RBLBANK,29-Apr-2021,310,PE,0,0,0,101.65,134.1,0,0,0,0,19-APR-2021,
OPTSTK,RBLBANK,29-Apr-2021,315,PE,0,0,0,106,139.1,0,0,0,0,19-APR-2021,
OPTSTK,RBLBANK,27-May-2021,140,CE,0,0,0,99.25,39.6,0,0,0,0,19-APR-2021,
OPTSTK,RBLBANK,27-May-2021,145,CE,0,0,0,94.9,35.7,0,0,0,0,19-APR-2021,
OPTSTK,RBLBANK,27-May-2021,150,CE,0,0,0,103.3,32.05,0,0,0,0,19-APR-2021,
OPTSTK,RBLBANK,27-May-2021,155,CE,0,0,0,99,28.65,0,0,0,0,19-APR-2021,
OPTSTK,RBLBANK,27-May-2021,160,CE,0,0,0,94.8,25.5,0,0,0,0,19-APR-2021,
OPTSTK,RBLBANK,27-May-2021,165,CE,0,0,0,90.7,22.55,0,0,0,0,19-APR-2021,
OPTSTK,RBLBANK,27-May-2021,170,CE,0,0,0,86.7,19.9,0,0,0,0,19-APR-2021,
OPTSTK,RBLBANK,27-May-2021,175,CE,0,0,0,82.8,17.45,0,0,0,0,19-APR-2021,
OPTSTK,RBLBANK,27-May-2021,180,CE,12,12.4,11,11.75,11.75,87,483.39,168200,168200,19-APR-2021,
OPTSTK,RBLBANK,27-May-2021,185,CE,10.7,10.7,9,10,13.3,3,16.95,8700,2900,19-APR-2021,
OPTSTK,RBLBANK,27-May-2021,190,CE,8,9,8,8.5,8.5,2,11.51,5800,5800,19-APR-2021,
OPTSTK,RBLBANK,27-May-2021,195,CE,0,0,0,68.3,9.95,0,0,0,0,19-APR-2021,
OPTSTK,RBLBANK,27-May-2021,200,CE,6.8,7,5.3,5.7,5.7,249,1486.54,655400,316100,19-APR-2021,
OPTSTK,RBLBANK,27-May-2021,205,CE,0,0,0,61.8,7.4,0,0,0,0,19-APR-2021,
OPTSTK,RBLBANK,27-May-2021,210,CE,0,0,0,58.7,6.35,0,0,0,0,19-APR-2021,
OPTSTK,RBLBANK,27-May-2021,215,CE,0,0,0,55.75,5.4,0,0,0,0,19-APR-2021,
OPTSTK,RBLBANK,27-May-2021,220,CE,2.75,3.2,2.75,3.05,3.05,15,96.95,29000,23200,19-APR-2021,
OPTSTK,RBLBANK,27-May-2021,225,CE,0,0,0,5,3.9,0,0,5800,0,19-APR-2021,
OPTSTK,RBLBANK,27-May-2021,230,CE,2,2.5,2,2.5,3.3,2,13.47,5800,5800,19-APR-2021,
OPTSTK,RBLBANK,27-May-2021,235,CE,0,0,0,45.05,2.8,0,0,0,0,19-APR-2021,
OPTSTK,RBLBANK,27-May-2021,240,CE,1.35,2,1.35,1.95,2.35,16,112.12,162400,20300,19-APR-2021,
OPTSTK,RBLBANK,27-May-2021,245,CE,0,0,0,40.35,2,0,0,0,0,19-APR-2021,
OPTSTK,RBLBANK,27-May-2021,250,CE,1.5,1.5,1.5,1.5,1.7,1,7.29,14500,2900,19-APR-2021,
OPTSTK,RBLBANK,27-May-2021,255,CE,0,0,0,4.1,1.4,0,0,0,0,19-APR-2021,
OPTSTK,RBLBANK,27-May-2021,260,CE,0,0,0,34.1,1.2,0,0,0,0,19-APR-2021,
OPTSTK,RBLBANK,27-May-2021,265,CE,0,0,0,32.25,1,0,0,0,0,19-APR-2021,
OPTSTK,RBLBANK,27-May-2021,270,CE,0,0,0,30.45,0.85,0,0,0,0,19-APR-2021,
OPTSTK,RBLBANK,27-May-2021,275,CE,0,0,0,28.75,0.7,0,0,0,0,19-APR-2021,
OPTSTK,RBLBANK,27-May-2021,280,CE,0,0,0,27.15,0.6,0,0,0,0,19-APR-2021,
OPTSTK,RBLBANK,27-May-2021,285,CE,0,0,0,0.8,0.5,0,0,5800,0,19-APR-2021,
OPTSTK,RBLBANK,27-May-2021,290,CE,0,0,0,24.15,0.4,0,0,0,0,19-APR-2021,
OPTSTK,RBLBANK,27-May-2021,295,CE,0,0,0,22.75,0.35,0,0,0,0,19-APR-2021,
OPTSTK,RBLBANK,27-May-2021,300,CE,0,0,0,21.45,0.3,0,0,0,0,19-APR-2021,
OPTSTK,RBLBANK,27-May-2021,305,CE,0,0,0,20.25,0.25,0,0,0,0,19-APR-2021,
OPTSTK,RBLBANK,27-May-2021,310,CE,0,0,0,19.1,0.2,0,0,0,0,19-APR-2021,
OPTSTK,RBLBANK,27-May-2021,315,CE,0,0,0,17.95,0.15,0,0,0,0,19-APR-2021,
OPTSTK,RBLBANK,27-May-2021,140,PE,0,0,0,2.4,3.45,0,0,0,0,19-APR-2021,
OPTSTK,RBLBANK,27-May-2021,145,PE,0,0,0,3,4.55,0,0,0,0,19-APR-2021,
OPTSTK,RBLBANK,27-May-2021,150,PE,3.5,3.9,3.5,3.8,3.8,13,57.97,31900,29000,19-APR-2021,
OPTSTK,RBLBANK,27-May-2021,155,PE,0,0,0,3.6,7.45,0,0,0,0,19-APR-2021,
OPTSTK,RBLBANK,27-May-2021,160,PE,6.6,7.15,5.6,6.2,6.2,124,598.55,197200,95700,19-APR-2021,
OPTSTK,RBLBANK,27-May-2021,165,PE,0,0,0,5.2,11.3,0,0,0,0,19-APR-2021,
OPTSTK,RBLBANK,27-May-2021,170,PE,10,11.3,9.25,9.9,9.9,53,276.94,133400,81200,19-APR-2021,
OPTSTK,RBLBANK,27-May-2021,175,PE,0,0,0,7.2,16.2,0,0,0,0,19-APR-2021,
OPTSTK,RBLBANK,27-May-2021,180,PE,13.85,16.8,11,14.65,14.65,55,311.42,324800,43500,19-APR-2021,
OPTSTK,RBLBANK,27-May-2021,185,PE,0,0,0,9.65,21.95,0,0,0,0,19-APR-2021,
OPTSTK,RBLBANK,27-May-2021,190,PE,21.85,22.2,21.85,22.2,25.2,2,12.29,113100,0,19-APR-2021,
OPTSTK,RBLBANK,27-May-2021,195,PE,0,0,0,12.55,28.6,0,0,0,0,19-APR-2021,
OPTSTK,RBLBANK,27-May-2021,200,PE,29.45,32.5,27.95,32.5,32.2,33,219.93,606100,8700,19-APR-2021,
OPTSTK,RBLBANK,27-May-2021,205,PE,0,0,0,15.95,36,0,0,0,0,19-APR-2021,
OPTSTK,RBLBANK,27-May-2021,210,PE,39,39,39,39,39.9,1,7.22,5800,0,19-APR-2021,
OPTSTK,RBLBANK,27-May-2021,215,PE,0,0,0,19.8,43.95,0,0,0,0,19-APR-2021,
OPTSTK,RBLBANK,27-May-2021,220,PE,0,0,0,21.9,48.15,0,0,0,0,19-APR-2021,
OPTSTK,RBLBANK,27-May-2021,225,PE,0,0,0,24.1,52.45,0,0,0,0,19-APR-2021,
OPTSTK,RBLBANK,27-May-2021,230,PE,0,0,0,26.45,56.8,0,0,0,0,19-APR-2021,
OPTSTK,RBLBANK,27-May-2021,235,PE,0,0,0,28.9,61.3,0,0,0,0,19-APR-2021,
OPTSTK,RBLBANK,27-May-2021,240,PE,0,0,0,31.45,65.85,0,0,0,0,19-APR-2021,
OPTSTK,RBLBANK,27-May-2021,245,PE,0,0,0,34.1,70.45,0,0,0,0,19-APR-2021,
OPTSTK,RBLBANK,27-May-2021,250,PE,0,0,0,36.9,75.1,0,0,0,0,19-APR-2021,
OPTSTK,RBLBANK,27-May-2021,255,PE,0,0,0,39.75,79.8,0,0,0,0,19-APR-2021,
OPTSTK,RBLBANK,27-May-2021,260,PE,0,0,0,42.75,84.55,0,0,0,0,19-APR-2021,
OPTSTK,RBLBANK,27-May-2021,265,PE,0,0,0,45.8,89.35,0,0,0,0,19-APR-2021,
OPTSTK,RBLBANK,27-May-2021,270,PE,0,0,0,49,94.2,0,0,0,0,19-APR-2021,
OPTSTK,RBLBANK,27-May-2021,275,PE,0,0,0,52.25,99,0,0,0,0,19-APR-2021,
OPTSTK,RBLBANK,27-May-2021,280,PE,0,0,0,55.55,103.9,0,0,0,0,19-APR-2021,
OPTSTK,RBLBANK,27-May-2021,285,PE,0,0,0,59,108.8,0,0,0,0,19-APR-2021,
OPTSTK,RBLBANK,27-May-2021,290,PE,0,0,0,62.5,113.7,0,0,0,0,19-APR-2021,
OPTSTK,RBLBANK,27-May-2021,295,PE,0,0,0,66.05,118.6,0,0,0,0,19-APR-2021,
OPTSTK,RBLBANK,27-May-2021,300,PE,0,0,0,69.7,123.5,0,0,0,0,19-APR-2021,
OPTSTK,RBLBANK,27-May-2021,305,PE,0,0,0,73.45,128.45,0,0,0,0,19-APR-2021,
OPTSTK,RBLBANK,27-May-2021,310,PE,0,0,0,77.25,133.4,0,0,0,0,19-APR-2021,
OPTSTK,RBLBANK,27-May-2021,315,PE,0,0,0,81.1,138.35,0,0,0,0,19-APR-2021,
OPTSTK,RBLBANK,24-Jun-2021,140,CE,0,0,0,75.55,43.2,0,0,0,0,19-APR-2021,
OPTSTK,RBLBANK,24-Jun-2021,145,CE,0,0,0,71.55,39.75,0,0,0,0,19-APR-2021,
OPTSTK,RBLBANK,24-Jun-2021,150,CE,0,0,0,67.65,36.5,0,0,0,0,19-APR-2021,
OPTSTK,RBLBANK,24-Jun-2021,155,CE,0,0,0,63.9,33.4,0,0,0,0,19-APR-2021,
OPTSTK,RBLBANK,24-Jun-2021,160,CE,0,0,0,60.3,30.5,0,0,0,0,19-APR-2021,
OPTSTK,RBLBANK,24-Jun-2021,165,CE,0,0,0,56.8,27.8,0,0,0,0,19-APR-2021,
OPTSTK,RBLBANK,24-Jun-2021,170,CE,0,0,0,53.45,25.3,0,0,0,0,19-APR-2021,
OPTSTK,RBLBANK,24-Jun-2021,175,CE,0,0,0,50.3,23,0,0,0,0,19-APR-2021,
OPTSTK,RBLBANK,24-Jun-2021,180,CE,0,0,0,47.25,20.85,0,0,0,0,19-APR-2021,
OPTSTK,RBLBANK,24-Jun-2021,185,CE,0,0,0,44.35,18.85,0,0,0,0,19-APR-2021,
OPTSTK,RBLBANK,24-Jun-2021,190,CE,0,0,0,41.55,17.05,0,0,0,0,19-APR-2021,
OPTSTK,RBLBANK,24-Jun-2021,195,CE,0,0,0,38.95,15.4,0,0,0,0,19-APR-2021,
OPTSTK,RBLBANK,24-Jun-2021,200,CE,0,0,0,36.45,13.85,0,0,0,0,19-APR-2021,
OPTSTK,RBLBANK,24-Jun-2021,205,CE,0,0,0,34.1,12.5,0,0,0,0,19-APR-2021,
OPTSTK,RBLBANK,24-Jun-2021,210,CE,0,0,0,31.9,11.2,0,0,0,0,19-APR-2021,
OPTSTK,RBLBANK,24-Jun-2021,215,CE,0,0,0,20,10.1,0,0,5800,0,19-APR-2021,
OPTSTK,RBLBANK,24-Jun-2021,220,CE,0,0,0,27.8,9.05,0,0,0,0,19-APR-2021,
OPTSTK,RBLBANK,24-Jun-2021,225,CE,0,0,0,25.95,8.1,0,0,0,0,19-APR-2021,
OPTSTK,RBLBANK,24-Jun-2021,230,CE,0,0,0,24.2,7.25,0,0,0,0,19-APR-2021,
OPTSTK,RBLBANK,24-Jun-2021,235,CE,0,0,0,22.55,6.5,0,0,0,0,19-APR-2021,
OPTSTK,RBLBANK,24-Jun-2021,240,CE,0,0,0,21,5.8,0,0,0,0,19-APR-2021,
OPTSTK,RBLBANK,24-Jun-2021,245,CE,0,0,0,19.55,5.2,0,0,0,0,19-APR-2021,
OPTSTK,RBLBANK,24-Jun-2021,250,CE,0,0,0,18.2,4.65,0,0,0,0,19-APR-2021,
OPTSTK,RBLBANK,24-Jun-2021,255,CE,0,0,0,5.25,4.15,0,0,0,0,19-APR-2021,
OPTSTK,RBLBANK,24-Jun-2021,260,CE,0,0,0,15.75,3.7,0,0,0,0,19-APR-2021,
OPTSTK,RBLBANK,24-Jun-2021,265,CE,0,0,0,14.65,3.3,0,0,0,0,19-APR-2021,
OPTSTK,RBLBANK,24-Jun-2021,270,CE,0,0,0,13.6,2.95,0,0,0,0,19-APR-2021,
OPTSTK,RBLBANK,24-Jun-2021,275,CE,0,0,0,12.65,2.6,0,0,0,0,19-APR-2021,
OPTSTK,RBLBANK,24-Jun-2021,280,CE,0,0,0,11.75,2.35,0,0,0,0,19-APR-2021,
OPTSTK,RBLBANK,24-Jun-2021,285,CE,0,0,0,10.9,2.05,0,0,0,0,19-APR-2021,
OPTSTK,RBLBANK,24-Jun-2021,290,CE,0,0,0,10.15,1.85,0,0,0,0,19-APR-2021,
OPTSTK,RBLBANK,24-Jun-2021,295,CE,0,0,0,9.4,1.65,0,0,0,0,19-APR-2021,
OPTSTK,RBLBANK,24-Jun-2021,300,CE,0,0,0,8.75,1.45,0,0,0,0,19-APR-2021,
OPTSTK,RBLBANK,24-Jun-2021,305,CE,0,0,0,8.1,1.3,0,0,0,0,19-APR-2021,
OPTSTK,RBLBANK,24-Jun-2021,310,CE,0,0,0,7.5,1.15,0,0,0,0,19-APR-2021,
OPTSTK,RBLBANK,24-Jun-2021,140,PE,0,0,0,2,6.7,0,0,2900,0,19-APR-2021,
OPTSTK,RBLBANK,24-Jun-2021,145,PE,0,0,0,5.15,8.15,0,0,0,0,19-APR-2021,
OPTSTK,RBLBANK,24-Jun-2021,150,PE,0,0,0,6.2,9.85,0,0,0,0,19-APR-2021,
OPTSTK,RBLBANK,24-Jun-2021,155,PE,0,0,0,7.4,11.75,0,0,0,0,19-APR-2021,
OPTSTK,RBLBANK,24-Jun-2021,160,PE,11.55,11.55,10.05,10.05,13.8,2,9.9,5800,5800,19-APR-2021,
OPTSTK,RBLBANK,24-Jun-2021,165,PE,0,0,0,10.2,16.1,0,0,0,0,19-APR-2021,
OPTSTK,RBLBANK,24-Jun-2021,170,PE,0,0,0,11.85,18.55,0,0,0,0,19-APR-2021,
OPTSTK,RBLBANK,24-Jun-2021,175,PE,0,0,0,13.6,21.2,0,0,0,0,19-APR-2021,
OPTSTK,RBLBANK,24-Jun-2021,180,PE,0,0,0,15.5,24,0,0,0,0,19-APR-2021,
OPTSTK,RBLBANK,24-Jun-2021,185,PE,0,0,0,17.55,27,0,0,0,0,19-APR-2021,
OPTSTK,RBLBANK,24-Jun-2021,190,PE,0,0,0,19.75,30.15,0,0,0,0,19-APR-2021,
OPTSTK,RBLBANK,24-Jun-2021,195,PE,0,0,0,22.1,33.45,0,0,0,0,19-APR-2021,
OPTSTK,RBLBANK,24-Jun-2021,200,PE,0,0,0,24.55,36.9,0,0,0,0,19-APR-2021,
OPTSTK,RBLBANK,24-Jun-2021,205,PE,0,0,0,27.15,40.5,0,0,0,0,19-APR-2021,
OPTSTK,RBLBANK,24-Jun-2021,210,PE,0,0,0,29.85,44.2,0,0,0,0,19-APR-2021,
OPTSTK,RBLBANK,24-Jun-2021,215,PE,0,0,0,32.75,48.05,0,0,0,0,19-APR-2021,
OPTSTK,RBLBANK,24-Jun-2021,220,PE,0,0,0,35.7,51.95,0,0,0,0,19-APR-2021,
OPTSTK,RBLBANK,24-Jun-2021,225,PE,0,0,0,38.8,56,0,0,0,0,19-APR-2021,
OPTSTK,RBLBANK,24-Jun-2021,230,PE,0,0,0,42,60.1,0,0,0,0,19-APR-2021,
OPTSTK,RBLBANK,24-Jun-2021,235,PE,0,0,0,45.3,64.3,0,0,0,0,19-APR-2021,
OPTSTK,RBLBANK,24-Jun-2021,240,PE,0,0,0,48.7,68.6,0,0,0,0,19-APR-2021,
OPTSTK,RBLBANK,24-Jun-2021,245,PE,0,0,0,52.2,72.95,0,0,0,0,19-APR-2021,
OPTSTK,RBLBANK,24-Jun-2021,250,PE,0,0,0,55.8,77.35,0,0,0,0,19-APR-2021,
OPTSTK,RBLBANK,24-Jun-2021,255,PE,0,0,0,59.5,81.8,0,0,0,0,19-APR-2021,
OPTSTK,RBLBANK,24-Jun-2021,260,PE,0,0,0,63.3,86.35,0,0,0,0,19-APR-2021,
OPTSTK,RBLBANK,24-Jun-2021,265,PE,0,0,0,67.15,90.9,0,0,0,0,19-APR-2021,
OPTSTK,RBLBANK,24-Jun-2021,270,PE,0,0,0,71.05,95.5,0,0,0,0,19-APR-2021,
OPTSTK,RBLBANK,24-Jun-2021,275,PE,0,0,0,75.05,100.15,0,0,0,0,19-APR-2021,
OPTSTK,RBLBANK,24-Jun-2021,280,PE,0,0,0,79.1,104.85,0,0,0,0,19-APR-2021,
OPTSTK,RBLBANK,24-Jun-2021,285,PE,0,0,0,83.2,109.55,0,0,0,0,19-APR-2021,
OPTSTK,RBLBANK,24-Jun-2021,290,PE,0,0,0,87.4,114.3,0,0,0,0,19-APR-2021,
OPTSTK,RBLBANK,24-Jun-2021,295,PE,0,0,0,91.6,119.05,0,0,0,0,19-APR-2021,
OPTSTK,RBLBANK,24-Jun-2021,300,PE,0,0,0,95.9,123.85,0,0,0,0,19-APR-2021,
OPTSTK,RBLBANK,24-Jun-2021,305,PE,0,0,0,100.2,128.65,0,0,0,0,19-APR-2021,
OPTSTK,RBLBANK,24-Jun-2021,310,PE,0,0,0,104.6,133.45,0,0,0,0,19-APR-2021,
OPTSTK,RECLTD,29-Apr-2021,77.5,CE,0,0,0,61.5,48.15,0,0,0,0,19-APR-2021,
OPTSTK,RECLTD,29-Apr-2021,80,CE,0,0,0,59.05,45.65,0,0,0,0,19-APR-2021,
OPTSTK,RECLTD,29-Apr-2021,82.5,CE,0,0,0,56.6,43.15,0,0,0,0,19-APR-2021,
OPTSTK,RECLTD,29-Apr-2021,85,CE,0,0,0,54.2,40.65,0,0,0,0,19-APR-2021,
OPTSTK,RECLTD,29-Apr-2021,87.5,CE,0,0,0,51.8,38.15,0,0,0,0,19-APR-2021,
OPTSTK,RECLTD,29-Apr-2021,90,CE,0,0,0,49.4,35.65,0,0,0,0,19-APR-2021,
OPTSTK,RECLTD,29-Apr-2021,92.5,CE,0,0,0,47.05,33.15,0,0,0,0,19-APR-2021,
OPTSTK,RECLTD,29-Apr-2021,95,CE,0,0,0,44.75,30.65,0,0,0,0,19-APR-2021,
OPTSTK,RECLTD,29-Apr-2021,97.5,CE,0,0,0,42.45,28.15,0,0,0,0,19-APR-2021,
OPTSTK,RECLTD,29-Apr-2021,100,CE,0,0,0,33.5,25.7,0,0,0,0,19-APR-2021,
OPTSTK,RECLTD,29-Apr-2021,102.5,CE,0,0,0,38.05,23.2,0,0,0,0,19-APR-2021,
OPTSTK,RECLTD,29-Apr-2021,105,CE,0,0,0,35.9,20.7,0,0,0,0,19-APR-2021,
OPTSTK,RECLTD,29-Apr-2021,107.5,CE,0,0,0,33.8,18.25,0,0,0,0,19-APR-2021,
OPTSTK,RECLTD,29-Apr-2021,110,CE,0,0,0,22.9,15.85,0,0,12000,0,19-APR-2021,
OPTSTK,RECLTD,29-Apr-2021,112.5,CE,0,0,0,29.8,13.55,0,0,0,0,19-APR-2021,
OPTSTK,RECLTD,29-Apr-2021,115,CE,0,0,0,27.95,11.35,0,0,0,0,19-APR-2021,
OPTSTK,RECLTD,29-Apr-2021,117.5,CE,0,0,0,26.1,9.3,0,0,0,0,19-APR-2021,
OPTSTK,RECLTD,29-Apr-2021,120,CE,0,0,0,24.35,7.45,0,0,0,0,19-APR-2021,
OPTSTK,RECLTD,29-Apr-2021,122.5,CE,0,0,0,11,5.8,0,0,6000,0,19-APR-2021,
OPTSTK,RECLTD,29-Apr-2021,125,CE,3.65,3.75,3,3.4,3.4,66,508.49,312000,36000,19-APR-2021,
OPTSTK,RECLTD,29-Apr-2021,127.5,CE,2,2.45,2,2.2,2.2,19,147.91,102000,18000,19-APR-2021,
OPTSTK,RECLTD,29-Apr-2021,130,CE,2,2,1.3,1.45,1.45,250,1972.86,1098000,120000,19-APR-2021,
OPTSTK,RECLTD,29-Apr-2021,132.5,CE,0.9,1.2,0.3,0.95,0.95,46,368.32,426000,54000,19-APR-2021,
OPTSTK,RECLTD,29-Apr-2021,135,CE,1,1,0.55,0.65,0.65,188,1530.45,1944000,54000,19-APR-2021,
OPTSTK,RECLTD,29-Apr-2021,137.5,CE,0.55,0.55,0.4,0.4,0.4,35,289.68,186000,36000,19-APR-2021,
OPTSTK,RECLTD,29-Apr-2021,140,CE,0.6,0.6,0.25,0.3,0.3,91,766.09,1614000,-24000,19-APR-2021,
OPTSTK,RECLTD,29-Apr-2021,142.5,CE,0.2,0.2,0.2,0.2,0.2,2,17.12,102000,-6000,19-APR-2021,
OPTSTK,RECLTD,29-Apr-2021,145,CE,0.2,0.2,0.1,0.15,0.15,43,374.51,582000,-48000,19-APR-2021,
OPTSTK,RECLTD,29-Apr-2021,147.5,CE,0,0,0,0.3,0.1,0,0,72000,0,19-APR-2021,
OPTSTK,RECLTD,29-Apr-2021,150,CE,0.15,0.2,0.1,0.15,0.05,30,270.27,1008000,-78000,19-APR-2021,
OPTSTK,RECLTD,29-Apr-2021,152.5,CE,0,0,0,0.25,0.05,0,0,12000,0,19-APR-2021,
OPTSTK,RECLTD,29-Apr-2021,155,CE,0.1,0.1,0.1,0.1,0.05,5,46.53,288000,-18000,19-APR-2021,
OPTSTK,RECLTD,29-Apr-2021,157.5,CE,0,0,0,0.45,0.05,0,0,30000,0,19-APR-2021,
OPTSTK,RECLTD,29-Apr-2021,160,CE,0.1,0.1,0.05,0.1,0,12,115.26,390000,-48000,19-APR-2021,
OPTSTK,RECLTD,29-Apr-2021,162.5,CE,0,0,0,5.8,0,0,0,0,0,19-APR-2021,
OPTSTK,RECLTD,29-Apr-2021,165,CE,0.15,0.15,0.1,0.1,0,3,29.72,132000,-6000,19-APR-2021,
OPTSTK,RECLTD,29-Apr-2021,167.5,CE,0,0,0,4.75,0,0,0,0,0,19-APR-2021,
OPTSTK,RECLTD,29-Apr-2021,170,CE,0,0,0,0.15,0,0,0,270000,0,19-APR-2021,
OPTSTK,RECLTD,29-Apr-2021,172.5,CE,0.3,2.2,0.1,0.1,0,11,114.47,42000,24000,19-APR-2021,
OPTSTK,RECLTD,29-Apr-2021,175,CE,0,0,0,0.15,0,0,0,48000,0,19-APR-2021,
OPTSTK,RECLTD,29-Apr-2021,177.5,CE,0,0,0,3.15,0,0,0,0,0,19-APR-2021,
OPTSTK,RECLTD,29-Apr-2021,180,CE,0.05,0.05,0.05,0.05,0,1,10.8,24000,0,19-APR-2021,
OPTSTK,RECLTD,29-Apr-2021,182.5,CE,0,0,0,0.05,0,0,0,12000,0,19-APR-2021,
OPTSTK,RECLTD,29-Apr-2021,185,CE,0,0,0,0.05,0,0,0,6000,0,19-APR-2021,
OPTSTK,RECLTD,29-Apr-2021,77.5,PE,0,0,0,0.1,0,0,0,0,0,19-APR-2021,
OPTSTK,RECLTD,29-Apr-2021,80,PE,0,0,0,0.05,0,0,0,30000,0,19-APR-2021,
OPTSTK,RECLTD,29-Apr-2021,82.5,PE,0,0,0,0.15,0,0,0,0,0,19-APR-2021,
OPTSTK,RECLTD,29-Apr-2021,85,PE,0,0,0,0.15,0,0,0,0,0,19-APR-2021,
OPTSTK,RECLTD,29-Apr-2021,87.5,PE,0,0,0,0.1,0,0,0,0,0,19-APR-2021,
OPTSTK,RECLTD,29-Apr-2021,90,PE,0,0,0,0.15,0,0,0,54000,0,19-APR-2021,
OPTSTK,RECLTD,29-Apr-2021,92.5,PE,0,0,0,0.15,0,0,0,0,0,19-APR-2021,
OPTSTK,RECLTD,29-Apr-2021,95,PE,0,0,0,0.7,0,0,0,0,0,19-APR-2021,
OPTSTK,RECLTD,29-Apr-2021,97.5,PE,0,0,0,0.85,0,0,0,0,0,19-APR-2021,
OPTSTK,RECLTD,29-Apr-2021,100,PE,0.15,0.15,0.15,0.15,0.05,1,6,96000,-6000,19-APR-2021,
OPTSTK,RECLTD,29-Apr-2021,102.5,PE,0,0,0,0.2,0.05,0,0,0,0,19-APR-2021,
OPTSTK,RECLTD,29-Apr-2021,105,PE,0.25,0.25,0.25,0.25,0.25,1,6.31,12000,-6000,19-APR-2021,
OPTSTK,RECLTD,29-Apr-2021,107.5,PE,0,0,0,0.1,0.1,0,0,0,0,19-APR-2021,
OPTSTK,RECLTD,29-Apr-2021,110,PE,0.4,0.6,0.35,0.45,0.45,59,391.05,492000,-18000,19-APR-2021,
OPTSTK,RECLTD,29-Apr-2021,112.5,PE,0.7,0.75,0.7,0.75,0.4,2,13.58,54000,0,19-APR-2021,
OPTSTK,RECLTD,29-Apr-2021,115,PE,0.65,1,0.6,0.75,0.75,78,542.08,318000,54000,19-APR-2021,
OPTSTK,RECLTD,29-Apr-2021,117.5,PE,1.2,1.25,1,1.05,1.05,8,56.94,84000,18000,19-APR-2021,
OPTSTK,RECLTD,29-Apr-2021,120,PE,2,2.1,1.3,1.4,1.4,547,3995.49,1200000,138000,19-APR-2021,
OPTSTK,RECLTD,29-Apr-2021,122.5,PE,2.15,2.8,1.95,2,2,27,202.2,126000,30000,19-APR-2021,
OPTSTK,RECLTD,29-Apr-2021,125,PE,3.25,4,2.8,2.95,2.95,160,1232.93,786000,18000,19-APR-2021,
OPTSTK,RECLTD,29-Apr-2021,127.5,PE,4.3,5.35,4.2,4.95,5.05,11,87.32,114000,-18000,19-APR-2021,
OPTSTK,RECLTD,29-Apr-2021,130,PE,6,7,6,6,6,16,130.97,1038000,-12000,19-APR-2021,
OPTSTK,RECLTD,29-Apr-2021,132.5,PE,7.7,7.7,7.7,7.7,8.45,1,8.41,168000,-6000,19-APR-2021,
OPTSTK,RECLTD,29-Apr-2021,135,PE,11,11,10.4,10.4,10.4,2,17.48,678000,0,19-APR-2021,
OPTSTK,RECLTD,29-Apr-2021,137.5,PE,0,0,0,9.95,12.55,0,0,18000,0,19-APR-2021,
OPTSTK,RECLTD,29-Apr-2021,140,PE,15.6,15.6,14.7,14.7,14.7,3,27.95,468000,-12000,19-APR-2021,
OPTSTK,RECLTD,29-Apr-2021,142.5,PE,0,0,0,12,17.1,0,0,6000,0,19-APR-2021,
OPTSTK,RECLTD,29-Apr-2021,145,PE,0,0,0,16.2,19.5,0,0,96000,0,19-APR-2021,
OPTSTK,RECLTD,29-Apr-2021,147.5,PE,0,0,0,18,21.9,0,0,0,0,19-APR-2021,
OPTSTK,RECLTD,29-Apr-2021,150,PE,0,0,0,20.4,24.4,0,0,78000,0,19-APR-2021,
OPTSTK,RECLTD,29-Apr-2021,152.5,PE,0,0,0,21.3,26.85,0,0,0,0,19-APR-2021,
OPTSTK,RECLTD,29-Apr-2021,155,PE,0,0,0,23.05,29.35,0,0,0,0,19-APR-2021,
OPTSTK,RECLTD,29-Apr-2021,157.5,PE,0,0,0,24.85,31.8,0,0,0,0,19-APR-2021,
OPTSTK,RECLTD,29-Apr-2021,160,PE,0,0,0,26.7,34.3,0,0,0,0,19-APR-2021,
OPTSTK,RECLTD,29-Apr-2021,162.5,PE,0,0,0,28.55,36.8,0,0,0,0,19-APR-2021,
OPTSTK,RECLTD,29-Apr-2021,165,PE,0,0,0,31.5,39.3,0,0,6000,0,19-APR-2021,
OPTSTK,RECLTD,29-Apr-2021,167.5,PE,0,0,0,32.5,41.8,0,0,0,0,19-APR-2021,
OPTSTK,RECLTD,29-Apr-2021,170,PE,0,0,0,34.5,44.3,0,0,0,0,19-APR-2021,
OPTSTK,RECLTD,29-Apr-2021,172.5,PE,0,0,0,36.6,46.8,0,0,0,0,19-APR-2021,
OPTSTK,RECLTD,29-Apr-2021,175,PE,0,0,0,38.7,49.3,0,0,0,0,19-APR-2021,
OPTSTK,RECLTD,29-Apr-2021,177.5,PE,0,0,0,40.8,51.8,0,0,0,0,19-APR-2021,
OPTSTK,RECLTD,29-Apr-2021,180,PE,0,0,0,43,54.3,0,0,0,0,19-APR-2021,
OPTSTK,RECLTD,29-Apr-2021,182.5,PE,0,0,0,45.2,56.8,0,0,0,0,19-APR-2021,
OPTSTK,RECLTD,29-Apr-2021,185,PE,0,0,0,47.4,59.3,0,0,0,0,19-APR-2021,
OPTSTK,RECLTD,27-May-2021,82.5,CE,0,0,0,61.95,43.4,0,0,0,0,19-APR-2021,
OPTSTK,RECLTD,27-May-2021,85,CE,0,0,0,59.5,40.95,0,0,0,0,19-APR-2021,
OPTSTK,RECLTD,27-May-2021,87.5,CE,0,0,0,57.1,38.45,0,0,0,0,19-APR-2021,
OPTSTK,RECLTD,27-May-2021,90,CE,0,0,0,54.7,36,0,0,0,0,19-APR-2021,
OPTSTK,RECLTD,27-May-2021,92.5,CE,0,0,0,52.3,33.6,0,0,0,0,19-APR-2021,
OPTSTK,RECLTD,27-May-2021,95,CE,0,0,0,49.95,31.2,0,0,0,0,19-APR-2021,
OPTSTK,RECLTD,27-May-2021,97.5,CE,0,0,0,47.6,28.8,0,0,0,0,19-APR-2021,
OPTSTK,RECLTD,27-May-2021,100,CE,0,0,0,45.3,26.5,0,0,0,0,19-APR-2021,
OPTSTK,RECLTD,27-May-2021,102.5,CE,0,0,0,43.05,24.25,0,0,0,0,19-APR-2021,
OPTSTK,RECLTD,27-May-2021,105,CE,0,0,0,40.85,22.05,0,0,0,0,19-APR-2021,
OPTSTK,RECLTD,27-May-2021,107.5,CE,0,0,0,38.7,19.95,0,0,0,0,19-APR-2021,
OPTSTK,RECLTD,27-May-2021,110,CE,0,0,0,36.6,17.95,0,0,0,0,19-APR-2021,
OPTSTK,RECLTD,27-May-2021,112.5,CE,0,0,0,34.5,16.05,0,0,0,0,19-APR-2021,
OPTSTK,RECLTD,27-May-2021,115,CE,0,0,0,32.5,14.3,0,0,0,0,19-APR-2021,
OPTSTK,RECLTD,27-May-2021,117.5,CE,0,0,0,30.6,12.6,0,0,0,0,19-APR-2021,
OPTSTK,RECLTD,27-May-2021,120,CE,0,0,0,28.7,11.05,0,0,0,0,19-APR-2021,
OPTSTK,RECLTD,27-May-2021,122.5,CE,0,0,0,26.9,9.65,0,0,0,0,19-APR-2021,
OPTSTK,RECLTD,27-May-2021,125,CE,0,0,0,25.2,8.4,0,0,0,0,19-APR-2021,
OPTSTK,RECLTD,27-May-2021,127.5,CE,0,0,0,23.5,7.2,0,0,0,0,19-APR-2021,
OPTSTK,RECLTD,27-May-2021,130,CE,4.8,4.8,4.7,4.75,4.75,3,24.25,42000,12000,19-APR-2021,
OPTSTK,RECLTD,27-May-2021,132.5,CE,0,0,0,20.4,5.25,0,0,0,0,19-APR-2021,
OPTSTK,RECLTD,27-May-2021,135,CE,3,3,3,3,4.45,1,8.28,30000,-6000,19-APR-2021,
OPTSTK,RECLTD,27-May-2021,137.5,CE,0,0,0,17.6,3.75,0,0,0,0,19-APR-2021,
OPTSTK,RECLTD,27-May-2021,140,CE,0,0,0,4,3.15,0,0,12000,0,19-APR-2021,
OPTSTK,RECLTD,27-May-2021,142.5,CE,0,0,0,15.1,2.65,0,0,0,0,19-APR-2021,
OPTSTK,RECLTD,27-May-2021,145,CE,1.5,1.5,1.5,1.5,1.5,1,8.79,24000,6000,19-APR-2021,
OPTSTK,RECLTD,27-May-2021,147.5,CE,0,0,0,12.85,1.8,0,0,0,0,19-APR-2021,
OPTSTK,RECLTD,27-May-2021,150,CE,0,0,0,11.85,1.5,0,0,0,0,19-APR-2021,
OPTSTK,RECLTD,27-May-2021,152.5,CE,0,0,0,10.9,1.2,0,0,0,0,19-APR-2021,
OPTSTK,RECLTD,27-May-2021,155,CE,0,0,0,10,1,0,0,0,0,19-APR-2021,
OPTSTK,RECLTD,27-May-2021,157.5,CE,0,0,0,9.2,0.8,0,0,0,0,19-APR-2021,
OPTSTK,RECLTD,27-May-2021,160,CE,0,0,0,8.4,0.65,0,0,0,0,19-APR-2021,
OPTSTK,RECLTD,27-May-2021,162.5,CE,0,0,0,7.7,0.5,0,0,0,0,19-APR-2021,
OPTSTK,RECLTD,27-May-2021,165,CE,0,0,0,7.05,0.4,0,0,0,0,19-APR-2021,
OPTSTK,RECLTD,27-May-2021,167.5,CE,0,0,0,6.45,0.35,0,0,0,0,19-APR-2021,
OPTSTK,RECLTD,27-May-2021,170,CE,0,0,0,5.9,0.25,0,0,0,0,19-APR-2021,
OPTSTK,RECLTD,27-May-2021,172.5,CE,0,0,0,5.35,0.2,0,0,0,0,19-APR-2021,
OPTSTK,RECLTD,27-May-2021,175,CE,0,0,0,4.9,0.2,0,0,0,0,19-APR-2021,
OPTSTK,RECLTD,27-May-2021,177.5,CE,0,0,0,4.45,0.15,0,0,0,0,19-APR-2021,
OPTSTK,RECLTD,27-May-2021,180,CE,0,0,0,4.05,0.1,0,0,0,0,19-APR-2021,
OPTSTK,RECLTD,27-May-2021,182.5,CE,0,0,0,3.65,0.1,0,0,0,0,19-APR-2021,
OPTSTK,RECLTD,27-May-2021,185,CE,0,0,0,3.3,0.1,0,0,0,0,19-APR-2021,
OPTSTK,RECLTD,27-May-2021,82.5,PE,0,0,0,0.1,0.05,0,0,0,0,19-APR-2021,
OPTSTK,RECLTD,27-May-2021,85,PE,0,0,0,0.15,0.05,0,0,0,0,19-APR-2021,
OPTSTK,RECLTD,27-May-2021,87.5,PE,0,0,0,0.2,0.1,0,0,0,0,19-APR-2021,
OPTSTK,RECLTD,27-May-2021,90,PE,0,0,0,0.3,0.1,0,0,0,0,19-APR-2021,
OPTSTK,RECLTD,27-May-2021,92.5,PE,0.1,0.5,0.1,0.5,0.2,6,33.38,18000,12000,19-APR-2021,
OPTSTK,RECLTD,27-May-2021,95,PE,0.1,0.1,0.1,0.1,0.25,2,11.41,0,-6000,19-APR-2021,
OPTSTK,RECLTD,27-May-2021,97.5,PE,0,0,0,0.15,0.4,0,0,0,0,19-APR-2021,
OPTSTK,RECLTD,27-May-2021,100,PE,0.8,0.8,0.3,0.7,0.55,4,24.15,12000,12000,19-APR-2021,
OPTSTK,RECLTD,27-May-2021,102.5,PE,0,0,0,0.15,0.8,0,0,0,0,19-APR-2021,
OPTSTK,RECLTD,27-May-2021,105,PE,0,0,0,1.35,1.1,0,0,0,0,19-APR-2021,
OPTSTK,RECLTD,27-May-2021,107.5,PE,1.6,1.6,1.5,1.5,1.5,3,19.62,24000,18000,19-APR-2021,
OPTSTK,RECLTD,27-May-2021,110,PE,1.5,1.75,0.6,0.9,2,6,40.02,24000,-6000,19-APR-2021,
OPTSTK,RECLTD,27-May-2021,112.5,PE,0,0,0,0.8,2.6,0,0,6000,0,19-APR-2021,
OPTSTK,RECLTD,27-May-2021,115,PE,0,0,0,2.75,3.3,0,0,6000,0,19-APR-2021,
OPTSTK,RECLTD,27-May-2021,117.5,PE,0,0,0,3.45,4.1,0,0,0,0,19-APR-2021,
OPTSTK,RECLTD,27-May-2021,120,PE,0,0,0,2,5.05,0,0,36000,0,19-APR-2021,
OPTSTK,RECLTD,27-May-2021,122.5,PE,0,0,0,4.7,6.15,0,0,0,0,19-APR-2021,
OPTSTK,RECLTD,27-May-2021,125,PE,0,0,0,3,7.35,0,0,6000,0,19-APR-2021,
OPTSTK,RECLTD,27-May-2021,127.5,PE,0,0,0,6.25,8.7,0,0,0,0,19-APR-2021,
OPTSTK,RECLTD,27-May-2021,130,PE,0,0,0,4.15,10.15,0,0,12000,0,19-APR-2021,
OPTSTK,RECLTD,27-May-2021,132.5,PE,0,0,0,8.15,11.7,0,0,0,0,19-APR-2021,
OPTSTK,RECLTD,27-May-2021,135,PE,0,0,0,8.5,13.4,0,0,0,0,19-APR-2021,
OPTSTK,RECLTD,27-May-2021,137.5,PE,0,0,0,10.25,15.15,0,0,0,0,19-APR-2021,
OPTSTK,RECLTD,27-May-2021,140,PE,16,16,16,16,17.05,1,9.36,6000,6000,19-APR-2021,
OPTSTK,RECLTD,27-May-2021,142.5,PE,0,0,0,12.7,19,0,0,0,0,19-APR-2021,
OPTSTK,RECLTD,27-May-2021,145,PE,0,0,0,14.05,21.05,0,0,0,0,19-APR-2021,
OPTSTK,RECLTD,27-May-2021,147.5,PE,0,0,0,15.45,23.15,0,0,0,0,19-APR-2021,
OPTSTK,RECLTD,27-May-2021,150,PE,0,0,0,12,25.35,0,0,6000,0,19-APR-2021,
OPTSTK,RECLTD,27-May-2021,152.5,PE,0,0,0,18.45,27.55,0,0,0,0,19-APR-2021,
OPTSTK,RECLTD,27-May-2021,155,PE,0,0,0,20,29.85,0,0,0,0,19-APR-2021,
OPTSTK,RECLTD,27-May-2021,157.5,PE,0,0,0,21.65,32.15,0,0,0,0,19-APR-2021,
OPTSTK,RECLTD,27-May-2021,160,PE,0,0,0,23.4,34.45,0,0,0,0,19-APR-2021,
OPTSTK,RECLTD,27-May-2021,162.5,PE,0,0,0,25.15,36.85,0,0,0,0,19-APR-2021,
OPTSTK,RECLTD,27-May-2021,165,PE,0,0,0,26.95,39.25,0,0,0,0,19-APR-2021,
OPTSTK,RECLTD,27-May-2021,167.5,PE,0,0,0,28.85,41.65,0,0,0,0,19-APR-2021,
OPTSTK,RECLTD,27-May-2021,170,PE,0,0,0,30.75,44.05,0,0,0,0,19-APR-2021,
OPTSTK,RECLTD,27-May-2021,172.5,PE,0,0,0,32.7,46.5,0,0,0,0,19-APR-2021,
OPTSTK,RECLTD,27-May-2021,175,PE,0,0,0,34.7,48.95,0,0,0,0,19-APR-2021,
OPTSTK,RECLTD,27-May-2021,177.5,PE,0,0,0,36.75,51.4,0,0,0,0,19-APR-2021,
OPTSTK,RECLTD,27-May-2021,180,PE,0,0,0,38.8,53.85,0,0,0,0,19-APR-2021,
OPTSTK,RECLTD,27-May-2021,182.5,PE,0,0,0,40.9,56.35,0,0,0,0,19-APR-2021,
OPTSTK,RECLTD,27-May-2021,185,PE,0,0,0,43.05,58.8,0,0,0,0,19-APR-2021,
OPTSTK,RECLTD,24-Jun-2021,82.5,CE,0,0,0,49.3,43.8,0,0,0,0,19-APR-2021,
OPTSTK,RECLTD,24-Jun-2021,85,CE,0,0,0,46.9,41.35,0,0,0,0,19-APR-2021,
OPTSTK,RECLTD,24-Jun-2021,87.5,CE,0,0,0,44.6,39,0,0,0,0,19-APR-2021,
OPTSTK,RECLTD,24-Jun-2021,90,CE,0,0,0,42.25,36.65,0,0,0,0,19-APR-2021,
OPTSTK,RECLTD,24-Jun-2021,92.5,CE,0,0,0,40,34.35,0,0,0,0,19-APR-2021,
OPTSTK,RECLTD,24-Jun-2021,95,CE,0,0,0,37.75,32.1,0,0,0,0,19-APR-2021,
OPTSTK,RECLTD,24-Jun-2021,97.5,CE,0,0,0,35.6,29.85,0,0,0,0,19-APR-2021,
OPTSTK,RECLTD,24-Jun-2021,100,CE,0,0,0,33.45,27.75,0,0,0,0,19-APR-2021,
OPTSTK,RECLTD,24-Jun-2021,102.5,CE,0,0,0,31.4,25.65,0,0,0,0,19-APR-2021,
OPTSTK,RECLTD,24-Jun-2021,105,CE,0,0,0,29.4,23.65,0,0,0,0,19-APR-2021,
OPTSTK,RECLTD,24-Jun-2021,107.5,CE,0,0,0,27.5,21.75,0,0,0,0,19-APR-2021,
OPTSTK,RECLTD,24-Jun-2021,110,CE,0,0,0,25.65,19.95,0,0,0,0,19-APR-2021,
OPTSTK,RECLTD,24-Jun-2021,112.5,CE,0,0,0,23.85,18.2,0,0,0,0,19-APR-2021,
OPTSTK,RECLTD,24-Jun-2021,115,CE,0,0,0,22.15,16.6,0,0,0,0,19-APR-2021,
OPTSTK,RECLTD,24-Jun-2021,117.5,CE,0,0,0,20.5,15.05,0,0,0,0,19-APR-2021,
OPTSTK,RECLTD,24-Jun-2021,120,CE,0,0,0,18.95,13.6,0,0,0,0,19-APR-2021,
OPTSTK,RECLTD,24-Jun-2021,122.5,CE,0,0,0,17.5,12.25,0,0,0,0,19-APR-2021,
OPTSTK,RECLTD,24-Jun-2021,125,CE,0,0,0,16.15,11.05,0,0,0,0,19-APR-2021,
OPTSTK,RECLTD,24-Jun-2021,127.5,CE,0,0,0,14.85,9.9,0,0,0,0,19-APR-2021,
OPTSTK,RECLTD,24-Jun-2021,130,CE,0,0,0,13.6,8.85,0,0,0,0,19-APR-2021,
OPTSTK,RECLTD,24-Jun-2021,132.5,CE,0,0,0,12.5,7.85,0,0,0,0,19-APR-2021,
OPTSTK,RECLTD,24-Jun-2021,135,CE,0,0,0,11.4,7,0,0,0,0,19-APR-2021,
OPTSTK,RECLTD,24-Jun-2021,137.5,CE,0,0,0,10.4,6.2,0,0,0,0,19-APR-2021,
OPTSTK,RECLTD,24-Jun-2021,140,CE,0,0,0,9.5,5.45,0,0,0,0,19-APR-2021,
OPTSTK,RECLTD,24-Jun-2021,142.5,CE,0,0,0,8.65,4.85,0,0,0,0,19-APR-2021,
OPTSTK,RECLTD,24-Jun-2021,145,CE,0,0,0,7.85,4.25,0,0,0,0,19-APR-2021,
OPTSTK,RECLTD,24-Jun-2021,147.5,CE,0,0,0,7.15,3.75,0,0,0,0,19-APR-2021,
OPTSTK,RECLTD,24-Jun-2021,150,CE,0,0,0,6.45,3.25,0,0,0,0,19-APR-2021,
OPTSTK,RECLTD,24-Jun-2021,152.5,CE,0,0,0,5.85,2.85,0,0,0,0,19-APR-2021,
OPTSTK,RECLTD,24-Jun-2021,155,CE,0,0,0,5.3,2.5,0,0,0,0,19-APR-2021,
OPTSTK,RECLTD,24-Jun-2021,157.5,CE,0,0,0,4.8,2.15,0,0,0,0,19-APR-2021,
OPTSTK,RECLTD,24-Jun-2021,160,CE,0,0,0,4.3,1.9,0,0,0,0,19-APR-2021,
OPTSTK,RECLTD,24-Jun-2021,162.5,CE,0,0,0,3.9,1.65,0,0,0,0,19-APR-2021,
OPTSTK,RECLTD,24-Jun-2021,165,CE,0,0,0,3.5,1.4,0,0,0,0,19-APR-2021,
OPTSTK,RECLTD,24-Jun-2021,167.5,CE,0,0,0,3.15,1.2,0,0,0,0,19-APR-2021,
OPTSTK,RECLTD,24-Jun-2021,170,CE,0,0,0,2.8,1.05,0,0,0,0,19-APR-2021,
OPTSTK,RECLTD,24-Jun-2021,172.5,CE,0,0,0,2.55,0.9,0,0,0,0,19-APR-2021,
OPTSTK,RECLTD,24-Jun-2021,175,CE,0,0,0,2.25,0.8,0,0,0,0,19-APR-2021,
OPTSTK,RECLTD,24-Jun-2021,177.5,CE,0,0,0,2.05,0.65,0,0,0,0,19-APR-2021,
OPTSTK,RECLTD,24-Jun-2021,180,CE,0,0,0,1.8,0.6,0,0,0,0,19-APR-2021,
OPTSTK,RECLTD,24-Jun-2021,182.5,CE,0,0,0,1.6,0.5,0,0,0,0,19-APR-2021,
OPTSTK,RECLTD,24-Jun-2021,185,CE,0,0,0,1.45,0.45,0,0,0,0,19-APR-2021,
OPTSTK,RECLTD,24-Jun-2021,82.5,PE,0,0,0,0.3,0.15,0,0,0,0,19-APR-2021,
OPTSTK,RECLTD,24-Jun-2021,85,PE,0,0,0,0.4,0.25,0,0,0,0,19-APR-2021,
OPTSTK,RECLTD,24-Jun-2021,87.5,PE,0,0,0,0.5,0.35,0,0,0,0,19-APR-2021,
OPTSTK,RECLTD,24-Jun-2021,90,PE,0,0,0,0.7,0.5,0,0,0,0,19-APR-2021,
OPTSTK,RECLTD,24-Jun-2021,92.5,PE,0,0,0,0.9,0.65,0,0,0,0,19-APR-2021,
OPTSTK,RECLTD,24-Jun-2021,95,PE,0,0,0,1.15,0.9,0,0,0,0,19-APR-2021,
OPTSTK,RECLTD,24-Jun-2021,97.5,PE,0,0,0,1.45,1.15,0,0,0,0,19-APR-2021,
OPTSTK,RECLTD,24-Jun-2021,100,PE,0,0,0,1.8,1.5,0,0,0,0,19-APR-2021,
OPTSTK,RECLTD,24-Jun-2021,102.5,PE,0,0,0,2.2,1.9,0,0,0,0,19-APR-2021,
OPTSTK,RECLTD,24-Jun-2021,105,PE,0,0,0,2.7,2.4,0,0,0,0,19-APR-2021,
OPTSTK,RECLTD,24-Jun-2021,107.5,PE,0,0,0,3.25,3,0,0,0,0,19-APR-2021,
OPTSTK,RECLTD,24-Jun-2021,110,PE,0,0,0,3.85,3.65,0,0,0,0,19-APR-2021,
OPTSTK,RECLTD,24-Jun-2021,112.5,PE,0,0,0,4.55,4.4,0,0,0,0,19-APR-2021,
OPTSTK,RECLTD,24-Jun-2021,115,PE,0,0,0,5.3,5.25,0,0,0,0,19-APR-2021,
OPTSTK,RECLTD,24-Jun-2021,117.5,PE,0,0,0,6.15,6.2,0,0,0,0,19-APR-2021,
OPTSTK,RECLTD,24-Jun-2021,120,PE,0,0,0,7.1,7.25,0,0,0,0,19-APR-2021,
OPTSTK,RECLTD,24-Jun-2021,122.5,PE,0,0,0,8.1,8.4,0,0,0,0,19-APR-2021,
OPTSTK,RECLTD,24-Jun-2021,125,PE,0,0,0,9.2,9.65,0,0,0,0,19-APR-2021,
OPTSTK,RECLTD,24-Jun-2021,127.5,PE,0,0,0,10.4,10.95,0,0,0,0,19-APR-2021,
OPTSTK,RECLTD,24-Jun-2021,130,PE,0,0,0,11.65,12.4,0,0,0,0,19-APR-2021,
OPTSTK,RECLTD,24-Jun-2021,132.5,PE,0,0,0,13,13.9,0,0,0,0,19-APR-2021,
OPTSTK,RECLTD,24-Jun-2021,135,PE,0,0,0,14.4,15.55,0,0,0,0,19-APR-2021,
OPTSTK,RECLTD,24-Jun-2021,137.5,PE,0,0,0,15.9,17.2,0,0,0,0,19-APR-2021,
OPTSTK,RECLTD,24-Jun-2021,140,PE,0,0,0,17.45,19,0,0,0,0,19-APR-2021,
OPTSTK,RECLTD,24-Jun-2021,142.5,PE,0,0,0,19.05,20.8,0,0,0,0,19-APR-2021,
OPTSTK,RECLTD,24-Jun-2021,145,PE,0,0,0,20.75,22.7,0,0,0,0,19-APR-2021,
OPTSTK,RECLTD,24-Jun-2021,147.5,PE,0,0,0,22.5,24.7,0,0,0,0,19-APR-2021,
OPTSTK,RECLTD,24-Jun-2021,150,PE,0,0,0,24.3,26.7,0,0,0,0,19-APR-2021,
OPTSTK,RECLTD,24-Jun-2021,152.5,PE,0,0,0,26.2,28.75,0,0,0,0,19-APR-2021,
OPTSTK,RECLTD,24-Jun-2021,155,PE,0,0,0,28.1,30.9,0,0,0,0,19-APR-2021,
OPTSTK,RECLTD,24-Jun-2021,157.5,PE,0,0,0,30.05,33.05,0,0,0,0,19-APR-2021,
OPTSTK,RECLTD,24-Jun-2021,160,PE,0,0,0,32.05,35.25,0,0,0,0,19-APR-2021,
OPTSTK,RECLTD,24-Jun-2021,162.5,PE,0,0,0,34.1,37.5,0,0,0,0,19-APR-2021,
OPTSTK,RECLTD,24-Jun-2021,165,PE,0,0,0,36.2,39.75,0,0,0,0,19-APR-2021,
OPTSTK,RECLTD,24-Jun-2021,167.5,PE,0,0,0,38.35,42.05,0,0,0,0,19-APR-2021,
OPTSTK,RECLTD,24-Jun-2021,170,PE,0,0,0,40.5,44.35,0,0,0,0,19-APR-2021,
OPTSTK,RECLTD,24-Jun-2021,172.5,PE,0,0,0,42.65,46.7,0,0,0,0,19-APR-2021,
OPTSTK,RECLTD,24-Jun-2021,175,PE,0,0,0,44.9,49.05,0,0,0,0,19-APR-2021,
OPTSTK,RECLTD,24-Jun-2021,177.5,PE,0,0,0,47.15,51.4,0,0,0,0,19-APR-2021,
OPTSTK,RECLTD,24-Jun-2021,180,PE,0,0,0,49.4,53.8,0,0,0,0,19-APR-2021,
OPTSTK,RECLTD,24-Jun-2021,182.5,PE,0,0,0,51.65,56.2,0,0,0,0,19-APR-2021,
OPTSTK,RECLTD,24-Jun-2021,185,PE,0,0,0,54,58.65,0,0,0,0,19-APR-2021,
OPTSTK,RELIANCE,29-Apr-2021,1360,CE,0,0,0,600.35,543.1,0,0,1000,0,19-APR-2021,
OPTSTK,RELIANCE,29-Apr-2021,1380,CE,0,0,0,524.05,523.15,0,0,0,0,19-APR-2021,
OPTSTK,RELIANCE,29-Apr-2021,1400,CE,0,0,0,506.45,503.15,0,0,0,0,19-APR-2021,
OPTSTK,RELIANCE,29-Apr-2021,1420,CE,0,0,0,489.1,483.2,0,0,0,0,19-APR-2021,
OPTSTK,RELIANCE,29-Apr-2021,1440,CE,0,0,0,472,463.2,0,0,0,0,19-APR-2021,
OPTSTK,RELIANCE,29-Apr-2021,1460,CE,0,0,0,455.15,443.25,0,0,0,0,19-APR-2021,
OPTSTK,RELIANCE,29-Apr-2021,1480,CE,0,0,0,438.6,423.25,0,0,0,0,19-APR-2021,
OPTSTK,RELIANCE,29-Apr-2021,1500,CE,0,0,0,422.35,403.3,0,0,0,0,19-APR-2021,
OPTSTK,RELIANCE,29-Apr-2021,1520,CE,0,0,0,406.4,383.3,0,0,0,0,19-APR-2021,
OPTSTK,RELIANCE,29-Apr-2021,1540,CE,0,0,0,390.75,363.35,0,0,0,0,19-APR-2021,
OPTSTK,RELIANCE,29-Apr-2021,1560,CE,0,0,0,375.45,343.45,0,0,0,0,19-APR-2021,
OPTSTK,RELIANCE,29-Apr-2021,1580,CE,0,0,0,360.5,323.55,0,0,0,0,19-APR-2021,
OPTSTK,RELIANCE,29-Apr-2021,1600,CE,307.8,307.8,307.8,307.8,303.7,2,9.53,5000,-500,19-APR-2021,
OPTSTK,RELIANCE,29-Apr-2021,1620,CE,0,0,0,331.6,283.95,0,0,0,0,19-APR-2021,
OPTSTK,RELIANCE,29-Apr-2021,1640,CE,0,0,0,317.65,264.35,0,0,0,0,19-APR-2021,
OPTSTK,RELIANCE,29-Apr-2021,1660,CE,0,0,0,445,244.9,0,0,3250,0,19-APR-2021,
OPTSTK,RELIANCE,29-Apr-2021,1680,CE,0,0,0,290.85,225.7,0,0,0,0,19-APR-2021,
OPTSTK,RELIANCE,29-Apr-2021,1700,CE,199.7,212,199.7,212,206.8,5,23.83,10750,500,19-APR-2021,
OPTSTK,RELIANCE,29-Apr-2021,1720,CE,0,0,0,265.6,188.3,0,0,0,0,19-APR-2021,
OPTSTK,RELIANCE,29-Apr-2021,1740,CE,0,0,0,253.55,170.35,0,0,0,0,19-APR-2021,
OPTSTK,RELIANCE,29-Apr-2021,1760,CE,0,0,0,241.9,153,0,0,0,0,19-APR-2021,
OPTSTK,RELIANCE,29-Apr-2021,1780,CE,0,0,0,230.6,136.35,0,0,0,0,19-APR-2021,
OPTSTK,RELIANCE,29-Apr-2021,1800,CE,112.55,123.65,108.25,116,116,124,594.01,35750,2500,19-APR-2021,
OPTSTK,RELIANCE,29-Apr-2021,1820,CE,96,104.4,90.6,100.6,100.6,24,115.14,5250,2000,19-APR-2021,
OPTSTK,RELIANCE,29-Apr-2021,1840,CE,76.5,88.1,76.5,82,82,24,115.35,7750,2750,19-APR-2021,
OPTSTK,RELIANCE,29-Apr-2021,1860,CE,65.1,75.5,61.4,67.85,67.85,164,790.55,13000,4750,19-APR-2021,
OPTSTK,RELIANCE,29-Apr-2021,1880,CE,56.25,65.65,49.35,54.35,54.35,603,2918.09,22000,9250,19-APR-2021,
OPTSTK,RELIANCE,29-Apr-2021,1900,CE,49.95,54.25,38.9,42.65,42.65,8930,43410.99,518250,242500,19-APR-2021,
OPTSTK,RELIANCE,29-Apr-2021,1920,CE,40.5,43.05,30.4,33,33,6616,32332.53,312250,198000,19-APR-2021,
OPTSTK,RELIANCE,29-Apr-2021,1940,CE,39.4,39.45,23.4,25.2,25.2,6568,32300.5,492500,24250,19-APR-2021,
OPTSTK,RELIANCE,29-Apr-2021,1960,CE,24.3,26.9,17.95,19,19,6438,31878.97,561000,50000,19-APR-2021,
OPTSTK,RELIANCE,29-Apr-2021,1980,CE,20.4,21,13.7,14.35,14.35,4237,21140.67,332250,6000,19-APR-2021,
OPTSTK,RELIANCE,29-Apr-2021,2000,CE,15,17.45,10.6,11.05,11.05,14050,70678.23,2255250,126750,19-APR-2021,
OPTSTK,RELIANCE,29-Apr-2021,2020,CE,13.15,13.15,8.1,8.35,8.35,3299,16737.3,567750,5500,19-APR-2021,
OPTSTK,RELIANCE,29-Apr-2021,2040,CE,9.95,10.3,6.3,6.45,6.45,3588,18363.05,837250,22750,19-APR-2021,
OPTSTK,RELIANCE,29-Apr-2021,2060,CE,8.5,8.5,5.05,5.25,5.25,2626,13562.08,606000,-31250,19-APR-2021,
OPTSTK,RELIANCE,29-Apr-2021,2080,CE,6.85,6.85,4.2,4.3,4.3,2597,13534.82,378750,20750,19-APR-2021,
OPTSTK,RELIANCE,29-Apr-2021,2100,CE,6.4,6.4,3.2,3.5,3.5,7017,36904.79,2904250,-171500,19-APR-2021,
OPTSTK,RELIANCE,29-Apr-2021,2120,CE,4,4.3,2.7,3.1,3.1,1471,7808.32,213750,-13000,19-APR-2021,
OPTSTK,RELIANCE,29-Apr-2021,2140,CE,3.8,3.95,2.25,2.8,2.8,1223,6551.87,254750,-44500,19-APR-2021,
OPTSTK,RELIANCE,29-Apr-2021,2160,CE,3.55,3.55,2.1,2.4,2.4,521,2816.61,202500,500,19-APR-2021,
OPTSTK,RELIANCE,29-Apr-2021,2180,CE,3.3,3.3,1.9,2.25,2.25,626,3415.12,184000,-12500,19-APR-2021,
OPTSTK,RELIANCE,29-Apr-2021,2200,CE,2.8,2.9,1.5,2.15,2.15,2824,15545.64,1813000,-251250,19-APR-2021,
OPTSTK,RELIANCE,29-Apr-2021,2220,CE,2.2,3,1.3,2.4,2.4,329,1827.47,166000,-27000,19-APR-2021,
OPTSTK,RELIANCE,29-Apr-2021,2240,CE,1.6,2.5,1.25,2.1,2.1,172,963.9,129250,-12750,19-APR-2021,
OPTSTK,RELIANCE,29-Apr-2021,2260,CE,1.35,1.9,0.95,1.45,1.45,116,655.76,204250,-6500,19-APR-2021,
OPTSTK,RELIANCE,29-Apr-2021,2280,CE,1.25,1.4,0.9,1.25,1.25,79,450.52,72000,-10500,19-APR-2021,
OPTSTK,RELIANCE,29-Apr-2021,2300,CE,1.1,1.4,0.7,1.25,1.25,746,4291.6,738750,-70750,19-APR-2021,
OPTSTK,RELIANCE,29-Apr-2021,2320,CE,0.7,1.7,0.7,1.1,1.1,48,278.55,47500,750,19-APR-2021,
OPTSTK,RELIANCE,29-Apr-2021,2340,CE,0.5,1.15,0.35,1.1,1.1,16,93.63,33000,750,19-APR-2021,
OPTSTK,RELIANCE,29-Apr-2021,2360,CE,0.15,0.95,0.15,0.9,0.9,16,94.42,49000,-1750,19-APR-2021,
OPTSTK,RELIANCE,29-Apr-2021,2380,CE,0.55,1.15,0.5,0.7,0.7,19,113.08,22250,-2250,19-APR-2021,
OPTSTK,RELIANCE,29-Apr-2021,2400,CE,0.7,0.8,0.2,0.65,0.65,394,2364.51,706250,-48000,19-APR-2021,
OPTSTK,RELIANCE,29-Apr-2021,2420,CE,0.45,0.85,0.45,0.5,0.05,8,48.41,19250,-1250,19-APR-2021,
OPTSTK,RELIANCE,29-Apr-2021,2440,CE,0.2,0.4,0.2,0.35,0.05,4,24.4,19000,-500,19-APR-2021,
OPTSTK,RELIANCE,29-Apr-2021,2460,CE,0,0,0,1.5,0.05,0,0,7000,0,19-APR-2021,
OPTSTK,RELIANCE,29-Apr-2021,2480,CE,0.3,0.3,0.3,0.3,0.05,1,6.2,14000,-250,19-APR-2021,
OPTSTK,RELIANCE,29-Apr-2021,2500,CE,0.95,0.95,0.4,0.6,0.6,150,937.7,250500,-27250,19-APR-2021,
OPTSTK,RELIANCE,29-Apr-2021,2520,CE,0.25,0.55,0.25,0.55,0.55,3,18.9,7250,0,19-APR-2021,
OPTSTK,RELIANCE,29-Apr-2021,2540,CE,0,0,0,24.75,0,0,0,0,0,19-APR-2021,
OPTSTK,RELIANCE,29-Apr-2021,2560,CE,0,0,0,23.1,0,0,0,0,0,19-APR-2021,
OPTSTK,RELIANCE,29-Apr-2021,2580,CE,0,0,0,21.6,0,0,0,0,0,19-APR-2021,
OPTSTK,RELIANCE,29-Apr-2021,2600,CE,0.9,1,0.35,0.85,0.85,130,845.22,99500,-5000,19-APR-2021,
OPTSTK,RELIANCE,29-Apr-2021,2620,CE,0,0,0,18.85,0,0,0,0,0,19-APR-2021,
OPTSTK,RELIANCE,29-Apr-2021,2640,CE,0.1,0.1,0.1,0.1,0,1,6.6,750,0,19-APR-2021,
OPTSTK,RELIANCE,29-Apr-2021,2660,CE,0,0,0,16.45,0,0,0,0,0,19-APR-2021,
OPTSTK,RELIANCE,29-Apr-2021,2680,CE,0.5,0.65,0.3,0.65,0,7,46.9,21500,0,19-APR-2021,
OPTSTK,RELIANCE,29-Apr-2021,1360,PE,3.4,3.4,0.8,0.95,0.95,33,112.32,15750,1250,19-APR-2021,
OPTSTK,RELIANCE,29-Apr-2021,1380,PE,0,0,0,14.75,0,0,0,0,0,19-APR-2021,
OPTSTK,RELIANCE,29-Apr-2021,1400,PE,1.1,1.65,1,1,1,16,56.04,48000,-500,19-APR-2021,
OPTSTK,RELIANCE,29-Apr-2021,1420,PE,0,0,0,19.4,0,0,0,0,0,19-APR-2021,
OPTSTK,RELIANCE,29-Apr-2021,1440,PE,0,0,0,22.15,0,0,0,0,0,19-APR-2021,
OPTSTK,RELIANCE,29-Apr-2021,1460,PE,0,0,0,25.1,0,0,0,0,0,19-APR-2021,
OPTSTK,RELIANCE,29-Apr-2021,1480,PE,0,0,0,28.35,0.05,0,0,0,0,19-APR-2021,
OPTSTK,RELIANCE,29-Apr-2021,1500,PE,1.15,1.95,1.15,1.4,1.4,40,150.16,33250,2750,19-APR-2021,
OPTSTK,RELIANCE,29-Apr-2021,1520,PE,0,0,0,35.8,0.05,0,0,0,0,19-APR-2021,
OPTSTK,RELIANCE,29-Apr-2021,1540,PE,0.15,2.95,0.15,2,0.1,14,53.97,2000,1000,19-APR-2021,
OPTSTK,RELIANCE,29-Apr-2021,1560,PE,0,0,0,44.45,0.15,0,0,0,0,19-APR-2021,
OPTSTK,RELIANCE,29-Apr-2021,1580,PE,0,0,0,49.3,0.2,0,0,0,0,19-APR-2021,
OPTSTK,RELIANCE,29-Apr-2021,1600,PE,2.4,3.4,2.1,2.3,2.3,269,1077.74,123000,32500,19-APR-2021,
OPTSTK,RELIANCE,29-Apr-2021,1620,PE,2.3,2.5,1.85,2.05,0.6,65,263.62,26750,14250,19-APR-2021,
OPTSTK,RELIANCE,29-Apr-2021,1640,PE,0,0,0,1.6,0.95,0,0,8750,0,19-APR-2021,
OPTSTK,RELIANCE,29-Apr-2021,1660,PE,1.95,3.5,1.95,2.65,2.65,62,257.76,32000,500,19-APR-2021,
OPTSTK,RELIANCE,29-Apr-2021,1680,PE,3.75,4.1,3,3.25,3.25,79,332.51,42750,2000,19-APR-2021,
OPTSTK,RELIANCE,29-Apr-2021,1700,PE,3.5,5.35,3.15,3.9,3.9,1683,7171.54,273750,13500,19-APR-2021,
OPTSTK,RELIANCE,29-Apr-2021,1720,PE,3.9,6.15,3.85,4.5,4.5,1187,5119.18,37000,-8500,19-APR-2021,
OPTSTK,RELIANCE,29-Apr-2021,1740,PE,4.65,7.3,4.65,5.2,5.2,978,4268.97,83000,-1750,19-APR-2021,
OPTSTK,RELIANCE,29-Apr-2021,1760,PE,5.8,8.9,5.6,6.25,6.25,1361,6013.09,97500,13750,19-APR-2021,
OPTSTK,RELIANCE,29-Apr-2021,1780,PE,10,11.05,6.9,7.65,7.65,1376,6153.33,85750,21000,19-APR-2021,
OPTSTK,RELIANCE,29-Apr-2021,1800,PE,9.5,14,8.75,9.75,9.75,6318,28607.87,766250,84750,19-APR-2021,
OPTSTK,RELIANCE,29-Apr-2021,1820,PE,13.1,17.5,10.95,12.45,12.45,1880,8620.15,143500,22000,19-APR-2021,
OPTSTK,RELIANCE,29-Apr-2021,1840,PE,17.8,22.55,14.35,16.2,16.2,4042,18777.33,372000,40000,19-APR-2021,
OPTSTK,RELIANCE,29-Apr-2021,1860,PE,22.15,28.3,18.95,21.35,21.35,4435,20882.49,313250,42500,19-APR-2021,
OPTSTK,RELIANCE,29-Apr-2021,1880,PE,30.75,36.05,24.95,27.9,27.9,3627,17318.48,170500,12500,19-APR-2021,
OPTSTK,RELIANCE,29-Apr-2021,1900,PE,36.05,45.75,32.15,36.2,36.2,10727,51990.84,1381000,-39750,19-APR-2021,
OPTSTK,RELIANCE,29-Apr-2021,1920,PE,47.05,56.95,42,46.4,46.4,2005,9864.86,240500,29500,19-APR-2021,
OPTSTK,RELIANCE,29-Apr-2021,1940,PE,60,69.7,53.1,58.45,58.45,1586,7933.92,241750,-49500,19-APR-2021,
OPTSTK,RELIANCE,29-Apr-2021,1960,PE,74.15,83.5,66.05,72.55,72.55,490,2492.92,397750,-29750,19-APR-2021,
OPTSTK,RELIANCE,29-Apr-2021,1980,PE,87.35,101,81.5,87.9,87.9,373,1930.28,172750,-4750,19-APR-2021,
OPTSTK,RELIANCE,29-Apr-2021,2000,PE,99,117.25,96.65,104.4,104.4,796,4193.44,1000750,-101250,19-APR-2021,
OPTSTK,RELIANCE,29-Apr-2021,2020,PE,119.65,133.15,116,122.4,122.4,103,552.43,107750,-9250,19-APR-2021,
OPTSTK,RELIANCE,29-Apr-2021,2040,PE,135,151,129.75,140.7,140.7,104,566.88,113750,-3750,19-APR-2021,
OPTSTK,RELIANCE,29-Apr-2021,2060,PE,148.5,170,148.5,158.25,158.25,56,310.96,145000,-10000,19-APR-2021,
OPTSTK,RELIANCE,29-Apr-2021,2080,PE,172.6,189.9,170.2,176.3,176.3,25,140.96,53250,-2250,19-APR-2021,
OPTSTK,RELIANCE,29-Apr-2021,2100,PE,188.95,211.8,188.95,200.1,202.1,65,373.52,315750,-4000,19-APR-2021,
OPTSTK,RELIANCE,29-Apr-2021,2120,PE,217.95,223.75,217.3,217.85,220.6,7,40.94,24250,1750,19-APR-2021,
OPTSTK,RELIANCE,29-Apr-2021,2140,PE,245.8,245.8,245.8,245.8,239.45,1,5.96,35750,250,19-APR-2021,
OPTSTK,RELIANCE,29-Apr-2021,2160,PE,251,258.65,251,258.65,258.55,2,12.07,38750,-250,19-APR-2021,
OPTSTK,RELIANCE,29-Apr-2021,2180,PE,271.3,271.3,271.3,271.3,277.9,1,6.12,19250,-250,19-APR-2021,
OPTSTK,RELIANCE,29-Apr-2021,2200,PE,300,305,290,294.35,294.35,38,237.31,142000,-6750,19-APR-2021,
OPTSTK,RELIANCE,29-Apr-2021,2220,PE,0,0,0,294,317,0,0,7000,0,19-APR-2021,
OPTSTK,RELIANCE,29-Apr-2021,2240,PE,0,0,0,300.75,336.7,0,0,8250,0,19-APR-2021,
OPTSTK,RELIANCE,29-Apr-2021,2260,PE,0,0,0,325.9,356.5,0,0,1750,0,19-APR-2021,
OPTSTK,RELIANCE,29-Apr-2021,2280,PE,0,0,0,336.3,376.3,0,0,750,0,19-APR-2021,
OPTSTK,RELIANCE,29-Apr-2021,2300,PE,392.9,397.25,389,389,396.2,16,107.76,78250,-3000,19-APR-2021,
OPTSTK,RELIANCE,29-Apr-2021,2320,PE,0,0,0,472.6,416.1,0,0,0,0,19-APR-2021,
OPTSTK,RELIANCE,29-Apr-2021,2340,PE,0,0,0,489.35,436.05,0,0,0,0,19-APR-2021,
OPTSTK,RELIANCE,29-Apr-2021,2360,PE,0,0,0,258,456,0,0,2750,0,19-APR-2021,
OPTSTK,RELIANCE,29-Apr-2021,2380,PE,0,0,0,523.25,475.95,0,0,0,0,19-APR-2021,
OPTSTK,RELIANCE,29-Apr-2021,2400,PE,504.75,504.75,503,503,495.9,4,29.03,29250,-1000,19-APR-2021,
OPTSTK,RELIANCE,29-Apr-2021,2420,PE,0,0,0,340,515.9,0,0,750,0,19-APR-2021,
OPTSTK,RELIANCE,29-Apr-2021,2440,PE,0,0,0,575.3,535.85,0,0,0,0,19-APR-2021,
OPTSTK,RELIANCE,29-Apr-2021,2460,PE,0,0,0,592.95,555.85,0,0,0,0,19-APR-2021,
OPTSTK,RELIANCE,29-Apr-2021,2480,PE,0,0,0,610.7,575.8,0,0,0,0,19-APR-2021,
OPTSTK,RELIANCE,29-Apr-2021,2500,PE,0,0,0,583.45,595.8,0,0,6000,0,19-APR-2021,
OPTSTK,RELIANCE,29-Apr-2021,2520,PE,0,0,0,646.55,615.75,0,0,0,0,19-APR-2021,
OPTSTK,RELIANCE,29-Apr-2021,2540,PE,0,0,0,664.65,635.75,0,0,0,0,19-APR-2021,
OPTSTK,RELIANCE,29-Apr-2021,2560,PE,0,0,0,682.9,655.75,0,0,0,0,19-APR-2021,
OPTSTK,RELIANCE,29-Apr-2021,2580,PE,0,0,0,701.2,675.7,0,0,0,0,19-APR-2021,
OPTSTK,RELIANCE,29-Apr-2021,2600,PE,0,0,0,719.55,695.7,0,0,0,0,19-APR-2021,
OPTSTK,RELIANCE,29-Apr-2021,2620,PE,0,0,0,738.05,715.65,0,0,0,0,19-APR-2021,
OPTSTK,RELIANCE,29-Apr-2021,2640,PE,0,0,0,756.6,735.65,0,0,0,0,19-APR-2021,
OPTSTK,RELIANCE,29-Apr-2021,2660,PE,0,0,0,775.25,755.65,0,0,0,0,19-APR-2021,
OPTSTK,RELIANCE,29-Apr-2021,2680,PE,0,0,0,650,775.6,0,0,2000,0,19-APR-2021,
OPTSTK,RELIANCE,27-May-2021,1360,CE,0,0,0,799.9,547.7,0,0,0,0,19-APR-2021,
OPTSTK,RELIANCE,27-May-2021,1380,CE,0,0,0,780.65,528,0,0,0,0,19-APR-2021,
OPTSTK,RELIANCE,27-May-2021,1400,CE,0,0,0,761.5,508.4,0,0,0,0,19-APR-2021,
OPTSTK,RELIANCE,27-May-2021,1420,CE,0,0,0,742.45,488.85,0,0,0,0,19-APR-2021,
OPTSTK,RELIANCE,27-May-2021,1440,CE,0,0,0,723.5,469.4,0,0,0,0,19-APR-2021,
OPTSTK,RELIANCE,27-May-2021,1460,CE,0,0,0,704.7,450.1,0,0,0,0,19-APR-2021,
OPTSTK,RELIANCE,27-May-2021,1480,CE,0,0,0,686,430.9,0,0,0,0,19-APR-2021,
OPTSTK,RELIANCE,27-May-2021,1500,CE,0,0,0,667.4,411.95,0,0,0,0,19-APR-2021,
OPTSTK,RELIANCE,27-May-2021,1520,CE,0,0,0,649,393.15,0,0,0,0,19-APR-2021,
OPTSTK,RELIANCE,27-May-2021,1540,CE,0,0,0,630.75,374.55,0,0,0,0,19-APR-2021,
OPTSTK,RELIANCE,27-May-2021,1560,CE,0,0,0,612.7,356.25,0,0,0,0,19-APR-2021,
OPTSTK,RELIANCE,27-May-2021,1580,CE,0,0,0,594.8,338.2,0,0,0,0,19-APR-2021,
OPTSTK,RELIANCE,27-May-2021,1600,CE,320,320,320,320,320.5,2,9.6,500,500,19-APR-2021,
OPTSTK,RELIANCE,27-May-2021,1620,CE,0,0,0,559.6,303.15,0,0,0,0,19-APR-2021,
OPTSTK,RELIANCE,27-May-2021,1640,CE,0,0,0,542.35,286.15,0,0,0,0,19-APR-2021,
OPTSTK,RELIANCE,27-May-2021,1660,CE,0,0,0,525.3,269.6,0,0,0,0,19-APR-2021,
OPTSTK,RELIANCE,27-May-2021,1680,CE,0,0,0,508.5,253.45,0,0,0,0,19-APR-2021,
OPTSTK,RELIANCE,27-May-2021,1700,CE,0,0,0,491.95,237.8,0,0,0,0,19-APR-2021,
OPTSTK,RELIANCE,27-May-2021,1720,CE,0,0,0,475.65,222.65,0,0,0,0,19-APR-2021,
OPTSTK,RELIANCE,27-May-2021,1740,CE,0,0,0,459.65,208.1,0,0,0,0,19-APR-2021,
OPTSTK,RELIANCE,27-May-2021,1760,CE,0,0,0,443.9,193.9,0,0,0,0,19-APR-2021,
OPTSTK,RELIANCE,27-May-2021,1780,CE,0,0,0,428.45,180.4,0,0,0,0,19-APR-2021,
OPTSTK,RELIANCE,27-May-2021,1800,CE,170,170,149.95,149.95,149.95,26,127.32,6250,6000,19-APR-2021,
OPTSTK,RELIANCE,27-May-2021,1820,CE,0,0,0,398.5,155.05,0,0,0,0,19-APR-2021,
OPTSTK,RELIANCE,27-May-2021,1840,CE,0,0,0,383.9,143.3,0,0,0,0,19-APR-2021,
OPTSTK,RELIANCE,27-May-2021,1860,CE,0,0,0,369.65,132.15,0,0,0,0,19-APR-2021,
OPTSTK,RELIANCE,27-May-2021,1880,CE,0,0,0,355.75,121.6,0,0,0,0,19-APR-2021,
OPTSTK,RELIANCE,27-May-2021,1900,CE,90.8,94.5,84.6,87.3,87.3,628,3122.71,143000,65000,19-APR-2021,
OPTSTK,RELIANCE,27-May-2021,1920,CE,85,85,78,79.3,79.3,45,225.09,7500,6000,19-APR-2021,
OPTSTK,RELIANCE,27-May-2021,1940,CE,72.25,74,61.3,70.35,70.35,199,1000.55,46750,20250,19-APR-2021,
OPTSTK,RELIANCE,27-May-2021,1960,CE,75,75,59,61.85,61.85,77,389.26,24750,4250,19-APR-2021,
OPTSTK,RELIANCE,27-May-2021,1980,CE,60,60,60,60,77.55,1,5.1,5250,0,19-APR-2021,
OPTSTK,RELIANCE,27-May-2021,2000,CE,59.5,59.5,44.6,47.5,47.5,1107,5668.85,297500,46250,19-APR-2021,
OPTSTK,RELIANCE,27-May-2021,2020,CE,0,0,0,57,63.8,0,0,2750,0,19-APR-2021,
OPTSTK,RELIANCE,27-May-2021,2040,CE,40,40,35.6,36.2,36.2,87,451.76,18750,2000,19-APR-2021,
OPTSTK,RELIANCE,27-May-2021,2060,CE,0,0,0,245.4,52.05,0,0,0,0,19-APR-2021,
OPTSTK,RELIANCE,27-May-2021,2080,CE,25,40,25,32.5,32.5,4,21.1,1000,0,19-APR-2021,
OPTSTK,RELIANCE,27-May-2021,2100,CE,28.8,29,18.25,23.4,23.4,594,3154.93,277500,39500,19-APR-2021,
OPTSTK,RELIANCE,27-May-2021,2120,CE,0,0,0,214.7,37.8,0,0,0,0,19-APR-2021,
OPTSTK,RELIANCE,27-May-2021,2140,CE,0,0,0,205.15,33.85,0,0,0,0,19-APR-2021,
OPTSTK,RELIANCE,27-May-2021,2160,CE,0,0,0,195.9,30.25,0,0,0,0,19-APR-2021,
OPTSTK,RELIANCE,27-May-2021,2180,CE,0,0,0,186.95,26.95,0,0,0,0,19-APR-2021,
OPTSTK,RELIANCE,27-May-2021,2200,CE,17.1,17.1,12.05,13.1,13.1,388,2147.29,237500,26750,19-APR-2021,
OPTSTK,RELIANCE,27-May-2021,2220,CE,0,0,0,170.05,21.3,0,0,0,0,19-APR-2021,
OPTSTK,RELIANCE,27-May-2021,2240,CE,0,0,0,162.1,18.9,0,0,0,0,19-APR-2021,
OPTSTK,RELIANCE,27-May-2021,2260,CE,0,0,0,154.4,16.7,0,0,0,0,19-APR-2021,
OPTSTK,RELIANCE,27-May-2021,2280,CE,0,0,0,20.2,14.75,0,0,250,0,19-APR-2021,
OPTSTK,RELIANCE,27-May-2021,2300,CE,8,9.45,7.55,8.85,8.85,116,669.53,134750,9000,19-APR-2021,
OPTSTK,RELIANCE,27-May-2021,2320,CE,0,0,0,9.4,11.45,0,0,250,0,19-APR-2021,
OPTSTK,RELIANCE,27-May-2021,2340,CE,0,0,0,126.5,10.05,0,0,0,0,19-APR-2021,
OPTSTK,RELIANCE,27-May-2021,2360,CE,0,0,0,120.2,8.85,0,0,0,0,19-APR-2021,
OPTSTK,RELIANCE,27-May-2021,2380,CE,0,0,0,114.2,7.75,0,0,0,0,19-APR-2021,
OPTSTK,RELIANCE,27-May-2021,2400,CE,4.85,7.5,4.2,5.85,5.85,37,222.49,46750,1500,19-APR-2021,
OPTSTK,RELIANCE,27-May-2021,2420,CE,0,0,0,102.9,5.9,0,0,0,0,19-APR-2021,
OPTSTK,RELIANCE,27-May-2021,2440,CE,0,0,0,97.6,5.15,0,0,0,0,19-APR-2021,
OPTSTK,RELIANCE,27-May-2021,2460,CE,0,0,0,92.65,4.45,0,0,0,0,19-APR-2021,
OPTSTK,RELIANCE,27-May-2021,2480,CE,0,0,0,87.85,3.9,0,0,0,0,19-APR-2021,
OPTSTK,RELIANCE,27-May-2021,2500,CE,3.75,4.4,3.7,4.1,3.4,36,225.35,54750,4250,19-APR-2021,
OPTSTK,RELIANCE,27-May-2021,2520,CE,0,0,0,78.9,2.95,0,0,0,0,19-APR-2021,
OPTSTK,RELIANCE,27-May-2021,2540,CE,0,0,0,74.7,2.55,0,0,0,0,19-APR-2021,
OPTSTK,RELIANCE,27-May-2021,2560,CE,0,0,0,70.7,2.2,0,0,0,0,19-APR-2021,
OPTSTK,RELIANCE,27-May-2021,2580,CE,0,0,0,66.95,1.9,0,0,0,0,19-APR-2021,
OPTSTK,RELIANCE,27-May-2021,2600,CE,0,0,0,4.05,1.65,0,0,7000,0,19-APR-2021,
OPTSTK,RELIANCE,27-May-2021,2620,CE,0,0,0,59.75,1.4,0,0,0,0,19-APR-2021,
OPTSTK,RELIANCE,27-May-2021,2640,CE,0,0,0,56.5,1.2,0,0,0,0,19-APR-2021,
OPTSTK,RELIANCE,27-May-2021,2660,CE,0,0,0,53.35,1.05,0,0,0,0,19-APR-2021,
OPTSTK,RELIANCE,27-May-2021,2680,CE,0,0,0,4.95,0.9,0,0,750,0,19-APR-2021,
OPTSTK,RELIANCE,27-May-2021,1360,PE,0,0,0,2.9,0.65,0,0,0,0,19-APR-2021,
OPTSTK,RELIANCE,27-May-2021,1380,PE,0,0,0,3.5,0.85,0,0,0,0,19-APR-2021,
OPTSTK,RELIANCE,27-May-2021,1400,PE,3.95,3.95,3.95,3.95,1.15,1,3.5,250,250,19-APR-2021,
OPTSTK,RELIANCE,27-May-2021,1420,PE,0,0,0,4.9,1.55,0,0,0,0,19-APR-2021,
OPTSTK,RELIANCE,27-May-2021,1440,PE,0,0,0,5.75,2.05,0,0,0,0,19-APR-2021,
OPTSTK,RELIANCE,27-May-2021,1460,PE,0,0,0,6.75,2.65,0,0,0,0,19-APR-2021,
OPTSTK,RELIANCE,27-May-2021,1480,PE,0,0,0,7.85,3.4,0,0,0,0,19-APR-2021,
OPTSTK,RELIANCE,27-May-2021,1500,PE,5,5,5,5,4.35,1,3.76,2250,250,19-APR-2021,
OPTSTK,RELIANCE,27-May-2021,1520,PE,0,0,0,10.5,5.45,0,0,0,0,19-APR-2021,
OPTSTK,RELIANCE,27-May-2021,1540,PE,0,0,0,12.1,6.8,0,0,0,0,19-APR-2021,
OPTSTK,RELIANCE,27-May-2021,1560,PE,0,0,0,13.8,8.4,0,0,0,0,19-APR-2021,
OPTSTK,RELIANCE,27-May-2021,1580,PE,24,24,24,24,10.3,1,4.01,500,0,19-APR-2021,
OPTSTK,RELIANCE,27-May-2021,1600,PE,6.5,20,6.5,8.25,8.25,41,164.96,15750,5750,19-APR-2021,
OPTSTK,RELIANCE,27-May-2021,1620,PE,0,0,0,20.2,15.1,0,0,0,0,19-APR-2021,
OPTSTK,RELIANCE,27-May-2021,1640,PE,9.4,9.4,9.4,9.4,18,1,4.12,500,0,19-APR-2021,
OPTSTK,RELIANCE,27-May-2021,1660,PE,0,0,0,12,21.4,0,0,250,0,19-APR-2021,
OPTSTK,RELIANCE,27-May-2021,1680,PE,0,0,0,28.5,25.2,0,0,0,0,19-APR-2021,
OPTSTK,RELIANCE,27-May-2021,1700,PE,15.05,20,15,16,16,257,1102.76,66000,28000,19-APR-2021,
OPTSTK,RELIANCE,27-May-2021,1720,PE,0,0,0,35.3,34.2,0,0,0,0,19-APR-2021,
OPTSTK,RELIANCE,27-May-2021,1740,PE,34.85,34.85,24,24,39.55,2,8.84,250,0,19-APR-2021,
OPTSTK,RELIANCE,27-May-2021,1760,PE,0,0,0,43.15,45.3,0,0,0,0,19-APR-2021,
OPTSTK,RELIANCE,27-May-2021,1780,PE,0,0,0,47.5,51.7,0,0,0,0,19-APR-2021,
OPTSTK,RELIANCE,27-May-2021,1800,PE,30.3,39,29.45,34.05,34.05,556,2551.08,200500,52000,19-APR-2021,
OPTSTK,RELIANCE,27-May-2021,1820,PE,0,0,0,30,66.25,0,0,2500,0,19-APR-2021,
OPTSTK,RELIANCE,27-May-2021,1840,PE,67.5,67.5,45,48,48,33,155.75,6250,3000,19-APR-2021,
OPTSTK,RELIANCE,27-May-2021,1860,PE,75.5,75.5,75.5,75.5,83.15,1,4.83,3500,0,19-APR-2021,
OPTSTK,RELIANCE,27-May-2021,1880,PE,0,0,0,73.9,92.5,0,0,0,0,19-APR-2021,
OPTSTK,RELIANCE,27-May-2021,1900,PE,67.9,80.05,67.9,71.8,71.8,626,3087.92,288500,61750,19-APR-2021,
OPTSTK,RELIANCE,27-May-2021,1920,PE,72,72,72,72,113,1,4.98,250,250,19-APR-2021,
OPTSTK,RELIANCE,27-May-2021,1940,PE,0,0,0,78,124.15,0,0,1250,0,19-APR-2021,
OPTSTK,RELIANCE,27-May-2021,1960,PE,0,0,0,80,135.8,0,0,0,0,19-APR-2021,
OPTSTK,RELIANCE,27-May-2021,1980,PE,0,0,0,108.25,148.05,0,0,0,0,19-APR-2021,
OPTSTK,RELIANCE,27-May-2021,2000,PE,129.35,142,125,132.55,132.55,118,629.08,266500,750,19-APR-2021,
OPTSTK,RELIANCE,27-May-2021,2020,PE,0,0,0,135,174.15,0,0,750,0,19-APR-2021,
OPTSTK,RELIANCE,27-May-2021,2040,PE,0,0,0,132.95,188,0,0,0,0,19-APR-2021,
OPTSTK,RELIANCE,27-May-2021,2060,PE,0,0,0,141.9,202.25,0,0,0,0,19-APR-2021,
OPTSTK,RELIANCE,27-May-2021,2080,PE,0,0,0,151.15,217.1,0,0,0,0,19-APR-2021,
OPTSTK,RELIANCE,27-May-2021,2100,PE,195,211.7,195,208,208,10,57.62,54000,750,19-APR-2021,
OPTSTK,RELIANCE,27-May-2021,2120,PE,0,0,0,170.65,247.8,0,0,0,0,19-APR-2021,
OPTSTK,RELIANCE,27-May-2021,2140,PE,0,0,0,180.9,263.75,0,0,0,0,19-APR-2021,
OPTSTK,RELIANCE,27-May-2021,2160,PE,0,0,0,250,280.05,0,0,250,0,19-APR-2021,
OPTSTK,RELIANCE,27-May-2021,2180,PE,0,0,0,202.35,296.7,0,0,0,0,19-APR-2021,
OPTSTK,RELIANCE,27-May-2021,2200,PE,295,305,295,295,313.65,24,150.02,10750,5750,19-APR-2021,
OPTSTK,RELIANCE,27-May-2021,2220,PE,0,0,0,225.05,330.9,0,0,0,0,19-APR-2021,
OPTSTK,RELIANCE,27-May-2021,2240,PE,0,0,0,325,348.4,0,0,500,0,19-APR-2021,
OPTSTK,RELIANCE,27-May-2021,2260,PE,0,0,0,249,366.15,0,0,0,0,19-APR-2021,
OPTSTK,RELIANCE,27-May-2021,2280,PE,0,0,0,261.4,384.1,0,0,0,0,19-APR-2021,
OPTSTK,RELIANCE,27-May-2021,2300,PE,397,397,397,397,402.3,3,20.22,4250,750,19-APR-2021,
OPTSTK,RELIANCE,27-May-2021,2320,PE,0,0,0,287.1,420.65,0,0,0,0,19-APR-2021,
OPTSTK,RELIANCE,27-May-2021,2340,PE,0,0,0,300.4,439.2,0,0,0,0,19-APR-2021,
OPTSTK,RELIANCE,27-May-2021,2360,PE,0,0,0,313.9,457.9,0,0,0,0,19-APR-2021,
OPTSTK,RELIANCE,27-May-2021,2380,PE,0,0,0,327.7,476.7,0,0,0,0,19-APR-2021,
OPTSTK,RELIANCE,27-May-2021,2400,PE,490,490,490,490,495.65,4,28.9,1000,1000,19-APR-2021,
OPTSTK,RELIANCE,27-May-2021,2420,PE,0,0,0,356.05,514.7,0,0,0,0,19-APR-2021,
OPTSTK,RELIANCE,27-May-2021,2440,PE,0,0,0,370.55,533.9,0,0,0,0,19-APR-2021,
OPTSTK,RELIANCE,27-May-2021,2460,PE,0,0,0,385.45,553.15,0,0,0,0,19-APR-2021,
OPTSTK,RELIANCE,27-May-2021,2480,PE,0,0,0,400.45,572.5,0,0,0,0,19-APR-2021,
OPTSTK,RELIANCE,27-May-2021,2500,PE,0,0,0,415.65,591.9,0,0,0,0,19-APR-2021,
OPTSTK,RELIANCE,27-May-2021,2520,PE,0,0,0,431.1,611.35,0,0,0,0,19-APR-2021,
OPTSTK,RELIANCE,27-May-2021,2540,PE,0,0,0,446.7,630.9,0,0,0,0,19-APR-2021,
OPTSTK,RELIANCE,27-May-2021,2560,PE,0,0,0,462.55,650.45,0,0,0,0,19-APR-2021,
OPTSTK,RELIANCE,27-May-2021,2580,PE,0,0,0,478.55,670.1,0,0,0,0,19-APR-2021,
OPTSTK,RELIANCE,27-May-2021,2600,PE,0,0,0,494.65,689.75,0,0,0,0,19-APR-2021,
OPTSTK,RELIANCE,27-May-2021,2620,PE,0,0,0,511.05,709.45,0,0,0,0,19-APR-2021,
OPTSTK,RELIANCE,27-May-2021,2640,PE,0,0,0,527.55,729.15,0,0,0,0,19-APR-2021,
OPTSTK,RELIANCE,27-May-2021,2660,PE,0,0,0,544.25,748.95,0,0,0,0,19-APR-2021,
OPTSTK,RELIANCE,27-May-2021,2680,PE,0,0,0,561.1,768.7,0,0,0,0,19-APR-2021,
OPTSTK,RELIANCE,24-Jun-2021,1360,CE,0,0,0,650.05,554.85,0,0,0,0,19-APR-2021,
OPTSTK,RELIANCE,24-Jun-2021,1380,CE,0,0,0,631.35,535.9,0,0,0,0,19-APR-2021,
OPTSTK,RELIANCE,24-Jun-2021,1400,CE,0,0,0,612.75,517.05,0,0,0,0,19-APR-2021,
OPTSTK,RELIANCE,24-Jun-2021,1420,CE,0,0,0,594.35,498.4,0,0,0,0,19-APR-2021,
OPTSTK,RELIANCE,24-Jun-2021,1440,CE,0,0,0,576.1,479.95,0,0,0,0,19-APR-2021,
OPTSTK,RELIANCE,24-Jun-2021,1460,CE,0,0,0,558.05,461.7,0,0,0,0,19-APR-2021,
OPTSTK,RELIANCE,24-Jun-2021,1480,CE,0,0,0,540.2,443.7,0,0,0,0,19-APR-2021,
OPTSTK,RELIANCE,24-Jun-2021,1500,CE,0,0,0,522.55,425.9,0,0,0,0,19-APR-2021,
OPTSTK,RELIANCE,24-Jun-2021,1520,CE,0,0,0,505.15,408.4,0,0,0,0,19-APR-2021,
OPTSTK,RELIANCE,24-Jun-2021,1540,CE,0,0,0,488,391.2,0,0,0,0,19-APR-2021,
OPTSTK,RELIANCE,24-Jun-2021,1560,CE,0,0,0,471.1,374.3,0,0,0,0,19-APR-2021,
OPTSTK,RELIANCE,24-Jun-2021,1580,CE,0,0,0,454.45,357.75,0,0,0,0,19-APR-2021,
OPTSTK,RELIANCE,24-Jun-2021,1600,CE,0,0,0,438.1,341.5,0,0,0,0,19-APR-2021,
OPTSTK,RELIANCE,24-Jun-2021,1620,CE,0,0,0,422.05,325.65,0,0,0,0,19-APR-2021,
OPTSTK,RELIANCE,24-Jun-2021,1640,CE,0,0,0,406.25,310.15,0,0,0,0,19-APR-2021,
OPTSTK,RELIANCE,24-Jun-2021,1660,CE,0,0,0,390.8,295.05,0,0,0,0,19-APR-2021,
OPTSTK,RELIANCE,24-Jun-2021,1680,CE,0,0,0,375.7,280.45,0,0,0,0,19-APR-2021,
OPTSTK,RELIANCE,24-Jun-2021,1700,CE,0,0,0,280,266.15,0,0,250,0,19-APR-2021,
OPTSTK,RELIANCE,24-Jun-2021,1720,CE,0,0,0,346.45,252.3,0,0,0,0,19-APR-2021,
OPTSTK,RELIANCE,24-Jun-2021,1740,CE,0,0,0,332.35,238.85,0,0,0,0,19-APR-2021,
OPTSTK,RELIANCE,24-Jun-2021,1760,CE,0,0,0,318.55,225.9,0,0,0,0,19-APR-2021,
OPTSTK,RELIANCE,24-Jun-2021,1780,CE,0,0,0,305.05,213.4,0,0,0,0,19-APR-2021,
OPTSTK,RELIANCE,24-Jun-2021,1800,CE,0,0,0,292.05,201.4,0,0,0,0,19-APR-2021,
OPTSTK,RELIANCE,24-Jun-2021,1820,CE,0,0,0,279.35,189.8,0,0,0,0,19-APR-2021,
OPTSTK,RELIANCE,24-Jun-2021,1840,CE,0,0,0,267.05,178.7,0,0,0,0,19-APR-2021,
OPTSTK,RELIANCE,24-Jun-2021,1860,CE,0,0,0,255.1,168.05,0,0,0,0,19-APR-2021,
OPTSTK,RELIANCE,24-Jun-2021,1880,CE,0,0,0,243.55,157.85,0,0,0,0,19-APR-2021,
OPTSTK,RELIANCE,24-Jun-2021,1900,CE,0,0,0,232.35,148.1,0,0,0,0,19-APR-2021,
OPTSTK,RELIANCE,24-Jun-2021,1920,CE,0,0,0,221.5,138.8,0,0,0,0,19-APR-2021,
OPTSTK,RELIANCE,24-Jun-2021,1940,CE,0,0,0,211.05,129.95,0,0,0,0,19-APR-2021,
OPTSTK,RELIANCE,24-Jun-2021,1960,CE,0,0,0,200.95,121.5,0,0,0,0,19-APR-2021,
OPTSTK,RELIANCE,24-Jun-2021,1980,CE,0,0,0,191.2,113.5,0,0,0,0,19-APR-2021,
OPTSTK,RELIANCE,24-Jun-2021,2000,CE,71.95,79.05,67,75.8,75.8,128,663.42,74500,5750,19-APR-2021,
OPTSTK,RELIANCE,24-Jun-2021,2020,CE,0,0,0,172.8,98.7,0,0,0,0,19-APR-2021,
OPTSTK,RELIANCE,24-Jun-2021,2040,CE,0,0,0,164.15,91.95,0,0,0,0,19-APR-2021,
OPTSTK,RELIANCE,24-Jun-2021,2060,CE,0,0,0,155.8,85.5,0,0,0,0,19-APR-2021,
OPTSTK,RELIANCE,24-Jun-2021,2080,CE,0,0,0,147.8,79.45,0,0,0,0,19-APR-2021,
OPTSTK,RELIANCE,24-Jun-2021,2100,CE,49,49,46.5,46.5,73.75,7,37.59,1750,1500,19-APR-2021,
OPTSTK,RELIANCE,24-Jun-2021,2120,CE,0,0,0,132.75,68.4,0,0,0,0,19-APR-2021,
OPTSTK,RELIANCE,24-Jun-2021,2140,CE,0,0,0,125.7,63.5,0,0,0,0,19-APR-2021,
OPTSTK,RELIANCE,24-Jun-2021,2160,CE,0,0,0,118.95,58.8,0,0,0,0,19-APR-2021,
OPTSTK,RELIANCE,24-Jun-2021,2180,CE,0,0,0,112.55,54.4,0,0,0,0,19-APR-2021,
OPTSTK,RELIANCE,24-Jun-2021,2200,CE,32.2,32.25,20.1,27.9,50.3,56,311.82,52500,4750,19-APR-2021,
OPTSTK,RELIANCE,24-Jun-2021,2220,CE,0,0,0,100.5,46.35,0,0,0,0,19-APR-2021,
OPTSTK,RELIANCE,24-Jun-2021,2240,CE,0,0,0,94.95,42.75,0,0,0,0,19-APR-2021,
OPTSTK,RELIANCE,24-Jun-2021,2260,CE,0,0,0,89.6,39.4,0,0,0,0,19-APR-2021,
OPTSTK,RELIANCE,24-Jun-2021,2280,CE,0,0,0,84.6,36.3,0,0,0,0,19-APR-2021,
OPTSTK,RELIANCE,24-Jun-2021,2300,CE,0,0,0,37,33.4,0,0,1000,0,19-APR-2021,
OPTSTK,RELIANCE,24-Jun-2021,2320,CE,0,0,0,75.25,30.7,0,0,0,0,19-APR-2021,
OPTSTK,RELIANCE,24-Jun-2021,2340,CE,0,0,0,70.9,28.2,0,0,0,0,19-APR-2021,
OPTSTK,RELIANCE,24-Jun-2021,2360,CE,0,0,0,66.75,25.85,0,0,0,0,19-APR-2021,
OPTSTK,RELIANCE,24-Jun-2021,2380,CE,0,0,0,62.85,23.75,0,0,0,0,19-APR-2021,
OPTSTK,RELIANCE,24-Jun-2021,2400,CE,17.3,17.3,13.15,16.3,16.3,4,24.15,1250,500,19-APR-2021,
OPTSTK,RELIANCE,24-Jun-2021,2420,CE,0,0,0,55.55,19.9,0,0,0,0,19-APR-2021,
OPTSTK,RELIANCE,24-Jun-2021,2440,CE,0,0,0,52.2,18.2,0,0,0,0,19-APR-2021,
OPTSTK,RELIANCE,24-Jun-2021,2460,CE,0,0,0,49.05,16.65,0,0,0,0,19-APR-2021,
OPTSTK,RELIANCE,24-Jun-2021,2480,CE,0,0,0,46.05,15.2,0,0,0,0,19-APR-2021,
OPTSTK,RELIANCE,24-Jun-2021,2500,CE,0,0,0,18,13.9,0,0,250,0,19-APR-2021,
OPTSTK,RELIANCE,24-Jun-2021,2520,CE,0,0,0,40.6,12.7,0,0,0,0,19-APR-2021,
OPTSTK,RELIANCE,24-Jun-2021,2540,CE,0,0,0,38.05,11.55,0,0,0,0,19-APR-2021,
OPTSTK,RELIANCE,24-Jun-2021,2560,CE,0,0,0,35.7,10.55,0,0,0,0,19-APR-2021,
OPTSTK,RELIANCE,24-Jun-2021,2580,CE,0,0,0,33.45,9.6,0,0,0,0,19-APR-2021,
OPTSTK,RELIANCE,24-Jun-2021,2600,CE,0,0,0,31.35,8.75,0,0,0,0,19-APR-2021,
OPTSTK,RELIANCE,24-Jun-2021,2620,CE,0,0,0,29.35,7.95,0,0,0,0,19-APR-2021,
OPTSTK,RELIANCE,24-Jun-2021,2640,CE,0,0,0,27.5,7.2,0,0,0,0,19-APR-2021,
OPTSTK,RELIANCE,24-Jun-2021,2660,CE,0,0,0,25.7,6.55,0,0,0,0,19-APR-2021,
OPTSTK,RELIANCE,24-Jun-2021,2680,CE,0,0,0,24.05,5.95,0,0,0,0,19-APR-2021,
OPTSTK,RELIANCE,24-Jun-2021,1360,PE,0,0,0,5.95,3.95,0,0,0,0,19-APR-2021,
OPTSTK,RELIANCE,24-Jun-2021,1380,PE,0,0,0,7.05,4.8,0,0,0,0,19-APR-2021,
OPTSTK,RELIANCE,24-Jun-2021,1400,PE,0,0,0,8.3,5.85,0,0,0,0,19-APR-2021,
OPTSTK,RELIANCE,24-Jun-2021,1420,PE,0,0,0,9.7,7.05,0,0,0,0,19-APR-2021,
OPTSTK,RELIANCE,24-Jun-2021,1440,PE,0,0,0,11.25,8.45,0,0,0,0,19-APR-2021,
OPTSTK,RELIANCE,24-Jun-2021,1460,PE,0,0,0,13,10.1,0,0,0,0,19-APR-2021,
OPTSTK,RELIANCE,24-Jun-2021,1480,PE,0,0,0,14.95,11.95,0,0,0,0,19-APR-2021,
OPTSTK,RELIANCE,24-Jun-2021,1500,PE,9.95,9.95,6.6,6.6,6.6,3,11.3,1250,750,19-APR-2021,
OPTSTK,RELIANCE,24-Jun-2021,1520,PE,0,0,0,19.55,16.4,0,0,0,0,19-APR-2021,
OPTSTK,RELIANCE,24-Jun-2021,1540,PE,0,0,0,22.2,19.05,0,0,0,0,19-APR-2021,
OPTSTK,RELIANCE,24-Jun-2021,1560,PE,0,0,0,25.1,22,0,0,0,0,19-APR-2021,
OPTSTK,RELIANCE,24-Jun-2021,1580,PE,0,0,0,28.3,25.3,0,0,0,0,19-APR-2021,
OPTSTK,RELIANCE,24-Jun-2021,1600,PE,0,0,0,9,28.95,0,0,500,0,19-APR-2021,
OPTSTK,RELIANCE,24-Jun-2021,1620,PE,0,0,0,35.5,32.95,0,0,0,0,19-APR-2021,
OPTSTK,RELIANCE,24-Jun-2021,1640,PE,0,0,0,39.55,37.3,0,0,0,0,19-APR-2021,
OPTSTK,RELIANCE,24-Jun-2021,1660,PE,0,0,0,43.9,42.1,0,0,0,0,19-APR-2021,
OPTSTK,RELIANCE,24-Jun-2021,1680,PE,0,0,0,48.6,47.35,0,0,0,0,19-APR-2021,
OPTSTK,RELIANCE,24-Jun-2021,1700,PE,24,25,23,24,52.9,7,30.17,3250,1500,19-APR-2021,
OPTSTK,RELIANCE,24-Jun-2021,1720,PE,0,0,0,59,58.95,0,0,0,0,19-APR-2021,
OPTSTK,RELIANCE,24-Jun-2021,1740,PE,0,0,0,64.7,65.35,0,0,0,0,19-APR-2021,
OPTSTK,RELIANCE,24-Jun-2021,1760,PE,0,0,0,70.75,72.25,0,0,0,0,19-APR-2021,
OPTSTK,RELIANCE,24-Jun-2021,1780,PE,0,0,0,77.05,79.65,0,0,0,0,19-APR-2021,
OPTSTK,RELIANCE,24-Jun-2021,1800,PE,50,51.5,46.3,47.9,47.9,72,332.83,83000,14750,19-APR-2021,
OPTSTK,RELIANCE,24-Jun-2021,1820,PE,0,0,0,90.95,95.75,0,0,0,0,19-APR-2021,
OPTSTK,RELIANCE,24-Jun-2021,1840,PE,0,0,0,98.5,104.5,0,0,0,0,19-APR-2021,
OPTSTK,RELIANCE,24-Jun-2021,1860,PE,0,0,0,106.35,113.7,0,0,0,0,19-APR-2021,
OPTSTK,RELIANCE,24-Jun-2021,1880,PE,0,0,0,114.6,123.4,0,0,0,0,19-APR-2021,
OPTSTK,RELIANCE,24-Jun-2021,1900,PE,87,95,86,89.25,89.25,50,248.81,123500,4500,19-APR-2021,
OPTSTK,RELIANCE,24-Jun-2021,1920,PE,0,0,0,132.2,144.05,0,0,0,0,19-APR-2021,
OPTSTK,RELIANCE,24-Jun-2021,1940,PE,0,0,0,141.55,155.05,0,0,0,0,19-APR-2021,
OPTSTK,RELIANCE,24-Jun-2021,1960,PE,0,0,0,81,166.5,0,0,500,0,19-APR-2021,
OPTSTK,RELIANCE,24-Jun-2021,1980,PE,0,0,0,161.35,178.35,0,0,0,0,19-APR-2021,
OPTSTK,RELIANCE,24-Jun-2021,2000,PE,145,152,145,152,190.65,7,37.6,19250,1500,19-APR-2021,
OPTSTK,RELIANCE,24-Jun-2021,2020,PE,0,0,0,182.55,203.3,0,0,0,0,19-APR-2021,
OPTSTK,RELIANCE,24-Jun-2021,2040,PE,0,0,0,193.7,216.4,0,0,0,0,19-APR-2021,
OPTSTK,RELIANCE,24-Jun-2021,2060,PE,0,0,0,205.15,229.85,0,0,0,0,19-APR-2021,
OPTSTK,RELIANCE,24-Jun-2021,2080,PE,0,0,0,217,243.65,0,0,0,0,19-APR-2021,
OPTSTK,RELIANCE,24-Jun-2021,2100,PE,0,0,0,229.1,257.85,0,0,0,0,19-APR-2021,
OPTSTK,RELIANCE,24-Jun-2021,2120,PE,0,0,0,200,272.35,0,0,1250,0,19-APR-2021,
OPTSTK,RELIANCE,24-Jun-2021,2140,PE,0,0,0,254.35,287.25,0,0,0,0,19-APR-2021,
OPTSTK,RELIANCE,24-Jun-2021,2160,PE,0,0,0,267.4,302.45,0,0,0,0,19-APR-2021,
OPTSTK,RELIANCE,24-Jun-2021,2180,PE,0,0,0,280.8,317.9,0,0,0,0,19-APR-2021,
OPTSTK,RELIANCE,24-Jun-2021,2200,PE,0,0,0,294.45,333.65,0,0,0,0,19-APR-2021,
OPTSTK,RELIANCE,24-Jun-2021,2220,PE,0,0,0,308.4,349.6,0,0,0,0,19-APR-2021,
OPTSTK,RELIANCE,24-Jun-2021,2240,PE,0,0,0,322.65,365.85,0,0,0,0,19-APR-2021,
OPTSTK,RELIANCE,24-Jun-2021,2260,PE,0,0,0,337.1,382.4,0,0,0,0,19-APR-2021,
OPTSTK,RELIANCE,24-Jun-2021,2280,PE,0,0,0,351.95,399.15,0,0,0,0,19-APR-2021,
OPTSTK,RELIANCE,24-Jun-2021,2300,PE,0,0,0,366.95,416.1,0,0,0,0,19-APR-2021,
OPTSTK,RELIANCE,24-Jun-2021,2320,PE,0,0,0,382.2,433.25,0,0,0,0,19-APR-2021,
OPTSTK,RELIANCE,24-Jun-2021,2340,PE,0,0,0,397.65,450.65,0,0,0,0,19-APR-2021,
OPTSTK,RELIANCE,24-Jun-2021,2360,PE,0,0,0,413.35,468.15,0,0,0,0,19-APR-2021,
OPTSTK,RELIANCE,24-Jun-2021,2380,PE,0,0,0,429.25,485.9,0,0,0,0,19-APR-2021,
OPTSTK,RELIANCE,24-Jun-2021,2400,PE,0,0,0,445.3,503.75,0,0,0,0,19-APR-2021,
OPTSTK,RELIANCE,24-Jun-2021,2420,PE,0,0,0,461.6,521.8,0,0,0,0,19-APR-2021,
OPTSTK,RELIANCE,24-Jun-2021,2440,PE,0,0,0,478.05,540,0,0,0,0,19-APR-2021,
OPTSTK,RELIANCE,24-Jun-2021,2460,PE,0,0,0,494.7,558.3,0,0,0,0,19-APR-2021,
OPTSTK,RELIANCE,24-Jun-2021,2480,PE,0,0,0,511.55,576.7,0,0,0,0,19-APR-2021,
OPTSTK,RELIANCE,24-Jun-2021,2500,PE,0,0,0,528.55,595.25,0,0,0,0,19-APR-2021,
OPTSTK,RELIANCE,24-Jun-2021,2520,PE,0,0,0,545.7,613.9,0,0,0,0,19-APR-2021,
OPTSTK,RELIANCE,24-Jun-2021,2540,PE,0,0,0,563,632.65,0,0,0,0,19-APR-2021,
OPTSTK,RELIANCE,24-Jun-2021,2560,PE,0,0,0,580.4,651.5,0,0,0,0,19-APR-2021,
OPTSTK,RELIANCE,24-Jun-2021,2580,PE,0,0,0,598,670.4,0,0,0,0,19-APR-2021,
OPTSTK,RELIANCE,24-Jun-2021,2600,PE,0,0,0,615.7,689.4,0,0,0,0,19-APR-2021,
OPTSTK,RELIANCE,24-Jun-2021,2620,PE,0,0,0,633.5,708.5,0,0,0,0,19-APR-2021,
OPTSTK,RELIANCE,24-Jun-2021,2640,PE,0,0,0,651.45,727.6,0,0,0,0,19-APR-2021,
OPTSTK,RELIANCE,24-Jun-2021,2660,PE,0,0,0,669.5,746.85,0,0,0,0,19-APR-2021,
OPTSTK,RELIANCE,24-Jun-2021,2680,PE,0,0,0,687.65,766.1,0,0,0,0,19-APR-2021,
OPTSTK,SAIL,29-Apr-2021,45,CE,0,0,0,14.65,44.2,0,0,0,0,19-APR-2021,
OPTSTK,SAIL,29-Apr-2021,46,CE,0,0,0,13.95,43.2,0,0,0,0,19-APR-2021,
OPTSTK,SAIL,29-Apr-2021,47,CE,0,0,0,13.25,42.2,0,0,0,0,19-APR-2021,
OPTSTK,SAIL,29-Apr-2021,48,CE,0,0,0,12.6,41.2,0,0,0,0,19-APR-2021,
OPTSTK,SAIL,29-Apr-2021,49,CE,0,0,0,12,40.2,0,0,0,0,19-APR-2021,
OPTSTK,SAIL,29-Apr-2021,50,CE,0,0,0,11.4,39.2,0,0,0,0,19-APR-2021,
OPTSTK,SAIL,29-Apr-2021,51,CE,0,0,0,10.8,38.2,0,0,0,0,19-APR-2021,
OPTSTK,SAIL,29-Apr-2021,52,CE,0,0,0,10.25,37.2,0,0,0,0,19-APR-2021,
OPTSTK,SAIL,29-Apr-2021,53,CE,0,0,0,9.7,36.2,0,0,0,0,19-APR-2021,
OPTSTK,SAIL,29-Apr-2021,54,CE,0,0,0,9.2,35.2,0,0,0,0,19-APR-2021,
OPTSTK,SAIL,29-Apr-2021,55,CE,0,0,0,8.7,34.2,0,0,0,0,19-APR-2021,
OPTSTK,SAIL,29-Apr-2021,56,CE,0,0,0,8.25,33.25,0,0,0,0,19-APR-2021,
OPTSTK,SAIL,29-Apr-2021,57,CE,0,0,0,7.8,32.25,0,0,0,0,19-APR-2021,
OPTSTK,SAIL,29-Apr-2021,57.5,CE,0,0,0,15.8,31.75,0,0,0,0,19-APR-2021,
OPTSTK,SAIL,29-Apr-2021,58,CE,0,0,0,7.35,31.25,0,0,0,0,19-APR-2021,
OPTSTK,SAIL,29-Apr-2021,59,CE,0,0,0,6.95,30.25,0,0,0,0,19-APR-2021,
OPTSTK,SAIL,29-Apr-2021,60,CE,0,0,0,6.55,29.25,0,0,0,0,19-APR-2021,
OPTSTK,SAIL,29-Apr-2021,61,CE,0,0,0,6.2,28.25,0,0,0,0,19-APR-2021,
OPTSTK,SAIL,29-Apr-2021,62,CE,0,0,0,5.85,27.25,0,0,0,0,19-APR-2021,
OPTSTK,SAIL,29-Apr-2021,62.5,CE,0,0,0,11.85,26.75,0,0,0,0,19-APR-2021,
OPTSTK,SAIL,29-Apr-2021,63,CE,0,0,0,5.5,26.25,0,0,0,0,19-APR-2021,
OPTSTK,SAIL,29-Apr-2021,64,CE,0,0,0,5.2,25.25,0,0,0,0,19-APR-2021,
OPTSTK,SAIL,29-Apr-2021,65,CE,0,0,0,8.1,24.25,0,0,76000,0,19-APR-2021,
OPTSTK,SAIL,29-Apr-2021,66,CE,0,0,0,4.6,23.25,0,0,0,0,19-APR-2021,
OPTSTK,SAIL,29-Apr-2021,67,CE,0,0,0,4.3,22.25,0,0,0,0,19-APR-2021,
OPTSTK,SAIL,29-Apr-2021,67.5,CE,0,0,0,8.55,21.75,0,0,0,0,19-APR-2021,
OPTSTK,SAIL,29-Apr-2021,68,CE,0,0,0,4.05,21.25,0,0,0,0,19-APR-2021,
OPTSTK,SAIL,29-Apr-2021,69,CE,0,0,0,6.65,20.25,0,0,19000,0,19-APR-2021,
OPTSTK,SAIL,29-Apr-2021,70,CE,0,0,0,21.5,19.3,0,0,931000,0,19-APR-2021,
OPTSTK,SAIL,29-Apr-2021,71,CE,0,0,0,21,18.3,0,0,57000,0,19-APR-2021,
OPTSTK,SAIL,29-Apr-2021,72,CE,0,0,0,23.5,17.35,0,0,437000,0,19-APR-2021,
OPTSTK,SAIL,29-Apr-2021,72.5,CE,0,0,0,5.9,16.85,0,0,0,0,19-APR-2021,
OPTSTK,SAIL,29-Apr-2021,73,CE,0,0,0,18,16.4,0,0,399000,0,19-APR-2021,
OPTSTK,SAIL,29-Apr-2021,74,CE,0,0,0,21.1,15.45,0,0,95000,0,19-APR-2021,
OPTSTK,SAIL,29-Apr-2021,75,CE,0,0,0,17,14.5,0,0,1653000,0,19-APR-2021,
OPTSTK,SAIL,29-Apr-2021,76,CE,0,0,0,17.35,13.6,0,0,741000,0,19-APR-2021,
OPTSTK,SAIL,29-Apr-2021,77,CE,0,0,0,15.8,12.65,0,0,418000,0,19-APR-2021,
OPTSTK,SAIL,29-Apr-2021,77.5,CE,0,0,0,3.95,12.25,0,0,0,0,19-APR-2021,
OPTSTK,SAIL,29-Apr-2021,78,CE,0,0,0,15.35,11.8,0,0,361000,0,19-APR-2021,
OPTSTK,SAIL,29-Apr-2021,79,CE,0,0,0,13.95,10.95,0,0,361000,0,19-APR-2021,
OPTSTK,SAIL,29-Apr-2021,80,CE,8.5,8.5,8.5,8.5,10.1,3,50.44,3154000,-57000,19-APR-2021,
OPTSTK,SAIL,29-Apr-2021,81,CE,0,0,0,10.3,9.3,0,0,418000,0,19-APR-2021,
OPTSTK,SAIL,29-Apr-2021,82,CE,0,0,0,11,8.55,0,0,532000,0,19-APR-2021,
OPTSTK,SAIL,29-Apr-2021,82.5,CE,0,0,0,9.65,8.15,0,0,133000,0,19-APR-2021,
OPTSTK,SAIL,29-Apr-2021,83,CE,0,0,0,10,7.8,0,0,380000,0,19-APR-2021,
OPTSTK,SAIL,29-Apr-2021,84,CE,0,0,0,8.2,7.1,0,0,228000,0,19-APR-2021,
OPTSTK,SAIL,29-Apr-2021,85,CE,3.6,3.6,3.6,3.6,6.45,1,16.83,2242000,-19000,19-APR-2021,
OPTSTK,SAIL,29-Apr-2021,86,CE,0,0,0,8.2,5.8,0,0,361000,0,19-APR-2021,
OPTSTK,SAIL,29-Apr-2021,87,CE,0,0,0,5.8,5.2,0,0,266000,0,19-APR-2021,
OPTSTK,SAIL,29-Apr-2021,87.5,CE,0,0,0,1.6,4.95,0,0,0,0,19-APR-2021,
OPTSTK,SAIL,29-Apr-2021,88,CE,0,0,0,5,4.65,0,0,95000,0,19-APR-2021,
OPTSTK,SAIL,29-Apr-2021,89,CE,0,0,0,8,4.15,0,0,152000,0,19-APR-2021,
OPTSTK,SAIL,29-Apr-2021,90,CE,2.05,2.5,2.05,2.5,3.7,2,35.06,4807000,-38000,19-APR-2021,
OPTSTK,SAIL,29-Apr-2021,91,CE,1,1,1,1,3.25,1,17.48,684000,-19000,19-APR-2021,
OPTSTK,SAIL,29-Apr-2021,92.5,CE,0,0,0,3.85,2.7,0,0,1349000,0,19-APR-2021,
OPTSTK,SAIL,29-Apr-2021,95,CE,1,1.3,0.4,1.2,1.2,32,582.99,5092000,-608000,19-APR-2021,
OPTSTK,SAIL,29-Apr-2021,97.5,CE,0.45,0.45,0.45,0.45,1.35,2,37.22,1007000,-38000,19-APR-2021,
OPTSTK,SAIL,29-Apr-2021,100,CE,0.25,0.6,0.2,0.55,0.55,26,495.73,5567000,-494000,19-APR-2021,
OPTSTK,SAIL,29-Apr-2021,102.5,CE,0.3,0.3,0.3,0.3,0.6,1,19.53,741000,-19000,19-APR-2021,
OPTSTK,SAIL,29-Apr-2021,105,CE,0.15,0.2,0.1,0.2,0.4,10,199.75,4465000,-190000,19-APR-2021,
OPTSTK,SAIL,29-Apr-2021,107.5,CE,0.15,0.15,0.1,0.15,0.25,7,143.14,1577000,-133000,19-APR-2021,
OPTSTK,SAIL,29-Apr-2021,110,CE,0.1,0.1,0.1,0.1,0.15,4,83.67,1444000,-76000,19-APR-2021,
OPTSTK,SAIL,29-Apr-2021,112.5,CE,0,0,0,0.2,0.1,0,0,0,0,19-APR-2021,
OPTSTK,SAIL,29-Apr-2021,45,PE,0,0,0,0.05,0,0,0,19000,0,19-APR-2021,
OPTSTK,SAIL,29-Apr-2021,46,PE,0,0,0,2.55,0,0,0,0,0,19-APR-2021,
OPTSTK,SAIL,29-Apr-2021,47,PE,0,0,0,2.9,0,0,0,0,0,19-APR-2021,
OPTSTK,SAIL,29-Apr-2021,48,PE,0,0,0,3.25,0,0,0,0,0,19-APR-2021,
OPTSTK,SAIL,29-Apr-2021,49,PE,0,0,0,3.6,0,0,0,0,0,19-APR-2021,
OPTSTK,SAIL,29-Apr-2021,50,PE,0,0,0,2.95,0,0,0,19000,0,19-APR-2021,
OPTSTK,SAIL,29-Apr-2021,51,PE,0,0,0,4.4,0,0,0,0,0,19-APR-2021,
OPTSTK,SAIL,29-Apr-2021,52,PE,0,0,0,4.8,0,0,0,0,0,19-APR-2021,
OPTSTK,SAIL,29-Apr-2021,53,PE,0,0,0,5.25,0,0,0,0,0,19-APR-2021,
OPTSTK,SAIL,29-Apr-2021,54,PE,0,0,0,5.75,0,0,0,0,0,19-APR-2021,
OPTSTK,SAIL,29-Apr-2021,55,PE,0,0,0,0.1,0,0,0,19000,0,19-APR-2021,
OPTSTK,SAIL,29-Apr-2021,56,PE,0,0,0,6.75,0,0,0,0,0,19-APR-2021,
OPTSTK,SAIL,29-Apr-2021,57,PE,0,0,0,7.3,0,0,0,0,0,19-APR-2021,
OPTSTK,SAIL,29-Apr-2021,57.5,PE,0,0,0,0.85,0,0,0,0,0,19-APR-2021,
OPTSTK,SAIL,29-Apr-2021,58,PE,0,0,0,7.85,0,0,0,0,0,19-APR-2021,
OPTSTK,SAIL,29-Apr-2021,59,PE,0,0,0,0.05,0,0,0,19000,0,19-APR-2021,
OPTSTK,SAIL,29-Apr-2021,60,PE,0,0,0,0.05,0,0,0,931000,0,19-APR-2021,
OPTSTK,SAIL,29-Apr-2021,61,PE,0,0,0,0.4,0,0,0,19000,0,19-APR-2021,
OPTSTK,SAIL,29-Apr-2021,62,PE,0,0,0,10.3,0,0,0,0,0,19-APR-2021,
OPTSTK,SAIL,29-Apr-2021,62.5,PE,0,0,0,1.9,0,0,0,0,0,19-APR-2021,
OPTSTK,SAIL,29-Apr-2021,63,PE,0,0,0,0.35,0,0,0,0,0,19-APR-2021,
OPTSTK,SAIL,29-Apr-2021,64,PE,0,0,0,11.65,0,0,0,0,0,19-APR-2021,
OPTSTK,SAIL,29-Apr-2021,65,PE,0.1,0.3,0.1,0.3,0.05,3,37.14,3477000,-57000,19-APR-2021,
OPTSTK,SAIL,29-Apr-2021,66,PE,0,0,0,0.05,0.05,0,0,1368000,0,19-APR-2021,
OPTSTK,SAIL,29-Apr-2021,67,PE,0,0,0,0.1,0.05,0,0,1254000,0,19-APR-2021,
OPTSTK,SAIL,29-Apr-2021,67.5,PE,0,0,0,3.55,0.05,0,0,0,0,19-APR-2021,
OPTSTK,SAIL,29-Apr-2021,68,PE,0,0,0,0.1,0.05,0,0,893000,0,19-APR-2021,
OPTSTK,SAIL,29-Apr-2021,69,PE,0,0,0,0.15,0.05,0,0,342000,0,19-APR-2021,
OPTSTK,SAIL,29-Apr-2021,70,PE,0.1,0.1,0.1,0.1,0.05,2,26.63,1862000,-38000,19-APR-2021,
OPTSTK,SAIL,29-Apr-2021,71,PE,0,0,0,0.3,0.1,0,0,247000,0,19-APR-2021,
OPTSTK,SAIL,29-Apr-2021,72,PE,0,0,0,0.15,0.1,0,0,722000,0,19-APR-2021,
OPTSTK,SAIL,29-Apr-2021,72.5,PE,0,0,0,5.9,0.15,0,0,0,0,19-APR-2021,
OPTSTK,SAIL,29-Apr-2021,73,PE,0,0,0,0.15,0.15,0,0,361000,0,19-APR-2021,
OPTSTK,SAIL,29-Apr-2021,74,PE,0,0,0,0.15,0.2,0,0,171000,0,19-APR-2021,
OPTSTK,SAIL,29-Apr-2021,75,PE,0.2,0.2,0.1,0.1,0.25,4,57.11,1881000,-76000,19-APR-2021,
OPTSTK,SAIL,29-Apr-2021,76,PE,0,0,0,0.15,0.35,0,0,703000,0,19-APR-2021,
OPTSTK,SAIL,29-Apr-2021,77,PE,0,0,0,0.1,0.45,0,0,323000,0,19-APR-2021,
OPTSTK,SAIL,29-Apr-2021,77.5,PE,0,0,0,2.8,0.5,0,0,57000,0,19-APR-2021,
OPTSTK,SAIL,29-Apr-2021,78,PE,0,0,0,0.25,0.55,0,0,323000,0,19-APR-2021,
OPTSTK,SAIL,29-Apr-2021,79,PE,0,0,0,0.3,0.7,0,0,247000,0,19-APR-2021,
OPTSTK,SAIL,29-Apr-2021,80,PE,0.45,0.6,0.35,0.6,0.9,18,275.35,3420000,-342000,19-APR-2021,
OPTSTK,SAIL,29-Apr-2021,81,PE,0,0,0,0.8,1.05,0,0,171000,0,19-APR-2021,
OPTSTK,SAIL,29-Apr-2021,82,PE,0.5,0.5,0.5,0.5,0.5,1,15.67,494000,-19000,19-APR-2021,
OPTSTK,SAIL,29-Apr-2021,82.5,PE,0,0,0,12.5,1.45,0,0,0,0,19-APR-2021,
OPTSTK,SAIL,29-Apr-2021,83,PE,2,2,2,2,1.55,1,16.15,152000,-19000,19-APR-2021,
OPTSTK,SAIL,29-Apr-2021,84,PE,0,0,0,0.75,1.85,0,0,665000,0,19-APR-2021,
OPTSTK,SAIL,29-Apr-2021,85,PE,1.5,1.5,1.05,1.05,2.2,11,180.41,3040000,-209000,19-APR-2021,
OPTSTK,SAIL,29-Apr-2021,86,PE,3.8,3.8,3.6,3.6,2.55,4,68.17,266000,-76000,19-APR-2021,
OPTSTK,SAIL,29-Apr-2021,87,PE,0,0,0,2,3,0,0,95000,0,19-APR-2021,
OPTSTK,SAIL,29-Apr-2021,87.5,PE,0,0,0,2,3.2,0,0,19000,0,19-APR-2021,
OPTSTK,SAIL,29-Apr-2021,88,PE,0,0,0,1.9,3.45,0,0,190000,0,19-APR-2021,
OPTSTK,SAIL,29-Apr-2021,89,PE,3.45,3.45,3.45,3.45,3.95,1,17.56,304000,-19000,19-APR-2021,
OPTSTK,SAIL,29-Apr-2021,90,PE,4,4.05,3.75,4.05,4.45,10,178.54,4541000,-190000,19-APR-2021,
OPTSTK,SAIL,29-Apr-2021,91,PE,0,0,0,2.85,5.05,0,0,190000,0,19-APR-2021,
OPTSTK,SAIL,29-Apr-2021,92.5,PE,5,5.1,5,5,5.95,3,55.59,342000,-57000,19-APR-2021,
OPTSTK,SAIL,29-Apr-2021,95,PE,0,0,0,5.6,7.7,0,0,570000,0,19-APR-2021,
OPTSTK,SAIL,29-Apr-2021,97.5,PE,0,0,0,25.5,9.6,0,0,0,0,19-APR-2021,
OPTSTK,SAIL,29-Apr-2021,100,PE,0,0,0,8.75,11.65,0,0,19000,0,19-APR-2021,
OPTSTK,SAIL,29-Apr-2021,102.5,PE,0,0,0,30.25,13.85,0,0,0,0,19-APR-2021,
OPTSTK,SAIL,29-Apr-2021,105,PE,0,0,0,32.65,16.15,0,0,0,0,19-APR-2021,
OPTSTK,SAIL,29-Apr-2021,107.5,PE,0,0,0,35.05,18.5,0,0,0,0,19-APR-2021,
OPTSTK,SAIL,29-Apr-2021,110,PE,0,0,0,33.15,20.9,0,0,0,0,19-APR-2021,
OPTSTK,SAIL,29-Apr-2021,112.5,PE,0,0,0,35.6,23.35,0,0,0,0,19-APR-2021,
OPTSTK,SAIL,27-May-2021,49,CE,0,0,0,25.7,40.4,0,0,0,0,19-APR-2021,
OPTSTK,SAIL,27-May-2021,50,CE,0,0,0,24.85,39.4,0,0,0,0,19-APR-2021,
OPTSTK,SAIL,27-May-2021,51,CE,0,0,0,24.05,38.4,0,0,0,0,19-APR-2021,
OPTSTK,SAIL,27-May-2021,52,CE,0,0,0,23.25,37.4,0,0,0,0,19-APR-2021,
OPTSTK,SAIL,27-May-2021,53,CE,0,0,0,22.45,36.4,0,0,0,0,19-APR-2021,
OPTSTK,SAIL,27-May-2021,54,CE,0,0,0,21.65,35.45,0,0,0,0,19-APR-2021,
OPTSTK,SAIL,27-May-2021,55,CE,0,0,0,20.9,34.45,0,0,0,0,19-APR-2021,
OPTSTK,SAIL,27-May-2021,56,CE,0,0,0,20.15,33.5,0,0,0,0,19-APR-2021,
OPTSTK,SAIL,27-May-2021,57,CE,0,0,0,19.4,32.5,0,0,0,0,19-APR-2021,
OPTSTK,SAIL,27-May-2021,57.5,CE,0,0,0,17.05,32.05,0,0,0,0,19-APR-2021,
OPTSTK,SAIL,27-May-2021,58,CE,0,0,0,18.7,31.55,0,0,0,0,19-APR-2021,
OPTSTK,SAIL,27-May-2021,59,CE,0,0,0,18,30.6,0,0,0,0,19-APR-2021,
OPTSTK,SAIL,27-May-2021,60,CE,0,0,0,17.3,29.65,0,0,0,0,19-APR-2021,
OPTSTK,SAIL,27-May-2021,61,CE,0,0,0,16.65,28.7,0,0,0,0,19-APR-2021,
OPTSTK,SAIL,27-May-2021,62,CE,0,0,0,16,27.75,0,0,0,0,19-APR-2021,
OPTSTK,SAIL,27-May-2021,62.5,CE,0,0,0,13.5,27.25,0,0,0,0,19-APR-2021,
OPTSTK,SAIL,27-May-2021,63,CE,0,0,0,15.4,26.8,0,0,0,0,19-APR-2021,
OPTSTK,SAIL,27-May-2021,64,CE,0,0,0,14.8,25.9,0,0,0,0,19-APR-2021,
OPTSTK,SAIL,27-May-2021,65,CE,0,0,0,14.2,25,0,0,0,0,19-APR-2021,
OPTSTK,SAIL,27-May-2021,66,CE,0,0,0,13.6,24.1,0,0,0,0,19-APR-2021,
OPTSTK,SAIL,27-May-2021,67,CE,0,0,0,13.05,23.2,0,0,0,0,19-APR-2021,
OPTSTK,SAIL,27-May-2021,67.5,CE,0,0,0,10.5,22.75,0,0,0,0,19-APR-2021,
OPTSTK,SAIL,27-May-2021,68,CE,0,0,0,12.55,22.3,0,0,0,0,19-APR-2021,
OPTSTK,SAIL,27-May-2021,69,CE,0,0,0,12,21.45,0,0,0,0,19-APR-2021,
OPTSTK,SAIL,27-May-2021,70,CE,0,0,0,11.5,20.6,0,0,0,0,19-APR-2021,
OPTSTK,SAIL,27-May-2021,71,CE,0,0,0,11,19.8,0,0,0,0,19-APR-2021,
OPTSTK,SAIL,27-May-2021,72,CE,0,0,0,10.55,18.95,0,0,0,0,19-APR-2021,
OPTSTK,SAIL,27-May-2021,72.5,CE,0,0,0,8,18.55,0,0,0,0,19-APR-2021,
OPTSTK,SAIL,27-May-2021,73,CE,0,0,0,10.1,18.15,0,0,0,0,19-APR-2021,
OPTSTK,SAIL,27-May-2021,74,CE,0,0,0,9.65,17.4,0,0,0,0,19-APR-2021,
OPTSTK,SAIL,27-May-2021,75,CE,0,0,0,9.25,16.65,0,0,0,0,19-APR-2021,
OPTSTK,SAIL,27-May-2021,76,CE,0,0,0,8.85,15.9,0,0,0,0,19-APR-2021,
OPTSTK,SAIL,27-May-2021,77,CE,0,0,0,8.45,15.15,0,0,0,0,19-APR-2021,
OPTSTK,SAIL,27-May-2021,77.5,CE,0,0,0,6,14.8,0,0,0,0,19-APR-2021,
OPTSTK,SAIL,27-May-2021,78,CE,0,0,0,8.05,14.45,0,0,0,0,19-APR-2021,
OPTSTK,SAIL,27-May-2021,79,CE,0,0,0,7.7,13.8,0,0,0,0,19-APR-2021,
OPTSTK,SAIL,27-May-2021,80,CE,0,0,0,15,13.1,0,0,19000,0,19-APR-2021,
OPTSTK,SAIL,27-May-2021,81,CE,0,0,0,7.05,12.45,0,0,0,0,19-APR-2021,
OPTSTK,SAIL,27-May-2021,82,CE,0,0,0,6.7,11.85,0,0,0,0,19-APR-2021,
OPTSTK,SAIL,27-May-2021,82.5,CE,0,0,0,4.45,11.55,0,0,0,0,19-APR-2021,
OPTSTK,SAIL,27-May-2021,83,CE,0,0,0,6.4,11.25,0,0,0,0,19-APR-2021,
OPTSTK,SAIL,27-May-2021,84,CE,0,0,0,6.1,10.65,0,0,0,0,19-APR-2021,
OPTSTK,SAIL,27-May-2021,85,CE,0,0,0,5.85,10.1,0,0,0,0,19-APR-2021,
OPTSTK,SAIL,27-May-2021,86,CE,0,0,0,5.55,9.6,0,0,0,0,19-APR-2021,
OPTSTK,SAIL,27-May-2021,87,CE,0,0,0,5.3,9.05,0,0,0,0,19-APR-2021,
OPTSTK,SAIL,27-May-2021,87.5,CE,0,0,0,3.25,8.8,0,0,0,0,19-APR-2021,
OPTSTK,SAIL,27-May-2021,88,CE,0,0,0,5.05,8.55,0,0,0,0,19-APR-2021,
OPTSTK,SAIL,27-May-2021,89,CE,0,0,0,4.8,8.1,0,0,0,0,19-APR-2021,
OPTSTK,SAIL,27-May-2021,90,CE,0,0,0,9.2,7.65,0,0,779000,0,19-APR-2021,
OPTSTK,SAIL,27-May-2021,91,CE,0,0,0,4.4,7.2,0,0,0,0,19-APR-2021,
OPTSTK,SAIL,27-May-2021,92.5,CE,0,0,0,2.35,6.6,0,0,0,0,19-APR-2021,
OPTSTK,SAIL,27-May-2021,95,CE,7,7,7,7,5.65,1,19.38,95000,-19000,19-APR-2021,
OPTSTK,SAIL,27-May-2021,97.5,CE,0,0,0,1.7,4.85,0,0,0,0,19-APR-2021,
OPTSTK,SAIL,27-May-2021,100,CE,0,0,0,4.85,4.1,0,0,2223000,0,19-APR-2021,
OPTSTK,SAIL,27-May-2021,102.5,CE,0,0,0,1.2,3.5,0,0,0,0,19-APR-2021,
OPTSTK,SAIL,27-May-2021,105,CE,0,0,0,1,2.95,0,0,0,0,19-APR-2021,
OPTSTK,SAIL,27-May-2021,107.5,CE,0,0,0,0.85,2.5,0,0,0,0,19-APR-2021,
OPTSTK,SAIL,27-May-2021,110,CE,0,0,0,2,2.1,0,0,19000,0,19-APR-2021,
OPTSTK,SAIL,27-May-2021,112.5,CE,0,0,0,0.9,1.75,0,0,0,0,19-APR-2021,
OPTSTK,SAIL,27-May-2021,49,PE,0,0,0,1.05,0.05,0,0,0,0,19-APR-2021,
OPTSTK,SAIL,27-May-2021,50,PE,0,0,0,1.2,0.05,0,0,0,0,19-APR-2021,
OPTSTK,SAIL,27-May-2021,51,PE,0,0,0,1.35,0.05,0,0,0,0,19-APR-2021,
OPTSTK,SAIL,27-May-2021,52,PE,0,0,0,1.55,0.05,0,0,0,0,19-APR-2021,
OPTSTK,SAIL,27-May-2021,53,PE,0,0,0,1.75,0.05,0,0,0,0,19-APR-2021,
OPTSTK,SAIL,27-May-2021,54,PE,0,0,0,1.95,0.1,0,0,0,0,19-APR-2021,
OPTSTK,SAIL,27-May-2021,55,PE,0,0,0,2.2,0.1,0,0,0,0,19-APR-2021,
OPTSTK,SAIL,27-May-2021,56,PE,0,0,0,2.4,0.1,0,0,0,0,19-APR-2021,
OPTSTK,SAIL,27-May-2021,57,PE,0,0,0,2.7,0.15,0,0,0,0,19-APR-2021,
OPTSTK,SAIL,27-May-2021,57.5,PE,0,0,0,1.95,0.15,0,0,0,0,19-APR-2021,
OPTSTK,SAIL,27-May-2021,58,PE,0,0,0,2.95,0.15,0,0,0,0,19-APR-2021,
OPTSTK,SAIL,27-May-2021,59,PE,0,0,0,3.25,0.2,0,0,0,0,19-APR-2021,
OPTSTK,SAIL,27-May-2021,60,PE,0,0,0,0.15,0.25,0,0,133000,0,19-APR-2021,
OPTSTK,SAIL,27-May-2021,61,PE,0,0,0,3.9,0.3,0,0,0,0,19-APR-2021,
OPTSTK,SAIL,27-May-2021,62,PE,0,0,0,4.25,0.35,0,0,0,0,19-APR-2021,
OPTSTK,SAIL,27-May-2021,62.5,PE,0,0,0,3.35,0.4,0,0,0,0,19-APR-2021,
OPTSTK,SAIL,27-May-2021,63,PE,0,0,0,4.6,0.4,0,0,0,0,19-APR-2021,
OPTSTK,SAIL,27-May-2021,64,PE,0,0,0,5,0.5,0,0,0,0,19-APR-2021,
OPTSTK,SAIL,27-May-2021,65,PE,0,0,0,5.4,0.55,0,0,0,0,19-APR-2021,
OPTSTK,SAIL,27-May-2021,66,PE,0,0,0,5.8,0.65,0,0,0,0,19-APR-2021,
OPTSTK,SAIL,27-May-2021,67,PE,0,0,0,6.25,0.8,0,0,0,0,19-APR-2021,
OPTSTK,SAIL,27-May-2021,67.5,PE,0,0,0,5.3,0.85,0,0,0,0,19-APR-2021,
OPTSTK,SAIL,27-May-2021,68,PE,0,0,0,6.7,0.9,0,0,0,0,19-APR-2021,
OPTSTK,SAIL,27-May-2021,69,PE,0,0,0,7.15,1.05,0,0,0,0,19-APR-2021,
OPTSTK,SAIL,27-May-2021,70,PE,0,0,0,4.1,1.2,0,0,0,0,19-APR-2021,
OPTSTK,SAIL,27-May-2021,71,PE,0,0,0,8.15,1.35,0,0,0,0,19-APR-2021,
OPTSTK,SAIL,27-May-2021,72,PE,0,0,0,8.7,1.55,0,0,0,0,19-APR-2021,
OPTSTK,SAIL,27-May-2021,72.5,PE,0,0,0,7.8,1.65,0,0,0,0,19-APR-2021,
OPTSTK,SAIL,27-May-2021,73,PE,0,0,0,9.2,1.75,0,0,0,0,19-APR-2021,
OPTSTK,SAIL,27-May-2021,74,PE,0,0,0,9.8,1.95,0,0,0,0,19-APR-2021,
OPTSTK,SAIL,27-May-2021,75,PE,0,0,0,10.35,2.2,0,0,0,0,19-APR-2021,
OPTSTK,SAIL,27-May-2021,76,PE,0,0,0,10.95,2.45,0,0,0,0,19-APR-2021,
OPTSTK,SAIL,27-May-2021,77,PE,0,0,0,11.55,2.7,0,0,0,0,19-APR-2021,
OPTSTK,SAIL,27-May-2021,77.5,PE,0,0,0,10.75,2.85,0,0,0,0,19-APR-2021,
OPTSTK,SAIL,27-May-2021,78,PE,0,0,0,12.15,3,0,0,0,0,19-APR-2021,
OPTSTK,SAIL,27-May-2021,79,PE,0,0,0,12.8,3.3,0,0,0,0,19-APR-2021,
OPTSTK,SAIL,27-May-2021,80,PE,0,0,0,2,3.65,0,0,76000,0,19-APR-2021,
OPTSTK,SAIL,27-May-2021,81,PE,0,0,0,14.1,4,0,0,0,0,19-APR-2021,
OPTSTK,SAIL,27-May-2021,82,PE,0,0,0,14.75,4.4,0,0,0,0,19-APR-2021,
OPTSTK,SAIL,27-May-2021,82.5,PE,0,0,0,14.15,4.6,0,0,0,0,19-APR-2021,
OPTSTK,SAIL,27-May-2021,83,PE,0,0,0,15.45,4.8,0,0,0,0,19-APR-2021,
OPTSTK,SAIL,27-May-2021,84,PE,0,0,0,16.15,5.2,0,0,0,0,19-APR-2021,
OPTSTK,SAIL,27-May-2021,85,PE,0,0,0,3.5,5.65,0,0,38000,0,19-APR-2021,
OPTSTK,SAIL,27-May-2021,86,PE,0,0,0,17.55,6.1,0,0,0,0,19-APR-2021,
OPTSTK,SAIL,27-May-2021,87,PE,0,0,0,18.3,6.55,0,0,0,0,19-APR-2021,
OPTSTK,SAIL,27-May-2021,87.5,PE,0,0,0,17.95,6.8,0,0,0,0,19-APR-2021,
OPTSTK,SAIL,27-May-2021,88,PE,0,0,0,19.05,7.1,0,0,0,0,19-APR-2021,
OPTSTK,SAIL,27-May-2021,89,PE,0,0,0,19.8,7.6,0,0,0,0,19-APR-2021,
OPTSTK,SAIL,27-May-2021,90,PE,0,0,0,5.6,8.15,0,0,133000,0,19-APR-2021,
OPTSTK,SAIL,27-May-2021,91,PE,0,0,0,21.35,8.7,0,0,0,0,19-APR-2021,
OPTSTK,SAIL,27-May-2021,92.5,PE,0,0,0,22,9.6,0,0,0,0,19-APR-2021,
OPTSTK,SAIL,27-May-2021,95,PE,0,0,0,24.5,11.15,0,0,0,0,19-APR-2021,
OPTSTK,SAIL,27-May-2021,97.5,PE,0,0,0,26.3,12.8,0,0,0,0,19-APR-2021,
OPTSTK,SAIL,27-May-2021,100,PE,0,0,0,26.05,14.55,0,0,0,0,19-APR-2021,
OPTSTK,SAIL,27-May-2021,102.5,PE,0,0,0,30.8,16.45,0,0,0,0,19-APR-2021,
OPTSTK,SAIL,27-May-2021,105,PE,0,0,0,33.1,18.4,0,0,0,0,19-APR-2021,
OPTSTK,SAIL,27-May-2021,107.5,PE,0,0,0,35.4,20.4,0,0,0,0,19-APR-2021,
OPTSTK,SAIL,27-May-2021,110,PE,0,0,0,33.65,22.5,0,0,0,0,19-APR-2021,
OPTSTK,SAIL,27-May-2021,112.5,PE,0,0,0,35.95,24.65,0,0,0,0,19-APR-2021,
OPTSTK,SAIL,24-Jun-2021,50,CE,0,0,0,23.95,39.65,0,0,0,0,19-APR-2021,
OPTSTK,SAIL,24-Jun-2021,52.5,CE,0,0,0,21.95,37.3,0,0,0,0,19-APR-2021,
OPTSTK,SAIL,24-Jun-2021,55,CE,0,0,0,20.05,34.95,0,0,0,0,19-APR-2021,
OPTSTK,SAIL,24-Jun-2021,57.5,CE,0,0,0,18.2,32.65,0,0,0,0,19-APR-2021,
OPTSTK,SAIL,24-Jun-2021,60,CE,0,0,0,16.5,30.4,0,0,0,0,19-APR-2021,
OPTSTK,SAIL,24-Jun-2021,62.5,CE,0,0,0,14.9,28.2,0,0,0,0,19-APR-2021,
OPTSTK,SAIL,24-Jun-2021,65,CE,0,0,0,13.45,26.1,0,0,0,0,19-APR-2021,
OPTSTK,SAIL,24-Jun-2021,67.5,CE,0,0,0,12.1,24.05,0,0,0,0,19-APR-2021,
OPTSTK,SAIL,24-Jun-2021,70,CE,0,0,0,10.85,22.15,0,0,0,0,19-APR-2021,
OPTSTK,SAIL,24-Jun-2021,72.5,CE,0,0,0,9.7,20.3,0,0,0,0,19-APR-2021,
OPTSTK,SAIL,24-Jun-2021,75,CE,0,0,0,8.65,18.55,0,0,0,0,19-APR-2021,
OPTSTK,SAIL,24-Jun-2021,77.5,CE,0,0,0,7.7,16.9,0,0,0,0,19-APR-2021,
OPTSTK,SAIL,24-Jun-2021,80,CE,0,0,0,6.85,15.35,0,0,0,0,19-APR-2021,
OPTSTK,SAIL,24-Jun-2021,82.5,CE,0,0,0,6.05,13.95,0,0,0,0,19-APR-2021,
OPTSTK,SAIL,24-Jun-2021,85,CE,0,0,0,5.35,12.6,0,0,0,0,19-APR-2021,
OPTSTK,SAIL,24-Jun-2021,87.5,CE,0,0,0,4.75,11.35,0,0,0,0,19-APR-2021,
OPTSTK,SAIL,24-Jun-2021,90,CE,0,0,0,4.2,10.25,0,0,0,0,19-APR-2021,
OPTSTK,SAIL,24-Jun-2021,92.5,CE,0,0,0,3.7,9.2,0,0,0,0,19-APR-2021,
OPTSTK,SAIL,24-Jun-2021,95,CE,0,0,0,3.25,8.25,0,0,0,0,19-APR-2021,
OPTSTK,SAIL,24-Jun-2021,97.5,CE,0,0,0,2.9,7.35,0,0,0,0,19-APR-2021,
OPTSTK,SAIL,24-Jun-2021,100,CE,0,0,0,2.55,6.6,0,0,0,0,19-APR-2021,
OPTSTK,SAIL,24-Jun-2021,102.5,CE,0,0,0,2.25,5.85,0,0,0,0,19-APR-2021,
OPTSTK,SAIL,24-Jun-2021,105,CE,0,0,0,1.95,5.2,0,0,0,0,19-APR-2021,
OPTSTK,SAIL,24-Jun-2021,107.5,CE,0,0,0,1.7,4.65,0,0,0,0,19-APR-2021,
OPTSTK,SAIL,24-Jun-2021,110,CE,0,0,0,2.1,4.1,0,0,0,0,19-APR-2021,
OPTSTK,SAIL,24-Jun-2021,112.5,CE,0,0,0,1.85,3.65,0,0,0,0,19-APR-2021,
OPTSTK,SAIL,24-Jun-2021,50,PE,0,0,0,1.25,0.2,0,0,0,0,19-APR-2021,
OPTSTK,SAIL,24-Jun-2021,52.5,PE,0,0,0,1.7,0.25,0,0,0,0,19-APR-2021,
OPTSTK,SAIL,24-Jun-2021,55,PE,0,0,0,2.25,0.4,0,0,0,0,19-APR-2021,
OPTSTK,SAIL,24-Jun-2021,57.5,PE,0,0,0,2.95,0.6,0,0,0,0,19-APR-2021,
OPTSTK,SAIL,24-Jun-2021,60,PE,0,0,0,3.7,0.85,0,0,0,0,19-APR-2021,
OPTSTK,SAIL,24-Jun-2021,62.5,PE,0,0,0,4.6,1.15,0,0,0,0,19-APR-2021,
OPTSTK,SAIL,24-Jun-2021,65,PE,0,0,0,5.6,1.5,0,0,0,0,19-APR-2021,
OPTSTK,SAIL,24-Jun-2021,67.5,PE,0,0,0,6.7,1.95,0,0,0,0,19-APR-2021,
OPTSTK,SAIL,24-Jun-2021,70,PE,0,0,0,7.95,2.5,0,0,0,0,19-APR-2021,
OPTSTK,SAIL,24-Jun-2021,72.5,PE,0,0,0,9.25,3.15,0,0,0,0,19-APR-2021,
OPTSTK,SAIL,24-Jun-2021,75,PE,0,0,0,10.7,3.9,0,0,0,0,19-APR-2021,
OPTSTK,SAIL,24-Jun-2021,77.5,PE,0,0,0,12.2,4.75,0,0,0,0,19-APR-2021,
OPTSTK,SAIL,24-Jun-2021,80,PE,0,0,0,13.85,5.7,0,0,0,0,19-APR-2021,
OPTSTK,SAIL,24-Jun-2021,82.5,PE,0,0,0,15.55,6.75,0,0,0,0,19-APR-2021,
OPTSTK,SAIL,24-Jun-2021,85,PE,0,0,0,17.35,7.9,0,0,0,0,19-APR-2021,
OPTSTK,SAIL,24-Jun-2021,87.5,PE,0,0,0,19.2,9.15,0,0,0,0,19-APR-2021,
OPTSTK,SAIL,24-Jun-2021,90,PE,0,0,0,21.1,10.5,0,0,0,0,19-APR-2021,
OPTSTK,SAIL,24-Jun-2021,92.5,PE,0,0,0,23.1,11.9,0,0,0,0,19-APR-2021,
OPTSTK,SAIL,24-Jun-2021,95,PE,0,0,0,25.15,13.45,0,0,0,0,19-APR-2021,
OPTSTK,SAIL,24-Jun-2021,97.5,PE,0,0,0,27.2,15.05,0,0,0,0,19-APR-2021,
OPTSTK,SAIL,24-Jun-2021,100,PE,0,0,0,29.35,16.75,0,0,0,0,19-APR-2021,
OPTSTK,SAIL,24-Jun-2021,102.5,PE,0,0,0,31.55,18.5,0,0,0,0,19-APR-2021,
OPTSTK,SAIL,24-Jun-2021,105,PE,0,0,0,33.75,20.35,0,0,0,0,19-APR-2021,
OPTSTK,SAIL,24-Jun-2021,107.5,PE,0,0,0,35.95,22.25,0,0,0,0,19-APR-2021,
OPTSTK,SAIL,24-Jun-2021,110,PE,0,0,0,34.35,24.25,0,0,0,0,19-APR-2021,
OPTSTK,SAIL,24-Jun-2021,112.5,PE,0,0,0,36.6,26.25,0,0,0,0,19-APR-2021,
OPTSTK,SBILIFE,29-Apr-2021,580,CE,0,0,0,299.6,326.85,0,0,0,0,19-APR-2021,
OPTSTK,SBILIFE,29-Apr-2021,590,CE,0,0,0,290.1,316.85,0,0,0,0,19-APR-2021,
OPTSTK,SBILIFE,29-Apr-2021,600,CE,0,0,0,280.65,306.85,0,0,0,0,19-APR-2021,
OPTSTK,SBILIFE,29-Apr-2021,610,CE,0,0,0,271.25,296.9,0,0,0,0,19-APR-2021,
OPTSTK,SBILIFE,29-Apr-2021,620,CE,0,0,0,262,286.9,0,0,0,0,19-APR-2021,
OPTSTK,SBILIFE,29-Apr-2021,630,CE,0,0,0,252.8,276.9,0,0,0,0,19-APR-2021,
OPTSTK,SBILIFE,29-Apr-2021,640,CE,0,0,0,243.7,266.9,0,0,0,0,19-APR-2021,
OPTSTK,SBILIFE,29-Apr-2021,650,CE,0,0,0,234.75,256.9,0,0,0,0,19-APR-2021,
OPTSTK,SBILIFE,29-Apr-2021,660,CE,0,0,0,225.9,246.95,0,0,0,0,19-APR-2021,
OPTSTK,SBILIFE,29-Apr-2021,670,CE,0,0,0,217.15,236.95,0,0,0,0,19-APR-2021,
OPTSTK,SBILIFE,29-Apr-2021,680,CE,0,0,0,208.6,226.95,0,0,0,0,19-APR-2021,
OPTSTK,SBILIFE,29-Apr-2021,690,CE,0,0,0,200.15,216.95,0,0,0,0,19-APR-2021,
OPTSTK,SBILIFE,29-Apr-2021,700,CE,0,0,0,191.9,206.95,0,0,0,0,19-APR-2021,
OPTSTK,SBILIFE,29-Apr-2021,710,CE,0,0,0,183.8,197,0,0,0,0,19-APR-2021,
OPTSTK,SBILIFE,29-Apr-2021,720,CE,0,0,0,175.85,187,0,0,0,0,19-APR-2021,
OPTSTK,SBILIFE,29-Apr-2021,730,CE,0,0,0,168.1,177,0,0,0,0,19-APR-2021,
OPTSTK,SBILIFE,29-Apr-2021,740,CE,0,0,0,160.55,167.05,0,0,0,0,19-APR-2021,
OPTSTK,SBILIFE,29-Apr-2021,750,CE,0,0,0,153.2,157.05,0,0,0,0,19-APR-2021,
OPTSTK,SBILIFE,29-Apr-2021,760,CE,0,0,0,146,147.15,0,0,0,0,19-APR-2021,
OPTSTK,SBILIFE,29-Apr-2021,770,CE,0,0,0,139.05,137.2,0,0,0,0,19-APR-2021,
OPTSTK,SBILIFE,29-Apr-2021,780,CE,0,0,0,132.25,127.35,0,0,0,0,19-APR-2021,
OPTSTK,SBILIFE,29-Apr-2021,790,CE,0,0,0,125.65,117.55,0,0,0,0,19-APR-2021,
OPTSTK,SBILIFE,29-Apr-2021,800,CE,0,0,0,119.1,107.9,0,0,2250,0,19-APR-2021,
OPTSTK,SBILIFE,29-Apr-2021,810,CE,0,0,0,113.2,98.35,0,0,0,0,19-APR-2021,
OPTSTK,SBILIFE,29-Apr-2021,820,CE,0,0,0,107.3,89.05,0,0,0,0,19-APR-2021,
OPTSTK,SBILIFE,29-Apr-2021,830,CE,0,0,0,101.6,79.95,0,0,0,0,19-APR-2021,
OPTSTK,SBILIFE,29-Apr-2021,840,CE,0,0,0,96.1,71.2,0,0,0,0,19-APR-2021,
OPTSTK,SBILIFE,29-Apr-2021,850,CE,53.05,53.05,53.05,53.05,62.85,1,6.77,8250,-750,19-APR-2021,
OPTSTK,SBILIFE,29-Apr-2021,860,CE,0,0,0,39.1,54.9,0,0,3750,0,19-APR-2021,
OPTSTK,SBILIFE,29-Apr-2021,870,CE,0,0,0,32,47.5,0,0,1500,0,19-APR-2021,
OPTSTK,SBILIFE,29-Apr-2021,880,CE,23.85,32.5,22.5,30.1,30.1,13,88.43,145500,-2250,19-APR-2021,
OPTSTK,SBILIFE,29-Apr-2021,890,CE,19.75,26.9,19.75,25.5,25.5,8,54.79,45750,-1500,19-APR-2021,
OPTSTK,SBILIFE,29-Apr-2021,900,CE,18.45,20.1,11.35,18.45,18.45,670,4594.79,483750,39000,19-APR-2021,
OPTSTK,SBILIFE,29-Apr-2021,910,CE,12.65,14.5,8.4,13.1,13.1,252,1740.73,126000,10500,19-APR-2021,
OPTSTK,SBILIFE,29-Apr-2021,920,CE,12.95,12.95,6.25,9.2,9.2,671,4670.21,286500,-26250,19-APR-2021,
OPTSTK,SBILIFE,29-Apr-2021,930,CE,7.05,7.05,4.45,6.4,6.4,233,1635.09,145500,-27000,19-APR-2021,
OPTSTK,SBILIFE,29-Apr-2021,940,CE,5.65,5.65,3.3,4.65,4.65,248,1756.02,108000,-20250,19-APR-2021,
OPTSTK,SBILIFE,29-Apr-2021,950,CE,2.05,3.95,2.05,3.5,3.5,177,1265.35,175500,3750,19-APR-2021,
OPTSTK,SBILIFE,29-Apr-2021,960,CE,3.8,3.8,1.3,2.1,2.1,34,245.43,27000,-8250,19-APR-2021,
OPTSTK,SBILIFE,29-Apr-2021,970,CE,0,0,0,2.75,5.85,0,0,8250,0,19-APR-2021,
OPTSTK,SBILIFE,29-Apr-2021,980,CE,0.6,1.8,0.6,1.8,4.4,12,88.33,26250,1500,19-APR-2021,
OPTSTK,SBILIFE,29-Apr-2021,990,CE,0,0,0,37.75,3.3,0,0,0,0,19-APR-2021,
OPTSTK,SBILIFE,29-Apr-2021,1000,CE,1.1,1.2,0.55,0.9,0.9,225,1688.98,434250,-24750,19-APR-2021,
OPTSTK,SBILIFE,29-Apr-2021,1010,CE,0,0,0,32.95,1.8,0,0,0,0,19-APR-2021,
OPTSTK,SBILIFE,29-Apr-2021,1020,CE,0,0,0,30.75,1.3,0,0,0,0,19-APR-2021,
OPTSTK,SBILIFE,29-Apr-2021,1030,CE,0,0,0,28.65,0.9,0,0,0,0,19-APR-2021,
OPTSTK,SBILIFE,29-Apr-2021,1040,CE,0,0,0,1.3,0.65,0,0,25500,0,19-APR-2021,
OPTSTK,SBILIFE,29-Apr-2021,1050,CE,0,0,0,24.8,0.45,0,0,0,0,19-APR-2021,
OPTSTK,SBILIFE,29-Apr-2021,1060,CE,0,0,0,23.1,0.3,0,0,0,0,19-APR-2021,
OPTSTK,SBILIFE,29-Apr-2021,1070,CE,0,0,0,21.45,0.2,0,0,0,0,19-APR-2021,
OPTSTK,SBILIFE,29-Apr-2021,1080,CE,0,0,0,19.95,0.15,0,0,0,0,19-APR-2021,
OPTSTK,SBILIFE,29-Apr-2021,1090,CE,0,0,0,18.5,0.1,0,0,0,0,19-APR-2021,
OPTSTK,SBILIFE,29-Apr-2021,1100,CE,0.15,0.15,0.15,0.15,0.1,2,16.5,20250,-1500,19-APR-2021,
OPTSTK,SBILIFE,29-Apr-2021,1110,CE,0,0,0,15.95,0.05,0,0,0,0,19-APR-2021,
OPTSTK,SBILIFE,29-Apr-2021,1120,CE,0,0,0,14.8,0.05,0,0,0,0,19-APR-2021,
OPTSTK,SBILIFE,29-Apr-2021,1130,CE,0,0,0,13.7,0.05,0,0,0,0,19-APR-2021,
OPTSTK,SBILIFE,29-Apr-2021,1140,CE,0,0,0,12.7,0.05,0,0,0,0,19-APR-2021,
OPTSTK,SBILIFE,29-Apr-2021,1150,CE,0.15,0.15,0.15,0.15,0.05,1,8.62,11250,-750,19-APR-2021,
OPTSTK,SBILIFE,29-Apr-2021,580,PE,0,0,0,1.7,0,0,0,0,0,19-APR-2021,
OPTSTK,SBILIFE,29-Apr-2021,590,PE,0,0,0,2.05,0,0,0,0,0,19-APR-2021,
OPTSTK,SBILIFE,29-Apr-2021,600,PE,0,0,0,2,0,0,0,750,0,19-APR-2021,
OPTSTK,SBILIFE,29-Apr-2021,610,PE,0,0,0,3.05,0,0,0,0,0,19-APR-2021,
OPTSTK,SBILIFE,29-Apr-2021,620,PE,0,0,0,3.7,0,0,0,0,0,19-APR-2021,
OPTSTK,SBILIFE,29-Apr-2021,630,PE,0,0,0,4.4,0,0,0,0,0,19-APR-2021,
OPTSTK,SBILIFE,29-Apr-2021,640,PE,0,0,0,5.25,0,0,0,0,0,19-APR-2021,
OPTSTK,SBILIFE,29-Apr-2021,650,PE,0,0,0,6.15,0,0,0,0,0,19-APR-2021,
OPTSTK,SBILIFE,29-Apr-2021,660,PE,0,0,0,7.25,0,0,0,0,0,19-APR-2021,
OPTSTK,SBILIFE,29-Apr-2021,670,PE,0,0,0,8.4,0,0,0,0,0,19-APR-2021,
OPTSTK,SBILIFE,29-Apr-2021,680,PE,0,0,0,9.75,0,0,0,0,0,19-APR-2021,
OPTSTK,SBILIFE,29-Apr-2021,690,PE,0,0,0,11.25,0,0,0,0,0,19-APR-2021,
OPTSTK,SBILIFE,29-Apr-2021,700,PE,0,0,0,0.45,0,0,0,3000,0,19-APR-2021,
OPTSTK,SBILIFE,29-Apr-2021,710,PE,0,0,0,14.65,0,0,0,0,0,19-APR-2021,
OPTSTK,SBILIFE,29-Apr-2021,720,PE,0,0,0,16.65,0.05,0,0,0,0,19-APR-2021,
OPTSTK,SBILIFE,29-Apr-2021,730,PE,0,0,0,18.8,0.05,0,0,0,0,19-APR-2021,
OPTSTK,SBILIFE,29-Apr-2021,740,PE,0,0,0,21.15,0.05,0,0,0,0,19-APR-2021,
OPTSTK,SBILIFE,29-Apr-2021,750,PE,0,0,0,23.7,0.05,0,0,0,0,19-APR-2021,
OPTSTK,SBILIFE,29-Apr-2021,760,PE,0,0,0,26.4,0.1,0,0,0,0,19-APR-2021,
OPTSTK,SBILIFE,29-Apr-2021,770,PE,0,0,0,29.35,0.2,0,0,0,0,19-APR-2021,
OPTSTK,SBILIFE,29-Apr-2021,780,PE,0,0,0,32.5,0.35,0,0,0,0,19-APR-2021,
OPTSTK,SBILIFE,29-Apr-2021,790,PE,0,0,0,35.8,0.55,0,0,0,0,19-APR-2021,
OPTSTK,SBILIFE,29-Apr-2021,800,PE,0.55,0.75,0.35,0.4,0.4,29,174.11,269250,-2250,19-APR-2021,
OPTSTK,SBILIFE,29-Apr-2021,810,PE,0,0,0,43.15,1.3,0,0,0,0,19-APR-2021,
OPTSTK,SBILIFE,29-Apr-2021,820,PE,1,1,1,1,1,2,12.31,106500,0,19-APR-2021,
OPTSTK,SBILIFE,29-Apr-2021,830,PE,1.4,1.7,1.1,1.4,1.4,9,56.11,50250,0,19-APR-2021,
OPTSTK,SBILIFE,29-Apr-2021,840,PE,0,0,0,1.5,4.15,0,0,97500,0,19-APR-2021,
OPTSTK,SBILIFE,29-Apr-2021,850,PE,3.7,4.25,2.15,2.3,2.3,110,703.73,102750,10500,19-APR-2021,
OPTSTK,SBILIFE,29-Apr-2021,860,PE,4.45,5.5,2.85,2.85,7.8,22,142.57,46500,-1500,19-APR-2021,
OPTSTK,SBILIFE,29-Apr-2021,870,PE,6.05,7.25,2.75,3.55,3.55,242,1589.01,123750,48000,19-APR-2021,
OPTSTK,SBILIFE,29-Apr-2021,880,PE,6.55,9.9,4.15,4.95,4.95,194,1290.69,180000,2250,19-APR-2021,
OPTSTK,SBILIFE,29-Apr-2021,890,PE,9.3,14.1,6.05,7,7,275,1858.11,103500,50250,19-APR-2021,
OPTSTK,SBILIFE,29-Apr-2021,900,PE,13.4,19.45,8.65,9.95,9.95,763,5234.25,1012500,-10500,19-APR-2021,
OPTSTK,SBILIFE,29-Apr-2021,910,PE,17.1,25.95,12.85,13.6,13.6,59,411.18,75000,0,19-APR-2021,
OPTSTK,SBILIFE,29-Apr-2021,920,PE,25,34,18.4,20.25,20.25,33,233.75,102750,2250,19-APR-2021,
OPTSTK,SBILIFE,29-Apr-2021,930,PE,28.1,28.1,28.1,28.1,28.1,1,7.18,6000,750,19-APR-2021,
OPTSTK,SBILIFE,29-Apr-2021,940,PE,36.6,36.6,36.6,36.6,36.6,1,7.32,2250,750,19-APR-2021,
OPTSTK,SBILIFE,29-Apr-2021,950,PE,51,52,45.65,45.65,45.65,6,44.97,3750,750,19-APR-2021,
OPTSTK,SBILIFE,29-Apr-2021,960,PE,0,0,0,52.35,60.4,0,0,750,0,19-APR-2021,
OPTSTK,SBILIFE,29-Apr-2021,970,PE,0,0,0,131.65,68.6,0,0,0,0,19-APR-2021,
OPTSTK,SBILIFE,29-Apr-2021,980,PE,0,0,0,138.8,77.2,0,0,0,0,19-APR-2021,
OPTSTK,SBILIFE,29-Apr-2021,990,PE,0,0,0,146.05,86.05,0,0,0,0,19-APR-2021,
OPTSTK,SBILIFE,29-Apr-2021,1000,PE,92.95,92.95,92.9,92.95,92.95,2,16.39,52500,0,19-APR-2021,
OPTSTK,SBILIFE,29-Apr-2021,1010,PE,0,0,0,161.05,104.5,0,0,0,0,19-APR-2021,
OPTSTK,SBILIFE,29-Apr-2021,1020,PE,119,119,119,119,114,1,8.54,750,0,19-APR-2021,
OPTSTK,SBILIFE,29-Apr-2021,1030,PE,0,0,0,176.55,123.65,0,0,0,0,19-APR-2021,
OPTSTK,SBILIFE,29-Apr-2021,1040,PE,0,0,0,184.5,133.35,0,0,0,0,19-APR-2021,
OPTSTK,SBILIFE,29-Apr-2021,1050,PE,0,0,0,192.55,143.15,0,0,0,0,19-APR-2021,
OPTSTK,SBILIFE,29-Apr-2021,1060,PE,0,0,0,200.7,153,0,0,0,0,19-APR-2021,
OPTSTK,SBILIFE,29-Apr-2021,1070,PE,0,0,0,209,162.9,0,0,0,0,19-APR-2021,
OPTSTK,SBILIFE,29-Apr-2021,1080,PE,0,0,0,217.4,172.85,0,0,0,0,19-APR-2021,
OPTSTK,SBILIFE,29-Apr-2021,1090,PE,0,0,0,225.9,182.75,0,0,0,0,19-APR-2021,
OPTSTK,SBILIFE,29-Apr-2021,1100,PE,0,0,0,234.45,192.75,0,0,0,0,19-APR-2021,
OPTSTK,SBILIFE,29-Apr-2021,1110,PE,0,0,0,243.1,202.7,0,0,0,0,19-APR-2021,
OPTSTK,SBILIFE,29-Apr-2021,1120,PE,0,0,0,251.85,212.7,0,0,0,0,19-APR-2021,
OPTSTK,SBILIFE,29-Apr-2021,1130,PE,0,0,0,260.7,222.65,0,0,0,0,19-APR-2021,
OPTSTK,SBILIFE,29-Apr-2021,1140,PE,0,0,0,269.6,232.65,0,0,0,0,19-APR-2021,
OPTSTK,SBILIFE,29-Apr-2021,1150,PE,0,0,0,278.55,242.65,0,0,0,0,19-APR-2021,
OPTSTK,SBILIFE,27-May-2021,580,CE,0,0,0,299.25,328.55,0,0,0,0,19-APR-2021,
OPTSTK,SBILIFE,27-May-2021,590,CE,0,0,0,289.7,318.6,0,0,0,0,19-APR-2021,
OPTSTK,SBILIFE,27-May-2021,600,CE,0,0,0,280.2,308.65,0,0,0,0,19-APR-2021,
OPTSTK,SBILIFE,27-May-2021,610,CE,0,0,0,270.75,298.7,0,0,0,0,19-APR-2021,
OPTSTK,SBILIFE,27-May-2021,620,CE,0,0,0,261.45,288.75,0,0,0,0,19-APR-2021,
OPTSTK,SBILIFE,27-May-2021,630,CE,0,0,0,252.2,278.85,0,0,0,0,19-APR-2021,
OPTSTK,SBILIFE,27-May-2021,640,CE,0,0,0,243.05,268.9,0,0,0,0,19-APR-2021,
OPTSTK,SBILIFE,27-May-2021,650,CE,0,0,0,234,259,0,0,0,0,19-APR-2021,
OPTSTK,SBILIFE,27-May-2021,660,CE,0,0,0,225.1,249.15,0,0,0,0,19-APR-2021,
OPTSTK,SBILIFE,27-May-2021,670,CE,0,0,0,216.3,239.3,0,0,0,0,19-APR-2021,
OPTSTK,SBILIFE,27-May-2021,680,CE,0,0,0,207.65,229.5,0,0,0,0,19-APR-2021,
OPTSTK,SBILIFE,27-May-2021,690,CE,0,0,0,199.15,219.75,0,0,0,0,19-APR-2021,
OPTSTK,SBILIFE,27-May-2021,700,CE,0,0,0,190.85,210.1,0,0,0,0,19-APR-2021,
OPTSTK,SBILIFE,27-May-2021,710,CE,0,0,0,182.65,200.45,0,0,0,0,19-APR-2021,
OPTSTK,SBILIFE,27-May-2021,720,CE,0,0,0,174.65,190.95,0,0,0,0,19-APR-2021,
OPTSTK,SBILIFE,27-May-2021,730,CE,0,0,0,166.8,181.5,0,0,0,0,19-APR-2021,
OPTSTK,SBILIFE,27-May-2021,740,CE,0,0,0,159.2,172.2,0,0,0,0,19-APR-2021,
OPTSTK,SBILIFE,27-May-2021,750,CE,0,0,0,151.75,163.05,0,0,0,0,19-APR-2021,
OPTSTK,SBILIFE,27-May-2021,760,CE,0,0,0,144.5,154.05,0,0,0,0,19-APR-2021,
OPTSTK,SBILIFE,27-May-2021,770,CE,0,0,0,137.5,145.2,0,0,0,0,19-APR-2021,
OPTSTK,SBILIFE,27-May-2021,780,CE,0,0,0,130.65,136.55,0,0,0,0,19-APR-2021,
OPTSTK,SBILIFE,27-May-2021,790,CE,0,0,0,124,128.15,0,0,0,0,19-APR-2021,
OPTSTK,SBILIFE,27-May-2021,800,CE,0,0,0,117.6,119.95,0,0,0,0,19-APR-2021,
OPTSTK,SBILIFE,27-May-2021,810,CE,0,0,0,111.4,112,0,0,0,0,19-APR-2021,
OPTSTK,SBILIFE,27-May-2021,820,CE,0,0,0,105.45,104.3,0,0,0,0,19-APR-2021,
OPTSTK,SBILIFE,27-May-2021,830,CE,0,0,0,99.75,96.9,0,0,0,0,19-APR-2021,
OPTSTK,SBILIFE,27-May-2021,840,CE,0,0,0,94.2,89.75,0,0,0,0,19-APR-2021,
OPTSTK,SBILIFE,27-May-2021,850,CE,0,0,0,88.9,82.95,0,0,0,0,19-APR-2021,
OPTSTK,SBILIFE,27-May-2021,860,CE,0,0,0,83.85,76.45,0,0,0,0,19-APR-2021,
OPTSTK,SBILIFE,27-May-2021,870,CE,0,0,0,78.95,70.25,0,0,0,0,19-APR-2021,
OPTSTK,SBILIFE,27-May-2021,880,CE,0,0,0,74.3,64.4,0,0,0,0,19-APR-2021,
OPTSTK,SBILIFE,27-May-2021,890,CE,0,0,0,69.9,58.9,0,0,0,0,19-APR-2021,
OPTSTK,SBILIFE,27-May-2021,900,CE,0,0,0,25,53.7,0,0,750,0,19-APR-2021,
OPTSTK,SBILIFE,27-May-2021,910,CE,0,0,0,61.6,48.85,0,0,0,0,19-APR-2021,
OPTSTK,SBILIFE,27-May-2021,920,CE,0,0,0,57.75,44.3,0,0,0,0,19-APR-2021,
OPTSTK,SBILIFE,27-May-2021,930,CE,0,0,0,54.1,40.05,0,0,0,0,19-APR-2021,
OPTSTK,SBILIFE,27-May-2021,940,CE,0,0,0,50.65,36.15,0,0,0,0,19-APR-2021,
OPTSTK,SBILIFE,27-May-2021,950,CE,0,0,0,47.4,32.5,0,0,0,0,19-APR-2021,
OPTSTK,SBILIFE,27-May-2021,960,CE,0,0,0,44.3,29.15,0,0,0,0,19-APR-2021,
OPTSTK,SBILIFE,27-May-2021,970,CE,0,0,0,12,26.1,0,0,2250,0,19-APR-2021,
OPTSTK,SBILIFE,27-May-2021,980,CE,0,0,0,38.6,23.3,0,0,0,0,19-APR-2021,
OPTSTK,SBILIFE,27-May-2021,990,CE,0,0,0,35.95,20.8,0,0,0,0,19-APR-2021,
OPTSTK,SBILIFE,27-May-2021,1000,CE,0,0,0,33.55,18.5,0,0,0,0,19-APR-2021,
OPTSTK,SBILIFE,27-May-2021,1010,CE,0,0,0,31.25,16.35,0,0,0,0,19-APR-2021,
OPTSTK,SBILIFE,27-May-2021,1020,CE,0,0,0,29.1,14.45,0,0,0,0,19-APR-2021,
OPTSTK,SBILIFE,27-May-2021,1030,CE,0,0,0,27.05,12.75,0,0,0,0,19-APR-2021,
OPTSTK,SBILIFE,27-May-2021,1040,CE,0,0,0,25.1,11.2,0,0,0,0,19-APR-2021,
OPTSTK,SBILIFE,27-May-2021,1050,CE,0,0,0,23.3,9.85,0,0,0,0,19-APR-2021,
OPTSTK,SBILIFE,27-May-2021,1060,CE,0,0,0,21.6,8.6,0,0,0,0,19-APR-2021,
OPTSTK,SBILIFE,27-May-2021,1070,CE,0,0,0,20.05,7.55,0,0,0,0,19-APR-2021,
OPTSTK,SBILIFE,27-May-2021,1080,CE,0,0,0,18.55,6.55,0,0,0,0,19-APR-2021,
OPTSTK,SBILIFE,27-May-2021,1090,CE,0,0,0,17.2,5.7,0,0,0,0,19-APR-2021,
OPTSTK,SBILIFE,27-May-2021,1100,CE,0,0,0,15.9,4.95,0,0,0,0,19-APR-2021,
OPTSTK,SBILIFE,27-May-2021,1110,CE,0,0,0,14.7,4.3,0,0,0,0,19-APR-2021,
OPTSTK,SBILIFE,27-May-2021,1120,CE,0,0,0,13.6,3.7,0,0,0,0,19-APR-2021,
OPTSTK,SBILIFE,27-May-2021,1130,CE,0,0,0,12.55,3.2,0,0,0,0,19-APR-2021,
OPTSTK,SBILIFE,27-May-2021,1140,CE,0,0,0,11.6,2.75,0,0,0,0,19-APR-2021,
OPTSTK,SBILIFE,27-May-2021,1150,CE,0,0,0,10.7,2.35,0,0,0,0,19-APR-2021,
OPTSTK,SBILIFE,27-May-2021,580,PE,0,0,0,1.45,0.05,0,0,750,0,19-APR-2021,
OPTSTK,SBILIFE,27-May-2021,590,PE,0,0,0,1.8,0.05,0,0,0,0,19-APR-2021,
OPTSTK,SBILIFE,27-May-2021,600,PE,0,0,0,2.2,0.05,0,0,0,0,19-APR-2021,
OPTSTK,SBILIFE,27-May-2021,610,PE,0,0,0,2.7,0.05,0,0,0,0,19-APR-2021,
OPTSTK,SBILIFE,27-May-2021,620,PE,0,0,0,3.25,0.1,0,0,0,0,19-APR-2021,
OPTSTK,SBILIFE,27-May-2021,630,PE,0,0,0,3.95,0.1,0,0,0,0,19-APR-2021,
OPTSTK,SBILIFE,27-May-2021,640,PE,0,0,0,4.7,0.15,0,0,0,0,19-APR-2021,
OPTSTK,SBILIFE,27-May-2021,650,PE,0,0,0,5.55,0.25,0,0,0,0,19-APR-2021,
OPTSTK,SBILIFE,27-May-2021,660,PE,0,0,0,6.55,0.35,0,0,0,0,19-APR-2021,
OPTSTK,SBILIFE,27-May-2021,670,PE,0,0,0,7.7,0.45,0,0,0,0,19-APR-2021,
OPTSTK,SBILIFE,27-May-2021,680,PE,0,0,0,8.95,0.6,0,0,0,0,19-APR-2021,
OPTSTK,SBILIFE,27-May-2021,690,PE,0,0,0,10.35,0.85,0,0,0,0,19-APR-2021,
OPTSTK,SBILIFE,27-May-2021,700,PE,0,0,0,11.9,1.1,0,0,0,0,19-APR-2021,
OPTSTK,SBILIFE,27-May-2021,710,PE,0,0,0,13.65,1.45,0,0,0,0,19-APR-2021,
OPTSTK,SBILIFE,27-May-2021,720,PE,0,0,0,15.55,1.9,0,0,0,0,19-APR-2021,
OPTSTK,SBILIFE,27-May-2021,730,PE,0,0,0,17.65,2.45,0,0,0,0,19-APR-2021,
OPTSTK,SBILIFE,27-May-2021,740,PE,0,0,0,19.9,3.1,0,0,0,0,19-APR-2021,
OPTSTK,SBILIFE,27-May-2021,750,PE,0,0,0,22.4,3.9,0,0,0,0,19-APR-2021,
OPTSTK,SBILIFE,27-May-2021,760,PE,0,0,0,25.05,4.85,0,0,0,0,19-APR-2021,
OPTSTK,SBILIFE,27-May-2021,770,PE,0,0,0,27.9,5.95,0,0,0,0,19-APR-2021,
OPTSTK,SBILIFE,27-May-2021,780,PE,0,0,0,31,7.3,0,0,0,0,19-APR-2021,
OPTSTK,SBILIFE,27-May-2021,790,PE,0,0,0,34.25,8.8,0,0,0,0,19-APR-2021,
OPTSTK,SBILIFE,27-May-2021,800,PE,0,0,0,6,10.55,0,0,750,0,19-APR-2021,
OPTSTK,SBILIFE,27-May-2021,810,PE,0,0,0,41.5,12.55,0,0,0,0,19-APR-2021,
OPTSTK,SBILIFE,27-May-2021,820,PE,0,0,0,6,14.85,0,0,750,0,19-APR-2021,
OPTSTK,SBILIFE,27-May-2021,830,PE,0,0,0,49.6,17.4,0,0,0,0,19-APR-2021,
OPTSTK,SBILIFE,27-May-2021,840,PE,0,0,0,54,20.2,0,0,0,0,19-APR-2021,
OPTSTK,SBILIFE,27-May-2021,850,PE,18,18,18,18,23.35,1,6.51,0,-750,19-APR-2021,
OPTSTK,SBILIFE,27-May-2021,860,PE,0,0,0,25,26.85,0,0,750,0,19-APR-2021,
OPTSTK,SBILIFE,27-May-2021,870,PE,0,0,0,68.45,30.6,0,0,0,0,19-APR-2021,
OPTSTK,SBILIFE,27-May-2021,880,PE,0,0,0,73.75,34.75,0,0,0,0,19-APR-2021,
OPTSTK,SBILIFE,27-May-2021,890,PE,0,0,0,79.2,39.2,0,0,0,0,19-APR-2021,
OPTSTK,SBILIFE,27-May-2021,900,PE,0,0,0,84.85,43.95,0,0,0,0,19-APR-2021,
OPTSTK,SBILIFE,27-May-2021,910,PE,0,0,0,90.75,49.05,0,0,0,0,19-APR-2021,
OPTSTK,SBILIFE,27-May-2021,920,PE,0,0,0,96.8,54.45,0,0,0,0,19-APR-2021,
OPTSTK,SBILIFE,27-May-2021,930,PE,0,0,0,103.05,60.2,0,0,0,0,19-APR-2021,
OPTSTK,SBILIFE,27-May-2021,940,PE,0,0,0,109.5,66.2,0,0,0,0,19-APR-2021,
OPTSTK,SBILIFE,27-May-2021,950,PE,0,0,0,63,72.55,0,0,750,0,19-APR-2021,
OPTSTK,SBILIFE,27-May-2021,960,PE,0,0,0,122.95,79.2,0,0,0,0,19-APR-2021,
OPTSTK,SBILIFE,27-May-2021,970,PE,0,0,0,129.95,86.1,0,0,0,0,19-APR-2021,
OPTSTK,SBILIFE,27-May-2021,980,PE,0,0,0,137.05,93.25,0,0,0,0,19-APR-2021,
OPTSTK,SBILIFE,27-May-2021,990,PE,0,0,0,144.35,100.7,0,0,0,0,19-APR-2021,
OPTSTK,SBILIFE,27-May-2021,1000,PE,0,0,0,151.85,108.35,0,0,0,0,19-APR-2021,
OPTSTK,SBILIFE,27-May-2021,1010,PE,0,0,0,159.45,116.15,0,0,0,0,19-APR-2021,
OPTSTK,SBILIFE,27-May-2021,1020,PE,0,0,0,167.2,124.25,0,0,0,0,19-APR-2021,
OPTSTK,SBILIFE,27-May-2021,1030,PE,0,0,0,175.05,132.5,0,0,0,0,19-APR-2021,
OPTSTK,SBILIFE,27-May-2021,1040,PE,0,0,0,183,140.9,0,0,0,0,19-APR-2021,
OPTSTK,SBILIFE,27-May-2021,1050,PE,0,0,0,191.15,149.5,0,0,0,0,19-APR-2021,
OPTSTK,SBILIFE,27-May-2021,1060,PE,0,0,0,199.35,158.25,0,0,0,0,19-APR-2021,
OPTSTK,SBILIFE,27-May-2021,1070,PE,0,0,0,207.7,167.1,0,0,0,0,19-APR-2021,
OPTSTK,SBILIFE,27-May-2021,1080,PE,0,0,0,216.1,176.1,0,0,0,0,19-APR-2021,
OPTSTK,SBILIFE,27-May-2021,1090,PE,0,0,0,224.65,185.2,0,0,0,0,19-APR-2021,
OPTSTK,SBILIFE,27-May-2021,1100,PE,0,0,0,233.3,194.4,0,0,0,0,19-APR-2021,
OPTSTK,SBILIFE,27-May-2021,1110,PE,0,0,0,242,203.7,0,0,0,0,19-APR-2021,
OPTSTK,SBILIFE,27-May-2021,1120,PE,0,0,0,250.8,213.1,0,0,0,0,19-APR-2021,
OPTSTK,SBILIFE,27-May-2021,1130,PE,0,0,0,259.65,222.55,0,0,0,0,19-APR-2021,
OPTSTK,SBILIFE,27-May-2021,1140,PE,0,0,0,268.6,232.05,0,0,0,0,19-APR-2021,
OPTSTK,SBILIFE,27-May-2021,1150,PE,0,0,0,277.6,241.65,0,0,0,0,19-APR-2021,
OPTSTK,SBILIFE,24-Jun-2021,580,CE,0,0,0,291.05,330.4,0,0,0,0,19-APR-2021,
OPTSTK,SBILIFE,24-Jun-2021,590,CE,0,0,0,281.55,320.55,0,0,0,0,19-APR-2021,
OPTSTK,SBILIFE,24-Jun-2021,600,CE,0,0,0,272.05,310.75,0,0,0,0,19-APR-2021,
OPTSTK,SBILIFE,24-Jun-2021,610,CE,0,0,0,262.7,300.95,0,0,0,0,19-APR-2021,
OPTSTK,SBILIFE,24-Jun-2021,620,CE,0,0,0,253.4,291.2,0,0,0,0,19-APR-2021,
OPTSTK,SBILIFE,24-Jun-2021,630,CE,0,0,0,244.2,281.45,0,0,0,0,19-APR-2021,
OPTSTK,SBILIFE,24-Jun-2021,640,CE,0,0,0,235.1,271.8,0,0,0,0,19-APR-2021,
OPTSTK,SBILIFE,24-Jun-2021,650,CE,0,0,0,226.15,262.15,0,0,0,0,19-APR-2021,
OPTSTK,SBILIFE,24-Jun-2021,660,CE,0,0,0,217.3,252.6,0,0,0,0,19-APR-2021,
OPTSTK,SBILIFE,24-Jun-2021,670,CE,0,0,0,208.55,243.15,0,0,0,0,19-APR-2021,
OPTSTK,SBILIFE,24-Jun-2021,680,CE,0,0,0,200,233.75,0,0,0,0,19-APR-2021,
OPTSTK,SBILIFE,24-Jun-2021,690,CE,0,0,0,191.6,224.5,0,0,0,0,19-APR-2021,
OPTSTK,SBILIFE,24-Jun-2021,700,CE,0,0,0,183.35,215.3,0,0,0,0,19-APR-2021,
OPTSTK,SBILIFE,24-Jun-2021,710,CE,0,0,0,175.25,206.25,0,0,0,0,19-APR-2021,
OPTSTK,SBILIFE,24-Jun-2021,720,CE,0,0,0,167.35,197.3,0,0,0,0,19-APR-2021,
OPTSTK,SBILIFE,24-Jun-2021,730,CE,0,0,0,159.65,188.5,0,0,0,0,19-APR-2021,
OPTSTK,SBILIFE,24-Jun-2021,740,CE,0,0,0,152.15,179.9,0,0,0,0,19-APR-2021,
OPTSTK,SBILIFE,24-Jun-2021,750,CE,0,0,0,144.85,171.45,0,0,0,0,19-APR-2021,
OPTSTK,SBILIFE,24-Jun-2021,760,CE,0,0,0,137.75,163.15,0,0,0,0,19-APR-2021,
OPTSTK,SBILIFE,24-Jun-2021,770,CE,0,0,0,130.85,155.05,0,0,0,0,19-APR-2021,
OPTSTK,SBILIFE,24-Jun-2021,780,CE,0,0,0,124.1,147.15,0,0,0,0,19-APR-2021,
OPTSTK,SBILIFE,24-Jun-2021,790,CE,0,0,0,117.65,139.45,0,0,0,0,19-APR-2021,
OPTSTK,SBILIFE,24-Jun-2021,800,CE,0,0,0,111.4,132,0,0,0,0,19-APR-2021,
OPTSTK,SBILIFE,24-Jun-2021,810,CE,0,0,0,105.4,124.75,0,0,0,0,19-APR-2021,
OPTSTK,SBILIFE,24-Jun-2021,820,CE,0,0,0,99.6,117.7,0,0,0,0,19-APR-2021,
OPTSTK,SBILIFE,24-Jun-2021,830,CE,0,0,0,94.05,110.9,0,0,0,0,19-APR-2021,
OPTSTK,SBILIFE,24-Jun-2021,840,CE,0,0,0,88.7,104.35,0,0,0,0,19-APR-2021,
OPTSTK,SBILIFE,24-Jun-2021,850,CE,0,0,0,83.55,98.05,0,0,0,0,19-APR-2021,
OPTSTK,SBILIFE,24-Jun-2021,860,CE,0,0,0,78.65,92,0,0,0,0,19-APR-2021,
OPTSTK,SBILIFE,24-Jun-2021,870,CE,0,0,0,73.95,86.25,0,0,0,0,19-APR-2021,
OPTSTK,SBILIFE,24-Jun-2021,880,CE,0,0,0,69.5,80.7,0,0,0,0,19-APR-2021,
OPTSTK,SBILIFE,24-Jun-2021,890,CE,0,0,0,65.2,75.4,0,0,0,0,19-APR-2021,
OPTSTK,SBILIFE,24-Jun-2021,900,CE,0,0,0,61.15,70.35,0,0,0,0,19-APR-2021,
OPTSTK,SBILIFE,24-Jun-2021,910,CE,0,0,0,57.3,65.55,0,0,0,0,19-APR-2021,
OPTSTK,SBILIFE,24-Jun-2021,920,CE,0,0,0,53.65,61,0,0,0,0,19-APR-2021,
OPTSTK,SBILIFE,24-Jun-2021,930,CE,0,0,0,50.15,56.7,0,0,0,0,19-APR-2021,
OPTSTK,SBILIFE,24-Jun-2021,940,CE,0,0,0,46.85,52.6,0,0,0,0,19-APR-2021,
OPTSTK,SBILIFE,24-Jun-2021,950,CE,0,0,0,43.75,48.75,0,0,0,0,19-APR-2021,
OPTSTK,SBILIFE,24-Jun-2021,960,CE,0,0,0,40.8,45.15,0,0,0,0,19-APR-2021,
OPTSTK,SBILIFE,24-Jun-2021,970,CE,0,0,0,38.05,41.75,0,0,0,0,19-APR-2021,
OPTSTK,SBILIFE,24-Jun-2021,980,CE,0,0,0,35.4,38.55,0,0,0,0,19-APR-2021,
OPTSTK,SBILIFE,24-Jun-2021,990,CE,0,0,0,33,35.55,0,0,0,0,19-APR-2021,
OPTSTK,SBILIFE,24-Jun-2021,1000,CE,0,0,0,30.7,32.7,0,0,0,0,19-APR-2021,
OPTSTK,SBILIFE,24-Jun-2021,1010,CE,0,0,0,28.55,30.1,0,0,0,0,19-APR-2021,
OPTSTK,SBILIFE,24-Jun-2021,1020,CE,0,0,0,26.5,27.7,0,0,0,0,19-APR-2021,
OPTSTK,SBILIFE,24-Jun-2021,1030,CE,0,0,0,24.55,25.45,0,0,0,0,19-APR-2021,
OPTSTK,SBILIFE,24-Jun-2021,1040,CE,0,0,0,22.8,23.35,0,0,0,0,19-APR-2021,
OPTSTK,SBILIFE,24-Jun-2021,1050,CE,0,0,0,21.1,21.35,0,0,0,0,19-APR-2021,
OPTSTK,SBILIFE,24-Jun-2021,1060,CE,0,0,0,19.55,19.5,0,0,0,0,19-APR-2021,
OPTSTK,SBILIFE,24-Jun-2021,1070,CE,0,0,0,18.1,17.85,0,0,0,0,19-APR-2021,
OPTSTK,SBILIFE,24-Jun-2021,1080,CE,0,0,0,16.7,16.25,0,0,0,0,19-APR-2021,
OPTSTK,SBILIFE,24-Jun-2021,1090,CE,0,0,0,15.45,14.85,0,0,0,0,19-APR-2021,
OPTSTK,SBILIFE,24-Jun-2021,1100,CE,0,0,0,14.25,13.5,0,0,0,0,19-APR-2021,
OPTSTK,SBILIFE,24-Jun-2021,1110,CE,0,0,0,13.15,12.3,0,0,0,0,19-APR-2021,
OPTSTK,SBILIFE,24-Jun-2021,1120,CE,0,0,0,12.15,11.2,0,0,0,0,19-APR-2021,
OPTSTK,SBILIFE,24-Jun-2021,1130,CE,0,0,0,11.2,10.15,0,0,0,0,19-APR-2021,
OPTSTK,SBILIFE,24-Jun-2021,1140,CE,0,0,0,10.3,9.2,0,0,0,0,19-APR-2021,
OPTSTK,SBILIFE,24-Jun-2021,1150,CE,0,0,0,9.5,8.35,0,0,0,0,19-APR-2021,
OPTSTK,SBILIFE,24-Jun-2021,580,PE,0,0,0,1.55,0.25,0,0,0,0,19-APR-2021,
OPTSTK,SBILIFE,24-Jun-2021,590,PE,0,0,0,1.95,0.35,0,0,0,0,19-APR-2021,
OPTSTK,SBILIFE,24-Jun-2021,600,PE,0,0,0,2.4,0.45,0,0,0,0,19-APR-2021,
OPTSTK,SBILIFE,24-Jun-2021,610,PE,0,0,0,2.9,0.55,0,0,0,0,19-APR-2021,
OPTSTK,SBILIFE,24-Jun-2021,620,PE,0,0,0,3.5,0.75,0,0,0,0,19-APR-2021,
OPTSTK,SBILIFE,24-Jun-2021,630,PE,0,0,0,4.25,0.95,0,0,0,0,19-APR-2021,
OPTSTK,SBILIFE,24-Jun-2021,640,PE,0,0,0,5.05,1.2,0,0,0,0,19-APR-2021,
OPTSTK,SBILIFE,24-Jun-2021,650,PE,0,0,0,6,1.55,0,0,0,0,19-APR-2021,
OPTSTK,SBILIFE,24-Jun-2021,660,PE,0,0,0,7.05,1.9,0,0,0,0,19-APR-2021,
OPTSTK,SBILIFE,24-Jun-2021,670,PE,0,0,0,8.25,2.35,0,0,0,0,19-APR-2021,
OPTSTK,SBILIFE,24-Jun-2021,680,PE,0,0,0,9.55,2.9,0,0,0,0,19-APR-2021,
OPTSTK,SBILIFE,24-Jun-2021,690,PE,0,0,0,11.05,3.55,0,0,0,0,19-APR-2021,
OPTSTK,SBILIFE,24-Jun-2021,700,PE,0,0,0,12.7,4.3,0,0,0,0,19-APR-2021,
OPTSTK,SBILIFE,24-Jun-2021,710,PE,0,0,0,14.55,5.2,0,0,0,0,19-APR-2021,
OPTSTK,SBILIFE,24-Jun-2021,720,PE,0,0,0,16.55,6.2,0,0,0,0,19-APR-2021,
OPTSTK,SBILIFE,24-Jun-2021,730,PE,0,0,0,18.75,7.35,0,0,0,0,19-APR-2021,
OPTSTK,SBILIFE,24-Jun-2021,740,PE,0,0,0,21.15,8.65,0,0,0,0,19-APR-2021,
OPTSTK,SBILIFE,24-Jun-2021,750,PE,0,0,0,23.75,10.1,0,0,0,0,19-APR-2021,
OPTSTK,SBILIFE,24-Jun-2021,760,PE,0,0,0,26.55,11.75,0,0,0,0,19-APR-2021,
OPTSTK,SBILIFE,24-Jun-2021,770,PE,0,0,0,29.55,13.6,0,0,0,0,19-APR-2021,
OPTSTK,SBILIFE,24-Jun-2021,780,PE,0,0,0,32.75,15.6,0,0,0,0,19-APR-2021,
OPTSTK,SBILIFE,24-Jun-2021,790,PE,0,0,0,36.2,17.85,0,0,0,0,19-APR-2021,
OPTSTK,SBILIFE,24-Jun-2021,800,PE,0,0,0,39.85,20.35,0,0,0,0,19-APR-2021,
OPTSTK,SBILIFE,24-Jun-2021,810,PE,0,0,0,43.75,23,0,0,0,0,19-APR-2021,
OPTSTK,SBILIFE,24-Jun-2021,820,PE,0,0,0,47.85,25.9,0,0,0,0,19-APR-2021,
OPTSTK,SBILIFE,24-Jun-2021,830,PE,0,0,0,52.2,29.05,0,0,0,0,19-APR-2021,
OPTSTK,SBILIFE,24-Jun-2021,840,PE,0,0,0,56.75,32.45,0,0,0,0,19-APR-2021,
OPTSTK,SBILIFE,24-Jun-2021,850,PE,0,0,0,61.55,36.05,0,0,0,0,19-APR-2021,
OPTSTK,SBILIFE,24-Jun-2021,860,PE,0,0,0,66.55,39.95,0,0,0,0,19-APR-2021,
OPTSTK,SBILIFE,24-Jun-2021,870,PE,0,0,0,71.75,44.1,0,0,0,0,19-APR-2021,
OPTSTK,SBILIFE,24-Jun-2021,880,PE,0,0,0,77.2,48.5,0,0,0,0,19-APR-2021,
OPTSTK,SBILIFE,24-Jun-2021,890,PE,0,0,0,82.85,53.15,0,0,0,0,19-APR-2021,
OPTSTK,SBILIFE,24-Jun-2021,900,PE,0,0,0,88.7,58,0,0,0,0,19-APR-2021,
OPTSTK,SBILIFE,24-Jun-2021,910,PE,0,0,0,94.7,63.15,0,0,0,0,19-APR-2021,
OPTSTK,SBILIFE,24-Jun-2021,920,PE,0,0,0,100.95,68.55,0,0,0,0,19-APR-2021,
OPTSTK,SBILIFE,24-Jun-2021,930,PE,0,0,0,107.4,74.15,0,0,0,0,19-APR-2021,
OPTSTK,SBILIFE,24-Jun-2021,940,PE,0,0,0,114,80,0,0,0,0,19-APR-2021,
OPTSTK,SBILIFE,24-Jun-2021,950,PE,0,0,0,120.8,86.1,0,0,0,0,19-APR-2021,
OPTSTK,SBILIFE,24-Jun-2021,960,PE,0,0,0,127.75,92.4,0,0,0,0,19-APR-2021,
OPTSTK,SBILIFE,24-Jun-2021,970,PE,0,0,0,134.9,98.95,0,0,0,0,19-APR-2021,
OPTSTK,SBILIFE,24-Jun-2021,980,PE,0,0,0,142.2,105.65,0,0,0,0,19-APR-2021,
OPTSTK,SBILIFE,24-Jun-2021,990,PE,0,0,0,149.7,112.6,0,0,0,0,19-APR-2021,
OPTSTK,SBILIFE,24-Jun-2021,1000,PE,0,0,0,157.3,119.7,0,0,0,0,19-APR-2021,
OPTSTK,SBILIFE,24-Jun-2021,1010,PE,0,0,0,165.05,127.05,0,0,0,0,19-APR-2021,
OPTSTK,SBILIFE,24-Jun-2021,1020,PE,0,0,0,172.9,134.55,0,0,0,0,19-APR-2021,
OPTSTK,SBILIFE,24-Jun-2021,1030,PE,0,0,0,180.9,142.25,0,0,0,0,19-APR-2021,
OPTSTK,SBILIFE,24-Jun-2021,1040,PE,0,0,0,189,150.05,0,0,0,0,19-APR-2021,
OPTSTK,SBILIFE,24-Jun-2021,1050,PE,0,0,0,197.25,158,0,0,0,0,19-APR-2021,
OPTSTK,SBILIFE,24-Jun-2021,1060,PE,0,0,0,205.6,166.1,0,0,0,0,19-APR-2021,
OPTSTK,SBILIFE,24-Jun-2021,1070,PE,0,0,0,214,174.35,0,0,0,0,19-APR-2021,
OPTSTK,SBILIFE,24-Jun-2021,1080,PE,0,0,0,222.55,182.7,0,0,0,0,19-APR-2021,
OPTSTK,SBILIFE,24-Jun-2021,1090,PE,0,0,0,231.2,191.2,0,0,0,0,19-APR-2021,
OPTSTK,SBILIFE,24-Jun-2021,1100,PE,0,0,0,239.95,199.85,0,0,0,0,19-APR-2021,
OPTSTK,SBILIFE,24-Jun-2021,1110,PE,0,0,0,248.75,208.55,0,0,0,0,19-APR-2021,
OPTSTK,SBILIFE,24-Jun-2021,1120,PE,0,0,0,257.65,217.35,0,0,0,0,19-APR-2021,
OPTSTK,SBILIFE,24-Jun-2021,1130,PE,0,0,0,266.6,226.25,0,0,0,0,19-APR-2021,
OPTSTK,SBILIFE,24-Jun-2021,1140,PE,0,0,0,275.6,235.25,0,0,0,0,19-APR-2021,
OPTSTK,SBILIFE,24-Jun-2021,1150,PE,0,0,0,284.7,244.3,0,0,0,0,19-APR-2021,
OPTSTK,SBIN,29-Apr-2021,170,CE,0,0,0,114.35,161.35,0,0,0,0,19-APR-2021,
OPTSTK,SBIN,29-Apr-2021,175,CE,0,0,0,109.6,156.35,0,0,0,0,19-APR-2021,
OPTSTK,SBIN,29-Apr-2021,180,CE,0,0,0,104.85,151.35,0,0,0,0,19-APR-2021,
OPTSTK,SBIN,29-Apr-2021,185,CE,0,0,0,100.15,146.35,0,0,0,0,19-APR-2021,
OPTSTK,SBIN,29-Apr-2021,190,CE,0,0,0,95.5,141.35,0,0,0,0,19-APR-2021,
OPTSTK,SBIN,29-Apr-2021,195,CE,0,0,0,90.95,136.35,0,0,0,0,19-APR-2021,
OPTSTK,SBIN,29-Apr-2021,200,CE,0,0,0,156,131.35,0,0,3000,0,19-APR-2021,
OPTSTK,SBIN,29-Apr-2021,205,CE,0,0,0,82.05,126.35,0,0,0,0,19-APR-2021,
OPTSTK,SBIN,29-Apr-2021,210,CE,0,0,0,77.75,121.4,0,0,0,0,19-APR-2021,
OPTSTK,SBIN,29-Apr-2021,215,CE,0,0,0,73.55,116.4,0,0,0,0,19-APR-2021,
OPTSTK,SBIN,29-Apr-2021,220,CE,0,0,0,69.45,111.4,0,0,0,0,19-APR-2021,
OPTSTK,SBIN,29-Apr-2021,225,CE,0,0,0,65.5,106.4,0,0,0,0,19-APR-2021,
OPTSTK,SBIN,29-Apr-2021,230,CE,0,0,0,61.65,101.4,0,0,0,0,19-APR-2021,
OPTSTK,SBIN,29-Apr-2021,235,CE,0,0,0,57.95,96.4,0,0,0,0,19-APR-2021,
OPTSTK,SBIN,29-Apr-2021,240,CE,0,0,0,54.35,91.4,0,0,0,0,19-APR-2021,
OPTSTK,SBIN,29-Apr-2021,245,CE,0,0,0,50.9,86.4,0,0,0,0,19-APR-2021,
OPTSTK,SBIN,29-Apr-2021,250,CE,0,0,0,76.25,81.4,0,0,24000,0,19-APR-2021,
OPTSTK,SBIN,29-Apr-2021,255,CE,0,0,0,44.45,76.45,0,0,0,0,19-APR-2021,
OPTSTK,SBIN,29-Apr-2021,260,CE,0,0,0,72,71.45,0,0,33000,0,19-APR-2021,
OPTSTK,SBIN,29-Apr-2021,265,CE,0,0,0,99.55,66.45,0,0,0,0,19-APR-2021,
OPTSTK,SBIN,29-Apr-2021,270,CE,0,0,0,35.85,61.5,0,0,0,0,19-APR-2021,
OPTSTK,SBIN,29-Apr-2021,275,CE,0,0,0,33.25,56.6,0,0,0,0,19-APR-2021,
OPTSTK,SBIN,29-Apr-2021,280,CE,47.5,47.5,47.5,47.5,51.7,1,9.82,42000,0,19-APR-2021,
OPTSTK,SBIN,29-Apr-2021,285,CE,0,0,0,28.55,46.9,0,0,0,0,19-APR-2021,
OPTSTK,SBIN,29-Apr-2021,290,CE,0,0,0,46.5,42.2,0,0,9000,0,19-APR-2021,
OPTSTK,SBIN,29-Apr-2021,295,CE,0,0,0,24.35,37.6,0,0,0,0,19-APR-2021,
OPTSTK,SBIN,29-Apr-2021,300,CE,28.15,34.2,27.1,33.85,33.85,129,1278.25,246000,3000,19-APR-2021,
OPTSTK,SBIN,29-Apr-2021,305,CE,24.1,24.1,23.6,23.9,29,4,39.46,15000,3000,19-APR-2021,
OPTSTK,SBIN,29-Apr-2021,310,CE,20.8,25.25,19.25,24.45,24.45,60,597.37,147000,60000,19-APR-2021,
OPTSTK,SBIN,29-Apr-2021,315,CE,18,20.5,14.9,19,21.35,99,985.52,69000,42000,19-APR-2021,
OPTSTK,SBIN,29-Apr-2021,320,CE,15,17.25,11.35,16.6,16.6,1626,16274.25,636000,294000,19-APR-2021,
OPTSTK,SBIN,29-Apr-2021,325,CE,10.5,13.8,8.7,13.05,13.05,3108,31283.79,819000,699000,19-APR-2021,
OPTSTK,SBIN,29-Apr-2021,330,CE,10.25,12.2,6.45,9.9,9.9,6758,68562.69,2157000,933000,19-APR-2021,
OPTSTK,SBIN,29-Apr-2021,335,CE,4.75,8,4.75,7.3,7.3,2687,27490.69,1251000,606000,19-APR-2021,
OPTSTK,SBIN,29-Apr-2021,340,CE,7.05,7.05,3.3,5.3,5.3,5948,61446.55,3165000,969000,19-APR-2021,
OPTSTK,SBIN,29-Apr-2021,345,CE,4.4,4.4,2.45,3.9,3.9,2132,22273.93,1293000,-6000,19-APR-2021,
OPTSTK,SBIN,29-Apr-2021,350,CE,2.9,3.15,1.65,2.8,2.8,5682,60067.82,6495000,522000,19-APR-2021,
OPTSTK,SBIN,29-Apr-2021,355,CE,2.15,2.3,1.5,2.05,2.05,1461,15637.12,1782000,60000,19-APR-2021,
OPTSTK,SBIN,29-Apr-2021,360,CE,2.9,2.9,1.05,1.6,1.6,4878,52883.87,7548000,-252000,19-APR-2021,
OPTSTK,SBIN,29-Apr-2021,365,CE,2.45,2.45,0.6,1.2,1.2,1052,11553.3,2676000,-57000,19-APR-2021,
OPTSTK,SBIN,29-Apr-2021,370,CE,0.2,1.9,0.2,1,1,2364,26303.94,8109000,-18000,19-APR-2021,
OPTSTK,SBIN,29-Apr-2021,375,CE,1.45,1.45,0.6,0.85,0.85,822,9266.7,1947000,69000,19-APR-2021,
OPTSTK,SBIN,29-Apr-2021,380,CE,0.8,0.85,0.55,0.75,0.75,2106,24050.71,6900000,-618000,19-APR-2021,
OPTSTK,SBIN,29-Apr-2021,385,CE,1.05,1.05,0.45,0.6,0.6,388,4487.71,1002000,-84000,19-APR-2021,
OPTSTK,SBIN,29-Apr-2021,390,CE,0.55,0.65,0.4,0.55,0.55,806,9442.17,3279000,-309000,19-APR-2021,
OPTSTK,SBIN,29-Apr-2021,395,CE,0.5,0.5,0.3,0.45,0.45,181,2146.99,1188000,-207000,19-APR-2021,
OPTSTK,SBIN,29-Apr-2021,400,CE,0.45,0.5,0.3,0.4,0.4,1268,15230.47,10758000,-1290000,19-APR-2021,
OPTSTK,SBIN,29-Apr-2021,405,CE,0.35,0.4,0.25,0.4,0.4,49,595.83,636000,-93000,19-APR-2021,
OPTSTK,SBIN,29-Apr-2021,410,CE,0.3,0.4,0.25,0.4,0.4,266,3274.18,2241000,-285000,19-APR-2021,
OPTSTK,SBIN,29-Apr-2021,415,CE,0.3,0.35,0.25,0.35,0.35,27,336.38,483000,-42000,19-APR-2021,
OPTSTK,SBIN,29-Apr-2021,420,CE,0.3,0.3,0.2,0.3,0.3,147,1853.33,1623000,-225000,19-APR-2021,
OPTSTK,SBIN,29-Apr-2021,425,CE,0.2,0.35,0.2,0.3,0.3,24,306.19,261000,-39000,19-APR-2021,
OPTSTK,SBIN,29-Apr-2021,430,CE,0.2,0.3,0.15,0.3,0.3,88,1135.81,969000,-123000,19-APR-2021,
OPTSTK,SBIN,29-Apr-2021,435,CE,0.2,0.35,0.15,0.25,0.05,10,130.57,99000,-6000,19-APR-2021,
OPTSTK,SBIN,29-Apr-2021,440,CE,0.15,0.3,0.15,0.3,0.3,52,686.78,531000,-12000,19-APR-2021,
OPTSTK,SBIN,29-Apr-2021,445,CE,0.1,0.3,0.1,0.2,0,10,133.57,75000,-9000,19-APR-2021,
OPTSTK,SBIN,29-Apr-2021,450,CE,0.25,0.35,0.2,0.25,0.25,178,2404.25,1917000,54000,19-APR-2021,
OPTSTK,SBIN,29-Apr-2021,455,CE,0,0,0,0.4,0,0,0,18000,0,19-APR-2021,
OPTSTK,SBIN,29-Apr-2021,460,CE,0.1,0.25,0.1,0.2,0.2,48,662.65,507000,-90000,19-APR-2021,
OPTSTK,SBIN,29-Apr-2021,470,CE,0.15,0.2,0.15,0.15,0.15,8,112.84,78000,-9000,19-APR-2021,
OPTSTK,SBIN,29-Apr-2021,480,CE,0.1,0.2,0.1,0.2,0,8,115.23,126000,-12000,19-APR-2021,
OPTSTK,SBIN,29-Apr-2021,490,CE,0,0,0,0.15,0,0,0,6000,0,19-APR-2021,
OPTSTK,SBIN,29-Apr-2021,500,CE,0.1,0.15,0.1,0.15,0.15,45,675.18,1149000,-60000,19-APR-2021,
OPTSTK,SBIN,29-Apr-2021,510,CE,0.1,0.15,0.05,0.1,0.1,17,260.15,294000,-36000,19-APR-2021,
OPTSTK,SBIN,29-Apr-2021,170,PE,0.4,0.4,0.1,0.15,0.15,8,40.84,18000,3000,19-APR-2021,
OPTSTK,SBIN,29-Apr-2021,175,PE,0.2,0.2,0.2,0.2,0,1,5.25,9000,3000,19-APR-2021,
OPTSTK,SBIN,29-Apr-2021,180,PE,0.2,0.2,0.15,0.15,0,2,10.81,9000,0,19-APR-2021,
OPTSTK,SBIN,29-Apr-2021,185,PE,0,0,0,1.05,0,0,0,0,0,19-APR-2021,
OPTSTK,SBIN,29-Apr-2021,190,PE,0,0,0,1.4,0,0,0,0,0,19-APR-2021,
OPTSTK,SBIN,29-Apr-2021,195,PE,0,0,0,1.8,0,0,0,0,0,19-APR-2021,
OPTSTK,SBIN,29-Apr-2021,200,PE,0.15,0.2,0.15,0.2,0,23,138.12,192000,9000,19-APR-2021,
OPTSTK,SBIN,29-Apr-2021,205,PE,0,0,0,2.8,0,0,0,0,0,19-APR-2021,
OPTSTK,SBIN,29-Apr-2021,210,PE,0,0,0,3.45,0,0,0,0,0,19-APR-2021,
OPTSTK,SBIN,29-Apr-2021,215,PE,0,0,0,4.2,0,0,0,0,0,19-APR-2021,
OPTSTK,SBIN,29-Apr-2021,220,PE,0,0,0,0.5,0,0,0,3000,0,19-APR-2021,
OPTSTK,SBIN,29-Apr-2021,225,PE,0,0,0,0.35,0,0,0,12000,0,19-APR-2021,
OPTSTK,SBIN,29-Apr-2021,230,PE,0,0,0,7.15,0,0,0,0,0,19-APR-2021,
OPTSTK,SBIN,29-Apr-2021,235,PE,0.15,0.15,0.15,0.15,0,1,7.05,3000,0,19-APR-2021,
OPTSTK,SBIN,29-Apr-2021,240,PE,0.4,0.6,0.2,0.25,0.25,69,497.58,219000,12000,19-APR-2021,
OPTSTK,SBIN,29-Apr-2021,245,PE,0,0,0,11.3,0,0,0,0,0,19-APR-2021,
OPTSTK,SBIN,29-Apr-2021,250,PE,0.65,0.85,0.35,0.4,0.4,274,2059.57,1077000,117000,19-APR-2021,
OPTSTK,SBIN,29-Apr-2021,255,PE,0,0,0,14.7,0.05,0,0,0,0,19-APR-2021,
OPTSTK,SBIN,29-Apr-2021,260,PE,0.65,1.05,0.45,0.5,0.5,252,1970.7,426000,-27000,19-APR-2021,
OPTSTK,SBIN,29-Apr-2021,265,PE,0,0,0,18.75,0.05,0,0,0,0,19-APR-2021,
OPTSTK,SBIN,29-Apr-2021,270,PE,0.95,1.35,0.6,0.65,0.65,602,4893.73,864000,108000,19-APR-2021,
OPTSTK,SBIN,29-Apr-2021,275,PE,1.5,1.5,0.75,0.8,0.8,45,372.66,87000,21000,19-APR-2021,
OPTSTK,SBIN,29-Apr-2021,280,PE,1.5,1.85,0.85,0.95,0.95,941,7941.87,1110000,-72000,19-APR-2021,
OPTSTK,SBIN,29-Apr-2021,285,PE,1.35,2.1,1,1.1,1.1,154,1323.85,129000,-12000,19-APR-2021,
OPTSTK,SBIN,29-Apr-2021,290,PE,1.5,2.5,1.25,1.35,1.35,792,6935.41,1371000,183000,19-APR-2021,
OPTSTK,SBIN,29-Apr-2021,295,PE,2.25,2.95,1.45,1.5,1.5,424,3781.5,522000,-21000,19-APR-2021,
OPTSTK,SBIN,29-Apr-2021,300,PE,2.15,3.6,1.75,1.9,1.9,4449,40407.45,5370000,-159000,19-APR-2021,
OPTSTK,SBIN,29-Apr-2021,305,PE,4.4,4.4,2.15,2.25,2.25,943,8723.95,858000,120000,19-APR-2021,
OPTSTK,SBIN,29-Apr-2021,310,PE,3.75,5.55,2.7,2.85,2.85,3256,30694.12,2328000,432000,19-APR-2021,
OPTSTK,SBIN,29-Apr-2021,315,PE,6.55,7,3.55,3.65,3.65,1678,16131.88,720000,111000,19-APR-2021,
OPTSTK,SBIN,29-Apr-2021,320,PE,6.5,8.9,4.55,4.7,4.7,5671,55613.7,3732000,-69000,19-APR-2021,
OPTSTK,SBIN,29-Apr-2021,325,PE,10,11.2,5.9,6.1,6.1,3482,34843.81,1908000,-39000,19-APR-2021,
OPTSTK,SBIN,29-Apr-2021,330,PE,10.1,14.35,7.7,7.95,7.95,4265,43575.25,3399000,-585000,19-APR-2021,
OPTSTK,SBIN,29-Apr-2021,335,PE,13.3,17.2,10.05,10.4,10.4,929,9722.98,1182000,-114000,19-APR-2021,
OPTSTK,SBIN,29-Apr-2021,340,PE,15.55,21.15,12.9,13.35,13.35,1635,17522.45,2205000,-825000,19-APR-2021,
OPTSTK,SBIN,29-Apr-2021,345,PE,20.4,25,16.5,16.95,16.95,257,2821.67,876000,-207000,19-APR-2021,
OPTSTK,SBIN,29-Apr-2021,350,PE,25.95,28.9,20.2,20.85,20.85,506,5700.37,2652000,-492000,19-APR-2021,
OPTSTK,SBIN,29-Apr-2021,355,PE,30,34,24.75,24.9,24.9,59,680.01,897000,-39000,19-APR-2021,
OPTSTK,SBIN,29-Apr-2021,360,PE,34.8,38,29,29.75,29.75,159,1882.16,2094000,-252000,19-APR-2021,
OPTSTK,SBIN,29-Apr-2021,365,PE,39.65,41.15,33.6,33.6,33.6,25,302.66,780000,-42000,19-APR-2021,
OPTSTK,SBIN,29-Apr-2021,370,PE,43,46.6,38.45,39.1,39.1,62,769.53,1161000,-24000,19-APR-2021,
OPTSTK,SBIN,29-Apr-2021,375,PE,49.25,49.7,49.25,49.65,44.6,5,63.67,492000,0,19-APR-2021,
OPTSTK,SBIN,29-Apr-2021,380,PE,55,58,49.5,50.4,49.25,72,936.88,1002000,-111000,19-APR-2021,
OPTSTK,SBIN,29-Apr-2021,385,PE,0,0,0,44.15,54.05,0,0,90000,0,19-APR-2021,
OPTSTK,SBIN,29-Apr-2021,390,PE,64,64,58.5,58.5,58.5,5,67.72,432000,0,19-APR-2021,
OPTSTK,SBIN,29-Apr-2021,395,PE,62,62,62,62,63.75,1,13.71,18000,0,19-APR-2021,
OPTSTK,SBIN,29-Apr-2021,400,PE,74,75.5,67.55,67.55,67.55,20,284.28,648000,-24000,19-APR-2021,
OPTSTK,SBIN,29-Apr-2021,405,PE,0,0,0,97.5,73.6,0,0,0,0,19-APR-2021,
OPTSTK,SBIN,29-Apr-2021,410,PE,78.7,78.7,78.6,78.65,78.65,2,29.31,87000,-6000,19-APR-2021,
OPTSTK,SBIN,29-Apr-2021,415,PE,0,0,0,106.3,83.5,0,0,0,0,19-APR-2021,
OPTSTK,SBIN,29-Apr-2021,420,PE,94.75,94.75,94.75,94.75,88.5,2,30.88,102000,0,19-APR-2021,
OPTSTK,SBIN,29-Apr-2021,425,PE,0,0,0,97.25,93.45,0,0,0,0,19-APR-2021,
OPTSTK,SBIN,29-Apr-2021,430,PE,0,0,0,101.5,98.45,0,0,0,0,19-APR-2021,
OPTSTK,SBIN,29-Apr-2021,435,PE,0,0,0,105.8,103.45,0,0,0,0,19-APR-2021,
OPTSTK,SBIN,29-Apr-2021,440,PE,0,0,0,85.8,108.45,0,0,6000,0,19-APR-2021,
OPTSTK,SBIN,29-Apr-2021,445,PE,0,0,0,114.55,113.45,0,0,0,0,19-APR-2021,
OPTSTK,SBIN,29-Apr-2021,450,PE,0,0,0,110,118.4,0,0,54000,0,19-APR-2021,
OPTSTK,SBIN,29-Apr-2021,455,PE,0,0,0,105.4,123.4,0,0,0,0,19-APR-2021,
OPTSTK,SBIN,29-Apr-2021,460,PE,0,0,0,109.65,128.4,0,0,0,0,19-APR-2021,
OPTSTK,SBIN,29-Apr-2021,470,PE,0,0,0,95,138.4,0,0,3000,0,19-APR-2021,
OPTSTK,SBIN,29-Apr-2021,480,PE,0,0,0,96.8,148.4,0,0,0,0,19-APR-2021,
OPTSTK,SBIN,29-Apr-2021,490,PE,0,0,0,104.95,158.4,0,0,0,0,19-APR-2021,
OPTSTK,SBIN,29-Apr-2021,500,PE,0,0,0,113.35,168.35,0,0,0,0,19-APR-2021,
OPTSTK,SBIN,29-Apr-2021,510,PE,0,0,0,110.25,178.35,0,0,0,0,19-APR-2021,
OPTSTK,SBIN,27-May-2021,230,CE,0,0,0,179.85,102.3,0,0,0,0,19-APR-2021,
OPTSTK,SBIN,27-May-2021,240,CE,0,0,0,170.2,92.6,0,0,0,0,19-APR-2021,
OPTSTK,SBIN,27-May-2021,250,CE,0,0,0,95.55,83.1,0,0,3000,0,19-APR-2021,
OPTSTK,SBIN,27-May-2021,255,CE,0,0,0,103.6,78.4,0,0,0,0,19-APR-2021,
OPTSTK,SBIN,27-May-2021,260,CE,0,0,0,151.25,73.8,0,0,0,0,19-APR-2021,
OPTSTK,SBIN,27-May-2021,265,CE,0,0,0,94.55,69.3,0,0,0,0,19-APR-2021,
OPTSTK,SBIN,27-May-2021,270,CE,0,0,0,142,64.9,0,0,0,0,19-APR-2021,
OPTSTK,SBIN,27-May-2021,275,CE,0,0,0,85.85,60.65,0,0,0,0,19-APR-2021,
OPTSTK,SBIN,27-May-2021,280,CE,0,0,0,133,56.45,0,0,0,0,19-APR-2021,
OPTSTK,SBIN,27-May-2021,285,CE,0,0,0,77.45,52.45,0,0,0,0,19-APR-2021,
OPTSTK,SBIN,27-May-2021,290,CE,0,0,0,124.15,48.55,0,0,0,0,19-APR-2021,
OPTSTK,SBIN,27-May-2021,295,CE,0,0,0,69.5,44.85,0,0,0,0,19-APR-2021,
OPTSTK,SBIN,27-May-2021,300,CE,33.05,39.65,33.05,39.65,39.65,9,91.3,60000,0,19-APR-2021,
OPTSTK,SBIN,27-May-2021,305,CE,0,0,0,62,37.85,0,0,0,0,19-APR-2021,
OPTSTK,SBIN,27-May-2021,310,CE,0,0,0,107.3,34.65,0,0,0,0,19-APR-2021,
OPTSTK,SBIN,27-May-2021,315,CE,0,0,0,55,31.6,0,0,0,0,19-APR-2021,
OPTSTK,SBIN,27-May-2021,320,CE,21.95,26.4,21.95,26.4,26.4,4,41.22,9000,9000,19-APR-2021,
OPTSTK,SBIN,27-May-2021,325,CE,0,0,0,48.45,26.05,0,0,0,0,19-APR-2021,
OPTSTK,SBIN,27-May-2021,330,CE,19,21.5,17,20.85,20.85,480,5037.55,687000,567000,19-APR-2021,
OPTSTK,SBIN,27-May-2021,335,CE,0,0,0,19.85,21.25,0,0,6000,0,19-APR-2021,
OPTSTK,SBIN,27-May-2021,340,CE,13.4,16.95,11.3,16.35,16.35,167,1774.88,396000,75000,19-APR-2021,
OPTSTK,SBIN,27-May-2021,345,CE,0,0,0,19.7,17.1,0,0,3000,0,19-APR-2021,
OPTSTK,SBIN,27-May-2021,350,CE,13.3,13.3,9.95,12.55,12.55,519,5620.86,663000,-99000,19-APR-2021,
OPTSTK,SBIN,27-May-2021,355,CE,0,0,0,32.15,13.65,0,0,3000,0,19-APR-2021,
OPTSTK,SBIN,27-May-2021,360,CE,8.55,9.7,7.5,9.4,9.4,243,2687.14,507000,57000,19-APR-2021,
OPTSTK,SBIN,27-May-2021,365,CE,0,0,0,27.7,10.75,0,0,0,0,19-APR-2021,
OPTSTK,SBIN,27-May-2021,370,CE,9,9,5.4,7.3,7.3,582,6566.16,870000,-615000,19-APR-2021,
OPTSTK,SBIN,27-May-2021,375,CE,0,0,0,9.4,8.4,0,0,12000,0,19-APR-2021,
OPTSTK,SBIN,27-May-2021,380,CE,4.75,5.5,4.05,5.35,5.35,139,1604.13,495000,102000,19-APR-2021,
OPTSTK,SBIN,27-May-2021,385,CE,0,0,0,20.35,6.5,0,0,0,0,19-APR-2021,
OPTSTK,SBIN,27-May-2021,390,CE,5.05,5.1,3.15,3.95,3.95,42,496.16,324000,-3000,19-APR-2021,
OPTSTK,SBIN,27-May-2021,395,CE,0,0,0,17.3,4.95,0,0,0,0,19-APR-2021,
OPTSTK,SBIN,27-May-2021,400,CE,3.75,3.75,2.6,3.25,3.25,224,2707.37,1239000,96000,19-APR-2021,
OPTSTK,SBIN,27-May-2021,405,CE,0,0,0,14.65,3.75,0,0,0,0,19-APR-2021,
OPTSTK,SBIN,27-May-2021,410,CE,2,2.5,2,2.4,2.4,11,136.03,183000,-9000,19-APR-2021,
OPTSTK,SBIN,27-May-2021,415,CE,0,0,0,12.35,2.85,0,0,0,0,19-APR-2021,
OPTSTK,SBIN,27-May-2021,420,CE,1.6,2.95,1.6,1.7,2.45,41,519.1,282000,0,19-APR-2021,
OPTSTK,SBIN,27-May-2021,425,CE,2,2,1.95,1.95,2.1,3,38.42,12000,9000,19-APR-2021,
OPTSTK,SBIN,27-May-2021,430,CE,0,0,0,35.8,1.85,0,0,0,0,19-APR-2021,
OPTSTK,SBIN,27-May-2021,435,CE,0,0,0,8.7,1.55,0,0,0,0,19-APR-2021,
OPTSTK,SBIN,27-May-2021,440,CE,0,0,0,2.1,1.35,0,0,12000,0,19-APR-2021,
OPTSTK,SBIN,27-May-2021,445,CE,0,0,0,7.25,1.15,0,0,0,0,19-APR-2021,
OPTSTK,SBIN,27-May-2021,450,CE,1.25,1.35,1,1.25,1.25,26,351.9,936000,21000,19-APR-2021,
OPTSTK,SBIN,27-May-2021,460,CE,0,0,0,25.85,0.75,0,0,0,0,19-APR-2021,
OPTSTK,SBIN,27-May-2021,470,CE,0,0,0,23.1,0.55,0,0,0,0,19-APR-2021,
OPTSTK,SBIN,27-May-2021,480,CE,0,0,0,0.35,0.4,0,0,9000,0,19-APR-2021,
OPTSTK,SBIN,27-May-2021,490,CE,0,0,0,18.4,0.3,0,0,0,0,19-APR-2021,
OPTSTK,SBIN,27-May-2021,500,CE,0.75,0.85,0.6,0.8,0.8,4,60.09,258000,12000,19-APR-2021,
OPTSTK,SBIN,27-May-2021,510,CE,0,0,0,14.55,0.15,0,0,0,0,19-APR-2021,
OPTSTK,SBIN,27-May-2021,230,PE,0,0,0,0.45,0.25,0,0,0,0,19-APR-2021,
OPTSTK,SBIN,27-May-2021,240,PE,0,0,0,0.7,0.5,0,0,0,0,19-APR-2021,
OPTSTK,SBIN,27-May-2021,250,PE,1.5,2.4,1.2,1.25,1.25,46,347,237000,87000,19-APR-2021,
OPTSTK,SBIN,27-May-2021,255,PE,0,0,0,1.75,1.25,0,0,0,0,19-APR-2021,
OPTSTK,SBIN,27-May-2021,260,PE,2.2,2.65,2,2,1.65,3,23.6,6000,6000,19-APR-2021,
OPTSTK,SBIN,27-May-2021,265,PE,0,0,0,2.65,2.15,0,0,0,0,19-APR-2021,
OPTSTK,SBIN,27-May-2021,270,PE,0,0,0,2.25,2.7,0,0,0,0,19-APR-2021,
OPTSTK,SBIN,27-May-2021,275,PE,0,0,0,3.85,3.4,0,0,0,0,19-APR-2021,
OPTSTK,SBIN,27-May-2021,280,PE,3.5,4.45,3.1,3.25,3.25,92,783.37,195000,48000,19-APR-2021,
OPTSTK,SBIN,27-May-2021,285,PE,0,0,0,5.4,5.2,0,0,3000,0,19-APR-2021,
OPTSTK,SBIN,27-May-2021,290,PE,5.35,5.35,4.8,4.95,4.95,15,132.73,45000,39000,19-APR-2021,
OPTSTK,SBIN,27-May-2021,295,PE,0,0,0,7.4,7.55,0,0,0,0,19-APR-2021,
OPTSTK,SBIN,27-May-2021,300,PE,6.85,12.5,6.6,6.8,6.8,418,3862.92,900000,267000,19-APR-2021,
OPTSTK,SBIN,27-May-2021,305,PE,0,0,0,6,10.5,0,0,3000,0,19-APR-2021,
OPTSTK,SBIN,27-May-2021,310,PE,11.5,12.5,9.25,9.4,9.4,115,1107.08,282000,162000,19-APR-2021,
OPTSTK,SBIN,27-May-2021,315,PE,0,0,0,12.75,14.25,0,0,0,0,19-APR-2021,
OPTSTK,SBIN,27-May-2021,320,PE,16,16.95,12.75,13.05,13.05,159,1597.52,450000,78000,19-APR-2021,
OPTSTK,SBIN,27-May-2021,325,PE,0,0,0,13.5,18.65,0,0,12000,0,19-APR-2021,
OPTSTK,SBIN,27-May-2021,330,PE,22,22.25,17.2,17.55,17.55,203,2127.92,981000,123000,19-APR-2021,
OPTSTK,SBIN,27-May-2021,335,PE,0,0,0,20.15,23.8,0,0,0,0,19-APR-2021,
OPTSTK,SBIN,27-May-2021,340,PE,22.15,28,22,22.75,22.75,182,2002.09,441000,-261000,19-APR-2021,
OPTSTK,SBIN,27-May-2021,345,PE,0,0,0,24.65,29.65,0,0,0,0,19-APR-2021,
OPTSTK,SBIN,27-May-2021,350,PE,33.35,35.25,28.65,29.2,29.2,59,676.82,561000,-27000,19-APR-2021,
OPTSTK,SBIN,27-May-2021,355,PE,0,0,0,29.65,36.1,0,0,0,0,19-APR-2021,
OPTSTK,SBIN,27-May-2021,360,PE,40.75,41.8,38.8,41.8,39.6,18,215.81,264000,24000,19-APR-2021,
OPTSTK,SBIN,27-May-2021,365,PE,0,0,0,35.15,43.2,0,0,0,0,19-APR-2021,
OPTSTK,SBIN,27-May-2021,370,PE,49.65,49.65,44.45,44.45,44.45,7,87.32,111000,-9000,19-APR-2021,
OPTSTK,SBIN,27-May-2021,375,PE,0,0,0,41.2,50.8,0,0,0,0,19-APR-2021,
OPTSTK,SBIN,27-May-2021,380,PE,0,0,0,50,54.75,0,0,42000,0,19-APR-2021,
OPTSTK,SBIN,27-May-2021,385,PE,0,0,0,47.65,58.85,0,0,0,0,19-APR-2021,
OPTSTK,SBIN,27-May-2021,390,PE,0,0,0,30,63,0,0,3000,0,19-APR-2021,
OPTSTK,SBIN,27-May-2021,395,PE,0,0,0,54.55,67.3,0,0,0,0,19-APR-2021,
OPTSTK,SBIN,27-May-2021,400,PE,76,76,76,76,71.65,1,14.28,27000,-3000,19-APR-2021,
OPTSTK,SBIN,27-May-2021,405,PE,0,0,0,61.85,76.05,0,0,0,0,19-APR-2021,
OPTSTK,SBIN,27-May-2021,410,PE,0,0,0,42.95,80.55,0,0,0,0,19-APR-2021,
OPTSTK,SBIN,27-May-2021,415,PE,0,0,0,69.5,85.05,0,0,0,0,19-APR-2021,
OPTSTK,SBIN,27-May-2021,420,PE,0,0,0,48.6,89.65,0,0,0,0,19-APR-2021,
OPTSTK,SBIN,27-May-2021,425,PE,0,0,0,77.45,94.3,0,0,0,0,19-APR-2021,
OPTSTK,SBIN,27-May-2021,430,PE,0,0,0,54.55,99,0,0,0,0,19-APR-2021,
OPTSTK,SBIN,27-May-2021,435,PE,0,0,0,85.7,103.75,0,0,0,0,19-APR-2021,
OPTSTK,SBIN,27-May-2021,440,PE,0,0,0,100,108.5,0,0,9000,0,19-APR-2021,
OPTSTK,SBIN,27-May-2021,445,PE,0,0,0,94.15,113.3,0,0,0,0,19-APR-2021,
OPTSTK,SBIN,27-May-2021,450,PE,0,0,0,110,118.1,0,0,9000,0,19-APR-2021,
OPTSTK,SBIN,27-May-2021,460,PE,0,0,0,74.35,127.8,0,0,0,0,19-APR-2021,
OPTSTK,SBIN,27-May-2021,470,PE,0,0,0,81.5,137.55,0,0,0,0,19-APR-2021,
OPTSTK,SBIN,27-May-2021,480,PE,0,0,0,88.95,147.35,0,0,0,0,19-APR-2021,
OPTSTK,SBIN,27-May-2021,490,PE,0,0,0,96.6,157.2,0,0,0,0,19-APR-2021,
OPTSTK,SBIN,27-May-2021,500,PE,0,0,0,104.5,167.1,0,0,0,0,19-APR-2021,
OPTSTK,SBIN,27-May-2021,510,PE,0,0,0,112.55,177,0,0,0,0,19-APR-2021,
OPTSTK,SBIN,24-Jun-2021,230,CE,0,0,0,128.75,103.95,0,0,0,0,19-APR-2021,
OPTSTK,SBIN,24-Jun-2021,235,CE,0,0,0,124.15,99.35,0,0,0,0,19-APR-2021,
OPTSTK,SBIN,24-Jun-2021,240,CE,0,0,0,119.55,94.75,0,0,0,0,19-APR-2021,
OPTSTK,SBIN,24-Jun-2021,245,CE,0,0,0,115.05,90.25,0,0,0,0,19-APR-2021,
OPTSTK,SBIN,24-Jun-2021,250,CE,0,0,0,110.6,85.85,0,0,0,0,19-APR-2021,
OPTSTK,SBIN,24-Jun-2021,255,CE,0,0,0,106.2,81.55,0,0,0,0,19-APR-2021,
OPTSTK,SBIN,24-Jun-2021,260,CE,0,0,0,101.9,77.3,0,0,0,0,19-APR-2021,
OPTSTK,SBIN,24-Jun-2021,265,CE,0,0,0,97.7,73.2,0,0,0,0,19-APR-2021,
OPTSTK,SBIN,24-Jun-2021,270,CE,0,0,0,93.55,69.15,0,0,0,0,19-APR-2021,
OPTSTK,SBIN,24-Jun-2021,275,CE,0,0,0,89.5,65.25,0,0,0,0,19-APR-2021,
OPTSTK,SBIN,24-Jun-2021,280,CE,0,0,0,85.5,61.5,0,0,0,0,19-APR-2021,
OPTSTK,SBIN,24-Jun-2021,285,CE,0,0,0,81.65,57.85,0,0,0,0,19-APR-2021,
OPTSTK,SBIN,24-Jun-2021,290,CE,0,0,0,77.9,54.3,0,0,0,0,19-APR-2021,
OPTSTK,SBIN,24-Jun-2021,295,CE,0,0,0,74.2,50.9,0,0,0,0,19-APR-2021,
OPTSTK,SBIN,24-Jun-2021,300,CE,0,0,0,70.65,47.65,0,0,0,0,19-APR-2021,
OPTSTK,SBIN,24-Jun-2021,305,CE,0,0,0,67.2,44.55,0,0,0,0,19-APR-2021,
OPTSTK,SBIN,24-Jun-2021,310,CE,0,0,0,63.85,41.6,0,0,0,0,19-APR-2021,
OPTSTK,SBIN,24-Jun-2021,315,CE,0,0,0,60.6,38.75,0,0,0,0,19-APR-2021,
OPTSTK,SBIN,24-Jun-2021,320,CE,26.7,26.7,26.7,26.7,26.7,1,10.4,3000,3000,19-APR-2021,
OPTSTK,SBIN,24-Jun-2021,325,CE,0,0,0,54.5,33.5,0,0,0,0,19-APR-2021,
OPTSTK,SBIN,24-Jun-2021,330,CE,0,0,0,25,31.1,0,0,63000,0,19-APR-2021,
OPTSTK,SBIN,24-Jun-2021,335,CE,0,0,0,48.8,28.8,0,0,0,0,19-APR-2021,
OPTSTK,SBIN,24-Jun-2021,340,CE,0,0,0,40.5,26.65,0,0,6000,0,19-APR-2021,
OPTSTK,SBIN,24-Jun-2021,345,CE,11,11,11,11,24.6,3,32.04,12000,9000,19-APR-2021,
OPTSTK,SBIN,24-Jun-2021,350,CE,0,0,0,41.15,22.7,0,0,0,0,19-APR-2021,
OPTSTK,SBIN,24-Jun-2021,355,CE,0,0,0,38.8,20.9,0,0,0,0,19-APR-2021,
OPTSTK,SBIN,24-Jun-2021,360,CE,12.2,12.2,12.2,12.2,19.25,1,11.16,81000,0,19-APR-2021,
OPTSTK,SBIN,24-Jun-2021,365,CE,0,0,0,34.4,17.7,0,0,0,0,19-APR-2021,
OPTSTK,SBIN,24-Jun-2021,370,CE,11,11,11,11,16.25,1,11.43,12000,0,19-APR-2021,
OPTSTK,SBIN,24-Jun-2021,375,CE,0,0,0,30.45,14.9,0,0,0,0,19-APR-2021,
OPTSTK,SBIN,24-Jun-2021,380,CE,8,8.95,8,8.5,8.5,3,34.95,12000,3000,19-APR-2021,
OPTSTK,SBIN,24-Jun-2021,385,CE,0,0,0,26.85,12.5,0,0,0,0,19-APR-2021,
OPTSTK,SBIN,24-Jun-2021,390,CE,0,0,0,25.2,11.45,0,0,0,0,19-APR-2021,
OPTSTK,SBIN,24-Jun-2021,395,CE,0,0,0,23.65,10.45,0,0,0,0,19-APR-2021,
OPTSTK,SBIN,24-Jun-2021,400,CE,4.55,6,4.55,6,6,3,36.49,30000,0,19-APR-2021,
OPTSTK,SBIN,24-Jun-2021,405,CE,0,0,0,20.75,8.65,0,0,0,0,19-APR-2021,
OPTSTK,SBIN,24-Jun-2021,410,CE,0,0,0,19.4,7.9,0,0,0,0,19-APR-2021,
OPTSTK,SBIN,24-Jun-2021,415,CE,0,0,0,18.15,7.2,0,0,0,0,19-APR-2021,
OPTSTK,SBIN,24-Jun-2021,420,CE,0,0,0,17,6.5,0,0,0,0,19-APR-2021,
OPTSTK,SBIN,24-Jun-2021,425,CE,0,0,0,15.9,5.9,0,0,0,0,19-APR-2021,
OPTSTK,SBIN,24-Jun-2021,430,CE,0,0,0,14.85,5.35,0,0,0,0,19-APR-2021,
OPTSTK,SBIN,24-Jun-2021,435,CE,0,0,0,13.85,4.85,0,0,0,0,19-APR-2021,
OPTSTK,SBIN,24-Jun-2021,440,CE,0,0,0,4,4.4,0,0,30000,0,19-APR-2021,
OPTSTK,SBIN,24-Jun-2021,445,CE,0,0,0,12.05,4,0,0,0,0,19-APR-2021,
OPTSTK,SBIN,24-Jun-2021,450,CE,0,0,0,11.2,3.6,0,0,0,0,19-APR-2021,
OPTSTK,SBIN,24-Jun-2021,455,CE,0,0,0,10.45,3.25,0,0,0,0,19-APR-2021,
OPTSTK,SBIN,24-Jun-2021,460,CE,0,0,0,3,2.95,0,0,3000,0,19-APR-2021,
OPTSTK,SBIN,24-Jun-2021,465,CE,0,0,0,9.05,2.65,0,0,0,0,19-APR-2021,
OPTSTK,SBIN,24-Jun-2021,470,CE,0,0,0,8.45,2.4,0,0,0,0,19-APR-2021,
OPTSTK,SBIN,24-Jun-2021,475,CE,0,0,0,7.85,2.15,0,0,0,0,19-APR-2021,
OPTSTK,SBIN,24-Jun-2021,480,CE,0,0,0,7.3,1.95,0,0,0,0,19-APR-2021,
OPTSTK,SBIN,24-Jun-2021,485,CE,0,0,0,6.8,1.75,0,0,0,0,19-APR-2021,
OPTSTK,SBIN,24-Jun-2021,490,CE,0,0,0,6.3,1.6,0,0,0,0,19-APR-2021,
OPTSTK,SBIN,24-Jun-2021,495,CE,0,0,0,5.85,1.4,0,0,0,0,19-APR-2021,
OPTSTK,SBIN,24-Jun-2021,500,CE,1,1,0.9,0.9,1.3,3,45.08,69000,6000,19-APR-2021,
OPTSTK,SBIN,24-Jun-2021,505,CE,0,0,0,5.05,1.15,0,0,0,0,19-APR-2021,
OPTSTK,SBIN,24-Jun-2021,510,CE,0,0,0,4.7,1.05,0,0,0,0,19-APR-2021,
OPTSTK,SBIN,24-Jun-2021,230,PE,0,0,0,1.45,1.25,0,0,0,0,19-APR-2021,
OPTSTK,SBIN,24-Jun-2021,235,PE,0,0,0,1.75,1.6,0,0,0,0,19-APR-2021,
OPTSTK,SBIN,24-Jun-2021,240,PE,0,0,0,2,2,0,0,3000,0,19-APR-2021,
OPTSTK,SBIN,24-Jun-2021,245,PE,0,0,0,2.55,2.45,0,0,0,0,19-APR-2021,
OPTSTK,SBIN,24-Jun-2021,250,PE,0,0,0,1.05,3,0,0,6000,0,19-APR-2021,
OPTSTK,SBIN,24-Jun-2021,255,PE,0,0,0,3.65,3.65,0,0,0,0,19-APR-2021,
OPTSTK,SBIN,24-Jun-2021,260,PE,0,0,0,4.3,4.4,0,0,0,0,19-APR-2021,
OPTSTK,SBIN,24-Jun-2021,265,PE,0,0,0,5,5.25,0,0,0,0,19-APR-2021,
OPTSTK,SBIN,24-Jun-2021,270,PE,0,0,0,5.8,6.2,0,0,0,0,19-APR-2021,
OPTSTK,SBIN,24-Jun-2021,275,PE,0,0,0,6.7,7.25,0,0,0,0,19-APR-2021,
OPTSTK,SBIN,24-Jun-2021,280,PE,6,6.85,5.7,5.8,5.8,19,163.03,105000,30000,19-APR-2021,
OPTSTK,SBIN,24-Jun-2021,285,PE,0,0,0,8.8,9.75,0,0,0,0,19-APR-2021,
OPTSTK,SBIN,24-Jun-2021,290,PE,0,0,0,5.35,11.2,0,0,6000,0,19-APR-2021,
OPTSTK,SBIN,24-Jun-2021,295,PE,0,0,0,11.3,12.75,0,0,0,0,19-APR-2021,
OPTSTK,SBIN,24-Jun-2021,300,PE,10,15,9.5,10.05,10.05,102,952.96,759000,78000,19-APR-2021,
OPTSTK,SBIN,24-Jun-2021,305,PE,0,0,0,14.15,16.35,0,0,0,0,19-APR-2021,
OPTSTK,SBIN,24-Jun-2021,310,PE,0,0,0,15.8,18.35,0,0,0,0,19-APR-2021,
OPTSTK,SBIN,24-Jun-2021,315,PE,0,0,0,17.5,20.45,0,0,0,0,19-APR-2021,
OPTSTK,SBIN,24-Jun-2021,320,PE,15.4,15.4,15.4,15.4,15.4,1,10.06,30000,3000,19-APR-2021,
OPTSTK,SBIN,24-Jun-2021,325,PE,0,0,0,21.25,25.15,0,0,0,0,19-APR-2021,
OPTSTK,SBIN,24-Jun-2021,330,PE,23,23,21.1,21.15,21.15,3,31.65,153000,9000,19-APR-2021,
OPTSTK,SBIN,24-Jun-2021,335,PE,0,0,0,25.5,30.4,0,0,0,0,19-APR-2021,
OPTSTK,SBIN,24-Jun-2021,340,PE,0,0,0,27.8,33.2,0,0,0,0,19-APR-2021,
OPTSTK,SBIN,24-Jun-2021,345,PE,0,0,0,30.2,36.15,0,0,0,0,19-APR-2021,
OPTSTK,SBIN,24-Jun-2021,350,PE,0,0,0,27.5,39.2,0,0,12000,0,19-APR-2021,
OPTSTK,SBIN,24-Jun-2021,355,PE,0,0,0,35.3,42.35,0,0,0,0,19-APR-2021,
OPTSTK,SBIN,24-Jun-2021,360,PE,0,0,0,26.35,45.65,0,0,9000,0,19-APR-2021,
OPTSTK,SBIN,24-Jun-2021,365,PE,0,0,0,40.8,49.1,0,0,0,0,19-APR-2021,
OPTSTK,SBIN,24-Jun-2021,370,PE,0,0,0,43.75,52.6,0,0,0,0,19-APR-2021,
OPTSTK,SBIN,24-Jun-2021,375,PE,0,0,0,46.75,56.2,0,0,0,0,19-APR-2021,
OPTSTK,SBIN,24-Jun-2021,380,PE,0,0,0,49.85,59.95,0,0,0,0,19-APR-2021,
OPTSTK,SBIN,24-Jun-2021,385,PE,0,0,0,53.05,63.75,0,0,0,0,19-APR-2021,
OPTSTK,SBIN,24-Jun-2021,390,PE,0,0,0,56.35,67.65,0,0,0,0,19-APR-2021,
OPTSTK,SBIN,24-Jun-2021,395,PE,0,0,0,59.75,71.6,0,0,0,0,19-APR-2021,
OPTSTK,SBIN,24-Jun-2021,400,PE,0,0,0,63.2,75.65,0,0,0,0,19-APR-2021,
OPTSTK,SBIN,24-Jun-2021,405,PE,0,0,0,66.75,79.8,0,0,0,0,19-APR-2021,
OPTSTK,SBIN,24-Jun-2021,410,PE,0,0,0,70.4,83.95,0,0,0,0,19-APR-2021,
OPTSTK,SBIN,24-Jun-2021,415,PE,0,0,0,74.1,88.2,0,0,0,0,19-APR-2021,
OPTSTK,SBIN,24-Jun-2021,420,PE,0,0,0,77.9,92.55,0,0,0,0,19-APR-2021,
OPTSTK,SBIN,24-Jun-2021,425,PE,0,0,0,81.7,96.9,0,0,0,0,19-APR-2021,
OPTSTK,SBIN,24-Jun-2021,430,PE,0,0,0,85.65,101.3,0,0,0,0,19-APR-2021,
OPTSTK,SBIN,24-Jun-2021,435,PE,0,0,0,89.6,105.8,0,0,0,0,19-APR-2021,
OPTSTK,SBIN,24-Jun-2021,440,PE,0,0,0,93.65,110.3,0,0,0,0,19-APR-2021,
OPTSTK,SBIN,24-Jun-2021,445,PE,0,0,0,97.7,114.85,0,0,0,0,19-APR-2021,
OPTSTK,SBIN,24-Jun-2021,450,PE,0,0,0,101.85,119.4,0,0,0,0,19-APR-2021,
OPTSTK,SBIN,24-Jun-2021,455,PE,0,0,0,106,124.05,0,0,0,0,19-APR-2021,
OPTSTK,SBIN,24-Jun-2021,460,PE,0,0,0,110.25,128.7,0,0,0,0,19-APR-2021,
OPTSTK,SBIN,24-Jun-2021,465,PE,0,0,0,114.55,133.35,0,0,0,0,19-APR-2021,
OPTSTK,SBIN,24-Jun-2021,470,PE,0,0,0,118.85,138.05,0,0,0,0,19-APR-2021,
OPTSTK,SBIN,24-Jun-2021,475,PE,0,0,0,123.2,142.8,0,0,0,0,19-APR-2021,
OPTSTK,SBIN,24-Jun-2021,480,PE,0,0,0,127.65,147.55,0,0,0,0,19-APR-2021,
OPTSTK,SBIN,24-Jun-2021,485,PE,0,0,0,132.05,152.35,0,0,0,0,19-APR-2021,
OPTSTK,SBIN,24-Jun-2021,490,PE,0,0,0,136.55,157.1,0,0,0,0,19-APR-2021,
OPTSTK,SBIN,24-Jun-2021,495,PE,0,0,0,141.05,161.9,0,0,0,0,19-APR-2021,
OPTSTK,SBIN,24-Jun-2021,500,PE,0,0,0,145.6,166.75,0,0,0,0,19-APR-2021,
OPTSTK,SBIN,24-Jun-2021,505,PE,0,0,0,150.15,171.6,0,0,0,0,19-APR-2021,
OPTSTK,SBIN,24-Jun-2021,510,PE,0,0,0,154.75,176.45,0,0,0,0,19-APR-2021,
OPTSTK,SHREECEM,29-Apr-2021,16500,CE,0,0,0,6832.6,13574.05,0,0,0,0,19-APR-2021,
OPTSTK,SHREECEM,29-Apr-2021,16750,CE,0,0,0,6599.8,13324.3,0,0,0,0,19-APR-2021,
OPTSTK,SHREECEM,29-Apr-2021,17000,CE,0,0,0,6369.3,13074.55,0,0,0,0,19-APR-2021,
OPTSTK,SHREECEM,29-Apr-2021,17250,CE,0,0,0,6141.3,12824.8,0,0,0,0,19-APR-2021,
OPTSTK,SHREECEM,29-Apr-2021,17500,CE,0,0,0,5916,12575.05,0,0,0,0,19-APR-2021,
OPTSTK,SHREECEM,29-Apr-2021,17750,CE,0,0,0,5693.7,12325.3,0,0,0,0,19-APR-2021,
OPTSTK,SHREECEM,29-Apr-2021,18000,CE,0,0,0,5474.55,12075.55,0,0,0,0,19-APR-2021,
OPTSTK,SHREECEM,29-Apr-2021,18250,CE,0,0,0,5258.8,11825.8,0,0,0,0,19-APR-2021,
OPTSTK,SHREECEM,29-Apr-2021,18500,CE,0,0,0,5046.65,11576.05,0,0,0,0,19-APR-2021,
OPTSTK,SHREECEM,29-Apr-2021,18750,CE,0,0,0,4838.35,11326.3,0,0,0,0,19-APR-2021,
OPTSTK,SHREECEM,29-Apr-2021,19000,CE,0,0,0,4634.05,11076.55,0,0,0,0,19-APR-2021,
OPTSTK,SHREECEM,29-Apr-2021,19250,CE,0,0,0,4434,10826.8,0,0,0,0,19-APR-2021,
OPTSTK,SHREECEM,29-Apr-2021,19500,CE,0,0,0,4238.35,10577.05,0,0,0,0,19-APR-2021,
OPTSTK,SHREECEM,29-Apr-2021,19750,CE,0,0,0,4047.3,10327.3,0,0,0,0,19-APR-2021,
OPTSTK,SHREECEM,29-Apr-2021,20000,CE,0,0,0,3861.75,10077.55,0,0,0,0,19-APR-2021,
OPTSTK,SHREECEM,29-Apr-2021,20250,CE,0,0,0,3680.15,9827.8,0,0,0,0,19-APR-2021,
OPTSTK,SHREECEM,29-Apr-2021,20500,CE,0,0,0,3503.55,9578.05,0,0,0,0,19-APR-2021,
OPTSTK,SHREECEM,29-Apr-2021,20750,CE,0,0,0,3332.1,9328.3,0,0,0,0,19-APR-2021,
OPTSTK,SHREECEM,29-Apr-2021,21000,CE,0,0,0,3165.05,9078.55,0,0,0,0,19-APR-2021,
OPTSTK,SHREECEM,29-Apr-2021,21250,CE,0,0,0,3004.35,8828.8,0,0,0,0,19-APR-2021,
OPTSTK,SHREECEM,29-Apr-2021,21500,CE,0,0,0,2848.95,8579.05,0,0,0,0,19-APR-2021,
OPTSTK,SHREECEM,29-Apr-2021,21750,CE,0,0,0,2698.95,8329.3,0,0,0,0,19-APR-2021,
OPTSTK,SHREECEM,29-Apr-2021,22000,CE,0,0,0,2554.3,8079.55,0,0,0,0,19-APR-2021,
OPTSTK,SHREECEM,29-Apr-2021,22250,CE,0,0,0,2415.1,7829.8,0,0,0,0,19-APR-2021,
OPTSTK,SHREECEM,29-Apr-2021,22500,CE,0,0,0,2281.3,7580.05,0,0,0,0,19-APR-2021,
OPTSTK,SHREECEM,29-Apr-2021,22750,CE,0,0,0,2152.85,7330.3,0,0,0,0,19-APR-2021,
OPTSTK,SHREECEM,29-Apr-2021,23000,CE,0,0,0,2029.65,7080.55,0,0,0,0,19-APR-2021,
OPTSTK,SHREECEM,29-Apr-2021,23250,CE,0,0,0,1911.8,6830.85,0,0,0,0,19-APR-2021,
OPTSTK,SHREECEM,29-Apr-2021,23500,CE,0,0,0,1799.1,6581.15,0,0,0,0,19-APR-2021,
OPTSTK,SHREECEM,29-Apr-2021,23750,CE,0,0,0,1691.5,6331.5,0,0,0,0,19-APR-2021,
OPTSTK,SHREECEM,29-Apr-2021,24000,CE,0,0,0,1588.9,6081.9,0,0,0,0,19-APR-2021,
OPTSTK,SHREECEM,29-Apr-2021,24250,CE,0,0,0,1491.2,5832.45,0,0,0,0,19-APR-2021,
OPTSTK,SHREECEM,29-Apr-2021,24500,CE,0,0,0,1398.3,5583.1,0,0,0,0,19-APR-2021,
OPTSTK,SHREECEM,29-Apr-2021,24750,CE,0,0,0,1310.05,5334.05,0,0,0,0,19-APR-2021,
OPTSTK,SHREECEM,29-Apr-2021,25000,CE,0,0,0,1226.3,5085.35,0,0,0,0,19-APR-2021,
OPTSTK,SHREECEM,29-Apr-2021,25250,CE,0,0,0,1146.95,4837.15,0,0,0,0,19-APR-2021,
OPTSTK,SHREECEM,29-Apr-2021,25500,CE,0,0,0,1071.85,4589.7,0,0,0,0,19-APR-2021,
OPTSTK,SHREECEM,29-Apr-2021,25750,CE,0,0,0,1000.85,4343.25,0,0,0,0,19-APR-2021,
OPTSTK,SHREECEM,29-Apr-2021,26000,CE,0,0,0,933.85,4098.2,0,0,0,0,19-APR-2021,
OPTSTK,SHREECEM,29-Apr-2021,26250,CE,0,0,0,871.75,3854.85,0,0,0,0,19-APR-2021,
OPTSTK,SHREECEM,29-Apr-2021,26500,CE,0,0,0,812.35,3613.85,0,0,0,0,19-APR-2021,
OPTSTK,SHREECEM,29-Apr-2021,26750,CE,0,0,0,756.5,3375.7,0,0,0,0,19-APR-2021,
OPTSTK,SHREECEM,29-Apr-2021,27000,CE,0,0,0,1400,3141.05,0,0,100,0,19-APR-2021,
OPTSTK,SHREECEM,29-Apr-2021,27250,CE,0,0,0,654.65,2910.75,0,0,0,0,19-APR-2021,
OPTSTK,SHREECEM,29-Apr-2021,27500,CE,0,0,0,607.25,2685.6,0,0,0,0,19-APR-2021,
OPTSTK,SHREECEM,29-Apr-2021,27750,CE,0,0,0,563.75,2466.35,0,0,0,0,19-APR-2021,
OPTSTK,SHREECEM,29-Apr-2021,28000,CE,0,0,0,523,2254,0,0,0,0,19-APR-2021,
OPTSTK,SHREECEM,29-Apr-2021,28250,CE,0,0,0,484.85,2049.4,0,0,0,0,19-APR-2021,
OPTSTK,SHREECEM,29-Apr-2021,28500,CE,0,0,0,449.15,1853.4,0,0,0,0,19-APR-2021,
OPTSTK,SHREECEM,29-Apr-2021,28750,CE,0,0,0,415.85,1667.75,0,0,0,0,19-APR-2021,
OPTSTK,SHREECEM,29-Apr-2021,29000,CE,1264.75,1264.75,1264.75,1264.75,1490.05,1,15.13,450,0,19-APR-2021,
OPTSTK,SHREECEM,29-Apr-2021,29250,CE,0,0,0,355.75,1324.4,0,0,0,0,19-APR-2021,
OPTSTK,SHREECEM,29-Apr-2021,29500,CE,0,0,0,1550,1169.95,0,0,150,0,19-APR-2021,
OPTSTK,SHREECEM,29-Apr-2021,29750,CE,0,0,0,303.6,1027,0,0,0,0,19-APR-2021,
OPTSTK,SHREECEM,29-Apr-2021,30000,CE,0,0,0,1150,895.75,0,0,500,0,19-APR-2021,
OPTSTK,SHREECEM,29-Apr-2021,30250,CE,0,0,0,258.5,776.05,0,0,0,0,19-APR-2021,
OPTSTK,SHREECEM,29-Apr-2021,30500,CE,680.25,680.25,450,450,667.95,2,31.06,50,50,19-APR-2021,
OPTSTK,SHREECEM,29-Apr-2021,30750,CE,0,0,0,219.55,571,0,0,0,0,19-APR-2021,
OPTSTK,SHREECEM,29-Apr-2021,31000,CE,350.15,351,205.35,271.05,484.8,18,281.58,1350,150,19-APR-2021,
OPTSTK,SHREECEM,29-Apr-2021,31250,CE,0,0,0,186.1,408.8,0,0,0,0,19-APR-2021,
OPTSTK,SHREECEM,29-Apr-2021,31500,CE,0,0,0,171.2,343.75,0,0,0,0,19-APR-2021,
OPTSTK,SHREECEM,29-Apr-2021,31750,CE,0,0,0,850,285.15,0,0,50,0,19-APR-2021,
OPTSTK,SHREECEM,29-Apr-2021,32000,CE,120.05,150,120,131.3,131.3,29,465.89,2550,850,19-APR-2021,
OPTSTK,SHREECEM,29-Apr-2021,32250,CE,0,0,0,132.85,193.25,0,0,0,0,19-APR-2021,
OPTSTK,SHREECEM,29-Apr-2021,32500,CE,0,0,0,379,157.45,0,0,100,0,19-APR-2021,
OPTSTK,SHREECEM,29-Apr-2021,32750,CE,0,0,0,360,127.4,0,0,0,0,19-APR-2021,
OPTSTK,SHREECEM,29-Apr-2021,33000,CE,0,0,0,776.2,102.35,0,0,250,0,19-APR-2021,
OPTSTK,SHREECEM,29-Apr-2021,33250,CE,0,0,0,333,81.65,0,0,50,0,19-APR-2021,
OPTSTK,SHREECEM,29-Apr-2021,33500,CE,0,0,0,300,64.7,0,0,0,0,19-APR-2021,
OPTSTK,SHREECEM,29-Apr-2021,33750,CE,0,0,0,270,50.95,0,0,0,0,19-APR-2021,
OPTSTK,SHREECEM,29-Apr-2021,34000,CE,115,115,115,115,39.8,1,17.05,100,50,19-APR-2021,
OPTSTK,SHREECEM,29-Apr-2021,34500,CE,0,0,0,114.5,23.85,0,0,0,0,19-APR-2021,
OPTSTK,SHREECEM,29-Apr-2021,35000,CE,0,0,0,259.05,13.9,0,0,0,0,19-APR-2021,
OPTSTK,SHREECEM,29-Apr-2021,35500,CE,0,0,0,224.15,7.9,0,0,0,0,19-APR-2021,
OPTSTK,SHREECEM,29-Apr-2021,36000,CE,0,0,0,193.6,4.4,0,0,0,0,19-APR-2021,
OPTSTK,SHREECEM,29-Apr-2021,36500,CE,0,0,0,166.95,2.4,0,0,0,0,19-APR-2021,
OPTSTK,SHREECEM,29-Apr-2021,37000,CE,0,0,0,202.9,1.25,0,0,0,0,19-APR-2021,
OPTSTK,SHREECEM,29-Apr-2021,16500,PE,0,0,0,73.55,0,0,0,0,0,19-APR-2021,
OPTSTK,SHREECEM,29-Apr-2021,16750,PE,0,0,0,88.45,0,0,0,0,0,19-APR-2021,
OPTSTK,SHREECEM,29-Apr-2021,17000,PE,0,0,0,105.65,0,0,0,0,0,19-APR-2021,
OPTSTK,SHREECEM,29-Apr-2021,17250,PE,0,0,0,125.3,0,0,0,0,0,19-APR-2021,
OPTSTK,SHREECEM,29-Apr-2021,17500,PE,0,0,0,147.7,0,0,0,0,0,19-APR-2021,
OPTSTK,SHREECEM,29-Apr-2021,17750,PE,0,0,0,173.1,0,0,0,0,0,19-APR-2021,
OPTSTK,SHREECEM,29-Apr-2021,18000,PE,0,0,0,201.6,0,0,0,0,0,19-APR-2021,
OPTSTK,SHREECEM,29-Apr-2021,18250,PE,0,0,0,233.55,0,0,0,0,0,19-APR-2021,
OPTSTK,SHREECEM,29-Apr-2021,18500,PE,0,0,0,269.1,0,0,0,0,0,19-APR-2021,
OPTSTK,SHREECEM,29-Apr-2021,18750,PE,0,0,0,308.5,0,0,0,0,0,19-APR-2021,
OPTSTK,SHREECEM,29-Apr-2021,19000,PE,0,0,0,351.9,0,0,0,0,0,19-APR-2021,
OPTSTK,SHREECEM,29-Apr-2021,19250,PE,0,0,0,399.55,0,0,0,0,0,19-APR-2021,
OPTSTK,SHREECEM,29-Apr-2021,19500,PE,0,0,0,451.55,0,0,0,0,0,19-APR-2021,
OPTSTK,SHREECEM,29-Apr-2021,19750,PE,0,0,0,508.2,0,0,0,0,0,19-APR-2021,
OPTSTK,SHREECEM,29-Apr-2021,20000,PE,0,0,0,570.3,0,0,0,0,0,19-APR-2021,
OPTSTK,SHREECEM,29-Apr-2021,20250,PE,0,0,0,636.4,0,0,0,0,0,19-APR-2021,
OPTSTK,SHREECEM,29-Apr-2021,20500,PE,0,0,0,707.5,0,0,0,0,0,19-APR-2021,
OPTSTK,SHREECEM,29-Apr-2021,20750,PE,0,0,0,783.7,0,0,0,0,0,19-APR-2021,
OPTSTK,SHREECEM,29-Apr-2021,21000,PE,0,0,0,864.4,0,0,0,0,0,19-APR-2021,
OPTSTK,SHREECEM,29-Apr-2021,21250,PE,0,0,0,951.35,0,0,0,0,0,19-APR-2021,
OPTSTK,SHREECEM,29-Apr-2021,21500,PE,0,0,0,1043.6,0,0,0,0,0,19-APR-2021,
OPTSTK,SHREECEM,29-Apr-2021,21750,PE,0,0,0,1141.3,0,0,0,0,0,19-APR-2021,
OPTSTK,SHREECEM,29-Apr-2021,22000,PE,0,0,0,53.4,0,0,0,50,0,19-APR-2021,
OPTSTK,SHREECEM,29-Apr-2021,22250,PE,0,0,0,1352.85,0,0,0,0,0,19-APR-2021,
OPTSTK,SHREECEM,29-Apr-2021,22500,PE,0,0,0,1466.75,0.05,0,0,0,0,19-APR-2021,
OPTSTK,SHREECEM,29-Apr-2021,22750,PE,0,0,0,1586,0.05,0,0,0,0,19-APR-2021,
OPTSTK,SHREECEM,29-Apr-2021,23000,PE,0,0,0,1710.45,0.05,0,0,0,0,19-APR-2021,
OPTSTK,SHREECEM,29-Apr-2021,23250,PE,0,0,0,1840.25,0.1,0,0,0,0,19-APR-2021,
OPTSTK,SHREECEM,29-Apr-2021,23500,PE,0,0,0,1975.25,0.15,0,0,0,0,19-APR-2021,
OPTSTK,SHREECEM,29-Apr-2021,23750,PE,0,0,0,2115.35,0.25,0,0,0,0,19-APR-2021,
OPTSTK,SHREECEM,29-Apr-2021,24000,PE,0,0,0,2260.45,0.4,0,0,0,0,19-APR-2021,
OPTSTK,SHREECEM,29-Apr-2021,24250,PE,0,0,0,2410.45,0.65,0,0,0,0,19-APR-2021,
OPTSTK,SHREECEM,29-Apr-2021,24500,PE,0,0,0,2565.25,1.1,0,0,0,0,19-APR-2021,
OPTSTK,SHREECEM,29-Apr-2021,24750,PE,0,0,0,2724.65,1.8,0,0,0,0,19-APR-2021,
OPTSTK,SHREECEM,29-Apr-2021,25000,PE,0,0,0,2888.6,2.85,0,0,0,0,19-APR-2021,
OPTSTK,SHREECEM,29-Apr-2021,25250,PE,0,0,0,3056.95,4.4,0,0,0,0,19-APR-2021,
OPTSTK,SHREECEM,29-Apr-2021,25500,PE,0,0,0,3229.55,6.7,0,0,0,0,19-APR-2021,
OPTSTK,SHREECEM,29-Apr-2021,25750,PE,0,0,0,3406.2,10,0,0,0,0,19-APR-2021,
OPTSTK,SHREECEM,29-Apr-2021,26000,PE,0,0,0,3586.85,14.7,0,0,0,0,19-APR-2021,
OPTSTK,SHREECEM,29-Apr-2021,26250,PE,0,0,0,3772.45,21.15,0,0,0,0,19-APR-2021,
OPTSTK,SHREECEM,29-Apr-2021,26500,PE,0,0,0,3960.75,29.85,0,0,0,0,19-APR-2021,
OPTSTK,SHREECEM,29-Apr-2021,26750,PE,0,0,0,4152.55,41.45,0,0,0,0,19-APR-2021,
OPTSTK,SHREECEM,29-Apr-2021,27000,PE,0,0,0,4347.75,56.6,0,0,0,0,19-APR-2021,
OPTSTK,SHREECEM,29-Apr-2021,27250,PE,0,0,0,4546.1,76.05,0,0,0,0,19-APR-2021,
OPTSTK,SHREECEM,29-Apr-2021,27500,PE,0,0,0,4746.4,100.6,0,0,0,0,19-APR-2021,
OPTSTK,SHREECEM,29-Apr-2021,27750,PE,0,0,0,4950.6,131.15,0,0,0,0,19-APR-2021,
OPTSTK,SHREECEM,29-Apr-2021,28000,PE,0,0,0,5157.5,168.55,0,0,0,0,19-APR-2021,
OPTSTK,SHREECEM,29-Apr-2021,28250,PE,0,0,0,5367.05,213.7,0,0,0,0,19-APR-2021,
OPTSTK,SHREECEM,29-Apr-2021,28500,PE,250,250,200,212.55,267.45,7,100.5,1400,100,19-APR-2021,
OPTSTK,SHREECEM,29-Apr-2021,28750,PE,0,0,0,5793.45,331.5,0,0,0,0,19-APR-2021,
OPTSTK,SHREECEM,29-Apr-2021,29000,PE,0,0,0,199.55,403.6,0,0,700,0,19-APR-2021,
OPTSTK,SHREECEM,29-Apr-2021,29250,PE,0,0,0,6228.7,487.7,0,0,0,0,19-APR-2021,
OPTSTK,SHREECEM,29-Apr-2021,29500,PE,0,0,0,6449.4,582.95,0,0,0,0,19-APR-2021,
OPTSTK,SHREECEM,29-Apr-2021,29750,PE,0,0,0,6671.95,689.8,0,0,0,0,19-APR-2021,
OPTSTK,SHREECEM,29-Apr-2021,30000,PE,540.75,820.6,500,620,808.3,11,168.16,800,250,19-APR-2021,
OPTSTK,SHREECEM,29-Apr-2021,30250,PE,0,0,0,7122.2,938.3,0,0,0,0,19-APR-2021,
OPTSTK,SHREECEM,29-Apr-2021,30500,PE,0,0,0,7349.7,1079.95,0,0,0,0,19-APR-2021,
OPTSTK,SHREECEM,29-Apr-2021,30750,PE,0,0,0,7578.65,1232.8,0,0,0,0,19-APR-2021,
OPTSTK,SHREECEM,29-Apr-2021,31000,PE,0,0,0,1495,1396.35,0,0,150,0,19-APR-2021,
OPTSTK,SHREECEM,29-Apr-2021,31250,PE,0,0,0,8040.55,1570.1,0,0,0,0,19-APR-2021,
OPTSTK,SHREECEM,29-Apr-2021,31500,PE,0,0,0,8273.3,1754.75,0,0,0,0,19-APR-2021,
OPTSTK,SHREECEM,29-Apr-2021,31750,PE,0,0,0,8507.2,1945.9,0,0,0,0,19-APR-2021,
OPTSTK,SHREECEM,29-Apr-2021,32000,PE,0,0,0,2401.05,2146.1,0,0,200,0,19-APR-2021,
OPTSTK,SHREECEM,29-Apr-2021,32250,PE,0,0,0,8978.05,2353.55,0,0,0,0,19-APR-2021,
OPTSTK,SHREECEM,29-Apr-2021,32500,PE,0,0,0,9214.85,2567.5,0,0,0,0,19-APR-2021,
OPTSTK,SHREECEM,29-Apr-2021,32750,PE,0,0,0,9452.5,2787.2,0,0,0,0,19-APR-2021,
OPTSTK,SHREECEM,29-Apr-2021,33000,PE,0,0,0,9690.9,3011.9,0,0,0,0,19-APR-2021,
OPTSTK,SHREECEM,29-Apr-2021,33250,PE,0,0,0,8584.65,3240.95,0,0,0,0,19-APR-2021,
OPTSTK,SHREECEM,29-Apr-2021,33500,PE,0,0,0,8818.8,3473.75,0,0,0,0,19-APR-2021,
OPTSTK,SHREECEM,29-Apr-2021,33750,PE,0,0,0,9053.9,3709.75,0,0,0,0,19-APR-2021,
OPTSTK,SHREECEM,29-Apr-2021,34000,PE,0,0,0,9290,3948.35,0,0,0,0,19-APR-2021,
OPTSTK,SHREECEM,29-Apr-2021,34500,PE,0,0,0,9764.7,4431.9,0,0,0,0,19-APR-2021,
OPTSTK,SHREECEM,29-Apr-2021,35000,PE,0,0,0,8519.45,4921.45,0,0,0,0,19-APR-2021,
OPTSTK,SHREECEM,29-Apr-2021,35500,PE,0,0,0,8980.15,5414.95,0,0,0,0,19-APR-2021,
OPTSTK,SHREECEM,29-Apr-2021,36000,PE,0,0,0,9445.2,5910.95,0,0,0,0,19-APR-2021,
OPTSTK,SHREECEM,29-Apr-2021,36500,PE,0,0,0,9914.15,6408.45,0,0,0,0,19-APR-2021,
OPTSTK,SHREECEM,29-Apr-2021,37000,PE,0,0,0,9794.8,6906.85,0,0,0,0,19-APR-2021,
OPTSTK,SHREECEM,27-May-2021,17500,CE,0,0,0,10138.7,12625.9,0,0,0,0,19-APR-2021,
OPTSTK,SHREECEM,27-May-2021,17750,CE,0,0,0,9896.35,12376.9,0,0,0,0,19-APR-2021,
OPTSTK,SHREECEM,27-May-2021,18000,CE,0,0,0,9654.95,12127.9,0,0,0,0,19-APR-2021,
OPTSTK,SHREECEM,27-May-2021,18250,CE,0,0,0,9414.5,11878.9,0,0,0,0,19-APR-2021,
OPTSTK,SHREECEM,27-May-2021,18500,CE,0,0,0,9175.2,11629.9,0,0,0,0,19-APR-2021,
OPTSTK,SHREECEM,27-May-2021,18750,CE,0,0,0,8937.2,11381,0,0,0,0,19-APR-2021,
OPTSTK,SHREECEM,27-May-2021,19000,CE,0,0,0,8700.55,11132.05,0,0,0,0,19-APR-2021,
OPTSTK,SHREECEM,27-May-2021,19250,CE,0,0,0,8465.4,10883.2,0,0,0,0,19-APR-2021,
OPTSTK,SHREECEM,27-May-2021,19500,CE,0,0,0,8231.95,10634.4,0,0,0,0,19-APR-2021,
OPTSTK,SHREECEM,27-May-2021,19750,CE,0,0,0,8000.25,10385.65,0,0,0,0,19-APR-2021,
OPTSTK,SHREECEM,27-May-2021,20000,CE,0,0,0,7770.55,10137.05,0,0,0,0,19-APR-2021,
OPTSTK,SHREECEM,27-May-2021,20250,CE,0,0,0,7542.9,9888.55,0,0,0,0,19-APR-2021,
OPTSTK,SHREECEM,27-May-2021,20500,CE,0,0,0,7317.5,9640.25,0,0,0,0,19-APR-2021,
OPTSTK,SHREECEM,27-May-2021,20750,CE,0,0,0,7094.5,9392.15,0,0,0,0,19-APR-2021,
OPTSTK,SHREECEM,27-May-2021,21000,CE,0,0,0,6874.05,9144.35,0,0,0,0,19-APR-2021,
OPTSTK,SHREECEM,27-May-2021,21250,CE,0,0,0,6656.3,8896.85,0,0,0,0,19-APR-2021,
OPTSTK,SHREECEM,27-May-2021,21500,CE,0,0,0,6441.4,8649.8,0,0,0,0,19-APR-2021,
OPTSTK,SHREECEM,27-May-2021,21750,CE,0,0,0,6229.5,8403.25,0,0,0,0,19-APR-2021,
OPTSTK,SHREECEM,27-May-2021,22000,CE,0,0,0,6020.7,8157.25,0,0,0,0,19-APR-2021,
OPTSTK,SHREECEM,27-May-2021,22250,CE,0,0,0,5815.15,7912,0,0,0,0,19-APR-2021,
OPTSTK,SHREECEM,27-May-2021,22500,CE,0,0,0,5613,7667.6,0,0,0,0,19-APR-2021,
OPTSTK,SHREECEM,27-May-2021,22750,CE,0,0,0,5414.35,7424.15,0,0,0,0,19-APR-2021,
OPTSTK,SHREECEM,27-May-2021,23000,CE,0,0,0,5219.35,7181.85,0,0,0,0,19-APR-2021,
OPTSTK,SHREECEM,27-May-2021,23250,CE,0,0,0,5028.1,6940.9,0,0,0,0,19-APR-2021,
OPTSTK,SHREECEM,27-May-2021,23500,CE,0,0,0,4840.65,6701.4,0,0,0,0,19-APR-2021,
OPTSTK,SHREECEM,27-May-2021,23750,CE,0,0,0,4658,6463.6,0,0,0,0,19-APR-2021,
OPTSTK,SHREECEM,27-May-2021,24000,CE,0,0,0,4478.45,6227.75,0,0,0,0,19-APR-2021,
OPTSTK,SHREECEM,27-May-2021,24250,CE,0,0,0,4302.95,5994.05,0,0,0,0,19-APR-2021,
OPTSTK,SHREECEM,27-May-2021,24500,CE,0,0,0,4131.7,5762.7,0,0,0,0,19-APR-2021,
OPTSTK,SHREECEM,27-May-2021,24750,CE,0,0,0,3963.6,5533.95,0,0,0,0,19-APR-2021,
OPTSTK,SHREECEM,27-May-2021,25000,CE,0,0,0,3801.1,5308.1,0,0,0,0,19-APR-2021,
OPTSTK,SHREECEM,27-May-2021,25250,CE,0,0,0,3642.9,5085.35,0,0,0,0,19-APR-2021,
OPTSTK,SHREECEM,27-May-2021,25500,CE,0,0,0,3489.05,4866,0,0,0,0,19-APR-2021,
OPTSTK,SHREECEM,27-May-2021,25750,CE,0,0,0,3339.6,4650.3,0,0,0,0,19-APR-2021,
OPTSTK,SHREECEM,27-May-2021,26000,CE,0,0,0,3194.5,4438.5,0,0,0,0,19-APR-2021,
OPTSTK,SHREECEM,27-May-2021,26250,CE,0,0,0,3053.85,4230.8,0,0,0,0,19-APR-2021,
OPTSTK,SHREECEM,27-May-2021,26500,CE,0,0,0,2917.55,4027.5,0,0,0,0,19-APR-2021,
OPTSTK,SHREECEM,27-May-2021,26750,CE,0,0,0,2785.6,3828.85,0,0,0,0,19-APR-2021,
OPTSTK,SHREECEM,27-May-2021,27000,CE,0,0,0,2658.05,3635.05,0,0,0,0,19-APR-2021,
OPTSTK,SHREECEM,27-May-2021,27250,CE,0,0,0,2534.65,3446.3,0,0,0,0,19-APR-2021,
OPTSTK,SHREECEM,27-May-2021,27500,CE,0,0,0,2415.65,3263.65,0,0,0,0,19-APR-2021,
OPTSTK,SHREECEM,27-May-2021,27750,CE,0,0,0,2300.9,3085.35,0,0,0,0,19-APR-2021,
OPTSTK,SHREECEM,27-May-2021,28000,CE,0,0,0,2190.3,2911.65,0,0,0,0,19-APR-2021,
OPTSTK,SHREECEM,27-May-2021,28250,CE,0,0,0,2083.8,2744.95,0,0,0,0,19-APR-2021,
OPTSTK,SHREECEM,27-May-2021,28500,CE,0,0,0,1981.3,2584.1,0,0,0,0,19-APR-2021,
OPTSTK,SHREECEM,27-May-2021,28750,CE,0,0,0,1882.8,2429.15,0,0,0,0,19-APR-2021,
OPTSTK,SHREECEM,27-May-2021,29000,CE,0,0,0,1788.2,2280.2,0,0,0,0,19-APR-2021,
OPTSTK,SHREECEM,27-May-2021,29250,CE,0,0,0,1697.45,2137.3,0,0,0,0,19-APR-2021,
OPTSTK,SHREECEM,27-May-2021,29500,CE,0,0,0,1610.35,2000.45,0,0,0,0,19-APR-2021,
OPTSTK,SHREECEM,27-May-2021,29750,CE,0,0,0,1526.95,1869.6,0,0,0,0,19-APR-2021,
OPTSTK,SHREECEM,27-May-2021,30000,CE,0,0,0,1447.1,1744.7,0,0,0,0,19-APR-2021,
OPTSTK,SHREECEM,27-May-2021,30250,CE,0,0,0,1370.7,1625.9,0,0,0,0,19-APR-2021,
OPTSTK,SHREECEM,27-May-2021,30500,CE,0,0,0,1297.65,1512.95,0,0,0,0,19-APR-2021,
OPTSTK,SHREECEM,27-May-2021,30750,CE,0,0,0,1227.85,1405.85,0,0,0,0,19-APR-2021,
OPTSTK,SHREECEM,27-May-2021,31000,CE,0,0,0,1161.25,1304.4,0,0,0,0,19-APR-2021,
OPTSTK,SHREECEM,27-May-2021,31250,CE,0,0,0,1099,1208.6,0,0,0,0,19-APR-2021,
OPTSTK,SHREECEM,27-May-2021,31500,CE,0,0,0,1038.6,1118.2,0,0,0,0,19-APR-2021,
OPTSTK,SHREECEM,27-May-2021,31750,CE,0,0,0,981.1,1033.1,0,0,0,0,19-APR-2021,
OPTSTK,SHREECEM,27-May-2021,32000,CE,0,0,0,926.35,953.15,0,0,0,0,19-APR-2021,
OPTSTK,SHREECEM,27-May-2021,32250,CE,0,0,0,874.3,878.15,0,0,0,0,19-APR-2021,
OPTSTK,SHREECEM,27-May-2021,32500,CE,0,0,0,824.8,807.9,0,0,0,0,19-APR-2021,
OPTSTK,SHREECEM,27-May-2021,32750,CE,0,0,0,776.6,742.25,0,0,0,0,19-APR-2021,
OPTSTK,SHREECEM,27-May-2021,33000,CE,0,0,0,731.8,682.65,0,0,0,0,19-APR-2021,
OPTSTK,SHREECEM,27-May-2021,33250,CE,0,0,0,689.3,625.9,0,0,0,0,19-APR-2021,
OPTSTK,SHREECEM,27-May-2021,33500,CE,0,0,0,649,571.85,0,0,0,0,19-APR-2021,
OPTSTK,SHREECEM,27-May-2021,33750,CE,0,0,0,610.8,522.65,0,0,0,0,19-APR-2021,
OPTSTK,SHREECEM,27-May-2021,34000,CE,0,0,0,574.55,477.1,0,0,0,0,19-APR-2021,
OPTSTK,SHREECEM,27-May-2021,34500,CE,0,0,0,507.85,395.95,0,0,0,0,19-APR-2021,
OPTSTK,SHREECEM,27-May-2021,35000,CE,0,0,0,448.15,326.95,0,0,0,0,19-APR-2021,
OPTSTK,SHREECEM,27-May-2021,35500,CE,0,0,0,394.9,268.65,0,0,0,0,19-APR-2021,
OPTSTK,SHREECEM,27-May-2021,36000,CE,0,0,0,347.45,219.65,0,0,0,0,19-APR-2021,
OPTSTK,SHREECEM,27-May-2021,36500,CE,0,0,0,305.25,178.75,0,0,0,0,19-APR-2021,
OPTSTK,SHREECEM,27-May-2021,37000,CE,0,0,0,267.8,144.8,0,0,0,0,19-APR-2021,
OPTSTK,SHREECEM,27-May-2021,17500,PE,0,0,0,24.95,0.05,0,0,0,0,19-APR-2021,
OPTSTK,SHREECEM,27-May-2021,17750,PE,0,0,0,30.3,0.05,0,0,0,0,19-APR-2021,
OPTSTK,SHREECEM,27-May-2021,18000,PE,0,0,0,36.55,0.1,0,0,0,0,19-APR-2021,
OPTSTK,SHREECEM,27-May-2021,18250,PE,0,0,0,43.8,0.15,0,0,0,0,19-APR-2021,
OPTSTK,SHREECEM,27-May-2021,18500,PE,0,0,0,52.15,0.2,0,0,0,0,19-APR-2021,
OPTSTK,SHREECEM,27-May-2021,18750,PE,0,0,0,61.8,0.25,0,0,0,0,19-APR-2021,
OPTSTK,SHREECEM,27-May-2021,19000,PE,0,0,0,72.8,0.4,0,0,0,0,19-APR-2021,
OPTSTK,SHREECEM,27-May-2021,19250,PE,0,0,0,85.35,0.55,0,0,0,0,19-APR-2021,
OPTSTK,SHREECEM,27-May-2021,19500,PE,0,0,0,99.55,0.75,0,0,0,0,19-APR-2021,
OPTSTK,SHREECEM,27-May-2021,19750,PE,0,0,0,115.55,1.05,0,0,0,0,19-APR-2021,
OPTSTK,SHREECEM,27-May-2021,20000,PE,0,0,0,133.5,1.5,0,0,0,0,19-APR-2021,
OPTSTK,SHREECEM,27-May-2021,20250,PE,0,0,0,153.55,2,0,0,0,0,19-APR-2021,
OPTSTK,SHREECEM,27-May-2021,20500,PE,0,0,0,175.85,2.75,0,0,0,0,19-APR-2021,
OPTSTK,SHREECEM,27-May-2021,20750,PE,0,0,0,200.55,3.65,0,0,0,0,19-APR-2021,
OPTSTK,SHREECEM,27-May-2021,21000,PE,0,0,0,227.75,4.9,0,0,0,0,19-APR-2021,
OPTSTK,SHREECEM,27-May-2021,21250,PE,0,0,0,257.7,6.4,0,0,0,0,19-APR-2021,
OPTSTK,SHREECEM,27-May-2021,21500,PE,0,0,0,290.45,8.4,0,0,0,0,19-APR-2021,
OPTSTK,SHREECEM,27-May-2021,21750,PE,0,0,0,326.2,10.85,0,0,0,0,19-APR-2021,
OPTSTK,SHREECEM,27-May-2021,22000,PE,0,0,0,365.05,13.9,0,0,0,0,19-APR-2021,
OPTSTK,SHREECEM,27-May-2021,22250,PE,0,0,0,407.2,17.65,0,0,0,0,19-APR-2021,
OPTSTK,SHREECEM,27-May-2021,22500,PE,0,0,0,452.7,22.25,0,0,0,0,19-APR-2021,
OPTSTK,SHREECEM,27-May-2021,22750,PE,0,0,0,501.75,27.85,0,0,0,0,19-APR-2021,
OPTSTK,SHREECEM,27-May-2021,23000,PE,0,0,0,554.4,34.6,0,0,0,0,19-APR-2021,
OPTSTK,SHREECEM,27-May-2021,23250,PE,0,0,0,610.85,42.65,0,0,0,0,19-APR-2021,
OPTSTK,SHREECEM,27-May-2021,23500,PE,0,0,0,671.1,52.2,0,0,0,0,19-APR-2021,
OPTSTK,SHREECEM,27-May-2021,23750,PE,0,0,0,736.1,63.45,0,0,0,0,19-APR-2021,
OPTSTK,SHREECEM,27-May-2021,24000,PE,0,0,0,804.2,76.6,0,0,0,0,19-APR-2021,
OPTSTK,SHREECEM,27-May-2021,24250,PE,0,0,0,876.4,91.9,0,0,0,0,19-APR-2021,
OPTSTK,SHREECEM,27-May-2021,24500,PE,0,0,0,952.8,109.55,0,0,0,0,19-APR-2021,
OPTSTK,SHREECEM,27-May-2021,24750,PE,0,0,0,1032.4,129.85,0,0,0,0,19-APR-2021,
OPTSTK,SHREECEM,27-May-2021,25000,PE,0,0,0,1117.55,153.05,0,0,0,0,19-APR-2021,
OPTSTK,SHREECEM,27-May-2021,25250,PE,0,0,0,1207,179.3,0,0,0,0,19-APR-2021,
OPTSTK,SHREECEM,27-May-2021,25500,PE,0,0,0,1300.85,209,0,0,0,0,19-APR-2021,
OPTSTK,SHREECEM,27-May-2021,25750,PE,0,0,0,1399.05,242.3,0,0,0,0,19-APR-2021,
OPTSTK,SHREECEM,27-May-2021,26000,PE,0,0,0,1501.65,279.5,0,0,0,0,19-APR-2021,
OPTSTK,SHREECEM,27-May-2021,26250,PE,0,0,0,1608.65,320.85,0,0,0,0,19-APR-2021,
OPTSTK,SHREECEM,27-May-2021,26500,PE,0,0,0,1720.05,366.6,0,0,0,0,19-APR-2021,
OPTSTK,SHREECEM,27-May-2021,26750,PE,0,0,0,1835.8,417,0,0,0,0,19-APR-2021,
OPTSTK,SHREECEM,27-May-2021,27000,PE,0,0,0,1955.9,472.2,0,0,0,0,19-APR-2021,
OPTSTK,SHREECEM,27-May-2021,27250,PE,0,0,0,2080.2,532.45,0,0,0,0,19-APR-2021,
OPTSTK,SHREECEM,27-May-2021,27500,PE,0,0,0,2208.85,598.85,0,0,0,0,19-APR-2021,
OPTSTK,SHREECEM,27-May-2021,27750,PE,0,0,0,2341.75,669.55,0,0,0,0,19-APR-2021,
OPTSTK,SHREECEM,27-May-2021,28000,PE,0,0,0,2478.8,744.9,0,0,0,0,19-APR-2021,
OPTSTK,SHREECEM,27-May-2021,28250,PE,0,0,0,2620,827.2,0,0,0,0,19-APR-2021,
OPTSTK,SHREECEM,27-May-2021,28500,PE,0,0,0,2765.2,915.4,0,0,0,0,19-APR-2021,
OPTSTK,SHREECEM,27-May-2021,28750,PE,0,0,0,2914.4,1009.45,0,0,0,0,19-APR-2021,
OPTSTK,SHREECEM,27-May-2021,29000,PE,0,0,0,3067.45,1109.55,0,0,0,0,19-APR-2021,
OPTSTK,SHREECEM,27-May-2021,29250,PE,0,0,0,3224.35,1215.65,0,0,0,0,19-APR-2021,
OPTSTK,SHREECEM,27-May-2021,29500,PE,0,0,0,3384.95,1327.85,0,0,0,0,19-APR-2021,
OPTSTK,SHREECEM,27-May-2021,29750,PE,0,0,0,3549.2,1446.05,0,0,0,0,19-APR-2021,
OPTSTK,SHREECEM,27-May-2021,30000,PE,0,0,0,700,1570.15,0,0,300,0,19-APR-2021,
OPTSTK,SHREECEM,27-May-2021,30250,PE,0,0,0,3888.3,1700.35,0,0,0,0,19-APR-2021,
OPTSTK,SHREECEM,27-May-2021,30500,PE,0,0,0,4062.9,1836.45,0,0,0,0,19-APR-2021,
OPTSTK,SHREECEM,27-May-2021,30750,PE,0,0,0,4240.8,1978.35,0,0,0,0,19-APR-2021,
OPTSTK,SHREECEM,27-May-2021,31000,PE,0,0,0,4421.85,2126,0,0,0,0,19-APR-2021,
OPTSTK,SHREECEM,27-May-2021,31250,PE,0,0,0,4607.3,2279.15,0,0,0,0,19-APR-2021,
OPTSTK,SHREECEM,27-May-2021,31500,PE,0,0,0,4794.6,2437.8,0,0,0,0,19-APR-2021,
OPTSTK,SHREECEM,27-May-2021,31750,PE,0,0,0,4984.75,2601.75,0,0,0,0,19-APR-2021,
OPTSTK,SHREECEM,27-May-2021,32000,PE,0,0,0,5177.7,2770.8,0,0,0,0,19-APR-2021,
OPTSTK,SHREECEM,27-May-2021,32250,PE,0,0,0,5373.3,2944.8,0,0,0,0,19-APR-2021,
OPTSTK,SHREECEM,27-May-2021,32500,PE,0,0,0,5571.45,3123.6,0,0,0,0,19-APR-2021,
OPTSTK,SHREECEM,27-May-2021,32750,PE,0,0,0,5770.95,3307,0,0,0,0,19-APR-2021,
OPTSTK,SHREECEM,27-May-2021,33000,PE,0,0,0,5973.8,3496.4,0,0,0,0,19-APR-2021,
OPTSTK,SHREECEM,27-May-2021,33250,PE,0,0,0,6179,3688.7,0,0,0,0,19-APR-2021,
OPTSTK,SHREECEM,27-May-2021,33500,PE,0,0,0,6386.35,3883.65,0,0,0,0,19-APR-2021,
OPTSTK,SHREECEM,27-May-2021,33750,PE,0,0,0,6595.8,4083.5,0,0,0,0,19-APR-2021,
OPTSTK,SHREECEM,27-May-2021,34000,PE,0,0,0,6807.3,4286.95,0,0,0,0,19-APR-2021,
OPTSTK,SHREECEM,27-May-2021,34500,PE,0,0,0,7235.9,4703.9,0,0,0,0,19-APR-2021,
OPTSTK,SHREECEM,27-May-2021,35000,PE,0,0,0,7671.55,5132.95,0,0,0,0,19-APR-2021,
OPTSTK,SHREECEM,27-May-2021,35500,PE,0,0,0,8113.65,5572.7,0,0,0,0,19-APR-2021,
OPTSTK,SHREECEM,27-May-2021,36000,PE,0,0,0,8561.55,6021.75,0,0,0,0,19-APR-2021,
OPTSTK,SHREECEM,27-May-2021,36500,PE,0,0,0,9014.7,6478.85,0,0,0,0,19-APR-2021,
OPTSTK,SHREECEM,27-May-2021,37000,PE,0,0,0,9472.6,6942.95,0,0,0,0,19-APR-2021,
OPTSTK,SHREECEM,24-Jun-2021,17500,CE,0,0,0,10267.2,12677.55,0,0,0,0,19-APR-2021,
OPTSTK,SHREECEM,24-Jun-2021,18000,CE,0,0,0,9783,12182.1,0,0,0,0,19-APR-2021,
OPTSTK,SHREECEM,24-Jun-2021,18500,CE,0,0,0,9302.7,11687.35,0,0,0,0,19-APR-2021,
OPTSTK,SHREECEM,24-Jun-2021,19000,CE,0,0,0,8827.3,11193.6,0,0,0,0,19-APR-2021,
OPTSTK,SHREECEM,24-Jun-2021,19500,CE,0,0,0,8357.8,10701.25,0,0,0,0,19-APR-2021,
OPTSTK,SHREECEM,24-Jun-2021,20000,CE,0,0,0,7895.25,10210.85,0,0,0,0,19-APR-2021,
OPTSTK,SHREECEM,24-Jun-2021,20500,CE,0,0,0,7440.9,9723,0,0,0,0,19-APR-2021,
OPTSTK,SHREECEM,24-Jun-2021,21000,CE,0,0,0,6995.85,9238.45,0,0,0,0,19-APR-2021,
OPTSTK,SHREECEM,24-Jun-2021,21500,CE,0,0,0,6561.35,8758.15,0,0,0,0,19-APR-2021,
OPTSTK,SHREECEM,24-Jun-2021,22000,CE,0,0,0,6138.5,8283.05,0,0,0,0,19-APR-2021,
OPTSTK,SHREECEM,24-Jun-2021,22500,CE,0,0,0,5728.4,7814.25,0,0,0,0,19-APR-2021,
OPTSTK,SHREECEM,24-Jun-2021,23000,CE,0,0,0,5332.1,7352.9,0,0,0,0,19-APR-2021,
OPTSTK,SHREECEM,24-Jun-2021,23500,CE,0,0,0,4950.5,6900.3,0,0,0,0,19-APR-2021,
OPTSTK,SHREECEM,24-Jun-2021,24000,CE,0,0,0,4585.1,6457.7,0,0,0,0,19-APR-2021,
OPTSTK,SHREECEM,24-Jun-2021,24500,CE,0,0,0,4234.9,6026.35,0,0,0,0,19-APR-2021,
OPTSTK,SHREECEM,24-Jun-2021,25000,CE,0,0,0,3900.6,5607.5,0,0,0,0,19-APR-2021,
OPTSTK,SHREECEM,24-Jun-2021,25500,CE,0,0,0,3584.7,5202.4,0,0,0,0,19-APR-2021,
OPTSTK,SHREECEM,24-Jun-2021,26000,CE,0,0,0,3286.2,4812.1,0,0,0,0,19-APR-2021,
OPTSTK,SHREECEM,24-Jun-2021,26500,CE,0,0,0,3005.1,4438.55,0,0,0,0,19-APR-2021,
OPTSTK,SHREECEM,24-Jun-2021,27000,CE,0,0,0,2741.4,4080.35,0,0,0,0,19-APR-2021,
OPTSTK,SHREECEM,24-Jun-2021,27500,CE,0,0,0,2494.75,3738.6,0,0,0,0,19-APR-2021,
OPTSTK,SHREECEM,24-Jun-2021,28000,CE,0,0,0,2265.1,3416.2,0,0,0,0,19-APR-2021,
OPTSTK,SHREECEM,24-Jun-2021,28500,CE,0,0,0,2051.85,3112.15,0,0,0,0,19-APR-2021,
OPTSTK,SHREECEM,24-Jun-2021,29000,CE,0,0,0,1854.5,2826.55,0,0,0,0,19-APR-2021,
OPTSTK,SHREECEM,24-Jun-2021,29500,CE,0,0,0,1672.45,2559.45,0,0,0,0,19-APR-2021,
OPTSTK,SHREECEM,24-Jun-2021,30000,CE,0,0,0,1505.1,2310.6,0,0,0,0,19-APR-2021,
OPTSTK,SHREECEM,24-Jun-2021,30500,CE,0,0,0,1351.65,2079.9,0,0,0,0,19-APR-2021,
OPTSTK,SHREECEM,24-Jun-2021,31000,CE,0,0,0,1211.35,1866.85,0,0,0,0,19-APR-2021,
OPTSTK,SHREECEM,24-Jun-2021,31500,CE,0,0,0,1084.95,1670.8,0,0,0,0,19-APR-2021,
OPTSTK,SHREECEM,24-Jun-2021,32000,CE,0,0,0,969.1,1491.15,0,0,0,0,19-APR-2021,
OPTSTK,SHREECEM,24-Jun-2021,32500,CE,0,0,0,864.15,1327.2,0,0,0,0,19-APR-2021,
OPTSTK,SHREECEM,24-Jun-2021,33000,CE,0,0,0,768.05,1178.1,0,0,0,0,19-APR-2021,
OPTSTK,SHREECEM,24-Jun-2021,33500,CE,0,0,0,682.2,1042.95,0,0,0,0,19-APR-2021,
OPTSTK,SHREECEM,24-Jun-2021,34000,CE,0,0,0,604.95,922.7,0,0,0,0,19-APR-2021,
OPTSTK,SHREECEM,24-Jun-2021,34500,CE,0,0,0,535.55,813.4,0,0,0,0,19-APR-2021,
OPTSTK,SHREECEM,24-Jun-2021,35000,CE,0,0,0,473.35,713.95,0,0,0,0,19-APR-2021,
OPTSTK,SHREECEM,24-Jun-2021,35500,CE,0,0,0,417.8,626.05,0,0,0,0,19-APR-2021,
OPTSTK,SHREECEM,24-Jun-2021,36000,CE,0,0,0,368.15,547.7,0,0,0,0,19-APR-2021,
OPTSTK,SHREECEM,24-Jun-2021,36500,CE,0,0,0,324,478.05,0,0,0,0,19-APR-2021,
OPTSTK,SHREECEM,24-Jun-2021,37000,CE,0,0,0,284.7,416.35,0,0,0,0,19-APR-2021,
OPTSTK,SHREECEM,24-Jun-2021,17500,PE,0,0,0,24,1.6,0,0,0,0,19-APR-2021,
OPTSTK,SHREECEM,24-Jun-2021,18000,PE,0,0,0,35.1,2.8,0,0,0,0,19-APR-2021,
OPTSTK,SHREECEM,24-Jun-2021,18500,PE,0,0,0,50.2,4.65,0,0,0,0,19-APR-2021,
OPTSTK,SHREECEM,24-Jun-2021,19000,PE,0,0,0,70.15,7.55,0,0,0,0,19-APR-2021,
OPTSTK,SHREECEM,24-Jun-2021,19500,PE,0,0,0,95.95,11.8,0,0,0,0,19-APR-2021,
OPTSTK,SHREECEM,24-Jun-2021,20000,PE,0,0,0,128.8,18.05,0,0,0,0,19-APR-2021,
OPTSTK,SHREECEM,24-Jun-2021,20500,PE,0,0,0,169.8,26.8,0,0,0,0,19-APR-2021,
OPTSTK,SHREECEM,24-Jun-2021,21000,PE,0,0,0,220.1,38.9,0,0,0,0,19-APR-2021,
OPTSTK,SHREECEM,24-Jun-2021,21500,PE,0,0,0,280.95,55.2,0,0,0,0,19-APR-2021,
OPTSTK,SHREECEM,24-Jun-2021,22000,PE,0,0,0,353.4,76.7,0,0,0,0,19-APR-2021,
OPTSTK,SHREECEM,24-Jun-2021,22500,PE,0,0,0,438.65,104.55,0,0,0,0,19-APR-2021,
OPTSTK,SHREECEM,24-Jun-2021,23000,PE,0,0,0,537.7,139.8,0,0,0,0,19-APR-2021,
OPTSTK,SHREECEM,24-Jun-2021,23500,PE,0,0,0,651.45,183.85,0,0,0,0,19-APR-2021,
OPTSTK,SHREECEM,24-Jun-2021,24000,PE,0,0,0,781.4,237.85,0,0,0,0,19-APR-2021,
OPTSTK,SHREECEM,24-Jun-2021,24500,PE,0,0,0,926.6,303.1,0,0,0,0,19-APR-2021,
OPTSTK,SHREECEM,24-Jun-2021,25000,PE,0,0,0,1087.6,380.9,0,0,0,0,19-APR-2021,
OPTSTK,SHREECEM,24-Jun-2021,25500,PE,0,0,0,1267.05,472.45,0,0,0,0,19-APR-2021,
OPTSTK,SHREECEM,24-Jun-2021,26000,PE,0,0,0,1463.9,578.75,0,0,0,0,19-APR-2021,
OPTSTK,SHREECEM,24-Jun-2021,26500,PE,0,0,0,1678.15,701.85,0,0,0,0,19-APR-2021,
OPTSTK,SHREECEM,24-Jun-2021,27000,PE,0,0,0,1909.8,840.25,0,0,0,0,19-APR-2021,
OPTSTK,SHREECEM,24-Jun-2021,27500,PE,0,0,0,2158.5,995.1,0,0,0,0,19-APR-2021,
OPTSTK,SHREECEM,24-Jun-2021,28000,PE,0,0,0,2424.2,1169.35,0,0,0,0,19-APR-2021,
OPTSTK,SHREECEM,24-Jun-2021,28500,PE,0,0,0,2706.3,1361.9,0,0,0,0,19-APR-2021,
OPTSTK,SHREECEM,24-Jun-2021,29000,PE,0,0,0,3004.3,1572.9,0,0,0,0,19-APR-2021,
OPTSTK,SHREECEM,24-Jun-2021,29500,PE,0,0,0,3317.6,1802.45,0,0,0,0,19-APR-2021,
OPTSTK,SHREECEM,24-Jun-2021,30000,PE,0,0,0,3645.55,2050.2,0,0,0,0,19-APR-2021,
OPTSTK,SHREECEM,24-Jun-2021,30500,PE,0,0,0,3987.45,2316.15,0,0,0,0,19-APR-2021,
OPTSTK,SHREECEM,24-Jun-2021,31000,PE,0,0,0,4342.55,2599.7,0,0,0,0,19-APR-2021,
OPTSTK,SHREECEM,24-Jun-2021,31500,PE,0,0,0,4711.45,2900.3,0,0,0,0,19-APR-2021,
OPTSTK,SHREECEM,24-Jun-2021,32000,PE,0,0,0,5091,3217.25,0,0,0,0,19-APR-2021,
OPTSTK,SHREECEM,24-Jun-2021,32500,PE,0,0,0,5481.4,3549.9,0,0,0,0,19-APR-2021,
OPTSTK,SHREECEM,24-Jun-2021,33000,PE,0,0,0,5880.6,3897.4,0,0,0,0,19-APR-2021,
OPTSTK,SHREECEM,24-Jun-2021,33500,PE,0,0,0,6290.1,4258.95,0,0,0,0,19-APR-2021,
OPTSTK,SHREECEM,24-Jun-2021,34000,PE,0,0,0,6708.2,4635.3,0,0,0,0,19-APR-2021,
OPTSTK,SHREECEM,24-Jun-2021,34500,PE,0,0,0,7134.15,5022.6,0,0,0,0,19-APR-2021,
OPTSTK,SHREECEM,24-Jun-2021,35000,PE,0,0,0,7567.3,5419.8,0,0,0,0,19-APR-2021,
OPTSTK,SHREECEM,24-Jun-2021,35500,PE,0,0,0,8007.05,5828.5,0,0,0,0,19-APR-2021,
OPTSTK,SHREECEM,24-Jun-2021,36000,PE,0,0,0,8452.8,6246.75,0,0,0,0,19-APR-2021,
OPTSTK,SHREECEM,24-Jun-2021,36500,PE,0,0,0,8904,6673.75,0,0,0,0,19-APR-2021,
OPTSTK,SHREECEM,24-Jun-2021,37000,PE,0,0,0,9360.05,7108.65,0,0,0,0,19-APR-2021,
OPTSTK,SIEMENS,29-Apr-2021,1000,CE,0,0,0,645.75,794.3,0,0,0,0,19-APR-2021,
OPTSTK,SIEMENS,29-Apr-2021,1020,CE,0,0,0,626.1,774.35,0,0,0,0,19-APR-2021,
OPTSTK,SIEMENS,29-Apr-2021,1040,CE,0,0,0,606.45,754.35,0,0,0,0,19-APR-2021,
OPTSTK,SIEMENS,29-Apr-2021,1060,CE,0,0,0,586.9,734.35,0,0,0,0,19-APR-2021,
OPTSTK,SIEMENS,29-Apr-2021,1080,CE,0,0,0,567.4,714.4,0,0,0,0,19-APR-2021,
OPTSTK,SIEMENS,29-Apr-2021,1100,CE,0,0,0,547.95,694.4,0,0,0,0,19-APR-2021,
OPTSTK,SIEMENS,29-Apr-2021,1120,CE,0,0,0,528.6,674.45,0,0,0,0,19-APR-2021,
OPTSTK,SIEMENS,29-Apr-2021,1140,CE,0,0,0,509.4,654.45,0,0,0,0,19-APR-2021,
OPTSTK,SIEMENS,29-Apr-2021,1160,CE,0,0,0,490.35,634.45,0,0,0,0,19-APR-2021,
OPTSTK,SIEMENS,29-Apr-2021,1180,CE,0,0,0,471.4,614.5,0,0,0,0,19-APR-2021,
OPTSTK,SIEMENS,29-Apr-2021,1200,CE,0,0,0,452.65,594.5,0,0,0,0,19-APR-2021,
OPTSTK,SIEMENS,29-Apr-2021,1220,CE,0,0,0,434.15,574.55,0,0,0,0,19-APR-2021,
OPTSTK,SIEMENS,29-Apr-2021,1240,CE,0,0,0,415.8,554.55,0,0,0,0,19-APR-2021,
OPTSTK,SIEMENS,29-Apr-2021,1260,CE,0,0,0,397.75,534.55,0,0,0,0,19-APR-2021,
OPTSTK,SIEMENS,29-Apr-2021,1280,CE,0,0,0,379.95,514.6,0,0,0,0,19-APR-2021,
OPTSTK,SIEMENS,29-Apr-2021,1300,CE,0,0,0,362.5,494.6,0,0,0,0,19-APR-2021,
OPTSTK,SIEMENS,29-Apr-2021,1320,CE,0,0,0,345.3,474.65,0,0,0,0,19-APR-2021,
OPTSTK,SIEMENS,29-Apr-2021,1340,CE,0,0,0,328.5,454.65,0,0,0,0,19-APR-2021,
OPTSTK,SIEMENS,29-Apr-2021,1360,CE,0,0,0,312.1,434.65,0,0,0,0,19-APR-2021,
OPTSTK,SIEMENS,29-Apr-2021,1380,CE,0,0,0,296.05,414.7,0,0,0,0,19-APR-2021,
OPTSTK,SIEMENS,29-Apr-2021,1400,CE,0,0,0,280.45,394.7,0,0,0,0,19-APR-2021,
OPTSTK,SIEMENS,29-Apr-2021,1420,CE,0,0,0,265.25,374.75,0,0,0,0,19-APR-2021,
OPTSTK,SIEMENS,29-Apr-2021,1440,CE,0,0,0,250.55,354.75,0,0,0,0,19-APR-2021,
OPTSTK,SIEMENS,29-Apr-2021,1460,CE,0,0,0,236.3,334.8,0,0,0,0,19-APR-2021,
OPTSTK,SIEMENS,29-Apr-2021,1480,CE,0,0,0,222.5,314.85,0,0,0,0,19-APR-2021,
OPTSTK,SIEMENS,29-Apr-2021,1500,CE,0,0,0,209.2,294.95,0,0,0,0,19-APR-2021,
OPTSTK,SIEMENS,29-Apr-2021,1520,CE,0,0,0,196.4,275.05,0,0,0,0,19-APR-2021,
OPTSTK,SIEMENS,29-Apr-2021,1540,CE,0,0,0,184.15,255.25,0,0,0,0,19-APR-2021,
OPTSTK,SIEMENS,29-Apr-2021,1560,CE,0,0,0,172.4,235.6,0,0,0,0,19-APR-2021,
OPTSTK,SIEMENS,29-Apr-2021,1580,CE,0,0,0,161.2,216.1,0,0,0,0,19-APR-2021,
OPTSTK,SIEMENS,29-Apr-2021,1600,CE,0,0,0,150.5,196.85,0,0,0,0,19-APR-2021,
OPTSTK,SIEMENS,29-Apr-2021,1620,CE,0,0,0,140.3,177.95,0,0,0,0,19-APR-2021,
OPTSTK,SIEMENS,29-Apr-2021,1640,CE,0,0,0,130.6,159.55,0,0,0,0,19-APR-2021,
OPTSTK,SIEMENS,29-Apr-2021,1660,CE,0,0,0,121.45,141.75,0,0,0,0,19-APR-2021,
OPTSTK,SIEMENS,29-Apr-2021,1680,CE,0,0,0,112.75,124.75,0,0,0,0,19-APR-2021,
OPTSTK,SIEMENS,29-Apr-2021,1700,CE,0,0,0,99,108.6,0,0,1100,0,19-APR-2021,
OPTSTK,SIEMENS,29-Apr-2021,1720,CE,0,0,0,96.8,93.5,0,0,0,0,19-APR-2021,
OPTSTK,SIEMENS,29-Apr-2021,1740,CE,0,0,0,102,79.5,0,0,1100,0,19-APR-2021,
OPTSTK,SIEMENS,29-Apr-2021,1760,CE,0,0,0,82.65,66.75,0,0,0,0,19-APR-2021,
OPTSTK,SIEMENS,29-Apr-2021,1780,CE,0,0,0,76.25,55.35,0,0,0,0,19-APR-2021,
OPTSTK,SIEMENS,29-Apr-2021,1800,CE,54.25,54.25,36.05,41.1,45.3,18,182.34,28050,2200,19-APR-2021,
OPTSTK,SIEMENS,29-Apr-2021,1820,CE,0,0,0,75,36.55,0,0,1100,0,19-APR-2021,
OPTSTK,SIEMENS,29-Apr-2021,1840,CE,43.3,43.3,24.35,29.25,29.25,50,514.08,23100,-550,19-APR-2021,
OPTSTK,SIEMENS,29-Apr-2021,1860,CE,16.3,28.95,16.3,22.95,22.95,47,486.34,17050,-550,19-APR-2021,
OPTSTK,SIEMENS,29-Apr-2021,1880,CE,9.8,18.3,9.8,17.05,17.05,7,73.01,6600,-550,19-APR-2021,
OPTSTK,SIEMENS,29-Apr-2021,1900,CE,26,26,9.55,14.05,14.05,247,2601.02,125400,-4950,19-APR-2021,
OPTSTK,SIEMENS,29-Apr-2021,1920,CE,11.1,11.6,10.3,11.6,11.6,3,31.86,1650,0,19-APR-2021,
OPTSTK,SIEMENS,29-Apr-2021,1940,CE,12.5,12.5,4.85,8.75,8.75,21,225.06,9900,-550,19-APR-2021,
OPTSTK,SIEMENS,29-Apr-2021,1960,CE,0,0,0,12,5.5,0,0,550,0,19-APR-2021,
OPTSTK,SIEMENS,29-Apr-2021,1980,CE,0,0,0,31.9,3.95,0,0,0,0,19-APR-2021,
OPTSTK,SIEMENS,29-Apr-2021,2000,CE,5.75,6,4.65,4.9,4.9,52,573.46,59950,6600,19-APR-2021,
OPTSTK,SIEMENS,29-Apr-2021,2020,CE,0,0,0,26.45,1.95,0,0,0,0,19-APR-2021,
OPTSTK,SIEMENS,29-Apr-2021,2040,CE,0,0,0,11.65,1.35,0,0,9350,0,19-APR-2021,
OPTSTK,SIEMENS,29-Apr-2021,2060,CE,0,0,0,7.1,0.95,0,0,1100,0,19-APR-2021,
OPTSTK,SIEMENS,29-Apr-2021,2080,CE,0,0,0,3,0.65,0,0,2750,0,19-APR-2021,
OPTSTK,SIEMENS,29-Apr-2021,2100,CE,0,0,0,3.1,0.4,0,0,42350,0,19-APR-2021,
OPTSTK,SIEMENS,29-Apr-2021,2120,CE,0,0,0,16.3,0.3,0,0,0,0,19-APR-2021,
OPTSTK,SIEMENS,29-Apr-2021,2140,CE,0,0,0,14.75,0.2,0,0,0,0,19-APR-2021,
OPTSTK,SIEMENS,29-Apr-2021,2160,CE,0,0,0,13.3,0.15,0,0,0,0,19-APR-2021,
OPTSTK,SIEMENS,29-Apr-2021,2180,CE,0,0,0,12.05,0.1,0,0,0,0,19-APR-2021,
OPTSTK,SIEMENS,29-Apr-2021,2200,CE,0,0,0,1.1,0.05,0,0,1650,0,19-APR-2021,
OPTSTK,SIEMENS,29-Apr-2021,2220,CE,0,0,0,9.8,0.05,0,0,0,0,19-APR-2021,
OPTSTK,SIEMENS,29-Apr-2021,2240,CE,0,0,0,8.85,0.05,0,0,0,0,19-APR-2021,
OPTSTK,SIEMENS,29-Apr-2021,2260,CE,0,0,0,2.4,0.05,0,0,1100,0,19-APR-2021,
OPTSTK,SIEMENS,29-Apr-2021,1000,PE,0,0,0,0.35,0,0,0,0,0,19-APR-2021,
OPTSTK,SIEMENS,29-Apr-2021,1020,PE,0,0,0,0.5,0,0,0,0,0,19-APR-2021,
OPTSTK,SIEMENS,29-Apr-2021,1040,PE,0,0,0,0.7,0,0,0,0,0,19-APR-2021,
OPTSTK,SIEMENS,29-Apr-2021,1060,PE,0,0,0,0.95,0,0,0,0,0,19-APR-2021,
OPTSTK,SIEMENS,29-Apr-2021,1080,PE,0,0,0,1.25,0,0,0,0,0,19-APR-2021,
OPTSTK,SIEMENS,29-Apr-2021,1100,PE,0,0,0,1.6,0,0,0,0,0,19-APR-2021,
OPTSTK,SIEMENS,29-Apr-2021,1120,PE,0,0,0,2.1,0,0,0,0,0,19-APR-2021,
OPTSTK,SIEMENS,29-Apr-2021,1140,PE,0,0,0,2.7,0,0,0,0,0,19-APR-2021,
OPTSTK,SIEMENS,29-Apr-2021,1160,PE,0,0,0,3.45,0,0,0,0,0,19-APR-2021,
OPTSTK,SIEMENS,29-Apr-2021,1180,PE,0,0,0,4.35,0,0,0,0,0,19-APR-2021,
OPTSTK,SIEMENS,29-Apr-2021,1200,PE,0,0,0,5.4,0,0,0,0,0,19-APR-2021,
OPTSTK,SIEMENS,29-Apr-2021,1220,PE,0,0,0,6.7,0,0,0,0,0,19-APR-2021,
OPTSTK,SIEMENS,29-Apr-2021,1240,PE,0,0,0,8.2,0,0,0,0,0,19-APR-2021,
OPTSTK,SIEMENS,29-Apr-2021,1260,PE,0,0,0,9.95,0,0,0,0,0,19-APR-2021,
OPTSTK,SIEMENS,29-Apr-2021,1280,PE,0,0,0,11.95,0,0,0,0,0,19-APR-2021,
OPTSTK,SIEMENS,29-Apr-2021,1300,PE,0,0,0,14.3,0,0,0,0,0,19-APR-2021,
OPTSTK,SIEMENS,29-Apr-2021,1320,PE,0,0,0,16.95,0,0,0,0,0,19-APR-2021,
OPTSTK,SIEMENS,29-Apr-2021,1340,PE,0,0,0,19.95,0,0,0,0,0,19-APR-2021,
OPTSTK,SIEMENS,29-Apr-2021,1360,PE,0,0,0,23.35,0,0,0,0,0,19-APR-2021,
OPTSTK,SIEMENS,29-Apr-2021,1380,PE,0,0,0,27.1,0,0,0,0,0,19-APR-2021,
OPTSTK,SIEMENS,29-Apr-2021,1400,PE,0,0,0,31.3,0,0,0,0,0,19-APR-2021,
OPTSTK,SIEMENS,29-Apr-2021,1420,PE,0,0,0,35.95,0.05,0,0,0,0,19-APR-2021,
OPTSTK,SIEMENS,29-Apr-2021,1440,PE,0,0,0,41.1,0.05,0,0,0,0,19-APR-2021,
OPTSTK,SIEMENS,29-Apr-2021,1460,PE,0,0,0,46.65,0.05,0,0,0,0,19-APR-2021,
OPTSTK,SIEMENS,29-Apr-2021,1480,PE,0,0,0,52.65,0.1,0,0,0,0,19-APR-2021,
OPTSTK,SIEMENS,29-Apr-2021,1500,PE,1.8,1.8,1.8,1.8,0.15,1,8.25,1100,0,19-APR-2021,
OPTSTK,SIEMENS,29-Apr-2021,1520,PE,0,0,0,5.6,0.25,0,0,550,0,19-APR-2021,
OPTSTK,SIEMENS,29-Apr-2021,1540,PE,0,0,0,73.75,0.4,0,0,0,0,19-APR-2021,
OPTSTK,SIEMENS,29-Apr-2021,1560,PE,3.3,3.3,3.3,3.3,0.75,1,8.59,550,550,19-APR-2021,
OPTSTK,SIEMENS,29-Apr-2021,1580,PE,0,0,0,90.45,1.2,0,0,0,0,19-APR-2021,
OPTSTK,SIEMENS,29-Apr-2021,1600,PE,0,0,0,8.15,1.95,0,0,17050,0,19-APR-2021,
OPTSTK,SIEMENS,29-Apr-2021,1620,PE,6.3,6.3,6.3,6.3,3.05,1,8.94,1650,0,19-APR-2021,
OPTSTK,SIEMENS,29-Apr-2021,1640,PE,7.85,7.85,7.85,7.85,4.65,1,9.06,1650,550,19-APR-2021,
OPTSTK,SIEMENS,29-Apr-2021,1660,PE,9.85,9.85,9.85,9.85,6.8,1,9.18,2200,0,19-APR-2021,
OPTSTK,SIEMENS,29-Apr-2021,1680,PE,0,0,0,15.55,9.75,0,0,1650,0,19-APR-2021,
OPTSTK,SIEMENS,29-Apr-2021,1700,PE,11,17.65,11,14.7,14.7,29,273.61,51700,2750,19-APR-2021,
OPTSTK,SIEMENS,29-Apr-2021,1720,PE,0,0,0,27.4,18.5,0,0,2200,0,19-APR-2021,
OPTSTK,SIEMENS,29-Apr-2021,1740,PE,0,0,0,33.9,24.45,0,0,3300,0,19-APR-2021,
OPTSTK,SIEMENS,29-Apr-2021,1760,PE,34.5,34.5,34.5,34.5,31.7,1,9.86,14850,550,19-APR-2021,
OPTSTK,SIEMENS,29-Apr-2021,1780,PE,32,49.5,32,44,40.3,4,40.03,6050,0,19-APR-2021,
OPTSTK,SIEMENS,29-Apr-2021,1800,PE,50.05,55.95,43,47.85,50.2,27,274.91,36300,-1100,19-APR-2021,
OPTSTK,SIEMENS,29-Apr-2021,1820,PE,58.85,58.85,58.85,58.85,61.45,1,10.33,550,550,19-APR-2021,
OPTSTK,SIEMENS,29-Apr-2021,1840,PE,69.4,69.4,69.4,69.4,69.4,1,10.5,3300,0,19-APR-2021,
OPTSTK,SIEMENS,29-Apr-2021,1860,PE,0,0,0,261.2,87.65,0,0,0,0,19-APR-2021,
OPTSTK,SIEMENS,29-Apr-2021,1880,PE,0,0,0,276.5,102.55,0,0,0,0,19-APR-2021,
OPTSTK,SIEMENS,29-Apr-2021,1900,PE,0,0,0,83.05,118.3,0,0,1100,0,19-APR-2021,
OPTSTK,SIEMENS,29-Apr-2021,1920,PE,0,0,0,308,134.9,0,0,0,0,19-APR-2021,
OPTSTK,SIEMENS,29-Apr-2021,1940,PE,0,0,0,324.2,152.3,0,0,0,0,19-APR-2021,
OPTSTK,SIEMENS,29-Apr-2021,1960,PE,0,0,0,340.7,170.25,0,0,0,0,19-APR-2021,
OPTSTK,SIEMENS,29-Apr-2021,1980,PE,0,0,0,357.4,188.7,0,0,0,0,19-APR-2021,
OPTSTK,SIEMENS,29-Apr-2021,2000,PE,0,0,0,374.4,207.5,0,0,0,0,19-APR-2021,
OPTSTK,SIEMENS,29-Apr-2021,2020,PE,0,0,0,391.6,226.65,0,0,0,0,19-APR-2021,
OPTSTK,SIEMENS,29-Apr-2021,2040,PE,0,0,0,409,246.05,0,0,0,0,19-APR-2021,
OPTSTK,SIEMENS,29-Apr-2021,2060,PE,0,0,0,426.6,265.6,0,0,0,0,19-APR-2021,
OPTSTK,SIEMENS,29-Apr-2021,2080,PE,0,0,0,444.4,285.25,0,0,0,0,19-APR-2021,
OPTSTK,SIEMENS,29-Apr-2021,2100,PE,0,0,0,462.4,305.05,0,0,0,0,19-APR-2021,
OPTSTK,SIEMENS,29-Apr-2021,2120,PE,0,0,0,480.5,324.85,0,0,0,0,19-APR-2021,
OPTSTK,SIEMENS,29-Apr-2021,2140,PE,0,0,0,498.75,344.75,0,0,0,0,19-APR-2021,
OPTSTK,SIEMENS,29-Apr-2021,2160,PE,0,0,0,517.2,364.7,0,0,0,0,19-APR-2021,
OPTSTK,SIEMENS,29-Apr-2021,2180,PE,0,0,0,535.7,384.6,0,0,0,0,19-APR-2021,
OPTSTK,SIEMENS,29-Apr-2021,2200,PE,0,0,0,554.35,404.55,0,0,0,0,19-APR-2021,
OPTSTK,SIEMENS,29-Apr-2021,2220,PE,0,0,0,573.1,424.55,0,0,0,0,19-APR-2021,
OPTSTK,SIEMENS,29-Apr-2021,2240,PE,0,0,0,591.95,444.5,0,0,0,0,19-APR-2021,
OPTSTK,SIEMENS,29-Apr-2021,2260,PE,0,0,0,610.9,464.5,0,0,0,0,19-APR-2021,
OPTSTK,SIEMENS,27-May-2021,1280,CE,0,0,0,644.2,518.55,0,0,0,0,19-APR-2021,
OPTSTK,SIEMENS,27-May-2021,1300,CE,0,0,0,624.95,498.75,0,0,0,0,19-APR-2021,
OPTSTK,SIEMENS,27-May-2021,1320,CE,0,0,0,605.8,479,0,0,0,0,19-APR-2021,
OPTSTK,SIEMENS,27-May-2021,1340,CE,0,0,0,586.75,459.35,0,0,0,0,19-APR-2021,
OPTSTK,SIEMENS,27-May-2021,1360,CE,0,0,0,567.85,439.75,0,0,0,0,19-APR-2021,
OPTSTK,SIEMENS,27-May-2021,1380,CE,0,0,0,549.1,420.2,0,0,0,0,19-APR-2021,
OPTSTK,SIEMENS,27-May-2021,1400,CE,0,0,0,530.55,400.85,0,0,0,0,19-APR-2021,
OPTSTK,SIEMENS,27-May-2021,1420,CE,0,0,0,512.15,381.6,0,0,0,0,19-APR-2021,
OPTSTK,SIEMENS,27-May-2021,1440,CE,0,0,0,493.95,362.55,0,0,0,0,19-APR-2021,
OPTSTK,SIEMENS,27-May-2021,1460,CE,0,0,0,475.95,343.75,0,0,0,0,19-APR-2021,
OPTSTK,SIEMENS,27-May-2021,1480,CE,0,0,0,458.2,325.15,0,0,0,0,19-APR-2021,
OPTSTK,SIEMENS,27-May-2021,1500,CE,0,0,0,440.7,306.9,0,0,0,0,19-APR-2021,
OPTSTK,SIEMENS,27-May-2021,1520,CE,0,0,0,423.5,288.9,0,0,0,0,19-APR-2021,
OPTSTK,SIEMENS,27-May-2021,1540,CE,0,0,0,406.55,271.35,0,0,0,0,19-APR-2021,
OPTSTK,SIEMENS,27-May-2021,1560,CE,0,0,0,389.9,254.2,0,0,0,0,19-APR-2021,
OPTSTK,SIEMENS,27-May-2021,1580,CE,0,0,0,373.6,237.5,0,0,0,0,19-APR-2021,
OPTSTK,SIEMENS,27-May-2021,1600,CE,0,0,0,357.6,221.25,0,0,0,0,19-APR-2021,
OPTSTK,SIEMENS,27-May-2021,1620,CE,0,0,0,341.95,205.6,0,0,0,0,19-APR-2021,
OPTSTK,SIEMENS,27-May-2021,1640,CE,0,0,0,326.7,190.55,0,0,0,0,19-APR-2021,
OPTSTK,SIEMENS,27-May-2021,1660,CE,0,0,0,311.85,176,0,0,0,0,19-APR-2021,
OPTSTK,SIEMENS,27-May-2021,1680,CE,0,0,0,297.35,162.05,0,0,0,0,19-APR-2021,
OPTSTK,SIEMENS,27-May-2021,1700,CE,0,0,0,283.2,148.85,0,0,0,0,19-APR-2021,
OPTSTK,SIEMENS,27-May-2021,1720,CE,0,0,0,269.45,136.3,0,0,0,0,19-APR-2021,
OPTSTK,SIEMENS,27-May-2021,1740,CE,0,0,0,256.1,124.45,0,0,0,0,19-APR-2021,
OPTSTK,SIEMENS,27-May-2021,1760,CE,0,0,0,243.2,113.25,0,0,0,0,19-APR-2021,
OPTSTK,SIEMENS,27-May-2021,1780,CE,0,0,0,230.75,102.75,0,0,0,0,19-APR-2021,
OPTSTK,SIEMENS,27-May-2021,1800,CE,0,0,0,85.7,92.95,0,0,550,0,19-APR-2021,
OPTSTK,SIEMENS,27-May-2021,1820,CE,0,0,0,207.1,83.85,0,0,0,0,19-APR-2021,
OPTSTK,SIEMENS,27-May-2021,1840,CE,0,0,0,195.95,75.4,0,0,0,0,19-APR-2021,
OPTSTK,SIEMENS,27-May-2021,1860,CE,0,0,0,185.2,67.6,0,0,0,0,19-APR-2021,
OPTSTK,SIEMENS,27-May-2021,1880,CE,0,0,0,174.85,60.4,0,0,0,0,19-APR-2021,
OPTSTK,SIEMENS,27-May-2021,1900,CE,0,0,0,164.95,53.85,0,0,0,0,19-APR-2021,
OPTSTK,SIEMENS,27-May-2021,1920,CE,0,0,0,155.45,47.8,0,0,0,0,19-APR-2021,
OPTSTK,SIEMENS,27-May-2021,1940,CE,0,0,0,146.35,42.35,0,0,0,0,19-APR-2021,
OPTSTK,SIEMENS,27-May-2021,1960,CE,0,0,0,137.7,37.5,0,0,0,0,19-APR-2021,
OPTSTK,SIEMENS,27-May-2021,1980,CE,0,0,0,129.45,33,0,0,0,0,19-APR-2021,
OPTSTK,SIEMENS,27-May-2021,2000,CE,0,0,0,121.55,29,0,0,0,0,19-APR-2021,
OPTSTK,SIEMENS,27-May-2021,2020,CE,0,0,0,114.05,25.4,0,0,0,0,19-APR-2021,
OPTSTK,SIEMENS,27-May-2021,2040,CE,0,0,0,106.9,22.2,0,0,0,0,19-APR-2021,
OPTSTK,SIEMENS,27-May-2021,2060,CE,0,0,0,100.15,19.35,0,0,0,0,19-APR-2021,
OPTSTK,SIEMENS,27-May-2021,2080,CE,0,0,0,93.7,16.8,0,0,0,0,19-APR-2021,
OPTSTK,SIEMENS,27-May-2021,2100,CE,0,0,0,87.6,14.55,0,0,0,0,19-APR-2021,
OPTSTK,SIEMENS,27-May-2021,2120,CE,0,0,0,81.85,12.6,0,0,0,0,19-APR-2021,
OPTSTK,SIEMENS,27-May-2021,2140,CE,0,0,0,76.4,10.85,0,0,0,0,19-APR-2021,
OPTSTK,SIEMENS,27-May-2021,2160,CE,0,0,0,71.4,9.35,0,0,0,0,19-APR-2021,
OPTSTK,SIEMENS,27-May-2021,2180,CE,0,0,0,66.55,8,0,0,0,0,19-APR-2021,
OPTSTK,SIEMENS,27-May-2021,2200,CE,0,0,0,62,6.85,0,0,0,0,19-APR-2021,
OPTSTK,SIEMENS,27-May-2021,2220,CE,0,0,0,57.75,5.85,0,0,0,0,19-APR-2021,
OPTSTK,SIEMENS,27-May-2021,2240,CE,0,0,0,53.7,5,0,0,0,0,19-APR-2021,
OPTSTK,SIEMENS,27-May-2021,2260,CE,0,0,0,49.85,4.25,0,0,0,0,19-APR-2021,
OPTSTK,SIEMENS,27-May-2021,1280,PE,0,0,0,2.3,0.3,0,0,0,0,19-APR-2021,
OPTSTK,SIEMENS,27-May-2021,1300,PE,0,0,0,2.85,0.4,0,0,0,0,19-APR-2021,
OPTSTK,SIEMENS,27-May-2021,1320,PE,0,0,0,3.5,0.6,0,0,0,0,19-APR-2021,
OPTSTK,SIEMENS,27-May-2021,1340,PE,0,0,0,4.3,0.8,0,0,0,0,19-APR-2021,
OPTSTK,SIEMENS,27-May-2021,1360,PE,0,0,0,5.2,1.15,0,0,0,0,19-APR-2021,
OPTSTK,SIEMENS,27-May-2021,1380,PE,0,0,0,6.3,1.55,0,0,0,0,19-APR-2021,
OPTSTK,SIEMENS,27-May-2021,1400,PE,0,0,0,7.5,2.1,0,0,0,0,19-APR-2021,
OPTSTK,SIEMENS,27-May-2021,1420,PE,0,0,0,8.9,2.8,0,0,0,0,19-APR-2021,
OPTSTK,SIEMENS,27-May-2021,1440,PE,0,0,0,10.55,3.65,0,0,0,0,19-APR-2021,
OPTSTK,SIEMENS,27-May-2021,1460,PE,0,0,0,12.35,4.75,0,0,0,0,19-APR-2021,
OPTSTK,SIEMENS,27-May-2021,1480,PE,0,0,0,14.45,6.1,0,0,0,0,19-APR-2021,
OPTSTK,SIEMENS,27-May-2021,1500,PE,0,0,0,16.75,7.75,0,0,0,0,19-APR-2021,
OPTSTK,SIEMENS,27-May-2021,1520,PE,0,0,0,19.35,9.7,0,0,0,0,19-APR-2021,
OPTSTK,SIEMENS,27-May-2021,1540,PE,0,0,0,22.2,12.05,0,0,0,0,19-APR-2021,
OPTSTK,SIEMENS,27-May-2021,1560,PE,0,0,0,25.4,14.8,0,0,0,0,19-APR-2021,
OPTSTK,SIEMENS,27-May-2021,1580,PE,0,0,0,28.9,18,0,0,0,0,19-APR-2021,
OPTSTK,SIEMENS,27-May-2021,1600,PE,0,0,0,32.7,21.75,0,0,0,0,19-APR-2021,
OPTSTK,SIEMENS,27-May-2021,1620,PE,0,0,0,36.9,25.95,0,0,0,0,19-APR-2021,
OPTSTK,SIEMENS,27-May-2021,1640,PE,0,0,0,41.45,30.85,0,0,0,0,19-APR-2021,
OPTSTK,SIEMENS,27-May-2021,1660,PE,0,0,0,46.4,36.25,0,0,0,0,19-APR-2021,
OPTSTK,SIEMENS,27-May-2021,1680,PE,0,0,0,51.7,42.2,0,0,0,0,19-APR-2021,
OPTSTK,SIEMENS,27-May-2021,1700,PE,0,0,0,57.4,48.9,0,0,0,0,19-APR-2021,
OPTSTK,SIEMENS,27-May-2021,1720,PE,0,0,0,63.45,56.3,0,0,0,0,19-APR-2021,
OPTSTK,SIEMENS,27-May-2021,1740,PE,0,0,0,69.9,64.35,0,0,0,0,19-APR-2021,
OPTSTK,SIEMENS,27-May-2021,1760,PE,0,0,0,76.85,73.1,0,0,0,0,19-APR-2021,
OPTSTK,SIEMENS,27-May-2021,1780,PE,0,0,0,84.2,82.55,0,0,0,0,19-APR-2021,
OPTSTK,SIEMENS,27-May-2021,1800,PE,0,0,0,91.95,92.65,0,0,0,0,19-APR-2021,
OPTSTK,SIEMENS,27-May-2021,1820,PE,0,0,0,100.15,103.45,0,0,0,0,19-APR-2021,
OPTSTK,SIEMENS,27-May-2021,1840,PE,0,0,0,108.8,114.9,0,0,0,0,19-APR-2021,
OPTSTK,SIEMENS,27-May-2021,1860,PE,0,0,0,117.85,127.05,0,0,0,0,19-APR-2021,
OPTSTK,SIEMENS,27-May-2021,1880,PE,0,0,0,127.35,139.8,0,0,0,0,19-APR-2021,
OPTSTK,SIEMENS,27-May-2021,1900,PE,0,0,0,137.25,153.1,0,0,0,0,19-APR-2021,
OPTSTK,SIEMENS,27-May-2021,1920,PE,0,0,0,147.6,167.05,0,0,0,0,19-APR-2021,
OPTSTK,SIEMENS,27-May-2021,1940,PE,0,0,0,158.3,181.5,0,0,0,0,19-APR-2021,
OPTSTK,SIEMENS,27-May-2021,1960,PE,0,0,0,169.45,196.6,0,0,0,0,19-APR-2021,
OPTSTK,SIEMENS,27-May-2021,1980,PE,0,0,0,181,212,0,0,0,0,19-APR-2021,
OPTSTK,SIEMENS,27-May-2021,2000,PE,0,0,0,192.95,227.9,0,0,0,0,19-APR-2021,
OPTSTK,SIEMENS,27-May-2021,2020,PE,0,0,0,205.25,244.25,0,0,0,0,19-APR-2021,
OPTSTK,SIEMENS,27-May-2021,2040,PE,0,0,0,217.9,260.95,0,0,0,0,19-APR-2021,
OPTSTK,SIEMENS,27-May-2021,2060,PE,0,0,0,230.95,278,0,0,0,0,19-APR-2021,
OPTSTK,SIEMENS,27-May-2021,2080,PE,0,0,0,244.35,295.4,0,0,0,0,19-APR-2021,
OPTSTK,SIEMENS,27-May-2021,2100,PE,0,0,0,258.1,313.05,0,0,0,0,19-APR-2021,
OPTSTK,SIEMENS,27-May-2021,2120,PE,0,0,0,272.15,331,0,0,0,0,19-APR-2021,
OPTSTK,SIEMENS,27-May-2021,2140,PE,0,0,0,286.5,349.2,0,0,0,0,19-APR-2021,
OPTSTK,SIEMENS,27-May-2021,2160,PE,0,0,0,301.3,367.6,0,0,0,0,19-APR-2021,
OPTSTK,SIEMENS,27-May-2021,2180,PE,0,0,0,316.25,386.2,0,0,0,0,19-APR-2021,
OPTSTK,SIEMENS,27-May-2021,2200,PE,0,0,0,331.55,404.95,0,0,0,0,19-APR-2021,
OPTSTK,SIEMENS,27-May-2021,2220,PE,0,0,0,347.1,423.9,0,0,0,0,19-APR-2021,
OPTSTK,SIEMENS,27-May-2021,2240,PE,0,0,0,362.9,442.95,0,0,0,0,19-APR-2021,
OPTSTK,SIEMENS,27-May-2021,2260,PE,0,0,0,378.85,462.1,0,0,0,0,19-APR-2021,
OPTSTK,SIEMENS,24-Jun-2021,1280,CE,0,0,0,539,524.1,0,0,0,0,19-APR-2021,
OPTSTK,SIEMENS,24-Jun-2021,1300,CE,0,0,0,520.2,504.85,0,0,0,0,19-APR-2021,
OPTSTK,SIEMENS,24-Jun-2021,1320,CE,0,0,0,501.6,485.7,0,0,0,0,19-APR-2021,
OPTSTK,SIEMENS,24-Jun-2021,1340,CE,0,0,0,483.15,466.75,0,0,0,0,19-APR-2021,
OPTSTK,SIEMENS,24-Jun-2021,1360,CE,0,0,0,464.95,447.95,0,0,0,0,19-APR-2021,
OPTSTK,SIEMENS,24-Jun-2021,1380,CE,0,0,0,446.95,429.35,0,0,0,0,19-APR-2021,
OPTSTK,SIEMENS,24-Jun-2021,1400,CE,0,0,0,429.2,410.95,0,0,0,0,19-APR-2021,
OPTSTK,SIEMENS,24-Jun-2021,1420,CE,0,0,0,411.7,392.8,0,0,0,0,19-APR-2021,
OPTSTK,SIEMENS,24-Jun-2021,1440,CE,0,0,0,394.55,374.95,0,0,0,0,19-APR-2021,
OPTSTK,SIEMENS,24-Jun-2021,1460,CE,0,0,0,377.65,357.4,0,0,0,0,19-APR-2021,
OPTSTK,SIEMENS,24-Jun-2021,1480,CE,0,0,0,361.1,340.15,0,0,0,0,19-APR-2021,
OPTSTK,SIEMENS,24-Jun-2021,1500,CE,0,0,0,344.9,323.3,0,0,0,0,19-APR-2021,
OPTSTK,SIEMENS,24-Jun-2021,1520,CE,0,0,0,329.05,306.8,0,0,0,0,19-APR-2021,
OPTSTK,SIEMENS,24-Jun-2021,1540,CE,0,0,0,313.6,290.65,0,0,0,0,19-APR-2021,
OPTSTK,SIEMENS,24-Jun-2021,1560,CE,0,0,0,298.5,274.95,0,0,0,0,19-APR-2021,
OPTSTK,SIEMENS,24-Jun-2021,1580,CE,0,0,0,283.9,259.7,0,0,0,0,19-APR-2021,
OPTSTK,SIEMENS,24-Jun-2021,1600,CE,0,0,0,269.6,245,0,0,0,0,19-APR-2021,
OPTSTK,SIEMENS,24-Jun-2021,1620,CE,0,0,0,255.8,230.65,0,0,0,0,19-APR-2021,
OPTSTK,SIEMENS,24-Jun-2021,1640,CE,0,0,0,242.3,216.75,0,0,0,0,19-APR-2021,
OPTSTK,SIEMENS,24-Jun-2021,1660,CE,0,0,0,229.4,203.45,0,0,0,0,19-APR-2021,
OPTSTK,SIEMENS,24-Jun-2021,1680,CE,0,0,0,216.9,190.6,0,0,0,0,19-APR-2021,
OPTSTK,SIEMENS,24-Jun-2021,1700,CE,0,0,0,204.85,178.35,0,0,0,0,19-APR-2021,
OPTSTK,SIEMENS,24-Jun-2021,1720,CE,0,0,0,193.25,166.6,0,0,0,0,19-APR-2021,
OPTSTK,SIEMENS,24-Jun-2021,1740,CE,0,0,0,182.15,155.35,0,0,0,0,19-APR-2021,
OPTSTK,SIEMENS,24-Jun-2021,1760,CE,0,0,0,171.45,144.65,0,0,0,0,19-APR-2021,
OPTSTK,SIEMENS,24-Jun-2021,1780,CE,0,0,0,161.25,134.5,0,0,0,0,19-APR-2021,
OPTSTK,SIEMENS,24-Jun-2021,1800,CE,0,0,0,151.45,124.8,0,0,0,0,19-APR-2021,
OPTSTK,SIEMENS,24-Jun-2021,1820,CE,0,0,0,142.15,115.7,0,0,0,0,19-APR-2021,
OPTSTK,SIEMENS,24-Jun-2021,1840,CE,0,0,0,133.25,107.05,0,0,0,0,19-APR-2021,
OPTSTK,SIEMENS,24-Jun-2021,1860,CE,0,0,0,124.8,98.9,0,0,0,0,19-APR-2021,
OPTSTK,SIEMENS,24-Jun-2021,1880,CE,0,0,0,116.75,91.25,0,0,0,0,19-APR-2021,
OPTSTK,SIEMENS,24-Jun-2021,1900,CE,0,0,0,109.1,84.05,0,0,0,0,19-APR-2021,
OPTSTK,SIEMENS,24-Jun-2021,1920,CE,0,0,0,101.85,77.3,0,0,0,0,19-APR-2021,
OPTSTK,SIEMENS,24-Jun-2021,1940,CE,0,0,0,95,71,0,0,0,0,19-APR-2021,
OPTSTK,SIEMENS,24-Jun-2021,1960,CE,0,0,0,88.5,65.1,0,0,0,0,19-APR-2021,
OPTSTK,SIEMENS,24-Jun-2021,1980,CE,0,0,0,82.4,59.65,0,0,0,0,19-APR-2021,
OPTSTK,SIEMENS,24-Jun-2021,2000,CE,0,0,0,76.65,54.65,0,0,0,0,19-APR-2021,
OPTSTK,SIEMENS,24-Jun-2021,2020,CE,0,0,0,71.2,49.9,0,0,0,0,19-APR-2021,
OPTSTK,SIEMENS,24-Jun-2021,2040,CE,0,0,0,66.2,45.55,0,0,0,0,19-APR-2021,
OPTSTK,SIEMENS,24-Jun-2021,2060,CE,0,0,0,61.45,41.45,0,0,0,0,19-APR-2021,
OPTSTK,SIEMENS,24-Jun-2021,2080,CE,0,0,0,56.95,37.7,0,0,0,0,19-APR-2021,
OPTSTK,SIEMENS,24-Jun-2021,2100,CE,0,0,0,52.75,34.25,0,0,0,0,19-APR-2021,
OPTSTK,SIEMENS,24-Jun-2021,2120,CE,0,0,0,48.75,31.1,0,0,0,0,19-APR-2021,
OPTSTK,SIEMENS,24-Jun-2021,2140,CE,0,0,0,45.1,28.2,0,0,0,0,19-APR-2021,
OPTSTK,SIEMENS,24-Jun-2021,2160,CE,0,0,0,41.65,25.55,0,0,0,0,19-APR-2021,
OPTSTK,SIEMENS,24-Jun-2021,2180,CE,0,0,0,38.45,23.1,0,0,0,0,19-APR-2021,
OPTSTK,SIEMENS,24-Jun-2021,2200,CE,0,0,0,35.45,20.85,0,0,0,0,19-APR-2021,
OPTSTK,SIEMENS,24-Jun-2021,2220,CE,0,0,0,32.7,18.8,0,0,0,0,19-APR-2021,
OPTSTK,SIEMENS,24-Jun-2021,2240,CE,0,0,0,30.1,16.95,0,0,0,0,19-APR-2021,
OPTSTK,SIEMENS,24-Jun-2021,2260,CE,0,0,0,27.7,15.25,0,0,0,0,19-APR-2021,
OPTSTK,SIEMENS,24-Jun-2021,1280,PE,0,0,0,4.6,2.15,0,0,0,0,19-APR-2021,
OPTSTK,SIEMENS,24-Jun-2021,1300,PE,0,0,0,5.6,2.75,0,0,0,0,19-APR-2021,
OPTSTK,SIEMENS,24-Jun-2021,1320,PE,0,0,0,6.8,3.5,0,0,0,0,19-APR-2021,
OPTSTK,SIEMENS,24-Jun-2021,1340,PE,0,0,0,8.2,4.4,0,0,0,0,19-APR-2021,
OPTSTK,SIEMENS,24-Jun-2021,1360,PE,0,0,0,9.8,5.45,0,0,0,0,19-APR-2021,
OPTSTK,SIEMENS,24-Jun-2021,1380,PE,0,0,0,11.6,6.7,0,0,0,0,19-APR-2021,
OPTSTK,SIEMENS,24-Jun-2021,1400,PE,0,0,0,13.65,8.2,0,0,0,0,19-APR-2021,
OPTSTK,SIEMENS,24-Jun-2021,1420,PE,0,0,0,16,9.95,0,0,0,0,19-APR-2021,
OPTSTK,SIEMENS,24-Jun-2021,1440,PE,0,0,0,18.65,11.95,0,0,0,0,19-APR-2021,
OPTSTK,SIEMENS,24-Jun-2021,1460,PE,0,0,0,21.55,14.25,0,0,0,0,19-APR-2021,
OPTSTK,SIEMENS,24-Jun-2021,1480,PE,0,0,0,24.85,16.85,0,0,0,0,19-APR-2021,
OPTSTK,SIEMENS,24-Jun-2021,1500,PE,0,0,0,28.45,19.85,0,0,0,0,19-APR-2021,
OPTSTK,SIEMENS,24-Jun-2021,1520,PE,0,0,0,32.4,23.2,0,0,0,0,19-APR-2021,
OPTSTK,SIEMENS,24-Jun-2021,1540,PE,0,0,0,36.75,26.95,0,0,0,0,19-APR-2021,
OPTSTK,SIEMENS,24-Jun-2021,1560,PE,0,0,0,41.5,31.15,0,0,0,0,19-APR-2021,
OPTSTK,SIEMENS,24-Jun-2021,1580,PE,0,0,0,46.7,35.75,0,0,0,0,19-APR-2021,
OPTSTK,SIEMENS,24-Jun-2021,1600,PE,0,0,0,52.25,40.85,0,0,0,0,19-APR-2021,
OPTSTK,SIEMENS,24-Jun-2021,1620,PE,0,0,0,58.2,46.4,0,0,0,0,19-APR-2021,
OPTSTK,SIEMENS,24-Jun-2021,1640,PE,0,0,0,64.55,52.35,0,0,0,0,19-APR-2021,
OPTSTK,SIEMENS,24-Jun-2021,1660,PE,0,0,0,71.45,58.9,0,0,0,0,19-APR-2021,
OPTSTK,SIEMENS,24-Jun-2021,1680,PE,0,0,0,78.75,65.95,0,0,0,0,19-APR-2021,
OPTSTK,SIEMENS,24-Jun-2021,1700,PE,0,0,0,86.55,73.55,0,0,0,0,19-APR-2021,
OPTSTK,SIEMENS,24-Jun-2021,1720,PE,0,0,0,94.75,81.65,0,0,0,0,19-APR-2021,
OPTSTK,SIEMENS,24-Jun-2021,1740,PE,0,0,0,103.45,90.3,0,0,0,0,19-APR-2021,
OPTSTK,SIEMENS,24-Jun-2021,1760,PE,0,0,0,112.6,99.45,0,0,0,0,19-APR-2021,
OPTSTK,SIEMENS,24-Jun-2021,1780,PE,0,0,0,122.2,109.15,0,0,0,0,19-APR-2021,
OPTSTK,SIEMENS,24-Jun-2021,1800,PE,0,0,0,132.2,119.35,0,0,0,0,19-APR-2021,
OPTSTK,SIEMENS,24-Jun-2021,1820,PE,0,0,0,142.7,130.1,0,0,0,0,19-APR-2021,
OPTSTK,SIEMENS,24-Jun-2021,1840,PE,0,0,0,153.6,141.3,0,0,0,0,19-APR-2021,
OPTSTK,SIEMENS,24-Jun-2021,1860,PE,0,0,0,164.95,153.05,0,0,0,0,19-APR-2021,
OPTSTK,SIEMENS,24-Jun-2021,1880,PE,0,0,0,176.75,165.25,0,0,0,0,19-APR-2021,
OPTSTK,SIEMENS,24-Jun-2021,1900,PE,0,0,0,188.9,177.9,0,0,0,0,19-APR-2021,
OPTSTK,SIEMENS,24-Jun-2021,1920,PE,0,0,0,201.5,191.05,0,0,0,0,19-APR-2021,
OPTSTK,SIEMENS,24-Jun-2021,1940,PE,0,0,0,214.45,204.6,0,0,0,0,19-APR-2021,
OPTSTK,SIEMENS,24-Jun-2021,1960,PE,0,0,0,227.8,218.6,0,0,0,0,19-APR-2021,
OPTSTK,SIEMENS,24-Jun-2021,1980,PE,0,0,0,241.5,232.95,0,0,0,0,19-APR-2021,
OPTSTK,SIEMENS,24-Jun-2021,2000,PE,0,0,0,255.55,247.8,0,0,0,0,19-APR-2021,
OPTSTK,SIEMENS,24-Jun-2021,2020,PE,0,0,0,269.9,262.95,0,0,0,0,19-APR-2021,
OPTSTK,SIEMENS,24-Jun-2021,2040,PE,0,0,0,284.7,278.5,0,0,0,0,19-APR-2021,
OPTSTK,SIEMENS,24-Jun-2021,2060,PE,0,0,0,299.75,294.25,0,0,0,0,19-APR-2021,
OPTSTK,SIEMENS,24-Jun-2021,2080,PE,0,0,0,315.1,310.35,0,0,0,0,19-APR-2021,
OPTSTK,SIEMENS,24-Jun-2021,2100,PE,0,0,0,330.7,326.8,0,0,0,0,19-APR-2021,
OPTSTK,SIEMENS,24-Jun-2021,2120,PE,0,0,0,346.55,343.5,0,0,0,0,19-APR-2021,
OPTSTK,SIEMENS,24-Jun-2021,2140,PE,0,0,0,362.65,360.45,0,0,0,0,19-APR-2021,
OPTSTK,SIEMENS,24-Jun-2021,2160,PE,0,0,0,379.05,377.65,0,0,0,0,19-APR-2021,
OPTSTK,SIEMENS,24-Jun-2021,2180,PE,0,0,0,395.65,395.05,0,0,0,0,19-APR-2021,
OPTSTK,SIEMENS,24-Jun-2021,2200,PE,0,0,0,412.5,412.7,0,0,0,0,19-APR-2021,
OPTSTK,SIEMENS,24-Jun-2021,2220,PE,0,0,0,429.55,430.5,0,0,0,0,19-APR-2021,
OPTSTK,SIEMENS,24-Jun-2021,2240,PE,0,0,0,446.75,448.5,0,0,0,0,19-APR-2021,
OPTSTK,SIEMENS,24-Jun-2021,2260,PE,0,0,0,464.2,466.7,0,0,0,0,19-APR-2021,
OPTSTK,SRF,29-Apr-2021,3550,CE,0,0,0,1871.2,2689.55,0,0,0,0,19-APR-2021,
OPTSTK,SRF,29-Apr-2021,3600,CE,0,0,0,1824.5,2639.6,0,0,0,0,19-APR-2021,
OPTSTK,SRF,29-Apr-2021,3650,CE,0,0,0,1778.1,2589.65,0,0,0,0,19-APR-2021,
OPTSTK,SRF,29-Apr-2021,3700,CE,0,0,0,1732.1,2539.7,0,0,0,0,19-APR-2021,
OPTSTK,SRF,29-Apr-2021,3750,CE,0,0,0,1686.45,2489.75,0,0,0,0,19-APR-2021,
OPTSTK,SRF,29-Apr-2021,3800,CE,0,0,0,1641.2,2439.8,0,0,0,0,19-APR-2021,
OPTSTK,SRF,29-Apr-2021,3850,CE,0,0,0,1596.45,2389.85,0,0,0,0,19-APR-2021,
OPTSTK,SRF,29-Apr-2021,3900,CE,0,0,0,1552.1,2339.9,0,0,0,0,19-APR-2021,
OPTSTK,SRF,29-Apr-2021,3950,CE,0,0,0,1508.25,2289.95,0,0,0,0,19-APR-2021,
OPTSTK,SRF,29-Apr-2021,4000,CE,0,0,0,1464.95,2240,0,0,0,0,19-APR-2021,
OPTSTK,SRF,29-Apr-2021,4050,CE,0,0,0,1422.15,2190.05,0,0,0,0,19-APR-2021,
OPTSTK,SRF,29-Apr-2021,4100,CE,0,0,0,1379.95,2140.1,0,0,0,0,19-APR-2021,
OPTSTK,SRF,29-Apr-2021,4150,CE,0,0,0,1338.3,2090.15,0,0,0,0,19-APR-2021,
OPTSTK,SRF,29-Apr-2021,4200,CE,0,0,0,1297.25,2040.2,0,0,0,0,19-APR-2021,
OPTSTK,SRF,29-Apr-2021,4250,CE,0,0,0,1256.85,1990.25,0,0,0,0,19-APR-2021,
OPTSTK,SRF,29-Apr-2021,4300,CE,0,0,0,1217.1,1940.3,0,0,0,0,19-APR-2021,
OPTSTK,SRF,29-Apr-2021,4350,CE,0,0,0,1178,1890.35,0,0,0,0,19-APR-2021,
OPTSTK,SRF,29-Apr-2021,4400,CE,0,0,0,1139.6,1840.4,0,0,0,0,19-APR-2021,
OPTSTK,SRF,29-Apr-2021,4450,CE,0,0,0,1101.9,1790.45,0,0,0,0,19-APR-2021,
OPTSTK,SRF,29-Apr-2021,4500,CE,0,0,0,1065.05,1740.5,0,0,0,0,19-APR-2021,
OPTSTK,SRF,29-Apr-2021,4550,CE,0,0,0,1028.8,1690.55,0,0,0,0,19-APR-2021,
OPTSTK,SRF,29-Apr-2021,4600,CE,0,0,0,993.25,1640.6,0,0,0,0,19-APR-2021,
OPTSTK,SRF,29-Apr-2021,4650,CE,0,0,0,958.45,1590.65,0,0,0,0,19-APR-2021,
OPTSTK,SRF,29-Apr-2021,4700,CE,0,0,0,924.45,1540.7,0,0,0,0,19-APR-2021,
OPTSTK,SRF,29-Apr-2021,4750,CE,0,0,0,891.2,1490.75,0,0,0,0,19-APR-2021,
OPTSTK,SRF,29-Apr-2021,4800,CE,0,0,0,858.55,1440.85,0,0,0,0,19-APR-2021,
OPTSTK,SRF,29-Apr-2021,4850,CE,0,0,0,826.9,1390.9,0,0,0,0,19-APR-2021,
OPTSTK,SRF,29-Apr-2021,4900,CE,0,0,0,796.05,1341,0,0,0,0,19-APR-2021,
OPTSTK,SRF,29-Apr-2021,4950,CE,0,0,0,765.95,1291.1,0,0,0,0,19-APR-2021,
OPTSTK,SRF,29-Apr-2021,5000,CE,0,0,0,736.7,1241.25,0,0,0,0,19-APR-2021,
OPTSTK,SRF,29-Apr-2021,5050,CE,0,0,0,708.25,1191.45,0,0,0,0,19-APR-2021,
OPTSTK,SRF,29-Apr-2021,5100,CE,0,0,0,325,1141.7,0,0,250,0,19-APR-2021,
OPTSTK,SRF,29-Apr-2021,5150,CE,0,0,0,653.65,1092.1,0,0,0,0,19-APR-2021,
OPTSTK,SRF,29-Apr-2021,5200,CE,0,0,0,627.55,1042.55,0,0,0,0,19-APR-2021,
OPTSTK,SRF,29-Apr-2021,5250,CE,0,0,0,602.2,993.2,0,0,0,0,19-APR-2021,
OPTSTK,SRF,29-Apr-2021,5300,CE,0,0,0,805.15,944.1,0,0,1750,0,19-APR-2021,
OPTSTK,SRF,29-Apr-2021,5350,CE,0,0,0,500,895.25,0,0,1125,0,19-APR-2021,
OPTSTK,SRF,29-Apr-2021,5400,CE,840,840,840,840,840,1,7.8,8375,0,19-APR-2021,
OPTSTK,SRF,29-Apr-2021,5450,CE,0,0,0,388.25,798.8,0,0,2000,0,19-APR-2021,
OPTSTK,SRF,29-Apr-2021,5500,CE,640,750,625,750,751.3,3,23.14,3500,0,19-APR-2021,
OPTSTK,SRF,29-Apr-2021,5550,CE,0,0,0,700,704.5,0,0,1125,0,19-APR-2021,
OPTSTK,SRF,29-Apr-2021,5600,CE,0,0,0,580,658.45,0,0,1625,0,19-APR-2021,
OPTSTK,SRF,29-Apr-2021,5650,CE,0,0,0,426.5,613.3,0,0,0,0,19-APR-2021,
OPTSTK,SRF,29-Apr-2021,5700,CE,505,505,505,505,569.25,1,7.75,7000,0,19-APR-2021,
OPTSTK,SRF,29-Apr-2021,5750,CE,0,0,0,371.4,526.35,0,0,250,0,19-APR-2021,
OPTSTK,SRF,29-Apr-2021,5800,CE,375,480,363.55,480,484.75,4,31.11,7625,-250,19-APR-2021,
OPTSTK,SRF,29-Apr-2021,5850,CE,0,0,0,355.5,444.65,0,0,0,0,19-APR-2021,
OPTSTK,SRF,29-Apr-2021,5900,CE,0,0,0,225.65,406.1,0,0,2000,0,19-APR-2021,
OPTSTK,SRF,29-Apr-2021,5950,CE,313.05,369.5,313.05,369.5,369.5,2,15.72,125,-250,19-APR-2021,
OPTSTK,SRF,29-Apr-2021,6000,CE,175,330,123.75,315.05,315.05,78,608.97,17250,375,19-APR-2021,
OPTSTK,SRF,29-Apr-2021,6050,CE,190,240.15,175,240.15,301.15,5,39.04,750,250,19-APR-2021,
OPTSTK,SRF,29-Apr-2021,6100,CE,108,256.55,108,250.2,250.2,118,925.96,7250,-1250,19-APR-2021,
OPTSTK,SRF,29-Apr-2021,6150,CE,88.65,220.1,88.65,201.85,241.05,36,284.97,1000,0,19-APR-2021,
OPTSTK,SRF,29-Apr-2021,6200,CE,131,201,73,193.7,193.7,1246,9916.02,18375,750,19-APR-2021,
OPTSTK,SRF,29-Apr-2021,6250,CE,68.65,176.55,50.95,168.85,168.85,132,1056.07,3500,2125,19-APR-2021,
OPTSTK,SRF,29-Apr-2021,6300,CE,63.15,154.65,50.55,146.55,146.55,783,6295.49,25250,10875,19-APR-2021,
OPTSTK,SRF,29-Apr-2021,6350,CE,64.3,134.95,64.3,123.85,145.4,7,56.6,1875,125,19-APR-2021,
OPTSTK,SRF,29-Apr-2021,6400,CE,39,115,39,106.95,106.95,432,3510.12,13625,2625,19-APR-2021,
OPTSTK,SRF,29-Apr-2021,6450,CE,0,0,0,199.5,109.5,0,0,0,0,19-APR-2021,
OPTSTK,SRF,29-Apr-2021,6500,CE,50,89,28,79.2,79.2,1000,8214.36,29875,5250,19-APR-2021,
OPTSTK,SRF,29-Apr-2021,6550,CE,0,0,0,122.9,80.75,0,0,0,0,19-APR-2021,
OPTSTK,SRF,29-Apr-2021,6600,CE,32,67.5,30.05,56.95,56.95,65,540.4,5875,-125,19-APR-2021,
OPTSTK,SRF,29-Apr-2021,6650,CE,0,0,0,162.7,58.4,0,0,0,0,19-APR-2021,
OPTSTK,SRF,29-Apr-2021,6700,CE,11.25,51.3,11.25,42.35,42.35,411,3459,9625,-1375,19-APR-2021,
OPTSTK,SRF,29-Apr-2021,6750,CE,0,0,0,146.75,41.3,0,0,0,0,19-APR-2021,
OPTSTK,SRF,29-Apr-2021,6800,CE,1.25,36,1.25,32.1,32.1,50,426.7,5125,-625,19-APR-2021,
OPTSTK,SRF,29-Apr-2021,6850,CE,0,0,0,132.25,28.6,0,0,0,0,19-APR-2021,
OPTSTK,SRF,29-Apr-2021,6900,CE,0,0,0,10.1,23.65,0,0,2125,0,19-APR-2021,
OPTSTK,SRF,29-Apr-2021,6950,CE,0,0,0,119.05,19.4,0,0,0,0,19-APR-2021,
OPTSTK,SRF,29-Apr-2021,7000,CE,11.95,25,10,19.3,19.3,83,728.06,17875,1125,19-APR-2021,
OPTSTK,SRF,29-Apr-2021,7100,CE,0,0,0,101.45,10.45,0,0,0,0,19-APR-2021,
OPTSTK,SRF,29-Apr-2021,7200,CE,0,0,0,91.1,6.75,0,0,0,0,19-APR-2021,
OPTSTK,SRF,29-Apr-2021,7300,CE,0,0,0,81.75,4.25,0,0,0,0,19-APR-2021,
OPTSTK,SRF,29-Apr-2021,7400,CE,0,0,0,81.05,2.65,0,0,0,0,19-APR-2021,
OPTSTK,SRF,29-Apr-2021,3550,PE,0,0,0,17.8,0,0,0,0,0,19-APR-2021,
OPTSTK,SRF,29-Apr-2021,3600,PE,0,0,0,20.6,0,0,0,0,0,19-APR-2021,
OPTSTK,SRF,29-Apr-2021,3650,PE,0,0,0,23.75,0,0,0,0,0,19-APR-2021,
OPTSTK,SRF,29-Apr-2021,3700,PE,0,0,0,27.3,0,0,0,0,0,19-APR-2021,
OPTSTK,SRF,29-Apr-2021,3750,PE,0,0,0,31.2,0,0,0,0,0,19-APR-2021,
OPTSTK,SRF,29-Apr-2021,3800,PE,0,0,0,35.5,0,0,0,0,0,19-APR-2021,
OPTSTK,SRF,29-Apr-2021,3850,PE,0,0,0,40.25,0,0,0,0,0,19-APR-2021,
OPTSTK,SRF,29-Apr-2021,3900,PE,0,0,0,45.45,0,0,0,0,0,19-APR-2021,
OPTSTK,SRF,29-Apr-2021,3950,PE,0,0,0,51.15,0,0,0,0,0,19-APR-2021,
OPTSTK,SRF,29-Apr-2021,4000,PE,0,0,0,57.35,0,0,0,0,0,19-APR-2021,
OPTSTK,SRF,29-Apr-2021,4050,PE,0,0,0,64.1,0,0,0,0,0,19-APR-2021,
OPTSTK,SRF,29-Apr-2021,4100,PE,0,0,0,71.45,0,0,0,0,0,19-APR-2021,
OPTSTK,SRF,29-Apr-2021,4150,PE,0,0,0,79.35,0,0,0,0,0,19-APR-2021,
OPTSTK,SRF,29-Apr-2021,4200,PE,0,0,0,87.85,0,0,0,0,0,19-APR-2021,
OPTSTK,SRF,29-Apr-2021,4250,PE,0,0,0,96.95,0,0,0,0,0,19-APR-2021,
OPTSTK,SRF,29-Apr-2021,4300,PE,0,0,0,106.75,0,0,0,0,0,19-APR-2021,
OPTSTK,SRF,29-Apr-2021,4350,PE,0,0,0,117.2,0,0,0,0,0,19-APR-2021,
OPTSTK,SRF,29-Apr-2021,4400,PE,0,0,0,128.3,0,0,0,0,0,19-APR-2021,
OPTSTK,SRF,29-Apr-2021,4450,PE,0,0,0,140.15,0,0,0,0,0,19-APR-2021,
OPTSTK,SRF,29-Apr-2021,4500,PE,0,0,0,152.85,0,0,0,0,0,19-APR-2021,
OPTSTK,SRF,29-Apr-2021,4550,PE,0,0,0,166.1,0,0,0,0,0,19-APR-2021,
OPTSTK,SRF,29-Apr-2021,4600,PE,0,0,0,180.1,0,0,0,0,0,19-APR-2021,
OPTSTK,SRF,29-Apr-2021,4650,PE,0,0,0,194.85,0.05,0,0,0,0,19-APR-2021,
OPTSTK,SRF,29-Apr-2021,4700,PE,0,0,0,210.35,0.05,0,0,0,0,19-APR-2021,
OPTSTK,SRF,29-Apr-2021,4750,PE,0,0,0,226.65,0.05,0,0,0,0,19-APR-2021,
OPTSTK,SRF,29-Apr-2021,4800,PE,0,0,0,5.1,0.05,0,0,500,0,19-APR-2021,
OPTSTK,SRF,29-Apr-2021,4850,PE,0,0,0,261.45,0.1,0,0,0,0,19-APR-2021,
OPTSTK,SRF,29-Apr-2021,4900,PE,0,0,0,280.15,0.15,0,0,0,0,19-APR-2021,
OPTSTK,SRF,29-Apr-2021,4950,PE,0,0,0,299.6,0.2,0,0,0,0,19-APR-2021,
OPTSTK,SRF,29-Apr-2021,5000,PE,4,5.85,3.25,3.25,0.3,5,31.27,6875,-125,19-APR-2021,
OPTSTK,SRF,29-Apr-2021,5050,PE,0,0,0,340.95,0.45,0,0,0,0,19-APR-2021,
OPTSTK,SRF,29-Apr-2021,5100,PE,0,0,0,362.8,0.65,0,0,0,0,19-APR-2021,
OPTSTK,SRF,29-Apr-2021,5150,PE,0,0,0,385.4,0.95,0,0,0,0,19-APR-2021,
OPTSTK,SRF,29-Apr-2021,5200,PE,19.85,19.85,7.85,7.85,7.85,5,32.56,3250,-250,19-APR-2021,
OPTSTK,SRF,29-Apr-2021,5250,PE,0,0,0,26.6,2,0,0,125,0,19-APR-2021,
OPTSTK,SRF,29-Apr-2021,5300,PE,0,0,0,12.9,2.85,0,0,11000,0,19-APR-2021,
OPTSTK,SRF,29-Apr-2021,5350,PE,0,0,0,21.45,3.95,0,0,375,0,19-APR-2021,
OPTSTK,SRF,29-Apr-2021,5400,PE,8.1,8.35,8.1,8.35,8.35,2,13.52,10500,125,19-APR-2021,
OPTSTK,SRF,29-Apr-2021,5450,PE,0,0,0,224.45,7.35,0,0,0,0,19-APR-2021,
OPTSTK,SRF,29-Apr-2021,5500,PE,20,21.35,13.5,16.5,16.5,56,386.25,7500,1500,19-APR-2021,
OPTSTK,SRF,29-Apr-2021,5550,PE,0,0,0,594.1,12.95,0,0,0,0,19-APR-2021,
OPTSTK,SRF,29-Apr-2021,5600,PE,28.05,28.35,18.05,21.8,21.8,45,316.38,7250,0,19-APR-2021,
OPTSTK,SRF,29-Apr-2021,5650,PE,0,0,0,653.65,21.7,0,0,0,0,19-APR-2021,
OPTSTK,SRF,29-Apr-2021,5700,PE,49.9,69.85,28.5,29.3,27.55,15,107.57,8375,-625,19-APR-2021,
OPTSTK,SRF,29-Apr-2021,5750,PE,0,0,0,40,34.6,0,0,375,0,19-APR-2021,
OPTSTK,SRF,29-Apr-2021,5800,PE,70,82.9,39,42.05,42.05,184,1346.69,16000,250,19-APR-2021,
OPTSTK,SRF,29-Apr-2021,5850,PE,50.25,50.25,48.6,48.85,52.8,3,22.12,1375,-375,19-APR-2021,
OPTSTK,SRF,29-Apr-2021,5900,PE,85.65,93,55,57.1,57.1,37,276.2,4125,-375,19-APR-2021,
OPTSTK,SRF,29-Apr-2021,5950,PE,0,0,0,91.4,77.3,0,0,1125,0,19-APR-2021,
OPTSTK,SRF,29-Apr-2021,6000,PE,163.15,164,75.2,78.45,78.45,295,2249.38,19000,5625,19-APR-2021,
OPTSTK,SRF,29-Apr-2021,6050,PE,154.9,173.25,90.6,92.35,92.35,14,107.94,1375,125,19-APR-2021,
OPTSTK,SRF,29-Apr-2021,6100,PE,181.7,200.3,103.05,107.8,107.8,61,475.55,4625,500,19-APR-2021,
OPTSTK,SRF,29-Apr-2021,6150,PE,0,0,0,201.95,148.95,0,0,1375,0,19-APR-2021,
OPTSTK,SRF,29-Apr-2021,6200,PE,240.25,240.25,140,145,145,13,103.47,4875,125,19-APR-2021,
OPTSTK,SRF,29-Apr-2021,6250,PE,0,0,0,340.9,196.9,0,0,375,0,19-APR-2021,
OPTSTK,SRF,29-Apr-2021,6300,PE,296.55,296.55,193,195.7,195.7,4,32.6,750,250,19-APR-2021,
OPTSTK,SRF,29-Apr-2021,6350,PE,0,0,0,1141,253.1,0,0,0,0,19-APR-2021,
OPTSTK,SRF,29-Apr-2021,6400,PE,0,0,0,1179.9,284.15,0,0,0,0,19-APR-2021,
OPTSTK,SRF,29-Apr-2021,6450,PE,0,0,0,1219.25,317.1,0,0,0,0,19-APR-2021,
OPTSTK,SRF,29-Apr-2021,6500,PE,0,0,0,503.55,351.85,0,0,125,0,19-APR-2021,
OPTSTK,SRF,29-Apr-2021,6550,PE,0,0,0,1299.25,388.25,0,0,0,0,19-APR-2021,
OPTSTK,SRF,29-Apr-2021,6600,PE,0,0,0,509.2,426.35,0,0,125,0,19-APR-2021,
OPTSTK,SRF,29-Apr-2021,6650,PE,0,0,0,1380.6,465.8,0,0,0,0,19-APR-2021,
OPTSTK,SRF,29-Apr-2021,6700,PE,0,0,0,1422,506.6,0,0,0,0,19-APR-2021,
OPTSTK,SRF,29-Apr-2021,6750,PE,0,0,0,1463.75,548.6,0,0,0,0,19-APR-2021,
OPTSTK,SRF,29-Apr-2021,6800,PE,0,0,0,1505.85,591.7,0,0,0,0,19-APR-2021,
OPTSTK,SRF,29-Apr-2021,6850,PE,0,0,0,1548.3,635.8,0,0,0,0,19-APR-2021,
OPTSTK,SRF,29-Apr-2021,6900,PE,0,0,0,1591.05,680.75,0,0,0,0,19-APR-2021,
OPTSTK,SRF,29-Apr-2021,6950,PE,0,0,0,1634.15,726.5,0,0,0,0,19-APR-2021,
OPTSTK,SRF,29-Apr-2021,7000,PE,0,0,0,1677.55,772.9,0,0,0,0,19-APR-2021,
OPTSTK,SRF,29-Apr-2021,7100,PE,0,0,0,1765.2,867.4,0,0,0,0,19-APR-2021,
OPTSTK,SRF,29-Apr-2021,7200,PE,0,0,0,1853.9,963.55,0,0,0,0,19-APR-2021,
OPTSTK,SRF,29-Apr-2021,7300,PE,0,0,0,1943.6,1061,0,0,0,0,19-APR-2021,
OPTSTK,SRF,29-Apr-2021,7400,PE,0,0,0,1924.4,1159.3,0,0,0,0,19-APR-2021,
OPTSTK,SRF,27-May-2021,3550,CE,0,0,0,2034.7,2699.85,0,0,0,0,19-APR-2021,
OPTSTK,SRF,27-May-2021,3600,CE,0,0,0,1987.1,2650.05,0,0,0,0,19-APR-2021,
OPTSTK,SRF,27-May-2021,3650,CE,0,0,0,1939.75,2600.25,0,0,0,0,19-APR-2021,
OPTSTK,SRF,27-May-2021,3700,CE,0,0,0,1892.7,2550.5,0,0,0,0,19-APR-2021,
OPTSTK,SRF,27-May-2021,3750,CE,0,0,0,1845.95,2500.7,0,0,0,0,19-APR-2021,
OPTSTK,SRF,27-May-2021,3800,CE,0,0,0,1799.55,2450.9,0,0,0,0,19-APR-2021,
OPTSTK,SRF,27-May-2021,3850,CE,0,0,0,1753.5,2401.15,0,0,0,0,19-APR-2021,
OPTSTK,SRF,27-May-2021,3900,CE,0,0,0,1707.8,2351.4,0,0,0,0,19-APR-2021,
OPTSTK,SRF,27-May-2021,3950,CE,0,0,0,1662.5,2301.65,0,0,0,0,19-APR-2021,
OPTSTK,SRF,27-May-2021,4000,CE,0,0,0,1617.65,2251.95,0,0,0,0,19-APR-2021,
OPTSTK,SRF,27-May-2021,4050,CE,0,0,0,1573.25,2202.25,0,0,0,0,19-APR-2021,
OPTSTK,SRF,27-May-2021,4100,CE,0,0,0,1529.3,2152.6,0,0,0,0,19-APR-2021,
OPTSTK,SRF,27-May-2021,4150,CE,0,0,0,1485.85,2102.95,0,0,0,0,19-APR-2021,
OPTSTK,SRF,27-May-2021,4200,CE,0,0,0,1442.95,2053.4,0,0,0,0,19-APR-2021,
OPTSTK,SRF,27-May-2021,4250,CE,0,0,0,1400.6,2003.85,0,0,0,0,19-APR-2021,
OPTSTK,SRF,27-May-2021,4300,CE,0,0,0,1358.8,1954.4,0,0,0,0,19-APR-2021,
OPTSTK,SRF,27-May-2021,4350,CE,0,0,0,1317.6,1905.05,0,0,0,0,19-APR-2021,
OPTSTK,SRF,27-May-2021,4400,CE,0,0,0,1277.05,1855.8,0,0,0,0,19-APR-2021,
OPTSTK,SRF,27-May-2021,4450,CE,0,0,0,1237.1,1806.65,0,0,0,0,19-APR-2021,
OPTSTK,SRF,27-May-2021,4500,CE,0,0,0,1197.8,1757.65,0,0,0,0,19-APR-2021,
OPTSTK,SRF,27-May-2021,4550,CE,0,0,0,1159.15,1708.8,0,0,0,0,19-APR-2021,
OPTSTK,SRF,27-May-2021,4600,CE,0,0,0,1121.25,1660.15,0,0,0,0,19-APR-2021,
OPTSTK,SRF,27-May-2021,4650,CE,0,0,0,1084.2,1611.7,0,0,0,0,19-APR-2021,
OPTSTK,SRF,27-May-2021,4700,CE,0,0,0,1047.65,1563.45,0,0,0,0,19-APR-2021,
OPTSTK,SRF,27-May-2021,4750,CE,0,0,0,1011.8,1515.5,0,0,0,0,19-APR-2021,
OPTSTK,SRF,27-May-2021,4800,CE,0,0,0,976.75,1467.85,0,0,0,0,19-APR-2021,
OPTSTK,SRF,27-May-2021,4850,CE,0,0,0,942.45,1420.55,0,0,0,0,19-APR-2021,
OPTSTK,SRF,27-May-2021,4900,CE,0,0,0,908.9,1373.6,0,0,0,0,19-APR-2021,
OPTSTK,SRF,27-May-2021,4950,CE,0,0,0,875.9,1327.1,0,0,0,0,19-APR-2021,
OPTSTK,SRF,27-May-2021,5000,CE,0,0,0,843.95,1281,0,0,0,0,19-APR-2021,
OPTSTK,SRF,27-May-2021,5050,CE,0,0,0,812.75,1235.4,0,0,0,0,19-APR-2021,
OPTSTK,SRF,27-May-2021,5100,CE,0,0,0,782.35,1190.3,0,0,0,0,19-APR-2021,
OPTSTK,SRF,27-May-2021,5150,CE,0,0,0,752.75,1145.8,0,0,0,0,19-APR-2021,
OPTSTK,SRF,27-May-2021,5200,CE,0,0,0,723.9,1101.9,0,0,0,0,19-APR-2021,
OPTSTK,SRF,27-May-2021,5250,CE,0,0,0,695.85,1058.65,0,0,0,0,19-APR-2021,
OPTSTK,SRF,27-May-2021,5300,CE,0,0,0,668.6,1016.05,0,0,0,0,19-APR-2021,
OPTSTK,SRF,27-May-2021,5350,CE,0,0,0,642.1,974.25,0,0,0,0,19-APR-2021,
OPTSTK,SRF,27-May-2021,5400,CE,0,0,0,300,933.15,0,0,500,0,19-APR-2021,
OPTSTK,SRF,27-May-2021,5450,CE,0,0,0,591.4,892.9,0,0,0,0,19-APR-2021,
OPTSTK,SRF,27-May-2021,5500,CE,0,0,0,250,853.5,0,0,125,0,19-APR-2021,
OPTSTK,SRF,27-May-2021,5550,CE,0,0,0,543.8,814.95,0,0,0,0,19-APR-2021,
OPTSTK,SRF,27-May-2021,5600,CE,0,0,0,275,777.55,0,0,250,0,19-APR-2021,
OPTSTK,SRF,27-May-2021,5650,CE,0,0,0,499.2,740.8,0,0,0,0,19-APR-2021,
OPTSTK,SRF,27-May-2021,5700,CE,0,0,0,489.75,705.05,0,0,250,0,19-APR-2021,
OPTSTK,SRF,27-May-2021,5750,CE,0,0,0,457.45,670.05,0,0,0,0,19-APR-2021,
OPTSTK,SRF,27-May-2021,5800,CE,0,0,0,460,636.35,0,0,0,0,19-APR-2021,
OPTSTK,SRF,27-May-2021,5850,CE,0,0,0,418.55,603.7,0,0,0,0,19-APR-2021,
OPTSTK,SRF,27-May-2021,5900,CE,0,0,0,400.1,572.05,0,0,0,0,19-APR-2021,
OPTSTK,SRF,27-May-2021,5950,CE,0,0,0,382.35,541.5,0,0,0,0,19-APR-2021,
OPTSTK,SRF,27-May-2021,6000,CE,0,0,0,495,512,0,0,750,0,19-APR-2021,
OPTSTK,SRF,27-May-2021,6050,CE,0,0,0,348.75,483.6,0,0,0,0,19-APR-2021,
OPTSTK,SRF,27-May-2021,6100,CE,0,0,0,332.9,456.25,0,0,0,0,19-APR-2021,
OPTSTK,SRF,27-May-2021,6150,CE,0,0,0,317.6,430,0,0,0,0,19-APR-2021,
OPTSTK,SRF,27-May-2021,6200,CE,362.45,362.45,362.45,362.45,362.45,1,8.2,250,125,19-APR-2021,
OPTSTK,SRF,27-May-2021,6250,CE,0,0,0,288.85,380.6,0,0,0,0,19-APR-2021,
OPTSTK,SRF,27-May-2021,6300,CE,0,0,0,275.3,357.5,0,0,0,0,19-APR-2021,
OPTSTK,SRF,27-May-2021,6350,CE,0,0,0,262.35,335.45,0,0,0,0,19-APR-2021,
OPTSTK,SRF,27-May-2021,6400,CE,0,0,0,250.15,314.4,0,0,0,0,19-APR-2021,
OPTSTK,SRF,27-May-2021,6450,CE,0,0,0,238.25,294.35,0,0,0,0,19-APR-2021,
OPTSTK,SRF,27-May-2021,6500,CE,0,0,0,225.5,275.3,0,0,250,0,19-APR-2021,
OPTSTK,SRF,27-May-2021,6550,CE,0,0,0,215.9,257.2,0,0,0,0,19-APR-2021,
OPTSTK,SRF,27-May-2021,6600,CE,0,0,0,205.4,240.05,0,0,0,0,19-APR-2021,
OPTSTK,SRF,27-May-2021,6650,CE,0,0,0,195.4,223.8,0,0,0,0,19-APR-2021,
OPTSTK,SRF,27-May-2021,6700,CE,0,0,0,185.8,208.4,0,0,0,0,19-APR-2021,
OPTSTK,SRF,27-May-2021,6750,CE,0,0,0,176.45,193.9,0,0,0,0,19-APR-2021,
OPTSTK,SRF,27-May-2021,6800,CE,0,0,0,167.65,180.2,0,0,0,0,19-APR-2021,
OPTSTK,SRF,27-May-2021,6850,CE,0,0,0,159.25,167.6,0,0,0,0,19-APR-2021,
OPTSTK,SRF,27-May-2021,6900,CE,0,0,0,151.25,155.55,0,0,0,0,19-APR-2021,
OPTSTK,SRF,27-May-2021,6950,CE,0,0,0,143.6,144.2,0,0,0,0,19-APR-2021,
OPTSTK,SRF,27-May-2021,7000,CE,0,0,0,136.3,133.3,0,0,0,0,19-APR-2021,
OPTSTK,SRF,27-May-2021,7100,CE,0,0,0,122.7,113.95,0,0,0,0,19-APR-2021,
OPTSTK,SRF,27-May-2021,7200,CE,0,0,0,110.35,97,0,0,0,0,19-APR-2021,
OPTSTK,SRF,27-May-2021,7300,CE,0,0,0,99.1,82.3,0,0,0,0,19-APR-2021,
OPTSTK,SRF,27-May-2021,7400,CE,0,0,0,88.95,69.55,0,0,0,0,19-APR-2021,
OPTSTK,SRF,27-May-2021,3550,PE,0,0,0,11.3,0.05,0,0,0,0,19-APR-2021,
OPTSTK,SRF,27-May-2021,3600,PE,0,0,0,13.25,0.05,0,0,0,0,19-APR-2021,
OPTSTK,SRF,27-May-2021,3650,PE,0,0,0,15.45,0.05,0,0,0,0,19-APR-2021,
OPTSTK,SRF,27-May-2021,3700,PE,0,0,0,17.95,0.05,0,0,0,0,19-APR-2021,
OPTSTK,SRF,27-May-2021,3750,PE,0,0,0,20.7,0.1,0,0,0,0,19-APR-2021,
OPTSTK,SRF,27-May-2021,3800,PE,0,0,0,23.85,0.1,0,0,0,0,19-APR-2021,
OPTSTK,SRF,27-May-2021,3850,PE,0,0,0,27.3,0.15,0,0,0,0,19-APR-2021,
OPTSTK,SRF,27-May-2021,3900,PE,0,0,0,31.15,0.2,0,0,0,0,19-APR-2021,
OPTSTK,SRF,27-May-2021,3950,PE,0,0,0,35.4,0.25,0,0,0,0,19-APR-2021,
OPTSTK,SRF,27-May-2021,4000,PE,0,0,0,40.05,0.35,0,0,0,0,19-APR-2021,
OPTSTK,SRF,27-May-2021,4050,PE,0,0,0,45.2,0.45,0,0,0,0,19-APR-2021,
OPTSTK,SRF,27-May-2021,4100,PE,0,0,0,50.8,0.6,0,0,0,0,19-APR-2021,
OPTSTK,SRF,27-May-2021,4150,PE,0,0,0,56.9,0.8,0,0,0,0,19-APR-2021,
OPTSTK,SRF,27-May-2021,4200,PE,0,0,0,63.55,1,0,0,0,0,19-APR-2021,
OPTSTK,SRF,27-May-2021,4250,PE,0,0,0,70.7,1.3,0,0,0,0,19-APR-2021,
OPTSTK,SRF,27-May-2021,4300,PE,0,0,0,78.45,1.65,0,0,0,0,19-APR-2021,
OPTSTK,SRF,27-May-2021,4350,PE,0,0,0,86.8,2.1,0,0,0,0,19-APR-2021,
OPTSTK,SRF,27-May-2021,4400,PE,0,0,0,95.75,2.65,0,0,0,0,19-APR-2021,
OPTSTK,SRF,27-May-2021,4450,PE,0,0,0,105.35,3.3,0,0,0,0,19-APR-2021,
OPTSTK,SRF,27-May-2021,4500,PE,0,0,0,115.55,4.1,0,0,0,0,19-APR-2021,
OPTSTK,SRF,27-May-2021,4550,PE,0,0,0,126.5,5.1,0,0,0,0,19-APR-2021,
OPTSTK,SRF,27-May-2021,4600,PE,0,0,0,138.05,6.2,0,0,0,0,19-APR-2021,
OPTSTK,SRF,27-May-2021,4650,PE,0,0,0,150.55,7.55,0,0,0,0,19-APR-2021,
OPTSTK,SRF,27-May-2021,4700,PE,0,0,0,163.55,9.15,0,0,0,0,19-APR-2021,
OPTSTK,SRF,27-May-2021,4750,PE,0,0,0,177.25,11,0,0,0,0,19-APR-2021,
OPTSTK,SRF,27-May-2021,4800,PE,0,0,0,191.75,13.15,0,0,0,0,19-APR-2021,
OPTSTK,SRF,27-May-2021,4850,PE,0,0,0,206.95,15.65,0,0,0,0,19-APR-2021,
OPTSTK,SRF,27-May-2021,4900,PE,0,0,0,222.95,18.5,0,0,0,0,19-APR-2021,
OPTSTK,SRF,27-May-2021,4950,PE,0,0,0,239.5,21.8,0,0,0,0,19-APR-2021,
OPTSTK,SRF,27-May-2021,5000,PE,0,0,0,257.05,25.5,0,0,0,0,19-APR-2021,
OPTSTK,SRF,27-May-2021,5050,PE,0,0,0,275.4,29.7,0,0,0,0,19-APR-2021,
OPTSTK,SRF,27-May-2021,5100,PE,0,0,0,294.55,34.45,0,0,0,0,19-APR-2021,
OPTSTK,SRF,27-May-2021,5150,PE,0,0,0,314.45,39.7,0,0,0,0,19-APR-2021,
OPTSTK,SRF,27-May-2021,5200,PE,0,0,0,335.15,45.6,0,0,0,0,19-APR-2021,
OPTSTK,SRF,27-May-2021,5250,PE,0,0,0,356.65,52.15,0,0,0,0,19-APR-2021,
OPTSTK,SRF,27-May-2021,5300,PE,0,0,0,378.9,59.4,0,0,0,0,19-APR-2021,
OPTSTK,SRF,27-May-2021,5350,PE,0,0,0,401.95,67.4,0,0,0,0,19-APR-2021,
OPTSTK,SRF,27-May-2021,5400,PE,0,0,0,425.8,76.1,0,0,0,0,19-APR-2021,
OPTSTK,SRF,27-May-2021,5450,PE,0,0,0,450.35,85.65,0,0,0,0,19-APR-2021,
OPTSTK,SRF,27-May-2021,5500,PE,0,0,0,475.7,96.05,0,0,0,0,19-APR-2021,
OPTSTK,SRF,27-May-2021,5550,PE,0,0,0,501.8,107.35,0,0,0,0,19-APR-2021,
OPTSTK,SRF,27-May-2021,5600,PE,0,0,0,528.7,119.75,0,0,0,0,19-APR-2021,
OPTSTK,SRF,27-May-2021,5650,PE,0,0,0,556.25,132.8,0,0,0,0,19-APR-2021,
OPTSTK,SRF,27-May-2021,5700,PE,0,0,0,584.6,146.85,0,0,0,0,19-APR-2021,
OPTSTK,SRF,27-May-2021,5750,PE,0,0,0,613.6,161.65,0,0,0,0,19-APR-2021,
OPTSTK,SRF,27-May-2021,5800,PE,0,0,0,643.35,177.75,0,0,0,0,19-APR-2021,
OPTSTK,SRF,27-May-2021,5850,PE,0,0,0,673.75,194.9,0,0,0,0,19-APR-2021,
OPTSTK,SRF,27-May-2021,5900,PE,0,0,0,704.85,213.1,0,0,0,0,19-APR-2021,
OPTSTK,SRF,27-May-2021,5950,PE,0,0,0,736.65,232.35,0,0,0,0,19-APR-2021,
OPTSTK,SRF,27-May-2021,6000,PE,0,0,0,769.05,252.65,0,0,0,0,19-APR-2021,
OPTSTK,SRF,27-May-2021,6050,PE,0,0,0,802.1,274.05,0,0,0,0,19-APR-2021,
OPTSTK,SRF,27-May-2021,6100,PE,0,0,0,835.75,296.5,0,0,0,0,19-APR-2021,
OPTSTK,SRF,27-May-2021,6150,PE,0,0,0,870.05,320,0,0,0,0,19-APR-2021,
OPTSTK,SRF,27-May-2021,6200,PE,0,0,0,904.9,344.6,0,0,0,0,19-APR-2021,
OPTSTK,SRF,27-May-2021,6250,PE,0,0,0,940.35,370.25,0,0,0,0,19-APR-2021,
OPTSTK,SRF,27-May-2021,6300,PE,0,0,0,976.35,396.95,0,0,0,0,19-APR-2021,
OPTSTK,SRF,27-May-2021,6350,PE,0,0,0,1012.9,424.7,0,0,0,0,19-APR-2021,
OPTSTK,SRF,27-May-2021,6400,PE,0,0,0,1050.25,453.45,0,0,0,0,19-APR-2021,
OPTSTK,SRF,27-May-2021,6450,PE,0,0,0,1087.85,483.25,0,0,0,0,19-APR-2021,
OPTSTK,SRF,27-May-2021,6500,PE,0,0,0,1126,514,0,0,0,0,19-APR-2021,
OPTSTK,SRF,27-May-2021,6550,PE,0,0,0,1164.6,545.7,0,0,0,0,19-APR-2021,
OPTSTK,SRF,27-May-2021,6600,PE,0,0,0,1203.65,578.35,0,0,0,0,19-APR-2021,
OPTSTK,SRF,27-May-2021,6650,PE,0,0,0,1243.15,611.9,0,0,0,0,19-APR-2021,
OPTSTK,SRF,27-May-2021,6700,PE,0,0,0,1283.1,646.3,0,0,0,0,19-APR-2021,
OPTSTK,SRF,27-May-2021,6750,PE,0,0,0,1323.25,681.6,0,0,0,0,19-APR-2021,
OPTSTK,SRF,27-May-2021,6800,PE,0,0,0,1364,717.7,0,0,0,0,19-APR-2021,
OPTSTK,SRF,27-May-2021,6850,PE,0,0,0,1405.15,754.9,0,0,0,0,19-APR-2021,
OPTSTK,SRF,27-May-2021,6900,PE,0,0,0,1446.7,792.65,0,0,0,0,19-APR-2021,
OPTSTK,SRF,27-May-2021,6950,PE,0,0,0,1488.55,831.1,0,0,0,0,19-APR-2021,
OPTSTK,SRF,27-May-2021,7000,PE,0,0,0,1530.8,870,0,0,0,0,19-APR-2021,
OPTSTK,SRF,27-May-2021,7100,PE,0,0,0,1616.25,950.25,0,0,0,0,19-APR-2021,
OPTSTK,SRF,27-May-2021,7200,PE,0,0,0,1703,1032.95,0,0,0,0,19-APR-2021,
OPTSTK,SRF,27-May-2021,7300,PE,0,0,0,1790.85,1117.85,0,0,0,0,19-APR-2021,
OPTSTK,SRF,27-May-2021,7400,PE,0,0,0,1879.75,1204.7,0,0,0,0,19-APR-2021,
OPTSTK,SRF,24-Jun-2021,3600,CE,0,0,0,1705.8,2661.1,0,0,0,0,19-APR-2021,
OPTSTK,SRF,24-Jun-2021,3700,CE,0,0,0,1613.3,2562.2,0,0,0,0,19-APR-2021,
OPTSTK,SRF,24-Jun-2021,3800,CE,0,0,0,1522.5,2463.5,0,0,0,0,19-APR-2021,
OPTSTK,SRF,24-Jun-2021,3900,CE,0,0,0,1433.5,2365.1,0,0,0,0,19-APR-2021,
OPTSTK,SRF,24-Jun-2021,4000,CE,0,0,0,1346.65,2267.1,0,0,0,0,19-APR-2021,
OPTSTK,SRF,24-Jun-2021,4100,CE,0,0,0,1262.1,2169.55,0,0,0,0,19-APR-2021,
OPTSTK,SRF,24-Jun-2021,4200,CE,0,0,0,1180.05,2072.65,0,0,0,0,19-APR-2021,
OPTSTK,SRF,24-Jun-2021,4300,CE,0,0,0,1100.75,1976.45,0,0,0,0,19-APR-2021,
OPTSTK,SRF,24-Jun-2021,4400,CE,0,0,0,1024.35,1881.2,0,0,0,0,19-APR-2021,
OPTSTK,SRF,24-Jun-2021,4500,CE,0,0,0,951.1,1787.05,0,0,0,0,19-APR-2021,
OPTSTK,SRF,24-Jun-2021,4600,CE,0,0,0,880.9,1694.2,0,0,0,0,19-APR-2021,
OPTSTK,SRF,24-Jun-2021,4700,CE,0,0,0,813.75,1602.8,0,0,0,0,19-APR-2021,
OPTSTK,SRF,24-Jun-2021,4800,CE,0,0,0,750.2,1513.1,0,0,0,0,19-APR-2021,
OPTSTK,SRF,24-Jun-2021,4900,CE,0,0,0,690.1,1425.35,0,0,0,0,19-APR-2021,
OPTSTK,SRF,24-Jun-2021,5000,CE,0,0,0,633.35,1339.65,0,0,0,0,19-APR-2021,
OPTSTK,SRF,24-Jun-2021,5100,CE,0,0,0,580.05,1256.3,0,0,0,0,19-APR-2021,
OPTSTK,SRF,24-Jun-2021,5200,CE,0,0,0,530.05,1175.4,0,0,0,0,19-APR-2021,
OPTSTK,SRF,24-Jun-2021,5300,CE,0,0,0,483.35,1097.15,0,0,0,0,19-APR-2021,
OPTSTK,SRF,24-Jun-2021,5400,CE,0,0,0,439.9,1021.95,0,0,0,0,19-APR-2021,
OPTSTK,SRF,24-Jun-2021,5500,CE,0,0,0,399.5,949.45,0,0,0,0,19-APR-2021,
OPTSTK,SRF,24-Jun-2021,5600,CE,0,0,0,362.15,880,0,0,0,0,19-APR-2021,
OPTSTK,SRF,24-Jun-2021,5700,CE,0,0,0,327.65,813.55,0,0,0,0,19-APR-2021,
OPTSTK,SRF,24-Jun-2021,5800,CE,0,0,0,295.95,750.6,0,0,0,0,19-APR-2021,
OPTSTK,SRF,24-Jun-2021,5900,CE,0,0,0,266.8,690.95,0,0,0,0,19-APR-2021,
OPTSTK,SRF,24-Jun-2021,6000,CE,0,0,0,240.1,634.6,0,0,0,0,19-APR-2021,
OPTSTK,SRF,24-Jun-2021,6100,CE,0,0,0,216.05,581.5,0,0,0,0,19-APR-2021,
OPTSTK,SRF,24-Jun-2021,6200,CE,0,0,0,193.9,531.65,0,0,0,0,19-APR-2021,
OPTSTK,SRF,24-Jun-2021,6300,CE,0,0,0,173.75,485.05,0,0,0,0,19-APR-2021,
OPTSTK,SRF,24-Jun-2021,6400,CE,0,0,0,155.3,441.55,0,0,0,0,19-APR-2021,
OPTSTK,SRF,24-Jun-2021,6500,CE,0,0,0,138.7,401.1,0,0,0,0,19-APR-2021,
OPTSTK,SRF,24-Jun-2021,6600,CE,0,0,0,123.75,363.6,0,0,0,0,19-APR-2021,
OPTSTK,SRF,24-Jun-2021,6700,CE,0,0,0,110.25,328.95,0,0,0,0,19-APR-2021,
OPTSTK,SRF,24-Jun-2021,6800,CE,0,0,0,98.05,297,0,0,0,0,19-APR-2021,
OPTSTK,SRF,24-Jun-2021,6900,CE,0,0,0,87.15,267.6,0,0,0,0,19-APR-2021,
OPTSTK,SRF,24-Jun-2021,7000,CE,0,0,0,77.35,240.7,0,0,0,0,19-APR-2021,
OPTSTK,SRF,24-Jun-2021,7100,CE,0,0,0,68.55,216.45,0,0,0,0,19-APR-2021,
OPTSTK,SRF,24-Jun-2021,7200,CE,0,0,0,60.7,194.05,0,0,0,0,19-APR-2021,
OPTSTK,SRF,24-Jun-2021,7300,CE,0,0,0,53.7,173.7,0,0,0,0,19-APR-2021,
OPTSTK,SRF,24-Jun-2021,7400,CE,0,0,0,47.45,154.95,0,0,0,0,19-APR-2021,
OPTSTK,SRF,24-Jun-2021,3600,PE,0,0,0,19.25,0.75,0,0,0,0,19-APR-2021,
OPTSTK,SRF,24-Jun-2021,3700,PE,0,0,0,25.85,1.2,0,0,0,0,19-APR-2021,
OPTSTK,SRF,24-Jun-2021,3800,PE,0,0,0,34.05,1.85,0,0,0,0,19-APR-2021,
OPTSTK,SRF,24-Jun-2021,3900,PE,0,0,0,44.15,2.75,0,0,0,0,19-APR-2021,
OPTSTK,SRF,24-Jun-2021,4000,PE,0,0,0,56.35,4.05,0,0,0,0,19-APR-2021,
OPTSTK,SRF,24-Jun-2021,4100,PE,0,0,0,70.9,5.85,0,0,0,0,19-APR-2021,
OPTSTK,SRF,24-Jun-2021,4200,PE,0,0,0,87.9,8.25,0,0,0,0,19-APR-2021,
OPTSTK,SRF,24-Jun-2021,4300,PE,0,0,0,107.7,11.4,0,0,0,0,19-APR-2021,
OPTSTK,SRF,24-Jun-2021,4400,PE,0,0,0,130.35,15.45,0,0,0,0,19-APR-2021,
OPTSTK,SRF,24-Jun-2021,4500,PE,0,0,0,156.2,20.65,0,0,0,0,19-APR-2021,
OPTSTK,SRF,24-Jun-2021,4600,PE,0,0,0,185.05,27.1,0,0,0,0,19-APR-2021,
OPTSTK,SRF,24-Jun-2021,4700,PE,0,0,0,216.95,35.05,0,0,0,0,19-APR-2021,
OPTSTK,SRF,24-Jun-2021,4800,PE,0,0,0,252.5,44.7,0,0,0,0,19-APR-2021,
OPTSTK,SRF,24-Jun-2021,4900,PE,0,0,0,291.45,56.2,0,0,0,0,19-APR-2021,
OPTSTK,SRF,24-Jun-2021,5000,PE,0,0,0,333.8,69.85,0,0,0,0,19-APR-2021,
OPTSTK,SRF,24-Jun-2021,5100,PE,0,0,0,379.5,85.8,0,0,0,0,19-APR-2021,
OPTSTK,SRF,24-Jun-2021,5200,PE,0,0,0,428.6,104.25,0,0,0,0,19-APR-2021,
OPTSTK,SRF,24-Jun-2021,5300,PE,0,0,0,481,125.35,0,0,0,0,19-APR-2021,
OPTSTK,SRF,24-Jun-2021,5400,PE,0,0,0,536.6,149.45,0,0,0,0,19-APR-2021,
OPTSTK,SRF,24-Jun-2021,5500,PE,0,0,0,595.3,176.3,0,0,0,0,19-APR-2021,
OPTSTK,SRF,24-Jun-2021,5600,PE,0,0,0,657,206.15,0,0,0,0,19-APR-2021,
OPTSTK,SRF,24-Jun-2021,5700,PE,0,0,0,721.6,239.05,0,0,0,0,19-APR-2021,
OPTSTK,SRF,24-Jun-2021,5800,PE,0,0,0,788.9,275.45,0,0,0,0,19-APR-2021,
OPTSTK,SRF,24-Jun-2021,5900,PE,0,0,0,858.85,315.1,0,0,0,0,19-APR-2021,
OPTSTK,SRF,24-Jun-2021,6000,PE,0,0,0,931.2,358.05,0,0,0,0,19-APR-2021,
OPTSTK,SRF,24-Jun-2021,6100,PE,0,0,0,1006.2,404.3,0,0,0,0,19-APR-2021,
OPTSTK,SRF,24-Jun-2021,6200,PE,0,0,0,1083.15,453.75,0,0,0,0,19-APR-2021,
OPTSTK,SRF,24-Jun-2021,6300,PE,0,0,0,1162.1,506.45,0,0,0,0,19-APR-2021,
OPTSTK,SRF,24-Jun-2021,6400,PE,0,0,0,1242.65,562.3,0,0,0,0,19-APR-2021,
OPTSTK,SRF,24-Jun-2021,6500,PE,0,0,0,1325.15,621.15,0,0,0,0,19-APR-2021,
OPTSTK,SRF,24-Jun-2021,6600,PE,0,0,0,1409.25,683,0,0,0,0,19-APR-2021,
OPTSTK,SRF,24-Jun-2021,6700,PE,0,0,0,1494.85,747.65,0,0,0,0,19-APR-2021,
OPTSTK,SRF,24-Jun-2021,6800,PE,0,0,0,1581.75,815.05,0,0,0,0,19-APR-2021,
OPTSTK,SRF,24-Jun-2021,6900,PE,0,0,0,1669.9,885,0,0,0,0,19-APR-2021,
OPTSTK,SRF,24-Jun-2021,7000,PE,0,0,0,1759.15,957.4,0,0,0,0,19-APR-2021,
OPTSTK,SRF,24-Jun-2021,7100,PE,0,0,0,1849.45,1032.45,0,0,0,0,19-APR-2021,
OPTSTK,SRF,24-Jun-2021,7200,PE,0,0,0,1940.65,1109.4,0,0,0,0,19-APR-2021,
OPTSTK,SRF,24-Jun-2021,7300,PE,0,0,0,2032.7,1188.4,0,0,0,0,19-APR-2021,
OPTSTK,SRF,24-Jun-2021,7400,PE,0,0,0,2125.55,1268.95,0,0,0,0,19-APR-2021,
OPTSTK,SRTRANSFIN,29-Apr-2021,780,CE,0,0,0,367.7,563.45,0,0,0,0,19-APR-2021,
OPTSTK,SRTRANSFIN,29-Apr-2021,800,CE,0,0,0,352.3,543.45,0,0,0,0,19-APR-2021,
OPTSTK,SRTRANSFIN,29-Apr-2021,820,CE,0,0,0,337.35,523.5,0,0,0,0,19-APR-2021,
OPTSTK,SRTRANSFIN,29-Apr-2021,840,CE,0,0,0,322.8,503.5,0,0,0,0,19-APR-2021,
OPTSTK,SRTRANSFIN,29-Apr-2021,860,CE,0,0,0,308.65,483.55,0,0,0,0,19-APR-2021,
OPTSTK,SRTRANSFIN,29-Apr-2021,880,CE,0,0,0,294.9,463.55,0,0,0,0,19-APR-2021,
OPTSTK,SRTRANSFIN,29-Apr-2021,900,CE,0,0,0,281.6,443.6,0,0,0,0,19-APR-2021,
OPTSTK,SRTRANSFIN,29-Apr-2021,920,CE,0,0,0,268.8,423.6,0,0,0,0,19-APR-2021,
OPTSTK,SRTRANSFIN,29-Apr-2021,940,CE,0,0,0,256.3,403.65,0,0,0,0,19-APR-2021,
OPTSTK,SRTRANSFIN,29-Apr-2021,960,CE,0,0,0,244.35,383.75,0,0,0,0,19-APR-2021,
OPTSTK,SRTRANSFIN,29-Apr-2021,980,CE,0,0,0,232.8,363.85,0,0,0,0,19-APR-2021,
OPTSTK,SRTRANSFIN,29-Apr-2021,1000,CE,0,0,0,221.7,344,0,0,0,0,19-APR-2021,
OPTSTK,SRTRANSFIN,29-Apr-2021,1020,CE,0,0,0,211.05,324.25,0,0,0,0,19-APR-2021,
OPTSTK,SRTRANSFIN,29-Apr-2021,1040,CE,0,0,0,200.75,304.6,0,0,0,0,19-APR-2021,
OPTSTK,SRTRANSFIN,29-Apr-2021,1060,CE,0,0,0,190.9,285.15,0,0,0,0,19-APR-2021,
OPTSTK,SRTRANSFIN,29-Apr-2021,1080,CE,0,0,0,181.45,265.85,0,0,0,0,19-APR-2021,
OPTSTK,SRTRANSFIN,29-Apr-2021,1100,CE,0,0,0,276,246.85,0,0,1600,0,19-APR-2021,
OPTSTK,SRTRANSFIN,29-Apr-2021,1120,CE,0,0,0,163.75,228.2,0,0,0,0,19-APR-2021,
OPTSTK,SRTRANSFIN,29-Apr-2021,1140,CE,0,0,0,155.45,209.95,0,0,0,0,19-APR-2021,
OPTSTK,SRTRANSFIN,29-Apr-2021,1160,CE,0,0,0,147.5,192.2,0,0,0,0,19-APR-2021,
OPTSTK,SRTRANSFIN,29-Apr-2021,1180,CE,0,0,0,139.95,175.05,0,0,0,0,19-APR-2021,
OPTSTK,SRTRANSFIN,29-Apr-2021,1200,CE,0,0,0,157.95,158.55,0,0,2400,0,19-APR-2021,
OPTSTK,SRTRANSFIN,29-Apr-2021,1220,CE,0,0,0,125.8,142.8,0,0,0,0,19-APR-2021,
OPTSTK,SRTRANSFIN,29-Apr-2021,1240,CE,0,0,0,164,127.9,0,0,12000,0,19-APR-2021,
OPTSTK,SRTRANSFIN,29-Apr-2021,1260,CE,0,0,0,175,113.8,0,0,800,0,19-APR-2021,
OPTSTK,SRTRANSFIN,29-Apr-2021,1280,CE,0,0,0,107,100.65,0,0,0,0,19-APR-2021,
OPTSTK,SRTRANSFIN,29-Apr-2021,1300,CE,100,100,52.2,73.4,73.4,29,316.97,22400,1600,19-APR-2021,
OPTSTK,SRTRANSFIN,29-Apr-2021,1320,CE,52.3,62.3,41.95,62.3,62.3,18,197.51,16000,2400,19-APR-2021,
OPTSTK,SRTRANSFIN,29-Apr-2021,1340,CE,39.9,56.2,31.45,49.7,49.7,285,3158.14,54400,36800,19-APR-2021,
OPTSTK,SRTRANSFIN,29-Apr-2021,1360,CE,25.95,45.7,25.05,39.9,39.9,326,3640.39,51200,4800,19-APR-2021,
OPTSTK,SRTRANSFIN,29-Apr-2021,1380,CE,20.05,36,19.9,31.55,31.55,228,2567.28,58400,-2400,19-APR-2021,
OPTSTK,SRTRANSFIN,29-Apr-2021,1400,CE,10.55,29.4,10.55,24.7,24.7,847,9642.03,166400,25600,19-APR-2021,
OPTSTK,SRTRANSFIN,29-Apr-2021,1420,CE,13.95,23,13.4,19.85,19.85,210,2415.42,35200,-4800,19-APR-2021,
OPTSTK,SRTRANSFIN,29-Apr-2021,1440,CE,13.95,18.15,10.2,15.5,15.5,215,2500.93,109600,-13600,19-APR-2021,
OPTSTK,SRTRANSFIN,29-Apr-2021,1460,CE,7.9,14.6,7.9,12.55,12.55,137,1612.86,60800,4000,19-APR-2021,
OPTSTK,SRTRANSFIN,29-Apr-2021,1480,CE,5,11.7,4.9,9.8,9.8,85,1012.16,52800,4000,19-APR-2021,
OPTSTK,SRTRANSFIN,29-Apr-2021,1500,CE,6.45,9.3,5.45,8,8,369,4449.26,177600,-800,19-APR-2021,
OPTSTK,SRTRANSFIN,29-Apr-2021,1520,CE,8.3,8.3,4.4,6.5,6.5,35,427.13,42400,-800,19-APR-2021,
OPTSTK,SRTRANSFIN,29-Apr-2021,1540,CE,4.9,5.2,3.85,5,5,52,642.53,44000,-800,19-APR-2021,
OPTSTK,SRTRANSFIN,29-Apr-2021,1560,CE,3,6,3,4.65,4.65,59,738.51,67200,12800,19-APR-2021,
OPTSTK,SRTRANSFIN,29-Apr-2021,1580,CE,5.6,5.65,3.55,3.55,7.65,20,253.47,14400,2400,19-APR-2021,
OPTSTK,SRTRANSFIN,29-Apr-2021,1600,CE,3.5,3.7,2.35,3.05,3.05,137,1756.97,143200,1600,19-APR-2021,
OPTSTK,SRTRANSFIN,29-Apr-2021,1620,CE,12,12,3,3,3,4,52,3200,0,19-APR-2021,
OPTSTK,SRTRANSFIN,29-Apr-2021,1640,CE,0,0,0,3.5,3.9,0,0,4000,0,19-APR-2021,
OPTSTK,SRTRANSFIN,29-Apr-2021,1660,CE,0,0,0,79.65,3.1,0,0,0,0,19-APR-2021,
OPTSTK,SRTRANSFIN,29-Apr-2021,1680,CE,0,0,0,3.5,2.45,0,0,800,0,19-APR-2021,
OPTSTK,SRTRANSFIN,29-Apr-2021,1700,CE,1.05,1.2,0.9,0.9,0.9,10,136.08,60000,-6400,19-APR-2021,
OPTSTK,SRTRANSFIN,29-Apr-2021,1720,CE,0,0,0,1.75,1.5,0,0,4800,0,19-APR-2021,
OPTSTK,SRTRANSFIN,29-Apr-2021,1740,CE,0.05,0.6,0.05,0.6,1.15,3,41.77,28000,-800,19-APR-2021,
OPTSTK,SRTRANSFIN,29-Apr-2021,1760,CE,0,0,0,78,0.9,0,0,0,0,19-APR-2021,
OPTSTK,SRTRANSFIN,29-Apr-2021,780,PE,0,0,0,0.2,0,0,0,1600,0,19-APR-2021,
OPTSTK,SRTRANSFIN,29-Apr-2021,800,PE,0,0,0,33.8,0,0,0,0,0,19-APR-2021,
OPTSTK,SRTRANSFIN,29-Apr-2021,820,PE,0,0,0,38.65,0,0,0,0,0,19-APR-2021,
OPTSTK,SRTRANSFIN,29-Apr-2021,840,PE,0,0,0,1.5,0,0,0,0,0,19-APR-2021,
OPTSTK,SRTRANSFIN,29-Apr-2021,860,PE,0,0,0,1.9,0,0,0,0,0,19-APR-2021,
OPTSTK,SRTRANSFIN,29-Apr-2021,880,PE,0,0,0,55.65,0.05,0,0,0,0,19-APR-2021,
OPTSTK,SRTRANSFIN,29-Apr-2021,900,PE,0,0,0,62.2,0.05,0,0,0,0,19-APR-2021,
OPTSTK,SRTRANSFIN,29-Apr-2021,920,PE,0,0,0,69.15,0.05,0,0,0,0,19-APR-2021,
OPTSTK,SRTRANSFIN,29-Apr-2021,940,PE,0,0,0,76.5,0.1,0,0,0,0,19-APR-2021,
OPTSTK,SRTRANSFIN,29-Apr-2021,960,PE,0,0,0,4,0.15,0,0,800,0,19-APR-2021,
OPTSTK,SRTRANSFIN,29-Apr-2021,980,PE,0.9,0.9,0.9,0.9,0.25,1,7.84,0,-800,19-APR-2021,
OPTSTK,SRTRANSFIN,29-Apr-2021,1000,PE,3.6,3.6,3.6,3.6,0.35,1,8.02,3200,0,19-APR-2021,
OPTSTK,SRTRANSFIN,29-Apr-2021,1020,PE,0,0,0,6.5,0.6,0,0,0,0,19-APR-2021,
OPTSTK,SRTRANSFIN,29-Apr-2021,1040,PE,0,0,0,120.05,0.95,0,0,0,0,19-APR-2021,
OPTSTK,SRTRANSFIN,29-Apr-2021,1060,PE,0,0,0,5.25,1.45,0,0,800,0,19-APR-2021,
OPTSTK,SRTRANSFIN,29-Apr-2021,1080,PE,0,0,0,140.35,2.15,0,0,0,0,19-APR-2021,
OPTSTK,SRTRANSFIN,29-Apr-2021,1100,PE,4,9.4,2.9,3.5,3.5,139,1227.81,116000,-9600,19-APR-2021,
OPTSTK,SRTRANSFIN,29-Apr-2021,1120,PE,0,0,0,16,4.45,0,0,0,0,19-APR-2021,
OPTSTK,SRTRANSFIN,29-Apr-2021,1140,PE,4.5,5.5,4.25,4.95,4.95,23,210.69,16800,11200,19-APR-2021,
OPTSTK,SRTRANSFIN,29-Apr-2021,1160,PE,0,0,0,18,8.4,0,0,9600,0,19-APR-2021,
OPTSTK,SRTRANSFIN,29-Apr-2021,1180,PE,0,0,0,8,11.25,0,0,5600,0,19-APR-2021,
OPTSTK,SRTRANSFIN,29-Apr-2021,1200,PE,12.95,14.2,6.3,9,9,361,3497.65,244000,-21600,19-APR-2021,
OPTSTK,SRTRANSFIN,29-Apr-2021,1220,PE,13.55,13.55,11.15,11.15,11.15,2,19.71,4000,-800,19-APR-2021,
OPTSTK,SRTRANSFIN,29-Apr-2021,1240,PE,35,35,12.8,14.85,14.85,59,593.41,10400,2400,19-APR-2021,
OPTSTK,SRTRANSFIN,29-Apr-2021,1260,PE,26.05,31.05,15.85,18.15,18.15,253,2595.55,55200,-13600,19-APR-2021,
OPTSTK,SRTRANSFIN,29-Apr-2021,1280,PE,25,33.85,20.4,22.9,22.9,81,847.03,31200,800,19-APR-2021,
OPTSTK,SRTRANSFIN,29-Apr-2021,1300,PE,40,48.65,25.7,28.9,28.9,722,7710.13,186400,2400,19-APR-2021,
OPTSTK,SRTRANSFIN,29-Apr-2021,1320,PE,60,60,32.25,36.25,36.25,170,1850.44,45600,13600,19-APR-2021,
OPTSTK,SRTRANSFIN,29-Apr-2021,1340,PE,70,72.1,39.65,44.6,44.6,221,2461.04,44000,-14400,19-APR-2021,
OPTSTK,SRTRANSFIN,29-Apr-2021,1360,PE,81.2,81.35,49.4,54.65,54.65,201,2288.61,44000,-4800,19-APR-2021,
OPTSTK,SRTRANSFIN,29-Apr-2021,1380,PE,93.15,93.15,61.5,61.5,85.65,17,198.72,20000,-800,19-APR-2021,
OPTSTK,SRTRANSFIN,29-Apr-2021,1400,PE,88,108.2,79.1,79.1,79.1,43,514.9,87200,-5600,19-APR-2021,
OPTSTK,SRTRANSFIN,29-Apr-2021,1420,PE,108.65,122.35,108.65,122.35,111.75,3,36.87,18400,1600,19-APR-2021,
OPTSTK,SRTRANSFIN,29-Apr-2021,1440,PE,139.5,139.5,139.5,139.5,126.05,1,12.63,23200,800,19-APR-2021,
OPTSTK,SRTRANSFIN,29-Apr-2021,1460,PE,121.6,153.4,121.6,151,141.15,4,51.28,33600,-800,19-APR-2021,
OPTSTK,SRTRANSFIN,29-Apr-2021,1480,PE,150,150,150,150,156.85,1,13.04,16800,0,19-APR-2021,
OPTSTK,SRTRANSFIN,29-Apr-2021,1500,PE,0,0,0,130,173.2,0,0,20800,0,19-APR-2021,
OPTSTK,SRTRANSFIN,29-Apr-2021,1520,PE,0,0,0,194.45,190.1,0,0,4000,0,19-APR-2021,
OPTSTK,SRTRANSFIN,29-Apr-2021,1540,PE,0,0,0,466.55,207.45,0,0,0,0,19-APR-2021,
OPTSTK,SRTRANSFIN,29-Apr-2021,1560,PE,0,0,0,483.5,225.25,0,0,0,0,19-APR-2021,
OPTSTK,SRTRANSFIN,29-Apr-2021,1580,PE,0,0,0,371.4,243.4,0,0,0,0,19-APR-2021,
OPTSTK,SRTRANSFIN,29-Apr-2021,1600,PE,0,0,0,386.6,261.9,0,0,0,0,19-APR-2021,
OPTSTK,SRTRANSFIN,29-Apr-2021,1620,PE,0,0,0,402,280.65,0,0,0,0,19-APR-2021,
OPTSTK,SRTRANSFIN,29-Apr-2021,1640,PE,0,0,0,417.65,299.6,0,0,0,0,19-APR-2021,
OPTSTK,SRTRANSFIN,29-Apr-2021,1660,PE,0,0,0,433.45,318.8,0,0,0,0,19-APR-2021,
OPTSTK,SRTRANSFIN,29-Apr-2021,1680,PE,0,0,0,449.45,338.1,0,0,0,0,19-APR-2021,
OPTSTK,SRTRANSFIN,29-Apr-2021,1700,PE,0,0,0,465.6,357.55,0,0,0,0,19-APR-2021,
OPTSTK,SRTRANSFIN,29-Apr-2021,1720,PE,0,0,0,481.95,377.15,0,0,0,0,19-APR-2021,
OPTSTK,SRTRANSFIN,29-Apr-2021,1740,PE,0,0,0,498.4,396.8,0,0,0,0,19-APR-2021,
OPTSTK,SRTRANSFIN,29-Apr-2021,1760,PE,0,0,0,490.4,416.5,0,0,0,0,19-APR-2021,
OPTSTK,SRTRANSFIN,27-May-2021,940,CE,0,0,0,480.55,413.8,0,0,0,0,19-APR-2021,
OPTSTK,SRTRANSFIN,27-May-2021,960,CE,0,0,0,464.7,395.65,0,0,0,0,19-APR-2021,
OPTSTK,SRTRANSFIN,27-May-2021,980,CE,0,0,0,449.15,377.75,0,0,0,0,19-APR-2021,
OPTSTK,SRTRANSFIN,27-May-2021,1000,CE,0,0,0,433.95,360.2,0,0,0,0,19-APR-2021,
OPTSTK,SRTRANSFIN,27-May-2021,1020,CE,0,0,0,419.15,343,0,0,0,0,19-APR-2021,
OPTSTK,SRTRANSFIN,27-May-2021,1040,CE,0,0,0,404.6,326.2,0,0,0,0,19-APR-2021,
OPTSTK,SRTRANSFIN,27-May-2021,1060,CE,0,0,0,390.4,309.75,0,0,0,0,19-APR-2021,
OPTSTK,SRTRANSFIN,27-May-2021,1080,CE,0,0,0,376.55,293.75,0,0,0,0,19-APR-2021,
OPTSTK,SRTRANSFIN,27-May-2021,1100,CE,0,0,0,363.05,278.2,0,0,0,0,19-APR-2021,
OPTSTK,SRTRANSFIN,27-May-2021,1120,CE,0,0,0,349.9,263.15,0,0,0,0,19-APR-2021,
OPTSTK,SRTRANSFIN,27-May-2021,1140,CE,0,0,0,337.05,248.55,0,0,0,0,19-APR-2021,
OPTSTK,SRTRANSFIN,27-May-2021,1160,CE,0,0,0,324.6,234.4,0,0,0,0,19-APR-2021,
OPTSTK,SRTRANSFIN,27-May-2021,1180,CE,0,0,0,312.45,220.75,0,0,0,0,19-APR-2021,
OPTSTK,SRTRANSFIN,27-May-2021,1200,CE,0,0,0,300.7,207.6,0,0,0,0,19-APR-2021,
OPTSTK,SRTRANSFIN,27-May-2021,1220,CE,0,0,0,289.3,195,0,0,0,0,19-APR-2021,
OPTSTK,SRTRANSFIN,27-May-2021,1240,CE,0,0,0,278.2,182.95,0,0,0,0,19-APR-2021,
OPTSTK,SRTRANSFIN,27-May-2021,1260,CE,0,0,0,267.5,171.45,0,0,0,0,19-APR-2021,
OPTSTK,SRTRANSFIN,27-May-2021,1280,CE,0,0,0,257.1,160.4,0,0,0,0,19-APR-2021,
OPTSTK,SRTRANSFIN,27-May-2021,1300,CE,0,0,0,247,149.95,0,0,0,0,19-APR-2021,
OPTSTK,SRTRANSFIN,27-May-2021,1320,CE,0,0,0,237.3,139.95,0,0,0,0,19-APR-2021,
OPTSTK,SRTRANSFIN,27-May-2021,1340,CE,0,0,0,227.85,130.5,0,0,0,0,19-APR-2021,
OPTSTK,SRTRANSFIN,27-May-2021,1360,CE,0,0,0,218.75,121.5,0,0,0,0,19-APR-2021,
OPTSTK,SRTRANSFIN,27-May-2021,1380,CE,0,0,0,209.95,113.05,0,0,0,0,19-APR-2021,
OPTSTK,SRTRANSFIN,27-May-2021,1400,CE,0,0,0,70,105.05,0,0,1600,0,19-APR-2021,
OPTSTK,SRTRANSFIN,27-May-2021,1420,CE,0,0,0,193.3,97.5,0,0,0,0,19-APR-2021,
OPTSTK,SRTRANSFIN,27-May-2021,1440,CE,0,0,0,185.4,90.4,0,0,0,0,19-APR-2021,
OPTSTK,SRTRANSFIN,27-May-2021,1460,CE,0,0,0,177.75,83.7,0,0,0,0,19-APR-2021,
OPTSTK,SRTRANSFIN,27-May-2021,1480,CE,0,0,0,170.4,77.45,0,0,0,0,19-APR-2021,
OPTSTK,SRTRANSFIN,27-May-2021,1500,CE,0,0,0,100,71.6,0,0,7200,0,19-APR-2021,
OPTSTK,SRTRANSFIN,27-May-2021,1520,CE,0,0,0,156.55,66.1,0,0,0,0,19-APR-2021,
OPTSTK,SRTRANSFIN,27-May-2021,1540,CE,0,0,0,149.95,61.05,0,0,0,0,19-APR-2021,
OPTSTK,SRTRANSFIN,27-May-2021,1560,CE,0,0,0,143.65,56.3,0,0,0,0,19-APR-2021,
OPTSTK,SRTRANSFIN,27-May-2021,1580,CE,0,0,0,137.6,51.85,0,0,0,0,19-APR-2021,
OPTSTK,SRTRANSFIN,27-May-2021,1600,CE,0,0,0,65,47.7,0,0,2400,0,19-APR-2021,
OPTSTK,SRTRANSFIN,27-May-2021,1620,CE,0,0,0,126.15,43.9,0,0,0,0,19-APR-2021,
OPTSTK,SRTRANSFIN,27-May-2021,1640,CE,0,0,0,120.75,40.25,0,0,0,0,19-APR-2021,
OPTSTK,SRTRANSFIN,27-May-2021,1660,CE,0,0,0,115.6,36.95,0,0,0,0,19-APR-2021,
OPTSTK,SRTRANSFIN,27-May-2021,1680,CE,0,0,0,110.7,33.9,0,0,0,0,19-APR-2021,
OPTSTK,SRTRANSFIN,27-May-2021,1700,CE,0,0,0,105.95,31.1,0,0,0,0,19-APR-2021,
OPTSTK,SRTRANSFIN,27-May-2021,1720,CE,0,0,0,101.35,28.45,0,0,0,0,19-APR-2021,
OPTSTK,SRTRANSFIN,27-May-2021,1740,CE,0,0,0,97,26.05,0,0,0,0,19-APR-2021,
OPTSTK,SRTRANSFIN,27-May-2021,1760,CE,0,0,0,92.8,23.85,0,0,0,0,19-APR-2021,
OPTSTK,SRTRANSFIN,27-May-2021,940,PE,0,0,0,31.5,7.5,0,0,0,0,19-APR-2021,
OPTSTK,SRTRANSFIN,27-May-2021,960,PE,0,0,0,35.45,9.25,0,0,0,0,19-APR-2021,
OPTSTK,SRTRANSFIN,27-May-2021,980,PE,0,0,0,39.75,11.3,0,0,0,0,19-APR-2021,
OPTSTK,SRTRANSFIN,27-May-2021,1000,PE,0,0,0,44.35,13.7,0,0,0,0,19-APR-2021,
OPTSTK,SRTRANSFIN,27-May-2021,1020,PE,0,0,0,49.35,16.4,0,0,0,0,19-APR-2021,
OPTSTK,SRTRANSFIN,27-May-2021,1040,PE,0,0,0,54.65,19.5,0,0,0,0,19-APR-2021,
OPTSTK,SRTRANSFIN,27-May-2021,1060,PE,0,0,0,60.25,23,0,0,0,0,19-APR-2021,
OPTSTK,SRTRANSFIN,27-May-2021,1080,PE,0,0,0,66.2,26.9,0,0,0,0,19-APR-2021,
OPTSTK,SRTRANSFIN,27-May-2021,1100,PE,0,0,0,72.5,31.25,0,0,0,0,19-APR-2021,
OPTSTK,SRTRANSFIN,27-May-2021,1120,PE,0,0,0,79.15,36.15,0,0,0,0,19-APR-2021,
OPTSTK,SRTRANSFIN,27-May-2021,1140,PE,0,0,0,86.15,41.45,0,0,0,0,19-APR-2021,
OPTSTK,SRTRANSFIN,27-May-2021,1160,PE,0,0,0,93.5,47.2,0,0,0,0,19-APR-2021,
OPTSTK,SRTRANSFIN,27-May-2021,1180,PE,0,0,0,101.15,53.5,0,0,0,0,19-APR-2021,
OPTSTK,SRTRANSFIN,27-May-2021,1200,PE,0,0,0,109.2,60.25,0,0,0,0,19-APR-2021,
OPTSTK,SRTRANSFIN,27-May-2021,1220,PE,0,0,0,117.6,67.6,0,0,0,0,19-APR-2021,
OPTSTK,SRTRANSFIN,27-May-2021,1240,PE,0,0,0,126.35,75.5,0,0,0,0,19-APR-2021,
OPTSTK,SRTRANSFIN,27-May-2021,1260,PE,0,0,0,135.45,83.85,0,0,0,0,19-APR-2021,
OPTSTK,SRTRANSFIN,27-May-2021,1280,PE,0,0,0,144.85,92.8,0,0,0,0,19-APR-2021,
OPTSTK,SRTRANSFIN,27-May-2021,1300,PE,0,0,0,154.6,102.2,0,0,0,0,19-APR-2021,
OPTSTK,SRTRANSFIN,27-May-2021,1320,PE,0,0,0,164.7,112.15,0,0,0,0,19-APR-2021,
OPTSTK,SRTRANSFIN,27-May-2021,1340,PE,0,0,0,175.1,122.6,0,0,0,0,19-APR-2021,
OPTSTK,SRTRANSFIN,27-May-2021,1360,PE,0,0,0,185.8,133.55,0,0,0,0,19-APR-2021,
OPTSTK,SRTRANSFIN,27-May-2021,1380,PE,0,0,0,196.8,145,0,0,0,0,19-APR-2021,
OPTSTK,SRTRANSFIN,27-May-2021,1400,PE,0,0,0,98,156.95,0,0,800,0,19-APR-2021,
OPTSTK,SRTRANSFIN,27-May-2021,1420,PE,0,0,0,219.75,169.3,0,0,0,0,19-APR-2021,
OPTSTK,SRTRANSFIN,27-May-2021,1440,PE,0,0,0,231.7,182.1,0,0,0,0,19-APR-2021,
OPTSTK,SRTRANSFIN,27-May-2021,1460,PE,0,0,0,243.85,195.35,0,0,0,0,19-APR-2021,
OPTSTK,SRTRANSFIN,27-May-2021,1480,PE,0,0,0,256.35,209.05,0,0,0,0,19-APR-2021,
OPTSTK,SRTRANSFIN,27-May-2021,1500,PE,0,0,0,269.1,223.1,0,0,0,0,19-APR-2021,
OPTSTK,SRTRANSFIN,27-May-2021,1520,PE,0,0,0,282.1,237.5,0,0,0,0,19-APR-2021,
OPTSTK,SRTRANSFIN,27-May-2021,1540,PE,0,0,0,295.35,252.4,0,0,0,0,19-APR-2021,
OPTSTK,SRTRANSFIN,27-May-2021,1560,PE,0,0,0,308.85,267.55,0,0,0,0,19-APR-2021,
OPTSTK,SRTRANSFIN,27-May-2021,1580,PE,0,0,0,322.6,283.05,0,0,0,0,19-APR-2021,
OPTSTK,SRTRANSFIN,27-May-2021,1600,PE,0,0,0,336.6,298.85,0,0,0,0,19-APR-2021,
OPTSTK,SRTRANSFIN,27-May-2021,1620,PE,0,0,0,350.8,314.95,0,0,0,0,19-APR-2021,
OPTSTK,SRTRANSFIN,27-May-2021,1640,PE,0,0,0,365.2,331.25,0,0,0,0,19-APR-2021,
OPTSTK,SRTRANSFIN,27-May-2021,1660,PE,0,0,0,379.85,347.85,0,0,0,0,19-APR-2021,
OPTSTK,SRTRANSFIN,27-May-2021,1680,PE,0,0,0,394.75,364.7,0,0,0,0,19-APR-2021,
OPTSTK,SRTRANSFIN,27-May-2021,1700,PE,0,0,0,409.8,381.8,0,0,0,0,19-APR-2021,
OPTSTK,SRTRANSFIN,27-May-2021,1720,PE,0,0,0,425.05,399.1,0,0,0,0,19-APR-2021,
OPTSTK,SRTRANSFIN,27-May-2021,1740,PE,0,0,0,440.5,416.6,0,0,0,0,19-APR-2021,
OPTSTK,SRTRANSFIN,27-May-2021,1760,PE,0,0,0,456.1,434.3,0,0,0,0,19-APR-2021,
OPTSTK,SRTRANSFIN,24-Jun-2021,940,CE,0,0,0,471.15,430.2,0,0,0,0,19-APR-2021,
OPTSTK,SRTRANSFIN,24-Jun-2021,960,CE,0,0,0,455.3,413.6,0,0,0,0,19-APR-2021,
OPTSTK,SRTRANSFIN,24-Jun-2021,980,CE,0,0,0,439.7,397.4,0,0,0,0,19-APR-2021,
OPTSTK,SRTRANSFIN,24-Jun-2021,1000,CE,0,0,0,424.45,381.5,0,0,0,0,19-APR-2021,
OPTSTK,SRTRANSFIN,24-Jun-2021,1020,CE,0,0,0,409.6,366,0,0,0,0,19-APR-2021,
OPTSTK,SRTRANSFIN,24-Jun-2021,1040,CE,0,0,0,395.05,350.85,0,0,0,0,19-APR-2021,
OPTSTK,SRTRANSFIN,24-Jun-2021,1060,CE,0,0,0,380.8,336.15,0,0,0,0,19-APR-2021,
OPTSTK,SRTRANSFIN,24-Jun-2021,1080,CE,0,0,0,366.95,321.8,0,0,0,0,19-APR-2021,
OPTSTK,SRTRANSFIN,24-Jun-2021,1100,CE,0,0,0,353.45,307.85,0,0,0,0,19-APR-2021,
OPTSTK,SRTRANSFIN,24-Jun-2021,1120,CE,0,0,0,340.25,294.25,0,0,0,0,19-APR-2021,
OPTSTK,SRTRANSFIN,24-Jun-2021,1140,CE,0,0,0,327.45,281.1,0,0,0,0,19-APR-2021,
OPTSTK,SRTRANSFIN,24-Jun-2021,1160,CE,0,0,0,315,268.35,0,0,0,0,19-APR-2021,
OPTSTK,SRTRANSFIN,24-Jun-2021,1180,CE,0,0,0,302.9,256,0,0,0,0,19-APR-2021,
OPTSTK,SRTRANSFIN,24-Jun-2021,1200,CE,0,0,0,291.15,244.1,0,0,0,0,19-APR-2021,
OPTSTK,SRTRANSFIN,24-Jun-2021,1220,CE,0,0,0,279.8,232.65,0,0,0,0,19-APR-2021,
OPTSTK,SRTRANSFIN,24-Jun-2021,1240,CE,0,0,0,268.75,221.55,0,0,0,0,19-APR-2021,
OPTSTK,SRTRANSFIN,24-Jun-2021,1260,CE,0,0,0,258.1,210.85,0,0,0,0,19-APR-2021,
OPTSTK,SRTRANSFIN,24-Jun-2021,1280,CE,0,0,0,247.75,200.6,0,0,0,0,19-APR-2021,
OPTSTK,SRTRANSFIN,24-Jun-2021,1300,CE,0,0,0,237.75,190.7,0,0,0,0,19-APR-2021,
OPTSTK,SRTRANSFIN,24-Jun-2021,1320,CE,0,0,0,228.05,181.25,0,0,0,0,19-APR-2021,
OPTSTK,SRTRANSFIN,24-Jun-2021,1340,CE,0,0,0,218.75,172.1,0,0,0,0,19-APR-2021,
OPTSTK,SRTRANSFIN,24-Jun-2021,1360,CE,0,0,0,209.7,163.4,0,0,0,0,19-APR-2021,
OPTSTK,SRTRANSFIN,24-Jun-2021,1380,CE,0,0,0,201,155,0,0,0,0,19-APR-2021,
OPTSTK,SRTRANSFIN,24-Jun-2021,1400,CE,0,0,0,192.6,147,0,0,0,0,19-APR-2021,
OPTSTK,SRTRANSFIN,24-Jun-2021,1420,CE,0,0,0,184.55,139.35,0,0,0,0,19-APR-2021,
OPTSTK,SRTRANSFIN,24-Jun-2021,1440,CE,0,0,0,176.75,132.05,0,0,0,0,19-APR-2021,
OPTSTK,SRTRANSFIN,24-Jun-2021,1460,CE,0,0,0,169.25,125.05,0,0,0,0,19-APR-2021,
OPTSTK,SRTRANSFIN,24-Jun-2021,1480,CE,0,0,0,162,118.4,0,0,0,0,19-APR-2021,
OPTSTK,SRTRANSFIN,24-Jun-2021,1500,CE,0,0,0,155.05,112.05,0,0,0,0,19-APR-2021,
OPTSTK,SRTRANSFIN,24-Jun-2021,1520,CE,0,0,0,148.35,105.95,0,0,0,0,19-APR-2021,
OPTSTK,SRTRANSFIN,24-Jun-2021,1540,CE,0,0,0,141.95,100.2,0,0,0,0,19-APR-2021,
OPTSTK,SRTRANSFIN,24-Jun-2021,1560,CE,0,0,0,135.75,94.7,0,0,0,0,19-APR-2021,
OPTSTK,SRTRANSFIN,24-Jun-2021,1580,CE,0,0,0,129.8,89.5,0,0,0,0,19-APR-2021,
OPTSTK,SRTRANSFIN,24-Jun-2021,1600,CE,0,0,0,124.15,84.6,0,0,0,0,19-APR-2021,
OPTSTK,SRTRANSFIN,24-Jun-2021,1620,CE,0,0,0,118.65,79.9,0,0,0,0,19-APR-2021,
OPTSTK,SRTRANSFIN,24-Jun-2021,1640,CE,0,0,0,113.4,75.45,0,0,0,0,19-APR-2021,
OPTSTK,SRTRANSFIN,24-Jun-2021,1660,CE,0,0,0,108.45,71.2,0,0,0,0,19-APR-2021,
OPTSTK,SRTRANSFIN,24-Jun-2021,1680,CE,0,0,0,103.65,67.2,0,0,0,0,19-APR-2021,
OPTSTK,SRTRANSFIN,24-Jun-2021,1700,CE,0,0,0,99,63.4,0,0,0,0,19-APR-2021,
OPTSTK,SRTRANSFIN,24-Jun-2021,1720,CE,0,0,0,94.6,59.75,0,0,0,0,19-APR-2021,
OPTSTK,SRTRANSFIN,24-Jun-2021,1740,CE,0,0,0,90.35,56.35,0,0,0,0,19-APR-2021,
OPTSTK,SRTRANSFIN,24-Jun-2021,1760,CE,0,0,0,86.3,53.05,0,0,0,0,19-APR-2021,
OPTSTK,SRTRANSFIN,24-Jun-2021,940,PE,0,0,0,30.4,21.2,0,0,0,0,19-APR-2021,
OPTSTK,SRTRANSFIN,24-Jun-2021,960,PE,0,0,0,34.35,24.5,0,0,0,0,19-APR-2021,
OPTSTK,SRTRANSFIN,24-Jun-2021,980,PE,0,0,0,38.6,28.1,0,0,0,0,19-APR-2021,
OPTSTK,SRTRANSFIN,24-Jun-2021,1000,PE,0,0,0,43.15,32.1,0,0,0,0,19-APR-2021,
OPTSTK,SRTRANSFIN,24-Jun-2021,1020,PE,0,0,0,48.1,36.45,0,0,0,0,19-APR-2021,
OPTSTK,SRTRANSFIN,24-Jun-2021,1040,PE,0,0,0,53.35,41.2,0,0,0,0,19-APR-2021,
OPTSTK,SRTRANSFIN,24-Jun-2021,1060,PE,0,0,0,58.95,46.35,0,0,0,0,19-APR-2021,
OPTSTK,SRTRANSFIN,24-Jun-2021,1080,PE,0,0,0,64.9,51.85,0,0,0,0,19-APR-2021,
OPTSTK,SRTRANSFIN,24-Jun-2021,1100,PE,0,0,0,71.2,57.75,0,0,0,0,19-APR-2021,
OPTSTK,SRTRANSFIN,24-Jun-2021,1120,PE,0,0,0,77.85,64.05,0,0,0,0,19-APR-2021,
OPTSTK,SRTRANSFIN,24-Jun-2021,1140,PE,0,0,0,84.85,70.75,0,0,0,0,19-APR-2021,
OPTSTK,SRTRANSFIN,24-Jun-2021,1160,PE,0,0,0,92.2,77.85,0,0,0,0,19-APR-2021,
OPTSTK,SRTRANSFIN,24-Jun-2021,1180,PE,0,0,0,99.9,85.4,0,0,0,0,19-APR-2021,
OPTSTK,SRTRANSFIN,24-Jun-2021,1200,PE,0,0,0,108,93.35,0,0,0,0,19-APR-2021,
OPTSTK,SRTRANSFIN,24-Jun-2021,1220,PE,0,0,0,116.4,101.75,0,0,0,0,19-APR-2021,
OPTSTK,SRTRANSFIN,24-Jun-2021,1240,PE,0,0,0,125.2,110.5,0,0,0,0,19-APR-2021,
OPTSTK,SRTRANSFIN,24-Jun-2021,1260,PE,0,0,0,134.35,119.7,0,0,0,0,19-APR-2021,
OPTSTK,SRTRANSFIN,24-Jun-2021,1280,PE,0,0,0,143.85,129.3,0,0,0,0,19-APR-2021,
OPTSTK,SRTRANSFIN,24-Jun-2021,1300,PE,0,0,0,153.65,139.3,0,0,0,0,19-APR-2021,
OPTSTK,SRTRANSFIN,24-Jun-2021,1320,PE,0,0,0,163.8,149.65,0,0,0,0,19-APR-2021,
OPTSTK,SRTRANSFIN,24-Jun-2021,1340,PE,0,0,0,174.25,160.4,0,0,0,0,19-APR-2021,
OPTSTK,SRTRANSFIN,24-Jun-2021,1360,PE,0,0,0,185.05,171.55,0,0,0,0,19-APR-2021,
OPTSTK,SRTRANSFIN,24-Jun-2021,1380,PE,0,0,0,196.15,183.05,0,0,0,0,19-APR-2021,
OPTSTK,SRTRANSFIN,24-Jun-2021,1400,PE,0,0,0,207.6,194.9,0,0,0,0,19-APR-2021,
OPTSTK,SRTRANSFIN,24-Jun-2021,1420,PE,0,0,0,219.3,207.1,0,0,0,0,19-APR-2021,
OPTSTK,SRTRANSFIN,24-Jun-2021,1440,PE,0,0,0,231.35,219.65,0,0,0,0,19-APR-2021,
OPTSTK,SRTRANSFIN,24-Jun-2021,1460,PE,0,0,0,243.65,232.55,0,0,0,0,19-APR-2021,
OPTSTK,SRTRANSFIN,24-Jun-2021,1480,PE,0,0,0,256.25,245.75,0,0,0,0,19-APR-2021,
OPTSTK,SRTRANSFIN,24-Jun-2021,1500,PE,0,0,0,269.1,259.25,0,0,0,0,19-APR-2021,
OPTSTK,SRTRANSFIN,24-Jun-2021,1520,PE,0,0,0,282.2,273.05,0,0,0,0,19-APR-2021,
OPTSTK,SRTRANSFIN,24-Jun-2021,1540,PE,0,0,0,295.6,287.15,0,0,0,0,19-APR-2021,
OPTSTK,SRTRANSFIN,24-Jun-2021,1560,PE,0,0,0,309.25,301.5,0,0,0,0,19-APR-2021,
OPTSTK,SRTRANSFIN,24-Jun-2021,1580,PE,0,0,0,323.1,316.15,0,0,0,0,19-APR-2021,
OPTSTK,SRTRANSFIN,24-Jun-2021,1600,PE,0,0,0,337.25,331.15,0,0,0,0,19-APR-2021,
OPTSTK,SRTRANSFIN,24-Jun-2021,1620,PE,0,0,0,351.6,346.3,0,0,0,0,19-APR-2021,
OPTSTK,SRTRANSFIN,24-Jun-2021,1640,PE,0,0,0,366.15,361.7,0,0,0,0,19-APR-2021,
OPTSTK,SRTRANSFIN,24-Jun-2021,1660,PE,0,0,0,381,377.35,0,0,0,0,19-APR-2021,
OPTSTK,SRTRANSFIN,24-Jun-2021,1680,PE,0,0,0,396,393.2,0,0,0,0,19-APR-2021,
OPTSTK,SRTRANSFIN,24-Jun-2021,1700,PE,0,0,0,411.2,409.25,0,0,0,0,19-APR-2021,
OPTSTK,SRTRANSFIN,24-Jun-2021,1720,PE,0,0,0,426.6,425.5,0,0,0,0,19-APR-2021,
OPTSTK,SRTRANSFIN,24-Jun-2021,1740,PE,0,0,0,442.15,441.95,0,0,0,0,19-APR-2021,
OPTSTK,SRTRANSFIN,24-Jun-2021,1760,PE,0,0,0,457.9,458.5,0,0,0,0,19-APR-2021,
OPTSTK,SUNPHARMA,29-Apr-2021,350,CE,0,0,0,217.95,291,0,0,0,0,19-APR-2021,
OPTSTK,SUNPHARMA,29-Apr-2021,360,CE,0,0,0,208.2,281.05,0,0,0,0,19-APR-2021,
OPTSTK,SUNPHARMA,29-Apr-2021,370,CE,0,0,0,198.55,271.05,0,0,0,0,19-APR-2021,
OPTSTK,SUNPHARMA,29-Apr-2021,380,CE,0,0,0,188.95,261.05,0,0,0,0,19-APR-2021,
OPTSTK,SUNPHARMA,29-Apr-2021,390,CE,0,0,0,179.45,251.05,0,0,0,0,19-APR-2021,
OPTSTK,SUNPHARMA,29-Apr-2021,400,CE,0,0,0,170.05,241.05,0,0,0,0,19-APR-2021,
OPTSTK,SUNPHARMA,29-Apr-2021,410,CE,0,0,0,160.8,231.1,0,0,0,0,19-APR-2021,
OPTSTK,SUNPHARMA,29-Apr-2021,420,CE,0,0,0,151.75,221.1,0,0,0,0,19-APR-2021,
OPTSTK,SUNPHARMA,29-Apr-2021,430,CE,0,0,0,142.85,211.1,0,0,0,0,19-APR-2021,
OPTSTK,SUNPHARMA,29-Apr-2021,440,CE,0,0,0,134.15,201.1,0,0,0,0,19-APR-2021,
OPTSTK,SUNPHARMA,29-Apr-2021,450,CE,0,0,0,125.65,191.1,0,0,0,0,19-APR-2021,
OPTSTK,SUNPHARMA,29-Apr-2021,460,CE,0,0,0,117.45,181.15,0,0,0,0,19-APR-2021,
OPTSTK,SUNPHARMA,29-Apr-2021,470,CE,0,0,0,109.5,171.15,0,0,0,0,19-APR-2021,
OPTSTK,SUNPHARMA,29-Apr-2021,480,CE,0,0,0,101.85,161.15,0,0,0,0,19-APR-2021,
OPTSTK,SUNPHARMA,29-Apr-2021,490,CE,0,0,0,94.5,151.15,0,0,0,0,19-APR-2021,
OPTSTK,SUNPHARMA,29-Apr-2021,500,CE,0,0,0,114,141.15,0,0,1400,0,19-APR-2021,
OPTSTK,SUNPHARMA,29-Apr-2021,510,CE,0,0,0,80.7,131.2,0,0,0,0,19-APR-2021,
OPTSTK,SUNPHARMA,29-Apr-2021,520,CE,0,0,0,74.35,121.2,0,0,0,0,19-APR-2021,
OPTSTK,SUNPHARMA,29-Apr-2021,530,CE,0,0,0,58.05,111.2,0,0,1400,0,19-APR-2021,
OPTSTK,SUNPHARMA,29-Apr-2021,540,CE,0,0,0,65.4,101.25,0,0,5600,0,19-APR-2021,
OPTSTK,SUNPHARMA,29-Apr-2021,550,CE,90.3,90.3,90.3,90.3,90.3,1,8.96,40600,0,19-APR-2021,
OPTSTK,SUNPHARMA,29-Apr-2021,560,CE,0,0,0,89.9,81.55,0,0,11200,0,19-APR-2021,
OPTSTK,SUNPHARMA,29-Apr-2021,570,CE,0,0,0,62.95,71.85,0,0,8400,0,19-APR-2021,
OPTSTK,SUNPHARMA,29-Apr-2021,580,CE,0,0,0,74,62.45,0,0,155400,0,19-APR-2021,
OPTSTK,SUNPHARMA,29-Apr-2021,590,CE,62,62,53.5,53.5,53.5,5,45.43,173600,-1400,19-APR-2021,
OPTSTK,SUNPHARMA,29-Apr-2021,600,CE,50,53.05,42,45.95,45.95,93,842.31,357000,-19600,19-APR-2021,
OPTSTK,SUNPHARMA,29-Apr-2021,610,CE,36,44,34.85,38.4,38.4,27,244.67,158200,12600,19-APR-2021,
OPTSTK,SUNPHARMA,29-Apr-2021,620,CE,29.4,37.45,27.15,29.5,29.5,215,1958.46,810600,7000,19-APR-2021,
OPTSTK,SUNPHARMA,29-Apr-2021,630,CE,23.05,30.8,21.1,23.55,23.55,504,4618.82,1110200,-63000,19-APR-2021,
OPTSTK,SUNPHARMA,29-Apr-2021,640,CE,19.95,25.35,16.6,18.65,18.65,4021,37157.52,2322600,554400,19-APR-2021,
OPTSTK,SUNPHARMA,29-Apr-2021,650,CE,18.8,21,13,15,15,9656,90139.37,3766000,1254400,19-APR-2021,
OPTSTK,SUNPHARMA,29-Apr-2021,660,CE,11.75,17.05,10.55,11.95,11.95,4146,39087.43,1859200,495600,19-APR-2021,
OPTSTK,SUNPHARMA,29-Apr-2021,670,CE,9.8,13.85,7.7,9.3,9.3,2161,20592.3,886200,70000,19-APR-2021,
OPTSTK,SUNPHARMA,29-Apr-2021,680,CE,7.3,10.9,6.4,7.35,7.35,2291,22085.31,1041600,113400,19-APR-2021,
OPTSTK,SUNPHARMA,29-Apr-2021,690,CE,5.5,8.55,4.75,5.9,5.9,693,6759.87,378000,22400,19-APR-2021,
OPTSTK,SUNPHARMA,29-Apr-2021,700,CE,4.5,7.2,3.9,4.8,4.8,3048,30107.77,1612800,123200,19-APR-2021,
OPTSTK,SUNPHARMA,29-Apr-2021,710,CE,3,5.8,3,3.95,3.95,449,4491.19,177800,2800,19-APR-2021,
OPTSTK,SUNPHARMA,29-Apr-2021,720,CE,3.25,4.8,2.55,3.35,3.35,715,7244.06,488600,166600,19-APR-2021,
OPTSTK,SUNPHARMA,29-Apr-2021,730,CE,2.55,3.95,1.05,2.75,2.75,335,3437.76,196000,22400,19-APR-2021,
OPTSTK,SUNPHARMA,29-Apr-2021,740,CE,2,3.3,1.7,2.2,2.2,370,3846.04,268800,36400,19-APR-2021,
OPTSTK,SUNPHARMA,29-Apr-2021,750,CE,1.85,2.75,1.4,1.85,1.85,555,5843.71,547400,47600,19-APR-2021,
OPTSTK,SUNPHARMA,29-Apr-2021,760,CE,1.5,2.2,1.2,1.5,1.5,301,3209.66,309400,15400,19-APR-2021,
OPTSTK,SUNPHARMA,29-Apr-2021,770,CE,1.1,1.8,0.8,1.25,1.25,182,1965.57,166600,68600,19-APR-2021,
OPTSTK,SUNPHARMA,29-Apr-2021,780,CE,0,0,0,4.3,0.05,0,0,0,0,19-APR-2021,
OPTSTK,SUNPHARMA,29-Apr-2021,350,PE,0,0,0,0.35,0,0,0,0,0,19-APR-2021,
OPTSTK,SUNPHARMA,29-Apr-2021,360,PE,0,0,0,0.55,0,0,0,0,0,19-APR-2021,
OPTSTK,SUNPHARMA,29-Apr-2021,370,PE,0,0,0,0.75,0,0,0,0,0,19-APR-2021,
OPTSTK,SUNPHARMA,29-Apr-2021,380,PE,0,0,0,1.1,0,0,0,0,0,19-APR-2021,
OPTSTK,SUNPHARMA,29-Apr-2021,390,PE,0,0,0,1.5,0,0,0,0,0,19-APR-2021,
OPTSTK,SUNPHARMA,29-Apr-2021,400,PE,0,0,0,0.1,0,0,0,1400,0,19-APR-2021,
OPTSTK,SUNPHARMA,29-Apr-2021,410,PE,0,0,0,2.7,0,0,0,0,0,19-APR-2021,
OPTSTK,SUNPHARMA,29-Apr-2021,420,PE,0,0,0,3.5,0,0,0,0,0,19-APR-2021,
OPTSTK,SUNPHARMA,29-Apr-2021,430,PE,0,0,0,4.5,0,0,0,0,0,19-APR-2021,
OPTSTK,SUNPHARMA,29-Apr-2021,440,PE,0,0,0,5.7,0,0,0,0,0,19-APR-2021,
OPTSTK,SUNPHARMA,29-Apr-2021,450,PE,0,0,0,0.1,0,0,0,2800,0,19-APR-2021,
OPTSTK,SUNPHARMA,29-Apr-2021,460,PE,0,0,0,8.85,0,0,0,0,0,19-APR-2021,
OPTSTK,SUNPHARMA,29-Apr-2021,470,PE,0,0,0,10.8,0,0,0,0,0,19-APR-2021,
OPTSTK,SUNPHARMA,29-Apr-2021,480,PE,0,0,0,0.4,0,0,0,2800,0,19-APR-2021,
OPTSTK,SUNPHARMA,29-Apr-2021,490,PE,0,0,0,15.6,0,0,0,0,0,19-APR-2021,
OPTSTK,SUNPHARMA,29-Apr-2021,500,PE,0.3,0.35,0.2,0.35,0.35,26,182.1,144200,-16800,19-APR-2021,
OPTSTK,SUNPHARMA,29-Apr-2021,510,PE,0,0,0,3.8,0,0,0,2800,0,19-APR-2021,
OPTSTK,SUNPHARMA,29-Apr-2021,520,PE,0.35,0.4,0.35,0.35,0.05,4,29.14,126000,-2800,19-APR-2021,
OPTSTK,SUNPHARMA,29-Apr-2021,530,PE,0.5,0.5,0.5,0.5,0.5,2,14.85,406000,-1400,19-APR-2021,
OPTSTK,SUNPHARMA,29-Apr-2021,540,PE,0.7,0.7,0.5,0.55,0.55,10,75.68,260400,1400,19-APR-2021,
OPTSTK,SUNPHARMA,29-Apr-2021,550,PE,1,2.85,0.65,0.85,0.85,140,1079.79,467600,25200,19-APR-2021,
OPTSTK,SUNPHARMA,29-Apr-2021,560,PE,1.1,1.3,0.8,1.15,1.15,92,722.62,252000,-14000,19-APR-2021,
OPTSTK,SUNPHARMA,29-Apr-2021,570,PE,1.95,2.15,1.2,1.6,1.6,464,3712.96,245000,7000,19-APR-2021,
OPTSTK,SUNPHARMA,29-Apr-2021,580,PE,1.9,3,1.8,2.25,2.25,631,5143.87,715400,-65800,19-APR-2021,
OPTSTK,SUNPHARMA,29-Apr-2021,590,PE,2.95,4.25,2.45,3.2,3.2,746,6194.64,449400,61600,19-APR-2021,
OPTSTK,SUNPHARMA,29-Apr-2021,600,PE,4.15,5.3,3.4,4.4,4.4,2029,17168.66,938000,128800,19-APR-2021,
OPTSTK,SUNPHARMA,29-Apr-2021,610,PE,5.5,9.4,4.8,6,6,601,5184.89,417200,53200,19-APR-2021,
OPTSTK,SUNPHARMA,29-Apr-2021,620,PE,5.5,10.8,5.5,8.25,8.25,850,7481.42,658000,-4200,19-APR-2021,
OPTSTK,SUNPHARMA,29-Apr-2021,630,PE,11.95,15.25,9.85,11.95,11.95,1056,9497.35,462000,-145600,19-APR-2021,
OPTSTK,SUNPHARMA,29-Apr-2021,640,PE,16.25,20.9,13.9,17,17,1631,15008.86,1204000,414400,19-APR-2021,
OPTSTK,SUNPHARMA,29-Apr-2021,650,PE,20.95,27.8,19.35,23.35,23.35,782,7370.04,330400,56000,19-APR-2021,
OPTSTK,SUNPHARMA,29-Apr-2021,660,PE,29.75,34,26.85,30.55,30.55,43,415.43,54600,7000,19-APR-2021,
OPTSTK,SUNPHARMA,29-Apr-2021,670,PE,35.25,40.8,33.75,36.65,36.65,16,158.29,30800,1400,19-APR-2021,
OPTSTK,SUNPHARMA,29-Apr-2021,680,PE,0,0,0,52.45,43.3,0,0,2800,0,19-APR-2021,
OPTSTK,SUNPHARMA,29-Apr-2021,690,PE,0,0,0,132.4,51.75,0,0,0,0,19-APR-2021,
OPTSTK,SUNPHARMA,29-Apr-2021,700,PE,56,65,56,62.15,60.65,24,254.81,51800,30800,19-APR-2021,
OPTSTK,SUNPHARMA,29-Apr-2021,710,PE,0,0,0,149.45,69.9,0,0,0,0,19-APR-2021,
OPTSTK,SUNPHARMA,29-Apr-2021,720,PE,0,0,0,158.15,79.4,0,0,0,0,19-APR-2021,
OPTSTK,SUNPHARMA,29-Apr-2021,730,PE,0,0,0,167,89.1,0,0,0,0,19-APR-2021,
OPTSTK,SUNPHARMA,29-Apr-2021,740,PE,0,0,0,116,98.9,0,0,7000,0,19-APR-2021,
OPTSTK,SUNPHARMA,29-Apr-2021,750,PE,109.2,109.2,109.2,109.2,108.75,1,12.02,2800,1400,19-APR-2021,
OPTSTK,SUNPHARMA,29-Apr-2021,760,PE,0,0,0,164,118.7,0,0,23800,0,19-APR-2021,
OPTSTK,SUNPHARMA,29-Apr-2021,770,PE,0,0,0,203.4,128.65,0,0,0,0,19-APR-2021,
OPTSTK,SUNPHARMA,29-Apr-2021,780,PE,0,0,0,212.75,138.6,0,0,0,0,19-APR-2021,
OPTSTK,SUNPHARMA,27-May-2021,370,CE,0,0,0,243.25,272.1,0,0,0,0,19-APR-2021,
OPTSTK,SUNPHARMA,27-May-2021,380,CE,0,0,0,233.45,262.15,0,0,0,0,19-APR-2021,
OPTSTK,SUNPHARMA,27-May-2021,390,CE,0,0,0,223.7,252.2,0,0,0,0,19-APR-2021,
OPTSTK,SUNPHARMA,27-May-2021,400,CE,0,0,0,214,242.25,0,0,0,0,19-APR-2021,
OPTSTK,SUNPHARMA,27-May-2021,410,CE,0,0,0,204.4,232.25,0,0,0,0,19-APR-2021,
OPTSTK,SUNPHARMA,27-May-2021,420,CE,0,0,0,194.85,222.3,0,0,0,0,19-APR-2021,
OPTSTK,SUNPHARMA,27-May-2021,430,CE,0,0,0,185.4,212.35,0,0,0,0,19-APR-2021,
OPTSTK,SUNPHARMA,27-May-2021,440,CE,0,0,0,176.1,202.4,0,0,0,0,19-APR-2021,
OPTSTK,SUNPHARMA,27-May-2021,450,CE,0,0,0,166.9,192.5,0,0,0,0,19-APR-2021,
OPTSTK,SUNPHARMA,27-May-2021,460,CE,0,0,0,157.9,182.55,0,0,0,0,19-APR-2021,
OPTSTK,SUNPHARMA,27-May-2021,470,CE,0,0,0,149.05,172.7,0,0,0,0,19-APR-2021,
OPTSTK,SUNPHARMA,27-May-2021,480,CE,0,0,0,140.4,162.85,0,0,0,0,19-APR-2021,
OPTSTK,SUNPHARMA,27-May-2021,490,CE,0,0,0,132,153.05,0,0,0,0,19-APR-2021,
OPTSTK,SUNPHARMA,27-May-2021,500,CE,0,0,0,123.8,143.35,0,0,0,0,19-APR-2021,
OPTSTK,SUNPHARMA,27-May-2021,510,CE,0,0,0,115.85,133.75,0,0,0,0,19-APR-2021,
OPTSTK,SUNPHARMA,27-May-2021,520,CE,0,0,0,108.2,124.3,0,0,0,0,19-APR-2021,
OPTSTK,SUNPHARMA,27-May-2021,530,CE,0,0,0,100.85,115.05,0,0,0,0,19-APR-2021,
OPTSTK,SUNPHARMA,27-May-2021,540,CE,0,0,0,55.5,105.95,0,0,1400,0,19-APR-2021,
OPTSTK,SUNPHARMA,27-May-2021,550,CE,0,0,0,86.95,97.15,0,0,0,0,19-APR-2021,
OPTSTK,SUNPHARMA,27-May-2021,560,CE,0,0,0,80.45,88.6,0,0,0,0,19-APR-2021,
OPTSTK,SUNPHARMA,27-May-2021,570,CE,0,0,0,74.35,80.4,0,0,0,0,19-APR-2021,
OPTSTK,SUNPHARMA,27-May-2021,580,CE,0,0,0,60,72.55,0,0,1400,0,19-APR-2021,
OPTSTK,SUNPHARMA,27-May-2021,590,CE,0,0,0,63,65.15,0,0,0,0,19-APR-2021,
OPTSTK,SUNPHARMA,27-May-2021,600,CE,64.95,64.95,61,62.6,58.1,3,27.83,7000,-1400,19-APR-2021,
OPTSTK,SUNPHARMA,27-May-2021,610,CE,0,0,0,52.95,51.55,0,0,0,0,19-APR-2021,
OPTSTK,SUNPHARMA,27-May-2021,620,CE,50.35,50.35,50.35,50.35,45.5,1,9.38,2800,1400,19-APR-2021,
OPTSTK,SUNPHARMA,27-May-2021,630,CE,46,46,45.3,45.3,39.9,2,18.91,33600,2800,19-APR-2021,
OPTSTK,SUNPHARMA,27-May-2021,640,CE,35.05,40.3,35.05,37,34.8,11,104.3,22400,0,19-APR-2021,
OPTSTK,SUNPHARMA,27-May-2021,650,CE,28.15,37,28.15,32.8,32.8,123,1176.97,116200,54600,19-APR-2021,
OPTSTK,SUNPHARMA,27-May-2021,660,CE,0,0,0,33.15,25.95,0,0,0,0,19-APR-2021,
OPTSTK,SUNPHARMA,27-May-2021,670,CE,0,0,0,30,22.25,0,0,0,0,19-APR-2021,
OPTSTK,SUNPHARMA,27-May-2021,680,CE,0,0,0,27.1,18.95,0,0,0,0,19-APR-2021,
OPTSTK,SUNPHARMA,27-May-2021,690,CE,0,0,0,24.45,16.05,0,0,0,0,19-APR-2021,
OPTSTK,SUNPHARMA,27-May-2021,700,CE,14.05,20.95,13.3,16.1,16.1,205,2058.33,294000,67200,19-APR-2021,
OPTSTK,SUNPHARMA,27-May-2021,710,CE,0,0,0,19.85,11.3,0,0,0,0,19-APR-2021,
OPTSTK,SUNPHARMA,27-May-2021,720,CE,0,0,0,17.85,9.45,0,0,0,0,19-APR-2021,
OPTSTK,SUNPHARMA,27-May-2021,730,CE,0,0,0,16,7.8,0,0,0,0,19-APR-2021,
OPTSTK,SUNPHARMA,27-May-2021,740,CE,0,0,0,14.3,6.45,0,0,0,0,19-APR-2021,
OPTSTK,SUNPHARMA,27-May-2021,750,CE,7.7,8.35,7.7,8,8,12,127.36,14000,14000,19-APR-2021,
OPTSTK,SUNPHARMA,27-May-2021,760,CE,0,0,0,11.4,4.3,0,0,0,0,19-APR-2021,
OPTSTK,SUNPHARMA,27-May-2021,770,CE,0,0,0,10.2,3.5,0,0,0,0,19-APR-2021,
OPTSTK,SUNPHARMA,27-May-2021,780,CE,0,0,0,9.05,2.85,0,0,0,0,19-APR-2021,
OPTSTK,SUNPHARMA,27-May-2021,370,PE,0,0,0,0.25,0,0,0,0,0,19-APR-2021,
OPTSTK,SUNPHARMA,27-May-2021,380,PE,0,0,0,0.35,0,0,0,0,0,19-APR-2021,
OPTSTK,SUNPHARMA,27-May-2021,390,PE,0,0,0,0.55,0,0,0,0,0,19-APR-2021,
OPTSTK,SUNPHARMA,27-May-2021,400,PE,0,0,0,0.75,0,0,0,0,0,19-APR-2021,
OPTSTK,SUNPHARMA,27-May-2021,410,PE,0,0,0,1,0,0,0,0,0,19-APR-2021,
OPTSTK,SUNPHARMA,27-May-2021,420,PE,0,0,0,1.4,0.05,0,0,0,0,19-APR-2021,
OPTSTK,SUNPHARMA,27-May-2021,430,PE,0,0,0,1.85,0.05,0,0,0,0,19-APR-2021,
OPTSTK,SUNPHARMA,27-May-2021,440,PE,0,0,0,2.45,0.05,0,0,0,0,19-APR-2021,
OPTSTK,SUNPHARMA,27-May-2021,450,PE,0,0,0,3.2,0.1,0,0,0,0,19-APR-2021,
OPTSTK,SUNPHARMA,27-May-2021,460,PE,0,0,0,4.05,0.15,0,0,0,0,19-APR-2021,
OPTSTK,SUNPHARMA,27-May-2021,470,PE,0,0,0,5.15,0.2,0,0,0,0,19-APR-2021,
OPTSTK,SUNPHARMA,27-May-2021,480,PE,0,0,0,6.4,0.35,0,0,0,0,19-APR-2021,
OPTSTK,SUNPHARMA,27-May-2021,490,PE,0,0,0,7.85,0.5,0,0,0,0,19-APR-2021,
OPTSTK,SUNPHARMA,27-May-2021,500,PE,0,0,0,1.3,0.75,0,0,4200,0,19-APR-2021,
OPTSTK,SUNPHARMA,27-May-2021,510,PE,0,0,0,11.55,1.15,0,0,0,0,19-APR-2021,
OPTSTK,SUNPHARMA,27-May-2021,520,PE,0,0,0,13.8,1.65,0,0,0,0,19-APR-2021,
OPTSTK,SUNPHARMA,27-May-2021,530,PE,0,0,0,16.35,2.3,0,0,0,0,19-APR-2021,
OPTSTK,SUNPHARMA,27-May-2021,540,PE,0,0,0,7.15,3.2,0,0,1400,0,19-APR-2021,
OPTSTK,SUNPHARMA,27-May-2021,550,PE,0,0,0,4.5,4.35,0,0,11200,0,19-APR-2021,
OPTSTK,SUNPHARMA,27-May-2021,560,PE,0,0,0,25.7,5.75,0,0,0,0,19-APR-2021,
OPTSTK,SUNPHARMA,27-May-2021,570,PE,0,0,0,29.45,7.5,0,0,0,0,19-APR-2021,
OPTSTK,SUNPHARMA,27-May-2021,580,PE,7.6,11,7.6,10.1,9.65,30,247.63,92400,33600,19-APR-2021,
OPTSTK,SUNPHARMA,27-May-2021,590,PE,0,0,0,18.25,12.2,0,0,1400,0,19-APR-2021,
OPTSTK,SUNPHARMA,27-May-2021,600,PE,14.9,16.65,13.6,15.3,15.3,54,465.03,65800,65800,19-APR-2021,
OPTSTK,SUNPHARMA,27-May-2021,610,PE,0,0,0,47.75,18.55,0,0,0,0,19-APR-2021,
OPTSTK,SUNPHARMA,27-May-2021,620,PE,21,24.9,18.8,23,22.4,19,170.75,15400,12600,19-APR-2021,
OPTSTK,SUNPHARMA,27-May-2021,630,PE,23.05,27,23.05,25.5,26.8,3,27.51,57400,2800,19-APR-2021,
OPTSTK,SUNPHARMA,27-May-2021,640,PE,0,0,0,64.7,31.65,0,0,0,0,19-APR-2021,
OPTSTK,SUNPHARMA,27-May-2021,650,PE,0,0,0,50,36.95,0,0,2800,0,19-APR-2021,
OPTSTK,SUNPHARMA,27-May-2021,660,PE,0,0,0,77.45,42.75,0,0,0,0,19-APR-2021,
OPTSTK,SUNPHARMA,27-May-2021,670,PE,0,0,0,84.2,49,0,0,0,0,19-APR-2021,
OPTSTK,SUNPHARMA,27-May-2021,680,PE,0,0,0,91.25,55.65,0,0,0,0,19-APR-2021,
OPTSTK,SUNPHARMA,27-May-2021,690,PE,0,0,0,98.5,62.7,0,0,0,0,19-APR-2021,
OPTSTK,SUNPHARMA,27-May-2021,700,PE,0,0,0,106,70.15,0,0,0,0,19-APR-2021,
OPTSTK,SUNPHARMA,27-May-2021,710,PE,0,0,0,113.7,77.9,0,0,0,0,19-APR-2021,
OPTSTK,SUNPHARMA,27-May-2021,720,PE,0,0,0,121.6,86,0,0,0,0,19-APR-2021,
OPTSTK,SUNPHARMA,27-May-2021,730,PE,0,0,0,129.65,94.3,0,0,0,0,19-APR-2021,
OPTSTK,SUNPHARMA,27-May-2021,740,PE,0,0,0,137.85,102.9,0,0,0,0,19-APR-2021,
OPTSTK,SUNPHARMA,27-May-2021,750,PE,0,0,0,146.25,111.7,0,0,0,0,19-APR-2021,
OPTSTK,SUNPHARMA,27-May-2021,760,PE,0,0,0,154.8,120.7,0,0,0,0,19-APR-2021,
OPTSTK,SUNPHARMA,27-May-2021,770,PE,0,0,0,163.45,129.85,0,0,0,0,19-APR-2021,
OPTSTK,SUNPHARMA,27-May-2021,780,PE,0,0,0,172.25,139.15,0,0,0,0,19-APR-2021,
OPTSTK,SUNPHARMA,24-Jun-2021,370,CE,0,0,0,209.65,273.2,0,0,0,0,19-APR-2021,
OPTSTK,SUNPHARMA,24-Jun-2021,380,CE,0,0,0,199.95,263.25,0,0,0,0,19-APR-2021,
OPTSTK,SUNPHARMA,24-Jun-2021,390,CE,0,0,0,190.3,253.35,0,0,0,0,19-APR-2021,
OPTSTK,SUNPHARMA,24-Jun-2021,400,CE,0,0,0,180.75,243.45,0,0,0,0,19-APR-2021,
OPTSTK,SUNPHARMA,24-Jun-2021,410,CE,0,0,0,171.35,233.55,0,0,0,0,19-APR-2021,
OPTSTK,SUNPHARMA,24-Jun-2021,420,CE,0,0,0,162.05,223.7,0,0,0,0,19-APR-2021,
OPTSTK,SUNPHARMA,24-Jun-2021,430,CE,0,0,0,152.9,213.85,0,0,0,0,19-APR-2021,
OPTSTK,SUNPHARMA,24-Jun-2021,440,CE,0,0,0,143.9,204.05,0,0,0,0,19-APR-2021,
OPTSTK,SUNPHARMA,24-Jun-2021,450,CE,0,0,0,135.1,194.3,0,0,0,0,19-APR-2021,
OPTSTK,SUNPHARMA,24-Jun-2021,460,CE,0,0,0,126.55,184.65,0,0,0,0,19-APR-2021,
OPTSTK,SUNPHARMA,24-Jun-2021,470,CE,0,0,0,118.25,175.05,0,0,0,0,19-APR-2021,
OPTSTK,SUNPHARMA,24-Jun-2021,480,CE,0,0,0,110.2,165.55,0,0,0,0,19-APR-2021,
OPTSTK,SUNPHARMA,24-Jun-2021,490,CE,0,0,0,102.45,156.2,0,0,0,0,19-APR-2021,
OPTSTK,SUNPHARMA,24-Jun-2021,500,CE,0,0,0,95,147,0,0,0,0,19-APR-2021,
OPTSTK,SUNPHARMA,24-Jun-2021,510,CE,0,0,0,87.8,137.95,0,0,0,0,19-APR-2021,
OPTSTK,SUNPHARMA,24-Jun-2021,520,CE,0,0,0,80.95,129.1,0,0,0,0,19-APR-2021,
OPTSTK,SUNPHARMA,24-Jun-2021,530,CE,0,0,0,74.5,120.5,0,0,0,0,19-APR-2021,
OPTSTK,SUNPHARMA,24-Jun-2021,540,CE,0,0,0,68.35,112.15,0,0,0,0,19-APR-2021,
OPTSTK,SUNPHARMA,24-Jun-2021,550,CE,0,0,0,62.55,104.05,0,0,0,0,19-APR-2021,
OPTSTK,SUNPHARMA,24-Jun-2021,560,CE,0,0,0,57.1,96.25,0,0,0,0,19-APR-2021,
OPTSTK,SUNPHARMA,24-Jun-2021,570,CE,0,0,0,52,88.8,0,0,0,0,19-APR-2021,
OPTSTK,SUNPHARMA,24-Jun-2021,580,CE,0,0,0,47.25,81.6,0,0,0,0,19-APR-2021,
OPTSTK,SUNPHARMA,24-Jun-2021,590,CE,0,0,0,42.85,74.8,0,0,0,0,19-APR-2021,
OPTSTK,SUNPHARMA,24-Jun-2021,600,CE,0,0,0,38.75,68.3,0,0,0,0,19-APR-2021,
OPTSTK,SUNPHARMA,24-Jun-2021,610,CE,0,0,0,34.95,62.25,0,0,0,0,19-APR-2021,
OPTSTK,SUNPHARMA,24-Jun-2021,620,CE,0,0,0,31.45,56.5,0,0,0,0,19-APR-2021,
OPTSTK,SUNPHARMA,24-Jun-2021,630,CE,0,0,0,28.25,51.15,0,0,0,0,19-APR-2021,
OPTSTK,SUNPHARMA,24-Jun-2021,640,CE,0,0,0,25.3,46.15,0,0,0,0,19-APR-2021,
OPTSTK,SUNPHARMA,24-Jun-2021,650,CE,0,0,0,22.65,41.55,0,0,0,0,19-APR-2021,
OPTSTK,SUNPHARMA,24-Jun-2021,660,CE,0,0,0,20.25,37.25,0,0,0,0,19-APR-2021,
OPTSTK,SUNPHARMA,24-Jun-2021,670,CE,0,0,0,18.05,33.35,0,0,0,0,19-APR-2021,
OPTSTK,SUNPHARMA,24-Jun-2021,680,CE,0,0,0,16.05,29.75,0,0,0,0,19-APR-2021,
OPTSTK,SUNPHARMA,24-Jun-2021,690,CE,0,0,0,14.25,26.45,0,0,0,0,19-APR-2021,
OPTSTK,SUNPHARMA,24-Jun-2021,700,CE,0,0,0,12.6,23.45,0,0,0,0,19-APR-2021,
OPTSTK,SUNPHARMA,24-Jun-2021,710,CE,0,0,0,11.15,20.75,0,0,0,0,19-APR-2021,
OPTSTK,SUNPHARMA,24-Jun-2021,720,CE,0,0,0,9.85,18.3,0,0,0,0,19-APR-2021,
OPTSTK,SUNPHARMA,24-Jun-2021,730,CE,0,0,0,8.7,16.15,0,0,0,0,19-APR-2021,
OPTSTK,SUNPHARMA,24-Jun-2021,740,CE,0,0,0,7.65,14.15,0,0,0,0,19-APR-2021,
OPTSTK,SUNPHARMA,24-Jun-2021,750,CE,0,0,0,6.75,12.4,0,0,0,0,19-APR-2021,
OPTSTK,SUNPHARMA,24-Jun-2021,760,CE,0,0,0,5.9,10.8,0,0,0,0,19-APR-2021,
OPTSTK,SUNPHARMA,24-Jun-2021,770,CE,0,0,0,5.2,9.4,0,0,0,0,19-APR-2021,
OPTSTK,SUNPHARMA,24-Jun-2021,780,CE,0,0,0,4.55,8.2,0,0,0,0,19-APR-2021,
OPTSTK,SUNPHARMA,24-Jun-2021,370,PE,0,0,0,0.45,0.05,0,0,0,0,19-APR-2021,
OPTSTK,SUNPHARMA,24-Jun-2021,380,PE,0,0,0,0.65,0.05,0,0,0,0,19-APR-2021,
OPTSTK,SUNPHARMA,24-Jun-2021,390,PE,0,0,0,0.95,0.05,0,0,0,0,19-APR-2021,
OPTSTK,SUNPHARMA,24-Jun-2021,400,PE,0,0,0,1.3,0.1,0,0,0,0,19-APR-2021,
OPTSTK,SUNPHARMA,24-Jun-2021,410,PE,0,0,0,1.75,0.15,0,0,0,0,19-APR-2021,
OPTSTK,SUNPHARMA,24-Jun-2021,420,PE,0,0,0,2.35,0.2,0,0,0,0,19-APR-2021,
OPTSTK,SUNPHARMA,24-Jun-2021,430,PE,0,0,0,3.15,0.3,0,0,0,0,19-APR-2021,
OPTSTK,SUNPHARMA,24-Jun-2021,440,PE,0,0,0,4.05,0.45,0,0,0,0,19-APR-2021,
OPTSTK,SUNPHARMA,24-Jun-2021,450,PE,0,0,0,1.55,0.6,0,0,1400,0,19-APR-2021,
OPTSTK,SUNPHARMA,24-Jun-2021,460,PE,0,0,0,6.55,0.85,0,0,0,0,19-APR-2021,
OPTSTK,SUNPHARMA,24-Jun-2021,470,PE,0,0,0,8.1,1.2,0,0,0,0,19-APR-2021,
OPTSTK,SUNPHARMA,24-Jun-2021,480,PE,0,0,0,10,1.65,0,0,0,0,19-APR-2021,
OPTSTK,SUNPHARMA,24-Jun-2021,490,PE,0,0,0,12.1,2.25,0,0,0,0,19-APR-2021,
OPTSTK,SUNPHARMA,24-Jun-2021,500,PE,0,0,0,14.6,2.95,0,0,0,0,19-APR-2021,
OPTSTK,SUNPHARMA,24-Jun-2021,510,PE,0,0,0,17.35,3.85,0,0,0,0,19-APR-2021,
OPTSTK,SUNPHARMA,24-Jun-2021,520,PE,0,0,0,20.4,4.95,0,0,0,0,19-APR-2021,
OPTSTK,SUNPHARMA,24-Jun-2021,530,PE,0,0,0,23.8,6.3,0,0,0,0,19-APR-2021,
OPTSTK,SUNPHARMA,24-Jun-2021,540,PE,0,0,0,27.6,7.85,0,0,0,0,19-APR-2021,
OPTSTK,SUNPHARMA,24-Jun-2021,550,PE,0,0,0,31.7,9.7,0,0,0,0,19-APR-2021,
OPTSTK,SUNPHARMA,24-Jun-2021,560,PE,0,0,0,36.15,11.8,0,0,0,0,19-APR-2021,
OPTSTK,SUNPHARMA,24-Jun-2021,570,PE,0,0,0,40.95,14.3,0,0,0,0,19-APR-2021,
OPTSTK,SUNPHARMA,24-Jun-2021,580,PE,0,0,0,46.1,17.05,0,0,0,0,19-APR-2021,
OPTSTK,SUNPHARMA,24-Jun-2021,590,PE,0,0,0,51.6,20.15,0,0,0,0,19-APR-2021,
OPTSTK,SUNPHARMA,24-Jun-2021,600,PE,0,0,0,57.4,23.6,0,0,0,0,19-APR-2021,
OPTSTK,SUNPHARMA,24-Jun-2021,610,PE,0,0,0,63.5,27.45,0,0,0,0,19-APR-2021,
OPTSTK,SUNPHARMA,24-Jun-2021,620,PE,0,0,0,69.95,31.65,0,0,0,0,19-APR-2021,
OPTSTK,SUNPHARMA,24-Jun-2021,630,PE,0,0,0,76.65,36.25,0,0,0,0,19-APR-2021,
OPTSTK,SUNPHARMA,24-Jun-2021,640,PE,0,0,0,83.6,41.2,0,0,0,0,19-APR-2021,
OPTSTK,SUNPHARMA,24-Jun-2021,650,PE,0,0,0,90.85,46.5,0,0,0,0,19-APR-2021,
OPTSTK,SUNPHARMA,24-Jun-2021,660,PE,0,0,0,98.35,52.15,0,0,0,0,19-APR-2021,
OPTSTK,SUNPHARMA,24-Jun-2021,670,PE,0,0,0,106.05,58.15,0,0,0,0,19-APR-2021,
OPTSTK,SUNPHARMA,24-Jun-2021,680,PE,0,0,0,113.95,64.5,0,0,0,0,19-APR-2021,
OPTSTK,SUNPHARMA,24-Jun-2021,690,PE,0,0,0,122.05,71.1,0,0,0,0,19-APR-2021,
OPTSTK,SUNPHARMA,24-Jun-2021,700,PE,0,0,0,130.35,78.05,0,0,0,0,19-APR-2021,
OPTSTK,SUNPHARMA,24-Jun-2021,710,PE,0,0,0,138.8,85.3,0,0,0,0,19-APR-2021,
OPTSTK,SUNPHARMA,24-Jun-2021,720,PE,0,0,0,147.4,92.8,0,0,0,0,19-APR-2021,
OPTSTK,SUNPHARMA,24-Jun-2021,730,PE,0,0,0,156.15,100.55,0,0,0,0,19-APR-2021,
OPTSTK,SUNPHARMA,24-Jun-2021,740,PE,0,0,0,165,108.5,0,0,0,0,19-APR-2021,
OPTSTK,SUNPHARMA,24-Jun-2021,750,PE,0,0,0,174,116.65,0,0,0,0,19-APR-2021,
OPTSTK,SUNPHARMA,24-Jun-2021,760,PE,0,0,0,183.1,125.05,0,0,0,0,19-APR-2021,
OPTSTK,SUNPHARMA,24-Jun-2021,770,PE,0,0,0,192.25,133.55,0,0,0,0,19-APR-2021,
OPTSTK,SUNPHARMA,24-Jun-2021,780,PE,0,0,0,201.55,142.25,0,0,0,0,19-APR-2021,
OPTSTK,SUNTV,29-Apr-2021,320,CE,0,0,0,177.5,138.6,0,0,0,0,19-APR-2021,
OPTSTK,SUNTV,29-Apr-2021,330,CE,0,0,0,168.2,128.6,0,0,0,0,19-APR-2021,
OPTSTK,SUNTV,29-Apr-2021,340,CE,0,0,0,159,118.6,0,0,0,0,19-APR-2021,
OPTSTK,SUNTV,29-Apr-2021,350,CE,0,0,0,150,108.6,0,0,0,0,19-APR-2021,
OPTSTK,SUNTV,29-Apr-2021,360,CE,0,0,0,141.25,98.65,0,0,0,0,19-APR-2021,
OPTSTK,SUNTV,29-Apr-2021,370,CE,0,0,0,132.65,88.7,0,0,0,0,19-APR-2021,
OPTSTK,SUNTV,29-Apr-2021,380,CE,0,0,0,124.35,78.8,0,0,0,0,19-APR-2021,
OPTSTK,SUNTV,29-Apr-2021,390,CE,0,0,0,116.25,69,0,0,0,0,19-APR-2021,
OPTSTK,SUNTV,29-Apr-2021,400,CE,0,0,0,69,59.4,0,0,13500,0,19-APR-2021,
OPTSTK,SUNTV,29-Apr-2021,410,CE,0,0,0,101,50.15,0,0,0,0,19-APR-2021,
OPTSTK,SUNTV,29-Apr-2021,420,CE,0,0,0,93.8,41.35,0,0,0,0,19-APR-2021,
OPTSTK,SUNTV,29-Apr-2021,430,CE,0,0,0,86.95,33.25,0,0,0,0,19-APR-2021,
OPTSTK,SUNTV,29-Apr-2021,440,CE,0,0,0,80.4,26,0,0,0,0,19-APR-2021,
OPTSTK,SUNTV,29-Apr-2021,450,CE,0,0,0,33.5,19.75,0,0,45000,0,19-APR-2021,
OPTSTK,SUNTV,29-Apr-2021,460,CE,10,15,10,15,14.5,4,28.28,61500,-6000,19-APR-2021,
OPTSTK,SUNTV,29-Apr-2021,470,CE,0,0,0,19.8,10.35,0,0,256500,0,19-APR-2021,
OPTSTK,SUNTV,29-Apr-2021,480,CE,8.5,8.8,5.5,7,7,56,408.95,504000,-84000,19-APR-2021,
OPTSTK,SUNTV,29-Apr-2021,490,CE,5.8,5.8,4.35,4.8,4.75,10,74.25,259500,-15000,19-APR-2021,
OPTSTK,SUNTV,29-Apr-2021,500,CE,3.3,4.25,2.5,3.7,3.7,37,279.29,825000,-55500,19-APR-2021,
OPTSTK,SUNTV,29-Apr-2021,510,CE,2,2.5,2,2.15,1.9,9,69.14,163500,-13500,19-APR-2021,
OPTSTK,SUNTV,29-Apr-2021,520,CE,2.2,2.2,1.4,1.95,1.95,9,70.43,228000,-13500,19-APR-2021,
OPTSTK,SUNTV,29-Apr-2021,530,CE,1.4,1.4,0.85,1,0.7,9,71.7,130500,-13500,19-APR-2021,
OPTSTK,SUNTV,29-Apr-2021,540,CE,1,2.4,1,2.4,0.4,2,16.25,84000,-3000,19-APR-2021,
OPTSTK,SUNTV,29-Apr-2021,550,CE,0.6,0.8,0.6,0.65,0.25,21,173.46,505500,-31500,19-APR-2021,
OPTSTK,SUNTV,29-Apr-2021,560,CE,0,0,0,1.9,0.15,0,0,12000,0,19-APR-2021,
OPTSTK,SUNTV,29-Apr-2021,570,CE,0,0,0,0.55,0.1,0,0,4500,0,19-APR-2021,
OPTSTK,SUNTV,29-Apr-2021,580,CE,0,0,0,22.15,0.05,0,0,0,0,19-APR-2021,
OPTSTK,SUNTV,29-Apr-2021,590,CE,0,0,0,20,0.05,0,0,0,0,19-APR-2021,
OPTSTK,SUNTV,29-Apr-2021,600,CE,0.6,0.6,0.55,0.55,0.05,8,72.06,186000,-12000,19-APR-2021,
OPTSTK,SUNTV,29-Apr-2021,610,CE,0,0,0,1.1,0,0,0,3000,0,19-APR-2021,
OPTSTK,SUNTV,29-Apr-2021,620,CE,0,0,0,14.5,0,0,0,0,0,19-APR-2021,
OPTSTK,SUNTV,29-Apr-2021,630,CE,0,0,0,13.05,0,0,0,0,0,19-APR-2021,
OPTSTK,SUNTV,29-Apr-2021,640,CE,0,0,0,11.7,0,0,0,0,0,19-APR-2021,
OPTSTK,SUNTV,29-Apr-2021,650,CE,0,0,0,0.25,0,0,0,0,0,19-APR-2021,
OPTSTK,SUNTV,29-Apr-2021,320,PE,0,0,0,1.6,0,0,0,0,0,19-APR-2021,
OPTSTK,SUNTV,29-Apr-2021,330,PE,0,0,0,2.2,0,0,0,0,0,19-APR-2021,
OPTSTK,SUNTV,29-Apr-2021,340,PE,0,0,0,2.9,0,0,0,0,0,19-APR-2021,
OPTSTK,SUNTV,29-Apr-2021,350,PE,0,0,0,3.85,0,0,0,0,0,19-APR-2021,
OPTSTK,SUNTV,29-Apr-2021,360,PE,0,0,0,4.95,0.05,0,0,0,0,19-APR-2021,
OPTSTK,SUNTV,29-Apr-2021,370,PE,0,0,0,3,0.05,0,0,1500,0,19-APR-2021,
OPTSTK,SUNTV,29-Apr-2021,380,PE,0,0,0,3.2,0.15,0,0,3000,0,19-APR-2021,
OPTSTK,SUNTV,29-Apr-2021,390,PE,0,0,0,4.45,0.35,0,0,1500,0,19-APR-2021,
OPTSTK,SUNTV,29-Apr-2021,400,PE,0,0,0,1.25,0.75,0,0,142500,0,19-APR-2021,
OPTSTK,SUNTV,29-Apr-2021,410,PE,0.5,0.5,0.5,0.5,1.45,1,6.15,0,-1500,19-APR-2021,
OPTSTK,SUNTV,29-Apr-2021,420,PE,0,0,0,1.05,2.7,0,0,79500,0,19-APR-2021,
OPTSTK,SUNTV,29-Apr-2021,430,PE,0,0,0,7.65,4.6,0,0,61500,0,19-APR-2021,
OPTSTK,SUNTV,29-Apr-2021,440,PE,0,0,0,4.6,7.3,0,0,114000,0,19-APR-2021,
OPTSTK,SUNTV,29-Apr-2021,450,PE,10,10.9,8,10.9,10.9,14,96.44,211500,-21000,19-APR-2021,
OPTSTK,SUNTV,29-Apr-2021,460,PE,17,17,17,17,15.8,2,14.31,148500,-3000,19-APR-2021,
OPTSTK,SUNTV,29-Apr-2021,470,PE,22,22,18.1,18.1,21.6,5,36.83,160500,-7500,19-APR-2021,
OPTSTK,SUNTV,29-Apr-2021,480,PE,22,22.1,22,22.1,28.4,3,22.59,127500,-4500,19-APR-2021,
OPTSTK,SUNTV,29-Apr-2021,490,PE,0,0,0,19.35,36,0,0,12000,0,19-APR-2021,
OPTSTK,SUNTV,29-Apr-2021,500,PE,41,41,41,41,44.3,1,8.11,130500,-1500,19-APR-2021,
OPTSTK,SUNTV,29-Apr-2021,510,PE,0,0,0,56.35,53.15,0,0,0,0,19-APR-2021,
OPTSTK,SUNTV,29-Apr-2021,520,PE,0,0,0,45.75,62.4,0,0,40500,0,19-APR-2021,
OPTSTK,SUNTV,29-Apr-2021,530,PE,0,0,0,68.6,71.9,0,0,0,0,19-APR-2021,
OPTSTK,SUNTV,29-Apr-2021,540,PE,0,0,0,71.75,81.6,0,0,55500,0,19-APR-2021,
OPTSTK,SUNTV,29-Apr-2021,550,PE,0,0,0,100,91.45,0,0,3000,0,19-APR-2021,
OPTSTK,SUNTV,29-Apr-2021,560,PE,0,0,0,89,101.3,0,0,0,0,19-APR-2021,
OPTSTK,SUNTV,29-Apr-2021,570,PE,0,0,0,96.35,111.25,0,0,0,0,19-APR-2021,
OPTSTK,SUNTV,29-Apr-2021,580,PE,0,0,0,103.85,121.2,0,0,0,0,19-APR-2021,
OPTSTK,SUNTV,29-Apr-2021,590,PE,0,0,0,111.6,131.2,0,0,0,0,19-APR-2021,
OPTSTK,SUNTV,29-Apr-2021,600,PE,0,0,0,119.5,141.2,0,0,0,0,19-APR-2021,
OPTSTK,SUNTV,29-Apr-2021,610,PE,0,0,0,127.6,151.15,0,0,0,0,19-APR-2021,
OPTSTK,SUNTV,29-Apr-2021,620,PE,0,0,0,135.85,161.15,0,0,0,0,19-APR-2021,
OPTSTK,SUNTV,29-Apr-2021,630,PE,0,0,0,144.25,171.15,0,0,0,0,19-APR-2021,
OPTSTK,SUNTV,29-Apr-2021,640,PE,0,0,0,152.8,181.15,0,0,0,0,19-APR-2021,
OPTSTK,SUNTV,29-Apr-2021,650,PE,0,0,0,161.5,191.1,0,0,0,0,19-APR-2021,
OPTSTK,SUNTV,27-May-2021,320,CE,0,0,0,195.6,139.8,0,0,0,0,19-APR-2021,
OPTSTK,SUNTV,27-May-2021,330,CE,0,0,0,186.1,130,0,0,0,0,19-APR-2021,
OPTSTK,SUNTV,27-May-2021,340,CE,0,0,0,176.75,120.35,0,0,0,0,19-APR-2021,
OPTSTK,SUNTV,27-May-2021,350,CE,0,0,0,167.55,110.85,0,0,0,0,19-APR-2021,
OPTSTK,SUNTV,27-May-2021,360,CE,0,0,0,158.5,101.5,0,0,0,0,19-APR-2021,
OPTSTK,SUNTV,27-May-2021,370,CE,0,0,0,149.6,92.4,0,0,0,0,19-APR-2021,
OPTSTK,SUNTV,27-May-2021,380,CE,0,0,0,140.95,83.65,0,0,0,0,19-APR-2021,
OPTSTK,SUNTV,27-May-2021,390,CE,0,0,0,132.5,75.2,0,0,0,0,19-APR-2021,
OPTSTK,SUNTV,27-May-2021,400,CE,0,0,0,124.3,67.15,0,0,0,0,19-APR-2021,
OPTSTK,SUNTV,27-May-2021,410,CE,0,0,0,116.4,59.6,0,0,0,0,19-APR-2021,
OPTSTK,SUNTV,27-May-2021,420,CE,0,0,0,108.75,52.5,0,0,0,0,19-APR-2021,
OPTSTK,SUNTV,27-May-2021,430,CE,0,0,0,101.4,45.9,0,0,0,0,19-APR-2021,
OPTSTK,SUNTV,27-May-2021,440,CE,0,0,0,94.35,39.9,0,0,0,0,19-APR-2021,
OPTSTK,SUNTV,27-May-2021,450,CE,0,0,0,36.1,34.4,0,0,1500,0,19-APR-2021,
OPTSTK,SUNTV,27-May-2021,460,CE,0,0,0,57,29.5,0,0,3000,0,19-APR-2021,
OPTSTK,SUNTV,27-May-2021,470,CE,0,0,0,41.2,25.1,0,0,70500,0,19-APR-2021,
OPTSTK,SUNTV,27-May-2021,480,CE,0,0,0,69.3,21.2,0,0,0,0,19-APR-2021,
OPTSTK,SUNTV,27-May-2021,490,CE,0,0,0,63.85,17.8,0,0,0,0,19-APR-2021,
OPTSTK,SUNTV,27-May-2021,500,CE,0,0,0,27.75,14.85,0,0,219000,0,19-APR-2021,
OPTSTK,SUNTV,27-May-2021,510,CE,0,0,0,53.95,12.3,0,0,0,0,19-APR-2021,
OPTSTK,SUNTV,27-May-2021,520,CE,0,0,0,18.5,10.15,0,0,1500,0,19-APR-2021,
OPTSTK,SUNTV,27-May-2021,530,CE,0,0,0,45.25,8.3,0,0,0,0,19-APR-2021,
OPTSTK,SUNTV,27-May-2021,540,CE,0,0,0,41.35,6.75,0,0,0,0,19-APR-2021,
OPTSTK,SUNTV,27-May-2021,550,CE,0,0,0,14.1,5.5,0,0,15000,0,19-APR-2021,
OPTSTK,SUNTV,27-May-2021,560,CE,0,0,0,34.35,4.4,0,0,0,0,19-APR-2021,
OPTSTK,SUNTV,27-May-2021,570,CE,0,0,0,31.2,3.55,0,0,0,0,19-APR-2021,
OPTSTK,SUNTV,27-May-2021,580,CE,0,0,0,28.35,2.85,0,0,0,0,19-APR-2021,
OPTSTK,SUNTV,27-May-2021,590,CE,0,0,0,25.7,2.25,0,0,0,0,19-APR-2021,
OPTSTK,SUNTV,27-May-2021,600,CE,0,0,0,7.3,1.8,0,0,42000,0,19-APR-2021,
OPTSTK,SUNTV,27-May-2021,610,CE,0,0,0,21.1,1.4,0,0,0,0,19-APR-2021,
OPTSTK,SUNTV,27-May-2021,620,CE,0,0,0,19.05,1.1,0,0,0,0,19-APR-2021,
OPTSTK,SUNTV,27-May-2021,630,CE,0,0,0,17.2,0.85,0,0,0,0,19-APR-2021,
OPTSTK,SUNTV,27-May-2021,640,CE,0,0,0,15.5,0.65,0,0,0,0,19-APR-2021,
OPTSTK,SUNTV,27-May-2021,650,CE,0,0,0,13.95,0.5,0,0,0,0,19-APR-2021,
OPTSTK,SUNTV,27-May-2021,320,PE,0,0,0,1.1,0.3,0,0,0,0,19-APR-2021,
OPTSTK,SUNTV,27-May-2021,330,PE,0,0,0,1.55,0.45,0,0,1500,0,19-APR-2021,
OPTSTK,SUNTV,27-May-2021,340,PE,0,0,0,2.1,0.75,0,0,0,0,19-APR-2021,
OPTSTK,SUNTV,27-May-2021,350,PE,0,0,0,2.8,1.2,0,0,0,0,19-APR-2021,
OPTSTK,SUNTV,27-May-2021,360,PE,0,0,0,3.65,1.85,0,0,0,0,19-APR-2021,
OPTSTK,SUNTV,27-May-2021,370,PE,0,0,0,4.65,2.75,0,0,0,0,19-APR-2021,
OPTSTK,SUNTV,27-May-2021,380,PE,0,0,0,5.9,3.9,0,0,0,0,19-APR-2021,
OPTSTK,SUNTV,27-May-2021,390,PE,0,0,0,7.4,5.45,0,0,0,0,19-APR-2021,
OPTSTK,SUNTV,27-May-2021,400,PE,0,0,0,7.25,7.35,0,0,4500,0,19-APR-2021,
OPTSTK,SUNTV,27-May-2021,410,PE,0,0,0,11.05,9.75,0,0,0,0,19-APR-2021,
OPTSTK,SUNTV,27-May-2021,420,PE,0,0,0,12,12.6,0,0,7500,0,19-APR-2021,
OPTSTK,SUNTV,27-May-2021,430,PE,0,0,0,15.9,16,0,0,0,0,19-APR-2021,
OPTSTK,SUNTV,27-May-2021,440,PE,0,0,0,18.75,19.95,0,0,0,0,19-APR-2021,
OPTSTK,SUNTV,27-May-2021,450,PE,0,0,0,21,24.4,0,0,24000,0,19-APR-2021,
OPTSTK,SUNTV,27-May-2021,460,PE,0,0,0,25.4,29.45,0,0,0,0,19-APR-2021,
OPTSTK,SUNTV,27-May-2021,470,PE,0,0,0,29.2,35,0,0,0,0,19-APR-2021,
OPTSTK,SUNTV,27-May-2021,480,PE,0,0,0,33.35,41.1,0,0,0,0,19-APR-2021,
OPTSTK,SUNTV,27-May-2021,490,PE,0,0,0,37.8,47.65,0,0,0,0,19-APR-2021,
OPTSTK,SUNTV,27-May-2021,500,PE,0,0,0,42.6,54.65,0,0,0,0,19-APR-2021,
OPTSTK,SUNTV,27-May-2021,510,PE,0,0,0,47.7,62.1,0,0,0,0,19-APR-2021,
OPTSTK,SUNTV,27-May-2021,520,PE,0,0,0,53.1,69.85,0,0,0,0,19-APR-2021,
OPTSTK,SUNTV,27-May-2021,530,PE,0,0,0,58.8,78,0,0,0,0,19-APR-2021,
OPTSTK,SUNTV,27-May-2021,540,PE,0,0,0,64.8,86.4,0,0,0,0,19-APR-2021,
OPTSTK,SUNTV,27-May-2021,550,PE,0,0,0,71.1,95.1,0,0,0,0,19-APR-2021,
OPTSTK,SUNTV,27-May-2021,560,PE,0,0,0,77.6,104,0,0,0,0,19-APR-2021,
OPTSTK,SUNTV,27-May-2021,570,PE,0,0,0,84.4,113.05,0,0,0,0,19-APR-2021,
OPTSTK,SUNTV,27-May-2021,580,PE,0,0,0,91.45,122.3,0,0,0,0,19-APR-2021,
OPTSTK,SUNTV,27-May-2021,590,PE,0,0,0,98.7,131.7,0,0,0,0,19-APR-2021,
OPTSTK,SUNTV,27-May-2021,600,PE,0,0,0,106.25,141.2,0,0,0,0,19-APR-2021,
OPTSTK,SUNTV,27-May-2021,610,PE,0,0,0,113.9,150.75,0,0,0,0,19-APR-2021,
OPTSTK,SUNTV,27-May-2021,620,PE,0,0,0,121.8,160.45,0,0,0,0,19-APR-2021,
OPTSTK,SUNTV,27-May-2021,630,PE,0,0,0,129.85,170.15,0,0,0,0,19-APR-2021,
OPTSTK,SUNTV,27-May-2021,640,PE,0,0,0,138.05,179.95,0,0,0,0,19-APR-2021,
OPTSTK,SUNTV,27-May-2021,650,PE,0,0,0,146.4,189.75,0,0,0,0,19-APR-2021,
OPTSTK,SUNTV,24-Jun-2021,320,CE,0,0,0,137.75,141.85,0,0,0,0,19-APR-2021,
OPTSTK,SUNTV,24-Jun-2021,330,CE,0,0,0,128.9,132.5,0,0,0,0,19-APR-2021,
OPTSTK,SUNTV,24-Jun-2021,340,CE,0,0,0,120.25,123.4,0,0,0,0,19-APR-2021,
OPTSTK,SUNTV,24-Jun-2021,350,CE,0,0,0,111.9,114.5,0,0,0,0,19-APR-2021,
OPTSTK,SUNTV,24-Jun-2021,360,CE,0,0,0,103.85,105.85,0,0,0,0,19-APR-2021,
OPTSTK,SUNTV,24-Jun-2021,370,CE,0,0,0,96.1,97.5,0,0,0,0,19-APR-2021,
OPTSTK,SUNTV,24-Jun-2021,380,CE,0,0,0,88.7,89.5,0,0,0,0,19-APR-2021,
OPTSTK,SUNTV,24-Jun-2021,390,CE,0,0,0,81.65,81.8,0,0,0,0,19-APR-2021,
OPTSTK,SUNTV,24-Jun-2021,400,CE,0,0,0,74.9,74.55,0,0,0,0,19-APR-2021,
OPTSTK,SUNTV,24-Jun-2021,410,CE,0,0,0,68.55,67.65,0,0,0,0,19-APR-2021,
OPTSTK,SUNTV,24-Jun-2021,420,CE,0,0,0,62.6,61.15,0,0,0,0,19-APR-2021,
OPTSTK,SUNTV,24-Jun-2021,430,CE,0,0,0,57,55.1,0,0,0,0,19-APR-2021,
OPTSTK,SUNTV,24-Jun-2021,440,CE,0,0,0,51.8,49.45,0,0,0,0,19-APR-2021,
OPTSTK,SUNTV,24-Jun-2021,450,CE,0,0,0,46.95,44.2,0,0,0,0,19-APR-2021,
OPTSTK,SUNTV,24-Jun-2021,460,CE,0,0,0,42.45,39.4,0,0,0,0,19-APR-2021,
OPTSTK,SUNTV,24-Jun-2021,470,CE,0,0,0,38.3,35,0,0,0,0,19-APR-2021,
OPTSTK,SUNTV,24-Jun-2021,480,CE,0,0,0,34.45,31,0,0,0,0,19-APR-2021,
OPTSTK,SUNTV,24-Jun-2021,490,CE,0,0,0,30.95,27.35,0,0,0,0,19-APR-2021,
OPTSTK,SUNTV,24-Jun-2021,500,CE,0,0,0,27.75,24.1,0,0,0,0,19-APR-2021,
OPTSTK,SUNTV,24-Jun-2021,510,CE,0,0,0,24.85,21.1,0,0,0,0,19-APR-2021,
OPTSTK,SUNTV,24-Jun-2021,520,CE,0,0,0,22.2,18.5,0,0,0,0,19-APR-2021,
OPTSTK,SUNTV,24-Jun-2021,530,CE,0,0,0,19.8,16.15,0,0,0,0,19-APR-2021,
OPTSTK,SUNTV,24-Jun-2021,540,CE,0,0,0,17.65,14.05,0,0,0,0,19-APR-2021,
OPTSTK,SUNTV,24-Jun-2021,550,CE,0,0,0,15.65,12.2,0,0,0,0,19-APR-2021,
OPTSTK,SUNTV,24-Jun-2021,560,CE,0,0,0,13.9,10.55,0,0,0,0,19-APR-2021,
OPTSTK,SUNTV,24-Jun-2021,570,CE,0,0,0,12.3,9.1,0,0,0,0,19-APR-2021,
OPTSTK,SUNTV,24-Jun-2021,580,CE,0,0,0,10.9,7.85,0,0,0,0,19-APR-2021,
OPTSTK,SUNTV,24-Jun-2021,590,CE,0,0,0,9.6,6.75,0,0,0,0,19-APR-2021,
OPTSTK,SUNTV,24-Jun-2021,600,CE,0,0,0,8.5,5.8,0,0,0,0,19-APR-2021,
OPTSTK,SUNTV,24-Jun-2021,610,CE,0,0,0,7.5,4.95,0,0,0,0,19-APR-2021,
OPTSTK,SUNTV,24-Jun-2021,620,CE,0,0,0,6.6,4.25,0,0,0,0,19-APR-2021,
OPTSTK,SUNTV,24-Jun-2021,630,CE,0,0,0,5.8,3.6,0,0,0,0,19-APR-2021,
OPTSTK,SUNTV,24-Jun-2021,640,CE,0,0,0,5.1,3.1,0,0,0,0,19-APR-2021,
OPTSTK,SUNTV,24-Jun-2021,650,CE,0,0,0,4.45,2.6,0,0,0,0,19-APR-2021,
OPTSTK,SUNTV,24-Jun-2021,320,PE,0,0,0,3.15,1.45,0,0,0,0,19-APR-2021,
OPTSTK,SUNTV,24-Jun-2021,330,PE,0,0,0,4.2,2.05,0,0,0,0,19-APR-2021,
OPTSTK,SUNTV,24-Jun-2021,340,PE,0,0,0,5.5,2.85,0,0,0,0,19-APR-2021,
OPTSTK,SUNTV,24-Jun-2021,350,PE,0,0,0,7.05,3.9,0,0,0,0,19-APR-2021,
OPTSTK,SUNTV,24-Jun-2021,360,PE,0,0,0,8.9,5.15,0,0,0,0,19-APR-2021,
OPTSTK,SUNTV,24-Jun-2021,370,PE,0,0,0,11.05,6.75,0,0,0,0,19-APR-2021,
OPTSTK,SUNTV,24-Jun-2021,380,PE,0,0,0,13.55,8.65,0,0,0,0,19-APR-2021,
OPTSTK,SUNTV,24-Jun-2021,390,PE,0,0,0,16.4,10.95,0,0,0,0,19-APR-2021,
OPTSTK,SUNTV,24-Jun-2021,400,PE,0,0,0,19.6,13.6,0,0,0,0,19-APR-2021,
OPTSTK,SUNTV,24-Jun-2021,410,PE,0,0,0,23.15,16.6,0,0,0,0,19-APR-2021,
OPTSTK,SUNTV,24-Jun-2021,420,PE,0,0,0,27.1,20.05,0,0,0,0,19-APR-2021,
OPTSTK,SUNTV,24-Jun-2021,430,PE,0,0,0,31.4,23.95,0,0,0,0,19-APR-2021,
OPTSTK,SUNTV,24-Jun-2021,440,PE,0,0,0,36.1,28.2,0,0,0,0,19-APR-2021,
OPTSTK,SUNTV,24-Jun-2021,450,PE,0,0,0,41.15,32.95,0,0,0,0,19-APR-2021,
OPTSTK,SUNTV,24-Jun-2021,460,PE,0,0,0,46.55,38.05,0,0,0,0,19-APR-2021,
OPTSTK,SUNTV,24-Jun-2021,470,PE,0,0,0,52.3,43.6,0,0,0,0,19-APR-2021,
OPTSTK,SUNTV,24-Jun-2021,480,PE,0,0,0,58.4,49.5,0,0,0,0,19-APR-2021,
OPTSTK,SUNTV,24-Jun-2021,490,PE,0,0,0,64.8,55.8,0,0,0,0,19-APR-2021,
OPTSTK,SUNTV,24-Jun-2021,500,PE,0,0,0,71.5,62.45,0,0,0,0,19-APR-2021,
OPTSTK,SUNTV,24-Jun-2021,510,PE,0,0,0,78.5,69.4,0,0,0,0,19-APR-2021,
OPTSTK,SUNTV,24-Jun-2021,520,PE,0,0,0,85.75,76.75,0,0,0,0,19-APR-2021,
OPTSTK,SUNTV,24-Jun-2021,530,PE,0,0,0,93.25,84.3,0,0,0,0,19-APR-2021,
OPTSTK,SUNTV,24-Jun-2021,540,PE,0,0,0,101,92.15,0,0,0,0,19-APR-2021,
OPTSTK,SUNTV,24-Jun-2021,550,PE,0,0,0,108.95,100.2,0,0,0,0,19-APR-2021,
OPTSTK,SUNTV,24-Jun-2021,560,PE,0,0,0,117.1,108.5,0,0,0,0,19-APR-2021,
OPTSTK,SUNTV,24-Jun-2021,570,PE,0,0,0,125.4,117,0,0,0,0,19-APR-2021,
OPTSTK,SUNTV,24-Jun-2021,580,PE,0,0,0,133.9,125.7,0,0,0,0,19-APR-2021,
OPTSTK,SUNTV,24-Jun-2021,590,PE,0,0,0,142.55,134.5,0,0,0,0,19-APR-2021,
OPTSTK,SUNTV,24-Jun-2021,600,PE,0,0,0,151.3,143.5,0,0,0,0,19-APR-2021,
OPTSTK,SUNTV,24-Jun-2021,610,PE,0,0,0,160.2,152.6,0,0,0,0,19-APR-2021,
OPTSTK,SUNTV,24-Jun-2021,620,PE,0,0,0,169.2,161.8,0,0,0,0,19-APR-2021,
OPTSTK,SUNTV,24-Jun-2021,630,PE,0,0,0,178.35,171.1,0,0,0,0,19-APR-2021,
OPTSTK,SUNTV,24-Jun-2021,640,PE,0,0,0,187.55,180.5,0,0,0,0,19-APR-2021,
OPTSTK,SUNTV,24-Jun-2021,650,PE,0,0,0,196.8,190,0,0,0,0,19-APR-2021,
OPTSTK,TATACHEM,29-Apr-2021,290,CE,0,0,0,202.7,442.5,0,0,0,0,19-APR-2021,
OPTSTK,TATACHEM,29-Apr-2021,300,CE,0,0,0,192.9,432.5,0,0,0,0,19-APR-2021,
OPTSTK,TATACHEM,29-Apr-2021,310,CE,0,0,0,183.2,422.55,0,0,0,0,19-APR-2021,
OPTSTK,TATACHEM,29-Apr-2021,320,CE,0,0,0,173.6,412.55,0,0,0,0,19-APR-2021,
OPTSTK,TATACHEM,29-Apr-2021,330,CE,0,0,0,164.05,402.55,0,0,0,0,19-APR-2021,
OPTSTK,TATACHEM,29-Apr-2021,340,CE,0,0,0,154.65,392.55,0,0,0,0,19-APR-2021,
OPTSTK,TATACHEM,29-Apr-2021,350,CE,0,0,0,145.4,382.55,0,0,0,0,19-APR-2021,
OPTSTK,TATACHEM,29-Apr-2021,360,CE,0,0,0,136.35,372.6,0,0,0,0,19-APR-2021,
OPTSTK,TATACHEM,29-Apr-2021,370,CE,0,0,0,127.5,362.6,0,0,0,0,19-APR-2021,
OPTSTK,TATACHEM,29-Apr-2021,380,CE,0,0,0,118.85,352.6,0,0,0,0,19-APR-2021,
OPTSTK,TATACHEM,29-Apr-2021,390,CE,0,0,0,110.5,342.6,0,0,0,0,19-APR-2021,
OPTSTK,TATACHEM,29-Apr-2021,400,CE,0,0,0,102.45,332.6,0,0,0,0,19-APR-2021,
OPTSTK,TATACHEM,29-Apr-2021,410,CE,0,0,0,94.65,322.65,0,0,0,0,19-APR-2021,
OPTSTK,TATACHEM,29-Apr-2021,420,CE,0,0,0,87.25,312.65,0,0,0,0,19-APR-2021,
OPTSTK,TATACHEM,29-Apr-2021,430,CE,0,0,0,80.15,302.65,0,0,0,0,19-APR-2021,
OPTSTK,TATACHEM,29-Apr-2021,440,CE,0,0,0,73.45,292.65,0,0,0,0,19-APR-2021,
OPTSTK,TATACHEM,29-Apr-2021,450,CE,0,0,0,67.1,282.65,0,0,0,0,19-APR-2021,
OPTSTK,TATACHEM,29-Apr-2021,460,CE,0,0,0,61.1,272.7,0,0,0,0,19-APR-2021,
OPTSTK,TATACHEM,29-Apr-2021,470,CE,0,0,0,55.5,262.7,0,0,0,0,19-APR-2021,
OPTSTK,TATACHEM,29-Apr-2021,480,CE,0,0,0,50.3,252.7,0,0,0,0,19-APR-2021,
OPTSTK,TATACHEM,29-Apr-2021,490,CE,0,0,0,45.45,242.7,0,0,0,0,19-APR-2021,
OPTSTK,TATACHEM,29-Apr-2021,500,CE,0,0,0,237,232.7,0,0,2000,0,19-APR-2021,
OPTSTK,TATACHEM,29-Apr-2021,510,CE,0,0,0,36.8,222.75,0,0,0,0,19-APR-2021,
OPTSTK,TATACHEM,29-Apr-2021,520,CE,0,0,0,33,212.75,0,0,0,0,19-APR-2021,
OPTSTK,TATACHEM,29-Apr-2021,530,CE,0,0,0,29.5,202.75,0,0,0,0,19-APR-2021,
OPTSTK,TATACHEM,29-Apr-2021,540,CE,0,0,0,26.35,192.75,0,0,0,0,19-APR-2021,
OPTSTK,TATACHEM,29-Apr-2021,550,CE,0,0,0,23.45,182.75,0,0,0,0,19-APR-2021,
OPTSTK,TATACHEM,29-Apr-2021,560,CE,0,0,0,20.85,172.8,0,0,0,0,19-APR-2021,
OPTSTK,TATACHEM,29-Apr-2021,570,CE,0,0,0,18.5,162.8,0,0,0,0,19-APR-2021,
OPTSTK,TATACHEM,29-Apr-2021,580,CE,0,0,0,16.4,152.8,0,0,0,0,19-APR-2021,
OPTSTK,TATACHEM,29-Apr-2021,590,CE,0,0,0,14.45,142.85,0,0,0,0,19-APR-2021,
OPTSTK,TATACHEM,29-Apr-2021,600,CE,0,0,0,130,132.9,0,0,6000,0,19-APR-2021,
OPTSTK,TATACHEM,29-Apr-2021,610,CE,0,0,0,11.2,123,0,0,0,0,19-APR-2021,
OPTSTK,TATACHEM,29-Apr-2021,620,CE,0,0,0,9.85,113.2,0,0,0,0,19-APR-2021,
OPTSTK,TATACHEM,29-Apr-2021,630,CE,0,0,0,8.65,103.45,0,0,0,0,19-APR-2021,
OPTSTK,TATACHEM,29-Apr-2021,640,CE,0,0,0,7.55,93.85,0,0,0,0,19-APR-2021,
OPTSTK,TATACHEM,29-Apr-2021,650,CE,88,88,88,88,84.45,1,14.76,10000,-2000,19-APR-2021,
OPTSTK,TATACHEM,29-Apr-2021,660,CE,0,0,0,97.9,75.35,0,0,8000,0,19-APR-2021,
OPTSTK,TATACHEM,29-Apr-2021,670,CE,0,0,0,5.05,66.55,0,0,0,0,19-APR-2021,
OPTSTK,TATACHEM,29-Apr-2021,680,CE,0,0,0,4.4,58.15,0,0,0,0,19-APR-2021,
OPTSTK,TATACHEM,29-Apr-2021,690,CE,0,0,0,3.8,50.25,0,0,0,0,19-APR-2021,
OPTSTK,TATACHEM,29-Apr-2021,700,CE,39.65,47,39.65,42,42,13,193.18,52000,10000,19-APR-2021,
OPTSTK,TATACHEM,29-Apr-2021,710,CE,0,0,0,41.85,36.2,0,0,4000,0,19-APR-2021,
OPTSTK,TATACHEM,29-Apr-2021,720,CE,28,34,26.05,29.1,29.1,36,539.46,32000,20000,19-APR-2021,
OPTSTK,TATACHEM,29-Apr-2021,730,CE,39.65,39.65,22,23.55,23.55,251,3787.83,140000,98000,19-APR-2021,
OPTSTK,TATACHEM,29-Apr-2021,740,CE,20.65,24.9,14.5,19,19,559,8503.58,212000,122000,19-APR-2021,
OPTSTK,TATACHEM,29-Apr-2021,750,CE,26.2,26.2,11.35,15.3,15.3,1027,15754.21,610000,216000,19-APR-2021,
OPTSTK,TATACHEM,29-Apr-2021,760,CE,20.5,20.5,9,12.15,12.15,522,8070.71,398000,58000,19-APR-2021,
OPTSTK,TATACHEM,29-Apr-2021,770,CE,20.1,20.1,5.2,9.3,9.3,433,6758.52,348000,86000,19-APR-2021,
OPTSTK,TATACHEM,29-Apr-2021,780,CE,12.4,13,5.6,7.6,7.6,680,10717.91,606000,14000,19-APR-2021,
OPTSTK,TATACHEM,29-Apr-2021,790,CE,14.35,14.35,4.6,6.15,6.15,262,4174.22,362000,22000,19-APR-2021,
OPTSTK,TATACHEM,29-Apr-2021,800,CE,10,11.9,3.75,4.85,4.85,1136,18296.1,1348000,156000,19-APR-2021,
OPTSTK,TATACHEM,29-Apr-2021,810,CE,3.25,5.5,3,3.9,3.9,152,2474.97,300000,12000,19-APR-2021,
OPTSTK,TATACHEM,29-Apr-2021,820,CE,3.55,4.5,2.5,3.15,3.15,282,4644.06,646000,-48000,19-APR-2021,
OPTSTK,TATACHEM,29-Apr-2021,830,CE,3,3.7,2.5,2.7,2.7,116,1932.38,374000,-38000,19-APR-2021,
OPTSTK,TATACHEM,29-Apr-2021,840,CE,3,3.1,0.4,2.4,2.4,211,3555.7,582000,22000,19-APR-2021,
OPTSTK,TATACHEM,29-Apr-2021,850,CE,3.65,3.65,1.55,2.1,2.1,255,4346.05,1052000,0,19-APR-2021,
OPTSTK,TATACHEM,29-Apr-2021,860,CE,2.55,2.55,1.25,1.85,1.85,75,1292.84,338000,4000,19-APR-2021,
OPTSTK,TATACHEM,29-Apr-2021,870,CE,1.25,1.75,1.15,1.4,1.4,32,557.71,240000,-24000,19-APR-2021,
OPTSTK,TATACHEM,29-Apr-2021,880,CE,2,2,0.9,1.4,0.25,63,1110.31,376000,-18000,19-APR-2021,
OPTSTK,TATACHEM,29-Apr-2021,890,CE,1,1.05,1,1.05,0.2,10,178.2,142000,-8000,19-APR-2021,
OPTSTK,TATACHEM,29-Apr-2021,900,CE,1.3,1.55,0.9,1.15,1.15,171,3081.63,1106000,-86000,19-APR-2021,
OPTSTK,TATACHEM,29-Apr-2021,910,CE,0.7,0.85,0.5,0.8,0.8,26,473.56,116000,-10000,19-APR-2021,
OPTSTK,TATACHEM,29-Apr-2021,920,CE,0.4,1.3,0.4,1.05,1.05,17,313.05,142000,-16000,19-APR-2021,
OPTSTK,TATACHEM,29-Apr-2021,930,CE,0.6,0.6,0.6,0.6,0.05,2,37.22,46000,-4000,19-APR-2021,
OPTSTK,TATACHEM,29-Apr-2021,940,CE,0.3,0.55,0.3,0.35,0.05,10,188.08,186000,-2000,19-APR-2021,
OPTSTK,TATACHEM,29-Apr-2021,950,CE,0.35,0.6,0.35,0.5,0.5,19,361.19,128000,-4000,19-APR-2021,
OPTSTK,TATACHEM,29-Apr-2021,960,CE,0.5,0.5,0.3,0.4,0.4,6,115.24,74000,0,19-APR-2021,
OPTSTK,TATACHEM,29-Apr-2021,970,CE,0.55,0.55,0.5,0.5,0,2,38.82,66000,-2000,19-APR-2021,
OPTSTK,TATACHEM,29-Apr-2021,980,CE,0,0,0,1.3,0,0,0,20000,0,19-APR-2021,
OPTSTK,TATACHEM,29-Apr-2021,290,PE,0,0,0,0.05,0,0,0,0,0,19-APR-2021,
OPTSTK,TATACHEM,29-Apr-2021,300,PE,0.05,0.05,0.05,0.05,0,1,6,4000,-2000,19-APR-2021,
OPTSTK,TATACHEM,29-Apr-2021,310,PE,0,0,0,0.05,0,0,0,4000,0,19-APR-2021,
OPTSTK,TATACHEM,29-Apr-2021,320,PE,0,0,0,0.85,0,0,0,0,0,19-APR-2021,
OPTSTK,TATACHEM,29-Apr-2021,330,PE,0,0,0,1.25,0,0,0,0,0,19-APR-2021,
OPTSTK,TATACHEM,29-Apr-2021,340,PE,0,0,0,1.75,0,0,0,0,0,19-APR-2021,
OPTSTK,TATACHEM,29-Apr-2021,350,PE,0,0,0,2.4,0,0,0,0,0,19-APR-2021,
OPTSTK,TATACHEM,29-Apr-2021,360,PE,0,0,0,3.25,0,0,0,0,0,19-APR-2021,
OPTSTK,TATACHEM,29-Apr-2021,370,PE,0,0,0,4.3,0,0,0,0,0,19-APR-2021,
OPTSTK,TATACHEM,29-Apr-2021,380,PE,0,0,0,5.6,0,0,0,0,0,19-APR-2021,
OPTSTK,TATACHEM,29-Apr-2021,390,PE,0,0,0,7.15,0,0,0,0,0,19-APR-2021,
OPTSTK,TATACHEM,29-Apr-2021,400,PE,0,0,0,9,0,0,0,0,0,19-APR-2021,
OPTSTK,TATACHEM,29-Apr-2021,410,PE,0,0,0,11.15,0,0,0,0,0,19-APR-2021,
OPTSTK,TATACHEM,29-Apr-2021,420,PE,0,0,0,13.6,0,0,0,0,0,19-APR-2021,
OPTSTK,TATACHEM,29-Apr-2021,430,PE,0,0,0,16.45,0,0,0,0,0,19-APR-2021,
OPTSTK,TATACHEM,29-Apr-2021,440,PE,0,0,0,19.6,0,0,0,0,0,19-APR-2021,
OPTSTK,TATACHEM,29-Apr-2021,450,PE,0,0,0,2,0,0,0,2000,0,19-APR-2021,
OPTSTK,TATACHEM,29-Apr-2021,460,PE,0,0,0,27.1,0,0,0,0,0,19-APR-2021,
OPTSTK,TATACHEM,29-Apr-2021,470,PE,0,0,0,31.4,0,0,0,0,0,19-APR-2021,
OPTSTK,TATACHEM,29-Apr-2021,480,PE,0,0,0,36.1,0,0,0,0,0,19-APR-2021,
OPTSTK,TATACHEM,29-Apr-2021,490,PE,0,0,0,41.15,0,0,0,0,0,19-APR-2021,
OPTSTK,TATACHEM,29-Apr-2021,500,PE,0.75,0.75,0.1,0.1,0,2,20.01,8000,0,19-APR-2021,
OPTSTK,TATACHEM,29-Apr-2021,510,PE,0,0,0,52.35,0,0,0,0,0,19-APR-2021,
OPTSTK,TATACHEM,29-Apr-2021,520,PE,0,0,0,58.45,0,0,0,0,0,19-APR-2021,
OPTSTK,TATACHEM,29-Apr-2021,530,PE,0,0,0,64.85,0,0,0,0,0,19-APR-2021,
OPTSTK,TATACHEM,29-Apr-2021,540,PE,0,0,0,71.6,0,0,0,0,0,19-APR-2021,
OPTSTK,TATACHEM,29-Apr-2021,550,PE,0,0,0,0.1,0,0,0,4000,0,19-APR-2021,
OPTSTK,TATACHEM,29-Apr-2021,560,PE,0,0,0,85.95,0,0,0,0,0,19-APR-2021,
OPTSTK,TATACHEM,29-Apr-2021,570,PE,0,0,0,93.5,0.05,0,0,0,0,19-APR-2021,
OPTSTK,TATACHEM,29-Apr-2021,580,PE,0,0,0,101.25,0.05,0,0,0,0,19-APR-2021,
OPTSTK,TATACHEM,29-Apr-2021,590,PE,0,0,0,109.25,0.05,0,0,0,0,19-APR-2021,
OPTSTK,TATACHEM,29-Apr-2021,600,PE,0.65,0.85,0.5,0.85,0.1,7,84.09,120000,-12000,19-APR-2021,
OPTSTK,TATACHEM,29-Apr-2021,610,PE,0,0,0,125.85,0.2,0,0,0,0,19-APR-2021,
OPTSTK,TATACHEM,29-Apr-2021,620,PE,0,0,0,0.5,0.35,0,0,10000,0,19-APR-2021,
OPTSTK,TATACHEM,29-Apr-2021,630,PE,0,0,0,1.35,0.65,0,0,16000,0,19-APR-2021,
OPTSTK,TATACHEM,29-Apr-2021,640,PE,0,0,0,3.5,1,0,0,50000,0,19-APR-2021,
OPTSTK,TATACHEM,29-Apr-2021,650,PE,2.5,2.95,1.75,2.25,2.25,195,2544.13,256000,30000,19-APR-2021,
OPTSTK,TATACHEM,29-Apr-2021,660,PE,3.05,3.95,2.8,2.85,2.85,13,172.47,74000,-6000,19-APR-2021,
OPTSTK,TATACHEM,29-Apr-2021,670,PE,5.05,5.05,2.45,2.45,2.45,3,40.4,6000,0,19-APR-2021,
OPTSTK,TATACHEM,29-Apr-2021,680,PE,6.9,7.15,4.05,5.05,5.05,225,3084.21,186000,14000,19-APR-2021,
OPTSTK,TATACHEM,29-Apr-2021,690,PE,7.35,7.9,6.5,6.5,7.4,18,250.94,52000,0,19-APR-2021,
OPTSTK,TATACHEM,29-Apr-2021,700,PE,9.4,13.2,7.5,9.05,9.05,572,8122.09,924000,38000,19-APR-2021,
OPTSTK,TATACHEM,29-Apr-2021,710,PE,13.5,13.9,10,12.15,12.15,80,1155.21,146000,42000,19-APR-2021,
OPTSTK,TATACHEM,29-Apr-2021,720,PE,20.55,24,13.6,15.85,15.85,193,2843.99,426000,6000,19-APR-2021,
OPTSTK,TATACHEM,29-Apr-2021,730,PE,25,29.75,17.15,20.25,20.25,272,4082.79,232000,-30000,19-APR-2021,
OPTSTK,TATACHEM,29-Apr-2021,740,PE,29.95,34.05,20.7,25.6,25.6,250,3828.96,324000,20000,19-APR-2021,
OPTSTK,TATACHEM,29-Apr-2021,750,PE,35,42.1,27.15,32.2,32.2,127,1986.67,454000,-40000,19-APR-2021,
OPTSTK,TATACHEM,29-Apr-2021,760,PE,28,46.9,28,38.8,38.8,26,414.81,250000,-14000,19-APR-2021,
OPTSTK,TATACHEM,29-Apr-2021,770,PE,43.9,48.1,41.9,46.5,46.5,24,391.03,144000,-28000,19-APR-2021,
OPTSTK,TATACHEM,29-Apr-2021,780,PE,49.65,58,49.65,52.15,54.55,8,133.29,154000,-6000,19-APR-2021,
OPTSTK,TATACHEM,29-Apr-2021,790,PE,58.35,62.75,58.25,62.6,62.6,9,152.89,154000,0,19-APR-2021,
OPTSTK,TATACHEM,29-Apr-2021,800,PE,74,75.95,68.3,71.25,71.25,19,331.54,390000,-22000,19-APR-2021,
OPTSTK,TATACHEM,29-Apr-2021,810,PE,71.45,80,71.45,79.85,79.85,5,88.81,90000,0,19-APR-2021,
OPTSTK,TATACHEM,29-Apr-2021,820,PE,101.1,101.15,81.8,90.1,90.1,16,291.6,138000,-14000,19-APR-2021,
OPTSTK,TATACHEM,29-Apr-2021,830,PE,94.8,98,94.8,98,98,2,37.05,70000,0,19-APR-2021,
OPTSTK,TATACHEM,29-Apr-2021,840,PE,109.2,109.45,109.2,109.35,109.35,2,37.97,8000,-2000,19-APR-2021,
OPTSTK,TATACHEM,29-Apr-2021,850,PE,125,125,125,125,117.75,2,39,82000,-2000,19-APR-2021,
OPTSTK,TATACHEM,29-Apr-2021,860,PE,0,0,0,189.3,127.5,0,0,0,0,19-APR-2021,
OPTSTK,TATACHEM,29-Apr-2021,870,PE,0,0,0,198.4,137.3,0,0,0,0,19-APR-2021,
OPTSTK,TATACHEM,29-Apr-2021,880,PE,0,0,0,157.25,147.2,0,0,0,0,19-APR-2021,
OPTSTK,TATACHEM,29-Apr-2021,890,PE,0,0,0,165.7,157.1,0,0,0,0,19-APR-2021,
OPTSTK,TATACHEM,29-Apr-2021,900,PE,0,0,0,135.55,167.05,0,0,2000,0,19-APR-2021,
OPTSTK,TATACHEM,29-Apr-2021,910,PE,0,0,0,182.95,177,0,0,0,0,19-APR-2021,
OPTSTK,TATACHEM,29-Apr-2021,920,PE,0,0,0,191.75,186.95,0,0,0,0,19-APR-2021,
OPTSTK,TATACHEM,29-Apr-2021,930,PE,0,0,0,200.65,196.9,0,0,0,0,19-APR-2021,
OPTSTK,TATACHEM,29-Apr-2021,940,PE,0,0,0,203.15,206.9,0,0,0,0,19-APR-2021,
OPTSTK,TATACHEM,29-Apr-2021,950,PE,0,0,0,179.75,216.9,0,0,0,0,19-APR-2021,
OPTSTK,TATACHEM,29-Apr-2021,960,PE,0,0,0,188.5,226.85,0,0,0,0,19-APR-2021,
OPTSTK,TATACHEM,29-Apr-2021,970,PE,0,0,0,197.4,236.85,0,0,0,0,19-APR-2021,
OPTSTK,TATACHEM,29-Apr-2021,980,PE,0,0,0,206.35,246.85,0,0,0,0,19-APR-2021,
OPTSTK,TATACHEM,27-May-2021,530,CE,0,0,0,212.65,204.9,0,0,0,0,19-APR-2021,
OPTSTK,TATACHEM,27-May-2021,540,CE,0,0,0,203.8,195.2,0,0,0,0,19-APR-2021,
OPTSTK,TATACHEM,27-May-2021,550,CE,0,0,0,195.05,185.55,0,0,0,0,19-APR-2021,
OPTSTK,TATACHEM,27-May-2021,560,CE,0,0,0,186.45,176,0,0,0,0,19-APR-2021,
OPTSTK,TATACHEM,27-May-2021,570,CE,0,0,0,178.05,166.6,0,0,0,0,19-APR-2021,
OPTSTK,TATACHEM,27-May-2021,580,CE,0,0,0,169.85,157.3,0,0,0,0,19-APR-2021,
OPTSTK,TATACHEM,27-May-2021,590,CE,0,0,0,161.8,148.15,0,0,0,0,19-APR-2021,
OPTSTK,TATACHEM,27-May-2021,600,CE,0,0,0,154,139.2,0,0,0,0,19-APR-2021,
OPTSTK,TATACHEM,27-May-2021,610,CE,0,0,0,146.35,130.45,0,0,0,0,19-APR-2021,
OPTSTK,TATACHEM,27-May-2021,620,CE,0,0,0,138.95,121.9,0,0,0,0,19-APR-2021,
OPTSTK,TATACHEM,27-May-2021,630,CE,0,0,0,131.75,113.6,0,0,0,0,19-APR-2021,
OPTSTK,TATACHEM,27-May-2021,640,CE,0,0,0,124.8,105.55,0,0,0,0,19-APR-2021,
OPTSTK,TATACHEM,27-May-2021,650,CE,0,0,0,118.05,97.85,0,0,0,0,19-APR-2021,
OPTSTK,TATACHEM,27-May-2021,660,CE,0,0,0,111.55,90.4,0,0,0,0,19-APR-2021,
OPTSTK,TATACHEM,27-May-2021,670,CE,0,0,0,105.3,83.3,0,0,0,0,19-APR-2021,
OPTSTK,TATACHEM,27-May-2021,680,CE,0,0,0,99.3,76.45,0,0,0,0,19-APR-2021,
OPTSTK,TATACHEM,27-May-2021,690,CE,0,0,0,93.5,70.05,0,0,0,0,19-APR-2021,
OPTSTK,TATACHEM,27-May-2021,700,CE,0,0,0,87.95,63.95,0,0,0,0,19-APR-2021,
OPTSTK,TATACHEM,27-May-2021,710,CE,0,0,0,82.7,58.2,0,0,0,0,19-APR-2021,
OPTSTK,TATACHEM,27-May-2021,720,CE,0,0,0,77.6,52.85,0,0,0,0,19-APR-2021,
OPTSTK,TATACHEM,27-May-2021,730,CE,0,0,0,72.8,47.8,0,0,0,0,19-APR-2021,
OPTSTK,TATACHEM,27-May-2021,740,CE,0,0,0,68.2,43.15,0,0,0,0,19-APR-2021,
OPTSTK,TATACHEM,27-May-2021,750,CE,42.55,42.55,42.55,42.55,42.55,2,31.7,4000,4000,19-APR-2021,
OPTSTK,TATACHEM,27-May-2021,760,CE,0,0,0,40.8,34.8,0,0,2000,0,19-APR-2021,
OPTSTK,TATACHEM,27-May-2021,770,CE,0,0,0,55.75,31.1,0,0,0,0,19-APR-2021,
OPTSTK,TATACHEM,27-May-2021,780,CE,0,0,0,43.15,27.75,0,0,6000,0,19-APR-2021,
OPTSTK,TATACHEM,27-May-2021,790,CE,0,0,0,48.5,24.7,0,0,0,0,19-APR-2021,
OPTSTK,TATACHEM,27-May-2021,800,CE,10.15,22.95,10.15,22.95,22.95,3,49,4000,4000,19-APR-2021,
OPTSTK,TATACHEM,27-May-2021,810,CE,0,0,0,42.05,19.4,0,0,0,0,19-APR-2021,
OPTSTK,TATACHEM,27-May-2021,820,CE,0,0,0,39.1,17.1,0,0,0,0,19-APR-2021,
OPTSTK,TATACHEM,27-May-2021,830,CE,0,0,0,36.35,15.05,0,0,0,0,19-APR-2021,
OPTSTK,TATACHEM,27-May-2021,840,CE,0,0,0,33.75,13.2,0,0,0,0,19-APR-2021,
OPTSTK,TATACHEM,27-May-2021,850,CE,9.15,10.95,9,9,9,8,137.52,54000,6000,19-APR-2021,
OPTSTK,TATACHEM,27-May-2021,860,CE,0,0,0,35,10.1,0,0,4000,0,19-APR-2021,
OPTSTK,TATACHEM,27-May-2021,870,CE,0,0,0,26.95,8.8,0,0,0,0,19-APR-2021,
OPTSTK,TATACHEM,27-May-2021,880,CE,0,0,0,25,7.65,0,0,2000,0,19-APR-2021,
OPTSTK,TATACHEM,27-May-2021,890,CE,0,0,0,23.05,6.65,0,0,0,0,19-APR-2021,
OPTSTK,TATACHEM,27-May-2021,900,CE,5,16,5,5.5,5.75,20,362.37,40000,34000,19-APR-2021,
OPTSTK,TATACHEM,27-May-2021,910,CE,0,0,0,19.7,4.95,0,0,0,0,19-APR-2021,
OPTSTK,TATACHEM,27-May-2021,920,CE,0,0,0,18.15,4.25,0,0,0,0,19-APR-2021,
OPTSTK,TATACHEM,27-May-2021,930,CE,0,0,0,16.75,3.65,0,0,0,0,19-APR-2021,
OPTSTK,TATACHEM,27-May-2021,940,CE,0,0,0,15.95,3.15,0,0,0,0,19-APR-2021,
OPTSTK,TATACHEM,27-May-2021,950,CE,0,0,0,20.9,2.7,0,0,0,0,19-APR-2021,
OPTSTK,TATACHEM,27-May-2021,960,CE,0,0,0,19.35,2.3,0,0,0,0,19-APR-2021,
OPTSTK,TATACHEM,27-May-2021,970,CE,0,0,0,17.85,1.95,0,0,0,0,19-APR-2021,
OPTSTK,TATACHEM,27-May-2021,980,CE,0,0,0,16.45,1.7,0,0,0,0,19-APR-2021,
OPTSTK,TATACHEM,27-May-2021,530,PE,0,0,0,5.15,0.65,0,0,0,0,19-APR-2021,
OPTSTK,TATACHEM,27-May-2021,540,PE,0,0,0,6.15,0.9,0,0,0,0,19-APR-2021,
OPTSTK,TATACHEM,27-May-2021,550,PE,0,0,0,7.35,1.2,0,0,0,0,19-APR-2021,
OPTSTK,TATACHEM,27-May-2021,560,PE,0,0,0,8.65,1.65,0,0,0,0,19-APR-2021,
OPTSTK,TATACHEM,27-May-2021,570,PE,0,0,0,10.15,2.15,0,0,0,0,19-APR-2021,
OPTSTK,TATACHEM,27-May-2021,580,PE,0,0,0,11.85,2.85,0,0,0,0,19-APR-2021,
OPTSTK,TATACHEM,27-May-2021,590,PE,0,0,0,13.75,3.65,0,0,0,0,19-APR-2021,
OPTSTK,TATACHEM,27-May-2021,600,PE,0,0,0,15.8,4.65,0,0,0,0,19-APR-2021,
OPTSTK,TATACHEM,27-May-2021,610,PE,0,0,0,18.1,5.85,0,0,0,0,19-APR-2021,
OPTSTK,TATACHEM,27-May-2021,620,PE,0,0,0,20.6,7.3,0,0,0,0,19-APR-2021,
OPTSTK,TATACHEM,27-May-2021,630,PE,0,0,0,23.3,8.95,0,0,0,0,19-APR-2021,
OPTSTK,TATACHEM,27-May-2021,640,PE,0,0,0,26.25,10.9,0,0,0,0,19-APR-2021,
OPTSTK,TATACHEM,27-May-2021,650,PE,20,20,20,20,13.1,1,13.4,2000,2000,19-APR-2021,
OPTSTK,TATACHEM,27-May-2021,660,PE,0,0,0,32.8,15.65,0,0,0,0,19-APR-2021,
OPTSTK,TATACHEM,27-May-2021,670,PE,0,0,0,36.45,18.45,0,0,0,0,19-APR-2021,
OPTSTK,TATACHEM,27-May-2021,680,PE,0,0,0,13,21.6,0,0,6000,0,19-APR-2021,
OPTSTK,TATACHEM,27-May-2021,690,PE,0,0,0,44.5,25.15,0,0,0,0,19-APR-2021,
OPTSTK,TATACHEM,27-May-2021,700,PE,22.95,25,21,23.05,23.05,21,303.36,80000,28000,19-APR-2021,
OPTSTK,TATACHEM,27-May-2021,710,PE,0,0,0,53.45,33.25,0,0,0,0,19-APR-2021,
OPTSTK,TATACHEM,27-May-2021,720,PE,0,0,0,58.3,37.8,0,0,0,0,19-APR-2021,
OPTSTK,TATACHEM,27-May-2021,730,PE,0,0,0,63.4,42.75,0,0,0,0,19-APR-2021,
OPTSTK,TATACHEM,27-May-2021,740,PE,0,0,0,20,48.05,0,0,4000,0,19-APR-2021,
OPTSTK,TATACHEM,27-May-2021,750,PE,0,0,0,20,53.65,0,0,12000,0,19-APR-2021,
OPTSTK,TATACHEM,27-May-2021,760,PE,0,0,0,80,59.65,0,0,0,0,19-APR-2021,
OPTSTK,TATACHEM,27-May-2021,770,PE,0,0,0,86,65.9,0,0,0,0,19-APR-2021,
OPTSTK,TATACHEM,27-May-2021,780,PE,0,0,0,92.2,72.5,0,0,0,0,19-APR-2021,
OPTSTK,TATACHEM,27-May-2021,790,PE,0,0,0,98.55,79.4,0,0,0,0,19-APR-2021,
OPTSTK,TATACHEM,27-May-2021,800,PE,0,0,0,105.15,86.55,0,0,0,0,19-APR-2021,
OPTSTK,TATACHEM,27-May-2021,810,PE,0,0,0,111.95,94.05,0,0,0,0,19-APR-2021,
OPTSTK,TATACHEM,27-May-2021,820,PE,0,0,0,36,101.75,0,0,2000,0,19-APR-2021,
OPTSTK,TATACHEM,27-May-2021,830,PE,0,0,0,126.05,109.6,0,0,0,0,19-APR-2021,
OPTSTK,TATACHEM,27-May-2021,840,PE,0,0,0,133.35,117.75,0,0,0,0,19-APR-2021,
OPTSTK,TATACHEM,27-May-2021,850,PE,0,0,0,140.85,126.05,0,0,0,0,19-APR-2021,
OPTSTK,TATACHEM,27-May-2021,860,PE,0,0,0,148.45,134.55,0,0,0,0,19-APR-2021,
OPTSTK,TATACHEM,27-May-2021,870,PE,0,0,0,156.25,143.2,0,0,0,0,19-APR-2021,
OPTSTK,TATACHEM,27-May-2021,880,PE,0,0,0,164.15,152,0,0,0,0,19-APR-2021,
OPTSTK,TATACHEM,27-May-2021,890,PE,0,0,0,172.15,160.95,0,0,0,0,19-APR-2021,
OPTSTK,TATACHEM,27-May-2021,900,PE,0,0,0,180.35,170.05,0,0,0,0,19-APR-2021,
OPTSTK,TATACHEM,27-May-2021,910,PE,0,0,0,188.6,179.2,0,0,0,0,19-APR-2021,
OPTSTK,TATACHEM,27-May-2021,920,PE,0,0,0,197,188.5,0,0,0,0,19-APR-2021,
OPTSTK,TATACHEM,27-May-2021,930,PE,0,0,0,205.5,197.85,0,0,0,0,19-APR-2021,
OPTSTK,TATACHEM,27-May-2021,940,PE,0,0,0,208,207.3,0,0,0,0,19-APR-2021,
OPTSTK,TATACHEM,27-May-2021,950,PE,0,0,0,186.25,216.8,0,0,0,0,19-APR-2021,
OPTSTK,TATACHEM,27-May-2021,960,PE,0,0,0,194.6,226.35,0,0,0,0,19-APR-2021,
OPTSTK,TATACHEM,27-May-2021,970,PE,0,0,0,203,236,0,0,0,0,19-APR-2021,
OPTSTK,TATACHEM,27-May-2021,980,PE,0,0,0,211.55,245.65,0,0,0,0,19-APR-2021,
OPTSTK,TATACHEM,24-Jun-2021,530,CE,0,0,0,211.5,208.7,0,0,0,0,19-APR-2021,
OPTSTK,TATACHEM,24-Jun-2021,540,CE,0,0,0,202.65,199.45,0,0,0,0,19-APR-2021,
OPTSTK,TATACHEM,24-Jun-2021,550,CE,0,0,0,194,190.4,0,0,0,0,19-APR-2021,
OPTSTK,TATACHEM,24-Jun-2021,560,CE,0,0,0,185.45,181.45,0,0,0,0,19-APR-2021,
OPTSTK,TATACHEM,24-Jun-2021,570,CE,0,0,0,177.1,172.65,0,0,0,0,19-APR-2021,
OPTSTK,TATACHEM,24-Jun-2021,580,CE,0,0,0,168.95,164.05,0,0,0,0,19-APR-2021,
OPTSTK,TATACHEM,24-Jun-2021,590,CE,0,0,0,161,155.65,0,0,0,0,19-APR-2021,
OPTSTK,TATACHEM,24-Jun-2021,600,CE,0,0,0,153.2,147.45,0,0,0,0,19-APR-2021,
OPTSTK,TATACHEM,24-Jun-2021,610,CE,0,0,0,145.65,139.45,0,0,0,0,19-APR-2021,
OPTSTK,TATACHEM,24-Jun-2021,620,CE,0,0,0,138.35,131.65,0,0,0,0,19-APR-2021,
OPTSTK,TATACHEM,24-Jun-2021,630,CE,0,0,0,131.2,124.15,0,0,0,0,19-APR-2021,
OPTSTK,TATACHEM,24-Jun-2021,640,CE,0,0,0,124.3,116.85,0,0,0,0,19-APR-2021,
OPTSTK,TATACHEM,24-Jun-2021,650,CE,0,0,0,117.6,109.8,0,0,0,0,19-APR-2021,
OPTSTK,TATACHEM,24-Jun-2021,660,CE,0,0,0,111.15,103,0,0,0,0,19-APR-2021,
OPTSTK,TATACHEM,24-Jun-2021,670,CE,0,0,0,105,96.5,0,0,0,0,19-APR-2021,
OPTSTK,TATACHEM,24-Jun-2021,680,CE,0,0,0,99,90.25,0,0,0,0,19-APR-2021,
OPTSTK,TATACHEM,24-Jun-2021,690,CE,0,0,0,93.3,84.25,0,0,0,0,19-APR-2021,
OPTSTK,TATACHEM,24-Jun-2021,700,CE,0,0,0,87.85,78.55,0,0,0,0,19-APR-2021,
OPTSTK,TATACHEM,24-Jun-2021,710,CE,0,0,0,82.6,73.15,0,0,0,0,19-APR-2021,
OPTSTK,TATACHEM,24-Jun-2021,720,CE,0,0,0,77.55,68,0,0,0,0,19-APR-2021,
OPTSTK,TATACHEM,24-Jun-2021,730,CE,0,0,0,72.8,63.1,0,0,0,0,19-APR-2021,
OPTSTK,TATACHEM,24-Jun-2021,740,CE,0,0,0,68.25,58.5,0,0,0,0,19-APR-2021,
OPTSTK,TATACHEM,24-Jun-2021,750,CE,0,0,0,63.9,54.15,0,0,0,0,19-APR-2021,
OPTSTK,TATACHEM,24-Jun-2021,760,CE,0,0,0,59.8,50.05,0,0,0,0,19-APR-2021,
OPTSTK,TATACHEM,24-Jun-2021,770,CE,0,0,0,55.9,46.15,0,0,0,0,19-APR-2021,
OPTSTK,TATACHEM,24-Jun-2021,780,CE,0,0,0,52.2,42.55,0,0,0,0,19-APR-2021,
OPTSTK,TATACHEM,24-Jun-2021,790,CE,0,0,0,48.75,39.15,0,0,0,0,19-APR-2021,
OPTSTK,TATACHEM,24-Jun-2021,800,CE,0,0,0,45.45,36,0,0,0,0,19-APR-2021,
OPTSTK,TATACHEM,24-Jun-2021,810,CE,0,0,0,42.3,33.05,0,0,0,0,19-APR-2021,
OPTSTK,TATACHEM,24-Jun-2021,820,CE,0,0,0,39.4,30.3,0,0,0,0,19-APR-2021,
OPTSTK,TATACHEM,24-Jun-2021,830,CE,0,0,0,36.65,27.75,0,0,0,0,19-APR-2021,
OPTSTK,TATACHEM,24-Jun-2021,840,CE,0,0,0,34.1,25.4,0,0,0,0,19-APR-2021,
OPTSTK,TATACHEM,24-Jun-2021,850,CE,0,0,0,31.65,23.2,0,0,0,0,19-APR-2021,
OPTSTK,TATACHEM,24-Jun-2021,860,CE,0,0,0,29.4,21.2,0,0,0,0,19-APR-2021,
OPTSTK,TATACHEM,24-Jun-2021,870,CE,0,0,0,27.25,19.3,0,0,0,0,19-APR-2021,
OPTSTK,TATACHEM,24-Jun-2021,880,CE,0,0,0,25.25,17.55,0,0,0,0,19-APR-2021,
OPTSTK,TATACHEM,24-Jun-2021,890,CE,0,0,0,23.35,16,0,0,0,0,19-APR-2021,
OPTSTK,TATACHEM,24-Jun-2021,900,CE,0,0,0,21.65,14.5,0,0,0,0,19-APR-2021,
OPTSTK,TATACHEM,24-Jun-2021,910,CE,0,0,0,20,13.2,0,0,0,0,19-APR-2021,
OPTSTK,TATACHEM,24-Jun-2021,920,CE,0,0,0,18.5,11.95,0,0,0,0,19-APR-2021,
OPTSTK,TATACHEM,24-Jun-2021,930,CE,0,0,0,17.1,10.8,0,0,0,0,19-APR-2021,
OPTSTK,TATACHEM,24-Jun-2021,940,CE,0,0,0,15.75,9.8,0,0,0,0,19-APR-2021,
OPTSTK,TATACHEM,24-Jun-2021,950,CE,0,0,0,14.55,8.85,0,0,0,0,19-APR-2021,
OPTSTK,TATACHEM,24-Jun-2021,960,CE,0,0,0,13.4,8,0,0,0,0,19-APR-2021,
OPTSTK,TATACHEM,24-Jun-2021,970,CE,0,0,0,12.35,7.2,0,0,0,0,19-APR-2021,
OPTSTK,TATACHEM,24-Jun-2021,980,CE,0,0,0,11.4,6.5,0,0,0,0,19-APR-2021,
OPTSTK,TATACHEM,24-Jun-2021,530,PE,0,0,0,5.5,2.9,0,0,0,0,19-APR-2021,
OPTSTK,TATACHEM,24-Jun-2021,540,PE,0,0,0,6.6,3.65,0,0,0,0,19-APR-2021,
OPTSTK,TATACHEM,24-Jun-2021,550,PE,0,0,0,7.8,4.45,0,0,0,0,19-APR-2021,
OPTSTK,TATACHEM,24-Jun-2021,560,PE,0,0,0,9.2,5.45,0,0,0,0,19-APR-2021,
OPTSTK,TATACHEM,24-Jun-2021,570,PE,0,0,0,10.75,6.6,0,0,0,0,19-APR-2021,
OPTSTK,TATACHEM,24-Jun-2021,580,PE,0,0,0,12.5,7.95,0,0,0,0,19-APR-2021,
OPTSTK,TATACHEM,24-Jun-2021,590,PE,0,0,0,14.45,9.45,0,0,0,0,19-APR-2021,
OPTSTK,TATACHEM,24-Jun-2021,600,PE,0,0,0,16.6,11.2,0,0,0,0,19-APR-2021,
OPTSTK,TATACHEM,24-Jun-2021,610,PE,0,0,0,18.95,13.1,0,0,0,0,19-APR-2021,
OPTSTK,TATACHEM,24-Jun-2021,620,PE,0,0,0,21.5,15.25,0,0,0,0,19-APR-2021,
OPTSTK,TATACHEM,24-Jun-2021,630,PE,0,0,0,24.3,17.65,0,0,0,0,19-APR-2021,
OPTSTK,TATACHEM,24-Jun-2021,640,PE,0,0,0,27.3,20.3,0,0,0,0,19-APR-2021,
OPTSTK,TATACHEM,24-Jun-2021,650,PE,0,0,0,30.5,23.2,0,0,0,0,19-APR-2021,
OPTSTK,TATACHEM,24-Jun-2021,660,PE,0,0,0,34,26.35,0,0,0,0,19-APR-2021,
OPTSTK,TATACHEM,24-Jun-2021,670,PE,0,0,0,37.7,29.75,0,0,0,0,19-APR-2021,
OPTSTK,TATACHEM,24-Jun-2021,680,PE,0,0,0,25.2,33.45,0,0,4000,0,19-APR-2021,
OPTSTK,TATACHEM,24-Jun-2021,690,PE,0,0,0,45.85,37.4,0,0,0,0,19-APR-2021,
OPTSTK,TATACHEM,24-Jun-2021,700,PE,0,0,0,50.25,41.65,0,0,0,0,19-APR-2021,
OPTSTK,TATACHEM,24-Jun-2021,710,PE,0,0,0,54.95,46.15,0,0,0,0,19-APR-2021,
OPTSTK,TATACHEM,24-Jun-2021,720,PE,0,0,0,59.8,50.95,0,0,0,0,19-APR-2021,
OPTSTK,TATACHEM,24-Jun-2021,730,PE,0,0,0,64.95,56,0,0,0,0,19-APR-2021,
OPTSTK,TATACHEM,24-Jun-2021,740,PE,0,0,0,70.3,61.3,0,0,0,0,19-APR-2021,
OPTSTK,TATACHEM,24-Jun-2021,750,PE,0,0,0,75.9,66.85,0,0,0,0,19-APR-2021,
OPTSTK,TATACHEM,24-Jun-2021,760,PE,0,0,0,81.7,72.7,0,0,0,0,19-APR-2021,
OPTSTK,TATACHEM,24-Jun-2021,770,PE,0,0,0,87.7,78.75,0,0,0,0,19-APR-2021,
OPTSTK,TATACHEM,24-Jun-2021,780,PE,0,0,0,93.9,85.1,0,0,0,0,19-APR-2021,
OPTSTK,TATACHEM,24-Jun-2021,790,PE,0,0,0,100.35,91.6,0,0,0,0,19-APR-2021,
OPTSTK,TATACHEM,24-Jun-2021,800,PE,0,0,0,106.95,98.4,0,0,0,0,19-APR-2021,
OPTSTK,TATACHEM,24-Jun-2021,810,PE,0,0,0,113.75,105.35,0,0,0,0,19-APR-2021,
OPTSTK,TATACHEM,24-Jun-2021,820,PE,0,0,0,120.7,112.55,0,0,0,0,19-APR-2021,
OPTSTK,TATACHEM,24-Jun-2021,830,PE,0,0,0,127.85,119.95,0,0,0,0,19-APR-2021,
OPTSTK,TATACHEM,24-Jun-2021,840,PE,0,0,0,135.2,127.55,0,0,0,0,19-APR-2021,
OPTSTK,TATACHEM,24-Jun-2021,850,PE,0,0,0,142.7,135.3,0,0,0,0,19-APR-2021,
OPTSTK,TATACHEM,24-Jun-2021,860,PE,0,0,0,150.35,143.2,0,0,0,0,19-APR-2021,
OPTSTK,TATACHEM,24-Jun-2021,870,PE,0,0,0,158.1,151.2,0,0,0,0,19-APR-2021,
OPTSTK,TATACHEM,24-Jun-2021,880,PE,0,0,0,166,159.4,0,0,0,0,19-APR-2021,
OPTSTK,TATACHEM,24-Jun-2021,890,PE,0,0,0,174.05,167.75,0,0,0,0,19-APR-2021,
OPTSTK,TATACHEM,24-Jun-2021,900,PE,0,0,0,182.2,176.25,0,0,0,0,19-APR-2021,
OPTSTK,TATACHEM,24-Jun-2021,910,PE,0,0,0,190.5,184.85,0,0,0,0,19-APR-2021,
OPTSTK,TATACHEM,24-Jun-2021,920,PE,0,0,0,198.9,193.55,0,0,0,0,19-APR-2021,
OPTSTK,TATACHEM,24-Jun-2021,930,PE,0,0,0,207.35,202.35,0,0,0,0,19-APR-2021,
OPTSTK,TATACHEM,24-Jun-2021,940,PE,0,0,0,215.95,211.25,0,0,0,0,19-APR-2021,
OPTSTK,TATACHEM,24-Jun-2021,950,PE,0,0,0,224.65,220.25,0,0,0,0,19-APR-2021,
OPTSTK,TATACHEM,24-Jun-2021,960,PE,0,0,0,233.45,229.3,0,0,0,0,19-APR-2021,
OPTSTK,TATACHEM,24-Jun-2021,970,PE,0,0,0,242.3,238.45,0,0,0,0,19-APR-2021,
OPTSTK,TATACHEM,24-Jun-2021,980,PE,0,0,0,251.2,247.7,0,0,0,0,19-APR-2021,
OPTSTK,TATACONSUM,29-Apr-2021,360,CE,0,0,0,270.4,304.5,0,0,4050,0,19-APR-2021,
OPTSTK,TATACONSUM,29-Apr-2021,370,CE,0,0,0,199.9,294.5,0,0,0,0,19-APR-2021,
OPTSTK,TATACONSUM,29-Apr-2021,380,CE,0,0,0,190.55,284.5,0,0,0,0,19-APR-2021,
OPTSTK,TATACONSUM,29-Apr-2021,390,CE,0,0,0,181.35,274.5,0,0,0,0,19-APR-2021,
OPTSTK,TATACONSUM,29-Apr-2021,400,CE,0,0,0,172.3,264.5,0,0,0,0,19-APR-2021,
OPTSTK,TATACONSUM,29-Apr-2021,410,CE,0,0,0,163.45,254.55,0,0,0,0,19-APR-2021,
OPTSTK,TATACONSUM,29-Apr-2021,420,CE,0,0,0,154.75,244.55,0,0,0,0,19-APR-2021,
OPTSTK,TATACONSUM,29-Apr-2021,430,CE,0,0,0,146.3,234.55,0,0,0,0,19-APR-2021,
OPTSTK,TATACONSUM,29-Apr-2021,440,CE,0,0,0,138.05,224.55,0,0,0,0,19-APR-2021,
OPTSTK,TATACONSUM,29-Apr-2021,450,CE,0,0,0,130,214.55,0,0,0,0,19-APR-2021,
OPTSTK,TATACONSUM,29-Apr-2021,460,CE,0,0,0,122.25,204.6,0,0,0,0,19-APR-2021,
OPTSTK,TATACONSUM,29-Apr-2021,470,CE,0,0,0,114.75,194.6,0,0,0,0,19-APR-2021,
OPTSTK,TATACONSUM,29-Apr-2021,480,CE,0,0,0,107.55,184.6,0,0,0,0,19-APR-2021,
OPTSTK,TATACONSUM,29-Apr-2021,490,CE,0,0,0,100.55,174.6,0,0,0,0,19-APR-2021,
OPTSTK,TATACONSUM,29-Apr-2021,500,CE,0,0,0,93.9,164.6,0,0,0,0,19-APR-2021,
OPTSTK,TATACONSUM,29-Apr-2021,510,CE,0,0,0,87.5,154.65,0,0,0,0,19-APR-2021,
OPTSTK,TATACONSUM,29-Apr-2021,520,CE,0,0,0,81.45,144.65,0,0,0,0,19-APR-2021,
OPTSTK,TATACONSUM,29-Apr-2021,530,CE,0,0,0,75.7,134.65,0,0,0,0,19-APR-2021,
OPTSTK,TATACONSUM,29-Apr-2021,540,CE,0,0,0,135.9,124.7,0,0,1350,0,19-APR-2021,
OPTSTK,TATACONSUM,29-Apr-2021,550,CE,0,0,0,108.65,114.75,0,0,183600,0,19-APR-2021,
OPTSTK,TATACONSUM,29-Apr-2021,560,CE,0,0,0,60.15,104.85,0,0,0,0,19-APR-2021,
OPTSTK,TATACONSUM,29-Apr-2021,570,CE,0,0,0,55.55,95.05,0,0,0,0,19-APR-2021,
OPTSTK,TATACONSUM,29-Apr-2021,580,CE,0,0,0,51.2,85.4,0,0,0,0,19-APR-2021,
OPTSTK,TATACONSUM,29-Apr-2021,590,CE,0,0,0,47.15,75.9,0,0,0,0,19-APR-2021,
OPTSTK,TATACONSUM,29-Apr-2021,600,CE,68.3,68.3,65,65,65,2,17.99,86400,0,19-APR-2021,
OPTSTK,TATACONSUM,29-Apr-2021,610,CE,0,0,0,50.2,57.85,0,0,31050,0,19-APR-2021,
OPTSTK,TATACONSUM,29-Apr-2021,620,CE,0,0,0,54.6,49.5,0,0,86400,0,19-APR-2021,
OPTSTK,TATACONSUM,29-Apr-2021,630,CE,33.35,36.5,33.25,33.25,41.75,5,44.87,94500,-5400,19-APR-2021,
OPTSTK,TATACONSUM,29-Apr-2021,640,CE,0,0,0,39.6,34.6,0,0,110700,0,19-APR-2021,
OPTSTK,TATACONSUM,29-Apr-2021,650,CE,23.7,28.1,18.25,23.2,23.2,57,517.04,275400,1350,19-APR-2021,
OPTSTK,TATACONSUM,29-Apr-2021,660,CE,19.2,21.55,13.45,18.25,18.25,371,3391.62,218700,-4050,19-APR-2021,
OPTSTK,TATACONSUM,29-Apr-2021,670,CE,17.7,17.7,9.95,13.85,13.85,592,5459,315900,45900,19-APR-2021,
OPTSTK,TATACONSUM,29-Apr-2021,680,CE,14,14,7,10.05,10.05,758,7055.64,448200,-10800,19-APR-2021,
OPTSTK,TATACONSUM,29-Apr-2021,690,CE,9.65,9.65,5.05,7.05,7.05,452,4250.92,213300,-5400,19-APR-2021,
OPTSTK,TATACONSUM,29-Apr-2021,700,CE,6.7,6.75,3.9,5.15,5.15,867,8251.59,935550,5400,19-APR-2021,
OPTSTK,TATACONSUM,29-Apr-2021,710,CE,5.25,5.25,2.6,3.65,3.65,188,1810.89,147150,-5400,19-APR-2021,
OPTSTK,TATACONSUM,29-Apr-2021,720,CE,1.8,3.55,1.1,2.6,2.6,266,2595.24,233550,14850,19-APR-2021,
OPTSTK,TATACONSUM,29-Apr-2021,730,CE,2.25,2.25,1.6,1.8,1.8,23,227.24,99900,-9450,19-APR-2021,
OPTSTK,TATACONSUM,29-Apr-2021,740,CE,1.5,1.7,1.25,1.3,1.3,67,670.61,78300,-14850,19-APR-2021,
OPTSTK,TATACONSUM,29-Apr-2021,750,CE,0.95,1.5,0.85,1,1,213,2159.76,356400,-20250,19-APR-2021,
OPTSTK,TATACONSUM,29-Apr-2021,760,CE,0.8,0.85,0.55,0.65,0.65,8,82.16,67500,-5400,19-APR-2021,
OPTSTK,TATACONSUM,29-Apr-2021,770,CE,0.3,0.75,0.3,0.65,0.6,7,72.81,43200,-4050,19-APR-2021,
OPTSTK,TATACONSUM,29-Apr-2021,780,CE,0.2,0.55,0.2,0.55,0.4,2,21.07,39150,0,19-APR-2021,
OPTSTK,TATACONSUM,29-Apr-2021,790,CE,0,0,0,7.2,0.25,0,0,0,0,19-APR-2021,
OPTSTK,TATACONSUM,29-Apr-2021,800,CE,0.55,0.55,0.55,0.55,0.15,2,21.61,20250,0,19-APR-2021,
OPTSTK,TATACONSUM,29-Apr-2021,810,CE,0,0,0,7.2,0.1,0,0,0,0,19-APR-2021,
OPTSTK,TATACONSUM,29-Apr-2021,360,PE,0,0,0,1.4,0,0,0,0,0,19-APR-2021,
OPTSTK,TATACONSUM,29-Apr-2021,370,PE,0,0,0,1.85,0,0,0,0,0,19-APR-2021,
OPTSTK,TATACONSUM,29-Apr-2021,380,PE,0,0,0,2.45,0,0,0,0,0,19-APR-2021,
OPTSTK,TATACONSUM,29-Apr-2021,390,PE,0,0,0,3.15,0,0,0,0,0,19-APR-2021,
OPTSTK,TATACONSUM,29-Apr-2021,400,PE,0,0,0,4,0,0,0,0,0,19-APR-2021,
OPTSTK,TATACONSUM,29-Apr-2021,410,PE,0,0,0,5.05,0,0,0,0,0,19-APR-2021,
OPTSTK,TATACONSUM,29-Apr-2021,420,PE,0,0,0,6.3,0,0,0,0,0,19-APR-2021,
OPTSTK,TATACONSUM,29-Apr-2021,430,PE,0,0,0,7.7,0,0,0,0,0,19-APR-2021,
OPTSTK,TATACONSUM,29-Apr-2021,440,PE,0,0,0,9.35,0,0,0,0,0,19-APR-2021,
OPTSTK,TATACONSUM,29-Apr-2021,450,PE,0,0,0,11.25,0,0,0,0,0,19-APR-2021,
OPTSTK,TATACONSUM,29-Apr-2021,460,PE,0,0,0,13.4,0,0,0,0,0,19-APR-2021,
OPTSTK,TATACONSUM,29-Apr-2021,470,PE,0,0,0,15.8,0,0,0,0,0,19-APR-2021,
OPTSTK,TATACONSUM,29-Apr-2021,480,PE,0,0,0,18.5,0,0,0,0,0,19-APR-2021,
OPTSTK,TATACONSUM,29-Apr-2021,490,PE,0,0,0,21.45,0,0,0,0,0,19-APR-2021,
OPTSTK,TATACONSUM,29-Apr-2021,500,PE,0,0,0,0.15,0,0,0,9450,0,19-APR-2021,
OPTSTK,TATACONSUM,29-Apr-2021,510,PE,0,0,0,28.2,0,0,0,0,0,19-APR-2021,
OPTSTK,TATACONSUM,29-Apr-2021,520,PE,0,0,0,1.2,0.05,0,0,1350,0,19-APR-2021,
OPTSTK,TATACONSUM,29-Apr-2021,530,PE,0,0,0,36.2,0.05,0,0,0,0,19-APR-2021,
OPTSTK,TATACONSUM,29-Apr-2021,540,PE,0,0,0,40.6,0.05,0,0,0,0,19-APR-2021,
OPTSTK,TATACONSUM,29-Apr-2021,550,PE,0.55,0.55,0.55,0.55,0.55,1,7.43,121500,0,19-APR-2021,
OPTSTK,TATACONSUM,29-Apr-2021,560,PE,0,0,0,1.05,0.2,0,0,40500,0,19-APR-2021,
OPTSTK,TATACONSUM,29-Apr-2021,570,PE,0,0,0,1.3,0.4,0,0,47250,0,19-APR-2021,
OPTSTK,TATACONSUM,29-Apr-2021,580,PE,1.5,1.5,0.8,0.85,0.85,11,86.27,83700,-2700,19-APR-2021,
OPTSTK,TATACONSUM,29-Apr-2021,590,PE,2,2,1.45,1.45,1.2,14,111.81,47250,-13500,19-APR-2021,
OPTSTK,TATACONSUM,29-Apr-2021,600,PE,1.85,2.6,1.45,1.65,1.65,152,1235.27,332100,-5400,19-APR-2021,
OPTSTK,TATACONSUM,29-Apr-2021,610,PE,2.5,3.9,2.2,2.5,2.5,16,132.38,110700,-2700,19-APR-2021,
OPTSTK,TATACONSUM,29-Apr-2021,620,PE,4.2,5.5,3.25,3.45,3.45,273,2300.51,319950,-31050,19-APR-2021,
OPTSTK,TATACONSUM,29-Apr-2021,630,PE,7,7.75,4.6,5.1,5.1,361,3100.53,253800,-28350,19-APR-2021,
OPTSTK,TATACONSUM,29-Apr-2021,640,PE,9,10.75,6.8,7.4,7.4,777,6806.53,579150,-155250,19-APR-2021,
OPTSTK,TATACONSUM,29-Apr-2021,650,PE,15.9,15.9,9.35,10.2,10.2,871,7794.93,279450,-40500,19-APR-2021,
OPTSTK,TATACONSUM,29-Apr-2021,660,PE,16.6,19.85,12.95,14.15,14.15,253,2310.76,137700,-12150,19-APR-2021,
OPTSTK,TATACONSUM,29-Apr-2021,670,PE,25,26.4,18,19.55,19.55,39,364.18,81000,-9450,19-APR-2021,
OPTSTK,TATACONSUM,29-Apr-2021,680,PE,31.1,33.75,29.1,30.3,28.95,16,153.45,135000,-13500,19-APR-2021,
OPTSTK,TATACONSUM,29-Apr-2021,690,PE,0,0,0,49.3,35.6,0,0,2700,0,19-APR-2021,
OPTSTK,TATACONSUM,29-Apr-2021,700,PE,46,47,40,40,42.95,3,30.14,31050,-1350,19-APR-2021,
OPTSTK,TATACONSUM,29-Apr-2021,710,PE,0,0,0,154.8,50.8,0,0,0,0,19-APR-2021,
OPTSTK,TATACONSUM,29-Apr-2021,720,PE,0,0,0,72,59.2,0,0,2700,0,19-APR-2021,
OPTSTK,TATACONSUM,29-Apr-2021,730,PE,0,0,0,171.75,68,0,0,0,0,19-APR-2021,
OPTSTK,TATACONSUM,29-Apr-2021,740,PE,0,0,0,180.45,77.1,0,0,0,0,19-APR-2021,
OPTSTK,TATACONSUM,29-Apr-2021,750,PE,94.5,94.5,94.5,94.5,86.45,2,22.8,1350,-1350,19-APR-2021,
OPTSTK,TATACONSUM,29-Apr-2021,760,PE,0,0,0,198.1,96,0,0,0,0,19-APR-2021,
OPTSTK,TATACONSUM,29-Apr-2021,770,PE,0,0,0,207.1,105.7,0,0,0,0,19-APR-2021,
OPTSTK,TATACONSUM,29-Apr-2021,780,PE,0,0,0,216.15,115.5,0,0,0,0,19-APR-2021,
OPTSTK,TATACONSUM,29-Apr-2021,790,PE,0,0,0,225.25,125.35,0,0,0,0,19-APR-2021,
OPTSTK,TATACONSUM,29-Apr-2021,800,PE,0,0,0,234.45,135.25,0,0,0,0,19-APR-2021,
OPTSTK,TATACONSUM,29-Apr-2021,810,PE,0,0,0,225.85,145.2,0,0,0,0,19-APR-2021,
OPTSTK,TATACONSUM,27-May-2021,390,CE,0,0,0,243.05,275.65,0,0,0,0,19-APR-2021,
OPTSTK,TATACONSUM,27-May-2021,400,CE,0,0,0,233.45,265.7,0,0,0,0,19-APR-2021,
OPTSTK,TATACONSUM,27-May-2021,410,CE,0,0,0,223.95,255.75,0,0,0,0,19-APR-2021,
OPTSTK,TATACONSUM,27-May-2021,420,CE,0,0,0,214.5,245.8,0,0,0,0,19-APR-2021,
OPTSTK,TATACONSUM,27-May-2021,430,CE,0,0,0,205.2,235.85,0,0,0,0,19-APR-2021,
OPTSTK,TATACONSUM,27-May-2021,440,CE,0,0,0,196,225.9,0,0,0,0,19-APR-2021,
OPTSTK,TATACONSUM,27-May-2021,450,CE,0,0,0,186.95,216,0,0,0,0,19-APR-2021,
OPTSTK,TATACONSUM,27-May-2021,460,CE,0,0,0,178.05,206.1,0,0,0,0,19-APR-2021,
OPTSTK,TATACONSUM,27-May-2021,470,CE,0,0,0,169.3,196.2,0,0,0,0,19-APR-2021,
OPTSTK,TATACONSUM,27-May-2021,480,CE,0,0,0,160.75,186.4,0,0,0,0,19-APR-2021,
OPTSTK,TATACONSUM,27-May-2021,490,CE,0,0,0,152.4,176.6,0,0,0,0,19-APR-2021,
OPTSTK,TATACONSUM,27-May-2021,500,CE,0,0,0,144.3,166.9,0,0,0,0,19-APR-2021,
OPTSTK,TATACONSUM,27-May-2021,510,CE,0,0,0,136.35,157.35,0,0,0,0,19-APR-2021,
OPTSTK,TATACONSUM,27-May-2021,520,CE,0,0,0,128.7,147.85,0,0,0,0,19-APR-2021,
OPTSTK,TATACONSUM,27-May-2021,530,CE,0,0,0,121.3,138.5,0,0,0,0,19-APR-2021,
OPTSTK,TATACONSUM,27-May-2021,540,CE,0,0,0,114.1,129.35,0,0,0,0,19-APR-2021,
OPTSTK,TATACONSUM,27-May-2021,550,CE,0,0,0,107.2,120.4,0,0,0,0,19-APR-2021,
OPTSTK,TATACONSUM,27-May-2021,560,CE,0,0,0,100.5,111.65,0,0,0,0,19-APR-2021,
OPTSTK,TATACONSUM,27-May-2021,570,CE,0,0,0,94.15,103.15,0,0,0,0,19-APR-2021,
OPTSTK,TATACONSUM,27-May-2021,580,CE,0,0,0,88.05,95,0,0,0,0,19-APR-2021,
OPTSTK,TATACONSUM,27-May-2021,590,CE,0,0,0,82.2,87.1,0,0,0,0,19-APR-2021,
OPTSTK,TATACONSUM,27-May-2021,600,CE,0,0,0,76.7,79.6,0,0,0,0,19-APR-2021,
OPTSTK,TATACONSUM,27-May-2021,610,CE,0,0,0,71.4,72.45,0,0,0,0,19-APR-2021,
OPTSTK,TATACONSUM,27-May-2021,620,CE,0,0,0,66.4,65.65,0,0,0,0,19-APR-2021,
OPTSTK,TATACONSUM,27-May-2021,630,CE,50,50,50,50,59.25,1,9.18,1350,0,19-APR-2021,
OPTSTK,TATACONSUM,27-May-2021,640,CE,0,0,0,57.2,53.25,0,0,0,0,19-APR-2021,
OPTSTK,TATACONSUM,27-May-2021,650,CE,0,0,0,43.5,47.7,0,0,1350,0,19-APR-2021,
OPTSTK,TATACONSUM,27-May-2021,660,CE,0,0,0,49.05,42.55,0,0,0,0,19-APR-2021,
OPTSTK,TATACONSUM,27-May-2021,670,CE,0,0,0,45.3,37.8,0,0,0,0,19-APR-2021,
OPTSTK,TATACONSUM,27-May-2021,680,CE,25.9,25.9,25.9,25.9,33.45,1,9.52,9450,1350,19-APR-2021,
OPTSTK,TATACONSUM,27-May-2021,690,CE,0,0,0,22.5,29.45,0,0,1350,0,19-APR-2021,
OPTSTK,TATACONSUM,27-May-2021,700,CE,18.9,21.85,16.55,20.5,20.5,29,281.49,175500,16200,19-APR-2021,
OPTSTK,TATACONSUM,27-May-2021,710,CE,0,0,0,32.65,22.6,0,0,0,0,19-APR-2021,
OPTSTK,TATACONSUM,27-May-2021,720,CE,0,0,0,15,19.7,0,0,1350,0,19-APR-2021,
OPTSTK,TATACONSUM,27-May-2021,730,CE,0,0,0,27.6,17.1,0,0,0,0,19-APR-2021,
OPTSTK,TATACONSUM,27-May-2021,740,CE,0,0,0,25.3,14.8,0,0,0,0,19-APR-2021,
OPTSTK,TATACONSUM,27-May-2021,750,CE,6,6,6,6,12.75,1,10.2,13500,1350,19-APR-2021,
OPTSTK,TATACONSUM,27-May-2021,760,CE,0,0,0,21.25,10.95,0,0,0,0,19-APR-2021,
OPTSTK,TATACONSUM,27-May-2021,770,CE,0,0,0,19.4,9.35,0,0,0,0,19-APR-2021,
OPTSTK,TATACONSUM,27-May-2021,780,CE,0,0,0,17.75,8,0,0,0,0,19-APR-2021,
OPTSTK,TATACONSUM,27-May-2021,790,CE,0,0,0,16.2,6.8,0,0,0,0,19-APR-2021,
OPTSTK,TATACONSUM,27-May-2021,800,CE,0,0,0,14.75,5.75,0,0,0,0,19-APR-2021,
OPTSTK,TATACONSUM,27-May-2021,810,CE,0,0,0,13.45,4.85,0,0,0,0,19-APR-2021,
OPTSTK,TATACONSUM,27-May-2021,390,PE,0,0,0,0.9,0,0,0,0,0,19-APR-2021,
OPTSTK,TATACONSUM,27-May-2021,400,PE,0,0,0,1.2,0.05,0,0,0,0,19-APR-2021,
OPTSTK,TATACONSUM,27-May-2021,410,PE,0,0,0,1.6,0.05,0,0,0,0,19-APR-2021,
OPTSTK,TATACONSUM,27-May-2021,420,PE,0,0,0,2.1,0.05,0,0,0,0,19-APR-2021,
OPTSTK,TATACONSUM,27-May-2021,430,PE,0,0,0,2.7,0.05,0,0,0,0,19-APR-2021,
OPTSTK,TATACONSUM,27-May-2021,440,PE,0,0,0,3.4,0.1,0,0,0,0,19-APR-2021,
OPTSTK,TATACONSUM,27-May-2021,450,PE,0,0,0,4.25,0.1,0,0,0,0,19-APR-2021,
OPTSTK,TATACONSUM,27-May-2021,460,PE,0,0,0,5.25,0.2,0,0,0,0,19-APR-2021,
OPTSTK,TATACONSUM,27-May-2021,470,PE,0,0,0,6.45,0.3,0,0,0,0,19-APR-2021,
OPTSTK,TATACONSUM,27-May-2021,480,PE,0,0,0,7.8,0.4,0,0,0,0,19-APR-2021,
OPTSTK,TATACONSUM,27-May-2021,490,PE,0,0,0,9.35,0.6,0,0,0,0,19-APR-2021,
OPTSTK,TATACONSUM,27-May-2021,500,PE,0,0,0,11.15,0.9,0,0,0,0,19-APR-2021,
OPTSTK,TATACONSUM,27-May-2021,510,PE,0,0,0,13.1,1.25,0,0,0,0,19-APR-2021,
OPTSTK,TATACONSUM,27-May-2021,520,PE,0,0,0,15.35,1.7,0,0,0,0,19-APR-2021,
OPTSTK,TATACONSUM,27-May-2021,530,PE,0,0,0,17.85,2.35,0,0,0,0,19-APR-2021,
OPTSTK,TATACONSUM,27-May-2021,540,PE,0,0,0,20.55,3.15,0,0,0,0,19-APR-2021,
OPTSTK,TATACONSUM,27-May-2021,550,PE,0,0,0,23.55,4.15,0,0,0,0,19-APR-2021,
OPTSTK,TATACONSUM,27-May-2021,560,PE,0,0,0,26.8,5.35,0,0,0,0,19-APR-2021,
OPTSTK,TATACONSUM,27-May-2021,570,PE,0,0,0,30.35,6.85,0,0,0,0,19-APR-2021,
OPTSTK,TATACONSUM,27-May-2021,580,PE,0,0,0,34.15,8.65,0,0,0,0,19-APR-2021,
OPTSTK,TATACONSUM,27-May-2021,590,PE,0,0,0,38.25,10.7,0,0,0,0,19-APR-2021,
OPTSTK,TATACONSUM,27-May-2021,600,PE,0,0,0,12.75,13.2,0,0,13500,0,19-APR-2021,
OPTSTK,TATACONSUM,27-May-2021,610,PE,0,0,0,47.25,15.95,0,0,0,0,19-APR-2021,
OPTSTK,TATACONSUM,27-May-2021,620,PE,0,0,0,52.15,19.1,0,0,0,0,19-APR-2021,
OPTSTK,TATACONSUM,27-May-2021,630,PE,0,0,0,57.3,22.7,0,0,0,0,19-APR-2021,
OPTSTK,TATACONSUM,27-May-2021,640,PE,0,0,0,62.75,26.7,0,0,0,0,19-APR-2021,
OPTSTK,TATACONSUM,27-May-2021,650,PE,0,0,0,68.45,31.05,0,0,0,0,19-APR-2021,
OPTSTK,TATACONSUM,27-May-2021,660,PE,0,0,0,74.4,35.85,0,0,0,0,19-APR-2021,
OPTSTK,TATACONSUM,27-May-2021,670,PE,0,0,0,80.6,41.1,0,0,0,0,19-APR-2021,
OPTSTK,TATACONSUM,27-May-2021,680,PE,0,0,0,87,46.7,0,0,0,0,19-APR-2021,
OPTSTK,TATACONSUM,27-May-2021,690,PE,0,0,0,93.65,52.65,0,0,0,0,19-APR-2021,
OPTSTK,TATACONSUM,27-May-2021,700,PE,0,0,0,100.5,59.05,0,0,0,0,19-APR-2021,
OPTSTK,TATACONSUM,27-May-2021,710,PE,0,0,0,107.55,65.75,0,0,0,0,19-APR-2021,
OPTSTK,TATACONSUM,27-May-2021,720,PE,0,0,0,114.8,72.8,0,0,0,0,19-APR-2021,
OPTSTK,TATACONSUM,27-May-2021,730,PE,0,0,0,122.3,80.15,0,0,0,0,19-APR-2021,
OPTSTK,TATACONSUM,27-May-2021,740,PE,0,0,0,129.9,87.85,0,0,0,0,19-APR-2021,
OPTSTK,TATACONSUM,27-May-2021,750,PE,0,0,0,137.7,95.7,0,0,0,0,19-APR-2021,
OPTSTK,TATACONSUM,27-May-2021,760,PE,0,0,0,145.65,103.9,0,0,0,0,19-APR-2021,
OPTSTK,TATACONSUM,27-May-2021,770,PE,0,0,0,153.75,112.25,0,0,0,0,19-APR-2021,
OPTSTK,TATACONSUM,27-May-2021,780,PE,0,0,0,161.95,120.85,0,0,0,0,19-APR-2021,
OPTSTK,TATACONSUM,27-May-2021,790,PE,0,0,0,170.35,129.6,0,0,0,0,19-APR-2021,
OPTSTK,TATACONSUM,27-May-2021,800,PE,0,0,0,178.8,138.55,0,0,0,0,19-APR-2021,
OPTSTK,TATACONSUM,27-May-2021,810,PE,0,0,0,187.4,147.6,0,0,0,0,19-APR-2021,
OPTSTK,TATACONSUM,24-Jun-2021,390,CE,0,0,0,229.45,276.85,0,0,0,0,19-APR-2021,
OPTSTK,TATACONSUM,24-Jun-2021,400,CE,0,0,0,219.9,266.95,0,0,0,0,19-APR-2021,
OPTSTK,TATACONSUM,24-Jun-2021,410,CE,0,0,0,210.4,257.1,0,0,0,0,19-APR-2021,
OPTSTK,TATACONSUM,24-Jun-2021,420,CE,0,0,0,201.05,247.25,0,0,0,0,19-APR-2021,
OPTSTK,TATACONSUM,24-Jun-2021,430,CE,0,0,0,191.8,237.45,0,0,0,0,19-APR-2021,
OPTSTK,TATACONSUM,24-Jun-2021,440,CE,0,0,0,182.65,227.7,0,0,0,0,19-APR-2021,
OPTSTK,TATACONSUM,24-Jun-2021,450,CE,0,0,0,173.7,218,0,0,0,0,19-APR-2021,
OPTSTK,TATACONSUM,24-Jun-2021,460,CE,0,0,0,164.9,208.4,0,0,0,0,19-APR-2021,
OPTSTK,TATACONSUM,24-Jun-2021,470,CE,0,0,0,156.3,198.85,0,0,0,0,19-APR-2021,
OPTSTK,TATACONSUM,24-Jun-2021,480,CE,0,0,0,147.85,189.4,0,0,0,0,19-APR-2021,
OPTSTK,TATACONSUM,24-Jun-2021,490,CE,0,0,0,139.65,180.1,0,0,0,0,19-APR-2021,
OPTSTK,TATACONSUM,24-Jun-2021,500,CE,0,0,0,131.7,170.9,0,0,0,0,19-APR-2021,
OPTSTK,TATACONSUM,24-Jun-2021,510,CE,0,0,0,124,161.9,0,0,0,0,19-APR-2021,
OPTSTK,TATACONSUM,24-Jun-2021,520,CE,0,0,0,116.55,153,0,0,0,0,19-APR-2021,
OPTSTK,TATACONSUM,24-Jun-2021,530,CE,0,0,0,109.3,144.35,0,0,0,0,19-APR-2021,
OPTSTK,TATACONSUM,24-Jun-2021,540,CE,0,0,0,102.4,135.9,0,0,0,0,19-APR-2021,
OPTSTK,TATACONSUM,24-Jun-2021,550,CE,0,0,0,95.7,127.7,0,0,0,0,19-APR-2021,
OPTSTK,TATACONSUM,24-Jun-2021,560,CE,0,0,0,89.35,119.7,0,0,0,0,19-APR-2021,
OPTSTK,TATACONSUM,24-Jun-2021,570,CE,0,0,0,83.25,112,0,0,0,0,19-APR-2021,
OPTSTK,TATACONSUM,24-Jun-2021,580,CE,0,0,0,77.5,104.55,0,0,0,0,19-APR-2021,
OPTSTK,TATACONSUM,24-Jun-2021,590,CE,0,0,0,72,97.4,0,0,0,0,19-APR-2021,
OPTSTK,TATACONSUM,24-Jun-2021,600,CE,0,0,0,66.8,90.5,0,0,0,0,19-APR-2021,
OPTSTK,TATACONSUM,24-Jun-2021,610,CE,0,0,0,61.85,83.95,0,0,0,0,19-APR-2021,
OPTSTK,TATACONSUM,24-Jun-2021,620,CE,0,0,0,57.2,77.7,0,0,0,0,19-APR-2021,
OPTSTK,TATACONSUM,24-Jun-2021,630,CE,0,0,0,52.8,71.75,0,0,0,0,19-APR-2021,
OPTSTK,TATACONSUM,24-Jun-2021,640,CE,0,0,0,48.7,66.15,0,0,0,0,19-APR-2021,
OPTSTK,TATACONSUM,24-Jun-2021,650,CE,0,0,0,44.85,60.85,0,0,0,0,19-APR-2021,
OPTSTK,TATACONSUM,24-Jun-2021,660,CE,0,0,0,41.25,55.85,0,0,0,0,19-APR-2021,
OPTSTK,TATACONSUM,24-Jun-2021,670,CE,0,0,0,37.9,51.15,0,0,0,0,19-APR-2021,
OPTSTK,TATACONSUM,24-Jun-2021,680,CE,0,0,0,34.75,46.75,0,0,0,0,19-APR-2021,
OPTSTK,TATACONSUM,24-Jun-2021,690,CE,0,0,0,31.85,42.65,0,0,0,0,19-APR-2021,
OPTSTK,TATACONSUM,24-Jun-2021,700,CE,0,0,0,29.15,38.85,0,0,0,0,19-APR-2021,
OPTSTK,TATACONSUM,24-Jun-2021,710,CE,0,0,0,26.65,35.3,0,0,0,0,19-APR-2021,
OPTSTK,TATACONSUM,24-Jun-2021,720,CE,0,0,0,24.35,32.05,0,0,0,0,19-APR-2021,
OPTSTK,TATACONSUM,24-Jun-2021,730,CE,0,0,0,22.2,29,0,0,0,0,19-APR-2021,
OPTSTK,TATACONSUM,24-Jun-2021,740,CE,0,0,0,20.25,26.2,0,0,0,0,19-APR-2021,
OPTSTK,TATACONSUM,24-Jun-2021,750,CE,0,0,0,18.4,23.7,0,0,0,0,19-APR-2021,
OPTSTK,TATACONSUM,24-Jun-2021,760,CE,0,0,0,16.7,21.35,0,0,0,0,19-APR-2021,
OPTSTK,TATACONSUM,24-Jun-2021,770,CE,0,0,0,15.2,19.2,0,0,0,0,19-APR-2021,
OPTSTK,TATACONSUM,24-Jun-2021,780,CE,0,0,0,13.8,17.25,0,0,0,0,19-APR-2021,
OPTSTK,TATACONSUM,24-Jun-2021,790,CE,0,0,0,12.5,15.45,0,0,0,0,19-APR-2021,
OPTSTK,TATACONSUM,24-Jun-2021,800,CE,0,0,0,11.3,13.85,0,0,0,0,19-APR-2021,
OPTSTK,TATACONSUM,24-Jun-2021,810,CE,0,0,0,10.25,12.4,0,0,0,0,19-APR-2021,
OPTSTK,TATACONSUM,24-Jun-2021,390,PE,0,0,0,1,0.1,0,0,0,0,19-APR-2021,
OPTSTK,TATACONSUM,24-Jun-2021,400,PE,0,0,0,1.3,0.15,0,0,0,0,19-APR-2021,
OPTSTK,TATACONSUM,24-Jun-2021,410,PE,0,0,0,1.75,0.2,0,0,0,0,19-APR-2021,
OPTSTK,TATACONSUM,24-Jun-2021,420,PE,0,0,0,2.3,0.3,0,0,0,0,19-APR-2021,
OPTSTK,TATACONSUM,24-Jun-2021,430,PE,0,0,0,2.95,0.45,0,0,0,0,19-APR-2021,
OPTSTK,TATACONSUM,24-Jun-2021,440,PE,0,0,0,3.7,0.65,0,0,0,0,19-APR-2021,
OPTSTK,TATACONSUM,24-Jun-2021,450,PE,0,0,0,4.65,0.85,0,0,0,0,19-APR-2021,
OPTSTK,TATACONSUM,24-Jun-2021,460,PE,0,0,0,5.75,1.2,0,0,0,0,19-APR-2021,
OPTSTK,TATACONSUM,24-Jun-2021,470,PE,0,0,0,7.05,1.55,0,0,0,0,19-APR-2021,
OPTSTK,TATACONSUM,24-Jun-2021,480,PE,0,0,0,8.55,2.05,0,0,0,0,19-APR-2021,
OPTSTK,TATACONSUM,24-Jun-2021,490,PE,0,0,0,10.25,2.7,0,0,0,0,19-APR-2021,
OPTSTK,TATACONSUM,24-Jun-2021,500,PE,0,0,0,12.2,3.45,0,0,0,0,19-APR-2021,
OPTSTK,TATACONSUM,24-Jun-2021,510,PE,0,0,0,14.4,4.35,0,0,0,0,19-APR-2021,
OPTSTK,TATACONSUM,24-Jun-2021,520,PE,0,0,0,16.85,5.4,0,0,0,0,19-APR-2021,
OPTSTK,TATACONSUM,24-Jun-2021,530,PE,0,0,0,19.55,6.7,0,0,0,0,19-APR-2021,
OPTSTK,TATACONSUM,24-Jun-2021,540,PE,0,0,0,22.5,8.15,0,0,0,0,19-APR-2021,
OPTSTK,TATACONSUM,24-Jun-2021,550,PE,0,0,0,25.75,9.85,0,0,0,0,19-APR-2021,
OPTSTK,TATACONSUM,24-Jun-2021,560,PE,0,0,0,29.3,11.8,0,0,0,0,19-APR-2021,
OPTSTK,TATACONSUM,24-Jun-2021,570,PE,0,0,0,33.1,14.05,0,0,0,0,19-APR-2021,
OPTSTK,TATACONSUM,24-Jun-2021,580,PE,0,0,0,37.25,16.55,0,0,0,0,19-APR-2021,
OPTSTK,TATACONSUM,24-Jun-2021,590,PE,0,0,0,41.65,19.3,0,0,0,0,19-APR-2021,
OPTSTK,TATACONSUM,24-Jun-2021,600,PE,0,0,0,46.35,22.35,0,0,0,0,19-APR-2021,
OPTSTK,TATACONSUM,24-Jun-2021,610,PE,0,0,0,51.3,25.7,0,0,0,0,19-APR-2021,
OPTSTK,TATACONSUM,24-Jun-2021,620,PE,0,0,0,56.6,29.4,0,0,0,0,19-APR-2021,
OPTSTK,TATACONSUM,24-Jun-2021,630,PE,0,0,0,62.1,33.4,0,0,0,0,19-APR-2021,
OPTSTK,TATACONSUM,24-Jun-2021,640,PE,0,0,0,67.9,37.7,0,0,0,0,19-APR-2021,
OPTSTK,TATACONSUM,24-Jun-2021,650,PE,0,0,0,73.95,42.35,0,0,0,0,19-APR-2021,
OPTSTK,TATACONSUM,24-Jun-2021,660,PE,0,0,0,80.25,47.25,0,0,0,0,19-APR-2021,
OPTSTK,TATACONSUM,24-Jun-2021,670,PE,0,0,0,86.8,52.5,0,0,0,0,19-APR-2021,
OPTSTK,TATACONSUM,24-Jun-2021,680,PE,0,0,0,93.55,58.05,0,0,0,0,19-APR-2021,
OPTSTK,TATACONSUM,24-Jun-2021,690,PE,0,0,0,100.55,63.9,0,0,0,0,19-APR-2021,
OPTSTK,TATACONSUM,24-Jun-2021,700,PE,0,0,0,107.75,70,0,0,0,0,19-APR-2021,
OPTSTK,TATACONSUM,24-Jun-2021,710,PE,0,0,0,115.2,76.4,0,0,0,0,19-APR-2021,
OPTSTK,TATACONSUM,24-Jun-2021,720,PE,0,0,0,122.8,83.05,0,0,0,0,19-APR-2021,
OPTSTK,TATACONSUM,24-Jun-2021,730,PE,0,0,0,130.55,89.95,0,0,0,0,19-APR-2021,
OPTSTK,TATACONSUM,24-Jun-2021,740,PE,0,0,0,138.5,97.1,0,0,0,0,19-APR-2021,
OPTSTK,TATACONSUM,24-Jun-2021,750,PE,0,0,0,146.55,104.55,0,0,0,0,19-APR-2021,
OPTSTK,TATACONSUM,24-Jun-2021,760,PE,0,0,0,154.8,112.1,0,0,0,0,19-APR-2021,
OPTSTK,TATACONSUM,24-Jun-2021,770,PE,0,0,0,163.15,119.9,0,0,0,0,19-APR-2021,
OPTSTK,TATACONSUM,24-Jun-2021,780,PE,0,0,0,171.65,127.85,0,0,0,0,19-APR-2021,
OPTSTK,TATACONSUM,24-Jun-2021,790,PE,0,0,0,180.3,136,0,0,0,0,19-APR-2021,
OPTSTK,TATACONSUM,24-Jun-2021,800,PE,0,0,0,189,144.35,0,0,0,0,19-APR-2021,
OPTSTK,TATACONSUM,24-Jun-2021,810,PE,0,0,0,197.85,152.8,0,0,0,0,19-APR-2021,
OPTSTK,TATAMOTORS,29-Apr-2021,185,CE,0,0,0,88.9,116.6,0,0,0,0,19-APR-2021,
OPTSTK,TATAMOTORS,29-Apr-2021,190,CE,0,0,0,101,111.6,0,0,17100,0,19-APR-2021,
OPTSTK,TATAMOTORS,29-Apr-2021,195,CE,0,0,0,81,106.6,0,0,0,0,19-APR-2021,
OPTSTK,TATAMOTORS,29-Apr-2021,200,CE,0,0,0,114.95,101.6,0,0,39900,0,19-APR-2021,
OPTSTK,TATAMOTORS,29-Apr-2021,205,CE,0,0,0,73.55,96.65,0,0,0,0,19-APR-2021,
OPTSTK,TATAMOTORS,29-Apr-2021,210,CE,0,0,0,76,91.65,0,0,5700,0,19-APR-2021,
OPTSTK,TATAMOTORS,29-Apr-2021,215,CE,0,0,0,66.5,86.65,0,0,0,0,19-APR-2021,
OPTSTK,TATAMOTORS,29-Apr-2021,220,CE,0,0,0,70,81.65,0,0,5700,0,19-APR-2021,
OPTSTK,TATAMOTORS,29-Apr-2021,225,CE,0,0,0,59.95,76.7,0,0,0,0,19-APR-2021,
OPTSTK,TATAMOTORS,29-Apr-2021,230,CE,0,0,0,68,71.75,0,0,11400,0,19-APR-2021,
OPTSTK,TATAMOTORS,29-Apr-2021,235,CE,0,0,0,53.9,66.8,0,0,0,0,19-APR-2021,
OPTSTK,TATAMOTORS,29-Apr-2021,240,CE,0,0,0,72.7,61.9,0,0,11400,0,19-APR-2021,
OPTSTK,TATAMOTORS,29-Apr-2021,245,CE,0,0,0,46,57.1,0,0,5700,0,19-APR-2021,
OPTSTK,TATAMOTORS,29-Apr-2021,250,CE,50.55,55.5,50.55,52.5,52.5,8,138.2,114000,0,19-APR-2021,
OPTSTK,TATAMOTORS,29-Apr-2021,255,CE,0,0,0,43.2,47.65,0,0,0,0,19-APR-2021,
OPTSTK,TATAMOTORS,29-Apr-2021,260,CE,0,0,0,52.45,43.15,0,0,57000,0,19-APR-2021,
OPTSTK,TATAMOTORS,29-Apr-2021,265,CE,0,0,0,33.3,38.75,0,0,11400,0,19-APR-2021,
OPTSTK,TATAMOTORS,29-Apr-2021,270,CE,33.55,34.2,33.55,34.2,34.55,2,34.64,79800,-11400,19-APR-2021,
OPTSTK,TATAMOTORS,29-Apr-2021,275,CE,27.45,27.45,27.45,27.45,30.55,2,34.47,57000,0,19-APR-2021,
OPTSTK,TATAMOTORS,29-Apr-2021,280,CE,21.6,28.3,21.6,25.75,25.75,188,3279.35,684000,45600,19-APR-2021,
OPTSTK,TATAMOTORS,29-Apr-2021,285,CE,16.4,22.55,16.4,22,22,30,523,473100,22800,19-APR-2021,
OPTSTK,TATAMOTORS,29-Apr-2021,290,CE,16.55,20.6,12.95,18.2,18.2,262,4585.1,1413600,5700,19-APR-2021,
OPTSTK,TATAMOTORS,29-Apr-2021,295,CE,14.75,17.15,10.5,15,15,492,8664.58,541500,-28500,19-APR-2021,
OPTSTK,TATAMOTORS,29-Apr-2021,300,CE,10,14,8.05,12.15,12.15,3911,69477.4,4514400,336300,19-APR-2021,
OPTSTK,TATAMOTORS,29-Apr-2021,305,CE,7.75,11.25,6.25,9.7,9.7,1566,28078.68,1710000,718200,19-APR-2021,
OPTSTK,TATAMOTORS,29-Apr-2021,310,CE,6.05,8.9,4.4,7.55,7.55,3433,62102.94,5067300,1447800,19-APR-2021,
OPTSTK,TATAMOTORS,29-Apr-2021,315,CE,4.6,6.9,3.65,5.95,5.95,996,18202.84,2023500,-142500,19-APR-2021,
OPTSTK,TATAMOTORS,29-Apr-2021,320,CE,2.6,5.5,2.6,4.6,4.6,2784,51487.43,6515100,393300,19-APR-2021,
OPTSTK,TATAMOTORS,29-Apr-2021,325,CE,1.65,4.2,1.65,3.6,3.6,934,17483.96,2445300,267900,19-APR-2021,
OPTSTK,TATAMOTORS,29-Apr-2021,330,CE,4,4,1.5,2.75,2.75,1939,36769.75,5631600,125400,19-APR-2021,
OPTSTK,TATAMOTORS,29-Apr-2021,335,CE,1.65,2.55,1.55,2.15,2.15,444,8529.9,1385100,68400,19-APR-2021,
OPTSTK,TATAMOTORS,29-Apr-2021,340,CE,2.8,2.8,0.65,1.7,1.7,1288,25083.62,4394700,-5700,19-APR-2021,
OPTSTK,TATAMOTORS,29-Apr-2021,345,CE,2,2,1.05,1.4,1.4,326,6435.95,872100,91200,19-APR-2021,
OPTSTK,TATAMOTORS,29-Apr-2021,350,CE,1.8,1.8,0.9,1.15,1.15,1888,37790.24,7575300,604200,19-APR-2021,
OPTSTK,TATAMOTORS,29-Apr-2021,355,CE,1.2,1.2,0.7,0.95,0.95,316,6411.67,866400,28500,19-APR-2021,
OPTSTK,TATAMOTORS,29-Apr-2021,360,CE,0.8,0.95,0.65,0.8,0.8,580,11927.84,2844300,-57000,19-APR-2021,
OPTSTK,TATAMOTORS,29-Apr-2021,365,CE,0.65,0.8,0.6,0.7,0.7,54,1125.65,370500,34200,19-APR-2021,
OPTSTK,TATAMOTORS,29-Apr-2021,370,CE,0.75,0.75,0.45,0.5,0.5,273,5765.8,2017800,-319200,19-APR-2021,
OPTSTK,TATAMOTORS,29-Apr-2021,375,CE,0.4,0.4,0.35,0.4,0.4,38,813.07,404700,-11400,19-APR-2021,
OPTSTK,TATAMOTORS,29-Apr-2021,380,CE,0.55,0.55,0.3,0.4,0.4,95,2059.65,1932300,-148200,19-APR-2021,
OPTSTK,TATAMOTORS,29-Apr-2021,385,CE,0,0,0,23,0.25,0,0,0,0,19-APR-2021,
OPTSTK,TATAMOTORS,29-Apr-2021,400,CE,0.4,0.4,0.2,0.3,0.3,266,6068.82,3870300,-193800,19-APR-2021,
OPTSTK,TATAMOTORS,29-Apr-2021,420,CE,0.2,0.25,0.15,0.2,0.2,29,694.6,598500,-51300,19-APR-2021,
OPTSTK,TATAMOTORS,29-Apr-2021,440,CE,0.15,0.25,0.15,0.15,0.15,23,577.05,1202700,-79800,19-APR-2021,
OPTSTK,TATAMOTORS,29-Apr-2021,185,PE,0.1,0.25,0.1,0.25,0,3,31.66,96900,0,19-APR-2021,
OPTSTK,TATAMOTORS,29-Apr-2021,190,PE,0.2,0.2,0.2,0.2,0,2,21.68,85500,-11400,19-APR-2021,
OPTSTK,TATAMOTORS,29-Apr-2021,195,PE,0,0,0,7.4,0,0,0,0,0,19-APR-2021,
OPTSTK,TATAMOTORS,29-Apr-2021,200,PE,0.25,0.35,0.15,0.2,0.2,58,661.98,1322400,-11400,19-APR-2021,
OPTSTK,TATAMOTORS,29-Apr-2021,205,PE,0,0,0,9.85,0,0,0,0,0,19-APR-2021,
OPTSTK,TATAMOTORS,29-Apr-2021,210,PE,0.3,0.35,0.25,0.25,0.25,12,143.85,153900,-5700,19-APR-2021,
OPTSTK,TATAMOTORS,29-Apr-2021,215,PE,0,0,0,12.7,0.05,0,0,0,0,19-APR-2021,
OPTSTK,TATAMOTORS,29-Apr-2021,220,PE,0.5,0.6,0.3,0.3,0.3,66,829.07,530100,0,19-APR-2021,
OPTSTK,TATAMOTORS,29-Apr-2021,225,PE,0.4,0.45,0.4,0.45,0.45,4,51.39,148200,5700,19-APR-2021,
OPTSTK,TATAMOTORS,29-Apr-2021,230,PE,0.85,0.9,0.3,0.45,0.45,78,1024.9,969000,11400,19-APR-2021,
OPTSTK,TATAMOTORS,29-Apr-2021,235,PE,0.7,0.8,0.7,0.8,0.15,4,53.74,199500,-11400,19-APR-2021,
OPTSTK,TATAMOTORS,29-Apr-2021,240,PE,0.85,1.05,0.55,0.65,0.65,302,4145.03,1556100,-102600,19-APR-2021,
OPTSTK,TATAMOTORS,29-Apr-2021,245,PE,1.1,1.2,0.75,0.75,0.75,29,406.63,176700,45600,19-APR-2021,
OPTSTK,TATAMOTORS,29-Apr-2021,250,PE,1.25,1.5,0.9,1,1,1117,15992.07,4035600,-279300,19-APR-2021,
OPTSTK,TATAMOTORS,29-Apr-2021,255,PE,1.95,1.95,1.15,1.25,1.25,100,1462.2,530100,-22800,19-APR-2021,
OPTSTK,TATAMOTORS,29-Apr-2021,260,PE,2.3,2.45,1.35,1.55,1.55,591,8819.03,2878500,-148200,19-APR-2021,
OPTSTK,TATAMOTORS,29-Apr-2021,265,PE,6,6,1.35,1.9,1.9,343,5224.77,723900,34200,19-APR-2021,
OPTSTK,TATAMOTORS,29-Apr-2021,270,PE,2.9,3.65,2.1,2.4,2.4,802,12470.04,3157800,-57000,19-APR-2021,
OPTSTK,TATAMOTORS,29-Apr-2021,275,PE,3.7,4.3,2.65,3.1,3.1,399,6333.84,1493400,165300,19-APR-2021,
OPTSTK,TATAMOTORS,29-Apr-2021,280,PE,4.5,5.5,3.4,3.95,3.95,1894,30709.59,4206600,-456000,19-APR-2021,
OPTSTK,TATAMOTORS,29-Apr-2021,285,PE,6.65,7,4.3,5.05,5.05,795,13170.18,1271100,-74100,19-APR-2021,
OPTSTK,TATAMOTORS,29-Apr-2021,290,PE,8.35,9.3,5.45,6.45,6.45,2334,39542.05,4856400,1037400,19-APR-2021,
OPTSTK,TATAMOTORS,29-Apr-2021,295,PE,13.3,13.3,6.85,8.1,8.1,824,14272.06,1413600,39900,19-APR-2021,
OPTSTK,TATAMOTORS,29-Apr-2021,300,PE,12.1,14.25,8.7,10.15,10.15,2733,48446.09,4007100,-535800,19-APR-2021,
OPTSTK,TATAMOTORS,29-Apr-2021,305,PE,16.3,16.85,10.9,12.7,12.7,532,9651.29,815100,-171000,19-APR-2021,
OPTSTK,TATAMOTORS,29-Apr-2021,310,PE,19.9,20.5,13.4,15.55,15.55,800,14907.5,2325600,-587100,19-APR-2021,
OPTSTK,TATAMOTORS,29-Apr-2021,315,PE,20,24.1,16.6,18.9,18.9,120,2288.89,712500,-85500,19-APR-2021,
OPTSTK,TATAMOTORS,29-Apr-2021,320,PE,21.7,28.4,20.75,22.75,22.75,83,1627.36,1368000,-148200,19-APR-2021,
OPTSTK,TATAMOTORS,29-Apr-2021,325,PE,28.85,28.85,27.45,27.7,28.85,3,60.36,228000,-5700,19-APR-2021,
OPTSTK,TATAMOTORS,29-Apr-2021,330,PE,35,35,28.4,28.4,32.75,16,328.89,484500,-45600,19-APR-2021,
OPTSTK,TATAMOTORS,29-Apr-2021,335,PE,39.7,39.7,35.5,35.5,36.85,2,42.47,51300,-11400,19-APR-2021,
OPTSTK,TATAMOTORS,29-Apr-2021,340,PE,42.5,44.9,42.5,43,41.05,4,87.45,193800,-11400,19-APR-2021,
OPTSTK,TATAMOTORS,29-Apr-2021,345,PE,0,0,0,43.5,45.45,0,0,39900,0,19-APR-2021,
OPTSTK,TATAMOTORS,29-Apr-2021,350,PE,51.75,51.75,50.7,50.7,49.95,3,68.63,267900,5700,19-APR-2021,
OPTSTK,TATAMOTORS,29-Apr-2021,355,PE,0,0,0,87.7,54.55,0,0,0,0,19-APR-2021,
OPTSTK,TATAMOTORS,29-Apr-2021,360,PE,0,0,0,57.3,59.25,0,0,85500,0,19-APR-2021,
OPTSTK,TATAMOTORS,29-Apr-2021,365,PE,0,0,0,68.25,64,0,0,0,0,19-APR-2021,
OPTSTK,TATAMOTORS,29-Apr-2021,370,PE,0,0,0,69,68.8,0,0,17100,0,19-APR-2021,
OPTSTK,TATAMOTORS,29-Apr-2021,375,PE,0,0,0,75.3,73.65,0,0,0,0,19-APR-2021,
OPTSTK,TATAMOTORS,29-Apr-2021,380,PE,0,0,0,84.75,78.55,0,0,11400,0,19-APR-2021,
OPTSTK,TATAMOTORS,29-Apr-2021,385,PE,0,0,0,82.65,83.45,0,0,0,0,19-APR-2021,
OPTSTK,TATAMOTORS,29-Apr-2021,400,PE,98.5,98.5,98.5,98.5,98.3,1,28.41,11400,5700,19-APR-2021,
OPTSTK,TATAMOTORS,29-Apr-2021,420,PE,0,0,0,102.05,118.2,0,0,0,0,19-APR-2021,
OPTSTK,TATAMOTORS,29-Apr-2021,440,PE,0,0,0,118.65,138.2,0,0,0,0,19-APR-2021,
OPTSTK,TATAMOTORS,27-May-2021,200,CE,0,0,0,137.85,102.85,0,0,0,0,19-APR-2021,
OPTSTK,TATAMOTORS,27-May-2021,220,CE,0,0,0,120.5,84.25,0,0,0,0,19-APR-2021,
OPTSTK,TATAMOTORS,27-May-2021,225,CE,0,0,0,69.9,79.75,0,0,0,0,19-APR-2021,
OPTSTK,TATAMOTORS,27-May-2021,230,CE,0,0,0,66.2,75.4,0,0,0,0,19-APR-2021,
OPTSTK,TATAMOTORS,27-May-2021,235,CE,0,0,0,62.6,71.1,0,0,0,0,19-APR-2021,
OPTSTK,TATAMOTORS,27-May-2021,240,CE,0,0,0,104.35,66.95,0,0,0,0,19-APR-2021,
OPTSTK,TATAMOTORS,27-May-2021,245,CE,0,0,0,55.8,62.9,0,0,0,0,19-APR-2021,
OPTSTK,TATAMOTORS,27-May-2021,250,CE,0,0,0,55,59,0,0,11400,0,19-APR-2021,
OPTSTK,TATAMOTORS,27-May-2021,255,CE,0,0,0,49.45,55.25,0,0,0,0,19-APR-2021,
OPTSTK,TATAMOTORS,27-May-2021,260,CE,0,0,0,55.1,51.6,0,0,5700,0,19-APR-2021,
OPTSTK,TATAMOTORS,27-May-2021,265,CE,0,0,0,43.7,48.1,0,0,0,0,19-APR-2021,
OPTSTK,TATAMOTORS,27-May-2021,270,CE,0,0,0,41,44.75,0,0,0,0,19-APR-2021,
OPTSTK,TATAMOTORS,27-May-2021,275,CE,0,0,0,38.45,41.55,0,0,0,0,19-APR-2021,
OPTSTK,TATAMOTORS,27-May-2021,280,CE,0,0,0,76.2,38.55,0,0,0,0,19-APR-2021,
OPTSTK,TATAMOTORS,27-May-2021,285,CE,0,0,0,33.65,35.65,0,0,0,0,19-APR-2021,
OPTSTK,TATAMOTORS,27-May-2021,290,CE,0,0,0,31.5,32.95,0,0,0,0,19-APR-2021,
OPTSTK,TATAMOTORS,27-May-2021,295,CE,0,0,0,29.4,30.35,0,0,0,0,19-APR-2021,
OPTSTK,TATAMOTORS,27-May-2021,300,CE,21,25,20.55,23.65,23.65,91,1677.5,1727100,114000,19-APR-2021,
OPTSTK,TATAMOTORS,27-May-2021,305,CE,19.3,23.75,19.3,22.55,22.55,7,130.6,45600,28500,19-APR-2021,
OPTSTK,TATAMOTORS,27-May-2021,310,CE,16.95,20.5,16.6,19.2,19.2,41,768.78,142500,51300,19-APR-2021,
OPTSTK,TATAMOTORS,27-May-2021,315,CE,0,0,0,22.15,21.55,0,0,0,0,19-APR-2021,
OPTSTK,TATAMOTORS,27-May-2021,320,CE,13.95,16.9,13.4,15.35,15.35,87,1662.32,558600,68400,19-APR-2021,
OPTSTK,TATAMOTORS,27-May-2021,325,CE,0,0,0,19.15,17.95,0,0,0,0,19-APR-2021,
OPTSTK,TATAMOTORS,27-May-2021,330,CE,0,0,0,17.8,16.4,0,0,0,0,19-APR-2021,
OPTSTK,TATAMOTORS,27-May-2021,335,CE,0,0,0,16.55,14.9,0,0,0,0,19-APR-2021,
OPTSTK,TATAMOTORS,27-May-2021,340,CE,12.2,12.2,9.3,9.5,9.5,33,657.9,416100,68400,19-APR-2021,
OPTSTK,TATAMOTORS,27-May-2021,345,CE,0,0,0,14.25,12.3,0,0,0,0,19-APR-2021,
OPTSTK,TATAMOTORS,27-May-2021,350,CE,7.5,8.5,7.2,7.7,7.7,44,897.25,290700,51300,19-APR-2021,
OPTSTK,TATAMOTORS,27-May-2021,355,CE,0,0,0,12.2,10.1,0,0,0,0,19-APR-2021,
OPTSTK,TATAMOTORS,27-May-2021,360,CE,6.1,6.45,5.5,5.75,5.75,29,604.92,239400,62700,19-APR-2021,
OPTSTK,TATAMOTORS,27-May-2021,365,CE,0,0,0,10.45,8.25,0,0,0,0,19-APR-2021,
OPTSTK,TATAMOTORS,27-May-2021,370,CE,0,0,0,9.65,7.4,0,0,0,0,19-APR-2021,
OPTSTK,TATAMOTORS,27-May-2021,375,CE,0,0,0,8.95,6.7,0,0,0,0,19-APR-2021,
OPTSTK,TATAMOTORS,27-May-2021,380,CE,3.7,3.75,3.4,3.45,3.45,9,196.77,159600,28500,19-APR-2021,
OPTSTK,TATAMOTORS,27-May-2021,385,CE,0,0,0,7.6,5.4,0,0,0,0,19-APR-2021,
OPTSTK,TATAMOTORS,27-May-2021,400,CE,1.75,2.8,1.75,2.35,2.35,52,1192.92,712500,68400,19-APR-2021,
OPTSTK,TATAMOTORS,27-May-2021,420,CE,2.4,2.4,1.25,1.25,1.25,4,96.17,51300,5700,19-APR-2021,
OPTSTK,TATAMOTORS,27-May-2021,440,CE,0.1,1.4,0.1,1.15,1.15,17,427.47,267900,62700,19-APR-2021,
OPTSTK,TATAMOTORS,27-May-2021,200,PE,1.35,1.35,0.8,0.8,0.8,21,240.5,421800,91200,19-APR-2021,
OPTSTK,TATAMOTORS,27-May-2021,220,PE,0,0,0,5.3,2,0,0,0,0,19-APR-2021,
OPTSTK,TATAMOTORS,27-May-2021,225,PE,0,0,0,7.9,2.5,0,0,0,0,19-APR-2021,
OPTSTK,TATAMOTORS,27-May-2021,230,PE,0,0,0,9.15,3.1,0,0,0,0,19-APR-2021,
OPTSTK,TATAMOTORS,27-May-2021,235,PE,0,0,0,10.55,3.8,0,0,0,0,19-APR-2021,
OPTSTK,TATAMOTORS,27-May-2021,240,PE,2.8,3,2.6,2.75,2.75,27,373.74,279300,22800,19-APR-2021,
OPTSTK,TATAMOTORS,27-May-2021,245,PE,0,0,0,3.5,5.55,0,0,5700,0,19-APR-2021,
OPTSTK,TATAMOTORS,27-May-2021,250,PE,4.5,5,3.75,4,4,41,593.96,353400,102600,19-APR-2021,
OPTSTK,TATAMOTORS,27-May-2021,255,PE,0,0,0,17.3,7.85,0,0,0,0,19-APR-2021,
OPTSTK,TATAMOTORS,27-May-2021,260,PE,7.7,7.7,5.45,5.85,5.85,57,864.95,495900,119700,19-APR-2021,
OPTSTK,TATAMOTORS,27-May-2021,265,PE,0,0,0,21.45,10.65,0,0,0,0,19-APR-2021,
OPTSTK,TATAMOTORS,27-May-2021,270,PE,9.2,9.4,7.7,8.4,8.4,18,286.05,222300,51300,19-APR-2021,
OPTSTK,TATAMOTORS,27-May-2021,275,PE,0,0,0,26.1,14.1,0,0,0,0,19-APR-2021,
OPTSTK,TATAMOTORS,27-May-2021,280,PE,12,13.4,10.5,11.7,11.7,80,1331.55,706800,74100,19-APR-2021,
OPTSTK,TATAMOTORS,27-May-2021,285,PE,0,0,0,31.3,18.15,0,0,0,0,19-APR-2021,
OPTSTK,TATAMOTORS,27-May-2021,290,PE,15.1,15.1,15.1,15.1,20.4,2,34.78,39900,11400,19-APR-2021,
OPTSTK,TATAMOTORS,27-May-2021,295,PE,0,0,0,36.95,22.8,0,0,0,0,19-APR-2021,
OPTSTK,TATAMOTORS,27-May-2021,300,PE,22,23.3,18.55,20.35,20.35,78,1426.58,689700,153900,19-APR-2021,
OPTSTK,TATAMOTORS,27-May-2021,305,PE,0,0,0,43.05,28.05,0,0,0,0,19-APR-2021,
OPTSTK,TATAMOTORS,27-May-2021,310,PE,27.95,28,25.1,25.15,30.95,8,153.37,68400,22800,19-APR-2021,
OPTSTK,TATAMOTORS,27-May-2021,315,PE,0,0,0,49.6,33.9,0,0,0,0,19-APR-2021,
OPTSTK,TATAMOTORS,27-May-2021,320,PE,34.45,34.45,31.8,31.8,37.05,5,100.76,108300,5700,19-APR-2021,
OPTSTK,TATAMOTORS,27-May-2021,325,PE,0,0,0,56.5,40.3,0,0,0,0,19-APR-2021,
OPTSTK,TATAMOTORS,27-May-2021,330,PE,40,40,35,35,43.7,4,83.5,39900,22800,19-APR-2021,
OPTSTK,TATAMOTORS,27-May-2021,335,PE,0,0,0,63.85,47.2,0,0,0,0,19-APR-2021,
OPTSTK,TATAMOTORS,27-May-2021,340,PE,0,0,0,34.6,50.8,0,0,51300,0,19-APR-2021,
OPTSTK,TATAMOTORS,27-May-2021,345,PE,0,0,0,71.45,54.55,0,0,0,0,19-APR-2021,
OPTSTK,TATAMOTORS,27-May-2021,350,PE,0,0,0,75.4,58.4,0,0,0,0,19-APR-2021,
OPTSTK,TATAMOTORS,27-May-2021,355,PE,0,0,0,79.35,62.3,0,0,0,0,19-APR-2021,
OPTSTK,TATAMOTORS,27-May-2021,360,PE,0,0,0,60.95,66.3,0,0,0,0,19-APR-2021,
OPTSTK,TATAMOTORS,27-May-2021,365,PE,0,0,0,87.55,70.4,0,0,0,0,19-APR-2021,
OPTSTK,TATAMOTORS,27-May-2021,370,PE,0,0,0,91.7,74.6,0,0,0,0,19-APR-2021,
OPTSTK,TATAMOTORS,27-May-2021,375,PE,0,0,0,95.95,78.8,0,0,0,0,19-APR-2021,
OPTSTK,TATAMOTORS,27-May-2021,380,PE,0,0,0,74.3,83.15,0,0,0,0,19-APR-2021,
OPTSTK,TATAMOTORS,27-May-2021,385,PE,0,0,0,104.6,87.5,0,0,0,0,19-APR-2021,
OPTSTK,TATAMOTORS,27-May-2021,400,PE,0,0,0,88.65,100.95,0,0,0,0,19-APR-2021,
OPTSTK,TATAMOTORS,27-May-2021,420,PE,0,0,0,103.9,119.45,0,0,0,0,19-APR-2021,
OPTSTK,TATAMOTORS,27-May-2021,440,PE,0,0,0,119.95,138.45,0,0,0,0,19-APR-2021,
OPTSTK,TATAMOTORS,24-Jun-2021,200,CE,0,0,0,93.5,105.3,0,0,0,0,19-APR-2021,
OPTSTK,TATAMOTORS,24-Jun-2021,205,CE,0,0,0,89.5,100.85,0,0,0,0,19-APR-2021,
OPTSTK,TATAMOTORS,24-Jun-2021,210,CE,0,0,0,85.65,96.5,0,0,0,0,19-APR-2021,
OPTSTK,TATAMOTORS,24-Jun-2021,215,CE,0,0,0,81.85,92.25,0,0,0,0,19-APR-2021,
OPTSTK,TATAMOTORS,24-Jun-2021,220,CE,0,0,0,78.2,88.1,0,0,0,0,19-APR-2021,
OPTSTK,TATAMOTORS,24-Jun-2021,225,CE,0,0,0,74.65,84.05,0,0,0,0,19-APR-2021,
OPTSTK,TATAMOTORS,24-Jun-2021,230,CE,0,0,0,71.2,80.05,0,0,0,0,19-APR-2021,
OPTSTK,TATAMOTORS,24-Jun-2021,235,CE,0,0,0,67.85,76.2,0,0,0,0,19-APR-2021,
OPTSTK,TATAMOTORS,24-Jun-2021,240,CE,0,0,0,64.6,72.5,0,0,0,0,19-APR-2021,
OPTSTK,TATAMOTORS,24-Jun-2021,245,CE,0,0,0,61.5,68.85,0,0,0,0,19-APR-2021,
OPTSTK,TATAMOTORS,24-Jun-2021,250,CE,0,0,0,58.5,65.3,0,0,0,0,19-APR-2021,
OPTSTK,TATAMOTORS,24-Jun-2021,255,CE,0,0,0,55.6,61.9,0,0,0,0,19-APR-2021,
OPTSTK,TATAMOTORS,24-Jun-2021,260,CE,0,0,0,52.8,58.65,0,0,0,0,19-APR-2021,
OPTSTK,TATAMOTORS,24-Jun-2021,265,CE,0,0,0,50.15,55.45,0,0,0,0,19-APR-2021,
OPTSTK,TATAMOTORS,24-Jun-2021,270,CE,0,0,0,47.6,52.45,0,0,0,0,19-APR-2021,
OPTSTK,TATAMOTORS,24-Jun-2021,275,CE,0,0,0,45.15,49.5,0,0,0,0,19-APR-2021,
OPTSTK,TATAMOTORS,24-Jun-2021,280,CE,0,0,0,42.75,46.7,0,0,0,0,19-APR-2021,
OPTSTK,TATAMOTORS,24-Jun-2021,285,CE,0,0,0,40.5,44.05,0,0,0,0,19-APR-2021,
OPTSTK,TATAMOTORS,24-Jun-2021,290,CE,0,0,0,38.35,41.5,0,0,0,0,19-APR-2021,
OPTSTK,TATAMOTORS,24-Jun-2021,295,CE,0,0,0,36.3,39.05,0,0,0,0,19-APR-2021,
OPTSTK,TATAMOTORS,24-Jun-2021,300,CE,0,0,0,22,36.7,0,0,11400,0,19-APR-2021,
OPTSTK,TATAMOTORS,24-Jun-2021,305,CE,0,0,0,32.5,34.5,0,0,0,0,19-APR-2021,
OPTSTK,TATAMOTORS,24-Jun-2021,310,CE,0,0,0,30.7,32.4,0,0,0,0,19-APR-2021,
OPTSTK,TATAMOTORS,24-Jun-2021,315,CE,0,0,0,29,30.4,0,0,0,0,19-APR-2021,
OPTSTK,TATAMOTORS,24-Jun-2021,320,CE,0,0,0,27.4,28.5,0,0,0,0,19-APR-2021,
OPTSTK,TATAMOTORS,24-Jun-2021,325,CE,0,0,0,25.85,26.7,0,0,0,0,19-APR-2021,
OPTSTK,TATAMOTORS,24-Jun-2021,330,CE,0,0,0,24.4,25,0,0,0,0,19-APR-2021,
OPTSTK,TATAMOTORS,24-Jun-2021,335,CE,0,0,0,23.05,23.4,0,0,0,0,19-APR-2021,
OPTSTK,TATAMOTORS,24-Jun-2021,340,CE,0,0,0,21.7,21.9,0,0,0,0,19-APR-2021,
OPTSTK,TATAMOTORS,24-Jun-2021,345,CE,0,0,0,20.5,20.45,0,0,0,0,19-APR-2021,
OPTSTK,TATAMOTORS,24-Jun-2021,350,CE,0,0,0,19.3,19.1,0,0,0,0,19-APR-2021,
OPTSTK,TATAMOTORS,24-Jun-2021,355,CE,0,0,0,18.2,17.85,0,0,0,0,19-APR-2021,
OPTSTK,TATAMOTORS,24-Jun-2021,360,CE,0,0,0,17.15,16.65,0,0,0,0,19-APR-2021,
OPTSTK,TATAMOTORS,24-Jun-2021,365,CE,0,0,0,16.15,15.55,0,0,0,0,19-APR-2021,
OPTSTK,TATAMOTORS,24-Jun-2021,370,CE,1.05,10,1.05,10,14.5,4,85.73,5700,5700,19-APR-2021,
OPTSTK,TATAMOTORS,24-Jun-2021,375,CE,0,0,0,14.35,13.5,0,0,0,0,19-APR-2021,
OPTSTK,TATAMOTORS,24-Jun-2021,380,CE,0,0,0,13.5,12.6,0,0,0,0,19-APR-2021,
OPTSTK,TATAMOTORS,24-Jun-2021,385,CE,0,0,0,12.7,11.7,0,0,0,0,19-APR-2021,
OPTSTK,TATAMOTORS,24-Jun-2021,390,CE,0,0,0,11.95,10.9,0,0,0,0,19-APR-2021,
OPTSTK,TATAMOTORS,24-Jun-2021,395,CE,0,0,0,11.25,10.15,0,0,0,0,19-APR-2021,
OPTSTK,TATAMOTORS,24-Jun-2021,400,CE,5.5,5.5,5.5,5.5,9.45,1,23.11,28500,5700,19-APR-2021,
OPTSTK,TATAMOTORS,24-Jun-2021,405,CE,0,0,0,9.95,8.75,0,0,0,0,19-APR-2021,
OPTSTK,TATAMOTORS,24-Jun-2021,410,CE,0,0,0,9.35,8.15,0,0,0,0,19-APR-2021,
OPTSTK,TATAMOTORS,24-Jun-2021,415,CE,0,0,0,8.8,7.55,0,0,0,0,19-APR-2021,
OPTSTK,TATAMOTORS,24-Jun-2021,200,PE,0,0,0,1,2.55,0,0,39900,0,19-APR-2021,
OPTSTK,TATAMOTORS,24-Jun-2021,205,PE,0,0,0,7.05,3.05,0,0,0,0,19-APR-2021,
OPTSTK,TATAMOTORS,24-Jun-2021,210,PE,0,0,0,8.15,3.7,0,0,0,0,19-APR-2021,
OPTSTK,TATAMOTORS,24-Jun-2021,215,PE,0,0,0,9.3,4.4,0,0,0,0,19-APR-2021,
OPTSTK,TATAMOTORS,24-Jun-2021,220,PE,0,0,0,10.6,5.2,0,0,0,0,19-APR-2021,
OPTSTK,TATAMOTORS,24-Jun-2021,225,PE,0,0,0,12,6.1,0,0,0,0,19-APR-2021,
OPTSTK,TATAMOTORS,24-Jun-2021,230,PE,0,0,0,13.5,7.1,0,0,0,0,19-APR-2021,
OPTSTK,TATAMOTORS,24-Jun-2021,235,PE,0,0,0,15.1,8.25,0,0,0,0,19-APR-2021,
OPTSTK,TATAMOTORS,24-Jun-2021,240,PE,0,0,0,16.85,9.45,0,0,0,0,19-APR-2021,
OPTSTK,TATAMOTORS,24-Jun-2021,245,PE,0,0,0,18.65,10.8,0,0,0,0,19-APR-2021,
OPTSTK,TATAMOTORS,24-Jun-2021,250,PE,0,0,0,20.6,12.25,0,0,0,0,19-APR-2021,
OPTSTK,TATAMOTORS,24-Jun-2021,255,PE,0,0,0,22.7,13.8,0,0,0,0,19-APR-2021,
OPTSTK,TATAMOTORS,24-Jun-2021,260,PE,10.35,10.35,8.7,9.2,9.2,10,153.52,171000,5700,19-APR-2021,
OPTSTK,TATAMOTORS,24-Jun-2021,265,PE,0,0,0,27.15,17.3,0,0,0,0,19-APR-2021,
OPTSTK,TATAMOTORS,24-Jun-2021,270,PE,0,0,0,29.5,19.2,0,0,0,0,19-APR-2021,
OPTSTK,TATAMOTORS,24-Jun-2021,275,PE,0,0,0,32,21.25,0,0,0,0,19-APR-2021,
OPTSTK,TATAMOTORS,24-Jun-2021,280,PE,0,0,0,14,23.45,0,0,114000,0,19-APR-2021,
OPTSTK,TATAMOTORS,24-Jun-2021,285,PE,0,0,0,37.3,25.7,0,0,0,0,19-APR-2021,
OPTSTK,TATAMOTORS,24-Jun-2021,290,PE,0,0,0,40.1,28.15,0,0,0,0,19-APR-2021,
OPTSTK,TATAMOTORS,24-Jun-2021,295,PE,0,0,0,43,30.65,0,0,0,0,19-APR-2021,
OPTSTK,TATAMOTORS,24-Jun-2021,300,PE,30,30,26,26,26,2,37.39,34200,11400,19-APR-2021,
OPTSTK,TATAMOTORS,24-Jun-2021,305,PE,0,0,0,49.1,36.05,0,0,0,0,19-APR-2021,
OPTSTK,TATAMOTORS,24-Jun-2021,310,PE,0,0,0,52.25,38.9,0,0,0,0,19-APR-2021,
OPTSTK,TATAMOTORS,24-Jun-2021,315,PE,0,0,0,55.55,41.9,0,0,0,0,19-APR-2021,
OPTSTK,TATAMOTORS,24-Jun-2021,320,PE,0,0,0,58.85,44.95,0,0,0,0,19-APR-2021,
OPTSTK,TATAMOTORS,24-Jun-2021,325,PE,0,0,0,62.3,48.1,0,0,0,0,19-APR-2021,
OPTSTK,TATAMOTORS,24-Jun-2021,330,PE,0,0,0,35,51.4,0,0,5700,0,19-APR-2021,
OPTSTK,TATAMOTORS,24-Jun-2021,335,PE,0,0,0,69.35,54.75,0,0,0,0,19-APR-2021,
OPTSTK,TATAMOTORS,24-Jun-2021,340,PE,0,0,0,73,58.2,0,0,0,0,19-APR-2021,
OPTSTK,TATAMOTORS,24-Jun-2021,345,PE,0,0,0,76.75,61.75,0,0,0,0,19-APR-2021,
OPTSTK,TATAMOTORS,24-Jun-2021,350,PE,0,0,0,80.5,65.35,0,0,0,0,19-APR-2021,
OPTSTK,TATAMOTORS,24-Jun-2021,355,PE,0,0,0,84.35,69.05,0,0,0,0,19-APR-2021,
OPTSTK,TATAMOTORS,24-Jun-2021,360,PE,0,0,0,88.25,72.85,0,0,0,0,19-APR-2021,
OPTSTK,TATAMOTORS,24-Jun-2021,365,PE,0,0,0,92.2,76.7,0,0,0,0,19-APR-2021,
OPTSTK,TATAMOTORS,24-Jun-2021,370,PE,0,0,0,96.25,80.6,0,0,0,0,19-APR-2021,
OPTSTK,TATAMOTORS,24-Jun-2021,375,PE,0,0,0,100.3,84.6,0,0,0,0,19-APR-2021,
OPTSTK,TATAMOTORS,24-Jun-2021,380,PE,0,0,0,104.4,88.6,0,0,0,0,19-APR-2021,
OPTSTK,TATAMOTORS,24-Jun-2021,385,PE,0,0,0,108.55,92.7,0,0,0,0,19-APR-2021,
OPTSTK,TATAMOTORS,24-Jun-2021,390,PE,0,0,0,112.75,96.85,0,0,0,0,19-APR-2021,
OPTSTK,TATAMOTORS,24-Jun-2021,395,PE,0,0,0,117,101.05,0,0,0,0,19-APR-2021,
OPTSTK,TATAMOTORS,24-Jun-2021,400,PE,0,0,0,121.3,105.35,0,0,0,0,19-APR-2021,
OPTSTK,TATAMOTORS,24-Jun-2021,405,PE,0,0,0,125.6,109.65,0,0,0,0,19-APR-2021,
OPTSTK,TATAMOTORS,24-Jun-2021,410,PE,0,0,0,130,114,0,0,0,0,19-APR-2021,
OPTSTK,TATAMOTORS,24-Jun-2021,415,PE,0,0,0,134.35,118.35,0,0,0,0,19-APR-2021,
OPTSTK,TATAPOWER,29-Apr-2021,47,CE,0,0,0,40.65,46.85,0,0,13500,0,19-APR-2021,
OPTSTK,TATAPOWER,29-Apr-2021,48,CE,0,0,0,29.75,45.85,0,0,0,0,19-APR-2021,
OPTSTK,TATAPOWER,29-Apr-2021,49,CE,0,0,0,28.8,44.85,0,0,0,0,19-APR-2021,
OPTSTK,TATAPOWER,29-Apr-2021,50,CE,0,0,0,27.85,43.85,0,0,0,0,19-APR-2021,
OPTSTK,TATAPOWER,29-Apr-2021,51,CE,0,0,0,26.95,42.85,0,0,0,0,19-APR-2021,
OPTSTK,TATAPOWER,29-Apr-2021,52,CE,0,0,0,26,41.85,0,0,0,0,19-APR-2021,
OPTSTK,TATAPOWER,29-Apr-2021,53,CE,0,0,0,25.1,40.85,0,0,0,0,19-APR-2021,
OPTSTK,TATAPOWER,29-Apr-2021,54,CE,0,0,0,24.2,39.85,0,0,0,0,19-APR-2021,
OPTSTK,TATAPOWER,29-Apr-2021,55,CE,0,0,0,23.3,38.85,0,0,0,0,19-APR-2021,
OPTSTK,TATAPOWER,29-Apr-2021,56,CE,0,0,0,22.45,37.9,0,0,0,0,19-APR-2021,
OPTSTK,TATAPOWER,29-Apr-2021,57,CE,0,0,0,21.6,36.9,0,0,0,0,19-APR-2021,
OPTSTK,TATAPOWER,29-Apr-2021,58,CE,0,0,0,20.75,35.9,0,0,0,0,19-APR-2021,
OPTSTK,TATAPOWER,29-Apr-2021,59,CE,0,0,0,19.9,34.9,0,0,0,0,19-APR-2021,
OPTSTK,TATAPOWER,29-Apr-2021,60,CE,0,0,0,19.1,33.9,0,0,0,0,19-APR-2021,
OPTSTK,TATAPOWER,29-Apr-2021,61,CE,0,0,0,18.3,32.9,0,0,0,0,19-APR-2021,
OPTSTK,TATAPOWER,29-Apr-2021,62,CE,0,0,0,17.55,31.9,0,0,0,0,19-APR-2021,
OPTSTK,TATAPOWER,29-Apr-2021,63,CE,0,0,0,16.8,30.9,0,0,0,0,19-APR-2021,
OPTSTK,TATAPOWER,29-Apr-2021,64,CE,0,0,0,16.05,29.9,0,0,0,0,19-APR-2021,
OPTSTK,TATAPOWER,29-Apr-2021,65,CE,0,0,0,15.3,28.9,0,0,0,0,19-APR-2021,
OPTSTK,TATAPOWER,29-Apr-2021,66,CE,0,0,0,14.6,27.9,0,0,0,0,19-APR-2021,
OPTSTK,TATAPOWER,29-Apr-2021,67,CE,0,0,0,13.95,26.9,0,0,0,0,19-APR-2021,
OPTSTK,TATAPOWER,29-Apr-2021,68,CE,0,0,0,13.3,25.9,0,0,0,0,19-APR-2021,
OPTSTK,TATAPOWER,29-Apr-2021,69,CE,0,0,0,12.65,24.9,0,0,0,0,19-APR-2021,
OPTSTK,TATAPOWER,29-Apr-2021,70,CE,0,0,0,35.5,23.9,0,0,27000,0,19-APR-2021,
OPTSTK,TATAPOWER,29-Apr-2021,71,CE,0,0,0,11.45,22.9,0,0,0,0,19-APR-2021,
OPTSTK,TATAPOWER,29-Apr-2021,72,CE,0,0,0,10.85,21.9,0,0,0,0,19-APR-2021,
OPTSTK,TATAPOWER,29-Apr-2021,72.5,CE,0,0,0,26.55,21.4,0,0,0,0,19-APR-2021,
OPTSTK,TATAPOWER,29-Apr-2021,73,CE,0,0,0,10.3,20.9,0,0,0,0,19-APR-2021,
OPTSTK,TATAPOWER,29-Apr-2021,74,CE,0,0,0,9.8,19.9,0,0,0,0,19-APR-2021,
OPTSTK,TATAPOWER,29-Apr-2021,75,CE,0,0,0,9.25,18.9,0,0,0,0,19-APR-2021,
OPTSTK,TATAPOWER,29-Apr-2021,76,CE,0,0,0,8.75,17.9,0,0,0,0,19-APR-2021,
OPTSTK,TATAPOWER,29-Apr-2021,77,CE,0,0,0,8.3,16.95,0,0,0,0,19-APR-2021,
OPTSTK,TATAPOWER,29-Apr-2021,77.5,CE,0,0,0,21.85,16.45,0,0,0,0,19-APR-2021,
OPTSTK,TATAPOWER,29-Apr-2021,78,CE,0,0,0,7.85,15.95,0,0,0,0,19-APR-2021,
OPTSTK,TATAPOWER,29-Apr-2021,79,CE,0,0,0,7.4,15,0,0,0,0,19-APR-2021,
OPTSTK,TATAPOWER,29-Apr-2021,80,CE,14.3,14.3,14.3,14.3,14,1,12.73,27000,0,19-APR-2021,
OPTSTK,TATAPOWER,29-Apr-2021,81,CE,0,0,0,6.6,13.05,0,0,0,0,19-APR-2021,
OPTSTK,TATAPOWER,29-Apr-2021,82,CE,0,0,0,16,12.15,0,0,13500,0,19-APR-2021,
OPTSTK,TATAPOWER,29-Apr-2021,82.5,CE,0,0,0,17.4,11.65,0,0,0,0,19-APR-2021,
OPTSTK,TATAPOWER,29-Apr-2021,83,CE,0,0,0,5.9,11.2,0,0,0,0,19-APR-2021,
OPTSTK,TATAPOWER,29-Apr-2021,84,CE,0,0,0,5.55,10.3,0,0,0,0,19-APR-2021,
OPTSTK,TATAPOWER,29-Apr-2021,85,CE,0,0,0,10.15,9.45,0,0,81000,0,19-APR-2021,
OPTSTK,TATAPOWER,29-Apr-2021,86,CE,0,0,0,4.9,8.6,0,0,0,0,19-APR-2021,
OPTSTK,TATAPOWER,29-Apr-2021,87,CE,0,0,0,4.6,7.8,0,0,0,0,19-APR-2021,
OPTSTK,TATAPOWER,29-Apr-2021,87.5,CE,0,0,0,13.4,7.4,0,0,0,0,19-APR-2021,
OPTSTK,TATAPOWER,29-Apr-2021,88,CE,0,0,0,4.35,7.05,0,0,0,0,19-APR-2021,
OPTSTK,TATAPOWER,29-Apr-2021,89,CE,0,0,0,4.1,6.3,0,0,0,0,19-APR-2021,
OPTSTK,TATAPOWER,29-Apr-2021,90,CE,4.45,6.25,4.3,5.3,5.3,51,656.44,1066500,27000,19-APR-2021,
OPTSTK,TATAPOWER,29-Apr-2021,91,CE,5.5,5.6,4.35,4.6,4.6,31,401.55,54000,54000,19-APR-2021,
OPTSTK,TATAPOWER,29-Apr-2021,92,CE,3.85,4.3,3.8,3.8,3.8,25,324.12,121500,121500,19-APR-2021,
OPTSTK,TATAPOWER,29-Apr-2021,92.5,CE,4.15,4.45,3.5,3.55,3.55,28,364.41,148500,81000,19-APR-2021,
OPTSTK,TATAPOWER,29-Apr-2021,93,CE,3.65,4.2,3.25,3.35,3.35,39,508.43,256500,67500,19-APR-2021,
OPTSTK,TATAPOWER,29-Apr-2021,94,CE,2.75,3.5,2.05,2.9,2.9,72,943.04,526500,216000,19-APR-2021,
OPTSTK,TATAPOWER,29-Apr-2021,95,CE,2.55,3.15,2,2.4,2.4,585,7707.08,4671000,1026000,19-APR-2021,
OPTSTK,TATAPOWER,29-Apr-2021,96,CE,2.5,2.75,1.95,2.05,2.05,131,1738.14,850500,229500,19-APR-2021,
OPTSTK,TATAPOWER,29-Apr-2021,97,CE,1.85,2.2,1.45,1.7,1.7,156,2082.13,891000,364500,19-APR-2021,
OPTSTK,TATAPOWER,29-Apr-2021,97.5,CE,1.5,2.3,1.5,1.7,1.7,17,227.56,108000,94500,19-APR-2021,
OPTSTK,TATAPOWER,29-Apr-2021,98,CE,1.55,1.9,1.3,1.45,1.45,174,2338.68,1269000,256500,19-APR-2021,
OPTSTK,TATAPOWER,29-Apr-2021,99,CE,1,1.65,1,1.25,1.25,102,1381.65,1134000,-13500,19-APR-2021,
OPTSTK,TATAPOWER,29-Apr-2021,100,CE,1.25,1.35,0.9,1.1,1.1,1027,14022.75,9895500,121500,19-APR-2021,
OPTSTK,TATAPOWER,29-Apr-2021,101,CE,0.9,1.15,0.85,0.9,0.9,68,936.31,958500,-54000,19-APR-2021,
OPTSTK,TATAPOWER,29-Apr-2021,102,CE,1,1,0.65,0.8,0.8,84,1165.92,1147500,-216000,19-APR-2021,
OPTSTK,TATAPOWER,29-Apr-2021,102.5,CE,0.8,0.85,0.7,0.75,0.75,10,139.41,634500,27000,19-APR-2021,
OPTSTK,TATAPOWER,29-Apr-2021,103,CE,0.8,0.8,0.65,0.7,0.7,9,126,1093500,-40500,19-APR-2021,
OPTSTK,TATAPOWER,29-Apr-2021,104,CE,0.55,0.75,0.55,0.55,0.55,27,381.38,1444500,-40500,19-APR-2021,
OPTSTK,TATAPOWER,29-Apr-2021,105,CE,0.75,0.95,0.45,0.5,0.5,613,8732.94,11056500,-175500,19-APR-2021,
OPTSTK,TATAPOWER,29-Apr-2021,106,CE,0.5,0.5,0.4,0.45,0.45,33,474.28,1309500,-13500,19-APR-2021,
OPTSTK,TATAPOWER,29-Apr-2021,107,CE,0.4,0.45,0.4,0.4,0.3,9,130.5,972000,27000,19-APR-2021,
OPTSTK,TATAPOWER,29-Apr-2021,107.5,CE,0,0,0,0.75,0.3,0,0,283500,0,19-APR-2021,
OPTSTK,TATAPOWER,29-Apr-2021,108,CE,0.35,0.4,0.35,0.4,0.4,8,117.03,1161000,-27000,19-APR-2021,
OPTSTK,TATAPOWER,29-Apr-2021,109,CE,0.6,0.6,0.6,0.6,0.2,1,14.79,958500,13500,19-APR-2021,
OPTSTK,TATAPOWER,29-Apr-2021,110,CE,0.45,0.45,0.25,0.3,0.3,330,4913.1,16078500,-283500,19-APR-2021,
OPTSTK,TATAPOWER,29-Apr-2021,111,CE,0.15,0.15,0.15,0.15,0.15,1,15,729000,-13500,19-APR-2021,
OPTSTK,TATAPOWER,29-Apr-2021,112,CE,0.2,0.25,0.2,0.2,0.1,5,75.75,1471500,27000,19-APR-2021,
OPTSTK,TATAPOWER,29-Apr-2021,112.5,CE,0.1,0.2,0.1,0.1,0.1,5,76.04,1255500,0,19-APR-2021,
OPTSTK,TATAPOWER,29-Apr-2021,113,CE,0,0,0,0.35,0.1,0,0,405000,0,19-APR-2021,
OPTSTK,TATAPOWER,29-Apr-2021,114,CE,0.2,0.2,0.15,0.15,0.05,3,46.23,351000,-27000,19-APR-2021,
OPTSTK,TATAPOWER,29-Apr-2021,115,CE,0.15,0.2,0.1,0.15,0.15,113,1756.51,5737500,-405000,19-APR-2021,
OPTSTK,TATAPOWER,29-Apr-2021,116,CE,0,0,0,0.3,0.05,0,0,202500,0,19-APR-2021,
OPTSTK,TATAPOWER,29-Apr-2021,117,CE,0.1,0.15,0.1,0.15,0.05,2,31.62,283500,-27000,19-APR-2021,
OPTSTK,TATAPOWER,29-Apr-2021,117.5,CE,0,0,0,0.4,0.05,0,0,67500,0,19-APR-2021,
OPTSTK,TATAPOWER,29-Apr-2021,118,CE,0.15,0.15,0.15,0.15,0.05,1,15.95,216000,0,19-APR-2021,
OPTSTK,TATAPOWER,29-Apr-2021,119,CE,0.15,0.15,0.1,0.1,0.05,2,32.16,94500,-27000,19-APR-2021,
OPTSTK,TATAPOWER,29-Apr-2021,120,CE,0.1,0.15,0.05,0.1,0.1,110,1783.52,6142500,-850500,19-APR-2021,
OPTSTK,TATAPOWER,29-Apr-2021,121,CE,0.25,0.25,0.25,0.25,0.05,1,16.36,54000,0,19-APR-2021,
OPTSTK,TATAPOWER,29-Apr-2021,122,CE,0.1,0.1,0.1,0.1,0,3,49.45,337500,-27000,19-APR-2021,
OPTSTK,TATAPOWER,29-Apr-2021,122.5,CE,0,0,0,0.8,0,0,0,0,0,19-APR-2021,
OPTSTK,TATAPOWER,29-Apr-2021,123,CE,0,0,0,0.2,0,0,0,67500,0,19-APR-2021,
OPTSTK,TATAPOWER,29-Apr-2021,124,CE,0.05,0.1,0.05,0.1,0,2,33.5,283500,13500,19-APR-2021,
OPTSTK,TATAPOWER,29-Apr-2021,125,CE,0.1,0.1,0.05,0.1,0.1,39,658.46,2133000,-40500,19-APR-2021,
OPTSTK,TATAPOWER,29-Apr-2021,126,CE,0.05,0.05,0.05,0.05,0.05,23,391.38,148500,-189000,19-APR-2021,
OPTSTK,TATAPOWER,29-Apr-2021,127,CE,0,0,0,1.25,0,0,0,0,0,19-APR-2021,
OPTSTK,TATAPOWER,29-Apr-2021,127.5,CE,0,0,0,0.5,0,0,0,0,0,19-APR-2021,
OPTSTK,TATAPOWER,29-Apr-2021,128,CE,0.05,0.05,0.05,0.05,0.05,70,1210.07,1215000,-796500,19-APR-2021,
OPTSTK,TATAPOWER,29-Apr-2021,47,PE,0.05,0.05,0.05,0.05,0,1,6.35,135000,0,19-APR-2021,
OPTSTK,TATAPOWER,29-Apr-2021,48,PE,0,0,0,0.15,0,0,0,0,0,19-APR-2021,
OPTSTK,TATAPOWER,29-Apr-2021,49,PE,0.05,0.05,0.05,0.05,0,1,6.62,13500,13500,19-APR-2021,
OPTSTK,TATAPOWER,29-Apr-2021,50,PE,0,0,0,0.15,0,0,0,0,0,19-APR-2021,
OPTSTK,TATAPOWER,29-Apr-2021,51,PE,0,0,0,0.35,0,0,0,0,0,19-APR-2021,
OPTSTK,TATAPOWER,29-Apr-2021,52,PE,0,0,0,0.05,0,0,0,40500,0,19-APR-2021,
OPTSTK,TATAPOWER,29-Apr-2021,53,PE,0.2,2.6,0.1,0.1,0,17,124.5,121500,94500,19-APR-2021,
OPTSTK,TATAPOWER,29-Apr-2021,54,PE,0,0,0,0.05,0,0,0,13500,0,19-APR-2021,
OPTSTK,TATAPOWER,29-Apr-2021,55,PE,0,0,0,0.7,0,0,0,0,0,19-APR-2021,
OPTSTK,TATAPOWER,29-Apr-2021,56,PE,0,0,0,0.05,0,0,0,27000,0,19-APR-2021,
OPTSTK,TATAPOWER,29-Apr-2021,57,PE,0.1,0.1,0.1,0.1,0,3,23.12,94500,0,19-APR-2021,
OPTSTK,TATAPOWER,29-Apr-2021,58,PE,0,0,0,1.1,0,0,0,0,0,19-APR-2021,
OPTSTK,TATAPOWER,29-Apr-2021,59,PE,0,0,0,1.25,0,0,0,0,0,19-APR-2021,
OPTSTK,TATAPOWER,29-Apr-2021,60,PE,0,0,0,0.1,0,0,0,67500,0,19-APR-2021,
OPTSTK,TATAPOWER,29-Apr-2021,61,PE,0,0,0,1.65,0,0,0,0,0,19-APR-2021,
OPTSTK,TATAPOWER,29-Apr-2021,62,PE,0,0,0,0.1,0,0,0,40500,0,19-APR-2021,
OPTSTK,TATAPOWER,29-Apr-2021,63,PE,0,0,0,2.1,0,0,0,0,0,19-APR-2021,
OPTSTK,TATAPOWER,29-Apr-2021,64,PE,0,0,0,2.35,0,0,0,0,0,19-APR-2021,
OPTSTK,TATAPOWER,29-Apr-2021,65,PE,0,0,0,0.15,0,0,0,81000,0,19-APR-2021,
OPTSTK,TATAPOWER,29-Apr-2021,66,PE,0,0,0,2.9,0,0,0,0,0,19-APR-2021,
OPTSTK,TATAPOWER,29-Apr-2021,67,PE,0,0,0,3.2,0,0,0,0,0,19-APR-2021,
OPTSTK,TATAPOWER,29-Apr-2021,68,PE,0,0,0,3.55,0,0,0,0,0,19-APR-2021,
OPTSTK,TATAPOWER,29-Apr-2021,69,PE,0,0,0,3.9,0,0,0,0,0,19-APR-2021,
OPTSTK,TATAPOWER,29-Apr-2021,70,PE,0.05,0.05,0.05,0.05,0,4,37.82,243000,-54000,19-APR-2021,
OPTSTK,TATAPOWER,29-Apr-2021,71,PE,0,0,0,4.7,0,0,0,0,0,19-APR-2021,
OPTSTK,TATAPOWER,29-Apr-2021,72,PE,0,0,0,0.1,0,0,0,27000,0,19-APR-2021,
OPTSTK,TATAPOWER,29-Apr-2021,72.5,PE,0,0,0,0.15,0,0,0,0,0,19-APR-2021,
OPTSTK,TATAPOWER,29-Apr-2021,73,PE,0,0,0,5.55,0.05,0,0,0,0,19-APR-2021,
OPTSTK,TATAPOWER,29-Apr-2021,74,PE,0,0,0,6,0.05,0,0,0,0,19-APR-2021,
OPTSTK,TATAPOWER,29-Apr-2021,75,PE,0.1,0.15,0.1,0.15,0.15,6,60.85,783000,27000,19-APR-2021,
OPTSTK,TATAPOWER,29-Apr-2021,76,PE,0,0,0,6.95,0.05,0,0,0,0,19-APR-2021,
OPTSTK,TATAPOWER,29-Apr-2021,77,PE,0,0,0,7.5,0.05,0,0,0,0,19-APR-2021,
OPTSTK,TATAPOWER,29-Apr-2021,77.5,PE,0,0,0,0.45,0.05,0,0,0,0,19-APR-2021,
OPTSTK,TATAPOWER,29-Apr-2021,78,PE,0,0,0,8.05,0.05,0,0,0,0,19-APR-2021,
OPTSTK,TATAPOWER,29-Apr-2021,79,PE,0,0,0,8.6,0.1,0,0,0,0,19-APR-2021,
OPTSTK,TATAPOWER,29-Apr-2021,80,PE,0.25,0.35,0.2,0.25,0.25,154,1668.23,3064500,-13500,19-APR-2021,
OPTSTK,TATAPOWER,29-Apr-2021,81,PE,0,0,0,9.75,0.2,0,0,0,0,19-APR-2021,
OPTSTK,TATAPOWER,29-Apr-2021,82,PE,0,0,0,0.1,0.25,0,0,13500,0,19-APR-2021,
OPTSTK,TATAPOWER,29-Apr-2021,82.5,PE,0,0,0,0.95,0.3,0,0,0,0,19-APR-2021,
OPTSTK,TATAPOWER,29-Apr-2021,83,PE,0,0,0,0.65,0.35,0,0,13500,0,19-APR-2021,
OPTSTK,TATAPOWER,29-Apr-2021,84,PE,0,0,0,2.3,0.45,0,0,13500,0,19-APR-2021,
OPTSTK,TATAPOWER,29-Apr-2021,85,PE,0.9,0.9,0.5,0.55,0.55,188,2172.48,3226500,297000,19-APR-2021,
OPTSTK,TATAPOWER,29-Apr-2021,86,PE,0,0,0,13,0.7,0,0,0,0,19-APR-2021,
OPTSTK,TATAPOWER,29-Apr-2021,87,PE,0,0,0,1.85,0.9,0,0,13500,0,19-APR-2021,
OPTSTK,TATAPOWER,29-Apr-2021,87.5,PE,0,0,0,1.95,1,0,0,0,0,19-APR-2021,
OPTSTK,TATAPOWER,29-Apr-2021,88,PE,1.25,1.25,0.9,1,1,48,576.94,540000,-54000,19-APR-2021,
OPTSTK,TATAPOWER,29-Apr-2021,89,PE,1.4,1.4,1.1,1.2,1.2,17,207.12,162000,94500,19-APR-2021,
OPTSTK,TATAPOWER,29-Apr-2021,90,PE,2,2.2,1.3,1.45,1.45,477,5896.12,5103000,-13500,19-APR-2021,
OPTSTK,TATAPOWER,29-Apr-2021,91,PE,2.4,2.6,1.55,1.75,1.75,37,463.64,162000,94500,19-APR-2021,
OPTSTK,TATAPOWER,29-Apr-2021,92,PE,2.45,3,1.9,2.15,2.15,94,1196.1,945000,13500,19-APR-2021,
OPTSTK,TATAPOWER,29-Apr-2021,92.5,PE,2.2,2.6,2.05,2.4,2.7,27,345.37,378000,81000,19-APR-2021,
OPTSTK,TATAPOWER,29-Apr-2021,93,PE,2.9,3.1,2.2,2.55,2.55,32,412.98,459000,-40500,19-APR-2021,
OPTSTK,TATAPOWER,29-Apr-2021,94,PE,3.35,3.95,2.7,3,3,61,799.26,783000,67500,19-APR-2021,
OPTSTK,TATAPOWER,29-Apr-2021,95,PE,4,4.95,3.1,3.6,3.6,312,4157.79,5589000,-27000,19-APR-2021,
OPTSTK,TATAPOWER,29-Apr-2021,96,PE,5.4,5.55,3.85,4.3,4.3,57,771.44,742500,135000,19-APR-2021,
OPTSTK,TATAPOWER,29-Apr-2021,97,PE,6.15,6.15,4.45,5,5,27,371.75,783000,40500,19-APR-2021,
OPTSTK,TATAPOWER,29-Apr-2021,97.5,PE,6.2,6.2,5.15,5.35,5.35,18,250.33,162000,-27000,19-APR-2021,
OPTSTK,TATAPOWER,29-Apr-2021,98,PE,5.8,6.1,5.1,5.65,5.65,22,307.85,1026000,-27000,19-APR-2021,
OPTSTK,TATAPOWER,29-Apr-2021,99,PE,6.4,6.7,5.6,5.65,6.6,6,85.13,729000,54000,19-APR-2021,
OPTSTK,TATAPOWER,29-Apr-2021,100,PE,8.05,8.75,6.2,7.25,7.25,53,767.26,3888000,-243000,19-APR-2021,
OPTSTK,TATAPOWER,29-Apr-2021,101,PE,8.1,8.15,8.1,8.15,8.15,2,29.46,418500,-13500,19-APR-2021,
OPTSTK,TATAPOWER,29-Apr-2021,102,PE,8.85,8.85,8.45,8.55,8.95,3,44.79,499500,13500,19-APR-2021,
OPTSTK,TATAPOWER,29-Apr-2021,102.5,PE,8.8,8.8,8.15,8.15,9.4,2,29.96,580500,0,19-APR-2021,
OPTSTK,TATAPOWER,29-Apr-2021,103,PE,0,0,0,7.15,9.8,0,0,580500,0,19-APR-2021,
OPTSTK,TATAPOWER,29-Apr-2021,104,PE,0,0,0,7.75,10.7,0,0,648000,0,19-APR-2021,
OPTSTK,TATAPOWER,29-Apr-2021,105,PE,11.8,12.1,10.4,11.3,11.55,12,188.64,3078000,-135000,19-APR-2021,
OPTSTK,TATAPOWER,29-Apr-2021,106,PE,12.45,12.45,12.45,12.45,12.5,1,15.99,378000,0,19-APR-2021,
OPTSTK,TATAPOWER,29-Apr-2021,107,PE,12.55,12.55,12.55,12.55,13.4,1,16.13,297000,0,19-APR-2021,
OPTSTK,TATAPOWER,29-Apr-2021,107.5,PE,0,0,0,17.45,13.85,0,0,54000,0,19-APR-2021,
OPTSTK,TATAPOWER,29-Apr-2021,108,PE,14.55,14.55,14.55,14.55,14.35,1,16.54,256500,-13500,19-APR-2021,
OPTSTK,TATAPOWER,29-Apr-2021,109,PE,0,0,0,14.8,15.3,0,0,81000,0,19-APR-2021,
OPTSTK,TATAPOWER,29-Apr-2021,110,PE,18.45,18.45,16.85,16.85,16.25,10,172.38,1498500,-67500,19-APR-2021,
OPTSTK,TATAPOWER,29-Apr-2021,111,PE,0,0,0,28.15,17.2,0,0,0,0,19-APR-2021,
OPTSTK,TATAPOWER,29-Apr-2021,112,PE,0,0,0,18.4,18.2,0,0,148500,0,19-APR-2021,
OPTSTK,TATAPOWER,29-Apr-2021,112.5,PE,0,0,0,9.25,18.7,0,0,13500,0,19-APR-2021,
OPTSTK,TATAPOWER,29-Apr-2021,113,PE,0,0,0,29.9,19.15,0,0,0,0,19-APR-2021,
OPTSTK,TATAPOWER,29-Apr-2021,114,PE,0,0,0,30.8,20.15,0,0,0,0,19-APR-2021,
OPTSTK,TATAPOWER,29-Apr-2021,115,PE,0,0,0,18.8,21.15,0,0,81000,0,19-APR-2021,
OPTSTK,TATAPOWER,29-Apr-2021,116,PE,0,0,0,27.55,22.15,0,0,0,0,19-APR-2021,
OPTSTK,TATAPOWER,29-Apr-2021,117,PE,0,0,0,28.4,23.15,0,0,0,0,19-APR-2021,
OPTSTK,TATAPOWER,29-Apr-2021,117.5,PE,0,0,0,19.75,23.6,0,0,0,0,19-APR-2021,
OPTSTK,TATAPOWER,29-Apr-2021,118,PE,0,0,0,29.3,24.1,0,0,0,0,19-APR-2021,
OPTSTK,TATAPOWER,29-Apr-2021,119,PE,0,0,0,30.15,25.1,0,0,0,0,19-APR-2021,
OPTSTK,TATAPOWER,29-Apr-2021,120,PE,0,0,0,31.05,26.1,0,0,0,0,19-APR-2021,
OPTSTK,TATAPOWER,29-Apr-2021,121,PE,0,0,0,30.4,27.1,0,0,0,0,19-APR-2021,
OPTSTK,TATAPOWER,29-Apr-2021,122,PE,0,0,0,29.55,28.1,0,0,0,0,19-APR-2021,
OPTSTK,TATAPOWER,29-Apr-2021,122.5,PE,0,0,0,24.2,28.6,0,0,0,0,19-APR-2021,
OPTSTK,TATAPOWER,29-Apr-2021,123,PE,0,0,0,30.45,29.1,0,0,0,0,19-APR-2021,
OPTSTK,TATAPOWER,29-Apr-2021,124,PE,0,0,0,30.35,30.1,0,0,0,0,19-APR-2021,
OPTSTK,TATAPOWER,29-Apr-2021,125,PE,0,0,0,29.55,31.1,0,0,0,0,19-APR-2021,
OPTSTK,TATAPOWER,29-Apr-2021,126,PE,0,0,0,30.45,32.1,0,0,0,0,19-APR-2021,
OPTSTK,TATAPOWER,29-Apr-2021,127,PE,0,0,0,29.6,33.1,0,0,0,0,19-APR-2021,
OPTSTK,TATAPOWER,29-Apr-2021,127.5,PE,0,0,0,28.9,33.6,0,0,0,0,19-APR-2021,
OPTSTK,TATAPOWER,29-Apr-2021,128,PE,0,0,0,30.5,34.1,0,0,0,0,19-APR-2021,
OPTSTK,TATAPOWER,27-May-2021,66,CE,0,0,0,31.25,28.2,0,0,0,0,19-APR-2021,
OPTSTK,TATAPOWER,27-May-2021,67,CE,0,0,0,30.35,27.2,0,0,0,0,19-APR-2021,
OPTSTK,TATAPOWER,27-May-2021,68,CE,0,0,0,29.45,26.25,0,0,0,0,19-APR-2021,
OPTSTK,TATAPOWER,27-May-2021,69,CE,0,0,0,28.6,25.3,0,0,0,0,19-APR-2021,
OPTSTK,TATAPOWER,27-May-2021,70,CE,0,0,0,27.7,24.35,0,0,0,0,19-APR-2021,
OPTSTK,TATAPOWER,27-May-2021,71,CE,0,0,0,26.85,23.4,0,0,0,0,19-APR-2021,
OPTSTK,TATAPOWER,27-May-2021,72,CE,0,0,0,26.05,22.5,0,0,0,0,19-APR-2021,
OPTSTK,TATAPOWER,27-May-2021,72.5,CE,0,0,0,27.25,22.05,0,0,0,0,19-APR-2021,
OPTSTK,TATAPOWER,27-May-2021,73,CE,0,0,0,25.2,21.55,0,0,0,0,19-APR-2021,
OPTSTK,TATAPOWER,27-May-2021,74,CE,0,0,0,24.4,20.65,0,0,0,0,19-APR-2021,
OPTSTK,TATAPOWER,27-May-2021,75,CE,0,0,0,23.55,19.8,0,0,0,0,19-APR-2021,
OPTSTK,TATAPOWER,27-May-2021,76,CE,0,0,0,22.8,18.9,0,0,0,0,19-APR-2021,
OPTSTK,TATAPOWER,27-May-2021,77,CE,0,0,0,22,18.05,0,0,0,0,19-APR-2021,
OPTSTK,TATAPOWER,27-May-2021,77.5,CE,0,0,0,22.85,17.6,0,0,0,0,19-APR-2021,
OPTSTK,TATAPOWER,27-May-2021,78,CE,0,0,0,21.25,17.2,0,0,0,0,19-APR-2021,
OPTSTK,TATAPOWER,27-May-2021,79,CE,0,0,0,20.5,16.35,0,0,0,0,19-APR-2021,
OPTSTK,TATAPOWER,27-May-2021,80,CE,15.95,15.95,15.95,15.95,15.55,1,12.95,13500,13500,19-APR-2021,
OPTSTK,TATAPOWER,27-May-2021,81,CE,0,0,0,19.05,14.8,0,0,0,0,19-APR-2021,
OPTSTK,TATAPOWER,27-May-2021,82,CE,0,0,0,18.35,14,0,0,0,0,19-APR-2021,
OPTSTK,TATAPOWER,27-May-2021,82.5,CE,0,0,0,18.85,13.65,0,0,0,0,19-APR-2021,
OPTSTK,TATAPOWER,27-May-2021,83,CE,0,0,0,17.65,13.25,0,0,0,0,19-APR-2021,
OPTSTK,TATAPOWER,27-May-2021,84,CE,0,0,0,17,12.55,0,0,0,0,19-APR-2021,
OPTSTK,TATAPOWER,27-May-2021,85,CE,0,0,0,16.35,11.85,0,0,0,0,19-APR-2021,
OPTSTK,TATAPOWER,27-May-2021,86,CE,0,0,0,15.7,11.15,0,0,0,0,19-APR-2021,
OPTSTK,TATAPOWER,27-May-2021,87,CE,0,0,0,15.1,10.5,0,0,0,0,19-APR-2021,
OPTSTK,TATAPOWER,27-May-2021,87.5,CE,0,0,0,15.25,10.2,0,0,0,0,19-APR-2021,
OPTSTK,TATAPOWER,27-May-2021,88,CE,0,0,0,14.5,9.9,0,0,0,0,19-APR-2021,
OPTSTK,TATAPOWER,27-May-2021,89,CE,0,0,0,13.9,9.3,0,0,0,0,19-APR-2021,
OPTSTK,TATAPOWER,27-May-2021,90,CE,0,0,0,8,8.7,0,0,27000,0,19-APR-2021,
OPTSTK,TATAPOWER,27-May-2021,91,CE,0,0,0,12.8,8.15,0,0,0,0,19-APR-2021,
OPTSTK,TATAPOWER,27-May-2021,92,CE,0,0,0,12.3,7.6,0,0,0,0,19-APR-2021,
OPTSTK,TATAPOWER,27-May-2021,92.5,CE,0,0,0,12.1,7.35,0,0,0,0,19-APR-2021,
OPTSTK,TATAPOWER,27-May-2021,93,CE,0,0,0,11.75,7.1,0,0,0,0,19-APR-2021,
OPTSTK,TATAPOWER,27-May-2021,94,CE,0,0,0,11.25,6.65,0,0,0,0,19-APR-2021,
OPTSTK,TATAPOWER,27-May-2021,95,CE,0,0,0,8,6.2,0,0,27000,0,19-APR-2021,
OPTSTK,TATAPOWER,27-May-2021,96,CE,0,0,0,10.3,5.75,0,0,0,0,19-APR-2021,
OPTSTK,TATAPOWER,27-May-2021,97,CE,0,0,0,9.85,5.35,0,0,0,0,19-APR-2021,
OPTSTK,TATAPOWER,27-May-2021,97.5,CE,0,0,0,9.4,5.15,0,0,0,0,19-APR-2021,
OPTSTK,TATAPOWER,27-May-2021,98,CE,0,0,0,9.45,4.95,0,0,0,0,19-APR-2021,
OPTSTK,TATAPOWER,27-May-2021,99,CE,0,0,0,9,4.6,0,0,0,0,19-APR-2021,
OPTSTK,TATAPOWER,27-May-2021,100,CE,3.35,5,3.35,3.9,3.9,67,940.71,1215000,310500,19-APR-2021,
OPTSTK,TATAPOWER,27-May-2021,101,CE,0,0,0,8.2,3.95,0,0,0,0,19-APR-2021,
OPTSTK,TATAPOWER,27-May-2021,102,CE,0,0,0,7.85,3.65,0,0,0,0,19-APR-2021,
OPTSTK,TATAPOWER,27-May-2021,102.5,CE,3.25,3.25,3.25,3.25,3.5,1,14.27,13500,13500,19-APR-2021,
OPTSTK,TATAPOWER,27-May-2021,103,CE,0,0,0,7.5,3.35,0,0,0,0,19-APR-2021,
OPTSTK,TATAPOWER,27-May-2021,104,CE,0,0,0,7.15,3.1,0,0,0,0,19-APR-2021,
OPTSTK,TATAPOWER,27-May-2021,105,CE,2.8,2.8,2.65,2.7,2.7,8,116.34,216000,54000,19-APR-2021,
OPTSTK,TATAPOWER,27-May-2021,106,CE,0,0,0,6.5,2.6,0,0,0,0,19-APR-2021,
OPTSTK,TATAPOWER,27-May-2021,107,CE,0,0,0,6.15,2.4,0,0,0,0,19-APR-2021,
OPTSTK,TATAPOWER,27-May-2021,107.5,CE,0,0,0,5.4,2.3,0,0,0,0,19-APR-2021,
OPTSTK,TATAPOWER,27-May-2021,108,CE,0,0,0,5.9,2.2,0,0,0,0,19-APR-2021,
OPTSTK,TATAPOWER,27-May-2021,109,CE,0,0,0,5.6,2,0,0,0,0,19-APR-2021,
OPTSTK,TATAPOWER,27-May-2021,110,CE,2.5,2.5,1.5,1.75,1.75,36,543.32,1134000,216000,19-APR-2021,
OPTSTK,TATAPOWER,27-May-2021,111,CE,0,0,0,5.05,1.7,0,0,0,0,19-APR-2021,
OPTSTK,TATAPOWER,27-May-2021,112,CE,0,0,0,4.8,1.55,0,0,0,0,19-APR-2021,
OPTSTK,TATAPOWER,27-May-2021,112.5,CE,0,0,0,4.05,1.45,0,0,0,0,19-APR-2021,
OPTSTK,TATAPOWER,27-May-2021,113,CE,0,0,0,4.6,1.4,0,0,0,0,19-APR-2021,
OPTSTK,TATAPOWER,27-May-2021,114,CE,0,0,0,4.35,1.3,0,0,0,0,19-APR-2021,
OPTSTK,TATAPOWER,27-May-2021,115,CE,0,0,0,4.15,1.15,0,0,0,0,19-APR-2021,
OPTSTK,TATAPOWER,27-May-2021,116,CE,0,0,0,3.95,1.05,0,0,0,0,19-APR-2021,
OPTSTK,TATAPOWER,27-May-2021,117,CE,0,0,0,3.75,0.95,0,0,0,0,19-APR-2021,
OPTSTK,TATAPOWER,27-May-2021,117.5,CE,0,0,0,2.95,0.9,0,0,0,0,19-APR-2021,
OPTSTK,TATAPOWER,27-May-2021,118,CE,0,0,0,3.55,0.9,0,0,0,0,19-APR-2021,
OPTSTK,TATAPOWER,27-May-2021,119,CE,0,0,0,3.35,0.8,0,0,0,0,19-APR-2021,
OPTSTK,TATAPOWER,27-May-2021,120,CE,0.7,0.9,0.7,0.9,0.9,8,130.42,580500,54000,19-APR-2021,
OPTSTK,TATAPOWER,27-May-2021,121,CE,0,0,0,3,0.65,0,0,0,0,19-APR-2021,
OPTSTK,TATAPOWER,27-May-2021,122,CE,0,0,0,2.85,0.6,0,0,0,0,19-APR-2021,
OPTSTK,TATAPOWER,27-May-2021,122.5,CE,0,0,0,2.15,0.55,0,0,0,0,19-APR-2021,
OPTSTK,TATAPOWER,27-May-2021,123,CE,0,0,0,2.7,0.55,0,0,0,0,19-APR-2021,
OPTSTK,TATAPOWER,27-May-2021,124,CE,0,0,0,2.6,0.5,0,0,0,0,19-APR-2021,
OPTSTK,TATAPOWER,27-May-2021,125,CE,0,0,0,2.45,0.45,0,0,0,0,19-APR-2021,
OPTSTK,TATAPOWER,27-May-2021,126,CE,0,0,0,2.3,0.4,0,0,0,0,19-APR-2021,
OPTSTK,TATAPOWER,27-May-2021,127,CE,0,0,0,2.35,0.35,0,0,0,0,19-APR-2021,
OPTSTK,TATAPOWER,27-May-2021,127.5,CE,0,0,0,1.55,0.35,0,0,0,0,19-APR-2021,
OPTSTK,TATAPOWER,27-May-2021,128,CE,0,0,0,2.25,0.35,0,0,0,0,19-APR-2021,
OPTSTK,TATAPOWER,27-May-2021,66,PE,0,0,0,0.65,0.15,0,0,0,0,19-APR-2021,
OPTSTK,TATAPOWER,27-May-2021,67,PE,0,0,0,0.75,0.15,0,0,0,0,19-APR-2021,
OPTSTK,TATAPOWER,27-May-2021,68,PE,0,0,0,0.85,0.2,0,0,0,0,19-APR-2021,
OPTSTK,TATAPOWER,27-May-2021,69,PE,0,0,0,0.95,0.25,0,0,0,0,19-APR-2021,
OPTSTK,TATAPOWER,27-May-2021,70,PE,0,0,0,1.05,0.3,0,0,0,0,19-APR-2021,
OPTSTK,TATAPOWER,27-May-2021,71,PE,0,0,0,1.2,0.35,0,0,0,0,19-APR-2021,
OPTSTK,TATAPOWER,27-May-2021,72,PE,0,0,0,1.35,0.4,0,0,0,0,19-APR-2021,
OPTSTK,TATAPOWER,27-May-2021,72.5,PE,0,0,0,0.65,0.45,0,0,0,0,19-APR-2021,
OPTSTK,TATAPOWER,27-May-2021,73,PE,0,0,0,1.5,0.5,0,0,0,0,19-APR-2021,
OPTSTK,TATAPOWER,27-May-2021,74,PE,0,0,0,1.7,0.6,0,0,0,0,19-APR-2021,
OPTSTK,TATAPOWER,27-May-2021,75,PE,0,0,0,1.85,0.7,0,0,0,0,19-APR-2021,
OPTSTK,TATAPOWER,27-May-2021,76,PE,0,0,0,2.05,0.8,0,0,0,0,19-APR-2021,
OPTSTK,TATAPOWER,27-May-2021,77,PE,0,0,0,2.3,0.95,0,0,0,0,19-APR-2021,
OPTSTK,TATAPOWER,27-May-2021,77.5,PE,0,0,0,1.2,1,0,0,0,0,19-APR-2021,
OPTSTK,TATAPOWER,27-May-2021,78,PE,0,0,0,2.5,1.1,0,0,0,0,19-APR-2021,
OPTSTK,TATAPOWER,27-May-2021,79,PE,0,0,0,2.75,1.25,0,0,0,0,19-APR-2021,
OPTSTK,TATAPOWER,27-May-2021,80,PE,0,0,0,1.2,1.45,0,0,40500,0,19-APR-2021,
OPTSTK,TATAPOWER,27-May-2021,81,PE,0,0,0,3.3,1.65,0,0,0,0,19-APR-2021,
OPTSTK,TATAPOWER,27-May-2021,82,PE,0,0,0,3.6,1.9,0,0,0,0,19-APR-2021,
OPTSTK,TATAPOWER,27-May-2021,82.5,PE,0,0,0,2.15,2,0,0,0,0,19-APR-2021,
OPTSTK,TATAPOWER,27-May-2021,83,PE,0,0,0,3.9,2.15,0,0,0,0,19-APR-2021,
OPTSTK,TATAPOWER,27-May-2021,84,PE,0,0,0,4.2,2.4,0,0,0,0,19-APR-2021,
OPTSTK,TATAPOWER,27-May-2021,85,PE,2,2.35,1.8,2.1,2.7,6,70.56,243000,67500,19-APR-2021,
OPTSTK,TATAPOWER,27-May-2021,86,PE,0,0,0,4.9,3.05,0,0,0,0,19-APR-2021,
OPTSTK,TATAPOWER,27-May-2021,87,PE,0,0,0,5.3,3.35,0,0,0,0,19-APR-2021,
OPTSTK,TATAPOWER,27-May-2021,87.5,PE,0,0,0,3.5,3.55,0,0,0,0,19-APR-2021,
OPTSTK,TATAPOWER,27-May-2021,88,PE,0,0,0,5.7,3.75,0,0,0,0,19-APR-2021,
OPTSTK,TATAPOWER,27-May-2021,89,PE,0,0,0,6.1,4.15,0,0,0,0,19-APR-2021,
OPTSTK,TATAPOWER,27-May-2021,90,PE,4,4.2,3.5,3.8,3.8,30,380.07,945000,135000,19-APR-2021,
OPTSTK,TATAPOWER,27-May-2021,91,PE,0,0,0,6.95,5,0,0,0,0,19-APR-2021,
OPTSTK,TATAPOWER,27-May-2021,92,PE,0,0,0,7.4,5.45,0,0,0,0,19-APR-2021,
OPTSTK,TATAPOWER,27-May-2021,92.5,PE,0,0,0,5.35,5.7,0,0,0,0,19-APR-2021,
OPTSTK,TATAPOWER,27-May-2021,93,PE,0,0,0,7.9,5.95,0,0,0,0,19-APR-2021,
OPTSTK,TATAPOWER,27-May-2021,94,PE,0,0,0,8.4,6.45,0,0,0,0,19-APR-2021,
OPTSTK,TATAPOWER,27-May-2021,95,PE,6,6.4,5,6,6,12,163.74,459000,81000,19-APR-2021,
OPTSTK,TATAPOWER,27-May-2021,96,PE,0,0,0,9.4,7.6,0,0,0,0,19-APR-2021,
OPTSTK,TATAPOWER,27-May-2021,97,PE,0,0,0,9.95,8.15,0,0,0,0,19-APR-2021,
OPTSTK,TATAPOWER,27-May-2021,97.5,PE,0,0,0,7.65,8.45,0,0,0,0,19-APR-2021,
OPTSTK,TATAPOWER,27-May-2021,98,PE,0,0,0,4.5,8.8,0,0,13500,0,19-APR-2021,
OPTSTK,TATAPOWER,27-May-2021,99,PE,0,0,0,5.25,9.4,0,0,13500,0,19-APR-2021,
OPTSTK,TATAPOWER,27-May-2021,100,PE,9.5,9.9,9,9.35,10.05,9,132.94,1120500,67500,19-APR-2021,
OPTSTK,TATAPOWER,27-May-2021,101,PE,0,0,0,12.3,10.75,0,0,0,0,19-APR-2021,
OPTSTK,TATAPOWER,27-May-2021,102,PE,0,0,0,12.9,11.45,0,0,0,0,19-APR-2021,
OPTSTK,TATAPOWER,27-May-2021,102.5,PE,0,0,0,10.4,11.8,0,0,0,0,19-APR-2021,
OPTSTK,TATAPOWER,27-May-2021,103,PE,0,0,0,13.5,12.15,0,0,0,0,19-APR-2021,
OPTSTK,TATAPOWER,27-May-2021,104,PE,0,0,0,14.15,12.9,0,0,0,0,19-APR-2021,
OPTSTK,TATAPOWER,27-May-2021,105,PE,0,0,0,14.8,13.65,0,0,0,0,19-APR-2021,
OPTSTK,TATAPOWER,27-May-2021,106,PE,0,0,0,15.5,14.4,0,0,0,0,19-APR-2021,
OPTSTK,TATAPOWER,27-May-2021,107,PE,0,0,0,16.2,15.2,0,0,0,0,19-APR-2021,
OPTSTK,TATAPOWER,27-May-2021,107.5,PE,0,0,0,13.6,15.55,0,0,0,0,19-APR-2021,
OPTSTK,TATAPOWER,27-May-2021,108,PE,0,0,0,16.85,16,0,0,0,0,19-APR-2021,
OPTSTK,TATAPOWER,27-May-2021,109,PE,0,0,0,17.6,16.8,0,0,0,0,19-APR-2021,
OPTSTK,TATAPOWER,27-May-2021,110,PE,0,0,0,18.3,17.6,0,0,0,0,19-APR-2021,
OPTSTK,TATAPOWER,27-May-2021,111,PE,0,0,0,19.05,18.45,0,0,0,0,19-APR-2021,
OPTSTK,TATAPOWER,27-May-2021,112,PE,0,0,0,19.8,19.3,0,0,0,0,19-APR-2021,
OPTSTK,TATAPOWER,27-May-2021,112.5,PE,0,0,0,17.15,19.75,0,0,0,0,19-APR-2021,
OPTSTK,TATAPOWER,27-May-2021,113,PE,0,0,0,20.55,20.15,0,0,0,0,19-APR-2021,
OPTSTK,TATAPOWER,27-May-2021,114,PE,0,0,0,21.3,21.05,0,0,0,0,19-APR-2021,
OPTSTK,TATAPOWER,27-May-2021,115,PE,0,0,0,22.05,21.9,0,0,0,0,19-APR-2021,
OPTSTK,TATAPOWER,27-May-2021,116,PE,0,0,0,22.85,22.8,0,0,0,0,19-APR-2021,
OPTSTK,TATAPOWER,27-May-2021,117,PE,0,0,0,23.65,23.7,0,0,0,0,19-APR-2021,
OPTSTK,TATAPOWER,27-May-2021,117.5,PE,0,0,0,21.05,24.15,0,0,0,0,19-APR-2021,
OPTSTK,TATAPOWER,27-May-2021,118,PE,0,0,0,24.45,24.6,0,0,0,0,19-APR-2021,
OPTSTK,TATAPOWER,27-May-2021,119,PE,0,0,0,25.25,25.55,0,0,0,0,19-APR-2021,
OPTSTK,TATAPOWER,27-May-2021,120,PE,0,0,0,26.05,26.45,0,0,0,0,19-APR-2021,
OPTSTK,TATAPOWER,27-May-2021,121,PE,0,0,0,26.9,27.4,0,0,0,0,19-APR-2021,
OPTSTK,TATAPOWER,27-May-2021,122,PE,0,0,0,27.75,28.3,0,0,0,0,19-APR-2021,
OPTSTK,TATAPOWER,27-May-2021,122.5,PE,0,0,0,25.2,28.8,0,0,0,0,19-APR-2021,
OPTSTK,TATAPOWER,27-May-2021,123,PE,0,0,0,28.55,29.25,0,0,0,0,19-APR-2021,
OPTSTK,TATAPOWER,27-May-2021,124,PE,0,0,0,29.4,30.2,0,0,0,0,19-APR-2021,
OPTSTK,TATAPOWER,27-May-2021,125,PE,0,0,0,30.3,31.15,0,0,0,0,19-APR-2021,
OPTSTK,TATAPOWER,27-May-2021,126,PE,0,0,0,31.15,32.1,0,0,0,0,19-APR-2021,
OPTSTK,TATAPOWER,27-May-2021,127,PE,0,0,0,30.35,33.05,0,0,0,0,19-APR-2021,
OPTSTK,TATAPOWER,27-May-2021,127.5,PE,0,0,0,29.55,33.55,0,0,0,0,19-APR-2021,
OPTSTK,TATAPOWER,27-May-2021,128,PE,0,0,0,31.2,34.05,0,0,0,0,19-APR-2021,
OPTSTK,TATAPOWER,24-Jun-2021,67.5,CE,0,0,0,32.45,27.35,0,0,0,0,19-APR-2021,
OPTSTK,TATAPOWER,24-Jun-2021,70,CE,0,0,0,30.2,25.15,0,0,0,0,19-APR-2021,
OPTSTK,TATAPOWER,24-Jun-2021,72.5,CE,0,0,0,28.05,23,0,0,0,0,19-APR-2021,
OPTSTK,TATAPOWER,24-Jun-2021,75,CE,0,0,0,25.95,20.95,0,0,0,0,19-APR-2021,
OPTSTK,TATAPOWER,24-Jun-2021,77.5,CE,0,0,0,23.95,18.95,0,0,0,0,19-APR-2021,
OPTSTK,TATAPOWER,24-Jun-2021,80,CE,0,0,0,22,17.1,0,0,0,0,19-APR-2021,
OPTSTK,TATAPOWER,24-Jun-2021,82.5,CE,0,0,0,20.15,15.35,0,0,0,0,19-APR-2021,
OPTSTK,TATAPOWER,24-Jun-2021,85,CE,0,0,0,18.45,13.7,0,0,0,0,19-APR-2021,
OPTSTK,TATAPOWER,24-Jun-2021,87.5,CE,0,0,0,16.8,12.2,0,0,0,0,19-APR-2021,
OPTSTK,TATAPOWER,24-Jun-2021,90,CE,0,0,0,15.25,10.8,0,0,0,0,19-APR-2021,
OPTSTK,TATAPOWER,24-Jun-2021,92.5,CE,0,0,0,13.8,9.55,0,0,0,0,19-APR-2021,
OPTSTK,TATAPOWER,24-Jun-2021,95,CE,0,0,0,12.45,8.4,0,0,0,0,19-APR-2021,
OPTSTK,TATAPOWER,24-Jun-2021,97.5,CE,0,0,0,11.25,7.35,0,0,0,0,19-APR-2021,
OPTSTK,TATAPOWER,24-Jun-2021,100,CE,0,0,0,10.1,6.4,0,0,0,0,19-APR-2021,
OPTSTK,TATAPOWER,24-Jun-2021,102.5,CE,0,0,0,9.05,5.55,0,0,0,0,19-APR-2021,
OPTSTK,TATAPOWER,24-Jun-2021,105,CE,0,0,0,8.1,4.8,0,0,0,0,19-APR-2021,
OPTSTK,TATAPOWER,24-Jun-2021,107.5,CE,0,0,0,7.2,4.15,0,0,0,0,19-APR-2021,
OPTSTK,TATAPOWER,24-Jun-2021,110,CE,0,0,0,6.4,3.55,0,0,0,0,19-APR-2021,
OPTSTK,TATAPOWER,24-Jun-2021,112.5,CE,0,0,0,5.7,3.05,0,0,0,0,19-APR-2021,
OPTSTK,TATAPOWER,24-Jun-2021,115,CE,0,0,0,5.05,2.6,0,0,0,0,19-APR-2021,
OPTSTK,TATAPOWER,24-Jun-2021,117.5,CE,0,0,0,4.5,2.25,0,0,0,0,19-APR-2021,
OPTSTK,TATAPOWER,24-Jun-2021,120,CE,0,0,0,3.95,1.9,0,0,0,0,19-APR-2021,
OPTSTK,TATAPOWER,24-Jun-2021,122.5,CE,0,0,0,3.5,1.6,0,0,0,0,19-APR-2021,
OPTSTK,TATAPOWER,24-Jun-2021,125,CE,0,0,0,3.1,1.35,0,0,0,0,19-APR-2021,
OPTSTK,TATAPOWER,24-Jun-2021,127.5,CE,0,0,0,2.7,1.15,0,0,0,0,19-APR-2021,
OPTSTK,TATAPOWER,24-Jun-2021,67.5,PE,0,0,0,0.65,0.6,0,0,0,0,19-APR-2021,
OPTSTK,TATAPOWER,24-Jun-2021,70,PE,0,0,0,0.9,0.85,0,0,0,0,19-APR-2021,
OPTSTK,TATAPOWER,24-Jun-2021,72.5,PE,0,0,0,1.2,1.2,0,0,0,0,19-APR-2021,
OPTSTK,TATAPOWER,24-Jun-2021,75,PE,0,0,0,1.6,1.65,0,0,0,0,19-APR-2021,
OPTSTK,TATAPOWER,24-Jun-2021,77.5,PE,0,0,0,2.05,2.15,0,0,0,0,19-APR-2021,
OPTSTK,TATAPOWER,24-Jun-2021,80,PE,0,0,0,2.6,2.75,0,0,0,0,19-APR-2021,
OPTSTK,TATAPOWER,24-Jun-2021,82.5,PE,0,0,0,3.25,3.5,0,0,0,0,19-APR-2021,
OPTSTK,TATAPOWER,24-Jun-2021,85,PE,0,0,0,4,4.35,0,0,0,0,19-APR-2021,
OPTSTK,TATAPOWER,24-Jun-2021,87.5,PE,0,0,0,4.8,5.3,0,0,0,0,19-APR-2021,
OPTSTK,TATAPOWER,24-Jun-2021,90,PE,0,0,0,5.75,6.4,0,0,189000,0,19-APR-2021,
OPTSTK,TATAPOWER,24-Jun-2021,92.5,PE,0,0,0,6.8,7.6,0,0,0,0,19-APR-2021,
OPTSTK,TATAPOWER,24-Jun-2021,95,PE,0,0,0,7.95,8.95,0,0,0,0,19-APR-2021,
OPTSTK,TATAPOWER,24-Jun-2021,97.5,PE,0,0,0,9.2,10.4,0,0,0,0,19-APR-2021,
OPTSTK,TATAPOWER,24-Jun-2021,100,PE,0,0,0,12.5,11.9,0,0,54000,0,19-APR-2021,
OPTSTK,TATAPOWER,24-Jun-2021,102.5,PE,0,0,0,11.95,13.55,0,0,0,0,19-APR-2021,
OPTSTK,TATAPOWER,24-Jun-2021,105,PE,0,0,0,13.45,15.3,0,0,0,0,19-APR-2021,
OPTSTK,TATAPOWER,24-Jun-2021,107.5,PE,0,0,0,15.05,17.15,0,0,0,0,19-APR-2021,
OPTSTK,TATAPOWER,24-Jun-2021,110,PE,0,0,0,16.75,19.05,0,0,0,0,19-APR-2021,
OPTSTK,TATAPOWER,24-Jun-2021,112.5,PE,0,0,0,18.5,21,0,0,0,0,19-APR-2021,
OPTSTK,TATAPOWER,24-Jun-2021,115,PE,0,0,0,20.35,23.05,0,0,0,0,19-APR-2021,
OPTSTK,TATAPOWER,24-Jun-2021,117.5,PE,0,0,0,22.25,25.15,0,0,0,0,19-APR-2021,
OPTSTK,TATAPOWER,24-Jun-2021,120,PE,0,0,0,24.2,27.3,0,0,0,0,19-APR-2021,
OPTSTK,TATAPOWER,24-Jun-2021,122.5,PE,0,0,0,26.2,29.5,0,0,0,0,19-APR-2021,
OPTSTK,TATAPOWER,24-Jun-2021,125,PE,0,0,0,28.25,31.75,0,0,0,0,19-APR-2021,
OPTSTK,TATAPOWER,24-Jun-2021,127.5,PE,0,0,0,30.35,34,0,0,0,0,19-APR-2021,
OPTSTK,TATASTEEL,29-Apr-2021,390,CE,0,0,0,239.25,498.35,0,0,0,0,19-APR-2021,
OPTSTK,TATASTEEL,29-Apr-2021,400,CE,0,0,0,229.9,488.35,0,0,0,0,19-APR-2021,
OPTSTK,TATASTEEL,29-Apr-2021,410,CE,0,0,0,220.65,478.4,0,0,0,0,19-APR-2021,
OPTSTK,TATASTEEL,29-Apr-2021,420,CE,0,0,0,211.5,468.4,0,0,0,0,19-APR-2021,
OPTSTK,TATASTEEL,29-Apr-2021,430,CE,0,0,0,202.5,458.4,0,0,0,0,19-APR-2021,
OPTSTK,TATASTEEL,29-Apr-2021,440,CE,0,0,0,193.65,448.4,0,0,0,0,19-APR-2021,
OPTSTK,TATASTEEL,29-Apr-2021,450,CE,0,0,0,255,438.4,0,0,1700,0,19-APR-2021,
OPTSTK,TATASTEEL,29-Apr-2021,460,CE,0,0,0,176.45,428.45,0,0,0,0,19-APR-2021,
OPTSTK,TATASTEEL,29-Apr-2021,470,CE,0,0,0,168.15,418.45,0,0,0,0,19-APR-2021,
OPTSTK,TATASTEEL,29-Apr-2021,480,CE,0,0,0,160,408.45,0,0,0,0,19-APR-2021,
OPTSTK,TATASTEEL,29-Apr-2021,490,CE,0,0,0,152.1,398.45,0,0,0,0,19-APR-2021,
OPTSTK,TATASTEEL,29-Apr-2021,500,CE,0,0,0,213,388.45,0,0,5100,0,19-APR-2021,
OPTSTK,TATASTEEL,29-Apr-2021,510,CE,0,0,0,136.95,378.5,0,0,0,0,19-APR-2021,
OPTSTK,TATASTEEL,29-Apr-2021,520,CE,0,0,0,129.7,368.5,0,0,0,0,19-APR-2021,
OPTSTK,TATASTEEL,29-Apr-2021,530,CE,0,0,0,122.7,358.5,0,0,0,0,19-APR-2021,
OPTSTK,TATASTEEL,29-Apr-2021,540,CE,0,0,0,115.95,348.5,0,0,0,0,19-APR-2021,
OPTSTK,TATASTEEL,29-Apr-2021,550,CE,0,0,0,308,338.5,0,0,1700,0,19-APR-2021,
OPTSTK,TATASTEEL,29-Apr-2021,560,CE,0,0,0,103.15,328.55,0,0,0,0,19-APR-2021,
OPTSTK,TATASTEEL,29-Apr-2021,570,CE,0,0,0,97.15,318.55,0,0,0,0,19-APR-2021,
OPTSTK,TATASTEEL,29-Apr-2021,580,CE,0,0,0,91.4,308.55,0,0,0,0,19-APR-2021,
OPTSTK,TATASTEEL,29-Apr-2021,590,CE,0,0,0,345,298.55,0,0,3400,0,19-APR-2021,
OPTSTK,TATASTEEL,29-Apr-2021,600,CE,0,0,0,266.5,288.55,0,0,83300,0,19-APR-2021,
OPTSTK,TATASTEEL,29-Apr-2021,610,CE,0,0,0,75.6,278.6,0,0,0,0,19-APR-2021,
OPTSTK,TATASTEEL,29-Apr-2021,620,CE,0,0,0,70.85,268.6,0,0,0,0,19-APR-2021,
OPTSTK,TATASTEEL,29-Apr-2021,630,CE,0,0,0,91.6,258.6,0,0,8500,0,19-APR-2021,
OPTSTK,TATASTEEL,29-Apr-2021,640,CE,0,0,0,70,248.6,0,0,1700,0,19-APR-2021,
OPTSTK,TATASTEEL,29-Apr-2021,650,CE,237,252,237,252,238.6,4,60.57,85000,-6800,19-APR-2021,
OPTSTK,TATASTEEL,29-Apr-2021,660,CE,0,0,0,137.3,228.65,0,0,11900,0,19-APR-2021,
OPTSTK,TATASTEEL,29-Apr-2021,670,CE,0,0,0,187.9,218.65,0,0,13600,0,19-APR-2021,
OPTSTK,TATASTEEL,29-Apr-2021,680,CE,0,0,0,220,208.7,0,0,18700,0,19-APR-2021,
OPTSTK,TATASTEEL,29-Apr-2021,690,CE,0,0,0,184.65,198.7,0,0,18700,0,19-APR-2021,
OPTSTK,TATASTEEL,29-Apr-2021,700,CE,190.1,191.6,190.1,190.8,190.8,3,45.42,453900,0,19-APR-2021,
OPTSTK,TATASTEEL,29-Apr-2021,710,CE,0,0,0,196.9,178.85,0,0,285600,0,19-APR-2021,
OPTSTK,TATASTEEL,29-Apr-2021,720,CE,161.4,166.55,161.4,166.55,168.95,2,30.05,256700,-3400,19-APR-2021,
OPTSTK,TATASTEEL,29-Apr-2021,730,CE,144.95,144.95,144.95,144.95,159.1,1,14.87,408000,1700,19-APR-2021,
OPTSTK,TATASTEEL,29-Apr-2021,740,CE,143.5,160.75,143.5,160.75,149.3,13,196.59,306000,-17000,19-APR-2021,
OPTSTK,TATASTEEL,29-Apr-2021,750,CE,128.65,147.7,128.65,141.2,141.2,8,121.31,445400,-10200,19-APR-2021,
OPTSTK,TATASTEEL,29-Apr-2021,760,CE,117.7,140,114.95,135,130,25,378.37,306000,-30600,19-APR-2021,
OPTSTK,TATASTEEL,29-Apr-2021,770,CE,124.75,124.75,119.5,119.5,120.55,2,30.33,207400,0,19-APR-2021,
OPTSTK,TATASTEEL,29-Apr-2021,780,CE,100,112,100,111.9,111.9,8,120.16,266900,-10200,19-APR-2021,
OPTSTK,TATASTEEL,29-Apr-2021,790,CE,90.05,95,90.05,95,102.2,6,90.18,185300,-6800,19-APR-2021,
OPTSTK,TATASTEEL,29-Apr-2021,800,CE,87.65,101,77,95.1,95.1,104,1578.83,1055700,3400,19-APR-2021,
OPTSTK,TATASTEEL,29-Apr-2021,810,CE,68.2,89.85,68.2,82.5,84.9,6,91.07,297500,0,19-APR-2021,
OPTSTK,TATASTEEL,29-Apr-2021,820,CE,66.95,75.5,66.95,75.45,76.7,10,151.36,642600,-1700,19-APR-2021,
OPTSTK,TATASTEEL,29-Apr-2021,830,CE,70,72.65,68.1,72.65,72.65,8,122.38,323000,-5100,19-APR-2021,
OPTSTK,TATASTEEL,29-Apr-2021,840,CE,55,60.5,52.6,60.5,60.5,18,274.4,278800,-5100,19-APR-2021,
OPTSTK,TATASTEEL,29-Apr-2021,850,CE,38.3,62.9,36.8,53.75,53.75,174,2671.47,904400,-17000,19-APR-2021,
OPTSTK,TATASTEEL,29-Apr-2021,860,CE,30.1,54.1,30.1,46.25,46.25,202,3102.85,635800,8500,19-APR-2021,
OPTSTK,TATASTEEL,29-Apr-2021,870,CE,25,47.7,25,39.75,39.75,349,5366.89,440300,-5100,19-APR-2021,
OPTSTK,TATASTEEL,29-Apr-2021,880,CE,22.05,41.8,20.8,34.15,34.15,1730,26833.37,642600,64600,19-APR-2021,
OPTSTK,TATASTEEL,29-Apr-2021,890,CE,15.85,35.7,15.55,28.85,28.85,2262,35309.99,523600,96900,19-APR-2021,
OPTSTK,TATASTEEL,29-Apr-2021,900,CE,14.4,30.3,13.45,23.95,23.95,8077,126890.55,2861100,457300,19-APR-2021,
OPTSTK,TATASTEEL,29-Apr-2021,910,CE,12.45,25.5,11.4,19.95,19.95,1896,29959.47,827900,-64600,19-APR-2021,
OPTSTK,TATASTEEL,29-Apr-2021,920,CE,9.65,21.35,9.3,16.45,16.45,4020,64019.82,1900600,-47600,19-APR-2021,
OPTSTK,TATASTEEL,29-Apr-2021,930,CE,10.3,17.7,7.05,13.5,13.5,1709,27398.57,736100,40800,19-APR-2021,
OPTSTK,TATASTEEL,29-Apr-2021,940,CE,6.95,14.75,5.3,11.3,11.3,1880,30392.83,1225700,83300,19-APR-2021,
OPTSTK,TATASTEEL,29-Apr-2021,950,CE,8,12.25,3.85,9.2,9.2,3446,56181.52,2995400,-147900,19-APR-2021,
OPTSTK,TATASTEEL,29-Apr-2021,960,CE,5.35,10.05,4.05,7.45,7.45,1454,23913.73,1484100,20400,19-APR-2021,
OPTSTK,TATASTEEL,29-Apr-2021,970,CE,3.8,8.25,3.65,6.2,6.2,709,11762.58,334900,-49300,19-APR-2021,
OPTSTK,TATASTEEL,29-Apr-2021,980,CE,3.75,6.85,3,5.15,5.15,785,13145.52,853400,39100,19-APR-2021,
OPTSTK,TATASTEEL,29-Apr-2021,990,CE,2.65,5.75,2.6,4.3,4.3,565,9547.61,317900,-37400,19-APR-2021,
OPTSTK,TATASTEEL,29-Apr-2021,1000,CE,2.15,4.9,2.15,3.7,3.7,3144,53642.55,3539400,304300,19-APR-2021,
OPTSTK,TATASTEEL,29-Apr-2021,1010,CE,2.05,4,1.95,3,3,320,5510.31,302600,5100,19-APR-2021,
OPTSTK,TATASTEEL,29-Apr-2021,1020,CE,2.75,3.4,1.45,2.5,2.5,966,16790.67,1599700,-23800,19-APR-2021,
OPTSTK,TATASTEEL,29-Apr-2021,1030,CE,1.3,2.8,1.3,2.2,2.2,73,1280.82,95200,0,19-APR-2021,
OPTSTK,TATASTEEL,29-Apr-2021,1040,CE,1.15,2.2,1.05,1.7,1.7,145,2567.77,202300,17000,19-APR-2021,
OPTSTK,TATASTEEL,29-Apr-2021,1050,CE,1,1.95,0.9,1.35,1.35,295,5272.6,399500,-30600,19-APR-2021,
OPTSTK,TATASTEEL,29-Apr-2021,1060,CE,1.15,1.45,0.85,1.05,1.05,179,3228.8,129200,-8500,19-APR-2021,
OPTSTK,TATASTEEL,29-Apr-2021,1070,CE,1,1.2,0.7,0.9,0.9,250,4551.33,601800,-23800,19-APR-2021,
OPTSTK,TATASTEEL,29-Apr-2021,390,PE,0,0,0,1.95,0,0,0,0,0,19-APR-2021,
OPTSTK,TATASTEEL,29-Apr-2021,400,PE,0,0,0,2,0,0,0,1700,0,19-APR-2021,
OPTSTK,TATASTEEL,29-Apr-2021,410,PE,0,0,0,3.15,0,0,0,0,0,19-APR-2021,
OPTSTK,TATASTEEL,29-Apr-2021,420,PE,0,0,0,3.9,0,0,0,0,0,19-APR-2021,
OPTSTK,TATASTEEL,29-Apr-2021,430,PE,0,0,0,4.85,0,0,0,0,0,19-APR-2021,
OPTSTK,TATASTEEL,29-Apr-2021,440,PE,0,0,0,5.9,0,0,0,0,0,19-APR-2021,
OPTSTK,TATASTEEL,29-Apr-2021,450,PE,0,0,0,0.15,0,0,0,6800,0,19-APR-2021,
OPTSTK,TATASTEEL,29-Apr-2021,460,PE,0,0,0,8.5,0,0,0,0,0,19-APR-2021,
OPTSTK,TATASTEEL,29-Apr-2021,470,PE,0,0,0,10.1,0,0,0,0,0,19-APR-2021,
OPTSTK,TATASTEEL,29-Apr-2021,480,PE,0,0,0,11.9,0,0,0,0,0,19-APR-2021,
OPTSTK,TATASTEEL,29-Apr-2021,490,PE,0,0,0,13.85,0,0,0,0,0,19-APR-2021,
OPTSTK,TATASTEEL,29-Apr-2021,500,PE,0,0,0,0.2,0,0,0,20400,0,19-APR-2021,
OPTSTK,TATASTEEL,29-Apr-2021,510,PE,0,0,0,18.55,0,0,0,0,0,19-APR-2021,
OPTSTK,TATASTEEL,29-Apr-2021,520,PE,0,0,0,0.25,0,0,0,3400,0,19-APR-2021,
OPTSTK,TATASTEEL,29-Apr-2021,530,PE,0,0,0,24.1,0,0,0,0,0,19-APR-2021,
OPTSTK,TATASTEEL,29-Apr-2021,540,PE,0,0,0,27.25,0,0,0,0,0,19-APR-2021,
OPTSTK,TATASTEEL,29-Apr-2021,550,PE,0.35,0.35,0.35,0.35,0,1,9.35,23800,0,19-APR-2021,
OPTSTK,TATASTEEL,29-Apr-2021,560,PE,0,0,0,0.25,0,0,0,8500,0,19-APR-2021,
OPTSTK,TATASTEEL,29-Apr-2021,570,PE,0,0,0,38.15,0,0,0,0,0,19-APR-2021,
OPTSTK,TATASTEEL,29-Apr-2021,580,PE,0,0,0,0.6,0,0,0,57800,0,19-APR-2021,
OPTSTK,TATASTEEL,29-Apr-2021,590,PE,0.35,0.35,0.35,0.35,0,1,10.03,18700,0,19-APR-2021,
OPTSTK,TATASTEEL,29-Apr-2021,600,PE,0.3,0.45,0.25,0.35,0.35,37,377.64,532100,-28900,19-APR-2021,
OPTSTK,TATASTEEL,29-Apr-2021,610,PE,0.2,0.25,0.2,0.25,0,6,62.24,42500,-8500,19-APR-2021,
OPTSTK,TATASTEEL,29-Apr-2021,620,PE,0,0,0,0.7,0,0,0,86700,0,19-APR-2021,
OPTSTK,TATASTEEL,29-Apr-2021,630,PE,0,0,0,0.55,0,0,0,64600,0,19-APR-2021,
OPTSTK,TATASTEEL,29-Apr-2021,640,PE,0.9,0.9,0.45,0.45,0.45,7,76.23,193800,-6800,19-APR-2021,
OPTSTK,TATASTEEL,29-Apr-2021,650,PE,0.55,1,0.45,0.55,0.55,38,420.31,443700,-30600,19-APR-2021,
OPTSTK,TATASTEEL,29-Apr-2021,660,PE,0.6,0.9,0.55,0.9,0.05,5,56.15,217600,-1700,19-APR-2021,
OPTSTK,TATASTEEL,29-Apr-2021,670,PE,1,1.35,0.85,0.85,0.85,24,273.77,365500,15300,19-APR-2021,
OPTSTK,TATASTEEL,29-Apr-2021,680,PE,1.4,1.4,1,1.05,1.05,64,741.14,499800,-1700,19-APR-2021,
OPTSTK,TATASTEEL,29-Apr-2021,690,PE,1.2,1.5,0.95,1.05,1.05,33,387.78,312800,-13600,19-APR-2021,
OPTSTK,TATASTEEL,29-Apr-2021,700,PE,1.4,1.7,1,1.15,1.15,397,4733.57,1606500,-112200,19-APR-2021,
OPTSTK,TATASTEEL,29-Apr-2021,710,PE,1.5,1.5,1.05,1.05,1.05,49,592.57,358700,-15300,19-APR-2021,
OPTSTK,TATASTEEL,29-Apr-2021,720,PE,1.65,1.75,1.3,1.4,1.4,30,368,510000,-13600,19-APR-2021,
OPTSTK,TATASTEEL,29-Apr-2021,730,PE,1.7,2.1,1.4,1.45,1.45,49,609.52,632400,-3400,19-APR-2021,
OPTSTK,TATASTEEL,29-Apr-2021,740,PE,2.5,2.5,1.55,1.7,1.7,91,1147.97,549100,-17000,19-APR-2021,
OPTSTK,TATASTEEL,29-Apr-2021,750,PE,3.6,3.7,1.85,2,2,577,7380.12,1492600,-119000,19-APR-2021,
OPTSTK,TATASTEEL,29-Apr-2021,760,PE,3,3.35,2.1,2.25,2.25,590,7650.51,736100,-132600,19-APR-2021,
OPTSTK,TATASTEEL,29-Apr-2021,770,PE,3,3.9,2.5,2.7,2.7,311,4087.79,518500,-10200,19-APR-2021,
OPTSTK,TATASTEEL,29-Apr-2021,780,PE,5.25,5.55,3.05,3.2,3.2,540,7195.67,788800,56100,19-APR-2021,
OPTSTK,TATASTEEL,29-Apr-2021,790,PE,4.95,5.65,3.6,3.9,3.9,280,3782.63,521900,-30600,19-APR-2021,
OPTSTK,TATASTEEL,29-Apr-2021,800,PE,5.65,7.2,4.35,4.7,4.7,2274,31141.24,2274600,32300,19-APR-2021,
OPTSTK,TATASTEEL,29-Apr-2021,810,PE,8.35,8.35,5.3,5.75,5.75,484,6720.77,367200,17000,19-APR-2021,
OPTSTK,TATASTEEL,29-Apr-2021,820,PE,10.85,10.95,6.45,7.1,7.1,1070,15068.48,1137300,90100,19-APR-2021,
OPTSTK,TATASTEEL,29-Apr-2021,830,PE,11,13.9,7.85,8.65,8.65,1910,27270.78,1122000,-62900,19-APR-2021,
OPTSTK,TATASTEEL,29-Apr-2021,840,PE,15.5,17.95,9.4,10.5,10.5,1153,16700.82,657900,-64600,19-APR-2021,
OPTSTK,TATASTEEL,29-Apr-2021,850,PE,19,20.95,11.2,12.8,12.8,2632,38679.97,2067200,-6800,19-APR-2021,
OPTSTK,TATASTEEL,29-Apr-2021,860,PE,24.95,25,13.75,15.7,15.7,1657,24728.74,1421200,39100,19-APR-2021,
OPTSTK,TATASTEEL,29-Apr-2021,870,PE,30,30,16.6,19.15,19.15,1849,28018.27,498100,-11900,19-APR-2021,
OPTSTK,TATASTEEL,29-Apr-2021,880,PE,31,35.2,20.1,23.05,23.05,2599,39994.17,763300,17000,19-APR-2021,
OPTSTK,TATASTEEL,29-Apr-2021,890,PE,38,40.6,24,27.55,27.55,1270,19852.91,464100,-42500,19-APR-2021,
OPTSTK,TATASTEEL,29-Apr-2021,900,PE,36.2,50,28.5,32.9,32.9,1222,19413.33,1195100,3400,19-APR-2021,
OPTSTK,TATASTEEL,29-Apr-2021,910,PE,52.1,53.1,34,38.7,38.7,99,1598.56,219300,-11900,19-APR-2021,
OPTSTK,TATASTEEL,29-Apr-2021,920,PE,55,59.8,39.45,45.4,45.4,201,3306.87,389300,-1700,19-APR-2021,
OPTSTK,TATASTEEL,29-Apr-2021,930,PE,61.05,62.25,51.1,52.55,52.55,11,184.29,122400,-5100,19-APR-2021,
OPTSTK,TATASTEEL,29-Apr-2021,940,PE,69.2,70.85,58.9,61.5,64.7,7,119.6,136000,-5100,19-APR-2021,
OPTSTK,TATASTEEL,29-Apr-2021,950,PE,81.4,82.05,67,71.45,72.35,7,121.9,127500,-5100,19-APR-2021,
OPTSTK,TATASTEEL,29-Apr-2021,960,PE,71.55,71.55,71.55,71.55,80.3,1,17.53,40800,-1700,19-APR-2021,
OPTSTK,TATASTEEL,29-Apr-2021,970,PE,0,0,0,105.2,88.6,0,0,8500,0,19-APR-2021,
OPTSTK,TATASTEEL,29-Apr-2021,980,PE,98.3,98.3,98.3,98.3,97.15,1,18.33,5100,-1700,19-APR-2021,
OPTSTK,TATASTEEL,29-Apr-2021,990,PE,0,0,0,262.25,105.95,0,0,0,0,19-APR-2021,
OPTSTK,TATASTEEL,29-Apr-2021,1000,PE,129.35,129.35,108,108,114.95,5,95.15,8500,-3400,19-APR-2021,
OPTSTK,TATASTEEL,29-Apr-2021,1010,PE,0,0,0,237.25,124.15,0,0,0,0,19-APR-2021,
OPTSTK,TATASTEEL,29-Apr-2021,1020,PE,0,0,0,246.3,133.5,0,0,0,0,19-APR-2021,
OPTSTK,TATASTEEL,29-Apr-2021,1030,PE,0,0,0,255.45,142.95,0,0,0,0,19-APR-2021,
OPTSTK,TATASTEEL,29-Apr-2021,1040,PE,0,0,0,264.6,152.5,0,0,0,0,19-APR-2021,
OPTSTK,TATASTEEL,29-Apr-2021,1050,PE,0,0,0,281.1,162.15,0,0,0,0,19-APR-2021,
OPTSTK,TATASTEEL,29-Apr-2021,1060,PE,0,0,0,290.85,171.9,0,0,0,0,19-APR-2021,
OPTSTK,TATASTEEL,29-Apr-2021,1070,PE,0,0,0,300.7,181.65,0,0,0,0,19-APR-2021,
OPTSTK,TATASTEEL,27-May-2021,480,CE,0,0,0,270.55,409.85,0,0,0,0,19-APR-2021,
OPTSTK,TATASTEEL,27-May-2021,490,CE,0,0,0,261.3,399.9,0,0,0,0,19-APR-2021,
OPTSTK,TATASTEEL,27-May-2021,500,CE,0,0,0,252.2,389.95,0,0,0,0,19-APR-2021,
OPTSTK,TATASTEEL,27-May-2021,510,CE,0,0,0,243.15,380,0,0,0,0,19-APR-2021,
OPTSTK,TATASTEEL,27-May-2021,520,CE,0,0,0,234.3,370.05,0,0,0,0,19-APR-2021,
OPTSTK,TATASTEEL,27-May-2021,530,CE,0,0,0,225.5,360.1,0,0,0,0,19-APR-2021,
OPTSTK,TATASTEEL,27-May-2021,540,CE,0,0,0,216.9,350.15,0,0,0,0,19-APR-2021,
OPTSTK,TATASTEEL,27-May-2021,550,CE,0,0,0,300,340.25,0,0,1700,0,19-APR-2021,
OPTSTK,TATASTEEL,27-May-2021,560,CE,0,0,0,200.15,330.3,0,0,0,0,19-APR-2021,
OPTSTK,TATASTEEL,27-May-2021,570,CE,0,0,0,192,320.4,0,0,0,0,19-APR-2021,
OPTSTK,TATASTEEL,27-May-2021,580,CE,0,0,0,184.05,310.55,0,0,0,0,19-APR-2021,
OPTSTK,TATASTEEL,27-May-2021,590,CE,0,0,0,176.25,300.7,0,0,0,0,19-APR-2021,
OPTSTK,TATASTEEL,27-May-2021,600,CE,0,0,0,168.65,290.85,0,0,0,0,19-APR-2021,
OPTSTK,TATASTEEL,27-May-2021,610,CE,0,0,0,161.25,281.1,0,0,0,0,19-APR-2021,
OPTSTK,TATASTEEL,27-May-2021,620,CE,0,0,0,154.05,271.35,0,0,0,0,19-APR-2021,
OPTSTK,TATASTEEL,27-May-2021,630,CE,0,0,0,147,261.65,0,0,0,0,19-APR-2021,
OPTSTK,TATASTEEL,27-May-2021,640,CE,0,0,0,140.2,252.05,0,0,0,0,19-APR-2021,
OPTSTK,TATASTEEL,27-May-2021,650,CE,0,0,0,210,242.45,0,0,0,0,19-APR-2021,
OPTSTK,TATASTEEL,27-May-2021,660,CE,0,0,0,127.2,233,0,0,0,0,19-APR-2021,
OPTSTK,TATASTEEL,27-May-2021,670,CE,0,0,0,121,223.6,0,0,0,0,19-APR-2021,
OPTSTK,TATASTEEL,27-May-2021,680,CE,0,0,0,115.05,214.35,0,0,0,0,19-APR-2021,
OPTSTK,TATASTEEL,27-May-2021,690,CE,0,0,0,109.3,205.2,0,0,0,0,19-APR-2021,
OPTSTK,TATASTEEL,27-May-2021,700,CE,0,0,0,199.9,196.15,0,0,8500,0,19-APR-2021,
OPTSTK,TATASTEEL,27-May-2021,710,CE,0,0,0,98.4,187.25,0,0,0,0,19-APR-2021,
OPTSTK,TATASTEEL,27-May-2021,720,CE,0,0,0,46,178.55,0,0,5100,0,19-APR-2021,
OPTSTK,TATASTEEL,27-May-2021,730,CE,0,0,0,88.35,169.95,0,0,0,0,19-APR-2021,
OPTSTK,TATASTEEL,27-May-2021,740,CE,0,0,0,83.65,161.55,0,0,0,0,19-APR-2021,
OPTSTK,TATASTEEL,27-May-2021,750,CE,0,0,0,135,153.35,0,0,6800,0,19-APR-2021,
OPTSTK,TATASTEEL,27-May-2021,760,CE,0,0,0,105,145.4,0,0,1700,0,19-APR-2021,
OPTSTK,TATASTEEL,27-May-2021,770,CE,0,0,0,70.65,137.6,0,0,0,0,19-APR-2021,
OPTSTK,TATASTEEL,27-May-2021,780,CE,0,0,0,66.7,130,0,0,0,0,19-APR-2021,
OPTSTK,TATASTEEL,27-May-2021,790,CE,0,0,0,62.95,122.7,0,0,0,0,19-APR-2021,
OPTSTK,TATASTEEL,27-May-2021,800,CE,120,120,120,120,115.6,1,15.64,17000,-1700,19-APR-2021,
OPTSTK,TATASTEEL,27-May-2021,810,CE,0,0,0,55.95,108.7,0,0,0,0,19-APR-2021,
OPTSTK,TATASTEEL,27-May-2021,820,CE,0,0,0,127.7,102.1,0,0,39100,0,19-APR-2021,
OPTSTK,TATASTEEL,27-May-2021,830,CE,0,0,0,58,95.75,0,0,1700,0,19-APR-2021,
OPTSTK,TATASTEEL,27-May-2021,840,CE,0,0,0,54.4,89.7,0,0,8500,0,19-APR-2021,
OPTSTK,TATASTEEL,27-May-2021,850,CE,78.5,78.5,78.5,78.5,83.85,1,15.78,40800,-1700,19-APR-2021,
OPTSTK,TATASTEEL,27-May-2021,860,CE,0,0,0,49.85,78.3,0,0,10200,0,19-APR-2021,
OPTSTK,TATASTEEL,27-May-2021,870,CE,0,0,0,40.5,73,0,0,8500,0,19-APR-2021,
OPTSTK,TATASTEEL,27-May-2021,880,CE,59.65,72,59.65,61.85,61.85,11,176.55,30600,6800,19-APR-2021,
OPTSTK,TATASTEEL,27-May-2021,890,CE,0,0,0,34.75,63.15,0,0,17000,0,19-APR-2021,
OPTSTK,TATASTEEL,27-May-2021,900,CE,43.8,58.05,43.8,51.95,51.95,113,1828.5,202300,1700,19-APR-2021,
OPTSTK,TATASTEEL,27-May-2021,910,CE,0,0,0,31.9,54.3,0,0,10200,0,19-APR-2021,
OPTSTK,TATASTEEL,27-May-2021,920,CE,40.45,45,40.45,42.55,42.55,8,130.95,28900,6800,19-APR-2021,
OPTSTK,TATASTEEL,27-May-2021,930,CE,40,45,40,45,46.45,2,33.06,6800,-1700,19-APR-2021,
OPTSTK,TATASTEEL,27-May-2021,940,CE,0,0,0,24.7,42.85,0,0,0,0,19-APR-2021,
OPTSTK,TATASTEEL,27-May-2021,950,CE,26.4,36.45,26.4,33.1,33.1,53,886.44,100300,39100,19-APR-2021,
OPTSTK,TATASTEEL,27-May-2021,960,CE,0,0,0,39.4,36.35,0,0,30600,0,19-APR-2021,
OPTSTK,TATASTEEL,27-May-2021,970,CE,0,0,0,20.25,33.4,0,0,0,0,19-APR-2021,
OPTSTK,TATASTEEL,27-May-2021,980,CE,0,0,0,18.95,30.65,0,0,0,0,19-APR-2021,
OPTSTK,TATASTEEL,27-May-2021,990,CE,0,0,0,18.75,28.15,0,0,3400,0,19-APR-2021,
OPTSTK,TATASTEEL,27-May-2021,1000,CE,17.95,22.8,15.95,20.1,20.1,109,1888.69,193800,5100,19-APR-2021,
OPTSTK,TATASTEEL,27-May-2021,1010,CE,0,0,0,19.7,23.6,0,0,0,0,19-APR-2021,
OPTSTK,TATASTEEL,27-May-2021,1020,CE,14.15,16.5,14,15.75,21.5,11,193.59,28900,-3400,19-APR-2021,
OPTSTK,TATASTEEL,27-May-2021,1030,CE,0,0,0,17.2,19.6,0,0,0,0,19-APR-2021,
OPTSTK,TATASTEEL,27-May-2021,1040,CE,0,0,0,16.05,17.85,0,0,0,0,19-APR-2021,
OPTSTK,TATASTEEL,27-May-2021,1050,CE,0,0,0,6.75,16.25,0,0,0,0,19-APR-2021,
OPTSTK,TATASTEEL,27-May-2021,1060,CE,0,0,0,6.15,14.8,0,0,0,0,19-APR-2021,
OPTSTK,TATASTEEL,27-May-2021,1070,CE,10,10,10,10,13.4,1,18.36,1700,1700,19-APR-2021,
OPTSTK,TATASTEEL,27-May-2021,480,PE,0,0,0,3.2,0.05,0,0,0,0,19-APR-2021,
OPTSTK,TATASTEEL,27-May-2021,490,PE,0,0,0,3.85,0.05,0,0,0,0,19-APR-2021,
OPTSTK,TATASTEEL,27-May-2021,500,PE,0,0,0,1.05,0.05,0,0,1700,0,19-APR-2021,
OPTSTK,TATASTEEL,27-May-2021,510,PE,0,0,0,5.55,0.05,0,0,0,0,19-APR-2021,
OPTSTK,TATASTEEL,27-May-2021,520,PE,0,0,0,6.55,0.05,0,0,0,0,19-APR-2021,
OPTSTK,TATASTEEL,27-May-2021,530,PE,0,0,0,7.7,0.1,0,0,0,0,19-APR-2021,
OPTSTK,TATASTEEL,27-May-2021,540,PE,0,0,0,9,0.1,0,0,0,0,19-APR-2021,
OPTSTK,TATASTEEL,27-May-2021,550,PE,0,0,0,0.1,0.15,0,0,1700,0,19-APR-2021,
OPTSTK,TATASTEEL,27-May-2021,560,PE,0,0,0,12,0.2,0,0,0,0,19-APR-2021,
OPTSTK,TATASTEEL,27-May-2021,570,PE,0,0,0,13.8,0.25,0,0,0,0,19-APR-2021,
OPTSTK,TATASTEEL,27-May-2021,580,PE,0,0,0,15.75,0.35,0,0,0,0,19-APR-2021,
OPTSTK,TATASTEEL,27-May-2021,590,PE,0,0,0,17.85,0.45,0,0,0,0,19-APR-2021,
OPTSTK,TATASTEEL,27-May-2021,600,PE,0.95,1.1,0.8,0.8,0.6,7,71.51,32300,1700,19-APR-2021,
OPTSTK,TATASTEEL,27-May-2021,610,PE,0,0,0,22.65,0.75,0,0,0,0,19-APR-2021,
OPTSTK,TATASTEEL,27-May-2021,620,PE,0,0,0,25.35,0.95,0,0,0,0,19-APR-2021,
OPTSTK,TATASTEEL,27-May-2021,630,PE,0,0,0,28.25,1.25,0,0,0,0,19-APR-2021,
OPTSTK,TATASTEEL,27-May-2021,640,PE,0,0,0,31.35,1.6,0,0,0,0,19-APR-2021,
OPTSTK,TATASTEEL,27-May-2021,650,PE,1.95,3.5,1.5,1.6,1.6,5,55.42,28900,1700,19-APR-2021,
OPTSTK,TATASTEEL,27-May-2021,660,PE,0,0,0,3,2.5,0,0,3400,0,19-APR-2021,
OPTSTK,TATASTEEL,27-May-2021,670,PE,0,0,0,3,3.05,0,0,1700,0,19-APR-2021,
OPTSTK,TATASTEEL,27-May-2021,680,PE,0,0,0,12,3.75,0,0,1700,0,19-APR-2021,
OPTSTK,TATASTEEL,27-May-2021,690,PE,0,0,0,49.95,4.55,0,0,0,0,19-APR-2021,
OPTSTK,TATASTEEL,27-May-2021,700,PE,4,4.45,3.75,3.75,3.75,18,215.44,153000,-1700,19-APR-2021,
OPTSTK,TATASTEEL,27-May-2021,710,PE,0,0,0,4.5,6.55,0,0,1700,0,19-APR-2021,
OPTSTK,TATASTEEL,27-May-2021,720,PE,8,8,8,8,7.8,1,12.37,3400,0,19-APR-2021,
OPTSTK,TATASTEEL,27-May-2021,730,PE,0,0,0,68.65,9.15,0,0,0,0,19-APR-2021,
OPTSTK,TATASTEEL,27-May-2021,740,PE,0,0,0,73.85,10.75,0,0,0,0,19-APR-2021,
OPTSTK,TATASTEEL,27-May-2021,750,PE,13.95,13.95,8.65,8.65,8.65,9,116.22,73100,1700,19-APR-2021,
OPTSTK,TATASTEEL,27-May-2021,760,PE,0,0,0,84.8,14.45,0,0,0,0,19-APR-2021,
OPTSTK,TATASTEEL,27-May-2021,770,PE,0,0,0,16.4,16.65,0,0,0,0,19-APR-2021,
OPTSTK,TATASTEEL,27-May-2021,780,PE,0,0,0,96.55,19.05,0,0,0,0,19-APR-2021,
OPTSTK,TATASTEEL,27-May-2021,790,PE,0,0,0,26,21.7,0,0,3400,0,19-APR-2021,
OPTSTK,TATASTEEL,27-May-2021,800,PE,23,23,17.2,18.55,18.55,71,988.46,166600,23800,19-APR-2021,
OPTSTK,TATASTEEL,27-May-2021,810,PE,0,0,0,115.5,27.6,0,0,0,0,19-APR-2021,
OPTSTK,TATASTEEL,27-May-2021,820,PE,0,0,0,20,30.95,0,0,1700,0,19-APR-2021,
OPTSTK,TATASTEEL,27-May-2021,830,PE,0,0,0,128.95,34.6,0,0,0,0,19-APR-2021,
OPTSTK,TATASTEEL,27-May-2021,840,PE,0,0,0,41.3,38.45,0,0,15300,0,19-APR-2021,
OPTSTK,TATASTEEL,27-May-2021,850,PE,0,0,0,143.05,42.6,0,0,0,0,19-APR-2021,
OPTSTK,TATASTEEL,27-May-2021,860,PE,0,0,0,150.35,47,0,0,0,0,19-APR-2021,
OPTSTK,TATASTEEL,27-May-2021,870,PE,0,0,0,157.8,51.65,0,0,0,0,19-APR-2021,
OPTSTK,TATASTEEL,27-May-2021,880,PE,45,50,43,46.1,46.1,14,220.56,35700,10200,19-APR-2021,
OPTSTK,TATASTEEL,27-May-2021,890,PE,0,0,0,173,61.7,0,0,0,0,19-APR-2021,
OPTSTK,TATASTEEL,27-May-2021,900,PE,59.9,59.9,53.3,56.15,67.15,5,81.22,51000,5100,19-APR-2021,
OPTSTK,TATASTEEL,27-May-2021,910,PE,0,0,0,188.7,72.8,0,0,0,0,19-APR-2021,
OPTSTK,TATASTEEL,27-May-2021,920,PE,0,0,0,47,78.7,0,0,3400,0,19-APR-2021,
OPTSTK,TATASTEEL,27-May-2021,930,PE,0,0,0,55,84.85,0,0,1700,0,19-APR-2021,
OPTSTK,TATASTEEL,27-May-2021,940,PE,0,0,0,213.05,91.25,0,0,0,0,19-APR-2021,
OPTSTK,TATASTEEL,27-May-2021,950,PE,0,0,0,60,97.85,0,0,1700,0,19-APR-2021,
OPTSTK,TATASTEEL,27-May-2021,960,PE,0,0,0,229.85,104.65,0,0,0,0,19-APR-2021,
OPTSTK,TATASTEEL,27-May-2021,970,PE,0,0,0,238.35,111.65,0,0,0,0,19-APR-2021,
OPTSTK,TATASTEEL,27-May-2021,980,PE,0,0,0,246.95,118.9,0,0,0,0,19-APR-2021,
OPTSTK,TATASTEEL,27-May-2021,990,PE,0,0,0,255.6,126.35,0,0,0,0,19-APR-2021,
OPTSTK,TATASTEEL,27-May-2021,1000,PE,0,0,0,264.35,133.95,0,0,0,0,19-APR-2021,
OPTSTK,TATASTEEL,27-May-2021,1010,PE,0,0,0,243.8,141.7,0,0,0,0,19-APR-2021,
OPTSTK,TATASTEEL,27-May-2021,1020,PE,0,0,0,252.45,149.6,0,0,0,0,19-APR-2021,
OPTSTK,TATASTEEL,27-May-2021,1030,PE,0,0,0,261.15,157.65,0,0,0,0,19-APR-2021,
OPTSTK,TATASTEEL,27-May-2021,1040,PE,0,0,0,269.9,165.85,0,0,0,0,19-APR-2021,
OPTSTK,TATASTEEL,27-May-2021,1050,PE,0,0,0,283.55,174.2,0,0,0,0,19-APR-2021,
OPTSTK,TATASTEEL,27-May-2021,1060,PE,0,0,0,292.9,182.7,0,0,0,0,19-APR-2021,
OPTSTK,TATASTEEL,27-May-2021,1070,PE,0,0,0,302.3,191.3,0,0,0,0,19-APR-2021,
OPTSTK,TATASTEEL,24-Jun-2021,480,CE,0,0,0,251.65,411.4,0,0,0,0,19-APR-2021,
OPTSTK,TATASTEEL,24-Jun-2021,490,CE,0,0,0,242.55,401.5,0,0,0,0,19-APR-2021,
OPTSTK,TATASTEEL,24-Jun-2021,500,CE,0,0,0,233.6,391.65,0,0,0,0,19-APR-2021,
OPTSTK,TATASTEEL,24-Jun-2021,510,CE,0,0,0,224.75,381.85,0,0,0,0,19-APR-2021,
OPTSTK,TATASTEEL,24-Jun-2021,520,CE,0,0,0,216.1,372,0,0,0,0,19-APR-2021,
OPTSTK,TATASTEEL,24-Jun-2021,530,CE,0,0,0,207.55,362.25,0,0,0,0,19-APR-2021,
OPTSTK,TATASTEEL,24-Jun-2021,540,CE,0,0,0,199.15,352.5,0,0,0,0,19-APR-2021,
OPTSTK,TATASTEEL,24-Jun-2021,550,CE,0,0,0,190.95,342.75,0,0,0,0,19-APR-2021,
OPTSTK,TATASTEEL,24-Jun-2021,560,CE,0,0,0,182.9,333.1,0,0,0,0,19-APR-2021,
OPTSTK,TATASTEEL,24-Jun-2021,570,CE,0,0,0,175.05,323.5,0,0,0,0,19-APR-2021,
OPTSTK,TATASTEEL,24-Jun-2021,580,CE,0,0,0,167.35,313.95,0,0,0,0,19-APR-2021,
OPTSTK,TATASTEEL,24-Jun-2021,590,CE,0,0,0,159.9,304.45,0,0,0,0,19-APR-2021,
OPTSTK,TATASTEEL,24-Jun-2021,600,CE,0,0,0,152.6,295,0,0,0,0,19-APR-2021,
OPTSTK,TATASTEEL,24-Jun-2021,610,CE,0,0,0,145.55,285.7,0,0,0,0,19-APR-2021,
OPTSTK,TATASTEEL,24-Jun-2021,620,CE,0,0,0,138.7,276.4,0,0,0,0,19-APR-2021,
OPTSTK,TATASTEEL,24-Jun-2021,630,CE,0,0,0,132,267.25,0,0,0,0,19-APR-2021,
OPTSTK,TATASTEEL,24-Jun-2021,640,CE,0,0,0,125.55,258.2,0,0,0,0,19-APR-2021,
OPTSTK,TATASTEEL,24-Jun-2021,650,CE,0,0,0,119.35,249.25,0,0,0,0,19-APR-2021,
OPTSTK,TATASTEEL,24-Jun-2021,660,CE,0,0,0,113.35,240.45,0,0,0,0,19-APR-2021,
OPTSTK,TATASTEEL,24-Jun-2021,670,CE,0,0,0,107.55,231.75,0,0,0,0,19-APR-2021,
OPTSTK,TATASTEEL,24-Jun-2021,680,CE,0,0,0,102,223.15,0,0,0,0,19-APR-2021,
OPTSTK,TATASTEEL,24-Jun-2021,690,CE,0,0,0,96.6,214.75,0,0,0,0,19-APR-2021,
OPTSTK,TATASTEEL,24-Jun-2021,700,CE,0,0,0,91.5,206.5,0,0,0,0,19-APR-2021,
OPTSTK,TATASTEEL,24-Jun-2021,710,CE,0,0,0,86.55,198.35,0,0,0,0,19-APR-2021,
OPTSTK,TATASTEEL,24-Jun-2021,720,CE,0,0,0,81.8,190.4,0,0,0,0,19-APR-2021,
OPTSTK,TATASTEEL,24-Jun-2021,730,CE,0,0,0,77.3,182.65,0,0,0,0,19-APR-2021,
OPTSTK,TATASTEEL,24-Jun-2021,740,CE,0,0,0,72.95,175.05,0,0,0,0,19-APR-2021,
OPTSTK,TATASTEEL,24-Jun-2021,750,CE,0,0,0,68.85,167.65,0,0,0,0,19-APR-2021,
OPTSTK,TATASTEEL,24-Jun-2021,760,CE,0,0,0,64.9,160.4,0,0,0,0,19-APR-2021,
OPTSTK,TATASTEEL,24-Jun-2021,770,CE,0,0,0,61.15,153.3,0,0,0,0,19-APR-2021,
OPTSTK,TATASTEEL,24-Jun-2021,780,CE,0,0,0,57.6,146.45,0,0,0,0,19-APR-2021,
OPTSTK,TATASTEEL,24-Jun-2021,790,CE,0,0,0,54.2,139.75,0,0,0,0,19-APR-2021,
OPTSTK,TATASTEEL,24-Jun-2021,800,CE,0,0,0,50.95,133.3,0,0,0,0,19-APR-2021,
OPTSTK,TATASTEEL,24-Jun-2021,810,CE,0,0,0,47.9,127,0,0,0,0,19-APR-2021,
OPTSTK,TATASTEEL,24-Jun-2021,820,CE,0,0,0,45,120.95,0,0,0,0,19-APR-2021,
OPTSTK,TATASTEEL,24-Jun-2021,830,CE,0,0,0,42.25,115.1,0,0,0,0,19-APR-2021,
OPTSTK,TATASTEEL,24-Jun-2021,840,CE,0,0,0,39.65,109.4,0,0,0,0,19-APR-2021,
OPTSTK,TATASTEEL,24-Jun-2021,850,CE,0,0,0,37.2,103.95,0,0,0,0,19-APR-2021,
OPTSTK,TATASTEEL,24-Jun-2021,860,CE,0,0,0,34.9,98.7,0,0,0,0,19-APR-2021,
OPTSTK,TATASTEEL,24-Jun-2021,870,CE,0,0,0,32.7,93.65,0,0,0,0,19-APR-2021,
OPTSTK,TATASTEEL,24-Jun-2021,880,CE,0,0,0,30.65,88.75,0,0,0,0,19-APR-2021,
OPTSTK,TATASTEEL,24-Jun-2021,890,CE,0,0,0,28.7,84.05,0,0,0,0,19-APR-2021,
OPTSTK,TATASTEEL,24-Jun-2021,900,CE,0,0,0,26.85,79.6,0,0,0,0,19-APR-2021,
OPTSTK,TATASTEEL,24-Jun-2021,910,CE,0,0,0,25.1,75.3,0,0,0,0,19-APR-2021,
OPTSTK,TATASTEEL,24-Jun-2021,920,CE,0,0,0,23.45,71.15,0,0,0,0,19-APR-2021,
OPTSTK,TATASTEEL,24-Jun-2021,930,CE,0,0,0,21.9,67.25,0,0,0,0,19-APR-2021,
OPTSTK,TATASTEEL,24-Jun-2021,940,CE,0,0,0,20.5,63.45,0,0,0,0,19-APR-2021,
OPTSTK,TATASTEEL,24-Jun-2021,950,CE,0,0,0,19.1,59.9,0,0,0,0,19-APR-2021,
OPTSTK,TATASTEEL,24-Jun-2021,960,CE,0,0,0,17.85,56.45,0,0,0,0,19-APR-2021,
OPTSTK,TATASTEEL,24-Jun-2021,970,CE,0,0,0,16.65,53.2,0,0,0,0,19-APR-2021,
OPTSTK,TATASTEEL,24-Jun-2021,980,CE,0,0,0,15.55,50.1,0,0,0,0,19-APR-2021,
OPTSTK,TATASTEEL,24-Jun-2021,990,CE,0,0,0,14.5,47.15,0,0,0,0,19-APR-2021,
OPTSTK,TATASTEEL,24-Jun-2021,1000,CE,0,0,0,13.5,44.35,0,0,0,0,19-APR-2021,
OPTSTK,TATASTEEL,24-Jun-2021,1010,CE,0,0,0,12.6,41.7,0,0,0,0,19-APR-2021,
OPTSTK,TATASTEEL,24-Jun-2021,1020,CE,0,0,0,11.75,39.2,0,0,0,0,19-APR-2021,
OPTSTK,TATASTEEL,24-Jun-2021,1030,CE,0,0,0,16.3,36.8,0,0,0,0,19-APR-2021,
OPTSTK,TATASTEEL,24-Jun-2021,1040,CE,0,0,0,15.2,34.55,0,0,0,0,19-APR-2021,
OPTSTK,TATASTEEL,24-Jun-2021,1050,CE,0,0,0,14.2,32.45,0,0,0,0,19-APR-2021,
OPTSTK,TATASTEEL,24-Jun-2021,1060,CE,0,0,0,13.25,30.4,0,0,0,0,19-APR-2021,
OPTSTK,TATASTEEL,24-Jun-2021,1070,CE,0,0,0,12.4,28.5,0,0,0,0,19-APR-2021,
OPTSTK,TATASTEEL,24-Jun-2021,480,PE,0,0,0,4.05,0.2,0,0,0,0,19-APR-2021,
OPTSTK,TATASTEEL,24-Jun-2021,490,PE,0,0,0,4.85,0.25,0,0,0,0,19-APR-2021,
OPTSTK,TATASTEEL,24-Jun-2021,500,PE,0,0,0,5.8,0.35,0,0,0,0,19-APR-2021,
OPTSTK,TATASTEEL,24-Jun-2021,510,PE,0,0,0,6.9,0.45,0,0,0,0,19-APR-2021,
OPTSTK,TATASTEEL,24-Jun-2021,520,PE,0,0,0,8.1,0.55,0,0,0,0,19-APR-2021,
OPTSTK,TATASTEEL,24-Jun-2021,530,PE,0,0,0,9.45,0.7,0,0,0,0,19-APR-2021,
OPTSTK,TATASTEEL,24-Jun-2021,540,PE,0,0,0,11,0.9,0,0,0,0,19-APR-2021,
OPTSTK,TATASTEEL,24-Jun-2021,550,PE,0,0,0,12.65,1.1,0,0,0,0,19-APR-2021,
OPTSTK,TATASTEEL,24-Jun-2021,560,PE,0,0,0,14.55,1.35,0,0,0,0,19-APR-2021,
OPTSTK,TATASTEEL,24-Jun-2021,570,PE,0,0,0,16.6,1.7,0,0,0,0,19-APR-2021,
OPTSTK,TATASTEEL,24-Jun-2021,580,PE,0,0,0,18.8,2.05,0,0,0,0,19-APR-2021,
OPTSTK,TATASTEEL,24-Jun-2021,590,PE,0,0,0,21.25,2.5,0,0,0,0,19-APR-2021,
OPTSTK,TATASTEEL,24-Jun-2021,600,PE,0,0,0,23.9,3,0,0,0,0,19-APR-2021,
OPTSTK,TATASTEEL,24-Jun-2021,610,PE,0,0,0,26.7,3.6,0,0,0,0,19-APR-2021,
OPTSTK,TATASTEEL,24-Jun-2021,620,PE,0,0,0,29.75,4.3,0,0,0,0,19-APR-2021,
OPTSTK,TATASTEEL,24-Jun-2021,630,PE,0,0,0,33,5.05,0,0,0,0,19-APR-2021,
OPTSTK,TATASTEEL,24-Jun-2021,640,PE,0,0,0,36.45,5.95,0,0,0,0,19-APR-2021,
OPTSTK,TATASTEEL,24-Jun-2021,650,PE,0,0,0,40.15,6.9,0,0,0,0,19-APR-2021,
OPTSTK,TATASTEEL,24-Jun-2021,660,PE,0,0,0,44.05,8,0,0,0,0,19-APR-2021,
OPTSTK,TATASTEEL,24-Jun-2021,670,PE,0,0,0,48.15,9.25,0,0,0,0,19-APR-2021,
OPTSTK,TATASTEEL,24-Jun-2021,680,PE,0,0,0,52.5,10.65,0,0,0,0,19-APR-2021,
OPTSTK,TATASTEEL,24-Jun-2021,690,PE,0,0,0,57.05,12.15,0,0,0,0,19-APR-2021,
OPTSTK,TATASTEEL,24-Jun-2021,700,PE,0,0,0,61.8,13.8,0,0,0,0,19-APR-2021,
OPTSTK,TATASTEEL,24-Jun-2021,710,PE,0,0,0,66.8,15.6,0,0,0,0,19-APR-2021,
OPTSTK,TATASTEEL,24-Jun-2021,720,PE,0,0,0,71.95,17.6,0,0,0,0,19-APR-2021,
OPTSTK,TATASTEEL,24-Jun-2021,730,PE,0,0,0,77.35,19.75,0,0,0,0,19-APR-2021,
OPTSTK,TATASTEEL,24-Jun-2021,740,PE,0,0,0,82.95,22.1,0,0,0,0,19-APR-2021,
OPTSTK,TATASTEEL,24-Jun-2021,750,PE,0,0,0,88.7,24.6,0,0,0,0,19-APR-2021,
OPTSTK,TATASTEEL,24-Jun-2021,760,PE,0,0,0,94.7,27.3,0,0,0,0,19-APR-2021,
OPTSTK,TATASTEEL,24-Jun-2021,770,PE,0,0,0,100.85,30.15,0,0,0,0,19-APR-2021,
OPTSTK,TATASTEEL,24-Jun-2021,780,PE,0,0,0,107.15,33.25,0,0,0,0,19-APR-2021,
OPTSTK,TATASTEEL,24-Jun-2021,790,PE,0,0,0,113.7,36.45,0,0,0,0,19-APR-2021,
OPTSTK,TATASTEEL,24-Jun-2021,800,PE,0,0,0,120.35,39.95,0,0,0,0,19-APR-2021,
OPTSTK,TATASTEEL,24-Jun-2021,810,PE,0,0,0,127.2,43.6,0,0,0,0,19-APR-2021,
OPTSTK,TATASTEEL,24-Jun-2021,820,PE,0,0,0,134.2,47.45,0,0,0,0,19-APR-2021,
OPTSTK,TATASTEEL,24-Jun-2021,830,PE,0,0,0,141.35,51.5,0,0,0,0,19-APR-2021,
OPTSTK,TATASTEEL,24-Jun-2021,840,PE,0,0,0,148.65,55.8,0,0,0,0,19-APR-2021,
OPTSTK,TATASTEEL,24-Jun-2021,850,PE,0,0,0,156.15,60.25,0,0,0,0,19-APR-2021,
OPTSTK,TATASTEEL,24-Jun-2021,860,PE,0,0,0,163.75,64.95,0,0,0,0,19-APR-2021,
OPTSTK,TATASTEEL,24-Jun-2021,870,PE,0,0,0,171.45,69.8,0,0,0,0,19-APR-2021,
OPTSTK,TATASTEEL,24-Jun-2021,880,PE,0,0,0,179.3,74.85,0,0,0,0,19-APR-2021,
OPTSTK,TATASTEEL,24-Jun-2021,890,PE,0,0,0,187.25,80.1,0,0,0,0,19-APR-2021,
OPTSTK,TATASTEEL,24-Jun-2021,900,PE,0,0,0,195.3,85.55,0,0,0,0,19-APR-2021,
OPTSTK,TATASTEEL,24-Jun-2021,910,PE,0,0,0,203.45,91.2,0,0,0,0,19-APR-2021,
OPTSTK,TATASTEEL,24-Jun-2021,920,PE,0,0,0,211.75,97,0,0,0,0,19-APR-2021,
OPTSTK,TATASTEEL,24-Jun-2021,930,PE,0,0,0,220.1,103,0,0,0,0,19-APR-2021,
OPTSTK,TATASTEEL,24-Jun-2021,940,PE,0,0,0,228.6,109.15,0,0,0,0,19-APR-2021,
OPTSTK,TATASTEEL,24-Jun-2021,950,PE,0,0,0,237.15,115.5,0,0,0,0,19-APR-2021,
OPTSTK,TATASTEEL,24-Jun-2021,960,PE,0,0,0,245.75,122,0,0,0,0,19-APR-2021,
OPTSTK,TATASTEEL,24-Jun-2021,970,PE,0,0,0,254.5,128.7,0,0,0,0,19-APR-2021,
OPTSTK,TATASTEEL,24-Jun-2021,980,PE,0,0,0,263.25,135.5,0,0,0,0,19-APR-2021,
OPTSTK,TATASTEEL,24-Jun-2021,990,PE,0,0,0,272.15,142.5,0,0,0,0,19-APR-2021,
OPTSTK,TATASTEEL,24-Jun-2021,1000,PE,0,0,0,281.05,149.65,0,0,0,0,19-APR-2021,
OPTSTK,TATASTEEL,24-Jun-2021,1010,PE,0,0,0,290.05,156.9,0,0,0,0,19-APR-2021,
OPTSTK,TATASTEEL,24-Jun-2021,1020,PE,0,0,0,299.1,164.35,0,0,0,0,19-APR-2021,
OPTSTK,TATASTEEL,24-Jun-2021,1030,PE,0,0,0,270.25,171.9,0,0,0,0,19-APR-2021,
OPTSTK,TATASTEEL,24-Jun-2021,1040,PE,0,0,0,279.1,179.6,0,0,0,0,19-APR-2021,
OPTSTK,TATASTEEL,24-Jun-2021,1050,PE,0,0,0,288,187.4,0,0,0,0,19-APR-2021,
OPTSTK,TATASTEEL,24-Jun-2021,1060,PE,0,0,0,297,195.3,0,0,0,0,19-APR-2021,
OPTSTK,TATASTEEL,24-Jun-2021,1070,PE,0,0,0,306,203.35,0,0,0,0,19-APR-2021,
OPTSTK,TCS,29-Apr-2021,2400,CE,0,0,0,700,764.25,0,0,300,0,19-APR-2021,
OPTSTK,TCS,29-Apr-2021,2420,CE,0,0,0,811.85,744.3,0,0,0,0,19-APR-2021,
OPTSTK,TCS,29-Apr-2021,2440,CE,0,0,0,793.5,724.3,0,0,0,0,19-APR-2021,
OPTSTK,TCS,29-Apr-2021,2450,CE,0,0,0,625.8,714.3,0,0,0,0,19-APR-2021,
OPTSTK,TCS,29-Apr-2021,2460,CE,0,0,0,775.25,704.3,0,0,0,0,19-APR-2021,
OPTSTK,TCS,29-Apr-2021,2480,CE,0,0,0,757.15,684.35,0,0,0,0,19-APR-2021,
OPTSTK,TCS,29-Apr-2021,2500,CE,0,0,0,620,664.35,0,0,900,0,19-APR-2021,
OPTSTK,TCS,29-Apr-2021,2520,CE,0,0,0,721.4,644.4,0,0,0,0,19-APR-2021,
OPTSTK,TCS,29-Apr-2021,2540,CE,0,0,0,703.75,624.4,0,0,0,0,19-APR-2021,
OPTSTK,TCS,29-Apr-2021,2550,CE,0,0,0,529.65,614.4,0,0,0,0,19-APR-2021,
OPTSTK,TCS,29-Apr-2021,2560,CE,0,0,0,686.3,604.4,0,0,0,0,19-APR-2021,
OPTSTK,TCS,29-Apr-2021,2580,CE,0,0,0,668.95,584.45,0,0,0,0,19-APR-2021,
OPTSTK,TCS,29-Apr-2021,2600,CE,0,0,0,651.8,564.45,0,0,0,0,19-APR-2021,
OPTSTK,TCS,29-Apr-2021,2620,CE,0,0,0,634.85,544.5,0,0,0,0,19-APR-2021,
OPTSTK,TCS,29-Apr-2021,2640,CE,0,0,0,618.1,524.55,0,0,0,0,19-APR-2021,
OPTSTK,TCS,29-Apr-2021,2650,CE,0,0,0,437.15,514.55,0,0,0,0,19-APR-2021,
OPTSTK,TCS,29-Apr-2021,2660,CE,0,0,0,601.55,504.6,0,0,0,0,19-APR-2021,
OPTSTK,TCS,29-Apr-2021,2680,CE,0,0,0,585.2,484.65,0,0,0,0,19-APR-2021,
OPTSTK,TCS,29-Apr-2021,2700,CE,0,0,0,569.05,464.75,0,0,0,0,19-APR-2021,
OPTSTK,TCS,29-Apr-2021,2720,CE,0,0,0,553.1,444.85,0,0,0,0,19-APR-2021,
OPTSTK,TCS,29-Apr-2021,2740,CE,0,0,0,360,425,0,0,600,0,19-APR-2021,
OPTSTK,TCS,29-Apr-2021,2750,CE,0,0,0,350.55,415.1,0,0,0,0,19-APR-2021,
OPTSTK,TCS,29-Apr-2021,2760,CE,0,0,0,521.9,405.25,0,0,0,0,19-APR-2021,
OPTSTK,TCS,29-Apr-2021,2780,CE,0,0,0,506.65,385.5,0,0,0,0,19-APR-2021,
OPTSTK,TCS,29-Apr-2021,2800,CE,0,0,0,445,365.9,0,0,600,0,19-APR-2021,
OPTSTK,TCS,29-Apr-2021,2820,CE,0,0,0,476.95,346.4,0,0,0,0,19-APR-2021,
OPTSTK,TCS,29-Apr-2021,2840,CE,0,0,0,462.4,327.05,0,0,0,0,19-APR-2021,
OPTSTK,TCS,29-Apr-2021,2850,CE,0,0,0,272.25,317.45,0,0,0,0,19-APR-2021,
OPTSTK,TCS,29-Apr-2021,2860,CE,0,0,0,448.15,307.9,0,0,0,0,19-APR-2021,
OPTSTK,TCS,29-Apr-2021,2880,CE,0,0,0,434.1,289,0,0,0,0,19-APR-2021,
OPTSTK,TCS,29-Apr-2021,2900,CE,293.8,293.8,293.8,293.8,270.35,1,9.58,5400,0,19-APR-2021,
OPTSTK,TCS,29-Apr-2021,2920,CE,0,0,0,406.7,252,0,0,0,0,19-APR-2021,
OPTSTK,TCS,29-Apr-2021,2940,CE,0,0,0,393.5,234.05,0,0,0,0,19-APR-2021,
OPTSTK,TCS,29-Apr-2021,2950,CE,0,0,0,182.65,225.25,0,0,300,0,19-APR-2021,
OPTSTK,TCS,29-Apr-2021,2960,CE,0,0,0,380.55,216.55,0,0,0,0,19-APR-2021,
OPTSTK,TCS,29-Apr-2021,2980,CE,0,0,0,145,199.55,0,0,300,0,19-APR-2021,
OPTSTK,TCS,29-Apr-2021,3000,CE,178.65,203,178.65,181.2,181.2,14,134.02,38100,-300,19-APR-2021,
OPTSTK,TCS,29-Apr-2021,3020,CE,0,0,0,184.55,167.25,0,0,900,0,19-APR-2021,
OPTSTK,TCS,29-Apr-2021,3040,CE,166,166,159,159,152.2,2,19.21,6600,-600,19-APR-2021,
OPTSTK,TCS,29-Apr-2021,3050,CE,141.65,141.65,141.65,141.65,144.7,1,9.57,10800,-300,19-APR-2021,
OPTSTK,TCS,29-Apr-2021,3060,CE,129.95,142.95,120.9,142.95,137.55,11,105.33,11400,300,19-APR-2021,
OPTSTK,TCS,29-Apr-2021,3080,CE,113.1,136.65,111.7,111.7,111.7,6,57.68,37500,-900,19-APR-2021,
OPTSTK,TCS,29-Apr-2021,3100,CE,101.8,117.25,83.95,97.85,97.85,390,3745.18,184200,-22800,19-APR-2021,
OPTSTK,TCS,29-Apr-2021,3120,CE,87.65,99.5,76.25,83.95,83.95,73,702.93,30300,1500,19-APR-2021,
OPTSTK,TCS,29-Apr-2021,3140,CE,75.4,89,62.1,72.4,72.4,111,1069.78,64500,-900,19-APR-2021,
OPTSTK,TCS,29-Apr-2021,3150,CE,75.95,82.9,57.55,66.7,66.7,556,5369.88,80400,300,19-APR-2021,
OPTSTK,TCS,29-Apr-2021,3160,CE,64.35,76.7,52,60.9,60.9,787,7611.93,51900,-3000,19-APR-2021,
OPTSTK,TCS,29-Apr-2021,3180,CE,58.6,65.5,43.8,51.3,51.3,1504,14595.29,79200,12600,19-APR-2021,
OPTSTK,TCS,29-Apr-2021,3200,CE,40.35,55.4,36.75,42.8,42.8,5622,54768.49,537300,60600,19-APR-2021,
OPTSTK,TCS,29-Apr-2021,3220,CE,32.8,47,31,35.7,35.7,891,8709.82,81900,-5100,19-APR-2021,
OPTSTK,TCS,29-Apr-2021,3240,CE,23.1,39.65,23.1,29.95,29.95,973,9552.3,102900,-12000,19-APR-2021,
OPTSTK,TCS,29-Apr-2021,3250,CE,30.05,36.55,23.95,27.1,27.1,2423,23836.35,199800,-31500,19-APR-2021,
OPTSTK,TCS,29-Apr-2021,3260,CE,20.7,33.55,20.7,24.6,24.6,861,8489.1,120300,-5400,19-APR-2021,
OPTSTK,TCS,29-Apr-2021,3280,CE,17.25,28.05,17.25,20.6,20.6,978,9688.87,124500,-7800,19-APR-2021,
OPTSTK,TCS,29-Apr-2021,3300,CE,19.8,23.85,15.35,17.4,17.4,4433,44138.53,1084200,-46500,19-APR-2021,
OPTSTK,TCS,29-Apr-2021,3320,CE,10.45,20.05,10.4,14.45,14.45,1074,10748.74,200400,3600,19-APR-2021,
OPTSTK,TCS,29-Apr-2021,3340,CE,12.2,16.75,3.7,12.3,12.3,986,9919.24,268200,-29700,19-APR-2021,
OPTSTK,TCS,29-Apr-2021,3350,CE,12.65,15.3,9.9,11.3,11.3,2076,20939.67,399300,-28500,19-APR-2021,
OPTSTK,TCS,29-Apr-2021,3360,CE,6.35,14.05,6.35,10.25,10.25,897,9071.61,225300,-5100,19-APR-2021,
OPTSTK,TCS,29-Apr-2021,3380,CE,7.55,12,7.55,8.85,8.85,541,5501.44,72000,-19200,19-APR-2021,
OPTSTK,TCS,29-Apr-2021,3400,CE,9.5,10.7,5.65,7.95,7.95,3229,33018.1,1086900,-72600,19-APR-2021,
OPTSTK,TCS,29-Apr-2021,3420,CE,5.85,9,5.05,6.8,6.8,757,7783.48,100200,-3900,19-APR-2021,
OPTSTK,TCS,29-Apr-2021,3440,CE,5,7.8,4.05,6.05,6.05,575,5945.31,71700,-14100,19-APR-2021,
OPTSTK,TCS,29-Apr-2021,3450,CE,3.8,8.95,3.8,5.8,5.8,969,10046.98,76800,-10200,19-APR-2021,
OPTSTK,TCS,29-Apr-2021,3460,CE,6,6.5,5.15,5.65,5.65,97,1008.51,33600,2700,19-APR-2021,
OPTSTK,TCS,29-Apr-2021,3480,CE,3.35,6.15,3.35,4.8,4.8,46,480.97,23700,-1800,19-APR-2021,
OPTSTK,TCS,29-Apr-2021,3500,CE,5.9,5.9,3.25,4.3,4.3,2289,24064.85,668400,-71700,19-APR-2021,
OPTSTK,TCS,29-Apr-2021,3520,CE,2.8,4.7,2.8,3.7,3.7,73,771.72,19200,-9900,19-APR-2021,
OPTSTK,TCS,29-Apr-2021,3540,CE,3,3.9,2.55,3.45,2.3,29,308.26,22800,-4500,19-APR-2021,
OPTSTK,TCS,29-Apr-2021,3550,CE,2.45,4.8,2.3,3.1,3.1,49,522.31,51900,-3300,19-APR-2021,
OPTSTK,TCS,29-Apr-2021,3560,CE,2.25,3.6,2.25,2.55,2.55,7,74.81,12600,-900,19-APR-2021,
OPTSTK,TCS,29-Apr-2021,3580,CE,2.1,3.2,2,2.4,1.4,15,161.21,23100,-3300,19-APR-2021,
OPTSTK,TCS,29-Apr-2021,3600,CE,3.8,3.8,1.75,2.5,2.5,526,5684.75,268500,-43500,19-APR-2021,
OPTSTK,TCS,29-Apr-2021,3620,CE,2.2,3,2.15,2.45,2.45,23,249.94,19800,0,19-APR-2021,
OPTSTK,TCS,29-Apr-2021,3640,CE,0.2,2,0.2,1.7,1.7,7,76.47,9300,-900,19-APR-2021,
OPTSTK,TCS,29-Apr-2021,3650,CE,1.6,2.1,1.6,2,2,7,76.69,26400,1200,19-APR-2021,
OPTSTK,TCS,29-Apr-2021,3660,CE,2,2,1.7,1.7,0.5,7,76.9,15900,-900,19-APR-2021,
OPTSTK,TCS,29-Apr-2021,3680,CE,0,0,0,87.35,0.35,0,0,0,0,19-APR-2021,
OPTSTK,TCS,29-Apr-2021,3700,CE,2.6,2.6,1.3,1.55,1.55,271,3009.4,180000,-32400,19-APR-2021,
OPTSTK,TCS,29-Apr-2021,3750,CE,0,0,0,5.35,0.15,0,0,0,0,19-APR-2021,
OPTSTK,TCS,29-Apr-2021,3800,CE,0.85,1.45,0.85,1.3,1.3,106,1208.83,153300,-10800,19-APR-2021,
OPTSTK,TCS,29-Apr-2021,3850,CE,1.5,1.5,0.65,1.25,1.25,17,196.41,40800,-1800,19-APR-2021,
OPTSTK,TCS,29-Apr-2021,3900,CE,0.9,0.9,0.25,0.25,0.25,32,374.47,29400,300,19-APR-2021,
OPTSTK,TCS,29-Apr-2021,3950,CE,0,0,0,1.55,0,0,0,0,0,19-APR-2021,
OPTSTK,TCS,29-Apr-2021,2400,PE,0,0,0,0.05,0,0,0,900,0,19-APR-2021,
OPTSTK,TCS,29-Apr-2021,2420,PE,0,0,0,12.9,0,0,0,0,0,19-APR-2021,
OPTSTK,TCS,29-Apr-2021,2440,PE,0,0,0,14.35,0,0,0,0,0,19-APR-2021,
OPTSTK,TCS,29-Apr-2021,2450,PE,0,0,0,2.15,0,0,0,0,0,19-APR-2021,
OPTSTK,TCS,29-Apr-2021,2460,PE,0,0,0,15.95,0,0,0,0,0,19-APR-2021,
OPTSTK,TCS,29-Apr-2021,2480,PE,0,0,0,17.65,0,0,0,0,0,19-APR-2021,
OPTSTK,TCS,29-Apr-2021,2500,PE,0.75,0.95,0.75,0.95,0,3,22.5,15600,-600,19-APR-2021,
OPTSTK,TCS,29-Apr-2021,2520,PE,0,0,0,21.55,0,0,0,0,0,19-APR-2021,
OPTSTK,TCS,29-Apr-2021,2540,PE,0,0,0,23.7,0,0,0,0,0,19-APR-2021,
OPTSTK,TCS,29-Apr-2021,2550,PE,0,0,0,5.65,0.05,0,0,0,0,19-APR-2021,
OPTSTK,TCS,29-Apr-2021,2560,PE,0,0,0,26.05,0.05,0,0,0,0,19-APR-2021,
OPTSTK,TCS,29-Apr-2021,2580,PE,0,0,0,28.55,0.05,0,0,0,0,19-APR-2021,
OPTSTK,TCS,29-Apr-2021,2600,PE,1,1.1,0.8,1.1,0.05,3,23.4,20700,-600,19-APR-2021,
OPTSTK,TCS,29-Apr-2021,2620,PE,0,0,0,34.05,0.05,0,0,0,0,19-APR-2021,
OPTSTK,TCS,29-Apr-2021,2640,PE,0,0,0,37.1,0.05,0,0,0,0,19-APR-2021,
OPTSTK,TCS,29-Apr-2021,2650,PE,0,0,0,12.8,0.1,0,0,0,0,19-APR-2021,
OPTSTK,TCS,29-Apr-2021,2660,PE,0,0,0,40.35,0.1,0,0,0,0,19-APR-2021,
OPTSTK,TCS,29-Apr-2021,2680,PE,0,0,0,17,0.15,0,0,300,0,19-APR-2021,
OPTSTK,TCS,29-Apr-2021,2700,PE,3.9,3.9,1.6,1.8,1.8,53,429.62,674700,-4200,19-APR-2021,
OPTSTK,TCS,29-Apr-2021,2720,PE,3,3,3,3,0.3,1,8.16,2100,-300,19-APR-2021,
OPTSTK,TCS,29-Apr-2021,2740,PE,0,0,0,3,0.45,0,0,4200,0,19-APR-2021,
OPTSTK,TCS,29-Apr-2021,2750,PE,0,0,0,25.8,0.55,0,0,0,0,19-APR-2021,
OPTSTK,TCS,29-Apr-2021,2760,PE,0,0,0,2.45,0.65,0,0,3600,0,19-APR-2021,
OPTSTK,TCS,29-Apr-2021,2780,PE,0,0,0,64.35,0.9,0,0,0,0,19-APR-2021,
OPTSTK,TCS,29-Apr-2021,2800,PE,2.1,3.45,2.1,2.35,2.35,149,1252.83,159600,-3900,19-APR-2021,
OPTSTK,TCS,29-Apr-2021,2820,PE,0,0,0,5.7,1.75,0,0,600,0,19-APR-2021,
OPTSTK,TCS,29-Apr-2021,2840,PE,3.55,3.55,3.55,3.55,3.55,2,17.06,6000,0,19-APR-2021,
OPTSTK,TCS,29-Apr-2021,2850,PE,3.35,3.35,3.3,3.35,2.8,8,68.48,22200,-600,19-APR-2021,
OPTSTK,TCS,29-Apr-2021,2860,PE,0.6,5.9,0.6,2.3,3.2,13,111.69,9000,-600,19-APR-2021,
OPTSTK,TCS,29-Apr-2021,2880,PE,0,0,0,90.9,4.25,0,0,0,0,19-APR-2021,
OPTSTK,TCS,29-Apr-2021,2900,PE,5.6,6.4,3,4.3,4.3,583,5080.39,260100,-30600,19-APR-2021,
OPTSTK,TCS,29-Apr-2021,2920,PE,2.15,5.05,2.15,4,7.25,55,482.41,22500,0,19-APR-2021,
OPTSTK,TCS,29-Apr-2021,2940,PE,15.3,15.3,5,5.6,5.6,15,132.58,39000,-600,19-APR-2021,
OPTSTK,TCS,29-Apr-2021,2950,PE,3.35,9.55,3.35,6.25,6.25,855,7584.32,35100,-600,19-APR-2021,
OPTSTK,TCS,29-Apr-2021,2960,PE,10,10.35,5.25,6.95,6.95,426,3792.21,37500,-300,19-APR-2021,
OPTSTK,TCS,29-Apr-2021,2980,PE,7.8,12.4,6.45,8.15,8.15,148,1327.04,21000,-900,19-APR-2021,
OPTSTK,TCS,29-Apr-2021,3000,PE,12.5,15,7.8,10.1,10.1,2526,22815.03,528000,-34500,19-APR-2021,
OPTSTK,TCS,29-Apr-2021,3020,PE,28.9,28.9,8.95,11.8,11.8,631,5740.82,44400,4200,19-APR-2021,
OPTSTK,TCS,29-Apr-2021,3040,PE,16.8,21.95,11.45,14.75,14.75,439,4024,64200,-14700,19-APR-2021,
OPTSTK,TCS,29-Apr-2021,3050,PE,20,24,12.7,16.45,16.45,758,6974.81,67200,-25500,19-APR-2021,
OPTSTK,TCS,29-Apr-2021,3060,PE,20,26.45,14.15,18.15,18.15,452,4175.09,54300,-3000,19-APR-2021,
OPTSTK,TCS,29-Apr-2021,3080,PE,21.95,32.25,17.6,22.15,22.15,425,3956.45,44700,-2700,19-APR-2021,
OPTSTK,TCS,29-Apr-2021,3100,PE,36,39,21.4,27.85,27.85,2508,23537.83,252600,-25500,19-APR-2021,
OPTSTK,TCS,29-Apr-2021,3120,PE,42.45,46.85,26.65,34.3,34.3,482,4561.95,62400,-6600,19-APR-2021,
OPTSTK,TCS,29-Apr-2021,3140,PE,49.95,56.1,32.5,41.95,41.95,471,4497.49,72900,-5400,19-APR-2021,
OPTSTK,TCS,29-Apr-2021,3150,PE,50.9,61.2,35.05,45.85,45.85,1315,12611.03,97200,-24300,19-APR-2021,
OPTSTK,TCS,29-Apr-2021,3160,PE,51.8,66.25,39.7,50.4,50.4,953,9179.97,48600,-18300,19-APR-2021,
OPTSTK,TCS,29-Apr-2021,3180,PE,58.5,78,48.4,59.9,59.9,600,5831.81,50400,-22200,19-APR-2021,
OPTSTK,TCS,29-Apr-2021,3200,PE,81.1,91.6,57.8,72.1,72.1,1039,10197.97,200100,-34200,19-APR-2021,
OPTSTK,TCS,29-Apr-2021,3220,PE,97.9,101.65,68.15,81.95,81.95,67,663.61,46200,-3300,19-APR-2021,
OPTSTK,TCS,29-Apr-2021,3240,PE,90.05,119.75,87.05,96.95,96.95,20,200.36,24600,-1200,19-APR-2021,
OPTSTK,TCS,29-Apr-2021,3250,PE,108.95,128,88.45,105.2,105.2,176,1772.44,36300,-20400,19-APR-2021,
OPTSTK,TCS,29-Apr-2021,3260,PE,113.8,117.5,110,114.3,114.3,7,70.85,40800,-600,19-APR-2021,
OPTSTK,TCS,29-Apr-2021,3280,PE,138.05,138.05,116.9,129.15,146.95,4,40.92,53400,-900,19-APR-2021,
OPTSTK,TCS,29-Apr-2021,3300,PE,138,162.55,124.7,142.25,162,33,341,101700,-1200,19-APR-2021,
OPTSTK,TCS,29-Apr-2021,3320,PE,0,0,0,131.85,177.7,0,0,39600,0,19-APR-2021,
OPTSTK,TCS,29-Apr-2021,3340,PE,163.3,163.3,163.3,163.3,193.9,1,10.5,23400,0,19-APR-2021,
OPTSTK,TCS,29-Apr-2021,3350,PE,200.85,200.85,200.85,200.85,202.25,1,10.65,18300,-300,19-APR-2021,
OPTSTK,TCS,29-Apr-2021,3360,PE,0,0,0,152.1,210.65,0,0,1800,0,19-APR-2021,
OPTSTK,TCS,29-Apr-2021,3380,PE,0,0,0,323.35,227.9,0,0,0,0,19-APR-2021,
OPTSTK,TCS,29-Apr-2021,3400,PE,241.8,253,213.75,220,245.5,14,152.35,31500,-3300,19-APR-2021,
OPTSTK,TCS,29-Apr-2021,3420,PE,0,0,0,348.95,263.5,0,0,0,0,19-APR-2021,
OPTSTK,TCS,29-Apr-2021,3440,PE,0,0,0,362.15,281.85,0,0,0,0,19-APR-2021,
OPTSTK,TCS,29-Apr-2021,3450,PE,0,0,0,400.3,291.1,0,0,0,0,19-APR-2021,
OPTSTK,TCS,29-Apr-2021,3460,PE,0,0,0,375.5,300.45,0,0,0,0,19-APR-2021,
OPTSTK,TCS,29-Apr-2021,3480,PE,0,0,0,389.15,319.3,0,0,0,0,19-APR-2021,
OPTSTK,TCS,29-Apr-2021,3500,PE,335.25,335.25,335.25,335.25,338.35,1,11.5,4200,0,19-APR-2021,
OPTSTK,TCS,29-Apr-2021,3520,PE,0,0,0,417,357.55,0,0,0,0,19-APR-2021,
OPTSTK,TCS,29-Apr-2021,3540,PE,0,0,0,431.3,376.9,0,0,0,0,19-APR-2021,
OPTSTK,TCS,29-Apr-2021,3550,PE,0,0,0,488.95,386.65,0,0,0,0,19-APR-2021,
OPTSTK,TCS,29-Apr-2021,3560,PE,0,0,0,445.75,396.4,0,0,0,0,19-APR-2021,
OPTSTK,TCS,29-Apr-2021,3580,PE,0,0,0,460.4,416,0,0,0,0,19-APR-2021,
OPTSTK,TCS,29-Apr-2021,3600,PE,0,0,0,330.45,435.65,0,0,300,0,19-APR-2021,
OPTSTK,TCS,29-Apr-2021,3620,PE,0,0,0,490.45,455.4,0,0,0,0,19-APR-2021,
OPTSTK,TCS,29-Apr-2021,3640,PE,0,0,0,505.7,475.15,0,0,0,0,19-APR-2021,
OPTSTK,TCS,29-Apr-2021,3650,PE,0,0,0,581.6,485.1,0,0,0,0,19-APR-2021,
OPTSTK,TCS,29-Apr-2021,3660,PE,0,0,0,521.1,495,0,0,0,0,19-APR-2021,
OPTSTK,TCS,29-Apr-2021,3680,PE,0,0,0,536.7,514.85,0,0,0,0,19-APR-2021,
OPTSTK,TCS,29-Apr-2021,3700,PE,0,0,0,552.5,534.75,0,0,0,0,19-APR-2021,
OPTSTK,TCS,29-Apr-2021,3750,PE,0,0,0,677.05,584.55,0,0,0,0,19-APR-2021,
OPTSTK,TCS,29-Apr-2021,3800,PE,0,0,0,633.45,634.45,0,0,0,0,19-APR-2021,
OPTSTK,TCS,29-Apr-2021,3850,PE,0,0,0,774.25,684.35,0,0,0,0,19-APR-2021,
OPTSTK,TCS,29-Apr-2021,3900,PE,0,0,0,718,734.3,0,0,0,0,19-APR-2021,
OPTSTK,TCS,29-Apr-2021,3950,PE,0,0,0,872.5,784.25,0,0,0,0,19-APR-2021,
OPTSTK,TCS,27-May-2021,2400,CE,0,0,0,640.4,772.05,0,0,0,0,19-APR-2021,
OPTSTK,TCS,27-May-2021,2420,CE,0,0,0,623,752.3,0,0,0,0,19-APR-2021,
OPTSTK,TCS,27-May-2021,2440,CE,0,0,0,605.8,732.65,0,0,0,0,19-APR-2021,
OPTSTK,TCS,27-May-2021,2450,CE,0,0,0,641.05,722.8,0,0,0,0,19-APR-2021,
OPTSTK,TCS,27-May-2021,2460,CE,0,0,0,588.8,713,0,0,0,0,19-APR-2021,
OPTSTK,TCS,27-May-2021,2480,CE,0,0,0,571.95,693.45,0,0,0,0,19-APR-2021,
OPTSTK,TCS,27-May-2021,2500,CE,0,0,0,555.35,673.9,0,0,0,0,19-APR-2021,
OPTSTK,TCS,27-May-2021,2520,CE,0,0,0,538.95,654.5,0,0,0,0,19-APR-2021,
OPTSTK,TCS,27-May-2021,2540,CE,0,0,0,522.8,635.1,0,0,0,0,19-APR-2021,
OPTSTK,TCS,27-May-2021,2550,CE,0,0,0,550.6,625.5,0,0,0,0,19-APR-2021,
OPTSTK,TCS,27-May-2021,2560,CE,0,0,0,506.9,615.85,0,0,0,0,19-APR-2021,
OPTSTK,TCS,27-May-2021,2580,CE,0,0,0,491.2,596.7,0,0,0,0,19-APR-2021,
OPTSTK,TCS,27-May-2021,2600,CE,0,0,0,475.75,577.65,0,0,0,0,19-APR-2021,
OPTSTK,TCS,27-May-2021,2620,CE,0,0,0,460.6,558.75,0,0,0,0,19-APR-2021,
OPTSTK,TCS,27-May-2021,2640,CE,0,0,0,445.75,540,0,0,0,0,19-APR-2021,
OPTSTK,TCS,27-May-2021,2650,CE,0,0,0,465.15,530.7,0,0,0,0,19-APR-2021,
OPTSTK,TCS,27-May-2021,2660,CE,0,0,0,431.1,521.4,0,0,0,0,19-APR-2021,
OPTSTK,TCS,27-May-2021,2680,CE,0,0,0,416.7,503,0,0,0,0,19-APR-2021,
OPTSTK,TCS,27-May-2021,2700,CE,0,0,0,402.6,484.75,0,0,0,0,19-APR-2021,
OPTSTK,TCS,27-May-2021,2720,CE,0,0,0,388.75,466.75,0,0,0,0,19-APR-2021,
OPTSTK,TCS,27-May-2021,2740,CE,0,0,0,375.05,448.95,0,0,0,0,19-APR-2021,
OPTSTK,TCS,27-May-2021,2750,CE,0,0,0,386.1,440.1,0,0,0,0,19-APR-2021,
OPTSTK,TCS,27-May-2021,2760,CE,0,0,0,361.8,431.35,0,0,0,0,19-APR-2021,
OPTSTK,TCS,27-May-2021,2780,CE,0,0,0,348.85,414.05,0,0,0,0,19-APR-2021,
OPTSTK,TCS,27-May-2021,2800,CE,0,0,0,379.9,397.05,0,0,1800,0,19-APR-2021,
OPTSTK,TCS,27-May-2021,2820,CE,0,0,0,323.85,380.3,0,0,0,0,19-APR-2021,
OPTSTK,TCS,27-May-2021,2840,CE,0,0,0,311.75,363.85,0,0,0,0,19-APR-2021,
OPTSTK,TCS,27-May-2021,2850,CE,0,0,0,314.55,355.75,0,0,0,0,19-APR-2021,
OPTSTK,TCS,27-May-2021,2860,CE,0,0,0,300,347.7,0,0,0,0,19-APR-2021,
OPTSTK,TCS,27-May-2021,2880,CE,0,0,0,288.55,331.95,0,0,0,0,19-APR-2021,
OPTSTK,TCS,27-May-2021,2900,CE,0,0,0,277.35,316.5,0,0,0,0,19-APR-2021,
OPTSTK,TCS,27-May-2021,2920,CE,0,0,0,266.5,301.45,0,0,0,0,19-APR-2021,
OPTSTK,TCS,27-May-2021,2940,CE,0,0,0,255.9,286.85,0,0,0,0,19-APR-2021,
OPTSTK,TCS,27-May-2021,2950,CE,0,0,0,251.55,279.6,0,0,0,0,19-APR-2021,
OPTSTK,TCS,27-May-2021,2960,CE,0,0,0,245.65,272.4,0,0,0,0,19-APR-2021,
OPTSTK,TCS,27-May-2021,2980,CE,0,0,0,235.65,258.5,0,0,0,0,19-APR-2021,
OPTSTK,TCS,27-May-2021,3000,CE,0,0,0,225.95,245,0,0,0,0,19-APR-2021,
OPTSTK,TCS,27-May-2021,3020,CE,0,0,0,216.6,231.9,0,0,0,0,19-APR-2021,
OPTSTK,TCS,27-May-2021,3040,CE,0,0,0,207.5,219.25,0,0,0,0,19-APR-2021,
OPTSTK,TCS,27-May-2021,3050,CE,0,0,0,197.3,213.1,0,0,0,0,19-APR-2021,
OPTSTK,TCS,27-May-2021,3060,CE,0,0,0,198.65,207.05,0,0,0,0,19-APR-2021,
OPTSTK,TCS,27-May-2021,3080,CE,0,0,0,190.15,195.25,0,0,0,0,19-APR-2021,
OPTSTK,TCS,27-May-2021,3100,CE,148.85,168,148.6,154.9,154.9,11,107.5,9600,0,19-APR-2021,
OPTSTK,TCS,27-May-2021,3120,CE,0,0,0,173.9,173,0,0,0,0,19-APR-2021,
OPTSTK,TCS,27-May-2021,3140,CE,0,0,0,166.2,162.55,0,0,0,0,19-APR-2021,
OPTSTK,TCS,27-May-2021,3150,CE,0,0,0,151.85,157.5,0,0,0,0,19-APR-2021,
OPTSTK,TCS,27-May-2021,3160,CE,134.2,134.2,105.65,121.05,121.05,12,118.18,900,300,19-APR-2021,
OPTSTK,TCS,27-May-2021,3180,CE,0,0,0,151.6,142.9,0,0,0,0,19-APR-2021,
OPTSTK,TCS,27-May-2021,3200,CE,112.05,114,93.9,100.6,100.6,156,1545.94,66600,8100,19-APR-2021,
OPTSTK,TCS,27-May-2021,3220,CE,0,0,0,138,125,0,0,0,0,19-APR-2021,
OPTSTK,TCS,27-May-2021,3240,CE,0,0,0,131.6,116.7,0,0,0,0,19-APR-2021,
OPTSTK,TCS,27-May-2021,3250,CE,0,0,0,114.7,112.7,0,0,0,0,19-APR-2021,
OPTSTK,TCS,27-May-2021,3260,CE,0,0,0,125.4,108.8,0,0,0,0,19-APR-2021,
OPTSTK,TCS,27-May-2021,3280,CE,0,0,0,119.5,101.3,0,0,0,0,19-APR-2021,
OPTSTK,TCS,27-May-2021,3300,CE,63.15,71.8,53,63.5,63.5,105,1060.22,57900,7500,19-APR-2021,
OPTSTK,TCS,27-May-2021,3320,CE,0,0,0,108.3,87.5,0,0,0,0,19-APR-2021,
OPTSTK,TCS,27-May-2021,3340,CE,0,0,0,103.05,81.15,0,0,0,0,19-APR-2021,
OPTSTK,TCS,27-May-2021,3350,CE,0,0,0,85.05,78.1,0,0,0,0,19-APR-2021,
OPTSTK,TCS,27-May-2021,3360,CE,0,0,0,98.1,75.15,0,0,0,0,19-APR-2021,
OPTSTK,TCS,27-May-2021,3380,CE,0,0,0,93.3,69.55,0,0,0,0,19-APR-2021,
OPTSTK,TCS,27-May-2021,3400,CE,43.05,43.65,36.9,38.25,38.25,97,1000.85,40500,5400,19-APR-2021,
OPTSTK,TCS,27-May-2021,3420,CE,0,0,0,84.25,59.45,0,0,0,0,19-APR-2021,
OPTSTK,TCS,27-May-2021,3440,CE,0,0,0,80,54.85,0,0,0,0,19-APR-2021,
OPTSTK,TCS,27-May-2021,3450,CE,0,0,0,62.05,52.5,0,0,0,0,19-APR-2021,
OPTSTK,TCS,27-May-2021,3460,CE,0,0,0,75.95,50.4,0,0,0,0,19-APR-2021,
OPTSTK,TCS,27-May-2021,3480,CE,0,0,0,71.95,46.35,0,0,0,0,19-APR-2021,
OPTSTK,TCS,27-May-2021,3500,CE,13.4,27.3,13.4,24.4,24.4,84,887.99,72600,11700,19-APR-2021,
OPTSTK,TCS,27-May-2021,3520,CE,0,0,0,64.7,39.05,0,0,0,0,19-APR-2021,
OPTSTK,TCS,27-May-2021,3540,CE,0,0,0,61.3,35.75,0,0,0,0,19-APR-2021,
OPTSTK,TCS,27-May-2021,3550,CE,0,0,0,44.5,34.2,0,0,0,0,19-APR-2021,
OPTSTK,TCS,27-May-2021,3560,CE,0,0,0,58.05,32.75,0,0,0,0,19-APR-2021,
OPTSTK,TCS,27-May-2021,3580,CE,0,0,0,55,29.9,0,0,0,0,19-APR-2021,
OPTSTK,TCS,27-May-2021,3600,CE,10,14,10,13.2,13.2,16,173.42,36900,900,19-APR-2021,
OPTSTK,TCS,27-May-2021,3620,CE,0,0,0,49.25,24.9,0,0,0,0,19-APR-2021,
OPTSTK,TCS,27-May-2021,3640,CE,0,0,0,46.6,22.7,0,0,0,0,19-APR-2021,
OPTSTK,TCS,27-May-2021,3650,CE,0,0,0,31.35,21.65,0,0,0,0,19-APR-2021,
OPTSTK,TCS,27-May-2021,3660,CE,0,0,0,44.05,20.65,0,0,0,0,19-APR-2021,
OPTSTK,TCS,27-May-2021,3680,CE,0,0,0,41.6,18.75,0,0,0,0,19-APR-2021,
OPTSTK,TCS,27-May-2021,3700,CE,12,12,10,10,10,3,33.39,6900,300,19-APR-2021,
OPTSTK,TCS,27-May-2021,3750,CE,0,0,0,21.75,13.3,0,0,0,0,19-APR-2021,
OPTSTK,TCS,27-May-2021,3800,CE,9.9,9.9,6.95,6.95,10.3,3,34.27,2700,600,19-APR-2021,
OPTSTK,TCS,27-May-2021,3850,CE,0,0,0,14.9,7.95,0,0,0,0,19-APR-2021,
OPTSTK,TCS,27-May-2021,3900,CE,0,0,0,5.95,6.1,0,0,300,0,19-APR-2021,
OPTSTK,TCS,27-May-2021,3950,CE,0,0,0,10.05,4.6,0,0,0,0,19-APR-2021,
OPTSTK,TCS,27-May-2021,2400,PE,0,0,0,22.8,0.85,0,0,0,0,19-APR-2021,
OPTSTK,TCS,27-May-2021,2420,PE,0,0,0,25.2,1.05,0,0,0,0,19-APR-2021,
OPTSTK,TCS,27-May-2021,2440,PE,0,0,0,27.8,1.3,0,0,0,0,19-APR-2021,
OPTSTK,TCS,27-May-2021,2450,PE,0,0,0,10.35,1.4,0,0,0,0,19-APR-2021,
OPTSTK,TCS,27-May-2021,2460,PE,0,0,0,30.6,1.55,0,0,0,0,19-APR-2021,
OPTSTK,TCS,27-May-2021,2480,PE,0,0,0,33.6,1.9,0,0,0,0,19-APR-2021,
OPTSTK,TCS,27-May-2021,2500,PE,0,0,0,36.8,2.3,0,0,0,0,19-APR-2021,
OPTSTK,TCS,27-May-2021,2520,PE,0,0,0,40.2,2.8,0,0,0,0,19-APR-2021,
OPTSTK,TCS,27-May-2021,2540,PE,0,0,0,43.85,3.4,0,0,0,0,19-APR-2021,
OPTSTK,TCS,27-May-2021,2550,PE,0,0,0,19.3,3.7,0,0,0,0,19-APR-2021,
OPTSTK,TCS,27-May-2021,2560,PE,0,0,0,47.75,4.05,0,0,0,0,19-APR-2021,
OPTSTK,TCS,27-May-2021,2580,PE,0,0,0,51.9,4.8,0,0,0,0,19-APR-2021,
OPTSTK,TCS,27-May-2021,2600,PE,0,0,0,56.25,5.7,0,0,0,0,19-APR-2021,
OPTSTK,TCS,27-May-2021,2620,PE,0,0,0,60.9,6.7,0,0,0,0,19-APR-2021,
OPTSTK,TCS,27-May-2021,2640,PE,0,0,0,65.9,7.85,0,0,0,0,19-APR-2021,
OPTSTK,TCS,27-May-2021,2650,PE,0,0,0,33.2,8.5,0,0,0,0,19-APR-2021,
OPTSTK,TCS,27-May-2021,2660,PE,0,0,0,71.05,9.2,0,0,0,0,19-APR-2021,
OPTSTK,TCS,27-May-2021,2680,PE,0,0,0,76.45,10.7,0,0,0,0,19-APR-2021,
OPTSTK,TCS,27-May-2021,2700,PE,0,0,0,10,12.4,0,0,1500,0,19-APR-2021,
OPTSTK,TCS,27-May-2021,2720,PE,0,0,0,88.1,14.3,0,0,0,0,19-APR-2021,
OPTSTK,TCS,27-May-2021,2740,PE,0,0,0,94.25,16.4,0,0,0,0,19-APR-2021,
OPTSTK,TCS,27-May-2021,2750,PE,0,0,0,53.5,17.55,0,0,0,0,19-APR-2021,
OPTSTK,TCS,27-May-2021,2760,PE,0,0,0,100.85,18.75,0,0,0,0,19-APR-2021,
OPTSTK,TCS,27-May-2021,2780,PE,0,0,0,107.7,21.4,0,0,0,0,19-APR-2021,
OPTSTK,TCS,27-May-2021,2800,PE,20.1,20.1,12,12,12,13,109.75,23700,1200,19-APR-2021,
OPTSTK,TCS,27-May-2021,2820,PE,0,0,0,122.3,27.45,0,0,0,0,19-APR-2021,
OPTSTK,TCS,27-May-2021,2840,PE,0,0,0,130.05,30.95,0,0,0,0,19-APR-2021,
OPTSTK,TCS,27-May-2021,2850,PE,0,0,0,81.35,32.8,0,0,0,0,19-APR-2021,
OPTSTK,TCS,27-May-2021,2860,PE,0,0,0,138.1,34.75,0,0,0,0,19-APR-2021,
OPTSTK,TCS,27-May-2021,2880,PE,0,0,0,146.45,38.85,0,0,0,0,19-APR-2021,
OPTSTK,TCS,27-May-2021,2900,PE,20,26,19.45,20.2,20.2,29,254.09,39900,4500,19-APR-2021,
OPTSTK,TCS,27-May-2021,2920,PE,0,0,0,164,48.2,0,0,0,0,19-APR-2021,
OPTSTK,TCS,27-May-2021,2940,PE,0,0,0,173.25,53.55,0,0,0,0,19-APR-2021,
OPTSTK,TCS,27-May-2021,2950,PE,0,0,0,117.65,56.3,0,0,0,0,19-APR-2021,
OPTSTK,TCS,27-May-2021,2960,PE,0,0,0,182.8,59,0,0,0,0,19-APR-2021,
OPTSTK,TCS,27-May-2021,2980,PE,0,0,0,192.65,65,0,0,0,0,19-APR-2021,
OPTSTK,TCS,27-May-2021,3000,PE,43.1,45.65,33.15,37.5,37.5,221,2014.03,89100,27000,19-APR-2021,
OPTSTK,TCS,27-May-2021,3020,PE,0,0,0,213.2,78.3,0,0,0,0,19-APR-2021,
OPTSTK,TCS,27-May-2021,3040,PE,0,0,0,223.9,85.55,0,0,0,0,19-APR-2021,
OPTSTK,TCS,27-May-2021,3050,PE,0,0,0,162.8,89.35,0,0,0,0,19-APR-2021,
OPTSTK,TCS,27-May-2021,3060,PE,0,0,0,234.9,93.3,0,0,0,0,19-APR-2021,
OPTSTK,TCS,27-May-2021,3080,PE,0,0,0,91.5,101.4,0,0,1500,0,19-APR-2021,
OPTSTK,TCS,27-May-2021,3100,PE,70,80,59.8,69.5,69.5,91,864.5,36000,4800,19-APR-2021,
OPTSTK,TCS,27-May-2021,3120,PE,0,0,0,107.35,119,0,0,1500,0,19-APR-2021,
OPTSTK,TCS,27-May-2021,3140,PE,0,0,0,115.35,128.45,0,0,3000,0,19-APR-2021,
OPTSTK,TCS,27-May-2021,3150,PE,0,0,0,119.9,133.35,0,0,3000,0,19-APR-2021,
OPTSTK,TCS,27-May-2021,3160,PE,0,0,0,124.55,138.35,0,0,3000,0,19-APR-2021,
OPTSTK,TCS,27-May-2021,3180,PE,0,0,0,134.35,148.65,0,0,3000,0,19-APR-2021,
OPTSTK,TCS,27-May-2021,3200,PE,110,130,103,117.05,117.05,99,985.41,62400,-300,19-APR-2021,
OPTSTK,TCS,27-May-2021,3220,PE,0,0,0,332.75,170.6,0,0,0,0,19-APR-2021,
OPTSTK,TCS,27-May-2021,3240,PE,0,0,0,346.15,182.25,0,0,0,0,19-APR-2021,
OPTSTK,TCS,27-May-2021,3250,PE,0,0,0,278.85,188.2,0,0,0,0,19-APR-2021,
OPTSTK,TCS,27-May-2021,3260,PE,0,0,0,359.8,194.25,0,0,0,0,19-APR-2021,
OPTSTK,TCS,27-May-2021,3280,PE,0,0,0,150,206.65,0,0,1200,0,19-APR-2021,
OPTSTK,TCS,27-May-2021,3300,PE,0,0,0,387.75,219.5,0,0,0,0,19-APR-2021,
OPTSTK,TCS,27-May-2021,3320,PE,0,0,0,402.1,232.7,0,0,0,0,19-APR-2021,
OPTSTK,TCS,27-May-2021,3340,PE,0,0,0,416.65,246.3,0,0,0,0,19-APR-2021,
OPTSTK,TCS,27-May-2021,3350,PE,0,0,0,348.6,253.2,0,0,0,0,19-APR-2021,
OPTSTK,TCS,27-May-2021,3360,PE,0,0,0,431.55,260.2,0,0,0,0,19-APR-2021,
OPTSTK,TCS,27-May-2021,3380,PE,0,0,0,446.55,274.5,0,0,0,0,19-APR-2021,
OPTSTK,TCS,27-May-2021,3400,PE,0,0,0,210,289.15,0,0,900,0,19-APR-2021,
OPTSTK,TCS,27-May-2021,3420,PE,0,0,0,477.1,304.3,0,0,0,0,19-APR-2021,
OPTSTK,TCS,27-May-2021,3440,PE,0,0,0,492.7,319.6,0,0,0,0,19-APR-2021,
OPTSTK,TCS,27-May-2021,3450,PE,0,0,0,424.95,327.2,0,0,0,0,19-APR-2021,
OPTSTK,TCS,27-May-2021,3460,PE,0,0,0,508.45,335.05,0,0,0,0,19-APR-2021,
OPTSTK,TCS,27-May-2021,3480,PE,0,0,0,524.25,350.9,0,0,0,0,19-APR-2021,
OPTSTK,TCS,27-May-2021,3500,PE,0,0,0,540.35,367.05,0,0,0,0,19-APR-2021,
OPTSTK,TCS,27-May-2021,3520,PE,0,0,0,556.65,383.45,0,0,0,0,19-APR-2021,
OPTSTK,TCS,27-May-2021,3540,PE,0,0,0,573.05,400.1,0,0,0,0,19-APR-2021,
OPTSTK,TCS,27-May-2021,3550,PE,0,0,0,506.7,408.55,0,0,0,0,19-APR-2021,
OPTSTK,TCS,27-May-2021,3560,PE,0,0,0,589.65,417,0,0,0,0,19-APR-2021,
OPTSTK,TCS,27-May-2021,3580,PE,0,0,0,606.35,434.1,0,0,0,0,19-APR-2021,
OPTSTK,TCS,27-May-2021,3600,PE,0,0,0,623.25,451.45,0,0,0,0,19-APR-2021,
OPTSTK,TCS,27-May-2021,3620,PE,0,0,0,640.25,468.95,0,0,0,0,19-APR-2021,
OPTSTK,TCS,27-May-2021,3640,PE,0,0,0,657.4,486.65,0,0,0,0,19-APR-2021,
OPTSTK,TCS,27-May-2021,3650,PE,0,0,0,592.95,495.55,0,0,0,0,19-APR-2021,
OPTSTK,TCS,27-May-2021,3660,PE,0,0,0,674.7,504.5,0,0,0,0,19-APR-2021,
OPTSTK,TCS,27-May-2021,3680,PE,0,0,0,692.1,522.55,0,0,0,0,19-APR-2021,
OPTSTK,TCS,27-May-2021,3700,PE,0,0,0,709.6,540.75,0,0,0,0,19-APR-2021,
OPTSTK,TCS,27-May-2021,3750,PE,0,0,0,682.75,586.85,0,0,0,0,19-APR-2021,
OPTSTK,TCS,27-May-2021,3800,PE,0,0,0,798.8,633.65,0,0,0,0,19-APR-2021,
OPTSTK,TCS,27-May-2021,3850,PE,0,0,0,775.2,681.1,0,0,0,0,19-APR-2021,
OPTSTK,TCS,27-May-2021,3900,PE,0,0,0,782.45,729.05,0,0,0,0,19-APR-2021,
OPTSTK,TCS,27-May-2021,3950,PE,0,0,0,869.7,777.4,0,0,0,0,19-APR-2021,
OPTSTK,TCS,24-Jun-2021,2400,CE,0,0,0,703.7,783.3,0,0,0,0,19-APR-2021,
OPTSTK,TCS,24-Jun-2021,2450,CE,0,0,0,659.15,735.8,0,0,0,0,19-APR-2021,
OPTSTK,TCS,24-Jun-2021,2500,CE,0,0,0,615.65,689,0,0,0,0,19-APR-2021,
OPTSTK,TCS,24-Jun-2021,2550,CE,0,0,0,573.35,643.05,0,0,0,0,19-APR-2021,
OPTSTK,TCS,24-Jun-2021,2600,CE,0,0,0,532.35,598.05,0,0,0,0,19-APR-2021,
OPTSTK,TCS,24-Jun-2021,2650,CE,0,0,0,492.8,554.2,0,0,0,0,19-APR-2021,
OPTSTK,TCS,24-Jun-2021,2700,CE,0,0,0,454.8,511.7,0,0,0,0,19-APR-2021,
OPTSTK,TCS,24-Jun-2021,2750,CE,0,0,0,418.5,470.6,0,0,0,0,19-APR-2021,
OPTSTK,TCS,24-Jun-2021,2800,CE,0,0,0,383.7,431.1,0,0,0,0,19-APR-2021,
OPTSTK,TCS,24-Jun-2021,2850,CE,0,0,0,350.8,393.4,0,0,0,0,19-APR-2021,
OPTSTK,TCS,24-Jun-2021,2900,CE,0,0,0,319.75,357.45,0,0,0,0,19-APR-2021,
OPTSTK,TCS,24-Jun-2021,2950,CE,0,0,0,290.55,323.3,0,0,0,0,19-APR-2021,
OPTSTK,TCS,24-Jun-2021,3000,CE,0,0,0,263.2,291.35,0,0,0,0,19-APR-2021,
OPTSTK,TCS,24-Jun-2021,3050,CE,0,0,0,237.65,261.45,0,0,0,0,19-APR-2021,
OPTSTK,TCS,24-Jun-2021,3100,CE,0,0,0,213.95,233.6,0,0,0,0,19-APR-2021,
OPTSTK,TCS,24-Jun-2021,3150,CE,0,0,0,192.05,207.9,0,0,0,0,19-APR-2021,
OPTSTK,TCS,24-Jun-2021,3200,CE,0,0,0,171.9,184.2,0,0,0,0,19-APR-2021,
OPTSTK,TCS,24-Jun-2021,3250,CE,0,0,0,153.4,162.55,0,0,0,0,19-APR-2021,
OPTSTK,TCS,24-Jun-2021,3300,CE,0,0,0,136.5,142.85,0,0,0,0,19-APR-2021,
OPTSTK,TCS,24-Jun-2021,3350,CE,0,0,0,121.15,125.05,0,0,0,0,19-APR-2021,
OPTSTK,TCS,24-Jun-2021,3400,CE,0,0,0,54,109,0,0,1200,0,19-APR-2021,
OPTSTK,TCS,24-Jun-2021,3450,CE,0,0,0,94.75,94.65,0,0,0,0,19-APR-2021,
OPTSTK,TCS,24-Jun-2021,3500,CE,0,0,0,80.55,82.05,0,0,300,0,19-APR-2021,
OPTSTK,TCS,24-Jun-2021,3550,CE,0,0,0,73.25,70.8,0,0,0,0,19-APR-2021,
OPTSTK,TCS,24-Jun-2021,3600,CE,0,0,0,80,60.7,0,0,900,0,19-APR-2021,
OPTSTK,TCS,24-Jun-2021,3650,CE,0,0,0,56.05,51.95,0,0,0,0,19-APR-2021,
OPTSTK,TCS,24-Jun-2021,3700,CE,0,0,0,48.9,44.3,0,0,0,0,19-APR-2021,
OPTSTK,TCS,24-Jun-2021,3750,CE,0,0,0,42.55,37.65,0,0,0,0,19-APR-2021,
OPTSTK,TCS,24-Jun-2021,3800,CE,0,0,0,36.9,31.85,0,0,0,0,19-APR-2021,
OPTSTK,TCS,24-Jun-2021,3850,CE,0,0,0,31.95,26.9,0,0,0,0,19-APR-2021,
OPTSTK,TCS,24-Jun-2021,3900,CE,0,0,0,27.6,22.65,0,0,0,0,19-APR-2021,
OPTSTK,TCS,24-Jun-2021,3950,CE,0,0,0,23.8,18.95,0,0,0,0,19-APR-2021,
OPTSTK,TCS,24-Jun-2021,2400,PE,0,0,0,16.5,5.2,0,0,0,0,19-APR-2021,
OPTSTK,TCS,24-Jun-2021,2450,PE,0,0,0,21.5,7.4,0,0,0,0,19-APR-2021,
OPTSTK,TCS,24-Jun-2021,2500,PE,0,0,0,27.5,10.25,0,0,0,0,19-APR-2021,
OPTSTK,TCS,24-Jun-2021,2550,PE,0,0,0,34.75,13.95,0,0,0,0,19-APR-2021,
OPTSTK,TCS,24-Jun-2021,2600,PE,0,0,0,43.3,18.65,0,0,0,0,19-APR-2021,
OPTSTK,TCS,24-Jun-2021,2650,PE,0,0,0,53.3,24.45,0,0,0,0,19-APR-2021,
OPTSTK,TCS,24-Jun-2021,2700,PE,0,0,0,10,31.6,0,0,300,0,19-APR-2021,
OPTSTK,TCS,24-Jun-2021,2750,PE,0,0,0,78.05,40.15,0,0,0,0,19-APR-2021,
OPTSTK,TCS,24-Jun-2021,2800,PE,0,0,0,20.2,50.3,0,0,300,0,19-APR-2021,
OPTSTK,TCS,24-Jun-2021,2850,PE,0,0,0,109.45,62.3,0,0,0,0,19-APR-2021,
OPTSTK,TCS,24-Jun-2021,2900,PE,0,0,0,127.9,76,0,0,0,0,19-APR-2021,
OPTSTK,TCS,24-Jun-2021,2950,PE,0,0,0,148.25,91.55,0,0,0,0,19-APR-2021,
OPTSTK,TCS,24-Jun-2021,3000,PE,50,65,50,65,109.2,6,55.03,4500,1500,19-APR-2021,
OPTSTK,TCS,24-Jun-2021,3050,PE,0,0,0,194.45,129,0,0,0,0,19-APR-2021,
OPTSTK,TCS,24-Jun-2021,3100,PE,0,0,0,220.25,150.8,0,0,0,0,19-APR-2021,
OPTSTK,TCS,24-Jun-2021,3150,PE,0,0,0,247.9,174.75,0,0,0,0,19-APR-2021,
OPTSTK,TCS,24-Jun-2021,3200,PE,0,0,0,277.25,200.75,0,0,0,0,19-APR-2021,
OPTSTK,TCS,24-Jun-2021,3250,PE,0,0,0,308.3,228.75,0,0,0,0,19-APR-2021,
OPTSTK,TCS,24-Jun-2021,3300,PE,0,0,0,340.95,258.7,0,0,0,0,19-APR-2021,
OPTSTK,TCS,24-Jun-2021,3350,PE,0,0,0,375.1,290.55,0,0,0,0,19-APR-2021,
OPTSTK,TCS,24-Jun-2021,3400,PE,0,0,0,410.7,324.2,0,0,0,0,19-APR-2021,
OPTSTK,TCS,24-Jun-2021,3450,PE,0,0,0,447.8,359.5,0,0,0,0,19-APR-2021,
OPTSTK,TCS,24-Jun-2021,3500,PE,0,0,0,486.05,396.55,0,0,0,0,19-APR-2021,
OPTSTK,TCS,24-Jun-2021,3550,PE,0,0,0,525.35,434.95,0,0,0,0,19-APR-2021,
OPTSTK,TCS,24-Jun-2021,3600,PE,0,0,0,565.8,474.5,0,0,0,0,19-APR-2021,
OPTSTK,TCS,24-Jun-2021,3650,PE,0,0,0,607.25,515.4,0,0,0,0,19-APR-2021,
OPTSTK,TCS,24-Jun-2021,3700,PE,0,0,0,649.6,557.45,0,0,0,0,19-APR-2021,
OPTSTK,TCS,24-Jun-2021,3750,PE,0,0,0,692.8,600.45,0,0,0,0,19-APR-2021,
OPTSTK,TCS,24-Jun-2021,3800,PE,0,0,0,736.7,644.35,0,0,0,0,19-APR-2021,
OPTSTK,TCS,24-Jun-2021,3850,PE,0,0,0,781.3,689.05,0,0,0,0,19-APR-2021,
OPTSTK,TCS,24-Jun-2021,3900,PE,0,0,0,826.5,734.4,0,0,0,0,19-APR-2021,
OPTSTK,TCS,24-Jun-2021,3950,PE,0,0,0,872.2,780.45,0,0,0,0,19-APR-2021,
OPTSTK,TECHM,29-Apr-2021,600,CE,0,0,0,387.85,400.8,0,0,0,0,19-APR-2021,
OPTSTK,TECHM,29-Apr-2021,610,CE,0,0,0,378.1,390.85,0,0,0,0,19-APR-2021,
OPTSTK,TECHM,29-Apr-2021,620,CE,0,0,0,368.4,380.85,0,0,0,0,19-APR-2021,
OPTSTK,TECHM,29-Apr-2021,630,CE,0,0,0,358.75,370.85,0,0,0,0,19-APR-2021,
OPTSTK,TECHM,29-Apr-2021,640,CE,0,0,0,349.1,360.85,0,0,0,0,19-APR-2021,
OPTSTK,TECHM,29-Apr-2021,650,CE,0,0,0,339.5,350.85,0,0,0,0,19-APR-2021,
OPTSTK,TECHM,29-Apr-2021,660,CE,0,0,0,330,340.9,0,0,0,0,19-APR-2021,
OPTSTK,TECHM,29-Apr-2021,670,CE,0,0,0,320.55,330.9,0,0,0,0,19-APR-2021,
OPTSTK,TECHM,29-Apr-2021,680,CE,0,0,0,311.15,320.9,0,0,0,0,19-APR-2021,
OPTSTK,TECHM,29-Apr-2021,690,CE,0,0,0,301.85,310.9,0,0,0,0,19-APR-2021,
OPTSTK,TECHM,29-Apr-2021,700,CE,0,0,0,292.6,300.9,0,0,0,0,19-APR-2021,
OPTSTK,TECHM,29-Apr-2021,710,CE,0,0,0,283.45,290.95,0,0,0,0,19-APR-2021,
OPTSTK,TECHM,29-Apr-2021,720,CE,0,0,0,274.4,280.95,0,0,0,0,19-APR-2021,
OPTSTK,TECHM,29-Apr-2021,730,CE,0,0,0,265.45,270.95,0,0,0,0,19-APR-2021,
OPTSTK,TECHM,29-Apr-2021,740,CE,0,0,0,256.6,260.95,0,0,0,0,19-APR-2021,
OPTSTK,TECHM,29-Apr-2021,750,CE,0,0,0,247.85,250.95,0,0,0,0,19-APR-2021,
OPTSTK,TECHM,29-Apr-2021,760,CE,0,0,0,239.25,241,0,0,0,0,19-APR-2021,
OPTSTK,TECHM,29-Apr-2021,770,CE,0,0,0,230.75,231,0,0,0,0,19-APR-2021,
OPTSTK,TECHM,29-Apr-2021,780,CE,0,0,0,222.45,221,0,0,0,0,19-APR-2021,
OPTSTK,TECHM,29-Apr-2021,790,CE,0,0,0,214.25,211,0,0,0,0,19-APR-2021,
OPTSTK,TECHM,29-Apr-2021,800,CE,0,0,0,206.2,201.05,0,0,0,0,19-APR-2021,
OPTSTK,TECHM,29-Apr-2021,810,CE,0,0,0,198.3,191.05,0,0,0,0,19-APR-2021,
OPTSTK,TECHM,29-Apr-2021,820,CE,0,0,0,190.55,181.1,0,0,0,0,19-APR-2021,
OPTSTK,TECHM,29-Apr-2021,830,CE,0,0,0,183,171.1,0,0,0,0,19-APR-2021,
OPTSTK,TECHM,29-Apr-2021,840,CE,0,0,0,175.6,161.2,0,0,0,0,19-APR-2021,
OPTSTK,TECHM,29-Apr-2021,850,CE,0,0,0,145,151.3,0,0,2400,0,19-APR-2021,
OPTSTK,TECHM,29-Apr-2021,860,CE,0,0,0,161.3,141.45,0,0,0,0,19-APR-2021,
OPTSTK,TECHM,29-Apr-2021,870,CE,0,0,0,145,131.65,0,0,2400,0,19-APR-2021,
OPTSTK,TECHM,29-Apr-2021,880,CE,0,0,0,147.7,121.95,0,0,0,0,19-APR-2021,
OPTSTK,TECHM,29-Apr-2021,890,CE,0,0,0,141.2,112.4,0,0,0,0,19-APR-2021,
OPTSTK,TECHM,29-Apr-2021,900,CE,0,0,0,109,103,0,0,4800,0,19-APR-2021,
OPTSTK,TECHM,29-Apr-2021,910,CE,0,0,0,128.8,93.8,0,0,0,0,19-APR-2021,
OPTSTK,TECHM,29-Apr-2021,920,CE,0,0,0,100,84.9,0,0,1200,0,19-APR-2021,
OPTSTK,TECHM,29-Apr-2021,930,CE,0,0,0,117.1,76.25,0,0,0,0,19-APR-2021,
OPTSTK,TECHM,29-Apr-2021,940,CE,0,0,0,111.55,68,0,0,0,0,19-APR-2021,
OPTSTK,TECHM,29-Apr-2021,950,CE,63.65,66.5,63.65,66.5,60.15,2,24.36,14400,1200,19-APR-2021,
OPTSTK,TECHM,29-Apr-2021,960,CE,0,0,0,92.15,52.8,0,0,2400,0,19-APR-2021,
OPTSTK,TECHM,29-Apr-2021,970,CE,0,0,0,96.05,45.9,0,0,0,0,19-APR-2021,
OPTSTK,TECHM,29-Apr-2021,980,CE,39,43.1,34,40,40,22,268.58,18000,2400,19-APR-2021,
OPTSTK,TECHM,29-Apr-2021,990,CE,33.45,41,27.6,33.9,33.9,162,1990.76,63600,0,19-APR-2021,
OPTSTK,TECHM,29-Apr-2021,1000,CE,22.45,35.95,21.65,28.95,28.95,823,10162.2,321600,9600,19-APR-2021,
OPTSTK,TECHM,29-Apr-2021,1010,CE,17.1,30.55,17.1,24.1,24.1,279,3466.48,162000,0,19-APR-2021,
OPTSTK,TECHM,29-Apr-2021,1020,CE,19.65,26.15,14.8,20,20,736,9196.29,318000,-10800,19-APR-2021,
OPTSTK,TECHM,29-Apr-2021,1030,CE,11.7,21.8,11.7,16.65,16.65,306,3845.22,176400,38400,19-APR-2021,
OPTSTK,TECHM,29-Apr-2021,1040,CE,12.4,18.2,10.25,14.05,14.05,436,5515.01,234000,-21600,19-APR-2021,
OPTSTK,TECHM,29-Apr-2021,1050,CE,12.35,15.25,8.5,11.55,11.55,640,8153.94,463200,-8400,19-APR-2021,
OPTSTK,TECHM,29-Apr-2021,1060,CE,9.05,12.2,7.1,9.4,9.4,257,3297.26,303600,2400,19-APR-2021,
OPTSTK,TECHM,29-Apr-2021,1070,CE,6.5,10.4,6.45,8,8,122,1578.44,110400,-3600,19-APR-2021,
OPTSTK,TECHM,29-Apr-2021,1080,CE,7.85,8.65,5.05,6.6,6.6,195,2542.6,176400,8400,19-APR-2021,
OPTSTK,TECHM,29-Apr-2021,1090,CE,5.2,6.9,5.2,5.3,5.3,8,105.18,28800,-1200,19-APR-2021,
OPTSTK,TECHM,29-Apr-2021,1100,CE,4.65,5.9,3.55,4.55,4.55,475,6295.76,675600,2400,19-APR-2021,
OPTSTK,TECHM,29-Apr-2021,1110,CE,3,3,3,3,3,1,13.35,27600,1200,19-APR-2021,
OPTSTK,TECHM,29-Apr-2021,1120,CE,3,4.15,2.7,3.9,1.75,40,539.1,58800,-6000,19-APR-2021,
OPTSTK,TECHM,29-Apr-2021,1130,CE,0,0,0,4.8,1.3,0,0,7200,0,19-APR-2021,
OPTSTK,TECHM,29-Apr-2021,1140,CE,1.8,2.7,1.35,2.7,0.95,13,178.15,55200,0,19-APR-2021,
OPTSTK,TECHM,29-Apr-2021,1150,CE,1.3,2.2,1.25,1.8,1.8,36,497.51,226800,4800,19-APR-2021,
OPTSTK,TECHM,29-Apr-2021,1160,CE,1.4,1.4,1.4,1.4,0.5,1,13.93,4800,1200,19-APR-2021,
OPTSTK,TECHM,29-Apr-2021,1170,CE,1.1,1.1,1.1,1.1,0.35,2,28.1,2400,-2400,19-APR-2021,
OPTSTK,TECHM,29-Apr-2021,1180,CE,0.95,0.95,0.95,0.95,0.25,2,28.34,4800,0,19-APR-2021,
OPTSTK,TECHM,29-Apr-2021,1190,CE,0,0,0,27,0.2,0,0,0,0,19-APR-2021,
OPTSTK,TECHM,29-Apr-2021,1200,CE,3.85,3.85,0.85,1.3,1.3,53,763.9,243600,-13200,19-APR-2021,
OPTSTK,TECHM,29-Apr-2021,1210,CE,0,0,0,23.75,0.1,0,0,0,0,19-APR-2021,
OPTSTK,TECHM,29-Apr-2021,1220,CE,0,0,0,22.25,0.1,0,0,0,0,19-APR-2021,
OPTSTK,TECHM,29-Apr-2021,1230,CE,0,0,0,20.85,0.05,0,0,0,0,19-APR-2021,
OPTSTK,TECHM,29-Apr-2021,1240,CE,0,0,0,19.55,0.05,0,0,0,0,19-APR-2021,
OPTSTK,TECHM,29-Apr-2021,1250,CE,0,0,0,0.85,0.05,0,0,28800,0,19-APR-2021,
OPTSTK,TECHM,29-Apr-2021,1260,CE,0,0,0,17.1,0.05,0,0,0,0,19-APR-2021,
OPTSTK,TECHM,29-Apr-2021,1270,CE,0,0,0,16,0.05,0,0,0,0,19-APR-2021,
OPTSTK,TECHM,29-Apr-2021,1280,CE,0,0,0,14.95,0,0,0,0,0,19-APR-2021,
OPTSTK,TECHM,29-Apr-2021,600,PE,0,0,0,0.7,0,0,0,0,0,19-APR-2021,
OPTSTK,TECHM,29-Apr-2021,610,PE,0,0,0,0.85,0,0,0,0,0,19-APR-2021,
OPTSTK,TECHM,29-Apr-2021,620,PE,0,0,0,1.05,0,0,0,0,0,19-APR-2021,
OPTSTK,TECHM,29-Apr-2021,630,PE,0,0,0,1.3,0,0,0,0,0,19-APR-2021,
OPTSTK,TECHM,29-Apr-2021,640,PE,0,0,0,1.6,0,0,0,0,0,19-APR-2021,
OPTSTK,TECHM,29-Apr-2021,650,PE,0,0,0,1.9,0,0,0,0,0,19-APR-2021,
OPTSTK,TECHM,29-Apr-2021,660,PE,0,0,0,2.3,0,0,0,0,0,19-APR-2021,
OPTSTK,TECHM,29-Apr-2021,670,PE,0,0,0,2.75,0,0,0,0,0,19-APR-2021,
OPTSTK,TECHM,29-Apr-2021,680,PE,0,0,0,3.25,0,0,0,0,0,19-APR-2021,
OPTSTK,TECHM,29-Apr-2021,690,PE,0,0,0,3.85,0,0,0,0,0,19-APR-2021,
OPTSTK,TECHM,29-Apr-2021,700,PE,0,0,0,4.5,0,0,0,0,0,19-APR-2021,
OPTSTK,TECHM,29-Apr-2021,710,PE,0,0,0,5.25,0,0,0,0,0,19-APR-2021,
OPTSTK,TECHM,29-Apr-2021,720,PE,0,0,0,6.1,0,0,0,0,0,19-APR-2021,
OPTSTK,TECHM,29-Apr-2021,730,PE,0,0,0,7.05,0,0,0,0,0,19-APR-2021,
OPTSTK,TECHM,29-Apr-2021,740,PE,0,0,0,8.15,0,0,0,0,0,19-APR-2021,
OPTSTK,TECHM,29-Apr-2021,750,PE,0,0,0,9.3,0,0,0,0,0,19-APR-2021,
OPTSTK,TECHM,29-Apr-2021,760,PE,0,0,0,10.6,0,0,0,0,0,19-APR-2021,
OPTSTK,TECHM,29-Apr-2021,770,PE,0,0,0,12.05,0,0,0,0,0,19-APR-2021,
OPTSTK,TECHM,29-Apr-2021,780,PE,0,0,0,0.3,0,0,0,0,0,19-APR-2021,
OPTSTK,TECHM,29-Apr-2021,790,PE,0,0,0,1.5,0.05,0,0,0,0,19-APR-2021,
OPTSTK,TECHM,29-Apr-2021,800,PE,0,0,0,0.4,0.05,0,0,15600,0,19-APR-2021,
OPTSTK,TECHM,29-Apr-2021,810,PE,0,0,0,1.3,0.05,0,0,0,0,19-APR-2021,
OPTSTK,TECHM,29-Apr-2021,820,PE,0,0,0,21.35,0.05,0,0,0,0,19-APR-2021,
OPTSTK,TECHM,29-Apr-2021,830,PE,0,0,0,1.35,0.1,0,0,0,0,19-APR-2021,
OPTSTK,TECHM,29-Apr-2021,840,PE,0,0,0,26.25,0.15,0,0,0,0,19-APR-2021,
OPTSTK,TECHM,29-Apr-2021,850,PE,0.75,0.8,0.25,0.8,0.8,4,40.82,24000,-3600,19-APR-2021,
OPTSTK,TECHM,29-Apr-2021,860,PE,0,0,0,31.75,0.35,0,0,0,0,19-APR-2021,
OPTSTK,TECHM,29-Apr-2021,870,PE,0,0,0,34.8,0.55,0,0,0,0,19-APR-2021,
OPTSTK,TECHM,29-Apr-2021,880,PE,0,0,0,4.05,0.85,0,0,3600,0,19-APR-2021,
OPTSTK,TECHM,29-Apr-2021,890,PE,0,0,0,6.75,1.3,0,0,2400,0,19-APR-2021,
OPTSTK,TECHM,29-Apr-2021,900,PE,4.8,5.55,2.9,3.75,3.75,310,3363.35,318000,-19200,19-APR-2021,
OPTSTK,TECHM,29-Apr-2021,910,PE,0,0,0,7.25,2.7,0,0,52800,0,19-APR-2021,
OPTSTK,TECHM,29-Apr-2021,920,PE,5.5,5.5,4.5,5.1,3.75,28,310.86,91200,7200,19-APR-2021,
OPTSTK,TECHM,29-Apr-2021,930,PE,11.8,11.8,11.8,11.8,5.15,1,11.3,14400,-1200,19-APR-2021,
OPTSTK,TECHM,29-Apr-2021,940,PE,11.15,11.15,8,8.1,6.85,3,34.16,44400,2400,19-APR-2021,
OPTSTK,TECHM,29-Apr-2021,950,PE,13.35,14.5,8.35,10.85,10.85,317,3658.21,258000,6000,19-APR-2021,
OPTSTK,TECHM,29-Apr-2021,960,PE,15,17.6,10.4,13.15,13.15,134,1565.68,136800,-2400,19-APR-2021,
OPTSTK,TECHM,29-Apr-2021,970,PE,18,21.4,12.85,16.4,16.4,67,792.11,87600,14400,19-APR-2021,
OPTSTK,TECHM,29-Apr-2021,980,PE,24,26,15.65,19.85,19.85,144,1728.88,152400,6000,19-APR-2021,
OPTSTK,TECHM,29-Apr-2021,990,PE,26.2,42.1,18.85,23.85,23.85,140,1704.27,69600,4800,19-APR-2021,
OPTSTK,TECHM,29-Apr-2021,1000,PE,31,35.7,23,28.55,28.55,312,3851.94,224400,-3600,19-APR-2021,
OPTSTK,TECHM,29-Apr-2021,1010,PE,37.5,40.2,27.6,32.05,32.05,30,374.66,40800,-3600,19-APR-2021,
OPTSTK,TECHM,29-Apr-2021,1020,PE,47.05,47.05,32.95,39.75,39.75,22,278.92,84000,-2400,19-APR-2021,
OPTSTK,TECHM,29-Apr-2021,1030,PE,39.7,39.7,39.45,39.45,45.1,3,38.5,25200,0,19-APR-2021,
OPTSTK,TECHM,29-Apr-2021,1040,PE,52,52,49.65,49.65,52,5,65.46,27600,1200,19-APR-2021,
OPTSTK,TECHM,29-Apr-2021,1050,PE,0,0,0,57.7,59.45,0,0,52800,0,19-APR-2021,
OPTSTK,TECHM,29-Apr-2021,1060,PE,0,0,0,84,67.25,0,0,8400,0,19-APR-2021,
OPTSTK,TECHM,29-Apr-2021,1070,PE,0,0,0,134.3,75.45,0,0,0,0,19-APR-2021,
OPTSTK,TECHM,29-Apr-2021,1080,PE,0,0,0,141.1,83.95,0,0,0,0,19-APR-2021,
OPTSTK,TECHM,29-Apr-2021,1090,PE,0,0,0,148,92.75,0,0,0,0,19-APR-2021,
OPTSTK,TECHM,29-Apr-2021,1100,PE,115.9,115.9,93,103,103,6,86.42,8400,2400,19-APR-2021,
OPTSTK,TECHM,29-Apr-2021,1110,PE,0,0,0,162.3,111.05,0,0,0,0,19-APR-2021,
OPTSTK,TECHM,29-Apr-2021,1120,PE,0,0,0,169.7,120.45,0,0,0,0,19-APR-2021,
OPTSTK,TECHM,29-Apr-2021,1130,PE,0,0,0,177.15,130,0,0,0,0,19-APR-2021,
OPTSTK,TECHM,29-Apr-2021,1140,PE,0,0,0,184.75,139.65,0,0,0,0,19-APR-2021,
OPTSTK,TECHM,29-Apr-2021,1150,PE,0,0,0,192.45,149.35,0,0,0,0,19-APR-2021,
OPTSTK,TECHM,29-Apr-2021,1160,PE,0,0,0,200.3,159.15,0,0,0,0,19-APR-2021,
OPTSTK,TECHM,29-Apr-2021,1170,PE,0,0,0,208.25,169,0,0,0,0,19-APR-2021,
OPTSTK,TECHM,29-Apr-2021,1180,PE,0,0,0,216.25,178.9,0,0,0,0,19-APR-2021,
OPTSTK,TECHM,29-Apr-2021,1190,PE,0,0,0,224.4,188.8,0,0,0,0,19-APR-2021,
OPTSTK,TECHM,29-Apr-2021,1200,PE,0,0,0,190,198.75,0,0,0,0,19-APR-2021,
OPTSTK,TECHM,29-Apr-2021,1210,PE,0,0,0,240.95,208.7,0,0,0,0,19-APR-2021,
OPTSTK,TECHM,29-Apr-2021,1220,PE,0,0,0,249.4,218.65,0,0,0,0,19-APR-2021,
OPTSTK,TECHM,29-Apr-2021,1230,PE,0,0,0,257.9,228.65,0,0,0,0,19-APR-2021,
OPTSTK,TECHM,29-Apr-2021,1240,PE,0,0,0,266.45,238.6,0,0,0,0,19-APR-2021,
OPTSTK,TECHM,29-Apr-2021,1250,PE,0,0,0,275.1,248.6,0,0,0,0,19-APR-2021,
OPTSTK,TECHM,29-Apr-2021,1260,PE,0,0,0,283.85,258.6,0,0,0,0,19-APR-2021,
OPTSTK,TECHM,29-Apr-2021,1270,PE,0,0,0,292.65,268.55,0,0,0,0,19-APR-2021,
OPTSTK,TECHM,29-Apr-2021,1280,PE,0,0,0,301.5,278.55,0,0,0,0,19-APR-2021,
OPTSTK,TECHM,27-May-2021,600,CE,0,0,0,364.2,402.55,0,0,0,0,19-APR-2021,
OPTSTK,TECHM,27-May-2021,610,CE,0,0,0,354.5,392.6,0,0,0,0,19-APR-2021,
OPTSTK,TECHM,27-May-2021,620,CE,0,0,0,344.8,382.65,0,0,0,0,19-APR-2021,
OPTSTK,TECHM,27-May-2021,630,CE,0,0,0,335.2,372.7,0,0,0,0,19-APR-2021,
OPTSTK,TECHM,27-May-2021,640,CE,0,0,0,325.6,362.75,0,0,0,0,19-APR-2021,
OPTSTK,TECHM,27-May-2021,650,CE,0,0,0,316.1,352.75,0,0,0,0,19-APR-2021,
OPTSTK,TECHM,27-May-2021,660,CE,0,0,0,306.6,342.8,0,0,0,0,19-APR-2021,
OPTSTK,TECHM,27-May-2021,670,CE,0,0,0,297.25,332.9,0,0,0,0,19-APR-2021,
OPTSTK,TECHM,27-May-2021,680,CE,0,0,0,287.95,322.95,0,0,0,0,19-APR-2021,
OPTSTK,TECHM,27-May-2021,690,CE,0,0,0,278.7,313,0,0,0,0,19-APR-2021,
OPTSTK,TECHM,27-May-2021,700,CE,0,0,0,269.6,303.1,0,0,0,0,19-APR-2021,
OPTSTK,TECHM,27-May-2021,710,CE,0,0,0,260.55,293.2,0,0,0,0,19-APR-2021,
OPTSTK,TECHM,27-May-2021,720,CE,0,0,0,251.6,283.3,0,0,0,0,19-APR-2021,
OPTSTK,TECHM,27-May-2021,730,CE,0,0,0,242.8,273.45,0,0,0,0,19-APR-2021,
OPTSTK,TECHM,27-May-2021,740,CE,0,0,0,234.15,263.65,0,0,0,0,19-APR-2021,
OPTSTK,TECHM,27-May-2021,750,CE,0,0,0,225.55,253.85,0,0,0,0,19-APR-2021,
OPTSTK,TECHM,27-May-2021,760,CE,0,0,0,217.15,244.1,0,0,0,0,19-APR-2021,
OPTSTK,TECHM,27-May-2021,770,CE,0,0,0,208.9,234.4,0,0,0,0,19-APR-2021,
OPTSTK,TECHM,27-May-2021,780,CE,0,0,0,200.75,224.8,0,0,0,0,19-APR-2021,
OPTSTK,TECHM,27-May-2021,790,CE,0,0,0,192.8,215.25,0,0,0,0,19-APR-2021,
OPTSTK,TECHM,27-May-2021,800,CE,0,0,0,185,205.8,0,0,0,0,19-APR-2021,
OPTSTK,TECHM,27-May-2021,810,CE,0,0,0,177.35,196.45,0,0,0,0,19-APR-2021,
OPTSTK,TECHM,27-May-2021,820,CE,0,0,0,169.95,187.2,0,0,0,0,19-APR-2021,
OPTSTK,TECHM,27-May-2021,830,CE,0,0,0,162.65,178.1,0,0,0,0,19-APR-2021,
OPTSTK,TECHM,27-May-2021,840,CE,0,0,0,155.55,169.15,0,0,0,0,19-APR-2021,
OPTSTK,TECHM,27-May-2021,850,CE,0,0,0,148.65,160.35,0,0,0,0,19-APR-2021,
OPTSTK,TECHM,27-May-2021,860,CE,0,0,0,141.9,151.7,0,0,0,0,19-APR-2021,
OPTSTK,TECHM,27-May-2021,870,CE,0,0,0,135.4,143.3,0,0,0,0,19-APR-2021,
OPTSTK,TECHM,27-May-2021,880,CE,0,0,0,129.05,135.05,0,0,0,0,19-APR-2021,
OPTSTK,TECHM,27-May-2021,890,CE,0,0,0,122.95,127.05,0,0,0,0,19-APR-2021,
OPTSTK,TECHM,27-May-2021,900,CE,0,0,0,117,119.3,0,0,0,0,19-APR-2021,
OPTSTK,TECHM,27-May-2021,910,CE,0,0,0,111.3,111.8,0,0,0,0,19-APR-2021,
OPTSTK,TECHM,27-May-2021,920,CE,0,0,0,105.75,104.5,0,0,0,0,19-APR-2021,
OPTSTK,TECHM,27-May-2021,930,CE,0,0,0,100.45,97.45,0,0,0,0,19-APR-2021,
OPTSTK,TECHM,27-May-2021,940,CE,0,0,0,95.3,90.75,0,0,0,0,19-APR-2021,
OPTSTK,TECHM,27-May-2021,950,CE,0,0,0,90.35,84.3,0,0,0,0,19-APR-2021,
OPTSTK,TECHM,27-May-2021,960,CE,0,0,0,85.6,78.15,0,0,0,0,19-APR-2021,
OPTSTK,TECHM,27-May-2021,970,CE,0,0,0,81.05,72.3,0,0,0,0,19-APR-2021,
OPTSTK,TECHM,27-May-2021,980,CE,0,0,0,76.65,66.75,0,0,0,0,19-APR-2021,
OPTSTK,TECHM,27-May-2021,990,CE,0,0,0,72.45,61.5,0,0,0,0,19-APR-2021,
OPTSTK,TECHM,27-May-2021,1000,CE,0,0,0,68.45,56.5,0,0,0,0,19-APR-2021,
OPTSTK,TECHM,27-May-2021,1010,CE,0,0,0,64.6,51.8,0,0,0,0,19-APR-2021,
OPTSTK,TECHM,27-May-2021,1020,CE,0,0,0,60.95,47.4,0,0,0,0,19-APR-2021,
OPTSTK,TECHM,27-May-2021,1030,CE,0,0,0,57.45,43.3,0,0,0,0,19-APR-2021,
OPTSTK,TECHM,27-May-2021,1040,CE,0,0,0,54.15,39.45,0,0,0,0,19-APR-2021,
OPTSTK,TECHM,27-May-2021,1050,CE,0,0,0,35,35.9,0,0,1200,0,19-APR-2021,
OPTSTK,TECHM,27-May-2021,1060,CE,0,0,0,47.95,32.55,0,0,0,0,19-APR-2021,
OPTSTK,TECHM,27-May-2021,1070,CE,35.35,35.35,28.25,28.25,29.5,3,39.7,7200,0,19-APR-2021,
OPTSTK,TECHM,27-May-2021,1080,CE,0,0,0,42.35,26.65,0,0,0,0,19-APR-2021,
OPTSTK,TECHM,27-May-2021,1090,CE,0,0,0,39.8,24.05,0,0,0,0,19-APR-2021,
OPTSTK,TECHM,27-May-2021,1100,CE,17.9,17.9,17.9,17.9,21.65,2,26.82,14400,2400,19-APR-2021,
OPTSTK,TECHM,27-May-2021,1110,CE,0,0,0,35.1,19.45,0,0,0,0,19-APR-2021,
OPTSTK,TECHM,27-May-2021,1120,CE,0,0,0,32.9,17.45,0,0,0,0,19-APR-2021,
OPTSTK,TECHM,27-May-2021,1130,CE,0,0,0,30.85,15.6,0,0,0,0,19-APR-2021,
OPTSTK,TECHM,27-May-2021,1140,CE,0,0,0,28.9,13.95,0,0,0,0,19-APR-2021,
OPTSTK,TECHM,27-May-2021,1150,CE,0,0,0,27,12.4,0,0,0,0,19-APR-2021,
OPTSTK,TECHM,27-May-2021,1160,CE,0,0,0,25.25,11.05,0,0,0,0,19-APR-2021,
OPTSTK,TECHM,27-May-2021,1170,CE,0,0,0,23.6,9.8,0,0,0,0,19-APR-2021,
OPTSTK,TECHM,27-May-2021,1180,CE,0,0,0,22.05,8.7,0,0,0,0,19-APR-2021,
OPTSTK,TECHM,27-May-2021,1190,CE,0,0,0,20.6,7.7,0,0,0,0,19-APR-2021,
OPTSTK,TECHM,27-May-2021,1200,CE,0,0,0,19.25,6.8,0,0,0,0,19-APR-2021,
OPTSTK,TECHM,27-May-2021,1210,CE,0,0,0,17.95,6,0,0,0,0,19-APR-2021,
OPTSTK,TECHM,27-May-2021,1220,CE,0,0,0,16.75,5.25,0,0,0,0,19-APR-2021,
OPTSTK,TECHM,27-May-2021,1230,CE,0,0,0,15.6,4.65,0,0,0,0,19-APR-2021,
OPTSTK,TECHM,27-May-2021,1240,CE,0,0,0,14.55,4.05,0,0,0,0,19-APR-2021,
OPTSTK,TECHM,27-May-2021,1250,CE,0,0,0,13.55,3.55,0,0,0,0,19-APR-2021,
OPTSTK,TECHM,27-May-2021,1260,CE,0,0,0,12.6,3.1,0,0,0,0,19-APR-2021,
OPTSTK,TECHM,27-May-2021,1270,CE,0,0,0,11.75,2.7,0,0,0,0,19-APR-2021,
OPTSTK,TECHM,27-May-2021,1280,CE,0,0,0,10.9,2.35,0,0,0,0,19-APR-2021,
OPTSTK,TECHM,27-May-2021,600,PE,0,0,0,0.8,0,0,0,0,0,19-APR-2021,
OPTSTK,TECHM,27-May-2021,610,PE,0,0,0,1,0,0,0,0,0,19-APR-2021,
OPTSTK,TECHM,27-May-2021,620,PE,0,0,0,1.25,0.05,0,0,0,0,19-APR-2021,
OPTSTK,TECHM,27-May-2021,630,PE,0,0,0,1.5,0.05,0,0,0,0,19-APR-2021,
OPTSTK,TECHM,27-May-2021,640,PE,0,0,0,1.85,0.05,0,0,0,0,19-APR-2021,
OPTSTK,TECHM,27-May-2021,650,PE,0,0,0,2.25,0.05,0,0,0,0,19-APR-2021,
OPTSTK,TECHM,27-May-2021,660,PE,0,0,0,2.7,0.05,0,0,0,0,19-APR-2021,
OPTSTK,TECHM,27-May-2021,670,PE,0,0,0,3.2,0.05,0,0,0,0,19-APR-2021,
OPTSTK,TECHM,27-May-2021,680,PE,0,0,0,3.8,0.1,0,0,0,0,19-APR-2021,
OPTSTK,TECHM,27-May-2021,690,PE,0,0,0,4.5,0.1,0,0,0,0,19-APR-2021,
OPTSTK,TECHM,27-May-2021,700,PE,0,0,0,5.25,0.15,0,0,0,0,19-APR-2021,
OPTSTK,TECHM,27-May-2021,710,PE,0,0,0,6.15,0.25,0,0,0,0,19-APR-2021,
OPTSTK,TECHM,27-May-2021,720,PE,0,0,0,7.1,0.3,0,0,0,0,19-APR-2021,
OPTSTK,TECHM,27-May-2021,730,PE,0,0,0,8.2,0.4,0,0,0,0,19-APR-2021,
OPTSTK,TECHM,27-May-2021,740,PE,0,0,0,9.45,0.55,0,0,0,0,19-APR-2021,
OPTSTK,TECHM,27-May-2021,750,PE,0,0,0,10.8,0.7,0,0,0,0,19-APR-2021,
OPTSTK,TECHM,27-May-2021,760,PE,0,0,0,12.3,0.95,0,0,0,0,19-APR-2021,
OPTSTK,TECHM,27-May-2021,770,PE,0,0,0,13.9,1.2,0,0,0,0,19-APR-2021,
OPTSTK,TECHM,27-May-2021,780,PE,0,0,0,15.7,1.55,0,0,0,0,19-APR-2021,
OPTSTK,TECHM,27-May-2021,790,PE,0,0,0,17.65,1.95,0,0,0,0,19-APR-2021,
OPTSTK,TECHM,27-May-2021,800,PE,0,0,0,19.75,2.5,0,0,0,0,19-APR-2021,
OPTSTK,TECHM,27-May-2021,810,PE,0,0,0,22.05,3.1,0,0,0,0,19-APR-2021,
OPTSTK,TECHM,27-May-2021,820,PE,0,0,0,24.5,3.8,0,0,0,0,19-APR-2021,
OPTSTK,TECHM,27-May-2021,830,PE,0,0,0,27.15,4.65,0,0,0,0,19-APR-2021,
OPTSTK,TECHM,27-May-2021,840,PE,0,0,0,29.95,5.65,0,0,0,0,19-APR-2021,
OPTSTK,TECHM,27-May-2021,850,PE,0,0,0,8.45,6.85,0,0,3600,0,19-APR-2021,
OPTSTK,TECHM,27-May-2021,860,PE,0,0,0,36.1,8.15,0,0,0,0,19-APR-2021,
OPTSTK,TECHM,27-May-2021,870,PE,0,0,0,39.5,9.7,0,0,0,0,19-APR-2021,
OPTSTK,TECHM,27-May-2021,880,PE,0,0,0,43.1,11.45,0,0,0,0,19-APR-2021,
OPTSTK,TECHM,27-May-2021,890,PE,0,0,0,46.85,13.4,0,0,0,0,19-APR-2021,
OPTSTK,TECHM,27-May-2021,900,PE,0,0,0,10.05,15.6,0,0,33600,0,19-APR-2021,
OPTSTK,TECHM,27-May-2021,910,PE,0,0,0,55,18.05,0,0,0,0,19-APR-2021,
OPTSTK,TECHM,27-May-2021,920,PE,0,0,0,59.4,20.75,0,0,0,0,19-APR-2021,
OPTSTK,TECHM,27-May-2021,930,PE,0,0,0,63.95,23.65,0,0,0,0,19-APR-2021,
OPTSTK,TECHM,27-May-2021,940,PE,0,0,0,68.75,26.9,0,0,0,0,19-APR-2021,
OPTSTK,TECHM,27-May-2021,950,PE,0,0,0,21,30.4,0,0,7200,0,19-APR-2021,
OPTSTK,TECHM,27-May-2021,960,PE,0,0,0,78.85,34.2,0,0,0,0,19-APR-2021,
OPTSTK,TECHM,27-May-2021,970,PE,0,0,0,84.2,38.35,0,0,0,0,19-APR-2021,
OPTSTK,TECHM,27-May-2021,980,PE,0,0,0,89.75,42.75,0,0,0,0,19-APR-2021,
OPTSTK,TECHM,27-May-2021,990,PE,0,0,0,95.45,47.4,0,0,0,0,19-APR-2021,
OPTSTK,TECHM,27-May-2021,1000,PE,0,0,0,101.35,52.4,0,0,0,0,19-APR-2021,
OPTSTK,TECHM,27-May-2021,1010,PE,0,0,0,107.4,57.7,0,0,0,0,19-APR-2021,
OPTSTK,TECHM,27-May-2021,1020,PE,0,0,0,113.65,63.25,0,0,0,0,19-APR-2021,
OPTSTK,TECHM,27-May-2021,1030,PE,0,0,0,120.1,69.1,0,0,0,0,19-APR-2021,
OPTSTK,TECHM,27-May-2021,1040,PE,0,0,0,126.65,75.2,0,0,0,0,19-APR-2021,
OPTSTK,TECHM,27-May-2021,1050,PE,0,0,0,133.4,81.6,0,0,0,0,19-APR-2021,
OPTSTK,TECHM,27-May-2021,1060,PE,0,0,0,140.3,88.2,0,0,0,0,19-APR-2021,
OPTSTK,TECHM,27-May-2021,1070,PE,0,0,0,147.35,95.1,0,0,0,0,19-APR-2021,
OPTSTK,TECHM,27-May-2021,1080,PE,0,0,0,154.5,102.25,0,0,0,0,19-APR-2021,
OPTSTK,TECHM,27-May-2021,1090,PE,0,0,0,161.85,109.6,0,0,0,0,19-APR-2021,
OPTSTK,TECHM,27-May-2021,1100,PE,0,0,0,169.35,117.2,0,0,0,0,19-APR-2021,
OPTSTK,TECHM,27-May-2021,1110,PE,0,0,0,176.95,124.9,0,0,0,0,19-APR-2021,
OPTSTK,TECHM,27-May-2021,1120,PE,0,0,0,184.65,132.85,0,0,0,0,19-APR-2021,
OPTSTK,TECHM,27-May-2021,1130,PE,0,0,0,192.5,141,0,0,0,0,19-APR-2021,
OPTSTK,TECHM,27-May-2021,1140,PE,0,0,0,200.45,149.3,0,0,0,0,19-APR-2021,
OPTSTK,TECHM,27-May-2021,1150,PE,0,0,0,208.5,157.75,0,0,0,0,19-APR-2021,
OPTSTK,TECHM,27-May-2021,1160,PE,0,0,0,216.65,166.3,0,0,0,0,19-APR-2021,
OPTSTK,TECHM,27-May-2021,1170,PE,0,0,0,224.9,175.05,0,0,0,0,19-APR-2021,
OPTSTK,TECHM,27-May-2021,1180,PE,0,0,0,233.3,183.9,0,0,0,0,19-APR-2021,
OPTSTK,TECHM,27-May-2021,1190,PE,0,0,0,241.75,192.85,0,0,0,0,19-APR-2021,
OPTSTK,TECHM,27-May-2021,1200,PE,0,0,0,250.25,201.9,0,0,0,0,19-APR-2021,
OPTSTK,TECHM,27-May-2021,1210,PE,0,0,0,258.9,211.05,0,0,0,0,19-APR-2021,
OPTSTK,TECHM,27-May-2021,1220,PE,0,0,0,267.6,220.3,0,0,0,0,19-APR-2021,
OPTSTK,TECHM,27-May-2021,1230,PE,0,0,0,276.35,229.65,0,0,0,0,19-APR-2021,
OPTSTK,TECHM,27-May-2021,1240,PE,0,0,0,285.2,239.05,0,0,0,0,19-APR-2021,
OPTSTK,TECHM,27-May-2021,1250,PE,0,0,0,294.1,248.5,0,0,0,0,19-APR-2021,
OPTSTK,TECHM,27-May-2021,1260,PE,0,0,0,303.1,258,0,0,0,0,19-APR-2021,
OPTSTK,TECHM,27-May-2021,1270,PE,0,0,0,312.1,267.55,0,0,0,0,19-APR-2021,
OPTSTK,TECHM,27-May-2021,1280,PE,0,0,0,321.2,277.2,0,0,0,0,19-APR-2021,
OPTSTK,TECHM,24-Jun-2021,600,CE,0,0,0,374.9,404.35,0,0,0,0,19-APR-2021,
OPTSTK,TECHM,24-Jun-2021,620,CE,0,0,0,355.45,384.55,0,0,0,0,19-APR-2021,
OPTSTK,TECHM,24-Jun-2021,640,CE,0,0,0,336.15,364.8,0,0,0,0,19-APR-2021,
OPTSTK,TECHM,24-Jun-2021,660,CE,0,0,0,317.05,345.15,0,0,0,0,19-APR-2021,
OPTSTK,TECHM,24-Jun-2021,680,CE,0,0,0,298.2,325.6,0,0,0,0,19-APR-2021,
OPTSTK,TECHM,24-Jun-2021,700,CE,0,0,0,279.65,306.15,0,0,0,0,19-APR-2021,
OPTSTK,TECHM,24-Jun-2021,720,CE,0,0,0,261.45,286.95,0,0,0,0,19-APR-2021,
OPTSTK,TECHM,24-Jun-2021,740,CE,0,0,0,243.7,268,0,0,0,0,19-APR-2021,
OPTSTK,TECHM,24-Jun-2021,760,CE,0,0,0,226.4,249.35,0,0,0,0,19-APR-2021,
OPTSTK,TECHM,24-Jun-2021,780,CE,0,0,0,209.7,231.1,0,0,0,0,19-APR-2021,
OPTSTK,TECHM,24-Jun-2021,800,CE,0,0,0,193.55,213.3,0,0,0,0,19-APR-2021,
OPTSTK,TECHM,24-Jun-2021,820,CE,0,0,0,178.1,196.05,0,0,0,0,19-APR-2021,
OPTSTK,TECHM,24-Jun-2021,840,CE,0,0,0,163.35,179.45,0,0,0,0,19-APR-2021,
OPTSTK,TECHM,24-Jun-2021,860,CE,0,0,0,149.3,163.5,0,0,0,0,19-APR-2021,
OPTSTK,TECHM,24-Jun-2021,880,CE,0,0,0,135.95,148.35,0,0,0,0,19-APR-2021,
OPTSTK,TECHM,24-Jun-2021,900,CE,0,0,0,123.45,133.95,0,0,0,0,19-APR-2021,
OPTSTK,TECHM,24-Jun-2021,920,CE,0,0,0,111.75,120.35,0,0,0,0,19-APR-2021,
OPTSTK,TECHM,24-Jun-2021,940,CE,0,0,0,100.8,107.7,0,0,0,0,19-APR-2021,
OPTSTK,TECHM,24-Jun-2021,960,CE,0,0,0,90.7,95.95,0,0,0,0,19-APR-2021,
OPTSTK,TECHM,24-Jun-2021,980,CE,0,0,0,81.3,85.1,0,0,0,0,19-APR-2021,
OPTSTK,TECHM,24-Jun-2021,1000,CE,0,0,0,72.7,75.1,0,0,0,0,19-APR-2021,
OPTSTK,TECHM,24-Jun-2021,1020,CE,0,0,0,64.8,66,0,0,0,0,19-APR-2021,
OPTSTK,TECHM,24-Jun-2021,1040,CE,0,0,0,57.65,57.8,0,0,0,0,19-APR-2021,
OPTSTK,TECHM,24-Jun-2021,1060,CE,0,0,0,51.1,50.35,0,0,0,0,19-APR-2021,
OPTSTK,TECHM,24-Jun-2021,1080,CE,0,0,0,45.2,43.7,0,0,0,0,19-APR-2021,
OPTSTK,TECHM,24-Jun-2021,1100,CE,0,0,0,39.85,37.8,0,0,0,0,19-APR-2021,
OPTSTK,TECHM,24-Jun-2021,1120,CE,0,0,0,35.1,32.6,0,0,0,0,19-APR-2021,
OPTSTK,TECHM,24-Jun-2021,1140,CE,0,0,0,30.85,27.95,0,0,0,0,19-APR-2021,
OPTSTK,TECHM,24-Jun-2021,1160,CE,0,0,0,27,23.9,0,0,0,0,19-APR-2021,
OPTSTK,TECHM,24-Jun-2021,1180,CE,0,0,0,23.6,20.35,0,0,0,0,19-APR-2021,
OPTSTK,TECHM,24-Jun-2021,1200,CE,0,0,0,20.6,17.25,0,0,0,0,19-APR-2021,
OPTSTK,TECHM,24-Jun-2021,1220,CE,0,0,0,17.9,14.6,0,0,0,0,19-APR-2021,
OPTSTK,TECHM,24-Jun-2021,1240,CE,0,0,0,15.55,12.3,0,0,0,0,19-APR-2021,
OPTSTK,TECHM,24-Jun-2021,1260,CE,0,0,0,13.5,10.35,0,0,0,0,19-APR-2021,
OPTSTK,TECHM,24-Jun-2021,1280,CE,0,0,0,11.65,8.7,0,0,0,0,19-APR-2021,
OPTSTK,TECHM,24-Jun-2021,600,PE,0,0,0,0.65,0.1,0,0,0,0,19-APR-2021,
OPTSTK,TECHM,24-Jun-2021,620,PE,0,0,0,1,0.15,0,0,0,0,19-APR-2021,
OPTSTK,TECHM,24-Jun-2021,640,PE,0,0,0,1.5,0.3,0,0,0,0,19-APR-2021,
OPTSTK,TECHM,24-Jun-2021,660,PE,0,0,0,2.2,0.5,0,0,0,0,19-APR-2021,
OPTSTK,TECHM,24-Jun-2021,680,PE,0,0,0,3.15,0.8,0,0,0,0,19-APR-2021,
OPTSTK,TECHM,24-Jun-2021,700,PE,0,0,0,4.4,1.25,0,0,0,0,19-APR-2021,
OPTSTK,TECHM,24-Jun-2021,720,PE,0,0,0,6.05,1.9,0,0,0,0,19-APR-2021,
OPTSTK,TECHM,24-Jun-2021,740,PE,0,0,0,8.1,2.8,0,0,0,0,19-APR-2021,
OPTSTK,TECHM,24-Jun-2021,760,PE,0,0,0,10.65,4,0,0,0,0,19-APR-2021,
OPTSTK,TECHM,24-Jun-2021,780,PE,0,0,0,13.75,5.6,0,0,0,0,19-APR-2021,
OPTSTK,TECHM,24-Jun-2021,800,PE,0,0,0,17.4,7.7,0,0,0,0,19-APR-2021,
OPTSTK,TECHM,24-Jun-2021,820,PE,0,0,0,21.75,10.35,0,0,0,0,19-APR-2021,
OPTSTK,TECHM,24-Jun-2021,840,PE,0,0,0,26.8,13.6,0,0,0,0,19-APR-2021,
OPTSTK,TECHM,24-Jun-2021,860,PE,0,0,0,32.55,17.5,0,0,0,0,19-APR-2021,
OPTSTK,TECHM,24-Jun-2021,880,PE,0,0,0,39.05,22.2,0,0,0,0,19-APR-2021,
OPTSTK,TECHM,24-Jun-2021,900,PE,0,0,0,23,27.7,0,0,2400,0,19-APR-2021,
OPTSTK,TECHM,24-Jun-2021,920,PE,0,0,0,54.5,33.95,0,0,0,0,19-APR-2021,
OPTSTK,TECHM,24-Jun-2021,940,PE,0,0,0,63.35,41.15,0,0,0,0,19-APR-2021,
OPTSTK,TECHM,24-Jun-2021,960,PE,0,0,0,73.05,49.25,0,0,0,0,19-APR-2021,
OPTSTK,TECHM,24-Jun-2021,980,PE,0,0,0,83.5,58.25,0,0,0,0,19-APR-2021,
OPTSTK,TECHM,24-Jun-2021,1000,PE,0,0,0,94.7,68.15,0,0,0,0,19-APR-2021,
OPTSTK,TECHM,24-Jun-2021,1020,PE,0,0,0,106.65,78.95,0,0,0,0,19-APR-2021,
OPTSTK,TECHM,24-Jun-2021,1040,PE,0,0,0,119.25,90.55,0,0,0,0,19-APR-2021,
OPTSTK,TECHM,24-Jun-2021,1060,PE,0,0,0,132.55,103,0,0,0,0,19-APR-2021,
OPTSTK,TECHM,24-Jun-2021,1080,PE,0,0,0,146.45,116.2,0,0,0,0,19-APR-2021,
OPTSTK,TECHM,24-Jun-2021,1100,PE,0,0,0,160.9,130.15,0,0,0,0,19-APR-2021,
OPTSTK,TECHM,24-Jun-2021,1120,PE,0,0,0,176,144.8,0,0,0,0,19-APR-2021,
OPTSTK,TECHM,24-Jun-2021,1140,PE,0,0,0,191.55,160.05,0,0,0,0,19-APR-2021,
OPTSTK,TECHM,24-Jun-2021,1160,PE,0,0,0,207.5,175.85,0,0,0,0,19-APR-2021,
OPTSTK,TECHM,24-Jun-2021,1180,PE,0,0,0,223.9,192.15,0,0,0,0,19-APR-2021,
OPTSTK,TECHM,24-Jun-2021,1200,PE,0,0,0,240.7,208.95,0,0,0,0,19-APR-2021,
OPTSTK,TECHM,24-Jun-2021,1220,PE,0,0,0,257.85,226.15,0,0,0,0,19-APR-2021,
OPTSTK,TECHM,24-Jun-2021,1240,PE,0,0,0,275.3,243.75,0,0,0,0,19-APR-2021,
OPTSTK,TECHM,24-Jun-2021,1260,PE,0,0,0,293.05,261.65,0,0,0,0,19-APR-2021,
OPTSTK,TECHM,24-Jun-2021,1280,PE,0,0,0,311.05,279.85,0,0,0,0,19-APR-2021,
OPTSTK,TITAN,29-Apr-2021,960,CE,0,0,0,501.7,559.65,0,0,0,0,19-APR-2021,
OPTSTK,TITAN,29-Apr-2021,980,CE,0,0,0,482.65,539.7,0,0,0,0,19-APR-2021,
OPTSTK,TITAN,29-Apr-2021,1000,CE,0,0,0,463.8,519.7,0,0,0,0,19-APR-2021,
OPTSTK,TITAN,29-Apr-2021,1020,CE,0,0,0,445.1,499.75,0,0,0,0,19-APR-2021,
OPTSTK,TITAN,29-Apr-2021,1040,CE,0,0,0,426.65,479.75,0,0,0,0,19-APR-2021,
OPTSTK,TITAN,29-Apr-2021,1060,CE,0,0,0,408.45,459.75,0,0,0,0,19-APR-2021,
OPTSTK,TITAN,29-Apr-2021,1080,CE,0,0,0,390.5,439.8,0,0,0,0,19-APR-2021,
OPTSTK,TITAN,29-Apr-2021,1100,CE,0,0,0,372.85,419.8,0,0,0,0,19-APR-2021,
OPTSTK,TITAN,29-Apr-2021,1120,CE,0,0,0,355.5,399.85,0,0,0,0,19-APR-2021,
OPTSTK,TITAN,29-Apr-2021,1140,CE,0,0,0,338.55,379.85,0,0,0,0,19-APR-2021,
OPTSTK,TITAN,29-Apr-2021,1160,CE,0,0,0,321.9,359.85,0,0,0,0,19-APR-2021,
OPTSTK,TITAN,29-Apr-2021,1180,CE,0,0,0,305.7,339.9,0,0,0,0,19-APR-2021,
OPTSTK,TITAN,29-Apr-2021,1200,CE,0,0,0,289.9,319.9,0,0,0,0,19-APR-2021,
OPTSTK,TITAN,29-Apr-2021,1220,CE,0,0,0,274.55,299.95,0,0,0,0,19-APR-2021,
OPTSTK,TITAN,29-Apr-2021,1240,CE,0,0,0,259.7,280,0,0,0,0,19-APR-2021,
OPTSTK,TITAN,29-Apr-2021,1260,CE,0,0,0,245.2,260.1,0,0,0,0,19-APR-2021,
OPTSTK,TITAN,29-Apr-2021,1280,CE,0,0,0,231.25,240.2,0,0,0,0,19-APR-2021,
OPTSTK,TITAN,29-Apr-2021,1300,CE,0,0,0,217.75,220.45,0,0,0,0,19-APR-2021,
OPTSTK,TITAN,29-Apr-2021,1320,CE,0,0,0,204.75,200.8,0,0,0,0,19-APR-2021,
OPTSTK,TITAN,29-Apr-2021,1340,CE,0,0,0,192.35,181.45,0,0,0,0,19-APR-2021,
OPTSTK,TITAN,29-Apr-2021,1360,CE,0,0,0,180.4,162.45,0,0,0,0,19-APR-2021,
OPTSTK,TITAN,29-Apr-2021,1380,CE,0,0,0,169,143.9,0,0,0,0,19-APR-2021,
OPTSTK,TITAN,29-Apr-2021,1400,CE,112.7,112.7,112.7,112.7,126.05,1,11.34,5250,0,19-APR-2021,
OPTSTK,TITAN,29-Apr-2021,1420,CE,0,0,0,147.7,109.05,0,0,0,0,19-APR-2021,
OPTSTK,TITAN,29-Apr-2021,1440,CE,0,0,0,89.75,93.05,0,0,1500,0,19-APR-2021,
OPTSTK,TITAN,29-Apr-2021,1460,CE,0,0,0,72,78.25,0,0,6750,0,19-APR-2021,
OPTSTK,TITAN,29-Apr-2021,1480,CE,0,0,0,85.2,64.85,0,0,13500,0,19-APR-2021,
OPTSTK,TITAN,29-Apr-2021,1500,CE,60,60,34.2,39.5,39.5,192,2216.2,89250,14250,19-APR-2021,
OPTSTK,TITAN,29-Apr-2021,1520,CE,27.25,33,24.8,28.3,28.3,366,4250.96,94500,12000,19-APR-2021,
OPTSTK,TITAN,29-Apr-2021,1540,CE,19.15,23.65,15.7,19.8,19.8,481,5626.51,140250,48750,19-APR-2021,
OPTSTK,TITAN,29-Apr-2021,1560,CE,27.45,27.45,10.7,12.95,12.95,698,8239.22,437250,64500,19-APR-2021,
OPTSTK,TITAN,29-Apr-2021,1580,CE,15.15,15.15,8.5,8.85,8.85,436,5198.74,180750,-18000,19-APR-2021,
OPTSTK,TITAN,29-Apr-2021,1600,CE,11.2,11.95,6,6.3,6.3,880,10607.22,476250,18000,19-APR-2021,
OPTSTK,TITAN,29-Apr-2021,1620,CE,6.05,7.65,4,4.3,4.3,530,6459.43,231750,6750,19-APR-2021,
OPTSTK,TITAN,29-Apr-2021,1640,CE,8.1,8.1,3.1,3.15,3.15,240,2959.05,165750,-9000,19-APR-2021,
OPTSTK,TITAN,29-Apr-2021,1660,CE,4.05,4.05,2.2,2.3,2.3,234,2918.09,119250,-22500,19-APR-2021,
OPTSTK,TITAN,29-Apr-2021,1680,CE,3.05,4,1.8,1.9,1.9,68,857.88,70500,-23250,19-APR-2021,
OPTSTK,TITAN,29-Apr-2021,1700,CE,3,3.05,1.3,1.8,1.8,208,2654.83,248250,-50250,19-APR-2021,
OPTSTK,TITAN,29-Apr-2021,1720,CE,2,2,1.6,1.85,1.75,21,271.17,39000,-4500,19-APR-2021,
OPTSTK,TITAN,29-Apr-2021,1740,CE,1.55,1.55,0.95,1.5,1.15,42,548.44,50250,-17250,19-APR-2021,
OPTSTK,TITAN,29-Apr-2021,1760,CE,1.3,1.45,1.3,1.45,0.75,12,158.52,30750,750,19-APR-2021,
OPTSTK,TITAN,29-Apr-2021,1780,CE,0,0,0,35.8,0.5,0,0,0,0,19-APR-2021,
OPTSTK,TITAN,29-Apr-2021,1800,CE,1.2,1.6,0.75,1.15,1.15,81,1094.22,174000,11250,19-APR-2021,
OPTSTK,TITAN,29-Apr-2021,1820,CE,0,0,0,30,0.2,0,0,0,0,19-APR-2021,
OPTSTK,TITAN,29-Apr-2021,1840,CE,0,0,0,27.4,0.15,0,0,0,0,19-APR-2021,
OPTSTK,TITAN,29-Apr-2021,1860,CE,0,0,0,25.05,0.1,0,0,0,0,19-APR-2021,
OPTSTK,TITAN,29-Apr-2021,1880,CE,0.25,0.25,0.25,0.25,0.25,2,28.2,6000,-750,19-APR-2021,
OPTSTK,TITAN,29-Apr-2021,1900,CE,0,0,0,20.85,0.05,0,0,0,0,19-APR-2021,
OPTSTK,TITAN,29-Apr-2021,960,PE,0,0,0,2.7,0,0,0,0,0,19-APR-2021,
OPTSTK,TITAN,29-Apr-2021,980,PE,0,0,0,3.5,0,0,0,0,0,19-APR-2021,
OPTSTK,TITAN,29-Apr-2021,1000,PE,0,0,0,4.45,0,0,0,0,0,19-APR-2021,
OPTSTK,TITAN,29-Apr-2021,1020,PE,0,0,0,5.6,0,0,0,0,0,19-APR-2021,
OPTSTK,TITAN,29-Apr-2021,1040,PE,0,0,0,6.95,0,0,0,0,0,19-APR-2021,
OPTSTK,TITAN,29-Apr-2021,1060,PE,0,0,0,8.55,0,0,0,0,0,19-APR-2021,
OPTSTK,TITAN,29-Apr-2021,1080,PE,0,0,0,10.4,0,0,0,0,0,19-APR-2021,
OPTSTK,TITAN,29-Apr-2021,1100,PE,0,0,0,12.55,0,0,0,0,0,19-APR-2021,
OPTSTK,TITAN,29-Apr-2021,1120,PE,0,0,0,15.05,0,0,0,0,0,19-APR-2021,
OPTSTK,TITAN,29-Apr-2021,1140,PE,0,0,0,17.9,0,0,0,0,0,19-APR-2021,
OPTSTK,TITAN,29-Apr-2021,1160,PE,0,0,0,21.1,0,0,0,0,0,19-APR-2021,
OPTSTK,TITAN,29-Apr-2021,1180,PE,0,0,0,24.7,0,0,0,0,0,19-APR-2021,
OPTSTK,TITAN,29-Apr-2021,1200,PE,0,0,0,0.6,0.05,0,0,1500,0,19-APR-2021,
OPTSTK,TITAN,29-Apr-2021,1220,PE,0,0,0,33.15,0.05,0,0,0,0,19-APR-2021,
OPTSTK,TITAN,29-Apr-2021,1240,PE,0,0,0,38.1,0.05,0,0,0,0,19-APR-2021,
OPTSTK,TITAN,29-Apr-2021,1260,PE,0,0,0,43.45,0.15,0,0,0,0,19-APR-2021,
OPTSTK,TITAN,29-Apr-2021,1280,PE,0,0,0,0.35,0.25,0,0,750,0,19-APR-2021,
OPTSTK,TITAN,29-Apr-2021,1300,PE,1.25,2,1.2,1.25,1.25,8,78.08,199500,-750,19-APR-2021,
OPTSTK,TITAN,29-Apr-2021,1320,PE,0,0,0,3.1,0.8,0,0,750,0,19-APR-2021,
OPTSTK,TITAN,29-Apr-2021,1340,PE,2.25,3,2.25,2.5,1.4,4,40.28,54750,-1500,19-APR-2021,
OPTSTK,TITAN,29-Apr-2021,1360,PE,3.35,3.5,2.2,2.6,2.4,12,122.67,51750,3750,19-APR-2021,
OPTSTK,TITAN,29-Apr-2021,1380,PE,3.45,4.35,3,3.05,3.05,60,622.58,60000,8250,19-APR-2021,
OPTSTK,TITAN,29-Apr-2021,1400,PE,6.8,6.8,3.4,4,4,603,6353.48,285000,27000,19-APR-2021,
OPTSTK,TITAN,29-Apr-2021,1420,PE,7.8,7.9,5,5.15,5.15,45,481.28,71250,9000,19-APR-2021,
OPTSTK,TITAN,29-Apr-2021,1440,PE,8,10.8,6.75,7.1,7.1,238,2585.57,135750,30000,19-APR-2021,
OPTSTK,TITAN,29-Apr-2021,1460,PE,12,15,9.45,10.3,10.3,434,4791.62,99000,-20250,19-APR-2021,
OPTSTK,TITAN,29-Apr-2021,1480,PE,14.15,21.2,13.4,14.75,14.75,203,2279.16,126750,-750,19-APR-2021,
OPTSTK,TITAN,29-Apr-2021,1500,PE,22.2,29.2,19,21.1,21.1,995,11372.97,239250,20250,19-APR-2021,
OPTSTK,TITAN,29-Apr-2021,1520,PE,30.05,39.45,26.1,29.45,29.45,234,2725.42,161250,-12750,19-APR-2021,
OPTSTK,TITAN,29-Apr-2021,1540,PE,40.3,51.5,37.25,40.95,40.95,230,2735.59,126750,-39000,19-APR-2021,
OPTSTK,TITAN,29-Apr-2021,1560,PE,61,64.65,51,51,65.6,36,437.58,84000,-7500,19-APR-2021,
OPTSTK,TITAN,29-Apr-2021,1580,PE,75.15,75.15,75.15,75.15,79.4,1,12.41,77250,-750,19-APR-2021,
OPTSTK,TITAN,29-Apr-2021,1600,PE,100,100,89,96,94.4,4,50.88,93000,0,19-APR-2021,
OPTSTK,TITAN,29-Apr-2021,1620,PE,0,0,0,80,110.5,0,0,21750,0,19-APR-2021,
OPTSTK,TITAN,29-Apr-2021,1640,PE,0,0,0,119.5,127.45,0,0,5250,0,19-APR-2021,
OPTSTK,TITAN,29-Apr-2021,1660,PE,0,0,0,116.75,145.15,0,0,1500,0,19-APR-2021,
OPTSTK,TITAN,29-Apr-2021,1680,PE,0,0,0,269.25,163.45,0,0,0,0,19-APR-2021,
OPTSTK,TITAN,29-Apr-2021,1700,PE,0,0,0,284.7,182.25,0,0,0,0,19-APR-2021,
OPTSTK,TITAN,29-Apr-2021,1720,PE,0,0,0,300.4,201.35,0,0,0,0,19-APR-2021,
OPTSTK,TITAN,29-Apr-2021,1740,PE,0,0,0,316.4,220.75,0,0,0,0,19-APR-2021,
OPTSTK,TITAN,29-Apr-2021,1760,PE,0,0,0,332.7,240.3,0,0,0,0,19-APR-2021,
OPTSTK,TITAN,29-Apr-2021,1780,PE,0,0,0,349.25,260,0,0,0,0,19-APR-2021,
OPTSTK,TITAN,29-Apr-2021,1800,PE,0,0,0,366.05,279.85,0,0,0,0,19-APR-2021,
OPTSTK,TITAN,29-Apr-2021,1820,PE,0,0,0,383.05,299.7,0,0,0,0,19-APR-2021,
OPTSTK,TITAN,29-Apr-2021,1840,PE,0,0,0,400.3,319.6,0,0,0,0,19-APR-2021,
OPTSTK,TITAN,29-Apr-2021,1860,PE,0,0,0,417.75,339.55,0,0,0,0,19-APR-2021,
OPTSTK,TITAN,29-Apr-2021,1880,PE,0,0,0,435.35,359.5,0,0,0,0,19-APR-2021,
OPTSTK,TITAN,29-Apr-2021,1900,PE,0,0,0,453.15,379.45,0,0,0,0,19-APR-2021,
OPTSTK,TITAN,27-May-2021,960,CE,0,0,0,486.15,562.45,0,0,0,0,19-APR-2021,
OPTSTK,TITAN,27-May-2021,980,CE,0,0,0,467.15,542.55,0,0,0,0,19-APR-2021,
OPTSTK,TITAN,27-May-2021,1000,CE,0,0,0,448.3,522.65,0,0,0,0,19-APR-2021,
OPTSTK,TITAN,27-May-2021,1020,CE,0,0,0,429.7,502.75,0,0,0,0,19-APR-2021,
OPTSTK,TITAN,27-May-2021,1040,CE,0,0,0,411.3,482.9,0,0,0,0,19-APR-2021,
OPTSTK,TITAN,27-May-2021,1060,CE,0,0,0,393.15,463.05,0,0,0,0,19-APR-2021,
OPTSTK,TITAN,27-May-2021,1080,CE,0,0,0,375.25,443.25,0,0,0,0,19-APR-2021,
OPTSTK,TITAN,27-May-2021,1100,CE,0,0,0,357.7,423.5,0,0,0,0,19-APR-2021,
OPTSTK,TITAN,27-May-2021,1120,CE,0,0,0,340.5,403.8,0,0,0,0,19-APR-2021,
OPTSTK,TITAN,27-May-2021,1140,CE,0,0,0,323.65,384.2,0,0,0,0,19-APR-2021,
OPTSTK,TITAN,27-May-2021,1160,CE,0,0,0,307.15,364.75,0,0,0,0,19-APR-2021,
OPTSTK,TITAN,27-May-2021,1180,CE,0,0,0,291.1,345.4,0,0,0,0,19-APR-2021,
OPTSTK,TITAN,27-May-2021,1200,CE,0,0,0,275.5,326.3,0,0,0,0,19-APR-2021,
OPTSTK,TITAN,27-May-2021,1220,CE,0,0,0,260.3,307.4,0,0,0,0,19-APR-2021,
OPTSTK,TITAN,27-May-2021,1240,CE,0,0,0,245.65,288.8,0,0,0,0,19-APR-2021,
OPTSTK,TITAN,27-May-2021,1260,CE,0,0,0,231.45,270.5,0,0,0,0,19-APR-2021,
OPTSTK,TITAN,27-May-2021,1280,CE,0,0,0,217.75,252.6,0,0,0,0,19-APR-2021,
OPTSTK,TITAN,27-May-2021,1300,CE,0,0,0,204.5,235.1,0,0,0,0,19-APR-2021,
OPTSTK,TITAN,27-May-2021,1320,CE,0,0,0,191.85,218.15,0,0,0,0,19-APR-2021,
OPTSTK,TITAN,27-May-2021,1340,CE,0,0,0,179.7,201.7,0,0,0,0,19-APR-2021,
OPTSTK,TITAN,27-May-2021,1360,CE,0,0,0,168.1,185.85,0,0,0,0,19-APR-2021,
OPTSTK,TITAN,27-May-2021,1380,CE,0,0,0,157,170.65,0,0,0,0,19-APR-2021,
OPTSTK,TITAN,27-May-2021,1400,CE,0,0,0,146.45,156.15,0,0,0,0,19-APR-2021,
OPTSTK,TITAN,27-May-2021,1420,CE,0,0,0,136.45,142.25,0,0,0,0,19-APR-2021,
OPTSTK,TITAN,27-May-2021,1440,CE,0,0,0,126.95,129.15,0,0,0,0,19-APR-2021,
OPTSTK,TITAN,27-May-2021,1460,CE,0,0,0,117.95,116.85,0,0,0,0,19-APR-2021,
OPTSTK,TITAN,27-May-2021,1480,CE,0,0,0,109.4,105.3,0,0,0,0,19-APR-2021,
OPTSTK,TITAN,27-May-2021,1500,CE,0,0,0,80,94.55,0,0,750,0,19-APR-2021,
OPTSTK,TITAN,27-May-2021,1520,CE,0,0,0,93.85,84.55,0,0,0,0,19-APR-2021,
OPTSTK,TITAN,27-May-2021,1540,CE,0,0,0,86.75,75.3,0,0,0,0,19-APR-2021,
OPTSTK,TITAN,27-May-2021,1560,CE,0,0,0,62.25,66.85,0,0,750,0,19-APR-2021,
OPTSTK,TITAN,27-May-2021,1580,CE,0,0,0,73.85,59.1,0,0,0,0,19-APR-2021,
OPTSTK,TITAN,27-May-2021,1600,CE,34.1,49.5,31,34.5,52.1,25,306.84,31500,6000,19-APR-2021,
OPTSTK,TITAN,27-May-2021,1620,CE,0,0,0,62.6,45.7,0,0,0,0,19-APR-2021,
OPTSTK,TITAN,27-May-2021,1640,CE,0,0,0,57.6,39.95,0,0,0,0,19-APR-2021,
OPTSTK,TITAN,27-May-2021,1660,CE,0,0,0,52.9,34.9,0,0,0,0,19-APR-2021,
OPTSTK,TITAN,27-May-2021,1680,CE,0,0,0,48.55,30.35,0,0,0,0,19-APR-2021,
OPTSTK,TITAN,27-May-2021,1700,CE,14,14,13.55,13.7,26.2,8,102.81,21750,-6000,19-APR-2021,
OPTSTK,TITAN,27-May-2021,1720,CE,0,0,0,40.7,22.6,0,0,0,0,19-APR-2021,
OPTSTK,TITAN,27-May-2021,1740,CE,0,0,0,37.2,19.45,0,0,0,0,19-APR-2021,
OPTSTK,TITAN,27-May-2021,1760,CE,0,0,0,34,16.65,0,0,0,0,19-APR-2021,
OPTSTK,TITAN,27-May-2021,1780,CE,0,0,0,31.05,14.2,0,0,0,0,19-APR-2021,
OPTSTK,TITAN,27-May-2021,1800,CE,7,7,7,7,12.1,2,27.1,3000,1500,19-APR-2021,
OPTSTK,TITAN,27-May-2021,1820,CE,0,0,0,25.8,10.25,0,0,0,0,19-APR-2021,
OPTSTK,TITAN,27-May-2021,1840,CE,0,0,0,23.45,8.7,0,0,0,0,19-APR-2021,
OPTSTK,TITAN,27-May-2021,1860,CE,0,0,0,21.35,7.3,0,0,0,0,19-APR-2021,
OPTSTK,TITAN,27-May-2021,1880,CE,0,0,0,19.4,6.15,0,0,0,0,19-APR-2021,
OPTSTK,TITAN,27-May-2021,1900,CE,0,0,0,17.65,5.15,0,0,0,0,19-APR-2021,
OPTSTK,TITAN,27-May-2021,960,PE,0,0,0,2.8,0.05,0,0,0,0,19-APR-2021,
OPTSTK,TITAN,27-May-2021,980,PE,0,0,0,3.6,0.05,0,0,0,0,19-APR-2021,
OPTSTK,TITAN,27-May-2021,1000,PE,0,0,0,4.55,0.05,0,0,0,0,19-APR-2021,
OPTSTK,TITAN,27-May-2021,1020,PE,0,0,0,5.75,0.1,0,0,0,0,19-APR-2021,
OPTSTK,TITAN,27-May-2021,1040,PE,0,0,0,7.15,0.15,0,0,0,0,19-APR-2021,
OPTSTK,TITAN,27-May-2021,1060,PE,0,0,0,8.8,0.2,0,0,0,0,19-APR-2021,
OPTSTK,TITAN,27-May-2021,1080,PE,0,0,0,10.75,0.35,0,0,0,0,19-APR-2021,
OPTSTK,TITAN,27-May-2021,1100,PE,0,0,0,13,0.5,0,0,0,0,19-APR-2021,
OPTSTK,TITAN,27-May-2021,1120,PE,0,0,0,15.6,0.75,0,0,0,0,19-APR-2021,
OPTSTK,TITAN,27-May-2021,1140,PE,0,0,0,18.55,1.05,0,0,0,0,19-APR-2021,
OPTSTK,TITAN,27-May-2021,1160,PE,0,0,0,21.9,1.5,0,0,0,0,19-APR-2021,
OPTSTK,TITAN,27-May-2021,1180,PE,0,0,0,25.7,2.1,0,0,0,0,19-APR-2021,
OPTSTK,TITAN,27-May-2021,1200,PE,0,0,0,29.85,2.9,0,0,0,0,19-APR-2021,
OPTSTK,TITAN,27-May-2021,1220,PE,0,0,0,34.5,3.95,0,0,0,0,19-APR-2021,
OPTSTK,TITAN,27-May-2021,1240,PE,0,0,0,39.7,5.25,0,0,0,0,19-APR-2021,
OPTSTK,TITAN,27-May-2021,1260,PE,0,0,0,45.3,6.9,0,0,0,0,19-APR-2021,
OPTSTK,TITAN,27-May-2021,1280,PE,0,0,0,51.4,8.9,0,0,0,0,19-APR-2021,
OPTSTK,TITAN,27-May-2021,1300,PE,0,0,0,57.95,11.35,0,0,0,0,19-APR-2021,
OPTSTK,TITAN,27-May-2021,1320,PE,0,0,0,65.1,14.3,0,0,0,0,19-APR-2021,
OPTSTK,TITAN,27-May-2021,1340,PE,0,0,0,72.8,17.8,0,0,0,0,19-APR-2021,
OPTSTK,TITAN,27-May-2021,1360,PE,0,0,0,15,21.85,0,0,750,0,19-APR-2021,
OPTSTK,TITAN,27-May-2021,1380,PE,0,0,0,89.75,26.55,0,0,0,0,19-APR-2021,
OPTSTK,TITAN,27-May-2021,1400,PE,18.1,38.95,18.1,21.05,31.95,22,234.67,36750,5250,19-APR-2021,
OPTSTK,TITAN,27-May-2021,1420,PE,0,0,0,108.8,38,0,0,0,0,19-APR-2021,
OPTSTK,TITAN,27-May-2021,1440,PE,0,0,0,119.1,44.85,0,0,0,0,19-APR-2021,
OPTSTK,TITAN,27-May-2021,1460,PE,0,0,0,129.9,52.45,0,0,0,0,19-APR-2021,
OPTSTK,TITAN,27-May-2021,1480,PE,0,0,0,141.2,60.85,0,0,0,0,19-APR-2021,
OPTSTK,TITAN,27-May-2021,1500,PE,0,0,0,49.75,70,0,0,6750,0,19-APR-2021,
OPTSTK,TITAN,27-May-2021,1520,PE,69.7,69.7,69.7,69.7,79.9,1,11.92,9000,0,19-APR-2021,
OPTSTK,TITAN,27-May-2021,1540,PE,0,0,0,177.95,90.6,0,0,0,0,19-APR-2021,
OPTSTK,TITAN,27-May-2021,1560,PE,0,0,0,69,102.1,0,0,3750,0,19-APR-2021,
OPTSTK,TITAN,27-May-2021,1580,PE,0,0,0,204.7,114.25,0,0,0,0,19-APR-2021,
OPTSTK,TITAN,27-May-2021,1600,PE,0,0,0,218.7,127.15,0,0,0,0,19-APR-2021,
OPTSTK,TITAN,27-May-2021,1620,PE,0,0,0,233.05,140.7,0,0,0,0,19-APR-2021,
OPTSTK,TITAN,27-May-2021,1640,PE,0,0,0,247.9,154.9,0,0,0,0,19-APR-2021,
OPTSTK,TITAN,27-May-2021,1660,PE,0,0,0,263,169.75,0,0,0,0,19-APR-2021,
OPTSTK,TITAN,27-May-2021,1680,PE,0,0,0,278.45,185.1,0,0,0,0,19-APR-2021,
OPTSTK,TITAN,27-May-2021,1700,PE,0,0,0,294.2,200.9,0,0,0,0,19-APR-2021,
OPTSTK,TITAN,27-May-2021,1720,PE,0,0,0,310.2,217.2,0,0,0,0,19-APR-2021,
OPTSTK,TITAN,27-May-2021,1740,PE,0,0,0,326.55,233.95,0,0,0,0,19-APR-2021,
OPTSTK,TITAN,27-May-2021,1760,PE,0,0,0,343.15,251.1,0,0,0,0,19-APR-2021,
OPTSTK,TITAN,27-May-2021,1780,PE,0,0,0,360,268.55,0,0,0,0,19-APR-2021,
OPTSTK,TITAN,27-May-2021,1800,PE,0,0,0,377.1,286.4,0,0,0,0,19-APR-2021,
OPTSTK,TITAN,27-May-2021,1820,PE,0,0,0,394.4,304.45,0,0,0,0,19-APR-2021,
OPTSTK,TITAN,27-May-2021,1840,PE,0,0,0,411.9,322.8,0,0,0,0,19-APR-2021,
OPTSTK,TITAN,27-May-2021,1860,PE,0,0,0,429.6,341.35,0,0,0,0,19-APR-2021,
OPTSTK,TITAN,27-May-2021,1880,PE,0,0,0,447.45,360.15,0,0,0,0,19-APR-2021,
OPTSTK,TITAN,27-May-2021,1900,PE,0,0,0,465.5,379.05,0,0,0,0,19-APR-2021,
OPTSTK,TITAN,24-Jun-2021,960,CE,0,0,0,501.8,565.55,0,0,0,0,19-APR-2021,
OPTSTK,TITAN,24-Jun-2021,980,CE,0,0,0,482.6,545.8,0,0,0,0,19-APR-2021,
OPTSTK,TITAN,24-Jun-2021,1000,CE,0,0,0,463.55,526.15,0,0,0,0,19-APR-2021,
OPTSTK,TITAN,24-Jun-2021,1020,CE,0,0,0,444.7,506.55,0,0,0,0,19-APR-2021,
OPTSTK,TITAN,24-Jun-2021,1040,CE,0,0,0,426.05,487,0,0,0,0,19-APR-2021,
OPTSTK,TITAN,24-Jun-2021,1060,CE,0,0,0,407.6,467.6,0,0,0,0,19-APR-2021,
OPTSTK,TITAN,24-Jun-2021,1080,CE,0,0,0,389.4,448.3,0,0,0,0,19-APR-2021,
OPTSTK,TITAN,24-Jun-2021,1100,CE,0,0,0,371.5,429.15,0,0,0,0,19-APR-2021,
OPTSTK,TITAN,24-Jun-2021,1120,CE,0,0,0,353.9,410.2,0,0,0,0,19-APR-2021,
OPTSTK,TITAN,24-Jun-2021,1140,CE,0,0,0,336.6,391.4,0,0,0,0,19-APR-2021,
OPTSTK,TITAN,24-Jun-2021,1160,CE,0,0,0,319.7,372.9,0,0,0,0,19-APR-2021,
OPTSTK,TITAN,24-Jun-2021,1180,CE,0,0,0,303.2,354.6,0,0,0,0,19-APR-2021,
OPTSTK,TITAN,24-Jun-2021,1200,CE,0,0,0,287.1,336.65,0,0,0,0,19-APR-2021,
OPTSTK,TITAN,24-Jun-2021,1220,CE,0,0,0,271.45,319,0,0,0,0,19-APR-2021,
OPTSTK,TITAN,24-Jun-2021,1240,CE,0,0,0,256.25,301.75,0,0,0,0,19-APR-2021,
OPTSTK,TITAN,24-Jun-2021,1260,CE,0,0,0,241.6,284.9,0,0,0,0,19-APR-2021,
OPTSTK,TITAN,24-Jun-2021,1280,CE,0,0,0,227.35,268.45,0,0,0,0,19-APR-2021,
OPTSTK,TITAN,24-Jun-2021,1300,CE,0,0,0,213.65,252.45,0,0,0,0,19-APR-2021,
OPTSTK,TITAN,24-Jun-2021,1320,CE,0,0,0,200.4,236.95,0,0,0,0,19-APR-2021,
OPTSTK,TITAN,24-Jun-2021,1340,CE,0,0,0,187.75,222,0,0,0,0,19-APR-2021,
OPTSTK,TITAN,24-Jun-2021,1360,CE,0,0,0,175.6,207.55,0,0,0,0,19-APR-2021,
OPTSTK,TITAN,24-Jun-2021,1380,CE,0,0,0,164,193.55,0,0,0,0,19-APR-2021,
OPTSTK,TITAN,24-Jun-2021,1400,CE,0,0,0,152.95,180.25,0,0,0,0,19-APR-2021,
OPTSTK,TITAN,24-Jun-2021,1420,CE,0,0,0,142.45,167.5,0,0,0,0,19-APR-2021,
OPTSTK,TITAN,24-Jun-2021,1440,CE,0,0,0,132.5,155.35,0,0,0,0,19-APR-2021,
OPTSTK,TITAN,24-Jun-2021,1460,CE,0,0,0,123,143.8,0,0,0,0,19-APR-2021,
OPTSTK,TITAN,24-Jun-2021,1480,CE,0,0,0,114.1,132.8,0,0,0,0,19-APR-2021,
OPTSTK,TITAN,24-Jun-2021,1500,CE,0,0,0,105.65,122.45,0,0,0,0,19-APR-2021,
OPTSTK,TITAN,24-Jun-2021,1520,CE,0,0,0,97.7,112.65,0,0,0,0,19-APR-2021,
OPTSTK,TITAN,24-Jun-2021,1540,CE,0,0,0,90.25,103.45,0,0,0,0,19-APR-2021,
OPTSTK,TITAN,24-Jun-2021,1560,CE,0,0,0,83.25,94.85,0,0,0,0,19-APR-2021,
OPTSTK,TITAN,24-Jun-2021,1580,CE,0,0,0,76.65,86.75,0,0,0,0,19-APR-2021,
OPTSTK,TITAN,24-Jun-2021,1600,CE,0,0,0,70.55,79.25,0,0,0,0,19-APR-2021,
OPTSTK,TITAN,24-Jun-2021,1620,CE,0,0,0,64.8,72.25,0,0,0,0,19-APR-2021,
OPTSTK,TITAN,24-Jun-2021,1640,CE,0,0,0,59.5,65.7,0,0,0,0,19-APR-2021,
OPTSTK,TITAN,24-Jun-2021,1660,CE,0,0,0,54.6,59.7,0,0,0,0,19-APR-2021,
OPTSTK,TITAN,24-Jun-2021,1680,CE,0,0,0,50.05,54.1,0,0,0,0,19-APR-2021,
OPTSTK,TITAN,24-Jun-2021,1700,CE,0,0,0,45.8,49.05,0,0,0,0,19-APR-2021,
OPTSTK,TITAN,24-Jun-2021,1720,CE,0,0,0,41.8,44.35,0,0,0,0,19-APR-2021,
OPTSTK,TITAN,24-Jun-2021,1740,CE,0,0,0,38.15,40.05,0,0,0,0,19-APR-2021,
OPTSTK,TITAN,24-Jun-2021,1760,CE,0,0,0,34.8,36,0,0,0,0,19-APR-2021,
OPTSTK,TITAN,24-Jun-2021,1780,CE,0,0,0,31.7,32.4,0,0,0,0,19-APR-2021,
OPTSTK,TITAN,24-Jun-2021,1800,CE,0,0,0,28.85,29.1,0,0,0,0,19-APR-2021,
OPTSTK,TITAN,24-Jun-2021,1820,CE,0,0,0,26.2,26.1,0,0,0,0,19-APR-2021,
OPTSTK,TITAN,24-Jun-2021,1840,CE,0,0,0,23.8,23.35,0,0,0,0,19-APR-2021,
OPTSTK,TITAN,24-Jun-2021,1860,CE,0,0,0,21.6,20.9,0,0,0,0,19-APR-2021,
OPTSTK,TITAN,24-Jun-2021,1880,CE,0,0,0,19.6,18.65,0,0,0,0,19-APR-2021,
OPTSTK,TITAN,24-Jun-2021,1900,CE,0,0,0,17.75,16.65,0,0,0,0,19-APR-2021,
OPTSTK,TITAN,24-Jun-2021,960,PE,0,0,0,2,0.35,0,0,0,0,19-APR-2021,
OPTSTK,TITAN,24-Jun-2021,980,PE,0,0,0,2.65,0.5,0,0,0,0,19-APR-2021,
OPTSTK,TITAN,24-Jun-2021,1000,PE,0,0,0,3.4,0.7,0,0,0,0,19-APR-2021,
OPTSTK,TITAN,24-Jun-2021,1020,PE,0,0,0,4.35,0.95,0,0,0,0,19-APR-2021,
OPTSTK,TITAN,24-Jun-2021,1040,PE,0,0,0,5.5,1.3,0,0,0,0,19-APR-2021,
OPTSTK,TITAN,24-Jun-2021,1060,PE,0,0,0,6.85,1.75,0,0,0,0,19-APR-2021,
OPTSTK,TITAN,24-Jun-2021,1080,PE,0,0,0,8.5,2.3,0,0,0,0,19-APR-2021,
OPTSTK,TITAN,24-Jun-2021,1100,PE,0,0,0,10.4,3,0,0,0,0,19-APR-2021,
OPTSTK,TITAN,24-Jun-2021,1120,PE,0,0,0,12.6,3.9,0,0,0,0,19-APR-2021,
OPTSTK,TITAN,24-Jun-2021,1140,PE,0,0,0,15.15,5,0,0,0,0,19-APR-2021,
OPTSTK,TITAN,24-Jun-2021,1160,PE,0,0,0,18.1,6.35,0,0,0,0,19-APR-2021,
OPTSTK,TITAN,24-Jun-2021,1180,PE,0,0,0,21.4,7.95,0,0,0,0,19-APR-2021,
OPTSTK,TITAN,24-Jun-2021,1200,PE,0,0,0,25.1,9.85,0,0,0,0,19-APR-2021,
OPTSTK,TITAN,24-Jun-2021,1220,PE,0,0,0,29.25,12.05,0,0,0,0,19-APR-2021,
OPTSTK,TITAN,24-Jun-2021,1240,PE,0,0,0,33.9,14.65,0,0,0,0,19-APR-2021,
OPTSTK,TITAN,24-Jun-2021,1260,PE,0,0,0,39,17.65,0,0,0,0,19-APR-2021,
OPTSTK,TITAN,24-Jun-2021,1280,PE,0,0,0,44.6,21.1,0,0,0,0,19-APR-2021,
OPTSTK,TITAN,24-Jun-2021,1300,PE,0,0,0,50.7,24.95,0,0,0,0,19-APR-2021,
OPTSTK,TITAN,24-Jun-2021,1320,PE,0,0,0,57.25,29.3,0,0,0,0,19-APR-2021,
OPTSTK,TITAN,24-Jun-2021,1340,PE,0,0,0,64.4,34.25,0,0,0,0,19-APR-2021,
OPTSTK,TITAN,24-Jun-2021,1360,PE,0,0,0,72.1,39.65,0,0,0,0,19-APR-2021,
OPTSTK,TITAN,24-Jun-2021,1380,PE,0,0,0,80.35,45.55,0,0,0,0,19-APR-2021,
OPTSTK,TITAN,24-Jun-2021,1400,PE,0,0,0,89.1,52.05,0,0,0,0,19-APR-2021,
OPTSTK,TITAN,24-Jun-2021,1420,PE,0,0,0,98.4,59.2,0,0,0,0,19-APR-2021,
OPTSTK,TITAN,24-Jun-2021,1440,PE,0,0,0,108.25,66.9,0,0,0,0,19-APR-2021,
OPTSTK,TITAN,24-Jun-2021,1460,PE,0,0,0,118.6,75.2,0,0,0,0,19-APR-2021,
OPTSTK,TITAN,24-Jun-2021,1480,PE,0,0,0,129.45,84.1,0,0,0,0,19-APR-2021,
OPTSTK,TITAN,24-Jun-2021,1500,PE,0,0,0,140.85,93.6,0,0,0,0,19-APR-2021,
OPTSTK,TITAN,24-Jun-2021,1520,PE,0,0,0,152.7,103.7,0,0,0,0,19-APR-2021,
OPTSTK,TITAN,24-Jun-2021,1540,PE,0,0,0,165.05,114.35,0,0,0,0,19-APR-2021,
OPTSTK,TITAN,24-Jun-2021,1560,PE,0,0,0,177.85,125.6,0,0,0,0,19-APR-2021,
OPTSTK,TITAN,24-Jun-2021,1580,PE,0,0,0,191.1,137.4,0,0,0,0,19-APR-2021,
OPTSTK,TITAN,24-Jun-2021,1600,PE,0,0,0,204.8,149.75,0,0,0,0,19-APR-2021,
OPTSTK,TITAN,24-Jun-2021,1620,PE,0,0,0,218.9,162.6,0,0,0,0,19-APR-2021,
OPTSTK,TITAN,24-Jun-2021,1640,PE,0,0,0,233.4,175.95,0,0,0,0,19-APR-2021,
OPTSTK,TITAN,24-Jun-2021,1660,PE,0,0,0,248.3,189.75,0,0,0,0,19-APR-2021,
OPTSTK,TITAN,24-Jun-2021,1680,PE,0,0,0,263.55,204.05,0,0,0,0,19-APR-2021,
OPTSTK,TITAN,24-Jun-2021,1700,PE,0,0,0,279.1,218.85,0,0,0,0,19-APR-2021,
OPTSTK,TITAN,24-Jun-2021,1720,PE,0,0,0,294.95,234.05,0,0,0,0,19-APR-2021,
OPTSTK,TITAN,24-Jun-2021,1740,PE,0,0,0,311.1,249.6,0,0,0,0,19-APR-2021,
OPTSTK,TITAN,24-Jun-2021,1760,PE,0,0,0,327.55,265.45,0,0,0,0,19-APR-2021,
OPTSTK,TITAN,24-Jun-2021,1780,PE,0,0,0,344.3,281.65,0,0,0,0,19-APR-2021,
OPTSTK,TITAN,24-Jun-2021,1800,PE,0,0,0,361.25,298.25,0,0,0,0,19-APR-2021,
OPTSTK,TITAN,24-Jun-2021,1820,PE,0,0,0,378.45,315.1,0,0,0,0,19-APR-2021,
OPTSTK,TITAN,24-Jun-2021,1840,PE,0,0,0,395.85,332.25,0,0,0,0,19-APR-2021,
OPTSTK,TITAN,24-Jun-2021,1860,PE,0,0,0,413.45,349.6,0,0,0,0,19-APR-2021,
OPTSTK,TITAN,24-Jun-2021,1880,PE,0,0,0,431.25,367.25,0,0,0,0,19-APR-2021,
OPTSTK,TITAN,24-Jun-2021,1900,PE,0,0,0,449.2,385.1,0,0,0,0,19-APR-2021,
OPTSTK,TORNTPHARM,29-Apr-2021,1750,CE,0,0,0,933.65,847.95,0,0,0,0,19-APR-2021,
OPTSTK,TORNTPHARM,29-Apr-2021,1800,CE,0,0,0,885.7,798,0,0,0,0,19-APR-2021,
OPTSTK,TORNTPHARM,29-Apr-2021,1850,CE,0,0,0,838.25,748.05,0,0,0,0,19-APR-2021,
OPTSTK,TORNTPHARM,29-Apr-2021,1900,CE,0,0,0,791.45,698.1,0,0,0,0,19-APR-2021,
OPTSTK,TORNTPHARM,29-Apr-2021,1950,CE,0,0,0,745.4,648.15,0,0,0,0,19-APR-2021,
OPTSTK,TORNTPHARM,29-Apr-2021,2000,CE,0,0,0,700.25,598.2,0,0,0,0,19-APR-2021,
OPTSTK,TORNTPHARM,29-Apr-2021,2040,CE,0,0,0,420.4,558.25,0,0,0,0,19-APR-2021,
OPTSTK,TORNTPHARM,29-Apr-2021,2050,CE,0,0,0,656.15,548.25,0,0,0,0,19-APR-2021,
OPTSTK,TORNTPHARM,29-Apr-2021,2060,CE,0,0,0,402.25,538.3,0,0,0,0,19-APR-2021,
OPTSTK,TORNTPHARM,29-Apr-2021,2080,CE,0,0,0,384.4,518.3,0,0,0,0,19-APR-2021,
OPTSTK,TORNTPHARM,29-Apr-2021,2100,CE,0,0,0,613.15,498.35,0,0,0,0,19-APR-2021,
OPTSTK,TORNTPHARM,29-Apr-2021,2120,CE,0,0,0,349.45,478.35,0,0,0,0,19-APR-2021,
OPTSTK,TORNTPHARM,29-Apr-2021,2140,CE,0,0,0,332.5,458.4,0,0,0,0,19-APR-2021,
OPTSTK,TORNTPHARM,29-Apr-2021,2150,CE,0,0,0,571.4,448.45,0,0,0,0,19-APR-2021,
OPTSTK,TORNTPHARM,29-Apr-2021,2160,CE,0,0,0,315.85,438.5,0,0,0,0,19-APR-2021,
OPTSTK,TORNTPHARM,29-Apr-2021,2180,CE,0,0,0,299.6,418.6,0,0,0,0,19-APR-2021,
OPTSTK,TORNTPHARM,29-Apr-2021,2200,CE,0,0,0,531.05,398.7,0,0,0,0,19-APR-2021,
OPTSTK,TORNTPHARM,29-Apr-2021,2220,CE,0,0,0,268.25,378.9,0,0,0,0,19-APR-2021,
OPTSTK,TORNTPHARM,29-Apr-2021,2240,CE,0,0,0,253.35,359.15,0,0,0,0,19-APR-2021,
OPTSTK,TORNTPHARM,29-Apr-2021,2250,CE,0,0,0,492.15,349.3,0,0,0,0,19-APR-2021,
OPTSTK,TORNTPHARM,29-Apr-2021,2260,CE,0,0,0,238.75,339.5,0,0,0,0,19-APR-2021,
OPTSTK,TORNTPHARM,29-Apr-2021,2280,CE,0,0,0,224.55,319.95,0,0,0,0,19-APR-2021,
OPTSTK,TORNTPHARM,29-Apr-2021,2300,CE,0,0,0,202,300.55,0,0,250,0,19-APR-2021,
OPTSTK,TORNTPHARM,29-Apr-2021,2320,CE,0,0,0,197.8,281.4,0,0,0,0,19-APR-2021,
OPTSTK,TORNTPHARM,29-Apr-2021,2340,CE,0,0,0,185.2,262.5,0,0,0,0,19-APR-2021,
OPTSTK,TORNTPHARM,29-Apr-2021,2350,CE,0,0,0,419.25,253.15,0,0,0,0,19-APR-2021,
OPTSTK,TORNTPHARM,29-Apr-2021,2360,CE,0,0,0,173.1,243.9,0,0,0,0,19-APR-2021,
OPTSTK,TORNTPHARM,29-Apr-2021,2380,CE,0,0,0,161.5,225.65,0,0,0,0,19-APR-2021,
OPTSTK,TORNTPHARM,29-Apr-2021,2400,CE,0,0,0,197.25,207.85,0,0,1000,0,19-APR-2021,
OPTSTK,TORNTPHARM,29-Apr-2021,2420,CE,0,0,0,139.9,190.55,0,0,0,0,19-APR-2021,
OPTSTK,TORNTPHARM,29-Apr-2021,2440,CE,0,0,0,129.85,173.85,0,0,0,0,19-APR-2021,
OPTSTK,TORNTPHARM,29-Apr-2021,2450,CE,0,0,0,160.15,165.7,0,0,2000,0,19-APR-2021,
OPTSTK,TORNTPHARM,29-Apr-2021,2460,CE,0,0,0,120.3,157.75,0,0,0,0,19-APR-2021,
OPTSTK,TORNTPHARM,29-Apr-2021,2480,CE,0,0,0,111.3,142.4,0,0,0,0,19-APR-2021,
OPTSTK,TORNTPHARM,29-Apr-2021,2500,CE,149,149,142,142,127.8,5,33.08,8750,0,19-APR-2021,
OPTSTK,TORNTPHARM,29-Apr-2021,2520,CE,0,0,0,94.75,114.05,0,0,0,0,19-APR-2021,
OPTSTK,TORNTPHARM,29-Apr-2021,2540,CE,0,0,0,87.2,101.15,0,0,0,0,19-APR-2021,
OPTSTK,TORNTPHARM,29-Apr-2021,2550,CE,0,0,0,125,95.05,0,0,6250,0,19-APR-2021,
OPTSTK,TORNTPHARM,29-Apr-2021,2560,CE,0,0,0,115.15,89.15,0,0,500,0,19-APR-2021,
OPTSTK,TORNTPHARM,29-Apr-2021,2580,CE,0,0,0,73.45,78.1,0,0,0,0,19-APR-2021,
OPTSTK,TORNTPHARM,29-Apr-2021,2600,CE,99.3,113.6,77.05,89,89,282,1900.92,48000,10000,19-APR-2021,
OPTSTK,TORNTPHARM,29-Apr-2021,2620,CE,0,0,0,61.5,58.75,0,0,0,0,19-APR-2021,
OPTSTK,TORNTPHARM,29-Apr-2021,2640,CE,0,0,0,56.1,50.45,0,0,0,0,19-APR-2021,
OPTSTK,TORNTPHARM,29-Apr-2021,2650,CE,63.9,89.6,62,67.35,67.35,64,436.07,18750,2250,19-APR-2021,
OPTSTK,TORNTPHARM,29-Apr-2021,2660,CE,0,0,0,51.25,43,0,0,0,0,19-APR-2021,
OPTSTK,TORNTPHARM,29-Apr-2021,2680,CE,0,0,0,100,36.45,0,0,250,0,19-APR-2021,
OPTSTK,TORNTPHARM,29-Apr-2021,2700,CE,59.95,69.7,42,48,48,342,2357.28,57000,6250,19-APR-2021,
OPTSTK,TORNTPHARM,29-Apr-2021,2720,CE,0,0,0,38.35,25.75,0,0,0,0,19-APR-2021,
OPTSTK,TORNTPHARM,29-Apr-2021,2740,CE,0,0,0,34.7,21.25,0,0,0,0,19-APR-2021,
OPTSTK,TORNTPHARM,29-Apr-2021,2750,CE,43.3,53,35.8,35.8,35.8,15,104.77,3500,-500,19-APR-2021,
OPTSTK,TORNTPHARM,29-Apr-2021,2760,CE,0,0,0,31.4,17.5,0,0,0,0,19-APR-2021,
OPTSTK,TORNTPHARM,29-Apr-2021,2780,CE,0,0,0,28.3,14.35,0,0,0,0,19-APR-2021,
OPTSTK,TORNTPHARM,29-Apr-2021,2800,CE,23,38,20.15,25,11.65,33,233.42,23000,-250,19-APR-2021,
OPTSTK,TORNTPHARM,29-Apr-2021,2820,CE,0,0,0,22.95,9.4,0,0,0,0,19-APR-2021,
OPTSTK,TORNTPHARM,29-Apr-2021,2840,CE,0,0,0,20.6,7.55,0,0,0,0,19-APR-2021,
OPTSTK,TORNTPHARM,29-Apr-2021,2850,CE,0,0,0,160,6.7,0,0,0,0,19-APR-2021,
OPTSTK,TORNTPHARM,29-Apr-2021,2860,CE,0,0,0,18.5,6,0,0,0,0,19-APR-2021,
OPTSTK,TORNTPHARM,29-Apr-2021,2880,CE,0,0,0,16.55,4.75,0,0,0,0,19-APR-2021,
OPTSTK,TORNTPHARM,29-Apr-2021,2900,CE,14.35,20.3,14.35,15.2,3.7,7,51.03,6500,-500,19-APR-2021,
OPTSTK,TORNTPHARM,29-Apr-2021,2920,CE,0,0,0,13.25,2.9,0,0,0,0,19-APR-2021,
OPTSTK,TORNTPHARM,29-Apr-2021,2940,CE,0,0,0,11.8,2.25,0,0,0,0,19-APR-2021,
OPTSTK,TORNTPHARM,29-Apr-2021,2950,CE,0,0,0,5.4,1.95,0,0,750,0,19-APR-2021,
OPTSTK,TORNTPHARM,29-Apr-2021,2960,CE,0,0,0,10.5,1.75,0,0,0,0,19-APR-2021,
OPTSTK,TORNTPHARM,29-Apr-2021,2980,CE,0,0,0,9.35,1.3,0,0,0,0,19-APR-2021,
OPTSTK,TORNTPHARM,29-Apr-2021,3000,CE,10,17.5,8,8.25,8.25,81,609.78,29250,4000,19-APR-2021,
OPTSTK,TORNTPHARM,29-Apr-2021,3020,CE,0,0,0,7.35,0.75,0,0,0,0,19-APR-2021,
OPTSTK,TORNTPHARM,29-Apr-2021,3050,CE,0,0,0,5.4,0.5,0,0,2000,0,19-APR-2021,
OPTSTK,TORNTPHARM,29-Apr-2021,3100,CE,4,4.8,4,4.8,0.25,3,23.28,2750,-250,19-APR-2021,
OPTSTK,TORNTPHARM,29-Apr-2021,3150,CE,0,0,0,80.25,0.1,0,0,0,0,19-APR-2021,
OPTSTK,TORNTPHARM,29-Apr-2021,3200,CE,0,0,0,4.1,0.05,0,0,2250,0,19-APR-2021,
OPTSTK,TORNTPHARM,29-Apr-2021,3250,CE,0,0,0,62.65,0.05,0,0,0,0,19-APR-2021,
OPTSTK,TORNTPHARM,29-Apr-2021,3300,CE,0,0,0,55.2,0.05,0,0,0,0,19-APR-2021,
OPTSTK,TORNTPHARM,29-Apr-2021,3350,CE,0,0,0,48.6,0,0,0,0,0,19-APR-2021,
OPTSTK,TORNTPHARM,29-Apr-2021,3400,CE,0,0,0,42.7,0,0,0,0,0,19-APR-2021,
OPTSTK,TORNTPHARM,29-Apr-2021,3450,CE,0,0,0,37.45,0,0,0,0,0,19-APR-2021,
OPTSTK,TORNTPHARM,29-Apr-2021,3500,CE,0,0,0,32.8,0,0,0,0,0,19-APR-2021,
OPTSTK,TORNTPHARM,29-Apr-2021,1750,PE,0,0,0,3.6,0,0,0,0,0,19-APR-2021,
OPTSTK,TORNTPHARM,29-Apr-2021,1800,PE,0,0,0,5.15,0,0,0,0,0,19-APR-2021,
OPTSTK,TORNTPHARM,29-Apr-2021,1850,PE,0,0,0,7.3,0,0,0,0,0,19-APR-2021,
OPTSTK,TORNTPHARM,29-Apr-2021,1900,PE,0,0,0,10,0,0,0,0,0,19-APR-2021,
OPTSTK,TORNTPHARM,29-Apr-2021,1950,PE,0,0,0,13.5,0,0,0,0,0,19-APR-2021,
OPTSTK,TORNTPHARM,29-Apr-2021,2000,PE,0,0,0,17.9,0,0,0,0,0,19-APR-2021,
OPTSTK,TORNTPHARM,29-Apr-2021,2040,PE,0,0,0,9.35,0,0,0,0,0,19-APR-2021,
OPTSTK,TORNTPHARM,29-Apr-2021,2050,PE,0,0,0,23.3,0.05,0,0,0,0,19-APR-2021,
OPTSTK,TORNTPHARM,29-Apr-2021,2060,PE,0,0,0,11.1,0.05,0,0,0,0,19-APR-2021,
OPTSTK,TORNTPHARM,29-Apr-2021,2080,PE,0,0,0,13.15,0.05,0,0,0,0,19-APR-2021,
OPTSTK,TORNTPHARM,29-Apr-2021,2100,PE,0,0,0,29.85,0.05,0,0,0,0,19-APR-2021,
OPTSTK,TORNTPHARM,29-Apr-2021,2120,PE,0,0,0,18.1,0.05,0,0,0,0,19-APR-2021,
OPTSTK,TORNTPHARM,29-Apr-2021,2140,PE,0,0,0,21.05,0.1,0,0,0,0,19-APR-2021,
OPTSTK,TORNTPHARM,29-Apr-2021,2150,PE,0,0,0,37.65,0.1,0,0,0,0,19-APR-2021,
OPTSTK,TORNTPHARM,29-Apr-2021,2160,PE,0,0,0,24.35,0.15,0,0,0,0,19-APR-2021,
OPTSTK,TORNTPHARM,29-Apr-2021,2180,PE,0,0,0,28,0.2,0,0,0,0,19-APR-2021,
OPTSTK,TORNTPHARM,29-Apr-2021,2200,PE,0,0,0,2.1,0.3,0,0,2750,0,19-APR-2021,
OPTSTK,TORNTPHARM,29-Apr-2021,2220,PE,0,0,0,36.55,0.5,0,0,0,0,19-APR-2021,
OPTSTK,TORNTPHARM,29-Apr-2021,2240,PE,0,0,0,41.55,0.7,0,0,0,0,19-APR-2021,
OPTSTK,TORNTPHARM,29-Apr-2021,2250,PE,0,0,0,57.5,0.85,0,0,0,0,19-APR-2021,
OPTSTK,TORNTPHARM,29-Apr-2021,2260,PE,0,0,0,46.9,1.05,0,0,0,0,19-APR-2021,
OPTSTK,TORNTPHARM,29-Apr-2021,2280,PE,0,0,0,52.6,1.5,0,0,0,0,19-APR-2021,
OPTSTK,TORNTPHARM,29-Apr-2021,2300,PE,5.35,10,5.35,10,2.1,6,34.61,3250,-250,19-APR-2021,
OPTSTK,TORNTPHARM,29-Apr-2021,2320,PE,0,0,0,65.75,2.9,0,0,0,0,19-APR-2021,
OPTSTK,TORNTPHARM,29-Apr-2021,2340,PE,0,0,0,73.05,3.95,0,0,0,0,19-APR-2021,
OPTSTK,TORNTPHARM,29-Apr-2021,2350,PE,0,0,0,29.7,4.6,0,0,250,0,19-APR-2021,
OPTSTK,TORNTPHARM,29-Apr-2021,2360,PE,0,0,0,80.9,5.35,0,0,0,0,19-APR-2021,
OPTSTK,TORNTPHARM,29-Apr-2021,2380,PE,0,0,0,89.2,7.1,0,0,0,0,19-APR-2021,
OPTSTK,TORNTPHARM,29-Apr-2021,2400,PE,16,20,16,20,9.25,6,36.27,7000,1500,19-APR-2021,
OPTSTK,TORNTPHARM,29-Apr-2021,2420,PE,0,0,0,107.45,11.95,0,0,0,0,19-APR-2021,
OPTSTK,TORNTPHARM,29-Apr-2021,2440,PE,0,0,0,117.35,15.2,0,0,0,0,19-APR-2021,
OPTSTK,TORNTPHARM,29-Apr-2021,2450,PE,0,0,0,46.05,17.1,0,0,1750,0,19-APR-2021,
OPTSTK,TORNTPHARM,29-Apr-2021,2460,PE,0,0,0,127.75,19.15,0,0,0,0,19-APR-2021,
OPTSTK,TORNTPHARM,29-Apr-2021,2480,PE,0,0,0,138.65,23.75,0,0,0,0,19-APR-2021,
OPTSTK,TORNTPHARM,29-Apr-2021,2500,PE,42,45,35,44.1,29.1,16,101.65,7500,0,19-APR-2021,
OPTSTK,TORNTPHARM,29-Apr-2021,2520,PE,0,0,0,161.95,35.35,0,0,0,0,19-APR-2021,
OPTSTK,TORNTPHARM,29-Apr-2021,2540,PE,0,0,0,61.9,42.4,0,0,500,0,19-APR-2021,
OPTSTK,TORNTPHARM,29-Apr-2021,2550,PE,37.65,57,37.65,57,46.3,3,19.48,1750,500,19-APR-2021,
OPTSTK,TORNTPHARM,29-Apr-2021,2560,PE,50.65,50.65,50.65,50.65,50.4,2,13.05,1000,250,19-APR-2021,
OPTSTK,TORNTPHARM,29-Apr-2021,2580,PE,0,0,0,200.45,59.35,0,0,0,0,19-APR-2021,
OPTSTK,TORNTPHARM,29-Apr-2021,2600,PE,93,93,58.1,85.5,85.5,16,107.01,3250,1500,19-APR-2021,
OPTSTK,TORNTPHARM,29-Apr-2021,2620,PE,0,0,0,228.35,79.95,0,0,0,0,19-APR-2021,
OPTSTK,TORNTPHARM,29-Apr-2021,2640,PE,0,0,0,242.9,91.6,0,0,0,0,19-APR-2021,
OPTSTK,TORNTPHARM,29-Apr-2021,2650,PE,0,0,0,204.2,97.8,0,0,0,0,19-APR-2021,
OPTSTK,TORNTPHARM,29-Apr-2021,2660,PE,0,0,0,257.95,104.15,0,0,0,0,19-APR-2021,
OPTSTK,TORNTPHARM,29-Apr-2021,2680,PE,0,0,0,273.25,117.55,0,0,0,0,19-APR-2021,
OPTSTK,TORNTPHARM,29-Apr-2021,2700,PE,0,0,0,180,131.75,0,0,2500,0,19-APR-2021,
OPTSTK,TORNTPHARM,29-Apr-2021,2720,PE,0,0,0,304.85,146.85,0,0,0,0,19-APR-2021,
OPTSTK,TORNTPHARM,29-Apr-2021,2740,PE,0,0,0,321.15,162.35,0,0,0,0,19-APR-2021,
OPTSTK,TORNTPHARM,29-Apr-2021,2750,PE,0,0,0,258.65,170.4,0,0,0,0,19-APR-2021,
OPTSTK,TORNTPHARM,29-Apr-2021,2760,PE,0,0,0,337.7,178.6,0,0,0,0,19-APR-2021,
OPTSTK,TORNTPHARM,29-Apr-2021,2780,PE,0,0,0,354.6,195.35,0,0,0,0,19-APR-2021,
OPTSTK,TORNTPHARM,29-Apr-2021,2800,PE,0,0,0,288.4,212.65,0,0,0,0,19-APR-2021,
OPTSTK,TORNTPHARM,29-Apr-2021,2820,PE,0,0,0,389.1,230.4,0,0,0,0,19-APR-2021,
OPTSTK,TORNTPHARM,29-Apr-2021,2840,PE,0,0,0,406.7,248.5,0,0,0,0,19-APR-2021,
OPTSTK,TORNTPHARM,29-Apr-2021,2850,PE,0,0,0,319.75,257.7,0,0,0,0,19-APR-2021,
OPTSTK,TORNTPHARM,29-Apr-2021,2860,PE,0,0,0,424.5,266.95,0,0,0,0,19-APR-2021,
OPTSTK,TORNTPHARM,29-Apr-2021,2880,PE,0,0,0,442.5,285.65,0,0,0,0,19-APR-2021,
OPTSTK,TORNTPHARM,29-Apr-2021,2900,PE,0,0,0,352.65,304.65,0,0,0,0,19-APR-2021,
OPTSTK,TORNTPHARM,29-Apr-2021,2920,PE,0,0,0,479,323.8,0,0,0,0,19-APR-2021,
OPTSTK,TORNTPHARM,29-Apr-2021,2940,PE,0,0,0,497.5,343.1,0,0,0,0,19-APR-2021,
OPTSTK,TORNTPHARM,29-Apr-2021,2950,PE,0,0,0,386.95,352.85,0,0,0,0,19-APR-2021,
OPTSTK,TORNTPHARM,29-Apr-2021,2960,PE,0,0,0,516.15,362.6,0,0,0,0,19-APR-2021,
OPTSTK,TORNTPHARM,29-Apr-2021,2980,PE,0,0,0,534.9,382.15,0,0,0,0,19-APR-2021,
OPTSTK,TORNTPHARM,29-Apr-2021,3000,PE,0,0,0,422.65,401.8,0,0,0,0,19-APR-2021,
OPTSTK,TORNTPHARM,29-Apr-2021,3020,PE,0,0,0,572.75,421.55,0,0,0,0,19-APR-2021,
OPTSTK,TORNTPHARM,29-Apr-2021,3050,PE,0,0,0,459.75,451.25,0,0,0,0,19-APR-2021,
OPTSTK,TORNTPHARM,29-Apr-2021,3100,PE,0,0,0,497.95,500.95,0,0,0,0,19-APR-2021,
OPTSTK,TORNTPHARM,29-Apr-2021,3150,PE,0,0,0,537.25,550.8,0,0,0,0,19-APR-2021,
OPTSTK,TORNTPHARM,29-Apr-2021,3200,PE,0,0,0,577.45,600.7,0,0,0,0,19-APR-2021,
OPTSTK,TORNTPHARM,29-Apr-2021,3250,PE,0,0,0,618.7,650.6,0,0,0,0,19-APR-2021,
OPTSTK,TORNTPHARM,29-Apr-2021,3300,PE,0,0,0,660.85,700.55,0,0,0,0,19-APR-2021,
OPTSTK,TORNTPHARM,29-Apr-2021,3350,PE,0,0,0,703.75,750.5,0,0,0,0,19-APR-2021,
OPTSTK,TORNTPHARM,29-Apr-2021,3400,PE,0,0,0,747.4,800.45,0,0,0,0,19-APR-2021,
OPTSTK,TORNTPHARM,29-Apr-2021,3450,PE,0,0,0,791.65,850.4,0,0,0,0,19-APR-2021,
OPTSTK,TORNTPHARM,29-Apr-2021,3500,PE,0,0,0,836.55,900.35,0,0,0,0,19-APR-2021,
OPTSTK,TORNTPHARM,27-May-2021,1750,CE,0,0,0,742.35,853.1,0,0,0,0,19-APR-2021,
OPTSTK,TORNTPHARM,27-May-2021,1800,CE,0,0,0,696.1,803.4,0,0,0,0,19-APR-2021,
OPTSTK,TORNTPHARM,27-May-2021,1850,CE,0,0,0,650.85,753.75,0,0,0,0,19-APR-2021,
OPTSTK,TORNTPHARM,27-May-2021,1900,CE,0,0,0,606.65,704.3,0,0,0,0,19-APR-2021,
OPTSTK,TORNTPHARM,27-May-2021,1950,CE,0,0,0,563.7,655.05,0,0,0,0,19-APR-2021,
OPTSTK,TORNTPHARM,27-May-2021,2000,CE,0,0,0,522.1,606.2,0,0,0,0,19-APR-2021,
OPTSTK,TORNTPHARM,27-May-2021,2040,CE,0,0,0,443.1,567.45,0,0,0,0,19-APR-2021,
OPTSTK,TORNTPHARM,27-May-2021,2050,CE,0,0,0,482,557.85,0,0,0,0,19-APR-2021,
OPTSTK,TORNTPHARM,27-May-2021,2060,CE,0,0,0,426.5,548.25,0,0,0,0,19-APR-2021,
OPTSTK,TORNTPHARM,27-May-2021,2080,CE,0,0,0,410.15,529.2,0,0,0,0,19-APR-2021,
OPTSTK,TORNTPHARM,27-May-2021,2100,CE,0,0,0,443.55,510.25,0,0,0,0,19-APR-2021,
OPTSTK,TORNTPHARM,27-May-2021,2120,CE,0,0,0,378.35,491.5,0,0,0,0,19-APR-2021,
OPTSTK,TORNTPHARM,27-May-2021,2140,CE,0,0,0,362.9,472.9,0,0,0,0,19-APR-2021,
OPTSTK,TORNTPHARM,27-May-2021,2150,CE,0,0,0,406.9,463.7,0,0,0,0,19-APR-2021,
OPTSTK,TORNTPHARM,27-May-2021,2160,CE,0,0,0,347.85,454.55,0,0,0,0,19-APR-2021,
OPTSTK,TORNTPHARM,27-May-2021,2180,CE,0,0,0,333.15,436.35,0,0,0,0,19-APR-2021,
OPTSTK,TORNTPHARM,27-May-2021,2200,CE,0,0,0,371.95,418.4,0,0,0,0,19-APR-2021,
OPTSTK,TORNTPHARM,27-May-2021,2220,CE,0,0,0,304.7,400.75,0,0,0,0,19-APR-2021,
OPTSTK,TORNTPHARM,27-May-2021,2240,CE,0,0,0,290.9,383.35,0,0,0,0,19-APR-2021,
OPTSTK,TORNTPHARM,27-May-2021,2250,CE,0,0,0,338.85,374.75,0,0,0,0,19-APR-2021,
OPTSTK,TORNTPHARM,27-May-2021,2260,CE,0,0,0,277.6,366.25,0,0,0,0,19-APR-2021,
OPTSTK,TORNTPHARM,27-May-2021,2280,CE,0,0,0,264.7,349.45,0,0,0,0,19-APR-2021,
OPTSTK,TORNTPHARM,27-May-2021,2300,CE,0,0,0,307.8,333,0,0,0,0,19-APR-2021,
OPTSTK,TORNTPHARM,27-May-2021,2320,CE,0,0,0,240,316.9,0,0,0,0,19-APR-2021,
OPTSTK,TORNTPHARM,27-May-2021,2340,CE,0,0,0,228.25,301.15,0,0,0,0,19-APR-2021,
OPTSTK,TORNTPHARM,27-May-2021,2350,CE,0,0,0,278.7,293.45,0,0,0,0,19-APR-2021,
OPTSTK,TORNTPHARM,27-May-2021,2360,CE,0,0,0,216.9,285.85,0,0,0,0,19-APR-2021,
OPTSTK,TORNTPHARM,27-May-2021,2380,CE,0,0,0,205.9,271,0,0,0,0,19-APR-2021,
OPTSTK,TORNTPHARM,27-May-2021,2400,CE,0,0,0,251.6,256.45,0,0,0,0,19-APR-2021,
OPTSTK,TORNTPHARM,27-May-2021,2420,CE,0,0,0,185.1,242.25,0,0,0,0,19-APR-2021,
OPTSTK,TORNTPHARM,27-May-2021,2440,CE,0,0,0,175.25,228.65,0,0,0,0,19-APR-2021,
OPTSTK,TORNTPHARM,27-May-2021,2450,CE,0,0,0,226.4,222,0,0,0,0,19-APR-2021,
OPTSTK,TORNTPHARM,27-May-2021,2460,CE,0,0,0,165.85,215.45,0,0,0,0,19-APR-2021,
OPTSTK,TORNTPHARM,27-May-2021,2480,CE,0,0,0,156.75,202.75,0,0,0,0,19-APR-2021,
OPTSTK,TORNTPHARM,27-May-2021,2500,CE,0,0,0,203.1,190.55,0,0,0,0,19-APR-2021,
OPTSTK,TORNTPHARM,27-May-2021,2520,CE,0,0,0,139.75,178.8,0,0,0,0,19-APR-2021,
OPTSTK,TORNTPHARM,27-May-2021,2540,CE,0,0,0,131.75,167.5,0,0,0,0,19-APR-2021,
OPTSTK,TORNTPHARM,27-May-2021,2550,CE,0,0,0,181.7,162.05,0,0,0,0,19-APR-2021,
OPTSTK,TORNTPHARM,27-May-2021,2560,CE,0,0,0,124.15,156.7,0,0,0,0,19-APR-2021,
OPTSTK,TORNTPHARM,27-May-2021,2580,CE,0,0,0,116.9,146.4,0,0,0,0,19-APR-2021,
OPTSTK,TORNTPHARM,27-May-2021,2600,CE,0,0,0,162.05,136.55,0,0,0,0,19-APR-2021,
OPTSTK,TORNTPHARM,27-May-2021,2620,CE,0,0,0,103.35,127.2,0,0,0,0,19-APR-2021,
OPTSTK,TORNTPHARM,27-May-2021,2640,CE,0,0,0,97.05,118.3,0,0,0,0,19-APR-2021,
OPTSTK,TORNTPHARM,27-May-2021,2650,CE,0,0,0,144.15,114,0,0,0,0,19-APR-2021,
OPTSTK,TORNTPHARM,27-May-2021,2660,CE,0,0,0,91.1,109.85,0,0,0,0,19-APR-2021,
OPTSTK,TORNTPHARM,27-May-2021,2680,CE,0,0,0,85.4,101.9,0,0,0,0,19-APR-2021,
OPTSTK,TORNTPHARM,27-May-2021,2700,CE,0,0,0,127.85,94.35,0,0,0,0,19-APR-2021,
OPTSTK,TORNTPHARM,27-May-2021,2720,CE,0,0,0,75.05,87.2,0,0,0,0,19-APR-2021,
OPTSTK,TORNTPHARM,27-May-2021,2740,CE,0,0,0,70.25,80.55,0,0,0,0,19-APR-2021,
OPTSTK,TORNTPHARM,27-May-2021,2750,CE,0,0,0,113.15,77.35,0,0,0,0,19-APR-2021,
OPTSTK,TORNTPHARM,27-May-2021,2760,CE,0,0,0,65.7,74.25,0,0,0,0,19-APR-2021,
OPTSTK,TORNTPHARM,27-May-2021,2780,CE,0,0,0,61.4,68.35,0,0,0,0,19-APR-2021,
OPTSTK,TORNTPHARM,27-May-2021,2800,CE,0,0,0,99.85,62.85,0,0,0,0,19-APR-2021,
OPTSTK,TORNTPHARM,27-May-2021,2820,CE,0,0,0,53.4,57.8,0,0,0,0,19-APR-2021,
OPTSTK,TORNTPHARM,27-May-2021,2840,CE,0,0,0,49.8,53.05,0,0,0,0,19-APR-2021,
OPTSTK,TORNTPHARM,27-May-2021,2850,CE,0,0,0,88.05,50.75,0,0,0,0,19-APR-2021,
OPTSTK,TORNTPHARM,27-May-2021,2860,CE,0,0,0,46.4,48.6,0,0,0,0,19-APR-2021,
OPTSTK,TORNTPHARM,27-May-2021,2880,CE,0,0,0,43.2,44.35,0,0,0,0,19-APR-2021,
OPTSTK,TORNTPHARM,27-May-2021,2900,CE,0,0,0,77.35,40.5,0,0,0,0,19-APR-2021,
OPTSTK,TORNTPHARM,27-May-2021,2920,CE,0,0,0,37.35,36.9,0,0,0,0,19-APR-2021,
OPTSTK,TORNTPHARM,27-May-2021,2940,CE,0,0,0,34.75,33.6,0,0,0,0,19-APR-2021,
OPTSTK,TORNTPHARM,27-May-2021,2950,CE,0,0,0,67.75,32.05,0,0,0,0,19-APR-2021,
OPTSTK,TORNTPHARM,27-May-2021,2960,CE,0,0,0,32.25,30.55,0,0,0,0,19-APR-2021,
OPTSTK,TORNTPHARM,27-May-2021,2980,CE,0,0,0,29.95,27.75,0,0,0,0,19-APR-2021,
OPTSTK,TORNTPHARM,27-May-2021,3000,CE,0,0,0,59.25,25.2,0,0,0,0,19-APR-2021,
OPTSTK,TORNTPHARM,27-May-2021,3020,CE,0,0,0,25.7,22.8,0,0,0,0,19-APR-2021,
OPTSTK,TORNTPHARM,27-May-2021,3050,CE,0,0,0,51.7,19.6,0,0,0,0,19-APR-2021,
OPTSTK,TORNTPHARM,27-May-2021,3100,CE,0,0,0,45,15.15,0,0,0,0,19-APR-2021,
OPTSTK,TORNTPHARM,27-May-2021,3150,CE,0,0,0,39.1,11.65,0,0,0,0,19-APR-2021,
OPTSTK,TORNTPHARM,27-May-2021,3200,CE,0,0,0,33.95,8.85,0,0,0,0,19-APR-2021,
OPTSTK,TORNTPHARM,27-May-2021,3250,CE,0,0,0,29.4,6.7,0,0,0,0,19-APR-2021,
OPTSTK,TORNTPHARM,27-May-2021,3300,CE,0,0,0,25.4,5.05,0,0,0,0,19-APR-2021,
OPTSTK,TORNTPHARM,27-May-2021,3350,CE,0,0,0,21.9,3.75,0,0,0,0,19-APR-2021,
OPTSTK,TORNTPHARM,27-May-2021,3400,CE,0,0,0,18.9,2.8,0,0,0,0,19-APR-2021,
OPTSTK,TORNTPHARM,27-May-2021,3450,CE,0,0,0,16.25,2.05,0,0,0,0,19-APR-2021,
OPTSTK,TORNTPHARM,27-May-2021,3500,CE,0,0,0,13.95,1.5,0,0,0,0,19-APR-2021,
OPTSTK,TORNTPHARM,27-May-2021,1750,PE,0,0,0,8.55,0.1,0,0,0,0,19-APR-2021,
OPTSTK,TORNTPHARM,27-May-2021,1800,PE,0,0,0,11.85,0.2,0,0,0,0,19-APR-2021,
OPTSTK,TORNTPHARM,27-May-2021,1850,PE,0,0,0,16.15,0.35,0,0,0,0,19-APR-2021,
OPTSTK,TORNTPHARM,27-May-2021,1900,PE,0,0,0,21.45,0.7,0,0,0,0,19-APR-2021,
OPTSTK,TORNTPHARM,27-May-2021,1950,PE,0,0,0,28.05,1.25,0,0,0,0,19-APR-2021,
OPTSTK,TORNTPHARM,27-May-2021,2000,PE,0,0,0,36,2.2,0,0,0,0,19-APR-2021,
OPTSTK,TORNTPHARM,27-May-2021,2040,PE,0,0,0,26.2,3.3,0,0,0,0,19-APR-2021,
OPTSTK,TORNTPHARM,27-May-2021,2050,PE,0,0,0,45.45,3.65,0,0,0,0,19-APR-2021,
OPTSTK,TORNTPHARM,27-May-2021,2060,PE,0,0,0,29.45,4.05,0,0,0,0,19-APR-2021,
OPTSTK,TORNTPHARM,27-May-2021,2080,PE,0,0,0,32.95,4.9,0,0,0,0,19-APR-2021,
OPTSTK,TORNTPHARM,27-May-2021,2100,PE,0,0,0,56.5,5.9,0,0,0,0,19-APR-2021,
OPTSTK,TORNTPHARM,27-May-2021,2120,PE,0,0,0,40.9,7.05,0,0,0,0,19-APR-2021,
OPTSTK,TORNTPHARM,27-May-2021,2140,PE,0,0,0,45.35,8.4,0,0,0,0,19-APR-2021,
OPTSTK,TORNTPHARM,27-May-2021,2150,PE,0,0,0,69.4,9.1,0,0,0,0,19-APR-2021,
OPTSTK,TORNTPHARM,27-May-2021,2160,PE,0,0,0,50.15,9.9,0,0,0,0,19-APR-2021,
OPTSTK,TORNTPHARM,27-May-2021,2180,PE,0,0,0,55.35,11.65,0,0,0,0,19-APR-2021,
OPTSTK,TORNTPHARM,27-May-2021,2200,PE,0,0,0,84,13.65,0,0,0,0,19-APR-2021,
OPTSTK,TORNTPHARM,27-May-2021,2220,PE,0,0,0,66.6,15.9,0,0,0,0,19-APR-2021,
OPTSTK,TORNTPHARM,27-May-2021,2240,PE,0,0,0,72.7,18.4,0,0,0,0,19-APR-2021,
OPTSTK,TORNTPHARM,27-May-2021,2250,PE,0,0,0,100.45,19.8,0,0,0,0,19-APR-2021,
OPTSTK,TORNTPHARM,27-May-2021,2260,PE,0,0,0,79.3,21.25,0,0,0,0,19-APR-2021,
OPTSTK,TORNTPHARM,27-May-2021,2280,PE,0,0,0,86.25,24.35,0,0,0,0,19-APR-2021,
OPTSTK,TORNTPHARM,27-May-2021,2300,PE,0,0,0,118.9,27.85,0,0,0,0,19-APR-2021,
OPTSTK,TORNTPHARM,27-May-2021,2320,PE,0,0,0,101.3,31.65,0,0,0,0,19-APR-2021,
OPTSTK,TORNTPHARM,27-May-2021,2340,PE,0,0,0,109.4,35.85,0,0,0,0,19-APR-2021,
OPTSTK,TORNTPHARM,27-May-2021,2350,PE,0,0,0,139.35,38.1,0,0,0,0,19-APR-2021,
OPTSTK,TORNTPHARM,27-May-2021,2360,PE,0,0,0,117.9,40.45,0,0,0,0,19-APR-2021,
OPTSTK,TORNTPHARM,27-May-2021,2380,PE,0,0,0,126.8,45.5,0,0,0,0,19-APR-2021,
OPTSTK,TORNTPHARM,27-May-2021,2400,PE,0,0,0,161.75,50.9,0,0,0,0,19-APR-2021,
OPTSTK,TORNTPHARM,27-May-2021,2420,PE,0,0,0,145.75,56.65,0,0,0,0,19-APR-2021,
OPTSTK,TORNTPHARM,27-May-2021,2440,PE,0,0,0,155.8,62.95,0,0,0,0,19-APR-2021,
OPTSTK,TORNTPHARM,27-May-2021,2450,PE,0,0,0,186.1,66.25,0,0,0,0,19-APR-2021,
OPTSTK,TORNTPHARM,27-May-2021,2460,PE,0,0,0,166.2,69.7,0,0,0,0,19-APR-2021,
OPTSTK,TORNTPHARM,27-May-2021,2480,PE,0,0,0,177,76.9,0,0,0,0,19-APR-2021,
OPTSTK,TORNTPHARM,27-May-2021,2500,PE,90,95,90,95,84.6,2,12.96,500,500,19-APR-2021,
OPTSTK,TORNTPHARM,27-May-2021,2520,PE,0,0,0,199.75,92.75,0,0,0,0,19-APR-2021,
OPTSTK,TORNTPHARM,27-May-2021,2540,PE,0,0,0,211.65,101.4,0,0,0,0,19-APR-2021,
OPTSTK,TORNTPHARM,27-May-2021,2550,PE,0,0,0,240.45,105.9,0,0,0,0,19-APR-2021,
OPTSTK,TORNTPHARM,27-May-2021,2560,PE,0,0,0,223.9,110.55,0,0,0,0,19-APR-2021,
OPTSTK,TORNTPHARM,27-May-2021,2580,PE,0,0,0,236.5,120.15,0,0,0,0,19-APR-2021,
OPTSTK,TORNTPHARM,27-May-2021,2600,PE,0,0,0,270.35,130.2,0,0,0,0,19-APR-2021,
OPTSTK,TORNTPHARM,27-May-2021,2620,PE,0,0,0,262.7,140.8,0,0,0,0,19-APR-2021,
OPTSTK,TORNTPHARM,27-May-2021,2640,PE,0,0,0,276.3,151.8,0,0,0,0,19-APR-2021,
OPTSTK,TORNTPHARM,27-May-2021,2650,PE,0,0,0,302,157.5,0,0,0,0,19-APR-2021,
OPTSTK,TORNTPHARM,27-May-2021,2660,PE,0,0,0,290.15,163.3,0,0,0,0,19-APR-2021,
OPTSTK,TORNTPHARM,27-May-2021,2680,PE,0,0,0,304.35,175.25,0,0,0,0,19-APR-2021,
OPTSTK,TORNTPHARM,27-May-2021,2700,PE,0,0,0,335.25,187.6,0,0,0,0,19-APR-2021,
OPTSTK,TORNTPHARM,27-May-2021,2720,PE,0,0,0,333.75,200.45,0,0,0,0,19-APR-2021,
OPTSTK,TORNTPHARM,27-May-2021,2740,PE,0,0,0,348.8,213.65,0,0,0,0,19-APR-2021,
OPTSTK,TORNTPHARM,27-May-2021,2750,PE,0,0,0,370.05,220.45,0,0,0,0,19-APR-2021,
OPTSTK,TORNTPHARM,27-May-2021,2760,PE,0,0,0,364.15,227.3,0,0,0,0,19-APR-2021,
OPTSTK,TORNTPHARM,27-May-2021,2780,PE,0,0,0,379.7,241.3,0,0,0,0,19-APR-2021,
OPTSTK,TORNTPHARM,27-May-2021,2800,PE,0,0,0,406.3,255.75,0,0,0,0,19-APR-2021,
OPTSTK,TORNTPHARM,27-May-2021,2820,PE,0,0,0,411.45,270.6,0,0,0,0,19-APR-2021,
OPTSTK,TORNTPHARM,27-May-2021,2840,PE,0,0,0,427.75,285.75,0,0,0,0,19-APR-2021,
OPTSTK,TORNTPHARM,27-May-2021,2850,PE,0,0,0,444,293.45,0,0,0,0,19-APR-2021,
OPTSTK,TORNTPHARM,27-May-2021,2860,PE,0,0,0,444.2,301.25,0,0,0,0,19-APR-2021,
OPTSTK,TORNTPHARM,27-May-2021,2880,PE,0,0,0,460.85,316.9,0,0,0,0,19-APR-2021,
OPTSTK,TORNTPHARM,27-May-2021,2900,PE,0,0,0,482.9,333,0,0,0,0,19-APR-2021,
OPTSTK,TORNTPHARM,27-May-2021,2920,PE,0,0,0,494.8,349.35,0,0,0,0,19-APR-2021,
OPTSTK,TORNTPHARM,27-May-2021,2940,PE,0,0,0,512,365.95,0,0,0,0,19-APR-2021,
OPTSTK,TORNTPHARM,27-May-2021,2950,PE,0,0,0,522.8,374.35,0,0,0,0,19-APR-2021,
OPTSTK,TORNTPHARM,27-May-2021,2960,PE,0,0,0,529.4,382.85,0,0,0,0,19-APR-2021,
OPTSTK,TORNTPHARM,27-May-2021,2980,PE,0,0,0,546.95,399.95,0,0,0,0,19-APR-2021,
OPTSTK,TORNTPHARM,27-May-2021,3000,PE,0,0,0,563.8,417.3,0,0,0,0,19-APR-2021,
OPTSTK,TORNTPHARM,27-May-2021,3020,PE,0,0,0,582.5,434.85,0,0,0,0,19-APR-2021,
OPTSTK,TORNTPHARM,27-May-2021,3050,PE,0,0,0,605.8,461.55,0,0,0,0,19-APR-2021,
OPTSTK,TORNTPHARM,27-May-2021,3100,PE,0,0,0,648.65,506.9,0,0,0,0,19-APR-2021,
OPTSTK,TORNTPHARM,27-May-2021,3150,PE,0,0,0,692.3,553.15,0,0,0,0,19-APR-2021,
OPTSTK,TORNTPHARM,27-May-2021,3200,PE,0,0,0,736.65,600.2,0,0,0,0,19-APR-2021,
OPTSTK,TORNTPHARM,27-May-2021,3250,PE,0,0,0,781.65,647.85,0,0,0,0,19-APR-2021,
OPTSTK,TORNTPHARM,27-May-2021,3300,PE,0,0,0,827.2,695.95,0,0,0,0,19-APR-2021,
OPTSTK,TORNTPHARM,27-May-2021,3350,PE,0,0,0,873.25,744.5,0,0,0,0,19-APR-2021,
OPTSTK,TORNTPHARM,27-May-2021,3400,PE,0,0,0,919.75,793.35,0,0,0,0,19-APR-2021,
OPTSTK,TORNTPHARM,27-May-2021,3450,PE,0,0,0,966.65,842.4,0,0,0,0,19-APR-2021,
OPTSTK,TORNTPHARM,27-May-2021,3500,PE,0,0,0,1013.85,891.65,0,0,0,0,19-APR-2021,
OPTSTK,TORNTPHARM,24-Jun-2021,1760,CE,0,0,0,708.95,849.35,0,0,0,0,19-APR-2021,
OPTSTK,TORNTPHARM,24-Jun-2021,1780,CE,0,0,0,690.4,829.75,0,0,0,0,19-APR-2021,
OPTSTK,TORNTPHARM,24-Jun-2021,1800,CE,0,0,0,672,810.2,0,0,0,0,19-APR-2021,
OPTSTK,TORNTPHARM,24-Jun-2021,1820,CE,0,0,0,653.8,790.7,0,0,0,0,19-APR-2021,
OPTSTK,TORNTPHARM,24-Jun-2021,1840,CE,0,0,0,635.7,771.3,0,0,0,0,19-APR-2021,
OPTSTK,TORNTPHARM,24-Jun-2021,1860,CE,0,0,0,617.8,751.95,0,0,0,0,19-APR-2021,
OPTSTK,TORNTPHARM,24-Jun-2021,1880,CE,0,0,0,600.1,732.65,0,0,0,0,19-APR-2021,
OPTSTK,TORNTPHARM,24-Jun-2021,1900,CE,0,0,0,582.6,713.5,0,0,0,0,19-APR-2021,
OPTSTK,TORNTPHARM,24-Jun-2021,1920,CE,0,0,0,565.25,694.4,0,0,0,0,19-APR-2021,
OPTSTK,TORNTPHARM,24-Jun-2021,1940,CE,0,0,0,548.15,675.45,0,0,0,0,19-APR-2021,
OPTSTK,TORNTPHARM,24-Jun-2021,1960,CE,0,0,0,531.3,656.6,0,0,0,0,19-APR-2021,
OPTSTK,TORNTPHARM,24-Jun-2021,1980,CE,0,0,0,514.65,637.85,0,0,0,0,19-APR-2021,
OPTSTK,TORNTPHARM,24-Jun-2021,2000,CE,0,0,0,498.25,619.3,0,0,0,0,19-APR-2021,
OPTSTK,TORNTPHARM,24-Jun-2021,2020,CE,0,0,0,482.1,600.85,0,0,0,0,19-APR-2021,
OPTSTK,TORNTPHARM,24-Jun-2021,2040,CE,0,0,0,466.2,582.6,0,0,0,0,19-APR-2021,
OPTSTK,TORNTPHARM,24-Jun-2021,2060,CE,0,0,0,450.6,564.5,0,0,0,0,19-APR-2021,
OPTSTK,TORNTPHARM,24-Jun-2021,2080,CE,0,0,0,435.25,546.6,0,0,0,0,19-APR-2021,
OPTSTK,TORNTPHARM,24-Jun-2021,2100,CE,0,0,0,420.2,528.95,0,0,0,0,19-APR-2021,
OPTSTK,TORNTPHARM,24-Jun-2021,2120,CE,0,0,0,405.5,511.45,0,0,0,0,19-APR-2021,
OPTSTK,TORNTPHARM,24-Jun-2021,2140,CE,0,0,0,391,494.2,0,0,0,0,19-APR-2021,
OPTSTK,TORNTPHARM,24-Jun-2021,2160,CE,0,0,0,376.8,477.2,0,0,0,0,19-APR-2021,
OPTSTK,TORNTPHARM,24-Jun-2021,2180,CE,0,0,0,362.95,460.45,0,0,0,0,19-APR-2021,
OPTSTK,TORNTPHARM,24-Jun-2021,2200,CE,0,0,0,349.25,443.95,0,0,0,0,19-APR-2021,
OPTSTK,TORNTPHARM,24-Jun-2021,2220,CE,0,0,0,336.05,427.75,0,0,0,0,19-APR-2021,
OPTSTK,TORNTPHARM,24-Jun-2021,2240,CE,0,0,0,323.15,411.8,0,0,0,0,19-APR-2021,
OPTSTK,TORNTPHARM,24-Jun-2021,2260,CE,0,0,0,310.55,396.15,0,0,0,0,19-APR-2021,
OPTSTK,TORNTPHARM,24-Jun-2021,2280,CE,0,0,0,298.25,380.85,0,0,0,0,19-APR-2021,
OPTSTK,TORNTPHARM,24-Jun-2021,2300,CE,0,0,0,286.35,365.8,0,0,0,0,19-APR-2021,
OPTSTK,TORNTPHARM,24-Jun-2021,2320,CE,0,0,0,274.7,351.2,0,0,0,0,19-APR-2021,
OPTSTK,TORNTPHARM,24-Jun-2021,2340,CE,0,0,0,263.4,336.8,0,0,0,0,19-APR-2021,
OPTSTK,TORNTPHARM,24-Jun-2021,2360,CE,0,0,0,252.45,322.8,0,0,0,0,19-APR-2021,
OPTSTK,TORNTPHARM,24-Jun-2021,2380,CE,0,0,0,241.8,309,0,0,0,0,19-APR-2021,
OPTSTK,TORNTPHARM,24-Jun-2021,2400,CE,0,0,0,231.5,295.65,0,0,0,0,19-APR-2021,
OPTSTK,TORNTPHARM,24-Jun-2021,2420,CE,0,0,0,221.5,282.7,0,0,0,0,19-APR-2021,
OPTSTK,TORNTPHARM,24-Jun-2021,2440,CE,0,0,0,211.8,270.1,0,0,0,0,19-APR-2021,
OPTSTK,TORNTPHARM,24-Jun-2021,2460,CE,0,0,0,202.45,257.85,0,0,0,0,19-APR-2021,
OPTSTK,TORNTPHARM,24-Jun-2021,2480,CE,0,0,0,193.4,246,0,0,0,0,19-APR-2021,
OPTSTK,TORNTPHARM,24-Jun-2021,2500,CE,0,0,0,184.65,234.45,0,0,0,0,19-APR-2021,
OPTSTK,TORNTPHARM,24-Jun-2021,2520,CE,0,0,0,176.25,223.3,0,0,0,0,19-APR-2021,
OPTSTK,TORNTPHARM,24-Jun-2021,2540,CE,0,0,0,168.1,212.55,0,0,0,0,19-APR-2021,
OPTSTK,TORNTPHARM,24-Jun-2021,2560,CE,0,0,0,160.25,202.15,0,0,0,0,19-APR-2021,
OPTSTK,TORNTPHARM,24-Jun-2021,2580,CE,0,0,0,152.7,192.05,0,0,0,0,19-APR-2021,
OPTSTK,TORNTPHARM,24-Jun-2021,2600,CE,0,0,0,145.45,182.4,0,0,0,0,19-APR-2021,
OPTSTK,TORNTPHARM,24-Jun-2021,2620,CE,0,0,0,138.45,173.05,0,0,0,0,19-APR-2021,
OPTSTK,TORNTPHARM,24-Jun-2021,2640,CE,0,0,0,131.75,164.1,0,0,0,0,19-APR-2021,
OPTSTK,TORNTPHARM,24-Jun-2021,2660,CE,0,0,0,125.3,155.45,0,0,0,0,19-APR-2021,
OPTSTK,TORNTPHARM,24-Jun-2021,2680,CE,0,0,0,119.1,147.2,0,0,0,0,19-APR-2021,
OPTSTK,TORNTPHARM,24-Jun-2021,2700,CE,0,0,0,113.15,139.25,0,0,0,0,19-APR-2021,
OPTSTK,TORNTPHARM,24-Jun-2021,2720,CE,0,0,0,107.45,131.65,0,0,0,0,19-APR-2021,
OPTSTK,TORNTPHARM,24-Jun-2021,2740,CE,0,0,0,102,124.35,0,0,0,0,19-APR-2021,
OPTSTK,TORNTPHARM,24-Jun-2021,2760,CE,0,0,0,96.8,117.4,0,0,0,0,19-APR-2021,
OPTSTK,TORNTPHARM,24-Jun-2021,2780,CE,0,0,0,91.95,110.7,0,0,0,0,19-APR-2021,
OPTSTK,TORNTPHARM,24-Jun-2021,2800,CE,0,0,0,87.2,104.35,0,0,0,0,19-APR-2021,
OPTSTK,TORNTPHARM,24-Jun-2021,2820,CE,0,0,0,82.65,98.3,0,0,0,0,19-APR-2021,
OPTSTK,TORNTPHARM,24-Jun-2021,2840,CE,0,0,0,78.3,92.55,0,0,0,0,19-APR-2021,
OPTSTK,TORNTPHARM,24-Jun-2021,2860,CE,0,0,0,74.15,87.05,0,0,0,0,19-APR-2021,
OPTSTK,TORNTPHARM,24-Jun-2021,2880,CE,0,0,0,70.2,81.85,0,0,0,0,19-APR-2021,
OPTSTK,TORNTPHARM,24-Jun-2021,2900,CE,0,0,0,66.35,77,0,0,0,0,19-APR-2021,
OPTSTK,TORNTPHARM,24-Jun-2021,2920,CE,0,0,0,62.75,72.35,0,0,0,0,19-APR-2021,
OPTSTK,TORNTPHARM,24-Jun-2021,2940,CE,0,0,0,59.3,67.9,0,0,0,0,19-APR-2021,
OPTSTK,TORNTPHARM,24-Jun-2021,2960,CE,0,0,0,56.05,63.65,0,0,0,0,19-APR-2021,
OPTSTK,TORNTPHARM,24-Jun-2021,2980,CE,0,0,0,52.95,59.6,0,0,0,0,19-APR-2021,
OPTSTK,TORNTPHARM,24-Jun-2021,3000,CE,0,0,0,50,55.8,0,0,0,0,19-APR-2021,
OPTSTK,TORNTPHARM,24-Jun-2021,3020,CE,0,0,0,47.2,52.2,0,0,0,0,19-APR-2021,
OPTSTK,TORNTPHARM,24-Jun-2021,3040,CE,0,0,0,44.55,48.85,0,0,0,0,19-APR-2021,
OPTSTK,TORNTPHARM,24-Jun-2021,3060,CE,0,0,0,42,45.65,0,0,0,0,19-APR-2021,
OPTSTK,TORNTPHARM,24-Jun-2021,3080,CE,0,0,0,39.6,42.65,0,0,0,0,19-APR-2021,
OPTSTK,TORNTPHARM,24-Jun-2021,3100,CE,0,0,0,37.35,39.8,0,0,0,0,19-APR-2021,
OPTSTK,TORNTPHARM,24-Jun-2021,3120,CE,0,0,0,35.2,37.15,0,0,0,0,19-APR-2021,
OPTSTK,TORNTPHARM,24-Jun-2021,3140,CE,0,0,0,33.15,34.65,0,0,0,0,19-APR-2021,
OPTSTK,TORNTPHARM,24-Jun-2021,3160,CE,0,0,0,31.2,32.3,0,0,0,0,19-APR-2021,
OPTSTK,TORNTPHARM,24-Jun-2021,3180,CE,0,0,0,29.4,30.1,0,0,0,0,19-APR-2021,
OPTSTK,TORNTPHARM,24-Jun-2021,3200,CE,0,0,0,27.65,28,0,0,0,0,19-APR-2021,
OPTSTK,TORNTPHARM,24-Jun-2021,3220,CE,0,0,0,26,26.05,0,0,0,0,19-APR-2021,
OPTSTK,TORNTPHARM,24-Jun-2021,3240,CE,0,0,0,24.45,24.25,0,0,0,0,19-APR-2021,
OPTSTK,TORNTPHARM,24-Jun-2021,1760,PE,0,0,0,8.8,1.25,0,0,0,0,19-APR-2021,
OPTSTK,TORNTPHARM,24-Jun-2021,1780,PE,0,0,0,10.1,1.5,0,0,0,0,19-APR-2021,
OPTSTK,TORNTPHARM,24-Jun-2021,1800,PE,0,0,0,11.5,1.85,0,0,0,0,19-APR-2021,
OPTSTK,TORNTPHARM,24-Jun-2021,1820,PE,0,0,0,13.1,2.2,0,0,0,0,19-APR-2021,
OPTSTK,TORNTPHARM,24-Jun-2021,1840,PE,0,0,0,14.85,2.65,0,0,0,0,19-APR-2021,
OPTSTK,TORNTPHARM,24-Jun-2021,1860,PE,0,0,0,16.75,3.2,0,0,0,0,19-APR-2021,
OPTSTK,TORNTPHARM,24-Jun-2021,1880,PE,0,0,0,18.85,3.75,0,0,0,0,19-APR-2021,
OPTSTK,TORNTPHARM,24-Jun-2021,1900,PE,0,0,0,21.15,4.45,0,0,0,0,19-APR-2021,
OPTSTK,TORNTPHARM,24-Jun-2021,1920,PE,0,0,0,23.65,5.25,0,0,0,0,19-APR-2021,
OPTSTK,TORNTPHARM,24-Jun-2021,1940,PE,0,0,0,26.35,6.15,0,0,0,0,19-APR-2021,
OPTSTK,TORNTPHARM,24-Jun-2021,1960,PE,0,0,0,29.3,7.15,0,0,0,0,19-APR-2021,
OPTSTK,TORNTPHARM,24-Jun-2021,1980,PE,0,0,0,32.45,8.3,0,0,0,0,19-APR-2021,
OPTSTK,TORNTPHARM,24-Jun-2021,2000,PE,0,0,0,35.9,9.55,0,0,0,0,19-APR-2021,
OPTSTK,TORNTPHARM,24-Jun-2021,2020,PE,0,0,0,39.55,11,0,0,0,0,19-APR-2021,
OPTSTK,TORNTPHARM,24-Jun-2021,2040,PE,0,0,0,43.45,12.6,0,0,0,0,19-APR-2021,
OPTSTK,TORNTPHARM,24-Jun-2021,2060,PE,0,0,0,47.65,14.4,0,0,0,0,19-APR-2021,
OPTSTK,TORNTPHARM,24-Jun-2021,2080,PE,0,0,0,52.15,16.35,0,0,0,0,19-APR-2021,
OPTSTK,TORNTPHARM,24-Jun-2021,2100,PE,0,0,0,56.9,18.55,0,0,0,0,19-APR-2021,
OPTSTK,TORNTPHARM,24-Jun-2021,2120,PE,0,0,0,62,20.95,0,0,0,0,19-APR-2021,
OPTSTK,TORNTPHARM,24-Jun-2021,2140,PE,0,0,0,67.35,23.55,0,0,0,0,19-APR-2021,
OPTSTK,TORNTPHARM,24-Jun-2021,2160,PE,0,0,0,72.95,26.4,0,0,0,0,19-APR-2021,
OPTSTK,TORNTPHARM,24-Jun-2021,2180,PE,0,0,0,78.9,29.5,0,0,0,0,19-APR-2021,
OPTSTK,TORNTPHARM,24-Jun-2021,2200,PE,0,0,0,85.05,32.9,0,0,0,0,19-APR-2021,
OPTSTK,TORNTPHARM,24-Jun-2021,2220,PE,0,0,0,91.65,36.55,0,0,0,0,19-APR-2021,
OPTSTK,TORNTPHARM,24-Jun-2021,2240,PE,0,0,0,98.55,40.45,0,0,0,0,19-APR-2021,
OPTSTK,TORNTPHARM,24-Jun-2021,2260,PE,0,0,0,105.75,44.7,0,0,0,0,19-APR-2021,
OPTSTK,TORNTPHARM,24-Jun-2021,2280,PE,0,0,0,113.3,49.2,0,0,0,0,19-APR-2021,
OPTSTK,TORNTPHARM,24-Jun-2021,2300,PE,0,0,0,121.15,54.05,0,0,0,0,19-APR-2021,
OPTSTK,TORNTPHARM,24-Jun-2021,2320,PE,0,0,0,129.35,59.3,0,0,0,0,19-APR-2021,
OPTSTK,TORNTPHARM,24-Jun-2021,2340,PE,0,0,0,137.9,64.8,0,0,0,0,19-APR-2021,
OPTSTK,TORNTPHARM,24-Jun-2021,2360,PE,0,0,0,146.75,70.65,0,0,0,0,19-APR-2021,
OPTSTK,TORNTPHARM,24-Jun-2021,2380,PE,0,0,0,155.9,76.7,0,0,0,0,19-APR-2021,
OPTSTK,TORNTPHARM,24-Jun-2021,2400,PE,0,0,0,165.4,83.25,0,0,0,0,19-APR-2021,
OPTSTK,TORNTPHARM,24-Jun-2021,2420,PE,0,0,0,175.25,90.15,0,0,0,0,19-APR-2021,
OPTSTK,TORNTPHARM,24-Jun-2021,2440,PE,0,0,0,185.35,97.4,0,0,0,0,19-APR-2021,
OPTSTK,TORNTPHARM,24-Jun-2021,2460,PE,0,0,0,195.8,105.05,0,0,0,0,19-APR-2021,
OPTSTK,TORNTPHARM,24-Jun-2021,2480,PE,0,0,0,206.6,113,0,0,0,0,19-APR-2021,
OPTSTK,TORNTPHARM,24-Jun-2021,2500,PE,0,0,0,217.65,121.35,0,0,0,0,19-APR-2021,
OPTSTK,TORNTPHARM,24-Jun-2021,2520,PE,0,0,0,229.05,130.1,0,0,0,0,19-APR-2021,
OPTSTK,TORNTPHARM,24-Jun-2021,2540,PE,0,0,0,240.7,139.2,0,0,0,0,19-APR-2021,
OPTSTK,TORNTPHARM,24-Jun-2021,2560,PE,0,0,0,252.7,148.65,0,0,0,0,19-APR-2021,
OPTSTK,TORNTPHARM,24-Jun-2021,2580,PE,0,0,0,264.95,158.45,0,0,0,0,19-APR-2021,
OPTSTK,TORNTPHARM,24-Jun-2021,2600,PE,0,0,0,277.5,168.6,0,0,0,0,19-APR-2021,
OPTSTK,TORNTPHARM,24-Jun-2021,2620,PE,0,0,0,290.35,179.15,0,0,0,0,19-APR-2021,
OPTSTK,TORNTPHARM,24-Jun-2021,2640,PE,0,0,0,303.4,190.05,0,0,0,0,19-APR-2021,
OPTSTK,TORNTPHARM,24-Jun-2021,2660,PE,0,0,0,316.8,201.3,0,0,0,0,19-APR-2021,
OPTSTK,TORNTPHARM,24-Jun-2021,2680,PE,0,0,0,330.4,212.85,0,0,0,0,19-APR-2021,
OPTSTK,TORNTPHARM,24-Jun-2021,2700,PE,0,0,0,344.3,224.8,0,0,0,0,19-APR-2021,
OPTSTK,TORNTPHARM,24-Jun-2021,2720,PE,0,0,0,358.4,237.05,0,0,0,0,19-APR-2021,
OPTSTK,TORNTPHARM,24-Jun-2021,2740,PE,0,0,0,372.75,249.65,0,0,0,0,19-APR-2021,
OPTSTK,TORNTPHARM,24-Jun-2021,2760,PE,0,0,0,387.35,262.55,0,0,0,0,19-APR-2021,
OPTSTK,TORNTPHARM,24-Jun-2021,2780,PE,0,0,0,402.3,275.75,0,0,0,0,19-APR-2021,
OPTSTK,TORNTPHARM,24-Jun-2021,2800,PE,0,0,0,417.35,289.25,0,0,0,0,19-APR-2021,
OPTSTK,TORNTPHARM,24-Jun-2021,2820,PE,0,0,0,432.65,303.05,0,0,0,0,19-APR-2021,
OPTSTK,TORNTPHARM,24-Jun-2021,2840,PE,0,0,0,448.1,317.15,0,0,0,0,19-APR-2021,
OPTSTK,TORNTPHARM,24-Jun-2021,2860,PE,0,0,0,463.8,331.55,0,0,0,0,19-APR-2021,
OPTSTK,TORNTPHARM,24-Jun-2021,2880,PE,0,0,0,479.65,346.2,0,0,0,0,19-APR-2021,
OPTSTK,TORNTPHARM,24-Jun-2021,2900,PE,0,0,0,495.6,361.2,0,0,0,0,19-APR-2021,
OPTSTK,TORNTPHARM,24-Jun-2021,2920,PE,0,0,0,511.8,376.4,0,0,0,0,19-APR-2021,
OPTSTK,TORNTPHARM,24-Jun-2021,2940,PE,0,0,0,528.2,391.8,0,0,0,0,19-APR-2021,
OPTSTK,TORNTPHARM,24-Jun-2021,2960,PE,0,0,0,544.75,407.45,0,0,0,0,19-APR-2021,
OPTSTK,TORNTPHARM,24-Jun-2021,2980,PE,0,0,0,561.5,423.25,0,0,0,0,19-APR-2021,
OPTSTK,TORNTPHARM,24-Jun-2021,3000,PE,0,0,0,578.35,439.3,0,0,0,0,19-APR-2021,
OPTSTK,TORNTPHARM,24-Jun-2021,3020,PE,0,0,0,595.35,455.6,0,0,0,0,19-APR-2021,
OPTSTK,TORNTPHARM,24-Jun-2021,3040,PE,0,0,0,612.5,472.1,0,0,0,0,19-APR-2021,
OPTSTK,TORNTPHARM,24-Jun-2021,3060,PE,0,0,0,629.8,488.8,0,0,0,0,19-APR-2021,
OPTSTK,TORNTPHARM,24-Jun-2021,3080,PE,0,0,0,647.2,505.65,0,0,0,0,19-APR-2021,
OPTSTK,TORNTPHARM,24-Jun-2021,3100,PE,0,0,0,664.75,522.65,0,0,0,0,19-APR-2021,
OPTSTK,TORNTPHARM,24-Jun-2021,3120,PE,0,0,0,682.4,539.85,0,0,0,0,19-APR-2021,
OPTSTK,TORNTPHARM,24-Jun-2021,3140,PE,0,0,0,700.2,557.25,0,0,0,0,19-APR-2021,
OPTSTK,TORNTPHARM,24-Jun-2021,3160,PE,0,0,0,718.05,574.75,0,0,0,0,19-APR-2021,
OPTSTK,TORNTPHARM,24-Jun-2021,3180,PE,0,0,0,736.05,592.4,0,0,0,0,19-APR-2021,
OPTSTK,TORNTPHARM,24-Jun-2021,3200,PE,0,0,0,754.1,610.2,0,0,0,0,19-APR-2021,
OPTSTK,TORNTPHARM,24-Jun-2021,3220,PE,0,0,0,772.3,628.1,0,0,0,0,19-APR-2021,
OPTSTK,TORNTPHARM,24-Jun-2021,3240,PE,0,0,0,790.55,646.15,0,0,0,0,19-APR-2021,
OPTSTK,TORNTPOWER,29-Apr-2021,215,CE,0,0,0,93.45,169.6,0,0,0,0,19-APR-2021,
OPTSTK,TORNTPOWER,29-Apr-2021,220,CE,0,0,0,88.7,164.6,0,0,0,0,19-APR-2021,
OPTSTK,TORNTPOWER,29-Apr-2021,225,CE,0,0,0,84,159.6,0,0,0,0,19-APR-2021,
OPTSTK,TORNTPOWER,29-Apr-2021,230,CE,0,0,0,79.35,154.6,0,0,0,0,19-APR-2021,
OPTSTK,TORNTPOWER,29-Apr-2021,235,CE,0,0,0,74.8,149.6,0,0,0,0,19-APR-2021,
OPTSTK,TORNTPOWER,29-Apr-2021,240,CE,0,0,0,70.35,144.6,0,0,0,0,19-APR-2021,
OPTSTK,TORNTPOWER,29-Apr-2021,245,CE,0,0,0,66,139.6,0,0,0,0,19-APR-2021,
OPTSTK,TORNTPOWER,29-Apr-2021,250,CE,0,0,0,61.75,134.6,0,0,0,0,19-APR-2021,
OPTSTK,TORNTPOWER,29-Apr-2021,255,CE,0,0,0,57.65,129.6,0,0,0,0,19-APR-2021,
OPTSTK,TORNTPOWER,29-Apr-2021,260,CE,0,0,0,53.65,124.65,0,0,0,0,19-APR-2021,
OPTSTK,TORNTPOWER,29-Apr-2021,265,CE,0,0,0,49.8,119.65,0,0,0,0,19-APR-2021,
OPTSTK,TORNTPOWER,29-Apr-2021,270,CE,0,0,0,46.15,114.65,0,0,0,0,19-APR-2021,
OPTSTK,TORNTPOWER,29-Apr-2021,275,CE,0,0,0,42.6,109.65,0,0,0,0,19-APR-2021,
OPTSTK,TORNTPOWER,29-Apr-2021,280,CE,0,0,0,39.2,104.65,0,0,0,0,19-APR-2021,
OPTSTK,TORNTPOWER,29-Apr-2021,285,CE,0,0,0,36,99.65,0,0,0,0,19-APR-2021,
OPTSTK,TORNTPOWER,29-Apr-2021,290,CE,0,0,0,33,94.65,0,0,0,0,19-APR-2021,
OPTSTK,TORNTPOWER,29-Apr-2021,295,CE,0,0,0,30.15,89.65,0,0,0,0,19-APR-2021,
OPTSTK,TORNTPOWER,29-Apr-2021,300,CE,0,0,0,27.5,84.65,0,0,0,0,19-APR-2021,
OPTSTK,TORNTPOWER,29-Apr-2021,305,CE,0,0,0,24.95,79.65,0,0,0,0,19-APR-2021,
OPTSTK,TORNTPOWER,29-Apr-2021,310,CE,0,0,0,22.65,74.7,0,0,0,0,19-APR-2021,
OPTSTK,TORNTPOWER,29-Apr-2021,315,CE,0,0,0,20.5,69.7,0,0,0,0,19-APR-2021,
OPTSTK,TORNTPOWER,29-Apr-2021,320,CE,0,0,0,18.45,64.7,0,0,0,0,19-APR-2021,
OPTSTK,TORNTPOWER,29-Apr-2021,325,CE,0,0,0,16.65,59.75,0,0,0,0,19-APR-2021,
OPTSTK,TORNTPOWER,29-Apr-2021,330,CE,0,0,0,14.95,54.8,0,0,0,0,19-APR-2021,
OPTSTK,TORNTPOWER,29-Apr-2021,335,CE,0,0,0,13.35,49.9,0,0,0,0,19-APR-2021,
OPTSTK,TORNTPOWER,29-Apr-2021,340,CE,0,0,0,11.95,45.05,0,0,0,0,19-APR-2021,
OPTSTK,TORNTPOWER,29-Apr-2021,345,CE,0,0,0,10.65,40.25,0,0,0,0,19-APR-2021,
OPTSTK,TORNTPOWER,29-Apr-2021,350,CE,0,0,0,9.5,35.65,0,0,0,0,19-APR-2021,
OPTSTK,TORNTPOWER,29-Apr-2021,355,CE,0,0,0,8.45,31.15,0,0,0,0,19-APR-2021,
OPTSTK,TORNTPOWER,29-Apr-2021,360,CE,0,0,0,7.5,26.9,0,0,0,0,19-APR-2021,
OPTSTK,TORNTPOWER,29-Apr-2021,365,CE,0,0,0,6.6,22.9,0,0,0,0,19-APR-2021,
OPTSTK,TORNTPOWER,29-Apr-2021,370,CE,0,0,0,5.85,19.2,0,0,0,0,19-APR-2021,
OPTSTK,TORNTPOWER,29-Apr-2021,375,CE,0,0,0,5.15,15.85,0,0,0,0,19-APR-2021,
OPTSTK,TORNTPOWER,29-Apr-2021,380,CE,0,0,0,4.55,12.85,0,0,0,0,19-APR-2021,
OPTSTK,TORNTPOWER,29-Apr-2021,385,CE,0,0,0,4,10.25,0,0,0,0,19-APR-2021,
OPTSTK,TORNTPOWER,29-Apr-2021,390,CE,0,0,0,3.5,8,0,0,0,0,19-APR-2021,
OPTSTK,TORNTPOWER,29-Apr-2021,395,CE,8.7,8.7,8.7,8.7,6.15,1,12.11,6000,0,19-APR-2021,
OPTSTK,TORNTPOWER,29-Apr-2021,400,CE,5.25,5.55,4.55,5.05,5.05,26,315.96,45000,15000,19-APR-2021,
OPTSTK,TORNTPOWER,29-Apr-2021,405,CE,0,0,0,2.35,3.45,0,0,0,0,19-APR-2021,
OPTSTK,TORNTPOWER,29-Apr-2021,410,CE,5.3,5.55,2.6,2.85,2.85,51,632.72,66000,9000,19-APR-2021,
OPTSTK,TORNTPOWER,29-Apr-2021,415,CE,0,0,0,7.4,1.8,0,0,54000,0,19-APR-2021,
OPTSTK,TORNTPOWER,29-Apr-2021,420,CE,4.6,4.6,1.5,1.65,1.65,32,405.06,60000,9000,19-APR-2021,
OPTSTK,TORNTPOWER,29-Apr-2021,425,CE,1.15,1.15,1,1,1,2,25.56,21000,0,19-APR-2021,
OPTSTK,TORNTPOWER,29-Apr-2021,430,CE,1.6,1.7,0.75,0.95,0.6,12,155.26,90000,-3000,19-APR-2021,
OPTSTK,TORNTPOWER,29-Apr-2021,435,CE,0,0,0,9.7,0.4,0,0,0,0,19-APR-2021,
OPTSTK,TORNTPOWER,29-Apr-2021,440,CE,0.6,0.65,0.4,0.5,0.5,12,158.58,48000,-15000,19-APR-2021,
OPTSTK,TORNTPOWER,29-Apr-2021,445,CE,0,0,0,0.75,0.15,0,0,0,0,19-APR-2021,
OPTSTK,TORNTPOWER,29-Apr-2021,450,CE,0.4,0.8,0.3,0.7,0.7,13,175.68,81000,-24000,19-APR-2021,
OPTSTK,TORNTPOWER,29-Apr-2021,455,CE,0.5,0.5,0.3,0.3,0.1,2,27.32,3000,0,19-APR-2021,
OPTSTK,TORNTPOWER,29-Apr-2021,460,CE,0,0,0,0.65,0.05,0,0,12000,0,19-APR-2021,
OPTSTK,TORNTPOWER,29-Apr-2021,465,CE,0,0,0,0.7,0.05,0,0,0,0,19-APR-2021,
OPTSTK,TORNTPOWER,29-Apr-2021,470,CE,0,0,0,0.65,0.05,0,0,0,0,19-APR-2021,
OPTSTK,TORNTPOWER,29-Apr-2021,475,CE,0,0,0,0.6,0.05,0,0,0,0,19-APR-2021,
OPTSTK,TORNTPOWER,29-Apr-2021,480,CE,0.1,0.25,0.1,0.25,0,6,86.43,18000,-12000,19-APR-2021,
OPTSTK,TORNTPOWER,29-Apr-2021,485,CE,0,0,0,0.6,0,0,0,0,0,19-APR-2021,
OPTSTK,TORNTPOWER,29-Apr-2021,490,CE,0,0,0,1.65,0,0,0,0,0,19-APR-2021,
OPTSTK,TORNTPOWER,29-Apr-2021,495,CE,0,0,0,1.45,0,0,0,0,0,19-APR-2021,
OPTSTK,TORNTPOWER,29-Apr-2021,500,CE,0,0,0,1.25,0,0,0,0,0,19-APR-2021,
OPTSTK,TORNTPOWER,29-Apr-2021,505,CE,0,0,0,1.1,0,0,0,0,0,19-APR-2021,
OPTSTK,TORNTPOWER,29-Apr-2021,510,CE,0,0,0,0.95,0,0,0,0,0,19-APR-2021,
OPTSTK,TORNTPOWER,29-Apr-2021,515,CE,0,0,0,0.8,0,0,0,0,0,19-APR-2021,
OPTSTK,TORNTPOWER,29-Apr-2021,215,PE,0,0,0,0.55,0,0,0,0,0,19-APR-2021,
OPTSTK,TORNTPOWER,29-Apr-2021,220,PE,0,0,0,0.75,0,0,0,0,0,19-APR-2021,
OPTSTK,TORNTPOWER,29-Apr-2021,225,PE,0,0,0,1,0,0,0,0,0,19-APR-2021,
OPTSTK,TORNTPOWER,29-Apr-2021,230,PE,0,0,0,1.35,0,0,0,0,0,19-APR-2021,
OPTSTK,TORNTPOWER,29-Apr-2021,235,PE,0,0,0,1.75,0,0,0,0,0,19-APR-2021,
OPTSTK,TORNTPOWER,29-Apr-2021,240,PE,0,0,0,2.25,0,0,0,0,0,19-APR-2021,
OPTSTK,TORNTPOWER,29-Apr-2021,245,PE,0,0,0,2.85,0,0,0,0,0,19-APR-2021,
OPTSTK,TORNTPOWER,29-Apr-2021,250,PE,0,0,0,3.55,0,0,0,0,0,19-APR-2021,
OPTSTK,TORNTPOWER,29-Apr-2021,255,PE,0,0,0,4.4,0,0,0,0,0,19-APR-2021,
OPTSTK,TORNTPOWER,29-Apr-2021,260,PE,0,0,0,5.35,0,0,0,0,0,19-APR-2021,
OPTSTK,TORNTPOWER,29-Apr-2021,265,PE,0,0,0,6.45,0,0,0,0,0,19-APR-2021,
OPTSTK,TORNTPOWER,29-Apr-2021,270,PE,0,0,0,7.75,0,0,0,0,0,19-APR-2021,
OPTSTK,TORNTPOWER,29-Apr-2021,275,PE,0,0,0,9.15,0,0,0,0,0,19-APR-2021,
OPTSTK,TORNTPOWER,29-Apr-2021,280,PE,0,0,0,10.75,0,0,0,0,0,19-APR-2021,
OPTSTK,TORNTPOWER,29-Apr-2021,285,PE,0,0,0,12.5,0,0,0,0,0,19-APR-2021,
OPTSTK,TORNTPOWER,29-Apr-2021,290,PE,0,0,0,14.4,0,0,0,0,0,19-APR-2021,
OPTSTK,TORNTPOWER,29-Apr-2021,295,PE,0,0,0,16.5,0,0,0,0,0,19-APR-2021,
OPTSTK,TORNTPOWER,29-Apr-2021,300,PE,0,0,0,0.15,0,0,0,3000,0,19-APR-2021,
OPTSTK,TORNTPOWER,29-Apr-2021,305,PE,0,0,0,21.25,0,0,0,0,0,19-APR-2021,
OPTSTK,TORNTPOWER,29-Apr-2021,310,PE,0,0,0,23.85,0,0,0,0,0,19-APR-2021,
OPTSTK,TORNTPOWER,29-Apr-2021,315,PE,0,0,0,26.65,0.05,0,0,0,0,19-APR-2021,
OPTSTK,TORNTPOWER,29-Apr-2021,320,PE,0,0,0,29.6,0.05,0,0,0,0,19-APR-2021,
OPTSTK,TORNTPOWER,29-Apr-2021,325,PE,0,0,0,32.7,0.05,0,0,0,0,19-APR-2021,
OPTSTK,TORNTPOWER,29-Apr-2021,330,PE,0,0,0,0.2,0.1,0,0,6000,0,19-APR-2021,
OPTSTK,TORNTPOWER,29-Apr-2021,335,PE,0,0,0,39.35,0.2,0,0,0,0,19-APR-2021,
OPTSTK,TORNTPOWER,29-Apr-2021,340,PE,0,0,0,42.9,0.35,0,0,0,0,19-APR-2021,
OPTSTK,TORNTPOWER,29-Apr-2021,345,PE,0,0,0,46.6,0.55,0,0,0,0,19-APR-2021,
OPTSTK,TORNTPOWER,29-Apr-2021,350,PE,0,0,0,50.35,0.95,0,0,0,0,19-APR-2021,
OPTSTK,TORNTPOWER,29-Apr-2021,355,PE,0,0,0,1,1.45,0,0,18000,0,19-APR-2021,
OPTSTK,TORNTPOWER,29-Apr-2021,360,PE,0,0,0,58.25,2.2,0,0,0,0,19-APR-2021,
OPTSTK,TORNTPOWER,29-Apr-2021,365,PE,0,0,0,3.25,3.15,0,0,3000,0,19-APR-2021,
OPTSTK,TORNTPOWER,29-Apr-2021,370,PE,0,0,0,1.5,4.45,0,0,15000,0,19-APR-2021,
OPTSTK,TORNTPOWER,29-Apr-2021,375,PE,0,0,0,70.8,6.1,0,0,0,0,19-APR-2021,
OPTSTK,TORNTPOWER,29-Apr-2021,380,PE,0,0,0,5.85,8.1,0,0,21000,0,19-APR-2021,
OPTSTK,TORNTPOWER,29-Apr-2021,385,PE,6.45,8.45,6.45,8.45,10.5,3,35.33,3000,-3000,19-APR-2021,
OPTSTK,TORNTPOWER,29-Apr-2021,390,PE,11.45,11.45,10.75,10.75,13.3,5,60.16,12000,6000,19-APR-2021,
OPTSTK,TORNTPOWER,29-Apr-2021,395,PE,10,10,10,10,16.4,1,12.15,18000,3000,19-APR-2021,
OPTSTK,TORNTPOWER,29-Apr-2021,400,PE,12.15,19.15,11.8,18.5,18.5,55,686.32,42000,-75000,19-APR-2021,
OPTSTK,TORNTPOWER,29-Apr-2021,405,PE,0,0,0,18.95,23.7,0,0,3000,0,19-APR-2021,
OPTSTK,TORNTPOWER,29-Apr-2021,410,PE,0,0,0,18.65,27.75,0,0,12000,0,19-APR-2021,
OPTSTK,TORNTPOWER,29-Apr-2021,415,PE,0,0,0,20.05,32.05,0,0,12000,0,19-APR-2021,
OPTSTK,TORNTPOWER,29-Apr-2021,420,PE,0,0,0,12.3,36.5,0,0,9000,0,19-APR-2021,
OPTSTK,TORNTPOWER,29-Apr-2021,425,PE,0,0,0,17.4,41.1,0,0,15000,0,19-APR-2021,
OPTSTK,TORNTPOWER,29-Apr-2021,430,PE,0,0,0,26.2,45.8,0,0,15000,0,19-APR-2021,
OPTSTK,TORNTPOWER,29-Apr-2021,435,PE,0,0,0,126.1,50.6,0,0,0,0,19-APR-2021,
OPTSTK,TORNTPOWER,29-Apr-2021,440,PE,0,0,0,130.9,55.5,0,0,0,0,19-APR-2021,
OPTSTK,TORNTPOWER,29-Apr-2021,445,PE,0,0,0,135.75,60.4,0,0,0,0,19-APR-2021,
OPTSTK,TORNTPOWER,29-Apr-2021,450,PE,0,0,0,137.85,65.3,0,0,0,0,19-APR-2021,
OPTSTK,TORNTPOWER,29-Apr-2021,455,PE,0,0,0,136.85,70.3,0,0,0,0,19-APR-2021,
OPTSTK,TORNTPOWER,29-Apr-2021,460,PE,0,0,0,134.15,75.25,0,0,0,0,19-APR-2021,
OPTSTK,TORNTPOWER,29-Apr-2021,465,PE,0,0,0,139,80.25,0,0,0,0,19-APR-2021,
OPTSTK,TORNTPOWER,29-Apr-2021,470,PE,0,0,0,136.4,85.2,0,0,0,0,19-APR-2021,
OPTSTK,TORNTPOWER,29-Apr-2021,475,PE,0,0,0,137.95,90.2,0,0,0,0,19-APR-2021,
OPTSTK,TORNTPOWER,29-Apr-2021,480,PE,0,0,0,132.1,95.2,0,0,0,0,19-APR-2021,
OPTSTK,TORNTPOWER,29-Apr-2021,485,PE,0,0,0,136.95,100.2,0,0,0,0,19-APR-2021,
OPTSTK,TORNTPOWER,29-Apr-2021,490,PE,0,0,0,115.35,105.2,0,0,0,0,19-APR-2021,
OPTSTK,TORNTPOWER,29-Apr-2021,495,PE,0,0,0,120.1,110.2,0,0,0,0,19-APR-2021,
OPTSTK,TORNTPOWER,29-Apr-2021,500,PE,0,0,0,124.85,115.15,0,0,0,0,19-APR-2021,
OPTSTK,TORNTPOWER,29-Apr-2021,505,PE,0,0,0,129.65,120.15,0,0,0,0,19-APR-2021,
OPTSTK,TORNTPOWER,29-Apr-2021,510,PE,0,0,0,134.45,125.15,0,0,0,0,19-APR-2021,
OPTSTK,TORNTPOWER,29-Apr-2021,515,PE,0,0,0,139.3,130.15,0,0,0,0,19-APR-2021,
OPTSTK,TORNTPOWER,27-May-2021,255,CE,0,0,0,140.95,130.35,0,0,0,0,19-APR-2021,
OPTSTK,TORNTPOWER,27-May-2021,260,CE,0,0,0,136.1,125.4,0,0,0,0,19-APR-2021,
OPTSTK,TORNTPOWER,27-May-2021,265,CE,0,0,0,131.25,120.45,0,0,0,0,19-APR-2021,
OPTSTK,TORNTPOWER,27-May-2021,270,CE,0,0,0,126.45,115.45,0,0,0,0,19-APR-2021,
OPTSTK,TORNTPOWER,27-May-2021,275,CE,0,0,0,121.7,110.5,0,0,0,0,19-APR-2021,
OPTSTK,TORNTPOWER,27-May-2021,280,CE,0,0,0,117,105.55,0,0,0,0,19-APR-2021,
OPTSTK,TORNTPOWER,27-May-2021,285,CE,0,0,0,112.3,100.65,0,0,0,0,19-APR-2021,
OPTSTK,TORNTPOWER,27-May-2021,290,CE,0,0,0,107.7,95.75,0,0,0,0,19-APR-2021,
OPTSTK,TORNTPOWER,27-May-2021,295,CE,0,0,0,103.1,90.85,0,0,0,0,19-APR-2021,
OPTSTK,TORNTPOWER,27-May-2021,300,CE,0,0,0,98.6,86,0,0,0,0,19-APR-2021,
OPTSTK,TORNTPOWER,27-May-2021,305,CE,0,0,0,94.2,81.2,0,0,0,0,19-APR-2021,
OPTSTK,TORNTPOWER,27-May-2021,310,CE,0,0,0,89.85,76.5,0,0,0,0,19-APR-2021,
OPTSTK,TORNTPOWER,27-May-2021,315,CE,0,0,0,85.55,71.8,0,0,0,0,19-APR-2021,
OPTSTK,TORNTPOWER,27-May-2021,320,CE,0,0,0,81.4,67.25,0,0,0,0,19-APR-2021,
OPTSTK,TORNTPOWER,27-May-2021,325,CE,0,0,0,77.3,62.75,0,0,0,0,19-APR-2021,
OPTSTK,TORNTPOWER,27-May-2021,330,CE,0,0,0,73.3,58.35,0,0,0,0,19-APR-2021,
OPTSTK,TORNTPOWER,27-May-2021,335,CE,0,0,0,69.45,54.1,0,0,0,0,19-APR-2021,
OPTSTK,TORNTPOWER,27-May-2021,340,CE,0,0,0,65.7,49.95,0,0,0,0,19-APR-2021,
OPTSTK,TORNTPOWER,27-May-2021,345,CE,0,0,0,62.05,45.95,0,0,0,0,19-APR-2021,
OPTSTK,TORNTPOWER,27-May-2021,350,CE,0,0,0,58.5,42.15,0,0,0,0,19-APR-2021,
OPTSTK,TORNTPOWER,27-May-2021,355,CE,0,0,0,55.05,38.5,0,0,0,0,19-APR-2021,
OPTSTK,TORNTPOWER,27-May-2021,360,CE,0,0,0,51.8,35,0,0,0,0,19-APR-2021,
OPTSTK,TORNTPOWER,27-May-2021,365,CE,0,0,0,48.65,31.75,0,0,0,0,19-APR-2021,
OPTSTK,TORNTPOWER,27-May-2021,370,CE,0,0,0,45.6,28.65,0,0,0,0,19-APR-2021,
OPTSTK,TORNTPOWER,27-May-2021,375,CE,0,0,0,42.7,25.75,0,0,0,0,19-APR-2021,
OPTSTK,TORNTPOWER,27-May-2021,380,CE,0,0,0,39.95,23.1,0,0,0,0,19-APR-2021,
OPTSTK,TORNTPOWER,27-May-2021,385,CE,0,0,0,37.3,20.6,0,0,0,0,19-APR-2021,
OPTSTK,TORNTPOWER,27-May-2021,390,CE,0,0,0,34.75,18.3,0,0,0,0,19-APR-2021,
OPTSTK,TORNTPOWER,27-May-2021,395,CE,0,0,0,32.4,16.2,0,0,0,0,19-APR-2021,
OPTSTK,TORNTPOWER,27-May-2021,400,CE,0,0,0,30.1,14.25,0,0,0,0,19-APR-2021,
OPTSTK,TORNTPOWER,27-May-2021,405,CE,0,0,0,28,12.55,0,0,0,0,19-APR-2021,
OPTSTK,TORNTPOWER,27-May-2021,410,CE,0,0,0,25.95,10.95,0,0,0,0,19-APR-2021,
OPTSTK,TORNTPOWER,27-May-2021,415,CE,0,0,0,24.05,9.55,0,0,0,0,19-APR-2021,
OPTSTK,TORNTPOWER,27-May-2021,420,CE,0,0,0,22.25,8.3,0,0,0,0,19-APR-2021,
OPTSTK,TORNTPOWER,27-May-2021,425,CE,0,0,0,20.55,7.15,0,0,0,0,19-APR-2021,
OPTSTK,TORNTPOWER,27-May-2021,430,CE,0,0,0,19,6.2,0,0,0,0,19-APR-2021,
OPTSTK,TORNTPOWER,27-May-2021,435,CE,0,0,0,17.5,5.3,0,0,0,0,19-APR-2021,
OPTSTK,TORNTPOWER,27-May-2021,440,CE,0,0,0,16.1,4.55,0,0,0,0,19-APR-2021,
OPTSTK,TORNTPOWER,27-May-2021,445,CE,0,0,0,14.85,3.85,0,0,0,0,19-APR-2021,
OPTSTK,TORNTPOWER,27-May-2021,450,CE,0,0,0,13.65,3.3,0,0,0,0,19-APR-2021,
OPTSTK,TORNTPOWER,27-May-2021,455,CE,0,0,0,12.55,2.8,0,0,0,0,19-APR-2021,
OPTSTK,TORNTPOWER,27-May-2021,460,CE,0,0,0,11.5,2.35,0,0,0,0,19-APR-2021,
OPTSTK,TORNTPOWER,27-May-2021,465,CE,0,0,0,10.5,2,0,0,0,0,19-APR-2021,
OPTSTK,TORNTPOWER,27-May-2021,470,CE,0,0,0,9.6,1.65,0,0,0,0,19-APR-2021,
OPTSTK,TORNTPOWER,27-May-2021,475,CE,0,0,0,8.8,1.4,0,0,0,0,19-APR-2021,
OPTSTK,TORNTPOWER,27-May-2021,480,CE,0,0,0,8.05,1.15,0,0,0,0,19-APR-2021,
OPTSTK,TORNTPOWER,27-May-2021,485,CE,0,0,0,7.35,0.95,0,0,0,0,19-APR-2021,
OPTSTK,TORNTPOWER,27-May-2021,490,CE,0,0,0,6.7,0.8,0,0,0,0,19-APR-2021,
OPTSTK,TORNTPOWER,27-May-2021,495,CE,0,0,0,6.1,0.65,0,0,0,0,19-APR-2021,
OPTSTK,TORNTPOWER,27-May-2021,500,CE,0,0,0,5.55,0.55,0,0,0,0,19-APR-2021,
OPTSTK,TORNTPOWER,27-May-2021,505,CE,0,0,0,5.05,0.45,0,0,0,0,19-APR-2021,
OPTSTK,TORNTPOWER,27-May-2021,510,CE,0,0,0,4.6,0.4,0,0,0,0,19-APR-2021,
OPTSTK,TORNTPOWER,27-May-2021,515,CE,0,0,0,4.15,0.3,0,0,0,0,19-APR-2021,
OPTSTK,TORNTPOWER,27-May-2021,255,PE,0,0,0,0.35,0.05,0,0,0,0,19-APR-2021,
OPTSTK,TORNTPOWER,27-May-2021,260,PE,0,0,0,0.45,0.05,0,0,0,0,19-APR-2021,
OPTSTK,TORNTPOWER,27-May-2021,265,PE,0,0,0,0.55,0.05,0,0,0,0,19-APR-2021,
OPTSTK,TORNTPOWER,27-May-2021,270,PE,0,0,0,0.7,0.05,0,0,0,0,19-APR-2021,
OPTSTK,TORNTPOWER,27-May-2021,275,PE,0,0,0,0.9,0.1,0,0,0,0,19-APR-2021,
OPTSTK,TORNTPOWER,27-May-2021,280,PE,0,0,0,1.15,0.15,0,0,0,0,19-APR-2021,
OPTSTK,TORNTPOWER,27-May-2021,285,PE,0,0,0,1.4,0.2,0,0,0,0,19-APR-2021,
OPTSTK,TORNTPOWER,27-May-2021,290,PE,0,0,0,1.75,0.25,0,0,0,0,19-APR-2021,
OPTSTK,TORNTPOWER,27-May-2021,295,PE,0,0,0,2.1,0.35,0,0,0,0,19-APR-2021,
OPTSTK,TORNTPOWER,27-May-2021,300,PE,0,0,0,2.6,0.5,0,0,0,0,19-APR-2021,
OPTSTK,TORNTPOWER,27-May-2021,305,PE,0,0,0,3.1,0.7,0,0,0,0,19-APR-2021,
OPTSTK,TORNTPOWER,27-May-2021,310,PE,0,0,0,3.7,0.95,0,0,0,0,19-APR-2021,
OPTSTK,TORNTPOWER,27-May-2021,315,PE,0,0,0,4.4,1.25,0,0,0,0,19-APR-2021,
OPTSTK,TORNTPOWER,27-May-2021,320,PE,0,0,0,5.15,1.65,0,0,0,0,19-APR-2021,
OPTSTK,TORNTPOWER,27-May-2021,325,PE,0,0,0,6.05,2.1,0,0,0,0,19-APR-2021,
OPTSTK,TORNTPOWER,27-May-2021,330,PE,0,0,0,7,2.7,0,0,0,0,19-APR-2021,
OPTSTK,TORNTPOWER,27-May-2021,335,PE,0,0,0,8.05,3.45,0,0,0,0,19-APR-2021,
OPTSTK,TORNTPOWER,27-May-2021,340,PE,0,0,0,9.25,4.3,0,0,0,0,19-APR-2021,
OPTSTK,TORNTPOWER,27-May-2021,345,PE,0,0,0,10.6,5.3,0,0,0,0,19-APR-2021,
OPTSTK,TORNTPOWER,27-May-2021,350,PE,0,0,0,12,6.45,0,0,0,0,19-APR-2021,
OPTSTK,TORNTPOWER,27-May-2021,355,PE,0,0,0,13.5,7.8,0,0,0,0,19-APR-2021,
OPTSTK,TORNTPOWER,27-May-2021,360,PE,0,0,0,15.2,9.25,0,0,0,0,19-APR-2021,
OPTSTK,TORNTPOWER,27-May-2021,365,PE,0,0,0,17,10.95,0,0,0,0,19-APR-2021,
OPTSTK,TORNTPOWER,27-May-2021,370,PE,0,0,0,18.9,12.85,0,0,0,0,19-APR-2021,
OPTSTK,TORNTPOWER,27-May-2021,375,PE,0,0,0,20.95,14.95,0,0,0,0,19-APR-2021,
OPTSTK,TORNTPOWER,27-May-2021,380,PE,0,0,0,23.15,17.25,0,0,0,0,19-APR-2021,
OPTSTK,TORNTPOWER,27-May-2021,385,PE,0,0,0,25.45,19.75,0,0,0,0,19-APR-2021,
OPTSTK,TORNTPOWER,27-May-2021,390,PE,0,0,0,27.9,22.4,0,0,0,0,19-APR-2021,
OPTSTK,TORNTPOWER,27-May-2021,395,PE,0,0,0,30.45,25.3,0,0,0,0,19-APR-2021,
OPTSTK,TORNTPOWER,27-May-2021,400,PE,0,0,0,33.15,28.35,0,0,0,0,19-APR-2021,
OPTSTK,TORNTPOWER,27-May-2021,405,PE,0,0,0,16,31.6,0,0,3000,0,19-APR-2021,
OPTSTK,TORNTPOWER,27-May-2021,410,PE,0,0,0,13.8,35,0,0,0,0,19-APR-2021,
OPTSTK,TORNTPOWER,27-May-2021,415,PE,0,0,0,41.95,38.6,0,0,0,0,19-APR-2021,
OPTSTK,TORNTPOWER,27-May-2021,420,PE,0,0,0,45.1,42.3,0,0,0,0,19-APR-2021,
OPTSTK,TORNTPOWER,27-May-2021,425,PE,0,0,0,48.35,46.15,0,0,0,0,19-APR-2021,
OPTSTK,TORNTPOWER,27-May-2021,430,PE,0,0,0,51.75,50.15,0,0,0,0,19-APR-2021,
OPTSTK,TORNTPOWER,27-May-2021,435,PE,0,0,0,55.2,54.25,0,0,0,0,19-APR-2021,
OPTSTK,TORNTPOWER,27-May-2021,440,PE,0,0,0,58.75,58.5,0,0,0,0,19-APR-2021,
OPTSTK,TORNTPOWER,27-May-2021,445,PE,0,0,0,62.45,62.8,0,0,0,0,19-APR-2021,
OPTSTK,TORNTPOWER,27-May-2021,450,PE,0,0,0,66.2,67.2,0,0,0,0,19-APR-2021,
OPTSTK,TORNTPOWER,27-May-2021,455,PE,0,0,0,70.05,71.65,0,0,0,0,19-APR-2021,
OPTSTK,TORNTPOWER,27-May-2021,460,PE,0,0,0,73.95,76.2,0,0,0,0,19-APR-2021,
OPTSTK,TORNTPOWER,27-May-2021,465,PE,0,0,0,77.95,80.8,0,0,0,0,19-APR-2021,
OPTSTK,TORNTPOWER,27-May-2021,470,PE,0,0,0,82,85.5,0,0,0,0,19-APR-2021,
OPTSTK,TORNTPOWER,27-May-2021,475,PE,0,0,0,86.15,90.2,0,0,0,0,19-APR-2021,
OPTSTK,TORNTPOWER,27-May-2021,480,PE,0,0,0,90.3,94.95,0,0,0,0,19-APR-2021,
OPTSTK,TORNTPOWER,27-May-2021,485,PE,0,0,0,94.55,99.75,0,0,0,0,19-APR-2021,
OPTSTK,TORNTPOWER,27-May-2021,490,PE,0,0,0,98.85,104.55,0,0,0,0,19-APR-2021,
OPTSTK,TORNTPOWER,27-May-2021,495,PE,0,0,0,103.25,109.4,0,0,0,0,19-APR-2021,
OPTSTK,TORNTPOWER,27-May-2021,500,PE,0,0,0,107.65,114.25,0,0,0,0,19-APR-2021,
OPTSTK,TORNTPOWER,27-May-2021,505,PE,0,0,0,112.1,119.15,0,0,0,0,19-APR-2021,
OPTSTK,TORNTPOWER,27-May-2021,510,PE,0,0,0,116.6,124.05,0,0,0,0,19-APR-2021,
OPTSTK,TORNTPOWER,27-May-2021,515,PE,0,0,0,121.1,128.95,0,0,0,0,19-APR-2021,
OPTSTK,TORNTPOWER,24-Jun-2021,255,CE,0,0,0,158.3,131.25,0,0,0,0,19-APR-2021,
OPTSTK,TORNTPOWER,24-Jun-2021,260,CE,0,0,0,153.4,126.35,0,0,0,0,19-APR-2021,
OPTSTK,TORNTPOWER,24-Jun-2021,265,CE,0,0,0,148.55,121.45,0,0,0,0,19-APR-2021,
OPTSTK,TORNTPOWER,24-Jun-2021,270,CE,0,0,0,143.65,116.6,0,0,0,0,19-APR-2021,
OPTSTK,TORNTPOWER,24-Jun-2021,275,CE,0,0,0,138.85,111.75,0,0,0,0,19-APR-2021,
OPTSTK,TORNTPOWER,24-Jun-2021,280,CE,0,0,0,134,106.95,0,0,0,0,19-APR-2021,
OPTSTK,TORNTPOWER,24-Jun-2021,285,CE,0,0,0,129.25,102.2,0,0,0,0,19-APR-2021,
OPTSTK,TORNTPOWER,24-Jun-2021,290,CE,0,0,0,124.5,97.5,0,0,0,0,19-APR-2021,
OPTSTK,TORNTPOWER,24-Jun-2021,295,CE,0,0,0,119.8,92.85,0,0,0,0,19-APR-2021,
OPTSTK,TORNTPOWER,24-Jun-2021,300,CE,0,0,0,115.15,88.25,0,0,0,0,19-APR-2021,
OPTSTK,TORNTPOWER,24-Jun-2021,305,CE,0,0,0,110.55,83.75,0,0,0,0,19-APR-2021,
OPTSTK,TORNTPOWER,24-Jun-2021,310,CE,0,0,0,106,79.3,0,0,0,0,19-APR-2021,
OPTSTK,TORNTPOWER,24-Jun-2021,315,CE,0,0,0,101.5,74.95,0,0,0,0,19-APR-2021,
OPTSTK,TORNTPOWER,24-Jun-2021,320,CE,0,0,0,97.1,70.75,0,0,0,0,19-APR-2021,
OPTSTK,TORNTPOWER,24-Jun-2021,325,CE,0,0,0,92.75,66.6,0,0,0,0,19-APR-2021,
OPTSTK,TORNTPOWER,24-Jun-2021,330,CE,0,0,0,88.5,62.6,0,0,0,0,19-APR-2021,
OPTSTK,TORNTPOWER,24-Jun-2021,335,CE,0,0,0,84.35,58.7,0,0,0,0,19-APR-2021,
OPTSTK,TORNTPOWER,24-Jun-2021,340,CE,0,0,0,80.25,54.9,0,0,0,0,19-APR-2021,
OPTSTK,TORNTPOWER,24-Jun-2021,345,CE,0,0,0,76.25,51.3,0,0,0,0,19-APR-2021,
OPTSTK,TORNTPOWER,24-Jun-2021,350,CE,0,0,0,72.4,47.8,0,0,0,0,19-APR-2021,
OPTSTK,TORNTPOWER,24-Jun-2021,355,CE,0,0,0,68.6,44.45,0,0,0,0,19-APR-2021,
OPTSTK,TORNTPOWER,24-Jun-2021,360,CE,0,0,0,64.95,41.25,0,0,0,0,19-APR-2021,
OPTSTK,TORNTPOWER,24-Jun-2021,365,CE,0,0,0,61.4,38.2,0,0,0,0,19-APR-2021,
OPTSTK,TORNTPOWER,24-Jun-2021,370,CE,0,0,0,58,35.3,0,0,0,0,19-APR-2021,
OPTSTK,TORNTPOWER,24-Jun-2021,375,CE,0,0,0,54.65,32.55,0,0,0,0,19-APR-2021,
OPTSTK,TORNTPOWER,24-Jun-2021,380,CE,0,0,0,51.5,29.95,0,0,0,0,19-APR-2021,
OPTSTK,TORNTPOWER,24-Jun-2021,385,CE,0,0,0,48.4,27.5,0,0,0,0,19-APR-2021,
OPTSTK,TORNTPOWER,24-Jun-2021,390,CE,0,0,0,45.45,25.2,0,0,0,0,19-APR-2021,
OPTSTK,TORNTPOWER,24-Jun-2021,395,CE,0,0,0,42.65,23.05,0,0,0,0,19-APR-2021,
OPTSTK,TORNTPOWER,24-Jun-2021,400,CE,0,0,0,39.95,21.05,0,0,0,0,19-APR-2021,
OPTSTK,TORNTPOWER,24-Jun-2021,405,CE,0,0,0,37.4,19.15,0,0,0,0,19-APR-2021,
OPTSTK,TORNTPOWER,24-Jun-2021,410,CE,0,0,0,34.95,17.45,0,0,0,0,19-APR-2021,
OPTSTK,TORNTPOWER,24-Jun-2021,415,CE,0,0,0,32.6,15.8,0,0,0,0,19-APR-2021,
OPTSTK,TORNTPOWER,24-Jun-2021,420,CE,0,0,0,30.4,14.35,0,0,0,0,19-APR-2021,
OPTSTK,TORNTPOWER,24-Jun-2021,425,CE,0,0,0,28.3,12.95,0,0,0,0,19-APR-2021,
OPTSTK,TORNTPOWER,24-Jun-2021,430,CE,0,0,0,26.3,11.7,0,0,0,0,19-APR-2021,
OPTSTK,TORNTPOWER,24-Jun-2021,435,CE,0,0,0,24.45,10.55,0,0,0,0,19-APR-2021,
OPTSTK,TORNTPOWER,24-Jun-2021,440,CE,0,0,0,22.7,9.5,0,0,0,0,19-APR-2021,
OPTSTK,TORNTPOWER,24-Jun-2021,445,CE,0,0,0,21,8.5,0,0,0,0,19-APR-2021,
OPTSTK,TORNTPOWER,24-Jun-2021,450,CE,0,0,0,19.45,7.65,0,0,0,0,19-APR-2021,
OPTSTK,TORNTPOWER,24-Jun-2021,455,CE,0,0,0,18,6.85,0,0,0,0,19-APR-2021,
OPTSTK,TORNTPOWER,24-Jun-2021,460,CE,0,0,0,16.6,6.1,0,0,0,0,19-APR-2021,
OPTSTK,TORNTPOWER,24-Jun-2021,465,CE,0,0,0,15.35,5.45,0,0,0,0,19-APR-2021,
OPTSTK,TORNTPOWER,24-Jun-2021,470,CE,0,0,0,14.15,4.85,0,0,0,0,19-APR-2021,
OPTSTK,TORNTPOWER,24-Jun-2021,475,CE,0,0,0,13.05,4.3,0,0,0,0,19-APR-2021,
OPTSTK,TORNTPOWER,24-Jun-2021,480,CE,0,0,0,12,3.85,0,0,0,0,19-APR-2021,
OPTSTK,TORNTPOWER,24-Jun-2021,485,CE,0,0,0,11,3.4,0,0,0,0,19-APR-2021,
OPTSTK,TORNTPOWER,24-Jun-2021,490,CE,0,0,0,10.1,3,0,0,0,0,19-APR-2021,
OPTSTK,TORNTPOWER,24-Jun-2021,495,CE,0,0,0,9.3,2.65,0,0,0,0,19-APR-2021,
OPTSTK,TORNTPOWER,24-Jun-2021,500,CE,0,0,0,8.5,2.35,0,0,0,0,19-APR-2021,
OPTSTK,TORNTPOWER,24-Jun-2021,505,CE,0,0,0,7.8,2.1,0,0,0,0,19-APR-2021,
OPTSTK,TORNTPOWER,24-Jun-2021,510,CE,0,0,0,7.15,1.85,0,0,0,0,19-APR-2021,
OPTSTK,TORNTPOWER,24-Jun-2021,515,CE,0,0,0,6.55,1.6,0,0,0,0,19-APR-2021,
OPTSTK,TORNTPOWER,24-Jun-2021,255,PE,0,0,0,0.2,0.15,0,0,0,0,19-APR-2021,
OPTSTK,TORNTPOWER,24-Jun-2021,260,PE,0,0,0,0.25,0.2,0,0,0,0,19-APR-2021,
OPTSTK,TORNTPOWER,24-Jun-2021,265,PE,0,0,0,0.3,0.3,0,0,0,0,19-APR-2021,
OPTSTK,TORNTPOWER,24-Jun-2021,270,PE,0,0,0,0.4,0.4,0,0,0,0,19-APR-2021,
OPTSTK,TORNTPOWER,24-Jun-2021,275,PE,0,0,0,0.5,0.55,0,0,0,0,19-APR-2021,
OPTSTK,TORNTPOWER,24-Jun-2021,280,PE,0,0,0,0.65,0.7,0,0,0,0,19-APR-2021,
OPTSTK,TORNTPOWER,24-Jun-2021,285,PE,0,0,0,0.85,0.9,0,0,0,0,19-APR-2021,
OPTSTK,TORNTPOWER,24-Jun-2021,290,PE,0,0,0,1.05,1.2,0,0,0,0,19-APR-2021,
OPTSTK,TORNTPOWER,24-Jun-2021,295,PE,0,0,0,1.3,1.5,0,0,0,0,19-APR-2021,
OPTSTK,TORNTPOWER,24-Jun-2021,300,PE,0,0,0,1.6,1.85,0,0,0,0,19-APR-2021,
OPTSTK,TORNTPOWER,24-Jun-2021,305,PE,0,0,0,1.95,2.35,0,0,0,0,19-APR-2021,
OPTSTK,TORNTPOWER,24-Jun-2021,310,PE,0,0,0,2.35,2.85,0,0,0,0,19-APR-2021,
OPTSTK,TORNTPOWER,24-Jun-2021,315,PE,0,0,0,2.8,3.5,0,0,0,0,19-APR-2021,
OPTSTK,TORNTPOWER,24-Jun-2021,320,PE,0,0,0,3.35,4.2,0,0,0,0,19-APR-2021,
OPTSTK,TORNTPOWER,24-Jun-2021,325,PE,0,0,0,4,5.05,0,0,0,0,19-APR-2021,
OPTSTK,TORNTPOWER,24-Jun-2021,330,PE,0,0,0,4.65,6,0,0,0,0,19-APR-2021,
OPTSTK,TORNTPOWER,24-Jun-2021,335,PE,0,0,0,5.45,7.05,0,0,0,0,19-APR-2021,
OPTSTK,TORNTPOWER,24-Jun-2021,340,PE,0,0,0,6.35,8.3,0,0,0,0,19-APR-2021,
OPTSTK,TORNTPOWER,24-Jun-2021,345,PE,0,0,0,7.3,9.6,0,0,0,0,19-APR-2021,
OPTSTK,TORNTPOWER,24-Jun-2021,350,PE,0,0,0,8.4,11.1,0,0,0,0,19-APR-2021,
OPTSTK,TORNTPOWER,24-Jun-2021,355,PE,0,0,0,9.55,12.7,0,0,0,0,19-APR-2021,
OPTSTK,TORNTPOWER,24-Jun-2021,360,PE,0,0,0,10.85,14.45,0,0,0,0,19-APR-2021,
OPTSTK,TORNTPOWER,24-Jun-2021,365,PE,0,0,0,12.3,16.35,0,0,0,0,19-APR-2021,
OPTSTK,TORNTPOWER,24-Jun-2021,370,PE,0,0,0,13.8,18.45,0,0,0,0,19-APR-2021,
OPTSTK,TORNTPOWER,24-Jun-2021,375,PE,0,0,0,15.4,20.65,0,0,0,0,19-APR-2021,
OPTSTK,TORNTPOWER,24-Jun-2021,380,PE,0,0,0,17.2,23,0,0,0,0,19-APR-2021,
OPTSTK,TORNTPOWER,24-Jun-2021,385,PE,0,0,0,19.1,25.55,0,0,0,0,19-APR-2021,
OPTSTK,TORNTPOWER,24-Jun-2021,390,PE,0,0,0,21.1,28.2,0,0,0,0,19-APR-2021,
OPTSTK,TORNTPOWER,24-Jun-2021,395,PE,0,0,0,23.2,31.05,0,0,0,0,19-APR-2021,
OPTSTK,TORNTPOWER,24-Jun-2021,400,PE,0,0,0,25.5,34,0,0,0,0,19-APR-2021,
OPTSTK,TORNTPOWER,24-Jun-2021,405,PE,0,0,0,27.85,37.1,0,0,0,0,19-APR-2021,
OPTSTK,TORNTPOWER,24-Jun-2021,410,PE,0,0,0,30.35,40.3,0,0,0,0,19-APR-2021,
OPTSTK,TORNTPOWER,24-Jun-2021,415,PE,0,0,0,33,43.65,0,0,0,0,19-APR-2021,
OPTSTK,TORNTPOWER,24-Jun-2021,420,PE,0,0,0,35.75,47.15,0,0,0,0,19-APR-2021,
OPTSTK,TORNTPOWER,24-Jun-2021,425,PE,0,0,0,38.6,50.75,0,0,0,0,19-APR-2021,
OPTSTK,TORNTPOWER,24-Jun-2021,430,PE,0,0,0,41.55,54.45,0,0,0,0,19-APR-2021,
OPTSTK,TORNTPOWER,24-Jun-2021,435,PE,0,0,0,44.65,58.25,0,0,0,0,19-APR-2021,
OPTSTK,TORNTPOWER,24-Jun-2021,440,PE,0,0,0,47.85,62.2,0,0,0,0,19-APR-2021,
OPTSTK,TORNTPOWER,24-Jun-2021,445,PE,0,0,0,51.15,66.15,0,0,0,0,19-APR-2021,
OPTSTK,TORNTPOWER,24-Jun-2021,450,PE,0,0,0,54.5,70.25,0,0,0,0,19-APR-2021,
OPTSTK,TORNTPOWER,24-Jun-2021,455,PE,0,0,0,58,74.4,0,0,0,0,19-APR-2021,
OPTSTK,TORNTPOWER,24-Jun-2021,460,PE,0,0,0,61.6,78.65,0,0,0,0,19-APR-2021,
OPTSTK,TORNTPOWER,24-Jun-2021,465,PE,0,0,0,65.3,82.95,0,0,0,0,19-APR-2021,
OPTSTK,TORNTPOWER,24-Jun-2021,470,PE,0,0,0,69.05,87.35,0,0,0,0,19-APR-2021,
OPTSTK,TORNTPOWER,24-Jun-2021,475,PE,0,0,0,72.9,91.75,0,0,0,0,19-APR-2021,
OPTSTK,TORNTPOWER,24-Jun-2021,480,PE,0,0,0,76.8,96.25,0,0,0,0,19-APR-2021,
OPTSTK,TORNTPOWER,24-Jun-2021,485,PE,0,0,0,80.75,100.8,0,0,0,0,19-APR-2021,
OPTSTK,TORNTPOWER,24-Jun-2021,490,PE,0,0,0,84.8,105.35,0,0,0,0,19-APR-2021,
OPTSTK,TORNTPOWER,24-Jun-2021,495,PE,0,0,0,88.95,109.95,0,0,0,0,19-APR-2021,
OPTSTK,TORNTPOWER,24-Jun-2021,500,PE,0,0,0,93.1,114.65,0,0,0,0,19-APR-2021,
OPTSTK,TORNTPOWER,24-Jun-2021,505,PE,0,0,0,97.35,119.3,0,0,0,0,19-APR-2021,
OPTSTK,TORNTPOWER,24-Jun-2021,510,PE,0,0,0,101.65,124.05,0,0,0,0,19-APR-2021,
OPTSTK,TORNTPOWER,24-Jun-2021,515,PE,0,0,0,106,128.8,0,0,0,0,19-APR-2021,
OPTSTK,TRENT,29-Apr-2021,520,CE,0,0,0,302.6,209.2,0,0,0,0,19-APR-2021,
OPTSTK,TRENT,29-Apr-2021,540,CE,0,0,0,282.75,189.2,0,0,0,0,19-APR-2021,
OPTSTK,TRENT,29-Apr-2021,560,CE,0,0,0,262.9,169.25,0,0,0,0,19-APR-2021,
OPTSTK,TRENT,29-Apr-2021,580,CE,0,0,0,243,149.35,0,0,0,0,19-APR-2021,
OPTSTK,TRENT,29-Apr-2021,600,CE,0,0,0,223.15,129.55,0,0,0,0,19-APR-2021,
OPTSTK,TRENT,29-Apr-2021,620,CE,0,0,0,203.25,110.1,0,0,0,0,19-APR-2021,
OPTSTK,TRENT,29-Apr-2021,640,CE,0,0,0,183.4,91.3,0,0,0,0,19-APR-2021,
OPTSTK,TRENT,29-Apr-2021,660,CE,0,0,0,163.55,73.45,0,0,0,0,19-APR-2021,
OPTSTK,TRENT,29-Apr-2021,680,CE,0,0,0,143.65,57.15,0,0,0,0,19-APR-2021,
OPTSTK,TRENT,29-Apr-2021,700,CE,0,0,0,56.9,42.85,0,0,7250,0,19-APR-2021,
OPTSTK,TRENT,29-Apr-2021,720,CE,39,39,26,35.45,30.85,4,21.84,10875,725,19-APR-2021,
OPTSTK,TRENT,29-Apr-2021,740,CE,18,28.35,13,21.4,21.4,46,254.05,23200,1450,19-APR-2021,
OPTSTK,TRENT,29-Apr-2021,760,CE,11,19.45,10,13.15,13.15,30,168.34,31175,-1450,19-APR-2021,
OPTSTK,TRENT,29-Apr-2021,780,CE,7.65,12.15,7.65,10.2,10.2,12,68.68,7975,725,19-APR-2021,
OPTSTK,TRENT,29-Apr-2021,800,CE,3.9,9.9,3.2,7,7,1815,10629.96,329150,34075,19-APR-2021,
OPTSTK,TRENT,29-Apr-2021,820,CE,3.4,9.55,3.4,9.55,3.15,2,11.98,0,0,19-APR-2021,
OPTSTK,TRENT,29-Apr-2021,840,CE,0,0,0,0.05,1.75,0,0,0,0,19-APR-2021,
OPTSTK,TRENT,29-Apr-2021,860,CE,0,0,0,4.5,0.95,0,0,725,0,19-APR-2021,
OPTSTK,TRENT,29-Apr-2021,880,CE,0,0,0,3.6,0.5,0,0,0,0,19-APR-2021,
OPTSTK,TRENT,29-Apr-2021,900,CE,1.05,1.05,1,1,0.25,3,19.59,38425,-1450,19-APR-2021,
OPTSTK,TRENT,29-Apr-2021,920,CE,0,0,0,0.05,0.15,0,0,0,0,19-APR-2021,
OPTSTK,TRENT,29-Apr-2021,940,CE,0,0,0,0.05,0.05,0,0,0,0,19-APR-2021,
OPTSTK,TRENT,29-Apr-2021,960,CE,0,0,0,0.05,0.05,0,0,0,0,19-APR-2021,
OPTSTK,TRENT,29-Apr-2021,980,CE,0,0,0,0.05,0.05,0,0,0,0,19-APR-2021,
OPTSTK,TRENT,29-Apr-2021,1000,CE,0,0,0,0.05,0,0,0,0,0,19-APR-2021,
OPTSTK,TRENT,29-Apr-2021,1020,CE,0,0,0,0.05,0,0,0,0,0,19-APR-2021,
OPTSTK,TRENT,29-Apr-2021,1040,CE,0,0,0,0.05,0,0,0,0,0,19-APR-2021,
OPTSTK,TRENT,29-Apr-2021,1060,CE,0,0,0,0.05,0,0,0,0,0,19-APR-2021,
OPTSTK,TRENT,29-Apr-2021,1080,CE,0,0,0,0.05,0,0,0,0,0,19-APR-2021,
OPTSTK,TRENT,29-Apr-2021,1100,CE,0,0,0,0.05,0,0,0,0,0,19-APR-2021,
OPTSTK,TRENT,29-Apr-2021,520,PE,0,0,0,0.05,0,0,0,0,0,19-APR-2021,
OPTSTK,TRENT,29-Apr-2021,540,PE,0,0,0,0.05,0.05,0,0,0,0,19-APR-2021,
OPTSTK,TRENT,29-Apr-2021,560,PE,0,0,0,0.05,0.05,0,0,0,0,19-APR-2021,
OPTSTK,TRENT,29-Apr-2021,580,PE,0,0,0,0.05,0.1,0,0,0,0,19-APR-2021,
OPTSTK,TRENT,29-Apr-2021,600,PE,0,0,0,0.05,0.35,0,0,0,0,19-APR-2021,
OPTSTK,TRENT,29-Apr-2021,620,PE,0,0,0,0.05,0.85,0,0,0,0,19-APR-2021,
OPTSTK,TRENT,29-Apr-2021,640,PE,2.35,2.35,2.35,2.35,2,1,4.65,9425,0,19-APR-2021,
OPTSTK,TRENT,29-Apr-2021,660,PE,0,0,0,6.4,4.15,0,0,10875,0,19-APR-2021,
OPTSTK,TRENT,29-Apr-2021,680,PE,10,10,10,10,7.85,2,10,13050,725,19-APR-2021,
OPTSTK,TRENT,29-Apr-2021,700,PE,30,32,13,14.6,14.6,48,250.41,73225,-4350,19-APR-2021,
OPTSTK,TRENT,29-Apr-2021,720,PE,26,26,26,26,21.45,4,21.63,5800,2175,19-APR-2021,
OPTSTK,TRENT,29-Apr-2021,740,PE,39.9,39.9,32.6,32.6,32.6,7,39.36,11600,725,19-APR-2021,
OPTSTK,TRENT,29-Apr-2021,760,PE,0,0,0,0.05,44.65,0,0,0,0,19-APR-2021,
OPTSTK,TRENT,29-Apr-2021,780,PE,0,0,0,0.05,59.45,0,0,0,0,19-APR-2021,
OPTSTK,TRENT,29-Apr-2021,800,PE,0,0,0,80.55,75.95,0,0,2900,0,19-APR-2021,
OPTSTK,TRENT,29-Apr-2021,820,PE,0,0,0,0.05,93.65,0,0,0,0,19-APR-2021,
OPTSTK,TRENT,29-Apr-2021,840,PE,0,0,0,100,112.25,0,0,1450,0,19-APR-2021,
OPTSTK,TRENT,29-Apr-2021,860,PE,0,0,0,35.2,131.45,0,0,0,0,19-APR-2021,
OPTSTK,TRENT,29-Apr-2021,880,PE,0,0,0,55.1,150.95,0,0,0,0,19-APR-2021,
OPTSTK,TRENT,29-Apr-2021,900,PE,0,0,0,90,170.7,0,0,725,0,19-APR-2021,
OPTSTK,TRENT,29-Apr-2021,920,PE,0,0,0,94.85,190.55,0,0,0,0,19-APR-2021,
OPTSTK,TRENT,29-Apr-2021,940,PE,0,0,0,114.7,210.5,0,0,0,0,19-APR-2021,
OPTSTK,TRENT,29-Apr-2021,960,PE,0,0,0,134.6,230.45,0,0,0,0,19-APR-2021,
OPTSTK,TRENT,29-Apr-2021,980,PE,0,0,0,154.45,250.4,0,0,0,0,19-APR-2021,
OPTSTK,TRENT,29-Apr-2021,1000,PE,0,0,0,174.3,270.4,0,0,0,0,19-APR-2021,
OPTSTK,TRENT,29-Apr-2021,1020,PE,0,0,0,194.2,290.35,0,0,0,0,19-APR-2021,
OPTSTK,TRENT,29-Apr-2021,1040,PE,0,0,0,214.05,310.35,0,0,0,0,19-APR-2021,
OPTSTK,TRENT,29-Apr-2021,1060,PE,0,0,0,233.95,330.3,0,0,0,0,19-APR-2021,
OPTSTK,TRENT,29-Apr-2021,1080,PE,0,0,0,253.8,350.3,0,0,0,0,19-APR-2021,
OPTSTK,TRENT,29-Apr-2021,1100,PE,0,0,0,383.7,370.3,0,0,0,0,19-APR-2021,
OPTSTK,TRENT,27-May-2021,520,CE,0,0,0,304.1,211.75,0,0,0,0,19-APR-2021,
OPTSTK,TRENT,27-May-2021,540,CE,0,0,0,284.3,192.6,0,0,0,0,19-APR-2021,
OPTSTK,TRENT,27-May-2021,560,CE,0,0,0,264.5,173.9,0,0,0,0,19-APR-2021,
OPTSTK,TRENT,27-May-2021,580,CE,0,0,0,244.65,155.8,0,0,0,0,19-APR-2021,
OPTSTK,TRENT,27-May-2021,600,CE,0,0,0,224.85,138.4,0,0,0,0,19-APR-2021,
OPTSTK,TRENT,27-May-2021,620,CE,0,0,0,205.05,121.85,0,0,0,0,19-APR-2021,
OPTSTK,TRENT,27-May-2021,640,CE,0,0,0,185.25,106.35,0,0,0,0,19-APR-2021,
OPTSTK,TRENT,27-May-2021,660,CE,0,0,0,165.4,92,0,0,0,0,19-APR-2021,
OPTSTK,TRENT,27-May-2021,680,CE,0,0,0,145.6,78.8,0,0,0,0,19-APR-2021,
OPTSTK,TRENT,27-May-2021,700,CE,0,0,0,125.8,66.9,0,0,0,0,19-APR-2021,
OPTSTK,TRENT,27-May-2021,720,CE,0,0,0,105.95,56.25,0,0,0,0,19-APR-2021,
OPTSTK,TRENT,27-May-2021,740,CE,0,0,0,86.15,46.9,0,0,0,0,19-APR-2021,
OPTSTK,TRENT,27-May-2021,760,CE,0,0,0,66.35,38.75,0,0,0,0,19-APR-2021,
OPTSTK,TRENT,27-May-2021,780,CE,0,0,0,46.55,31.75,0,0,0,0,19-APR-2021,
OPTSTK,TRENT,27-May-2021,800,CE,0,0,0,26.7,25.75,0,0,0,0,19-APR-2021,
OPTSTK,TRENT,27-May-2021,820,CE,0,0,0,6.9,20.8,0,0,0,0,19-APR-2021,
OPTSTK,TRENT,27-May-2021,840,CE,0,0,0,0.05,16.65,0,0,0,0,19-APR-2021,
OPTSTK,TRENT,27-May-2021,860,CE,0,0,0,0.05,13.2,0,0,0,0,19-APR-2021,
OPTSTK,TRENT,27-May-2021,880,CE,0,0,0,0.05,10.4,0,0,0,0,19-APR-2021,
OPTSTK,TRENT,27-May-2021,900,CE,0,0,0,0.05,8.15,0,0,0,0,19-APR-2021,
OPTSTK,TRENT,27-May-2021,920,CE,0,0,0,0.05,6.35,0,0,0,0,19-APR-2021,
OPTSTK,TRENT,27-May-2021,940,CE,0,0,0,0.05,4.9,0,0,0,0,19-APR-2021,
OPTSTK,TRENT,27-May-2021,960,CE,0,0,0,0.05,3.8,0,0,0,0,19-APR-2021,
OPTSTK,TRENT,27-May-2021,980,CE,0,0,0,0.05,2.9,0,0,0,0,19-APR-2021,
OPTSTK,TRENT,27-May-2021,1000,CE,0,0,0,0.05,2.2,0,0,0,0,19-APR-2021,
OPTSTK,TRENT,27-May-2021,1020,CE,0,0,0,0.05,1.65,0,0,0,0,19-APR-2021,
OPTSTK,TRENT,27-May-2021,1040,CE,0,0,0,0.05,1.25,0,0,0,0,19-APR-2021,
OPTSTK,TRENT,27-May-2021,1060,CE,0,0,0,0.05,0.95,0,0,0,0,19-APR-2021,
OPTSTK,TRENT,27-May-2021,1080,CE,0,0,0,0.05,0.7,0,0,0,0,19-APR-2021,
OPTSTK,TRENT,27-May-2021,1100,CE,0,0,0,0.05,0.55,0,0,0,0,19-APR-2021,
OPTSTK,TRENT,27-May-2021,520,PE,0,0,0,0.05,1.05,0,0,0,0,19-APR-2021,
OPTSTK,TRENT,27-May-2021,540,PE,0,0,0,0.05,1.85,0,0,0,0,19-APR-2021,
OPTSTK,TRENT,27-May-2021,560,PE,0,0,0,0.05,3.05,0,0,0,0,19-APR-2021,
OPTSTK,TRENT,27-May-2021,580,PE,0,0,0,0.05,4.85,0,0,0,0,19-APR-2021,
OPTSTK,TRENT,27-May-2021,600,PE,0,0,0,6,7.4,0,0,0,0,19-APR-2021,
OPTSTK,TRENT,27-May-2021,620,PE,0,0,0,15.15,10.8,0,0,725,0,19-APR-2021,
OPTSTK,TRENT,27-May-2021,640,PE,0,0,0,0.05,15.2,0,0,0,0,19-APR-2021,
OPTSTK,TRENT,27-May-2021,660,PE,0,0,0,0.05,20.75,0,0,0,0,19-APR-2021,
OPTSTK,TRENT,27-May-2021,680,PE,0,0,0,0.05,27.5,0,0,0,0,19-APR-2021,
OPTSTK,TRENT,27-May-2021,700,PE,0,0,0,0.05,35.5,0,0,0,0,19-APR-2021,
OPTSTK,TRENT,27-May-2021,720,PE,0,0,0,0.05,44.8,0,0,0,0,19-APR-2021,
OPTSTK,TRENT,27-May-2021,740,PE,0,0,0,0.05,55.35,0,0,0,0,19-APR-2021,
OPTSTK,TRENT,27-May-2021,760,PE,0,0,0,0.05,67.15,0,0,0,0,19-APR-2021,
OPTSTK,TRENT,27-May-2021,780,PE,0,0,0,0.05,80.05,0,0,0,0,19-APR-2021,
OPTSTK,TRENT,27-May-2021,800,PE,0,0,0,0.05,94,0,0,0,0,19-APR-2021,
OPTSTK,TRENT,27-May-2021,820,PE,0,0,0,0.05,108.95,0,0,0,0,19-APR-2021,
OPTSTK,TRENT,27-May-2021,840,PE,0,0,0,12.95,124.7,0,0,0,0,19-APR-2021,
OPTSTK,TRENT,27-May-2021,860,PE,0,0,0,32.75,141.2,0,0,0,0,19-APR-2021,
OPTSTK,TRENT,27-May-2021,880,PE,0,0,0,52.6,158.35,0,0,0,0,19-APR-2021,
OPTSTK,TRENT,27-May-2021,900,PE,0,0,0,72.4,176,0,0,0,0,19-APR-2021,
OPTSTK,TRENT,27-May-2021,920,PE,0,0,0,92.2,194.1,0,0,0,0,19-APR-2021,
OPTSTK,TRENT,27-May-2021,940,PE,0,0,0,112,212.6,0,0,0,0,19-APR-2021,
OPTSTK,TRENT,27-May-2021,960,PE,0,0,0,131.85,231.4,0,0,0,0,19-APR-2021,
OPTSTK,TRENT,27-May-2021,980,PE,0,0,0,151.65,250.4,0,0,0,0,19-APR-2021,
OPTSTK,TRENT,27-May-2021,1000,PE,0,0,0,171.45,269.65,0,0,0,0,19-APR-2021,
OPTSTK,TRENT,27-May-2021,1020,PE,0,0,0,191.3,289.05,0,0,0,0,19-APR-2021,
OPTSTK,TRENT,27-May-2021,1040,PE,0,0,0,211.1,308.55,0,0,0,0,19-APR-2021,
OPTSTK,TRENT,27-May-2021,1060,PE,0,0,0,230.9,328.15,0,0,0,0,19-APR-2021,
OPTSTK,TRENT,27-May-2021,1080,PE,0,0,0,250.7,347.85,0,0,0,0,19-APR-2021,
OPTSTK,TRENT,27-May-2021,1100,PE,0,0,0,270.55,367.6,0,0,0,0,19-APR-2021,
OPTSTK,TRENT,24-Jun-2021,520,CE,0,0,0,249.05,216.35,0,0,0,0,19-APR-2021,
OPTSTK,TRENT,24-Jun-2021,540,CE,0,0,0,231.55,198.45,0,0,0,0,19-APR-2021,
OPTSTK,TRENT,24-Jun-2021,560,CE,0,0,0,214.6,181.1,0,0,0,0,19-APR-2021,
OPTSTK,TRENT,24-Jun-2021,580,CE,0,0,0,198.3,164.5,0,0,0,0,19-APR-2021,
OPTSTK,TRENT,24-Jun-2021,600,CE,0,0,0,182.65,148.7,0,0,0,0,19-APR-2021,
OPTSTK,TRENT,24-Jun-2021,620,CE,0,0,0,167.75,133.7,0,0,0,0,19-APR-2021,
OPTSTK,TRENT,24-Jun-2021,640,CE,0,0,0,153.55,119.65,0,0,0,0,19-APR-2021,
OPTSTK,TRENT,24-Jun-2021,660,CE,0,0,0,140.2,106.5,0,0,0,0,19-APR-2021,
OPTSTK,TRENT,24-Jun-2021,680,CE,0,0,0,127.55,94.4,0,0,0,0,19-APR-2021,
OPTSTK,TRENT,24-Jun-2021,700,CE,0,0,0,115.8,83.3,0,0,0,0,19-APR-2021,
OPTSTK,TRENT,24-Jun-2021,720,CE,0,0,0,104.85,73.15,0,0,0,0,19-APR-2021,
OPTSTK,TRENT,24-Jun-2021,740,CE,0,0,0,94.65,63.95,0,0,0,0,19-APR-2021,
OPTSTK,TRENT,24-Jun-2021,760,CE,0,0,0,85.3,55.65,0,0,0,0,19-APR-2021,
OPTSTK,TRENT,24-Jun-2021,780,CE,0,0,0,76.65,48.25,0,0,0,0,19-APR-2021,
OPTSTK,TRENT,24-Jun-2021,800,CE,0,0,0,68.7,41.7,0,0,0,0,19-APR-2021,
OPTSTK,TRENT,24-Jun-2021,820,CE,0,0,0,61.5,35.85,0,0,0,0,19-APR-2021,
OPTSTK,TRENT,24-Jun-2021,840,CE,0,0,0,54.9,30.8,0,0,0,0,19-APR-2021,
OPTSTK,TRENT,24-Jun-2021,860,CE,0,0,0,48.9,26.35,0,0,0,0,19-APR-2021,
OPTSTK,TRENT,24-Jun-2021,880,CE,0,0,0,43.5,22.4,0,0,0,0,19-APR-2021,
OPTSTK,TRENT,24-Jun-2021,900,CE,0,0,0,38.7,19.05,0,0,0,0,19-APR-2021,
OPTSTK,TRENT,24-Jun-2021,920,CE,0,0,0,34.3,16.15,0,0,0,0,19-APR-2021,
OPTSTK,TRENT,24-Jun-2021,940,CE,0,0,0,30.4,13.6,0,0,0,0,19-APR-2021,
OPTSTK,TRENT,24-Jun-2021,960,CE,0,0,0,26.85,11.5,0,0,0,0,19-APR-2021,
OPTSTK,TRENT,24-Jun-2021,980,CE,0,0,0,23.7,9.65,0,0,0,0,19-APR-2021,
OPTSTK,TRENT,24-Jun-2021,1000,CE,0,0,0,20.9,8.1,0,0,0,0,19-APR-2021,
OPTSTK,TRENT,24-Jun-2021,1020,CE,0,0,0,18.4,6.75,0,0,0,0,19-APR-2021,
OPTSTK,TRENT,24-Jun-2021,1040,CE,0,0,0,16.2,5.65,0,0,0,0,19-APR-2021,
OPTSTK,TRENT,24-Jun-2021,1060,CE,0,0,0,14.2,4.7,0,0,0,0,19-APR-2021,
OPTSTK,TRENT,24-Jun-2021,1080,CE,0,0,0,12.5,3.9,0,0,0,0,19-APR-2021,
OPTSTK,TRENT,24-Jun-2021,1100,CE,0,0,0,10.95,3.25,0,0,0,0,19-APR-2021,
OPTSTK,TRENT,24-Jun-2021,520,PE,0,0,0,6.3,4.2,0,0,0,0,19-APR-2021,
OPTSTK,TRENT,24-Jun-2021,540,PE,0,0,0,8.6,6.15,0,0,0,0,19-APR-2021,
OPTSTK,TRENT,24-Jun-2021,560,PE,0,0,0,11.45,8.7,0,0,0,0,19-APR-2021,
OPTSTK,TRENT,24-Jun-2021,580,PE,0,0,0,14.95,11.95,0,0,0,0,19-APR-2021,
OPTSTK,TRENT,24-Jun-2021,600,PE,0,0,0,19.1,15.95,0,0,0,0,19-APR-2021,
OPTSTK,TRENT,24-Jun-2021,620,PE,0,0,0,24,20.9,0,0,0,0,19-APR-2021,
OPTSTK,TRENT,24-Jun-2021,640,PE,0,0,0,29.65,26.65,0,0,0,0,19-APR-2021,
OPTSTK,TRENT,24-Jun-2021,660,PE,0,0,0,36.1,33.4,0,0,0,0,19-APR-2021,
OPTSTK,TRENT,24-Jun-2021,680,PE,0,0,0,43.3,41.15,0,0,0,0,19-APR-2021,
OPTSTK,TRENT,24-Jun-2021,700,PE,0,0,0,51.35,49.9,0,0,0,0,19-APR-2021,
OPTSTK,TRENT,24-Jun-2021,720,PE,0,0,0,60.2,59.6,0,0,0,0,19-APR-2021,
OPTSTK,TRENT,24-Jun-2021,740,PE,0,0,0,69.85,70.3,0,0,0,0,19-APR-2021,
OPTSTK,TRENT,24-Jun-2021,760,PE,0,0,0,80.25,81.85,0,0,0,0,19-APR-2021,
OPTSTK,TRENT,24-Jun-2021,780,PE,0,0,0,91.45,94.35,0,0,0,0,19-APR-2021,
OPTSTK,TRENT,24-Jun-2021,800,PE,0,0,0,103.35,107.6,0,0,0,0,19-APR-2021,
OPTSTK,TRENT,24-Jun-2021,820,PE,0,0,0,115.9,121.65,0,0,0,0,19-APR-2021,
OPTSTK,TRENT,24-Jun-2021,840,PE,0,0,0,129.15,136.45,0,0,0,0,19-APR-2021,
OPTSTK,TRENT,24-Jun-2021,860,PE,0,0,0,142.95,151.85,0,0,0,0,19-APR-2021,
OPTSTK,TRENT,24-Jun-2021,880,PE,0,0,0,157.4,167.8,0,0,0,0,19-APR-2021,
OPTSTK,TRENT,24-Jun-2021,900,PE,0,0,0,172.35,184.3,0,0,0,0,19-APR-2021,
OPTSTK,TRENT,24-Jun-2021,920,PE,0,0,0,187.8,201.25,0,0,0,0,19-APR-2021,
OPTSTK,TRENT,24-Jun-2021,940,PE,0,0,0,203.7,218.6,0,0,0,0,19-APR-2021,
OPTSTK,TRENT,24-Jun-2021,960,PE,0,0,0,219.95,236.35,0,0,0,0,19-APR-2021,
OPTSTK,TRENT,24-Jun-2021,980,PE,0,0,0,236.65,254.35,0,0,0,0,19-APR-2021,
OPTSTK,TRENT,24-Jun-2021,1000,PE,0,0,0,253.65,272.7,0,0,0,0,19-APR-2021,
OPTSTK,TRENT,24-Jun-2021,1020,PE,0,0,0,270.95,291.2,0,0,0,0,19-APR-2021,
OPTSTK,TRENT,24-Jun-2021,1040,PE,0,0,0,288.55,309.95,0,0,0,0,19-APR-2021,
OPTSTK,TRENT,24-Jun-2021,1060,PE,0,0,0,306.4,328.9,0,0,0,0,19-APR-2021,
OPTSTK,TRENT,24-Jun-2021,1080,PE,0,0,0,324.5,347.95,0,0,0,0,19-APR-2021,
OPTSTK,TRENT,24-Jun-2021,1100,PE,0,0,0,342.75,367.15,0,0,0,0,19-APR-2021,
OPTSTK,TVSMOTOR,29-Apr-2021,330,CE,0,0,0,202.75,209.45,0,0,0,0,19-APR-2021,
OPTSTK,TVSMOTOR,29-Apr-2021,340,CE,0,0,0,193.1,199.45,0,0,0,0,19-APR-2021,
OPTSTK,TVSMOTOR,29-Apr-2021,350,CE,0,0,0,183.55,189.45,0,0,0,0,19-APR-2021,
OPTSTK,TVSMOTOR,29-Apr-2021,360,CE,0,0,0,174.15,179.5,0,0,0,0,19-APR-2021,
OPTSTK,TVSMOTOR,29-Apr-2021,370,CE,0,0,0,164.8,169.5,0,0,0,0,19-APR-2021,
OPTSTK,TVSMOTOR,29-Apr-2021,380,CE,0,0,0,155.65,159.5,0,0,0,0,19-APR-2021,
OPTSTK,TVSMOTOR,29-Apr-2021,390,CE,0,0,0,146.65,149.5,0,0,0,0,19-APR-2021,
OPTSTK,TVSMOTOR,29-Apr-2021,400,CE,0,0,0,137.9,139.5,0,0,0,0,19-APR-2021,
OPTSTK,TVSMOTOR,29-Apr-2021,410,CE,0,0,0,129.35,129.55,0,0,0,0,19-APR-2021,
OPTSTK,TVSMOTOR,29-Apr-2021,420,CE,0,0,0,121,119.55,0,0,0,0,19-APR-2021,
OPTSTK,TVSMOTOR,29-Apr-2021,430,CE,0,0,0,112.95,109.55,0,0,0,0,19-APR-2021,
OPTSTK,TVSMOTOR,29-Apr-2021,440,CE,0,0,0,105.2,99.6,0,0,0,0,19-APR-2021,
OPTSTK,TVSMOTOR,29-Apr-2021,450,CE,0,0,0,97.75,89.65,0,0,0,0,19-APR-2021,
OPTSTK,TVSMOTOR,29-Apr-2021,460,CE,0,0,0,90.55,79.8,0,0,0,0,19-APR-2021,
OPTSTK,TVSMOTOR,29-Apr-2021,470,CE,0,0,0,83.75,70.05,0,0,0,0,19-APR-2021,
OPTSTK,TVSMOTOR,29-Apr-2021,480,CE,0,0,0,77.2,60.55,0,0,0,0,19-APR-2021,
OPTSTK,TVSMOTOR,29-Apr-2021,490,CE,0,0,0,71.05,51.35,0,0,0,0,19-APR-2021,
OPTSTK,TVSMOTOR,29-Apr-2021,500,CE,44.6,44.6,44.3,44.5,44.5,8,60.98,11200,11200,19-APR-2021,
OPTSTK,TVSMOTOR,29-Apr-2021,510,CE,0,0,0,59.75,34.65,0,0,0,0,19-APR-2021,
OPTSTK,TVSMOTOR,29-Apr-2021,520,CE,0,0,0,54.65,27.45,0,0,0,0,19-APR-2021,
OPTSTK,TVSMOTOR,29-Apr-2021,530,CE,0,0,0,49.85,21.15,0,0,0,0,19-APR-2021,
OPTSTK,TVSMOTOR,29-Apr-2021,540,CE,14.05,17.05,13.6,16.95,16.95,28,217.67,26600,7000,19-APR-2021,
OPTSTK,TVSMOTOR,29-Apr-2021,550,CE,13.05,13.1,7.2,12.2,12.2,251,1968.66,116200,-4200,19-APR-2021,
OPTSTK,TVSMOTOR,29-Apr-2021,560,CE,7.55,9.25,5.3,8.75,8.75,234,1858.66,144200,26600,19-APR-2021,
OPTSTK,TVSMOTOR,29-Apr-2021,570,CE,5,6.3,3.9,6.2,6.2,135,1087.17,114800,-26600,19-APR-2021,
OPTSTK,TVSMOTOR,29-Apr-2021,580,CE,3.55,4.65,2.9,4.5,4.5,210,1716.5,170800,-44800,19-APR-2021,
OPTSTK,TVSMOTOR,29-Apr-2021,590,CE,1.45,3.5,1.45,3.4,3.4,81,672.25,92400,-26600,19-APR-2021,
OPTSTK,TVSMOTOR,29-Apr-2021,600,CE,2.95,2.95,1.35,2.6,2.6,157,1324.04,310800,-21000,19-APR-2021,
OPTSTK,TVSMOTOR,29-Apr-2021,610,CE,3.05,3.05,0.75,1.9,1.9,24,205.56,78400,14000,19-APR-2021,
OPTSTK,TVSMOTOR,29-Apr-2021,620,CE,1.05,1.3,1.05,1.15,1.15,12,104.34,148400,1400,19-APR-2021,
OPTSTK,TVSMOTOR,29-Apr-2021,630,CE,0.5,2.3,0.5,1,1,5,44.18,28000,-4200,19-APR-2021,
OPTSTK,TVSMOTOR,29-Apr-2021,640,CE,1.85,1.85,1.85,1.85,0.2,1,8.98,44800,0,19-APR-2021,
OPTSTK,TVSMOTOR,29-Apr-2021,650,CE,0.85,1,0.65,0.65,0.65,21,191.33,120400,-8400,19-APR-2021,
OPTSTK,TVSMOTOR,29-Apr-2021,660,CE,0,0,0,12.75,0.05,0,0,0,0,19-APR-2021,
OPTSTK,TVSMOTOR,29-Apr-2021,670,CE,0,0,0,0.55,0.05,0,0,4200,0,19-APR-2021,
OPTSTK,TVSMOTOR,29-Apr-2021,680,CE,0,0,0,0.5,0.05,0,0,1400,0,19-APR-2021,
OPTSTK,TVSMOTOR,29-Apr-2021,690,CE,0,0,0,8.95,0.05,0,0,0,0,19-APR-2021,
OPTSTK,TVSMOTOR,29-Apr-2021,700,CE,0.5,0.5,0.5,0.5,0,1,9.8,2800,0,19-APR-2021,
OPTSTK,TVSMOTOR,29-Apr-2021,710,CE,0,0,0,7.05,0,0,0,0,0,19-APR-2021,
OPTSTK,TVSMOTOR,29-Apr-2021,720,CE,0.1,0.1,0.1,0.1,0,1,10.08,0,-1400,19-APR-2021,
OPTSTK,TVSMOTOR,29-Apr-2021,730,CE,0,0,0,5.5,0,0,0,0,0,19-APR-2021,
OPTSTK,TVSMOTOR,29-Apr-2021,740,CE,0,0,0,8,0,0,0,0,0,19-APR-2021,
OPTSTK,TVSMOTOR,29-Apr-2021,750,CE,0,0,0,7.15,0,0,0,0,0,19-APR-2021,
OPTSTK,TVSMOTOR,29-Apr-2021,330,PE,0,0,0,0.6,0,0,0,0,0,19-APR-2021,
OPTSTK,TVSMOTOR,29-Apr-2021,340,PE,0,0,0,0.85,0,0,0,0,0,19-APR-2021,
OPTSTK,TVSMOTOR,29-Apr-2021,350,PE,0,0,0,1.25,0,0,0,0,0,19-APR-2021,
OPTSTK,TVSMOTOR,29-Apr-2021,360,PE,0,0,0,1.7,0,0,0,0,0,19-APR-2021,
OPTSTK,TVSMOTOR,29-Apr-2021,370,PE,0,0,0,2.3,0,0,0,0,0,19-APR-2021,
OPTSTK,TVSMOTOR,29-Apr-2021,380,PE,0,0,0,3.05,0,0,0,0,0,19-APR-2021,
OPTSTK,TVSMOTOR,29-Apr-2021,390,PE,0,0,0,3.95,0,0,0,0,0,19-APR-2021,
OPTSTK,TVSMOTOR,29-Apr-2021,400,PE,0,0,0,5.1,0,0,0,0,0,19-APR-2021,
OPTSTK,TVSMOTOR,29-Apr-2021,410,PE,0,0,0,0.45,0,0,0,1400,0,19-APR-2021,
OPTSTK,TVSMOTOR,29-Apr-2021,420,PE,0,0,0,8,0,0,0,0,0,19-APR-2021,
OPTSTK,TVSMOTOR,29-Apr-2021,430,PE,0,0,0,9.85,0.05,0,0,0,0,19-APR-2021,
OPTSTK,TVSMOTOR,29-Apr-2021,440,PE,0,0,0,12,0.05,0,0,0,0,19-APR-2021,
OPTSTK,TVSMOTOR,29-Apr-2021,450,PE,2.15,2.15,2.15,2.15,0.1,1,6.33,7000,0,19-APR-2021,
OPTSTK,TVSMOTOR,29-Apr-2021,460,PE,0,0,0,17.2,0.25,0,0,0,0,19-APR-2021,
OPTSTK,TVSMOTOR,29-Apr-2021,470,PE,0,0,0,0.9,0.5,0,0,1400,0,19-APR-2021,
OPTSTK,TVSMOTOR,29-Apr-2021,480,PE,3.95,3.95,3.95,3.95,0.95,3,20.32,7000,1400,19-APR-2021,
OPTSTK,TVSMOTOR,29-Apr-2021,490,PE,4.45,5.35,4.45,4.9,4.9,24,166.28,33600,32200,19-APR-2021,
OPTSTK,TVSMOTOR,29-Apr-2021,500,PE,5.8,8.8,4.2,6.6,6.6,1891,13435.73,474600,343000,19-APR-2021,
OPTSTK,TVSMOTOR,29-Apr-2021,510,PE,8,9,8,9,5.05,4,29.03,74200,4200,19-APR-2021,
OPTSTK,TVSMOTOR,29-Apr-2021,520,PE,10.7,14.45,8.45,10.55,10.55,185,1376.06,84000,-25200,19-APR-2021,
OPTSTK,TVSMOTOR,29-Apr-2021,530,PE,13,19,12.5,13.6,13.6,155,1183.89,75600,1400,19-APR-2021,
OPTSTK,TVSMOTOR,29-Apr-2021,540,PE,21,23.8,16.55,17,16.2,39,305.54,93800,-8400,19-APR-2021,
OPTSTK,TVSMOTOR,29-Apr-2021,550,PE,27.5,29.2,23.65,23.75,23.75,40,322.41,106400,-15400,19-APR-2021,
OPTSTK,TVSMOTOR,29-Apr-2021,560,PE,30.8,35.5,29.4,29.75,29.75,18,149.12,72800,-9800,19-APR-2021,
OPTSTK,TVSMOTOR,29-Apr-2021,570,PE,0,0,0,23.8,35.9,0,0,49000,0,19-APR-2021,
OPTSTK,TVSMOTOR,29-Apr-2021,580,PE,50,50,50,50,44,3,26.46,43400,-1400,19-APR-2021,
OPTSTK,TVSMOTOR,29-Apr-2021,590,PE,0,0,0,45.5,52.7,0,0,4200,0,19-APR-2021,
OPTSTK,TVSMOTOR,29-Apr-2021,600,PE,0,0,0,56.5,61.8,0,0,7000,0,19-APR-2021,
OPTSTK,TVSMOTOR,29-Apr-2021,610,PE,0,0,0,97.5,71.2,0,0,0,0,19-APR-2021,
OPTSTK,TVSMOTOR,29-Apr-2021,620,PE,0,0,0,45.5,80.8,0,0,4200,0,19-APR-2021,
OPTSTK,TVSMOTOR,29-Apr-2021,630,PE,0,0,0,112.95,90.6,0,0,0,0,19-APR-2021,
OPTSTK,TVSMOTOR,29-Apr-2021,640,PE,0,0,0,120.95,100.45,0,0,0,0,19-APR-2021,
OPTSTK,TVSMOTOR,29-Apr-2021,650,PE,0,0,0,129.15,110.35,0,0,0,0,19-APR-2021,
OPTSTK,TVSMOTOR,29-Apr-2021,660,PE,0,0,0,137.5,120.3,0,0,0,0,19-APR-2021,
OPTSTK,TVSMOTOR,29-Apr-2021,670,PE,0,0,0,146.05,130.3,0,0,0,0,19-APR-2021,
OPTSTK,TVSMOTOR,29-Apr-2021,680,PE,0,0,0,154.7,140.25,0,0,0,0,19-APR-2021,
OPTSTK,TVSMOTOR,29-Apr-2021,690,PE,0,0,0,163.45,150.25,0,0,0,0,19-APR-2021,
OPTSTK,TVSMOTOR,29-Apr-2021,700,PE,0,0,0,172.35,160.25,0,0,0,0,19-APR-2021,
OPTSTK,TVSMOTOR,29-Apr-2021,710,PE,0,0,0,181.35,170.2,0,0,0,0,19-APR-2021,
OPTSTK,TVSMOTOR,29-Apr-2021,720,PE,0,0,0,190.45,180.2,0,0,0,0,19-APR-2021,
OPTSTK,TVSMOTOR,29-Apr-2021,730,PE,0,0,0,199.65,190.2,0,0,0,0,19-APR-2021,
OPTSTK,TVSMOTOR,29-Apr-2021,740,PE,0,0,0,180.7,200.2,0,0,0,0,19-APR-2021,
OPTSTK,TVSMOTOR,29-Apr-2021,750,PE,0,0,0,189.7,210.15,0,0,0,0,19-APR-2021,
OPTSTK,TVSMOTOR,27-May-2021,400,CE,0,0,0,201.6,141.15,0,0,0,0,19-APR-2021,
OPTSTK,TVSMOTOR,27-May-2021,410,CE,0,0,0,192.2,131.45,0,0,0,0,19-APR-2021,
OPTSTK,TVSMOTOR,27-May-2021,420,CE,0,0,0,183,121.85,0,0,0,0,19-APR-2021,
OPTSTK,TVSMOTOR,27-May-2021,430,CE,0,0,0,173.9,112.45,0,0,0,0,19-APR-2021,
OPTSTK,TVSMOTOR,27-May-2021,440,CE,0,0,0,164.95,103.25,0,0,0,0,19-APR-2021,
OPTSTK,TVSMOTOR,27-May-2021,450,CE,0,0,0,156.2,94.3,0,0,0,0,19-APR-2021,
OPTSTK,TVSMOTOR,27-May-2021,460,CE,0,0,0,147.65,85.65,0,0,0,0,19-APR-2021,
OPTSTK,TVSMOTOR,27-May-2021,470,CE,0,0,0,139.35,77.35,0,0,0,0,19-APR-2021,
OPTSTK,TVSMOTOR,27-May-2021,480,CE,0,0,0,131.25,69.4,0,0,0,0,19-APR-2021,
OPTSTK,TVSMOTOR,27-May-2021,490,CE,0,0,0,123.35,61.9,0,0,0,0,19-APR-2021,
OPTSTK,TVSMOTOR,27-May-2021,500,CE,0,0,0,115.75,54.85,0,0,0,0,19-APR-2021,
OPTSTK,TVSMOTOR,27-May-2021,510,CE,0,0,0,108.45,48.3,0,0,0,0,19-APR-2021,
OPTSTK,TVSMOTOR,27-May-2021,520,CE,0,0,0,101.4,42.25,0,0,0,0,19-APR-2021,
OPTSTK,TVSMOTOR,27-May-2021,530,CE,0,0,0,94.65,36.75,0,0,0,0,19-APR-2021,
OPTSTK,TVSMOTOR,27-May-2021,540,CE,0,0,0,88.15,31.7,0,0,0,0,19-APR-2021,
OPTSTK,TVSMOTOR,27-May-2021,550,CE,0,0,0,81.95,27.2,0,0,0,0,19-APR-2021,
OPTSTK,TVSMOTOR,27-May-2021,560,CE,0,0,0,76.1,23.2,0,0,0,0,19-APR-2021,
OPTSTK,TVSMOTOR,27-May-2021,570,CE,10.95,17.35,10.95,17.35,19.65,3,24.48,2800,2800,19-APR-2021,
OPTSTK,TVSMOTOR,27-May-2021,580,CE,0,0,0,18.7,16.55,0,0,2800,0,19-APR-2021,
OPTSTK,TVSMOTOR,27-May-2021,590,CE,0,0,0,60.25,13.85,0,0,0,0,19-APR-2021,
OPTSTK,TVSMOTOR,27-May-2021,600,CE,0,0,0,22.7,11.55,0,0,4200,0,19-APR-2021,
OPTSTK,TVSMOTOR,27-May-2021,610,CE,0,0,0,51.15,9.55,0,0,0,0,19-APR-2021,
OPTSTK,TVSMOTOR,27-May-2021,620,CE,0,0,0,47.05,7.85,0,0,0,0,19-APR-2021,
OPTSTK,TVSMOTOR,27-May-2021,630,CE,0,0,0,43.2,6.4,0,0,0,0,19-APR-2021,
OPTSTK,TVSMOTOR,27-May-2021,640,CE,0,0,0,39.55,5.2,0,0,0,0,19-APR-2021,
OPTSTK,TVSMOTOR,27-May-2021,650,CE,0,0,0,9.9,4.25,0,0,1400,0,19-APR-2021,
OPTSTK,TVSMOTOR,27-May-2021,660,CE,0,0,0,33.1,3.4,0,0,0,0,19-APR-2021,
OPTSTK,TVSMOTOR,27-May-2021,670,CE,0,0,0,30.2,2.75,0,0,0,0,19-APR-2021,
OPTSTK,TVSMOTOR,27-May-2021,680,CE,0,0,0,27.55,2.2,0,0,0,0,19-APR-2021,
OPTSTK,TVSMOTOR,27-May-2021,690,CE,0,0,0,25.1,1.75,0,0,0,0,19-APR-2021,
OPTSTK,TVSMOTOR,27-May-2021,700,CE,0,0,0,22.85,1.35,0,0,0,0,19-APR-2021,
OPTSTK,TVSMOTOR,27-May-2021,710,CE,0,0,0,20.75,1.1,0,0,0,0,19-APR-2021,
OPTSTK,TVSMOTOR,27-May-2021,720,CE,0,0,0,18.85,0.85,0,0,0,0,19-APR-2021,
OPTSTK,TVSMOTOR,27-May-2021,730,CE,0,0,0,17.05,0.65,0,0,0,0,19-APR-2021,
OPTSTK,TVSMOTOR,27-May-2021,740,CE,0,0,0,15.45,0.5,0,0,0,0,19-APR-2021,
OPTSTK,TVSMOTOR,27-May-2021,750,CE,0,0,0,13.95,0.4,0,0,0,0,19-APR-2021,
OPTSTK,TVSMOTOR,27-May-2021,400,PE,1.75,1.75,1.75,1.75,0.45,1,5.62,1400,1400,19-APR-2021,
OPTSTK,TVSMOTOR,27-May-2021,410,PE,0,0,0,2.3,0.75,0,0,0,0,19-APR-2021,
OPTSTK,TVSMOTOR,27-May-2021,420,PE,0,0,0,2.95,1.15,0,0,0,0,19-APR-2021,
OPTSTK,TVSMOTOR,27-May-2021,430,PE,0,0,0,3.8,1.7,0,0,0,0,19-APR-2021,
OPTSTK,TVSMOTOR,27-May-2021,440,PE,0,0,0,4.75,2.45,0,0,0,0,19-APR-2021,
OPTSTK,TVSMOTOR,27-May-2021,450,PE,0,0,0,5.95,3.45,0,0,0,0,19-APR-2021,
OPTSTK,TVSMOTOR,27-May-2021,460,PE,0,0,0,7.3,4.75,0,0,0,0,19-APR-2021,
OPTSTK,TVSMOTOR,27-May-2021,470,PE,0,0,0,8.85,6.4,0,0,0,0,19-APR-2021,
OPTSTK,TVSMOTOR,27-May-2021,480,PE,0,0,0,10.65,8.45,0,0,0,0,19-APR-2021,
OPTSTK,TVSMOTOR,27-May-2021,490,PE,0,0,0,12.7,10.9,0,0,0,0,19-APR-2021,
OPTSTK,TVSMOTOR,27-May-2021,500,PE,0,0,0,15,13.8,0,0,0,0,19-APR-2021,
OPTSTK,TVSMOTOR,27-May-2021,510,PE,0,0,0,17.6,17.2,0,0,0,0,19-APR-2021,
OPTSTK,TVSMOTOR,27-May-2021,520,PE,0,0,0,20.45,21.15,0,0,0,0,19-APR-2021,
OPTSTK,TVSMOTOR,27-May-2021,530,PE,0,0,0,23.6,25.55,0,0,0,0,19-APR-2021,
OPTSTK,TVSMOTOR,27-May-2021,540,PE,0,0,0,27,30.5,0,0,0,0,19-APR-2021,
OPTSTK,TVSMOTOR,27-May-2021,550,PE,0,0,0,30.75,35.95,0,0,0,0,19-APR-2021,
OPTSTK,TVSMOTOR,27-May-2021,560,PE,0,0,0,34.8,41.9,0,0,0,0,19-APR-2021,
OPTSTK,TVSMOTOR,27-May-2021,570,PE,0,0,0,39.1,48.35,0,0,0,0,19-APR-2021,
OPTSTK,TVSMOTOR,27-May-2021,580,PE,0,0,0,43.75,55.2,0,0,0,0,19-APR-2021,
OPTSTK,TVSMOTOR,27-May-2021,590,PE,0,0,0,48.65,62.45,0,0,0,0,19-APR-2021,
OPTSTK,TVSMOTOR,27-May-2021,600,PE,0,0,0,53.9,70.1,0,0,0,0,19-APR-2021,
OPTSTK,TVSMOTOR,27-May-2021,610,PE,0,0,0,59.4,78.05,0,0,0,0,19-APR-2021,
OPTSTK,TVSMOTOR,27-May-2021,620,PE,0,0,0,65.15,86.35,0,0,0,0,19-APR-2021,
OPTSTK,TVSMOTOR,27-May-2021,630,PE,0,0,0,71.2,94.85,0,0,0,0,19-APR-2021,
OPTSTK,TVSMOTOR,27-May-2021,640,PE,0,0,0,77.5,103.65,0,0,0,0,19-APR-2021,
OPTSTK,TVSMOTOR,27-May-2021,650,PE,0,0,0,84.05,112.6,0,0,0,0,19-APR-2021,
OPTSTK,TVSMOTOR,27-May-2021,660,PE,0,0,0,90.85,121.75,0,0,0,0,19-APR-2021,
OPTSTK,TVSMOTOR,27-May-2021,670,PE,0,0,0,97.9,131,0,0,0,0,19-APR-2021,
OPTSTK,TVSMOTOR,27-May-2021,680,PE,0,0,0,105.1,140.45,0,0,0,0,19-APR-2021,
OPTSTK,TVSMOTOR,27-May-2021,690,PE,0,0,0,112.6,149.95,0,0,0,0,19-APR-2021,
OPTSTK,TVSMOTOR,27-May-2021,700,PE,0,0,0,120.2,159.55,0,0,0,0,19-APR-2021,
OPTSTK,TVSMOTOR,27-May-2021,710,PE,0,0,0,128.05,169.2,0,0,0,0,19-APR-2021,
OPTSTK,TVSMOTOR,27-May-2021,720,PE,0,0,0,136.05,178.95,0,0,0,0,19-APR-2021,
OPTSTK,TVSMOTOR,27-May-2021,730,PE,0,0,0,144.15,188.7,0,0,0,0,19-APR-2021,
OPTSTK,TVSMOTOR,27-May-2021,740,PE,0,0,0,152.45,198.55,0,0,0,0,19-APR-2021,
OPTSTK,TVSMOTOR,27-May-2021,750,PE,0,0,0,160.85,208.4,0,0,0,0,19-APR-2021,
OPTSTK,TVSMOTOR,24-Jun-2021,400,CE,0,0,0,165.05,143.9,0,0,0,0,19-APR-2021,
OPTSTK,TVSMOTOR,24-Jun-2021,410,CE,0,0,0,156.05,134.7,0,0,0,0,19-APR-2021,
OPTSTK,TVSMOTOR,24-Jun-2021,420,CE,0,0,0,147.2,125.7,0,0,0,0,19-APR-2021,
OPTSTK,TVSMOTOR,24-Jun-2021,430,CE,0,0,0,138.55,116.95,0,0,0,0,19-APR-2021,
OPTSTK,TVSMOTOR,24-Jun-2021,440,CE,0,0,0,130.2,108.45,0,0,0,0,19-APR-2021,
OPTSTK,TVSMOTOR,24-Jun-2021,450,CE,0,0,0,122,100.25,0,0,0,0,19-APR-2021,
OPTSTK,TVSMOTOR,24-Jun-2021,460,CE,0,0,0,114.15,92.35,0,0,0,0,19-APR-2021,
OPTSTK,TVSMOTOR,24-Jun-2021,470,CE,0,0,0,106.5,84.8,0,0,0,0,19-APR-2021,
OPTSTK,TVSMOTOR,24-Jun-2021,480,CE,0,0,0,99.2,77.55,0,0,0,0,19-APR-2021,
OPTSTK,TVSMOTOR,24-Jun-2021,490,CE,0,0,0,92.2,70.7,0,0,0,0,19-APR-2021,
OPTSTK,TVSMOTOR,24-Jun-2021,500,CE,0,0,0,85.45,64.2,0,0,0,0,19-APR-2021,
OPTSTK,TVSMOTOR,24-Jun-2021,510,CE,0,0,0,79.1,58.15,0,0,0,0,19-APR-2021,
OPTSTK,TVSMOTOR,24-Jun-2021,520,CE,0,0,0,73,52.45,0,0,0,0,19-APR-2021,
OPTSTK,TVSMOTOR,24-Jun-2021,530,CE,0,0,0,67.3,47.2,0,0,0,0,19-APR-2021,
OPTSTK,TVSMOTOR,24-Jun-2021,540,CE,0,0,0,61.9,42.3,0,0,0,0,19-APR-2021,
OPTSTK,TVSMOTOR,24-Jun-2021,550,CE,0,0,0,56.8,37.8,0,0,0,0,19-APR-2021,
OPTSTK,TVSMOTOR,24-Jun-2021,560,CE,0,0,0,52,33.65,0,0,0,0,19-APR-2021,
OPTSTK,TVSMOTOR,24-Jun-2021,570,CE,0,0,0,47.55,29.9,0,0,0,0,19-APR-2021,
OPTSTK,TVSMOTOR,24-Jun-2021,580,CE,0,0,0,43.4,26.45,0,0,0,0,19-APR-2021,
OPTSTK,TVSMOTOR,24-Jun-2021,590,CE,0,0,0,39.55,23.35,0,0,0,0,19-APR-2021,
OPTSTK,TVSMOTOR,24-Jun-2021,600,CE,0,0,0,35.95,20.55,0,0,0,0,19-APR-2021,
OPTSTK,TVSMOTOR,24-Jun-2021,610,CE,0,0,0,32.65,18.05,0,0,0,0,19-APR-2021,
OPTSTK,TVSMOTOR,24-Jun-2021,620,CE,0,0,0,29.55,15.8,0,0,0,0,19-APR-2021,
OPTSTK,TVSMOTOR,24-Jun-2021,630,CE,0,0,0,26.75,13.8,0,0,0,0,19-APR-2021,
OPTSTK,TVSMOTOR,24-Jun-2021,640,CE,0,0,0,24.2,12,0,0,0,0,19-APR-2021,
OPTSTK,TVSMOTOR,24-Jun-2021,650,CE,0,0,0,21.85,10.45,0,0,0,0,19-APR-2021,
OPTSTK,TVSMOTOR,24-Jun-2021,660,CE,0,0,0,19.65,9.05,0,0,0,0,19-APR-2021,
OPTSTK,TVSMOTOR,24-Jun-2021,670,CE,0,0,0,17.7,7.8,0,0,0,0,19-APR-2021,
OPTSTK,TVSMOTOR,24-Jun-2021,680,CE,0,0,0,15.9,6.75,0,0,0,0,19-APR-2021,
OPTSTK,TVSMOTOR,24-Jun-2021,690,CE,0,0,0,14.25,5.8,0,0,0,0,19-APR-2021,
OPTSTK,TVSMOTOR,24-Jun-2021,700,CE,0,0,0,12.75,5,0,0,0,0,19-APR-2021,
OPTSTK,TVSMOTOR,24-Jun-2021,710,CE,0,0,0,11.45,4.3,0,0,0,0,19-APR-2021,
OPTSTK,TVSMOTOR,24-Jun-2021,720,CE,0,0,0,10.2,3.65,0,0,0,0,19-APR-2021,
OPTSTK,TVSMOTOR,24-Jun-2021,730,CE,0,0,0,9.1,3.15,0,0,0,0,19-APR-2021,
OPTSTK,TVSMOTOR,24-Jun-2021,740,CE,0,0,0,8.15,2.65,0,0,0,0,19-APR-2021,
OPTSTK,TVSMOTOR,24-Jun-2021,750,CE,0,0,0,7.25,2.25,0,0,0,0,19-APR-2021,
OPTSTK,TVSMOTOR,24-Jun-2021,400,PE,0,0,0,3.05,2.1,0,0,0,0,19-APR-2021,
OPTSTK,TVSMOTOR,24-Jun-2021,410,PE,0,0,0,3.95,2.85,0,0,0,0,19-APR-2021,
OPTSTK,TVSMOTOR,24-Jun-2021,420,PE,0,0,0,5.05,3.8,0,0,0,0,19-APR-2021,
OPTSTK,TVSMOTOR,24-Jun-2021,430,PE,0,0,0,6.3,4.95,0,0,0,0,19-APR-2021,
OPTSTK,TVSMOTOR,24-Jun-2021,440,PE,0,0,0,7.85,6.4,0,0,0,0,19-APR-2021,
OPTSTK,TVSMOTOR,24-Jun-2021,450,PE,0,0,0,9.6,8.1,0,0,0,0,19-APR-2021,
OPTSTK,TVSMOTOR,24-Jun-2021,460,PE,0,0,0,11.6,10.15,0,0,0,0,19-APR-2021,
OPTSTK,TVSMOTOR,24-Jun-2021,470,PE,0,0,0,13.9,12.5,0,0,0,0,19-APR-2021,
OPTSTK,TVSMOTOR,24-Jun-2021,480,PE,0,0,0,16.5,15.2,0,0,0,0,19-APR-2021,
OPTSTK,TVSMOTOR,24-Jun-2021,490,PE,0,0,0,19.4,18.25,0,0,0,0,19-APR-2021,
OPTSTK,TVSMOTOR,24-Jun-2021,500,PE,0,0,0,22.55,21.75,0,0,0,0,19-APR-2021,
OPTSTK,TVSMOTOR,24-Jun-2021,510,PE,0,0,0,26.1,25.6,0,0,0,0,19-APR-2021,
OPTSTK,TVSMOTOR,24-Jun-2021,520,PE,0,0,0,29.95,29.85,0,0,0,0,19-APR-2021,
OPTSTK,TVSMOTOR,24-Jun-2021,530,PE,0,0,0,34.1,34.5,0,0,0,0,19-APR-2021,
OPTSTK,TVSMOTOR,24-Jun-2021,540,PE,0,0,0,38.6,39.55,0,0,0,0,19-APR-2021,
OPTSTK,TVSMOTOR,24-Jun-2021,550,PE,0,0,0,43.4,45,0,0,0,0,19-APR-2021,
OPTSTK,TVSMOTOR,24-Jun-2021,560,PE,0,0,0,48.55,50.8,0,0,0,0,19-APR-2021,
OPTSTK,TVSMOTOR,24-Jun-2021,570,PE,0,0,0,54,56.95,0,0,0,0,19-APR-2021,
OPTSTK,TVSMOTOR,24-Jun-2021,580,PE,0,0,0,59.75,63.45,0,0,0,0,19-APR-2021,
OPTSTK,TVSMOTOR,24-Jun-2021,590,PE,0,0,0,65.8,70.25,0,0,0,0,19-APR-2021,
OPTSTK,TVSMOTOR,24-Jun-2021,600,PE,0,0,0,72.1,77.4,0,0,0,0,19-APR-2021,
OPTSTK,TVSMOTOR,24-Jun-2021,610,PE,0,0,0,78.7,84.85,0,0,0,0,19-APR-2021,
OPTSTK,TVSMOTOR,24-Jun-2021,620,PE,0,0,0,85.55,92.55,0,0,0,0,19-APR-2021,
OPTSTK,TVSMOTOR,24-Jun-2021,630,PE,0,0,0,92.65,100.45,0,0,0,0,19-APR-2021,
OPTSTK,TVSMOTOR,24-Jun-2021,640,PE,0,0,0,100,108.6,0,0,0,0,19-APR-2021,
OPTSTK,TVSMOTOR,24-Jun-2021,650,PE,0,0,0,107.55,116.95,0,0,0,0,19-APR-2021,
OPTSTK,TVSMOTOR,24-Jun-2021,660,PE,0,0,0,115.3,125.5,0,0,0,0,19-APR-2021,
OPTSTK,TVSMOTOR,24-Jun-2021,670,PE,0,0,0,123.2,134.2,0,0,0,0,19-APR-2021,
OPTSTK,TVSMOTOR,24-Jun-2021,680,PE,0,0,0,131.3,143.05,0,0,0,0,19-APR-2021,
OPTSTK,TVSMOTOR,24-Jun-2021,690,PE,0,0,0,139.6,152.05,0,0,0,0,19-APR-2021,
OPTSTK,TVSMOTOR,24-Jun-2021,700,PE,0,0,0,148,161.15,0,0,0,0,19-APR-2021,
OPTSTK,TVSMOTOR,24-Jun-2021,710,PE,0,0,0,156.55,170.4,0,0,0,0,19-APR-2021,
OPTSTK,TVSMOTOR,24-Jun-2021,720,PE,0,0,0,165.25,179.7,0,0,0,0,19-APR-2021,
OPTSTK,TVSMOTOR,24-Jun-2021,730,PE,0,0,0,174.05,189.1,0,0,0,0,19-APR-2021,
OPTSTK,TVSMOTOR,24-Jun-2021,740,PE,0,0,0,183,198.55,0,0,0,0,19-APR-2021,
OPTSTK,TVSMOTOR,24-Jun-2021,750,PE,0,0,0,192,208.1,0,0,0,0,19-APR-2021,
OPTSTK,UBL,29-Apr-2021,800,CE,0,0,0,491.95,313.85,0,0,0,0,19-APR-2021,
OPTSTK,UBL,29-Apr-2021,820,CE,0,0,0,472.45,293.9,0,0,0,0,19-APR-2021,
OPTSTK,UBL,29-Apr-2021,840,CE,0,0,0,453.05,273.9,0,0,0,0,19-APR-2021,
OPTSTK,UBL,29-Apr-2021,860,CE,0,0,0,433.8,253.95,0,0,0,0,19-APR-2021,
OPTSTK,UBL,29-Apr-2021,880,CE,0,0,0,414.75,233.95,0,0,0,0,19-APR-2021,
OPTSTK,UBL,29-Apr-2021,900,CE,0,0,0,395.85,214,0,0,0,0,19-APR-2021,
OPTSTK,UBL,29-Apr-2021,920,CE,0,0,0,377.15,194.05,0,0,0,0,19-APR-2021,
OPTSTK,UBL,29-Apr-2021,940,CE,0,0,0,358.7,174.15,0,0,0,0,19-APR-2021,
OPTSTK,UBL,29-Apr-2021,960,CE,0,0,0,340.6,154.35,0,0,0,0,19-APR-2021,
OPTSTK,UBL,29-Apr-2021,980,CE,0,0,0,322.75,134.8,0,0,0,0,19-APR-2021,
OPTSTK,UBL,29-Apr-2021,1000,CE,0,0,0,305.35,115.7,0,0,0,0,19-APR-2021,
OPTSTK,UBL,29-Apr-2021,1020,CE,0,0,0,288.25,97.3,0,0,0,0,19-APR-2021,
OPTSTK,UBL,29-Apr-2021,1040,CE,0,0,0,72,79.95,0,0,700,0,19-APR-2021,
OPTSTK,UBL,29-Apr-2021,1060,CE,54,54,54,54,63.95,1,7.79,4900,-700,19-APR-2021,
OPTSTK,UBL,29-Apr-2021,1080,CE,0,0,0,50.5,49.65,0,0,700,0,19-APR-2021,
OPTSTK,UBL,29-Apr-2021,1100,CE,20.65,35.5,17.9,33.55,33.55,60,474.33,28000,4900,19-APR-2021,
OPTSTK,UBL,29-Apr-2021,1120,CE,24.15,29,16,25.05,25.05,85,681.02,49000,37100,19-APR-2021,
OPTSTK,UBL,29-Apr-2021,1140,CE,8.6,19.25,7,17.7,17.7,64,517.68,38500,7000,19-APR-2021,
OPTSTK,UBL,29-Apr-2021,1160,CE,5.5,12.5,3.65,11.25,11.25,52,425.39,32200,-10500,19-APR-2021,
OPTSTK,UBL,29-Apr-2021,1180,CE,3.35,4.25,3.35,4.25,8.5,2,16.57,2100,0,19-APR-2021,
OPTSTK,UBL,29-Apr-2021,1200,CE,3.5,6.25,3,5.8,5.8,133,1121.55,152600,-19600,19-APR-2021,
OPTSTK,UBL,29-Apr-2021,1220,CE,0,0,0,10.25,3.3,0,0,700,0,19-APR-2021,
OPTSTK,UBL,29-Apr-2021,1240,CE,2.1,2.1,1.85,1.85,1.95,5,43.46,39900,-2100,19-APR-2021,
OPTSTK,UBL,29-Apr-2021,1260,CE,0,0,0,2.75,1.1,0,0,9800,0,19-APR-2021,
OPTSTK,UBL,29-Apr-2021,1280,CE,0,0,0,1.5,0.6,0,0,14000,0,19-APR-2021,
OPTSTK,UBL,29-Apr-2021,1300,CE,1.75,1.75,1.05,1.75,1.75,12,109.32,65100,1400,19-APR-2021,
OPTSTK,UBL,29-Apr-2021,1320,CE,0,0,0,1.5,0.2,0,0,14700,0,19-APR-2021,
OPTSTK,UBL,29-Apr-2021,1340,CE,0,0,0,11,0.1,0,0,2100,0,19-APR-2021,
OPTSTK,UBL,29-Apr-2021,1360,CE,0,0,0,25,0.05,0,0,700,0,19-APR-2021,
OPTSTK,UBL,29-Apr-2021,1380,CE,0,0,0,73.85,0.05,0,0,0,0,19-APR-2021,
OPTSTK,UBL,29-Apr-2021,1400,CE,0.5,0.95,0.5,0.95,0.05,4,39.22,11200,-2100,19-APR-2021,
OPTSTK,UBL,29-Apr-2021,1420,CE,0,0,0,2.75,0,0,0,700,0,19-APR-2021,
OPTSTK,UBL,29-Apr-2021,1440,CE,0,0,0,55.65,0,0,0,0,0,19-APR-2021,
OPTSTK,UBL,29-Apr-2021,1460,CE,0,0,0,50.55,0,0,0,0,0,19-APR-2021,
OPTSTK,UBL,29-Apr-2021,1480,CE,0,0,0,45.8,0,0,0,0,0,19-APR-2021,
OPTSTK,UBL,29-Apr-2021,1500,CE,0,0,0,41.45,0,0,0,0,0,19-APR-2021,
OPTSTK,UBL,29-Apr-2021,1520,CE,0,0,0,37.45,0,0,0,0,0,19-APR-2021,
OPTSTK,UBL,29-Apr-2021,1540,CE,0,0,0,33.75,0,0,0,0,0,19-APR-2021,
OPTSTK,UBL,29-Apr-2021,800,PE,0,0,0,0.8,0,0,0,0,0,19-APR-2021,
OPTSTK,UBL,29-Apr-2021,820,PE,0,0,0,1.1,0,0,0,0,0,19-APR-2021,
OPTSTK,UBL,29-Apr-2021,840,PE,0,0,0,1.55,0,0,0,0,0,19-APR-2021,
OPTSTK,UBL,29-Apr-2021,860,PE,0,0,0,2.1,0,0,0,0,0,19-APR-2021,
OPTSTK,UBL,29-Apr-2021,880,PE,0,0,0,2.85,0,0,0,0,0,19-APR-2021,
OPTSTK,UBL,29-Apr-2021,900,PE,0,0,0,3.75,0.05,0,0,0,0,19-APR-2021,
OPTSTK,UBL,29-Apr-2021,920,PE,0,0,0,4.9,0.05,0,0,0,0,19-APR-2021,
OPTSTK,UBL,29-Apr-2021,940,PE,0,0,0,6.25,0.15,0,0,0,0,19-APR-2021,
OPTSTK,UBL,29-Apr-2021,960,PE,0,0,0,7.95,0.35,0,0,0,0,19-APR-2021,
OPTSTK,UBL,29-Apr-2021,980,PE,0,0,0,3.75,0.8,0,0,700,0,19-APR-2021,
OPTSTK,UBL,29-Apr-2021,1000,PE,7,7,3.75,3.8,3.8,35,246.15,63000,700,19-APR-2021,
OPTSTK,UBL,29-Apr-2021,1020,PE,0,0,0,9.05,3.25,0,0,2100,0,19-APR-2021,
OPTSTK,UBL,29-Apr-2021,1040,PE,10.5,13.4,8.2,8.95,8.95,16,117.68,22400,-2100,19-APR-2021,
OPTSTK,UBL,29-Apr-2021,1060,PE,16.55,17.95,13.1,13.1,9.85,8,60.18,16800,700,19-APR-2021,
OPTSTK,UBL,29-Apr-2021,1080,PE,18,19.95,18,19.95,15.55,6,46.15,7000,1400,19-APR-2021,
OPTSTK,UBL,29-Apr-2021,1100,PE,40.8,41,26,27.8,27.8,26,205.89,61600,-3500,19-APR-2021,
OPTSTK,UBL,29-Apr-2021,1120,PE,46.55,46.55,42.95,42.95,33.05,4,32.61,7700,0,19-APR-2021,
OPTSTK,UBL,29-Apr-2021,1140,PE,0,0,0,66.7,44.95,0,0,4200,0,19-APR-2021,
OPTSTK,UBL,29-Apr-2021,1160,PE,73.45,73.45,73.45,73.45,58.8,1,8.63,14000,0,19-APR-2021,
OPTSTK,UBL,29-Apr-2021,1180,PE,0,0,0,55,74.3,0,0,0,0,19-APR-2021,
OPTSTK,UBL,29-Apr-2021,1200,PE,123.35,123.35,104,104,104,4,36.79,37100,-2100,19-APR-2021,
OPTSTK,UBL,29-Apr-2021,1220,PE,0,0,0,46,109,0,0,1400,0,19-APR-2021,
OPTSTK,UBL,29-Apr-2021,1240,PE,0,0,0,85.25,127.65,0,0,3500,0,19-APR-2021,
OPTSTK,UBL,29-Apr-2021,1260,PE,0,0,0,50.55,146.8,0,0,2800,0,19-APR-2021,
OPTSTK,UBL,29-Apr-2021,1280,PE,0,0,0,60,166.3,0,0,2100,0,19-APR-2021,
OPTSTK,UBL,29-Apr-2021,1300,PE,0,0,0,109.45,186,0,0,0,0,19-APR-2021,
OPTSTK,UBL,29-Apr-2021,1320,PE,0,0,0,120.6,205.8,0,0,0,0,19-APR-2021,
OPTSTK,UBL,29-Apr-2021,1340,PE,0,0,0,132.3,225.7,0,0,0,0,19-APR-2021,
OPTSTK,UBL,29-Apr-2021,1360,PE,0,0,0,144.55,245.65,0,0,0,0,19-APR-2021,
OPTSTK,UBL,29-Apr-2021,1380,PE,0,0,0,157.3,265.6,0,0,0,0,19-APR-2021,
OPTSTK,UBL,29-Apr-2021,1400,PE,0,0,0,170.6,285.6,0,0,0,0,19-APR-2021,
OPTSTK,UBL,29-Apr-2021,1420,PE,0,0,0,184.35,305.55,0,0,0,0,19-APR-2021,
OPTSTK,UBL,29-Apr-2021,1440,PE,0,0,0,198.55,325.55,0,0,0,0,19-APR-2021,
OPTSTK,UBL,29-Apr-2021,1460,PE,0,0,0,213.25,345.5,0,0,0,0,19-APR-2021,
OPTSTK,UBL,29-Apr-2021,1480,PE,0,0,0,228.35,365.5,0,0,0,0,19-APR-2021,
OPTSTK,UBL,29-Apr-2021,1500,PE,0,0,0,243.8,385.5,0,0,0,0,19-APR-2021,
OPTSTK,UBL,29-Apr-2021,1520,PE,0,0,0,259.65,405.45,0,0,0,0,19-APR-2021,
OPTSTK,UBL,29-Apr-2021,1540,PE,0,0,0,275.75,425.45,0,0,0,0,19-APR-2021,
OPTSTK,UBL,27-May-2021,800,CE,0,0,0,407.6,316.4,0,0,0,0,19-APR-2021,
OPTSTK,UBL,27-May-2021,820,CE,0,0,0,388.4,296.65,0,0,0,0,19-APR-2021,
OPTSTK,UBL,27-May-2021,840,CE,0,0,0,369.35,277,0,0,0,0,19-APR-2021,
OPTSTK,UBL,27-May-2021,860,CE,0,0,0,350.55,257.55,0,0,0,0,19-APR-2021,
OPTSTK,UBL,27-May-2021,880,CE,0,0,0,332,238.3,0,0,0,0,19-APR-2021,
OPTSTK,UBL,27-May-2021,900,CE,0,0,0,313.75,219.35,0,0,0,0,19-APR-2021,
OPTSTK,UBL,27-May-2021,920,CE,0,0,0,295.85,200.75,0,0,0,0,19-APR-2021,
OPTSTK,UBL,27-May-2021,940,CE,0,0,0,278.3,182.7,0,0,0,0,19-APR-2021,
OPTSTK,UBL,27-May-2021,960,CE,0,0,0,261.25,165.2,0,0,0,0,19-APR-2021,
OPTSTK,UBL,27-May-2021,980,CE,0,0,0,244.6,148.4,0,0,0,0,19-APR-2021,
OPTSTK,UBL,27-May-2021,1000,CE,0,0,0,228.5,132.4,0,0,0,0,19-APR-2021,
OPTSTK,UBL,27-May-2021,1020,CE,0,0,0,212.95,117.3,0,0,0,0,19-APR-2021,
OPTSTK,UBL,27-May-2021,1040,CE,0,0,0,198,103.1,0,0,0,0,19-APR-2021,
OPTSTK,UBL,27-May-2021,1060,CE,0,0,0,183.6,90,0,0,0,0,19-APR-2021,
OPTSTK,UBL,27-May-2021,1080,CE,0,0,0,169.8,77.95,0,0,0,0,19-APR-2021,
OPTSTK,UBL,27-May-2021,1100,CE,0,0,0,70,67.05,0,0,700,0,19-APR-2021,
OPTSTK,UBL,27-May-2021,1120,CE,0,0,0,144.3,57.2,0,0,0,0,19-APR-2021,
OPTSTK,UBL,27-May-2021,1140,CE,0,0,0,132.55,48.4,0,0,0,0,19-APR-2021,
OPTSTK,UBL,27-May-2021,1160,CE,0,0,0,121.45,40.7,0,0,0,0,19-APR-2021,
OPTSTK,UBL,27-May-2021,1180,CE,0,0,0,111.05,33.95,0,0,0,0,19-APR-2021,
OPTSTK,UBL,27-May-2021,1200,CE,0,0,0,101.25,28.1,0,0,0,0,19-APR-2021,
OPTSTK,UBL,27-May-2021,1220,CE,0,0,0,92.15,23.15,0,0,0,0,19-APR-2021,
OPTSTK,UBL,27-May-2021,1240,CE,0,0,0,83.7,18.85,0,0,0,0,19-APR-2021,
OPTSTK,UBL,27-May-2021,1260,CE,0,0,0,75.85,15.3,0,0,0,0,19-APR-2021,
OPTSTK,UBL,27-May-2021,1280,CE,0,0,0,68.55,12.3,0,0,0,0,19-APR-2021,
OPTSTK,UBL,27-May-2021,1300,CE,0,0,0,61.85,9.85,0,0,0,0,19-APR-2021,
OPTSTK,UBL,27-May-2021,1320,CE,0,0,0,55.7,7.8,0,0,0,0,19-APR-2021,
OPTSTK,UBL,27-May-2021,1340,CE,0,0,0,50.05,6.15,0,0,0,0,19-APR-2021,
OPTSTK,UBL,27-May-2021,1360,CE,0,0,0,44.95,4.85,0,0,0,0,19-APR-2021,
OPTSTK,UBL,27-May-2021,1380,CE,0,0,0,40.25,3.8,0,0,0,0,19-APR-2021,
OPTSTK,UBL,27-May-2021,1400,CE,0,0,0,36,2.95,0,0,0,0,19-APR-2021,
OPTSTK,UBL,27-May-2021,1420,CE,0,0,0,32.1,2.25,0,0,0,0,19-APR-2021,
OPTSTK,UBL,27-May-2021,1440,CE,0,0,0,28.6,1.75,0,0,0,0,19-APR-2021,
OPTSTK,UBL,27-May-2021,1460,CE,0,0,0,25.4,1.35,0,0,0,0,19-APR-2021,
OPTSTK,UBL,27-May-2021,1480,CE,0,0,0,22.55,1,0,0,0,0,19-APR-2021,
OPTSTK,UBL,27-May-2021,1500,CE,0,0,0,20,0.75,0,0,0,0,19-APR-2021,
OPTSTK,UBL,27-May-2021,1520,CE,0,0,0,17.7,0.6,0,0,0,0,19-APR-2021,
OPTSTK,UBL,27-May-2021,1540,CE,0,0,0,15.65,0.45,0,0,0,0,19-APR-2021,
OPTSTK,UBL,27-May-2021,800,PE,0,0,0,1.5,0.25,0,0,0,0,19-APR-2021,
OPTSTK,UBL,27-May-2021,820,PE,0,0,0,2.1,0.4,0,0,0,0,19-APR-2021,
OPTSTK,UBL,27-May-2021,840,PE,0,0,0,2.9,0.7,0,0,0,0,19-APR-2021,
OPTSTK,UBL,27-May-2021,860,PE,0,0,0,3.9,1.15,0,0,0,0,19-APR-2021,
OPTSTK,UBL,27-May-2021,880,PE,0,0,0,5.15,1.8,0,0,0,0,19-APR-2021,
OPTSTK,UBL,27-May-2021,900,PE,0,0,0,6.7,2.8,0,0,0,0,19-APR-2021,
OPTSTK,UBL,27-May-2021,920,PE,0,0,0,8.6,4.15,0,0,0,0,19-APR-2021,
OPTSTK,UBL,27-May-2021,940,PE,0,0,0,10.9,5.95,0,0,0,0,19-APR-2021,
OPTSTK,UBL,27-May-2021,960,PE,0,0,0,13.65,8.4,0,0,0,0,19-APR-2021,
OPTSTK,UBL,27-May-2021,980,PE,0,0,0,16.85,11.5,0,0,0,0,19-APR-2021,
OPTSTK,UBL,27-May-2021,1000,PE,20,20,20,20,15.45,1,7.14,700,0,19-APR-2021,
OPTSTK,UBL,27-May-2021,1020,PE,0,0,0,24.8,20.3,0,0,0,0,19-APR-2021,
OPTSTK,UBL,27-May-2021,1040,PE,33,33,28,28,26,2,14.98,3500,0,19-APR-2021,
OPTSTK,UBL,27-May-2021,1060,PE,0,0,0,35.1,32.8,0,0,0,0,19-APR-2021,
OPTSTK,UBL,27-May-2021,1080,PE,0,0,0,41.1,40.7,0,0,0,0,19-APR-2021,
OPTSTK,UBL,27-May-2021,1100,PE,0,0,0,47.8,49.7,0,0,0,0,19-APR-2021,
OPTSTK,UBL,27-May-2021,1120,PE,0,0,0,55.2,59.75,0,0,0,0,19-APR-2021,
OPTSTK,UBL,27-May-2021,1140,PE,0,0,0,63.25,70.95,0,0,0,0,19-APR-2021,
OPTSTK,UBL,27-May-2021,1160,PE,0,0,0,72,83.1,0,0,0,0,19-APR-2021,
OPTSTK,UBL,27-May-2021,1180,PE,0,0,0,81.4,96.3,0,0,0,0,19-APR-2021,
OPTSTK,UBL,27-May-2021,1200,PE,0,0,0,91.45,110.35,0,0,0,0,19-APR-2021,
OPTSTK,UBL,27-May-2021,1220,PE,0,0,0,102.15,125.35,0,0,0,0,19-APR-2021,
OPTSTK,UBL,27-May-2021,1240,PE,0,0,0,113.5,141,0,0,0,0,19-APR-2021,
OPTSTK,UBL,27-May-2021,1260,PE,0,0,0,125.45,157.35,0,0,0,0,19-APR-2021,
OPTSTK,UBL,27-May-2021,1280,PE,0,0,0,138,174.25,0,0,0,0,19-APR-2021,
OPTSTK,UBL,27-May-2021,1300,PE,0,0,0,151.1,191.75,0,0,0,0,19-APR-2021,
OPTSTK,UBL,27-May-2021,1320,PE,0,0,0,164.75,209.6,0,0,0,0,19-APR-2021,
OPTSTK,UBL,27-May-2021,1340,PE,0,0,0,178.95,227.9,0,0,0,0,19-APR-2021,
OPTSTK,UBL,27-May-2021,1360,PE,0,0,0,193.65,246.5,0,0,0,0,19-APR-2021,
OPTSTK,UBL,27-May-2021,1380,PE,0,0,0,208.8,265.35,0,0,0,0,19-APR-2021,
OPTSTK,UBL,27-May-2021,1400,PE,0,0,0,224.35,284.4,0,0,0,0,19-APR-2021,
OPTSTK,UBL,27-May-2021,1420,PE,0,0,0,240.25,303.7,0,0,0,0,19-APR-2021,
OPTSTK,UBL,27-May-2021,1440,PE,0,0,0,256.55,323.05,0,0,0,0,19-APR-2021,
OPTSTK,UBL,27-May-2021,1460,PE,0,0,0,273.2,342.6,0,0,0,0,19-APR-2021,
OPTSTK,UBL,27-May-2021,1480,PE,0,0,0,290.15,362.2,0,0,0,0,19-APR-2021,
OPTSTK,UBL,27-May-2021,1500,PE,0,0,0,307.4,381.85,0,0,0,0,19-APR-2021,
OPTSTK,UBL,27-May-2021,1520,PE,0,0,0,324.9,401.6,0,0,0,0,19-APR-2021,
OPTSTK,UBL,27-May-2021,1540,PE,0,0,0,342.65,421.4,0,0,0,0,19-APR-2021,
OPTSTK,UBL,24-Jun-2021,800,CE,0,0,0,425.6,320.1,0,0,0,0,19-APR-2021,
OPTSTK,UBL,24-Jun-2021,820,CE,0,0,0,406.25,300.95,0,0,0,0,19-APR-2021,
OPTSTK,UBL,24-Jun-2021,840,CE,0,0,0,387.1,282.1,0,0,0,0,19-APR-2021,
OPTSTK,UBL,24-Jun-2021,860,CE,0,0,0,368.1,263.55,0,0,0,0,19-APR-2021,
OPTSTK,UBL,24-Jun-2021,880,CE,0,0,0,349.3,245.4,0,0,0,0,19-APR-2021,
OPTSTK,UBL,24-Jun-2021,900,CE,0,0,0,330.8,227.65,0,0,0,0,19-APR-2021,
OPTSTK,UBL,24-Jun-2021,920,CE,0,0,0,312.6,210.45,0,0,0,0,19-APR-2021,
OPTSTK,UBL,24-Jun-2021,940,CE,0,0,0,294.75,193.8,0,0,0,0,19-APR-2021,
OPTSTK,UBL,24-Jun-2021,960,CE,0,0,0,277.3,177.75,0,0,0,0,19-APR-2021,
OPTSTK,UBL,24-Jun-2021,980,CE,0,0,0,260.25,162.4,0,0,0,0,19-APR-2021,
OPTSTK,UBL,24-Jun-2021,1000,CE,0,0,0,243.7,147.85,0,0,0,0,19-APR-2021,
OPTSTK,UBL,24-Jun-2021,1020,CE,0,0,0,227.65,133.95,0,0,0,0,19-APR-2021,
OPTSTK,UBL,24-Jun-2021,1040,CE,0,0,0,212.15,120.95,0,0,0,0,19-APR-2021,
OPTSTK,UBL,24-Jun-2021,1060,CE,0,0,0,197.3,108.75,0,0,0,0,19-APR-2021,
OPTSTK,UBL,24-Jun-2021,1080,CE,0,0,0,182.95,97.4,0,0,0,0,19-APR-2021,
OPTSTK,UBL,24-Jun-2021,1100,CE,0,0,0,169.2,86.9,0,0,0,0,19-APR-2021,
OPTSTK,UBL,24-Jun-2021,1120,CE,0,0,0,156.2,77.2,0,0,0,0,19-APR-2021,
OPTSTK,UBL,24-Jun-2021,1140,CE,0,0,0,143.8,68.35,0,0,0,0,19-APR-2021,
OPTSTK,UBL,24-Jun-2021,1160,CE,0,0,0,132.1,60.25,0,0,0,0,19-APR-2021,
OPTSTK,UBL,24-Jun-2021,1180,CE,0,0,0,121.1,52.95,0,0,0,0,19-APR-2021,
OPTSTK,UBL,24-Jun-2021,1200,CE,0,0,0,110.7,46.35,0,0,0,0,19-APR-2021,
OPTSTK,UBL,24-Jun-2021,1220,CE,0,0,0,101,40.4,0,0,0,0,19-APR-2021,
OPTSTK,UBL,24-Jun-2021,1240,CE,0,0,0,91.9,35.15,0,0,0,0,19-APR-2021,
OPTSTK,UBL,24-Jun-2021,1260,CE,0,0,0,83.5,30.45,0,0,0,0,19-APR-2021,
OPTSTK,UBL,24-Jun-2021,1280,CE,0,0,0,75.65,26.3,0,0,0,0,19-APR-2021,
OPTSTK,UBL,24-Jun-2021,1300,CE,0,0,0,68.4,22.6,0,0,0,0,19-APR-2021,
OPTSTK,UBL,24-Jun-2021,1320,CE,0,0,0,61.75,19.4,0,0,0,0,19-APR-2021,
OPTSTK,UBL,24-Jun-2021,1340,CE,0,0,0,55.6,16.6,0,0,0,0,19-APR-2021,
OPTSTK,UBL,24-Jun-2021,1360,CE,0,0,0,50,14.15,0,0,0,0,19-APR-2021,
OPTSTK,UBL,24-Jun-2021,1380,CE,0,0,0,44.9,12.05,0,0,0,0,19-APR-2021,
OPTSTK,UBL,24-Jun-2021,1400,CE,0,0,0,40.2,10.2,0,0,0,0,19-APR-2021,
OPTSTK,UBL,24-Jun-2021,1420,CE,0,0,0,36,8.6,0,0,0,0,19-APR-2021,
OPTSTK,UBL,24-Jun-2021,1440,CE,0,0,0,32.05,7.25,0,0,0,0,19-APR-2021,
OPTSTK,UBL,24-Jun-2021,1460,CE,0,0,0,28.55,6.1,0,0,0,0,19-APR-2021,
OPTSTK,UBL,24-Jun-2021,1480,CE,0,0,0,25.4,5.15,0,0,0,0,19-APR-2021,
OPTSTK,UBL,24-Jun-2021,1500,CE,0,0,0,22.55,4.3,0,0,0,0,19-APR-2021,
OPTSTK,UBL,24-Jun-2021,1520,CE,0,0,0,20,3.6,0,0,0,0,19-APR-2021,
OPTSTK,UBL,24-Jun-2021,1540,CE,0,0,0,17.7,3,0,0,0,0,19-APR-2021,
OPTSTK,UBL,24-Jun-2021,800,PE,0,0,0,1.15,1.65,0,0,0,0,19-APR-2021,
OPTSTK,UBL,24-Jun-2021,820,PE,0,0,0,1.65,2.35,0,0,0,0,19-APR-2021,
OPTSTK,UBL,24-Jun-2021,840,PE,0,0,0,2.25,3.4,0,0,0,0,19-APR-2021,
OPTSTK,UBL,24-Jun-2021,860,PE,0,0,0,3.1,4.7,0,0,0,0,19-APR-2021,
OPTSTK,UBL,24-Jun-2021,880,PE,0,0,0,4.15,6.4,0,0,0,0,19-APR-2021,
OPTSTK,UBL,24-Jun-2021,900,PE,0,0,0,5.45,8.5,0,0,0,0,19-APR-2021,
OPTSTK,UBL,24-Jun-2021,920,PE,0,0,0,7.05,11.15,0,0,0,0,19-APR-2021,
OPTSTK,UBL,24-Jun-2021,940,PE,0,0,0,9,14.35,0,0,0,0,19-APR-2021,
OPTSTK,UBL,24-Jun-2021,960,PE,0,0,0,11.35,18.2,0,0,0,0,19-APR-2021,
OPTSTK,UBL,24-Jun-2021,980,PE,0,0,0,14.15,22.75,0,0,0,0,19-APR-2021,
OPTSTK,UBL,24-Jun-2021,1000,PE,0,0,0,17.4,28.05,0,0,0,0,19-APR-2021,
OPTSTK,UBL,24-Jun-2021,1020,PE,0,0,0,21.15,34,0,0,0,0,19-APR-2021,
OPTSTK,UBL,24-Jun-2021,1040,PE,0,0,0,25.5,40.85,0,0,0,0,19-APR-2021,
OPTSTK,UBL,24-Jun-2021,1060,PE,0,0,0,30.4,48.55,0,0,0,0,19-APR-2021,
OPTSTK,UBL,24-Jun-2021,1080,PE,0,0,0,35.9,57.05,0,0,0,0,19-APR-2021,
OPTSTK,UBL,24-Jun-2021,1100,PE,0,0,0,42,66.4,0,0,0,0,19-APR-2021,
OPTSTK,UBL,24-Jun-2021,1120,PE,0,0,0,48.75,76.6,0,0,0,0,19-APR-2021,
OPTSTK,UBL,24-Jun-2021,1140,PE,0,0,0,56.2,87.6,0,0,0,0,19-APR-2021,
OPTSTK,UBL,24-Jun-2021,1160,PE,0,0,0,64.3,99.35,0,0,0,0,19-APR-2021,
OPTSTK,UBL,24-Jun-2021,1180,PE,0,0,0,73.1,111.9,0,0,0,0,19-APR-2021,
OPTSTK,UBL,24-Jun-2021,1200,PE,0,0,0,82.55,125.15,0,0,0,0,19-APR-2021,
OPTSTK,UBL,24-Jun-2021,1220,PE,0,0,0,92.65,139.1,0,0,0,0,19-APR-2021,
OPTSTK,UBL,24-Jun-2021,1240,PE,0,0,0,103.4,153.75,0,0,0,0,19-APR-2021,
OPTSTK,UBL,24-Jun-2021,1260,PE,0,0,0,114.75,168.9,0,0,0,0,19-APR-2021,
OPTSTK,UBL,24-Jun-2021,1280,PE,0,0,0,126.75,184.6,0,0,0,0,19-APR-2021,
OPTSTK,UBL,24-Jun-2021,1300,PE,0,0,0,139.3,200.8,0,0,0,0,19-APR-2021,
OPTSTK,UBL,24-Jun-2021,1320,PE,0,0,0,152.45,217.45,0,0,0,0,19-APR-2021,
OPTSTK,UBL,24-Jun-2021,1340,PE,0,0,0,166.15,234.5,0,0,0,0,19-APR-2021,
OPTSTK,UBL,24-Jun-2021,1360,PE,0,0,0,180.35,251.9,0,0,0,0,19-APR-2021,
OPTSTK,UBL,24-Jun-2021,1380,PE,0,0,0,195.05,269.65,0,0,0,0,19-APR-2021,
OPTSTK,UBL,24-Jun-2021,1400,PE,0,0,0,210.2,287.7,0,0,0,0,19-APR-2021,
OPTSTK,UBL,24-Jun-2021,1420,PE,0,0,0,225.75,306,0,0,0,0,19-APR-2021,
OPTSTK,UBL,24-Jun-2021,1440,PE,0,0,0,241.65,324.5,0,0,0,0,19-APR-2021,
OPTSTK,UBL,24-Jun-2021,1460,PE,0,0,0,258,343.2,0,0,0,0,19-APR-2021,
OPTSTK,UBL,24-Jun-2021,1480,PE,0,0,0,274.65,362.1,0,0,0,0,19-APR-2021,
OPTSTK,UBL,24-Jun-2021,1500,PE,0,0,0,291.6,381.1,0,0,0,0,19-APR-2021,
OPTSTK,UBL,24-Jun-2021,1520,PE,0,0,0,308.85,400.25,0,0,0,0,19-APR-2021,
OPTSTK,UBL,24-Jun-2021,1540,PE,0,0,0,326.35,419.55,0,0,0,0,19-APR-2021,
OPTSTK,ULTRACEMCO,29-Apr-2021,3450,CE,0,0,0,2029.2,3063.2,0,0,0,0,19-APR-2021,
OPTSTK,ULTRACEMCO,29-Apr-2021,3500,CE,0,0,0,1980.5,3013.25,0,0,0,0,19-APR-2021,
OPTSTK,ULTRACEMCO,29-Apr-2021,3550,CE,0,0,0,1931.95,2963.3,0,0,0,0,19-APR-2021,
OPTSTK,ULTRACEMCO,29-Apr-2021,3600,CE,0,0,0,1883.55,2913.35,0,0,0,0,19-APR-2021,
OPTSTK,ULTRACEMCO,29-Apr-2021,3650,CE,0,0,0,1835.35,2863.4,0,0,0,0,19-APR-2021,
OPTSTK,ULTRACEMCO,29-Apr-2021,3700,CE,0,0,0,1787.4,2813.45,0,0,0,0,19-APR-2021,
OPTSTK,ULTRACEMCO,29-Apr-2021,3750,CE,0,0,0,1739.7,2763.5,0,0,0,0,19-APR-2021,
OPTSTK,ULTRACEMCO,29-Apr-2021,3800,CE,0,0,0,1692.25,2713.55,0,0,0,0,19-APR-2021,
OPTSTK,ULTRACEMCO,29-Apr-2021,3850,CE,0,0,0,1645.1,2663.6,0,0,0,0,19-APR-2021,
OPTSTK,ULTRACEMCO,29-Apr-2021,3900,CE,0,0,0,1598.3,2613.65,0,0,0,0,19-APR-2021,
OPTSTK,ULTRACEMCO,29-Apr-2021,3950,CE,0,0,0,1551.85,2563.7,0,0,0,0,19-APR-2021,
OPTSTK,ULTRACEMCO,29-Apr-2021,4000,CE,0,0,0,1505.8,2513.75,0,0,0,0,19-APR-2021,
OPTSTK,ULTRACEMCO,29-Apr-2021,4050,CE,0,0,0,1460.15,2463.8,0,0,0,0,19-APR-2021,
OPTSTK,ULTRACEMCO,29-Apr-2021,4100,CE,0,0,0,1415,2413.85,0,0,0,0,19-APR-2021,
OPTSTK,ULTRACEMCO,29-Apr-2021,4150,CE,0,0,0,1370.3,2363.9,0,0,0,0,19-APR-2021,
OPTSTK,ULTRACEMCO,29-Apr-2021,4200,CE,0,0,0,1326.15,2313.95,0,0,0,0,19-APR-2021,
OPTSTK,ULTRACEMCO,29-Apr-2021,4250,CE,0,0,0,1282.5,2264,0,0,0,0,19-APR-2021,
OPTSTK,ULTRACEMCO,29-Apr-2021,4300,CE,0,0,0,1239.5,2214.05,0,0,0,0,19-APR-2021,
OPTSTK,ULTRACEMCO,29-Apr-2021,4350,CE,0,0,0,1197.05,2164.1,0,0,0,0,19-APR-2021,
OPTSTK,ULTRACEMCO,29-Apr-2021,4400,CE,0,0,0,1155.3,2114.15,0,0,0,0,19-APR-2021,
OPTSTK,ULTRACEMCO,29-Apr-2021,4450,CE,0,0,0,1114.2,2064.2,0,0,0,0,19-APR-2021,
OPTSTK,ULTRACEMCO,29-Apr-2021,4500,CE,0,0,0,1073.8,2014.25,0,0,0,0,19-APR-2021,
OPTSTK,ULTRACEMCO,29-Apr-2021,4550,CE,0,0,0,1034.15,1964.3,0,0,0,0,19-APR-2021,
OPTSTK,ULTRACEMCO,29-Apr-2021,4600,CE,0,0,0,995.25,1914.35,0,0,0,0,19-APR-2021,
OPTSTK,ULTRACEMCO,29-Apr-2021,4650,CE,0,0,0,957.15,1864.4,0,0,0,0,19-APR-2021,
OPTSTK,ULTRACEMCO,29-Apr-2021,4700,CE,0,0,0,920,1814.45,0,0,0,0,19-APR-2021,
OPTSTK,ULTRACEMCO,29-Apr-2021,4750,CE,0,0,0,883.45,1764.5,0,0,0,0,19-APR-2021,
OPTSTK,ULTRACEMCO,29-Apr-2021,4800,CE,0,0,0,847.8,1714.55,0,0,0,0,19-APR-2021,
OPTSTK,ULTRACEMCO,29-Apr-2021,4850,CE,0,0,0,812.95,1664.6,0,0,0,0,19-APR-2021,
OPTSTK,ULTRACEMCO,29-Apr-2021,4900,CE,0,0,0,778.75,1614.65,0,0,0,0,19-APR-2021,
OPTSTK,ULTRACEMCO,29-Apr-2021,4950,CE,0,0,0,745.75,1564.7,0,0,0,0,19-APR-2021,
OPTSTK,ULTRACEMCO,29-Apr-2021,5000,CE,0,0,0,1735,1514.75,0,0,200,0,19-APR-2021,
OPTSTK,ULTRACEMCO,29-Apr-2021,5050,CE,0,0,0,682.4,1464.8,0,0,0,0,19-APR-2021,
OPTSTK,ULTRACEMCO,29-Apr-2021,5100,CE,0,0,0,652.05,1414.85,0,0,0,0,19-APR-2021,
OPTSTK,ULTRACEMCO,29-Apr-2021,5150,CE,0,0,0,622.65,1364.9,0,0,0,0,19-APR-2021,
OPTSTK,ULTRACEMCO,29-Apr-2021,5200,CE,0,0,0,594.15,1315,0,0,0,0,19-APR-2021,
OPTSTK,ULTRACEMCO,29-Apr-2021,5250,CE,0,0,0,566.6,1265.1,0,0,0,0,19-APR-2021,
OPTSTK,ULTRACEMCO,29-Apr-2021,5300,CE,0,0,0,539.9,1215.2,0,0,0,0,19-APR-2021,
OPTSTK,ULTRACEMCO,29-Apr-2021,5350,CE,0,0,0,514.15,1165.35,0,0,0,0,19-APR-2021,
OPTSTK,ULTRACEMCO,29-Apr-2021,5400,CE,0,0,0,1290,1115.55,0,0,600,0,19-APR-2021,
OPTSTK,ULTRACEMCO,29-Apr-2021,5450,CE,0,0,0,465.3,1065.85,0,0,0,0,19-APR-2021,
OPTSTK,ULTRACEMCO,29-Apr-2021,5500,CE,0,0,0,1366.95,1016.2,0,0,0,0,19-APR-2021,
OPTSTK,ULTRACEMCO,29-Apr-2021,5550,CE,0,0,0,420,966.75,0,0,0,0,19-APR-2021,
OPTSTK,ULTRACEMCO,29-Apr-2021,5600,CE,0,0,0,398.65,917.45,0,0,0,0,19-APR-2021,
OPTSTK,ULTRACEMCO,29-Apr-2021,5650,CE,0,0,0,378.1,868.4,0,0,0,0,19-APR-2021,
OPTSTK,ULTRACEMCO,29-Apr-2021,5700,CE,0,0,0,358.45,819.7,0,0,0,0,19-APR-2021,
OPTSTK,ULTRACEMCO,29-Apr-2021,5750,CE,0,0,0,339.55,771.45,0,0,0,0,19-APR-2021,
OPTSTK,ULTRACEMCO,29-Apr-2021,5800,CE,0,0,0,321.5,723.65,0,0,0,0,19-APR-2021,
OPTSTK,ULTRACEMCO,29-Apr-2021,5850,CE,0,0,0,304.2,676.55,0,0,0,0,19-APR-2021,
OPTSTK,ULTRACEMCO,29-Apr-2021,5900,CE,0,0,0,287.65,630.2,0,0,0,0,19-APR-2021,
OPTSTK,ULTRACEMCO,29-Apr-2021,5950,CE,0,0,0,271.85,584.75,0,0,0,0,19-APR-2021,
OPTSTK,ULTRACEMCO,29-Apr-2021,6000,CE,0,0,0,1000,540.4,0,0,0,0,19-APR-2021,
OPTSTK,ULTRACEMCO,29-Apr-2021,6050,CE,0,0,0,242.35,497.25,0,0,0,0,19-APR-2021,
OPTSTK,ULTRACEMCO,29-Apr-2021,6100,CE,0,0,0,228.65,455.5,0,0,0,0,19-APR-2021,
OPTSTK,ULTRACEMCO,29-Apr-2021,6150,CE,0,0,0,215.55,415.3,0,0,0,0,19-APR-2021,
OPTSTK,ULTRACEMCO,29-Apr-2021,6200,CE,253.9,482.35,253.9,482.35,376.75,2,26.27,1800,200,19-APR-2021,
OPTSTK,ULTRACEMCO,29-Apr-2021,6250,CE,0,0,0,191.65,340,0,0,0,0,19-APR-2021,
OPTSTK,ULTRACEMCO,29-Apr-2021,6300,CE,0,0,0,180.45,305.25,0,0,0,0,19-APR-2021,
OPTSTK,ULTRACEMCO,29-Apr-2021,6350,CE,0,0,0,169.85,272.6,0,0,0,0,19-APR-2021,
OPTSTK,ULTRACEMCO,29-Apr-2021,6400,CE,228.3,263.05,177.1,222.55,222.55,58,766.37,3000,1800,19-APR-2021,
OPTSTK,ULTRACEMCO,29-Apr-2021,6450,CE,0,0,0,150,213.75,0,0,0,0,19-APR-2021,
OPTSTK,ULTRACEMCO,29-Apr-2021,6500,CE,165.05,193,127.95,165.45,165.45,489,6504.76,19800,9200,19-APR-2021,
OPTSTK,ULTRACEMCO,29-Apr-2021,6550,CE,132.3,144.55,91.9,140.55,140.55,49,653.1,4000,4000,19-APR-2021,
OPTSTK,ULTRACEMCO,29-Apr-2021,6600,CE,111.85,138.4,92,118.05,118.05,441,5919.18,29000,15800,19-APR-2021,
OPTSTK,ULTRACEMCO,29-Apr-2021,6650,CE,111.05,157.9,78,121.15,121.15,11,148.56,4200,600,19-APR-2021,
OPTSTK,ULTRACEMCO,29-Apr-2021,6700,CE,92.05,99,63.95,82.55,82.55,452,6127.85,34400,11200,19-APR-2021,
OPTSTK,ULTRACEMCO,29-Apr-2021,6750,CE,82.3,82.3,54.15,67.4,67.4,43,585.85,8400,-1600,19-APR-2021,
OPTSTK,ULTRACEMCO,29-Apr-2021,6800,CE,72.05,72.05,41.15,56,56,826,11323.29,66600,27000,19-APR-2021,
OPTSTK,ULTRACEMCO,29-Apr-2021,6850,CE,47.2,47.2,45.8,46.5,46.5,2,27.58,6200,200,19-APR-2021,
OPTSTK,ULTRACEMCO,29-Apr-2021,6900,CE,40,47.9,29.75,37.9,37.9,445,6174.47,48600,-8000,19-APR-2021,
OPTSTK,ULTRACEMCO,29-Apr-2021,6950,CE,34,34,34,34,44.15,1,13.96,5600,0,19-APR-2021,
OPTSTK,ULTRACEMCO,29-Apr-2021,7000,CE,40,42,22.05,27.4,27.4,842,11833.28,117800,18400,19-APR-2021,
OPTSTK,ULTRACEMCO,29-Apr-2021,7050,CE,26.1,26.1,24,24,29.9,2,28.3,4200,0,19-APR-2021,
OPTSTK,ULTRACEMCO,29-Apr-2021,7100,CE,6.7,21.4,6.6,19.55,19.55,196,2790.26,32400,-2800,19-APR-2021,
OPTSTK,ULTRACEMCO,29-Apr-2021,7150,CE,17,17,14.65,16.65,19.7,11,157.64,3400,0,19-APR-2021,
OPTSTK,ULTRACEMCO,29-Apr-2021,7200,CE,12.05,16.95,12,14.65,14.65,301,4342.82,52000,600,19-APR-2021,
OPTSTK,ULTRACEMCO,29-Apr-2021,7250,CE,0,0,0,25.8,12.7,0,0,0,0,19-APR-2021,
OPTSTK,ULTRACEMCO,29-Apr-2021,7300,CE,10,12,8.8,10.5,10.5,23,336.25,13400,600,19-APR-2021,
OPTSTK,ULTRACEMCO,29-Apr-2021,7350,CE,0,0,0,133,7.95,0,0,200,0,19-APR-2021,
OPTSTK,ULTRACEMCO,29-Apr-2021,7400,CE,7.55,10,5.5,8.1,8.1,11,162.95,13600,0,19-APR-2021,
OPTSTK,ULTRACEMCO,29-Apr-2021,7450,CE,0,0,0,39.5,4.9,0,0,0,0,19-APR-2021,
OPTSTK,ULTRACEMCO,29-Apr-2021,7500,CE,6.45,7.25,4.25,5.75,5.75,157,2356.77,47000,-2200,19-APR-2021,
OPTSTK,ULTRACEMCO,29-Apr-2021,7550,CE,0,0,0,57.1,2.95,0,0,0,0,19-APR-2021,
OPTSTK,ULTRACEMCO,29-Apr-2021,7600,CE,5,6.6,5,6.6,2.25,2,30.42,10200,-400,19-APR-2021,
OPTSTK,ULTRACEMCO,29-Apr-2021,7650,CE,0,0,0,49.85,1.7,0,0,0,0,19-APR-2021,
OPTSTK,ULTRACEMCO,29-Apr-2021,7700,CE,7.95,8.95,1.55,1.95,1.95,5,77.04,1600,-200,19-APR-2021,
OPTSTK,ULTRACEMCO,29-Apr-2021,7750,CE,0,0,0,43.45,1,0,0,0,0,19-APR-2021,
OPTSTK,ULTRACEMCO,29-Apr-2021,7800,CE,4,4,1,1.75,1.75,13,202.87,15400,-400,19-APR-2021,
OPTSTK,ULTRACEMCO,29-Apr-2021,7850,CE,0,0,0,83.95,0.55,0,0,0,0,19-APR-2021,
OPTSTK,ULTRACEMCO,29-Apr-2021,7900,CE,0,0,0,10,0.4,0,0,600,0,19-APR-2021,
OPTSTK,ULTRACEMCO,29-Apr-2021,7950,CE,0,0,0,74.4,0.3,0,0,0,0,19-APR-2021,
OPTSTK,ULTRACEMCO,29-Apr-2021,8000,CE,2.55,2.85,0.7,2.4,2.4,40,640.18,27200,-6400,19-APR-2021,
OPTSTK,ULTRACEMCO,29-Apr-2021,8100,CE,0,0,0,2.6,0.15,0,0,200,0,19-APR-2021,
OPTSTK,ULTRACEMCO,29-Apr-2021,8200,CE,0,0,0,61.8,0.1,0,0,0,0,19-APR-2021,
OPTSTK,ULTRACEMCO,29-Apr-2021,8300,CE,0,0,0,68.35,0.05,0,0,0,0,19-APR-2021,
OPTSTK,ULTRACEMCO,29-Apr-2021,8400,CE,0,0,0,64.6,0.05,0,0,0,0,19-APR-2021,
OPTSTK,ULTRACEMCO,29-Apr-2021,3450,PE,0,0,0,3.55,0,0,0,0,0,19-APR-2021,
OPTSTK,ULTRACEMCO,29-Apr-2021,3500,PE,0,0,0,4.4,0,0,0,0,0,19-APR-2021,
OPTSTK,ULTRACEMCO,29-Apr-2021,3550,PE,0,0,0,5.35,0,0,0,0,0,19-APR-2021,
OPTSTK,ULTRACEMCO,29-Apr-2021,3600,PE,0,0,0,6.5,0,0,0,0,0,19-APR-2021,
OPTSTK,ULTRACEMCO,29-Apr-2021,3650,PE,0,0,0,7.9,0,0,0,0,0,19-APR-2021,
OPTSTK,ULTRACEMCO,29-Apr-2021,3700,PE,0,0,0,9.45,0,0,0,0,0,19-APR-2021,
OPTSTK,ULTRACEMCO,29-Apr-2021,3750,PE,0,0,0,11.25,0,0,0,0,0,19-APR-2021,
OPTSTK,ULTRACEMCO,29-Apr-2021,3800,PE,0,0,0,13.35,0,0,0,0,0,19-APR-2021,
OPTSTK,ULTRACEMCO,29-Apr-2021,3850,PE,0,0,0,15.75,0,0,0,0,0,19-APR-2021,
OPTSTK,ULTRACEMCO,29-Apr-2021,3900,PE,0,0,0,18.5,0,0,0,0,0,19-APR-2021,
OPTSTK,ULTRACEMCO,29-Apr-2021,3950,PE,0,0,0,21.55,0,0,0,0,0,19-APR-2021,
OPTSTK,ULTRACEMCO,29-Apr-2021,4000,PE,0,0,0,25.05,0,0,0,0,0,19-APR-2021,
OPTSTK,ULTRACEMCO,29-Apr-2021,4050,PE,0,0,0,28.95,0,0,0,0,0,19-APR-2021,
OPTSTK,ULTRACEMCO,29-Apr-2021,4100,PE,0,0,0,33.35,0,0,0,0,0,19-APR-2021,
OPTSTK,ULTRACEMCO,29-Apr-2021,4150,PE,0,0,0,38.2,0,0,0,0,0,19-APR-2021,
OPTSTK,ULTRACEMCO,29-Apr-2021,4200,PE,0,0,0,43.55,0,0,0,0,0,19-APR-2021,
OPTSTK,ULTRACEMCO,29-Apr-2021,4250,PE,0,0,0,49.45,0,0,0,0,0,19-APR-2021,
OPTSTK,ULTRACEMCO,29-Apr-2021,4300,PE,0,0,0,56,0,0,0,0,0,19-APR-2021,
OPTSTK,ULTRACEMCO,29-Apr-2021,4350,PE,0,0,0,63.1,0,0,0,0,0,19-APR-2021,
OPTSTK,ULTRACEMCO,29-Apr-2021,4400,PE,0,0,0,70.9,0,0,0,0,0,19-APR-2021,
OPTSTK,ULTRACEMCO,29-Apr-2021,4450,PE,0,0,0,79.3,0,0,0,0,0,19-APR-2021,
OPTSTK,ULTRACEMCO,29-Apr-2021,4500,PE,0,0,0,88.45,0,0,0,0,0,19-APR-2021,
OPTSTK,ULTRACEMCO,29-Apr-2021,4550,PE,0,0,0,98.35,0,0,0,0,0,19-APR-2021,
OPTSTK,ULTRACEMCO,29-Apr-2021,4600,PE,0,0,0,109,0,0,0,0,0,19-APR-2021,
OPTSTK,ULTRACEMCO,29-Apr-2021,4650,PE,0,0,0,120.4,0,0,0,0,0,19-APR-2021,
OPTSTK,ULTRACEMCO,29-Apr-2021,4700,PE,0,0,0,132.8,0,0,0,0,0,19-APR-2021,
OPTSTK,ULTRACEMCO,29-Apr-2021,4750,PE,0,0,0,145.8,0,0,0,0,0,19-APR-2021,
OPTSTK,ULTRACEMCO,29-Apr-2021,4800,PE,0,0,0,159.65,0,0,0,0,0,19-APR-2021,
OPTSTK,ULTRACEMCO,29-Apr-2021,4850,PE,0,0,0,174.35,0,0,0,0,0,19-APR-2021,
OPTSTK,ULTRACEMCO,29-Apr-2021,4900,PE,0,0,0,189.7,0,0,0,0,0,19-APR-2021,
OPTSTK,ULTRACEMCO,29-Apr-2021,4950,PE,0,0,0,206.2,0,0,0,0,0,19-APR-2021,
OPTSTK,ULTRACEMCO,29-Apr-2021,5000,PE,0,0,0,223.65,0.05,0,0,0,0,19-APR-2021,
OPTSTK,ULTRACEMCO,29-Apr-2021,5050,PE,0,0,0,241.95,0.05,0,0,0,0,19-APR-2021,
OPTSTK,ULTRACEMCO,29-Apr-2021,5100,PE,0,0,0,261.15,0.05,0,0,0,0,19-APR-2021,
OPTSTK,ULTRACEMCO,29-Apr-2021,5150,PE,0,0,0,281.3,0.05,0,0,0,0,19-APR-2021,
OPTSTK,ULTRACEMCO,29-Apr-2021,5200,PE,0,0,0,302.35,0.1,0,0,0,0,19-APR-2021,
OPTSTK,ULTRACEMCO,29-Apr-2021,5250,PE,0,0,0,324.3,0.1,0,0,0,0,19-APR-2021,
OPTSTK,ULTRACEMCO,29-Apr-2021,5300,PE,0,0,0,347.15,0.2,0,0,0,0,19-APR-2021,
OPTSTK,ULTRACEMCO,29-Apr-2021,5350,PE,0,0,0,370.95,0.3,0,0,0,0,19-APR-2021,
OPTSTK,ULTRACEMCO,29-Apr-2021,5400,PE,0,0,0,395.6,0.45,0,0,0,0,19-APR-2021,
OPTSTK,ULTRACEMCO,29-Apr-2021,5450,PE,0,0,0,421.15,0.65,0,0,0,0,19-APR-2021,
OPTSTK,ULTRACEMCO,29-Apr-2021,5500,PE,4.95,6,4.95,6,6,2,22.02,600,200,19-APR-2021,
OPTSTK,ULTRACEMCO,29-Apr-2021,5550,PE,0,0,0,474.9,1.45,0,0,0,0,19-APR-2021,
OPTSTK,ULTRACEMCO,29-Apr-2021,5600,PE,0,0,0,503.1,2.15,0,0,0,0,19-APR-2021,
OPTSTK,ULTRACEMCO,29-Apr-2021,5650,PE,0,0,0,532.1,3.05,0,0,0,0,19-APR-2021,
OPTSTK,ULTRACEMCO,29-Apr-2021,5700,PE,0,0,0,561.95,4.3,0,0,0,0,19-APR-2021,
OPTSTK,ULTRACEMCO,29-Apr-2021,5750,PE,0,0,0,592.65,5.95,0,0,0,0,19-APR-2021,
OPTSTK,ULTRACEMCO,29-Apr-2021,5800,PE,5.9,15,5.8,6,6,18,209.11,5200,400,19-APR-2021,
OPTSTK,ULTRACEMCO,29-Apr-2021,5850,PE,0,0,0,656.35,11,0,0,0,0,19-APR-2021,
OPTSTK,ULTRACEMCO,29-Apr-2021,5900,PE,0,0,0,18,14.6,0,0,400,0,19-APR-2021,
OPTSTK,ULTRACEMCO,29-Apr-2021,5950,PE,0,0,0,723.05,19.1,0,0,0,0,19-APR-2021,
OPTSTK,ULTRACEMCO,29-Apr-2021,6000,PE,10.05,36.75,7,19.5,19.5,564,6794.87,41400,400,19-APR-2021,
OPTSTK,ULTRACEMCO,29-Apr-2021,6050,PE,0,0,0,792.65,31.5,0,0,0,0,19-APR-2021,
OPTSTK,ULTRACEMCO,29-Apr-2021,6100,PE,25,46.4,25,46.4,39.7,4,49.08,1200,0,19-APR-2021,
OPTSTK,ULTRACEMCO,29-Apr-2021,6150,PE,0,0,0,864.95,49.4,0,0,0,0,19-APR-2021,
OPTSTK,ULTRACEMCO,29-Apr-2021,6200,PE,40,72.85,30,43.2,43.2,165,2064.55,14400,2000,19-APR-2021,
OPTSTK,ULTRACEMCO,29-Apr-2021,6250,PE,0,0,0,940.1,74.05,0,0,0,0,19-APR-2021,
OPTSTK,ULTRACEMCO,29-Apr-2021,6300,PE,78.6,102.7,58.35,63.2,63.2,87,1110.3,11000,4800,19-APR-2021,
OPTSTK,ULTRACEMCO,29-Apr-2021,6350,PE,0,0,0,1017.35,106.55,0,0,0,0,19-APR-2021,
OPTSTK,ULTRACEMCO,29-Apr-2021,6400,PE,97,142.8,71.75,90.65,90.65,255,3318.83,24200,1200,19-APR-2021,
OPTSTK,ULTRACEMCO,29-Apr-2021,6450,PE,0,0,0,1096.6,147.6,0,0,0,0,19-APR-2021,
OPTSTK,ULTRACEMCO,29-Apr-2021,6500,PE,127.55,194.7,110.25,129.55,129.55,263,3496.04,37600,-2800,19-APR-2021,
OPTSTK,ULTRACEMCO,29-Apr-2021,6550,PE,352.45,352.45,352.45,352.45,197.45,1,13.8,1600,200,19-APR-2021,
OPTSTK,ULTRACEMCO,29-Apr-2021,6600,PE,186.3,255,172.75,182.4,182.4,89,1209.16,14000,-1800,19-APR-2021,
OPTSTK,ULTRACEMCO,29-Apr-2021,6650,PE,236.2,236.2,236.2,236.2,256.05,1,13.77,1000,0,19-APR-2021,
OPTSTK,ULTRACEMCO,29-Apr-2021,6700,PE,257.05,318.25,221,247,247,104,1446.01,20200,-6800,19-APR-2021,
OPTSTK,ULTRACEMCO,29-Apr-2021,6750,PE,341.4,341.4,341.4,341.4,322.85,1,14.18,5000,-200,19-APR-2021,
OPTSTK,ULTRACEMCO,29-Apr-2021,6800,PE,341.25,388.15,329.8,329.8,329.8,7,100.13,14400,-800,19-APR-2021,
OPTSTK,ULTRACEMCO,29-Apr-2021,6850,PE,0,0,0,334.6,397.05,0,0,2000,0,19-APR-2021,
OPTSTK,ULTRACEMCO,29-Apr-2021,6900,PE,430.5,430.5,430.5,430.5,436.55,1,14.66,8600,-200,19-APR-2021,
OPTSTK,ULTRACEMCO,29-Apr-2021,6950,PE,0,0,0,405.9,477.5,0,0,600,0,19-APR-2021,
OPTSTK,ULTRACEMCO,29-Apr-2021,7000,PE,492.5,578.05,475,578.05,519.75,7,105.2,11400,-200,19-APR-2021,
OPTSTK,ULTRACEMCO,29-Apr-2021,7050,PE,0,0,0,1609.8,563.15,0,0,0,0,19-APR-2021,
OPTSTK,ULTRACEMCO,29-Apr-2021,7100,PE,0,0,0,536.7,607.55,0,0,600,0,19-APR-2021,
OPTSTK,ULTRACEMCO,29-Apr-2021,7150,PE,0,0,0,1700.15,652.85,0,0,0,0,19-APR-2021,
OPTSTK,ULTRACEMCO,29-Apr-2021,7200,PE,0,0,0,325,698.95,0,0,200,0,19-APR-2021,
OPTSTK,ULTRACEMCO,29-Apr-2021,7250,PE,0,0,0,1791.5,745.75,0,0,0,0,19-APR-2021,
OPTSTK,ULTRACEMCO,29-Apr-2021,7300,PE,0,0,0,1837.5,793.1,0,0,0,0,19-APR-2021,
OPTSTK,ULTRACEMCO,29-Apr-2021,7350,PE,0,0,0,1883.75,840.9,0,0,0,0,19-APR-2021,
OPTSTK,ULTRACEMCO,29-Apr-2021,7400,PE,0,0,0,1930.2,889.15,0,0,0,0,19-APR-2021,
OPTSTK,ULTRACEMCO,29-Apr-2021,7450,PE,0,0,0,1976.85,937.75,0,0,0,0,19-APR-2021,
OPTSTK,ULTRACEMCO,29-Apr-2021,7500,PE,0,0,0,1750.35,986.6,0,0,0,0,19-APR-2021,
OPTSTK,ULTRACEMCO,29-Apr-2021,7550,PE,0,0,0,1795.95,1035.65,0,0,0,0,19-APR-2021,
OPTSTK,ULTRACEMCO,29-Apr-2021,7600,PE,0,0,0,1841.75,1084.95,0,0,0,0,19-APR-2021,
OPTSTK,ULTRACEMCO,29-Apr-2021,7650,PE,0,0,0,1887.8,1134.35,0,0,0,0,19-APR-2021,
OPTSTK,ULTRACEMCO,29-Apr-2021,7700,PE,0,0,0,1934.05,1183.9,0,0,0,0,19-APR-2021,
OPTSTK,ULTRACEMCO,29-Apr-2021,7750,PE,0,0,0,1980.55,1233.55,0,0,0,0,19-APR-2021,
OPTSTK,ULTRACEMCO,29-Apr-2021,7800,PE,0,0,0,1697.15,1283.25,0,0,0,0,19-APR-2021,
OPTSTK,ULTRACEMCO,29-Apr-2021,7850,PE,0,0,0,1741.5,1333,0,0,0,0,19-APR-2021,
OPTSTK,ULTRACEMCO,29-Apr-2021,7900,PE,0,0,0,1786.2,1382.8,0,0,0,0,19-APR-2021,
OPTSTK,ULTRACEMCO,29-Apr-2021,7950,PE,0,0,0,1831.1,1432.65,0,0,0,0,19-APR-2021,
OPTSTK,ULTRACEMCO,29-Apr-2021,8000,PE,0,0,0,1876.3,1482.55,0,0,0,0,19-APR-2021,
OPTSTK,ULTRACEMCO,29-Apr-2021,8100,PE,0,0,0,1967.35,1582.35,0,0,0,0,19-APR-2021,
OPTSTK,ULTRACEMCO,29-Apr-2021,8200,PE,0,0,0,2008.75,1682.2,0,0,0,0,19-APR-2021,
OPTSTK,ULTRACEMCO,29-Apr-2021,8300,PE,0,0,0,1947.25,1782.05,0,0,0,0,19-APR-2021,
OPTSTK,ULTRACEMCO,29-Apr-2021,8400,PE,0,0,0,1976.1,1881.95,0,0,0,0,19-APR-2021,
OPTSTK,ULTRACEMCO,27-May-2021,4400,CE,0,0,0,2038.7,2127.25,0,0,0,0,19-APR-2021,
OPTSTK,ULTRACEMCO,27-May-2021,4450,CE,0,0,0,1991.4,2077.6,0,0,0,0,19-APR-2021,
OPTSTK,ULTRACEMCO,27-May-2021,4500,CE,0,0,0,1944.35,2027.9,0,0,0,0,19-APR-2021,
OPTSTK,ULTRACEMCO,27-May-2021,4550,CE,0,0,0,1897.55,1978.3,0,0,0,0,19-APR-2021,
OPTSTK,ULTRACEMCO,27-May-2021,4600,CE,0,0,0,1851.1,1928.75,0,0,0,0,19-APR-2021,
OPTSTK,ULTRACEMCO,27-May-2021,4650,CE,0,0,0,1804.95,1879.25,0,0,0,0,19-APR-2021,
OPTSTK,ULTRACEMCO,27-May-2021,4700,CE,0,0,0,1759.2,1829.85,0,0,0,0,19-APR-2021,
OPTSTK,ULTRACEMCO,27-May-2021,4750,CE,0,0,0,1713.75,1780.55,0,0,0,0,19-APR-2021,
OPTSTK,ULTRACEMCO,27-May-2021,4800,CE,0,0,0,1668.75,1731.35,0,0,0,0,19-APR-2021,
OPTSTK,ULTRACEMCO,27-May-2021,4850,CE,0,0,0,1624.15,1682.25,0,0,0,0,19-APR-2021,
OPTSTK,ULTRACEMCO,27-May-2021,4900,CE,0,0,0,1580,1633.35,0,0,0,0,19-APR-2021,
OPTSTK,ULTRACEMCO,27-May-2021,4950,CE,0,0,0,1536.3,1584.6,0,0,0,0,19-APR-2021,
OPTSTK,ULTRACEMCO,27-May-2021,5000,CE,0,0,0,1493.1,1536.05,0,0,0,0,19-APR-2021,
OPTSTK,ULTRACEMCO,27-May-2021,5050,CE,0,0,0,1450.4,1487.75,0,0,0,0,19-APR-2021,
OPTSTK,ULTRACEMCO,27-May-2021,5100,CE,0,0,0,1408.25,1439.7,0,0,0,0,19-APR-2021,
OPTSTK,ULTRACEMCO,27-May-2021,5150,CE,0,0,0,1366.6,1391.95,0,0,0,0,19-APR-2021,
OPTSTK,ULTRACEMCO,27-May-2021,5200,CE,0,0,0,1325.55,1344.55,0,0,0,0,19-APR-2021,
OPTSTK,ULTRACEMCO,27-May-2021,5250,CE,0,0,0,1285.1,1297.55,0,0,0,0,19-APR-2021,
OPTSTK,ULTRACEMCO,27-May-2021,5300,CE,0,0,0,1245.3,1250.95,0,0,0,0,19-APR-2021,
OPTSTK,ULTRACEMCO,27-May-2021,5350,CE,0,0,0,1206.1,1204.8,0,0,0,0,19-APR-2021,
OPTSTK,ULTRACEMCO,27-May-2021,5400,CE,0,0,0,1167.5,1159.2,0,0,0,0,19-APR-2021,
OPTSTK,ULTRACEMCO,27-May-2021,5450,CE,0,0,0,1129.65,1114.1,0,0,0,0,19-APR-2021,
OPTSTK,ULTRACEMCO,27-May-2021,5500,CE,0,0,0,1092.65,1069.6,0,0,0,0,19-APR-2021,
OPTSTK,ULTRACEMCO,27-May-2021,5550,CE,0,0,0,1056.1,1025.75,0,0,0,0,19-APR-2021,
OPTSTK,ULTRACEMCO,27-May-2021,5600,CE,0,0,0,1020.25,982.6,0,0,0,0,19-APR-2021,
OPTSTK,ULTRACEMCO,27-May-2021,5650,CE,0,0,0,985.1,940.2,0,0,0,0,19-APR-2021,
OPTSTK,ULTRACEMCO,27-May-2021,5700,CE,0,0,0,950.7,898.55,0,0,0,0,19-APR-2021,
OPTSTK,ULTRACEMCO,27-May-2021,5750,CE,0,0,0,916.8,857.7,0,0,0,0,19-APR-2021,
OPTSTK,ULTRACEMCO,27-May-2021,5800,CE,0,0,0,883.95,817.75,0,0,0,0,19-APR-2021,
OPTSTK,ULTRACEMCO,27-May-2021,5850,CE,0,0,0,851.85,778.7,0,0,0,0,19-APR-2021,
OPTSTK,ULTRACEMCO,27-May-2021,5900,CE,0,0,0,820.5,740.6,0,0,0,0,19-APR-2021,
OPTSTK,ULTRACEMCO,27-May-2021,5950,CE,0,0,0,789.9,703.7,0,0,0,0,19-APR-2021,
OPTSTK,ULTRACEMCO,27-May-2021,6000,CE,0,0,0,760.1,667.55,0,0,0,0,19-APR-2021,
OPTSTK,ULTRACEMCO,27-May-2021,6050,CE,0,0,0,731.05,632.2,0,0,0,0,19-APR-2021,
OPTSTK,ULTRACEMCO,27-May-2021,6100,CE,0,0,0,702.75,598.2,0,0,0,0,19-APR-2021,
OPTSTK,ULTRACEMCO,27-May-2021,6150,CE,0,0,0,675.25,565.3,0,0,0,0,19-APR-2021,
OPTSTK,ULTRACEMCO,27-May-2021,6200,CE,0,0,0,648.5,533.55,0,0,0,0,19-APR-2021,
OPTSTK,ULTRACEMCO,27-May-2021,6250,CE,0,0,0,622.5,502.9,0,0,0,0,19-APR-2021,
OPTSTK,ULTRACEMCO,27-May-2021,6300,CE,0,0,0,597.3,473.4,0,0,0,0,19-APR-2021,
OPTSTK,ULTRACEMCO,27-May-2021,6350,CE,0,0,0,572.8,445,0,0,0,0,19-APR-2021,
OPTSTK,ULTRACEMCO,27-May-2021,6400,CE,0,0,0,549.1,417.8,0,0,0,0,19-APR-2021,
OPTSTK,ULTRACEMCO,27-May-2021,6450,CE,0,0,0,526.1,391.75,0,0,0,0,19-APR-2021,
OPTSTK,ULTRACEMCO,27-May-2021,6500,CE,0,0,0,503.85,366.8,0,0,0,0,19-APR-2021,
OPTSTK,ULTRACEMCO,27-May-2021,6550,CE,0,0,0,482.3,343,0,0,0,0,19-APR-2021,
OPTSTK,ULTRACEMCO,27-May-2021,6600,CE,299.4,299.4,299.4,299.4,320.3,1,13.79,400,200,19-APR-2021,
OPTSTK,ULTRACEMCO,27-May-2021,6650,CE,0,0,0,441.4,298.75,0,0,0,0,19-APR-2021,
OPTSTK,ULTRACEMCO,27-May-2021,6700,CE,0,0,0,421.95,278.25,0,0,0,0,19-APR-2021,
OPTSTK,ULTRACEMCO,27-May-2021,6750,CE,0,0,0,403.2,258.85,0,0,0,0,19-APR-2021,
OPTSTK,ULTRACEMCO,27-May-2021,6800,CE,0,0,0,385.15,240.45,0,0,0,0,19-APR-2021,
OPTSTK,ULTRACEMCO,27-May-2021,6850,CE,0,0,0,367.7,223.1,0,0,0,0,19-APR-2021,
OPTSTK,ULTRACEMCO,27-May-2021,6900,CE,0,0,0,118,206.75,0,0,200,0,19-APR-2021,
OPTSTK,ULTRACEMCO,27-May-2021,6950,CE,0,0,0,334.8,191.3,0,0,0,0,19-APR-2021,
OPTSTK,ULTRACEMCO,27-May-2021,7000,CE,116,116,116,116,176.8,1,14.23,600,0,19-APR-2021,
OPTSTK,ULTRACEMCO,27-May-2021,7050,CE,0,0,0,304.3,163.2,0,0,0,0,19-APR-2021,
OPTSTK,ULTRACEMCO,27-May-2021,7100,CE,0,0,0,115.4,150.8,0,0,200,0,19-APR-2021,
OPTSTK,ULTRACEMCO,27-May-2021,7150,CE,0,0,0,276.1,138.9,0,0,0,0,19-APR-2021,
OPTSTK,ULTRACEMCO,27-May-2021,7200,CE,0,0,0,262.9,127.85,0,0,0,0,19-APR-2021,
OPTSTK,ULTRACEMCO,27-May-2021,7250,CE,0,0,0,250.5,117.2,0,0,0,0,19-APR-2021,
OPTSTK,ULTRACEMCO,27-May-2021,7300,CE,0,0,0,238.35,107.55,0,0,0,0,19-APR-2021,
OPTSTK,ULTRACEMCO,27-May-2021,7350,CE,0,0,0,226.7,98.55,0,0,0,0,19-APR-2021,
OPTSTK,ULTRACEMCO,27-May-2021,7400,CE,0,0,0,215.55,90.2,0,0,0,0,19-APR-2021,
OPTSTK,ULTRACEMCO,27-May-2021,7450,CE,0,0,0,204.9,82.5,0,0,0,0,19-APR-2021,
OPTSTK,ULTRACEMCO,27-May-2021,7500,CE,92.1,92.1,92.1,92.1,75.35,1,15.18,200,0,19-APR-2021,
OPTSTK,ULTRACEMCO,27-May-2021,7550,CE,0,0,0,184.9,68.7,0,0,0,0,19-APR-2021,
OPTSTK,ULTRACEMCO,27-May-2021,7600,CE,0,0,0,175.3,62.6,0,0,0,0,19-APR-2021,
OPTSTK,ULTRACEMCO,27-May-2021,7650,CE,0,0,0,166.35,56.95,0,0,0,0,19-APR-2021,
OPTSTK,ULTRACEMCO,27-May-2021,7700,CE,0,0,0,157.85,51.8,0,0,0,0,19-APR-2021,
OPTSTK,ULTRACEMCO,27-May-2021,7750,CE,0,0,0,149.7,47,0,0,0,0,19-APR-2021,
OPTSTK,ULTRACEMCO,27-May-2021,7800,CE,0,0,0,141.9,42.65,0,0,0,0,19-APR-2021,
OPTSTK,ULTRACEMCO,27-May-2021,7850,CE,0,0,0,134.5,38.65,0,0,0,0,19-APR-2021,
OPTSTK,ULTRACEMCO,27-May-2021,7900,CE,0,0,0,127.4,35,0,0,0,0,19-APR-2021,
OPTSTK,ULTRACEMCO,27-May-2021,7950,CE,0,0,0,120.7,31.6,0,0,0,0,19-APR-2021,
OPTSTK,ULTRACEMCO,27-May-2021,8000,CE,0,0,0,114.25,28.55,0,0,0,0,19-APR-2021,
OPTSTK,ULTRACEMCO,27-May-2021,8100,CE,0,0,0,102.35,23.2,0,0,0,0,19-APR-2021,
OPTSTK,ULTRACEMCO,27-May-2021,8200,CE,0,0,0,91.55,18.8,0,0,0,0,19-APR-2021,
OPTSTK,ULTRACEMCO,27-May-2021,8300,CE,0,0,0,81.8,15.2,0,0,0,0,19-APR-2021,
OPTSTK,ULTRACEMCO,27-May-2021,8400,CE,0,0,0,73,12.2,0,0,0,0,19-APR-2021,
OPTSTK,ULTRACEMCO,27-May-2021,4400,PE,0,0,0,14.45,0.35,0,0,0,0,19-APR-2021,
OPTSTK,ULTRACEMCO,27-May-2021,4450,PE,0,0,0,16.7,0.5,0,0,0,0,19-APR-2021,
OPTSTK,ULTRACEMCO,27-May-2021,4500,PE,0,0,0,19.15,0.65,0,0,0,0,19-APR-2021,
OPTSTK,ULTRACEMCO,27-May-2021,4550,PE,0,0,0,21.95,0.85,0,0,0,0,19-APR-2021,
OPTSTK,ULTRACEMCO,27-May-2021,4600,PE,0,0,0,25,1.1,0,0,0,0,19-APR-2021,
OPTSTK,ULTRACEMCO,27-May-2021,4650,PE,0,0,0,28.4,1.4,0,0,0,0,19-APR-2021,
OPTSTK,ULTRACEMCO,27-May-2021,4700,PE,0,0,0,32.15,1.8,0,0,0,0,19-APR-2021,
OPTSTK,ULTRACEMCO,27-May-2021,4750,PE,0,0,0,36.25,2.3,0,0,0,0,19-APR-2021,
OPTSTK,ULTRACEMCO,27-May-2021,4800,PE,0,0,0,40.75,2.9,0,0,0,0,19-APR-2021,
OPTSTK,ULTRACEMCO,27-May-2021,4850,PE,0,0,0,45.7,3.6,0,0,0,0,19-APR-2021,
OPTSTK,ULTRACEMCO,27-May-2021,4900,PE,0,0,0,51.1,4.5,0,0,0,0,19-APR-2021,
OPTSTK,ULTRACEMCO,27-May-2021,4950,PE,0,0,0,56.95,5.55,0,0,0,0,19-APR-2021,
OPTSTK,ULTRACEMCO,27-May-2021,5000,PE,0,0,0,63.25,6.8,0,0,0,0,19-APR-2021,
OPTSTK,ULTRACEMCO,27-May-2021,5050,PE,0,0,0,70.1,8.3,0,0,0,0,19-APR-2021,
OPTSTK,ULTRACEMCO,27-May-2021,5100,PE,0,0,0,77.45,10.1,0,0,0,0,19-APR-2021,
OPTSTK,ULTRACEMCO,27-May-2021,5150,PE,0,0,0,85.4,12.15,0,0,0,0,19-APR-2021,
OPTSTK,ULTRACEMCO,27-May-2021,5200,PE,0,0,0,93.9,14.55,0,0,0,0,19-APR-2021,
OPTSTK,ULTRACEMCO,27-May-2021,5250,PE,0,0,0,102.95,17.35,0,0,0,0,19-APR-2021,
OPTSTK,ULTRACEMCO,27-May-2021,5300,PE,0,0,0,112.65,20.55,0,0,0,0,19-APR-2021,
OPTSTK,ULTRACEMCO,27-May-2021,5350,PE,0,0,0,123,24.2,0,0,0,0,19-APR-2021,
OPTSTK,ULTRACEMCO,27-May-2021,5400,PE,0,0,0,133.95,28.4,0,0,0,0,19-APR-2021,
OPTSTK,ULTRACEMCO,27-May-2021,5450,PE,0,0,0,145.6,33.1,0,0,0,0,19-APR-2021,
OPTSTK,ULTRACEMCO,27-May-2021,5500,PE,0,0,0,158.15,38.45,0,0,0,0,19-APR-2021,
OPTSTK,ULTRACEMCO,27-May-2021,5550,PE,0,0,0,171.15,44.4,0,0,0,0,19-APR-2021,
OPTSTK,ULTRACEMCO,27-May-2021,5600,PE,0,0,0,184.8,51.05,0,0,0,0,19-APR-2021,
OPTSTK,ULTRACEMCO,27-May-2021,5650,PE,0,0,0,199.25,58.4,0,0,0,0,19-APR-2021,
OPTSTK,ULTRACEMCO,27-May-2021,5700,PE,0,0,0,214.35,66.6,0,0,0,0,19-APR-2021,
OPTSTK,ULTRACEMCO,27-May-2021,5750,PE,0,0,0,230,75.55,0,0,0,0,19-APR-2021,
OPTSTK,ULTRACEMCO,27-May-2021,5800,PE,0,0,0,246.65,85.4,0,0,0,0,19-APR-2021,
OPTSTK,ULTRACEMCO,27-May-2021,5850,PE,0,0,0,264.1,96.15,0,0,0,0,19-APR-2021,
OPTSTK,ULTRACEMCO,27-May-2021,5900,PE,0,0,0,282.3,107.85,0,0,0,0,19-APR-2021,
OPTSTK,ULTRACEMCO,27-May-2021,5950,PE,0,0,0,301.25,120.75,0,0,0,0,19-APR-2021,
OPTSTK,ULTRACEMCO,27-May-2021,6000,PE,0,0,0,320.95,134.4,0,0,0,0,19-APR-2021,
OPTSTK,ULTRACEMCO,27-May-2021,6050,PE,0,0,0,341.45,148.85,0,0,0,0,19-APR-2021,
OPTSTK,ULTRACEMCO,27-May-2021,6100,PE,0,0,0,362.7,164.7,0,0,0,0,19-APR-2021,
OPTSTK,ULTRACEMCO,27-May-2021,6150,PE,0,0,0,384.7,181.6,0,0,0,0,19-APR-2021,
OPTSTK,ULTRACEMCO,27-May-2021,6200,PE,0,0,0,407.5,199.65,0,0,0,0,19-APR-2021,
OPTSTK,ULTRACEMCO,27-May-2021,6250,PE,0,0,0,431.05,218.8,0,0,0,0,19-APR-2021,
OPTSTK,ULTRACEMCO,27-May-2021,6300,PE,0,0,0,455.4,239.1,0,0,0,0,19-APR-2021,
OPTSTK,ULTRACEMCO,27-May-2021,6350,PE,0,0,0,480.4,260.55,0,0,0,0,19-APR-2021,
OPTSTK,ULTRACEMCO,27-May-2021,6400,PE,0,0,0,180,283.1,0,0,200,0,19-APR-2021,
OPTSTK,ULTRACEMCO,27-May-2021,6450,PE,0,0,0,532.8,306.85,0,0,0,0,19-APR-2021,
OPTSTK,ULTRACEMCO,27-May-2021,6500,PE,248.7,248.7,248.7,248.7,248.7,1,13.49,200,200,19-APR-2021,
OPTSTK,ULTRACEMCO,27-May-2021,6550,PE,0,0,0,588.05,357.7,0,0,0,0,19-APR-2021,
OPTSTK,ULTRACEMCO,27-May-2021,6600,PE,0,0,0,616.8,384.85,0,0,0,0,19-APR-2021,
OPTSTK,ULTRACEMCO,27-May-2021,6650,PE,0,0,0,646.2,413.1,0,0,0,0,19-APR-2021,
OPTSTK,ULTRACEMCO,27-May-2021,6700,PE,0,0,0,676.3,442.4,0,0,0,0,19-APR-2021,
OPTSTK,ULTRACEMCO,27-May-2021,6750,PE,0,0,0,707.1,472.8,0,0,0,0,19-APR-2021,
OPTSTK,ULTRACEMCO,27-May-2021,6800,PE,0,0,0,738.55,504.25,0,0,0,0,19-APR-2021,
OPTSTK,ULTRACEMCO,27-May-2021,6850,PE,0,0,0,770.7,536.65,0,0,0,0,19-APR-2021,
OPTSTK,ULTRACEMCO,27-May-2021,6900,PE,0,0,0,803.45,570.1,0,0,0,0,19-APR-2021,
OPTSTK,ULTRACEMCO,27-May-2021,6950,PE,0,0,0,836.8,604.5,0,0,0,0,19-APR-2021,
OPTSTK,ULTRACEMCO,27-May-2021,7000,PE,0,0,0,870.8,639.8,0,0,0,0,19-APR-2021,
OPTSTK,ULTRACEMCO,27-May-2021,7050,PE,0,0,0,905.4,676,0,0,0,0,19-APR-2021,
OPTSTK,ULTRACEMCO,27-May-2021,7100,PE,0,0,0,940.55,713.35,0,0,0,0,19-APR-2021,
OPTSTK,ULTRACEMCO,27-May-2021,7150,PE,0,0,0,976.3,751.3,0,0,0,0,19-APR-2021,
OPTSTK,ULTRACEMCO,27-May-2021,7200,PE,0,0,0,1012.6,790.05,0,0,0,0,19-APR-2021,
OPTSTK,ULTRACEMCO,27-May-2021,7250,PE,0,0,0,1049.7,829.2,0,0,0,0,19-APR-2021,
OPTSTK,ULTRACEMCO,27-May-2021,7300,PE,0,0,0,1087.1,869.35,0,0,0,0,19-APR-2021,
OPTSTK,ULTRACEMCO,27-May-2021,7350,PE,0,0,0,1125,910.15,0,0,0,0,19-APR-2021,
OPTSTK,ULTRACEMCO,27-May-2021,7400,PE,0,0,0,1163.4,951.65,0,0,0,0,19-APR-2021,
OPTSTK,ULTRACEMCO,27-May-2021,7450,PE,0,0,0,1202.25,993.7,0,0,0,0,19-APR-2021,
OPTSTK,ULTRACEMCO,27-May-2021,7500,PE,0,0,0,1241.6,1036.35,0,0,0,0,19-APR-2021,
OPTSTK,ULTRACEMCO,27-May-2021,7550,PE,0,0,0,1281.35,1079.55,0,0,0,0,19-APR-2021,
OPTSTK,ULTRACEMCO,27-May-2021,7600,PE,0,0,0,1321.3,1123.25,0,0,0,0,19-APR-2021,
OPTSTK,ULTRACEMCO,27-May-2021,7650,PE,0,0,0,1361.9,1167.4,0,0,0,0,19-APR-2021,
OPTSTK,ULTRACEMCO,27-May-2021,7700,PE,0,0,0,1402.9,1212.05,0,0,0,0,19-APR-2021,
OPTSTK,ULTRACEMCO,27-May-2021,7750,PE,0,0,0,1444.25,1257.1,0,0,0,0,19-APR-2021,
OPTSTK,ULTRACEMCO,27-May-2021,7800,PE,0,0,0,1486,1302.5,0,0,0,0,19-APR-2021,
OPTSTK,ULTRACEMCO,27-May-2021,7850,PE,0,0,0,1528.15,1348.3,0,0,0,0,19-APR-2021,
OPTSTK,ULTRACEMCO,27-May-2021,7900,PE,0,0,0,1570.6,1394.45,0,0,0,0,19-APR-2021,
OPTSTK,ULTRACEMCO,27-May-2021,7950,PE,0,0,0,1613.4,1440.9,0,0,0,0,19-APR-2021,
OPTSTK,ULTRACEMCO,27-May-2021,8000,PE,0,0,0,1656.5,1487.65,0,0,0,0,19-APR-2021,
OPTSTK,ULTRACEMCO,27-May-2021,8100,PE,0,0,0,1743.65,1581.9,0,0,0,0,19-APR-2021,
OPTSTK,ULTRACEMCO,27-May-2021,8200,PE,0,0,0,1831.95,1677.1,0,0,0,0,19-APR-2021,
OPTSTK,ULTRACEMCO,27-May-2021,8300,PE,0,0,0,1921.25,1773.1,0,0,0,0,19-APR-2021,
OPTSTK,ULTRACEMCO,27-May-2021,8400,PE,0,0,0,2011.5,1869.7,0,0,0,0,19-APR-2021,
OPTSTK,ULTRACEMCO,24-Jun-2021,4400,CE,0,0,0,2316,2143.6,0,0,0,0,19-APR-2021,
OPTSTK,ULTRACEMCO,24-Jun-2021,4500,CE,0,0,0,2219.95,2046.1,0,0,0,0,19-APR-2021,
OPTSTK,ULTRACEMCO,24-Jun-2021,4600,CE,0,0,0,2124.65,1949.25,0,0,0,0,19-APR-2021,
OPTSTK,ULTRACEMCO,24-Jun-2021,4700,CE,0,0,0,2030.3,1853.2,0,0,0,0,19-APR-2021,
OPTSTK,ULTRACEMCO,24-Jun-2021,4800,CE,0,0,0,1937.05,1758.15,0,0,0,0,19-APR-2021,
OPTSTK,ULTRACEMCO,24-Jun-2021,4900,CE,0,0,0,1845.05,1664.25,0,0,0,0,19-APR-2021,
OPTSTK,ULTRACEMCO,24-Jun-2021,5000,CE,0,0,0,1754.45,1571.7,0,0,0,0,19-APR-2021,
OPTSTK,ULTRACEMCO,24-Jun-2021,5100,CE,0,0,0,1665.45,1480.75,0,0,0,0,19-APR-2021,
OPTSTK,ULTRACEMCO,24-Jun-2021,5200,CE,0,0,0,1578.2,1391.65,0,0,0,0,19-APR-2021,
OPTSTK,ULTRACEMCO,24-Jun-2021,5300,CE,0,0,0,1492.85,1304.6,0,0,0,0,19-APR-2021,
OPTSTK,ULTRACEMCO,24-Jun-2021,5400,CE,0,0,0,1409.6,1219.8,0,0,0,0,19-APR-2021,
OPTSTK,ULTRACEMCO,24-Jun-2021,5500,CE,0,0,0,1328.55,1137.5,0,0,0,0,19-APR-2021,
OPTSTK,ULTRACEMCO,24-Jun-2021,5600,CE,0,0,0,1249.85,1057.9,0,0,0,0,19-APR-2021,
OPTSTK,ULTRACEMCO,24-Jun-2021,5700,CE,0,0,0,1173.7,981.2,0,0,0,0,19-APR-2021,
OPTSTK,ULTRACEMCO,24-Jun-2021,5800,CE,0,0,0,1100.3,907.75,0,0,0,0,19-APR-2021,
OPTSTK,ULTRACEMCO,24-Jun-2021,5900,CE,0,0,0,1029.4,837.2,0,0,0,0,19-APR-2021,
OPTSTK,ULTRACEMCO,24-Jun-2021,6000,CE,0,0,0,961,769.85,0,0,0,0,19-APR-2021,
OPTSTK,ULTRACEMCO,24-Jun-2021,6100,CE,0,0,0,895.8,706.15,0,0,0,0,19-APR-2021,
OPTSTK,ULTRACEMCO,24-Jun-2021,6200,CE,0,0,0,833.55,645.95,0,0,0,0,19-APR-2021,
OPTSTK,ULTRACEMCO,24-Jun-2021,6300,CE,0,0,0,774.2,589.25,0,0,0,0,19-APR-2021,
OPTSTK,ULTRACEMCO,24-Jun-2021,6400,CE,0,0,0,717.8,536.1,0,0,0,0,19-APR-2021,
OPTSTK,ULTRACEMCO,24-Jun-2021,6500,CE,0,0,0,664.35,486.35,0,0,0,0,19-APR-2021,
OPTSTK,ULTRACEMCO,24-Jun-2021,6600,CE,0,0,0,613.8,440.05,0,0,0,0,19-APR-2021,
OPTSTK,ULTRACEMCO,24-Jun-2021,6700,CE,0,0,0,566.1,397.1,0,0,0,0,19-APR-2021,
OPTSTK,ULTRACEMCO,24-Jun-2021,6800,CE,0,0,0,521.25,357.45,0,0,0,0,19-APR-2021,
OPTSTK,ULTRACEMCO,24-Jun-2021,6900,CE,0,0,0,479.2,320.9,0,0,0,0,19-APR-2021,
OPTSTK,ULTRACEMCO,24-Jun-2021,7000,CE,0,0,0,439.75,287.35,0,0,0,0,19-APR-2021,
OPTSTK,ULTRACEMCO,24-Jun-2021,7100,CE,0,0,0,402.95,256.65,0,0,0,0,19-APR-2021,
OPTSTK,ULTRACEMCO,24-Jun-2021,7200,CE,0,0,0,368.65,228.7,0,0,0,0,19-APR-2021,
OPTSTK,ULTRACEMCO,24-Jun-2021,7300,CE,0,0,0,336.75,203.65,0,0,0,0,19-APR-2021,
OPTSTK,ULTRACEMCO,24-Jun-2021,7400,CE,0,0,0,307.15,180.75,0,0,0,0,19-APR-2021,
OPTSTK,ULTRACEMCO,24-Jun-2021,7500,CE,0,0,0,279.75,159.8,0,0,0,0,19-APR-2021,
OPTSTK,ULTRACEMCO,24-Jun-2021,7600,CE,0,0,0,254.75,141.1,0,0,0,0,19-APR-2021,
OPTSTK,ULTRACEMCO,24-Jun-2021,7700,CE,0,0,0,231.45,124.35,0,0,0,0,19-APR-2021,
OPTSTK,ULTRACEMCO,24-Jun-2021,7800,CE,0,0,0,210.05,109.35,0,0,0,0,19-APR-2021,
OPTSTK,ULTRACEMCO,24-Jun-2021,7900,CE,0,0,0,190.1,95.95,0,0,0,0,19-APR-2021,
OPTSTK,ULTRACEMCO,24-Jun-2021,8000,CE,0,0,0,172,84.05,0,0,0,0,19-APR-2021,
OPTSTK,ULTRACEMCO,24-Jun-2021,8100,CE,0,0,0,155.45,73.45,0,0,0,0,19-APR-2021,
OPTSTK,ULTRACEMCO,24-Jun-2021,8200,CE,0,0,0,140.3,64.05,0,0,0,0,19-APR-2021,
OPTSTK,ULTRACEMCO,24-Jun-2021,8300,CE,0,0,0,126.45,55.8,0,0,0,0,19-APR-2021,
OPTSTK,ULTRACEMCO,24-Jun-2021,8400,CE,0,0,0,113.9,48.5,0,0,0,0,19-APR-2021,
OPTSTK,ULTRACEMCO,24-Jun-2021,4400,PE,0,0,0,8.55,4.15,0,0,0,0,19-APR-2021,
OPTSTK,ULTRACEMCO,24-Jun-2021,4500,PE,0,0,0,11.55,5.95,0,0,0,0,19-APR-2021,
OPTSTK,ULTRACEMCO,24-Jun-2021,4600,PE,0,0,0,15.35,8.45,0,0,0,0,19-APR-2021,
OPTSTK,ULTRACEMCO,24-Jun-2021,4700,PE,0,0,0,20.05,11.7,0,0,0,0,19-APR-2021,
OPTSTK,ULTRACEMCO,24-Jun-2021,4800,PE,0,0,0,25.85,15.95,0,0,0,0,19-APR-2021,
OPTSTK,ULTRACEMCO,24-Jun-2021,4900,PE,0,0,0,32.95,21.35,0,0,0,0,19-APR-2021,
OPTSTK,ULTRACEMCO,24-Jun-2021,5000,PE,0,0,0,41.4,28.15,0,0,0,0,19-APR-2021,
OPTSTK,ULTRACEMCO,24-Jun-2021,5100,PE,0,0,0,51.5,36.55,0,0,0,0,19-APR-2021,
OPTSTK,ULTRACEMCO,24-Jun-2021,5200,PE,0,0,0,63.3,46.75,0,0,0,0,19-APR-2021,
OPTSTK,ULTRACEMCO,24-Jun-2021,5300,PE,0,0,0,77,59,0,0,0,0,19-APR-2021,
OPTSTK,ULTRACEMCO,24-Jun-2021,5400,PE,0,0,0,92.8,73.55,0,0,0,0,19-APR-2021,
OPTSTK,ULTRACEMCO,24-Jun-2021,5500,PE,0,0,0,110.85,90.6,0,0,0,0,19-APR-2021,
OPTSTK,ULTRACEMCO,24-Jun-2021,5600,PE,0,0,0,131.25,110.3,0,0,0,0,19-APR-2021,
OPTSTK,ULTRACEMCO,24-Jun-2021,5700,PE,0,0,0,154.15,132.95,0,0,0,0,19-APR-2021,
OPTSTK,ULTRACEMCO,24-Jun-2021,5800,PE,0,0,0,179.85,158.8,0,0,0,0,19-APR-2021,
OPTSTK,ULTRACEMCO,24-Jun-2021,5900,PE,0,0,0,207.95,187.6,0,0,0,0,19-APR-2021,
OPTSTK,ULTRACEMCO,24-Jun-2021,6000,PE,0,0,0,238.65,219.55,0,0,0,0,19-APR-2021,
OPTSTK,ULTRACEMCO,24-Jun-2021,6100,PE,0,0,0,272.55,255.2,0,0,0,0,19-APR-2021,
OPTSTK,ULTRACEMCO,24-Jun-2021,6200,PE,0,0,0,309.35,294.3,0,0,0,0,19-APR-2021,
OPTSTK,ULTRACEMCO,24-Jun-2021,6300,PE,0,0,0,349.05,336.95,0,0,0,0,19-APR-2021,
OPTSTK,ULTRACEMCO,24-Jun-2021,6400,PE,0,0,0,391.75,383.05,0,0,0,0,19-APR-2021,
OPTSTK,ULTRACEMCO,24-Jun-2021,6500,PE,0,0,0,437.35,432.65,0,0,0,0,19-APR-2021,
OPTSTK,ULTRACEMCO,24-Jun-2021,6600,PE,0,0,0,485.85,485.7,0,0,0,0,19-APR-2021,
OPTSTK,ULTRACEMCO,24-Jun-2021,6700,PE,0,0,0,537.25,542.1,0,0,0,0,19-APR-2021,
OPTSTK,ULTRACEMCO,24-Jun-2021,6800,PE,0,0,0,591.5,601.75,0,0,0,0,19-APR-2021,
OPTSTK,ULTRACEMCO,24-Jun-2021,6900,PE,0,0,0,648.45,664.5,0,0,0,0,19-APR-2021,
OPTSTK,ULTRACEMCO,24-Jun-2021,7000,PE,0,0,0,708.15,730.3,0,0,0,0,19-APR-2021,
OPTSTK,ULTRACEMCO,24-Jun-2021,7100,PE,0,0,0,770.4,798.95,0,0,0,0,19-APR-2021,
OPTSTK,ULTRACEMCO,24-Jun-2021,7200,PE,0,0,0,835.15,870.3,0,0,0,0,19-APR-2021,
OPTSTK,ULTRACEMCO,24-Jun-2021,7300,PE,0,0,0,902.3,944.55,0,0,0,0,19-APR-2021,
OPTSTK,ULTRACEMCO,24-Jun-2021,7400,PE,0,0,0,971.8,1020.95,0,0,0,0,19-APR-2021,
OPTSTK,ULTRACEMCO,24-Jun-2021,7500,PE,0,0,0,1043.45,1099.35,0,0,0,0,19-APR-2021,
OPTSTK,ULTRACEMCO,24-Jun-2021,7600,PE,0,0,0,1117.55,1180,0,0,0,0,19-APR-2021,
OPTSTK,ULTRACEMCO,24-Jun-2021,7700,PE,0,0,0,1193.3,1262.55,0,0,0,0,19-APR-2021,
OPTSTK,ULTRACEMCO,24-Jun-2021,7800,PE,0,0,0,1270.95,1346.9,0,0,0,0,19-APR-2021,
OPTSTK,ULTRACEMCO,24-Jun-2021,7900,PE,0,0,0,1350.1,1432.8,0,0,0,0,19-APR-2021,
OPTSTK,ULTRACEMCO,24-Jun-2021,8000,PE,0,0,0,1431.05,1520.2,0,0,0,0,19-APR-2021,
OPTSTK,ULTRACEMCO,24-Jun-2021,8100,PE,0,0,0,1513.55,1608.95,0,0,0,0,19-APR-2021,
OPTSTK,ULTRACEMCO,24-Jun-2021,8200,PE,0,0,0,1597.5,1698.9,0,0,0,0,19-APR-2021,
OPTSTK,ULTRACEMCO,24-Jun-2021,8300,PE,0,0,0,1682.75,1789.95,0,0,0,0,19-APR-2021,
OPTSTK,ULTRACEMCO,24-Jun-2021,8400,PE,0,0,0,1769.2,1881.95,0,0,0,0,19-APR-2021,
OPTSTK,UPL,29-Apr-2021,390,CE,0,0,0,184.7,207.85,0,0,0,0,19-APR-2021,
OPTSTK,UPL,29-Apr-2021,400,CE,0,0,0,176,197.85,0,0,0,0,19-APR-2021,
OPTSTK,UPL,29-Apr-2021,410,CE,0,0,0,167.55,187.9,0,0,0,0,19-APR-2021,
OPTSTK,UPL,29-Apr-2021,420,CE,0,0,0,159.25,177.9,0,0,0,0,19-APR-2021,
OPTSTK,UPL,29-Apr-2021,430,CE,0,0,0,151.2,167.9,0,0,0,0,19-APR-2021,
OPTSTK,UPL,29-Apr-2021,440,CE,0,0,0,143.35,157.9,0,0,0,0,19-APR-2021,
OPTSTK,UPL,29-Apr-2021,450,CE,0,0,0,135.75,147.95,0,0,0,0,19-APR-2021,
OPTSTK,UPL,29-Apr-2021,460,CE,0,0,0,128.4,137.95,0,0,0,0,19-APR-2021,
OPTSTK,UPL,29-Apr-2021,470,CE,0,0,0,121.3,128,0,0,0,0,19-APR-2021,
OPTSTK,UPL,29-Apr-2021,480,CE,0,0,0,114.45,118.1,0,0,0,0,19-APR-2021,
OPTSTK,UPL,29-Apr-2021,490,CE,0,0,0,107.85,108.3,0,0,0,0,19-APR-2021,
OPTSTK,UPL,29-Apr-2021,500,CE,0,0,0,110.5,98.55,0,0,1300,0,19-APR-2021,
OPTSTK,UPL,29-Apr-2021,510,CE,0,0,0,95.4,88.95,0,0,0,0,19-APR-2021,
OPTSTK,UPL,29-Apr-2021,520,CE,0,0,0,89.6,79.6,0,0,0,0,19-APR-2021,
OPTSTK,UPL,29-Apr-2021,530,CE,0,0,0,84.05,70.5,0,0,0,0,19-APR-2021,
OPTSTK,UPL,29-Apr-2021,540,CE,0,0,0,61.15,61.8,0,0,1300,0,19-APR-2021,
OPTSTK,UPL,29-Apr-2021,550,CE,54,55.8,52,55.8,53.6,3,23.55,7800,0,19-APR-2021,
OPTSTK,UPL,29-Apr-2021,560,CE,0,0,0,72.65,45.9,0,0,1300,0,19-APR-2021,
OPTSTK,UPL,29-Apr-2021,570,CE,38.3,38.3,38.3,38.3,38.75,1,7.9,2600,-1300,19-APR-2021,
OPTSTK,UPL,29-Apr-2021,580,CE,30,30,28.3,28.3,32.35,2,15.83,10400,0,19-APR-2021,
OPTSTK,UPL,29-Apr-2021,590,CE,20,26.25,19,22.3,22.3,51,406.62,39000,3900,19-APR-2021,
OPTSTK,UPL,29-Apr-2021,600,CE,17.15,21.25,11.7,17.35,17.35,1368,11001.72,686400,226200,19-APR-2021,
OPTSTK,UPL,29-Apr-2021,610,CE,11.35,16.1,10.8,13,13,690,5594.11,351000,28600,19-APR-2021,
OPTSTK,UPL,29-Apr-2021,620,CE,11,12,8.1,9.75,9.75,1304,10683.86,799500,-52000,19-APR-2021,
OPTSTK,UPL,29-Apr-2021,630,CE,6.3,9.4,6.1,7.1,7.1,697,5776.73,403000,36400,19-APR-2021,
OPTSTK,UPL,29-Apr-2021,640,CE,4.5,7.95,4.5,5.15,5.15,490,4111.81,471900,7800,19-APR-2021,
OPTSTK,UPL,29-Apr-2021,650,CE,3.15,4.95,3.1,3.95,3.95,697,5927,642200,31200,19-APR-2021,
OPTSTK,UPL,29-Apr-2021,660,CE,4,4,2.7,3,3,387,3336.26,419900,-37700,19-APR-2021,
OPTSTK,UPL,29-Apr-2021,670,CE,0.7,6.3,0.7,2.35,2.35,395,3453.11,312000,-2600,19-APR-2021,
OPTSTK,UPL,29-Apr-2021,680,CE,2.2,2.25,1.75,1.95,1.95,394,3493.01,488800,19500,19-APR-2021,
OPTSTK,UPL,29-Apr-2021,690,CE,1.9,2.2,1.45,1.65,1.65,176,1582.47,204100,-35100,19-APR-2021,
OPTSTK,UPL,29-Apr-2021,700,CE,1.35,2.1,1.15,1.35,1.35,363,3309.88,898300,-29900,19-APR-2021,
OPTSTK,UPL,29-Apr-2021,710,CE,0.9,1.9,0.9,1.15,1.15,30,277.38,104000,-14300,19-APR-2021,
OPTSTK,UPL,29-Apr-2021,720,CE,1.2,1.2,0.55,0.75,0.75,80,749.61,232700,-7800,19-APR-2021,
OPTSTK,UPL,29-Apr-2021,730,CE,0.9,0.9,0.4,0.45,0.45,30,284.95,135200,-9100,19-APR-2021,
OPTSTK,UPL,29-Apr-2021,740,CE,0.6,0.65,0.4,0.45,0.45,45,433.2,93600,-24700,19-APR-2021,
OPTSTK,UPL,29-Apr-2021,750,CE,0.7,0.75,0.45,0.5,0.5,20,195.13,128700,-3900,19-APR-2021,
OPTSTK,UPL,29-Apr-2021,760,CE,0.6,0.6,0.3,0.4,0.4,11,108.73,67600,-10400,19-APR-2021,
OPTSTK,UPL,29-Apr-2021,770,CE,0.5,0.5,0.25,0.25,0.25,7,70.1,75400,-7800,19-APR-2021,
OPTSTK,UPL,29-Apr-2021,780,CE,0.6,0.6,0.4,0.4,0.4,8,81.17,74100,2600,19-APR-2021,
OPTSTK,UPL,29-Apr-2021,790,CE,0,0,0,10.9,0.05,0,0,0,0,19-APR-2021,
OPTSTK,UPL,29-Apr-2021,390,PE,0,0,0,5.6,0,0,0,0,0,19-APR-2021,
OPTSTK,UPL,29-Apr-2021,400,PE,0,0,0,0.6,0,0,0,0,0,19-APR-2021,
OPTSTK,UPL,29-Apr-2021,410,PE,0,0,0,8.3,0,0,0,0,0,19-APR-2021,
OPTSTK,UPL,29-Apr-2021,420,PE,0,0,0,9.95,0,0,0,0,0,19-APR-2021,
OPTSTK,UPL,29-Apr-2021,430,PE,0,0,0,11.8,0,0,0,0,0,19-APR-2021,
OPTSTK,UPL,29-Apr-2021,440,PE,0,0,0,13.85,0.05,0,0,0,0,19-APR-2021,
OPTSTK,UPL,29-Apr-2021,450,PE,0,0,0,0.15,0.05,0,0,1300,0,19-APR-2021,
OPTSTK,UPL,29-Apr-2021,460,PE,0,0,0,0.8,0.05,0,0,1300,0,19-APR-2021,
OPTSTK,UPL,29-Apr-2021,470,PE,0,0,0,21.5,0.1,0,0,0,0,19-APR-2021,
OPTSTK,UPL,29-Apr-2021,480,PE,1.35,1.4,1.35,1.4,0.2,3,18.77,23400,-2600,19-APR-2021,
OPTSTK,UPL,29-Apr-2021,490,PE,0,0,0,27.85,0.35,0,0,0,0,19-APR-2021,
OPTSTK,UPL,29-Apr-2021,500,PE,1.55,1.85,1.3,1.4,1.4,48,312.96,114400,-6500,19-APR-2021,
OPTSTK,UPL,29-Apr-2021,510,PE,1.9,2.05,1.45,1.45,1.45,21,139.74,45500,2600,19-APR-2021,
OPTSTK,UPL,29-Apr-2021,520,PE,4.35,4.35,1.9,2.1,2.1,155,1052.43,124800,20800,19-APR-2021,
OPTSTK,UPL,29-Apr-2021,530,PE,2.6,3.45,2.5,2.7,2.7,308,2133.95,141700,16900,19-APR-2021,
OPTSTK,UPL,29-Apr-2021,540,PE,3.45,4.65,3.35,3.55,3.55,274,1937.29,124800,24700,19-APR-2021,
OPTSTK,UPL,29-Apr-2021,550,PE,4.75,6.2,4.35,4.75,4.75,330,2381.55,211900,22100,19-APR-2021,
OPTSTK,UPL,29-Apr-2021,560,PE,8,8.05,5.8,6.35,6.35,268,1974.99,245700,-3900,19-APR-2021,
OPTSTK,UPL,29-Apr-2021,570,PE,8,10.8,7.7,8.55,8.55,289,2175.07,198900,36400,19-APR-2021,
OPTSTK,UPL,29-Apr-2021,580,PE,11.9,14.7,10.25,11.25,11.25,1542,11864.82,486200,107900,19-APR-2021,
OPTSTK,UPL,29-Apr-2021,590,PE,15.25,18.4,13.3,14.95,14.95,293,2305.89,171600,-6500,19-APR-2021,
OPTSTK,UPL,29-Apr-2021,600,PE,23.95,24.4,17.25,19.65,19.65,569,4586.96,521300,-11700,19-APR-2021,
OPTSTK,UPL,29-Apr-2021,610,PE,27,30.45,22.15,25.5,25.5,116,958.36,185900,-14300,19-APR-2021,
OPTSTK,UPL,29-Apr-2021,620,PE,49.85,49.85,27.85,31.6,35.55,23,194.87,221000,-7800,19-APR-2021,
OPTSTK,UPL,29-Apr-2021,630,PE,39.4,44.55,37.95,38.9,42.5,12,104.52,206700,-2600,19-APR-2021,
OPTSTK,UPL,29-Apr-2021,640,PE,52,52,43.7,45.75,50,26,232.2,196300,-15600,19-APR-2021,
OPTSTK,UPL,29-Apr-2021,650,PE,56.65,57.6,53.6,56.5,56.5,14,128.38,309400,2600,19-APR-2021,
OPTSTK,UPL,29-Apr-2021,660,PE,70,70,63.05,63.1,66.45,5,47.16,130000,-5200,19-APR-2021,
OPTSTK,UPL,29-Apr-2021,670,PE,71.7,71.7,71.7,71.7,75.25,1,9.64,50700,0,19-APR-2021,
OPTSTK,UPL,29-Apr-2021,680,PE,0,0,0,88.25,84.3,0,0,7800,0,19-APR-2021,
OPTSTK,UPL,29-Apr-2021,690,PE,0,0,0,144.9,93.6,0,0,0,0,19-APR-2021,
OPTSTK,UPL,29-Apr-2021,700,PE,0,0,0,67.5,103.1,0,0,2600,0,19-APR-2021,
OPTSTK,UPL,29-Apr-2021,710,PE,0,0,0,160.85,112.7,0,0,0,0,19-APR-2021,
OPTSTK,UPL,29-Apr-2021,720,PE,0,0,0,62,122.45,0,0,1300,0,19-APR-2021,
OPTSTK,UPL,29-Apr-2021,730,PE,0,0,0,177.3,132.25,0,0,0,0,19-APR-2021,
OPTSTK,UPL,29-Apr-2021,740,PE,0,0,0,185.7,142.1,0,0,0,0,19-APR-2021,
OPTSTK,UPL,29-Apr-2021,750,PE,0,0,0,194.2,152,0,0,0,0,19-APR-2021,
OPTSTK,UPL,29-Apr-2021,760,PE,0,0,0,174.6,161.95,0,0,0,0,19-APR-2021,
OPTSTK,UPL,29-Apr-2021,770,PE,0,0,0,183.35,171.9,0,0,0,0,19-APR-2021,
OPTSTK,UPL,29-Apr-2021,780,PE,0,0,0,174,181.85,0,0,0,0,19-APR-2021,
OPTSTK,UPL,29-Apr-2021,790,PE,0,0,0,182.75,191.8,0,0,0,0,19-APR-2021,
OPTSTK,UPL,27-May-2021,410,CE,0,0,0,192.65,189.7,0,0,0,0,19-APR-2021,
OPTSTK,UPL,27-May-2021,420,CE,0,0,0,184,180.05,0,0,0,0,19-APR-2021,
OPTSTK,UPL,27-May-2021,430,CE,0,0,0,175.5,170.45,0,0,0,0,19-APR-2021,
OPTSTK,UPL,27-May-2021,440,CE,0,0,0,167.2,160.95,0,0,0,0,19-APR-2021,
OPTSTK,UPL,27-May-2021,450,CE,0,0,0,159.1,151.65,0,0,0,0,19-APR-2021,
OPTSTK,UPL,27-May-2021,460,CE,0,0,0,151.25,142.5,0,0,0,0,19-APR-2021,
OPTSTK,UPL,27-May-2021,470,CE,0,0,0,143.55,133.5,0,0,0,0,19-APR-2021,
OPTSTK,UPL,27-May-2021,480,CE,0,0,0,136.15,124.75,0,0,0,0,19-APR-2021,
OPTSTK,UPL,27-May-2021,490,CE,0,0,0,128.95,116.2,0,0,0,0,19-APR-2021,
OPTSTK,UPL,27-May-2021,500,CE,0,0,0,122,107.95,0,0,0,0,19-APR-2021,
OPTSTK,UPL,27-May-2021,510,CE,0,0,0,115.3,99.95,0,0,0,0,19-APR-2021,
OPTSTK,UPL,27-May-2021,520,CE,0,0,0,108.8,92.3,0,0,0,0,19-APR-2021,
OPTSTK,UPL,27-May-2021,530,CE,0,0,0,102.6,85,0,0,0,0,19-APR-2021,
OPTSTK,UPL,27-May-2021,540,CE,0,0,0,96.65,77.95,0,0,0,0,19-APR-2021,
OPTSTK,UPL,27-May-2021,550,CE,0,0,0,90.95,71.35,0,0,0,0,19-APR-2021,
OPTSTK,UPL,27-May-2021,560,CE,0,0,0,85.5,65.05,0,0,0,0,19-APR-2021,
OPTSTK,UPL,27-May-2021,570,CE,0,0,0,80.3,59.15,0,0,0,0,19-APR-2021,
OPTSTK,UPL,27-May-2021,580,CE,0,0,0,75.35,53.65,0,0,0,0,19-APR-2021,
OPTSTK,UPL,27-May-2021,590,CE,0,0,0,70.65,48.5,0,0,0,0,19-APR-2021,
OPTSTK,UPL,27-May-2021,600,CE,0,0,0,66.15,43.7,0,0,0,0,19-APR-2021,
OPTSTK,UPL,27-May-2021,610,CE,0,0,0,61.9,39.25,0,0,0,0,19-APR-2021,
OPTSTK,UPL,27-May-2021,620,CE,30,31,23.6,25.45,25.45,29,243.35,37700,23400,19-APR-2021,
OPTSTK,UPL,27-May-2021,630,CE,0,0,0,29.15,31.45,0,0,6500,0,19-APR-2021,
OPTSTK,UPL,27-May-2021,640,CE,0,0,0,25,28,0,0,6500,0,19-APR-2021,
OPTSTK,UPL,27-May-2021,650,CE,15,19,14.6,15.8,15.8,39,337.58,40300,14300,19-APR-2021,
OPTSTK,UPL,27-May-2021,660,CE,0,0,0,43.9,22.05,0,0,0,0,19-APR-2021,
OPTSTK,UPL,27-May-2021,670,CE,0,0,0,38,19.55,0,0,10400,0,19-APR-2021,
OPTSTK,UPL,27-May-2021,680,CE,9.4,9.4,9.4,9.4,17.25,3,26.88,26000,3900,19-APR-2021,
OPTSTK,UPL,27-May-2021,690,CE,0,0,0,27.4,15.15,0,0,13000,0,19-APR-2021,
OPTSTK,UPL,27-May-2021,700,CE,9.15,9.15,6.2,6.7,6.7,52,478.02,169000,5200,19-APR-2021,
OPTSTK,UPL,27-May-2021,710,CE,0,0,0,21.3,11.65,0,0,16900,0,19-APR-2021,
OPTSTK,UPL,27-May-2021,720,CE,0,0,0,19.15,10.2,0,0,26000,0,19-APR-2021,
OPTSTK,UPL,27-May-2021,730,CE,0,0,0,26.35,8.85,0,0,0,0,19-APR-2021,
OPTSTK,UPL,27-May-2021,740,CE,4,4,4,4,7.7,1,9.67,2600,0,19-APR-2021,
OPTSTK,UPL,27-May-2021,750,CE,0,0,0,22.7,6.7,0,0,0,0,19-APR-2021,
OPTSTK,UPL,27-May-2021,760,CE,0,0,0,21,5.8,0,0,0,0,19-APR-2021,
OPTSTK,UPL,27-May-2021,770,CE,0,0,0,19.45,5,0,0,0,0,19-APR-2021,
OPTSTK,UPL,27-May-2021,780,CE,0,0,0,21.3,4.35,0,0,0,0,19-APR-2021,
OPTSTK,UPL,27-May-2021,790,CE,0,0,0,19.7,3.75,0,0,0,0,19-APR-2021,
OPTSTK,UPL,27-May-2021,410,PE,0,0,0,5.85,0.65,0,0,0,0,19-APR-2021,
OPTSTK,UPL,27-May-2021,420,PE,0,0,0,7.1,0.95,0,0,0,0,19-APR-2021,
OPTSTK,UPL,27-May-2021,430,PE,0,0,0,8.5,1.3,0,0,0,0,19-APR-2021,
OPTSTK,UPL,27-May-2021,440,PE,0,0,0,10.1,1.8,0,0,0,0,19-APR-2021,
OPTSTK,UPL,27-May-2021,450,PE,0,0,0,11.95,2.45,0,0,0,0,19-APR-2021,
OPTSTK,UPL,27-May-2021,460,PE,0,0,0,13.95,3.25,0,0,0,0,19-APR-2021,
OPTSTK,UPL,27-May-2021,470,PE,0,0,0,16.2,4.2,0,0,0,0,19-APR-2021,
OPTSTK,UPL,27-May-2021,480,PE,0,0,0,18.7,5.4,0,0,0,0,19-APR-2021,
OPTSTK,UPL,27-May-2021,490,PE,0,0,0,21.4,6.85,0,0,0,0,19-APR-2021,
OPTSTK,UPL,27-May-2021,500,PE,6,6,4.7,4.7,8.55,3,19.7,6500,2600,19-APR-2021,
OPTSTK,UPL,27-May-2021,510,PE,0,0,0,27.55,10.55,0,0,0,0,19-APR-2021,
OPTSTK,UPL,27-May-2021,520,PE,0,0,0,30.95,12.85,0,0,0,0,19-APR-2021,
OPTSTK,UPL,27-May-2021,530,PE,0,0,0,34.65,15.45,0,0,0,0,19-APR-2021,
OPTSTK,UPL,27-May-2021,540,PE,0,0,0,38.65,18.4,0,0,0,0,19-APR-2021,
OPTSTK,UPL,27-May-2021,550,PE,0,0,0,42.85,21.75,0,0,0,0,19-APR-2021,
OPTSTK,UPL,27-May-2021,560,PE,0,0,0,18.75,25.45,0,0,23400,0,19-APR-2021,
OPTSTK,UPL,27-May-2021,570,PE,0,0,0,52,29.5,0,0,0,0,19-APR-2021,
OPTSTK,UPL,27-May-2021,580,PE,18,29.75,18,23.8,23.8,8,62.74,28600,6500,19-APR-2021,
OPTSTK,UPL,27-May-2021,590,PE,0,0,0,30,38.75,0,0,16900,0,19-APR-2021,
OPTSTK,UPL,27-May-2021,600,PE,32.55,33,31,32,43.9,25,205.38,89700,15600,19-APR-2021,
OPTSTK,UPL,27-May-2021,610,PE,0,0,0,30.6,49.45,0,0,10400,0,19-APR-2021,
OPTSTK,UPL,27-May-2021,620,PE,0,0,0,26.3,55.3,0,0,2600,0,19-APR-2021,
OPTSTK,UPL,27-May-2021,630,PE,0,0,0,85.2,61.55,0,0,0,0,19-APR-2021,
OPTSTK,UPL,27-May-2021,640,PE,0,0,0,34,68.05,0,0,7800,0,19-APR-2021,
OPTSTK,UPL,27-May-2021,650,PE,0,0,0,98.05,74.9,0,0,0,0,19-APR-2021,
OPTSTK,UPL,27-May-2021,660,PE,0,0,0,104.75,82.05,0,0,0,0,19-APR-2021,
OPTSTK,UPL,27-May-2021,670,PE,0,0,0,111.65,89.45,0,0,0,0,19-APR-2021,
OPTSTK,UPL,27-May-2021,680,PE,0,0,0,118.7,97.15,0,0,0,0,19-APR-2021,
OPTSTK,UPL,27-May-2021,690,PE,0,0,0,125.95,105,0,0,0,0,19-APR-2021,
OPTSTK,UPL,27-May-2021,700,PE,0,0,0,133.4,113.1,0,0,0,0,19-APR-2021,
OPTSTK,UPL,27-May-2021,710,PE,0,0,0,141,121.45,0,0,0,0,19-APR-2021,
OPTSTK,UPL,27-May-2021,720,PE,0,0,0,148.7,129.9,0,0,0,0,19-APR-2021,
OPTSTK,UPL,27-May-2021,730,PE,0,0,0,156.6,138.6,0,0,0,0,19-APR-2021,
OPTSTK,UPL,27-May-2021,740,PE,0,0,0,164.6,147.4,0,0,0,0,19-APR-2021,
OPTSTK,UPL,27-May-2021,750,PE,0,0,0,172.7,156.35,0,0,0,0,19-APR-2021,
OPTSTK,UPL,27-May-2021,760,PE,0,0,0,180.9,165.4,0,0,0,0,19-APR-2021,
OPTSTK,UPL,27-May-2021,770,PE,0,0,0,189.3,174.55,0,0,0,0,19-APR-2021,
OPTSTK,UPL,27-May-2021,780,PE,0,0,0,180.95,183.85,0,0,0,0,19-APR-2021,
OPTSTK,UPL,27-May-2021,790,PE,0,0,0,189.25,193.2,0,0,0,0,19-APR-2021,
OPTSTK,UPL,24-Jun-2021,410,CE,0,0,0,195.15,193.15,0,0,0,0,19-APR-2021,
OPTSTK,UPL,24-Jun-2021,420,CE,0,0,0,186.45,184,0,0,0,0,19-APR-2021,
OPTSTK,UPL,24-Jun-2021,430,CE,0,0,0,177.95,175,0,0,0,0,19-APR-2021,
OPTSTK,UPL,24-Jun-2021,440,CE,0,0,0,169.6,166.2,0,0,0,0,19-APR-2021,
OPTSTK,UPL,24-Jun-2021,450,CE,0,0,0,161.5,157.55,0,0,0,0,19-APR-2021,
OPTSTK,UPL,24-Jun-2021,460,CE,0,0,0,153.55,149.15,0,0,0,0,19-APR-2021,
OPTSTK,UPL,24-Jun-2021,470,CE,0,0,0,145.85,140.95,0,0,0,0,19-APR-2021,
OPTSTK,UPL,24-Jun-2021,480,CE,0,0,0,138.4,132.95,0,0,0,0,19-APR-2021,
OPTSTK,UPL,24-Jun-2021,490,CE,0,0,0,131.15,125.2,0,0,0,0,19-APR-2021,
OPTSTK,UPL,24-Jun-2021,500,CE,0,0,0,124.15,117.75,0,0,0,0,19-APR-2021,
OPTSTK,UPL,24-Jun-2021,510,CE,0,0,0,117.35,110.55,0,0,0,0,19-APR-2021,
OPTSTK,UPL,24-Jun-2021,520,CE,0,0,0,110.85,103.6,0,0,0,0,19-APR-2021,
OPTSTK,UPL,24-Jun-2021,530,CE,0,0,0,104.55,96.9,0,0,0,0,19-APR-2021,
OPTSTK,UPL,24-Jun-2021,540,CE,0,0,0,98.55,90.55,0,0,0,0,19-APR-2021,
OPTSTK,UPL,24-Jun-2021,550,CE,0,0,0,92.8,84.45,0,0,0,0,19-APR-2021,
OPTSTK,UPL,24-Jun-2021,560,CE,0,0,0,87.3,78.65,0,0,0,0,19-APR-2021,
OPTSTK,UPL,24-Jun-2021,570,CE,0,0,0,82.05,73.15,0,0,0,0,19-APR-2021,
OPTSTK,UPL,24-Jun-2021,580,CE,0,0,0,77,67.95,0,0,0,0,19-APR-2021,
OPTSTK,UPL,24-Jun-2021,590,CE,0,0,0,72.25,63,0,0,0,0,19-APR-2021,
OPTSTK,UPL,24-Jun-2021,600,CE,0,0,0,67.7,58.35,0,0,0,0,19-APR-2021,
OPTSTK,UPL,24-Jun-2021,610,CE,0,0,0,63.4,53.95,0,0,0,0,19-APR-2021,
OPTSTK,UPL,24-Jun-2021,620,CE,0,0,0,59.3,49.8,0,0,0,0,19-APR-2021,
OPTSTK,UPL,24-Jun-2021,630,CE,0,0,0,55.45,45.95,0,0,0,0,19-APR-2021,
OPTSTK,UPL,24-Jun-2021,640,CE,0,0,0,51.8,42.3,0,0,0,0,19-APR-2021,
OPTSTK,UPL,24-Jun-2021,650,CE,0,0,0,48.35,38.9,0,0,0,0,19-APR-2021,
OPTSTK,UPL,24-Jun-2021,660,CE,0,0,0,45.1,35.75,0,0,0,0,19-APR-2021,
OPTSTK,UPL,24-Jun-2021,670,CE,0,0,0,42,32.8,0,0,0,0,19-APR-2021,
OPTSTK,UPL,24-Jun-2021,680,CE,0,0,0,39.1,30.1,0,0,0,0,19-APR-2021,
OPTSTK,UPL,24-Jun-2021,690,CE,0,0,0,36.4,27.55,0,0,0,0,19-APR-2021,
OPTSTK,UPL,24-Jun-2021,700,CE,0,0,0,33.9,25.25,0,0,0,0,19-APR-2021,
OPTSTK,UPL,24-Jun-2021,710,CE,0,0,0,31.5,23.05,0,0,0,0,19-APR-2021,
OPTSTK,UPL,24-Jun-2021,720,CE,0,0,0,29.3,21.05,0,0,0,0,19-APR-2021,
OPTSTK,UPL,24-Jun-2021,730,CE,0,0,0,27.2,19.2,0,0,0,0,19-APR-2021,
OPTSTK,UPL,24-Jun-2021,740,CE,0,0,0,25.25,17.5,0,0,0,0,19-APR-2021,
OPTSTK,UPL,24-Jun-2021,750,CE,0,0,0,23.4,15.9,0,0,0,0,19-APR-2021,
OPTSTK,UPL,24-Jun-2021,760,CE,0,0,0,21.7,14.5,0,0,0,0,19-APR-2021,
OPTSTK,UPL,24-Jun-2021,770,CE,0,0,0,20.1,13.15,0,0,0,0,19-APR-2021,
OPTSTK,UPL,24-Jun-2021,780,CE,0,0,0,18.6,11.95,0,0,0,0,19-APR-2021,
OPTSTK,UPL,24-Jun-2021,790,CE,0,0,0,17.25,10.85,0,0,0,0,19-APR-2021,
OPTSTK,UPL,24-Jun-2021,410,PE,0,0,0,5.7,2.9,0,0,0,0,19-APR-2021,
OPTSTK,UPL,24-Jun-2021,420,PE,0,0,0,6.9,3.7,0,0,0,0,19-APR-2021,
OPTSTK,UPL,24-Jun-2021,430,PE,0,0,0,8.3,4.65,0,0,0,0,19-APR-2021,
OPTSTK,UPL,24-Jun-2021,440,PE,0,0,0,9.85,5.75,0,0,0,0,19-APR-2021,
OPTSTK,UPL,24-Jun-2021,450,PE,0,0,0,11.65,7.1,0,0,0,0,19-APR-2021,
OPTSTK,UPL,24-Jun-2021,460,PE,0,0,0,13.6,8.6,0,0,0,0,19-APR-2021,
OPTSTK,UPL,24-Jun-2021,470,PE,0,0,0,15.85,10.3,0,0,0,0,19-APR-2021,
OPTSTK,UPL,24-Jun-2021,480,PE,0,0,0,18.25,12.25,0,0,0,0,19-APR-2021,
OPTSTK,UPL,24-Jun-2021,490,PE,0,0,0,20.95,14.45,0,0,0,0,19-APR-2021,
OPTSTK,UPL,24-Jun-2021,500,PE,0,0,0,23.85,16.95,0,0,0,0,19-APR-2021,
OPTSTK,UPL,24-Jun-2021,510,PE,0,0,0,26.95,19.65,0,0,0,0,19-APR-2021,
OPTSTK,UPL,24-Jun-2021,520,PE,0,0,0,30.35,22.65,0,0,0,0,19-APR-2021,
OPTSTK,UPL,24-Jun-2021,530,PE,0,0,0,34,25.9,0,0,0,0,19-APR-2021,
OPTSTK,UPL,24-Jun-2021,540,PE,0,0,0,37.9,29.45,0,0,0,0,19-APR-2021,
OPTSTK,UPL,24-Jun-2021,550,PE,0,0,0,42.05,33.3,0,0,0,0,19-APR-2021,
OPTSTK,UPL,24-Jun-2021,560,PE,0,0,0,46.45,37.45,0,0,0,0,19-APR-2021,
OPTSTK,UPL,24-Jun-2021,570,PE,0,0,0,51.1,41.85,0,0,0,0,19-APR-2021,
OPTSTK,UPL,24-Jun-2021,580,PE,0,0,0,55.95,46.55,0,0,0,0,19-APR-2021,
OPTSTK,UPL,24-Jun-2021,590,PE,0,0,0,61.1,51.55,0,0,0,0,19-APR-2021,
OPTSTK,UPL,24-Jun-2021,600,PE,0,0,0,66.45,56.85,0,0,0,0,19-APR-2021,
OPTSTK,UPL,24-Jun-2021,610,PE,0,0,0,72.05,62.35,0,0,0,0,19-APR-2021,
OPTSTK,UPL,24-Jun-2021,620,PE,0,0,0,77.9,68.15,0,0,0,0,19-APR-2021,
OPTSTK,UPL,24-Jun-2021,630,PE,0,0,0,83.95,74.25,0,0,0,0,19-APR-2021,
OPTSTK,UPL,24-Jun-2021,640,PE,0,0,0,90.2,80.55,0,0,0,0,19-APR-2021,
OPTSTK,UPL,24-Jun-2021,650,PE,0,0,0,96.65,87.05,0,0,0,0,19-APR-2021,
OPTSTK,UPL,24-Jun-2021,660,PE,0,0,0,103.3,93.85,0,0,0,0,19-APR-2021,
OPTSTK,UPL,24-Jun-2021,670,PE,0,0,0,110.15,100.85,0,0,0,0,19-APR-2021,
OPTSTK,UPL,24-Jun-2021,680,PE,0,0,0,117.15,108.05,0,0,0,0,19-APR-2021,
OPTSTK,UPL,24-Jun-2021,690,PE,0,0,0,124.35,115.45,0,0,0,0,19-APR-2021,
OPTSTK,UPL,24-Jun-2021,700,PE,0,0,0,131.75,123.05,0,0,0,0,19-APR-2021,
OPTSTK,UPL,24-Jun-2021,710,PE,0,0,0,139.25,130.8,0,0,0,0,19-APR-2021,
OPTSTK,UPL,24-Jun-2021,720,PE,0,0,0,146.95,138.75,0,0,0,0,19-APR-2021,
OPTSTK,UPL,24-Jun-2021,730,PE,0,0,0,154.75,146.8,0,0,0,0,19-APR-2021,
OPTSTK,UPL,24-Jun-2021,740,PE,0,0,0,162.7,155.05,0,0,0,0,19-APR-2021,
OPTSTK,UPL,24-Jun-2021,750,PE,0,0,0,170.8,163.4,0,0,0,0,19-APR-2021,
OPTSTK,UPL,24-Jun-2021,760,PE,0,0,0,178.95,171.9,0,0,0,0,19-APR-2021,
OPTSTK,UPL,24-Jun-2021,770,PE,0,0,0,187.3,180.5,0,0,0,0,19-APR-2021,
OPTSTK,UPL,24-Jun-2021,780,PE,0,0,0,195.7,189.25,0,0,0,0,19-APR-2021,
OPTSTK,UPL,24-Jun-2021,790,PE,0,0,0,204.25,198.05,0,0,0,0,19-APR-2021,
OPTSTK,VEDL,29-Apr-2021,102.5,CE,0,0,0,138,125.65,0,0,6200,0,19-APR-2021,
OPTSTK,VEDL,29-Apr-2021,105,CE,0,0,0,60.35,123.15,0,0,0,0,19-APR-2021,
OPTSTK,VEDL,29-Apr-2021,107.5,CE,0,0,0,58.2,120.7,0,0,0,0,19-APR-2021,
OPTSTK,VEDL,29-Apr-2021,110,CE,0,0,0,56.05,118.2,0,0,0,0,19-APR-2021,
OPTSTK,VEDL,29-Apr-2021,112.5,CE,0,0,0,53.95,115.7,0,0,0,0,19-APR-2021,
OPTSTK,VEDL,29-Apr-2021,115,CE,0,0,0,51.85,113.2,0,0,0,0,19-APR-2021,
OPTSTK,VEDL,29-Apr-2021,117.5,CE,0,0,0,49.85,110.7,0,0,0,0,19-APR-2021,
OPTSTK,VEDL,29-Apr-2021,120,CE,0,0,0,47.9,108.2,0,0,0,0,19-APR-2021,
OPTSTK,VEDL,29-Apr-2021,122.5,CE,0,0,0,45.95,105.7,0,0,0,0,19-APR-2021,
OPTSTK,VEDL,29-Apr-2021,125,CE,0,0,0,44.05,103.2,0,0,0,0,19-APR-2021,
OPTSTK,VEDL,29-Apr-2021,127.5,CE,0,0,0,42.25,100.7,0,0,0,0,19-APR-2021,
OPTSTK,VEDL,29-Apr-2021,130,CE,0,0,0,40.45,98.2,0,0,0,0,19-APR-2021,
OPTSTK,VEDL,29-Apr-2021,132.5,CE,0,0,0,38.7,95.7,0,0,0,0,19-APR-2021,
OPTSTK,VEDL,29-Apr-2021,135,CE,0,0,0,37,93.2,0,0,0,0,19-APR-2021,
OPTSTK,VEDL,29-Apr-2021,137.5,CE,0,0,0,35.4,90.7,0,0,0,0,19-APR-2021,
OPTSTK,VEDL,29-Apr-2021,140,CE,0,0,0,33.8,88.2,0,0,0,0,19-APR-2021,
OPTSTK,VEDL,29-Apr-2021,142.5,CE,0,0,0,32.25,85.7,0,0,0,0,19-APR-2021,
OPTSTK,VEDL,29-Apr-2021,145,CE,0,0,0,30.75,83.2,0,0,0,0,19-APR-2021,
OPTSTK,VEDL,29-Apr-2021,147.5,CE,0,0,0,29.35,80.7,0,0,0,0,19-APR-2021,
OPTSTK,VEDL,29-Apr-2021,150,CE,0,0,0,27.95,78.2,0,0,0,0,19-APR-2021,
OPTSTK,VEDL,29-Apr-2021,152.5,CE,0,0,0,26.65,75.7,0,0,0,0,19-APR-2021,
OPTSTK,VEDL,29-Apr-2021,155,CE,0,0,0,25.35,73.2,0,0,0,0,19-APR-2021,
OPTSTK,VEDL,29-Apr-2021,157.5,CE,0,0,0,24.15,70.75,0,0,0,0,19-APR-2021,
OPTSTK,VEDL,29-Apr-2021,160,CE,0,0,0,22.95,68.25,0,0,0,0,19-APR-2021,
OPTSTK,VEDL,29-Apr-2021,162.5,CE,0,0,0,21.8,65.75,0,0,0,0,19-APR-2021,
OPTSTK,VEDL,29-Apr-2021,165,CE,0,0,0,20.7,63.25,0,0,0,0,19-APR-2021,
OPTSTK,VEDL,29-Apr-2021,167.5,CE,0,0,0,19.7,60.75,0,0,0,0,19-APR-2021,
OPTSTK,VEDL,29-Apr-2021,170,CE,0,0,0,18.7,58.25,0,0,0,0,19-APR-2021,
OPTSTK,VEDL,29-Apr-2021,172.5,CE,0,0,0,17.75,55.75,0,0,0,0,19-APR-2021,
OPTSTK,VEDL,29-Apr-2021,175,CE,0,0,0,16.8,53.25,0,0,0,0,19-APR-2021,
OPTSTK,VEDL,29-Apr-2021,177.5,CE,0,0,0,15.95,50.8,0,0,0,0,19-APR-2021,
OPTSTK,VEDL,29-Apr-2021,180,CE,0,0,0,41.8,48.3,0,0,31000,0,19-APR-2021,
OPTSTK,VEDL,29-Apr-2021,182.5,CE,0,0,0,14.3,45.85,0,0,0,0,19-APR-2021,
OPTSTK,VEDL,29-Apr-2021,185,CE,0,0,0,13.55,43.4,0,0,0,0,19-APR-2021,
OPTSTK,VEDL,29-Apr-2021,187.5,CE,0,0,0,12.85,40.95,0,0,0,0,19-APR-2021,
OPTSTK,VEDL,29-Apr-2021,190,CE,0,0,0,40.45,38.55,0,0,24800,0,19-APR-2021,
OPTSTK,VEDL,29-Apr-2021,192.5,CE,0,0,0,11.5,36.15,0,0,0,0,19-APR-2021,
OPTSTK,VEDL,29-Apr-2021,195,CE,0,0,0,10.9,33.8,0,0,0,0,19-APR-2021,
OPTSTK,VEDL,29-Apr-2021,197.5,CE,0,0,0,10.3,31.5,0,0,0,0,19-APR-2021,
OPTSTK,VEDL,29-Apr-2021,200,CE,26.95,27,26.95,27,29.25,2,28.14,260400,-6200,19-APR-2021,
OPTSTK,VEDL,29-Apr-2021,202.5,CE,0,0,0,9.2,27,0,0,0,0,19-APR-2021,
OPTSTK,VEDL,29-Apr-2021,205,CE,0,0,0,19.35,24.9,0,0,6200,0,19-APR-2021,
OPTSTK,VEDL,29-Apr-2021,207.5,CE,0,0,0,8.2,22.8,0,0,0,0,19-APR-2021,
OPTSTK,VEDL,29-Apr-2021,210,CE,18,19.65,17.2,18.95,20.8,14,199,136400,-24800,19-APR-2021,
OPTSTK,VEDL,29-Apr-2021,212.5,CE,0,0,0,7.3,18.9,0,0,0,0,19-APR-2021,
OPTSTK,VEDL,29-Apr-2021,215,CE,15.6,15.6,15.2,15.2,17.1,3,42.86,148800,-12400,19-APR-2021,
OPTSTK,VEDL,29-Apr-2021,217.5,CE,0,0,0,6.5,15.4,0,0,0,0,19-APR-2021,
OPTSTK,VEDL,29-Apr-2021,220,CE,9.5,11.9,7.65,10.7,10.7,248,3541.16,1370200,-86800,19-APR-2021,
OPTSTK,VEDL,29-Apr-2021,222.5,CE,12.2,12.2,12.2,12.2,12.25,1,14.55,6200,6200,19-APR-2021,
OPTSTK,VEDL,29-Apr-2021,225,CE,6.3,8.6,5.3,7.3,7.3,353,5075.49,1054000,93000,19-APR-2021,
OPTSTK,VEDL,29-Apr-2021,227.5,CE,9,9,9,9,9.6,1,14.66,49600,6200,19-APR-2021,
OPTSTK,VEDL,29-Apr-2021,230,CE,3.85,5.45,3.5,4.7,4.7,1232,17917.33,5189400,434000,19-APR-2021,
OPTSTK,VEDL,29-Apr-2021,232.5,CE,4.15,4.35,3.4,3.7,3.7,61,893.58,130200,0,19-APR-2021,
OPTSTK,VEDL,29-Apr-2021,235,CE,1.85,3.65,1.85,2.95,2.95,537,7920.46,2858200,142600,19-APR-2021,
OPTSTK,VEDL,29-Apr-2021,237.5,CE,2,2.6,2,2.5,2.5,14,208.21,384400,-24800,19-APR-2021,
OPTSTK,VEDL,29-Apr-2021,240,CE,2.2,2.25,1.5,1.95,1.95,758,11370.2,7545400,49600,19-APR-2021,
OPTSTK,VEDL,29-Apr-2021,242.5,CE,1.5,1.5,1.5,1.5,4.05,1,15.12,260400,0,19-APR-2021,
OPTSTK,VEDL,29-Apr-2021,245,CE,1.5,1.5,1,1.3,1.3,264,4030.67,2225800,43400,19-APR-2021,
OPTSTK,VEDL,29-Apr-2021,247.5,CE,0,0,0,1.9,2.9,0,0,86800,0,19-APR-2021,
OPTSTK,VEDL,29-Apr-2021,250,CE,1.2,1.2,0.65,0.85,0.85,374,5816.82,7886400,49600,19-APR-2021,
OPTSTK,VEDL,29-Apr-2021,252.5,CE,0,0,0,1.7,2.05,0,0,18600,0,19-APR-2021,
OPTSTK,VEDL,29-Apr-2021,255,CE,0.9,0.9,0.55,0.65,0.65,95,1505.72,626200,6200,19-APR-2021,
OPTSTK,VEDL,29-Apr-2021,257.5,CE,0.2,0.2,0.2,0.2,1.4,1,15.97,31000,0,19-APR-2021,
OPTSTK,VEDL,29-Apr-2021,260,CE,0.6,0.6,0.45,0.45,0.45,92,1485.84,1488000,-99200,19-APR-2021,
OPTSTK,VEDL,29-Apr-2021,265,CE,0.35,0.35,0.35,0.35,0.8,6,98.71,390600,-12400,19-APR-2021,
OPTSTK,VEDL,29-Apr-2021,270,CE,0.3,0.35,0.25,0.3,0.3,38,636.81,1612000,-74400,19-APR-2021,
OPTSTK,VEDL,29-Apr-2021,275,CE,0.2,0.2,0.2,0.2,0.35,1,17.06,241800,0,19-APR-2021,
OPTSTK,VEDL,29-Apr-2021,280,CE,0.2,0.3,0.2,0.3,0.3,27,469.15,1667800,24800,19-APR-2021,
OPTSTK,VEDL,29-Apr-2021,285,CE,0,0,0,5.3,0.15,0,0,0,0,19-APR-2021,
OPTSTK,VEDL,29-Apr-2021,102.5,PE,0,0,0,0.05,0,0,0,12400,0,19-APR-2021,
OPTSTK,VEDL,29-Apr-2021,105,PE,0,0,0,1.65,0,0,0,0,0,19-APR-2021,
OPTSTK,VEDL,29-Apr-2021,107.5,PE,0,0,0,0.05,0,0,0,6200,0,19-APR-2021,
OPTSTK,VEDL,29-Apr-2021,110,PE,0,0,0,2.25,0,0,0,0,0,19-APR-2021,
OPTSTK,VEDL,29-Apr-2021,112.5,PE,0,0,0,2.65,0,0,0,0,0,19-APR-2021,
OPTSTK,VEDL,29-Apr-2021,115,PE,0,0,0,3.05,0,0,0,0,0,19-APR-2021,
OPTSTK,VEDL,29-Apr-2021,117.5,PE,0,0,0,3.5,0,0,0,0,0,19-APR-2021,
OPTSTK,VEDL,29-Apr-2021,120,PE,0,0,0,0.1,0,0,0,6200,0,19-APR-2021,
OPTSTK,VEDL,29-Apr-2021,122.5,PE,0,0,0,4.55,0,0,0,0,0,19-APR-2021,
OPTSTK,VEDL,29-Apr-2021,125,PE,0,0,0,5.15,0,0,0,0,0,19-APR-2021,
OPTSTK,VEDL,29-Apr-2021,127.5,PE,0,0,0,0.05,0,0,0,12400,0,19-APR-2021,
OPTSTK,VEDL,29-Apr-2021,130,PE,0,0,0,0.1,0,0,0,6200,0,19-APR-2021,
OPTSTK,VEDL,29-Apr-2021,132.5,PE,0,0,0,7.25,0,0,0,0,0,19-APR-2021,
OPTSTK,VEDL,29-Apr-2021,135,PE,0,0,0,8,0,0,0,0,0,19-APR-2021,
OPTSTK,VEDL,29-Apr-2021,137.5,PE,0,0,0,8.85,0,0,0,0,0,19-APR-2021,
OPTSTK,VEDL,29-Apr-2021,140,PE,0,0,0,9.75,0,0,0,0,0,19-APR-2021,
OPTSTK,VEDL,29-Apr-2021,142.5,PE,0,0,0,10.7,0,0,0,0,0,19-APR-2021,
OPTSTK,VEDL,29-Apr-2021,145,PE,0,0,0,11.7,0,0,0,0,0,19-APR-2021,
OPTSTK,VEDL,29-Apr-2021,147.5,PE,0,0,0,12.75,0,0,0,0,0,19-APR-2021,
OPTSTK,VEDL,29-Apr-2021,150,PE,0,0,0,0.25,0,0,0,6200,0,19-APR-2021,
OPTSTK,VEDL,29-Apr-2021,152.5,PE,0,0,0,15,0,0,0,0,0,19-APR-2021,
OPTSTK,VEDL,29-Apr-2021,155,PE,0,0,0,16.15,0,0,0,0,0,19-APR-2021,
OPTSTK,VEDL,29-Apr-2021,157.5,PE,0,0,0,17.4,0,0,0,0,0,19-APR-2021,
OPTSTK,VEDL,29-Apr-2021,160,PE,0,0,0,0.1,0,0,0,24800,0,19-APR-2021,
OPTSTK,VEDL,29-Apr-2021,162.5,PE,0,0,0,20.05,0,0,0,0,0,19-APR-2021,
OPTSTK,VEDL,29-Apr-2021,165,PE,0,0,0,21.45,0,0,0,0,0,19-APR-2021,
OPTSTK,VEDL,29-Apr-2021,167.5,PE,0,0,0,22.9,0.05,0,0,0,0,19-APR-2021,
OPTSTK,VEDL,29-Apr-2021,170,PE,0,0,0,0.4,0.05,0,0,31000,0,19-APR-2021,
OPTSTK,VEDL,29-Apr-2021,172.5,PE,0,0,0,25.9,0.05,0,0,0,0,19-APR-2021,
OPTSTK,VEDL,29-Apr-2021,175,PE,0,0,0,1.4,0.05,0,0,12400,0,19-APR-2021,
OPTSTK,VEDL,29-Apr-2021,177.5,PE,0,0,0,29.05,0.05,0,0,0,0,19-APR-2021,
OPTSTK,VEDL,29-Apr-2021,180,PE,0.15,1.95,0.15,0.25,0.25,15,167.94,514600,-12400,19-APR-2021,
OPTSTK,VEDL,29-Apr-2021,182.5,PE,0,0,0,32.35,0.1,0,0,0,0,19-APR-2021,
OPTSTK,VEDL,29-Apr-2021,185,PE,0,0,0,0.3,0.15,0,0,12400,0,19-APR-2021,
OPTSTK,VEDL,29-Apr-2021,187.5,PE,0,0,0,35.85,0.2,0,0,0,0,19-APR-2021,
OPTSTK,VEDL,29-Apr-2021,190,PE,0.3,0.35,0.15,0.25,0.25,17,200.53,750200,6200,19-APR-2021,
OPTSTK,VEDL,29-Apr-2021,192.5,PE,0,0,0,39.45,0.4,0,0,0,0,19-APR-2021,
OPTSTK,VEDL,29-Apr-2021,195,PE,0.4,0.4,0.35,0.35,0.35,5,60.56,37200,6200,19-APR-2021,
OPTSTK,VEDL,29-Apr-2021,197.5,PE,0.35,0.35,0.35,0.35,0.75,1,12.26,18600,0,19-APR-2021,
OPTSTK,VEDL,29-Apr-2021,200,PE,0.5,0.65,0.4,0.4,0.4,91,1131.26,2461400,-68200,19-APR-2021,
OPTSTK,VEDL,29-Apr-2021,202.5,PE,0,0,0,47.05,1.25,0,0,0,0,19-APR-2021,
OPTSTK,VEDL,29-Apr-2021,205,PE,0.9,0.9,0.5,0.5,0.5,21,267.72,477400,49600,19-APR-2021,
OPTSTK,VEDL,29-Apr-2021,207.5,PE,0,0,0,51.05,2.05,0,0,0,0,19-APR-2021,
OPTSTK,VEDL,29-Apr-2021,210,PE,0.9,1.2,0.6,0.8,0.8,369,4824.65,1314400,-68200,19-APR-2021,
OPTSTK,VEDL,29-Apr-2021,212.5,PE,0,0,0,6.5,3.15,0,0,6200,0,19-APR-2021,
OPTSTK,VEDL,29-Apr-2021,215,PE,1.45,1.9,1.1,1.3,1.3,282,3784.44,948600,-43400,19-APR-2021,
OPTSTK,VEDL,29-Apr-2021,217.5,PE,0,0,0,15.95,4.6,0,0,6200,0,19-APR-2021,
OPTSTK,VEDL,29-Apr-2021,220,PE,2.8,3.35,1.85,2.2,2.2,619,8539.42,3044200,-254200,19-APR-2021,
OPTSTK,VEDL,29-Apr-2021,222.5,PE,4.1,4.1,2.45,2.85,2.85,26,363.61,55800,-18600,19-APR-2021,
OPTSTK,VEDL,29-Apr-2021,225,PE,5.05,5.4,3.2,3.7,3.7,441,6265.41,1153200,124000,19-APR-2021,
OPTSTK,VEDL,29-Apr-2021,227.5,PE,8.25,8.25,5.2,5.2,8.8,3,43.47,18600,12400,19-APR-2021,
OPTSTK,VEDL,29-Apr-2021,230,PE,8.5,8.55,5.4,6.1,6.1,282,4140.88,4395800,68200,19-APR-2021,
OPTSTK,VEDL,29-Apr-2021,232.5,PE,9,9,7.05,7.55,7.55,15,223.48,117800,-12400,19-APR-2021,
OPTSTK,VEDL,29-Apr-2021,235,PE,13.85,14,8.95,9.4,9.4,50,760.29,1128400,-93000,19-APR-2021,
OPTSTK,VEDL,29-Apr-2021,237.5,PE,12.45,12.45,12.45,12.45,14.7,1,15.49,248000,0,19-APR-2021,
OPTSTK,VEDL,29-Apr-2021,240,PE,16.5,16.5,13.75,13.8,16.45,7,110.77,1717400,-6200,19-APR-2021,
OPTSTK,VEDL,29-Apr-2021,242.5,PE,0,0,0,64.7,18.25,0,0,0,0,19-APR-2021,
OPTSTK,VEDL,29-Apr-2021,245,PE,0,0,0,13,20.15,0,0,372000,0,19-APR-2021,
OPTSTK,VEDL,29-Apr-2021,247.5,PE,0,0,0,64.3,22.1,0,0,0,0,19-APR-2021,
OPTSTK,VEDL,29-Apr-2021,250,PE,24.05,25.5,24.05,25.5,24.15,3,51.13,198400,0,19-APR-2021,
OPTSTK,VEDL,29-Apr-2021,252.5,PE,0,0,0,63.7,26.25,0,0,0,0,19-APR-2021,
OPTSTK,VEDL,29-Apr-2021,255,PE,0,0,0,63.8,28.4,0,0,0,0,19-APR-2021,
OPTSTK,VEDL,29-Apr-2021,257.5,PE,0,0,0,58.5,30.6,0,0,0,0,19-APR-2021,
OPTSTK,VEDL,29-Apr-2021,260,PE,0,0,0,60.6,32.85,0,0,0,0,19-APR-2021,
OPTSTK,VEDL,29-Apr-2021,265,PE,0,0,0,64.8,37.45,0,0,0,0,19-APR-2021,
OPTSTK,VEDL,29-Apr-2021,270,PE,0,0,0,61,42.2,0,0,0,0,19-APR-2021,
OPTSTK,VEDL,29-Apr-2021,275,PE,0,0,0,64.2,47,0,0,0,0,19-APR-2021,
OPTSTK,VEDL,29-Apr-2021,280,PE,0,0,0,64.75,51.9,0,0,0,0,19-APR-2021,
OPTSTK,VEDL,29-Apr-2021,285,PE,0,0,0,64,56.8,0,0,0,0,19-APR-2021,
OPTSTK,VEDL,27-May-2021,147.5,CE,0,0,0,65.75,81.3,0,0,0,0,19-APR-2021,
OPTSTK,VEDL,27-May-2021,150,CE,0,0,0,63.7,78.85,0,0,0,0,19-APR-2021,
OPTSTK,VEDL,27-May-2021,152.5,CE,0,0,0,61.7,76.45,0,0,0,0,19-APR-2021,
OPTSTK,VEDL,27-May-2021,155,CE,0,0,0,59.75,74,0,0,0,0,19-APR-2021,
OPTSTK,VEDL,27-May-2021,157.5,CE,0,0,0,57.8,71.6,0,0,0,0,19-APR-2021,
OPTSTK,VEDL,27-May-2021,160,CE,0,0,0,55.9,69.2,0,0,0,0,19-APR-2021,
OPTSTK,VEDL,27-May-2021,162.5,CE,0,0,0,54.05,66.85,0,0,0,0,19-APR-2021,
OPTSTK,VEDL,27-May-2021,165,CE,0,0,0,52.25,64.45,0,0,0,0,19-APR-2021,
OPTSTK,VEDL,27-May-2021,167.5,CE,0,0,0,50.45,62.15,0,0,0,0,19-APR-2021,
OPTSTK,VEDL,27-May-2021,170,CE,0,0,0,48.75,59.85,0,0,0,0,19-APR-2021,
OPTSTK,VEDL,27-May-2021,172.5,CE,0,0,0,47.05,57.55,0,0,0,0,19-APR-2021,
OPTSTK,VEDL,27-May-2021,175,CE,0,0,0,45.35,55.3,0,0,0,0,19-APR-2021,
OPTSTK,VEDL,27-May-2021,177.5,CE,0,0,0,43.75,53.1,0,0,0,0,19-APR-2021,
OPTSTK,VEDL,27-May-2021,180,CE,0,0,0,42.15,50.9,0,0,0,0,19-APR-2021,
OPTSTK,VEDL,27-May-2021,182.5,CE,0,0,0,40.65,48.75,0,0,0,0,19-APR-2021,
OPTSTK,VEDL,27-May-2021,185,CE,0,0,0,39.15,46.65,0,0,0,0,19-APR-2021,
OPTSTK,VEDL,27-May-2021,187.5,CE,0,0,0,37.7,44.6,0,0,0,0,19-APR-2021,
OPTSTK,VEDL,27-May-2021,190,CE,0,0,0,36.25,42.55,0,0,0,0,19-APR-2021,
OPTSTK,VEDL,27-May-2021,192.5,CE,0,0,0,34.9,40.6,0,0,0,0,19-APR-2021,
OPTSTK,VEDL,27-May-2021,195,CE,0,0,0,33.55,38.65,0,0,0,0,19-APR-2021,
OPTSTK,VEDL,27-May-2021,197.5,CE,0,0,0,32.3,36.8,0,0,0,0,19-APR-2021,
OPTSTK,VEDL,27-May-2021,200,CE,0,0,0,31,35,0,0,0,0,19-APR-2021,
OPTSTK,VEDL,27-May-2021,202.5,CE,0,0,0,29.8,33.2,0,0,0,0,19-APR-2021,
OPTSTK,VEDL,27-May-2021,205,CE,0,0,0,28.65,31.5,0,0,0,0,19-APR-2021,
OPTSTK,VEDL,27-May-2021,207.5,CE,0,0,0,27.5,29.8,0,0,0,0,19-APR-2021,
OPTSTK,VEDL,27-May-2021,210,CE,0,0,0,26.4,28.2,0,0,0,0,19-APR-2021,
OPTSTK,VEDL,27-May-2021,212.5,CE,0,0,0,25.35,26.65,0,0,0,0,19-APR-2021,
OPTSTK,VEDL,27-May-2021,215,CE,0,0,0,24.3,25.15,0,0,0,0,19-APR-2021,
OPTSTK,VEDL,27-May-2021,217.5,CE,0,0,0,23.3,23.75,0,0,0,0,19-APR-2021,
OPTSTK,VEDL,27-May-2021,220,CE,16,16,16,16,22.35,1,14.63,6200,6200,19-APR-2021,
OPTSTK,VEDL,27-May-2021,222.5,CE,0,0,0,21.4,21.05,0,0,0,0,19-APR-2021,
OPTSTK,VEDL,27-May-2021,225,CE,0,0,0,20.5,19.8,0,0,0,0,19-APR-2021,
OPTSTK,VEDL,27-May-2021,227.5,CE,0,0,0,19.65,18.55,0,0,0,0,19-APR-2021,
OPTSTK,VEDL,27-May-2021,230,CE,0,0,0,18.85,17.4,0,0,0,0,19-APR-2021,
OPTSTK,VEDL,27-May-2021,232.5,CE,0,0,0,18.05,16.3,0,0,0,0,19-APR-2021,
OPTSTK,VEDL,27-May-2021,235,CE,0,0,0,10,15.3,0,0,186000,0,19-APR-2021,
OPTSTK,VEDL,27-May-2021,237.5,CE,0,0,0,16.5,14.3,0,0,0,0,19-APR-2021,
OPTSTK,VEDL,27-May-2021,240,CE,7.9,8.5,6.8,8.05,8.05,16,245.44,750200,68200,19-APR-2021,
OPTSTK,VEDL,27-May-2021,242.5,CE,0,0,0,15.15,12.45,0,0,0,0,19-APR-2021,
OPTSTK,VEDL,27-May-2021,245,CE,0,0,0,6.9,11.6,0,0,55800,0,19-APR-2021,
OPTSTK,VEDL,27-May-2021,247.5,CE,0,0,0,13.85,10.8,0,0,0,0,19-APR-2021,
OPTSTK,VEDL,27-May-2021,250,CE,9.95,9.95,9.95,9.95,10.05,1,16.11,12400,6200,19-APR-2021,
OPTSTK,VEDL,27-May-2021,252.5,CE,0,0,0,12.65,9.35,0,0,0,0,19-APR-2021,
OPTSTK,VEDL,27-May-2021,255,CE,0,0,0,12.1,8.7,0,0,0,0,19-APR-2021,
OPTSTK,VEDL,27-May-2021,257.5,CE,0,0,0,11.55,8.1,0,0,0,0,19-APR-2021,
OPTSTK,VEDL,27-May-2021,260,CE,0,0,0,4,7.5,0,0,6200,0,19-APR-2021,
OPTSTK,VEDL,27-May-2021,265,CE,0,0,0,10.1,6.45,0,0,0,0,19-APR-2021,
OPTSTK,VEDL,27-May-2021,270,CE,0,0,0,10.1,5.5,0,0,0,0,19-APR-2021,
OPTSTK,VEDL,27-May-2021,275,CE,0,0,0,9.4,4.7,0,0,0,0,19-APR-2021,
OPTSTK,VEDL,27-May-2021,280,CE,0,0,0,9.55,4,0,0,0,0,19-APR-2021,
OPTSTK,VEDL,27-May-2021,285,CE,0,0,0,9.35,3.35,0,0,0,0,19-APR-2021,
OPTSTK,VEDL,27-May-2021,147.5,PE,0,0,0,3.75,0.2,0,0,0,0,19-APR-2021,
OPTSTK,VEDL,27-May-2021,150,PE,0,0,0,4.15,0.25,0,0,0,0,19-APR-2021,
OPTSTK,VEDL,27-May-2021,152.5,PE,0,0,0,4.65,0.3,0,0,0,0,19-APR-2021,
OPTSTK,VEDL,27-May-2021,155,PE,0,0,0,5.15,0.35,0,0,0,0,19-APR-2021,
OPTSTK,VEDL,27-May-2021,157.5,PE,0,0,0,5.7,0.45,0,0,0,0,19-APR-2021,
OPTSTK,VEDL,27-May-2021,160,PE,0,0,0,6.3,0.55,0,0,0,0,19-APR-2021,
OPTSTK,VEDL,27-May-2021,162.5,PE,0,0,0,6.9,0.65,0,0,0,0,19-APR-2021,
OPTSTK,VEDL,27-May-2021,165,PE,0,0,0,7.55,0.8,0,0,0,0,19-APR-2021,
OPTSTK,VEDL,27-May-2021,167.5,PE,0,0,0,8.25,0.95,0,0,0,0,19-APR-2021,
OPTSTK,VEDL,27-May-2021,170,PE,0,0,0,9,1.1,0,0,0,0,19-APR-2021,
OPTSTK,VEDL,27-May-2021,172.5,PE,0,0,0,9.8,1.35,0,0,0,0,19-APR-2021,
OPTSTK,VEDL,27-May-2021,175,PE,0,0,0,10.6,1.55,0,0,0,0,19-APR-2021,
OPTSTK,VEDL,27-May-2021,177.5,PE,0,0,0,11.45,1.85,0,0,0,0,19-APR-2021,
OPTSTK,VEDL,27-May-2021,180,PE,0,0,0,12.35,2.15,0,0,0,0,19-APR-2021,
OPTSTK,VEDL,27-May-2021,182.5,PE,0,0,0,13.3,2.5,0,0,0,0,19-APR-2021,
OPTSTK,VEDL,27-May-2021,185,PE,0,0,0,14.25,2.9,0,0,0,0,19-APR-2021,
OPTSTK,VEDL,27-May-2021,187.5,PE,0,0,0,15.3,3.3,0,0,0,0,19-APR-2021,
OPTSTK,VEDL,27-May-2021,190,PE,0,0,0,1.05,3.8,0,0,43400,0,19-APR-2021,
OPTSTK,VEDL,27-May-2021,192.5,PE,0,0,0,17.45,4.3,0,0,0,0,19-APR-2021,
OPTSTK,VEDL,27-May-2021,195,PE,0,0,0,18.6,4.85,0,0,0,0,19-APR-2021,
OPTSTK,VEDL,27-May-2021,197.5,PE,0,0,0,19.8,5.5,0,0,0,0,19-APR-2021,
OPTSTK,VEDL,27-May-2021,200,PE,2,2.5,1.6,2.3,6.15,23,288.48,229400,37200,19-APR-2021,
OPTSTK,VEDL,27-May-2021,202.5,PE,0,0,0,22.25,6.85,0,0,0,0,19-APR-2021,
OPTSTK,VEDL,27-May-2021,205,PE,0,0,0,23.55,7.65,0,0,0,0,19-APR-2021,
OPTSTK,VEDL,27-May-2021,207.5,PE,0,0,0,24.9,8.45,0,0,0,0,19-APR-2021,
OPTSTK,VEDL,27-May-2021,210,PE,0,0,0,26.3,9.35,0,0,0,0,19-APR-2021,
OPTSTK,VEDL,27-May-2021,212.5,PE,0,0,0,27.7,10.3,0,0,0,0,19-APR-2021,
OPTSTK,VEDL,27-May-2021,215,PE,0,0,0,12,11.3,0,0,37200,0,19-APR-2021,
OPTSTK,VEDL,27-May-2021,217.5,PE,0,0,0,30.65,12.35,0,0,0,0,19-APR-2021,
OPTSTK,VEDL,27-May-2021,220,PE,0,0,0,6,13.45,0,0,37200,0,19-APR-2021,
OPTSTK,VEDL,27-May-2021,222.5,PE,0,0,0,33.7,14.6,0,0,0,0,19-APR-2021,
OPTSTK,VEDL,27-May-2021,225,PE,0,0,0,10,15.85,0,0,18600,0,19-APR-2021,
OPTSTK,VEDL,27-May-2021,227.5,PE,0,0,0,36.9,17.15,0,0,0,0,19-APR-2021,
OPTSTK,VEDL,27-May-2021,230,PE,0,0,0,38.55,18.45,0,0,0,0,19-APR-2021,
OPTSTK,VEDL,27-May-2021,232.5,PE,0,0,0,40.2,19.85,0,0,0,0,19-APR-2021,
OPTSTK,VEDL,27-May-2021,235,PE,0,0,0,14.8,21.3,0,0,6200,0,19-APR-2021,
OPTSTK,VEDL,27-May-2021,237.5,PE,0,0,0,43.65,22.8,0,0,0,0,19-APR-2021,
OPTSTK,VEDL,27-May-2021,240,PE,0,0,0,20,24.35,0,0,6200,0,19-APR-2021,
OPTSTK,VEDL,27-May-2021,242.5,PE,0,0,0,47.2,25.95,0,0,0,0,19-APR-2021,
OPTSTK,VEDL,27-May-2021,245,PE,0,0,0,49.05,27.6,0,0,0,0,19-APR-2021,
OPTSTK,VEDL,27-May-2021,247.5,PE,0,0,0,50.9,29.3,0,0,0,0,19-APR-2021,
OPTSTK,VEDL,27-May-2021,250,PE,0,0,0,52.75,31.05,0,0,0,0,19-APR-2021,
OPTSTK,VEDL,27-May-2021,252.5,PE,0,0,0,54.65,32.8,0,0,0,0,19-APR-2021,
OPTSTK,VEDL,27-May-2021,255,PE,0,0,0,56.6,34.65,0,0,0,0,19-APR-2021,
OPTSTK,VEDL,27-May-2021,257.5,PE,0,0,0,58.5,36.5,0,0,0,0,19-APR-2021,
OPTSTK,VEDL,27-May-2021,260,PE,0,0,0,60.5,38.45,0,0,0,0,19-APR-2021,
OPTSTK,VEDL,27-May-2021,265,PE,0,0,0,64.45,42.35,0,0,0,0,19-APR-2021,
OPTSTK,VEDL,27-May-2021,270,PE,0,0,0,64.1,46.4,0,0,0,0,19-APR-2021,
OPTSTK,VEDL,27-May-2021,275,PE,0,0,0,67.25,50.55,0,0,0,0,19-APR-2021,
OPTSTK,VEDL,27-May-2021,280,PE,0,0,0,67.8,54.85,0,0,0,0,19-APR-2021,
OPTSTK,VEDL,27-May-2021,285,PE,0,0,0,67.25,59.2,0,0,0,0,19-APR-2021,
OPTSTK,VEDL,24-Jun-2021,150,CE,0,0,0,76.4,80.1,0,0,0,0,19-APR-2021,
OPTSTK,VEDL,24-Jun-2021,155,CE,0,0,0,72.1,75.5,0,0,0,0,19-APR-2021,
OPTSTK,VEDL,24-Jun-2021,160,CE,0,0,0,67.95,71,0,0,0,0,19-APR-2021,
OPTSTK,VEDL,24-Jun-2021,165,CE,0,0,0,63.9,66.6,0,0,0,0,19-APR-2021,
OPTSTK,VEDL,24-Jun-2021,170,CE,0,0,0,60,62.3,0,0,0,0,19-APR-2021,
OPTSTK,VEDL,24-Jun-2021,175,CE,0,0,0,56.25,58.15,0,0,0,0,19-APR-2021,
OPTSTK,VEDL,24-Jun-2021,180,CE,0,0,0,52.65,54.15,0,0,0,0,19-APR-2021,
OPTSTK,VEDL,24-Jun-2021,185,CE,0,0,0,49.15,50.3,0,0,0,0,19-APR-2021,
OPTSTK,VEDL,24-Jun-2021,190,CE,0,0,0,45.85,46.65,0,0,0,0,19-APR-2021,
OPTSTK,VEDL,24-Jun-2021,195,CE,0,0,0,42.7,43.1,0,0,0,0,19-APR-2021,
OPTSTK,VEDL,24-Jun-2021,200,CE,0,0,0,39.7,39.75,0,0,0,0,19-APR-2021,
OPTSTK,VEDL,24-Jun-2021,205,CE,0,0,0,36.85,36.6,0,0,0,0,19-APR-2021,
OPTSTK,VEDL,24-Jun-2021,210,CE,0,0,0,34.2,33.6,0,0,0,0,19-APR-2021,
OPTSTK,VEDL,24-Jun-2021,215,CE,0,0,0,31.65,30.8,0,0,0,0,19-APR-2021,
OPTSTK,VEDL,24-Jun-2021,220,CE,0,0,0,29.3,28.15,0,0,0,0,19-APR-2021,
OPTSTK,VEDL,24-Jun-2021,225,CE,0,0,0,27.05,25.65,0,0,0,0,19-APR-2021,
OPTSTK,VEDL,24-Jun-2021,230,CE,0,0,0,24.95,23.4,0,0,0,0,19-APR-2021,
OPTSTK,VEDL,24-Jun-2021,235,CE,0,0,0,23,21.25,0,0,0,0,19-APR-2021,
OPTSTK,VEDL,24-Jun-2021,240,CE,0,0,0,21.15,19.25,0,0,0,0,19-APR-2021,
OPTSTK,VEDL,24-Jun-2021,245,CE,0,0,0,19.45,17.45,0,0,0,0,19-APR-2021,
OPTSTK,VEDL,24-Jun-2021,250,CE,0,0,0,17.9,15.75,0,0,0,0,19-APR-2021,
OPTSTK,VEDL,24-Jun-2021,255,CE,0,0,0,16.4,14.25,0,0,0,0,19-APR-2021,
OPTSTK,VEDL,24-Jun-2021,260,CE,0,0,0,15.05,12.8,0,0,0,0,19-APR-2021,
OPTSTK,VEDL,24-Jun-2021,265,CE,0,0,0,13.8,11.55,0,0,0,0,19-APR-2021,
OPTSTK,VEDL,24-Jun-2021,270,CE,0,0,0,12.65,10.4,0,0,0,0,19-APR-2021,
OPTSTK,VEDL,24-Jun-2021,275,CE,0,0,0,11.6,9.3,0,0,0,0,19-APR-2021,
OPTSTK,VEDL,24-Jun-2021,280,CE,0,0,0,10.6,8.35,0,0,0,0,19-APR-2021,
OPTSTK,VEDL,24-Jun-2021,285,CE,0,0,0,9.7,7.45,0,0,0,0,19-APR-2021,
OPTSTK,VEDL,24-Jun-2021,150,PE,0,0,0,2.5,1.05,0,0,0,0,19-APR-2021,
OPTSTK,VEDL,24-Jun-2021,155,PE,0,0,0,3.15,1.4,0,0,0,0,19-APR-2021,
OPTSTK,VEDL,24-Jun-2021,160,PE,0,0,0,3.95,1.85,0,0,0,0,19-APR-2021,
OPTSTK,VEDL,24-Jun-2021,165,PE,0,0,0,4.85,2.45,0,0,0,0,19-APR-2021,
OPTSTK,VEDL,24-Jun-2021,170,PE,0,0,0,5.9,3.1,0,0,0,0,19-APR-2021,
OPTSTK,VEDL,24-Jun-2021,175,PE,0,0,0,7.1,3.95,0,0,0,0,19-APR-2021,
OPTSTK,VEDL,24-Jun-2021,180,PE,0,0,0,8.45,4.9,0,0,0,0,19-APR-2021,
OPTSTK,VEDL,24-Jun-2021,185,PE,0,0,0,9.95,6,0,0,0,0,19-APR-2021,
OPTSTK,VEDL,24-Jun-2021,190,PE,0,0,0,11.6,7.3,0,0,0,0,19-APR-2021,
OPTSTK,VEDL,24-Jun-2021,195,PE,0,0,0,13.4,8.75,0,0,0,0,19-APR-2021,
OPTSTK,VEDL,24-Jun-2021,200,PE,3.35,3.35,3.35,3.35,10.35,2,25.21,111600,12400,19-APR-2021,
OPTSTK,VEDL,24-Jun-2021,205,PE,0,0,0,17.45,12.15,0,0,0,0,19-APR-2021,
OPTSTK,VEDL,24-Jun-2021,210,PE,0,0,0,19.75,14.15,0,0,0,0,19-APR-2021,
OPTSTK,VEDL,24-Jun-2021,215,PE,0,0,0,22.15,16.3,0,0,0,0,19-APR-2021,
OPTSTK,VEDL,24-Jun-2021,220,PE,0,0,0,24.75,18.6,0,0,0,0,19-APR-2021,
OPTSTK,VEDL,24-Jun-2021,225,PE,0,0,0,27.45,21.1,0,0,0,0,19-APR-2021,
OPTSTK,VEDL,24-Jun-2021,230,PE,0,0,0,30.3,23.75,0,0,0,0,19-APR-2021,
OPTSTK,VEDL,24-Jun-2021,235,PE,0,0,0,33.3,26.6,0,0,0,0,19-APR-2021,
OPTSTK,VEDL,24-Jun-2021,240,PE,0,0,0,36.45,29.6,0,0,0,0,19-APR-2021,
OPTSTK,VEDL,24-Jun-2021,245,PE,0,0,0,39.7,32.75,0,0,0,0,19-APR-2021,
OPTSTK,VEDL,24-Jun-2021,250,PE,0,0,0,43.05,36.05,0,0,0,0,19-APR-2021,
OPTSTK,VEDL,24-Jun-2021,255,PE,0,0,0,46.55,39.45,0,0,0,0,19-APR-2021,
OPTSTK,VEDL,24-Jun-2021,260,PE,0,0,0,50.15,43,0,0,0,0,19-APR-2021,
OPTSTK,VEDL,24-Jun-2021,265,PE,0,0,0,53.85,46.7,0,0,0,0,19-APR-2021,
OPTSTK,VEDL,24-Jun-2021,270,PE,0,0,0,57.65,50.5,0,0,0,0,19-APR-2021,
OPTSTK,VEDL,24-Jun-2021,275,PE,0,0,0,61.5,54.4,0,0,0,0,19-APR-2021,
OPTSTK,VEDL,24-Jun-2021,280,PE,0,0,0,65.5,58.4,0,0,0,0,19-APR-2021,
OPTSTK,VEDL,24-Jun-2021,285,PE,0,0,0,69.55,62.5,0,0,0,0,19-APR-2021,
OPTSTK,VOLTAS,29-Apr-2021,590,CE,0,0,0,349.55,367.35,0,0,0,0,19-APR-2021,
OPTSTK,VOLTAS,29-Apr-2021,600,CE,0,0,0,401,357.35,0,0,2000,0,19-APR-2021,
OPTSTK,VOLTAS,29-Apr-2021,610,CE,0,0,0,330.15,347.4,0,0,0,0,19-APR-2021,
OPTSTK,VOLTAS,29-Apr-2021,620,CE,0,0,0,375,337.4,0,0,1000,0,19-APR-2021,
OPTSTK,VOLTAS,29-Apr-2021,630,CE,0,0,0,310.95,327.4,0,0,0,0,19-APR-2021,
OPTSTK,VOLTAS,29-Apr-2021,640,CE,0,0,0,301.4,317.4,0,0,0,0,19-APR-2021,
OPTSTK,VOLTAS,29-Apr-2021,650,CE,0,0,0,291.95,307.4,0,0,0,0,19-APR-2021,
OPTSTK,VOLTAS,29-Apr-2021,660,CE,0,0,0,282.55,297.45,0,0,0,0,19-APR-2021,
OPTSTK,VOLTAS,29-Apr-2021,670,CE,0,0,0,273.25,287.45,0,0,0,0,19-APR-2021,
OPTSTK,VOLTAS,29-Apr-2021,680,CE,0,0,0,264,277.45,0,0,0,0,19-APR-2021,
OPTSTK,VOLTAS,29-Apr-2021,690,CE,0,0,0,254.9,267.45,0,0,0,0,19-APR-2021,
OPTSTK,VOLTAS,29-Apr-2021,700,CE,0,0,0,245.85,257.45,0,0,0,0,19-APR-2021,
OPTSTK,VOLTAS,29-Apr-2021,710,CE,0,0,0,236.95,247.5,0,0,0,0,19-APR-2021,
OPTSTK,VOLTAS,29-Apr-2021,720,CE,0,0,0,228.15,237.5,0,0,0,0,19-APR-2021,
OPTSTK,VOLTAS,29-Apr-2021,730,CE,0,0,0,219.5,227.5,0,0,0,0,19-APR-2021,
OPTSTK,VOLTAS,29-Apr-2021,740,CE,0,0,0,211,217.5,0,0,0,0,19-APR-2021,
OPTSTK,VOLTAS,29-Apr-2021,750,CE,0,0,0,202.6,207.5,0,0,0,0,19-APR-2021,
OPTSTK,VOLTAS,29-Apr-2021,760,CE,0,0,0,194.4,197.55,0,0,0,0,19-APR-2021,
OPTSTK,VOLTAS,29-Apr-2021,770,CE,0,0,0,186.35,187.55,0,0,0,0,19-APR-2021,
OPTSTK,VOLTAS,29-Apr-2021,780,CE,0,0,0,178.45,177.55,0,0,0,0,19-APR-2021,
OPTSTK,VOLTAS,29-Apr-2021,790,CE,0,0,0,170.75,167.6,0,0,0,0,19-APR-2021,
OPTSTK,VOLTAS,29-Apr-2021,800,CE,0,0,0,163.25,157.65,0,0,0,0,19-APR-2021,
OPTSTK,VOLTAS,29-Apr-2021,810,CE,0,0,0,155.9,147.75,0,0,0,0,19-APR-2021,
OPTSTK,VOLTAS,29-Apr-2021,820,CE,0,0,0,148.75,137.85,0,0,0,0,19-APR-2021,
OPTSTK,VOLTAS,29-Apr-2021,830,CE,0,0,0,141.8,128.05,0,0,0,0,19-APR-2021,
OPTSTK,VOLTAS,29-Apr-2021,840,CE,0,0,0,135,118.3,0,0,0,0,19-APR-2021,
OPTSTK,VOLTAS,29-Apr-2021,850,CE,0,0,0,128.45,108.7,0,0,0,0,19-APR-2021,
OPTSTK,VOLTAS,29-Apr-2021,860,CE,0,0,0,122.15,99.25,0,0,0,0,19-APR-2021,
OPTSTK,VOLTAS,29-Apr-2021,870,CE,0,0,0,116,90,0,0,0,0,19-APR-2021,
OPTSTK,VOLTAS,29-Apr-2021,880,CE,0,0,0,110.1,81.05,0,0,0,0,19-APR-2021,
OPTSTK,VOLTAS,29-Apr-2021,890,CE,0,0,0,104.35,72.4,0,0,0,0,19-APR-2021,
OPTSTK,VOLTAS,29-Apr-2021,900,CE,45,45.2,45,45.2,64.15,3,28.35,6000,3000,19-APR-2021,
OPTSTK,VOLTAS,29-Apr-2021,910,CE,0,0,0,93.55,56.3,0,0,0,0,19-APR-2021,
OPTSTK,VOLTAS,29-Apr-2021,920,CE,36,36,36,36,48.95,2,19.12,2000,2000,19-APR-2021,
OPTSTK,VOLTAS,29-Apr-2021,930,CE,0,0,0,83.6,42.15,0,0,0,0,19-APR-2021,
OPTSTK,VOLTAS,29-Apr-2021,940,CE,19.15,37.7,17.25,35.15,35.15,248,2397.18,41000,35000,19-APR-2021,
OPTSTK,VOLTAS,29-Apr-2021,950,CE,17.05,32.25,14.7,30,30,487,4740.62,78000,37000,19-APR-2021,
OPTSTK,VOLTAS,29-Apr-2021,960,CE,17.35,27.4,12,24.9,24.9,596,5849.15,119000,29000,19-APR-2021,
OPTSTK,VOLTAS,29-Apr-2021,970,CE,9.05,22.45,9.05,20.3,20.3,289,2848.19,57000,-12000,19-APR-2021,
OPTSTK,VOLTAS,29-Apr-2021,980,CE,9.85,18.5,8,16.85,16.85,541,5374.08,102000,-6000,19-APR-2021,
OPTSTK,VOLTAS,29-Apr-2021,990,CE,8.95,15.1,8.45,13.9,13.9,40,401.01,52000,7000,19-APR-2021,
OPTSTK,VOLTAS,29-Apr-2021,1000,CE,9,12.65,5.55,11.15,11.15,1035,10443.95,310000,75000,19-APR-2021,
OPTSTK,VOLTAS,29-Apr-2021,1010,CE,3.25,10,3.25,8.9,8.9,47,478.03,65000,-8000,19-APR-2021,
OPTSTK,VOLTAS,29-Apr-2021,1020,CE,4.75,8.15,3,7.35,7.35,314,3218.88,241000,11000,19-APR-2021,
OPTSTK,VOLTAS,29-Apr-2021,1030,CE,1.85,6.75,1.85,6.2,6.2,10,103.49,88000,-4000,19-APR-2021,
OPTSTK,VOLTAS,29-Apr-2021,1040,CE,5,5.55,2.5,5.1,5.1,60,626.23,94000,7000,19-APR-2021,
OPTSTK,VOLTAS,29-Apr-2021,1050,CE,1.95,4.5,1.9,4.25,4.25,452,4760.51,322000,-52000,19-APR-2021,
OPTSTK,VOLTAS,29-Apr-2021,1060,CE,2.45,3.9,2.15,3.25,3.25,91,966.91,77000,-20000,19-APR-2021,
OPTSTK,VOLTAS,29-Apr-2021,1070,CE,2.4,2.4,1.65,2.4,1.65,11,117.93,32000,-3000,19-APR-2021,
OPTSTK,VOLTAS,29-Apr-2021,1080,CE,2.35,2.7,1.5,2.7,2.7,15,162.31,55000,-4000,19-APR-2021,
OPTSTK,VOLTAS,29-Apr-2021,1090,CE,1.8,1.8,1.8,1.8,0.85,1,10.91,7000,0,19-APR-2021,
OPTSTK,VOLTAS,29-Apr-2021,1100,CE,2.2,2.75,1.2,2.25,2.25,346,3812.44,833000,21000,19-APR-2021,
OPTSTK,VOLTAS,29-Apr-2021,1110,CE,1.25,1.45,1.25,1.45,0.45,2,22.22,19000,0,19-APR-2021,
OPTSTK,VOLTAS,29-Apr-2021,1120,CE,1.15,1.45,1.05,1.4,1.4,8,89.7,50000,1000,19-APR-2021,
OPTSTK,VOLTAS,29-Apr-2021,1130,CE,0,0,0,22.8,0.2,0,0,0,0,19-APR-2021,
OPTSTK,VOLTAS,29-Apr-2021,1140,CE,0.2,1.2,0.2,1.2,1.2,14,159.69,20000,-6000,19-APR-2021,
OPTSTK,VOLTAS,29-Apr-2021,1150,CE,1,1.35,0.55,0.7,0.7,31,356.77,59000,-8000,19-APR-2021,
OPTSTK,VOLTAS,29-Apr-2021,1160,CE,0,0,0,18.35,0.1,0,0,0,0,19-APR-2021,
OPTSTK,VOLTAS,29-Apr-2021,1170,CE,0,0,0,17.05,0.05,0,0,0,0,19-APR-2021,
OPTSTK,VOLTAS,29-Apr-2021,1180,CE,0,0,0,15.8,0.05,0,0,0,0,19-APR-2021,
OPTSTK,VOLTAS,29-Apr-2021,1190,CE,0,0,0,14.7,0.05,0,0,0,0,19-APR-2021,
OPTSTK,VOLTAS,29-Apr-2021,1200,CE,0.2,0.65,0.2,0.65,0.65,47,564.24,139000,-20000,19-APR-2021,
OPTSTK,VOLTAS,29-Apr-2021,1210,CE,0,0,0,12.6,0.05,0,0,0,0,19-APR-2021,
OPTSTK,VOLTAS,29-Apr-2021,1220,CE,0,0,0,11.7,0,0,0,0,0,19-APR-2021,
OPTSTK,VOLTAS,29-Apr-2021,1230,CE,0,0,0,10.8,0,0,0,0,0,19-APR-2021,
OPTSTK,VOLTAS,29-Apr-2021,1240,CE,0,0,0,10,0,0,0,0,0,19-APR-2021,
OPTSTK,VOLTAS,29-Apr-2021,1250,CE,0,0,0,9.25,0,0,0,0,0,19-APR-2021,
OPTSTK,VOLTAS,29-Apr-2021,1260,CE,0,0,0,8.55,0,0,0,0,0,19-APR-2021,
OPTSTK,VOLTAS,29-Apr-2021,1270,CE,0,0,0,7.9,0,0,0,0,0,19-APR-2021,
OPTSTK,VOLTAS,29-Apr-2021,590,PE,0,0,0,0.7,0,0,0,0,0,19-APR-2021,
OPTSTK,VOLTAS,29-Apr-2021,600,PE,0,0,0,0.9,0,0,0,0,0,19-APR-2021,
OPTSTK,VOLTAS,29-Apr-2021,610,PE,0,0,0,1.1,0,0,0,0,0,19-APR-2021,
OPTSTK,VOLTAS,29-Apr-2021,620,PE,0,0,0,1.4,0,0,0,0,0,19-APR-2021,
OPTSTK,VOLTAS,29-Apr-2021,630,PE,0,0,0,1.7,0,0,0,0,0,19-APR-2021,
OPTSTK,VOLTAS,29-Apr-2021,640,PE,0,0,0,2.1,0,0,0,0,0,19-APR-2021,
OPTSTK,VOLTAS,29-Apr-2021,650,PE,0,0,0,2.5,0,0,0,0,0,19-APR-2021,
OPTSTK,VOLTAS,29-Apr-2021,660,PE,0,0,0,3.05,0,0,0,0,0,19-APR-2021,
OPTSTK,VOLTAS,29-Apr-2021,670,PE,0,0,0,3.65,0,0,0,0,0,19-APR-2021,
OPTSTK,VOLTAS,29-Apr-2021,680,PE,0,0,0,4.3,0,0,0,0,0,19-APR-2021,
OPTSTK,VOLTAS,29-Apr-2021,690,PE,0,0,0,5.1,0,0,0,0,0,19-APR-2021,
OPTSTK,VOLTAS,29-Apr-2021,700,PE,0,0,0,6,0,0,0,0,0,19-APR-2021,
OPTSTK,VOLTAS,29-Apr-2021,710,PE,0,0,0,7,0,0,0,0,0,19-APR-2021,
OPTSTK,VOLTAS,29-Apr-2021,720,PE,0,0,0,8.1,0,0,0,0,0,19-APR-2021,
OPTSTK,VOLTAS,29-Apr-2021,730,PE,0,0,0,9.35,0,0,0,0,0,19-APR-2021,
OPTSTK,VOLTAS,29-Apr-2021,740,PE,0,0,0,10.75,0,0,0,0,0,19-APR-2021,
OPTSTK,VOLTAS,29-Apr-2021,750,PE,0,0,0,12.3,0,0,0,0,0,19-APR-2021,
OPTSTK,VOLTAS,29-Apr-2021,760,PE,0,0,0,13.95,0.05,0,0,0,0,19-APR-2021,
OPTSTK,VOLTAS,29-Apr-2021,770,PE,0,0,0,15.85,0.05,0,0,0,0,19-APR-2021,
OPTSTK,VOLTAS,29-Apr-2021,780,PE,0,0,0,17.85,0.05,0,0,0,0,19-APR-2021,
OPTSTK,VOLTAS,29-Apr-2021,790,PE,0,0,0,20.05,0.05,0,0,0,0,19-APR-2021,
OPTSTK,VOLTAS,29-Apr-2021,800,PE,0,0,0,2.95,0.1,0,0,6000,0,19-APR-2021,
OPTSTK,VOLTAS,29-Apr-2021,810,PE,0,0,0,25,0.2,0,0,0,0,19-APR-2021,
OPTSTK,VOLTAS,29-Apr-2021,820,PE,0,0,0,27.8,0.3,0,0,0,0,19-APR-2021,
OPTSTK,VOLTAS,29-Apr-2021,830,PE,0,0,0,30.75,0.45,0,0,0,0,19-APR-2021,
OPTSTK,VOLTAS,29-Apr-2021,840,PE,0,0,0,33.85,0.7,0,0,0,0,19-APR-2021,
OPTSTK,VOLTAS,29-Apr-2021,850,PE,3,7,2.75,2.9,2.9,69,589.25,71000,8000,19-APR-2021,
OPTSTK,VOLTAS,29-Apr-2021,860,PE,0,0,0,40.75,1.65,0,0,0,0,19-APR-2021,
OPTSTK,VOLTAS,29-Apr-2021,870,PE,0,0,0,44.55,2.4,0,0,0,0,19-APR-2021,
OPTSTK,VOLTAS,29-Apr-2021,880,PE,4,5.95,3.4,5.5,5.5,9,79.67,6000,6000,19-APR-2021,
OPTSTK,VOLTAS,29-Apr-2021,890,PE,0,0,0,52.7,4.75,0,0,0,0,19-APR-2021,
OPTSTK,VOLTAS,29-Apr-2021,900,PE,12.95,16.95,8,8.2,8.2,535,4877.07,200000,-22000,19-APR-2021,
OPTSTK,VOLTAS,29-Apr-2021,910,PE,17,17,9.75,10.7,8.65,10,92.24,28000,2000,19-APR-2021,
OPTSTK,VOLTAS,29-Apr-2021,920,PE,26.9,26.9,12.05,12.75,12.75,106,991.65,40000,10000,19-APR-2021,
OPTSTK,VOLTAS,29-Apr-2021,930,PE,24.3,24.3,15.05,15.05,14.5,7,66.58,14000,-1000,19-APR-2021,
OPTSTK,VOLTAS,29-Apr-2021,940,PE,34.25,34.5,18.05,18.9,18.9,143,1377.8,56000,8000,19-APR-2021,
OPTSTK,VOLTAS,29-Apr-2021,950,PE,44.05,44.05,21.5,23.25,23.25,128,1251.54,213000,5000,19-APR-2021,
OPTSTK,VOLTAS,29-Apr-2021,960,PE,44.55,50.5,27,28.15,28.15,76,756.01,53000,-2000,19-APR-2021,
OPTSTK,VOLTAS,29-Apr-2021,970,PE,48.65,48.65,33.5,33.5,33.5,3,30.29,30000,-1000,19-APR-2021,
OPTSTK,VOLTAS,29-Apr-2021,980,PE,52,52,40,40,39.3,4,41.08,51000,0,19-APR-2021,
OPTSTK,VOLTAS,29-Apr-2021,990,PE,51.3,51.3,51.3,51.3,46,1,10.41,14000,-1000,19-APR-2021,
OPTSTK,VOLTAS,29-Apr-2021,1000,PE,77,77,53.35,55.7,55.7,13,138.03,98000,-5000,19-APR-2021,
OPTSTK,VOLTAS,29-Apr-2021,1010,PE,0,0,0,59.5,60.9,0,0,10000,0,19-APR-2021,
OPTSTK,VOLTAS,29-Apr-2021,1020,PE,0,0,0,70.55,69,0,0,21000,0,19-APR-2021,
OPTSTK,VOLTAS,29-Apr-2021,1030,PE,0,0,0,132.35,77.45,0,0,0,0,19-APR-2021,
OPTSTK,VOLTAS,29-Apr-2021,1040,PE,117.05,117.05,117.05,117.05,86.2,1,11.57,4000,1000,19-APR-2021,
OPTSTK,VOLTAS,29-Apr-2021,1050,PE,0,0,0,88.75,95.2,0,0,8000,0,19-APR-2021,
OPTSTK,VOLTAS,29-Apr-2021,1060,PE,103,103,103,103,103,1,11.63,4000,1000,19-APR-2021,
OPTSTK,VOLTAS,29-Apr-2021,1070,PE,0,0,0,161.4,113.85,0,0,0,0,19-APR-2021,
OPTSTK,VOLTAS,29-Apr-2021,1080,PE,0,0,0,169.05,123.35,0,0,0,0,19-APR-2021,
OPTSTK,VOLTAS,29-Apr-2021,1090,PE,0,0,0,176.8,133.05,0,0,0,0,19-APR-2021,
OPTSTK,VOLTAS,29-Apr-2021,1100,PE,0,0,0,119,142.8,0,0,2000,0,19-APR-2021,
OPTSTK,VOLTAS,29-Apr-2021,1110,PE,0,0,0,192.65,152.6,0,0,0,0,19-APR-2021,
OPTSTK,VOLTAS,29-Apr-2021,1120,PE,0,0,0,200.75,162.45,0,0,0,0,19-APR-2021,
OPTSTK,VOLTAS,29-Apr-2021,1130,PE,0,0,0,208.95,172.35,0,0,0,0,19-APR-2021,
OPTSTK,VOLTAS,29-Apr-2021,1140,PE,0,0,0,217.3,182.25,0,0,0,0,19-APR-2021,
OPTSTK,VOLTAS,29-Apr-2021,1150,PE,0,0,0,225.7,192.2,0,0,0,0,19-APR-2021,
OPTSTK,VOLTAS,29-Apr-2021,1160,PE,0,0,0,234.2,202.2,0,0,0,0,19-APR-2021,
OPTSTK,VOLTAS,29-Apr-2021,1170,PE,0,0,0,242.8,212.15,0,0,0,0,19-APR-2021,
OPTSTK,VOLTAS,29-Apr-2021,1180,PE,0,0,0,251.5,222.1,0,0,0,0,19-APR-2021,
OPTSTK,VOLTAS,29-Apr-2021,1190,PE,0,0,0,260.25,232.1,0,0,0,0,19-APR-2021,
OPTSTK,VOLTAS,29-Apr-2021,1200,PE,0,0,0,269.1,242.1,0,0,0,0,19-APR-2021,
OPTSTK,VOLTAS,29-Apr-2021,1210,PE,0,0,0,278,252.05,0,0,0,0,19-APR-2021,
OPTSTK,VOLTAS,29-Apr-2021,1220,PE,0,0,0,287,262.05,0,0,0,0,19-APR-2021,
OPTSTK,VOLTAS,29-Apr-2021,1230,PE,0,0,0,296.05,272.05,0,0,0,0,19-APR-2021,
OPTSTK,VOLTAS,29-Apr-2021,1240,PE,0,0,0,305.15,282.05,0,0,0,0,19-APR-2021,
OPTSTK,VOLTAS,29-Apr-2021,1250,PE,0,0,0,314.3,292.05,0,0,0,0,19-APR-2021,
OPTSTK,VOLTAS,29-Apr-2021,1260,PE,0,0,0,323.5,302,0,0,0,0,19-APR-2021,
OPTSTK,VOLTAS,29-Apr-2021,1270,PE,0,0,0,332.75,312,0,0,0,0,19-APR-2021,
OPTSTK,VOLTAS,27-May-2021,710,CE,0,0,0,347.4,250,0,0,0,0,19-APR-2021,
OPTSTK,VOLTAS,27-May-2021,720,CE,0,0,0,337.9,240.25,0,0,0,0,19-APR-2021,
OPTSTK,VOLTAS,27-May-2021,730,CE,0,0,0,328.45,230.5,0,0,0,0,19-APR-2021,
OPTSTK,VOLTAS,27-May-2021,740,CE,0,0,0,319.05,220.8,0,0,0,0,19-APR-2021,
OPTSTK,VOLTAS,27-May-2021,750,CE,0,0,0,309.75,211.2,0,0,0,0,19-APR-2021,
OPTSTK,VOLTAS,27-May-2021,760,CE,0,0,0,300.5,201.65,0,0,0,0,19-APR-2021,
OPTSTK,VOLTAS,27-May-2021,770,CE,0,0,0,291.35,192.2,0,0,0,0,19-APR-2021,
OPTSTK,VOLTAS,27-May-2021,780,CE,0,0,0,282.3,182.9,0,0,0,0,19-APR-2021,
OPTSTK,VOLTAS,27-May-2021,790,CE,0,0,0,273.35,173.7,0,0,0,0,19-APR-2021,
OPTSTK,VOLTAS,27-May-2021,800,CE,0,0,0,264.5,164.65,0,0,0,0,19-APR-2021,
OPTSTK,VOLTAS,27-May-2021,810,CE,0,0,0,255.75,155.75,0,0,0,0,19-APR-2021,
OPTSTK,VOLTAS,27-May-2021,820,CE,0,0,0,247.1,147.05,0,0,0,0,19-APR-2021,
OPTSTK,VOLTAS,27-May-2021,830,CE,0,0,0,238.6,138.5,0,0,0,0,19-APR-2021,
OPTSTK,VOLTAS,27-May-2021,840,CE,0,0,0,230.25,130.2,0,0,0,0,19-APR-2021,
OPTSTK,VOLTAS,27-May-2021,850,CE,0,0,0,222,122.15,0,0,0,0,19-APR-2021,
OPTSTK,VOLTAS,27-May-2021,860,CE,0,0,0,213.9,114.3,0,0,0,0,19-APR-2021,
OPTSTK,VOLTAS,27-May-2021,870,CE,0,0,0,205.95,106.7,0,0,0,0,19-APR-2021,
OPTSTK,VOLTAS,27-May-2021,880,CE,0,0,0,198.15,99.45,0,0,0,0,19-APR-2021,
OPTSTK,VOLTAS,27-May-2021,890,CE,0,0,0,190.5,92.35,0,0,0,0,19-APR-2021,
OPTSTK,VOLTAS,27-May-2021,900,CE,0,0,0,183.1,85.6,0,0,0,0,19-APR-2021,
OPTSTK,VOLTAS,27-May-2021,910,CE,0,0,0,175.75,79.2,0,0,0,0,19-APR-2021,
OPTSTK,VOLTAS,27-May-2021,920,CE,0,0,0,168.65,73.05,0,0,0,0,19-APR-2021,
OPTSTK,VOLTAS,27-May-2021,930,CE,0,0,0,161.65,67.25,0,0,0,0,19-APR-2021,
OPTSTK,VOLTAS,27-May-2021,940,CE,0,0,0,154.85,61.75,0,0,0,0,19-APR-2021,
OPTSTK,VOLTAS,27-May-2021,950,CE,0,0,0,148.2,56.55,0,0,0,0,19-APR-2021,
OPTSTK,VOLTAS,27-May-2021,960,CE,0,0,0,141.8,51.65,0,0,0,0,19-APR-2021,
OPTSTK,VOLTAS,27-May-2021,970,CE,0,0,0,135.55,47.1,0,0,0,0,19-APR-2021,
OPTSTK,VOLTAS,27-May-2021,980,CE,26,26,26,26,42.8,1,10.06,1000,1000,19-APR-2021,
OPTSTK,VOLTAS,27-May-2021,990,CE,0,0,0,123.6,38.85,0,0,0,0,19-APR-2021,
OPTSTK,VOLTAS,27-May-2021,1000,CE,28,28,28,28,35.15,1,10.28,2000,1000,19-APR-2021,
OPTSTK,VOLTAS,27-May-2021,1010,CE,0,0,0,112.4,31.7,0,0,0,0,19-APR-2021,
OPTSTK,VOLTAS,27-May-2021,1020,CE,0,0,0,26,28.55,0,0,1000,0,19-APR-2021,
OPTSTK,VOLTAS,27-May-2021,1030,CE,0,0,0,101.95,25.65,0,0,0,0,19-APR-2021,
OPTSTK,VOLTAS,27-May-2021,1040,CE,0,0,0,97,23,0,0,0,0,19-APR-2021,
OPTSTK,VOLTAS,27-May-2021,1050,CE,0,0,0,92.2,20.6,0,0,0,0,19-APR-2021,
OPTSTK,VOLTAS,27-May-2021,1060,CE,0,0,0,87.6,18.4,0,0,0,0,19-APR-2021,
OPTSTK,VOLTAS,27-May-2021,1070,CE,0,0,0,83.2,16.35,0,0,0,0,19-APR-2021,
OPTSTK,VOLTAS,27-May-2021,1080,CE,0,0,0,78.95,14.55,0,0,0,0,19-APR-2021,
OPTSTK,VOLTAS,27-May-2021,1090,CE,0,0,0,74.85,12.9,0,0,0,0,19-APR-2021,
OPTSTK,VOLTAS,27-May-2021,1100,CE,3.35,3.35,3.35,3.35,11.4,1,11.03,5000,1000,19-APR-2021,
OPTSTK,VOLTAS,27-May-2021,1110,CE,0,0,0,67.2,10.05,0,0,0,0,19-APR-2021,
OPTSTK,VOLTAS,27-May-2021,1120,CE,0,0,0,63.6,8.85,0,0,0,0,19-APR-2021,
OPTSTK,VOLTAS,27-May-2021,1130,CE,0,0,0,60.15,7.8,0,0,0,0,19-APR-2021,
OPTSTK,VOLTAS,27-May-2021,1140,CE,0,0,0,56.9,6.85,0,0,0,0,19-APR-2021,
OPTSTK,VOLTAS,27-May-2021,1150,CE,0,0,0,53.75,6,0,0,0,0,19-APR-2021,
OPTSTK,VOLTAS,27-May-2021,1160,CE,0,0,0,50.75,5.25,0,0,0,0,19-APR-2021,
OPTSTK,VOLTAS,27-May-2021,1170,CE,0,0,0,47.9,4.55,0,0,0,0,19-APR-2021,
OPTSTK,VOLTAS,27-May-2021,1180,CE,0,0,0,45.2,3.95,0,0,0,0,19-APR-2021,
OPTSTK,VOLTAS,27-May-2021,1190,CE,0,0,0,42.6,3.45,0,0,0,0,19-APR-2021,
OPTSTK,VOLTAS,27-May-2021,1200,CE,0,0,0,40.2,3,0,0,0,0,19-APR-2021,
OPTSTK,VOLTAS,27-May-2021,1210,CE,0,0,0,37.85,2.6,0,0,0,0,19-APR-2021,
OPTSTK,VOLTAS,27-May-2021,1220,CE,0,0,0,35.65,2.25,0,0,0,0,19-APR-2021,
OPTSTK,VOLTAS,27-May-2021,1230,CE,0,0,0,33.55,1.95,0,0,0,0,19-APR-2021,
OPTSTK,VOLTAS,27-May-2021,1240,CE,0,0,0,31.55,1.65,0,0,0,0,19-APR-2021,
OPTSTK,VOLTAS,27-May-2021,1250,CE,0,0,0,29.6,1.45,0,0,0,0,19-APR-2021,
OPTSTK,VOLTAS,27-May-2021,1260,CE,0,0,0,27.8,1.25,0,0,0,0,19-APR-2021,
OPTSTK,VOLTAS,27-May-2021,1270,CE,0,0,0,26.1,1.05,0,0,0,0,19-APR-2021,
OPTSTK,VOLTAS,27-May-2021,710,PE,0,0,0,2.1,0.5,0,0,0,0,19-APR-2021,
OPTSTK,VOLTAS,27-May-2021,720,PE,0,0,0,2.5,0.65,0,0,0,0,19-APR-2021,
OPTSTK,VOLTAS,27-May-2021,730,PE,0,0,0,2.95,0.9,0,0,0,0,19-APR-2021,
OPTSTK,VOLTAS,27-May-2021,740,PE,0,0,0,3.45,1.15,0,0,0,0,19-APR-2021,
OPTSTK,VOLTAS,27-May-2021,750,PE,0,0,0,4.05,1.5,0,0,0,0,19-APR-2021,
OPTSTK,VOLTAS,27-May-2021,760,PE,0,0,0,4.75,1.95,0,0,0,0,19-APR-2021,
OPTSTK,VOLTAS,27-May-2021,770,PE,0,0,0,5.5,2.45,0,0,0,0,19-APR-2021,
OPTSTK,VOLTAS,27-May-2021,780,PE,0,0,0,6.35,3.1,0,0,0,0,19-APR-2021,
OPTSTK,VOLTAS,27-May-2021,790,PE,0,0,0,7.3,3.85,0,0,0,0,19-APR-2021,
OPTSTK,VOLTAS,27-May-2021,800,PE,0,0,0,8.35,4.8,0,0,0,0,19-APR-2021,
OPTSTK,VOLTAS,27-May-2021,810,PE,0,0,0,9.5,5.85,0,0,0,0,19-APR-2021,
OPTSTK,VOLTAS,27-May-2021,820,PE,0,0,0,10.8,7.1,0,0,0,0,19-APR-2021,
OPTSTK,VOLTAS,27-May-2021,830,PE,0,0,0,12.2,8.55,0,0,0,0,19-APR-2021,
OPTSTK,VOLTAS,27-May-2021,840,PE,0,0,0,13.7,10.2,0,0,0,0,19-APR-2021,
OPTSTK,VOLTAS,27-May-2021,850,PE,0,0,0,15.4,12.05,0,0,0,0,19-APR-2021,
OPTSTK,VOLTAS,27-May-2021,860,PE,0,0,0,17.2,14.2,0,0,0,0,19-APR-2021,
OPTSTK,VOLTAS,27-May-2021,870,PE,0,0,0,19.15,16.55,0,0,0,0,19-APR-2021,
OPTSTK,VOLTAS,27-May-2021,880,PE,0,0,0,21.25,19.25,0,0,0,0,19-APR-2021,
OPTSTK,VOLTAS,27-May-2021,890,PE,0,0,0,23.55,22.15,0,0,0,0,19-APR-2021,
OPTSTK,VOLTAS,27-May-2021,900,PE,0,0,0,24.5,25.35,0,0,3000,0,19-APR-2021,
OPTSTK,VOLTAS,27-May-2021,910,PE,0,0,0,28.6,28.9,0,0,0,0,19-APR-2021,
OPTSTK,VOLTAS,27-May-2021,920,PE,0,0,0,31.35,32.75,0,0,0,0,19-APR-2021,
OPTSTK,VOLTAS,27-May-2021,930,PE,0,0,0,34.3,36.85,0,0,0,0,19-APR-2021,
OPTSTK,VOLTAS,27-May-2021,940,PE,0,0,0,37.4,41.35,0,0,0,0,19-APR-2021,
OPTSTK,VOLTAS,27-May-2021,950,PE,0,0,0,55,46.1,0,0,9000,0,19-APR-2021,
OPTSTK,VOLTAS,27-May-2021,960,PE,0,0,0,44.15,51.15,0,0,0,0,19-APR-2021,
OPTSTK,VOLTAS,27-May-2021,970,PE,0,0,0,47.8,56.55,0,0,0,0,19-APR-2021,
OPTSTK,VOLTAS,27-May-2021,980,PE,0,0,0,51.65,62.25,0,0,0,0,19-APR-2021,
OPTSTK,VOLTAS,27-May-2021,990,PE,0,0,0,55.7,68.25,0,0,0,0,19-APR-2021,
OPTSTK,VOLTAS,27-May-2021,1000,PE,0,0,0,59.9,74.5,0,0,0,0,19-APR-2021,
OPTSTK,VOLTAS,27-May-2021,1010,PE,0,0,0,64.3,81.05,0,0,0,0,19-APR-2021,
OPTSTK,VOLTAS,27-May-2021,1020,PE,0,0,0,68.9,87.85,0,0,0,0,19-APR-2021,
OPTSTK,VOLTAS,27-May-2021,1030,PE,0,0,0,73.65,94.9,0,0,0,0,19-APR-2021,
OPTSTK,VOLTAS,27-May-2021,1040,PE,0,0,0,78.6,102.2,0,0,0,0,19-APR-2021,
OPTSTK,VOLTAS,27-May-2021,1050,PE,0,0,0,83.75,109.8,0,0,0,0,19-APR-2021,
OPTSTK,VOLTAS,27-May-2021,1060,PE,0,0,0,89.05,117.5,0,0,0,0,19-APR-2021,
OPTSTK,VOLTAS,27-May-2021,1070,PE,0,0,0,94.55,125.45,0,0,0,0,19-APR-2021,
OPTSTK,VOLTAS,27-May-2021,1080,PE,0,0,0,100.2,133.6,0,0,0,0,19-APR-2021,
OPTSTK,VOLTAS,27-May-2021,1090,PE,0,0,0,106,141.9,0,0,0,0,19-APR-2021,
OPTSTK,VOLTAS,27-May-2021,1100,PE,0,0,0,112,150.35,0,0,0,0,19-APR-2021,
OPTSTK,VOLTAS,27-May-2021,1110,PE,0,0,0,118.15,159,0,0,0,0,19-APR-2021,
OPTSTK,VOLTAS,27-May-2021,1120,PE,0,0,0,124.5,167.75,0,0,0,0,19-APR-2021,
OPTSTK,VOLTAS,27-May-2021,1130,PE,0,0,0,130.95,176.65,0,0,0,0,19-APR-2021,
OPTSTK,VOLTAS,27-May-2021,1140,PE,0,0,0,137.6,185.65,0,0,0,0,19-APR-2021,
OPTSTK,VOLTAS,27-May-2021,1150,PE,0,0,0,144.35,194.75,0,0,0,0,19-APR-2021,
OPTSTK,VOLTAS,27-May-2021,1160,PE,0,0,0,151.25,203.95,0,0,0,0,19-APR-2021,
OPTSTK,VOLTAS,27-May-2021,1170,PE,0,0,0,158.3,213.25,0,0,0,0,19-APR-2021,
OPTSTK,VOLTAS,27-May-2021,1180,PE,0,0,0,165.5,222.6,0,0,0,0,19-APR-2021,
OPTSTK,VOLTAS,27-May-2021,1190,PE,0,0,0,172.8,232.05,0,0,0,0,19-APR-2021,
OPTSTK,VOLTAS,27-May-2021,1200,PE,0,0,0,180.3,241.55,0,0,0,0,19-APR-2021,
OPTSTK,VOLTAS,27-May-2021,1210,PE,0,0,0,187.9,251.15,0,0,0,0,19-APR-2021,
OPTSTK,VOLTAS,27-May-2021,1220,PE,0,0,0,195.6,260.75,0,0,0,0,19-APR-2021,
OPTSTK,VOLTAS,27-May-2021,1230,PE,0,0,0,203.4,270.4,0,0,0,0,19-APR-2021,
OPTSTK,VOLTAS,27-May-2021,1240,PE,0,0,0,211.3,280.1,0,0,0,0,19-APR-2021,
OPTSTK,VOLTAS,27-May-2021,1250,PE,0,0,0,219.3,289.8,0,0,0,0,19-APR-2021,
OPTSTK,VOLTAS,27-May-2021,1260,PE,0,0,0,227.4,299.55,0,0,0,0,19-APR-2021,
OPTSTK,VOLTAS,27-May-2021,1270,PE,0,0,0,235.6,309.35,0,0,0,0,19-APR-2021,
OPTSTK,VOLTAS,24-Jun-2021,720,CE,0,0,0,251.5,244.75,0,0,0,0,19-APR-2021,
OPTSTK,VOLTAS,24-Jun-2021,740,CE,0,0,0,233.8,226.3,0,0,0,0,19-APR-2021,
OPTSTK,VOLTAS,24-Jun-2021,760,CE,0,0,0,216.65,208.3,0,0,0,0,19-APR-2021,
OPTSTK,VOLTAS,24-Jun-2021,780,CE,0,0,0,200.05,190.85,0,0,0,0,19-APR-2021,
OPTSTK,VOLTAS,24-Jun-2021,800,CE,0,0,0,184.05,174,0,0,0,0,19-APR-2021,
OPTSTK,VOLTAS,24-Jun-2021,820,CE,0,0,0,168.75,157.9,0,0,0,0,19-APR-2021,
OPTSTK,VOLTAS,24-Jun-2021,840,CE,0,0,0,154.25,142.5,0,0,0,0,19-APR-2021,
OPTSTK,VOLTAS,24-Jun-2021,860,CE,0,0,0,140.4,128,0,0,0,0,19-APR-2021,
OPTSTK,VOLTAS,24-Jun-2021,880,CE,0,0,0,127.35,114.35,0,0,0,0,19-APR-2021,
OPTSTK,VOLTAS,24-Jun-2021,900,CE,0,0,0,115.15,101.65,0,0,0,0,19-APR-2021,
OPTSTK,VOLTAS,24-Jun-2021,920,CE,0,0,0,103.75,89.9,0,0,0,0,19-APR-2021,
OPTSTK,VOLTAS,24-Jun-2021,940,CE,0,0,0,93.2,79.1,0,0,0,0,19-APR-2021,
OPTSTK,VOLTAS,24-Jun-2021,960,CE,0,0,0,83.4,69.25,0,0,0,0,19-APR-2021,
OPTSTK,VOLTAS,24-Jun-2021,980,CE,0,0,0,74.4,60.35,0,0,0,0,19-APR-2021,
OPTSTK,VOLTAS,24-Jun-2021,1000,CE,0,0,0,66.2,52.3,0,0,0,0,19-APR-2021,
OPTSTK,VOLTAS,24-Jun-2021,1020,CE,0,0,0,58.7,45.15,0,0,0,0,19-APR-2021,
OPTSTK,VOLTAS,24-Jun-2021,1040,CE,0,0,0,51.9,38.75,0,0,0,0,19-APR-2021,
OPTSTK,VOLTAS,24-Jun-2021,1060,CE,0,0,0,45.75,33.15,0,0,0,0,19-APR-2021,
OPTSTK,VOLTAS,24-Jun-2021,1080,CE,0,0,0,40.2,28.25,0,0,0,0,19-APR-2021,
OPTSTK,VOLTAS,24-Jun-2021,1100,CE,0,0,0,35.3,24,0,0,0,0,19-APR-2021,
OPTSTK,VOLTAS,24-Jun-2021,1120,CE,0,0,0,30.9,20.2,0,0,0,0,19-APR-2021,
OPTSTK,VOLTAS,24-Jun-2021,1140,CE,0,0,0,26.9,17,0,0,0,0,19-APR-2021,
OPTSTK,VOLTAS,24-Jun-2021,1160,CE,0,0,0,23.45,14.25,0,0,0,0,19-APR-2021,
OPTSTK,VOLTAS,24-Jun-2021,1180,CE,0,0,0,20.35,11.9,0,0,0,0,19-APR-2021,
OPTSTK,VOLTAS,24-Jun-2021,1200,CE,0,0,0,17.6,9.9,0,0,0,0,19-APR-2021,
OPTSTK,VOLTAS,24-Jun-2021,1220,CE,0,0,0,15.25,8.2,0,0,0,0,19-APR-2021,
OPTSTK,VOLTAS,24-Jun-2021,1240,CE,0,0,0,13.15,6.75,0,0,0,0,19-APR-2021,
OPTSTK,VOLTAS,24-Jun-2021,1260,CE,0,0,0,11.3,5.6,0,0,0,0,19-APR-2021,
OPTSTK,VOLTAS,24-Jun-2021,720,PE,0,0,0,6.2,3.15,0,0,0,0,19-APR-2021,
OPTSTK,VOLTAS,24-Jun-2021,740,PE,0,0,0,8.35,4.55,0,0,0,0,19-APR-2021,
OPTSTK,VOLTAS,24-Jun-2021,760,PE,0,0,0,10.95,6.4,0,0,0,0,19-APR-2021,
OPTSTK,VOLTAS,24-Jun-2021,780,PE,0,0,0,14.2,8.8,0,0,0,0,19-APR-2021,
OPTSTK,VOLTAS,24-Jun-2021,800,PE,0,0,0,18,11.85,0,0,0,0,19-APR-2021,
OPTSTK,VOLTAS,24-Jun-2021,820,PE,0,0,0,22.55,15.6,0,0,0,0,19-APR-2021,
OPTSTK,VOLTAS,24-Jun-2021,840,PE,0,0,0,27.8,20.1,0,0,0,0,19-APR-2021,
OPTSTK,VOLTAS,24-Jun-2021,860,PE,0,0,0,33.8,25.45,0,0,0,0,19-APR-2021,
OPTSTK,VOLTAS,24-Jun-2021,880,PE,0,0,0,40.55,31.65,0,0,0,0,19-APR-2021,
OPTSTK,VOLTAS,24-Jun-2021,900,PE,0,0,0,48.2,38.8,0,0,0,0,19-APR-2021,
OPTSTK,VOLTAS,24-Jun-2021,920,PE,0,0,0,56.6,46.95,0,0,0,0,19-APR-2021,
OPTSTK,VOLTAS,24-Jun-2021,940,PE,0,0,0,65.85,56,0,0,0,0,19-APR-2021,
OPTSTK,VOLTAS,24-Jun-2021,960,PE,0,0,0,75.9,66,0,0,0,0,19-APR-2021,
OPTSTK,VOLTAS,24-Jun-2021,980,PE,0,0,0,86.7,76.95,0,0,0,0,19-APR-2021,
OPTSTK,VOLTAS,24-Jun-2021,1000,PE,0,0,0,98.3,88.8,0,0,0,0,19-APR-2021,
OPTSTK,VOLTAS,24-Jun-2021,1020,PE,0,0,0,110.6,101.5,0,0,0,0,19-APR-2021,
OPTSTK,VOLTAS,24-Jun-2021,1040,PE,0,0,0,123.6,115,0,0,0,0,19-APR-2021,
OPTSTK,VOLTAS,24-Jun-2021,1060,PE,0,0,0,137.25,129.25,0,0,0,0,19-APR-2021,
OPTSTK,VOLTAS,24-Jun-2021,1080,PE,0,0,0,151.55,144.2,0,0,0,0,19-APR-2021,
OPTSTK,VOLTAS,24-Jun-2021,1100,PE,0,0,0,166.45,159.8,0,0,0,0,19-APR-2021,
OPTSTK,VOLTAS,24-Jun-2021,1120,PE,0,0,0,181.85,175.9,0,0,0,0,19-APR-2021,
OPTSTK,VOLTAS,24-Jun-2021,1140,PE,0,0,0,197.7,192.55,0,0,0,0,19-APR-2021,
OPTSTK,VOLTAS,24-Jun-2021,1160,PE,0,0,0,214.05,209.65,0,0,0,0,19-APR-2021,
OPTSTK,VOLTAS,24-Jun-2021,1180,PE,0,0,0,230.75,227.15,0,0,0,0,19-APR-2021,
OPTSTK,VOLTAS,24-Jun-2021,1200,PE,0,0,0,247.85,245.05,0,0,0,0,19-APR-2021,
OPTSTK,VOLTAS,24-Jun-2021,1220,PE,0,0,0,265.3,263.2,0,0,0,0,19-APR-2021,
OPTSTK,VOLTAS,24-Jun-2021,1240,PE,0,0,0,283,281.65,0,0,0,0,19-APR-2021,
OPTSTK,VOLTAS,24-Jun-2021,1260,PE,0,0,0,301,300.3,0,0,0,0,19-APR-2021,
OPTSTK,WIPRO,29-Apr-2021,280,CE,0,0,0,155,193.05,0,0,0,0,19-APR-2021,
OPTSTK,WIPRO,29-Apr-2021,285,CE,0,0,0,150.2,188.05,0,0,0,0,19-APR-2021,
OPTSTK,WIPRO,29-Apr-2021,290,CE,0,0,0,145.4,183.05,0,0,0,0,19-APR-2021,
OPTSTK,WIPRO,29-Apr-2021,295,CE,0,0,0,140.65,178.05,0,0,0,0,19-APR-2021,
OPTSTK,WIPRO,29-Apr-2021,300,CE,0,0,0,135.95,173.05,0,0,0,0,19-APR-2021,
OPTSTK,WIPRO,29-Apr-2021,305,CE,0,0,0,131.25,168.05,0,0,0,0,19-APR-2021,
OPTSTK,WIPRO,29-Apr-2021,310,CE,0,0,0,126.6,163.1,0,0,0,0,19-APR-2021,
OPTSTK,WIPRO,29-Apr-2021,315,CE,0,0,0,122,158.1,0,0,0,0,19-APR-2021,
OPTSTK,WIPRO,29-Apr-2021,320,CE,0,0,0,84.65,153.1,0,0,3200,0,19-APR-2021,
OPTSTK,WIPRO,29-Apr-2021,325,CE,0,0,0,113,148.1,0,0,0,0,19-APR-2021,
OPTSTK,WIPRO,29-Apr-2021,330,CE,0,0,0,108.6,143.1,0,0,0,0,19-APR-2021,
OPTSTK,WIPRO,29-Apr-2021,335,CE,0,0,0,104.25,138.1,0,0,0,0,19-APR-2021,
OPTSTK,WIPRO,29-Apr-2021,340,CE,0,0,0,108.35,133.1,0,0,0,0,19-APR-2021,
OPTSTK,WIPRO,29-Apr-2021,345,CE,0,0,0,95.75,128.1,0,0,0,0,19-APR-2021,
OPTSTK,WIPRO,29-Apr-2021,350,CE,0,0,0,91.65,123.1,0,0,0,0,19-APR-2021,
OPTSTK,WIPRO,29-Apr-2021,355,CE,0,0,0,87.65,118.1,0,0,0,0,19-APR-2021,
OPTSTK,WIPRO,29-Apr-2021,360,CE,0,0,0,91.4,113.15,0,0,3200,0,19-APR-2021,
OPTSTK,WIPRO,29-Apr-2021,365,CE,0,0,0,79.85,108.15,0,0,0,0,19-APR-2021,
OPTSTK,WIPRO,29-Apr-2021,370,CE,0,0,0,76.1,103.15,0,0,0,0,19-APR-2021,
OPTSTK,WIPRO,29-Apr-2021,375,CE,0,0,0,72.45,98.15,0,0,0,0,19-APR-2021,
OPTSTK,WIPRO,29-Apr-2021,380,CE,86.95,86.95,86.95,86.95,93.15,1,14.94,9600,-3200,19-APR-2021,
OPTSTK,WIPRO,29-Apr-2021,385,CE,0,0,0,28.45,88.15,0,0,3200,0,19-APR-2021,
OPTSTK,WIPRO,29-Apr-2021,390,CE,0,0,0,56.6,83.2,0,0,6400,0,19-APR-2021,
OPTSTK,WIPRO,29-Apr-2021,395,CE,0,0,0,22.9,78.2,0,0,3200,0,19-APR-2021,
OPTSTK,WIPRO,29-Apr-2021,400,CE,67,76,67,73,73,7,105.62,140800,-12800,19-APR-2021,
OPTSTK,WIPRO,29-Apr-2021,405,CE,0,0,0,66.9,68.3,0,0,73600,0,19-APR-2021,
OPTSTK,WIPRO,29-Apr-2021,410,CE,57,64.85,57,63.75,63.4,9,136.45,278400,-3200,19-APR-2021,
OPTSTK,WIPRO,29-Apr-2021,415,CE,54.45,54.45,54.45,54.45,58.55,1,15.02,76800,0,19-APR-2021,
OPTSTK,WIPRO,29-Apr-2021,420,CE,49.1,55.25,47,54.3,54.3,28,421.36,464000,-38400,19-APR-2021,
OPTSTK,WIPRO,29-Apr-2021,425,CE,52,52,44.75,49.5,49.5,10,151.62,240000,-9600,19-APR-2021,
OPTSTK,WIPRO,29-Apr-2021,430,CE,33.45,49,33.45,44.45,44.45,68,1028.39,582400,-60800,19-APR-2021,
OPTSTK,WIPRO,29-Apr-2021,435,CE,25.3,43.65,25.3,39.95,39.95,26,392.73,192000,-16000,19-APR-2021,
OPTSTK,WIPRO,29-Apr-2021,440,CE,30.8,40,28.6,35.2,35.2,77,1169.04,873600,-54400,19-APR-2021,
OPTSTK,WIPRO,29-Apr-2021,445,CE,23.3,34.6,23.3,30.3,30.3,59,896.15,195200,-35200,19-APR-2021,
OPTSTK,WIPRO,29-Apr-2021,450,CE,20.5,32.25,20.1,26.55,26.55,639,9730.89,2275200,-361600,19-APR-2021,
OPTSTK,WIPRO,29-Apr-2021,455,CE,18.9,26.9,18.1,22.9,22.9,71,1082.66,230400,-12800,19-APR-2021,
OPTSTK,WIPRO,29-Apr-2021,460,CE,13.9,24.7,13.6,18.95,18.95,1053,16123.79,2089600,-320000,19-APR-2021,
OPTSTK,WIPRO,29-Apr-2021,465,CE,12.35,21.25,11.55,15.9,15.9,667,10256.47,409600,-115200,19-APR-2021,
OPTSTK,WIPRO,29-Apr-2021,470,CE,10,18.25,8,13.15,13.15,5989,92650.55,2352000,-563200,19-APR-2021,
OPTSTK,WIPRO,29-Apr-2021,475,CE,8.2,15.7,7.5,10.75,10.75,2643,41134.35,985600,76800,19-APR-2021,
OPTSTK,WIPRO,29-Apr-2021,480,CE,6.3,13,5.4,8.75,8.75,10593,165950.82,4243200,486400,19-APR-2021,
OPTSTK,WIPRO,29-Apr-2021,485,CE,2.4,10.85,2.4,7.05,7.05,1879,29611.06,761600,246400,19-APR-2021,
OPTSTK,WIPRO,29-Apr-2021,490,CE,4.95,9,3,5.7,5.7,4582,72759.93,2601600,467200,19-APR-2021,
OPTSTK,WIPRO,29-Apr-2021,495,CE,4.4,7.4,3.35,4.65,4.65,973,15567.71,403200,118400,19-APR-2021,
OPTSTK,WIPRO,29-Apr-2021,500,CE,3.45,6.2,2.5,3.85,3.85,10154,163847.34,6835200,-182400,19-APR-2021,
OPTSTK,WIPRO,29-Apr-2021,505,CE,2.4,5.15,1.9,3.15,3.15,673,10950.02,416000,-6400,19-APR-2021,
OPTSTK,WIPRO,29-Apr-2021,510,CE,2,4.2,1.65,2.5,2.5,1951,32013.71,1350400,112000,19-APR-2021,
OPTSTK,WIPRO,29-Apr-2021,515,CE,2.15,3.35,1.4,2.1,2.1,595,9847.79,348800,-38400,19-APR-2021,
OPTSTK,WIPRO,29-Apr-2021,520,CE,1.55,2.85,1,1.75,1.75,2390,39913.19,1596800,19200,19-APR-2021,
OPTSTK,WIPRO,29-Apr-2021,525,CE,3.55,3.55,1,1.45,1.45,621,10462.93,540800,112000,19-APR-2021,
OPTSTK,WIPRO,29-Apr-2021,530,CE,1.2,1.9,0.6,1.2,1.2,1233,20962.06,1552000,179200,19-APR-2021,
OPTSTK,WIPRO,29-Apr-2021,535,CE,1.2,1.6,0.5,1,1,844,14477.87,1200000,-99200,19-APR-2021,
OPTSTK,WIPRO,29-Apr-2021,540,CE,0.8,1.3,0.7,0.85,0.85,143,2475.39,246400,246400,19-APR-2021,
OPTSTK,WIPRO,29-Apr-2021,545,CE,0,0,0,7.85,0.35,0,0,0,0,19-APR-2021,
OPTSTK,WIPRO,29-Apr-2021,550,CE,1.5,1.5,0.35,0.5,0.5,128,2255.31,185600,185600,19-APR-2021,
OPTSTK,WIPRO,29-Apr-2021,555,CE,0,0,0,6.7,0.15,0,0,0,0,19-APR-2021,
OPTSTK,WIPRO,29-Apr-2021,280,PE,0.1,0.25,0.1,0.2,0,8,71.73,25600,19200,19-APR-2021,
OPTSTK,WIPRO,29-Apr-2021,285,PE,0,0,0,0.65,0,0,0,0,0,19-APR-2021,
OPTSTK,WIPRO,29-Apr-2021,290,PE,0,0,0,0.85,0,0,0,0,0,19-APR-2021,
OPTSTK,WIPRO,29-Apr-2021,295,PE,0,0,0,1,0,0,0,0,0,19-APR-2021,
OPTSTK,WIPRO,29-Apr-2021,300,PE,0.1,0.2,0.05,0.15,0.15,10,96.03,54400,-6400,19-APR-2021,
OPTSTK,WIPRO,29-Apr-2021,305,PE,0,0,0,0.1,0,0,0,25600,0,19-APR-2021,
OPTSTK,WIPRO,29-Apr-2021,310,PE,0.6,1.7,0.1,0.1,0,10,99.44,9600,9600,19-APR-2021,
OPTSTK,WIPRO,29-Apr-2021,315,PE,0,0,0,2.2,0,0,0,0,0,19-APR-2021,
OPTSTK,WIPRO,29-Apr-2021,320,PE,0,0,0,0.2,0,0,0,41600,0,19-APR-2021,
OPTSTK,WIPRO,29-Apr-2021,325,PE,0,0,0,0.7,0,0,0,0,0,19-APR-2021,
OPTSTK,WIPRO,29-Apr-2021,330,PE,0.6,0.6,0.2,0.2,0,2,21.14,32000,3200,19-APR-2021,
OPTSTK,WIPRO,29-Apr-2021,335,PE,0,0,0,4.25,0,0,0,0,0,19-APR-2021,
OPTSTK,WIPRO,29-Apr-2021,340,PE,0.45,0.45,0.25,0.25,0.25,21,228.67,134400,9600,19-APR-2021,
OPTSTK,WIPRO,29-Apr-2021,345,PE,0.55,0.55,0.2,0.2,0,3,33.16,9600,0,19-APR-2021,
OPTSTK,WIPRO,29-Apr-2021,350,PE,0.25,0.4,0.25,0.25,0.25,72,807.09,454400,60800,19-APR-2021,
OPTSTK,WIPRO,29-Apr-2021,355,PE,0,0,0,0.45,0,0,0,3200,0,19-APR-2021,
OPTSTK,WIPRO,29-Apr-2021,360,PE,0.2,0.35,0.2,0.3,0.3,14,161.4,412800,0,19-APR-2021,
OPTSTK,WIPRO,29-Apr-2021,365,PE,0,0,0,0.85,0,0,0,32000,0,19-APR-2021,
OPTSTK,WIPRO,29-Apr-2021,370,PE,0.4,0.45,0.3,0.35,0.35,38,450.37,617600,-25600,19-APR-2021,
OPTSTK,WIPRO,29-Apr-2021,375,PE,0.35,0.4,0.3,0.4,0,9,108.1,144000,-9600,19-APR-2021,
OPTSTK,WIPRO,29-Apr-2021,380,PE,0.7,0.7,0.35,0.45,0.45,100,1217.45,736000,-86400,19-APR-2021,
OPTSTK,WIPRO,29-Apr-2021,385,PE,0.6,0.6,0.45,0.5,0.5,13,160.37,144000,-22400,19-APR-2021,
OPTSTK,WIPRO,29-Apr-2021,390,PE,0.75,0.8,0.5,0.55,0.55,111,1387.31,640000,-102400,19-APR-2021,
OPTSTK,WIPRO,29-Apr-2021,395,PE,0.85,0.85,0.5,0.6,0.6,31,392.49,153600,-3200,19-APR-2021,
OPTSTK,WIPRO,29-Apr-2021,400,PE,0.6,1.25,0.6,0.7,0.7,1358,17415.86,4582400,-339200,19-APR-2021,
OPTSTK,WIPRO,29-Apr-2021,405,PE,1.35,1.35,0.55,0.8,0.8,46,597.46,355200,16000,19-APR-2021,
OPTSTK,WIPRO,29-Apr-2021,410,PE,1.45,1.6,0.85,0.95,0.95,563,7405.59,1446400,-192000,19-APR-2021,
OPTSTK,WIPRO,29-Apr-2021,415,PE,1.55,1.65,1,1.1,1.1,307,4088.84,937600,99200,19-APR-2021,
OPTSTK,WIPRO,29-Apr-2021,420,PE,2,2.1,1.2,1.3,1.3,1517,20461.38,3020800,-153600,19-APR-2021,
OPTSTK,WIPRO,29-Apr-2021,425,PE,2.45,2.5,1.4,1.55,1.55,689,9408.45,1107200,176000,19-APR-2021,
OPTSTK,WIPRO,29-Apr-2021,430,PE,2.9,3.6,1.7,1.85,1.85,1700,23513.38,3648000,-6400,19-APR-2021,
OPTSTK,WIPRO,29-Apr-2021,435,PE,3.3,3.5,2.1,2.2,2.2,535,7492.26,1004800,-38400,19-APR-2021,
OPTSTK,WIPRO,29-Apr-2021,440,PE,4.5,4.65,2.45,2.6,2.6,2725,38660.39,3683200,-1123200,19-APR-2021,
OPTSTK,WIPRO,29-Apr-2021,445,PE,4.9,5,3.1,3.2,3.2,708,10172.1,960000,-150400,19-APR-2021,
OPTSTK,WIPRO,29-Apr-2021,450,PE,6.15,6.8,3.85,4,4,4180,60869.38,3961600,-1174400,19-APR-2021,
OPTSTK,WIPRO,29-Apr-2021,455,PE,7.5,7.85,4.7,5,5,780,11507.94,726400,76800,19-APR-2021,
OPTSTK,WIPRO,29-Apr-2021,460,PE,9.95,11.15,5.95,6.2,6.2,2801,41934.07,2924800,-115200,19-APR-2021,
OPTSTK,WIPRO,29-Apr-2021,465,PE,12.65,13,7.6,8.15,8.15,1306,19838.4,1062400,140800,19-APR-2021,
OPTSTK,WIPRO,29-Apr-2021,470,PE,15.45,15.75,9.35,10.25,10.25,2699,41610.61,1641600,-12800,19-APR-2021,
OPTSTK,WIPRO,29-Apr-2021,475,PE,17,17.65,11.7,12.9,12.9,598,9350.34,224000,86400,19-APR-2021,
OPTSTK,WIPRO,29-Apr-2021,480,PE,22.35,22.35,14.35,15.85,15.85,528,8399.64,512000,-6400,19-APR-2021,
OPTSTK,WIPRO,29-Apr-2021,485,PE,20.5,22.5,18.15,19,19,15,242.72,6400,6400,19-APR-2021,
OPTSTK,WIPRO,29-Apr-2021,490,PE,26.75,27.55,20.5,22.7,22.7,20,328.93,22400,12800,19-APR-2021,
OPTSTK,WIPRO,29-Apr-2021,495,PE,21.25,26.65,21.25,26.5,26.5,11,183,3200,3200,19-APR-2021,
OPTSTK,WIPRO,29-Apr-2021,500,PE,34.75,37,28.15,30.7,30.7,36,612.66,35200,12800,19-APR-2021,
OPTSTK,WIPRO,29-Apr-2021,505,PE,0,0,0,82.85,35.1,0,0,0,0,19-APR-2021,
OPTSTK,WIPRO,29-Apr-2021,510,PE,0,0,0,86.8,39.35,0,0,0,0,19-APR-2021,
OPTSTK,WIPRO,29-Apr-2021,515,PE,0,0,0,90.75,43.75,0,0,0,0,19-APR-2021,
OPTSTK,WIPRO,29-Apr-2021,520,PE,53,53,53,53,48.25,1,18.33,3200,0,19-APR-2021,
OPTSTK,WIPRO,29-Apr-2021,525,PE,0,0,0,98.95,52.85,0,0,0,0,19-APR-2021,
OPTSTK,WIPRO,29-Apr-2021,530,PE,0,0,0,103.1,57.55,0,0,0,0,19-APR-2021,
OPTSTK,WIPRO,29-Apr-2021,535,PE,69.95,69.95,67.5,67.5,62.35,2,38.63,0,-3200,19-APR-2021,
OPTSTK,WIPRO,29-Apr-2021,540,PE,0,0,0,111.6,67.15,0,0,0,0,19-APR-2021,
OPTSTK,WIPRO,29-Apr-2021,545,PE,0,0,0,115.9,72.05,0,0,0,0,19-APR-2021,
OPTSTK,WIPRO,29-Apr-2021,550,PE,0,0,0,120.3,76.95,0,0,0,0,19-APR-2021,
OPTSTK,WIPRO,29-Apr-2021,555,PE,0,0,0,124.65,81.85,0,0,0,0,19-APR-2021,
OPTSTK,WIPRO,27-May-2021,280,CE,0,0,0,144.5,193.85,0,0,0,0,19-APR-2021,
OPTSTK,WIPRO,27-May-2021,285,CE,0,0,0,139.7,188.9,0,0,0,0,19-APR-2021,
OPTSTK,WIPRO,27-May-2021,290,CE,0,0,0,134.95,183.9,0,0,0,0,19-APR-2021,
OPTSTK,WIPRO,27-May-2021,295,CE,0,0,0,130.2,178.9,0,0,0,0,19-APR-2021,
OPTSTK,WIPRO,27-May-2021,300,CE,0,0,0,125.5,173.95,0,0,0,0,19-APR-2021,
OPTSTK,WIPRO,27-May-2021,305,CE,0,0,0,120.9,168.95,0,0,0,0,19-APR-2021,
OPTSTK,WIPRO,27-May-2021,310,CE,0,0,0,116.3,164,0,0,0,0,19-APR-2021,
OPTSTK,WIPRO,27-May-2021,315,CE,0,0,0,111.75,159,0,0,0,0,19-APR-2021,
OPTSTK,WIPRO,27-May-2021,320,CE,0,0,0,107.3,154.05,0,0,0,0,19-APR-2021,
OPTSTK,WIPRO,27-May-2021,325,CE,0,0,0,102.85,149.1,0,0,0,0,19-APR-2021,
OPTSTK,WIPRO,27-May-2021,330,CE,0,0,0,98.55,144.15,0,0,0,0,19-APR-2021,
OPTSTK,WIPRO,27-May-2021,335,CE,0,0,0,94.25,139.2,0,0,0,0,19-APR-2021,
OPTSTK,WIPRO,27-May-2021,340,CE,0,0,0,90.1,134.25,0,0,0,0,19-APR-2021,
OPTSTK,WIPRO,27-May-2021,345,CE,0,0,0,86,129.3,0,0,0,0,19-APR-2021,
OPTSTK,WIPRO,27-May-2021,350,CE,0,0,0,82,124.4,0,0,0,0,19-APR-2021,
OPTSTK,WIPRO,27-May-2021,355,CE,0,0,0,78.1,119.5,0,0,0,0,19-APR-2021,
OPTSTK,WIPRO,27-May-2021,360,CE,0,0,0,74.3,114.65,0,0,0,0,19-APR-2021,
OPTSTK,WIPRO,27-May-2021,365,CE,0,0,0,70.6,109.8,0,0,0,0,19-APR-2021,
OPTSTK,WIPRO,27-May-2021,370,CE,0,0,0,67,105,0,0,0,0,19-APR-2021,
OPTSTK,WIPRO,27-May-2021,375,CE,0,0,0,63.55,100.25,0,0,0,0,19-APR-2021,
OPTSTK,WIPRO,27-May-2021,380,CE,0,0,0,60.15,95.55,0,0,0,0,19-APR-2021,
OPTSTK,WIPRO,27-May-2021,385,CE,0,0,0,56.9,90.9,0,0,0,0,19-APR-2021,
OPTSTK,WIPRO,27-May-2021,390,CE,0,0,0,53.75,86.35,0,0,0,0,19-APR-2021,
OPTSTK,WIPRO,27-May-2021,395,CE,0,0,0,50.7,81.85,0,0,0,0,19-APR-2021,
OPTSTK,WIPRO,27-May-2021,400,CE,0,0,0,47.8,77.4,0,0,0,0,19-APR-2021,
OPTSTK,WIPRO,27-May-2021,405,CE,0,0,0,45,73.05,0,0,0,0,19-APR-2021,
OPTSTK,WIPRO,27-May-2021,410,CE,0,0,0,46,68.85,0,0,0,0,19-APR-2021,
OPTSTK,WIPRO,27-May-2021,415,CE,0,0,0,39.75,64.7,0,0,0,0,19-APR-2021,
OPTSTK,WIPRO,27-May-2021,420,CE,0,0,0,37.3,60.7,0,0,0,0,19-APR-2021,
OPTSTK,WIPRO,27-May-2021,425,CE,0,0,0,35,56.8,0,0,0,0,19-APR-2021,
OPTSTK,WIPRO,27-May-2021,430,CE,0,0,0,32.75,53.05,0,0,0,0,19-APR-2021,
OPTSTK,WIPRO,27-May-2021,435,CE,0,0,0,30.65,49.45,0,0,0,0,19-APR-2021,
OPTSTK,WIPRO,27-May-2021,440,CE,0,0,0,24.2,45.95,0,0,3200,0,19-APR-2021,
OPTSTK,WIPRO,27-May-2021,445,CE,0,0,0,26.75,42.6,0,0,0,0,19-APR-2021,
OPTSTK,WIPRO,27-May-2021,450,CE,33.75,38.9,32,35.55,35.55,17,264.6,163200,-6400,19-APR-2021,
OPTSTK,WIPRO,27-May-2021,455,CE,0,0,0,48,36.35,0,0,3200,0,19-APR-2021,
OPTSTK,WIPRO,27-May-2021,460,CE,26.4,32.65,26.4,30,30,8,125.38,57600,6400,19-APR-2021,
OPTSTK,WIPRO,27-May-2021,465,CE,0,0,0,20.1,30.75,0,0,0,0,19-APR-2021,
OPTSTK,WIPRO,27-May-2021,470,CE,28.3,28.3,16.55,25,25,24,379.46,60800,-3200,19-APR-2021,
OPTSTK,WIPRO,27-May-2021,475,CE,0,0,0,19.5,25.8,0,0,3200,0,19-APR-2021,
OPTSTK,WIPRO,27-May-2021,480,CE,16.6,23,16.6,20.35,20.35,71,1135.59,128000,89600,19-APR-2021,
OPTSTK,WIPRO,27-May-2021,485,CE,0,0,0,14.95,21.4,0,0,0,0,19-APR-2021,
OPTSTK,WIPRO,27-May-2021,490,CE,14.8,18.1,14.15,17,19.4,9,145.75,118400,6400,19-APR-2021,
OPTSTK,WIPRO,27-May-2021,495,CE,0,0,0,11.5,17.6,0,0,3200,0,19-APR-2021,
OPTSTK,WIPRO,27-May-2021,500,CE,11.4,15.5,11.25,13.2,13.2,304,4995.03,697600,67200,19-APR-2021,
OPTSTK,WIPRO,27-May-2021,505,CE,0,0,0,11.95,14.35,0,0,9600,0,19-APR-2021,
OPTSTK,WIPRO,27-May-2021,510,CE,12,12,9.25,9.75,12.9,5,83.19,35200,0,19-APR-2021,
OPTSTK,WIPRO,27-May-2021,515,CE,0,0,0,9.3,11.55,0,0,0,0,19-APR-2021,
OPTSTK,WIPRO,27-May-2021,520,CE,9.5,10,6.9,8.05,10.4,15,253.65,28800,12800,19-APR-2021,
OPTSTK,WIPRO,27-May-2021,525,CE,11.95,11.95,7.2,7.2,9.25,2,34.21,22400,-3200,19-APR-2021,
OPTSTK,WIPRO,27-May-2021,530,CE,6,7.65,5.3,7,7,28,480.66,137600,12800,19-APR-2021,
OPTSTK,WIPRO,27-May-2021,535,CE,0,0,0,6.7,7.35,0,0,0,0,19-APR-2021,
OPTSTK,WIPRO,27-May-2021,540,CE,4,5.5,4,4.9,4.9,9,156.88,22400,22400,19-APR-2021,
OPTSTK,WIPRO,27-May-2021,545,CE,0,0,0,5.65,5.8,0,0,0,0,19-APR-2021,
OPTSTK,WIPRO,27-May-2021,550,CE,4.05,4.05,4.05,4.05,5.1,4,70.91,12800,12800,19-APR-2021,
OPTSTK,WIPRO,27-May-2021,555,CE,4.7,4.7,4.7,4.7,4.5,1,17.91,3200,3200,19-APR-2021,
OPTSTK,WIPRO,27-May-2021,280,PE,0,0,0,0.6,0,0,0,0,0,19-APR-2021,
OPTSTK,WIPRO,27-May-2021,285,PE,0,0,0,0.75,0,0,0,0,0,19-APR-2021,
OPTSTK,WIPRO,27-May-2021,290,PE,0,0,0,0.95,0,0,0,0,0,19-APR-2021,
OPTSTK,WIPRO,27-May-2021,295,PE,0,0,0,1.15,0,0,0,0,0,19-APR-2021,
OPTSTK,WIPRO,27-May-2021,300,PE,0,0,0,1.05,0.05,0,0,3200,0,19-APR-2021,
OPTSTK,WIPRO,27-May-2021,305,PE,0,0,0,1.75,0.05,0,0,0,0,19-APR-2021,
OPTSTK,WIPRO,27-May-2021,310,PE,0,0,0,2.1,0.05,0,0,0,0,19-APR-2021,
OPTSTK,WIPRO,27-May-2021,315,PE,0,0,0,2.5,0.05,0,0,0,0,19-APR-2021,
OPTSTK,WIPRO,27-May-2021,320,PE,0,0,0,3,0.05,0,0,0,0,19-APR-2021,
OPTSTK,WIPRO,27-May-2021,325,PE,0,0,0,3.55,0.05,0,0,0,0,19-APR-2021,
OPTSTK,WIPRO,27-May-2021,330,PE,0,0,0,4.15,0.1,0,0,0,0,19-APR-2021,
OPTSTK,WIPRO,27-May-2021,335,PE,0,0,0,4.85,0.1,0,0,0,0,19-APR-2021,
OPTSTK,WIPRO,27-May-2021,340,PE,0,0,0,5.65,0.15,0,0,0,0,19-APR-2021,
OPTSTK,WIPRO,27-May-2021,345,PE,0,0,0,6.5,0.2,0,0,0,0,19-APR-2021,
OPTSTK,WIPRO,27-May-2021,350,PE,1,1.25,1,1.25,1.25,4,44.94,60800,3200,19-APR-2021,
OPTSTK,WIPRO,27-May-2021,355,PE,0,0,0,8.5,0.4,0,0,0,0,19-APR-2021,
OPTSTK,WIPRO,27-May-2021,360,PE,0,0,0,9.65,0.5,0,0,0,0,19-APR-2021,
OPTSTK,WIPRO,27-May-2021,365,PE,0,0,0,10.9,0.65,0,0,0,0,19-APR-2021,
OPTSTK,WIPRO,27-May-2021,370,PE,0,0,0,12.25,0.85,0,0,0,0,19-APR-2021,
OPTSTK,WIPRO,27-May-2021,375,PE,0,0,0,13.75,1.05,0,0,0,0,19-APR-2021,
OPTSTK,WIPRO,27-May-2021,380,PE,1.75,3.75,1.4,1.4,1.4,22,268.81,195200,-3200,19-APR-2021,
OPTSTK,WIPRO,27-May-2021,385,PE,0.75,0.75,0.75,0.75,1.65,1,12.34,3200,-3200,19-APR-2021,
OPTSTK,WIPRO,27-May-2021,390,PE,0,0,0,2.15,2.05,0,0,32000,0,19-APR-2021,
OPTSTK,WIPRO,27-May-2021,395,PE,0,0,0,20.75,2.55,0,0,0,0,19-APR-2021,
OPTSTK,WIPRO,27-May-2021,400,PE,3.1,3.2,2.75,2.95,2.95,137,1766.78,592000,172800,19-APR-2021,
OPTSTK,WIPRO,27-May-2021,405,PE,0,0,0,24.95,3.75,0,0,0,0,19-APR-2021,
OPTSTK,WIPRO,27-May-2021,410,PE,4.05,4.05,4.05,4.05,4.5,1,13.24,9600,3200,19-APR-2021,
OPTSTK,WIPRO,27-May-2021,415,PE,0,0,0,29.6,5.35,0,0,0,0,19-APR-2021,
OPTSTK,WIPRO,27-May-2021,420,PE,5.95,6.5,5.1,5.3,5.3,44,599.44,252800,38400,19-APR-2021,
OPTSTK,WIPRO,27-May-2021,425,PE,0,0,0,34.75,7.4,0,0,0,0,19-APR-2021,
OPTSTK,WIPRO,27-May-2021,430,PE,7.6,7.6,7.6,7.6,8.65,1,14,0,-3200,19-APR-2021,
OPTSTK,WIPRO,27-May-2021,435,PE,0,0,0,40.3,10,0,0,0,0,19-APR-2021,
OPTSTK,WIPRO,27-May-2021,440,PE,0,0,0,43.25,11.45,0,0,0,0,19-APR-2021,
OPTSTK,WIPRO,27-May-2021,445,PE,0,0,0,46.3,13.1,0,0,0,0,19-APR-2021,
OPTSTK,WIPRO,27-May-2021,450,PE,14,15.65,12,12.75,12.75,98,1454.89,236800,89600,19-APR-2021,
OPTSTK,WIPRO,27-May-2021,455,PE,0,0,0,52.7,16.85,0,0,0,0,19-APR-2021,
OPTSTK,WIPRO,27-May-2021,460,PE,17.5,19.1,16.15,16.75,18.95,10,152.85,28800,9600,19-APR-2021,
OPTSTK,WIPRO,27-May-2021,465,PE,0,0,0,59.5,21.2,0,0,0,0,19-APR-2021,
OPTSTK,WIPRO,27-May-2021,470,PE,34,34,20.1,21.6,21.6,31,488.97,96000,38400,19-APR-2021,
OPTSTK,WIPRO,27-May-2021,475,PE,0,0,0,66.65,26.2,0,0,0,0,19-APR-2021,
OPTSTK,WIPRO,27-May-2021,480,PE,0,0,0,70.35,28.9,0,0,0,0,19-APR-2021,
OPTSTK,WIPRO,27-May-2021,485,PE,0,0,0,74.15,31.75,0,0,0,0,19-APR-2021,
OPTSTK,WIPRO,27-May-2021,490,PE,0,0,0,78,34.75,0,0,0,0,19-APR-2021,
OPTSTK,WIPRO,27-May-2021,495,PE,0,0,0,81.9,37.9,0,0,0,0,19-APR-2021,
OPTSTK,WIPRO,27-May-2021,500,PE,0,0,0,85.85,41.2,0,0,0,0,19-APR-2021,
OPTSTK,WIPRO,27-May-2021,505,PE,0,0,0,89.9,44.6,0,0,0,0,19-APR-2021,
OPTSTK,WIPRO,27-May-2021,510,PE,0,0,0,94.05,48.15,0,0,0,0,19-APR-2021,
OPTSTK,WIPRO,27-May-2021,515,PE,0,0,0,98.2,51.8,0,0,0,0,19-APR-2021,
OPTSTK,WIPRO,27-May-2021,520,PE,0,0,0,102.45,55.6,0,0,0,0,19-APR-2021,
OPTSTK,WIPRO,27-May-2021,525,PE,0,0,0,106.7,59.45,0,0,0,0,19-APR-2021,
OPTSTK,WIPRO,27-May-2021,530,PE,0,0,0,111.05,63.45,0,0,0,0,19-APR-2021,
OPTSTK,WIPRO,27-May-2021,535,PE,0,0,0,115.4,67.5,0,0,0,0,19-APR-2021,
OPTSTK,WIPRO,27-May-2021,540,PE,0,0,0,119.8,71.65,0,0,0,0,19-APR-2021,
OPTSTK,WIPRO,27-May-2021,545,PE,0,0,0,124.25,75.9,0,0,0,0,19-APR-2021,
OPTSTK,WIPRO,27-May-2021,550,PE,0,0,0,128.75,80.2,0,0,0,0,19-APR-2021,
OPTSTK,WIPRO,27-May-2021,555,PE,0,0,0,133.3,84.6,0,0,0,0,19-APR-2021,
OPTSTK,WIPRO,24-Jun-2021,280,CE,0,0,0,123.3,194.7,0,0,0,0,19-APR-2021,
OPTSTK,WIPRO,24-Jun-2021,285,CE,0,0,0,118.6,189.75,0,0,0,0,19-APR-2021,
OPTSTK,WIPRO,24-Jun-2021,290,CE,0,0,0,113.95,184.8,0,0,0,0,19-APR-2021,
OPTSTK,WIPRO,24-Jun-2021,295,CE,0,0,0,109.35,179.85,0,0,0,0,19-APR-2021,
OPTSTK,WIPRO,24-Jun-2021,300,CE,0,0,0,104.8,174.9,0,0,0,0,19-APR-2021,
OPTSTK,WIPRO,24-Jun-2021,305,CE,0,0,0,100.35,170,0,0,0,0,19-APR-2021,
OPTSTK,WIPRO,24-Jun-2021,310,CE,0,0,0,95.9,165.1,0,0,0,0,19-APR-2021,
OPTSTK,WIPRO,24-Jun-2021,315,CE,0,0,0,91.6,160.15,0,0,0,0,19-APR-2021,
OPTSTK,WIPRO,24-Jun-2021,320,CE,0,0,0,87.35,155.3,0,0,0,0,19-APR-2021,
OPTSTK,WIPRO,24-Jun-2021,325,CE,0,0,0,83.2,150.4,0,0,0,0,19-APR-2021,
OPTSTK,WIPRO,24-Jun-2021,330,CE,0,0,0,79.15,145.6,0,0,0,0,19-APR-2021,
OPTSTK,WIPRO,24-Jun-2021,335,CE,0,0,0,75.2,140.75,0,0,0,0,19-APR-2021,
OPTSTK,WIPRO,24-Jun-2021,340,CE,0,0,0,71.3,135.95,0,0,0,0,19-APR-2021,
OPTSTK,WIPRO,24-Jun-2021,345,CE,0,0,0,67.6,131.2,0,0,0,0,19-APR-2021,
OPTSTK,WIPRO,24-Jun-2021,350,CE,0,0,0,63.95,126.5,0,0,0,0,19-APR-2021,
OPTSTK,WIPRO,24-Jun-2021,355,CE,0,0,0,60.4,121.85,0,0,0,0,19-APR-2021,
OPTSTK,WIPRO,24-Jun-2021,360,CE,0,0,0,57,117.2,0,0,0,0,19-APR-2021,
OPTSTK,WIPRO,24-Jun-2021,365,CE,0,0,0,53.7,112.65,0,0,0,0,19-APR-2021,
OPTSTK,WIPRO,24-Jun-2021,370,CE,0,0,0,50.55,108.1,0,0,0,0,19-APR-2021,
OPTSTK,WIPRO,24-Jun-2021,375,CE,0,0,0,47.5,103.65,0,0,0,0,19-APR-2021,
OPTSTK,WIPRO,24-Jun-2021,380,CE,0,0,0,44.6,99.3,0,0,0,0,19-APR-2021,
OPTSTK,WIPRO,24-Jun-2021,385,CE,0,0,0,41.8,95,0,0,0,0,19-APR-2021,
OPTSTK,WIPRO,24-Jun-2021,390,CE,0,0,0,39.15,90.75,0,0,0,0,19-APR-2021,
OPTSTK,WIPRO,24-Jun-2021,395,CE,0,0,0,36.6,86.6,0,0,0,0,19-APR-2021,
OPTSTK,WIPRO,24-Jun-2021,400,CE,0,0,0,34.2,82.55,0,0,0,0,19-APR-2021,
OPTSTK,WIPRO,24-Jun-2021,405,CE,0,0,0,31.9,78.6,0,0,0,0,19-APR-2021,
OPTSTK,WIPRO,24-Jun-2021,410,CE,0,0,0,29.75,74.75,0,0,0,0,19-APR-2021,
OPTSTK,WIPRO,24-Jun-2021,415,CE,0,0,0,27.65,70.95,0,0,0,0,19-APR-2021,
OPTSTK,WIPRO,24-Jun-2021,420,CE,0,0,0,25.7,67.35,0,0,0,0,19-APR-2021,
OPTSTK,WIPRO,24-Jun-2021,425,CE,0,0,0,23.9,63.8,0,0,0,0,19-APR-2021,
OPTSTK,WIPRO,24-Jun-2021,430,CE,0,0,0,22.15,60.3,0,0,0,0,19-APR-2021,
OPTSTK,WIPRO,24-Jun-2021,435,CE,0,0,0,20.5,57,0,0,0,0,19-APR-2021,
OPTSTK,WIPRO,24-Jun-2021,440,CE,0,0,0,19,53.8,0,0,0,0,19-APR-2021,
OPTSTK,WIPRO,24-Jun-2021,445,CE,0,0,0,17.55,50.7,0,0,0,0,19-APR-2021,
OPTSTK,WIPRO,24-Jun-2021,450,CE,0,0,0,16.2,47.75,0,0,0,0,19-APR-2021,
OPTSTK,WIPRO,24-Jun-2021,455,CE,0,0,0,14.95,44.9,0,0,0,0,19-APR-2021,
OPTSTK,WIPRO,24-Jun-2021,460,CE,0,0,0,13.8,42.15,0,0,0,0,19-APR-2021,
OPTSTK,WIPRO,24-Jun-2021,465,CE,0,0,0,12.7,39.5,0,0,0,0,19-APR-2021,
OPTSTK,WIPRO,24-Jun-2021,470,CE,0,0,0,11.7,37,0,0,0,0,19-APR-2021,
OPTSTK,WIPRO,24-Jun-2021,475,CE,0,0,0,10.75,34.65,0,0,0,0,19-APR-2021,
OPTSTK,WIPRO,24-Jun-2021,480,CE,0,0,0,9.85,32.35,0,0,0,0,19-APR-2021,
OPTSTK,WIPRO,24-Jun-2021,485,CE,0,0,0,9.05,30.2,0,0,0,0,19-APR-2021,
OPTSTK,WIPRO,24-Jun-2021,490,CE,0,0,0,8.3,28.15,0,0,0,0,19-APR-2021,
OPTSTK,WIPRO,24-Jun-2021,495,CE,0,0,0,7.6,26.25,0,0,0,0,19-APR-2021,
OPTSTK,WIPRO,24-Jun-2021,500,CE,0,0,0,6.95,24.4,0,0,0,0,19-APR-2021,
OPTSTK,WIPRO,24-Jun-2021,505,CE,0,0,0,6.35,22.65,0,0,0,0,19-APR-2021,
OPTSTK,WIPRO,24-Jun-2021,510,CE,0,0,0,5.8,21.05,0,0,0,0,19-APR-2021,
OPTSTK,WIPRO,24-Jun-2021,515,CE,0,0,0,5.3,19.5,0,0,0,0,19-APR-2021,
OPTSTK,WIPRO,24-Jun-2021,520,CE,0,0,0,4.9,18.05,0,0,6400,0,19-APR-2021,
OPTSTK,WIPRO,24-Jun-2021,525,CE,0,0,0,4.4,16.7,0,0,0,0,19-APR-2021,
OPTSTK,WIPRO,24-Jun-2021,530,CE,0,0,0,4,15.45,0,0,0,0,19-APR-2021,
OPTSTK,WIPRO,24-Jun-2021,535,CE,0,0,0,3.65,14.3,0,0,0,0,19-APR-2021,
OPTSTK,WIPRO,24-Jun-2021,540,CE,0,0,0,3.3,13.15,0,0,0,0,19-APR-2021,
OPTSTK,WIPRO,24-Jun-2021,545,CE,0,0,0,3,12.15,0,0,0,0,19-APR-2021,
OPTSTK,WIPRO,24-Jun-2021,550,CE,0,0,0,2.75,11.15,0,0,0,0,19-APR-2021,
OPTSTK,WIPRO,24-Jun-2021,555,CE,0,0,0,2.5,10.25,0,0,0,0,19-APR-2021,
OPTSTK,WIPRO,24-Jun-2021,280,PE,0,0,0,1.05,0.05,0,0,0,0,19-APR-2021,
OPTSTK,WIPRO,24-Jun-2021,285,PE,0,0,0,1.3,0.05,0,0,0,0,19-APR-2021,
OPTSTK,WIPRO,24-Jun-2021,290,PE,0,0,0,1.6,0.1,0,0,0,0,19-APR-2021,
OPTSTK,WIPRO,24-Jun-2021,295,PE,0,0,0,1.95,0.1,0,0,0,0,19-APR-2021,
OPTSTK,WIPRO,24-Jun-2021,300,PE,0,0,0,2.35,0.15,0,0,0,0,19-APR-2021,
OPTSTK,WIPRO,24-Jun-2021,305,PE,0,0,0,2.85,0.2,0,0,0,0,19-APR-2021,
OPTSTK,WIPRO,24-Jun-2021,310,PE,0,0,0,3.4,0.25,0,0,0,0,19-APR-2021,
OPTSTK,WIPRO,24-Jun-2021,315,PE,0,0,0,4,0.3,0,0,0,0,19-APR-2021,
OPTSTK,WIPRO,24-Jun-2021,320,PE,0,0,0,4.75,0.4,0,0,0,0,19-APR-2021,
OPTSTK,WIPRO,24-Jun-2021,325,PE,0,0,0,5.55,0.5,0,0,0,0,19-APR-2021,
OPTSTK,WIPRO,24-Jun-2021,330,PE,0,0,0,6.4,0.6,0,0,0,0,19-APR-2021,
OPTSTK,WIPRO,24-Jun-2021,335,PE,0,0,0,7.4,0.75,0,0,0,0,19-APR-2021,
OPTSTK,WIPRO,24-Jun-2021,340,PE,0,0,0,8.5,0.9,0,0,0,0,19-APR-2021,
OPTSTK,WIPRO,24-Jun-2021,345,PE,0,0,0,9.7,1.15,0,0,0,0,19-APR-2021,
OPTSTK,WIPRO,24-Jun-2021,350,PE,0,0,0,11.05,1.4,0,0,0,0,19-APR-2021,
OPTSTK,WIPRO,24-Jun-2021,355,PE,0,0,0,12.45,1.7,0,0,0,0,19-APR-2021,
OPTSTK,WIPRO,24-Jun-2021,360,PE,0,0,0,14,2,0,0,0,0,19-APR-2021,
OPTSTK,WIPRO,24-Jun-2021,365,PE,0,0,0,15.65,2.4,0,0,0,0,19-APR-2021,
OPTSTK,WIPRO,24-Jun-2021,370,PE,0,0,0,17.45,2.85,0,0,0,0,19-APR-2021,
OPTSTK,WIPRO,24-Jun-2021,375,PE,0,0,0,19.4,3.4,0,0,0,0,19-APR-2021,
OPTSTK,WIPRO,24-Jun-2021,380,PE,0,0,0,21.4,3.95,0,0,0,0,19-APR-2021,
OPTSTK,WIPRO,24-Jun-2021,385,PE,0,0,0,23.6,4.65,0,0,0,0,19-APR-2021,
OPTSTK,WIPRO,24-Jun-2021,390,PE,0,0,0,25.9,5.35,0,0,0,0,19-APR-2021,
OPTSTK,WIPRO,24-Jun-2021,395,PE,0,0,0,28.3,6.2,0,0,0,0,19-APR-2021,
OPTSTK,WIPRO,24-Jun-2021,400,PE,0,0,0,16,7.1,0,0,3200,0,19-APR-2021,
OPTSTK,WIPRO,24-Jun-2021,405,PE,0,0,0,33.5,8.1,0,0,0,0,19-APR-2021,
OPTSTK,WIPRO,24-Jun-2021,410,PE,0,0,0,36.25,9.2,0,0,0,0,19-APR-2021,
OPTSTK,WIPRO,24-Jun-2021,415,PE,0,0,0,39.15,10.4,0,0,0,0,19-APR-2021,
OPTSTK,WIPRO,24-Jun-2021,420,PE,0,0,0,42.15,11.75,0,0,0,0,19-APR-2021,
OPTSTK,WIPRO,24-Jun-2021,425,PE,0,0,0,45.25,13.15,0,0,0,0,19-APR-2021,
OPTSTK,WIPRO,24-Jun-2021,430,PE,0,0,0,48.5,14.65,0,0,0,0,19-APR-2021,
OPTSTK,WIPRO,24-Jun-2021,435,PE,0,0,0,51.8,16.3,0,0,0,0,19-APR-2021,
OPTSTK,WIPRO,24-Jun-2021,440,PE,0,0,0,55.25,18.05,0,0,0,0,19-APR-2021,
OPTSTK,WIPRO,24-Jun-2021,445,PE,0,0,0,58.75,19.95,0,0,0,0,19-APR-2021,
OPTSTK,WIPRO,24-Jun-2021,450,PE,0,0,0,62.35,21.95,0,0,0,0,19-APR-2021,
OPTSTK,WIPRO,24-Jun-2021,455,PE,0,0,0,66.1,24.05,0,0,0,0,19-APR-2021,
OPTSTK,WIPRO,24-Jun-2021,460,PE,0,0,0,69.85,26.3,0,0,0,0,19-APR-2021,
OPTSTK,WIPRO,24-Jun-2021,465,PE,0,0,0,73.75,28.65,0,0,0,0,19-APR-2021,
OPTSTK,WIPRO,24-Jun-2021,470,PE,0,0,0,77.65,31.1,0,0,0,0,19-APR-2021,
OPTSTK,WIPRO,24-Jun-2021,475,PE,0,0,0,81.65,33.7,0,0,0,0,19-APR-2021,
OPTSTK,WIPRO,24-Jun-2021,480,PE,0,0,0,85.75,36.4,0,0,0,0,19-APR-2021,
OPTSTK,WIPRO,24-Jun-2021,485,PE,0,0,0,89.9,39.2,0,0,0,0,19-APR-2021,
OPTSTK,WIPRO,24-Jun-2021,490,PE,0,0,0,94.05,42.1,0,0,0,0,19-APR-2021,
OPTSTK,WIPRO,24-Jun-2021,495,PE,0,0,0,98.35,45.15,0,0,0,0,19-APR-2021,
OPTSTK,WIPRO,24-Jun-2021,500,PE,0,0,0,102.65,48.25,0,0,0,0,19-APR-2021,
OPTSTK,WIPRO,24-Jun-2021,505,PE,0,0,0,107,51.5,0,0,0,0,19-APR-2021,
OPTSTK,WIPRO,24-Jun-2021,510,PE,0,0,0,111.4,54.85,0,0,0,0,19-APR-2021,
OPTSTK,WIPRO,24-Jun-2021,515,PE,0,0,0,115.85,58.25,0,0,0,0,19-APR-2021,
OPTSTK,WIPRO,24-Jun-2021,520,PE,0,0,0,120.35,61.8,0,0,0,0,19-APR-2021,
OPTSTK,WIPRO,24-Jun-2021,525,PE,0,0,0,124.85,65.4,0,0,0,0,19-APR-2021,
OPTSTK,WIPRO,24-Jun-2021,530,PE,0,0,0,129.45,69.15,0,0,0,0,19-APR-2021,
OPTSTK,WIPRO,24-Jun-2021,535,PE,0,0,0,134,72.9,0,0,0,0,19-APR-2021,
OPTSTK,WIPRO,24-Jun-2021,540,PE,0,0,0,138.65,76.75,0,0,0,0,19-APR-2021,
OPTSTK,WIPRO,24-Jun-2021,545,PE,0,0,0,143.3,80.7,0,0,0,0,19-APR-2021,
OPTSTK,WIPRO,24-Jun-2021,550,PE,0,0,0,147.95,84.7,0,0,0,0,19-APR-2021,
OPTSTK,WIPRO,24-Jun-2021,555,PE,0,0,0,152.65,88.75,0,0,0,0,19-APR-2021,
OPTSTK,ZEEL,29-Apr-2021,130,CE,0,0,0,93.5,60.5,0,0,0,0,19-APR-2021,
OPTSTK,ZEEL,29-Apr-2021,135,CE,0,0,0,89.15,55.5,0,0,0,0,19-APR-2021,
OPTSTK,ZEEL,29-Apr-2021,140,CE,0,0,0,84.85,50.55,0,0,0,0,19-APR-2021,
OPTSTK,ZEEL,29-Apr-2021,145,CE,0,0,0,80.7,45.6,0,0,0,0,19-APR-2021,
OPTSTK,ZEEL,29-Apr-2021,150,CE,0,0,0,76.65,40.7,0,0,0,0,19-APR-2021,
OPTSTK,ZEEL,29-Apr-2021,155,CE,0,0,0,72.7,35.9,0,0,0,0,19-APR-2021,
OPTSTK,ZEEL,29-Apr-2021,160,CE,0,0,0,68.9,31.25,0,0,0,0,19-APR-2021,
OPTSTK,ZEEL,29-Apr-2021,165,CE,0,0,0,65.25,26.8,0,0,0,0,19-APR-2021,
OPTSTK,ZEEL,29-Apr-2021,170,CE,19.75,19.75,19.75,19.75,22.6,2,11.38,39000,6000,19-APR-2021,
OPTSTK,ZEEL,29-Apr-2021,175,CE,0,0,0,58.3,18.75,0,0,0,0,19-APR-2021,
OPTSTK,ZEEL,29-Apr-2021,180,CE,11,14.6,10.05,13.85,13.85,96,553.13,162000,0,19-APR-2021,
OPTSTK,ZEEL,29-Apr-2021,185,CE,8,10.9,7.15,10.5,10.5,138,803.96,288000,24000,19-APR-2021,
OPTSTK,ZEEL,29-Apr-2021,190,CE,6.6,7.9,4.4,7.55,7.55,1087,6403.74,1065000,69000,19-APR-2021,
OPTSTK,ZEEL,29-Apr-2021,195,CE,4.25,5.65,3.3,5.45,5.45,458,2742.47,816000,174000,19-APR-2021,
OPTSTK,ZEEL,29-Apr-2021,200,CE,4,4.45,2.35,3.8,3.8,1141,6959.71,3837000,609000,19-APR-2021,
OPTSTK,ZEEL,29-Apr-2021,205,CE,2.8,2.8,1.6,2.6,2.6,333,2070.61,1131000,93000,19-APR-2021,
OPTSTK,ZEEL,29-Apr-2021,210,CE,2.3,2.5,1.25,1.9,1.9,608,3860.06,3024000,-78000,19-APR-2021,
OPTSTK,ZEEL,29-Apr-2021,215,CE,2.5,2.5,1.05,1.4,1.4,184,1194,768000,0,19-APR-2021,
OPTSTK,ZEEL,29-Apr-2021,220,CE,1.3,1.35,0.8,1.15,1.15,679,4502.36,3591000,6000,19-APR-2021,
OPTSTK,ZEEL,29-Apr-2021,225,CE,0.5,0.95,0.5,0.85,0.85,115,779.11,489000,0,19-APR-2021,
OPTSTK,ZEEL,29-Apr-2021,230,CE,1.15,1.15,0.45,0.7,0.7,163,1128.01,1626000,-78000,19-APR-2021,
OPTSTK,ZEEL,29-Apr-2021,235,CE,0.5,0.65,0.4,0.4,0.4,19,134.23,243000,-30000,19-APR-2021,
OPTSTK,ZEEL,29-Apr-2021,240,CE,0.5,0.55,0.3,0.4,0.4,63,454.45,672000,-69000,19-APR-2021,
OPTSTK,ZEEL,29-Apr-2021,245,CE,0.4,0.4,0.4,0.4,0.2,2,14.72,105000,-3000,19-APR-2021,
OPTSTK,ZEEL,29-Apr-2021,250,CE,0.3,0.5,0.25,0.4,0.4,36,270.41,756000,-24000,19-APR-2021,
OPTSTK,ZEEL,29-Apr-2021,255,CE,0.45,0.45,0.45,0.45,0.1,3,22.99,12000,0,19-APR-2021,
OPTSTK,ZEEL,29-Apr-2021,260,CE,0.35,0.35,0.2,0.2,0.2,14,109.3,198000,-18000,19-APR-2021,
OPTSTK,ZEEL,29-Apr-2021,265,CE,0,0,0,18.5,0.05,0,0,0,0,19-APR-2021,
OPTSTK,ZEEL,29-Apr-2021,270,CE,0,0,0,0.3,0.05,0,0,36000,0,19-APR-2021,
OPTSTK,ZEEL,29-Apr-2021,275,CE,0,0,0,16.1,0.05,0,0,0,0,19-APR-2021,
OPTSTK,ZEEL,29-Apr-2021,280,CE,0.1,0.1,0.1,0.1,0.05,1,8.4,27000,-3000,19-APR-2021,
OPTSTK,ZEEL,29-Apr-2021,285,CE,0,0,0,14.05,0,0,0,0,0,19-APR-2021,
OPTSTK,ZEEL,29-Apr-2021,290,CE,0,0,0,13.1,0,0,0,0,0,19-APR-2021,
OPTSTK,ZEEL,29-Apr-2021,295,CE,0,0,0,12.2,0,0,0,0,0,19-APR-2021,
OPTSTK,ZEEL,29-Apr-2021,300,CE,0.15,0.25,0.1,0.25,0,15,135.07,114000,-6000,19-APR-2021,
OPTSTK,ZEEL,29-Apr-2021,130,PE,0,0,0,0.2,0,0,0,9000,0,19-APR-2021,
OPTSTK,ZEEL,29-Apr-2021,135,PE,0,0,0,2.75,0.05,0,0,0,0,19-APR-2021,
OPTSTK,ZEEL,29-Apr-2021,140,PE,0.25,0.25,0.2,0.2,0.2,2,8.41,18000,-6000,19-APR-2021,
OPTSTK,ZEEL,29-Apr-2021,145,PE,0,0,0,0.2,0.1,0,0,6000,0,19-APR-2021,
OPTSTK,ZEEL,29-Apr-2021,150,PE,0.85,0.85,0.45,0.55,0.55,31,140.04,321000,-30000,19-APR-2021,
OPTSTK,ZEEL,29-Apr-2021,155,PE,0,0,0,0.3,0.4,0,0,3000,0,19-APR-2021,
OPTSTK,ZEEL,29-Apr-2021,160,PE,0.95,1.1,0.55,0.75,0.75,105,506.87,408000,-24000,19-APR-2021,
OPTSTK,ZEEL,29-Apr-2021,165,PE,1,1.45,0.65,0.8,0.8,73,363.69,339000,51000,19-APR-2021,
OPTSTK,ZEEL,29-Apr-2021,170,PE,1.7,2.2,1.15,1.45,1.45,273,1406.14,588000,30000,19-APR-2021,
OPTSTK,ZEEL,29-Apr-2021,175,PE,4.15,4.15,1.8,2.2,2.2,131,697.57,213000,24000,19-APR-2021,
OPTSTK,ZEEL,29-Apr-2021,180,PE,3.85,4.55,2.65,3.05,3.05,512,2821.26,822000,-90000,19-APR-2021,
OPTSTK,ZEEL,29-Apr-2021,185,PE,5.35,6.6,4.05,4.55,4.55,402,2294.07,654000,-66000,19-APR-2021,
OPTSTK,ZEEL,29-Apr-2021,190,PE,7.6,9.45,6.05,6.5,6.5,605,3588.49,1143000,-120000,19-APR-2021,
OPTSTK,ZEEL,29-Apr-2021,195,PE,11,12.85,8.8,9.55,9.55,55,339.54,450000,-21000,19-APR-2021,
OPTSTK,ZEEL,29-Apr-2021,200,PE,14,16.65,12.5,12.9,12.9,53,341.26,1974000,-15000,19-APR-2021,
OPTSTK,ZEEL,29-Apr-2021,205,PE,20,20,16.2,17.6,18.55,10,67.08,378000,-15000,19-APR-2021,
OPTSTK,ZEEL,29-Apr-2021,210,PE,24.4,25.25,20.5,20.7,20.7,9,62.84,435000,-9000,19-APR-2021,
OPTSTK,ZEEL,29-Apr-2021,215,PE,28.3,30.25,24.75,24.9,24.9,4,29.05,51000,-9000,19-APR-2021,
OPTSTK,ZEEL,29-Apr-2021,220,PE,33.15,34.9,32.75,32.75,30.95,4,30.45,270000,-12000,19-APR-2021,
OPTSTK,ZEEL,29-Apr-2021,225,PE,38.7,38.7,38.5,38.5,35.45,2,15.81,12000,0,19-APR-2021,
OPTSTK,ZEEL,29-Apr-2021,230,PE,41.45,41.45,41.45,41.45,40.15,1,8.14,132000,-3000,19-APR-2021,
OPTSTK,ZEEL,29-Apr-2021,235,PE,0,0,0,40.35,44.9,0,0,0,0,19-APR-2021,
OPTSTK,ZEEL,29-Apr-2021,240,PE,0,0,0,50,49.75,0,0,9000,0,19-APR-2021,
OPTSTK,ZEEL,29-Apr-2021,245,PE,0,0,0,40,54.6,0,0,3000,0,19-APR-2021,
OPTSTK,ZEEL,29-Apr-2021,250,PE,0,0,0,47,59.55,0,0,3000,0,19-APR-2021,
OPTSTK,ZEEL,29-Apr-2021,255,PE,0,0,0,53.65,64.5,0,0,0,0,19-APR-2021,
OPTSTK,ZEEL,29-Apr-2021,260,PE,0,0,0,58,69.45,0,0,138000,0,19-APR-2021,
OPTSTK,ZEEL,29-Apr-2021,265,PE,0,0,0,60.9,74.45,0,0,0,0,19-APR-2021,
OPTSTK,ZEEL,29-Apr-2021,270,PE,0,0,0,64.6,79.4,0,0,0,0,19-APR-2021,
OPTSTK,ZEEL,29-Apr-2021,275,PE,0,0,0,68.45,84.4,0,0,0,0,19-APR-2021,
OPTSTK,ZEEL,29-Apr-2021,280,PE,0,0,0,72.3,89.4,0,0,0,0,19-APR-2021,
OPTSTK,ZEEL,29-Apr-2021,285,PE,0,0,0,76.25,94.4,0,0,0,0,19-APR-2021,
OPTSTK,ZEEL,29-Apr-2021,290,PE,0,0,0,80.25,99.4,0,0,0,0,19-APR-2021,
OPTSTK,ZEEL,29-Apr-2021,295,PE,0,0,0,84.35,104.4,0,0,0,0,19-APR-2021,
OPTSTK,ZEEL,29-Apr-2021,300,PE,0,0,0,88.45,109.35,0,0,0,0,19-APR-2021,
OPTSTK,ZEEL,27-May-2021,130,CE,0,0,0,82.65,61.7,0,0,0,0,19-APR-2021,
OPTSTK,ZEEL,27-May-2021,135,CE,0,0,0,78.45,57.1,0,0,0,0,19-APR-2021,
OPTSTK,ZEEL,27-May-2021,140,CE,0,0,0,74.35,52.65,0,0,0,0,19-APR-2021,
OPTSTK,ZEEL,27-May-2021,145,CE,0,0,0,70.35,48.35,0,0,0,0,19-APR-2021,
OPTSTK,ZEEL,27-May-2021,150,CE,0,0,0,66.5,44.2,0,0,0,0,19-APR-2021,
OPTSTK,ZEEL,27-May-2021,155,CE,0,0,0,62.8,40.25,0,0,0,0,19-APR-2021,
OPTSTK,ZEEL,27-May-2021,160,CE,0,0,0,59.25,36.5,0,0,0,0,19-APR-2021,
OPTSTK,ZEEL,27-May-2021,165,CE,0,0,0,55.8,32.9,0,0,0,0,19-APR-2021,
OPTSTK,ZEEL,27-May-2021,170,CE,0,0,0,52.5,29.6,0,0,0,0,19-APR-2021,
OPTSTK,ZEEL,27-May-2021,175,CE,0,0,0,49.35,26.5,0,0,0,0,19-APR-2021,
OPTSTK,ZEEL,27-May-2021,180,CE,0,0,0,18.95,23.65,0,0,3000,0,19-APR-2021,
OPTSTK,ZEEL,27-May-2021,185,CE,0,0,0,43.5,21,0,0,0,0,19-APR-2021,
OPTSTK,ZEEL,27-May-2021,190,CE,14.35,14.5,13,14.35,14.35,8,48.89,21000,6000,19-APR-2021,
OPTSTK,ZEEL,27-May-2021,195,CE,0,0,0,38.2,16.4,0,0,0,0,19-APR-2021,
OPTSTK,ZEEL,27-May-2021,200,CE,9.95,10.5,7.5,10.1,10.1,70,440.13,312000,93000,19-APR-2021,
OPTSTK,ZEEL,27-May-2021,205,CE,7,7,7,7,12.6,1,6.36,3000,3000,19-APR-2021,
OPTSTK,ZEEL,27-May-2021,210,CE,7,7.1,6,6.5,6.5,13,84.48,87000,15000,19-APR-2021,
OPTSTK,ZEEL,27-May-2021,215,CE,0,0,0,29.2,9.6,0,0,0,0,19-APR-2021,
OPTSTK,ZEEL,27-May-2021,220,CE,0,0,0,27.25,8.35,0,0,0,0,19-APR-2021,
OPTSTK,ZEEL,27-May-2021,225,CE,0,0,0,25.4,7.2,0,0,0,0,19-APR-2021,
OPTSTK,ZEEL,27-May-2021,230,CE,0,0,0,3.1,6.25,0,0,9000,0,19-APR-2021,
OPTSTK,ZEEL,27-May-2021,235,CE,0,0,0,22.1,5.35,0,0,0,0,19-APR-2021,
OPTSTK,ZEEL,27-May-2021,240,CE,2,2,2,2,4.6,1,7.26,12000,0,19-APR-2021,
OPTSTK,ZEEL,27-May-2021,245,CE,0,0,0,19.15,3.95,0,0,0,0,19-APR-2021,
OPTSTK,ZEEL,27-May-2021,250,CE,0,0,0,1.75,3.4,0,0,15000,0,19-APR-2021,
OPTSTK,ZEEL,27-May-2021,255,CE,0,0,0,16.6,2.9,0,0,0,0,19-APR-2021,
OPTSTK,ZEEL,27-May-2021,260,CE,0,0,0,2.1,2.45,0,0,0,0,19-APR-2021,
OPTSTK,ZEEL,27-May-2021,265,CE,0,0,0,10.55,2.1,0,0,0,0,19-APR-2021,
OPTSTK,ZEEL,27-May-2021,270,CE,0,0,0,13.35,1.8,0,0,0,0,19-APR-2021,
OPTSTK,ZEEL,27-May-2021,275,CE,0,0,0,12.4,1.5,0,0,0,0,19-APR-2021,
OPTSTK,ZEEL,27-May-2021,280,CE,0,0,0,11.5,1.3,0,0,0,0,19-APR-2021,
OPTSTK,ZEEL,27-May-2021,285,CE,0,0,0,10.7,1.1,0,0,0,0,19-APR-2021,
OPTSTK,ZEEL,27-May-2021,290,CE,0,0,0,9.95,0.9,0,0,0,0,19-APR-2021,
OPTSTK,ZEEL,27-May-2021,295,CE,0,0,0,9.2,0.8,0,0,0,0,19-APR-2021,
OPTSTK,ZEEL,27-May-2021,300,CE,0,0,0,8.55,0.65,0,0,0,0,19-APR-2021,
OPTSTK,ZEEL,27-May-2021,130,PE,0,0,0,2.85,0.85,0,0,0,0,19-APR-2021,
OPTSTK,ZEEL,27-May-2021,135,PE,0,0,0,3.6,1.25,0,0,0,0,19-APR-2021,
OPTSTK,ZEEL,27-May-2021,140,PE,0,0,0,4.45,1.75,0,0,0,0,19-APR-2021,
OPTSTK,ZEEL,27-May-2021,145,PE,0,0,0,5.4,2.45,0,0,0,0,19-APR-2021,
OPTSTK,ZEEL,27-May-2021,150,PE,0,0,0,2.45,3.25,0,0,18000,0,19-APR-2021,
OPTSTK,ZEEL,27-May-2021,155,PE,0,0,0,7.75,4.3,0,0,0,0,19-APR-2021,
OPTSTK,ZEEL,27-May-2021,160,PE,4,4,4,4,5.5,1,4.92,3000,0,19-APR-2021,
OPTSTK,ZEEL,27-May-2021,165,PE,0,0,0,10.65,6.95,0,0,0,0,19-APR-2021,
OPTSTK,ZEEL,27-May-2021,170,PE,0,0,0,6,8.6,0,0,21000,0,19-APR-2021,
OPTSTK,ZEEL,27-May-2021,175,PE,0,0,0,9,10.45,0,0,3000,0,19-APR-2021,
OPTSTK,ZEEL,27-May-2021,180,PE,8.4,10.3,8,8.2,8.2,30,169.87,267000,21000,19-APR-2021,
OPTSTK,ZEEL,27-May-2021,185,PE,0,0,0,18.15,14.9,0,0,0,0,19-APR-2021,
OPTSTK,ZEEL,27-May-2021,190,PE,15,15,13.9,13.95,17.5,5,30.64,186000,6000,19-APR-2021,
OPTSTK,ZEEL,27-May-2021,195,PE,0,0,0,22.75,20.25,0,0,0,0,19-APR-2021,
OPTSTK,ZEEL,27-May-2021,200,PE,20.55,20.55,16.75,17.2,17.2,14,91.94,273000,30000,19-APR-2021,
OPTSTK,ZEEL,27-May-2021,205,PE,0,0,0,27.9,26.45,0,0,0,0,19-APR-2021,
OPTSTK,ZEEL,27-May-2021,210,PE,0,0,0,20.05,29.85,0,0,21000,0,19-APR-2021,
OPTSTK,ZEEL,27-May-2021,215,PE,0,0,0,30,33.4,0,0,3000,0,19-APR-2021,
OPTSTK,ZEEL,27-May-2021,220,PE,0,0,0,36.6,37.1,0,0,0,0,19-APR-2021,
OPTSTK,ZEEL,27-May-2021,225,PE,0,0,0,39.7,41,0,0,0,0,19-APR-2021,
OPTSTK,ZEEL,27-May-2021,230,PE,0,0,0,42.95,45,0,0,0,0,19-APR-2021,
OPTSTK,ZEEL,27-May-2021,235,PE,0,0,0,46.3,49.1,0,0,0,0,19-APR-2021,
OPTSTK,ZEEL,27-May-2021,240,PE,0,0,0,49.75,53.35,0,0,0,0,19-APR-2021,
OPTSTK,ZEEL,27-May-2021,245,PE,0,0,0,53.25,57.65,0,0,0,0,19-APR-2021,
OPTSTK,ZEEL,27-May-2021,250,PE,0,0,0,56.9,62.05,0,0,0,0,19-APR-2021,
OPTSTK,ZEEL,27-May-2021,255,PE,0,0,0,60.6,66.55,0,0,0,0,19-APR-2021,
OPTSTK,ZEEL,27-May-2021,260,PE,0,0,0,64.4,71.1,0,0,0,0,19-APR-2021,
OPTSTK,ZEEL,27-May-2021,265,PE,0,0,0,68.3,75.7,0,0,0,0,19-APR-2021,
OPTSTK,ZEEL,27-May-2021,270,PE,0,0,0,72.2,80.4,0,0,0,0,19-APR-2021,
OPTSTK,ZEEL,27-May-2021,275,PE,0,0,0,76.25,85.1,0,0,0,0,19-APR-2021,
OPTSTK,ZEEL,27-May-2021,280,PE,0,0,0,80.3,89.85,0,0,0,0,19-APR-2021,
OPTSTK,ZEEL,27-May-2021,285,PE,0,0,0,84.45,94.65,0,0,0,0,19-APR-2021,
OPTSTK,ZEEL,27-May-2021,290,PE,0,0,0,88.65,99.45,0,0,0,0,19-APR-2021,
OPTSTK,ZEEL,27-May-2021,295,PE,0,0,0,92.85,104.3,0,0,0,0,19-APR-2021,
OPTSTK,ZEEL,27-May-2021,300,PE,0,0,0,97.15,109.15,0,0,0,0,19-APR-2021,
OPTSTK,ZEEL,24-Jun-2021,130,CE,0,0,0,70.95,63.8,0,0,0,0,19-APR-2021,
OPTSTK,ZEEL,24-Jun-2021,135,CE,0,0,0,66.9,59.6,0,0,0,0,19-APR-2021,
OPTSTK,ZEEL,24-Jun-2021,140,CE,0,0,0,63,55.55,0,0,0,0,19-APR-2021,
OPTSTK,ZEEL,24-Jun-2021,145,CE,0,0,0,59.25,51.65,0,0,0,0,19-APR-2021,
OPTSTK,ZEEL,24-Jun-2021,150,CE,0,0,0,55.6,47.95,0,0,0,0,19-APR-2021,
OPTSTK,ZEEL,24-Jun-2021,155,CE,0,0,0,52.15,44.4,0,0,0,0,19-APR-2021,
OPTSTK,ZEEL,24-Jun-2021,160,CE,0,0,0,48.8,41,0,0,0,0,19-APR-2021,
OPTSTK,ZEEL,24-Jun-2021,165,CE,0,0,0,45.65,37.8,0,0,0,0,19-APR-2021,
OPTSTK,ZEEL,24-Jun-2021,170,CE,0,0,0,42.65,34.8,0,0,0,0,19-APR-2021,
OPTSTK,ZEEL,24-Jun-2021,175,CE,0,0,0,39.8,31.95,0,0,0,0,19-APR-2021,
OPTSTK,ZEEL,24-Jun-2021,180,CE,0,0,0,37.1,29.3,0,0,0,0,19-APR-2021,
OPTSTK,ZEEL,24-Jun-2021,185,CE,0,0,0,34.55,26.8,0,0,0,0,19-APR-2021,
OPTSTK,ZEEL,24-Jun-2021,190,CE,0,0,0,32.15,24.5,0,0,0,0,19-APR-2021,
OPTSTK,ZEEL,24-Jun-2021,195,CE,0,0,0,29.9,22.35,0,0,0,0,19-APR-2021,
OPTSTK,ZEEL,24-Jun-2021,200,CE,0,0,0,27.75,20.35,0,0,0,0,19-APR-2021,
OPTSTK,ZEEL,24-Jun-2021,205,CE,0,0,0,25.75,18.55,0,0,0,0,19-APR-2021,
OPTSTK,ZEEL,24-Jun-2021,210,CE,0,0,0,23.9,16.85,0,0,0,0,19-APR-2021,
OPTSTK,ZEEL,24-Jun-2021,215,CE,0,0,0,22.15,15.3,0,0,0,0,19-APR-2021,
OPTSTK,ZEEL,24-Jun-2021,220,CE,0,0,0,7.5,13.85,0,0,3000,0,19-APR-2021,
OPTSTK,ZEEL,24-Jun-2021,225,CE,0,0,0,18.95,12.55,0,0,0,0,19-APR-2021,
OPTSTK,ZEEL,24-Jun-2021,230,CE,0,0,0,17.55,11.35,0,0,0,0,19-APR-2021,
OPTSTK,ZEEL,24-Jun-2021,235,CE,0,0,0,16.25,10.25,0,0,0,0,19-APR-2021,
OPTSTK,ZEEL,24-Jun-2021,240,CE,0,0,0,15,9.25,0,0,0,0,19-APR-2021,
OPTSTK,ZEEL,24-Jun-2021,245,CE,0,0,0,13.85,8.35,0,0,0,0,19-APR-2021,
OPTSTK,ZEEL,24-Jun-2021,250,CE,0,0,0,12.8,7.55,0,0,0,0,19-APR-2021,
OPTSTK,ZEEL,24-Jun-2021,255,CE,0,0,0,11.85,6.8,0,0,0,0,19-APR-2021,
OPTSTK,ZEEL,24-Jun-2021,260,CE,0,0,0,10.9,6.1,0,0,0,0,19-APR-2021,
OPTSTK,ZEEL,24-Jun-2021,265,CE,0,0,0,10.05,5.5,0,0,0,0,19-APR-2021,
OPTSTK,ZEEL,24-Jun-2021,270,CE,0,0,0,9.3,4.95,0,0,0,0,19-APR-2021,
OPTSTK,ZEEL,24-Jun-2021,275,CE,0,0,0,8.55,4.45,0,0,0,0,19-APR-2021,
OPTSTK,ZEEL,24-Jun-2021,280,CE,0,0,0,7.9,4,0,0,0,0,19-APR-2021,
OPTSTK,ZEEL,24-Jun-2021,285,CE,0,0,0,7.3,3.6,0,0,0,0,19-APR-2021,
OPTSTK,ZEEL,24-Jun-2021,130,PE,0,0,0,3.65,2.55,0,0,0,0,19-APR-2021,
OPTSTK,ZEEL,24-Jun-2021,135,PE,0,0,0,4.55,3.35,0,0,0,0,19-APR-2021,
OPTSTK,ZEEL,24-Jun-2021,140,PE,0,0,0,5.6,4.25,0,0,0,0,19-APR-2021,
OPTSTK,ZEEL,24-Jun-2021,145,PE,0,0,0,6.8,5.35,0,0,0,0,19-APR-2021,
OPTSTK,ZEEL,24-Jun-2021,150,PE,0,0,0,8.1,6.55,0,0,0,0,19-APR-2021,
OPTSTK,ZEEL,24-Jun-2021,155,PE,0,0,0,9.6,8,0,0,0,0,19-APR-2021,
OPTSTK,ZEEL,24-Jun-2021,160,PE,0,0,0,11.25,9.55,0,0,0,0,19-APR-2021,
OPTSTK,ZEEL,24-Jun-2021,165,PE,0,0,0,13.05,11.35,0,0,0,0,19-APR-2021,
OPTSTK,ZEEL,24-Jun-2021,170,PE,0,0,0,14.95,13.3,0,0,0,0,19-APR-2021,
OPTSTK,ZEEL,24-Jun-2021,175,PE,0,0,0,17.05,15.4,0,0,0,0,19-APR-2021,
OPTSTK,ZEEL,24-Jun-2021,180,PE,0,0,0,19.3,17.7,0,0,0,0,19-APR-2021,
OPTSTK,ZEEL,24-Jun-2021,185,PE,0,0,0,21.75,20.2,0,0,0,0,19-APR-2021,
OPTSTK,ZEEL,24-Jun-2021,190,PE,0,0,0,12,22.85,0,0,12000,0,19-APR-2021,
OPTSTK,ZEEL,24-Jun-2021,195,PE,0,0,0,26.95,25.7,0,0,0,0,19-APR-2021,
OPTSTK,ZEEL,24-Jun-2021,200,PE,0,0,0,18,28.65,0,0,9000,0,19-APR-2021,
OPTSTK,ZEEL,24-Jun-2021,205,PE,0,0,0,32.75,31.8,0,0,0,0,19-APR-2021,
OPTSTK,ZEEL,24-Jun-2021,210,PE,0,0,0,35.85,35.05,0,0,0,0,19-APR-2021,
OPTSTK,ZEEL,24-Jun-2021,215,PE,0,0,0,39.05,38.5,0,0,0,0,19-APR-2021,
OPTSTK,ZEEL,24-Jun-2021,220,PE,0,0,0,42.35,42,0,0,0,0,19-APR-2021,
OPTSTK,ZEEL,24-Jun-2021,225,PE,0,0,0,45.8,45.7,0,0,0,0,19-APR-2021,
OPTSTK,ZEEL,24-Jun-2021,230,PE,0,0,0,49.3,49.45,0,0,0,0,19-APR-2021,
OPTSTK,ZEEL,24-Jun-2021,235,PE,0,0,0,52.95,53.35,0,0,0,0,19-APR-2021,
OPTSTK,ZEEL,24-Jun-2021,240,PE,0,0,0,56.7,57.3,0,0,0,0,19-APR-2021,
OPTSTK,ZEEL,24-Jun-2021,245,PE,0,0,0,60.5,61.35,0,0,0,0,19-APR-2021,
OPTSTK,ZEEL,24-Jun-2021,250,PE,0,0,0,64.4,65.5,0,0,0,0,19-APR-2021,
OPTSTK,ZEEL,24-Jun-2021,255,PE,0,0,0,68.35,69.7,0,0,0,0,19-APR-2021,
OPTSTK,ZEEL,24-Jun-2021,260,PE,0,0,0,72.4,74,0,0,0,0,19-APR-2021,
OPTSTK,ZEEL,24-Jun-2021,265,PE,0,0,0,76.5,78.35,0,0,0,0,19-APR-2021,
OPTSTK,ZEEL,24-Jun-2021,270,PE,0,0,0,80.7,82.75,0,0,0,0,19-APR-2021,
OPTSTK,ZEEL,24-Jun-2021,275,PE,0,0,0,84.9,87.25,0,0,0,0,19-APR-2021,
OPTSTK,ZEEL,24-Jun-2021,280,PE,0,0,0,89.2,91.75,0,0,0,0,19-APR-2021,
OPTSTK,ZEEL,24-Jun-2021,285,PE,0,0,0,93.5,96.3,0,0,0,0,19-APR-2021,
