INSTRUMENT,SYMBOL,EXPIRY_DT,STRIKE_PR,OPTION_TYP,OPEN,HIGH,LOW,CLOSE,SETTLE_PR,CONTRACTS,VAL_INLAKH,OPEN_INT,CHG_IN_OI,TIMESTAMP,
FUTSTK,CADILAHC,31-Mar-2016,0,XX,335.05,337.25,332,337.25,338.9,42,210.54,61500,61500,01-JAN-2016,
FUTSTK,CADILAHC,31-Mar-2016,0,XX,337.2,337.2,326.5,327,327,6,29.68,69000,7500,04-JAN-2016,
FUTSTK,CADILAHC,31-Mar-2016,0,XX,325,325,315,318.55,318.55,27,129.11,81000,12000,05-JAN-2016,
FUTSTK,CADILAHC,31-Mar-2016,0,XX,312,326.35,312,322.9,326.4,46,224.41,81000,0,06-JAN-2016,
FUTSTK,CADILAHC,31-Mar-2016,0,XX,314,315.7,311,311,311,31,145.53,126000,45000,07-JAN-2016,
FUTSTK,CADILAHC,31-Mar-2016,0,XX,313,315,313,315,315.65,8,37.73,123000,-3000,08-JAN-2016,
FUTSTK,CADILAHC,31-Mar-2016,0,XX,314.95,320,314.95,320,320.25,5,23.84,118500,-4500,11-JAN-2016,
FUTSTK,CADILAHC,31-Mar-2016,0,XX,325.9,326,323,324,326,23,111.68,84000,-34500,12-JAN-2016,
FUTSTK,CADILAHC,31-Mar-2016,0,XX,330.9,330.9,321.55,321.55,326.35,4,19.61,85500,1500,13-JAN-2016,
FUTSTK,CADILAHC,31-Mar-2016,0,XX,0,0,0,321.55,320.25,0,0,85500,0,14-JAN-2016,
FUTSTK,CADILAHC,31-Mar-2016,0,XX,312.9,312.9,310,311.4,311.4,20,93.56,111000,25500,15-JAN-2016,
FUTSTK,CADILAHC,31-Mar-2016,0,XX,303,309.55,297.25,302.15,302.15,14,63.95,109500,-1500,18-JAN-2016,
FUTSTK,CADILAHC,31-Mar-2016,0,XX,309.2,310.25,309.2,310.25,313.4,2,9.29,111000,1500,19-JAN-2016,
FUTSTK,CADILAHC,31-Mar-2016,0,XX,301,301,301,301,306.25,4,18.06,117000,6000,20-JAN-2016,
FUTSTK,CADILAHC,31-Mar-2016,0,XX,303,303,300,300.05,300.05,8,36.04,126000,9000,21-JAN-2016,
FUTSTK,CADILAHC,31-Mar-2016,0,XX,305,305,303.45,304.5,305.4,3,13.69,130500,4500,22-JAN-2016,
FUTSTK,CADILAHC,31-Mar-2016,0,XX,309,309,305.15,305.15,305.15,6,27.75,123000,-7500,25-JAN-2016,
FUTSTK,CADILAHC,31-Mar-2016,0,XX,306.05,308,306,308,309.15,6,27.61,124500,1500,27-JAN-2016,
FUTSTK,CADILAHC,31-Mar-2016,0,XX,304,305.35,300.85,301.7,301.7,32,145.54,165000,40500,28-JAN-2016,
FUTSTK,CADILAHC,28-Apr-2016,0,XX,0,0,0,304.95,310.2,0,0,0,0,29-JAN-2016,
FUTSTK,CADILAHC,28-Apr-2016,0,XX,0,0,0,304.95,324.75,0,0,0,0,01-FEB-2016,
FUTSTK,CADILAHC,28-Apr-2016,0,XX,0,0,0,304.95,322.9,0,0,0,0,02-FEB-2016,
FUTSTK,CADILAHC,28-Apr-2016,0,XX,0,0,0,304.95,323,0,0,0,0,03-FEB-2016,
FUTSTK,CADILAHC,28-Apr-2016,0,XX,318,318,313,313,318.15,4,18.85,6000,6000,04-FEB-2016,
FUTSTK,CADILAHC,28-Apr-2016,0,XX,323,332.95,323,332.95,332.5,4,19.52,4500,-1500,05-FEB-2016,
FUTSTK,CADILAHC,28-Apr-2016,0,XX,332,332,332,332,332.9,1,4.98,4500,0,08-FEB-2016,
FUTSTK,CADILAHC,28-Apr-2016,0,XX,0,0,0,332,334.1,0,0,4500,0,09-FEB-2016,
FUTSTK,CADILAHC,28-Apr-2016,0,XX,0,0,0,332,332.1,0,0,4500,0,10-FEB-2016,
FUTSTK,CADILAHC,28-Apr-2016,0,XX,0,0,0,332,325.3,0,0,4500,0,11-FEB-2016,
FUTSTK,CADILAHC,28-Apr-2016,0,XX,0,0,0,332,311.55,0,0,4500,0,12-FEB-2016,
FUTSTK,CADILAHC,28-Apr-2016,0,XX,0,0,0,332,320,0,0,4500,0,15-FEB-2016,
FUTSTK,CADILAHC,28-Apr-2016,0,XX,0,0,0,332,316.45,0,0,4500,0,16-FEB-2016,
FUTSTK,CADILAHC,28-Apr-2016,0,XX,0,0,0,332,319,0,0,4500,0,17-FEB-2016,
FUTSTK,CADILAHC,28-Apr-2016,0,XX,0,0,0,332,327.45,0,0,4500,0,18-FEB-2016,
FUTSTK,CADILAHC,28-Apr-2016,0,XX,0,0,0,332,332.4,0,0,4500,0,19-FEB-2016,
FUTSTK,CADILAHC,28-Apr-2016,0,XX,0,0,0,332,334.1,0,0,4500,0,22-FEB-2016,
FUTSTK,CADILAHC,28-Apr-2016,0,XX,0,0,0,332,335.35,0,0,4500,0,23-FEB-2016,
FUTSTK,CADILAHC,28-Apr-2016,0,XX,328,328,328,328,326.8,1,4.92,6000,1500,24-FEB-2016,
FUTSTK,CADILAHC,28-Apr-2016,0,XX,328,331.5,324,329.9,330.5,35,172.4,48000,42000,25-FEB-2016,
FUTSTK,CADILAHC,26-May-2016,0,XX,0,0,0,332.6,327,0,0,0,0,26-FEB-2016,
FUTSTK,CADILAHC,26-May-2016,0,XX,0,0,0,332.6,320.95,0,0,0,0,29-FEB-2016,
FUTSTK,CADILAHC,26-May-2016,0,XX,0,0,0,332.6,332.65,0,0,0,0,01-MAR-2016,
FUTSTK,CADILAHC,26-May-2016,0,XX,0,0,0,332.6,336.65,0,0,0,0,02-MAR-2016,
FUTSTK,CADILAHC,26-May-2016,0,XX,0,0,0,332.6,339.65,0,0,0,0,03-MAR-2016,
FUTSTK,CADILAHC,26-May-2016,0,XX,0,0,0,332.6,344.3,0,0,0,0,04-MAR-2016,
FUTSTK,CADILAHC,26-May-2016,0,XX,0,0,0,332.6,341.65,0,0,0,0,08-MAR-2016,
FUTSTK,CADILAHC,26-May-2016,0,XX,0,0,0,332.6,350.35,0,0,0,0,09-MAR-2016,
FUTSTK,CADILAHC,26-May-2016,0,XX,0,0,0,332.6,351.1,0,0,0,0,10-MAR-2016,
FUTSTK,CADILAHC,26-May-2016,0,XX,0,0,0,332.6,350.6,0,0,0,0,11-MAR-2016,
FUTSTK,CADILAHC,26-May-2016,0,XX,0,0,0,332.6,354.55,0,0,0,0,14-MAR-2016,
FUTSTK,CADILAHC,26-May-2016,0,XX,342,342,342,342,342,1,5.13,1500,1500,15-MAR-2016,
FUTSTK,CADILAHC,26-May-2016,0,XX,0,0,0,342,344.1,0,0,1500,0,16-MAR-2016,
FUTSTK,CADILAHC,26-May-2016,0,XX,0,0,0,342,342.85,0,0,1500,0,17-MAR-2016,
FUTSTK,CADILAHC,26-May-2016,0,XX,0,0,0,342,346.7,0,0,1500,0,18-MAR-2016,
FUTSTK,CADILAHC,26-May-2016,0,XX,0,0,0,342,346.1,0,0,1500,0,21-MAR-2016,
FUTSTK,CADILAHC,26-May-2016,0,XX,336,336,336,336,336,1,5.04,3000,1500,22-MAR-2016,
FUTSTK,CADILAHC,26-May-2016,0,XX,0,0,0,336,324.85,0,0,3000,0,23-MAR-2016,
FUTSTK,CADILAHC,26-May-2016,0,XX,322.1,322.1,322.1,322.1,322.85,1,4.83,4500,1500,28-MAR-2016,
FUTSTK,CADILAHC,26-May-2016,0,XX,315,320,315,320,320.6,4,18.97,10500,6000,29-MAR-2016,
FUTSTK,CADILAHC,26-May-2016,0,XX,326,326,326,326,323.55,1,4.89,9000,-1500,30-MAR-2016,
FUTSTK,CADILAHC,26-May-2016,0,XX,322.5,322.5,320.7,320.7,320.7,3,14.46,13500,4500,31-MAR-2016,
FUTSTK,CADILAHC,30-Jun-2016,0,XX,0,0,0,323.4,327.35,0,0,0,0,01-APR-2016,
FUTSTK,CADILAHC,30-Jun-2016,0,XX,0,0,0,323.4,320.8,0,0,0,0,04-APR-2016,
FUTSTK,CADILAHC,30-Jun-2016,0,XX,0,0,0,323.4,324.15,0,0,0,0,05-APR-2016,
FUTSTK,CADILAHC,30-Jun-2016,0,XX,0,0,0,323.4,319.8,0,0,0,0,06-APR-2016,
FUTSTK,CADILAHC,30-Jun-2016,0,XX,0,0,0,323.4,324.85,0,0,0,0,07-APR-2016,
FUTSTK,CADILAHC,30-Jun-2016,0,XX,0,0,0,323.4,326.9,0,0,0,0,08-APR-2016,
FUTSTK,CADILAHC,30-Jun-2016,0,XX,0,0,0,323.4,322.7,0,0,0,0,11-APR-2016,
FUTSTK,CADILAHC,30-Jun-2016,0,XX,319,319,319,319,322.4,1,4.78,1500,1500,12-APR-2016,
FUTSTK,CADILAHC,30-Jun-2016,0,XX,0,0,0,319,325.2,0,0,1500,0,13-APR-2016,
FUTSTK,CADILAHC,30-Jun-2016,0,XX,0,0,0,319,334.9,0,0,1500,0,18-APR-2016,
FUTSTK,CADILAHC,30-Jun-2016,0,XX,0,0,0,319,331.05,0,0,1500,0,20-APR-2016,
FUTSTK,CADILAHC,30-Jun-2016,0,XX,0,0,0,319,333.1,0,0,1500,0,21-APR-2016,
FUTSTK,CADILAHC,30-Jun-2016,0,XX,0,0,0,319,340.35,0,0,1500,0,22-APR-2016,
FUTSTK,CADILAHC,30-Jun-2016,0,XX,0,0,0,319,335.3,0,0,1500,0,25-APR-2016,
FUTSTK,CADILAHC,30-Jun-2016,0,XX,331.5,331.5,331.5,331.5,332.3,1,4.97,1500,0,26-APR-2016,
FUTSTK,CADILAHC,30-Jun-2016,0,XX,0,0,0,331.5,331.1,0,0,1500,0,27-APR-2016,
FUTSTK,CADILAHC,30-Jun-2016,0,XX,0,0,0,331.5,331.25,0,0,1500,0,28-APR-2016,
FUTSTK,CADILAHC,28-Jul-2016,0,XX,0,0,0,333.15,333.6,0,0,0,0,29-APR-2016,
FUTSTK,CADILAHC,28-Jul-2016,0,XX,0,0,0,333.15,330.35,0,0,0,0,02-MAY-2016,
FUTSTK,CADILAHC,28-Jul-2016,0,XX,0,0,0,333.15,325.7,0,0,0,0,03-MAY-2016,
FUTSTK,CADILAHC,28-Jul-2016,0,XX,0,0,0,333.15,328.65,0,0,0,0,04-MAY-2016,
FUTSTK,CADILAHC,28-Jul-2016,0,XX,0,0,0,333.15,326.4,0,0,0,0,05-MAY-2016,
FUTSTK,CADILAHC,28-Jul-2016,0,XX,0,0,0,333.15,323.3,0,0,0,0,06-MAY-2016,
FUTSTK,CADILAHC,28-Jul-2016,0,XX,0,0,0,333.15,325.5,0,0,0,0,09-MAY-2016,
FUTSTK,CADILAHC,28-Jul-2016,0,XX,0,0,0,333.15,338.75,0,0,0,0,10-MAY-2016,
FUTSTK,CADILAHC,28-Jul-2016,0,XX,0,0,0,333.15,338.25,0,0,0,0,11-MAY-2016,
FUTSTK,CADILAHC,28-Jul-2016,0,XX,0,0,0,333.15,338.6,0,0,0,0,12-MAY-2016,
FUTSTK,CADILAHC,28-Jul-2016,0,XX,0,0,0,333.15,331.6,0,0,0,0,13-MAY-2016,
FUTSTK,CADILAHC,28-Jul-2016,0,XX,0,0,0,333.15,326.5,0,0,0,0,16-MAY-2016,
FUTSTK,CADILAHC,28-Jul-2016,0,XX,0,0,0,333.15,325.25,0,0,0,0,17-MAY-2016,
FUTSTK,CADILAHC,28-Jul-2016,0,XX,0,0,0,333.15,324.6,0,0,0,0,18-MAY-2016,
FUTSTK,CADILAHC,28-Jul-2016,0,XX,0,0,0,333.15,329.3,0,0,0,0,19-MAY-2016,
FUTSTK,CADILAHC,28-Jul-2016,0,XX,0,0,0,333.15,326.05,0,0,0,0,20-MAY-2016,
FUTSTK,CADILAHC,28-Jul-2016,0,XX,0,0,0,333.15,328.9,0,0,0,0,23-MAY-2016,
FUTSTK,CADILAHC,28-Jul-2016,0,XX,0,0,0,333.15,321.8,0,0,0,0,24-MAY-2016,
FUTSTK,CADILAHC,28-Jul-2016,0,XX,0,0,0,333.15,323.7,0,0,0,0,25-MAY-2016,
FUTSTK,CADILAHC,28-Jul-2016,0,XX,325,325,325,325,324.2,1,5.2,1600,1600,26-MAY-2016,
FUTSTK,CADILAHC,25-Aug-2016,0,XX,0,0,0,326,333.1,0,0,0,0,27-MAY-2016,
FUTSTK,CADILAHC,25-Aug-2016,0,XX,0,0,0,326,339.95,0,0,0,0,30-MAY-2016,
FUTSTK,CADILAHC,25-Aug-2016,0,XX,0,0,0,326,342.2,0,0,0,0,31-MAY-2016,
FUTSTK,CADILAHC,25-Aug-2016,0,XX,0,0,0,326,338.6,0,0,0,0,01-JUN-2016,
FUTSTK,CADILAHC,25-Aug-2016,0,XX,0,0,0,326,329.75,0,0,0,0,02-JUN-2016,
FUTSTK,CADILAHC,25-Aug-2016,0,XX,0,0,0,326,324.85,0,0,0,0,03-JUN-2016,
FUTSTK,CADILAHC,25-Aug-2016,0,XX,0,0,0,326,328.5,0,0,0,0,06-JUN-2016,
FUTSTK,CADILAHC,25-Aug-2016,0,XX,0,0,0,326,324.35,0,0,0,0,07-JUN-2016,
FUTSTK,CADILAHC,25-Aug-2016,0,XX,0,0,0,326,324.05,0,0,0,0,08-JUN-2016,
FUTSTK,CADILAHC,25-Aug-2016,0,XX,0,0,0,326,323.4,0,0,0,0,09-JUN-2016,
FUTSTK,CADILAHC,25-Aug-2016,0,XX,324,324,324,324,322.6,1,5.18,1600,1600,10-JUN-2016,
FUTSTK,CADILAHC,25-Aug-2016,0,XX,0,0,0,324,323.9,0,0,1600,0,13-JUN-2016,
FUTSTK,CADILAHC,25-Aug-2016,0,XX,0,0,0,324,323.5,0,0,1600,0,14-JUN-2016,
FUTSTK,CADILAHC,25-Aug-2016,0,XX,0,0,0,324,323.55,0,0,1600,0,15-JUN-2016,
FUTSTK,CADILAHC,25-Aug-2016,0,XX,0,0,0,324,321.5,0,0,1600,0,16-JUN-2016,
FUTSTK,CADILAHC,25-Aug-2016,0,XX,318,318,318,318,318,1,5.08,3200,1600,17-JUN-2016,
FUTSTK,CADILAHC,25-Aug-2016,0,XX,0,0,0,318,319.75,0,0,3200,0,20-JUN-2016,
FUTSTK,CADILAHC,25-Aug-2016,0,XX,325.5,325.5,325.5,325.5,319.4,1,5.2,4800,1600,21-JUN-2016,
FUTSTK,CADILAHC,25-Aug-2016,0,XX,0,0,0,325.5,322,0,0,4800,0,22-JUN-2016,
FUTSTK,CADILAHC,25-Aug-2016,0,XX,319.55,319.55,317.55,317.55,317.55,2,10.19,3200,-1600,23-JUN-2016,
FUTSTK,CADILAHC,25-Aug-2016,0,XX,314.75,314.75,313,313,316,2,10.04,3200,0,24-JUN-2016,
FUTSTK,CADILAHC,25-Aug-2016,0,XX,0,0,0,313,323.75,0,0,3200,0,27-JUN-2016,
FUTSTK,CADILAHC,25-Aug-2016,0,XX,325,325.95,325,325.95,324.65,2,10.41,1600,-1600,28-JUN-2016,
FUTSTK,CADILAHC,25-Aug-2016,0,XX,327.6,327.6,327.6,327.6,326.95,2,10.46,4800,3200,29-JUN-2016,
FUTSTK,CADILAHC,25-Aug-2016,0,XX,327.6,333.4,327.6,332.9,332.9,15,79.73,25600,20800,30-JUN-2016,
FUTSTK,CADILAHC,29-Sep-2016,0,XX,0,0,0,334.1,334.1,0,0,0,0,01-JUL-2016,
FUTSTK,CADILAHC,29-Sep-2016,0,XX,0,0,0,334.1,339.6,0,0,0,0,04-JUL-2016,
FUTSTK,CADILAHC,29-Sep-2016,0,XX,0,0,0,334.1,339.8,0,0,0,0,05-JUL-2016,
FUTSTK,CADILAHC,29-Sep-2016,0,XX,0,0,0,334.1,348.75,0,0,0,0,07-JUL-2016,
FUTSTK,CADILAHC,29-Sep-2016,0,XX,362.3,368.6,362.3,368.6,366.15,4,23.28,6400,6400,08-JUL-2016,
FUTSTK,CADILAHC,29-Sep-2016,0,XX,0,0,0,368.6,376.5,0,0,6400,0,11-JUL-2016,
FUTSTK,CADILAHC,29-Sep-2016,0,XX,0,0,0,368.6,377.45,0,0,6400,0,12-JUL-2016,
FUTSTK,CADILAHC,29-Sep-2016,0,XX,0,0,0,368.6,366,0,0,6400,0,13-JUL-2016,
FUTSTK,CADILAHC,29-Sep-2016,0,XX,0,0,0,368.6,369.95,0,0,6400,0,14-JUL-2016,
FUTSTK,CADILAHC,29-Sep-2016,0,XX,366.25,366.25,366.25,366.25,371.15,1,5.86,4800,-1600,15-JUL-2016,
FUTSTK,CADILAHC,29-Sep-2016,0,XX,0,0,0,366.25,366.15,0,0,4800,0,18-JUL-2016,
FUTSTK,CADILAHC,29-Sep-2016,0,XX,0,0,0,366.25,361.7,0,0,4800,0,19-JUL-2016,
FUTSTK,CADILAHC,29-Sep-2016,0,XX,0,0,0,366.25,377.85,0,0,4800,0,20-JUL-2016,
FUTSTK,CADILAHC,29-Sep-2016,0,XX,0,0,0,366.25,378.35,0,0,4800,0,21-JUL-2016,
FUTSTK,CADILAHC,29-Sep-2016,0,XX,0,0,0,366.25,376.8,0,0,4800,0,22-JUL-2016,
FUTSTK,CADILAHC,29-Sep-2016,0,XX,0,0,0,366.25,376.75,0,0,4800,0,25-JUL-2016,
FUTSTK,CADILAHC,29-Sep-2016,0,XX,0,0,0,366.25,379.55,0,0,4800,0,26-JUL-2016,
FUTSTK,CADILAHC,29-Sep-2016,0,XX,367.5,367.5,355.75,363.4,362.15,10,57.89,12800,8000,27-JUL-2016,
FUTSTK,CADILAHC,29-Sep-2016,0,XX,365.9,367.85,365.9,366.9,366.9,2,11.74,12800,0,28-JUL-2016,
FUTSTK,CADILAHC,27-Oct-2016,0,XX,0,0,0,368.15,373.25,0,0,0,0,29-JUL-2016,
FUTSTK,CADILAHC,27-Oct-2016,0,XX,0,0,0,368.15,358.6,0,0,0,0,01-AUG-2016,
FUTSTK,CADILAHC,27-Oct-2016,0,XX,0,0,0,368.15,353.8,0,0,0,0,02-AUG-2016,
FUTSTK,CADILAHC,27-Oct-2016,0,XX,0,0,0,368.15,353.35,0,0,0,0,03-AUG-2016,
FUTSTK,CADILAHC,27-Oct-2016,0,XX,0,0,0,368.15,374.7,0,0,0,0,04-AUG-2016,
FUTSTK,CADILAHC,27-Oct-2016,0,XX,0,0,0,368.15,382.6,0,0,0,0,05-AUG-2016,
FUTSTK,CADILAHC,27-Oct-2016,0,XX,0,0,0,368.15,379.45,0,0,0,0,08-AUG-2016,
FUTSTK,CADILAHC,27-Oct-2016,0,XX,0,0,0,368.15,385.15,0,0,0,0,09-AUG-2016,
FUTSTK,CADILAHC,27-Oct-2016,0,XX,0,0,0,368.15,376.85,0,0,0,0,10-AUG-2016,
FUTSTK,CADILAHC,27-Oct-2016,0,XX,0,0,0,368.15,377.85,0,0,0,0,11-AUG-2016,
FUTSTK,CADILAHC,27-Oct-2016,0,XX,0,0,0,368.15,374.85,0,0,0,0,12-AUG-2016,
FUTSTK,CADILAHC,27-Oct-2016,0,XX,0,0,0,368.15,369,0,0,0,0,16-AUG-2016,
FUTSTK,CADILAHC,27-Oct-2016,0,XX,0,0,0,368.15,379.05,0,0,0,0,17-AUG-2016,
FUTSTK,CADILAHC,27-Oct-2016,0,XX,0,0,0,368.15,372.9,0,0,0,0,18-AUG-2016,
FUTSTK,CADILAHC,27-Oct-2016,0,XX,0,0,0,368.15,378,0,0,0,0,19-AUG-2016,
FUTSTK,CADILAHC,27-Oct-2016,0,XX,0,0,0,368.15,373.8,0,0,0,0,22-AUG-2016,
FUTSTK,CADILAHC,27-Oct-2016,0,XX,374,374,374,374,376.8,1,5.98,1600,1600,23-AUG-2016,
FUTSTK,CADILAHC,27-Oct-2016,0,XX,377.35,377.35,377.35,377.35,380.95,1,6.03,3200,1600,24-AUG-2016,
FUTSTK,CADILAHC,27-Oct-2016,0,XX,397.95,397.95,388.4,388.4,388.4,2,12.58,6400,3200,25-AUG-2016,
FUTSTK,CADILAHC,24-Nov-2016,0,XX,0,0,0,390.55,388.6,0,0,0,0,26-AUG-2016,
FUTSTK,CADILAHC,24-Nov-2016,0,XX,0,0,0,390.55,387.25,0,0,0,0,29-AUG-2016,
FUTSTK,CADILAHC,24-Nov-2016,0,XX,0,0,0,390.55,392.6,0,0,0,0,30-AUG-2016,
FUTSTK,CADILAHC,24-Nov-2016,0,XX,389.85,390,389.85,390,387.1,2,12.47,3200,3200,31-AUG-2016,
FUTSTK,CADILAHC,24-Nov-2016,0,XX,389.05,389.05,386,386,381.3,3,18.62,0,-3200,01-SEP-2016,
FUTSTK,CADILAHC,24-Nov-2016,0,XX,0,0,0,386,390.7,0,0,0,0,02-SEP-2016,
FUTSTK,CADILAHC,24-Nov-2016,0,XX,0,0,0,386,389.5,0,0,0,0,06-SEP-2016,
FUTSTK,CADILAHC,24-Nov-2016,0,XX,388,392.5,388,390,387.55,3,18.72,1600,1600,07-SEP-2016,
FUTSTK,CADILAHC,24-Nov-2016,0,XX,392.95,392.95,392.95,392.95,398.05,1,6.28,1600,0,08-SEP-2016,
FUTSTK,CADILAHC,24-Nov-2016,0,XX,403,403,396,402,395.55,3,19.21,1600,0,09-SEP-2016,
FUTSTK,CADILAHC,24-Nov-2016,0,XX,0,0,0,402,388.15,0,0,1600,0,12-SEP-2016,
FUTSTK,CADILAHC,24-Nov-2016,0,XX,0,0,0,402,396.65,0,0,1600,0,14-SEP-2016,
FUTSTK,CADILAHC,24-Nov-2016,0,XX,0,0,0,402,390.4,0,0,1600,0,15-SEP-2016,
FUTSTK,CADILAHC,24-Nov-2016,0,XX,0,0,0,402,393.35,0,0,1600,0,16-SEP-2016,
FUTSTK,CADILAHC,24-Nov-2016,0,XX,0,0,0,402,392.65,0,0,1600,0,19-SEP-2016,
FUTSTK,CADILAHC,24-Nov-2016,0,XX,0,0,0,402,397.85,0,0,1600,0,20-SEP-2016,
FUTSTK,CADILAHC,24-Nov-2016,0,XX,0,0,0,402,396.2,0,0,1600,0,21-SEP-2016,
FUTSTK,CADILAHC,24-Nov-2016,0,XX,0,0,0,402,396.75,0,0,1600,0,22-SEP-2016,
FUTSTK,CADILAHC,24-Nov-2016,0,XX,0,0,0,402,399.5,0,0,1600,0,23-SEP-2016,
FUTSTK,CADILAHC,24-Nov-2016,0,XX,0,0,0,402,398.5,0,0,1600,0,26-SEP-2016,
FUTSTK,CADILAHC,24-Nov-2016,0,XX,401.1,407.6,401.1,407.6,401.8,4,25.78,4800,3200,27-SEP-2016,
FUTSTK,CADILAHC,24-Nov-2016,0,XX,0,0,0,407.6,403.2,0,0,4800,0,28-SEP-2016,
FUTSTK,CADILAHC,24-Nov-2016,0,XX,402,402,402,402,390.85,1,6.43,6400,1600,29-SEP-2016,
FUTSTK,CADILAHC,29-Dec-2016,0,XX,0,0,0,393.4,394.45,0,0,0,0,30-SEP-2016,
FUTSTK,CADILAHC,29-Dec-2016,0,XX,0,0,0,393.4,396.95,0,0,0,0,03-OCT-2016,
FUTSTK,CADILAHC,29-Dec-2016,0,XX,0,0,0,393.4,395.7,0,0,0,0,04-OCT-2016,
FUTSTK,CADILAHC,29-Dec-2016,0,XX,0,0,0,393.4,395.05,0,0,0,0,05-OCT-2016,
FUTSTK,CADILAHC,29-Dec-2016,0,XX,0,0,0,393.4,393.15,0,0,0,0,06-OCT-2016,
FUTSTK,CADILAHC,29-Dec-2016,0,XX,0,0,0,393.4,395.8,0,0,0,0,07-OCT-2016,
FUTSTK,CADILAHC,29-Dec-2016,0,XX,0,0,0,393.4,393.95,0,0,0,0,10-OCT-2016,
FUTSTK,CADILAHC,29-Dec-2016,0,XX,0,0,0,393.4,399.25,0,0,0,0,13-OCT-2016,
FUTSTK,CADILAHC,29-Dec-2016,0,XX,0,0,0,393.4,397.45,0,0,0,0,14-OCT-2016,
FUTSTK,CADILAHC,29-Dec-2016,0,XX,0,0,0,393.4,395.35,0,0,0,0,17-OCT-2016,
FUTSTK,CADILAHC,29-Dec-2016,0,XX,0,0,0,393.4,399.75,0,0,0,0,18-OCT-2016,
FUTSTK,CADILAHC,29-Dec-2016,0,XX,0,0,0,393.4,396.3,0,0,0,0,19-OCT-2016,
FUTSTK,CADILAHC,29-Dec-2016,0,XX,0,0,0,393.4,393.3,0,0,0,0,20-OCT-2016,
FUTSTK,CADILAHC,29-Dec-2016,0,XX,0,0,0,393.4,396.6,0,0,0,0,21-OCT-2016,
FUTSTK,CADILAHC,29-Dec-2016,0,XX,0,0,0,393.4,394.05,0,0,0,0,24-OCT-2016,
FUTSTK,CADILAHC,29-Dec-2016,0,XX,0,0,0,393.4,412.75,0,0,0,0,25-OCT-2016,
FUTSTK,CADILAHC,29-Dec-2016,0,XX,400,400,388.5,390.5,390.5,8,50.09,11200,11200,26-OCT-2016,
FUTSTK,CADILAHC,29-Dec-2016,0,XX,392.5,392.5,392.5,392.5,399.7,1,6.28,11200,0,27-OCT-2016,
FUTSTK,CADILAHC,25-Jan-2017,0,XX,0,0,0,401.7,429.95,0,0,0,0,28-OCT-2016,
FUTSTK,CADILAHC,25-Jan-2017,0,XX,0,0,0,401.7,431.2,0,0,0,0,01-NOV-2016,
FUTSTK,CADILAHC,25-Jan-2017,0,XX,0,0,0,401.7,411.75,0,0,0,0,02-NOV-2016,
FUTSTK,CADILAHC,25-Jan-2017,0,XX,0,0,0,401.7,402.7,0,0,0,0,03-NOV-2016,
FUTSTK,CADILAHC,25-Jan-2017,0,XX,394,398,392,397,395.95,6,37.98,4800,4800,04-NOV-2016,
FUTSTK,CADILAHC,25-Jan-2017,0,XX,0,0,0,397,389.35,0,0,4800,0,07-NOV-2016,
FUTSTK,CADILAHC,25-Jan-2017,0,XX,386,386,381.6,381.6,380.05,3,18.38,9600,4800,08-NOV-2016,
FUTSTK,CADILAHC,25-Jan-2017,0,XX,388,388,388,388,388,1,6.2,8000,-1600,09-NOV-2016,
FUTSTK,CADILAHC,25-Jan-2017,0,XX,0,0,0,388,406.15,0,0,8000,0,10-NOV-2016,
FUTSTK,CADILAHC,25-Jan-2017,0,XX,0,0,0,388,385.5,0,0,8000,0,11-NOV-2016,
FUTSTK,CADILAHC,25-Jan-2017,0,XX,362,362,362,362,362,1,5.79,9600,1600,15-NOV-2016,
FUTSTK,CADILAHC,25-Jan-2017,0,XX,360.6,390.5,360.6,390.5,378.15,4,24.31,14400,4800,16-NOV-2016,
FUTSTK,CADILAHC,25-Jan-2017,0,XX,0,0,0,390.5,373.7,0,0,14400,0,17-NOV-2016,
FUTSTK,CADILAHC,25-Jan-2017,0,XX,0,0,0,390.5,377,0,0,14400,0,18-NOV-2016,
FUTSTK,CADILAHC,25-Jan-2017,0,XX,0,0,0,390.5,370.1,0,0,14400,0,21-NOV-2016,
FUTSTK,CADILAHC,25-Jan-2017,0,XX,0,0,0,390.5,375.4,0,0,14400,0,22-NOV-2016,
FUTSTK,CADILAHC,25-Jan-2017,0,XX,0,0,0,390.5,396.35,0,0,14400,0,23-NOV-2016,
FUTSTK,CADILAHC,25-Jan-2017,0,XX,389.75,400.1,386.3,399.3,399.3,15,94.05,20800,6400,24-NOV-2016,
FUTSTK,CADILAHC,23-Feb-2017,0,XX,0,0,0,402.55,411.55,0,0,0,0,25-NOV-2016,
FUTSTK,CADILAHC,23-Feb-2017,0,XX,0,0,0,402.55,417.15,0,0,0,0,28-NOV-2016,
FUTSTK,CADILAHC,23-Feb-2017,0,XX,0,0,0,402.55,403.55,0,0,0,0,29-NOV-2016,
FUTSTK,CADILAHC,23-Feb-2017,0,XX,407,407,407,407,407.7,1,6.51,1600,1600,30-NOV-2016,
FUTSTK,CADILAHC,23-Feb-2017,0,XX,0,0,0,407,405.85,0,0,1600,0,01-DEC-2016,
FUTSTK,CADILAHC,23-Feb-2017,0,XX,0,0,0,407,401.55,0,0,1600,0,02-DEC-2016,
FUTSTK,CADILAHC,23-Feb-2017,0,XX,0,0,0,407,403.4,0,0,1600,0,05-DEC-2016,
FUTSTK,CADILAHC,23-Feb-2017,0,XX,0,0,0,407,399.6,0,0,1600,0,06-DEC-2016,
FUTSTK,CADILAHC,23-Feb-2017,0,XX,0,0,0,407,396.4,0,0,1600,0,07-DEC-2016,
FUTSTK,CADILAHC,23-Feb-2017,0,XX,0,0,0,407,401.15,0,0,1600,0,08-DEC-2016,
FUTSTK,CADILAHC,23-Feb-2017,0,XX,0,0,0,407,396.7,0,0,1600,0,09-DEC-2016,
FUTSTK,CADILAHC,23-Feb-2017,0,XX,0,0,0,407,395.3,0,0,1600,0,12-DEC-2016,
FUTSTK,CADILAHC,23-Feb-2017,0,XX,0,0,0,407,388.4,0,0,1600,0,13-DEC-2016,
FUTSTK,CADILAHC,23-Feb-2017,0,XX,0,0,0,407,388.8,0,0,1600,0,14-DEC-2016,
FUTSTK,CADILAHC,23-Feb-2017,0,XX,386,386,386,386,384.85,1,6.17,3200,1600,15-DEC-2016,
FUTSTK,CADILAHC,23-Feb-2017,0,XX,0,0,0,386,380.8,0,0,3200,0,16-DEC-2016,
FUTSTK,CADILAHC,23-Feb-2017,0,XX,0,0,0,386,375.7,0,0,3200,0,19-DEC-2016,
FUTSTK,CADILAHC,23-Feb-2017,0,XX,374,374,374,374,375.2,1,5.98,4800,1600,20-DEC-2016,
FUTSTK,CADILAHC,23-Feb-2017,0,XX,0,0,0,374,372,0,0,4800,0,21-DEC-2016,
FUTSTK,CADILAHC,23-Feb-2017,0,XX,368,368,367,368,359.85,84,494.48,139200,134400,22-DEC-2016,
FUTSTK,CADILAHC,23-Feb-2017,0,XX,0,0,0,368,340.55,0,0,139200,0,23-DEC-2016,
FUTSTK,CADILAHC,23-Feb-2017,0,XX,0,0,0,368,342.35,0,0,139200,0,26-DEC-2016,
FUTSTK,CADILAHC,23-Feb-2017,0,XX,0,0,0,368,354.35,0,0,139200,0,27-DEC-2016,
FUTSTK,CADILAHC,23-Feb-2017,0,XX,0,0,0,368,353.35,0,0,139200,0,28-DEC-2016,
FUTSTK,CADILAHC,23-Feb-2017,0,XX,347.2,353.55,347.2,353.55,353.55,4,22.32,144000,4800,29-DEC-2016,
FUTSTK,CADILAHC,30-Mar-2017,0,XX,0,0,0,356.4,362.4,0,0,0,0,30-DEC-2016,
FUTSTK,CADILAHC,30-Mar-2017,0,XX,0,0,0,356.4,360,0,0,0,0,02-JAN-2017,
FUTSTK,CADILAHC,30-Mar-2017,0,XX,0,0,0,356.4,360.25,0,0,0,0,03-JAN-2017,
FUTSTK,CADILAHC,30-Mar-2017,0,XX,0,0,0,356.4,367.6,0,0,0,0,04-JAN-2017,
FUTSTK,CADILAHC,30-Mar-2017,0,XX,0,0,0,356.4,372.7,0,0,0,0,05-JAN-2017,
FUTSTK,CADILAHC,30-Mar-2017,0,XX,0,0,0,356.4,385.2,0,0,0,0,06-JAN-2017,
FUTSTK,CADILAHC,30-Mar-2017,0,XX,0,0,0,356.4,366.9,0,0,0,0,09-JAN-2017,
FUTSTK,CADILAHC,30-Mar-2017,0,XX,357.45,357.45,357.45,357.45,360.9,1,5.71,1600,1600,10-JAN-2017,
FUTSTK,CADILAHC,30-Mar-2017,0,XX,0,0,0,357.45,361.55,0,0,1600,0,11-JAN-2017,
FUTSTK,CADILAHC,30-Mar-2017,0,XX,355,355,355,355,355,1,5.68,1600,0,12-JAN-2017,
FUTSTK,CADILAHC,30-Mar-2017,0,XX,0,0,0,355,354.75,0,0,1600,0,13-JAN-2017,
FUTSTK,CADILAHC,30-Mar-2017,0,XX,0,0,0,355,354.4,0,0,1600,0,16-JAN-2017,
FUTSTK,CADILAHC,30-Mar-2017,0,XX,0,0,0,355,354.2,0,0,1600,0,17-JAN-2017,
FUTSTK,CADILAHC,30-Mar-2017,0,XX,0,0,0,355,361.05,0,0,1600,0,18-JAN-2017,
FUTSTK,CADILAHC,30-Mar-2017,0,XX,0,0,0,355,366.6,0,0,1600,0,19-JAN-2017,
FUTSTK,CADILAHC,30-Mar-2017,0,XX,0,0,0,355,363.75,0,0,1600,0,20-JAN-2017,
FUTSTK,CADILAHC,30-Mar-2017,0,XX,0,0,0,355,362.2,0,0,1600,0,23-JAN-2017,
FUTSTK,CADILAHC,30-Mar-2017,0,XX,0,0,0,355,364,0,0,1600,0,24-JAN-2017,
FUTSTK,CADILAHC,30-Mar-2017,0,XX,366.95,366.95,366.95,366.95,366.95,1,5.87,1600,0,25-JAN-2017,
FUTSTK,CADILAHC,27-Apr-2017,0,XX,0,0,0,363.45,368.45,0,0,0,0,27-JAN-2017,
FUTSTK,CADILAHC,27-Apr-2017,0,XX,0,0,0,363.45,381.95,0,0,0,0,30-JAN-2017,
FUTSTK,CADILAHC,27-Apr-2017,0,XX,0,0,0,363.45,356.1,0,0,0,0,31-JAN-2017,
FUTSTK,CADILAHC,27-Apr-2017,0,XX,0,0,0,363.45,357.55,0,0,0,0,01-FEB-2017,
FUTSTK,CADILAHC,27-Apr-2017,0,XX,0,0,0,363.45,370.85,0,0,0,0,02-FEB-2017,
FUTSTK,CADILAHC,27-Apr-2017,0,XX,0,0,0,363.45,370.6,0,0,0,0,03-FEB-2017,
FUTSTK,CADILAHC,27-Apr-2017,0,XX,0,0,0,363.45,373.35,0,0,0,0,06-FEB-2017,
FUTSTK,CADILAHC,27-Apr-2017,0,XX,0,0,0,363.45,371.8,0,0,0,0,07-FEB-2017,
FUTSTK,CADILAHC,27-Apr-2017,0,XX,0,0,0,363.45,377.85,0,0,0,0,08-FEB-2017,
FUTSTK,CADILAHC,27-Apr-2017,0,XX,0,0,0,363.45,371.4,0,0,0,0,09-FEB-2017,
FUTSTK,CADILAHC,27-Apr-2017,0,XX,0,0,0,363.45,369.15,0,0,0,0,10-FEB-2017,
FUTSTK,CADILAHC,27-Apr-2017,0,XX,0,0,0,363.45,378.15,0,0,0,0,13-FEB-2017,
FUTSTK,CADILAHC,27-Apr-2017,0,XX,0,0,0,363.45,370.05,0,0,0,0,14-FEB-2017,
FUTSTK,CADILAHC,27-Apr-2017,0,XX,0,0,0,363.45,363.05,0,0,0,0,15-FEB-2017,
FUTSTK,CADILAHC,27-Apr-2017,0,XX,0,0,0,363.45,435,0,0,0,0,16-FEB-2017,
FUTSTK,CADILAHC,27-Apr-2017,0,XX,0,0,0,363.45,455.7,0,0,0,0,17-FEB-2017,
FUTSTK,CADILAHC,27-Apr-2017,0,XX,0,0,0,363.45,448.95,0,0,0,0,20-FEB-2017,
FUTSTK,CADILAHC,27-Apr-2017,0,XX,0,0,0,363.45,444.8,0,0,0,0,21-FEB-2017,
FUTSTK,CADILAHC,27-Apr-2017,0,XX,0,0,0,363.45,439.25,0,0,0,0,22-FEB-2017,
FUTSTK,CADILAHC,27-Apr-2017,0,XX,428.15,433.55,428.15,433.55,433.55,2,13.78,3200,3200,23-FEB-2017,
FUTSTK,CADILAHC,25-May-2017,0,XX,0,0,0,437.6,444.5,0,0,0,0,27-FEB-2017,
FUTSTK,CADILAHC,25-May-2017,0,XX,0,0,0,437.6,447.1,0,0,0,0,28-FEB-2017,
FUTSTK,CADILAHC,25-May-2017,0,XX,0,0,0,437.6,445.4,0,0,0,0,01-MAR-2017,
FUTSTK,CADILAHC,25-May-2017,0,XX,0,0,0,437.6,437.55,0,0,0,0,02-MAR-2017,
FUTSTK,CADILAHC,25-May-2017,0,XX,0,0,0,437.6,437.65,0,0,0,0,03-MAR-2017,
FUTSTK,CADILAHC,25-May-2017,0,XX,0,0,0,437.6,445.65,0,0,0,0,06-MAR-2017,
FUTSTK,CADILAHC,25-May-2017,0,XX,0,0,0,437.6,442.55,0,0,0,0,07-MAR-2017,
FUTSTK,CADILAHC,25-May-2017,0,XX,0,0,0,437.6,449.5,0,0,0,0,08-MAR-2017,
FUTSTK,CADILAHC,25-May-2017,0,XX,0,0,0,437.6,446.15,0,0,0,0,09-MAR-2017,
FUTSTK,CADILAHC,25-May-2017,0,XX,0,0,0,437.6,443.9,0,0,0,0,10-MAR-2017,
FUTSTK,CADILAHC,25-May-2017,0,XX,0,0,0,437.6,444.8,0,0,0,0,14-MAR-2017,
FUTSTK,CADILAHC,25-May-2017,0,XX,0,0,0,437.6,455.15,0,0,0,0,15-MAR-2017,
FUTSTK,CADILAHC,25-May-2017,0,XX,0,0,0,437.6,448.3,0,0,0,0,16-MAR-2017,
FUTSTK,CADILAHC,25-May-2017,0,XX,0,0,0,437.6,449.15,0,0,0,0,17-MAR-2017,
FUTSTK,CADILAHC,25-May-2017,0,XX,0,0,0,437.6,450.8,0,0,0,0,20-MAR-2017,
FUTSTK,CADILAHC,25-May-2017,0,XX,0,0,0,437.6,446.75,0,0,0,0,21-MAR-2017,
FUTSTK,CADILAHC,25-May-2017,0,XX,0,0,0,437.6,443.45,0,0,0,0,22-MAR-2017,
FUTSTK,CADILAHC,25-May-2017,0,XX,452.55,452.55,452.55,452.55,453.1,1,7.24,1600,1600,23-MAR-2017,
FUTSTK,CADILAHC,25-May-2017,0,XX,0,0,0,452.55,450.55,0,0,1600,0,24-MAR-2017,
FUTSTK,CADILAHC,25-May-2017,0,XX,0,0,0,452.55,454.7,0,0,1600,0,27-MAR-2017,
FUTSTK,CADILAHC,25-May-2017,0,XX,0,0,0,452.55,457.7,0,0,1600,0,28-MAR-2017,
FUTSTK,CADILAHC,25-May-2017,0,XX,0,0,0,452.55,453.1,0,0,1600,0,29-MAR-2017,
FUTSTK,CADILAHC,25-May-2017,0,XX,0,0,0,452.55,455.05,2,14.53,1600,0,30-MAR-2017,
FUTSTK,CADILAHC,29-Jun-2017,0,XX,0,0,0,457.95,449.35,0,0,0,0,31-MAR-2017,
FUTSTK,CADILAHC,29-Jun-2017,0,XX,0,0,0,457.95,449.9,0,0,0,0,03-APR-2017,
FUTSTK,CADILAHC,29-Jun-2017,0,XX,0,0,0,457.95,456.25,0,0,0,0,05-APR-2017,
FUTSTK,CADILAHC,29-Jun-2017,0,XX,0,0,0,457.95,454.6,0,0,0,0,06-APR-2017,
FUTSTK,CADILAHC,29-Jun-2017,0,XX,0,0,0,457.95,462.25,0,0,0,0,07-APR-2017,
FUTSTK,CADILAHC,29-Jun-2017,0,XX,0,0,0,457.95,457.75,0,0,0,0,10-APR-2017,
FUTSTK,CADILAHC,29-Jun-2017,0,XX,0,0,0,457.95,465.55,0,0,0,0,11-APR-2017,
FUTSTK,CADILAHC,29-Jun-2017,0,XX,0,0,0,457.95,463.05,0,0,0,0,12-APR-2017,
FUTSTK,CADILAHC,29-Jun-2017,0,XX,0,0,0,457.95,458.7,0,0,0,0,13-APR-2017,
FUTSTK,CADILAHC,29-Jun-2017,0,XX,0,0,0,457.95,458.9,0,0,0,0,17-APR-2017,
FUTSTK,CADILAHC,29-Jun-2017,0,XX,0,0,0,457.95,448.45,0,0,0,0,18-APR-2017,
FUTSTK,CADILAHC,29-Jun-2017,0,XX,0,0,0,457.95,449.4,0,0,0,0,19-APR-2017,
FUTSTK,CADILAHC,29-Jun-2017,0,XX,0,0,0,457.95,454.9,0,0,0,0,20-APR-2017,
FUTSTK,CADILAHC,29-Jun-2017,0,XX,0,0,0,457.95,455.55,0,0,0,0,21-APR-2017,
FUTSTK,CADILAHC,29-Jun-2017,0,XX,442.15,442.15,442.15,442.15,458.05,1,7.07,1600,1600,24-APR-2017,
FUTSTK,CADILAHC,29-Jun-2017,0,XX,0,0,0,442.15,462.3,0,0,1600,0,25-APR-2017,
FUTSTK,CADILAHC,29-Jun-2017,0,XX,0,0,0,442.15,461,0,0,1600,0,26-APR-2017,
FUTSTK,CADILAHC,29-Jun-2017,0,XX,465.15,465.15,456,456,448.75,2,14.73,3200,1600,27-APR-2017,
FUTSTK,CADILAHC,27-Jul-2017,0,XX,0,0,0,451.05,447.4,0,0,0,0,28-APR-2017,
FUTSTK,CADILAHC,27-Jul-2017,0,XX,0,0,0,451.05,455.7,0,0,0,0,02-MAY-2017,
FUTSTK,CADILAHC,27-Jul-2017,0,XX,0,0,0,451.05,459.7,0,0,0,0,03-MAY-2017,
FUTSTK,CADILAHC,27-Jul-2017,0,XX,0,0,0,451.05,464.8,0,0,0,0,04-MAY-2017,
FUTSTK,CADILAHC,27-Jul-2017,0,XX,0,0,0,451.05,473.15,0,0,0,0,05-MAY-2017,
FUTSTK,CADILAHC,27-Jul-2017,0,XX,0,0,0,451.05,473.4,0,0,0,0,08-MAY-2017,
FUTSTK,CADILAHC,27-Jul-2017,0,XX,0,0,0,451.05,480.65,0,0,0,0,09-MAY-2017,
FUTSTK,CADILAHC,27-Jul-2017,0,XX,0,0,0,451.05,476.8,0,0,0,0,10-MAY-2017,
FUTSTK,CADILAHC,27-Jul-2017,0,XX,0,0,0,451.05,500,0,0,0,0,11-MAY-2017,
FUTSTK,CADILAHC,27-Jul-2017,0,XX,0,0,0,451.05,494.65,0,0,0,0,12-MAY-2017,
FUTSTK,CADILAHC,27-Jul-2017,0,XX,0,0,0,451.05,494.8,0,0,0,0,15-MAY-2017,
FUTSTK,CADILAHC,27-Jul-2017,0,XX,0,0,0,451.05,496.45,0,0,0,0,16-MAY-2017,
FUTSTK,CADILAHC,27-Jul-2017,0,XX,0,0,0,451.05,484,0,0,0,0,17-MAY-2017,
FUTSTK,CADILAHC,27-Jul-2017,0,XX,0,0,0,451.05,474.95,0,0,0,0,18-MAY-2017,
FUTSTK,CADILAHC,27-Jul-2017,0,XX,0,0,0,451.05,465.65,0,0,0,0,19-MAY-2017,
FUTSTK,CADILAHC,27-Jul-2017,0,XX,0,0,0,451.05,464.05,0,0,0,0,22-MAY-2017,
FUTSTK,CADILAHC,27-Jul-2017,0,XX,447.7,447.7,447.7,447.7,446.05,1,7.16,1600,1600,23-MAY-2017,
FUTSTK,CADILAHC,27-Jul-2017,0,XX,0,0,0,447.7,445.75,0,0,1600,0,24-MAY-2017,
FUTSTK,CADILAHC,27-Jul-2017,0,XX,0,0,0,447.7,431.6,0,0,1600,0,25-MAY-2017,
FUTSTK,CADILAHC,31-Aug-2017,0,XX,0,0,0,434.3,451.8,0,0,0,0,26-MAY-2017,
FUTSTK,CADILAHC,31-Aug-2017,0,XX,0,0,0,434.3,463.65,0,0,0,0,29-MAY-2017,
FUTSTK,CADILAHC,31-Aug-2017,0,XX,0,0,0,434.3,479.7,0,0,0,0,30-MAY-2017,
FUTSTK,CADILAHC,31-Aug-2017,0,XX,0,0,0,434.3,471.85,0,0,0,0,31-MAY-2017,
FUTSTK,CADILAHC,31-Aug-2017,0,XX,0,0,0,434.3,478.75,0,0,0,0,01-JUN-2017,
FUTSTK,CADILAHC,31-Aug-2017,0,XX,0,0,0,434.3,502.3,0,0,0,0,02-JUN-2017,
FUTSTK,CADILAHC,31-Aug-2017,0,XX,0,0,0,434.3,498.4,0,0,0,0,05-JUN-2017,
FUTSTK,CADILAHC,31-Aug-2017,0,XX,504,504,504,504,497.15,1,8.06,1600,1600,06-JUN-2017,
FUTSTK,CADILAHC,31-Aug-2017,0,XX,532,538,532,538,545.2,4,34.24,3200,1600,07-JUN-2017,
FUTSTK,CADILAHC,31-Aug-2017,0,XX,0,0,0,538,549.35,0,0,3200,0,08-JUN-2017,
FUTSTK,CADILAHC,31-Aug-2017,0,XX,0,0,0,538,549,0,0,3200,0,09-JUN-2017,
FUTSTK,CADILAHC,31-Aug-2017,0,XX,0,0,0,538,557.15,0,0,3200,0,12-JUN-2017,
FUTSTK,CADILAHC,31-Aug-2017,0,XX,0,0,0,538,549.9,0,0,3200,0,13-JUN-2017,
FUTSTK,CADILAHC,31-Aug-2017,0,XX,0,0,0,538,536.35,0,0,3200,0,14-JUN-2017,
FUTSTK,CADILAHC,31-Aug-2017,0,XX,537,537,537,537,537,2,17.18,1600,-1600,15-JUN-2017,
FUTSTK,CADILAHC,31-Aug-2017,0,XX,0,0,0,537,532.75,0,0,1600,0,16-JUN-2017,
FUTSTK,CADILAHC,31-Aug-2017,0,XX,0,0,0,537,538.35,0,0,1600,0,19-JUN-2017,
FUTSTK,CADILAHC,31-Aug-2017,0,XX,0,0,0,537,530.35,0,0,1600,0,20-JUN-2017,
FUTSTK,CADILAHC,31-Aug-2017,0,XX,0,0,0,537,527.7,0,0,1600,0,21-JUN-2017,
FUTSTK,CADILAHC,31-Aug-2017,0,XX,0,0,0,537,531.95,0,0,1600,0,22-JUN-2017,
FUTSTK,CADILAHC,31-Aug-2017,0,XX,0,0,0,537,532.15,0,0,1600,0,23-JUN-2017,
FUTSTK,CADILAHC,31-Aug-2017,0,XX,0,0,0,537,532.8,0,0,1600,0,27-JUN-2017,
FUTSTK,CADILAHC,31-Aug-2017,0,XX,0,0,0,537,533.8,0,0,1600,0,28-JUN-2017,
FUTSTK,CADILAHC,31-Aug-2017,0,XX,524.85,524.85,524.85,524.85,524.85,1,8.39,3200,1600,29-JUN-2017,
FUTSTK,CADILAHC,28-Sep-2017,0,XX,0,0,0,529.55,533.7,0,0,0,0,30-JUN-2017,
FUTSTK,CADILAHC,28-Sep-2017,0,XX,0,0,0,529.55,532,0,0,0,0,03-JUL-2017,
FUTSTK,CADILAHC,28-Sep-2017,0,XX,0,0,0,529.55,521.85,0,0,0,0,04-JUL-2017,
FUTSTK,CADILAHC,28-Sep-2017,0,XX,0,0,0,529.55,525.2,0,0,0,0,05-JUL-2017,
FUTSTK,CADILAHC,28-Sep-2017,0,XX,0,0,0,529.55,518.1,0,0,0,0,06-JUL-2017,
FUTSTK,CADILAHC,28-Sep-2017,0,XX,0,0,0,529.55,523,0,0,0,0,07-JUL-2017,
FUTSTK,CADILAHC,28-Sep-2017,0,XX,0,0,0,529.55,527.1,0,0,0,0,10-JUL-2017,
FUTSTK,CADILAHC,28-Sep-2017,0,XX,0,0,0,529.55,525.5,0,0,0,0,11-JUL-2017,
FUTSTK,CADILAHC,28-Sep-2017,0,XX,0,0,0,529.55,524.4,0,0,0,0,12-JUL-2017,
FUTSTK,CADILAHC,28-Sep-2017,0,XX,0,0,0,529.55,527.1,0,0,0,0,13-JUL-2017,
FUTSTK,CADILAHC,28-Sep-2017,0,XX,0,0,0,529.55,537.35,0,0,0,0,14-JUL-2017,
FUTSTK,CADILAHC,28-Sep-2017,0,XX,0,0,0,529.55,545.6,0,0,0,0,17-JUL-2017,
FUTSTK,CADILAHC,28-Sep-2017,0,XX,0,0,0,529.55,531.15,0,0,0,0,18-JUL-2017,
FUTSTK,CADILAHC,28-Sep-2017,0,XX,0,0,0,529.55,551.8,0,0,0,0,19-JUL-2017,
FUTSTK,CADILAHC,28-Sep-2017,0,XX,0,0,0,529.55,532.3,0,0,0,0,20-JUL-2017,
FUTSTK,CADILAHC,28-Sep-2017,0,XX,0,0,0,529.55,535.75,0,0,0,0,21-JUL-2017,
FUTSTK,CADILAHC,28-Sep-2017,0,XX,0,0,0,529.55,537.5,0,0,0,0,24-JUL-2017,
FUTSTK,CADILAHC,28-Sep-2017,0,XX,0,0,0,529.55,549.9,0,0,0,0,25-JUL-2017,
FUTSTK,CADILAHC,28-Sep-2017,0,XX,547,547,547,547,547,1,8.75,1600,1600,27-JUL-2017,
FUTSTK,CADILAHC,26-Oct-2017,0,XX,0,0,0,549.15,554.55,0,0,0,0,28-JUL-2017,
FUTSTK,CADILAHC,26-Oct-2017,0,XX,0,0,0,549.15,552.05,0,0,0,0,31-JUL-2017,
FUTSTK,CADILAHC,26-Oct-2017,0,XX,0,0,0,549.15,548.9,0,0,0,0,01-AUG-2017,
FUTSTK,CADILAHC,26-Oct-2017,0,XX,0,0,0,549.15,548.95,0,0,0,0,02-AUG-2017,
FUTSTK,CADILAHC,26-Oct-2017,0,XX,0,0,0,549.15,554.25,0,0,0,0,03-AUG-2017,
FUTSTK,CADILAHC,26-Oct-2017,0,XX,0,0,0,549.15,540.6,0,0,0,0,04-AUG-2017,
FUTSTK,CADILAHC,26-Oct-2017,0,XX,0,0,0,549.15,540.45,0,0,0,0,07-AUG-2017,
FUTSTK,CADILAHC,26-Oct-2017,0,XX,0,0,0,549.15,537.3,0,0,0,0,08-AUG-2017,
FUTSTK,CADILAHC,26-Oct-2017,0,XX,0,0,0,549.15,492.05,0,0,0,0,09-AUG-2017,
FUTSTK,CADILAHC,26-Oct-2017,0,XX,0,0,0,549.15,472.4,0,0,0,0,10-AUG-2017,
FUTSTK,CADILAHC,26-Oct-2017,0,XX,0,0,0,549.15,488.9,0,0,0,0,11-AUG-2017,
FUTSTK,CADILAHC,26-Oct-2017,0,XX,0,0,0,549.15,491.2,0,0,0,0,14-AUG-2017,
FUTSTK,CADILAHC,26-Oct-2017,0,XX,0,0,0,549.15,489.25,0,0,0,0,16-AUG-2017,
FUTSTK,CADILAHC,26-Oct-2017,0,XX,0,0,0,549.15,487.45,0,0,0,0,17-AUG-2017,
FUTSTK,CADILAHC,26-Oct-2017,0,XX,0,0,0,549.15,479.1,0,0,0,0,18-AUG-2017,
FUTSTK,CADILAHC,26-Oct-2017,0,XX,0,0,0,549.15,478.7,0,0,0,0,21-AUG-2017,
FUTSTK,CADILAHC,26-Oct-2017,0,XX,0,0,0,549.15,473.8,0,0,0,0,22-AUG-2017,
FUTSTK,CADILAHC,26-Oct-2017,0,XX,0,0,0,549.15,467.8,0,0,0,0,23-AUG-2017,
FUTSTK,CADILAHC,26-Oct-2017,0,XX,0,0,0,549.15,499.75,0,0,0,0,24-AUG-2017,
FUTSTK,CADILAHC,26-Oct-2017,0,XX,0,0,0,549.15,507.1,0,0,0,0,28-AUG-2017,
FUTSTK,CADILAHC,26-Oct-2017,0,XX,0,0,0,549.15,503.6,0,0,0,0,29-AUG-2017,
FUTSTK,CADILAHC,26-Oct-2017,0,XX,0,0,0,549.15,509.3,0,0,0,0,30-AUG-2017,
FUTSTK,CADILAHC,26-Oct-2017,0,XX,501,503,501,503,503,2,16.06,3200,3200,31-AUG-2017,
FUTSTK,CADILAHC,30-Nov-2017,0,XX,0,0,0,507.9,515.5,0,0,0,0,01-SEP-2017,
FUTSTK,CADILAHC,30-Nov-2017,0,XX,0,0,0,507.9,514.1,0,0,0,0,04-SEP-2017,
FUTSTK,CADILAHC,30-Nov-2017,0,XX,0,0,0,507.9,517.55,0,0,0,0,05-SEP-2017,
FUTSTK,CADILAHC,30-Nov-2017,0,XX,0,0,0,507.9,501.55,0,0,0,0,06-SEP-2017,
FUTSTK,CADILAHC,30-Nov-2017,0,XX,0,0,0,507.9,518.6,0,0,0,0,07-SEP-2017,
FUTSTK,CADILAHC,30-Nov-2017,0,XX,0,0,0,507.9,509,0,0,0,0,08-SEP-2017,
FUTSTK,CADILAHC,30-Nov-2017,0,XX,487.8,488.25,486.55,486.55,483.8,5,39.01,6400,6400,11-SEP-2017,
FUTSTK,CADILAHC,30-Nov-2017,0,XX,0,0,0,486.55,484.35,0,0,6400,0,12-SEP-2017,
FUTSTK,CADILAHC,30-Nov-2017,0,XX,0,0,0,486.55,487.9,0,0,6400,0,13-SEP-2017,
FUTSTK,CADILAHC,30-Nov-2017,0,XX,0,0,0,486.55,486.9,0,0,6400,0,14-SEP-2017,
FUTSTK,CADILAHC,30-Nov-2017,0,XX,482.55,482.55,482.55,482.55,488.3,2,15.44,9600,3200,15-SEP-2017,
FUTSTK,CADILAHC,30-Nov-2017,0,XX,492.1,492.15,491.95,491.95,494.05,9,70.85,1600,-8000,18-SEP-2017,
FUTSTK,CADILAHC,30-Nov-2017,0,XX,490.85,494.55,490.85,494.55,491.3,4,31.53,3200,1600,19-SEP-2017,
FUTSTK,CADILAHC,30-Nov-2017,0,XX,0,0,0,494.55,492.85,0,0,3200,0,20-SEP-2017,
FUTSTK,CADILAHC,30-Nov-2017,0,XX,0,0,0,494.55,510.6,0,0,3200,0,21-SEP-2017,
FUTSTK,CADILAHC,30-Nov-2017,0,XX,506.15,506.15,505.85,505.85,495,2,16.19,6400,3200,22-SEP-2017,
FUTSTK,CADILAHC,30-Nov-2017,0,XX,0,0,0,505.85,487.5,0,0,6400,0,25-SEP-2017,
FUTSTK,CADILAHC,30-Nov-2017,0,XX,0,0,0,505.85,479.15,0,0,6400,0,26-SEP-2017,
FUTSTK,CADILAHC,30-Nov-2017,0,XX,465.65,465.65,463,463,459.35,2,14.85,9600,3200,27-SEP-2017,
FUTSTK,CADILAHC,30-Nov-2017,0,XX,465.95,471.75,465.95,471.75,472.75,2,15,12800,3200,28-SEP-2017,
FUTSTK,CADILAHC,28-Dec-2017,0,XX,0,0,0,475.05,477.7,0,0,0,0,29-SEP-2017,
FUTSTK,CADILAHC,28-Dec-2017,0,XX,0,0,0,475.05,480.85,0,0,0,0,03-OCT-2017,
FUTSTK,CADILAHC,28-Dec-2017,0,XX,0,0,0,475.05,501.35,0,0,0,0,04-OCT-2017,
FUTSTK,CADILAHC,28-Dec-2017,0,XX,0,0,0,475.05,508.1,0,0,0,0,05-OCT-2017,
FUTSTK,CADILAHC,28-Dec-2017,0,XX,503.05,503.05,503.05,503.05,503.05,2,16.09,3200,3200,06-OCT-2017,
FUTSTK,CADILAHC,28-Dec-2017,0,XX,0,0,0,503.05,503.3,0,0,3200,0,09-OCT-2017,
FUTSTK,CADILAHC,28-Dec-2017,0,XX,0,0,0,503.05,499.85,0,0,3200,0,10-OCT-2017,
FUTSTK,CADILAHC,28-Dec-2017,0,XX,0,0,0,503.05,497.95,0,0,3200,0,11-OCT-2017,
FUTSTK,CADILAHC,28-Dec-2017,0,XX,0,0,0,503.05,507.3,0,0,3200,0,12-OCT-2017,
FUTSTK,CADILAHC,28-Dec-2017,0,XX,0,0,0,503.05,508.6,0,0,3200,0,13-OCT-2017,
FUTSTK,CADILAHC,28-Dec-2017,0,XX,0,0,0,503.05,507.1,0,0,3200,0,16-OCT-2017,
FUTSTK,CADILAHC,28-Dec-2017,0,XX,0,0,0,503.05,503.55,0,0,3200,0,17-OCT-2017,
FUTSTK,CADILAHC,28-Dec-2017,0,XX,0,0,0,503.05,497.55,0,0,3200,0,18-OCT-2017,
FUTSTK,CADILAHC,28-Dec-2017,0,XX,0,0,0,503.05,497.3,0,0,3200,0,23-OCT-2017,
FUTSTK,CADILAHC,28-Dec-2017,0,XX,0,0,0,503.05,488.2,0,0,3200,0,24-OCT-2017,
FUTSTK,CADILAHC,28-Dec-2017,0,XX,0,0,0,503.05,485.6,0,0,3200,0,25-OCT-2017,
FUTSTK,CADILAHC,28-Dec-2017,0,XX,0,0,0,503.05,489.4,0,0,3200,0,26-OCT-2017,
FUTSTK,CADILAHC,25-Jan-2018,0,XX,0,0,0,491.8,498,0,0,0,0,27-OCT-2017,
FUTSTK,CADILAHC,25-Jan-2018,0,XX,0,0,0,491.8,505.9,0,0,0,0,30-OCT-2017,
FUTSTK,CADILAHC,25-Jan-2018,0,XX,0,0,0,491.8,511.1,0,0,0,0,31-OCT-2017,
FUTSTK,CADILAHC,25-Jan-2018,0,XX,0,0,0,491.8,504,0,0,0,0,01-NOV-2017,
FUTSTK,CADILAHC,25-Jan-2018,0,XX,0,0,0,491.8,515.45,0,0,0,0,02-NOV-2017,
FUTSTK,CADILAHC,25-Jan-2018,0,XX,0,0,0,491.8,503.7,0,0,0,0,03-NOV-2017,
FUTSTK,CADILAHC,25-Jan-2018,0,XX,0,0,0,491.8,509.95,0,0,0,0,06-NOV-2017,
FUTSTK,CADILAHC,25-Jan-2018,0,XX,0,0,0,491.8,504.6,0,0,0,0,07-NOV-2017,
FUTSTK,CADILAHC,25-Jan-2018,0,XX,0,0,0,491.8,503.95,0,0,0,0,08-NOV-2017,
FUTSTK,CADILAHC,25-Jan-2018,0,XX,0,0,0,491.8,485.3,0,0,0,0,09-NOV-2017,
FUTSTK,CADILAHC,25-Jan-2018,0,XX,0,0,0,491.8,470.1,0,0,0,0,10-NOV-2017,
FUTSTK,CADILAHC,25-Jan-2018,0,XX,0,0,0,491.8,454.5,0,0,0,0,13-NOV-2017,
FUTSTK,CADILAHC,25-Jan-2018,0,XX,0,0,0,491.8,453.9,0,0,0,0,14-NOV-2017,
FUTSTK,CADILAHC,25-Jan-2018,0,XX,448.1,448.1,448.1,448.1,444.65,1,7.16,1600,1600,15-NOV-2017,
FUTSTK,CADILAHC,25-Jan-2018,0,XX,0,0,0,448.1,448.35,0,0,1600,0,16-NOV-2017,
FUTSTK,CADILAHC,25-Jan-2018,0,XX,0,0,0,448.1,452.4,0,0,1600,0,17-NOV-2017,
FUTSTK,CADILAHC,25-Jan-2018,0,XX,0,0,0,448.1,450.75,0,0,1600,0,20-NOV-2017,
FUTSTK,CADILAHC,25-Jan-2018,0,XX,0,0,0,448.1,453.75,0,0,1600,0,21-NOV-2017,
FUTSTK,CADILAHC,25-Jan-2018,0,XX,0,0,0,448.1,447.35,0,0,1600,0,22-NOV-2017,
FUTSTK,CADILAHC,25-Jan-2018,0,XX,0,0,0,448.1,448.7,0,0,1600,0,23-NOV-2017,
FUTSTK,CADILAHC,25-Jan-2018,0,XX,0,0,0,448.1,452.1,0,0,1600,0,24-NOV-2017,
FUTSTK,CADILAHC,25-Jan-2018,0,XX,450,450,450,450,450,1,7.2,3200,1600,27-NOV-2017,
FUTSTK,CADILAHC,25-Jan-2018,0,XX,448,448,448,448,448,1,7.16,4800,1600,28-NOV-2017,
FUTSTK,CADILAHC,25-Jan-2018,0,XX,0,0,0,448,444.05,0,0,4800,0,29-NOV-2017,
FUTSTK,CADILAHC,25-Jan-2018,0,XX,437.1,437.75,433.5,434.1,434.1,26,181.56,38400,33600,30-NOV-2017,
FUTSTK,CADILAHC,22-Feb-2018,0,XX,0,0,0,435.1,432.05,0,0,0,0,01-DEC-2017,
FUTSTK,CADILAHC,22-Feb-2018,0,XX,0,0,0,435.1,430.15,0,0,0,0,04-DEC-2017,
FUTSTK,CADILAHC,22-Feb-2018,0,XX,0,0,0,435.1,430.45,0,0,0,0,05-DEC-2017,
FUTSTK,CADILAHC,22-Feb-2018,0,XX,0,0,0,435.1,424.4,0,0,0,0,06-DEC-2017,
FUTSTK,CADILAHC,22-Feb-2018,0,XX,0,0,0,435.1,423.9,0,0,0,0,07-DEC-2017,
FUTSTK,CADILAHC,22-Feb-2018,0,XX,0,0,0,435.1,422.55,0,0,0,0,08-DEC-2017,
FUTSTK,CADILAHC,22-Feb-2018,0,XX,0,0,0,435.1,425.45,0,0,0,0,11-DEC-2017,
FUTSTK,CADILAHC,22-Feb-2018,0,XX,0,0,0,435.1,420.15,0,0,0,0,12-DEC-2017,
FUTSTK,CADILAHC,22-Feb-2018,0,XX,0,0,0,435.1,411.45,0,0,0,0,13-DEC-2017,
FUTSTK,CADILAHC,22-Feb-2018,0,XX,0,0,0,435.1,414.7,0,0,0,0,14-DEC-2017,
FUTSTK,CADILAHC,22-Feb-2018,0,XX,422.5,422.5,417.25,418,418,3,20.13,3200,3200,15-DEC-2017,
FUTSTK,CADILAHC,22-Feb-2018,0,XX,0,0,0,418,422.05,0,0,3200,0,18-DEC-2017,
FUTSTK,CADILAHC,22-Feb-2018,0,XX,0,0,0,418,422.3,0,0,3200,0,19-DEC-2017,
FUTSTK,CADILAHC,22-Feb-2018,0,XX,425,425,425,425,425,1,6.8,4800,1600,20-DEC-2017,
FUTSTK,CADILAHC,22-Feb-2018,0,XX,436.8,436.8,434,434,431,2,13.93,6400,1600,21-DEC-2017,
FUTSTK,CADILAHC,22-Feb-2018,0,XX,430,430,429.5,429.5,428,2,13.75,8000,1600,22-DEC-2017,
FUTSTK,CADILAHC,22-Feb-2018,0,XX,431.1,433.8,431.1,433.8,432.4,2,13.83,11200,3200,26-DEC-2017,
FUTSTK,CADILAHC,22-Feb-2018,0,XX,442.35,442.35,434.05,434.05,435.1,6,42.13,17600,6400,27-DEC-2017,
FUTSTK,CADILAHC,22-Feb-2018,0,XX,438.5,438.5,432.1,435.95,428.1,10,69.66,22400,4800,28-DEC-2017,
FUTSTK,CADILAHC,28-Mar-2018,0,XX,0,0,0,430.7,440.45,0,0,0,0,29-DEC-2017,
FUTSTK,CADILAHC,28-Mar-2018,0,XX,0,0,0,430.7,439.2,0,0,0,0,01-JAN-2018,
FUTSTK,CADILAHC,28-Mar-2018,0,XX,0,0,0,430.7,434.8,0,0,0,0,02-JAN-2018,
FUTSTK,CADILAHC,28-Mar-2018,0,XX,0,0,0,430.7,434.95,0,0,0,0,03-JAN-2018,
FUTSTK,CADILAHC,28-Mar-2018,0,XX,0,0,0,430.7,437.95,0,0,0,0,04-JAN-2018,
FUTSTK,CADILAHC,28-Mar-2018,0,XX,0,0,0,430.7,446.75,0,0,0,0,05-JAN-2018,
FUTSTK,CADILAHC,28-Mar-2018,0,XX,0,0,0,430.7,458.45,0,0,0,0,08-JAN-2018,
FUTSTK,CADILAHC,28-Mar-2018,0,XX,0,0,0,430.7,450.55,0,0,0,0,09-JAN-2018,
FUTSTK,CADILAHC,28-Mar-2018,0,XX,0,0,0,430.7,449.95,0,0,0,0,10-JAN-2018,
FUTSTK,CADILAHC,28-Mar-2018,0,XX,0,0,0,430.7,451.15,0,0,0,0,11-JAN-2018,
FUTSTK,CADILAHC,28-Mar-2018,0,XX,0,0,0,430.7,454.8,0,0,0,0,12-JAN-2018,
FUTSTK,CADILAHC,28-Mar-2018,0,XX,0,0,0,430.7,446.1,0,0,0,0,15-JAN-2018,
FUTSTK,CADILAHC,28-Mar-2018,0,XX,0,0,0,430.7,441.9,0,0,0,0,16-JAN-2018,
FUTSTK,CADILAHC,28-Mar-2018,0,XX,433.45,433.45,433.45,433.45,446.05,1,6.93,1600,1600,17-JAN-2018,
FUTSTK,CADILAHC,28-Mar-2018,0,XX,0,0,0,433.45,443.3,0,0,1600,0,18-JAN-2018,
FUTSTK,CADILAHC,28-Mar-2018,0,XX,0,0,0,433.45,447.25,0,0,1600,0,19-JAN-2018,
FUTSTK,CADILAHC,28-Mar-2018,0,XX,0,0,0,433.45,444.25,0,0,1600,0,22-JAN-2018,
FUTSTK,CADILAHC,28-Mar-2018,0,XX,431,431,431,431,436.3,1,6.89,3200,1600,23-JAN-2018,
FUTSTK,CADILAHC,28-Mar-2018,0,XX,0,0,0,431,429.95,0,0,3200,0,24-JAN-2018,
FUTSTK,CADILAHC,28-Mar-2018,0,XX,428,428,424.75,424.75,424.75,12,81.96,20800,17600,25-JAN-2018,
FUTSTK,CADILAHC,26-Apr-2018,0,XX,0,0,0,425.35,426.95,0,0,0,0,29-JAN-2018,
FUTSTK,CADILAHC,26-Apr-2018,0,XX,0,0,0,425.35,432.5,0,0,0,0,30-JAN-2018,
FUTSTK,CADILAHC,26-Apr-2018,0,XX,0,0,0,425.35,432.95,0,0,0,0,31-JAN-2018,
FUTSTK,CADILAHC,26-Apr-2018,0,XX,0,0,0,425.35,424.6,0,0,0,0,01-FEB-2018,
FUTSTK,CADILAHC,26-Apr-2018,0,XX,0,0,0,425.35,417.6,0,0,0,0,02-FEB-2018,
FUTSTK,CADILAHC,26-Apr-2018,0,XX,0,0,0,425.35,414.65,0,0,0,0,05-FEB-2018,
FUTSTK,CADILAHC,26-Apr-2018,0,XX,0,0,0,425.35,410.85,0,0,0,0,06-FEB-2018,
FUTSTK,CADILAHC,26-Apr-2018,0,XX,0,0,0,425.35,402.5,0,0,0,0,07-FEB-2018,
FUTSTK,CADILAHC,26-Apr-2018,0,XX,414,414,407,407,407,2,13.13,3200,3200,08-FEB-2018,
FUTSTK,CADILAHC,26-Apr-2018,0,XX,0,0,0,407,418,0,0,3200,0,09-FEB-2018,
FUTSTK,CADILAHC,26-Apr-2018,0,XX,426,426,426,426,426,1,6.81,4800,1600,12-FEB-2018,
FUTSTK,CADILAHC,26-Apr-2018,0,XX,422,422,422,422,425.55,1,6.75,6400,1600,14-FEB-2018,
FUTSTK,CADILAHC,26-Apr-2018,0,XX,424.7,424.7,424.7,424.7,422.95,1,6.79,8000,1600,15-FEB-2018,
FUTSTK,CADILAHC,26-Apr-2018,0,XX,0,0,0,424.7,420,0,0,8000,0,16-FEB-2018,
FUTSTK,CADILAHC,26-Apr-2018,0,XX,0,0,0,424.7,414.35,0,0,8000,0,19-FEB-2018,
FUTSTK,CADILAHC,26-Apr-2018,0,XX,411.2,412.8,411.2,412.8,412.8,3,19.78,12800,4800,20-FEB-2018,
FUTSTK,CADILAHC,26-Apr-2018,0,XX,0,0,0,412.8,416.4,0,0,12800,0,21-FEB-2018,
FUTSTK,CADILAHC,26-Apr-2018,0,XX,408.05,408.05,405.2,406,406,10,65.2,25600,12800,22-FEB-2018,
FUTSTK,CADILAHC,31-May-2018,0,XX,0,0,0,408.5,414.45,0,0,0,0,23-FEB-2018,
FUTSTK,CADILAHC,31-May-2018,0,XX,0,0,0,408.5,414.6,0,0,0,0,26-FEB-2018,
FUTSTK,CADILAHC,31-May-2018,0,XX,0,0,0,408.5,415.55,0,0,0,0,27-FEB-2018,
FUTSTK,CADILAHC,31-May-2018,0,XX,410,410,410,410,412.6,1,6.56,1600,1600,28-FEB-2018,
FUTSTK,CADILAHC,31-May-2018,0,XX,0,0,0,410,411.4,0,0,1600,0,01-MAR-2018,
FUTSTK,CADILAHC,31-May-2018,0,XX,0,0,0,410,398.75,0,0,1600,0,05-MAR-2018,
FUTSTK,CADILAHC,31-May-2018,0,XX,0,0,0,410,396.3,0,0,1600,0,06-MAR-2018,
FUTSTK,CADILAHC,31-May-2018,0,XX,0,0,0,410,387.8,0,0,1600,0,07-MAR-2018,
FUTSTK,CADILAHC,31-May-2018,0,XX,0,0,0,410,395.5,0,0,1600,0,08-MAR-2018,
FUTSTK,CADILAHC,31-May-2018,0,XX,0,0,0,410,390.65,0,0,1600,0,09-MAR-2018,
FUTSTK,CADILAHC,31-May-2018,0,XX,0,0,0,410,395.6,0,0,1600,0,12-MAR-2018,
FUTSTK,CADILAHC,31-May-2018,0,XX,0,0,0,410,396.65,0,0,1600,0,13-MAR-2018,
FUTSTK,CADILAHC,31-May-2018,0,XX,0,0,0,410,394.8,0,0,1600,0,14-MAR-2018,
FUTSTK,CADILAHC,31-May-2018,0,XX,0,0,0,410,391.1,0,0,1600,0,15-MAR-2018,
FUTSTK,CADILAHC,31-May-2018,0,XX,0,0,0,410,384.9,0,0,1600,0,16-MAR-2018,
FUTSTK,CADILAHC,31-May-2018,0,XX,379.6,379.6,379.6,379.6,382.45,1,6.07,3200,1600,19-MAR-2018,
FUTSTK,CADILAHC,31-May-2018,0,XX,375.85,379.85,375.85,379.85,379.85,4,24.12,9600,6400,20-MAR-2018,
FUTSTK,CADILAHC,31-May-2018,0,XX,0,0,0,379.85,385.15,0,0,9600,0,21-MAR-2018,
FUTSTK,CADILAHC,31-May-2018,0,XX,0,0,0,379.85,382.55,0,0,9600,0,22-MAR-2018,
FUTSTK,CADILAHC,31-May-2018,0,XX,376.4,376.4,376.4,376.4,376.4,1,6.02,9600,0,23-MAR-2018,
FUTSTK,CADILAHC,31-May-2018,0,XX,0,0,0,376.4,392.2,0,0,9600,0,26-MAR-2018,
FUTSTK,CADILAHC,31-May-2018,0,XX,395.2,395.2,385.4,385.4,385.4,7,43.55,14400,4800,27-MAR-2018,
FUTSTK,CADILAHC,31-May-2018,0,XX,380.75,384.7,377,381.95,381.95,33,200.72,54400,40000,28-MAR-2018,
FUTSTK,CADILAHC,28-Jun-2018,0,XX,0,0,0,384.75,392,0,0,0,0,02-APR-2018,
FUTSTK,CADILAHC,28-Jun-2018,0,XX,0,0,0,384.75,400.45,0,0,0,0,03-APR-2018,
FUTSTK,CADILAHC,28-Jun-2018,0,XX,0,0,0,384.75,401,0,0,0,0,04-APR-2018,
FUTSTK,CADILAHC,28-Jun-2018,0,XX,0,0,0,384.75,400.55,0,0,0,0,05-APR-2018,
FUTSTK,CADILAHC,28-Jun-2018,0,XX,0,0,0,384.75,399.85,0,0,0,0,06-APR-2018,
FUTSTK,CADILAHC,28-Jun-2018,0,XX,0,0,0,384.75,397,0,0,0,0,09-APR-2018,
FUTSTK,CADILAHC,28-Jun-2018,0,XX,0,0,0,384.75,394.35,0,0,0,0,10-APR-2018,
FUTSTK,CADILAHC,28-Jun-2018,0,XX,0,0,0,384.75,395.05,0,0,0,0,11-APR-2018,
FUTSTK,CADILAHC,28-Jun-2018,0,XX,0,0,0,384.75,395.8,0,0,0,0,12-APR-2018,
FUTSTK,CADILAHC,28-Jun-2018,0,XX,0,0,0,384.75,396.7,0,0,0,0,13-APR-2018,
FUTSTK,CADILAHC,28-Jun-2018,0,XX,0,0,0,384.75,396.1,0,0,0,0,16-APR-2018,
FUTSTK,CADILAHC,28-Jun-2018,0,XX,0,0,0,384.75,392.95,0,0,0,0,17-APR-2018,
FUTSTK,CADILAHC,28-Jun-2018,0,XX,0,0,0,384.75,390.25,0,0,0,0,18-APR-2018,
FUTSTK,CADILAHC,28-Jun-2018,0,XX,0,0,0,384.75,392.8,0,0,0,0,19-APR-2018,
FUTSTK,CADILAHC,28-Jun-2018,0,XX,0,0,0,384.75,390.2,0,0,0,0,20-APR-2018,
FUTSTK,CADILAHC,28-Jun-2018,0,XX,0,0,0,384.75,404,0,0,0,0,23-APR-2018,
FUTSTK,CADILAHC,28-Jun-2018,0,XX,0,0,0,384.75,409.95,0,0,0,0,24-APR-2018,
FUTSTK,CADILAHC,28-Jun-2018,0,XX,0,0,0,384.75,407.8,0,0,0,0,25-APR-2018,
FUTSTK,CADILAHC,28-Jun-2018,0,XX,410.3,417.65,410.3,415,415,8,52.98,12800,12800,26-APR-2018,
FUTSTK,CADILAHC,26-Jul-2018,0,XX,0,0,0,416.35,413.65,0,0,0,0,27-APR-2018,
FUTSTK,CADILAHC,26-Jul-2018,0,XX,0,0,0,416.35,419.3,0,0,0,0,30-APR-2018,
FUTSTK,CADILAHC,26-Jul-2018,0,XX,0,0,0,416.35,413.05,0,0,0,0,02-MAY-2018,
FUTSTK,CADILAHC,26-Jul-2018,0,XX,398.7,398.7,398.7,398.7,400.25,2,12.75,3200,3200,03-MAY-2018,
FUTSTK,CADILAHC,26-Jul-2018,0,XX,0,0,0,398.7,395.7,0,0,3200,0,04-MAY-2018,
FUTSTK,CADILAHC,26-Jul-2018,0,XX,0,0,0,398.7,397.4,0,0,3200,0,07-MAY-2018,
FUTSTK,CADILAHC,26-Jul-2018,0,XX,398.1,398.1,398.1,398.1,398.1,1,6.36,3200,0,08-MAY-2018,
FUTSTK,CADILAHC,26-Jul-2018,0,XX,0,0,0,398.1,406.5,0,0,3200,0,09-MAY-2018,
FUTSTK,CADILAHC,26-Jul-2018,0,XX,0,0,0,398.1,404.8,0,0,3200,0,10-MAY-2018,
FUTSTK,CADILAHC,26-Jul-2018,0,XX,0,0,0,398.1,399.35,0,0,3200,0,11-MAY-2018,
FUTSTK,CADILAHC,26-Jul-2018,0,XX,0,0,0,398.1,398.2,0,0,3200,0,14-MAY-2018,
FUTSTK,CADILAHC,26-Jul-2018,0,XX,0,0,0,398.1,389.95,0,0,3200,0,15-MAY-2018,
FUTSTK,CADILAHC,26-Jul-2018,0,XX,0,0,0,398.1,389.55,0,0,3200,0,16-MAY-2018,
FUTSTK,CADILAHC,26-Jul-2018,0,XX,391.95,391.95,391.95,391.95,392.5,1,6.27,3200,0,17-MAY-2018,
FUTSTK,CADILAHC,26-Jul-2018,0,XX,0,0,0,391.95,375,0,0,3200,0,18-MAY-2018,
FUTSTK,CADILAHC,26-Jul-2018,0,XX,377.45,377.45,377.45,377.45,358,1,6.03,4800,1600,21-MAY-2018,
FUTSTK,CADILAHC,26-Jul-2018,0,XX,0,0,0,377.45,347.75,0,0,4800,0,22-MAY-2018,
FUTSTK,CADILAHC,26-Jul-2018,0,XX,352.75,352.75,346.5,346.5,351.3,4,22.36,8000,3200,23-MAY-2018,
FUTSTK,CADILAHC,26-Jul-2018,0,XX,355,355,354,354,362,2,11.34,6400,-1600,24-MAY-2018,
FUTSTK,CADILAHC,26-Jul-2018,0,XX,381.15,381.15,381.15,381.15,381.15,2,12.19,8000,1600,25-MAY-2018,
FUTSTK,CADILAHC,26-Jul-2018,0,XX,383.15,383.15,371.6,373.75,373.75,12,72.28,20800,12800,28-MAY-2018,
FUTSTK,CADILAHC,26-Jul-2018,0,XX,378.6,380,370.5,371.5,371.5,14,84.53,33600,12800,29-MAY-2018,
FUTSTK,CADILAHC,26-Jul-2018,0,XX,372.5,372.5,372.5,372.5,371.95,1,5.96,32000,-1600,30-MAY-2018,
FUTSTK,CADILAHC,26-Jul-2018,0,XX,372,372,366.7,366.7,366.7,13,76.84,49600,17600,31-MAY-2018,
FUTSTK,CADILAHC,30-Aug-2018,0,XX,0,0,0,368.25,359.75,0,0,0,0,01-JUN-2018,
FUTSTK,CADILAHC,30-Aug-2018,0,XX,0,0,0,368.25,358.5,0,0,0,0,04-JUN-2018,
FUTSTK,CADILAHC,30-Aug-2018,0,XX,351.45,351.45,345.75,345.9,354.9,3,16.68,3200,3200,05-JUN-2018,
FUTSTK,CADILAHC,30-Aug-2018,0,XX,354,354,351.45,351.5,356.3,3,16.91,8000,4800,06-JUN-2018,
FUTSTK,CADILAHC,30-Aug-2018,0,XX,356.6,356.6,356.6,356.6,362.25,1,5.7,8000,0,07-JUN-2018,
FUTSTK,CADILAHC,30-Aug-2018,0,XX,365.55,365.55,365,365,370.7,2,11.68,11200,3200,08-JUN-2018,
FUTSTK,CADILAHC,30-Aug-2018,0,XX,371.9,371.9,371.9,371.9,374.65,1,5.95,12800,1600,11-JUN-2018,
FUTSTK,CADILAHC,30-Aug-2018,0,XX,384.5,384.5,381.15,381.15,381.15,3,18.34,16000,3200,12-JUN-2018,
FUTSTK,CADILAHC,30-Aug-2018,0,XX,385.15,387.25,385.15,387.25,400.2,2,12.35,16000,0,13-JUN-2018,
FUTSTK,CADILAHC,30-Aug-2018,0,XX,401.65,402.55,397.6,400,400,10,63.99,19200,3200,14-JUN-2018,
FUTSTK,CADILAHC,30-Aug-2018,0,XX,401.65,406,391.5,400,400,12,76.83,20800,1600,15-JUN-2018,
FUTSTK,CADILAHC,30-Aug-2018,0,XX,401.65,402,397,401,406.55,7,44.78,22400,1600,18-JUN-2018,
FUTSTK,CADILAHC,30-Aug-2018,0,XX,407.95,407.95,407.95,407.95,415,1,6.52,22400,0,19-JUN-2018,
FUTSTK,CADILAHC,30-Aug-2018,0,XX,404,404,404,404,417.8,1,6.46,24000,1600,20-JUN-2018,
FUTSTK,CADILAHC,30-Aug-2018,0,XX,416,416,414,414,418.2,7,46.52,27200,3200,21-JUN-2018,
FUTSTK,CADILAHC,30-Aug-2018,0,XX,417.25,417.25,417.25,417.25,415,1,6.67,28800,1600,22-JUN-2018,
FUTSTK,CADILAHC,30-Aug-2018,0,XX,420,420,420,420,417.95,2,13.44,32000,3200,25-JUN-2018,
FUTSTK,CADILAHC,30-Aug-2018,0,XX,0,0,0,420,408.35,0,0,32000,0,26-JUN-2018,
FUTSTK,CADILAHC,30-Aug-2018,0,XX,403.5,403.5,386.7,387.95,393.95,13,81.56,43200,11200,27-JUN-2018,
FUTSTK,CADILAHC,30-Aug-2018,0,XX,395.95,395.95,378,378.9,378.9,20,123.41,67200,24000,28-JUN-2018,
FUTSTK,CADILAHC,27-Sep-2018,0,XX,376,376,376,376,384.35,1,6.01,1600,1600,29-JUN-2018,
FUTSTK,CADILAHC,27-Sep-2018,0,XX,0,0,0,376,392.8,0,0,1600,0,02-JUL-2018,
FUTSTK,CADILAHC,27-Sep-2018,0,XX,0,0,0,376,393.5,0,0,1600,0,03-JUL-2018,
FUTSTK,CADILAHC,27-Sep-2018,0,XX,401.6,401.6,401.6,401.6,401.5,1,6.42,1600,0,04-JUL-2018,
FUTSTK,CADILAHC,27-Sep-2018,0,XX,390,390,390,390,390,1,6.24,1600,0,05-JUL-2018,
FUTSTK,CADILAHC,27-Sep-2018,0,XX,0,0,0,390,388.05,0,0,1600,0,06-JUL-2018,
FUTSTK,CADILAHC,27-Sep-2018,0,XX,390,390,390,390,394.35,3,18.72,6400,4800,09-JUL-2018,
FUTSTK,CADILAHC,27-Sep-2018,0,XX,0,0,0,390,387.2,0,0,6400,0,10-JUL-2018,
FUTSTK,CADILAHC,27-Sep-2018,0,XX,381.15,382.5,381.15,382.5,376.8,2,12.21,8000,1600,11-JUL-2018,
FUTSTK,CADILAHC,27-Sep-2018,0,XX,0,0,0,382.5,371.45,0,0,8000,0,12-JUL-2018,
FUTSTK,CADILAHC,27-Sep-2018,0,XX,0,0,0,382.5,371.7,0,0,8000,0,13-JUL-2018,
FUTSTK,CADILAHC,27-Sep-2018,0,XX,362.1,363,347.85,347.85,347.85,4,22.79,12800,4800,16-JUL-2018,
FUTSTK,CADILAHC,27-Sep-2018,0,XX,355,355,355,355,365.35,1,5.68,12800,0,17-JUL-2018,
FUTSTK,CADILAHC,27-Sep-2018,0,XX,355,355,350,350,359.25,4,22.64,17600,4800,18-JUL-2018,
FUTSTK,CADILAHC,27-Sep-2018,0,XX,344.9,345,341.25,345,345,4,22.01,22400,4800,19-JUL-2018,
FUTSTK,CADILAHC,27-Sep-2018,0,XX,0,0,0,345,352.75,0,0,22400,0,20-JUL-2018,
FUTSTK,CADILAHC,27-Sep-2018,0,XX,352,352,352,352,364.2,1,5.63,24000,1600,23-JUL-2018,
FUTSTK,CADILAHC,27-Sep-2018,0,XX,367,367,367,367,377.3,2,11.74,24000,0,24-JUL-2018,
FUTSTK,CADILAHC,27-Sep-2018,0,XX,370,370,370,370,369.65,1,5.92,25600,1600,25-JUL-2018,
FUTSTK,CADILAHC,27-Sep-2018,0,XX,367.9,372.6,367.9,368,375.85,4,23.66,32000,6400,26-JUL-2018,
FUTSTK,CADILAHC,25-Oct-2018,0,XX,375,375,375,375,380.35,1,6,1600,1600,27-JUL-2018,
FUTSTK,CADILAHC,25-Oct-2018,0,XX,385.8,385.8,385.8,385.8,389.35,1,6.17,3200,1600,30-JUL-2018,
FUTSTK,CADILAHC,25-Oct-2018,0,XX,0,0,0,385.8,388.1,0,0,3200,0,31-JUL-2018,
FUTSTK,CADILAHC,25-Oct-2018,0,XX,0,0,0,385.8,384.05,0,0,3200,0,01-AUG-2018,
FUTSTK,CADILAHC,25-Oct-2018,0,XX,0,0,0,385.8,382.6,0,0,3200,0,02-AUG-2018,
FUTSTK,CADILAHC,25-Oct-2018,0,XX,385.8,385.8,385.8,385.8,383.7,1,6.17,3200,0,03-AUG-2018,
FUTSTK,CADILAHC,25-Oct-2018,0,XX,385.8,385.8,385.8,385.8,386.55,1,6.17,3200,0,06-AUG-2018,
FUTSTK,CADILAHC,25-Oct-2018,0,XX,0,0,0,385.8,379.9,0,0,3200,0,07-AUG-2018,
FUTSTK,CADILAHC,25-Oct-2018,0,XX,0,0,0,385.8,381.7,0,0,3200,0,08-AUG-2018,
FUTSTK,CADILAHC,25-Oct-2018,0,XX,0,0,0,385.8,384.5,0,0,3200,0,09-AUG-2018,
FUTSTK,CADILAHC,25-Oct-2018,0,XX,0,0,0,385.8,383.05,0,0,3200,0,10-AUG-2018,
FUTSTK,CADILAHC,25-Oct-2018,0,XX,374,374,371,371,359.65,2,11.92,6400,3200,13-AUG-2018,
FUTSTK,CADILAHC,25-Oct-2018,0,XX,358.15,358.15,342.5,344.9,344.9,13,72.29,24000,17600,14-AUG-2018,
FUTSTK,CADILAHC,25-Oct-2018,0,XX,341,347.1,339.4,345.15,345.15,12,65.87,33600,9600,16-AUG-2018,
FUTSTK,CADILAHC,25-Oct-2018,0,XX,356.2,362.85,356.2,362.85,362.3,5,28.66,36800,3200,17-AUG-2018,
FUTSTK,CADILAHC,25-Oct-2018,0,XX,369,387.75,368,382.2,382.55,17,102.06,30400,-6400,20-AUG-2018,
FUTSTK,CADILAHC,25-Oct-2018,0,XX,377.65,394,377.65,394,392.6,4,24.74,28800,-1600,21-AUG-2018,
FUTSTK,CADILAHC,25-Oct-2018,0,XX,395.45,400,395.45,400,396.5,8,51.04,16000,-12800,23-AUG-2018,
FUTSTK,CADILAHC,25-Oct-2018,0,XX,389.35,405.65,387.7,403.55,403.55,8,50.7,19200,3200,24-AUG-2018,
FUTSTK,CADILAHC,25-Oct-2018,0,XX,400,406.3,399.55,401,401,15,96.39,25600,6400,27-AUG-2018,
FUTSTK,CADILAHC,25-Oct-2018,0,XX,404.75,404.75,399.2,399.2,402.05,2,12.86,27200,1600,28-AUG-2018,
FUTSTK,CADILAHC,25-Oct-2018,0,XX,400.65,400.65,391.1,391.15,391.15,10,63.13,41600,14400,29-AUG-2018,
FUTSTK,CADILAHC,25-Oct-2018,0,XX,393.75,400.65,389.7,395.05,395.05,21,132.86,64000,22400,30-AUG-2018,
FUTSTK,CADILAHC,29-Nov-2018,0,XX,413,413,413,413,410.2,1,6.6,1600,1600,31-AUG-2018,
FUTSTK,CADILAHC,29-Nov-2018,0,XX,421.25,421.25,413,413,412.7,3,19.95,6400,4800,03-SEP-2018,
FUTSTK,CADILAHC,29-Nov-2018,0,XX,0,0,0,413,399.45,0,0,6400,0,04-SEP-2018,
FUTSTK,CADILAHC,29-Nov-2018,0,XX,0,0,0,413,408.95,0,0,6400,0,05-SEP-2018,
FUTSTK,CADILAHC,29-Nov-2018,0,XX,425,429.5,425,427.05,427.05,4,27.32,4800,-1600,06-SEP-2018,
FUTSTK,CADILAHC,29-Nov-2018,0,XX,415.4,437.45,415.4,434,433.25,24,166.23,14400,9600,07-SEP-2018,
FUTSTK,CADILAHC,29-Nov-2018,0,XX,0,0,0,434,427.2,0,0,14400,0,10-SEP-2018,
FUTSTK,CADILAHC,29-Nov-2018,0,XX,430,430,413.4,415.05,415.6,5,33.44,14400,0,11-SEP-2018,
FUTSTK,CADILAHC,29-Nov-2018,0,XX,0,0,0,415.05,415.3,0,0,14400,0,12-SEP-2018,
FUTSTK,CADILAHC,29-Nov-2018,0,XX,0,0,0,415.05,418.15,0,0,14400,0,14-SEP-2018,
FUTSTK,CADILAHC,29-Nov-2018,0,XX,421.5,421.5,421.5,421.5,419.4,1,6.74,16000,1600,17-SEP-2018,
FUTSTK,CADILAHC,29-Nov-2018,0,XX,419.35,419.35,407.5,407.5,407.5,3,19.81,16000,0,18-SEP-2018,
FUTSTK,CADILAHC,29-Nov-2018,0,XX,407.5,407.5,407.5,407.5,413.55,1,6.52,17600,1600,19-SEP-2018,
FUTSTK,CADILAHC,29-Nov-2018,0,XX,415.95,416.7,376.15,393.7,399.7,12,76.09,32000,14400,21-SEP-2018,
FUTSTK,CADILAHC,29-Nov-2018,0,XX,398.1,398.1,394.5,394.5,390.4,2,12.68,33600,1600,24-SEP-2018,
FUTSTK,CADILAHC,29-Nov-2018,0,XX,392.45,392.45,392.45,392.45,399.5,1,6.27,35200,1600,25-SEP-2018,
FUTSTK,CADILAHC,29-Nov-2018,0,XX,404.5,404.5,404.5,404.5,404.55,1,6.47,35200,0,26-SEP-2018,
FUTSTK,CADILAHC,29-Nov-2018,0,XX,402.3,402.3,390.25,390.85,390.85,13,82.26,43200,8000,27-SEP-2018,
FUTSTK,CADILAHC,27-Dec-2018,0,XX,390,390,390,390,393.25,1,6.24,1600,1600,28-SEP-2018,
FUTSTK,CADILAHC,27-Dec-2018,0,XX,0,0,0,390,403.85,0,0,1600,0,01-OCT-2018,
FUTSTK,CADILAHC,27-Dec-2018,0,XX,0,0,0,390,400.8,0,0,1600,0,03-OCT-2018,
FUTSTK,CADILAHC,27-Dec-2018,0,XX,0,0,0,390,390,0,0,1600,0,04-OCT-2018,
FUTSTK,CADILAHC,27-Dec-2018,0,XX,0,0,0,390,384.9,0,0,1600,0,05-OCT-2018,
FUTSTK,CADILAHC,27-Dec-2018,0,XX,0,0,0,390,382.65,0,0,1600,0,08-OCT-2018,
FUTSTK,CADILAHC,27-Dec-2018,0,XX,0,0,0,390,387.2,0,0,1600,0,09-OCT-2018,
FUTSTK,CADILAHC,27-Dec-2018,0,XX,0,0,0,390,391.5,0,0,1600,0,10-OCT-2018,
FUTSTK,CADILAHC,27-Dec-2018,0,XX,0,0,0,390,380.35,0,0,1600,0,11-OCT-2018,
FUTSTK,CADILAHC,27-Dec-2018,0,XX,0,0,0,390,382.8,0,0,1600,0,12-OCT-2018,
FUTSTK,CADILAHC,27-Dec-2018,0,XX,0,0,0,390,388.6,0,0,1600,0,15-OCT-2018,
FUTSTK,CADILAHC,27-Dec-2018,0,XX,0,0,0,390,385.7,0,0,1600,0,16-OCT-2018,
FUTSTK,CADILAHC,27-Dec-2018,0,XX,382.15,382.15,380,380,383.1,3,18.27,6400,4800,17-OCT-2018,
FUTSTK,CADILAHC,27-Dec-2018,0,XX,375,375,375,375,377.05,1,6,6400,0,19-OCT-2018,
FUTSTK,CADILAHC,27-Dec-2018,0,XX,378.4,378.4,377,377,377,6,36.21,14400,8000,22-OCT-2018,
FUTSTK,CADILAHC,27-Dec-2018,0,XX,0,0,0,377,382.6,0,0,14400,0,23-OCT-2018,
FUTSTK,CADILAHC,27-Dec-2018,0,XX,373.2,373.2,360.2,360.2,362.4,5,29.38,17600,3200,24-OCT-2018,
FUTSTK,CADILAHC,27-Dec-2018,0,XX,351.55,353,347.75,346.5,346.5,13,72.8,35200,17600,25-OCT-2018,
FUTSTK,CADILAHC,31-Jan-2019,0,XX,0,0,0,347.65,344.2,0,0,0,0,26-OCT-2018,
FUTSTK,CADILAHC,31-Jan-2019,0,XX,0,0,0,347.65,355.85,0,0,0,0,29-OCT-2018,
FUTSTK,CADILAHC,31-Jan-2019,0,XX,0,0,0,347.65,355,0,0,0,0,30-OCT-2018,
FUTSTK,CADILAHC,31-Jan-2019,0,XX,0,0,0,347.65,367,0,0,0,0,31-OCT-2018,
FUTSTK,CADILAHC,31-Jan-2019,0,XX,0,0,0,347.65,366.25,0,0,0,0,01-NOV-2018,
FUTSTK,CADILAHC,31-Jan-2019,0,XX,0,0,0,347.65,365.6,0,0,0,0,02-NOV-2018,
FUTSTK,CADILAHC,31-Jan-2019,0,XX,0,0,0,347.65,367,0,0,0,0,05-NOV-2018,
FUTSTK,CADILAHC,31-Jan-2019,0,XX,0,0,0,347.65,356.55,0,0,0,0,06-NOV-2018,
FUTSTK,CADILAHC,31-Jan-2019,0,XX,0,0,0,347.65,366.55,0,0,0,0,09-NOV-2018,
FUTSTK,CADILAHC,31-Jan-2019,0,XX,0,0,0,347.65,362.2,0,0,0,0,12-NOV-2018,
FUTSTK,CADILAHC,31-Jan-2019,0,XX,0,0,0,347.65,361.2,0,0,0,0,13-NOV-2018,
FUTSTK,CADILAHC,31-Jan-2019,0,XX,0,0,0,347.65,377.3,0,0,0,0,14-NOV-2018,
FUTSTK,CADILAHC,31-Jan-2019,0,XX,0,0,0,347.65,365.1,0,0,0,0,15-NOV-2018,
FUTSTK,CADILAHC,31-Jan-2019,0,XX,357.95,357.95,357.95,357.95,360.85,1,5.72,1600,1600,16-NOV-2018,
FUTSTK,CADILAHC,31-Jan-2019,0,XX,0,0,0,357.95,369.6,0,0,1600,0,19-NOV-2018,
FUTSTK,CADILAHC,31-Jan-2019,0,XX,0,0,0,357.95,360.35,0,0,1600,0,20-NOV-2018,
FUTSTK,CADILAHC,31-Jan-2019,0,XX,0,0,0,357.95,363.95,0,0,1600,0,21-NOV-2018,
FUTSTK,CADILAHC,31-Jan-2019,0,XX,0,0,0,357.95,359.1,0,0,1600,0,22-NOV-2018,
FUTSTK,CADILAHC,31-Jan-2019,0,XX,356.6,356.6,356.6,356.6,358.5,1,5.7,3200,1600,26-NOV-2018,
FUTSTK,CADILAHC,31-Jan-2019,0,XX,0,0,0,356.6,350.45,0,0,3200,0,27-NOV-2018,
FUTSTK,CADILAHC,31-Jan-2019,0,XX,351.5,351.5,346.1,346.1,348.4,4,22.4,9600,6400,28-NOV-2018,
FUTSTK,CADILAHC,31-Jan-2019,0,XX,344.05,355.15,344.05,355.15,361.6,17,95.01,33600,24000,29-NOV-2018,
FUTSTK,CADILAHC,28-Feb-2019,0,XX,0,0,0,363.65,372.15,0,0,0,0,30-NOV-2018,
FUTSTK,CADILAHC,28-Feb-2019,0,XX,0,0,0,363.65,363.25,0,0,0,0,03-DEC-2018,
FUTSTK,CADILAHC,28-Feb-2019,0,XX,362.25,362.25,362.25,362.25,359.6,2,11.59,3200,3200,04-DEC-2018,
FUTSTK,CADILAHC,28-Feb-2019,0,XX,0,0,0,362.25,364.8,0,0,3200,0,05-DEC-2018,
FUTSTK,CADILAHC,28-Feb-2019,0,XX,0,0,0,362.25,362,0,0,3200,0,06-DEC-2018,
FUTSTK,CADILAHC,28-Feb-2019,0,XX,0,0,0,362.25,355.4,0,0,3200,0,07-DEC-2018,
FUTSTK,CADILAHC,28-Feb-2019,0,XX,0,0,0,362.25,346.05,0,0,3200,0,10-DEC-2018,
FUTSTK,CADILAHC,28-Feb-2019,0,XX,346.05,346.05,346.05,346.05,351.3,2,11.07,3200,0,11-DEC-2018,
FUTSTK,CADILAHC,28-Feb-2019,0,XX,0,0,0,346.05,358.6,0,0,3200,0,12-DEC-2018,
FUTSTK,CADILAHC,28-Feb-2019,0,XX,360.45,360.95,357.85,357.85,355,3,17.26,8000,4800,13-DEC-2018,
FUTSTK,CADILAHC,28-Feb-2019,0,XX,351.8,351.8,349,349,351.9,2,11.21,11200,3200,14-DEC-2018,
FUTSTK,CADILAHC,28-Feb-2019,0,XX,0,0,0,349,356.3,0,0,11200,0,17-DEC-2018,
FUTSTK,CADILAHC,28-Feb-2019,0,XX,348.4,350.95,345.6,349.55,349.55,17,94.52,19200,8000,18-DEC-2018,
FUTSTK,CADILAHC,28-Feb-2019,0,XX,351.2,351.2,347.6,347.6,348.05,3,16.8,19200,0,19-DEC-2018,
FUTSTK,CADILAHC,28-Feb-2019,0,XX,349.9,349.9,349.9,349.9,349.9,1,5.59,17600,-1600,20-DEC-2018,
FUTSTK,CADILAHC,28-Feb-2019,0,XX,346.05,346.35,344.9,345.5,346.75,4,22.12,24000,6400,21-DEC-2018,
FUTSTK,CADILAHC,28-Feb-2019,0,XX,346.65,346.65,346.65,346.65,346.3,1,5.54,25600,1600,24-DEC-2018,
FUTSTK,CADILAHC,28-Feb-2019,0,XX,340.5,344.5,340.5,344.5,343.9,4,21.94,28800,3200,26-DEC-2018,
FUTSTK,CADILAHC,28-Feb-2019,0,XX,345.85,345.85,342,342.3,342.3,11,60.48,44800,16000,27-DEC-2018,
FUTSTK,CADILAHC,28-Mar-2019,0,XX,0,0,0,345.2,351.75,0,0,0,0,28-DEC-2018,
FUTSTK,CADILAHC,28-Mar-2019,0,XX,350.75,350.75,350.75,350.75,354.75,2,11.22,3200,3200,31-DEC-2018,
FUTSTK,CADILAHC,28-Mar-2019,0,XX,0,0,0,350.75,356.3,0,0,3200,0,01-JAN-2019,
FUTSTK,CADILAHC,28-Mar-2019,0,XX,349.75,349.75,349.75,349.75,352.85,2,11.19,6400,3200,02-JAN-2019,
FUTSTK,CADILAHC,28-Mar-2019,0,XX,0,0,0,349.75,349.65,0,0,6400,0,03-JAN-2019,
FUTSTK,CADILAHC,28-Mar-2019,0,XX,0,0,0,349.75,350.15,0,0,6400,0,04-JAN-2019,
FUTSTK,CADILAHC,28-Mar-2019,0,XX,0,0,0,349.75,354.75,0,0,6400,0,07-JAN-2019,
FUTSTK,CADILAHC,28-Mar-2019,0,XX,0,0,0,349.75,355,0,0,6400,0,08-JAN-2019,
FUTSTK,CADILAHC,28-Mar-2019,0,XX,353.55,353.8,352.05,352.05,353.4,3,16.95,11200,4800,09-JAN-2019,
FUTSTK,CADILAHC,28-Mar-2019,0,XX,0,0,0,352.05,355.65,0,0,11200,0,10-JAN-2019,
FUTSTK,CADILAHC,28-Mar-2019,0,XX,0,0,0,352.05,353.85,0,0,11200,0,11-JAN-2019,
FUTSTK,CADILAHC,28-Mar-2019,0,XX,0,0,0,352.05,359.15,0,0,11200,0,14-JAN-2019,
FUTSTK,CADILAHC,28-Mar-2019,0,XX,0,0,0,352.05,361.3,0,0,11200,0,15-JAN-2019,
FUTSTK,CADILAHC,28-Mar-2019,0,XX,0,0,0,352.05,357.85,0,0,11200,0,16-JAN-2019,
FUTSTK,CADILAHC,28-Mar-2019,0,XX,0,0,0,352.05,361.1,0,0,11200,0,17-JAN-2019,
FUTSTK,CADILAHC,28-Mar-2019,0,XX,351.6,351.6,351.6,351.6,352.1,1,5.62,12800,1600,18-JAN-2019,
FUTSTK,CADILAHC,28-Mar-2019,0,XX,349.1,349.1,349.1,349.1,349.4,2,11.17,12800,0,21-JAN-2019,
FUTSTK,CADILAHC,28-Mar-2019,0,XX,0,0,0,349.1,350.8,0,0,12800,0,22-JAN-2019,
FUTSTK,CADILAHC,28-Mar-2019,0,XX,344.5,344.5,344,344,346.65,2,11.01,12800,0,23-JAN-2019,
FUTSTK,CADILAHC,28-Mar-2019,0,XX,0,0,0,344,350.7,0,0,12800,0,24-JAN-2019,
FUTSTK,CADILAHC,28-Mar-2019,0,XX,352.85,352.85,348.3,348.3,348.2,3,16.86,17600,4800,25-JAN-2019,
FUTSTK,CADILAHC,28-Mar-2019,0,XX,342,342,334.45,337.45,337.45,10,54.36,27200,9600,28-JAN-2019,
FUTSTK,CADILAHC,28-Mar-2019,0,XX,329.3,329.3,321.8,323,325.65,8,41.8,32000,4800,29-JAN-2019,
FUTSTK,CADILAHC,28-Mar-2019,0,XX,327,327,319.25,321.05,323,21,108.02,43200,11200,30-JAN-2019,
FUTSTK,CADILAHC,28-Mar-2019,0,XX,322.05,323.95,321,323.95,322.7,7,36.09,52800,9600,31-JAN-2019,
FUTSTK,CADILAHC,25-Apr-2019,0,XX,0,0,0,324.6,329.25,0,0,0,0,01-FEB-2019,
FUTSTK,CADILAHC,25-Apr-2019,0,XX,0,0,0,324.6,324.3,0,0,0,0,04-FEB-2019,
FUTSTK,CADILAHC,25-Apr-2019,0,XX,0,0,0,324.6,320.1,0,0,0,0,05-FEB-2019,
FUTSTK,CADILAHC,25-Apr-2019,0,XX,0,0,0,324.6,323.2,0,0,0,0,06-FEB-2019,
FUTSTK,CADILAHC,25-Apr-2019,0,XX,0,0,0,324.6,327.15,0,0,0,0,07-FEB-2019,
FUTSTK,CADILAHC,25-Apr-2019,0,XX,0,0,0,324.6,327.2,0,0,0,0,08-FEB-2019,
FUTSTK,CADILAHC,25-Apr-2019,0,XX,0,0,0,324.6,329.3,0,0,0,0,11-FEB-2019,
FUTSTK,CADILAHC,25-Apr-2019,0,XX,0,0,0,324.6,324.35,0,0,0,0,12-FEB-2019,
FUTSTK,CADILAHC,25-Apr-2019,0,XX,0,0,0,324.6,325.5,0,0,0,0,13-FEB-2019,
FUTSTK,CADILAHC,25-Apr-2019,0,XX,0,0,0,324.6,323.1,0,0,0,0,14-FEB-2019,
FUTSTK,CADILAHC,25-Apr-2019,0,XX,313.1,313.1,313.1,313.1,318.45,1,5,1600,1600,15-FEB-2019,
FUTSTK,CADILAHC,25-Apr-2019,0,XX,0,0,0,313.1,316.05,0,0,1600,0,18-FEB-2019,
FUTSTK,CADILAHC,25-Apr-2019,0,XX,0,0,0,313.1,316.05,0,0,1600,0,19-FEB-2019,
FUTSTK,CADILAHC,25-Apr-2019,0,XX,0,0,0,313.1,317.35,0,0,1600,0,20-FEB-2019,
FUTSTK,CADILAHC,25-Apr-2019,0,XX,316.2,316.2,316.2,316.2,317.2,1,5.05,3200,1600,21-FEB-2019,
FUTSTK,CADILAHC,25-Apr-2019,0,XX,0,0,0,316.2,319.25,0,0,3200,0,22-FEB-2019,
FUTSTK,CADILAHC,25-Apr-2019,0,XX,318,320.3,318,320.3,317.6,2,10.21,4800,1600,25-FEB-2019,
FUTSTK,CADILAHC,25-Apr-2019,0,XX,314,315.55,313.25,315.55,315.55,4,20.11,8000,3200,26-FEB-2019,
FUTSTK,CADILAHC,25-Apr-2019,0,XX,319,328,319,321.1,323.4,9,46.35,14400,6400,27-FEB-2019,
FUTSTK,CADILAHC,25-Apr-2019,0,XX,329.95,330.15,325,325,322.4,10,52.49,19200,4800,28-FEB-2019,
FUTSTK,CADILAHC,30-May-2019,0,XX,325.85,327.2,325.85,327.2,329.25,4,20.91,6400,6400,01-MAR-2019,
FUTSTK,CADILAHC,30-May-2019,0,XX,334.4,334.4,334.4,334.4,337.25,1,5.35,8000,1600,05-MAR-2019,
FUTSTK,CADILAHC,30-May-2019,0,XX,338.8,338.8,335.1,335.1,335.1,3,16.16,9600,1600,06-MAR-2019,
FUTSTK,CADILAHC,30-May-2019,0,XX,334.55,334.55,331.6,331.6,331.6,3,15.96,9600,0,07-MAR-2019,
FUTSTK,CADILAHC,30-May-2019,0,XX,331.1,331.1,331.1,331.1,330.55,1,5.29,11200,1600,08-MAR-2019,
FUTSTK,CADILAHC,30-May-2019,0,XX,331.3,337.5,331.3,337.5,338.4,4,21.41,9600,-1600,11-MAR-2019,
FUTSTK,CADILAHC,30-May-2019,0,XX,0,0,0,337.5,341.9,0,0,9600,0,12-MAR-2019,
FUTSTK,CADILAHC,30-May-2019,0,XX,0,0,0,337.5,336.05,0,0,9600,0,13-MAR-2019,
FUTSTK,CADILAHC,30-May-2019,0,XX,338.05,338.05,338.05,338.05,335.95,1,5.4,11200,1600,14-MAR-2019,
FUTSTK,CADILAHC,30-May-2019,0,XX,332.65,348.55,332.65,345.1,345.1,8,43.28,11200,0,15-MAR-2019,
FUTSTK,CADILAHC,30-May-2019,0,XX,345.8,345.8,344.3,344.6,344.4,6,33.11,20800,9600,18-MAR-2019,
FUTSTK,CADILAHC,30-May-2019,0,XX,0,0,0,344.6,342.2,0,0,20800,0,19-MAR-2019,
FUTSTK,CADILAHC,30-May-2019,0,XX,343.95,343.95,343.95,343.95,342.9,1,5.5,22400,1600,20-MAR-2019,
FUTSTK,CADILAHC,30-May-2019,0,XX,339.8,339.8,339.8,339.8,337.65,1,5.43,24000,1600,22-MAR-2019,
FUTSTK,CADILAHC,30-May-2019,0,XX,337.6,338.3,334.6,334.65,336.65,7,37.64,33600,9600,25-MAR-2019,
FUTSTK,CADILAHC,30-May-2019,0,XX,338.7,339.25,338.25,339.25,340.5,6,32.51,35200,1600,26-MAR-2019,
FUTSTK,CADILAHC,30-May-2019,0,XX,336,336,334.6,334.95,334.95,6,32.16,44800,9600,27-MAR-2019,
FUTSTK,CADILAHC,30-May-2019,0,XX,338.9,339.2,338.35,338.35,340.35,4,21.67,46400,1600,28-MAR-2019,
FUTSTK,CADILAHC,27-Jun-2019,0,XX,0,0,0,342.35,353.85,0,0,0,0,29-MAR-2019,
FUTSTK,CADILAHC,27-Jun-2019,0,XX,0,0,0,342.35,350.75,0,0,0,0,01-APR-2019,
FUTSTK,CADILAHC,27-Jun-2019,0,XX,0,0,0,342.35,349.9,0,0,0,0,02-APR-2019,
FUTSTK,CADILAHC,27-Jun-2019,0,XX,0,0,0,342.35,344.45,0,0,0,0,03-APR-2019,
FUTSTK,CADILAHC,27-Jun-2019,0,XX,0,0,0,342.35,350.1,0,0,0,0,04-APR-2019,
FUTSTK,CADILAHC,27-Jun-2019,0,XX,351,351,351,351,350.9,1,5.61,1600,1600,05-APR-2019,
FUTSTK,CADILAHC,27-Jun-2019,0,XX,351.1,351.1,351.1,351.1,347.7,1,5.61,3200,1600,08-APR-2019,
FUTSTK,CADILAHC,27-Jun-2019,0,XX,0,0,0,351.1,346.75,0,0,3200,0,09-APR-2019,
FUTSTK,CADILAHC,27-Jun-2019,0,XX,0,0,0,351.1,348.55,0,0,3200,0,10-APR-2019,
FUTSTK,CADILAHC,27-Jun-2019,0,XX,0,0,0,351.1,350.2,0,0,3200,0,11-APR-2019,
FUTSTK,CADILAHC,27-Jun-2019,0,XX,0,0,0,351.1,346.85,0,0,3200,0,12-APR-2019,
FUTSTK,CADILAHC,27-Jun-2019,0,XX,0,0,0,351.1,345.75,0,0,3200,0,15-APR-2019,
FUTSTK,CADILAHC,27-Jun-2019,0,XX,346.15,346.15,346.15,346.15,342.6,1,5.53,4800,1600,16-APR-2019,
FUTSTK,CADILAHC,27-Jun-2019,0,XX,339.8,344.5,339.8,343.05,341.05,3,16.43,9600,4800,18-APR-2019,
FUTSTK,CADILAHC,27-Jun-2019,0,XX,339.75,339.75,335.7,335.7,335.7,6,32.5,19200,9600,22-APR-2019,
FUTSTK,CADILAHC,27-Jun-2019,0,XX,332.45,334.4,332.45,332.9,332.9,8,42.66,25600,6400,23-APR-2019,
FUTSTK,CADILAHC,27-Jun-2019,0,XX,333.95,333.95,332,333.3,333.7,6,31.86,33600,8000,24-APR-2019,
FUTSTK,CADILAHC,27-Jun-2019,0,XX,335.35,335.35,329,329.15,329.15,11,58.49,36800,3200,25-APR-2019,
FUTSTK,CADILAHC,25-Jul-2019,0,XX,0,0,0,329.75,333.8,0,0,0,0,26-APR-2019,
FUTSTK,CADILAHC,25-Jul-2019,0,XX,332.6,332.6,325.55,325.55,330.95,3,15.76,3200,3200,30-APR-2019,
FUTSTK,CADILAHC,25-Jul-2019,0,XX,0,0,0,325.55,320.15,0,0,3200,0,02-MAY-2019,
FUTSTK,CADILAHC,25-Jul-2019,0,XX,310.45,311.85,309.5,309.5,309.5,4,19.88,8000,4800,03-MAY-2019,
FUTSTK,CADILAHC,25-Jul-2019,0,XX,311.9,311.9,311.65,311.65,312.3,2,9.97,8000,0,06-MAY-2019,
FUTSTK,CADILAHC,25-Jul-2019,0,XX,0,0,0,311.65,303.85,0,0,8000,0,07-MAY-2019,
FUTSTK,CADILAHC,25-Jul-2019,0,XX,0,0,0,311.65,291,0,0,8000,0,08-MAY-2019,
FUTSTK,CADILAHC,25-Jul-2019,0,XX,293.8,295.2,293.8,295.2,295.2,2,9.42,6400,-1600,09-MAY-2019,
FUTSTK,CADILAHC,25-Jul-2019,0,XX,295,295.35,294.5,294.5,293.6,3,14.15,8000,1600,10-MAY-2019,
FUTSTK,CADILAHC,25-Jul-2019,0,XX,281.45,281.45,270.4,270.4,270.4,6,26.76,17600,9600,13-MAY-2019,
FUTSTK,CADILAHC,25-Jul-2019,0,XX,269.15,269.15,265.1,265.1,265.1,2,8.54,17600,0,14-MAY-2019,
FUTSTK,CADILAHC,25-Jul-2019,0,XX,0,0,0,265.1,264.1,0,0,17600,0,15-MAY-2019,
FUTSTK,CADILAHC,25-Jul-2019,0,XX,247.25,259,247.25,259,261.25,10,40.26,19200,1600,16-MAY-2019,
FUTSTK,CADILAHC,25-Jul-2019,0,XX,253.7,253.7,251.45,251.65,253.05,9,36.35,17600,-1600,17-MAY-2019,
FUTSTK,CADILAHC,25-Jul-2019,0,XX,255.6,255.6,251.3,251.3,253.8,3,12.13,22400,4800,20-MAY-2019,
FUTSTK,CADILAHC,25-Jul-2019,0,XX,257.15,257.15,248.95,248.95,247.9,5,20.21,27200,4800,21-MAY-2019,
FUTSTK,CADILAHC,25-Jul-2019,0,XX,249,249,249,249,253.5,1,3.98,25600,-1600,22-MAY-2019,
FUTSTK,CADILAHC,25-Jul-2019,0,XX,255.85,255.85,255.85,255.85,253.4,1,4.09,24000,-1600,23-MAY-2019,
FUTSTK,CADILAHC,25-Jul-2019,0,XX,256.5,258.25,254.45,254.45,255.9,3,12.3,25600,1600,24-MAY-2019,
FUTSTK,CADILAHC,25-Jul-2019,0,XX,260.45,260.45,257.25,257.25,257.95,2,8.28,27200,1600,27-MAY-2019,
FUTSTK,CADILAHC,25-Jul-2019,0,XX,257.35,267,257.35,266.95,266.95,14,59.64,49600,22400,28-MAY-2019,
FUTSTK,CADILAHC,25-Jul-2019,0,XX,263.65,269.5,260.4,262.45,262.45,78,330.69,94400,44800,29-MAY-2019,
FUTSTK,CADILAHC,25-Jul-2019,0,XX,258.75,259.5,254.85,256.2,256.2,51,209.36,118400,24000,30-MAY-2019,
FUTSTK,CADILAHC,29-Aug-2019,0,XX,0,0,0,261.4,252.35,0,0,0,0,31-MAY-2019,
FUTSTK,CADILAHC,29-Aug-2019,0,XX,0,0,0,261.4,257.1,0,0,0,0,03-JUN-2019,
FUTSTK,CADILAHC,29-Aug-2019,0,XX,0,0,0,261.4,261.55,0,0,0,0,04-JUN-2019,
FUTSTK,CADILAHC,29-Aug-2019,0,XX,251.65,251.65,249.65,249.65,249.65,11,44.25,17600,17600,06-JUN-2019,
FUTSTK,CADILAHC,29-Aug-2019,0,XX,0,0,0,249.65,246.45,0,0,17600,0,07-JUN-2019,
FUTSTK,CADILAHC,29-Aug-2019,0,XX,246.05,248.9,246.05,248.9,251.3,2,7.91,20800,3200,10-JUN-2019,
FUTSTK,CADILAHC,29-Aug-2019,0,XX,246.1,246.1,245.9,245.9,254.5,2,7.87,24000,3200,11-JUN-2019,
FUTSTK,CADILAHC,29-Aug-2019,0,XX,248.95,249.5,245.65,246.85,249.8,6,23.82,22400,-1600,12-JUN-2019,
FUTSTK,CADILAHC,29-Aug-2019,0,XX,248,248,248,248,249.3,1,3.96,24000,1600,13-JUN-2019,
FUTSTK,CADILAHC,29-Aug-2019,0,XX,242.95,243.5,242.95,243.5,249.05,2,7.78,24000,0,14-JUN-2019,
FUTSTK,CADILAHC,29-Aug-2019,0,XX,243,243,243,243,243,1,3.88,25600,1600,17-JUN-2019,
FUTSTK,CADILAHC,29-Aug-2019,0,XX,237.8,238.6,233.7,233.8,233.8,9,34.02,32000,6400,18-JUN-2019,
FUTSTK,CADILAHC,29-Aug-2019,0,XX,233.8,236.95,233.8,236.95,236.95,7,26.33,33600,1600,19-JUN-2019,
FUTSTK,CADILAHC,29-Aug-2019,0,XX,234.3,241.7,234.3,241.7,245.7,6,22.82,41600,8000,20-JUN-2019,
FUTSTK,CADILAHC,29-Aug-2019,0,XX,234.55,234.55,234.55,234.55,238.1,1,3.75,40000,-1600,21-JUN-2019,
FUTSTK,CADILAHC,29-Aug-2019,0,XX,228,228,228,228,228,1,3.64,41600,1600,24-JUN-2019,
FUTSTK,CADILAHC,29-Aug-2019,0,XX,224,231.55,224,230.45,230.45,9,33.1,46400,4800,25-JUN-2019,
FUTSTK,CADILAHC,29-Aug-2019,0,XX,231.95,237.5,230.95,234.8,241.75,17,63.8,56000,9600,26-JUN-2019,
FUTSTK,CADILAHC,29-Aug-2019,0,XX,238.4,242.55,237.05,237.7,237.7,33,126.6,59200,3200,27-JUN-2019,
FUTSTK,CADILAHC,26-Sep-2019,0,XX,0,0,0,241.9,245.8,0,0,0,0,28-JUN-2019,
FUTSTK,CADILAHC,26-Sep-2019,0,XX,0,0,0,241.9,244.25,0,0,0,0,01-JUL-2019,
FUTSTK,CADILAHC,26-Sep-2019,0,XX,0,0,0,241.9,239.7,0,0,0,0,02-JUL-2019,
FUTSTK,CADILAHC,26-Sep-2019,0,XX,0,0,0,241.9,240.85,0,0,0,0,03-JUL-2019,
FUTSTK,CADILAHC,26-Sep-2019,0,XX,0,0,0,241.9,240.45,0,0,0,0,04-JUL-2019,
FUTSTK,CADILAHC,26-Sep-2019,0,XX,0,0,0,241.9,232.25,0,0,0,0,05-JUL-2019,
FUTSTK,CADILAHC,26-Sep-2019,0,XX,224,224.8,224,224.8,224.8,2,7.18,3200,3200,08-JUL-2019,
FUTSTK,CADILAHC,26-Sep-2019,0,XX,0,0,0,224.8,234.15,0,0,3200,0,09-JUL-2019,
FUTSTK,CADILAHC,26-Sep-2019,0,XX,0,0,0,224.8,231.65,0,0,3200,0,10-JUL-2019,
FUTSTK,CADILAHC,26-Sep-2019,0,XX,0,0,0,224.8,237.75,0,0,3200,0,11-JUL-2019,
FUTSTK,CADILAHC,26-Sep-2019,0,XX,233.15,233.15,233.15,233.15,239.6,1,3.73,3200,0,12-JUL-2019,
FUTSTK,CADILAHC,26-Sep-2019,0,XX,0,0,0,233.15,241.55,0,0,3200,0,15-JUL-2019,
FUTSTK,CADILAHC,26-Sep-2019,0,XX,0,0,0,233.15,248.4,0,0,3200,0,16-JUL-2019,
FUTSTK,CADILAHC,26-Sep-2019,0,XX,0,0,0,233.15,244.05,0,0,3200,0,17-JUL-2019,
FUTSTK,CADILAHC,26-Sep-2019,0,XX,0,0,0,233.15,234.15,0,0,3200,0,18-JUL-2019,
FUTSTK,CADILAHC,26-Sep-2019,0,XX,230,230,229.35,229.5,231.3,7,25.74,14400,11200,19-JUL-2019,
FUTSTK,CADILAHC,26-Sep-2019,0,XX,233.8,235,233.65,233.65,238.8,6,22.46,17600,3200,22-JUL-2019,
FUTSTK,CADILAHC,26-Sep-2019,0,XX,232.4,234.85,232.4,234.85,234.85,5,18.65,22400,4800,23-JUL-2019,
FUTSTK,CADILAHC,26-Sep-2019,0,XX,233,233,226.95,228.8,228.8,31,114.07,51200,28800,24-JUL-2019,
FUTSTK,CADILAHC,26-Sep-2019,0,XX,232,234.05,232,233.9,232.9,13,48.45,48000,-3200,25-JUL-2019,
FUTSTK,CADILAHC,31-Oct-2019,0,XX,0,0,0,234.35,238.35,0,0,0,0,26-JUL-2019,
FUTSTK,CADILAHC,31-Oct-2019,0,XX,0,0,0,234.35,231.2,0,0,0,0,29-JUL-2019,
FUTSTK,CADILAHC,31-Oct-2019,0,XX,0,0,0,234.35,223.8,0,0,0,0,30-JUL-2019,
FUTSTK,CADILAHC,31-Oct-2019,0,XX,0,0,0,234.35,231.6,0,0,0,0,31-JUL-2019,
FUTSTK,CADILAHC,31-Oct-2019,0,XX,0,0,0,234.35,230.05,0,0,0,0,01-AUG-2019,
FUTSTK,CADILAHC,31-Oct-2019,0,XX,0,0,0,234.35,229,0,0,0,0,02-AUG-2019,
FUTSTK,CADILAHC,31-Oct-2019,0,XX,0,0,0,234.35,227.15,0,0,0,0,05-AUG-2019,
FUTSTK,CADILAHC,31-Oct-2019,0,XX,0,0,0,234.35,229.8,0,0,0,0,06-AUG-2019,
FUTSTK,CADILAHC,31-Oct-2019,0,XX,225,231,222.1,227.7,227.7,5,18.15,0,0,07-AUG-2019,
FUTSTK,CADILAHC,31-Oct-2019,0,XX,0,0,0,227.7,238.15,0,0,0,0,08-AUG-2019,
FUTSTK,CADILAHC,31-Oct-2019,0,XX,0,0,0,227.7,233.65,0,0,0,0,09-AUG-2019,
FUTSTK,CADILAHC,31-Oct-2019,0,XX,224.05,224.05,221.25,221.25,221.25,2,7.12,3200,3200,13-AUG-2019,
FUTSTK,CADILAHC,31-Oct-2019,0,XX,219.2,219.2,219.2,219.2,219.2,1,3.5,1600,-1600,14-AUG-2019,
FUTSTK,CADILAHC,31-Oct-2019,0,XX,219.5,219.5,219.5,219.5,220.6,1,3.51,3200,1600,16-AUG-2019,
FUTSTK,CADILAHC,31-Oct-2019,0,XX,220.9,220.9,220.9,220.9,221.5,2,7.06,6400,3200,19-AUG-2019,
FUTSTK,CADILAHC,31-Oct-2019,0,XX,220.5,220.75,219.5,220.7,222.05,5,17.62,11200,4800,20-AUG-2019,
FUTSTK,CADILAHC,31-Oct-2019,0,XX,220.9,220.9,218.8,218.95,216.75,6,21.07,17600,6400,21-AUG-2019,
FUTSTK,CADILAHC,31-Oct-2019,0,XX,209,209,209,209,216.45,1,3.34,19200,1600,22-AUG-2019,
FUTSTK,CADILAHC,31-Oct-2019,0,XX,0,0,0,209,223,0,0,19200,0,23-AUG-2019,
FUTSTK,CADILAHC,31-Oct-2019,0,XX,219,221.75,219,221.4,221.4,15,53.03,36800,17600,26-AUG-2019,
FUTSTK,CADILAHC,31-Oct-2019,0,XX,220.6,222.5,220,220,220,4,14.16,41600,4800,27-AUG-2019,
FUTSTK,CADILAHC,31-Oct-2019,0,XX,220.50,223,218.85,223,225.70,10,35.32,49600,8000,28-Aug-2019
FUTSTK,CADILAHC,31-Oct-2019,0,XX,222.2,222.75,219.55,220.8,220.8,9,31.86,59200,9600,29-AUG-2019,
FUTSTK,CADILAHC,28-Nov-2019,0,XX,0,0,0,223.25,228.75,0,0,0,0,30-AUG-2019,
FUTSTK,CADILAHC,28-Nov-2019,0,XX,0,0,0,223.25,232.3,0,0,0,0,03-SEP-2019,
FUTSTK,CADILAHC,28-Nov-2019,0,XX,0,0,0,223.25,233.6,0,0,0,0,04-SEP-2019,
FUTSTK,CADILAHC,28-Nov-2019,0,XX,0,0,0,223.25,239.45,0,0,0,0,05-SEP-2019,
FUTSTK,CADILAHC,28-Nov-2019,0,XX,0,0,0,223.25,242.2,0,0,0,0,06-SEP-2019,
FUTSTK,CADILAHC,28-Nov-2019,0,XX,240,240.15,239.3,239.3,239.5,3,11.51,4800,4800,09-SEP-2019,
FUTSTK,CADILAHC,28-Nov-2019,0,XX,0,0,0,239.3,242.8,0,0,4800,0,11-SEP-2019,
FUTSTK,CADILAHC,28-Nov-2019,0,XX,242,242,242,242,242.5,1,3.87,6400,1600,12-SEP-2019,
FUTSTK,CADILAHC,28-Nov-2019,0,XX,242.5,242.5,242.5,242.5,245,1,3.88,6400,0,13-SEP-2019,
FUTSTK,CADILAHC,28-Nov-2019,0,XX,0,0,0,242.5,245.3,0,0,6400,0,16-SEP-2019,
FUTSTK,CADILAHC,28-Nov-2019,0,XX,239.4,239.4,239.4,239.4,241.85,1,3.83,8000,1600,17-SEP-2019,
FUTSTK,CADILAHC,28-Nov-2019,0,XX,0,0,0,239.4,244.15,0,0,8000,0,18-SEP-2019,
FUTSTK,CADILAHC,28-Nov-2019,0,XX,242.4,242.4,242.4,242.4,240.9,1,3.87,6400,-1600,19-SEP-2019,
FUTSTK,CADILAHC,28-Nov-2019,0,XX,0,0,0,242.4,250.35,0,0,6400,0,20-SEP-2019,
FUTSTK,CADILAHC,28-Nov-2019,0,XX,250.35,250.55,249.4,249.5,250.25,9,36.11,16000,9600,23-SEP-2019,
FUTSTK,CADILAHC,28-Nov-2019,0,XX,250.25,258.1,250.25,257.5,257.5,7,28.55,22400,6400,24-SEP-2019,
FUTSTK,CADILAHC,28-Nov-2019,0,XX,251.25,252,248.4,250.7,250.7,12,48.11,30400,8000,25-SEP-2019,
FUTSTK,CADILAHC,28-Nov-2019,0,XX,250.2,250.85,249.25,249.25,248.35,8,31.89,32000,1600,26-SEP-2019,
FUTSTK,CADILAHC,26-Dec-2019,0,XX,0,0,0,249.5,245.3,0,0,0,0,27-SEP-2019,
FUTSTK,CADILAHC,26-Dec-2019,0,XX,0,0,0,249.5,236.8,0,0,0,0,30-SEP-2019,
FUTSTK,CADILAHC,26-Dec-2019,0,XX,238.9,238.9,237.05,238.15,237.6,5,19.05,8000,8000,01-OCT-2019,
FUTSTK,CADILAHC,26-Dec-2019,0,XX,234.9,234.9,234.9,234.9,237.25,1,3.75,8000,0,03-OCT-2019,
FUTSTK,CADILAHC,26-Dec-2019,0,XX,0,0,0,234.9,235.4,0,0,8000,0,04-OCT-2019,
FUTSTK,CADILAHC,26-Dec-2019,0,XX,0,0,0,234.9,230.95,0,0,8000,0,07-OCT-2019,
FUTSTK,CADILAHC,26-Dec-2019,0,XX,237.95,237.95,237.95,237.95,239.6,1,3.8,8000,0,09-OCT-2019,
FUTSTK,CADILAHC,26-Dec-2019,0,XX,0,0,0,237.95,235.15,0,0,8000,0,10-OCT-2019,
FUTSTK,CADILAHC,26-Dec-2019,0,XX,0,0,0,237.95,232.95,0,0,8000,0,11-OCT-2019,
FUTSTK,CADILAHC,26-Dec-2019,0,XX,0,0,0,237.95,235.5,0,0,8000,0,14-OCT-2019,
FUTSTK,CADILAHC,26-Dec-2019,0,XX,0,0,0,237.95,237.2,0,0,8000,0,15-OCT-2019,
FUTSTK,CADILAHC,26-Dec-2019,0,XX,0,0,0,237.95,237.45,0,0,8000,0,16-OCT-2019,
FUTSTK,CADILAHC,26-Dec-2019,0,XX,0,0,0,237.95,240.55,0,0,8000,0,17-OCT-2019,
FUTSTK,CADILAHC,26-Dec-2019,0,XX,0,0,0,237.95,243.35,0,0,8000,0,18-OCT-2019,
FUTSTK,CADILAHC,26-Dec-2019,0,XX,0,0,0,237.95,247.85,0,0,8000,0,22-OCT-2019,
FUTSTK,CADILAHC,26-Dec-2019,0,XX,0,0,0,237.95,250.45,0,0,8000,0,23-OCT-2019,
FUTSTK,CADILAHC,26-Dec-2019,0,XX,244.6,244.6,244.6,246.05,246.05,2,7.87,8000,0,24-OCT-2019,
FUTSTK,CADILAHC,26-Dec-2019,0,XX,249.2,249.2,246.7,246.7,246.7,4,15.84,9600,1600,25-OCT-2019,
FUTSTK,CADILAHC,26-Dec-2019,0,XX,250.2,252.75,250.2,252.75,252.4,8,32.1,19200,9600,29-OCT-2019,
FUTSTK,CADILAHC,26-Dec-2019,0,XX,251.05,252.3,251.05,251.8,252.4,4,16.11,25600,6400,30-OCT-2019,
FUTSTK,CADILAHC,26-Dec-2019,0,XX,260.15,261.35,252.25,252.25,254.05,4,16.45,30400,4800,31-OCT-2019,
FUTSTK,CADILAHC,30-Jan-2020,0,XX,0,0,0,255.5,259.25,0,0,0,0,01-NOV-2019,
FUTSTK,CADILAHC,30-Jan-2020,0,XX,0,0,0,255.5,245.1,0,0,0,0,04-NOV-2019,
FUTSTK,CADILAHC,30-Jan-2020,0,XX,0,0,0,255.5,242.95,0,0,0,0,05-NOV-2019,
FUTSTK,CADILAHC,30-Jan-2020,0,XX,0,0,0,255.5,243.15,0,0,0,0,06-NOV-2019,
FUTSTK,CADILAHC,30-Jan-2020,0,XX,237.5,237.5,237,237,238.1,2,10.43,4400,4400,07-NOV-2019,
FUTSTK,CADILAHC,30-Jan-2020,0,XX,238.1,238.1,238.1,238.1,235.55,1,5.23,4400,0,08-NOV-2019,
FUTSTK,CADILAHC,30-Jan-2020,0,XX,0,0,0,238.1,233.45,0,0,4400,0,11-NOV-2019,
FUTSTK,CADILAHC,30-Jan-2020,0,XX,232.55,232.55,227.65,227.65,227.65,7,35.43,19800,15400,13-NOV-2019,
FUTSTK,CADILAHC,30-Jan-2020,0,XX,224.45,237.3,224.45,236.25,236.25,6,30.79,26400,6600,14-NOV-2019,
FUTSTK,CADILAHC,30-Jan-2020,0,XX,232.25,238,232.25,238,237.4,2,10.34,24200,-2200,15-NOV-2019,
FUTSTK,CADILAHC,30-Jan-2020,0,XX,239.75,245,239.25,245,244.35,4,21.23,19800,-4400,18-NOV-2019,
FUTSTK,CADILAHC,30-Jan-2020,0,XX,0,0,0,245,246.55,0,0,19800,0,19-NOV-2019,
FUTSTK,CADILAHC,30-Jan-2020,0,XX,249.55,253,249.55,253,252.3,3,16.6,22000,2200,20-NOV-2019,
FUTSTK,CADILAHC,30-Jan-2020,0,XX,251.95,254,251.95,254,257.25,2,11.13,24200,2200,21-NOV-2019,
FUTSTK,CADILAHC,30-Jan-2020,0,XX,0,0,0,254,253.9,0,0,24200,0,22-NOV-2019,
FUTSTK,CADILAHC,30-Jan-2020,0,XX,259,259,259,259,259.4,1,5.69,26400,2200,25-NOV-2019,
FUTSTK,CADILAHC,30-Jan-2020,0,XX,260.1,260.1,257.45,257.45,258.45,4,22.8,30800,4400,26-NOV-2019,
FUTSTK,CADILAHC,30-Jan-2020,0,XX,257.25,257.25,257.25,257.25,257.55,1,5.65,33000,2200,27-NOV-2019,
FUTSTK,CADILAHC,30-Jan-2020,0,XX,258.75,261.95,257.2,261.95,261.4,4,22.87,37400,4400,28-NOV-2019,
FUTSTK,CADILAHC,27-Feb-2020,0,XX,0,0,0,262.55,257.8,0,0,0,0,29-NOV-2019,
FUTSTK,CADILAHC,27-Feb-2020,0,XX,0,0,0,262.55,261.75,0,0,0,0,02-DEC-2019,
FUTSTK,CADILAHC,27-Feb-2020,0,XX,0,0,0,262.55,263.8,0,0,0,0,03-DEC-2019,
FUTSTK,CADILAHC,27-Feb-2020,0,XX,0,0,0,262.55,267,0,0,0,0,04-DEC-2019,
FUTSTK,CADILAHC,27-Feb-2020,0,XX,0,0,0,262.55,261.05,0,0,0,0,05-DEC-2019,
FUTSTK,CADILAHC,27-Feb-2020,0,XX,0,0,0,262.55,258.65,0,0,0,0,06-DEC-2019,
FUTSTK,CADILAHC,27-Feb-2020,0,XX,0,0,0,262.55,262.75,0,0,0,0,09-DEC-2019,
FUTSTK,CADILAHC,27-Feb-2020,0,XX,0,0,0,262.55,264.2,0,0,0,0,10-DEC-2019,
FUTSTK,CADILAHC,27-Feb-2020,0,XX,0,0,0,262.55,265.65,0,0,0,0,11-DEC-2019,
FUTSTK,CADILAHC,27-Feb-2020,0,XX,0,0,0,262.55,267.2,0,0,0,0,12-DEC-2019,
FUTSTK,CADILAHC,27-Feb-2020,0,XX,0,0,0,262.55,264.15,0,0,0,0,13-DEC-2019,
FUTSTK,CADILAHC,27-Feb-2020,0,XX,0,0,0,262.55,264.45,0,0,0,0,16-DEC-2019,
FUTSTK,CADILAHC,27-Feb-2020,0,XX,261.6,261.6,261.6,261.6,262.35,1,5.75,2200,2200,17-DEC-2019,
FUTSTK,CADILAHC,27-Feb-2020,0,XX,261.75,261.75,261.75,261.75,261.85,1,5.75,4400,2200,18-DEC-2019,
FUTSTK,CADILAHC,27-Feb-2020,0,XX,0,0,0,261.75,264.6,0,0,4400,0,19-DEC-2019,
FUTSTK,CADILAHC,27-Feb-2020,0,XX,264.3,270.35,264.3,270.35,269.05,11,64.31,22000,17600,20-DEC-2019,
FUTSTK,CADILAHC,27-Feb-2020,0,XX,270.8,272.05,265,265.4,264.6,10,58.88,28600,6600,23-DEC-2019,
FUTSTK,CADILAHC,27-Feb-2020,0,XX,263.8,263.8,261.5,262.1,262.1,15,86.65,46200,17600,24-DEC-2019,
FUTSTK,CADILAHC,27-Feb-2020,0,XX,261.6,262.25,260.5,260.65,260.65,21,120.88,57200,11000,26-DEC-2019,
FUTSTK,CADILAHC,26-Mar-2020,0,XX,0,0,0,260.85,259.45,0,0,0,0,27-DEC-2019,
FUTSTK,CADILAHC,26-Mar-2020,0,XX,0,0,0,260.85,258.9,0,0,0,0,30-DEC-2019,
FUTSTK,CADILAHC,26-Mar-2020,0,XX,0,0,0,260.85,257.8,0,0,0,0,31-DEC-2019,
FUTSTK,CADILAHC,26-Mar-2020,0,XX,0,0,0,260.85,257.75,0,0,0,0,01-JAN-2020,
FUTSTK,CADILAHC,26-Mar-2020,0,XX,0,0,0,260.85,259.8,0,0,0,0,02-JAN-2020,
FUTSTK,CADILAHC,26-Mar-2020,0,XX,0,0,0,260.85,263.45,0,0,0,0,03-JAN-2020,
FUTSTK,CADILAHC,26-Mar-2020,0,XX,0,0,0,260.85,258.25,0,0,0,0,06-JAN-2020,
FUTSTK,CADILAHC,26-Mar-2020,0,XX,0,0,0,260.85,260.3,0,0,0,0,07-JAN-2020,
FUTSTK,CADILAHC,26-Mar-2020,0,XX,0,0,0,260.85,261.65,0,0,0,0,08-JAN-2020,
FUTSTK,CADILAHC,26-Mar-2020,0,XX,0,0,0,260.85,261.6,0,0,0,0,09-JAN-2020,
FUTSTK,CADILAHC,26-Mar-2020,0,XX,0,0,0,260.85,261.3,0,0,0,0,10-JAN-2020,
FUTSTK,CADILAHC,26-Mar-2020,0,XX,0,0,0,260.85,259.55,0,0,0,0,13-JAN-2020,
FUTSTK,CADILAHC,26-Mar-2020,0,XX,0,0,0,260.85,260,0,0,0,0,14-JAN-2020,
FUTSTK,CADILAHC,26-Mar-2020,0,XX,0,0,0,260.85,265.7,0,0,0,0,15-JAN-2020,
FUTSTK,CADILAHC,26-Mar-2020,0,XX,0,0,0,260.85,273.2,0,0,0,0,16-JAN-2020,
FUTSTK,CADILAHC,26-Mar-2020,0,XX,0,0,0,260.85,272.1,0,0,0,0,17-JAN-2020,
FUTSTK,CADILAHC,26-Mar-2020,0,XX,0,0,0,260.85,269.75,0,0,0,0,20-JAN-2020,
FUTSTK,CADILAHC,26-Mar-2020,0,XX,0,0,0,260.85,271.15,0,0,0,0,21-JAN-2020,
FUTSTK,CADILAHC,26-Mar-2020,0,XX,278.15,279.8,272,272,271.95,6,36.45,8800,8800,22-JAN-2020,
FUTSTK,CADILAHC,26-Mar-2020,0,XX,0,0,0,272,272.1,0,0,8800,0,23-JAN-2020,
FUTSTK,CADILAHC,26-Mar-2020,0,XX,273.05,274.75,273.05,274.1,274.85,8,48.21,15400,6600,24-JAN-2020,
FUTSTK,CADILAHC,26-Mar-2020,0,XX,275.85,275.85,275.85,275.85,275.85,1,6.06,17600,2200,27-JAN-2020,
FUTSTK,CADILAHC,26-Mar-2020,0,XX,276,276,275,275,274.9,2,12.12,17600,0,28-JAN-2020,
FUTSTK,CADILAHC,26-Mar-2020,0,XX,276,276,275.3,275.45,275.45,4,24.17,24200,6600,29-JAN-2020,
FUTSTK,CADILAHC,26-Mar-2020,0,XX,270.95,270.95,268.5,268.5,270.8,3,17.8,28600,4400,30-JAN-2020,
FUTSTK,CADILAHC,30-Apr-2020,0,XX,0,0,0,272.3,269.35,0,0,0,0,31-JAN-2020,
FUTSTK,CADILAHC,30-Apr-2020,0,XX,0,0,0,272.3,264.05,0,0,0,0,03-FEB-2020,
FUTSTK,CADILAHC,30-Apr-2020,0,XX,0,0,0,272.3,267.55,0,0,0,0,04-FEB-2020,
FUTSTK,CADILAHC,30-Apr-2020,0,XX,0,0,0,272.3,275.1,0,0,0,0,05-FEB-2020,
FUTSTK,CADILAHC,30-Apr-2020,0,XX,278.9,278.9,278.9,278.9,276.5,2,12.27,4400,4400,06-FEB-2020,
FUTSTK,CADILAHC,30-Apr-2020,0,XX,0,0,0,278.9,278.6,0,0,4400,0,07-FEB-2020,
FUTSTK,CADILAHC,30-Apr-2020,0,XX,273.45,273.45,273.45,273.45,282,1,6.01,6600,2200,10-FEB-2020,
FUTSTK,CADILAHC,30-Apr-2020,0,XX,0,0,0,273.45,277.85,0,0,6600,0,11-FEB-2020,
FUTSTK,CADILAHC,30-Apr-2020,0,XX,0,0,0,273.45,274.95,0,0,6600,0,12-FEB-2020,
FUTSTK,CADILAHC,30-Apr-2020,0,XX,0,0,0,273.45,271.9,0,0,6600,0,13-FEB-2020,
FUTSTK,CADILAHC,30-Apr-2020,0,XX,268.1,268.1,268.1,268.1,273.05,1,5.89,8800,2200,14-FEB-2020,
FUTSTK,CADILAHC,30-Apr-2020,0,XX,267.1,267.1,267.1,267.1,269.3,1,5.87,11000,2200,17-FEB-2020,
FUTSTK,CADILAHC,30-Apr-2020,0,XX,0,0,0,267.1,270.85,0,0,11000,0,18-FEB-2020,
FUTSTK,CADILAHC,30-Apr-2020,0,XX,275.35,275.35,271.35,271.35,278.8,4,24.09,13200,2200,19-FEB-2020,
FUTSTK,CADILAHC,30-Apr-2020,0,XX,0,0,0,271.35,282.15,0,0,13200,0,20-FEB-2020,
FUTSTK,CADILAHC,30-Apr-2020,0,XX,272.7,274,272.7,274,277.6,2,12.02,15400,2200,24-FEB-2020,
FUTSTK,CADILAHC,30-Apr-2020,0,XX,0,0,0,274,274.85,0,0,15400,0,25-FEB-2020,
FUTSTK,CADILAHC,30-Apr-2020,0,XX,265.5,265.5,263,263,263,4,23.24,15400,0,26-FEB-2020,
FUTSTK,CADILAHC,30-Apr-2020,0,XX,258.9,260.5,257.65,259.6,263.9,5,28.5,26400,11000,27-FEB-2020,
FUTSTK,CADILAHC,28-May-2020,0,XX,0,0,0,265.25,263.55,0,0,0,0,28-FEB-2020,
FUTSTK,CADILAHC,28-May-2020,0,XX,0,0,0,265.25,253.4,0,0,0,0,02-MAR-2020,
FUTSTK,CADILAHC,28-May-2020,0,XX,0,0,0,265.25,263.7,0,0,0,0,03-MAR-2020,
FUTSTK,CADILAHC,28-May-2020,0,XX,260.1,260.1,260.1,260.1,259.05,1,5.72,2200,2200,04-MAR-2020,
FUTSTK,CADILAHC,28-May-2020,0,XX,263.1,263.1,263.1,263.1,267.35,1,5.78,2200,0,05-MAR-2020,
FUTSTK,CADILAHC,28-May-2020,0,XX,264.6,264.6,264.6,264.6,269.4,1,5.82,2200,0,06-MAR-2020,
FUTSTK,CADILAHC,28-May-2020,0,XX,265,265,255,255,259.25,6,34.32,8800,6600,09-MAR-2020,
FUTSTK,CADILAHC,28-May-2020,0,XX,0,0,0,255,261.15,0,0,8800,0,11-MAR-2020,
FUTSTK,CADILAHC,28-May-2020,0,XX,0,0,0,255,239.55,0,0,8800,0,12-MAR-2020,
FUTSTK,CADILAHC,28-May-2020,0,XX,0,0,0,255,254.4,0,0,8800,0,13-MAR-2020,
FUTSTK,CADILAHC,28-May-2020,0,XX,0,0,0,255,252.05,0,0,8800,0,16-MAR-2020,
FUTSTK,CADILAHC,28-May-2020,0,XX,0,0,0,255,265.45,0,0,8800,0,17-MAR-2020,
FUTSTK,CADILAHC,28-May-2020,0,XX,0,0,0,255,261.05,0,0,8800,0,18-MAR-2020,
FUTSTK,CADILAHC,28-May-2020,0,XX,0,0,0,255,248.4,0,0,8800,0,19-MAR-2020,
FUTSTK,CADILAHC,28-May-2020,0,XX,267.85,282.55,267.85,282.55,288.75,6,36.83,19800,11000,20-MAR-2020,
FUTSTK,CADILAHC,28-May-2020,0,XX,285,287.6,274.7,275.85,283.1,6,37.29,22000,2200,23-MAR-2020,
FUTSTK,CADILAHC,28-May-2020,0,XX,283.1,283.1,283.1,283.1,281.15,1,6.22,22000,0,24-MAR-2020,
FUTSTK,CADILAHC,28-May-2020,0,XX,265.7,265.7,265.7,265.7,266.2,1,5.84,19800,-2200,25-MAR-2020,
FUTSTK,CADILAHC,28-May-2020,0,XX,268.15,268.15,260,260,260,7,40.97,17600,-2200,26-MAR-2020,
FUTSTK,CADILAHC,25-Jun-2020,0,XX,0,0,0,260.9,255.6,0,0,0,0,27-MAR-2020,
FUTSTK,CADILAHC,25-Jun-2020,0,XX,0,0,0,260.9,254.95,0,0,0,0,30-MAR-2020,
FUTSTK,CADILAHC,25-Jun-2020,0,XX,0,0,0,260.9,270.2,0,0,0,0,31-MAR-2020,
FUTSTK,CADILAHC,25-Jun-2020,0,XX,0,0,0,260.9,266.7,0,0,0,0,01-APR-2020,
FUTSTK,CADILAHC,25-Jun-2020,0,XX,0,0,0,260.9,277.5,0,0,0,0,03-APR-2020,
FUTSTK,CADILAHC,25-Jun-2020,0,XX,0,0,0,260.9,315.5,0,0,0,0,07-APR-2020,
FUTSTK,CADILAHC,25-Jun-2020,0,XX,352.9,352.9,352.9,352.9,353.35,1,7.76,2200,2200,08-APR-2020,
FUTSTK,CADILAHC,25-Jun-2020,0,XX,354.4,357,354.4,357,354.55,3,23.49,8800,6600,09-APR-2020,
FUTSTK,CADILAHC,25-Jun-2020,0,XX,362.75,364.75,362.75,364.75,357.05,2,16,13200,4400,13-APR-2020,
FUTSTK,CADILAHC,25-Jun-2020,0,XX,342,342,342,342,342.2,1,7.52,15400,2200,15-APR-2020,
FUTSTK,CADILAHC,25-Jun-2020,0,XX,0,0,0,342,346.65,0,0,15400,0,16-APR-2020,
FUTSTK,CADILAHC,25-Jun-2020,0,XX,0,0,0,342,336.75,0,0,15400,0,17-APR-2020,
FUTSTK,CADILAHC,25-Jun-2020,0,XX,336,336,335.1,335.1,336,2,14.76,15400,0,20-APR-2020,
FUTSTK,CADILAHC,25-Jun-2020,0,XX,0,0,0,335.1,347.05,0,0,15400,0,21-APR-2020,
FUTSTK,CADILAHC,25-Jun-2020,0,XX,331,331,331,331,334.1,1,7.28,17600,2200,22-APR-2020,
FUTSTK,CADILAHC,25-Jun-2020,0,XX,0,0,0,331,334.1,0,0,17600,0,23-APR-2020,
FUTSTK,CADILAHC,25-Jun-2020,0,XX,345.35,345.35,345.35,345.35,339.6,2,15.19,22000,4400,24-APR-2020,
FUTSTK,CADILAHC,25-Jun-2020,0,XX,334.6,340,332.95,340,336.35,4,29.64,17600,-4400,27-APR-2020,
FUTSTK,CADILAHC,25-Jun-2020,0,XX,326.95,326.95,326.95,326.95,326.95,1,7.19,17600,0,28-APR-2020,
FUTSTK,CADILAHC,25-Jun-2020,0,XX,326.05,329,325.4,329,329.1,3,21.56,15400,-2200,29-APR-2020,
FUTSTK,CADILAHC,25-Jun-2020,0,XX,326,328.75,323,326.3,326.3,6,43.05,19800,4400,30-APR-2020,
FUTSTK,CADILAHC,30-Jul-2020,0,XX,0,0,0,328.15,333.9,0,0,0,0,04-MAY-2020,
FUTSTK,CADILAHC,30-Jul-2020,0,XX,0,0,0,328.15,329.7,0,0,0,0,05-MAY-2020,
FUTSTK,CADILAHC,30-Jul-2020,0,XX,0,0,0,328.15,330.45,0,0,0,0,06-MAY-2020,
FUTSTK,CADILAHC,30-Jul-2020,0,XX,0,0,0,328.15,324.65,0,0,0,0,07-MAY-2020,
FUTSTK,CADILAHC,30-Jul-2020,0,XX,0,0,0,328.15,324.65,0,0,0,0,08-MAY-2020,
FUTSTK,CADILAHC,30-Jul-2020,0,XX,0,0,0,328.15,331.75,0,0,0,0,11-MAY-2020,
FUTSTK,CADILAHC,30-Jul-2020,0,XX,0,0,0,328.15,326.95,0,0,0,0,12-MAY-2020,
FUTSTK,CADILAHC,30-Jul-2020,0,XX,0,0,0,328.15,328.2,0,0,0,0,13-MAY-2020,
FUTSTK,CADILAHC,30-Jul-2020,0,XX,340.9,340.9,340.9,340.9,340.15,1,7.49,2200,2200,14-MAY-2020,
FUTSTK,CADILAHC,30-Jul-2020,0,XX,336.8,336.8,336.8,336.8,335.45,1,7.4,4400,2200,15-MAY-2020,
FUTSTK,CADILAHC,30-Jul-2020,0,XX,329.25,335.3,326.2,326.2,327,3,21.79,8800,4400,18-MAY-2020,
FUTSTK,CADILAHC,30-Jul-2020,0,XX,327,327,327,327,328.9,1,7.19,11000,2200,19-MAY-2020,
FUTSTK,CADILAHC,30-Jul-2020,0,XX,331.75,331.75,331.6,331.6,340.85,2,14.59,15400,4400,20-MAY-2020,
FUTSTK,CADILAHC,30-Jul-2020,0,XX,344.35,352.05,344.35,345.9,345.9,11,84.39,33000,17600,21-MAY-2020,
FUTSTK,CADILAHC,30-Jul-2020,0,XX,346.05,347,345.35,345.35,349.45,5,38.09,39600,6600,22-MAY-2020,
FUTSTK,CADILAHC,30-Jul-2020,0,XX,351.65,351.65,334.75,338.55,338.55,12,90.17,57200,17600,26-MAY-2020,
FUTSTK,CADILAHC,30-Jul-2020,0,XX,338.5,338.5,338.5,338.5,340.15,1,7.44,59400,2200,27-MAY-2020,
FUTSTK,CADILAHC,30-Jul-2020,0,XX,334.5,341,333.05,334.95,340.6,18,133.68,66000,6600,28-MAY-2020,
FUTSTK,CADILAHC,27-Aug-2020,0,XX,346.2,346.2,346.2,346.2,348.25,1,7.61,2200,2200,29-MAY-2020,
FUTSTK,CADILAHC,27-Aug-2020,0,XX,0,0,0,346.2,353.1,0,0,2200,0,01-JUN-2020,
FUTSTK,CADILAHC,27-Aug-2020,0,XX,364.8,364.8,364.8,364.8,356.6,1,8.02,4400,2200,02-JUN-2020,
FUTSTK,CADILAHC,27-Aug-2020,0,XX,0,0,0,364.8,357.3,0,0,4400,0,03-JUN-2020,
FUTSTK,CADILAHC,27-Aug-2020,0,XX,355,355,355,355,366.25,1,7.81,6600,2200,04-JUN-2020,
FUTSTK,CADILAHC,27-Aug-2020,0,XX,365,365,363.8,363.8,363.15,3,24.06,13200,6600,05-JUN-2020,
FUTSTK,CADILAHC,27-Aug-2020,0,XX,354.65,354.65,354.65,354.65,356.5,1,7.8,13200,0,08-JUN-2020,
FUTSTK,CADILAHC,27-Aug-2020,0,XX,366.85,366.85,364,364,363.55,3,24.13,11000,-2200,09-JUN-2020,
FUTSTK,CADILAHC,27-Aug-2020,0,XX,368,370.6,368,370.6,370.6,3,24.37,13200,2200,10-JUN-2020,
FUTSTK,CADILAHC,27-Aug-2020,0,XX,0,0,0,370.6,372.85,0,0,13200,0,11-JUN-2020,
FUTSTK,CADILAHC,27-Aug-2020,0,XX,0,0,0,370.6,377.6,0,0,13200,0,12-JUN-2020,
FUTSTK,CADILAHC,27-Aug-2020,0,XX,380.1,380.1,371,371,371,4,32.87,19800,6600,15-JUN-2020,
FUTSTK,CADILAHC,27-Aug-2020,0,XX,364.75,365.65,364.75,365.65,363.85,3,24.09,22000,2200,16-JUN-2020,
FUTSTK,CADILAHC,27-Aug-2020,0,XX,370,370,363.85,364,367.55,5,40.26,22000,0,17-JUN-2020,
FUTSTK,CADILAHC,27-Aug-2020,0,XX,367.7,367.7,367.7,367.7,367.7,1,8.08,24200,2200,18-JUN-2020,
FUTSTK,CADILAHC,27-Aug-2020,0,XX,368.45,368.45,361.95,361.95,364.95,2,16.06,24200,0,19-JUN-2020,
FUTSTK,CADILAHC,27-Aug-2020,0,XX,365.6,365.6,360.5,361,363.45,3,23.91,30800,6600,22-JUN-2020,
FUTSTK,CADILAHC,27-Aug-2020,0,XX,371.85,371.85,368,368.95,368.95,3,24.39,33000,2200,23-JUN-2020,
FUTSTK,CADILAHC,27-Aug-2020,0,XX,370,370,364.3,364.3,364.3,5,40.31,44000,11000,24-JUN-2020,
FUTSTK,CADILAHC,27-Aug-2020,0,XX,364.85,366.45,364.85,365.95,366.05,4,32.2,46200,2200,25-JUN-2020,
FUTSTK,CADILAHC,24-Sep-2020,0,XX,0,0,0,367.65,367.7,0,0,0,0,26-JUN-2020,
FUTSTK,CADILAHC,24-Sep-2020,0,XX,0,0,0,367.65,370.45,0,0,0,0,29-JUN-2020,
FUTSTK,CADILAHC,24-Sep-2020,0,XX,0,0,0,367.65,356.65,0,0,0,0,30-JUN-2020,
FUTSTK,CADILAHC,24-Sep-2020,0,XX,0,0,0,367.65,352.15,0,0,0,0,01-JUL-2020,
FUTSTK,CADILAHC,24-Sep-2020,0,XX,0,0,0,367.65,366.7,0,0,0,0,02-JUL-2020,
FUTSTK,CADILAHC,24-Sep-2020,0,XX,0,0,0,367.65,369.9,0,0,0,0,03-JUL-2020,
FUTSTK,CADILAHC,24-Sep-2020,0,XX,0,0,0,367.65,366.3,0,0,0,0,06-JUL-2020,
FUTSTK,CADILAHC,24-Sep-2020,0,XX,0,0,0,367.65,365.2,0,0,0,0,07-JUL-2020,
FUTSTK,CADILAHC,24-Sep-2020,0,XX,0,0,0,367.65,363,0,0,0,0,08-JUL-2020,
FUTSTK,CADILAHC,24-Sep-2020,0,XX,0,0,0,367.65,359.25,0,0,0,0,09-JUL-2020,
FUTSTK,CADILAHC,24-Sep-2020,0,XX,0,0,0,367.65,359.55,0,0,0,0,10-JUL-2020,
FUTSTK,CADILAHC,24-Sep-2020,0,XX,0,0,0,367.65,361.15,0,0,0,0,13-JUL-2020,
FUTSTK,CADILAHC,24-Sep-2020,0,XX,355.95,355.95,355.95,355.95,356.8,3,23.49,6600,6600,14-JUL-2020,
FUTSTK,CADILAHC,24-Sep-2020,0,XX,0,0,0,355.95,357.5,0,0,6600,0,15-JUL-2020,
FUTSTK,CADILAHC,24-Sep-2020,0,XX,358.45,361,358.45,361,363.85,2,15.82,8800,2200,16-JUL-2020,
FUTSTK,CADILAHC,24-Sep-2020,0,XX,368.5,375.5,368.5,375.5,380.45,7,57.35,15400,6600,17-JUL-2020,
FUTSTK,CADILAHC,24-Sep-2020,0,XX,383,383,377,377.65,377.2,10,83.35,22000,6600,20-JUL-2020,
FUTSTK,CADILAHC,24-Sep-2020,0,XX,375.35,375.35,367.85,367.85,367.6,4,32.59,24200,2200,21-JUL-2020,
FUTSTK,CADILAHC,24-Sep-2020,0,XX,367,370,367,369.7,369.7,3,24.34,24200,0,22-JUL-2020,
FUTSTK,CADILAHC,24-Sep-2020,0,XX,372,373.3,372,373.3,372.65,2,16.39,22000,-2200,23-JUL-2020,
FUTSTK,CADILAHC,24-Sep-2020,0,XX,373,373,365,365,365,5,40.56,28600,6600,24-JUL-2020,
FUTSTK,CADILAHC,24-Sep-2020,0,XX,353,355.5,353,355.25,359.05,8,62.45,41800,13200,27-JUL-2020,
FUTSTK,CADILAHC,24-Sep-2020,0,XX,358.75,360.1,358.75,359.7,359.7,14,110.72,35200,-6600,28-JUL-2020,
FUTSTK,CADILAHC,24-Sep-2020,0,XX,360.8,363.05,360.7,363.05,363.15,9,71.59,41800,6600,29-JUL-2020,
FUTSTK,CADILAHC,24-Sep-2020,0,XX,364.45,369.5,364.45,367.8,367.8,17,137.42,55000,13200,30-JUL-2020,
FUTSTK,CADILAHC,29-Oct-2020,0,XX,0,0,0,369.9,392.5,0,0,0,0,31-JUL-2020,
FUTSTK,CADILAHC,29-Oct-2020,0,XX,0,0,0,369.9,398.65,0,0,0,0,03-AUG-2020,
FUTSTK,CADILAHC,29-Oct-2020,0,XX,0,0,0,369.9,407.7,0,0,0,0,04-AUG-2020,
FUTSTK,CADILAHC,29-Oct-2020,0,XX,0,0,0,369.9,400,0,0,0,0,05-AUG-2020,
FUTSTK,CADILAHC,29-Oct-2020,0,XX,0,0,0,369.9,392.6,0,0,0,0,06-AUG-2020,
FUTSTK,CADILAHC,29-Oct-2020,0,XX,0,0,0,369.9,394.7,0,0,0,0,07-AUG-2020,
FUTSTK,CADILAHC,29-Oct-2020,0,XX,409.45,409.65,409.45,409.65,408.95,2,18.02,4400,4400,10-AUG-2020,
FUTSTK,CADILAHC,29-Oct-2020,0,XX,398.85,398.85,398.85,398.85,398.4,1,8.77,6600,2200,11-AUG-2020,
FUTSTK,CADILAHC,29-Oct-2020,0,XX,394.3,394.3,390.65,390.65,388.7,3,25.86,6600,0,12-AUG-2020,
FUTSTK,CADILAHC,29-Oct-2020,0,XX,389.8,389.8,389,389,389.85,3,25.7,8800,2200,13-AUG-2020,
FUTSTK,CADILAHC,29-Oct-2020,0,XX,403,403,403,403,398.95,1,8.86,11000,2200,14-AUG-2020,
FUTSTK,CADILAHC,29-Oct-2020,0,XX,399.5,400.3,399,400.3,400.3,4,35.15,11000,0,17-AUG-2020,
FUTSTK,CADILAHC,29-Oct-2020,0,XX,400.3,400.3,400.3,400.3,400.35,1,8.8,11000,0,18-AUG-2020,
FUTSTK,CADILAHC,29-Oct-2020,0,XX,408.6,408.6,399.9,399.9,399.9,3,26.69,17600,6600,19-AUG-2020,
FUTSTK,CADILAHC,29-Oct-2020,0,XX,402,402,401,401,401.7,2,17.66,22000,4400,20-AUG-2020,
FUTSTK,CADILAHC,29-Oct-2020,0,XX,405.05,405.1,401.15,401.15,403.9,5,44.39,24200,2200,21-AUG-2020,
FUTSTK,CADILAHC,29-Oct-2020,0,XX,401.45,401.45,396.2,396.2,398.15,4,35.07,33000,8800,24-AUG-2020,
FUTSTK,CADILAHC,29-Oct-2020,0,XX,391.5,392.3,390.6,390.9,390.9,5,43.03,33000,0,25-AUG-2020,
FUTSTK,CADILAHC,29-Oct-2020,0,XX,389,394,389,393.5,391.55,5,43.1,37400,4400,26-AUG-2020,
FUTSTK,CADILAHC,29-Oct-2020,0,XX,396.2,397.05,391,391,391.95,8,69.38,46200,8800,27-AUG-2020,
FUTSTK,CADILAHC,26-Nov-2020,0,XX,0,0,0,393.3,392.95,0,0,0,0,28-AUG-2020,
FUTSTK,CADILAHC,26-Nov-2020,0,XX,394.7,394.7,374,374.65,374.65,10,83.46,13200,13200,31-AUG-2020,
FUTSTK,CADILAHC,26-Nov-2020,0,XX,378.1,383,378.1,383,383,3,25.06,13200,0,01-SEP-2020,
FUTSTK,CADILAHC,26-Nov-2020,0,XX,0,0,0,383,385.8,0,0,13200,0,02-SEP-2020,
FUTSTK,CADILAHC,26-Nov-2020,0,XX,0,0,0,383,390.85,0,0,13200,0,03-SEP-2020,
FUTSTK,CADILAHC,26-Nov-2020,0,XX,0,0,0,383,380.8,0,0,13200,0,04-SEP-2020,
FUTSTK,CADILAHC,26-Nov-2020,0,XX,374.35,374.35,374.35,374.35,374.35,1,8.23,15400,2200,07-SEP-2020,
FUTSTK,CADILAHC,26-Nov-2020,0,XX,374.35,374.35,369,369,367.95,2,16.35,19800,4400,08-SEP-2020,
FUTSTK,CADILAHC,26-Nov-2020,0,XX,0,0,0,369,374,0,0,19800,0,09-SEP-2020,
FUTSTK,CADILAHC,26-Nov-2020,0,XX,0,0,0,369,367.05,0,0,19800,0,10-SEP-2020,
FUTSTK,CADILAHC,26-Nov-2020,0,XX,365,367.7,364.1,367.7,373.3,5,40.23,26400,6600,11-SEP-2020,
FUTSTK,CADILAHC,26-Nov-2020,0,XX,370,372.6,368.1,372.6,371.7,7,57.04,33000,6600,14-SEP-2020,
FUTSTK,CADILAHC,26-Nov-2020,0,XX,371.7,381,371.7,381,378.2,6,49.97,35200,2200,15-SEP-2020,
FUTSTK,CADILAHC,26-Nov-2020,0,XX,382.35,389.45,379,389.45,389.45,6,50.56,30800,-4400,16-SEP-2020,
FUTSTK,CADILAHC,26-Nov-2020,0,XX,389.55,396,389.45,393,393,6,51.84,30800,0,17-SEP-2020,
FUTSTK,CADILAHC,26-Nov-2020,0,XX,406.55,422,406.55,414.15,414.15,24,220.34,46200,15400,18-SEP-2020,
FUTSTK,CADILAHC,26-Nov-2020,0,XX,419,419,409.2,409.2,399.15,7,63.85,41800,-4400,21-SEP-2020,
FUTSTK,CADILAHC,26-Nov-2020,0,XX,391,398.35,391,397,397,11,95.66,48400,6600,22-SEP-2020,
FUTSTK,CADILAHC,26-Nov-2020,0,XX,396.05,397.9,383.8,386.8,386.8,15,128.32,48400,0,23-SEP-2020,
FUTSTK,CADILAHC,26-Nov-2020,0,XX,381.6,386.75,377.95,378.85,378.85,15,125.97,61600,13200,24-SEP-2020,
FUTSTK,CADILAHC,31-Dec-2020,0,XX,0,0,0,380.35,389.9,0,0,0,0,25-SEP-2020,
FUTSTK,CADILAHC,31-Dec-2020,0,XX,0,0,0,380.35,394.9,0,0,0,0,28-SEP-2020,
FUTSTK,CADILAHC,31-Dec-2020,0,XX,0,0,0,380.35,392,0,0,0,0,29-SEP-2020,
FUTSTK,CADILAHC,31-Dec-2020,0,XX,391,403.15,391,400.1,400.1,3,26.27,2200,2200,30-SEP-2020,
FUTSTK,CADILAHC,31-Dec-2020,0,XX,398.5,405,398.5,405,402.5,3,26.52,4400,2200,01-OCT-2020,
FUTSTK,CADILAHC,31-Dec-2020,0,XX,415.55,421.7,413.65,420.2,420.2,4,36.73,6600,2200,05-OCT-2020,
FUTSTK,CADILAHC,31-Dec-2020,0,XX,418.9,425.9,417,417,419.55,5,46.25,11000,4400,06-OCT-2020,
FUTSTK,CADILAHC,31-Dec-2020,0,XX,414,414.95,409.8,414.95,416.95,5,45.4,11000,0,07-OCT-2020,
FUTSTK,CADILAHC,31-Dec-2020,0,XX,424.8,439.6,424.8,439.05,439.05,9,86.13,13200,2200,08-OCT-2020,
FUTSTK,CADILAHC,31-Dec-2020,0,XX,442,442,442,442,442,1,9.72,15400,2200,09-OCT-2020,
FUTSTK,CADILAHC,31-Dec-2020,0,XX,442,444.85,439.5,444,444,4,38.94,13200,-2200,12-OCT-2020,
FUTSTK,CADILAHC,31-Dec-2020,0,XX,437.6,437.6,437.6,437.6,434.05,1,9.62,15400,2200,13-OCT-2020,
FUTSTK,CADILAHC,31-Dec-2020,0,XX,430.35,431.25,430.35,431.25,434.5,3,28.42,17600,2200,14-OCT-2020,
FUTSTK,CADILAHC,31-Dec-2020,0,XX,435.1,435.1,421.95,421.95,419.65,2,18.85,19800,2200,15-OCT-2020,
FUTSTK,CADILAHC,31-Dec-2020,0,XX,0,0,0,421.95,434.25,0,0,19800,0,16-OCT-2020,
FUTSTK,CADILAHC,31-Dec-2020,0,XX,0,0,0,421.95,426.3,0,0,19800,0,19-OCT-2020,
FUTSTK,CADILAHC,31-Dec-2020,0,XX,429.55,429.55,427.1,427.75,431.8,3,28.25,22000,2200,20-OCT-2020,
FUTSTK,CADILAHC,31-Dec-2020,0,XX,0,0,0,427.75,429.9,0,0,22000,0,21-OCT-2020,
FUTSTK,CADILAHC,31-Dec-2020,0,XX,0,0,0,427.75,429.15,0,0,22000,0,22-OCT-2020,
FUTSTK,CADILAHC,31-Dec-2020,0,XX,429.45,429.45,429.45,429.45,427.7,2,18.89,19800,-2200,23-OCT-2020,
FUTSTK,CADILAHC,31-Dec-2020,0,XX,426.3,426.3,420.5,420.5,422.1,5,46.56,17600,-2200,26-OCT-2020,
FUTSTK,CADILAHC,31-Dec-2020,0,XX,422.1,425.5,421.55,425.5,425.5,11,102.46,26400,8800,27-OCT-2020,
FUTSTK,CADILAHC,31-Dec-2020,0,XX,425.5,425.65,422.5,422.5,421.65,5,46.7,33000,6600,28-OCT-2020,
FUTSTK,CADILAHC,31-Dec-2020,0,XX,421.5,421.5,412.3,412.3,414.2,9,82.61,39600,6600,29-OCT-2020,
FUTSTK,CADILAHC,28-Jan-2021,0,XX,0,0,0,415.05,422.1,0,0,0,0,30-OCT-2020,
FUTSTK,CADILAHC,28-Jan-2021,0,XX,0,0,0,415.05,414.85,0,0,0,0,02-NOV-2020,
FUTSTK,CADILAHC,28-Jan-2021,0,XX,441,441,440.4,440.4,440.4,2,19.39,4400,4400,03-NOV-2020,
FUTSTK,CADILAHC,28-Jan-2021,0,XX,439,439,439,439,443.65,1,9.65,6600,2200,04-NOV-2020,
FUTSTK,CADILAHC,28-Jan-2021,0,XX,444,448.4,441.85,447.15,447.15,5,48.95,8800,2200,05-NOV-2020,
FUTSTK,CADILAHC,28-Jan-2021,0,XX,447.15,447.15,435.45,435.7,435.7,9,87.14,8800,0,06-NOV-2020,
FUTSTK,CADILAHC,28-Jan-2021,0,XX,440,440,433.2,433.2,441.65,3,28.85,11000,2200,09-NOV-2020,
FUTSTK,CADILAHC,28-Jan-2021,0,XX,431.55,431.55,409.8,409.8,413.2,3,27.72,15400,4400,10-NOV-2020,
FUTSTK,CADILAHC,28-Jan-2021,0,XX,418.35,420.2,418.05,420.2,420.25,6,55.34,22000,6600,11-NOV-2020,
FUTSTK,CADILAHC,28-Jan-2021,0,XX,425.25,432.7,425.25,430,430,6,56.66,28600,6600,12-NOV-2020,
FUTSTK,CADILAHC,28-Jan-2021,0,XX,433.5,433.5,433.5,433.5,429.4,1,9.53,28600,0,13-NOV-2020,
FUTSTK,CADILAHC,28-Jan-2021,0,XX,433.2,433.2,433.2,433.2,433.45,1,9.53,26400,-2200,17-NOV-2020,
FUTSTK,CADILAHC,28-Jan-2021,0,XX,431.1,433.7,431.1,433.7,433.7,2,19.02,26400,0,18-NOV-2020,
FUTSTK,CADILAHC,28-Jan-2021,0,XX,438.6,438.6,433.4,433.4,434.2,4,38.32,35200,8800,19-NOV-2020,
FUTSTK,CADILAHC,28-Jan-2021,0,XX,432.05,433.5,432.05,433.5,429.25,2,19.04,35200,0,20-NOV-2020,
FUTSTK,CADILAHC,28-Jan-2021,0,XX,429.25,440.6,429.25,436,436,10,96,44000,8800,23-NOV-2020,
FUTSTK,CADILAHC,28-Jan-2021,0,XX,434.15,434.15,429,434,434,6,57.12,48400,4400,24-NOV-2020,
FUTSTK,CADILAHC,28-Jan-2021,0,XX,433,433,422.15,422.95,422.95,6,56.5,50600,2200,25-NOV-2020,
FUTSTK,CADILAHC,28-Jan-2021,0,XX,425.65,428,423,426.5,426.5,27,252.74,88000,37400,26-NOV-2020,
FUTSTK,CADILAHC,25-Feb-2021,0,XX,0,0,0,426.2,454.85,0,0,0,0,27-NOV-2020,
FUTSTK,CADILAHC,25-Feb-2021,0,XX,0,0,0,426.2,458.2,0,0,0,0,01-DEC-2020,
FUTSTK,CADILAHC,25-Feb-2021,0,XX,0,0,0,426.2,455.3,0,0,0,0,02-DEC-2020,
FUTSTK,CADILAHC,25-Feb-2021,0,XX,464.35,464.35,464.35,464.35,467.5,1,10.21,2200,2200,03-DEC-2020,
FUTSTK,CADILAHC,25-Feb-2021,0,XX,467.5,479.2,467.5,476,475.6,9,93.51,17600,15400,04-DEC-2020,
FUTSTK,CADILAHC,25-Feb-2021,0,XX,475.6,483.9,475.6,480.5,476.4,5,52.7,22000,4400,07-DEC-2020,
FUTSTK,CADILAHC,25-Feb-2021,0,XX,0,0,0,480.5,469.35,0,0,22000,0,08-DEC-2020,
FUTSTK,CADILAHC,25-Feb-2021,0,XX,469.1,477.3,469.1,477.3,472.2,2,20.82,24200,2200,09-DEC-2020,
FUTSTK,CADILAHC,25-Feb-2021,0,XX,478.4,478.4,478.4,478.4,473.8,1,10.52,26400,2200,10-DEC-2020,
FUTSTK,CADILAHC,25-Feb-2021,0,XX,471.3,471.3,471.3,471.3,470.8,2,20.73,30800,4400,11-DEC-2020,
FUTSTK,CADILAHC,25-Feb-2021,0,XX,475,475,472.1,472.1,473.85,2,20.83,30800,0,14-DEC-2020,
FUTSTK,CADILAHC,25-Feb-2021,0,XX,475.4,480,471,471,471,3,31.38,33000,2200,15-DEC-2020,
FUTSTK,CADILAHC,25-Feb-2021,0,XX,473.4,477,471,477,472.9,5,52.12,33000,0,16-DEC-2020,
FUTSTK,CADILAHC,25-Feb-2021,0,XX,484.9,485.8,480,480,478.95,5,53.25,41800,8800,17-DEC-2020,
FUTSTK,CADILAHC,25-Feb-2021,0,XX,0,0,0,480,480.45,0,0,41800,0,18-DEC-2020,
FUTSTK,CADILAHC,25-Feb-2021,0,XX,483.65,487.4,435.45,459.6,459.6,16,167.42,55000,13200,21-DEC-2020,
FUTSTK,CADILAHC,25-Feb-2021,0,XX,459.2,471.9,446.15,471.9,472.6,14,141.21,59400,4400,22-DEC-2020,
FUTSTK,CADILAHC,25-Feb-2021,0,XX,481,482.5,481,482.15,478.55,5,53.01,57200,-2200,23-DEC-2020,
FUTSTK,CADILAHC,25-Feb-2021,0,XX,483,495.95,479,495.6,495.6,12,128.3,55000,-2200,24-DEC-2020,
FUTSTK,CADILAHC,25-Feb-2021,0,XX,499.4,499.8,490,491.4,491.4,16,174.31,77000,22000,28-DEC-2020,
FUTSTK,CADILAHC,25-Feb-2021,0,XX,492.6,492.6,483,483.7,483.7,16,171.64,99000,22000,29-DEC-2020,
FUTSTK,CADILAHC,25-Feb-2021,0,XX,482.15,483,482.15,483,482.55,3,31.84,101200,2200,30-DEC-2020,
FUTSTK,CADILAHC,25-Feb-2021,0,XX,483.65,490,479.7,481.05,481.05,24,255.46,121000,19800,31-DEC-2020,
FUTSTK,CADILAHC,25-Mar-2021,0,XX,484.35,484.35,484.35,484.35,483.05,1,10.65,2200,2200,01-JAN-2021,
FUTSTK,CADILAHC,25-Mar-2021,0,XX,493.75,493.75,485,488.6,490.95,7,75.27,15400,13200,04-JAN-2021,
FUTSTK,CADILAHC,25-Mar-2021,0,XX,489.65,489.65,489.65,489.65,490.35,1,10.77,17600,2200,05-JAN-2021,
FUTSTK,CADILAHC,25-Mar-2021,0,XX,488.7,488.7,488.15,488.15,486,2,21.49,22000,4400,06-JAN-2021,
FUTSTK,CADILAHC,25-Mar-2021,0,XX,487,488.65,486.3,486.3,486.3,3,32.16,24200,2200,07-JAN-2021,
FUTSTK,CADILAHC,25-Mar-2021,0,XX,488.3,492.7,488.3,491,489.45,3,32.38,19800,-4400,08-JAN-2021,
FUTSTK,CADILAHC,25-Mar-2021,0,XX,490.05,499.8,487.8,498.6,497.9,13,141.45,30800,11000,11-JAN-2021,
FUTSTK,CADILAHC,25-Mar-2021,0,XX,499.9,499.9,495,495.5,495.5,6,65.49,39600,8800,12-JAN-2021,
FUTSTK,CADILAHC,25-Mar-2021,0,XX,494.65,497.4,487,489.8,491.1,16,173.42,50600,11000,13-JAN-2021,
FUTSTK,CADILAHC,25-Mar-2021,0,XX,491,508.85,491,508.85,508.85,9,98.97,46200,-4400,14-JAN-2021,
FUTSTK,CADILAHC,25-Mar-2021,0,XX,505.5,505.5,490,491,491.75,15,164.6,59400,13200,15-JAN-2021,
FUTSTK,CADILAHC,25-Mar-2021,0,XX,490,490,474,476,476,18,190.94,90200,30800,18-JAN-2021,
FUTSTK,CADILAHC,25-Mar-2021,0,XX,480.15,490.4,479.95,490.4,490.4,28,298.15,85800,-4400,19-JAN-2021,
FUTSTK,CADILAHC,25-Mar-2021,0,XX,490.15,490.3,488,489.8,489.8,8,86.14,88000,2200,20-JAN-2021,
FUTSTK,CADILAHC,25-Mar-2021,0,XX,487,487,472.1,473.05,473.05,17,178.66,105600,17600,21-JAN-2021,
FUTSTK,CADILAHC,25-Mar-2021,0,XX,473.65,473.65,460.1,466.4,463.85,17,175.36,123200,17600,22-JAN-2021,
FUTSTK,CADILAHC,25-Mar-2021,0,XX,463.85,474.5,463.85,474.5,470.55,15,154.91,145200,22000,25-JAN-2021,
FUTSTK,CADILAHC,25-Mar-2021,0,XX,466.8,473.9,463.2,463.2,463.2,12,123.58,158400,13200,27-JAN-2021,
FUTSTK,CADILAHC,25-Mar-2021,0,XX,458.1,469.8,456,465.25,465.25,27,275.26,171600,13200,28-JAN-2021,
FUTSTK,CADILAHC,29-Apr-2021,0,XX,0,0,0,466.65,456.25,0,0,0,0,29-JAN-2021,
FUTSTK,CADILAHC,29-Apr-2021,0,XX,0,0,0,466.65,460.45,0,0,0,0,01-FEB-2021,
FUTSTK,CADILAHC,29-Apr-2021,0,XX,464,464,461.85,461.95,471.9,4,40.69,6600,6600,02-FEB-2021,
FUTSTK,CADILAHC,29-Apr-2021,0,XX,482.95,486.6,481.15,481.6,481.6,5,53.22,17600,11000,03-FEB-2021,
FUTSTK,CADILAHC,29-Apr-2021,0,XX,481.6,484,480.9,481.75,483.9,8,84.8,19800,2200,04-FEB-2021,
FUTSTK,CADILAHC,29-Apr-2021,0,XX,484,492.5,478.25,481.35,481.35,15,160.12,26400,6600,05-FEB-2021,
FUTSTK,CADILAHC,29-Apr-2021,0,XX,481,481,481,481,477.9,1,10.58,28600,2200,08-FEB-2021,
FUTSTK,CADILAHC,29-Apr-2021,0,XX,477.9,477.9,473.2,477,472.1,8,83.83,33000,4400,09-FEB-2021,
FUTSTK,CADILAHC,29-Apr-2021,0,XX,0,0,0,477,473.6,0,0,33000,0,10-FEB-2021,
FUTSTK,CADILAHC,29-Apr-2021,0,XX,469.4,472,469.4,472,475.1,3,31.09,35200,2200,11-FEB-2021,
FUTSTK,CADILAHC,29-Apr-2021,0,XX,480,480,472.4,472.7,472.7,5,52.33,44000,8800,12-FEB-2021,
FUTSTK,CADILAHC,29-Apr-2021,0,XX,0,0,0,472.7,470.95,0,0,44000,0,15-FEB-2021,
FUTSTK,CADILAHC,29-Apr-2021,0,XX,469.7,478.8,469.7,473.55,473.55,5,52.06,46200,2200,16-FEB-2021,
FUTSTK,CADILAHC,29-Apr-2021,0,XX,474.35,474.35,471.05,471.05,467.6,3,31.16,48400,2200,17-FEB-2021,
FUTSTK,CADILAHC,29-Apr-2021,0,XX,470.3,470.3,470.3,470.3,471.5,1,10.34,48400,0,18-FEB-2021,
FUTSTK,CADILAHC,29-Apr-2021,0,XX,467.05,467.95,453,456.4,456.4,18,181.13,85800,37400,19-FEB-2021,
FUTSTK,CADILAHC,29-Apr-2021,0,XX,451,451,440.45,442,442,17,166.42,105600,19800,22-FEB-2021,
FUTSTK,CADILAHC,29-Apr-2021,0,XX,438.6,439,427.45,435.7,435.7,28,266.83,145200,39600,23-FEB-2021,
FUTSTK,CADILAHC,29-Apr-2021,0,XX,435.7,437,435.15,437,437,15,143.94,162800,17600,24-FEB-2021,
FUTSTK,CADILAHC,29-Apr-2021,0,XX,443.65,447.35,440.35,441.7,441.7,40,390.57,198000,35200,25-FEB-2021,
FUTSTK,CADILAHC,27-May-2021,0,XX,0,0,0,442.2,439.8,0,0,0,0,26-FEB-2021,
FUTSTK,CADILAHC,27-May-2021,0,XX,439.2,439.2,439.2,439.2,439.2,5,48.31,11000,11000,01-MAR-2021,
FUTSTK,CADILAHC,27-May-2021,0,XX,0,0,0,439.2,445.15,0,0,11000,0,02-MAR-2021,
FUTSTK,CADILAHC,27-May-2021,0,XX,449.5,450,449.5,450,449.5,2,19.78,15400,4400,03-MAR-2021,
FUTSTK,CADILAHC,27-May-2021,0,XX,450.3,457.75,450.3,457,452.95,8,79.92,22000,6600,04-MAR-2021,
FUTSTK,CADILAHC,27-May-2021,0,XX,453.5,453.5,451.05,451.05,446.05,3,29.86,22000,0,05-MAR-2021,
FUTSTK,CADILAHC,27-May-2021,0,XX,454.3,456,451.95,451.95,451.95,7,69.98,33000,11000,08-MAR-2021,
FUTSTK,CADILAHC,27-May-2021,0,XX,452.5,452.85,450.5,451,451,6,59.61,37400,4400,09-MAR-2021,
FUTSTK,CADILAHC,27-May-2021,0,XX,451,456,451,456,452.05,5,49.83,37400,0,10-MAR-2021,
FUTSTK,CADILAHC,27-May-2021,0,XX,454,454,449,449,449,3,29.81,35200,-2200,12-MAR-2021,
FUTSTK,CADILAHC,27-May-2021,0,XX,440.1,447.75,437,447.75,443.3,5,48.72,33000,-2200,15-MAR-2021,
FUTSTK,CADILAHC,27-May-2021,0,XX,444.8,444.8,443,444.25,443.25,3,29.3,39600,6600,16-MAR-2021,
FUTSTK,CADILAHC,27-May-2021,0,XX,439,439,439,439,432.3,1,9.65,39600,0,17-MAR-2021,
FUTSTK,CADILAHC,27-May-2021,0,XX,434.85,434.85,427,427.65,427.65,11,104.48,48400,8800,18-MAR-2021,
FUTSTK,CADILAHC,27-May-2021,0,XX,427.5,430.8,425.7,430.15,430.15,8,75.35,57200,8800,19-MAR-2021,
FUTSTK,CADILAHC,27-May-2021,0,XX,435.45,442.6,434.9,436.9,436.9,30,290.03,101200,44000,22-MAR-2021,
FUTSTK,CADILAHC,27-May-2021,0,XX,437.7,439.15,435.75,437,437,10,96.25,110000,8800,23-MAR-2021,
FUTSTK,CADILAHC,27-May-2021,0,XX,439.5,439.8,433.1,436.3,436.3,25,240.42,136400,26400,24-MAR-2021,
FUTSTK,CADILAHC,27-May-2021,0,XX,434.3,434.3,424.15,425.55,425.55,33,310.63,169400,33000,25-MAR-2021,
FUTSTK,CADILAHC,24-Jun-2021,0,XX,0,0,0,424.15,424.1,0,0,0,0,26-MAR-2021,
FUTSTK,CADILAHC,24-Jun-2021,0,XX,0,0,0,424.15,438.40,0,0,0,0,30-Mar-2021
FUTSTK,CADILAHC,24-Jun-2021,0,XX,0,0,0,424.15,444.8,0,0,0,0,31-MAR-2021,
FUTSTK,CADILAHC,24-Jun-2021,0,XX,0,0,0,424.15,445.65,0,0,0,0,01-APR-2021,
FUTSTK,CADILAHC,24-Jun-2021,0,XX,0,0,0,424.15,443.6,0,0,0,0,05-APR-2021,
FUTSTK,CADILAHC,24-Jun-2021,0,XX,0,0,0,424.15,460.25,0,0,0,0,06-APR-2021,
FUTSTK,CADILAHC,24-Jun-2021,0,XX,465.2,467.5,461.6,467.5,465.4,3,30.67,2200,2200,07-APR-2021,
FUTSTK,CADILAHC,24-Jun-2021,0,XX,477,477,477,477,474.45,1,10.49,4400,2200,08-APR-2021,
FUTSTK,CADILAHC,24-Jun-2021,0,XX,490,521.65,490,519.85,519.85,11,122.5,11000,6600,09-APR-2021,
FUTSTK,CADILAHC,24-Jun-2021,0,XX,525.65,535.7,510,510.5,510.5,17,194.71,30800,19800,12-APR-2021,
FUTSTK,CADILAHC,24-Jun-2021,0,XX,514.45,514.45,511.95,511.95,493.5,2,22.58,30800,0,13-APR-2021,
FUTSTK,CADILAHC,24-Jun-2021,0,XX,493.5,506,493.5,506,508.3,2,21.98,33000,2200,15-APR-2021,
FUTSTK,CADILAHC,24-Jun-2021,0,XX,509,535.5,509,531.9,531.9,14,162.36,28600,-4400,16-APR-2021,
FUTSTK,CADILAHC,24-Jun-2021,0,XX,537.15,538,524.1,534.2,530.75,15,175.81,39600,11000,19-APR-2021,
FUTSTK,CADILAHC,24-Jun-2021,0,XX,541.3,571.5,538.05,559.85,559.85,33,400.64,52800,13200,20-APR-2021,
FUTSTK,CADILAHC,24-Jun-2021,0,XX,573.5,575.1,547.8,556.05,556.05,31,384.21,92400,39600,22-APR-2021,
FUTSTK,CADILAHC,24-Jun-2021,0,XX,556,581.85,547,576.85,576.85,53,660.45,96800,4400,23-APR-2021,
FUTSTK,CADILAHC,24-Jun-2021,0,XX,589.75,595,570,572.9,572.9,84,1075.43,169400,72600,26-APR-2021,
FUTSTK,CADILAHC,24-Jun-2021,0,XX,573.2,574,561.5,568.6,568.6,59,736.77,202400,33000,27-APR-2021,
FUTSTK,CADILAHC,24-Jun-2021,0,XX,569.25,577.9,564,569.2,569.2,42,527.41,237600,35200,28-APR-2021,
FUTSTK,CADILAHC,24-Jun-2021,0,XX,566.7,574.65,563.85,567.5,567.5,64,801.4,275000,37400,29-APR-2021,
FUTSTK,CADILAHC,29-Jul-2021,0,XX,0,0,0,566.85,576.5,0,0,0,0,30-APR-2021,
FUTSTK,CADILAHC,29-Jul-2021,0,XX,579.45,590,579.45,587.4,587.4,4,51.51,4400,4400,03-MAY-2021,
FUTSTK,CADILAHC,29-Jul-2021,0,XX,590.75,590.75,574.25,575.55,575.55,9,114.97,13200,8800,04-MAY-2021,
FUTSTK,CADILAHC,29-Jul-2021,0,XX,578.85,612.5,572.5,608.75,608.75,23,300.06,26400,13200,05-MAY-2021,
FUTSTK,CADILAHC,29-Jul-2021,0,XX,610.85,611.15,600.05,605.35,605.35,19,252.68,46200,19800,06-MAY-2021,
FUTSTK,CADILAHC,29-Jul-2021,0,XX,609.1,617,608.2,609.1,609.1,13,174.87,50600,4400,07-MAY-2021,
FUTSTK,CADILAHC,29-Jul-2021,0,XX,612,633.75,612,631.85,631.85,43,594.51,99000,48400,10-MAY-2021,
FUTSTK,CADILAHC,29-Jul-2021,0,XX,635.65,636.65,629.25,635.55,635.55,26,362.61,114400,15400,11-MAY-2021,
FUTSTK,CADILAHC,29-Jul-2021,0,XX,638.5,667,638.5,654.05,654.05,50,720.48,149600,35200,12-MAY-2021,
FUTSTK,CADILAHC,29-Jul-2021,0,XX,622.55,634,622.55,623.9,622,6,82.73,136400,-13200,14-MAY-2021,
FUTSTK,CADILAHC,29-Jul-2021,0,XX,0,0,0,623.9,616,0,0,136400,0,17-MAY-2021,
FUTSTK,CADILAHC,29-Jul-2021,0,XX,0,0,0,623.9,608.9,0,0,136400,0,18-MAY-2021,
FUTSTK,CADILAHC,29-Jul-2021,0,XX,0,0,0,623.9,619.5,0,0,136400,0,19-MAY-2021,
FUTSTK,CADILAHC,29-Jul-2021,0,XX,0,0,0,623.9,620.2,0,0,136400,0,20-MAY-2021,
FUTSTK,CADILAHC,29-Jul-2021,0,XX,616,616,616,616,617.55,1,13.55,134200,-2200,21-MAY-2021,
FUTSTK,CADILAHC,29-Jul-2021,0,XX,625.4,646,624.55,628.2,628.2,52,724.92,198000,63800,24-MAY-2021,
FUTSTK,CADILAHC,29-Jul-2021,0,XX,630,630,627,627.45,627.45,14,193.59,209000,11000,25-MAY-2021,
FUTSTK,CADILAHC,29-Jul-2021,0,XX,628,636.25,627.85,634.05,634.05,23,320.13,237600,28600,26-MAY-2021,
FUTSTK,CADILAHC,29-Jul-2021,0,XX,637.7,641.9,624.15,630.25,630.25,148,2063,310200,72600,27-MAY-2021,
FUTSTK,CADILAHC,26-Aug-2021,0,XX,0,0,0,632.75,627.1,0,0,0,0,28-MAY-2021,
FUTSTK,CADILAHC,26-Aug-2021,0,XX,623.95,625.55,623.95,625.55,623.9,3,41.24,6600,6600,31-MAY-2021,
FUTSTK,CADILAHC,26-Aug-2021,0,XX,0,0,0,625.55,625,0,0,6600,0,01-JUN-2021,
FUTSTK,CADILAHC,26-Aug-2021,0,XX,628.2,641,628.2,634.8,634.8,15,210.79,39600,33000,02-JUN-2021,
FUTSTK,CADILAHC,26-Aug-2021,0,XX,638.75,642,634.95,641.4,641.4,7,98.48,46200,6600,03-JUN-2021,
FUTSTK,CADILAHC,26-Aug-2021,0,XX,650,650,643.4,643.4,643.4,10,142.53,50600,4400,04-JUN-2021,
FUTSTK,CADILAHC,26-Aug-2021,0,XX,646.4,646.4,642.5,643.45,643.45,7,99.19,61600,11000,07-JUN-2021,
FUTSTK,CADILAHC,26-Aug-2021,0,XX,635,641.95,620,641.95,639.2,9,125.31,59400,-2200,08-JUN-2021,
FUTSTK,CADILAHC,26-Aug-2021,0,XX,650.9,650.9,636.3,640.05,640.05,6,85.12,59400,0,09-JUN-2021,
FUTSTK,CADILAHC,26-Aug-2021,0,XX,647.65,661.8,647.65,658.35,658.35,15,216.79,72600,13200,10-JUN-2021,
FUTSTK,CADILAHC,26-Aug-2021,0,XX,659.4,675.65,658.65,672.2,672.2,18,263.54,79200,6600,11-JUN-2021,
FUTSTK,CADILAHC,26-Aug-2021,0,XX,662.75,663.3,654,661,661,16,231.95,92400,13200,14-JUN-2021,
FUTSTK,CADILAHC,26-Aug-2021,0,XX,656.35,659.45,652.5,652.65,652.65,7,100.97,96800,4400,15-JUN-2021,
FUTSTK,CADILAHC,26-Aug-2021,0,XX,650.25,650.25,632.5,632.5,632.5,23,324.41,112200,15400,16-JUN-2021,
FUTSTK,CADILAHC,26-Aug-2021,0,XX,628.1,637.95,624.7,625.5,625.5,23,318.57,125400,13200,17-JUN-2021,
FUTSTK,CADILAHC,26-Aug-2021,0,XX,628.2,628.25,613.5,625.15,625.15,23,314.69,138600,13200,18-JUN-2021,
FUTSTK,CADILAHC,26-Aug-2021,0,XX,626,635,626,634.1,634.1,7,97.46,136400,-2200,21-JUN-2021,
FUTSTK,CADILAHC,26-Aug-2021,0,XX,638,638.5,630.95,633.8,633.8,20,278.98,140800,4400,22-JUN-2021,
FUTSTK,CADILAHC,26-Aug-2021,0,XX,635.55,636.95,626.65,626.65,627.75,27,375.6,171600,30800,23-JUN-2021,
FUTSTK,CADILAHC,26-Aug-2021,0,XX,626.75,626.75,619,621.45,621.45,26,355.92,198000,26400,24-JUN-2021,
FUTSTK,CADILAHC,30-Sep-2021,0,XX,624.85,631.85,624.75,630.85,630.35,5,69.17,11000,11000,25-JUN-2021,
FUTSTK,CADILAHC,30-Sep-2021,0,XX,635.3,650.5,634.9,648.65,648.65,16,225.09,39600,28600,28-JUN-2021,
FUTSTK,CADILAHC,30-Sep-2021,0,XX,645.65,650.45,641,646.95,646.95,13,184.41,57200,17600,29-JUN-2021,
FUTSTK,CADILAHC,30-Sep-2021,0,XX,646.95,650,646,650,651.45,3,42.74,63800,6600,30-JUN-2021,
FUTSTK,CADILAHC,30-Sep-2021,0,XX,640,643.2,640,642.6,642.6,7,98.71,70400,6600,01-JUL-2021,
FUTSTK,CADILAHC,30-Sep-2021,0,XX,644.85,647.25,644,645,645,7,99.37,77000,6600,02-JUL-2021,
FUTSTK,CADILAHC,30-Sep-2021,0,XX,647.15,649.35,645.25,647.8,647.8,6,85.43,81400,4400,05-JUL-2021,
FUTSTK,CADILAHC,30-Sep-2021,0,XX,642.9,642.9,639.85,640.9,640.9,6,84.62,85800,4400,06-JUL-2021,
FUTSTK,CADILAHC,30-Sep-2021,0,XX,639.5,643.6,635.1,643.6,643.6,14,197.07,103400,17600,07-JUL-2021,
FUTSTK,CADILAHC,30-Sep-2021,0,XX,640,640,632.85,632.85,638.25,5,69.97,110000,6600,08-JUL-2021,
FUTSTK,CADILAHC,30-Sep-2021,0,XX,637.7,640,637.7,640,646.1,5,70.24,105600,-4400,09-JUL-2021,
FUTSTK,CADILAHC,30-Sep-2021,0,XX,645.4,651.2,645.35,647.95,647.95,20,284.55,134200,28600,12-JUL-2021,
FUTSTK,CADILAHC,30-Sep-2021,0,XX,647.95,653.35,646.25,648.45,651,5,71.46,134200,0,13-JUL-2021,
FUTSTK,CADILAHC,30-Sep-2021,0,XX,647.05,651.9,647,651.9,648.65,4,57.04,134200,0,14-JUL-2021,
FUTSTK,CADILAHC,30-Sep-2021,0,XX,648.9,652,644.65,644.65,645.45,9,128.59,154000,19800,15-JUL-2021,
FUTSTK,CADILAHC,30-Sep-2021,0,XX,648.55,649,644,648.5,648.5,19,270.46,180400,26400,16-JUL-2021,
FUTSTK,CADILAHC,30-Sep-2021,0,XX,652,653,641.9,643.4,643.4,34,482.59,211200,30800,19-JUL-2021,
FUTSTK,CADILAHC,30-Sep-2021,0,XX,616.2,616.2,616.2,616.2,627.2,1,13.55,209000,-2200,20-JUL-2021,
FUTSTK,CADILAHC,30-Sep-2021,0,XX,0,0,0,616.2,624.8,0,0,209000,0,22-JUL-2021,
FUTSTK,CADILAHC,30-Sep-2021,0,XX,0,0,0,616.2,619.7,0,0,209000,0,23-JUL-2021,
FUTSTK,CADILAHC,30-Sep-2021,0,XX,0,0,0,616.2,609.9,0,0,209000,0,26-JUL-2021,
FUTSTK,CADILAHC,30-Sep-2021,0,XX,618.85,624.5,596.2,600.6,600.6,102,1370.98,338800,129800,27-JUL-2021,
FUTSTK,CADILAHC,30-Sep-2021,0,XX,598.65,602.6,580.55,582.95,582.95,100,1296.02,437800,99000,28-JUL-2021,
FUTSTK,CADILAHC,30-Sep-2021,0,XX,585.1,587.6,576.2,577,577,106,1353.04,587400,149600,29-JUL-2021,
FUTSTK,CADILAHC,28-Oct-2021,0,XX,586.4,592.25,585.35,592.25,592.25,3,38.8,6600,6600,30-JUL-2021,
FUTSTK,CADILAHC,28-Oct-2021,0,XX,597.15,599.9,592,599.1,597.25,8,105.12,15400,8800,02-AUG-2021,
FUTSTK,CADILAHC,28-Oct-2021,0,XX,599,600.5,598.5,599.85,599.85,7,92.29,17600,2200,03-AUG-2021,
FUTSTK,CADILAHC,28-Oct-2021,0,XX,599.85,599.85,594.35,594.7,594.7,5,65.54,24200,6600,04-AUG-2021,
FUTSTK,CADILAHC,28-Oct-2021,0,XX,594.45,594.45,594.45,594.45,589.75,1,13.07,24200,0,05-AUG-2021,
FUTSTK,CADILAHC,28-Oct-2021,0,XX,591.6,592.75,591.6,592.75,590.9,3,39.07,24200,0,06-AUG-2021,
FUTSTK,CADILAHC,28-Oct-2021,0,XX,591.15,592.6,590.6,592.6,590.8,6,78.07,28600,4400,09-AUG-2021,
FUTSTK,CADILAHC,28-Oct-2021,0,XX,592.45,592.45,579.6,584.25,584.25,12,154.42,33000,4400,10-AUG-2021,
FUTSTK,CADILAHC,28-Oct-2021,0,XX,578,578,565.9,568.35,568.35,18,226.15,39600,6600,11-AUG-2021,
FUTSTK,CADILAHC,28-Oct-2021,0,XX,561.95,561.95,548.5,548.5,548.4,22,268.98,57200,17600,12-AUG-2021,
FUTSTK,CADILAHC,28-Oct-2021,0,XX,549.35,570,545,564.15,564.15,47,579.96,121000,63800,13-AUG-2021,
FUTSTK,CADILAHC,28-Oct-2021,0,XX,531.35,535,531.35,535,536.1,2,23.45,116600,-4400,16-AUG-2021,
FUTSTK,CADILAHC,28-Oct-2021,0,XX,536.1,536.1,536.1,536.1,534.25,1,11.79,114400,-2200,17-AUG-2021,
FUTSTK,CADILAHC,28-Oct-2021,0,XX,0,0,0,536.1,546.85,0,0,114400,0,18-AUG-2021,
FUTSTK,CADILAHC,28-Oct-2021,0,XX,0,0,0,536.1,538.75,0,0,114400,0,20-AUG-2021,
FUTSTK,CADILAHC,28-Oct-2021,0,XX,577.6,578.7,549,551.1,551.1,142,1741.22,338800,224400,23-AUG-2021,
FUTSTK,CADILAHC,28-Oct-2021,0,XX,551.9,556.15,540,552.4,552.4,77,928.33,433400,94600,24-AUG-2021,
FUTSTK,CADILAHC,28-Oct-2021,0,XX,551.7,554,544.2,546.95,546.95,44,531.42,499400,66000,25-AUG-2021,
FUTSTK,CADILAHC,28-Oct-2021,0,XX,547.05,549.6,542.45,543.75,543.75,84,1009.94,607200,107800,26-AUG-2021,
FUTSTK,CADILAHC,25-Nov-2021,0,XX,554.5,554.5,552.35,552.35,555.75,3,36.53,6600,6600,27-AUG-2021,
FUTSTK,CADILAHC,25-Nov-2021,0,XX,558.2,561.3,554.2,559.1,559.1,13,159.73,26400,19800,30-AUG-2021,
FUTSTK,CADILAHC,25-Nov-2021,0,XX,554.5,561.1,554.5,558.35,558.35,22,270.73,72600,46200,31-AUG-2021,
FUTSTK,CADILAHC,25-Nov-2021,0,XX,560,560,556,558.75,558.75,15,184.07,90200,17600,01-SEP-2021,
FUTSTK,CADILAHC,25-Nov-2021,0,XX,563,564,562.65,562.95,562.95,7,86.75,92400,2200,02-SEP-2021,
FUTSTK,CADILAHC,25-Nov-2021,0,XX,562,565,559,560.4,560.4,20,247.67,114400,22000,03-SEP-2021,
FUTSTK,CADILAHC,25-Nov-2021,0,XX,562.1,563,557.35,562.55,562.55,14,172.85,136400,22000,06-SEP-2021,
FUTSTK,CADILAHC,25-Nov-2021,0,XX,555.55,559.7,555.2,559.7,558.45,4,49.02,140800,4400,07-SEP-2021,
FUTSTK,CADILAHC,25-Nov-2021,0,XX,558.9,562,558.9,561.2,561.2,5,61.6,149600,8800,08-SEP-2021,
FUTSTK,CADILAHC,25-Nov-2021,0,XX,561.65,564.95,558.05,564.05,564.05,22,271.73,147400,-2200,09-SEP-2021,
FUTSTK,CADILAHC,25-Nov-2021,0,XX,564.05,564.05,560,561.65,559.8,8,99.04,154000,6600,13-SEP-2021,
FUTSTK,CADILAHC,25-Nov-2021,0,XX,560.15,569,559.6,566.95,566.95,20,247.73,169400,15400,14-SEP-2021,
FUTSTK,CADILAHC,25-Nov-2021,0,XX,566,574.55,566,570.35,570.35,32,401.2,180400,11000,15-SEP-2021,
FUTSTK,CADILAHC,25-Nov-2021,0,XX,570.35,570.75,567.05,568.65,568.65,11,137.59,184800,4400,16-SEP-2021,
FUTSTK,CADILAHC,25-Nov-2021,0,XX,567,568,558.35,560.1,561.3,22,272.47,204600,19800,17-SEP-2021,
FUTSTK,CADILAHC,25-Nov-2021,0,XX,557.75,558.2,547.85,551.75,551.75,15,183.27,217800,13200,20-SEP-2021,
FUTSTK,CADILAHC,25-Nov-2021,0,XX,545,557.15,539.9,555.95,555.95,33,399.46,237600,19800,21-SEP-2021,
FUTSTK,CADILAHC,25-Nov-2021,0,XX,561,567.95,558,566.55,566.55,42,521.07,264000,26400,22-SEP-2021,
FUTSTK,CADILAHC,25-Nov-2021,0,XX,571,574,569,571.75,571.75,28,352.49,288200,24200,23-SEP-2021,
FUTSTK,CADILAHC,25-Nov-2021,0,XX,572,572,563,566.65,566.65,36,449.71,323400,35200,24-SEP-2021,
FUTSTK,CADILAHC,25-Nov-2021,0,XX,567.85,567.85,558.6,560.75,560.75,97,1197.26,477400,154000,27-SEP-2021,
FUTSTK,CADILAHC,25-Nov-2021,0,XX,552,552,543,548.5,548.5,89,1071.29,605000,127600,28-SEP-2021,
FUTSTK,CADILAHC,25-Nov-2021,0,XX,544.65,560.5,543.3,554,554,83,1011.61,699600,94600,29-SEP-2021,
FUTSTK,CADILAHC,25-Nov-2021,0,XX,553.75,560,550.35,558.3,558.3,101,1236.55,776600,77000,30-SEP-2021,
FUTSTK,CADILAHC,30-Dec-2021,0,XX,553,561.3,552,560.1,560.1,10,122.44,13200,13200,01-OCT-2021,
FUTSTK,CADILAHC,30-Dec-2021,0,XX,565,572,565,568.6,568.6,10,125.14,33000,19800,04-OCT-2021,
FUTSTK,CADILAHC,30-Dec-2021,0,XX,564.35,571.3,562,570.05,570.05,15,186.87,46200,13200,05-OCT-2021,
FUTSTK,CADILAHC,30-Dec-2021,0,XX,566,566,555,555,555.35,17,210.6,77000,30800,06-OCT-2021,
FUTSTK,CADILAHC,30-Dec-2021,0,XX,562.6,562.6,555.9,556.55,556.55,12,147.27,90200,13200,07-OCT-2021,
FUTSTK,CADILAHC,30-Dec-2021,0,XX,557.95,558.5,554.75,554.75,554.65,9,110.26,96800,6600,08-OCT-2021,
FUTSTK,CADILAHC,30-Dec-2021,0,XX,553.7,556.6,553.7,555.25,555.25,6,73.31,103400,6600,11-OCT-2021,
FUTSTK,CADILAHC,30-Dec-2021,0,XX,556.5,560,542.55,547.35,547.35,31,376.42,143000,39600,12-OCT-2021,
FUTSTK,CADILAHC,30-Dec-2021,0,XX,549.7,552.85,547.45,552.65,552.65,24,290.26,178200,35200,13-OCT-2021,
FUTSTK,CADILAHC,30-Dec-2021,0,XX,551.55,558.95,550.85,551.2,551.2,34,415.02,226600,48400,14-OCT-2021,
FUTSTK,CADILAHC,30-Dec-2021,0,XX,556.9,556.9,537.5,540.2,540.2,47,560.74,299200,72600,18-OCT-2021,
FUTSTK,CADILAHC,30-Dec-2021,0,XX,536.35,540.35,532,532.9,532.9,38,448.16,343200,44000,19-OCT-2021,
FUTSTK,CADILAHC,30-Dec-2021,0,XX,525.15,531,520.9,523,523,26,300.28,371800,28600,20-OCT-2021,
FUTSTK,CADILAHC,30-Dec-2021,0,XX,525.75,525.75,512.05,515.7,515.7,21,238.68,387200,15400,21-OCT-2021,
FUTSTK,CADILAHC,30-Dec-2021,0,XX,514.85,523.55,506,508.85,508.85,43,485.74,404800,17600,22-OCT-2021,
FUTSTK,CADILAHC,30-Dec-2021,0,XX,507.35,507.35,496.65,503.9,503.9,47,518.18,407000,2200,25-OCT-2021,
FUTSTK,CADILAHC,30-Dec-2021,0,XX,505.1,513.8,504.5,512.85,512.85,48,535.11,431200,24200,26-OCT-2021,
FUTSTK,CADILAHC,30-Dec-2021,0,XX,515,518.45,513.55,513.55,512.7,31,351.9,466400,35200,27-OCT-2021,
FUTSTK,CADILAHC,30-Dec-2021,0,XX,512.5,512.5,493.8,494.95,494.95,131,1445.86,651200,184800,28-OCT-2021,
FUTSTK,CADILAHC,27-Jan-2022,0,XX,502,511,502,510.2,510.2,5,27.9,4400,4400,29-OCT-2021,
FUTSTK,CADILAHC,27-Jan-2022,0,XX,510,510.6,509.4,509.4,509.4,4,22.44,8800,4400,01-NOV-2021,
FUTSTK,CADILAHC,27-Jan-2022,0,XX,507.5,507.5,496.55,504.35,500.05,13,71.62,13200,4400,02-NOV-2021,
FUTSTK,CADILAHC,27-Jan-2022,0,XX,501,501.15,492.9,494.9,494.9,31,169.61,41800,28600,03-NOV-2021,
FUTSTK,CADILAHC,27-Jan-2022,0,XX,499,501.5,496,501.5,501.5,10,54.85,46200,4400,08-NOV-2021,
FUTSTK,CADILAHC,27-Jan-2022,0,XX,510.75,510.75,501.5,504.45,504.45,26,144.33,58300,12100,09-NOV-2021,
FUTSTK,CADILAHC,27-Jan-2022,0,XX,506,509,506,508.5,508.5,5,27.93,53900,-4400,10-NOV-2021,
FUTSTK,CADILAHC,27-Jan-2022,0,XX,507.65,507.65,497,497,496,8,44.11,62700,8800,11-NOV-2021,
FUTSTK,CADILAHC,27-Jan-2022,0,XX,497.25,501.35,495,499.65,499.65,11,60.14,72600,9900,12-NOV-2021,
FUTSTK,CADILAHC,27-Jan-2022,0,XX,499.3,503.4,495,500.25,500.25,37,203.25,93500,20900,15-NOV-2021,
FUTSTK,CADILAHC,27-Jan-2022,0,XX,500.25,500.25,483.5,484.2,484.2,86,464.55,157300,63800,16-NOV-2021,
FUTSTK,CADILAHC,27-Jan-2022,0,XX,481.65,487.5,476,476.5,476.5,87,460.33,183700,26400,17-NOV-2021,
FUTSTK,CADILAHC,27-Jan-2022,0,XX,478.3,478.3,467.55,470,470,63,327.38,211200,27500,18-NOV-2021,
FUTSTK,CADILAHC,27-Jan-2022,0,XX,465.35,471.15,457,459.5,459.5,141,718.99,299200,88000,22-NOV-2021,
FUTSTK,CADILAHC,27-Jan-2022,0,XX,458.4,499.95,456,467.2,467.2,152,774.78,353100,53900,23-NOV-2021,
FUTSTK,CADILAHC,27-Jan-2022,0,XX,468.05,470,462,463.95,463.95,130,668.24,429000,75900,24-NOV-2021,
FUTSTK,CADILAHC,27-Jan-2022,0,XX,465.05,468.6,461,466.6,466.6,181,926.92,554400,125400,25-NOV-2021,
FUTSTK,CADILAHC,24-Feb-2022,0,XX,485,485,474.25,479.65,479.65,84,444.77,75900,75900,26-NOV-2021,
FUTSTK,CADILAHC,24-Feb-2022,0,XX,479.7,479.75,460.6,461,461,41,211.36,90200,14300,29-NOV-2021,
FUTSTK,CADILAHC,24-Feb-2022,0,XX,458,477.75,458,470,470,14,72.56,91300,1100,30-NOV-2021,
FUTSTK,CADILAHC,24-Feb-2022,0,XX,471.1,471.1,456.35,459.2,459.2,39,198.07,124300,33000,01-DEC-2021,
FUTSTK,CADILAHC,24-Feb-2022,0,XX,464,467,463.65,466.5,466.5,10,51.2,119900,-4400,02-DEC-2021,
FUTSTK,CADILAHC,24-Feb-2022,0,XX,463.25,469.65,463.25,465.05,464.65,12,61.57,132000,12100,03-DEC-2021,
FUTSTK,CADILAHC,24-Feb-2022,0,XX,465.5,465.5,457.35,457.35,457.35,8,40.55,134200,2200,06-DEC-2021,
FUTSTK,CADILAHC,24-Feb-2022,0,XX,459.5,459.5,450.35,457.2,453.1,20,100.16,140800,6600,07-DEC-2021,
FUTSTK,CADILAHC,24-Feb-2022,0,XX,457.2,469.7,457.2,468.05,468.05,46,235.57,155100,14300,08-DEC-2021,
FUTSTK,CADILAHC,24-Feb-2022,0,XX,468.05,472.5,468.05,469,469,16,82.68,168300,13200,09-DEC-2021,
FUTSTK,CADILAHC,24-Feb-2022,0,XX,472.7,475,472,473.7,473.7,31,161.42,173800,5500,10-DEC-2021,
FUTSTK,CADILAHC,24-Feb-2022,0,XX,475,475.05,470,471.5,471.5,47,243.74,177100,3300,13-DEC-2021,
FUTSTK,CADILAHC,24-Feb-2022,0,XX,478,479,463.95,473.45,473.45,86,442.59,180400,3300,14-DEC-2021,
FUTSTK,CADILAHC,24-Feb-2022,0,XX,473.15,474.8,471.45,474.8,469.15,8,41.61,182600,2200,15-DEC-2021,
FUTSTK,CADILAHC,24-Feb-2022,0,XX,469.3,471.9,465,468.45,468.45,9,46.42,188100,5500,16-DEC-2021,
FUTSTK,CADILAHC,24-Feb-2022,0,XX,461,467.05,457.55,463.85,463.85,29,147.6,191400,3300,17-DEC-2021,
FUTSTK,CADILAHC,24-Feb-2022,0,XX,457,460.6,442.75,449.45,449.45,51,252.85,192500,1100,20-DEC-2021,
FUTSTK,CADILAHC,24-Feb-2022,0,XX,452.1,461.95,452.1,460.35,460.35,27,136.36,194700,2200,21-DEC-2021,
FUTSTK,CADILAHC,24-Feb-2022,0,XX,461.25,474,461.25,472.55,472.55,37,190.63,207900,13200,22-DEC-2021,
FUTSTK,CADILAHC,24-Feb-2022,0,XX,474.6,478.25,468,470.45,470.45,45,233.68,231000,23100,23-DEC-2021,
FUTSTK,CADILAHC,24-Feb-2022,0,XX,467.1,467.1,456.9,457.35,457.35,58,293.46,273900,42900,24-DEC-2021,
FUTSTK,CADILAHC,24-Feb-2022,0,XX,476.45,476.45,459.05,463.1,463.1,63,319.99,309100,35200,27-DEC-2021,
FUTSTK,CADILAHC,24-Feb-2022,0,XX,463,468,461,462.55,462.55,43,219.09,337700,28600,28-DEC-2021,
FUTSTK,CADILAHC,24-Feb-2022,0,XX,464.2,473.95,464.2,473.05,473.05,106,545.03,380600,42900,29-DEC-2021,
FUTSTK,CADILAHC,24-Feb-2022,0,XX,474.45,485.75,472.95,483.35,483.35,240,1267.29,459800,79200,30-DEC-2021,
FUTSTK,CADILAHC,31-Mar-2022,0,XX,489.9,490.15,489,489,489,13,70.02,14300,14300,31-DEC-2021,
FUTSTK,CADILAHC,31-Mar-2022,0,XX,489,489,482.4,482.4,482.4,32,171.02,46200,31900,03-JAN-2022,
FUTSTK,CADILAHC,31-Mar-2022,0,XX,477.85,478.1,470.5,470.5,470.5,33,172.74,74800,28600,04-JAN-2022,
FUTSTK,CADILAHC,31-Mar-2022,0,XX,469.3,470.35,464.95,464.95,463.15,25,128.31,91300,16500,05-JAN-2022,
FUTSTK,CADILAHC,31-Mar-2022,0,XX,465.45,465.45,462,463.25,463.25,18,91.74,105600,14300,06-JAN-2022,
FUTSTK,CADILAHC,31-Mar-2022,0,XX,461.8,464.3,455.7,456.45,456.45,32,162.08,127600,22000,07-JAN-2022,
FUTSTK,CADILAHC,31-Mar-2022,0,XX,457,462,456.95,460.25,460.25,38,192.29,139700,12100,10-JAN-2022,
FUTSTK,CADILAHC,31-Mar-2022,0,XX,459.8,460,451.45,452.15,452.15,52,260.76,180400,40700,11-JAN-2022,
FUTSTK,CADILAHC,31-Mar-2022,0,XX,453,453,447,448.9,448.9,60,296.87,217800,37400,12-JAN-2022,
FUTSTK,CADILAHC,31-Mar-2022,0,XX,450,456.5,449.7,452.75,452.75,48,239.87,250800,33000,13-JAN-2022,
FUTSTK,CADILAHC,31-Mar-2022,0,XX,453,453,447.1,447.55,447.55,53,262.27,289300,38500,14-JAN-2022,
FUTSTK,CADILAHC,31-Mar-2022,0,XX,447.5,447.6,442.45,443.65,443.65,73,357.11,326700,37400,17-JAN-2022,
FUTSTK,CADILAHC,31-Mar-2022,0,XX,442.6,442.6,425.75,426.3,426.3,128,607.98,398200,71500,18-JAN-2022,
FUTSTK,CADILAHC,31-Mar-2022,0,XX,423.85,430,418.5,428.75,428.75,90,419.88,401500,3300,19-JAN-2022,
FUTSTK,CADILAHC,31-Mar-2022,0,XX,432.05,432.05,421,422.45,422.45,111,517.78,455400,53900,20-JAN-2022,
FUTSTK,CADILAHC,31-Mar-2022,0,XX,420.4,422.15,409.85,413.05,413.05,92,421.6,499400,44000,21-JAN-2022,
FUTSTK,CADILAHC,31-Mar-2022,0,XX,411,412,394,400.1,400.1,119,527.5,545600,46200,24-JAN-2022,
FUTSTK,CADILAHC,31-Mar-2022,0,XX,397.25,408,397.25,399.85,399.85,134,593.33,643500,97900,25-JAN-2022,
FUTSTK,CADILAHC,31-Mar-2022,0,XX,397.4,397.4,383.25,386.85,386.85,245,1042.25,833800,190300,27-JAN-2022,
FUTSTK,CADILAHC,28-Apr-2022,0,XX,395,407,395,401.55,401.55,11,48.87,11000,11000,28-JAN-2022,
FUTSTK,CADILAHC,28-Apr-2022,0,XX,406,414,403.9,410.35,410.35,30,135.23,23100,12100,31-JAN-2022,
FUTSTK,CADILAHC,28-Apr-2022,0,XX,410.95,415,410.35,412.7,412.7,19,86.32,36300,13200,01-FEB-2022,
FUTSTK,CADILAHC,28-Apr-2022,0,XX,417.4,421.65,416.25,419.85,419.85,61,280.93,62700,26400,02-FEB-2022,
FUTSTK,CADILAHC,28-Apr-2022,0,XX,420.4,423,412.45,412.75,412.75,62,285.19,85800,23100,03-FEB-2022,
FUTSTK,CADILAHC,28-Apr-2022,0,XX,415,421.25,414,414.4,413.25,14,64.07,90200,4400,04-FEB-2022,
FUTSTK,CADILAHC,28-Apr-2022,0,XX,409.25,410.2,402,402.35,402.35,25,111.55,107800,17600,07-FEB-2022,
FUTSTK,CADILAHC,28-Apr-2022,0,XX,402,406.25,402,405.9,405.9,17,75.71,106700,-1100,08-FEB-2022,
FUTSTK,CADILAHC,28-Apr-2022,0,XX,409,411,407.8,410.85,410.85,13,58.5,101200,-5500,09-FEB-2022,
FUTSTK,CADILAHC,28-Apr-2022,0,XX,411.3,412,406,406.5,406.5,22,98.99,117700,16500,10-FEB-2022,
FUTSTK,CADILAHC,28-Apr-2022,0,XX,395.7,398.55,395,397,397,23,100.32,133100,15400,11-FEB-2022,
FUTSTK,CADILAHC,28-Apr-2022,0,XX,385.85,396.9,385,385.65,385.65,29,124.6,143000,9900,14-FEB-2022,
FUTSTK,CADILAHC,28-Apr-2022,0,XX,388.15,392.1,384.7,391.75,391.75,29,123.94,150700,7700,15-FEB-2022,
FUTSTK,CADILAHC,28-Apr-2022,0,XX,391.65,394.5,388,388.9,388.9,32,137.77,165000,14300,16-FEB-2022,
FUTSTK,CADILAHC,28-Apr-2022,0,XX,388,389.05,385,385.35,385.35,47,200.29,202400,37400,17-FEB-2022,
FUTSTK,CADILAHC,28-Apr-2022,0,XX,380.05,383.25,378.4,379.05,379.05,34,142.45,220000,17600,18-FEB-2022,
FUTSTK,CADILAHC,28-Apr-2022,0,XX,377.5,380,372.85,373.55,373.55,71,293.92,255200,35200,21-FEB-2022,
FUTSTK,CADILAHC,28-Apr-2022,0,XX,365,369.2,358.85,368.75,368.75,115,460.57,289300,34100,22-FEB-2022,
FUTSTK,CADILAHC,28-Apr-2022,0,XX,370.75,379.55,370.25,374.95,374.95,137,566.62,319000,29700,23-FEB-2022,
FUTSTK,CADILAHC,28-Apr-2022,0,XX,361.8,365.6,344.95,345.7,345.7,182,709.75,397100,78100,24-FEB-2022,
FUTSTK,CADILAHC,26-May-2022,0,XX,354.6,362,354.6,359.65,359.8,5,19.78,4400,4400,25-FEB-2022,
FUTSTK,CADILAHC,26-May-2022,0,XX,356.8,363.75,354.15,362.5,362.5,14,55.49,15400,11000,28-FEB-2022,
FUTSTK,CADILAHC,26-May-2022,0,XX,364.05,364.05,356.7,357.6,357.6,16,63.26,23100,7700,02-MAR-2022,
FUTSTK,CADILAHC,26-May-2022,0,XX,361.55,361.55,354.05,354.05,355.05,14,55.21,33000,9900,03-MAR-2022,
FUTSTK,CADILAHC,26-May-2022,0,XX,350.7,352.75,348.85,349.7,349.7,11,42.35,40700,7700,04-MAR-2022,
