INSTRUMENT,SYMBOL,EXPIRY_DT,STRIKE_PR,OPTION_TYP,OPEN,HIGH,LOW,CLOSE,SETTLE_PR,CONTRACTS,VAL_INLAKH,OPEN_INT,CHG_IN_OI,TIMESTAMP,
FUTIDX,BANKNIFTY,28-Dec-2017,0,XX,25680.1,25740.4,25615.35,25707.85,25707.85,45563,468110.72,1472480,19240,19-DEC-2017,
FUTIDX,BANKNIFTY,25-Jan-2018,0,XX,25736.05,25805.05,25690.15,25778.75,25778.75,1719,17712.27,127720,6960,19-DEC-2017,
FUTIDX,BANKNIFTY,22-Feb-2018,0,XX,25801,25855,25760,25834.65,25834.65,70,722.86,13160,1000,19-DEC-2017,
FUTIDX,FTSE100,19-Jan-2018,0,XX,0,0,0,7652,7579,0,0,0,0,19-DEC-2017,
FUTIDX,FTSE100,16-Feb-2018,0,XX,0,0,0,7503,7616,0,0,0,0,19-DEC-2017,
FUTIDX,FTSE100,16-Mar-2018,0,XX,0,0,0,7912,7654,0,0,0,0,19-DEC-2017,
FUTIDX,FTSE100,15-Jun-2018,0,XX,0,0,0,7982,7778,0,0,0,0,19-DEC-2017,
FUTIDX,FTSE100,21-Sep-2018,0,XX,0,0,0,7867,7914,0,0,0,0,19-DEC-2017,
FUTIDX,FTSE100,21-Dec-2018,0,XX,0,0,0,7947,8042,0,0,0,0,19-DEC-2017,
FUTIDX,NIFTY,28-Dec-2017,0,XX,10425.05,10476,10412.25,10470.95,10470.95,102962,806384.05,19543875,76425,19-DEC-2017,
FUTIDX,NIFTY,25-Jan-2018,0,XX,10457.5,10508.4,10445.55,10503.15,10503.15,19526,153299.83,2379750,1109550,19-DEC-2017,
FUTIDX,NIFTY,22-Feb-2018,0,XX,10485,10535,10476.35,10531.4,10531.4,1001,7886.11,203775,22050,19-DEC-2017,
FUTIDX,NIFTYCPSE,28-Dec-2017,0,XX,0,0,0,2531.5,2675.9,0,0,0,0,19-DEC-2017,
FUTIDX,NIFTYCPSE,25-Jan-2018,0,XX,0,0,0,2752.3,2689.2,0,0,0,0,19-DEC-2017,
FUTIDX,NIFTYCPSE,22-Feb-2018,0,XX,0,0,0,2661.05,2702.55,0,0,0,0,19-DEC-2017,
FUTIDX,NIFTYINFRA,28-Dec-2017,0,XX,0,0,0,3261.55,3548.55,0,0,0,0,19-DEC-2017,
FUTIDX,NIFTYINFRA,25-Jan-2018,0,XX,0,0,0,3636.75,3566.25,0,0,0,0,19-DEC-2017,
FUTIDX,NIFTYINFRA,22-Feb-2018,0,XX,0,0,0,3569.3,3583.9,0,0,0,0,19-DEC-2017,
FUTIDX,NIFTYIT,28-Dec-2017,0,XX,11317,11317,11222,11236,11236,113,636.24,29050,1300,19-DEC-2017,
FUTIDX,NIFTYIT,25-Jan-2018,0,XX,11499,11499,11499,11499,11315,1,5.74,600,50,19-DEC-2017,
FUTIDX,NIFTYIT,22-Feb-2018,0,XX,0,0,0,11280,11371,0,0,0,0,19-DEC-2017,
FUTIDX,NIFTYMID50,28-Dec-2017,0,XX,0,0,0,5228.8,5376,0,0,513600,0,19-DEC-2017,
FUTIDX,NIFTYMID50,25-Jan-2018,0,XX,0,0,0,5134.25,5402.8,0,0,0,0,19-DEC-2017,
FUTIDX,NIFTYMID50,22-Feb-2018,0,XX,0,0,0,5289.3,5429.55,0,0,0,0,19-DEC-2017,
FUTIDX,NIFTYPSE,28-Dec-2017,0,XX,0,0,0,4060.8,4312.25,0,0,0,0,19-DEC-2017,
FUTIDX,NIFTYPSE,25-Jan-2018,0,XX,0,0,0,4478.55,4333.75,0,0,0,0,19-DEC-2017,
FUTIDX,NIFTYPSE,22-Feb-2018,0,XX,0,0,0,4297,4355.25,0,0,0,0,19-DEC-2017,
FUTIVX,INDIAVIX,19-Dec-2017,0,XX,0,0,0,1314.5,1218.75,0,0,0,0,19-DEC-2017,
FUTIVX,INDIAVIX,26-Dec-2017,0,XX,0,0,0,1500.25,1223.5,0,0,0,0,19-DEC-2017,
FUTIVX,INDIAVIX,02-Jan-2018,0,XX,0,0,0,1525.75,1223.5,0,0,0,0,19-DEC-2017,
FUTSTK,ACC,28-Dec-2017,0,XX,1706.7,1737.2,1704.1,1733.8,1733.8,2155,14831.03,1528400,-6400,19-DEC-2017,
FUTSTK,ACC,25-Jan-2018,0,XX,1720,1742.4,1716.5,1740.75,1740.75,232,1603.25,97600,58800,19-DEC-2017,
FUTSTK,ACC,22-Feb-2018,0,XX,0,0,0,1755,1750.3,0,0,2000,0,19-DEC-2017,
FUTSTK,ADANIENT,28-Dec-2017,0,XX,159.7,161.85,156.5,160.75,160.75,5209,33321.65,25172000,148000,19-DEC-2017,
FUTSTK,ADANIENT,25-Jan-2018,0,XX,160,162.3,158.5,161.35,161.35,145,931.84,584000,32000,19-DEC-2017,
FUTSTK,ADANIENT,22-Feb-2018,0,XX,160,160,160,160,162.25,1,6.4,8000,0,19-DEC-2017,
FUTSTK,ADANIPORTS,28-Dec-2017,0,XX,406.65,409.65,402.1,406.6,406.6,2255,22884.71,10007500,-5000,19-DEC-2017,
FUTSTK,ADANIPORTS,25-Jan-2018,0,XX,410.9,410.9,405,408.6,408.6,77,785.58,287500,55000,19-DEC-2017,
FUTSTK,ADANIPORTS,22-Feb-2018,0,XX,0,0,0,403.85,410.5,0,0,2500,0,19-DEC-2017,
FUTSTK,ADANIPOWER,28-Dec-2017,0,XX,36,36.1,35,35.45,35.45,1310,9305.22,103120000,-940000,19-DEC-2017,
FUTSTK,ADANIPOWER,25-Jan-2018,0,XX,36.05,36.15,35.3,35.65,35.65,168,1201.58,9120000,2380000,19-DEC-2017,
FUTSTK,ADANIPOWER,22-Feb-2018,0,XX,0,0,0,36,35.85,0,0,40000,0,19-DEC-2017,
FUTSTK,AJANTPHARM,28-Dec-2017,0,XX,1450.2,1482.5,1448.3,1470.45,1470.45,1354,7973.96,669600,-6000,19-DEC-2017,
FUTSTK,AJANTPHARM,25-Jan-2018,0,XX,1467,1488.75,1467,1477.25,1477.25,23,169.89,23000,0,19-DEC-2017,
FUTSTK,AJANTPHARM,22-Feb-2018,0,XX,0,0,0,1444,1482.95,0,0,500,0,19-DEC-2017,
FUTSTK,ALBK,28-Dec-2017,0,XX,74.85,75.1,74,74.6,74.6,556,4144.65,14420000,130000,19-DEC-2017,
FUTSTK,ALBK,25-Jan-2018,0,XX,75,75.15,74.55,74.85,74.85,36,269.85,1450000,230000,19-DEC-2017,
FUTSTK,ALBK,22-Feb-2018,0,XX,0,0,0,77.7,75.3,0,0,0,0,19-DEC-2017,
FUTSTK,AMARAJABAT,28-Dec-2017,0,XX,780.35,814.7,777.8,808.05,808.05,3366,16148.42,1927200,88800,19-DEC-2017,
FUTSTK,AMARAJABAT,25-Jan-2018,0,XX,783.1,817.7,783.1,812.45,812.45,116,653.91,49000,23800,19-DEC-2017,
FUTSTK,AMARAJABAT,22-Feb-2018,0,XX,0,0,0,810.8,815.5,0,0,0,0,19-DEC-2017,
FUTSTK,AMBUJACEM,28-Dec-2017,0,XX,269.1,271.2,264.7,270.6,270.6,1117,7500.97,10500000,-40000,19-DEC-2017,
FUTSTK,AMBUJACEM,25-Jan-2018,0,XX,267.45,272.2,267.2,271.8,271.8,47,316.62,190000,35000,19-DEC-2017,
FUTSTK,AMBUJACEM,22-Feb-2018,0,XX,0,0,0,268.9,273.8,1,6.69,15000,2500,19-DEC-2017,
FUTSTK,ANDHRABANK,28-Dec-2017,0,XX,60.8,61.05,60,60.9,60.9,660,3994.14,20850000,-30000,19-DEC-2017,
FUTSTK,ANDHRABANK,25-Jan-2018,0,XX,62.45,62.5,60.4,61.15,61.15,112,682.16,1830000,630000,19-DEC-2017,
FUTSTK,ANDHRABANK,22-Feb-2018,0,XX,0,0,0,61.4,61.45,0,0,10000,0,19-DEC-2017,
FUTSTK,APOLLOHOSP,28-Dec-2017,0,XX,1167.7,1186,1155.1,1177.65,1177.65,1346,7880.26,1360500,-10500,19-DEC-2017,
FUTSTK,APOLLOHOSP,25-Jan-2018,0,XX,1162.8,1182.4,1156.35,1175,1182.4,34,198.2,18000,8000,19-DEC-2017,
FUTSTK,APOLLOHOSP,22-Feb-2018,0,XX,0,0,0,1201.2,1188.25,0,0,3000,0,19-DEC-2017,
FUTSTK,APOLLOTYRE,28-Dec-2017,0,XX,256,260.7,254.9,260.2,260.2,2639,20522.96,10521000,234000,19-DEC-2017,
FUTSTK,APOLLOTYRE,25-Jan-2018,0,XX,258.45,262,257.35,261.5,261.5,86,672.09,222000,51000,19-DEC-2017,
FUTSTK,APOLLOTYRE,22-Feb-2018,0,XX,0,0,0,248.3,262.55,0,0,9000,0,19-DEC-2017,
FUTSTK,ARVIND,28-Dec-2017,0,XX,440.2,443.9,438.1,442.65,442.65,2531,22331.67,6732000,-124000,19-DEC-2017,
FUTSTK,ARVIND,25-Jan-2018,0,XX,444,445.3,440.5,444.9,444.9,53,469.93,186000,12000,19-DEC-2017,
FUTSTK,ARVIND,22-Feb-2018,0,XX,0,0,0,441,446.55,0,0,18000,0,19-DEC-2017,
FUTSTK,ASHOKLEY,28-Dec-2017,0,XX,114.95,118.6,114.85,118.3,118.3,4968,40662.06,66283000,-413000,19-DEC-2017,
FUTSTK,ASHOKLEY,25-Jan-2018,0,XX,116.05,119.25,115.55,118.9,118.9,449,3694.06,4662000,679000,19-DEC-2017,
FUTSTK,ASHOKLEY,22-Feb-2018,0,XX,117.5,119.55,117.5,119.2,119.2,9,74.83,126000,-49000,19-DEC-2017,
FUTSTK,ASIANPAINT,28-Dec-2017,0,XX,1149,1149,1133.3,1140.65,1140.65,1368,9355.21,3560400,74400,19-DEC-2017,
FUTSTK,ASIANPAINT,25-Jan-2018,0,XX,1150,1150.3,1139.4,1145.9,1145.9,84,576.96,109800,24000,19-DEC-2017,
FUTSTK,ASIANPAINT,22-Feb-2018,0,XX,0,0,0,1143.8,1150.85,0,0,600,0,19-DEC-2017,
FUTSTK,AUROPHARMA,28-Dec-2017,0,XX,680,687.5,677.8,686.35,686.35,6383,34953,20466400,36800,19-DEC-2017,
FUTSTK,AUROPHARMA,25-Jan-2018,0,XX,683.85,690.95,683.6,689.85,689.85,449,2472.71,622400,133600,19-DEC-2017,
FUTSTK,AUROPHARMA,22-Feb-2018,0,XX,693,693.25,693,693.25,693.25,2,11.09,1600,-800,19-DEC-2017,
FUTSTK,AXISBANK,28-Dec-2017,0,XX,551.6,557.45,545.8,555.05,555.05,7114,47077.67,44012400,277200,19-DEC-2017,
FUTSTK,AXISBANK,25-Jan-2018,0,XX,552.45,559.9,548.5,557.7,557.7,370,2459.78,4244400,169200,19-DEC-2017,
FUTSTK,AXISBANK,22-Feb-2018,0,XX,554.35,561.7,551,559.95,559.95,32,213.82,54000,21600,19-DEC-2017,
FUTSTK,BAJAJ-AUTO,28-Dec-2017,0,XX,3227.45,3327.95,3227.35,3316.85,3316.85,4286,35242.05,1874000,54000,19-DEC-2017,
FUTSTK,BAJAJ-AUTO,25-Jan-2018,0,XX,3247.5,3340,3247.5,3329.9,3329.9,449,3712.92,107250,62500,19-DEC-2017,
FUTSTK,BAJAJ-AUTO,22-Feb-2018,0,XX,3331.8,3331.8,3330,3330,3358.1,2,16.65,250,250,19-DEC-2017,
FUTSTK,BAJAJFINSV,28-Dec-2017,0,XX,5220.05,5295,5198.3,5286.35,5286.35,1216,7993.02,697750,4625,19-DEC-2017,
FUTSTK,BAJAJFINSV,25-Jan-2018,0,XX,5235.6,5323.2,5235.55,5317.25,5317.25,45,297.41,8125,1500,19-DEC-2017,
FUTSTK,BAJAJFINSV,22-Feb-2018,0,XX,0,0,0,5291.25,5340.4,0,0,0,0,19-DEC-2017,
FUTSTK,BAJFINANCE,28-Dec-2017,0,XX,1760.95,1771.5,1744,1761.05,1761.05,3880,34057.63,5903500,-26500,19-DEC-2017,
FUTSTK,BAJFINANCE,25-Jan-2018,0,XX,1775.1,1779.8,1754,1769.2,1769.2,191,1685.17,214000,41000,19-DEC-2017,
FUTSTK,BAJFINANCE,22-Feb-2018,0,XX,0,0,0,1752,1778.05,0,0,1000,0,19-DEC-2017,
FUTSTK,BALKRISIND,28-Dec-2017,0,XX,2483.65,2508.95,2450,2486.75,2486.75,1944,19310.91,532800,-13200,19-DEC-2017,
FUTSTK,BALKRISIND,25-Jan-2018,0,XX,2485,2511,2458.25,2492.4,2492.4,101,1004.4,66400,16400,19-DEC-2017,
FUTSTK,BALKRISIND,22-Feb-2018,0,XX,0,0,0,2408.2,2519.55,0,0,2000,0,19-DEC-2017,
FUTSTK,BALRAMCHIN,28-Dec-2017,0,XX,142.35,149.65,142.35,148.55,148.55,3093,15964.84,17923500,532000,19-DEC-2017,
FUTSTK,BALRAMCHIN,25-Jan-2018,0,XX,144,150.25,144,149.35,149.35,165,855.3,959000,189000,19-DEC-2017,
FUTSTK,BALRAMCHIN,22-Feb-2018,0,XX,0,0,0,142.05,149.75,0,0,63000,0,19-DEC-2017,
FUTSTK,BANKBARODA,28-Dec-2017,0,XX,171.5,173.55,167.65,168.95,168.95,6093,36346.74,47442500,444500,19-DEC-2017,
FUTSTK,BANKBARODA,25-Jan-2018,0,XX,172.7,174.25,168.65,169.75,169.75,479,3271.09,2248000,776000,19-DEC-2017,
FUTSTK,BANKBARODA,22-Feb-2018,0,XX,172.75,172.75,171.1,171.1,171.1,2,13.75,44000,8000,19-DEC-2017,
FUTSTK,BANKINDIA,28-Dec-2017,0,XX,182.95,183.35,180.35,181.8,181.8,1826,19917.02,15594000,-72000,19-DEC-2017,
FUTSTK,BANKINDIA,25-Jan-2018,0,XX,182.85,183.75,181.1,182.4,182.4,79,864.64,834000,210000,19-DEC-2017,
FUTSTK,BANKINDIA,22-Feb-2018,0,XX,181.6,181.6,181.6,181.6,183.35,1,10.89,30000,6000,19-DEC-2017,
FUTSTK,BATAINDIA,28-Dec-2017,0,XX,734.45,741,731.05,736.8,736.8,1293,10466.55,2201100,-4400,19-DEC-2017,
FUTSTK,BATAINDIA,25-Jan-2018,0,XX,741,745,735.85,740.4,740.4,55,447.57,99000,25300,19-DEC-2017,
FUTSTK,BATAINDIA,22-Feb-2018,0,XX,0,0,0,745.15,742.9,0,0,0,0,19-DEC-2017,
FUTSTK,BEL,28-Dec-2017,0,XX,182.6,185.4,182.6,184.55,184.55,771,7035.48,17364600,-202950,19-DEC-2017,
FUTSTK,BEL,25-Jan-2018,0,XX,183.5,186.05,183.5,185.25,185.25,84,769.87,762300,84150,19-DEC-2017,
FUTSTK,BEL,22-Feb-2018,0,XX,0,0,0,181,186.25,0,0,4950,0,19-DEC-2017,
FUTSTK,BEML,28-Dec-2017,0,XX,1522.05,1597.9,1516.1,1592,1592,8471,39834.54,2329500,101100,19-DEC-2017,
FUTSTK,BEML,25-Jan-2018,0,XX,1530,1605.25,1527,1599.5,1599.5,475,2250.29,156900,48600,19-DEC-2017,
FUTSTK,BEML,22-Feb-2018,0,XX,1575,1616.4,1575,1616.4,1616.4,2,9.57,900,300,19-DEC-2017,
FUTSTK,BERGEPAINT,28-Dec-2017,0,XX,253.7,259.2,253.7,257.85,257.85,479,2704.87,2098800,160600,19-DEC-2017,
FUTSTK,BERGEPAINT,25-Jan-2018,0,XX,256.8,259.7,255.8,258.7,258.7,13,73.91,55000,6600,19-DEC-2017,
FUTSTK,BERGEPAINT,22-Feb-2018,0,XX,0,0,0,262.4,259.85,0,0,0,0,19-DEC-2017,
FUTSTK,BHARATFIN,28-Dec-2017,0,XX,1010,1012.55,1004.75,1009.35,1009.35,1549,15625.45,9667000,-157000,19-DEC-2017,
FUTSTK,BHARATFIN,25-Jan-2018,0,XX,1014,1015.8,1010.1,1014.9,1014.9,195,1975.85,207000,150000,19-DEC-2017,
FUTSTK,BHARATFIN,22-Feb-2018,0,XX,0,0,0,994.9,1021.6,0,0,0,0,19-DEC-2017,
FUTSTK,BHARATFORG,28-Dec-2017,0,XX,703.95,730,703.95,728.9,728.9,4098,35560.15,6708000,24000,19-DEC-2017,
FUTSTK,BHARATFORG,25-Jan-2018,0,XX,713.75,733,713.55,732.4,732.4,200,1744.33,321600,60000,19-DEC-2017,
FUTSTK,BHARATFORG,22-Feb-2018,0,XX,0,0,0,709,736.9,0,0,8400,0,19-DEC-2017,
FUTSTK,BHARTIARTL,28-Dec-2017,0,XX,525.65,541.8,521.25,538.75,538.75,8703,78582.54,31614900,799000,19-DEC-2017,
FUTSTK,BHARTIARTL,25-Jan-2018,0,XX,527.35,543.8,524.2,540.95,540.95,416,3780.91,906100,294100,19-DEC-2017,
FUTSTK,BHARTIARTL,22-Feb-2018,0,XX,525,545.3,525,544.85,544.85,11,100.38,2500700,17000,19-DEC-2017,
FUTSTK,BHEL,28-Dec-2017,0,XX,90.05,90.95,89.8,90.4,90.4,1733,11734.45,52650000,37500,19-DEC-2017,
FUTSTK,BHEL,25-Jan-2018,0,XX,90.6,91.4,90.35,90.8,90.8,179,1217.52,3285000,772500,19-DEC-2017,
FUTSTK,BHEL,22-Feb-2018,0,XX,90.05,90.2,90.05,90.2,91.1,2,13.51,165000,0,19-DEC-2017,
FUTSTK,BIOCON,28-Dec-2017,0,XX,519,538.5,516.25,537.25,537.25,6691,63937.32,10233000,561600,19-DEC-2017,
FUTSTK,BIOCON,25-Jan-2018,0,XX,519.4,538.25,516,537.05,537.05,386,3679.16,1067400,111600,19-DEC-2017,
FUTSTK,BIOCON,22-Feb-2018,0,XX,537.15,537.15,537.15,537.15,537.15,1,9.66,16200,1800,19-DEC-2017,
FUTSTK,BOSCHLTD,28-Dec-2017,0,XX,20030.75,20059.95,19836.7,19917.7,19917.7,735,3660.03,127375,3375,19-DEC-2017,
FUTSTK,BOSCHLTD,25-Jan-2018,0,XX,20038,20095.15,19961.3,20021.1,20021.1,115,575.85,3200,375,19-DEC-2017,
FUTSTK,BOSCHLTD,22-Feb-2018,0,XX,0,0,0,19700,20097.25,0,0,50,0,19-DEC-2017,
FUTSTK,BPCL,28-Dec-2017,0,XX,525.15,531.25,525.15,529.9,529.9,3404,32412.96,11478600,392400,19-DEC-2017,
FUTSTK,BPCL,25-Jan-2018,0,XX,525,529.5,524.8,527.6,527.6,190,1803.33,410400,165600,19-DEC-2017,
FUTSTK,BPCL,22-Feb-2018,0,XX,0,0,0,510,539.2,0,0,50400,0,19-DEC-2017,
FUTSTK,BRITANNIA,28-Dec-2017,0,XX,4725,4793,4696.1,4780.8,4780.8,1676,15919.64,1180600,-5600,19-DEC-2017,
FUTSTK,BRITANNIA,25-Jan-2018,0,XX,4740,4810.15,4740,4798.45,4798.45,58,552.69,12600,3200,19-DEC-2017,
FUTSTK,BRITANNIA,22-Feb-2018,0,XX,0,0,0,4886.85,4811.45,0,0,0,0,19-DEC-2017,
FUTSTK,CADILAHC,28-Dec-2017,0,XX,420.85,422.35,414,418.9,418.9,670,4476.5,6796800,24000,19-DEC-2017,
FUTSTK,CADILAHC,25-Jan-2018,0,XX,423.35,423.35,416.1,421.2,421.2,101,677.83,360000,86400,19-DEC-2017,
FUTSTK,CADILAHC,22-Feb-2018,0,XX,0,0,0,418,422.3,0,0,3200,0,19-DEC-2017,
FUTSTK,CANBK,28-Dec-2017,0,XX,367.9,372.75,365.1,371.25,371.25,3824,43602.85,11762376,-956040,19-DEC-2017,
FUTSTK,CANBK,25-Jan-2018,0,XX,369.85,374,366.75,372.55,372.55,147,873.61,262400,43200,19-DEC-2017,
FUTSTK,CANBK,22-Feb-2018,0,XX,0,0,0,378.4,375.55,0,0,0,0,19-DEC-2017,
FUTSTK,CANFINHOME,28-Dec-2017,0,XX,477,484.4,472,481.7,481.7,784,4716.12,4423750,-37500,19-DEC-2017,
FUTSTK,CANFINHOME,25-Jan-2018,0,XX,475,487,475,484.3,484.3,50,302.74,156250,15000,19-DEC-2017,
FUTSTK,CANFINHOME,22-Feb-2018,0,XX,0,0,0,490.7,485.95,0,0,0,0,19-DEC-2017,
FUTSTK,CAPF,28-Dec-2017,0,XX,684.9,690.4,681.6,685.2,685.2,515,2825.4,4229600,-4000,19-DEC-2017,
FUTSTK,CAPF,25-Jan-2018,0,XX,690.55,692.45,686.3,688.55,688.55,79,435.4,160000,34400,19-DEC-2017,
FUTSTK,CAPF,22-Feb-2018,0,XX,0,0,0,712.15,690.3,0,0,0,0,19-DEC-2017,
FUTSTK,CASTROLIND,28-Dec-2017,0,XX,422.5,423.85,415.4,422.15,422.15,2942,17291.34,8208200,-999600,19-DEC-2017,
FUTSTK,CASTROLIND,25-Jan-2018,0,XX,424,424.1,416.35,422.95,422.95,545,3211.39,757400,371000,19-DEC-2017,
FUTSTK,CASTROLIND,22-Feb-2018,0,XX,0,0,0,424.3,428.15,0,0,4200,0,19-DEC-2017,
FUTSTK,CEATLTD,28-Dec-2017,0,XX,1804.8,1844.8,1800.65,1837.45,1837.45,4297,27536.48,1051400,-30800,19-DEC-2017,
FUTSTK,CEATLTD,25-Jan-2018,0,XX,1822,1851.1,1822,1842.2,1842.2,66,424.14,25550,9800,19-DEC-2017,
FUTSTK,CEATLTD,22-Feb-2018,0,XX,0,0,0,1810.5,1856.35,0,0,0,0,19-DEC-2017,
FUTSTK,CENTURYTEX,28-Dec-2017,0,XX,1339.6,1358.9,1333.25,1356.8,1356.8,3373,25050.66,7136800,-78100,19-DEC-2017,
FUTSTK,CENTURYTEX,25-Jan-2018,0,XX,1342.3,1365.95,1342.3,1364.2,1364.2,80,597.76,68200,4950,19-DEC-2017,
FUTSTK,CENTURYTEX,22-Feb-2018,0,XX,0,0,0,1331.3,1371.65,0,0,0,0,19-DEC-2017,
FUTSTK,CESC,28-Dec-2017,0,XX,1013.2,1018.9,1008.75,1011.3,1011.3,1123,6259.94,4939550,20350,19-DEC-2017,
FUTSTK,CESC,25-Jan-2018,0,XX,1020.9,1024.3,1014.7,1016.3,1016.3,132,739.9,147400,35200,19-DEC-2017,
FUTSTK,CESC,22-Feb-2018,0,XX,0,0,0,1017.85,1019.45,0,0,2200,0,19-DEC-2017,
FUTSTK,CGPOWER,28-Dec-2017,0,XX,86.1,87.75,86.1,87.45,87.45,594,6201.76,29220000,-240000,19-DEC-2017,
FUTSTK,CGPOWER,25-Jan-2018,0,XX,87.2,88.1,86.9,87.8,87.8,28,293.43,744000,60000,19-DEC-2017,
FUTSTK,CGPOWER,22-Feb-2018,0,XX,0,0,0,87.4,88.1,0,0,84000,0,19-DEC-2017,
FUTSTK,CHENNPETRO,28-Dec-2017,0,XX,420.5,429.2,420,421.7,421.7,651,4145.35,2739000,226500,19-DEC-2017,
FUTSTK,CHENNPETRO,25-Jan-2018,0,XX,425.5,430.5,422.35,423.55,423.55,11,70.16,67500,7500,19-DEC-2017,
FUTSTK,CHENNPETRO,22-Feb-2018,0,XX,0,0,0,431.3,425.1,0,0,0,0,19-DEC-2017,
FUTSTK,CHOLAFIN,28-Dec-2017,0,XX,1290.05,1298.95,1287.1,1292.85,1292.85,330,2134.23,496500,-3000,19-DEC-2017,
FUTSTK,CHOLAFIN,25-Jan-2018,0,XX,1300.05,1305.2,1300.05,1304,1295.85,12,78.2,10500,2500,19-DEC-2017,
FUTSTK,CHOLAFIN,22-Feb-2018,0,XX,0,0,0,1300.45,1302.25,0,0,500,0,19-DEC-2017,
FUTSTK,CIPLA,28-Dec-2017,0,XX,592.7,605.75,592.7,604.35,604.35,2560,15345.66,8525000,-239000,19-DEC-2017,
FUTSTK,CIPLA,25-Jan-2018,0,XX,595,608.5,595,607.65,607.65,416,2497.2,413000,278000,19-DEC-2017,
FUTSTK,CIPLA,22-Feb-2018,0,XX,0,0,0,609.8,610.9,0,0,0,0,19-DEC-2017,
FUTSTK,COALINDIA,28-Dec-2017,0,XX,273.5,273.5,267.4,268.75,268.75,3913,17938.99,21756600,746300,19-DEC-2017,
FUTSTK,COALINDIA,25-Jan-2018,0,XX,269.55,272.6,268,269,269,336,1993.76,1856800,288200,19-DEC-2017,
FUTSTK,COALINDIA,22-Feb-2018,0,XX,266,269,264.95,265.9,265.9,23,135.01,173800,13200,19-DEC-2017,
FUTSTK,COLPAL,28-Dec-2017,0,XX,1076.25,1080.95,1067.35,1075.9,1075.9,582,4376.88,1078700,-25200,19-DEC-2017,
FUTSTK,COLPAL,25-Jan-2018,0,XX,1079.05,1079.05,1075.6,1076.1,1081.35,10,75.49,25900,700,19-DEC-2017,
FUTSTK,COLPAL,22-Feb-2018,0,XX,0,0,0,1052,1086.7,0,0,0,0,19-DEC-2017,
FUTSTK,CONCOR,28-Dec-2017,0,XX,1310.05,1351.8,1310.05,1348.3,1348.3,788,6572.11,1102500,-20000,19-DEC-2017,
FUTSTK,CONCOR,25-Jan-2018,0,XX,1325,1358.4,1325,1354.45,1354.45,12,100.88,13750,2500,19-DEC-2017,
FUTSTK,CONCOR,22-Feb-2018,0,XX,0,0,0,1327.35,1362.15,0,0,0,0,19-DEC-2017,
FUTSTK,CUMMINSIND,28-Dec-2017,0,XX,854.75,860,853.5,857.55,857.55,222,1142.13,761400,-16800,19-DEC-2017,
FUTSTK,CUMMINSIND,25-Jan-2018,0,XX,859,862.75,859,862.75,861.5,10,51.67,10200,1800,19-DEC-2017,
FUTSTK,CUMMINSIND,22-Feb-2018,0,XX,0,0,0,857,865.75,0,0,600,0,19-DEC-2017,
FUTSTK,DABUR,28-Dec-2017,0,XX,349.2,354.7,349.2,351.1,351.1,1269,11181.81,10540000,127500,19-DEC-2017,
FUTSTK,DABUR,25-Jan-2018,0,XX,351.9,356,351.5,352.5,352.5,39,344.84,87500,27500,19-DEC-2017,
FUTSTK,DABUR,22-Feb-2018,0,XX,0,0,0,349.4,354.1,0,0,0,0,19-DEC-2017,
FUTSTK,DALMIABHA,28-Dec-2017,0,XX,3228.05,3268.95,3218.1,3246.9,3246.9,624,6087.1,737100,-27600,19-DEC-2017,
FUTSTK,DALMIABHA,25-Jan-2018,0,XX,3255,3270,3252,3261.55,3261.55,18,176.04,8100,2100,19-DEC-2017,
FUTSTK,DALMIABHA,22-Feb-2018,0,XX,3270,3270,3270,3270,3274.6,1,9.81,300,300,19-DEC-2017,
FUTSTK,DCBBANK,28-Dec-2017,0,XX,197.5,198.15,195.25,196.6,196.6,1176,10404.1,6678000,207000,19-DEC-2017,
FUTSTK,DCBBANK,25-Jan-2018,0,XX,198.05,198.5,197.25,197.95,197.95,46,409.45,1237500,153000,19-DEC-2017,
FUTSTK,DCBBANK,22-Feb-2018,0,XX,0,0,0,188.1,199,0,0,0,0,19-DEC-2017,
FUTSTK,DHFL,28-Dec-2017,0,XX,607,614.7,604,612,612,2429,22199.75,29709000,111000,19-DEC-2017,
FUTSTK,DHFL,25-Jan-2018,0,XX,612,617.45,609,614.75,614.75,222,2040.89,885000,124500,19-DEC-2017,
FUTSTK,DHFL,22-Feb-2018,0,XX,0,0,0,601,616.75,0,0,4500,0,19-DEC-2017,
FUTSTK,DISHTV,28-Dec-2017,0,XX,80.55,80.55,79.45,79.9,79.9,1235,6905.7,35819000,1547000,19-DEC-2017,
FUTSTK,DISHTV,25-Jan-2018,0,XX,81,81,79.8,80.25,80.25,105,590.07,1239000,294000,19-DEC-2017,
FUTSTK,DISHTV,22-Feb-2018,0,XX,0,0,0,82,80.5,0,0,14000,0,19-DEC-2017,
FUTSTK,DIVISLAB,28-Dec-2017,0,XX,1050.55,1064.9,1050.55,1061.7,1061.7,888,7523.37,3427200,21600,19-DEC-2017,
FUTSTK,DIVISLAB,25-Jan-2018,0,XX,1062.2,1069.95,1059.15,1068.1,1068.1,71,604.75,139200,30400,19-DEC-2017,
FUTSTK,DIVISLAB,22-Feb-2018,0,XX,0,0,0,1056.4,1069.75,0,0,0,0,19-DEC-2017,
FUTSTK,DLF,28-Dec-2017,0,XX,234.05,235.3,231.2,234.7,234.7,5085,59412.27,43620000,535000,19-DEC-2017,
FUTSTK,DLF,25-Jan-2018,0,XX,234.2,236.4,232.5,235.8,235.8,270,3177.19,1830000,380000,19-DEC-2017,
FUTSTK,DLF,22-Feb-2018,0,XX,236,236,236,236,236.75,2,23.61,75000,0,19-DEC-2017,
FUTSTK,DRREDDY,28-Dec-2017,0,XX,2413.95,2425,2396.6,2406.3,2406.3,5671,27332.64,3439200,-200000,19-DEC-2017,
FUTSTK,DRREDDY,25-Jan-2018,0,XX,2429.8,2436.45,2410.1,2416.45,2416.45,1623,9829.01,1230750,347000,19-DEC-2017,
FUTSTK,DRREDDY,22-Feb-2018,0,XX,0,0,0,2463.55,2427.2,0,0,500,0,19-DEC-2017,
FUTSTK,EICHERMOT,28-Dec-2017,0,XX,30049.95,30911,30020,30814.65,30814.65,3367,25794.37,179275,-3775,19-DEC-2017,
FUTSTK,EICHERMOT,25-Jan-2018,0,XX,29547.9,31114.55,29547.9,30955.9,30955.9,155,1194.82,4700,1300,19-DEC-2017,
FUTSTK,EICHERMOT,22-Feb-2018,0,XX,0,0,0,29775.55,31178.9,0,0,75,0,19-DEC-2017,
FUTSTK,ENGINERSIN,28-Dec-2017,0,XX,189.15,192,187.6,191.45,191.45,1233,8217.87,12946500,-231000,19-DEC-2017,
FUTSTK,ENGINERSIN,25-Jan-2018,0,XX,189.15,192.55,188.5,192.45,192.45,46,307.88,560000,42000,19-DEC-2017,
FUTSTK,ENGINERSIN,22-Feb-2018,0,XX,0,0,0,190.4,193.25,0,0,0,0,19-DEC-2017,
FUTSTK,EQUITAS,28-Dec-2017,0,XX,141.05,142.2,139.95,141.35,141.35,728,3284.6,17315200,-204800,19-DEC-2017,
FUTSTK,EQUITAS,25-Jan-2018,0,XX,141,142.9,140.7,142.05,142.05,181,819.85,1033600,320000,19-DEC-2017,
FUTSTK,EQUITAS,22-Feb-2018,0,XX,142.2,142.8,142.2,142.8,142.8,3,13.67,19200,0,19-DEC-2017,
FUTSTK,ESCORTS,28-Dec-2017,0,XX,708.2,731.4,708.2,729.1,729.1,4557,36140.2,4247100,102300,19-DEC-2017,
FUTSTK,ESCORTS,25-Jan-2018,0,XX,715.6,734.7,713,732.55,732.55,139,1105.89,201300,20900,19-DEC-2017,
FUTSTK,ESCORTS,22-Feb-2018,0,XX,720,720,720,720,734.8,1,7.92,3300,-1100,19-DEC-2017,
FUTSTK,EXIDEIND,28-Dec-2017,0,XX,209.25,215.9,208.1,214.85,214.85,2874,24432.87,15528000,480000,19-DEC-2017,
FUTSTK,EXIDEIND,25-Jan-2018,0,XX,211.05,216.7,209.45,216.05,216.05,151,1287.28,516000,264000,19-DEC-2017,
FUTSTK,EXIDEIND,22-Feb-2018,0,XX,0,0,0,208.1,216.8,0,0,0,0,19-DEC-2017,
FUTSTK,FEDERALBNK,28-Dec-2017,0,XX,108.7,110,108.5,109.7,109.7,2096,12619.87,71175500,-665500,19-DEC-2017,
FUTSTK,FEDERALBNK,25-Jan-2018,0,XX,109.3,110.5,109.1,110.35,110.35,252,1525.15,4405500,555500,19-DEC-2017,
FUTSTK,FEDERALBNK,22-Feb-2018,0,XX,110.55,110.55,110.55,110.55,110.9,1,6.08,154000,0,19-DEC-2017,
FUTSTK,FORTIS,28-Dec-2017,0,XX,135.05,137.8,134.2,136.3,136.3,351,1293.1,51850800,-167400,19-DEC-2017,
FUTSTK,FORTIS,25-Jan-2018,0,XX,0,0,0,133.7,136.95,0,0,560000,0,19-DEC-2017,
FUTSTK,FORTIS,22-Feb-2018,0,XX,0,0,0,147,137.65,0,0,0,0,19-DEC-2017,
FUTSTK,GAIL,28-Dec-2017,0,XX,494,501.4,489.25,496.05,496.05,3488,34555.65,18774000,42000,19-DEC-2017,
FUTSTK,GAIL,25-Jan-2018,0,XX,493,499.85,488.7,494.8,494.8,174,1720.31,716000,104000,19-DEC-2017,
FUTSTK,GAIL,22-Feb-2018,0,XX,0,0,0,495.35,502.3,0,0,44000,0,19-DEC-2017,
FUTSTK,GLENMARK,28-Dec-2017,0,XX,540.1,546.15,538,544.1,544.1,2146,8146.43,8866900,-11900,19-DEC-2017,
FUTSTK,GLENMARK,25-Jan-2018,0,XX,542.2,548.85,540.3,546.1,546.1,413,2024.61,729000,145800,19-DEC-2017,
FUTSTK,GLENMARK,22-Feb-2018,0,XX,546,546,546,546,548.2,1,4.91,10800,900,19-DEC-2017,
FUTSTK,GMRINFRA,28-Dec-2017,0,XX,17.3,17.85,17.3,17.75,17.75,1172,9293.53,312120000,-495000,19-DEC-2017,
FUTSTK,GMRINFRA,25-Jan-2018,0,XX,17.5,17.95,17.45,17.9,17.9,183,1460.34,18810000,5130000,19-DEC-2017,
FUTSTK,GMRINFRA,22-Feb-2018,0,XX,0,0,0,17.55,17.95,0,0,495000,0,19-DEC-2017,
FUTSTK,GODFRYPHLP,28-Dec-2017,0,XX,994.15,1004.5,976.05,984.2,984.2,491,2422.69,711000,74000,19-DEC-2017,
FUTSTK,GODFRYPHLP,25-Jan-2018,0,XX,1010.65,1010.65,983.05,991.55,991.55,68,337.97,46000,23500,19-DEC-2017,
FUTSTK,GODFRYPHLP,22-Feb-2018,0,XX,0,0,0,1018.45,993.35,0,0,0,0,19-DEC-2017,
FUTSTK,GODREJCP,28-Dec-2017,0,XX,996.55,1005.95,990.45,994.95,994.95,883,7043.11,1895200,179200,19-DEC-2017,
FUTSTK,GODREJCP,25-Jan-2018,0,XX,1000.9,1005.5,996,998.85,998.85,75,599.32,63200,46400,19-DEC-2017,
FUTSTK,GODREJCP,22-Feb-2018,0,XX,0,0,0,975.75,1002.15,0,0,0,0,19-DEC-2017,
FUTSTK,GODREJIND,28-Dec-2017,0,XX,598.9,606.2,598.45,604.6,604.6,766,6926.01,2448000,-49500,19-DEC-2017,
FUTSTK,GODREJIND,25-Jan-2018,0,XX,603.9,607.9,603.8,607.45,607.45,16,145.54,67500,18000,19-DEC-2017,
FUTSTK,GODREJIND,22-Feb-2018,0,XX,0,0,0,586.35,609.55,0,0,0,0,19-DEC-2017,
FUTSTK,GRANULES,28-Dec-2017,0,XX,128.2,129.7,127.35,129.35,129.35,578,3713.29,16160000,-50000,19-DEC-2017,
FUTSTK,GRANULES,25-Jan-2018,0,XX,128.9,130.2,128.1,130,130,76,491.31,725000,195000,19-DEC-2017,
FUTSTK,GRANULES,22-Feb-2018,0,XX,0,0,0,128.7,130.4,0,0,10000,0,19-DEC-2017,
FUTSTK,GRASIM,28-Dec-2017,0,XX,1130.05,1145.8,1128.8,1137.6,1137.6,2281,19427.43,4048500,-12000,19-DEC-2017,
FUTSTK,GRASIM,25-Jan-2018,0,XX,1145.95,1150.5,1136.1,1143.35,1143.35,87,745.36,102750,38250,19-DEC-2017,
FUTSTK,GRASIM,22-Feb-2018,0,XX,0,0,0,1129,1150,0,0,2250,0,19-DEC-2017,
FUTSTK,GSFC,28-Dec-2017,0,XX,142.1,146.95,142.1,146.5,146.5,2723,17840.27,20443500,189000,19-DEC-2017,
FUTSTK,GSFC,25-Jan-2018,0,XX,144.5,147.6,143.55,147.2,147.2,149,982.75,639000,229500,19-DEC-2017,
FUTSTK,GSFC,22-Feb-2018,0,XX,0,0,0,141,147.65,0,0,9000,0,19-DEC-2017,
FUTSTK,HAVELLS,28-Dec-2017,0,XX,555,556.4,550.6,555.2,555.2,1598,17682.92,3226000,136000,19-DEC-2017,
FUTSTK,HAVELLS,25-Jan-2018,0,XX,557,558.45,553.2,557.8,557.8,42,466.79,168000,22000,19-DEC-2017,
FUTSTK,HAVELLS,22-Feb-2018,0,XX,0,0,0,516.85,560.35,0,0,0,0,19-DEC-2017,
FUTSTK,HCC,28-Dec-2017,0,XX,36.05,36.85,36,36.75,36.75,484,2118.21,33732000,-768000,19-DEC-2017,
FUTSTK,HCC,25-Jan-2018,0,XX,36.35,37,36.3,36.95,36.95,120,659.47,3570000,870000,19-DEC-2017,
FUTSTK,HCC,22-Feb-2018,0,XX,0,0,0,37.05,37.1,0,0,15000,0,19-DEC-2017,
FUTSTK,HCLTECH,28-Dec-2017,0,XX,891.9,891.9,868.45,873.4,873.4,2371,14515.93,8460200,56000,19-DEC-2017,
FUTSTK,HCLTECH,25-Jan-2018,0,XX,891.5,891.5,872.3,876.55,876.55,138,847.1,784700,32200,19-DEC-2017,
FUTSTK,HCLTECH,22-Feb-2018,0,XX,0,0,0,840.1,879.5,0,0,700,0,19-DEC-2017,
FUTSTK,HDFC,28-Dec-2017,0,XX,1723.45,1724,1711,1713.7,1713.7,4064,34891.68,12383500,377000,19-DEC-2017,
FUTSTK,HDFC,25-Jan-2018,0,XX,1728.15,1731.05,1717.1,1720.9,1720.9,409,3524.74,354500,138000,19-DEC-2017,
FUTSTK,HDFC,22-Feb-2018,0,XX,1750.05,1750.05,1727,1727,1728.9,3,26.02,6000,1500,19-DEC-2017,
FUTSTK,HDFCBANK,28-Dec-2017,0,XX,1882,1891.8,1874.4,1881.6,1881.6,9790,92130.35,20816500,440000,19-DEC-2017,
FUTSTK,HDFCBANK,25-Jan-2018,0,XX,1884,1893.95,1876.9,1882.85,1882.85,1261,11886.2,1512500,452500,19-DEC-2017,
FUTSTK,HDFCBANK,22-Feb-2018,0,XX,1885,1885,1885,1885,1885,1,9.42,2000,0,19-DEC-2017,
FUTSTK,HDIL,28-Dec-2017,0,XX,53.55,53.8,52.3,53.25,53.25,461,1967.48,33600000,-56000,19-DEC-2017,
FUTSTK,HDIL,25-Jan-2018,0,XX,53.8,53.8,53.5,53.5,53.5,3,14.48,729000,18000,19-DEC-2017,
FUTSTK,HDIL,22-Feb-2018,0,XX,0,0,0,58.5,53.65,0,0,72000,0,19-DEC-2017,
FUTSTK,HEROMOTOCO,28-Dec-2017,0,XX,3534.2,3710.85,3534.15,3702.6,3702.6,6455,46992.4,1715200,65600,19-DEC-2017,
FUTSTK,HEROMOTOCO,25-Jan-2018,0,XX,3573,3724.5,3573,3716.4,3716.4,749,5491.92,141200,83000,19-DEC-2017,
FUTSTK,HEROMOTOCO,22-Feb-2018,0,XX,3599,3739.95,3599,3739.95,3739.95,5,36.73,1400,1000,19-DEC-2017,
FUTSTK,HEXAWARE,28-Dec-2017,0,XX,321.85,324.3,319.95,322.7,322.7,1291,12491.75,5748000,156000,19-DEC-2017,
FUTSTK,HEXAWARE,25-Jan-2018,0,XX,319.5,322.85,319.5,320.65,320.65,62,597.82,288000,69000,19-DEC-2017,
FUTSTK,HEXAWARE,22-Feb-2018,0,XX,323.25,323.25,323.25,323.25,330.9,1,9.69,6000,0,19-DEC-2017,
FUTSTK,HINDALCO,28-Dec-2017,0,XX,251.85,255,250.75,254.4,254.4,4913,43558.24,39291000,-175000,19-DEC-2017,
FUTSTK,HINDALCO,25-Jan-2018,0,XX,252.15,256,252,255.55,255.55,201,1790.29,990500,175000,19-DEC-2017,
FUTSTK,HINDALCO,22-Feb-2018,0,XX,255,255,255,255,257.25,1,8.92,35000,0,19-DEC-2017,
FUTSTK,HINDPETRO,28-Dec-2017,0,XX,442.2,442.5,433.05,437.85,437.85,3213,22118.76,26215875,-198450,19-DEC-2017,
FUTSTK,HINDPETRO,25-Jan-2018,0,XX,438,439.55,434,437.4,437.4,144,991.27,976500,66150,19-DEC-2017,
FUTSTK,HINDPETRO,22-Feb-2018,0,XX,0,0,0,437,441.4,0,0,37800,0,19-DEC-2017,
FUTSTK,HINDUNILVR,28-Dec-2017,0,XX,1334.75,1352,1330.6,1350.25,1350.25,2140,17237.14,9762000,53400,19-DEC-2017,
FUTSTK,HINDUNILVR,25-Jan-2018,0,XX,1341.8,1357.5,1337.15,1356.15,1356.15,196,1587.25,255600,45600,19-DEC-2017,
FUTSTK,HINDUNILVR,22-Feb-2018,0,XX,1360.4,1360.4,1360.4,1360.4,1365.3,3,24.48,2400,1800,19-DEC-2017,
FUTSTK,HINDZINC,28-Dec-2017,0,XX,301.05,303.75,298.95,303.15,303.15,1036,10008.8,6726400,89600,19-DEC-2017,
FUTSTK,HINDZINC,25-Jan-2018,0,XX,300.05,305,300.05,304.6,304.6,45,437.63,224000,73600,19-DEC-2017,
FUTSTK,HINDZINC,22-Feb-2018,0,XX,0,0,0,303.85,305.35,0,0,0,0,19-DEC-2017,
FUTSTK,IBULHSGFIN,28-Dec-2017,0,XX,1209.1,1212,1192,1205.65,1205.65,3393,16337.94,11128400,64000,19-DEC-2017,
FUTSTK,IBULHSGFIN,25-Jan-2018,0,XX,1207.55,1216.9,1200,1211.15,1211.15,168,811.92,128000,26800,19-DEC-2017,
FUTSTK,IBULHSGFIN,22-Feb-2018,0,XX,0,0,0,1223.7,1216.1,0,0,0,0,19-DEC-2017,
FUTSTK,ICICIBANK,28-Dec-2017,0,XX,310.5,315.2,309.3,313.85,313.85,8335,71796.07,76469250,-2282500,19-DEC-2017,
FUTSTK,ICICIBANK,25-Jan-2018,0,XX,312,316.35,312,314.95,314.95,361,3124.54,1831500,338250,19-DEC-2017,
FUTSTK,ICICIBANK,22-Feb-2018,0,XX,0,0,0,305.1,317.35,0,0,90750,0,19-DEC-2017,
FUTSTK,ICICIPRULI,28-Dec-2017,0,XX,383,398,382.9,396,396,1931,9834.4,6035900,-319800,19-DEC-2017,
FUTSTK,ICICIPRULI,25-Jan-2018,0,XX,386.25,399.75,386.2,397.9,397.9,176,901.89,169000,39000,19-DEC-2017,
FUTSTK,ICICIPRULI,22-Feb-2018,0,XX,0,0,0,389.35,399.9,0,0,1300,0,19-DEC-2017,
FUTSTK,ICIL,28-Dec-2017,0,XX,112.5,116.95,112.25,115.9,115.9,697,2786.05,10689000,189000,19-DEC-2017,
FUTSTK,ICIL,25-Jan-2018,0,XX,114.4,114.4,114.4,114.4,116.1,1,5.72,30000,0,19-DEC-2017,
FUTSTK,IDBI,28-Dec-2017,0,XX,59,59.2,58.15,58.9,58.9,674,3161.82,21672000,128000,19-DEC-2017,
FUTSTK,IDBI,25-Jan-2018,0,XX,59.45,59.45,58.6,59.15,59.15,61,359.51,1880000,270000,19-DEC-2017,
FUTSTK,IDBI,22-Feb-2018,0,XX,59.35,59.35,59.35,59.35,59.35,1,5.93,60000,10000,19-DEC-2017,
FUTSTK,IDEA,28-Dec-2017,0,XX,94.6,99.2,94.3,98.75,98.75,4111,28007.86,46452000,2051000,19-DEC-2017,
FUTSTK,IDEA,25-Jan-2018,0,XX,95.5,99.6,95,99.3,99.3,196,1342.44,1302000,497000,19-DEC-2017,
FUTSTK,IDEA,22-Feb-2018,0,XX,98.4,98.4,98.4,98.4,99.75,2,13.75,56000,-7000,19-DEC-2017,
FUTSTK,IDFC,28-Dec-2017,0,XX,58.55,59.05,58.15,58.7,58.7,800,6193.7,144711600,-422400,19-DEC-2017,
FUTSTK,IDFC,25-Jan-2018,0,XX,59.2,59.4,58.5,59.05,59.05,188,1465.13,4804800,1848000,19-DEC-2017,
FUTSTK,IDFC,22-Feb-2018,0,XX,0,0,0,63.3,59.2,0,0,0,0,19-DEC-2017,
FUTSTK,IDFCBANK,28-Dec-2017,0,XX,52.45,53.9,52.45,53.7,53.7,1488,7153.64,129771000,-2214000,19-DEC-2017,
FUTSTK,IDFCBANK,25-Jan-2018,0,XX,52.8,54.1,52.8,54,54,414,1999.32,11376000,2205000,19-DEC-2017,
FUTSTK,IDFCBANK,22-Feb-2018,0,XX,54.35,54.35,53.8,53.8,54.3,2,9.73,171000,18000,19-DEC-2017,
FUTSTK,IFCI,28-Dec-2017,0,XX,23.6,23.7,23.4,23.65,23.65,393,2037.27,83534000,-22000,19-DEC-2017,
FUTSTK,IFCI,25-Jan-2018,0,XX,23.8,23.85,23.55,23.8,23.8,92,479.22,8228000,1562000,19-DEC-2017,
FUTSTK,IFCI,22-Feb-2018,0,XX,23.8,23.8,23.8,23.8,23.9,4,20.94,748000,88000,19-DEC-2017,
FUTSTK,IGL,28-Dec-2017,0,XX,327.9,331.85,326,329.3,329.3,1519,13763.37,6215000,11000,19-DEC-2017,
FUTSTK,IGL,25-Jan-2018,0,XX,329.05,333.5,329.05,330.7,330.7,89,810.05,310750,96250,19-DEC-2017,
FUTSTK,IGL,22-Feb-2018,0,XX,0,0,0,330,331.75,0,0,5500,0,19-DEC-2017,
FUTSTK,INDIACEM,28-Dec-2017,0,XX,166.5,172.45,165.95,171.9,171.9,4158,24779.97,28437500,91000,19-DEC-2017,
FUTSTK,INDIACEM,25-Jan-2018,0,XX,167,173.15,167,172.8,172.8,408,2445.87,1456000,423500,19-DEC-2017,
FUTSTK,INDIACEM,22-Feb-2018,0,XX,170.6,174,170.6,174,174,2,12.06,31500,0,19-DEC-2017,
FUTSTK,INDIANB,28-Dec-2017,0,XX,392.95,394.9,390.7,392.6,392.6,1145,8992.7,4224000,-34000,19-DEC-2017,
FUTSTK,INDIANB,25-Jan-2018,0,XX,388.9,397,388.9,394.75,394.75,31,244.65,110000,30000,19-DEC-2017,
FUTSTK,INDIANB,22-Feb-2018,0,XX,0,0,0,398.5,396.35,0,0,0,0,19-DEC-2017,
FUTSTK,INDIGO,28-Dec-2017,0,XX,1146.25,1168.65,1143,1162.3,1162.3,1344,9332.55,2583600,42000,19-DEC-2017,
FUTSTK,INDIGO,25-Jan-2018,0,XX,1157.75,1173.35,1154.5,1166.95,1166.95,164,1147.67,95400,36600,19-DEC-2017,
FUTSTK,INDIGO,22-Feb-2018,0,XX,0,0,0,1138.15,1171.05,0,0,0,0,19-DEC-2017,
FUTSTK,INDUSINDBK,28-Dec-2017,0,XX,1678.25,1679.45,1665.7,1671.45,1671.45,3766,18884.65,5312700,-15600,19-DEC-2017,
FUTSTK,INDUSINDBK,25-Jan-2018,0,XX,1686.2,1686.2,1667.9,1673.1,1673.1,686,3443.33,356400,157200,19-DEC-2017,
FUTSTK,INDUSINDBK,22-Feb-2018,0,XX,1677.45,1678,1676,1678,1678,12,60.37,3600,3600,19-DEC-2017,
FUTSTK,INFIBEAM,28-Dec-2017,0,XX,164.6,167.25,161.2,164.2,164.2,3569,23405.04,32020000,-4112000,19-DEC-2017,
FUTSTK,INFIBEAM,25-Jan-2018,0,XX,166,167.8,162.5,164.9,164.9,1715,11273.47,9880000,5932000,19-DEC-2017,
FUTSTK,INFIBEAM,22-Feb-2018,0,XX,0,0,0,172.6,166.55,0,0,0,0,19-DEC-2017,
FUTSTK,INFRATEL,28-Dec-2017,0,XX,363.25,364.9,359.55,363.1,363.1,1225,7547.44,10057200,-266900,19-DEC-2017,
FUTSTK,INFRATEL,25-Jan-2018,0,XX,363,366.5,361.45,364.35,364.35,123,759.39,1043800,76500,19-DEC-2017,
FUTSTK,INFRATEL,22-Feb-2018,0,XX,363.7,363.7,363.7,363.7,366.7,2,12.36,3400,3400,19-DEC-2017,
FUTSTK,INFY,28-Dec-2017,0,XX,1014.2,1016.6,1000.55,1004.05,1004.05,7957,40049.28,29802000,-260500,19-DEC-2017,
FUTSTK,INFY,25-Jan-2018,0,XX,1017.45,1020.35,1005.7,1008.95,1008.95,818,4960.77,1027200,210600,19-DEC-2017,
FUTSTK,INFY,22-Feb-2018,0,XX,1000,1022,1000,1010,1010,13,79.15,14400,4800,19-DEC-2017,
FUTSTK,IOC,28-Dec-2017,0,XX,412.75,414.3,407.85,411.3,411.3,2082,12815.79,12213000,-108000,19-DEC-2017,
FUTSTK,IOC,25-Jan-2018,0,XX,414,414,408.25,411.15,411.15,135,830.64,622500,81000,19-DEC-2017,
FUTSTK,IOC,22-Feb-2018,0,XX,408.8,408.8,405.2,407.25,414.65,4,24.42,57000,1500,19-DEC-2017,
FUTSTK,IRB,28-Dec-2017,0,XX,222.5,228.5,220.7,227.9,227.9,1847,10390.85,14767500,-332500,19-DEC-2017,
FUTSTK,IRB,25-Jan-2018,0,XX,223.45,229.5,221.6,229.15,229.15,82,463.05,542500,67500,19-DEC-2017,
FUTSTK,IRB,22-Feb-2018,0,XX,0,0,0,233.15,230.45,0,0,0,0,19-DEC-2017,
FUTSTK,ITC,28-Dec-2017,0,XX,264.6,265.9,263.9,265.1,265.1,3737,23752.24,82058400,676800,19-DEC-2017,
FUTSTK,ITC,25-Jan-2018,0,XX,266.65,267.2,265.15,266.25,266.25,493,3147.6,7639200,544800,19-DEC-2017,
FUTSTK,ITC,22-Feb-2018,0,XX,267.95,267.95,267,267.35,267.3,3,19.25,60000,4800,19-DEC-2017,
FUTSTK,JETAIRWAYS,28-Dec-2017,0,XX,698.95,724.7,698,721.75,721.75,8802,75578.37,7596000,981600,19-DEC-2017,
FUTSTK,JETAIRWAYS,25-Jan-2018,0,XX,704.1,727.5,701.85,725.1,725.1,376,3250.74,444000,189600,19-DEC-2017,
FUTSTK,JETAIRWAYS,22-Feb-2018,0,XX,720,720,720,720,728.75,1,8.64,2400,0,19-DEC-2017,
FUTSTK,JINDALSTEL,28-Dec-2017,0,XX,177.2,180.9,174.9,180.3,180.3,6096,48961.58,34020000,207000,19-DEC-2017,
FUTSTK,JINDALSTEL,25-Jan-2018,0,XX,178.05,181.6,176,181.3,181.3,316,2553.54,1224000,288000,19-DEC-2017,
FUTSTK,JINDALSTEL,22-Feb-2018,0,XX,182,182,182,182,182,1,8.19,4500,4500,19-DEC-2017,
FUTSTK,JISLJALEQS,28-Dec-2017,0,XX,111,123.25,111,121.95,121.95,2373,25415.11,43443000,-1755000,19-DEC-2017,
FUTSTK,JISLJALEQS,25-Jan-2018,0,XX,116.8,122.8,116.8,122.5,122.5,50,536.09,675000,-144000,19-DEC-2017,
FUTSTK,JISLJALEQS,22-Feb-2018,0,XX,0,0,0,121.65,123.3,0,0,0,0,19-DEC-2017,
FUTSTK,JPASSOCIAT,28-Dec-2017,0,XX,17.2,17.3,17,17.15,17.15,168,977.31,220626000,-2142000,19-DEC-2017,
FUTSTK,JPASSOCIAT,25-Jan-2018,0,XX,17.25,17.25,17.2,17.2,17.2,17,99.73,4556000,510000,19-DEC-2017,
FUTSTK,JPASSOCIAT,22-Feb-2018,0,XX,0,0,0,18.4,17.3,0,0,0,0,19-DEC-2017,
FUTSTK,JSWENERGY,28-Dec-2017,0,XX,80.75,82.6,80.5,81.95,81.95,431,2979.36,60724000,-756500,19-DEC-2017,
FUTSTK,JSWENERGY,25-Jan-2018,0,XX,82.5,83,82.5,82.35,82.35,7,48.96,1079500,-25500,19-DEC-2017,
FUTSTK,JSWSTEEL,28-Dec-2017,0,XX,255.45,260.25,253.95,257.95,257.95,2594,19951.77,52500000,816000,19-DEC-2017,
FUTSTK,JSWSTEEL,25-Jan-2018,0,XX,258,260.95,255.2,258.6,258.6,230,1774.12,750000,372000,19-DEC-2017,
FUTSTK,JSWSTEEL,22-Feb-2018,0,XX,0,0,0,258.65,259.4,0,0,0,0,19-DEC-2017,
FUTSTK,JUBLFOOD,28-Dec-2017,0,XX,1748.15,1772.85,1748.1,1768,1768,2114,18649.96,2297500,-11000,19-DEC-2017,
FUTSTK,JUBLFOOD,25-Jan-2018,0,XX,1769.95,1777.5,1754.3,1774.55,1774.55,113,1000.5,134000,10500,19-DEC-2017,
FUTSTK,JUBLFOOD,22-Feb-2018,0,XX,0,0,0,1750,1783.55,0,0,500,0,19-DEC-2017,
FUTSTK,JUSTDIAL,28-Dec-2017,0,XX,500,502,492.95,497.95,497.95,1813,10809.09,3213600,194400,19-DEC-2017,
FUTSTK,JUSTDIAL,25-Jan-2018,0,XX,503.4,503.4,496.1,501,501,47,328.64,93800,19600,19-DEC-2017,
FUTSTK,JUSTDIAL,22-Feb-2018,0,XX,0,0,0,538,501.55,0,0,0,0,19-DEC-2017,
FUTSTK,KAJARIACER,28-Dec-2017,0,XX,705.05,712,703.1,711.05,711.05,461,2613.77,1665600,-24800,19-DEC-2017,
FUTSTK,KAJARIACER,25-Jan-2018,0,XX,710,714.95,707,714.95,714.95,13,73.86,18400,6400,19-DEC-2017,
FUTSTK,KAJARIACER,22-Feb-2018,0,XX,0,0,0,734.8,718.6,0,0,0,0,19-DEC-2017,
FUTSTK,KOTAKBANK,28-Dec-2017,0,XX,1029.1,1029.55,1014,1020.65,1020.65,3191,26027.59,8606400,368800,19-DEC-2017,
FUTSTK,KOTAKBANK,25-Jan-2018,0,XX,1029.6,1029.6,1019,1023.95,1023.95,461,3770.08,670400,222400,19-DEC-2017,
FUTSTK,KOTAKBANK,22-Feb-2018,0,XX,0,0,0,1015.1,1033.15,0,0,0,0,19-DEC-2017,
FUTSTK,KPIT,28-Dec-2017,0,XX,170.95,177.6,170.3,176.75,176.75,1717,12085.31,10648000,16000,19-DEC-2017,
FUTSTK,KPIT,25-Jan-2018,0,XX,172.65,177.95,172.65,177.7,177.7,34,270.23,180000,49500,19-DEC-2017,
FUTSTK,KPIT,22-Feb-2018,0,XX,0,0,0,173.2,178.7,0,0,0,0,19-DEC-2017,
FUTSTK,KSCL,28-Dec-2017,0,XX,540.65,556.95,539,555.1,555.1,1251,10331.92,3967500,-55500,19-DEC-2017,
FUTSTK,KSCL,25-Jan-2018,0,XX,544.95,558.9,544,557.6,557.6,47,388.05,85500,7500,19-DEC-2017,
FUTSTK,KSCL,22-Feb-2018,0,XX,0,0,0,551.3,559.85,0,0,0,0,19-DEC-2017,
FUTSTK,KTKBANK,28-Dec-2017,0,XX,149,150.9,148.95,150.55,150.55,922,5256.72,22123600,-106400,19-DEC-2017,
FUTSTK,KTKBANK,25-Jan-2018,0,XX,150.5,151.45,149.9,151.25,151.25,106,607.62,1056400,269800,19-DEC-2017,
FUTSTK,KTKBANK,22-Feb-2018,0,XX,151.7,151.95,151.7,151.75,151.65,5,28.84,30400,15200,19-DEC-2017,
FUTSTK,L&TFH,28-Dec-2017,0,XX,172.45,178.65,171.45,177.95,177.95,6073,47948.54,49495500,-1435500,19-DEC-2017,
FUTSTK,L&TFH,25-Jan-2018,0,XX,173,179.55,173,179.05,179.05,382,3027.89,3352500,418500,19-DEC-2017,
FUTSTK,L&TFH,22-Feb-2018,0,XX,174,180.35,174,180.35,180.35,13,103.36,166500,27000,19-DEC-2017,
FUTSTK,LICHSGFIN,28-Dec-2017,0,XX,561.3,567.45,559.75,566.05,566.05,2641,16380.47,15721200,-67100,19-DEC-2017,
FUTSTK,LICHSGFIN,25-Jan-2018,0,XX,567.2,570.7,562.95,568.5,568.5,297,1851.96,645700,104500,19-DEC-2017,
FUTSTK,LICHSGFIN,22-Feb-2018,0,XX,0,0,0,567,571.8,0,0,3300,0,19-DEC-2017,
FUTSTK,LT,28-Dec-2017,0,XX,1218.95,1225.5,1215.15,1221.35,1221.35,3531,32304.55,13773750,318750,19-DEC-2017,
FUTSTK,LT,25-Jan-2018,0,XX,1228.3,1229.75,1221,1226.65,1226.65,326,2994.79,495750,142500,19-DEC-2017,
FUTSTK,LT,22-Feb-2018,0,XX,0,0,0,1233,1234,0,0,10500,0,19-DEC-2017,
FUTSTK,LUPIN,28-Dec-2017,0,XX,868,873,862.15,869.65,869.65,3302,11456.74,11452000,-39600,19-DEC-2017,
FUTSTK,LUPIN,25-Jan-2018,0,XX,876.3,877,866.8,874,874,746,3903.7,753000,180000,19-DEC-2017,
FUTSTK,LUPIN,22-Feb-2018,0,XX,875,881.95,871.05,874.7,874.7,4,20.99,15600,-600,19-DEC-2017,
FUTSTK,M&M,28-Dec-2017,0,XX,1536,1558.6,1520.3,1553.85,1553.85,13028,100303.56,7637500,1162000,19-DEC-2017,
FUTSTK,M&M,25-Jan-2018,0,XX,1536,1560.25,1523,1555.15,1555.15,1764,13592.34,1055000,543000,19-DEC-2017,
FUTSTK,M&M,22-Feb-2018,0,XX,0,0,0,1502.95,1574.25,0,0,1000,0,19-DEC-2017,
FUTSTK,M&MFIN,28-Dec-2017,0,XX,463.15,475.65,463.15,473.45,473.45,3344,19731.9,6522500,62500,19-DEC-2017,
FUTSTK,M&MFIN,25-Jan-2018,0,XX,469.9,478,469.05,475.5,475.5,166,983.64,180000,32500,19-DEC-2017,
FUTSTK,M&MFIN,22-Feb-2018,0,XX,0,0,0,444.9,479.85,0,0,0,0,19-DEC-2017,
FUTSTK,MANAPPURAM,28-Dec-2017,0,XX,102.4,106.25,101.9,105.25,105.25,1799,11245.39,36942000,840000,19-DEC-2017,
FUTSTK,MANAPPURAM,25-Jan-2018,0,XX,103.35,106.65,102.5,105.9,105.9,146,916.63,834000,108000,19-DEC-2017,
FUTSTK,MANAPPURAM,22-Feb-2018,0,XX,105,106.5,105,105.7,105.7,4,25.36,102000,-12000,19-DEC-2017,
FUTSTK,MARICO,28-Dec-2017,0,XX,308.55,314.4,308.55,313.75,313.75,521,4227.73,5330000,-262600,19-DEC-2017,
FUTSTK,MARICO,25-Jan-2018,0,XX,311.45,315.75,311.45,315.65,315.65,15,122.32,78000,20800,19-DEC-2017,
FUTSTK,MARICO,22-Feb-2018,0,XX,0,0,0,310.55,316.9,0,0,0,0,19-DEC-2017,
FUTSTK,MARUTI,28-Dec-2017,0,XX,9363.85,9864,9350.05,9818.6,9818.6,38115,275660.31,2001225,79200,19-DEC-2017,
FUTSTK,MARUTI,25-Jan-2018,0,XX,9418.95,9909.15,9388.4,9864.35,9864.35,2850,20682.27,172575,77025,19-DEC-2017,
FUTSTK,MARUTI,22-Feb-2018,0,XX,9499,9940,9487.9,9905.7,9905.7,97,705.28,10275,3225,19-DEC-2017,
FUTSTK,MCDOWELL-N,28-Dec-2017,0,XX,3431,3494.95,3424.05,3486.6,3486.6,4350,37736.06,2031000,7250,19-DEC-2017,
FUTSTK,MCDOWELL-N,25-Jan-2018,0,XX,3443.1,3510,3443.1,3498.1,3498.1,158,1376.87,43000,17750,19-DEC-2017,
FUTSTK,MCDOWELL-N,22-Feb-2018,0,XX,0,0,0,3333.25,3525.25,0,0,0,0,19-DEC-2017,
FUTSTK,MCX,28-Dec-2017,0,XX,976.9,984,961.55,965.3,965.3,1067,5179.47,2270500,88500,19-DEC-2017,
FUTSTK,MCX,25-Jan-2018,0,XX,985.85,988.1,966.05,968.5,968.5,324,1575.21,172000,119000,19-DEC-2017,
FUTSTK,MCX,22-Feb-2018,0,XX,0,0,0,999,971.4,0,0,3000,0,19-DEC-2017,
FUTSTK,MFSL,28-Dec-2017,0,XX,559.9,572.5,559.6,570.15,570.15,879,4979.18,3155000,-21000,19-DEC-2017,
FUTSTK,MFSL,25-Jan-2018,0,XX,565,565,565,565,572.55,1,5.65,21000,1000,19-DEC-2017,
FUTSTK,MFSL,22-Feb-2018,0,XX,0,0,0,556.05,575.4,0,0,0,0,19-DEC-2017,
FUTSTK,MGL,28-Dec-2017,0,XX,1122,1141,1120.1,1137.45,1137.45,726,4934.13,1141800,3600,19-DEC-2017,
FUTSTK,MGL,25-Jan-2018,0,XX,1134.4,1144,1129,1142,1140.7,20,136.32,34200,2400,19-DEC-2017,
FUTSTK,MGL,22-Feb-2018,0,XX,0,0,0,1119.5,1146.35,0,0,12600,0,19-DEC-2017,
FUTSTK,MINDTREE,28-Dec-2017,0,XX,578,579.65,570.8,572.3,572.3,640,4415.03,1647600,-28800,19-DEC-2017,
FUTSTK,MINDTREE,25-Jan-2018,0,XX,576.5,576.5,575.8,575.8,575.05,2,13.82,39600,0,19-DEC-2017,
FUTSTK,MINDTREE,22-Feb-2018,0,XX,0,0,0,547.2,577.9,0,0,0,0,19-DEC-2017,
FUTSTK,MOTHERSUMI,28-Dec-2017,0,XX,380.8,396,380.8,393.8,393.8,4331,63563.99,12281250,-45000,19-DEC-2017,
FUTSTK,MOTHERSUMI,25-Jan-2018,0,XX,386,397.4,382.05,395.85,395.85,502,3160.2,318400,16000,19-DEC-2017,
FUTSTK,MOTHERSUMI,22-Feb-2018,0,XX,391.55,397.8,391.55,397.8,397,3,18.89,11200,4800,19-DEC-2017,
FUTSTK,MRF,28-Dec-2017,0,XX,69100,69901.5,68800,69688.7,69688.7,1035,10764.6,67425,60,19-DEC-2017,
FUTSTK,MRF,25-Jan-2018,0,XX,68769.4,70152.15,68167.85,69986.15,69986.15,52,543.17,1020,-45,19-DEC-2017,
FUTSTK,MRF,22-Feb-2018,0,XX,0,0,0,69597.95,70190.1,0,0,0,0,19-DEC-2017,
FUTSTK,MRPL,28-Dec-2017,0,XX,124.5,124.55,122.75,124.15,124.15,384,2139.86,10413000,-67500,19-DEC-2017,
FUTSTK,MRPL,25-Jan-2018,0,XX,125.25,125.25,123.5,124.85,124.85,47,262.98,243000,121500,19-DEC-2017,
FUTSTK,MRPL,22-Feb-2018,0,XX,0,0,0,124.15,125.25,0,0,0,0,19-DEC-2017,
FUTSTK,MUTHOOTFIN,28-Dec-2017,0,XX,442.45,447.85,442.15,445.55,445.55,707,4717.2,2404500,-91500,19-DEC-2017,
FUTSTK,MUTHOOTFIN,25-Jan-2018,0,XX,445.05,449.9,444.5,444.5,447.55,19,127.24,37500,10500,19-DEC-2017,
FUTSTK,MUTHOOTFIN,22-Feb-2018,0,XX,0,0,0,445,449.75,0,0,6000,0,19-DEC-2017,
FUTSTK,NATIONALUM,28-Dec-2017,0,XX,79,79.3,78.15,78.85,78.85,937,5901.08,38608000,416000,19-DEC-2017,
FUTSTK,NATIONALUM,25-Jan-2018,0,XX,78.95,79.8,78.55,79.2,79.2,174,1099.36,1968000,904000,19-DEC-2017,
FUTSTK,NATIONALUM,22-Feb-2018,0,XX,0,0,0,79.1,79.45,0,0,40000,0,19-DEC-2017,
FUTSTK,NBCC,28-Dec-2017,0,XX,250.35,254.55,250.2,253.35,253.35,951,7211.99,9951000,39000,19-DEC-2017,
FUTSTK,NBCC,25-Jan-2018,0,XX,252.85,255.45,252.85,254.4,254.4,110,838.69,531000,168000,19-DEC-2017,
FUTSTK,NBCC,22-Feb-2018,0,XX,0,0,0,245.05,255.15,0,0,3000,0,19-DEC-2017,
FUTSTK,NCC,28-Dec-2017,0,XX,121.2,124.7,120.8,124.4,124.4,2152,21165.57,25072000,-488000,19-DEC-2017,
FUTSTK,NCC,25-Jan-2018,0,XX,122.45,125.25,122,124.95,124.95,85,841.34,984000,152000,19-DEC-2017,
FUTSTK,NCC,22-Feb-2018,0,XX,0,0,0,120.3,125.6,0,0,8000,0,19-DEC-2017,
FUTSTK,NESTLEIND,28-Dec-2017,0,XX,7939.95,7964.65,7890,7915.4,7915.4,138,1093.83,124000,1500,19-DEC-2017,
FUTSTK,NESTLEIND,25-Jan-2018,0,XX,7975,7975,7950,7959.95,7949,8,63.7,1800,500,19-DEC-2017,
FUTSTK,NESTLEIND,22-Feb-2018,0,XX,0,0,0,7776.85,7988.35,0,0,0,0,19-DEC-2017,
FUTSTK,NHPC,28-Dec-2017,0,XX,28.4,28.5,28.1,28.3,28.3,408,3117.7,38259000,297000,19-DEC-2017,
FUTSTK,NHPC,25-Jan-2018,0,XX,28.25,28.45,28.1,28.25,28.25,91,694.42,4779000,1296000,19-DEC-2017,
FUTSTK,NHPC,22-Feb-2018,0,XX,28.05,28.05,27.9,27.95,28.65,6,45.34,270000,162000,19-DEC-2017,
FUTSTK,NIITTECH,28-Dec-2017,0,XX,622,630.15,620.55,624.35,624.35,614,5763.44,960000,1500,19-DEC-2017,
FUTSTK,NIITTECH,25-Jan-2018,0,XX,630,631.75,623.35,629.1,629.1,6,56.59,15000,1500,19-DEC-2017,
FUTSTK,NIITTECH,22-Feb-2018,0,XX,0,0,0,648.45,629.5,0,0,0,0,19-DEC-2017,
FUTSTK,NMDC,28-Dec-2017,0,XX,135.25,136.9,135,135.85,135.85,2558,20858.06,27984000,84000,19-DEC-2017,
FUTSTK,NMDC,25-Jan-2018,0,XX,136.3,137.45,135.7,136.45,136.45,181,1481.64,2082000,612000,19-DEC-2017,
FUTSTK,NMDC,22-Feb-2018,0,XX,135.8,135.8,133.85,134.65,137.3,6,48.63,168000,36000,19-DEC-2017,
FUTSTK,NTPC,28-Dec-2017,0,XX,178.15,179.95,177.1,179.75,179.75,1419,10150.1,32556000,-392000,19-DEC-2017,
FUTSTK,NTPC,25-Jan-2018,0,XX,178.65,180.5,177.65,180.25,180.25,146,1047.71,1132000,348000,19-DEC-2017,
FUTSTK,NTPC,22-Feb-2018,0,XX,179,179,179,179,182.15,2,14.28,56000,8000,19-DEC-2017,
FUTSTK,OFSS,28-Dec-2017,0,XX,3933.7,4119.9,3933.7,4097.75,4097.75,991,6028.33,84750,19650,19-DEC-2017,
FUTSTK,OFSS,25-Jan-2018,0,XX,4100,4122.35,4100,4122.35,4122.35,3,18.48,750,450,19-DEC-2017,
FUTSTK,OFSS,22-Feb-2018,0,XX,0,0,0,3748.7,4129.85,0,0,0,0,19-DEC-2017,
FUTSTK,OIL,28-Dec-2017,0,XX,353.95,357.2,352.05,353.65,353.65,380,3052.82,2562846,-11330,19-DEC-2017,
FUTSTK,OIL,25-Jan-2018,0,XX,355.5,356,352.5,353.9,355.65,8,64.28,101970,15862,19-DEC-2017,
FUTSTK,OIL,22-Feb-2018,0,XX,0,0,0,367.3,357.4,0,0,2266,0,19-DEC-2017,
FUTSTK,ONGC,28-Dec-2017,0,XX,184.2,186.3,184.15,185.45,185.45,1824,12675.69,42022500,-1012500,19-DEC-2017,
FUTSTK,ONGC,25-Jan-2018,0,XX,185.3,186.8,185.05,186,186,180,1256.29,2895000,251250,19-DEC-2017,
FUTSTK,ONGC,22-Feb-2018,0,XX,186.8,186.8,186.45,186.45,186.45,3,21,187500,11250,19-DEC-2017,
FUTSTK,ORIENTBANK,28-Dec-2017,0,XX,123.5,125.55,121.7,124.25,124.25,1580,11714.19,14760000,-120000,19-DEC-2017,
FUTSTK,ORIENTBANK,25-Jan-2018,0,XX,124.5,126.1,122.8,124.85,124.85,82,611.23,942000,174000,19-DEC-2017,
FUTSTK,ORIENTBANK,22-Feb-2018,0,XX,0,0,0,124.6,125.35,0,0,12000,0,19-DEC-2017,
FUTSTK,PAGEIND,28-Dec-2017,0,XX,24300,25524.2,24221.9,25284.45,25284.45,1720,21517.52,52900,14150,19-DEC-2017,
FUTSTK,PAGEIND,25-Jan-2018,0,XX,24449,25497.95,24300,25251,25251,42,524.37,2700,800,19-DEC-2017,
FUTSTK,PAGEIND,22-Feb-2018,0,XX,0,0,0,24200,25620.1,0,0,100,0,19-DEC-2017,
FUTSTK,PCJEWELLER,28-Dec-2017,0,XX,447.65,458.8,446.5,451.9,451.9,7066,48039.64,9990000,-9000,19-DEC-2017,
FUTSTK,PCJEWELLER,25-Jan-2018,0,XX,452.05,460.5,450,453.95,453.95,203,1386.81,234000,61500,19-DEC-2017,
FUTSTK,PCJEWELLER,22-Feb-2018,0,XX,0,0,0,450,455.5,0,0,24000,0,19-DEC-2017,
FUTSTK,PEL,28-Dec-2017,0,XX,2835.05,2893,2817.2,2880.75,2880.75,2292,19651.08,1698300,33300,19-DEC-2017,
FUTSTK,PEL,25-Jan-2018,0,XX,2851.65,2907,2833.8,2896.25,2896.25,191,1641.61,156000,17700,19-DEC-2017,
FUTSTK,PEL,22-Feb-2018,0,XX,0,0,0,2860,2904.15,0,0,600,0,19-DEC-2017,
FUTSTK,PETRONET,28-Dec-2017,0,XX,254.9,255.9,252.65,255.25,255.25,1223,9331.98,16776000,-132000,19-DEC-2017,
FUTSTK,PETRONET,25-Jan-2018,0,XX,255,256.8,254,256.3,256.3,100,766.03,570000,75000,19-DEC-2017,
FUTSTK,PETRONET,22-Feb-2018,0,XX,0,0,0,250,257.1,0,0,6000,0,19-DEC-2017,
FUTSTK,PFC,28-Dec-2017,0,XX,125.5,125.5,120.7,121.45,121.45,4469,32762.25,63204000,228000,19-DEC-2017,
FUTSTK,PFC,25-Jan-2018,0,XX,125,125.2,121.2,121.95,121.95,498,3659.89,5580000,1476000,19-DEC-2017,
FUTSTK,PFC,22-Feb-2018,0,XX,122.65,123.05,121.05,121.7,121.7,14,102.45,588000,30000,19-DEC-2017,
FUTSTK,PIDILITIND,28-Dec-2017,0,XX,888.65,895,879.25,886.8,886.8,954,8472.14,1063000,21000,19-DEC-2017,
FUTSTK,PIDILITIND,25-Jan-2018,0,XX,888.3,899.35,881.7,890,890,19,169.52,59000,6000,19-DEC-2017,
FUTSTK,PIDILITIND,22-Feb-2018,0,XX,0,0,0,854.7,895,0,0,0,0,19-DEC-2017,
FUTSTK,PNB,28-Dec-2017,0,XX,180.65,181.2,176.55,178.95,178.95,7336,45956.21,42934500,-717500,19-DEC-2017,
FUTSTK,PNB,25-Jan-2018,0,XX,181.75,182.05,177.5,179.8,179.8,326,2344.36,1672000,532000,19-DEC-2017,
FUTSTK,PNB,22-Feb-2018,0,XX,179.5,180,178.35,180,180.85,7,50.14,40000,12000,19-DEC-2017,
FUTSTK,POWERGRID,28-Dec-2017,0,XX,201.1,203.2,199.9,202.8,202.8,2061,16626.81,23516000,-80000,19-DEC-2017,
FUTSTK,POWERGRID,25-Jan-2018,0,XX,201.85,203.55,200.8,203.35,203.35,149,1205.19,992000,172000,19-DEC-2017,
FUTSTK,POWERGRID,22-Feb-2018,0,XX,202,203.2,201.5,203.2,204.95,10,81.02,68000,16000,19-DEC-2017,
FUTSTK,PTC,28-Dec-2017,0,XX,113.5,115.1,113.2,114.05,114.05,1137,10376.64,20880000,408000,19-DEC-2017,
FUTSTK,PTC,25-Jan-2018,0,XX,114.6,115.6,113.9,114.7,114.7,70,641.42,1032000,176000,19-DEC-2017,
FUTSTK,PTC,22-Feb-2018,0,XX,0,0,0,117,114.95,0,0,24000,0,19-DEC-2017,
FUTSTK,PVR,28-Dec-2017,0,XX,1347.8,1352,1330.25,1346.4,1346.4,710,3813.22,526000,9600,19-DEC-2017,
FUTSTK,PVR,25-Jan-2018,0,XX,1353,1355,1338.95,1355,1355,11,59.35,23200,800,19-DEC-2017,
FUTSTK,PVR,22-Feb-2018,0,XX,1365,1365,1365,1365,1361.95,1,5.46,800,400,19-DEC-2017,
FUTSTK,RAMCOCEM,28-Dec-2017,0,XX,719.05,721.3,712.4,717.5,717.5,117,671.62,443200,10400,19-DEC-2017,
FUTSTK,RAMCOCEM,25-Jan-2018,0,XX,0,0,0,725.5,718.8,0,0,1600,0,19-DEC-2017,
FUTSTK,RAMCOCEM,22-Feb-2018,0,XX,0,0,0,710.4,722.35,0,0,0,0,19-DEC-2017,
FUTSTK,RAYMOND,28-Dec-2017,0,XX,1030,1035.45,1022.55,1031.35,1031.35,3417,28142.22,4080000,-44800,19-DEC-2017,
FUTSTK,RAYMOND,25-Jan-2018,0,XX,1030,1040,1028.05,1035.9,1035.9,84,695.07,77600,16800,19-DEC-2017,
FUTSTK,RAYMOND,22-Feb-2018,0,XX,1038.5,1038.5,1038.5,1038.5,1039.35,1,8.3,1600,800,19-DEC-2017,
FUTSTK,RBLBANK,28-Dec-2017,0,XX,508.55,520.75,508.55,519.35,519.35,2323,12009.06,5582000,-52000,19-DEC-2017,
FUTSTK,RBLBANK,25-Jan-2018,0,XX,514.95,523.15,513.5,521.65,521.65,302,1570.83,313000,39000,19-DEC-2017,
FUTSTK,RBLBANK,22-Feb-2018,0,XX,0,0,0,524.4,523.45,0,0,0,0,19-DEC-2017,
FUTSTK,RCOM,28-Dec-2017,0,XX,11.95,13.15,11.9,12.85,12.85,3069,5379.38,111398000,3612000,19-DEC-2017,
FUTSTK,RCOM,25-Jan-2018,0,XX,12.05,13.15,12,12.95,12.95,194,675.44,7476000,2716000,19-DEC-2017,
FUTSTK,RCOM,22-Feb-2018,0,XX,12.65,13.05,12.5,13.05,13.05,3,10.69,336000,28000,19-DEC-2017,
FUTSTK,RECLTD,28-Dec-2017,0,XX,158.45,158.7,155.55,157.05,157.05,7070,66604.74,47070000,-4050000,19-DEC-2017,
FUTSTK,RECLTD,25-Jan-2018,0,XX,158.5,159.95,156.3,157.65,157.65,651,6153.56,4752000,1482000,19-DEC-2017,
FUTSTK,RECLTD,22-Feb-2018,0,XX,156.55,156.75,154.4,155.35,155.35,40,373.3,702000,66000,19-DEC-2017,
FUTSTK,RELCAPITAL,28-Dec-2017,0,XX,414.95,427.7,413.25,425.9,425.9,8513,26806.1,12825000,-23250,19-DEC-2017,
FUTSTK,RELCAPITAL,25-Jan-2018,0,XX,418,430.05,415.6,427.95,427.95,735,2331.02,524250,150750,19-DEC-2017,
FUTSTK,RELCAPITAL,22-Feb-2018,0,XX,0,0,0,417.85,429.25,0,0,12000,0,19-DEC-2017,
FUTSTK,RELIANCE,28-Dec-2017,0,XX,923.9,928.9,922.6,927.6,927.6,6904,63924.26,45667000,23000,19-DEC-2017,
FUTSTK,RELIANCE,25-Jan-2018,0,XX,929,933,927.2,931.75,931.75,775,7205.51,3455000,306000,19-DEC-2017,
FUTSTK,RELIANCE,22-Feb-2018,0,XX,932.65,938.8,932.65,936.35,936.35,17,158.92,61000,8000,19-DEC-2017,
FUTSTK,RELINFRA,28-Dec-2017,0,XX,446.9,448.9,439.9,443.75,443.75,4733,27285.43,9647300,952900,19-DEC-2017,
FUTSTK,RELINFRA,25-Jan-2018,0,XX,450.05,450.7,442.3,446.2,446.2,246,1423.54,516100,219700,19-DEC-2017,
FUTSTK,RELINFRA,22-Feb-2018,0,XX,0,0,0,446.5,448.4,0,0,0,0,19-DEC-2017,
FUTSTK,REPCOHOME,28-Dec-2017,0,XX,663.05,683.55,658.4,673.9,673.9,369,1737.41,921200,21000,19-DEC-2017,
FUTSTK,REPCOHOME,25-Jan-2018,0,XX,664.3,678.2,664.2,676,676,20,121.02,22500,8100,19-DEC-2017,
FUTSTK,REPCOHOME,22-Feb-2018,0,XX,0,0,0,637.3,678.35,0,0,0,0,19-DEC-2017,
FUTSTK,RNAVAL,28-Dec-2017,0,XX,35.25,36,35.15,35.75,35.75,133,426.21,14202000,-108000,19-DEC-2017,
FUTSTK,RNAVAL,25-Jan-2018,0,XX,35.4,36.2,35.4,35.9,35.9,25,80.54,603000,90000,19-DEC-2017,
FUTSTK,RNAVAL,22-Feb-2018,0,XX,0,0,0,40,36.05,0,0,0,0,19-DEC-2017,
FUTSTK,RPOWER,28-Dec-2017,0,XX,36.7,37.1,36.25,37.05,37.05,1220,5389.15,59844000,-852000,19-DEC-2017,
FUTSTK,RPOWER,25-Jan-2018,0,XX,36.85,37.4,36.55,37.3,37.3,269,1297.14,6864000,2002000,19-DEC-2017,
FUTSTK,RPOWER,22-Feb-2018,0,XX,37.15,37.65,37.05,37.5,37.5,10,48.45,221000,104000,19-DEC-2017,
FUTSTK,SAIL,28-Dec-2017,0,XX,80.4,83.75,80,83.55,83.55,6567,65094.11,85020000,4464000,19-DEC-2017,
FUTSTK,SAIL,25-Jan-2018,0,XX,81.1,84.1,80.5,83.85,83.85,636,6345.65,6168000,2268000,19-DEC-2017,
FUTSTK,SAIL,22-Feb-2018,0,XX,81.05,83.4,81.05,83.2,84.2,6,59.31,276000,0,19-DEC-2017,
FUTSTK,SBIN,28-Dec-2017,0,XX,319.7,322.75,318.65,320.05,320.05,10363,99611.75,65070000,-2454000,19-DEC-2017,
FUTSTK,SBIN,25-Jan-2018,0,XX,322.25,324,320.5,321.6,321.6,444,4287.72,3081000,207000,19-DEC-2017,
FUTSTK,SBIN,22-Feb-2018,0,XX,322.85,324,322,323.7,323.5,10,97,135000,15000,19-DEC-2017,
FUTSTK,SHREECEM,28-Dec-2017,0,XX,17753.7,17840,17675.65,17764.7,17764.7,116,1029.71,50800,1100,19-DEC-2017,
FUTSTK,SHREECEM,25-Jan-2018,0,XX,17847,17877.8,17800,17877.8,17877.8,7,62.4,400,250,19-DEC-2017,
FUTSTK,SHREECEM,22-Feb-2018,0,XX,0,0,0,17451.85,17909.95,0,0,0,0,19-DEC-2017,
FUTSTK,SIEMENS,28-Dec-2017,0,XX,1195.65,1210,1193.45,1205.05,1205.05,1040,6257.71,898500,-4500,19-DEC-2017,
FUTSTK,SIEMENS,25-Jan-2018,0,XX,1209.85,1210,1206,1208.45,1208.45,20,120.84,30000,6000,19-DEC-2017,
FUTSTK,SIEMENS,22-Feb-2018,0,XX,0,0,0,1215.4,1217.25,0,0,0,0,19-DEC-2017,
FUTSTK,SOUTHBANK,28-Dec-2017,0,XX,31.45,32.2,31.35,31.95,31.95,1138,11993.56,166102692,165705,19-DEC-2017,
FUTSTK,SOUTHBANK,25-Jan-2018,0,XX,31.7,32.35,31.55,32.15,32.15,79,837.47,7953840,1756473,19-DEC-2017,
FUTSTK,SOUTHBANK,22-Feb-2018,0,XX,32.55,32.55,32.55,32.55,32.25,1,10.78,430833,33141,19-DEC-2017,
FUTSTK,SREINFRA,28-Dec-2017,0,XX,97.8,98.7,96.25,97.55,97.55,710,3459.41,15120000,-190000,19-DEC-2017,
FUTSTK,SREINFRA,25-Jan-2018,0,XX,99.15,99.15,97.2,98,98,64,313.35,505000,230000,19-DEC-2017,
FUTSTK,SREINFRA,22-Feb-2018,0,XX,0,0,0,103.65,98.25,0,0,0,0,19-DEC-2017,
FUTSTK,SRF,28-Dec-2017,0,XX,1890,1938.5,1884.7,1932.4,1932.4,2152,20715.01,743500,42000,19-DEC-2017,
FUTSTK,SRF,25-Jan-2018,0,XX,1907.9,1946.85,1907.9,1941.25,1941.25,74,715.37,34000,15500,19-DEC-2017,
FUTSTK,SRF,22-Feb-2018,0,XX,0,0,0,1858.5,1949,0,0,0,0,19-DEC-2017,
FUTSTK,SRTRANSFIN,28-Dec-2017,0,XX,1417,1458.85,1413.05,1454.9,1454.9,3071,26537.82,2936400,80400,19-DEC-2017,
FUTSTK,SRTRANSFIN,25-Jan-2018,0,XX,1431.5,1464.55,1423.75,1460.3,1460.3,93,807.33,106800,15000,19-DEC-2017,
FUTSTK,SRTRANSFIN,22-Feb-2018,0,XX,0,0,0,1347.2,1472.15,0,0,0,0,19-DEC-2017,
FUTSTK,STAR,28-Dec-2017,0,XX,802.6,804,794,797.9,797.9,730,2910.93,4193500,-2000,19-DEC-2017,
FUTSTK,STAR,25-Jan-2018,0,XX,803.5,805.25,799,801.55,801.55,123,591.44,121200,46800,19-DEC-2017,
FUTSTK,STAR,22-Feb-2018,0,XX,0,0,0,790,804.1,0,0,600,0,19-DEC-2017,
FUTSTK,SUNPHARMA,28-Dec-2017,0,XX,532.1,537.15,526.35,529.55,529.55,7168,30429.43,43655200,246400,19-DEC-2017,
FUTSTK,SUNPHARMA,25-Jan-2018,0,XX,534,539.9,529.55,531.85,531.85,1298,7599.12,1864500,712800,19-DEC-2017,
FUTSTK,SUNPHARMA,22-Feb-2018,0,XX,540,540,533.3,533.3,533.6,6,35.38,1812800,0,19-DEC-2017,
FUTSTK,SUNTV,28-Dec-2017,0,XX,949.75,961.45,936.6,944.5,944.5,5024,47684.48,5335000,-29000,19-DEC-2017,
FUTSTK,SUNTV,25-Jan-2018,0,XX,960.95,963,940.95,948.95,948.95,171,1626.89,183000,28000,19-DEC-2017,
FUTSTK,SUNTV,22-Feb-2018,0,XX,0,0,0,938.35,952.1,0,0,5000,0,19-DEC-2017,
FUTSTK,SUZLON,28-Dec-2017,0,XX,13.55,13.85,13.55,13.8,13.8,1140,4692.66,401490000,-4110000,19-DEC-2017,
FUTSTK,SUZLON,25-Jan-2018,0,XX,13.7,13.9,13.65,13.9,13.9,252,1218.45,27125000,3220000,19-DEC-2017,
FUTSTK,SUZLON,22-Feb-2018,0,XX,13.8,14,13.8,13.9,13.9,9,43.78,1750000,175000,19-DEC-2017,
FUTSTK,SYNDIBANK,28-Dec-2017,0,XX,86.55,86.85,84.75,85.6,85.6,991,7624.77,20538000,-360000,19-DEC-2017,
FUTSTK,SYNDIBANK,25-Jan-2018,0,XX,87,87,85.1,86.05,86.05,52,401.67,810000,234000,19-DEC-2017,
FUTSTK,SYNDIBANK,22-Feb-2018,0,XX,0,0,0,88.05,86.4,0,0,45000,0,19-DEC-2017,
FUTSTK,TATACHEM,28-Dec-2017,0,XX,726.25,733,725.1,729.8,729.8,1127,12321.73,7084500,34500,19-DEC-2017,
FUTSTK,TATACHEM,25-Jan-2018,0,XX,730.75,736,729,733.5,733.5,138,1515.49,256500,132000,19-DEC-2017,
FUTSTK,TATACHEM,22-Feb-2018,0,XX,0,0,0,720,735.4,0,0,15000,0,19-DEC-2017,
FUTSTK,TATACOMM,28-Dec-2017,0,XX,687.05,695.7,683.75,691.1,691.1,1947,9398.19,8067500,-50400,19-DEC-2017,
FUTSTK,TATACOMM,25-Jan-2018,0,XX,690,698.45,689,694.3,694.3,190,1054.73,293600,29600,19-DEC-2017,
FUTSTK,TATACOMM,22-Feb-2018,0,XX,694.4,694.4,694.4,694.4,696.5,1,5.55,8800,0,19-DEC-2017,
FUTSTK,TATAELXSI,28-Dec-2017,0,XX,933.8,949.9,932,942.85,942.85,1813,13668.31,2052800,43200,19-DEC-2017,
FUTSTK,TATAELXSI,25-Jan-2018,0,XX,940.7,954.55,940.7,948.1,948.1,27,204.48,64800,800,19-DEC-2017,
FUTSTK,TATAELXSI,22-Feb-2018,0,XX,953,953,952,952.5,952.5,2,15.24,4800,800,19-DEC-2017,
FUTSTK,TATAGLOBAL,28-Dec-2017,0,XX,291.7,301.9,291.7,301.25,301.25,10222,137272.34,27913500,630000,19-DEC-2017,
FUTSTK,TATAGLOBAL,25-Jan-2018,0,XX,295,303.4,294.9,302.8,302.8,573,7735.45,1408500,369000,19-DEC-2017,
FUTSTK,TATAGLOBAL,22-Feb-2018,0,XX,299.7,303.8,298.9,303.6,303.6,8,108.38,36000,22500,19-DEC-2017,
FUTSTK,TATAMOTORS,28-Dec-2017,0,XX,408.55,421.7,408.4,420.4,420.4,19046,118814.25,67834500,-555000,19-DEC-2017,
FUTSTK,TATAMOTORS,25-Jan-2018,0,XX,411.95,423.75,411.45,422.35,422.35,1746,10938.79,4720500,540000,19-DEC-2017,
FUTSTK,TATAMOTORS,22-Feb-2018,0,XX,415.7,425.9,415.7,424.2,424.2,20,126.29,111000,9000,19-DEC-2017,
FUTSTK,TATAMTRDVR,28-Dec-2017,0,XX,228.15,233.1,228.1,232.8,232.8,1927,9352.7,25168500,-241500,19-DEC-2017,
FUTSTK,TATAMTRDVR,25-Jan-2018,0,XX,230.25,234.25,230.25,233.95,233.95,404,2348.93,1605000,550000,19-DEC-2017,
FUTSTK,TATAMTRDVR,22-Feb-2018,0,XX,0,0,0,229.55,234.7,0,0,12500,0,19-DEC-2017,
FUTSTK,TATAPOWER,28-Dec-2017,0,XX,91.85,92,90.9,91.4,91.4,1299,10689.39,53568000,2916000,19-DEC-2017,
FUTSTK,TATAPOWER,25-Jan-2018,0,XX,92.2,92.55,91.4,91.9,91.9,145,1198.55,2052000,675000,19-DEC-2017,
FUTSTK,TATAPOWER,22-Feb-2018,0,XX,92.2,92.6,92.2,92.25,92.25,3,24.93,90000,18000,19-DEC-2017,
FUTSTK,TATASTEEL,28-Dec-2017,0,XX,709.7,714.4,707.35,712.05,712.05,8892,63209.53,24799000,247000,19-DEC-2017,
FUTSTK,TATASTEEL,25-Jan-2018,0,XX,715,717.2,711,715.55,715.55,461,3291.4,1613000,166000,19-DEC-2017,
FUTSTK,TATASTEEL,22-Feb-2018,0,XX,714.9,718.1,714.9,718.1,718.4,2,14.33,19000,2000,19-DEC-2017,
FUTSTK,TCS,28-Dec-2017,0,XX,2584.7,2601,2572.5,2579.4,2579.4,3302,21368.8,6648000,-87250,19-DEC-2017,
FUTSTK,TCS,25-Jan-2018,0,XX,2595.55,2605,2581.75,2583.15,2583.15,177,1147.36,106750,11750,19-DEC-2017,
FUTSTK,TCS,22-Feb-2018,0,XX,0,0,0,2566.6,2605,0,0,1500,0,19-DEC-2017,
FUTSTK,TECHM,28-Dec-2017,0,XX,499.4,501.55,495.3,496.95,496.95,2129,11660.26,11850300,148500,19-DEC-2017,
FUTSTK,TECHM,25-Jan-2018,0,XX,500.25,503,497.95,498.9,498.9,75,449.93,190800,36000,19-DEC-2017,
FUTSTK,TECHM,22-Feb-2018,0,XX,0,0,0,496.5,501.1,0,0,0,0,19-DEC-2017,
FUTSTK,TITAN,28-Dec-2017,0,XX,843.3,870.9,843,868.65,868.65,8071,104178.08,5994000,667500,19-DEC-2017,
FUTSTK,TITAN,25-Jan-2018,0,XX,850,875,848.35,872.85,872.85,571,7409.24,600000,327000,19-DEC-2017,
FUTSTK,TITAN,22-Feb-2018,0,XX,868.3,878,866,876.05,876.05,8,104.56,22500,10500,19-DEC-2017,
FUTSTK,TORNTPHARM,28-Dec-2017,0,XX,1363.2,1368.5,1347.05,1363.25,1363.25,172,936.65,395200,8400,19-DEC-2017,
FUTSTK,TORNTPHARM,25-Jan-2018,0,XX,0,0,0,1268.05,1369.35,0,0,0,0,19-DEC-2017,
FUTSTK,TORNTPHARM,22-Feb-2018,0,XX,0,0,0,1336.4,1376.1,0,0,0,0,19-DEC-2017,
FUTSTK,TORNTPOWER,28-Dec-2017,0,XX,265.5,270.15,263.85,267.65,267.65,766,6144.19,4980000,-219000,19-DEC-2017,
FUTSTK,TORNTPOWER,25-Jan-2018,0,XX,269.8,271,268.65,269.05,269.05,12,97.16,180000,6000,19-DEC-2017,
FUTSTK,TORNTPOWER,22-Feb-2018,0,XX,0,0,0,268.15,269.55,0,0,9000,0,19-DEC-2017,
FUTSTK,TV18BRDCST,28-Dec-2017,0,XX,54.65,56.65,54.25,56.2,56.2,937,8881.86,81175000,-4369000,19-DEC-2017,
FUTSTK,TV18BRDCST,25-Jan-2018,0,XX,55,56.8,55,56.65,56.65,38,365.19,2992000,391000,19-DEC-2017,
FUTSTK,TV18BRDCST,22-Feb-2018,0,XX,0,0,0,56.6,56.9,0,0,51000,0,19-DEC-2017,
FUTSTK,TVSMOTOR,28-Dec-2017,0,XX,760.75,790.9,760.75,786.05,786.05,5255,40940.28,5155000,133000,19-DEC-2017,
FUTSTK,TVSMOTOR,25-Jan-2018,0,XX,761.1,789.15,761.1,785.1,785.1,508,3939.34,556000,153000,19-DEC-2017,
FUTSTK,TVSMOTOR,22-Feb-2018,0,XX,770.8,786.45,770.8,786.45,794.15,5,38.91,7000,-2000,19-DEC-2017,
FUTSTK,UBL,28-Dec-2017,0,XX,1057.7,1088,1038.45,1084.85,1084.85,2228,16763.61,1806700,30100,19-DEC-2017,
FUTSTK,UBL,25-Jan-2018,0,XX,1060,1091.2,1060,1088.85,1088.85,56,424.48,29400,5600,19-DEC-2017,
FUTSTK,UBL,22-Feb-2018,0,XX,0,0,0,1099.45,1093.1,0,0,0,0,19-DEC-2017,
FUTSTK,UJJIVAN,28-Dec-2017,0,XX,372.6,378.9,371.65,377.45,377.45,1730,7808.62,7318800,112800,19-DEC-2017,
FUTSTK,UJJIVAN,25-Jan-2018,0,XX,375.95,380.5,374,379.05,379.05,106,641.4,190400,16000,19-DEC-2017,
FUTSTK,UJJIVAN,22-Feb-2018,0,XX,0,0,0,367,380.5,0,0,6400,0,19-DEC-2017,
FUTSTK,ULTRACEMCO,28-Dec-2017,0,XX,4324.9,4378,4322.8,4356,4356,1900,16542.46,1413800,30200,19-DEC-2017,
FUTSTK,ULTRACEMCO,25-Jan-2018,0,XX,4350,4384,4348.35,4371.2,4371.2,54,472.24,21800,5000,19-DEC-2017,
FUTSTK,ULTRACEMCO,22-Feb-2018,0,XX,0,0,0,4266,4410.8,0,0,0,0,19-DEC-2017,
FUTSTK,UNIONBANK,28-Dec-2017,0,XX,155.2,155.7,150.7,151.25,151.25,3663,22342.75,18544000,432000,19-DEC-2017,
FUTSTK,UNIONBANK,25-Jan-2018,0,XX,157.05,157.05,151.25,151.65,151.65,536,3275.21,1884000,1028000,19-DEC-2017,
FUTSTK,UNIONBANK,22-Feb-2018,0,XX,152.05,152.05,152.05,152.05,152.05,1,6.08,8000,0,19-DEC-2017,
FUTSTK,UPL,28-Dec-2017,0,XX,715.35,741,712.9,738.2,738.2,6776,59606.85,13075200,-493200,19-DEC-2017,
FUTSTK,UPL,25-Jan-2018,0,XX,727.85,743.55,726,741.85,741.85,287,2536.15,969600,32400,19-DEC-2017,
FUTSTK,UPL,22-Feb-2018,0,XX,743.05,743.05,743.05,743.05,746.55,1,8.91,6000,1200,19-DEC-2017,
FUTSTK,VEDL,28-Dec-2017,0,XX,311.55,318.25,310.1,317.45,317.45,16789,92363.92,48986000,1358000,19-DEC-2017,
FUTSTK,VEDL,25-Jan-2018,0,XX,312,318.45,310.5,317.75,317.75,729,4012.96,1310750,178500,19-DEC-2017,
FUTSTK,VEDL,22-Feb-2018,0,XX,311.9,318,310.8,317.3,317.3,23,126.22,98000,7000,19-DEC-2017,
FUTSTK,VGUARD,28-Dec-2017,0,XX,233.35,234.35,230.75,233.75,233.75,787,5490.56,2763000,255000,19-DEC-2017,
FUTSTK,VGUARD,25-Jan-2018,0,XX,232.45,235.15,232,235.1,235.1,16,112.09,123000,18000,19-DEC-2017,
FUTSTK,VGUARD,22-Feb-2018,0,XX,0,0,0,232.85,235.6,0,0,0,0,19-DEC-2017,
FUTSTK,VOLTAS,28-Dec-2017,0,XX,634.15,639.8,631,635.9,635.9,2005,12741.44,3179000,112000,19-DEC-2017,
FUTSTK,VOLTAS,25-Jan-2018,0,XX,632,640,632,636.1,636.1,44,279.83,102000,7000,19-DEC-2017,
FUTSTK,VOLTAS,22-Feb-2018,0,XX,0,0,0,601.2,640.7,0,0,1000,0,19-DEC-2017,
FUTSTK,WIPRO,28-Dec-2017,0,XX,290.6,292.8,286.2,287.55,287.55,2371,16446.73,42530400,784800,19-DEC-2017,
FUTSTK,WIPRO,25-Jan-2018,0,XX,291.65,292.75,286.8,288.2,288.2,265,1844.39,1245600,304800,19-DEC-2017,
FUTSTK,WIPRO,22-Feb-2018,0,XX,292.05,292.05,292.05,292.05,295.8,2,14.01,12000,0,19-DEC-2017,
FUTSTK,WOCKPHARMA,28-Dec-2017,0,XX,766.65,797.45,762.5,788.85,788.85,1654,10383.91,3176800,-193600,19-DEC-2017,
FUTSTK,WOCKPHARMA,25-Jan-2018,0,XX,775,803,775,793.4,793.4,4,28.5,249300,-900,19-DEC-2017,
FUTSTK,WOCKPHARMA,22-Feb-2018,0,XX,0,0,0,708.9,797.85,0,0,900,0,19-DEC-2017,
FUTSTK,YESBANK,28-Dec-2017,0,XX,313.75,314.9,310.15,313.25,313.25,7169,39253.61,58066750,862750,19-DEC-2017,
FUTSTK,YESBANK,25-Jan-2018,0,XX,315.1,316.5,311.75,314.75,314.75,984,5415.37,2798250,696500,19-DEC-2017,
FUTSTK,YESBANK,22-Feb-2018,0,XX,316.1,317.6,315,316.25,316.25,40,221.3,134750,52500,19-DEC-2017,
FUTSTK,ZEEL,28-Dec-2017,0,XX,578.75,583.75,575.15,579.95,579.95,1858,13998.83,5930600,80600,19-DEC-2017,
FUTSTK,ZEEL,25-Jan-2018,0,XX,582,585.8,578.5,582.45,582.45,65,491.89,188500,32500,19-DEC-2017,
FUTSTK,ZEEL,22-Feb-2018,0,XX,0,0,0,576.55,585.55,0,0,0,0,19-DEC-2017,
OPTIDX,BANKNIFTY,21-Dec-2017,22400,CE,0,0,0,1914.6,3323.95,0,0,0,0,19-DEC-2017,
OPTIDX,BANKNIFTY,21-Dec-2017,22500,CE,0,0,0,1827.25,3224,0,0,0,0,19-DEC-2017,
OPTIDX,BANKNIFTY,21-Dec-2017,22600,CE,0,0,0,1741.35,3124.05,0,0,0,0,19-DEC-2017,
OPTIDX,BANKNIFTY,21-Dec-2017,22700,CE,0,0,0,1912.85,3024.05,0,0,0,0,19-DEC-2017,
OPTIDX,BANKNIFTY,21-Dec-2017,22800,CE,0,0,0,1824.6,2924.1,0,0,0,0,19-DEC-2017,
OPTIDX,BANKNIFTY,21-Dec-2017,22900,CE,0,0,0,1737.75,2824.15,0,0,0,0,19-DEC-2017,
OPTIDX,BANKNIFTY,21-Dec-2017,23000,CE,0,0,0,1652.4,2724.15,0,0,0,0,19-DEC-2017,
OPTIDX,BANKNIFTY,21-Dec-2017,23100,CE,0,0,0,1568.7,2624.2,0,0,0,0,19-DEC-2017,
OPTIDX,BANKNIFTY,21-Dec-2017,23200,CE,0,0,0,1486.7,2524.25,0,0,0,0,19-DEC-2017,
OPTIDX,BANKNIFTY,21-Dec-2017,23300,CE,0,0,0,1406.55,2424.25,0,0,0,0,19-DEC-2017,
OPTIDX,BANKNIFTY,21-Dec-2017,23400,CE,0,0,0,1328.35,2324.3,0,0,0,0,19-DEC-2017,
OPTIDX,BANKNIFTY,21-Dec-2017,23500,CE,0,0,0,1252.15,2224.35,0,0,0,0,19-DEC-2017,
OPTIDX,BANKNIFTY,21-Dec-2017,23600,CE,0,0,0,1179.05,2124.4,0,0,0,0,19-DEC-2017,
OPTIDX,BANKNIFTY,21-Dec-2017,23700,CE,0,0,0,1106.2,2024.4,0,0,0,0,19-DEC-2017,
OPTIDX,BANKNIFTY,21-Dec-2017,23800,CE,0,0,0,1036.85,1924.45,0,0,0,0,19-DEC-2017,
OPTIDX,BANKNIFTY,21-Dec-2017,23900,CE,0,0,0,969.9,1824.5,0,0,0,0,19-DEC-2017,
OPTIDX,BANKNIFTY,21-Dec-2017,24000,CE,0,0,0,905.4,1724.5,0,0,0,0,19-DEC-2017,
OPTIDX,BANKNIFTY,21-Dec-2017,24100,CE,0,0,0,843.5,1624.55,0,0,0,0,19-DEC-2017,
OPTIDX,BANKNIFTY,21-Dec-2017,24200,CE,0,0,0,784.15,1524.6,0,0,0,0,19-DEC-2017,
OPTIDX,BANKNIFTY,21-Dec-2017,24300,CE,0,0,0,727.45,1424.6,0,0,0,0,19-DEC-2017,
OPTIDX,BANKNIFTY,21-Dec-2017,24400,CE,1230,1230,1230,1230,1230,2,20.5,0,-80,19-DEC-2017,
OPTIDX,BANKNIFTY,21-Dec-2017,24500,CE,1170,1200,1081.3,1200,1200,6,61.52,5000,-160,19-DEC-2017,
OPTIDX,BANKNIFTY,21-Dec-2017,24600,CE,1068.85,1068.85,1028.55,1028.55,1028.55,2,20.51,80,0,19-DEC-2017,
OPTIDX,BANKNIFTY,21-Dec-2017,24700,CE,915,915,915,915,915,3,30.73,240,-40,19-DEC-2017,
OPTIDX,BANKNIFTY,21-Dec-2017,24800,CE,892,892,801,882.75,882.75,30,307.65,2360,-520,19-DEC-2017,
OPTIDX,BANKNIFTY,21-Dec-2017,24900,CE,745,797.45,715,789.6,789.6,145,1487.08,2400,-4160,19-DEC-2017,
OPTIDX,BANKNIFTY,21-Dec-2017,25000,CE,649.95,705,589.8,680.5,680.5,1415,14516.55,20280,-20280,19-DEC-2017,
OPTIDX,BANKNIFTY,21-Dec-2017,25100,CE,562.6,598.75,495,589.05,589.05,501,5139.61,10640,-5480,19-DEC-2017,
OPTIDX,BANKNIFTY,21-Dec-2017,25200,CE,468.45,505.2,401.85,485.1,485.1,1063,10912.65,24840,-7680,19-DEC-2017,
OPTIDX,BANKNIFTY,21-Dec-2017,25300,CE,383.15,419.8,320,397.15,397.15,1518,15588.32,32120,-240,19-DEC-2017,
OPTIDX,BANKNIFTY,21-Dec-2017,25400,CE,280.05,339.5,240.65,308.85,308.85,5976,61409.45,33160,-13600,19-DEC-2017,
OPTIDX,BANKNIFTY,21-Dec-2017,25500,CE,226,265,171.55,230.05,230.05,26147,268985.63,145120,-59160,19-DEC-2017,
OPTIDX,BANKNIFTY,21-Dec-2017,25600,CE,165.95,199.5,113.8,163.3,163.3,66811,688295.4,180840,-11520,19-DEC-2017,
OPTIDX,BANKNIFTY,21-Dec-2017,25700,CE,122,141.9,75.35,109.65,109.65,161303,1665034.06,414360,83840,19-DEC-2017,
OPTIDX,BANKNIFTY,21-Dec-2017,25800,CE,91.6,98.05,46.8,69.5,69.5,195159,2019437.56,578880,138240,19-DEC-2017,
OPTIDX,BANKNIFTY,21-Dec-2017,25900,CE,56.95,63.95,26.85,41.65,41.65,150087,1557462.86,393400,6960,19-DEC-2017,
OPTIDX,BANKNIFTY,21-Dec-2017,26000,CE,28.95,40,15.7,24,24,187519,1952082.93,1073920,54560,19-DEC-2017,
OPTIDX,BANKNIFTY,21-Dec-2017,26100,CE,21.8,23.55,8.75,13.15,13.15,93965,981518.46,323360,-7120,19-DEC-2017,
OPTIDX,BANKNIFTY,21-Dec-2017,26200,CE,9.65,13.4,4.75,7.2,7.2,82665,866581.38,414120,58360,19-DEC-2017,
OPTIDX,BANKNIFTY,21-Dec-2017,26300,CE,8.3,8.3,2.7,4.25,4.25,53034,558007.09,320360,67320,19-DEC-2017,
OPTIDX,BANKNIFTY,21-Dec-2017,26400,CE,3.4,4.75,1.25,2.15,2.15,26793,282959.41,260560,87920,19-DEC-2017,
OPTIDX,BANKNIFTY,21-Dec-2017,26500,CE,3.95,3.95,1.1,1.6,1.6,27731,293968.55,589800,35480,19-DEC-2017,
OPTIDX,BANKNIFTY,21-Dec-2017,26600,CE,2.95,2.95,1.05,1.4,1.4,3423,36422.63,84800,-8000,19-DEC-2017,
OPTIDX,BANKNIFTY,21-Dec-2017,26700,CE,1.05,2,1,1.05,1.05,3260,34818.23,29280,-48640,19-DEC-2017,
OPTIDX,BANKNIFTY,21-Dec-2017,26800,CE,1.15,1.5,0.85,1.15,1.15,3610,38700.73,37120,-41240,19-DEC-2017,
OPTIDX,BANKNIFTY,21-Dec-2017,26900,CE,1,1,0.1,0.35,0.35,379,4078.17,2560,-8440,19-DEC-2017,
OPTIDX,BANKNIFTY,21-Dec-2017,27000,CE,0.8,1,0.4,0.6,0.6,576,6220.93,57040,-960,19-DEC-2017,
OPTIDX,BANKNIFTY,21-Dec-2017,27100,CE,0,0,0,291.85,0,0,0,0,0,19-DEC-2017,
OPTIDX,BANKNIFTY,21-Dec-2017,27200,CE,2.6,2.6,0.55,0.55,0.55,10,108.8,200,200,19-DEC-2017,
OPTIDX,BANKNIFTY,21-Dec-2017,27300,CE,0,0,0,234.85,0,0,0,0,0,19-DEC-2017,
OPTIDX,BANKNIFTY,21-Dec-2017,27400,CE,0,0,0,80.1,0,0,0,0,0,19-DEC-2017,
OPTIDX,BANKNIFTY,21-Dec-2017,27500,CE,0.3,0.4,0.15,0.15,0.15,4252,46772.43,11640,0,19-DEC-2017,
OPTIDX,BANKNIFTY,21-Dec-2017,22400,PE,0.35,1,0.3,0.35,0.35,13895,124501.14,11240,-40,19-DEC-2017,
OPTIDX,BANKNIFTY,21-Dec-2017,22500,PE,1,1,0.4,0.5,0.5,249,2241.05,13280,-3000,19-DEC-2017,
OPTIDX,BANKNIFTY,21-Dec-2017,22600,PE,1,1,0.55,0.55,0.55,4,36.16,1360,40,19-DEC-2017,
OPTIDX,BANKNIFTY,21-Dec-2017,22700,PE,0,0,0,9.9,0,0,0,200,0,19-DEC-2017,
OPTIDX,BANKNIFTY,21-Dec-2017,22800,PE,0,0,0,1.8,0,0,0,280,0,19-DEC-2017,
OPTIDX,BANKNIFTY,21-Dec-2017,22900,PE,0,0,0,7,0,0,0,120,0,19-DEC-2017,
OPTIDX,BANKNIFTY,21-Dec-2017,23000,PE,1,1.05,0.5,0.6,0.6,2732,25135.34,172720,-47480,19-DEC-2017,
OPTIDX,BANKNIFTY,21-Dec-2017,23100,PE,1,1.25,0.85,0.9,0.9,284,2624.26,12680,-1680,19-DEC-2017,
OPTIDX,BANKNIFTY,21-Dec-2017,23200,PE,0,0,0,133.15,0,0,0,0,0,19-DEC-2017,
OPTIDX,BANKNIFTY,21-Dec-2017,23300,PE,0,0,0,151.95,0,0,0,0,0,19-DEC-2017,
OPTIDX,BANKNIFTY,21-Dec-2017,23400,PE,0,0,0,172.75,0,0,0,0,0,19-DEC-2017,
OPTIDX,BANKNIFTY,21-Dec-2017,23500,PE,1.05,1.3,0.5,0.85,0.85,2334,21940.54,98160,6840,19-DEC-2017,
OPTIDX,BANKNIFTY,21-Dec-2017,23600,PE,1.05,1.5,0.95,1.15,1.15,1071,10110.69,28080,-13280,19-DEC-2017,
OPTIDX,BANKNIFTY,21-Dec-2017,23700,PE,1.05,2,0.7,0.7,0.7,345,3270.75,10960,0,19-DEC-2017,
OPTIDX,BANKNIFTY,21-Dec-2017,23800,PE,1.05,1.7,0.05,0.85,0.85,666,6340.63,7440,-4560,19-DEC-2017,
OPTIDX,BANKNIFTY,21-Dec-2017,23900,PE,1.55,1.7,1,1.05,1.05,1498,14321.66,12160,-6160,19-DEC-2017,
OPTIDX,BANKNIFTY,21-Dec-2017,24000,PE,2.3,2.3,1,1.05,1.05,18192,174653.36,379240,-183800,19-DEC-2017,
OPTIDX,BANKNIFTY,21-Dec-2017,24100,PE,3.15,3.15,1,1.15,1.15,1952,18818.35,39320,-15200,19-DEC-2017,
OPTIDX,BANKNIFTY,21-Dec-2017,24200,PE,4,4,0.75,1,1,2345,22701.02,37560,-15280,19-DEC-2017,
OPTIDX,BANKNIFTY,21-Dec-2017,24300,PE,1.55,5.65,1.05,1.2,1.2,4444,43199.32,48640,-28200,19-DEC-2017,
OPTIDX,BANKNIFTY,21-Dec-2017,24400,PE,7.25,7.25,1.1,1.35,1.35,5693,55568.92,93000,23480,19-DEC-2017,
OPTIDX,BANKNIFTY,21-Dec-2017,24500,PE,8.85,8.85,1.7,2,2,26884,263496.04,426240,95000,19-DEC-2017,
OPTIDX,BANKNIFTY,21-Dec-2017,24600,PE,11.2,11.2,2.2,2.65,2.65,11603,114191.7,114080,25120,19-DEC-2017,
OPTIDX,BANKNIFTY,21-Dec-2017,24700,PE,12.05,12.05,3.05,3.4,3.4,18548,183290.19,160640,39320,19-DEC-2017,
OPTIDX,BANKNIFTY,21-Dec-2017,24800,PE,9.95,10.1,3.8,4.4,4.4,36479,361962.61,220800,-21360,19-DEC-2017,
OPTIDX,BANKNIFTY,21-Dec-2017,24900,PE,16,16,5,5.55,5.55,39401,392558.78,212400,-56120,19-DEC-2017,
OPTIDX,BANKNIFTY,21-Dec-2017,25000,PE,21.95,21.95,6.6,7.35,7.35,104289,1043339.27,692920,183120,19-DEC-2017,
OPTIDX,BANKNIFTY,21-Dec-2017,25100,PE,19.25,25.1,6.4,9.4,9.4,69194,695094.22,166160,5360,19-DEC-2017,
OPTIDX,BANKNIFTY,21-Dec-2017,25200,PE,29.9,31.1,10.4,12.65,12.65,91749,925570.47,571120,338400,19-DEC-2017,
OPTIDX,BANKNIFTY,21-Dec-2017,25300,PE,49.9,49.9,16,19.9,19.9,110631,1120933.58,339920,75560,19-DEC-2017,
OPTIDX,BANKNIFTY,21-Dec-2017,25400,PE,68.7,68.8,26.35,32.15,32.15,129620,1319306.24,337720,129520,19-DEC-2017,
OPTIDX,BANKNIFTY,21-Dec-2017,25500,PE,103.9,103.95,45,52.25,52.25,179385,1834729.29,537520,240320,19-DEC-2017,
OPTIDX,BANKNIFTY,21-Dec-2017,25600,PE,134.2,136,70.75,83.3,83.3,132107,1358159.22,343200,189560,19-DEC-2017,
OPTIDX,BANKNIFTY,21-Dec-2017,25700,PE,180.55,187,108.05,124.15,124.15,68866,711955.63,295400,185240,19-DEC-2017,
OPTIDX,BANKNIFTY,21-Dec-2017,25800,PE,253.1,253.35,162,178.35,178.35,12646,131534.3,53000,16400,19-DEC-2017,
OPTIDX,BANKNIFTY,21-Dec-2017,25900,PE,310,330,229.2,244.4,244.4,2420,25343.98,11680,-6640,19-DEC-2017,
OPTIDX,BANKNIFTY,21-Dec-2017,26000,PE,359,414.05,306,331.35,331.35,1652,17416.3,35080,5880,19-DEC-2017,
OPTIDX,BANKNIFTY,21-Dec-2017,26100,PE,420.05,453.55,394.85,437.05,437.05,10,106.1,400,40,19-DEC-2017,
OPTIDX,BANKNIFTY,21-Dec-2017,26200,PE,592.9,592.9,490.8,490.8,490.8,9,96.23,160,0,19-DEC-2017,
OPTIDX,BANKNIFTY,21-Dec-2017,26300,PE,0,0,0,1449.9,577.25,0,0,0,0,19-DEC-2017,
OPTIDX,BANKNIFTY,21-Dec-2017,26400,PE,0,0,0,1519.5,675.65,0,0,0,0,19-DEC-2017,
OPTIDX,BANKNIFTY,21-Dec-2017,26500,PE,0,0,0,1590.7,775,0,0,0,0,19-DEC-2017,
OPTIDX,BANKNIFTY,21-Dec-2017,26600,PE,0,0,0,1663.3,874.75,0,0,0,0,19-DEC-2017,
OPTIDX,BANKNIFTY,21-Dec-2017,26700,PE,0,0,0,1373.05,974.6,0,0,0,0,19-DEC-2017,
OPTIDX,BANKNIFTY,21-Dec-2017,26800,PE,0,0,0,1443.55,1074.55,0,0,0,0,19-DEC-2017,
OPTIDX,BANKNIFTY,21-Dec-2017,26900,PE,0,0,0,1515.65,1174.5,0,0,0,0,19-DEC-2017,
OPTIDX,BANKNIFTY,21-Dec-2017,27000,PE,0,0,0,1590.5,1274.5,0,0,0,0,19-DEC-2017,
OPTIDX,BANKNIFTY,21-Dec-2017,27100,PE,0,0,0,1665.95,1374.45,0,0,0,0,19-DEC-2017,
OPTIDX,BANKNIFTY,21-Dec-2017,27200,PE,0,0,0,1588.25,1474.4,0,0,0,0,19-DEC-2017,
OPTIDX,BANKNIFTY,21-Dec-2017,27300,PE,0,0,0,1665.85,1574.4,0,0,0,0,19-DEC-2017,
OPTIDX,BANKNIFTY,21-Dec-2017,27400,PE,0,0,0,1563.7,1674.35,0,0,0,0,19-DEC-2017,
OPTIDX,BANKNIFTY,21-Dec-2017,27500,PE,0,0,0,1523.5,1774.3,0,0,0,0,19-DEC-2017,
OPTIDX,BANKNIFTY,28-Dec-2017,22400,CE,3222,3306,3220,3306,3306,7,71.8,63520,-240,19-DEC-2017,
OPTIDX,BANKNIFTY,28-Dec-2017,22500,CE,3182.9,3182.9,3145,3180.9,3180.9,3,30.8,51560,-80,19-DEC-2017,
OPTIDX,BANKNIFTY,28-Dec-2017,22600,CE,0,0,0,1912.75,3151.35,0,0,0,0,19-DEC-2017,
OPTIDX,BANKNIFTY,28-Dec-2017,22700,CE,0,0,0,1831.95,3051.5,0,0,0,0,19-DEC-2017,
OPTIDX,BANKNIFTY,28-Dec-2017,22800,CE,0,0,0,1752.65,2951.65,0,0,0,0,19-DEC-2017,
OPTIDX,BANKNIFTY,28-Dec-2017,22900,CE,0,0,0,1674.9,2851.8,0,0,0,0,19-DEC-2017,
OPTIDX,BANKNIFTY,28-Dec-2017,23000,CE,0,0,0,2594.75,2752,0,0,13880,0,19-DEC-2017,
OPTIDX,BANKNIFTY,28-Dec-2017,23100,CE,0,0,0,2266.7,2652.15,0,0,360,0,19-DEC-2017,
OPTIDX,BANKNIFTY,28-Dec-2017,23200,CE,0,0,0,2320,2552.3,0,0,200,0,19-DEC-2017,
OPTIDX,BANKNIFTY,28-Dec-2017,23300,CE,0,0,0,1380.7,2452.45,0,0,0,0,19-DEC-2017,
OPTIDX,BANKNIFTY,28-Dec-2017,23400,CE,0,0,0,1311.75,2352.6,0,0,0,0,19-DEC-2017,
OPTIDX,BANKNIFTY,28-Dec-2017,23500,CE,2142.15,2142.15,2142.15,2142.15,2142.15,1,10.25,9520,0,19-DEC-2017,
OPTIDX,BANKNIFTY,28-Dec-2017,23600,CE,0,0,0,1179.75,2152.9,0,0,0,0,19-DEC-2017,
OPTIDX,BANKNIFTY,28-Dec-2017,23700,CE,0,0,0,1116.7,2053.1,0,0,0,0,19-DEC-2017,
OPTIDX,BANKNIFTY,28-Dec-2017,23800,CE,0,0,0,1055.7,1953.3,0,0,0,0,19-DEC-2017,
OPTIDX,BANKNIFTY,28-Dec-2017,23900,CE,0,0,0,996.75,1853.5,0,0,0,0,19-DEC-2017,
OPTIDX,BANKNIFTY,28-Dec-2017,24000,CE,1650.7,1717.35,1620.05,1689.65,1689.65,27,277.24,52160,-320,19-DEC-2017,
OPTIDX,BANKNIFTY,28-Dec-2017,24100,CE,0,0,0,885.1,1654.1,0,0,0,0,19-DEC-2017,
OPTIDX,BANKNIFTY,28-Dec-2017,24200,CE,0,0,0,1500,1554.6,0,0,40,0,19-DEC-2017,
OPTIDX,BANKNIFTY,28-Dec-2017,24300,CE,0,0,0,936.55,1455.3,0,0,0,0,19-DEC-2017,
OPTIDX,BANKNIFTY,28-Dec-2017,24400,CE,0,0,0,733.25,1356.35,0,0,0,0,19-DEC-2017,
OPTIDX,BANKNIFTY,28-Dec-2017,24500,CE,1182.6,1211.2,1128.5,1211.2,1211.2,77,790.76,105400,-760,19-DEC-2017,
OPTIDX,BANKNIFTY,28-Dec-2017,24600,CE,0,0,0,642.5,1160.25,0,0,0,0,19-DEC-2017,
OPTIDX,BANKNIFTY,28-Dec-2017,24700,CE,1021.4,1021.4,1021.4,1021.4,1021.4,1,10.28,2400,0,19-DEC-2017,
OPTIDX,BANKNIFTY,28-Dec-2017,24800,CE,895,920,895,920,920,3,30.84,11520,0,19-DEC-2017,
OPTIDX,BANKNIFTY,28-Dec-2017,24900,CE,800.15,840.15,800.15,840.15,840.15,2,20.57,8080,-40,19-DEC-2017,
OPTIDX,BANKNIFTY,28-Dec-2017,25000,CE,754.7,777.85,665.05,743.85,743.85,1820,18722.59,305720,-17840,19-DEC-2017,
OPTIDX,BANKNIFTY,28-Dec-2017,25100,CE,614.45,675,589,650.6,650.6,90,926.41,10120,-1160,19-DEC-2017,
OPTIDX,BANKNIFTY,28-Dec-2017,25200,CE,545.85,601.45,500,552.65,552.65,484,4984.76,19320,-7240,19-DEC-2017,
OPTIDX,BANKNIFTY,28-Dec-2017,25300,CE,486.2,508.8,370,482.25,482.25,298,3071.16,33920,-2840,19-DEC-2017,
OPTIDX,BANKNIFTY,28-Dec-2017,25400,CE,391.45,440,361.6,405.1,405.1,588,6067.25,22640,-3240,19-DEC-2017,
OPTIDX,BANKNIFTY,28-Dec-2017,25500,CE,315.75,365.85,282.6,334.1,334.1,10544,108923.49,383480,-37360,19-DEC-2017,
OPTIDX,BANKNIFTY,28-Dec-2017,25600,CE,260.05,299,229,270.85,270.85,2625,27156.45,80600,6840,19-DEC-2017,
OPTIDX,BANKNIFTY,28-Dec-2017,25700,CE,209.9,238.95,176.25,209.45,209.45,5536,57366.74,67920,960,19-DEC-2017,
OPTIDX,BANKNIFTY,28-Dec-2017,25800,CE,169.1,186,133,161.45,161.45,8213,85277.14,166600,16520,19-DEC-2017,
OPTIDX,BANKNIFTY,28-Dec-2017,25900,CE,129.4,140.55,94,118.25,118.25,3992,41542.83,57760,-3480,19-DEC-2017,
OPTIDX,BANKNIFTY,28-Dec-2017,26000,CE,89.9,101.85,65,82.4,82.4,43855,457530.87,1372640,-97440,19-DEC-2017,
OPTIDX,BANKNIFTY,28-Dec-2017,26100,CE,64.3,74.45,44.35,57.95,57.95,4991,52220.43,72760,12080,19-DEC-2017,
OPTIDX,BANKNIFTY,28-Dec-2017,26200,CE,51.5,53.3,29.25,38.85,38.85,7389,77549.39,104760,-18120,19-DEC-2017,
OPTIDX,BANKNIFTY,28-Dec-2017,26300,CE,28.3,35.85,19.25,24.65,24.65,3400,35801.65,90760,1360,19-DEC-2017,
OPTIDX,BANKNIFTY,28-Dec-2017,26400,CE,20.95,25.15,13,16.95,16.95,2123,22433.49,30560,-5280,19-DEC-2017,
OPTIDX,BANKNIFTY,28-Dec-2017,26500,CE,18.55,18.55,9.1,11.8,11.8,10728,113769.65,471040,-42480,19-DEC-2017,
OPTIDX,BANKNIFTY,28-Dec-2017,26600,CE,12.45,12.45,7,7.45,7.45,946,10068.87,20000,-360,19-DEC-2017,
OPTIDX,BANKNIFTY,28-Dec-2017,26700,CE,8.7,10,5.1,5.9,5.9,828,8845.5,13120,2400,19-DEC-2017,
OPTIDX,BANKNIFTY,28-Dec-2017,26800,CE,4.55,7.9,4.55,5.25,5.25,106,1136.56,9960,0,19-DEC-2017,
OPTIDX,BANKNIFTY,28-Dec-2017,26900,CE,8,8,2.75,3,3,392,4218.69,7160,-800,19-DEC-2017,
OPTIDX,BANKNIFTY,28-Dec-2017,27000,CE,6.55,8,3.05,4.25,4.25,1994,21538.52,177080,-10840,19-DEC-2017,
OPTIDX,BANKNIFTY,28-Dec-2017,27100,CE,0,0,0,8.05,3.45,0,0,320,0,19-DEC-2017,
OPTIDX,BANKNIFTY,28-Dec-2017,27200,CE,4.5,4.6,2.6,3.05,3.05,20,217.63,10160,520,19-DEC-2017,
OPTIDX,BANKNIFTY,28-Dec-2017,27300,CE,2,2.95,2,2.95,2.95,8,87.36,5360,0,19-DEC-2017,
OPTIDX,BANKNIFTY,28-Dec-2017,27400,CE,1.3,2.5,1.3,2.3,2.3,20,219.21,5840,-520,19-DEC-2017,
OPTIDX,BANKNIFTY,28-Dec-2017,27500,CE,2,2,1,1.65,1.65,84,924.04,19640,-1640,19-DEC-2017,
OPTIDX,BANKNIFTY,28-Dec-2017,22400,PE,1,1,0.7,0.8,0.8,582,5214.93,39880,-14400,19-DEC-2017,
OPTIDX,BANKNIFTY,28-Dec-2017,22500,PE,1.35,1.4,0.7,0.95,0.95,396,3564.17,48120,-9400,19-DEC-2017,
OPTIDX,BANKNIFTY,28-Dec-2017,22600,PE,0,0,0,152.95,0,0,0,0,0,19-DEC-2017,
OPTIDX,BANKNIFTY,28-Dec-2017,22700,PE,0,0,0,170.6,0,0,0,0,0,19-DEC-2017,
OPTIDX,BANKNIFTY,28-Dec-2017,22800,PE,0,0,0,189.75,0,0,0,0,0,19-DEC-2017,
OPTIDX,BANKNIFTY,28-Dec-2017,22900,PE,0,0,0,210.45,0,0,0,0,0,19-DEC-2017,
OPTIDX,BANKNIFTY,28-Dec-2017,23000,PE,2.15,2.55,1.85,2.2,2.2,1718,15807.16,135360,-58120,19-DEC-2017,
OPTIDX,BANKNIFTY,28-Dec-2017,23100,PE,3.9,3.9,2,2.8,2.8,9,83.17,3720,-40,19-DEC-2017,
OPTIDX,BANKNIFTY,28-Dec-2017,23200,PE,3.5,4,2.5,4,4,39,361.97,6120,-1440,19-DEC-2017,
OPTIDX,BANKNIFTY,28-Dec-2017,23300,PE,3.75,3.75,2.95,3.1,3.1,6,55.92,4160,-160,19-DEC-2017,
OPTIDX,BANKNIFTY,28-Dec-2017,23400,PE,5.8,5.8,4.45,5.4,5.4,25,234.05,9160,-280,19-DEC-2017,
OPTIDX,BANKNIFTY,28-Dec-2017,23500,PE,6,6.35,3.75,4.85,4.85,1453,13661.18,130720,-18080,19-DEC-2017,
OPTIDX,BANKNIFTY,28-Dec-2017,23600,PE,5,6.95,4.25,5,5,16,151.07,4920,-200,19-DEC-2017,
OPTIDX,BANKNIFTY,28-Dec-2017,23700,PE,5.6,5.85,4.9,5.7,5.7,6,56.89,9960,-120,19-DEC-2017,
OPTIDX,BANKNIFTY,28-Dec-2017,23800,PE,7.05,7.5,5,5,5,16,152.36,9000,-440,19-DEC-2017,
OPTIDX,BANKNIFTY,28-Dec-2017,23900,PE,12,12,6.55,8,8,150,1434.52,8360,3480,19-DEC-2017,
OPTIDX,BANKNIFTY,28-Dec-2017,24000,PE,14,14,7.4,8.2,8.2,8878,85265.12,561240,-6960,19-DEC-2017,
OPTIDX,BANKNIFTY,28-Dec-2017,24100,PE,16,16,7.5,8.4,8.4,195,1880.68,9520,160,19-DEC-2017,
OPTIDX,BANKNIFTY,28-Dec-2017,24200,PE,13,16.25,7.95,8.35,8.35,601,5820.25,13800,2480,19-DEC-2017,
OPTIDX,BANKNIFTY,28-Dec-2017,24300,PE,16.55,19.5,8,9.85,9.85,263,2557.78,7520,-880,19-DEC-2017,
OPTIDX,BANKNIFTY,28-Dec-2017,24400,PE,24.95,25,9.5,11.5,11.5,334,3262.01,12560,200,19-DEC-2017,
OPTIDX,BANKNIFTY,28-Dec-2017,24500,PE,27,27,13,14.25,14.25,17009,166816.42,991080,-9840,19-DEC-2017,
OPTIDX,BANKNIFTY,28-Dec-2017,24600,PE,25,30.75,15.3,15.95,15.95,692,6815.04,21600,4840,19-DEC-2017,
OPTIDX,BANKNIFTY,28-Dec-2017,24700,PE,43.65,43.65,19,20.15,20.15,1338,13233.6,24560,-1200,19-DEC-2017,
OPTIDX,BANKNIFTY,28-Dec-2017,24800,PE,35.05,52,23.85,25.5,25.5,2322,23064.44,63800,3560,19-DEC-2017,
OPTIDX,BANKNIFTY,28-Dec-2017,24900,PE,46.65,54.35,30.1,32.55,32.55,1420,14165.9,36160,4400,19-DEC-2017,
OPTIDX,BANKNIFTY,28-Dec-2017,25000,PE,62.95,67.3,38.4,41.3,41.3,33493,335621.71,1182840,-125800,19-DEC-2017,
OPTIDX,BANKNIFTY,28-Dec-2017,25100,PE,81,81,48,50.9,50.9,3001,30200.73,59880,11000,19-DEC-2017,
OPTIDX,BANKNIFTY,28-Dec-2017,25200,PE,88.95,96,60.45,64.55,64.55,4000,40442.25,75840,24280,19-DEC-2017,
OPTIDX,BANKNIFTY,28-Dec-2017,25300,PE,111.55,116.1,76.35,82.65,82.65,3560,36164.32,78440,14400,19-DEC-2017,
OPTIDX,BANKNIFTY,28-Dec-2017,25400,PE,131.55,142.15,96.7,102.35,102.35,3669,37452.35,90120,14760,19-DEC-2017,
OPTIDX,BANKNIFTY,28-Dec-2017,25500,PE,161.1,173.95,120,130.45,130.45,22141,227135.58,702960,35960,19-DEC-2017,
OPTIDX,BANKNIFTY,28-Dec-2017,25600,PE,209.8,209.8,150.8,160.25,160.25,5956,61416.31,55840,13400,19-DEC-2017,
OPTIDX,BANKNIFTY,28-Dec-2017,25700,PE,226.75,253,187.75,200,200,4471,46344.39,51160,23600,19-DEC-2017,
OPTIDX,BANKNIFTY,28-Dec-2017,25800,PE,269.35,301.8,230,246.2,246.2,977,10185.62,16720,2960,19-DEC-2017,
OPTIDX,BANKNIFTY,28-Dec-2017,25900,PE,319.95,348.95,282.35,295.6,295.6,279,2924.89,14800,4440,19-DEC-2017,
OPTIDX,BANKNIFTY,28-Dec-2017,26000,PE,408.3,430,337.75,360.4,360.4,2847,30047.67,751880,1200,19-DEC-2017,
OPTIDX,BANKNIFTY,28-Dec-2017,26100,PE,457.8,497.7,427.7,428.15,428.15,78,829.33,3400,2840,19-DEC-2017,
OPTIDX,BANKNIFTY,28-Dec-2017,26200,PE,565,565,534,534.05,534.05,4,42.78,4920,160,19-DEC-2017,
OPTIDX,BANKNIFTY,28-Dec-2017,26300,PE,0,0,0,1171.4,606,0,0,320,0,19-DEC-2017,
OPTIDX,BANKNIFTY,28-Dec-2017,26400,PE,0,0,0,1542.45,689.45,0,0,0,0,19-DEC-2017,
OPTIDX,BANKNIFTY,28-Dec-2017,26500,PE,780,859.95,760,784.3,784.3,218,2380.57,159640,440,19-DEC-2017,
OPTIDX,BANKNIFTY,28-Dec-2017,26600,PE,0,0,0,1683.2,866.75,0,0,0,0,19-DEC-2017,
OPTIDX,BANKNIFTY,28-Dec-2017,26700,PE,0,0,0,1398.45,959.35,0,0,0,0,19-DEC-2017,
OPTIDX,BANKNIFTY,28-Dec-2017,26800,PE,0,0,0,1467.3,1053.85,0,0,0,0,19-DEC-2017,
OPTIDX,BANKNIFTY,28-Dec-2017,26900,PE,0,0,0,839.55,1149.9,0,0,40,0,19-DEC-2017,
OPTIDX,BANKNIFTY,28-Dec-2017,27000,PE,1314.15,1335,1267.5,1272.5,1272.5,15,169.8,113960,-120,19-DEC-2017,
OPTIDX,BANKNIFTY,28-Dec-2017,27100,PE,0,0,0,1684.2,1345.1,0,0,0,0,19-DEC-2017,
OPTIDX,BANKNIFTY,28-Dec-2017,27200,PE,0,0,0,1606.75,1443.7,0,0,0,0,19-DEC-2017,
OPTIDX,BANKNIFTY,28-Dec-2017,27300,PE,0,0,0,1625,1542.75,0,0,80,0,19-DEC-2017,
OPTIDX,BANKNIFTY,28-Dec-2017,27400,PE,0,0,0,1375,1642.05,0,0,40,0,19-DEC-2017,
OPTIDX,BANKNIFTY,28-Dec-2017,27500,PE,1800,1800,1749.95,1749.95,1749.95,5,58.56,6320,-160,19-DEC-2017,
OPTIDX,BANKNIFTY,04-Jan-2018,23300,CE,0,0,0,1689.8,2480.7,0,0,0,0,19-DEC-2017,
OPTIDX,BANKNIFTY,04-Jan-2018,23400,CE,0,0,0,1596.35,2381.05,0,0,0,0,19-DEC-2017,
OPTIDX,BANKNIFTY,04-Jan-2018,23500,CE,0,0,0,1727.55,2281.5,0,0,0,0,19-DEC-2017,
OPTIDX,BANKNIFTY,04-Jan-2018,23600,CE,0,0,0,1967.9,2181.95,0,0,0,0,19-DEC-2017,
OPTIDX,BANKNIFTY,04-Jan-2018,23700,CE,0,0,0,2002.7,2082.55,0,0,0,0,19-DEC-2017,
OPTIDX,BANKNIFTY,04-Jan-2018,23800,CE,0,0,0,2082.3,1983.3,0,0,0,0,19-DEC-2017,
OPTIDX,BANKNIFTY,04-Jan-2018,23900,CE,0,0,0,2002.65,1884.25,0,0,0,0,19-DEC-2017,
OPTIDX,BANKNIFTY,04-Jan-2018,24000,CE,0,0,0,1924.4,1785.5,0,0,0,0,19-DEC-2017,
OPTIDX,BANKNIFTY,04-Jan-2018,24100,CE,0,0,0,1847.6,1687.15,0,0,0,0,19-DEC-2017,
OPTIDX,BANKNIFTY,04-Jan-2018,24200,CE,0,0,0,1772.25,1589.35,0,0,0,0,19-DEC-2017,
OPTIDX,BANKNIFTY,04-Jan-2018,24300,CE,0,0,0,1699.35,1492.25,0,0,0,0,19-DEC-2017,
OPTIDX,BANKNIFTY,04-Jan-2018,24400,CE,0,0,0,1627.05,1396.05,0,0,0,0,19-DEC-2017,
OPTIDX,BANKNIFTY,04-Jan-2018,24500,CE,0,0,0,1555.45,1301,0,0,0,0,19-DEC-2017,
OPTIDX,BANKNIFTY,04-Jan-2018,24600,CE,0,0,0,1486.6,1207.35,0,0,0,0,19-DEC-2017,
OPTIDX,BANKNIFTY,04-Jan-2018,24700,CE,0,0,0,1419.45,1115.4,0,0,0,0,19-DEC-2017,
OPTIDX,BANKNIFTY,04-Jan-2018,24800,CE,0,0,0,1354.05,1025.5,0,0,0,0,19-DEC-2017,
OPTIDX,BANKNIFTY,04-Jan-2018,24900,CE,0,0,0,1290.45,938.05,0,0,0,0,19-DEC-2017,
OPTIDX,BANKNIFTY,04-Jan-2018,25000,CE,0,0,0,1228.6,853.3,0,0,0,0,19-DEC-2017,
OPTIDX,BANKNIFTY,04-Jan-2018,25100,CE,0,0,0,1168.6,771.75,0,0,0,0,19-DEC-2017,
OPTIDX,BANKNIFTY,04-Jan-2018,25200,CE,0,0,0,1110.45,693.7,0,0,0,0,19-DEC-2017,
OPTIDX,BANKNIFTY,04-Jan-2018,25300,CE,0,0,0,1054.15,619.4,0,0,0,0,19-DEC-2017,
OPTIDX,BANKNIFTY,04-Jan-2018,25400,CE,0,0,0,999.65,549.45,0,0,0,0,19-DEC-2017,
OPTIDX,BANKNIFTY,04-Jan-2018,25500,CE,0,0,0,700,483.95,0,0,120,0,19-DEC-2017,
OPTIDX,BANKNIFTY,04-Jan-2018,25600,CE,0,0,0,896.3,423.15,0,0,0,0,19-DEC-2017,
OPTIDX,BANKNIFTY,04-Jan-2018,25700,CE,0,0,0,847.3,367.2,0,0,0,0,19-DEC-2017,
OPTIDX,BANKNIFTY,04-Jan-2018,25800,CE,0,0,0,800.25,316,0,0,0,0,19-DEC-2017,
OPTIDX,BANKNIFTY,04-Jan-2018,25900,CE,0,0,0,755,269.8,0,0,0,0,19-DEC-2017,
OPTIDX,BANKNIFTY,04-Jan-2018,26000,CE,171.5,171.55,171.5,171.55,171.55,5,52.34,200,200,19-DEC-2017,
OPTIDX,BANKNIFTY,04-Jan-2018,26100,CE,0,0,0,670,191.8,0,0,0,0,19-DEC-2017,
OPTIDX,BANKNIFTY,04-Jan-2018,26200,CE,0,0,0,630.15,159.65,0,0,0,0,19-DEC-2017,
OPTIDX,BANKNIFTY,04-Jan-2018,26300,CE,0,0,0,592.05,131.65,0,0,0,0,19-DEC-2017,
OPTIDX,BANKNIFTY,04-Jan-2018,26400,CE,0,0,0,555.7,107.75,0,0,0,0,19-DEC-2017,
OPTIDX,BANKNIFTY,04-Jan-2018,26500,CE,0,0,0,521,87.3,0,0,0,0,19-DEC-2017,
OPTIDX,BANKNIFTY,04-Jan-2018,26600,CE,0,0,0,488,70.1,0,0,0,0,19-DEC-2017,
OPTIDX,BANKNIFTY,04-Jan-2018,26700,CE,0,0,0,456.55,55.75,0,0,0,0,19-DEC-2017,
OPTIDX,BANKNIFTY,04-Jan-2018,26800,CE,0,0,0,426.7,43.9,0,0,0,0,19-DEC-2017,
OPTIDX,BANKNIFTY,04-Jan-2018,26900,CE,0,0,0,398.35,34.25,0,0,0,0,19-DEC-2017,
OPTIDX,BANKNIFTY,04-Jan-2018,27000,CE,0,0,0,371.55,26.45,0,0,0,0,19-DEC-2017,
OPTIDX,BANKNIFTY,04-Jan-2018,27100,CE,0,0,0,383.2,20.2,0,0,0,0,19-DEC-2017,
OPTIDX,BANKNIFTY,04-Jan-2018,27200,CE,0,0,0,356.6,15.3,0,0,0,0,19-DEC-2017,
OPTIDX,BANKNIFTY,04-Jan-2018,27300,CE,0,0,0,332.65,11.5,0,0,0,0,19-DEC-2017,
OPTIDX,BANKNIFTY,04-Jan-2018,27400,CE,0,0,0,152.25,8.55,0,0,0,0,19-DEC-2017,
OPTIDX,BANKNIFTY,04-Jan-2018,27500,CE,0,0,0,77.6,6.25,0,0,0,0,19-DEC-2017,
OPTIDX,BANKNIFTY,04-Jan-2018,23300,PE,0,0,0,22.6,0.15,0,0,0,0,19-DEC-2017,
OPTIDX,BANKNIFTY,04-Jan-2018,23400,PE,0,0,0,28.6,0.25,0,0,0,0,19-DEC-2017,
OPTIDX,BANKNIFTY,04-Jan-2018,23500,PE,0,0,0,25.45,0.35,0,0,0,0,19-DEC-2017,
OPTIDX,BANKNIFTY,04-Jan-2018,23600,PE,0,0,0,149.95,0.55,0,0,0,0,19-DEC-2017,
OPTIDX,BANKNIFTY,04-Jan-2018,23700,PE,0,0,0,163.2,0.9,0,0,0,0,19-DEC-2017,
OPTIDX,BANKNIFTY,04-Jan-2018,23800,PE,0,0,0,194.4,1.35,0,0,0,0,19-DEC-2017,
OPTIDX,BANKNIFTY,04-Jan-2018,23900,PE,0,0,0,213.6,2,0,0,0,0,19-DEC-2017,
OPTIDX,BANKNIFTY,04-Jan-2018,24000,PE,0,0,0,234.25,3,0,0,0,0,19-DEC-2017,
OPTIDX,BANKNIFTY,04-Jan-2018,24100,PE,0,0,0,256.35,4.4,0,0,0,0,19-DEC-2017,
OPTIDX,BANKNIFTY,04-Jan-2018,24200,PE,0,0,0,279.95,6.3,0,0,0,0,19-DEC-2017,
OPTIDX,BANKNIFTY,04-Jan-2018,24300,PE,0,0,0,305.95,8.9,0,0,0,0,19-DEC-2017,
OPTIDX,BANKNIFTY,04-Jan-2018,24400,PE,0,0,0,332.5,12.45,0,0,0,0,19-DEC-2017,
OPTIDX,BANKNIFTY,04-Jan-2018,24500,PE,0,0,0,359.8,17.1,0,0,0,0,19-DEC-2017,
OPTIDX,BANKNIFTY,04-Jan-2018,24600,PE,0,0,0,389.9,23.2,0,0,0,0,19-DEC-2017,
OPTIDX,BANKNIFTY,04-Jan-2018,24700,PE,0,0,0,421.65,31,0,0,0,0,19-DEC-2017,
OPTIDX,BANKNIFTY,04-Jan-2018,24800,PE,0,0,0,455.15,40.8,0,0,0,0,19-DEC-2017,
OPTIDX,BANKNIFTY,04-Jan-2018,24900,PE,0,0,0,490.45,53.05,0,0,0,0,19-DEC-2017,
OPTIDX,BANKNIFTY,04-Jan-2018,25000,PE,0,0,0,527.55,68.05,0,0,0,0,19-DEC-2017,
OPTIDX,BANKNIFTY,04-Jan-2018,25100,PE,0,0,0,566.45,86.2,0,0,0,0,19-DEC-2017,
OPTIDX,BANKNIFTY,04-Jan-2018,25200,PE,0,0,0,607.15,107.9,0,0,0,0,19-DEC-2017,
OPTIDX,BANKNIFTY,04-Jan-2018,25300,PE,0,0,0,649.75,133.3,0,0,0,0,19-DEC-2017,
OPTIDX,BANKNIFTY,04-Jan-2018,25400,PE,0,0,0,694.2,163.1,0,0,0,0,19-DEC-2017,
OPTIDX,BANKNIFTY,04-Jan-2018,25500,PE,0,0,0,740.5,197.3,0,0,0,0,19-DEC-2017,
OPTIDX,BANKNIFTY,04-Jan-2018,25600,PE,0,0,0,788.65,236.25,0,0,0,0,19-DEC-2017,
OPTIDX,BANKNIFTY,04-Jan-2018,25700,PE,0,0,0,838.55,280,0,0,0,0,19-DEC-2017,
OPTIDX,BANKNIFTY,04-Jan-2018,25800,PE,0,0,0,890.4,328.55,0,0,0,0,19-DEC-2017,
OPTIDX,BANKNIFTY,04-Jan-2018,25900,PE,0,0,0,944.05,382.1,0,0,0,0,19-DEC-2017,
OPTIDX,BANKNIFTY,04-Jan-2018,26000,PE,0,0,0,999.55,440.45,0,0,0,0,19-DEC-2017,
OPTIDX,BANKNIFTY,04-Jan-2018,26100,PE,0,0,0,1056.85,503.5,0,0,0,0,19-DEC-2017,
OPTIDX,BANKNIFTY,04-Jan-2018,26200,PE,0,0,0,1115.95,571.05,0,0,0,0,19-DEC-2017,
OPTIDX,BANKNIFTY,04-Jan-2018,26300,PE,0,0,0,1176.75,642.8,0,0,0,0,19-DEC-2017,
OPTIDX,BANKNIFTY,04-Jan-2018,26400,PE,0,0,0,1239.3,718.65,0,0,0,0,19-DEC-2017,
OPTIDX,BANKNIFTY,04-Jan-2018,26500,PE,0,0,0,1303.5,797.9,0,0,0,0,19-DEC-2017,
OPTIDX,BANKNIFTY,04-Jan-2018,26600,PE,0,0,0,1369.35,880.4,0,0,0,0,19-DEC-2017,
OPTIDX,BANKNIFTY,04-Jan-2018,26700,PE,0,0,0,1436.85,965.8,0,0,0,0,19-DEC-2017,
OPTIDX,BANKNIFTY,04-Jan-2018,26800,PE,0,0,0,1505.9,1053.65,0,0,0,0,19-DEC-2017,
OPTIDX,BANKNIFTY,04-Jan-2018,26900,PE,0,0,0,1576.45,1143.75,0,0,0,0,19-DEC-2017,
OPTIDX,BANKNIFTY,04-Jan-2018,27000,PE,0,0,0,1648.55,1235.65,0,0,0,0,19-DEC-2017,
OPTIDX,BANKNIFTY,04-Jan-2018,27100,PE,0,0,0,1550.2,1329.15,0,0,0,0,19-DEC-2017,
OPTIDX,BANKNIFTY,04-Jan-2018,27200,PE,0,0,0,1622.55,1424,0,0,0,0,19-DEC-2017,
OPTIDX,BANKNIFTY,04-Jan-2018,27300,PE,0,0,0,1697.6,1519.9,0,0,0,0,19-DEC-2017,
OPTIDX,BANKNIFTY,04-Jan-2018,27400,PE,0,0,0,1569.3,1616.65,0,0,0,0,19-DEC-2017,
OPTIDX,BANKNIFTY,04-Jan-2018,27500,PE,0,0,0,1503.6,1714.1,0,0,0,0,19-DEC-2017,
OPTIDX,BANKNIFTY,11-Jan-2018,23300,CE,0,0,0,1732.9,2509.6,0,0,0,0,19-DEC-2017,
OPTIDX,BANKNIFTY,11-Jan-2018,23400,CE,0,0,0,1641.3,2410.4,0,0,0,0,19-DEC-2017,
OPTIDX,BANKNIFTY,11-Jan-2018,23500,CE,0,0,0,1768.55,2311.35,0,0,0,0,19-DEC-2017,
OPTIDX,BANKNIFTY,11-Jan-2018,23600,CE,0,0,0,1955.25,2212.5,0,0,0,0,19-DEC-2017,
OPTIDX,BANKNIFTY,11-Jan-2018,23700,CE,0,0,0,2008.3,2113.95,0,0,0,0,19-DEC-2017,
OPTIDX,BANKNIFTY,11-Jan-2018,23800,CE,0,0,0,1926.9,2015.75,0,0,0,0,19-DEC-2017,
OPTIDX,BANKNIFTY,11-Jan-2018,23900,CE,0,0,0,1846.9,1918,0,0,0,0,19-DEC-2017,
OPTIDX,BANKNIFTY,11-Jan-2018,24000,CE,0,0,0,1768.45,1820.8,0,0,0,0,19-DEC-2017,
OPTIDX,BANKNIFTY,11-Jan-2018,24100,CE,0,0,0,1691.55,1724.3,0,0,0,0,19-DEC-2017,
OPTIDX,BANKNIFTY,11-Jan-2018,24200,CE,0,0,0,1616.25,1628.7,0,0,0,0,19-DEC-2017,
OPTIDX,BANKNIFTY,11-Jan-2018,24300,CE,0,0,0,1543.55,1534.1,0,0,0,0,19-DEC-2017,
OPTIDX,BANKNIFTY,11-Jan-2018,24400,CE,0,0,0,1470.5,1440.7,0,0,0,0,19-DEC-2017,
OPTIDX,BANKNIFTY,11-Jan-2018,24500,CE,0,0,0,1400.45,1348.8,0,0,0,0,19-DEC-2017,
OPTIDX,BANKNIFTY,11-Jan-2018,24600,CE,0,0,0,1332.25,1258.55,0,0,0,0,19-DEC-2017,
OPTIDX,BANKNIFTY,11-Jan-2018,24700,CE,0,0,0,1265.95,1170.2,0,0,0,0,19-DEC-2017,
OPTIDX,BANKNIFTY,11-Jan-2018,24800,CE,0,0,0,1201.55,1084.05,0,0,0,0,19-DEC-2017,
OPTIDX,BANKNIFTY,11-Jan-2018,24900,CE,0,0,0,1139.1,1000.35,0,0,0,0,19-DEC-2017,
OPTIDX,BANKNIFTY,11-Jan-2018,25000,CE,0,0,0,1078.6,919.35,0,0,0,0,19-DEC-2017,
OPTIDX,BANKNIFTY,11-Jan-2018,25100,CE,0,0,0,1020.1,841.35,0,0,0,0,19-DEC-2017,
OPTIDX,BANKNIFTY,11-Jan-2018,25200,CE,0,0,0,963.6,767.4,0,0,0,0,19-DEC-2017,
OPTIDX,BANKNIFTY,11-Jan-2018,25300,CE,0,0,0,909.15,695,0,0,0,0,19-DEC-2017,
OPTIDX,BANKNIFTY,11-Jan-2018,25400,CE,0,0,0,856.75,627.25,0,0,0,0,19-DEC-2017,
OPTIDX,BANKNIFTY,11-Jan-2018,25500,CE,0,0,0,806.25,563.35,0,0,0,0,19-DEC-2017,
OPTIDX,BANKNIFTY,11-Jan-2018,25600,CE,0,0,0,757.85,503.4,0,0,0,0,19-DEC-2017,
OPTIDX,BANKNIFTY,11-Jan-2018,25700,CE,0,0,0,711.5,447.45,0,0,0,0,19-DEC-2017,
OPTIDX,BANKNIFTY,11-Jan-2018,25800,CE,0,0,0,667.15,395.6,0,0,0,0,19-DEC-2017,
OPTIDX,BANKNIFTY,11-Jan-2018,25900,CE,0,0,0,624.75,347.7,0,0,0,0,19-DEC-2017,
OPTIDX,BANKNIFTY,11-Jan-2018,26000,CE,0,0,0,584.3,304,0,0,0,0,19-DEC-2017,
OPTIDX,BANKNIFTY,11-Jan-2018,26100,CE,0,0,0,545.8,264.25,0,0,0,0,19-DEC-2017,
OPTIDX,BANKNIFTY,11-Jan-2018,26200,CE,0,0,0,509.15,228.35,0,0,0,0,19-DEC-2017,
OPTIDX,BANKNIFTY,11-Jan-2018,26300,CE,0,0,0,474.35,196.15,0,0,0,0,19-DEC-2017,
OPTIDX,BANKNIFTY,11-Jan-2018,26400,CE,0,0,0,441.4,167.45,0,0,0,0,19-DEC-2017,
OPTIDX,BANKNIFTY,11-Jan-2018,26500,CE,0,0,0,410.15,142.3,0,0,0,0,19-DEC-2017,
OPTIDX,BANKNIFTY,11-Jan-2018,26600,CE,0,0,0,380.65,120.05,0,0,0,0,19-DEC-2017,
OPTIDX,BANKNIFTY,11-Jan-2018,26700,CE,0,0,0,352.8,100.65,0,0,0,0,19-DEC-2017,
OPTIDX,BANKNIFTY,11-Jan-2018,26800,CE,0,0,0,326.6,83.85,0,0,0,0,19-DEC-2017,
OPTIDX,BANKNIFTY,11-Jan-2018,26900,CE,0,0,0,303.15,69.4,0,0,0,0,19-DEC-2017,
OPTIDX,BANKNIFTY,11-Jan-2018,27000,CE,0,0,0,310.4,57.1,0,0,0,0,19-DEC-2017,
OPTIDX,BANKNIFTY,11-Jan-2018,27100,CE,0,0,0,286.45,46.65,0,0,0,0,19-DEC-2017,
OPTIDX,BANKNIFTY,11-Jan-2018,27200,CE,0,0,0,243.7,37.9,0,0,0,0,19-DEC-2017,
OPTIDX,BANKNIFTY,11-Jan-2018,27300,CE,0,0,0,221.8,30.55,0,0,0,0,19-DEC-2017,
OPTIDX,BANKNIFTY,11-Jan-2018,27400,CE,0,0,0,190.05,24.5,0,0,0,0,19-DEC-2017,
OPTIDX,BANKNIFTY,11-Jan-2018,27500,CE,0,0,0,106.25,19.5,0,0,0,0,19-DEC-2017,
OPTIDX,BANKNIFTY,11-Jan-2018,23300,PE,0,0,0,34.7,0.9,0,0,0,0,19-DEC-2017,
OPTIDX,BANKNIFTY,11-Jan-2018,23400,PE,0,0,0,42.5,1.3,0,0,0,0,19-DEC-2017,
OPTIDX,BANKNIFTY,11-Jan-2018,23500,PE,0,0,0,37.9,1.9,0,0,0,0,19-DEC-2017,
OPTIDX,BANKNIFTY,11-Jan-2018,23600,PE,0,0,0,102.75,2.65,0,0,0,0,19-DEC-2017,
OPTIDX,BANKNIFTY,11-Jan-2018,23700,PE,0,0,0,157.4,3.7,0,0,0,0,19-DEC-2017,
OPTIDX,BANKNIFTY,11-Jan-2018,23800,PE,0,0,0,174.9,5.1,0,0,0,0,19-DEC-2017,
OPTIDX,BANKNIFTY,11-Jan-2018,23900,PE,0,0,0,193.85,6.95,0,0,0,0,19-DEC-2017,
OPTIDX,BANKNIFTY,11-Jan-2018,24000,PE,0,0,0,214.25,9.35,0,0,0,0,19-DEC-2017,
OPTIDX,BANKNIFTY,11-Jan-2018,24100,PE,0,0,0,236.25,12.5,0,0,0,0,19-DEC-2017,
OPTIDX,BANKNIFTY,11-Jan-2018,24200,PE,0,0,0,259.9,16.45,0,0,0,0,19-DEC-2017,
OPTIDX,BANKNIFTY,11-Jan-2018,24300,PE,0,0,0,286.05,21.45,0,0,0,0,19-DEC-2017,
OPTIDX,BANKNIFTY,11-Jan-2018,24400,PE,0,0,0,311.95,27.7,0,0,0,0,19-DEC-2017,
OPTIDX,BANKNIFTY,11-Jan-2018,24500,PE,0,0,0,340.8,35.35,0,0,0,0,19-DEC-2017,
OPTIDX,BANKNIFTY,11-Jan-2018,24600,PE,0,0,0,371.5,44.7,0,0,0,0,19-DEC-2017,
OPTIDX,BANKNIFTY,11-Jan-2018,24700,PE,0,0,0,404.1,56,0,0,0,0,19-DEC-2017,
OPTIDX,BANKNIFTY,11-Jan-2018,24800,PE,0,0,0,438.6,69.45,0,0,0,0,19-DEC-2017,
OPTIDX,BANKNIFTY,11-Jan-2018,24900,PE,0,0,0,475.05,85.35,0,0,0,0,19-DEC-2017,
OPTIDX,BANKNIFTY,11-Jan-2018,25000,PE,0,0,0,513.45,103.95,0,0,0,0,19-DEC-2017,
OPTIDX,BANKNIFTY,11-Jan-2018,25100,PE,0,0,0,553.85,125.55,0,0,0,0,19-DEC-2017,
OPTIDX,BANKNIFTY,11-Jan-2018,25200,PE,0,0,0,596.3,151.2,0,0,0,0,19-DEC-2017,
OPTIDX,BANKNIFTY,11-Jan-2018,25300,PE,0,0,0,640.75,178.4,0,0,0,0,19-DEC-2017,
OPTIDX,BANKNIFTY,11-Jan-2018,25400,PE,0,0,0,687.2,210.3,0,0,0,0,19-DEC-2017,
OPTIDX,BANKNIFTY,11-Jan-2018,25500,PE,0,0,0,735.65,245.95,0,0,0,0,19-DEC-2017,
OPTIDX,BANKNIFTY,11-Jan-2018,25600,PE,0,0,0,786.15,285.6,0,0,0,0,19-DEC-2017,
OPTIDX,BANKNIFTY,11-Jan-2018,25700,PE,0,0,0,838.7,329.25,0,0,0,0,19-DEC-2017,
OPTIDX,BANKNIFTY,11-Jan-2018,25800,PE,0,0,0,893.25,377,0,0,0,0,19-DEC-2017,
OPTIDX,BANKNIFTY,11-Jan-2018,25900,PE,0,0,0,949.75,428.75,0,0,0,0,19-DEC-2017,
OPTIDX,BANKNIFTY,11-Jan-2018,26000,PE,0,0,0,1008.2,484.6,0,0,0,0,19-DEC-2017,
OPTIDX,BANKNIFTY,11-Jan-2018,26100,PE,0,0,0,1068.6,544.45,0,0,0,0,19-DEC-2017,
OPTIDX,BANKNIFTY,11-Jan-2018,26200,PE,0,0,0,1130.85,608.15,0,0,0,0,19-DEC-2017,
OPTIDX,BANKNIFTY,11-Jan-2018,26300,PE,0,0,0,1195,675.55,0,0,0,0,19-DEC-2017,
OPTIDX,BANKNIFTY,11-Jan-2018,26400,PE,0,0,0,1260.9,746.5,0,0,0,0,19-DEC-2017,
OPTIDX,BANKNIFTY,11-Jan-2018,26500,PE,0,0,0,1328.6,820.95,0,0,0,0,19-DEC-2017,
OPTIDX,BANKNIFTY,11-Jan-2018,26600,PE,0,0,0,1398,898.3,0,0,0,0,19-DEC-2017,
OPTIDX,BANKNIFTY,11-Jan-2018,26700,PE,0,0,0,1469.05,978.5,0,0,0,0,19-DEC-2017,
OPTIDX,BANKNIFTY,11-Jan-2018,26800,PE,0,0,0,1541.75,1061.3,0,0,0,0,19-DEC-2017,
OPTIDX,BANKNIFTY,11-Jan-2018,26900,PE,0,0,0,1617.2,1146.45,0,0,0,0,19-DEC-2017,
OPTIDX,BANKNIFTY,11-Jan-2018,27000,PE,0,0,0,1530.2,1233.75,0,0,0,0,19-DEC-2017,
OPTIDX,BANKNIFTY,11-Jan-2018,27100,PE,0,0,0,1605.2,1322.9,0,0,0,0,19-DEC-2017,
OPTIDX,BANKNIFTY,11-Jan-2018,27200,PE,0,0,0,1464.9,1413.75,0,0,0,0,19-DEC-2017,
OPTIDX,BANKNIFTY,11-Jan-2018,27300,PE,0,0,0,1542.05,1506,0,0,0,0,19-DEC-2017,
OPTIDX,BANKNIFTY,11-Jan-2018,27400,PE,0,0,0,1573.95,1599.55,0,0,0,0,19-DEC-2017,
OPTIDX,BANKNIFTY,11-Jan-2018,27500,PE,0,0,0,1498.85,1694.15,0,0,0,0,19-DEC-2017,
OPTIDX,BANKNIFTY,18-Jan-2018,23300,CE,0,0,0,1774.15,2539.5,0,0,0,0,19-DEC-2017,
OPTIDX,BANKNIFTY,18-Jan-2018,23400,CE,0,0,0,1684.25,2440.95,0,0,0,0,19-DEC-2017,
OPTIDX,BANKNIFTY,18-Jan-2018,23500,CE,0,0,0,1810.1,2342.75,0,0,0,0,19-DEC-2017,
OPTIDX,BANKNIFTY,18-Jan-2018,23600,CE,0,0,0,1837.5,2244.85,0,0,0,0,19-DEC-2017,
OPTIDX,BANKNIFTY,18-Jan-2018,23700,CE,0,0,0,1898.05,2147.4,0,0,0,0,19-DEC-2017,
OPTIDX,BANKNIFTY,18-Jan-2018,23800,CE,0,0,0,2023.4,2050.5,0,0,0,0,19-DEC-2017,
OPTIDX,BANKNIFTY,18-Jan-2018,23900,CE,0,0,0,1939.15,1954.2,0,0,0,0,19-DEC-2017,
OPTIDX,BANKNIFTY,18-Jan-2018,24000,CE,0,0,0,1856.35,1858.7,0,0,0,0,19-DEC-2017,
OPTIDX,BANKNIFTY,18-Jan-2018,24100,CE,0,0,0,1775.05,1764.1,0,0,0,0,19-DEC-2017,
OPTIDX,BANKNIFTY,18-Jan-2018,24200,CE,0,0,0,1695.25,1670.55,0,0,0,0,19-DEC-2017,
OPTIDX,BANKNIFTY,18-Jan-2018,24300,CE,0,0,0,1617.15,1578.25,0,0,0,0,19-DEC-2017,
OPTIDX,BANKNIFTY,18-Jan-2018,24400,CE,0,0,0,1540.7,1487.3,0,0,0,0,19-DEC-2017,
OPTIDX,BANKNIFTY,18-Jan-2018,24500,CE,0,0,0,1467,1397.95,0,0,0,0,19-DEC-2017,
OPTIDX,BANKNIFTY,18-Jan-2018,24600,CE,0,0,0,1393.95,1310.35,0,0,0,0,19-DEC-2017,
OPTIDX,BANKNIFTY,18-Jan-2018,24700,CE,0,0,0,1322,1224.75,0,0,0,0,19-DEC-2017,
OPTIDX,BANKNIFTY,18-Jan-2018,24800,CE,0,0,0,1253.05,1141.35,0,0,0,0,19-DEC-2017,
OPTIDX,BANKNIFTY,18-Jan-2018,24900,CE,0,0,0,1186.1,1060.3,0,0,0,0,19-DEC-2017,
OPTIDX,BANKNIFTY,18-Jan-2018,25000,CE,0,0,0,1121.2,981.8,0,0,0,0,19-DEC-2017,
OPTIDX,BANKNIFTY,18-Jan-2018,25100,CE,0,0,0,1058.45,906.1,0,0,0,0,19-DEC-2017,
OPTIDX,BANKNIFTY,18-Jan-2018,25200,CE,0,0,0,997.75,833.15,0,0,0,0,19-DEC-2017,
OPTIDX,BANKNIFTY,18-Jan-2018,25300,CE,0,0,0,939.25,763.5,0,0,0,0,19-DEC-2017,
OPTIDX,BANKNIFTY,18-Jan-2018,25400,CE,0,0,0,882.95,697.15,0,0,0,0,19-DEC-2017,
OPTIDX,BANKNIFTY,18-Jan-2018,25500,CE,0,0,0,828.8,634.1,0,0,0,0,19-DEC-2017,
OPTIDX,BANKNIFTY,18-Jan-2018,25600,CE,0,0,0,776.8,574.55,0,0,0,0,19-DEC-2017,
OPTIDX,BANKNIFTY,18-Jan-2018,25700,CE,0,0,0,726.95,518.55,0,0,0,0,19-DEC-2017,
OPTIDX,BANKNIFTY,18-Jan-2018,25800,CE,0,0,0,679.35,466.1,0,0,0,0,19-DEC-2017,
OPTIDX,BANKNIFTY,18-Jan-2018,25900,CE,0,0,0,633.95,417.1,0,0,0,0,19-DEC-2017,
OPTIDX,BANKNIFTY,18-Jan-2018,26000,CE,0,0,0,590.65,371.75,0,0,0,0,19-DEC-2017,
OPTIDX,BANKNIFTY,18-Jan-2018,26100,CE,0,0,0,549.55,329.95,0,0,0,0,19-DEC-2017,
OPTIDX,BANKNIFTY,18-Jan-2018,26200,CE,0,0,0,510.45,291.55,0,0,0,0,19-DEC-2017,
OPTIDX,BANKNIFTY,18-Jan-2018,26300,CE,0,0,0,473.45,256.45,0,0,0,0,19-DEC-2017,
OPTIDX,BANKNIFTY,18-Jan-2018,26400,CE,0,0,0,438.45,224.6,0,0,0,0,19-DEC-2017,
OPTIDX,BANKNIFTY,18-Jan-2018,26500,CE,0,0,0,405.45,195.8,0,0,0,0,19-DEC-2017,
OPTIDX,BANKNIFTY,18-Jan-2018,26600,CE,0,0,0,374.3,171.1,0,0,0,0,19-DEC-2017,
OPTIDX,BANKNIFTY,18-Jan-2018,26700,CE,0,0,0,345.05,147,0,0,0,0,19-DEC-2017,
OPTIDX,BANKNIFTY,18-Jan-2018,26800,CE,0,0,0,317.55,126.45,0,0,0,0,19-DEC-2017,
OPTIDX,BANKNIFTY,18-Jan-2018,26900,CE,0,0,0,292.9,108.25,0,0,0,0,19-DEC-2017,
OPTIDX,BANKNIFTY,18-Jan-2018,27000,CE,0,0,0,269.05,92.2,0,0,0,0,19-DEC-2017,
OPTIDX,BANKNIFTY,18-Jan-2018,27100,CE,0,0,0,311.55,78.2,0,0,0,0,19-DEC-2017,
OPTIDX,BANKNIFTY,18-Jan-2018,27200,CE,0,0,0,287.4,66,0,0,0,0,19-DEC-2017,
OPTIDX,BANKNIFTY,18-Jan-2018,27300,CE,0,0,0,262.9,55.4,0,0,0,0,19-DEC-2017,
OPTIDX,BANKNIFTY,18-Jan-2018,27400,CE,0,0,0,228.4,46.3,0,0,0,0,19-DEC-2017,
OPTIDX,BANKNIFTY,18-Jan-2018,27500,CE,0,0,0,136.4,38.55,0,0,0,0,19-DEC-2017,
OPTIDX,BANKNIFTY,18-Jan-2018,23300,PE,0,0,0,47.6,2.75,0,0,0,0,19-DEC-2017,
OPTIDX,BANKNIFTY,18-Jan-2018,23400,PE,0,0,0,57,3.7,0,0,0,0,19-DEC-2017,
OPTIDX,BANKNIFTY,18-Jan-2018,23500,PE,0,0,0,50.9,4.95,0,0,0,0,19-DEC-2017,
OPTIDX,BANKNIFTY,18-Jan-2018,23600,PE,0,0,0,56.55,6.55,0,0,0,0,19-DEC-2017,
OPTIDX,BANKNIFTY,18-Jan-2018,23700,PE,0,0,0,63.55,8.6,0,0,0,0,19-DEC-2017,
OPTIDX,BANKNIFTY,18-Jan-2018,23800,PE,0,0,0,116.55,11.2,0,0,0,0,19-DEC-2017,
OPTIDX,BANKNIFTY,18-Jan-2018,23900,PE,0,0,0,131.25,14.4,0,0,0,0,19-DEC-2017,
OPTIDX,BANKNIFTY,18-Jan-2018,24000,PE,0,0,0,147.35,18.35,0,0,0,0,19-DEC-2017,
OPTIDX,BANKNIFTY,18-Jan-2018,24100,PE,0,0,0,164.9,23.25,0,0,0,0,19-DEC-2017,
OPTIDX,BANKNIFTY,18-Jan-2018,24200,PE,0,0,0,184.05,29.2,0,0,0,0,19-DEC-2017,
OPTIDX,BANKNIFTY,18-Jan-2018,24300,PE,0,0,0,204.8,36.35,0,0,0,0,19-DEC-2017,
OPTIDX,BANKNIFTY,18-Jan-2018,24400,PE,0,0,0,227.3,44.9,0,0,0,0,19-DEC-2017,
OPTIDX,BANKNIFTY,18-Jan-2018,24500,PE,0,0,0,252.5,55,0,0,0,0,19-DEC-2017,
OPTIDX,BANKNIFTY,18-Jan-2018,24600,PE,0,0,0,278.4,66.9,0,0,0,0,19-DEC-2017,
OPTIDX,BANKNIFTY,18-Jan-2018,24700,PE,0,0,0,305.3,80.8,0,0,0,0,19-DEC-2017,
OPTIDX,BANKNIFTY,18-Jan-2018,24800,PE,0,0,0,335.25,96.85,0,0,0,0,19-DEC-2017,
OPTIDX,BANKNIFTY,18-Jan-2018,24900,PE,0,0,0,367.25,115.3,0,0,0,0,19-DEC-2017,
OPTIDX,BANKNIFTY,18-Jan-2018,25000,PE,0,0,0,401.25,136.3,0,0,0,0,19-DEC-2017,
OPTIDX,BANKNIFTY,18-Jan-2018,25100,PE,0,0,0,437.4,160.05,0,0,0,0,19-DEC-2017,
OPTIDX,BANKNIFTY,18-Jan-2018,25200,PE,0,0,0,475.6,186.6,0,0,0,0,19-DEC-2017,
OPTIDX,BANKNIFTY,18-Jan-2018,25300,PE,0,0,0,516,216.45,0,0,0,0,19-DEC-2017,
OPTIDX,BANKNIFTY,18-Jan-2018,25400,PE,0,0,0,558.6,249.55,0,0,0,0,19-DEC-2017,
OPTIDX,BANKNIFTY,18-Jan-2018,25500,PE,0,0,0,603.35,286,0,0,0,0,19-DEC-2017,
OPTIDX,BANKNIFTY,18-Jan-2018,25600,PE,0,0,0,650.3,325.95,0,0,0,0,19-DEC-2017,
OPTIDX,BANKNIFTY,18-Jan-2018,25700,PE,0,0,0,699.35,369.4,0,0,0,0,19-DEC-2017,
OPTIDX,BANKNIFTY,18-Jan-2018,25800,PE,0,0,0,750.65,416.45,0,0,0,0,19-DEC-2017,
OPTIDX,BANKNIFTY,18-Jan-2018,25900,PE,0,0,0,804.15,466.9,0,0,0,0,19-DEC-2017,
OPTIDX,BANKNIFTY,18-Jan-2018,26000,PE,0,0,0,859.75,521.05,0,0,0,0,19-DEC-2017,
OPTIDX,BANKNIFTY,18-Jan-2018,26100,PE,0,0,0,917.55,578.75,0,0,0,0,19-DEC-2017,
OPTIDX,BANKNIFTY,18-Jan-2018,26200,PE,0,0,0,977.4,639.8,0,0,0,0,19-DEC-2017,
OPTIDX,BANKNIFTY,18-Jan-2018,26300,PE,0,0,0,1039.3,704.2,0,0,0,0,19-DEC-2017,
OPTIDX,BANKNIFTY,18-Jan-2018,26400,PE,0,0,0,1103.2,771.85,0,0,0,0,19-DEC-2017,
OPTIDX,BANKNIFTY,18-Jan-2018,26500,PE,0,0,0,1169.05,842.55,0,0,0,0,19-DEC-2017,
OPTIDX,BANKNIFTY,18-Jan-2018,26600,PE,0,0,0,1236.85,917.3,0,0,0,0,19-DEC-2017,
OPTIDX,BANKNIFTY,18-Jan-2018,26700,PE,0,0,0,1306.5,992.7,0,0,0,0,19-DEC-2017,
OPTIDX,BANKNIFTY,18-Jan-2018,26800,PE,0,0,0,1377.9,1071.6,0,0,0,0,19-DEC-2017,
OPTIDX,BANKNIFTY,18-Jan-2018,26900,PE,0,0,0,1452.2,1152.9,0,0,0,0,19-DEC-2017,
OPTIDX,BANKNIFTY,18-Jan-2018,27000,PE,0,0,0,1527.25,1236.35,0,0,0,0,19-DEC-2017,
OPTIDX,BANKNIFTY,18-Jan-2018,27100,PE,0,0,0,1400.85,1321.8,0,0,0,0,19-DEC-2017,
OPTIDX,BANKNIFTY,18-Jan-2018,27200,PE,0,0,0,1475.65,1409.1,0,0,0,0,19-DEC-2017,
OPTIDX,BANKNIFTY,18-Jan-2018,27300,PE,0,0,0,1550.1,1498,0,0,0,0,19-DEC-2017,
OPTIDX,BANKNIFTY,18-Jan-2018,27400,PE,0,0,0,1579.15,1588.4,0,0,0,0,19-DEC-2017,
OPTIDX,BANKNIFTY,18-Jan-2018,27500,PE,0,0,0,1495.6,1680.05,0,0,0,0,19-DEC-2017,
OPTIDX,BANKNIFTY,25-Jan-2018,23200,CE,0,0,0,2257.55,2671.55,0,0,0,0,19-DEC-2017,
OPTIDX,BANKNIFTY,25-Jan-2018,23300,CE,0,0,0,2180.8,2573.5,0,0,0,0,19-DEC-2017,
OPTIDX,BANKNIFTY,25-Jan-2018,23400,CE,0,0,0,2283.55,2475.8,0,0,0,0,19-DEC-2017,
OPTIDX,BANKNIFTY,25-Jan-2018,23500,CE,0,0,0,2207.9,2378.5,0,0,0,0,19-DEC-2017,
OPTIDX,BANKNIFTY,25-Jan-2018,23600,CE,0,0,0,2133.5,2281.7,0,0,0,0,19-DEC-2017,
OPTIDX,BANKNIFTY,25-Jan-2018,23700,CE,0,0,0,2061.25,2185.45,0,0,0,0,19-DEC-2017,
OPTIDX,BANKNIFTY,25-Jan-2018,23800,CE,0,0,0,1989.35,2089.85,0,0,0,0,19-DEC-2017,
OPTIDX,BANKNIFTY,25-Jan-2018,23900,CE,0,0,0,1917.85,1995.05,0,0,0,0,19-DEC-2017,
OPTIDX,BANKNIFTY,25-Jan-2018,24000,CE,1750,1799,1750,1799,1799,7,72.16,440,280,19-DEC-2017,
OPTIDX,BANKNIFTY,25-Jan-2018,24100,CE,0,0,0,1781.2,1808.25,0,0,0,0,19-DEC-2017,
OPTIDX,BANKNIFTY,25-Jan-2018,24200,CE,0,0,0,1714.95,1716.55,0,0,0,0,19-DEC-2017,
OPTIDX,BANKNIFTY,25-Jan-2018,24300,CE,0,0,0,1650.2,1626.15,0,0,0,0,19-DEC-2017,
OPTIDX,BANKNIFTY,25-Jan-2018,24400,CE,0,0,0,1586.9,1537.2,0,0,0,0,19-DEC-2017,
OPTIDX,BANKNIFTY,25-Jan-2018,24500,CE,1284.4,1350,1277.45,1350,1350,30,309.73,1760,1200,19-DEC-2017,
OPTIDX,BANKNIFTY,25-Jan-2018,24600,CE,0,0,0,1464.7,1364.4,0,0,0,0,19-DEC-2017,
OPTIDX,BANKNIFTY,25-Jan-2018,24700,CE,0,0,0,711.25,1280.85,0,0,200,0,19-DEC-2017,
OPTIDX,BANKNIFTY,25-Jan-2018,24800,CE,0,0,0,1348.5,1199.4,0,0,0,0,19-DEC-2017,
OPTIDX,BANKNIFTY,25-Jan-2018,24900,CE,0,0,0,700,1120.25,0,0,400,0,19-DEC-2017,
OPTIDX,BANKNIFTY,25-Jan-2018,25000,CE,957.25,959.7,876.45,930.95,930.95,80,829.3,17320,2040,19-DEC-2017,
OPTIDX,BANKNIFTY,25-Jan-2018,25100,CE,0,0,0,1185.55,970.25,0,0,0,0,19-DEC-2017,
OPTIDX,BANKNIFTY,25-Jan-2018,25200,CE,0,0,0,526.15,897.75,0,0,1640,0,19-DEC-2017,
OPTIDX,BANKNIFTY,25-Jan-2018,25300,CE,0,0,0,575,829.2,0,0,360,0,19-DEC-2017,
OPTIDX,BANKNIFTY,25-Jan-2018,25400,CE,0,0,0,545,763.6,0,0,280,0,19-DEC-2017,
OPTIDX,BANKNIFTY,25-Jan-2018,25500,CE,584.1,601.85,550,577.2,577.2,240,2502.89,25440,1560,19-DEC-2017,
OPTIDX,BANKNIFTY,25-Jan-2018,25600,CE,0,0,0,944.1,641.65,0,0,0,0,19-DEC-2017,
OPTIDX,BANKNIFTY,25-Jan-2018,25700,CE,413.1,475.5,413.1,450,450,12,125.48,2680,240,19-DEC-2017,
OPTIDX,BANKNIFTY,25-Jan-2018,25800,CE,398.9,415,398,400,400,6,62.88,200,160,19-DEC-2017,
OPTIDX,BANKNIFTY,25-Jan-2018,25900,CE,340,355,340,346,346,5,52.49,200,200,19-DEC-2017,
OPTIDX,BANKNIFTY,25-Jan-2018,26000,CE,326.65,339.2,289.5,316.5,316.5,1985,20894.09,152080,19440,19-DEC-2017,
OPTIDX,BANKNIFTY,25-Jan-2018,26100,CE,0,0,0,739.65,392.3,0,0,0,0,19-DEC-2017,
OPTIDX,BANKNIFTY,25-Jan-2018,26200,CE,0,0,0,703.05,351.95,0,0,0,0,19-DEC-2017,
OPTIDX,BANKNIFTY,25-Jan-2018,26300,CE,0,0,0,667.8,314.65,0,0,0,0,19-DEC-2017,
OPTIDX,BANKNIFTY,25-Jan-2018,26400,CE,0,0,0,633.9,280.3,0,0,0,0,19-DEC-2017,
OPTIDX,BANKNIFTY,25-Jan-2018,26500,CE,155,174.45,130,143,143,719,7663.16,37000,6480,19-DEC-2017,
OPTIDX,BANKNIFTY,25-Jan-2018,26600,CE,0,0,0,570.05,220.05,0,0,0,0,19-DEC-2017,
OPTIDX,BANKNIFTY,25-Jan-2018,26700,CE,0,0,0,669.65,195.05,0,0,0,0,19-DEC-2017,
OPTIDX,BANKNIFTY,25-Jan-2018,26800,CE,0,0,0,635.2,170.5,0,0,0,0,19-DEC-2017,
OPTIDX,BANKNIFTY,25-Jan-2018,26900,CE,0,0,0,602.05,149.2,0,0,0,0,19-DEC-2017,
OPTIDX,BANKNIFTY,25-Jan-2018,27000,CE,62,69.95,54.95,59.1,59.1,194,2099.79,22000,2240,19-DEC-2017,
OPTIDX,BANKNIFTY,25-Jan-2018,27100,CE,0,0,0,539.8,112.95,0,0,0,0,19-DEC-2017,
OPTIDX,BANKNIFTY,25-Jan-2018,27200,CE,0,0,0,502.35,97.75,0,0,0,0,19-DEC-2017,
OPTIDX,BANKNIFTY,25-Jan-2018,27300,CE,0,0,0,473.4,84.25,0,0,0,0,19-DEC-2017,
OPTIDX,BANKNIFTY,25-Jan-2018,27400,CE,0,0,0,266.95,72.35,0,0,0,0,19-DEC-2017,
OPTIDX,BANKNIFTY,25-Jan-2018,27500,CE,0,0,0,29,61.9,0,0,120,0,19-DEC-2017,
OPTIDX,BANKNIFTY,25-Jan-2018,23200,PE,21,28.5,20.05,22.8,22.8,77,715.29,7080,160,19-DEC-2017,
OPTIDX,BANKNIFTY,25-Jan-2018,23300,PE,0,0,0,287.25,5.7,0,0,0,0,19-DEC-2017,
OPTIDX,BANKNIFTY,25-Jan-2018,23400,PE,0,0,0,294.35,7.35,0,0,0,0,19-DEC-2017,
OPTIDX,BANKNIFTY,25-Jan-2018,23500,PE,36.95,40,31.65,33,33,134,1261.47,20840,440,19-DEC-2017,
OPTIDX,BANKNIFTY,25-Jan-2018,23600,PE,0,0,0,341.2,11.9,0,0,0,0,19-DEC-2017,
OPTIDX,BANKNIFTY,25-Jan-2018,23700,PE,0,0,0,367.4,15,0,0,0,0,19-DEC-2017,
OPTIDX,BANKNIFTY,25-Jan-2018,23800,PE,0,0,0,393.95,18.8,0,0,0,0,19-DEC-2017,
OPTIDX,BANKNIFTY,25-Jan-2018,23900,PE,0,0,0,420.85,23.3,0,0,0,0,19-DEC-2017,
OPTIDX,BANKNIFTY,25-Jan-2018,24000,PE,61,67.5,53.7,56.2,56.2,944,9085.57,52360,19600,19-DEC-2017,
OPTIDX,BANKNIFTY,25-Jan-2018,24100,PE,0,0,0,481.05,35.25,0,0,0,0,19-DEC-2017,
OPTIDX,BANKNIFTY,25-Jan-2018,24200,PE,71.25,71.25,71.25,71.25,71.25,1,9.7,1000,0,19-DEC-2017,
OPTIDX,BANKNIFTY,25-Jan-2018,24300,PE,94.4,94.4,94.4,94.4,94.4,1,9.75,40,0,19-DEC-2017,
OPTIDX,BANKNIFTY,25-Jan-2018,24400,PE,0,0,0,582.05,62.25,0,0,0,0,19-DEC-2017,
OPTIDX,BANKNIFTY,25-Jan-2018,24500,PE,119.75,121.4,97,105.05,105.05,1218,11989.16,72280,9800,19-DEC-2017,
OPTIDX,BANKNIFTY,25-Jan-2018,24600,PE,0,0,0,656.75,88.1,0,0,0,0,19-DEC-2017,
OPTIDX,BANKNIFTY,25-Jan-2018,24700,PE,0,0,0,696.3,103.9,0,0,0,0,19-DEC-2017,
OPTIDX,BANKNIFTY,25-Jan-2018,24800,PE,0,0,0,245,121.8,0,0,40,0,19-DEC-2017,
OPTIDX,BANKNIFTY,25-Jan-2018,24900,PE,198,198,198,198,198,1,10.03,480,0,19-DEC-2017,
OPTIDX,BANKNIFTY,25-Jan-2018,25000,PE,203,212.1,171.8,177.8,177.8,2026,20414.59,93800,26960,19-DEC-2017,
OPTIDX,BANKNIFTY,25-Jan-2018,25100,PE,215,215,199,200,200,43,435.27,600,-40,19-DEC-2017,
OPTIDX,BANKNIFTY,25-Jan-2018,25200,PE,240,267.8,220,220,220,52,528.96,1920,760,19-DEC-2017,
OPTIDX,BANKNIFTY,25-Jan-2018,25300,PE,324.55,324.55,250,255,255,14,143.16,1000,0,19-DEC-2017,
OPTIDX,BANKNIFTY,25-Jan-2018,25400,PE,0,0,0,1015.6,282.15,0,0,0,0,19-DEC-2017,
OPTIDX,BANKNIFTY,25-Jan-2018,25500,PE,327.5,352.4,304,311.75,311.75,627,6476.9,28560,8800,19-DEC-2017,
OPTIDX,BANKNIFTY,25-Jan-2018,25600,PE,0,0,0,1120.45,358.85,0,0,0,0,19-DEC-2017,
OPTIDX,BANKNIFTY,25-Jan-2018,25700,PE,395.85,395.85,395.85,395.85,395.85,1,10.43,40,40,19-DEC-2017,
OPTIDX,BANKNIFTY,25-Jan-2018,25800,PE,0,0,0,1231.2,448.25,0,0,0,0,19-DEC-2017,
OPTIDX,BANKNIFTY,25-Jan-2018,25900,PE,0,0,0,1288.75,497.65,0,0,0,0,19-DEC-2017,
OPTIDX,BANKNIFTY,25-Jan-2018,26000,PE,560,578.05,520,528.95,528.95,67,711.55,4920,840,19-DEC-2017,
OPTIDX,BANKNIFTY,25-Jan-2018,26100,PE,0,0,0,1408.15,606.25,0,0,0,0,19-DEC-2017,
OPTIDX,BANKNIFTY,25-Jan-2018,26200,PE,0,0,0,1469.95,665.25,0,0,0,0,19-DEC-2017,
OPTIDX,BANKNIFTY,25-Jan-2018,26300,PE,0,0,0,1533.15,727.3,0,0,0,0,19-DEC-2017,
OPTIDX,BANKNIFTY,25-Jan-2018,26400,PE,0,0,0,1597.7,792.3,0,0,0,0,19-DEC-2017,
OPTIDX,BANKNIFTY,25-Jan-2018,26500,PE,919,919,840,850,850,11,120.38,440,360,19-DEC-2017,
OPTIDX,BANKNIFTY,25-Jan-2018,26600,PE,0,0,0,1730.7,930.75,0,0,0,0,19-DEC-2017,
OPTIDX,BANKNIFTY,25-Jan-2018,26700,PE,0,0,0,1486.05,1005.1,0,0,0,0,19-DEC-2017,
OPTIDX,BANKNIFTY,25-Jan-2018,26800,PE,0,0,0,1550.1,1079.9,0,0,0,0,19-DEC-2017,
OPTIDX,BANKNIFTY,25-Jan-2018,26900,PE,0,0,0,1615.55,1157.95,0,0,0,0,19-DEC-2017,
OPTIDX,BANKNIFTY,25-Jan-2018,27000,PE,0,0,0,1682.25,1238.2,0,0,0,0,19-DEC-2017,
OPTIDX,BANKNIFTY,25-Jan-2018,27100,PE,0,0,0,1750.3,1320.45,0,0,0,0,19-DEC-2017,
OPTIDX,BANKNIFTY,25-Jan-2018,27200,PE,0,0,0,1669.85,1404.55,0,0,0,0,19-DEC-2017,
OPTIDX,BANKNIFTY,25-Jan-2018,27300,PE,0,0,0,1739.5,1490.45,0,0,0,0,19-DEC-2017,
OPTIDX,BANKNIFTY,25-Jan-2018,27400,PE,0,0,0,1584.55,1577.9,0,0,0,0,19-DEC-2017,
OPTIDX,BANKNIFTY,25-Jan-2018,27500,PE,0,0,0,1493.45,1666.75,0,0,0,0,19-DEC-2017,
OPTIDX,BANKNIFTY,01-Feb-2018,23300,CE,0,0,0,1857.05,2606.05,0,0,0,0,19-DEC-2017,
OPTIDX,BANKNIFTY,01-Feb-2018,23400,CE,0,0,0,1769.95,2509.2,0,0,0,0,19-DEC-2017,
OPTIDX,BANKNIFTY,01-Feb-2018,23500,CE,0,0,0,1893.4,2412.9,0,0,0,0,19-DEC-2017,
OPTIDX,BANKNIFTY,01-Feb-2018,23600,CE,0,0,0,1922.45,2317.15,0,0,0,0,19-DEC-2017,
OPTIDX,BANKNIFTY,01-Feb-2018,23700,CE,0,0,0,1983.65,2222.1,0,0,0,0,19-DEC-2017,
OPTIDX,BANKNIFTY,01-Feb-2018,23800,CE,0,0,0,1897.7,2127.8,0,0,0,0,19-DEC-2017,
OPTIDX,BANKNIFTY,01-Feb-2018,23900,CE,0,0,0,1813.1,2034.4,0,0,0,0,19-DEC-2017,
OPTIDX,BANKNIFTY,01-Feb-2018,24000,CE,0,0,0,1730.05,1941.95,0,0,0,0,19-DEC-2017,
OPTIDX,BANKNIFTY,01-Feb-2018,24100,CE,0,0,0,2027.85,1850.65,0,0,0,0,19-DEC-2017,
OPTIDX,BANKNIFTY,01-Feb-2018,24200,CE,0,0,0,1942.4,1760.55,0,0,0,0,19-DEC-2017,
OPTIDX,BANKNIFTY,01-Feb-2018,24300,CE,0,0,0,1858.3,1671.85,0,0,0,0,19-DEC-2017,
OPTIDX,BANKNIFTY,01-Feb-2018,24400,CE,0,0,0,1775.7,1584.65,0,0,0,0,19-DEC-2017,
OPTIDX,BANKNIFTY,01-Feb-2018,24500,CE,0,0,0,1694.6,1499.05,0,0,0,0,19-DEC-2017,
OPTIDX,BANKNIFTY,01-Feb-2018,24600,CE,0,0,0,1615.1,1415.25,0,0,0,0,19-DEC-2017,
OPTIDX,BANKNIFTY,01-Feb-2018,24700,CE,0,0,0,1537.35,1333.35,0,0,0,0,19-DEC-2017,
OPTIDX,BANKNIFTY,01-Feb-2018,24800,CE,0,0,0,1461.35,1253.55,0,0,0,0,19-DEC-2017,
OPTIDX,BANKNIFTY,01-Feb-2018,24900,CE,0,0,0,1388.15,1175.9,0,0,0,0,19-DEC-2017,
OPTIDX,BANKNIFTY,01-Feb-2018,25000,CE,0,0,0,1314.7,1100.55,0,0,0,0,19-DEC-2017,
OPTIDX,BANKNIFTY,01-Feb-2018,25100,CE,0,0,0,1244.5,1027.4,0,0,0,0,19-DEC-2017,
OPTIDX,BANKNIFTY,01-Feb-2018,25200,CE,0,0,0,1176.35,957.05,0,0,0,0,19-DEC-2017,
OPTIDX,BANKNIFTY,01-Feb-2018,25300,CE,0,0,0,1110.3,889.35,0,0,0,0,19-DEC-2017,
OPTIDX,BANKNIFTY,01-Feb-2018,25400,CE,0,0,0,1046.4,824.4,0,0,0,0,19-DEC-2017,
OPTIDX,BANKNIFTY,01-Feb-2018,25500,CE,0,0,0,984.7,762.2,0,0,0,0,19-DEC-2017,
OPTIDX,BANKNIFTY,01-Feb-2018,25600,CE,0,0,0,925.2,702.9,0,0,0,0,19-DEC-2017,
OPTIDX,BANKNIFTY,01-Feb-2018,25700,CE,0,0,0,868,646.5,0,0,0,0,19-DEC-2017,
OPTIDX,BANKNIFTY,01-Feb-2018,25800,CE,0,0,0,813,593,0,0,0,0,19-DEC-2017,
OPTIDX,BANKNIFTY,01-Feb-2018,25900,CE,0,0,0,760.3,542.4,0,0,0,0,19-DEC-2017,
OPTIDX,BANKNIFTY,01-Feb-2018,26000,CE,0,0,0,709.8,494.75,0,0,0,0,19-DEC-2017,
OPTIDX,BANKNIFTY,01-Feb-2018,26100,CE,0,0,0,661.65,450.1,0,0,0,0,19-DEC-2017,
OPTIDX,BANKNIFTY,01-Feb-2018,26200,CE,0,0,0,615.8,408.25,0,0,0,0,19-DEC-2017,
OPTIDX,BANKNIFTY,01-Feb-2018,26300,CE,0,0,0,572.15,369.25,0,0,0,0,19-DEC-2017,
OPTIDX,BANKNIFTY,01-Feb-2018,26400,CE,0,0,0,530.7,333,0,0,0,0,19-DEC-2017,
OPTIDX,BANKNIFTY,01-Feb-2018,26500,CE,0,0,0,491.5,299.45,0,0,0,0,19-DEC-2017,
OPTIDX,BANKNIFTY,01-Feb-2018,26600,CE,0,0,0,454.4,268.45,0,0,0,0,19-DEC-2017,
OPTIDX,BANKNIFTY,01-Feb-2018,26700,CE,0,0,0,419.35,239.95,0,0,0,0,19-DEC-2017,
OPTIDX,BANKNIFTY,01-Feb-2018,26800,CE,0,0,0,386.4,214.95,0,0,0,0,19-DEC-2017,
OPTIDX,BANKNIFTY,01-Feb-2018,26900,CE,0,0,0,355.4,190.25,0,0,0,0,19-DEC-2017,
OPTIDX,BANKNIFTY,01-Feb-2018,27000,CE,0,0,0,326.35,168.6,0,0,0,0,19-DEC-2017,
OPTIDX,BANKNIFTY,01-Feb-2018,27100,CE,0,0,0,299.15,148.9,0,0,0,0,19-DEC-2017,
OPTIDX,BANKNIFTY,01-Feb-2018,27200,CE,0,0,0,274.95,131.15,0,0,0,0,19-DEC-2017,
OPTIDX,BANKNIFTY,01-Feb-2018,27300,CE,0,0,0,250.4,115.15,0,0,0,0,19-DEC-2017,
OPTIDX,BANKNIFTY,01-Feb-2018,27400,CE,0,0,0,209.3,100.75,0,0,0,0,19-DEC-2017,
OPTIDX,BANKNIFTY,01-Feb-2018,27500,CE,0,0,0,199.4,87.95,0,0,0,0,19-DEC-2017,
OPTIDX,BANKNIFTY,01-Feb-2018,23300,PE,0,0,0,73.9,9.65,0,0,0,0,19-DEC-2017,
OPTIDX,BANKNIFTY,01-Feb-2018,23400,PE,0,0,0,85.8,12.05,0,0,0,0,19-DEC-2017,
OPTIDX,BANKNIFTY,01-Feb-2018,23500,PE,0,0,0,77.2,14.95,0,0,0,0,19-DEC-2017,
OPTIDX,BANKNIFTY,01-Feb-2018,23600,PE,0,0,0,84.3,18.45,0,0,0,0,19-DEC-2017,
OPTIDX,BANKNIFTY,01-Feb-2018,23700,PE,0,0,0,91.7,22.6,0,0,0,0,19-DEC-2017,
OPTIDX,BANKNIFTY,01-Feb-2018,23800,PE,0,0,0,104.65,27.55,0,0,0,0,19-DEC-2017,
OPTIDX,BANKNIFTY,01-Feb-2018,23900,PE,0,0,0,118.95,33.35,0,0,0,0,19-DEC-2017,
OPTIDX,BANKNIFTY,01-Feb-2018,24000,PE,0,0,0,134.8,40.15,0,0,0,0,19-DEC-2017,
OPTIDX,BANKNIFTY,01-Feb-2018,24100,PE,0,0,0,99,48.1,0,0,0,0,19-DEC-2017,
OPTIDX,BANKNIFTY,01-Feb-2018,24200,PE,0,0,0,112.3,57.2,0,0,0,0,19-DEC-2017,
OPTIDX,BANKNIFTY,01-Feb-2018,24300,PE,0,0,0,127,67.75,0,0,0,0,19-DEC-2017,
OPTIDX,BANKNIFTY,01-Feb-2018,24400,PE,0,0,0,143.15,79.75,0,0,0,0,19-DEC-2017,
OPTIDX,BANKNIFTY,01-Feb-2018,24500,PE,0,0,0,160.85,93.4,0,0,0,0,19-DEC-2017,
OPTIDX,BANKNIFTY,01-Feb-2018,24600,PE,0,0,0,180.15,108.8,0,0,0,0,19-DEC-2017,
OPTIDX,BANKNIFTY,01-Feb-2018,24700,PE,0,0,0,201.15,126.15,0,0,0,0,19-DEC-2017,
OPTIDX,BANKNIFTY,01-Feb-2018,24800,PE,0,0,0,223.95,145.55,0,0,0,0,19-DEC-2017,
OPTIDX,BANKNIFTY,01-Feb-2018,24900,PE,0,0,0,249.55,167.1,0,0,0,0,19-DEC-2017,
OPTIDX,BANKNIFTY,01-Feb-2018,25000,PE,0,0,0,274.9,191,0,0,0,0,19-DEC-2017,
OPTIDX,BANKNIFTY,01-Feb-2018,25100,PE,0,0,0,303.5,217.1,0,0,0,0,19-DEC-2017,
OPTIDX,BANKNIFTY,01-Feb-2018,25200,PE,0,0,0,334.1,246,0,0,0,0,19-DEC-2017,
OPTIDX,BANKNIFTY,01-Feb-2018,25300,PE,0,0,0,366.85,277.5,0,0,0,0,19-DEC-2017,
OPTIDX,BANKNIFTY,01-Feb-2018,25400,PE,0,0,0,401.75,311.75,0,0,0,0,19-DEC-2017,
OPTIDX,BANKNIFTY,01-Feb-2018,25500,PE,0,0,0,438.8,348.8,0,0,0,0,19-DEC-2017,
OPTIDX,BANKNIFTY,01-Feb-2018,25600,PE,0,0,0,478.1,388.75,0,0,0,0,19-DEC-2017,
OPTIDX,BANKNIFTY,01-Feb-2018,25700,PE,0,0,0,519.65,431.55,0,0,0,0,19-DEC-2017,
OPTIDX,BANKNIFTY,01-Feb-2018,25800,PE,0,0,0,563.5,477.3,0,0,0,0,19-DEC-2017,
OPTIDX,BANKNIFTY,01-Feb-2018,25900,PE,0,0,0,609.6,525.9,0,0,0,0,19-DEC-2017,
OPTIDX,BANKNIFTY,01-Feb-2018,26000,PE,0,0,0,657.85,577.5,0,0,0,0,19-DEC-2017,
OPTIDX,BANKNIFTY,01-Feb-2018,26100,PE,0,0,0,708.5,632.05,0,0,0,0,19-DEC-2017,
OPTIDX,BANKNIFTY,01-Feb-2018,26200,PE,0,0,0,761.4,689.45,0,0,0,0,19-DEC-2017,
OPTIDX,BANKNIFTY,01-Feb-2018,26300,PE,0,0,0,816.55,749.65,0,0,0,0,19-DEC-2017,
OPTIDX,BANKNIFTY,01-Feb-2018,26400,PE,0,0,0,873.9,812.65,0,0,0,0,19-DEC-2017,
OPTIDX,BANKNIFTY,01-Feb-2018,26500,PE,0,0,0,933.45,878.3,0,0,0,0,19-DEC-2017,
OPTIDX,BANKNIFTY,01-Feb-2018,26600,PE,0,0,0,995.15,946.55,0,0,0,0,19-DEC-2017,
OPTIDX,BANKNIFTY,01-Feb-2018,26700,PE,0,0,0,1058.9,1017.3,0,0,0,0,19-DEC-2017,
OPTIDX,BANKNIFTY,01-Feb-2018,26800,PE,0,0,0,1124.75,1091.5,0,0,0,0,19-DEC-2017,
OPTIDX,BANKNIFTY,01-Feb-2018,26900,PE,0,0,0,1192.55,1166.05,0,0,0,0,19-DEC-2017,
OPTIDX,BANKNIFTY,01-Feb-2018,27000,PE,0,0,0,1262.25,1243.6,0,0,0,0,19-DEC-2017,
OPTIDX,BANKNIFTY,01-Feb-2018,27100,PE,0,0,0,1333.85,1323.15,0,0,0,0,19-DEC-2017,
OPTIDX,BANKNIFTY,01-Feb-2018,27200,PE,0,0,0,1408.4,1404.6,0,0,0,0,19-DEC-2017,
OPTIDX,BANKNIFTY,01-Feb-2018,27300,PE,0,0,0,1482.7,1487.8,0,0,0,0,19-DEC-2017,
OPTIDX,BANKNIFTY,01-Feb-2018,27400,PE,0,0,0,1511.15,1572.7,0,0,0,0,19-DEC-2017,
OPTIDX,BANKNIFTY,01-Feb-2018,27500,PE,0,0,0,1492,1659.05,0,0,0,0,19-DEC-2017,
OPTIDX,BANKNIFTY,08-Feb-2018,23400,CE,0,0,0,1904.8,2543.4,0,0,0,0,19-DEC-2017,
OPTIDX,BANKNIFTY,08-Feb-2018,23500,CE,0,0,0,1901.9,2448.05,0,0,0,0,19-DEC-2017,
OPTIDX,BANKNIFTY,08-Feb-2018,23600,CE,0,0,0,1815.9,2353.4,0,0,0,0,19-DEC-2017,
OPTIDX,BANKNIFTY,08-Feb-2018,23700,CE,0,0,0,1731.3,2259.45,0,0,0,0,19-DEC-2017,
OPTIDX,BANKNIFTY,08-Feb-2018,23800,CE,0,0,0,1648.3,2166.35,0,0,0,0,19-DEC-2017,
OPTIDX,BANKNIFTY,08-Feb-2018,23900,CE,0,0,0,1566.95,2074.2,0,0,0,0,19-DEC-2017,
OPTIDX,BANKNIFTY,08-Feb-2018,24000,CE,0,0,0,1487.35,1983.1,0,0,0,0,19-DEC-2017,
OPTIDX,BANKNIFTY,08-Feb-2018,24100,CE,0,0,0,1409.6,1893.2,0,0,0,0,19-DEC-2017,
OPTIDX,BANKNIFTY,08-Feb-2018,24200,CE,0,0,0,1333.75,1804.5,0,0,0,0,19-DEC-2017,
OPTIDX,BANKNIFTY,08-Feb-2018,24300,CE,0,0,0,1260.85,1717.25,0,0,0,0,19-DEC-2017,
OPTIDX,BANKNIFTY,08-Feb-2018,24400,CE,0,0,0,1188.05,1631.5,0,0,0,0,19-DEC-2017,
OPTIDX,BANKNIFTY,08-Feb-2018,24500,CE,0,0,0,1118.55,1547.35,0,0,0,0,19-DEC-2017,
OPTIDX,BANKNIFTY,08-Feb-2018,24600,CE,0,0,0,1051.35,1464.95,0,0,0,0,19-DEC-2017,
OPTIDX,BANKNIFTY,08-Feb-2018,24700,CE,0,0,0,986.4,1384.4,0,0,0,0,19-DEC-2017,
OPTIDX,BANKNIFTY,08-Feb-2018,24800,CE,0,0,0,923.85,1305.85,0,0,0,0,19-DEC-2017,
OPTIDX,BANKNIFTY,08-Feb-2018,24900,CE,0,0,0,863.7,1229.4,0,0,0,0,19-DEC-2017,
OPTIDX,BANKNIFTY,08-Feb-2018,25000,CE,0,0,0,806,1156.05,0,0,0,0,19-DEC-2017,
OPTIDX,BANKNIFTY,08-Feb-2018,25100,CE,0,0,0,750.75,1082.95,0,0,0,0,19-DEC-2017,
OPTIDX,BANKNIFTY,08-Feb-2018,25200,CE,0,0,0,697.95,1013.4,0,0,0,0,19-DEC-2017,
OPTIDX,BANKNIFTY,08-Feb-2018,25300,CE,0,0,0,647.55,946.3,0,0,0,0,19-DEC-2017,
OPTIDX,BANKNIFTY,08-Feb-2018,25400,CE,0,0,0,599.75,881.8,0,0,0,0,19-DEC-2017,
OPTIDX,BANKNIFTY,08-Feb-2018,25500,CE,0,0,0,554.35,819.9,0,0,0,0,19-DEC-2017,
OPTIDX,BANKNIFTY,08-Feb-2018,25600,CE,0,0,0,511.4,760.6,0,0,0,0,19-DEC-2017,
OPTIDX,BANKNIFTY,08-Feb-2018,25700,CE,0,0,0,470.85,704.05,0,0,0,0,19-DEC-2017,
OPTIDX,BANKNIFTY,08-Feb-2018,25800,CE,0,0,0,432.65,650.2,0,0,0,0,19-DEC-2017,
OPTIDX,BANKNIFTY,08-Feb-2018,25900,CE,0,0,0,396.75,599.05,0,0,0,0,19-DEC-2017,
OPTIDX,BANKNIFTY,08-Feb-2018,26000,CE,0,0,0,363.1,550.55,0,0,0,0,19-DEC-2017,
OPTIDX,BANKNIFTY,08-Feb-2018,26100,CE,0,0,0,331.65,504.85,0,0,0,0,19-DEC-2017,
OPTIDX,BANKNIFTY,08-Feb-2018,26200,CE,0,0,0,302.3,461.85,0,0,0,0,19-DEC-2017,
OPTIDX,BANKNIFTY,08-Feb-2018,26300,CE,0,0,0,274.95,421.45,0,0,0,0,19-DEC-2017,
OPTIDX,BANKNIFTY,08-Feb-2018,26400,CE,0,0,0,250.75,383.65,0,0,0,0,19-DEC-2017,
OPTIDX,BANKNIFTY,08-Feb-2018,26500,CE,0,0,0,226.4,348.35,0,0,0,0,19-DEC-2017,
OPTIDX,BANKNIFTY,08-Feb-2018,26600,CE,0,0,0,204.7,315.55,0,0,0,0,19-DEC-2017,
OPTIDX,BANKNIFTY,08-Feb-2018,26700,CE,0,0,0,184.7,285.1,0,0,0,0,19-DEC-2017,
OPTIDX,BANKNIFTY,08-Feb-2018,26800,CE,0,0,0,220.1,256.95,0,0,0,0,19-DEC-2017,
OPTIDX,BANKNIFTY,08-Feb-2018,26900,CE,0,0,0,199,232.1,0,0,0,0,19-DEC-2017,
OPTIDX,BANKNIFTY,08-Feb-2018,27000,CE,0,0,0,180.55,207.35,0,0,0,0,19-DEC-2017,
OPTIDX,BANKNIFTY,08-Feb-2018,27100,CE,0,0,0,172.7,185.5,0,0,0,0,19-DEC-2017,
OPTIDX,BANKNIFTY,08-Feb-2018,27200,CE,0,0,0,154.2,165.5,0,0,0,0,19-DEC-2017,
OPTIDX,BANKNIFTY,08-Feb-2018,23400,PE,0,0,0,71.75,17.6,0,0,0,0,19-DEC-2017,
OPTIDX,BANKNIFTY,08-Feb-2018,23500,PE,0,0,0,87.3,21.35,0,0,0,0,19-DEC-2017,
OPTIDX,BANKNIFTY,08-Feb-2018,23600,PE,0,0,0,100.15,25.75,0,0,0,0,19-DEC-2017,
OPTIDX,BANKNIFTY,08-Feb-2018,23700,PE,0,0,0,114.5,30.95,0,0,0,0,19-DEC-2017,
OPTIDX,BANKNIFTY,08-Feb-2018,23800,PE,0,0,0,130.4,36.95,0,0,0,0,19-DEC-2017,
OPTIDX,BANKNIFTY,08-Feb-2018,23900,PE,0,0,0,147.95,43.9,0,0,0,0,19-DEC-2017,
OPTIDX,BANKNIFTY,08-Feb-2018,24000,PE,0,0,0,167.25,51.95,0,0,0,0,19-DEC-2017,
OPTIDX,BANKNIFTY,08-Feb-2018,24100,PE,0,0,0,188.4,61.1,0,0,0,0,19-DEC-2017,
OPTIDX,BANKNIFTY,08-Feb-2018,24200,PE,0,0,0,211.5,71.55,0,0,0,0,19-DEC-2017,
OPTIDX,BANKNIFTY,08-Feb-2018,24300,PE,0,0,0,237.45,83.35,0,0,0,0,19-DEC-2017,
OPTIDX,BANKNIFTY,08-Feb-2018,24400,PE,0,0,0,263.55,96.7,0,0,0,0,19-DEC-2017,
OPTIDX,BANKNIFTY,08-Feb-2018,24500,PE,0,0,0,293,111.65,0,0,0,0,19-DEC-2017,
OPTIDX,BANKNIFTY,08-Feb-2018,24600,PE,0,0,0,324.65,128.35,0,0,0,0,19-DEC-2017,
OPTIDX,BANKNIFTY,08-Feb-2018,24700,PE,0,0,0,358.65,146.95,0,0,0,0,19-DEC-2017,
OPTIDX,BANKNIFTY,08-Feb-2018,24800,PE,0,0,0,395,167.5,0,0,0,0,19-DEC-2017,
OPTIDX,BANKNIFTY,08-Feb-2018,24900,PE,0,0,0,433.75,190.15,0,0,0,0,19-DEC-2017,
OPTIDX,BANKNIFTY,08-Feb-2018,25000,PE,0,0,0,474.95,215.9,0,0,0,0,19-DEC-2017,
OPTIDX,BANKNIFTY,08-Feb-2018,25100,PE,0,0,0,518.6,241.9,0,0,0,0,19-DEC-2017,
OPTIDX,BANKNIFTY,08-Feb-2018,25200,PE,0,0,0,564.75,271.45,0,0,0,0,19-DEC-2017,
OPTIDX,BANKNIFTY,08-Feb-2018,25300,PE,0,0,0,613.25,303.5,0,0,0,0,19-DEC-2017,
OPTIDX,BANKNIFTY,08-Feb-2018,25400,PE,0,0,0,664.3,338.05,0,0,0,0,19-DEC-2017,
OPTIDX,BANKNIFTY,08-Feb-2018,25500,PE,0,0,0,717.85,375.25,0,0,0,0,19-DEC-2017,
OPTIDX,BANKNIFTY,08-Feb-2018,25600,PE,0,0,0,773.8,415.1,0,0,0,0,19-DEC-2017,
OPTIDX,BANKNIFTY,08-Feb-2018,25700,PE,0,0,0,832.15,457.65,0,0,0,0,19-DEC-2017,
OPTIDX,BANKNIFTY,08-Feb-2018,25800,PE,0,0,0,892.85,502.9,0,0,0,0,19-DEC-2017,
OPTIDX,BANKNIFTY,08-Feb-2018,25900,PE,0,0,0,955.85,550.85,0,0,0,0,19-DEC-2017,
OPTIDX,BANKNIFTY,08-Feb-2018,26000,PE,0,0,0,1021.1,601.45,0,0,0,0,19-DEC-2017,
OPTIDX,BANKNIFTY,08-Feb-2018,26100,PE,0,0,0,1088.55,654.85,0,0,0,0,19-DEC-2017,
OPTIDX,BANKNIFTY,08-Feb-2018,26200,PE,0,0,0,1158.1,710.95,0,0,0,0,19-DEC-2017,
OPTIDX,BANKNIFTY,08-Feb-2018,26300,PE,0,0,0,1229.65,769.65,0,0,0,0,19-DEC-2017,
OPTIDX,BANKNIFTY,08-Feb-2018,26400,PE,0,0,0,1304.35,830.95,0,0,0,0,19-DEC-2017,
OPTIDX,BANKNIFTY,08-Feb-2018,26500,PE,0,0,0,1378.9,894.8,0,0,0,0,19-DEC-2017,
OPTIDX,BANKNIFTY,08-Feb-2018,26600,PE,0,0,0,1456.15,961.05,0,0,0,0,19-DEC-2017,
OPTIDX,BANKNIFTY,08-Feb-2018,26700,PE,0,0,0,1535.05,1029.7,0,0,0,0,19-DEC-2017,
OPTIDX,BANKNIFTY,08-Feb-2018,26800,PE,0,0,0,1418.45,1100.65,0,0,0,0,19-DEC-2017,
OPTIDX,BANKNIFTY,08-Feb-2018,26900,PE,0,0,0,1496.35,1174.9,0,0,0,0,19-DEC-2017,
OPTIDX,BANKNIFTY,08-Feb-2018,27000,PE,0,0,0,1498.25,1249.3,0,0,0,0,19-DEC-2017,
OPTIDX,BANKNIFTY,08-Feb-2018,27100,PE,0,0,0,1429.85,1326.55,0,0,0,0,19-DEC-2017,
OPTIDX,BANKNIFTY,08-Feb-2018,27200,PE,0,0,0,1510.5,1405.65,0,0,0,0,19-DEC-2017,
OPTIDX,BANKNIFTY,15-Feb-2018,23600,CE,0,0,0,1913,2390.15,0,0,0,0,19-DEC-2017,
OPTIDX,BANKNIFTY,15-Feb-2018,23700,CE,0,0,0,1826.85,2297.25,0,0,0,0,19-DEC-2017,
OPTIDX,BANKNIFTY,15-Feb-2018,23800,CE,0,0,0,1742.1,2205.3,0,0,0,0,19-DEC-2017,
OPTIDX,BANKNIFTY,15-Feb-2018,23900,CE,0,0,0,1658.9,2114.35,0,0,0,0,19-DEC-2017,
OPTIDX,BANKNIFTY,15-Feb-2018,24000,CE,0,0,0,1577.35,2024.45,0,0,0,0,19-DEC-2017,
OPTIDX,BANKNIFTY,15-Feb-2018,24100,CE,0,0,0,1497.5,1935.75,0,0,0,0,19-DEC-2017,
OPTIDX,BANKNIFTY,15-Feb-2018,24200,CE,0,0,0,1419.55,1848.3,0,0,0,0,19-DEC-2017,
OPTIDX,BANKNIFTY,15-Feb-2018,24300,CE,0,0,0,1343.5,1762.3,0,0,0,0,19-DEC-2017,
OPTIDX,BANKNIFTY,15-Feb-2018,24400,CE,0,0,0,1270.35,1677.8,0,0,0,0,19-DEC-2017,
OPTIDX,BANKNIFTY,15-Feb-2018,24500,CE,0,0,0,1197.25,1594.85,0,0,0,0,19-DEC-2017,
OPTIDX,BANKNIFTY,15-Feb-2018,24600,CE,0,0,0,1127.45,1513.65,0,0,0,0,19-DEC-2017,
OPTIDX,BANKNIFTY,15-Feb-2018,24700,CE,0,0,0,1059.95,1434.25,0,0,0,0,19-DEC-2017,
OPTIDX,BANKNIFTY,15-Feb-2018,24800,CE,0,0,0,994.75,1356.75,0,0,0,0,19-DEC-2017,
OPTIDX,BANKNIFTY,15-Feb-2018,24900,CE,0,0,0,931.9,1281.3,0,0,0,0,19-DEC-2017,
OPTIDX,BANKNIFTY,15-Feb-2018,25000,CE,0,0,0,871.45,1208.75,0,0,0,0,19-DEC-2017,
OPTIDX,BANKNIFTY,15-Feb-2018,25100,CE,0,0,0,813.45,1136.45,0,0,0,0,19-DEC-2017,
OPTIDX,BANKNIFTY,15-Feb-2018,25200,CE,0,0,0,757.85,1067.55,0,0,0,0,19-DEC-2017,
OPTIDX,BANKNIFTY,15-Feb-2018,25300,CE,0,0,0,704.8,1000.95,0,0,0,0,19-DEC-2017,
OPTIDX,BANKNIFTY,15-Feb-2018,25400,CE,0,0,0,654.05,936.8,0,0,0,0,19-DEC-2017,
OPTIDX,BANKNIFTY,15-Feb-2018,25500,CE,0,0,0,605.9,875.05,0,0,0,0,19-DEC-2017,
OPTIDX,BANKNIFTY,15-Feb-2018,25600,CE,0,0,0,560.25,815.8,0,0,0,0,19-DEC-2017,
OPTIDX,BANKNIFTY,15-Feb-2018,25700,CE,0,0,0,516.95,759.1,0,0,0,0,19-DEC-2017,
OPTIDX,BANKNIFTY,15-Feb-2018,25800,CE,0,0,0,476.1,704.9,0,0,0,0,19-DEC-2017,
OPTIDX,BANKNIFTY,15-Feb-2018,25900,CE,0,0,0,437.6,653.25,0,0,0,0,19-DEC-2017,
OPTIDX,BANKNIFTY,15-Feb-2018,26000,CE,0,0,0,401.4,604.05,0,0,0,0,19-DEC-2017,
OPTIDX,BANKNIFTY,15-Feb-2018,26100,CE,0,0,0,367.45,557.5,0,0,0,0,19-DEC-2017,
OPTIDX,BANKNIFTY,15-Feb-2018,26200,CE,0,0,0,335.7,513.45,0,0,0,0,19-DEC-2017,
OPTIDX,BANKNIFTY,15-Feb-2018,26300,CE,0,0,0,306.1,471.9,0,0,0,0,19-DEC-2017,
OPTIDX,BANKNIFTY,15-Feb-2018,26400,CE,0,0,0,278.5,432.8,0,0,0,0,19-DEC-2017,
OPTIDX,BANKNIFTY,15-Feb-2018,26500,CE,0,0,0,254,396.1,0,0,0,0,19-DEC-2017,
OPTIDX,BANKNIFTY,15-Feb-2018,26600,CE,0,0,0,229.45,361.7,0,0,0,0,19-DEC-2017,
OPTIDX,BANKNIFTY,15-Feb-2018,26700,CE,0,0,0,207.5,329.55,0,0,0,0,19-DEC-2017,
OPTIDX,BANKNIFTY,15-Feb-2018,26800,CE,0,0,0,187.3,299.65,0,0,0,0,19-DEC-2017,
OPTIDX,BANKNIFTY,15-Feb-2018,26900,CE,0,0,0,226.05,271.85,0,0,0,0,19-DEC-2017,
OPTIDX,BANKNIFTY,15-Feb-2018,27000,CE,0,0,0,204.55,247.2,0,0,0,0,19-DEC-2017,
OPTIDX,BANKNIFTY,15-Feb-2018,27100,CE,0,0,0,208.25,222.55,0,0,0,0,19-DEC-2017,
OPTIDX,BANKNIFTY,15-Feb-2018,27200,CE,0,0,0,187.85,200.65,0,0,0,0,19-DEC-2017,
OPTIDX,BANKNIFTY,15-Feb-2018,23600,PE,0,0,0,85.95,33.65,0,0,0,0,19-DEC-2017,
OPTIDX,BANKNIFTY,15-Feb-2018,23700,PE,0,0,0,98.65,39.75,0,0,0,0,19-DEC-2017,
OPTIDX,BANKNIFTY,15-Feb-2018,23800,PE,0,0,0,112.85,46.8,0,0,0,0,19-DEC-2017,
OPTIDX,BANKNIFTY,15-Feb-2018,23900,PE,0,0,0,128.55,54.8,0,0,0,0,19-DEC-2017,
OPTIDX,BANKNIFTY,15-Feb-2018,24000,PE,0,0,0,145.9,63.9,0,0,0,0,19-DEC-2017,
OPTIDX,BANKNIFTY,15-Feb-2018,24100,PE,0,0,0,165,74.15,0,0,0,0,19-DEC-2017,
OPTIDX,BANKNIFTY,15-Feb-2018,24200,PE,0,0,0,185.9,85.75,0,0,0,0,19-DEC-2017,
OPTIDX,BANKNIFTY,15-Feb-2018,24300,PE,0,0,0,208.75,98.7,0,0,0,0,19-DEC-2017,
OPTIDX,BANKNIFTY,15-Feb-2018,24400,PE,0,0,0,234.5,113.15,0,0,0,0,19-DEC-2017,
OPTIDX,BANKNIFTY,15-Feb-2018,24500,PE,0,0,0,260.3,129.2,0,0,0,0,19-DEC-2017,
OPTIDX,BANKNIFTY,15-Feb-2018,24600,PE,0,0,0,289.45,147,0,0,0,0,19-DEC-2017,
OPTIDX,BANKNIFTY,15-Feb-2018,24700,PE,0,0,0,320.85,166.55,0,0,0,0,19-DEC-2017,
OPTIDX,BANKNIFTY,15-Feb-2018,24800,PE,0,0,0,354.55,188.05,0,0,0,0,19-DEC-2017,
OPTIDX,BANKNIFTY,15-Feb-2018,24900,PE,0,0,0,390.6,211.55,0,0,0,0,19-DEC-2017,
OPTIDX,BANKNIFTY,15-Feb-2018,25000,PE,0,0,0,429.05,238,0,0,0,0,19-DEC-2017,
OPTIDX,BANKNIFTY,15-Feb-2018,25100,PE,0,0,0,469.9,264.7,0,0,0,0,19-DEC-2017,
OPTIDX,BANKNIFTY,15-Feb-2018,25200,PE,0,0,0,513.25,294.8,0,0,0,0,19-DEC-2017,
OPTIDX,BANKNIFTY,15-Feb-2018,25300,PE,0,0,0,559.05,327.2,0,0,0,0,19-DEC-2017,
OPTIDX,BANKNIFTY,15-Feb-2018,25400,PE,0,0,0,607.25,362,0,0,0,0,19-DEC-2017,
OPTIDX,BANKNIFTY,15-Feb-2018,25500,PE,0,0,0,658,399.25,0,0,0,0,19-DEC-2017,
OPTIDX,BANKNIFTY,15-Feb-2018,25600,PE,0,0,0,711.25,438.95,0,0,0,0,19-DEC-2017,
OPTIDX,BANKNIFTY,15-Feb-2018,25700,PE,0,0,0,766.85,481.25,0,0,0,0,19-DEC-2017,
OPTIDX,BANKNIFTY,15-Feb-2018,25800,PE,0,0,0,824.9,526,0,0,0,0,19-DEC-2017,
OPTIDX,BANKNIFTY,15-Feb-2018,25900,PE,0,0,0,885.3,573.35,0,0,0,0,19-DEC-2017,
OPTIDX,BANKNIFTY,15-Feb-2018,26000,PE,0,0,0,948.05,623.15,0,0,0,0,19-DEC-2017,
OPTIDX,BANKNIFTY,15-Feb-2018,26100,PE,0,0,0,1013,675.6,0,0,0,0,19-DEC-2017,
OPTIDX,BANKNIFTY,15-Feb-2018,26200,PE,0,0,0,1080.15,730.5,0,0,0,0,19-DEC-2017,
OPTIDX,BANKNIFTY,15-Feb-2018,26300,PE,0,0,0,1149.4,787.95,0,0,0,0,19-DEC-2017,
OPTIDX,BANKNIFTY,15-Feb-2018,26400,PE,0,0,0,1220.7,847.8,0,0,0,0,19-DEC-2017,
OPTIDX,BANKNIFTY,15-Feb-2018,26500,PE,0,0,0,1295.15,910.05,0,0,0,0,19-DEC-2017,
OPTIDX,BANKNIFTY,15-Feb-2018,26600,PE,0,0,0,1369.45,974.65,0,0,0,0,19-DEC-2017,
OPTIDX,BANKNIFTY,15-Feb-2018,26700,PE,0,0,0,1446.45,1041.55,0,0,0,0,19-DEC-2017,
OPTIDX,BANKNIFTY,15-Feb-2018,26800,PE,0,0,0,1525.15,1110.6,0,0,0,0,19-DEC-2017,
OPTIDX,BANKNIFTY,15-Feb-2018,26900,PE,0,0,0,1403.8,1181.8,0,0,0,0,19-DEC-2017,
OPTIDX,BANKNIFTY,15-Feb-2018,27000,PE,0,0,0,1481.25,1256.15,0,0,0,0,19-DEC-2017,
OPTIDX,BANKNIFTY,15-Feb-2018,27100,PE,0,0,0,1432.2,1330.45,0,0,0,0,19-DEC-2017,
OPTIDX,BANKNIFTY,15-Feb-2018,27200,PE,0,0,0,1510.75,1407.5,0,0,0,0,19-DEC-2017,
OPTIDX,BANKNIFTY,22-Feb-2018,23300,CE,0,0,0,1979.75,2707.55,0,0,0,0,19-DEC-2017,
OPTIDX,BANKNIFTY,22-Feb-2018,23400,CE,0,0,0,1895.65,2613.4,0,0,0,0,19-DEC-2017,
OPTIDX,BANKNIFTY,22-Feb-2018,23500,CE,0,0,0,2016.35,2519.9,0,0,0,0,19-DEC-2017,
OPTIDX,BANKNIFTY,22-Feb-2018,23600,CE,0,0,0,2047.55,2427.15,0,0,0,0,19-DEC-2017,
OPTIDX,BANKNIFTY,22-Feb-2018,23700,CE,0,0,0,2109.65,2335.3,0,0,0,0,19-DEC-2017,
OPTIDX,BANKNIFTY,22-Feb-2018,23800,CE,0,0,0,2026.5,2244.35,0,0,0,0,19-DEC-2017,
OPTIDX,BANKNIFTY,22-Feb-2018,23900,CE,0,0,0,1944.65,2154.45,0,0,0,0,19-DEC-2017,
OPTIDX,BANKNIFTY,22-Feb-2018,24000,CE,0,0,0,1864.2,2065.6,0,0,0,0,19-DEC-2017,
OPTIDX,BANKNIFTY,22-Feb-2018,24100,CE,0,0,0,1785.25,1978,0,0,0,0,19-DEC-2017,
OPTIDX,BANKNIFTY,22-Feb-2018,24200,CE,0,0,0,1707.85,1891.7,0,0,0,0,19-DEC-2017,
OPTIDX,BANKNIFTY,22-Feb-2018,24300,CE,0,0,0,1632.05,1806.75,0,0,0,0,19-DEC-2017,
OPTIDX,BANKNIFTY,22-Feb-2018,24400,CE,0,0,0,1558.85,1723.35,0,0,0,0,19-DEC-2017,
OPTIDX,BANKNIFTY,22-Feb-2018,24500,CE,0,0,0,1486.25,1641.45,0,0,0,0,19-DEC-2017,
OPTIDX,BANKNIFTY,22-Feb-2018,24600,CE,0,0,0,1414.55,1561.25,0,0,0,0,19-DEC-2017,
OPTIDX,BANKNIFTY,22-Feb-2018,24700,CE,0,0,0,1345.75,1482.8,0,0,0,0,19-DEC-2017,
OPTIDX,BANKNIFTY,22-Feb-2018,24800,CE,0,0,0,1278.85,1406.2,0,0,0,0,19-DEC-2017,
OPTIDX,BANKNIFTY,22-Feb-2018,24900,CE,0,0,0,1213.8,1332.55,0,0,0,0,19-DEC-2017,
OPTIDX,BANKNIFTY,22-Feb-2018,25000,CE,0,0,0,1150.75,1258.6,0,0,0,0,19-DEC-2017,
OPTIDX,BANKNIFTY,22-Feb-2018,25100,CE,0,0,0,1089.65,1188.05,0,0,0,0,19-DEC-2017,
OPTIDX,BANKNIFTY,22-Feb-2018,25200,CE,0,0,0,1030.55,1119.65,0,0,0,0,19-DEC-2017,
OPTIDX,BANKNIFTY,22-Feb-2018,25300,CE,0,0,0,973.45,1053.45,0,0,0,0,19-DEC-2017,
OPTIDX,BANKNIFTY,22-Feb-2018,25400,CE,0,0,0,918.4,989.55,0,0,0,0,19-DEC-2017,
OPTIDX,BANKNIFTY,22-Feb-2018,25500,CE,0,0,0,865.35,927.95,0,0,0,0,19-DEC-2017,
OPTIDX,BANKNIFTY,22-Feb-2018,25600,CE,0,0,0,814.4,868.7,0,0,0,0,19-DEC-2017,
OPTIDX,BANKNIFTY,22-Feb-2018,25700,CE,0,0,0,765.35,811.8,0,0,0,0,19-DEC-2017,
OPTIDX,BANKNIFTY,22-Feb-2018,25800,CE,0,0,0,718.4,757.3,0,0,0,0,19-DEC-2017,
OPTIDX,BANKNIFTY,22-Feb-2018,25900,CE,0,0,0,673.5,705.2,0,0,0,0,19-DEC-2017,
OPTIDX,BANKNIFTY,22-Feb-2018,26000,CE,0,0,0,630.6,655.4,0,0,0,0,19-DEC-2017,
OPTIDX,BANKNIFTY,22-Feb-2018,26100,CE,0,0,0,589.65,608.15,0,0,0,0,19-DEC-2017,
OPTIDX,BANKNIFTY,22-Feb-2018,26200,CE,0,0,0,550.65,563.2,0,0,0,0,19-DEC-2017,
OPTIDX,BANKNIFTY,22-Feb-2018,26300,CE,0,0,0,513.55,520.65,0,0,0,0,19-DEC-2017,
OPTIDX,BANKNIFTY,22-Feb-2018,26400,CE,0,0,0,478.3,480.4,0,0,0,0,19-DEC-2017,
OPTIDX,BANKNIFTY,22-Feb-2018,26500,CE,0,0,0,444.9,442.45,0,0,0,0,19-DEC-2017,
OPTIDX,BANKNIFTY,22-Feb-2018,26600,CE,0,0,0,413.3,406.7,0,0,0,0,19-DEC-2017,
OPTIDX,BANKNIFTY,22-Feb-2018,26700,CE,0,0,0,383.45,373.15,0,0,0,0,19-DEC-2017,
OPTIDX,BANKNIFTY,22-Feb-2018,26800,CE,0,0,0,355.25,341.7,0,0,0,0,19-DEC-2017,
OPTIDX,BANKNIFTY,22-Feb-2018,26900,CE,0,0,0,328.7,312.3,0,0,0,0,19-DEC-2017,
OPTIDX,BANKNIFTY,22-Feb-2018,27000,CE,0,0,0,247.15,284.9,0,0,0,0,19-DEC-2017,
OPTIDX,BANKNIFTY,22-Feb-2018,27100,CE,0,0,0,244.1,260.55,0,0,0,0,19-DEC-2017,
OPTIDX,BANKNIFTY,22-Feb-2018,27200,CE,0,0,0,222,236,0,0,0,0,19-DEC-2017,
OPTIDX,BANKNIFTY,22-Feb-2018,23300,PE,0,0,0,111.95,25.7,0,0,0,0,19-DEC-2017,
OPTIDX,BANKNIFTY,22-Feb-2018,23400,PE,0,0,0,126.45,30.35,0,0,0,0,19-DEC-2017,
OPTIDX,BANKNIFTY,22-Feb-2018,23500,PE,0,0,0,114.95,35.7,0,0,0,0,19-DEC-2017,
OPTIDX,BANKNIFTY,22-Feb-2018,23600,PE,0,0,0,123.85,41.85,0,0,0,0,19-DEC-2017,
OPTIDX,BANKNIFTY,22-Feb-2018,23700,PE,0,0,0,131.85,48.85,0,0,0,0,19-DEC-2017,
OPTIDX,BANKNIFTY,22-Feb-2018,23800,PE,0,0,0,147.2,56.75,0,0,0,0,19-DEC-2017,
OPTIDX,BANKNIFTY,22-Feb-2018,23900,PE,0,0,0,163.9,65.7,0,0,0,0,19-DEC-2017,
OPTIDX,BANKNIFTY,22-Feb-2018,24000,PE,0,0,0,182,75.75,0,0,0,0,19-DEC-2017,
OPTIDX,BANKNIFTY,22-Feb-2018,24100,PE,0,0,0,201.6,87,0,0,0,0,19-DEC-2017,
OPTIDX,BANKNIFTY,22-Feb-2018,24200,PE,0,0,0,222.75,99.55,0,0,0,0,19-DEC-2017,
OPTIDX,BANKNIFTY,22-Feb-2018,24300,PE,0,0,0,245.45,113.5,0,0,0,0,19-DEC-2017,
OPTIDX,BANKNIFTY,22-Feb-2018,24400,PE,0,0,0,270.8,128.9,0,0,0,0,19-DEC-2017,
OPTIDX,BANKNIFTY,22-Feb-2018,24500,PE,0,0,0,220,145.9,0,0,40,0,19-DEC-2017,
OPTIDX,BANKNIFTY,22-Feb-2018,24600,PE,0,0,0,323.6,164.55,0,0,0,0,19-DEC-2017,
OPTIDX,BANKNIFTY,22-Feb-2018,24700,PE,0,0,0,353.35,184.95,0,0,0,0,19-DEC-2017,
OPTIDX,BANKNIFTY,22-Feb-2018,24800,PE,0,0,0,384.95,207.2,0,0,0,0,19-DEC-2017,
OPTIDX,BANKNIFTY,22-Feb-2018,24900,PE,0,0,0,418.5,232.4,0,0,0,0,19-DEC-2017,
OPTIDX,BANKNIFTY,22-Feb-2018,25000,PE,0,0,0,453.95,257.35,0,0,0,0,19-DEC-2017,
OPTIDX,BANKNIFTY,22-Feb-2018,25100,PE,0,0,0,491.4,285.65,0,0,0,0,19-DEC-2017,
OPTIDX,BANKNIFTY,22-Feb-2018,25200,PE,0,0,0,530.85,316.1,0,0,0,0,19-DEC-2017,
OPTIDX,BANKNIFTY,22-Feb-2018,25300,PE,0,0,0,572.3,348.8,0,0,0,0,19-DEC-2017,
OPTIDX,BANKNIFTY,22-Feb-2018,25400,PE,0,0,0,615.8,383.7,0,0,0,0,19-DEC-2017,
OPTIDX,BANKNIFTY,22-Feb-2018,25500,PE,0,0,0,661.3,420.95,0,0,0,0,19-DEC-2017,
OPTIDX,BANKNIFTY,22-Feb-2018,25600,PE,0,0,0,708.85,460.55,0,0,0,0,19-DEC-2017,
OPTIDX,BANKNIFTY,22-Feb-2018,25700,PE,0,0,0,758.35,502.55,0,0,0,0,19-DEC-2017,
OPTIDX,BANKNIFTY,22-Feb-2018,25800,PE,0,0,0,809.95,546.9,0,0,0,0,19-DEC-2017,
OPTIDX,BANKNIFTY,22-Feb-2018,25900,PE,0,0,0,863.6,593.65,0,0,0,0,19-DEC-2017,
OPTIDX,BANKNIFTY,22-Feb-2018,26000,PE,0,0,0,919.25,642.75,0,0,0,0,19-DEC-2017,
OPTIDX,BANKNIFTY,22-Feb-2018,26100,PE,0,0,0,976.85,694.3,0,0,0,0,19-DEC-2017,
OPTIDX,BANKNIFTY,22-Feb-2018,26200,PE,0,0,0,1036.35,748.25,0,0,0,0,19-DEC-2017,
OPTIDX,BANKNIFTY,22-Feb-2018,26300,PE,0,0,0,1097.8,804.55,0,0,0,0,19-DEC-2017,
OPTIDX,BANKNIFTY,22-Feb-2018,26400,PE,0,0,0,1161.15,863.15,0,0,0,0,19-DEC-2017,
OPTIDX,BANKNIFTY,22-Feb-2018,26500,PE,0,0,0,1226.25,924.05,0,0,0,0,19-DEC-2017,
OPTIDX,BANKNIFTY,22-Feb-2018,26600,PE,0,0,0,1293.2,987.2,0,0,0,0,19-DEC-2017,
OPTIDX,BANKNIFTY,22-Feb-2018,26700,PE,0,0,0,1361.85,1052.5,0,0,0,0,19-DEC-2017,
OPTIDX,BANKNIFTY,22-Feb-2018,26800,PE,0,0,0,1432.25,1119.9,0,0,0,0,19-DEC-2017,
OPTIDX,BANKNIFTY,22-Feb-2018,26900,PE,0,0,0,1504.2,1189.35,0,0,0,0,19-DEC-2017,
OPTIDX,BANKNIFTY,22-Feb-2018,27000,PE,0,0,0,1499.4,1260.8,0,0,0,0,19-DEC-2017,
OPTIDX,BANKNIFTY,22-Feb-2018,27100,PE,0,0,0,1434.8,1335.3,0,0,0,0,19-DEC-2017,
OPTIDX,BANKNIFTY,22-Feb-2018,27200,PE,0,0,0,1511.55,1409.65,0,0,0,0,19-DEC-2017,
OPTIDX,FTSE100,19-Jan-2018,6500,CE,0,0,0,879.9,1072.5,0,0,0,0,19-DEC-2017,
OPTIDX,FTSE100,19-Jan-2018,6600,CE,0,0,0,944.15,973.05,0,0,0,0,19-DEC-2017,
OPTIDX,FTSE100,19-Jan-2018,6700,CE,0,0,0,936.05,873.6,0,0,0,0,19-DEC-2017,
OPTIDX,FTSE100,19-Jan-2018,6800,CE,0,0,0,838.3,774.15,0,0,0,0,19-DEC-2017,
OPTIDX,FTSE100,19-Jan-2018,6900,CE,0,0,0,741.3,674.75,0,0,0,0,19-DEC-2017,
OPTIDX,FTSE100,19-Jan-2018,7000,CE,0,0,0,645.75,575.55,0,0,0,0,19-DEC-2017,
OPTIDX,FTSE100,19-Jan-2018,7100,CE,0,0,0,552.55,477.15,0,0,0,0,19-DEC-2017,
OPTIDX,FTSE100,19-Jan-2018,7200,CE,0,0,0,463.1,380.8,0,0,0,0,19-DEC-2017,
OPTIDX,FTSE100,19-Jan-2018,7300,CE,0,0,0,379.05,289.2,0,0,0,0,19-DEC-2017,
OPTIDX,FTSE100,19-Jan-2018,7400,CE,0,0,0,302.25,206.25,0,0,0,0,19-DEC-2017,
OPTIDX,FTSE100,19-Jan-2018,7500,CE,0,0,0,233.5,136.15,0,0,0,0,19-DEC-2017,
OPTIDX,FTSE100,19-Jan-2018,7600,CE,0,0,0,174.9,82.2,0,0,0,0,19-DEC-2017,
OPTIDX,FTSE100,19-Jan-2018,7700,CE,0,0,0,126.55,44.9,0,0,0,0,19-DEC-2017,
OPTIDX,FTSE100,19-Jan-2018,7800,CE,0,0,0,88.3,22.1,0,0,0,0,19-DEC-2017,
OPTIDX,FTSE100,19-Jan-2018,7900,CE,0,0,0,59.65,9.7,0,0,0,0,19-DEC-2017,
OPTIDX,FTSE100,19-Jan-2018,8000,CE,0,0,0,38.45,3.8,0,0,0,0,19-DEC-2017,
OPTIDX,FTSE100,19-Jan-2018,8100,CE,0,0,0,23.95,1.3,0,0,0,0,19-DEC-2017,
OPTIDX,FTSE100,19-Jan-2018,8200,CE,0,0,0,14.3,0.4,0,0,0,0,19-DEC-2017,
OPTIDX,FTSE100,19-Jan-2018,8300,CE,0,0,0,8.25,0.15,0,0,0,0,19-DEC-2017,
OPTIDX,FTSE100,19-Jan-2018,8400,CE,0,0,0,1.85,0.05,0,0,0,0,19-DEC-2017,
OPTIDX,FTSE100,19-Jan-2018,6500,PE,0,0,0,0.05,0,0,0,0,0,19-DEC-2017,
OPTIDX,FTSE100,19-Jan-2018,6600,PE,0,0,0,0.2,0,0,0,0,0,19-DEC-2017,
OPTIDX,FTSE100,19-Jan-2018,6700,PE,0,0,0,0.4,0,0,0,0,0,19-DEC-2017,
OPTIDX,FTSE100,19-Jan-2018,6800,PE,0,0,0,1.05,0.05,0,0,0,0,19-DEC-2017,
OPTIDX,FTSE100,19-Jan-2018,6900,PE,0,0,0,2.45,0.1,0,0,0,0,19-DEC-2017,
OPTIDX,FTSE100,19-Jan-2018,7000,PE,0,0,0,5.25,0.35,0,0,0,0,19-DEC-2017,
OPTIDX,FTSE100,19-Jan-2018,7100,PE,0,0,0,10.4,1.4,0,0,0,0,19-DEC-2017,
OPTIDX,FTSE100,19-Jan-2018,7200,PE,0,0,0,19.35,4.55,0,0,0,0,19-DEC-2017,
OPTIDX,FTSE100,19-Jan-2018,7300,PE,0,0,0,33.65,12.4,0,0,0,0,19-DEC-2017,
OPTIDX,FTSE100,19-Jan-2018,7400,PE,0,0,0,55.25,28.85,0,0,0,0,19-DEC-2017,
OPTIDX,FTSE100,19-Jan-2018,7500,PE,0,0,0,84.9,58.25,0,0,0,0,19-DEC-2017,
OPTIDX,FTSE100,19-Jan-2018,7600,PE,0,0,0,124.65,103.75,0,0,0,0,19-DEC-2017,
OPTIDX,FTSE100,19-Jan-2018,7700,PE,0,0,0,174.65,165.9,0,0,0,0,19-DEC-2017,
OPTIDX,FTSE100,19-Jan-2018,7800,PE,0,0,0,234.8,242.55,0,0,0,0,19-DEC-2017,
OPTIDX,FTSE100,19-Jan-2018,7900,PE,0,0,0,304.55,329.6,0,0,0,0,19-DEC-2017,
OPTIDX,FTSE100,19-Jan-2018,8000,PE,0,0,0,381.7,423.15,0,0,0,0,19-DEC-2017,
OPTIDX,FTSE100,19-Jan-2018,8100,PE,0,0,0,465.6,520.1,0,0,0,0,19-DEC-2017,
OPTIDX,FTSE100,19-Jan-2018,8200,PE,0,0,0,554.35,618.7,0,0,0,0,19-DEC-2017,
OPTIDX,FTSE100,19-Jan-2018,8300,PE,0,0,0,646.65,717.85,0,0,0,0,19-DEC-2017,
OPTIDX,FTSE100,19-Jan-2018,8400,PE,0,0,0,737.25,817.2,0,0,0,0,19-DEC-2017,
OPTIDX,FTSE100,16-Feb-2018,6500,CE,0,0,0,911.5,1104.35,0,0,0,0,19-DEC-2017,
OPTIDX,FTSE100,16-Feb-2018,6600,CE,0,0,0,888.8,1005.4,0,0,0,0,19-DEC-2017,
OPTIDX,FTSE100,16-Feb-2018,6700,CE,0,0,0,790.65,906.5,0,0,0,0,19-DEC-2017,
OPTIDX,FTSE100,16-Feb-2018,6800,CE,0,0,0,693,807.8,0,0,0,0,19-DEC-2017,
OPTIDX,FTSE100,16-Feb-2018,6900,CE,0,0,0,596.45,709.5,0,0,0,0,19-DEC-2017,
OPTIDX,FTSE100,16-Feb-2018,7000,CE,0,0,0,502.1,612.2,0,0,0,0,19-DEC-2017,
OPTIDX,FTSE100,16-Feb-2018,7100,CE,0,0,0,411.55,516.9,0,0,0,0,19-DEC-2017,
OPTIDX,FTSE100,16-Feb-2018,7200,CE,0,0,0,326.85,425.1,0,0,0,0,19-DEC-2017,
OPTIDX,FTSE100,16-Feb-2018,7300,CE,0,0,0,250.2,338.85,0,0,0,0,19-DEC-2017,
OPTIDX,FTSE100,16-Feb-2018,7400,CE,0,0,0,183.9,260.75,0,0,0,0,19-DEC-2017,
OPTIDX,FTSE100,16-Feb-2018,7500,CE,0,0,0,129.15,192.1,0,0,0,0,19-DEC-2017,
OPTIDX,FTSE100,16-Feb-2018,7600,CE,0,0,0,86.4,135.45,0,0,0,0,19-DEC-2017,
OPTIDX,FTSE100,16-Feb-2018,7700,CE,0,0,0,54.95,90.9,0,0,0,0,19-DEC-2017,
OPTIDX,FTSE100,16-Feb-2018,7800,CE,0,0,0,33.15,57.9,0,0,0,0,19-DEC-2017,
OPTIDX,FTSE100,16-Feb-2018,7900,CE,0,0,0,18.95,35,0,0,0,0,19-DEC-2017,
OPTIDX,FTSE100,16-Feb-2018,8000,CE,0,0,0,10.25,20,0,0,0,0,19-DEC-2017,
OPTIDX,FTSE100,16-Feb-2018,8100,CE,0,0,0,5.25,10.8,0,0,0,0,19-DEC-2017,
OPTIDX,FTSE100,16-Feb-2018,8200,CE,0,0,0,2.55,5.5,0,0,0,0,19-DEC-2017,
OPTIDX,FTSE100,16-Feb-2018,8300,CE,0,0,0,1.2,2.65,0,0,0,0,19-DEC-2017,
OPTIDX,FTSE100,16-Feb-2018,6500,PE,0,0,0,0.2,0.05,0,0,0,0,19-DEC-2017,
OPTIDX,FTSE100,16-Feb-2018,6600,PE,0,0,0,0.15,0.05,0,0,0,0,19-DEC-2017,
OPTIDX,FTSE100,16-Feb-2018,6700,PE,0,0,0,0.45,0.15,0,0,0,0,19-DEC-2017,
OPTIDX,FTSE100,16-Feb-2018,6800,PE,0,0,0,1.25,0.35,0,0,0,0,19-DEC-2017,
OPTIDX,FTSE100,16-Feb-2018,6900,PE,0,0,0,3.2,1.05,0,0,0,0,19-DEC-2017,
OPTIDX,FTSE100,16-Feb-2018,7000,PE,0,0,0,7.3,2.7,0,0,0,0,19-DEC-2017,
OPTIDX,FTSE100,16-Feb-2018,7100,PE,0,0,0,15.2,6.35,0,0,0,0,19-DEC-2017,
OPTIDX,FTSE100,16-Feb-2018,7200,PE,0,0,0,28.95,13.5,0,0,0,0,19-DEC-2017,
OPTIDX,FTSE100,16-Feb-2018,7300,PE,0,0,0,50.75,26.25,0,0,0,0,19-DEC-2017,
OPTIDX,FTSE100,16-Feb-2018,7400,PE,0,0,0,82.9,47.1,0,0,0,0,19-DEC-2017,
OPTIDX,FTSE100,16-Feb-2018,7500,PE,0,0,0,126.6,77.45,0,0,0,0,19-DEC-2017,
OPTIDX,FTSE100,16-Feb-2018,7600,PE,0,0,0,182.35,119.7,0,0,0,0,19-DEC-2017,
OPTIDX,FTSE100,16-Feb-2018,7700,PE,0,0,0,249.3,174.15,0,0,0,0,19-DEC-2017,
OPTIDX,FTSE100,16-Feb-2018,7800,PE,0,0,0,326,240.1,0,0,0,0,19-DEC-2017,
OPTIDX,FTSE100,16-Feb-2018,7900,PE,0,0,0,410.25,316.2,0,0,0,0,19-DEC-2017,
OPTIDX,FTSE100,16-Feb-2018,8000,PE,0,0,0,500,400.15,0,0,0,0,19-DEC-2017,
OPTIDX,FTSE100,16-Feb-2018,8100,PE,0,0,0,593.45,489.9,0,0,0,0,19-DEC-2017,
OPTIDX,FTSE100,16-Feb-2018,8200,PE,0,0,0,689.2,583.6,0,0,0,0,19-DEC-2017,
OPTIDX,FTSE100,16-Feb-2018,8300,PE,0,0,0,726.7,679.7,0,0,0,0,19-DEC-2017,
OPTIDX,FTSE100,16-Mar-2018,6300,CE,0,0,0,1241.1,1333,0,0,0,0,19-DEC-2017,
OPTIDX,FTSE100,16-Mar-2018,6400,CE,0,0,0,1156.45,1234.55,0,0,0,0,19-DEC-2017,
OPTIDX,FTSE100,16-Mar-2018,6500,CE,0,0,0,1238.3,1136.1,0,0,0,0,19-DEC-2017,
OPTIDX,FTSE100,16-Mar-2018,6600,CE,0,0,0,1235.6,1037.8,0,0,0,0,19-DEC-2017,
OPTIDX,FTSE100,16-Mar-2018,6700,CE,0,0,0,1145.2,939.65,0,0,0,0,19-DEC-2017,
OPTIDX,FTSE100,16-Mar-2018,6800,CE,0,0,0,1056.1,842,0,0,0,0,19-DEC-2017,
OPTIDX,FTSE100,16-Mar-2018,6900,CE,0,0,0,968.75,745.2,0,0,0,0,19-DEC-2017,
OPTIDX,FTSE100,16-Mar-2018,7000,CE,0,0,0,883.55,649.95,0,0,0,0,19-DEC-2017,
OPTIDX,FTSE100,16-Mar-2018,7100,CE,0,0,0,800.9,557.3,0,0,0,0,19-DEC-2017,
OPTIDX,FTSE100,16-Mar-2018,7200,CE,0,0,0,721.25,468.5,0,0,0,0,19-DEC-2017,
OPTIDX,FTSE100,16-Mar-2018,7300,CE,0,0,0,645.15,385.1,0,0,0,0,19-DEC-2017,
OPTIDX,FTSE100,16-Mar-2018,7400,CE,0,0,0,572.9,309,0,0,0,0,19-DEC-2017,
OPTIDX,FTSE100,16-Mar-2018,7500,CE,0,0,0,504.9,240.7,0,0,0,0,19-DEC-2017,
OPTIDX,FTSE100,16-Mar-2018,7600,CE,0,0,0,441.65,182.15,0,0,0,0,19-DEC-2017,
OPTIDX,FTSE100,16-Mar-2018,7700,CE,0,0,0,383.3,133.55,0,0,0,0,19-DEC-2017,
OPTIDX,FTSE100,16-Mar-2018,7800,CE,0,0,0,330,94.7,0,0,0,0,19-DEC-2017,
OPTIDX,FTSE100,16-Mar-2018,7900,CE,0,0,0,281.7,64.9,0,0,0,0,19-DEC-2017,
OPTIDX,FTSE100,16-Mar-2018,8000,CE,0,0,0,238.55,43,0,0,0,0,19-DEC-2017,
OPTIDX,FTSE100,16-Mar-2018,8100,CE,0,0,0,200.3,27.45,0,0,0,0,19-DEC-2017,
OPTIDX,FTSE100,16-Mar-2018,8200,CE,0,0,0,166.75,16.9,0,0,0,0,19-DEC-2017,
OPTIDX,FTSE100,16-Mar-2018,8300,CE,0,0,0,175.95,10.05,0,0,0,0,19-DEC-2017,
OPTIDX,FTSE100,16-Mar-2018,8400,CE,0,0,0,29.6,5.75,0,0,0,0,19-DEC-2017,
OPTIDX,FTSE100,16-Mar-2018,6300,PE,0,0,0,31.9,0.05,0,0,0,0,19-DEC-2017,
OPTIDX,FTSE100,16-Mar-2018,6400,PE,0,0,0,41.5,0.05,0,0,0,0,19-DEC-2017,
OPTIDX,FTSE100,16-Mar-2018,6500,PE,0,0,0,6.15,0.1,0,0,0,0,19-DEC-2017,
OPTIDX,FTSE100,16-Mar-2018,6600,PE,0,0,0,6.4,0.25,0,0,0,0,19-DEC-2017,
OPTIDX,FTSE100,16-Mar-2018,6700,PE,0,0,0,9.7,0.6,0,0,0,0,19-DEC-2017,
OPTIDX,FTSE100,16-Mar-2018,6800,PE,0,0,0,14.35,1.4,0,0,0,0,19-DEC-2017,
OPTIDX,FTSE100,16-Mar-2018,6900,PE,0,0,0,20.75,3.05,0,0,0,0,19-DEC-2017,
OPTIDX,FTSE100,16-Mar-2018,7000,PE,0,0,0,29.25,6.3,0,0,0,0,19-DEC-2017,
OPTIDX,FTSE100,16-Mar-2018,7100,PE,0,0,0,40.35,12.15,0,0,0,0,19-DEC-2017,
OPTIDX,FTSE100,16-Mar-2018,7200,PE,0,0,0,54.45,21.8,0,0,0,0,19-DEC-2017,
OPTIDX,FTSE100,16-Mar-2018,7300,PE,0,0,0,72.05,36.9,0,0,0,0,19-DEC-2017,
OPTIDX,FTSE100,16-Mar-2018,7400,PE,0,0,0,93.6,59.25,0,0,0,0,19-DEC-2017,
OPTIDX,FTSE100,16-Mar-2018,7500,PE,0,0,0,119.35,89.4,0,0,0,0,19-DEC-2017,
OPTIDX,FTSE100,16-Mar-2018,7600,PE,0,0,0,149.8,129.4,0,0,0,0,19-DEC-2017,
OPTIDX,FTSE100,16-Mar-2018,7700,PE,0,0,0,185.2,179.25,0,0,0,0,19-DEC-2017,
OPTIDX,FTSE100,16-Mar-2018,7800,PE,0,0,0,225.6,238.9,0,0,0,0,19-DEC-2017,
OPTIDX,FTSE100,16-Mar-2018,7900,PE,0,0,0,271.1,307.55,0,0,0,0,19-DEC-2017,
OPTIDX,FTSE100,16-Mar-2018,8000,PE,0,0,0,321.65,384.1,0,0,0,0,19-DEC-2017,
OPTIDX,FTSE100,16-Mar-2018,8100,PE,0,0,0,377.15,467.05,0,0,0,0,19-DEC-2017,
OPTIDX,FTSE100,16-Mar-2018,8200,PE,0,0,0,437.3,555,0,0,0,0,19-DEC-2017,
OPTIDX,FTSE100,16-Mar-2018,8300,PE,0,0,0,579.6,646.6,0,0,0,0,19-DEC-2017,
OPTIDX,FTSE100,16-Mar-2018,8400,PE,0,0,0,655.2,740.8,0,0,0,0,19-DEC-2017,
OPTIDX,FTSE100,15-Jun-2018,6400,CE,0,0,0,1124.6,1335.55,0,0,0,0,19-DEC-2017,
OPTIDX,FTSE100,15-Jun-2018,6500,CE,0,0,0,1211.85,1239.25,0,0,0,0,19-DEC-2017,
OPTIDX,FTSE100,15-Jun-2018,6600,CE,0,0,0,1241.5,1143.4,0,0,0,0,19-DEC-2017,
OPTIDX,FTSE100,15-Jun-2018,6700,CE,0,0,0,1208.15,1048.3,0,0,0,0,19-DEC-2017,
OPTIDX,FTSE100,15-Jun-2018,6800,CE,0,0,0,1118.55,954.3,0,0,0,0,19-DEC-2017,
OPTIDX,FTSE100,15-Jun-2018,6900,CE,0,0,0,1030.5,861.9,0,0,0,0,19-DEC-2017,
OPTIDX,FTSE100,15-Jun-2018,7000,CE,0,0,0,944.3,771.6,0,0,0,0,19-DEC-2017,
OPTIDX,FTSE100,15-Jun-2018,7100,CE,0,0,0,860.4,684.2,0,0,0,0,19-DEC-2017,
OPTIDX,FTSE100,15-Jun-2018,7200,CE,0,0,0,779.25,600.4,0,0,0,0,19-DEC-2017,
OPTIDX,FTSE100,15-Jun-2018,7300,CE,0,0,0,701.3,520.95,0,0,0,0,19-DEC-2017,
OPTIDX,FTSE100,15-Jun-2018,7400,CE,0,0,0,626.95,446.85,0,0,0,0,19-DEC-2017,
OPTIDX,FTSE100,15-Jun-2018,7500,CE,0,0,0,556.85,377.9,0,0,0,0,19-DEC-2017,
OPTIDX,FTSE100,15-Jun-2018,7600,CE,0,0,0,490.5,315.65,0,0,0,0,19-DEC-2017,
OPTIDX,FTSE100,15-Jun-2018,7700,CE,0,0,0,429.15,260,0,0,0,0,19-DEC-2017,
OPTIDX,FTSE100,15-Jun-2018,7800,CE,0,0,0,372.65,211.05,0,0,0,0,19-DEC-2017,
OPTIDX,FTSE100,15-Jun-2018,7900,CE,0,0,0,321.1,168.85,0,0,0,0,19-DEC-2017,
OPTIDX,FTSE100,15-Jun-2018,8000,CE,0,0,0,274.5,133.1,0,0,0,0,19-DEC-2017,
OPTIDX,FTSE100,15-Jun-2018,8100,CE,0,0,0,232.8,103.3,0,0,0,0,19-DEC-2017,
OPTIDX,FTSE100,15-Jun-2018,8200,CE,0,0,0,195.85,79.1,0,0,0,0,19-DEC-2017,
OPTIDX,FTSE100,15-Jun-2018,8300,CE,0,0,0,163.45,59.6,0,0,0,0,19-DEC-2017,
OPTIDX,FTSE100,15-Jun-2018,8400,CE,0,0,0,84.8,44.2,0,0,0,0,19-DEC-2017,
OPTIDX,FTSE100,15-Jun-2018,6400,PE,0,0,0,17.7,0.65,0,0,0,0,19-DEC-2017,
OPTIDX,FTSE100,15-Jun-2018,6500,PE,0,0,0,6.7,1.25,0,0,0,0,19-DEC-2017,
OPTIDX,FTSE100,15-Jun-2018,6600,PE,0,0,0,8.25,2.35,0,0,0,0,19-DEC-2017,
OPTIDX,FTSE100,15-Jun-2018,6700,PE,0,0,0,8.35,4.15,0,0,0,0,19-DEC-2017,
OPTIDX,FTSE100,15-Jun-2018,6800,PE,0,0,0,12.4,7.05,0,0,0,0,19-DEC-2017,
OPTIDX,FTSE100,15-Jun-2018,6900,PE,0,0,0,17.95,11.55,0,0,0,0,19-DEC-2017,
OPTIDX,FTSE100,15-Jun-2018,7000,PE,0,0,0,25.45,18.2,0,0,0,0,19-DEC-2017,
OPTIDX,FTSE100,15-Jun-2018,7100,PE,0,0,0,35.2,27.7,0,0,0,0,19-DEC-2017,
OPTIDX,FTSE100,15-Jun-2018,7200,PE,0,0,0,47.7,40.8,0,0,0,0,19-DEC-2017,
OPTIDX,FTSE100,15-Jun-2018,7300,PE,0,0,0,63.4,58.25,0,0,0,0,19-DEC-2017,
OPTIDX,FTSE100,15-Jun-2018,7400,PE,0,0,0,82.7,81.05,0,0,0,0,19-DEC-2017,
OPTIDX,FTSE100,15-Jun-2018,7500,PE,0,0,0,106.2,109,0,0,0,0,19-DEC-2017,
OPTIDX,FTSE100,15-Jun-2018,7600,PE,0,0,0,133.55,143.65,0,0,0,0,19-DEC-2017,
OPTIDX,FTSE100,15-Jun-2018,7700,PE,0,0,0,165.85,184.9,0,0,0,0,19-DEC-2017,
OPTIDX,FTSE100,15-Jun-2018,7800,PE,0,0,0,203,232.9,0,0,0,0,19-DEC-2017,
OPTIDX,FTSE100,15-Jun-2018,7900,PE,0,0,0,245.1,287.6,0,0,0,0,19-DEC-2017,
OPTIDX,FTSE100,15-Jun-2018,8000,PE,0,0,0,292.15,348.75,0,0,0,0,19-DEC-2017,
OPTIDX,FTSE100,15-Jun-2018,8100,PE,0,0,0,344.1,415.85,0,0,0,0,19-DEC-2017,
OPTIDX,FTSE100,15-Jun-2018,8200,PE,0,0,0,400.8,488.55,0,0,0,0,19-DEC-2017,
OPTIDX,FTSE100,15-Jun-2018,8300,PE,0,0,0,462.05,565.95,0,0,0,0,19-DEC-2017,
OPTIDX,FTSE100,15-Jun-2018,8400,PE,0,0,0,582.45,647.5,0,0,0,0,19-DEC-2017,
OPTIDX,FTSE100,21-Sep-2018,6400,CE,0,0,0,1234.4,1443.4,0,0,0,0,19-DEC-2017,
OPTIDX,FTSE100,21-Sep-2018,6500,CE,0,0,0,1216.65,1349.6,0,0,0,0,19-DEC-2017,
OPTIDX,FTSE100,21-Sep-2018,6600,CE,0,0,0,1203.3,1256.45,0,0,0,0,19-DEC-2017,
OPTIDX,FTSE100,21-Sep-2018,6700,CE,0,0,0,1115.55,1164.3,0,0,0,0,19-DEC-2017,
OPTIDX,FTSE100,21-Sep-2018,6800,CE,0,0,0,1029.6,1073.45,0,0,0,0,19-DEC-2017,
OPTIDX,FTSE100,21-Sep-2018,6900,CE,0,0,0,945.8,984.3,0,0,0,0,19-DEC-2017,
OPTIDX,FTSE100,21-Sep-2018,7000,CE,0,0,0,864.6,897.2,0,0,0,0,19-DEC-2017,
OPTIDX,FTSE100,21-Sep-2018,7100,CE,0,0,0,786.25,812.75,0,0,0,0,19-DEC-2017,
OPTIDX,FTSE100,21-Sep-2018,7200,CE,0,0,0,711.2,731.3,0,0,0,0,19-DEC-2017,
OPTIDX,FTSE100,21-Sep-2018,7300,CE,0,0,0,640,653.4,0,0,0,0,19-DEC-2017,
OPTIDX,FTSE100,21-Sep-2018,7400,CE,0,0,0,572,579.5,0,0,0,0,19-DEC-2017,
OPTIDX,FTSE100,21-Sep-2018,7500,CE,0,0,0,508.6,509.9,0,0,0,0,19-DEC-2017,
OPTIDX,FTSE100,21-Sep-2018,7600,CE,0,0,0,449.5,445.2,0,0,0,0,19-DEC-2017,
OPTIDX,FTSE100,21-Sep-2018,7700,CE,0,0,0,394.85,385.55,0,0,0,0,19-DEC-2017,
OPTIDX,FTSE100,21-Sep-2018,7800,CE,0,0,0,344.7,331.05,0,0,0,0,19-DEC-2017,
OPTIDX,FTSE100,21-Sep-2018,7900,CE,0,0,0,299,281.85,0,0,0,0,19-DEC-2017,
OPTIDX,FTSE100,21-Sep-2018,8000,CE,0,0,0,257.75,237.85,0,0,0,0,19-DEC-2017,
OPTIDX,FTSE100,21-Sep-2018,8100,CE,0,0,0,220.8,199,0,0,0,0,19-DEC-2017,
OPTIDX,FTSE100,21-Sep-2018,8200,CE,0,0,0,187.95,165,0,0,0,0,19-DEC-2017,
OPTIDX,FTSE100,21-Sep-2018,8300,CE,0,0,0,215.55,135.65,0,0,0,0,19-DEC-2017,
OPTIDX,FTSE100,21-Sep-2018,8400,CE,0,0,0,159.4,110.85,0,0,0,0,19-DEC-2017,
OPTIDX,FTSE100,21-Sep-2018,6400,PE,0,0,0,25.1,2.2,0,0,0,0,19-DEC-2017,
OPTIDX,FTSE100,21-Sep-2018,6500,PE,0,0,0,20.8,3.6,0,0,0,0,19-DEC-2017,
OPTIDX,FTSE100,21-Sep-2018,6600,PE,0,0,0,15.05,5.75,0,0,0,0,19-DEC-2017,
OPTIDX,FTSE100,21-Sep-2018,6700,PE,0,0,0,21.1,8.85,0,0,0,0,19-DEC-2017,
OPTIDX,FTSE100,21-Sep-2018,6800,PE,0,0,0,28.95,13.25,0,0,0,0,19-DEC-2017,
OPTIDX,FTSE100,21-Sep-2018,6900,PE,0,0,0,39,19.3,0,0,0,0,19-DEC-2017,
OPTIDX,FTSE100,21-Sep-2018,7000,PE,0,0,0,51.55,27.5,0,0,0,0,19-DEC-2017,
OPTIDX,FTSE100,21-Sep-2018,7100,PE,0,0,0,67.05,38.25,0,0,0,0,19-DEC-2017,
OPTIDX,FTSE100,21-Sep-2018,7200,PE,0,0,0,85.8,52.1,0,0,0,0,19-DEC-2017,
OPTIDX,FTSE100,21-Sep-2018,7300,PE,0,0,0,108.4,69.45,0,0,0,0,19-DEC-2017,
OPTIDX,FTSE100,21-Sep-2018,7400,PE,0,0,0,134.25,90.75,0,0,0,0,19-DEC-2017,
OPTIDX,FTSE100,21-Sep-2018,7500,PE,0,0,0,164.6,116.4,0,0,0,0,19-DEC-2017,
OPTIDX,FTSE100,21-Sep-2018,7600,PE,0,0,0,199.3,146.95,0,0,0,0,19-DEC-2017,
OPTIDX,FTSE100,21-Sep-2018,7700,PE,0,0,0,238.45,182.55,0,0,0,0,19-DEC-2017,
OPTIDX,FTSE100,21-Sep-2018,7800,PE,0,0,0,282.15,223.3,0,0,0,0,19-DEC-2017,
OPTIDX,FTSE100,21-Sep-2018,7900,PE,0,0,0,330.25,269.35,0,0,0,0,19-DEC-2017,
OPTIDX,FTSE100,21-Sep-2018,8000,PE,0,0,0,382.8,320.6,0,0,0,0,19-DEC-2017,
OPTIDX,FTSE100,21-Sep-2018,8100,PE,0,0,0,439.7,377,0,0,0,0,19-DEC-2017,
OPTIDX,FTSE100,21-Sep-2018,8200,PE,0,0,0,500.65,438.25,0,0,0,0,19-DEC-2017,
OPTIDX,FTSE100,21-Sep-2018,8300,PE,0,0,0,558.9,504.1,0,0,0,0,19-DEC-2017,
OPTIDX,FTSE100,21-Sep-2018,8400,PE,0,0,0,521.55,574.6,0,0,0,0,19-DEC-2017,
OPTIDX,FTSE100,21-Dec-2018,6600,CE,0,0,0,1273.3,1359.6,0,0,0,0,19-DEC-2017,
OPTIDX,FTSE100,21-Dec-2018,6700,CE,0,0,0,1184.3,1269.7,0,0,0,0,19-DEC-2017,
OPTIDX,FTSE100,21-Dec-2018,6800,CE,0,0,0,1096.85,1181.1,0,0,0,0,19-DEC-2017,
OPTIDX,FTSE100,21-Dec-2018,6900,CE,0,0,0,1011.3,1094.15,0,0,0,0,19-DEC-2017,
OPTIDX,FTSE100,21-Dec-2018,7000,CE,0,0,0,927.95,1009.15,0,0,0,0,19-DEC-2017,
OPTIDX,FTSE100,21-Dec-2018,7100,CE,0,0,0,847.2,926.4,0,0,0,0,19-DEC-2017,
OPTIDX,FTSE100,21-Dec-2018,7200,CE,0,0,0,769.45,846.3,0,0,0,0,19-DEC-2017,
OPTIDX,FTSE100,21-Dec-2018,7300,CE,0,0,0,695,769.2,0,0,0,0,19-DEC-2017,
OPTIDX,FTSE100,21-Dec-2018,7400,CE,0,0,0,624.45,695.4,0,0,0,0,19-DEC-2017,
OPTIDX,FTSE100,21-Dec-2018,7500,CE,0,0,0,557.25,625.5,0,0,0,0,19-DEC-2017,
OPTIDX,FTSE100,21-Dec-2018,7600,CE,0,0,0,494.6,558.95,0,0,0,0,19-DEC-2017,
OPTIDX,FTSE100,21-Dec-2018,7700,CE,0,0,0,436.35,496.85,0,0,0,0,19-DEC-2017,
OPTIDX,FTSE100,21-Dec-2018,7800,CE,0,0,0,382.55,439.1,0,0,0,0,19-DEC-2017,
OPTIDX,FTSE100,21-Dec-2018,7900,CE,0,0,0,333.3,385.75,0,0,0,0,19-DEC-2017,
OPTIDX,FTSE100,21-Dec-2018,8000,CE,0,0,0,288.5,336.8,0,0,0,0,19-DEC-2017,
OPTIDX,FTSE100,21-Dec-2018,8100,CE,0,0,0,248.15,292.3,0,0,0,0,19-DEC-2017,
OPTIDX,FTSE100,21-Dec-2018,8200,CE,0,0,0,212.1,252.1,0,0,0,0,19-DEC-2017,
OPTIDX,FTSE100,21-Dec-2018,8300,CE,0,0,0,197.05,216.15,0,0,0,0,19-DEC-2017,
OPTIDX,FTSE100,21-Dec-2018,6600,PE,0,0,0,11.05,8.75,0,0,0,0,19-DEC-2017,
OPTIDX,FTSE100,21-Dec-2018,6700,PE,0,0,0,15.8,12.6,0,0,0,0,19-DEC-2017,
OPTIDX,FTSE100,21-Dec-2018,6800,PE,0,0,0,22.05,17.75,0,0,0,0,19-DEC-2017,
OPTIDX,FTSE100,21-Dec-2018,6900,PE,0,0,0,30.2,24.5,0,0,0,0,19-DEC-2017,
OPTIDX,FTSE100,21-Dec-2018,7000,PE,0,0,0,40.6,33.2,0,0,0,0,19-DEC-2017,
OPTIDX,FTSE100,21-Dec-2018,7100,PE,0,0,0,53.6,44.2,0,0,0,0,19-DEC-2017,
OPTIDX,FTSE100,21-Dec-2018,7200,PE,0,0,0,69.55,57.85,0,0,0,0,19-DEC-2017,
OPTIDX,FTSE100,21-Dec-2018,7300,PE,0,0,0,88.8,74.45,0,0,0,0,19-DEC-2017,
OPTIDX,FTSE100,21-Dec-2018,7400,PE,0,0,0,112,94.4,0,0,0,0,19-DEC-2017,
OPTIDX,FTSE100,21-Dec-2018,7500,PE,0,0,0,138.5,118.25,0,0,0,0,19-DEC-2017,
OPTIDX,FTSE100,21-Dec-2018,7600,PE,0,0,0,169.6,145.4,0,0,0,0,19-DEC-2017,
OPTIDX,FTSE100,21-Dec-2018,7700,PE,0,0,0,205.05,177.05,0,0,0,0,19-DEC-2017,
OPTIDX,FTSE100,21-Dec-2018,7800,PE,0,0,0,245,213.05,0,0,0,0,19-DEC-2017,
OPTIDX,FTSE100,21-Dec-2018,7900,PE,0,0,0,289.45,253.4,0,0,0,0,19-DEC-2017,
OPTIDX,FTSE100,21-Dec-2018,8000,PE,0,0,0,338.4,298.2,0,0,0,0,19-DEC-2017,
OPTIDX,FTSE100,21-Dec-2018,8100,PE,0,0,0,391.8,347.4,0,0,0,0,19-DEC-2017,
OPTIDX,FTSE100,21-Dec-2018,8200,PE,0,0,0,449.45,400.95,0,0,0,0,19-DEC-2017,
OPTIDX,FTSE100,21-Dec-2018,8300,PE,0,0,0,483.15,458.7,0,0,0,0,19-DEC-2017,
OPTIDX,NIFTY,28-Dec-2017,3500,CE,6930,6976,6919.95,6962.1,6962.1,344,2690.71,431475,-25200,19-DEC-2017,
OPTIDX,NIFTY,28-Dec-2017,3600,CE,0,0,0,3703.25,6868.8,0,0,0,0,19-DEC-2017,
OPTIDX,NIFTY,28-Dec-2017,3700,CE,0,0,0,3639.2,6768.95,0,0,0,0,19-DEC-2017,
OPTIDX,NIFTY,28-Dec-2017,3800,CE,0,0,0,3575.15,6669.15,0,0,0,0,19-DEC-2017,
OPTIDX,NIFTY,28-Dec-2017,3900,CE,0,0,0,3511.15,6569.3,0,0,0,0,19-DEC-2017,
OPTIDX,NIFTY,28-Dec-2017,4000,CE,6445.25,6468.15,6421.6,6467.05,6467.05,221,1729.09,146250,-12450,19-DEC-2017,
OPTIDX,NIFTY,28-Dec-2017,4100,CE,0,0,0,3249.9,6369.6,0,0,0,0,19-DEC-2017,
OPTIDX,NIFTY,28-Dec-2017,4200,CE,0,0,0,3186.15,6269.75,0,0,0,0,19-DEC-2017,
OPTIDX,NIFTY,28-Dec-2017,4300,CE,0,0,0,3122.55,6169.9,0,0,0,0,19-DEC-2017,
OPTIDX,NIFTY,28-Dec-2017,4400,CE,0,0,0,3058.95,6070.05,0,0,0,0,19-DEC-2017,
OPTIDX,NIFTY,28-Dec-2017,4500,CE,0,0,0,2995.5,5970.2,0,0,0,0,19-DEC-2017,
OPTIDX,NIFTY,28-Dec-2017,4600,CE,0,0,0,2932.1,5870.35,0,0,0,0,19-DEC-2017,
OPTIDX,NIFTY,28-Dec-2017,4700,CE,0,0,0,2868.9,5770.55,0,0,0,0,19-DEC-2017,
OPTIDX,NIFTY,28-Dec-2017,4800,CE,0,0,0,2805.8,5670.7,0,0,0,0,19-DEC-2017,
OPTIDX,NIFTY,28-Dec-2017,4900,CE,0,0,0,2742.9,5570.85,0,0,0,0,19-DEC-2017,
OPTIDX,NIFTY,28-Dec-2017,5000,CE,5432,5465,5428.65,5465,5465,295,2309.14,209100,-8550,19-DEC-2017,
OPTIDX,NIFTY,28-Dec-2017,5100,CE,0,0,0,2617.7,5371.15,0,0,0,0,19-DEC-2017,
OPTIDX,NIFTY,28-Dec-2017,5200,CE,0,0,0,2555.5,5271.3,0,0,0,0,19-DEC-2017,
OPTIDX,NIFTY,28-Dec-2017,5300,CE,0,0,0,2493.55,5171.45,0,0,0,0,19-DEC-2017,
OPTIDX,NIFTY,28-Dec-2017,5400,CE,0,0,0,2431.95,5071.6,0,0,0,0,19-DEC-2017,
OPTIDX,NIFTY,28-Dec-2017,5500,CE,0,0,0,4625,4971.75,0,0,4800,0,19-DEC-2017,
OPTIDX,NIFTY,28-Dec-2017,5600,CE,0,0,0,2309.85,4871.95,0,0,0,0,19-DEC-2017,
OPTIDX,NIFTY,28-Dec-2017,5700,CE,0,0,0,2249.4,4772.1,0,0,0,0,19-DEC-2017,
OPTIDX,NIFTY,28-Dec-2017,5800,CE,0,0,0,2189.45,4672.25,0,0,0,0,19-DEC-2017,
OPTIDX,NIFTY,28-Dec-2017,5900,CE,0,0,0,2130,4572.4,0,0,0,0,19-DEC-2017,
OPTIDX,NIFTY,28-Dec-2017,6000,CE,4433,4475,4425,4471.65,4471.65,199,1559.37,247500,-11325,19-DEC-2017,
OPTIDX,NIFTY,28-Dec-2017,6100,CE,0,0,0,2012.8,4372.7,0,0,0,0,19-DEC-2017,
OPTIDX,NIFTY,28-Dec-2017,6200,CE,0,0,0,1955.1,4272.85,0,0,0,0,19-DEC-2017,
OPTIDX,NIFTY,28-Dec-2017,6300,CE,0,0,0,1898.05,4173,0,0,0,0,19-DEC-2017,
OPTIDX,NIFTY,28-Dec-2017,6400,CE,0,0,0,1841.7,4073.15,0,0,0,0,19-DEC-2017,
OPTIDX,NIFTY,28-Dec-2017,6500,CE,3980.55,3980.55,3980.55,3980.55,3980.55,3,23.58,2100,0,19-DEC-2017,
OPTIDX,NIFTY,28-Dec-2017,6600,CE,0,0,0,1731.2,3873.5,0,0,0,0,19-DEC-2017,
OPTIDX,NIFTY,28-Dec-2017,6700,CE,0,0,0,1677.15,3773.65,0,0,0,0,19-DEC-2017,
OPTIDX,NIFTY,28-Dec-2017,6800,CE,0,0,0,1623.95,3673.8,0,0,0,0,19-DEC-2017,
OPTIDX,NIFTY,28-Dec-2017,6900,CE,0,0,0,1571.6,3573.95,0,0,0,0,19-DEC-2017,
OPTIDX,NIFTY,28-Dec-2017,7000,CE,3429.45,3474.65,3420,3467.4,3467.4,43,336.41,242700,-2775,19-DEC-2017,
OPTIDX,NIFTY,28-Dec-2017,7100,CE,0,0,0,1469.6,3374.25,0,0,0,0,19-DEC-2017,
OPTIDX,NIFTY,28-Dec-2017,7200,CE,0,0,0,1420,3274.4,0,0,0,0,19-DEC-2017,
OPTIDX,NIFTY,28-Dec-2017,7300,CE,0,0,0,1371.4,3174.55,0,0,0,0,19-DEC-2017,
OPTIDX,NIFTY,28-Dec-2017,7400,CE,0,0,0,2310,3074.7,0,0,1725,0,19-DEC-2017,
OPTIDX,NIFTY,28-Dec-2017,7500,CE,2920,2969,2920,2965.9,2965.9,40,313,284100,-2850,19-DEC-2017,
OPTIDX,NIFTY,28-Dec-2017,7600,CE,0,0,0,2535,2875.05,0,0,75025,0,19-DEC-2017,
OPTIDX,NIFTY,28-Dec-2017,7700,CE,2728,2730,2722,2724,2724,473,3698.7,64575,-35475,19-DEC-2017,
OPTIDX,NIFTY,28-Dec-2017,7800,CE,0,0,0,2408.7,2675.35,0,0,8725,0,19-DEC-2017,
OPTIDX,NIFTY,28-Dec-2017,7900,CE,0,0,0,2470,2575.5,0,0,75,0,19-DEC-2017,
OPTIDX,NIFTY,28-Dec-2017,8000,CE,2426,2473.2,2423,2471.1,2471.1,62,485.21,670975,-1350,19-DEC-2017,
OPTIDX,NIFTY,28-Dec-2017,8100,CE,2330,2330,2330,2330,2330,1,7.82,834475,-75,19-DEC-2017,
OPTIDX,NIFTY,28-Dec-2017,8200,CE,0,0,0,2220.45,2275.95,0,0,487625,0,19-DEC-2017,
OPTIDX,NIFTY,28-Dec-2017,8250,CE,0,0,0,1880,2226.05,0,0,20175,0,19-DEC-2017,
OPTIDX,NIFTY,28-Dec-2017,8300,CE,2128,2167.65,2120,2158.9,2158.9,144,1127.98,827775,-1050,19-DEC-2017,
OPTIDX,NIFTY,28-Dec-2017,8350,CE,0,0,0,1549.7,2126.2,0,0,0,0,19-DEC-2017,
OPTIDX,NIFTY,28-Dec-2017,8400,CE,2023,2060.05,2023,2058.1,2058.1,56,439.2,764375,-600,19-DEC-2017,
OPTIDX,NIFTY,28-Dec-2017,8450,CE,0,0,0,1451.9,2026.35,0,0,0,0,19-DEC-2017,
OPTIDX,NIFTY,28-Dec-2017,8500,CE,1919,1969.95,1917,1965.4,1965.4,710,5557.63,1585050,-42000,19-DEC-2017,
OPTIDX,NIFTY,28-Dec-2017,8550,CE,0,0,0,1354.45,1926.5,0,0,0,0,19-DEC-2017,
OPTIDX,NIFTY,28-Dec-2017,8600,CE,1824.95,1853,1816,1853,1853,32,250.19,758325,975,19-DEC-2017,
OPTIDX,NIFTY,28-Dec-2017,8650,CE,0,0,0,1257.65,1826.65,0,0,0,0,19-DEC-2017,
OPTIDX,NIFTY,28-Dec-2017,8700,CE,1728.05,1756,1707.8,1755.25,1755.25,20,156.71,619200,-1500,19-DEC-2017,
OPTIDX,NIFTY,28-Dec-2017,8750,CE,0,0,0,1161.65,1726.8,0,0,0,0,19-DEC-2017,
OPTIDX,NIFTY,28-Dec-2017,8800,CE,1625,1655.05,1624,1655.05,1655.05,9,70.47,446875,-675,19-DEC-2017,
OPTIDX,NIFTY,28-Dec-2017,8850,CE,0,0,0,1066.9,1627,0,0,0,0,19-DEC-2017,
OPTIDX,NIFTY,28-Dec-2017,8900,CE,1528.15,1528.15,1528.15,1528.15,1528.15,1,7.82,470400,0,19-DEC-2017,
OPTIDX,NIFTY,28-Dec-2017,8950,CE,0,0,0,973.65,1527.15,0,0,0,0,19-DEC-2017,
OPTIDX,NIFTY,28-Dec-2017,9000,CE,1425,1470.7,1406.1,1466.4,1466.4,509,3987.06,1340200,-23550,19-DEC-2017,
OPTIDX,NIFTY,28-Dec-2017,9050,CE,0,0,0,882.55,1427.3,0,0,0,0,19-DEC-2017,
OPTIDX,NIFTY,28-Dec-2017,9100,CE,1320.6,1340.2,1320.6,1340.2,1340.2,2,15.64,60075,-75,19-DEC-2017,
OPTIDX,NIFTY,28-Dec-2017,9150,CE,0,0,0,794,1327.45,0,0,0,0,19-DEC-2017,
OPTIDX,NIFTY,28-Dec-2017,9200,CE,1224,1264.3,1222,1262.6,1262.6,43,337,91725,525,19-DEC-2017,
OPTIDX,NIFTY,28-Dec-2017,9250,CE,0,0,0,708.6,1227.6,0,0,0,0,19-DEC-2017,
OPTIDX,NIFTY,28-Dec-2017,9300,CE,1122,1165.55,1107,1163.5,1163.5,257,2010.62,147975,8625,19-DEC-2017,
OPTIDX,NIFTY,28-Dec-2017,9350,CE,0,0,0,795,1127.75,0,0,1500,0,19-DEC-2017,
OPTIDX,NIFTY,28-Dec-2017,9400,CE,1028.6,1070,1028.6,1070,1070,2,15.67,72450,0,19-DEC-2017,
OPTIDX,NIFTY,28-Dec-2017,9450,CE,0,0,0,790,1027.9,0,0,1500,0,19-DEC-2017,
OPTIDX,NIFTY,28-Dec-2017,9500,CE,926.5,972.6,915.05,966.2,966.2,1103,8638.95,863700,-19200,19-DEC-2017,
OPTIDX,NIFTY,28-Dec-2017,9550,CE,0,0,0,869.9,928.05,0,0,225,0,19-DEC-2017,
OPTIDX,NIFTY,28-Dec-2017,9600,CE,829.85,868.5,816,867.2,867.2,27,211.48,77625,-1425,19-DEC-2017,
OPTIDX,NIFTY,28-Dec-2017,9650,CE,0,0,0,410.25,828.2,0,0,0,0,19-DEC-2017,
OPTIDX,NIFTY,28-Dec-2017,9700,CE,730,772.9,715,771.3,771.3,345,2702.84,245700,-14550,19-DEC-2017,
OPTIDX,NIFTY,28-Dec-2017,9750,CE,0,0,0,348.95,728.4,0,0,0,0,19-DEC-2017,
OPTIDX,NIFTY,28-Dec-2017,9800,CE,621.5,670,620,662.25,662.25,220,1724.89,229200,-6750,19-DEC-2017,
OPTIDX,NIFTY,28-Dec-2017,9850,CE,0,0,0,325.8,628.6,0,0,0,0,19-DEC-2017,
OPTIDX,NIFTY,28-Dec-2017,9900,CE,531.85,571,520.75,570.2,570.2,211,1652.1,265125,-6300,19-DEC-2017,
OPTIDX,NIFTY,28-Dec-2017,9950,CE,0,0,0,297.35,528.95,0,0,975,0,19-DEC-2017,
OPTIDX,NIFTY,28-Dec-2017,10000,CE,435.1,477.6,420.5,475.1,475.1,3922,30743.33,2200725,-14925,19-DEC-2017,
OPTIDX,NIFTY,28-Dec-2017,10050,CE,390.95,421,370.7,420.05,420.05,34,266.27,31725,-1125,19-DEC-2017,
OPTIDX,NIFTY,28-Dec-2017,10100,CE,339,382.15,325,374.7,374.7,3985,31239.14,1290675,-54150,19-DEC-2017,
OPTIDX,NIFTY,28-Dec-2017,10150,CE,283.35,326.75,276,322.65,322.65,259,2029,74025,-8250,19-DEC-2017,
OPTIDX,NIFTY,28-Dec-2017,10200,CE,245.6,284.8,232,282.2,282.2,15241,119561.57,1917450,-267375,19-DEC-2017,
OPTIDX,NIFTY,28-Dec-2017,10250,CE,190,233.85,188.95,230.75,230.75,1598,12539.3,196425,675,19-DEC-2017,
OPTIDX,NIFTY,28-Dec-2017,10300,CE,159,193.55,150.5,190.1,190.1,43354,340380.37,2573700,-195975,19-DEC-2017,
OPTIDX,NIFTY,28-Dec-2017,10350,CE,127.95,147.35,112.5,144.45,144.45,7043,55349.5,356025,-1125,19-DEC-2017,
OPTIDX,NIFTY,28-Dec-2017,10400,CE,89.85,110,82.1,107.8,107.8,190971,1503096.66,3700650,-429525,19-DEC-2017,
OPTIDX,NIFTY,28-Dec-2017,10450,CE,65.2,77,56.1,75.1,75.1,38558,304090.56,846450,-44625,19-DEC-2017,
OPTIDX,NIFTY,28-Dec-2017,10500,CE,44.55,51,36.15,49.45,49.45,256003,2024294.99,6250875,-991725,19-DEC-2017,
OPTIDX,NIFTY,28-Dec-2017,10550,CE,29.4,31.5,21.7,30.45,30.45,19801,157076.79,648375,127125,19-DEC-2017,
OPTIDX,NIFTY,28-Dec-2017,10600,CE,18.75,18.95,12.3,17.4,17.4,154120,1227013.65,4370925,-343275,19-DEC-2017,
OPTIDX,NIFTY,28-Dec-2017,10650,CE,11.6,11.9,6.8,9.15,9.15,11265,90050.66,477675,1200,19-DEC-2017,
OPTIDX,NIFTY,28-Dec-2017,10700,CE,7.85,7.85,3.95,5.3,5.3,76142,611328.27,3364200,-324600,19-DEC-2017,
OPTIDX,NIFTY,28-Dec-2017,10750,CE,4.05,4.4,2.5,2.85,2.85,4132,33323.76,259200,17850,19-DEC-2017,
OPTIDX,NIFTY,28-Dec-2017,10800,CE,3.2,3.5,2,2.35,2.35,49502,401059.25,2509500,-516000,19-DEC-2017,
OPTIDX,NIFTY,28-Dec-2017,10850,CE,2.45,2.45,1.45,1.7,1.7,843,6861.03,55350,15300,19-DEC-2017,
OPTIDX,NIFTY,28-Dec-2017,10900,CE,2.1,2.1,1.3,1.5,1.5,19168,156721.57,1128600,-202050,19-DEC-2017,
OPTIDX,NIFTY,28-Dec-2017,10950,CE,1.45,1.7,1.1,1.25,1.25,86,706.35,12300,3900,19-DEC-2017,
OPTIDX,NIFTY,28-Dec-2017,11000,CE,1.55,1.6,0.9,1.15,1.15,21624,178418.66,3597075,-585975,19-DEC-2017,
OPTIDX,NIFTY,28-Dec-2017,11050,CE,0.9,1,0.85,0.9,0.9,89,737.65,9375,2475,19-DEC-2017,
OPTIDX,NIFTY,28-Dec-2017,11100,CE,1.05,1.05,0.75,0.85,0.85,2076,17284.05,386400,-6675,19-DEC-2017,
OPTIDX,NIFTY,28-Dec-2017,11150,CE,0,0,0,1.5,0.05,0,0,750,0,19-DEC-2017,
OPTIDX,NIFTY,28-Dec-2017,11200,CE,0.85,0.95,0.5,0.7,0.7,892,7493.28,286650,-10125,19-DEC-2017,
OPTIDX,NIFTY,28-Dec-2017,11250,CE,0,0,0,0.8,0.05,0,0,75,0,19-DEC-2017,
OPTIDX,NIFTY,28-Dec-2017,11300,CE,0.75,0.85,0.7,0.85,0.85,145,1228.95,126450,0,19-DEC-2017,
OPTIDX,NIFTY,28-Dec-2017,11350,CE,0,0,0,0.55,0,0,0,2175,0,19-DEC-2017,
OPTIDX,NIFTY,28-Dec-2017,11400,CE,0.75,1,0.6,0.85,0.85,1063,9089.25,649425,-21375,19-DEC-2017,
OPTIDX,NIFTY,28-Dec-2017,11450,CE,1.45,1.45,1.45,1.45,1.45,1,8.58,3825,0,19-DEC-2017,
OPTIDX,NIFTY,28-Dec-2017,11500,CE,0.55,0.8,0.55,0.75,0.75,2893,24953.66,712425,-67200,19-DEC-2017,
OPTIDX,NIFTY,28-Dec-2017,11550,CE,0,0,0,4.1,0,0,0,0,0,19-DEC-2017,
OPTIDX,NIFTY,28-Dec-2017,11600,CE,0.1,1,0.1,0.75,0.75,95,826.55,19275,375,19-DEC-2017,
OPTIDX,NIFTY,28-Dec-2017,11650,CE,0,0,0,1,0,0,0,6000,0,19-DEC-2017,
OPTIDX,NIFTY,28-Dec-2017,11700,CE,0.2,0.7,0.2,0.5,0.5,26,228.15,10200,675,19-DEC-2017,
OPTIDX,NIFTY,28-Dec-2017,11750,CE,0,0,0,0.85,0,0,0,450,0,19-DEC-2017,
OPTIDX,NIFTY,28-Dec-2017,11800,CE,0.15,0.75,0.1,0.75,0.75,15,132.75,6525,750,19-DEC-2017,
OPTIDX,NIFTY,28-Dec-2017,11850,CE,0,0,0,0.5,0,0,0,6000,0,19-DEC-2017,
OPTIDX,NIFTY,28-Dec-2017,11900,CE,0.45,0.5,0.45,0.5,0.5,1680,14994.62,1575,-150,19-DEC-2017,
OPTIDX,NIFTY,28-Dec-2017,11950,CE,0,0,0,0.25,0,0,0,375,0,19-DEC-2017,
OPTIDX,NIFTY,28-Dec-2017,12000,CE,0.5,0.7,0.45,0.5,0.5,1594,14346.71,800100,-2850,19-DEC-2017,
OPTIDX,NIFTY,28-Dec-2017,12100,CE,0,0,0,3.1,0,0,0,0,0,19-DEC-2017,
OPTIDX,NIFTY,28-Dec-2017,12200,CE,0,0,0,0.3,0,0,0,450,0,19-DEC-2017,
OPTIDX,NIFTY,28-Dec-2017,12300,CE,0,0,0,0.2,0,0,0,3450,0,19-DEC-2017,
OPTIDX,NIFTY,28-Dec-2017,12400,CE,0,0,0,0.05,0,0,0,0,0,19-DEC-2017,
OPTIDX,NIFTY,28-Dec-2017,12500,CE,0.4,0.6,0.2,0.4,0.4,42,393.75,27375,-1500,19-DEC-2017,
OPTIDX,NIFTY,28-Dec-2017,12600,CE,0.35,0.65,0.35,0.65,0.65,5,47.25,13350,0,19-DEC-2017,
OPTIDX,NIFTY,28-Dec-2017,3500,PE,0.9,0.9,0.2,0.25,0.25,48,126.01,12225,-1275,19-DEC-2017,
OPTIDX,NIFTY,28-Dec-2017,3600,PE,0,0,0,0.05,0,0,0,0,0,19-DEC-2017,
OPTIDX,NIFTY,28-Dec-2017,3700,PE,0,0,0,0.1,0,0,0,0,0,19-DEC-2017,
OPTIDX,NIFTY,28-Dec-2017,3800,PE,0,0,0,0.1,0,0,0,0,0,19-DEC-2017,
OPTIDX,NIFTY,28-Dec-2017,3900,PE,0,0,0,0.15,0,0,0,0,0,19-DEC-2017,
OPTIDX,NIFTY,28-Dec-2017,4000,PE,1.8,1.8,0.25,0.25,0.25,21,63.01,450,-75,19-DEC-2017,
OPTIDX,NIFTY,28-Dec-2017,4100,PE,0,0,0,1.25,0,0,0,0,0,19-DEC-2017,
OPTIDX,NIFTY,28-Dec-2017,4200,PE,0,0,0,0.85,0,0,0,0,0,19-DEC-2017,
OPTIDX,NIFTY,28-Dec-2017,4300,PE,0,0,0,1.1,0,0,0,0,0,19-DEC-2017,
OPTIDX,NIFTY,28-Dec-2017,4400,PE,0,0,0,1.5,0,0,0,0,0,19-DEC-2017,
OPTIDX,NIFTY,28-Dec-2017,4500,PE,0,0,0,1.9,0,0,0,0,0,19-DEC-2017,
OPTIDX,NIFTY,28-Dec-2017,4600,PE,0,0,0,2.5,0,0,0,0,0,19-DEC-2017,
OPTIDX,NIFTY,28-Dec-2017,4700,PE,0,0,0,3.15,0,0,0,0,0,19-DEC-2017,
OPTIDX,NIFTY,28-Dec-2017,4800,PE,0,0,0,4,0,0,0,0,0,19-DEC-2017,
OPTIDX,NIFTY,28-Dec-2017,4900,PE,0,0,0,5,0,0,0,0,0,19-DEC-2017,
OPTIDX,NIFTY,28-Dec-2017,5000,PE,0.9,0.9,0.15,0.15,0.15,41,153.77,144425,225,19-DEC-2017,
OPTIDX,NIFTY,28-Dec-2017,5100,PE,0,0,0,7.7,0,0,0,0,0,19-DEC-2017,
OPTIDX,NIFTY,28-Dec-2017,5200,PE,0,0,0,9.4,0,0,0,0,0,19-DEC-2017,
OPTIDX,NIFTY,28-Dec-2017,5300,PE,0,0,0,11.35,0,0,0,0,0,19-DEC-2017,
OPTIDX,NIFTY,28-Dec-2017,5400,PE,0,0,0,13.7,0,0,0,0,0,19-DEC-2017,
OPTIDX,NIFTY,28-Dec-2017,5500,PE,0,0,0,2.7,0,0,0,10050,0,19-DEC-2017,
OPTIDX,NIFTY,28-Dec-2017,5600,PE,0,0,0,19.45,0,0,0,0,0,19-DEC-2017,
OPTIDX,NIFTY,28-Dec-2017,5700,PE,0,0,0,22.95,0,0,0,0,0,19-DEC-2017,
OPTIDX,NIFTY,28-Dec-2017,5800,PE,0,0,0,26.9,0,0,0,0,0,19-DEC-2017,
OPTIDX,NIFTY,28-Dec-2017,5900,PE,0,0,0,31.35,0,0,0,0,0,19-DEC-2017,
OPTIDX,NIFTY,28-Dec-2017,6000,PE,0.65,0.75,0.45,0.65,0.65,35,157.51,394875,-75,19-DEC-2017,
OPTIDX,NIFTY,28-Dec-2017,6100,PE,0,0,0,42,0,0,0,0,0,19-DEC-2017,
OPTIDX,NIFTY,28-Dec-2017,6200,PE,0,0,0,48.2,0,0,0,0,0,19-DEC-2017,
OPTIDX,NIFTY,28-Dec-2017,6300,PE,0,0,0,55.1,0,0,0,0,0,19-DEC-2017,
OPTIDX,NIFTY,28-Dec-2017,6400,PE,0,0,0,67.1,0,0,0,0,0,19-DEC-2017,
OPTIDX,NIFTY,28-Dec-2017,6500,PE,0,0,0,0.7,0,0,0,41225,0,19-DEC-2017,
OPTIDX,NIFTY,28-Dec-2017,6600,PE,0,0,0,51.7,0,0,0,9550,0,19-DEC-2017,
OPTIDX,NIFTY,28-Dec-2017,6700,PE,0,0,0,89.9,0,0,0,0,0,19-DEC-2017,
OPTIDX,NIFTY,28-Dec-2017,6800,PE,0,0,0,100.65,0,0,0,0,0,19-DEC-2017,
OPTIDX,NIFTY,28-Dec-2017,6900,PE,0,0,0,112.2,0,0,0,0,0,19-DEC-2017,
OPTIDX,NIFTY,28-Dec-2017,7000,PE,0.4,0.4,0.2,0.2,0.2,42,220.51,153975,-3150,19-DEC-2017,
OPTIDX,NIFTY,28-Dec-2017,7100,PE,0,0,0,138.05,0,0,0,0,0,19-DEC-2017,
OPTIDX,NIFTY,28-Dec-2017,7200,PE,0,0,0,0.1,0,0,0,0,0,19-DEC-2017,
OPTIDX,NIFTY,28-Dec-2017,7300,PE,0,0,0,167.65,0,0,0,0,0,19-DEC-2017,
OPTIDX,NIFTY,28-Dec-2017,7400,PE,0,0,0,184.15,0,0,0,0,0,19-DEC-2017,
OPTIDX,NIFTY,28-Dec-2017,7500,PE,0.95,0.95,0.3,0.85,0.85,20,112.51,270375,-150,19-DEC-2017,
OPTIDX,NIFTY,28-Dec-2017,7600,PE,0,0,0,256.15,0,0,0,14550,0,19-DEC-2017,
OPTIDX,NIFTY,28-Dec-2017,7700,PE,0,0,0,239,0,0,0,0,0,19-DEC-2017,
OPTIDX,NIFTY,28-Dec-2017,7800,PE,0,0,0,0.05,0,0,0,21075,0,19-DEC-2017,
OPTIDX,NIFTY,28-Dec-2017,7900,PE,0,0,0,3.1,0,0,0,0,0,19-DEC-2017,
OPTIDX,NIFTY,28-Dec-2017,8000,PE,0.4,0.5,0.35,0.45,0.45,307,1842.09,556675,-13125,19-DEC-2017,
OPTIDX,NIFTY,28-Dec-2017,8100,PE,0.7,0.7,0.7,0.7,0.7,9,54.67,98850,-75,19-DEC-2017,
OPTIDX,NIFTY,28-Dec-2017,8200,PE,0,0,0,0.6,0,0,0,6825,0,19-DEC-2017,
OPTIDX,NIFTY,28-Dec-2017,8250,PE,0,0,0,0.05,0,0,0,300,0,19-DEC-2017,
OPTIDX,NIFTY,28-Dec-2017,8300,PE,0.95,0.95,0.3,0.4,0.4,100,622.54,93750,-450,19-DEC-2017,
OPTIDX,NIFTY,28-Dec-2017,8350,PE,0,0,0,0.85,0,0,0,0,0,19-DEC-2017,
OPTIDX,NIFTY,28-Dec-2017,8400,PE,0.7,0.75,0.45,0.6,0.6,61,384.32,28050,-3075,19-DEC-2017,
OPTIDX,NIFTY,28-Dec-2017,8450,PE,0,0,0,1.45,0,0,0,0,0,19-DEC-2017,
OPTIDX,NIFTY,28-Dec-2017,8500,PE,0.15,0.85,0.15,0.7,0.7,486,3098.45,686725,-13725,19-DEC-2017,
OPTIDX,NIFTY,28-Dec-2017,8550,PE,0,0,0,2.5,0,0,0,0,0,19-DEC-2017,
OPTIDX,NIFTY,28-Dec-2017,8600,PE,0.95,0.95,0.45,0.6,0.6,223,1438.45,175025,-5850,19-DEC-2017,
OPTIDX,NIFTY,28-Dec-2017,8650,PE,0,0,0,4.1,0,0,0,0,0,19-DEC-2017,
OPTIDX,NIFTY,28-Dec-2017,8700,PE,0.4,1.25,0.4,0.65,0.65,146,952.75,24625,-1950,19-DEC-2017,
OPTIDX,NIFTY,28-Dec-2017,8750,PE,0,0,0,6.55,0,0,0,0,0,19-DEC-2017,
OPTIDX,NIFTY,28-Dec-2017,8800,PE,1.35,1.35,0.95,1.1,1.1,466,3076.01,302800,-75,19-DEC-2017,
OPTIDX,NIFTY,28-Dec-2017,8850,PE,0,0,0,10.2,0,0,0,0,0,19-DEC-2017,
OPTIDX,NIFTY,28-Dec-2017,8900,PE,1.3,1.35,1.05,1.2,1.2,62,413.9,195425,-600,19-DEC-2017,
OPTIDX,NIFTY,28-Dec-2017,8950,PE,0,0,0,15.45,0,0,0,0,0,19-DEC-2017,
OPTIDX,NIFTY,28-Dec-2017,9000,PE,1.65,1.65,1.15,1.35,1.35,8007,54055.61,2107050,-71100,19-DEC-2017,
OPTIDX,NIFTY,28-Dec-2017,9050,PE,0,0,0,22.75,0,0,0,0,0,19-DEC-2017,
OPTIDX,NIFTY,28-Dec-2017,9100,PE,1.55,1.75,1.2,1.25,1.25,2416,16491.87,459200,-2925,19-DEC-2017,
OPTIDX,NIFTY,28-Dec-2017,9150,PE,0,0,0,32.65,0,0,0,0,0,19-DEC-2017,
OPTIDX,NIFTY,28-Dec-2017,9200,PE,1.8,1.8,1.45,1.6,1.6,1929,13312.43,634500,-31500,19-DEC-2017,
OPTIDX,NIFTY,28-Dec-2017,9250,PE,0,0,0,45.75,0,0,0,0,0,19-DEC-2017,
OPTIDX,NIFTY,28-Dec-2017,9300,PE,1.6,2,1.5,1.65,1.65,3637,25372.68,642375,-83025,19-DEC-2017,
OPTIDX,NIFTY,28-Dec-2017,9350,PE,0.75,2,0.75,2,2,48,336.65,0,0,19-DEC-2017,
OPTIDX,NIFTY,28-Dec-2017,9400,PE,2.1,2.25,1.8,1.9,1.9,11463,80831.35,1264050,-105075,19-DEC-2017,
OPTIDX,NIFTY,28-Dec-2017,9450,PE,0,0,0,83.75,0,0,0,0,0,19-DEC-2017,
OPTIDX,NIFTY,28-Dec-2017,9500,PE,3.25,3.25,2,2.15,2.15,25054,178552,3289050,-165700,19-DEC-2017,
OPTIDX,NIFTY,28-Dec-2017,9550,PE,5,5,1.9,2.2,2.2,91,651.98,3150,1875,19-DEC-2017,
OPTIDX,NIFTY,28-Dec-2017,9600,PE,3.3,3.3,2.25,2.4,2.4,25873,186333.84,1824125,-42150,19-DEC-2017,
OPTIDX,NIFTY,28-Dec-2017,9650,PE,3,3.3,2.35,2.55,2.55,370,2678.62,47250,-6375,19-DEC-2017,
OPTIDX,NIFTY,28-Dec-2017,9700,PE,4,4,2.45,2.6,2.6,29684,216014.89,2381475,300,19-DEC-2017,
OPTIDX,NIFTY,28-Dec-2017,9750,PE,4,4.2,2.9,3,3,1029,7527.13,36825,-15375,19-DEC-2017,
OPTIDX,NIFTY,28-Dec-2017,9800,PE,6,6,3.2,3.4,3.4,36802,270601.45,4252650,-56250,19-DEC-2017,
OPTIDX,NIFTY,28-Dec-2017,9850,PE,7.95,7.95,3.65,4,4,1416,10465.35,63600,-10425,19-DEC-2017,
OPTIDX,NIFTY,28-Dec-2017,9900,PE,8.95,9.5,4.25,4.45,4.45,44264,328832.36,2556225,148500,19-DEC-2017,
OPTIDX,NIFTY,28-Dec-2017,9950,PE,8,10,5,5.45,5.45,2331,17406.57,155025,23100,19-DEC-2017,
OPTIDX,NIFTY,28-Dec-2017,10000,PE,10.5,12.5,6.45,6.75,6.75,96265,722561.47,8299875,151875,19-DEC-2017,
OPTIDX,NIFTY,28-Dec-2017,10050,PE,11.15,13.2,7.55,8.05,8.05,3914,29531.1,183000,5400,19-DEC-2017,
OPTIDX,NIFTY,28-Dec-2017,10100,PE,13.3,17,9.45,9.75,9.75,92876,704373.78,4283550,136275,19-DEC-2017,
OPTIDX,NIFTY,28-Dec-2017,10150,PE,19.05,19.1,11.15,11.6,11.6,8605,65599.84,545925,46725,19-DEC-2017,
OPTIDX,NIFTY,28-Dec-2017,10200,PE,26.8,26.85,14.65,15.25,15.25,160229,1228082.26,5084450,33900,19-DEC-2017,
OPTIDX,NIFTY,28-Dec-2017,10250,PE,30.45,31.8,18.1,19.05,19.05,37897,292021.43,915000,427800,19-DEC-2017,
OPTIDX,NIFTY,28-Dec-2017,10300,PE,43.85,43.85,23.75,25.05,25.05,222344,1723050.39,4980975,420300,19-DEC-2017,
OPTIDX,NIFTY,28-Dec-2017,10350,PE,49.85,54,30,31.7,31.7,51547,401737.05,1310400,769800,19-DEC-2017,
OPTIDX,NIFTY,28-Dec-2017,10400,PE,68.3,72.1,41,43.15,43.15,291449,2285585.27,5173325,1931725,19-DEC-2017,
OPTIDX,NIFTY,28-Dec-2017,10450,PE,90.05,93.35,55.55,57.75,57.75,26160,206413.2,853875,359700,19-DEC-2017,
OPTIDX,NIFTY,28-Dec-2017,10500,PE,117.45,123.8,78.1,80.9,80.9,73830,586902.55,1953650,510525,19-DEC-2017,
OPTIDX,NIFTY,28-Dec-2017,10550,PE,158.55,158.55,107.1,109.65,109.65,723,5786.55,26250,23625,19-DEC-2017,
OPTIDX,NIFTY,28-Dec-2017,10600,PE,191.1,199.15,142.7,145.9,145.9,10049,81145.33,554500,129900,19-DEC-2017,
OPTIDX,NIFTY,28-Dec-2017,10650,PE,238.3,238.3,220,220,220,5,40.77,525,225,19-DEC-2017,
OPTIDX,NIFTY,28-Dec-2017,10700,PE,278.7,289,228,231.4,231.4,3309,27165.48,330525,97875,19-DEC-2017,
OPTIDX,NIFTY,28-Dec-2017,10750,PE,0,0,0,850.45,279.95,0,0,0,0,19-DEC-2017,
OPTIDX,NIFTY,28-Dec-2017,10800,PE,372.45,381.9,323.4,325.15,325.15,566,4733.76,109725,8100,19-DEC-2017,
OPTIDX,NIFTY,28-Dec-2017,10850,PE,0,0,0,939.6,373.35,0,0,0,0,19-DEC-2017,
OPTIDX,NIFTY,28-Dec-2017,10900,PE,463.55,474.5,420,420,420,53,451.39,11400,-300,19-DEC-2017,
OPTIDX,NIFTY,28-Dec-2017,10950,PE,0,0,0,1030.85,470.8,0,0,0,0,19-DEC-2017,
OPTIDX,NIFTY,28-Dec-2017,11000,PE,565,579,515,524.75,524.75,1907,16518.32,1113150,-27225,19-DEC-2017,
OPTIDX,NIFTY,28-Dec-2017,11050,PE,0,0,0,1123.85,569.9,0,0,0,0,19-DEC-2017,
OPTIDX,NIFTY,28-Dec-2017,11100,PE,665,665,628.15,628.15,628.15,3,26.41,5025,75,19-DEC-2017,
OPTIDX,NIFTY,28-Dec-2017,11150,PE,0,0,0,1218.15,669.55,0,0,0,0,19-DEC-2017,
OPTIDX,NIFTY,28-Dec-2017,11200,PE,763.55,772.3,763.5,772.3,772.3,4,35.89,61200,-225,19-DEC-2017,
OPTIDX,NIFTY,28-Dec-2017,11250,PE,0,0,0,1313.55,769.35,0,0,0,0,19-DEC-2017,
OPTIDX,NIFTY,28-Dec-2017,11300,PE,0,0,0,859.65,819.25,0,0,1125,0,19-DEC-2017,
OPTIDX,NIFTY,28-Dec-2017,11350,PE,0,0,0,1329.2,869.2,0,0,0,0,19-DEC-2017,
OPTIDX,NIFTY,28-Dec-2017,11400,PE,968.7,968.7,968.7,968.7,968.7,1,9.27,522725,0,19-DEC-2017,
OPTIDX,NIFTY,28-Dec-2017,11450,PE,1000,1000,1000,1000,1000,1,9.33,75,-75,19-DEC-2017,
OPTIDX,NIFTY,28-Dec-2017,11500,PE,1069.7,1073.75,1017.05,1022.7,1022.7,1082,10188.61,492375,-66750,19-DEC-2017,
OPTIDX,NIFTY,28-Dec-2017,11550,PE,0,0,0,1304.75,1068.85,0,0,0,0,19-DEC-2017,
OPTIDX,NIFTY,28-Dec-2017,11600,PE,1157.55,1165.5,1114.45,1118,1118,27,258.22,14175,-1125,19-DEC-2017,
OPTIDX,NIFTY,28-Dec-2017,11650,PE,0,0,0,1337.6,1168.7,0,0,0,0,19-DEC-2017,
OPTIDX,NIFTY,28-Dec-2017,11700,PE,0,0,0,1260,1218.65,0,0,6075,0,19-DEC-2017,
OPTIDX,NIFTY,28-Dec-2017,11750,PE,0,0,0,1418,1268.55,0,0,300,0,19-DEC-2017,
OPTIDX,NIFTY,28-Dec-2017,11800,PE,0,0,0,1370,1318.45,0,0,675,0,19-DEC-2017,
OPTIDX,NIFTY,28-Dec-2017,11850,PE,0,0,0,1378.05,1368.4,0,0,0,0,19-DEC-2017,
OPTIDX,NIFTY,28-Dec-2017,11900,PE,0,0,0,1520,1418.3,0,0,75,0,19-DEC-2017,
OPTIDX,NIFTY,28-Dec-2017,11950,PE,0,0,0,1699.4,1468.25,0,0,375,0,19-DEC-2017,
OPTIDX,NIFTY,28-Dec-2017,12000,PE,1564.6,1570,1511.6,1515.6,1515.6,497,5043.67,1031025,5100,19-DEC-2017,
OPTIDX,NIFTY,28-Dec-2017,12100,PE,0,0,0,2006.4,1618,0,0,0,0,19-DEC-2017,
OPTIDX,NIFTY,28-Dec-2017,12200,PE,0,0,0,2064.15,1717.85,0,0,450,0,19-DEC-2017,
OPTIDX,NIFTY,28-Dec-2017,12300,PE,0,0,0,2044.55,1817.7,0,0,0,0,19-DEC-2017,
OPTIDX,NIFTY,28-Dec-2017,12400,PE,0,0,0,1950.1,1917.55,0,0,4500,0,19-DEC-2017,
OPTIDX,NIFTY,28-Dec-2017,12500,PE,2067.75,2068.05,2012.85,2014.15,2014.15,174,1895.61,185775,5475,19-DEC-2017,
OPTIDX,NIFTY,28-Dec-2017,12600,PE,2150.05,2161,2118,2122.3,2122.3,21,232.26,6675,225,19-DEC-2017,
OPTIDX,NIFTY,25-Jan-2018,8550,CE,0,0,0,1568.65,1968.85,0,0,0,0,19-DEC-2017,
OPTIDX,NIFTY,25-Jan-2018,8600,CE,1838,1883,1833,1878.05,1878.05,115,901.25,622725,5700,19-DEC-2017,
OPTIDX,NIFTY,25-Jan-2018,8650,CE,0,0,0,1574.6,1869.5,0,0,0,0,19-DEC-2017,
OPTIDX,NIFTY,25-Jan-2018,8700,CE,1773.25,1782.95,1773.25,1782.95,1782.95,2,15.71,642525,0,19-DEC-2017,
OPTIDX,NIFTY,25-Jan-2018,8750,CE,0,0,0,1585.8,1770.15,0,0,0,0,19-DEC-2017,
OPTIDX,NIFTY,25-Jan-2018,8800,CE,0,0,0,1656.9,1720.5,0,0,0,0,19-DEC-2017,
OPTIDX,NIFTY,25-Jan-2018,8850,CE,0,0,0,1632.85,1670.8,0,0,0,0,19-DEC-2017,
OPTIDX,NIFTY,25-Jan-2018,8900,CE,1550,1550,1550,1550,1550,4,31.35,3150,300,19-DEC-2017,
OPTIDX,NIFTY,25-Jan-2018,8950,CE,0,0,0,1534.65,1571.45,0,0,0,0,19-DEC-2017,
OPTIDX,NIFTY,25-Jan-2018,9000,CE,1443.6,1487.65,1438.45,1485.1,1485.1,187,1466.59,111450,11550,19-DEC-2017,
OPTIDX,NIFTY,25-Jan-2018,9050,CE,0,0,0,1436.6,1472.1,0,0,0,0,19-DEC-2017,
OPTIDX,NIFTY,25-Jan-2018,9100,CE,0,0,0,1189.9,1422.45,0,0,75,0,19-DEC-2017,
OPTIDX,NIFTY,25-Jan-2018,9150,CE,0,0,0,1338.85,1372.8,0,0,0,0,19-DEC-2017,
OPTIDX,NIFTY,25-Jan-2018,9200,CE,1253,1285,1253,1285,1285,2,15.7,1200,0,19-DEC-2017,
OPTIDX,NIFTY,25-Jan-2018,9250,CE,0,0,0,1241.6,1273.45,0,0,0,0,19-DEC-2017,
OPTIDX,NIFTY,25-Jan-2018,9300,CE,1155,1155,1155,1155,1155,13,101.93,1050,975,19-DEC-2017,
OPTIDX,NIFTY,25-Jan-2018,9350,CE,0,0,0,1145,1174.25,0,0,0,0,19-DEC-2017,
OPTIDX,NIFTY,25-Jan-2018,9400,CE,0,0,0,1050,1124.65,0,0,27075,0,19-DEC-2017,
OPTIDX,NIFTY,25-Jan-2018,9450,CE,0,0,0,1049.45,1075.15,0,0,0,0,19-DEC-2017,
OPTIDX,NIFTY,25-Jan-2018,9500,CE,945,1000,945,998.95,998.95,334,2623.02,129150,6750,19-DEC-2017,
OPTIDX,NIFTY,25-Jan-2018,9550,CE,0,0,0,955.3,976.35,0,0,0,0,19-DEC-2017,
OPTIDX,NIFTY,25-Jan-2018,9600,CE,0,0,0,860.85,927.15,0,0,13350,0,19-DEC-2017,
OPTIDX,NIFTY,25-Jan-2018,9650,CE,0,0,0,863.05,878.1,0,0,0,0,19-DEC-2017,
OPTIDX,NIFTY,25-Jan-2018,9700,CE,770,802,761,797.95,797.95,214,1682.04,25500,15150,19-DEC-2017,
OPTIDX,NIFTY,25-Jan-2018,9750,CE,0,0,0,773.3,780.9,0,0,0,0,19-DEC-2017,
OPTIDX,NIFTY,25-Jan-2018,9800,CE,673.7,710,661.3,701.45,701.45,120,943.83,35925,6000,19-DEC-2017,
OPTIDX,NIFTY,25-Jan-2018,9850,CE,0,0,0,686.65,685.4,0,0,0,0,19-DEC-2017,
OPTIDX,NIFTY,25-Jan-2018,9900,CE,585,617.5,573.95,615.95,615.95,68,534.85,14100,2925,19-DEC-2017,
OPTIDX,NIFTY,25-Jan-2018,9950,CE,0,0,0,603.8,592.5,0,0,0,0,19-DEC-2017,
OPTIDX,NIFTY,25-Jan-2018,10000,CE,502.35,528.45,480.65,523.9,523.9,464,3653.46,130500,12225,19-DEC-2017,
OPTIDX,NIFTY,25-Jan-2018,10050,CE,0,0,0,525.45,503.35,0,0,0,0,19-DEC-2017,
OPTIDX,NIFTY,25-Jan-2018,10100,CE,410,440,399,436.35,436.35,364,2870.45,86475,-1200,19-DEC-2017,
OPTIDX,NIFTY,25-Jan-2018,10150,CE,0,0,0,337.75,419.3,0,0,0,0,19-DEC-2017,
OPTIDX,NIFTY,25-Jan-2018,10200,CE,332.4,355.6,314.8,351.2,351.2,2978,23514.12,627975,131025,19-DEC-2017,
OPTIDX,NIFTY,25-Jan-2018,10250,CE,0,0,0,295,342.1,0,0,225,0,19-DEC-2017,
OPTIDX,NIFTY,25-Jan-2018,10300,CE,245.7,277.25,241,274.4,274.4,2612,20676.89,603000,5850,19-DEC-2017,
OPTIDX,NIFTY,25-Jan-2018,10350,CE,230,230,230,230,230,1,7.93,300,-75,19-DEC-2017,
OPTIDX,NIFTY,25-Jan-2018,10400,CE,187.95,209.15,177.85,206.6,206.6,6468,51381.37,887550,63075,19-DEC-2017,
OPTIDX,NIFTY,25-Jan-2018,10450,CE,126.2,177.55,126.2,172.2,172.2,420,3345.83,3375,2775,19-DEC-2017,
OPTIDX,NIFTY,25-Jan-2018,10500,CE,138.55,148.6,121.5,145.15,145.15,11867,94655.91,783375,107475,19-DEC-2017,
OPTIDX,NIFTY,25-Jan-2018,10550,CE,0,0,0,90,158.8,0,0,150,0,19-DEC-2017,
OPTIDX,NIFTY,25-Jan-2018,10600,CE,87.55,98.1,81.55,96.4,96.4,11326,90806.81,768000,28950,19-DEC-2017,
OPTIDX,NIFTY,25-Jan-2018,10650,CE,74,88.8,63,77.45,77.45,108,868.45,2775,525,19-DEC-2017,
OPTIDX,NIFTY,25-Jan-2018,10700,CE,55,60.5,51,59.2,59.2,8636,69663.19,879600,95175,19-DEC-2017,
OPTIDX,NIFTY,25-Jan-2018,10750,CE,0,0,0,55,82.5,0,0,75,0,19-DEC-2017,
OPTIDX,NIFTY,25-Jan-2018,10800,CE,36.5,36.6,30.55,34.75,34.75,8167,66356.23,1052400,224100,19-DEC-2017,
OPTIDX,NIFTY,25-Jan-2018,10850,CE,0,0,0,110.55,56.8,0,0,0,0,19-DEC-2017,
OPTIDX,NIFTY,25-Jan-2018,10900,CE,20.95,22.55,18.5,20.5,20.5,4118,33725.63,393825,53925,19-DEC-2017,
OPTIDX,NIFTY,25-Jan-2018,10950,CE,0,0,0,85.65,37.85,0,0,0,0,19-DEC-2017,
OPTIDX,NIFTY,25-Jan-2018,11000,CE,14.05,15.2,12,12.8,12.8,5521,45601.8,1408275,85425,19-DEC-2017,
OPTIDX,NIFTY,25-Jan-2018,11050,CE,0,0,0,47.5,24.4,0,0,75,0,19-DEC-2017,
OPTIDX,NIFTY,25-Jan-2018,11100,CE,8.75,8.95,6.95,7.25,7.25,765,6372.9,198075,26100,19-DEC-2017,
OPTIDX,NIFTY,25-Jan-2018,11150,CE,0,0,0,15.5,15.2,0,0,0,0,19-DEC-2017,
OPTIDX,NIFTY,25-Jan-2018,11200,CE,5.45,5.95,1.4,3.5,3.5,1528,12840.48,82650,-4050,19-DEC-2017,
OPTIDX,NIFTY,25-Jan-2018,11250,CE,0,0,0,19.5,9.15,0,0,0,0,19-DEC-2017,
OPTIDX,NIFTY,25-Jan-2018,11300,CE,4.95,4.95,2.9,2.95,2.95,55,466.25,32625,-1050,19-DEC-2017,
OPTIDX,NIFTY,25-Jan-2018,11350,CE,0,0,0,14.5,5.35,0,0,0,0,19-DEC-2017,
OPTIDX,NIFTY,25-Jan-2018,11400,CE,0,0,0,2.75,4,0,0,33525,0,19-DEC-2017,
OPTIDX,NIFTY,25-Jan-2018,11450,CE,0,0,0,19.1,3,0,0,0,0,19-DEC-2017,
OPTIDX,NIFTY,25-Jan-2018,11500,CE,2.65,2.7,1.6,2,2,2098,18098.62,243750,54750,19-DEC-2017,
OPTIDX,NIFTY,25-Jan-2018,11550,CE,0,0,0,19.5,1.65,0,0,0,0,19-DEC-2017,
OPTIDX,NIFTY,25-Jan-2018,11600,CE,2.9,2.9,2.9,2.9,2.9,1,8.7,5700,75,19-DEC-2017,
OPTIDX,NIFTY,25-Jan-2018,11650,CE,0,0,0,9.45,0.85,0,0,0,0,19-DEC-2017,
OPTIDX,NIFTY,25-Jan-2018,11700,CE,0,0,0,7.85,0.65,0,0,0,0,19-DEC-2017,
OPTIDX,NIFTY,25-Jan-2018,11750,CE,0,0,0,6.5,0.45,0,0,0,0,19-DEC-2017,
OPTIDX,NIFTY,25-Jan-2018,11800,CE,0,0,0,5.35,0.3,0,0,0,0,19-DEC-2017,
OPTIDX,NIFTY,25-Jan-2018,11850,CE,0,0,0,4.4,0.25,0,0,0,0,19-DEC-2017,
OPTIDX,NIFTY,25-Jan-2018,11900,CE,0,0,0,0.95,0.15,0,0,225,0,19-DEC-2017,
OPTIDX,NIFTY,25-Jan-2018,11950,CE,0,0,0,3.35,0.1,0,0,0,0,19-DEC-2017,
OPTIDX,NIFTY,25-Jan-2018,8550,PE,0,0,0,0.05,0,0,0,0,0,19-DEC-2017,
OPTIDX,NIFTY,25-Jan-2018,8600,PE,1.3,1.45,1.05,1.35,1.35,179,1154.71,14925,5700,19-DEC-2017,
OPTIDX,NIFTY,25-Jan-2018,8650,PE,0,0,0,0.05,0,0,0,0,0,19-DEC-2017,
OPTIDX,NIFTY,25-Jan-2018,8700,PE,0,0,0,2.2,0,0,0,300,0,19-DEC-2017,
OPTIDX,NIFTY,25-Jan-2018,8750,PE,0,0,0,0.05,0,0,0,0,0,19-DEC-2017,
OPTIDX,NIFTY,25-Jan-2018,8800,PE,0,0,0,0.15,0,0,0,0,0,19-DEC-2017,
OPTIDX,NIFTY,25-Jan-2018,8850,PE,0,0,0,0.25,0,0,0,0,0,19-DEC-2017,
OPTIDX,NIFTY,25-Jan-2018,8900,PE,2.65,2.65,2.05,2.05,2.05,4,26.7,1200,300,19-DEC-2017,
OPTIDX,NIFTY,25-Jan-2018,8950,PE,0,0,0,0.5,0,0,0,0,0,19-DEC-2017,
OPTIDX,NIFTY,25-Jan-2018,9000,PE,3.1,3.6,3.05,3.3,3.3,2176,14693.45,296700,-11025,19-DEC-2017,
OPTIDX,NIFTY,25-Jan-2018,9050,PE,0,0,0,0.9,0.05,0,0,0,0,19-DEC-2017,
OPTIDX,NIFTY,25-Jan-2018,9100,PE,0,0,0,3.15,0.05,0,0,75,0,19-DEC-2017,
OPTIDX,NIFTY,25-Jan-2018,9150,PE,0,0,0,1.55,0.05,0,0,0,0,19-DEC-2017,
OPTIDX,NIFTY,25-Jan-2018,9200,PE,3.05,4,3.05,3.25,3.25,212,1463.32,14700,6375,19-DEC-2017,
OPTIDX,NIFTY,25-Jan-2018,9250,PE,0,0,0,2.75,0.1,0,0,0,0,19-DEC-2017,
OPTIDX,NIFTY,25-Jan-2018,9300,PE,4.8,5.95,4,4,4,46,321,5025,975,19-DEC-2017,
OPTIDX,NIFTY,25-Jan-2018,9350,PE,0,0,0,4.6,0.2,0,0,0,0,19-DEC-2017,
OPTIDX,NIFTY,25-Jan-2018,9400,PE,7.3,7.35,5.4,5.65,5.65,759,5354.4,195075,6300,19-DEC-2017,
OPTIDX,NIFTY,25-Jan-2018,9450,PE,0,0,0,7.45,0.45,0,0,0,0,19-DEC-2017,
OPTIDX,NIFTY,25-Jan-2018,9500,PE,8.7,9.5,7,7.45,7.45,3999,28517.68,596625,-17025,19-DEC-2017,
OPTIDX,NIFTY,25-Jan-2018,9550,PE,0,0,0,11.7,1,0,0,0,0,19-DEC-2017,
OPTIDX,NIFTY,25-Jan-2018,9600,PE,11.8,12.2,8.45,8.8,8.8,1937,13961.56,769200,14850,19-DEC-2017,
OPTIDX,NIFTY,25-Jan-2018,9650,PE,0,0,0,17.9,2.1,0,0,0,0,19-DEC-2017,
OPTIDX,NIFTY,25-Jan-2018,9700,PE,15.45,16.25,11.55,12,12,3293,23991.63,556650,-9525,19-DEC-2017,
OPTIDX,NIFTY,25-Jan-2018,9750,PE,0,0,0,26.6,4.25,0,0,0,0,19-DEC-2017,
OPTIDX,NIFTY,25-Jan-2018,9800,PE,23.9,23.9,16,16.65,16.65,7750,57075.28,889200,118125,19-DEC-2017,
OPTIDX,NIFTY,25-Jan-2018,9850,PE,0,0,0,38.4,8.1,0,0,0,0,19-DEC-2017,
OPTIDX,NIFTY,25-Jan-2018,9900,PE,30.05,30.9,22.3,22.75,22.75,5825,43366.88,514050,43650,19-DEC-2017,
OPTIDX,NIFTY,25-Jan-2018,9950,PE,0,0,0,38,14.55,0,0,75,0,19-DEC-2017,
OPTIDX,NIFTY,25-Jan-2018,10000,PE,40.05,42.9,31.25,32.05,32.05,15263,114892.55,2553225,188475,19-DEC-2017,
OPTIDX,NIFTY,25-Jan-2018,10050,PE,45,45,45,45,45,24,181.71,1875,1800,19-DEC-2017,
OPTIDX,NIFTY,25-Jan-2018,10100,PE,62,62,41.45,42.35,42.35,10302,78412.84,1427925,-26925,19-DEC-2017,
OPTIDX,NIFTY,25-Jan-2018,10150,PE,52.05,52.05,52.05,52.05,52.05,1,7.65,150,0,19-DEC-2017,
OPTIDX,NIFTY,25-Jan-2018,10200,PE,70.3,73.8,56.95,58.05,58.05,12420,95619.19,1530675,43875,19-DEC-2017,
OPTIDX,NIFTY,25-Jan-2018,10250,PE,86.9,86.9,67.75,67.85,67.85,23,178.13,1800,1275,19-DEC-2017,
OPTIDX,NIFTY,25-Jan-2018,10300,PE,94.4,97.65,76.9,78.05,78.05,14937,116346.43,953325,36975,19-DEC-2017,
OPTIDX,NIFTY,25-Jan-2018,10350,PE,110.75,112.95,90.3,91.95,91.95,869,6814.51,54075,7275,19-DEC-2017,
OPTIDX,NIFTY,25-Jan-2018,10400,PE,129.4,131.45,103.75,106,106,15775,124419.34,1386375,334275,19-DEC-2017,
OPTIDX,NIFTY,25-Jan-2018,10450,PE,160,160,122.65,125.3,125.3,614,4869.95,35775,35775,19-DEC-2017,
OPTIDX,NIFTY,25-Jan-2018,10500,PE,172,174.9,141.55,144.7,144.7,6472,51735.72,1040775,32475,19-DEC-2017,
OPTIDX,NIFTY,25-Jan-2018,10550,PE,0,0,0,260,176.95,0,0,0,0,19-DEC-2017,
OPTIDX,NIFTY,25-Jan-2018,10600,PE,225,230.15,191.4,193.4,193.4,3231,26195.47,206175,76575,19-DEC-2017,
OPTIDX,NIFTY,25-Jan-2018,10650,PE,0,0,0,316.15,233.75,0,0,0,0,19-DEC-2017,
OPTIDX,NIFTY,25-Jan-2018,10700,PE,288.7,300.9,251.05,255,255,682,5612.37,40500,18300,19-DEC-2017,
OPTIDX,NIFTY,25-Jan-2018,10750,PE,0,0,0,378.5,299.35,0,0,0,0,19-DEC-2017,
OPTIDX,NIFTY,25-Jan-2018,10800,PE,360.85,372,325,332.7,332.7,75,627.5,5700,225,19-DEC-2017,
OPTIDX,NIFTY,25-Jan-2018,10850,PE,0,0,0,446.6,373,0,0,0,0,19-DEC-2017,
OPTIDX,NIFTY,25-Jan-2018,10900,PE,0,0,0,561,412.45,0,0,150,0,19-DEC-2017,
OPTIDX,NIFTY,25-Jan-2018,10950,PE,0,0,0,520.1,453.4,0,0,0,0,19-DEC-2017,
OPTIDX,NIFTY,25-Jan-2018,11000,PE,533.45,550,496.6,500.15,500.15,482,4164.8,229650,10950,19-DEC-2017,
OPTIDX,NIFTY,25-Jan-2018,11050,PE,0,0,0,598.25,539.3,0,0,0,0,19-DEC-2017,
OPTIDX,NIFTY,25-Jan-2018,11100,PE,0,0,0,680,583.9,0,0,75,0,19-DEC-2017,
OPTIDX,NIFTY,25-Jan-2018,11150,PE,0,0,0,680.45,629.45,0,0,0,0,19-DEC-2017,
OPTIDX,NIFTY,25-Jan-2018,11200,PE,0,0,0,722.9,675.75,0,0,0,0,19-DEC-2017,
OPTIDX,NIFTY,25-Jan-2018,11250,PE,0,0,0,766.15,722.75,0,0,0,0,19-DEC-2017,
OPTIDX,NIFTY,25-Jan-2018,11300,PE,0,0,0,850,770.3,0,0,1275,0,19-DEC-2017,
OPTIDX,NIFTY,25-Jan-2018,11350,PE,0,0,0,854.75,818.3,0,0,0,0,19-DEC-2017,
OPTIDX,NIFTY,25-Jan-2018,11400,PE,0,0,0,899.95,866.65,0,0,0,0,19-DEC-2017,
OPTIDX,NIFTY,25-Jan-2018,11450,PE,0,0,0,945.7,915.3,0,0,0,0,19-DEC-2017,
OPTIDX,NIFTY,25-Jan-2018,11500,PE,1025,1031.55,980.7,985.35,985.35,919,8623.41,169800,49725,19-DEC-2017,
OPTIDX,NIFTY,25-Jan-2018,11550,PE,0,0,0,1038.6,1013.3,0,0,0,0,19-DEC-2017,
OPTIDX,NIFTY,25-Jan-2018,11600,PE,0,0,0,1085.6,1062.5,0,0,0,0,19-DEC-2017,
OPTIDX,NIFTY,25-Jan-2018,11650,PE,0,0,0,1132.95,1111.85,0,0,0,0,19-DEC-2017,
OPTIDX,NIFTY,25-Jan-2018,11700,PE,0,0,0,1180.55,1161.3,0,0,0,0,19-DEC-2017,
OPTIDX,NIFTY,25-Jan-2018,11750,PE,0,0,0,1228.45,1210.8,0,0,0,0,19-DEC-2017,
OPTIDX,NIFTY,25-Jan-2018,11800,PE,0,0,0,1276.5,1260.35,0,0,0,0,19-DEC-2017,
OPTIDX,NIFTY,25-Jan-2018,11850,PE,0,0,0,1324.75,1309.9,0,0,0,0,19-DEC-2017,
OPTIDX,NIFTY,25-Jan-2018,11900,PE,0,0,0,1410,1359.55,0,0,375,0,19-DEC-2017,
OPTIDX,NIFTY,25-Jan-2018,11950,PE,0,0,0,1336.9,1409.15,0,0,0,0,19-DEC-2017,
OPTIDX,NIFTY,22-Feb-2018,8550,CE,0,0,0,1610.15,2010.7,0,0,0,0,19-DEC-2017,
OPTIDX,NIFTY,22-Feb-2018,8600,CE,1826.6,1832.7,1826.6,1832.4,1832.4,4,31.29,675,300,19-DEC-2017,
OPTIDX,NIFTY,22-Feb-2018,8650,CE,0,0,0,1593.55,1911.85,0,0,0,0,19-DEC-2017,
OPTIDX,NIFTY,22-Feb-2018,8700,CE,0,0,0,1544.35,1862.45,0,0,0,0,19-DEC-2017,
OPTIDX,NIFTY,22-Feb-2018,8750,CE,0,0,0,1604.2,1813,0,0,0,0,19-DEC-2017,
OPTIDX,NIFTY,22-Feb-2018,8800,CE,0,0,0,1554.95,1763.6,0,0,0,0,19-DEC-2017,
OPTIDX,NIFTY,22-Feb-2018,8850,CE,0,0,0,1505.75,1714.2,0,0,0,0,19-DEC-2017,
OPTIDX,NIFTY,22-Feb-2018,8900,CE,0,0,0,1456.55,1664.8,0,0,0,0,19-DEC-2017,
OPTIDX,NIFTY,22-Feb-2018,8950,CE,0,0,0,1407.4,1615.4,0,0,0,0,19-DEC-2017,
OPTIDX,NIFTY,22-Feb-2018,9000,CE,0,0,0,1460,1566,0,0,75,0,19-DEC-2017,
OPTIDX,NIFTY,22-Feb-2018,9050,CE,0,0,0,1309.25,1516.65,0,0,0,0,19-DEC-2017,
OPTIDX,NIFTY,22-Feb-2018,9100,CE,0,0,0,1260.25,1467.35,0,0,0,0,19-DEC-2017,
OPTIDX,NIFTY,22-Feb-2018,9150,CE,0,0,0,1211.4,1418.05,0,0,0,0,19-DEC-2017,
OPTIDX,NIFTY,22-Feb-2018,9200,CE,0,0,0,1162.65,1368.8,0,0,0,0,19-DEC-2017,
OPTIDX,NIFTY,22-Feb-2018,9250,CE,0,0,0,1114.05,1319.65,0,0,0,0,19-DEC-2017,
OPTIDX,NIFTY,22-Feb-2018,9300,CE,0,0,0,1065.7,1270.55,0,0,0,0,19-DEC-2017,
OPTIDX,NIFTY,22-Feb-2018,9350,CE,0,0,0,1017.55,1221.6,0,0,0,0,19-DEC-2017,
OPTIDX,NIFTY,22-Feb-2018,9400,CE,0,0,0,969.75,1172.8,0,0,0,0,19-DEC-2017,
OPTIDX,NIFTY,22-Feb-2018,9450,CE,0,0,0,922.25,1124.15,0,0,0,0,19-DEC-2017,
OPTIDX,NIFTY,22-Feb-2018,9500,CE,0,0,0,815,1075.7,0,0,75,0,19-DEC-2017,
OPTIDX,NIFTY,22-Feb-2018,9550,CE,0,0,0,828.7,1027.55,0,0,0,0,19-DEC-2017,
OPTIDX,NIFTY,22-Feb-2018,9600,CE,0,0,0,660,979.7,0,0,225,0,19-DEC-2017,
OPTIDX,NIFTY,22-Feb-2018,9650,CE,0,0,0,737.5,932.2,0,0,0,0,19-DEC-2017,
OPTIDX,NIFTY,22-Feb-2018,9700,CE,0,0,0,693,885.2,0,0,0,0,19-DEC-2017,
OPTIDX,NIFTY,22-Feb-2018,9750,CE,0,0,0,649.4,838.7,0,0,0,0,19-DEC-2017,
OPTIDX,NIFTY,22-Feb-2018,9800,CE,0,0,0,730,792.8,0,0,150,0,19-DEC-2017,
OPTIDX,NIFTY,22-Feb-2018,9850,CE,0,0,0,565.2,747.6,0,0,0,0,19-DEC-2017,
OPTIDX,NIFTY,22-Feb-2018,9900,CE,635,635,635,635,635,1,7.9,525,-75,19-DEC-2017,
OPTIDX,NIFTY,22-Feb-2018,9950,CE,0,0,0,485.75,659.6,0,0,0,0,19-DEC-2017,
OPTIDX,NIFTY,22-Feb-2018,10000,CE,536.45,548.95,536.45,548.95,548.95,2,15.81,4950,75,19-DEC-2017,
OPTIDX,NIFTY,22-Feb-2018,10050,CE,0,0,0,411.75,575.55,0,0,0,0,19-DEC-2017,
OPTIDX,NIFTY,22-Feb-2018,10100,CE,475,475,475,475,475,1,7.93,4125,75,19-DEC-2017,
OPTIDX,NIFTY,22-Feb-2018,10150,CE,0,0,0,344.1,496.2,0,0,0,0,19-DEC-2017,
OPTIDX,NIFTY,22-Feb-2018,10200,CE,390,415,388.1,415,415,44,349.93,46125,300,19-DEC-2017,
OPTIDX,NIFTY,22-Feb-2018,10250,CE,0,0,0,283.2,422.15,0,0,0,0,19-DEC-2017,
OPTIDX,NIFTY,22-Feb-2018,10300,CE,337.95,350,322,346,346,39,311.01,97800,-1575,19-DEC-2017,
OPTIDX,NIFTY,22-Feb-2018,10350,CE,0,0,0,229.4,354.4,0,0,0,0,19-DEC-2017,
OPTIDX,NIFTY,22-Feb-2018,10400,CE,271.9,285.1,255.7,282.55,282.55,213,1704.44,40125,5475,19-DEC-2017,
OPTIDX,NIFTY,22-Feb-2018,10450,CE,0,0,0,182.7,293.2,0,0,0,0,19-DEC-2017,
OPTIDX,NIFTY,22-Feb-2018,10500,CE,212,225,200,222.05,222.05,1398,11233.44,178575,51675,19-DEC-2017,
OPTIDX,NIFTY,22-Feb-2018,10550,CE,0,0,0,143.05,238.95,0,0,0,0,19-DEC-2017,
OPTIDX,NIFTY,22-Feb-2018,10600,CE,158.5,170.5,151.3,168.95,168.95,255,2057.4,70350,9750,19-DEC-2017,
OPTIDX,NIFTY,22-Feb-2018,10650,CE,0,0,0,110.05,191.65,0,0,0,0,19-DEC-2017,
OPTIDX,NIFTY,22-Feb-2018,10700,CE,118.45,126.5,111.1,125.3,125.3,363,2945.56,60375,7050,19-DEC-2017,
OPTIDX,NIFTY,22-Feb-2018,10750,CE,0,0,0,83.65,151.25,0,0,0,0,19-DEC-2017,
OPTIDX,NIFTY,22-Feb-2018,10800,CE,89.9,91.5,81.3,89.8,89.8,280,2286.2,117825,1950,19-DEC-2017,
OPTIDX,NIFTY,22-Feb-2018,10850,CE,0,0,0,61.8,117.4,0,0,0,0,19-DEC-2017,
OPTIDX,NIFTY,22-Feb-2018,10900,CE,62,64.1,58,62.85,62.85,79,649.42,14850,2400,19-DEC-2017,
OPTIDX,NIFTY,22-Feb-2018,10950,CE,0,0,0,45.05,90.05,0,0,0,0,19-DEC-2017,
OPTIDX,NIFTY,22-Feb-2018,11000,CE,41.5,44,39.1,43.55,43.55,371,3072.28,89175,1425,19-DEC-2017,
OPTIDX,NIFTY,22-Feb-2018,11050,CE,0,0,0,32.25,67.3,0,0,0,0,19-DEC-2017,
OPTIDX,NIFTY,22-Feb-2018,11100,CE,26.95,27.45,24.5,27,27,93,775.98,11925,4800,19-DEC-2017,
OPTIDX,NIFTY,22-Feb-2018,11150,CE,0,0,0,19.75,49.65,0,0,0,0,19-DEC-2017,
OPTIDX,NIFTY,22-Feb-2018,11200,CE,19,19,14.9,15.1,15.1,22,185.06,5775,1275,19-DEC-2017,
OPTIDX,NIFTY,22-Feb-2018,11250,CE,0,0,0,19.5,36,0,0,0,0,19-DEC-2017,
OPTIDX,NIFTY,22-Feb-2018,11300,CE,7.55,7.55,7.55,7.55,7.55,1,8.48,75,0,19-DEC-2017,
OPTIDX,NIFTY,22-Feb-2018,11350,CE,0,0,0,19.95,25.6,0,0,0,0,19-DEC-2017,
OPTIDX,NIFTY,22-Feb-2018,11400,CE,0,0,0,8.6,21.5,0,0,0,0,19-DEC-2017,
OPTIDX,NIFTY,22-Feb-2018,11450,CE,0,0,0,19.75,17.9,0,0,0,0,19-DEC-2017,
OPTIDX,NIFTY,22-Feb-2018,11500,CE,15.9,15.9,8.35,8.9,8.9,74,638.79,7875,3900,19-DEC-2017,
OPTIDX,NIFTY,22-Feb-2018,11550,CE,0,0,0,19.9,12.3,0,0,0,0,19-DEC-2017,
OPTIDX,NIFTY,22-Feb-2018,11600,CE,0,0,0,3.65,10.15,0,0,0,0,19-DEC-2017,
OPTIDX,NIFTY,22-Feb-2018,11650,CE,0,0,0,2.95,8.3,0,0,0,0,19-DEC-2017,
OPTIDX,NIFTY,22-Feb-2018,11700,CE,0,0,0,2.35,6.8,0,0,0,0,19-DEC-2017,
OPTIDX,NIFTY,22-Feb-2018,11750,CE,0,0,0,1.85,5.5,0,0,0,0,19-DEC-2017,
OPTIDX,NIFTY,22-Feb-2018,11800,CE,0,0,0,3.55,4.45,0,0,0,0,19-DEC-2017,
OPTIDX,NIFTY,22-Feb-2018,11850,CE,0,0,0,2.15,3.6,0,0,0,0,19-DEC-2017,
OPTIDX,NIFTY,22-Feb-2018,11900,CE,0,0,0,2,2.9,0,0,0,0,19-DEC-2017,
OPTIDX,NIFTY,22-Feb-2018,8550,PE,0,0,0,0.05,0,0,0,0,0,19-DEC-2017,
OPTIDX,NIFTY,22-Feb-2018,8600,PE,0.55,0.55,0.55,0.55,0.55,1,6.45,75,75,19-DEC-2017,
OPTIDX,NIFTY,22-Feb-2018,8650,PE,0,0,0,0.15,0.05,0,0,0,0,19-DEC-2017,
OPTIDX,NIFTY,22-Feb-2018,8700,PE,0,0,0,0.2,0.05,0,0,0,0,19-DEC-2017,
OPTIDX,NIFTY,22-Feb-2018,8750,PE,0,0,0,0.1,0.05,0,0,0,0,19-DEC-2017,
OPTIDX,NIFTY,22-Feb-2018,8800,PE,0,0,0,0.15,0.05,0,0,0,0,19-DEC-2017,
OPTIDX,NIFTY,22-Feb-2018,8850,PE,0,0,0,0.2,0.05,0,0,0,0,19-DEC-2017,
OPTIDX,NIFTY,22-Feb-2018,8900,PE,0,0,0,0.3,0.1,0,0,0,0,19-DEC-2017,
OPTIDX,NIFTY,22-Feb-2018,8950,PE,0,0,0,0.4,0.15,0,0,0,0,19-DEC-2017,
OPTIDX,NIFTY,22-Feb-2018,9000,PE,1.55,4.5,1.55,4.5,4.5,11,74.27,450,375,19-DEC-2017,
OPTIDX,NIFTY,22-Feb-2018,9050,PE,0,0,0,0.8,0.25,0,0,0,0,19-DEC-2017,
OPTIDX,NIFTY,22-Feb-2018,9100,PE,0,0,0,1.1,0.35,0,0,0,0,19-DEC-2017,
OPTIDX,NIFTY,22-Feb-2018,9150,PE,0,0,0,1.5,0.5,0,0,0,0,19-DEC-2017,
OPTIDX,NIFTY,22-Feb-2018,9200,PE,0,0,0,2,0.7,0,0,0,0,19-DEC-2017,
OPTIDX,NIFTY,22-Feb-2018,9250,PE,0,0,0,2.7,0.95,0,0,0,0,19-DEC-2017,
OPTIDX,NIFTY,22-Feb-2018,9300,PE,0,0,0,3.6,1.3,0,0,0,0,19-DEC-2017,
OPTIDX,NIFTY,22-Feb-2018,9350,PE,0,0,0,4.75,1.8,0,0,0,0,19-DEC-2017,
OPTIDX,NIFTY,22-Feb-2018,9400,PE,15.8,15.8,12.15,14.4,14.4,16,112.96,8325,-975,19-DEC-2017,
OPTIDX,NIFTY,22-Feb-2018,9450,PE,0,0,0,7.95,3.15,0,0,0,0,19-DEC-2017,
OPTIDX,NIFTY,22-Feb-2018,9500,PE,21.75,21.95,16,16.9,16.9,252,1799.04,38400,10425,19-DEC-2017,
OPTIDX,NIFTY,22-Feb-2018,9550,PE,0,0,0,12.95,5.45,0,0,0,0,19-DEC-2017,
OPTIDX,NIFTY,22-Feb-2018,9600,PE,27.05,29.5,22.9,22.95,22.95,179,1292.32,38775,225,19-DEC-2017,
OPTIDX,NIFTY,22-Feb-2018,9650,PE,0,0,0,20.3,8.95,0,0,0,0,19-DEC-2017,
OPTIDX,NIFTY,22-Feb-2018,9700,PE,35.05,36,28.25,29.9,29.9,227,1657.15,24825,-4500,19-DEC-2017,
OPTIDX,NIFTY,22-Feb-2018,9750,PE,0,0,0,30.7,14.3,0,0,0,0,19-DEC-2017,
OPTIDX,NIFTY,22-Feb-2018,9800,PE,49.5,49.75,38,38.95,38.95,231,1705,70575,5850,19-DEC-2017,
OPTIDX,NIFTY,22-Feb-2018,9850,PE,0,0,0,45.1,22.05,0,0,0,0,19-DEC-2017,
OPTIDX,NIFTY,22-Feb-2018,9900,PE,56.2,58.55,47.8,49,49,170,1268.92,36525,2100,19-DEC-2017,
OPTIDX,NIFTY,22-Feb-2018,9950,PE,0,0,0,64.2,32.95,0,0,0,0,19-DEC-2017,
OPTIDX,NIFTY,22-Feb-2018,10000,PE,70.6,71.75,58.75,60.1,60.1,1599,12070.88,433950,47250,19-DEC-2017,
OPTIDX,NIFTY,22-Feb-2018,10050,PE,0,0,0,88.7,47.75,0,0,0,0,19-DEC-2017,
OPTIDX,NIFTY,22-Feb-2018,10100,PE,91.4,91.4,73,75.7,75.7,1237,9445.93,164475,66525,19-DEC-2017,
OPTIDX,NIFTY,22-Feb-2018,10150,PE,0,0,0,119.6,67.25,0,0,0,0,19-DEC-2017,
OPTIDX,NIFTY,22-Feb-2018,10200,PE,109.85,111,95.3,97.85,97.85,638,4929.15,148875,22275,19-DEC-2017,
OPTIDX,NIFTY,22-Feb-2018,10250,PE,0,0,0,157.25,92.1,0,0,0,0,19-DEC-2017,
OPTIDX,NIFTY,22-Feb-2018,10300,PE,141,155.3,118,122.25,122.25,763,5967.27,80775,18450,19-DEC-2017,
OPTIDX,NIFTY,22-Feb-2018,10350,PE,0,0,0,202,123.15,0,0,0,0,19-DEC-2017,
OPTIDX,NIFTY,22-Feb-2018,10400,PE,181,181,150.75,153.7,153.7,704,5575.03,65325,29100,19-DEC-2017,
OPTIDX,NIFTY,22-Feb-2018,10450,PE,0,0,0,253.85,160.85,0,0,0,0,19-DEC-2017,
OPTIDX,NIFTY,22-Feb-2018,10500,PE,215,217,183.1,186.4,186.4,906,7269.31,122775,59100,19-DEC-2017,
OPTIDX,NIFTY,22-Feb-2018,10550,PE,0,0,0,312.75,205.45,0,0,0,0,19-DEC-2017,
OPTIDX,NIFTY,22-Feb-2018,10600,PE,235,235,228,228,228,2,16.24,675,150,19-DEC-2017,
OPTIDX,NIFTY,22-Feb-2018,10650,PE,0,0,0,378.3,257,0,0,0,0,19-DEC-2017,
OPTIDX,NIFTY,22-Feb-2018,10700,PE,325.9,325.9,310,310,310,2,16.52,300,75,19-DEC-2017,
OPTIDX,NIFTY,22-Feb-2018,10750,PE,0,0,0,450.4,315.45,0,0,0,0,19-DEC-2017,
OPTIDX,NIFTY,22-Feb-2018,10800,PE,0,0,0,487.95,347.2,0,0,0,0,19-DEC-2017,
OPTIDX,NIFTY,22-Feb-2018,10850,PE,0,0,0,527.1,380.5,0,0,0,0,19-DEC-2017,
OPTIDX,NIFTY,22-Feb-2018,10900,PE,0,0,0,567.45,415.3,0,0,0,0,19-DEC-2017,
OPTIDX,NIFTY,22-Feb-2018,10950,PE,0,0,0,608.9,452,0,0,0,0,19-DEC-2017,
OPTIDX,NIFTY,22-Feb-2018,11000,PE,504.05,511,495,496.9,496.9,14,120.75,7200,600,19-DEC-2017,
OPTIDX,NIFTY,22-Feb-2018,11050,PE,0,0,0,694.65,528.1,0,0,0,0,19-DEC-2017,
OPTIDX,NIFTY,22-Feb-2018,11100,PE,0,0,0,738.75,568.15,0,0,0,0,19-DEC-2017,
OPTIDX,NIFTY,22-Feb-2018,11150,PE,0,0,0,783.55,609.3,0,0,0,0,19-DEC-2017,
OPTIDX,NIFTY,22-Feb-2018,11200,PE,0,0,0,829.05,651.45,0,0,0,0,19-DEC-2017,
OPTIDX,NIFTY,22-Feb-2018,11250,PE,0,0,0,875.1,694.5,0,0,0,0,19-DEC-2017,
OPTIDX,NIFTY,22-Feb-2018,11300,PE,0,0,0,921.6,738.4,0,0,0,0,19-DEC-2017,
OPTIDX,NIFTY,22-Feb-2018,11350,PE,0,0,0,968.55,783,0,0,0,0,19-DEC-2017,
OPTIDX,NIFTY,22-Feb-2018,11400,PE,0,0,0,1015.9,828.3,0,0,0,0,19-DEC-2017,
OPTIDX,NIFTY,22-Feb-2018,11450,PE,0,0,0,1063.55,874.15,0,0,0,0,19-DEC-2017,
OPTIDX,NIFTY,22-Feb-2018,11500,PE,0,0,0,1111.5,920.55,0,0,0,0,19-DEC-2017,
OPTIDX,NIFTY,22-Feb-2018,11550,PE,0,0,0,1159.7,967.4,0,0,0,0,19-DEC-2017,
OPTIDX,NIFTY,22-Feb-2018,11600,PE,0,0,0,1208.05,1014.65,0,0,0,0,19-DEC-2017,
OPTIDX,NIFTY,22-Feb-2018,11650,PE,0,0,0,1256.6,1062.25,0,0,0,0,19-DEC-2017,
OPTIDX,NIFTY,22-Feb-2018,11700,PE,0,0,0,1305.25,1110.2,0,0,0,0,19-DEC-2017,
OPTIDX,NIFTY,22-Feb-2018,11750,PE,0,0,0,1354.05,1158.35,0,0,0,0,19-DEC-2017,
OPTIDX,NIFTY,22-Feb-2018,11800,PE,0,0,0,1331.5,1206.7,0,0,0,0,19-DEC-2017,
OPTIDX,NIFTY,22-Feb-2018,11850,PE,0,0,0,1380.3,1255.3,0,0,0,0,19-DEC-2017,
OPTIDX,NIFTY,22-Feb-2018,11900,PE,0,0,0,1375.05,1304,0,0,0,0,19-DEC-2017,
OPTIDX,NIFTY,29-Mar-2018,6700,CE,3725,3760,3725,3760,3760,50,391.1,3750,3750,19-DEC-2017,
OPTIDX,NIFTY,29-Mar-2018,6800,CE,0,0,0,2811.5,3782.15,0,0,0,0,19-DEC-2017,
OPTIDX,NIFTY,29-Mar-2018,6900,CE,0,0,0,2718.05,3683.9,0,0,0,0,19-DEC-2017,
OPTIDX,NIFTY,29-Mar-2018,7000,CE,3425,3465,3423,3460.7,3460.7,91,712.31,36300,6825,19-DEC-2017,
OPTIDX,NIFTY,29-Mar-2018,7100,CE,0,0,0,2531.25,3487.4,0,0,0,0,19-DEC-2017,
OPTIDX,NIFTY,29-Mar-2018,7200,CE,0,0,0,2437.95,3389.15,0,0,0,0,19-DEC-2017,
OPTIDX,NIFTY,29-Mar-2018,7300,CE,0,0,0,2344.8,3290.9,0,0,0,0,19-DEC-2017,
OPTIDX,NIFTY,29-Mar-2018,7400,CE,0,0,0,2251.85,3192.65,0,0,0,0,19-DEC-2017,
OPTIDX,NIFTY,29-Mar-2018,7500,CE,0,0,0,2159.1,3094.4,0,0,0,0,19-DEC-2017,
OPTIDX,NIFTY,29-Mar-2018,7600,CE,0,0,0,2066.65,2996.15,0,0,0,0,19-DEC-2017,
OPTIDX,NIFTY,29-Mar-2018,7700,CE,0,0,0,1974.65,2897.9,0,0,0,0,19-DEC-2017,
OPTIDX,NIFTY,29-Mar-2018,7800,CE,0,0,0,1883.1,2799.65,0,0,0,0,19-DEC-2017,
OPTIDX,NIFTY,29-Mar-2018,7900,CE,0,0,0,1792.15,2701.4,0,0,0,0,19-DEC-2017,
OPTIDX,NIFTY,29-Mar-2018,8000,CE,2460,2467,2437,2467,2467,36,282.28,15750,2325,19-DEC-2017,
OPTIDX,NIFTY,29-Mar-2018,8100,CE,0,0,0,1612.7,2504.9,0,0,0,0,19-DEC-2017,
OPTIDX,NIFTY,29-Mar-2018,8200,CE,0,0,0,1524.5,2406.65,0,0,0,0,19-DEC-2017,
OPTIDX,NIFTY,29-Mar-2018,8300,CE,0,0,0,1437.55,2308.4,0,0,0,0,19-DEC-2017,
OPTIDX,NIFTY,29-Mar-2018,8400,CE,0,0,0,1352.1,2210.15,0,0,0,0,19-DEC-2017,
OPTIDX,NIFTY,29-Mar-2018,8500,CE,1950,1995,1865,1995,1995,12,94.09,530700,900,19-DEC-2017,
OPTIDX,NIFTY,29-Mar-2018,8600,CE,0,0,0,1778,2013.75,0,0,555450,0,19-DEC-2017,
OPTIDX,NIFTY,29-Mar-2018,8700,CE,0,0,0,1643,1915.55,0,0,587025,0,19-DEC-2017,
OPTIDX,NIFTY,29-Mar-2018,8800,CE,0,0,0,1028.9,1817.5,0,0,0,0,19-DEC-2017,
OPTIDX,NIFTY,29-Mar-2018,8900,CE,0,0,0,953.8,1719.5,0,0,0,0,19-DEC-2017,
OPTIDX,NIFTY,29-Mar-2018,9000,CE,1490,1512,1483,1512,1512,19,149.43,6375,1350,19-DEC-2017,
OPTIDX,NIFTY,29-Mar-2018,9100,CE,0,0,0,812.15,1524.2,0,0,0,0,19-DEC-2017,
OPTIDX,NIFTY,29-Mar-2018,9200,CE,0,0,0,745.2,1427.15,0,0,0,0,19-DEC-2017,
OPTIDX,NIFTY,29-Mar-2018,9300,CE,0,0,0,681.85,1330.65,0,0,0,0,19-DEC-2017,
OPTIDX,NIFTY,29-Mar-2018,9400,CE,0,0,0,621.8,1235,0,0,0,0,19-DEC-2017,
OPTIDX,NIFTY,29-Mar-2018,9500,CE,0,0,0,565.1,1140.5,0,0,0,0,19-DEC-2017,
OPTIDX,NIFTY,29-Mar-2018,9600,CE,0,0,0,511.75,1047.45,0,0,0,0,19-DEC-2017,
OPTIDX,NIFTY,29-Mar-2018,9700,CE,0,0,0,800,956.35,0,0,4350,0,19-DEC-2017,
OPTIDX,NIFTY,29-Mar-2018,9800,CE,0,0,0,700,867.6,0,0,2100,0,19-DEC-2017,
OPTIDX,NIFTY,29-Mar-2018,9900,CE,0,0,0,495,781.7,0,0,1050,0,19-DEC-2017,
OPTIDX,NIFTY,29-Mar-2018,10000,CE,599.8,635,598,624.7,624.7,30,238.64,71925,750,19-DEC-2017,
OPTIDX,NIFTY,29-Mar-2018,10100,CE,0,0,0,295.6,620.45,0,0,0,0,19-DEC-2017,
OPTIDX,NIFTY,29-Mar-2018,10200,CE,0,0,0,390,546.5,0,0,15900,0,19-DEC-2017,
OPTIDX,NIFTY,29-Mar-2018,10300,CE,412.05,415,412.05,415,415,3,24.1,30675,0,19-DEC-2017,
OPTIDX,NIFTY,29-Mar-2018,10400,CE,0,0,0,309.15,412.2,0,0,5775,0,19-DEC-2017,
OPTIDX,NIFTY,29-Mar-2018,10500,CE,268.95,278.15,255.1,275.9,275.9,364,2939.3,160125,7950,19-DEC-2017,
OPTIDX,NIFTY,29-Mar-2018,10600,CE,0,0,0,156.8,299.85,0,0,0,0,19-DEC-2017,
OPTIDX,NIFTY,29-Mar-2018,10700,CE,0,0,0,167,252,0,0,36150,0,19-DEC-2017,
OPTIDX,NIFTY,29-Mar-2018,10800,CE,0,0,0,149.45,209.7,0,0,0,0,19-DEC-2017,
OPTIDX,NIFTY,29-Mar-2018,10900,CE,0,0,0,102.5,172.75,0,0,0,0,19-DEC-2017,
OPTIDX,NIFTY,29-Mar-2018,11000,CE,88,88,80.1,86.6,86.6,269,2236.33,290325,9225,19-DEC-2017,
OPTIDX,NIFTY,29-Mar-2018,11100,CE,0,0,0,75,113.6,0,0,150,0,19-DEC-2017,
OPTIDX,NIFTY,29-Mar-2018,11200,CE,0,0,0,65.15,90.85,0,0,0,0,19-DEC-2017,
OPTIDX,NIFTY,29-Mar-2018,11300,CE,0,0,0,55.65,71.8,0,0,0,0,19-DEC-2017,
OPTIDX,NIFTY,29-Mar-2018,11400,CE,0,0,0,43.25,56.15,0,0,75,0,19-DEC-2017,
OPTIDX,NIFTY,29-Mar-2018,11500,CE,26,26,22,23.8,23.8,12,103.72,20475,150,19-DEC-2017,
OPTIDX,NIFTY,29-Mar-2018,11600,CE,0,0,0,34,33.25,0,0,0,0,19-DEC-2017,
OPTIDX,NIFTY,29-Mar-2018,11700,CE,0,0,0,35.1,25.2,0,0,150,0,19-DEC-2017,
OPTIDX,NIFTY,29-Mar-2018,11800,CE,0,0,0,21.7,18.9,0,0,0,0,19-DEC-2017,
OPTIDX,NIFTY,29-Mar-2018,11900,CE,0,0,0,22.65,14,0,0,150,0,19-DEC-2017,
OPTIDX,NIFTY,29-Mar-2018,12000,CE,0,0,0,10.2,10.3,0,0,35400,0,19-DEC-2017,
OPTIDX,NIFTY,29-Mar-2018,12100,CE,0,0,0,16.35,7.5,0,0,0,0,19-DEC-2017,
OPTIDX,NIFTY,29-Mar-2018,12200,CE,0,0,0,4.85,5.4,0,0,0,0,19-DEC-2017,
OPTIDX,NIFTY,29-Mar-2018,12300,CE,0,0,0,5.25,3.85,0,0,0,0,19-DEC-2017,
OPTIDX,NIFTY,29-Mar-2018,12400,CE,0,0,0,4.65,2.7,0,0,0,0,19-DEC-2017,
OPTIDX,NIFTY,29-Mar-2018,12500,CE,0,0,0,2.85,1.9,0,0,0,0,19-DEC-2017,
OPTIDX,NIFTY,29-Mar-2018,12600,CE,0,0,0,3.35,1.3,0,0,0,0,19-DEC-2017,
OPTIDX,NIFTY,29-Mar-2018,12700,CE,0,0,0,2.4,0.9,0,0,0,0,19-DEC-2017,
OPTIDX,NIFTY,29-Mar-2018,12800,CE,0,0,0,1.2,0.6,0,0,0,0,19-DEC-2017,
OPTIDX,NIFTY,29-Mar-2018,12900,CE,0,0,0,0.85,0.45,0,0,0,0,19-DEC-2017,
OPTIDX,NIFTY,29-Mar-2018,6700,PE,0,0,0,0.05,0,0,0,0,0,19-DEC-2017,
OPTIDX,NIFTY,29-Mar-2018,6800,PE,0,0,0,0.15,0,0,0,0,0,19-DEC-2017,
OPTIDX,NIFTY,29-Mar-2018,6900,PE,0,0,0,0.25,0,0,0,0,0,19-DEC-2017,
OPTIDX,NIFTY,29-Mar-2018,7000,PE,1.6,1.85,1.3,1.35,1.35,89,467.34,18525,5925,19-DEC-2017,
OPTIDX,NIFTY,29-Mar-2018,7100,PE,0,0,0,0.55,0,0,0,0,0,19-DEC-2017,
OPTIDX,NIFTY,29-Mar-2018,7200,PE,0,0,0,0.85,0,0,0,0,0,19-DEC-2017,
OPTIDX,NIFTY,29-Mar-2018,7300,PE,0,0,0,1.3,0,0,0,0,0,19-DEC-2017,
OPTIDX,NIFTY,29-Mar-2018,7400,PE,0,0,0,1.9,0,0,0,0,0,19-DEC-2017,
OPTIDX,NIFTY,29-Mar-2018,7500,PE,0,0,0,2.95,0,0,0,8775,0,19-DEC-2017,
OPTIDX,NIFTY,29-Mar-2018,7600,PE,0,0,0,3.85,0,0,0,0,0,19-DEC-2017,
OPTIDX,NIFTY,29-Mar-2018,7700,PE,0,0,0,5.35,0,0,0,0,0,19-DEC-2017,
OPTIDX,NIFTY,29-Mar-2018,7800,PE,0,0,0,7.4,0,0,0,0,0,19-DEC-2017,
OPTIDX,NIFTY,29-Mar-2018,7900,PE,0,0,0,10,0,0,0,0,0,19-DEC-2017,
OPTIDX,NIFTY,29-Mar-2018,8000,PE,4.5,5,2.5,2.5,2.5,20,120.04,9900,1125,19-DEC-2017,
OPTIDX,NIFTY,29-Mar-2018,8100,PE,0,0,0,17.7,0,0,0,0,0,19-DEC-2017,
OPTIDX,NIFTY,29-Mar-2018,8200,PE,0,0,0,23.05,0.05,0,0,0,0,19-DEC-2017,
OPTIDX,NIFTY,29-Mar-2018,8300,PE,0,0,0,29.7,0.05,0,0,0,0,19-DEC-2017,
OPTIDX,NIFTY,29-Mar-2018,8400,PE,0,0,0,37.75,0.05,0,0,0,0,19-DEC-2017,
OPTIDX,NIFTY,29-Mar-2018,8500,PE,3.1,4.9,3.1,4.9,4.9,4,25.51,825,225,19-DEC-2017,
OPTIDX,NIFTY,29-Mar-2018,8600,PE,0,0,0,59.15,0.1,0,0,0,0,19-DEC-2017,
OPTIDX,NIFTY,29-Mar-2018,8700,PE,0,0,0,72.85,0.2,0,0,0,0,19-DEC-2017,
OPTIDX,NIFTY,29-Mar-2018,8800,PE,0,0,0,88.8,0.35,0,0,0,0,19-DEC-2017,
OPTIDX,NIFTY,29-Mar-2018,8900,PE,0,0,0,107.3,0.65,0,0,0,0,19-DEC-2017,
OPTIDX,NIFTY,29-Mar-2018,9000,PE,22.45,22.45,18.8,18.95,18.95,44,297.65,98475,-1575,19-DEC-2017,
OPTIDX,NIFTY,29-Mar-2018,9100,PE,0,0,0,152.8,1.85,0,0,0,0,19-DEC-2017,
OPTIDX,NIFTY,29-Mar-2018,9200,PE,0,0,0,179.4,3.05,0,0,0,0,19-DEC-2017,
OPTIDX,NIFTY,29-Mar-2018,9300,PE,0,0,0,209.65,4.8,0,0,0,0,19-DEC-2017,
OPTIDX,NIFTY,29-Mar-2018,9400,PE,0,0,0,243.15,7.4,0,0,0,0,19-DEC-2017,
OPTIDX,NIFTY,29-Mar-2018,9500,PE,42.1,47.4,41.3,42.05,42.05,314,2247.47,213525,11775,19-DEC-2017,
OPTIDX,NIFTY,29-Mar-2018,9600,PE,0,0,0,78,16.4,0,0,750,0,19-DEC-2017,
OPTIDX,NIFTY,29-Mar-2018,9700,PE,0,0,0,101.1,23.5,0,0,143325,0,19-DEC-2017,
OPTIDX,NIFTY,29-Mar-2018,9800,PE,0,0,0,65.15,33,0,0,975,0,19-DEC-2017,
OPTIDX,NIFTY,29-Mar-2018,9900,PE,99.05,99.05,87.65,87.65,87.65,6,44.97,111525,0,19-DEC-2017,
OPTIDX,NIFTY,29-Mar-2018,10000,PE,102.5,106.9,92,93.15,93.15,337,2552.69,188475,4725,19-DEC-2017,
OPTIDX,NIFTY,29-Mar-2018,10100,PE,130.15,130.15,130.15,130.15,130.15,1,7.67,632700,0,19-DEC-2017,
OPTIDX,NIFTY,29-Mar-2018,10200,PE,145,145,133.25,134.75,134.75,5,38.76,4350,300,19-DEC-2017,
OPTIDX,NIFTY,29-Mar-2018,10300,PE,152.05,153,140,141.65,141.65,14,109.66,12525,675,19-DEC-2017,
OPTIDX,NIFTY,29-Mar-2018,10400,PE,183.05,195,183.05,195,195,3,23.82,1650,75,19-DEC-2017,
OPTIDX,NIFTY,29-Mar-2018,10500,PE,230,238.9,210,211.5,211.5,426,3427.48,158100,14400,19-DEC-2017,
OPTIDX,NIFTY,29-Mar-2018,10600,PE,0,0,0,900.9,251.25,0,0,0,0,19-DEC-2017,
OPTIDX,NIFTY,29-Mar-2018,10700,PE,0,0,0,974.05,301.65,0,0,0,0,19-DEC-2017,
OPTIDX,NIFTY,29-Mar-2018,10800,PE,0,0,0,1049.65,357.6,0,0,0,0,19-DEC-2017,
OPTIDX,NIFTY,29-Mar-2018,10900,PE,0,0,0,1127.3,418.9,0,0,0,0,19-DEC-2017,
OPTIDX,NIFTY,29-Mar-2018,11000,PE,511,511,510,510,510,2,17.26,600,150,19-DEC-2017,
OPTIDX,NIFTY,29-Mar-2018,11100,PE,0,0,0,1287.95,556.3,0,0,0,0,19-DEC-2017,
OPTIDX,NIFTY,29-Mar-2018,11200,PE,0,0,0,1370.65,631.75,0,0,0,0,19-DEC-2017,
OPTIDX,NIFTY,29-Mar-2018,11300,PE,0,0,0,1454.7,710.95,0,0,0,0,19-DEC-2017,
OPTIDX,NIFTY,29-Mar-2018,11400,PE,0,0,0,1540,793.55,0,0,0,0,19-DEC-2017,
OPTIDX,NIFTY,29-Mar-2018,11500,PE,0,0,0,1626.4,879.1,0,0,0,0,19-DEC-2017,
OPTIDX,NIFTY,29-Mar-2018,11600,PE,0,0,0,1713.75,967.2,0,0,0,0,19-DEC-2017,
OPTIDX,NIFTY,29-Mar-2018,11700,PE,0,0,0,1740,1057.4,0,0,0,0,19-DEC-2017,
OPTIDX,NIFTY,29-Mar-2018,11800,PE,0,0,0,1775.35,1149.3,0,0,0,0,19-DEC-2017,
OPTIDX,NIFTY,29-Mar-2018,11900,PE,0,0,0,1742.45,1242.7,0,0,0,0,19-DEC-2017,
OPTIDX,NIFTY,29-Mar-2018,12000,PE,1421,1421,1421,1421,1421,1,10.06,75,0,19-DEC-2017,
OPTIDX,NIFTY,29-Mar-2018,12100,PE,0,0,0,1829.95,1432.65,0,0,0,0,19-DEC-2017,
OPTIDX,NIFTY,29-Mar-2018,12200,PE,0,0,0,1874.3,1528.8,0,0,0,0,19-DEC-2017,
OPTIDX,NIFTY,29-Mar-2018,12300,PE,0,0,0,1856.65,1625.5,0,0,0,0,19-DEC-2017,
OPTIDX,NIFTY,29-Mar-2018,12400,PE,0,0,0,1910.6,1722.65,0,0,0,0,19-DEC-2017,
OPTIDX,NIFTY,29-Mar-2018,12500,PE,0,0,0,1907.75,1820.1,0,0,0,0,19-DEC-2017,
OPTIDX,NIFTY,29-Mar-2018,12600,PE,0,0,0,2039.55,1917.75,0,0,0,0,19-DEC-2017,
OPTIDX,NIFTY,29-Mar-2018,12700,PE,0,0,0,2070.2,2015.6,0,0,0,0,19-DEC-2017,
OPTIDX,NIFTY,29-Mar-2018,12800,PE,0,0,0,2106.8,2113.55,0,0,0,0,19-DEC-2017,
OPTIDX,NIFTY,29-Mar-2018,12900,PE,0,0,0,2128.2,2211.6,0,0,0,0,19-DEC-2017,
OPTIDX,NIFTY,28-Jun-2018,3500,CE,6800,6800,6800,6800,6800,1,7.72,20400,0,19-DEC-2017,
OPTIDX,NIFTY,28-Jun-2018,3600,CE,0,0,0,3653.75,6982.5,0,0,0,0,19-DEC-2017,
OPTIDX,NIFTY,28-Jun-2018,3700,CE,0,0,0,3592.35,6885.85,0,0,0,0,19-DEC-2017,
OPTIDX,NIFTY,28-Jun-2018,3800,CE,0,0,0,3531.4,6789.15,0,0,0,0,19-DEC-2017,
OPTIDX,NIFTY,28-Jun-2018,3900,CE,0,0,0,3179.05,6692.45,0,0,0,0,19-DEC-2017,
OPTIDX,NIFTY,28-Jun-2018,4000,CE,6300,6300,6300,6300,6300,1,7.72,2925,75,19-DEC-2017,
OPTIDX,NIFTY,28-Jun-2018,4100,CE,0,0,0,3060.65,6499.1,0,0,0,0,19-DEC-2017,
OPTIDX,NIFTY,28-Jun-2018,4200,CE,0,0,0,3002.3,6402.4,0,0,0,0,19-DEC-2017,
OPTIDX,NIFTY,28-Jun-2018,4300,CE,0,0,0,2944.5,6305.7,0,0,0,0,19-DEC-2017,
OPTIDX,NIFTY,28-Jun-2018,4400,CE,0,0,0,2887.35,6209.05,0,0,0,0,19-DEC-2017,
OPTIDX,NIFTY,28-Jun-2018,4500,CE,0,0,0,2830.8,6112.35,0,0,0,0,19-DEC-2017,
OPTIDX,NIFTY,28-Jun-2018,4600,CE,0,0,0,2774.9,6015.65,0,0,0,0,19-DEC-2017,
OPTIDX,NIFTY,28-Jun-2018,4700,CE,0,0,0,2719.65,5918.95,0,0,0,0,19-DEC-2017,
OPTIDX,NIFTY,28-Jun-2018,4800,CE,0,0,0,2665.1,5822.3,0,0,0,0,19-DEC-2017,
OPTIDX,NIFTY,28-Jun-2018,4900,CE,0,0,0,2611.25,5725.6,0,0,0,0,19-DEC-2017,
OPTIDX,NIFTY,28-Jun-2018,5000,CE,0,0,0,2558.05,5628.9,0,0,0,0,19-DEC-2017,
OPTIDX,NIFTY,28-Jun-2018,5100,CE,0,0,0,2505.6,5532.2,0,0,0,0,19-DEC-2017,
OPTIDX,NIFTY,28-Jun-2018,5200,CE,0,0,0,2453.9,5435.55,0,0,0,0,19-DEC-2017,
OPTIDX,NIFTY,28-Jun-2018,5300,CE,0,0,0,2402.9,5338.85,0,0,0,0,19-DEC-2017,
OPTIDX,NIFTY,28-Jun-2018,5400,CE,0,0,0,2352.65,5242.15,0,0,0,0,19-DEC-2017,
OPTIDX,NIFTY,28-Jun-2018,5500,CE,0,0,0,2303.15,5145.5,0,0,0,0,19-DEC-2017,
OPTIDX,NIFTY,28-Jun-2018,5600,CE,0,0,0,2254.55,5048.8,0,0,0,0,19-DEC-2017,
OPTIDX,NIFTY,28-Jun-2018,5700,CE,0,0,0,2206.55,4952.1,0,0,0,0,19-DEC-2017,
OPTIDX,NIFTY,28-Jun-2018,5800,CE,0,0,0,2159.3,4855.4,0,0,0,0,19-DEC-2017,
OPTIDX,NIFTY,28-Jun-2018,5900,CE,0,0,0,2112.85,4758.75,0,0,0,0,19-DEC-2017,
OPTIDX,NIFTY,28-Jun-2018,6000,CE,0,0,0,4090,4662.05,0,0,75,0,19-DEC-2017,
OPTIDX,NIFTY,28-Jun-2018,6100,CE,0,0,0,2022.2,4565.35,0,0,0,0,19-DEC-2017,
OPTIDX,NIFTY,28-Jun-2018,6200,CE,0,0,0,1978.05,4468.7,0,0,0,0,19-DEC-2017,
OPTIDX,NIFTY,28-Jun-2018,6300,CE,0,0,0,1934.65,4372,0,0,0,0,19-DEC-2017,
OPTIDX,NIFTY,28-Jun-2018,6400,CE,0,0,0,1892.05,4275.3,0,0,0,0,19-DEC-2017,
OPTIDX,NIFTY,28-Jun-2018,6500,CE,0,0,0,1850.2,4178.6,0,0,0,0,19-DEC-2017,
OPTIDX,NIFTY,28-Jun-2018,6600,CE,0,0,0,1809.1,4081.95,0,0,0,0,19-DEC-2017,
OPTIDX,NIFTY,28-Jun-2018,6700,CE,0,0,0,1768.75,3985.25,0,0,0,0,19-DEC-2017,
OPTIDX,NIFTY,28-Jun-2018,6800,CE,0,0,0,1729.2,3888.55,0,0,0,0,19-DEC-2017,
OPTIDX,NIFTY,28-Jun-2018,6900,CE,0,0,0,1690.35,3791.85,0,0,0,0,19-DEC-2017,
OPTIDX,NIFTY,28-Jun-2018,7000,CE,0,0,0,3280,3695.2,0,0,1725,0,19-DEC-2017,
OPTIDX,NIFTY,28-Jun-2018,7100,CE,0,0,0,1614.7,3598.5,0,0,0,0,19-DEC-2017,
OPTIDX,NIFTY,28-Jun-2018,7200,CE,0,0,0,1578.1,3501.8,0,0,0,0,19-DEC-2017,
OPTIDX,NIFTY,28-Jun-2018,7300,CE,0,0,0,1542.25,3405.15,0,0,0,0,19-DEC-2017,
OPTIDX,NIFTY,28-Jun-2018,7400,CE,0,0,0,1507.1,3308.45,0,0,0,0,19-DEC-2017,
OPTIDX,NIFTY,28-Jun-2018,7500,CE,0,0,0,2790,3211.75,0,0,300,0,19-DEC-2017,
OPTIDX,NIFTY,28-Jun-2018,7600,CE,0,0,0,1677.9,3115.1,0,0,0,0,19-DEC-2017,
OPTIDX,NIFTY,28-Jun-2018,7700,CE,0,0,0,1668.95,3018.4,0,0,0,0,19-DEC-2017,
OPTIDX,NIFTY,28-Jun-2018,7800,CE,0,0,0,2020.3,2921.75,0,0,5500,0,19-DEC-2017,
OPTIDX,NIFTY,28-Jun-2018,7900,CE,0,0,0,1598.15,2825.05,0,0,0,0,19-DEC-2017,
OPTIDX,NIFTY,28-Jun-2018,8000,CE,0,0,0,1800,2728.45,0,0,87000,0,19-DEC-2017,
OPTIDX,NIFTY,28-Jun-2018,8100,CE,0,0,0,2075.25,2631.8,0,0,50000,0,19-DEC-2017,
OPTIDX,NIFTY,28-Jun-2018,8200,CE,0,0,0,2078.1,2535.25,0,0,125000,0,19-DEC-2017,
OPTIDX,NIFTY,28-Jun-2018,8300,CE,0,0,0,1184,2438.7,0,0,413525,0,19-DEC-2017,
OPTIDX,NIFTY,28-Jun-2018,8400,CE,0,0,0,976.5,2342.25,0,0,392100,0,19-DEC-2017,
OPTIDX,NIFTY,28-Jun-2018,8500,CE,0,0,0,2000,2245.95,0,0,370525,0,19-DEC-2017,
OPTIDX,NIFTY,28-Jun-2018,8600,CE,0,0,0,1018.7,2149.8,0,0,263225,0,19-DEC-2017,
OPTIDX,NIFTY,28-Jun-2018,8700,CE,0,0,0,1354.5,2053.9,0,0,137050,0,19-DEC-2017,
OPTIDX,NIFTY,28-Jun-2018,8800,CE,0,0,0,916.4,1958.3,0,0,100325,0,19-DEC-2017,
OPTIDX,NIFTY,28-Jun-2018,8900,CE,0,0,0,1099,1863.15,0,0,268700,0,19-DEC-2017,
OPTIDX,NIFTY,28-Jun-2018,9000,CE,0,0,0,1340,1768.5,0,0,18075,0,19-DEC-2017,
OPTIDX,NIFTY,28-Jun-2018,9100,CE,0,0,0,1102.9,1674.5,0,0,0,0,19-DEC-2017,
OPTIDX,NIFTY,28-Jun-2018,9200,CE,0,0,0,994.9,1581.35,0,0,0,0,19-DEC-2017,
OPTIDX,NIFTY,28-Jun-2018,9300,CE,0,0,0,1228.95,1489.25,0,0,0,0,19-DEC-2017,
OPTIDX,NIFTY,28-Jun-2018,9400,CE,0,0,0,1415.9,1398.35,0,0,0,0,19-DEC-2017,
OPTIDX,NIFTY,28-Jun-2018,9500,CE,0,0,0,1461.4,1308.95,0,0,0,0,19-DEC-2017,
OPTIDX,NIFTY,28-Jun-2018,9600,CE,0,0,0,1417.65,1221.25,0,0,0,0,19-DEC-2017,
OPTIDX,NIFTY,28-Jun-2018,9700,CE,0,0,0,744.65,1135.5,0,0,75,0,19-DEC-2017,
OPTIDX,NIFTY,28-Jun-2018,9800,CE,0,0,0,1341.9,1052.05,0,0,0,0,19-DEC-2017,
OPTIDX,NIFTY,28-Jun-2018,9900,CE,0,0,0,1340.05,971.05,0,0,0,0,19-DEC-2017,
OPTIDX,NIFTY,28-Jun-2018,10000,CE,0,0,0,500,892.8,0,0,350,0,19-DEC-2017,
OPTIDX,NIFTY,28-Jun-2018,10100,CE,0,0,0,225,817.55,0,0,10125,0,19-DEC-2017,
OPTIDX,NIFTY,28-Jun-2018,10200,CE,0,0,0,1222.65,745.9,0,0,0,0,19-DEC-2017,
OPTIDX,NIFTY,28-Jun-2018,10300,CE,0,0,0,1305.75,676.9,0,0,0,0,19-DEC-2017,
OPTIDX,NIFTY,28-Jun-2018,10400,CE,0,0,0,1109,612.05,0,0,0,0,19-DEC-2017,
OPTIDX,NIFTY,28-Jun-2018,10500,CE,370.05,370.05,370.05,370.05,370.05,1,8.15,3825,-75,19-DEC-2017,
OPTIDX,NIFTY,28-Jun-2018,10600,CE,0,0,0,1150.25,493.65,0,0,0,0,19-DEC-2017,
OPTIDX,NIFTY,28-Jun-2018,10700,CE,0,0,0,1357.05,440.3,0,0,0,0,19-DEC-2017,
OPTIDX,NIFTY,28-Jun-2018,10800,CE,0,0,0,1185.55,390.85,0,0,0,0,19-DEC-2017,
OPTIDX,NIFTY,28-Jun-2018,10900,CE,0,0,0,1069.1,345.4,0,0,0,0,19-DEC-2017,
OPTIDX,NIFTY,28-Jun-2018,11000,CE,0,0,0,185,303.75,0,0,11100,0,19-DEC-2017,
OPTIDX,NIFTY,28-Jun-2018,11100,CE,0,0,0,1559.7,265.85,0,0,0,0,19-DEC-2017,
OPTIDX,NIFTY,28-Jun-2018,11200,CE,0,0,0,1490.1,231.55,0,0,0,0,19-DEC-2017,
OPTIDX,NIFTY,28-Jun-2018,11300,CE,0,0,0,1527.15,200.75,0,0,0,0,19-DEC-2017,
OPTIDX,NIFTY,28-Jun-2018,11400,CE,0,0,0,1437.65,173.15,0,0,0,0,19-DEC-2017,
OPTIDX,NIFTY,28-Jun-2018,11500,CE,0,0,0,171.05,149.2,0,0,750,0,19-DEC-2017,
OPTIDX,NIFTY,28-Jun-2018,11600,CE,0,0,0,93.7,127.2,0,0,0,0,19-DEC-2017,
OPTIDX,NIFTY,28-Jun-2018,11700,CE,0,0,0,63.65,108.2,0,0,0,0,19-DEC-2017,
OPTIDX,NIFTY,28-Jun-2018,11800,CE,0,0,0,50.85,91.65,0,0,0,0,19-DEC-2017,
OPTIDX,NIFTY,28-Jun-2018,11900,CE,0,0,0,38.95,77.2,0,0,0,0,19-DEC-2017,
OPTIDX,NIFTY,28-Jun-2018,12000,CE,0,0,0,78.2,64.75,0,0,0,0,19-DEC-2017,
OPTIDX,NIFTY,28-Jun-2018,12100,CE,0,0,0,43.55,54.05,0,0,0,0,19-DEC-2017,
OPTIDX,NIFTY,28-Jun-2018,12200,CE,0,0,0,19.1,44.9,0,0,0,0,19-DEC-2017,
OPTIDX,NIFTY,28-Jun-2018,12300,CE,0,0,0,20.55,37.15,0,0,0,0,19-DEC-2017,
OPTIDX,NIFTY,28-Jun-2018,12400,CE,0,0,0,19.15,30.6,0,0,0,0,19-DEC-2017,
OPTIDX,NIFTY,28-Jun-2018,12500,CE,0,0,0,13.95,25.05,0,0,0,0,19-DEC-2017,
OPTIDX,NIFTY,28-Jun-2018,12600,CE,0,0,0,18.5,20.45,0,0,0,0,19-DEC-2017,
OPTIDX,NIFTY,28-Jun-2018,12700,CE,0,0,0,18.1,16.6,0,0,0,0,19-DEC-2017,
OPTIDX,NIFTY,28-Jun-2018,12800,CE,0,0,0,11.95,13.45,0,0,0,0,19-DEC-2017,
OPTIDX,NIFTY,28-Jun-2018,12900,CE,0,0,0,10.15,10.85,0,0,0,0,19-DEC-2017,
OPTIDX,NIFTY,28-Jun-2018,3500,PE,0,0,0,15,0,0,0,7725,0,19-DEC-2017,
OPTIDX,NIFTY,28-Jun-2018,3600,PE,0,0,0,32.45,0,0,0,0,0,19-DEC-2017,
OPTIDX,NIFTY,28-Jun-2018,3700,PE,0,0,0,37.35,0,0,0,0,0,19-DEC-2017,
OPTIDX,NIFTY,28-Jun-2018,3800,PE,0,0,0,42.75,0,0,0,0,0,19-DEC-2017,
OPTIDX,NIFTY,28-Jun-2018,3900,PE,0,0,0,40.1,0,0,0,0,0,19-DEC-2017,
OPTIDX,NIFTY,28-Jun-2018,4000,PE,0,0,0,45.85,0,0,0,0,0,19-DEC-2017,
OPTIDX,NIFTY,28-Jun-2018,4100,PE,0,0,0,52.15,0,0,0,0,0,19-DEC-2017,
OPTIDX,NIFTY,28-Jun-2018,4200,PE,0,0,0,59,0,0,0,0,0,19-DEC-2017,
OPTIDX,NIFTY,28-Jun-2018,4300,PE,0,0,0,66.45,0,0,0,0,0,19-DEC-2017,
OPTIDX,NIFTY,28-Jun-2018,4400,PE,0,0,0,74.5,0,0,0,0,0,19-DEC-2017,
OPTIDX,NIFTY,28-Jun-2018,4500,PE,0,0,0,83.15,0,0,0,0,0,19-DEC-2017,
OPTIDX,NIFTY,28-Jun-2018,4600,PE,0,0,0,92.45,0,0,0,0,0,19-DEC-2017,
OPTIDX,NIFTY,28-Jun-2018,4700,PE,0,0,0,102.45,0,0,0,0,0,19-DEC-2017,
OPTIDX,NIFTY,28-Jun-2018,4800,PE,0,0,0,113.1,0,0,0,0,0,19-DEC-2017,
OPTIDX,NIFTY,28-Jun-2018,4900,PE,0,0,0,124.45,0,0,0,0,0,19-DEC-2017,
OPTIDX,NIFTY,28-Jun-2018,5000,PE,0,0,0,276,0,0,0,50,0,19-DEC-2017,
OPTIDX,NIFTY,28-Jun-2018,5100,PE,0,0,0,149.25,0,0,0,0,0,19-DEC-2017,
OPTIDX,NIFTY,28-Jun-2018,5200,PE,0,0,0,162.75,0,0,0,0,0,19-DEC-2017,
OPTIDX,NIFTY,28-Jun-2018,5300,PE,0,0,0,177,0,0,0,0,0,19-DEC-2017,
OPTIDX,NIFTY,28-Jun-2018,5400,PE,0,0,0,191.95,0,0,0,0,0,19-DEC-2017,
OPTIDX,NIFTY,28-Jun-2018,5500,PE,0,0,0,207.65,0,0,0,0,0,19-DEC-2017,
OPTIDX,NIFTY,28-Jun-2018,5600,PE,0,0,0,224.3,0,0,0,0,0,19-DEC-2017,
OPTIDX,NIFTY,28-Jun-2018,5700,PE,0,0,0,241.5,0,0,0,0,0,19-DEC-2017,
OPTIDX,NIFTY,28-Jun-2018,5800,PE,0,0,0,259.5,0,0,0,0,0,19-DEC-2017,
OPTIDX,NIFTY,28-Jun-2018,5900,PE,0,0,0,278.25,0,0,0,0,0,19-DEC-2017,
OPTIDX,NIFTY,28-Jun-2018,6000,PE,0,0,0,297.75,0,0,0,0,0,19-DEC-2017,
OPTIDX,NIFTY,28-Jun-2018,6100,PE,0,0,0,318.05,0,0,0,0,0,19-DEC-2017,
OPTIDX,NIFTY,28-Jun-2018,6200,PE,0,0,0,339.1,0,0,0,0,0,19-DEC-2017,
OPTIDX,NIFTY,28-Jun-2018,6300,PE,0,0,0,200,0,0,0,7725,0,19-DEC-2017,
OPTIDX,NIFTY,28-Jun-2018,6400,PE,0,0,0,383.5,0,0,0,0,0,19-DEC-2017,
OPTIDX,NIFTY,28-Jun-2018,6500,PE,0,0,0,406.85,0,0,0,0,0,19-DEC-2017,
OPTIDX,NIFTY,28-Jun-2018,6600,PE,0,0,0,431,0,0,0,0,0,19-DEC-2017,
OPTIDX,NIFTY,28-Jun-2018,6700,PE,0,0,0,67,0,0,0,300,0,19-DEC-2017,
OPTIDX,NIFTY,28-Jun-2018,6800,PE,0,0,0,481.5,0,0,0,0,0,19-DEC-2017,
OPTIDX,NIFTY,28-Jun-2018,6900,PE,0,0,0,507.9,0,0,0,0,0,19-DEC-2017,
OPTIDX,NIFTY,28-Jun-2018,7000,PE,0,0,0,300,0,0,0,6550,0,19-DEC-2017,
OPTIDX,NIFTY,28-Jun-2018,7100,PE,0,0,0,562.65,0,0,0,0,0,19-DEC-2017,
OPTIDX,NIFTY,28-Jun-2018,7200,PE,0,0,0,208.7,0,0,0,7500,0,19-DEC-2017,
OPTIDX,NIFTY,28-Jun-2018,7300,PE,0,0,0,620.65,0,0,0,0,0,19-DEC-2017,
OPTIDX,NIFTY,28-Jun-2018,7400,PE,0,0,0,650.7,0,0,0,0,0,19-DEC-2017,
OPTIDX,NIFTY,28-Jun-2018,7500,PE,0,0,0,46,0.05,0,0,25200,0,19-DEC-2017,
OPTIDX,NIFTY,28-Jun-2018,7600,PE,0,0,0,27.55,0.05,0,0,0,0,19-DEC-2017,
OPTIDX,NIFTY,28-Jun-2018,7700,PE,0,0,0,290,0.05,0,0,106050,0,19-DEC-2017,
OPTIDX,NIFTY,28-Jun-2018,7800,PE,0,0,0,585,0.05,0,0,10500,0,19-DEC-2017,
OPTIDX,NIFTY,28-Jun-2018,7900,PE,0,0,0,701,0.1,0,0,251325,0,19-DEC-2017,
OPTIDX,NIFTY,28-Jun-2018,8000,PE,0,0,0,45,0.1,0,0,7875,0,19-DEC-2017,
OPTIDX,NIFTY,28-Jun-2018,8100,PE,0,0,0,79,0.2,0,0,0,0,19-DEC-2017,
OPTIDX,NIFTY,28-Jun-2018,8200,PE,0,0,0,47,0.3,0,0,0,0,19-DEC-2017,
OPTIDX,NIFTY,28-Jun-2018,8300,PE,0,0,0,100,0.45,0,0,83775,0,19-DEC-2017,
OPTIDX,NIFTY,28-Jun-2018,8400,PE,0,0,0,1003.25,0.7,0,0,0,0,19-DEC-2017,
OPTIDX,NIFTY,28-Jun-2018,8500,PE,0,0,0,115.3,1.1,0,0,247500,0,19-DEC-2017,
OPTIDX,NIFTY,28-Jun-2018,8600,PE,0,0,0,70.5,1.65,0,0,75225,0,19-DEC-2017,
OPTIDX,NIFTY,28-Jun-2018,8700,PE,0,0,0,267,2.4,0,0,255300,0,19-DEC-2017,
OPTIDX,NIFTY,28-Jun-2018,8800,PE,0,0,0,159.1,3.5,0,0,27975,0,19-DEC-2017,
OPTIDX,NIFTY,28-Jun-2018,8900,PE,0,0,0,85.5,5,0,0,9400,0,19-DEC-2017,
OPTIDX,NIFTY,28-Jun-2018,9000,PE,0,0,0,166.05,7.05,0,0,190725,0,19-DEC-2017,
OPTIDX,NIFTY,28-Jun-2018,9100,PE,0,0,0,415.15,9.75,0,0,0,0,19-DEC-2017,
OPTIDX,NIFTY,28-Jun-2018,9200,PE,0,0,0,420.15,13.3,0,0,0,0,19-DEC-2017,
OPTIDX,NIFTY,28-Jun-2018,9300,PE,0,0,0,98.05,17.85,0,0,225,0,19-DEC-2017,
OPTIDX,NIFTY,28-Jun-2018,9400,PE,0,0,0,839.95,23.65,0,0,0,0,19-DEC-2017,
OPTIDX,NIFTY,28-Jun-2018,9500,PE,0,0,0,140,30.95,0,0,7575,0,19-DEC-2017,
OPTIDX,NIFTY,28-Jun-2018,9600,PE,0,0,0,359,39.9,0,0,3900,0,19-DEC-2017,
OPTIDX,NIFTY,28-Jun-2018,9700,PE,0,0,0,309.7,50.9,0,0,1915050,0,19-DEC-2017,
OPTIDX,NIFTY,28-Jun-2018,9800,PE,0,0,0,318.75,64.05,0,0,35175,0,19-DEC-2017,
OPTIDX,NIFTY,28-Jun-2018,9900,PE,0,0,0,333,79.75,0,0,65025,0,19-DEC-2017,
OPTIDX,NIFTY,28-Jun-2018,10000,PE,165.1,165.1,165,165,165,3,22.87,9375,-150,19-DEC-2017,
OPTIDX,NIFTY,28-Jun-2018,10100,PE,0,0,0,797.95,119.7,0,0,0,0,19-DEC-2017,
OPTIDX,NIFTY,28-Jun-2018,10200,PE,0,0,0,273.35,144.7,0,0,1878750,0,19-DEC-2017,
OPTIDX,NIFTY,28-Jun-2018,10300,PE,0,0,0,283,172.4,0,0,3300,0,19-DEC-2017,
OPTIDX,NIFTY,28-Jun-2018,10400,PE,0,0,0,549.5,204.2,0,0,0,0,19-DEC-2017,
OPTIDX,NIFTY,28-Jun-2018,10500,PE,0,0,0,513.55,239.75,0,0,75,0,19-DEC-2017,
OPTIDX,NIFTY,28-Jun-2018,10600,PE,0,0,0,533.9,279.2,0,0,0,0,19-DEC-2017,
OPTIDX,NIFTY,28-Jun-2018,10700,PE,0,0,0,806.25,322.55,0,0,0,0,19-DEC-2017,
OPTIDX,NIFTY,28-Jun-2018,10800,PE,0,0,0,689.6,369.8,0,0,0,0,19-DEC-2017,
OPTIDX,NIFTY,28-Jun-2018,10900,PE,0,0,0,588.55,421,0,0,0,0,19-DEC-2017,
OPTIDX,NIFTY,28-Jun-2018,11000,PE,0,0,0,581.95,476,0,0,0,0,19-DEC-2017,
OPTIDX,NIFTY,28-Jun-2018,11100,PE,0,0,0,1139.65,534.8,0,0,0,0,19-DEC-2017,
OPTIDX,NIFTY,28-Jun-2018,11200,PE,0,0,0,1088.45,597.2,0,0,0,0,19-DEC-2017,
OPTIDX,NIFTY,28-Jun-2018,11300,PE,0,0,0,1032.1,663.05,0,0,0,0,19-DEC-2017,
OPTIDX,NIFTY,28-Jun-2018,11400,PE,0,0,0,996.65,732.2,0,0,0,0,19-DEC-2017,
OPTIDX,NIFTY,28-Jun-2018,11500,PE,0,0,0,1589.15,804.9,0,0,0,0,19-DEC-2017,
OPTIDX,NIFTY,28-Jun-2018,11600,PE,0,0,0,1609.15,879.6,0,0,0,0,19-DEC-2017,
OPTIDX,NIFTY,28-Jun-2018,11700,PE,0,0,0,1596.75,957.3,0,0,0,0,19-DEC-2017,
OPTIDX,NIFTY,28-Jun-2018,11800,PE,0,0,0,1624.05,1037.4,0,0,0,0,19-DEC-2017,
OPTIDX,NIFTY,28-Jun-2018,11900,PE,0,0,0,1584.1,1119.65,0,0,0,0,19-DEC-2017,
OPTIDX,NIFTY,28-Jun-2018,12000,PE,0,0,0,1300,1203.9,0,0,75,0,19-DEC-2017,
OPTIDX,NIFTY,28-Jun-2018,12100,PE,0,0,0,1670.6,1289.9,0,0,0,0,19-DEC-2017,
OPTIDX,NIFTY,28-Jun-2018,12200,PE,0,0,0,1700.3,1377.4,0,0,0,0,19-DEC-2017,
OPTIDX,NIFTY,28-Jun-2018,12300,PE,0,0,0,1682.25,1466.35,0,0,0,0,19-DEC-2017,
OPTIDX,NIFTY,28-Jun-2018,12400,PE,0,0,0,1737.2,1556.45,0,0,0,0,19-DEC-2017,
OPTIDX,NIFTY,28-Jun-2018,12500,PE,0,0,0,1728.9,1647.65,0,0,0,0,19-DEC-2017,
OPTIDX,NIFTY,28-Jun-2018,12600,PE,0,0,0,1864.7,1739.7,0,0,0,0,19-DEC-2017,
OPTIDX,NIFTY,28-Jun-2018,12700,PE,0,0,0,1892.35,1832.55,0,0,0,0,19-DEC-2017,
OPTIDX,NIFTY,28-Jun-2018,12800,PE,0,0,0,1921.1,1926.05,0,0,0,0,19-DEC-2017,
OPTIDX,NIFTY,28-Jun-2018,12900,PE,0,0,0,1939.3,2020.15,0,0,0,0,19-DEC-2017,
OPTIDX,NIFTY,27-Sep-2018,7400,CE,0,0,0,2820.6,3422.45,0,0,0,0,19-DEC-2017,
OPTIDX,NIFTY,27-Sep-2018,7500,CE,0,0,0,2727.3,3327.3,0,0,0,0,19-DEC-2017,
OPTIDX,NIFTY,27-Sep-2018,7600,CE,0,0,0,2634.25,3232.2,0,0,0,0,19-DEC-2017,
OPTIDX,NIFTY,27-Sep-2018,7700,CE,0,0,0,2541.45,3137.15,0,0,0,0,19-DEC-2017,
OPTIDX,NIFTY,27-Sep-2018,7800,CE,0,0,0,2448.95,3042.1,0,0,0,0,19-DEC-2017,
OPTIDX,NIFTY,27-Sep-2018,7900,CE,0,0,0,2356.85,2947.05,0,0,0,0,19-DEC-2017,
OPTIDX,NIFTY,27-Sep-2018,8000,CE,0,0,0,2265.2,2852.1,0,0,0,0,19-DEC-2017,
OPTIDX,NIFTY,27-Sep-2018,8100,CE,0,0,0,2174.15,2757.25,0,0,0,0,19-DEC-2017,
OPTIDX,NIFTY,27-Sep-2018,8200,CE,0,0,0,2083.75,2662.5,0,0,0,0,19-DEC-2017,
OPTIDX,NIFTY,27-Sep-2018,8300,CE,0,0,0,1994.1,2567.9,0,0,0,0,19-DEC-2017,
OPTIDX,NIFTY,27-Sep-2018,8400,CE,0,0,0,1905.35,2473.45,0,0,0,0,19-DEC-2017,
OPTIDX,NIFTY,27-Sep-2018,8500,CE,0,0,0,1817.6,2379.3,0,0,0,0,19-DEC-2017,
OPTIDX,NIFTY,27-Sep-2018,8600,CE,0,0,0,1731,2285.4,0,0,0,0,19-DEC-2017,
OPTIDX,NIFTY,27-Sep-2018,8700,CE,0,0,0,1645.7,2191.95,0,0,0,0,19-DEC-2017,
OPTIDX,NIFTY,27-Sep-2018,8800,CE,0,0,0,1561.8,2098.95,0,0,0,0,19-DEC-2017,
OPTIDX,NIFTY,27-Sep-2018,8900,CE,0,0,0,1479.5,2006.5,0,0,0,0,19-DEC-2017,
OPTIDX,NIFTY,27-Sep-2018,9000,CE,0,0,0,1398.85,1914.8,0,0,0,0,19-DEC-2017,
OPTIDX,NIFTY,27-Sep-2018,9100,CE,0,0,0,1320.1,1823.9,0,0,0,0,19-DEC-2017,
OPTIDX,NIFTY,27-Sep-2018,9200,CE,0,0,0,1243.3,1733.95,0,0,0,0,19-DEC-2017,
OPTIDX,NIFTY,27-Sep-2018,9300,CE,0,0,0,1168.65,1645.1,0,0,0,0,19-DEC-2017,
OPTIDX,NIFTY,27-Sep-2018,9400,CE,0,0,0,1096.2,1557.55,0,0,0,0,19-DEC-2017,
OPTIDX,NIFTY,27-Sep-2018,9500,CE,0,0,0,1026.45,1471.45,0,0,0,0,19-DEC-2017,
OPTIDX,NIFTY,27-Sep-2018,9600,CE,0,0,0,958.75,1387,0,0,0,0,19-DEC-2017,
OPTIDX,NIFTY,27-Sep-2018,9700,CE,0,0,0,893.3,1304.3,0,0,0,0,19-DEC-2017,
OPTIDX,NIFTY,27-Sep-2018,9800,CE,0,0,0,830.9,1223.55,0,0,0,0,19-DEC-2017,
OPTIDX,NIFTY,27-Sep-2018,9900,CE,0,0,0,771.15,1145,0,0,0,0,19-DEC-2017,
OPTIDX,NIFTY,27-Sep-2018,10000,CE,0,0,0,714.2,1068.75,0,0,0,0,19-DEC-2017,
OPTIDX,NIFTY,27-Sep-2018,10100,CE,0,0,0,660,994.95,0,0,0,0,19-DEC-2017,
OPTIDX,NIFTY,27-Sep-2018,10200,CE,0,0,0,608.55,924.1,0,0,0,0,19-DEC-2017,
OPTIDX,NIFTY,27-Sep-2018,10300,CE,0,0,0,559.9,855.2,0,0,0,0,19-DEC-2017,
OPTIDX,NIFTY,27-Sep-2018,10400,CE,0,0,0,513.95,789.7,0,0,0,0,19-DEC-2017,
OPTIDX,NIFTY,27-Sep-2018,10500,CE,0,0,0,470.8,727.15,0,0,0,0,19-DEC-2017,
OPTIDX,NIFTY,27-Sep-2018,10600,CE,0,0,0,430.3,667.7,0,0,0,0,19-DEC-2017,
OPTIDX,NIFTY,27-Sep-2018,10700,CE,0,0,0,392.4,611.3,0,0,0,0,19-DEC-2017,
OPTIDX,NIFTY,27-Sep-2018,10800,CE,0,0,0,357.1,558.1,0,0,0,0,19-DEC-2017,
OPTIDX,NIFTY,27-Sep-2018,10900,CE,0,0,0,324.25,508,0,0,0,0,19-DEC-2017,
OPTIDX,NIFTY,27-Sep-2018,11000,CE,0,0,0,400,461.05,0,0,225,0,19-DEC-2017,
OPTIDX,NIFTY,27-Sep-2018,11100,CE,0,0,0,265.65,417.2,0,0,0,0,19-DEC-2017,
OPTIDX,NIFTY,27-Sep-2018,11200,CE,0,0,0,239.65,376.45,0,0,0,0,19-DEC-2017,
OPTIDX,NIFTY,27-Sep-2018,11300,CE,0,0,0,216.25,338.65,0,0,0,0,19-DEC-2017,
OPTIDX,NIFTY,27-Sep-2018,11400,CE,0,0,0,194.45,303.75,0,0,0,0,19-DEC-2017,
OPTIDX,NIFTY,27-Sep-2018,11500,CE,0,0,0,244.95,271.65,0,0,675,0,19-DEC-2017,
OPTIDX,NIFTY,27-Sep-2018,11600,CE,0,0,0,155.8,242.2,0,0,0,0,19-DEC-2017,
OPTIDX,NIFTY,27-Sep-2018,11700,CE,0,0,0,139.15,215.35,0,0,0,0,19-DEC-2017,
OPTIDX,NIFTY,27-Sep-2018,11800,CE,0,0,0,124.05,191.4,0,0,0,0,19-DEC-2017,
OPTIDX,NIFTY,27-Sep-2018,11900,CE,0,0,0,110.35,169.4,0,0,0,0,19-DEC-2017,
OPTIDX,NIFTY,27-Sep-2018,12000,CE,0,0,0,98.95,148.95,0,0,225,0,19-DEC-2017,
OPTIDX,NIFTY,27-Sep-2018,12100,CE,0,0,0,86.85,130.95,0,0,0,0,19-DEC-2017,
OPTIDX,NIFTY,27-Sep-2018,12200,CE,0,0,0,76.8,114.8,0,0,0,0,19-DEC-2017,
OPTIDX,NIFTY,27-Sep-2018,12300,CE,0,0,0,69.65,100.35,0,0,0,0,19-DEC-2017,
OPTIDX,NIFTY,27-Sep-2018,12400,CE,0,0,0,70.7,87.5,0,0,0,0,19-DEC-2017,
OPTIDX,NIFTY,27-Sep-2018,12500,CE,0,0,0,69.7,76.05,0,0,0,0,19-DEC-2017,
OPTIDX,NIFTY,27-Sep-2018,12600,CE,0,0,0,68.4,65.95,0,0,0,0,19-DEC-2017,
OPTIDX,NIFTY,27-Sep-2018,12700,CE,0,0,0,52.05,57,0,0,0,0,19-DEC-2017,
OPTIDX,NIFTY,27-Sep-2018,12800,CE,0,0,0,38.95,49.15,0,0,0,0,19-DEC-2017,
OPTIDX,NIFTY,27-Sep-2018,12900,CE,0,0,0,35.25,42.3,0,0,0,0,19-DEC-2017,
OPTIDX,NIFTY,27-Sep-2018,7400,PE,0,0,0,1.7,0.05,0,0,0,0,19-DEC-2017,
OPTIDX,NIFTY,27-Sep-2018,7500,PE,0,0,0,2.35,0.1,0,0,0,0,19-DEC-2017,
OPTIDX,NIFTY,27-Sep-2018,7600,PE,0,0,0,3.2,0.15,0,0,0,0,19-DEC-2017,
OPTIDX,NIFTY,27-Sep-2018,7700,PE,0,0,0,4.3,0.2,0,0,0,0,19-DEC-2017,
OPTIDX,NIFTY,27-Sep-2018,7800,PE,0,0,0,5.75,0.3,0,0,0,0,19-DEC-2017,
OPTIDX,NIFTY,27-Sep-2018,7900,PE,0,0,0,7.55,0.4,0,0,0,0,19-DEC-2017,
OPTIDX,NIFTY,27-Sep-2018,8000,PE,0,0,0,9.85,0.6,0,0,0,0,19-DEC-2017,
OPTIDX,NIFTY,27-Sep-2018,8100,PE,0,0,0,12.7,0.9,0,0,0,0,19-DEC-2017,
OPTIDX,NIFTY,27-Sep-2018,8200,PE,0,0,0,16.25,1.3,0,0,0,0,19-DEC-2017,
OPTIDX,NIFTY,27-Sep-2018,8300,PE,0,0,0,20.5,1.8,0,0,0,0,19-DEC-2017,
OPTIDX,NIFTY,27-Sep-2018,8400,PE,0,0,0,25.7,2.55,0,0,0,0,19-DEC-2017,
OPTIDX,NIFTY,27-Sep-2018,8500,PE,0,0,0,31.85,3.5,0,0,0,0,19-DEC-2017,
OPTIDX,NIFTY,27-Sep-2018,8600,PE,0,0,0,39.2,4.8,0,0,0,0,19-DEC-2017,
OPTIDX,NIFTY,27-Sep-2018,8700,PE,0,0,0,47.8,6.45,0,0,0,0,19-DEC-2017,
OPTIDX,NIFTY,27-Sep-2018,8800,PE,0,0,0,57.8,8.6,0,0,0,0,19-DEC-2017,
OPTIDX,NIFTY,27-Sep-2018,8900,PE,0,0,0,69.4,11.35,0,0,0,0,19-DEC-2017,
OPTIDX,NIFTY,27-Sep-2018,9000,PE,0,0,0,82.7,14.75,0,0,0,0,19-DEC-2017,
OPTIDX,NIFTY,27-Sep-2018,9100,PE,0,0,0,97.85,19,0,0,0,0,19-DEC-2017,
OPTIDX,NIFTY,27-Sep-2018,9200,PE,0,0,0,115,24.2,0,0,0,0,19-DEC-2017,
OPTIDX,NIFTY,27-Sep-2018,9300,PE,0,0,0,134.25,30.5,0,0,0,0,19-DEC-2017,
OPTIDX,NIFTY,27-Sep-2018,9400,PE,0,0,0,155.75,38.1,0,0,0,0,19-DEC-2017,
OPTIDX,NIFTY,27-Sep-2018,9500,PE,0,0,0,179.9,47.15,0,0,0,0,19-DEC-2017,
OPTIDX,NIFTY,27-Sep-2018,9600,PE,0,0,0,206.1,57.8,0,0,0,0,19-DEC-2017,
OPTIDX,NIFTY,27-Sep-2018,9700,PE,0,0,0,234.55,70.25,0,0,0,0,19-DEC-2017,
OPTIDX,NIFTY,27-Sep-2018,9800,PE,0,0,0,266.1,84.7,0,0,0,0,19-DEC-2017,
OPTIDX,NIFTY,27-Sep-2018,9900,PE,0,0,0,300.3,101.25,0,0,0,0,19-DEC-2017,
OPTIDX,NIFTY,27-Sep-2018,10000,PE,0,0,0,216,120.15,0,0,75,0,19-DEC-2017,
OPTIDX,NIFTY,27-Sep-2018,10100,PE,0,0,0,376.95,141.5,0,0,0,0,19-DEC-2017,
OPTIDX,NIFTY,27-Sep-2018,10200,PE,0,0,0,419.45,165.85,0,0,0,0,19-DEC-2017,
OPTIDX,NIFTY,27-Sep-2018,10300,PE,0,0,0,464.7,192.05,0,0,0,0,19-DEC-2017,
OPTIDX,NIFTY,27-Sep-2018,10400,PE,0,0,0,512.65,221.7,0,0,0,0,19-DEC-2017,
OPTIDX,NIFTY,27-Sep-2018,10500,PE,0,0,0,563.4,254.3,0,0,0,0,19-DEC-2017,
OPTIDX,NIFTY,27-Sep-2018,10600,PE,0,0,0,616.85,290,0,0,0,0,19-DEC-2017,
OPTIDX,NIFTY,27-Sep-2018,10700,PE,0,0,0,672.9,328.75,0,0,0,0,19-DEC-2017,
OPTIDX,NIFTY,27-Sep-2018,10800,PE,0,0,0,731.5,370.7,0,0,0,0,19-DEC-2017,
OPTIDX,NIFTY,27-Sep-2018,10900,PE,0,0,0,792.6,415.75,0,0,0,0,19-DEC-2017,
OPTIDX,NIFTY,27-Sep-2018,11000,PE,0,0,0,856.05,463.9,0,0,0,0,19-DEC-2017,
OPTIDX,NIFTY,27-Sep-2018,11100,PE,0,0,0,921.8,515.25,0,0,0,0,19-DEC-2017,
OPTIDX,NIFTY,27-Sep-2018,11200,PE,0,0,0,989.75,569.6,0,0,0,0,19-DEC-2017,
OPTIDX,NIFTY,27-Sep-2018,11300,PE,0,0,0,1060.25,626.95,0,0,0,0,19-DEC-2017,
OPTIDX,NIFTY,27-Sep-2018,11400,PE,0,0,0,1132.4,687.2,0,0,0,0,19-DEC-2017,
OPTIDX,NIFTY,27-Sep-2018,11500,PE,0,0,0,1205.9,750.25,0,0,0,0,19-DEC-2017,
OPTIDX,NIFTY,27-Sep-2018,11600,PE,0,0,0,1281.55,815.95,0,0,0,0,19-DEC-2017,
OPTIDX,NIFTY,27-Sep-2018,11700,PE,0,0,0,1358.85,884.25,0,0,0,0,19-DEC-2017,
OPTIDX,NIFTY,27-Sep-2018,11800,PE,0,0,0,1437.65,955.45,0,0,0,0,19-DEC-2017,
OPTIDX,NIFTY,27-Sep-2018,11900,PE,0,0,0,1517.85,1028.6,0,0,0,0,19-DEC-2017,
OPTIDX,NIFTY,27-Sep-2018,12000,PE,0,0,0,1599.4,1103.3,0,0,0,0,19-DEC-2017,
OPTIDX,NIFTY,27-Sep-2018,12100,PE,0,0,0,1682.2,1180.45,0,0,0,0,19-DEC-2017,
OPTIDX,NIFTY,27-Sep-2018,12200,PE,0,0,0,1766.1,1259.45,0,0,0,0,19-DEC-2017,
OPTIDX,NIFTY,27-Sep-2018,12300,PE,0,0,0,1773.4,1340.15,0,0,0,0,19-DEC-2017,
OPTIDX,NIFTY,27-Sep-2018,12400,PE,0,0,0,1756.05,1422.4,0,0,0,0,19-DEC-2017,
OPTIDX,NIFTY,27-Sep-2018,12500,PE,0,0,0,1738.25,1506.15,0,0,0,0,19-DEC-2017,
OPTIDX,NIFTY,27-Sep-2018,12600,PE,0,0,0,1766.2,1591.15,0,0,0,0,19-DEC-2017,
OPTIDX,NIFTY,27-Sep-2018,12700,PE,0,0,0,1735.7,1677.4,0,0,0,0,19-DEC-2017,
OPTIDX,NIFTY,27-Sep-2018,12800,PE,0,0,0,1754.75,1764.7,0,0,0,0,19-DEC-2017,
OPTIDX,NIFTY,27-Sep-2018,12900,PE,0,0,0,1769.35,1852.95,0,0,0,0,19-DEC-2017,
OPTIDX,NIFTY,27-Dec-2018,3600,CE,0,0,0,6666.9,7092.5,0,0,1500,0,19-DEC-2017,
OPTIDX,NIFTY,27-Dec-2018,3700,CE,0,0,0,3782.65,6998.9,0,0,0,0,19-DEC-2017,
OPTIDX,NIFTY,27-Dec-2018,3800,CE,0,0,0,3803.5,6905.25,0,0,0,0,19-DEC-2017,
OPTIDX,NIFTY,27-Dec-2018,3900,CE,0,0,0,3811.6,6811.6,0,0,0,0,19-DEC-2017,
OPTIDX,NIFTY,27-Dec-2018,4000,CE,6280,6348,6270,6341.4,6341.4,359,2775.28,115125,26550,19-DEC-2017,
OPTIDX,NIFTY,27-Dec-2018,4100,CE,0,0,0,3687.85,6624.35,0,0,0,0,19-DEC-2017,
OPTIDX,NIFTY,27-Dec-2018,4200,CE,0,0,0,3626.3,6530.75,0,0,0,0,19-DEC-2017,
OPTIDX,NIFTY,27-Dec-2018,4300,CE,0,0,0,3565,6437.1,0,0,0,0,19-DEC-2017,
OPTIDX,NIFTY,27-Dec-2018,4400,CE,0,0,0,3504,6343.45,0,0,0,0,19-DEC-2017,
OPTIDX,NIFTY,27-Dec-2018,4500,CE,0,0,0,3443.35,6249.85,0,0,0,0,19-DEC-2017,
OPTIDX,NIFTY,27-Dec-2018,4600,CE,0,0,0,3382.95,6156.2,0,0,0,0,19-DEC-2017,
OPTIDX,NIFTY,27-Dec-2018,4700,CE,0,0,0,3322.95,6062.6,0,0,0,0,19-DEC-2017,
OPTIDX,NIFTY,27-Dec-2018,4800,CE,0,0,0,3263.3,5968.95,0,0,0,0,19-DEC-2017,
OPTIDX,NIFTY,27-Dec-2018,4900,CE,0,0,0,3204.05,5875.3,0,0,0,0,19-DEC-2017,
OPTIDX,NIFTY,27-Dec-2018,5000,CE,0,0,0,5267,5781.7,0,0,450,0,19-DEC-2017,
OPTIDX,NIFTY,27-Dec-2018,5100,CE,0,0,0,3086.8,5688.05,0,0,0,0,19-DEC-2017,
OPTIDX,NIFTY,27-Dec-2018,5200,CE,0,0,0,3028.85,5594.4,0,0,0,0,19-DEC-2017,
OPTIDX,NIFTY,27-Dec-2018,5300,CE,0,0,0,2971.4,5500.8,0,0,0,0,19-DEC-2017,
OPTIDX,NIFTY,27-Dec-2018,5400,CE,0,0,0,2914.4,5407.15,0,0,0,0,19-DEC-2017,
OPTIDX,NIFTY,27-Dec-2018,5500,CE,0,0,0,2857.95,5313.55,0,0,0,0,19-DEC-2017,
OPTIDX,NIFTY,27-Dec-2018,5600,CE,0,0,0,2802.05,5219.9,0,0,0,0,19-DEC-2017,
OPTIDX,NIFTY,27-Dec-2018,5700,CE,0,0,0,2746.7,5126.25,0,0,0,0,19-DEC-2017,
OPTIDX,NIFTY,27-Dec-2018,5800,CE,0,0,0,2691.9,5032.65,0,0,0,0,19-DEC-2017,
OPTIDX,NIFTY,27-Dec-2018,5900,CE,0,0,0,2637.7,4939,0,0,0,0,19-DEC-2017,
OPTIDX,NIFTY,27-Dec-2018,6000,CE,0,0,0,4280,4845.4,0,0,1350,0,19-DEC-2017,
OPTIDX,NIFTY,27-Dec-2018,6100,CE,0,0,0,2531.1,4751.75,0,0,0,0,19-DEC-2017,
OPTIDX,NIFTY,27-Dec-2018,6200,CE,0,0,0,2478.7,4658.1,0,0,0,0,19-DEC-2017,
OPTIDX,NIFTY,27-Dec-2018,6300,CE,0,0,0,2427,4564.5,0,0,0,0,19-DEC-2017,
OPTIDX,NIFTY,27-Dec-2018,6400,CE,0,0,0,2375.95,4470.85,0,0,0,0,19-DEC-2017,
OPTIDX,NIFTY,27-Dec-2018,6500,CE,0,0,0,2325.55,4377.2,0,0,0,0,19-DEC-2017,
OPTIDX,NIFTY,27-Dec-2018,6600,CE,0,0,0,2275.85,4283.6,0,0,0,0,19-DEC-2017,
OPTIDX,NIFTY,27-Dec-2018,6700,CE,0,0,0,2226.8,4189.95,0,0,0,0,19-DEC-2017,
OPTIDX,NIFTY,27-Dec-2018,6800,CE,0,0,0,2178.45,4096.35,0,0,0,0,19-DEC-2017,
OPTIDX,NIFTY,27-Dec-2018,6900,CE,0,0,0,2131,4002.7,0,0,0,0,19-DEC-2017,
OPTIDX,NIFTY,27-Dec-2018,7000,CE,0,0,0,2084.05,3909.1,0,0,0,0,19-DEC-2017,
OPTIDX,NIFTY,27-Dec-2018,7100,CE,0,0,0,2037.8,3815.5,0,0,0,0,19-DEC-2017,
OPTIDX,NIFTY,27-Dec-2018,7200,CE,0,0,0,1992.3,3721.9,0,0,0,0,19-DEC-2017,
OPTIDX,NIFTY,27-Dec-2018,7300,CE,0,0,0,1740,3628.3,0,0,3750,0,19-DEC-2017,
OPTIDX,NIFTY,27-Dec-2018,7400,CE,0,0,0,1903.4,3534.7,0,0,0,0,19-DEC-2017,
OPTIDX,NIFTY,27-Dec-2018,7500,CE,0,0,0,2990,3441.2,0,0,2000,0,19-DEC-2017,
OPTIDX,NIFTY,27-Dec-2018,7600,CE,0,0,0,1729.55,3347.65,0,0,8250,0,19-DEC-2017,
OPTIDX,NIFTY,27-Dec-2018,7700,CE,0,0,0,1775.55,3254.2,0,0,0,0,19-DEC-2017,
OPTIDX,NIFTY,27-Dec-2018,7800,CE,0,0,0,2107.65,3160.8,0,0,75000,0,19-DEC-2017,
OPTIDX,NIFTY,27-Dec-2018,7900,CE,0,0,0,1482.3,3067.5,0,0,115050,0,19-DEC-2017,
OPTIDX,NIFTY,27-Dec-2018,8000,CE,2609.3,2665.1,2609.3,2665.1,2665.1,23,183.44,162900,1650,19-DEC-2017,
OPTIDX,NIFTY,27-Dec-2018,8100,CE,0,0,0,1615.35,2881.25,0,0,0,0,19-DEC-2017,
OPTIDX,NIFTY,27-Dec-2018,8200,CE,0,0,0,1770,2788.35,0,0,183825,0,19-DEC-2017,
OPTIDX,NIFTY,27-Dec-2018,8300,CE,0,0,0,1539.35,2695.7,0,0,0,0,19-DEC-2017,
OPTIDX,NIFTY,27-Dec-2018,8400,CE,0,0,0,1520,2603.3,0,0,3975,0,19-DEC-2017,
OPTIDX,NIFTY,27-Dec-2018,8500,CE,0,0,0,2100,2511.25,0,0,15075,0,19-DEC-2017,
OPTIDX,NIFTY,27-Dec-2018,8600,CE,0,0,0,1431.15,2419.6,0,0,0,0,19-DEC-2017,
OPTIDX,NIFTY,27-Dec-2018,8700,CE,0,0,0,2569.45,2328.4,0,0,50,0,19-DEC-2017,
OPTIDX,NIFTY,27-Dec-2018,8800,CE,0,0,0,1367.2,2237.75,0,0,0,0,19-DEC-2017,
OPTIDX,NIFTY,27-Dec-2018,8900,CE,0,0,0,1489.4,2147.75,0,0,0,0,19-DEC-2017,
OPTIDX,NIFTY,27-Dec-2018,9000,CE,1780,1822,1770,1820.7,1820.7,26,210.44,55275,900,19-DEC-2017,
OPTIDX,NIFTY,27-Dec-2018,9100,CE,0,0,0,1316.95,1970.15,0,0,0,0,19-DEC-2017,
OPTIDX,NIFTY,27-Dec-2018,9200,CE,0,0,0,1202.15,1882.75,0,0,0,0,19-DEC-2017,
OPTIDX,NIFTY,27-Dec-2018,9300,CE,0,0,0,1432.2,1796.45,0,0,0,0,19-DEC-2017,
OPTIDX,NIFTY,27-Dec-2018,9400,CE,0,0,0,1625.2,1711.35,0,0,0,0,19-DEC-2017,
OPTIDX,NIFTY,27-Dec-2018,9500,CE,1425,1430,1425,1429.8,1429.8,11,90.16,47925,525,19-DEC-2017,
OPTIDX,NIFTY,27-Dec-2018,9600,CE,0,0,0,1631.75,1545.35,0,0,0,0,19-DEC-2017,
OPTIDX,NIFTY,27-Dec-2018,9700,CE,0,0,0,825,1464.7,0,0,31950,0,19-DEC-2017,
OPTIDX,NIFTY,27-Dec-2018,9800,CE,0,0,0,1559.45,1385.8,0,0,0,0,19-DEC-2017,
OPTIDX,NIFTY,27-Dec-2018,9900,CE,0,0,0,1558.85,1308.8,0,0,0,0,19-DEC-2017,
OPTIDX,NIFTY,27-Dec-2018,10000,CE,1012,1054,1004,1050.95,1050.95,99,818.83,211050,-225,19-DEC-2017,
OPTIDX,NIFTY,27-Dec-2018,10100,CE,0,0,0,1645.2,1160.8,0,0,0,0,19-DEC-2017,
OPTIDX,NIFTY,27-Dec-2018,10200,CE,0,0,0,700.1,1090.45,0,0,0,0,19-DEC-2017,
OPTIDX,NIFTY,27-Dec-2018,10300,CE,0,0,0,931.9,1021.95,0,0,75,0,19-DEC-2017,
OPTIDX,NIFTY,27-Dec-2018,10400,CE,0,0,0,502,955.5,0,0,24000,0,19-DEC-2017,
OPTIDX,NIFTY,27-Dec-2018,10500,CE,650.1,710,650.1,709.2,709.2,91,763.49,48300,3675,19-DEC-2017,
OPTIDX,NIFTY,27-Dec-2018,10600,CE,0,0,0,1392.5,831.05,0,0,0,0,19-DEC-2017,
OPTIDX,NIFTY,27-Dec-2018,10700,CE,0,0,0,1601.15,772.7,0,0,0,0,19-DEC-2017,
OPTIDX,NIFTY,27-Dec-2018,10800,CE,0,0,0,1428.5,717,0,0,0,0,19-DEC-2017,
OPTIDX,NIFTY,27-Dec-2018,10900,CE,0,0,0,1312.45,663.95,0,0,0,0,19-DEC-2017,
OPTIDX,NIFTY,27-Dec-2018,11000,CE,380,421.9,380,418.75,418.75,249,2128.97,123450,225,19-DEC-2017,
OPTIDX,NIFTY,27-Dec-2018,11100,CE,0,0,0,1817.5,565.8,0,0,0,0,19-DEC-2017,
OPTIDX,NIFTY,27-Dec-2018,11200,CE,0,0,0,504.95,520.7,0,0,150,0,19-DEC-2017,
OPTIDX,NIFTY,27-Dec-2018,11300,CE,0,0,0,1791.45,478.2,0,0,0,0,19-DEC-2017,
OPTIDX,NIFTY,27-Dec-2018,11400,CE,0,0,0,1699.65,438.3,0,0,0,0,19-DEC-2017,
OPTIDX,NIFTY,27-Dec-2018,11500,CE,205,220,200.05,216.3,216.3,508,4459.29,140850,33975,19-DEC-2017,
OPTIDX,NIFTY,27-Dec-2018,11600,CE,0,0,0,213.25,365.9,0,0,0,0,19-DEC-2017,
OPTIDX,NIFTY,27-Dec-2018,11700,CE,0,0,0,165.5,333.3,0,0,0,0,19-DEC-2017,
OPTIDX,NIFTY,27-Dec-2018,11800,CE,0,0,0,145.3,303,0,0,0,0,19-DEC-2017,
OPTIDX,NIFTY,27-Dec-2018,11900,CE,0,0,0,125.2,274.9,0,0,0,0,19-DEC-2017,
OPTIDX,NIFTY,27-Dec-2018,12000,CE,100,105,100,105,105,13,118,63000,450,19-DEC-2017,
OPTIDX,NIFTY,27-Dec-2018,12100,CE,0,0,0,137.8,225.4,0,0,0,0,19-DEC-2017,
OPTIDX,NIFTY,27-Dec-2018,12200,CE,0,0,0,85.3,203.45,0,0,0,0,19-DEC-2017,
OPTIDX,NIFTY,27-Dec-2018,12300,CE,0,0,0,82,182.8,0,0,0,0,19-DEC-2017,
OPTIDX,NIFTY,27-Dec-2018,12400,CE,0,0,0,87.1,164.25,0,0,0,0,19-DEC-2017,
OPTIDX,NIFTY,27-Dec-2018,12500,CE,0,0,0,52.5,147.35,0,0,7650,0,19-DEC-2017,
OPTIDX,NIFTY,27-Dec-2018,12600,CE,0,0,0,94.1,131.9,0,0,0,0,19-DEC-2017,
OPTIDX,NIFTY,27-Dec-2018,12700,CE,0,0,0,102.4,117.85,0,0,0,0,19-DEC-2017,
OPTIDX,NIFTY,27-Dec-2018,12800,CE,0,0,0,82.2,105.1,0,0,0,0,19-DEC-2017,
OPTIDX,NIFTY,27-Dec-2018,12900,CE,0,0,0,76.7,93.55,0,0,0,0,19-DEC-2017,
OPTIDX,NIFTY,27-Dec-2018,3600,PE,0,0,0,3.05,0,0,0,32325,0,19-DEC-2017,
OPTIDX,NIFTY,27-Dec-2018,3700,PE,0,0,0,3.75,0,0,0,0,0,19-DEC-2017,
OPTIDX,NIFTY,27-Dec-2018,3800,PE,0,0,0,3.5,0,0,0,0,0,19-DEC-2017,
OPTIDX,NIFTY,27-Dec-2018,3900,PE,0,0,0,7.05,0,0,0,0,0,19-DEC-2017,
OPTIDX,NIFTY,27-Dec-2018,4000,PE,0,0,0,8.5,0,0,0,0,0,19-DEC-2017,
OPTIDX,NIFTY,27-Dec-2018,4100,PE,0,0,0,10.2,0,0,0,0,0,19-DEC-2017,
OPTIDX,NIFTY,27-Dec-2018,4200,PE,0,0,0,12.1,0,0,0,0,0,19-DEC-2017,
OPTIDX,NIFTY,27-Dec-2018,4300,PE,0,0,0,14.25,0,0,0,0,0,19-DEC-2017,
OPTIDX,NIFTY,27-Dec-2018,4400,PE,0,0,0,16.7,0,0,0,0,0,19-DEC-2017,
OPTIDX,NIFTY,27-Dec-2018,4500,PE,0,0,0,19.45,0,0,0,0,0,19-DEC-2017,
OPTIDX,NIFTY,27-Dec-2018,4600,PE,0,0,0,22.55,0,0,0,0,0,19-DEC-2017,
OPTIDX,NIFTY,27-Dec-2018,4700,PE,0,0,0,25.95,0,0,0,0,0,19-DEC-2017,
OPTIDX,NIFTY,27-Dec-2018,4800,PE,0,0,0,29.75,0,0,0,0,0,19-DEC-2017,
OPTIDX,NIFTY,27-Dec-2018,4900,PE,0,0,0,33.95,0,0,0,0,0,19-DEC-2017,
OPTIDX,NIFTY,27-Dec-2018,5000,PE,0,0,0,38.55,0,0,0,0,0,19-DEC-2017,
OPTIDX,NIFTY,27-Dec-2018,5100,PE,0,0,0,43.6,0,0,0,0,0,19-DEC-2017,
OPTIDX,NIFTY,27-Dec-2018,5200,PE,0,0,0,49.1,0,0,0,0,0,19-DEC-2017,
OPTIDX,NIFTY,27-Dec-2018,5300,PE,0,0,0,3.05,0,0,0,75,0,19-DEC-2017,
OPTIDX,NIFTY,27-Dec-2018,5400,PE,0,0,0,61.55,0,0,0,0,0,19-DEC-2017,
OPTIDX,NIFTY,27-Dec-2018,5500,PE,0,0,0,68.55,0,0,0,0,0,19-DEC-2017,
OPTIDX,NIFTY,27-Dec-2018,5600,PE,0,0,0,76.05,0,0,0,0,0,19-DEC-2017,
OPTIDX,NIFTY,27-Dec-2018,5700,PE,0,0,0,84.15,0,0,0,0,0,19-DEC-2017,
OPTIDX,NIFTY,27-Dec-2018,5800,PE,0,0,0,92.8,0,0,0,0,0,19-DEC-2017,
OPTIDX,NIFTY,27-Dec-2018,5900,PE,0,0,0,102.05,0,0,0,0,0,19-DEC-2017,
OPTIDX,NIFTY,27-Dec-2018,6000,PE,0,0,0,25,0,0,0,3975,0,19-DEC-2017,
OPTIDX,NIFTY,27-Dec-2018,6100,PE,0,0,0,122.3,0,0,0,0,0,19-DEC-2017,
OPTIDX,NIFTY,27-Dec-2018,6200,PE,0,0,0,29,0,0,0,0,0,19-DEC-2017,
OPTIDX,NIFTY,27-Dec-2018,6300,PE,0,0,0,145.15,0,0,0,0,0,19-DEC-2017,
OPTIDX,NIFTY,27-Dec-2018,6400,PE,0,0,0,157.5,0,0,0,0,0,19-DEC-2017,
OPTIDX,NIFTY,27-Dec-2018,6500,PE,0,0,0,170.55,0,0,0,0,0,19-DEC-2017,
OPTIDX,NIFTY,27-Dec-2018,6600,PE,0,0,0,184.3,0,0,0,0,0,19-DEC-2017,
OPTIDX,NIFTY,27-Dec-2018,6700,PE,0,0,0,198.7,0.05,0,0,0,0,19-DEC-2017,
OPTIDX,NIFTY,27-Dec-2018,6800,PE,0,0,0,160,0.05,0,0,7500,0,19-DEC-2017,
OPTIDX,NIFTY,27-Dec-2018,6900,PE,0,0,0,229.8,0.05,0,0,0,0,19-DEC-2017,
OPTIDX,NIFTY,27-Dec-2018,7000,PE,0,0,0,68,0.05,0,0,5250,0,19-DEC-2017,
OPTIDX,NIFTY,27-Dec-2018,7100,PE,0,0,0,263.5,0.05,0,0,0,0,19-DEC-2017,
OPTIDX,NIFTY,27-Dec-2018,7200,PE,0,0,0,59,0.1,0,0,222225,0,19-DEC-2017,
OPTIDX,NIFTY,27-Dec-2018,7300,PE,0,0,0,125,0.15,0,0,12000,0,19-DEC-2017,
OPTIDX,NIFTY,27-Dec-2018,7400,PE,0,0,0,310,0.2,0,0,11250,0,19-DEC-2017,
OPTIDX,NIFTY,27-Dec-2018,7500,PE,0,0,0,275.3,0.3,0,0,25125,0,19-DEC-2017,
OPTIDX,NIFTY,27-Dec-2018,7600,PE,0,0,0,30,0.4,0,0,193275,0,19-DEC-2017,
OPTIDX,NIFTY,27-Dec-2018,7700,PE,0,0,0,100,0.6,0,0,197175,0,19-DEC-2017,
OPTIDX,NIFTY,27-Dec-2018,7800,PE,0,0,0,92,0.8,0,0,7500,0,19-DEC-2017,
OPTIDX,NIFTY,27-Dec-2018,7900,PE,0,0,0,83,1.15,0,0,18375,0,19-DEC-2017,
OPTIDX,NIFTY,27-Dec-2018,8000,PE,0,0,0,36.8,1.55,0,0,107700,0,19-DEC-2017,
OPTIDX,NIFTY,27-Dec-2018,8100,PE,0,0,0,132.8,2.15,0,0,975,0,19-DEC-2017,
OPTIDX,NIFTY,27-Dec-2018,8200,PE,0,0,0,57,2.9,0,0,237600,0,19-DEC-2017,
OPTIDX,NIFTY,27-Dec-2018,8300,PE,0,0,0,450,3.85,0,0,81900,0,19-DEC-2017,
OPTIDX,NIFTY,27-Dec-2018,8400,PE,0,0,0,240,5.1,0,0,27600,0,19-DEC-2017,
OPTIDX,NIFTY,27-Dec-2018,8500,PE,53.5,57,52.85,56.55,56.55,17,109.08,519075,300,19-DEC-2017,
OPTIDX,NIFTY,27-Dec-2018,8600,PE,0,0,0,82,8.6,0,0,30600,0,19-DEC-2017,
OPTIDX,NIFTY,27-Dec-2018,8700,PE,0,0,0,234,11.05,0,0,41250,0,19-DEC-2017,
OPTIDX,NIFTY,27-Dec-2018,8800,PE,0,0,0,170,14.05,0,0,103050,0,19-DEC-2017,
OPTIDX,NIFTY,27-Dec-2018,8900,PE,0,0,0,700,17.7,0,0,127050,0,19-DEC-2017,
OPTIDX,NIFTY,27-Dec-2018,9000,PE,90,90,87,89.7,89.7,17,115.89,191550,150,19-DEC-2017,
OPTIDX,NIFTY,27-Dec-2018,9100,PE,0,0,0,173,27.35,0,0,14325,0,19-DEC-2017,
OPTIDX,NIFTY,27-Dec-2018,9200,PE,0,0,0,344.85,33.55,0,0,0,0,19-DEC-2017,
OPTIDX,NIFTY,27-Dec-2018,9300,PE,0,0,0,850,40.9,0,0,6000,0,19-DEC-2017,
OPTIDX,NIFTY,27-Dec-2018,9400,PE,0,0,0,241,49.45,0,0,7350,0,19-DEC-2017,
OPTIDX,NIFTY,27-Dec-2018,9500,PE,140,140,140,140,140,1,7.23,86325,-75,19-DEC-2017,
OPTIDX,NIFTY,27-Dec-2018,9600,PE,0,0,0,631,70.7,0,0,225,0,19-DEC-2017,
OPTIDX,NIFTY,27-Dec-2018,9700,PE,0,0,0,264.6,83.7,0,0,47325,0,19-DEC-2017,
OPTIDX,NIFTY,27-Dec-2018,9800,PE,0,0,0,424,98.45,0,0,5100,0,19-DEC-2017,
OPTIDX,NIFTY,27-Dec-2018,9900,PE,0,0,0,667.65,115.05,0,0,0,0,19-DEC-2017,
OPTIDX,NIFTY,27-Dec-2018,10000,PE,215,218,207,210.15,210.15,196,1501.34,185400,-225,19-DEC-2017,
OPTIDX,NIFTY,27-Dec-2018,10100,PE,0,0,0,716.15,154.3,0,0,0,0,19-DEC-2017,
OPTIDX,NIFTY,27-Dec-2018,10200,PE,0,0,0,315.4,177.6,0,0,19275,0,19-DEC-2017,
OPTIDX,NIFTY,27-Dec-2018,10300,PE,0,0,0,638.15,202.7,0,0,0,0,19-DEC-2017,
OPTIDX,NIFTY,27-Dec-2018,10400,PE,0,0,0,1250,229.9,0,0,0,0,19-DEC-2017,
OPTIDX,NIFTY,27-Dec-2018,10500,PE,340.9,340.9,310.4,324.05,324.05,140,1136.83,142725,3375,19-DEC-2017,
OPTIDX,NIFTY,27-Dec-2018,10600,PE,0,0,0,448.45,292.7,0,0,0,0,19-DEC-2017,
OPTIDX,NIFTY,27-Dec-2018,10700,PE,0,0,0,718.55,328,0,0,0,0,19-DEC-2017,
OPTIDX,NIFTY,27-Dec-2018,10800,PE,0,0,0,597.4,365.95,0,0,0,0,19-DEC-2017,
OPTIDX,NIFTY,27-Dec-2018,10900,PE,0,0,0,495.85,406.5,0,0,0,0,19-DEC-2017,
OPTIDX,NIFTY,27-Dec-2018,11000,PE,525,530,487.1,495.2,495.2,557,4807.11,135525,26850,19-DEC-2017,
OPTIDX,NIFTY,27-Dec-2018,11100,PE,0,0,0,1052.5,495.6,0,0,0,0,19-DEC-2017,
OPTIDX,NIFTY,27-Dec-2018,11200,PE,0,0,0,998,544.15,0,0,0,0,19-DEC-2017,
OPTIDX,NIFTY,27-Dec-2018,11300,PE,0,0,0,942.4,595.3,0,0,0,0,19-DEC-2017,
OPTIDX,NIFTY,27-Dec-2018,11400,PE,0,0,0,903,649,0,0,0,0,19-DEC-2017,
OPTIDX,NIFTY,27-Dec-2018,11500,PE,0,0,0,1375.3,705.2,0,0,0,0,19-DEC-2017,
OPTIDX,NIFTY,27-Dec-2018,11600,PE,0,0,0,1387.95,763.9,0,0,0,0,19-DEC-2017,
OPTIDX,NIFTY,27-Dec-2018,11700,PE,0,0,0,1353.2,824.9,0,0,0,0,19-DEC-2017,
OPTIDX,NIFTY,27-Dec-2018,11800,PE,0,0,0,1366.4,888.25,0,0,0,0,19-DEC-2017,
OPTIDX,NIFTY,27-Dec-2018,11900,PE,0,0,0,1313.95,953.75,0,0,0,0,19-DEC-2017,
OPTIDX,NIFTY,27-Dec-2018,12000,PE,1200,1200,1150,1150,1150,8,79.05,9675,-600,19-DEC-2017,
OPTIDX,NIFTY,27-Dec-2018,12100,PE,0,0,0,1400.75,1091.5,0,0,0,0,19-DEC-2017,
OPTIDX,NIFTY,27-Dec-2018,12200,PE,0,0,0,1399.05,1163.2,0,0,0,0,19-DEC-2017,
OPTIDX,NIFTY,27-Dec-2018,12300,PE,0,0,0,1381.85,1236.2,0,0,0,0,19-DEC-2017,
OPTIDX,NIFTY,27-Dec-2018,12400,PE,0,0,0,1438.1,1311.3,0,0,0,0,19-DEC-2017,
OPTIDX,NIFTY,27-Dec-2018,12500,PE,0,0,0,1417.1,1387.95,0,0,0,0,19-DEC-2017,
OPTIDX,NIFTY,27-Dec-2018,12600,PE,0,0,0,1569.25,1466.15,0,0,0,0,19-DEC-2017,
OPTIDX,NIFTY,27-Dec-2018,12700,PE,0,0,0,1598.5,1545.75,0,0,0,0,19-DEC-2017,
OPTIDX,NIFTY,27-Dec-2018,12800,PE,0,0,0,1607.65,1626.6,0,0,0,0,19-DEC-2017,
OPTIDX,NIFTY,27-Dec-2018,12900,PE,0,0,0,1618.75,1708.7,0,0,0,0,19-DEC-2017,
OPTIDX,NIFTY,27-Jun-2019,4600,CE,0,0,0,3539.15,6292.3,0,0,0,0,19-DEC-2017,
OPTIDX,NIFTY,27-Jun-2019,4700,CE,0,0,0,3471.55,6201.65,0,0,0,0,19-DEC-2017,
OPTIDX,NIFTY,27-Jun-2019,4800,CE,0,0,0,3584.35,6110.95,0,0,0,0,19-DEC-2017,
OPTIDX,NIFTY,27-Jun-2019,4900,CE,0,0,0,3561.3,6020.3,0,0,0,0,19-DEC-2017,
OPTIDX,NIFTY,27-Jun-2019,5000,CE,0,0,0,3598.9,5929.65,0,0,0,0,19-DEC-2017,
OPTIDX,NIFTY,27-Jun-2019,5100,CE,0,0,0,4218.1,5838.95,0,0,0,0,19-DEC-2017,
OPTIDX,NIFTY,27-Jun-2019,5200,CE,0,0,0,4155.1,5748.3,0,0,0,0,19-DEC-2017,
OPTIDX,NIFTY,27-Jun-2019,5300,CE,0,0,0,4092.3,5657.6,0,0,0,0,19-DEC-2017,
OPTIDX,NIFTY,27-Jun-2019,5400,CE,0,0,0,4029.7,5566.95,0,0,0,0,19-DEC-2017,
OPTIDX,NIFTY,27-Jun-2019,5500,CE,0,0,0,3967.3,5476.25,0,0,0,0,19-DEC-2017,
OPTIDX,NIFTY,27-Jun-2019,5600,CE,0,0,0,3905.1,5385.6,0,0,0,0,19-DEC-2017,
OPTIDX,NIFTY,27-Jun-2019,5700,CE,0,0,0,3843.2,5294.95,0,0,0,0,19-DEC-2017,
OPTIDX,NIFTY,27-Jun-2019,5800,CE,0,0,0,3781.5,5204.25,0,0,0,0,19-DEC-2017,
OPTIDX,NIFTY,27-Jun-2019,5900,CE,0,0,0,3720.15,5113.6,0,0,0,0,19-DEC-2017,
OPTIDX,NIFTY,27-Jun-2019,6000,CE,0,0,0,3659.05,5022.9,0,0,0,0,19-DEC-2017,
OPTIDX,NIFTY,27-Jun-2019,6100,CE,0,0,0,3598.25,4932.25,0,0,0,0,19-DEC-2017,
OPTIDX,NIFTY,27-Jun-2019,6200,CE,0,0,0,3537.85,4841.55,0,0,0,0,19-DEC-2017,
OPTIDX,NIFTY,27-Jun-2019,6300,CE,0,0,0,3477.75,4750.9,0,0,0,0,19-DEC-2017,
OPTIDX,NIFTY,27-Jun-2019,6400,CE,0,0,0,3418.05,4660.25,0,0,0,0,19-DEC-2017,
OPTIDX,NIFTY,27-Jun-2019,6500,CE,0,0,0,3358.7,4569.6,0,0,0,0,19-DEC-2017,
OPTIDX,NIFTY,27-Jun-2019,6600,CE,0,0,0,3299.8,4478.95,0,0,0,0,19-DEC-2017,
OPTIDX,NIFTY,27-Jun-2019,6700,CE,0,0,0,3241.3,4388.3,0,0,0,0,19-DEC-2017,
OPTIDX,NIFTY,27-Jun-2019,6800,CE,0,0,0,3183.25,4297.65,0,0,0,0,19-DEC-2017,
OPTIDX,NIFTY,27-Jun-2019,6900,CE,0,0,0,3125.65,4207,0,0,0,0,19-DEC-2017,
OPTIDX,NIFTY,27-Jun-2019,7000,CE,0,0,0,3068.5,4116.4,0,0,0,0,19-DEC-2017,
OPTIDX,NIFTY,27-Jun-2019,7100,CE,0,0,0,3011.85,4025.85,0,0,0,0,19-DEC-2017,
OPTIDX,NIFTY,27-Jun-2019,7200,CE,0,0,0,1754.2,3935.3,0,0,101250,0,19-DEC-2017,
OPTIDX,NIFTY,27-Jun-2019,7300,CE,0,0,0,2900.05,3844.8,0,0,0,0,19-DEC-2017,
OPTIDX,NIFTY,27-Jun-2019,7400,CE,0,0,0,2844.95,3754.3,0,0,0,0,19-DEC-2017,
OPTIDX,NIFTY,27-Jun-2019,7500,CE,0,0,0,2790.4,3663.95,0,0,0,0,19-DEC-2017,
OPTIDX,NIFTY,27-Jun-2019,7600,CE,0,0,0,1794.25,3573.65,0,0,75000,0,19-DEC-2017,
OPTIDX,NIFTY,27-Jun-2019,7700,CE,0,0,0,2683,3483.45,0,0,0,0,19-DEC-2017,
OPTIDX,NIFTY,27-Jun-2019,7800,CE,0,0,0,2670,3393.35,0,0,48975,0,19-DEC-2017,
OPTIDX,NIFTY,27-Jun-2019,7900,CE,0,0,0,2590,3303.45,0,0,172575,0,19-DEC-2017,
OPTIDX,NIFTY,27-Jun-2019,8000,CE,0,0,0,2515,3213.7,0,0,23250,0,19-DEC-2017,
OPTIDX,NIFTY,27-Jun-2019,8100,CE,0,0,0,2475.2,3124.15,0,0,0,0,19-DEC-2017,
OPTIDX,NIFTY,27-Jun-2019,8200,CE,0,0,0,1816.85,3034.9,0,0,106125,0,19-DEC-2017,
OPTIDX,NIFTY,27-Jun-2019,8300,CE,0,0,0,2375,2945.95,0,0,0,0,19-DEC-2017,
OPTIDX,NIFTY,27-Jun-2019,8400,CE,0,0,0,2325.85,2857.35,0,0,0,0,19-DEC-2017,
OPTIDX,NIFTY,27-Jun-2019,8500,CE,0,0,0,2277.4,2769.1,0,0,0,0,19-DEC-2017,
OPTIDX,NIFTY,27-Jun-2019,8600,CE,0,0,0,2040,2681.4,0,0,63525,0,19-DEC-2017,
OPTIDX,NIFTY,27-Jun-2019,8700,CE,0,0,0,2770,2594.15,0,0,0,0,19-DEC-2017,
OPTIDX,NIFTY,27-Jun-2019,8800,CE,0,0,0,2136,2507.55,0,0,0,0,19-DEC-2017,
OPTIDX,NIFTY,27-Jun-2019,8900,CE,0,0,0,2090.1,2421.55,0,0,0,0,19-DEC-2017,
OPTIDX,NIFTY,27-Jun-2019,9000,CE,0,0,0,2044.95,2336.35,0,0,0,0,19-DEC-2017,
OPTIDX,NIFTY,27-Jun-2019,9100,CE,0,0,0,2000.4,2251.95,0,0,0,0,19-DEC-2017,
OPTIDX,NIFTY,27-Jun-2019,9200,CE,0,0,0,1956.55,2168.4,0,0,0,0,19-DEC-2017,
OPTIDX,NIFTY,27-Jun-2019,9300,CE,0,0,0,1913.4,2085.9,0,0,0,0,19-DEC-2017,
OPTIDX,NIFTY,27-Jun-2019,9400,CE,0,0,0,1870.95,2004.4,0,0,0,0,19-DEC-2017,
OPTIDX,NIFTY,27-Jun-2019,9500,CE,0,0,0,1829.15,1924.05,0,0,0,0,19-DEC-2017,
OPTIDX,NIFTY,27-Jun-2019,9600,CE,0,0,0,1788.05,1844.95,0,0,0,0,19-DEC-2017,
OPTIDX,NIFTY,27-Jun-2019,9700,CE,0,0,0,1747.65,1767.15,0,0,0,0,19-DEC-2017,
OPTIDX,NIFTY,27-Jun-2019,9800,CE,0,0,0,1707.65,1690.75,0,0,0,0,19-DEC-2017,
OPTIDX,NIFTY,27-Jun-2019,9900,CE,0,0,0,1668.6,1615.85,0,0,0,0,19-DEC-2017,
OPTIDX,NIFTY,27-Jun-2019,10000,CE,0,0,0,1620.95,1542.45,0,0,0,0,19-DEC-2017,
OPTIDX,NIFTY,27-Jun-2019,10100,CE,0,0,0,1749.95,1470.7,0,0,0,0,19-DEC-2017,
OPTIDX,NIFTY,27-Jun-2019,10200,CE,0,0,0,1660.55,1400.65,0,0,0,0,19-DEC-2017,
OPTIDX,NIFTY,27-Jun-2019,10300,CE,0,0,0,1768.3,1332.7,0,0,0,0,19-DEC-2017,
OPTIDX,NIFTY,27-Jun-2019,10400,CE,0,0,0,1579.7,1266.15,0,0,0,0,19-DEC-2017,
OPTIDX,NIFTY,27-Jun-2019,10500,CE,0,0,0,1652.2,1201.45,0,0,0,0,19-DEC-2017,
OPTIDX,NIFTY,27-Jun-2019,10600,CE,0,0,0,1635.8,1138.35,0,0,0,0,19-DEC-2017,
OPTIDX,NIFTY,27-Jun-2019,10700,CE,0,0,0,1842.15,1077.65,0,0,0,0,19-DEC-2017,
OPTIDX,NIFTY,27-Jun-2019,10800,CE,0,0,0,1671,1018.95,0,0,0,0,19-DEC-2017,
OPTIDX,NIFTY,27-Jun-2019,10900,CE,0,0,0,1557.65,962.3,0,0,0,0,19-DEC-2017,
OPTIDX,NIFTY,27-Jun-2019,11000,CE,0,0,0,1600.9,907.7,0,0,0,0,19-DEC-2017,
OPTIDX,NIFTY,27-Jun-2019,11100,CE,0,0,0,2068.8,855.1,0,0,0,0,19-DEC-2017,
OPTIDX,NIFTY,27-Jun-2019,11200,CE,0,0,0,1999.1,804.6,0,0,0,0,19-DEC-2017,
OPTIDX,NIFTY,27-Jun-2019,11300,CE,0,0,0,2050.2,756.2,0,0,0,0,19-DEC-2017,
OPTIDX,NIFTY,27-Jun-2019,11400,CE,0,0,0,1957.25,709.8,0,0,0,0,19-DEC-2017,
OPTIDX,NIFTY,27-Jun-2019,11500,CE,0,0,0,376.2,665.45,0,0,0,0,19-DEC-2017,
OPTIDX,NIFTY,27-Jun-2019,11600,CE,0,0,0,362.1,623.1,0,0,0,0,19-DEC-2017,
OPTIDX,NIFTY,27-Jun-2019,11700,CE,0,0,0,302.3,582.8,0,0,0,0,19-DEC-2017,
OPTIDX,NIFTY,27-Jun-2019,11800,CE,0,0,0,277.55,544.4,0,0,0,0,19-DEC-2017,
OPTIDX,NIFTY,27-Jun-2019,11900,CE,0,0,0,252.75,507.95,0,0,0,0,19-DEC-2017,
OPTIDX,NIFTY,27-Jun-2019,12000,CE,0,0,0,361.45,473.4,0,0,0,0,19-DEC-2017,
OPTIDX,NIFTY,27-Jun-2019,12100,CE,0,0,0,273.5,440.7,0,0,0,0,19-DEC-2017,
OPTIDX,NIFTY,27-Jun-2019,12200,CE,0,0,0,198.35,409.75,0,0,0,0,19-DEC-2017,
OPTIDX,NIFTY,27-Jun-2019,12300,CE,0,0,0,207.65,380.55,0,0,0,0,19-DEC-2017,
OPTIDX,NIFTY,27-Jun-2019,12400,CE,0,0,0,202.1,353,0,0,0,0,19-DEC-2017,
OPTIDX,NIFTY,27-Jun-2019,12500,CE,0,0,0,180.5,327.1,0,0,0,0,19-DEC-2017,
OPTIDX,NIFTY,27-Jun-2019,12600,CE,0,0,0,219.75,302.8,0,0,0,0,19-DEC-2017,
OPTIDX,NIFTY,27-Jun-2019,12700,CE,0,0,0,240.6,280.45,0,0,0,0,19-DEC-2017,
OPTIDX,NIFTY,27-Jun-2019,12800,CE,0,0,0,208,259.15,0,0,0,0,19-DEC-2017,
OPTIDX,NIFTY,27-Jun-2019,12900,CE,0,0,0,199.95,239.2,0,0,0,0,19-DEC-2017,
OPTIDX,NIFTY,27-Jun-2019,4600,PE,0,0,0,71.9,0,0,0,0,0,19-DEC-2017,
OPTIDX,NIFTY,27-Jun-2019,4700,PE,0,0,0,80.55,0,0,0,0,0,19-DEC-2017,
OPTIDX,NIFTY,27-Jun-2019,4800,PE,0,0,0,28.25,0,0,0,0,0,19-DEC-2017,
OPTIDX,NIFTY,27-Jun-2019,4900,PE,0,0,0,24.65,0,0,0,0,0,19-DEC-2017,
OPTIDX,NIFTY,27-Jun-2019,5000,PE,0,0,0,15,0,0,0,0,0,19-DEC-2017,
OPTIDX,NIFTY,27-Jun-2019,5100,PE,0,0,0,7.9,0,0,0,0,0,19-DEC-2017,
OPTIDX,NIFTY,27-Jun-2019,5200,PE,0,0,0,9.3,0,0,0,0,0,19-DEC-2017,
OPTIDX,NIFTY,27-Jun-2019,5300,PE,0,0,0,10.85,0,0,0,0,0,19-DEC-2017,
OPTIDX,NIFTY,27-Jun-2019,5400,PE,0,0,0,12.6,0,0,0,0,0,19-DEC-2017,
OPTIDX,NIFTY,27-Jun-2019,5500,PE,0,0,0,14.55,0,0,0,0,0,19-DEC-2017,
OPTIDX,NIFTY,27-Jun-2019,5600,PE,0,0,0,16.75,0,0,0,0,0,19-DEC-2017,
OPTIDX,NIFTY,27-Jun-2019,5700,PE,0,0,0,19.2,0,0,0,0,0,19-DEC-2017,
OPTIDX,NIFTY,27-Jun-2019,5800,PE,0,0,0,21.9,0,0,0,0,0,19-DEC-2017,
OPTIDX,NIFTY,27-Jun-2019,5900,PE,0,0,0,24.9,0,0,0,0,0,19-DEC-2017,
OPTIDX,NIFTY,27-Jun-2019,6000,PE,0,0,0,40,0,0,0,150,0,19-DEC-2017,
OPTIDX,NIFTY,27-Jun-2019,6100,PE,0,0,0,31.8,0.05,0,0,0,0,19-DEC-2017,
OPTIDX,NIFTY,27-Jun-2019,6200,PE,0,0,0,35.75,0.05,0,0,0,0,19-DEC-2017,
OPTIDX,NIFTY,27-Jun-2019,6300,PE,0,0,0,40.05,0.05,0,0,0,0,19-DEC-2017,
OPTIDX,NIFTY,27-Jun-2019,6400,PE,0,0,0,44.7,0.05,0,0,0,0,19-DEC-2017,
OPTIDX,NIFTY,27-Jun-2019,6500,PE,0,0,0,49.75,0.05,0,0,0,0,19-DEC-2017,
OPTIDX,NIFTY,27-Jun-2019,6600,PE,0,0,0,55.2,0.05,0,0,0,0,19-DEC-2017,
OPTIDX,NIFTY,27-Jun-2019,6700,PE,0,0,0,61.05,0.1,0,0,0,0,19-DEC-2017,
OPTIDX,NIFTY,27-Jun-2019,6800,PE,0,0,0,67.35,0.15,0,0,0,0,19-DEC-2017,
OPTIDX,NIFTY,27-Jun-2019,6900,PE,0,0,0,74.15,0.2,0,0,0,0,19-DEC-2017,
OPTIDX,NIFTY,27-Jun-2019,7000,PE,0,0,0,30,0.25,0,0,14250,0,19-DEC-2017,
OPTIDX,NIFTY,27-Jun-2019,7100,PE,0,0,0,89.1,0.35,0,0,0,0,19-DEC-2017,
OPTIDX,NIFTY,27-Jun-2019,7200,PE,0,0,0,97.35,0.45,0,0,0,0,19-DEC-2017,
OPTIDX,NIFTY,27-Jun-2019,7300,PE,0,0,0,106.05,0.6,0,0,0,0,19-DEC-2017,
OPTIDX,NIFTY,27-Jun-2019,7400,PE,0,0,0,115.35,0.85,0,0,0,0,19-DEC-2017,
OPTIDX,NIFTY,27-Jun-2019,7500,PE,0,0,0,125.15,1.1,0,0,0,0,19-DEC-2017,
OPTIDX,NIFTY,27-Jun-2019,7600,PE,0,0,0,135.55,1.5,0,0,0,0,19-DEC-2017,
OPTIDX,NIFTY,27-Jun-2019,7700,PE,0,0,0,175,1.95,0,0,11475,0,19-DEC-2017,
OPTIDX,NIFTY,27-Jun-2019,7800,PE,0,0,0,100,2.55,0,0,17550,0,19-DEC-2017,
OPTIDX,NIFTY,27-Jun-2019,7900,PE,0,0,0,123,3.3,0,0,11175,0,19-DEC-2017,
OPTIDX,NIFTY,27-Jun-2019,8000,PE,0,0,0,65.45,4.25,0,0,7500,0,19-DEC-2017,
OPTIDX,NIFTY,27-Jun-2019,8100,PE,0,0,0,181,5.4,0,0,2625,0,19-DEC-2017,
OPTIDX,NIFTY,27-Jun-2019,8200,PE,0,0,0,120,6.8,0,0,12750,0,19-DEC-2017,
OPTIDX,NIFTY,27-Jun-2019,8300,PE,0,0,0,183,8.5,0,0,1800,0,19-DEC-2017,
OPTIDX,NIFTY,27-Jun-2019,8400,PE,0,0,0,118.5,10.55,0,0,22125,0,19-DEC-2017,
OPTIDX,NIFTY,27-Jun-2019,8500,PE,0,0,0,220,13.05,0,0,25275,0,19-DEC-2017,
OPTIDX,NIFTY,27-Jun-2019,8600,PE,0,0,0,600,15.95,0,0,4050,0,19-DEC-2017,
OPTIDX,NIFTY,27-Jun-2019,8700,PE,0,0,0,105,19.4,0,0,58650,0,19-DEC-2017,
OPTIDX,NIFTY,27-Jun-2019,8800,PE,0,0,0,233,23.45,0,0,105075,0,19-DEC-2017,
OPTIDX,NIFTY,27-Jun-2019,8900,PE,0,0,0,250,28.15,0,0,60150,0,19-DEC-2017,
OPTIDX,NIFTY,27-Jun-2019,9000,PE,0,0,0,205.5,33.6,0,0,458175,0,19-DEC-2017,
OPTIDX,NIFTY,27-Jun-2019,9100,PE,0,0,0,333,39.85,0,0,5925,0,19-DEC-2017,
OPTIDX,NIFTY,27-Jun-2019,9200,PE,0,0,0,260,47.05,0,0,15075,0,19-DEC-2017,
OPTIDX,NIFTY,27-Jun-2019,9300,PE,0,0,0,308,55.15,0,0,0,0,19-DEC-2017,
OPTIDX,NIFTY,27-Jun-2019,9400,PE,0,0,0,240.4,64.35,0,0,150,0,19-DEC-2017,
OPTIDX,NIFTY,27-Jun-2019,9500,PE,0,0,0,402,74.7,0,0,1725,0,19-DEC-2017,
OPTIDX,NIFTY,27-Jun-2019,9600,PE,0,0,0,790,86.25,0,0,12225,0,19-DEC-2017,
OPTIDX,NIFTY,27-Jun-2019,9700,PE,0,0,0,325,99.15,0,0,10275,0,19-DEC-2017,
OPTIDX,NIFTY,27-Jun-2019,9800,PE,0,0,0,1055,113.4,0,0,3450,0,19-DEC-2017,
OPTIDX,NIFTY,27-Jun-2019,9900,PE,0,0,0,530,129.15,0,0,0,0,19-DEC-2017,
OPTIDX,NIFTY,27-Jun-2019,10000,PE,0,0,0,478,146.45,0,0,24000,0,19-DEC-2017,
OPTIDX,NIFTY,27-Jun-2019,10100,PE,0,0,0,568.4,165.35,0,0,0,0,19-DEC-2017,
OPTIDX,NIFTY,27-Jun-2019,10200,PE,0,0,0,837.5,185.95,0,0,8250,0,19-DEC-2017,
OPTIDX,NIFTY,27-Jun-2019,10300,PE,0,0,0,564.15,208.7,0,0,0,0,19-DEC-2017,
OPTIDX,NIFTY,27-Jun-2019,10400,PE,0,0,0,391.45,232.8,0,0,0,0,19-DEC-2017,
OPTIDX,NIFTY,27-Jun-2019,10500,PE,0,0,0,393.8,258.8,0,0,0,0,19-DEC-2017,
OPTIDX,NIFTY,27-Jun-2019,10600,PE,0,0,0,378.3,286.35,0,0,0,0,19-DEC-2017,
OPTIDX,NIFTY,27-Jun-2019,10700,PE,0,0,0,641.95,316.35,0,0,0,0,19-DEC-2017,
OPTIDX,NIFTY,27-Jun-2019,10800,PE,0,0,0,519.1,348.3,0,0,0,0,19-DEC-2017,
OPTIDX,NIFTY,27-Jun-2019,10900,PE,0,0,0,419.1,382.35,0,0,0,0,19-DEC-2017,
OPTIDX,NIFTY,27-Jun-2019,11000,PE,0,0,0,414.05,418.4,0,0,0,0,19-DEC-2017,
OPTIDX,NIFTY,27-Jun-2019,11100,PE,0,0,0,973.2,456.5,0,0,0,0,19-DEC-2017,
OPTIDX,NIFTY,27-Jun-2019,11200,PE,0,0,0,916.5,496.65,0,0,0,0,19-DEC-2017,
OPTIDX,NIFTY,27-Jun-2019,11300,PE,0,0,0,861.95,538.9,0,0,0,0,19-DEC-2017,
OPTIDX,NIFTY,27-Jun-2019,11400,PE,0,0,0,819.85,583.2,0,0,0,0,19-DEC-2017,
OPTIDX,NIFTY,27-Jun-2019,11500,PE,0,0,0,1200.25,629.5,0,0,0,0,19-DEC-2017,
OPTIDX,NIFTY,27-Jun-2019,11600,PE,0,0,0,1206.9,677.85,0,0,0,0,19-DEC-2017,
OPTIDX,NIFTY,27-Jun-2019,11700,PE,0,0,0,1155.6,728.2,0,0,0,0,19-DEC-2017,
OPTIDX,NIFTY,27-Jun-2019,11800,PE,0,0,0,1157.9,780.5,0,0,0,0,19-DEC-2017,
OPTIDX,NIFTY,27-Jun-2019,11900,PE,0,0,0,1096.6,834.7,0,0,0,0,19-DEC-2017,
OPTIDX,NIFTY,27-Jun-2019,12000,PE,0,0,0,1234.25,890.85,0,0,0,0,19-DEC-2017,
OPTIDX,NIFTY,27-Jun-2019,12100,PE,0,0,0,1184.05,948.8,0,0,0,0,19-DEC-2017,
OPTIDX,NIFTY,27-Jun-2019,12200,PE,0,0,0,1156.45,1008.5,0,0,0,0,19-DEC-2017,
OPTIDX,NIFTY,27-Jun-2019,12300,PE,0,0,0,1141,1070,0,0,0,0,19-DEC-2017,
OPTIDX,NIFTY,27-Jun-2019,12400,PE,0,0,0,1197.65,1133.15,0,0,0,0,19-DEC-2017,
OPTIDX,NIFTY,27-Jun-2019,12500,PE,0,0,0,1165.2,1197.9,0,0,0,0,19-DEC-2017,
OPTIDX,NIFTY,27-Jun-2019,12600,PE,0,0,0,1335.25,1264.25,0,0,0,0,19-DEC-2017,
OPTIDX,NIFTY,27-Jun-2019,12700,PE,0,0,0,1370.4,1332.6,0,0,0,0,19-DEC-2017,
OPTIDX,NIFTY,27-Jun-2019,12800,PE,0,0,0,1361.75,1401.95,0,0,0,0,19-DEC-2017,
OPTIDX,NIFTY,27-Jun-2019,12900,PE,0,0,0,1367,1472.7,0,0,0,0,19-DEC-2017,
OPTIDX,NIFTY,26-Dec-2019,4600,CE,0,0,0,3683.2,6424.1,0,0,0,0,19-DEC-2017,
OPTIDX,NIFTY,26-Dec-2019,4700,CE,0,0,0,3618.7,6336.3,0,0,0,0,19-DEC-2017,
OPTIDX,NIFTY,26-Dec-2019,4800,CE,0,0,0,3730.9,6248.5,0,0,0,0,19-DEC-2017,
OPTIDX,NIFTY,26-Dec-2019,4900,CE,0,0,0,3704.4,6160.7,0,0,0,0,19-DEC-2017,
OPTIDX,NIFTY,26-Dec-2019,5000,CE,0,0,0,3743.25,6072.9,0,0,0,0,19-DEC-2017,
OPTIDX,NIFTY,26-Dec-2019,5100,CE,0,0,0,3736.3,5985.1,0,0,0,0,19-DEC-2017,
OPTIDX,NIFTY,26-Dec-2019,5200,CE,0,0,0,4051.4,5897.3,0,0,0,0,19-DEC-2017,
OPTIDX,NIFTY,26-Dec-2019,5300,CE,0,0,0,4154,5809.5,0,0,0,0,19-DEC-2017,
OPTIDX,NIFTY,26-Dec-2019,5400,CE,0,0,0,4247.1,5721.65,0,0,0,0,19-DEC-2017,
OPTIDX,NIFTY,26-Dec-2019,5500,CE,0,0,0,4193.65,5633.85,0,0,0,0,19-DEC-2017,
OPTIDX,NIFTY,26-Dec-2019,5600,CE,0,0,0,4191.75,5546.05,0,0,0,0,19-DEC-2017,
OPTIDX,NIFTY,26-Dec-2019,5700,CE,0,0,0,4451.2,5458.25,0,0,0,0,19-DEC-2017,
OPTIDX,NIFTY,26-Dec-2019,5800,CE,0,0,0,4419.9,5370.45,0,0,0,0,19-DEC-2017,
OPTIDX,NIFTY,26-Dec-2019,5900,CE,0,0,0,4357.05,5282.65,0,0,0,0,19-DEC-2017,
OPTIDX,NIFTY,26-Dec-2019,6000,CE,0,0,0,4294.4,5194.85,0,0,0,0,19-DEC-2017,
OPTIDX,NIFTY,26-Dec-2019,6100,CE,0,0,0,4231.95,5107.05,0,0,0,0,19-DEC-2017,
OPTIDX,NIFTY,26-Dec-2019,6200,CE,0,0,0,4169.8,5019.25,0,0,0,0,19-DEC-2017,
OPTIDX,NIFTY,26-Dec-2019,6300,CE,0,0,0,4107.95,4931.5,0,0,0,0,19-DEC-2017,
OPTIDX,NIFTY,26-Dec-2019,6400,CE,0,0,0,4046.3,4843.7,0,0,0,0,19-DEC-2017,
OPTIDX,NIFTY,26-Dec-2019,6500,CE,0,0,0,3985,4755.95,0,0,0,0,19-DEC-2017,
OPTIDX,NIFTY,26-Dec-2019,6600,CE,0,0,0,3924,4668.15,0,0,0,0,19-DEC-2017,
OPTIDX,NIFTY,26-Dec-2019,6700,CE,0,0,0,3863.35,4580.45,0,0,0,0,19-DEC-2017,
OPTIDX,NIFTY,26-Dec-2019,6800,CE,0,0,0,3803,4492.7,0,0,0,0,19-DEC-2017,
OPTIDX,NIFTY,26-Dec-2019,6900,CE,0,0,0,3743.05,4405.05,0,0,0,0,19-DEC-2017,
OPTIDX,NIFTY,26-Dec-2019,7000,CE,0,0,0,3683.4,4317.4,0,0,0,0,19-DEC-2017,
OPTIDX,NIFTY,26-Dec-2019,7100,CE,0,0,0,3624.2,4229.75,0,0,0,0,19-DEC-2017,
OPTIDX,NIFTY,26-Dec-2019,7200,CE,0,0,0,3565.4,4142.2,0,0,0,0,19-DEC-2017,
OPTIDX,NIFTY,26-Dec-2019,7300,CE,0,0,0,3507,4054.75,0,0,0,0,19-DEC-2017,
OPTIDX,NIFTY,26-Dec-2019,7400,CE,0,0,0,3449,3967.35,0,0,0,0,19-DEC-2017,
OPTIDX,NIFTY,26-Dec-2019,7500,CE,0,0,0,3391.5,3880.05,0,0,0,0,19-DEC-2017,
OPTIDX,NIFTY,26-Dec-2019,7600,CE,0,0,0,3334.4,3792.85,0,0,0,0,19-DEC-2017,
OPTIDX,NIFTY,26-Dec-2019,7700,CE,0,0,0,3277.8,3705.8,0,0,0,0,19-DEC-2017,
OPTIDX,NIFTY,26-Dec-2019,7800,CE,0,0,0,3120,3618.9,0,0,0,0,19-DEC-2017,
OPTIDX,NIFTY,26-Dec-2019,7900,CE,0,0,0,3166,3532.2,0,0,0,0,19-DEC-2017,
OPTIDX,NIFTY,26-Dec-2019,8000,CE,0,0,0,3171,3445.75,0,0,750,0,19-DEC-2017,
OPTIDX,NIFTY,26-Dec-2019,8100,CE,0,0,0,3056.25,3359.5,0,0,0,0,19-DEC-2017,
OPTIDX,NIFTY,26-Dec-2019,8200,CE,0,0,0,2852,3273.55,0,0,3075,0,19-DEC-2017,
OPTIDX,NIFTY,26-Dec-2019,8300,CE,0,0,0,2948.6,3187.95,0,0,0,0,19-DEC-2017,
OPTIDX,NIFTY,26-Dec-2019,8400,CE,0,0,0,2895.55,3102.7,0,0,0,0,19-DEC-2017,
OPTIDX,NIFTY,26-Dec-2019,8500,CE,0,0,0,1535,3017.9,0,0,1050,0,19-DEC-2017,
OPTIDX,NIFTY,26-Dec-2019,8600,CE,0,0,0,2086,2933.5,0,0,150000,0,19-DEC-2017,
OPTIDX,NIFTY,26-Dec-2019,8700,CE,0,0,0,1200,2849.65,0,0,292500,0,19-DEC-2017,
OPTIDX,NIFTY,26-Dec-2019,8800,CE,0,0,0,1982.9,2766.35,0,0,108750,0,19-DEC-2017,
OPTIDX,NIFTY,26-Dec-2019,8900,CE,0,0,0,1862.5,2683.7,0,0,165000,0,19-DEC-2017,
OPTIDX,NIFTY,26-Dec-2019,9000,CE,0,0,0,2320,2601.7,0,0,82575,0,19-DEC-2017,
OPTIDX,NIFTY,26-Dec-2019,9100,CE,0,0,0,1530,2520.4,0,0,9750,0,19-DEC-2017,
OPTIDX,NIFTY,26-Dec-2019,9200,CE,0,0,0,2492.15,2439.9,0,0,0,0,19-DEC-2017,
OPTIDX,NIFTY,26-Dec-2019,9300,CE,0,0,0,2444.35,2360.3,0,0,0,0,19-DEC-2017,
OPTIDX,NIFTY,26-Dec-2019,9400,CE,0,0,0,2397.15,2281.55,0,0,0,0,19-DEC-2017,
OPTIDX,NIFTY,26-Dec-2019,9500,CE,0,0,0,2350.6,2203.8,0,0,0,0,19-DEC-2017,
OPTIDX,NIFTY,26-Dec-2019,9600,CE,0,0,0,2304.65,2127.1,0,0,0,0,19-DEC-2017,
OPTIDX,NIFTY,26-Dec-2019,9700,CE,0,0,0,2259.3,2051.45,0,0,0,0,19-DEC-2017,
OPTIDX,NIFTY,26-Dec-2019,9800,CE,0,0,0,2214.6,1976.95,0,0,0,0,19-DEC-2017,
OPTIDX,NIFTY,26-Dec-2019,9900,CE,0,0,0,2170.5,1903.65,0,0,0,0,19-DEC-2017,
OPTIDX,NIFTY,26-Dec-2019,10000,CE,0,0,0,2127.05,1831.65,0,0,0,0,19-DEC-2017,
OPTIDX,NIFTY,26-Dec-2019,10100,CE,0,0,0,2084.25,1760.95,0,0,0,0,19-DEC-2017,
OPTIDX,NIFTY,26-Dec-2019,10200,CE,0,0,0,1101.25,1691.6,0,0,79350,0,19-DEC-2017,
OPTIDX,NIFTY,26-Dec-2019,10300,CE,0,0,0,2000.5,1623.65,0,0,0,0,19-DEC-2017,
OPTIDX,NIFTY,26-Dec-2019,10400,CE,0,0,0,1959.55,1557.15,0,0,0,0,19-DEC-2017,
OPTIDX,NIFTY,26-Dec-2019,10500,CE,0,0,0,899,1492.5,0,0,1275,0,19-DEC-2017,
OPTIDX,NIFTY,26-Dec-2019,10600,CE,0,0,0,1879.3,1429,0,0,0,0,19-DEC-2017,
OPTIDX,NIFTY,26-Dec-2019,10700,CE,0,0,0,1828.9,1367.05,0,0,0,0,19-DEC-2017,
OPTIDX,NIFTY,26-Dec-2019,10800,CE,0,0,0,1881.6,1306.3,0,0,0,0,19-DEC-2017,
OPTIDX,NIFTY,26-Dec-2019,10900,CE,0,0,0,2271.4,1247.7,0,0,0,0,19-DEC-2017,
OPTIDX,NIFTY,26-Dec-2019,11000,CE,0,0,0,770.15,1190.7,0,0,600,0,19-DEC-2017,
OPTIDX,NIFTY,26-Dec-2019,11100,CE,0,0,0,2313.25,1135.4,0,0,0,0,19-DEC-2017,
OPTIDX,NIFTY,26-Dec-2019,11200,CE,0,0,0,2244.75,1081.8,0,0,0,0,19-DEC-2017,
OPTIDX,NIFTY,26-Dec-2019,11300,CE,0,0,0,2302.55,1029.85,0,0,0,0,19-DEC-2017,
OPTIDX,NIFTY,26-Dec-2019,11400,CE,0,0,0,2209.5,979.6,0,0,0,0,19-DEC-2017,
OPTIDX,NIFTY,26-Dec-2019,11500,CE,0,0,0,547.05,931.05,0,0,0,0,19-DEC-2017,
OPTIDX,NIFTY,26-Dec-2019,11600,CE,0,0,0,531.65,884.2,0,0,0,0,19-DEC-2017,
OPTIDX,NIFTY,26-Dec-2019,11700,CE,0,0,0,463.8,839,0,0,0,0,19-DEC-2017,
OPTIDX,NIFTY,26-Dec-2019,11800,CE,0,0,0,437.15,795.45,0,0,0,0,19-DEC-2017,
OPTIDX,NIFTY,26-Dec-2019,11900,CE,0,0,0,410.9,753.6,0,0,0,0,19-DEC-2017,
OPTIDX,NIFTY,26-Dec-2019,12000,CE,0,0,0,543.4,713.35,0,0,0,0,19-DEC-2017,
OPTIDX,NIFTY,26-Dec-2019,12100,CE,0,0,0,438.7,674.75,0,0,0,0,19-DEC-2017,
OPTIDX,NIFTY,26-Dec-2019,12200,CE,0,0,0,346.35,637.75,0,0,0,0,19-DEC-2017,
OPTIDX,NIFTY,26-Dec-2019,12300,CE,0,0,0,360.25,602.3,0,0,0,0,19-DEC-2017,
OPTIDX,NIFTY,26-Dec-2019,12400,CE,0,0,0,351.55,568.4,0,0,0,0,19-DEC-2017,
OPTIDX,NIFTY,26-Dec-2019,12500,CE,0,0,0,325.9,535.95,0,0,0,0,19-DEC-2017,
OPTIDX,NIFTY,26-Dec-2019,12600,CE,0,0,0,378.45,505.05,0,0,0,0,19-DEC-2017,
OPTIDX,NIFTY,26-Dec-2019,12700,CE,0,0,0,411.8,475.5,0,0,0,0,19-DEC-2017,
OPTIDX,NIFTY,26-Dec-2019,12800,CE,0,0,0,371.15,447.4,0,0,0,0,19-DEC-2017,
OPTIDX,NIFTY,26-Dec-2019,12900,CE,0,0,0,361.9,420.65,0,0,0,0,19-DEC-2017,
OPTIDX,NIFTY,26-Dec-2019,4600,PE,0,0,0,40,0,0,0,98775,0,19-DEC-2017,
OPTIDX,NIFTY,26-Dec-2019,4700,PE,0,0,0,87.15,0,0,0,0,0,19-DEC-2017,
OPTIDX,NIFTY,26-Dec-2019,4800,PE,0,0,0,31.15,0,0,0,0,0,19-DEC-2017,
OPTIDX,NIFTY,26-Dec-2019,4900,PE,0,0,0,27.3,0,0,0,0,0,19-DEC-2017,
OPTIDX,NIFTY,26-Dec-2019,5000,PE,0,0,0,16.75,0,0,0,0,0,19-DEC-2017,
OPTIDX,NIFTY,26-Dec-2019,5100,PE,0,0,0,19.65,0,0,0,0,0,19-DEC-2017,
OPTIDX,NIFTY,26-Dec-2019,5200,PE,0,0,0,87,0,0,0,270000,0,19-DEC-2017,
OPTIDX,NIFTY,26-Dec-2019,5300,PE,0,0,0,223.15,0,0,0,0,0,19-DEC-2017,
OPTIDX,NIFTY,26-Dec-2019,5400,PE,0,0,0,283.25,0,0,0,0,0,19-DEC-2017,
OPTIDX,NIFTY,26-Dec-2019,5500,PE,0,0,0,82,0,0,0,337425,0,19-DEC-2017,
OPTIDX,NIFTY,26-Dec-2019,5600,PE,0,0,0,46.8,0,0,0,0,0,19-DEC-2017,
OPTIDX,NIFTY,26-Dec-2019,5700,PE,0,0,0,44.15,0.05,0,0,0,0,19-DEC-2017,
OPTIDX,NIFTY,26-Dec-2019,5800,PE,0,0,0,54,0.05,0,0,0,0,19-DEC-2017,
OPTIDX,NIFTY,26-Dec-2019,5900,PE,0,0,0,17.2,0.05,0,0,0,0,19-DEC-2017,
OPTIDX,NIFTY,26-Dec-2019,6000,PE,0,0,0,110,0.05,0,0,137400,0,19-DEC-2017,
OPTIDX,NIFTY,26-Dec-2019,6100,PE,0,0,0,22.1,0.05,0,0,0,0,19-DEC-2017,
OPTIDX,NIFTY,26-Dec-2019,6200,PE,0,0,0,24.95,0.05,0,0,0,0,19-DEC-2017,
OPTIDX,NIFTY,26-Dec-2019,6300,PE,0,0,0,48,0.1,0,0,0,0,19-DEC-2017,
OPTIDX,NIFTY,26-Dec-2019,6400,PE,0,0,0,51,0.1,0,0,4125,0,19-DEC-2017,
OPTIDX,NIFTY,26-Dec-2019,6500,PE,0,0,0,130,0.15,0,0,196200,0,19-DEC-2017,
OPTIDX,NIFTY,26-Dec-2019,6600,PE,0,0,0,152,0.2,0,0,11925,0,19-DEC-2017,
OPTIDX,NIFTY,26-Dec-2019,6700,PE,0,0,0,100,0.25,0,0,1125,0,19-DEC-2017,
OPTIDX,NIFTY,26-Dec-2019,6800,PE,0,0,0,219.4,0.35,0,0,4125,0,19-DEC-2017,
OPTIDX,NIFTY,26-Dec-2019,6900,PE,0,0,0,117,0.5,0,0,0,0,19-DEC-2017,
OPTIDX,NIFTY,26-Dec-2019,7000,PE,0,0,0,70,0.65,0,0,13425,0,19-DEC-2017,
OPTIDX,NIFTY,26-Dec-2019,7100,PE,0,0,0,64.25,0.85,0,0,0,0,19-DEC-2017,
OPTIDX,NIFTY,26-Dec-2019,7200,PE,0,0,0,70.4,1.1,0,0,0,0,19-DEC-2017,
OPTIDX,NIFTY,26-Dec-2019,7300,PE,0,0,0,191,1.4,0,0,9750,0,19-DEC-2017,
OPTIDX,NIFTY,26-Dec-2019,7400,PE,0,0,0,84,1.8,0,0,0,0,19-DEC-2017,
OPTIDX,NIFTY,26-Dec-2019,7500,PE,0,0,0,110,2.3,0,0,56625,0,19-DEC-2017,
OPTIDX,NIFTY,26-Dec-2019,7600,PE,0,0,0,294.6,2.95,0,0,5475,0,19-DEC-2017,
OPTIDX,NIFTY,26-Dec-2019,7700,PE,0,0,0,220,3.7,0,0,12975,0,19-DEC-2017,
OPTIDX,NIFTY,26-Dec-2019,7800,PE,0,0,0,124,4.6,0,0,9225,0,19-DEC-2017,
OPTIDX,NIFTY,26-Dec-2019,7900,PE,0,0,0,173,5.7,0,0,5325,0,19-DEC-2017,
OPTIDX,NIFTY,26-Dec-2019,8000,PE,0,0,0,129,7.05,0,0,2400,0,19-DEC-2017,
OPTIDX,NIFTY,26-Dec-2019,8100,PE,0,0,0,216,8.65,0,0,5475,0,19-DEC-2017,
OPTIDX,NIFTY,26-Dec-2019,8200,PE,0,0,0,159,10.5,0,0,154050,0,19-DEC-2017,
OPTIDX,NIFTY,26-Dec-2019,8300,PE,0,0,0,570,12.7,0,0,297975,0,19-DEC-2017,
OPTIDX,NIFTY,26-Dec-2019,8400,PE,0,0,0,235,15.25,0,0,8175,0,19-DEC-2017,
OPTIDX,NIFTY,26-Dec-2019,8500,PE,0,0,0,395,18.25,0,0,279375,0,19-DEC-2017,
OPTIDX,NIFTY,26-Dec-2019,8600,PE,0,0,0,256,21.65,0,0,84825,0,19-DEC-2017,
OPTIDX,NIFTY,26-Dec-2019,8700,PE,0,0,0,384,25.6,0,0,64800,0,19-DEC-2017,
OPTIDX,NIFTY,26-Dec-2019,8800,PE,0,0,0,285.6,30.15,0,0,74475,0,19-DEC-2017,
OPTIDX,NIFTY,26-Dec-2019,8900,PE,0,0,0,615,35.25,0,0,87300,0,19-DEC-2017,
OPTIDX,NIFTY,26-Dec-2019,9000,PE,0,0,0,195,41.05,0,0,219450,0,19-DEC-2017,
OPTIDX,NIFTY,26-Dec-2019,9100,PE,175,175,175,175,175,1,6.95,68475,-75,19-DEC-2017,
OPTIDX,NIFTY,26-Dec-2019,9200,PE,195.05,195.05,195.05,195.05,195.05,3,21.13,285150,0,19-DEC-2017,
OPTIDX,NIFTY,26-Dec-2019,9300,PE,0,0,0,301,63.1,0,0,28275,0,19-DEC-2017,
OPTIDX,NIFTY,26-Dec-2019,9400,PE,0,0,0,252,72.15,0,0,64950,0,19-DEC-2017,
OPTIDX,NIFTY,26-Dec-2019,9500,PE,0,0,0,401,82.2,0,0,86100,0,19-DEC-2017,
OPTIDX,NIFTY,26-Dec-2019,9600,PE,0,0,0,575,93.3,0,0,25800,0,19-DEC-2017,
OPTIDX,NIFTY,26-Dec-2019,9700,PE,0,0,0,488,105.45,0,0,62400,0,19-DEC-2017,
OPTIDX,NIFTY,26-Dec-2019,9800,PE,0,0,0,528,118.8,0,0,9900,0,19-DEC-2017,
OPTIDX,NIFTY,26-Dec-2019,9900,PE,0,0,0,479.45,133.3,0,0,104475,0,19-DEC-2017,
OPTIDX,NIFTY,26-Dec-2019,10000,PE,0,0,0,226.95,149.1,0,0,159075,0,19-DEC-2017,
OPTIDX,NIFTY,26-Dec-2019,10100,PE,0,0,0,514.2,166.2,0,0,140850,0,19-DEC-2017,
OPTIDX,NIFTY,26-Dec-2019,10200,PE,0,0,0,630,184.65,0,0,180150,0,19-DEC-2017,
OPTIDX,NIFTY,26-Dec-2019,10300,PE,0,0,0,690,204.5,0,0,37725,0,19-DEC-2017,
OPTIDX,NIFTY,26-Dec-2019,10400,PE,308.05,308.05,308.05,308.05,308.05,1,8.03,9075,75,19-DEC-2017,
OPTIDX,NIFTY,26-Dec-2019,10500,PE,0,0,0,714,249,0,0,41325,0,19-DEC-2017,
OPTIDX,NIFTY,26-Dec-2019,10600,PE,0,0,0,593.9,273.25,0,0,0,0,19-DEC-2017,
OPTIDX,NIFTY,26-Dec-2019,10700,PE,0,0,0,954.6,299.15,0,0,60450,0,19-DEC-2017,
OPTIDX,NIFTY,26-Dec-2019,10800,PE,0,0,0,521.4,326.2,0,0,0,0,19-DEC-2017,
OPTIDX,NIFTY,26-Dec-2019,10900,PE,0,0,0,840,355.4,0,0,106950,0,19-DEC-2017,
OPTIDX,NIFTY,26-Dec-2019,11000,PE,0,0,0,820,386.25,0,0,170775,0,19-DEC-2017,
OPTIDX,NIFTY,26-Dec-2019,11100,PE,0,0,0,791,418.7,0,0,162000,0,19-DEC-2017,
OPTIDX,NIFTY,26-Dec-2019,11200,PE,0,0,0,842.8,452.9,0,0,0,0,19-DEC-2017,
OPTIDX,NIFTY,26-Dec-2019,11300,PE,0,0,0,789.45,488.75,0,0,0,0,19-DEC-2017,
OPTIDX,NIFTY,26-Dec-2019,11400,PE,0,0,0,745.55,526.35,0,0,0,0,19-DEC-2017,
OPTIDX,NIFTY,26-Dec-2019,11500,PE,0,0,0,1055.05,565.6,0,0,0,0,19-DEC-2017,
OPTIDX,NIFTY,26-Dec-2019,11600,PE,0,0,0,1057.1,606.55,0,0,0,0,19-DEC-2017,
OPTIDX,NIFTY,26-Dec-2019,11700,PE,0,0,0,993.45,649.15,0,0,0,0,19-DEC-2017,
OPTIDX,NIFTY,26-Dec-2019,11800,PE,0,0,0,987.75,693.4,0,0,0,0,19-DEC-2017,
OPTIDX,NIFTY,26-Dec-2019,11900,PE,0,0,0,921,739.35,0,0,0,0,19-DEC-2017,
OPTIDX,NIFTY,26-Dec-2019,12000,PE,0,0,0,1079.35,786.95,0,0,0,0,19-DEC-2017,
OPTIDX,NIFTY,26-Dec-2019,12100,PE,0,0,0,1008.3,836.15,0,0,0,0,19-DEC-2017,
OPTIDX,NIFTY,26-Dec-2019,12200,PE,0,0,0,960.25,886.95,0,0,0,0,19-DEC-2017,
OPTIDX,NIFTY,26-Dec-2019,12300,PE,0,0,0,946.8,939.3,0,0,0,0,19-DEC-2017,
OPTIDX,NIFTY,26-Dec-2019,12400,PE,0,0,0,1002.8,993.2,0,0,0,0,19-DEC-2017,
OPTIDX,NIFTY,26-Dec-2019,12500,PE,0,0,0,962.65,1048.6,0,0,0,0,19-DEC-2017,
OPTIDX,NIFTY,26-Dec-2019,12600,PE,0,0,0,1145.5,1105.45,0,0,0,0,19-DEC-2017,
OPTIDX,NIFTY,26-Dec-2019,12700,PE,0,0,0,1186.55,1163.75,0,0,0,0,19-DEC-2017,
OPTIDX,NIFTY,26-Dec-2019,12800,PE,0,0,0,1164.85,1223.4,0,0,0,0,19-DEC-2017,
OPTIDX,NIFTY,26-Dec-2019,12900,PE,0,0,0,1165.65,1284.45,0,0,0,0,19-DEC-2017,
OPTIDX,NIFTY,25-Jun-2020,4600,CE,0,0,0,3820.25,6551.75,0,0,0,0,19-DEC-2017,
OPTIDX,NIFTY,25-Jun-2020,4700,CE,0,0,0,3758.6,6466.75,0,0,0,0,19-DEC-2017,
OPTIDX,NIFTY,25-Jun-2020,4800,CE,0,0,0,3871.05,6381.7,0,0,0,0,19-DEC-2017,
OPTIDX,NIFTY,25-Jun-2020,4900,CE,0,0,0,3841.65,6296.65,0,0,0,0,19-DEC-2017,
OPTIDX,NIFTY,25-Jun-2020,5000,CE,0,0,0,3881.85,6211.65,0,0,0,0,19-DEC-2017,
OPTIDX,NIFTY,25-Jun-2020,5100,CE,0,0,0,3876.65,6126.6,0,0,0,0,19-DEC-2017,
OPTIDX,NIFTY,25-Jun-2020,5200,CE,0,0,0,4200.25,6041.6,0,0,0,0,19-DEC-2017,
OPTIDX,NIFTY,25-Jun-2020,5300,CE,0,0,0,4306.15,5956.55,0,0,0,0,19-DEC-2017,
OPTIDX,NIFTY,25-Jun-2020,5400,CE,0,0,0,4403.4,5871.5,0,0,0,0,19-DEC-2017,
OPTIDX,NIFTY,25-Jun-2020,5500,CE,0,0,0,4352.55,5786.5,0,0,0,0,19-DEC-2017,
OPTIDX,NIFTY,25-Jun-2020,5600,CE,0,0,0,4302.1,5701.45,0,0,0,0,19-DEC-2017,
OPTIDX,NIFTY,25-Jun-2020,5700,CE,0,0,0,4252.2,5616.45,0,0,0,0,19-DEC-2017,
OPTIDX,NIFTY,25-Jun-2020,5800,CE,0,0,0,4202.85,5531.4,0,0,0,0,19-DEC-2017,
OPTIDX,NIFTY,25-Jun-2020,5900,CE,0,0,0,4429.85,5446.4,0,0,0,0,19-DEC-2017,
OPTIDX,NIFTY,25-Jun-2020,6000,CE,0,0,0,4430,5361.4,0,0,0,0,19-DEC-2017,
OPTIDX,NIFTY,25-Jun-2020,6100,CE,0,0,0,4367.05,5276.35,0,0,0,0,19-DEC-2017,
OPTIDX,NIFTY,25-Jun-2020,6200,CE,0,0,0,4304.4,5191.35,0,0,0,0,19-DEC-2017,
OPTIDX,NIFTY,25-Jun-2020,6300,CE,0,0,0,4242.1,5106.4,0,0,0,0,19-DEC-2017,
OPTIDX,NIFTY,25-Jun-2020,6400,CE,0,0,0,4180.15,5021.4,0,0,0,0,19-DEC-2017,
OPTIDX,NIFTY,25-Jun-2020,6500,CE,0,0,0,4118.55,4936.45,0,0,0,0,19-DEC-2017,
OPTIDX,NIFTY,25-Jun-2020,6600,CE,0,0,0,4057.3,4851.5,0,0,0,0,19-DEC-2017,
OPTIDX,NIFTY,25-Jun-2020,6700,CE,0,0,0,3996.45,4766.6,0,0,0,0,19-DEC-2017,
OPTIDX,NIFTY,25-Jun-2020,6800,CE,0,0,0,3936,4681.75,0,0,0,0,19-DEC-2017,
OPTIDX,NIFTY,25-Jun-2020,6900,CE,0,0,0,3875.95,4596.9,0,0,0,0,19-DEC-2017,
OPTIDX,NIFTY,25-Jun-2020,7000,CE,0,0,0,3816.3,4512.15,0,0,0,0,19-DEC-2017,
OPTIDX,NIFTY,25-Jun-2020,7100,CE,0,0,0,3757.1,4427.4,0,0,0,0,19-DEC-2017,
OPTIDX,NIFTY,25-Jun-2020,7200,CE,0,0,0,3698.35,4342.75,0,0,0,0,19-DEC-2017,
OPTIDX,NIFTY,25-Jun-2020,7300,CE,0,0,0,3640.05,4258.2,0,0,0,0,19-DEC-2017,
OPTIDX,NIFTY,25-Jun-2020,7400,CE,0,0,0,3582.25,4173.75,0,0,0,0,19-DEC-2017,
OPTIDX,NIFTY,25-Jun-2020,7500,CE,0,0,0,3524.9,4089.4,0,0,0,0,19-DEC-2017,
OPTIDX,NIFTY,25-Jun-2020,7600,CE,0,0,0,3468.05,4005.2,0,0,0,0,19-DEC-2017,
OPTIDX,NIFTY,25-Jun-2020,7700,CE,0,0,0,3411.7,3921.15,0,0,0,0,19-DEC-2017,
OPTIDX,NIFTY,25-Jun-2020,7800,CE,0,0,0,3355.85,3837.25,0,0,0,0,19-DEC-2017,
OPTIDX,NIFTY,25-Jun-2020,7900,CE,0,0,0,3300.55,3753.6,0,0,0,0,19-DEC-2017,
OPTIDX,NIFTY,25-Jun-2020,8000,CE,0,0,0,3245.75,3670.15,0,0,0,0,19-DEC-2017,
OPTIDX,NIFTY,25-Jun-2020,8100,CE,0,0,0,3191.5,3586.95,0,0,0,0,19-DEC-2017,
OPTIDX,NIFTY,25-Jun-2020,8200,CE,0,0,0,3210,3504.1,0,0,49500,0,19-DEC-2017,
OPTIDX,NIFTY,25-Jun-2020,8300,CE,0,0,0,1888.95,3421.5,0,0,82500,0,19-DEC-2017,
OPTIDX,NIFTY,25-Jun-2020,8400,CE,0,0,0,2830,3339.3,0,0,1050,0,19-DEC-2017,
OPTIDX,NIFTY,25-Jun-2020,8500,CE,0,0,0,2980.05,3257.5,0,0,0,0,19-DEC-2017,
OPTIDX,NIFTY,25-Jun-2020,8600,CE,0,0,0,1600,3176.1,0,0,3000,0,19-DEC-2017,
OPTIDX,NIFTY,25-Jun-2020,8700,CE,0,0,0,1720,3095.2,0,0,2850,0,19-DEC-2017,
OPTIDX,NIFTY,25-Jun-2020,8800,CE,0,0,0,2217.65,3014.85,0,0,5250,0,19-DEC-2017,
OPTIDX,NIFTY,25-Jun-2020,8900,CE,0,0,0,2293,2935,0,0,3675,0,19-DEC-2017,
OPTIDX,NIFTY,25-Jun-2020,9000,CE,0,0,0,1635,2855.8,0,0,3750,0,19-DEC-2017,
OPTIDX,NIFTY,25-Jun-2020,9100,CE,0,0,0,2393,2777.2,0,0,2775,0,19-DEC-2017,
OPTIDX,NIFTY,25-Jun-2020,9200,CE,0,0,0,1800,2699.3,0,0,8850,0,19-DEC-2017,
OPTIDX,NIFTY,25-Jun-2020,9300,CE,0,0,0,2585,2622.15,0,0,0,0,19-DEC-2017,
OPTIDX,NIFTY,25-Jun-2020,9400,CE,0,0,0,2097,2545.8,0,0,22650,0,19-DEC-2017,
OPTIDX,NIFTY,25-Jun-2020,9500,CE,0,0,0,1665,2470.25,0,0,7500,0,19-DEC-2017,
OPTIDX,NIFTY,25-Jun-2020,9600,CE,0,0,0,1799,2395.6,0,0,150,0,19-DEC-2017,
OPTIDX,NIFTY,25-Jun-2020,9700,CE,0,0,0,1735,2321.85,0,0,20625,0,19-DEC-2017,
OPTIDX,NIFTY,25-Jun-2020,9800,CE,0,0,0,1830,2249.05,0,0,8250,0,19-DEC-2017,
OPTIDX,NIFTY,25-Jun-2020,9900,CE,0,0,0,2313.75,2177.3,0,0,0,0,19-DEC-2017,
OPTIDX,NIFTY,25-Jun-2020,10000,CE,0,0,0,1925,2106.55,0,0,243000,0,19-DEC-2017,
OPTIDX,NIFTY,25-Jun-2020,10100,CE,0,0,0,2228.2,2036.95,0,0,0,0,19-DEC-2017,
OPTIDX,NIFTY,25-Jun-2020,10200,CE,0,0,0,2186.35,1968.45,0,0,0,0,19-DEC-2017,
OPTIDX,NIFTY,25-Jun-2020,10300,CE,0,0,0,2145.1,1901.1,0,0,0,0,19-DEC-2017,
OPTIDX,NIFTY,25-Jun-2020,10400,CE,0,0,0,2104.45,1834.95,0,0,0,0,19-DEC-2017,
OPTIDX,NIFTY,25-Jun-2020,10500,CE,0,0,0,2064.1,1770.05,0,0,0,0,19-DEC-2017,
OPTIDX,NIFTY,25-Jun-2020,10600,CE,0,0,0,2024.7,1706.75,0,0,0,0,19-DEC-2017,
OPTIDX,NIFTY,25-Jun-2020,10700,CE,0,0,0,1985.9,1644.35,0,0,0,0,19-DEC-2017,
OPTIDX,NIFTY,25-Jun-2020,10800,CE,0,0,0,1947.7,1583.3,0,0,0,0,19-DEC-2017,
OPTIDX,NIFTY,25-Jun-2020,10900,CE,0,0,0,1886.7,1523.55,0,0,0,0,19-DEC-2017,
OPTIDX,NIFTY,25-Jun-2020,11000,CE,0,0,0,1852.85,1464.8,0,0,0,0,19-DEC-2017,
OPTIDX,NIFTY,25-Jun-2020,11100,CE,0,0,0,1016.25,1407.9,0,0,0,0,19-DEC-2017,
OPTIDX,NIFTY,25-Jun-2020,11200,CE,0,0,0,977.25,1352.4,0,0,0,0,19-DEC-2017,
OPTIDX,NIFTY,25-Jun-2020,11300,CE,0,0,0,1096.85,1298.3,0,0,0,0,19-DEC-2017,
OPTIDX,NIFTY,25-Jun-2020,11400,CE,0,0,0,1017.2,1245.65,0,0,0,0,19-DEC-2017,
OPTIDX,NIFTY,25-Jun-2020,11500,CE,0,0,0,730.25,1194.4,0,0,0,0,19-DEC-2017,
OPTIDX,NIFTY,25-Jun-2020,11600,CE,0,0,0,714.35,1144.6,0,0,0,0,19-DEC-2017,
OPTIDX,NIFTY,25-Jun-2020,11700,CE,0,0,0,642.25,1096.25,0,0,0,0,19-DEC-2017,
OPTIDX,NIFTY,25-Jun-2020,11800,CE,0,0,0,615.6,1049.3,0,0,0,0,19-DEC-2017,
OPTIDX,NIFTY,25-Jun-2020,11900,CE,0,0,0,590.45,1003.8,0,0,0,0,19-DEC-2017,
OPTIDX,NIFTY,25-Jun-2020,12000,CE,0,0,0,739.55,959.7,0,0,0,0,19-DEC-2017,
OPTIDX,NIFTY,25-Jun-2020,12100,CE,0,0,0,623.9,917,0,0,0,0,19-DEC-2017,
OPTIDX,NIFTY,25-Jun-2020,12200,CE,0,0,0,521.05,875.7,0,0,0,0,19-DEC-2017,
OPTIDX,NIFTY,25-Jun-2020,12300,CE,0,0,0,539.3,835.85,0,0,0,0,19-DEC-2017,
OPTIDX,NIFTY,25-Jun-2020,12400,CE,0,0,0,526.95,797.3,0,0,0,0,19-DEC-2017,
OPTIDX,NIFTY,25-Jun-2020,12500,CE,0,0,0,499.6,760.15,0,0,0,0,19-DEC-2017,
OPTIDX,NIFTY,25-Jun-2020,12600,CE,0,0,0,560.7,724.35,0,0,0,0,19-DEC-2017,
OPTIDX,NIFTY,25-Jun-2020,12700,CE,0,0,0,605.05,689.8,0,0,0,0,19-DEC-2017,
OPTIDX,NIFTY,25-Jun-2020,12800,CE,0,0,0,559.45,656.6,0,0,0,0,19-DEC-2017,
OPTIDX,NIFTY,25-Jun-2020,12900,CE,0,0,0,550.05,624.65,0,0,0,0,19-DEC-2017,
OPTIDX,NIFTY,25-Jun-2020,4600,PE,0,0,0,83.25,0,0,0,0,0,19-DEC-2017,
OPTIDX,NIFTY,25-Jun-2020,4700,PE,0,0,0,92.05,0,0,0,0,0,19-DEC-2017,
OPTIDX,NIFTY,25-Jun-2020,4800,PE,0,0,0,33.3,0,0,0,0,0,19-DEC-2017,
OPTIDX,NIFTY,25-Jun-2020,4900,PE,0,0,0,29.3,0,0,0,0,0,19-DEC-2017,
OPTIDX,NIFTY,25-Jun-2020,5000,PE,0,0,0,18.05,0,0,0,0,0,19-DEC-2017,
OPTIDX,NIFTY,25-Jun-2020,5100,PE,0,0,0,21.05,0,0,0,0,0,19-DEC-2017,
OPTIDX,NIFTY,25-Jun-2020,5200,PE,0,0,0,233.9,0,0,0,0,0,19-DEC-2017,
OPTIDX,NIFTY,25-Jun-2020,5300,PE,0,0,0,231.05,0,0,0,0,0,19-DEC-2017,
OPTIDX,NIFTY,25-Jun-2020,5400,PE,0,0,0,292.5,0.05,0,0,0,0,19-DEC-2017,
OPTIDX,NIFTY,25-Jun-2020,5500,PE,0,0,0,310.15,0.05,0,0,0,0,19-DEC-2017,
OPTIDX,NIFTY,25-Jun-2020,5600,PE,0,0,0,328.15,0.05,0,0,0,0,19-DEC-2017,
OPTIDX,NIFTY,25-Jun-2020,5700,PE,0,0,0,346.75,0.05,0,0,0,0,19-DEC-2017,
OPTIDX,NIFTY,25-Jun-2020,5800,PE,0,0,0,365.9,0.05,0,0,0,0,19-DEC-2017,
OPTIDX,NIFTY,25-Jun-2020,5900,PE,0,0,0,22.85,0.05,0,0,0,0,19-DEC-2017,
OPTIDX,NIFTY,25-Jun-2020,6000,PE,0,0,0,32.05,0.1,0,0,0,0,19-DEC-2017,
OPTIDX,NIFTY,25-Jun-2020,6100,PE,0,0,0,35.8,0.1,0,0,0,0,19-DEC-2017,
OPTIDX,NIFTY,25-Jun-2020,6200,PE,0,0,0,39.85,0.15,0,0,0,0,19-DEC-2017,
OPTIDX,NIFTY,25-Jun-2020,6300,PE,0,0,0,44.2,0.2,0,0,0,0,19-DEC-2017,
OPTIDX,NIFTY,25-Jun-2020,6400,PE,0,0,0,48.9,0.25,0,0,0,0,19-DEC-2017,
OPTIDX,NIFTY,25-Jun-2020,6500,PE,0,0,0,54,0.3,0,0,0,0,19-DEC-2017,
OPTIDX,NIFTY,25-Jun-2020,6600,PE,0,0,0,140,0.4,0,0,4575,0,19-DEC-2017,
OPTIDX,NIFTY,25-Jun-2020,6700,PE,0,0,0,100,0.55,0,0,4200,0,19-DEC-2017,
OPTIDX,NIFTY,25-Jun-2020,6800,PE,0,0,0,71.4,0.7,0,0,0,0,19-DEC-2017,
OPTIDX,NIFTY,25-Jun-2020,6900,PE,0,0,0,180,0.9,0,0,15675,0,19-DEC-2017,
OPTIDX,NIFTY,25-Jun-2020,7000,PE,0,0,0,158,1.15,0,0,19125,0,19-DEC-2017,
OPTIDX,NIFTY,25-Jun-2020,7100,PE,0,0,0,50,1.45,0,0,15225,0,19-DEC-2017,
OPTIDX,NIFTY,25-Jun-2020,7200,PE,0,0,0,160,1.85,0,0,12000,0,19-DEC-2017,
OPTIDX,NIFTY,25-Jun-2020,7300,PE,0,0,0,110,2.3,0,0,10425,0,19-DEC-2017,
OPTIDX,NIFTY,25-Jun-2020,7400,PE,0,0,0,145,2.9,0,0,28125,0,19-DEC-2017,
OPTIDX,NIFTY,25-Jun-2020,7500,PE,0,0,0,151,3.55,0,0,6375,0,19-DEC-2017,
OPTIDX,NIFTY,25-Jun-2020,7600,PE,0,0,0,129,4.4,0,0,24900,0,19-DEC-2017,
OPTIDX,NIFTY,25-Jun-2020,7700,PE,0,0,0,155,5.35,0,0,68025,0,19-DEC-2017,
OPTIDX,NIFTY,25-Jun-2020,7800,PE,0,0,0,165,6.55,0,0,10200,0,19-DEC-2017,
OPTIDX,NIFTY,25-Jun-2020,7900,PE,0,0,0,169.35,7.9,0,0,0,0,19-DEC-2017,
OPTIDX,NIFTY,25-Jun-2020,8000,PE,0,0,0,221,9.5,0,0,2325,0,19-DEC-2017,
OPTIDX,NIFTY,25-Jun-2020,8100,PE,0,0,0,114,11.35,0,0,5175,0,19-DEC-2017,
OPTIDX,NIFTY,25-Jun-2020,8200,PE,0,0,0,170,13.5,0,0,4125,0,19-DEC-2017,
OPTIDX,NIFTY,25-Jun-2020,8300,PE,0,0,0,172,15.95,0,0,14775,0,19-DEC-2017,
OPTIDX,NIFTY,25-Jun-2020,8400,PE,0,0,0,225,18.75,0,0,6750,0,19-DEC-2017,
OPTIDX,NIFTY,25-Jun-2020,8500,PE,0,0,0,330,22,0,0,2450,0,19-DEC-2017,
OPTIDX,NIFTY,25-Jun-2020,8600,PE,0,0,0,302.5,25.65,0,0,38925,0,19-DEC-2017,
OPTIDX,NIFTY,25-Jun-2020,8700,PE,0,0,0,330,29.75,0,0,127350,0,19-DEC-2017,
OPTIDX,NIFTY,25-Jun-2020,8800,PE,0,0,0,361,34.4,0,0,32550,0,19-DEC-2017,
OPTIDX,NIFTY,25-Jun-2020,8900,PE,0,0,0,405,39.6,0,0,68100,0,19-DEC-2017,
OPTIDX,NIFTY,25-Jun-2020,9000,PE,0,0,0,248,45.4,0,0,395800,0,19-DEC-2017,
OPTIDX,NIFTY,25-Jun-2020,9100,PE,0,0,0,294,51.85,0,0,25575,0,19-DEC-2017,
OPTIDX,NIFTY,25-Jun-2020,9200,PE,0,0,0,370,59,0,0,65475,0,19-DEC-2017,
OPTIDX,NIFTY,25-Jun-2020,9300,PE,0,0,0,294,66.9,0,0,32850,0,19-DEC-2017,
OPTIDX,NIFTY,25-Jun-2020,9400,PE,0,0,0,400,75.55,0,0,127725,0,19-DEC-2017,
OPTIDX,NIFTY,25-Jun-2020,9500,PE,0,0,0,525,85.05,0,0,61350,0,19-DEC-2017,
OPTIDX,NIFTY,25-Jun-2020,9600,PE,0,0,0,220.5,95.4,0,0,1488225,0,19-DEC-2017,
OPTIDX,NIFTY,25-Jun-2020,9700,PE,0,0,0,580,106.7,0,0,105000,0,19-DEC-2017,
OPTIDX,NIFTY,25-Jun-2020,9800,PE,0,0,0,375.85,118.95,0,0,120300,0,19-DEC-2017,
OPTIDX,NIFTY,25-Jun-2020,9900,PE,0,0,0,463,132.2,0,0,1624275,0,19-DEC-2017,
OPTIDX,NIFTY,25-Jun-2020,10000,PE,0,0,0,623,146.55,0,0,223500,0,19-DEC-2017,
OPTIDX,NIFTY,25-Jun-2020,10100,PE,0,0,0,636,161.95,0,0,128925,0,19-DEC-2017,
OPTIDX,NIFTY,25-Jun-2020,10200,PE,0,0,0,663,178.45,0,0,59325,0,19-DEC-2017,
OPTIDX,NIFTY,25-Jun-2020,10300,PE,0,0,0,649,196.15,0,0,32925,0,19-DEC-2017,
OPTIDX,NIFTY,25-Jun-2020,10400,PE,0,0,0,655,215.05,0,0,37800,0,19-DEC-2017,
OPTIDX,NIFTY,25-Jun-2020,10500,PE,0,0,0,500,235.15,0,0,47925,0,19-DEC-2017,
OPTIDX,NIFTY,25-Jun-2020,10600,PE,0,0,0,450,256.9,0,0,37650,0,19-DEC-2017,
OPTIDX,NIFTY,25-Jun-2020,10700,PE,0,0,0,548.5,279.55,0,0,81300,0,19-DEC-2017,
OPTIDX,NIFTY,25-Jun-2020,10800,PE,0,0,0,568.2,303.5,0,0,13950,0,19-DEC-2017,
OPTIDX,NIFTY,25-Jun-2020,10900,PE,0,0,0,597,328.8,0,0,100800,0,19-DEC-2017,
OPTIDX,NIFTY,25-Jun-2020,11000,PE,0,0,0,615,355.05,0,0,146700,0,19-DEC-2017,
OPTIDX,NIFTY,25-Jun-2020,11100,PE,0,0,0,807.35,383.2,0,0,0,0,19-DEC-2017,
OPTIDX,NIFTY,25-Jun-2020,11200,PE,0,0,0,793.15,412.7,0,0,0,0,19-DEC-2017,
OPTIDX,NIFTY,25-Jun-2020,11300,PE,0,0,0,770,443.65,0,0,158625,0,19-DEC-2017,
OPTIDX,NIFTY,25-Jun-2020,11400,PE,0,0,0,877.5,476.05,0,0,11700,0,19-DEC-2017,
OPTIDX,NIFTY,25-Jun-2020,11500,PE,0,0,0,868,509.85,0,0,164850,0,19-DEC-2017,
OPTIDX,NIFTY,25-Jun-2020,11600,PE,0,0,0,890,545.05,0,0,235050,0,19-DEC-2017,
OPTIDX,NIFTY,25-Jun-2020,11700,PE,0,0,0,893,581.75,0,0,15900,0,19-DEC-2017,
OPTIDX,NIFTY,25-Jun-2020,11800,PE,0,0,0,915.9,619.85,0,0,217650,0,19-DEC-2017,
OPTIDX,NIFTY,25-Jun-2020,11900,PE,0,0,0,777.55,659.35,0,0,0,0,19-DEC-2017,
OPTIDX,NIFTY,25-Jun-2020,12000,PE,0,0,0,1061,700.3,0,0,288075,0,19-DEC-2017,
OPTIDX,NIFTY,25-Jun-2020,12100,PE,0,0,0,1033,742.6,0,0,260850,0,19-DEC-2017,
OPTIDX,NIFTY,25-Jun-2020,12200,PE,0,0,0,801.7,786.4,0,0,0,0,19-DEC-2017,
OPTIDX,NIFTY,25-Jun-2020,12300,PE,0,0,0,1115.1,831.5,0,0,16200,0,19-DEC-2017,
OPTIDX,NIFTY,25-Jun-2020,12400,PE,0,0,0,1182,878.05,0,0,2775,0,19-DEC-2017,
OPTIDX,NIFTY,25-Jun-2020,12500,PE,0,0,0,799.3,925.9,0,0,0,0,19-DEC-2017,
OPTIDX,NIFTY,25-Jun-2020,12600,PE,0,0,0,990.05,975.1,0,0,0,0,19-DEC-2017,
OPTIDX,NIFTY,25-Jun-2020,12700,PE,0,0,0,1035.9,1025.65,0,0,0,0,19-DEC-2017,
OPTIDX,NIFTY,25-Jun-2020,12800,PE,0,0,0,1004.3,1077.45,0,0,0,0,19-DEC-2017,
OPTIDX,NIFTY,25-Jun-2020,12900,PE,0,0,0,1001.9,1130.55,0,0,0,0,19-DEC-2017,
OPTIDX,NIFTY,31-Dec-2020,4600,CE,0,0,0,3955.65,6680.05,0,0,0,0,19-DEC-2017,
OPTIDX,NIFTY,31-Dec-2020,4700,CE,0,0,0,3896.8,6597.8,0,0,0,0,19-DEC-2017,
OPTIDX,NIFTY,31-Dec-2020,4800,CE,0,0,0,4010.1,6515.55,0,0,0,0,19-DEC-2017,
OPTIDX,NIFTY,31-Dec-2020,4900,CE,0,0,0,3978.2,6433.3,0,0,0,0,19-DEC-2017,
OPTIDX,NIFTY,31-Dec-2020,5000,CE,0,0,0,4019.95,6351.1,0,0,0,0,19-DEC-2017,
OPTIDX,NIFTY,31-Dec-2020,5100,CE,0,0,0,4016.5,6268.85,0,0,0,0,19-DEC-2017,
OPTIDX,NIFTY,31-Dec-2020,5200,CE,0,0,0,4015.95,6186.6,0,0,0,0,19-DEC-2017,
OPTIDX,NIFTY,31-Dec-2020,5300,CE,0,0,0,4098.1,6104.35,0,0,0,0,19-DEC-2017,
OPTIDX,NIFTY,31-Dec-2020,5400,CE,0,0,0,4087.8,6022.1,0,0,0,0,19-DEC-2017,
OPTIDX,NIFTY,31-Dec-2020,5500,CE,0,0,0,4159.6,5939.9,0,0,0,0,19-DEC-2017,
OPTIDX,NIFTY,31-Dec-2020,5600,CE,0,0,0,4091.9,5857.65,0,0,0,0,19-DEC-2017,
OPTIDX,NIFTY,31-Dec-2020,5700,CE,0,0,0,4024.4,5775.45,0,0,0,0,19-DEC-2017,
OPTIDX,NIFTY,31-Dec-2020,5800,CE,0,0,0,3957.05,5693.2,0,0,0,0,19-DEC-2017,
OPTIDX,NIFTY,31-Dec-2020,5900,CE,0,0,0,3889.95,5611,0,0,0,0,19-DEC-2017,
OPTIDX,NIFTY,31-Dec-2020,6000,CE,0,0,0,3823.1,5528.75,0,0,0,0,19-DEC-2017,
OPTIDX,NIFTY,31-Dec-2020,6100,CE,0,0,0,3756.5,5446.6,0,0,0,0,19-DEC-2017,
OPTIDX,NIFTY,31-Dec-2020,6200,CE,0,0,0,3690.2,5364.4,0,0,0,0,19-DEC-2017,
OPTIDX,NIFTY,31-Dec-2020,6300,CE,0,0,0,3624.15,5282.2,0,0,0,0,19-DEC-2017,
OPTIDX,NIFTY,31-Dec-2020,6400,CE,0,0,0,3558.45,5200.05,0,0,0,0,19-DEC-2017,
OPTIDX,NIFTY,31-Dec-2020,6500,CE,0,0,0,3493.1,5117.95,0,0,0,0,19-DEC-2017,
OPTIDX,NIFTY,31-Dec-2020,6600,CE,0,0,0,3428.1,5035.85,0,0,0,0,19-DEC-2017,
OPTIDX,NIFTY,31-Dec-2020,6700,CE,0,0,0,3363.5,4953.8,0,0,0,0,19-DEC-2017,
OPTIDX,NIFTY,31-Dec-2020,6800,CE,0,0,0,3299.3,4871.8,0,0,0,0,19-DEC-2017,
OPTIDX,NIFTY,31-Dec-2020,6900,CE,0,0,0,3235.5,4789.8,0,0,0,0,19-DEC-2017,
OPTIDX,NIFTY,31-Dec-2020,7000,CE,0,0,0,3172.15,4707.9,0,0,0,0,19-DEC-2017,
OPTIDX,NIFTY,31-Dec-2020,7100,CE,0,0,0,3109.3,4626.1,0,0,0,0,19-DEC-2017,
OPTIDX,NIFTY,31-Dec-2020,7200,CE,0,0,0,3046.95,4544.35,0,0,0,0,19-DEC-2017,
OPTIDX,NIFTY,31-Dec-2020,7300,CE,0,0,0,2985.1,4462.7,0,0,0,0,19-DEC-2017,
OPTIDX,NIFTY,31-Dec-2020,7400,CE,0,0,0,2923.8,4381.15,0,0,0,0,19-DEC-2017,
OPTIDX,NIFTY,31-Dec-2020,7500,CE,0,0,0,2863.05,4299.75,0,0,0,0,19-DEC-2017,
OPTIDX,NIFTY,31-Dec-2020,7600,CE,0,0,0,2802.85,4218.45,0,0,0,0,19-DEC-2017,
OPTIDX,NIFTY,31-Dec-2020,7700,CE,0,0,0,2743.3,4137.35,0,0,0,0,19-DEC-2017,
OPTIDX,NIFTY,31-Dec-2020,7800,CE,0,0,0,2684.3,4056.45,0,0,0,0,19-DEC-2017,
OPTIDX,NIFTY,31-Dec-2020,7900,CE,0,0,0,2626,3975.7,0,0,0,0,19-DEC-2017,
OPTIDX,NIFTY,31-Dec-2020,8000,CE,0,0,0,2568.3,3895.2,0,0,0,0,19-DEC-2017,
OPTIDX,NIFTY,31-Dec-2020,8100,CE,0,0,0,2511.3,3814.95,0,0,0,0,19-DEC-2017,
OPTIDX,NIFTY,31-Dec-2020,8200,CE,0,0,0,2454.95,3735,0,0,0,0,19-DEC-2017,
OPTIDX,NIFTY,31-Dec-2020,8300,CE,0,0,0,2399.3,3655.35,0,0,0,0,19-DEC-2017,
OPTIDX,NIFTY,31-Dec-2020,8400,CE,0,0,0,2344.35,3576.05,0,0,0,0,19-DEC-2017,
OPTIDX,NIFTY,31-Dec-2020,8500,CE,0,0,0,2290.15,3497.1,0,0,0,0,19-DEC-2017,
OPTIDX,NIFTY,31-Dec-2020,8600,CE,0,0,0,2236.7,3418.55,0,0,0,0,19-DEC-2017,
OPTIDX,NIFTY,31-Dec-2020,8700,CE,0,0,0,2183.95,3340.4,0,0,0,0,19-DEC-2017,
OPTIDX,NIFTY,31-Dec-2020,8800,CE,0,0,0,2132,3262.75,0,0,0,0,19-DEC-2017,
OPTIDX,NIFTY,31-Dec-2020,8900,CE,0,0,0,2081.05,3185.6,0,0,0,0,19-DEC-2017,
OPTIDX,NIFTY,31-Dec-2020,9000,CE,0,0,0,2030.6,3108.95,0,0,0,0,19-DEC-2017,
OPTIDX,NIFTY,31-Dec-2020,9100,CE,0,0,0,1980.9,3032.9,0,0,0,0,19-DEC-2017,
OPTIDX,NIFTY,31-Dec-2020,9200,CE,0,0,0,1932.05,2957.45,0,0,0,0,19-DEC-2017,
OPTIDX,NIFTY,31-Dec-2020,9300,CE,0,0,0,1884,2882.65,0,0,0,0,19-DEC-2017,
OPTIDX,NIFTY,31-Dec-2020,9400,CE,0,0,0,1836.7,2808.5,0,0,0,0,19-DEC-2017,
OPTIDX,NIFTY,31-Dec-2020,9500,CE,0,0,0,2204,2735.05,0,0,14100,0,19-DEC-2017,
OPTIDX,NIFTY,31-Dec-2020,9600,CE,0,0,0,2213,2662.4,0,0,17775,0,19-DEC-2017,
OPTIDX,NIFTY,31-Dec-2020,9700,CE,0,0,0,1890,2590.45,0,0,24000,0,19-DEC-2017,
OPTIDX,NIFTY,31-Dec-2020,9800,CE,0,0,0,1870,2519.4,0,0,6150,0,19-DEC-2017,
OPTIDX,NIFTY,31-Dec-2020,9900,CE,0,0,0,1879,2449.15,0,0,27900,0,19-DEC-2017,
OPTIDX,NIFTY,31-Dec-2020,10000,CE,0,0,0,2000,2379.8,0,0,9825,0,19-DEC-2017,
OPTIDX,NIFTY,31-Dec-2020,10100,CE,0,0,0,1805,2311.35,0,0,2775,0,19-DEC-2017,
OPTIDX,NIFTY,31-Dec-2020,10200,CE,0,0,0,1782,2243.85,0,0,7200,0,19-DEC-2017,
OPTIDX,NIFTY,31-Dec-2020,10300,CE,0,0,0,1820,2177.35,0,0,20025,0,19-DEC-2017,
OPTIDX,NIFTY,31-Dec-2020,10400,CE,0,0,0,1878,2111.85,0,0,3975,0,19-DEC-2017,
OPTIDX,NIFTY,31-Dec-2020,10500,CE,0,0,0,1589,2047.35,0,0,75,0,19-DEC-2017,
OPTIDX,NIFTY,31-Dec-2020,10600,CE,0,0,0,1618.55,1983.95,0,0,0,0,19-DEC-2017,
OPTIDX,NIFTY,31-Dec-2020,10700,CE,0,0,0,1426.65,1921.6,0,0,0,0,19-DEC-2017,
OPTIDX,NIFTY,31-Dec-2020,10800,CE,0,0,0,1379.9,1860.7,0,0,0,0,19-DEC-2017,
OPTIDX,NIFTY,31-Dec-2020,10900,CE,0,0,0,1407.3,1800.55,0,0,0,0,19-DEC-2017,
OPTIDX,NIFTY,31-Dec-2020,11000,CE,0,0,0,1682,1741.55,0,0,4200,0,19-DEC-2017,
OPTIDX,NIFTY,31-Dec-2020,11100,CE,0,0,0,1224.25,1683.7,0,0,0,0,19-DEC-2017,
OPTIDX,NIFTY,31-Dec-2020,11200,CE,0,0,0,1186.75,1627.05,0,0,0,0,19-DEC-2017,
OPTIDX,NIFTY,31-Dec-2020,11300,CE,0,0,0,1315.8,1571.2,0,0,0,0,19-DEC-2017,
OPTIDX,NIFTY,31-Dec-2020,11400,CE,0,0,0,1233.1,1517,0,0,0,0,19-DEC-2017,
OPTIDX,NIFTY,31-Dec-2020,11500,CE,0,0,0,928.7,1464,0,0,0,0,19-DEC-2017,
OPTIDX,NIFTY,31-Dec-2020,11600,CE,0,0,0,913.15,1412.25,0,0,0,0,19-DEC-2017,
OPTIDX,NIFTY,31-Dec-2020,11700,CE,0,0,0,839.6,1361.7,0,0,0,0,19-DEC-2017,
OPTIDX,NIFTY,31-Dec-2020,11800,CE,0,0,0,814.5,1312.4,0,0,0,0,19-DEC-2017,
OPTIDX,NIFTY,31-Dec-2020,11900,CE,0,0,0,792.45,1264.35,0,0,0,0,19-DEC-2017,
OPTIDX,NIFTY,31-Dec-2020,12000,CE,0,0,0,952.7,1217.5,0,0,0,0,19-DEC-2017,
OPTIDX,NIFTY,31-Dec-2020,12100,CE,0,0,0,830.55,1171.9,0,0,0,0,19-DEC-2017,
OPTIDX,NIFTY,31-Dec-2020,12200,CE,0,0,0,721.8,1127.5,0,0,0,0,19-DEC-2017,
OPTIDX,NIFTY,31-Dec-2020,12300,CE,0,0,0,744.35,1084.35,0,0,0,0,19-DEC-2017,
OPTIDX,NIFTY,31-Dec-2020,12400,CE,0,0,0,727.75,1042.4,0,0,0,0,19-DEC-2017,
OPTIDX,NIFTY,31-Dec-2020,12500,CE,0,0,0,701,1001.6,0,0,0,0,19-DEC-2017,
OPTIDX,NIFTY,31-Dec-2020,12600,CE,0,0,0,766.05,962.05,0,0,0,0,19-DEC-2017,
OPTIDX,NIFTY,31-Dec-2020,12700,CE,0,0,0,820.15,923.65,0,0,0,0,19-DEC-2017,
OPTIDX,NIFTY,31-Dec-2020,12800,CE,0,0,0,772.1,886.45,0,0,0,0,19-DEC-2017,
OPTIDX,NIFTY,31-Dec-2020,12900,CE,0,0,0,763.4,850.4,0,0,0,0,19-DEC-2017,
OPTIDX,NIFTY,31-Dec-2020,4600,PE,0,0,0,86.9,0,0,0,0,0,19-DEC-2017,
OPTIDX,NIFTY,31-Dec-2020,4700,PE,0,0,0,95.6,0,0,0,0,0,19-DEC-2017,
OPTIDX,NIFTY,31-Dec-2020,4800,PE,0,0,0,34.8,0,0,0,0,0,19-DEC-2017,
OPTIDX,NIFTY,31-Dec-2020,4900,PE,0,0,0,30.75,0,0,0,0,0,19-DEC-2017,
OPTIDX,NIFTY,31-Dec-2020,5000,PE,0,0,0,18.95,0,0,0,0,0,19-DEC-2017,
OPTIDX,NIFTY,31-Dec-2020,5100,PE,0,0,0,22.1,0.05,0,0,0,0,19-DEC-2017,
OPTIDX,NIFTY,31-Dec-2020,5200,PE,0,0,0,34.15,0.05,0,0,0,0,19-DEC-2017,
OPTIDX,NIFTY,31-Dec-2020,5300,PE,0,0,0,13.65,0.05,0,0,0,0,19-DEC-2017,
OPTIDX,NIFTY,31-Dec-2020,5400,PE,0,0,0,20.55,0.05,0,0,0,0,19-DEC-2017,
OPTIDX,NIFTY,31-Dec-2020,5500,PE,0,0,0,109.9,0.05,0,0,600,0,19-DEC-2017,
OPTIDX,NIFTY,31-Dec-2020,5600,PE,0,0,0,8.2,0.05,0,0,0,0,19-DEC-2017,
OPTIDX,NIFTY,31-Dec-2020,5700,PE,0,0,0,9.7,0.05,0,0,0,0,19-DEC-2017,
OPTIDX,NIFTY,31-Dec-2020,5800,PE,0,0,0,11.35,0.1,0,0,0,0,19-DEC-2017,
OPTIDX,NIFTY,31-Dec-2020,5900,PE,0,0,0,13.25,0.1,0,0,0,0,19-DEC-2017,
OPTIDX,NIFTY,31-Dec-2020,6000,PE,0,0,0,15.35,0.15,0,0,0,0,19-DEC-2017,
OPTIDX,NIFTY,31-Dec-2020,6100,PE,0,0,0,17.7,0.2,0,0,0,0,19-DEC-2017,
OPTIDX,NIFTY,31-Dec-2020,6200,PE,0,0,0,20.35,0.25,0,0,0,0,19-DEC-2017,
OPTIDX,NIFTY,31-Dec-2020,6300,PE,0,0,0,23.35,0.3,0,0,0,0,19-DEC-2017,
OPTIDX,NIFTY,31-Dec-2020,6400,PE,0,0,0,26.6,0.4,0,0,0,0,19-DEC-2017,
OPTIDX,NIFTY,31-Dec-2020,6500,PE,0,0,0,30.2,0.55,0,0,0,0,19-DEC-2017,
OPTIDX,NIFTY,31-Dec-2020,6600,PE,0,0,0,34.2,0.7,0,0,0,0,19-DEC-2017,
OPTIDX,NIFTY,31-Dec-2020,6700,PE,0,0,0,38.55,0.85,0,0,0,0,19-DEC-2017,
OPTIDX,NIFTY,31-Dec-2020,6800,PE,0,0,0,88,1.1,0,0,58875,0,19-DEC-2017,
OPTIDX,NIFTY,31-Dec-2020,6900,PE,0,0,0,149,1.35,0,0,10125,0,19-DEC-2017,
OPTIDX,NIFTY,31-Dec-2020,7000,PE,0,0,0,54.15,1.7,0,0,0,0,19-DEC-2017,
OPTIDX,NIFTY,31-Dec-2020,7100,PE,0,0,0,60.3,2.15,0,0,0,0,19-DEC-2017,
OPTIDX,NIFTY,31-Dec-2020,7200,PE,0,0,0,66.9,2.6,0,0,0,0,19-DEC-2017,
OPTIDX,NIFTY,31-Dec-2020,7300,PE,0,0,0,74.05,3.2,0,0,0,0,19-DEC-2017,
OPTIDX,NIFTY,31-Dec-2020,7400,PE,0,0,0,81.7,3.9,0,0,0,0,19-DEC-2017,
OPTIDX,NIFTY,31-Dec-2020,7500,PE,0,0,0,100,4.75,0,0,37050,0,19-DEC-2017,
OPTIDX,NIFTY,31-Dec-2020,7600,PE,0,0,0,130,5.7,0,0,63675,0,19-DEC-2017,
OPTIDX,NIFTY,31-Dec-2020,7700,PE,0,0,0,130,6.85,0,0,33075,0,19-DEC-2017,
OPTIDX,NIFTY,31-Dec-2020,7800,PE,0,0,0,160,8.15,0,0,125700,0,19-DEC-2017,
OPTIDX,NIFTY,31-Dec-2020,7900,PE,0,0,0,150,9.7,0,0,39825,0,19-DEC-2017,
OPTIDX,NIFTY,31-Dec-2020,8000,PE,0,0,0,115,11.45,0,0,67050,0,19-DEC-2017,
OPTIDX,NIFTY,31-Dec-2020,8100,PE,0,0,0,148,13.45,0,0,80850,0,19-DEC-2017,
OPTIDX,NIFTY,31-Dec-2020,8200,PE,0,0,0,158,15.75,0,0,33600,0,19-DEC-2017,
OPTIDX,NIFTY,31-Dec-2020,8300,PE,0,0,0,150,18.3,0,0,59700,0,19-DEC-2017,
OPTIDX,NIFTY,31-Dec-2020,8400,PE,0,0,0,192.05,21.25,0,0,0,0,19-DEC-2017,
OPTIDX,NIFTY,31-Dec-2020,8500,PE,0,0,0,180,24.55,0,0,56175,0,19-DEC-2017,
OPTIDX,NIFTY,31-Dec-2020,8600,PE,0,0,0,222.3,28.25,0,0,0,0,19-DEC-2017,
OPTIDX,NIFTY,31-Dec-2020,8700,PE,0,0,0,282.7,32.35,0,0,19500,0,19-DEC-2017,
OPTIDX,NIFTY,31-Dec-2020,8800,PE,0,0,0,255.55,36.95,0,0,0,0,19-DEC-2017,
OPTIDX,NIFTY,31-Dec-2020,8900,PE,0,0,0,273.55,42,0,0,0,0,19-DEC-2017,
OPTIDX,NIFTY,31-Dec-2020,9000,PE,0,0,0,276.8,47.65,0,0,213375,0,19-DEC-2017,
OPTIDX,NIFTY,31-Dec-2020,9100,PE,0,0,0,311.4,53.8,0,0,0,0,19-DEC-2017,
OPTIDX,NIFTY,31-Dec-2020,9200,PE,0,0,0,331.55,60.6,0,0,0,0,19-DEC-2017,
OPTIDX,NIFTY,31-Dec-2020,9300,PE,0,0,0,352.45,68,0,0,0,0,19-DEC-2017,
OPTIDX,NIFTY,31-Dec-2020,9400,PE,0,0,0,374.15,76.1,0,0,0,0,19-DEC-2017,
OPTIDX,NIFTY,31-Dec-2020,9500,PE,0,0,0,275,84.95,0,0,76725,0,19-DEC-2017,
OPTIDX,NIFTY,31-Dec-2020,9600,PE,0,0,0,450,94.5,0,0,81300,0,19-DEC-2017,
OPTIDX,NIFTY,31-Dec-2020,9700,PE,0,0,0,629,104.85,0,0,95850,0,19-DEC-2017,
OPTIDX,NIFTY,31-Dec-2020,9800,PE,0,0,0,416.05,116,0,0,300975,0,19-DEC-2017,
OPTIDX,NIFTY,31-Dec-2020,9900,PE,0,0,0,616.6,128,0,0,624600,0,19-DEC-2017,
OPTIDX,NIFTY,31-Dec-2020,10000,PE,0,0,0,339.5,140.9,0,0,607725,0,19-DEC-2017,
OPTIDX,NIFTY,31-Dec-2020,10100,PE,0,0,0,551,154.7,0,0,712200,0,19-DEC-2017,
OPTIDX,NIFTY,31-Dec-2020,10200,PE,0,0,0,600,169.45,0,0,354375,0,19-DEC-2017,
OPTIDX,NIFTY,31-Dec-2020,10300,PE,0,0,0,602,185.15,0,0,375225,0,19-DEC-2017,
OPTIDX,NIFTY,31-Dec-2020,10400,PE,579,579,579,579,579,16,131.74,13350,1200,19-DEC-2017,
OPTIDX,NIFTY,31-Dec-2020,10500,PE,0,0,0,625,219.65,0,0,194625,0,19-DEC-2017,
OPTIDX,NIFTY,31-Dec-2020,10600,PE,0,0,0,1058.9,238.5,0,0,0,0,19-DEC-2017,
OPTIDX,NIFTY,31-Dec-2020,10700,PE,0,0,0,863.65,258.4,0,0,0,0,19-DEC-2017,
OPTIDX,NIFTY,31-Dec-2020,10800,PE,0,0,0,664.1,279.75,0,0,99975,0,19-DEC-2017,
OPTIDX,NIFTY,31-Dec-2020,10900,PE,0,0,0,907.1,301.8,0,0,0,0,19-DEC-2017,
OPTIDX,NIFTY,31-Dec-2020,11000,PE,0,0,0,847.55,325.05,0,0,0,0,19-DEC-2017,
OPTIDX,NIFTY,31-Dec-2020,11100,PE,0,0,0,716.35,349.45,0,0,0,0,19-DEC-2017,
OPTIDX,NIFTY,31-Dec-2020,11200,PE,0,0,0,700.3,375.05,0,0,0,0,19-DEC-2017,
OPTIDX,NIFTY,31-Dec-2020,11300,PE,0,0,0,730.9,401.4,0,0,0,0,19-DEC-2017,
OPTIDX,NIFTY,31-Dec-2020,11400,PE,0,0,0,719.55,429.45,0,0,0,0,19-DEC-2017,
OPTIDX,NIFTY,31-Dec-2020,11500,PE,0,0,0,823.25,458.75,0,0,0,0,19-DEC-2017,
OPTIDX,NIFTY,31-Dec-2020,11600,PE,0,0,0,818.85,489.2,0,0,0,0,19-DEC-2017,
OPTIDX,NIFTY,31-Dec-2020,11700,PE,0,0,0,741.15,520.9,0,0,0,0,19-DEC-2017,
OPTIDX,NIFTY,31-Dec-2020,11800,PE,0,0,0,725.4,553.85,0,0,0,0,19-DEC-2017,
OPTIDX,NIFTY,31-Dec-2020,11900,PE,0,0,0,655.15,588.05,0,0,0,0,19-DEC-2017,
OPTIDX,NIFTY,31-Dec-2020,12000,PE,0,0,0,835.15,623.45,0,0,0,0,19-DEC-2017,
OPTIDX,NIFTY,31-Dec-2020,12100,PE,0,0,0,738.75,660.05,0,0,0,0,19-DEC-2017,
OPTIDX,NIFTY,31-Dec-2020,12200,PE,0,0,0,667.8,697.9,0,0,0,0,19-DEC-2017,
OPTIDX,NIFTY,31-Dec-2020,12300,PE,0,0,0,658,737,0,0,0,0,19-DEC-2017,
OPTIDX,NIFTY,31-Dec-2020,12400,PE,0,0,0,710.3,777.3,0,0,0,0,19-DEC-2017,
OPTIDX,NIFTY,31-Dec-2020,12500,PE,0,0,0,661.95,818.75,0,0,0,0,19-DEC-2017,
OPTIDX,NIFTY,31-Dec-2020,12600,PE,0,0,0,855.75,861.45,0,0,0,0,19-DEC-2017,
OPTIDX,NIFTY,31-Dec-2020,12700,PE,0,0,0,905.1,905.3,0,0,0,0,19-DEC-2017,
OPTIDX,NIFTY,31-Dec-2020,12800,PE,0,0,0,866.3,950.35,0,0,0,0,19-DEC-2017,
OPTIDX,NIFTY,31-Dec-2020,12900,PE,0,0,0,861.5,996.55,0,0,0,0,19-DEC-2017,
OPTIDX,NIFTY,24-Jun-2021,5500,CE,0,0,0,3905.65,6077.45,0,0,0,0,19-DEC-2017,
OPTIDX,NIFTY,24-Jun-2021,5600,CE,0,0,0,3839.35,5997.7,0,0,0,0,19-DEC-2017,
OPTIDX,NIFTY,24-Jun-2021,5700,CE,0,0,0,3987.4,5918,0,0,0,0,19-DEC-2017,
OPTIDX,NIFTY,24-Jun-2021,5800,CE,0,0,0,3922.55,5838.3,0,0,0,0,19-DEC-2017,
OPTIDX,NIFTY,24-Jun-2021,5900,CE,0,0,0,4184.45,5758.6,0,0,0,0,19-DEC-2017,
OPTIDX,NIFTY,24-Jun-2021,6000,CE,0,0,0,4117.95,5678.9,0,0,0,0,19-DEC-2017,
OPTIDX,NIFTY,24-Jun-2021,6100,CE,0,0,0,4051.85,5599.2,0,0,0,0,19-DEC-2017,
OPTIDX,NIFTY,24-Jun-2021,6200,CE,0,0,0,3986.05,5519.55,0,0,0,0,19-DEC-2017,
OPTIDX,NIFTY,24-Jun-2021,6300,CE,0,0,0,3920.65,5439.9,0,0,0,0,19-DEC-2017,
OPTIDX,NIFTY,24-Jun-2021,6400,CE,0,0,0,3855.6,5360.3,0,0,0,0,19-DEC-2017,
OPTIDX,NIFTY,24-Jun-2021,6500,CE,0,0,0,3791,5280.7,0,0,0,0,19-DEC-2017,
OPTIDX,NIFTY,24-Jun-2021,6600,CE,0,0,0,3726.85,5201.15,0,0,0,0,19-DEC-2017,
OPTIDX,NIFTY,24-Jun-2021,6700,CE,0,0,0,3663.1,5121.65,0,0,0,0,19-DEC-2017,
OPTIDX,NIFTY,24-Jun-2021,6800,CE,0,0,0,3599.8,5042.2,0,0,0,0,19-DEC-2017,
OPTIDX,NIFTY,24-Jun-2021,6900,CE,0,0,0,3537,4962.8,0,0,0,0,19-DEC-2017,
OPTIDX,NIFTY,24-Jun-2021,7000,CE,0,0,0,3474.7,4883.45,0,0,0,0,19-DEC-2017,
OPTIDX,NIFTY,24-Jun-2021,7100,CE,0,0,0,3412.9,4804.2,0,0,0,0,19-DEC-2017,
OPTIDX,NIFTY,24-Jun-2021,7200,CE,0,0,0,3351.6,4725.05,0,0,0,0,19-DEC-2017,
OPTIDX,NIFTY,24-Jun-2021,7300,CE,0,0,0,3290.9,4645.95,0,0,0,0,19-DEC-2017,
OPTIDX,NIFTY,24-Jun-2021,7400,CE,0,0,0,3230.7,4567,0,0,0,0,19-DEC-2017,
OPTIDX,NIFTY,24-Jun-2021,7500,CE,0,0,0,3171.1,4488.2,0,0,0,0,19-DEC-2017,
OPTIDX,NIFTY,24-Jun-2021,7600,CE,0,0,0,3112.1,4409.5,0,0,0,0,19-DEC-2017,
OPTIDX,NIFTY,24-Jun-2021,7700,CE,0,0,0,3053.65,4331,0,0,0,0,19-DEC-2017,
OPTIDX,NIFTY,24-Jun-2021,7800,CE,0,0,0,2995.85,4252.65,0,0,0,0,19-DEC-2017,
OPTIDX,NIFTY,24-Jun-2021,7900,CE,0,0,0,2938.65,4174.5,0,0,0,0,19-DEC-2017,
OPTIDX,NIFTY,24-Jun-2021,8000,CE,0,0,0,2882.1,4096.55,0,0,0,0,19-DEC-2017,
OPTIDX,NIFTY,24-Jun-2021,8100,CE,0,0,0,2826.2,4018.9,0,0,0,0,19-DEC-2017,
OPTIDX,NIFTY,24-Jun-2021,8200,CE,0,0,0,2770.9,3941.45,0,0,0,0,19-DEC-2017,
OPTIDX,NIFTY,24-Jun-2021,8300,CE,0,0,0,2716.3,3864.35,0,0,0,0,19-DEC-2017,
OPTIDX,NIFTY,24-Jun-2021,8400,CE,0,0,0,2662.4,3787.5,0,0,0,0,19-DEC-2017,
OPTIDX,NIFTY,24-Jun-2021,8500,CE,0,0,0,2609.1,3711.05,0,0,0,0,19-DEC-2017,
OPTIDX,NIFTY,24-Jun-2021,8600,CE,0,0,0,2556.8,3634.9,0,0,0,0,19-DEC-2017,
OPTIDX,NIFTY,24-Jun-2021,8700,CE,0,0,0,2504.9,3559.2,0,0,0,0,19-DEC-2017,
OPTIDX,NIFTY,24-Jun-2021,8800,CE,0,0,0,2453.7,3483.85,0,0,0,0,19-DEC-2017,
OPTIDX,NIFTY,24-Jun-2021,8900,CE,0,0,0,2403.2,3409,0,0,0,0,19-DEC-2017,
OPTIDX,NIFTY,24-Jun-2021,9000,CE,0,0,0,2353.4,3334.6,0,0,0,0,19-DEC-2017,
OPTIDX,NIFTY,24-Jun-2021,9100,CE,0,0,0,2304.3,3260.7,0,0,0,0,19-DEC-2017,
OPTIDX,NIFTY,24-Jun-2021,9200,CE,0,0,0,2255.95,3187.35,0,0,0,0,19-DEC-2017,
OPTIDX,NIFTY,24-Jun-2021,9300,CE,0,0,0,2208.3,3114.55,0,0,0,0,19-DEC-2017,
OPTIDX,NIFTY,24-Jun-2021,9400,CE,0,0,0,2161.35,3042.35,0,0,0,0,19-DEC-2017,
OPTIDX,NIFTY,24-Jun-2021,9500,CE,0,0,0,2115.15,2970.75,0,0,0,0,19-DEC-2017,
OPTIDX,NIFTY,24-Jun-2021,9600,CE,0,0,0,2069.65,2899.85,0,0,0,0,19-DEC-2017,
OPTIDX,NIFTY,24-Jun-2021,9700,CE,0,0,0,2024.9,2829.6,0,0,0,0,19-DEC-2017,
OPTIDX,NIFTY,24-Jun-2021,9800,CE,0,0,0,1980.85,2760.05,0,0,0,0,19-DEC-2017,
OPTIDX,NIFTY,24-Jun-2021,9900,CE,0,0,0,1937.55,2691.2,0,0,0,0,19-DEC-2017,
OPTIDX,NIFTY,24-Jun-2021,10000,CE,0,0,0,1894.65,2623.15,0,0,0,0,19-DEC-2017,
OPTIDX,NIFTY,24-Jun-2021,10100,CE,0,0,0,1852.8,2555.9,0,0,0,0,19-DEC-2017,
OPTIDX,NIFTY,24-Jun-2021,10200,CE,0,0,0,1811.65,2489.45,0,0,0,0,19-DEC-2017,
OPTIDX,NIFTY,24-Jun-2021,10300,CE,0,0,0,1771.25,2423.85,0,0,0,0,19-DEC-2017,
OPTIDX,NIFTY,24-Jun-2021,10400,CE,0,0,0,1731.55,2359.1,0,0,0,0,19-DEC-2017,
OPTIDX,NIFTY,24-Jun-2021,10500,CE,0,0,0,1692.55,2295.25,0,0,0,0,19-DEC-2017,
OPTIDX,NIFTY,24-Jun-2021,10600,CE,0,0,0,1654.25,2232.3,0,0,0,0,19-DEC-2017,
OPTIDX,NIFTY,24-Jun-2021,10700,CE,0,0,0,1616.65,2170.3,0,0,0,0,19-DEC-2017,
OPTIDX,NIFTY,24-Jun-2021,10800,CE,0,0,0,1571.25,2109.25,0,0,0,0,19-DEC-2017,
OPTIDX,NIFTY,24-Jun-2021,10900,CE,0,0,0,1599.65,2049.15,0,0,0,0,19-DEC-2017,
OPTIDX,NIFTY,24-Jun-2021,11000,CE,0,0,0,1545.55,1990.35,0,0,0,0,19-DEC-2017,
OPTIDX,NIFTY,24-Jun-2021,11100,CE,0,0,0,1418.05,1932.15,0,0,0,0,19-DEC-2017,
OPTIDX,NIFTY,24-Jun-2021,11200,CE,0,0,0,1382.5,1875.05,0,0,0,0,19-DEC-2017,
OPTIDX,NIFTY,24-Jun-2021,11300,CE,0,0,0,1518.9,1818.95,0,0,0,0,19-DEC-2017,
OPTIDX,NIFTY,24-Jun-2021,11400,CE,0,0,0,1434.65,1763.85,0,0,0,0,19-DEC-2017,
OPTIDX,NIFTY,24-Jun-2021,11500,CE,0,0,0,1117.1,1709.85,0,0,0,0,19-DEC-2017,
OPTIDX,NIFTY,24-Jun-2021,11600,CE,0,0,0,1102.35,1656.5,0,0,0,0,19-DEC-2017,
OPTIDX,NIFTY,24-Jun-2021,11700,CE,0,0,0,1029.5,1604.7,0,0,0,0,19-DEC-2017,
OPTIDX,NIFTY,24-Jun-2021,11800,CE,0,0,0,1006.9,1553.95,0,0,0,0,19-DEC-2017,
OPTIDX,NIFTY,24-Jun-2021,11900,CE,0,0,0,989.1,1504.3,0,0,0,0,19-DEC-2017,
OPTIDX,NIFTY,24-Jun-2021,12000,CE,0,0,0,1155.1,1455.7,0,0,0,0,19-DEC-2017,
OPTIDX,NIFTY,24-Jun-2021,12100,CE,0,0,0,1030.5,1408.2,0,0,0,0,19-DEC-2017,
OPTIDX,NIFTY,24-Jun-2021,12200,CE,0,0,0,919.8,1361.8,0,0,0,0,19-DEC-2017,
OPTIDX,NIFTY,24-Jun-2021,12300,CE,0,0,0,946.05,1316.5,0,0,0,0,19-DEC-2017,
OPTIDX,NIFTY,24-Jun-2021,12400,CE,0,0,0,925.35,1272.25,0,0,0,0,19-DEC-2017,
OPTIDX,NIFTY,24-Jun-2021,12500,CE,0,0,0,900.75,1229.05,0,0,0,0,19-DEC-2017,
OPTIDX,NIFTY,24-Jun-2021,12600,CE,0,0,0,965.8,1186.95,0,0,0,0,19-DEC-2017,
OPTIDX,NIFTY,24-Jun-2021,12700,CE,0,0,0,1027.5,1145.9,0,0,0,0,19-DEC-2017,
OPTIDX,NIFTY,24-Jun-2021,12800,CE,0,0,0,979.15,1105.9,0,0,0,0,19-DEC-2017,
OPTIDX,NIFTY,24-Jun-2021,12900,CE,0,0,0,971.65,1067,0,0,0,0,19-DEC-2017,
OPTIDX,NIFTY,24-Jun-2021,5500,PE,0,0,0,79.85,0.05,0,0,0,0,19-DEC-2017,
OPTIDX,NIFTY,24-Jun-2021,5600,PE,0,0,0,88.15,0.1,0,0,0,0,19-DEC-2017,
OPTIDX,NIFTY,24-Jun-2021,5700,PE,0,0,0,95.8,0.1,0,0,0,0,19-DEC-2017,
OPTIDX,NIFTY,24-Jun-2021,5800,PE,0,0,0,104.95,0.15,0,0,0,0,19-DEC-2017,
OPTIDX,NIFTY,24-Jun-2021,5900,PE,0,0,0,27.3,0.15,0,0,0,0,19-DEC-2017,
OPTIDX,NIFTY,24-Jun-2021,6000,PE,0,0,0,35,0.2,0,0,300,0,19-DEC-2017,
OPTIDX,NIFTY,24-Jun-2021,6100,PE,0,0,0,34.75,0.3,0,0,0,0,19-DEC-2017,
OPTIDX,NIFTY,24-Jun-2021,6200,PE,0,0,0,38.95,0.35,0,0,0,0,19-DEC-2017,
OPTIDX,NIFTY,24-Jun-2021,6300,PE,0,0,0,43.55,0.45,0,0,0,0,19-DEC-2017,
OPTIDX,NIFTY,24-Jun-2021,6400,PE,0,0,0,48.55,0.6,0,0,0,0,19-DEC-2017,
OPTIDX,NIFTY,24-Jun-2021,6500,PE,0,0,0,53.95,0.75,0,0,0,0,19-DEC-2017,
OPTIDX,NIFTY,24-Jun-2021,6600,PE,0,0,0,59.8,0.95,0,0,0,0,19-DEC-2017,
OPTIDX,NIFTY,24-Jun-2021,6700,PE,0,0,0,66.05,1.2,0,0,0,0,19-DEC-2017,
OPTIDX,NIFTY,24-Jun-2021,6800,PE,0,0,0,72.8,1.45,0,0,0,0,19-DEC-2017,
OPTIDX,NIFTY,24-Jun-2021,6900,PE,0,0,0,80,1.8,0,0,0,0,19-DEC-2017,
OPTIDX,NIFTY,24-Jun-2021,7000,PE,0,0,0,87.7,2.2,0,0,0,0,19-DEC-2017,
OPTIDX,NIFTY,24-Jun-2021,7100,PE,0,0,0,95.9,2.7,0,0,0,0,19-DEC-2017,
OPTIDX,NIFTY,24-Jun-2021,7200,PE,0,0,0,104.65,3.25,0,0,0,0,19-DEC-2017,
OPTIDX,NIFTY,24-Jun-2021,7300,PE,0,0,0,113.95,3.95,0,0,0,0,19-DEC-2017,
OPTIDX,NIFTY,24-Jun-2021,7400,PE,0,0,0,123.75,4.75,0,0,0,0,19-DEC-2017,
OPTIDX,NIFTY,24-Jun-2021,7500,PE,0,0,0,134.15,5.65,0,0,0,0,19-DEC-2017,
OPTIDX,NIFTY,24-Jun-2021,7600,PE,0,0,0,145.15,6.7,0,0,0,0,19-DEC-2017,
OPTIDX,NIFTY,24-Jun-2021,7700,PE,0,0,0,156.75,7.95,0,0,0,0,19-DEC-2017,
OPTIDX,NIFTY,24-Jun-2021,7800,PE,0,0,0,168.95,9.35,0,0,0,0,19-DEC-2017,
OPTIDX,NIFTY,24-Jun-2021,7900,PE,0,0,0,181.75,10.95,0,0,0,0,19-DEC-2017,
OPTIDX,NIFTY,24-Jun-2021,8000,PE,0,0,0,195.2,12.75,0,0,0,0,19-DEC-2017,
OPTIDX,NIFTY,24-Jun-2021,8100,PE,0,0,0,209.3,14.8,0,0,0,0,19-DEC-2017,
OPTIDX,NIFTY,24-Jun-2021,8200,PE,0,0,0,224.05,17.15,0,0,0,0,19-DEC-2017,
OPTIDX,NIFTY,24-Jun-2021,8300,PE,0,0,0,239.45,19.75,0,0,0,0,19-DEC-2017,
OPTIDX,NIFTY,24-Jun-2021,8400,PE,0,0,0,255.55,22.65,0,0,0,0,19-DEC-2017,
OPTIDX,NIFTY,24-Jun-2021,8500,PE,0,0,0,272.3,25.9,0,0,0,0,19-DEC-2017,
OPTIDX,NIFTY,24-Jun-2021,8600,PE,0,0,0,290,29.55,0,0,0,0,19-DEC-2017,
OPTIDX,NIFTY,24-Jun-2021,8700,PE,0,0,0,308.1,33.55,0,0,0,0,19-DEC-2017,
OPTIDX,NIFTY,24-Jun-2021,8800,PE,0,0,0,326.9,38,0,0,0,0,19-DEC-2017,
OPTIDX,NIFTY,24-Jun-2021,8900,PE,0,0,0,346.4,42.85,0,0,0,0,19-DEC-2017,
OPTIDX,NIFTY,24-Jun-2021,9000,PE,0,0,0,57.05,48.2,0,0,75,0,19-DEC-2017,
OPTIDX,NIFTY,24-Jun-2021,9100,PE,0,0,0,387.55,54.05,0,0,0,0,19-DEC-2017,
OPTIDX,NIFTY,24-Jun-2021,9200,PE,0,0,0,409.2,60.45,0,0,0,0,19-DEC-2017,
OPTIDX,NIFTY,24-Jun-2021,9300,PE,0,0,0,431.55,67.4,0,0,0,0,19-DEC-2017,
OPTIDX,NIFTY,24-Jun-2021,9400,PE,0,0,0,454.6,74.95,0,0,0,0,19-DEC-2017,
OPTIDX,NIFTY,24-Jun-2021,9500,PE,0,0,0,478.45,83.1,0,0,0,0,19-DEC-2017,
OPTIDX,NIFTY,24-Jun-2021,9600,PE,0,0,0,502.95,91.9,0,0,0,0,19-DEC-2017,
OPTIDX,NIFTY,24-Jun-2021,9700,PE,0,0,0,528.2,101.4,0,0,0,0,19-DEC-2017,
OPTIDX,NIFTY,24-Jun-2021,9800,PE,0,0,0,554.15,111.6,0,0,0,0,19-DEC-2017,
OPTIDX,NIFTY,24-Jun-2021,9900,PE,0,0,0,580.85,122.5,0,0,0,0,19-DEC-2017,
OPTIDX,NIFTY,24-Jun-2021,10000,PE,0,0,0,607.95,134.2,0,0,0,0,19-DEC-2017,
OPTIDX,NIFTY,24-Jun-2021,10100,PE,0,0,0,636.15,146.7,0,0,0,0,19-DEC-2017,
OPTIDX,NIFTY,24-Jun-2021,10200,PE,0,0,0,665,160,0,0,0,0,19-DEC-2017,
OPTIDX,NIFTY,24-Jun-2021,10300,PE,0,0,0,694.6,174.1,0,0,0,0,19-DEC-2017,
OPTIDX,NIFTY,24-Jun-2021,10400,PE,0,0,0,724.9,189.1,0,0,0,0,19-DEC-2017,
OPTIDX,NIFTY,24-Jun-2021,10500,PE,0,0,0,755.95,205,0,0,0,0,19-DEC-2017,
OPTIDX,NIFTY,24-Jun-2021,10600,PE,0,0,0,787.65,221.8,0,0,0,0,19-DEC-2017,
OPTIDX,NIFTY,24-Jun-2021,10700,PE,0,0,0,820.05,239.5,0,0,0,0,19-DEC-2017,
OPTIDX,NIFTY,24-Jun-2021,10800,PE,0,0,0,794.05,258.2,0,0,0,0,19-DEC-2017,
OPTIDX,NIFTY,24-Jun-2021,10900,PE,0,0,0,836.45,277.85,0,0,0,0,19-DEC-2017,
OPTIDX,NIFTY,24-Jun-2021,11000,PE,0,0,0,775.85,298.8,0,0,0,0,19-DEC-2017,
OPTIDX,NIFTY,24-Jun-2021,11100,PE,0,0,0,642.8,320.35,0,0,0,0,19-DEC-2017,
OPTIDX,NIFTY,24-Jun-2021,11200,PE,0,0,0,625.6,342.95,0,0,0,0,19-DEC-2017,
OPTIDX,NIFTY,24-Jun-2021,11300,PE,0,0,0,658.9,366.6,0,0,0,0,19-DEC-2017,
OPTIDX,NIFTY,24-Jun-2021,11400,PE,0,0,0,643.7,391.3,0,0,0,0,19-DEC-2017,
OPTIDX,NIFTY,24-Jun-2021,11500,PE,0,0,0,736.05,417,0,0,0,0,19-DEC-2017,
OPTIDX,NIFTY,24-Jun-2021,11600,PE,0,0,0,729.65,443.4,0,0,0,0,19-DEC-2017,
OPTIDX,NIFTY,24-Jun-2021,11700,PE,0,0,0,648.95,471.35,0,0,0,0,19-DEC-2017,
OPTIDX,NIFTY,24-Jun-2021,11800,PE,0,0,0,630.55,500.35,0,0,0,0,19-DEC-2017,
OPTIDX,NIFTY,24-Jun-2021,11900,PE,0,0,0,561.05,530.4,0,0,0,0,19-DEC-2017,
OPTIDX,NIFTY,24-Jun-2021,12000,PE,0,0,0,744.15,561.6,0,0,0,0,19-DEC-2017,
OPTIDX,NIFTY,24-Jun-2021,12100,PE,0,0,0,641.75,593.85,0,0,0,0,19-DEC-2017,
OPTIDX,NIFTY,24-Jun-2021,12200,PE,0,0,0,565.85,627.15,0,0,0,0,19-DEC-2017,
OPTIDX,NIFTY,24-Jun-2021,12300,PE,0,0,0,557.45,661.55,0,0,0,0,19-DEC-2017,
OPTIDX,NIFTY,24-Jun-2021,12400,PE,0,0,0,607.25,697.05,0,0,0,0,19-DEC-2017,
OPTIDX,NIFTY,24-Jun-2021,12500,PE,0,0,0,557.9,733.65,0,0,0,0,19-DEC-2017,
OPTIDX,NIFTY,24-Jun-2021,12600,PE,0,0,0,750.7,771.3,0,0,0,0,19-DEC-2017,
OPTIDX,NIFTY,24-Jun-2021,12700,PE,0,0,0,802.15,810,0,0,0,0,19-DEC-2017,
OPTIDX,NIFTY,24-Jun-2021,12800,PE,0,0,0,758.75,849.7,0,0,0,0,19-DEC-2017,
OPTIDX,NIFTY,24-Jun-2021,12900,PE,0,0,0,752.35,890.55,0,0,0,0,19-DEC-2017,
OPTIDX,NIFTY,30-Dec-2021,5700,CE,0,0,0,4005.4,6067.1,0,0,0,0,19-DEC-2017,
OPTIDX,NIFTY,30-Dec-2021,5800,CE,0,0,0,3936.95,5990.05,0,0,0,0,19-DEC-2017,
OPTIDX,NIFTY,30-Dec-2021,5900,CE,0,0,0,3868.8,5912.95,0,0,0,0,19-DEC-2017,
OPTIDX,NIFTY,30-Dec-2021,6000,CE,0,0,0,3801.1,5835.9,0,0,0,0,19-DEC-2017,
OPTIDX,NIFTY,30-Dec-2021,6100,CE,0,0,0,3733.85,5758.85,0,0,0,0,19-DEC-2017,
OPTIDX,NIFTY,30-Dec-2021,6200,CE,0,0,0,3667,5681.85,0,0,0,0,19-DEC-2017,
OPTIDX,NIFTY,30-Dec-2021,6300,CE,0,0,0,3600.65,5604.85,0,0,0,0,19-DEC-2017,
OPTIDX,NIFTY,30-Dec-2021,6400,CE,0,0,0,3534.75,5527.85,0,0,0,0,19-DEC-2017,
OPTIDX,NIFTY,30-Dec-2021,6500,CE,0,0,0,3469.4,5450.95,0,0,0,0,19-DEC-2017,
OPTIDX,NIFTY,30-Dec-2021,6600,CE,0,0,0,3404.55,5374.05,0,0,0,0,19-DEC-2017,
OPTIDX,NIFTY,30-Dec-2021,6700,CE,0,0,0,3340.3,5297.2,0,0,0,0,19-DEC-2017,
OPTIDX,NIFTY,30-Dec-2021,6800,CE,0,0,0,3276.55,5220.4,0,0,0,0,19-DEC-2017,
OPTIDX,NIFTY,30-Dec-2021,6900,CE,0,0,0,3213.45,5143.65,0,0,0,0,19-DEC-2017,
OPTIDX,NIFTY,30-Dec-2021,7000,CE,0,0,0,3150.9,5067,0,0,0,0,19-DEC-2017,
OPTIDX,NIFTY,30-Dec-2021,7100,CE,0,0,0,3089,4990.4,0,0,0,0,19-DEC-2017,
OPTIDX,NIFTY,30-Dec-2021,7200,CE,0,0,0,3027.7,4913.9,0,0,0,0,19-DEC-2017,
OPTIDX,NIFTY,30-Dec-2021,7300,CE,0,0,0,2967.1,4837.5,0,0,0,0,19-DEC-2017,
OPTIDX,NIFTY,30-Dec-2021,7400,CE,0,0,0,2907.15,4761.25,0,0,0,0,19-DEC-2017,
OPTIDX,NIFTY,30-Dec-2021,7500,CE,0,0,0,2847.85,4685.1,0,0,0,0,19-DEC-2017,
OPTIDX,NIFTY,30-Dec-2021,7600,CE,0,0,0,2789.3,4609.05,0,0,0,0,19-DEC-2017,
OPTIDX,NIFTY,30-Dec-2021,7700,CE,0,0,0,2731.4,4533.2,0,0,0,0,19-DEC-2017,
OPTIDX,NIFTY,30-Dec-2021,7800,CE,0,0,0,2674.25,4457.55,0,0,0,0,19-DEC-2017,
OPTIDX,NIFTY,30-Dec-2021,7900,CE,0,0,0,2617.85,4382.05,0,0,0,0,19-DEC-2017,
OPTIDX,NIFTY,30-Dec-2021,8000,CE,0,0,0,2562.15,4306.75,0,0,0,0,19-DEC-2017,
OPTIDX,NIFTY,30-Dec-2021,8100,CE,0,0,0,2507.2,4231.65,0,0,0,0,19-DEC-2017,
OPTIDX,NIFTY,30-Dec-2021,8200,CE,0,0,0,2453.25,4156.85,0,0,0,0,19-DEC-2017,
OPTIDX,NIFTY,30-Dec-2021,8300,CE,0,0,0,2399.85,4082.3,0,0,0,0,19-DEC-2017,
OPTIDX,NIFTY,30-Dec-2021,8400,CE,0,0,0,2347.15,4008,0,0,0,0,19-DEC-2017,
OPTIDX,NIFTY,30-Dec-2021,8500,CE,0,0,0,2295.25,3934.05,0,0,0,0,19-DEC-2017,
OPTIDX,NIFTY,30-Dec-2021,8600,CE,0,0,0,2244.15,3860.4,0,0,0,0,19-DEC-2017,
OPTIDX,NIFTY,30-Dec-2021,8700,CE,0,0,0,2193.85,3787.1,0,0,0,0,19-DEC-2017,
OPTIDX,NIFTY,30-Dec-2021,8800,CE,0,0,0,2144.3,3714.15,0,0,0,0,19-DEC-2017,
OPTIDX,NIFTY,30-Dec-2021,8900,CE,0,0,0,2095.6,3641.65,0,0,0,0,19-DEC-2017,
OPTIDX,NIFTY,30-Dec-2021,9000,CE,0,0,0,2047.65,3569.5,0,0,0,0,19-DEC-2017,
OPTIDX,NIFTY,30-Dec-2021,9100,CE,0,0,0,2000.5,3497.85,0,0,0,0,19-DEC-2017,
OPTIDX,NIFTY,30-Dec-2021,9200,CE,0,0,0,1954.15,3426.65,0,0,0,0,19-DEC-2017,
OPTIDX,NIFTY,30-Dec-2021,9300,CE,0,0,0,1908.6,3355.95,0,0,0,0,19-DEC-2017,
OPTIDX,NIFTY,30-Dec-2021,9400,CE,0,0,0,1863.55,3285.75,0,0,0,0,19-DEC-2017,
OPTIDX,NIFTY,30-Dec-2021,9500,CE,0,0,0,1819.65,3216.1,0,0,0,0,19-DEC-2017,
OPTIDX,NIFTY,30-Dec-2021,9600,CE,0,0,0,1776.5,3147,0,0,0,0,19-DEC-2017,
OPTIDX,NIFTY,30-Dec-2021,9700,CE,0,0,0,1734.2,3078.5,0,0,0,0,19-DEC-2017,
OPTIDX,NIFTY,30-Dec-2021,9800,CE,0,0,0,1692.65,3010.6,0,0,0,0,19-DEC-2017,
OPTIDX,NIFTY,30-Dec-2021,9900,CE,0,0,0,1651.9,2943.35,0,0,0,0,19-DEC-2017,
OPTIDX,NIFTY,30-Dec-2021,10000,CE,0,0,0,1611.9,2876.75,0,0,0,0,19-DEC-2017,
OPTIDX,NIFTY,30-Dec-2021,10100,CE,0,0,0,1572.7,2810.85,0,0,0,0,19-DEC-2017,
OPTIDX,NIFTY,30-Dec-2021,10200,CE,0,0,0,1534.25,2745.6,0,0,0,0,19-DEC-2017,
OPTIDX,NIFTY,30-Dec-2021,10300,CE,0,0,0,1496.55,2681.1,0,0,0,0,19-DEC-2017,
OPTIDX,NIFTY,30-Dec-2021,10400,CE,0,0,0,1459.65,2617.35,0,0,0,0,19-DEC-2017,
OPTIDX,NIFTY,30-Dec-2021,10500,CE,0,0,0,1423.45,2554.35,0,0,0,0,19-DEC-2017,
OPTIDX,NIFTY,30-Dec-2021,10600,CE,0,0,0,1454.6,2492.1,0,0,0,0,19-DEC-2017,
OPTIDX,NIFTY,30-Dec-2021,10700,CE,0,0,0,1402.85,2430.7,0,0,0,0,19-DEC-2017,
OPTIDX,NIFTY,30-Dec-2021,10800,CE,0,0,0,1403.7,2370.05,0,0,0,0,19-DEC-2017,
OPTIDX,NIFTY,30-Dec-2021,10900,CE,0,0,0,1307.65,2310.3,0,0,0,0,19-DEC-2017,
OPTIDX,NIFTY,30-Dec-2021,11000,CE,0,0,0,1447.2,2251.35,0,0,0,0,19-DEC-2017,
OPTIDX,NIFTY,30-Dec-2021,11100,CE,0,0,0,1564.4,2193.3,0,0,0,0,19-DEC-2017,
OPTIDX,NIFTY,30-Dec-2021,11200,CE,0,0,0,1497.95,2136.4,0,0,0,0,19-DEC-2017,
OPTIDX,NIFTY,30-Dec-2021,11300,CE,0,0,0,1311.35,2080.05,0,0,0,0,19-DEC-2017,
OPTIDX,NIFTY,30-Dec-2021,11400,CE,0,0,0,1205.75,2024.6,0,0,0,0,19-DEC-2017,
OPTIDX,NIFTY,30-Dec-2021,11500,CE,0,0,0,1323.15,1970.05,0,0,0,0,19-DEC-2017,
OPTIDX,NIFTY,30-Dec-2021,11600,CE,0,0,0,1309.7,1916.45,0,0,0,0,19-DEC-2017,
OPTIDX,NIFTY,30-Dec-2021,11700,CE,0,0,0,1239.4,1863.75,0,0,0,0,19-DEC-2017,
OPTIDX,NIFTY,30-Dec-2021,11800,CE,0,0,0,1220.2,1812,0,0,0,0,19-DEC-2017,
OPTIDX,NIFTY,30-Dec-2021,11900,CE,0,0,0,1207.85,1760.75,0,0,0,0,19-DEC-2017,
OPTIDX,NIFTY,30-Dec-2021,12000,CE,0,0,0,1376.6,1710.95,0,0,0,0,19-DEC-2017,
OPTIDX,NIFTY,30-Dec-2021,12100,CE,0,0,0,1252.05,1662.1,0,0,0,0,19-DEC-2017,
OPTIDX,NIFTY,30-Dec-2021,12200,CE,0,0,0,1142.15,1614.15,0,0,0,0,19-DEC-2017,
OPTIDX,NIFTY,30-Dec-2021,12300,CE,0,0,0,1172.1,1567.2,0,0,0,0,19-DEC-2017,
OPTIDX,NIFTY,30-Dec-2021,12400,CE,0,0,0,1147,1521.2,0,0,0,0,19-DEC-2017,
OPTIDX,NIFTY,30-Dec-2021,12500,CE,0,0,0,1126,1476.15,0,0,0,0,19-DEC-2017,
OPTIDX,NIFTY,30-Dec-2021,12600,CE,0,0,0,1188.2,1432.05,0,0,0,0,19-DEC-2017,
OPTIDX,NIFTY,30-Dec-2021,12700,CE,0,0,0,1256.7,1388.9,0,0,0,0,19-DEC-2017,
OPTIDX,NIFTY,30-Dec-2021,12800,CE,0,0,0,1209.6,1346.7,0,0,0,0,19-DEC-2017,
OPTIDX,NIFTY,30-Dec-2021,12900,CE,0,0,0,1203.85,1305.45,0,0,0,0,19-DEC-2017,
OPTIDX,NIFTY,30-Dec-2021,5700,PE,0,0,0,29.05,0.15,0,0,0,0,19-DEC-2017,
OPTIDX,NIFTY,30-Dec-2021,5800,PE,0,0,0,33,0.2,0,0,0,0,19-DEC-2017,
OPTIDX,NIFTY,30-Dec-2021,5900,PE,0,0,0,37.3,0.25,0,0,0,0,19-DEC-2017,
OPTIDX,NIFTY,30-Dec-2021,6000,PE,0,0,0,42,0.3,0,0,0,0,19-DEC-2017,
OPTIDX,NIFTY,30-Dec-2021,6100,PE,0,0,0,47.15,0.4,0,0,0,0,19-DEC-2017,
OPTIDX,NIFTY,30-Dec-2021,6200,PE,0,0,0,52.7,0.5,0,0,0,0,19-DEC-2017,
OPTIDX,NIFTY,30-Dec-2021,6300,PE,0,0,0,58.75,0.65,0,0,0,0,19-DEC-2017,
OPTIDX,NIFTY,30-Dec-2021,6400,PE,0,0,0,65.3,0.8,0,0,0,0,19-DEC-2017,
OPTIDX,NIFTY,30-Dec-2021,6500,PE,0,0,0,72.35,1,0,0,0,0,19-DEC-2017,
OPTIDX,NIFTY,30-Dec-2021,6600,PE,0,0,0,79.9,1.2,0,0,0,0,19-DEC-2017,
OPTIDX,NIFTY,30-Dec-2021,6700,PE,0,0,0,88,1.5,0,0,0,0,19-DEC-2017,
OPTIDX,NIFTY,30-Dec-2021,6800,PE,0,0,0,96.7,1.85,0,0,0,0,19-DEC-2017,
OPTIDX,NIFTY,30-Dec-2021,6900,PE,0,0,0,106,2.2,0,0,0,0,19-DEC-2017,
OPTIDX,NIFTY,30-Dec-2021,7000,PE,0,0,0,115.85,2.7,0,0,0,0,19-DEC-2017,
OPTIDX,NIFTY,30-Dec-2021,7100,PE,0,0,0,126.35,3.25,0,0,0,0,19-DEC-2017,
OPTIDX,NIFTY,30-Dec-2021,7200,PE,0,0,0,137.5,3.85,0,0,0,0,19-DEC-2017,
OPTIDX,NIFTY,30-Dec-2021,7300,PE,0,0,0,149.25,4.6,0,0,0,0,19-DEC-2017,
OPTIDX,NIFTY,30-Dec-2021,7400,PE,0,0,0,161.75,5.45,0,0,0,0,19-DEC-2017,
OPTIDX,NIFTY,30-Dec-2021,7500,PE,0,0,0,174.85,6.4,0,0,0,0,19-DEC-2017,
OPTIDX,NIFTY,30-Dec-2021,7600,PE,0,0,0,188.7,7.5,0,0,0,0,19-DEC-2017,
OPTIDX,NIFTY,30-Dec-2021,7700,PE,0,0,0,203.2,8.8,0,0,0,0,19-DEC-2017,
OPTIDX,NIFTY,30-Dec-2021,7800,PE,0,0,0,218.5,10.25,0,0,0,0,19-DEC-2017,
OPTIDX,NIFTY,30-Dec-2021,7900,PE,0,0,0,234.45,11.85,0,0,0,0,19-DEC-2017,
OPTIDX,NIFTY,30-Dec-2021,8000,PE,0,0,0,251.2,13.7,0,0,0,0,19-DEC-2017,
OPTIDX,NIFTY,30-Dec-2021,8100,PE,0,0,0,268.65,15.75,0,0,0,0,19-DEC-2017,
OPTIDX,NIFTY,30-Dec-2021,8200,PE,0,0,0,287.1,18.05,0,0,0,0,19-DEC-2017,
OPTIDX,NIFTY,30-Dec-2021,8300,PE,0,0,0,306.1,20.6,0,0,0,0,19-DEC-2017,
OPTIDX,NIFTY,30-Dec-2021,8400,PE,0,0,0,325.85,23.45,0,0,0,0,19-DEC-2017,
OPTIDX,NIFTY,30-Dec-2021,8500,PE,0,0,0,346.35,26.6,0,0,0,0,19-DEC-2017,
OPTIDX,NIFTY,30-Dec-2021,8600,PE,0,0,0,367.65,30.1,0,0,0,0,19-DEC-2017,
OPTIDX,NIFTY,30-Dec-2021,8700,PE,0,0,0,389.75,33.95,0,0,0,0,19-DEC-2017,
OPTIDX,NIFTY,30-Dec-2021,8800,PE,0,0,0,412.6,38.15,0,0,0,0,19-DEC-2017,
OPTIDX,NIFTY,30-Dec-2021,8900,PE,0,0,0,436.3,42.75,0,0,0,0,19-DEC-2017,
OPTIDX,NIFTY,30-Dec-2021,9000,PE,0,0,0,460.75,47.75,0,0,0,0,19-DEC-2017,
OPTIDX,NIFTY,30-Dec-2021,9100,PE,0,0,0,486.05,53.2,0,0,0,0,19-DEC-2017,
OPTIDX,NIFTY,30-Dec-2021,9200,PE,0,0,0,512.1,59.15,0,0,0,0,19-DEC-2017,
OPTIDX,NIFTY,30-Dec-2021,9300,PE,0,0,0,538.95,65.55,0,0,0,0,19-DEC-2017,
OPTIDX,NIFTY,30-Dec-2021,9400,PE,0,0,0,566.3,72.5,0,0,0,0,19-DEC-2017,
OPTIDX,NIFTY,30-Dec-2021,9500,PE,0,0,0,594.8,79.95,0,0,0,0,19-DEC-2017,
OPTIDX,NIFTY,30-Dec-2021,9600,PE,0,0,0,624.1,88,0,0,0,0,19-DEC-2017,
OPTIDX,NIFTY,30-Dec-2021,9700,PE,0,0,0,654.15,96.6,0,0,0,0,19-DEC-2017,
OPTIDX,NIFTY,30-Dec-2021,9800,PE,0,0,0,685.05,105.85,0,0,0,0,19-DEC-2017,
OPTIDX,NIFTY,30-Dec-2021,9900,PE,0,0,0,716.7,115.7,0,0,0,0,19-DEC-2017,
OPTIDX,NIFTY,30-Dec-2021,10000,PE,0,0,0,749.1,126.25,0,0,0,0,19-DEC-2017,
OPTIDX,NIFTY,30-Dec-2021,10100,PE,0,0,0,782.3,137.45,0,0,0,0,19-DEC-2017,
OPTIDX,NIFTY,30-Dec-2021,10200,PE,0,0,0,816.25,149.35,0,0,0,0,19-DEC-2017,
OPTIDX,NIFTY,30-Dec-2021,10300,PE,0,0,0,851,161.95,0,0,0,0,19-DEC-2017,
OPTIDX,NIFTY,30-Dec-2021,10400,PE,0,0,0,886.45,175.35,0,0,0,0,19-DEC-2017,
OPTIDX,NIFTY,30-Dec-2021,10500,PE,0,0,0,922.65,189.45,0,0,0,0,19-DEC-2017,
OPTIDX,NIFTY,30-Dec-2021,10600,PE,0,0,0,936.6,204.35,0,0,0,0,19-DEC-2017,
OPTIDX,NIFTY,30-Dec-2021,10700,PE,0,0,0,847.7,220.05,0,0,0,0,19-DEC-2017,
OPTIDX,NIFTY,30-Dec-2021,10800,PE,0,0,0,802.9,236.6,0,0,0,0,19-DEC-2017,
OPTIDX,NIFTY,30-Dec-2021,10900,PE,0,0,0,694.45,253.95,0,0,0,0,19-DEC-2017,
OPTIDX,NIFTY,30-Dec-2021,11000,PE,0,0,0,774.25,272.15,0,0,0,0,19-DEC-2017,
OPTIDX,NIFTY,30-Dec-2021,11100,PE,0,0,0,870.45,291.2,0,0,0,0,19-DEC-2017,
OPTIDX,NIFTY,30-Dec-2021,11200,PE,0,0,0,806.9,311.4,0,0,0,0,19-DEC-2017,
OPTIDX,NIFTY,30-Dec-2021,11300,PE,0,0,0,643.25,332.2,0,0,0,0,19-DEC-2017,
OPTIDX,NIFTY,30-Dec-2021,11400,PE,0,0,0,554.9,353.85,0,0,0,0,19-DEC-2017,
OPTIDX,NIFTY,30-Dec-2021,11500,PE,0,0,0,653.95,376.45,0,0,0,0,19-DEC-2017,
OPTIDX,NIFTY,30-Dec-2021,11600,PE,0,0,0,645.95,399.95,0,0,0,0,19-DEC-2017,
OPTIDX,NIFTY,30-Dec-2021,11700,PE,0,0,0,563.9,424.4,0,0,0,0,19-DEC-2017,
OPTIDX,NIFTY,30-Dec-2021,11800,PE,0,0,0,543.65,449.75,0,0,0,0,19-DEC-2017,
OPTIDX,NIFTY,30-Dec-2021,11900,PE,0,0,0,476,475.7,0,0,0,0,19-DEC-2017,
OPTIDX,NIFTY,30-Dec-2021,12000,PE,0,0,0,658.9,503,0,0,0,0,19-DEC-2017,
OPTIDX,NIFTY,30-Dec-2021,12100,PE,0,0,0,553,531.25,0,0,0,0,19-DEC-2017,
OPTIDX,NIFTY,30-Dec-2021,12200,PE,0,0,0,474.6,560.45,0,0,0,0,19-DEC-2017,
OPTIDX,NIFTY,30-Dec-2021,12300,PE,0,0,0,467.55,590.6,0,0,0,0,19-DEC-2017,
OPTIDX,NIFTY,30-Dec-2021,12400,PE,0,0,0,514.4,621.75,0,0,0,0,19-DEC-2017,
OPTIDX,NIFTY,30-Dec-2021,12500,PE,0,0,0,465.35,653.8,0,0,0,0,19-DEC-2017,
OPTIDX,NIFTY,30-Dec-2021,12600,PE,0,0,0,654.15,686.85,0,0,0,0,19-DEC-2017,
OPTIDX,NIFTY,30-Dec-2021,12700,PE,0,0,0,706.65,720.85,0,0,0,0,19-DEC-2017,
OPTIDX,NIFTY,30-Dec-2021,12800,PE,0,0,0,660.1,755.75,0,0,0,0,19-DEC-2017,
OPTIDX,NIFTY,30-Dec-2021,12900,PE,0,0,0,652.55,791.65,0,0,0,0,19-DEC-2017,
OPTIDX,NIFTY,30-Jun-2022,7100,CE,0,0,0,4389,5163.9,0,0,0,0,19-DEC-2017,
OPTIDX,NIFTY,30-Jun-2022,7200,CE,0,0,0,4317,5089.85,0,0,0,0,19-DEC-2017,
OPTIDX,NIFTY,30-Jun-2022,7300,CE,0,0,0,4245.05,5015.95,0,0,0,0,19-DEC-2017,
OPTIDX,NIFTY,30-Jun-2022,7400,CE,0,0,0,4173.1,4942.1,0,0,0,0,19-DEC-2017,
OPTIDX,NIFTY,30-Jun-2022,7500,CE,0,0,0,4101.15,4868.4,0,0,0,0,19-DEC-2017,
OPTIDX,NIFTY,30-Jun-2022,7600,CE,0,0,0,4029.3,4794.85,0,0,0,0,19-DEC-2017,
OPTIDX,NIFTY,30-Jun-2022,7700,CE,0,0,0,3957.4,4721.45,0,0,0,0,19-DEC-2017,
OPTIDX,NIFTY,30-Jun-2022,7800,CE,0,0,0,3885.6,4648.2,0,0,0,0,19-DEC-2017,
OPTIDX,NIFTY,30-Jun-2022,7900,CE,0,0,0,3813.85,4575.15,0,0,0,0,19-DEC-2017,
OPTIDX,NIFTY,30-Jun-2022,8000,CE,0,0,0,3742.15,4502.25,0,0,0,0,19-DEC-2017,
OPTIDX,NIFTY,30-Jun-2022,8100,CE,0,0,0,3670.55,4429.55,0,0,0,0,19-DEC-2017,
OPTIDX,NIFTY,30-Jun-2022,8200,CE,0,0,0,3599,4357.1,0,0,0,0,19-DEC-2017,
OPTIDX,NIFTY,30-Jun-2022,8300,CE,0,0,0,3527.55,4284.9,0,0,0,0,19-DEC-2017,
OPTIDX,NIFTY,30-Jun-2022,8400,CE,0,0,0,3456.25,4212.95,0,0,0,0,19-DEC-2017,
OPTIDX,NIFTY,30-Jun-2022,8500,CE,0,0,0,3385.05,4141.3,0,0,0,0,19-DEC-2017,
OPTIDX,NIFTY,30-Jun-2022,8600,CE,0,0,0,3314,4069.9,0,0,0,0,19-DEC-2017,
OPTIDX,NIFTY,30-Jun-2022,8700,CE,0,0,0,3243.1,3998.85,0,0,0,0,19-DEC-2017,
OPTIDX,NIFTY,30-Jun-2022,8800,CE,0,0,0,3172.45,3928.1,0,0,0,0,19-DEC-2017,
OPTIDX,NIFTY,30-Jun-2022,8900,CE,0,0,0,3101.95,3857.7,0,0,0,0,19-DEC-2017,
OPTIDX,NIFTY,30-Jun-2022,9000,CE,0,0,0,3031.7,3787.7,0,0,0,0,19-DEC-2017,
OPTIDX,NIFTY,30-Jun-2022,9100,CE,0,0,0,2961.75,3718.1,0,0,0,0,19-DEC-2017,
OPTIDX,NIFTY,30-Jun-2022,9200,CE,0,0,0,2892.05,3648.9,0,0,0,0,19-DEC-2017,
OPTIDX,NIFTY,30-Jun-2022,9300,CE,0,0,0,2822.7,3580.1,0,0,0,0,19-DEC-2017,
OPTIDX,NIFTY,30-Jun-2022,9400,CE,0,0,0,2753.7,3511.8,0,0,0,0,19-DEC-2017,
OPTIDX,NIFTY,30-Jun-2022,9500,CE,0,0,0,2685.1,3443.95,0,0,0,0,19-DEC-2017,
OPTIDX,NIFTY,30-Jun-2022,9600,CE,0,0,0,2616.85,3376.6,0,0,0,0,19-DEC-2017,
OPTIDX,NIFTY,30-Jun-2022,9700,CE,0,0,0,2549.1,3309.75,0,0,0,0,19-DEC-2017,
OPTIDX,NIFTY,30-Jun-2022,9800,CE,0,0,0,2481.85,3243.45,0,0,0,0,19-DEC-2017,
OPTIDX,NIFTY,30-Jun-2022,9900,CE,0,0,0,2415.1,3177.7,0,0,0,0,19-DEC-2017,
OPTIDX,NIFTY,30-Jun-2022,10000,CE,0,0,0,2348.9,3112.55,0,0,0,0,19-DEC-2017,
OPTIDX,NIFTY,30-Jun-2022,10100,CE,0,0,0,2283.3,3047.95,0,0,0,0,19-DEC-2017,
OPTIDX,NIFTY,30-Jun-2022,10200,CE,0,0,0,2218.3,2984,0,0,0,0,19-DEC-2017,
OPTIDX,NIFTY,30-Jun-2022,10300,CE,0,0,0,2154,2920.65,0,0,0,0,19-DEC-2017,
OPTIDX,NIFTY,30-Jun-2022,10400,CE,0,0,0,2090.4,2857.9,0,0,0,0,19-DEC-2017,
OPTIDX,NIFTY,30-Jun-2022,10500,CE,0,0,0,2027.55,2795.9,0,0,0,0,19-DEC-2017,
OPTIDX,NIFTY,30-Jun-2022,10600,CE,0,0,0,1965.45,2734.5,0,0,0,0,19-DEC-2017,
OPTIDX,NIFTY,30-Jun-2022,10700,CE,0,0,0,1904.2,2673.85,0,0,0,0,19-DEC-2017,
OPTIDX,NIFTY,30-Jun-2022,10800,CE,0,0,0,1843.75,2613.85,0,0,0,0,19-DEC-2017,
OPTIDX,NIFTY,30-Jun-2022,10900,CE,0,0,0,1784.25,2554.65,0,0,0,0,19-DEC-2017,
OPTIDX,NIFTY,30-Jun-2022,11000,CE,0,0,0,1725.6,2496.15,0,0,0,0,19-DEC-2017,
OPTIDX,NIFTY,30-Jun-2022,11100,CE,0,0,0,1667.95,2438.35,0,0,0,0,19-DEC-2017,
OPTIDX,NIFTY,30-Jun-2022,11200,CE,0,0,0,1611.25,2381.4,0,0,0,0,19-DEC-2017,
OPTIDX,NIFTY,30-Jun-2022,11300,CE,0,0,0,1555.55,2325.15,0,0,0,0,19-DEC-2017,
OPTIDX,NIFTY,30-Jun-2022,11400,CE,0,0,0,1500.85,2270.05,0,0,0,0,19-DEC-2017,
OPTIDX,NIFTY,30-Jun-2022,11500,CE,0,0,0,1447.55,2215.35,0,0,0,0,19-DEC-2017,
OPTIDX,NIFTY,30-Jun-2022,11600,CE,0,0,0,1395,2161.5,0,0,0,0,19-DEC-2017,
OPTIDX,NIFTY,30-Jun-2022,11700,CE,0,0,0,1343.5,2108.4,0,0,0,0,19-DEC-2017,
OPTIDX,NIFTY,30-Jun-2022,11800,CE,0,0,0,1293.15,2056.15,0,0,0,0,19-DEC-2017,
OPTIDX,NIFTY,30-Jun-2022,11900,CE,0,0,0,1243.6,2004.75,0,0,0,0,19-DEC-2017,
OPTIDX,NIFTY,30-Jun-2022,12000,CE,0,0,0,1325.5,1954.2,0,0,0,0,19-DEC-2017,
OPTIDX,NIFTY,30-Jun-2022,12100,CE,0,0,0,1272.9,1904.45,0,0,0,0,19-DEC-2017,
OPTIDX,NIFTY,30-Jun-2022,12200,CE,0,0,0,1361.45,1855.15,0,0,0,0,19-DEC-2017,
OPTIDX,NIFTY,30-Jun-2022,12300,CE,0,0,0,1394.7,1807.15,0,0,0,0,19-DEC-2017,
OPTIDX,NIFTY,30-Jun-2022,12400,CE,0,0,0,1365.4,1760,0,0,0,0,19-DEC-2017,
OPTIDX,NIFTY,30-Jun-2022,12500,CE,0,0,0,1348.65,1713.7,0,0,0,0,19-DEC-2017,
OPTIDX,NIFTY,30-Jun-2022,12600,CE,0,0,0,1406,1668.25,0,0,0,0,19-DEC-2017,
OPTIDX,NIFTY,30-Jun-2022,12700,CE,0,0,0,1480.05,1623.65,0,0,0,0,19-DEC-2017,
OPTIDX,NIFTY,30-Jun-2022,12800,CE,0,0,0,1435.3,1579.9,0,0,0,0,19-DEC-2017,
OPTIDX,NIFTY,30-Jun-2022,12900,CE,0,0,0,1431.5,1537,0,0,0,0,19-DEC-2017,
OPTIDX,NIFTY,30-Jun-2022,7100,PE,0,0,0,0.2,3.65,0,0,0,0,19-DEC-2017,
OPTIDX,NIFTY,30-Jun-2022,7200,PE,0,0,0,0.25,4.3,0,0,0,0,19-DEC-2017,
OPTIDX,NIFTY,30-Jun-2022,7300,PE,0,0,0,0.35,5.05,0,0,0,0,19-DEC-2017,
OPTIDX,NIFTY,30-Jun-2022,7400,PE,0,0,0,0.45,5.95,0,0,0,0,19-DEC-2017,
OPTIDX,NIFTY,30-Jun-2022,7500,PE,0,0,0,0.55,6.95,0,0,0,0,19-DEC-2017,
OPTIDX,NIFTY,30-Jun-2022,7600,PE,0,0,0,0.7,8.05,0,0,0,0,19-DEC-2017,
OPTIDX,NIFTY,30-Jun-2022,7700,PE,0,0,0,0.9,9.35,0,0,0,0,19-DEC-2017,
OPTIDX,NIFTY,30-Jun-2022,7800,PE,0,0,0,1.15,10.8,0,0,0,0,19-DEC-2017,
OPTIDX,NIFTY,30-Jun-2022,7900,PE,0,0,0,1.4,12.4,0,0,0,0,19-DEC-2017,
OPTIDX,NIFTY,30-Jun-2022,8000,PE,0,0,0,1.75,14.2,0,0,0,0,19-DEC-2017,
OPTIDX,NIFTY,30-Jun-2022,8100,PE,0,0,0,2.2,16.25,0,0,0,0,19-DEC-2017,
OPTIDX,NIFTY,30-Jun-2022,8200,PE,0,0,0,2.7,18.45,0,0,0,0,19-DEC-2017,
OPTIDX,NIFTY,30-Jun-2022,8300,PE,0,0,0,3.3,20.95,0,0,0,0,19-DEC-2017,
OPTIDX,NIFTY,30-Jun-2022,8400,PE,0,0,0,4.05,23.7,0,0,0,0,19-DEC-2017,
OPTIDX,NIFTY,30-Jun-2022,8500,PE,0,0,0,4.9,26.7,0,0,0,0,19-DEC-2017,
OPTIDX,NIFTY,30-Jun-2022,8600,PE,0,0,0,5.9,30,0,0,0,0,19-DEC-2017,
OPTIDX,NIFTY,30-Jun-2022,8700,PE,0,0,0,7.05,33.65,0,0,0,0,19-DEC-2017,
OPTIDX,NIFTY,30-Jun-2022,8800,PE,0,0,0,8.4,37.6,0,0,0,0,19-DEC-2017,
OPTIDX,NIFTY,30-Jun-2022,8900,PE,0,0,0,10,41.9,0,0,0,0,19-DEC-2017,
OPTIDX,NIFTY,30-Jun-2022,9000,PE,0,0,0,11.8,46.55,0,0,0,0,19-DEC-2017,
OPTIDX,NIFTY,30-Jun-2022,9100,PE,0,0,0,13.9,51.65,0,0,0,0,19-DEC-2017,
OPTIDX,NIFTY,30-Jun-2022,9200,PE,0,0,0,16.25,57.15,0,0,0,0,19-DEC-2017,
OPTIDX,NIFTY,30-Jun-2022,9300,PE,0,0,0,18.95,63.05,0,0,0,0,19-DEC-2017,
OPTIDX,NIFTY,30-Jun-2022,9400,PE,0,0,0,21.95,69.4,0,0,0,0,19-DEC-2017,
OPTIDX,NIFTY,30-Jun-2022,9500,PE,0,0,0,25.4,76.25,0,0,0,0,19-DEC-2017,
OPTIDX,NIFTY,30-Jun-2022,9600,PE,0,0,0,29.25,83.6,0,0,0,0,19-DEC-2017,
OPTIDX,NIFTY,30-Jun-2022,9700,PE,0,0,0,33.5,91.45,0,0,0,0,19-DEC-2017,
OPTIDX,NIFTY,30-Jun-2022,9800,PE,0,0,0,38.3,99.85,0,0,0,0,19-DEC-2017,
OPTIDX,NIFTY,30-Jun-2022,9900,PE,0,0,0,43.6,108.8,0,0,0,0,19-DEC-2017,
OPTIDX,NIFTY,30-Jun-2022,10000,PE,0,0,0,49.45,118.3,0,0,0,0,19-DEC-2017,
OPTIDX,NIFTY,30-Jun-2022,10100,PE,0,0,0,55.85,128.4,0,0,0,0,19-DEC-2017,
OPTIDX,NIFTY,30-Jun-2022,10200,PE,0,0,0,62.95,139.1,0,0,0,0,19-DEC-2017,
OPTIDX,NIFTY,30-Jun-2022,10300,PE,0,0,0,70.7,150.45,0,0,0,0,19-DEC-2017,
OPTIDX,NIFTY,30-Jun-2022,10400,PE,0,0,0,79.15,162.45,0,0,0,0,19-DEC-2017,
OPTIDX,NIFTY,30-Jun-2022,10500,PE,0,0,0,88.3,175.1,0,0,0,0,19-DEC-2017,
OPTIDX,NIFTY,30-Jun-2022,10600,PE,0,0,0,98.3,188.4,0,0,0,0,19-DEC-2017,
OPTIDX,NIFTY,30-Jun-2022,10700,PE,0,0,0,109.05,202.45,0,0,0,0,19-DEC-2017,
OPTIDX,NIFTY,30-Jun-2022,10800,PE,0,0,0,120.7,217.15,0,0,0,0,19-DEC-2017,
OPTIDX,NIFTY,30-Jun-2022,10900,PE,0,0,0,133.2,232.6,0,0,0,0,19-DEC-2017,
OPTIDX,NIFTY,30-Jun-2022,11000,PE,0,0,0,146.6,248.8,0,0,0,0,19-DEC-2017,
OPTIDX,NIFTY,30-Jun-2022,11100,PE,0,0,0,161,265.7,0,0,0,0,19-DEC-2017,
OPTIDX,NIFTY,30-Jun-2022,11200,PE,0,0,0,176.35,283.4,0,0,0,0,19-DEC-2017,
OPTIDX,NIFTY,30-Jun-2022,11300,PE,0,0,0,192.7,301.9,0,0,0,0,19-DEC-2017,
OPTIDX,NIFTY,30-Jun-2022,11400,PE,0,0,0,210.05,321.45,0,0,0,0,19-DEC-2017,
OPTIDX,NIFTY,30-Jun-2022,11500,PE,0,0,0,228.8,341.45,0,0,0,0,19-DEC-2017,
OPTIDX,NIFTY,30-Jun-2022,11600,PE,0,0,0,248.3,362.25,0,0,0,0,19-DEC-2017,
OPTIDX,NIFTY,30-Jun-2022,11700,PE,0,0,0,268.85,383.9,0,0,0,0,19-DEC-2017,
OPTIDX,NIFTY,30-Jun-2022,11800,PE,0,0,0,290.55,406.35,0,0,0,0,19-DEC-2017,
OPTIDX,NIFTY,30-Jun-2022,11900,PE,0,0,0,313.05,429.6,0,0,0,0,19-DEC-2017,
OPTIDX,NIFTY,30-Jun-2022,12000,PE,0,0,0,362.25,453.75,0,0,0,0,19-DEC-2017,
OPTIDX,NIFTY,30-Jun-2022,12100,PE,0,0,0,335.65,478.7,0,0,0,0,19-DEC-2017,
OPTIDX,NIFTY,30-Jun-2022,12200,PE,0,0,0,401.8,504.1,0,0,0,0,19-DEC-2017,
OPTIDX,NIFTY,30-Jun-2022,12300,PE,0,0,0,395.85,530.75,0,0,0,0,19-DEC-2017,
OPTIDX,NIFTY,30-Jun-2022,12400,PE,0,0,0,439.65,558.3,0,0,0,0,19-DEC-2017,
OPTIDX,NIFTY,30-Jun-2022,12500,PE,0,0,0,391.8,586.7,0,0,0,0,19-DEC-2017,
OPTIDX,NIFTY,30-Jun-2022,12600,PE,0,0,0,574.5,615.95,0,0,0,0,19-DEC-2017,
OPTIDX,NIFTY,30-Jun-2022,12700,PE,0,0,0,627.15,646,0,0,0,0,19-DEC-2017,
OPTIDX,NIFTY,30-Jun-2022,12800,PE,0,0,0,578.95,676.95,0,0,0,0,19-DEC-2017,
OPTIDX,NIFTY,30-Jun-2022,12900,PE,0,0,0,570.65,708.75,0,0,0,0,19-DEC-2017,
OPTIDX,NIFTYCPSE,21-Dec-2017,2400,CE,0,0,0,163.6,272.55,0,0,0,0,19-DEC-2017,
OPTIDX,NIFTYCPSE,21-Dec-2017,2425,CE,0,0,0,196.6,247.55,0,0,0,0,19-DEC-2017,
OPTIDX,NIFTYCPSE,21-Dec-2017,2450,CE,0,0,0,196.55,222.55,0,0,0,0,19-DEC-2017,
OPTIDX,NIFTYCPSE,21-Dec-2017,2475,CE,0,0,0,175.65,197.6,0,0,0,0,19-DEC-2017,
OPTIDX,NIFTYCPSE,21-Dec-2017,2500,CE,0,0,0,155.7,172.6,0,0,0,0,19-DEC-2017,
OPTIDX,NIFTYCPSE,21-Dec-2017,2525,CE,0,0,0,137,147.6,0,0,0,0,19-DEC-2017,
OPTIDX,NIFTYCPSE,21-Dec-2017,2550,CE,0,0,0,119.25,122.6,0,0,0,0,19-DEC-2017,
OPTIDX,NIFTYCPSE,21-Dec-2017,2575,CE,0,0,0,102.95,97.6,0,0,0,0,19-DEC-2017,
OPTIDX,NIFTYCPSE,21-Dec-2017,2600,CE,0,0,0,88.05,72.65,0,0,0,0,19-DEC-2017,
OPTIDX,NIFTYCPSE,21-Dec-2017,2625,CE,0,0,0,74.55,48.1,0,0,0,0,19-DEC-2017,
OPTIDX,NIFTYCPSE,21-Dec-2017,2650,CE,0,0,0,62.45,25.85,0,0,0,0,19-DEC-2017,
OPTIDX,NIFTYCPSE,21-Dec-2017,2675,CE,0,0,0,51.8,9.95,0,0,0,0,19-DEC-2017,
OPTIDX,NIFTYCPSE,21-Dec-2017,2700,CE,0,0,0,42.55,2.4,0,0,0,0,19-DEC-2017,
OPTIDX,NIFTYCPSE,21-Dec-2017,2725,CE,0,0,0,34.55,0.35,0,0,0,0,19-DEC-2017,
OPTIDX,NIFTYCPSE,21-Dec-2017,2750,CE,0,0,0,27.85,0.05,0,0,0,0,19-DEC-2017,
OPTIDX,NIFTYCPSE,21-Dec-2017,2775,CE,0,0,0,22.9,0,0,0,0,0,19-DEC-2017,
OPTIDX,NIFTYCPSE,21-Dec-2017,2800,CE,0,0,0,31.5,0,0,0,0,0,19-DEC-2017,
OPTIDX,NIFTYCPSE,21-Dec-2017,2825,CE,0,0,0,43.9,0,0,0,0,0,19-DEC-2017,
OPTIDX,NIFTYCPSE,21-Dec-2017,2850,CE,0,0,0,36.6,0,0,0,0,0,19-DEC-2017,
OPTIDX,NIFTYCPSE,21-Dec-2017,2875,CE,0,0,0,28.65,0,0,0,0,0,19-DEC-2017,
OPTIDX,NIFTYCPSE,21-Dec-2017,2900,CE,0,0,0,26.7,0,0,0,0,0,19-DEC-2017,
OPTIDX,NIFTYCPSE,21-Dec-2017,2400,PE,0,0,0,0.35,0,0,0,0,0,19-DEC-2017,
OPTIDX,NIFTYCPSE,21-Dec-2017,2425,PE,0,0,0,10.65,0,0,0,0,0,19-DEC-2017,
OPTIDX,NIFTYCPSE,21-Dec-2017,2450,PE,0,0,0,10.75,0,0,0,0,0,19-DEC-2017,
OPTIDX,NIFTYCPSE,21-Dec-2017,2475,PE,0,0,0,14.6,0,0,0,0,0,19-DEC-2017,
OPTIDX,NIFTYCPSE,21-Dec-2017,2500,PE,0,0,0,19.4,0,0,0,0,0,19-DEC-2017,
OPTIDX,NIFTYCPSE,21-Dec-2017,2525,PE,0,0,0,25.4,0,0,0,0,0,19-DEC-2017,
OPTIDX,NIFTYCPSE,21-Dec-2017,2550,PE,0,0,0,32.4,0,0,0,0,0,19-DEC-2017,
OPTIDX,NIFTYCPSE,21-Dec-2017,2575,PE,0,0,0,40.85,0,0,0,0,0,19-DEC-2017,
OPTIDX,NIFTYCPSE,21-Dec-2017,2600,PE,0,0,0,50.65,0.05,0,0,0,0,19-DEC-2017,
OPTIDX,NIFTYCPSE,21-Dec-2017,2625,PE,0,0,0,61.9,0.5,0,0,0,0,19-DEC-2017,
OPTIDX,NIFTYCPSE,21-Dec-2017,2650,PE,0,0,0,74.6,3.25,0,0,0,0,19-DEC-2017,
OPTIDX,NIFTYCPSE,21-Dec-2017,2675,PE,0,0,0,88.65,12.3,0,0,0,0,19-DEC-2017,
OPTIDX,NIFTYCPSE,21-Dec-2017,2700,PE,0,0,0,104.1,29.8,0,0,0,0,19-DEC-2017,
OPTIDX,NIFTYCPSE,21-Dec-2017,2725,PE,0,0,0,120.85,52.7,0,0,0,0,19-DEC-2017,
OPTIDX,NIFTYCPSE,21-Dec-2017,2750,PE,0,0,0,138.95,77.4,0,0,0,0,19-DEC-2017,
OPTIDX,NIFTYCPSE,21-Dec-2017,2775,PE,0,0,0,150.9,102.35,0,0,0,0,19-DEC-2017,
OPTIDX,NIFTYCPSE,21-Dec-2017,2800,PE,0,0,0,142.55,127.35,0,0,0,0,19-DEC-2017,
OPTIDX,NIFTYCPSE,21-Dec-2017,2825,PE,0,0,0,132.5,152.35,0,0,0,0,19-DEC-2017,
OPTIDX,NIFTYCPSE,21-Dec-2017,2850,PE,0,0,0,149.9,177.35,0,0,0,0,19-DEC-2017,
OPTIDX,NIFTYCPSE,21-Dec-2017,2875,PE,0,0,0,160.05,202.35,0,0,0,0,19-DEC-2017,
OPTIDX,NIFTYCPSE,21-Dec-2017,2900,PE,0,0,0,162.6,227.3,0,0,0,0,19-DEC-2017,
OPTIDX,NIFTYCPSE,28-Dec-2017,2350,CE,0,0,0,209.15,325.35,0,0,0,0,19-DEC-2017,
OPTIDX,NIFTYCPSE,28-Dec-2017,2375,CE,0,0,0,190.9,300.4,0,0,0,0,19-DEC-2017,
OPTIDX,NIFTYCPSE,28-Dec-2017,2400,CE,0,0,0,173.35,275.45,0,0,0,0,19-DEC-2017,
OPTIDX,NIFTYCPSE,28-Dec-2017,2425,CE,0,0,0,156.85,250.5,0,0,0,0,19-DEC-2017,
OPTIDX,NIFTYCPSE,28-Dec-2017,2450,CE,0,0,0,141.3,225.55,0,0,0,0,19-DEC-2017,
OPTIDX,NIFTYCPSE,28-Dec-2017,2475,CE,0,0,0,126.75,200.55,0,0,0,0,19-DEC-2017,
OPTIDX,NIFTYCPSE,28-Dec-2017,2500,CE,0,0,0,113.15,175.6,0,0,0,0,19-DEC-2017,
OPTIDX,NIFTYCPSE,28-Dec-2017,2525,CE,0,0,0,100.6,150.7,0,0,0,0,19-DEC-2017,
OPTIDX,NIFTYCPSE,28-Dec-2017,2550,CE,0,0,0,89,125.95,0,0,0,0,19-DEC-2017,
OPTIDX,NIFTYCPSE,28-Dec-2017,2575,CE,0,0,0,78.35,101.65,0,0,0,0,19-DEC-2017,
OPTIDX,NIFTYCPSE,28-Dec-2017,2600,CE,0,0,0,68.7,78.35,0,0,0,0,19-DEC-2017,
OPTIDX,NIFTYCPSE,28-Dec-2017,2625,CE,0,0,0,59.95,56.95,0,0,0,0,19-DEC-2017,
OPTIDX,NIFTYCPSE,28-Dec-2017,2650,CE,0,0,0,52.05,38.5,0,0,0,0,19-DEC-2017,
OPTIDX,NIFTYCPSE,28-Dec-2017,2675,CE,0,0,0,52.85,23.9,0,0,0,0,19-DEC-2017,
OPTIDX,NIFTYCPSE,28-Dec-2017,2700,CE,0,0,0,50.6,13.45,0,0,0,0,19-DEC-2017,
OPTIDX,NIFTYCPSE,28-Dec-2017,2725,CE,0,0,0,57.45,6.8,0,0,0,0,19-DEC-2017,
OPTIDX,NIFTYCPSE,28-Dec-2017,2750,CE,0,0,0,49.75,3.1,0,0,0,0,19-DEC-2017,
OPTIDX,NIFTYCPSE,28-Dec-2017,2775,CE,0,0,0,26.9,1.25,0,0,0,0,19-DEC-2017,
OPTIDX,NIFTYCPSE,28-Dec-2017,2800,CE,0,0,0,36.2,0.45,0,0,0,0,19-DEC-2017,
OPTIDX,NIFTYCPSE,28-Dec-2017,2825,CE,0,0,0,49.5,0.15,0,0,0,0,19-DEC-2017,
OPTIDX,NIFTYCPSE,28-Dec-2017,2850,CE,0,0,0,41.8,0.05,0,0,0,0,19-DEC-2017,
OPTIDX,NIFTYCPSE,28-Dec-2017,2875,CE,0,0,0,33.35,0.05,0,0,0,0,19-DEC-2017,
OPTIDX,NIFTYCPSE,28-Dec-2017,2900,CE,0,0,0,31.55,0,0,0,0,0,19-DEC-2017,
OPTIDX,NIFTYCPSE,28-Dec-2017,2350,PE,0,0,0,30.5,0,0,0,0,0,19-DEC-2017,
OPTIDX,NIFTYCPSE,28-Dec-2017,2375,PE,0,0,0,36.85,0,0,0,0,0,19-DEC-2017,
OPTIDX,NIFTYCPSE,28-Dec-2017,2400,PE,0,0,0,43.9,0,0,0,0,0,19-DEC-2017,
OPTIDX,NIFTYCPSE,28-Dec-2017,2425,PE,0,0,0,52.05,0,0,0,0,0,19-DEC-2017,
OPTIDX,NIFTYCPSE,28-Dec-2017,2450,PE,0,0,0,61.1,0,0,0,0,0,19-DEC-2017,
OPTIDX,NIFTYCPSE,28-Dec-2017,2475,PE,0,0,0,71.15,0,0,0,0,0,19-DEC-2017,
OPTIDX,NIFTYCPSE,28-Dec-2017,2500,PE,0,0,0,82.15,0.05,0,0,0,0,19-DEC-2017,
OPTIDX,NIFTYCPSE,28-Dec-2017,2525,PE,0,0,0,94.2,0.1,0,0,0,0,19-DEC-2017,
OPTIDX,NIFTYCPSE,28-Dec-2017,2550,PE,0,0,0,107.2,0.3,0,0,0,0,19-DEC-2017,
OPTIDX,NIFTYCPSE,28-Dec-2017,2575,PE,0,0,0,121.2,0.95,0,0,0,0,19-DEC-2017,
OPTIDX,NIFTYCPSE,28-Dec-2017,2600,PE,0,0,0,136.15,2.65,0,0,0,0,19-DEC-2017,
OPTIDX,NIFTYCPSE,28-Dec-2017,2625,PE,0,0,0,152,6.2,0,0,0,0,19-DEC-2017,
OPTIDX,NIFTYCPSE,28-Dec-2017,2650,PE,0,0,0,168.75,12.7,0,0,0,0,19-DEC-2017,
OPTIDX,NIFTYCPSE,28-Dec-2017,2675,PE,0,0,0,166.45,23.05,0,0,0,0,19-DEC-2017,
OPTIDX,NIFTYCPSE,28-Dec-2017,2700,PE,0,0,0,168.8,37.55,0,0,0,0,19-DEC-2017,
OPTIDX,NIFTYCPSE,28-Dec-2017,2725,PE,0,0,0,154.65,55.9,0,0,0,0,19-DEC-2017,
OPTIDX,NIFTYCPSE,28-Dec-2017,2750,PE,0,0,0,171.6,77.1,0,0,0,0,19-DEC-2017,
OPTIDX,NIFTYCPSE,28-Dec-2017,2775,PE,0,0,0,151.55,100.25,0,0,0,0,19-DEC-2017,
OPTIDX,NIFTYCPSE,28-Dec-2017,2800,PE,0,0,0,143.85,124.4,0,0,0,0,19-DEC-2017,
OPTIDX,NIFTYCPSE,28-Dec-2017,2825,PE,0,0,0,134.65,149.05,0,0,0,0,19-DEC-2017,
OPTIDX,NIFTYCPSE,28-Dec-2017,2850,PE,0,0,0,151.7,173.95,0,0,0,0,19-DEC-2017,
OPTIDX,NIFTYCPSE,28-Dec-2017,2875,PE,0,0,0,161.3,198.85,0,0,0,0,19-DEC-2017,
OPTIDX,NIFTYCPSE,28-Dec-2017,2900,PE,0,0,0,163.95,223.8,0,0,0,0,19-DEC-2017,
OPTIDX,NIFTYCPSE,04-Jan-2018,2400,CE,0,0,0,171,278.35,0,0,0,0,19-DEC-2017,
OPTIDX,NIFTYCPSE,04-Jan-2018,2425,CE,0,0,0,187.2,253.4,0,0,0,0,19-DEC-2017,
OPTIDX,NIFTYCPSE,04-Jan-2018,2450,CE,0,0,0,191.25,228.5,0,0,0,0,19-DEC-2017,
OPTIDX,NIFTYCPSE,04-Jan-2018,2475,CE,0,0,0,195.1,203.65,0,0,0,0,19-DEC-2017,
OPTIDX,NIFTYCPSE,04-Jan-2018,2500,CE,0,0,0,174.3,178.85,0,0,0,0,19-DEC-2017,
OPTIDX,NIFTYCPSE,04-Jan-2018,2525,CE,0,0,0,195.1,154.3,0,0,0,0,19-DEC-2017,
OPTIDX,NIFTYCPSE,04-Jan-2018,2550,CE,0,0,0,193.1,130.25,0,0,0,0,19-DEC-2017,
OPTIDX,NIFTYCPSE,04-Jan-2018,2575,CE,0,0,0,183.35,107,0,0,0,0,19-DEC-2017,
OPTIDX,NIFTYCPSE,04-Jan-2018,2600,CE,0,0,0,201.25,85.1,0,0,0,0,19-DEC-2017,
OPTIDX,NIFTYCPSE,04-Jan-2018,2625,CE,0,0,0,181,65.15,0,0,0,0,19-DEC-2017,
OPTIDX,NIFTYCPSE,04-Jan-2018,2650,CE,0,0,0,161.65,47.75,0,0,0,0,19-DEC-2017,
OPTIDX,NIFTYCPSE,04-Jan-2018,2675,CE,0,0,0,143.35,33.35,0,0,0,0,19-DEC-2017,
OPTIDX,NIFTYCPSE,04-Jan-2018,2700,CE,0,0,0,126.25,22.1,0,0,0,0,19-DEC-2017,
OPTIDX,NIFTYCPSE,04-Jan-2018,2725,CE,0,0,0,110.35,13.8,0,0,0,0,19-DEC-2017,
OPTIDX,NIFTYCPSE,04-Jan-2018,2750,CE,0,0,0,95.65,8.15,0,0,0,0,19-DEC-2017,
OPTIDX,NIFTYCPSE,04-Jan-2018,2775,CE,0,0,0,82.3,4.5,0,0,0,0,19-DEC-2017,
OPTIDX,NIFTYCPSE,04-Jan-2018,2800,CE,0,0,0,70.2,2.35,0,0,0,0,19-DEC-2017,
OPTIDX,NIFTYCPSE,04-Jan-2018,2825,CE,0,0,0,59.4,1.15,0,0,0,0,19-DEC-2017,
OPTIDX,NIFTYCPSE,04-Jan-2018,2850,CE,0,0,0,49.85,0.55,0,0,0,0,19-DEC-2017,
OPTIDX,NIFTYCPSE,04-Jan-2018,2875,CE,0,0,0,41.45,0.25,0,0,0,0,19-DEC-2017,
OPTIDX,NIFTYCPSE,04-Jan-2018,2900,CE,0,0,0,34.2,0.1,0,0,0,0,19-DEC-2017,
OPTIDX,NIFTYCPSE,04-Jan-2018,2400,PE,0,0,0,2.05,0,0,0,0,0,19-DEC-2017,
OPTIDX,NIFTYCPSE,04-Jan-2018,2425,PE,0,0,0,11.95,0.05,0,0,0,0,19-DEC-2017,
OPTIDX,NIFTYCPSE,04-Jan-2018,2450,PE,0,0,0,11.55,0.05,0,0,0,0,19-DEC-2017,
OPTIDX,NIFTYCPSE,04-Jan-2018,2475,PE,0,0,0,11.25,0.1,0,0,0,0,19-DEC-2017,
OPTIDX,NIFTYCPSE,04-Jan-2018,2500,PE,0,0,0,15.2,0.25,0,0,0,0,19-DEC-2017,
OPTIDX,NIFTYCPSE,04-Jan-2018,2525,PE,0,0,0,11.9,0.65,0,0,0,0,19-DEC-2017,
OPTIDX,NIFTYCPSE,04-Jan-2018,2550,PE,0,0,0,13.3,1.5,0,0,0,0,19-DEC-2017,
OPTIDX,NIFTYCPSE,04-Jan-2018,2575,PE,0,0,0,17.3,3.15,0,0,0,0,19-DEC-2017,
OPTIDX,NIFTYCPSE,04-Jan-2018,2600,PE,0,0,0,14.75,6.2,0,0,0,0,19-DEC-2017,
OPTIDX,NIFTYCPSE,04-Jan-2018,2625,PE,0,0,0,19.2,11.2,0,0,0,0,19-DEC-2017,
OPTIDX,NIFTYCPSE,04-Jan-2018,2650,PE,0,0,0,24.6,18.75,0,0,0,0,19-DEC-2017,
OPTIDX,NIFTYCPSE,04-Jan-2018,2675,PE,0,0,0,31,29.25,0,0,0,0,19-DEC-2017,
OPTIDX,NIFTYCPSE,04-Jan-2018,2700,PE,0,0,0,38.65,42.9,0,0,0,0,19-DEC-2017,
OPTIDX,NIFTYCPSE,04-Jan-2018,2725,PE,0,0,0,47.45,59.6,0,0,0,0,19-DEC-2017,
OPTIDX,NIFTYCPSE,04-Jan-2018,2750,PE,0,0,0,57.5,78.85,0,0,0,0,19-DEC-2017,
OPTIDX,NIFTYCPSE,04-Jan-2018,2775,PE,0,0,0,68.85,100.15,0,0,0,0,19-DEC-2017,
OPTIDX,NIFTYCPSE,04-Jan-2018,2800,PE,0,0,0,81.5,122.9,0,0,0,0,19-DEC-2017,
OPTIDX,NIFTYCPSE,04-Jan-2018,2825,PE,0,0,0,95.4,146.65,0,0,0,0,19-DEC-2017,
OPTIDX,NIFTYCPSE,04-Jan-2018,2850,PE,0,0,0,110.55,170.95,0,0,0,0,19-DEC-2017,
OPTIDX,NIFTYCPSE,04-Jan-2018,2875,PE,0,0,0,126.9,195.6,0,0,0,0,19-DEC-2017,
OPTIDX,NIFTYCPSE,04-Jan-2018,2900,PE,0,0,0,144.35,220.4,0,0,0,0,19-DEC-2017,
OPTIDX,NIFTYCPSE,11-Jan-2018,2400,CE,0,0,0,175.3,281.25,0,0,0,0,19-DEC-2017,
OPTIDX,NIFTYCPSE,11-Jan-2018,2425,CE,0,0,0,192.2,256.4,0,0,0,0,19-DEC-2017,
OPTIDX,NIFTYCPSE,11-Jan-2018,2450,CE,0,0,0,196.25,231.6,0,0,0,0,19-DEC-2017,
OPTIDX,NIFTYCPSE,11-Jan-2018,2475,CE,0,0,0,200.05,206.9,0,0,0,0,19-DEC-2017,
OPTIDX,NIFTYCPSE,11-Jan-2018,2500,CE,0,0,0,179.55,182.4,0,0,0,0,19-DEC-2017,
OPTIDX,NIFTYCPSE,11-Jan-2018,2525,CE,0,0,0,200,158.35,0,0,0,0,19-DEC-2017,
OPTIDX,NIFTYCPSE,11-Jan-2018,2550,CE,0,0,0,179.6,134.95,0,0,0,0,19-DEC-2017,
OPTIDX,NIFTYCPSE,11-Jan-2018,2575,CE,0,0,0,160.15,112.55,0,0,0,0,19-DEC-2017,
OPTIDX,NIFTYCPSE,11-Jan-2018,2600,CE,0,0,0,141.75,91.6,0,0,0,0,19-DEC-2017,
OPTIDX,NIFTYCPSE,11-Jan-2018,2625,CE,0,0,0,124.5,72.45,0,0,0,0,19-DEC-2017,
OPTIDX,NIFTYCPSE,11-Jan-2018,2650,CE,0,0,0,108.55,55.6,0,0,0,0,19-DEC-2017,
OPTIDX,NIFTYCPSE,11-Jan-2018,2675,CE,0,0,0,93.8,41.2,0,0,0,0,19-DEC-2017,
OPTIDX,NIFTYCPSE,11-Jan-2018,2700,CE,0,0,0,80.45,29.5,0,0,0,0,19-DEC-2017,
OPTIDX,NIFTYCPSE,11-Jan-2018,2725,CE,0,0,0,68.35,20.3,0,0,0,0,19-DEC-2017,
OPTIDX,NIFTYCPSE,11-Jan-2018,2750,CE,0,0,0,57.6,13.45,0,0,0,0,19-DEC-2017,
OPTIDX,NIFTYCPSE,11-Jan-2018,2775,CE,0,0,0,48.1,8.55,0,0,0,0,19-DEC-2017,
OPTIDX,NIFTYCPSE,11-Jan-2018,2800,CE,0,0,0,39.8,5.2,0,0,0,0,19-DEC-2017,
OPTIDX,NIFTYCPSE,11-Jan-2018,2825,CE,0,0,0,32.65,3.05,0,0,0,0,19-DEC-2017,
OPTIDX,NIFTYCPSE,11-Jan-2018,2400,PE,0,0,0,3.15,0.05,0,0,0,0,19-DEC-2017,
OPTIDX,NIFTYCPSE,11-Jan-2018,2425,PE,0,0,0,14.05,0.05,0,0,0,0,19-DEC-2017,
OPTIDX,NIFTYCPSE,11-Jan-2018,2450,PE,0,0,0,13.6,0.15,0,0,0,0,19-DEC-2017,
OPTIDX,NIFTYCPSE,11-Jan-2018,2475,PE,0,0,0,13.2,0.35,0,0,0,0,19-DEC-2017,
OPTIDX,NIFTYCPSE,11-Jan-2018,2500,PE,0,0,0,17.45,0.8,0,0,0,0,19-DEC-2017,
OPTIDX,NIFTYCPSE,11-Jan-2018,2525,PE,0,0,0,13.75,1.6,0,0,0,0,19-DEC-2017,
OPTIDX,NIFTYCPSE,11-Jan-2018,2550,PE,0,0,0,18.05,3.1,0,0,0,0,19-DEC-2017,
OPTIDX,NIFTYCPSE,11-Jan-2018,2575,PE,0,0,0,23.35,5.65,0,0,0,0,19-DEC-2017,
OPTIDX,NIFTYCPSE,11-Jan-2018,2600,PE,0,0,0,29.65,9.55,0,0,0,0,19-DEC-2017,
OPTIDX,NIFTYCPSE,11-Jan-2018,2625,PE,0,0,0,37.15,15.35,0,0,0,0,19-DEC-2017,
OPTIDX,NIFTYCPSE,11-Jan-2018,2650,PE,0,0,0,45.9,23.35,0,0,0,0,19-DEC-2017,
OPTIDX,NIFTYCPSE,11-Jan-2018,2675,PE,0,0,0,55.95,33.9,0,0,0,0,19-DEC-2017,
OPTIDX,NIFTYCPSE,11-Jan-2018,2700,PE,0,0,0,67.25,47.05,0,0,0,0,19-DEC-2017,
OPTIDX,NIFTYCPSE,11-Jan-2018,2725,PE,0,0,0,79.9,62.75,0,0,0,0,19-DEC-2017,
OPTIDX,NIFTYCPSE,11-Jan-2018,2750,PE,0,0,0,93.9,80.8,0,0,0,0,19-DEC-2017,
OPTIDX,NIFTYCPSE,11-Jan-2018,2775,PE,0,0,0,109.1,100.8,0,0,0,0,19-DEC-2017,
OPTIDX,NIFTYCPSE,11-Jan-2018,2800,PE,0,0,0,125.55,122.4,0,0,0,0,19-DEC-2017,
OPTIDX,NIFTYCPSE,11-Jan-2018,2825,PE,0,0,0,143.1,145.1,0,0,0,0,19-DEC-2017,
OPTIDX,NIFTYCPSE,18-Jan-2018,2400,CE,0,0,0,179.45,284.2,0,0,0,0,19-DEC-2017,
OPTIDX,NIFTYCPSE,18-Jan-2018,2425,CE,0,0,0,186.75,259.45,0,0,0,0,19-DEC-2017,
OPTIDX,NIFTYCPSE,18-Jan-2018,2450,CE,0,0,0,184.05,234.8,0,0,0,0,19-DEC-2017,
OPTIDX,NIFTYCPSE,18-Jan-2018,2475,CE,0,0,0,164.45,210.35,0,0,0,0,19-DEC-2017,
OPTIDX,NIFTYCPSE,18-Jan-2018,2500,CE,0,0,0,146,186.2,0,0,0,0,19-DEC-2017,
OPTIDX,NIFTYCPSE,18-Jan-2018,2525,CE,0,0,0,128.45,162.6,0,0,0,0,19-DEC-2017,
OPTIDX,NIFTYCPSE,18-Jan-2018,2550,CE,0,0,0,112.25,139.8,0,0,0,0,19-DEC-2017,
OPTIDX,NIFTYCPSE,18-Jan-2018,2575,CE,0,0,0,97.3,118.05,0,0,0,0,19-DEC-2017,
OPTIDX,NIFTYCPSE,18-Jan-2018,2600,CE,0,0,0,83.65,97.75,0,0,0,0,19-DEC-2017,
OPTIDX,NIFTYCPSE,18-Jan-2018,2625,CE,0,0,0,71.3,79.15,0,0,0,0,19-DEC-2017,
OPTIDX,NIFTYCPSE,18-Jan-2018,2650,CE,0,0,0,60.3,62.6,0,0,0,0,19-DEC-2017,
OPTIDX,NIFTYCPSE,18-Jan-2018,2675,CE,0,0,0,50.55,48.2,0,0,0,0,19-DEC-2017,
OPTIDX,NIFTYCPSE,18-Jan-2018,2700,CE,0,0,0,42,36.15,0,0,0,0,19-DEC-2017,
OPTIDX,NIFTYCPSE,18-Jan-2018,2725,CE,0,0,0,34.6,26.35,0,0,0,0,19-DEC-2017,
OPTIDX,NIFTYCPSE,18-Jan-2018,2750,CE,0,0,0,28.35,18.65,0,0,0,0,19-DEC-2017,
OPTIDX,NIFTYCPSE,18-Jan-2018,2775,CE,0,0,0,29.7,12.8,0,0,0,0,19-DEC-2017,
OPTIDX,NIFTYCPSE,18-Jan-2018,2800,CE,0,0,0,17.55,8.5,0,0,0,0,19-DEC-2017,
OPTIDX,NIFTYCPSE,18-Jan-2018,2400,PE,0,0,0,4.35,0.1,0,0,0,0,19-DEC-2017,
OPTIDX,NIFTYCPSE,18-Jan-2018,2425,PE,0,0,0,5.5,0.2,0,0,0,0,19-DEC-2017,
OPTIDX,NIFTYCPSE,18-Jan-2018,2450,PE,0,0,0,17.4,0.4,0,0,0,0,19-DEC-2017,
OPTIDX,NIFTYCPSE,18-Jan-2018,2475,PE,0,0,0,22.5,0.8,0,0,0,0,19-DEC-2017,
OPTIDX,NIFTYCPSE,18-Jan-2018,2500,PE,0,0,0,28.75,1.55,0,0,0,0,19-DEC-2017,
OPTIDX,NIFTYCPSE,18-Jan-2018,2525,PE,0,0,0,35.95,2.85,0,0,0,0,19-DEC-2017,
OPTIDX,NIFTYCPSE,18-Jan-2018,2550,PE,0,0,0,44.45,4.9,0,0,0,0,19-DEC-2017,
OPTIDX,NIFTYCPSE,18-Jan-2018,2575,PE,0,0,0,54.25,8.05,0,0,0,0,19-DEC-2017,
OPTIDX,NIFTYCPSE,18-Jan-2018,2600,PE,0,0,0,65.35,12.6,0,0,0,0,19-DEC-2017,
OPTIDX,NIFTYCPSE,18-Jan-2018,2625,PE,0,0,0,77.7,18.85,0,0,0,0,19-DEC-2017,
OPTIDX,NIFTYCPSE,18-Jan-2018,2650,PE,0,0,0,91.4,27.15,0,0,0,0,19-DEC-2017,
OPTIDX,NIFTYCPSE,18-Jan-2018,2675,PE,0,0,0,106.4,37.7,0,0,0,0,19-DEC-2017,
OPTIDX,NIFTYCPSE,18-Jan-2018,2700,PE,0,0,0,122.55,50.5,0,0,0,0,19-DEC-2017,
OPTIDX,NIFTYCPSE,18-Jan-2018,2725,PE,0,0,0,139.9,65.55,0,0,0,0,19-DEC-2017,
OPTIDX,NIFTYCPSE,18-Jan-2018,2750,PE,0,0,0,158.4,82.7,0,0,0,0,19-DEC-2017,
OPTIDX,NIFTYCPSE,18-Jan-2018,2775,PE,0,0,0,147.75,101.75,0,0,0,0,19-DEC-2017,
OPTIDX,NIFTYCPSE,18-Jan-2018,2800,PE,0,0,0,150.6,122.35,0,0,0,0,19-DEC-2017,
OPTIDX,NIFTYCPSE,25-Jan-2018,2400,CE,0,0,0,183.6,287.55,0,0,0,0,19-DEC-2017,
OPTIDX,NIFTYCPSE,25-Jan-2018,2425,CE,0,0,0,202.05,262.9,0,0,0,0,19-DEC-2017,
OPTIDX,NIFTYCPSE,25-Jan-2018,2450,CE,0,0,0,206.05,238.45,0,0,0,0,19-DEC-2017,
OPTIDX,NIFTYCPSE,25-Jan-2018,2475,CE,0,0,0,209.75,214.25,0,0,0,0,19-DEC-2017,
OPTIDX,NIFTYCPSE,25-Jan-2018,2500,CE,0,0,0,189.75,190.45,0,0,0,0,19-DEC-2017,
OPTIDX,NIFTYCPSE,25-Jan-2018,2525,CE,0,0,0,209.6,167.3,0,0,0,0,19-DEC-2017,
OPTIDX,NIFTYCPSE,25-Jan-2018,2550,CE,0,0,0,227.65,144.95,0,0,0,0,19-DEC-2017,
OPTIDX,NIFTYCPSE,25-Jan-2018,2575,CE,0,0,0,208.85,123.75,0,0,0,0,19-DEC-2017,
OPTIDX,NIFTYCPSE,25-Jan-2018,2600,CE,0,0,0,190.85,103.85,0,0,0,0,19-DEC-2017,
OPTIDX,NIFTYCPSE,25-Jan-2018,2625,CE,0,0,0,173.75,85.6,0,0,0,0,19-DEC-2017,
OPTIDX,NIFTYCPSE,25-Jan-2018,2650,CE,0,0,0,157.55,69.2,0,0,0,0,19-DEC-2017,
OPTIDX,NIFTYCPSE,25-Jan-2018,2675,CE,0,0,0,142.25,54.8,0,0,0,0,19-DEC-2017,
OPTIDX,NIFTYCPSE,25-Jan-2018,2700,CE,0,0,0,127.9,42.5,0,0,0,0,19-DEC-2017,
OPTIDX,NIFTYCPSE,25-Jan-2018,2725,CE,0,0,0,114.55,32.15,0,0,0,0,19-DEC-2017,
OPTIDX,NIFTYCPSE,25-Jan-2018,2750,CE,0,0,0,102.15,23.8,0,0,0,0,19-DEC-2017,
OPTIDX,NIFTYCPSE,25-Jan-2018,2775,CE,0,0,0,90.7,17.2,0,0,0,0,19-DEC-2017,
OPTIDX,NIFTYCPSE,25-Jan-2018,2800,CE,0,0,0,80.15,12.15,0,0,0,0,19-DEC-2017,
OPTIDX,NIFTYCPSE,25-Jan-2018,2825,CE,0,0,0,70.55,8.35,0,0,0,0,19-DEC-2017,
OPTIDX,NIFTYCPSE,25-Jan-2018,2850,CE,0,0,0,61.8,5.6,0,0,0,0,19-DEC-2017,
OPTIDX,NIFTYCPSE,25-Jan-2018,2875,CE,0,0,0,52.15,3.65,0,0,0,0,19-DEC-2017,
OPTIDX,NIFTYCPSE,25-Jan-2018,2900,CE,0,0,0,50.05,2.35,0,0,0,0,19-DEC-2017,
OPTIDX,NIFTYCPSE,25-Jan-2018,2400,PE,0,0,0,5.6,0.2,0,0,0,0,19-DEC-2017,
OPTIDX,NIFTYCPSE,25-Jan-2018,2425,PE,0,0,0,18.05,0.4,0,0,0,0,19-DEC-2017,
OPTIDX,NIFTYCPSE,25-Jan-2018,2450,PE,0,0,0,17.45,0.8,0,0,0,0,19-DEC-2017,
OPTIDX,NIFTYCPSE,25-Jan-2018,2475,PE,0,0,0,16.95,1.45,0,0,0,0,19-DEC-2017,
OPTIDX,NIFTYCPSE,25-Jan-2018,2500,PE,0,0,0,21.6,2.5,0,0,0,0,19-DEC-2017,
OPTIDX,NIFTYCPSE,25-Jan-2018,2525,PE,0,0,0,17.25,4.15,0,0,0,0,19-DEC-2017,
OPTIDX,NIFTYCPSE,25-Jan-2018,2550,PE,0,0,0,28.55,6.65,0,0,0,0,19-DEC-2017,
OPTIDX,NIFTYCPSE,25-Jan-2018,2575,PE,0,0,0,34.35,10.3,0,0,0,0,19-DEC-2017,
OPTIDX,NIFTYCPSE,25-Jan-2018,2600,PE,0,0,0,40.95,15.25,0,0,0,0,19-DEC-2017,
OPTIDX,NIFTYCPSE,25-Jan-2018,2625,PE,0,0,0,48.45,21.85,0,0,0,0,19-DEC-2017,
OPTIDX,NIFTYCPSE,25-Jan-2018,2650,PE,0,0,0,56.85,30.3,0,0,0,0,19-DEC-2017,
OPTIDX,NIFTYCPSE,25-Jan-2018,2675,PE,0,0,0,66.2,40.7,0,0,0,0,19-DEC-2017,
OPTIDX,NIFTYCPSE,25-Jan-2018,2700,PE,0,0,0,76.5,53.2,0,0,0,0,19-DEC-2017,
OPTIDX,NIFTYCPSE,25-Jan-2018,2725,PE,0,0,0,87.7,67.75,0,0,0,0,19-DEC-2017,
OPTIDX,NIFTYCPSE,25-Jan-2018,2750,PE,0,0,0,99.9,84.2,0,0,0,0,19-DEC-2017,
OPTIDX,NIFTYCPSE,25-Jan-2018,2775,PE,0,0,0,113.05,102.45,0,0,0,0,19-DEC-2017,
OPTIDX,NIFTYCPSE,25-Jan-2018,2800,PE,0,0,0,127.15,122.2,0,0,0,0,19-DEC-2017,
OPTIDX,NIFTYCPSE,25-Jan-2018,2825,PE,0,0,0,142.15,143.25,0,0,0,0,19-DEC-2017,
OPTIDX,NIFTYCPSE,25-Jan-2018,2850,PE,0,0,0,158,165.35,0,0,0,0,19-DEC-2017,
OPTIDX,NIFTYCPSE,25-Jan-2018,2875,PE,0,0,0,166.3,188.25,0,0,0,0,19-DEC-2017,
OPTIDX,NIFTYCPSE,25-Jan-2018,2900,PE,0,0,0,168.45,211.75,0,0,0,0,19-DEC-2017,
OPTIDX,NIFTYCPSE,01-Feb-2018,2400,CE,0,0,0,187.75,290.65,0,0,0,0,19-DEC-2017,
OPTIDX,NIFTYCPSE,01-Feb-2018,2425,CE,0,0,0,195.35,266.15,0,0,0,0,19-DEC-2017,
OPTIDX,NIFTYCPSE,01-Feb-2018,2450,CE,0,0,0,173.95,241.9,0,0,0,0,19-DEC-2017,
OPTIDX,NIFTYCPSE,01-Feb-2018,2475,CE,0,0,0,203.9,218,0,0,0,0,19-DEC-2017,
OPTIDX,NIFTYCPSE,01-Feb-2018,2500,CE,0,0,0,183.2,194.55,0,0,0,0,19-DEC-2017,
OPTIDX,NIFTYCPSE,01-Feb-2018,2525,CE,0,0,0,163.45,171.75,0,0,0,0,19-DEC-2017,
OPTIDX,NIFTYCPSE,01-Feb-2018,2550,CE,0,0,0,144.85,149.85,0,0,0,0,19-DEC-2017,
OPTIDX,NIFTYCPSE,01-Feb-2018,2575,CE,0,0,0,127.15,129,0,0,0,0,19-DEC-2017,
OPTIDX,NIFTYCPSE,01-Feb-2018,2600,CE,0,0,0,110.85,109.5,0,0,0,0,19-DEC-2017,
OPTIDX,NIFTYCPSE,01-Feb-2018,2625,CE,0,0,0,95.8,91.55,0,0,0,0,19-DEC-2017,
OPTIDX,NIFTYCPSE,01-Feb-2018,2650,CE,0,0,0,82.1,75.3,0,0,0,0,19-DEC-2017,
OPTIDX,NIFTYCPSE,01-Feb-2018,2675,CE,0,0,0,69.7,60.85,0,0,0,0,19-DEC-2017,
OPTIDX,NIFTYCPSE,01-Feb-2018,2700,CE,0,0,0,58.7,48.3,0,0,0,0,19-DEC-2017,
OPTIDX,NIFTYCPSE,01-Feb-2018,2725,CE,0,0,0,48.95,37.65,0,0,0,0,19-DEC-2017,
OPTIDX,NIFTYCPSE,01-Feb-2018,2750,CE,0,0,0,40.45,28.75,0,0,0,0,19-DEC-2017,
OPTIDX,NIFTYCPSE,01-Feb-2018,2775,CE,0,0,0,33.1,21.55,0,0,0,0,19-DEC-2017,
OPTIDX,NIFTYCPSE,01-Feb-2018,2800,CE,0,0,0,24.75,15.85,0,0,0,0,19-DEC-2017,
OPTIDX,NIFTYCPSE,01-Feb-2018,2400,PE,0,0,0,6.8,0.4,0,0,0,0,19-DEC-2017,
OPTIDX,NIFTYCPSE,01-Feb-2018,2425,PE,0,0,0,8.2,0.7,0,0,0,0,19-DEC-2017,
OPTIDX,NIFTYCPSE,01-Feb-2018,2450,PE,0,0,0,11.5,1.25,0,0,0,0,19-DEC-2017,
OPTIDX,NIFTYCPSE,01-Feb-2018,2475,PE,0,0,0,12.15,2.15,0,0,0,0,19-DEC-2017,
OPTIDX,NIFTYCPSE,01-Feb-2018,2500,PE,0,0,0,16.15,3.5,0,0,0,0,19-DEC-2017,
OPTIDX,NIFTYCPSE,01-Feb-2018,2525,PE,0,0,0,21.1,5.55,0,0,0,0,19-DEC-2017,
OPTIDX,NIFTYCPSE,01-Feb-2018,2550,PE,0,0,0,27.2,8.4,0,0,0,0,19-DEC-2017,
OPTIDX,NIFTYCPSE,01-Feb-2018,2575,PE,0,0,0,34.2,12.4,0,0,0,0,19-DEC-2017,
OPTIDX,NIFTYCPSE,01-Feb-2018,2600,PE,0,0,0,42.55,17.7,0,0,0,0,19-DEC-2017,
OPTIDX,NIFTYCPSE,01-Feb-2018,2625,PE,0,0,0,52.2,24.55,0,0,0,0,19-DEC-2017,
OPTIDX,NIFTYCPSE,01-Feb-2018,2650,PE,0,0,0,63.2,33.1,0,0,0,0,19-DEC-2017,
OPTIDX,NIFTYCPSE,01-Feb-2018,2675,PE,0,0,0,75.55,43.45,0,0,0,0,19-DEC-2017,
OPTIDX,NIFTYCPSE,01-Feb-2018,2700,PE,0,0,0,89.2,55.7,0,0,0,0,19-DEC-2017,
OPTIDX,NIFTYCPSE,01-Feb-2018,2725,PE,0,0,0,104.15,69.85,0,0,0,0,19-DEC-2017,
OPTIDX,NIFTYCPSE,01-Feb-2018,2750,PE,0,0,0,120.35,85.8,0,0,0,0,19-DEC-2017,
OPTIDX,NIFTYCPSE,01-Feb-2018,2775,PE,0,0,0,137.7,103.4,0,0,0,0,19-DEC-2017,
OPTIDX,NIFTYCPSE,01-Feb-2018,2800,PE,0,0,0,151,122.5,0,0,0,0,19-DEC-2017,
OPTIDX,NIFTYCPSE,08-Feb-2018,2450,CE,0,0,0,184.4,245.45,0,0,0,0,19-DEC-2017,
OPTIDX,NIFTYCPSE,08-Feb-2018,2475,CE,0,0,0,163.95,221.8,0,0,0,0,19-DEC-2017,
OPTIDX,NIFTYCPSE,08-Feb-2018,2500,CE,0,0,0,144.55,198.65,0,0,0,0,19-DEC-2017,
OPTIDX,NIFTYCPSE,08-Feb-2018,2525,CE,0,0,0,126.35,176.2,0,0,0,0,19-DEC-2017,
OPTIDX,NIFTYCPSE,08-Feb-2018,2550,CE,0,0,0,109.4,154.65,0,0,0,0,19-DEC-2017,
OPTIDX,NIFTYCPSE,08-Feb-2018,2575,CE,0,0,0,93.85,134.15,0,0,0,0,19-DEC-2017,
OPTIDX,NIFTYCPSE,08-Feb-2018,2600,CE,0,0,0,79.7,114.95,0,0,0,0,19-DEC-2017,
OPTIDX,NIFTYCPSE,08-Feb-2018,2625,CE,0,0,0,67,97.2,0,0,0,0,19-DEC-2017,
OPTIDX,NIFTYCPSE,08-Feb-2018,2650,CE,0,0,0,55.75,81,0,0,0,0,19-DEC-2017,
OPTIDX,NIFTYCPSE,08-Feb-2018,2675,CE,0,0,0,45.85,66.55,0,0,0,0,19-DEC-2017,
OPTIDX,NIFTYCPSE,08-Feb-2018,2700,CE,0,0,0,37.35,53.85,0,0,0,0,19-DEC-2017,
OPTIDX,NIFTYCPSE,08-Feb-2018,2725,CE,0,0,0,30.05,42.85,0,0,0,0,19-DEC-2017,
OPTIDX,NIFTYCPSE,08-Feb-2018,2750,CE,0,0,0,24,33.55,0,0,0,0,19-DEC-2017,
OPTIDX,NIFTYCPSE,08-Feb-2018,2775,CE,0,0,0,25.2,25.85,0,0,0,0,19-DEC-2017,
OPTIDX,NIFTYCPSE,08-Feb-2018,2800,CE,0,0,0,14.7,19.6,0,0,0,0,19-DEC-2017,
OPTIDX,NIFTYCPSE,08-Feb-2018,2450,PE,0,0,0,12.4,1.8,0,0,0,0,19-DEC-2017,
OPTIDX,NIFTYCPSE,08-Feb-2018,2475,PE,0,0,0,16.7,2.9,0,0,0,0,19-DEC-2017,
OPTIDX,NIFTYCPSE,08-Feb-2018,2500,PE,0,0,0,22.05,4.55,0,0,0,0,19-DEC-2017,
OPTIDX,NIFTYCPSE,08-Feb-2018,2525,PE,0,0,0,28.55,6.9,0,0,0,0,19-DEC-2017,
OPTIDX,NIFTYCPSE,08-Feb-2018,2550,PE,0,0,0,36.35,10.1,0,0,0,0,19-DEC-2017,
OPTIDX,NIFTYCPSE,08-Feb-2018,2575,PE,0,0,0,45.5,14.4,0,0,0,0,19-DEC-2017,
OPTIDX,NIFTYCPSE,08-Feb-2018,2600,PE,0,0,0,56.1,19.95,0,0,0,0,19-DEC-2017,
OPTIDX,NIFTYCPSE,08-Feb-2018,2625,PE,0,0,0,68.1,26.95,0,0,0,0,19-DEC-2017,
OPTIDX,NIFTYCPSE,08-Feb-2018,2650,PE,0,0,0,81.55,35.6,0,0,0,0,19-DEC-2017,
OPTIDX,NIFTYCPSE,08-Feb-2018,2675,PE,0,0,0,96.45,45.9,0,0,0,0,19-DEC-2017,
OPTIDX,NIFTYCPSE,08-Feb-2018,2700,PE,0,0,0,112.65,57.95,0,0,0,0,19-DEC-2017,
OPTIDX,NIFTYCPSE,08-Feb-2018,2725,PE,0,0,0,130.1,71.75,0,0,0,0,19-DEC-2017,
OPTIDX,NIFTYCPSE,08-Feb-2018,2750,PE,0,0,0,148.7,87.25,0,0,0,0,19-DEC-2017,
OPTIDX,NIFTYCPSE,08-Feb-2018,2775,PE,0,0,0,147.1,104.3,0,0,0,0,19-DEC-2017,
OPTIDX,NIFTYCPSE,08-Feb-2018,2800,PE,0,0,0,147.1,122.8,0,0,0,0,19-DEC-2017,
OPTIDX,NIFTYCPSE,15-Feb-2018,2475,CE,0,0,0,186.35,225.65,0,0,0,0,19-DEC-2017,
OPTIDX,NIFTYCPSE,15-Feb-2018,2500,CE,0,0,0,165.2,202.8,0,0,0,0,19-DEC-2017,
OPTIDX,NIFTYCPSE,15-Feb-2018,2525,CE,0,0,0,145.1,180.65,0,0,0,0,19-DEC-2017,
OPTIDX,NIFTYCPSE,15-Feb-2018,2550,CE,0,0,0,126.25,159.4,0,0,0,0,19-DEC-2017,
OPTIDX,NIFTYCPSE,15-Feb-2018,2575,CE,0,0,0,108.55,139.2,0,0,0,0,19-DEC-2017,
OPTIDX,NIFTYCPSE,15-Feb-2018,2600,CE,0,0,0,92.35,120.3,0,0,0,0,19-DEC-2017,
OPTIDX,NIFTYCPSE,15-Feb-2018,2625,CE,0,0,0,77.7,102.6,0,0,0,0,19-DEC-2017,
OPTIDX,NIFTYCPSE,15-Feb-2018,2650,CE,0,0,0,64.55,86.5,0,0,0,0,19-DEC-2017,
OPTIDX,NIFTYCPSE,15-Feb-2018,2675,CE,0,0,0,53,72,0,0,0,0,19-DEC-2017,
OPTIDX,NIFTYCPSE,15-Feb-2018,2700,CE,0,0,0,42.95,59.15,0,0,0,0,19-DEC-2017,
OPTIDX,NIFTYCPSE,15-Feb-2018,2725,CE,0,0,0,34.35,47.9,0,0,0,0,19-DEC-2017,
OPTIDX,NIFTYCPSE,15-Feb-2018,2750,CE,0,0,0,27.15,38.25,0,0,0,0,19-DEC-2017,
OPTIDX,NIFTYCPSE,15-Feb-2018,2775,CE,0,0,0,21.2,30.1,0,0,0,0,19-DEC-2017,
OPTIDX,NIFTYCPSE,15-Feb-2018,2800,CE,0,0,0,17.9,23.5,0,0,0,0,19-DEC-2017,
OPTIDX,NIFTYCPSE,15-Feb-2018,2475,PE,0,0,0,9,3.75,0,0,0,0,19-DEC-2017,
OPTIDX,NIFTYCPSE,15-Feb-2018,2500,PE,0,0,0,12.6,5.65,0,0,0,0,19-DEC-2017,
OPTIDX,NIFTYCPSE,15-Feb-2018,2525,PE,0,0,0,17.2,8.25,0,0,0,0,19-DEC-2017,
OPTIDX,NIFTYCPSE,15-Feb-2018,2550,PE,0,0,0,23.1,11.7,0,0,0,0,19-DEC-2017,
OPTIDX,NIFTYCPSE,15-Feb-2018,2575,PE,0,0,0,30.1,16.25,0,0,0,0,19-DEC-2017,
OPTIDX,NIFTYCPSE,15-Feb-2018,2600,PE,0,0,0,38.65,22.15,0,0,0,0,19-DEC-2017,
OPTIDX,NIFTYCPSE,15-Feb-2018,2625,PE,0,0,0,48.7,29.15,0,0,0,0,19-DEC-2017,
OPTIDX,NIFTYCPSE,15-Feb-2018,2650,PE,0,0,0,60.3,37.85,0,0,0,0,19-DEC-2017,
OPTIDX,NIFTYCPSE,15-Feb-2018,2675,PE,0,0,0,73.45,48.05,0,0,0,0,19-DEC-2017,
OPTIDX,NIFTYCPSE,15-Feb-2018,2700,PE,0,0,0,88.15,59.95,0,0,0,0,19-DEC-2017,
OPTIDX,NIFTYCPSE,15-Feb-2018,2725,PE,0,0,0,104.25,73.45,0,0,0,0,19-DEC-2017,
OPTIDX,NIFTYCPSE,15-Feb-2018,2750,PE,0,0,0,121.8,88.55,0,0,0,0,19-DEC-2017,
OPTIDX,NIFTYCPSE,15-Feb-2018,2775,PE,0,0,0,140.55,105.15,0,0,0,0,19-DEC-2017,
OPTIDX,NIFTYCPSE,15-Feb-2018,2800,PE,0,0,0,146.9,123.3,0,0,0,0,19-DEC-2017,
OPTIDX,NIFTYCPSE,22-Feb-2018,2400,CE,0,0,0,200.05,300.35,0,0,0,0,19-DEC-2017,
OPTIDX,NIFTYCPSE,22-Feb-2018,2425,CE,0,0,0,208.05,276.35,0,0,0,0,19-DEC-2017,
OPTIDX,NIFTYCPSE,22-Feb-2018,2450,CE,0,0,0,187.3,252.7,0,0,0,0,19-DEC-2017,
OPTIDX,NIFTYCPSE,22-Feb-2018,2475,CE,0,0,0,195.95,229.5,0,0,0,0,19-DEC-2017,
OPTIDX,NIFTYCPSE,22-Feb-2018,2500,CE,0,0,0,175.45,206.9,0,0,0,0,19-DEC-2017,
OPTIDX,NIFTYCPSE,22-Feb-2018,2525,CE,0,0,0,155.95,185.05,0,0,0,0,19-DEC-2017,
OPTIDX,NIFTYCPSE,22-Feb-2018,2550,CE,0,0,0,137.5,164.05,0,0,0,0,19-DEC-2017,
OPTIDX,NIFTYCPSE,22-Feb-2018,2575,CE,0,0,0,120.3,144.1,0,0,0,0,19-DEC-2017,
OPTIDX,NIFTYCPSE,22-Feb-2018,2600,CE,0,0,0,104.35,125.4,0,0,0,0,19-DEC-2017,
OPTIDX,NIFTYCPSE,22-Feb-2018,2625,CE,0,0,0,89.7,107.8,0,0,0,0,19-DEC-2017,
OPTIDX,NIFTYCPSE,22-Feb-2018,2650,CE,0,0,0,76.45,91.8,0,0,0,0,19-DEC-2017,
OPTIDX,NIFTYCPSE,22-Feb-2018,2675,CE,0,0,0,64.55,77.25,0,0,0,0,19-DEC-2017,
OPTIDX,NIFTYCPSE,22-Feb-2018,2700,CE,0,0,0,53.95,64.25,0,0,0,0,19-DEC-2017,
OPTIDX,NIFTYCPSE,22-Feb-2018,2725,CE,0,0,0,44.7,52.8,0,0,0,0,19-DEC-2017,
OPTIDX,NIFTYCPSE,22-Feb-2018,2750,CE,0,0,0,36.7,42.85,0,0,0,0,19-DEC-2017,
OPTIDX,NIFTYCPSE,22-Feb-2018,2775,CE,0,0,0,29.8,34.35,0,0,0,0,19-DEC-2017,
OPTIDX,NIFTYCPSE,22-Feb-2018,2800,CE,0,0,0,21.15,27.15,0,0,0,0,19-DEC-2017,
OPTIDX,NIFTYCPSE,22-Feb-2018,2400,PE,0,0,0,10.4,1.25,0,0,0,0,19-DEC-2017,
OPTIDX,NIFTYCPSE,22-Feb-2018,2425,PE,0,0,0,12.1,2,0,0,0,0,19-DEC-2017,
OPTIDX,NIFTYCPSE,22-Feb-2018,2450,PE,0,0,0,16.05,3.05,0,0,0,0,19-DEC-2017,
OPTIDX,NIFTYCPSE,22-Feb-2018,2475,PE,0,0,0,12.6,4.6,0,0,0,0,19-DEC-2017,
OPTIDX,NIFTYCPSE,22-Feb-2018,2500,PE,0,0,0,16.75,6.7,0,0,0,0,19-DEC-2017,
OPTIDX,NIFTYCPSE,22-Feb-2018,2525,PE,0,0,0,21.9,9.55,0,0,0,0,19-DEC-2017,
OPTIDX,NIFTYCPSE,22-Feb-2018,2550,PE,0,0,0,28.1,13.25,0,0,0,0,19-DEC-2017,
OPTIDX,NIFTYCPSE,22-Feb-2018,2575,PE,0,0,0,35.5,18,0,0,0,0,19-DEC-2017,
OPTIDX,NIFTYCPSE,22-Feb-2018,2600,PE,0,0,0,44.2,24.05,0,0,0,0,19-DEC-2017,
OPTIDX,NIFTYCPSE,22-Feb-2018,2625,PE,0,0,0,54.2,31.2,0,0,0,0,19-DEC-2017,
OPTIDX,NIFTYCPSE,22-Feb-2018,2650,PE,0,0,0,65.6,39.85,0,0,0,0,19-DEC-2017,
OPTIDX,NIFTYCPSE,22-Feb-2018,2675,PE,0,0,0,78.3,50.05,0,0,0,0,19-DEC-2017,
OPTIDX,NIFTYCPSE,22-Feb-2018,2700,PE,0,0,0,92.35,61.75,0,0,0,0,19-DEC-2017,
OPTIDX,NIFTYCPSE,22-Feb-2018,2725,PE,0,0,0,107.75,75,0,0,0,0,19-DEC-2017,
OPTIDX,NIFTYCPSE,22-Feb-2018,2750,PE,0,0,0,124.35,89.8,0,0,0,0,19-DEC-2017,
OPTIDX,NIFTYCPSE,22-Feb-2018,2775,PE,0,0,0,142.1,106,0,0,0,0,19-DEC-2017,
OPTIDX,NIFTYCPSE,22-Feb-2018,2800,PE,0,0,0,146.75,123.55,0,0,0,0,19-DEC-2017,
OPTIDX,NIFTYINFRA,28-Dec-2017,2400,CE,0,0,0,848.2,1146.75,0,0,0,0,19-DEC-2017,
OPTIDX,NIFTYINFRA,28-Dec-2017,2500,CE,0,0,0,749.9,1046.9,0,0,0,0,19-DEC-2017,
OPTIDX,NIFTYINFRA,28-Dec-2017,2600,CE,0,0,0,651.95,947.05,0,0,0,0,19-DEC-2017,
OPTIDX,NIFTYINFRA,28-Dec-2017,2700,CE,0,0,0,555.05,847.2,0,0,0,0,19-DEC-2017,
OPTIDX,NIFTYINFRA,28-Dec-2017,2800,CE,0,0,0,460.4,747.35,0,0,0,0,19-DEC-2017,
OPTIDX,NIFTYINFRA,28-Dec-2017,2900,CE,0,0,0,370.1,647.55,0,0,0,0,19-DEC-2017,
OPTIDX,NIFTYINFRA,28-Dec-2017,3000,CE,0,0,0,286.8,547.7,0,0,0,0,19-DEC-2017,
OPTIDX,NIFTYINFRA,28-Dec-2017,3100,CE,0,0,0,213.15,447.85,0,0,0,0,19-DEC-2017,
OPTIDX,NIFTYINFRA,28-Dec-2017,3200,CE,0,0,0,151.4,348,0,0,0,0,19-DEC-2017,
OPTIDX,NIFTYINFRA,28-Dec-2017,3300,CE,0,0,0,102.5,248.3,0,0,0,0,19-DEC-2017,
OPTIDX,NIFTYINFRA,28-Dec-2017,3400,CE,0,0,0,66.05,151.2,0,0,0,0,19-DEC-2017,
OPTIDX,NIFTYINFRA,28-Dec-2017,3500,CE,0,0,0,40.55,68.75,0,0,0,0,19-DEC-2017,
OPTIDX,NIFTYINFRA,28-Dec-2017,3600,CE,0,0,0,23.7,19.9,0,0,0,0,19-DEC-2017,
OPTIDX,NIFTYINFRA,28-Dec-2017,3700,CE,0,0,0,13.2,3.25,0,0,0,0,19-DEC-2017,
OPTIDX,NIFTYINFRA,28-Dec-2017,3800,CE,0,0,0,7,0.3,0,0,0,0,19-DEC-2017,
OPTIDX,NIFTYINFRA,28-Dec-2017,3900,CE,0,0,0,3.55,0.05,0,0,0,0,19-DEC-2017,
OPTIDX,NIFTYINFRA,28-Dec-2017,4000,CE,0,0,0,1.75,0,0,0,0,0,19-DEC-2017,
OPTIDX,NIFTYINFRA,28-Dec-2017,4100,CE,0,0,0,0.45,0,0,0,0,0,19-DEC-2017,
OPTIDX,NIFTYINFRA,28-Dec-2017,4200,CE,0,0,0,0.25,0,0,0,0,0,19-DEC-2017,
OPTIDX,NIFTYINFRA,28-Dec-2017,4300,CE,0,0,0,0.15,0,0,0,0,0,19-DEC-2017,
OPTIDX,NIFTYINFRA,28-Dec-2017,4400,CE,0,0,0,0.85,0,0,0,0,0,19-DEC-2017,
OPTIDX,NIFTYINFRA,28-Dec-2017,2400,PE,0,0,0,0.05,0,0,0,0,0,19-DEC-2017,
OPTIDX,NIFTYINFRA,28-Dec-2017,2500,PE,0,0,0,0.2,0,0,0,0,0,19-DEC-2017,
OPTIDX,NIFTYINFRA,28-Dec-2017,2600,PE,0,0,0,0.7,0,0,0,0,0,19-DEC-2017,
OPTIDX,NIFTYINFRA,28-Dec-2017,2700,PE,0,0,0,2.25,0,0,0,0,0,19-DEC-2017,
OPTIDX,NIFTYINFRA,28-Dec-2017,2800,PE,0,0,0,6.05,0,0,0,0,0,19-DEC-2017,
OPTIDX,NIFTYINFRA,28-Dec-2017,2900,PE,0,0,0,14.2,0,0,0,0,0,19-DEC-2017,
OPTIDX,NIFTYINFRA,28-Dec-2017,3000,PE,0,0,0,29.3,0,0,0,0,0,19-DEC-2017,
OPTIDX,NIFTYINFRA,28-Dec-2017,3100,PE,0,0,0,54.1,0,0,0,0,0,19-DEC-2017,
OPTIDX,NIFTYINFRA,28-Dec-2017,3200,PE,0,0,0,90.8,0,0,0,0,0,19-DEC-2017,
OPTIDX,NIFTYINFRA,28-Dec-2017,3300,PE,0,0,0,140.35,0.2,0,0,0,0,19-DEC-2017,
OPTIDX,NIFTYINFRA,28-Dec-2017,3400,PE,0,0,0,202.35,2.9,0,0,0,0,19-DEC-2017,
OPTIDX,NIFTYINFRA,28-Dec-2017,3500,PE,0,0,0,275.3,20.3,0,0,0,0,19-DEC-2017,
OPTIDX,NIFTYINFRA,28-Dec-2017,3600,PE,0,0,0,356.85,71.3,0,0,0,0,19-DEC-2017,
OPTIDX,NIFTYINFRA,28-Dec-2017,3700,PE,0,0,0,444.8,154.5,0,0,0,0,19-DEC-2017,
OPTIDX,NIFTYINFRA,28-Dec-2017,3800,PE,0,0,0,537.05,251.4,0,0,0,0,19-DEC-2017,
OPTIDX,NIFTYINFRA,28-Dec-2017,3900,PE,0,0,0,632.05,350.95,0,0,0,0,19-DEC-2017,
OPTIDX,NIFTYINFRA,28-Dec-2017,4000,PE,0,0,0,728.7,450.8,0,0,0,0,19-DEC-2017,
OPTIDX,NIFTYINFRA,28-Dec-2017,4100,PE,0,0,0,775.75,550.65,0,0,0,0,19-DEC-2017,
OPTIDX,NIFTYINFRA,28-Dec-2017,4200,PE,0,0,0,794.3,650.5,0,0,0,0,19-DEC-2017,
OPTIDX,NIFTYINFRA,28-Dec-2017,4300,PE,0,0,0,776.85,750.35,0,0,0,0,19-DEC-2017,
OPTIDX,NIFTYINFRA,28-Dec-2017,4400,PE,0,0,0,790.25,850.2,0,0,0,0,19-DEC-2017,
OPTIDX,NIFTYINFRA,25-Jan-2018,2600,CE,0,0,0,877.35,959.95,0,0,0,0,19-DEC-2017,
OPTIDX,NIFTYINFRA,25-Jan-2018,2700,CE,0,0,0,887.9,860.6,0,0,0,0,19-DEC-2017,
OPTIDX,NIFTYINFRA,25-Jan-2018,2800,CE,0,0,0,823.95,761.25,0,0,0,0,19-DEC-2017,
OPTIDX,NIFTYINFRA,25-Jan-2018,2900,CE,0,0,0,726.15,661.9,0,0,0,0,19-DEC-2017,
OPTIDX,NIFTYINFRA,25-Jan-2018,3000,CE,0,0,0,629.4,562.6,0,0,0,0,19-DEC-2017,
OPTIDX,NIFTYINFRA,25-Jan-2018,3100,CE,0,0,0,534.75,463.65,0,0,0,0,19-DEC-2017,
OPTIDX,NIFTYINFRA,25-Jan-2018,3200,CE,0,0,0,443.7,366.1,0,0,0,0,19-DEC-2017,
OPTIDX,NIFTYINFRA,25-Jan-2018,3300,CE,0,0,0,358.25,272.65,0,0,0,0,19-DEC-2017,
OPTIDX,NIFTYINFRA,25-Jan-2018,3400,CE,0,0,0,280.7,188,0,0,0,0,19-DEC-2017,
OPTIDX,NIFTYINFRA,25-Jan-2018,3500,CE,0,0,0,212.5,117.85,0,0,0,0,19-DEC-2017,
OPTIDX,NIFTYINFRA,25-Jan-2018,3600,CE,0,0,0,155.4,66.2,0,0,0,0,19-DEC-2017,
OPTIDX,NIFTYINFRA,25-Jan-2018,3700,CE,0,0,0,109.5,33.1,0,0,0,0,19-DEC-2017,
OPTIDX,NIFTYINFRA,25-Jan-2018,3800,CE,0,0,0,74.35,14.5,0,0,0,0,19-DEC-2017,
OPTIDX,NIFTYINFRA,25-Jan-2018,3900,CE,0,0,0,48.65,5.6,0,0,0,0,19-DEC-2017,
OPTIDX,NIFTYINFRA,25-Jan-2018,4000,CE,0,0,0,30.7,1.9,0,0,0,0,19-DEC-2017,
OPTIDX,NIFTYINFRA,25-Jan-2018,4100,CE,0,0,0,18.65,0.6,0,0,0,0,19-DEC-2017,
OPTIDX,NIFTYINFRA,25-Jan-2018,4200,CE,0,0,0,10.95,0.15,0,0,0,0,19-DEC-2017,
OPTIDX,NIFTYINFRA,25-Jan-2018,4300,CE,0,0,0,6.2,0.05,0,0,0,0,19-DEC-2017,
OPTIDX,NIFTYINFRA,25-Jan-2018,4400,CE,0,0,0,3.4,0.05,0,0,0,0,19-DEC-2017,
OPTIDX,NIFTYINFRA,25-Jan-2018,2600,PE,0,0,0,0.05,0,0,0,0,0,19-DEC-2017,
OPTIDX,NIFTYINFRA,25-Jan-2018,2700,PE,0,0,0,0.1,0,0,0,0,0,19-DEC-2017,
OPTIDX,NIFTYINFRA,25-Jan-2018,2800,PE,0,0,0,0.3,0,0,0,0,0,19-DEC-2017,
OPTIDX,NIFTYINFRA,25-Jan-2018,2900,PE,0,0,0,1,0.05,0,0,0,0,19-DEC-2017,
OPTIDX,NIFTYINFRA,25-Jan-2018,3000,PE,0,0,0,2.65,0.1,0,0,0,0,19-DEC-2017,
OPTIDX,NIFTYINFRA,25-Jan-2018,3100,PE,0,0,0,6.4,0.5,0,0,0,0,19-DEC-2017,
OPTIDX,NIFTYINFRA,25-Jan-2018,3200,PE,0,0,0,13.8,2.3,0,0,0,0,19-DEC-2017,
OPTIDX,NIFTYINFRA,25-Jan-2018,3300,PE,0,0,0,26.8,8.15,0,0,0,0,19-DEC-2017,
OPTIDX,NIFTYINFRA,25-Jan-2018,3400,PE,0,0,0,47.7,22.9,0,0,0,0,19-DEC-2017,
OPTIDX,NIFTYINFRA,25-Jan-2018,3500,PE,0,0,0,77.9,52.1,0,0,0,0,19-DEC-2017,
OPTIDX,NIFTYINFRA,25-Jan-2018,3600,PE,0,0,0,119.2,99.75,0,0,0,0,19-DEC-2017,
OPTIDX,NIFTYINFRA,25-Jan-2018,3700,PE,0,0,0,171.75,166,0,0,0,0,19-DEC-2017,
OPTIDX,NIFTYINFRA,25-Jan-2018,3800,PE,0,0,0,235.05,246.75,0,0,0,0,19-DEC-2017,
OPTIDX,NIFTYINFRA,25-Jan-2018,3900,PE,0,0,0,307.8,337.2,0,0,0,0,19-DEC-2017,
OPTIDX,NIFTYINFRA,25-Jan-2018,4000,PE,0,0,0,388.25,432.9,0,0,0,0,19-DEC-2017,
OPTIDX,NIFTYINFRA,25-Jan-2018,4100,PE,0,0,0,474.65,530.9,0,0,0,0,19-DEC-2017,
OPTIDX,NIFTYINFRA,25-Jan-2018,4200,PE,0,0,0,565.35,629.85,0,0,0,0,19-DEC-2017,
OPTIDX,NIFTYINFRA,25-Jan-2018,4300,PE,0,0,0,659.05,729.1,0,0,0,0,19-DEC-2017,
OPTIDX,NIFTYINFRA,25-Jan-2018,4400,PE,0,0,0,754.7,828.4,0,0,0,0,19-DEC-2017,
OPTIDX,NIFTYINFRA,22-Feb-2018,2600,CE,0,0,0,850.75,972.65,0,0,0,0,19-DEC-2017,
OPTIDX,NIFTYINFRA,22-Feb-2018,2700,CE,0,0,0,856.65,873.8,0,0,0,0,19-DEC-2017,
OPTIDX,NIFTYINFRA,22-Feb-2018,2800,CE,0,0,0,758.1,775,0,0,0,0,19-DEC-2017,
OPTIDX,NIFTYINFRA,22-Feb-2018,2900,CE,0,0,0,659.75,676.3,0,0,0,0,19-DEC-2017,
OPTIDX,NIFTYINFRA,22-Feb-2018,3000,CE,0,0,0,561.9,578.05,0,0,0,0,19-DEC-2017,
OPTIDX,NIFTYINFRA,22-Feb-2018,3100,CE,0,0,0,465.45,481.2,0,0,0,0,19-DEC-2017,
OPTIDX,NIFTYINFRA,22-Feb-2018,3200,CE,0,0,0,372.25,387.35,0,0,0,0,19-DEC-2017,
OPTIDX,NIFTYINFRA,22-Feb-2018,3300,CE,0,0,0,285.15,299.25,0,0,0,0,19-DEC-2017,
OPTIDX,NIFTYINFRA,22-Feb-2018,3400,CE,0,0,0,207.65,220.35,0,0,0,0,19-DEC-2017,
OPTIDX,NIFTYINFRA,22-Feb-2018,3500,CE,0,0,0,142.5,153.3,0,0,0,0,19-DEC-2017,
OPTIDX,NIFTYINFRA,22-Feb-2018,3600,CE,0,0,0,91.9,100.45,0,0,0,0,19-DEC-2017,
OPTIDX,NIFTYINFRA,22-Feb-2018,3700,CE,0,0,0,55.4,61.75,0,0,0,0,19-DEC-2017,
OPTIDX,NIFTYINFRA,22-Feb-2018,3800,CE,0,0,0,31.25,35.6,0,0,0,0,19-DEC-2017,
OPTIDX,NIFTYINFRA,22-Feb-2018,3900,CE,0,0,0,16.45,19.2,0,0,0,0,19-DEC-2017,
OPTIDX,NIFTYINFRA,22-Feb-2018,4000,CE,0,0,0,8.1,9.7,0,0,0,0,19-DEC-2017,
OPTIDX,NIFTYINFRA,22-Feb-2018,4100,CE,0,0,0,3.75,4.6,0,0,0,0,19-DEC-2017,
OPTIDX,NIFTYINFRA,22-Feb-2018,4200,CE,0,0,0,1.6,2.05,0,0,0,0,19-DEC-2017,
OPTIDX,NIFTYINFRA,22-Feb-2018,4300,CE,0,0,0,0.65,0.85,0,0,0,0,19-DEC-2017,
OPTIDX,NIFTYINFRA,22-Feb-2018,2600,PE,0,0,0,0.05,0,0,0,0,0,19-DEC-2017,
OPTIDX,NIFTYINFRA,22-Feb-2018,2700,PE,0,0,0,0.05,0.05,0,0,0,0,19-DEC-2017,
OPTIDX,NIFTYINFRA,22-Feb-2018,2800,PE,0,0,0,0.05,0.05,0,0,0,0,19-DEC-2017,
OPTIDX,NIFTYINFRA,22-Feb-2018,2900,PE,0,0,0,0.25,0.25,0,0,0,0,19-DEC-2017,
OPTIDX,NIFTYINFRA,22-Feb-2018,3000,PE,0,0,0,0.9,0.85,0,0,0,0,19-DEC-2017,
OPTIDX,NIFTYINFRA,22-Feb-2018,3100,PE,0,0,0,3,2.85,0,0,0,0,19-DEC-2017,
OPTIDX,NIFTYINFRA,22-Feb-2018,3200,PE,0,0,0,8.35,7.85,0,0,0,0,19-DEC-2017,
OPTIDX,NIFTYINFRA,22-Feb-2018,3300,PE,0,0,0,19.8,18.6,0,0,0,0,19-DEC-2017,
OPTIDX,NIFTYINFRA,22-Feb-2018,3400,PE,0,0,0,40.85,38.55,0,0,0,0,19-DEC-2017,
OPTIDX,NIFTYINFRA,22-Feb-2018,3500,PE,0,0,0,74.25,70.4,0,0,0,0,19-DEC-2017,
OPTIDX,NIFTYINFRA,22-Feb-2018,3600,PE,0,0,0,122.15,116.4,0,0,0,0,19-DEC-2017,
OPTIDX,NIFTYINFRA,22-Feb-2018,3700,PE,0,0,0,184.25,176.6,0,0,0,0,19-DEC-2017,
OPTIDX,NIFTYINFRA,22-Feb-2018,3800,PE,0,0,0,258.65,249.3,0,0,0,0,19-DEC-2017,
OPTIDX,NIFTYINFRA,22-Feb-2018,3900,PE,0,0,0,342.35,331.75,0,0,0,0,19-DEC-2017,
OPTIDX,NIFTYINFRA,22-Feb-2018,4000,PE,0,0,0,432.55,421.1,0,0,0,0,19-DEC-2017,
OPTIDX,NIFTYINFRA,22-Feb-2018,4100,PE,0,0,0,526.7,514.85,0,0,0,0,19-DEC-2017,
OPTIDX,NIFTYINFRA,22-Feb-2018,4200,PE,0,0,0,623.15,611.15,0,0,0,0,19-DEC-2017,
OPTIDX,NIFTYINFRA,22-Feb-2018,4300,PE,0,0,0,720.75,708.85,0,0,0,0,19-DEC-2017,
OPTIDX,NIFTYIT,28-Dec-2017,8900,CE,0,0,0,1760.45,2354.5,0,0,0,0,19-DEC-2017,
OPTIDX,NIFTYIT,28-Dec-2017,9000,CE,0,0,0,1662.05,2254.65,0,0,0,0,19-DEC-2017,
OPTIDX,NIFTYIT,28-Dec-2017,9100,CE,0,0,0,1563.7,2154.8,0,0,0,0,19-DEC-2017,
OPTIDX,NIFTYIT,28-Dec-2017,9200,CE,0,0,0,1465.45,2054.95,0,0,0,0,19-DEC-2017,
OPTIDX,NIFTYIT,28-Dec-2017,9300,CE,0,0,0,1367.4,1955.15,0,0,0,0,19-DEC-2017,
OPTIDX,NIFTYIT,28-Dec-2017,9400,CE,0,0,0,1269.6,1855.3,0,0,0,0,19-DEC-2017,
OPTIDX,NIFTYIT,28-Dec-2017,9500,CE,0,0,0,1172.3,1755.45,0,0,0,0,19-DEC-2017,
OPTIDX,NIFTYIT,28-Dec-2017,9600,CE,0,0,0,1075.7,1655.6,0,0,0,0,19-DEC-2017,
OPTIDX,NIFTYIT,28-Dec-2017,9700,CE,0,0,0,980.25,1555.75,0,0,0,0,19-DEC-2017,
OPTIDX,NIFTYIT,28-Dec-2017,9800,CE,0,0,0,886.3,1455.9,0,0,0,0,19-DEC-2017,
OPTIDX,NIFTYIT,28-Dec-2017,9900,CE,0,0,0,794.45,1356.05,0,0,0,0,19-DEC-2017,
OPTIDX,NIFTYIT,28-Dec-2017,10000,CE,0,0,0,705.35,1256.2,0,0,0,0,19-DEC-2017,
OPTIDX,NIFTYIT,28-Dec-2017,10100,CE,0,0,0,619.8,1156.35,0,0,0,0,19-DEC-2017,
OPTIDX,NIFTYIT,28-Dec-2017,10200,CE,0,0,0,538.45,1056.55,0,0,0,0,19-DEC-2017,
OPTIDX,NIFTYIT,28-Dec-2017,10300,CE,0,0,0,462.15,956.7,0,0,0,0,19-DEC-2017,
OPTIDX,NIFTYIT,28-Dec-2017,10400,CE,0,0,0,391.45,856.85,0,0,0,0,19-DEC-2017,
OPTIDX,NIFTYIT,28-Dec-2017,10500,CE,0,0,0,327.1,757.05,0,0,0,0,19-DEC-2017,
OPTIDX,NIFTYIT,28-Dec-2017,10600,CE,0,0,0,269.45,657.3,0,0,0,0,19-DEC-2017,
OPTIDX,NIFTYIT,28-Dec-2017,10700,CE,0,0,0,218.6,558,0,0,0,0,19-DEC-2017,
OPTIDX,NIFTYIT,28-Dec-2017,10800,CE,0,0,0,174.65,459.8,0,0,0,0,19-DEC-2017,
OPTIDX,NIFTYIT,28-Dec-2017,10900,CE,0,0,0,137.3,364.45,0,0,0,0,19-DEC-2017,
OPTIDX,NIFTYIT,28-Dec-2017,11000,CE,0,0,0,106.2,274.7,0,0,0,0,19-DEC-2017,
OPTIDX,NIFTYIT,28-Dec-2017,11100,CE,0,0,0,80.9,194.9,0,0,0,0,19-DEC-2017,
OPTIDX,NIFTYIT,28-Dec-2017,11200,CE,0,0,0,60.55,127.65,0,0,0,0,19-DEC-2017,
OPTIDX,NIFTYIT,28-Dec-2017,11300,CE,0,0,0,44.55,76.75,0,0,0,0,19-DEC-2017,
OPTIDX,NIFTYIT,28-Dec-2017,11400,CE,0,0,0,32.25,41.9,0,0,0,0,19-DEC-2017,
OPTIDX,NIFTYIT,28-Dec-2017,11500,CE,0,0,0,22.9,20.6,0,0,0,0,19-DEC-2017,
OPTIDX,NIFTYIT,28-Dec-2017,11600,CE,0,0,0,16,9.05,0,0,0,0,19-DEC-2017,
OPTIDX,NIFTYIT,28-Dec-2017,11700,CE,0,0,0,11,3.55,0,0,0,0,19-DEC-2017,
OPTIDX,NIFTYIT,28-Dec-2017,11800,CE,0,0,0,7.45,1.25,0,0,0,0,19-DEC-2017,
OPTIDX,NIFTYIT,28-Dec-2017,11900,CE,0,0,0,4.95,0.4,0,0,0,0,19-DEC-2017,
OPTIDX,NIFTYIT,28-Dec-2017,12000,CE,0,0,0,3.25,0.1,0,0,0,0,19-DEC-2017,
OPTIDX,NIFTYIT,28-Dec-2017,12100,CE,0,0,0,2.1,0.05,0,0,0,0,19-DEC-2017,
OPTIDX,NIFTYIT,28-Dec-2017,12200,CE,0,0,0,2.5,0.05,0,0,0,0,19-DEC-2017,
OPTIDX,NIFTYIT,28-Dec-2017,12300,CE,0,0,0,1.6,0,0,0,0,0,19-DEC-2017,
OPTIDX,NIFTYIT,28-Dec-2017,12400,CE,0,0,0,1.2,0,0,0,0,0,19-DEC-2017,
OPTIDX,NIFTYIT,28-Dec-2017,12500,CE,0,0,0,1.65,0,0,0,0,0,19-DEC-2017,
OPTIDX,NIFTYIT,28-Dec-2017,12600,CE,0,0,0,0.9,0,0,0,0,0,19-DEC-2017,
OPTIDX,NIFTYIT,28-Dec-2017,12700,CE,0,0,0,2.55,0,0,0,0,0,19-DEC-2017,
OPTIDX,NIFTYIT,28-Dec-2017,12800,CE,0,0,0,1.65,0,0,0,0,0,19-DEC-2017,
OPTIDX,NIFTYIT,28-Dec-2017,12900,CE,0,0,0,1.2,0,0,0,0,0,19-DEC-2017,
OPTIDX,NIFTYIT,28-Dec-2017,8900,PE,0,0,0,0.05,0,0,0,0,0,19-DEC-2017,
OPTIDX,NIFTYIT,28-Dec-2017,9000,PE,0,0,0,0.1,0,0,0,0,0,19-DEC-2017,
OPTIDX,NIFTYIT,28-Dec-2017,9100,PE,0,0,0,0.2,0,0,0,0,0,19-DEC-2017,
OPTIDX,NIFTYIT,28-Dec-2017,9200,PE,0,0,0,0.4,0,0,0,0,0,19-DEC-2017,
OPTIDX,NIFTYIT,28-Dec-2017,9300,PE,0,0,0,0.8,0,0,0,0,0,19-DEC-2017,
OPTIDX,NIFTYIT,28-Dec-2017,9400,PE,0,0,0,1.45,0,0,0,0,0,19-DEC-2017,
OPTIDX,NIFTYIT,28-Dec-2017,9500,PE,0,0,0,2.6,0,0,0,0,0,19-DEC-2017,
OPTIDX,NIFTYIT,28-Dec-2017,9600,PE,0,0,0,4.45,0,0,0,0,0,19-DEC-2017,
OPTIDX,NIFTYIT,28-Dec-2017,9700,PE,0,0,0,7.4,0,0,0,0,0,19-DEC-2017,
OPTIDX,NIFTYIT,28-Dec-2017,9800,PE,0,0,0,11.9,0,0,0,0,0,19-DEC-2017,
OPTIDX,NIFTYIT,28-Dec-2017,9900,PE,0,0,0,18.5,0,0,0,0,0,19-DEC-2017,
OPTIDX,NIFTYIT,28-Dec-2017,10000,PE,0,0,0,27.85,0,0,0,0,0,19-DEC-2017,
OPTIDX,NIFTYIT,28-Dec-2017,10100,PE,0,0,0,40.75,0,0,0,0,0,19-DEC-2017,
OPTIDX,NIFTYIT,28-Dec-2017,10200,PE,0,0,0,57.85,0,0,0,0,0,19-DEC-2017,
OPTIDX,NIFTYIT,28-Dec-2017,10300,PE,0,0,0,79.95,0,0,0,0,0,19-DEC-2017,
OPTIDX,NIFTYIT,28-Dec-2017,10400,PE,0,0,0,107.7,0.05,0,0,0,0,19-DEC-2017,
OPTIDX,NIFTYIT,28-Dec-2017,10500,PE,0,0,0,141.85,0.05,0,0,0,0,19-DEC-2017,
OPTIDX,NIFTYIT,28-Dec-2017,10600,PE,0,0,0,182.6,0.2,0,0,0,0,19-DEC-2017,
OPTIDX,NIFTYIT,28-Dec-2017,10700,PE,0,0,0,230.2,0.7,0,0,0,0,19-DEC-2017,
OPTIDX,NIFTYIT,28-Dec-2017,10800,PE,0,0,0,284.7,2.4,0,0,0,0,19-DEC-2017,
OPTIDX,NIFTYIT,28-Dec-2017,10900,PE,0,0,0,345.8,6.85,0,0,0,0,19-DEC-2017,
OPTIDX,NIFTYIT,28-Dec-2017,11000,PE,0,0,0,413.15,16.95,0,0,0,0,19-DEC-2017,
OPTIDX,NIFTYIT,28-Dec-2017,11100,PE,0,0,0,486.3,37,0,0,0,0,19-DEC-2017,
OPTIDX,NIFTYIT,28-Dec-2017,11200,PE,0,0,0,564.4,69.6,0,0,0,0,19-DEC-2017,
OPTIDX,NIFTYIT,28-Dec-2017,11300,PE,0,0,0,646.85,118.55,0,0,0,0,19-DEC-2017,
OPTIDX,NIFTYIT,28-Dec-2017,11400,PE,0,0,0,732.95,183.5,0,0,0,0,19-DEC-2017,
OPTIDX,NIFTYIT,28-Dec-2017,11500,PE,0,0,0,822.1,262.1,0,0,0,0,19-DEC-2017,
OPTIDX,NIFTYIT,28-Dec-2017,11600,PE,0,0,0,913.6,350.4,0,0,0,0,19-DEC-2017,
OPTIDX,NIFTYIT,28-Dec-2017,11700,PE,0,0,0,1007.05,444.7,0,0,0,0,19-DEC-2017,
OPTIDX,NIFTYIT,28-Dec-2017,11800,PE,0,0,0,1101.95,542.25,0,0,0,0,19-DEC-2017,
OPTIDX,NIFTYIT,28-Dec-2017,11900,PE,0,0,0,1197.9,641.25,0,0,0,0,19-DEC-2017,
OPTIDX,NIFTYIT,28-Dec-2017,12000,PE,0,0,0,1294.6,740.8,0,0,0,0,19-DEC-2017,
OPTIDX,NIFTYIT,28-Dec-2017,12100,PE,0,0,0,1391.9,840.6,0,0,0,0,19-DEC-2017,
OPTIDX,NIFTYIT,28-Dec-2017,12200,PE,0,0,0,1377.75,940.4,0,0,0,0,19-DEC-2017,
OPTIDX,NIFTYIT,28-Dec-2017,12300,PE,0,0,0,1475.5,1040.25,0,0,0,0,19-DEC-2017,
OPTIDX,NIFTYIT,28-Dec-2017,12400,PE,0,0,0,1449.85,1140.1,0,0,0,0,19-DEC-2017,
OPTIDX,NIFTYIT,28-Dec-2017,12500,PE,0,0,0,1454.8,1239.95,0,0,0,0,19-DEC-2017,
OPTIDX,NIFTYIT,28-Dec-2017,12600,PE,0,0,0,1480.55,1339.8,0,0,0,0,19-DEC-2017,
OPTIDX,NIFTYIT,28-Dec-2017,12700,PE,0,0,0,1417.9,1439.65,0,0,0,0,19-DEC-2017,
OPTIDX,NIFTYIT,28-Dec-2017,12800,PE,0,0,0,1516.15,1539.45,0,0,0,0,19-DEC-2017,
OPTIDX,NIFTYIT,28-Dec-2017,12900,PE,0,0,0,1489.75,1639.3,0,0,0,0,19-DEC-2017,
OPTIDX,NIFTYIT,25-Jan-2018,9200,CE,0,0,0,1775,2100.55,0,0,0,0,19-DEC-2017,
OPTIDX,NIFTYIT,25-Jan-2018,9300,CE,0,0,0,1729.05,2001.2,0,0,0,0,19-DEC-2017,
OPTIDX,NIFTYIT,25-Jan-2018,9400,CE,0,0,0,1630.75,1901.85,0,0,0,0,19-DEC-2017,
OPTIDX,NIFTYIT,25-Jan-2018,9500,CE,0,0,0,1532.6,1802.5,0,0,0,0,19-DEC-2017,
OPTIDX,NIFTYIT,25-Jan-2018,9600,CE,0,0,0,1434.65,1703.15,0,0,0,0,19-DEC-2017,
OPTIDX,NIFTYIT,25-Jan-2018,9700,CE,0,0,0,1337,1603.8,0,0,0,0,19-DEC-2017,
OPTIDX,NIFTYIT,25-Jan-2018,9800,CE,0,0,0,1239.85,1504.5,0,0,0,0,19-DEC-2017,
OPTIDX,NIFTYIT,25-Jan-2018,9900,CE,0,0,0,1143.45,1405.2,0,0,0,0,19-DEC-2017,
OPTIDX,NIFTYIT,25-Jan-2018,10000,CE,0,0,0,1048.1,1306.05,0,0,0,0,19-DEC-2017,
OPTIDX,NIFTYIT,25-Jan-2018,10100,CE,0,0,0,954.2,1207.05,0,0,0,0,19-DEC-2017,
OPTIDX,NIFTYIT,25-Jan-2018,10200,CE,0,0,0,862.3,1108.35,0,0,0,0,19-DEC-2017,
OPTIDX,NIFTYIT,25-Jan-2018,10300,CE,0,0,0,772.9,1010.25,0,0,0,0,19-DEC-2017,
OPTIDX,NIFTYIT,25-Jan-2018,10400,CE,0,0,0,686.65,913,0,0,0,0,19-DEC-2017,
OPTIDX,NIFTYIT,25-Jan-2018,10500,CE,0,0,0,604.25,817.2,0,0,0,0,19-DEC-2017,
OPTIDX,NIFTYIT,25-Jan-2018,10600,CE,0,0,0,526.25,723.5,0,0,0,0,19-DEC-2017,
OPTIDX,NIFTYIT,25-Jan-2018,10700,CE,0,0,0,453.3,632.65,0,0,0,0,19-DEC-2017,
OPTIDX,NIFTYIT,25-Jan-2018,10800,CE,0,0,0,386.05,545.7,0,0,0,0,19-DEC-2017,
OPTIDX,NIFTYIT,25-Jan-2018,10900,CE,0,0,0,324.85,463.55,0,0,0,0,19-DEC-2017,
OPTIDX,NIFTYIT,25-Jan-2018,11000,CE,0,0,0,269.9,387.65,0,0,0,0,19-DEC-2017,
OPTIDX,NIFTYIT,25-Jan-2018,11100,CE,0,0,0,221.35,317.75,0,0,0,0,19-DEC-2017,
OPTIDX,NIFTYIT,25-Jan-2018,11200,CE,0,0,0,179.1,255.8,0,0,0,0,19-DEC-2017,
OPTIDX,NIFTYIT,25-Jan-2018,11300,CE,0,0,0,142.95,201.8,0,0,0,0,19-DEC-2017,
OPTIDX,NIFTYIT,25-Jan-2018,11400,CE,0,0,0,112.5,155.8,0,0,0,0,19-DEC-2017,
OPTIDX,NIFTYIT,25-Jan-2018,11500,CE,0,0,0,87.4,117.7,0,0,0,0,19-DEC-2017,
OPTIDX,NIFTYIT,25-Jan-2018,11600,CE,0,0,0,66.9,86.9,0,0,0,0,19-DEC-2017,
OPTIDX,NIFTYIT,25-Jan-2018,11700,CE,0,0,0,50.5,62.75,0,0,0,0,19-DEC-2017,
OPTIDX,NIFTYIT,25-Jan-2018,11800,CE,0,0,0,37.55,44.25,0,0,0,0,19-DEC-2017,
OPTIDX,NIFTYIT,25-Jan-2018,11900,CE,0,0,0,27.5,30.45,0,0,0,0,19-DEC-2017,
OPTIDX,NIFTYIT,25-Jan-2018,12000,CE,0,0,0,19.85,20.4,0,0,0,0,19-DEC-2017,
OPTIDX,NIFTYIT,25-Jan-2018,12100,CE,0,0,0,14.15,13.4,0,0,0,0,19-DEC-2017,
OPTIDX,NIFTYIT,25-Jan-2018,12200,CE,0,0,0,9.9,8.55,0,0,0,0,19-DEC-2017,
OPTIDX,NIFTYIT,25-Jan-2018,12300,CE,0,0,0,6.85,5.35,0,0,0,0,19-DEC-2017,
OPTIDX,NIFTYIT,25-Jan-2018,12400,CE,0,0,0,4.65,3.25,0,0,0,0,19-DEC-2017,
OPTIDX,NIFTYIT,25-Jan-2018,12500,CE,0,0,0,3.15,1.95,0,0,0,0,19-DEC-2017,
OPTIDX,NIFTYIT,25-Jan-2018,12600,CE,0,0,0,16.95,1.15,0,0,0,0,19-DEC-2017,
OPTIDX,NIFTYIT,25-Jan-2018,12700,CE,0,0,0,12.7,0.65,0,0,0,0,19-DEC-2017,
OPTIDX,NIFTYIT,25-Jan-2018,12800,CE,0,0,0,9.45,0.35,0,0,0,0,19-DEC-2017,
OPTIDX,NIFTYIT,25-Jan-2018,12900,CE,0,0,0,9.5,0.2,0,0,0,0,19-DEC-2017,
OPTIDX,NIFTYIT,25-Jan-2018,9200,PE,0,0,0,0.05,0,0,0,0,0,19-DEC-2017,
OPTIDX,NIFTYIT,25-Jan-2018,9300,PE,0,0,0,0.15,0,0,0,0,0,19-DEC-2017,
OPTIDX,NIFTYIT,25-Jan-2018,9400,PE,0,0,0,0.3,0,0,0,0,0,19-DEC-2017,
OPTIDX,NIFTYIT,25-Jan-2018,9500,PE,0,0,0,0.55,0,0,0,0,0,19-DEC-2017,
OPTIDX,NIFTYIT,25-Jan-2018,9600,PE,0,0,0,1.05,0.05,0,0,0,0,19-DEC-2017,
OPTIDX,NIFTYIT,25-Jan-2018,9700,PE,0,0,0,1.8,0.05,0,0,0,0,19-DEC-2017,
OPTIDX,NIFTYIT,25-Jan-2018,9800,PE,0,0,0,3.1,0.1,0,0,0,0,19-DEC-2017,
OPTIDX,NIFTYIT,25-Jan-2018,9900,PE,0,0,0,5.1,0.15,0,0,0,0,19-DEC-2017,
OPTIDX,NIFTYIT,25-Jan-2018,10000,PE,0,0,0,8.2,0.3,0,0,0,0,19-DEC-2017,
OPTIDX,NIFTYIT,25-Jan-2018,10100,PE,0,0,0,12.75,0.65,0,0,0,0,19-DEC-2017,
OPTIDX,NIFTYIT,25-Jan-2018,10200,PE,0,0,0,19.3,1.35,0,0,0,0,19-DEC-2017,
OPTIDX,NIFTYIT,25-Jan-2018,10300,PE,0,0,0,28.3,2.55,0,0,0,0,19-DEC-2017,
OPTIDX,NIFTYIT,25-Jan-2018,10400,PE,0,0,0,40.5,4.7,0,0,0,0,19-DEC-2017,
OPTIDX,NIFTYIT,25-Jan-2018,10500,PE,0,0,0,56.5,8.25,0,0,0,0,19-DEC-2017,
OPTIDX,NIFTYIT,25-Jan-2018,10600,PE,0,0,0,77,13.9,0,0,0,0,19-DEC-2017,
OPTIDX,NIFTYIT,25-Jan-2018,10700,PE,0,0,0,102.45,22.4,0,0,0,0,19-DEC-2017,
OPTIDX,NIFTYIT,25-Jan-2018,10800,PE,0,0,0,133.65,34.75,0,0,0,0,19-DEC-2017,
OPTIDX,NIFTYIT,25-Jan-2018,10900,PE,0,0,0,170.85,51.95,0,0,0,0,19-DEC-2017,
OPTIDX,NIFTYIT,25-Jan-2018,11000,PE,0,0,0,214.35,75.45,0,0,0,0,19-DEC-2017,
OPTIDX,NIFTYIT,25-Jan-2018,11100,PE,0,0,0,264.2,104.85,0,0,0,0,19-DEC-2017,
OPTIDX,NIFTYIT,25-Jan-2018,11200,PE,0,0,0,320.4,142.3,0,0,0,0,19-DEC-2017,
OPTIDX,NIFTYIT,25-Jan-2018,11300,PE,0,0,0,382.7,187.65,0,0,0,0,19-DEC-2017,
OPTIDX,NIFTYIT,25-Jan-2018,11400,PE,0,0,0,450.7,241,0,0,0,0,19-DEC-2017,
OPTIDX,NIFTYIT,25-Jan-2018,11500,PE,0,0,0,524.05,302.2,0,0,0,0,19-DEC-2017,
OPTIDX,NIFTYIT,25-Jan-2018,11600,PE,0,0,0,601.95,370.75,0,0,0,0,19-DEC-2017,
OPTIDX,NIFTYIT,25-Jan-2018,11700,PE,0,0,0,683.95,446,0,0,0,0,19-DEC-2017,
OPTIDX,NIFTYIT,25-Jan-2018,11800,PE,0,0,0,769.45,526.8,0,0,0,0,19-DEC-2017,
OPTIDX,NIFTYIT,25-Jan-2018,11900,PE,0,0,0,857.8,612.35,0,0,0,0,19-DEC-2017,
OPTIDX,NIFTYIT,25-Jan-2018,12000,PE,0,0,0,948.6,701.7,0,0,0,0,19-DEC-2017,
OPTIDX,NIFTYIT,25-Jan-2018,12100,PE,0,0,0,1041.3,794,0,0,0,0,19-DEC-2017,
OPTIDX,NIFTYIT,25-Jan-2018,12200,PE,0,0,0,1135.55,888.5,0,0,0,0,19-DEC-2017,
OPTIDX,NIFTYIT,25-Jan-2018,12300,PE,0,0,0,1230.9,984.65,0,0,0,0,19-DEC-2017,
OPTIDX,NIFTYIT,25-Jan-2018,12400,PE,0,0,0,1327.15,1081.9,0,0,0,0,19-DEC-2017,
OPTIDX,NIFTYIT,25-Jan-2018,12500,PE,0,0,0,1424.05,1179.95,0,0,0,0,19-DEC-2017,
OPTIDX,NIFTYIT,25-Jan-2018,12600,PE,0,0,0,1272.35,1278.5,0,0,0,0,19-DEC-2017,
OPTIDX,NIFTYIT,25-Jan-2018,12700,PE,0,0,0,1366.7,1377.35,0,0,0,0,19-DEC-2017,
OPTIDX,NIFTYIT,25-Jan-2018,12800,PE,0,0,0,1462.1,1476.45,0,0,0,0,19-DEC-2017,
OPTIDX,NIFTYIT,25-Jan-2018,12900,PE,0,0,0,1435.6,1575.6,0,0,0,0,19-DEC-2017,
OPTIDX,NIFTYIT,22-Feb-2018,9300,CE,0,0,0,1781,2046.75,0,0,0,0,19-DEC-2017,
OPTIDX,NIFTYIT,22-Feb-2018,9400,CE,0,0,0,1683.4,1947.95,0,0,0,0,19-DEC-2017,
OPTIDX,NIFTYIT,22-Feb-2018,9500,CE,0,0,0,1755.05,1849.15,0,0,0,0,19-DEC-2017,
OPTIDX,NIFTYIT,22-Feb-2018,9600,CE,0,0,0,1657.25,1750.4,0,0,0,0,19-DEC-2017,
OPTIDX,NIFTYIT,22-Feb-2018,9700,CE,0,0,0,1559.85,1651.8,0,0,0,0,19-DEC-2017,
OPTIDX,NIFTYIT,22-Feb-2018,9800,CE,0,0,0,1463,1553.35,0,0,0,0,19-DEC-2017,
OPTIDX,NIFTYIT,22-Feb-2018,9900,CE,0,0,0,1366.9,1455.2,0,0,0,0,19-DEC-2017,
OPTIDX,NIFTYIT,22-Feb-2018,10000,CE,0,0,0,1271.8,1357.45,0,0,0,0,19-DEC-2017,
OPTIDX,NIFTYIT,22-Feb-2018,10100,CE,0,0,0,1177.95,1260.3,0,0,0,0,19-DEC-2017,
OPTIDX,NIFTYIT,22-Feb-2018,10200,CE,0,0,0,1085.7,1164.05,0,0,0,0,19-DEC-2017,
OPTIDX,NIFTYIT,22-Feb-2018,10300,CE,0,0,0,995.45,1068.95,0,0,0,0,19-DEC-2017,
OPTIDX,NIFTYIT,22-Feb-2018,10400,CE,0,0,0,907.6,975.5,0,0,0,0,19-DEC-2017,
OPTIDX,NIFTYIT,22-Feb-2018,10500,CE,0,0,0,822.55,884.15,0,0,0,0,19-DEC-2017,
OPTIDX,NIFTYIT,22-Feb-2018,10600,CE,0,0,0,740.8,795.4,0,0,0,0,19-DEC-2017,
OPTIDX,NIFTYIT,22-Feb-2018,10700,CE,0,0,0,662.7,709.8,0,0,0,0,19-DEC-2017,
OPTIDX,NIFTYIT,22-Feb-2018,10800,CE,0,0,0,589.1,628,0,0,0,0,19-DEC-2017,
OPTIDX,NIFTYIT,22-Feb-2018,10900,CE,0,0,0,519.1,550.55,0,0,0,0,19-DEC-2017,
OPTIDX,NIFTYIT,22-Feb-2018,11000,CE,0,0,0,454.35,477.85,0,0,0,0,19-DEC-2017,
OPTIDX,NIFTYIT,22-Feb-2018,11100,CE,0,0,0,394.6,410.65,0,0,0,0,19-DEC-2017,
OPTIDX,NIFTYIT,22-Feb-2018,11200,CE,0,0,0,340,349.15,0,0,0,0,19-DEC-2017,
OPTIDX,NIFTYIT,22-Feb-2018,11300,CE,0,0,0,290.45,293.6,0,0,0,0,19-DEC-2017,
OPTIDX,NIFTYIT,22-Feb-2018,11400,CE,0,0,0,246.1,244.05,0,0,0,0,19-DEC-2017,
OPTIDX,NIFTYIT,22-Feb-2018,11500,CE,0,0,0,206.75,200.5,0,0,0,0,19-DEC-2017,
OPTIDX,NIFTYIT,22-Feb-2018,11600,CE,0,0,0,172.2,162.75,0,0,0,0,19-DEC-2017,
OPTIDX,NIFTYIT,22-Feb-2018,11700,CE,0,0,0,142.15,130.5,0,0,0,0,19-DEC-2017,
OPTIDX,NIFTYIT,22-Feb-2018,11800,CE,0,0,0,116.9,103.85,0,0,0,0,19-DEC-2017,
OPTIDX,NIFTYIT,22-Feb-2018,11900,CE,0,0,0,94.5,80.95,0,0,0,0,19-DEC-2017,
OPTIDX,NIFTYIT,22-Feb-2018,12000,CE,0,0,0,76,62.55,0,0,0,0,19-DEC-2017,
OPTIDX,NIFTYIT,22-Feb-2018,12100,CE,0,0,0,60.6,47.75,0,0,0,0,19-DEC-2017,
OPTIDX,NIFTYIT,22-Feb-2018,12200,CE,0,0,0,47.9,35.95,0,0,0,0,19-DEC-2017,
OPTIDX,NIFTYIT,22-Feb-2018,12300,CE,0,0,0,37.5,26.75,0,0,0,0,19-DEC-2017,
OPTIDX,NIFTYIT,22-Feb-2018,12400,CE,0,0,0,29.1,19.65,0,0,0,0,19-DEC-2017,
OPTIDX,NIFTYIT,22-Feb-2018,12500,CE,0,0,0,22.4,14.25,0,0,0,0,19-DEC-2017,
OPTIDX,NIFTYIT,22-Feb-2018,12600,CE,0,0,0,17.1,10.2,0,0,0,0,19-DEC-2017,
OPTIDX,NIFTYIT,22-Feb-2018,12700,CE,0,0,0,12.9,7.2,0,0,0,0,19-DEC-2017,
OPTIDX,NIFTYIT,22-Feb-2018,12800,CE,0,0,0,13.55,5.05,0,0,0,0,19-DEC-2017,
OPTIDX,NIFTYIT,22-Feb-2018,12900,CE,0,0,0,16.6,3.45,0,0,0,0,19-DEC-2017,
OPTIDX,NIFTYIT,22-Feb-2018,9300,PE,0,0,0,1.75,0.05,0,0,0,0,19-DEC-2017,
OPTIDX,NIFTYIT,22-Feb-2018,9400,PE,0,0,0,2.75,0.1,0,0,0,0,19-DEC-2017,
OPTIDX,NIFTYIT,22-Feb-2018,9500,PE,0,0,0,1.25,0.15,0,0,0,0,19-DEC-2017,
OPTIDX,NIFTYIT,22-Feb-2018,9600,PE,0,0,0,2,0.3,0,0,0,0,19-DEC-2017,
OPTIDX,NIFTYIT,22-Feb-2018,9700,PE,0,0,0,3.15,0.55,0,0,0,0,19-DEC-2017,
OPTIDX,NIFTYIT,22-Feb-2018,9800,PE,0,0,0,4.85,0.95,0,0,0,0,19-DEC-2017,
OPTIDX,NIFTYIT,22-Feb-2018,9900,PE,0,0,0,7.3,1.65,0,0,0,0,19-DEC-2017,
OPTIDX,NIFTYIT,22-Feb-2018,10000,PE,0,0,0,10.75,2.75,0,0,0,0,19-DEC-2017,
OPTIDX,NIFTYIT,22-Feb-2018,10100,PE,0,0,0,15.4,4.45,0,0,0,0,19-DEC-2017,
OPTIDX,NIFTYIT,22-Feb-2018,10200,PE,0,0,0,21.75,7.05,0,0,0,0,19-DEC-2017,
OPTIDX,NIFTYIT,22-Feb-2018,10300,PE,0,0,0,30,10.85,0,0,0,0,19-DEC-2017,
OPTIDX,NIFTYIT,22-Feb-2018,10400,PE,0,0,0,40.7,16.3,0,0,0,0,19-DEC-2017,
OPTIDX,NIFTYIT,22-Feb-2018,10500,PE,0,0,0,54.2,23.75,0,0,0,0,19-DEC-2017,
OPTIDX,NIFTYIT,22-Feb-2018,10600,PE,0,0,0,71,33.85,0,0,0,0,19-DEC-2017,
OPTIDX,NIFTYIT,22-Feb-2018,10700,PE,0,0,0,91.45,47.15,0,0,0,0,19-DEC-2017,
OPTIDX,NIFTYIT,22-Feb-2018,10800,PE,0,0,0,116.35,64.2,0,0,0,0,19-DEC-2017,
OPTIDX,NIFTYIT,22-Feb-2018,10900,PE,0,0,0,144.95,85.6,0,0,0,0,19-DEC-2017,
OPTIDX,NIFTYIT,22-Feb-2018,11000,PE,0,0,0,178.75,111.75,0,0,0,0,19-DEC-2017,
OPTIDX,NIFTYIT,22-Feb-2018,11100,PE,0,0,0,217.55,143.4,0,0,0,0,19-DEC-2017,
OPTIDX,NIFTYIT,22-Feb-2018,11200,PE,0,0,0,261.45,180.8,0,0,0,0,19-DEC-2017,
OPTIDX,NIFTYIT,22-Feb-2018,11300,PE,0,0,0,310.45,224.1,0,0,0,0,19-DEC-2017,
OPTIDX,NIFTYIT,22-Feb-2018,11400,PE,0,0,0,364.65,273.4,0,0,0,0,19-DEC-2017,
OPTIDX,NIFTYIT,22-Feb-2018,11500,PE,0,0,0,423.85,328.7,0,0,0,0,19-DEC-2017,
OPTIDX,NIFTYIT,22-Feb-2018,11600,PE,0,0,0,487.8,389.8,0,0,0,0,19-DEC-2017,
OPTIDX,NIFTYIT,22-Feb-2018,11700,PE,0,0,0,556.35,456.45,0,0,0,0,19-DEC-2017,
OPTIDX,NIFTYIT,22-Feb-2018,11800,PE,0,0,0,629.6,528.65,0,0,0,0,19-DEC-2017,
OPTIDX,NIFTYIT,22-Feb-2018,11900,PE,0,0,0,705.75,604.6,0,0,0,0,19-DEC-2017,
OPTIDX,NIFTYIT,22-Feb-2018,12000,PE,0,0,0,785.8,685.05,0,0,0,0,19-DEC-2017,
OPTIDX,NIFTYIT,22-Feb-2018,12100,PE,0,0,0,868.95,769.1,0,0,0,0,19-DEC-2017,
OPTIDX,NIFTYIT,22-Feb-2018,12200,PE,0,0,0,954.75,856.2,0,0,0,0,19-DEC-2017,
OPTIDX,NIFTYIT,22-Feb-2018,12300,PE,0,0,0,1042.9,945.85,0,0,0,0,19-DEC-2017,
OPTIDX,NIFTYIT,22-Feb-2018,12400,PE,0,0,0,1133.05,1037.6,0,0,0,0,19-DEC-2017,
OPTIDX,NIFTYIT,22-Feb-2018,12500,PE,0,0,0,1224.9,1131.05,0,0,0,0,19-DEC-2017,
OPTIDX,NIFTYIT,22-Feb-2018,12600,PE,0,0,0,1318.15,1225.85,0,0,0,0,19-DEC-2017,
OPTIDX,NIFTYIT,22-Feb-2018,12700,PE,0,0,0,1412.5,1321.75,0,0,0,0,19-DEC-2017,
OPTIDX,NIFTYIT,22-Feb-2018,12800,PE,0,0,0,1478.95,1418.4,0,0,0,0,19-DEC-2017,
OPTIDX,NIFTYIT,22-Feb-2018,12900,PE,0,0,0,1428.8,1515.7,0,0,0,0,19-DEC-2017,
OPTIDX,NIFTYMID50,28-Dec-2017,3500,CE,0,0,0,1214.15,1873.05,0,0,0,0,19-DEC-2017,
OPTIDX,NIFTYMID50,28-Dec-2017,3600,CE,0,0,0,1116.7,1773.2,0,0,0,0,19-DEC-2017,
OPTIDX,NIFTYMID50,28-Dec-2017,3700,CE,0,0,0,1020.15,1673.35,0,0,0,0,19-DEC-2017,
OPTIDX,NIFTYMID50,28-Dec-2017,3800,CE,0,0,0,924.8,1573.55,0,0,0,0,19-DEC-2017,
OPTIDX,NIFTYMID50,28-Dec-2017,3900,CE,0,0,0,831.35,1473.7,0,0,0,0,19-DEC-2017,
OPTIDX,NIFTYMID50,28-Dec-2017,4000,CE,0,0,0,740.45,1373.85,0,0,0,0,19-DEC-2017,
OPTIDX,NIFTYMID50,28-Dec-2017,4100,CE,0,0,0,652.95,1274,0,0,0,0,19-DEC-2017,
OPTIDX,NIFTYMID50,28-Dec-2017,4200,CE,0,0,0,569.6,1174.15,0,0,0,0,19-DEC-2017,
OPTIDX,NIFTYMID50,28-Dec-2017,4300,CE,0,0,0,491.3,1074.3,0,0,0,0,19-DEC-2017,
OPTIDX,NIFTYMID50,28-Dec-2017,4400,CE,0,0,0,418.6,974.45,0,0,0,0,19-DEC-2017,
OPTIDX,NIFTYMID50,28-Dec-2017,4500,CE,0,0,0,352.4,874.6,0,0,0,0,19-DEC-2017,
OPTIDX,NIFTYMID50,28-Dec-2017,4600,CE,0,0,0,292.95,774.75,0,0,0,0,19-DEC-2017,
OPTIDX,NIFTYMID50,28-Dec-2017,4700,CE,0,0,0,240.4,674.95,0,0,0,0,19-DEC-2017,
OPTIDX,NIFTYMID50,28-Dec-2017,4800,CE,0,0,0,194.75,575.1,0,0,0,0,19-DEC-2017,
OPTIDX,NIFTYMID50,28-Dec-2017,4900,CE,0,0,0,155.75,475.25,0,0,0,0,19-DEC-2017,
OPTIDX,NIFTYMID50,28-Dec-2017,5000,CE,0,0,0,122.95,375.7,0,0,0,0,19-DEC-2017,
OPTIDX,NIFTYMID50,28-Dec-2017,5100,CE,0,0,0,96.05,277.6,0,0,0,0,19-DEC-2017,
OPTIDX,NIFTYMID50,28-Dec-2017,5200,CE,0,0,0,73.9,185.25,0,0,0,0,19-DEC-2017,
OPTIDX,NIFTYMID50,28-Dec-2017,5300,CE,0,0,0,56.2,106.85,0,0,0,0,19-DEC-2017,
OPTIDX,NIFTYMID50,28-Dec-2017,5400,CE,0,0,0,42.25,50.95,0,0,0,0,19-DEC-2017,
OPTIDX,NIFTYMID50,28-Dec-2017,5500,CE,0,0,0,31.4,19.4,0,0,0,0,19-DEC-2017,
OPTIDX,NIFTYMID50,28-Dec-2017,5600,CE,0,0,0,23.05,5.75,0,0,0,0,19-DEC-2017,
OPTIDX,NIFTYMID50,28-Dec-2017,5700,CE,0,0,0,16.75,1.3,0,0,0,0,19-DEC-2017,
OPTIDX,NIFTYMID50,28-Dec-2017,5800,CE,0,0,0,12.05,0.25,0,0,0,0,19-DEC-2017,
OPTIDX,NIFTYMID50,28-Dec-2017,5900,CE,0,0,0,8.55,0.05,0,0,0,0,19-DEC-2017,
OPTIDX,NIFTYMID50,28-Dec-2017,6000,CE,0,0,0,4.25,0,0,0,0,0,19-DEC-2017,
OPTIDX,NIFTYMID50,28-Dec-2017,6100,CE,0,0,0,3.7,0,0,0,0,0,19-DEC-2017,
OPTIDX,NIFTYMID50,28-Dec-2017,6200,CE,0,0,0,0.5,0,0,0,0,0,19-DEC-2017,
OPTIDX,NIFTYMID50,28-Dec-2017,6300,CE,0,0,0,0.55,0,0,0,0,0,19-DEC-2017,
OPTIDX,NIFTYMID50,28-Dec-2017,6400,CE,0,0,0,0.15,0,0,0,0,0,19-DEC-2017,
OPTIDX,NIFTYMID50,28-Dec-2017,6500,CE,0,0,0,0.05,0,0,0,0,0,19-DEC-2017,
OPTIDX,NIFTYMID50,28-Dec-2017,3500,PE,0,0,0,1,0,0,0,0,0,19-DEC-2017,
OPTIDX,NIFTYMID50,28-Dec-2017,3600,PE,0,0,0,2.05,0,0,0,0,0,19-DEC-2017,
OPTIDX,NIFTYMID50,28-Dec-2017,3700,PE,0,0,0,3.9,0,0,0,0,0,19-DEC-2017,
OPTIDX,NIFTYMID50,28-Dec-2017,3800,PE,0,0,0,7.05,0,0,0,0,0,19-DEC-2017,
OPTIDX,NIFTYMID50,28-Dec-2017,3900,PE,0,0,0,12.05,0,0,0,0,0,19-DEC-2017,
OPTIDX,NIFTYMID50,28-Dec-2017,4000,PE,0,0,0,19.6,0,0,0,0,0,19-DEC-2017,
OPTIDX,NIFTYMID50,28-Dec-2017,4100,PE,0,0,0,30.5,0,0,0,0,0,19-DEC-2017,
OPTIDX,NIFTYMID50,28-Dec-2017,4200,PE,0,0,0,45.6,0,0,0,0,0,19-DEC-2017,
OPTIDX,NIFTYMID50,28-Dec-2017,4300,PE,0,0,0,65.7,0,0,0,0,0,19-DEC-2017,
OPTIDX,NIFTYMID50,28-Dec-2017,4400,PE,0,0,0,91.5,0,0,0,0,0,19-DEC-2017,
OPTIDX,NIFTYMID50,28-Dec-2017,4500,PE,0,0,0,123.75,0,0,0,0,0,19-DEC-2017,
OPTIDX,NIFTYMID50,28-Dec-2017,4600,PE,0,0,0,162.7,0,0,0,0,0,19-DEC-2017,
OPTIDX,NIFTYMID50,28-Dec-2017,4700,PE,0,0,0,208.6,0,0,0,0,0,19-DEC-2017,
OPTIDX,NIFTYMID50,28-Dec-2017,4800,PE,0,0,0,261.4,0,0,0,0,0,19-DEC-2017,
OPTIDX,NIFTYMID50,28-Dec-2017,4900,PE,0,0,0,320.85,0.05,0,0,0,0,19-DEC-2017,
OPTIDX,NIFTYMID50,28-Dec-2017,5000,PE,0,0,0,386.5,0.3,0,0,0,0,19-DEC-2017,
OPTIDX,NIFTYMID50,28-Dec-2017,5100,PE,0,0,0,458.05,2.1,0,0,0,0,19-DEC-2017,
OPTIDX,NIFTYMID50,28-Dec-2017,5200,PE,0,0,0,534.3,9.6,0,0,0,0,19-DEC-2017,
OPTIDX,NIFTYMID50,28-Dec-2017,5300,PE,0,0,0,615.1,31,0,0,0,0,19-DEC-2017,
OPTIDX,NIFTYMID50,28-Dec-2017,5400,PE,0,0,0,699.6,74.95,0,0,0,0,19-DEC-2017,
OPTIDX,NIFTYMID50,28-Dec-2017,5500,PE,0,0,0,787.15,143.25,0,0,0,0,19-DEC-2017,
OPTIDX,NIFTYMID50,28-Dec-2017,5600,PE,0,0,0,877.25,229.45,0,0,0,0,19-DEC-2017,
OPTIDX,NIFTYMID50,28-Dec-2017,5700,PE,0,0,0,969.4,324.85,0,0,0,0,19-DEC-2017,
OPTIDX,NIFTYMID50,28-Dec-2017,5800,PE,0,0,0,1063.15,423.6,0,0,0,0,19-DEC-2017,
OPTIDX,NIFTYMID50,28-Dec-2017,5900,PE,0,0,0,1158.1,523.3,0,0,0,0,19-DEC-2017,
OPTIDX,NIFTYMID50,28-Dec-2017,6000,PE,0,0,0,1155.85,623.1,0,0,0,0,19-DEC-2017,
OPTIDX,NIFTYMID50,28-Dec-2017,6100,PE,0,0,0,1137.55,722.95,0,0,0,0,19-DEC-2017,
OPTIDX,NIFTYMID50,28-Dec-2017,6200,PE,0,0,0,1176.1,822.8,0,0,0,0,19-DEC-2017,
OPTIDX,NIFTYMID50,28-Dec-2017,6300,PE,0,0,0,1178.3,922.65,0,0,0,0,19-DEC-2017,
OPTIDX,NIFTYMID50,28-Dec-2017,6400,PE,0,0,0,1183.2,1022.45,0,0,0,0,19-DEC-2017,
OPTIDX,NIFTYMID50,28-Dec-2017,6500,PE,0,0,0,1185.7,1122.3,0,0,0,0,19-DEC-2017,
OPTIDX,NIFTYMID50,25-Jan-2018,3800,CE,0,0,0,1293,1592.35,0,0,0,0,19-DEC-2017,
OPTIDX,NIFTYMID50,25-Jan-2018,3900,CE,0,0,0,1215.1,1493,0,0,0,0,19-DEC-2017,
OPTIDX,NIFTYMID50,25-Jan-2018,4000,CE,0,0,0,1117,1393.65,0,0,0,0,19-DEC-2017,
OPTIDX,NIFTYMID50,25-Jan-2018,4100,CE,0,0,0,1019.3,1294.3,0,0,0,0,19-DEC-2017,
OPTIDX,NIFTYMID50,25-Jan-2018,4200,CE,0,0,0,922.3,1194.95,0,0,0,0,19-DEC-2017,
OPTIDX,NIFTYMID50,25-Jan-2018,4300,CE,0,0,0,826.45,1095.6,0,0,0,0,19-DEC-2017,
OPTIDX,NIFTYMID50,25-Jan-2018,4400,CE,0,0,0,732.45,996.25,0,0,0,0,19-DEC-2017,
OPTIDX,NIFTYMID50,25-Jan-2018,4500,CE,0,0,0,641.2,897,0,0,0,0,19-DEC-2017,
OPTIDX,NIFTYMID50,25-Jan-2018,4600,CE,0,0,0,553.7,797.85,0,0,0,0,19-DEC-2017,
OPTIDX,NIFTYMID50,25-Jan-2018,4700,CE,0,0,0,471.05,699.1,0,0,0,0,19-DEC-2017,
OPTIDX,NIFTYMID50,25-Jan-2018,4800,CE,0,0,0,394.5,601.3,0,0,0,0,19-DEC-2017,
OPTIDX,NIFTYMID50,25-Jan-2018,4900,CE,0,0,0,324.4,505.55,0,0,0,0,19-DEC-2017,
OPTIDX,NIFTYMID50,25-Jan-2018,5000,CE,0,0,0,262.15,413.45,0,0,0,0,19-DEC-2017,
OPTIDX,NIFTYMID50,25-Jan-2018,5100,CE,0,0,0,208,327.3,0,0,0,0,19-DEC-2017,
OPTIDX,NIFTYMID50,25-Jan-2018,5200,CE,0,0,0,161.9,249.65,0,0,0,0,19-DEC-2017,
OPTIDX,NIFTYMID50,25-Jan-2018,5300,CE,0,0,0,123.6,182.25,0,0,0,0,19-DEC-2017,
OPTIDX,NIFTYMID50,25-Jan-2018,5400,CE,0,0,0,92.55,127.15,0,0,0,0,19-DEC-2017,
OPTIDX,NIFTYMID50,25-Jan-2018,5500,CE,0,0,0,68.05,84.4,0,0,0,0,19-DEC-2017,
OPTIDX,NIFTYMID50,25-Jan-2018,5600,CE,0,0,0,49.05,53.25,0,0,0,0,19-DEC-2017,
OPTIDX,NIFTYMID50,25-Jan-2018,5700,CE,0,0,0,34.7,31.9,0,0,0,0,19-DEC-2017,
OPTIDX,NIFTYMID50,25-Jan-2018,5800,CE,0,0,0,24.05,18.1,0,0,0,0,19-DEC-2017,
OPTIDX,NIFTYMID50,25-Jan-2018,5900,CE,0,0,0,16.4,9.75,0,0,0,0,19-DEC-2017,
OPTIDX,NIFTYMID50,25-Jan-2018,6000,CE,0,0,0,10.95,4.95,0,0,0,0,19-DEC-2017,
OPTIDX,NIFTYMID50,25-Jan-2018,6100,CE,0,0,0,7.2,2.4,0,0,0,0,19-DEC-2017,
OPTIDX,NIFTYMID50,25-Jan-2018,6200,CE,0,0,0,4.65,1.1,0,0,0,0,19-DEC-2017,
OPTIDX,NIFTYMID50,25-Jan-2018,6300,CE,0,0,0,2.95,0.5,0,0,0,0,19-DEC-2017,
OPTIDX,NIFTYMID50,25-Jan-2018,6400,CE,0,0,0,1.2,0.2,0,0,0,0,19-DEC-2017,
OPTIDX,NIFTYMID50,25-Jan-2018,6500,CE,0,0,0,0.15,0.1,0,0,0,0,19-DEC-2017,
OPTIDX,NIFTYMID50,25-Jan-2018,3800,PE,0,0,0,0.05,0,0,0,0,0,19-DEC-2017,
OPTIDX,NIFTYMID50,25-Jan-2018,3900,PE,0,0,0,0.25,0,0,0,0,0,19-DEC-2017,
OPTIDX,NIFTYMID50,25-Jan-2018,4000,PE,0,0,0,0.6,0,0,0,0,0,19-DEC-2017,
OPTIDX,NIFTYMID50,25-Jan-2018,4100,PE,0,0,0,1.3,0,0,0,0,0,19-DEC-2017,
OPTIDX,NIFTYMID50,25-Jan-2018,4200,PE,0,0,0,2.7,0,0,0,0,0,19-DEC-2017,
OPTIDX,NIFTYMID50,25-Jan-2018,4300,PE,0,0,0,5.3,0,0,0,0,0,19-DEC-2017,
OPTIDX,NIFTYMID50,25-Jan-2018,4400,PE,0,0,0,9.75,0.05,0,0,0,0,19-DEC-2017,
OPTIDX,NIFTYMID50,25-Jan-2018,4500,PE,0,0,0,16.95,0.1,0,0,0,0,19-DEC-2017,
OPTIDX,NIFTYMID50,25-Jan-2018,4600,PE,0,0,0,27.85,0.3,0,0,0,0,19-DEC-2017,
OPTIDX,NIFTYMID50,25-Jan-2018,4700,PE,0,0,0,43.65,0.9,0,0,0,0,19-DEC-2017,
OPTIDX,NIFTYMID50,25-Jan-2018,4800,PE,0,0,0,65.5,2.45,0,0,0,0,19-DEC-2017,
OPTIDX,NIFTYMID50,25-Jan-2018,4900,PE,0,0,0,93.85,6.05,0,0,0,0,19-DEC-2017,
OPTIDX,NIFTYMID50,25-Jan-2018,5000,PE,0,0,0,130.05,13.35,0,0,0,0,19-DEC-2017,
OPTIDX,NIFTYMID50,25-Jan-2018,5100,PE,0,0,0,174.3,26.5,0,0,0,0,19-DEC-2017,
OPTIDX,NIFTYMID50,25-Jan-2018,5200,PE,0,0,0,226.65,48.25,0,0,0,0,19-DEC-2017,
OPTIDX,NIFTYMID50,25-Jan-2018,5300,PE,0,0,0,286.75,80.15,0,0,0,0,19-DEC-2017,
OPTIDX,NIFTYMID50,25-Jan-2018,5400,PE,0,0,0,354.15,124.4,0,0,0,0,19-DEC-2017,
OPTIDX,NIFTYMID50,25-Jan-2018,5500,PE,0,0,0,428.1,181.05,0,0,0,0,19-DEC-2017,
OPTIDX,NIFTYMID50,25-Jan-2018,5600,PE,0,0,0,507.5,249.2,0,0,0,0,19-DEC-2017,
OPTIDX,NIFTYMID50,25-Jan-2018,5700,PE,0,0,0,591.6,327.2,0,0,0,0,19-DEC-2017,
OPTIDX,NIFTYMID50,25-Jan-2018,5800,PE,0,0,0,679.4,412.75,0,0,0,0,19-DEC-2017,
OPTIDX,NIFTYMID50,25-Jan-2018,5900,PE,0,0,0,770.15,503.75,0,0,0,0,19-DEC-2017,
OPTIDX,NIFTYMID50,25-Jan-2018,6000,PE,0,0,0,863.2,598.35,0,0,0,0,19-DEC-2017,
OPTIDX,NIFTYMID50,25-Jan-2018,6100,PE,0,0,0,957.85,695.1,0,0,0,0,19-DEC-2017,
OPTIDX,NIFTYMID50,25-Jan-2018,6200,PE,0,0,0,1053.75,793.15,0,0,0,0,19-DEC-2017,
OPTIDX,NIFTYMID50,25-Jan-2018,6300,PE,0,0,0,1150.45,891.9,0,0,0,0,19-DEC-2017,
OPTIDX,NIFTYMID50,25-Jan-2018,6400,PE,0,0,0,1153.3,990.95,0,0,0,0,19-DEC-2017,
OPTIDX,NIFTYMID50,25-Jan-2018,6500,PE,0,0,0,1154.25,1090.2,0,0,0,0,19-DEC-2017,
OPTIDX,NIFTYMID50,22-Feb-2018,3900,CE,0,0,0,1303.1,1512.1,0,0,0,0,19-DEC-2017,
OPTIDX,NIFTYMID50,22-Feb-2018,4000,CE,0,0,0,1270.55,1413.25,0,0,0,0,19-DEC-2017,
OPTIDX,NIFTYMID50,22-Feb-2018,4100,CE,0,0,0,1172,1314.4,0,0,0,0,19-DEC-2017,
OPTIDX,NIFTYMID50,22-Feb-2018,4200,CE,0,0,0,1073.55,1215.55,0,0,0,0,19-DEC-2017,
OPTIDX,NIFTYMID50,22-Feb-2018,4300,CE,0,0,0,975.2,1116.8,0,0,0,0,19-DEC-2017,
OPTIDX,NIFTYMID50,22-Feb-2018,4400,CE,0,0,0,877.15,1018.2,0,0,0,0,19-DEC-2017,
OPTIDX,NIFTYMID50,22-Feb-2018,4500,CE,0,0,0,779.75,919.95,0,0,0,0,19-DEC-2017,
OPTIDX,NIFTYMID50,22-Feb-2018,4600,CE,0,0,0,683.65,822.4,0,0,0,0,19-DEC-2017,
OPTIDX,NIFTYMID50,22-Feb-2018,4700,CE,0,0,0,589.7,726.1,0,0,0,0,19-DEC-2017,
OPTIDX,NIFTYMID50,22-Feb-2018,4800,CE,0,0,0,499.2,631.9,0,0,0,0,19-DEC-2017,
OPTIDX,NIFTYMID50,22-Feb-2018,4900,CE,0,0,0,413.6,540.95,0,0,0,0,19-DEC-2017,
OPTIDX,NIFTYMID50,22-Feb-2018,5000,CE,0,0,0,334.65,454.55,0,0,0,0,19-DEC-2017,
OPTIDX,NIFTYMID50,22-Feb-2018,5100,CE,0,0,0,263.7,374.15,0,0,0,0,19-DEC-2017,
OPTIDX,NIFTYMID50,22-Feb-2018,5200,CE,0,0,0,202.1,301.1,0,0,0,0,19-DEC-2017,
OPTIDX,NIFTYMID50,22-Feb-2018,5300,CE,0,0,0,150.35,236.6,0,0,0,0,19-DEC-2017,
OPTIDX,NIFTYMID50,22-Feb-2018,5400,CE,0,0,0,108.45,181.25,0,0,0,0,19-DEC-2017,
OPTIDX,NIFTYMID50,22-Feb-2018,5500,CE,0,0,0,75.85,135.2,0,0,0,0,19-DEC-2017,
OPTIDX,NIFTYMID50,22-Feb-2018,5600,CE,0,0,0,51.4,98.2,0,0,0,0,19-DEC-2017,
OPTIDX,NIFTYMID50,22-Feb-2018,5700,CE,0,0,0,33.75,69.6,0,0,0,0,19-DEC-2017,
OPTIDX,NIFTYMID50,22-Feb-2018,5800,CE,0,0,0,21.45,47.75,0,0,0,0,19-DEC-2017,
OPTIDX,NIFTYMID50,22-Feb-2018,5900,CE,0,0,0,13.2,31.95,0,0,0,0,19-DEC-2017,
OPTIDX,NIFTYMID50,22-Feb-2018,6000,CE,0,0,0,7.9,20.8,0,0,0,0,19-DEC-2017,
OPTIDX,NIFTYMID50,22-Feb-2018,6100,CE,0,0,0,4.55,13.2,0,0,0,0,19-DEC-2017,
OPTIDX,NIFTYMID50,22-Feb-2018,6200,CE,0,0,0,2.55,8.15,0,0,0,0,19-DEC-2017,
OPTIDX,NIFTYMID50,22-Feb-2018,6300,CE,0,0,0,1.4,4.9,0,0,0,0,19-DEC-2017,
OPTIDX,NIFTYMID50,22-Feb-2018,6400,CE,0,0,0,0.75,2.85,0,0,0,0,19-DEC-2017,
OPTIDX,NIFTYMID50,22-Feb-2018,6500,CE,0,0,0,0.55,1.65,0,0,0,0,19-DEC-2017,
OPTIDX,NIFTYMID50,22-Feb-2018,3900,PE,0,0,0,0.05,0,0,0,0,0,19-DEC-2017,
OPTIDX,NIFTYMID50,22-Feb-2018,4000,PE,0,0,0,0.05,0,0,0,0,0,19-DEC-2017,
OPTIDX,NIFTYMID50,22-Feb-2018,4100,PE,0,0,0,0.05,0.05,0,0,0,0,19-DEC-2017,
OPTIDX,NIFTYMID50,22-Feb-2018,4200,PE,0,0,0,0.1,0.05,0,0,0,0,19-DEC-2017,
OPTIDX,NIFTYMID50,22-Feb-2018,4300,PE,0,0,0,0.3,0.15,0,0,0,0,19-DEC-2017,
OPTIDX,NIFTYMID50,22-Feb-2018,4400,PE,0,0,0,0.8,0.4,0,0,0,0,19-DEC-2017,
OPTIDX,NIFTYMID50,22-Feb-2018,4500,PE,0,0,0,2,1,0,0,0,0,19-DEC-2017,
OPTIDX,NIFTYMID50,22-Feb-2018,4600,PE,0,0,0,4.4,2.3,0,0,0,0,19-DEC-2017,
OPTIDX,NIFTYMID50,22-Feb-2018,4700,PE,0,0,0,9,4.9,0,0,0,0,19-DEC-2017,
OPTIDX,NIFTYMID50,22-Feb-2018,4800,PE,0,0,0,17,9.55,0,0,0,0,19-DEC-2017,
OPTIDX,NIFTYMID50,22-Feb-2018,4900,PE,0,0,0,30,17.45,0,0,0,0,19-DEC-2017,
OPTIDX,NIFTYMID50,22-Feb-2018,5000,PE,0,0,0,49.55,29.95,0,0,0,0,19-DEC-2017,
OPTIDX,NIFTYMID50,22-Feb-2018,5100,PE,0,0,0,77.15,48.4,0,0,0,0,19-DEC-2017,
OPTIDX,NIFTYMID50,22-Feb-2018,5200,PE,0,0,0,114.1,74.2,0,0,0,0,19-DEC-2017,
OPTIDX,NIFTYMID50,22-Feb-2018,5300,PE,0,0,0,160.9,108.55,0,0,0,0,19-DEC-2017,
OPTIDX,NIFTYMID50,22-Feb-2018,5400,PE,0,0,0,217.55,152.05,0,0,0,0,19-DEC-2017,
OPTIDX,NIFTYMID50,22-Feb-2018,5500,PE,0,0,0,283.45,204.9,0,0,0,0,19-DEC-2017,
OPTIDX,NIFTYMID50,22-Feb-2018,5600,PE,0,0,0,357.6,266.75,0,0,0,0,19-DEC-2017,
OPTIDX,NIFTYMID50,22-Feb-2018,5700,PE,0,0,0,438.45,337,0,0,0,0,19-DEC-2017,
OPTIDX,NIFTYMID50,22-Feb-2018,5800,PE,0,0,0,524.7,414.05,0,0,0,0,19-DEC-2017,
OPTIDX,NIFTYMID50,22-Feb-2018,5900,PE,0,0,0,615,497.1,0,0,0,0,19-DEC-2017,
OPTIDX,NIFTYMID50,22-Feb-2018,6000,PE,0,0,0,708.25,584.8,0,0,0,0,19-DEC-2017,
OPTIDX,NIFTYMID50,22-Feb-2018,6100,PE,0,0,0,803.45,676,0,0,0,0,19-DEC-2017,
OPTIDX,NIFTYMID50,22-Feb-2018,6200,PE,0,0,0,900,769.85,0,0,0,0,19-DEC-2017,
OPTIDX,NIFTYMID50,22-Feb-2018,6300,PE,0,0,0,997.4,865.45,0,0,0,0,19-DEC-2017,
OPTIDX,NIFTYMID50,22-Feb-2018,6400,PE,0,0,0,1095.25,962.3,0,0,0,0,19-DEC-2017,
OPTIDX,NIFTYMID50,22-Feb-2018,6500,PE,0,0,0,1141.4,1059.95,0,0,0,0,19-DEC-2017,
OPTIDX,NIFTYPSE,28-Dec-2017,2800,CE,0,0,0,1290.5,1509.9,0,0,0,0,19-DEC-2017,
OPTIDX,NIFTYPSE,28-Dec-2017,2900,CE,0,0,0,1192,1410.1,0,0,0,0,19-DEC-2017,
OPTIDX,NIFTYPSE,28-Dec-2017,3000,CE,0,0,0,1093.5,1310.25,0,0,0,0,19-DEC-2017,
OPTIDX,NIFTYPSE,28-Dec-2017,3100,CE,0,0,0,995.05,1210.4,0,0,0,0,19-DEC-2017,
OPTIDX,NIFTYPSE,28-Dec-2017,3200,CE,0,0,0,847.9,1110.55,0,0,0,0,19-DEC-2017,
OPTIDX,NIFTYPSE,28-Dec-2017,3300,CE,0,0,0,750.3,1010.7,0,0,0,0,19-DEC-2017,
OPTIDX,NIFTYPSE,28-Dec-2017,3400,CE,0,0,0,653.85,910.85,0,0,0,0,19-DEC-2017,
OPTIDX,NIFTYPSE,28-Dec-2017,3500,CE,0,0,0,559.55,811,0,0,0,0,19-DEC-2017,
OPTIDX,NIFTYPSE,28-Dec-2017,3600,CE,0,0,0,468.8,711.15,0,0,0,0,19-DEC-2017,
OPTIDX,NIFTYPSE,28-Dec-2017,3700,CE,0,0,0,383.35,611.3,0,0,0,0,19-DEC-2017,
OPTIDX,NIFTYPSE,28-Dec-2017,3800,CE,0,0,0,305.1,511.5,0,0,0,0,19-DEC-2017,
OPTIDX,NIFTYPSE,28-Dec-2017,3900,CE,0,0,0,235.75,411.65,0,0,0,0,19-DEC-2017,
OPTIDX,NIFTYPSE,28-Dec-2017,4000,CE,0,0,0,176.55,311.8,0,0,0,0,19-DEC-2017,
OPTIDX,NIFTYPSE,28-Dec-2017,4100,CE,0,0,0,128,212.45,0,0,0,0,19-DEC-2017,
OPTIDX,NIFTYPSE,28-Dec-2017,4200,CE,0,0,0,89.7,118.3,0,0,0,0,19-DEC-2017,
OPTIDX,NIFTYPSE,28-Dec-2017,4300,CE,0,0,0,60.95,46.05,0,0,0,0,19-DEC-2017,
OPTIDX,NIFTYPSE,28-Dec-2017,4400,CE,0,0,0,39.9,10.65,0,0,0,0,19-DEC-2017,
OPTIDX,NIFTYPSE,28-Dec-2017,4500,CE,0,0,0,25.3,1.3,0,0,0,0,19-DEC-2017,
OPTIDX,NIFTYPSE,28-Dec-2017,4600,CE,0,0,0,15.5,0.1,0,0,0,0,19-DEC-2017,
OPTIDX,NIFTYPSE,28-Dec-2017,4700,CE,0,0,0,9.2,0,0,0,0,0,19-DEC-2017,
OPTIDX,NIFTYPSE,28-Dec-2017,4800,CE,0,0,0,5.3,0,0,0,0,0,19-DEC-2017,
OPTIDX,NIFTYPSE,28-Dec-2017,4900,CE,0,0,0,4.25,0,0,0,0,0,19-DEC-2017,
OPTIDX,NIFTYPSE,28-Dec-2017,5000,CE,0,0,0,2.35,0,0,0,0,0,19-DEC-2017,
OPTIDX,NIFTYPSE,28-Dec-2017,5100,CE,0,0,0,1.3,0,0,0,0,0,19-DEC-2017,
OPTIDX,NIFTYPSE,28-Dec-2017,5200,CE,0,0,0,0.7,0,0,0,0,0,19-DEC-2017,
OPTIDX,NIFTYPSE,28-Dec-2017,5300,CE,0,0,0,0.35,0,0,0,0,0,19-DEC-2017,
OPTIDX,NIFTYPSE,28-Dec-2017,5400,CE,0,0,0,0.4,0,0,0,0,0,19-DEC-2017,
OPTIDX,NIFTYPSE,28-Dec-2017,5500,CE,0,0,0,0.05,0,0,0,0,0,19-DEC-2017,
OPTIDX,NIFTYPSE,28-Dec-2017,5600,CE,0,0,0,0.25,0,0,0,0,0,19-DEC-2017,
OPTIDX,NIFTYPSE,28-Dec-2017,2800,PE,0,0,0,0.05,0,0,0,0,0,19-DEC-2017,
OPTIDX,NIFTYPSE,28-Dec-2017,2900,PE,0,0,0,0.05,0,0,0,0,0,19-DEC-2017,
OPTIDX,NIFTYPSE,28-Dec-2017,3000,PE,0,0,0,0.05,0,0,0,0,0,19-DEC-2017,
OPTIDX,NIFTYPSE,28-Dec-2017,3100,PE,0,0,0,0.1,0,0,0,0,0,19-DEC-2017,
OPTIDX,NIFTYPSE,28-Dec-2017,3200,PE,0,0,0,0.5,0,0,0,0,0,19-DEC-2017,
OPTIDX,NIFTYPSE,28-Dec-2017,3300,PE,0,0,0,1.35,0,0,0,0,0,19-DEC-2017,
OPTIDX,NIFTYPSE,28-Dec-2017,3400,PE,0,0,0,3.35,0,0,0,0,0,19-DEC-2017,
OPTIDX,NIFTYPSE,28-Dec-2017,3500,PE,0,0,0,7.45,0,0,0,0,0,19-DEC-2017,
OPTIDX,NIFTYPSE,28-Dec-2017,3600,PE,0,0,0,15.15,0,0,0,0,0,19-DEC-2017,
OPTIDX,NIFTYPSE,28-Dec-2017,3700,PE,0,0,0,28.2,0,0,0,0,0,19-DEC-2017,
OPTIDX,NIFTYPSE,28-Dec-2017,3800,PE,0,0,0,48.4,0,0,0,0,0,19-DEC-2017,
OPTIDX,NIFTYPSE,28-Dec-2017,3900,PE,0,0,0,77.45,0,0,0,0,0,19-DEC-2017,
OPTIDX,NIFTYPSE,28-Dec-2017,4000,PE,0,0,0,116.75,0.05,0,0,0,0,19-DEC-2017,
OPTIDX,NIFTYPSE,28-Dec-2017,4100,PE,0,0,0,166.6,0.5,0,0,0,0,19-DEC-2017,
OPTIDX,NIFTYPSE,28-Dec-2017,4200,PE,0,0,0,226.75,6.25,0,0,0,0,19-DEC-2017,
OPTIDX,NIFTYPSE,28-Dec-2017,4300,PE,0,0,0,296.45,33.8,0,0,0,0,19-DEC-2017,
OPTIDX,NIFTYPSE,28-Dec-2017,4400,PE,0,0,0,373.8,98.25,0,0,0,0,19-DEC-2017,
OPTIDX,NIFTYPSE,28-Dec-2017,4500,PE,0,0,0,457.65,188.75,0,0,0,0,19-DEC-2017,
OPTIDX,NIFTYPSE,28-Dec-2017,4600,PE,0,0,0,546.35,287.4,0,0,0,0,19-DEC-2017,
OPTIDX,NIFTYPSE,28-Dec-2017,4700,PE,0,0,0,638.5,387.15,0,0,0,0,19-DEC-2017,
OPTIDX,NIFTYPSE,28-Dec-2017,4800,PE,0,0,0,733,487,0,0,0,0,19-DEC-2017,
OPTIDX,NIFTYPSE,28-Dec-2017,4900,PE,0,0,0,782.55,586.85,0,0,0,0,19-DEC-2017,
OPTIDX,NIFTYPSE,28-Dec-2017,5000,PE,0,0,0,879.15,686.7,0,0,0,0,19-DEC-2017,
OPTIDX,NIFTYPSE,28-Dec-2017,5100,PE,0,0,0,976.6,786.55,0,0,0,0,19-DEC-2017,
OPTIDX,NIFTYPSE,28-Dec-2017,5200,PE,0,0,0,1074.5,886.4,0,0,0,0,19-DEC-2017,
OPTIDX,NIFTYPSE,28-Dec-2017,5300,PE,0,0,0,1150.35,986.25,0,0,0,0,19-DEC-2017,
OPTIDX,NIFTYPSE,28-Dec-2017,5400,PE,0,0,0,1169.65,1086.05,0,0,0,0,19-DEC-2017,
OPTIDX,NIFTYPSE,28-Dec-2017,5500,PE,0,0,0,1171.7,1185.9,0,0,0,0,19-DEC-2017,
OPTIDX,NIFTYPSE,28-Dec-2017,5600,PE,0,0,0,1131,1285.75,0,0,0,0,19-DEC-2017,
OPTIDX,NIFTYPSE,25-Jan-2018,2900,CE,0,0,0,1252.25,1424.45,0,0,0,0,19-DEC-2017,
OPTIDX,NIFTYPSE,25-Jan-2018,3000,CE,0,0,0,1281.75,1325.1,0,0,0,0,19-DEC-2017,
OPTIDX,NIFTYPSE,25-Jan-2018,3100,CE,0,0,0,1261.9,1225.75,0,0,0,0,19-DEC-2017,
OPTIDX,NIFTYPSE,25-Jan-2018,3200,CE,0,0,0,1258.5,1126.4,0,0,0,0,19-DEC-2017,
OPTIDX,NIFTYPSE,25-Jan-2018,3300,CE,0,0,0,1160.15,1027.05,0,0,0,0,19-DEC-2017,
OPTIDX,NIFTYPSE,25-Jan-2018,3400,CE,0,0,0,1061.85,927.7,0,0,0,0,19-DEC-2017,
OPTIDX,NIFTYPSE,25-Jan-2018,3500,CE,0,0,0,963.75,828.35,0,0,0,0,19-DEC-2017,
OPTIDX,NIFTYPSE,25-Jan-2018,3600,CE,0,0,0,866.2,729,0,0,0,0,19-DEC-2017,
OPTIDX,NIFTYPSE,25-Jan-2018,3700,CE,0,0,0,769.55,629.65,0,0,0,0,19-DEC-2017,
OPTIDX,NIFTYPSE,25-Jan-2018,3800,CE,0,0,0,674.55,530.45,0,0,0,0,19-DEC-2017,
OPTIDX,NIFTYPSE,25-Jan-2018,3900,CE,0,0,0,582.25,431.75,0,0,0,0,19-DEC-2017,
OPTIDX,NIFTYPSE,25-Jan-2018,4000,CE,0,0,0,493.9,335.05,0,0,0,0,19-DEC-2017,
OPTIDX,NIFTYPSE,25-Jan-2018,4100,CE,0,0,0,410.9,243.65,0,0,0,0,19-DEC-2017,
OPTIDX,NIFTYPSE,25-Jan-2018,4200,CE,0,0,0,334.9,162.95,0,0,0,0,19-DEC-2017,
OPTIDX,NIFTYPSE,25-Jan-2018,4300,CE,0,0,0,266.5,98.05,0,0,0,0,19-DEC-2017,
OPTIDX,NIFTYPSE,25-Jan-2018,4400,CE,0,0,0,207.3,52.35,0,0,0,0,19-DEC-2017,
OPTIDX,NIFTYPSE,25-Jan-2018,4500,CE,0,0,0,157.25,24.6,0,0,0,0,19-DEC-2017,
OPTIDX,NIFTYPSE,25-Jan-2018,4600,CE,0,0,0,116.35,10.05,0,0,0,0,19-DEC-2017,
OPTIDX,NIFTYPSE,25-Jan-2018,4700,CE,0,0,0,83.95,3.6,0,0,0,0,19-DEC-2017,
OPTIDX,NIFTYPSE,25-Jan-2018,4800,CE,0,0,0,59.1,1.1,0,0,0,0,19-DEC-2017,
OPTIDX,NIFTYPSE,25-Jan-2018,4900,CE,0,0,0,40.55,0.3,0,0,0,0,19-DEC-2017,
OPTIDX,NIFTYPSE,25-Jan-2018,5000,CE,0,0,0,27.15,0.1,0,0,0,0,19-DEC-2017,
OPTIDX,NIFTYPSE,25-Jan-2018,5100,CE,0,0,0,17.75,0.05,0,0,0,0,19-DEC-2017,
OPTIDX,NIFTYPSE,25-Jan-2018,5200,CE,0,0,0,11.3,0,0,0,0,0,19-DEC-2017,
OPTIDX,NIFTYPSE,25-Jan-2018,5300,CE,0,0,0,7.05,0,0,0,0,0,19-DEC-2017,
OPTIDX,NIFTYPSE,25-Jan-2018,5400,CE,0,0,0,4.3,0,0,0,0,0,19-DEC-2017,
OPTIDX,NIFTYPSE,25-Jan-2018,5500,CE,0,0,0,2.55,0,0,0,0,0,19-DEC-2017,
OPTIDX,NIFTYPSE,25-Jan-2018,5600,CE,0,0,0,1.5,0,0,0,0,0,19-DEC-2017,
OPTIDX,NIFTYPSE,25-Jan-2018,2900,PE,0,0,0,0.05,0,0,0,0,0,19-DEC-2017,
OPTIDX,NIFTYPSE,25-Jan-2018,3000,PE,0,0,0,0.05,0,0,0,0,0,19-DEC-2017,
OPTIDX,NIFTYPSE,25-Jan-2018,3100,PE,0,0,0,0.05,0,0,0,0,0,19-DEC-2017,
OPTIDX,NIFTYPSE,25-Jan-2018,3200,PE,0,0,0,0.05,0,0,0,0,0,19-DEC-2017,
OPTIDX,NIFTYPSE,25-Jan-2018,3300,PE,0,0,0,0.1,0,0,0,0,0,19-DEC-2017,
OPTIDX,NIFTYPSE,25-Jan-2018,3400,PE,0,0,0,0.2,0,0,0,0,0,19-DEC-2017,
OPTIDX,NIFTYPSE,25-Jan-2018,3500,PE,0,0,0,0.6,0,0,0,0,0,19-DEC-2017,
OPTIDX,NIFTYPSE,25-Jan-2018,3600,PE,0,0,0,1.4,0,0,0,0,0,19-DEC-2017,
OPTIDX,NIFTYPSE,25-Jan-2018,3700,PE,0,0,0,3.2,0.05,0,0,0,0,19-DEC-2017,
OPTIDX,NIFTYPSE,25-Jan-2018,3800,PE,0,0,0,6.65,0.15,0,0,0,0,19-DEC-2017,
OPTIDX,NIFTYPSE,25-Jan-2018,3900,PE,0,0,0,12.8,0.85,0,0,0,0,19-DEC-2017,
OPTIDX,NIFTYPSE,25-Jan-2018,4000,PE,0,0,0,22.85,3.5,0,0,0,0,19-DEC-2017,
OPTIDX,NIFTYPSE,25-Jan-2018,4100,PE,0,0,0,38.3,11.45,0,0,0,0,19-DEC-2017,
OPTIDX,NIFTYPSE,25-Jan-2018,4200,PE,0,0,0,60.7,30.1,0,0,0,0,19-DEC-2017,
OPTIDX,NIFTYPSE,25-Jan-2018,4300,PE,0,0,0,90.8,64.5,0,0,0,0,19-DEC-2017,
OPTIDX,NIFTYPSE,25-Jan-2018,4400,PE,0,0,0,130,118.2,0,0,0,0,19-DEC-2017,
OPTIDX,NIFTYPSE,25-Jan-2018,4500,PE,0,0,0,178.4,189.75,0,0,0,0,19-DEC-2017,
OPTIDX,NIFTYPSE,25-Jan-2018,4600,PE,0,0,0,235.95,274.6,0,0,0,0,19-DEC-2017,
OPTIDX,NIFTYPSE,25-Jan-2018,4700,PE,0,0,0,301.95,367.45,0,0,0,0,19-DEC-2017,
OPTIDX,NIFTYPSE,25-Jan-2018,4800,PE,0,0,0,375.55,464.35,0,0,0,0,19-DEC-2017,
OPTIDX,NIFTYPSE,25-Jan-2018,4900,PE,0,0,0,455.4,562.9,0,0,0,0,19-DEC-2017,
OPTIDX,NIFTYPSE,25-Jan-2018,5000,PE,0,0,0,540.45,662,0,0,0,0,19-DEC-2017,
OPTIDX,NIFTYPSE,25-Jan-2018,5100,PE,0,0,0,629.45,761.3,0,0,0,0,19-DEC-2017,
OPTIDX,NIFTYPSE,25-Jan-2018,5200,PE,0,0,0,721.45,860.65,0,0,0,0,19-DEC-2017,
OPTIDX,NIFTYPSE,25-Jan-2018,5300,PE,0,0,0,815.65,960,0,0,0,0,19-DEC-2017,
OPTIDX,NIFTYPSE,25-Jan-2018,5400,PE,0,0,0,911.3,1059.35,0,0,0,0,19-DEC-2017,
OPTIDX,NIFTYPSE,25-Jan-2018,5500,PE,0,0,0,1008,1158.7,0,0,0,0,19-DEC-2017,
OPTIDX,NIFTYPSE,25-Jan-2018,5600,PE,0,0,0,1105.4,1258.05,0,0,0,0,19-DEC-2017,
OPTIDX,NIFTYPSE,22-Feb-2018,2900,CE,0,0,0,1266.3,1438.65,0,0,0,0,19-DEC-2017,
OPTIDX,NIFTYPSE,22-Feb-2018,3000,CE,0,0,0,1278.1,1339.8,0,0,0,0,19-DEC-2017,
OPTIDX,NIFTYPSE,22-Feb-2018,3100,CE,0,0,0,1179.55,1240.9,0,0,0,0,19-DEC-2017,
OPTIDX,NIFTYPSE,22-Feb-2018,3200,CE,0,0,0,1081,1142.05,0,0,0,0,19-DEC-2017,
OPTIDX,NIFTYPSE,22-Feb-2018,3300,CE,0,0,0,982.45,1043.2,0,0,0,0,19-DEC-2017,
OPTIDX,NIFTYPSE,22-Feb-2018,3400,CE,0,0,0,883.95,944.35,0,0,0,0,19-DEC-2017,
OPTIDX,NIFTYPSE,22-Feb-2018,3500,CE,0,0,0,785.4,845.5,0,0,0,0,19-DEC-2017,
OPTIDX,NIFTYPSE,22-Feb-2018,3600,CE,0,0,0,687,746.7,0,0,0,0,19-DEC-2017,
OPTIDX,NIFTYPSE,22-Feb-2018,3700,CE,0,0,0,588.95,648.1,0,0,0,0,19-DEC-2017,
OPTIDX,NIFTYPSE,22-Feb-2018,3800,CE,0,0,0,492.05,550.15,0,0,0,0,19-DEC-2017,
OPTIDX,NIFTYPSE,22-Feb-2018,3900,CE,0,0,0,397.75,453.85,0,0,0,0,19-DEC-2017,
OPTIDX,NIFTYPSE,22-Feb-2018,4000,CE,0,0,0,308.6,361.25,0,0,0,0,19-DEC-2017,
OPTIDX,NIFTYPSE,22-Feb-2018,4100,CE,0,0,0,227.85,275.1,0,0,0,0,19-DEC-2017,
OPTIDX,NIFTYPSE,22-Feb-2018,4200,CE,0,0,0,158.85,198.85,0,0,0,0,19-DEC-2017,
OPTIDX,NIFTYPSE,22-Feb-2018,4300,CE,0,0,0,103.9,135.5,0,0,0,0,19-DEC-2017,
OPTIDX,NIFTYPSE,22-Feb-2018,4400,CE,0,0,0,63.45,86.5,0,0,0,0,19-DEC-2017,
OPTIDX,NIFTYPSE,22-Feb-2018,4500,CE,0,0,0,36.1,51.5,0,0,0,0,19-DEC-2017,
OPTIDX,NIFTYPSE,22-Feb-2018,4600,CE,0,0,0,19.1,28.65,0,0,0,0,19-DEC-2017,
OPTIDX,NIFTYPSE,22-Feb-2018,4700,CE,0,0,0,9.35,14.8,0,0,0,0,19-DEC-2017,
OPTIDX,NIFTYPSE,22-Feb-2018,4800,CE,0,0,0,4.3,7.1,0,0,0,0,19-DEC-2017,
OPTIDX,NIFTYPSE,22-Feb-2018,4900,CE,0,0,0,1.8,3.2,0,0,0,0,19-DEC-2017,
OPTIDX,NIFTYPSE,22-Feb-2018,5000,CE,0,0,0,0.75,1.35,0,0,0,0,19-DEC-2017,
OPTIDX,NIFTYPSE,22-Feb-2018,5100,CE,0,0,0,0.3,0.55,0,0,0,0,19-DEC-2017,
OPTIDX,NIFTYPSE,22-Feb-2018,5200,CE,0,0,0,0.1,0.2,0,0,0,0,19-DEC-2017,
OPTIDX,NIFTYPSE,22-Feb-2018,5300,CE,0,0,0,0.05,0.1,0,0,0,0,19-DEC-2017,
OPTIDX,NIFTYPSE,22-Feb-2018,5400,CE,0,0,0,0.05,0.05,0,0,0,0,19-DEC-2017,
OPTIDX,NIFTYPSE,22-Feb-2018,5500,CE,0,0,0,0.05,0.05,0,0,0,0,19-DEC-2017,
OPTIDX,NIFTYPSE,22-Feb-2018,2900,PE,0,0,0,0.05,0,0,0,0,0,19-DEC-2017,
OPTIDX,NIFTYPSE,22-Feb-2018,3000,PE,0,0,0,0.05,0,0,0,0,0,19-DEC-2017,
OPTIDX,NIFTYPSE,22-Feb-2018,3100,PE,0,0,0,0.05,0,0,0,0,0,19-DEC-2017,
OPTIDX,NIFTYPSE,22-Feb-2018,3200,PE,0,0,0,0.05,0,0,0,0,0,19-DEC-2017,
OPTIDX,NIFTYPSE,22-Feb-2018,3300,PE,0,0,0,0.05,0,0,0,0,0,19-DEC-2017,
OPTIDX,NIFTYPSE,22-Feb-2018,3400,PE,0,0,0,0.05,0,0,0,0,0,19-DEC-2017,
OPTIDX,NIFTYPSE,22-Feb-2018,3500,PE,0,0,0,0.05,0.05,0,0,0,0,19-DEC-2017,
OPTIDX,NIFTYPSE,22-Feb-2018,3600,PE,0,0,0,0.2,0.1,0,0,0,0,19-DEC-2017,
OPTIDX,NIFTYPSE,22-Feb-2018,3700,PE,0,0,0,0.7,0.35,0,0,0,0,19-DEC-2017,
OPTIDX,NIFTYPSE,22-Feb-2018,3800,PE,0,0,0,2.3,1.25,0,0,0,0,19-DEC-2017,
OPTIDX,NIFTYPSE,22-Feb-2018,3900,PE,0,0,0,6.55,3.85,0,0,0,0,19-DEC-2017,
OPTIDX,NIFTYPSE,22-Feb-2018,4000,PE,0,0,0,15.95,10.1,0,0,0,0,19-DEC-2017,
OPTIDX,NIFTYPSE,22-Feb-2018,4100,PE,0,0,0,33.75,22.8,0,0,0,0,19-DEC-2017,
OPTIDX,NIFTYPSE,22-Feb-2018,4200,PE,0,0,0,63.3,45.4,0,0,0,0,19-DEC-2017,
OPTIDX,NIFTYPSE,22-Feb-2018,4300,PE,0,0,0,106.9,80.9,0,0,0,0,19-DEC-2017,
OPTIDX,NIFTYPSE,22-Feb-2018,4400,PE,0,0,0,164.95,130.75,0,0,0,0,19-DEC-2017,
OPTIDX,NIFTYPSE,22-Feb-2018,4500,PE,0,0,0,236.15,194.65,0,0,0,0,19-DEC-2017,
OPTIDX,NIFTYPSE,22-Feb-2018,4600,PE,0,0,0,317.7,270.6,0,0,0,0,19-DEC-2017,
OPTIDX,NIFTYPSE,22-Feb-2018,4700,PE,0,0,0,406.5,355.65,0,0,0,0,19-DEC-2017,
OPTIDX,NIFTYPSE,22-Feb-2018,4800,PE,0,0,0,499.95,446.8,0,0,0,0,19-DEC-2017,
OPTIDX,NIFTYPSE,22-Feb-2018,4900,PE,0,0,0,596.05,541.75,0,0,0,0,19-DEC-2017,
OPTIDX,NIFTYPSE,22-Feb-2018,5000,PE,0,0,0,693.5,638.75,0,0,0,0,19-DEC-2017,
OPTIDX,NIFTYPSE,22-Feb-2018,5100,PE,0,0,0,791.6,736.8,0,0,0,0,19-DEC-2017,
OPTIDX,NIFTYPSE,22-Feb-2018,5200,PE,0,0,0,889.95,835.35,0,0,0,0,19-DEC-2017,
OPTIDX,NIFTYPSE,22-Feb-2018,5300,PE,0,0,0,988.45,934.1,0,0,0,0,19-DEC-2017,
OPTIDX,NIFTYPSE,22-Feb-2018,5400,PE,0,0,0,1086.95,1032.9,0,0,0,0,19-DEC-2017,
OPTIDX,NIFTYPSE,22-Feb-2018,5500,PE,0,0,0,1181.9,1131.75,0,0,0,0,19-DEC-2017,
OPTSTK,ACC,28-Dec-2017,1380,CE,0,0,0,307.15,352.45,0,0,0,0,19-DEC-2017,
OPTSTK,ACC,28-Dec-2017,1400,CE,0,0,0,290.9,332.5,0,0,0,0,19-DEC-2017,
OPTSTK,ACC,28-Dec-2017,1420,CE,0,0,0,275.1,312.55,0,0,0,0,19-DEC-2017,
OPTSTK,ACC,28-Dec-2017,1440,CE,0,0,0,259.7,292.55,0,0,0,0,19-DEC-2017,
OPTSTK,ACC,28-Dec-2017,1460,CE,0,0,0,244.85,272.6,0,0,0,0,19-DEC-2017,
OPTSTK,ACC,28-Dec-2017,1480,CE,0,0,0,230.35,252.6,0,0,0,0,19-DEC-2017,
OPTSTK,ACC,28-Dec-2017,1500,CE,0,0,0,216.4,232.65,0,0,0,0,19-DEC-2017,
OPTSTK,ACC,28-Dec-2017,1520,CE,0,0,0,202.9,212.7,0,0,0,0,19-DEC-2017,
OPTSTK,ACC,28-Dec-2017,1540,CE,0,0,0,189.95,192.7,0,0,0,0,19-DEC-2017,
OPTSTK,ACC,28-Dec-2017,1560,CE,0,0,0,177.55,172.75,0,0,0,0,19-DEC-2017,
OPTSTK,ACC,28-Dec-2017,1580,CE,0,0,0,165.7,152.85,0,0,0,0,19-DEC-2017,
OPTSTK,ACC,28-Dec-2017,1600,CE,0,0,0,135.05,133.05,0,0,2000,0,19-DEC-2017,
OPTSTK,ACC,28-Dec-2017,1620,CE,0,0,0,96,113.45,0,0,0,0,19-DEC-2017,
OPTSTK,ACC,28-Dec-2017,1640,CE,0,0,0,110,94.35,0,0,800,0,19-DEC-2017,
OPTSTK,ACC,28-Dec-2017,1660,CE,0,0,0,53.25,76.05,0,0,1600,0,19-DEC-2017,
OPTSTK,ACC,28-Dec-2017,1680,CE,49,64.05,49,64.05,64.05,4,27.72,2800,-400,19-DEC-2017,
OPTSTK,ACC,28-Dec-2017,1700,CE,33.8,45,29.7,43.1,43.1,49,340.25,20000,-8000,19-DEC-2017,
OPTSTK,ACC,28-Dec-2017,1720,CE,20,32,20,30.65,30.65,257,1793.89,23600,-26800,19-DEC-2017,
OPTSTK,ACC,28-Dec-2017,1740,CE,13.4,21.9,13.4,20.35,20.35,178,1251.45,38400,-16400,19-DEC-2017,
OPTSTK,ACC,28-Dec-2017,1760,CE,11,15.1,9.45,14.15,14.15,120,850.98,55200,8800,19-DEC-2017,
OPTSTK,ACC,28-Dec-2017,1780,CE,6,9.15,5.5,8.9,8.9,29,207.35,15600,-2000,19-DEC-2017,
OPTSTK,ACC,28-Dec-2017,1800,CE,5,5.6,3.5,5.6,5.6,25,180.5,44000,-2800,19-DEC-2017,
OPTSTK,ACC,28-Dec-2017,1820,CE,4,4,4,4,4,1,7.29,3200,-400,19-DEC-2017,
OPTSTK,ACC,28-Dec-2017,1840,CE,0,0,0,0.4,1.15,0,0,2800,0,19-DEC-2017,
OPTSTK,ACC,28-Dec-2017,1860,CE,0,0,0,3.6,0.55,0,0,400,0,19-DEC-2017,
OPTSTK,ACC,28-Dec-2017,1880,CE,0,0,0,48.75,0.25,0,0,0,0,19-DEC-2017,
OPTSTK,ACC,28-Dec-2017,1900,CE,0,0,0,44.45,0.1,0,0,0,0,19-DEC-2017,
OPTSTK,ACC,28-Dec-2017,1920,CE,0,0,0,40.35,0.05,0,0,0,0,19-DEC-2017,
OPTSTK,ACC,28-Dec-2017,1940,CE,0,0,0,36.7,0.05,0,0,0,0,19-DEC-2017,
OPTSTK,ACC,28-Dec-2017,1960,CE,0,0,0,33.3,0,0,0,0,0,19-DEC-2017,
OPTSTK,ACC,28-Dec-2017,1980,CE,0,0,0,30.15,0,0,0,0,0,19-DEC-2017,
OPTSTK,ACC,28-Dec-2017,2000,CE,0,0,0,27.3,0,0,0,0,0,19-DEC-2017,
OPTSTK,ACC,28-Dec-2017,2020,CE,0,0,0,24.7,0,0,0,0,0,19-DEC-2017,
OPTSTK,ACC,28-Dec-2017,2040,CE,0,0,0,22.3,0,0,0,0,0,19-DEC-2017,
OPTSTK,ACC,28-Dec-2017,1380,PE,0,0,0,19.85,0,0,0,0,0,19-DEC-2017,
OPTSTK,ACC,28-Dec-2017,1400,PE,0,0,0,23.3,0,0,0,0,0,19-DEC-2017,
OPTSTK,ACC,28-Dec-2017,1420,PE,0,0,0,27.15,0,0,0,0,0,19-DEC-2017,
OPTSTK,ACC,28-Dec-2017,1440,PE,0,0,0,31.45,0,0,0,0,0,19-DEC-2017,
OPTSTK,ACC,28-Dec-2017,1460,PE,0,0,0,36.25,0,0,0,0,0,19-DEC-2017,
OPTSTK,ACC,28-Dec-2017,1480,PE,0,0,0,41.5,0,0,0,0,0,19-DEC-2017,
OPTSTK,ACC,28-Dec-2017,1500,PE,0,0,0,47.2,0,0,0,0,0,19-DEC-2017,
OPTSTK,ACC,28-Dec-2017,1520,PE,0,0,0,53.4,0,0,0,0,0,19-DEC-2017,
OPTSTK,ACC,28-Dec-2017,1540,PE,0,0,0,60.15,0.05,0,0,0,0,19-DEC-2017,
OPTSTK,ACC,28-Dec-2017,1560,PE,0,0,0,67.45,0.05,0,0,0,0,19-DEC-2017,
OPTSTK,ACC,28-Dec-2017,1580,PE,0,0,0,75.3,0.1,0,0,0,0,19-DEC-2017,
OPTSTK,ACC,28-Dec-2017,1600,PE,1.1,1.1,1,1,1,2,12.8,5200,-800,19-DEC-2017,
OPTSTK,ACC,28-Dec-2017,1620,PE,2,2,2,2,2,2,12.97,4400,400,19-DEC-2017,
OPTSTK,ACC,28-Dec-2017,1640,PE,4.1,4.1,2.3,2.3,2.3,5,32.86,12000,-1600,19-DEC-2017,
OPTSTK,ACC,28-Dec-2017,1660,PE,8.35,8.35,3,3.75,3.75,25,166.43,8000,-2800,19-DEC-2017,
OPTSTK,ACC,28-Dec-2017,1680,PE,10.3,10.3,4.5,4.8,4.8,3,20.23,38000,-400,19-DEC-2017,
OPTSTK,ACC,28-Dec-2017,1700,PE,20,20.1,8.55,9.35,9.35,28,191.88,18800,2000,19-DEC-2017,
OPTSTK,ACC,28-Dec-2017,1720,PE,29.9,29.9,17.2,17.2,17.2,11,76.68,10800,-400,19-DEC-2017,
OPTSTK,ACC,28-Dec-2017,1740,PE,43.1,43.1,27,29,29,6,42.48,5200,0,19-DEC-2017,
OPTSTK,ACC,28-Dec-2017,1760,PE,0,0,0,81,40.25,0,0,8000,0,19-DEC-2017,
OPTSTK,ACC,28-Dec-2017,1780,PE,0,0,0,57.75,54.85,0,0,1600,0,19-DEC-2017,
OPTSTK,ACC,28-Dec-2017,1800,PE,92,92,91,91,91,8,60.52,7600,-2400,19-DEC-2017,
OPTSTK,ACC,28-Dec-2017,1820,PE,88,88,88,88,88,1,7.63,400,-400,19-DEC-2017,
OPTSTK,ACC,28-Dec-2017,1840,PE,0,0,0,223.95,108,0,0,0,0,19-DEC-2017,
OPTSTK,ACC,28-Dec-2017,1860,PE,0,0,0,238.65,127.35,0,0,0,0,19-DEC-2017,
OPTSTK,ACC,28-Dec-2017,1880,PE,0,0,0,253.65,147,0,0,0,0,19-DEC-2017,
OPTSTK,ACC,28-Dec-2017,1900,PE,0,0,0,269,166.85,0,0,0,0,19-DEC-2017,
OPTSTK,ACC,28-Dec-2017,1920,PE,0,0,0,284.65,186.75,0,0,0,0,19-DEC-2017,
OPTSTK,ACC,28-Dec-2017,1940,PE,0,0,0,300.65,206.7,0,0,0,0,19-DEC-2017,
OPTSTK,ACC,28-Dec-2017,1960,PE,0,0,0,316.95,226.7,0,0,0,0,19-DEC-2017,
OPTSTK,ACC,28-Dec-2017,1980,PE,0,0,0,333.5,246.65,0,0,0,0,19-DEC-2017,
OPTSTK,ACC,28-Dec-2017,2000,PE,0,0,0,350.35,266.6,0,0,0,0,19-DEC-2017,
OPTSTK,ACC,28-Dec-2017,2020,PE,0,0,0,367.4,286.6,0,0,0,0,19-DEC-2017,
OPTSTK,ACC,28-Dec-2017,2040,PE,0,0,0,384.7,306.55,0,0,0,0,19-DEC-2017,
OPTSTK,ACC,25-Jan-2018,1380,CE,0,0,0,426.1,359.3,0,0,0,0,19-DEC-2017,
OPTSTK,ACC,25-Jan-2018,1400,CE,0,0,0,407.05,339.45,0,0,0,0,19-DEC-2017,
OPTSTK,ACC,25-Jan-2018,1420,CE,0,0,0,388.15,319.65,0,0,0,0,19-DEC-2017,
OPTSTK,ACC,25-Jan-2018,1440,CE,0,0,0,369.45,299.8,0,0,0,0,19-DEC-2017,
OPTSTK,ACC,25-Jan-2018,1460,CE,0,0,0,351,280.05,0,0,0,0,19-DEC-2017,
OPTSTK,ACC,25-Jan-2018,1480,CE,0,0,0,332.8,260.4,0,0,0,0,19-DEC-2017,
OPTSTK,ACC,25-Jan-2018,1500,CE,0,0,0,314.85,240.8,0,0,0,0,19-DEC-2017,
OPTSTK,ACC,25-Jan-2018,1520,CE,0,0,0,297.3,221.45,0,0,0,0,19-DEC-2017,
OPTSTK,ACC,25-Jan-2018,1540,CE,0,0,0,280.05,202.3,0,0,0,0,19-DEC-2017,
OPTSTK,ACC,25-Jan-2018,1560,CE,0,0,0,263.2,183.55,0,0,0,0,19-DEC-2017,
OPTSTK,ACC,25-Jan-2018,1580,CE,0,0,0,246.85,165.2,0,0,0,0,19-DEC-2017,
OPTSTK,ACC,25-Jan-2018,1600,CE,0,0,0,230.9,147.45,0,0,0,0,19-DEC-2017,
OPTSTK,ACC,25-Jan-2018,1620,CE,0,0,0,215.5,130.45,0,0,0,0,19-DEC-2017,
OPTSTK,ACC,25-Jan-2018,1640,CE,0,0,0,100,114.25,0,0,1200,0,19-DEC-2017,
OPTSTK,ACC,25-Jan-2018,1660,CE,0,0,0,186.3,99.1,0,0,0,0,19-DEC-2017,
OPTSTK,ACC,25-Jan-2018,1680,CE,0,0,0,105.2,84.9,0,0,400,0,19-DEC-2017,
OPTSTK,ACC,25-Jan-2018,1700,CE,66.1,66.1,66.1,66.1,66.1,1,7.06,3600,400,19-DEC-2017,
OPTSTK,ACC,25-Jan-2018,1720,CE,0,0,0,146.85,60.3,0,0,0,0,19-DEC-2017,
OPTSTK,ACC,25-Jan-2018,1740,CE,0,0,0,45,49.9,0,0,400,0,19-DEC-2017,
OPTSTK,ACC,25-Jan-2018,1760,CE,40,40,40,40,40,2,14.4,1200,800,19-DEC-2017,
OPTSTK,ACC,25-Jan-2018,1780,CE,32,32,32,32,32,1,7.24,400,400,19-DEC-2017,
OPTSTK,ACC,25-Jan-2018,1800,CE,0,0,0,103.2,26.2,0,0,0,0,19-DEC-2017,
OPTSTK,ACC,25-Jan-2018,1820,CE,0,0,0,93.85,20.6,0,0,0,0,19-DEC-2017,
OPTSTK,ACC,25-Jan-2018,1840,CE,0,0,0,85.15,16,0,0,0,0,19-DEC-2017,
OPTSTK,ACC,25-Jan-2018,1860,CE,0,0,0,77.05,12.25,0,0,0,0,19-DEC-2017,
OPTSTK,ACC,25-Jan-2018,1880,CE,0,0,0,69.55,9.25,0,0,0,0,19-DEC-2017,
OPTSTK,ACC,25-Jan-2018,1900,CE,0,0,0,62.6,6.9,0,0,0,0,19-DEC-2017,
OPTSTK,ACC,25-Jan-2018,1920,CE,0,0,0,56.2,5.1,0,0,0,0,19-DEC-2017,
OPTSTK,ACC,25-Jan-2018,1940,CE,0,0,0,50.35,3.7,0,0,0,0,19-DEC-2017,
OPTSTK,ACC,25-Jan-2018,1960,CE,0,0,0,45,2.65,0,0,0,0,19-DEC-2017,
OPTSTK,ACC,25-Jan-2018,1980,CE,0,0,0,40.2,1.9,0,0,0,0,19-DEC-2017,
OPTSTK,ACC,25-Jan-2018,2000,CE,0,0,0,35.75,1.3,0,0,0,0,19-DEC-2017,
OPTSTK,ACC,25-Jan-2018,2020,CE,0,0,0,31.7,0.9,0,0,0,0,19-DEC-2017,
OPTSTK,ACC,25-Jan-2018,2040,CE,0,0,0,28.05,0.65,0,0,0,0,19-DEC-2017,
OPTSTK,ACC,25-Jan-2018,1380,PE,0,0,0,2,0.05,0,0,0,0,19-DEC-2017,
OPTSTK,ACC,25-Jan-2018,1400,PE,0,0,0,2.65,0.05,0,0,0,0,19-DEC-2017,
OPTSTK,ACC,25-Jan-2018,1420,PE,0,0,0,3.45,0.1,0,0,0,0,19-DEC-2017,
OPTSTK,ACC,25-Jan-2018,1440,PE,0,0,0,4.45,0.15,0,0,0,0,19-DEC-2017,
OPTSTK,ACC,25-Jan-2018,1460,PE,0,0,0,5.65,0.25,0,0,0,0,19-DEC-2017,
OPTSTK,ACC,25-Jan-2018,1480,PE,0,0,0,7.15,0.45,0,0,0,0,19-DEC-2017,
OPTSTK,ACC,25-Jan-2018,1500,PE,0,0,0,8.9,0.75,0,0,0,0,19-DEC-2017,
OPTSTK,ACC,25-Jan-2018,1520,PE,0,0,0,11,1.25,0,0,0,0,19-DEC-2017,
OPTSTK,ACC,25-Jan-2018,1540,PE,0,0,0,13.45,2,0,0,0,0,19-DEC-2017,
OPTSTK,ACC,25-Jan-2018,1560,PE,0,0,0,16.3,3.1,0,0,0,0,19-DEC-2017,
OPTSTK,ACC,25-Jan-2018,1580,PE,0,0,0,19.6,4.65,0,0,0,0,19-DEC-2017,
OPTSTK,ACC,25-Jan-2018,1600,PE,0,0,0,23.35,6.75,0,0,0,0,19-DEC-2017,
OPTSTK,ACC,25-Jan-2018,1620,PE,0,0,0,27.65,9.6,0,0,0,0,19-DEC-2017,
OPTSTK,ACC,25-Jan-2018,1640,PE,0,0,0,15.9,13.3,0,0,800,0,19-DEC-2017,
OPTSTK,ACC,25-Jan-2018,1660,PE,24,24,24,24,24,2,13.47,800,800,19-DEC-2017,
OPTSTK,ACC,25-Jan-2018,1680,PE,0,0,0,43.7,23.7,0,0,0,0,19-DEC-2017,
OPTSTK,ACC,25-Jan-2018,1700,PE,0,0,0,54,30.6,0,0,1200,0,19-DEC-2017,
OPTSTK,ACC,25-Jan-2018,1720,PE,0,0,0,57.45,38.8,0,0,0,0,19-DEC-2017,
OPTSTK,ACC,25-Jan-2018,1740,PE,0,0,0,65.25,48.25,0,0,0,0,19-DEC-2017,
OPTSTK,ACC,25-Jan-2018,1760,PE,0,0,0,73.7,59,0,0,0,0,19-DEC-2017,
OPTSTK,ACC,25-Jan-2018,1780,PE,0,0,0,82.8,71,0,0,0,0,19-DEC-2017,
OPTSTK,ACC,25-Jan-2018,1800,PE,100,100,100,100,100,8,60.8,3200,3200,19-DEC-2017,
OPTSTK,ACC,25-Jan-2018,1820,PE,100,100,100,100,100,1,7.68,400,400,19-DEC-2017,
OPTSTK,ACC,25-Jan-2018,1840,PE,0,0,0,113.85,113.7,0,0,0,0,19-DEC-2017,
OPTSTK,ACC,25-Jan-2018,1860,PE,0,0,0,125.45,129.85,0,0,0,0,19-DEC-2017,
OPTSTK,ACC,25-Jan-2018,1880,PE,0,0,0,137.6,146.75,0,0,0,0,19-DEC-2017,
OPTSTK,ACC,25-Jan-2018,1900,PE,0,0,0,150.35,164.25,0,0,0,0,19-DEC-2017,
OPTSTK,ACC,25-Jan-2018,1920,PE,0,0,0,163.65,182.3,0,0,0,0,19-DEC-2017,
OPTSTK,ACC,25-Jan-2018,1940,PE,0,0,0,177.5,200.75,0,0,0,0,19-DEC-2017,
OPTSTK,ACC,25-Jan-2018,1960,PE,0,0,0,191.8,219.6,0,0,0,0,19-DEC-2017,
OPTSTK,ACC,25-Jan-2018,1980,PE,0,0,0,206.7,238.7,0,0,0,0,19-DEC-2017,
OPTSTK,ACC,25-Jan-2018,2000,PE,0,0,0,221.95,258,0,0,0,0,19-DEC-2017,
OPTSTK,ACC,25-Jan-2018,2020,PE,0,0,0,237.55,277.45,0,0,0,0,19-DEC-2017,
OPTSTK,ACC,25-Jan-2018,2040,PE,0,0,0,253.6,297.05,0,0,0,0,19-DEC-2017,
OPTSTK,ACC,22-Feb-2018,1380,CE,0,0,0,310.1,366.35,0,0,0,0,19-DEC-2017,
OPTSTK,ACC,22-Feb-2018,1400,CE,0,0,0,291.2,346.7,0,0,0,0,19-DEC-2017,
OPTSTK,ACC,22-Feb-2018,1420,CE,0,0,0,272.6,327.2,0,0,0,0,19-DEC-2017,
OPTSTK,ACC,22-Feb-2018,1440,CE,0,0,0,254.25,307.8,0,0,0,0,19-DEC-2017,
OPTSTK,ACC,22-Feb-2018,1460,CE,0,0,0,236.3,288.5,0,0,0,0,19-DEC-2017,
OPTSTK,ACC,22-Feb-2018,1480,CE,0,0,0,218.75,269.45,0,0,0,0,19-DEC-2017,
OPTSTK,ACC,22-Feb-2018,1500,CE,0,0,0,201.7,250.65,0,0,0,0,19-DEC-2017,
OPTSTK,ACC,22-Feb-2018,1520,CE,0,0,0,185.25,232.15,0,0,0,0,19-DEC-2017,
OPTSTK,ACC,22-Feb-2018,1540,CE,0,0,0,169.35,214.05,0,0,0,0,19-DEC-2017,
OPTSTK,ACC,22-Feb-2018,1560,CE,0,0,0,154.15,196.4,0,0,0,0,19-DEC-2017,
OPTSTK,ACC,22-Feb-2018,1580,CE,0,0,0,139.7,179.3,0,0,0,0,19-DEC-2017,
OPTSTK,ACC,22-Feb-2018,1600,CE,0,0,0,125.9,162.8,0,0,0,0,19-DEC-2017,
OPTSTK,ACC,22-Feb-2018,1620,CE,0,0,0,113,147,0,0,0,0,19-DEC-2017,
OPTSTK,ACC,22-Feb-2018,1640,CE,0,0,0,100.9,132.05,0,0,0,0,19-DEC-2017,
OPTSTK,ACC,22-Feb-2018,1660,CE,0,0,0,89.7,117.75,0,0,0,0,19-DEC-2017,
OPTSTK,ACC,22-Feb-2018,1680,CE,0,0,0,79.3,104.4,0,0,0,0,19-DEC-2017,
OPTSTK,ACC,22-Feb-2018,1700,CE,0,0,0,69.75,92,0,0,0,0,19-DEC-2017,
OPTSTK,ACC,22-Feb-2018,1720,CE,0,0,0,61.05,80.55,0,0,0,0,19-DEC-2017,
OPTSTK,ACC,22-Feb-2018,1740,CE,0,0,0,53.2,70.1,0,0,0,0,19-DEC-2017,
OPTSTK,ACC,22-Feb-2018,1760,CE,0,0,0,46.1,60.55,0,0,0,0,19-DEC-2017,
OPTSTK,ACC,22-Feb-2018,1780,CE,0,0,0,39.75,51.95,0,0,0,0,19-DEC-2017,
OPTSTK,ACC,22-Feb-2018,1800,CE,0,0,0,34.1,44.3,0,0,0,0,19-DEC-2017,
OPTSTK,ACC,22-Feb-2018,1820,CE,0,0,0,29.2,37.5,0,0,0,0,19-DEC-2017,
OPTSTK,ACC,22-Feb-2018,1840,CE,0,0,0,24.75,31.55,0,0,0,0,19-DEC-2017,
OPTSTK,ACC,22-Feb-2018,1860,CE,0,0,0,20.95,26.45,0,0,0,0,19-DEC-2017,
OPTSTK,ACC,22-Feb-2018,1880,CE,0,0,0,17.6,21.9,0,0,0,0,19-DEC-2017,
OPTSTK,ACC,22-Feb-2018,1900,CE,0,0,0,14.75,18.05,0,0,0,0,19-DEC-2017,
OPTSTK,ACC,22-Feb-2018,1920,CE,0,0,0,12.3,14.8,0,0,0,0,19-DEC-2017,
OPTSTK,ACC,22-Feb-2018,1940,CE,0,0,0,10.2,12,0,0,0,0,19-DEC-2017,
OPTSTK,ACC,22-Feb-2018,1960,CE,0,0,0,8.4,9.7,0,0,0,0,19-DEC-2017,
OPTSTK,ACC,22-Feb-2018,1980,CE,0,0,0,6.9,7.8,0,0,0,0,19-DEC-2017,
OPTSTK,ACC,22-Feb-2018,2000,CE,0,0,0,5.65,6.25,0,0,0,0,19-DEC-2017,
OPTSTK,ACC,22-Feb-2018,2020,CE,0,0,0,4.6,4.95,0,0,0,0,19-DEC-2017,
OPTSTK,ACC,22-Feb-2018,2040,CE,0,0,0,3.75,3.9,0,0,0,0,19-DEC-2017,
OPTSTK,ACC,22-Feb-2018,1380,PE,0,0,0,2.1,0.3,0,0,0,0,19-DEC-2017,
OPTSTK,ACC,22-Feb-2018,1400,PE,0,0,0,2.9,0.45,0,0,0,0,19-DEC-2017,
OPTSTK,ACC,22-Feb-2018,1420,PE,0,0,0,4,0.7,0,0,0,0,19-DEC-2017,
OPTSTK,ACC,22-Feb-2018,1440,PE,0,0,0,5.35,1.05,0,0,0,0,19-DEC-2017,
OPTSTK,ACC,22-Feb-2018,1460,PE,0,0,0,7.1,1.6,0,0,0,0,19-DEC-2017,
OPTSTK,ACC,22-Feb-2018,1480,PE,0,0,0,9.3,2.3,0,0,0,0,19-DEC-2017,
OPTSTK,ACC,22-Feb-2018,1500,PE,0,0,0,11.95,3.25,0,0,0,0,19-DEC-2017,
OPTSTK,ACC,22-Feb-2018,1520,PE,0,0,0,15.2,4.55,0,0,0,0,19-DEC-2017,
OPTSTK,ACC,22-Feb-2018,1540,PE,0,0,0,19,6.2,0,0,0,0,19-DEC-2017,
OPTSTK,ACC,22-Feb-2018,1560,PE,0,0,0,23.5,8.3,0,0,0,0,19-DEC-2017,
OPTSTK,ACC,22-Feb-2018,1580,PE,0,0,0,28.75,11,0,0,0,0,19-DEC-2017,
OPTSTK,ACC,22-Feb-2018,1600,PE,0,0,0,34.7,14.25,0,0,0,0,19-DEC-2017,
OPTSTK,ACC,22-Feb-2018,1620,PE,0,0,0,41.5,18.25,0,0,0,0,19-DEC-2017,
OPTSTK,ACC,22-Feb-2018,1640,PE,0,0,0,49.1,23.05,0,0,0,0,19-DEC-2017,
OPTSTK,ACC,22-Feb-2018,1660,PE,0,0,0,57.6,28.5,0,0,0,0,19-DEC-2017,
OPTSTK,ACC,22-Feb-2018,1680,PE,0,0,0,66.9,34.95,0,0,0,0,19-DEC-2017,
OPTSTK,ACC,22-Feb-2018,1700,PE,0,0,0,77.1,42.35,0,0,0,0,19-DEC-2017,
OPTSTK,ACC,22-Feb-2018,1720,PE,0,0,0,88.1,50.65,0,0,0,0,19-DEC-2017,
OPTSTK,ACC,22-Feb-2018,1740,PE,0,0,0,99.9,59.95,0,0,0,0,19-DEC-2017,
OPTSTK,ACC,22-Feb-2018,1760,PE,0,0,0,112.55,70.2,0,0,0,0,19-DEC-2017,
OPTSTK,ACC,22-Feb-2018,1780,PE,0,0,0,125.9,81.35,0,0,0,0,19-DEC-2017,
OPTSTK,ACC,22-Feb-2018,1800,PE,0,0,0,139.95,93.45,0,0,0,0,19-DEC-2017,
OPTSTK,ACC,22-Feb-2018,1820,PE,0,0,0,154.75,106.45,0,0,0,0,19-DEC-2017,
OPTSTK,ACC,22-Feb-2018,1840,PE,0,0,0,170.05,120.25,0,0,0,0,19-DEC-2017,
OPTSTK,ACC,22-Feb-2018,1860,PE,0,0,0,185.9,134.9,0,0,0,0,19-DEC-2017,
OPTSTK,ACC,22-Feb-2018,1880,PE,0,0,0,202.3,150.15,0,0,0,0,19-DEC-2017,
OPTSTK,ACC,22-Feb-2018,1900,PE,0,0,0,219.15,166.1,0,0,0,0,19-DEC-2017,
OPTSTK,ACC,22-Feb-2018,1920,PE,0,0,0,236.4,182.6,0,0,0,0,19-DEC-2017,
OPTSTK,ACC,22-Feb-2018,1940,PE,0,0,0,254,199.6,0,0,0,0,19-DEC-2017,
OPTSTK,ACC,22-Feb-2018,1960,PE,0,0,0,271.95,217.05,0,0,0,0,19-DEC-2017,
OPTSTK,ACC,22-Feb-2018,1980,PE,0,0,0,290.15,234.95,0,0,0,0,19-DEC-2017,
OPTSTK,ACC,22-Feb-2018,2000,PE,0,0,0,308.6,253.1,0,0,0,0,19-DEC-2017,
OPTSTK,ACC,22-Feb-2018,2020,PE,0,0,0,327.3,271.6,0,0,0,0,19-DEC-2017,
OPTSTK,ACC,22-Feb-2018,2040,PE,0,0,0,346.1,290.35,0,0,0,0,19-DEC-2017,
OPTSTK,ADANIENT,28-Dec-2017,60,CE,0,0,0,56.3,100.5,0,0,0,0,19-DEC-2017,
OPTSTK,ADANIENT,28-Dec-2017,65,CE,0,0,0,51.5,95.5,0,0,0,0,19-DEC-2017,
OPTSTK,ADANIENT,28-Dec-2017,70,CE,0,0,0,46.75,90.55,0,0,0,0,19-DEC-2017,
OPTSTK,ADANIENT,28-Dec-2017,75,CE,0,0,0,42.1,85.55,0,0,0,0,19-DEC-2017,
OPTSTK,ADANIENT,28-Dec-2017,80,CE,0,0,0,37.65,80.55,0,0,0,0,19-DEC-2017,
OPTSTK,ADANIENT,28-Dec-2017,85,CE,0,0,0,33.4,75.55,0,0,0,0,19-DEC-2017,
OPTSTK,ADANIENT,28-Dec-2017,90,CE,0,0,0,29.4,70.55,0,0,0,0,19-DEC-2017,
OPTSTK,ADANIENT,28-Dec-2017,95,CE,0,0,0,25.7,65.55,0,0,0,0,19-DEC-2017,
OPTSTK,ADANIENT,28-Dec-2017,100,CE,0,0,0,22.25,60.6,0,0,0,0,19-DEC-2017,
OPTSTK,ADANIENT,28-Dec-2017,105,CE,0,0,0,19.15,55.6,0,0,0,0,19-DEC-2017,
OPTSTK,ADANIENT,28-Dec-2017,110,CE,0,0,0,16.4,50.6,0,0,0,0,19-DEC-2017,
OPTSTK,ADANIENT,28-Dec-2017,115,CE,0,0,0,13.9,45.6,0,0,0,0,19-DEC-2017,
OPTSTK,ADANIENT,28-Dec-2017,120,CE,0,0,0,11.75,40.6,0,0,0,0,19-DEC-2017,
OPTSTK,ADANIENT,28-Dec-2017,125,CE,0,0,0,9.85,35.6,0,0,0,0,19-DEC-2017,
OPTSTK,ADANIENT,28-Dec-2017,130,CE,30.1,30.1,30.1,30.1,30.1,1,6.4,28000,0,19-DEC-2017,
OPTSTK,ADANIENT,28-Dec-2017,135,CE,0,0,0,24.5,25.7,0,0,36000,0,19-DEC-2017,
OPTSTK,ADANIENT,28-Dec-2017,140,CE,0,0,0,21.2,20.85,0,0,124000,0,19-DEC-2017,
OPTSTK,ADANIENT,28-Dec-2017,145,CE,15,16.25,14.7,16.25,16.25,3,19.23,156000,-8000,19-DEC-2017,
OPTSTK,ADANIENT,28-Dec-2017,150,CE,11.4,12.8,10.5,12.45,12.45,50,323.28,580000,-36000,19-DEC-2017,
OPTSTK,ADANIENT,28-Dec-2017,155,CE,9,9.5,7,8.4,8.4,96,625.96,684000,-68000,19-DEC-2017,
OPTSTK,ADANIENT,28-Dec-2017,160,CE,5.75,6.6,4.4,5.55,5.55,963,6370,2176000,184000,19-DEC-2017,
OPTSTK,ADANIENT,28-Dec-2017,165,CE,3.8,4.45,2.5,3.45,3.45,1006,6777.77,1424000,216000,19-DEC-2017,
OPTSTK,ADANIENT,28-Dec-2017,170,CE,2.45,2.75,1.65,2.05,2.05,686,4722.09,2328000,116000,19-DEC-2017,
OPTSTK,ADANIENT,28-Dec-2017,175,CE,1.85,1.85,0.95,1.2,1.2,151,1064.78,500000,12000,19-DEC-2017,
OPTSTK,ADANIENT,28-Dec-2017,180,CE,1,1.1,0.6,0.7,0.7,251,1815.01,864000,20000,19-DEC-2017,
OPTSTK,ADANIENT,28-Dec-2017,185,CE,0.45,0.7,0.3,0.4,0.4,78,578.64,304000,8000,19-DEC-2017,
OPTSTK,ADANIENT,28-Dec-2017,190,CE,0.45,0.45,0.25,0.25,0.25,38,289.27,448000,-40000,19-DEC-2017,
OPTSTK,ADANIENT,28-Dec-2017,60,PE,0,0,0,0.1,0,0,0,0,0,19-DEC-2017,
OPTSTK,ADANIENT,28-Dec-2017,65,PE,0,0,0,0.2,0,0,0,0,0,19-DEC-2017,
OPTSTK,ADANIENT,28-Dec-2017,70,PE,0,0,0,0.35,0,0,0,0,0,19-DEC-2017,
OPTSTK,ADANIENT,28-Dec-2017,75,PE,0,0,0,0.65,0,0,0,0,0,19-DEC-2017,
OPTSTK,ADANIENT,28-Dec-2017,80,PE,0,0,0,1.1,0,0,0,0,0,19-DEC-2017,
OPTSTK,ADANIENT,28-Dec-2017,85,PE,0,0,0,1.8,0,0,0,0,0,19-DEC-2017,
OPTSTK,ADANIENT,28-Dec-2017,90,PE,0,0,0,2.7,0,0,0,0,0,19-DEC-2017,
OPTSTK,ADANIENT,28-Dec-2017,95,PE,0,0,0,3.9,0,0,0,0,0,19-DEC-2017,
OPTSTK,ADANIENT,28-Dec-2017,100,PE,0.05,0.05,0.05,0.05,0.05,2,8,20000,-8000,19-DEC-2017,
OPTSTK,ADANIENT,28-Dec-2017,105,PE,0,0,0,0.35,0,0,0,8000,0,19-DEC-2017,
OPTSTK,ADANIENT,28-Dec-2017,110,PE,0.1,0.1,0.1,0.1,0.1,1,4.4,88000,4000,19-DEC-2017,
OPTSTK,ADANIENT,28-Dec-2017,115,PE,0.1,0.1,0.1,0.1,0.1,1,4.6,104000,0,19-DEC-2017,
OPTSTK,ADANIENT,28-Dec-2017,120,PE,0.2,0.2,0.1,0.1,0.1,10,48.06,244000,0,19-DEC-2017,
OPTSTK,ADANIENT,28-Dec-2017,125,PE,0.25,0.25,0.2,0.2,0.2,9,45.07,132000,-20000,19-DEC-2017,
OPTSTK,ADANIENT,28-Dec-2017,130,PE,0.45,0.45,0.3,0.35,0.35,45,234.61,424000,-32000,19-DEC-2017,
OPTSTK,ADANIENT,28-Dec-2017,135,PE,0.7,0.7,0.45,0.5,0.5,52,281.95,356000,64000,19-DEC-2017,
OPTSTK,ADANIENT,28-Dec-2017,140,PE,0.95,1,0.6,0.65,0.65,114,641.97,780000,32000,19-DEC-2017,
OPTSTK,ADANIENT,28-Dec-2017,145,PE,1.45,1.5,0.95,1,1,125,730.99,540000,52000,19-DEC-2017,
OPTSTK,ADANIENT,28-Dec-2017,150,PE,2.45,2.65,1.65,1.75,1.75,288,1751.93,992000,88000,19-DEC-2017,
OPTSTK,ADANIENT,28-Dec-2017,155,PE,4.45,5.15,2.7,2.9,2.9,302,1914.11,592000,160000,19-DEC-2017,
OPTSTK,ADANIENT,28-Dec-2017,160,PE,7.75,7.75,4.65,5,5,365,2419.3,804000,208000,19-DEC-2017,
OPTSTK,ADANIENT,28-Dec-2017,165,PE,9.45,10.7,7.5,7.8,7.8,83,575.86,80000,-28000,19-DEC-2017,
OPTSTK,ADANIENT,28-Dec-2017,170,PE,12.35,12.5,11.6,11.6,11.6,3,21.85,52000,-4000,19-DEC-2017,
OPTSTK,ADANIENT,28-Dec-2017,175,PE,0,0,0,38.8,15.35,0,0,4000,0,19-DEC-2017,
OPTSTK,ADANIENT,28-Dec-2017,180,PE,22.2,22.2,20,20,20,2,16.08,20000,0,19-DEC-2017,
OPTSTK,ADANIENT,28-Dec-2017,185,PE,0,0,0,60.5,24.55,0,0,0,0,19-DEC-2017,
OPTSTK,ADANIENT,28-Dec-2017,190,PE,0,0,0,60.55,29.45,0,0,0,0,19-DEC-2017,
OPTSTK,ADANIENT,25-Jan-2018,70,CE,0,0,0,62.15,90.9,0,0,0,0,19-DEC-2017,
OPTSTK,ADANIENT,25-Jan-2018,75,CE,0,0,0,57.25,85.9,0,0,0,0,19-DEC-2017,
OPTSTK,ADANIENT,25-Jan-2018,80,CE,0,0,0,52.4,80.95,0,0,0,0,19-DEC-2017,
OPTSTK,ADANIENT,25-Jan-2018,85,CE,0,0,0,47.65,75.95,0,0,0,0,19-DEC-2017,
OPTSTK,ADANIENT,25-Jan-2018,90,CE,0,0,0,43,71,0,0,0,0,19-DEC-2017,
OPTSTK,ADANIENT,25-Jan-2018,95,CE,0,0,0,38.45,66.05,0,0,0,0,19-DEC-2017,
OPTSTK,ADANIENT,25-Jan-2018,100,CE,0,0,0,34.1,61.1,0,0,0,0,19-DEC-2017,
OPTSTK,ADANIENT,25-Jan-2018,105,CE,0,0,0,30,56.15,0,0,0,0,19-DEC-2017,
OPTSTK,ADANIENT,25-Jan-2018,110,CE,0,0,0,26.15,51.2,0,0,0,0,19-DEC-2017,
OPTSTK,ADANIENT,25-Jan-2018,115,CE,0,0,0,22.6,46.35,0,0,0,0,19-DEC-2017,
OPTSTK,ADANIENT,25-Jan-2018,120,CE,0,0,0,19.4,41.5,0,0,0,0,19-DEC-2017,
OPTSTK,ADANIENT,25-Jan-2018,125,CE,0,0,0,16.5,36.85,0,0,0,0,19-DEC-2017,
OPTSTK,ADANIENT,25-Jan-2018,130,CE,0,0,0,13.9,32.3,0,0,0,0,19-DEC-2017,
OPTSTK,ADANIENT,25-Jan-2018,135,CE,0,0,0,11.65,28,0,0,0,0,19-DEC-2017,
OPTSTK,ADANIENT,25-Jan-2018,140,CE,0,0,0,9.65,23.95,0,0,0,0,19-DEC-2017,
OPTSTK,ADANIENT,25-Jan-2018,145,CE,0,0,0,8,20.25,0,0,0,0,19-DEC-2017,
OPTSTK,ADANIENT,25-Jan-2018,150,CE,0,0,0,12.35,16.85,0,0,4000,0,19-DEC-2017,
OPTSTK,ADANIENT,25-Jan-2018,155,CE,0,0,0,5.35,13.85,0,0,0,0,19-DEC-2017,
OPTSTK,ADANIENT,25-Jan-2018,160,CE,9.65,11.4,9.65,10.9,10.9,11,74.99,56000,44000,19-DEC-2017,
OPTSTK,ADANIENT,25-Jan-2018,165,CE,9,9,8.15,8.15,8.15,2,13.88,8000,4000,19-DEC-2017,
OPTSTK,ADANIENT,25-Jan-2018,170,CE,7.1,7.1,7.1,7.1,7.1,1,7.08,8000,4000,19-DEC-2017,
OPTSTK,ADANIENT,25-Jan-2018,175,CE,0,0,0,2.25,5.55,0,0,0,0,19-DEC-2017,
OPTSTK,ADANIENT,25-Jan-2018,180,CE,3.75,3.75,3.75,3.75,3.75,1,7.35,8000,4000,19-DEC-2017,
OPTSTK,ADANIENT,25-Jan-2018,185,CE,2.55,2.7,2.4,2.7,2.7,5,37.51,28000,8000,19-DEC-2017,
OPTSTK,ADANIENT,25-Jan-2018,190,CE,2.05,2.05,1.95,1.95,1.95,3,23.04,20000,-12000,19-DEC-2017,
OPTSTK,ADANIENT,25-Jan-2018,70,PE,0,0,0,0.05,0,0,0,0,0,19-DEC-2017,
OPTSTK,ADANIENT,25-Jan-2018,75,PE,0,0,0,0.1,0,0,0,0,0,19-DEC-2017,
OPTSTK,ADANIENT,25-Jan-2018,80,PE,0,0,0,0.15,0,0,0,0,0,19-DEC-2017,
OPTSTK,ADANIENT,25-Jan-2018,85,PE,0,0,0,0.3,0,0,0,0,0,19-DEC-2017,
OPTSTK,ADANIENT,25-Jan-2018,90,PE,0,0,0,0.55,0,0,0,0,0,19-DEC-2017,
OPTSTK,ADANIENT,25-Jan-2018,95,PE,0,0,0,0.95,0,0,0,0,0,19-DEC-2017,
OPTSTK,ADANIENT,25-Jan-2018,100,PE,0,0,0,0.3,0.05,0,0,8000,0,19-DEC-2017,
OPTSTK,ADANIENT,25-Jan-2018,105,PE,0,0,0,2.35,0.05,0,0,0,0,19-DEC-2017,
OPTSTK,ADANIENT,25-Jan-2018,110,PE,0,0,0,0.4,0.1,0,0,24000,0,19-DEC-2017,
OPTSTK,ADANIENT,25-Jan-2018,115,PE,0.55,0.55,0.55,0.55,0.55,1,4.62,24000,0,19-DEC-2017,
OPTSTK,ADANIENT,25-Jan-2018,120,PE,0,0,0,0.7,0.35,0,0,12000,0,19-DEC-2017,
OPTSTK,ADANIENT,25-Jan-2018,125,PE,0,0,0,8.5,0.6,0,0,0,0,19-DEC-2017,
OPTSTK,ADANIENT,25-Jan-2018,130,PE,0,0,0,1.7,1.05,0,0,8000,0,19-DEC-2017,
OPTSTK,ADANIENT,25-Jan-2018,135,PE,0,0,0,13.5,1.7,0,0,0,0,19-DEC-2017,
OPTSTK,ADANIENT,25-Jan-2018,140,PE,3.45,3.5,3.45,3.5,3.5,2,11.47,32000,0,19-DEC-2017,
OPTSTK,ADANIENT,25-Jan-2018,145,PE,0,0,0,19.7,3.9,0,0,0,0,19-DEC-2017,
OPTSTK,ADANIENT,25-Jan-2018,150,PE,0,0,0,11.5,5.45,0,0,8000,0,19-DEC-2017,
OPTSTK,ADANIENT,25-Jan-2018,155,PE,0,0,0,26.9,7.45,0,0,0,0,19-DEC-2017,
OPTSTK,ADANIENT,25-Jan-2018,160,PE,0,0,0,30.85,9.8,0,0,0,0,19-DEC-2017,
OPTSTK,ADANIENT,25-Jan-2018,165,PE,0,0,0,34.9,12.5,0,0,0,0,19-DEC-2017,
OPTSTK,ADANIENT,25-Jan-2018,170,PE,0,0,0,39.15,15.6,0,0,0,0,19-DEC-2017,
OPTSTK,ADANIENT,25-Jan-2018,175,PE,0,0,0,43.5,19,0,0,0,0,19-DEC-2017,
OPTSTK,ADANIENT,25-Jan-2018,180,PE,0,0,0,48,22.7,0,0,0,0,19-DEC-2017,
OPTSTK,ADANIENT,25-Jan-2018,185,PE,0,0,0,52.55,26.65,0,0,0,0,19-DEC-2017,
OPTSTK,ADANIENT,25-Jan-2018,190,PE,0,0,0,57.15,30.8,0,0,0,0,19-DEC-2017,
OPTSTK,ADANIENT,22-Feb-2018,85,CE,0,0,0,63.05,76.4,0,0,0,0,19-DEC-2017,
OPTSTK,ADANIENT,22-Feb-2018,90,CE,0,0,0,58.3,71.45,0,0,0,0,19-DEC-2017,
OPTSTK,ADANIENT,22-Feb-2018,95,CE,0,0,0,53.6,66.55,0,0,0,0,19-DEC-2017,
OPTSTK,ADANIENT,22-Feb-2018,100,CE,0,0,0,49.05,61.7,0,0,0,0,19-DEC-2017,
OPTSTK,ADANIENT,22-Feb-2018,105,CE,0,0,0,44.65,56.85,0,0,0,0,19-DEC-2017,
OPTSTK,ADANIENT,22-Feb-2018,110,CE,0,0,0,40.4,52.1,0,0,0,0,19-DEC-2017,
OPTSTK,ADANIENT,22-Feb-2018,115,CE,0,0,0,36.4,47.45,0,0,0,0,19-DEC-2017,
OPTSTK,ADANIENT,22-Feb-2018,120,CE,0,0,0,32.55,42.95,0,0,0,0,19-DEC-2017,
OPTSTK,ADANIENT,22-Feb-2018,125,CE,0,0,0,29,38.6,0,0,0,0,19-DEC-2017,
OPTSTK,ADANIENT,22-Feb-2018,130,CE,0,0,0,25.7,34.45,0,0,0,0,19-DEC-2017,
OPTSTK,ADANIENT,22-Feb-2018,135,CE,0,0,0,22.65,30.5,0,0,0,0,19-DEC-2017,
OPTSTK,ADANIENT,22-Feb-2018,140,CE,0,0,0,19.9,26.85,0,0,0,0,19-DEC-2017,
OPTSTK,ADANIENT,22-Feb-2018,145,CE,0,0,0,17.35,23.45,0,0,0,0,19-DEC-2017,
OPTSTK,ADANIENT,22-Feb-2018,150,CE,0,0,0,15.1,20.35,0,0,0,0,19-DEC-2017,
OPTSTK,ADANIENT,22-Feb-2018,155,CE,0,0,0,13.05,17.5,0,0,0,0,19-DEC-2017,
OPTSTK,ADANIENT,22-Feb-2018,160,CE,0,0,0,11.3,15,0,0,0,0,19-DEC-2017,
OPTSTK,ADANIENT,22-Feb-2018,165,CE,0,0,0,9.7,12.75,0,0,0,0,19-DEC-2017,
OPTSTK,ADANIENT,22-Feb-2018,170,CE,0,0,0,8.3,10.75,0,0,0,0,19-DEC-2017,
OPTSTK,ADANIENT,22-Feb-2018,175,CE,0,0,0,7.1,9.05,0,0,0,0,19-DEC-2017,
OPTSTK,ADANIENT,22-Feb-2018,180,CE,0,0,0,6.05,7.55,0,0,0,0,19-DEC-2017,
OPTSTK,ADANIENT,22-Feb-2018,185,CE,0,0,0,5.15,6.3,0,0,0,0,19-DEC-2017,
OPTSTK,ADANIENT,22-Feb-2018,190,CE,0,0,0,4.35,5.2,0,0,0,0,19-DEC-2017,
OPTSTK,ADANIENT,22-Feb-2018,85,PE,0,0,0,0.2,0.05,0,0,0,0,19-DEC-2017,
OPTSTK,ADANIENT,22-Feb-2018,90,PE,0,0,0,0.4,0.05,0,0,0,0,19-DEC-2017,
OPTSTK,ADANIENT,22-Feb-2018,95,PE,0,0,0,0.65,0.1,0,0,0,0,19-DEC-2017,
OPTSTK,ADANIENT,22-Feb-2018,100,PE,0,0,0,1,0.15,0,0,0,0,19-DEC-2017,
OPTSTK,ADANIENT,22-Feb-2018,105,PE,0,0,0,1.5,0.25,0,0,0,0,19-DEC-2017,
OPTSTK,ADANIENT,22-Feb-2018,110,PE,0,0,0,2.2,0.45,0,0,0,0,19-DEC-2017,
OPTSTK,ADANIENT,22-Feb-2018,115,PE,0,0,0,3.1,0.75,0,0,0,0,19-DEC-2017,
OPTSTK,ADANIENT,22-Feb-2018,120,PE,0,0,0,4.2,1.15,0,0,0,0,19-DEC-2017,
OPTSTK,ADANIENT,22-Feb-2018,125,PE,0,0,0,5.6,1.75,0,0,0,0,19-DEC-2017,
OPTSTK,ADANIENT,22-Feb-2018,130,PE,0,0,0,7.2,2.55,0,0,0,0,19-DEC-2017,
OPTSTK,ADANIENT,22-Feb-2018,135,PE,0,0,0,9.1,3.55,0,0,0,0,19-DEC-2017,
OPTSTK,ADANIENT,22-Feb-2018,140,PE,0,0,0,11.25,4.85,0,0,0,0,19-DEC-2017,
OPTSTK,ADANIENT,22-Feb-2018,145,PE,0,0,0,13.65,6.4,0,0,0,0,19-DEC-2017,
OPTSTK,ADANIENT,22-Feb-2018,150,PE,0,0,0,16.3,8.2,0,0,0,0,19-DEC-2017,
OPTSTK,ADANIENT,22-Feb-2018,155,PE,0,0,0,19.2,10.35,0,0,0,0,19-DEC-2017,
OPTSTK,ADANIENT,22-Feb-2018,160,PE,0,0,0,22.35,12.75,0,0,0,0,19-DEC-2017,
OPTSTK,ADANIENT,22-Feb-2018,165,PE,0,0,0,25.7,15.45,0,0,0,0,19-DEC-2017,
OPTSTK,ADANIENT,22-Feb-2018,170,PE,0,0,0,29.25,18.45,0,0,0,0,19-DEC-2017,
OPTSTK,ADANIENT,22-Feb-2018,175,PE,0,0,0,32.95,21.65,0,0,0,0,19-DEC-2017,
OPTSTK,ADANIENT,22-Feb-2018,180,PE,0,0,0,36.8,25.1,0,0,0,0,19-DEC-2017,
OPTSTK,ADANIENT,22-Feb-2018,185,PE,0,0,0,40.85,28.8,0,0,0,0,19-DEC-2017,
OPTSTK,ADANIENT,22-Feb-2018,190,PE,0,0,0,45,32.65,0,0,0,0,19-DEC-2017,
OPTSTK,ADANIPORTS,28-Dec-2017,230,CE,0,0,0,145.7,176.2,0,0,0,0,19-DEC-2017,
OPTSTK,ADANIPORTS,28-Dec-2017,240,CE,0,0,0,135.9,166.2,0,0,0,0,19-DEC-2017,
OPTSTK,ADANIPORTS,28-Dec-2017,250,CE,0,0,0,126.15,156.2,0,0,0,0,19-DEC-2017,
OPTSTK,ADANIPORTS,28-Dec-2017,260,CE,0,0,0,116.45,146.2,0,0,0,0,19-DEC-2017,
OPTSTK,ADANIPORTS,28-Dec-2017,270,CE,0,0,0,106.9,136.25,0,0,0,0,19-DEC-2017,
OPTSTK,ADANIPORTS,28-Dec-2017,280,CE,0,0,0,97.5,126.25,0,0,0,0,19-DEC-2017,
OPTSTK,ADANIPORTS,28-Dec-2017,290,CE,0,0,0,88.35,116.25,0,0,0,0,19-DEC-2017,
OPTSTK,ADANIPORTS,28-Dec-2017,300,CE,0,0,0,79.45,106.3,0,0,0,0,19-DEC-2017,
OPTSTK,ADANIPORTS,28-Dec-2017,310,CE,0,0,0,70.95,96.3,0,0,0,0,19-DEC-2017,
OPTSTK,ADANIPORTS,28-Dec-2017,320,CE,0,0,0,62.8,86.3,0,0,0,0,19-DEC-2017,
OPTSTK,ADANIPORTS,28-Dec-2017,330,CE,0,0,0,55.2,76.35,0,0,0,0,19-DEC-2017,
OPTSTK,ADANIPORTS,28-Dec-2017,340,CE,0,0,0,48.1,66.35,0,0,0,0,19-DEC-2017,
OPTSTK,ADANIPORTS,28-Dec-2017,350,CE,0,0,0,51.35,56.35,0,0,7500,0,19-DEC-2017,
OPTSTK,ADANIPORTS,28-Dec-2017,360,CE,0,0,0,38.85,46.4,0,0,2500,0,19-DEC-2017,
OPTSTK,ADANIPORTS,28-Dec-2017,370,CE,0,0,0,33.1,36.5,0,0,17500,0,19-DEC-2017,
OPTSTK,ADANIPORTS,28-Dec-2017,380,CE,25.3,25.3,25.3,25.3,25.3,1,10.13,62500,-2500,19-DEC-2017,
OPTSTK,ADANIPORTS,28-Dec-2017,390,CE,20,20,18.1,18.1,18.1,4,40.92,137500,-2500,19-DEC-2017,
OPTSTK,ADANIPORTS,28-Dec-2017,400,CE,13.9,15,9.7,11.95,11.95,81,834.24,497500,-7500,19-DEC-2017,
OPTSTK,ADANIPORTS,28-Dec-2017,410,CE,8.3,9.25,5.7,6.9,6.9,380,3963.22,775000,127500,19-DEC-2017,
OPTSTK,ADANIPORTS,28-Dec-2017,420,CE,5,5.5,3.15,3.8,3.8,446,4727.47,897500,40000,19-DEC-2017,
OPTSTK,ADANIPORTS,28-Dec-2017,430,CE,3.35,3.35,1.75,2.05,2.05,263,2841.32,672500,-67500,19-DEC-2017,
OPTSTK,ADANIPORTS,28-Dec-2017,440,CE,1.9,1.9,1.05,1.2,1.2,148,1632.68,582500,42500,19-DEC-2017,
OPTSTK,ADANIPORTS,28-Dec-2017,450,CE,1.25,1.3,0.65,0.75,0.75,94,1059.36,305000,-107500,19-DEC-2017,
OPTSTK,ADANIPORTS,28-Dec-2017,460,CE,0.6,0.6,0.4,0.45,0.45,35,402.94,227500,-7500,19-DEC-2017,
OPTSTK,ADANIPORTS,28-Dec-2017,470,CE,0.4,0.4,0.3,0.3,0.3,9,105.82,97500,-7500,19-DEC-2017,
OPTSTK,ADANIPORTS,28-Dec-2017,480,CE,0.25,0.3,0.25,0.3,0.3,4,48.02,50000,-5000,19-DEC-2017,
OPTSTK,ADANIPORTS,28-Dec-2017,490,CE,0.35,0.35,0.2,0.2,0.2,3,36.77,17500,0,19-DEC-2017,
OPTSTK,ADANIPORTS,28-Dec-2017,500,CE,0.2,0.2,0.15,0.15,0.15,3,37.51,25000,-2500,19-DEC-2017,
OPTSTK,ADANIPORTS,28-Dec-2017,510,CE,0,0,0,1.5,0,0,0,0,0,19-DEC-2017,
OPTSTK,ADANIPORTS,28-Dec-2017,520,CE,0,0,0,1.15,0,0,0,0,0,19-DEC-2017,
OPTSTK,ADANIPORTS,28-Dec-2017,530,CE,0,0,0,0.9,0,0,0,0,0,19-DEC-2017,
OPTSTK,ADANIPORTS,28-Dec-2017,230,PE,0,0,0,0.05,0,0,0,0,0,19-DEC-2017,
OPTSTK,ADANIPORTS,28-Dec-2017,240,PE,0,0,0,0.1,0,0,0,0,0,19-DEC-2017,
OPTSTK,ADANIPORTS,28-Dec-2017,250,PE,0,0,0,0.2,0,0,0,0,0,19-DEC-2017,
OPTSTK,ADANIPORTS,28-Dec-2017,260,PE,0,0,0,0.4,0,0,0,0,0,19-DEC-2017,
OPTSTK,ADANIPORTS,28-Dec-2017,270,PE,0,0,0,0.65,0,0,0,0,0,19-DEC-2017,
OPTSTK,ADANIPORTS,28-Dec-2017,280,PE,0,0,0,1.1,0,0,0,0,0,19-DEC-2017,
OPTSTK,ADANIPORTS,28-Dec-2017,290,PE,0,0,0,0.5,0,0,0,12500,0,19-DEC-2017,
OPTSTK,ADANIPORTS,28-Dec-2017,300,PE,0,0,0,0.8,0,0,0,2500,0,19-DEC-2017,
OPTSTK,ADANIPORTS,28-Dec-2017,310,PE,0,0,0,0.6,0,0,0,5000,0,19-DEC-2017,
OPTSTK,ADANIPORTS,28-Dec-2017,320,PE,0,0,0,0.1,0,0,0,30000,0,19-DEC-2017,
OPTSTK,ADANIPORTS,28-Dec-2017,330,PE,0,0,0,0.2,0,0,0,22500,0,19-DEC-2017,
OPTSTK,ADANIPORTS,28-Dec-2017,340,PE,0.25,0.25,0.25,0.25,0.25,1,8.5,75000,0,19-DEC-2017,
OPTSTK,ADANIPORTS,28-Dec-2017,350,PE,0.35,0.5,0.25,0.25,0.25,9,78.82,202500,-7500,19-DEC-2017,
OPTSTK,ADANIPORTS,28-Dec-2017,360,PE,0.5,0.5,0.4,0.4,0.4,16,144.18,167500,-15000,19-DEC-2017,
OPTSTK,ADANIPORTS,28-Dec-2017,370,PE,1,1.05,0.7,0.7,0.7,50,463.62,207500,-12500,19-DEC-2017,
OPTSTK,ADANIPORTS,28-Dec-2017,380,PE,1.7,2.1,1.3,1.35,1.35,80,763.33,265000,15000,19-DEC-2017,
OPTSTK,ADANIPORTS,28-Dec-2017,390,PE,3.15,4.1,2.75,2.8,2.8,142,1395.88,282500,17500,19-DEC-2017,
OPTSTK,ADANIPORTS,28-Dec-2017,400,PE,6,7.7,5.4,5.55,5.55,248,2518.99,510000,50000,19-DEC-2017,
OPTSTK,ADANIPORTS,28-Dec-2017,410,PE,10.05,13.4,9.9,10.2,10.2,90,947.28,240000,-27500,19-DEC-2017,
OPTSTK,ADANIPORTS,28-Dec-2017,420,PE,17.9,17.9,17.9,17.9,17.9,1,10.94,42500,-2500,19-DEC-2017,
OPTSTK,ADANIPORTS,28-Dec-2017,430,PE,0,0,0,20.5,24.45,0,0,5000,0,19-DEC-2017,
OPTSTK,ADANIPORTS,28-Dec-2017,440,PE,0,0,0,45,33.8,0,0,5000,0,19-DEC-2017,
OPTSTK,ADANIPORTS,28-Dec-2017,450,PE,0,0,0,49.4,43.6,0,0,2500,0,19-DEC-2017,
OPTSTK,ADANIPORTS,28-Dec-2017,460,PE,0,0,0,85.8,53.5,0,0,0,0,19-DEC-2017,
OPTSTK,ADANIPORTS,28-Dec-2017,470,PE,0,0,0,94.6,63.5,0,0,0,0,19-DEC-2017,
OPTSTK,ADANIPORTS,28-Dec-2017,480,PE,0,0,0,75.6,73.45,0,0,2500,0,19-DEC-2017,
OPTSTK,ADANIPORTS,28-Dec-2017,490,PE,0,0,0,112.8,83.45,0,0,0,0,19-DEC-2017,
OPTSTK,ADANIPORTS,28-Dec-2017,500,PE,0,0,0,122.1,93.45,0,0,0,0,19-DEC-2017,
OPTSTK,ADANIPORTS,28-Dec-2017,510,PE,0,0,0,131.5,103.45,0,0,0,0,19-DEC-2017,
OPTSTK,ADANIPORTS,28-Dec-2017,520,PE,0,0,0,141,113.4,0,0,0,0,19-DEC-2017,
OPTSTK,ADANIPORTS,28-Dec-2017,530,PE,0,0,0,150.6,123.4,0,0,0,0,19-DEC-2017,
OPTSTK,ADANIPORTS,25-Jan-2018,230,CE,0,0,0,187.95,177.3,0,0,0,0,19-DEC-2017,
OPTSTK,ADANIPORTS,25-Jan-2018,240,CE,0,0,0,178.1,167.4,0,0,0,0,19-DEC-2017,
OPTSTK,ADANIPORTS,25-Jan-2018,250,CE,0,0,0,168.25,157.45,0,0,0,0,19-DEC-2017,
OPTSTK,ADANIPORTS,25-Jan-2018,260,CE,0,0,0,158.4,147.5,0,0,0,0,19-DEC-2017,
OPTSTK,ADANIPORTS,25-Jan-2018,270,CE,0,0,0,148.55,137.6,0,0,0,0,19-DEC-2017,
OPTSTK,ADANIPORTS,25-Jan-2018,280,CE,0,0,0,138.75,127.65,0,0,0,0,19-DEC-2017,
OPTSTK,ADANIPORTS,25-Jan-2018,290,CE,0,0,0,128.9,117.7,0,0,0,0,19-DEC-2017,
OPTSTK,ADANIPORTS,25-Jan-2018,300,CE,0,0,0,119.1,107.75,0,0,0,0,19-DEC-2017,
OPTSTK,ADANIPORTS,25-Jan-2018,310,CE,0,0,0,109.35,97.85,0,0,0,0,19-DEC-2017,
OPTSTK,ADANIPORTS,25-Jan-2018,320,CE,0,0,0,99.7,87.95,0,0,0,0,19-DEC-2017,
OPTSTK,ADANIPORTS,25-Jan-2018,330,CE,0,0,0,90.2,78.05,0,0,0,0,19-DEC-2017,
OPTSTK,ADANIPORTS,25-Jan-2018,340,CE,0,0,0,80.85,68.3,0,0,0,0,19-DEC-2017,
OPTSTK,ADANIPORTS,25-Jan-2018,350,CE,0,0,0,71.8,58.7,0,0,0,0,19-DEC-2017,
OPTSTK,ADANIPORTS,25-Jan-2018,360,CE,0,0,0,63.1,49.45,0,0,0,0,19-DEC-2017,
OPTSTK,ADANIPORTS,25-Jan-2018,370,CE,0,0,0,54.85,40.65,0,0,0,0,19-DEC-2017,
OPTSTK,ADANIPORTS,25-Jan-2018,380,CE,0,0,0,47.1,32.55,0,0,0,0,19-DEC-2017,
OPTSTK,ADANIPORTS,25-Jan-2018,390,CE,0,0,0,39.95,25.3,0,0,0,0,19-DEC-2017,
OPTSTK,ADANIPORTS,25-Jan-2018,400,CE,22,22,22,22,22,1,10.55,2500,2500,19-DEC-2017,
OPTSTK,ADANIPORTS,25-Jan-2018,410,CE,16,16,15.05,15.95,15.95,8,85.15,17500,17500,19-DEC-2017,
OPTSTK,ADANIPORTS,25-Jan-2018,420,CE,0,0,0,22.65,9.8,0,0,0,0,19-DEC-2017,
OPTSTK,ADANIPORTS,25-Jan-2018,430,CE,8.55,8.55,8.55,8.55,8.55,4,43.85,10000,10000,19-DEC-2017,
OPTSTK,ADANIPORTS,25-Jan-2018,440,CE,0,0,0,8,4.4,0,0,2500,0,19-DEC-2017,
OPTSTK,ADANIPORTS,25-Jan-2018,450,CE,3.1,3.1,3.1,3.1,3.1,2,22.65,5000,5000,19-DEC-2017,
OPTSTK,ADANIPORTS,25-Jan-2018,460,CE,0,0,0,8.9,1.75,0,0,0,0,19-DEC-2017,
OPTSTK,ADANIPORTS,25-Jan-2018,470,CE,0,0,0,6.85,1.05,0,0,0,0,19-DEC-2017,
OPTSTK,ADANIPORTS,25-Jan-2018,480,CE,0,0,0,5.2,0.6,0,0,0,0,19-DEC-2017,
OPTSTK,ADANIPORTS,25-Jan-2018,490,CE,0,0,0,3.9,0.35,0,0,0,0,19-DEC-2017,
OPTSTK,ADANIPORTS,25-Jan-2018,500,CE,0,0,0,2.9,0.2,0,0,0,0,19-DEC-2017,
OPTSTK,ADANIPORTS,25-Jan-2018,510,CE,0,0,0,2.15,0.1,0,0,0,0,19-DEC-2017,
OPTSTK,ADANIPORTS,25-Jan-2018,520,CE,0,0,0,1.55,0.05,0,0,0,0,19-DEC-2017,
OPTSTK,ADANIPORTS,25-Jan-2018,530,CE,0,0,0,1.15,0.05,0,0,0,0,19-DEC-2017,
OPTSTK,ADANIPORTS,25-Jan-2018,230,PE,0,0,0,0.05,0,0,0,0,0,19-DEC-2017,
OPTSTK,ADANIPORTS,25-Jan-2018,240,PE,0,0,0,0.05,0,0,0,0,0,19-DEC-2017,
OPTSTK,ADANIPORTS,25-Jan-2018,250,PE,0,0,0,0.05,0,0,0,0,0,19-DEC-2017,
OPTSTK,ADANIPORTS,25-Jan-2018,260,PE,0,0,0,0.05,0,0,0,0,0,19-DEC-2017,
OPTSTK,ADANIPORTS,25-Jan-2018,270,PE,0,0,0,0.05,0,0,0,0,0,19-DEC-2017,
OPTSTK,ADANIPORTS,25-Jan-2018,280,PE,0,0,0,0.05,0,0,0,0,0,19-DEC-2017,
OPTSTK,ADANIPORTS,25-Jan-2018,290,PE,0,0,0,0.05,0,0,0,0,0,19-DEC-2017,
OPTSTK,ADANIPORTS,25-Jan-2018,300,PE,0,0,0,0.1,0,0,0,0,0,19-DEC-2017,
OPTSTK,ADANIPORTS,25-Jan-2018,310,PE,0,0,0,0.2,0.05,0,0,0,0,19-DEC-2017,
OPTSTK,ADANIPORTS,25-Jan-2018,320,PE,0,0,0,0.4,0.05,0,0,0,0,19-DEC-2017,
OPTSTK,ADANIPORTS,25-Jan-2018,330,PE,0,0,0,0.7,0.1,0,0,0,0,19-DEC-2017,
OPTSTK,ADANIPORTS,25-Jan-2018,340,PE,0,0,0,1.2,0.3,0,0,0,0,19-DEC-2017,
OPTSTK,ADANIPORTS,25-Jan-2018,350,PE,2.2,2.2,2.2,2.2,2.2,4,35.22,22500,10000,19-DEC-2017,
OPTSTK,ADANIPORTS,25-Jan-2018,360,PE,3.15,3.15,3.1,3.1,3.1,2,18.15,7500,2500,19-DEC-2017,
OPTSTK,ADANIPORTS,25-Jan-2018,370,PE,0,0,0,4.75,2.45,0,0,0,0,19-DEC-2017,
OPTSTK,ADANIPORTS,25-Jan-2018,380,PE,5,5,5,5,5,1,9.62,5000,2500,19-DEC-2017,
OPTSTK,ADANIPORTS,25-Jan-2018,390,PE,0,0,0,7.3,6.95,0,0,15000,0,19-DEC-2017,
OPTSTK,ADANIPORTS,25-Jan-2018,400,PE,14,14,13.25,13.35,13.35,5,51.68,20000,12500,19-DEC-2017,
OPTSTK,ADANIPORTS,25-Jan-2018,410,PE,17.5,17.75,17.5,17.5,17.5,3,32.06,7500,7500,19-DEC-2017,
OPTSTK,ADANIPORTS,25-Jan-2018,420,PE,24.05,24.05,23.15,23.15,23.15,3,33.28,17500,7500,19-DEC-2017,
OPTSTK,ADANIPORTS,25-Jan-2018,430,PE,31,31,31,31,31,3,34.57,7500,7500,19-DEC-2017,
OPTSTK,ADANIPORTS,25-Jan-2018,440,PE,0,0,0,33.35,35.75,0,0,0,0,19-DEC-2017,
OPTSTK,ADANIPORTS,25-Jan-2018,450,PE,0,0,0,40.1,44.1,0,0,0,0,19-DEC-2017,
OPTSTK,ADANIPORTS,25-Jan-2018,460,PE,0,0,0,47.4,52.95,0,0,0,0,19-DEC-2017,
OPTSTK,ADANIPORTS,25-Jan-2018,470,PE,0,0,0,55.15,62.2,0,0,0,0,19-DEC-2017,
OPTSTK,ADANIPORTS,25-Jan-2018,480,PE,0,0,0,63.35,71.7,0,0,0,0,19-DEC-2017,
OPTSTK,ADANIPORTS,25-Jan-2018,490,PE,0,0,0,71.9,81.35,0,0,0,0,19-DEC-2017,
OPTSTK,ADANIPORTS,25-Jan-2018,500,PE,0,0,0,80.75,91.15,0,0,0,0,19-DEC-2017,
OPTSTK,ADANIPORTS,25-Jan-2018,510,PE,0,0,0,89.85,101,0,0,0,0,19-DEC-2017,
OPTSTK,ADANIPORTS,25-Jan-2018,520,PE,0,0,0,99.1,110.9,0,0,0,0,19-DEC-2017,
OPTSTK,ADANIPORTS,25-Jan-2018,530,PE,0,0,0,108.5,120.8,0,0,0,0,19-DEC-2017,
OPTSTK,ADANIPORTS,22-Feb-2018,230,CE,0,0,0,171.35,178.45,0,0,0,0,19-DEC-2017,
OPTSTK,ADANIPORTS,22-Feb-2018,240,CE,0,0,0,161.5,168.55,0,0,0,0,19-DEC-2017,
OPTSTK,ADANIPORTS,22-Feb-2018,250,CE,0,0,0,151.65,158.65,0,0,0,0,19-DEC-2017,
OPTSTK,ADANIPORTS,22-Feb-2018,260,CE,0,0,0,141.85,148.8,0,0,0,0,19-DEC-2017,
OPTSTK,ADANIPORTS,22-Feb-2018,270,CE,0,0,0,132,138.9,0,0,0,0,19-DEC-2017,
OPTSTK,ADANIPORTS,22-Feb-2018,280,CE,0,0,0,122.2,129,0,0,0,0,19-DEC-2017,
OPTSTK,ADANIPORTS,22-Feb-2018,290,CE,0,0,0,112.45,119.15,0,0,0,0,19-DEC-2017,
OPTSTK,ADANIPORTS,22-Feb-2018,300,CE,0,0,0,102.8,109.3,0,0,0,0,19-DEC-2017,
OPTSTK,ADANIPORTS,22-Feb-2018,310,CE,0,0,0,93.25,99.5,0,0,0,0,19-DEC-2017,
OPTSTK,ADANIPORTS,22-Feb-2018,320,CE,0,0,0,83.95,89.75,0,0,0,0,19-DEC-2017,
OPTSTK,ADANIPORTS,22-Feb-2018,330,CE,0,0,0,74.9,80.15,0,0,0,0,19-DEC-2017,
OPTSTK,ADANIPORTS,22-Feb-2018,340,CE,0,0,0,66.15,70.8,0,0,0,0,19-DEC-2017,
OPTSTK,ADANIPORTS,22-Feb-2018,350,CE,0,0,0,57.9,61.7,0,0,0,0,19-DEC-2017,
OPTSTK,ADANIPORTS,22-Feb-2018,360,CE,0,0,0,50.1,53.05,0,0,0,0,19-DEC-2017,
OPTSTK,ADANIPORTS,22-Feb-2018,370,CE,0,0,0,42.9,44.95,0,0,0,0,19-DEC-2017,
OPTSTK,ADANIPORTS,22-Feb-2018,380,CE,0,0,0,36.3,37.5,0,0,0,0,19-DEC-2017,
OPTSTK,ADANIPORTS,22-Feb-2018,390,CE,0,0,0,30.4,30.7,0,0,0,0,19-DEC-2017,
OPTSTK,ADANIPORTS,22-Feb-2018,400,CE,0,0,0,25.15,24.75,0,0,0,0,19-DEC-2017,
OPTSTK,ADANIPORTS,22-Feb-2018,410,CE,0,0,0,20.6,19.6,0,0,0,0,19-DEC-2017,
OPTSTK,ADANIPORTS,22-Feb-2018,420,CE,0,0,0,16.7,15.25,0,0,0,0,19-DEC-2017,
OPTSTK,ADANIPORTS,22-Feb-2018,430,CE,0,0,0,13.35,11.65,0,0,0,0,19-DEC-2017,
OPTSTK,ADANIPORTS,22-Feb-2018,440,CE,0,0,0,10.6,8.75,0,0,0,0,19-DEC-2017,
OPTSTK,ADANIPORTS,22-Feb-2018,450,CE,0,0,0,8.3,6.5,0,0,0,0,19-DEC-2017,
OPTSTK,ADANIPORTS,22-Feb-2018,460,CE,0,0,0,6.45,4.7,0,0,0,0,19-DEC-2017,
OPTSTK,ADANIPORTS,22-Feb-2018,470,CE,0,0,0,4.95,3.4,0,0,0,0,19-DEC-2017,
OPTSTK,ADANIPORTS,22-Feb-2018,480,CE,0,0,0,3.8,2.4,0,0,0,0,19-DEC-2017,
OPTSTK,ADANIPORTS,22-Feb-2018,490,CE,0,0,0,2.85,1.65,0,0,0,0,19-DEC-2017,
OPTSTK,ADANIPORTS,22-Feb-2018,500,CE,0,0,0,2.15,1.15,0,0,0,0,19-DEC-2017,
OPTSTK,ADANIPORTS,22-Feb-2018,510,CE,0,0,0,1.6,0.75,0,0,0,0,19-DEC-2017,
OPTSTK,ADANIPORTS,22-Feb-2018,520,CE,0,0,0,1.2,0.5,0,0,0,0,19-DEC-2017,
OPTSTK,ADANIPORTS,22-Feb-2018,530,CE,0,0,0,0.85,0.35,0,0,0,0,19-DEC-2017,
OPTSTK,ADANIPORTS,22-Feb-2018,230,PE,0,0,0,0.05,0,0,0,0,0,19-DEC-2017,
OPTSTK,ADANIPORTS,22-Feb-2018,240,PE,0,0,0,0.05,0,0,0,0,0,19-DEC-2017,
OPTSTK,ADANIPORTS,22-Feb-2018,250,PE,0,0,0,0.05,0,0,0,0,0,19-DEC-2017,
OPTSTK,ADANIPORTS,22-Feb-2018,260,PE,0,0,0,0.05,0,0,0,0,0,19-DEC-2017,
OPTSTK,ADANIPORTS,22-Feb-2018,270,PE,0,0,0,0.05,0,0,0,0,0,19-DEC-2017,
OPTSTK,ADANIPORTS,22-Feb-2018,280,PE,0,0,0,0.1,0.05,0,0,0,0,19-DEC-2017,
OPTSTK,ADANIPORTS,22-Feb-2018,290,PE,0,0,0,0.25,0.05,0,0,0,0,19-DEC-2017,
OPTSTK,ADANIPORTS,22-Feb-2018,300,PE,0,0,0,0.4,0.1,0,0,0,0,19-DEC-2017,
OPTSTK,ADANIPORTS,22-Feb-2018,310,PE,0,0,0,0.75,0.15,0,0,0,0,19-DEC-2017,
OPTSTK,ADANIPORTS,22-Feb-2018,320,PE,0,0,0,1.25,0.3,0,0,0,0,19-DEC-2017,
OPTSTK,ADANIPORTS,22-Feb-2018,330,PE,0,0,0,2.05,0.6,0,0,0,0,19-DEC-2017,
OPTSTK,ADANIPORTS,22-Feb-2018,340,PE,0,0,0,3.2,1.1,0,0,0,0,19-DEC-2017,
OPTSTK,ADANIPORTS,22-Feb-2018,350,PE,0,0,0,4.8,1.95,0,0,0,0,19-DEC-2017,
OPTSTK,ADANIPORTS,22-Feb-2018,360,PE,0,0,0,6.85,3.15,0,0,0,0,19-DEC-2017,
OPTSTK,ADANIPORTS,22-Feb-2018,370,PE,0,0,0,9.5,4.95,0,0,0,0,19-DEC-2017,
OPTSTK,ADANIPORTS,22-Feb-2018,380,PE,0,0,0,12.75,7.35,0,0,0,0,19-DEC-2017,
OPTSTK,ADANIPORTS,22-Feb-2018,390,PE,0,0,0,16.7,10.5,0,0,0,0,19-DEC-2017,
OPTSTK,ADANIPORTS,22-Feb-2018,400,PE,0,0,0,21.35,14.4,0,0,0,0,19-DEC-2017,
OPTSTK,ADANIPORTS,22-Feb-2018,410,PE,0,0,0,26.6,19.15,0,0,0,0,19-DEC-2017,
OPTSTK,ADANIPORTS,22-Feb-2018,420,PE,0,0,0,32.55,24.65,0,0,0,0,19-DEC-2017,
OPTSTK,ADANIPORTS,22-Feb-2018,430,PE,0,0,0,39.1,30.95,0,0,0,0,19-DEC-2017,
OPTSTK,ADANIPORTS,22-Feb-2018,440,PE,0,0,0,46.15,37.95,0,0,0,0,19-DEC-2017,
OPTSTK,ADANIPORTS,22-Feb-2018,450,PE,0,0,0,53.75,45.55,0,0,0,0,19-DEC-2017,
OPTSTK,ADANIPORTS,22-Feb-2018,460,PE,0,0,0,61.75,53.65,0,0,0,0,19-DEC-2017,
OPTSTK,ADANIPORTS,22-Feb-2018,470,PE,0,0,0,70.1,62.2,0,0,0,0,19-DEC-2017,
OPTSTK,ADANIPORTS,22-Feb-2018,480,PE,0,0,0,78.8,71.1,0,0,0,0,19-DEC-2017,
OPTSTK,ADANIPORTS,22-Feb-2018,490,PE,0,0,0,87.7,80.25,0,0,0,0,19-DEC-2017,
OPTSTK,ADANIPORTS,22-Feb-2018,500,PE,0,0,0,96.85,89.65,0,0,0,0,19-DEC-2017,
OPTSTK,ADANIPORTS,22-Feb-2018,510,PE,0,0,0,106.15,99.15,0,0,0,0,19-DEC-2017,
OPTSTK,ADANIPORTS,22-Feb-2018,520,PE,0,0,0,115.6,108.8,0,0,0,0,19-DEC-2017,
OPTSTK,ADANIPORTS,22-Feb-2018,530,PE,0,0,0,125.15,118.5,0,0,0,0,19-DEC-2017,
OPTSTK,ADANIPOWER,28-Dec-2017,15,CE,0,0,0,14.55,20.45,0,0,0,0,19-DEC-2017,
OPTSTK,ADANIPOWER,28-Dec-2017,17.5,CE,0,0,0,12.2,17.95,0,0,0,0,19-DEC-2017,
OPTSTK,ADANIPOWER,28-Dec-2017,20,CE,0,0,0,9.9,15.45,0,0,0,0,19-DEC-2017,
OPTSTK,ADANIPOWER,28-Dec-2017,22.5,CE,0,0,0,7.85,12.95,0,0,0,0,19-DEC-2017,
OPTSTK,ADANIPOWER,28-Dec-2017,25,CE,0,0,0,6.05,10.45,0,0,0,0,19-DEC-2017,
OPTSTK,ADANIPOWER,28-Dec-2017,27.5,CE,0,0,0,4.55,7.95,0,0,0,0,19-DEC-2017,
OPTSTK,ADANIPOWER,28-Dec-2017,30,CE,0,0,0,5.2,5.45,0,0,220000,0,19-DEC-2017,
OPTSTK,ADANIPOWER,28-Dec-2017,32.5,CE,2.9,3.55,2.9,3.15,3.15,17,121.72,2920000,280000,19-DEC-2017,
OPTSTK,ADANIPOWER,28-Dec-2017,35,CE,1.75,1.8,1.05,1.25,1.25,246,1788.6,5240000,500000,19-DEC-2017,
OPTSTK,ADANIPOWER,28-Dec-2017,37.5,CE,0.8,0.85,0.45,0.55,0.55,478,3643.25,10340000,1240000,19-DEC-2017,
OPTSTK,ADANIPOWER,28-Dec-2017,40,CE,0.4,0.45,0.2,0.25,0.25,577,4649.56,13060000,20000,19-DEC-2017,
OPTSTK,ADANIPOWER,28-Dec-2017,42.5,CE,0.15,0.15,0.05,0.1,0.1,98,835.26,3520000,540000,19-DEC-2017,
OPTSTK,ADANIPOWER,28-Dec-2017,45,CE,0.1,0.1,0.05,0.05,0.05,72,648.75,3520000,-120000,19-DEC-2017,
OPTSTK,ADANIPOWER,28-Dec-2017,47.5,CE,0.05,0.05,0.05,0.05,0.05,5,47.55,1160000,40000,19-DEC-2017,
OPTSTK,ADANIPOWER,28-Dec-2017,50,CE,0,0,0,0.05,0,0,0,2780000,0,19-DEC-2017,
OPTSTK,ADANIPOWER,28-Dec-2017,52.5,CE,0.05,0.05,0.05,0.05,0.05,1,10.51,120000,20000,19-DEC-2017,
OPTSTK,ADANIPOWER,28-Dec-2017,15,PE,0,0,0,0.05,0,0,0,0,0,19-DEC-2017,
OPTSTK,ADANIPOWER,28-Dec-2017,17.5,PE,0,0,0,0.1,0,0,0,0,0,19-DEC-2017,
OPTSTK,ADANIPOWER,28-Dec-2017,20,PE,0,0,0,0.3,0,0,0,0,0,19-DEC-2017,
OPTSTK,ADANIPOWER,28-Dec-2017,22.5,PE,0,0,0,0.05,0,0,0,80000,0,19-DEC-2017,
OPTSTK,ADANIPOWER,28-Dec-2017,25,PE,0,0,0,0.05,0,0,0,600000,0,19-DEC-2017,
OPTSTK,ADANIPOWER,28-Dec-2017,27.5,PE,0.05,0.1,0.05,0.05,0.05,15,82.66,1080000,-100000,19-DEC-2017,
OPTSTK,ADANIPOWER,28-Dec-2017,30,PE,0.15,0.2,0.1,0.1,0.1,45,271.3,2820000,-320000,19-DEC-2017,
OPTSTK,ADANIPOWER,28-Dec-2017,32.5,PE,0.3,0.35,0.25,0.3,0.3,69,452.46,3080000,160000,19-DEC-2017,
OPTSTK,ADANIPOWER,28-Dec-2017,35,PE,0.75,1,0.65,0.8,0.8,91,652.02,4040000,200000,19-DEC-2017,
OPTSTK,ADANIPOWER,28-Dec-2017,37.5,PE,2.45,2.45,2.45,2.45,2.45,1,7.99,360000,20000,19-DEC-2017,
OPTSTK,ADANIPOWER,28-Dec-2017,40,PE,0,0,0,6,4.6,0,0,380000,0,19-DEC-2017,
OPTSTK,ADANIPOWER,28-Dec-2017,42.5,PE,0,0,0,13.1,7.05,0,0,0,0,19-DEC-2017,
OPTSTK,ADANIPOWER,28-Dec-2017,45,PE,0,0,0,10.7,9.55,0,0,120000,0,19-DEC-2017,
OPTSTK,ADANIPOWER,28-Dec-2017,47.5,PE,0,0,0,17.75,12.05,0,0,0,0,19-DEC-2017,
OPTSTK,ADANIPOWER,28-Dec-2017,50,PE,0,0,0,20.1,14.55,0,0,0,0,19-DEC-2017,
OPTSTK,ADANIPOWER,28-Dec-2017,52.5,PE,0,0,0,22.5,17.05,0,0,0,0,19-DEC-2017,
OPTSTK,ADANIPOWER,25-Jan-2018,15,CE,0,0,0,17.85,20.5,0,0,0,0,19-DEC-2017,
OPTSTK,ADANIPOWER,25-Jan-2018,17.5,CE,0,0,0,15.4,18.05,0,0,0,0,19-DEC-2017,
OPTSTK,ADANIPOWER,25-Jan-2018,20,CE,0,0,0,13.05,15.55,0,0,0,0,19-DEC-2017,
OPTSTK,ADANIPOWER,25-Jan-2018,22.5,CE,0,0,0,10.75,13.05,0,0,0,0,19-DEC-2017,
OPTSTK,ADANIPOWER,25-Jan-2018,25,CE,0,0,0,8.65,10.6,0,0,0,0,19-DEC-2017,
OPTSTK,ADANIPOWER,25-Jan-2018,27.5,CE,0,0,0,6.8,8.15,0,0,0,0,19-DEC-2017,
OPTSTK,ADANIPOWER,25-Jan-2018,30,CE,0,0,0,5.25,5.85,0,0,0,0,19-DEC-2017,
OPTSTK,ADANIPOWER,25-Jan-2018,32.5,CE,0,0,0,3.95,3.9,0,0,0,0,19-DEC-2017,
OPTSTK,ADANIPOWER,25-Jan-2018,35,CE,2.5,2.5,2.5,2.5,2.5,3,22.5,80000,60000,19-DEC-2017,
OPTSTK,ADANIPOWER,25-Jan-2018,37.5,CE,1.9,1.9,1.4,1.4,1.4,6,46.78,120000,100000,19-DEC-2017,
OPTSTK,ADANIPOWER,25-Jan-2018,40,CE,1.1,1.1,0.7,0.8,0.8,5,40.83,140000,100000,19-DEC-2017,
OPTSTK,ADANIPOWER,25-Jan-2018,42.5,CE,0.35,0.5,0.35,0.5,0.5,11,94.46,220000,120000,19-DEC-2017,
OPTSTK,ADANIPOWER,25-Jan-2018,45,CE,0,0,0,0.75,0.15,0,0,0,0,19-DEC-2017,
OPTSTK,ADANIPOWER,25-Jan-2018,47.5,CE,0,0,0,0.7,0.05,0,0,0,0,19-DEC-2017,
OPTSTK,ADANIPOWER,25-Jan-2018,50,CE,0.15,0.15,0.15,0.15,0.15,1,10.03,20000,20000,19-DEC-2017,
OPTSTK,ADANIPOWER,25-Jan-2018,52.5,CE,0,0,0,0.25,0.05,0,0,0,0,19-DEC-2017,
OPTSTK,ADANIPOWER,25-Jan-2018,15,PE,0,0,0,0.05,0,0,0,0,0,19-DEC-2017,
OPTSTK,ADANIPOWER,25-Jan-2018,17.5,PE,0,0,0,0.05,0,0,0,0,0,19-DEC-2017,
OPTSTK,ADANIPOWER,25-Jan-2018,20,PE,0,0,0,0.1,0,0,0,0,0,19-DEC-2017,
OPTSTK,ADANIPOWER,25-Jan-2018,22.5,PE,0,0,0,0.3,0,0,0,0,0,19-DEC-2017,
OPTSTK,ADANIPOWER,25-Jan-2018,25,PE,0,0,0,0.1,0.05,0,0,40000,0,19-DEC-2017,
OPTSTK,ADANIPOWER,25-Jan-2018,27.5,PE,0.2,0.2,0.2,0.2,0.2,1,5.54,240000,-20000,19-DEC-2017,
OPTSTK,ADANIPOWER,25-Jan-2018,30,PE,0,0,0,0.4,0.25,0,0,40000,0,19-DEC-2017,
OPTSTK,ADANIPOWER,25-Jan-2018,32.5,PE,0,0,0,3.35,0.75,0,0,0,0,19-DEC-2017,
OPTSTK,ADANIPOWER,25-Jan-2018,35,PE,0,0,0,1.85,1.7,0,0,20000,0,19-DEC-2017,
OPTSTK,ADANIPOWER,25-Jan-2018,37.5,PE,0,0,0,6.45,3.15,0,0,0,0,19-DEC-2017,
OPTSTK,ADANIPOWER,25-Jan-2018,40,PE,0,0,0,8.3,5,0,0,0,0,19-DEC-2017,
OPTSTK,ADANIPOWER,25-Jan-2018,42.5,PE,0,0,0,10.3,7.15,0,0,0,0,19-DEC-2017,
OPTSTK,ADANIPOWER,25-Jan-2018,45,PE,0,0,0,12.45,9.45,0,0,0,0,19-DEC-2017,
OPTSTK,ADANIPOWER,25-Jan-2018,47.5,PE,0,0,0,14.7,11.85,0,0,0,0,19-DEC-2017,
OPTSTK,ADANIPOWER,25-Jan-2018,50,PE,0,0,0,17,14.3,0,0,0,0,19-DEC-2017,
OPTSTK,ADANIPOWER,25-Jan-2018,52.5,PE,0,0,0,19.35,16.8,0,0,0,0,19-DEC-2017,
OPTSTK,ADANIPOWER,22-Feb-2018,15,CE,0,0,0,20.75,20.6,0,0,0,0,19-DEC-2017,
OPTSTK,ADANIPOWER,22-Feb-2018,17.5,CE,0,0,0,18.3,18.1,0,0,0,0,19-DEC-2017,
OPTSTK,ADANIPOWER,22-Feb-2018,20,CE,0,0,0,15.8,15.65,0,0,0,0,19-DEC-2017,
OPTSTK,ADANIPOWER,22-Feb-2018,22.5,CE,0,0,0,13.4,13.2,0,0,0,0,19-DEC-2017,
OPTSTK,ADANIPOWER,22-Feb-2018,25,CE,0,0,0,11.05,10.75,0,0,0,0,19-DEC-2017,
OPTSTK,ADANIPOWER,22-Feb-2018,27.5,CE,0,0,0,8.8,8.45,0,0,0,0,19-DEC-2017,
OPTSTK,ADANIPOWER,22-Feb-2018,30,CE,0,0,0,6.8,6.35,0,0,0,0,19-DEC-2017,
OPTSTK,ADANIPOWER,22-Feb-2018,32.5,CE,0,0,0,5.1,4.5,0,0,0,0,19-DEC-2017,
OPTSTK,ADANIPOWER,22-Feb-2018,35,CE,0,0,0,3.7,3.05,0,0,0,0,19-DEC-2017,
OPTSTK,ADANIPOWER,22-Feb-2018,37.5,CE,0,0,0,2.6,2,0,0,0,0,19-DEC-2017,
OPTSTK,ADANIPOWER,22-Feb-2018,40,CE,0,0,0,1.8,1.25,0,0,0,0,19-DEC-2017,
OPTSTK,ADANIPOWER,22-Feb-2018,42.5,CE,0,0,0,1.2,0.75,0,0,0,0,19-DEC-2017,
OPTSTK,ADANIPOWER,22-Feb-2018,45,CE,0,0,0,0.8,0.45,0,0,0,0,19-DEC-2017,
OPTSTK,ADANIPOWER,22-Feb-2018,47.5,CE,0,0,0,0.5,0.25,0,0,0,0,19-DEC-2017,
OPTSTK,ADANIPOWER,22-Feb-2018,50,CE,0,0,0,0.35,0.15,0,0,0,0,19-DEC-2017,
OPTSTK,ADANIPOWER,22-Feb-2018,52.5,CE,0,0,0,0.2,0.1,0,0,0,0,19-DEC-2017,
OPTSTK,ADANIPOWER,22-Feb-2018,15,PE,0,0,0,0.05,0,0,0,0,0,19-DEC-2017,
OPTSTK,ADANIPOWER,22-Feb-2018,17.5,PE,0,0,0,0.05,0,0,0,0,0,19-DEC-2017,
OPTSTK,ADANIPOWER,22-Feb-2018,20,PE,0,0,0,0.05,0,0,0,0,0,19-DEC-2017,
OPTSTK,ADANIPOWER,22-Feb-2018,22.5,PE,0,0,0,0.05,0.05,0,0,0,0,19-DEC-2017,
OPTSTK,ADANIPOWER,22-Feb-2018,25,PE,0,0,0,0.15,0.1,0,0,0,0,19-DEC-2017,
OPTSTK,ADANIPOWER,22-Feb-2018,27.5,PE,0,0,0,0.4,0.25,0,0,0,0,19-DEC-2017,
OPTSTK,ADANIPOWER,22-Feb-2018,30,PE,0,0,0,0.9,0.6,0,0,0,0,19-DEC-2017,
OPTSTK,ADANIPOWER,22-Feb-2018,32.5,PE,0,0,0,1.65,1.25,0,0,0,0,19-DEC-2017,
OPTSTK,ADANIPOWER,22-Feb-2018,35,PE,0,0,0,2.7,2.25,0,0,0,0,19-DEC-2017,
OPTSTK,ADANIPOWER,22-Feb-2018,37.5,PE,0,0,0,4.05,3.65,0,0,0,0,19-DEC-2017,
OPTSTK,ADANIPOWER,22-Feb-2018,40,PE,0,0,0,5.7,5.35,0,0,0,0,19-DEC-2017,
OPTSTK,ADANIPOWER,22-Feb-2018,42.5,PE,0,0,0,7.6,7.35,0,0,0,0,19-DEC-2017,
OPTSTK,ADANIPOWER,22-Feb-2018,45,PE,0,0,0,9.65,9.5,0,0,0,0,19-DEC-2017,
OPTSTK,ADANIPOWER,22-Feb-2018,47.5,PE,0,0,0,11.8,11.8,0,0,0,0,19-DEC-2017,
OPTSTK,ADANIPOWER,22-Feb-2018,50,PE,0,0,0,14.1,14.15,0,0,0,0,19-DEC-2017,
OPTSTK,ADANIPOWER,22-Feb-2018,52.5,PE,0,0,0,16.45,16.6,0,0,0,0,19-DEC-2017,
OPTSTK,AJANTPHARM,28-Dec-2017,800,CE,0,0,0,356.65,667.25,0,0,0,0,19-DEC-2017,
OPTSTK,AJANTPHARM,28-Dec-2017,820,CE,0,0,0,338,647.3,0,0,0,0,19-DEC-2017,
OPTSTK,AJANTPHARM,28-Dec-2017,840,CE,0,0,0,319.6,627.35,0,0,0,0,19-DEC-2017,
OPTSTK,AJANTPHARM,28-Dec-2017,860,CE,0,0,0,301.55,607.35,0,0,0,0,19-DEC-2017,
OPTSTK,AJANTPHARM,28-Dec-2017,880,CE,0,0,0,283.85,587.4,0,0,0,0,19-DEC-2017,
OPTSTK,AJANTPHARM,28-Dec-2017,900,CE,0,0,0,266.55,567.4,0,0,0,0,19-DEC-2017,
OPTSTK,AJANTPHARM,28-Dec-2017,920,CE,0,0,0,249.7,547.45,0,0,0,0,19-DEC-2017,
OPTSTK,AJANTPHARM,28-Dec-2017,940,CE,0,0,0,233.3,527.5,0,0,0,0,19-DEC-2017,
OPTSTK,AJANTPHARM,28-Dec-2017,960,CE,0,0,0,217.5,507.5,0,0,0,0,19-DEC-2017,
OPTSTK,AJANTPHARM,28-Dec-2017,980,CE,0,0,0,202.25,487.55,0,0,0,0,19-DEC-2017,
OPTSTK,AJANTPHARM,28-Dec-2017,1000,CE,0,0,0,187.6,467.55,0,0,0,0,19-DEC-2017,
OPTSTK,AJANTPHARM,28-Dec-2017,1020,CE,0,0,0,173.55,447.6,0,0,0,0,19-DEC-2017,
OPTSTK,AJANTPHARM,28-Dec-2017,1040,CE,0,0,0,160.1,427.65,0,0,0,0,19-DEC-2017,
OPTSTK,AJANTPHARM,28-Dec-2017,1060,CE,0,0,0,147.4,407.65,0,0,0,0,19-DEC-2017,
OPTSTK,AJANTPHARM,28-Dec-2017,1080,CE,0,0,0,135.35,387.7,0,0,0,0,19-DEC-2017,
OPTSTK,AJANTPHARM,28-Dec-2017,1100,CE,0,0,0,124,367.75,0,0,0,0,19-DEC-2017,
OPTSTK,AJANTPHARM,28-Dec-2017,1120,CE,0,0,0,113.35,347.75,0,0,0,0,19-DEC-2017,
OPTSTK,AJANTPHARM,28-Dec-2017,1140,CE,0,0,0,103.35,327.8,0,0,0,0,19-DEC-2017,
OPTSTK,AJANTPHARM,28-Dec-2017,1160,CE,0,0,0,94,307.85,0,0,0,0,19-DEC-2017,
OPTSTK,AJANTPHARM,28-Dec-2017,1180,CE,0,0,0,85.3,287.95,0,0,0,0,19-DEC-2017,
OPTSTK,AJANTPHARM,28-Dec-2017,1200,CE,0,0,0,77.25,268.1,0,0,0,0,19-DEC-2017,
OPTSTK,AJANTPHARM,28-Dec-2017,1220,CE,0,0,0,69.8,248.3,0,0,0,0,19-DEC-2017,
OPTSTK,AJANTPHARM,28-Dec-2017,1240,CE,0,0,0,62.95,228.6,0,0,0,0,19-DEC-2017,
OPTSTK,AJANTPHARM,28-Dec-2017,1260,CE,0,0,0,56.6,209.1,0,0,0,0,19-DEC-2017,
OPTSTK,AJANTPHARM,28-Dec-2017,1280,CE,0,0,0,56,189.9,0,0,800,0,19-DEC-2017,
OPTSTK,AJANTPHARM,28-Dec-2017,1300,CE,0,0,0,166,171.05,0,0,4400,0,19-DEC-2017,
OPTSTK,AJANTPHARM,28-Dec-2017,1320,CE,0,0,0,127.65,152.75,0,0,3600,0,19-DEC-2017,
OPTSTK,AJANTPHARM,28-Dec-2017,1340,CE,0,0,0,120,135.05,0,0,18800,0,19-DEC-2017,
OPTSTK,AJANTPHARM,28-Dec-2017,1360,CE,0,0,0,114,118.2,0,0,2400,0,19-DEC-2017,
OPTSTK,AJANTPHARM,28-Dec-2017,1380,CE,0,0,0,108.6,102.3,0,0,3600,0,19-DEC-2017,
OPTSTK,AJANTPHARM,28-Dec-2017,1400,CE,80,80,80,80,80,1,5.92,9600,0,19-DEC-2017,
OPTSTK,AJANTPHARM,28-Dec-2017,1420,CE,0,0,0,45,73.85,0,0,7200,0,19-DEC-2017,
OPTSTK,AJANTPHARM,28-Dec-2017,1440,CE,46.75,55,46.75,53.9,53.9,11,65.66,7200,-400,19-DEC-2017,
OPTSTK,AJANTPHARM,28-Dec-2017,1460,CE,30,41,30,39,39,25,149.76,14400,-3200,19-DEC-2017,
OPTSTK,AJANTPHARM,28-Dec-2017,1480,CE,23.35,33.7,23.35,31.85,31.85,29,175.2,14400,4400,19-DEC-2017,
OPTSTK,AJANTPHARM,28-Dec-2017,1500,CE,16.6,24.95,16.6,22.25,22.25,72,438.36,51600,-400,19-DEC-2017,
OPTSTK,AJANTPHARM,28-Dec-2017,1520,CE,11.95,19.5,11.95,13.6,13.6,19,116.75,18800,-400,19-DEC-2017,
OPTSTK,AJANTPHARM,28-Dec-2017,1540,CE,12.5,12.95,11,11.05,11.05,11,68.27,8400,1200,19-DEC-2017,
OPTSTK,AJANTPHARM,28-Dec-2017,1560,CE,0,0,0,12,15.5,0,0,1600,0,19-DEC-2017,
OPTSTK,AJANTPHARM,28-Dec-2017,1580,CE,0,0,0,10,11.7,0,0,800,0,19-DEC-2017,
OPTSTK,AJANTPHARM,28-Dec-2017,1600,CE,4.4,5,2.75,2.75,2.75,12,76.98,16400,-3600,19-DEC-2017,
OPTSTK,AJANTPHARM,28-Dec-2017,1620,CE,0,0,0,3.35,6.45,0,0,0,0,19-DEC-2017,
OPTSTK,AJANTPHARM,28-Dec-2017,1640,CE,0,0,0,2.75,4.65,0,0,0,0,19-DEC-2017,
OPTSTK,AJANTPHARM,28-Dec-2017,1660,CE,0,0,0,2.9,3.35,0,0,0,0,19-DEC-2017,
OPTSTK,AJANTPHARM,28-Dec-2017,800,PE,0,0,0,2.9,0,0,0,0,0,19-DEC-2017,
OPTSTK,AJANTPHARM,28-Dec-2017,820,PE,0,0,0,3.95,0,0,0,0,0,19-DEC-2017,
OPTSTK,AJANTPHARM,28-Dec-2017,840,PE,0,0,0,5.25,0,0,0,0,0,19-DEC-2017,
OPTSTK,AJANTPHARM,28-Dec-2017,860,PE,0,0,0,6.85,0,0,0,0,0,19-DEC-2017,
OPTSTK,AJANTPHARM,28-Dec-2017,880,PE,0,0,0,8.85,0,0,0,0,0,19-DEC-2017,
OPTSTK,AJANTPHARM,28-Dec-2017,900,PE,0,0,0,11.25,0,0,0,0,0,19-DEC-2017,
OPTSTK,AJANTPHARM,28-Dec-2017,920,PE,0,0,0,14.05,0,0,0,0,0,19-DEC-2017,
OPTSTK,AJANTPHARM,28-Dec-2017,940,PE,0,0,0,17.4,0,0,0,0,0,19-DEC-2017,
OPTSTK,AJANTPHARM,28-Dec-2017,960,PE,0,0,0,21.25,0,0,0,0,0,19-DEC-2017,
OPTSTK,AJANTPHARM,28-Dec-2017,980,PE,0,0,0,25.7,0,0,0,0,0,19-DEC-2017,
OPTSTK,AJANTPHARM,28-Dec-2017,1000,PE,0,0,0,30.75,0,0,0,0,0,19-DEC-2017,
OPTSTK,AJANTPHARM,28-Dec-2017,1020,PE,0,0,0,36.4,0,0,0,0,0,19-DEC-2017,
OPTSTK,AJANTPHARM,28-Dec-2017,1040,PE,0,0,0,42.65,0,0,0,0,0,19-DEC-2017,
OPTSTK,AJANTPHARM,28-Dec-2017,1060,PE,0,0,0,49.6,0,0,0,0,0,19-DEC-2017,
OPTSTK,AJANTPHARM,28-Dec-2017,1080,PE,0,0,0,57.25,0,0,0,0,0,19-DEC-2017,
OPTSTK,AJANTPHARM,28-Dec-2017,1100,PE,0,0,0,65.6,0,0,0,0,0,19-DEC-2017,
OPTSTK,AJANTPHARM,28-Dec-2017,1120,PE,0,0,0,74.6,0.05,0,0,0,0,19-DEC-2017,
OPTSTK,AJANTPHARM,28-Dec-2017,1140,PE,0,0,0,84.3,0.05,0,0,0,0,19-DEC-2017,
OPTSTK,AJANTPHARM,28-Dec-2017,1160,PE,0,0,0,94.65,0.05,0,0,0,0,19-DEC-2017,
OPTSTK,AJANTPHARM,28-Dec-2017,1180,PE,0,0,0,105.65,0.1,0,0,0,0,19-DEC-2017,
OPTSTK,AJANTPHARM,28-Dec-2017,1200,PE,0,0,0,19,0.2,0,0,1600,0,19-DEC-2017,
OPTSTK,AJANTPHARM,28-Dec-2017,1220,PE,0,0,0,24,0.4,0,0,2000,0,19-DEC-2017,
OPTSTK,AJANTPHARM,28-Dec-2017,1240,PE,0,0,0,3,0.65,0,0,800,0,19-DEC-2017,
OPTSTK,AJANTPHARM,28-Dec-2017,1260,PE,0,0,0,9,1.15,0,0,1600,0,19-DEC-2017,
OPTSTK,AJANTPHARM,28-Dec-2017,1280,PE,0,0,0,23,1.9,0,0,800,0,19-DEC-2017,
OPTSTK,AJANTPHARM,28-Dec-2017,1300,PE,0,0,0,2,3.05,0,0,8400,0,19-DEC-2017,
OPTSTK,AJANTPHARM,28-Dec-2017,1320,PE,0,0,0,9.9,4.7,0,0,3200,0,19-DEC-2017,
OPTSTK,AJANTPHARM,28-Dec-2017,1340,PE,0,0,0,7.5,7,0,0,2800,0,19-DEC-2017,
OPTSTK,AJANTPHARM,28-Dec-2017,1360,PE,0,0,0,10,10.1,0,0,5600,0,19-DEC-2017,
OPTSTK,AJANTPHARM,28-Dec-2017,1380,PE,0,0,0,9.25,14.15,0,0,6000,0,19-DEC-2017,
OPTSTK,AJANTPHARM,28-Dec-2017,1400,PE,8.7,8.7,6.75,7.4,7.4,6,33.78,17200,800,19-DEC-2017,
OPTSTK,AJANTPHARM,28-Dec-2017,1420,PE,13.6,13.6,13.55,13.55,13.55,4,22.93,7200,800,19-DEC-2017,
OPTSTK,AJANTPHARM,28-Dec-2017,1440,PE,19,19,14,16.5,16.5,3,17.47,5600,800,19-DEC-2017,
OPTSTK,AJANTPHARM,28-Dec-2017,1460,PE,22.55,28.05,22.55,26.5,26.5,7,41.6,3200,-800,19-DEC-2017,
OPTSTK,AJANTPHARM,28-Dec-2017,1480,PE,0,0,0,48.6,52.8,0,0,3200,0,19-DEC-2017,
OPTSTK,AJANTPHARM,28-Dec-2017,1500,PE,0,0,0,60,64.55,0,0,2000,0,19-DEC-2017,
OPTSTK,AJANTPHARM,28-Dec-2017,1520,PE,0,0,0,77.4,77.6,0,0,2000,0,19-DEC-2017,
OPTSTK,AJANTPHARM,28-Dec-2017,1540,PE,0,0,0,103.6,91.8,0,0,400,0,19-DEC-2017,
OPTSTK,AJANTPHARM,28-Dec-2017,1560,PE,0,0,0,393.4,107.1,0,0,0,0,19-DEC-2017,
OPTSTK,AJANTPHARM,28-Dec-2017,1580,PE,0,0,0,383.9,123.25,0,0,0,0,19-DEC-2017,
OPTSTK,AJANTPHARM,28-Dec-2017,1600,PE,0,0,0,216,140.25,0,0,800,0,19-DEC-2017,
OPTSTK,AJANTPHARM,28-Dec-2017,1620,PE,0,0,0,371.4,157.9,0,0,0,0,19-DEC-2017,
OPTSTK,AJANTPHARM,28-Dec-2017,1640,PE,0,0,0,390.55,176.1,0,0,0,0,19-DEC-2017,
OPTSTK,AJANTPHARM,28-Dec-2017,1660,PE,0,0,0,394.4,194.75,0,0,0,0,19-DEC-2017,
OPTSTK,AJANTPHARM,25-Jan-2018,800,CE,0,0,0,383.9,671.25,0,0,0,0,19-DEC-2017,
OPTSTK,AJANTPHARM,25-Jan-2018,820,CE,0,0,0,364.5,651.35,0,0,0,0,19-DEC-2017,
OPTSTK,AJANTPHARM,25-Jan-2018,840,CE,0,0,0,345.25,631.5,0,0,0,0,19-DEC-2017,
OPTSTK,AJANTPHARM,25-Jan-2018,860,CE,0,0,0,326.15,611.65,0,0,0,0,19-DEC-2017,
OPTSTK,AJANTPHARM,25-Jan-2018,880,CE,0,0,0,307.3,591.8,0,0,0,0,19-DEC-2017,
OPTSTK,AJANTPHARM,25-Jan-2018,900,CE,0,0,0,288.65,571.95,0,0,0,0,19-DEC-2017,
OPTSTK,AJANTPHARM,25-Jan-2018,920,CE,0,0,0,270.35,552.1,0,0,0,0,19-DEC-2017,
OPTSTK,AJANTPHARM,25-Jan-2018,940,CE,0,0,0,252.4,532.3,0,0,0,0,19-DEC-2017,
OPTSTK,AJANTPHARM,25-Jan-2018,960,CE,0,0,0,234.9,512.5,0,0,0,0,19-DEC-2017,
OPTSTK,AJANTPHARM,25-Jan-2018,980,CE,0,0,0,217.85,492.75,0,0,0,0,19-DEC-2017,
OPTSTK,AJANTPHARM,25-Jan-2018,1000,CE,0,0,0,201.4,473.05,0,0,0,0,19-DEC-2017,
OPTSTK,AJANTPHARM,25-Jan-2018,1020,CE,0,0,0,185.5,453.4,0,0,0,0,19-DEC-2017,
OPTSTK,AJANTPHARM,25-Jan-2018,1040,CE,0,0,0,170.25,433.85,0,0,0,0,19-DEC-2017,
OPTSTK,AJANTPHARM,25-Jan-2018,1060,CE,0,0,0,155.7,414.4,0,0,0,0,19-DEC-2017,
OPTSTK,AJANTPHARM,25-Jan-2018,1080,CE,0,0,0,141.8,395.1,0,0,0,0,19-DEC-2017,
OPTSTK,AJANTPHARM,25-Jan-2018,1100,CE,0,0,0,128.7,375.95,0,0,0,0,19-DEC-2017,
OPTSTK,AJANTPHARM,25-Jan-2018,1120,CE,0,0,0,116.4,357,0,0,0,0,19-DEC-2017,
OPTSTK,AJANTPHARM,25-Jan-2018,1140,CE,0,0,0,104.9,338.3,0,0,0,0,19-DEC-2017,
OPTSTK,AJANTPHARM,25-Jan-2018,1160,CE,0,0,0,94.2,319.85,0,0,0,0,19-DEC-2017,
OPTSTK,AJANTPHARM,25-Jan-2018,1180,CE,0,0,0,84.25,301.7,0,0,0,0,19-DEC-2017,
OPTSTK,AJANTPHARM,25-Jan-2018,1200,CE,0,0,0,75.1,283.95,0,0,0,0,19-DEC-2017,
OPTSTK,AJANTPHARM,25-Jan-2018,1220,CE,0,0,0,66.7,266.55,0,0,0,0,19-DEC-2017,
OPTSTK,AJANTPHARM,25-Jan-2018,1240,CE,0,0,0,59.05,249.65,0,0,0,0,19-DEC-2017,
OPTSTK,AJANTPHARM,25-Jan-2018,1260,CE,0,0,0,52.1,233.2,0,0,0,0,19-DEC-2017,
OPTSTK,AJANTPHARM,25-Jan-2018,1280,CE,0,0,0,45.8,217.25,0,0,0,0,19-DEC-2017,
OPTSTK,AJANTPHARM,25-Jan-2018,1300,CE,0,0,0,40.15,201.85,0,0,0,0,19-DEC-2017,
OPTSTK,AJANTPHARM,25-Jan-2018,1320,CE,0,0,0,35.1,187.1,0,0,0,0,19-DEC-2017,
OPTSTK,AJANTPHARM,25-Jan-2018,1340,CE,0,0,0,30.6,172.9,0,0,0,0,19-DEC-2017,
OPTSTK,AJANTPHARM,25-Jan-2018,1360,CE,0,0,0,26.55,159.3,0,0,0,0,19-DEC-2017,
OPTSTK,AJANTPHARM,25-Jan-2018,1380,CE,0,0,0,23,146.45,0,0,0,0,19-DEC-2017,
OPTSTK,AJANTPHARM,25-Jan-2018,1400,CE,0,0,0,19.85,134.25,0,0,0,0,19-DEC-2017,
OPTSTK,AJANTPHARM,25-Jan-2018,1420,CE,0,0,0,17.05,122.75,0,0,0,0,19-DEC-2017,
OPTSTK,AJANTPHARM,25-Jan-2018,1440,CE,0,0,0,14.65,111.9,0,0,0,0,19-DEC-2017,
OPTSTK,AJANTPHARM,25-Jan-2018,1460,CE,0,0,0,12.55,101.75,0,0,0,0,19-DEC-2017,
OPTSTK,AJANTPHARM,25-Jan-2018,1480,CE,0,0,0,10.7,92.25,0,0,0,0,19-DEC-2017,
OPTSTK,AJANTPHARM,25-Jan-2018,1500,CE,0,0,0,9.15,83.45,0,0,0,0,19-DEC-2017,
OPTSTK,AJANTPHARM,25-Jan-2018,1520,CE,0,0,0,7.75,75.25,0,0,0,0,19-DEC-2017,
OPTSTK,AJANTPHARM,25-Jan-2018,1540,CE,0,0,0,6.55,67.7,0,0,0,0,19-DEC-2017,
OPTSTK,AJANTPHARM,25-Jan-2018,1560,CE,0,0,0,5.55,60.75,0,0,0,0,19-DEC-2017,
OPTSTK,AJANTPHARM,25-Jan-2018,1580,CE,0,0,0,4.7,54.35,0,0,0,0,19-DEC-2017,
OPTSTK,AJANTPHARM,25-Jan-2018,1600,CE,0,0,0,5.15,48.55,0,0,0,0,19-DEC-2017,
OPTSTK,AJANTPHARM,25-Jan-2018,1620,CE,0,0,0,8.95,43.2,0,0,0,0,19-DEC-2017,
OPTSTK,AJANTPHARM,25-Jan-2018,1640,CE,0,0,0,7.75,38.5,0,0,0,0,19-DEC-2017,
OPTSTK,AJANTPHARM,25-Jan-2018,1660,CE,0,0,0,8.4,34.15,0,0,0,0,19-DEC-2017,
OPTSTK,AJANTPHARM,25-Jan-2018,800,PE,0,0,0,0.6,0,0,0,0,0,19-DEC-2017,
OPTSTK,AJANTPHARM,25-Jan-2018,820,PE,0,0,0,0.9,0.05,0,0,0,0,19-DEC-2017,
OPTSTK,AJANTPHARM,25-Jan-2018,840,PE,0,0,0,1.35,0.05,0,0,0,0,19-DEC-2017,
OPTSTK,AJANTPHARM,25-Jan-2018,860,PE,0,0,0,1.95,0.05,0,0,0,0,19-DEC-2017,
OPTSTK,AJANTPHARM,25-Jan-2018,880,PE,0,0,0,2.75,0.05,0,0,0,0,19-DEC-2017,
OPTSTK,AJANTPHARM,25-Jan-2018,900,PE,0,0,0,3.8,0.1,0,0,0,0,19-DEC-2017,
OPTSTK,AJANTPHARM,25-Jan-2018,920,PE,0,0,0,5.2,0.1,0,0,0,0,19-DEC-2017,
OPTSTK,AJANTPHARM,25-Jan-2018,940,PE,0,0,0,6.95,0.15,0,0,0,0,19-DEC-2017,
OPTSTK,AJANTPHARM,25-Jan-2018,960,PE,0,0,0,9.1,0.25,0,0,0,0,19-DEC-2017,
OPTSTK,AJANTPHARM,25-Jan-2018,980,PE,0,0,0,11.75,0.35,0,0,0,0,19-DEC-2017,
OPTSTK,AJANTPHARM,25-Jan-2018,1000,PE,0,0,0,14.95,0.55,0,0,0,0,19-DEC-2017,
OPTSTK,AJANTPHARM,25-Jan-2018,1020,PE,0,0,0,18.75,0.75,0,0,0,0,19-DEC-2017,
OPTSTK,AJANTPHARM,25-Jan-2018,1040,PE,0,0,0,23.15,1.1,0,0,0,0,19-DEC-2017,
OPTSTK,AJANTPHARM,25-Jan-2018,1060,PE,0,0,0,28.3,1.5,0,0,0,0,19-DEC-2017,
OPTSTK,AJANTPHARM,25-Jan-2018,1080,PE,0,0,0,34.1,2.05,0,0,0,0,19-DEC-2017,
OPTSTK,AJANTPHARM,25-Jan-2018,1100,PE,0,0,0,40.7,2.8,0,0,0,0,19-DEC-2017,
OPTSTK,AJANTPHARM,25-Jan-2018,1120,PE,0,0,0,48.1,3.7,0,0,0,0,19-DEC-2017,
OPTSTK,AJANTPHARM,25-Jan-2018,1140,PE,0,0,0,56.3,4.85,0,0,0,0,19-DEC-2017,
OPTSTK,AJANTPHARM,25-Jan-2018,1160,PE,0,0,0,65.25,6.3,0,0,0,0,19-DEC-2017,
OPTSTK,AJANTPHARM,25-Jan-2018,1180,PE,0,0,0,75,8.05,0,0,0,0,19-DEC-2017,
OPTSTK,AJANTPHARM,25-Jan-2018,1200,PE,0,0,0,85.55,10.15,0,0,0,0,19-DEC-2017,
OPTSTK,AJANTPHARM,25-Jan-2018,1220,PE,0,0,0,96.85,12.65,0,0,0,0,19-DEC-2017,
OPTSTK,AJANTPHARM,25-Jan-2018,1240,PE,0,0,0,108.85,15.55,0,0,0,0,19-DEC-2017,
OPTSTK,AJANTPHARM,25-Jan-2018,1260,PE,0,0,0,121.6,19,0,0,0,0,19-DEC-2017,
OPTSTK,AJANTPHARM,25-Jan-2018,1280,PE,0,0,0,135,22.9,0,0,0,0,19-DEC-2017,
OPTSTK,AJANTPHARM,25-Jan-2018,1300,PE,0,0,0,149,27.4,0,0,0,0,19-DEC-2017,
OPTSTK,AJANTPHARM,25-Jan-2018,1320,PE,0,0,0,163.65,32.5,0,0,0,0,19-DEC-2017,
OPTSTK,AJANTPHARM,25-Jan-2018,1340,PE,0,0,0,178.85,38.2,0,0,0,0,19-DEC-2017,
OPTSTK,AJANTPHARM,25-Jan-2018,1360,PE,0,0,0,194.45,44.5,0,0,0,0,19-DEC-2017,
OPTSTK,AJANTPHARM,25-Jan-2018,1380,PE,0,0,0,210.6,51.45,0,0,0,0,19-DEC-2017,
OPTSTK,AJANTPHARM,25-Jan-2018,1400,PE,0,0,0,227.15,59.15,0,0,0,0,19-DEC-2017,
OPTSTK,AJANTPHARM,25-Jan-2018,1420,PE,0,0,0,244.05,67.5,0,0,0,0,19-DEC-2017,
OPTSTK,AJANTPHARM,25-Jan-2018,1440,PE,0,0,0,261.3,76.55,0,0,0,0,19-DEC-2017,
OPTSTK,AJANTPHARM,25-Jan-2018,1460,PE,0,0,0,278.9,86.25,0,0,0,0,19-DEC-2017,
OPTSTK,AJANTPHARM,25-Jan-2018,1480,PE,0,0,0,296.75,96.6,0,0,0,0,19-DEC-2017,
OPTSTK,AJANTPHARM,25-Jan-2018,1500,PE,0,0,0,314.85,107.65,0,0,0,0,19-DEC-2017,
OPTSTK,AJANTPHARM,25-Jan-2018,1520,PE,0,0,0,333.15,119.35,0,0,0,0,19-DEC-2017,
OPTSTK,AJANTPHARM,25-Jan-2018,1540,PE,0,0,0,351.65,131.7,0,0,0,0,19-DEC-2017,
OPTSTK,AJANTPHARM,25-Jan-2018,1560,PE,0,0,0,370.35,144.6,0,0,0,0,19-DEC-2017,
OPTSTK,AJANTPHARM,25-Jan-2018,1580,PE,0,0,0,389.15,158.1,0,0,0,0,19-DEC-2017,
OPTSTK,AJANTPHARM,25-Jan-2018,1600,PE,0,0,0,385.6,172.1,0,0,0,0,19-DEC-2017,
OPTSTK,AJANTPHARM,25-Jan-2018,1620,PE,0,0,0,369.15,186.7,0,0,0,0,19-DEC-2017,
OPTSTK,AJANTPHARM,25-Jan-2018,1640,PE,0,0,0,387.65,201.8,0,0,0,0,19-DEC-2017,
OPTSTK,AJANTPHARM,25-Jan-2018,1660,PE,0,0,0,391.85,217.35,0,0,0,0,19-DEC-2017,
OPTSTK,AJANTPHARM,22-Feb-2018,980,CE,0,0,0,406.35,499.75,0,0,0,0,19-DEC-2017,
OPTSTK,AJANTPHARM,22-Feb-2018,1000,CE,0,0,0,387.3,480.75,0,0,0,0,19-DEC-2017,
OPTSTK,AJANTPHARM,22-Feb-2018,1020,CE,0,0,0,368.5,461.85,0,0,0,0,19-DEC-2017,
OPTSTK,AJANTPHARM,22-Feb-2018,1040,CE,0,0,0,349.85,443.2,0,0,0,0,19-DEC-2017,
OPTSTK,AJANTPHARM,22-Feb-2018,1060,CE,0,0,0,331.5,424.7,0,0,0,0,19-DEC-2017,
OPTSTK,AJANTPHARM,22-Feb-2018,1080,CE,0,0,0,313.45,406.5,0,0,0,0,19-DEC-2017,
OPTSTK,AJANTPHARM,22-Feb-2018,1100,CE,0,0,0,295.75,388.55,0,0,0,0,19-DEC-2017,
OPTSTK,AJANTPHARM,22-Feb-2018,1120,CE,0,0,0,278.45,370.85,0,0,0,0,19-DEC-2017,
OPTSTK,AJANTPHARM,22-Feb-2018,1140,CE,0,0,0,261.5,353.5,0,0,0,0,19-DEC-2017,
OPTSTK,AJANTPHARM,22-Feb-2018,1160,CE,0,0,0,245.05,336.5,0,0,0,0,19-DEC-2017,
OPTSTK,AJANTPHARM,22-Feb-2018,1180,CE,0,0,0,229.1,319.9,0,0,0,0,19-DEC-2017,
OPTSTK,AJANTPHARM,22-Feb-2018,1200,CE,0,0,0,213.65,303.65,0,0,0,0,19-DEC-2017,
OPTSTK,AJANTPHARM,22-Feb-2018,1220,CE,0,0,0,198.8,287.8,0,0,0,0,19-DEC-2017,
OPTSTK,AJANTPHARM,22-Feb-2018,1240,CE,0,0,0,184.5,272.4,0,0,0,0,19-DEC-2017,
OPTSTK,AJANTPHARM,22-Feb-2018,1260,CE,0,0,0,170.75,257.5,0,0,0,0,19-DEC-2017,
OPTSTK,AJANTPHARM,22-Feb-2018,1280,CE,0,0,0,157.7,243.05,0,0,0,0,19-DEC-2017,
OPTSTK,AJANTPHARM,22-Feb-2018,1300,CE,0,0,0,145.3,229.05,0,0,0,0,19-DEC-2017,
OPTSTK,AJANTPHARM,22-Feb-2018,1320,CE,0,0,0,133.5,215.5,0,0,0,0,19-DEC-2017,
OPTSTK,AJANTPHARM,22-Feb-2018,1340,CE,0,0,0,122.4,202.5,0,0,0,0,19-DEC-2017,
OPTSTK,AJANTPHARM,22-Feb-2018,1360,CE,0,0,0,111.95,190.05,0,0,0,0,19-DEC-2017,
OPTSTK,AJANTPHARM,22-Feb-2018,1380,CE,0,0,0,102.15,178.1,0,0,0,0,19-DEC-2017,
OPTSTK,AJANTPHARM,22-Feb-2018,1400,CE,0,0,0,93,166.7,0,0,0,0,19-DEC-2017,
OPTSTK,AJANTPHARM,22-Feb-2018,1420,CE,0,0,0,84.45,155.8,0,0,0,0,19-DEC-2017,
OPTSTK,AJANTPHARM,22-Feb-2018,1440,CE,0,0,0,76.5,145.4,0,0,0,0,19-DEC-2017,
OPTSTK,AJANTPHARM,22-Feb-2018,1460,CE,0,0,0,69.15,135.55,0,0,0,0,19-DEC-2017,
OPTSTK,AJANTPHARM,22-Feb-2018,1480,CE,0,0,0,62.4,126.2,0,0,0,0,19-DEC-2017,
OPTSTK,AJANTPHARM,22-Feb-2018,1500,CE,0,0,0,56.15,117.3,0,0,0,0,19-DEC-2017,
OPTSTK,AJANTPHARM,22-Feb-2018,1520,CE,0,0,0,50.4,108.9,0,0,0,0,19-DEC-2017,
OPTSTK,AJANTPHARM,22-Feb-2018,1540,CE,0,0,0,45.2,101,0,0,0,0,19-DEC-2017,
OPTSTK,AJANTPHARM,22-Feb-2018,1560,CE,0,0,0,40.5,93.55,0,0,0,0,19-DEC-2017,
OPTSTK,AJANTPHARM,22-Feb-2018,1580,CE,0,0,0,36.15,86.55,0,0,0,0,19-DEC-2017,
OPTSTK,AJANTPHARM,22-Feb-2018,1600,CE,0,0,0,32.15,80,0,0,0,0,19-DEC-2017,
OPTSTK,AJANTPHARM,22-Feb-2018,1620,CE,0,0,0,28.6,73.8,0,0,0,0,19-DEC-2017,
OPTSTK,AJANTPHARM,22-Feb-2018,1640,CE,0,0,0,25.4,68.05,0,0,0,0,19-DEC-2017,
OPTSTK,AJANTPHARM,22-Feb-2018,1660,CE,0,0,0,22.5,62.7,0,0,0,0,19-DEC-2017,
OPTSTK,AJANTPHARM,22-Feb-2018,980,PE,0,0,0,1.95,2.6,0,0,0,0,19-DEC-2017,
OPTSTK,AJANTPHARM,22-Feb-2018,1000,PE,0,0,0,2.65,3.3,0,0,0,0,19-DEC-2017,
OPTSTK,AJANTPHARM,22-Feb-2018,1020,PE,0,0,0,3.5,4.25,0,0,0,0,19-DEC-2017,
OPTSTK,AJANTPHARM,22-Feb-2018,1040,PE,0,0,0,4.6,5.35,0,0,0,0,19-DEC-2017,
OPTSTK,AJANTPHARM,22-Feb-2018,1060,PE,0,0,0,5.95,6.65,0,0,0,0,19-DEC-2017,
OPTSTK,AJANTPHARM,22-Feb-2018,1080,PE,0,0,0,7.65,8.2,0,0,0,0,19-DEC-2017,
OPTSTK,AJANTPHARM,22-Feb-2018,1100,PE,0,0,0,9.65,10,0,0,0,0,19-DEC-2017,
OPTSTK,AJANTPHARM,22-Feb-2018,1120,PE,0,0,0,12,12.1,0,0,0,0,19-DEC-2017,
OPTSTK,AJANTPHARM,22-Feb-2018,1140,PE,0,0,0,14.8,14.5,0,0,0,0,19-DEC-2017,
OPTSTK,AJANTPHARM,22-Feb-2018,1160,PE,0,0,0,18.05,17.3,0,0,0,0,19-DEC-2017,
OPTSTK,AJANTPHARM,22-Feb-2018,1180,PE,0,0,0,21.8,20.4,0,0,0,0,19-DEC-2017,
OPTSTK,AJANTPHARM,22-Feb-2018,1200,PE,0,0,0,26.05,23.95,0,0,0,0,19-DEC-2017,
OPTSTK,AJANTPHARM,22-Feb-2018,1220,PE,0,0,0,30.95,27.9,0,0,0,0,19-DEC-2017,
OPTSTK,AJANTPHARM,22-Feb-2018,1240,PE,0,0,0,36.35,32.25,0,0,0,0,19-DEC-2017,
OPTSTK,AJANTPHARM,22-Feb-2018,1260,PE,0,0,0,42.3,37.15,0,0,0,0,19-DEC-2017,
OPTSTK,AJANTPHARM,22-Feb-2018,1280,PE,0,0,0,48.95,42.45,0,0,0,0,19-DEC-2017,
OPTSTK,AJANTPHARM,22-Feb-2018,1300,PE,0,0,0,56.25,48.2,0,0,0,0,19-DEC-2017,
OPTSTK,AJANTPHARM,22-Feb-2018,1320,PE,0,0,0,64.2,54.45,0,0,0,0,19-DEC-2017,
OPTSTK,AJANTPHARM,22-Feb-2018,1340,PE,0,0,0,72.8,61.25,0,0,0,0,19-DEC-2017,
OPTSTK,AJANTPHARM,22-Feb-2018,1360,PE,0,0,0,82.05,68.55,0,0,0,0,19-DEC-2017,
OPTSTK,AJANTPHARM,22-Feb-2018,1380,PE,0,0,0,91.95,76.4,0,0,0,0,19-DEC-2017,
OPTSTK,AJANTPHARM,22-Feb-2018,1400,PE,0,0,0,102.5,84.75,0,0,0,0,19-DEC-2017,
OPTSTK,AJANTPHARM,22-Feb-2018,1420,PE,0,0,0,113.65,93.6,0,0,0,0,19-DEC-2017,
OPTSTK,AJANTPHARM,22-Feb-2018,1440,PE,0,0,0,125.4,103,0,0,0,0,19-DEC-2017,
OPTSTK,AJANTPHARM,22-Feb-2018,1460,PE,0,0,0,137.8,112.9,0,0,0,0,19-DEC-2017,
OPTSTK,AJANTPHARM,22-Feb-2018,1480,PE,0,0,0,150.7,123.3,0,0,0,0,19-DEC-2017,
OPTSTK,AJANTPHARM,22-Feb-2018,1500,PE,0,0,0,164.2,134.2,0,0,0,0,19-DEC-2017,
OPTSTK,AJANTPHARM,22-Feb-2018,1520,PE,0,0,0,178.15,145.6,0,0,0,0,19-DEC-2017,
OPTSTK,AJANTPHARM,22-Feb-2018,1540,PE,0,0,0,192.65,157.45,0,0,0,0,19-DEC-2017,
OPTSTK,AJANTPHARM,22-Feb-2018,1560,PE,0,0,0,207.65,169.75,0,0,0,0,19-DEC-2017,
OPTSTK,AJANTPHARM,22-Feb-2018,1580,PE,0,0,0,223.05,182.55,0,0,0,0,19-DEC-2017,
OPTSTK,AJANTPHARM,22-Feb-2018,1600,PE,0,0,0,238.75,195.75,0,0,0,0,19-DEC-2017,
OPTSTK,AJANTPHARM,22-Feb-2018,1620,PE,0,0,0,254.9,209.35,0,0,0,0,19-DEC-2017,
OPTSTK,AJANTPHARM,22-Feb-2018,1640,PE,0,0,0,271.4,223.35,0,0,0,0,19-DEC-2017,
OPTSTK,AJANTPHARM,22-Feb-2018,1660,PE,0,0,0,288.2,237.75,0,0,0,0,19-DEC-2017,
OPTSTK,ALBK,28-Dec-2017,47.5,CE,0,0,0,19.85,27,0,0,0,0,19-DEC-2017,
OPTSTK,ALBK,28-Dec-2017,50,CE,0,0,0,17.5,24.5,0,0,0,0,19-DEC-2017,
OPTSTK,ALBK,28-Dec-2017,52.5,CE,0,0,0,15.25,22,0,0,0,0,19-DEC-2017,
OPTSTK,ALBK,28-Dec-2017,55,CE,0,0,0,13.1,19.5,0,0,0,0,19-DEC-2017,
OPTSTK,ALBK,28-Dec-2017,57.5,CE,0,0,0,11.1,17,0,0,0,0,19-DEC-2017,
OPTSTK,ALBK,28-Dec-2017,60,CE,0,0,0,9.25,14.5,0,0,0,0,19-DEC-2017,
OPTSTK,ALBK,28-Dec-2017,62.5,CE,0,0,0,7.65,12.05,0,0,0,0,19-DEC-2017,
OPTSTK,ALBK,28-Dec-2017,65,CE,0,0,0,7.65,9.55,0,0,10000,0,19-DEC-2017,
OPTSTK,ALBK,28-Dec-2017,67.5,CE,0,0,0,4.95,7.2,0,0,0,0,19-DEC-2017,
OPTSTK,ALBK,28-Dec-2017,70,CE,4.95,4.95,4.95,4.95,4.95,1,7.49,100000,-10000,19-DEC-2017,
OPTSTK,ALBK,28-Dec-2017,72.5,CE,2.85,3,2.8,2.9,2.9,6,45.23,90000,10000,19-DEC-2017,
OPTSTK,ALBK,28-Dec-2017,75,CE,1.85,1.9,1.45,1.6,1.6,36,276.04,390000,0,19-DEC-2017,
OPTSTK,ALBK,28-Dec-2017,77.5,CE,1,1,0.75,0.8,0.8,24,187.96,540000,60000,19-DEC-2017,
OPTSTK,ALBK,28-Dec-2017,80,CE,0.6,0.6,0.45,0.5,0.5,15,120.76,910000,10000,19-DEC-2017,
OPTSTK,ALBK,28-Dec-2017,82.5,CE,0.4,0.4,0.3,0.3,0.3,3,24.86,190000,0,19-DEC-2017,
OPTSTK,ALBK,28-Dec-2017,85,CE,0.2,0.2,0.15,0.2,0.2,6,51.1,420000,10000,19-DEC-2017,
OPTSTK,ALBK,28-Dec-2017,87.5,CE,0,0,0,0.1,0.05,0,0,20000,0,19-DEC-2017,
OPTSTK,ALBK,28-Dec-2017,90,CE,0.1,0.1,0.1,0.1,0.1,2,18.02,320000,10000,19-DEC-2017,
OPTSTK,ALBK,28-Dec-2017,92.5,CE,0,0,0,0.15,0,0,0,40000,0,19-DEC-2017,
OPTSTK,ALBK,28-Dec-2017,95,CE,0,0,0,0.25,0,0,0,10000,0,19-DEC-2017,
OPTSTK,ALBK,28-Dec-2017,97.5,CE,0,0,0,0.15,0,0,0,10000,0,19-DEC-2017,
OPTSTK,ALBK,28-Dec-2017,100,CE,0,0,0,9.1,0,0,0,0,0,19-DEC-2017,
OPTSTK,ALBK,28-Dec-2017,47.5,PE,0,0,0,2.9,0,0,0,10000,0,19-DEC-2017,
OPTSTK,ALBK,28-Dec-2017,50,PE,0,0,0,0.25,0,0,0,0,0,19-DEC-2017,
OPTSTK,ALBK,28-Dec-2017,52.5,PE,0,0,0,2.7,0,0,0,10000,0,19-DEC-2017,
OPTSTK,ALBK,28-Dec-2017,55,PE,0,0,0,1.5,0,0,0,10000,0,19-DEC-2017,
OPTSTK,ALBK,28-Dec-2017,57.5,PE,0,0,0,1.25,0,0,0,0,0,19-DEC-2017,
OPTSTK,ALBK,28-Dec-2017,60,PE,0,0,0,0.1,0,0,0,20000,0,19-DEC-2017,
OPTSTK,ALBK,28-Dec-2017,62.5,PE,0.3,0.3,0.1,0.1,0.1,76,475.78,20000,-360000,19-DEC-2017,
OPTSTK,ALBK,28-Dec-2017,65,PE,0.05,0.05,0.05,0.05,0.05,2,13.01,50000,-20000,19-DEC-2017,
OPTSTK,ALBK,28-Dec-2017,67.5,PE,0.2,0.2,0.2,0.2,0.2,1,6.77,30000,-10000,19-DEC-2017,
OPTSTK,ALBK,28-Dec-2017,70,PE,0.35,0.45,0.3,0.3,0.3,15,105.57,190000,10000,19-DEC-2017,
OPTSTK,ALBK,28-Dec-2017,72.5,PE,0.9,1,0.8,0.9,0.9,13,95.4,190000,-10000,19-DEC-2017,
OPTSTK,ALBK,28-Dec-2017,75,PE,2.2,2.2,1.9,1.9,1.9,5,38.5,210000,0,19-DEC-2017,
OPTSTK,ALBK,28-Dec-2017,77.5,PE,0,0,0,5.75,3.95,0,0,130000,0,19-DEC-2017,
OPTSTK,ALBK,28-Dec-2017,80,PE,0,0,0,6.35,5.95,0,0,240000,0,19-DEC-2017,
OPTSTK,ALBK,28-Dec-2017,82.5,PE,0,0,0,5.8,8.15,0,0,10000,0,19-DEC-2017,
OPTSTK,ALBK,28-Dec-2017,85,PE,0,0,0,8.45,10.55,0,0,90000,0,19-DEC-2017,
OPTSTK,ALBK,28-Dec-2017,87.5,PE,0,0,0,20.25,13,0,0,0,0,19-DEC-2017,
OPTSTK,ALBK,28-Dec-2017,90,PE,0,0,0,13.2,15.5,0,0,30000,0,19-DEC-2017,
OPTSTK,ALBK,28-Dec-2017,92.5,PE,0,0,0,24.9,18,0,0,0,0,19-DEC-2017,
OPTSTK,ALBK,28-Dec-2017,95,PE,0,0,0,17.35,20.45,0,0,10000,0,19-DEC-2017,
OPTSTK,ALBK,28-Dec-2017,97.5,PE,0,0,0,29.7,22.95,0,0,0,0,19-DEC-2017,
OPTSTK,ALBK,28-Dec-2017,100,PE,0,0,0,23.85,25.45,0,0,0,0,19-DEC-2017,
OPTSTK,ALBK,25-Jan-2018,55,CE,0,0,0,33.7,19.8,0,0,0,0,19-DEC-2017,
OPTSTK,ALBK,25-Jan-2018,57.5,CE,0,0,0,31.9,17.4,0,0,0,0,19-DEC-2017,
OPTSTK,ALBK,25-Jan-2018,60,CE,0,0,0,30.2,15.05,0,0,0,0,19-DEC-2017,
OPTSTK,ALBK,25-Jan-2018,62.5,CE,0,0,0,28.55,12.8,0,0,0,0,19-DEC-2017,
OPTSTK,ALBK,25-Jan-2018,65,CE,0,0,0,26.95,10.65,0,0,0,0,19-DEC-2017,
OPTSTK,ALBK,25-Jan-2018,67.5,CE,0,0,0,25.45,8.7,0,0,0,0,19-DEC-2017,
OPTSTK,ALBK,25-Jan-2018,70,CE,0,0,0,24,6.95,0,0,0,0,19-DEC-2017,
OPTSTK,ALBK,25-Jan-2018,72.5,CE,0,0,0,22.65,5.45,0,0,0,0,19-DEC-2017,
OPTSTK,ALBK,25-Jan-2018,75,CE,0,0,0,4.05,4.15,0,0,70000,0,19-DEC-2017,
OPTSTK,ALBK,25-Jan-2018,77.5,CE,0,0,0,2.5,3.1,0,0,30000,0,19-DEC-2017,
OPTSTK,ALBK,25-Jan-2018,80,CE,0,0,0,18.95,2.25,0,0,0,0,19-DEC-2017,
OPTSTK,ALBK,25-Jan-2018,82.5,CE,0,0,0,17.85,1.65,0,0,0,0,19-DEC-2017,
OPTSTK,ALBK,25-Jan-2018,85,CE,0,0,0,16.8,1.15,0,0,0,0,19-DEC-2017,
OPTSTK,ALBK,25-Jan-2018,87.5,CE,0,0,0,15.85,0.8,0,0,0,0,19-DEC-2017,
OPTSTK,ALBK,25-Jan-2018,90,CE,0,0,0,1,0.55,0,0,10000,0,19-DEC-2017,
OPTSTK,ALBK,25-Jan-2018,92.5,CE,0,0,0,14,0.35,0,0,0,0,19-DEC-2017,
OPTSTK,ALBK,25-Jan-2018,95,CE,0,0,0,13.2,0.25,0,0,0,0,19-DEC-2017,
OPTSTK,ALBK,25-Jan-2018,97.5,CE,0,0,0,12.4,0.15,0,0,0,0,19-DEC-2017,
OPTSTK,ALBK,25-Jan-2018,100,CE,0,0,0,0.5,0.1,0,0,20000,0,19-DEC-2017,
OPTSTK,ALBK,25-Jan-2018,55,PE,0,0,0,3.25,0.05,0,0,0,0,19-DEC-2017,
OPTSTK,ALBK,25-Jan-2018,57.5,PE,0,0,0,3.9,0.15,0,0,0,0,19-DEC-2017,
OPTSTK,ALBK,25-Jan-2018,60,PE,0,0,0,4.65,0.25,0,0,0,0,19-DEC-2017,
OPTSTK,ALBK,25-Jan-2018,62.5,PE,0,0,0,5.45,0.45,0,0,0,0,19-DEC-2017,
OPTSTK,ALBK,25-Jan-2018,65,PE,0,0,0,6.35,0.85,0,0,0,0,19-DEC-2017,
OPTSTK,ALBK,25-Jan-2018,67.5,PE,0,0,0,7.3,1.35,0,0,0,0,19-DEC-2017,
OPTSTK,ALBK,25-Jan-2018,70,PE,0,0,0,8.3,2.1,0,0,0,0,19-DEC-2017,
OPTSTK,ALBK,25-Jan-2018,72.5,PE,0,0,0,3.1,3.05,0,0,30000,0,19-DEC-2017,
OPTSTK,ALBK,25-Jan-2018,75,PE,3.9,3.9,3.9,3.9,3.9,1,7.89,30000,10000,19-DEC-2017,
OPTSTK,ALBK,25-Jan-2018,77.5,PE,0,0,0,11.8,5.7,0,0,0,0,19-DEC-2017,
OPTSTK,ALBK,25-Jan-2018,80,PE,0,0,0,13.1,7.35,0,0,0,0,19-DEC-2017,
OPTSTK,ALBK,25-Jan-2018,82.5,PE,0,0,0,14.45,9.2,0,0,0,0,19-DEC-2017,
OPTSTK,ALBK,25-Jan-2018,85,PE,0,0,0,15.9,11.2,0,0,0,0,19-DEC-2017,
OPTSTK,ALBK,25-Jan-2018,87.5,PE,0,0,0,17.35,13.3,0,0,0,0,19-DEC-2017,
OPTSTK,ALBK,25-Jan-2018,90,PE,0,0,0,18.9,15.55,0,0,0,0,19-DEC-2017,
OPTSTK,ALBK,25-Jan-2018,92.5,PE,0,0,0,20.45,17.85,0,0,0,0,19-DEC-2017,
OPTSTK,ALBK,25-Jan-2018,95,PE,0,0,0,22.1,20.25,0,0,0,0,19-DEC-2017,
OPTSTK,ALBK,25-Jan-2018,97.5,PE,0,0,0,23.8,22.65,0,0,0,0,19-DEC-2017,
OPTSTK,ALBK,25-Jan-2018,100,PE,0,0,0,25.5,25.05,0,0,0,0,19-DEC-2017,
OPTSTK,ALBK,22-Feb-2018,55,CE,0,0,0,23.35,20.3,0,0,0,0,19-DEC-2017,
OPTSTK,ALBK,22-Feb-2018,57.5,CE,0,0,0,21.3,18,0,0,0,0,19-DEC-2017,
OPTSTK,ALBK,22-Feb-2018,60,CE,0,0,0,19.35,15.8,0,0,0,0,19-DEC-2017,
OPTSTK,ALBK,22-Feb-2018,62.5,CE,0,0,0,17.5,13.7,0,0,0,0,19-DEC-2017,
OPTSTK,ALBK,22-Feb-2018,65,CE,0,0,0,15.75,11.75,0,0,0,0,19-DEC-2017,
OPTSTK,ALBK,22-Feb-2018,67.5,CE,0,0,0,14.1,10,0,0,0,0,19-DEC-2017,
OPTSTK,ALBK,22-Feb-2018,70,CE,0,0,0,12.6,8.35,0,0,0,0,19-DEC-2017,
OPTSTK,ALBK,22-Feb-2018,72.5,CE,0,0,0,11.2,6.95,0,0,0,0,19-DEC-2017,
OPTSTK,ALBK,22-Feb-2018,75,CE,0,0,0,9.95,5.7,0,0,0,0,19-DEC-2017,
OPTSTK,ALBK,22-Feb-2018,77.5,CE,0,0,0,8.75,4.6,0,0,0,0,19-DEC-2017,
OPTSTK,ALBK,22-Feb-2018,80,CE,0,0,0,7.7,3.7,0,0,0,0,19-DEC-2017,
OPTSTK,ALBK,22-Feb-2018,82.5,CE,0,0,0,6.8,2.95,0,0,0,0,19-DEC-2017,
OPTSTK,ALBK,22-Feb-2018,85,CE,0,0,0,5.95,2.3,0,0,0,0,19-DEC-2017,
OPTSTK,ALBK,22-Feb-2018,87.5,CE,0,0,0,5.2,1.8,0,0,0,0,19-DEC-2017,
OPTSTK,ALBK,22-Feb-2018,90,CE,0,0,0,4.5,1.4,0,0,0,0,19-DEC-2017,
OPTSTK,ALBK,22-Feb-2018,92.5,CE,0,0,0,3.95,1.05,0,0,0,0,19-DEC-2017,
OPTSTK,ALBK,22-Feb-2018,95,CE,0,0,0,3.4,0.8,0,0,0,0,19-DEC-2017,
OPTSTK,ALBK,22-Feb-2018,97.5,CE,0,0,0,2.95,0.6,0,0,0,0,19-DEC-2017,
OPTSTK,ALBK,22-Feb-2018,100,CE,0,0,0,2.55,0.45,0,0,0,0,19-DEC-2017,
OPTSTK,ALBK,22-Feb-2018,55,PE,0,0,0,1,0.25,0,0,0,0,19-DEC-2017,
OPTSTK,ALBK,22-Feb-2018,57.5,PE,0,0,0,1.4,0.45,0,0,0,0,19-DEC-2017,
OPTSTK,ALBK,22-Feb-2018,60,PE,0,0,0,1.9,0.7,0,0,0,0,19-DEC-2017,
OPTSTK,ALBK,22-Feb-2018,62.5,PE,0,0,0,2.5,1.1,0,0,0,0,19-DEC-2017,
OPTSTK,ALBK,22-Feb-2018,65,PE,0,0,0,3.25,1.6,0,0,0,0,19-DEC-2017,
OPTSTK,ALBK,22-Feb-2018,67.5,PE,0,0,0,4.05,2.3,0,0,0,0,19-DEC-2017,
OPTSTK,ALBK,22-Feb-2018,70,PE,0,0,0,5,3.15,0,0,0,0,19-DEC-2017,
OPTSTK,ALBK,22-Feb-2018,72.5,PE,0,0,0,6.1,4.2,0,0,0,0,19-DEC-2017,
OPTSTK,ALBK,22-Feb-2018,75,PE,0,0,0,7.3,5.45,0,0,0,0,19-DEC-2017,
OPTSTK,ALBK,22-Feb-2018,77.5,PE,0,0,0,8.6,6.8,0,0,0,0,19-DEC-2017,
OPTSTK,ALBK,22-Feb-2018,80,PE,0,0,0,10,8.4,0,0,0,0,19-DEC-2017,
OPTSTK,ALBK,22-Feb-2018,82.5,PE,0,0,0,11.55,10.1,0,0,0,0,19-DEC-2017,
OPTSTK,ALBK,22-Feb-2018,85,PE,0,0,0,13.15,11.95,0,0,0,0,19-DEC-2017,
OPTSTK,ALBK,22-Feb-2018,87.5,PE,0,0,0,14.85,13.9,0,0,0,0,19-DEC-2017,
OPTSTK,ALBK,22-Feb-2018,90,PE,0,0,0,16.65,15.95,0,0,0,0,19-DEC-2017,
OPTSTK,ALBK,22-Feb-2018,92.5,PE,0,0,0,18.55,18.1,0,0,0,0,19-DEC-2017,
OPTSTK,ALBK,22-Feb-2018,95,PE,0,0,0,20.5,20.35,0,0,0,0,19-DEC-2017,
OPTSTK,ALBK,22-Feb-2018,97.5,PE,0,0,0,22.5,22.6,0,0,0,0,19-DEC-2017,
OPTSTK,ALBK,22-Feb-2018,100,PE,0,0,0,24.55,24.95,0,0,0,0,19-DEC-2017,
OPTSTK,AMARAJABAT,28-Dec-2017,520,CE,0,0,0,197.5,287.05,0,0,0,0,19-DEC-2017,
OPTSTK,AMARAJABAT,28-Dec-2017,540,CE,0,0,0,178.45,267.05,0,0,0,0,19-DEC-2017,
OPTSTK,AMARAJABAT,28-Dec-2017,560,CE,0,0,0,159.85,247.1,0,0,0,0,19-DEC-2017,
OPTSTK,AMARAJABAT,28-Dec-2017,580,CE,0,0,0,141.8,227.1,0,0,0,0,19-DEC-2017,
OPTSTK,AMARAJABAT,28-Dec-2017,600,CE,0,0,0,124.5,207.15,0,0,0,0,19-DEC-2017,
OPTSTK,AMARAJABAT,28-Dec-2017,620,CE,0,0,0,108.15,187.2,0,0,0,0,19-DEC-2017,
OPTSTK,AMARAJABAT,28-Dec-2017,640,CE,0,0,0,92.9,167.2,0,0,0,0,19-DEC-2017,
OPTSTK,AMARAJABAT,28-Dec-2017,660,CE,0,0,0,78.85,147.25,0,0,0,0,19-DEC-2017,
OPTSTK,AMARAJABAT,28-Dec-2017,680,CE,0,0,0,66.15,127.3,0,0,0,0,19-DEC-2017,
OPTSTK,AMARAJABAT,28-Dec-2017,700,CE,0,0,0,54.85,107.4,0,0,0,0,19-DEC-2017,
OPTSTK,AMARAJABAT,28-Dec-2017,720,CE,0,0,0,64.65,87.7,0,0,600,0,19-DEC-2017,
OPTSTK,AMARAJABAT,28-Dec-2017,740,CE,0,0,0,66.15,68.55,0,0,600,0,19-DEC-2017,
OPTSTK,AMARAJABAT,28-Dec-2017,760,CE,44.3,44.3,44.3,44.3,44.3,1,4.82,8400,0,19-DEC-2017,
OPTSTK,AMARAJABAT,28-Dec-2017,780,CE,18.7,41,18.7,33.3,33.3,140,678.28,20400,-14400,19-DEC-2017,
OPTSTK,AMARAJABAT,28-Dec-2017,800,CE,10.3,25,9.6,21.15,21.15,763,3741.2,67200,-10200,19-DEC-2017,
OPTSTK,AMARAJABAT,28-Dec-2017,820,CE,5.4,14.9,5.4,12.75,12.75,455,2268.4,98400,10800,19-DEC-2017,
OPTSTK,AMARAJABAT,28-Dec-2017,840,CE,4.8,8.45,4,6.95,6.95,119,604.04,67200,11400,19-DEC-2017,
OPTSTK,AMARAJABAT,28-Dec-2017,860,CE,3.05,5.1,2.8,4.3,4.3,23,119.23,18000,2400,19-DEC-2017,
OPTSTK,AMARAJABAT,28-Dec-2017,880,CE,1.45,1.75,1.4,1.65,1.65,5,26.44,7800,600,19-DEC-2017,
OPTSTK,AMARAJABAT,28-Dec-2017,900,CE,0.6,1.4,0.6,1.4,1.4,5,27.02,10800,-600,19-DEC-2017,
OPTSTK,AMARAJABAT,28-Dec-2017,920,CE,0.2,0.95,0.2,0.95,0.95,2,11.04,9000,-600,19-DEC-2017,
OPTSTK,AMARAJABAT,28-Dec-2017,940,CE,0,0,0,2.55,0.1,0,0,0,0,19-DEC-2017,
OPTSTK,AMARAJABAT,28-Dec-2017,960,CE,0,0,0,1.85,0.05,0,0,0,0,19-DEC-2017,
OPTSTK,AMARAJABAT,28-Dec-2017,980,CE,0,0,0,1.35,0,0,0,0,0,19-DEC-2017,
OPTSTK,AMARAJABAT,28-Dec-2017,1000,CE,0,0,0,1,0,0,0,0,0,19-DEC-2017,
OPTSTK,AMARAJABAT,28-Dec-2017,1020,CE,0,0,0,0.7,0,0,0,0,0,19-DEC-2017,
OPTSTK,AMARAJABAT,28-Dec-2017,520,PE,0,0,0,0.75,0,0,0,0,0,19-DEC-2017,
OPTSTK,AMARAJABAT,28-Dec-2017,540,PE,0,0,0,1.4,0,0,0,0,0,19-DEC-2017,
OPTSTK,AMARAJABAT,28-Dec-2017,560,PE,0,0,0,2.5,0,0,0,0,0,19-DEC-2017,
OPTSTK,AMARAJABAT,28-Dec-2017,580,PE,0,0,0,4.15,0,0,0,0,0,19-DEC-2017,
OPTSTK,AMARAJABAT,28-Dec-2017,600,PE,0,0,0,6.55,0,0,0,0,0,19-DEC-2017,
OPTSTK,AMARAJABAT,28-Dec-2017,620,PE,0,0,0,9.85,0,0,0,0,0,19-DEC-2017,
OPTSTK,AMARAJABAT,28-Dec-2017,640,PE,0,0,0,14.3,0,0,0,0,0,19-DEC-2017,
OPTSTK,AMARAJABAT,28-Dec-2017,660,PE,0,0,0,19.95,0,0,0,0,0,19-DEC-2017,
OPTSTK,AMARAJABAT,28-Dec-2017,680,PE,0,0,0,26.95,0.05,0,0,0,0,19-DEC-2017,
OPTSTK,AMARAJABAT,28-Dec-2017,700,PE,0.6,3.4,0.6,1.2,1.2,69,290.55,13800,12600,19-DEC-2017,
OPTSTK,AMARAJABAT,28-Dec-2017,720,PE,1.55,2,0.9,1.1,1.1,7,30.3,7200,1200,19-DEC-2017,
OPTSTK,AMARAJABAT,28-Dec-2017,740,PE,2.8,3.6,1.75,1.95,1.95,24,106.95,16800,1800,19-DEC-2017,
OPTSTK,AMARAJABAT,28-Dec-2017,760,PE,10.25,10.25,3,3.9,3.9,32,146.98,13200,0,19-DEC-2017,
OPTSTK,AMARAJABAT,28-Dec-2017,780,PE,18.1,18.1,5.2,6.6,6.6,30,142.24,10800,1200,19-DEC-2017,
OPTSTK,AMARAJABAT,28-Dec-2017,800,PE,18.85,18.85,15,15,15,2,9.8,11400,1200,19-DEC-2017,
OPTSTK,AMARAJABAT,28-Dec-2017,820,PE,0,0,0,40,25.4,0,0,3600,0,19-DEC-2017,
OPTSTK,AMARAJABAT,28-Dec-2017,840,PE,0,0,0,42,39.25,0,0,2400,0,19-DEC-2017,
OPTSTK,AMARAJABAT,28-Dec-2017,860,PE,80,80,60.6,60.6,60.6,2,11.16,3600,-1200,19-DEC-2017,
OPTSTK,AMARAJABAT,28-Dec-2017,880,PE,0,0,0,74,73.8,0,0,3000,0,19-DEC-2017,
OPTSTK,AMARAJABAT,28-Dec-2017,900,PE,100,100,100,100,100,2,12,600,-1200,19-DEC-2017,
OPTSTK,AMARAJABAT,28-Dec-2017,920,PE,0,0,0,200.5,112.55,0,0,0,0,19-DEC-2017,
OPTSTK,AMARAJABAT,28-Dec-2017,940,PE,0,0,0,219.25,132.4,0,0,0,0,19-DEC-2017,
OPTSTK,AMARAJABAT,28-Dec-2017,960,PE,0,0,0,238.25,152.35,0,0,0,0,19-DEC-2017,
OPTSTK,AMARAJABAT,28-Dec-2017,980,PE,0,0,0,257.45,172.3,0,0,0,0,19-DEC-2017,
OPTSTK,AMARAJABAT,28-Dec-2017,1000,PE,0,0,0,193,192.25,0,0,600,0,19-DEC-2017,
OPTSTK,AMARAJABAT,28-Dec-2017,1020,PE,0,0,0,296.2,212.25,0,0,0,0,19-DEC-2017,
OPTSTK,AMARAJABAT,25-Jan-2018,520,CE,0,0,0,179,289.6,0,0,0,0,19-DEC-2017,
OPTSTK,AMARAJABAT,25-Jan-2018,540,CE,0,0,0,159.8,269.75,0,0,0,0,19-DEC-2017,
OPTSTK,AMARAJABAT,25-Jan-2018,560,CE,0,0,0,141.05,249.9,0,0,0,0,19-DEC-2017,
OPTSTK,AMARAJABAT,25-Jan-2018,580,CE,0,0,0,122.9,230.05,0,0,0,0,19-DEC-2017,
OPTSTK,AMARAJABAT,25-Jan-2018,600,CE,0,0,0,105.6,210.25,0,0,0,0,19-DEC-2017,
OPTSTK,AMARAJABAT,25-Jan-2018,620,CE,0,0,0,89.35,190.55,0,0,0,0,19-DEC-2017,
OPTSTK,AMARAJABAT,25-Jan-2018,640,CE,0,0,0,74.4,171,0,0,0,0,19-DEC-2017,
OPTSTK,AMARAJABAT,25-Jan-2018,660,CE,0,0,0,60.9,151.75,0,0,0,0,19-DEC-2017,
OPTSTK,AMARAJABAT,25-Jan-2018,680,CE,0,0,0,49.05,132.95,0,0,0,0,19-DEC-2017,
OPTSTK,AMARAJABAT,25-Jan-2018,700,CE,0,0,0,38.85,114.9,0,0,0,0,19-DEC-2017,
OPTSTK,AMARAJABAT,25-Jan-2018,720,CE,0,0,0,30.2,97.7,0,0,0,0,19-DEC-2017,
OPTSTK,AMARAJABAT,25-Jan-2018,740,CE,0,0,0,23.1,81.75,0,0,0,0,19-DEC-2017,
OPTSTK,AMARAJABAT,25-Jan-2018,760,CE,0,0,0,17.4,67.15,0,0,0,0,19-DEC-2017,
OPTSTK,AMARAJABAT,25-Jan-2018,780,CE,0,0,0,12.9,54.15,0,0,0,0,19-DEC-2017,
OPTSTK,AMARAJABAT,25-Jan-2018,800,CE,35,35,35,35,35,1,5.84,700,700,19-DEC-2017,
OPTSTK,AMARAJABAT,25-Jan-2018,820,CE,0,0,0,6.75,33.2,0,0,0,0,19-DEC-2017,
OPTSTK,AMARAJABAT,25-Jan-2018,840,CE,0,0,0,4.8,25.25,0,0,0,0,19-DEC-2017,
OPTSTK,AMARAJABAT,25-Jan-2018,860,CE,0,0,0,3.35,18.85,0,0,0,0,19-DEC-2017,
OPTSTK,AMARAJABAT,25-Jan-2018,880,CE,0,0,0,2.3,13.85,0,0,0,0,19-DEC-2017,
OPTSTK,AMARAJABAT,25-Jan-2018,900,CE,8.5,8.5,8.5,8.5,8.5,1,6.35,700,700,19-DEC-2017,
OPTSTK,AMARAJABAT,25-Jan-2018,920,CE,0,0,0,1.05,7,0,0,0,0,19-DEC-2017,
OPTSTK,AMARAJABAT,25-Jan-2018,940,CE,0,0,0,0.7,4.85,0,0,0,0,19-DEC-2017,
OPTSTK,AMARAJABAT,25-Jan-2018,960,CE,0,0,0,0.5,3.3,0,0,0,0,19-DEC-2017,
OPTSTK,AMARAJABAT,25-Jan-2018,980,CE,0,0,0,0.3,2.2,0,0,0,0,19-DEC-2017,
OPTSTK,AMARAJABAT,25-Jan-2018,1000,CE,0,0,0,0.2,1.45,0,0,0,0,19-DEC-2017,
OPTSTK,AMARAJABAT,25-Jan-2018,1020,CE,0,0,0,0.15,0.95,0,0,0,0,19-DEC-2017,
OPTSTK,AMARAJABAT,25-Jan-2018,520,PE,0,0,0,0.5,0,0,0,0,0,19-DEC-2017,
OPTSTK,AMARAJABAT,25-Jan-2018,540,PE,0,0,0,1,0,0,0,0,0,19-DEC-2017,
OPTSTK,AMARAJABAT,25-Jan-2018,560,PE,0,0,0,1.9,0.05,0,0,0,0,19-DEC-2017,
OPTSTK,AMARAJABAT,25-Jan-2018,580,PE,0,0,0,3.45,0.05,0,0,0,0,19-DEC-2017,
OPTSTK,AMARAJABAT,25-Jan-2018,600,PE,0,0,0,5.8,0.15,0,0,0,0,19-DEC-2017,
OPTSTK,AMARAJABAT,25-Jan-2018,620,PE,0,0,0,9.25,0.3,0,0,0,0,19-DEC-2017,
OPTSTK,AMARAJABAT,25-Jan-2018,640,PE,0,0,0,14.05,0.6,0,0,0,0,19-DEC-2017,
OPTSTK,AMARAJABAT,25-Jan-2018,660,PE,0,0,0,20.2,1.25,0,0,0,0,19-DEC-2017,
OPTSTK,AMARAJABAT,25-Jan-2018,680,PE,0,0,0,28.05,2.35,0,0,0,0,19-DEC-2017,
OPTSTK,AMARAJABAT,25-Jan-2018,700,PE,0,0,0,37.5,4.15,0,0,0,0,19-DEC-2017,
OPTSTK,AMARAJABAT,25-Jan-2018,720,PE,0,0,0,48.6,6.85,0,0,0,0,19-DEC-2017,
OPTSTK,AMARAJABAT,25-Jan-2018,740,PE,0,0,0,61.15,10.7,0,0,0,0,19-DEC-2017,
OPTSTK,AMARAJABAT,25-Jan-2018,760,PE,0,0,0,75.15,16,0,0,0,0,19-DEC-2017,
OPTSTK,AMARAJABAT,25-Jan-2018,780,PE,23,23,23,23,23,1,5.62,700,700,19-DEC-2017,
OPTSTK,AMARAJABAT,25-Jan-2018,800,PE,0,0,0,106.5,31.45,0,0,0,0,19-DEC-2017,
OPTSTK,AMARAJABAT,25-Jan-2018,820,PE,0,0,0,123.55,41.7,0,0,0,0,19-DEC-2017,
OPTSTK,AMARAJABAT,25-Jan-2018,840,PE,0,0,0,141.3,53.6,0,0,0,0,19-DEC-2017,
OPTSTK,AMARAJABAT,25-Jan-2018,860,PE,0,0,0,90,67.05,0,0,700,0,19-DEC-2017,
OPTSTK,AMARAJABAT,25-Jan-2018,880,PE,0,0,0,178.15,81.9,0,0,0,0,19-DEC-2017,
OPTSTK,AMARAJABAT,25-Jan-2018,900,PE,0,0,0,197.1,97.85,0,0,0,0,19-DEC-2017,
OPTSTK,AMARAJABAT,25-Jan-2018,920,PE,0,0,0,216.3,114.8,0,0,0,0,19-DEC-2017,
OPTSTK,AMARAJABAT,25-Jan-2018,940,PE,0,0,0,235.65,132.55,0,0,0,0,19-DEC-2017,
OPTSTK,AMARAJABAT,25-Jan-2018,960,PE,0,0,0,255.05,150.85,0,0,0,0,19-DEC-2017,
OPTSTK,AMARAJABAT,25-Jan-2018,980,PE,0,0,0,274.6,169.65,0,0,0,0,19-DEC-2017,
OPTSTK,AMARAJABAT,25-Jan-2018,1000,PE,0,0,0,294.2,188.75,0,0,0,0,19-DEC-2017,
OPTSTK,AMARAJABAT,25-Jan-2018,1020,PE,0,0,0,313.8,208.1,0,0,0,0,19-DEC-2017,
OPTSTK,AMARAJABAT,22-Feb-2018,520,CE,0,0,0,286.75,292.2,0,0,0,0,19-DEC-2017,
OPTSTK,AMARAJABAT,22-Feb-2018,540,CE,0,0,0,267.25,272.5,0,0,0,0,19-DEC-2017,
OPTSTK,AMARAJABAT,22-Feb-2018,560,CE,0,0,0,247.9,252.85,0,0,0,0,19-DEC-2017,
OPTSTK,AMARAJABAT,22-Feb-2018,580,CE,0,0,0,228.8,233.3,0,0,0,0,19-DEC-2017,
OPTSTK,AMARAJABAT,22-Feb-2018,600,CE,0,0,0,209.95,213.95,0,0,0,0,19-DEC-2017,
OPTSTK,AMARAJABAT,22-Feb-2018,620,CE,0,0,0,191.55,194.85,0,0,0,0,19-DEC-2017,
OPTSTK,AMARAJABAT,22-Feb-2018,640,CE,0,0,0,173.65,176.15,0,0,0,0,19-DEC-2017,
OPTSTK,AMARAJABAT,22-Feb-2018,660,CE,0,0,0,156.35,157.95,0,0,0,0,19-DEC-2017,
OPTSTK,AMARAJABAT,22-Feb-2018,680,CE,0,0,0,139.85,140.45,0,0,0,0,19-DEC-2017,
OPTSTK,AMARAJABAT,22-Feb-2018,700,CE,0,0,0,124.2,123.75,0,0,0,0,19-DEC-2017,
OPTSTK,AMARAJABAT,22-Feb-2018,720,CE,0,0,0,109.55,108,0,0,0,0,19-DEC-2017,
OPTSTK,AMARAJABAT,22-Feb-2018,740,CE,0,0,0,95.85,93.35,0,0,0,0,19-DEC-2017,
OPTSTK,AMARAJABAT,22-Feb-2018,760,CE,0,0,0,83.3,79.85,0,0,0,0,19-DEC-2017,
OPTSTK,AMARAJABAT,22-Feb-2018,780,CE,0,0,0,71.85,67.65,0,0,0,0,19-DEC-2017,
OPTSTK,AMARAJABAT,22-Feb-2018,800,CE,0,0,0,61.55,56.75,0,0,0,0,19-DEC-2017,
OPTSTK,AMARAJABAT,22-Feb-2018,820,CE,0,0,0,52.35,47.1,0,0,0,0,19-DEC-2017,
OPTSTK,AMARAJABAT,22-Feb-2018,840,CE,0,0,0,44.2,38.7,0,0,0,0,19-DEC-2017,
OPTSTK,AMARAJABAT,22-Feb-2018,860,CE,0,0,0,37.05,31.5,0,0,0,0,19-DEC-2017,
OPTSTK,AMARAJABAT,22-Feb-2018,880,CE,0,0,0,30.9,25.4,0,0,0,0,19-DEC-2017,
OPTSTK,AMARAJABAT,22-Feb-2018,900,CE,0,0,0,25.6,20.35,0,0,0,0,19-DEC-2017,
OPTSTK,AMARAJABAT,22-Feb-2018,920,CE,0,0,0,21.1,16.1,0,0,0,0,19-DEC-2017,
OPTSTK,AMARAJABAT,22-Feb-2018,940,CE,0,0,0,17.25,12.65,0,0,0,0,19-DEC-2017,
OPTSTK,AMARAJABAT,22-Feb-2018,960,CE,0,0,0,14.05,9.85,0,0,0,0,19-DEC-2017,
OPTSTK,AMARAJABAT,22-Feb-2018,980,CE,0,0,0,11.35,7.6,0,0,0,0,19-DEC-2017,
OPTSTK,AMARAJABAT,22-Feb-2018,1000,CE,0,0,0,9.15,5.8,0,0,0,0,19-DEC-2017,
OPTSTK,AMARAJABAT,22-Feb-2018,1020,CE,0,0,0,7.35,4.4,0,0,0,0,19-DEC-2017,
OPTSTK,AMARAJABAT,22-Feb-2018,520,PE,0,0,0,0.25,0.05,0,0,0,0,19-DEC-2017,
OPTSTK,AMARAJABAT,22-Feb-2018,540,PE,0,0,0,0.45,0.15,0,0,0,0,19-DEC-2017,
OPTSTK,AMARAJABAT,22-Feb-2018,560,PE,0,0,0,0.8,0.25,0,0,0,0,19-DEC-2017,
OPTSTK,AMARAJABAT,22-Feb-2018,580,PE,0,0,0,1.4,0.5,0,0,0,0,19-DEC-2017,
OPTSTK,AMARAJABAT,22-Feb-2018,600,PE,0,0,0,2.25,0.9,0,0,0,0,19-DEC-2017,
OPTSTK,AMARAJABAT,22-Feb-2018,620,PE,0,0,0,3.55,1.6,0,0,0,0,19-DEC-2017,
OPTSTK,AMARAJABAT,22-Feb-2018,640,PE,0,0,0,5.35,2.65,0,0,0,0,19-DEC-2017,
OPTSTK,AMARAJABAT,22-Feb-2018,660,PE,0,0,0,7.8,4.25,0,0,0,0,19-DEC-2017,
OPTSTK,AMARAJABAT,22-Feb-2018,680,PE,0,0,0,11,6.5,0,0,0,0,19-DEC-2017,
OPTSTK,AMARAJABAT,22-Feb-2018,700,PE,0,0,0,15.05,9.55,0,0,0,0,19-DEC-2017,
OPTSTK,AMARAJABAT,22-Feb-2018,720,PE,0,0,0,20.1,13.6,0,0,0,0,19-DEC-2017,
OPTSTK,AMARAJABAT,22-Feb-2018,740,PE,0,0,0,26.1,18.75,0,0,0,0,19-DEC-2017,
OPTSTK,AMARAJABAT,22-Feb-2018,760,PE,0,0,0,33.25,25,0,0,0,0,19-DEC-2017,
OPTSTK,AMARAJABAT,22-Feb-2018,780,PE,0,0,0,41.5,32.55,0,0,0,0,19-DEC-2017,
OPTSTK,AMARAJABAT,22-Feb-2018,800,PE,0,0,0,50.9,41.4,0,0,0,0,19-DEC-2017,
OPTSTK,AMARAJABAT,22-Feb-2018,820,PE,0,0,0,61.45,51.55,0,0,0,0,19-DEC-2017,
OPTSTK,AMARAJABAT,22-Feb-2018,840,PE,0,0,0,73,62.95,0,0,0,0,19-DEC-2017,
OPTSTK,AMARAJABAT,22-Feb-2018,860,PE,0,0,0,85.6,75.5,0,0,0,0,19-DEC-2017,
OPTSTK,AMARAJABAT,22-Feb-2018,880,PE,0,0,0,99.1,89.15,0,0,0,0,19-DEC-2017,
OPTSTK,AMARAJABAT,22-Feb-2018,900,PE,0,0,0,113.55,103.85,0,0,0,0,19-DEC-2017,
OPTSTK,AMARAJABAT,22-Feb-2018,920,PE,0,0,0,128.75,119.4,0,0,0,0,19-DEC-2017,
OPTSTK,AMARAJABAT,22-Feb-2018,940,PE,0,0,0,144.6,135.7,0,0,0,0,19-DEC-2017,
OPTSTK,AMARAJABAT,22-Feb-2018,960,PE,0,0,0,161.1,152.7,0,0,0,0,19-DEC-2017,
OPTSTK,AMARAJABAT,22-Feb-2018,980,PE,0,0,0,178.15,170.2,0,0,0,0,19-DEC-2017,
OPTSTK,AMARAJABAT,22-Feb-2018,1000,PE,0,0,0,195.65,188.2,0,0,0,0,19-DEC-2017,
OPTSTK,AMARAJABAT,22-Feb-2018,1020,PE,0,0,0,213.5,206.6,0,0,0,0,19-DEC-2017,
OPTSTK,AMBUJACEM,28-Dec-2017,180,CE,0,0,0,90.9,90.95,0,0,0,0,19-DEC-2017,
OPTSTK,AMBUJACEM,28-Dec-2017,185,CE,0,0,0,85.95,85.95,0,0,0,0,19-DEC-2017,
OPTSTK,AMBUJACEM,28-Dec-2017,190,CE,0,0,0,81.05,80.95,0,0,0,0,19-DEC-2017,
OPTSTK,AMBUJACEM,28-Dec-2017,195,CE,0,0,0,76.15,75.95,0,0,0,0,19-DEC-2017,
OPTSTK,AMBUJACEM,28-Dec-2017,200,CE,0,0,0,71.3,71,0,0,0,0,19-DEC-2017,
OPTSTK,AMBUJACEM,28-Dec-2017,205,CE,0,0,0,66.45,66,0,0,0,0,19-DEC-2017,
OPTSTK,AMBUJACEM,28-Dec-2017,210,CE,0,0,0,61.7,61,0,0,0,0,19-DEC-2017,
OPTSTK,AMBUJACEM,28-Dec-2017,215,CE,0,0,0,56.95,56,0,0,0,0,19-DEC-2017,
OPTSTK,AMBUJACEM,28-Dec-2017,220,CE,0,0,0,52.3,51,0,0,0,0,19-DEC-2017,
OPTSTK,AMBUJACEM,28-Dec-2017,225,CE,0,0,0,47.8,46,0,0,0,0,19-DEC-2017,
OPTSTK,AMBUJACEM,28-Dec-2017,230,CE,0,0,0,43.4,41.05,0,0,0,0,19-DEC-2017,
OPTSTK,AMBUJACEM,28-Dec-2017,235,CE,0,0,0,39.15,36.05,0,0,0,0,19-DEC-2017,
OPTSTK,AMBUJACEM,28-Dec-2017,240,CE,0,0,0,23,31.05,0,0,2500,0,19-DEC-2017,
OPTSTK,AMBUJACEM,28-Dec-2017,245,CE,0,0,0,31.2,26.05,0,0,0,0,19-DEC-2017,
OPTSTK,AMBUJACEM,28-Dec-2017,250,CE,0,0,0,14.25,21.1,0,0,2500,0,19-DEC-2017,
OPTSTK,AMBUJACEM,28-Dec-2017,255,CE,12,12,12,12,12,1,6.67,5000,0,19-DEC-2017,
OPTSTK,AMBUJACEM,28-Dec-2017,260,CE,8.25,11.7,8.1,11.6,11.6,13,87.67,50000,-12500,19-DEC-2017,
OPTSTK,AMBUJACEM,28-Dec-2017,265,CE,5,7.9,4.5,7,7,45,304.74,127500,-20000,19-DEC-2017,
OPTSTK,AMBUJACEM,28-Dec-2017,270,CE,2.95,4.6,2.8,4.3,4.3,202,1382.63,340000,-95000,19-DEC-2017,
OPTSTK,AMBUJACEM,28-Dec-2017,275,CE,1.7,2.45,1.65,2.4,2.4,48,332.54,192500,-20000,19-DEC-2017,
OPTSTK,AMBUJACEM,28-Dec-2017,280,CE,1.05,1.3,0.95,1.25,1.25,52,365.46,330000,5000,19-DEC-2017,
OPTSTK,AMBUJACEM,28-Dec-2017,285,CE,0.6,0.7,0.6,0.7,0.7,4,28.56,82500,-2500,19-DEC-2017,
OPTSTK,AMBUJACEM,28-Dec-2017,290,CE,0.45,0.45,0.4,0.4,0.4,3,21.78,105000,5000,19-DEC-2017,
OPTSTK,AMBUJACEM,28-Dec-2017,295,CE,0,0,0,0.65,0.05,0,0,5000,0,19-DEC-2017,
OPTSTK,AMBUJACEM,28-Dec-2017,300,CE,0.3,0.3,0.3,0.3,0.3,1,7.5,65000,2500,19-DEC-2017,
OPTSTK,AMBUJACEM,28-Dec-2017,305,CE,0,0,0,4.4,0,0,0,0,0,19-DEC-2017,
OPTSTK,AMBUJACEM,28-Dec-2017,310,CE,0,0,0,3.55,0,0,0,0,0,19-DEC-2017,
OPTSTK,AMBUJACEM,28-Dec-2017,315,CE,0,0,0,2.85,0,0,0,0,0,19-DEC-2017,
OPTSTK,AMBUJACEM,28-Dec-2017,320,CE,0,0,0,2.3,0,0,0,0,0,19-DEC-2017,
OPTSTK,AMBUJACEM,28-Dec-2017,325,CE,0,0,0,1.85,0,0,0,0,0,19-DEC-2017,
OPTSTK,AMBUJACEM,28-Dec-2017,330,CE,0,0,0,1.45,0,0,0,0,0,19-DEC-2017,
OPTSTK,AMBUJACEM,28-Dec-2017,335,CE,0,0,0,1.15,0,0,0,0,0,19-DEC-2017,
OPTSTK,AMBUJACEM,28-Dec-2017,340,CE,0,0,0,0.9,0,0,0,0,0,19-DEC-2017,
OPTSTK,AMBUJACEM,28-Dec-2017,180,PE,0,0,0,0.05,0,0,0,0,0,19-DEC-2017,
OPTSTK,AMBUJACEM,28-Dec-2017,185,PE,0,0,0,0.05,0,0,0,0,0,19-DEC-2017,
OPTSTK,AMBUJACEM,28-Dec-2017,190,PE,0,0,0,0.05,0,0,0,0,0,19-DEC-2017,
OPTSTK,AMBUJACEM,28-Dec-2017,195,PE,0,0,0,0.1,0,0,0,0,0,19-DEC-2017,
OPTSTK,AMBUJACEM,28-Dec-2017,200,PE,0,0,0,0.15,0,0,0,0,0,19-DEC-2017,
OPTSTK,AMBUJACEM,28-Dec-2017,205,PE,0,0,0,0.25,0,0,0,0,0,19-DEC-2017,
OPTSTK,AMBUJACEM,28-Dec-2017,210,PE,0,0,0,0.35,0,0,0,0,0,19-DEC-2017,
OPTSTK,AMBUJACEM,28-Dec-2017,215,PE,0,0,0,0.55,0,0,0,0,0,19-DEC-2017,
OPTSTK,AMBUJACEM,28-Dec-2017,220,PE,0,0,0,0.85,0,0,0,0,0,19-DEC-2017,
OPTSTK,AMBUJACEM,28-Dec-2017,225,PE,0,0,0,1.25,0,0,0,0,0,19-DEC-2017,
OPTSTK,AMBUJACEM,28-Dec-2017,230,PE,0,0,0,1.75,0,0,0,0,0,19-DEC-2017,
OPTSTK,AMBUJACEM,28-Dec-2017,235,PE,0,0,0,2.4,0,0,0,0,0,19-DEC-2017,
OPTSTK,AMBUJACEM,28-Dec-2017,240,PE,0,0,0,0.3,0,0,0,27500,0,19-DEC-2017,
OPTSTK,AMBUJACEM,28-Dec-2017,245,PE,0,0,0,0.2,0,0,0,82500,0,19-DEC-2017,
OPTSTK,AMBUJACEM,28-Dec-2017,250,PE,0.65,0.65,0.35,0.35,0.35,29,181.61,140000,25000,19-DEC-2017,
OPTSTK,AMBUJACEM,28-Dec-2017,255,PE,0.9,0.9,0.5,0.5,0.5,35,223.76,102500,-10000,19-DEC-2017,
OPTSTK,AMBUJACEM,28-Dec-2017,260,PE,2.2,2.2,0.85,0.95,0.95,36,235.29,137500,10000,19-DEC-2017,
OPTSTK,AMBUJACEM,28-Dec-2017,265,PE,4.55,4.55,1.95,2.05,2.05,38,254.58,57500,-10000,19-DEC-2017,
OPTSTK,AMBUJACEM,28-Dec-2017,270,PE,8,8,3.5,4,4,51,350.18,60000,-10000,19-DEC-2017,
OPTSTK,AMBUJACEM,28-Dec-2017,275,PE,0,0,0,13.3,5.95,0,0,7500,0,19-DEC-2017,
OPTSTK,AMBUJACEM,28-Dec-2017,280,PE,14,14,14,14,14,6,44.1,2500,-12500,19-DEC-2017,
OPTSTK,AMBUJACEM,28-Dec-2017,285,PE,0,0,0,18.5,14.2,0,0,2500,0,19-DEC-2017,
OPTSTK,AMBUJACEM,28-Dec-2017,290,PE,0,0,0,25.3,19,0,0,0,0,19-DEC-2017,
OPTSTK,AMBUJACEM,28-Dec-2017,295,PE,0,0,0,28.9,23.95,0,0,0,0,19-DEC-2017,
OPTSTK,AMBUJACEM,28-Dec-2017,300,PE,0,0,0,32.65,28.9,0,0,0,0,19-DEC-2017,
OPTSTK,AMBUJACEM,28-Dec-2017,305,PE,0,0,0,36.6,33.9,0,0,0,0,19-DEC-2017,
OPTSTK,AMBUJACEM,28-Dec-2017,310,PE,0,0,0,40.7,38.9,0,0,0,0,19-DEC-2017,
OPTSTK,AMBUJACEM,28-Dec-2017,315,PE,0,0,0,44.9,43.9,0,0,0,0,19-DEC-2017,
OPTSTK,AMBUJACEM,28-Dec-2017,320,PE,0,0,0,49.25,48.85,0,0,0,0,19-DEC-2017,
OPTSTK,AMBUJACEM,28-Dec-2017,325,PE,0,0,0,53.7,53.85,0,0,0,0,19-DEC-2017,
OPTSTK,AMBUJACEM,28-Dec-2017,330,PE,0,0,0,58.25,58.85,0,0,0,0,19-DEC-2017,
OPTSTK,AMBUJACEM,28-Dec-2017,335,PE,0,0,0,62.9,63.85,0,0,0,0,19-DEC-2017,
OPTSTK,AMBUJACEM,28-Dec-2017,340,PE,0,0,0,67.55,68.85,0,0,0,0,19-DEC-2017,
OPTSTK,AMBUJACEM,25-Jan-2018,180,CE,0,0,0,99.3,91.85,0,0,0,0,19-DEC-2017,
OPTSTK,AMBUJACEM,25-Jan-2018,185,CE,0,0,0,94.35,86.85,0,0,0,0,19-DEC-2017,
OPTSTK,AMBUJACEM,25-Jan-2018,190,CE,0,0,0,89.45,81.9,0,0,0,0,19-DEC-2017,
OPTSTK,AMBUJACEM,25-Jan-2018,195,CE,0,0,0,84.55,76.95,0,0,0,0,19-DEC-2017,
OPTSTK,AMBUJACEM,25-Jan-2018,200,CE,0,0,0,79.65,71.95,0,0,0,0,19-DEC-2017,
OPTSTK,AMBUJACEM,25-Jan-2018,205,CE,0,0,0,74.75,67,0,0,0,0,19-DEC-2017,
OPTSTK,AMBUJACEM,25-Jan-2018,210,CE,0,0,0,69.9,62.05,0,0,0,0,19-DEC-2017,
OPTSTK,AMBUJACEM,25-Jan-2018,215,CE,0,0,0,65.05,57.05,0,0,0,0,19-DEC-2017,
OPTSTK,AMBUJACEM,25-Jan-2018,220,CE,0,0,0,60.25,52.1,0,0,0,0,19-DEC-2017,
OPTSTK,AMBUJACEM,25-Jan-2018,225,CE,0,0,0,55.5,47.15,0,0,0,0,19-DEC-2017,
OPTSTK,AMBUJACEM,25-Jan-2018,230,CE,0,0,0,50.85,42.2,0,0,0,0,19-DEC-2017,
OPTSTK,AMBUJACEM,25-Jan-2018,235,CE,0,0,0,46.3,37.3,0,0,0,0,19-DEC-2017,
OPTSTK,AMBUJACEM,25-Jan-2018,240,CE,0,0,0,41.9,32.45,0,0,0,0,19-DEC-2017,
OPTSTK,AMBUJACEM,25-Jan-2018,245,CE,0,0,0,37.65,27.7,0,0,0,0,19-DEC-2017,
OPTSTK,AMBUJACEM,25-Jan-2018,250,CE,0,0,0,33.6,23.15,0,0,0,0,19-DEC-2017,
OPTSTK,AMBUJACEM,25-Jan-2018,255,CE,0,0,0,13.5,18.9,0,0,20000,0,19-DEC-2017,
OPTSTK,AMBUJACEM,25-Jan-2018,260,CE,0,0,0,26.15,15,0,0,0,0,19-DEC-2017,
OPTSTK,AMBUJACEM,25-Jan-2018,265,CE,0,0,0,22.8,11.55,0,0,0,0,19-DEC-2017,
OPTSTK,AMBUJACEM,25-Jan-2018,270,CE,8.5,8.5,8.5,8.5,8.5,2,13.92,5000,5000,19-DEC-2017,
OPTSTK,AMBUJACEM,25-Jan-2018,275,CE,0,0,0,16.9,6.2,0,0,0,0,19-DEC-2017,
OPTSTK,AMBUJACEM,25-Jan-2018,280,CE,0,0,0,3.5,4.3,0,0,2500,0,19-DEC-2017,
OPTSTK,AMBUJACEM,25-Jan-2018,285,CE,0,0,0,12.1,2.9,0,0,0,0,19-DEC-2017,
OPTSTK,AMBUJACEM,25-Jan-2018,290,CE,0,0,0,10.15,1.85,0,0,0,0,19-DEC-2017,
OPTSTK,AMBUJACEM,25-Jan-2018,295,CE,0,0,0,8.4,1.15,0,0,0,0,19-DEC-2017,
OPTSTK,AMBUJACEM,25-Jan-2018,300,CE,0,0,0,6.95,0.7,0,0,0,0,19-DEC-2017,
OPTSTK,AMBUJACEM,25-Jan-2018,305,CE,0,0,0,5.65,0.4,0,0,0,0,19-DEC-2017,
OPTSTK,AMBUJACEM,25-Jan-2018,310,CE,0,0,0,4.6,0.25,0,0,0,0,19-DEC-2017,
OPTSTK,AMBUJACEM,25-Jan-2018,315,CE,0,0,0,3.7,0.15,0,0,0,0,19-DEC-2017,
OPTSTK,AMBUJACEM,25-Jan-2018,320,CE,0,0,0,2.95,0.1,0,0,0,0,19-DEC-2017,
OPTSTK,AMBUJACEM,25-Jan-2018,325,CE,0,0,0,2.35,0.05,0,0,0,0,19-DEC-2017,
OPTSTK,AMBUJACEM,25-Jan-2018,330,CE,0,0,0,1.85,0.05,0,0,0,0,19-DEC-2017,
OPTSTK,AMBUJACEM,25-Jan-2018,335,CE,0,0,0,1.45,0.05,0,0,0,0,19-DEC-2017,
OPTSTK,AMBUJACEM,25-Jan-2018,340,CE,0,0,0,1.1,0,0,0,0,0,19-DEC-2017,
OPTSTK,AMBUJACEM,25-Jan-2018,180,PE,0,0,0,0.05,0,0,0,0,0,19-DEC-2017,
OPTSTK,AMBUJACEM,25-Jan-2018,185,PE,0,0,0,0.05,0,0,0,0,0,19-DEC-2017,
OPTSTK,AMBUJACEM,25-Jan-2018,190,PE,0,0,0,0.05,0,0,0,0,0,19-DEC-2017,
OPTSTK,AMBUJACEM,25-Jan-2018,195,PE,0,0,0,0.05,0,0,0,0,0,19-DEC-2017,
OPTSTK,AMBUJACEM,25-Jan-2018,200,PE,0,0,0,0.05,0,0,0,0,0,19-DEC-2017,
OPTSTK,AMBUJACEM,25-Jan-2018,205,PE,0,0,0,0.1,0,0,0,0,0,19-DEC-2017,
OPTSTK,AMBUJACEM,25-Jan-2018,210,PE,0,0,0,0.15,0,0,0,0,0,19-DEC-2017,
OPTSTK,AMBUJACEM,25-Jan-2018,215,PE,0,0,0,0.2,0,0,0,0,0,19-DEC-2017,
OPTSTK,AMBUJACEM,25-Jan-2018,220,PE,0,0,0,0.35,0,0,0,0,0,19-DEC-2017,
OPTSTK,AMBUJACEM,25-Jan-2018,225,PE,0,0,0,0.5,0.05,0,0,0,0,19-DEC-2017,
OPTSTK,AMBUJACEM,25-Jan-2018,230,PE,0,0,0,0.8,0.05,0,0,0,0,19-DEC-2017,
OPTSTK,AMBUJACEM,25-Jan-2018,235,PE,0,0,0,1.15,0.1,0,0,0,0,19-DEC-2017,
OPTSTK,AMBUJACEM,25-Jan-2018,240,PE,0,0,0,1.7,0.25,0,0,0,0,19-DEC-2017,
OPTSTK,AMBUJACEM,25-Jan-2018,245,PE,0,0,0,2.35,0.45,0,0,0,0,19-DEC-2017,
OPTSTK,AMBUJACEM,25-Jan-2018,250,PE,0,0,0,3.2,0.9,0,0,0,0,19-DEC-2017,
OPTSTK,AMBUJACEM,25-Jan-2018,255,PE,0,0,0,4.3,1.6,0,0,0,0,19-DEC-2017,
OPTSTK,AMBUJACEM,25-Jan-2018,260,PE,5.05,5.05,5.05,5.05,5.05,1,6.62,5000,2500,19-DEC-2017,
OPTSTK,AMBUJACEM,25-Jan-2018,265,PE,6.75,6.75,5.9,5.9,5.9,3,20.36,7500,7500,19-DEC-2017,
OPTSTK,AMBUJACEM,25-Jan-2018,270,PE,9.2,9.2,9.2,9.2,9.2,1,6.98,2500,2500,19-DEC-2017,
OPTSTK,AMBUJACEM,25-Jan-2018,275,PE,12.8,12.8,11,11,11,6,43.12,12500,12500,19-DEC-2017,
OPTSTK,AMBUJACEM,25-Jan-2018,280,PE,0,0,0,13.55,11.85,0,0,0,0,19-DEC-2017,
OPTSTK,AMBUJACEM,25-Jan-2018,285,PE,0,0,0,16.2,15.4,0,0,0,0,19-DEC-2017,
OPTSTK,AMBUJACEM,25-Jan-2018,290,PE,0,0,0,19.15,19.35,0,0,0,0,19-DEC-2017,
OPTSTK,AMBUJACEM,25-Jan-2018,295,PE,0,0,0,22.35,23.6,0,0,0,0,19-DEC-2017,
OPTSTK,AMBUJACEM,25-Jan-2018,300,PE,0,0,0,25.75,28.1,0,0,0,0,19-DEC-2017,
OPTSTK,AMBUJACEM,25-Jan-2018,305,PE,0,0,0,29.45,32.8,0,0,0,0,19-DEC-2017,
OPTSTK,AMBUJACEM,25-Jan-2018,310,PE,0,0,0,33.3,37.55,0,0,0,0,19-DEC-2017,
OPTSTK,AMBUJACEM,25-Jan-2018,315,PE,0,0,0,37.3,42.45,0,0,0,0,19-DEC-2017,
OPTSTK,AMBUJACEM,25-Jan-2018,320,PE,0,0,0,41.5,47.35,0,0,0,0,19-DEC-2017,
OPTSTK,AMBUJACEM,25-Jan-2018,325,PE,0,0,0,45.8,52.3,0,0,0,0,19-DEC-2017,
OPTSTK,AMBUJACEM,25-Jan-2018,330,PE,0,0,0,50.2,57.25,0,0,0,0,19-DEC-2017,
OPTSTK,AMBUJACEM,25-Jan-2018,335,PE,0,0,0,54.75,62.2,0,0,0,0,19-DEC-2017,
OPTSTK,AMBUJACEM,25-Jan-2018,340,PE,0,0,0,59.35,67.15,0,0,0,0,19-DEC-2017,
OPTSTK,AMBUJACEM,22-Feb-2018,180,CE,0,0,0,85.15,92.7,0,0,0,0,19-DEC-2017,
OPTSTK,AMBUJACEM,22-Feb-2018,185,CE,0,0,0,80.2,87.8,0,0,0,0,19-DEC-2017,
OPTSTK,AMBUJACEM,22-Feb-2018,190,CE,0,0,0,75.3,82.85,0,0,0,0,19-DEC-2017,
OPTSTK,AMBUJACEM,22-Feb-2018,195,CE,0,0,0,70.4,77.9,0,0,0,0,19-DEC-2017,
OPTSTK,AMBUJACEM,22-Feb-2018,200,CE,0,0,0,65.45,72.95,0,0,0,0,19-DEC-2017,
OPTSTK,AMBUJACEM,22-Feb-2018,205,CE,0,0,0,60.55,68,0,0,0,0,19-DEC-2017,
OPTSTK,AMBUJACEM,22-Feb-2018,210,CE,0,0,0,55.7,63.05,0,0,0,0,19-DEC-2017,
OPTSTK,AMBUJACEM,22-Feb-2018,215,CE,0,0,0,50.85,58.15,0,0,0,0,19-DEC-2017,
OPTSTK,AMBUJACEM,22-Feb-2018,220,CE,0,0,0,46.1,53.25,0,0,0,0,19-DEC-2017,
OPTSTK,AMBUJACEM,22-Feb-2018,225,CE,0,0,0,41.45,48.35,0,0,0,0,19-DEC-2017,
OPTSTK,AMBUJACEM,22-Feb-2018,230,CE,0,0,0,36.9,43.5,0,0,0,0,19-DEC-2017,
OPTSTK,AMBUJACEM,22-Feb-2018,235,CE,0,0,0,32.55,38.75,0,0,0,0,19-DEC-2017,
OPTSTK,AMBUJACEM,22-Feb-2018,240,CE,0,0,0,28.4,34.15,0,0,0,0,19-DEC-2017,
OPTSTK,AMBUJACEM,22-Feb-2018,245,CE,0,0,0,24.45,29.7,0,0,0,0,19-DEC-2017,
OPTSTK,AMBUJACEM,22-Feb-2018,250,CE,0,0,0,20.85,25.45,0,0,0,0,19-DEC-2017,
OPTSTK,AMBUJACEM,22-Feb-2018,255,CE,0,0,0,17.55,21.5,0,0,0,0,19-DEC-2017,
OPTSTK,AMBUJACEM,22-Feb-2018,260,CE,0,0,0,14.55,17.85,0,0,0,0,19-DEC-2017,
OPTSTK,AMBUJACEM,22-Feb-2018,265,CE,0,0,0,11.95,14.55,0,0,0,0,19-DEC-2017,
OPTSTK,AMBUJACEM,22-Feb-2018,270,CE,0,0,0,9.65,11.7,0,0,0,0,19-DEC-2017,
OPTSTK,AMBUJACEM,22-Feb-2018,275,CE,0,0,0,7.7,9.2,0,0,0,0,19-DEC-2017,
OPTSTK,AMBUJACEM,22-Feb-2018,280,CE,0,0,0,6.05,7.1,0,0,0,0,19-DEC-2017,
OPTSTK,AMBUJACEM,22-Feb-2018,285,CE,0,0,0,4.7,5.4,0,0,0,0,19-DEC-2017,
OPTSTK,AMBUJACEM,22-Feb-2018,290,CE,0,0,0,3.6,4,0,0,0,0,19-DEC-2017,
OPTSTK,AMBUJACEM,22-Feb-2018,295,CE,0,0,0,2.75,2.95,0,0,0,0,19-DEC-2017,
OPTSTK,AMBUJACEM,22-Feb-2018,300,CE,0,0,0,2.05,2.1,0,0,0,0,19-DEC-2017,
OPTSTK,AMBUJACEM,22-Feb-2018,305,CE,0,0,0,1.5,1.5,0,0,0,0,19-DEC-2017,
OPTSTK,AMBUJACEM,22-Feb-2018,310,CE,0,0,0,1.1,1.05,0,0,0,0,19-DEC-2017,
OPTSTK,AMBUJACEM,22-Feb-2018,315,CE,0,0,0,0.8,0.7,0,0,0,0,19-DEC-2017,
OPTSTK,AMBUJACEM,22-Feb-2018,320,CE,0,0,0,0.6,0.45,0,0,0,0,19-DEC-2017,
OPTSTK,AMBUJACEM,22-Feb-2018,325,CE,0,0,0,0.4,0.3,0,0,0,0,19-DEC-2017,
OPTSTK,AMBUJACEM,22-Feb-2018,330,CE,0,0,0,0.3,0.2,0,0,0,0,19-DEC-2017,
OPTSTK,AMBUJACEM,22-Feb-2018,335,CE,0,0,0,0.2,0.15,0,0,0,0,19-DEC-2017,
OPTSTK,AMBUJACEM,22-Feb-2018,340,CE,0,0,0,0.15,0.1,0,0,0,0,19-DEC-2017,
OPTSTK,AMBUJACEM,22-Feb-2018,180,PE,0,0,0,0.05,0,0,0,0,0,19-DEC-2017,
OPTSTK,AMBUJACEM,22-Feb-2018,185,PE,0,0,0,0.05,0,0,0,0,0,19-DEC-2017,
OPTSTK,AMBUJACEM,22-Feb-2018,190,PE,0,0,0,0.05,0,0,0,0,0,19-DEC-2017,
OPTSTK,AMBUJACEM,22-Feb-2018,195,PE,0,0,0,0.05,0,0,0,0,0,19-DEC-2017,
OPTSTK,AMBUJACEM,22-Feb-2018,200,PE,0,0,0,0.05,0,0,0,0,0,19-DEC-2017,
OPTSTK,AMBUJACEM,22-Feb-2018,205,PE,0,0,0,0.1,0,0,0,0,0,19-DEC-2017,
OPTSTK,AMBUJACEM,22-Feb-2018,210,PE,0,0,0,0.15,0.05,0,0,0,0,19-DEC-2017,
OPTSTK,AMBUJACEM,22-Feb-2018,215,PE,0,0,0,0.25,0.05,0,0,0,0,19-DEC-2017,
OPTSTK,AMBUJACEM,22-Feb-2018,220,PE,0,0,0,0.4,0.1,0,0,0,0,19-DEC-2017,
OPTSTK,AMBUJACEM,22-Feb-2018,225,PE,0,0,0,0.65,0.15,0,0,0,0,19-DEC-2017,
OPTSTK,AMBUJACEM,22-Feb-2018,230,PE,0,0,0,1.05,0.25,0,0,0,0,19-DEC-2017,
OPTSTK,AMBUJACEM,22-Feb-2018,235,PE,0,0,0,1.6,0.45,0,0,0,0,19-DEC-2017,
OPTSTK,AMBUJACEM,22-Feb-2018,240,PE,0,0,0,2.4,0.75,0,0,0,0,19-DEC-2017,
OPTSTK,AMBUJACEM,22-Feb-2018,245,PE,0,0,0,3.4,1.25,0,0,0,0,19-DEC-2017,
OPTSTK,AMBUJACEM,22-Feb-2018,250,PE,0,0,0,4.7,1.95,0,0,0,0,19-DEC-2017,
OPTSTK,AMBUJACEM,22-Feb-2018,255,PE,0,0,0,6.3,2.95,0,0,0,0,19-DEC-2017,
OPTSTK,AMBUJACEM,22-Feb-2018,260,PE,0,0,0,8.25,4.2,0,0,0,0,19-DEC-2017,
OPTSTK,AMBUJACEM,22-Feb-2018,265,PE,0,0,0,10.55,5.9,0,0,0,0,19-DEC-2017,
OPTSTK,AMBUJACEM,22-Feb-2018,270,PE,0,0,0,13.2,7.95,0,0,0,0,19-DEC-2017,
OPTSTK,AMBUJACEM,22-Feb-2018,275,PE,0,0,0,16.2,10.4,0,0,0,0,19-DEC-2017,
OPTSTK,AMBUJACEM,22-Feb-2018,280,PE,0,0,0,19.5,13.25,0,0,0,0,19-DEC-2017,
OPTSTK,AMBUJACEM,22-Feb-2018,285,PE,0,0,0,23.05,16.5,0,0,0,0,19-DEC-2017,
OPTSTK,AMBUJACEM,22-Feb-2018,290,PE,0,0,0,26.9,20.05,0,0,0,0,19-DEC-2017,
OPTSTK,AMBUJACEM,22-Feb-2018,295,PE,0,0,0,30.95,23.9,0,0,0,0,19-DEC-2017,
OPTSTK,AMBUJACEM,22-Feb-2018,300,PE,0,0,0,35.2,28.05,0,0,0,0,19-DEC-2017,
OPTSTK,AMBUJACEM,22-Feb-2018,305,PE,0,0,0,39.55,32.35,0,0,0,0,19-DEC-2017,
OPTSTK,AMBUJACEM,22-Feb-2018,310,PE,0,0,0,44.1,36.85,0,0,0,0,19-DEC-2017,
OPTSTK,AMBUJACEM,22-Feb-2018,315,PE,0,0,0,48.7,41.45,0,0,0,0,19-DEC-2017,
OPTSTK,AMBUJACEM,22-Feb-2018,320,PE,0,0,0,53.4,46.15,0,0,0,0,19-DEC-2017,
OPTSTK,AMBUJACEM,22-Feb-2018,325,PE,0,0,0,58.15,50.95,0,0,0,0,19-DEC-2017,
OPTSTK,AMBUJACEM,22-Feb-2018,330,PE,0,0,0,63,55.8,0,0,0,0,19-DEC-2017,
OPTSTK,AMBUJACEM,22-Feb-2018,335,PE,0,0,0,67.8,60.65,0,0,0,0,19-DEC-2017,
OPTSTK,AMBUJACEM,22-Feb-2018,340,PE,0,0,0,72.7,65.55,0,0,0,0,19-DEC-2017,
OPTSTK,ANDHRABANK,28-Dec-2017,37.5,CE,0,0,0,20.45,23.35,0,0,0,0,19-DEC-2017,
OPTSTK,ANDHRABANK,28-Dec-2017,40,CE,0,0,0,18.3,20.85,0,0,0,0,19-DEC-2017,
OPTSTK,ANDHRABANK,28-Dec-2017,42.5,CE,0,0,0,16.25,18.35,0,0,0,0,19-DEC-2017,
OPTSTK,ANDHRABANK,28-Dec-2017,45,CE,0,0,0,14.3,15.85,0,0,0,0,19-DEC-2017,
OPTSTK,ANDHRABANK,28-Dec-2017,47.5,CE,0,0,0,12.55,13.35,0,0,0,0,19-DEC-2017,
OPTSTK,ANDHRABANK,28-Dec-2017,50,CE,0,0,0,10.95,10.85,0,0,0,0,19-DEC-2017,
OPTSTK,ANDHRABANK,28-Dec-2017,52.5,CE,0,0,0,9.45,8.35,0,0,0,0,19-DEC-2017,
OPTSTK,ANDHRABANK,28-Dec-2017,55,CE,0,0,0,8.15,5.95,0,0,0,0,19-DEC-2017,
OPTSTK,ANDHRABANK,28-Dec-2017,57.5,CE,0,0,0,3,3.75,0,0,10000,0,19-DEC-2017,
OPTSTK,ANDHRABANK,28-Dec-2017,60,CE,1.65,2,1.5,1.95,1.95,51,314.81,530000,30000,19-DEC-2017,
OPTSTK,ANDHRABANK,28-Dec-2017,62.5,CE,0.85,0.9,0.75,0.9,0.9,35,221.63,620000,50000,19-DEC-2017,
OPTSTK,ANDHRABANK,28-Dec-2017,65,CE,0.45,0.45,0.35,0.45,0.45,30,196.16,1270000,70000,19-DEC-2017,
OPTSTK,ANDHRABANK,28-Dec-2017,67.5,CE,0.35,0.35,0.2,0.25,0.25,4,27.1,250000,10000,19-DEC-2017,
OPTSTK,ANDHRABANK,28-Dec-2017,70,CE,0.1,0.15,0.1,0.15,0.15,7,49.09,1280000,40000,19-DEC-2017,
OPTSTK,ANDHRABANK,28-Dec-2017,72.5,CE,0,0,0,0.1,0,0,0,80000,0,19-DEC-2017,
OPTSTK,ANDHRABANK,28-Dec-2017,75,CE,0,0,0,0.05,0,0,0,90000,0,19-DEC-2017,
OPTSTK,ANDHRABANK,28-Dec-2017,77.5,CE,0,0,0,0.15,0,0,0,30000,0,19-DEC-2017,
OPTSTK,ANDHRABANK,28-Dec-2017,80,CE,0,0,0,0.05,0,0,0,30000,0,19-DEC-2017,
OPTSTK,ANDHRABANK,28-Dec-2017,82.5,CE,0,0,0,1.25,0,0,0,0,0,19-DEC-2017,
OPTSTK,ANDHRABANK,28-Dec-2017,37.5,PE,0,0,0,0.5,0,0,0,0,0,19-DEC-2017,
OPTSTK,ANDHRABANK,28-Dec-2017,40,PE,0,0,0,0.8,0,0,0,0,0,19-DEC-2017,
OPTSTK,ANDHRABANK,28-Dec-2017,42.5,PE,0,0,0,2.8,0,0,0,10000,0,19-DEC-2017,
OPTSTK,ANDHRABANK,28-Dec-2017,45,PE,0,0,0,1.75,0,0,0,0,0,19-DEC-2017,
OPTSTK,ANDHRABANK,28-Dec-2017,47.5,PE,0,0,0,0.15,0,0,0,10000,0,19-DEC-2017,
OPTSTK,ANDHRABANK,28-Dec-2017,50,PE,0,0,0,0.05,0,0,0,70000,0,19-DEC-2017,
OPTSTK,ANDHRABANK,28-Dec-2017,52.5,PE,0.05,0.05,0.05,0.05,0.05,2,10.51,220000,0,19-DEC-2017,
OPTSTK,ANDHRABANK,28-Dec-2017,55,PE,0.15,0.2,0.1,0.1,0.1,15,82.7,330000,20000,19-DEC-2017,
OPTSTK,ANDHRABANK,28-Dec-2017,57.5,PE,0.45,0.5,0.25,0.3,0.3,11,63.68,300000,-10000,19-DEC-2017,
OPTSTK,ANDHRABANK,28-Dec-2017,60,PE,1.45,1.45,1,1.05,1.05,7,42.86,280000,10000,19-DEC-2017,
OPTSTK,ANDHRABANK,28-Dec-2017,62.5,PE,3.15,3.15,2.55,2.55,2.55,3,19.6,240000,-10000,19-DEC-2017,
OPTSTK,ANDHRABANK,28-Dec-2017,65,PE,4.95,4.95,4.95,4.95,4.95,1,6.99,370000,-10000,19-DEC-2017,
OPTSTK,ANDHRABANK,28-Dec-2017,67.5,PE,0,0,0,9,6.75,0,0,40000,0,19-DEC-2017,
OPTSTK,ANDHRABANK,28-Dec-2017,70,PE,0,0,0,9,9.2,0,0,130000,0,19-DEC-2017,
OPTSTK,ANDHRABANK,28-Dec-2017,72.5,PE,0,0,0,17.05,11.65,0,0,0,0,19-DEC-2017,
OPTSTK,ANDHRABANK,28-Dec-2017,75,PE,0,0,0,12.5,14.15,0,0,20000,0,19-DEC-2017,
OPTSTK,ANDHRABANK,28-Dec-2017,77.5,PE,0,0,0,21.2,16.65,0,0,0,0,19-DEC-2017,
OPTSTK,ANDHRABANK,28-Dec-2017,80,PE,0,0,0,23.4,19.15,0,0,0,0,19-DEC-2017,
OPTSTK,ANDHRABANK,28-Dec-2017,82.5,PE,0,0,0,17.95,21.65,0,0,10000,0,19-DEC-2017,
OPTSTK,ANDHRABANK,25-Jan-2018,45,CE,0,0,0,27.85,16.1,0,0,0,0,19-DEC-2017,
OPTSTK,ANDHRABANK,25-Jan-2018,47.5,CE,0,0,0,26,13.65,0,0,0,0,19-DEC-2017,
OPTSTK,ANDHRABANK,25-Jan-2018,50,CE,0,0,0,24.25,11.25,0,0,0,0,19-DEC-2017,
OPTSTK,ANDHRABANK,25-Jan-2018,52.5,CE,0,0,0,22.6,9,0,0,0,0,19-DEC-2017,
OPTSTK,ANDHRABANK,25-Jan-2018,55,CE,6.75,6.75,6.75,6.75,6.75,2,12.35,20000,10000,19-DEC-2017,
OPTSTK,ANDHRABANK,25-Jan-2018,57.5,CE,0,0,0,19.55,5.15,0,0,0,0,19-DEC-2017,
OPTSTK,ANDHRABANK,25-Jan-2018,60,CE,0,0,0,18.15,3.7,0,0,0,0,19-DEC-2017,
OPTSTK,ANDHRABANK,25-Jan-2018,62.5,CE,0,0,0,16.85,2.5,0,0,0,0,19-DEC-2017,
OPTSTK,ANDHRABANK,25-Jan-2018,65,CE,0,0,0,15.6,1.65,0,0,0,0,19-DEC-2017,
OPTSTK,ANDHRABANK,25-Jan-2018,67.5,CE,0,0,0,14.45,1.05,0,0,0,0,19-DEC-2017,
OPTSTK,ANDHRABANK,25-Jan-2018,70,CE,0,0,0,13.4,0.65,0,0,0,0,19-DEC-2017,
OPTSTK,ANDHRABANK,25-Jan-2018,72.5,CE,0,0,0,12.4,0.35,0,0,0,0,19-DEC-2017,
OPTSTK,ANDHRABANK,25-Jan-2018,75,CE,0,0,0,11.5,0.2,0,0,0,0,19-DEC-2017,
OPTSTK,ANDHRABANK,25-Jan-2018,77.5,CE,0,0,0,10.6,0.15,0,0,0,0,19-DEC-2017,
OPTSTK,ANDHRABANK,25-Jan-2018,80,CE,0,0,0,9.8,0.1,0,0,0,0,19-DEC-2017,
OPTSTK,ANDHRABANK,25-Jan-2018,82.5,CE,0,0,0,9.1,0.05,0,0,0,0,19-DEC-2017,
OPTSTK,ANDHRABANK,25-Jan-2018,45,PE,0,0,0,2.3,0.05,0,0,0,0,19-DEC-2017,
OPTSTK,ANDHRABANK,25-Jan-2018,47.5,PE,0,0,0,2.9,0.1,0,0,0,0,19-DEC-2017,
OPTSTK,ANDHRABANK,25-Jan-2018,50,PE,0,0,0,3.6,0.2,0,0,0,0,19-DEC-2017,
OPTSTK,ANDHRABANK,25-Jan-2018,52.5,PE,0,0,0,4.4,0.4,0,0,0,0,19-DEC-2017,
OPTSTK,ANDHRABANK,25-Jan-2018,55,PE,0.75,0.75,0.75,0.75,0.75,1,5.57,10000,10000,19-DEC-2017,
OPTSTK,ANDHRABANK,25-Jan-2018,57.5,PE,0,0,0,6.3,1.55,0,0,0,0,19-DEC-2017,
OPTSTK,ANDHRABANK,25-Jan-2018,60,PE,2.8,2.85,2.8,2.85,2.85,2,12.56,20000,20000,19-DEC-2017,
OPTSTK,ANDHRABANK,25-Jan-2018,62.5,PE,0,0,0,8.5,3.85,0,0,0,0,19-DEC-2017,
OPTSTK,ANDHRABANK,25-Jan-2018,65,PE,0,0,0,9.75,5.45,0,0,0,0,19-DEC-2017,
OPTSTK,ANDHRABANK,25-Jan-2018,67.5,PE,0,0,0,11.05,7.35,0,0,0,0,19-DEC-2017,
OPTSTK,ANDHRABANK,25-Jan-2018,70,PE,0,0,0,12.45,9.45,0,0,0,0,19-DEC-2017,
OPTSTK,ANDHRABANK,25-Jan-2018,72.5,PE,0,0,0,13.9,11.65,0,0,0,0,19-DEC-2017,
OPTSTK,ANDHRABANK,25-Jan-2018,75,PE,0,0,0,15.45,14,0,0,0,0,19-DEC-2017,
OPTSTK,ANDHRABANK,25-Jan-2018,77.5,PE,0,0,0,17.05,16.35,0,0,0,0,19-DEC-2017,
OPTSTK,ANDHRABANK,25-Jan-2018,80,PE,0,0,0,18.7,18.8,0,0,0,0,19-DEC-2017,
OPTSTK,ANDHRABANK,25-Jan-2018,82.5,PE,0,0,0,20.45,21.25,0,0,0,0,19-DEC-2017,
OPTSTK,ANDHRABANK,22-Feb-2018,45,CE,0,0,0,19,16.4,0,0,0,0,19-DEC-2017,
OPTSTK,ANDHRABANK,22-Feb-2018,47.5,CE,0,0,0,16.9,14.05,0,0,0,0,19-DEC-2017,
OPTSTK,ANDHRABANK,22-Feb-2018,50,CE,0,0,0,14.9,11.85,0,0,0,0,19-DEC-2017,
OPTSTK,ANDHRABANK,22-Feb-2018,52.5,CE,0,0,0,13,9.75,0,0,0,0,19-DEC-2017,
OPTSTK,ANDHRABANK,22-Feb-2018,55,CE,0,0,0,11.3,7.9,0,0,0,0,19-DEC-2017,
OPTSTK,ANDHRABANK,22-Feb-2018,57.5,CE,0,0,0,9.75,6.2,0,0,0,0,19-DEC-2017,
OPTSTK,ANDHRABANK,22-Feb-2018,60,CE,0,0,0,8.35,4.8,0,0,0,0,19-DEC-2017,
OPTSTK,ANDHRABANK,22-Feb-2018,62.5,CE,0,0,0,7.1,3.65,0,0,0,0,19-DEC-2017,
OPTSTK,ANDHRABANK,22-Feb-2018,65,CE,0,0,0,6,2.7,0,0,0,0,19-DEC-2017,
OPTSTK,ANDHRABANK,22-Feb-2018,67.5,CE,0,0,0,5.05,1.95,0,0,0,0,19-DEC-2017,
OPTSTK,ANDHRABANK,22-Feb-2018,70,CE,0,0,0,4.25,1.4,0,0,0,0,19-DEC-2017,
OPTSTK,ANDHRABANK,22-Feb-2018,72.5,CE,0,0,0,3.55,1,0,0,0,0,19-DEC-2017,
OPTSTK,ANDHRABANK,22-Feb-2018,75,CE,0,0,0,2.95,0.7,0,0,0,0,19-DEC-2017,
OPTSTK,ANDHRABANK,22-Feb-2018,77.5,CE,0,0,0,2.4,0.45,0,0,0,0,19-DEC-2017,
OPTSTK,ANDHRABANK,22-Feb-2018,80,CE,0,0,0,2,0.3,0,0,0,0,19-DEC-2017,
OPTSTK,ANDHRABANK,22-Feb-2018,82.5,CE,0,0,0,1.65,0.2,0,0,0,0,19-DEC-2017,
OPTSTK,ANDHRABANK,22-Feb-2018,45,PE,0,0,0,0.65,0.15,0,0,0,0,19-DEC-2017,
OPTSTK,ANDHRABANK,22-Feb-2018,47.5,PE,0,0,0,1,0.25,0,0,0,0,19-DEC-2017,
OPTSTK,ANDHRABANK,22-Feb-2018,50,PE,0,0,0,1.45,0.5,0,0,0,0,19-DEC-2017,
OPTSTK,ANDHRABANK,22-Feb-2018,52.5,PE,0,0,0,2.05,0.9,0,0,0,0,19-DEC-2017,
OPTSTK,ANDHRABANK,22-Feb-2018,55,PE,0,0,0,2.8,1.5,0,0,0,0,19-DEC-2017,
OPTSTK,ANDHRABANK,22-Feb-2018,57.5,PE,0,0,0,3.7,2.3,0,0,0,0,19-DEC-2017,
OPTSTK,ANDHRABANK,22-Feb-2018,60,PE,0,0,0,4.8,3.4,0,0,0,0,19-DEC-2017,
OPTSTK,ANDHRABANK,22-Feb-2018,62.5,PE,0,0,0,6,4.7,0,0,0,0,19-DEC-2017,
OPTSTK,ANDHRABANK,22-Feb-2018,65,PE,0,0,0,7.35,6.2,0,0,0,0,19-DEC-2017,
OPTSTK,ANDHRABANK,22-Feb-2018,67.5,PE,0,0,0,8.9,7.95,0,0,0,0,19-DEC-2017,
OPTSTK,ANDHRABANK,22-Feb-2018,70,PE,0,0,0,10.5,9.85,0,0,0,0,19-DEC-2017,
OPTSTK,ANDHRABANK,22-Feb-2018,72.5,PE,0,0,0,12.25,11.9,0,0,0,0,19-DEC-2017,
OPTSTK,ANDHRABANK,22-Feb-2018,75,PE,0,0,0,14.15,14.05,0,0,0,0,19-DEC-2017,
OPTSTK,ANDHRABANK,22-Feb-2018,77.5,PE,0,0,0,16.1,16.35,0,0,0,0,19-DEC-2017,
OPTSTK,ANDHRABANK,22-Feb-2018,80,PE,0,0,0,18.1,18.65,0,0,0,0,19-DEC-2017,
OPTSTK,ANDHRABANK,22-Feb-2018,82.5,PE,0,0,0,20.25,21,0,0,0,0,19-DEC-2017,
OPTSTK,APOLLOHOSP,28-Dec-2017,780,CE,0,0,0,226.1,395.95,0,0,0,0,19-DEC-2017,
OPTSTK,APOLLOHOSP,28-Dec-2017,800,CE,0,0,0,207.35,375.95,0,0,0,0,19-DEC-2017,
OPTSTK,APOLLOHOSP,28-Dec-2017,820,CE,0,0,0,189,356,0,0,0,0,19-DEC-2017,
OPTSTK,APOLLOHOSP,28-Dec-2017,840,CE,0,0,0,171.15,336.05,0,0,0,0,19-DEC-2017,
OPTSTK,APOLLOHOSP,28-Dec-2017,860,CE,0,0,0,153.9,316.05,0,0,0,0,19-DEC-2017,
OPTSTK,APOLLOHOSP,28-Dec-2017,880,CE,0,0,0,137.4,296.1,0,0,0,0,19-DEC-2017,
OPTSTK,APOLLOHOSP,28-Dec-2017,900,CE,0,0,0,121.75,276.1,0,0,0,0,19-DEC-2017,
OPTSTK,APOLLOHOSP,28-Dec-2017,920,CE,0,0,0,107.05,256.15,0,0,0,0,19-DEC-2017,
OPTSTK,APOLLOHOSP,28-Dec-2017,940,CE,0,0,0,93.3,236.2,0,0,0,0,19-DEC-2017,
OPTSTK,APOLLOHOSP,28-Dec-2017,960,CE,0,0,0,80.75,216.2,0,0,0,0,19-DEC-2017,
OPTSTK,APOLLOHOSP,28-Dec-2017,980,CE,0,0,0,69.3,196.25,0,0,0,0,19-DEC-2017,
OPTSTK,APOLLOHOSP,28-Dec-2017,1000,CE,0,0,0,58.95,176.3,0,0,0,0,19-DEC-2017,
OPTSTK,APOLLOHOSP,28-Dec-2017,1020,CE,0,0,0,49.75,156.3,0,0,0,0,19-DEC-2017,
OPTSTK,APOLLOHOSP,28-Dec-2017,1040,CE,0,0,0,41.65,136.4,0,0,0,0,19-DEC-2017,
OPTSTK,APOLLOHOSP,28-Dec-2017,1060,CE,0,0,0,65,116.6,0,0,1500,0,19-DEC-2017,
OPTSTK,APOLLOHOSP,28-Dec-2017,1080,CE,0,0,0,28.5,97.1,0,0,0,0,19-DEC-2017,
OPTSTK,APOLLOHOSP,28-Dec-2017,1100,CE,0,0,0,85.45,78.25,0,0,500,0,19-DEC-2017,
OPTSTK,APOLLOHOSP,28-Dec-2017,1120,CE,0,0,0,85.35,60.55,0,0,500,0,19-DEC-2017,
OPTSTK,APOLLOHOSP,28-Dec-2017,1140,CE,0,0,0,40,44.7,0,0,4000,0,19-DEC-2017,
OPTSTK,APOLLOHOSP,28-Dec-2017,1160,CE,22,24.2,20,24.2,24.2,3,17.73,4500,1000,19-DEC-2017,
OPTSTK,APOLLOHOSP,28-Dec-2017,1180,CE,12.5,22.3,10.4,21,21,6,35.9,8000,500,19-DEC-2017,
OPTSTK,APOLLOHOSP,28-Dec-2017,1200,CE,6,15.5,5.8,13.45,13.45,73,442.4,28000,4500,19-DEC-2017,
OPTSTK,APOLLOHOSP,28-Dec-2017,1220,CE,6.5,9,6.5,9,9,3,18.41,7000,0,19-DEC-2017,
OPTSTK,APOLLOHOSP,28-Dec-2017,1240,CE,0,0,0,8,3.75,0,0,3500,0,19-DEC-2017,
OPTSTK,APOLLOHOSP,28-Dec-2017,1260,CE,0,0,0,4,1.85,0,0,1000,0,19-DEC-2017,
OPTSTK,APOLLOHOSP,28-Dec-2017,1280,CE,0,0,0,2.75,0.85,0,0,0,0,19-DEC-2017,
OPTSTK,APOLLOHOSP,28-Dec-2017,1300,CE,0,0,0,2.1,0.35,0,0,0,0,19-DEC-2017,
OPTSTK,APOLLOHOSP,28-Dec-2017,1320,CE,0,0,0,1.6,0.15,0,0,0,0,19-DEC-2017,
OPTSTK,APOLLOHOSP,28-Dec-2017,1340,CE,0,0,0,1.25,0.05,0,0,0,0,19-DEC-2017,
OPTSTK,APOLLOHOSP,28-Dec-2017,1360,CE,0,0,0,0.95,0.05,0,0,0,0,19-DEC-2017,
OPTSTK,APOLLOHOSP,28-Dec-2017,1380,CE,0,0,0,0.7,0.05,0,0,0,0,19-DEC-2017,
OPTSTK,APOLLOHOSP,28-Dec-2017,1400,CE,0,0,0,0.5,0,0,0,0,0,19-DEC-2017,
OPTSTK,APOLLOHOSP,28-Dec-2017,780,PE,0,0,0,1.6,0,0,0,0,0,19-DEC-2017,
OPTSTK,APOLLOHOSP,28-Dec-2017,800,PE,0,0,0,2.5,0,0,0,0,0,19-DEC-2017,
OPTSTK,APOLLOHOSP,28-Dec-2017,820,PE,0,0,0,3.85,0,0,0,0,0,19-DEC-2017,
OPTSTK,APOLLOHOSP,28-Dec-2017,840,PE,0,0,0,5.65,0,0,0,0,0,19-DEC-2017,
OPTSTK,APOLLOHOSP,28-Dec-2017,860,PE,0,0,0,8.1,0,0,0,0,0,19-DEC-2017,
OPTSTK,APOLLOHOSP,28-Dec-2017,880,PE,0,0,0,11.3,0,0,0,0,0,19-DEC-2017,
OPTSTK,APOLLOHOSP,28-Dec-2017,900,PE,0,0,0,15.35,0,0,0,0,0,19-DEC-2017,
OPTSTK,APOLLOHOSP,28-Dec-2017,920,PE,0,0,0,20.35,0,0,0,0,0,19-DEC-2017,
OPTSTK,APOLLOHOSP,28-Dec-2017,940,PE,0,0,0,26.3,0,0,0,0,0,19-DEC-2017,
OPTSTK,APOLLOHOSP,28-Dec-2017,960,PE,0,0,0,6.65,0,0,0,500,0,19-DEC-2017,
OPTSTK,APOLLOHOSP,28-Dec-2017,980,PE,0,0,0,41.65,0,0,0,0,0,19-DEC-2017,
OPTSTK,APOLLOHOSP,28-Dec-2017,1000,PE,0,0,0,5,0,0,0,4500,0,19-DEC-2017,
OPTSTK,APOLLOHOSP,28-Dec-2017,1020,PE,0,0,0,61.5,0.05,0,0,0,0,19-DEC-2017,
OPTSTK,APOLLOHOSP,28-Dec-2017,1040,PE,0,0,0,73.1,0.1,0,0,0,0,19-DEC-2017,
OPTSTK,APOLLOHOSP,28-Dec-2017,1060,PE,0,0,0,5,0.25,0,0,1000,0,19-DEC-2017,
OPTSTK,APOLLOHOSP,28-Dec-2017,1080,PE,0,0,0,99.3,0.75,0,0,0,0,19-DEC-2017,
OPTSTK,APOLLOHOSP,28-Dec-2017,1100,PE,4,4,1.35,2.5,2.5,5,27.56,5000,-500,19-DEC-2017,
OPTSTK,APOLLOHOSP,28-Dec-2017,1120,PE,0,0,0,3.65,4.1,0,0,2000,0,19-DEC-2017,
OPTSTK,APOLLOHOSP,28-Dec-2017,1140,PE,12.25,12.25,5,5.5,5.5,3,17.21,4500,500,19-DEC-2017,
OPTSTK,APOLLOHOSP,28-Dec-2017,1160,PE,20,22.8,10,10,10,11,64.71,6500,2500,19-DEC-2017,
OPTSTK,APOLLOHOSP,28-Dec-2017,1180,PE,27.95,27.95,20,20,20,2,12.03,2500,0,19-DEC-2017,
OPTSTK,APOLLOHOSP,28-Dec-2017,1200,PE,41.2,41.2,41.2,41.2,41.2,1,6.2,6500,0,19-DEC-2017,
OPTSTK,APOLLOHOSP,28-Dec-2017,1220,PE,0,0,0,214.6,50.5,0,0,0,0,19-DEC-2017,
OPTSTK,APOLLOHOSP,28-Dec-2017,1240,PE,0,0,0,232.95,67.15,0,0,0,0,19-DEC-2017,
OPTSTK,APOLLOHOSP,28-Dec-2017,1260,PE,0,0,0,160,85.2,0,0,2500,0,19-DEC-2017,
OPTSTK,APOLLOHOSP,28-Dec-2017,1280,PE,0,0,0,270.45,104.15,0,0,0,0,19-DEC-2017,
OPTSTK,APOLLOHOSP,28-Dec-2017,1300,PE,0,0,0,289.5,123.65,0,0,0,0,19-DEC-2017,
OPTSTK,APOLLOHOSP,28-Dec-2017,1320,PE,0,0,0,308.7,143.4,0,0,0,0,19-DEC-2017,
OPTSTK,APOLLOHOSP,28-Dec-2017,1340,PE,0,0,0,328,163.3,0,0,0,0,19-DEC-2017,
OPTSTK,APOLLOHOSP,28-Dec-2017,1360,PE,0,0,0,347.35,183.2,0,0,0,0,19-DEC-2017,
OPTSTK,APOLLOHOSP,28-Dec-2017,1380,PE,0,0,0,366.8,203.2,0,0,0,0,19-DEC-2017,
OPTSTK,APOLLOHOSP,28-Dec-2017,1400,PE,0,0,0,386.35,223.15,0,0,0,0,19-DEC-2017,
OPTSTK,APOLLOHOSP,25-Jan-2018,780,CE,0,0,0,256.6,399.8,0,0,0,0,19-DEC-2017,
OPTSTK,APOLLOHOSP,25-Jan-2018,800,CE,0,0,0,237.65,379.95,0,0,0,0,19-DEC-2017,
OPTSTK,APOLLOHOSP,25-Jan-2018,820,CE,0,0,0,219,360.05,0,0,0,0,19-DEC-2017,
OPTSTK,APOLLOHOSP,25-Jan-2018,840,CE,0,0,0,200.8,340.2,0,0,0,0,19-DEC-2017,
OPTSTK,APOLLOHOSP,25-Jan-2018,860,CE,0,0,0,183.05,320.35,0,0,0,0,19-DEC-2017,
OPTSTK,APOLLOHOSP,25-Jan-2018,880,CE,0,0,0,165.9,300.45,0,0,0,0,19-DEC-2017,
OPTSTK,APOLLOHOSP,25-Jan-2018,900,CE,0,0,0,149.4,280.65,0,0,0,0,19-DEC-2017,
OPTSTK,APOLLOHOSP,25-Jan-2018,920,CE,0,0,0,133.75,260.85,0,0,0,0,19-DEC-2017,
OPTSTK,APOLLOHOSP,25-Jan-2018,940,CE,0,0,0,118.95,241.1,0,0,0,0,19-DEC-2017,
OPTSTK,APOLLOHOSP,25-Jan-2018,960,CE,0,0,0,105.05,221.5,0,0,0,0,19-DEC-2017,
OPTSTK,APOLLOHOSP,25-Jan-2018,980,CE,0,0,0,92.15,202.05,0,0,0,0,19-DEC-2017,
OPTSTK,APOLLOHOSP,25-Jan-2018,1000,CE,0,0,0,80.35,182.85,0,0,0,0,19-DEC-2017,
OPTSTK,APOLLOHOSP,25-Jan-2018,1020,CE,0,0,0,69.55,164.05,0,0,0,0,19-DEC-2017,
OPTSTK,APOLLOHOSP,25-Jan-2018,1040,CE,0,0,0,59.8,145.8,0,0,0,0,19-DEC-2017,
OPTSTK,APOLLOHOSP,25-Jan-2018,1060,CE,0,0,0,51.05,128.25,0,0,0,0,19-DEC-2017,
OPTSTK,APOLLOHOSP,25-Jan-2018,1080,CE,0,0,0,43.3,111.5,0,0,0,0,19-DEC-2017,
OPTSTK,APOLLOHOSP,25-Jan-2018,1100,CE,0,0,0,36.5,95.8,0,0,0,0,19-DEC-2017,
OPTSTK,APOLLOHOSP,25-Jan-2018,1120,CE,0,0,0,30.55,81.25,0,0,0,0,19-DEC-2017,
OPTSTK,APOLLOHOSP,25-Jan-2018,1140,CE,0,0,0,25.5,68.05,0,0,0,0,19-DEC-2017,
OPTSTK,APOLLOHOSP,25-Jan-2018,1160,CE,0,0,0,21.05,56.2,0,0,0,0,19-DEC-2017,
OPTSTK,APOLLOHOSP,25-Jan-2018,1180,CE,0,0,0,17.3,45.75,0,0,0,0,19-DEC-2017,
OPTSTK,APOLLOHOSP,25-Jan-2018,1200,CE,0,0,0,14.15,36.75,0,0,0,0,19-DEC-2017,
OPTSTK,APOLLOHOSP,25-Jan-2018,1220,CE,0,0,0,11.5,29.05,0,0,0,0,19-DEC-2017,
OPTSTK,APOLLOHOSP,25-Jan-2018,1240,CE,0,0,0,9.3,22.65,0,0,0,0,19-DEC-2017,
OPTSTK,APOLLOHOSP,25-Jan-2018,1260,CE,0,0,0,7.45,17.45,0,0,0,0,19-DEC-2017,
OPTSTK,APOLLOHOSP,25-Jan-2018,1280,CE,0,0,0,5.95,13.2,0,0,0,0,19-DEC-2017,
OPTSTK,APOLLOHOSP,25-Jan-2018,1300,CE,0,0,0,4.75,9.85,0,0,0,0,19-DEC-2017,
OPTSTK,APOLLOHOSP,25-Jan-2018,1320,CE,0,0,0,3.75,7.25,0,0,0,0,19-DEC-2017,
OPTSTK,APOLLOHOSP,25-Jan-2018,1340,CE,0,0,0,2.95,5.3,0,0,0,0,19-DEC-2017,
OPTSTK,APOLLOHOSP,25-Jan-2018,1360,CE,0,0,0,2.35,3.8,0,0,0,0,19-DEC-2017,
OPTSTK,APOLLOHOSP,25-Jan-2018,1380,CE,0,0,0,1.8,2.7,0,0,0,0,19-DEC-2017,
OPTSTK,APOLLOHOSP,25-Jan-2018,1400,CE,0,0,0,1.4,1.85,0,0,0,0,19-DEC-2017,
OPTSTK,APOLLOHOSP,25-Jan-2018,780,PE,0,0,0,1.3,0,0,0,0,0,19-DEC-2017,
OPTSTK,APOLLOHOSP,25-Jan-2018,800,PE,0,0,0,2,0,0,0,0,0,19-DEC-2017,
OPTSTK,APOLLOHOSP,25-Jan-2018,820,PE,0,0,0,3.05,0,0,0,0,0,19-DEC-2017,
OPTSTK,APOLLOHOSP,25-Jan-2018,840,PE,0,0,0,4.5,0,0,0,0,0,19-DEC-2017,
OPTSTK,APOLLOHOSP,25-Jan-2018,860,PE,0,0,0,6.45,0.05,0,0,0,0,19-DEC-2017,
OPTSTK,APOLLOHOSP,25-Jan-2018,880,PE,0,0,0,9,0.05,0,0,0,0,19-DEC-2017,
OPTSTK,APOLLOHOSP,25-Jan-2018,900,PE,0,0,0,12.2,0.1,0,0,0,0,19-DEC-2017,
OPTSTK,APOLLOHOSP,25-Jan-2018,920,PE,0,0,0,16.2,0.15,0,0,0,0,19-DEC-2017,
OPTSTK,APOLLOHOSP,25-Jan-2018,940,PE,0,0,0,21.1,0.3,0,0,0,0,19-DEC-2017,
OPTSTK,APOLLOHOSP,25-Jan-2018,960,PE,0,0,0,26.9,0.55,0,0,0,0,19-DEC-2017,
OPTSTK,APOLLOHOSP,25-Jan-2018,980,PE,0,0,0,33.7,0.95,0,0,0,0,19-DEC-2017,
OPTSTK,APOLLOHOSP,25-Jan-2018,1000,PE,0,0,0,41.55,1.65,0,0,0,0,19-DEC-2017,
OPTSTK,APOLLOHOSP,25-Jan-2018,1020,PE,0,0,0,50.45,2.75,0,0,0,0,19-DEC-2017,
OPTSTK,APOLLOHOSP,25-Jan-2018,1040,PE,0,0,0,60.4,4.35,0,0,0,0,19-DEC-2017,
OPTSTK,APOLLOHOSP,25-Jan-2018,1060,PE,0,0,0,71.35,6.65,0,0,0,0,19-DEC-2017,
OPTSTK,APOLLOHOSP,25-Jan-2018,1080,PE,0,0,0,83.25,9.8,0,0,0,0,19-DEC-2017,
OPTSTK,APOLLOHOSP,25-Jan-2018,1100,PE,0,0,0,96.15,13.95,0,0,0,0,19-DEC-2017,
OPTSTK,APOLLOHOSP,25-Jan-2018,1120,PE,0,0,0,109.9,19.3,0,0,0,0,19-DEC-2017,
OPTSTK,APOLLOHOSP,25-Jan-2018,1140,PE,0,0,0,124.5,25.95,0,0,0,0,19-DEC-2017,
OPTSTK,APOLLOHOSP,25-Jan-2018,1160,PE,0,0,0,139.75,33.95,0,0,0,0,19-DEC-2017,
OPTSTK,APOLLOHOSP,25-Jan-2018,1180,PE,0,0,0,155.7,43.35,0,0,0,0,19-DEC-2017,
OPTSTK,APOLLOHOSP,25-Jan-2018,1200,PE,0,0,0,172.25,54.2,0,0,0,0,19-DEC-2017,
OPTSTK,APOLLOHOSP,25-Jan-2018,1220,PE,0,0,0,189.25,66.4,0,0,0,0,19-DEC-2017,
OPTSTK,APOLLOHOSP,25-Jan-2018,1240,PE,0,0,0,206.75,79.9,0,0,0,0,19-DEC-2017,
OPTSTK,APOLLOHOSP,25-Jan-2018,1260,PE,0,0,0,224.6,94.55,0,0,0,0,19-DEC-2017,
OPTSTK,APOLLOHOSP,25-Jan-2018,1280,PE,0,0,0,242.8,110.2,0,0,0,0,19-DEC-2017,
OPTSTK,APOLLOHOSP,25-Jan-2018,1300,PE,0,0,0,261.25,126.7,0,0,0,0,19-DEC-2017,
OPTSTK,APOLLOHOSP,25-Jan-2018,1320,PE,0,0,0,279.95,144,0,0,0,0,19-DEC-2017,
OPTSTK,APOLLOHOSP,25-Jan-2018,1340,PE,0,0,0,298.85,161.85,0,0,0,0,19-DEC-2017,
OPTSTK,APOLLOHOSP,25-Jan-2018,1360,PE,0,0,0,317.9,180.25,0,0,0,0,19-DEC-2017,
OPTSTK,APOLLOHOSP,25-Jan-2018,1380,PE,0,0,0,337.1,199,0,0,0,0,19-DEC-2017,
OPTSTK,APOLLOHOSP,25-Jan-2018,1400,PE,0,0,0,356.35,218.05,0,0,0,0,19-DEC-2017,
OPTSTK,APOLLOHOSP,22-Feb-2018,780,CE,0,0,0,338.2,403.65,0,0,0,0,19-DEC-2017,
OPTSTK,APOLLOHOSP,22-Feb-2018,800,CE,0,0,0,318.8,383.85,0,0,0,0,19-DEC-2017,
OPTSTK,APOLLOHOSP,22-Feb-2018,820,CE,0,0,0,299.5,364.15,0,0,0,0,19-DEC-2017,
OPTSTK,APOLLOHOSP,22-Feb-2018,840,CE,0,0,0,280.45,344.4,0,0,0,0,19-DEC-2017,
OPTSTK,APOLLOHOSP,22-Feb-2018,860,CE,0,0,0,261.65,324.75,0,0,0,0,19-DEC-2017,
OPTSTK,APOLLOHOSP,22-Feb-2018,880,CE,0,0,0,243.15,305.1,0,0,0,0,19-DEC-2017,
OPTSTK,APOLLOHOSP,22-Feb-2018,900,CE,0,0,0,225.05,285.6,0,0,0,0,19-DEC-2017,
OPTSTK,APOLLOHOSP,22-Feb-2018,920,CE,0,0,0,207.35,266.25,0,0,0,0,19-DEC-2017,
OPTSTK,APOLLOHOSP,22-Feb-2018,940,CE,0,0,0,190.25,247.05,0,0,0,0,19-DEC-2017,
OPTSTK,APOLLOHOSP,22-Feb-2018,960,CE,0,0,0,173.75,228.15,0,0,0,0,19-DEC-2017,
OPTSTK,APOLLOHOSP,22-Feb-2018,980,CE,0,0,0,157.9,209.6,0,0,0,0,19-DEC-2017,
OPTSTK,APOLLOHOSP,22-Feb-2018,1000,CE,0,0,0,142.85,191.5,0,0,0,0,19-DEC-2017,
OPTSTK,APOLLOHOSP,22-Feb-2018,1020,CE,0,0,0,128.55,173.9,0,0,0,0,19-DEC-2017,
OPTSTK,APOLLOHOSP,22-Feb-2018,1040,CE,0,0,0,115.1,156.95,0,0,0,0,19-DEC-2017,
OPTSTK,APOLLOHOSP,22-Feb-2018,1060,CE,0,0,0,102.55,140.75,0,0,0,0,19-DEC-2017,
OPTSTK,APOLLOHOSP,22-Feb-2018,1080,CE,0,0,0,90.95,125.35,0,0,0,0,19-DEC-2017,
OPTSTK,APOLLOHOSP,22-Feb-2018,1100,CE,0,0,0,80.2,110.9,0,0,0,0,19-DEC-2017,
OPTSTK,APOLLOHOSP,22-Feb-2018,1120,CE,0,0,0,70.4,97.3,0,0,0,0,19-DEC-2017,
OPTSTK,APOLLOHOSP,22-Feb-2018,1140,CE,0,0,0,61.5,84.85,0,0,0,0,19-DEC-2017,
OPTSTK,APOLLOHOSP,22-Feb-2018,1160,CE,0,0,0,53.45,73.4,0,0,0,0,19-DEC-2017,
OPTSTK,APOLLOHOSP,22-Feb-2018,1180,CE,0,0,0,46.2,63.05,0,0,0,0,19-DEC-2017,
OPTSTK,APOLLOHOSP,22-Feb-2018,1200,CE,0,0,0,39.8,53.75,0,0,0,0,19-DEC-2017,
OPTSTK,APOLLOHOSP,22-Feb-2018,1220,CE,0,0,0,34.1,45.5,0,0,0,0,19-DEC-2017,
OPTSTK,APOLLOHOSP,22-Feb-2018,1240,CE,0,0,0,29.1,38.2,0,0,0,0,19-DEC-2017,
OPTSTK,APOLLOHOSP,22-Feb-2018,1260,CE,0,0,0,24.75,31.85,0,0,0,0,19-DEC-2017,
OPTSTK,APOLLOHOSP,22-Feb-2018,1280,CE,0,0,0,20.9,26.35,0,0,0,0,19-DEC-2017,
OPTSTK,APOLLOHOSP,22-Feb-2018,1300,CE,0,0,0,17.6,21.75,0,0,0,0,19-DEC-2017,
OPTSTK,APOLLOHOSP,22-Feb-2018,1320,CE,0,0,0,14.75,17.7,0,0,0,0,19-DEC-2017,
OPTSTK,APOLLOHOSP,22-Feb-2018,1340,CE,0,0,0,12.3,14.35,0,0,0,0,19-DEC-2017,
OPTSTK,APOLLOHOSP,22-Feb-2018,1360,CE,0,0,0,10.25,11.55,0,0,0,0,19-DEC-2017,
OPTSTK,APOLLOHOSP,22-Feb-2018,1380,CE,0,0,0,8.5,9.25,0,0,0,0,19-DEC-2017,
OPTSTK,APOLLOHOSP,22-Feb-2018,1400,CE,0,0,0,7,7.35,0,0,0,0,19-DEC-2017,
OPTSTK,APOLLOHOSP,22-Feb-2018,780,PE,0,0,0,0.5,0.05,0,0,0,0,19-DEC-2017,
OPTSTK,APOLLOHOSP,22-Feb-2018,800,PE,0,0,0,0.8,0.05,0,0,0,0,19-DEC-2017,
OPTSTK,APOLLOHOSP,22-Feb-2018,820,PE,0,0,0,1.25,0.1,0,0,0,0,19-DEC-2017,
OPTSTK,APOLLOHOSP,22-Feb-2018,840,PE,0,0,0,1.9,0.15,0,0,0,0,19-DEC-2017,
OPTSTK,APOLLOHOSP,22-Feb-2018,860,PE,0,0,0,2.8,0.25,0,0,0,0,19-DEC-2017,
OPTSTK,APOLLOHOSP,22-Feb-2018,880,PE,0,0,0,4,0.4,0,0,0,0,19-DEC-2017,
OPTSTK,APOLLOHOSP,22-Feb-2018,900,PE,0,0,0,5.6,0.65,0,0,0,0,19-DEC-2017,
OPTSTK,APOLLOHOSP,22-Feb-2018,920,PE,0,0,0,7.65,1.05,0,0,0,0,19-DEC-2017,
OPTSTK,APOLLOHOSP,22-Feb-2018,940,PE,0,0,0,10.25,1.65,0,0,0,0,19-DEC-2017,
OPTSTK,APOLLOHOSP,22-Feb-2018,960,PE,0,0,0,13.45,2.5,0,0,0,0,19-DEC-2017,
OPTSTK,APOLLOHOSP,22-Feb-2018,980,PE,0,0,0,17.3,3.75,0,0,0,0,19-DEC-2017,
OPTSTK,APOLLOHOSP,22-Feb-2018,1000,PE,0,0,0,22,5.4,0,0,0,0,19-DEC-2017,
OPTSTK,APOLLOHOSP,22-Feb-2018,1020,PE,0,0,0,27.4,7.55,0,0,0,0,19-DEC-2017,
OPTSTK,APOLLOHOSP,22-Feb-2018,1040,PE,0,0,0,33.65,10.4,0,0,0,0,19-DEC-2017,
OPTSTK,APOLLOHOSP,22-Feb-2018,1060,PE,0,0,0,40.8,13.95,0,0,0,0,19-DEC-2017,
OPTSTK,APOLLOHOSP,22-Feb-2018,1080,PE,0,0,0,48.9,18.35,0,0,0,0,19-DEC-2017,
OPTSTK,APOLLOHOSP,22-Feb-2018,1100,PE,0,0,0,57.9,23.65,0,0,0,0,19-DEC-2017,
OPTSTK,APOLLOHOSP,22-Feb-2018,1120,PE,0,0,0,67.8,29.85,0,0,0,0,19-DEC-2017,
OPTSTK,APOLLOHOSP,22-Feb-2018,1140,PE,0,0,0,78.55,37.15,0,0,0,0,19-DEC-2017,
OPTSTK,APOLLOHOSP,22-Feb-2018,1160,PE,0,0,0,90.25,45.5,0,0,0,0,19-DEC-2017,
OPTSTK,APOLLOHOSP,22-Feb-2018,1180,PE,0,0,0,102.7,54.9,0,0,0,0,19-DEC-2017,
OPTSTK,APOLLOHOSP,22-Feb-2018,1200,PE,0,0,0,116,65.35,0,0,0,0,19-DEC-2017,
OPTSTK,APOLLOHOSP,22-Feb-2018,1220,PE,0,0,0,130,76.9,0,0,0,0,19-DEC-2017,
OPTSTK,APOLLOHOSP,22-Feb-2018,1240,PE,0,0,0,144.75,89.35,0,0,0,0,19-DEC-2017,
OPTSTK,APOLLOHOSP,22-Feb-2018,1260,PE,0,0,0,160.1,102.8,0,0,0,0,19-DEC-2017,
OPTSTK,APOLLOHOSP,22-Feb-2018,1280,PE,0,0,0,175.95,117.05,0,0,0,0,19-DEC-2017,
OPTSTK,APOLLOHOSP,22-Feb-2018,1300,PE,0,0,0,192.35,132.2,0,0,0,0,19-DEC-2017,
OPTSTK,APOLLOHOSP,22-Feb-2018,1320,PE,0,0,0,209.2,147.95,0,0,0,0,19-DEC-2017,
OPTSTK,APOLLOHOSP,22-Feb-2018,1340,PE,0,0,0,226.5,164.4,0,0,0,0,19-DEC-2017,
OPTSTK,APOLLOHOSP,22-Feb-2018,1360,PE,0,0,0,244.15,181.35,0,0,0,0,19-DEC-2017,
OPTSTK,APOLLOHOSP,22-Feb-2018,1380,PE,0,0,0,262.1,198.8,0,0,0,0,19-DEC-2017,
OPTSTK,APOLLOHOSP,22-Feb-2018,1400,PE,0,0,0,280.3,216.7,0,0,0,0,19-DEC-2017,
OPTSTK,APOLLOTYRE,28-Dec-2017,170,CE,0,0,0,76,89.85,0,0,0,0,19-DEC-2017,
OPTSTK,APOLLOTYRE,28-Dec-2017,180,CE,0,0,0,66.5,79.85,0,0,0,0,19-DEC-2017,
OPTSTK,APOLLOTYRE,28-Dec-2017,190,CE,0,0,0,57.25,69.85,0,0,0,0,19-DEC-2017,
OPTSTK,APOLLOTYRE,28-Dec-2017,200,CE,0,0,0,48.4,59.9,0,0,0,0,19-DEC-2017,
OPTSTK,APOLLOTYRE,28-Dec-2017,210,CE,0,0,0,40.2,49.9,0,0,0,0,19-DEC-2017,
OPTSTK,APOLLOTYRE,28-Dec-2017,220,CE,0,0,0,31.55,39.9,0,0,6000,0,19-DEC-2017,
OPTSTK,APOLLOTYRE,28-Dec-2017,230,CE,29.55,31.35,29.55,31.25,31.25,4,31.27,21000,-6000,19-DEC-2017,
OPTSTK,APOLLOTYRE,28-Dec-2017,240,CE,17.35,20.9,17.35,20.5,20.5,27,210.38,99000,-30000,19-DEC-2017,
OPTSTK,APOLLOTYRE,28-Dec-2017,250,CE,8.1,12.2,8.1,11.6,11.6,120,940.18,378000,-45000,19-DEC-2017,
OPTSTK,APOLLOTYRE,28-Dec-2017,260,CE,3.95,6.15,3.75,5.35,5.35,817,6500.46,780000,42000,19-DEC-2017,
OPTSTK,APOLLOTYRE,28-Dec-2017,270,CE,1.7,2.55,1.7,2,2,468,3820.14,780000,24000,19-DEC-2017,
OPTSTK,APOLLOTYRE,28-Dec-2017,280,CE,0.9,1,0.65,0.75,0.75,98,825.55,462000,63000,19-DEC-2017,
OPTSTK,APOLLOTYRE,28-Dec-2017,290,CE,0.4,0.45,0.3,0.3,0.3,28,243.91,231000,33000,19-DEC-2017,
OPTSTK,APOLLOTYRE,28-Dec-2017,300,CE,0.25,0.25,0.25,0.25,0.25,1,9,42000,3000,19-DEC-2017,
OPTSTK,APOLLOTYRE,28-Dec-2017,310,CE,0,0,0,2.2,0,0,0,0,0,19-DEC-2017,
OPTSTK,APOLLOTYRE,28-Dec-2017,320,CE,0,0,0,1.5,0,0,0,0,0,19-DEC-2017,
OPTSTK,APOLLOTYRE,28-Dec-2017,330,CE,0,0,0,1.05,0,0,0,0,0,19-DEC-2017,
OPTSTK,APOLLOTYRE,28-Dec-2017,170,PE,0,0,0,0.1,0,0,0,3000,0,19-DEC-2017,
OPTSTK,APOLLOTYRE,28-Dec-2017,180,PE,0,0,0,0.1,0,0,0,3000,0,19-DEC-2017,
OPTSTK,APOLLOTYRE,28-Dec-2017,190,PE,0,0,0,1.1,0,0,0,0,0,19-DEC-2017,
OPTSTK,APOLLOTYRE,28-Dec-2017,200,PE,0.2,0.2,0.2,0.2,0.2,1,6,3000,3000,19-DEC-2017,
OPTSTK,APOLLOTYRE,28-Dec-2017,210,PE,0.1,0.1,0.1,0.1,0.1,1,6.3,57000,0,19-DEC-2017,
OPTSTK,APOLLOTYRE,28-Dec-2017,220,PE,0.3,0.3,0.2,0.2,0.2,8,52.85,126000,-3000,19-DEC-2017,
OPTSTK,APOLLOTYRE,28-Dec-2017,230,PE,0.25,0.35,0.25,0.3,0.3,42,290.16,300000,24000,19-DEC-2017,
OPTSTK,APOLLOTYRE,28-Dec-2017,240,PE,0.95,1.05,0.5,0.6,0.6,136,982.23,453000,72000,19-DEC-2017,
OPTSTK,APOLLOTYRE,28-Dec-2017,250,PE,3.15,3.15,1.6,1.7,1.7,215,1626.5,525000,132000,19-DEC-2017,
OPTSTK,APOLLOTYRE,28-Dec-2017,260,PE,8.1,8.1,4.95,5.2,5.2,104,829.04,252000,63000,19-DEC-2017,
OPTSTK,APOLLOTYRE,28-Dec-2017,270,PE,12.4,13.25,11.75,11.75,11.75,5,42.38,36000,6000,19-DEC-2017,
OPTSTK,APOLLOTYRE,28-Dec-2017,280,PE,0,0,0,27.65,20.65,0,0,3000,0,19-DEC-2017,
OPTSTK,APOLLOTYRE,28-Dec-2017,290,PE,0,0,0,46.85,30.15,0,0,0,0,19-DEC-2017,
OPTSTK,APOLLOTYRE,28-Dec-2017,300,PE,0,0,0,55.35,40,0,0,0,0,19-DEC-2017,
OPTSTK,APOLLOTYRE,28-Dec-2017,310,PE,0,0,0,64.25,50,0,0,0,0,19-DEC-2017,
OPTSTK,APOLLOTYRE,28-Dec-2017,320,PE,0,0,0,73.4,59.95,0,0,0,0,19-DEC-2017,
OPTSTK,APOLLOTYRE,28-Dec-2017,330,PE,0,0,0,82.75,69.95,0,0,0,0,19-DEC-2017,
OPTSTK,APOLLOTYRE,25-Jan-2018,170,CE,0,0,0,71.3,90.7,0,0,0,0,19-DEC-2017,
OPTSTK,APOLLOTYRE,25-Jan-2018,180,CE,0,0,0,61.55,80.75,0,0,0,0,19-DEC-2017,
OPTSTK,APOLLOTYRE,25-Jan-2018,190,CE,0,0,0,51.95,70.8,0,0,0,0,19-DEC-2017,
OPTSTK,APOLLOTYRE,25-Jan-2018,200,CE,0,0,0,42.7,60.95,0,0,0,0,19-DEC-2017,
OPTSTK,APOLLOTYRE,25-Jan-2018,210,CE,0,0,0,34.05,51.15,0,0,0,0,19-DEC-2017,
OPTSTK,APOLLOTYRE,25-Jan-2018,220,CE,0,0,0,26.2,41.7,0,0,0,0,19-DEC-2017,
OPTSTK,APOLLOTYRE,25-Jan-2018,230,CE,0,0,0,19.4,32.75,0,0,0,0,19-DEC-2017,
OPTSTK,APOLLOTYRE,25-Jan-2018,240,CE,0,0,0,13.85,24.65,0,0,0,0,19-DEC-2017,
OPTSTK,APOLLOTYRE,25-Jan-2018,250,CE,0,0,0,9,17.7,0,0,3000,0,19-DEC-2017,
OPTSTK,APOLLOTYRE,25-Jan-2018,260,CE,10.9,10.9,10.4,10.8,10.8,9,73.07,45000,21000,19-DEC-2017,
OPTSTK,APOLLOTYRE,25-Jan-2018,270,CE,6.05,6.8,6.05,6.7,6.7,10,82.91,30000,27000,19-DEC-2017,
OPTSTK,APOLLOTYRE,25-Jan-2018,280,CE,0,0,0,2.45,4.85,0,0,0,0,19-DEC-2017,
OPTSTK,APOLLOTYRE,25-Jan-2018,290,CE,0,0,0,1.45,2.85,0,0,0,0,19-DEC-2017,
OPTSTK,APOLLOTYRE,25-Jan-2018,300,CE,0,0,0,0.85,1.6,0,0,0,0,19-DEC-2017,
OPTSTK,APOLLOTYRE,25-Jan-2018,310,CE,0,0,0,0.5,0.85,0,0,0,0,19-DEC-2017,
OPTSTK,APOLLOTYRE,25-Jan-2018,320,CE,0,0,0,0.25,0.45,0,0,0,0,19-DEC-2017,
OPTSTK,APOLLOTYRE,25-Jan-2018,330,CE,0,0,0,0.15,0.25,0,0,0,0,19-DEC-2017,
OPTSTK,APOLLOTYRE,25-Jan-2018,170,PE,0,0,0,0.05,0,0,0,0,0,19-DEC-2017,
OPTSTK,APOLLOTYRE,25-Jan-2018,180,PE,0,0,0,0.15,0,0,0,0,0,19-DEC-2017,
OPTSTK,APOLLOTYRE,25-Jan-2018,190,PE,0,0,0,0.4,0.05,0,0,0,0,19-DEC-2017,
OPTSTK,APOLLOTYRE,25-Jan-2018,200,PE,0,0,0,1,0.1,0,0,0,0,19-DEC-2017,
OPTSTK,APOLLOTYRE,25-Jan-2018,210,PE,0,0,0,2.15,0.25,0,0,0,0,19-DEC-2017,
OPTSTK,APOLLOTYRE,25-Jan-2018,220,PE,0,0,0,0.65,0.7,0,0,42000,0,19-DEC-2017,
OPTSTK,APOLLOTYRE,25-Jan-2018,230,PE,1.3,1.3,1.3,1.3,1.3,2,13.87,6000,3000,19-DEC-2017,
OPTSTK,APOLLOTYRE,25-Jan-2018,240,PE,0,0,0,11.45,3.55,0,0,0,0,19-DEC-2017,
OPTSTK,APOLLOTYRE,25-Jan-2018,250,PE,0,0,0,16.95,6.55,0,0,0,0,19-DEC-2017,
OPTSTK,APOLLOTYRE,25-Jan-2018,260,PE,9.9,9.9,9.9,9.9,9.9,1,8.09,3000,3000,19-DEC-2017,
OPTSTK,APOLLOTYRE,25-Jan-2018,270,PE,0,0,0,31.15,16.55,0,0,0,0,19-DEC-2017,
OPTSTK,APOLLOTYRE,25-Jan-2018,280,PE,0,0,0,39.45,23.5,0,0,0,0,19-DEC-2017,
OPTSTK,APOLLOTYRE,25-Jan-2018,290,PE,0,0,0,48.3,31.4,0,0,0,0,19-DEC-2017,
OPTSTK,APOLLOTYRE,25-Jan-2018,300,PE,0,0,0,57.55,40.1,0,0,0,0,19-DEC-2017,
OPTSTK,APOLLOTYRE,25-Jan-2018,310,PE,0,0,0,67,49.3,0,0,0,0,19-DEC-2017,
OPTSTK,APOLLOTYRE,25-Jan-2018,320,PE,0,0,0,76.65,58.8,0,0,0,0,19-DEC-2017,
OPTSTK,APOLLOTYRE,25-Jan-2018,330,PE,0,0,0,86.35,68.55,0,0,0,0,19-DEC-2017,
OPTSTK,APOLLOTYRE,22-Feb-2018,170,CE,0,0,0,83.25,91.5,0,0,0,0,19-DEC-2017,
OPTSTK,APOLLOTYRE,22-Feb-2018,180,CE,0,0,0,73.55,81.65,0,0,0,0,19-DEC-2017,
OPTSTK,APOLLOTYRE,22-Feb-2018,190,CE,0,0,0,63.95,71.9,0,0,0,0,19-DEC-2017,
OPTSTK,APOLLOTYRE,22-Feb-2018,200,CE,0,0,0,54.65,62.25,0,0,0,0,19-DEC-2017,
OPTSTK,APOLLOTYRE,22-Feb-2018,210,CE,0,0,0,45.85,52.9,0,0,0,0,19-DEC-2017,
OPTSTK,APOLLOTYRE,22-Feb-2018,220,CE,0,0,0,37.6,44.05,0,0,0,0,19-DEC-2017,
OPTSTK,APOLLOTYRE,22-Feb-2018,230,CE,0,0,0,30.2,35.8,0,0,0,0,19-DEC-2017,
OPTSTK,APOLLOTYRE,22-Feb-2018,240,CE,0,0,0,23.65,28.35,0,0,0,0,19-DEC-2017,
OPTSTK,APOLLOTYRE,22-Feb-2018,250,CE,0,0,0,18.15,21.85,0,0,0,0,19-DEC-2017,
OPTSTK,APOLLOTYRE,22-Feb-2018,260,CE,0,0,0,13.55,16.45,0,0,0,0,19-DEC-2017,
OPTSTK,APOLLOTYRE,22-Feb-2018,270,CE,0,0,0,9.95,12.05,0,0,0,0,19-DEC-2017,
OPTSTK,APOLLOTYRE,22-Feb-2018,280,CE,0,0,0,7.1,8.6,0,0,0,0,19-DEC-2017,
OPTSTK,APOLLOTYRE,22-Feb-2018,290,CE,0,0,0,5,6,0,0,0,0,19-DEC-2017,
OPTSTK,APOLLOTYRE,22-Feb-2018,300,CE,0,0,0,3.45,4.05,0,0,0,0,19-DEC-2017,
OPTSTK,APOLLOTYRE,22-Feb-2018,310,CE,0,0,0,2.35,2.7,0,0,0,0,19-DEC-2017,
OPTSTK,APOLLOTYRE,22-Feb-2018,320,CE,0,0,0,1.55,1.75,0,0,0,0,19-DEC-2017,
OPTSTK,APOLLOTYRE,22-Feb-2018,330,CE,0,0,0,1,1.1,0,0,0,0,19-DEC-2017,
OPTSTK,APOLLOTYRE,22-Feb-2018,170,PE,0,0,0,0.1,0.05,0,0,0,0,19-DEC-2017,
OPTSTK,APOLLOTYRE,22-Feb-2018,180,PE,0,0,0,0.2,0.05,0,0,0,0,19-DEC-2017,
OPTSTK,APOLLOTYRE,22-Feb-2018,190,PE,0,0,0,0.5,0.2,0,0,0,0,19-DEC-2017,
OPTSTK,APOLLOTYRE,22-Feb-2018,200,PE,0,0,0,1.05,0.45,0,0,0,0,19-DEC-2017,
OPTSTK,APOLLOTYRE,22-Feb-2018,210,PE,0,0,0,2.05,1,0,0,0,0,19-DEC-2017,
OPTSTK,APOLLOTYRE,22-Feb-2018,220,PE,0,0,0,3.7,1.95,0,0,0,0,19-DEC-2017,
OPTSTK,APOLLOTYRE,22-Feb-2018,230,PE,0,0,0,6.15,3.6,0,0,0,0,19-DEC-2017,
OPTSTK,APOLLOTYRE,22-Feb-2018,240,PE,0,0,0,9.45,6.05,0,0,0,0,19-DEC-2017,
OPTSTK,APOLLOTYRE,22-Feb-2018,250,PE,0,0,0,13.8,9.45,0,0,0,0,19-DEC-2017,
OPTSTK,APOLLOTYRE,22-Feb-2018,260,PE,0,0,0,19.1,13.9,0,0,0,0,19-DEC-2017,
OPTSTK,APOLLOTYRE,22-Feb-2018,270,PE,0,0,0,25.3,19.4,0,0,0,0,19-DEC-2017,
OPTSTK,APOLLOTYRE,22-Feb-2018,280,PE,0,0,0,32.35,25.85,0,0,0,0,19-DEC-2017,
OPTSTK,APOLLOTYRE,22-Feb-2018,290,PE,0,0,0,40.05,33.1,0,0,0,0,19-DEC-2017,
OPTSTK,APOLLOTYRE,22-Feb-2018,300,PE,0,0,0,48.35,41.1,0,0,0,0,19-DEC-2017,
OPTSTK,APOLLOTYRE,22-Feb-2018,310,PE,0,0,0,57.1,49.6,0,0,0,0,19-DEC-2017,
OPTSTK,APOLLOTYRE,22-Feb-2018,320,PE,0,0,0,66.2,58.55,0,0,0,0,19-DEC-2017,
OPTSTK,APOLLOTYRE,22-Feb-2018,330,PE,0,0,0,75.5,67.8,0,0,0,0,19-DEC-2017,
OPTSTK,ARVIND,28-Dec-2017,260,CE,0,0,0,112.85,181.85,0,0,0,0,19-DEC-2017,
OPTSTK,ARVIND,28-Dec-2017,270,CE,0,0,0,103.35,171.9,0,0,0,0,19-DEC-2017,
OPTSTK,ARVIND,28-Dec-2017,280,CE,0,0,0,94.05,161.9,0,0,0,0,19-DEC-2017,
OPTSTK,ARVIND,28-Dec-2017,290,CE,0,0,0,85,151.9,0,0,0,0,19-DEC-2017,
OPTSTK,ARVIND,28-Dec-2017,300,CE,0,0,0,76.25,141.95,0,0,0,0,19-DEC-2017,
OPTSTK,ARVIND,28-Dec-2017,310,CE,0,0,0,67.9,131.95,0,0,0,0,19-DEC-2017,
OPTSTK,ARVIND,28-Dec-2017,320,CE,0,0,0,60,121.95,0,0,0,0,19-DEC-2017,
OPTSTK,ARVIND,28-Dec-2017,330,CE,0,0,0,52.6,112,0,0,0,0,19-DEC-2017,
OPTSTK,ARVIND,28-Dec-2017,340,CE,0,0,0,45.7,102,0,0,0,0,19-DEC-2017,
OPTSTK,ARVIND,28-Dec-2017,350,CE,0,0,0,39.45,92,0,0,0,0,19-DEC-2017,
OPTSTK,ARVIND,28-Dec-2017,360,CE,0,0,0,33.75,82.05,0,0,0,0,19-DEC-2017,
OPTSTK,ARVIND,28-Dec-2017,370,CE,0,0,0,28.65,72.05,0,0,0,0,19-DEC-2017,
OPTSTK,ARVIND,28-Dec-2017,380,CE,0,0,0,24.1,62.15,0,0,0,0,19-DEC-2017,
OPTSTK,ARVIND,28-Dec-2017,390,CE,0,0,0,41.1,52.3,0,0,4000,0,19-DEC-2017,
OPTSTK,ARVIND,28-Dec-2017,400,CE,0,0,0,32.7,42.7,0,0,8000,0,19-DEC-2017,
OPTSTK,ARVIND,28-Dec-2017,410,CE,0,0,0,27.55,33.6,0,0,16000,0,19-DEC-2017,
OPTSTK,ARVIND,28-Dec-2017,420,CE,21.5,25.1,21.5,25.1,25.1,4,35.39,56000,0,19-DEC-2017,
OPTSTK,ARVIND,28-Dec-2017,430,CE,15.6,17.9,13.5,16.05,16.05,61,543.34,144000,-8000,19-DEC-2017,
OPTSTK,ARVIND,28-Dec-2017,440,CE,10.8,11.85,8.75,10.25,10.25,599,5390.61,386000,-32000,19-DEC-2017,
OPTSTK,ARVIND,28-Dec-2017,450,CE,6.25,7.4,5.1,6.1,6.1,828,7551.46,756000,48000,19-DEC-2017,
OPTSTK,ARVIND,28-Dec-2017,460,CE,4,4.55,2.9,3.45,3.45,391,3624.09,730000,38000,19-DEC-2017,
OPTSTK,ARVIND,28-Dec-2017,470,CE,2.7,2.7,1.45,1.7,1.7,171,1613.94,306000,22000,19-DEC-2017,
OPTSTK,ARVIND,28-Dec-2017,480,CE,1.6,1.6,0.75,0.8,0.8,155,1490.94,306000,56000,19-DEC-2017,
OPTSTK,ARVIND,28-Dec-2017,490,CE,0.8,0.8,0.4,0.45,0.45,68,667.05,108000,-4000,19-DEC-2017,
OPTSTK,ARVIND,28-Dec-2017,500,CE,0.4,0.4,0.35,0.35,0.35,27,270.2,274000,-18000,19-DEC-2017,
OPTSTK,ARVIND,28-Dec-2017,510,CE,0.3,0.3,0.25,0.25,0.25,9,91.84,68000,6000,19-DEC-2017,
OPTSTK,ARVIND,28-Dec-2017,520,CE,0.2,0.2,0.2,0.2,0.2,7,72.82,42000,-6000,19-DEC-2017,
OPTSTK,ARVIND,28-Dec-2017,530,CE,0,0,0,0.75,0.05,0,0,4000,0,19-DEC-2017,
OPTSTK,ARVIND,28-Dec-2017,540,CE,0,0,0,0.5,0.05,0,0,2000,0,19-DEC-2017,
OPTSTK,ARVIND,28-Dec-2017,550,CE,0,0,0,1.95,0,0,0,18000,0,19-DEC-2017,
OPTSTK,ARVIND,28-Dec-2017,260,PE,0,0,0,0.5,0,0,0,0,0,19-DEC-2017,
OPTSTK,ARVIND,28-Dec-2017,270,PE,0,0,0,0.85,0,0,0,0,0,19-DEC-2017,
OPTSTK,ARVIND,28-Dec-2017,280,PE,0,0,0,1.4,0,0,0,0,0,19-DEC-2017,
OPTSTK,ARVIND,28-Dec-2017,290,PE,0,0,0,2.2,0,0,0,0,0,19-DEC-2017,
OPTSTK,ARVIND,28-Dec-2017,300,PE,0,0,0,3.3,0,0,0,0,0,19-DEC-2017,
OPTSTK,ARVIND,28-Dec-2017,310,PE,0,0,0,4.8,0,0,0,0,0,19-DEC-2017,
OPTSTK,ARVIND,28-Dec-2017,320,PE,0,0,0,0.15,0,0,0,12000,0,19-DEC-2017,
OPTSTK,ARVIND,28-Dec-2017,330,PE,0,0,0,9.15,0,0,0,0,0,19-DEC-2017,
OPTSTK,ARVIND,28-Dec-2017,340,PE,0,0,0,12.15,0,0,0,0,0,19-DEC-2017,
OPTSTK,ARVIND,28-Dec-2017,350,PE,0,0,0,15.7,0,0,0,0,0,19-DEC-2017,
OPTSTK,ARVIND,28-Dec-2017,360,PE,0,0,0,1,0,0,0,10000,0,19-DEC-2017,
OPTSTK,ARVIND,28-Dec-2017,370,PE,0,0,0,0.15,0.05,0,0,8000,0,19-DEC-2017,
OPTSTK,ARVIND,28-Dec-2017,380,PE,0.2,0.2,0.15,0.15,0.15,4,30.41,24000,-4000,19-DEC-2017,
OPTSTK,ARVIND,28-Dec-2017,390,PE,0.4,0.4,0.25,0.25,0.25,13,101.49,82000,-8000,19-DEC-2017,
OPTSTK,ARVIND,28-Dec-2017,400,PE,0.95,0.95,0.45,0.5,0.5,66,528.92,238000,-2000,19-DEC-2017,
OPTSTK,ARVIND,28-Dec-2017,410,PE,1.2,1.3,0.7,0.75,0.75,52,427.47,152000,-10000,19-DEC-2017,
OPTSTK,ARVIND,28-Dec-2017,420,PE,2.85,2.85,1.6,1.65,1.65,205,1731.32,258000,70000,19-DEC-2017,
OPTSTK,ARVIND,28-Dec-2017,430,PE,5.15,5.65,3.55,3.65,3.65,177,1538.73,162000,24000,19-DEC-2017,
OPTSTK,ARVIND,28-Dec-2017,440,PE,9.45,10.15,7.35,7.65,7.65,43,385.97,124000,16000,19-DEC-2017,
OPTSTK,ARVIND,28-Dec-2017,450,PE,16.35,16.35,15,15.8,15.8,3,27.94,76000,-2000,19-DEC-2017,
OPTSTK,ARVIND,28-Dec-2017,460,PE,23.3,23.3,23.3,23.3,23.3,3,28.99,24000,-6000,19-DEC-2017,
OPTSTK,ARVIND,28-Dec-2017,470,PE,0,0,0,40.15,30.35,0,0,4000,0,19-DEC-2017,
OPTSTK,ARVIND,28-Dec-2017,480,PE,0,0,0,51.1,39.15,0,0,2000,0,19-DEC-2017,
OPTSTK,ARVIND,28-Dec-2017,490,PE,0,0,0,116.45,48.45,0,0,0,0,19-DEC-2017,
OPTSTK,ARVIND,28-Dec-2017,500,PE,0,0,0,125.75,58.1,0,0,0,0,19-DEC-2017,
OPTSTK,ARVIND,28-Dec-2017,510,PE,0,0,0,135.2,67.9,0,0,0,0,19-DEC-2017,
OPTSTK,ARVIND,28-Dec-2017,520,PE,0,0,0,144.75,77.8,0,0,0,0,19-DEC-2017,
OPTSTK,ARVIND,28-Dec-2017,530,PE,0,0,0,154.3,87.75,0,0,0,0,19-DEC-2017,
OPTSTK,ARVIND,28-Dec-2017,540,PE,0,0,0,163.95,97.75,0,0,0,0,19-DEC-2017,
OPTSTK,ARVIND,28-Dec-2017,550,PE,0,0,0,173.65,107.7,0,0,0,0,19-DEC-2017,
OPTSTK,ARVIND,25-Jan-2018,260,CE,0,0,0,140.5,183.15,0,0,0,0,19-DEC-2017,
OPTSTK,ARVIND,25-Jan-2018,270,CE,0,0,0,130.8,173.25,0,0,0,0,19-DEC-2017,
OPTSTK,ARVIND,25-Jan-2018,280,CE,0,0,0,121.1,163.3,0,0,0,0,19-DEC-2017,
OPTSTK,ARVIND,25-Jan-2018,290,CE,0,0,0,111.6,153.35,0,0,0,0,19-DEC-2017,
OPTSTK,ARVIND,25-Jan-2018,300,CE,0,0,0,102.2,143.45,0,0,0,0,19-DEC-2017,
OPTSTK,ARVIND,25-Jan-2018,310,CE,0,0,0,93,133.5,0,0,0,0,19-DEC-2017,
OPTSTK,ARVIND,25-Jan-2018,320,CE,0,0,0,84.1,123.65,0,0,0,0,19-DEC-2017,
OPTSTK,ARVIND,25-Jan-2018,330,CE,0,0,0,75.55,113.8,0,0,0,0,19-DEC-2017,
OPTSTK,ARVIND,25-Jan-2018,340,CE,0,0,0,67.4,104,0,0,0,0,19-DEC-2017,
OPTSTK,ARVIND,25-Jan-2018,350,CE,0,0,0,59.65,94.35,0,0,0,0,19-DEC-2017,
OPTSTK,ARVIND,25-Jan-2018,360,CE,0,0,0,52.4,84.85,0,0,0,0,19-DEC-2017,
OPTSTK,ARVIND,25-Jan-2018,370,CE,0,0,0,45.7,75.6,0,0,0,0,19-DEC-2017,
OPTSTK,ARVIND,25-Jan-2018,380,CE,0,0,0,39.55,66.7,0,0,0,0,19-DEC-2017,
OPTSTK,ARVIND,25-Jan-2018,390,CE,0,0,0,34,58.2,0,0,0,0,19-DEC-2017,
OPTSTK,ARVIND,25-Jan-2018,400,CE,0,0,0,28.95,50.2,0,0,0,0,19-DEC-2017,
OPTSTK,ARVIND,25-Jan-2018,410,CE,0,0,0,24.5,42.8,0,0,0,0,19-DEC-2017,
OPTSTK,ARVIND,25-Jan-2018,420,CE,0,0,0,20.6,36.05,0,0,0,0,19-DEC-2017,
OPTSTK,ARVIND,25-Jan-2018,430,CE,23,23,23,23,23,1,9.06,2000,0,19-DEC-2017,
OPTSTK,ARVIND,25-Jan-2018,440,CE,18.2,18.2,18.2,18.2,18.2,1,9.16,2000,0,19-DEC-2017,
OPTSTK,ARVIND,25-Jan-2018,450,CE,0,0,0,15.2,19.9,0,0,20000,0,19-DEC-2017,
OPTSTK,ARVIND,25-Jan-2018,460,CE,10.2,10.2,10.2,10.2,10.2,1,9.4,32000,2000,19-DEC-2017,
OPTSTK,ARVIND,25-Jan-2018,470,CE,7,7.95,7,7.95,7.95,2,19.09,8000,2000,19-DEC-2017,
OPTSTK,ARVIND,25-Jan-2018,480,CE,0,0,0,10.65,9.8,0,0,6000,0,19-DEC-2017,
OPTSTK,ARVIND,25-Jan-2018,490,CE,0,0,0,5.1,7.55,0,0,0,0,19-DEC-2017,
OPTSTK,ARVIND,25-Jan-2018,500,CE,0,0,0,4.1,5.75,0,0,0,0,19-DEC-2017,
OPTSTK,ARVIND,25-Jan-2018,510,CE,0,0,0,3.25,4.3,0,0,0,0,19-DEC-2017,
OPTSTK,ARVIND,25-Jan-2018,520,CE,0,0,0,2.6,3.2,0,0,0,0,19-DEC-2017,
OPTSTK,ARVIND,25-Jan-2018,530,CE,0,0,0,2.05,2.35,0,0,0,0,19-DEC-2017,
OPTSTK,ARVIND,25-Jan-2018,540,CE,0,0,0,1.6,1.7,0,0,0,0,19-DEC-2017,
OPTSTK,ARVIND,25-Jan-2018,550,CE,0,0,0,1.25,1.25,0,0,0,0,19-DEC-2017,
OPTSTK,ARVIND,25-Jan-2018,260,PE,0,0,0,0.15,0,0,0,0,0,19-DEC-2017,
OPTSTK,ARVIND,25-Jan-2018,270,PE,0,0,0,0.25,0,0,0,0,0,19-DEC-2017,
OPTSTK,ARVIND,25-Jan-2018,280,PE,0,0,0,0.45,0,0,0,0,0,19-DEC-2017,
OPTSTK,ARVIND,25-Jan-2018,290,PE,0,0,0,0.75,0,0,0,0,0,19-DEC-2017,
OPTSTK,ARVIND,25-Jan-2018,300,PE,0,0,0,1.2,0.05,0,0,0,0,19-DEC-2017,
OPTSTK,ARVIND,25-Jan-2018,310,PE,0,0,0,1.85,0.05,0,0,0,0,19-DEC-2017,
OPTSTK,ARVIND,25-Jan-2018,320,PE,0,0,0,2.8,0.1,0,0,0,0,19-DEC-2017,
OPTSTK,ARVIND,25-Jan-2018,330,PE,0,0,0,4.1,0.2,0,0,0,0,19-DEC-2017,
OPTSTK,ARVIND,25-Jan-2018,340,PE,0,0,0,5.75,0.35,0,0,0,0,19-DEC-2017,
OPTSTK,ARVIND,25-Jan-2018,350,PE,0,0,0,7.85,0.6,0,0,0,0,19-DEC-2017,
OPTSTK,ARVIND,25-Jan-2018,360,PE,0,0,0,10.45,1.05,0,0,0,0,19-DEC-2017,
OPTSTK,ARVIND,25-Jan-2018,370,PE,0,0,0,13.6,1.75,0,0,0,0,19-DEC-2017,
OPTSTK,ARVIND,25-Jan-2018,380,PE,0,0,0,17.3,2.8,0,0,0,0,19-DEC-2017,
OPTSTK,ARVIND,25-Jan-2018,390,PE,0,0,0,21.55,4.25,0,0,0,0,19-DEC-2017,
OPTSTK,ARVIND,25-Jan-2018,400,PE,0,0,0,11,6.15,0,0,18000,0,19-DEC-2017,
OPTSTK,ARVIND,25-Jan-2018,410,PE,0,0,0,31.8,8.7,0,0,0,0,19-DEC-2017,
OPTSTK,ARVIND,25-Jan-2018,420,PE,0,0,0,23,11.85,0,0,6000,0,19-DEC-2017,
OPTSTK,ARVIND,25-Jan-2018,430,PE,0,0,0,44.15,15.7,0,0,0,0,19-DEC-2017,
OPTSTK,ARVIND,25-Jan-2018,440,PE,16.55,16.55,16.55,16.55,16.55,1,9.13,2000,0,19-DEC-2017,
OPTSTK,ARVIND,25-Jan-2018,450,PE,0,0,0,58.4,25.5,0,0,0,0,19-DEC-2017,
OPTSTK,ARVIND,25-Jan-2018,460,PE,0,0,0,66.1,31.45,0,0,0,0,19-DEC-2017,
OPTSTK,ARVIND,25-Jan-2018,470,PE,0,0,0,74.15,38.05,0,0,0,0,19-DEC-2017,
OPTSTK,ARVIND,25-Jan-2018,480,PE,0,0,0,82.5,45.25,0,0,0,0,19-DEC-2017,
OPTSTK,ARVIND,25-Jan-2018,490,PE,0,0,0,91.1,52.9,0,0,0,0,19-DEC-2017,
OPTSTK,ARVIND,25-Jan-2018,500,PE,0,0,0,99.95,61.05,0,0,0,0,19-DEC-2017,
OPTSTK,ARVIND,25-Jan-2018,510,PE,0,0,0,108.95,69.55,0,0,0,0,19-DEC-2017,
OPTSTK,ARVIND,25-Jan-2018,520,PE,0,0,0,118.15,78.4,0,0,0,0,19-DEC-2017,
OPTSTK,ARVIND,25-Jan-2018,530,PE,0,0,0,127.45,87.45,0,0,0,0,19-DEC-2017,
OPTSTK,ARVIND,25-Jan-2018,540,PE,0,0,0,136.85,96.75,0,0,0,0,19-DEC-2017,
OPTSTK,ARVIND,25-Jan-2018,550,PE,0,0,0,146.35,106.2,0,0,0,0,19-DEC-2017,
OPTSTK,ARVIND,22-Feb-2018,260,CE,0,0,0,180.85,184.45,0,0,0,0,19-DEC-2017,
OPTSTK,ARVIND,22-Feb-2018,270,CE,0,0,0,171.15,174.55,0,0,0,0,19-DEC-2017,
OPTSTK,ARVIND,22-Feb-2018,280,CE,0,0,0,161.5,164.7,0,0,0,0,19-DEC-2017,
OPTSTK,ARVIND,22-Feb-2018,290,CE,0,0,0,152,154.9,0,0,0,0,19-DEC-2017,
OPTSTK,ARVIND,22-Feb-2018,300,CE,0,0,0,142.6,145.1,0,0,0,0,19-DEC-2017,
OPTSTK,ARVIND,22-Feb-2018,310,CE,0,0,0,133.35,135.35,0,0,0,0,19-DEC-2017,
OPTSTK,ARVIND,22-Feb-2018,320,CE,0,0,0,124.3,125.7,0,0,0,0,19-DEC-2017,
OPTSTK,ARVIND,22-Feb-2018,330,CE,0,0,0,115.5,116.15,0,0,0,0,19-DEC-2017,
OPTSTK,ARVIND,22-Feb-2018,340,CE,0,0,0,106.95,106.8,0,0,0,0,19-DEC-2017,
OPTSTK,ARVIND,22-Feb-2018,350,CE,0,0,0,98.65,97.65,0,0,0,0,19-DEC-2017,
OPTSTK,ARVIND,22-Feb-2018,360,CE,0,0,0,90.7,88.8,0,0,0,0,19-DEC-2017,
OPTSTK,ARVIND,22-Feb-2018,370,CE,0,0,0,83.1,80.25,0,0,0,0,19-DEC-2017,
OPTSTK,ARVIND,22-Feb-2018,380,CE,0,0,0,75.9,72.05,0,0,0,0,19-DEC-2017,
OPTSTK,ARVIND,22-Feb-2018,390,CE,0,0,0,69.05,64.25,0,0,0,0,19-DEC-2017,
OPTSTK,ARVIND,22-Feb-2018,400,CE,0,0,0,62.6,57,0,0,0,0,19-DEC-2017,
OPTSTK,ARVIND,22-Feb-2018,410,CE,0,0,0,56.55,50.15,0,0,0,0,19-DEC-2017,
OPTSTK,ARVIND,22-Feb-2018,420,CE,0,0,0,50.95,43.85,0,0,0,0,19-DEC-2017,
OPTSTK,ARVIND,22-Feb-2018,430,CE,0,0,0,45.75,38.1,0,0,0,0,19-DEC-2017,
OPTSTK,ARVIND,22-Feb-2018,440,CE,0,0,0,40.9,32.85,0,0,0,0,19-DEC-2017,
OPTSTK,ARVIND,22-Feb-2018,450,CE,0,0,0,36.5,28.2,0,0,0,0,19-DEC-2017,
OPTSTK,ARVIND,22-Feb-2018,460,CE,0,0,0,32.45,24,0,0,0,0,19-DEC-2017,
OPTSTK,ARVIND,22-Feb-2018,470,CE,0,0,0,28.8,20.3,0,0,0,0,19-DEC-2017,
OPTSTK,ARVIND,22-Feb-2018,480,CE,0,0,0,25.45,17.1,0,0,0,0,19-DEC-2017,
OPTSTK,ARVIND,22-Feb-2018,490,CE,0,0,0,22.45,14.3,0,0,0,0,19-DEC-2017,
OPTSTK,ARVIND,22-Feb-2018,500,CE,0,0,0,19.75,11.9,0,0,0,0,19-DEC-2017,
OPTSTK,ARVIND,22-Feb-2018,510,CE,0,0,0,17.35,9.85,0,0,0,0,19-DEC-2017,
OPTSTK,ARVIND,22-Feb-2018,520,CE,0,0,0,15.2,8.1,0,0,0,0,19-DEC-2017,
OPTSTK,ARVIND,22-Feb-2018,530,CE,0,0,0,13.25,6.6,0,0,0,0,19-DEC-2017,
OPTSTK,ARVIND,22-Feb-2018,540,CE,0,0,0,11.55,5.4,0,0,0,0,19-DEC-2017,
OPTSTK,ARVIND,22-Feb-2018,550,CE,0,0,0,10.05,4.35,0,0,0,0,19-DEC-2017,
OPTSTK,ARVIND,22-Feb-2018,260,PE,0,0,0,0.25,0.05,0,0,0,0,19-DEC-2017,
OPTSTK,ARVIND,22-Feb-2018,270,PE,0,0,0,0.4,0.05,0,0,0,0,19-DEC-2017,
OPTSTK,ARVIND,22-Feb-2018,280,PE,0,0,0,0.65,0.05,0,0,0,0,19-DEC-2017,
OPTSTK,ARVIND,22-Feb-2018,290,PE,0,0,0,0.95,0.1,0,0,0,0,19-DEC-2017,
OPTSTK,ARVIND,22-Feb-2018,300,PE,0,0,0,1.45,0.2,0,0,0,0,19-DEC-2017,
OPTSTK,ARVIND,22-Feb-2018,310,PE,0,0,0,2.05,0.35,0,0,0,0,19-DEC-2017,
OPTSTK,ARVIND,22-Feb-2018,320,PE,0,0,0,2.85,0.6,0,0,0,0,19-DEC-2017,
OPTSTK,ARVIND,22-Feb-2018,330,PE,0,0,0,3.9,0.95,0,0,0,0,19-DEC-2017,
OPTSTK,ARVIND,22-Feb-2018,340,PE,0,0,0,5.2,1.5,0,0,0,0,19-DEC-2017,
OPTSTK,ARVIND,22-Feb-2018,350,PE,0,0,0,6.75,2.25,0,0,0,0,19-DEC-2017,
OPTSTK,ARVIND,22-Feb-2018,360,PE,0,0,0,8.7,3.25,0,0,0,0,19-DEC-2017,
OPTSTK,ARVIND,22-Feb-2018,370,PE,0,0,0,10.95,4.55,0,0,0,0,19-DEC-2017,
OPTSTK,ARVIND,22-Feb-2018,380,PE,0,0,0,13.55,6.25,0,0,0,0,19-DEC-2017,
OPTSTK,ARVIND,22-Feb-2018,390,PE,0,0,0,16.55,8.4,0,0,0,0,19-DEC-2017,
OPTSTK,ARVIND,22-Feb-2018,400,PE,0,0,0,19.95,10.95,0,0,0,0,19-DEC-2017,
OPTSTK,ARVIND,22-Feb-2018,410,PE,0,0,0,23.8,14,0,0,0,0,19-DEC-2017,
OPTSTK,ARVIND,22-Feb-2018,420,PE,0,0,0,28,17.6,0,0,0,0,19-DEC-2017,
OPTSTK,ARVIND,22-Feb-2018,430,PE,0,0,0,32.65,21.75,0,0,0,0,19-DEC-2017,
OPTSTK,ARVIND,22-Feb-2018,440,PE,0,0,0,37.7,26.4,0,0,0,0,19-DEC-2017,
OPTSTK,ARVIND,22-Feb-2018,450,PE,0,0,0,43.15,31.6,0,0,0,0,19-DEC-2017,
OPTSTK,ARVIND,22-Feb-2018,460,PE,0,0,0,48.95,37.3,0,0,0,0,19-DEC-2017,
OPTSTK,ARVIND,22-Feb-2018,470,PE,0,0,0,55.15,43.5,0,0,0,0,19-DEC-2017,
OPTSTK,ARVIND,22-Feb-2018,480,PE,0,0,0,61.65,50.15,0,0,0,0,19-DEC-2017,
OPTSTK,ARVIND,22-Feb-2018,490,PE,0,0,0,68.5,57.25,0,0,0,0,19-DEC-2017,
OPTSTK,ARVIND,22-Feb-2018,500,PE,0,0,0,75.65,64.75,0,0,0,0,19-DEC-2017,
OPTSTK,ARVIND,22-Feb-2018,510,PE,0,0,0,83.15,72.55,0,0,0,0,19-DEC-2017,
OPTSTK,ARVIND,22-Feb-2018,520,PE,0,0,0,90.85,80.7,0,0,0,0,19-DEC-2017,
OPTSTK,ARVIND,22-Feb-2018,530,PE,0,0,0,98.75,89.1,0,0,0,0,19-DEC-2017,
OPTSTK,ARVIND,22-Feb-2018,540,PE,0,0,0,106.9,97.75,0,0,0,0,19-DEC-2017,
OPTSTK,ARVIND,22-Feb-2018,550,PE,0,0,0,115.25,106.65,0,0,0,0,19-DEC-2017,
OPTSTK,ASHOKLEY,28-Dec-2017,67.5,CE,0,0,0,50.3,50.75,0,0,0,0,19-DEC-2017,
OPTSTK,ASHOKLEY,28-Dec-2017,70,CE,0,0,0,47.85,48.3,0,0,0,0,19-DEC-2017,
OPTSTK,ASHOKLEY,28-Dec-2017,72.5,CE,0,0,0,45.4,45.8,0,0,0,0,19-DEC-2017,
OPTSTK,ASHOKLEY,28-Dec-2017,75,CE,0,0,0,42.95,43.3,0,0,0,0,19-DEC-2017,
OPTSTK,ASHOKLEY,28-Dec-2017,77.5,CE,0,0,0,40.55,40.8,0,0,0,0,19-DEC-2017,
OPTSTK,ASHOKLEY,28-Dec-2017,80,CE,0,0,0,36.35,38.3,0,0,7000,0,19-DEC-2017,
OPTSTK,ASHOKLEY,28-Dec-2017,82.5,CE,0,0,0,35.7,35.8,0,0,0,0,19-DEC-2017,
OPTSTK,ASHOKLEY,28-Dec-2017,85,CE,0,0,0,33.3,33.3,0,0,0,0,19-DEC-2017,
OPTSTK,ASHOKLEY,28-Dec-2017,87.5,CE,0,0,0,30.95,30.8,0,0,0,0,19-DEC-2017,
OPTSTK,ASHOKLEY,28-Dec-2017,90,CE,0,0,0,28.65,28.3,0,0,0,0,19-DEC-2017,
OPTSTK,ASHOKLEY,28-Dec-2017,92.5,CE,0,0,0,26.4,25.8,0,0,0,0,19-DEC-2017,
OPTSTK,ASHOKLEY,28-Dec-2017,95,CE,0,0,0,24.25,23.3,0,0,0,0,19-DEC-2017,
OPTSTK,ASHOKLEY,28-Dec-2017,97.5,CE,0,0,0,22.1,20.8,0,0,0,0,19-DEC-2017,
OPTSTK,ASHOKLEY,28-Dec-2017,100,CE,0,0,0,21.6,18.35,0,0,14000,0,19-DEC-2017,
OPTSTK,ASHOKLEY,28-Dec-2017,102.5,CE,0,0,0,18.15,15.85,0,0,0,0,19-DEC-2017,
OPTSTK,ASHOKLEY,28-Dec-2017,105,CE,0,0,0,6.55,13.4,0,0,14000,0,19-DEC-2017,
OPTSTK,ASHOKLEY,28-Dec-2017,107.5,CE,8.3,8.3,8.3,8.3,8.3,1,8.1,7000,-7000,19-DEC-2017,
OPTSTK,ASHOKLEY,28-Dec-2017,110,CE,6.05,8.6,5.95,8.45,8.45,31,254.67,336000,0,19-DEC-2017,
OPTSTK,ASHOKLEY,28-Dec-2017,112.5,CE,4.25,6.5,4.05,6.35,6.35,75,616.92,315000,-98000,19-DEC-2017,
OPTSTK,ASHOKLEY,28-Dec-2017,115,CE,2.55,4.6,2.55,4.45,4.45,601,4984.96,1561000,-672000,19-DEC-2017,
OPTSTK,ASHOKLEY,28-Dec-2017,117.5,CE,1.8,3.05,1.55,2.95,2.95,491,4117.15,1099000,-455000,19-DEC-2017,
OPTSTK,ASHOKLEY,28-Dec-2017,120,CE,1.1,1.9,0.95,1.85,1.85,3142,26715.12,6160000,-1575000,19-DEC-2017,
OPTSTK,ASHOKLEY,28-Dec-2017,122.5,CE,0.7,1.2,0.6,1.15,1.15,334,2884.86,2023000,-28000,19-DEC-2017,
OPTSTK,ASHOKLEY,28-Dec-2017,125,CE,0.5,0.75,0.35,0.7,0.7,1153,10129.96,6034000,-693000,19-DEC-2017,
OPTSTK,ASHOKLEY,28-Dec-2017,127.5,CE,0.3,0.45,0.3,0.45,0.45,127,1136.43,1043000,154000,19-DEC-2017,
OPTSTK,ASHOKLEY,28-Dec-2017,130,CE,0.25,0.35,0.2,0.3,0.3,423,3856.86,5292000,-371000,19-DEC-2017,
OPTSTK,ASHOKLEY,28-Dec-2017,132.5,CE,0.2,0.25,0.15,0.25,0.25,24,222.94,532000,49000,19-DEC-2017,
OPTSTK,ASHOKLEY,28-Dec-2017,135,CE,0.15,0.15,0.05,0.15,0.15,75,709.47,1715000,-7000,19-DEC-2017,
OPTSTK,ASHOKLEY,28-Dec-2017,137.5,CE,0.1,0.1,0.1,0.1,0.1,3,28.89,140000,14000,19-DEC-2017,
OPTSTK,ASHOKLEY,28-Dec-2017,140,CE,0.1,0.1,0.1,0.1,0.1,31,304.01,1470000,42000,19-DEC-2017,
OPTSTK,ASHOKLEY,28-Dec-2017,142.5,CE,0,0,0,0.1,0,0,0,168000,0,19-DEC-2017,
OPTSTK,ASHOKLEY,28-Dec-2017,145,CE,0.05,0.05,0.05,0.05,0.05,2,20.3,133000,-14000,19-DEC-2017,
OPTSTK,ASHOKLEY,28-Dec-2017,147.5,CE,0.05,0.05,0.05,0.05,0.05,2,20.65,56000,0,19-DEC-2017,
OPTSTK,ASHOKLEY,28-Dec-2017,150,CE,0.05,0.05,0.05,0.05,0.05,1,10.5,448000,-7000,19-DEC-2017,
OPTSTK,ASHOKLEY,28-Dec-2017,152.5,CE,0,0,0,0.9,0,0,0,0,0,19-DEC-2017,
OPTSTK,ASHOKLEY,28-Dec-2017,155,CE,0,0,0,0.75,0,0,0,0,0,19-DEC-2017,
OPTSTK,ASHOKLEY,28-Dec-2017,67.5,PE,0,0,0,0.05,0,0,0,0,0,19-DEC-2017,
OPTSTK,ASHOKLEY,28-Dec-2017,70,PE,0,0,0,0.05,0,0,0,0,0,19-DEC-2017,
OPTSTK,ASHOKLEY,28-Dec-2017,72.5,PE,0,0,0,0.05,0,0,0,0,0,19-DEC-2017,
OPTSTK,ASHOKLEY,28-Dec-2017,75,PE,0,0,0,0.05,0,0,0,0,0,19-DEC-2017,
OPTSTK,ASHOKLEY,28-Dec-2017,77.5,PE,0,0,0,0.05,0,0,0,0,0,19-DEC-2017,
OPTSTK,ASHOKLEY,28-Dec-2017,80,PE,0,0,0,0.1,0,0,0,0,0,19-DEC-2017,
OPTSTK,ASHOKLEY,28-Dec-2017,82.5,PE,0,0,0,0.15,0,0,0,0,0,19-DEC-2017,
OPTSTK,ASHOKLEY,28-Dec-2017,85,PE,0,0,0,0.25,0,0,0,0,0,19-DEC-2017,
OPTSTK,ASHOKLEY,28-Dec-2017,87.5,PE,0,0,0,0.35,0,0,0,0,0,19-DEC-2017,
OPTSTK,ASHOKLEY,28-Dec-2017,90,PE,0,0,0,0.15,0,0,0,14000,0,19-DEC-2017,
OPTSTK,ASHOKLEY,28-Dec-2017,92.5,PE,0,0,0,0.75,0,0,0,0,0,19-DEC-2017,
OPTSTK,ASHOKLEY,28-Dec-2017,95,PE,0.05,0.05,0.05,0.05,0.05,4,26.61,308000,0,19-DEC-2017,
OPTSTK,ASHOKLEY,28-Dec-2017,97.5,PE,0.1,0.1,0.05,0.05,0.05,34,232.28,1008000,77000,19-DEC-2017,
OPTSTK,ASHOKLEY,28-Dec-2017,100,PE,0.25,0.25,0.05,0.1,0.1,131,918.08,1358000,105000,19-DEC-2017,
OPTSTK,ASHOKLEY,28-Dec-2017,102.5,PE,0.35,0.35,0.1,0.15,0.15,32,230,385000,-133000,19-DEC-2017,
OPTSTK,ASHOKLEY,28-Dec-2017,105,PE,0.4,0.4,0.15,0.15,0.15,253,1863.8,1687000,-210000,19-DEC-2017,
OPTSTK,ASHOKLEY,28-Dec-2017,107.5,PE,0.6,0.6,0.2,0.25,0.25,92,694.8,637000,28000,19-DEC-2017,
OPTSTK,ASHOKLEY,28-Dec-2017,110,PE,1,1,0.35,0.4,0.4,354,2740.11,1967000,231000,19-DEC-2017,
OPTSTK,ASHOKLEY,28-Dec-2017,112.5,PE,1.5,1.5,0.6,0.7,0.7,280,2223.84,987000,238000,19-DEC-2017,
OPTSTK,ASHOKLEY,28-Dec-2017,115,PE,2.5,2.55,1.15,1.25,1.25,507,4138.26,2030000,721000,19-DEC-2017,
OPTSTK,ASHOKLEY,28-Dec-2017,117.5,PE,3.9,3.9,2,2.15,2.15,77,646.77,595000,168000,19-DEC-2017,
OPTSTK,ASHOKLEY,28-Dec-2017,120,PE,5.3,5.35,3.4,3.55,3.55,47,408.15,1078000,-42000,19-DEC-2017,
OPTSTK,ASHOKLEY,28-Dec-2017,122.5,PE,6.8,6.8,6.05,6.05,6.05,3,27.07,182000,-21000,19-DEC-2017,
OPTSTK,ASHOKLEY,28-Dec-2017,125,PE,0,0,0,13.25,7.4,0,0,420000,0,19-DEC-2017,
OPTSTK,ASHOKLEY,28-Dec-2017,127.5,PE,0,0,0,12.85,9.55,0,0,49000,0,19-DEC-2017,
OPTSTK,ASHOKLEY,28-Dec-2017,130,PE,0,0,0,14.5,11.85,0,0,112000,0,19-DEC-2017,
OPTSTK,ASHOKLEY,28-Dec-2017,132.5,PE,0,0,0,12.4,14.25,0,0,21000,0,19-DEC-2017,
OPTSTK,ASHOKLEY,28-Dec-2017,135,PE,0,0,0,14.5,16.7,0,0,21000,0,19-DEC-2017,
OPTSTK,ASHOKLEY,28-Dec-2017,137.5,PE,0,0,0,16.85,19.15,0,0,7000,0,19-DEC-2017,
OPTSTK,ASHOKLEY,28-Dec-2017,140,PE,0,0,0,20.8,21.65,0,0,35000,0,19-DEC-2017,
OPTSTK,ASHOKLEY,28-Dec-2017,142.5,PE,0,0,0,25.4,24.15,0,0,0,0,19-DEC-2017,
OPTSTK,ASHOKLEY,28-Dec-2017,145,PE,0,0,0,27.55,26.65,0,0,0,0,19-DEC-2017,
OPTSTK,ASHOKLEY,28-Dec-2017,147.5,PE,0,0,0,29.75,29.15,0,0,0,0,19-DEC-2017,
OPTSTK,ASHOKLEY,28-Dec-2017,150,PE,0,0,0,29.6,31.65,0,0,7000,0,19-DEC-2017,
OPTSTK,ASHOKLEY,28-Dec-2017,152.5,PE,0,0,0,34.3,34.15,0,0,0,0,19-DEC-2017,
OPTSTK,ASHOKLEY,28-Dec-2017,155,PE,0,0,0,36.6,36.65,0,0,0,0,19-DEC-2017,
OPTSTK,ASHOKLEY,25-Jan-2018,80,CE,0,0,0,52.45,38.7,0,0,0,0,19-DEC-2017,
OPTSTK,ASHOKLEY,25-Jan-2018,82.5,CE,0,0,0,49.95,36.2,0,0,0,0,19-DEC-2017,
OPTSTK,ASHOKLEY,25-Jan-2018,85,CE,0,0,0,47.5,33.75,0,0,0,0,19-DEC-2017,
OPTSTK,ASHOKLEY,25-Jan-2018,87.5,CE,0,0,0,45.05,31.25,0,0,0,0,19-DEC-2017,
OPTSTK,ASHOKLEY,25-Jan-2018,90,CE,0,0,0,42.6,28.8,0,0,0,0,19-DEC-2017,
OPTSTK,ASHOKLEY,25-Jan-2018,92.5,CE,0,0,0,40.2,26.35,0,0,0,0,19-DEC-2017,
OPTSTK,ASHOKLEY,25-Jan-2018,95,CE,0,0,0,37.75,23.95,0,0,0,0,19-DEC-2017,
OPTSTK,ASHOKLEY,25-Jan-2018,97.5,CE,0,0,0,35.35,21.6,0,0,0,0,19-DEC-2017,
OPTSTK,ASHOKLEY,25-Jan-2018,100,CE,0,0,0,32.95,19.3,0,0,0,0,19-DEC-2017,
OPTSTK,ASHOKLEY,25-Jan-2018,102.5,CE,0,0,0,30.65,17.1,0,0,0,0,19-DEC-2017,
OPTSTK,ASHOKLEY,25-Jan-2018,105,CE,0,0,0,28.35,14.95,0,0,0,0,19-DEC-2017,
OPTSTK,ASHOKLEY,25-Jan-2018,107.5,CE,0,0,0,26.1,13,0,0,0,0,19-DEC-2017,
OPTSTK,ASHOKLEY,25-Jan-2018,110,CE,0,0,0,23.9,11.15,0,0,0,0,19-DEC-2017,
OPTSTK,ASHOKLEY,25-Jan-2018,112.5,CE,0,0,0,21.8,9.45,0,0,0,0,19-DEC-2017,
OPTSTK,ASHOKLEY,25-Jan-2018,115,CE,5.45,7.15,5.45,7.15,7.15,15,127.28,56000,-21000,19-DEC-2017,
OPTSTK,ASHOKLEY,25-Jan-2018,117.5,CE,0,0,0,5.1,6.55,0,0,28000,0,19-DEC-2017,
OPTSTK,ASHOKLEY,25-Jan-2018,120,CE,4,4.9,3.75,4.9,4.9,23,199.86,476000,14000,19-DEC-2017,
OPTSTK,ASHOKLEY,25-Jan-2018,122.5,CE,3.8,3.8,3.8,3.8,3.8,2,17.68,14000,14000,19-DEC-2017,
OPTSTK,ASHOKLEY,25-Jan-2018,125,CE,2.35,2.85,2.35,2.85,2.85,21,187.45,147000,21000,19-DEC-2017,
OPTSTK,ASHOKLEY,25-Jan-2018,127.5,CE,2,2,2,2,2,3,27.19,21000,21000,19-DEC-2017,
OPTSTK,ASHOKLEY,25-Jan-2018,130,CE,1.3,1.7,1.3,1.7,1.7,17,156.52,273000,21000,19-DEC-2017,
OPTSTK,ASHOKLEY,25-Jan-2018,132.5,CE,0,0,0,8.55,1.65,0,0,0,0,19-DEC-2017,
OPTSTK,ASHOKLEY,25-Jan-2018,135,CE,0.8,0.9,0.8,0.9,0.9,3,28.53,21000,21000,19-DEC-2017,
OPTSTK,ASHOKLEY,25-Jan-2018,137.5,CE,0,0,0,6.4,0.95,0,0,0,0,19-DEC-2017,
OPTSTK,ASHOKLEY,25-Jan-2018,140,CE,0,0,0,5.5,0.7,0,0,0,0,19-DEC-2017,
OPTSTK,ASHOKLEY,25-Jan-2018,142.5,CE,0,0,0,4.7,0.55,0,0,0,0,19-DEC-2017,
OPTSTK,ASHOKLEY,25-Jan-2018,145,CE,0,0,0,4,0.4,0,0,0,0,19-DEC-2017,
OPTSTK,ASHOKLEY,25-Jan-2018,147.5,CE,0,0,0,3.4,0.3,0,0,0,0,19-DEC-2017,
OPTSTK,ASHOKLEY,25-Jan-2018,150,CE,0,0,0,2.85,0.2,0,0,0,0,19-DEC-2017,
OPTSTK,ASHOKLEY,25-Jan-2018,152.5,CE,0,0,0,2.4,0.15,0,0,0,0,19-DEC-2017,
OPTSTK,ASHOKLEY,25-Jan-2018,155,CE,0,0,0,2,0.1,0,0,0,0,19-DEC-2017,
OPTSTK,ASHOKLEY,25-Jan-2018,80,PE,0,0,0,0.05,0,0,0,0,0,19-DEC-2017,
OPTSTK,ASHOKLEY,25-Jan-2018,82.5,PE,0,0,0,0.05,0.05,0,0,0,0,19-DEC-2017,
OPTSTK,ASHOKLEY,25-Jan-2018,85,PE,0,0,0,0.05,0.05,0,0,0,0,19-DEC-2017,
OPTSTK,ASHOKLEY,25-Jan-2018,87.5,PE,0,0,0,0.05,0.05,0,0,0,0,19-DEC-2017,
OPTSTK,ASHOKLEY,25-Jan-2018,90,PE,0,0,0,0.05,0.05,0,0,0,0,19-DEC-2017,
OPTSTK,ASHOKLEY,25-Jan-2018,92.5,PE,0,0,0,0.1,0.1,0,0,0,0,19-DEC-2017,
OPTSTK,ASHOKLEY,25-Jan-2018,95,PE,0,0,0,0.1,0.2,0,0,0,0,19-DEC-2017,
OPTSTK,ASHOKLEY,25-Jan-2018,97.5,PE,0,0,0,0.15,0.3,0,0,0,0,19-DEC-2017,
OPTSTK,ASHOKLEY,25-Jan-2018,100,PE,0.7,0.7,0.5,0.5,0.5,7,49.27,49000,35000,19-DEC-2017,
OPTSTK,ASHOKLEY,25-Jan-2018,102.5,PE,0,0,0,0.35,0.75,0,0,0,0,19-DEC-2017,
OPTSTK,ASHOKLEY,25-Jan-2018,105,PE,0,0,0,1.65,1.15,0,0,98000,0,19-DEC-2017,
OPTSTK,ASHOKLEY,25-Jan-2018,107.5,PE,0,0,0,0.75,1.65,0,0,0,0,19-DEC-2017,
OPTSTK,ASHOKLEY,25-Jan-2018,110,PE,2.4,2.4,1.8,1.8,1.8,8,62.79,133000,0,19-DEC-2017,
OPTSTK,ASHOKLEY,25-Jan-2018,112.5,PE,2.2,2.2,2.2,2.2,2.2,1,8.02,7000,7000,19-DEC-2017,
OPTSTK,ASHOKLEY,25-Jan-2018,115,PE,4.25,4.25,3.35,3.35,3.35,7,58.2,77000,35000,19-DEC-2017,
OPTSTK,ASHOKLEY,25-Jan-2018,117.5,PE,5,5,4.45,4.45,4.45,2,17.11,21000,7000,19-DEC-2017,
OPTSTK,ASHOKLEY,25-Jan-2018,120,PE,6.7,6.85,6.7,6.85,6.85,3,26.61,21000,21000,19-DEC-2017,
OPTSTK,ASHOKLEY,25-Jan-2018,122.5,PE,0,0,0,3.7,7.85,0,0,0,0,19-DEC-2017,
OPTSTK,ASHOKLEY,25-Jan-2018,125,PE,0,0,0,4.55,9.45,0,0,0,0,19-DEC-2017,
OPTSTK,ASHOKLEY,25-Jan-2018,127.5,PE,0,0,0,5.5,11.25,0,0,0,0,19-DEC-2017,
OPTSTK,ASHOKLEY,25-Jan-2018,130,PE,0,0,0,6.6,13.15,0,0,0,0,19-DEC-2017,
OPTSTK,ASHOKLEY,25-Jan-2018,132.5,PE,0,0,0,7.85,15.1,0,0,0,0,19-DEC-2017,
OPTSTK,ASHOKLEY,25-Jan-2018,135,PE,0,0,0,9.15,17.2,0,0,0,0,19-DEC-2017,
OPTSTK,ASHOKLEY,25-Jan-2018,137.5,PE,0,0,0,10.6,19.4,0,0,0,0,19-DEC-2017,
OPTSTK,ASHOKLEY,25-Jan-2018,140,PE,0,0,0,12.15,21.65,0,0,0,0,19-DEC-2017,
OPTSTK,ASHOKLEY,25-Jan-2018,142.5,PE,0,0,0,13.8,23.95,0,0,0,0,19-DEC-2017,
OPTSTK,ASHOKLEY,25-Jan-2018,145,PE,0,0,0,15.55,26.3,0,0,0,0,19-DEC-2017,
OPTSTK,ASHOKLEY,25-Jan-2018,147.5,PE,0,0,0,17.45,28.7,0,0,0,0,19-DEC-2017,
OPTSTK,ASHOKLEY,25-Jan-2018,150,PE,0,0,0,19.35,31.1,0,0,0,0,19-DEC-2017,
OPTSTK,ASHOKLEY,25-Jan-2018,152.5,PE,0,0,0,21.35,33.5,0,0,0,0,19-DEC-2017,
OPTSTK,ASHOKLEY,25-Jan-2018,155,PE,0,0,0,23.4,35.95,0,0,0,0,19-DEC-2017,
OPTSTK,ASHOKLEY,22-Feb-2018,80,CE,0,0,0,39.15,39.1,0,0,0,0,19-DEC-2017,
OPTSTK,ASHOKLEY,22-Feb-2018,82.5,CE,0,0,0,36.75,36.7,0,0,0,0,19-DEC-2017,
OPTSTK,ASHOKLEY,22-Feb-2018,85,CE,0,0,0,34.35,34.25,0,0,0,0,19-DEC-2017,
OPTSTK,ASHOKLEY,22-Feb-2018,87.5,CE,0,0,0,32,31.85,0,0,0,0,19-DEC-2017,
OPTSTK,ASHOKLEY,22-Feb-2018,90,CE,0,0,0,29.7,29.5,0,0,0,0,19-DEC-2017,
OPTSTK,ASHOKLEY,22-Feb-2018,92.5,CE,0,0,0,27.45,27.15,0,0,0,0,19-DEC-2017,
OPTSTK,ASHOKLEY,22-Feb-2018,95,CE,0,0,0,25.25,24.9,0,0,0,0,19-DEC-2017,
OPTSTK,ASHOKLEY,22-Feb-2018,97.5,CE,0,0,0,23.15,22.65,0,0,0,0,19-DEC-2017,
OPTSTK,ASHOKLEY,22-Feb-2018,100,CE,0,0,0,21.1,20.55,0,0,0,0,19-DEC-2017,
OPTSTK,ASHOKLEY,22-Feb-2018,102.5,CE,0,0,0,19.15,18.5,0,0,0,0,19-DEC-2017,
OPTSTK,ASHOKLEY,22-Feb-2018,105,CE,0,0,0,17.3,16.55,0,0,0,0,19-DEC-2017,
OPTSTK,ASHOKLEY,22-Feb-2018,107.5,CE,0,0,0,15.6,14.75,0,0,0,0,19-DEC-2017,
OPTSTK,ASHOKLEY,22-Feb-2018,110,CE,0,0,0,13.95,13.05,0,0,0,0,19-DEC-2017,
OPTSTK,ASHOKLEY,22-Feb-2018,112.5,CE,0,0,0,12.4,11.45,0,0,0,0,19-DEC-2017,
OPTSTK,ASHOKLEY,22-Feb-2018,115,CE,0,0,0,11,10,0,0,0,0,19-DEC-2017,
OPTSTK,ASHOKLEY,22-Feb-2018,117.5,CE,0,0,0,9.75,8.7,0,0,0,0,19-DEC-2017,
OPTSTK,ASHOKLEY,22-Feb-2018,120,CE,0,0,0,8.55,7.5,0,0,0,0,19-DEC-2017,
OPTSTK,ASHOKLEY,22-Feb-2018,122.5,CE,0,0,0,7.5,6.4,0,0,0,0,19-DEC-2017,
OPTSTK,ASHOKLEY,22-Feb-2018,125,CE,0,0,0,6.5,5.45,0,0,0,0,19-DEC-2017,
OPTSTK,ASHOKLEY,22-Feb-2018,127.5,CE,0,0,0,5.65,4.65,0,0,0,0,19-DEC-2017,
OPTSTK,ASHOKLEY,22-Feb-2018,130,CE,0,0,0,4.9,3.9,0,0,0,0,19-DEC-2017,
OPTSTK,ASHOKLEY,22-Feb-2018,132.5,CE,0,0,0,4.2,3.3,0,0,0,0,19-DEC-2017,
OPTSTK,ASHOKLEY,22-Feb-2018,135,CE,0,0,0,3.6,2.75,0,0,0,0,19-DEC-2017,
OPTSTK,ASHOKLEY,22-Feb-2018,137.5,CE,0,0,0,3.1,2.25,0,0,0,0,19-DEC-2017,
OPTSTK,ASHOKLEY,22-Feb-2018,140,CE,0,0,0,2.6,1.85,0,0,0,0,19-DEC-2017,
OPTSTK,ASHOKLEY,22-Feb-2018,142.5,CE,0,0,0,2.25,1.55,0,0,0,0,19-DEC-2017,
OPTSTK,ASHOKLEY,22-Feb-2018,145,CE,0,0,0,1.9,1.25,0,0,0,0,19-DEC-2017,
OPTSTK,ASHOKLEY,22-Feb-2018,147.5,CE,0,0,0,1.6,1,0,0,0,0,19-DEC-2017,
OPTSTK,ASHOKLEY,22-Feb-2018,150,CE,0,0,0,1.35,0.85,0,0,0,0,19-DEC-2017,
OPTSTK,ASHOKLEY,22-Feb-2018,152.5,CE,0,0,0,1.1,0.65,0,0,0,0,19-DEC-2017,
OPTSTK,ASHOKLEY,22-Feb-2018,155,CE,0,0,0,0.95,0.55,0,0,0,0,19-DEC-2017,
OPTSTK,ASHOKLEY,22-Feb-2018,80,PE,0,0,0,0.1,0.05,0,0,0,0,19-DEC-2017,
OPTSTK,ASHOKLEY,22-Feb-2018,82.5,PE,0,0,0,0.15,0.1,0,0,0,0,19-DEC-2017,
OPTSTK,ASHOKLEY,22-Feb-2018,85,PE,0,0,0,0.25,0.15,0,0,0,0,19-DEC-2017,
OPTSTK,ASHOKLEY,22-Feb-2018,87.5,PE,0,0,0,0.4,0.2,0,0,0,0,19-DEC-2017,
OPTSTK,ASHOKLEY,22-Feb-2018,90,PE,0,0,0,0.55,0.3,0,0,0,0,19-DEC-2017,
OPTSTK,ASHOKLEY,22-Feb-2018,92.5,PE,0,0,0,0.75,0.45,0,0,0,0,19-DEC-2017,
OPTSTK,ASHOKLEY,22-Feb-2018,95,PE,0,0,0,1.05,0.65,0,0,0,0,19-DEC-2017,
OPTSTK,ASHOKLEY,22-Feb-2018,97.5,PE,0,0,0,1.35,0.9,0,0,0,0,19-DEC-2017,
OPTSTK,ASHOKLEY,22-Feb-2018,100,PE,0,0,0,1.8,1.25,0,0,0,0,19-DEC-2017,
OPTSTK,ASHOKLEY,22-Feb-2018,102.5,PE,0,0,0,2.3,1.7,0,0,0,0,19-DEC-2017,
OPTSTK,ASHOKLEY,22-Feb-2018,105,PE,0,0,0,2.95,2.25,0,0,0,0,19-DEC-2017,
OPTSTK,ASHOKLEY,22-Feb-2018,107.5,PE,0,0,0,3.65,2.9,0,0,0,0,19-DEC-2017,
OPTSTK,ASHOKLEY,22-Feb-2018,110,PE,0,0,0,4.5,3.65,0,0,0,0,19-DEC-2017,
OPTSTK,ASHOKLEY,22-Feb-2018,112.5,PE,0,0,0,5.45,4.55,0,0,0,0,19-DEC-2017,
OPTSTK,ASHOKLEY,22-Feb-2018,115,PE,0,0,0,6.5,5.55,0,0,0,0,19-DEC-2017,
OPTSTK,ASHOKLEY,22-Feb-2018,117.5,PE,0,0,0,7.65,6.7,0,0,0,0,19-DEC-2017,
OPTSTK,ASHOKLEY,22-Feb-2018,120,PE,0,0,0,8.95,7.95,0,0,0,0,19-DEC-2017,
OPTSTK,ASHOKLEY,22-Feb-2018,122.5,PE,0,0,0,10.35,9.4,0,0,0,0,19-DEC-2017,
OPTSTK,ASHOKLEY,22-Feb-2018,125,PE,0,0,0,11.85,10.9,0,0,0,0,19-DEC-2017,
OPTSTK,ASHOKLEY,22-Feb-2018,127.5,PE,0,0,0,13.45,12.55,0,0,0,0,19-DEC-2017,
OPTSTK,ASHOKLEY,22-Feb-2018,130,PE,0,0,0,15.15,14.25,0,0,0,0,19-DEC-2017,
OPTSTK,ASHOKLEY,22-Feb-2018,132.5,PE,0,0,0,16.9,16.1,0,0,0,0,19-DEC-2017,
OPTSTK,ASHOKLEY,22-Feb-2018,135,PE,0,0,0,18.8,18.05,0,0,0,0,19-DEC-2017,
OPTSTK,ASHOKLEY,22-Feb-2018,137.5,PE,0,0,0,20.75,20.05,0,0,0,0,19-DEC-2017,
OPTSTK,ASHOKLEY,22-Feb-2018,140,PE,0,0,0,22.75,22.1,0,0,0,0,19-DEC-2017,
OPTSTK,ASHOKLEY,22-Feb-2018,142.5,PE,0,0,0,24.8,24.25,0,0,0,0,19-DEC-2017,
OPTSTK,ASHOKLEY,22-Feb-2018,145,PE,0,0,0,26.9,26.45,0,0,0,0,19-DEC-2017,
OPTSTK,ASHOKLEY,22-Feb-2018,147.5,PE,0,0,0,29.1,28.7,0,0,0,0,19-DEC-2017,
OPTSTK,ASHOKLEY,22-Feb-2018,150,PE,0,0,0,31.3,30.95,0,0,0,0,19-DEC-2017,
OPTSTK,ASHOKLEY,22-Feb-2018,152.5,PE,0,0,0,33.55,33.3,0,0,0,0,19-DEC-2017,
OPTSTK,ASHOKLEY,22-Feb-2018,155,PE,0,0,0,35.85,35.65,0,0,0,0,19-DEC-2017,
OPTSTK,ASIANPAINT,28-Dec-2017,760,CE,0,0,0,381.85,378.9,0,0,0,0,19-DEC-2017,
OPTSTK,ASIANPAINT,28-Dec-2017,780,CE,0,0,0,362.2,358.95,0,0,0,0,19-DEC-2017,
OPTSTK,ASIANPAINT,28-Dec-2017,800,CE,0,0,0,342.55,338.95,0,0,0,0,19-DEC-2017,
OPTSTK,ASIANPAINT,28-Dec-2017,820,CE,0,0,0,322.95,319,0,0,0,0,19-DEC-2017,
OPTSTK,ASIANPAINT,28-Dec-2017,840,CE,0,0,0,303.45,299.05,0,0,0,0,19-DEC-2017,
OPTSTK,ASIANPAINT,28-Dec-2017,860,CE,0,0,0,284,279.05,0,0,0,0,19-DEC-2017,
OPTSTK,ASIANPAINT,28-Dec-2017,880,CE,0,0,0,264.7,259.1,0,0,0,0,19-DEC-2017,
OPTSTK,ASIANPAINT,28-Dec-2017,900,CE,0,0,0,245.55,239.1,0,0,0,0,19-DEC-2017,
OPTSTK,ASIANPAINT,28-Dec-2017,920,CE,0,0,0,226.7,219.15,0,0,0,0,19-DEC-2017,
OPTSTK,ASIANPAINT,28-Dec-2017,940,CE,0,0,0,208.2,199.2,0,0,0,0,19-DEC-2017,
OPTSTK,ASIANPAINT,28-Dec-2017,960,CE,0,0,0,190.15,179.2,0,0,0,0,19-DEC-2017,
OPTSTK,ASIANPAINT,28-Dec-2017,980,CE,0,0,0,172.65,159.25,0,0,0,0,19-DEC-2017,
OPTSTK,ASIANPAINT,28-Dec-2017,1000,CE,0,0,0,155.75,139.3,0,0,0,0,19-DEC-2017,
OPTSTK,ASIANPAINT,28-Dec-2017,1020,CE,0,0,0,139.55,119.3,0,0,0,0,19-DEC-2017,
OPTSTK,ASIANPAINT,28-Dec-2017,1040,CE,0,0,0,124.2,99.4,0,0,0,0,19-DEC-2017,
OPTSTK,ASIANPAINT,28-Dec-2017,1060,CE,0,0,0,98,79.75,0,0,1200,0,19-DEC-2017,
OPTSTK,ASIANPAINT,28-Dec-2017,1080,CE,0,0,0,96.35,60.75,0,0,0,0,19-DEC-2017,
OPTSTK,ASIANPAINT,28-Dec-2017,1100,CE,0,0,0,40.85,43.15,0,0,6600,0,19-DEC-2017,
OPTSTK,ASIANPAINT,28-Dec-2017,1120,CE,26.55,28.2,23.6,28.2,28.2,14,96.23,25800,2400,19-DEC-2017,
OPTSTK,ASIANPAINT,28-Dec-2017,1140,CE,18,19.5,12.5,14.75,14.75,291,2017.28,122400,9000,19-DEC-2017,
OPTSTK,ASIANPAINT,28-Dec-2017,1160,CE,9.65,11.1,6.7,7.75,7.75,329,2307.15,114000,15600,19-DEC-2017,
OPTSTK,ASIANPAINT,28-Dec-2017,1180,CE,6.05,6.2,3.6,4.1,4.1,114,810.19,95400,6600,19-DEC-2017,
OPTSTK,ASIANPAINT,28-Dec-2017,1200,CE,3.05,3.2,1.85,2.15,2.15,174,1255.33,174600,16200,19-DEC-2017,
OPTSTK,ASIANPAINT,28-Dec-2017,1220,CE,1.8,1.8,1.05,1.2,1.2,65,476.36,37800,16800,19-DEC-2017,
OPTSTK,ASIANPAINT,28-Dec-2017,1240,CE,0.5,0.9,0.45,0.9,0.9,16,119.11,25800,1200,19-DEC-2017,
OPTSTK,ASIANPAINT,28-Dec-2017,1260,CE,0,0,0,0.3,0.05,0,0,9600,0,19-DEC-2017,
OPTSTK,ASIANPAINT,28-Dec-2017,1280,CE,0,0,0,0.75,0.05,0,0,6600,0,19-DEC-2017,
OPTSTK,ASIANPAINT,28-Dec-2017,1300,CE,0,0,0,1,0,0,0,12600,0,19-DEC-2017,
OPTSTK,ASIANPAINT,28-Dec-2017,1320,CE,0,0,0,11.35,0,0,0,0,0,19-DEC-2017,
OPTSTK,ASIANPAINT,28-Dec-2017,1340,CE,0,0,0,9.1,0,0,0,0,0,19-DEC-2017,
OPTSTK,ASIANPAINT,28-Dec-2017,1360,CE,0,0,0,7.2,0,0,0,0,0,19-DEC-2017,
OPTSTK,ASIANPAINT,28-Dec-2017,1380,CE,0,0,0,5.7,0,0,0,0,0,19-DEC-2017,
OPTSTK,ASIANPAINT,28-Dec-2017,1400,CE,0,0,0,4.5,0,0,0,0,0,19-DEC-2017,
OPTSTK,ASIANPAINT,28-Dec-2017,1420,CE,0,0,0,3.5,0,0,0,0,0,19-DEC-2017,
OPTSTK,ASIANPAINT,28-Dec-2017,1440,CE,0,0,0,2.7,0,0,0,0,0,19-DEC-2017,
OPTSTK,ASIANPAINT,28-Dec-2017,1460,CE,0,0,0,2.1,0,0,0,0,0,19-DEC-2017,
OPTSTK,ASIANPAINT,28-Dec-2017,760,PE,0,0,0,0.05,0,0,0,0,0,19-DEC-2017,
OPTSTK,ASIANPAINT,28-Dec-2017,780,PE,0,0,0,0.05,0,0,0,0,0,19-DEC-2017,
OPTSTK,ASIANPAINT,28-Dec-2017,800,PE,0,0,0,0.1,0,0,0,0,0,19-DEC-2017,
OPTSTK,ASIANPAINT,28-Dec-2017,820,PE,0,0,0,0.2,0,0,0,0,0,19-DEC-2017,
OPTSTK,ASIANPAINT,28-Dec-2017,840,PE,0,0,0,0.35,0,0,0,0,0,19-DEC-2017,
OPTSTK,ASIANPAINT,28-Dec-2017,860,PE,0,0,0,0.6,0,0,0,0,0,19-DEC-2017,
OPTSTK,ASIANPAINT,28-Dec-2017,880,PE,0,0,0,1,0,0,0,0,0,19-DEC-2017,
OPTSTK,ASIANPAINT,28-Dec-2017,900,PE,0,0,0,1.55,0,0,0,0,0,19-DEC-2017,
OPTSTK,ASIANPAINT,28-Dec-2017,920,PE,0,0,0,2.4,0,0,0,0,0,19-DEC-2017,
OPTSTK,ASIANPAINT,28-Dec-2017,940,PE,0,0,0,3.6,0,0,0,0,0,19-DEC-2017,
OPTSTK,ASIANPAINT,28-Dec-2017,960,PE,0,0,0,5.2,0,0,0,0,0,19-DEC-2017,
OPTSTK,ASIANPAINT,28-Dec-2017,980,PE,0,0,0,7.4,0,0,0,0,0,19-DEC-2017,
OPTSTK,ASIANPAINT,28-Dec-2017,1000,PE,0,0,0,0.2,0,0,0,3000,0,19-DEC-2017,
OPTSTK,ASIANPAINT,28-Dec-2017,1020,PE,0,0,0,0.7,0.05,0,0,6600,0,19-DEC-2017,
OPTSTK,ASIANPAINT,28-Dec-2017,1040,PE,0,0,0,0.35,0.1,0,0,15000,0,19-DEC-2017,
OPTSTK,ASIANPAINT,28-Dec-2017,1060,PE,0.5,0.8,0.5,0.8,0.8,4,25.45,52800,-1200,19-DEC-2017,
OPTSTK,ASIANPAINT,28-Dec-2017,1080,PE,3.15,3.15,1.05,1.05,1.05,13,84.36,31800,1800,19-DEC-2017,
OPTSTK,ASIANPAINT,28-Dec-2017,1100,PE,2.75,5.95,2.6,2.8,2.8,169,1118.78,114600,12000,19-DEC-2017,
OPTSTK,ASIANPAINT,28-Dec-2017,1120,PE,6.1,9.3,6.1,7.1,7.1,163,1102.71,112800,9600,19-DEC-2017,
OPTSTK,ASIANPAINT,28-Dec-2017,1140,PE,14.4,19.25,13,13.6,13.6,80,554.38,34800,3600,19-DEC-2017,
OPTSTK,ASIANPAINT,28-Dec-2017,1160,PE,24.9,24.9,24.9,24.9,24.9,1,7.1,19200,0,19-DEC-2017,
OPTSTK,ASIANPAINT,28-Dec-2017,1180,PE,0,0,0,45.25,44.4,0,0,19200,0,19-DEC-2017,
OPTSTK,ASIANPAINT,28-Dec-2017,1200,PE,0,0,0,53.6,62,0,0,9600,0,19-DEC-2017,
OPTSTK,ASIANPAINT,28-Dec-2017,1220,PE,0,0,0,73,80.95,0,0,5400,0,19-DEC-2017,
OPTSTK,ASIANPAINT,28-Dec-2017,1240,PE,0,0,0,116.65,100.55,0,0,0,0,19-DEC-2017,
OPTSTK,ASIANPAINT,28-Dec-2017,1260,PE,0,0,0,104,120.4,0,0,600,0,19-DEC-2017,
OPTSTK,ASIANPAINT,28-Dec-2017,1280,PE,0,0,0,124,140.35,0,0,600,0,19-DEC-2017,
OPTSTK,ASIANPAINT,28-Dec-2017,1300,PE,0,0,0,163.9,160.3,0,0,0,0,19-DEC-2017,
OPTSTK,ASIANPAINT,28-Dec-2017,1320,PE,0,0,0,180.8,180.25,0,0,0,0,19-DEC-2017,
OPTSTK,ASIANPAINT,28-Dec-2017,1340,PE,0,0,0,198.25,200.25,0,0,0,0,19-DEC-2017,
OPTSTK,ASIANPAINT,28-Dec-2017,1360,PE,0,0,0,216.05,220.2,0,0,0,0,19-DEC-2017,
OPTSTK,ASIANPAINT,28-Dec-2017,1380,PE,0,0,0,234.25,240.15,0,0,0,0,19-DEC-2017,
OPTSTK,ASIANPAINT,28-Dec-2017,1400,PE,0,0,0,252.7,260.15,0,0,0,0,19-DEC-2017,
OPTSTK,ASIANPAINT,28-Dec-2017,1420,PE,0,0,0,271.4,280.1,0,0,0,0,19-DEC-2017,
OPTSTK,ASIANPAINT,28-Dec-2017,1440,PE,0,0,0,290.3,300.1,0,0,0,0,19-DEC-2017,
OPTSTK,ASIANPAINT,28-Dec-2017,1460,PE,0,0,0,309.4,320.05,0,0,0,0,19-DEC-2017,
OPTSTK,ASIANPAINT,25-Jan-2018,800,CE,0,0,0,403.75,342.95,0,0,0,0,19-DEC-2017,
OPTSTK,ASIANPAINT,25-Jan-2018,820,CE,0,0,0,384.15,323.05,0,0,0,0,19-DEC-2017,
OPTSTK,ASIANPAINT,25-Jan-2018,840,CE,0,0,0,364.55,303.2,0,0,0,0,19-DEC-2017,
OPTSTK,ASIANPAINT,25-Jan-2018,860,CE,0,0,0,345,283.3,0,0,0,0,19-DEC-2017,
OPTSTK,ASIANPAINT,25-Jan-2018,880,CE,0,0,0,325.5,263.45,0,0,0,0,19-DEC-2017,
OPTSTK,ASIANPAINT,25-Jan-2018,900,CE,0,0,0,306.15,243.6,0,0,0,0,19-DEC-2017,
OPTSTK,ASIANPAINT,25-Jan-2018,920,CE,0,0,0,286.95,223.75,0,0,0,0,19-DEC-2017,
OPTSTK,ASIANPAINT,25-Jan-2018,940,CE,0,0,0,267.95,203.95,0,0,0,0,19-DEC-2017,
OPTSTK,ASIANPAINT,25-Jan-2018,960,CE,0,0,0,249.25,184.2,0,0,0,0,19-DEC-2017,
OPTSTK,ASIANPAINT,25-Jan-2018,980,CE,0,0,0,230.85,164.65,0,0,0,0,19-DEC-2017,
OPTSTK,ASIANPAINT,25-Jan-2018,1000,CE,0,0,0,212.85,145.3,0,0,0,0,19-DEC-2017,
OPTSTK,ASIANPAINT,25-Jan-2018,1020,CE,0,0,0,195.35,126.45,0,0,0,0,19-DEC-2017,
OPTSTK,ASIANPAINT,25-Jan-2018,1040,CE,0,0,0,178.4,108.25,0,0,0,0,19-DEC-2017,
OPTSTK,ASIANPAINT,25-Jan-2018,1060,CE,0,0,0,162.1,91,0,0,0,0,19-DEC-2017,
OPTSTK,ASIANPAINT,25-Jan-2018,1080,CE,0,0,0,146.5,74.95,0,0,0,0,19-DEC-2017,
OPTSTK,ASIANPAINT,25-Jan-2018,1100,CE,56,56,56,56,56,1,6.93,600,0,19-DEC-2017,
OPTSTK,ASIANPAINT,25-Jan-2018,1120,CE,0,0,0,40,47.5,0,0,1200,0,19-DEC-2017,
OPTSTK,ASIANPAINT,25-Jan-2018,1140,CE,0,0,0,104.7,36.45,0,0,0,0,19-DEC-2017,
OPTSTK,ASIANPAINT,25-Jan-2018,1160,CE,25,25,25,25,25,1,7.11,600,600,19-DEC-2017,
OPTSTK,ASIANPAINT,25-Jan-2018,1180,CE,0,0,0,81.35,19.85,0,0,0,0,19-DEC-2017,
OPTSTK,ASIANPAINT,25-Jan-2018,1200,CE,11,11,11,11,11,1,7.26,600,600,19-DEC-2017,
OPTSTK,ASIANPAINT,25-Jan-2018,1220,CE,0,0,0,61.85,9.7,0,0,0,0,19-DEC-2017,
OPTSTK,ASIANPAINT,25-Jan-2018,1240,CE,0,0,0,53.45,6.55,0,0,0,0,19-DEC-2017,
OPTSTK,ASIANPAINT,25-Jan-2018,1260,CE,0,0,0,45.95,4.25,0,0,0,0,19-DEC-2017,
OPTSTK,ASIANPAINT,25-Jan-2018,1280,CE,0,0,0,39.25,2.7,0,0,0,0,19-DEC-2017,
OPTSTK,ASIANPAINT,25-Jan-2018,1300,CE,0,0,0,33.35,1.7,0,0,0,0,19-DEC-2017,
OPTSTK,ASIANPAINT,25-Jan-2018,1320,CE,0,0,0,28.3,1.05,0,0,0,0,19-DEC-2017,
OPTSTK,ASIANPAINT,25-Jan-2018,1340,CE,0,0,0,23.8,0.6,0,0,0,0,19-DEC-2017,
OPTSTK,ASIANPAINT,25-Jan-2018,1360,CE,0,0,0,19.9,0.35,0,0,0,0,19-DEC-2017,
OPTSTK,ASIANPAINT,25-Jan-2018,1380,CE,0,0,0,16.55,0.2,0,0,0,0,19-DEC-2017,
OPTSTK,ASIANPAINT,25-Jan-2018,1400,CE,0,0,0,13.75,0.1,0,0,0,0,19-DEC-2017,
OPTSTK,ASIANPAINT,25-Jan-2018,1420,CE,0,0,0,11.3,0.05,0,0,0,0,19-DEC-2017,
OPTSTK,ASIANPAINT,25-Jan-2018,1440,CE,0,0,0,9.3,0.05,0,0,0,0,19-DEC-2017,
OPTSTK,ASIANPAINT,25-Jan-2018,1460,CE,0,0,0,7.6,0.05,0,0,0,0,19-DEC-2017,
OPTSTK,ASIANPAINT,25-Jan-2018,800,PE,0,0,0,0.1,0,0,0,0,0,19-DEC-2017,
OPTSTK,ASIANPAINT,25-Jan-2018,820,PE,0,0,0,0.15,0,0,0,0,0,19-DEC-2017,
OPTSTK,ASIANPAINT,25-Jan-2018,840,PE,0,0,0,0.2,0,0,0,0,0,19-DEC-2017,
OPTSTK,ASIANPAINT,25-Jan-2018,860,PE,0,0,0,0.35,0,0,0,0,0,19-DEC-2017,
OPTSTK,ASIANPAINT,25-Jan-2018,880,PE,0,0,0,0.55,0,0,0,0,0,19-DEC-2017,
OPTSTK,ASIANPAINT,25-Jan-2018,900,PE,0,0,0,0.9,0.05,0,0,0,0,19-DEC-2017,
OPTSTK,ASIANPAINT,25-Jan-2018,920,PE,0,0,0,1.4,0.05,0,0,0,0,19-DEC-2017,
OPTSTK,ASIANPAINT,25-Jan-2018,940,PE,0,0,0,2.05,0.1,0,0,0,0,19-DEC-2017,
OPTSTK,ASIANPAINT,25-Jan-2018,960,PE,0,0,0,3,0.25,0,0,0,0,19-DEC-2017,
OPTSTK,ASIANPAINT,25-Jan-2018,980,PE,0,0,0,4.3,0.55,0,0,0,0,19-DEC-2017,
OPTSTK,ASIANPAINT,25-Jan-2018,1000,PE,0,0,0,6,1.1,0,0,0,0,19-DEC-2017,
OPTSTK,ASIANPAINT,25-Jan-2018,1020,PE,0,0,0,8.2,2.15,0,0,0,0,19-DEC-2017,
OPTSTK,ASIANPAINT,25-Jan-2018,1040,PE,0,0,0,10.95,3.8,0,0,0,0,19-DEC-2017,
OPTSTK,ASIANPAINT,25-Jan-2018,1060,PE,0,0,0,14.3,6.4,0,0,0,0,19-DEC-2017,
OPTSTK,ASIANPAINT,25-Jan-2018,1080,PE,0,0,0,18.4,10.25,0,0,0,0,19-DEC-2017,
OPTSTK,ASIANPAINT,25-Jan-2018,1100,PE,12.1,12.1,12.1,12.1,12.1,1,6.67,600,600,19-DEC-2017,
OPTSTK,ASIANPAINT,25-Jan-2018,1120,PE,0,0,0,25.1,22.5,0,0,2400,0,19-DEC-2017,
OPTSTK,ASIANPAINT,25-Jan-2018,1140,PE,28,28,27.3,27.3,27.3,3,21.01,4200,1800,19-DEC-2017,
OPTSTK,ASIANPAINT,25-Jan-2018,1160,PE,0,0,0,51.5,42,0,0,600,0,19-DEC-2017,
OPTSTK,ASIANPAINT,25-Jan-2018,1180,PE,0,0,0,51.7,54.45,0,0,0,0,19-DEC-2017,
OPTSTK,ASIANPAINT,25-Jan-2018,1200,PE,0,0,0,61.15,68.6,0,0,0,0,19-DEC-2017,
OPTSTK,ASIANPAINT,25-Jan-2018,1220,PE,0,0,0,71.55,84.1,0,0,0,0,19-DEC-2017,
OPTSTK,ASIANPAINT,25-Jan-2018,1240,PE,0,0,0,82.85,100.75,0,0,0,0,19-DEC-2017,
OPTSTK,ASIANPAINT,25-Jan-2018,1260,PE,0,0,0,95,118.35,0,0,0,0,19-DEC-2017,
OPTSTK,ASIANPAINT,25-Jan-2018,1280,PE,0,0,0,108.05,136.7,0,0,0,0,19-DEC-2017,
OPTSTK,ASIANPAINT,25-Jan-2018,1300,PE,0,0,0,121.85,155.55,0,0,0,0,19-DEC-2017,
OPTSTK,ASIANPAINT,25-Jan-2018,1320,PE,0,0,0,136.45,174.75,0,0,0,0,19-DEC-2017,
OPTSTK,ASIANPAINT,25-Jan-2018,1340,PE,0,0,0,151.65,194.2,0,0,0,0,19-DEC-2017,
OPTSTK,ASIANPAINT,25-Jan-2018,1360,PE,0,0,0,167.4,213.8,0,0,0,0,19-DEC-2017,
OPTSTK,ASIANPAINT,25-Jan-2018,1380,PE,0,0,0,183.8,233.55,0,0,0,0,19-DEC-2017,
OPTSTK,ASIANPAINT,25-Jan-2018,1400,PE,0,0,0,200.6,253.3,0,0,0,0,19-DEC-2017,
OPTSTK,ASIANPAINT,25-Jan-2018,1420,PE,0,0,0,217.9,273.15,0,0,0,0,19-DEC-2017,
OPTSTK,ASIANPAINT,25-Jan-2018,1440,PE,0,0,0,235.55,293,0,0,0,0,19-DEC-2017,
OPTSTK,ASIANPAINT,25-Jan-2018,1460,PE,0,0,0,253.55,312.85,0,0,0,0,19-DEC-2017,
OPTSTK,ASIANPAINT,22-Feb-2018,800,CE,0,0,0,358.45,346.85,0,0,0,0,19-DEC-2017,
OPTSTK,ASIANPAINT,22-Feb-2018,820,CE,0,0,0,338.75,327.1,0,0,0,0,19-DEC-2017,
OPTSTK,ASIANPAINT,22-Feb-2018,840,CE,0,0,0,319.05,307.3,0,0,0,0,19-DEC-2017,
OPTSTK,ASIANPAINT,22-Feb-2018,860,CE,0,0,0,299.4,287.55,0,0,0,0,19-DEC-2017,
OPTSTK,ASIANPAINT,22-Feb-2018,880,CE,0,0,0,279.8,267.85,0,0,0,0,19-DEC-2017,
OPTSTK,ASIANPAINT,22-Feb-2018,900,CE,0,0,0,260.3,248.2,0,0,0,0,19-DEC-2017,
OPTSTK,ASIANPAINT,22-Feb-2018,920,CE,0,0,0,240.9,228.65,0,0,0,0,19-DEC-2017,
OPTSTK,ASIANPAINT,22-Feb-2018,940,CE,0,0,0,221.75,209.2,0,0,0,0,19-DEC-2017,
OPTSTK,ASIANPAINT,22-Feb-2018,960,CE,0,0,0,202.8,190.05,0,0,0,0,19-DEC-2017,
OPTSTK,ASIANPAINT,22-Feb-2018,980,CE,0,0,0,184.25,171.2,0,0,0,0,19-DEC-2017,
OPTSTK,ASIANPAINT,22-Feb-2018,1000,CE,0,0,0,166.2,152.85,0,0,0,0,19-DEC-2017,
OPTSTK,ASIANPAINT,22-Feb-2018,1020,CE,0,0,0,148.7,135.1,0,0,0,0,19-DEC-2017,
OPTSTK,ASIANPAINT,22-Feb-2018,1040,CE,0,0,0,132,118.15,0,0,0,0,19-DEC-2017,
OPTSTK,ASIANPAINT,22-Feb-2018,1060,CE,0,0,0,116.1,102.15,0,0,0,0,19-DEC-2017,
OPTSTK,ASIANPAINT,22-Feb-2018,1080,CE,0,0,0,101.25,87.25,0,0,0,0,19-DEC-2017,
OPTSTK,ASIANPAINT,22-Feb-2018,1100,CE,0,0,0,87.35,73.55,0,0,0,0,19-DEC-2017,
OPTSTK,ASIANPAINT,22-Feb-2018,1120,CE,0,0,0,74.7,61.25,0,0,0,0,19-DEC-2017,
OPTSTK,ASIANPAINT,22-Feb-2018,1140,CE,0,0,0,63.25,50.3,0,0,0,0,19-DEC-2017,
OPTSTK,ASIANPAINT,22-Feb-2018,1160,CE,0,0,0,53,40.7,0,0,0,0,19-DEC-2017,
OPTSTK,ASIANPAINT,22-Feb-2018,1180,CE,0,0,0,43.95,32.55,0,0,0,0,19-DEC-2017,
OPTSTK,ASIANPAINT,22-Feb-2018,1200,CE,0,0,0,36.05,25.6,0,0,0,0,19-DEC-2017,
OPTSTK,ASIANPAINT,22-Feb-2018,1220,CE,0,0,0,29.3,19.9,0,0,0,0,19-DEC-2017,
OPTSTK,ASIANPAINT,22-Feb-2018,1240,CE,0,0,0,23.55,15.25,0,0,0,0,19-DEC-2017,
OPTSTK,ASIANPAINT,22-Feb-2018,1260,CE,0,0,0,18.85,11.55,0,0,0,0,19-DEC-2017,
OPTSTK,ASIANPAINT,22-Feb-2018,1280,CE,0,0,0,14.8,8.6,0,0,0,0,19-DEC-2017,
OPTSTK,ASIANPAINT,22-Feb-2018,1300,CE,0,0,0,11.6,6.35,0,0,0,0,19-DEC-2017,
OPTSTK,ASIANPAINT,22-Feb-2018,1320,CE,0,0,0,8.95,4.6,0,0,0,0,19-DEC-2017,
OPTSTK,ASIANPAINT,22-Feb-2018,1340,CE,0,0,0,6.85,3.3,0,0,0,0,19-DEC-2017,
OPTSTK,ASIANPAINT,22-Feb-2018,1360,CE,0,0,0,5.2,2.35,0,0,0,0,19-DEC-2017,
OPTSTK,ASIANPAINT,22-Feb-2018,1380,CE,0,0,0,3.9,1.65,0,0,0,0,19-DEC-2017,
OPTSTK,ASIANPAINT,22-Feb-2018,1400,CE,0,0,0,2.95,1.15,0,0,0,0,19-DEC-2017,
OPTSTK,ASIANPAINT,22-Feb-2018,1420,CE,0,0,0,2.15,0.8,0,0,0,0,19-DEC-2017,
OPTSTK,ASIANPAINT,22-Feb-2018,1440,CE,0,0,0,1.6,0.55,0,0,0,0,19-DEC-2017,
OPTSTK,ASIANPAINT,22-Feb-2018,1460,CE,0,0,0,1.15,0.35,0,0,0,0,19-DEC-2017,
OPTSTK,ASIANPAINT,22-Feb-2018,800,PE,0,0,0,0.05,0,0,0,0,0,19-DEC-2017,
OPTSTK,ASIANPAINT,22-Feb-2018,820,PE,0,0,0,0.05,0.05,0,0,0,0,19-DEC-2017,
OPTSTK,ASIANPAINT,22-Feb-2018,840,PE,0,0,0,0.1,0.05,0,0,0,0,19-DEC-2017,
OPTSTK,ASIANPAINT,22-Feb-2018,860,PE,0,0,0,0.15,0.05,0,0,0,0,19-DEC-2017,
OPTSTK,ASIANPAINT,22-Feb-2018,880,PE,0,0,0,0.25,0.1,0,0,0,0,19-DEC-2017,
OPTSTK,ASIANPAINT,22-Feb-2018,900,PE,0,0,0,0.45,0.25,0,0,0,0,19-DEC-2017,
OPTSTK,ASIANPAINT,22-Feb-2018,920,PE,0,0,0,0.75,0.45,0,0,0,0,19-DEC-2017,
OPTSTK,ASIANPAINT,22-Feb-2018,940,PE,0,0,0,1.3,0.8,0,0,0,0,19-DEC-2017,
OPTSTK,ASIANPAINT,22-Feb-2018,960,PE,0,0,0,2.05,1.4,0,0,0,0,19-DEC-2017,
OPTSTK,ASIANPAINT,22-Feb-2018,980,PE,0,0,0,3.2,2.3,0,0,0,0,19-DEC-2017,
OPTSTK,ASIANPAINT,22-Feb-2018,1000,PE,0,0,0,4.85,3.75,0,0,0,0,19-DEC-2017,
OPTSTK,ASIANPAINT,22-Feb-2018,1020,PE,0,0,0,7.1,5.75,0,0,0,0,19-DEC-2017,
OPTSTK,ASIANPAINT,22-Feb-2018,1040,PE,0,0,0,10.1,8.6,0,0,0,0,19-DEC-2017,
OPTSTK,ASIANPAINT,22-Feb-2018,1060,PE,0,0,0,13.9,12.35,0,0,0,0,19-DEC-2017,
OPTSTK,ASIANPAINT,22-Feb-2018,1080,PE,0,0,0,18.75,17.25,0,0,0,0,19-DEC-2017,
OPTSTK,ASIANPAINT,22-Feb-2018,1100,PE,0,0,0,24.6,23.3,0,0,0,0,19-DEC-2017,
OPTSTK,ASIANPAINT,22-Feb-2018,1120,PE,0,0,0,31.6,30.75,0,0,0,0,19-DEC-2017,
OPTSTK,ASIANPAINT,22-Feb-2018,1140,PE,0,0,0,39.85,39.6,0,0,0,0,19-DEC-2017,
OPTSTK,ASIANPAINT,22-Feb-2018,1160,PE,0,0,0,49.3,49.8,0,0,0,0,19-DEC-2017,
OPTSTK,ASIANPAINT,22-Feb-2018,1180,PE,0,0,0,60,61.35,0,0,0,0,19-DEC-2017,
OPTSTK,ASIANPAINT,22-Feb-2018,1200,PE,0,0,0,71.85,74.25,0,0,0,0,19-DEC-2017,
OPTSTK,ASIANPAINT,22-Feb-2018,1220,PE,0,0,0,84.8,88.3,0,0,0,0,19-DEC-2017,
OPTSTK,ASIANPAINT,22-Feb-2018,1240,PE,0,0,0,98.75,103.45,0,0,0,0,19-DEC-2017,
OPTSTK,ASIANPAINT,22-Feb-2018,1260,PE,0,0,0,113.7,119.45,0,0,0,0,19-DEC-2017,
OPTSTK,ASIANPAINT,22-Feb-2018,1280,PE,0,0,0,129.4,136.3,0,0,0,0,19-DEC-2017,
OPTSTK,ASIANPAINT,22-Feb-2018,1300,PE,0,0,0,145.9,153.8,0,0,0,0,19-DEC-2017,
OPTSTK,ASIANPAINT,22-Feb-2018,1320,PE,0,0,0,162.95,171.85,0,0,0,0,19-DEC-2017,
OPTSTK,ASIANPAINT,22-Feb-2018,1340,PE,0,0,0,180.6,190.3,0,0,0,0,19-DEC-2017,
OPTSTK,ASIANPAINT,22-Feb-2018,1360,PE,0,0,0,198.65,209.15,0,0,0,0,19-DEC-2017,
OPTSTK,ASIANPAINT,22-Feb-2018,1380,PE,0,0,0,217.05,228.2,0,0,0,0,19-DEC-2017,
OPTSTK,ASIANPAINT,22-Feb-2018,1400,PE,0,0,0,235.75,247.45,0,0,0,0,19-DEC-2017,
OPTSTK,ASIANPAINT,22-Feb-2018,1420,PE,0,0,0,254.7,266.9,0,0,0,0,19-DEC-2017,
OPTSTK,ASIANPAINT,22-Feb-2018,1440,PE,0,0,0,273.85,286.4,0,0,0,0,19-DEC-2017,
OPTSTK,ASIANPAINT,22-Feb-2018,1460,PE,0,0,0,293.15,306,0,0,0,0,19-DEC-2017,
OPTSTK,AUROPHARMA,28-Dec-2017,460,CE,0,0,0,223.7,226.35,0,0,0,0,19-DEC-2017,
OPTSTK,AUROPHARMA,28-Dec-2017,480,CE,0,0,0,204.6,206.35,0,0,0,0,19-DEC-2017,
OPTSTK,AUROPHARMA,28-Dec-2017,500,CE,0,0,0,185.85,186.4,0,0,0,0,19-DEC-2017,
OPTSTK,AUROPHARMA,28-Dec-2017,520,CE,0,0,0,167.6,166.45,0,0,0,0,19-DEC-2017,
OPTSTK,AUROPHARMA,28-Dec-2017,540,CE,0,0,0,150,146.45,0,0,0,0,19-DEC-2017,
OPTSTK,AUROPHARMA,28-Dec-2017,560,CE,0,0,0,133.15,126.5,0,0,0,0,19-DEC-2017,
OPTSTK,AUROPHARMA,28-Dec-2017,580,CE,0,0,0,117.2,106.55,0,0,0,0,19-DEC-2017,
OPTSTK,AUROPHARMA,28-Dec-2017,600,CE,0,0,0,78,86.65,0,0,800,0,19-DEC-2017,
OPTSTK,AUROPHARMA,28-Dec-2017,620,CE,0,0,0,88.55,67,0,0,0,0,19-DEC-2017,
OPTSTK,AUROPHARMA,28-Dec-2017,640,CE,43,46,43,45,45,3,16.43,11200,-800,19-DEC-2017,
OPTSTK,AUROPHARMA,28-Dec-2017,660,CE,26.85,30.85,26.7,29.85,29.85,90,496.11,170400,800,19-DEC-2017,
OPTSTK,AUROPHARMA,28-Dec-2017,680,CE,14.5,18.5,14.3,16.55,16.55,1210,6743.97,402400,-51200,19-DEC-2017,
OPTSTK,AUROPHARMA,28-Dec-2017,700,CE,9,10.15,7.8,9,9,1205,6836.43,992800,102400,19-DEC-2017,
OPTSTK,AUROPHARMA,28-Dec-2017,720,CE,4.5,5.25,4.25,4.55,4.55,384,2226.37,422400,22400,19-DEC-2017,
OPTSTK,AUROPHARMA,28-Dec-2017,740,CE,2.6,3,2.2,2.35,2.35,212,1259.47,348000,6400,19-DEC-2017,
OPTSTK,AUROPHARMA,28-Dec-2017,760,CE,1.9,1.95,1.35,1.45,1.45,102,621.51,230400,-22400,19-DEC-2017,
OPTSTK,AUROPHARMA,28-Dec-2017,780,CE,0.8,0.9,0.8,0.85,0.85,13,81.2,92000,-7200,19-DEC-2017,
OPTSTK,AUROPHARMA,28-Dec-2017,800,CE,0.45,0.6,0.15,0.35,0.35,31,198.5,290400,-8000,19-DEC-2017,
OPTSTK,AUROPHARMA,28-Dec-2017,820,CE,0.55,0.55,0.3,0.4,0.4,5,32.81,9600,-800,19-DEC-2017,
OPTSTK,AUROPHARMA,28-Dec-2017,840,CE,0.25,0.25,0.25,0.25,0.25,1,6.72,4800,-800,19-DEC-2017,
OPTSTK,AUROPHARMA,28-Dec-2017,860,CE,0.15,0.3,0.15,0.3,0.3,2,13.76,8000,-800,19-DEC-2017,
OPTSTK,AUROPHARMA,28-Dec-2017,880,CE,0,0,0,6.75,0,0,0,0,0,19-DEC-2017,
OPTSTK,AUROPHARMA,28-Dec-2017,900,CE,0,0,0,2,0,0,0,1600,0,19-DEC-2017,
OPTSTK,AUROPHARMA,28-Dec-2017,920,CE,0,0,0,4.15,0,0,0,0,0,19-DEC-2017,
OPTSTK,AUROPHARMA,28-Dec-2017,940,CE,0,0,0,3.2,0,0,0,0,0,19-DEC-2017,
OPTSTK,AUROPHARMA,28-Dec-2017,960,CE,0,0,0,2.7,0,0,0,800,0,19-DEC-2017,
OPTSTK,AUROPHARMA,28-Dec-2017,460,PE,0,0,0,0.7,0,0,0,0,0,19-DEC-2017,
OPTSTK,AUROPHARMA,28-Dec-2017,480,PE,0,0,0,1.3,0,0,0,0,0,19-DEC-2017,
OPTSTK,AUROPHARMA,28-Dec-2017,500,PE,0,0,0,0.25,0,0,0,800,0,19-DEC-2017,
OPTSTK,AUROPHARMA,28-Dec-2017,520,PE,0,0,0,3.7,0,0,0,0,0,19-DEC-2017,
OPTSTK,AUROPHARMA,28-Dec-2017,540,PE,0,0,0,5.8,0,0,0,0,0,19-DEC-2017,
OPTSTK,AUROPHARMA,28-Dec-2017,560,PE,0.6,0.6,0.6,0.6,0.6,7,31.39,10400,-800,19-DEC-2017,
OPTSTK,AUROPHARMA,28-Dec-2017,580,PE,0,0,0,1.5,0.05,0,0,23200,0,19-DEC-2017,
OPTSTK,AUROPHARMA,28-Dec-2017,600,PE,0.6,0.75,0.6,0.75,0.75,3,14.41,55200,800,19-DEC-2017,
OPTSTK,AUROPHARMA,28-Dec-2017,620,PE,1.05,1.1,0.85,0.9,0.9,21,104.32,72000,-2400,19-DEC-2017,
OPTSTK,AUROPHARMA,28-Dec-2017,640,PE,2.4,2.55,1.45,1.5,1.5,150,770.34,156000,-26400,19-DEC-2017,
OPTSTK,AUROPHARMA,28-Dec-2017,660,PE,6.6,6.6,3.9,4.05,4.05,417,2220.03,212800,33600,19-DEC-2017,
OPTSTK,AUROPHARMA,28-Dec-2017,680,PE,13.05,14.65,10.05,10.45,10.45,462,2559.82,148000,4800,19-DEC-2017,
OPTSTK,AUROPHARMA,28-Dec-2017,700,PE,23.1,25.35,22,22.5,22.5,17,98.42,156800,-1600,19-DEC-2017,
OPTSTK,AUROPHARMA,28-Dec-2017,720,PE,41.5,41.5,41.5,41.5,41.5,3,18.27,86400,-2400,19-DEC-2017,
OPTSTK,AUROPHARMA,28-Dec-2017,740,PE,0,0,0,56.5,54.8,0,0,23200,0,19-DEC-2017,
OPTSTK,AUROPHARMA,28-Dec-2017,760,PE,0,0,0,92.4,73.75,0,0,19200,0,19-DEC-2017,
OPTSTK,AUROPHARMA,28-Dec-2017,780,PE,0,0,0,79.85,93.35,0,0,10400,0,19-DEC-2017,
OPTSTK,AUROPHARMA,28-Dec-2017,800,PE,0,0,0,126,113.2,0,0,87200,0,19-DEC-2017,
OPTSTK,AUROPHARMA,28-Dec-2017,820,PE,0,0,0,113.4,133.15,0,0,4800,0,19-DEC-2017,
OPTSTK,AUROPHARMA,28-Dec-2017,840,PE,0,0,0,121,153.1,0,0,800,0,19-DEC-2017,
OPTSTK,AUROPHARMA,28-Dec-2017,860,PE,0,0,0,179.35,173.1,0,0,0,0,19-DEC-2017,
OPTSTK,AUROPHARMA,28-Dec-2017,880,PE,0,0,0,170,193.05,0,0,9600,0,19-DEC-2017,
OPTSTK,AUROPHARMA,28-Dec-2017,900,PE,0,0,0,215.5,213,0,0,0,0,19-DEC-2017,
OPTSTK,AUROPHARMA,28-Dec-2017,920,PE,0,0,0,234,233,0,0,0,0,19-DEC-2017,
OPTSTK,AUROPHARMA,28-Dec-2017,940,PE,0,0,0,252.8,252.95,0,0,0,0,19-DEC-2017,
OPTSTK,AUROPHARMA,28-Dec-2017,960,PE,0,0,0,271.75,272.95,0,0,0,0,19-DEC-2017,
OPTSTK,AUROPHARMA,25-Jan-2018,460,CE,0,0,0,296.25,228.6,0,0,0,0,19-DEC-2017,
OPTSTK,AUROPHARMA,25-Jan-2018,480,CE,0,0,0,276.6,208.75,0,0,0,0,19-DEC-2017,
OPTSTK,AUROPHARMA,25-Jan-2018,500,CE,0,0,0,257,188.9,0,0,0,0,19-DEC-2017,
OPTSTK,AUROPHARMA,25-Jan-2018,520,CE,0,0,0,237.45,169.1,0,0,0,0,19-DEC-2017,
OPTSTK,AUROPHARMA,25-Jan-2018,540,CE,0,0,0,218,149.45,0,0,0,0,19-DEC-2017,
OPTSTK,AUROPHARMA,25-Jan-2018,560,CE,0,0,0,198.8,130.05,0,0,0,0,19-DEC-2017,
OPTSTK,AUROPHARMA,25-Jan-2018,580,CE,0,0,0,179.9,111.15,0,0,0,0,19-DEC-2017,
OPTSTK,AUROPHARMA,25-Jan-2018,600,CE,0,0,0,161.45,93.05,0,0,0,0,19-DEC-2017,
OPTSTK,AUROPHARMA,25-Jan-2018,620,CE,0,0,0,143.6,76.05,0,0,0,0,19-DEC-2017,
OPTSTK,AUROPHARMA,25-Jan-2018,640,CE,0,0,0,126.5,60.65,0,0,0,0,19-DEC-2017,
OPTSTK,AUROPHARMA,25-Jan-2018,660,CE,0,0,0,38,46.95,0,0,800,0,19-DEC-2017,
OPTSTK,AUROPHARMA,25-Jan-2018,680,CE,35.75,35.75,35.75,35.75,35.75,1,5.72,1600,800,19-DEC-2017,
OPTSTK,AUROPHARMA,25-Jan-2018,700,CE,24,24.95,23.05,23.8,23.8,14,81.1,33600,1600,19-DEC-2017,
OPTSTK,AUROPHARMA,25-Jan-2018,720,CE,14.9,17.3,14.9,17.3,17.3,13,76.57,9600,4000,19-DEC-2017,
OPTSTK,AUROPHARMA,25-Jan-2018,740,CE,0,0,0,13.95,12.7,0,0,800,0,19-DEC-2017,
OPTSTK,AUROPHARMA,25-Jan-2018,760,CE,0,0,0,8.8,8.5,0,0,800,0,19-DEC-2017,
OPTSTK,AUROPHARMA,25-Jan-2018,780,CE,0,0,0,38.85,5.5,0,0,0,0,19-DEC-2017,
OPTSTK,AUROPHARMA,25-Jan-2018,800,CE,0,0,0,31.45,3.5,0,0,0,0,19-DEC-2017,
OPTSTK,AUROPHARMA,25-Jan-2018,820,CE,0,0,0,25.2,2.15,0,0,0,0,19-DEC-2017,
OPTSTK,AUROPHARMA,25-Jan-2018,840,CE,0,0,0,20.05,1.3,0,0,0,0,19-DEC-2017,
OPTSTK,AUROPHARMA,25-Jan-2018,860,CE,0,0,0,15.75,0.75,0,0,0,0,19-DEC-2017,
OPTSTK,AUROPHARMA,25-Jan-2018,880,CE,0,0,0,12.25,0.45,0,0,0,0,19-DEC-2017,
OPTSTK,AUROPHARMA,25-Jan-2018,900,CE,0,0,0,9.45,0.25,0,0,0,0,19-DEC-2017,
OPTSTK,AUROPHARMA,25-Jan-2018,920,CE,0,0,0,7.25,0.15,0,0,0,0,19-DEC-2017,
OPTSTK,AUROPHARMA,25-Jan-2018,940,CE,0,0,0,5.5,0.1,0,0,0,0,19-DEC-2017,
OPTSTK,AUROPHARMA,25-Jan-2018,960,CE,0,0,0,4.15,0.05,0,0,0,0,19-DEC-2017,
OPTSTK,AUROPHARMA,25-Jan-2018,460,PE,0,0,0,0.05,0,0,0,0,0,19-DEC-2017,
OPTSTK,AUROPHARMA,25-Jan-2018,480,PE,0,0,0,0.05,0.05,0,0,0,0,19-DEC-2017,
OPTSTK,AUROPHARMA,25-Jan-2018,500,PE,0,0,0,0.15,0.05,0,0,0,0,19-DEC-2017,
OPTSTK,AUROPHARMA,25-Jan-2018,520,PE,0,0,0,0.25,0.15,0,0,0,0,19-DEC-2017,
OPTSTK,AUROPHARMA,25-Jan-2018,540,PE,0,0,0,0.55,0.35,0,0,0,0,19-DEC-2017,
OPTSTK,AUROPHARMA,25-Jan-2018,560,PE,0,0,0,1,0.8,0,0,0,0,19-DEC-2017,
OPTSTK,AUROPHARMA,25-Jan-2018,580,PE,0,0,0,1.8,1.75,0,0,0,0,19-DEC-2017,
OPTSTK,AUROPHARMA,25-Jan-2018,600,PE,0,0,0,3.05,3.5,0,0,0,0,19-DEC-2017,
OPTSTK,AUROPHARMA,25-Jan-2018,620,PE,5.05,5.05,5.05,5.05,5.05,1,5,4000,800,19-DEC-2017,
OPTSTK,AUROPHARMA,25-Jan-2018,640,PE,10.6,11.3,10,10,10,8,41.65,36000,5600,19-DEC-2017,
OPTSTK,AUROPHARMA,25-Jan-2018,660,PE,17.65,17.65,16.85,16.85,16.85,10,54.16,33600,6400,19-DEC-2017,
OPTSTK,AUROPHARMA,25-Jan-2018,680,PE,0,0,0,32,25.35,0,0,7200,0,19-DEC-2017,
OPTSTK,AUROPHARMA,25-Jan-2018,700,PE,35,35,33.25,33.25,33.25,3,17.62,11200,2400,19-DEC-2017,
OPTSTK,AUROPHARMA,25-Jan-2018,720,PE,46,46,46,46,46,1,6.12,4800,800,19-DEC-2017,
OPTSTK,AUROPHARMA,25-Jan-2018,740,PE,0,0,0,36.85,62.25,0,0,0,0,19-DEC-2017,
OPTSTK,AUROPHARMA,25-Jan-2018,760,PE,0,0,0,46.6,77.95,0,0,0,0,19-DEC-2017,
OPTSTK,AUROPHARMA,25-Jan-2018,780,PE,0,0,0,57.65,94.85,0,0,0,0,19-DEC-2017,
OPTSTK,AUROPHARMA,25-Jan-2018,800,PE,0,0,0,60,112.7,0,0,5600,0,19-DEC-2017,
OPTSTK,AUROPHARMA,25-Jan-2018,820,PE,0,0,0,83.35,131.2,0,0,0,0,19-DEC-2017,
OPTSTK,AUROPHARMA,25-Jan-2018,840,PE,0,0,0,97.85,150.25,0,0,0,0,19-DEC-2017,
OPTSTK,AUROPHARMA,25-Jan-2018,860,PE,0,0,0,113.25,169.55,0,0,0,0,19-DEC-2017,
OPTSTK,AUROPHARMA,25-Jan-2018,880,PE,0,0,0,129.45,189.1,0,0,0,0,19-DEC-2017,
OPTSTK,AUROPHARMA,25-Jan-2018,900,PE,0,0,0,146.35,208.8,0,0,0,0,19-DEC-2017,
OPTSTK,AUROPHARMA,25-Jan-2018,920,PE,0,0,0,163.8,228.55,0,0,0,0,19-DEC-2017,
OPTSTK,AUROPHARMA,25-Jan-2018,940,PE,0,0,0,181.75,248.35,0,0,0,0,19-DEC-2017,
OPTSTK,AUROPHARMA,25-Jan-2018,960,PE,0,0,0,200.1,268.2,0,0,0,0,19-DEC-2017,
OPTSTK,AUROPHARMA,22-Feb-2018,460,CE,0,0,0,239.9,230.95,0,0,0,0,19-DEC-2017,
OPTSTK,AUROPHARMA,22-Feb-2018,480,CE,0,0,0,220.55,211.25,0,0,0,0,19-DEC-2017,
OPTSTK,AUROPHARMA,22-Feb-2018,500,CE,0,0,0,201.4,191.7,0,0,0,0,19-DEC-2017,
OPTSTK,AUROPHARMA,22-Feb-2018,520,CE,0,0,0,182.6,172.4,0,0,0,0,19-DEC-2017,
OPTSTK,AUROPHARMA,22-Feb-2018,540,CE,0,0,0,164.3,153.4,0,0,0,0,19-DEC-2017,
OPTSTK,AUROPHARMA,22-Feb-2018,560,CE,0,0,0,146.65,134.95,0,0,0,0,19-DEC-2017,
OPTSTK,AUROPHARMA,22-Feb-2018,580,CE,0,0,0,129.75,117.25,0,0,0,0,19-DEC-2017,
OPTSTK,AUROPHARMA,22-Feb-2018,600,CE,0,0,0,113.8,100.5,0,0,0,0,19-DEC-2017,
OPTSTK,AUROPHARMA,22-Feb-2018,620,CE,0,0,0,98.95,84.9,0,0,0,0,19-DEC-2017,
OPTSTK,AUROPHARMA,22-Feb-2018,640,CE,0,0,0,85.15,70.7,0,0,0,0,19-DEC-2017,
OPTSTK,AUROPHARMA,22-Feb-2018,660,CE,0,0,0,60,57.95,0,0,1600,0,19-DEC-2017,
OPTSTK,AUROPHARMA,22-Feb-2018,680,CE,0,0,0,55,46.8,0,0,2400,0,19-DEC-2017,
OPTSTK,AUROPHARMA,22-Feb-2018,700,CE,0,0,0,59.1,37.2,0,0,800,0,19-DEC-2017,
OPTSTK,AUROPHARMA,22-Feb-2018,720,CE,0,0,0,42.75,29.15,0,0,800,0,19-DEC-2017,
OPTSTK,AUROPHARMA,22-Feb-2018,740,CE,0,0,0,35.2,22.5,0,0,0,0,19-DEC-2017,
OPTSTK,AUROPHARMA,22-Feb-2018,760,CE,0,0,0,28.75,17.15,0,0,0,0,19-DEC-2017,
OPTSTK,AUROPHARMA,22-Feb-2018,780,CE,0,0,0,23.3,12.85,0,0,0,0,19-DEC-2017,
OPTSTK,AUROPHARMA,22-Feb-2018,800,CE,0,0,0,18.75,9.5,0,0,0,0,19-DEC-2017,
OPTSTK,AUROPHARMA,22-Feb-2018,820,CE,0,0,0,14.95,6.95,0,0,0,0,19-DEC-2017,
OPTSTK,AUROPHARMA,22-Feb-2018,840,CE,0,0,0,11.85,5.05,0,0,0,0,19-DEC-2017,
OPTSTK,AUROPHARMA,22-Feb-2018,860,CE,0,0,0,9.35,3.6,0,0,0,0,19-DEC-2017,
OPTSTK,AUROPHARMA,22-Feb-2018,880,CE,0,0,0,7.3,2.55,0,0,0,0,19-DEC-2017,
OPTSTK,AUROPHARMA,22-Feb-2018,900,CE,0,0,0,5.7,1.75,0,0,0,0,19-DEC-2017,
OPTSTK,AUROPHARMA,22-Feb-2018,920,CE,0,0,0,4.4,1.25,0,0,0,0,19-DEC-2017,
OPTSTK,AUROPHARMA,22-Feb-2018,940,CE,0,0,0,3.4,0.85,0,0,0,0,19-DEC-2017,
OPTSTK,AUROPHARMA,22-Feb-2018,960,CE,0,0,0,2.6,0.6,0,0,0,0,19-DEC-2017,
OPTSTK,AUROPHARMA,22-Feb-2018,460,PE,0,0,0,0.35,0.1,0,0,0,0,19-DEC-2017,
OPTSTK,AUROPHARMA,22-Feb-2018,480,PE,0,0,0,0.7,0.2,0,0,0,0,19-DEC-2017,
OPTSTK,AUROPHARMA,22-Feb-2018,500,PE,0,0,0,1.25,0.4,0,0,0,0,19-DEC-2017,
OPTSTK,AUROPHARMA,22-Feb-2018,520,PE,0,0,0,2.2,0.85,0,0,0,0,19-DEC-2017,
OPTSTK,AUROPHARMA,22-Feb-2018,540,PE,0,0,0,3.6,1.65,0,0,0,0,19-DEC-2017,
OPTSTK,AUROPHARMA,22-Feb-2018,560,PE,0,0,0,5.65,2.95,0,0,0,0,19-DEC-2017,
OPTSTK,AUROPHARMA,22-Feb-2018,580,PE,0,0,0,8.45,5,0,0,0,0,19-DEC-2017,
OPTSTK,AUROPHARMA,22-Feb-2018,600,PE,0,0,0,12.2,8.05,0,0,0,0,19-DEC-2017,
OPTSTK,AUROPHARMA,22-Feb-2018,620,PE,0,0,0,17.05,12.25,0,0,0,0,19-DEC-2017,
OPTSTK,AUROPHARMA,22-Feb-2018,640,PE,0,0,0,23,17.8,0,0,0,0,19-DEC-2017,
OPTSTK,AUROPHARMA,22-Feb-2018,660,PE,0,0,0,30.2,24.85,0,0,0,0,19-DEC-2017,
OPTSTK,AUROPHARMA,22-Feb-2018,680,PE,0,0,0,38.7,33.45,0,0,0,0,19-DEC-2017,
OPTSTK,AUROPHARMA,22-Feb-2018,700,PE,0,0,0,48.45,43.65,0,0,0,0,19-DEC-2017,
OPTSTK,AUROPHARMA,22-Feb-2018,720,PE,0,0,0,59.4,55.35,0,0,0,0,19-DEC-2017,
OPTSTK,AUROPHARMA,22-Feb-2018,740,PE,0,0,0,71.55,68.45,0,0,0,0,19-DEC-2017,
OPTSTK,AUROPHARMA,22-Feb-2018,760,PE,0,0,0,84.8,82.9,0,0,0,0,19-DEC-2017,
OPTSTK,AUROPHARMA,22-Feb-2018,780,PE,0,0,0,99.1,98.35,0,0,0,0,19-DEC-2017,
OPTSTK,AUROPHARMA,22-Feb-2018,800,PE,0,0,0,114.25,114.8,0,0,0,0,19-DEC-2017,
OPTSTK,AUROPHARMA,22-Feb-2018,820,PE,0,0,0,130.15,132,0,0,0,0,19-DEC-2017,
OPTSTK,AUROPHARMA,22-Feb-2018,840,PE,0,0,0,146.75,149.85,0,0,0,0,19-DEC-2017,
OPTSTK,AUROPHARMA,22-Feb-2018,860,PE,0,0,0,163.95,168.2,0,0,0,0,19-DEC-2017,
OPTSTK,AUROPHARMA,22-Feb-2018,880,PE,0,0,0,181.65,186.9,0,0,0,0,19-DEC-2017,
OPTSTK,AUROPHARMA,22-Feb-2018,900,PE,0,0,0,199.7,205.9,0,0,0,0,19-DEC-2017,
OPTSTK,AUROPHARMA,22-Feb-2018,920,PE,0,0,0,218.15,225.15,0,0,0,0,19-DEC-2017,
OPTSTK,AUROPHARMA,22-Feb-2018,940,PE,0,0,0,236.85,244.55,0,0,0,0,19-DEC-2017,
OPTSTK,AUROPHARMA,22-Feb-2018,960,PE,0,0,0,255.75,264.05,0,0,0,0,19-DEC-2017,
OPTSTK,AXISBANK,28-Dec-2017,330,CE,0,0,0,186.95,224.2,0,0,0,0,19-DEC-2017,
OPTSTK,AXISBANK,28-Dec-2017,340,CE,0,0,0,177.1,214.2,0,0,0,0,19-DEC-2017,
OPTSTK,AXISBANK,28-Dec-2017,350,CE,0,0,0,167.3,204.2,0,0,0,0,19-DEC-2017,
OPTSTK,AXISBANK,28-Dec-2017,360,CE,0,0,0,157.45,194.25,0,0,0,0,19-DEC-2017,
OPTSTK,AXISBANK,28-Dec-2017,370,CE,0,0,0,147.65,184.25,0,0,0,0,19-DEC-2017,
OPTSTK,AXISBANK,28-Dec-2017,380,CE,0,0,0,137.85,174.25,0,0,0,0,19-DEC-2017,
OPTSTK,AXISBANK,28-Dec-2017,390,CE,0,0,0,128.15,164.3,0,0,0,0,19-DEC-2017,
OPTSTK,AXISBANK,28-Dec-2017,400,CE,0,0,0,118.5,154.3,0,0,0,0,19-DEC-2017,
OPTSTK,AXISBANK,28-Dec-2017,410,CE,0,0,0,108.95,144.3,0,0,0,0,19-DEC-2017,
OPTSTK,AXISBANK,28-Dec-2017,420,CE,0,0,0,99.55,134.3,0,0,0,0,19-DEC-2017,
OPTSTK,AXISBANK,28-Dec-2017,430,CE,0,0,0,90.4,124.35,0,0,0,0,19-DEC-2017,
OPTSTK,AXISBANK,28-Dec-2017,440,CE,0,0,0,81.45,114.35,0,0,0,0,19-DEC-2017,
OPTSTK,AXISBANK,28-Dec-2017,450,CE,0,0,0,72.85,104.35,0,0,0,0,19-DEC-2017,
OPTSTK,AXISBANK,28-Dec-2017,460,CE,0,0,0,64.65,94.4,0,0,0,0,19-DEC-2017,
OPTSTK,AXISBANK,28-Dec-2017,470,CE,0,0,0,77.5,84.4,0,0,6000,0,19-DEC-2017,
OPTSTK,AXISBANK,28-Dec-2017,480,CE,0,0,0,64,74.4,0,0,15600,0,19-DEC-2017,
OPTSTK,AXISBANK,28-Dec-2017,490,CE,0,0,0,42.9,64.45,0,0,0,0,19-DEC-2017,
OPTSTK,AXISBANK,28-Dec-2017,500,CE,49,52,47.05,52,52,3,19.77,175200,0,19-DEC-2017,
OPTSTK,AXISBANK,28-Dec-2017,510,CE,37,37,37,37,37,1,6.56,7200,0,19-DEC-2017,
OPTSTK,AXISBANK,28-Dec-2017,520,CE,29,36,28,36,36,3,19.83,19200,-2400,19-DEC-2017,
OPTSTK,AXISBANK,28-Dec-2017,530,CE,22.1,28,20.1,27.25,27.25,17,113.08,93600,-8400,19-DEC-2017,
OPTSTK,AXISBANK,28-Dec-2017,540,CE,15.25,20.35,12.35,18.6,18.6,248,1654.65,254400,-32400,19-DEC-2017,
OPTSTK,AXISBANK,28-Dec-2017,550,CE,9.9,12.85,7.15,11.8,11.8,1295,8699.25,836400,-117600,19-DEC-2017,
OPTSTK,AXISBANK,28-Dec-2017,560,CE,6,7.2,3.75,6.55,6.55,1372,9310.89,924000,74400,19-DEC-2017,
OPTSTK,AXISBANK,28-Dec-2017,570,CE,3,3.5,1.8,3.25,3.25,537,3689.84,477600,-24000,19-DEC-2017,
OPTSTK,AXISBANK,28-Dec-2017,580,CE,1.65,1.75,0.8,1.5,1.5,712,4965.78,646800,247200,19-DEC-2017,
OPTSTK,AXISBANK,28-Dec-2017,590,CE,1.1,1.1,0.5,0.85,0.85,251,1779.26,258000,32400,19-DEC-2017,
OPTSTK,AXISBANK,28-Dec-2017,600,CE,0.75,0.75,0.45,0.6,0.6,381,2745.87,619200,3600,19-DEC-2017,
OPTSTK,AXISBANK,28-Dec-2017,610,CE,0.45,0.5,0.4,0.45,0.45,6,43.95,86400,-4800,19-DEC-2017,
OPTSTK,AXISBANK,28-Dec-2017,620,CE,0.45,0.45,0.35,0.35,0.35,5,37.22,144000,-1200,19-DEC-2017,
OPTSTK,AXISBANK,28-Dec-2017,630,CE,0.3,0.3,0.3,0.3,0.3,7,52.94,75600,0,19-DEC-2017,
OPTSTK,AXISBANK,28-Dec-2017,640,CE,0.3,0.3,0.3,0.3,0.3,8,61.46,136800,2400,19-DEC-2017,
OPTSTK,AXISBANK,28-Dec-2017,650,CE,0,0,0,0.35,0,0,0,51600,0,19-DEC-2017,
OPTSTK,AXISBANK,28-Dec-2017,660,CE,0,0,0,0.6,0,0,0,28800,0,19-DEC-2017,
OPTSTK,AXISBANK,28-Dec-2017,330,PE,0,0,0,0.05,0,0,0,0,0,19-DEC-2017,
OPTSTK,AXISBANK,28-Dec-2017,340,PE,0,0,0,0.1,0,0,0,0,0,19-DEC-2017,
OPTSTK,AXISBANK,28-Dec-2017,350,PE,0,0,0,0.05,0,0,0,0,0,19-DEC-2017,
OPTSTK,AXISBANK,28-Dec-2017,360,PE,0,0,0,0.05,0,0,0,0,0,19-DEC-2017,
OPTSTK,AXISBANK,28-Dec-2017,370,PE,0,0,0,0.1,0,0,0,0,0,19-DEC-2017,
OPTSTK,AXISBANK,28-Dec-2017,380,PE,0,0,0,0.15,0,0,0,0,0,19-DEC-2017,
OPTSTK,AXISBANK,28-Dec-2017,390,PE,0,0,0,0.3,0,0,0,0,0,19-DEC-2017,
OPTSTK,AXISBANK,28-Dec-2017,400,PE,0,0,0,0.45,0,0,0,0,0,19-DEC-2017,
OPTSTK,AXISBANK,28-Dec-2017,410,PE,0,0,0,0.75,0,0,0,0,0,19-DEC-2017,
OPTSTK,AXISBANK,28-Dec-2017,420,PE,0,0,0,1.25,0,0,0,0,0,19-DEC-2017,
OPTSTK,AXISBANK,28-Dec-2017,430,PE,0,0,0,1.9,0,0,0,0,0,19-DEC-2017,
OPTSTK,AXISBANK,28-Dec-2017,440,PE,0,0,0,2.8,0,0,0,0,0,19-DEC-2017,
OPTSTK,AXISBANK,28-Dec-2017,450,PE,0.7,0.7,0.3,0.3,0.3,2,10.81,43200,1200,19-DEC-2017,
OPTSTK,AXISBANK,28-Dec-2017,460,PE,0.15,0.15,0.15,0.15,0.15,1,5.52,34800,0,19-DEC-2017,
OPTSTK,AXISBANK,28-Dec-2017,470,PE,0.15,0.2,0.15,0.15,0.15,9,50.77,31200,-9600,19-DEC-2017,
OPTSTK,AXISBANK,28-Dec-2017,480,PE,0.3,0.3,0.15,0.2,0.2,7,40.33,109200,-7200,19-DEC-2017,
OPTSTK,AXISBANK,28-Dec-2017,490,PE,0,0,0,0.55,0.05,0,0,69600,0,19-DEC-2017,
OPTSTK,AXISBANK,28-Dec-2017,500,PE,0.8,0.8,0.4,0.4,0.4,98,588.7,298800,-6000,19-DEC-2017,
OPTSTK,AXISBANK,28-Dec-2017,510,PE,1.15,1.2,0.55,0.65,0.65,151,925.76,152400,-1200,19-DEC-2017,
OPTSTK,AXISBANK,28-Dec-2017,520,PE,2.1,2.1,0.9,1.1,1.1,277,1733.61,295200,8400,19-DEC-2017,
OPTSTK,AXISBANK,28-Dec-2017,530,PE,3.7,3.75,1.65,2,2,440,2813.32,394800,-4800,19-DEC-2017,
OPTSTK,AXISBANK,28-Dec-2017,540,PE,5.8,6.65,3.15,3.6,3.6,856,5599.52,667200,145200,19-DEC-2017,
OPTSTK,AXISBANK,28-Dec-2017,550,PE,10,11.1,5.55,6.45,6.45,757,5069.81,331200,134400,19-DEC-2017,
OPTSTK,AXISBANK,28-Dec-2017,560,PE,17,17,10,10.85,10.85,20,137.24,31200,1200,19-DEC-2017,
OPTSTK,AXISBANK,28-Dec-2017,570,PE,0,0,0,22.3,19.7,0,0,6000,0,19-DEC-2017,
OPTSTK,AXISBANK,28-Dec-2017,580,PE,0,0,0,38.25,27.65,0,0,6000,0,19-DEC-2017,
OPTSTK,AXISBANK,28-Dec-2017,590,PE,0,0,0,47.6,36.45,0,0,1200,0,19-DEC-2017,
OPTSTK,AXISBANK,28-Dec-2017,600,PE,0,0,0,57.15,45.85,0,0,14400,0,19-DEC-2017,
OPTSTK,AXISBANK,28-Dec-2017,610,PE,0,0,0,65,55.6,0,0,6000,0,19-DEC-2017,
OPTSTK,AXISBANK,28-Dec-2017,620,PE,0,0,0,58.15,65.45,0,0,2400,0,19-DEC-2017,
OPTSTK,AXISBANK,28-Dec-2017,630,PE,0,0,0,84.75,75.4,0,0,4800,0,19-DEC-2017,
OPTSTK,AXISBANK,28-Dec-2017,640,PE,0,0,0,119.9,85.4,0,0,0,0,19-DEC-2017,
OPTSTK,AXISBANK,28-Dec-2017,650,PE,0,0,0,129.35,95.35,0,0,0,0,19-DEC-2017,
OPTSTK,AXISBANK,28-Dec-2017,660,PE,0,0,0,138.9,105.35,0,0,0,0,19-DEC-2017,
OPTSTK,AXISBANK,25-Jan-2018,330,CE,0,0,0,162.1,225.8,0,0,0,0,19-DEC-2017,
OPTSTK,AXISBANK,25-Jan-2018,340,CE,0,0,0,153.15,215.9,0,0,0,0,19-DEC-2017,
OPTSTK,AXISBANK,25-Jan-2018,350,CE,0,0,0,144.3,205.95,0,0,0,0,19-DEC-2017,
OPTSTK,AXISBANK,25-Jan-2018,360,CE,0,0,0,135.75,196,0,0,0,0,19-DEC-2017,
OPTSTK,AXISBANK,25-Jan-2018,370,CE,0,0,0,127.35,186.1,0,0,0,0,19-DEC-2017,
OPTSTK,AXISBANK,25-Jan-2018,380,CE,0,0,0,119.25,176.15,0,0,0,0,19-DEC-2017,
OPTSTK,AXISBANK,25-Jan-2018,390,CE,0,0,0,111.45,166.2,0,0,0,0,19-DEC-2017,
OPTSTK,AXISBANK,25-Jan-2018,400,CE,0,0,0,103.9,156.25,0,0,0,0,19-DEC-2017,
OPTSTK,AXISBANK,25-Jan-2018,410,CE,0,0,0,96.65,146.35,0,0,0,0,19-DEC-2017,
OPTSTK,AXISBANK,25-Jan-2018,420,CE,0,0,0,89.75,136.4,0,0,0,0,19-DEC-2017,
OPTSTK,AXISBANK,25-Jan-2018,430,CE,0,0,0,83.1,126.5,0,0,0,0,19-DEC-2017,
OPTSTK,AXISBANK,25-Jan-2018,440,CE,0,0,0,76.85,116.6,0,0,0,0,19-DEC-2017,
OPTSTK,AXISBANK,25-Jan-2018,450,CE,0,0,0,70.9,106.75,0,0,0,0,19-DEC-2017,
OPTSTK,AXISBANK,25-Jan-2018,460,CE,0,0,0,65.3,96.95,0,0,0,0,19-DEC-2017,
OPTSTK,AXISBANK,25-Jan-2018,470,CE,0,0,0,60,87.3,0,0,0,0,19-DEC-2017,
OPTSTK,AXISBANK,25-Jan-2018,480,CE,0,0,0,55.05,77.85,0,0,0,0,19-DEC-2017,
OPTSTK,AXISBANK,25-Jan-2018,490,CE,0,0,0,50.4,68.6,0,0,0,0,19-DEC-2017,
OPTSTK,AXISBANK,25-Jan-2018,500,CE,0,0,0,46.1,59.75,0,0,0,0,19-DEC-2017,
OPTSTK,AXISBANK,25-Jan-2018,510,CE,0,0,0,42.05,51.35,0,0,0,0,19-DEC-2017,
OPTSTK,AXISBANK,25-Jan-2018,520,CE,0,0,0,38.3,43.45,0,0,0,0,19-DEC-2017,
OPTSTK,AXISBANK,25-Jan-2018,530,CE,0,0,0,28,36.25,0,0,6000,0,19-DEC-2017,
OPTSTK,AXISBANK,25-Jan-2018,540,CE,24,24,24,24,24,1,6.76,3600,1200,19-DEC-2017,
OPTSTK,AXISBANK,25-Jan-2018,550,CE,21,21,21,21,21,1,6.85,2400,0,19-DEC-2017,
OPTSTK,AXISBANK,25-Jan-2018,560,CE,17.05,18,15,17,17,7,48.39,15600,1200,19-DEC-2017,
OPTSTK,AXISBANK,25-Jan-2018,570,CE,12.5,14.9,12.5,14.9,14.9,2,14,4800,1200,19-DEC-2017,
OPTSTK,AXISBANK,25-Jan-2018,580,CE,8.95,11,8,11,11,11,77.86,18000,12000,19-DEC-2017,
OPTSTK,AXISBANK,25-Jan-2018,590,CE,0,0,0,8,8.55,0,0,2400,0,19-DEC-2017,
OPTSTK,AXISBANK,25-Jan-2018,600,CE,5.9,6.9,5.9,6.15,6.15,7,50.94,9600,4800,19-DEC-2017,
OPTSTK,AXISBANK,25-Jan-2018,610,CE,0,0,0,15.55,4.6,0,0,0,0,19-DEC-2017,
OPTSTK,AXISBANK,25-Jan-2018,620,CE,0,0,0,14,3.3,0,0,0,0,19-DEC-2017,
OPTSTK,AXISBANK,25-Jan-2018,630,CE,0,0,0,12.6,2.3,0,0,0,0,19-DEC-2017,
OPTSTK,AXISBANK,25-Jan-2018,640,CE,0,0,0,11.3,1.6,0,0,0,0,19-DEC-2017,
OPTSTK,AXISBANK,25-Jan-2018,650,CE,0,0,0,10.1,1.1,0,0,0,0,19-DEC-2017,
OPTSTK,AXISBANK,25-Jan-2018,660,CE,0,0,0,9.05,0.75,0,0,0,0,19-DEC-2017,
OPTSTK,AXISBANK,25-Jan-2018,330,PE,0,0,0,2.65,0,0,0,0,0,19-DEC-2017,
OPTSTK,AXISBANK,25-Jan-2018,340,PE,0,0,0,3.5,0,0,0,0,0,19-DEC-2017,
OPTSTK,AXISBANK,25-Jan-2018,350,PE,0,0,0,4.55,0,0,0,0,0,19-DEC-2017,
OPTSTK,AXISBANK,25-Jan-2018,360,PE,0,0,0,5.8,0,0,0,0,0,19-DEC-2017,
OPTSTK,AXISBANK,25-Jan-2018,370,PE,0,0,0,7.25,0,0,0,0,0,19-DEC-2017,
OPTSTK,AXISBANK,25-Jan-2018,380,PE,0,0,0,9,0,0,0,0,0,19-DEC-2017,
OPTSTK,AXISBANK,25-Jan-2018,390,PE,0,0,0,11,0,0,0,0,0,19-DEC-2017,
OPTSTK,AXISBANK,25-Jan-2018,400,PE,0,0,0,13.3,0,0,0,0,0,19-DEC-2017,
OPTSTK,AXISBANK,25-Jan-2018,410,PE,0,0,0,15.95,0,0,0,0,0,19-DEC-2017,
OPTSTK,AXISBANK,25-Jan-2018,420,PE,0,0,0,18.85,0.05,0,0,0,0,19-DEC-2017,
OPTSTK,AXISBANK,25-Jan-2018,430,PE,0,0,0,22.05,0.05,0,0,0,0,19-DEC-2017,
OPTSTK,AXISBANK,25-Jan-2018,440,PE,0,0,0,25.65,0.1,0,0,0,0,19-DEC-2017,
OPTSTK,AXISBANK,25-Jan-2018,450,PE,0,0,0,29.55,0.2,0,0,0,0,19-DEC-2017,
OPTSTK,AXISBANK,25-Jan-2018,460,PE,0,0,0,33.75,0.35,0,0,0,0,19-DEC-2017,
OPTSTK,AXISBANK,25-Jan-2018,470,PE,0,0,0,38.35,0.6,0,0,0,0,19-DEC-2017,
OPTSTK,AXISBANK,25-Jan-2018,480,PE,0,0,0,3,1.05,0,0,1200,0,19-DEC-2017,
OPTSTK,AXISBANK,25-Jan-2018,490,PE,0,0,0,48.45,1.75,0,0,0,0,19-DEC-2017,
OPTSTK,AXISBANK,25-Jan-2018,500,PE,0,0,0,7.3,2.85,0,0,1200,0,19-DEC-2017,
OPTSTK,AXISBANK,25-Jan-2018,510,PE,0,0,0,6.8,4.35,0,0,2400,0,19-DEC-2017,
OPTSTK,AXISBANK,25-Jan-2018,520,PE,7.5,8.3,7,7,7,13,82.32,9600,1200,19-DEC-2017,
OPTSTK,AXISBANK,25-Jan-2018,530,PE,11,11,11,11,11,5,32.46,6000,6000,19-DEC-2017,
OPTSTK,AXISBANK,25-Jan-2018,540,PE,0,0,0,16.4,12.55,0,0,1200,0,19-DEC-2017,
OPTSTK,AXISBANK,25-Jan-2018,550,PE,0,0,0,21,16.75,0,0,1200,0,19-DEC-2017,
OPTSTK,AXISBANK,25-Jan-2018,560,PE,0,0,0,23,21.75,0,0,1200,0,19-DEC-2017,
OPTSTK,AXISBANK,25-Jan-2018,570,PE,0,0,0,100.3,27.45,0,0,0,0,19-DEC-2017,
OPTSTK,AXISBANK,25-Jan-2018,580,PE,0,0,0,107.9,33.95,0,0,0,0,19-DEC-2017,
OPTSTK,AXISBANK,25-Jan-2018,590,PE,0,0,0,115.65,41.1,0,0,0,0,19-DEC-2017,
OPTSTK,AXISBANK,25-Jan-2018,600,PE,0,0,0,123.6,48.75,0,0,0,0,19-DEC-2017,
OPTSTK,AXISBANK,25-Jan-2018,610,PE,0,0,0,59,57,0,0,1200,0,19-DEC-2017,
OPTSTK,AXISBANK,25-Jan-2018,620,PE,0,0,0,140,65.6,0,0,0,0,19-DEC-2017,
OPTSTK,AXISBANK,25-Jan-2018,630,PE,0,0,0,148.4,74.55,0,0,0,0,19-DEC-2017,
OPTSTK,AXISBANK,25-Jan-2018,640,PE,0,0,0,156.95,83.8,0,0,0,0,19-DEC-2017,
OPTSTK,AXISBANK,25-Jan-2018,650,PE,0,0,0,165.65,93.2,0,0,0,0,19-DEC-2017,
OPTSTK,AXISBANK,25-Jan-2018,660,PE,0,0,0,174.4,102.8,0,0,0,0,19-DEC-2017,
OPTSTK,AXISBANK,22-Feb-2018,340,CE,0,0,0,200.55,217.55,0,0,0,0,19-DEC-2017,
OPTSTK,AXISBANK,22-Feb-2018,350,CE,0,0,0,190.8,207.65,0,0,0,0,19-DEC-2017,
OPTSTK,AXISBANK,22-Feb-2018,360,CE,0,0,0,181.1,197.8,0,0,0,0,19-DEC-2017,
OPTSTK,AXISBANK,22-Feb-2018,370,CE,0,0,0,171.45,187.9,0,0,0,0,19-DEC-2017,
OPTSTK,AXISBANK,22-Feb-2018,380,CE,0,0,0,161.9,178,0,0,0,0,19-DEC-2017,
OPTSTK,AXISBANK,22-Feb-2018,390,CE,0,0,0,152.45,168.15,0,0,0,0,19-DEC-2017,
OPTSTK,AXISBANK,22-Feb-2018,400,CE,0,0,0,143.15,158.3,0,0,0,0,19-DEC-2017,
OPTSTK,AXISBANK,22-Feb-2018,410,CE,0,0,0,134,148.45,0,0,0,0,19-DEC-2017,
OPTSTK,AXISBANK,22-Feb-2018,420,CE,0,0,0,125.05,138.65,0,0,0,0,19-DEC-2017,
OPTSTK,AXISBANK,22-Feb-2018,430,CE,0,0,0,116.3,128.9,0,0,0,0,19-DEC-2017,
OPTSTK,AXISBANK,22-Feb-2018,440,CE,0,0,0,107.8,119.2,0,0,0,0,19-DEC-2017,
OPTSTK,AXISBANK,22-Feb-2018,450,CE,0,0,0,99.6,109.7,0,0,0,0,19-DEC-2017,
OPTSTK,AXISBANK,22-Feb-2018,460,CE,0,0,0,91.7,100.3,0,0,0,0,19-DEC-2017,
OPTSTK,AXISBANK,22-Feb-2018,470,CE,0,0,0,84.15,91.1,0,0,0,0,19-DEC-2017,
OPTSTK,AXISBANK,22-Feb-2018,480,CE,0,0,0,76.9,82.2,0,0,0,0,19-DEC-2017,
OPTSTK,AXISBANK,22-Feb-2018,490,CE,0,0,0,70.05,73.6,0,0,0,0,19-DEC-2017,
OPTSTK,AXISBANK,22-Feb-2018,500,CE,0,0,0,63.6,65.4,0,0,0,0,19-DEC-2017,
OPTSTK,AXISBANK,22-Feb-2018,510,CE,0,0,0,57.5,57.65,0,0,0,0,19-DEC-2017,
OPTSTK,AXISBANK,22-Feb-2018,520,CE,0,0,0,51.85,50.4,0,0,0,0,19-DEC-2017,
OPTSTK,AXISBANK,22-Feb-2018,530,CE,0,0,0,46.55,43.65,0,0,0,0,19-DEC-2017,
OPTSTK,AXISBANK,22-Feb-2018,540,CE,0,0,0,27.05,37.5,0,0,1200,0,19-DEC-2017,
OPTSTK,AXISBANK,22-Feb-2018,550,CE,0,0,0,37.2,31.9,0,0,0,0,19-DEC-2017,
OPTSTK,AXISBANK,22-Feb-2018,560,CE,0,0,0,33.1,26.9,0,0,0,0,19-DEC-2017,
OPTSTK,AXISBANK,22-Feb-2018,570,CE,0,0,0,29.3,22.5,0,0,0,0,19-DEC-2017,
OPTSTK,AXISBANK,22-Feb-2018,580,CE,0,0,0,25.9,18.65,0,0,0,0,19-DEC-2017,
OPTSTK,AXISBANK,22-Feb-2018,590,CE,0,0,0,22.8,15.3,0,0,0,0,19-DEC-2017,
OPTSTK,AXISBANK,22-Feb-2018,600,CE,0,0,0,20.05,12.45,0,0,0,0,19-DEC-2017,
OPTSTK,AXISBANK,22-Feb-2018,610,CE,0,0,0,17.6,10.05,0,0,0,0,19-DEC-2017,
OPTSTK,AXISBANK,22-Feb-2018,620,CE,0,0,0,15.35,8.05,0,0,0,0,19-DEC-2017,
OPTSTK,AXISBANK,22-Feb-2018,630,CE,0,0,0,13.35,6.35,0,0,0,0,19-DEC-2017,
OPTSTK,AXISBANK,22-Feb-2018,640,CE,0,0,0,11.6,5,0,0,0,0,19-DEC-2017,
OPTSTK,AXISBANK,22-Feb-2018,650,CE,0,0,0,10.05,3.9,0,0,0,0,19-DEC-2017,
OPTSTK,AXISBANK,22-Feb-2018,660,CE,0,0,0,8.7,3.05,0,0,0,0,19-DEC-2017,
OPTSTK,AXISBANK,22-Feb-2018,340,PE,0,0,0,0.2,0,0,0,0,0,19-DEC-2017,
OPTSTK,AXISBANK,22-Feb-2018,350,PE,0,0,0,0.3,0,0,0,0,0,19-DEC-2017,
OPTSTK,AXISBANK,22-Feb-2018,360,PE,0,0,0,0.45,0,0,0,0,0,19-DEC-2017,
OPTSTK,AXISBANK,22-Feb-2018,370,PE,0,0,0,0.65,0,0,0,0,0,19-DEC-2017,
OPTSTK,AXISBANK,22-Feb-2018,380,PE,0,0,0,0.95,0.05,0,0,0,0,19-DEC-2017,
OPTSTK,AXISBANK,22-Feb-2018,390,PE,0,0,0,1.35,0.05,0,0,0,0,19-DEC-2017,
OPTSTK,AXISBANK,22-Feb-2018,400,PE,0,0,0,1.9,0.05,0,0,0,0,19-DEC-2017,
OPTSTK,AXISBANK,22-Feb-2018,410,PE,0,0,0,2.6,0.1,0,0,0,0,19-DEC-2017,
OPTSTK,AXISBANK,22-Feb-2018,420,PE,0,0,0,3.5,0.2,0,0,0,0,19-DEC-2017,
OPTSTK,AXISBANK,22-Feb-2018,430,PE,0,0,0,4.6,0.35,0,0,0,0,19-DEC-2017,
OPTSTK,AXISBANK,22-Feb-2018,440,PE,0,0,0,6,0.55,0,0,0,0,19-DEC-2017,
OPTSTK,AXISBANK,22-Feb-2018,450,PE,0,0,0,7.65,0.9,0,0,0,0,19-DEC-2017,
OPTSTK,AXISBANK,22-Feb-2018,460,PE,0,0,0,9.6,1.4,0,0,0,0,19-DEC-2017,
OPTSTK,AXISBANK,22-Feb-2018,470,PE,0,0,0,11.9,2.1,0,0,0,0,19-DEC-2017,
OPTSTK,AXISBANK,22-Feb-2018,480,PE,0,0,0,14.5,3.1,0,0,0,0,19-DEC-2017,
OPTSTK,AXISBANK,22-Feb-2018,490,PE,0,0,0,17.5,4.4,0,0,0,0,19-DEC-2017,
OPTSTK,AXISBANK,22-Feb-2018,500,PE,0,0,0,20.9,6.05,0,0,0,0,19-DEC-2017,
OPTSTK,AXISBANK,22-Feb-2018,510,PE,0,0,0,24.7,8.2,0,0,0,0,19-DEC-2017,
OPTSTK,AXISBANK,22-Feb-2018,520,PE,0,0,0,28.85,10.85,0,0,0,0,19-DEC-2017,
OPTSTK,AXISBANK,22-Feb-2018,530,PE,0,0,0,33.45,13.95,0,0,0,0,19-DEC-2017,
OPTSTK,AXISBANK,22-Feb-2018,540,PE,0,0,0,38.4,17.7,0,0,0,0,19-DEC-2017,
OPTSTK,AXISBANK,22-Feb-2018,550,PE,0,0,0,43.8,22,0,0,0,0,19-DEC-2017,
OPTSTK,AXISBANK,22-Feb-2018,560,PE,0,0,0,49.5,26.9,0,0,0,0,19-DEC-2017,
OPTSTK,AXISBANK,22-Feb-2018,570,PE,0,0,0,55.6,32.35,0,0,0,0,19-DEC-2017,
OPTSTK,AXISBANK,22-Feb-2018,580,PE,0,0,0,62.05,38.35,0,0,0,0,19-DEC-2017,
OPTSTK,AXISBANK,22-Feb-2018,590,PE,0,0,0,68.8,44.9,0,0,0,0,19-DEC-2017,
OPTSTK,AXISBANK,22-Feb-2018,600,PE,0,0,0,75.9,51.95,0,0,0,0,19-DEC-2017,
OPTSTK,AXISBANK,22-Feb-2018,610,PE,0,0,0,83.3,59.45,0,0,0,0,19-DEC-2017,
OPTSTK,AXISBANK,22-Feb-2018,620,PE,0,0,0,90.9,67.3,0,0,0,0,19-DEC-2017,
OPTSTK,AXISBANK,22-Feb-2018,630,PE,0,0,0,98.8,75.55,0,0,0,0,19-DEC-2017,
OPTSTK,AXISBANK,22-Feb-2018,640,PE,0,0,0,106.9,84.05,0,0,0,0,19-DEC-2017,
OPTSTK,AXISBANK,22-Feb-2018,650,PE,0,0,0,115.2,92.85,0,0,0,0,19-DEC-2017,
OPTSTK,AXISBANK,22-Feb-2018,660,PE,0,0,0,123.65,101.85,0,0,0,0,19-DEC-2017,
OPTSTK,BAJAJ-AUTO,28-Dec-2017,2050,CE,0,0,0,1021.4,1273,0,0,0,0,19-DEC-2017,
OPTSTK,BAJAJ-AUTO,28-Dec-2017,2100,CE,0,0,0,972.25,1223.1,0,0,0,0,19-DEC-2017,
OPTSTK,BAJAJ-AUTO,28-Dec-2017,2150,CE,0,0,0,923.1,1173.15,0,0,0,0,19-DEC-2017,
OPTSTK,BAJAJ-AUTO,28-Dec-2017,2200,CE,0,0,0,874.05,1123.25,0,0,0,0,19-DEC-2017,
OPTSTK,BAJAJ-AUTO,28-Dec-2017,2250,CE,0,0,0,825.15,1073.3,0,0,0,0,19-DEC-2017,
OPTSTK,BAJAJ-AUTO,28-Dec-2017,2300,CE,0,0,0,776.35,1023.4,0,0,0,0,19-DEC-2017,
OPTSTK,BAJAJ-AUTO,28-Dec-2017,2350,CE,0,0,0,727.85,973.45,0,0,0,0,19-DEC-2017,
OPTSTK,BAJAJ-AUTO,28-Dec-2017,2400,CE,0,0,0,679.75,923.55,0,0,0,0,19-DEC-2017,
OPTSTK,BAJAJ-AUTO,28-Dec-2017,2450,CE,0,0,0,632.1,873.65,0,0,0,0,19-DEC-2017,
OPTSTK,BAJAJ-AUTO,28-Dec-2017,2500,CE,0,0,0,585.15,823.7,0,0,0,0,19-DEC-2017,
OPTSTK,BAJAJ-AUTO,28-Dec-2017,2550,CE,0,0,0,539.05,773.8,0,0,0,0,19-DEC-2017,
OPTSTK,BAJAJ-AUTO,28-Dec-2017,2600,CE,0,0,0,494.05,723.85,0,0,0,0,19-DEC-2017,
OPTSTK,BAJAJ-AUTO,28-Dec-2017,2650,CE,0,0,0,450.3,673.95,0,0,0,0,19-DEC-2017,
OPTSTK,BAJAJ-AUTO,28-Dec-2017,2700,CE,0,0,0,408.05,624,0,0,0,0,19-DEC-2017,
OPTSTK,BAJAJ-AUTO,28-Dec-2017,2750,CE,0,0,0,367.55,574.1,0,0,0,0,19-DEC-2017,
OPTSTK,BAJAJ-AUTO,28-Dec-2017,2800,CE,0,0,0,329.05,524.15,0,0,0,0,19-DEC-2017,
OPTSTK,BAJAJ-AUTO,28-Dec-2017,2850,CE,0,0,0,292.75,474.25,0,0,0,0,19-DEC-2017,
OPTSTK,BAJAJ-AUTO,28-Dec-2017,2900,CE,0,0,0,258.55,424.35,0,0,0,0,19-DEC-2017,
OPTSTK,BAJAJ-AUTO,28-Dec-2017,2950,CE,0,0,0,230,374.45,0,0,750,0,19-DEC-2017,
OPTSTK,BAJAJ-AUTO,28-Dec-2017,3000,CE,0,0,0,320,324.7,0,0,250,0,19-DEC-2017,
OPTSTK,BAJAJ-AUTO,28-Dec-2017,3050,CE,0,0,0,171.3,275.25,0,0,0,0,19-DEC-2017,
OPTSTK,BAJAJ-AUTO,28-Dec-2017,3100,CE,0,0,0,98,226.7,0,0,2250,0,19-DEC-2017,
OPTSTK,BAJAJ-AUTO,28-Dec-2017,3150,CE,115.2,150,115.2,150,150,4,32.77,4000,-250,19-DEC-2017,
OPTSTK,BAJAJ-AUTO,28-Dec-2017,3200,CE,80.95,132,79.9,124.8,124.8,56,460.77,25000,-2750,19-DEC-2017,
OPTSTK,BAJAJ-AUTO,28-Dec-2017,3250,CE,42.1,94.6,42.1,86.5,86.5,288,2384.19,10250,-18750,19-DEC-2017,
OPTSTK,BAJAJ-AUTO,28-Dec-2017,3300,CE,26.65,62.35,26.45,55.45,55.45,1024,8557.55,53000,-39250,19-DEC-2017,
OPTSTK,BAJAJ-AUTO,28-Dec-2017,3350,CE,19.5,38.6,15.85,32.85,32.85,374,3157.03,31250,-17750,19-DEC-2017,
OPTSTK,BAJAJ-AUTO,28-Dec-2017,3400,CE,10,22.4,8.55,18.85,18.85,478,4082.43,72000,-19750,19-DEC-2017,
OPTSTK,BAJAJ-AUTO,28-Dec-2017,3450,CE,6.4,11.35,5.8,10.9,10.9,29,250.73,13000,-500,19-DEC-2017,
OPTSTK,BAJAJ-AUTO,28-Dec-2017,3500,CE,3.95,7,3.5,5.85,5.85,91,797.42,60000,-750,19-DEC-2017,
OPTSTK,BAJAJ-AUTO,28-Dec-2017,3550,CE,0,0,0,3,2.95,0,0,4500,0,19-DEC-2017,
OPTSTK,BAJAJ-AUTO,28-Dec-2017,3600,CE,0,0,0,3,1.25,0,0,5250,0,19-DEC-2017,
OPTSTK,BAJAJ-AUTO,28-Dec-2017,3650,CE,0,0,0,8,0.5,0,0,1500,0,19-DEC-2017,
OPTSTK,BAJAJ-AUTO,28-Dec-2017,3700,CE,0,0,0,14.35,0.2,0,0,0,0,19-DEC-2017,
OPTSTK,BAJAJ-AUTO,28-Dec-2017,3750,CE,0,0,0,11.35,0.05,0,0,0,0,19-DEC-2017,
OPTSTK,BAJAJ-AUTO,28-Dec-2017,3800,CE,0,0,0,8.95,0.05,0,0,0,0,19-DEC-2017,
OPTSTK,BAJAJ-AUTO,28-Dec-2017,2050,PE,0,0,0,0.05,0,0,0,0,0,19-DEC-2017,
OPTSTK,BAJAJ-AUTO,28-Dec-2017,2100,PE,0,0,0,0.1,0,0,0,0,0,19-DEC-2017,
OPTSTK,BAJAJ-AUTO,28-Dec-2017,2150,PE,0,0,0,0.2,0,0,0,0,0,19-DEC-2017,
OPTSTK,BAJAJ-AUTO,28-Dec-2017,2200,PE,0,0,0,0.4,0,0,0,0,0,19-DEC-2017,
OPTSTK,BAJAJ-AUTO,28-Dec-2017,2250,PE,0,0,0,0.65,0,0,0,0,0,19-DEC-2017,
OPTSTK,BAJAJ-AUTO,28-Dec-2017,2300,PE,0,0,0,1.15,0,0,0,0,0,19-DEC-2017,
OPTSTK,BAJAJ-AUTO,28-Dec-2017,2350,PE,0,0,0,1.85,0,0,0,0,0,19-DEC-2017,
OPTSTK,BAJAJ-AUTO,28-Dec-2017,2400,PE,0,0,0,2.95,0,0,0,0,0,19-DEC-2017,
OPTSTK,BAJAJ-AUTO,28-Dec-2017,2450,PE,0,0,0,4.55,0,0,0,0,0,19-DEC-2017,
OPTSTK,BAJAJ-AUTO,28-Dec-2017,2500,PE,0,0,0,6.8,0,0,0,0,0,19-DEC-2017,
OPTSTK,BAJAJ-AUTO,28-Dec-2017,2550,PE,0,0,0,9.95,0,0,0,0,0,19-DEC-2017,
OPTSTK,BAJAJ-AUTO,28-Dec-2017,2600,PE,0,0,0,14.15,0,0,0,0,0,19-DEC-2017,
OPTSTK,BAJAJ-AUTO,28-Dec-2017,2650,PE,0,0,0,19.6,0,0,0,0,0,19-DEC-2017,
OPTSTK,BAJAJ-AUTO,28-Dec-2017,2700,PE,0,0,0,26.6,0,0,0,0,0,19-DEC-2017,
OPTSTK,BAJAJ-AUTO,28-Dec-2017,2750,PE,0,0,0,35.35,0,0,0,0,0,19-DEC-2017,
OPTSTK,BAJAJ-AUTO,28-Dec-2017,2800,PE,0,0,0,46.05,0,0,0,0,0,19-DEC-2017,
OPTSTK,BAJAJ-AUTO,28-Dec-2017,2850,PE,0,0,0,58.95,0,0,0,0,0,19-DEC-2017,
OPTSTK,BAJAJ-AUTO,28-Dec-2017,2900,PE,0,0,0,4.05,0.05,0,0,10750,0,19-DEC-2017,
OPTSTK,BAJAJ-AUTO,28-Dec-2017,2950,PE,0,0,0,8.6,0.05,0,0,2750,0,19-DEC-2017,
OPTSTK,BAJAJ-AUTO,28-Dec-2017,3000,PE,0.85,2,0.85,1,1,15,112.55,20250,-250,19-DEC-2017,
OPTSTK,BAJAJ-AUTO,28-Dec-2017,3050,PE,2.3,3.25,2,2,2,15,114.47,10250,250,19-DEC-2017,
OPTSTK,BAJAJ-AUTO,28-Dec-2017,3100,PE,6.9,6.9,3,3.5,3.5,119,923.62,27500,-4000,19-DEC-2017,
OPTSTK,BAJAJ-AUTO,28-Dec-2017,3150,PE,14.45,14.45,5.1,6.15,6.15,83,655.61,10250,-1500,19-DEC-2017,
OPTSTK,BAJAJ-AUTO,28-Dec-2017,3200,PE,27.85,27.85,10,11.6,11.6,191,1535.84,33500,4000,19-DEC-2017,
OPTSTK,BAJAJ-AUTO,28-Dec-2017,3250,PE,36.95,43.5,19,22.4,22.4,106,869.34,15500,8250,19-DEC-2017,
OPTSTK,BAJAJ-AUTO,28-Dec-2017,3300,PE,67.6,67.6,36,40.65,40.65,117,978.39,23250,5500,19-DEC-2017,
OPTSTK,BAJAJ-AUTO,28-Dec-2017,3350,PE,95.3,95.3,77.55,77.55,77.55,2,17.18,3000,-250,19-DEC-2017,
OPTSTK,BAJAJ-AUTO,28-Dec-2017,3400,PE,0,0,0,179.05,99.15,0,0,500,0,19-DEC-2017,
OPTSTK,BAJAJ-AUTO,28-Dec-2017,3450,PE,0,0,0,399.25,137.9,0,0,0,0,19-DEC-2017,
OPTSTK,BAJAJ-AUTO,28-Dec-2017,3500,PE,0,0,0,440.65,181.25,0,0,0,0,19-DEC-2017,
OPTSTK,BAJAJ-AUTO,28-Dec-2017,3550,PE,0,0,0,229.15,227.65,0,0,500,0,19-DEC-2017,
OPTSTK,BAJAJ-AUTO,28-Dec-2017,3600,PE,0,0,0,527.1,275.85,0,0,0,0,19-DEC-2017,
OPTSTK,BAJAJ-AUTO,28-Dec-2017,3650,PE,0,0,0,571.8,325,0,0,0,0,19-DEC-2017,
OPTSTK,BAJAJ-AUTO,28-Dec-2017,3700,PE,0,0,0,617.35,374.65,0,0,0,0,19-DEC-2017,
OPTSTK,BAJAJ-AUTO,28-Dec-2017,3750,PE,0,0,0,663.6,424.45,0,0,0,0,19-DEC-2017,
OPTSTK,BAJAJ-AUTO,28-Dec-2017,3800,PE,0,0,0,710.4,474.35,0,0,0,0,19-DEC-2017,
OPTSTK,BAJAJ-AUTO,25-Jan-2018,2300,CE,0,0,0,1019.5,1034.8,0,0,0,0,19-DEC-2017,
OPTSTK,BAJAJ-AUTO,25-Jan-2018,2350,CE,0,0,0,970.3,985.1,0,0,0,0,19-DEC-2017,
OPTSTK,BAJAJ-AUTO,25-Jan-2018,2400,CE,0,0,0,921.15,935.45,0,0,0,0,19-DEC-2017,
OPTSTK,BAJAJ-AUTO,25-Jan-2018,2450,CE,0,0,0,872,885.75,0,0,0,0,19-DEC-2017,
OPTSTK,BAJAJ-AUTO,25-Jan-2018,2500,CE,0,0,0,822.95,836.1,0,0,0,0,19-DEC-2017,
OPTSTK,BAJAJ-AUTO,25-Jan-2018,2550,CE,0,0,0,774,786.45,0,0,0,0,19-DEC-2017,
OPTSTK,BAJAJ-AUTO,25-Jan-2018,2600,CE,0,0,0,725.2,736.8,0,0,0,0,19-DEC-2017,
OPTSTK,BAJAJ-AUTO,25-Jan-2018,2650,CE,0,0,0,676.7,687.2,0,0,0,0,19-DEC-2017,
OPTSTK,BAJAJ-AUTO,25-Jan-2018,2700,CE,0,0,0,628.6,637.7,0,0,0,0,19-DEC-2017,
OPTSTK,BAJAJ-AUTO,25-Jan-2018,2750,CE,0,0,0,581,588.4,0,0,0,0,19-DEC-2017,
OPTSTK,BAJAJ-AUTO,25-Jan-2018,2800,CE,0,0,0,534.1,539.3,0,0,0,0,19-DEC-2017,
OPTSTK,BAJAJ-AUTO,25-Jan-2018,2850,CE,0,0,0,488.2,490.7,0,0,0,0,19-DEC-2017,
OPTSTK,BAJAJ-AUTO,25-Jan-2018,2900,CE,0,0,0,443.4,442.8,0,0,0,0,19-DEC-2017,
OPTSTK,BAJAJ-AUTO,25-Jan-2018,2950,CE,0,0,0,250,395.85,0,0,500,0,19-DEC-2017,
OPTSTK,BAJAJ-AUTO,25-Jan-2018,3000,CE,0,0,0,358.45,350.3,0,0,0,0,19-DEC-2017,
OPTSTK,BAJAJ-AUTO,25-Jan-2018,3050,CE,0,0,0,318.8,306.5,0,0,0,0,19-DEC-2017,
OPTSTK,BAJAJ-AUTO,25-Jan-2018,3100,CE,0,0,0,281.45,264.9,0,0,0,0,19-DEC-2017,
OPTSTK,BAJAJ-AUTO,25-Jan-2018,3150,CE,0,0,0,246.3,225.95,0,0,0,0,19-DEC-2017,
OPTSTK,BAJAJ-AUTO,25-Jan-2018,3200,CE,0,0,0,105,190.05,0,0,500,0,19-DEC-2017,
OPTSTK,BAJAJ-AUTO,25-Jan-2018,3250,CE,0,0,0,92,157.55,0,0,500,0,19-DEC-2017,
OPTSTK,BAJAJ-AUTO,25-Jan-2018,3300,CE,95,112,89,112,112,12,101.88,1500,1000,19-DEC-2017,
OPTSTK,BAJAJ-AUTO,25-Jan-2018,3350,CE,0,0,0,40,103.35,0,0,0,0,19-DEC-2017,
OPTSTK,BAJAJ-AUTO,25-Jan-2018,3400,CE,0,0,0,30,81.75,0,0,500,0,19-DEC-2017,
OPTSTK,BAJAJ-AUTO,25-Jan-2018,3450,CE,45,45,45,45,45,1,8.73,250,250,19-DEC-2017,
OPTSTK,BAJAJ-AUTO,25-Jan-2018,3500,CE,0,0,0,17,48.65,0,0,250,0,19-DEC-2017,
OPTSTK,BAJAJ-AUTO,25-Jan-2018,3550,CE,0,0,0,62.55,36.7,0,0,0,0,19-DEC-2017,
OPTSTK,BAJAJ-AUTO,25-Jan-2018,3600,CE,0,0,0,50.85,27.2,0,0,0,0,19-DEC-2017,
OPTSTK,BAJAJ-AUTO,25-Jan-2018,3650,CE,0,0,0,40.75,19.8,0,0,0,0,19-DEC-2017,
OPTSTK,BAJAJ-AUTO,25-Jan-2018,3700,CE,0,0,0,32.5,14.2,0,0,0,0,19-DEC-2017,
OPTSTK,BAJAJ-AUTO,25-Jan-2018,3750,CE,0,0,0,25.65,10,0,0,0,0,19-DEC-2017,
OPTSTK,BAJAJ-AUTO,25-Jan-2018,3800,CE,0,0,0,20.1,6.95,0,0,0,0,19-DEC-2017,
OPTSTK,BAJAJ-AUTO,25-Jan-2018,2300,PE,0,0,0,0.05,0,0,0,0,0,19-DEC-2017,
OPTSTK,BAJAJ-AUTO,25-Jan-2018,2350,PE,0,0,0,0.05,0,0,0,0,0,19-DEC-2017,
OPTSTK,BAJAJ-AUTO,25-Jan-2018,2400,PE,0,0,0,0.1,0,0,0,0,0,19-DEC-2017,
OPTSTK,BAJAJ-AUTO,25-Jan-2018,2450,PE,0,0,0,0.2,0,0,0,0,0,19-DEC-2017,
OPTSTK,BAJAJ-AUTO,25-Jan-2018,2500,PE,0,0,0,0.35,0.05,0,0,0,0,19-DEC-2017,
OPTSTK,BAJAJ-AUTO,25-Jan-2018,2550,PE,0,0,0,0.6,0.05,0,0,0,0,19-DEC-2017,
OPTSTK,BAJAJ-AUTO,25-Jan-2018,2600,PE,0,0,0,1.05,0.1,0,0,0,0,19-DEC-2017,
OPTSTK,BAJAJ-AUTO,25-Jan-2018,2650,PE,0,0,0,1.75,0.15,0,0,0,0,19-DEC-2017,
OPTSTK,BAJAJ-AUTO,25-Jan-2018,2700,PE,0,0,0,2.85,0.35,0,0,0,0,19-DEC-2017,
OPTSTK,BAJAJ-AUTO,25-Jan-2018,2750,PE,0,0,0,4.45,0.7,0,0,0,0,19-DEC-2017,
OPTSTK,BAJAJ-AUTO,25-Jan-2018,2800,PE,0,0,0,6.8,1.3,0,0,0,0,19-DEC-2017,
OPTSTK,BAJAJ-AUTO,25-Jan-2018,2850,PE,0,0,0,10.1,2.35,0,0,0,0,19-DEC-2017,
OPTSTK,BAJAJ-AUTO,25-Jan-2018,2900,PE,0,0,0,14.55,4.1,0,0,0,0,19-DEC-2017,
OPTSTK,BAJAJ-AUTO,25-Jan-2018,2950,PE,0,0,0,20.45,6.85,0,0,0,0,19-DEC-2017,
OPTSTK,BAJAJ-AUTO,25-Jan-2018,3000,PE,0,0,0,16.9,10.95,0,0,250,0,19-DEC-2017,
OPTSTK,BAJAJ-AUTO,25-Jan-2018,3050,PE,16.2,16.2,16.2,16.2,16.2,2,15.33,500,500,19-DEC-2017,
OPTSTK,BAJAJ-AUTO,25-Jan-2018,3100,PE,30,35,20,22.4,22.4,25,195.42,6000,5250,19-DEC-2017,
OPTSTK,BAJAJ-AUTO,25-Jan-2018,3150,PE,0,0,0,63.5,35.65,0,0,0,0,19-DEC-2017,
OPTSTK,BAJAJ-AUTO,25-Jan-2018,3200,PE,55,58,50.65,50.65,50.65,3,24.4,1750,750,19-DEC-2017,
OPTSTK,BAJAJ-AUTO,25-Jan-2018,3250,PE,0,0,0,99.75,66.6,0,0,0,0,19-DEC-2017,
OPTSTK,BAJAJ-AUTO,25-Jan-2018,3300,PE,0,0,0,122.05,87.35,0,0,0,0,19-DEC-2017,
OPTSTK,BAJAJ-AUTO,25-Jan-2018,3350,PE,134.55,134.55,134.55,134.55,134.55,2,17.42,500,500,19-DEC-2017,
OPTSTK,BAJAJ-AUTO,25-Jan-2018,3400,PE,0,0,0,174.9,139.85,0,0,0,0,19-DEC-2017,
OPTSTK,BAJAJ-AUTO,25-Jan-2018,3450,PE,0,0,0,205.3,171.35,0,0,0,0,19-DEC-2017,
OPTSTK,BAJAJ-AUTO,25-Jan-2018,3500,PE,0,0,0,238.25,206.1,0,0,0,0,19-DEC-2017,
OPTSTK,BAJAJ-AUTO,25-Jan-2018,3550,PE,0,0,0,273.45,243.8,0,0,0,0,19-DEC-2017,
OPTSTK,BAJAJ-AUTO,25-Jan-2018,3600,PE,0,0,0,311,283.95,0,0,0,0,19-DEC-2017,
OPTSTK,BAJAJ-AUTO,25-Jan-2018,3650,PE,0,0,0,350.1,326.25,0,0,0,0,19-DEC-2017,
OPTSTK,BAJAJ-AUTO,25-Jan-2018,3700,PE,0,0,0,391.05,370.3,0,0,0,0,19-DEC-2017,
OPTSTK,BAJAJ-AUTO,25-Jan-2018,3750,PE,0,0,0,433.45,415.8,0,0,0,0,19-DEC-2017,
OPTSTK,BAJAJ-AUTO,25-Jan-2018,3800,PE,0,0,0,477.1,462.4,0,0,0,0,19-DEC-2017,
OPTSTK,BAJAJ-AUTO,22-Feb-2018,2300,CE,0,0,0,1039.05,1046.05,0,0,0,0,19-DEC-2017,
OPTSTK,BAJAJ-AUTO,22-Feb-2018,2350,CE,0,0,0,989.75,996.65,0,0,0,0,19-DEC-2017,
OPTSTK,BAJAJ-AUTO,22-Feb-2018,2400,CE,0,0,0,940.5,947.25,0,0,0,0,19-DEC-2017,
OPTSTK,BAJAJ-AUTO,22-Feb-2018,2450,CE,0,0,0,891.25,897.9,0,0,0,0,19-DEC-2017,
OPTSTK,BAJAJ-AUTO,22-Feb-2018,2500,CE,0,0,0,842,848.6,0,0,0,0,19-DEC-2017,
OPTSTK,BAJAJ-AUTO,22-Feb-2018,2550,CE,0,0,0,792.75,799.4,0,0,0,0,19-DEC-2017,
OPTSTK,BAJAJ-AUTO,22-Feb-2018,2600,CE,0,0,0,743.6,750.4,0,0,0,0,19-DEC-2017,
OPTSTK,BAJAJ-AUTO,22-Feb-2018,2650,CE,0,0,0,694.5,701.6,0,0,0,0,19-DEC-2017,
OPTSTK,BAJAJ-AUTO,22-Feb-2018,2700,CE,0,0,0,645.55,653.15,0,0,0,0,19-DEC-2017,
OPTSTK,BAJAJ-AUTO,22-Feb-2018,2750,CE,0,0,0,596.85,605.15,0,0,0,0,19-DEC-2017,
OPTSTK,BAJAJ-AUTO,22-Feb-2018,2800,CE,0,0,0,548.55,557.85,0,0,0,0,19-DEC-2017,
OPTSTK,BAJAJ-AUTO,22-Feb-2018,2850,CE,0,0,0,500.85,511.4,0,0,0,0,19-DEC-2017,
OPTSTK,BAJAJ-AUTO,22-Feb-2018,2900,CE,0,0,0,453.9,466.05,0,0,0,0,19-DEC-2017,
OPTSTK,BAJAJ-AUTO,22-Feb-2018,2950,CE,0,0,0,408.05,422.05,0,0,0,0,19-DEC-2017,
OPTSTK,BAJAJ-AUTO,22-Feb-2018,3000,CE,0,0,0,363.65,379.65,0,0,0,0,19-DEC-2017,
OPTSTK,BAJAJ-AUTO,22-Feb-2018,3050,CE,0,0,0,321.05,339.1,0,0,0,0,19-DEC-2017,
OPTSTK,BAJAJ-AUTO,22-Feb-2018,3100,CE,0,0,0,280.55,300.65,0,0,0,0,19-DEC-2017,
OPTSTK,BAJAJ-AUTO,22-Feb-2018,3150,CE,0,0,0,242.65,264.45,0,0,0,0,19-DEC-2017,
OPTSTK,BAJAJ-AUTO,22-Feb-2018,3200,CE,0,0,0,207.25,230.85,0,0,0,0,19-DEC-2017,
OPTSTK,BAJAJ-AUTO,22-Feb-2018,3250,CE,0,0,0,175.1,199.9,0,0,0,0,19-DEC-2017,
OPTSTK,BAJAJ-AUTO,22-Feb-2018,3300,CE,0,0,0,146.15,171.65,0,0,0,0,19-DEC-2017,
OPTSTK,BAJAJ-AUTO,22-Feb-2018,3350,CE,0,0,0,120.45,146.15,0,0,0,0,19-DEC-2017,
OPTSTK,BAJAJ-AUTO,22-Feb-2018,3400,CE,0,0,0,98,123.4,0,0,0,0,19-DEC-2017,
OPTSTK,BAJAJ-AUTO,22-Feb-2018,3450,CE,0,0,0,78.75,103.35,0,0,0,0,19-DEC-2017,
OPTSTK,BAJAJ-AUTO,22-Feb-2018,3500,CE,0,0,0,62.45,85.8,0,0,0,0,19-DEC-2017,
OPTSTK,BAJAJ-AUTO,22-Feb-2018,3550,CE,0,0,0,49.05,70.6,0,0,0,0,19-DEC-2017,
OPTSTK,BAJAJ-AUTO,22-Feb-2018,3600,CE,0,0,0,37.85,57.8,0,0,0,0,19-DEC-2017,
OPTSTK,BAJAJ-AUTO,22-Feb-2018,3650,CE,0,0,0,28.9,46.75,0,0,0,0,19-DEC-2017,
OPTSTK,BAJAJ-AUTO,22-Feb-2018,3700,CE,0,0,0,21.75,37.55,0,0,0,0,19-DEC-2017,
OPTSTK,BAJAJ-AUTO,22-Feb-2018,3750,CE,0,0,0,16.2,29.9,0,0,0,0,19-DEC-2017,
OPTSTK,BAJAJ-AUTO,22-Feb-2018,3800,CE,0,0,0,11.9,23.65,0,0,0,0,19-DEC-2017,
OPTSTK,BAJAJ-AUTO,22-Feb-2018,2300,PE,0,0,0,0.05,0.05,0,0,0,0,19-DEC-2017,
OPTSTK,BAJAJ-AUTO,22-Feb-2018,2350,PE,0,0,0,0.05,0.05,0,0,0,0,19-DEC-2017,
OPTSTK,BAJAJ-AUTO,22-Feb-2018,2400,PE,0,0,0,0.05,0.1,0,0,0,0,19-DEC-2017,
OPTSTK,BAJAJ-AUTO,22-Feb-2018,2450,PE,0,0,0,0.05,0.15,0,0,0,0,19-DEC-2017,
OPTSTK,BAJAJ-AUTO,22-Feb-2018,2500,PE,0,0,0,0.05,0.3,0,0,0,0,19-DEC-2017,
OPTSTK,BAJAJ-AUTO,22-Feb-2018,2550,PE,0,0,0,0.1,0.55,0,0,0,0,19-DEC-2017,
OPTSTK,BAJAJ-AUTO,22-Feb-2018,2600,PE,0,0,0,0.2,0.95,0,0,0,0,19-DEC-2017,
OPTSTK,BAJAJ-AUTO,22-Feb-2018,2650,PE,0,0,0,0.4,1.55,0,0,0,0,19-DEC-2017,
OPTSTK,BAJAJ-AUTO,22-Feb-2018,2700,PE,0,0,0,0.7,2.55,0,0,0,0,19-DEC-2017,
OPTSTK,BAJAJ-AUTO,22-Feb-2018,2750,PE,0,0,0,1.3,4,0,0,0,0,19-DEC-2017,
OPTSTK,BAJAJ-AUTO,22-Feb-2018,2800,PE,0,0,0,2.25,6.15,0,0,0,0,19-DEC-2017,
OPTSTK,BAJAJ-AUTO,22-Feb-2018,2850,PE,0,0,0,3.8,9.1,0,0,0,0,19-DEC-2017,
OPTSTK,BAJAJ-AUTO,22-Feb-2018,2900,PE,0,0,0,6.15,13.2,0,0,0,0,19-DEC-2017,
OPTSTK,BAJAJ-AUTO,22-Feb-2018,2950,PE,0,0,0,9.55,18.6,0,0,0,0,19-DEC-2017,
OPTSTK,BAJAJ-AUTO,22-Feb-2018,3000,PE,0,0,0,14.45,25.65,0,0,0,0,19-DEC-2017,
OPTSTK,BAJAJ-AUTO,22-Feb-2018,3050,PE,0,0,0,21.05,34.5,0,0,0,0,19-DEC-2017,
OPTSTK,BAJAJ-AUTO,22-Feb-2018,3100,PE,0,0,0,29.85,45.5,0,0,0,0,19-DEC-2017,
OPTSTK,BAJAJ-AUTO,22-Feb-2018,3150,PE,0,0,0,41.25,58.75,0,0,0,0,19-DEC-2017,
OPTSTK,BAJAJ-AUTO,22-Feb-2018,3200,PE,0,0,0,55.1,74.55,0,0,0,0,19-DEC-2017,
OPTSTK,BAJAJ-AUTO,22-Feb-2018,3250,PE,0,0,0,72.2,93,0,0,0,0,19-DEC-2017,
OPTSTK,BAJAJ-AUTO,22-Feb-2018,3300,PE,0,0,0,92.55,114.2,0,0,0,0,19-DEC-2017,
OPTSTK,BAJAJ-AUTO,22-Feb-2018,3350,PE,0,0,0,116.1,138.15,0,0,0,0,19-DEC-2017,
OPTSTK,BAJAJ-AUTO,22-Feb-2018,3400,PE,0,0,0,142.95,164.85,0,0,0,0,19-DEC-2017,
OPTSTK,BAJAJ-AUTO,22-Feb-2018,3450,PE,0,0,0,172.95,194.2,0,0,0,0,19-DEC-2017,
OPTSTK,BAJAJ-AUTO,22-Feb-2018,3500,PE,0,0,0,205.95,226.1,0,0,0,0,19-DEC-2017,
OPTSTK,BAJAJ-AUTO,22-Feb-2018,3550,PE,0,0,0,241.8,260.35,0,0,0,0,19-DEC-2017,
OPTSTK,BAJAJ-AUTO,22-Feb-2018,3600,PE,0,0,0,279.85,296.95,0,0,0,0,19-DEC-2017,
OPTSTK,BAJAJ-AUTO,22-Feb-2018,3650,PE,0,0,0,320.2,335.3,0,0,0,0,19-DEC-2017,
OPTSTK,BAJAJ-AUTO,22-Feb-2018,3700,PE,0,0,0,362.35,375.55,0,0,0,0,19-DEC-2017,
OPTSTK,BAJAJ-AUTO,22-Feb-2018,3750,PE,0,0,0,406.05,417.35,0,0,0,0,19-DEC-2017,
OPTSTK,BAJAJ-AUTO,22-Feb-2018,3800,PE,0,0,0,451,460.5,0,0,0,0,19-DEC-2017,
OPTSTK,BAJAJFINSV,28-Dec-2017,4400,CE,0,0,0,807.8,886.35,0,0,0,0,19-DEC-2017,
OPTSTK,BAJAJFINSV,28-Dec-2017,4450,CE,0,0,0,770.25,836.45,0,0,0,0,19-DEC-2017,
OPTSTK,BAJAJFINSV,28-Dec-2017,4500,CE,0,0,0,733.8,786.5,0,0,0,0,19-DEC-2017,
OPTSTK,BAJAJFINSV,28-Dec-2017,4550,CE,0,0,0,698.15,736.6,0,0,0,0,19-DEC-2017,
OPTSTK,BAJAJFINSV,28-Dec-2017,4600,CE,0,0,0,663.5,686.7,0,0,0,0,19-DEC-2017,
OPTSTK,BAJAJFINSV,28-Dec-2017,4650,CE,0,0,0,629.75,636.75,0,0,0,0,19-DEC-2017,
OPTSTK,BAJAJFINSV,28-Dec-2017,4700,CE,0,0,0,597.25,586.85,0,0,0,0,19-DEC-2017,
OPTSTK,BAJAJFINSV,28-Dec-2017,4750,CE,0,0,0,565.85,537,0,0,0,0,19-DEC-2017,
OPTSTK,BAJAJFINSV,28-Dec-2017,4800,CE,0,0,0,290,487.3,0,0,250,0,19-DEC-2017,
OPTSTK,BAJAJFINSV,28-Dec-2017,4850,CE,0,0,0,506.2,437.75,0,0,0,0,19-DEC-2017,
OPTSTK,BAJAJFINSV,28-Dec-2017,4900,CE,0,0,0,478.05,388.65,0,0,0,0,19-DEC-2017,
OPTSTK,BAJAJFINSV,28-Dec-2017,4950,CE,0,0,0,450.95,340.25,0,0,0,0,19-DEC-2017,
OPTSTK,BAJAJFINSV,28-Dec-2017,5000,CE,250.3,259.35,222.2,259.35,259.35,17,111.49,2875,-125,19-DEC-2017,
OPTSTK,BAJAJFINSV,28-Dec-2017,5050,CE,0,0,0,120.25,247.75,0,0,375,0,19-DEC-2017,
OPTSTK,BAJAJFINSV,28-Dec-2017,5100,CE,193,193,190,190,190,2,13.22,3250,-125,19-DEC-2017,
OPTSTK,BAJAJFINSV,28-Dec-2017,5150,CE,0,0,0,90,165.4,0,0,125,0,19-DEC-2017,
OPTSTK,BAJAJFINSV,28-Dec-2017,5200,CE,110,128.2,97.55,120.85,120.85,31,205.78,20500,250,19-DEC-2017,
OPTSTK,BAJAJFINSV,28-Dec-2017,5250,CE,68,68,68,68,68,1,6.64,125,125,19-DEC-2017,
OPTSTK,BAJAJFINSV,28-Dec-2017,5300,CE,63.8,67.05,47,62.65,62.65,108,723.19,12250,8875,19-DEC-2017,
OPTSTK,BAJAJFINSV,28-Dec-2017,5350,CE,0,0,0,272.4,52.3,0,0,0,0,19-DEC-2017,
OPTSTK,BAJAJFINSV,28-Dec-2017,5400,CE,51.3,51.3,28.05,35.05,35.05,25,169.84,28750,750,19-DEC-2017,
OPTSTK,BAJAJFINSV,28-Dec-2017,5450,CE,0,0,0,237.75,24,0,0,0,0,19-DEC-2017,
OPTSTK,BAJAJFINSV,28-Dec-2017,5500,CE,10,20,10,19.35,19.35,8,55.16,9375,125,19-DEC-2017,
OPTSTK,BAJAJFINSV,28-Dec-2017,5550,CE,0,0,0,40,9.5,0,0,1500,0,19-DEC-2017,
OPTSTK,BAJAJFINSV,28-Dec-2017,5600,CE,5,5,5,5,5,1,7,3625,125,19-DEC-2017,
OPTSTK,BAJAJFINSV,28-Dec-2017,5650,CE,0,0,0,179.05,3.25,0,0,0,0,19-DEC-2017,
OPTSTK,BAJAJFINSV,28-Dec-2017,5700,CE,0,0,0,22.5,1.8,0,0,1125,0,19-DEC-2017,
OPTSTK,BAJAJFINSV,28-Dec-2017,5750,CE,0,0,0,154.8,0.95,0,0,0,0,19-DEC-2017,
OPTSTK,BAJAJFINSV,28-Dec-2017,5800,CE,0,0,0,143.65,0.5,0,0,0,0,19-DEC-2017,
OPTSTK,BAJAJFINSV,28-Dec-2017,5850,CE,0,0,0,133.25,0.25,0,0,0,0,19-DEC-2017,
OPTSTK,BAJAJFINSV,28-Dec-2017,5900,CE,0,0,0,123.25,0.15,0,0,0,0,19-DEC-2017,
OPTSTK,BAJAJFINSV,28-Dec-2017,5950,CE,0,0,0,114.05,0.05,0,0,0,0,19-DEC-2017,
OPTSTK,BAJAJFINSV,28-Dec-2017,6000,CE,0,0,0,105.45,0.05,0,0,0,0,19-DEC-2017,
OPTSTK,BAJAJFINSV,28-Dec-2017,6050,CE,0,0,0,97.45,0.05,0,0,0,0,19-DEC-2017,
OPTSTK,BAJAJFINSV,28-Dec-2017,4400,PE,0,0,0,95.55,0,0,0,0,0,19-DEC-2017,
OPTSTK,BAJAJFINSV,28-Dec-2017,4450,PE,0,0,0,107.25,0,0,0,0,0,19-DEC-2017,
OPTSTK,BAJAJFINSV,28-Dec-2017,4500,PE,0,0,0,120.05,0,0,0,0,0,19-DEC-2017,
OPTSTK,BAJAJFINSV,28-Dec-2017,4550,PE,0,0,0,133.6,0,0,0,0,0,19-DEC-2017,
OPTSTK,BAJAJFINSV,28-Dec-2017,4600,PE,0,0,0,148.2,0,0,0,0,0,19-DEC-2017,
OPTSTK,BAJAJFINSV,28-Dec-2017,4650,PE,0,0,0,163.65,0.05,0,0,0,0,19-DEC-2017,
OPTSTK,BAJAJFINSV,28-Dec-2017,4700,PE,0,0,0,1.9,0.05,0,0,500,0,19-DEC-2017,
OPTSTK,BAJAJFINSV,28-Dec-2017,4750,PE,0,0,0,198.15,0.15,0,0,0,0,19-DEC-2017,
OPTSTK,BAJAJFINSV,28-Dec-2017,4800,PE,0,0,0,13.45,0.3,0,0,7625,0,19-DEC-2017,
OPTSTK,BAJAJFINSV,28-Dec-2017,4850,PE,0,0,0,237,0.7,0,0,0,0,19-DEC-2017,
OPTSTK,BAJAJFINSV,28-Dec-2017,4900,PE,0,0,0,5.9,1.55,0,0,1000,0,19-DEC-2017,
OPTSTK,BAJAJFINSV,28-Dec-2017,4950,PE,0,0,0,30,3.1,0,0,250,0,19-DEC-2017,
OPTSTK,BAJAJFINSV,28-Dec-2017,5000,PE,5.2,10.1,5.2,5.5,5.5,12,75.1,4375,1125,19-DEC-2017,
OPTSTK,BAJAJFINSV,28-Dec-2017,5050,PE,0,0,0,125,10.4,0,0,125,0,19-DEC-2017,
OPTSTK,BAJAJFINSV,28-Dec-2017,5100,PE,35,35.05,17,26.4,26.4,20,128.17,2875,1625,19-DEC-2017,
OPTSTK,BAJAJFINSV,28-Dec-2017,5150,PE,0,0,0,379.5,27.85,0,0,0,0,19-DEC-2017,
OPTSTK,BAJAJFINSV,28-Dec-2017,5200,PE,60,60,34.6,35.15,35.15,8,52.47,625,-125,19-DEC-2017,
OPTSTK,BAJAJFINSV,28-Dec-2017,5250,PE,0,0,0,435.45,61.4,0,0,0,0,19-DEC-2017,
OPTSTK,BAJAJFINSV,28-Dec-2017,5300,PE,85.85,85.85,85.85,85.85,85.85,1,6.73,250,0,19-DEC-2017,
OPTSTK,BAJAJFINSV,28-Dec-2017,5350,PE,0,0,0,495.4,114.5,0,0,0,0,19-DEC-2017,
OPTSTK,BAJAJFINSV,28-Dec-2017,5400,PE,0,0,0,215.35,148.15,0,0,875,0,19-DEC-2017,
OPTSTK,BAJAJFINSV,28-Dec-2017,5450,PE,0,0,0,559.2,186.05,0,0,0,0,19-DEC-2017,
OPTSTK,BAJAJFINSV,28-Dec-2017,5500,PE,0,0,0,285,227.35,0,0,750,0,19-DEC-2017,
OPTSTK,BAJAJFINSV,28-Dec-2017,5550,PE,0,0,0,626.6,271.4,0,0,0,0,19-DEC-2017,
OPTSTK,BAJAJFINSV,28-Dec-2017,5600,PE,0,0,0,520,317.45,0,0,500,0,19-DEC-2017,
OPTSTK,BAJAJFINSV,28-Dec-2017,5650,PE,0,0,0,697.35,364.95,0,0,0,0,19-DEC-2017,
OPTSTK,BAJAJFINSV,28-Dec-2017,5700,PE,0,0,0,734.2,413.4,0,0,0,0,19-DEC-2017,
OPTSTK,BAJAJFINSV,28-Dec-2017,5750,PE,0,0,0,771.55,462.5,0,0,0,0,19-DEC-2017,
OPTSTK,BAJAJFINSV,28-Dec-2017,5800,PE,0,0,0,809.65,511.95,0,0,0,0,19-DEC-2017,
OPTSTK,BAJAJFINSV,28-Dec-2017,5850,PE,0,0,0,848.45,561.65,0,0,0,0,19-DEC-2017,
OPTSTK,BAJAJFINSV,28-Dec-2017,5900,PE,0,0,0,887.7,611.45,0,0,0,0,19-DEC-2017,
OPTSTK,BAJAJFINSV,28-Dec-2017,5950,PE,0,0,0,927.75,661.3,0,0,0,0,19-DEC-2017,
OPTSTK,BAJAJFINSV,28-Dec-2017,6000,PE,0,0,0,653.8,711.2,0,0,1000,0,19-DEC-2017,
OPTSTK,BAJAJFINSV,28-Dec-2017,6050,PE,0,0,0,1009.55,761.1,0,0,0,0,19-DEC-2017,
OPTSTK,BAJAJFINSV,25-Jan-2018,4400,CE,0,0,0,741.7,908.95,0,0,0,0,19-DEC-2017,
OPTSTK,BAJAJFINSV,25-Jan-2018,4450,CE,0,0,0,704.3,859.7,0,0,0,0,19-DEC-2017,
OPTSTK,BAJAJFINSV,25-Jan-2018,4500,CE,0,0,0,668.05,810.7,0,0,0,0,19-DEC-2017,
OPTSTK,BAJAJFINSV,25-Jan-2018,4550,CE,0,0,0,632.7,762,0,0,0,0,19-DEC-2017,
OPTSTK,BAJAJFINSV,25-Jan-2018,4600,CE,0,0,0,598.25,713.65,0,0,0,0,19-DEC-2017,
OPTSTK,BAJAJFINSV,25-Jan-2018,4650,CE,0,0,0,565.15,665.85,0,0,0,0,19-DEC-2017,
OPTSTK,BAJAJFINSV,25-Jan-2018,4700,CE,0,0,0,533.2,618.65,0,0,0,0,19-DEC-2017,
OPTSTK,BAJAJFINSV,25-Jan-2018,4750,CE,0,0,0,502.45,572.3,0,0,0,0,19-DEC-2017,
OPTSTK,BAJAJFINSV,25-Jan-2018,4800,CE,0,0,0,472.8,526.9,0,0,0,0,19-DEC-2017,
OPTSTK,BAJAJFINSV,25-Jan-2018,4850,CE,0,0,0,444.35,482.65,0,0,0,0,19-DEC-2017,
OPTSTK,BAJAJFINSV,25-Jan-2018,4900,CE,0,0,0,417.1,439.8,0,0,0,0,19-DEC-2017,
OPTSTK,BAJAJFINSV,25-Jan-2018,4950,CE,0,0,0,391,398.5,0,0,0,0,19-DEC-2017,
OPTSTK,BAJAJFINSV,25-Jan-2018,5000,CE,0,0,0,366.05,358.95,0,0,0,0,19-DEC-2017,
OPTSTK,BAJAJFINSV,25-Jan-2018,5050,CE,0,0,0,342.25,321.55,0,0,0,0,19-DEC-2017,
OPTSTK,BAJAJFINSV,25-Jan-2018,5100,CE,0,0,0,319.65,285.8,0,0,0,0,19-DEC-2017,
OPTSTK,BAJAJFINSV,25-Jan-2018,5150,CE,0,0,0,298.1,252.55,0,0,0,0,19-DEC-2017,
OPTSTK,BAJAJFINSV,25-Jan-2018,5200,CE,0,0,0,277.7,221.65,0,0,0,0,19-DEC-2017,
OPTSTK,BAJAJFINSV,25-Jan-2018,5250,CE,0,0,0,258.4,193.2,0,0,0,0,19-DEC-2017,
OPTSTK,BAJAJFINSV,25-Jan-2018,5300,CE,0,0,0,240.1,167.2,0,0,0,0,19-DEC-2017,
OPTSTK,BAJAJFINSV,25-Jan-2018,5350,CE,0,0,0,222.85,143.65,0,0,0,0,19-DEC-2017,
OPTSTK,BAJAJFINSV,25-Jan-2018,5400,CE,120,120,120,120,120,1,6.9,125,125,19-DEC-2017,
OPTSTK,BAJAJFINSV,25-Jan-2018,5450,CE,0,0,0,191.3,103.7,0,0,0,0,19-DEC-2017,
OPTSTK,BAJAJFINSV,25-Jan-2018,5500,CE,0,0,0,176.95,87.1,0,0,0,0,19-DEC-2017,
OPTSTK,BAJAJFINSV,25-Jan-2018,5550,CE,0,0,0,163.45,72.65,0,0,0,0,19-DEC-2017,
OPTSTK,BAJAJFINSV,25-Jan-2018,5600,CE,0,0,0,151.05,60.4,0,0,0,0,19-DEC-2017,
OPTSTK,BAJAJFINSV,25-Jan-2018,5650,CE,0,0,0,139.3,49.45,0,0,0,0,19-DEC-2017,
OPTSTK,BAJAJFINSV,25-Jan-2018,5700,CE,0,0,0,128.35,40.3,0,0,0,0,19-DEC-2017,
OPTSTK,BAJAJFINSV,25-Jan-2018,5750,CE,0,0,0,117.9,32.6,0,0,0,0,19-DEC-2017,
OPTSTK,BAJAJFINSV,25-Jan-2018,5800,CE,0,0,0,108.35,26.2,0,0,0,0,19-DEC-2017,
OPTSTK,BAJAJFINSV,25-Jan-2018,5850,CE,0,0,0,99.45,20.85,0,0,0,0,19-DEC-2017,
OPTSTK,BAJAJFINSV,25-Jan-2018,5900,CE,0,0,0,91.2,16.5,0,0,0,0,19-DEC-2017,
OPTSTK,BAJAJFINSV,25-Jan-2018,5950,CE,0,0,0,83.55,12.95,0,0,0,0,19-DEC-2017,
OPTSTK,BAJAJFINSV,25-Jan-2018,6000,CE,0,0,0,76.45,10.1,0,0,0,0,19-DEC-2017,
OPTSTK,BAJAJFINSV,25-Jan-2018,4400,PE,0,0,0,90.7,0.8,0,0,0,0,19-DEC-2017,
OPTSTK,BAJAJFINSV,25-Jan-2018,4450,PE,0,0,0,102.5,1.25,0,0,0,0,19-DEC-2017,
OPTSTK,BAJAJFINSV,25-Jan-2018,4500,PE,0,0,0,115.5,1.9,0,0,0,0,19-DEC-2017,
OPTSTK,BAJAJFINSV,25-Jan-2018,4550,PE,0,0,0,129.35,2.85,0,0,0,0,19-DEC-2017,
OPTSTK,BAJAJFINSV,25-Jan-2018,4600,PE,0,0,0,144.1,4.2,0,0,0,0,19-DEC-2017,
OPTSTK,BAJAJFINSV,25-Jan-2018,4650,PE,0,0,0,160.25,6.05,0,0,0,0,19-DEC-2017,
OPTSTK,BAJAJFINSV,25-Jan-2018,4700,PE,0,0,0,177.5,8.55,0,0,0,0,19-DEC-2017,
OPTSTK,BAJAJFINSV,25-Jan-2018,4750,PE,0,0,0,195.95,11.9,0,0,0,0,19-DEC-2017,
OPTSTK,BAJAJFINSV,25-Jan-2018,4800,PE,0,0,0,215.55,16.15,0,0,0,0,19-DEC-2017,
OPTSTK,BAJAJFINSV,25-Jan-2018,4850,PE,0,0,0,236.3,21.6,0,0,0,0,19-DEC-2017,
OPTSTK,BAJAJFINSV,25-Jan-2018,4900,PE,0,0,0,258.25,28.4,0,0,0,0,19-DEC-2017,
OPTSTK,BAJAJFINSV,25-Jan-2018,4950,PE,0,0,0,281.35,36.8,0,0,0,0,19-DEC-2017,
OPTSTK,BAJAJFINSV,25-Jan-2018,5000,PE,0,0,0,305.65,46.95,0,0,0,0,19-DEC-2017,
OPTSTK,BAJAJFINSV,25-Jan-2018,5050,PE,0,0,0,331.05,59.2,0,0,0,0,19-DEC-2017,
OPTSTK,BAJAJFINSV,25-Jan-2018,5100,PE,0,0,0,357.65,73.1,0,0,0,0,19-DEC-2017,
OPTSTK,BAJAJFINSV,25-Jan-2018,5150,PE,0,0,0,385.35,89.55,0,0,0,0,19-DEC-2017,
OPTSTK,BAJAJFINSV,25-Jan-2018,5200,PE,0,0,0,414.15,108.35,0,0,0,0,19-DEC-2017,
OPTSTK,BAJAJFINSV,25-Jan-2018,5250,PE,0,0,0,444.05,129.55,0,0,0,0,19-DEC-2017,
OPTSTK,BAJAJFINSV,25-Jan-2018,5300,PE,0,0,0,475,153.2,0,0,0,0,19-DEC-2017,
OPTSTK,BAJAJFINSV,25-Jan-2018,5350,PE,0,0,0,506.95,179.3,0,0,0,0,19-DEC-2017,
OPTSTK,BAJAJFINSV,25-Jan-2018,5400,PE,0,0,0,539.9,207.85,0,0,0,0,19-DEC-2017,
OPTSTK,BAJAJFINSV,25-Jan-2018,5450,PE,0,0,0,573.85,238.7,0,0,0,0,19-DEC-2017,
OPTSTK,BAJAJFINSV,25-Jan-2018,5500,PE,0,0,0,608.7,271.8,0,0,0,0,19-DEC-2017,
OPTSTK,BAJAJFINSV,25-Jan-2018,5550,PE,0,0,0,644.4,307,0,0,0,0,19-DEC-2017,
OPTSTK,BAJAJFINSV,25-Jan-2018,5600,PE,0,0,0,681.25,344.45,0,0,0,0,19-DEC-2017,
OPTSTK,BAJAJFINSV,25-Jan-2018,5650,PE,0,0,0,718.7,383.15,0,0,0,0,19-DEC-2017,
OPTSTK,BAJAJFINSV,25-Jan-2018,5700,PE,0,0,0,756.95,423.7,0,0,0,0,19-DEC-2017,
OPTSTK,BAJAJFINSV,25-Jan-2018,5750,PE,0,0,0,795.75,465.7,0,0,0,0,19-DEC-2017,
OPTSTK,BAJAJFINSV,25-Jan-2018,5800,PE,0,0,0,835.4,508.95,0,0,0,0,19-DEC-2017,
OPTSTK,BAJAJFINSV,25-Jan-2018,5850,PE,0,0,0,875.7,553.3,0,0,0,0,19-DEC-2017,
OPTSTK,BAJAJFINSV,25-Jan-2018,5900,PE,0,0,0,916.65,598.6,0,0,0,0,19-DEC-2017,
OPTSTK,BAJAJFINSV,25-Jan-2018,5950,PE,0,0,0,958.25,644.75,0,0,0,0,19-DEC-2017,
OPTSTK,BAJAJFINSV,25-Jan-2018,6000,PE,0,0,0,1000.35,691.55,0,0,0,0,19-DEC-2017,
OPTSTK,BAJAJFINSV,22-Feb-2018,4400,CE,0,0,0,895.95,934.8,0,0,0,0,19-DEC-2017,
OPTSTK,BAJAJFINSV,22-Feb-2018,4450,CE,0,0,0,850.8,887.1,0,0,0,0,19-DEC-2017,
OPTSTK,BAJAJFINSV,22-Feb-2018,4500,CE,0,0,0,806.35,839.9,0,0,0,0,19-DEC-2017,
OPTSTK,BAJAJFINSV,22-Feb-2018,4550,CE,0,0,0,762.75,793.2,0,0,0,0,19-DEC-2017,
OPTSTK,BAJAJFINSV,22-Feb-2018,4600,CE,0,0,0,720.05,747.2,0,0,0,0,19-DEC-2017,
OPTSTK,BAJAJFINSV,22-Feb-2018,4650,CE,0,0,0,678.3,702,0,0,0,0,19-DEC-2017,
OPTSTK,BAJAJFINSV,22-Feb-2018,4700,CE,0,0,0,637.6,657.65,0,0,0,0,19-DEC-2017,
OPTSTK,BAJAJFINSV,22-Feb-2018,4750,CE,0,0,0,598.05,614.25,0,0,0,0,19-DEC-2017,
OPTSTK,BAJAJFINSV,22-Feb-2018,4800,CE,0,0,0,559.7,572,0,0,0,0,19-DEC-2017,
OPTSTK,BAJAJFINSV,22-Feb-2018,4850,CE,0,0,0,522.75,530.95,0,0,0,0,19-DEC-2017,
OPTSTK,BAJAJFINSV,22-Feb-2018,4900,CE,0,0,0,486.95,491.25,0,0,0,0,19-DEC-2017,
OPTSTK,BAJAJFINSV,22-Feb-2018,4950,CE,0,0,0,452.35,453,0,0,0,0,19-DEC-2017,
OPTSTK,BAJAJFINSV,22-Feb-2018,5000,CE,0,0,0,419.4,416.45,0,0,0,0,19-DEC-2017,
OPTSTK,BAJAJFINSV,22-Feb-2018,5050,CE,0,0,0,387.95,381.1,0,0,0,0,19-DEC-2017,
OPTSTK,BAJAJFINSV,22-Feb-2018,5100,CE,0,0,0,357.95,347.75,0,0,0,0,19-DEC-2017,
OPTSTK,BAJAJFINSV,22-Feb-2018,5150,CE,0,0,0,329.5,316.1,0,0,0,0,19-DEC-2017,
OPTSTK,BAJAJFINSV,22-Feb-2018,5200,CE,0,0,0,302.55,286.3,0,0,0,0,19-DEC-2017,
OPTSTK,BAJAJFINSV,22-Feb-2018,5250,CE,0,0,0,277.15,258.35,0,0,0,0,19-DEC-2017,
OPTSTK,BAJAJFINSV,22-Feb-2018,5300,CE,0,0,0,253.2,232.2,0,0,0,0,19-DEC-2017,
OPTSTK,BAJAJFINSV,22-Feb-2018,5350,CE,0,0,0,230.8,207.9,0,0,0,0,19-DEC-2017,
OPTSTK,BAJAJFINSV,22-Feb-2018,5400,CE,0,0,0,209.85,185.45,0,0,0,0,19-DEC-2017,
OPTSTK,BAJAJFINSV,22-Feb-2018,5450,CE,0,0,0,190.35,164.75,0,0,0,0,19-DEC-2017,
OPTSTK,BAJAJFINSV,22-Feb-2018,5500,CE,0,0,0,172.2,145.8,0,0,0,0,19-DEC-2017,
OPTSTK,BAJAJFINSV,22-Feb-2018,5550,CE,0,0,0,155.45,128.55,0,0,0,0,19-DEC-2017,
OPTSTK,BAJAJFINSV,22-Feb-2018,5600,CE,0,0,0,139.95,112.9,0,0,0,0,19-DEC-2017,
OPTSTK,BAJAJFINSV,22-Feb-2018,5650,CE,0,0,0,125.7,98.75,0,0,0,0,19-DEC-2017,
OPTSTK,BAJAJFINSV,22-Feb-2018,5700,CE,0,0,0,112.85,86.3,0,0,0,0,19-DEC-2017,
OPTSTK,BAJAJFINSV,22-Feb-2018,5750,CE,0,0,0,101,74.8,0,0,0,0,19-DEC-2017,
OPTSTK,BAJAJFINSV,22-Feb-2018,5800,CE,0,0,0,89.95,64.7,0,0,0,0,19-DEC-2017,
OPTSTK,BAJAJFINSV,22-Feb-2018,5850,CE,0,0,0,80.05,55.75,0,0,0,0,19-DEC-2017,
OPTSTK,BAJAJFINSV,22-Feb-2018,5900,CE,0,0,0,71.05,47.85,0,0,0,0,19-DEC-2017,
OPTSTK,BAJAJFINSV,22-Feb-2018,5950,CE,0,0,0,62.95,40.9,0,0,0,0,19-DEC-2017,
OPTSTK,BAJAJFINSV,22-Feb-2018,6000,CE,0,0,0,55.65,34.85,0,0,0,0,19-DEC-2017,
OPTSTK,BAJAJFINSV,22-Feb-2018,4400,PE,0,0,0,17.7,5.1,0,0,0,0,19-DEC-2017,
OPTSTK,BAJAJFINSV,22-Feb-2018,4450,PE,0,0,0,21.85,6.85,0,0,0,0,19-DEC-2017,
OPTSTK,BAJAJFINSV,22-Feb-2018,4500,PE,0,0,0,26.7,9.05,0,0,0,0,19-DEC-2017,
OPTSTK,BAJAJFINSV,22-Feb-2018,4550,PE,0,0,0,32.35,11.85,0,0,0,0,19-DEC-2017,
OPTSTK,BAJAJFINSV,22-Feb-2018,4600,PE,0,0,0,38.9,15.25,0,0,0,0,19-DEC-2017,
OPTSTK,BAJAJFINSV,22-Feb-2018,4650,PE,0,0,0,46.45,19.45,0,0,0,0,19-DEC-2017,
OPTSTK,BAJAJFINSV,22-Feb-2018,4700,PE,0,0,0,55,24.55,0,0,0,0,19-DEC-2017,
OPTSTK,BAJAJFINSV,22-Feb-2018,4750,PE,0,0,0,64.7,30.6,0,0,0,0,19-DEC-2017,
OPTSTK,BAJAJFINSV,22-Feb-2018,4800,PE,0,0,0,75.65,37.75,0,0,0,0,19-DEC-2017,
OPTSTK,BAJAJFINSV,22-Feb-2018,4850,PE,0,0,0,88,46.15,0,0,0,0,19-DEC-2017,
OPTSTK,BAJAJFINSV,22-Feb-2018,4900,PE,0,0,0,101.45,55.9,0,0,0,0,19-DEC-2017,
OPTSTK,BAJAJFINSV,22-Feb-2018,4950,PE,0,0,0,116.1,67.05,0,0,0,0,19-DEC-2017,
OPTSTK,BAJAJFINSV,22-Feb-2018,5000,PE,0,0,0,132.45,79.95,0,0,0,0,19-DEC-2017,
OPTSTK,BAJAJFINSV,22-Feb-2018,5050,PE,0,0,0,150.25,94.05,0,0,0,0,19-DEC-2017,
OPTSTK,BAJAJFINSV,22-Feb-2018,5100,PE,0,0,0,169.5,110.1,0,0,0,0,19-DEC-2017,
OPTSTK,BAJAJFINSV,22-Feb-2018,5150,PE,0,0,0,190.35,127.9,0,0,0,0,19-DEC-2017,
OPTSTK,BAJAJFINSV,22-Feb-2018,5200,PE,0,0,0,212.65,147.5,0,0,0,0,19-DEC-2017,
OPTSTK,BAJAJFINSV,22-Feb-2018,5250,PE,0,0,0,236.5,168.95,0,0,0,0,19-DEC-2017,
OPTSTK,BAJAJFINSV,22-Feb-2018,5300,PE,0,0,0,261.85,192.25,0,0,0,0,19-DEC-2017,
OPTSTK,BAJAJFINSV,22-Feb-2018,5350,PE,0,0,0,288.7,217.4,0,0,0,0,19-DEC-2017,
OPTSTK,BAJAJFINSV,22-Feb-2018,5400,PE,0,0,0,317.05,244.35,0,0,0,0,19-DEC-2017,
OPTSTK,BAJAJFINSV,22-Feb-2018,5450,PE,0,0,0,346.8,273.1,0,0,0,0,19-DEC-2017,
OPTSTK,BAJAJFINSV,22-Feb-2018,5500,PE,0,0,0,377.95,303.6,0,0,0,0,19-DEC-2017,
OPTSTK,BAJAJFINSV,22-Feb-2018,5550,PE,0,0,0,410.45,335.75,0,0,0,0,19-DEC-2017,
OPTSTK,BAJAJFINSV,22-Feb-2018,5600,PE,0,0,0,444.2,369.55,0,0,0,0,19-DEC-2017,
OPTSTK,BAJAJFINSV,22-Feb-2018,5650,PE,0,0,0,479.25,404.8,0,0,0,0,19-DEC-2017,
OPTSTK,BAJAJFINSV,22-Feb-2018,5700,PE,0,0,0,515.7,441.8,0,0,0,0,19-DEC-2017,
OPTSTK,BAJAJFINSV,22-Feb-2018,5750,PE,0,0,0,553.05,479.7,0,0,0,0,19-DEC-2017,
OPTSTK,BAJAJFINSV,22-Feb-2018,5800,PE,0,0,0,591.3,519.05,0,0,0,0,19-DEC-2017,
OPTSTK,BAJAJFINSV,22-Feb-2018,5850,PE,0,0,0,630.65,559.55,0,0,0,0,19-DEC-2017,
OPTSTK,BAJAJFINSV,22-Feb-2018,5900,PE,0,0,0,670.95,601.05,0,0,0,0,19-DEC-2017,
OPTSTK,BAJAJFINSV,22-Feb-2018,5950,PE,0,0,0,712.15,643.55,0,0,0,0,19-DEC-2017,
OPTSTK,BAJAJFINSV,22-Feb-2018,6000,PE,0,0,0,754.1,686.95,0,0,0,0,19-DEC-2017,
OPTSTK,BAJFINANCE,28-Dec-2017,1250,CE,0,0,0,615.85,509.7,0,0,0,0,19-DEC-2017,
OPTSTK,BAJFINANCE,28-Dec-2017,1300,CE,0,0,0,568.85,459.8,0,0,0,0,19-DEC-2017,
OPTSTK,BAJFINANCE,28-Dec-2017,1350,CE,0,0,0,522.8,409.85,0,0,0,0,19-DEC-2017,
OPTSTK,BAJFINANCE,28-Dec-2017,1400,CE,0,0,0,351.9,359.95,0,0,2500,0,19-DEC-2017,
OPTSTK,BAJFINANCE,28-Dec-2017,1450,CE,0,0,0,434.7,310,0,0,0,0,19-DEC-2017,
OPTSTK,BAJFINANCE,28-Dec-2017,1500,CE,0,0,0,229.9,260.1,0,0,500,0,19-DEC-2017,
OPTSTK,BAJFINANCE,28-Dec-2017,1550,CE,0,0,0,353.55,210.25,0,0,0,0,19-DEC-2017,
OPTSTK,BAJFINANCE,28-Dec-2017,1600,CE,0,0,0,117.95,160.75,0,0,5000,0,19-DEC-2017,
OPTSTK,BAJFINANCE,28-Dec-2017,1650,CE,112,112,112,112,112,1,8.81,12500,0,19-DEC-2017,
OPTSTK,BAJFINANCE,28-Dec-2017,1700,CE,74.65,74.65,59.2,68.65,68.65,53,467.59,55000,-4000,19-DEC-2017,
OPTSTK,BAJFINANCE,28-Dec-2017,1750,CE,36.15,41.65,27,33.5,33.5,419,3732.26,115000,2500,19-DEC-2017,
OPTSTK,BAJFINANCE,28-Dec-2017,1800,CE,16,19.5,11.6,13.85,13.85,667,6048.82,285500,44500,19-DEC-2017,
OPTSTK,BAJFINANCE,28-Dec-2017,1850,CE,7.3,7.35,4.5,4.7,4.7,161,1493.41,131500,2500,19-DEC-2017,
OPTSTK,BAJFINANCE,28-Dec-2017,1900,CE,2,2.35,1.25,2,2,22,209.22,70500,-500,19-DEC-2017,
OPTSTK,BAJFINANCE,28-Dec-2017,1950,CE,0,0,0,1.55,0.4,0,0,17500,0,19-DEC-2017,
OPTSTK,BAJFINANCE,28-Dec-2017,2000,CE,0.9,1.5,0.9,1.5,1.5,4,40.02,17000,-1500,19-DEC-2017,
OPTSTK,BAJFINANCE,28-Dec-2017,2050,CE,0,0,0,1,0.05,0,0,500,0,19-DEC-2017,
OPTSTK,BAJFINANCE,28-Dec-2017,2100,CE,0,0,0,76.8,0,0,0,0,0,19-DEC-2017,
OPTSTK,BAJFINANCE,28-Dec-2017,2150,CE,0,0,0,65.05,0,0,0,0,0,19-DEC-2017,
OPTSTK,BAJFINANCE,28-Dec-2017,2200,CE,0,0,0,54.8,0,0,0,0,0,19-DEC-2017,
OPTSTK,BAJFINANCE,28-Dec-2017,2250,CE,0,0,0,45.9,0,0,0,0,0,19-DEC-2017,
OPTSTK,BAJFINANCE,28-Dec-2017,2300,CE,0,0,0,38.4,0,0,0,0,0,19-DEC-2017,
OPTSTK,BAJFINANCE,28-Dec-2017,2350,CE,0,0,0,31.95,0,0,0,0,0,19-DEC-2017,
OPTSTK,BAJFINANCE,28-Dec-2017,1250,PE,0,0,0,3.55,0,0,0,0,0,19-DEC-2017,
OPTSTK,BAJFINANCE,28-Dec-2017,1300,PE,0,0,0,5.8,0,0,0,0,0,19-DEC-2017,
OPTSTK,BAJFINANCE,28-Dec-2017,1350,PE,0,0,0,8.95,0,0,0,0,0,19-DEC-2017,
OPTSTK,BAJFINANCE,28-Dec-2017,1400,PE,0,0,0,13.4,0,0,0,0,0,19-DEC-2017,
OPTSTK,BAJFINANCE,28-Dec-2017,1450,PE,0,0,0,0.15,0,0,0,1000,0,19-DEC-2017,
OPTSTK,BAJFINANCE,28-Dec-2017,1500,PE,0.5,0.5,0.5,0.5,0.5,2,15,15500,-500,19-DEC-2017,
OPTSTK,BAJFINANCE,28-Dec-2017,1550,PE,0.6,0.8,0.6,0.8,0.8,12,93.04,66000,-4500,19-DEC-2017,
OPTSTK,BAJFINANCE,28-Dec-2017,1600,PE,1.8,2.35,1.5,1.5,1.5,57,456.53,60000,2500,19-DEC-2017,
OPTSTK,BAJFINANCE,28-Dec-2017,1650,PE,3.25,6.9,3.1,3.35,3.35,192,1587.71,146000,-5000,19-DEC-2017,
OPTSTK,BAJFINANCE,28-Dec-2017,1700,PE,9.25,13.7,7.85,8.75,8.75,286,2445.94,113500,12500,19-DEC-2017,
OPTSTK,BAJFINANCE,28-Dec-2017,1750,PE,25,33,21,22.9,22.9,174,1545.94,60000,-2000,19-DEC-2017,
OPTSTK,BAJFINANCE,28-Dec-2017,1800,PE,47.35,62,47.35,50.55,50.55,8,74.23,54500,0,19-DEC-2017,
OPTSTK,BAJFINANCE,28-Dec-2017,1850,PE,0,0,0,88.1,95.2,0,0,18500,0,19-DEC-2017,
OPTSTK,BAJFINANCE,28-Dec-2017,1900,PE,0,0,0,168.45,140.95,0,0,7500,0,19-DEC-2017,
OPTSTK,BAJFINANCE,28-Dec-2017,1950,PE,0,0,0,183,189.6,0,0,5000,0,19-DEC-2017,
OPTSTK,BAJFINANCE,28-Dec-2017,2000,PE,0,0,0,250,239.25,0,0,8000,0,19-DEC-2017,
OPTSTK,BAJFINANCE,28-Dec-2017,2050,PE,0,0,0,265.7,289.1,0,0,0,0,19-DEC-2017,
OPTSTK,BAJFINANCE,28-Dec-2017,2100,PE,0,0,0,301.25,339,0,0,0,0,19-DEC-2017,
OPTSTK,BAJFINANCE,28-Dec-2017,2150,PE,0,0,0,338.75,388.95,0,0,0,0,19-DEC-2017,
OPTSTK,BAJFINANCE,28-Dec-2017,2200,PE,0,0,0,377.7,438.85,0,0,0,0,19-DEC-2017,
OPTSTK,BAJFINANCE,28-Dec-2017,2250,PE,0,0,0,418.05,488.75,0,0,0,0,19-DEC-2017,
OPTSTK,BAJFINANCE,28-Dec-2017,2300,PE,0,0,0,459.75,538.7,0,0,0,0,19-DEC-2017,
OPTSTK,BAJFINANCE,28-Dec-2017,2350,PE,0,0,0,502.55,588.6,0,0,0,0,19-DEC-2017,
OPTSTK,BAJFINANCE,25-Jan-2018,1250,CE,0,0,0,521.65,515.9,0,0,0,0,19-DEC-2017,
OPTSTK,BAJFINANCE,25-Jan-2018,1300,CE,0,0,0,475.65,466.25,0,0,0,0,19-DEC-2017,
OPTSTK,BAJFINANCE,25-Jan-2018,1350,CE,0,0,0,431,416.65,0,0,0,0,19-DEC-2017,
OPTSTK,BAJFINANCE,25-Jan-2018,1400,CE,0,0,0,388,367.15,0,0,0,0,19-DEC-2017,
OPTSTK,BAJFINANCE,25-Jan-2018,1450,CE,0,0,0,346.95,318.05,0,0,0,0,19-DEC-2017,
OPTSTK,BAJFINANCE,25-Jan-2018,1500,CE,0,0,0,308.15,269.75,0,0,0,0,19-DEC-2017,
OPTSTK,BAJFINANCE,25-Jan-2018,1550,CE,0,0,0,271.85,223.1,0,0,0,0,19-DEC-2017,
OPTSTK,BAJFINANCE,25-Jan-2018,1600,CE,0,0,0,238.05,179.1,0,0,0,0,19-DEC-2017,
OPTSTK,BAJFINANCE,25-Jan-2018,1650,CE,0,0,0,86,139,0,0,1000,0,19-DEC-2017,
OPTSTK,BAJFINANCE,25-Jan-2018,1700,CE,0,0,0,78.9,103.85,0,0,2000,0,19-DEC-2017,
OPTSTK,BAJFINANCE,25-Jan-2018,1750,CE,0,0,0,78.25,74.55,0,0,4500,0,19-DEC-2017,
OPTSTK,BAJFINANCE,25-Jan-2018,1800,CE,50,51.1,47.55,47.55,47.55,11,101.76,6000,1500,19-DEC-2017,
OPTSTK,BAJFINANCE,25-Jan-2018,1850,CE,30,35,30,32,32,4,37.64,5000,2000,19-DEC-2017,
OPTSTK,BAJFINANCE,25-Jan-2018,1900,CE,22.45,22.45,22.45,22.45,22.45,1,9.61,2000,500,19-DEC-2017,
OPTSTK,BAJFINANCE,25-Jan-2018,1950,CE,0,0,0,78.4,12.95,0,0,0,0,19-DEC-2017,
OPTSTK,BAJFINANCE,25-Jan-2018,2000,CE,0,0,0,65.4,7.5,0,0,0,0,19-DEC-2017,
OPTSTK,BAJFINANCE,25-Jan-2018,2050,CE,0,0,0,54.25,4.2,0,0,0,0,19-DEC-2017,
OPTSTK,BAJFINANCE,25-Jan-2018,2100,CE,0,0,0,44.7,2.25,0,0,0,0,19-DEC-2017,
OPTSTK,BAJFINANCE,25-Jan-2018,2150,CE,0,0,0,36.7,1.15,0,0,0,0,19-DEC-2017,
OPTSTK,BAJFINANCE,25-Jan-2018,2200,CE,0,0,0,30,0.6,0,0,0,0,19-DEC-2017,
OPTSTK,BAJFINANCE,25-Jan-2018,2250,CE,0,0,0,24.4,0.3,0,0,0,0,19-DEC-2017,
OPTSTK,BAJFINANCE,25-Jan-2018,2300,CE,0,0,0,19.75,0.15,0,0,0,0,19-DEC-2017,
OPTSTK,BAJFINANCE,25-Jan-2018,2350,CE,0,0,0,15.95,0.1,0,0,0,0,19-DEC-2017,
OPTSTK,BAJFINANCE,25-Jan-2018,1250,PE,0,0,0,5.3,0,0,0,0,0,19-DEC-2017,
OPTSTK,BAJFINANCE,25-Jan-2018,1300,PE,0,0,0,8.55,0.05,0,0,0,0,19-DEC-2017,
OPTSTK,BAJFINANCE,25-Jan-2018,1350,PE,0,0,0,13.1,0.1,0,0,0,0,19-DEC-2017,
OPTSTK,BAJFINANCE,25-Jan-2018,1400,PE,0,0,0,19.3,0.3,0,0,0,0,19-DEC-2017,
OPTSTK,BAJFINANCE,25-Jan-2018,1450,PE,0,0,0,27.5,0.85,0,0,0,0,19-DEC-2017,
OPTSTK,BAJFINANCE,25-Jan-2018,1500,PE,0,0,0,37.9,2.25,0,0,0,0,19-DEC-2017,
OPTSTK,BAJFINANCE,25-Jan-2018,1550,PE,0,0,0,50.8,5.25,0,0,0,0,19-DEC-2017,
OPTSTK,BAJFINANCE,25-Jan-2018,1600,PE,15.05,15.05,15.05,15.05,15.05,1,8.07,1500,500,19-DEC-2017,
OPTSTK,BAJFINANCE,25-Jan-2018,1650,PE,22,22,21.9,21.9,21.9,9,75.23,5000,4500,19-DEC-2017,
OPTSTK,BAJFINANCE,25-Jan-2018,1700,PE,44.5,44.5,36,36,36,3,26.12,8000,1500,19-DEC-2017,
OPTSTK,BAJFINANCE,25-Jan-2018,1750,PE,0,0,0,55.05,55.45,0,0,3500,0,19-DEC-2017,
OPTSTK,BAJFINANCE,25-Jan-2018,1800,PE,85.6,85.6,81.7,81.7,81.7,2,18.83,1500,1000,19-DEC-2017,
OPTSTK,BAJFINANCE,25-Jan-2018,1850,PE,0,0,0,185.3,114.05,0,0,0,0,19-DEC-2017,
OPTSTK,BAJFINANCE,25-Jan-2018,1900,PE,0,0,0,217.05,151.25,0,0,0,0,19-DEC-2017,
OPTSTK,BAJFINANCE,25-Jan-2018,1950,PE,0,0,0,251.05,192.5,0,0,0,0,19-DEC-2017,
OPTSTK,BAJFINANCE,25-Jan-2018,2000,PE,0,0,0,287.3,236.75,0,0,0,0,19-DEC-2017,
OPTSTK,BAJFINANCE,25-Jan-2018,2050,PE,0,0,0,325.35,283.1,0,0,0,0,19-DEC-2017,
OPTSTK,BAJFINANCE,25-Jan-2018,2100,PE,0,0,0,365,330.85,0,0,0,0,19-DEC-2017,
OPTSTK,BAJFINANCE,25-Jan-2018,2150,PE,0,0,0,406.25,379.45,0,0,0,0,19-DEC-2017,
OPTSTK,BAJFINANCE,25-Jan-2018,2200,PE,0,0,0,448.75,428.5,0,0,0,0,19-DEC-2017,
OPTSTK,BAJFINANCE,25-Jan-2018,2250,PE,0,0,0,492.35,477.9,0,0,0,0,19-DEC-2017,
OPTSTK,BAJFINANCE,25-Jan-2018,2300,PE,0,0,0,536.95,527.45,0,0,0,0,19-DEC-2017,
OPTSTK,BAJFINANCE,25-Jan-2018,2350,PE,0,0,0,582.35,577.05,0,0,0,0,19-DEC-2017,
OPTSTK,BAJFINANCE,22-Feb-2018,1250,CE,0,0,0,496.05,522.15,0,0,0,0,19-DEC-2017,
OPTSTK,BAJFINANCE,22-Feb-2018,1300,CE,0,0,0,447.65,472.9,0,0,0,0,19-DEC-2017,
OPTSTK,BAJFINANCE,22-Feb-2018,1350,CE,0,0,0,400,423.95,0,0,0,0,19-DEC-2017,
OPTSTK,BAJFINANCE,22-Feb-2018,1400,CE,0,0,0,353.5,375.6,0,0,0,0,19-DEC-2017,
OPTSTK,BAJFINANCE,22-Feb-2018,1450,CE,0,0,0,308.7,328.2,0,0,0,0,19-DEC-2017,
OPTSTK,BAJFINANCE,22-Feb-2018,1500,CE,0,0,0,266.05,282.4,0,0,0,0,19-DEC-2017,
OPTSTK,BAJFINANCE,22-Feb-2018,1550,CE,0,0,0,226.15,238.8,0,0,0,0,19-DEC-2017,
OPTSTK,BAJFINANCE,22-Feb-2018,1600,CE,0,0,0,189.45,198.15,0,0,0,0,19-DEC-2017,
OPTSTK,BAJFINANCE,22-Feb-2018,1650,CE,0,0,0,156.3,161.15,0,0,0,0,19-DEC-2017,
OPTSTK,BAJFINANCE,22-Feb-2018,1700,CE,0,0,0,127.05,128.25,0,0,0,0,19-DEC-2017,
OPTSTK,BAJFINANCE,22-Feb-2018,1750,CE,0,0,0,101.7,99.9,0,0,0,0,19-DEC-2017,
OPTSTK,BAJFINANCE,22-Feb-2018,1800,CE,0,0,0,80.15,76.1,0,0,0,0,19-DEC-2017,
OPTSTK,BAJFINANCE,22-Feb-2018,1850,CE,0,0,0,62.25,56.7,0,0,0,0,19-DEC-2017,
OPTSTK,BAJFINANCE,22-Feb-2018,1900,CE,0,0,0,47.65,41.3,0,0,0,0,19-DEC-2017,
OPTSTK,BAJFINANCE,22-Feb-2018,1950,CE,0,0,0,36.1,29.5,0,0,0,0,19-DEC-2017,
OPTSTK,BAJFINANCE,22-Feb-2018,2000,CE,0,0,0,26.85,20.65,0,0,0,0,19-DEC-2017,
OPTSTK,BAJFINANCE,22-Feb-2018,2050,CE,0,0,0,19.7,14.15,0,0,0,0,19-DEC-2017,
OPTSTK,BAJFINANCE,22-Feb-2018,2100,CE,0,0,0,14.3,9.5,0,0,0,0,19-DEC-2017,
OPTSTK,BAJFINANCE,22-Feb-2018,2150,CE,0,0,0,10.25,6.25,0,0,0,0,19-DEC-2017,
OPTSTK,BAJFINANCE,22-Feb-2018,2200,CE,0,0,0,7.3,4.05,0,0,0,0,19-DEC-2017,
OPTSTK,BAJFINANCE,22-Feb-2018,2250,CE,0,0,0,5.1,2.6,0,0,0,0,19-DEC-2017,
OPTSTK,BAJFINANCE,22-Feb-2018,2300,CE,0,0,0,3.55,1.6,0,0,0,0,19-DEC-2017,
OPTSTK,BAJFINANCE,22-Feb-2018,2350,CE,0,0,0,2.45,1,0,0,0,0,19-DEC-2017,
OPTSTK,BAJFINANCE,22-Feb-2018,1250,PE,0,0,0,0.75,0.15,0,0,0,0,19-DEC-2017,
OPTSTK,BAJFINANCE,22-Feb-2018,1300,PE,0,0,0,1.65,0.35,0,0,0,0,19-DEC-2017,
OPTSTK,BAJFINANCE,22-Feb-2018,1350,PE,0,0,0,3.3,0.85,0,0,0,0,19-DEC-2017,
OPTSTK,BAJFINANCE,22-Feb-2018,1400,PE,0,0,0,6.05,1.9,0,0,0,0,19-DEC-2017,
OPTSTK,BAJFINANCE,22-Feb-2018,1450,PE,0,0,0,10.5,3.95,0,0,0,0,19-DEC-2017,
OPTSTK,BAJFINANCE,22-Feb-2018,1500,PE,0,0,0,17.15,7.55,0,0,0,0,19-DEC-2017,
OPTSTK,BAJFINANCE,22-Feb-2018,1550,PE,0,0,0,26.5,13.35,0,0,0,0,19-DEC-2017,
OPTSTK,BAJFINANCE,22-Feb-2018,1600,PE,0,0,0,39.1,22.15,0,0,0,0,19-DEC-2017,
OPTSTK,BAJFINANCE,22-Feb-2018,1650,PE,0,0,0,55.2,34.6,0,0,0,0,19-DEC-2017,
OPTSTK,BAJFINANCE,22-Feb-2018,1700,PE,0,0,0,75.2,51.1,0,0,0,0,19-DEC-2017,
OPTSTK,BAJFINANCE,22-Feb-2018,1750,PE,0,0,0,99.15,72.2,0,0,0,0,19-DEC-2017,
OPTSTK,BAJFINANCE,22-Feb-2018,1800,PE,0,0,0,126.9,97.8,0,0,0,0,19-DEC-2017,
OPTSTK,BAJFINANCE,22-Feb-2018,1850,PE,0,0,0,158.25,127.85,0,0,0,0,19-DEC-2017,
OPTSTK,BAJFINANCE,22-Feb-2018,1900,PE,0,0,0,192.9,161.9,0,0,0,0,19-DEC-2017,
OPTSTK,BAJFINANCE,22-Feb-2018,1950,PE,0,0,0,230.6,199.55,0,0,0,0,19-DEC-2017,
OPTSTK,BAJFINANCE,22-Feb-2018,2000,PE,0,0,0,270.65,240.1,0,0,0,0,19-DEC-2017,
OPTSTK,BAJFINANCE,22-Feb-2018,2050,PE,0,0,0,312.8,283,0,0,0,0,19-DEC-2017,
OPTSTK,BAJFINANCE,22-Feb-2018,2100,PE,0,0,0,356.65,327.8,0,0,0,0,19-DEC-2017,
OPTSTK,BAJFINANCE,22-Feb-2018,2150,PE,0,0,0,401.9,374,0,0,0,0,19-DEC-2017,
OPTSTK,BAJFINANCE,22-Feb-2018,2200,PE,0,0,0,448.15,421.2,0,0,0,0,19-DEC-2017,
OPTSTK,BAJFINANCE,22-Feb-2018,2250,PE,0,0,0,495.25,469.15,0,0,0,0,19-DEC-2017,
OPTSTK,BAJFINANCE,22-Feb-2018,2300,PE,0,0,0,542.95,517.65,0,0,0,0,19-DEC-2017,
OPTSTK,BAJFINANCE,22-Feb-2018,2350,PE,0,0,0,591.15,566.45,0,0,0,0,19-DEC-2017,
OPTSTK,BALKRISIND,28-Dec-2017,1100,CE,0,0,0,624.45,1392.55,0,0,0,0,19-DEC-2017,
OPTSTK,BALKRISIND,28-Dec-2017,1150,CE,0,0,0,575.7,1342.6,0,0,0,0,19-DEC-2017,
OPTSTK,BALKRISIND,28-Dec-2017,1200,CE,0,0,0,527.45,1292.7,0,0,0,0,19-DEC-2017,
OPTSTK,BALKRISIND,28-Dec-2017,1250,CE,0,0,0,479.85,1242.75,0,0,0,0,19-DEC-2017,
OPTSTK,BALKRISIND,28-Dec-2017,1300,CE,0,0,0,433.25,1192.85,0,0,0,0,19-DEC-2017,
OPTSTK,BALKRISIND,28-Dec-2017,1350,CE,0,0,0,387.95,1142.9,0,0,0,0,19-DEC-2017,
OPTSTK,BALKRISIND,28-Dec-2017,1400,CE,0,0,0,344.45,1093,0,0,0,0,19-DEC-2017,
OPTSTK,BALKRISIND,28-Dec-2017,1450,CE,0,0,0,303,1043.05,0,0,0,0,19-DEC-2017,
OPTSTK,BALKRISIND,28-Dec-2017,1500,CE,0,0,0,264.1,993.15,0,0,0,0,19-DEC-2017,
OPTSTK,BALKRISIND,28-Dec-2017,1550,CE,0,0,0,228,943.25,0,0,0,0,19-DEC-2017,
OPTSTK,BALKRISIND,28-Dec-2017,1600,CE,0,0,0,194.85,893.3,0,0,0,0,19-DEC-2017,
OPTSTK,BALKRISIND,28-Dec-2017,1650,CE,0,0,0,505,843.4,0,0,800,0,19-DEC-2017,
OPTSTK,BALKRISIND,28-Dec-2017,1700,CE,0,0,0,450,793.45,0,0,800,0,19-DEC-2017,
OPTSTK,BALKRISIND,28-Dec-2017,1750,CE,0,0,0,114.95,743.55,0,0,0,0,19-DEC-2017,
OPTSTK,BALKRISIND,28-Dec-2017,1800,CE,0,0,0,94.65,693.6,0,0,0,0,19-DEC-2017,
OPTSTK,BALKRISIND,28-Dec-2017,1850,CE,0,0,0,77.2,643.7,0,0,0,0,19-DEC-2017,
OPTSTK,BALKRISIND,28-Dec-2017,1900,CE,0,0,0,331.45,593.8,0,0,800,0,19-DEC-2017,
OPTSTK,BALKRISIND,28-Dec-2017,1950,CE,0,0,0,284.3,543.85,0,0,800,0,19-DEC-2017,
OPTSTK,BALKRISIND,28-Dec-2017,2000,CE,0,0,0,399,494,0,0,800,0,19-DEC-2017,
OPTSTK,BALKRISIND,28-Dec-2017,2050,CE,0,0,0,31.55,444.15,0,0,0,0,19-DEC-2017,
OPTSTK,BALKRISIND,28-Dec-2017,2100,CE,0,0,0,270,394.55,0,0,2400,0,19-DEC-2017,
OPTSTK,BALKRISIND,28-Dec-2017,2150,CE,0,0,0,260,345.35,0,0,3200,0,19-DEC-2017,
OPTSTK,BALKRISIND,28-Dec-2017,2200,CE,0,0,0,282,297.05,0,0,6800,0,19-DEC-2017,
OPTSTK,BALKRISIND,28-Dec-2017,2250,CE,227.25,227.25,227.25,227.25,227.25,1,9.9,6800,0,19-DEC-2017,
OPTSTK,BALKRISIND,28-Dec-2017,2300,CE,199.9,205.1,199.9,205.1,205.1,2,20.02,13200,-400,19-DEC-2017,
OPTSTK,BALKRISIND,28-Dec-2017,2350,CE,150,170,150,163.5,163.5,4,40.13,3200,400,19-DEC-2017,
OPTSTK,BALKRISIND,28-Dec-2017,2400,CE,99.65,121,90.15,103.8,103.8,11,110.21,14000,-800,19-DEC-2017,
OPTSTK,BALKRISIND,28-Dec-2017,2450,CE,60,86.05,53,70.75,70.75,20,201.52,10000,-4800,19-DEC-2017,
OPTSTK,BALKRISIND,28-Dec-2017,2500,CE,57.35,57.95,37,44.65,44.65,144,1467.12,36800,-4800,19-DEC-2017,
OPTSTK,BALKRISIND,28-Dec-2017,2550,CE,33.75,39.2,22.25,31.65,31.65,28,289.08,12400,-1200,19-DEC-2017,
OPTSTK,BALKRISIND,28-Dec-2017,2600,CE,25.5,25.5,11.8,19.55,19.55,225,2356.02,48000,-17200,19-DEC-2017,
OPTSTK,BALKRISIND,28-Dec-2017,2650,CE,0,0,0,25,20.9,0,0,400,0,19-DEC-2017,
OPTSTK,BALKRISIND,28-Dec-2017,2700,CE,8,8,5,6.25,6.25,19,205.65,11200,800,19-DEC-2017,
OPTSTK,BALKRISIND,28-Dec-2017,2750,CE,5,5,3.85,3.85,3.85,2,22.03,1200,400,19-DEC-2017,
OPTSTK,BALKRISIND,28-Dec-2017,2800,CE,1,2.55,1,2.55,2.55,3,33.62,1600,-400,19-DEC-2017,
OPTSTK,BALKRISIND,28-Dec-2017,2850,CE,0,0,0,10.5,2.45,0,0,0,0,19-DEC-2017,
OPTSTK,BALKRISIND,28-Dec-2017,1100,PE,0,0,0,0.45,0,0,0,0,0,19-DEC-2017,
OPTSTK,BALKRISIND,28-Dec-2017,1150,PE,0,0,0,1,0,0,0,0,0,19-DEC-2017,
OPTSTK,BALKRISIND,28-Dec-2017,1200,PE,0,0,0,1.9,0,0,0,0,0,19-DEC-2017,
OPTSTK,BALKRISIND,28-Dec-2017,1250,PE,0,0,0,3.55,0,0,0,0,0,19-DEC-2017,
OPTSTK,BALKRISIND,28-Dec-2017,1300,PE,0,0,0,6.15,0,0,0,0,0,19-DEC-2017,
OPTSTK,BALKRISIND,28-Dec-2017,1350,PE,0,0,0,10.1,0,0,0,0,0,19-DEC-2017,
OPTSTK,BALKRISIND,28-Dec-2017,1400,PE,0,0,0,15.8,0,0,0,0,0,19-DEC-2017,
OPTSTK,BALKRISIND,28-Dec-2017,1450,PE,0,0,0,23.6,0,0,0,0,0,19-DEC-2017,
OPTSTK,BALKRISIND,28-Dec-2017,1500,PE,0,0,0,33.9,0,0,0,0,0,19-DEC-2017,
OPTSTK,BALKRISIND,28-Dec-2017,1550,PE,0,0,0,47.05,0,0,0,0,0,19-DEC-2017,
OPTSTK,BALKRISIND,28-Dec-2017,1600,PE,0,0,0,63.1,0,0,0,0,0,19-DEC-2017,
OPTSTK,BALKRISIND,28-Dec-2017,1650,PE,0,0,0,82.45,0,0,0,0,0,19-DEC-2017,
OPTSTK,BALKRISIND,28-Dec-2017,1700,PE,0,0,0,105.05,0,0,0,0,0,19-DEC-2017,
OPTSTK,BALKRISIND,28-Dec-2017,1750,PE,0,0,0,130.9,0,0,0,0,0,19-DEC-2017,
OPTSTK,BALKRISIND,28-Dec-2017,1800,PE,0,0,0,3.5,0,0,0,2800,0,19-DEC-2017,
OPTSTK,BALKRISIND,28-Dec-2017,1850,PE,0,0,0,18,0,0,0,400,0,19-DEC-2017,
OPTSTK,BALKRISIND,28-Dec-2017,1900,PE,0,0,0,1,0,0,0,6800,0,19-DEC-2017,
OPTSTK,BALKRISIND,28-Dec-2017,1950,PE,0,0,0,2,0.05,0,0,1200,0,19-DEC-2017,
OPTSTK,BALKRISIND,28-Dec-2017,2000,PE,0,0,0,1.1,0.05,0,0,11200,0,19-DEC-2017,
OPTSTK,BALKRISIND,28-Dec-2017,2050,PE,0,0,0,5.9,0.2,0,0,1200,0,19-DEC-2017,
OPTSTK,BALKRISIND,28-Dec-2017,2100,PE,0,0,0,2.5,0.5,0,0,10400,0,19-DEC-2017,
OPTSTK,BALKRISIND,28-Dec-2017,2150,PE,1.4,1.4,1.4,1.4,1.4,1,8.6,4000,0,19-DEC-2017,
OPTSTK,BALKRISIND,28-Dec-2017,2200,PE,2,2,1.5,2,2,3,26.42,19200,-800,19-DEC-2017,
OPTSTK,BALKRISIND,28-Dec-2017,2250,PE,4.1,4.1,4,4,4,4,36.06,6000,1200,19-DEC-2017,
OPTSTK,BALKRISIND,28-Dec-2017,2300,PE,13.8,13.8,5.35,5.5,5.5,10,92.3,11600,-1200,19-DEC-2017,
OPTSTK,BALKRISIND,28-Dec-2017,2350,PE,18.2,18.2,8.35,10.45,10.45,13,122.8,6400,-1600,19-DEC-2017,
OPTSTK,BALKRISIND,28-Dec-2017,2400,PE,30,35,17.3,23.5,23.5,37,358.87,14000,5600,19-DEC-2017,
OPTSTK,BALKRISIND,28-Dec-2017,2450,PE,46.2,55,32,32,32,9,89.85,6000,1200,19-DEC-2017,
OPTSTK,BALKRISIND,28-Dec-2017,2500,PE,78.95,78.95,58.85,60,60,5,51.27,4800,400,19-DEC-2017,
OPTSTK,BALKRISIND,28-Dec-2017,2550,PE,0,0,0,127.35,103.45,0,0,400,0,19-DEC-2017,
OPTSTK,BALKRISIND,28-Dec-2017,2600,PE,0,0,0,139.3,137.5,0,0,800,0,19-DEC-2017,
OPTSTK,BALKRISIND,28-Dec-2017,2650,PE,0,0,0,702.75,175.95,0,0,0,0,19-DEC-2017,
OPTSTK,BALKRISIND,28-Dec-2017,2700,PE,0,0,0,641.4,218,0,0,0,0,19-DEC-2017,
OPTSTK,BALKRISIND,28-Dec-2017,2750,PE,0,0,0,688.65,262.7,0,0,0,0,19-DEC-2017,
OPTSTK,BALKRISIND,28-Dec-2017,2800,PE,0,0,0,709.65,309.3,0,0,0,0,19-DEC-2017,
OPTSTK,BALKRISIND,28-Dec-2017,2850,PE,0,0,0,685.15,357.25,0,0,0,0,19-DEC-2017,
OPTSTK,BALKRISIND,25-Jan-2018,1100,CE,0,0,0,547.75,1398,0,0,0,0,19-DEC-2017,
OPTSTK,BALKRISIND,25-Jan-2018,1150,CE,0,0,0,498.65,1348.3,0,0,0,0,19-DEC-2017,
OPTSTK,BALKRISIND,25-Jan-2018,1200,CE,0,0,0,449.8,1298.65,0,0,0,0,19-DEC-2017,
OPTSTK,BALKRISIND,25-Jan-2018,1250,CE,0,0,0,401.4,1248.95,0,0,0,0,19-DEC-2017,
OPTSTK,BALKRISIND,25-Jan-2018,1300,CE,0,0,0,353.8,1199.3,0,0,0,0,19-DEC-2017,
OPTSTK,BALKRISIND,25-Jan-2018,1350,CE,0,0,0,307.5,1149.6,0,0,0,0,19-DEC-2017,
OPTSTK,BALKRISIND,25-Jan-2018,1400,CE,0,0,0,263.1,1099.95,0,0,0,0,19-DEC-2017,
OPTSTK,BALKRISIND,25-Jan-2018,1450,CE,0,0,0,221.3,1050.25,0,0,0,0,19-DEC-2017,
OPTSTK,BALKRISIND,25-Jan-2018,1500,CE,0,0,0,182.85,1000.6,0,0,0,0,19-DEC-2017,
OPTSTK,BALKRISIND,25-Jan-2018,1550,CE,0,0,0,148.1,950.95,0,0,0,0,19-DEC-2017,
OPTSTK,BALKRISIND,25-Jan-2018,1600,CE,0,0,0,117.65,901.3,0,0,0,0,19-DEC-2017,
OPTSTK,BALKRISIND,25-Jan-2018,1650,CE,0,0,0,91.6,851.75,0,0,0,0,19-DEC-2017,
OPTSTK,BALKRISIND,25-Jan-2018,1700,CE,0,0,0,69.95,802.25,0,0,0,0,19-DEC-2017,
OPTSTK,BALKRISIND,25-Jan-2018,1750,CE,0,0,0,52.35,752.9,0,0,0,0,19-DEC-2017,
OPTSTK,BALKRISIND,25-Jan-2018,1800,CE,0,0,0,38.5,703.8,0,0,0,0,19-DEC-2017,
OPTSTK,BALKRISIND,25-Jan-2018,1850,CE,0,0,0,27.7,655,0,0,0,0,19-DEC-2017,
OPTSTK,BALKRISIND,25-Jan-2018,1900,CE,0,0,0,19.6,606.75,0,0,0,0,19-DEC-2017,
OPTSTK,BALKRISIND,25-Jan-2018,1950,CE,0,0,0,13.65,559.15,0,0,0,0,19-DEC-2017,
OPTSTK,BALKRISIND,25-Jan-2018,2000,CE,0,0,0,9.35,512.45,0,0,0,0,19-DEC-2017,
OPTSTK,BALKRISIND,25-Jan-2018,2050,CE,0,0,0,6.3,466.9,0,0,0,0,19-DEC-2017,
OPTSTK,BALKRISIND,25-Jan-2018,2100,CE,0,0,0,4.15,422.8,0,0,0,0,19-DEC-2017,
OPTSTK,BALKRISIND,25-Jan-2018,2150,CE,0,0,0,2.75,380.35,0,0,0,0,19-DEC-2017,
OPTSTK,BALKRISIND,25-Jan-2018,2200,CE,0,0,0,1.75,339.85,0,0,0,0,19-DEC-2017,
OPTSTK,BALKRISIND,25-Jan-2018,2250,CE,0,0,0,1.15,301.55,0,0,0,0,19-DEC-2017,
OPTSTK,BALKRISIND,25-Jan-2018,2300,CE,0,0,0,0.7,265.6,0,0,0,0,19-DEC-2017,
OPTSTK,BALKRISIND,25-Jan-2018,2350,CE,0,0,0,0.45,232.3,0,0,0,0,19-DEC-2017,
OPTSTK,BALKRISIND,25-Jan-2018,2400,CE,0,0,0,0.45,201.65,0,0,0,0,19-DEC-2017,
OPTSTK,BALKRISIND,25-Jan-2018,2450,CE,0,0,0,0.75,173.75,0,0,0,0,19-DEC-2017,
OPTSTK,BALKRISIND,25-Jan-2018,2500,CE,0,0,0,1.95,148.6,0,0,0,0,19-DEC-2017,
OPTSTK,BALKRISIND,25-Jan-2018,2550,CE,0,0,0,2.55,126.2,0,0,0,0,19-DEC-2017,
OPTSTK,BALKRISIND,25-Jan-2018,2600,CE,0,0,0,12.55,106.35,0,0,0,0,19-DEC-2017,
OPTSTK,BALKRISIND,25-Jan-2018,2650,CE,0,0,0,10.05,89,0,0,0,0,19-DEC-2017,
OPTSTK,BALKRISIND,25-Jan-2018,2700,CE,0,0,0,30.5,73.95,0,0,0,0,19-DEC-2017,
OPTSTK,BALKRISIND,25-Jan-2018,2750,CE,0,0,0,25.95,61.15,0,0,0,0,19-DEC-2017,
OPTSTK,BALKRISIND,25-Jan-2018,2800,CE,0,0,0,22.5,50.05,0,0,0,0,19-DEC-2017,
OPTSTK,BALKRISIND,25-Jan-2018,2850,CE,0,0,0,30.35,40.8,0,0,0,0,19-DEC-2017,
OPTSTK,BALKRISIND,25-Jan-2018,1100,PE,0,0,0,0.1,0,0,0,0,0,19-DEC-2017,
OPTSTK,BALKRISIND,25-Jan-2018,1150,PE,0,0,0,0.25,0,0,0,0,0,19-DEC-2017,
OPTSTK,BALKRISIND,25-Jan-2018,1200,PE,0,0,0,0.6,0,0,0,0,0,19-DEC-2017,
OPTSTK,BALKRISIND,25-Jan-2018,1250,PE,0,0,0,1.4,0,0,0,0,0,19-DEC-2017,
OPTSTK,BALKRISIND,25-Jan-2018,1300,PE,0,0,0,3,0,0,0,0,0,19-DEC-2017,
OPTSTK,BALKRISIND,25-Jan-2018,1350,PE,0,0,0,5.9,0,0,0,0,0,19-DEC-2017,
OPTSTK,BALKRISIND,25-Jan-2018,1400,PE,0,0,0,10.75,0,0,0,0,0,19-DEC-2017,
OPTSTK,BALKRISIND,25-Jan-2018,1450,PE,0,0,0,18.15,0.05,0,0,0,0,19-DEC-2017,
OPTSTK,BALKRISIND,25-Jan-2018,1500,PE,0,0,0,28.9,0.05,0,0,0,0,19-DEC-2017,
OPTSTK,BALKRISIND,25-Jan-2018,1550,PE,0,0,0,43.35,0.05,0,0,0,0,19-DEC-2017,
OPTSTK,BALKRISIND,25-Jan-2018,1600,PE,0,0,0,62.15,0.1,0,0,0,0,19-DEC-2017,
OPTSTK,BALKRISIND,25-Jan-2018,1650,PE,0,0,0,85.35,0.2,0,0,0,0,19-DEC-2017,
OPTSTK,BALKRISIND,25-Jan-2018,1700,PE,0,0,0,112.85,0.4,0,0,0,0,19-DEC-2017,
OPTSTK,BALKRISIND,25-Jan-2018,1750,PE,0,0,0,144.5,0.7,0,0,0,0,19-DEC-2017,
OPTSTK,BALKRISIND,25-Jan-2018,1800,PE,0,0,0,179.85,1.3,0,0,0,0,19-DEC-2017,
OPTSTK,BALKRISIND,25-Jan-2018,1850,PE,0,0,0,218.3,2.2,0,0,0,0,19-DEC-2017,
OPTSTK,BALKRISIND,25-Jan-2018,1900,PE,0,0,0,259.4,3.6,0,0,0,0,19-DEC-2017,
OPTSTK,BALKRISIND,25-Jan-2018,1950,PE,0,0,0,302.65,5.65,0,0,0,0,19-DEC-2017,
OPTSTK,BALKRISIND,25-Jan-2018,2000,PE,0,0,0,347.55,8.65,0,0,0,0,19-DEC-2017,
OPTSTK,BALKRISIND,25-Jan-2018,2050,PE,0,0,0,393.75,12.8,0,0,0,0,19-DEC-2017,
OPTSTK,BALKRISIND,25-Jan-2018,2100,PE,0,0,0,440.85,18.35,0,0,0,0,19-DEC-2017,
OPTSTK,BALKRISIND,25-Jan-2018,2150,PE,0,0,0,488.6,25.55,0,0,0,0,19-DEC-2017,
OPTSTK,BALKRISIND,25-Jan-2018,2200,PE,0,0,0,536.85,34.75,0,0,0,0,19-DEC-2017,
OPTSTK,BALKRISIND,25-Jan-2018,2250,PE,0,0,0,585.45,46.1,0,0,0,0,19-DEC-2017,
OPTSTK,BALKRISIND,25-Jan-2018,2300,PE,0,0,0,634.25,59.85,0,0,0,0,19-DEC-2017,
OPTSTK,BALKRISIND,25-Jan-2018,2350,PE,0,0,0,104,76.2,0,0,400,0,19-DEC-2017,
OPTSTK,BALKRISIND,25-Jan-2018,2400,PE,0,0,0,687.4,95.25,0,0,0,0,19-DEC-2017,
OPTSTK,BALKRISIND,25-Jan-2018,2450,PE,0,0,0,675.95,117,0,0,0,0,19-DEC-2017,
OPTSTK,BALKRISIND,25-Jan-2018,2500,PE,0,0,0,650.1,141.55,0,0,0,0,19-DEC-2017,
OPTSTK,BALKRISIND,25-Jan-2018,2550,PE,0,0,0,656.9,168.8,0,0,0,0,19-DEC-2017,
OPTSTK,BALKRISIND,25-Jan-2018,2600,PE,0,0,0,650.65,198.65,0,0,0,0,19-DEC-2017,
OPTSTK,BALKRISIND,25-Jan-2018,2650,PE,0,0,0,697.5,230.95,0,0,0,0,19-DEC-2017,
OPTSTK,BALKRISIND,25-Jan-2018,2700,PE,0,0,0,647.55,265.55,0,0,0,0,19-DEC-2017,
OPTSTK,BALKRISIND,25-Jan-2018,2750,PE,0,0,0,692.4,302.45,0,0,0,0,19-DEC-2017,
OPTSTK,BALKRISIND,25-Jan-2018,2800,PE,0,0,0,711.5,341.05,0,0,0,0,19-DEC-2017,
OPTSTK,BALKRISIND,25-Jan-2018,2850,PE,0,0,0,691.2,381.45,0,0,0,0,19-DEC-2017,
OPTSTK,BALKRISIND,22-Feb-2018,1450,CE,0,0,0,720.3,1057.6,0,0,0,0,19-DEC-2017,
OPTSTK,BALKRISIND,22-Feb-2018,1500,CE,0,0,0,672.75,1008.35,0,0,0,0,19-DEC-2017,
OPTSTK,BALKRISIND,22-Feb-2018,1550,CE,0,0,0,625.9,959.25,0,0,0,0,19-DEC-2017,
OPTSTK,BALKRISIND,22-Feb-2018,1600,CE,0,0,0,580,910.3,0,0,0,0,19-DEC-2017,
OPTSTK,BALKRISIND,22-Feb-2018,1650,CE,0,0,0,535.2,861.65,0,0,0,0,19-DEC-2017,
OPTSTK,BALKRISIND,22-Feb-2018,1700,CE,0,0,0,491.7,813.3,0,0,0,0,19-DEC-2017,
OPTSTK,BALKRISIND,22-Feb-2018,1750,CE,0,0,0,449.7,765.45,0,0,0,0,19-DEC-2017,
OPTSTK,BALKRISIND,22-Feb-2018,1800,CE,0,0,0,409.45,718.2,0,0,0,0,19-DEC-2017,
OPTSTK,BALKRISIND,22-Feb-2018,1850,CE,0,0,0,371.1,671.7,0,0,0,0,19-DEC-2017,
OPTSTK,BALKRISIND,22-Feb-2018,1900,CE,0,0,0,334.8,626.1,0,0,0,0,19-DEC-2017,
OPTSTK,BALKRISIND,22-Feb-2018,1950,CE,0,0,0,300.5,581.55,0,0,0,0,19-DEC-2017,
OPTSTK,BALKRISIND,22-Feb-2018,2000,CE,0,0,0,268.55,538.25,0,0,0,0,19-DEC-2017,
OPTSTK,BALKRISIND,22-Feb-2018,2050,CE,0,0,0,238.95,496.3,0,0,0,0,19-DEC-2017,
OPTSTK,BALKRISIND,22-Feb-2018,2100,CE,0,0,0,211.65,455.95,0,0,0,0,19-DEC-2017,
OPTSTK,BALKRISIND,22-Feb-2018,2150,CE,0,0,0,186.6,417.25,0,0,0,0,19-DEC-2017,
OPTSTK,BALKRISIND,22-Feb-2018,2200,CE,0,0,0,163.85,380.45,0,0,0,0,19-DEC-2017,
OPTSTK,BALKRISIND,22-Feb-2018,2250,CE,0,0,0,143.2,345.45,0,0,0,0,19-DEC-2017,
OPTSTK,BALKRISIND,22-Feb-2018,2300,CE,0,0,0,124.7,312.4,0,0,0,0,19-DEC-2017,
OPTSTK,BALKRISIND,22-Feb-2018,2350,CE,0,0,0,108.15,281.55,0,0,0,0,19-DEC-2017,
OPTSTK,BALKRISIND,22-Feb-2018,2400,CE,0,0,0,93.4,252.75,0,0,0,0,19-DEC-2017,
OPTSTK,BALKRISIND,22-Feb-2018,2450,CE,0,0,0,80.5,226.1,0,0,0,0,19-DEC-2017,
OPTSTK,BALKRISIND,22-Feb-2018,2500,CE,0,0,0,69.1,201.45,0,0,0,0,19-DEC-2017,
OPTSTK,BALKRISIND,22-Feb-2018,2550,CE,0,0,0,59,178.85,0,0,0,0,19-DEC-2017,
OPTSTK,BALKRISIND,22-Feb-2018,2600,CE,0,0,0,50.3,158.25,0,0,0,0,19-DEC-2017,
OPTSTK,BALKRISIND,22-Feb-2018,2650,CE,0,0,0,42.7,139.5,0,0,0,0,19-DEC-2017,
OPTSTK,BALKRISIND,22-Feb-2018,2700,CE,0,0,0,36.15,122.6,0,0,0,0,19-DEC-2017,
OPTSTK,BALKRISIND,22-Feb-2018,2750,CE,0,0,0,30.55,107.35,0,0,0,0,19-DEC-2017,
OPTSTK,BALKRISIND,22-Feb-2018,2800,CE,0,0,0,25.7,93.7,0,0,0,0,19-DEC-2017,
OPTSTK,BALKRISIND,22-Feb-2018,2850,CE,0,0,0,21.6,81.7,0,0,0,0,19-DEC-2017,
OPTSTK,BALKRISIND,22-Feb-2018,1450,PE,0,0,0,3,0.25,0,0,0,0,19-DEC-2017,
OPTSTK,BALKRISIND,22-Feb-2018,1500,PE,0,0,0,4.75,0.45,0,0,0,0,19-DEC-2017,
OPTSTK,BALKRISIND,22-Feb-2018,1550,PE,0,0,0,7.2,0.75,0,0,0,0,19-DEC-2017,
OPTSTK,BALKRISIND,22-Feb-2018,1600,PE,0,0,0,10.55,1.25,0,0,0,0,19-DEC-2017,
OPTSTK,BALKRISIND,22-Feb-2018,1650,PE,0,0,0,15,2.05,0,0,0,0,19-DEC-2017,
OPTSTK,BALKRISIND,22-Feb-2018,1700,PE,0,0,0,20.75,3.15,0,0,0,0,19-DEC-2017,
OPTSTK,BALKRISIND,22-Feb-2018,1750,PE,0,0,0,28.05,4.7,0,0,0,0,19-DEC-2017,
OPTSTK,BALKRISIND,22-Feb-2018,1800,PE,0,0,0,37.05,6.9,0,0,0,0,19-DEC-2017,
OPTSTK,BALKRISIND,22-Feb-2018,1850,PE,0,0,0,47.95,9.8,0,0,0,0,19-DEC-2017,
OPTSTK,BALKRISIND,22-Feb-2018,1900,PE,0,0,0,60.95,13.65,0,0,0,0,19-DEC-2017,
OPTSTK,BALKRISIND,22-Feb-2018,1950,PE,0,0,0,75.95,18.5,0,0,0,0,19-DEC-2017,
OPTSTK,BALKRISIND,22-Feb-2018,2000,PE,0,0,0,93.25,24.6,0,0,0,0,19-DEC-2017,
OPTSTK,BALKRISIND,22-Feb-2018,2050,PE,0,0,0,112.9,32.15,0,0,0,0,19-DEC-2017,
OPTSTK,BALKRISIND,22-Feb-2018,2100,PE,0,0,0,134.85,41.2,0,0,0,0,19-DEC-2017,
OPTSTK,BALKRISIND,22-Feb-2018,2150,PE,0,0,0,159.1,51.95,0,0,0,0,19-DEC-2017,
OPTSTK,BALKRISIND,22-Feb-2018,2200,PE,0,0,0,185.6,64.55,0,0,0,0,19-DEC-2017,
OPTSTK,BALKRISIND,22-Feb-2018,2250,PE,0,0,0,214.3,79,0,0,0,0,19-DEC-2017,
OPTSTK,BALKRISIND,22-Feb-2018,2300,PE,0,0,0,245.05,95.4,0,0,0,0,19-DEC-2017,
OPTSTK,BALKRISIND,22-Feb-2018,2350,PE,0,0,0,277.75,113.95,0,0,0,0,19-DEC-2017,
OPTSTK,BALKRISIND,22-Feb-2018,2400,PE,0,0,0,312.3,134.6,0,0,0,0,19-DEC-2017,
OPTSTK,BALKRISIND,22-Feb-2018,2450,PE,0,0,0,348.65,157.35,0,0,0,0,19-DEC-2017,
OPTSTK,BALKRISIND,22-Feb-2018,2500,PE,0,0,0,386.5,182.15,0,0,0,0,19-DEC-2017,
OPTSTK,BALKRISIND,22-Feb-2018,2550,PE,0,0,0,425.7,209,0,0,0,0,19-DEC-2017,
OPTSTK,BALKRISIND,22-Feb-2018,2600,PE,0,0,0,466.25,237.8,0,0,0,0,19-DEC-2017,
OPTSTK,BALKRISIND,22-Feb-2018,2650,PE,0,0,0,507.95,268.5,0,0,0,0,19-DEC-2017,
OPTSTK,BALKRISIND,22-Feb-2018,2700,PE,0,0,0,550.65,301,0,0,0,0,19-DEC-2017,
OPTSTK,BALKRISIND,22-Feb-2018,2750,PE,0,0,0,594.3,335.2,0,0,0,0,19-DEC-2017,
OPTSTK,BALKRISIND,22-Feb-2018,2800,PE,0,0,0,638.75,371,0,0,0,0,19-DEC-2017,
OPTSTK,BALKRISIND,22-Feb-2018,2850,PE,0,0,0,683.9,408.4,0,0,0,0,19-DEC-2017,
OPTSTK,BALRAMCHIN,28-Dec-2017,105,CE,0,0,0,54.2,43.2,0,0,0,0,19-DEC-2017,
OPTSTK,BALRAMCHIN,28-Dec-2017,110,CE,0,0,0,49.4,38.2,0,0,0,0,19-DEC-2017,
OPTSTK,BALRAMCHIN,28-Dec-2017,115,CE,0,0,0,44.6,33.2,0,0,0,0,19-DEC-2017,
OPTSTK,BALRAMCHIN,28-Dec-2017,120,CE,0,0,0,39.95,28.2,0,0,0,0,19-DEC-2017,
OPTSTK,BALRAMCHIN,28-Dec-2017,125,CE,0,0,0,35.4,23.25,0,0,0,0,19-DEC-2017,
OPTSTK,BALRAMCHIN,28-Dec-2017,130,CE,0,0,0,31.1,18.35,0,0,0,0,19-DEC-2017,
OPTSTK,BALRAMCHIN,28-Dec-2017,135,CE,0,0,0,27,13.65,0,0,0,0,19-DEC-2017,
OPTSTK,BALRAMCHIN,28-Dec-2017,140,CE,5.3,10,5.3,9.5,9.5,37,191.17,35000,-38500,19-DEC-2017,
OPTSTK,BALRAMCHIN,28-Dec-2017,145,CE,3,6.5,2.6,5.75,5.75,134,702.45,175000,-42000,19-DEC-2017,
OPTSTK,BALRAMCHIN,28-Dec-2017,150,CE,1.4,3.95,1.35,3.2,3.2,791,4230.05,511000,3500,19-DEC-2017,
OPTSTK,BALRAMCHIN,28-Dec-2017,155,CE,0.85,2.35,0.7,1.8,1.8,488,2675.73,661500,136500,19-DEC-2017,
OPTSTK,BALRAMCHIN,28-Dec-2017,160,CE,0.55,1.45,0.45,1.1,1.1,529,2980.1,1197000,-49000,19-DEC-2017,
OPTSTK,BALRAMCHIN,28-Dec-2017,165,CE,0.4,0.85,0.3,0.65,0.65,158,915.58,322000,21000,19-DEC-2017,
OPTSTK,BALRAMCHIN,28-Dec-2017,170,CE,0.25,0.5,0.25,0.45,0.45,64,381.68,724500,35000,19-DEC-2017,
OPTSTK,BALRAMCHIN,28-Dec-2017,175,CE,0.1,0.25,0.1,0.2,0.2,17,104.23,189000,0,19-DEC-2017,
OPTSTK,BALRAMCHIN,28-Dec-2017,180,CE,0.1,0.2,0.1,0.1,0.1,5,31.52,266000,-7000,19-DEC-2017,
OPTSTK,BALRAMCHIN,28-Dec-2017,185,CE,0.1,0.1,0.05,0.05,0.05,2,12.95,203000,-3500,19-DEC-2017,
OPTSTK,BALRAMCHIN,28-Dec-2017,190,CE,0,0,0,0.05,0,0,0,28000,0,19-DEC-2017,
OPTSTK,BALRAMCHIN,28-Dec-2017,195,CE,0,0,0,2.1,0,0,0,0,0,19-DEC-2017,
OPTSTK,BALRAMCHIN,28-Dec-2017,200,CE,0,0,0,1.6,0,0,0,0,0,19-DEC-2017,
OPTSTK,BALRAMCHIN,28-Dec-2017,205,CE,0,0,0,1.2,0,0,0,0,0,19-DEC-2017,
OPTSTK,BALRAMCHIN,28-Dec-2017,210,CE,0,0,0,0.9,0,0,0,0,0,19-DEC-2017,
OPTSTK,BALRAMCHIN,28-Dec-2017,105,PE,0,0,0,0.1,0,0,0,0,0,19-DEC-2017,
OPTSTK,BALRAMCHIN,28-Dec-2017,110,PE,0,0,0,0.15,0,0,0,7000,0,19-DEC-2017,
OPTSTK,BALRAMCHIN,28-Dec-2017,115,PE,0,0,0,0.3,0,0,0,0,0,19-DEC-2017,
OPTSTK,BALRAMCHIN,28-Dec-2017,120,PE,0,0,0,0.55,0,0,0,0,0,19-DEC-2017,
OPTSTK,BALRAMCHIN,28-Dec-2017,125,PE,0,0,0,0.95,0.05,0,0,0,0,19-DEC-2017,
OPTSTK,BALRAMCHIN,28-Dec-2017,130,PE,0.25,0.25,0.2,0.2,0.2,11,50.12,24500,-24500,19-DEC-2017,
OPTSTK,BALRAMCHIN,28-Dec-2017,135,PE,0.95,0.95,0.35,0.4,0.4,51,241.79,70000,-7000,19-DEC-2017,
OPTSTK,BALRAMCHIN,28-Dec-2017,140,PE,2.2,2.25,0.7,1,1,210,1037.34,332500,28000,19-DEC-2017,
OPTSTK,BALRAMCHIN,28-Dec-2017,145,PE,4.75,4.75,1.8,2.2,2.2,93,480.03,224000,56000,19-DEC-2017,
OPTSTK,BALRAMCHIN,28-Dec-2017,150,PE,7.7,7.85,4,4.7,4.7,31,167.99,259000,7000,19-DEC-2017,
OPTSTK,BALRAMCHIN,28-Dec-2017,155,PE,8.45,8.45,8,8,8,4,22.84,112000,0,19-DEC-2017,
OPTSTK,BALRAMCHIN,28-Dec-2017,160,PE,16.7,16.7,14.95,14.95,14.95,3,18.49,115500,-3500,19-DEC-2017,
OPTSTK,BALRAMCHIN,28-Dec-2017,165,PE,0,0,0,15.1,17.05,0,0,28000,0,19-DEC-2017,
OPTSTK,BALRAMCHIN,28-Dec-2017,170,PE,0,0,0,14.1,21.85,0,0,38500,0,19-DEC-2017,
OPTSTK,BALRAMCHIN,28-Dec-2017,175,PE,0,0,0,22.35,26.8,0,0,7000,0,19-DEC-2017,
OPTSTK,BALRAMCHIN,28-Dec-2017,180,PE,0,0,0,25.3,31.75,0,0,17500,0,19-DEC-2017,
OPTSTK,BALRAMCHIN,28-Dec-2017,185,PE,0,0,0,23.7,36.75,0,0,7000,0,19-DEC-2017,
OPTSTK,BALRAMCHIN,28-Dec-2017,190,PE,0,0,0,32.3,41.75,0,0,0,0,19-DEC-2017,
OPTSTK,BALRAMCHIN,28-Dec-2017,195,PE,0,0,0,36.6,46.7,0,0,0,0,19-DEC-2017,
OPTSTK,BALRAMCHIN,28-Dec-2017,200,PE,0,0,0,41,51.7,0,0,0,0,19-DEC-2017,
OPTSTK,BALRAMCHIN,28-Dec-2017,205,PE,0,0,0,45.55,56.7,0,0,0,0,19-DEC-2017,
OPTSTK,BALRAMCHIN,28-Dec-2017,210,PE,0,0,0,50.15,61.7,0,0,0,0,19-DEC-2017,
OPTSTK,BALRAMCHIN,25-Jan-2018,105,CE,0,0,0,55.15,43.75,0,0,0,0,19-DEC-2017,
OPTSTK,BALRAMCHIN,25-Jan-2018,110,CE,0,0,0,50.35,38.85,0,0,0,0,19-DEC-2017,
OPTSTK,BALRAMCHIN,25-Jan-2018,115,CE,0,0,0,45.55,34,0,0,0,0,19-DEC-2017,
OPTSTK,BALRAMCHIN,25-Jan-2018,120,CE,0,0,0,40.95,29.3,0,0,0,0,19-DEC-2017,
OPTSTK,BALRAMCHIN,25-Jan-2018,125,CE,0,0,0,36.45,24.8,0,0,0,0,19-DEC-2017,
OPTSTK,BALRAMCHIN,25-Jan-2018,130,CE,0,0,0,32.1,20.55,0,0,0,0,19-DEC-2017,
OPTSTK,BALRAMCHIN,25-Jan-2018,135,CE,0,0,0,28.05,16.7,0,0,0,0,19-DEC-2017,
OPTSTK,BALRAMCHIN,25-Jan-2018,140,CE,0,0,0,24.25,13.25,0,0,0,0,19-DEC-2017,
OPTSTK,BALRAMCHIN,25-Jan-2018,145,CE,0,0,0,20.7,10.3,0,0,0,0,19-DEC-2017,
OPTSTK,BALRAMCHIN,25-Jan-2018,150,CE,5.8,6,5.8,6,6,2,10.91,3500,3500,19-DEC-2017,
OPTSTK,BALRAMCHIN,25-Jan-2018,155,CE,5.5,5.5,5.5,5.5,5.5,1,5.61,3500,3500,19-DEC-2017,
OPTSTK,BALRAMCHIN,25-Jan-2018,160,CE,2.9,2.9,2.9,2.9,2.9,1,5.7,14000,0,19-DEC-2017,
OPTSTK,BALRAMCHIN,25-Jan-2018,165,CE,0,0,0,10,3,0,0,0,0,19-DEC-2017,
OPTSTK,BALRAMCHIN,25-Jan-2018,170,CE,1.5,1.5,1.5,1.5,1.5,1,6,3500,3500,19-DEC-2017,
OPTSTK,BALRAMCHIN,25-Jan-2018,175,CE,0,0,0,6.55,1.4,0,0,0,0,19-DEC-2017,
OPTSTK,BALRAMCHIN,25-Jan-2018,180,CE,0,0,0,5.25,0.95,0,0,0,0,19-DEC-2017,
OPTSTK,BALRAMCHIN,25-Jan-2018,185,CE,0,0,0,4.15,0.65,0,0,0,0,19-DEC-2017,
OPTSTK,BALRAMCHIN,25-Jan-2018,190,CE,0,0,0,3.3,0.4,0,0,0,0,19-DEC-2017,
OPTSTK,BALRAMCHIN,25-Jan-2018,195,CE,0,0,0,2.55,0.25,0,0,0,0,19-DEC-2017,
OPTSTK,BALRAMCHIN,25-Jan-2018,200,CE,0,0,0,2,0.15,0,0,0,0,19-DEC-2017,
OPTSTK,BALRAMCHIN,25-Jan-2018,205,CE,0,0,0,1.55,0.1,0,0,0,0,19-DEC-2017,
OPTSTK,BALRAMCHIN,25-Jan-2018,210,CE,0,0,0,1.15,0.1,0,0,0,0,19-DEC-2017,
OPTSTK,BALRAMCHIN,25-Jan-2018,105,PE,0,0,0,0.1,0.05,0,0,0,0,19-DEC-2017,
OPTSTK,BALRAMCHIN,25-Jan-2018,110,PE,0,0,0,0.2,0.1,0,0,0,0,19-DEC-2017,
OPTSTK,BALRAMCHIN,25-Jan-2018,115,PE,0,0,0,0.35,0.25,0,0,0,0,19-DEC-2017,
OPTSTK,BALRAMCHIN,25-Jan-2018,120,PE,0,0,0,0.65,0.5,0,0,0,0,19-DEC-2017,
OPTSTK,BALRAMCHIN,25-Jan-2018,125,PE,4.3,4.3,4.3,4.3,4.3,48,217.22,168000,168000,19-DEC-2017,
OPTSTK,BALRAMCHIN,25-Jan-2018,130,PE,0,0,0,1.7,1.7,0,0,0,0,19-DEC-2017,
OPTSTK,BALRAMCHIN,25-Jan-2018,135,PE,0,0,0,2.5,2.85,0,0,0,0,19-DEC-2017,
OPTSTK,BALRAMCHIN,25-Jan-2018,140,PE,3.2,3.45,3.2,3.45,3.45,2,10.03,7000,7000,19-DEC-2017,
OPTSTK,BALRAMCHIN,25-Jan-2018,145,PE,0,0,0,5.05,6.35,0,0,0,0,19-DEC-2017,
OPTSTK,BALRAMCHIN,25-Jan-2018,150,PE,0,0,0,6.8,8.85,0,0,0,0,19-DEC-2017,
OPTSTK,BALRAMCHIN,25-Jan-2018,155,PE,0,0,0,8.85,11.8,0,0,0,0,19-DEC-2017,
OPTSTK,BALRAMCHIN,25-Jan-2018,160,PE,0,0,0,11.3,15.15,0,0,0,0,19-DEC-2017,
OPTSTK,BALRAMCHIN,25-Jan-2018,165,PE,0,0,0,14,18.9,0,0,0,0,19-DEC-2017,
OPTSTK,BALRAMCHIN,25-Jan-2018,170,PE,0,0,0,17.1,22.95,0,0,0,0,19-DEC-2017,
OPTSTK,BALRAMCHIN,25-Jan-2018,175,PE,0,0,0,20.4,27.3,0,0,0,0,19-DEC-2017,
OPTSTK,BALRAMCHIN,25-Jan-2018,180,PE,0,0,0,24.05,31.8,0,0,0,0,19-DEC-2017,
OPTSTK,BALRAMCHIN,25-Jan-2018,185,PE,0,0,0,27.85,36.45,0,0,0,0,19-DEC-2017,
OPTSTK,BALRAMCHIN,25-Jan-2018,190,PE,0,0,0,31.9,41.2,0,0,0,0,19-DEC-2017,
OPTSTK,BALRAMCHIN,25-Jan-2018,195,PE,0,0,0,36.1,46,0,0,0,0,19-DEC-2017,
OPTSTK,BALRAMCHIN,25-Jan-2018,200,PE,0,0,0,40.45,50.85,0,0,0,0,19-DEC-2017,
OPTSTK,BALRAMCHIN,25-Jan-2018,205,PE,0,0,0,44.9,55.8,0,0,0,0,19-DEC-2017,
OPTSTK,BALRAMCHIN,25-Jan-2018,210,PE,0,0,0,49.5,60.7,0,0,0,0,19-DEC-2017,
OPTSTK,BALRAMCHIN,22-Feb-2018,105,CE,0,0,0,55.8,44.45,0,0,0,0,19-DEC-2017,
OPTSTK,BALRAMCHIN,22-Feb-2018,110,CE,0,0,0,51,39.75,0,0,0,0,19-DEC-2017,
OPTSTK,BALRAMCHIN,22-Feb-2018,115,CE,0,0,0,46.25,35.2,0,0,0,0,19-DEC-2017,
OPTSTK,BALRAMCHIN,22-Feb-2018,120,CE,0,0,0,41.65,30.8,0,0,0,0,19-DEC-2017,
OPTSTK,BALRAMCHIN,22-Feb-2018,125,CE,0,0,0,37.15,26.65,0,0,0,0,19-DEC-2017,
OPTSTK,BALRAMCHIN,22-Feb-2018,130,CE,0,0,0,32.9,22.8,0,0,0,0,19-DEC-2017,
OPTSTK,BALRAMCHIN,22-Feb-2018,135,CE,0,0,0,28.8,19.25,0,0,0,0,19-DEC-2017,
OPTSTK,BALRAMCHIN,22-Feb-2018,140,CE,0,0,0,25.05,16.1,0,0,0,0,19-DEC-2017,
OPTSTK,BALRAMCHIN,22-Feb-2018,145,CE,0,0,0,21.55,13.3,0,0,0,0,19-DEC-2017,
OPTSTK,BALRAMCHIN,22-Feb-2018,150,CE,0,0,0,18.35,10.85,0,0,0,0,19-DEC-2017,
OPTSTK,BALRAMCHIN,22-Feb-2018,155,CE,0,0,0,15.5,8.75,0,0,0,0,19-DEC-2017,
OPTSTK,BALRAMCHIN,22-Feb-2018,160,CE,0,0,0,13,6.95,0,0,0,0,19-DEC-2017,
OPTSTK,BALRAMCHIN,22-Feb-2018,165,CE,0,0,0,10.75,5.5,0,0,0,0,19-DEC-2017,
OPTSTK,BALRAMCHIN,22-Feb-2018,170,CE,0,0,0,8.85,4.3,0,0,0,0,19-DEC-2017,
OPTSTK,BALRAMCHIN,22-Feb-2018,175,CE,0,0,0,7.2,3.35,0,0,0,0,19-DEC-2017,
OPTSTK,BALRAMCHIN,22-Feb-2018,180,CE,0,0,0,5.85,2.55,0,0,0,0,19-DEC-2017,
OPTSTK,BALRAMCHIN,22-Feb-2018,185,CE,0,0,0,4.7,1.95,0,0,0,0,19-DEC-2017,
OPTSTK,BALRAMCHIN,22-Feb-2018,190,CE,0,0,0,3.75,1.5,0,0,0,0,19-DEC-2017,
OPTSTK,BALRAMCHIN,22-Feb-2018,195,CE,0,0,0,2.95,1.1,0,0,0,0,19-DEC-2017,
OPTSTK,BALRAMCHIN,22-Feb-2018,200,CE,0,0,0,2.35,0.85,0,0,0,0,19-DEC-2017,
OPTSTK,BALRAMCHIN,22-Feb-2018,205,CE,0,0,0,1.85,0.6,0,0,0,0,19-DEC-2017,
OPTSTK,BALRAMCHIN,22-Feb-2018,210,CE,0,0,0,1.45,0.45,0,0,0,0,19-DEC-2017,
OPTSTK,BALRAMCHIN,22-Feb-2018,105,PE,0,0,0,0.15,0.25,0,0,0,0,19-DEC-2017,
OPTSTK,BALRAMCHIN,22-Feb-2018,110,PE,0,0,0,0.25,0.5,0,0,0,0,19-DEC-2017,
OPTSTK,BALRAMCHIN,22-Feb-2018,115,PE,0,0,0,0.45,0.85,0,0,0,0,19-DEC-2017,
OPTSTK,BALRAMCHIN,22-Feb-2018,120,PE,0,0,0,0.75,1.45,0,0,0,0,19-DEC-2017,
OPTSTK,BALRAMCHIN,22-Feb-2018,125,PE,0,0,0,1.2,2.25,0,0,0,0,19-DEC-2017,
OPTSTK,BALRAMCHIN,22-Feb-2018,130,PE,0,0,0,1.85,3.3,0,0,0,0,19-DEC-2017,
OPTSTK,BALRAMCHIN,22-Feb-2018,135,PE,0,0,0,2.7,4.75,0,0,0,0,19-DEC-2017,
OPTSTK,BALRAMCHIN,22-Feb-2018,140,PE,0,0,0,3.85,6.5,0,0,0,0,19-DEC-2017,
OPTSTK,BALRAMCHIN,22-Feb-2018,145,PE,0,0,0,5.3,8.65,0,0,0,0,19-DEC-2017,
OPTSTK,BALRAMCHIN,22-Feb-2018,150,PE,0,0,0,7,11.1,0,0,0,0,19-DEC-2017,
OPTSTK,BALRAMCHIN,22-Feb-2018,155,PE,0,0,0,9.1,13.95,0,0,0,0,19-DEC-2017,
OPTSTK,BALRAMCHIN,22-Feb-2018,160,PE,0,0,0,11.5,17.15,0,0,0,0,19-DEC-2017,
OPTSTK,BALRAMCHIN,22-Feb-2018,165,PE,0,0,0,14.2,20.6,0,0,0,0,19-DEC-2017,
OPTSTK,BALRAMCHIN,22-Feb-2018,170,PE,0,0,0,17.2,24.35,0,0,0,0,19-DEC-2017,
OPTSTK,BALRAMCHIN,22-Feb-2018,175,PE,0,0,0,20.5,28.35,0,0,0,0,19-DEC-2017,
OPTSTK,BALRAMCHIN,22-Feb-2018,180,PE,0,0,0,24.05,32.5,0,0,0,0,19-DEC-2017,
OPTSTK,BALRAMCHIN,22-Feb-2018,185,PE,0,0,0,27.85,36.85,0,0,0,0,19-DEC-2017,
OPTSTK,BALRAMCHIN,22-Feb-2018,190,PE,0,0,0,31.85,41.3,0,0,0,0,19-DEC-2017,
OPTSTK,BALRAMCHIN,22-Feb-2018,195,PE,0,0,0,36,45.9,0,0,0,0,19-DEC-2017,
OPTSTK,BALRAMCHIN,22-Feb-2018,200,PE,0,0,0,40.3,50.55,0,0,0,0,19-DEC-2017,
OPTSTK,BALRAMCHIN,22-Feb-2018,205,PE,0,0,0,44.7,55.3,0,0,0,0,19-DEC-2017,
OPTSTK,BALRAMCHIN,22-Feb-2018,210,PE,0,0,0,49.2,60.05,0,0,0,0,19-DEC-2017,
OPTSTK,BANKBARODA,28-Dec-2017,100,CE,0,0,0,65.25,68.5,0,0,196000,0,19-DEC-2017,
OPTSTK,BANKBARODA,28-Dec-2017,105,CE,0,0,0,35.5,63.5,0,0,0,0,19-DEC-2017,
OPTSTK,BANKBARODA,28-Dec-2017,110,CE,0,0,0,30.9,58.5,0,0,0,0,19-DEC-2017,
OPTSTK,BANKBARODA,28-Dec-2017,115,CE,0,0,0,26.45,53.5,0,0,0,0,19-DEC-2017,
OPTSTK,BANKBARODA,28-Dec-2017,120,CE,0,0,0,22.3,48.5,0,0,0,0,19-DEC-2017,
OPTSTK,BANKBARODA,28-Dec-2017,125,CE,0,0,0,18.5,43.5,0,0,0,0,19-DEC-2017,
OPTSTK,BANKBARODA,28-Dec-2017,130,CE,0,0,0,15.05,38.5,0,0,0,0,19-DEC-2017,
OPTSTK,BANKBARODA,28-Dec-2017,135,CE,0,0,0,40.5,33.55,0,0,7000,0,19-DEC-2017,
OPTSTK,BANKBARODA,28-Dec-2017,140,CE,0,0,0,27,28.55,0,0,3500,0,19-DEC-2017,
OPTSTK,BANKBARODA,28-Dec-2017,145,CE,0,0,0,21,23.65,0,0,3500,0,19-DEC-2017,
OPTSTK,BANKBARODA,28-Dec-2017,150,CE,0,0,0,20.25,18.9,0,0,28000,0,19-DEC-2017,
OPTSTK,BANKBARODA,28-Dec-2017,155,CE,0,0,0,10.2,14.4,0,0,10500,0,19-DEC-2017,
OPTSTK,BANKBARODA,28-Dec-2017,160,CE,12.8,13.55,9.25,9.6,9.6,16,96.16,126000,-17500,19-DEC-2017,
OPTSTK,BANKBARODA,28-Dec-2017,165,CE,8.6,9.6,5.4,6.05,6.05,290,1749.61,395500,-252000,19-DEC-2017,
OPTSTK,BANKBARODA,28-Dec-2017,170,CE,4.9,6.05,3.05,3.45,3.45,1694,10330.63,1981000,325500,19-DEC-2017,
OPTSTK,BANKBARODA,28-Dec-2017,175,CE,2.9,3.65,1.75,2,2,1109,6891.55,1911000,560000,19-DEC-2017,
OPTSTK,BANKBARODA,28-Dec-2017,180,CE,1.95,2.1,1.05,1.2,1.2,599,3805.34,3048500,126000,19-DEC-2017,
OPTSTK,BANKBARODA,28-Dec-2017,185,CE,1.15,1.35,0.65,0.8,0.8,140,911.34,829500,56000,19-DEC-2017,
OPTSTK,BANKBARODA,28-Dec-2017,190,CE,0.8,0.9,0.45,0.55,0.55,203,1354.57,994000,49000,19-DEC-2017,
OPTSTK,BANKBARODA,28-Dec-2017,195,CE,0.6,0.6,0.4,0.45,0.45,34,232.62,231000,0,19-DEC-2017,
OPTSTK,BANKBARODA,28-Dec-2017,200,CE,0.5,0.5,0.3,0.3,0.3,135,946.65,1361500,28000,19-DEC-2017,
OPTSTK,BANKBARODA,28-Dec-2017,205,CE,0.25,0.25,0.25,0.25,0.25,1,7.18,24500,0,19-DEC-2017,
OPTSTK,BANKBARODA,28-Dec-2017,210,CE,0.2,0.2,0.15,0.15,0.15,2,14.71,140000,-3500,19-DEC-2017,
OPTSTK,BANKBARODA,28-Dec-2017,215,CE,0,0,0,0.1,0,0,0,7000,0,19-DEC-2017,
OPTSTK,BANKBARODA,28-Dec-2017,220,CE,0.05,0.1,0.05,0.1,0.1,4,30.8,143500,-7000,19-DEC-2017,
OPTSTK,BANKBARODA,28-Dec-2017,100,PE,0,0,0,0.05,0,0,0,45500,0,19-DEC-2017,
OPTSTK,BANKBARODA,28-Dec-2017,105,PE,0,0,0,0.3,0,0,0,0,0,19-DEC-2017,
OPTSTK,BANKBARODA,28-Dec-2017,110,PE,0,0,0,0.6,0,0,0,0,0,19-DEC-2017,
OPTSTK,BANKBARODA,28-Dec-2017,115,PE,0,0,0,1.1,0,0,0,0,0,19-DEC-2017,
OPTSTK,BANKBARODA,28-Dec-2017,120,PE,0,0,0,1.9,0,0,0,0,0,19-DEC-2017,
OPTSTK,BANKBARODA,28-Dec-2017,125,PE,0.2,0.2,0.2,0.2,0.2,1,4.38,3500,3500,19-DEC-2017,
OPTSTK,BANKBARODA,28-Dec-2017,130,PE,0,0,0,4.5,0,0,0,0,0,19-DEC-2017,
OPTSTK,BANKBARODA,28-Dec-2017,135,PE,0,0,0,0.05,0.05,0,0,17500,0,19-DEC-2017,
OPTSTK,BANKBARODA,28-Dec-2017,140,PE,0.1,0.1,0.1,0.1,0.1,9,44.13,266000,-3500,19-DEC-2017,
OPTSTK,BANKBARODA,28-Dec-2017,145,PE,0.1,0.15,0.1,0.15,0.15,4,20.31,262500,-10500,19-DEC-2017,
OPTSTK,BANKBARODA,28-Dec-2017,150,PE,0.3,0.3,0.2,0.25,0.25,109,573.13,374500,-56000,19-DEC-2017,
OPTSTK,BANKBARODA,28-Dec-2017,155,PE,0.5,0.5,0.3,0.45,0.45,113,614.62,385000,-7000,19-DEC-2017,
OPTSTK,BANKBARODA,28-Dec-2017,160,PE,0.85,1.15,0.65,0.85,0.85,380,2139.29,1029000,98000,19-DEC-2017,
OPTSTK,BANKBARODA,28-Dec-2017,165,PE,1.7,2.5,1.3,2,2,404,2357.46,913500,24500,19-DEC-2017,
OPTSTK,BANKBARODA,28-Dec-2017,170,PE,3.45,5.3,2.7,4.45,4.45,377,2291.34,689500,42000,19-DEC-2017,
OPTSTK,BANKBARODA,28-Dec-2017,175,PE,5.5,8.4,5.05,7.7,7.7,65,412.4,252000,52500,19-DEC-2017,
OPTSTK,BANKBARODA,28-Dec-2017,180,PE,9.65,13,8.9,12.25,12.25,8,53.53,381500,10500,19-DEC-2017,
OPTSTK,BANKBARODA,28-Dec-2017,185,PE,0,0,0,18.25,17.15,0,0,63000,0,19-DEC-2017,
OPTSTK,BANKBARODA,28-Dec-2017,190,PE,17.25,17.25,17.25,17.25,17.25,1,7.25,112000,0,19-DEC-2017,
OPTSTK,BANKBARODA,28-Dec-2017,195,PE,0,0,0,18.4,26.55,0,0,14000,0,19-DEC-2017,
OPTSTK,BANKBARODA,28-Dec-2017,200,PE,0,0,0,33,31.45,0,0,80500,0,19-DEC-2017,
OPTSTK,BANKBARODA,28-Dec-2017,205,PE,0,0,0,31.5,36.4,0,0,3500,0,19-DEC-2017,
OPTSTK,BANKBARODA,28-Dec-2017,210,PE,0,0,0,42.5,41.4,0,0,14000,0,19-DEC-2017,
OPTSTK,BANKBARODA,28-Dec-2017,215,PE,0,0,0,56.85,46.4,0,0,0,0,19-DEC-2017,
OPTSTK,BANKBARODA,28-Dec-2017,220,PE,0,0,0,51,51.4,0,0,45500,0,19-DEC-2017,
OPTSTK,BANKBARODA,25-Jan-2018,125,CE,0,0,0,77.4,44.35,0,0,0,0,19-DEC-2017,
OPTSTK,BANKBARODA,25-Jan-2018,130,CE,0,0,0,74.35,39.55,0,0,0,0,19-DEC-2017,
OPTSTK,BANKBARODA,25-Jan-2018,135,CE,0,0,0,71.45,34.95,0,0,0,0,19-DEC-2017,
OPTSTK,BANKBARODA,25-Jan-2018,140,CE,0,0,0,68.65,30.45,0,0,0,0,19-DEC-2017,
OPTSTK,BANKBARODA,25-Jan-2018,145,CE,0,0,0,65.95,26.25,0,0,0,0,19-DEC-2017,
OPTSTK,BANKBARODA,25-Jan-2018,150,CE,23.3,23.3,23.3,23.3,23.3,1,6.93,12000,0,19-DEC-2017,
OPTSTK,BANKBARODA,25-Jan-2018,155,CE,0,0,0,15,18.7,0,0,4000,0,19-DEC-2017,
OPTSTK,BANKBARODA,25-Jan-2018,160,CE,0,0,0,58.45,15.45,0,0,0,0,19-DEC-2017,
OPTSTK,BANKBARODA,25-Jan-2018,165,CE,10.8,10.8,10.8,10.8,10.8,1,7.03,8000,4000,19-DEC-2017,
OPTSTK,BANKBARODA,25-Jan-2018,170,CE,9.95,10,7.05,7.7,7.7,18,128.86,88000,8000,19-DEC-2017,
OPTSTK,BANKBARODA,25-Jan-2018,175,CE,5.6,5.6,5.5,5.5,5.5,2,14.44,40000,8000,19-DEC-2017,
OPTSTK,BANKBARODA,25-Jan-2018,180,CE,5.5,5.5,4.05,4.2,4.2,13,96.05,48000,40000,19-DEC-2017,
OPTSTK,BANKBARODA,25-Jan-2018,185,CE,0,0,0,47.9,4.85,0,0,0,0,19-DEC-2017,
OPTSTK,BANKBARODA,25-Jan-2018,190,CE,4.05,4.05,2.1,2.2,2.2,4,30.87,16000,16000,19-DEC-2017,
OPTSTK,BANKBARODA,25-Jan-2018,195,CE,1.5,1.5,1.5,1.5,1.5,1,7.86,4000,4000,19-DEC-2017,
OPTSTK,BANKBARODA,25-Jan-2018,200,CE,0,0,0,42.55,2.05,0,0,0,0,19-DEC-2017,
OPTSTK,BANKBARODA,25-Jan-2018,205,CE,0,0,0,40.9,1.5,0,0,0,0,19-DEC-2017,
OPTSTK,BANKBARODA,25-Jan-2018,210,CE,0,0,0,39.3,1.1,0,0,0,0,19-DEC-2017,
OPTSTK,BANKBARODA,25-Jan-2018,215,CE,0,0,0,37.8,0.8,0,0,0,0,19-DEC-2017,
OPTSTK,BANKBARODA,25-Jan-2018,220,CE,0,0,0,36.35,0.6,0,0,0,0,19-DEC-2017,
OPTSTK,BANKBARODA,25-Jan-2018,125,PE,0,0,0,14.75,0.25,0,0,0,0,19-DEC-2017,
OPTSTK,BANKBARODA,25-Jan-2018,130,PE,0,0,0,16.65,0.45,0,0,0,0,19-DEC-2017,
OPTSTK,BANKBARODA,25-Jan-2018,135,PE,0,0,0,18.65,0.75,0,0,0,0,19-DEC-2017,
OPTSTK,BANKBARODA,25-Jan-2018,140,PE,0,0,0,1.25,1.25,0,0,4000,0,19-DEC-2017,
OPTSTK,BANKBARODA,25-Jan-2018,145,PE,0,0,0,22.95,2,0,0,0,0,19-DEC-2017,
OPTSTK,BANKBARODA,25-Jan-2018,150,PE,1.05,1.55,1.05,1.55,1.55,6,36.33,32000,12000,19-DEC-2017,
OPTSTK,BANKBARODA,25-Jan-2018,155,PE,2.15,2.15,2.15,2.15,2.15,1,6.28,4000,4000,19-DEC-2017,
OPTSTK,BANKBARODA,25-Jan-2018,160,PE,3.25,4.25,3.2,4.25,4.25,5,32.69,16000,8000,19-DEC-2017,
OPTSTK,BANKBARODA,25-Jan-2018,165,PE,0,0,0,32.9,8.2,0,0,0,0,19-DEC-2017,
OPTSTK,BANKBARODA,25-Jan-2018,170,PE,6.1,7.7,6.1,7.5,7.5,3,21.25,24000,12000,19-DEC-2017,
OPTSTK,BANKBARODA,25-Jan-2018,175,PE,0,0,0,38.4,13.6,0,0,0,0,19-DEC-2017,
OPTSTK,BANKBARODA,25-Jan-2018,180,PE,13.95,14.8,13.95,14.8,14.8,2,15.55,8000,8000,19-DEC-2017,
OPTSTK,BANKBARODA,25-Jan-2018,185,PE,0,0,0,44.3,20.35,0,0,0,0,19-DEC-2017,
OPTSTK,BANKBARODA,25-Jan-2018,190,PE,0,0,0,47.35,24.15,0,0,0,0,19-DEC-2017,
OPTSTK,BANKBARODA,25-Jan-2018,195,PE,0,0,0,50.5,28.2,0,0,0,0,19-DEC-2017,
OPTSTK,BANKBARODA,25-Jan-2018,200,PE,0,0,0,53.7,32.45,0,0,0,0,19-DEC-2017,
OPTSTK,BANKBARODA,25-Jan-2018,205,PE,0,0,0,57,36.9,0,0,0,0,19-DEC-2017,
OPTSTK,BANKBARODA,25-Jan-2018,210,PE,0,0,0,60.35,41.45,0,0,0,0,19-DEC-2017,
OPTSTK,BANKBARODA,25-Jan-2018,215,PE,0,0,0,63.75,46.1,0,0,0,0,19-DEC-2017,
OPTSTK,BANKBARODA,25-Jan-2018,220,PE,0,0,0,67.2,50.85,0,0,0,0,19-DEC-2017,
OPTSTK,BANKBARODA,22-Feb-2018,125,CE,0,0,0,49.95,45.6,0,0,0,0,19-DEC-2017,
OPTSTK,BANKBARODA,22-Feb-2018,130,CE,0,0,0,46.1,41.15,0,0,0,0,19-DEC-2017,
OPTSTK,BANKBARODA,22-Feb-2018,135,CE,0,0,0,42.45,36.85,0,0,0,0,19-DEC-2017,
OPTSTK,BANKBARODA,22-Feb-2018,140,CE,0,0,0,39,32.75,0,0,0,0,19-DEC-2017,
OPTSTK,BANKBARODA,22-Feb-2018,145,CE,0,0,0,35.75,28.9,0,0,0,0,19-DEC-2017,
OPTSTK,BANKBARODA,22-Feb-2018,150,CE,0,0,0,32.7,25.35,0,0,0,0,19-DEC-2017,
OPTSTK,BANKBARODA,22-Feb-2018,155,CE,0,0,0,29.85,22,0,0,0,0,19-DEC-2017,
OPTSTK,BANKBARODA,22-Feb-2018,160,CE,0,0,0,27.15,19,0,0,0,0,19-DEC-2017,
OPTSTK,BANKBARODA,22-Feb-2018,165,CE,0,0,0,24.7,16.3,0,0,0,0,19-DEC-2017,
OPTSTK,BANKBARODA,22-Feb-2018,170,CE,0,0,0,22.4,13.85,0,0,0,0,19-DEC-2017,
OPTSTK,BANKBARODA,22-Feb-2018,175,CE,0,0,0,20.25,11.7,0,0,0,0,19-DEC-2017,
OPTSTK,BANKBARODA,22-Feb-2018,180,CE,0,0,0,18.35,9.85,0,0,0,0,19-DEC-2017,
OPTSTK,BANKBARODA,22-Feb-2018,185,CE,0,0,0,16.55,8.2,0,0,0,0,19-DEC-2017,
OPTSTK,BANKBARODA,22-Feb-2018,190,CE,0,0,0,14.9,6.8,0,0,0,0,19-DEC-2017,
OPTSTK,BANKBARODA,22-Feb-2018,195,CE,0,0,0,13.4,5.65,0,0,0,0,19-DEC-2017,
OPTSTK,BANKBARODA,22-Feb-2018,200,CE,0,0,0,12.05,4.6,0,0,0,0,19-DEC-2017,
OPTSTK,BANKBARODA,22-Feb-2018,205,CE,0,0,0,10.85,3.75,0,0,0,0,19-DEC-2017,
OPTSTK,BANKBARODA,22-Feb-2018,210,CE,0,0,0,9.7,3.05,0,0,0,0,19-DEC-2017,
OPTSTK,BANKBARODA,22-Feb-2018,215,CE,0,0,0,8.7,2.5,0,0,0,0,19-DEC-2017,
OPTSTK,BANKBARODA,22-Feb-2018,220,CE,0,0,0,7.8,2,0,0,0,0,19-DEC-2017,
OPTSTK,BANKBARODA,22-Feb-2018,125,PE,0,0,0,4,0.85,0,0,0,0,19-DEC-2017,
OPTSTK,BANKBARODA,22-Feb-2018,130,PE,0,0,0,5.1,1.35,0,0,0,0,19-DEC-2017,
OPTSTK,BANKBARODA,22-Feb-2018,135,PE,0,0,0,6.4,2,0,0,0,0,19-DEC-2017,
OPTSTK,BANKBARODA,22-Feb-2018,140,PE,0,0,0,7.9,2.85,0,0,0,0,19-DEC-2017,
OPTSTK,BANKBARODA,22-Feb-2018,145,PE,0,0,0,9.55,3.95,0,0,0,0,19-DEC-2017,
OPTSTK,BANKBARODA,22-Feb-2018,150,PE,0,0,0,11.4,5.3,0,0,0,0,19-DEC-2017,
OPTSTK,BANKBARODA,22-Feb-2018,155,PE,0,0,0,13.45,6.95,0,0,0,0,19-DEC-2017,
OPTSTK,BANKBARODA,22-Feb-2018,160,PE,0,0,0,15.75,8.9,0,0,0,0,19-DEC-2017,
OPTSTK,BANKBARODA,22-Feb-2018,165,PE,0,0,0,18.2,11.1,0,0,0,0,19-DEC-2017,
OPTSTK,BANKBARODA,22-Feb-2018,170,PE,0,0,0,20.8,13.65,0,0,0,0,19-DEC-2017,
OPTSTK,BANKBARODA,22-Feb-2018,175,PE,0,0,0,23.6,16.45,0,0,0,0,19-DEC-2017,
OPTSTK,BANKBARODA,22-Feb-2018,180,PE,0,0,0,26.6,19.5,0,0,0,0,19-DEC-2017,
OPTSTK,BANKBARODA,22-Feb-2018,185,PE,0,0,0,29.75,22.8,0,0,0,0,19-DEC-2017,
OPTSTK,BANKBARODA,22-Feb-2018,190,PE,0,0,0,33.05,26.35,0,0,0,0,19-DEC-2017,
OPTSTK,BANKBARODA,22-Feb-2018,195,PE,0,0,0,36.45,30.1,0,0,0,0,19-DEC-2017,
OPTSTK,BANKBARODA,22-Feb-2018,200,PE,0,0,0,40.05,34.05,0,0,0,0,19-DEC-2017,
OPTSTK,BANKBARODA,22-Feb-2018,205,PE,0,0,0,43.75,38.15,0,0,0,0,19-DEC-2017,
OPTSTK,BANKBARODA,22-Feb-2018,210,PE,0,0,0,47.55,42.35,0,0,0,0,19-DEC-2017,
OPTSTK,BANKBARODA,22-Feb-2018,215,PE,0,0,0,51.5,46.75,0,0,0,0,19-DEC-2017,
OPTSTK,BANKBARODA,22-Feb-2018,220,PE,0,0,0,55.5,51.2,0,0,0,0,19-DEC-2017,
OPTSTK,BANKINDIA,28-Dec-2017,95,CE,0,0,0,45.35,86.4,0,0,0,0,19-DEC-2017,
OPTSTK,BANKINDIA,28-Dec-2017,100,CE,0,0,0,40.65,81.45,0,0,0,0,19-DEC-2017,
OPTSTK,BANKINDIA,28-Dec-2017,105,CE,0,0,0,36.15,76.45,0,0,0,0,19-DEC-2017,
OPTSTK,BANKINDIA,28-Dec-2017,110,CE,0,0,0,31.8,71.45,0,0,0,0,19-DEC-2017,
OPTSTK,BANKINDIA,28-Dec-2017,115,CE,0,0,0,27.75,66.45,0,0,0,0,19-DEC-2017,
OPTSTK,BANKINDIA,28-Dec-2017,120,CE,0,0,0,23.95,61.45,0,0,0,0,19-DEC-2017,
OPTSTK,BANKINDIA,28-Dec-2017,125,CE,0,0,0,20.45,56.45,0,0,0,0,19-DEC-2017,
OPTSTK,BANKINDIA,28-Dec-2017,130,CE,0,0,0,17.25,51.45,0,0,0,0,19-DEC-2017,
OPTSTK,BANKINDIA,28-Dec-2017,135,CE,0,0,0,14.45,46.5,0,0,0,0,19-DEC-2017,
OPTSTK,BANKINDIA,28-Dec-2017,140,CE,0,0,0,12,41.5,0,0,0,0,19-DEC-2017,
OPTSTK,BANKINDIA,28-Dec-2017,145,CE,0,0,0,9.85,36.5,0,0,0,0,19-DEC-2017,
OPTSTK,BANKINDIA,28-Dec-2017,150,CE,0,0,0,24.5,31.55,0,0,12000,0,19-DEC-2017,
OPTSTK,BANKINDIA,28-Dec-2017,155,CE,0,0,0,26,26.7,0,0,0,0,19-DEC-2017,
OPTSTK,BANKINDIA,28-Dec-2017,160,CE,0,0,0,19.7,22,0,0,24000,0,19-DEC-2017,
OPTSTK,BANKINDIA,28-Dec-2017,165,CE,16.2,16.2,16.2,16.2,16.2,1,10.87,18000,-6000,19-DEC-2017,
OPTSTK,BANKINDIA,28-Dec-2017,170,CE,13.3,13.3,12.25,12.7,12.7,3,32.89,42000,-18000,19-DEC-2017,
OPTSTK,BANKINDIA,28-Dec-2017,175,CE,9.5,9.5,9.35,9.35,9.35,2,22.13,132000,-6000,19-DEC-2017,
OPTSTK,BANKINDIA,28-Dec-2017,180,CE,5.8,6.35,4.7,5.05,5.05,83,923.49,768000,24000,19-DEC-2017,
OPTSTK,BANKINDIA,28-Dec-2017,185,CE,3.95,3.95,2.75,3,3,81,915.11,570000,78000,19-DEC-2017,
OPTSTK,BANKINDIA,28-Dec-2017,190,CE,2.35,2.4,1.5,1.65,1.65,64,736.74,870000,36000,19-DEC-2017,
OPTSTK,BANKINDIA,28-Dec-2017,195,CE,1.4,1.4,0.9,0.9,0.9,28,329.37,306000,42000,19-DEC-2017,
OPTSTK,BANKINDIA,28-Dec-2017,200,CE,0.8,0.85,0.55,0.55,0.55,26,313.06,738000,18000,19-DEC-2017,
OPTSTK,BANKINDIA,28-Dec-2017,205,CE,0,0,0,0.6,0.65,0,0,126000,0,19-DEC-2017,
OPTSTK,BANKINDIA,28-Dec-2017,210,CE,0.3,0.35,0.25,0.3,0.3,4,50.47,216000,0,19-DEC-2017,
OPTSTK,BANKINDIA,28-Dec-2017,215,CE,0,0,0,0.35,0.2,0,0,72000,0,19-DEC-2017,
OPTSTK,BANKINDIA,28-Dec-2017,220,CE,0.1,0.1,0.1,0.1,0.1,1,13.2,216000,-6000,19-DEC-2017,
OPTSTK,BANKINDIA,28-Dec-2017,225,CE,0,0,0,0.15,0.05,0,0,54000,0,19-DEC-2017,
OPTSTK,BANKINDIA,28-Dec-2017,230,CE,0,0,0,0.15,0.05,0,0,48000,0,19-DEC-2017,
OPTSTK,BANKINDIA,28-Dec-2017,235,CE,0,0,0,0.05,0.05,0,0,60000,0,19-DEC-2017,
OPTSTK,BANKINDIA,28-Dec-2017,240,CE,0,0,0,0.25,0,0,0,42000,0,19-DEC-2017,
OPTSTK,BANKINDIA,28-Dec-2017,245,CE,0,0,0,0.1,0,0,0,18000,0,19-DEC-2017,
OPTSTK,BANKINDIA,28-Dec-2017,95,PE,0,0,0,0.3,0,0,0,0,0,19-DEC-2017,
OPTSTK,BANKINDIA,28-Dec-2017,100,PE,0,0,0,0.55,0,0,0,0,0,19-DEC-2017,
OPTSTK,BANKINDIA,28-Dec-2017,105,PE,0,0,0,0.95,0,0,0,0,0,19-DEC-2017,
OPTSTK,BANKINDIA,28-Dec-2017,110,PE,0,0,0,1.55,0,0,0,0,0,19-DEC-2017,
OPTSTK,BANKINDIA,28-Dec-2017,115,PE,0,0,0,3,0,0,0,6000,0,19-DEC-2017,
OPTSTK,BANKINDIA,28-Dec-2017,120,PE,0,0,0,3.5,0,0,0,0,0,19-DEC-2017,
OPTSTK,BANKINDIA,28-Dec-2017,125,PE,0,0,0,4.95,0,0,0,0,0,19-DEC-2017,
OPTSTK,BANKINDIA,28-Dec-2017,130,PE,0,0,0,6.7,0,0,0,0,0,19-DEC-2017,
OPTSTK,BANKINDIA,28-Dec-2017,135,PE,0,0,0,8.8,0,0,0,0,0,19-DEC-2017,
OPTSTK,BANKINDIA,28-Dec-2017,140,PE,0,0,0,0.4,0.05,0,0,6000,0,19-DEC-2017,
OPTSTK,BANKINDIA,28-Dec-2017,145,PE,0.1,0.1,0.1,0.1,0.1,1,8.7,6000,6000,19-DEC-2017,
OPTSTK,BANKINDIA,28-Dec-2017,150,PE,0,0,0,0.45,0.1,0,0,54000,0,19-DEC-2017,
OPTSTK,BANKINDIA,28-Dec-2017,155,PE,0.15,0.15,0.15,0.15,0.15,3,27.92,36000,-6000,19-DEC-2017,
OPTSTK,BANKINDIA,28-Dec-2017,160,PE,0.3,0.3,0.3,0.3,0.3,3,28.85,126000,6000,19-DEC-2017,
OPTSTK,BANKINDIA,28-Dec-2017,165,PE,0.75,0.75,0.4,0.5,0.5,23,228.49,246000,78000,19-DEC-2017,
OPTSTK,BANKINDIA,28-Dec-2017,170,PE,1,1.35,0.75,0.9,0.9,55,564.34,342000,-36000,19-DEC-2017,
OPTSTK,BANKINDIA,28-Dec-2017,175,PE,2.1,2.4,1.5,1.8,1.8,52,552.22,240000,-18000,19-DEC-2017,
OPTSTK,BANKINDIA,28-Dec-2017,180,PE,3.5,4.55,2.9,3.4,3.4,38,418.85,408000,24000,19-DEC-2017,
OPTSTK,BANKINDIA,28-Dec-2017,185,PE,6.85,6.85,5.25,6.85,6.85,11,126.07,156000,24000,19-DEC-2017,
OPTSTK,BANKINDIA,28-Dec-2017,190,PE,9.5,10.2,9.4,10.2,10.2,5,59.92,282000,6000,19-DEC-2017,
OPTSTK,BANKINDIA,28-Dec-2017,195,PE,0,0,0,20,15.35,0,0,102000,0,19-DEC-2017,
OPTSTK,BANKINDIA,28-Dec-2017,200,PE,0,0,0,21.5,19.55,0,0,102000,0,19-DEC-2017,
OPTSTK,BANKINDIA,28-Dec-2017,205,PE,0,0,0,24.05,24.05,0,0,18000,0,19-DEC-2017,
OPTSTK,BANKINDIA,28-Dec-2017,210,PE,0,0,0,31.45,28.75,0,0,12000,0,19-DEC-2017,
OPTSTK,BANKINDIA,28-Dec-2017,215,PE,0,0,0,26.6,33.6,0,0,12000,0,19-DEC-2017,
OPTSTK,BANKINDIA,28-Dec-2017,220,PE,0,0,0,34.2,38.5,0,0,6000,0,19-DEC-2017,
OPTSTK,BANKINDIA,28-Dec-2017,225,PE,0,0,0,67,43.45,0,0,0,0,19-DEC-2017,
OPTSTK,BANKINDIA,28-Dec-2017,230,PE,0,0,0,70.55,48.45,0,0,0,0,19-DEC-2017,
OPTSTK,BANKINDIA,28-Dec-2017,235,PE,0,0,0,74.2,53.4,0,0,0,0,19-DEC-2017,
OPTSTK,BANKINDIA,28-Dec-2017,240,PE,0,0,0,77.9,58.4,0,0,0,0,19-DEC-2017,
OPTSTK,BANKINDIA,28-Dec-2017,245,PE,0,0,0,81.65,63.4,0,0,0,0,19-DEC-2017,
OPTSTK,BANKINDIA,25-Jan-2018,125,CE,0,0,0,85.95,57.25,0,0,0,0,19-DEC-2017,
OPTSTK,BANKINDIA,25-Jan-2018,130,CE,0,0,0,82.95,52.4,0,0,0,0,19-DEC-2017,
OPTSTK,BANKINDIA,25-Jan-2018,135,CE,0,0,0,80.05,47.65,0,0,0,0,19-DEC-2017,
OPTSTK,BANKINDIA,25-Jan-2018,140,CE,0,0,0,77.25,43,0,0,0,0,19-DEC-2017,
OPTSTK,BANKINDIA,25-Jan-2018,145,CE,0,0,0,74.55,38.5,0,0,0,0,19-DEC-2017,
OPTSTK,BANKINDIA,25-Jan-2018,150,CE,0,0,0,72,34.2,0,0,0,0,19-DEC-2017,
OPTSTK,BANKINDIA,25-Jan-2018,155,CE,0,0,0,69.5,30.1,0,0,0,0,19-DEC-2017,
OPTSTK,BANKINDIA,25-Jan-2018,160,CE,0,0,0,67.05,26.25,0,0,0,0,19-DEC-2017,
OPTSTK,BANKINDIA,25-Jan-2018,165,CE,0,0,0,64.75,22.7,0,0,0,0,19-DEC-2017,
OPTSTK,BANKINDIA,25-Jan-2018,170,CE,0,0,0,62.55,19.45,0,0,0,0,19-DEC-2017,
OPTSTK,BANKINDIA,25-Jan-2018,175,CE,0,0,0,60.4,16.5,0,0,0,0,19-DEC-2017,
OPTSTK,BANKINDIA,25-Jan-2018,180,CE,0,0,0,58.3,13.9,0,0,0,0,19-DEC-2017,
OPTSTK,BANKINDIA,25-Jan-2018,185,CE,0,0,0,8,11.6,0,0,24000,0,19-DEC-2017,
OPTSTK,BANKINDIA,25-Jan-2018,190,CE,0,0,0,6.1,9.6,0,0,24000,0,19-DEC-2017,
OPTSTK,BANKINDIA,25-Jan-2018,195,CE,0,0,0,4.8,7.85,0,0,6000,0,19-DEC-2017,
OPTSTK,BANKINDIA,25-Jan-2018,200,CE,0,0,0,50.8,6.4,0,0,0,0,19-DEC-2017,
OPTSTK,BANKINDIA,25-Jan-2018,205,CE,0,0,0,49.1,5.2,0,0,0,0,19-DEC-2017,
OPTSTK,BANKINDIA,25-Jan-2018,210,CE,1.5,1.5,1.5,1.5,1.5,1,12.69,6000,6000,19-DEC-2017,
OPTSTK,BANKINDIA,25-Jan-2018,215,CE,0,0,0,45.85,3.3,0,0,0,0,19-DEC-2017,
OPTSTK,BANKINDIA,25-Jan-2018,220,CE,0,0,0,44.3,2.6,0,0,0,0,19-DEC-2017,
OPTSTK,BANKINDIA,25-Jan-2018,225,CE,0,0,0,42.85,2.05,0,0,0,0,19-DEC-2017,
OPTSTK,BANKINDIA,25-Jan-2018,230,CE,0,0,0,41.45,1.6,0,0,0,0,19-DEC-2017,
OPTSTK,BANKINDIA,25-Jan-2018,235,CE,0,0,0,40.1,1.25,0,0,0,0,19-DEC-2017,
OPTSTK,BANKINDIA,25-Jan-2018,240,CE,0,0,0,38.75,0.95,0,0,0,0,19-DEC-2017,
OPTSTK,BANKINDIA,25-Jan-2018,245,CE,0,0,0,37.5,0.75,0,0,0,0,19-DEC-2017,
OPTSTK,BANKINDIA,25-Jan-2018,125,PE,0,0,0,16.05,0.15,0,0,0,0,19-DEC-2017,
OPTSTK,BANKINDIA,25-Jan-2018,130,PE,0,0,0,17.95,0.3,0,0,0,0,19-DEC-2017,
OPTSTK,BANKINDIA,25-Jan-2018,135,PE,0,0,0,20,0.5,0,0,0,0,19-DEC-2017,
OPTSTK,BANKINDIA,25-Jan-2018,140,PE,0,0,0,22.1,0.85,0,0,0,0,19-DEC-2017,
OPTSTK,BANKINDIA,25-Jan-2018,145,PE,0,0,0,24.35,1.3,0,0,0,0,19-DEC-2017,
OPTSTK,BANKINDIA,25-Jan-2018,150,PE,0,0,0,1.25,1.95,0,0,6000,0,19-DEC-2017,
OPTSTK,BANKINDIA,25-Jan-2018,155,PE,0,0,0,29.1,2.85,0,0,0,0,19-DEC-2017,
OPTSTK,BANKINDIA,25-Jan-2018,160,PE,0,0,0,31.6,4,0,0,0,0,19-DEC-2017,
OPTSTK,BANKINDIA,25-Jan-2018,165,PE,2.5,2.5,2.5,2.5,2.5,1,10.05,6000,6000,19-DEC-2017,
OPTSTK,BANKINDIA,25-Jan-2018,170,PE,0,0,0,36.9,7.1,0,0,0,0,19-DEC-2017,
OPTSTK,BANKINDIA,25-Jan-2018,175,PE,0,0,0,39.7,9.15,0,0,0,0,19-DEC-2017,
OPTSTK,BANKINDIA,25-Jan-2018,180,PE,0,0,0,42.55,11.5,0,0,0,0,19-DEC-2017,
OPTSTK,BANKINDIA,25-Jan-2018,185,PE,10.3,10.3,10.3,10.3,10.3,1,11.71,30000,6000,19-DEC-2017,
OPTSTK,BANKINDIA,25-Jan-2018,190,PE,0,0,0,17.7,17.1,0,0,6000,0,19-DEC-2017,
OPTSTK,BANKINDIA,25-Jan-2018,195,PE,0,0,0,51.55,20.35,0,0,0,0,19-DEC-2017,
OPTSTK,BANKINDIA,25-Jan-2018,200,PE,0,0,0,54.7,23.85,0,0,0,0,19-DEC-2017,
OPTSTK,BANKINDIA,25-Jan-2018,205,PE,0,0,0,57.9,27.6,0,0,0,0,19-DEC-2017,
OPTSTK,BANKINDIA,25-Jan-2018,210,PE,0,0,0,61.2,31.55,0,0,0,0,19-DEC-2017,
OPTSTK,BANKINDIA,25-Jan-2018,215,PE,0,0,0,64.55,35.65,0,0,0,0,19-DEC-2017,
OPTSTK,BANKINDIA,25-Jan-2018,220,PE,0,0,0,67.9,39.95,0,0,0,0,19-DEC-2017,
OPTSTK,BANKINDIA,25-Jan-2018,225,PE,0,0,0,71.35,44.35,0,0,0,0,19-DEC-2017,
OPTSTK,BANKINDIA,25-Jan-2018,230,PE,0,0,0,74.9,48.85,0,0,0,0,19-DEC-2017,
OPTSTK,BANKINDIA,25-Jan-2018,235,PE,0,0,0,78.45,53.45,0,0,0,0,19-DEC-2017,
OPTSTK,BANKINDIA,25-Jan-2018,240,PE,0,0,0,82.05,58.15,0,0,0,0,19-DEC-2017,
OPTSTK,BANKINDIA,25-Jan-2018,245,PE,0,0,0,85.7,62.9,0,0,0,0,19-DEC-2017,
OPTSTK,BANKINDIA,22-Feb-2018,125,CE,0,0,0,74.85,58.45,0,0,0,0,19-DEC-2017,
OPTSTK,BANKINDIA,22-Feb-2018,130,CE,0,0,0,70.6,53.85,0,0,0,0,19-DEC-2017,
OPTSTK,BANKINDIA,22-Feb-2018,135,CE,0,0,0,66.45,49.4,0,0,0,0,19-DEC-2017,
OPTSTK,BANKINDIA,22-Feb-2018,140,CE,0,0,0,62.45,45.15,0,0,0,0,19-DEC-2017,
OPTSTK,BANKINDIA,22-Feb-2018,145,CE,0,0,0,58.65,41.05,0,0,0,0,19-DEC-2017,
OPTSTK,BANKINDIA,22-Feb-2018,150,CE,0,0,0,54.95,37.1,0,0,0,0,19-DEC-2017,
OPTSTK,BANKINDIA,22-Feb-2018,155,CE,0,0,0,51.4,33.4,0,0,0,0,19-DEC-2017,
OPTSTK,BANKINDIA,22-Feb-2018,160,CE,0,0,0,48,29.95,0,0,0,0,19-DEC-2017,
OPTSTK,BANKINDIA,22-Feb-2018,165,CE,0,0,0,44.8,26.7,0,0,0,0,19-DEC-2017,
OPTSTK,BANKINDIA,22-Feb-2018,170,CE,0,0,0,41.7,23.7,0,0,0,0,19-DEC-2017,
OPTSTK,BANKINDIA,22-Feb-2018,175,CE,0,0,0,38.8,20.95,0,0,0,0,19-DEC-2017,
OPTSTK,BANKINDIA,22-Feb-2018,180,CE,0,0,0,36.05,18.4,0,0,0,0,19-DEC-2017,
OPTSTK,BANKINDIA,22-Feb-2018,185,CE,0,0,0,33.45,16.15,0,0,0,0,19-DEC-2017,
OPTSTK,BANKINDIA,22-Feb-2018,190,CE,0,0,0,31,14.1,0,0,0,0,19-DEC-2017,
OPTSTK,BANKINDIA,22-Feb-2018,195,CE,0,0,0,28.7,12.25,0,0,0,0,19-DEC-2017,
OPTSTK,BANKINDIA,22-Feb-2018,200,CE,0,0,0,26.55,10.6,0,0,0,0,19-DEC-2017,
OPTSTK,BANKINDIA,22-Feb-2018,205,CE,0,0,0,24.55,9.15,0,0,0,0,19-DEC-2017,
OPTSTK,BANKINDIA,22-Feb-2018,210,CE,0,0,0,22.65,7.9,0,0,0,0,19-DEC-2017,
OPTSTK,BANKINDIA,22-Feb-2018,215,CE,0,0,0,20.9,6.75,0,0,0,0,19-DEC-2017,
OPTSTK,BANKINDIA,22-Feb-2018,220,CE,0,0,0,19.3,5.75,0,0,0,0,19-DEC-2017,
OPTSTK,BANKINDIA,22-Feb-2018,225,CE,0,0,0,17.75,4.9,0,0,0,0,19-DEC-2017,
OPTSTK,BANKINDIA,22-Feb-2018,230,CE,0,0,0,16.35,4.2,0,0,0,0,19-DEC-2017,
OPTSTK,BANKINDIA,22-Feb-2018,235,CE,0,0,0,15.05,3.55,0,0,0,0,19-DEC-2017,
OPTSTK,BANKINDIA,22-Feb-2018,240,CE,0,0,0,13.85,3,0,0,0,0,19-DEC-2017,
OPTSTK,BANKINDIA,22-Feb-2018,245,CE,0,0,0,12.7,2.55,0,0,0,0,19-DEC-2017,
OPTSTK,BANKINDIA,22-Feb-2018,125,PE,0,0,0,2.35,0.75,0,0,0,0,19-DEC-2017,
OPTSTK,BANKINDIA,22-Feb-2018,130,PE,0,0,0,3.05,1.15,0,0,0,0,19-DEC-2017,
OPTSTK,BANKINDIA,22-Feb-2018,135,PE,0,0,0,3.85,1.65,0,0,0,0,19-DEC-2017,
OPTSTK,BANKINDIA,22-Feb-2018,140,PE,0,0,0,4.8,2.3,0,0,0,0,19-DEC-2017,
OPTSTK,BANKINDIA,22-Feb-2018,145,PE,0,0,0,5.85,3.1,0,0,0,0,19-DEC-2017,
OPTSTK,BANKINDIA,22-Feb-2018,150,PE,0,0,0,7.1,4.15,0,0,0,0,19-DEC-2017,
OPTSTK,BANKINDIA,22-Feb-2018,155,PE,0,0,0,8.5,5.4,0,0,0,0,19-DEC-2017,
OPTSTK,BANKINDIA,22-Feb-2018,160,PE,0,0,0,10,6.85,0,0,0,0,19-DEC-2017,
OPTSTK,BANKINDIA,22-Feb-2018,165,PE,0,0,0,11.7,8.55,0,0,0,0,19-DEC-2017,
OPTSTK,BANKINDIA,22-Feb-2018,170,PE,0,0,0,13.55,10.5,0,0,0,0,19-DEC-2017,
OPTSTK,BANKINDIA,22-Feb-2018,175,PE,0,0,0,15.6,12.7,0,0,0,0,19-DEC-2017,
OPTSTK,BANKINDIA,22-Feb-2018,180,PE,0,0,0,17.75,15.1,0,0,0,0,19-DEC-2017,
OPTSTK,BANKINDIA,22-Feb-2018,185,PE,0,0,0,20.1,17.8,0,0,0,0,19-DEC-2017,
OPTSTK,BANKINDIA,22-Feb-2018,190,PE,0,0,0,22.6,20.65,0,0,0,0,19-DEC-2017,
OPTSTK,BANKINDIA,22-Feb-2018,195,PE,0,0,0,25.25,23.75,0,0,0,0,19-DEC-2017,
OPTSTK,BANKINDIA,22-Feb-2018,200,PE,0,0,0,28,27.05,0,0,0,0,19-DEC-2017,
OPTSTK,BANKINDIA,22-Feb-2018,205,PE,0,0,0,30.9,30.55,0,0,0,0,19-DEC-2017,
OPTSTK,BANKINDIA,22-Feb-2018,210,PE,0,0,0,33.95,34.25,0,0,0,0,19-DEC-2017,
OPTSTK,BANKINDIA,22-Feb-2018,215,PE,0,0,0,37.15,38.05,0,0,0,0,19-DEC-2017,
OPTSTK,BANKINDIA,22-Feb-2018,220,PE,0,0,0,40.45,42,0,0,0,0,19-DEC-2017,
OPTSTK,BANKINDIA,22-Feb-2018,225,PE,0,0,0,43.85,46.1,0,0,0,0,19-DEC-2017,
OPTSTK,BANKINDIA,22-Feb-2018,230,PE,0,0,0,47.35,50.3,0,0,0,0,19-DEC-2017,
OPTSTK,BANKINDIA,22-Feb-2018,235,PE,0,0,0,50.95,54.6,0,0,0,0,19-DEC-2017,
OPTSTK,BANKINDIA,22-Feb-2018,240,PE,0,0,0,54.7,59,0,0,0,0,19-DEC-2017,
OPTSTK,BANKINDIA,22-Feb-2018,245,PE,0,0,0,58.5,63.5,0,0,0,0,19-DEC-2017,
OPTSTK,BATAINDIA,28-Dec-2017,480,CE,0,0,0,221.6,255.15,0,0,0,0,19-DEC-2017,
OPTSTK,BATAINDIA,28-Dec-2017,500,CE,0,0,0,202.3,235.2,0,0,0,0,19-DEC-2017,
OPTSTK,BATAINDIA,28-Dec-2017,520,CE,0,0,0,183.25,215.25,0,0,0,0,19-DEC-2017,
OPTSTK,BATAINDIA,28-Dec-2017,540,CE,0,0,0,164.6,195.25,0,0,0,0,19-DEC-2017,
OPTSTK,BATAINDIA,28-Dec-2017,560,CE,0,0,0,146.55,175.3,0,0,0,0,19-DEC-2017,
OPTSTK,BATAINDIA,28-Dec-2017,580,CE,0,0,0,156.8,155.3,0,0,1100,0,19-DEC-2017,
OPTSTK,BATAINDIA,28-Dec-2017,600,CE,0,0,0,149,135.35,0,0,1100,0,19-DEC-2017,
OPTSTK,BATAINDIA,28-Dec-2017,620,CE,0,0,0,97.35,115.4,0,0,0,0,19-DEC-2017,
OPTSTK,BATAINDIA,28-Dec-2017,640,CE,0,0,0,83.15,95.45,0,0,0,0,19-DEC-2017,
OPTSTK,BATAINDIA,28-Dec-2017,660,CE,0,0,0,70.25,75.55,0,0,0,0,19-DEC-2017,
OPTSTK,BATAINDIA,28-Dec-2017,680,CE,0,0,0,58.7,56.1,0,0,0,0,19-DEC-2017,
OPTSTK,BATAINDIA,28-Dec-2017,700,CE,0,0,0,41.75,37.95,0,0,8800,0,19-DEC-2017,
OPTSTK,BATAINDIA,28-Dec-2017,720,CE,23,27,22,23.2,23.2,11,90.05,27500,-1100,19-DEC-2017,
OPTSTK,BATAINDIA,28-Dec-2017,740,CE,14.75,16.2,11.4,13.55,13.55,194,1608.13,212300,14300,19-DEC-2017,
OPTSTK,BATAINDIA,28-Dec-2017,760,CE,8.25,8.7,5.4,6.85,6.85,137,1155.34,202400,7700,19-DEC-2017,
OPTSTK,BATAINDIA,28-Dec-2017,780,CE,3.7,3.8,2.6,3.7,3.7,61,525.63,88000,-19800,19-DEC-2017,
OPTSTK,BATAINDIA,28-Dec-2017,800,CE,2.9,3.15,1.55,2.05,2.05,29,255.84,108900,-2200,19-DEC-2017,
OPTSTK,BATAINDIA,28-Dec-2017,820,CE,0.7,1.2,0.7,1.2,1.2,8,72.23,64900,-1100,19-DEC-2017,
OPTSTK,BATAINDIA,28-Dec-2017,840,CE,0,0,0,1.1,0.05,0,0,7700,0,19-DEC-2017,
OPTSTK,BATAINDIA,28-Dec-2017,860,CE,0,0,0,7.4,0,0,0,0,0,19-DEC-2017,
OPTSTK,BATAINDIA,28-Dec-2017,880,CE,0,0,0,5.6,0,0,0,0,0,19-DEC-2017,
OPTSTK,BATAINDIA,28-Dec-2017,900,CE,0,0,0,4.25,0,0,0,0,0,19-DEC-2017,
OPTSTK,BATAINDIA,28-Dec-2017,920,CE,0,0,0,3.2,0,0,0,0,0,19-DEC-2017,
OPTSTK,BATAINDIA,28-Dec-2017,940,CE,0,0,0,2.35,0,0,0,0,0,19-DEC-2017,
OPTSTK,BATAINDIA,28-Dec-2017,960,CE,0,0,0,1.75,0,0,0,0,0,19-DEC-2017,
OPTSTK,BATAINDIA,28-Dec-2017,980,CE,0,0,0,1.3,0,0,0,0,0,19-DEC-2017,
OPTSTK,BATAINDIA,28-Dec-2017,480,PE,0,0,0,0.4,0,0,0,0,0,19-DEC-2017,
OPTSTK,BATAINDIA,28-Dec-2017,500,PE,0,0,0,0.75,0,0,0,0,0,19-DEC-2017,
OPTSTK,BATAINDIA,28-Dec-2017,520,PE,0,0,0,1.4,0,0,0,0,0,19-DEC-2017,
OPTSTK,BATAINDIA,28-Dec-2017,540,PE,0,0,0,2.45,0,0,0,0,0,19-DEC-2017,
OPTSTK,BATAINDIA,28-Dec-2017,560,PE,0,0,0,4.05,0,0,0,0,0,19-DEC-2017,
OPTSTK,BATAINDIA,28-Dec-2017,580,PE,0,0,0,6.4,0,0,0,0,0,19-DEC-2017,
OPTSTK,BATAINDIA,28-Dec-2017,600,PE,0,0,0,0.55,0,0,0,1100,0,19-DEC-2017,
OPTSTK,BATAINDIA,28-Dec-2017,620,PE,0,0,0,13.95,0,0,0,0,0,19-DEC-2017,
OPTSTK,BATAINDIA,28-Dec-2017,640,PE,0,0,0,3.15,0.05,0,0,1100,0,19-DEC-2017,
OPTSTK,BATAINDIA,28-Dec-2017,660,PE,0.9,0.9,0.75,0.85,0.85,3,21.8,20900,1100,19-DEC-2017,
OPTSTK,BATAINDIA,28-Dec-2017,680,PE,2.5,2.5,1.2,1.2,1.2,19,142.5,40700,0,19-DEC-2017,
OPTSTK,BATAINDIA,28-Dec-2017,700,PE,3.8,6.2,2.25,3.15,3.15,13,100.61,34100,-3300,19-DEC-2017,
OPTSTK,BATAINDIA,28-Dec-2017,720,PE,8.6,8.8,6.85,8.8,8.8,5,40.05,27500,-3300,19-DEC-2017,
OPTSTK,BATAINDIA,28-Dec-2017,740,PE,18.7,19.3,15.5,15.5,15.5,6,50,26400,0,19-DEC-2017,
OPTSTK,BATAINDIA,28-Dec-2017,760,PE,31,31,31,31,31,1,8.7,5500,0,19-DEC-2017,
OPTSTK,BATAINDIA,28-Dec-2017,780,PE,0,0,0,55.15,46.1,0,0,3300,0,19-DEC-2017,
OPTSTK,BATAINDIA,28-Dec-2017,800,PE,0,0,0,68,64.85,0,0,5500,0,19-DEC-2017,
OPTSTK,BATAINDIA,28-Dec-2017,820,PE,0,0,0,126,84.45,0,0,0,0,19-DEC-2017,
OPTSTK,BATAINDIA,28-Dec-2017,840,PE,0,0,0,142.85,104.35,0,0,0,0,19-DEC-2017,
OPTSTK,BATAINDIA,28-Dec-2017,860,PE,0,0,0,117,124.3,0,0,1100,0,19-DEC-2017,
OPTSTK,BATAINDIA,28-Dec-2017,880,PE,0,0,0,178.2,144.25,0,0,0,0,19-DEC-2017,
OPTSTK,BATAINDIA,28-Dec-2017,900,PE,0,0,0,125.65,164.2,0,0,2200,0,19-DEC-2017,
OPTSTK,BATAINDIA,28-Dec-2017,920,PE,0,0,0,215.1,184.2,0,0,0,0,19-DEC-2017,
OPTSTK,BATAINDIA,28-Dec-2017,940,PE,0,0,0,234,204.15,0,0,0,0,19-DEC-2017,
OPTSTK,BATAINDIA,28-Dec-2017,960,PE,0,0,0,253.05,224.15,0,0,0,0,19-DEC-2017,
OPTSTK,BATAINDIA,28-Dec-2017,980,PE,0,0,0,272.3,244.1,0,0,0,0,19-DEC-2017,
OPTSTK,BATAINDIA,25-Jan-2018,480,CE,0,0,0,303.05,257.55,0,0,0,0,19-DEC-2017,
OPTSTK,BATAINDIA,25-Jan-2018,500,CE,0,0,0,283.45,237.65,0,0,0,0,19-DEC-2017,
OPTSTK,BATAINDIA,25-Jan-2018,520,CE,0,0,0,263.8,217.8,0,0,0,0,19-DEC-2017,
OPTSTK,BATAINDIA,25-Jan-2018,540,CE,0,0,0,244.3,197.95,0,0,0,0,19-DEC-2017,
OPTSTK,BATAINDIA,25-Jan-2018,560,CE,0,0,0,224.9,178.1,0,0,0,0,19-DEC-2017,
OPTSTK,BATAINDIA,25-Jan-2018,580,CE,0,0,0,205.75,158.3,0,0,0,0,19-DEC-2017,
OPTSTK,BATAINDIA,25-Jan-2018,600,CE,0,0,0,186.9,138.6,0,0,0,0,19-DEC-2017,
OPTSTK,BATAINDIA,25-Jan-2018,620,CE,0,0,0,168.5,119.2,0,0,0,0,19-DEC-2017,
OPTSTK,BATAINDIA,25-Jan-2018,640,CE,0,0,0,150.7,100.3,0,0,0,0,19-DEC-2017,
OPTSTK,BATAINDIA,25-Jan-2018,660,CE,0,0,0,133.6,82.3,0,0,0,0,19-DEC-2017,
OPTSTK,BATAINDIA,25-Jan-2018,680,CE,0,0,0,117.35,65.6,0,0,0,0,19-DEC-2017,
OPTSTK,BATAINDIA,25-Jan-2018,700,CE,0,0,0,102.15,50.65,0,0,0,0,19-DEC-2017,
OPTSTK,BATAINDIA,25-Jan-2018,720,CE,0,0,0,88.05,37.75,0,0,0,0,19-DEC-2017,
OPTSTK,BATAINDIA,25-Jan-2018,740,CE,0,0,0,75.15,27.15,0,0,0,0,19-DEC-2017,
OPTSTK,BATAINDIA,25-Jan-2018,760,CE,0,0,0,63.55,18.8,0,0,0,0,19-DEC-2017,
OPTSTK,BATAINDIA,25-Jan-2018,780,CE,0,0,0,53.2,12.5,0,0,0,0,19-DEC-2017,
OPTSTK,BATAINDIA,25-Jan-2018,800,CE,0,0,0,10,8.05,0,0,2200,0,19-DEC-2017,
OPTSTK,BATAINDIA,25-Jan-2018,820,CE,0,0,0,36.25,4.95,0,0,0,0,19-DEC-2017,
OPTSTK,BATAINDIA,25-Jan-2018,840,CE,0,0,0,29.5,2.95,0,0,0,0,19-DEC-2017,
OPTSTK,BATAINDIA,25-Jan-2018,860,CE,0,0,0,23.8,1.7,0,0,0,0,19-DEC-2017,
OPTSTK,BATAINDIA,25-Jan-2018,880,CE,0,0,0,19.05,0.95,0,0,0,0,19-DEC-2017,
OPTSTK,BATAINDIA,25-Jan-2018,900,CE,0,0,0,15.1,0.5,0,0,0,0,19-DEC-2017,
OPTSTK,BATAINDIA,25-Jan-2018,920,CE,0,0,0,11.9,0.3,0,0,0,0,19-DEC-2017,
OPTSTK,BATAINDIA,25-Jan-2018,940,CE,0,0,0,9.3,0.15,0,0,0,0,19-DEC-2017,
OPTSTK,BATAINDIA,25-Jan-2018,960,CE,0,0,0,7.2,0.1,0,0,0,0,19-DEC-2017,
OPTSTK,BATAINDIA,25-Jan-2018,980,CE,0,0,0,5.55,0.05,0,0,0,0,19-DEC-2017,
OPTSTK,BATAINDIA,25-Jan-2018,480,PE,0,0,0,0.05,0,0,0,0,0,19-DEC-2017,
OPTSTK,BATAINDIA,25-Jan-2018,500,PE,0,0,0,0.1,0,0,0,0,0,19-DEC-2017,
OPTSTK,BATAINDIA,25-Jan-2018,520,PE,0,0,0,0.15,0,0,0,0,0,19-DEC-2017,
OPTSTK,BATAINDIA,25-Jan-2018,540,PE,0,0,0,0.35,0.05,0,0,0,0,19-DEC-2017,
OPTSTK,BATAINDIA,25-Jan-2018,560,PE,0,0,0,0.65,0.05,0,0,0,0,19-DEC-2017,
OPTSTK,BATAINDIA,25-Jan-2018,580,PE,0,0,0,1.15,0.1,0,0,0,0,19-DEC-2017,
OPTSTK,BATAINDIA,25-Jan-2018,600,PE,0,0,0,2,0.3,0,0,0,0,19-DEC-2017,
OPTSTK,BATAINDIA,25-Jan-2018,620,PE,0,0,0,3.3,0.75,0,0,0,0,19-DEC-2017,
OPTSTK,BATAINDIA,25-Jan-2018,640,PE,0,0,0,5.15,1.75,0,0,0,0,19-DEC-2017,
OPTSTK,BATAINDIA,25-Jan-2018,660,PE,0,0,0,7.75,3.65,0,0,0,0,19-DEC-2017,
OPTSTK,BATAINDIA,25-Jan-2018,680,PE,0,0,0,11.2,6.8,0,0,0,0,19-DEC-2017,
OPTSTK,BATAINDIA,25-Jan-2018,700,PE,0,0,0,15.7,11.7,0,0,0,0,19-DEC-2017,
OPTSTK,BATAINDIA,25-Jan-2018,720,PE,0,0,0,21.25,18.65,0,0,0,0,19-DEC-2017,
OPTSTK,BATAINDIA,25-Jan-2018,740,PE,0,0,0,35,27.9,0,0,2200,0,19-DEC-2017,
OPTSTK,BATAINDIA,25-Jan-2018,760,PE,0,0,0,36.15,39.45,0,0,0,0,19-DEC-2017,
OPTSTK,BATAINDIA,25-Jan-2018,780,PE,0,0,0,45.5,53.05,0,0,0,0,19-DEC-2017,
OPTSTK,BATAINDIA,25-Jan-2018,800,PE,0,0,0,56.1,68.4,0,0,0,0,19-DEC-2017,
OPTSTK,BATAINDIA,25-Jan-2018,820,PE,0,0,0,67.9,85.25,0,0,0,0,19-DEC-2017,
OPTSTK,BATAINDIA,25-Jan-2018,840,PE,0,0,0,80.8,103.1,0,0,0,0,19-DEC-2017,
OPTSTK,BATAINDIA,25-Jan-2018,860,PE,0,0,0,94.8,121.7,0,0,0,0,19-DEC-2017,
OPTSTK,BATAINDIA,25-Jan-2018,880,PE,0,0,0,109.75,140.85,0,0,0,0,19-DEC-2017,
OPTSTK,BATAINDIA,25-Jan-2018,900,PE,0,0,0,125.5,160.25,0,0,0,0,19-DEC-2017,
OPTSTK,BATAINDIA,25-Jan-2018,920,PE,0,0,0,141.95,179.9,0,0,0,0,19-DEC-2017,
OPTSTK,BATAINDIA,25-Jan-2018,940,PE,0,0,0,159.05,199.65,0,0,0,0,19-DEC-2017,
OPTSTK,BATAINDIA,25-Jan-2018,960,PE,0,0,0,176.65,219.45,0,0,0,0,19-DEC-2017,
OPTSTK,BATAINDIA,25-Jan-2018,980,PE,0,0,0,194.65,239.25,0,0,0,0,19-DEC-2017,
OPTSTK,BATAINDIA,22-Feb-2018,480,CE,0,0,0,261.5,259.9,0,0,0,0,19-DEC-2017,
OPTSTK,BATAINDIA,22-Feb-2018,500,CE,0,0,0,242,240.15,0,0,0,0,19-DEC-2017,
OPTSTK,BATAINDIA,22-Feb-2018,520,CE,0,0,0,222.7,220.4,0,0,0,0,19-DEC-2017,
OPTSTK,BATAINDIA,22-Feb-2018,540,CE,0,0,0,203.7,200.7,0,0,0,0,19-DEC-2017,
OPTSTK,BATAINDIA,22-Feb-2018,560,CE,0,0,0,185,181.1,0,0,0,0,19-DEC-2017,
OPTSTK,BATAINDIA,22-Feb-2018,580,CE,0,0,0,166.85,161.75,0,0,0,0,19-DEC-2017,
OPTSTK,BATAINDIA,22-Feb-2018,600,CE,0,0,0,149.35,142.7,0,0,0,0,19-DEC-2017,
OPTSTK,BATAINDIA,22-Feb-2018,620,CE,0,0,0,132.6,124.2,0,0,0,0,19-DEC-2017,
OPTSTK,BATAINDIA,22-Feb-2018,640,CE,0,0,0,116.75,106.5,0,0,0,0,19-DEC-2017,
OPTSTK,BATAINDIA,22-Feb-2018,660,CE,0,0,0,101.95,89.85,0,0,0,0,19-DEC-2017,
OPTSTK,BATAINDIA,22-Feb-2018,680,CE,0,0,0,88.2,74.45,0,0,0,0,19-DEC-2017,
OPTSTK,BATAINDIA,22-Feb-2018,700,CE,0,0,0,75.7,60.55,0,0,0,0,19-DEC-2017,
OPTSTK,BATAINDIA,22-Feb-2018,720,CE,0,0,0,64.4,48.3,0,0,0,0,19-DEC-2017,
OPTSTK,BATAINDIA,22-Feb-2018,740,CE,0,0,0,54.35,37.8,0,0,0,0,19-DEC-2017,
OPTSTK,BATAINDIA,22-Feb-2018,760,CE,0,0,0,45.5,29,0,0,0,0,19-DEC-2017,
OPTSTK,BATAINDIA,22-Feb-2018,780,CE,0,0,0,37.75,21.85,0,0,0,0,19-DEC-2017,
OPTSTK,BATAINDIA,22-Feb-2018,800,CE,0,0,0,31.1,16.1,0,0,0,0,19-DEC-2017,
OPTSTK,BATAINDIA,22-Feb-2018,820,CE,0,0,0,25.4,11.7,0,0,0,0,19-DEC-2017,
OPTSTK,BATAINDIA,22-Feb-2018,840,CE,0,0,0,20.65,8.3,0,0,0,0,19-DEC-2017,
OPTSTK,BATAINDIA,22-Feb-2018,860,CE,0,0,0,16.65,5.8,0,0,0,0,19-DEC-2017,
OPTSTK,BATAINDIA,22-Feb-2018,880,CE,0,0,0,13.3,4,0,0,0,0,19-DEC-2017,
OPTSTK,BATAINDIA,22-Feb-2018,900,CE,0,0,0,10.6,2.7,0,0,0,0,19-DEC-2017,
OPTSTK,BATAINDIA,22-Feb-2018,920,CE,0,0,0,8.35,1.8,0,0,0,0,19-DEC-2017,
OPTSTK,BATAINDIA,22-Feb-2018,940,CE,0,0,0,6.6,1.2,0,0,0,0,19-DEC-2017,
OPTSTK,BATAINDIA,22-Feb-2018,960,CE,0,0,0,5.15,0.75,0,0,0,0,19-DEC-2017,
OPTSTK,BATAINDIA,22-Feb-2018,980,CE,0,0,0,4,0.5,0,0,0,0,19-DEC-2017,
OPTSTK,BATAINDIA,22-Feb-2018,480,PE,0,0,0,0.25,0,0,0,0,0,19-DEC-2017,
OPTSTK,BATAINDIA,22-Feb-2018,500,PE,0,0,0,0.5,0.05,0,0,0,0,19-DEC-2017,
OPTSTK,BATAINDIA,22-Feb-2018,520,PE,0,0,0,0.9,0.05,0,0,0,0,19-DEC-2017,
OPTSTK,BATAINDIA,22-Feb-2018,540,PE,0,0,0,1.55,0.15,0,0,0,0,19-DEC-2017,
OPTSTK,BATAINDIA,22-Feb-2018,560,PE,0,0,0,2.6,0.35,0,0,0,0,19-DEC-2017,
OPTSTK,BATAINDIA,22-Feb-2018,580,PE,0,0,0,4.15,0.75,0,0,0,0,19-DEC-2017,
OPTSTK,BATAINDIA,22-Feb-2018,600,PE,0,0,0,6.35,1.45,0,0,0,0,19-DEC-2017,
OPTSTK,BATAINDIA,22-Feb-2018,620,PE,0,0,0,9.3,2.75,0,0,0,0,19-DEC-2017,
OPTSTK,BATAINDIA,22-Feb-2018,640,PE,0,0,0,13.15,4.8,0,0,0,0,19-DEC-2017,
OPTSTK,BATAINDIA,22-Feb-2018,660,PE,0,0,0,18.05,7.9,0,0,0,0,19-DEC-2017,
OPTSTK,BATAINDIA,22-Feb-2018,680,PE,0,0,0,24.05,12.3,0,0,0,0,19-DEC-2017,
OPTSTK,BATAINDIA,22-Feb-2018,700,PE,0,0,0,31.25,18.15,0,0,0,0,19-DEC-2017,
OPTSTK,BATAINDIA,22-Feb-2018,720,PE,0,0,0,39.65,25.7,0,0,0,0,19-DEC-2017,
OPTSTK,BATAINDIA,22-Feb-2018,740,PE,0,0,0,49.3,34.95,0,0,0,0,19-DEC-2017,
OPTSTK,BATAINDIA,22-Feb-2018,760,PE,0,0,0,60.15,45.95,0,0,0,0,19-DEC-2017,
OPTSTK,BATAINDIA,22-Feb-2018,780,PE,0,0,0,72.15,58.55,0,0,0,0,19-DEC-2017,
OPTSTK,BATAINDIA,22-Feb-2018,800,PE,0,0,0,85.15,72.6,0,0,0,0,19-DEC-2017,
OPTSTK,BATAINDIA,22-Feb-2018,820,PE,0,0,0,99.2,87.95,0,0,0,0,19-DEC-2017,
OPTSTK,BATAINDIA,22-Feb-2018,840,PE,0,0,0,114.15,104.35,0,0,0,0,19-DEC-2017,
OPTSTK,BATAINDIA,22-Feb-2018,860,PE,0,0,0,129.85,121.6,0,0,0,0,19-DEC-2017,
OPTSTK,BATAINDIA,22-Feb-2018,880,PE,0,0,0,146.25,139.55,0,0,0,0,19-DEC-2017,
OPTSTK,BATAINDIA,22-Feb-2018,900,PE,0,0,0,163.2,158.05,0,0,0,0,19-DEC-2017,
OPTSTK,BATAINDIA,22-Feb-2018,920,PE,0,0,0,180.7,176.9,0,0,0,0,19-DEC-2017,
OPTSTK,BATAINDIA,22-Feb-2018,940,PE,0,0,0,198.65,196.05,0,0,0,0,19-DEC-2017,
OPTSTK,BATAINDIA,22-Feb-2018,960,PE,0,0,0,216.9,215.4,0,0,0,0,19-DEC-2017,
OPTSTK,BATAINDIA,22-Feb-2018,980,PE,0,0,0,235.45,234.9,0,0,0,0,19-DEC-2017,
OPTSTK,BEL,28-Dec-2017,110,CE,0,0,0,55.4,74.3,0,0,0,0,19-DEC-2017,
OPTSTK,BEL,28-Dec-2017,115,CE,0,0,0,50.6,69.3,0,0,0,0,19-DEC-2017,
OPTSTK,BEL,28-Dec-2017,120,CE,0,0,0,45.9,64.3,0,0,0,0,19-DEC-2017,
OPTSTK,BEL,28-Dec-2017,125,CE,0,0,0,41.25,59.3,0,0,0,0,19-DEC-2017,
OPTSTK,BEL,28-Dec-2017,130,CE,0,0,0,36.8,54.3,0,0,0,0,19-DEC-2017,
OPTSTK,BEL,28-Dec-2017,135,CE,0,0,0,32.55,49.35,0,0,0,0,19-DEC-2017,
OPTSTK,BEL,28-Dec-2017,140,CE,0,0,0,28.5,44.35,0,0,0,0,19-DEC-2017,
OPTSTK,BEL,28-Dec-2017,145,CE,0,0,0,24.75,39.35,0,0,0,0,19-DEC-2017,
OPTSTK,BEL,28-Dec-2017,150,CE,0,0,0,21.3,34.35,0,0,0,0,19-DEC-2017,
OPTSTK,BEL,28-Dec-2017,155,CE,0,0,0,18.1,29.35,0,0,0,0,19-DEC-2017,
OPTSTK,BEL,28-Dec-2017,160,CE,0,0,0,15.3,24.35,0,0,0,0,19-DEC-2017,
OPTSTK,BEL,28-Dec-2017,165,CE,0,0,0,22.5,19.4,0,0,4950,0,19-DEC-2017,
OPTSTK,BEL,28-Dec-2017,170,CE,0,0,0,16,14.45,0,0,0,0,19-DEC-2017,
OPTSTK,BEL,28-Dec-2017,175,CE,10.85,10.85,10.85,10.85,10.85,1,9.19,9900,-4950,19-DEC-2017,
OPTSTK,BEL,28-Dec-2017,180,CE,6.1,6.3,5.65,5.8,5.8,9,82.88,212850,0,19-DEC-2017,
OPTSTK,BEL,28-Dec-2017,185,CE,2.65,3.5,2.65,3.05,3.05,69,642.12,346500,4950,19-DEC-2017,
OPTSTK,BEL,28-Dec-2017,190,CE,1.35,1.75,1.25,1.5,1.5,73,692.12,742500,24750,19-DEC-2017,
OPTSTK,BEL,28-Dec-2017,195,CE,0.75,0.9,0.7,0.8,0.8,29,281.03,326700,0,19-DEC-2017,
OPTSTK,BEL,28-Dec-2017,200,CE,0.4,0.55,0.4,0.4,0.4,28,277.85,613800,-34650,19-DEC-2017,
OPTSTK,BEL,28-Dec-2017,205,CE,0,0,0,0.3,0.05,0,0,69300,0,19-DEC-2017,
OPTSTK,BEL,28-Dec-2017,210,CE,0.2,0.2,0.2,0.2,0.2,2,20.8,153450,-4950,19-DEC-2017,
OPTSTK,BEL,28-Dec-2017,215,CE,0,0,0,0.45,0,0,0,24750,0,19-DEC-2017,
OPTSTK,BEL,28-Dec-2017,220,CE,0,0,0,0.25,0,0,0,44550,0,19-DEC-2017,
OPTSTK,BEL,28-Dec-2017,225,CE,0,0,0,0.25,0,0,0,14850,0,19-DEC-2017,
OPTSTK,BEL,28-Dec-2017,230,CE,0,0,0,0.65,0,0,0,0,0,19-DEC-2017,
OPTSTK,BEL,28-Dec-2017,110,PE,0,0,0,0.15,0,0,0,0,0,19-DEC-2017,
OPTSTK,BEL,28-Dec-2017,115,PE,0,0,0,0.25,0,0,0,0,0,19-DEC-2017,
OPTSTK,BEL,28-Dec-2017,120,PE,0,0,0,0.45,0,0,0,0,0,19-DEC-2017,
OPTSTK,BEL,28-Dec-2017,125,PE,0,0,0,0.8,0,0,0,0,0,19-DEC-2017,
OPTSTK,BEL,28-Dec-2017,130,PE,0,0,0,1.25,0,0,0,0,0,19-DEC-2017,
OPTSTK,BEL,28-Dec-2017,135,PE,0,0,0,1.9,0,0,0,0,0,19-DEC-2017,
OPTSTK,BEL,28-Dec-2017,140,PE,0,0,0,2.8,0,0,0,0,0,19-DEC-2017,
OPTSTK,BEL,28-Dec-2017,145,PE,0,0,0,3.95,0,0,0,0,0,19-DEC-2017,
OPTSTK,BEL,28-Dec-2017,150,PE,0,0,0,5.4,0,0,0,0,0,19-DEC-2017,
OPTSTK,BEL,28-Dec-2017,155,PE,0,0,0,7.15,0,0,0,0,0,19-DEC-2017,
OPTSTK,BEL,28-Dec-2017,160,PE,0,0,0,0.1,0,0,0,24750,0,19-DEC-2017,
OPTSTK,BEL,28-Dec-2017,165,PE,0.1,0.1,0.05,0.05,0.05,7,57.2,74250,-4950,19-DEC-2017,
OPTSTK,BEL,28-Dec-2017,170,PE,0.15,0.15,0.1,0.15,0.15,15,126.33,237600,0,19-DEC-2017,
OPTSTK,BEL,28-Dec-2017,175,PE,0.5,0.55,0.5,0.55,0.55,3,26.06,183150,4950,19-DEC-2017,
OPTSTK,BEL,28-Dec-2017,180,PE,2.15,2.15,1.2,1.35,1.35,25,224.45,272250,-9900,19-DEC-2017,
OPTSTK,BEL,28-Dec-2017,185,PE,3.4,3.6,3,3.5,3.5,7,65.24,212850,14850,19-DEC-2017,
OPTSTK,BEL,28-Dec-2017,190,PE,0,0,0,7.45,6.8,0,0,79200,0,19-DEC-2017,
OPTSTK,BEL,28-Dec-2017,195,PE,0,0,0,16.3,11,0,0,9900,0,19-DEC-2017,
OPTSTK,BEL,28-Dec-2017,200,PE,0,0,0,16.4,15.7,0,0,59400,0,19-DEC-2017,
OPTSTK,BEL,28-Dec-2017,205,PE,0,0,0,40.55,20.6,0,0,0,0,19-DEC-2017,
OPTSTK,BEL,28-Dec-2017,210,PE,0,0,0,44.95,25.6,0,0,0,0,19-DEC-2017,
OPTSTK,BEL,28-Dec-2017,215,PE,0,0,0,49.5,30.6,0,0,0,0,19-DEC-2017,
OPTSTK,BEL,28-Dec-2017,220,PE,0,0,0,38.9,35.6,0,0,4950,0,19-DEC-2017,
OPTSTK,BEL,28-Dec-2017,225,PE,0,0,0,58.75,40.55,0,0,0,0,19-DEC-2017,
OPTSTK,BEL,28-Dec-2017,230,PE,0,0,0,63.5,45.55,0,0,0,0,19-DEC-2017,
OPTSTK,BEL,25-Jan-2018,110,CE,0,0,0,61.6,74.85,0,0,0,0,19-DEC-2017,
OPTSTK,BEL,25-Jan-2018,115,CE,0,0,0,56.7,69.85,0,0,0,0,19-DEC-2017,
OPTSTK,BEL,25-Jan-2018,120,CE,0,0,0,51.75,64.9,0,0,0,0,19-DEC-2017,
OPTSTK,BEL,25-Jan-2018,125,CE,0,0,0,46.9,59.95,0,0,0,0,19-DEC-2017,
OPTSTK,BEL,25-Jan-2018,130,CE,0,0,0,42.05,54.95,0,0,0,0,19-DEC-2017,
OPTSTK,BEL,25-Jan-2018,135,CE,0,0,0,37.25,50,0,0,0,0,19-DEC-2017,
OPTSTK,BEL,25-Jan-2018,140,CE,0,0,0,32.6,45.05,0,0,0,0,19-DEC-2017,
OPTSTK,BEL,25-Jan-2018,145,CE,0,0,0,28.1,40.05,0,0,0,0,19-DEC-2017,
OPTSTK,BEL,25-Jan-2018,150,CE,0,0,0,23.85,35.15,0,0,0,0,19-DEC-2017,
OPTSTK,BEL,25-Jan-2018,155,CE,0,0,0,19.9,30.25,0,0,0,0,19-DEC-2017,
OPTSTK,BEL,25-Jan-2018,160,CE,0,0,0,16.3,25.45,0,0,0,0,19-DEC-2017,
OPTSTK,BEL,25-Jan-2018,165,CE,0,0,0,13.15,20.85,0,0,0,0,19-DEC-2017,
OPTSTK,BEL,25-Jan-2018,170,CE,0,0,0,10.35,16.55,0,0,0,0,19-DEC-2017,
OPTSTK,BEL,25-Jan-2018,175,CE,0,0,0,8.05,12.65,0,0,0,0,19-DEC-2017,
OPTSTK,BEL,25-Jan-2018,180,CE,0,0,0,8.25,9.3,0,0,4950,0,19-DEC-2017,
OPTSTK,BEL,25-Jan-2018,185,CE,0,0,0,4.55,6.6,0,0,0,0,19-DEC-2017,
OPTSTK,BEL,25-Jan-2018,190,CE,0,0,0,4.55,4.45,0,0,4950,0,19-DEC-2017,
OPTSTK,BEL,25-Jan-2018,195,CE,0,0,0,2.4,2.85,0,0,0,0,19-DEC-2017,
OPTSTK,BEL,25-Jan-2018,200,CE,2.5,2.5,2.5,2.5,2.5,1,10.02,9900,4950,19-DEC-2017,
OPTSTK,BEL,25-Jan-2018,205,CE,0,0,0,1.2,1.05,0,0,0,0,19-DEC-2017,
OPTSTK,BEL,25-Jan-2018,210,CE,0,0,0,0.85,0.6,0,0,0,0,19-DEC-2017,
OPTSTK,BEL,25-Jan-2018,215,CE,0,0,0,0.55,0.35,0,0,0,0,19-DEC-2017,
OPTSTK,BEL,25-Jan-2018,220,CE,0,0,0,0.4,0.2,0,0,0,0,19-DEC-2017,
OPTSTK,BEL,25-Jan-2018,225,CE,0,0,0,0.25,0.1,0,0,0,0,19-DEC-2017,
OPTSTK,BEL,25-Jan-2018,230,CE,0,0,0,0.15,0.05,0,0,0,0,19-DEC-2017,
OPTSTK,BEL,25-Jan-2018,110,PE,0,0,0,0.05,0,0,0,0,0,19-DEC-2017,
OPTSTK,BEL,25-Jan-2018,115,PE,0,0,0,0.05,0,0,0,0,0,19-DEC-2017,
OPTSTK,BEL,25-Jan-2018,120,PE,0,0,0,0.05,0,0,0,0,0,19-DEC-2017,
OPTSTK,BEL,25-Jan-2018,125,PE,0,0,0,0.05,0,0,0,0,0,19-DEC-2017,
OPTSTK,BEL,25-Jan-2018,130,PE,0,0,0,0.15,0,0,0,0,0,19-DEC-2017,
OPTSTK,BEL,25-Jan-2018,135,PE,0,0,0,0.3,0,0,0,0,0,19-DEC-2017,
OPTSTK,BEL,25-Jan-2018,140,PE,0,0,0,0.55,0,0,0,0,0,19-DEC-2017,
OPTSTK,BEL,25-Jan-2018,145,PE,0,0,0,1,0.05,0,0,0,0,19-DEC-2017,
OPTSTK,BEL,25-Jan-2018,150,PE,0.25,0.25,0.25,0.25,0.25,2,14.87,9900,-9900,19-DEC-2017,
OPTSTK,BEL,25-Jan-2018,155,PE,0.45,0.45,0.45,0.45,0.45,2,15.38,19800,0,19-DEC-2017,
OPTSTK,BEL,25-Jan-2018,160,PE,0.8,0.8,0.75,0.75,0.75,2,15.91,34650,0,19-DEC-2017,
OPTSTK,BEL,25-Jan-2018,165,PE,0,0,0,5.7,0.65,0,0,0,0,19-DEC-2017,
OPTSTK,BEL,25-Jan-2018,170,PE,0,0,0,2.5,1.35,0,0,4950,0,19-DEC-2017,
OPTSTK,BEL,25-Jan-2018,175,PE,0,0,0,10.45,2.45,0,0,0,0,19-DEC-2017,
OPTSTK,BEL,25-Jan-2018,180,PE,0,0,0,5,4.05,0,0,9900,0,19-DEC-2017,
OPTSTK,BEL,25-Jan-2018,185,PE,0,0,0,16.8,6.3,0,0,0,0,19-DEC-2017,
OPTSTK,BEL,25-Jan-2018,190,PE,0,0,0,20.55,9.1,0,0,0,0,19-DEC-2017,
OPTSTK,BEL,25-Jan-2018,195,PE,0,0,0,24.5,12.5,0,0,0,0,19-DEC-2017,
OPTSTK,BEL,25-Jan-2018,200,PE,0,0,0,28.75,16.4,0,0,0,0,19-DEC-2017,
OPTSTK,BEL,25-Jan-2018,205,PE,0,0,0,33.15,20.65,0,0,0,0,19-DEC-2017,
OPTSTK,BEL,25-Jan-2018,210,PE,0,0,0,37.7,25.15,0,0,0,0,19-DEC-2017,
OPTSTK,BEL,25-Jan-2018,215,PE,0,0,0,42.35,29.85,0,0,0,0,19-DEC-2017,
OPTSTK,BEL,25-Jan-2018,220,PE,0,0,0,47.1,34.65,0,0,0,0,19-DEC-2017,
OPTSTK,BEL,25-Jan-2018,225,PE,0,0,0,51.9,39.55,0,0,0,0,19-DEC-2017,
OPTSTK,BEL,25-Jan-2018,230,PE,0,0,0,56.7,44.45,0,0,0,0,19-DEC-2017,
OPTSTK,BEL,22-Feb-2018,110,CE,0,0,0,77.4,75.35,0,0,0,0,19-DEC-2017,
OPTSTK,BEL,22-Feb-2018,115,CE,0,0,0,72.5,70.45,0,0,0,0,19-DEC-2017,
OPTSTK,BEL,22-Feb-2018,120,CE,0,0,0,67.6,65.5,0,0,0,0,19-DEC-2017,
OPTSTK,BEL,22-Feb-2018,125,CE,0,0,0,62.65,60.55,0,0,0,0,19-DEC-2017,
OPTSTK,BEL,22-Feb-2018,130,CE,0,0,0,57.8,55.6,0,0,0,0,19-DEC-2017,
OPTSTK,BEL,22-Feb-2018,135,CE,0,0,0,52.9,50.65,0,0,0,0,19-DEC-2017,
OPTSTK,BEL,22-Feb-2018,140,CE,0,0,0,48.1,45.75,0,0,0,0,19-DEC-2017,
OPTSTK,BEL,22-Feb-2018,145,CE,0,0,0,43.4,40.9,0,0,0,0,19-DEC-2017,
OPTSTK,BEL,22-Feb-2018,150,CE,0,0,0,38.8,36.05,0,0,0,0,19-DEC-2017,
OPTSTK,BEL,22-Feb-2018,155,CE,0,0,0,34.35,31.35,0,0,0,0,19-DEC-2017,
OPTSTK,BEL,22-Feb-2018,160,CE,0,0,0,30.1,26.85,0,0,0,0,19-DEC-2017,
OPTSTK,BEL,22-Feb-2018,165,CE,0,0,0,26.1,22.55,0,0,0,0,19-DEC-2017,
OPTSTK,BEL,22-Feb-2018,170,CE,0,0,0,22.35,18.55,0,0,0,0,19-DEC-2017,
OPTSTK,BEL,22-Feb-2018,175,CE,0,0,0,18.95,14.95,0,0,0,0,19-DEC-2017,
OPTSTK,BEL,22-Feb-2018,180,CE,0,0,0,15.9,11.8,0,0,0,0,19-DEC-2017,
OPTSTK,BEL,22-Feb-2018,185,CE,0,0,0,13.15,9.1,0,0,0,0,19-DEC-2017,
OPTSTK,BEL,22-Feb-2018,190,CE,0,0,0,10.75,6.85,0,0,0,0,19-DEC-2017,
OPTSTK,BEL,22-Feb-2018,195,CE,0,0,0,8.7,5.05,0,0,0,0,19-DEC-2017,
OPTSTK,BEL,22-Feb-2018,200,CE,0,0,0,7,3.65,0,0,0,0,19-DEC-2017,
OPTSTK,BEL,22-Feb-2018,205,CE,0,0,0,5.55,2.55,0,0,0,0,19-DEC-2017,
OPTSTK,BEL,22-Feb-2018,210,CE,0,0,0,4.35,1.8,0,0,0,0,19-DEC-2017,
OPTSTK,BEL,22-Feb-2018,215,CE,0,0,0,3.35,1.2,0,0,0,0,19-DEC-2017,
OPTSTK,BEL,22-Feb-2018,220,CE,0,0,0,2.6,0.8,0,0,0,0,19-DEC-2017,
OPTSTK,BEL,22-Feb-2018,225,CE,0,0,0,2,0.5,0,0,0,0,19-DEC-2017,
OPTSTK,BEL,22-Feb-2018,230,CE,0,0,0,1.5,0.35,0,0,0,0,19-DEC-2017,
OPTSTK,BEL,22-Feb-2018,110,PE,0,0,0,0.05,0,0,0,0,0,19-DEC-2017,
OPTSTK,BEL,22-Feb-2018,115,PE,0,0,0,0.05,0,0,0,0,0,19-DEC-2017,
OPTSTK,BEL,22-Feb-2018,120,PE,0,0,0,0.05,0,0,0,0,0,19-DEC-2017,
OPTSTK,BEL,22-Feb-2018,125,PE,0,0,0,0.05,0,0,0,0,0,19-DEC-2017,
OPTSTK,BEL,22-Feb-2018,130,PE,0,0,0,0.1,0,0,0,0,0,19-DEC-2017,
OPTSTK,BEL,22-Feb-2018,135,PE,0,0,0,0.15,0.05,0,0,0,0,19-DEC-2017,
OPTSTK,BEL,22-Feb-2018,140,PE,0,0,0,0.25,0.05,0,0,0,0,19-DEC-2017,
OPTSTK,BEL,22-Feb-2018,145,PE,0,0,0,0.5,0.1,0,0,0,0,19-DEC-2017,
OPTSTK,BEL,22-Feb-2018,150,PE,0,0,0,0.8,0.25,0,0,0,0,19-DEC-2017,
OPTSTK,BEL,22-Feb-2018,155,PE,0,0,0,1.3,0.5,0,0,0,0,19-DEC-2017,
OPTSTK,BEL,22-Feb-2018,160,PE,0,0,0,1.95,0.9,0,0,0,0,19-DEC-2017,
OPTSTK,BEL,22-Feb-2018,165,PE,0,0,0,2.9,1.55,0,0,0,0,19-DEC-2017,
OPTSTK,BEL,22-Feb-2018,170,PE,0,0,0,4.1,2.5,0,0,0,0,19-DEC-2017,
OPTSTK,BEL,22-Feb-2018,175,PE,0,0,0,5.6,3.85,0,0,0,0,19-DEC-2017,
OPTSTK,BEL,22-Feb-2018,180,PE,0,0,0,7.45,5.65,0,0,0,0,19-DEC-2017,
OPTSTK,BEL,22-Feb-2018,185,PE,0,0,0,9.65,7.9,0,0,0,0,19-DEC-2017,
OPTSTK,BEL,22-Feb-2018,190,PE,0,0,0,12.2,10.6,0,0,0,0,19-DEC-2017,
OPTSTK,BEL,22-Feb-2018,195,PE,0,0,0,15.1,13.75,0,0,0,0,19-DEC-2017,
OPTSTK,BEL,22-Feb-2018,200,PE,0,0,0,18.25,17.25,0,0,0,0,19-DEC-2017,
OPTSTK,BEL,22-Feb-2018,205,PE,0,0,0,21.75,21.15,0,0,0,0,19-DEC-2017,
OPTSTK,BEL,22-Feb-2018,210,PE,0,0,0,25.5,25.3,0,0,0,0,19-DEC-2017,
OPTSTK,BEL,22-Feb-2018,215,PE,0,0,0,29.45,29.65,0,0,0,0,19-DEC-2017,
OPTSTK,BEL,22-Feb-2018,220,PE,0,0,0,33.6,34.2,0,0,0,0,19-DEC-2017,
OPTSTK,BEL,22-Feb-2018,225,PE,0,0,0,37.9,38.85,0,0,0,0,19-DEC-2017,
OPTSTK,BEL,22-Feb-2018,230,PE,0,0,0,42.35,43.6,0,0,0,0,19-DEC-2017,
OPTSTK,BEML,28-Dec-2017,1100,CE,0,0,0,570.6,488.05,0,0,0,0,19-DEC-2017,
OPTSTK,BEML,28-Dec-2017,1150,CE,0,0,0,526.1,438.1,0,0,0,0,19-DEC-2017,
OPTSTK,BEML,28-Dec-2017,1200,CE,0,0,0,312.25,388.2,0,0,4500,0,19-DEC-2017,
OPTSTK,BEML,28-Dec-2017,1250,CE,0,0,0,444.6,338.25,0,0,300,0,19-DEC-2017,
OPTSTK,BEML,28-Dec-2017,1300,CE,0,0,0,272.7,288.4,0,0,300,0,19-DEC-2017,
OPTSTK,BEML,28-Dec-2017,1350,CE,0,0,0,364.85,238.85,0,0,0,0,19-DEC-2017,
OPTSTK,BEML,28-Dec-2017,1400,CE,0,0,0,105,190.2,0,0,600,0,19-DEC-2017,
OPTSTK,BEML,28-Dec-2017,1450,CE,130,132,130,132,132,2,9.48,300,-300,19-DEC-2017,
OPTSTK,BEML,28-Dec-2017,1500,CE,54.7,101.3,48.95,95.6,95.6,136,643.76,10500,-13200,19-DEC-2017,
OPTSTK,BEML,28-Dec-2017,1550,CE,31,66,26.9,61.85,61.85,1020,4884.05,24600,-46800,19-DEC-2017,
OPTSTK,BEML,28-Dec-2017,1600,CE,16.95,37.9,14.25,35.65,35.65,1655,8086.79,82800,-22200,19-DEC-2017,
OPTSTK,BEML,28-Dec-2017,1650,CE,8.5,21,7.45,19.4,19.4,281,1404.93,64800,15000,19-DEC-2017,
OPTSTK,BEML,28-Dec-2017,1700,CE,4.8,10.5,4.75,9.6,9.6,152,778.99,58200,-1200,19-DEC-2017,
OPTSTK,BEML,28-Dec-2017,1750,CE,4,6.95,2.15,6.05,6.05,43,226.44,32400,6000,19-DEC-2017,
OPTSTK,BEML,28-Dec-2017,1800,CE,2,6,2,4,4,26,140.7,25200,2400,19-DEC-2017,
OPTSTK,BEML,28-Dec-2017,1850,CE,0,0,0,2.75,0.8,0,0,7800,0,19-DEC-2017,
OPTSTK,BEML,28-Dec-2017,1900,CE,1.85,2.85,1.85,2.85,2.85,3,17.11,29400,0,19-DEC-2017,
OPTSTK,BEML,28-Dec-2017,1950,CE,0,0,0,21.1,0.1,0,0,300,0,19-DEC-2017,
OPTSTK,BEML,28-Dec-2017,2000,CE,0,0,0,74.75,0.05,0,0,0,0,19-DEC-2017,
OPTSTK,BEML,28-Dec-2017,2050,CE,0,0,0,64.95,0.05,0,0,0,0,19-DEC-2017,
OPTSTK,BEML,28-Dec-2017,2100,CE,0,0,0,56.25,0,0,0,0,0,19-DEC-2017,
OPTSTK,BEML,28-Dec-2017,2150,CE,0,0,0,48.65,0,0,0,0,0,19-DEC-2017,
OPTSTK,BEML,28-Dec-2017,2200,CE,0,0,0,42.05,0,0,0,0,0,19-DEC-2017,
OPTSTK,BEML,28-Dec-2017,2250,CE,0,0,0,36.25,0,0,0,0,0,19-DEC-2017,
OPTSTK,BEML,28-Dec-2017,1100,PE,0,0,0,10.05,0,0,0,0,0,19-DEC-2017,
OPTSTK,BEML,28-Dec-2017,1150,PE,0,0,0,14.8,0,0,0,0,0,19-DEC-2017,
OPTSTK,BEML,28-Dec-2017,1200,PE,0,0,0,2.05,0,0,0,1800,0,19-DEC-2017,
OPTSTK,BEML,28-Dec-2017,1250,PE,0,0,0,28.85,0.05,0,0,0,0,19-DEC-2017,
OPTSTK,BEML,28-Dec-2017,1300,PE,0,0,0,3.45,0.1,0,0,300,0,19-DEC-2017,
OPTSTK,BEML,28-Dec-2017,1350,PE,1,1,0.85,0.85,0.85,4,16.21,600,0,19-DEC-2017,
OPTSTK,BEML,28-Dec-2017,1400,PE,5.2,9,1.45,1.95,1.95,22,92.62,7500,-2400,19-DEC-2017,
OPTSTK,BEML,28-Dec-2017,1450,PE,11.95,11.95,3.15,3.15,3.15,49,214.02,15000,-1800,19-DEC-2017,
OPTSTK,BEML,28-Dec-2017,1500,PE,27.5,27.5,6.6,8.85,8.85,141,640.01,38700,4200,19-DEC-2017,
OPTSTK,BEML,28-Dec-2017,1550,PE,55.1,58.35,19,20.95,20.95,150,710.3,26700,7800,19-DEC-2017,
OPTSTK,BEML,28-Dec-2017,1600,PE,80,80,40.3,41.45,41.45,23,113.94,15000,-900,19-DEC-2017,
OPTSTK,BEML,28-Dec-2017,1650,PE,123,123,105.85,105.85,105.85,3,15.89,19200,-600,19-DEC-2017,
OPTSTK,BEML,28-Dec-2017,1700,PE,0,0,0,183.65,122.05,0,0,10500,0,19-DEC-2017,
OPTSTK,BEML,28-Dec-2017,1750,PE,0,0,0,259.7,165.95,0,0,2100,0,19-DEC-2017,
OPTSTK,BEML,28-Dec-2017,1800,PE,0,0,0,215,212.95,0,0,16500,0,19-DEC-2017,
OPTSTK,BEML,28-Dec-2017,1850,PE,0,0,0,290.3,261.6,0,0,0,0,19-DEC-2017,
OPTSTK,BEML,28-Dec-2017,1900,PE,0,0,0,329,311,0,0,3000,0,19-DEC-2017,
OPTSTK,BEML,28-Dec-2017,1950,PE,0,0,0,362.1,360.75,0,0,0,0,19-DEC-2017,
OPTSTK,BEML,28-Dec-2017,2000,PE,0,0,0,400.2,410.65,0,0,0,0,19-DEC-2017,
OPTSTK,BEML,28-Dec-2017,2050,PE,0,0,0,439.65,460.55,0,0,0,0,19-DEC-2017,
OPTSTK,BEML,28-Dec-2017,2100,PE,0,0,0,480.2,510.45,0,0,0,0,19-DEC-2017,
OPTSTK,BEML,28-Dec-2017,2150,PE,0,0,0,521.8,560.4,0,0,0,0,19-DEC-2017,
OPTSTK,BEML,28-Dec-2017,2200,PE,0,0,0,564.4,610.3,0,0,0,0,19-DEC-2017,
OPTSTK,BEML,28-Dec-2017,2250,PE,0,0,0,607.85,660.2,0,0,0,0,19-DEC-2017,
OPTSTK,BEML,25-Jan-2018,1100,CE,0,0,0,621.05,493.8,0,0,0,0,19-DEC-2017,
OPTSTK,BEML,25-Jan-2018,1150,CE,0,0,0,573.7,444.65,0,0,0,0,19-DEC-2017,
OPTSTK,BEML,25-Jan-2018,1200,CE,0,0,0,527.25,396,0,0,0,0,19-DEC-2017,
OPTSTK,BEML,25-Jan-2018,1250,CE,0,0,0,482.05,348.4,0,0,0,0,19-DEC-2017,
OPTSTK,BEML,25-Jan-2018,1300,CE,0,0,0,438.25,302.25,0,0,0,0,19-DEC-2017,
OPTSTK,BEML,25-Jan-2018,1350,CE,246,246,246,246,246,1,4.78,300,300,19-DEC-2017,
OPTSTK,BEML,25-Jan-2018,1400,CE,0,0,0,356.1,217.1,0,0,0,0,19-DEC-2017,
OPTSTK,BEML,25-Jan-2018,1450,CE,0,0,0,318.3,179.35,0,0,0,0,19-DEC-2017,
OPTSTK,BEML,25-Jan-2018,1500,CE,0,0,0,92,145.45,0,0,300,0,19-DEC-2017,
OPTSTK,BEML,25-Jan-2018,1550,CE,87,108.85,86.5,108.85,108.85,5,24.61,1200,900,19-DEC-2017,
OPTSTK,BEML,25-Jan-2018,1600,CE,72,77.55,72,77.55,77.55,3,15.06,600,600,19-DEC-2017,
OPTSTK,BEML,25-Jan-2018,1650,CE,0,0,0,191.75,69.55,0,0,0,0,19-DEC-2017,
OPTSTK,BEML,25-Jan-2018,1700,CE,0,0,0,36.35,52.45,0,0,600,0,19-DEC-2017,
OPTSTK,BEML,25-Jan-2018,1750,CE,0,0,0,144.1,38.95,0,0,0,0,19-DEC-2017,
OPTSTK,BEML,25-Jan-2018,1800,CE,0,0,0,124,28.35,0,0,0,0,19-DEC-2017,
OPTSTK,BEML,25-Jan-2018,1850,CE,0,0,0,106.2,20.35,0,0,0,0,19-DEC-2017,
OPTSTK,BEML,25-Jan-2018,1900,CE,0,0,0,90.5,14.35,0,0,0,0,19-DEC-2017,
OPTSTK,BEML,25-Jan-2018,1950,CE,0,0,0,76.8,10,0,0,0,0,19-DEC-2017,
OPTSTK,BEML,25-Jan-2018,2000,CE,0,0,0,65.05,6.85,0,0,0,0,19-DEC-2017,
OPTSTK,BEML,25-Jan-2018,2050,CE,0,0,0,54.8,4.65,0,0,0,0,19-DEC-2017,
OPTSTK,BEML,25-Jan-2018,2100,CE,0,0,0,45.95,3.1,0,0,0,0,19-DEC-2017,
OPTSTK,BEML,25-Jan-2018,2150,CE,0,0,0,38.45,2.05,0,0,0,0,19-DEC-2017,
OPTSTK,BEML,25-Jan-2018,2200,CE,0,0,0,32.05,1.35,0,0,0,0,19-DEC-2017,
OPTSTK,BEML,25-Jan-2018,2250,CE,0,0,0,26.6,0.9,0,0,0,0,19-DEC-2017,
OPTSTK,BEML,25-Jan-2018,1100,PE,0,0,0,2.7,0.35,0,0,0,0,19-DEC-2017,
OPTSTK,BEML,25-Jan-2018,1150,PE,0,0,0,4.55,0.85,0,0,0,0,19-DEC-2017,
OPTSTK,BEML,25-Jan-2018,1200,PE,0,0,0,7.35,1.9,0,0,0,0,19-DEC-2017,
OPTSTK,BEML,25-Jan-2018,1250,PE,0,0,0,11.3,3.95,0,0,0,0,19-DEC-2017,
OPTSTK,BEML,25-Jan-2018,1300,PE,0,0,0,16.75,7.5,0,0,0,0,19-DEC-2017,
OPTSTK,BEML,25-Jan-2018,1350,PE,0,0,0,23.9,13.2,0,0,0,0,19-DEC-2017,
OPTSTK,BEML,25-Jan-2018,1400,PE,0,0,0,33.05,21.7,0,0,0,0,19-DEC-2017,
OPTSTK,BEML,25-Jan-2018,1450,PE,0,0,0,43.05,33.65,0,0,300,0,19-DEC-2017,
OPTSTK,BEML,25-Jan-2018,1500,PE,0,0,0,69.45,49.4,0,0,300,0,19-DEC-2017,
OPTSTK,BEML,25-Jan-2018,1550,PE,82.05,82.05,65,65,65,5,24.32,1800,1200,19-DEC-2017,
OPTSTK,BEML,25-Jan-2018,1600,PE,108.6,108.6,108.6,108.6,108.6,2,10.25,900,600,19-DEC-2017,
OPTSTK,BEML,25-Jan-2018,1650,PE,147,147,147,147,147,1,5.39,300,300,19-DEC-2017,
OPTSTK,BEML,25-Jan-2018,1700,PE,0,0,0,138.9,155.1,0,0,0,0,19-DEC-2017,
OPTSTK,BEML,25-Jan-2018,1750,PE,0,0,0,165.55,191.25,0,0,0,0,19-DEC-2017,
OPTSTK,BEML,25-Jan-2018,1800,PE,0,0,0,194.65,230.35,0,0,0,0,19-DEC-2017,
OPTSTK,BEML,25-Jan-2018,1850,PE,0,0,0,226.05,272,0,0,0,0,19-DEC-2017,
OPTSTK,BEML,25-Jan-2018,1900,PE,0,0,0,259.6,315.7,0,0,0,0,19-DEC-2017,
OPTSTK,BEML,25-Jan-2018,1950,PE,0,0,0,295.15,361,0,0,0,0,19-DEC-2017,
OPTSTK,BEML,25-Jan-2018,2000,PE,0,0,0,332.6,407.55,0,0,0,0,19-DEC-2017,
OPTSTK,BEML,25-Jan-2018,2050,PE,0,0,0,371.55,455,0,0,0,0,19-DEC-2017,
OPTSTK,BEML,25-Jan-2018,2100,PE,0,0,0,411.9,503.15,0,0,0,0,19-DEC-2017,
OPTSTK,BEML,25-Jan-2018,2150,PE,0,0,0,453.6,551.75,0,0,0,0,19-DEC-2017,
OPTSTK,BEML,25-Jan-2018,2200,PE,0,0,0,496.45,600.75,0,0,0,0,19-DEC-2017,
OPTSTK,BEML,25-Jan-2018,2250,PE,0,0,0,540.25,649.95,0,0,0,0,19-DEC-2017,
OPTSTK,BEML,22-Feb-2018,1100,CE,0,0,0,586.1,501.3,0,0,0,0,19-DEC-2017,
OPTSTK,BEML,22-Feb-2018,1150,CE,0,0,0,537.25,453.9,0,0,0,0,19-DEC-2017,
OPTSTK,BEML,22-Feb-2018,1200,CE,0,0,0,488.8,407.7,0,0,0,0,19-DEC-2017,
OPTSTK,BEML,22-Feb-2018,1250,CE,0,0,0,441.1,363.05,0,0,0,0,19-DEC-2017,
OPTSTK,BEML,22-Feb-2018,1300,CE,0,0,0,394.35,320.45,0,0,0,0,19-DEC-2017,
OPTSTK,BEML,22-Feb-2018,1350,CE,0,0,0,349.1,280.2,0,0,0,0,19-DEC-2017,
OPTSTK,BEML,22-Feb-2018,1400,CE,0,0,0,305.8,242.7,0,0,0,0,19-DEC-2017,
OPTSTK,BEML,22-Feb-2018,1450,CE,0,0,0,264.85,208.15,0,0,0,0,19-DEC-2017,
OPTSTK,BEML,22-Feb-2018,1500,CE,0,0,0,226.75,176.85,0,0,0,0,19-DEC-2017,
OPTSTK,BEML,22-Feb-2018,1550,CE,0,0,0,191.7,148.85,0,0,0,0,19-DEC-2017,
OPTSTK,BEML,22-Feb-2018,1600,CE,0,0,0,160.2,124.15,0,0,0,0,19-DEC-2017,
OPTSTK,BEML,22-Feb-2018,1650,CE,0,0,0,132.3,102.6,0,0,0,0,19-DEC-2017,
OPTSTK,BEML,22-Feb-2018,1700,CE,0,0,0,107.9,84.05,0,0,0,0,19-DEC-2017,
OPTSTK,BEML,22-Feb-2018,1750,CE,0,0,0,87,68.3,0,0,0,0,19-DEC-2017,
OPTSTK,BEML,22-Feb-2018,1800,CE,0,0,0,69.3,55.1,0,0,0,0,19-DEC-2017,
OPTSTK,BEML,22-Feb-2018,1850,CE,0,0,0,54.6,44.15,0,0,0,0,19-DEC-2017,
OPTSTK,BEML,22-Feb-2018,1900,CE,0,0,0,42.7,35,0,0,0,0,19-DEC-2017,
OPTSTK,BEML,22-Feb-2018,1950,CE,0,0,0,32.9,27.65,0,0,0,0,19-DEC-2017,
OPTSTK,BEML,22-Feb-2018,2000,CE,0,0,0,25.15,21.65,0,0,0,0,19-DEC-2017,
OPTSTK,BEML,22-Feb-2018,2050,CE,0,0,0,19.05,16.85,0,0,0,0,19-DEC-2017,
OPTSTK,BEML,22-Feb-2018,2100,CE,0,0,0,14.3,13.05,0,0,0,0,19-DEC-2017,
OPTSTK,BEML,22-Feb-2018,2150,CE,0,0,0,10.65,10.05,0,0,0,0,19-DEC-2017,
OPTSTK,BEML,22-Feb-2018,2200,CE,0,0,0,7.85,7.7,0,0,0,0,19-DEC-2017,
OPTSTK,BEML,22-Feb-2018,2250,CE,0,0,0,5.75,5.9,0,0,0,0,19-DEC-2017,
OPTSTK,BEML,22-Feb-2018,1100,PE,0,0,0,0.35,2.45,0,0,0,0,19-DEC-2017,
OPTSTK,BEML,22-Feb-2018,1150,PE,0,0,0,0.8,4.5,0,0,0,0,19-DEC-2017,
OPTSTK,BEML,22-Feb-2018,1200,PE,0,0,0,1.6,7.7,0,0,0,0,19-DEC-2017,
OPTSTK,BEML,22-Feb-2018,1250,PE,0,0,0,3.15,12.5,0,0,0,0,19-DEC-2017,
OPTSTK,BEML,22-Feb-2018,1300,PE,0,0,0,5.7,19.3,0,0,0,0,19-DEC-2017,
OPTSTK,BEML,22-Feb-2018,1350,PE,0,0,0,9.75,28.5,0,0,0,0,19-DEC-2017,
OPTSTK,BEML,22-Feb-2018,1400,PE,0,0,0,15.7,40.45,0,0,0,0,19-DEC-2017,
OPTSTK,BEML,22-Feb-2018,1450,PE,0,0,0,24,55.3,0,0,0,0,19-DEC-2017,
OPTSTK,BEML,22-Feb-2018,1500,PE,0,0,0,35.2,73.45,0,0,0,0,19-DEC-2017,
OPTSTK,BEML,22-Feb-2018,1550,PE,0,0,0,49.45,94.9,0,0,0,0,19-DEC-2017,
OPTSTK,BEML,22-Feb-2018,1600,PE,0,0,0,67.2,119.6,0,0,0,0,19-DEC-2017,
OPTSTK,BEML,22-Feb-2018,1650,PE,0,0,0,88.55,147.5,0,0,0,0,19-DEC-2017,
OPTSTK,BEML,22-Feb-2018,1700,PE,0,0,0,113.4,178.4,0,0,0,0,19-DEC-2017,
OPTSTK,BEML,22-Feb-2018,1750,PE,0,0,0,141.8,212.05,0,0,0,0,19-DEC-2017,
OPTSTK,BEML,22-Feb-2018,1800,PE,0,0,0,173.4,248.3,0,0,0,0,19-DEC-2017,
OPTSTK,BEML,22-Feb-2018,1850,PE,0,0,0,207.95,286.75,0,0,0,0,19-DEC-2017,
OPTSTK,BEML,22-Feb-2018,1900,PE,0,0,0,245.3,327.05,0,0,0,0,19-DEC-2017,
OPTSTK,BEML,22-Feb-2018,1950,PE,0,0,0,284.8,369.1,0,0,0,0,19-DEC-2017,
OPTSTK,BEML,22-Feb-2018,2000,PE,0,0,0,326.3,412.55,0,0,0,0,19-DEC-2017,
OPTSTK,BEML,22-Feb-2018,2050,PE,0,0,0,369.45,457.2,0,0,0,0,19-DEC-2017,
OPTSTK,BEML,22-Feb-2018,2100,PE,0,0,0,414,502.8,0,0,0,0,19-DEC-2017,
OPTSTK,BEML,22-Feb-2018,2150,PE,0,0,0,459.6,549.25,0,0,0,0,19-DEC-2017,
OPTSTK,BEML,22-Feb-2018,2200,PE,0,0,0,506.1,596.35,0,0,0,0,19-DEC-2017,
OPTSTK,BEML,22-Feb-2018,2250,PE,0,0,0,553.25,643.95,0,0,0,0,19-DEC-2017,
OPTSTK,BERGEPAINT,28-Dec-2017,185,CE,0,0,0,58.75,72.15,0,0,0,0,19-DEC-2017,
OPTSTK,BERGEPAINT,28-Dec-2017,190,CE,0,0,0,54.2,67.15,0,0,0,0,19-DEC-2017,
OPTSTK,BERGEPAINT,28-Dec-2017,195,CE,0,0,0,49.75,62.15,0,0,0,0,19-DEC-2017,
OPTSTK,BERGEPAINT,28-Dec-2017,200,CE,0,0,0,45.5,57.2,0,0,0,0,19-DEC-2017,
OPTSTK,BERGEPAINT,28-Dec-2017,205,CE,0,0,0,41.35,52.2,0,0,0,0,19-DEC-2017,
OPTSTK,BERGEPAINT,28-Dec-2017,210,CE,0,0,0,37.4,47.2,0,0,0,0,19-DEC-2017,
OPTSTK,BERGEPAINT,28-Dec-2017,215,CE,0,0,0,33.7,42.2,0,0,0,0,19-DEC-2017,
OPTSTK,BERGEPAINT,28-Dec-2017,220,CE,0,0,0,30.15,37.2,0,0,0,0,19-DEC-2017,
OPTSTK,BERGEPAINT,28-Dec-2017,225,CE,0,0,0,26.85,32.2,0,0,0,0,19-DEC-2017,
OPTSTK,BERGEPAINT,28-Dec-2017,230,CE,0,0,0,23.75,27.25,0,0,0,0,19-DEC-2017,
OPTSTK,BERGEPAINT,28-Dec-2017,235,CE,0,0,0,20.95,22.3,0,0,0,0,19-DEC-2017,
OPTSTK,BERGEPAINT,28-Dec-2017,240,CE,0,0,0,18.35,17.5,0,0,0,0,19-DEC-2017,
OPTSTK,BERGEPAINT,28-Dec-2017,245,CE,0,0,0,16,13,0,0,0,0,19-DEC-2017,
OPTSTK,BERGEPAINT,28-Dec-2017,250,CE,8,8,8,8,8,1,5.67,11000,0,19-DEC-2017,
OPTSTK,BERGEPAINT,28-Dec-2017,255,CE,5.05,6.55,4,6.55,6.55,13,74.43,17600,4400,19-DEC-2017,
OPTSTK,BERGEPAINT,28-Dec-2017,260,CE,3,4.25,2.3,3.35,3.35,41,237.69,46200,24200,19-DEC-2017,
OPTSTK,BERGEPAINT,28-Dec-2017,265,CE,1.05,1.05,1.05,1.05,1.05,7,40.97,6600,-15400,19-DEC-2017,
OPTSTK,BERGEPAINT,28-Dec-2017,270,CE,0,0,0,0.9,0.85,0,0,22000,0,19-DEC-2017,
OPTSTK,BERGEPAINT,28-Dec-2017,275,CE,0,0,0,6.35,0.35,0,0,0,0,19-DEC-2017,
OPTSTK,BERGEPAINT,28-Dec-2017,280,CE,0,0,0,2,0.15,0,0,2200,0,19-DEC-2017,
OPTSTK,BERGEPAINT,28-Dec-2017,285,CE,0,0,0,4.5,0.05,0,0,0,0,19-DEC-2017,
OPTSTK,BERGEPAINT,28-Dec-2017,290,CE,0,0,0,3.75,0.05,0,0,0,0,19-DEC-2017,
OPTSTK,BERGEPAINT,28-Dec-2017,295,CE,0,0,0,3.15,0,0,0,0,0,19-DEC-2017,
OPTSTK,BERGEPAINT,28-Dec-2017,300,CE,0,0,0,2.6,0,0,0,0,0,19-DEC-2017,
OPTSTK,BERGEPAINT,28-Dec-2017,305,CE,0,0,0,2.15,0,0,0,0,0,19-DEC-2017,
OPTSTK,BERGEPAINT,28-Dec-2017,310,CE,0,0,0,1.75,0,0,0,0,0,19-DEC-2017,
OPTSTK,BERGEPAINT,28-Dec-2017,315,CE,0,0,0,1.45,0,0,0,0,0,19-DEC-2017,
OPTSTK,BERGEPAINT,28-Dec-2017,320,CE,0,0,0,1.2,0,0,0,0,0,19-DEC-2017,
OPTSTK,BERGEPAINT,28-Dec-2017,325,CE,0,0,0,1,0,0,0,0,0,19-DEC-2017,
OPTSTK,BERGEPAINT,28-Dec-2017,330,CE,0,0,0,0.8,0,0,0,0,0,19-DEC-2017,
OPTSTK,BERGEPAINT,28-Dec-2017,185,PE,0,0,0,0.85,0,0,0,0,0,19-DEC-2017,
OPTSTK,BERGEPAINT,28-Dec-2017,190,PE,0,0,0,1.25,0,0,0,0,0,19-DEC-2017,
OPTSTK,BERGEPAINT,28-Dec-2017,195,PE,0,0,0,1.75,0,0,0,0,0,19-DEC-2017,
OPTSTK,BERGEPAINT,28-Dec-2017,200,PE,0,0,0,2.35,0,0,0,0,0,19-DEC-2017,
OPTSTK,BERGEPAINT,28-Dec-2017,205,PE,0,0,0,3.15,0,0,0,0,0,19-DEC-2017,
OPTSTK,BERGEPAINT,28-Dec-2017,210,PE,0,0,0,4.15,0,0,0,0,0,19-DEC-2017,
OPTSTK,BERGEPAINT,28-Dec-2017,215,PE,0,0,0,5.35,0,0,0,0,0,19-DEC-2017,
OPTSTK,BERGEPAINT,28-Dec-2017,220,PE,0,0,0,6.7,0,0,0,0,0,19-DEC-2017,
OPTSTK,BERGEPAINT,28-Dec-2017,225,PE,0,0,0,8.35,0,0,0,0,0,19-DEC-2017,
OPTSTK,BERGEPAINT,28-Dec-2017,230,PE,0,0,0,0.45,0.05,0,0,0,0,19-DEC-2017,
OPTSTK,BERGEPAINT,28-Dec-2017,235,PE,0,0,0,12.3,0.1,0,0,0,0,19-DEC-2017,
OPTSTK,BERGEPAINT,28-Dec-2017,240,PE,0.25,0.25,0.25,0.25,0.25,1,5.28,24200,0,19-DEC-2017,
OPTSTK,BERGEPAINT,28-Dec-2017,245,PE,0.5,0.5,0.5,0.5,0.5,9,48.6,30800,19800,19-DEC-2017,
OPTSTK,BERGEPAINT,28-Dec-2017,250,PE,2.2,2.25,2.2,2.25,2.25,5,27.74,41800,4400,19-DEC-2017,
OPTSTK,BERGEPAINT,28-Dec-2017,255,PE,3,3,3,3,3,1,5.67,11000,2200,19-DEC-2017,
OPTSTK,BERGEPAINT,28-Dec-2017,260,PE,0,0,0,13.1,6.1,0,0,19800,0,19-DEC-2017,
OPTSTK,BERGEPAINT,28-Dec-2017,265,PE,0,0,0,29.65,9.5,0,0,0,0,19-DEC-2017,
OPTSTK,BERGEPAINT,28-Dec-2017,270,PE,0,0,0,21.7,13.55,0,0,2200,0,19-DEC-2017,
OPTSTK,BERGEPAINT,28-Dec-2017,275,PE,0,0,0,37.05,18.1,0,0,0,0,19-DEC-2017,
OPTSTK,BERGEPAINT,28-Dec-2017,280,PE,0,0,0,41,22.85,0,0,0,0,19-DEC-2017,
OPTSTK,BERGEPAINT,28-Dec-2017,285,PE,0,0,0,45.05,27.75,0,0,0,0,19-DEC-2017,
OPTSTK,BERGEPAINT,28-Dec-2017,290,PE,0,0,0,49.25,32.75,0,0,0,0,19-DEC-2017,
OPTSTK,BERGEPAINT,28-Dec-2017,295,PE,0,0,0,53.55,37.7,0,0,0,0,19-DEC-2017,
OPTSTK,BERGEPAINT,28-Dec-2017,300,PE,0,0,0,57.95,42.7,0,0,0,0,19-DEC-2017,
OPTSTK,BERGEPAINT,28-Dec-2017,305,PE,0,0,0,62.4,47.7,0,0,0,0,19-DEC-2017,
OPTSTK,BERGEPAINT,28-Dec-2017,310,PE,0,0,0,66.95,52.7,0,0,0,0,19-DEC-2017,
OPTSTK,BERGEPAINT,28-Dec-2017,315,PE,0,0,0,71.55,57.7,0,0,0,0,19-DEC-2017,
OPTSTK,BERGEPAINT,28-Dec-2017,320,PE,0,0,0,76.2,62.65,0,0,0,0,19-DEC-2017,
OPTSTK,BERGEPAINT,28-Dec-2017,325,PE,0,0,0,80.9,67.65,0,0,0,0,19-DEC-2017,
OPTSTK,BERGEPAINT,28-Dec-2017,330,PE,0,0,0,85.65,72.65,0,0,0,0,19-DEC-2017,
OPTSTK,BERGEPAINT,25-Jan-2018,185,CE,0,0,0,89.3,73.05,0,0,0,0,19-DEC-2017,
OPTSTK,BERGEPAINT,25-Jan-2018,190,CE,0,0,0,84.5,68.1,0,0,0,0,19-DEC-2017,
OPTSTK,BERGEPAINT,25-Jan-2018,195,CE,0,0,0,79.8,63.15,0,0,0,0,19-DEC-2017,
OPTSTK,BERGEPAINT,25-Jan-2018,200,CE,0,0,0,75.1,58.2,0,0,0,0,19-DEC-2017,
OPTSTK,BERGEPAINT,25-Jan-2018,205,CE,0,0,0,70.5,53.25,0,0,0,0,19-DEC-2017,
OPTSTK,BERGEPAINT,25-Jan-2018,210,CE,0,0,0,66,48.3,0,0,0,0,19-DEC-2017,
OPTSTK,BERGEPAINT,25-Jan-2018,215,CE,0,0,0,61.6,43.4,0,0,0,0,19-DEC-2017,
OPTSTK,BERGEPAINT,25-Jan-2018,220,CE,0,0,0,57.3,38.6,0,0,0,0,19-DEC-2017,
OPTSTK,BERGEPAINT,25-Jan-2018,225,CE,0,0,0,53.1,33.9,0,0,0,0,19-DEC-2017,
OPTSTK,BERGEPAINT,25-Jan-2018,230,CE,0,0,0,49.1,29.35,0,0,0,0,19-DEC-2017,
OPTSTK,BERGEPAINT,25-Jan-2018,235,CE,0,0,0,45.2,25,0,0,0,0,19-DEC-2017,
OPTSTK,BERGEPAINT,25-Jan-2018,240,CE,0,0,0,41.55,20.95,0,0,0,0,19-DEC-2017,
OPTSTK,BERGEPAINT,25-Jan-2018,245,CE,0,0,0,38,17.25,0,0,0,0,19-DEC-2017,
OPTSTK,BERGEPAINT,25-Jan-2018,250,CE,0,0,0,34.65,13.9,0,0,0,0,19-DEC-2017,
OPTSTK,BERGEPAINT,25-Jan-2018,255,CE,0,0,0,31.5,11,0,0,0,0,19-DEC-2017,
OPTSTK,BERGEPAINT,25-Jan-2018,260,CE,9,9.5,9,9.5,9.5,2,11.84,4400,4400,19-DEC-2017,
OPTSTK,BERGEPAINT,25-Jan-2018,265,CE,0,0,0,25.75,6.45,0,0,0,0,19-DEC-2017,
OPTSTK,BERGEPAINT,25-Jan-2018,270,CE,0,0,0,23.2,4.8,0,0,0,0,19-DEC-2017,
OPTSTK,BERGEPAINT,25-Jan-2018,275,CE,0,0,0,20.8,3.5,0,0,0,0,19-DEC-2017,
OPTSTK,BERGEPAINT,25-Jan-2018,280,CE,0,0,0,18.6,2.5,0,0,0,0,19-DEC-2017,
OPTSTK,BERGEPAINT,25-Jan-2018,285,CE,0,0,0,16.6,1.75,0,0,0,0,19-DEC-2017,
OPTSTK,BERGEPAINT,25-Jan-2018,290,CE,0,0,0,14.75,1.2,0,0,0,0,19-DEC-2017,
OPTSTK,BERGEPAINT,25-Jan-2018,295,CE,0,0,0,13.05,0.8,0,0,0,0,19-DEC-2017,
OPTSTK,BERGEPAINT,25-Jan-2018,300,CE,0,0,0,11.55,0.5,0,0,0,0,19-DEC-2017,
OPTSTK,BERGEPAINT,25-Jan-2018,305,CE,0,0,0,10.2,0.35,0,0,0,0,19-DEC-2017,
OPTSTK,BERGEPAINT,25-Jan-2018,310,CE,0,0,0,8.95,0.2,0,0,0,0,19-DEC-2017,
OPTSTK,BERGEPAINT,25-Jan-2018,315,CE,0,0,0,7.85,0.15,0,0,0,0,19-DEC-2017,
OPTSTK,BERGEPAINT,25-Jan-2018,320,CE,0,0,0,6.85,0.1,0,0,0,0,19-DEC-2017,
OPTSTK,BERGEPAINT,25-Jan-2018,325,CE,0,0,0,6,0.05,0,0,0,0,19-DEC-2017,
OPTSTK,BERGEPAINT,25-Jan-2018,330,CE,0,0,0,5.2,0.05,0,0,0,0,19-DEC-2017,
OPTSTK,BERGEPAINT,25-Jan-2018,185,PE,0,0,0,0.3,0,0,0,0,0,19-DEC-2017,
OPTSTK,BERGEPAINT,25-Jan-2018,190,PE,0,0,0,0.45,0,0,0,0,0,19-DEC-2017,
OPTSTK,BERGEPAINT,25-Jan-2018,195,PE,0,0,0,0.65,0,0,0,0,0,19-DEC-2017,
OPTSTK,BERGEPAINT,25-Jan-2018,200,PE,0,0,0,0.85,0.05,0,0,0,0,19-DEC-2017,
OPTSTK,BERGEPAINT,25-Jan-2018,205,PE,0,0,0,1.2,0.05,0,0,0,0,19-DEC-2017,
OPTSTK,BERGEPAINT,25-Jan-2018,210,PE,0,0,0,1.6,0.1,0,0,0,0,19-DEC-2017,
OPTSTK,BERGEPAINT,25-Jan-2018,215,PE,0,0,0,2.1,0.15,0,0,0,0,19-DEC-2017,
OPTSTK,BERGEPAINT,25-Jan-2018,220,PE,0,0,0,2.75,0.3,0,0,0,0,19-DEC-2017,
OPTSTK,BERGEPAINT,25-Jan-2018,225,PE,0,0,0,3.5,0.6,0,0,0,0,19-DEC-2017,
OPTSTK,BERGEPAINT,25-Jan-2018,230,PE,0,0,0,4.4,1,0,0,0,0,19-DEC-2017,
OPTSTK,BERGEPAINT,25-Jan-2018,235,PE,0,0,0,5.45,1.65,0,0,0,0,19-DEC-2017,
OPTSTK,BERGEPAINT,25-Jan-2018,240,PE,0,0,0,6.65,2.55,0,0,0,0,19-DEC-2017,
OPTSTK,BERGEPAINT,25-Jan-2018,245,PE,0,0,0,8.05,3.8,0,0,0,0,19-DEC-2017,
OPTSTK,BERGEPAINT,25-Jan-2018,250,PE,0,0,0,9.6,5.45,0,0,0,0,19-DEC-2017,
OPTSTK,BERGEPAINT,25-Jan-2018,255,PE,0,0,0,11.4,7.5,0,0,0,0,19-DEC-2017,
OPTSTK,BERGEPAINT,25-Jan-2018,260,PE,9.9,9.9,9.75,9.75,9.75,2,11.87,4400,4400,19-DEC-2017,
OPTSTK,BERGEPAINT,25-Jan-2018,265,PE,0,0,0,15.5,12.9,0,0,0,0,19-DEC-2017,
OPTSTK,BERGEPAINT,25-Jan-2018,270,PE,0,0,0,17.85,16.2,0,0,0,0,19-DEC-2017,
OPTSTK,BERGEPAINT,25-Jan-2018,275,PE,0,0,0,20.4,19.85,0,0,0,0,19-DEC-2017,
OPTSTK,BERGEPAINT,25-Jan-2018,280,PE,0,0,0,23.1,23.8,0,0,0,0,19-DEC-2017,
OPTSTK,BERGEPAINT,25-Jan-2018,285,PE,0,0,0,26,28,0,0,0,0,19-DEC-2017,
OPTSTK,BERGEPAINT,25-Jan-2018,290,PE,0,0,0,29.1,32.45,0,0,0,0,19-DEC-2017,
OPTSTK,BERGEPAINT,25-Jan-2018,295,PE,0,0,0,32.35,37,0,0,0,0,19-DEC-2017,
OPTSTK,BERGEPAINT,25-Jan-2018,300,PE,0,0,0,35.75,41.7,0,0,0,0,19-DEC-2017,
OPTSTK,BERGEPAINT,25-Jan-2018,305,PE,0,0,0,39.3,46.5,0,0,0,0,19-DEC-2017,
OPTSTK,BERGEPAINT,25-Jan-2018,310,PE,0,0,0,43,51.35,0,0,0,0,19-DEC-2017,
OPTSTK,BERGEPAINT,25-Jan-2018,315,PE,0,0,0,46.8,56.25,0,0,0,0,19-DEC-2017,
OPTSTK,BERGEPAINT,25-Jan-2018,320,PE,0,0,0,50.75,61.15,0,0,0,0,19-DEC-2017,
OPTSTK,BERGEPAINT,25-Jan-2018,325,PE,0,0,0,54.8,66.1,0,0,0,0,19-DEC-2017,
OPTSTK,BERGEPAINT,25-Jan-2018,330,PE,0,0,0,58.95,71.05,0,0,0,0,19-DEC-2017,
OPTSTK,BERGEPAINT,22-Feb-2018,185,CE,0,0,0,76.35,74,0,0,0,0,19-DEC-2017,
OPTSTK,BERGEPAINT,22-Feb-2018,190,CE,0,0,0,71.5,69.05,0,0,0,0,19-DEC-2017,
OPTSTK,BERGEPAINT,22-Feb-2018,195,CE,0,0,0,66.65,64.15,0,0,0,0,19-DEC-2017,
OPTSTK,BERGEPAINT,22-Feb-2018,200,CE,0,0,0,61.85,59.3,0,0,0,0,19-DEC-2017,
OPTSTK,BERGEPAINT,22-Feb-2018,205,CE,0,0,0,57.15,54.45,0,0,0,0,19-DEC-2017,
OPTSTK,BERGEPAINT,22-Feb-2018,210,CE,0,0,0,52.55,49.65,0,0,0,0,19-DEC-2017,
OPTSTK,BERGEPAINT,22-Feb-2018,215,CE,0,0,0,48,45,0,0,0,0,19-DEC-2017,
OPTSTK,BERGEPAINT,22-Feb-2018,220,CE,0,0,0,43.65,40.4,0,0,0,0,19-DEC-2017,
OPTSTK,BERGEPAINT,22-Feb-2018,225,CE,0,0,0,39.4,36,0,0,0,0,19-DEC-2017,
OPTSTK,BERGEPAINT,22-Feb-2018,230,CE,0,0,0,35.4,31.75,0,0,0,0,19-DEC-2017,
OPTSTK,BERGEPAINT,22-Feb-2018,235,CE,0,0,0,31.55,27.8,0,0,0,0,19-DEC-2017,
OPTSTK,BERGEPAINT,22-Feb-2018,240,CE,0,0,0,27.95,24.05,0,0,0,0,19-DEC-2017,
OPTSTK,BERGEPAINT,22-Feb-2018,245,CE,0,0,0,24.6,20.6,0,0,0,0,19-DEC-2017,
OPTSTK,BERGEPAINT,22-Feb-2018,250,CE,0,0,0,21.5,17.45,0,0,0,0,19-DEC-2017,
OPTSTK,BERGEPAINT,22-Feb-2018,255,CE,0,0,0,18.65,14.6,0,0,0,0,19-DEC-2017,
OPTSTK,BERGEPAINT,22-Feb-2018,260,CE,0,0,0,16.05,12.1,0,0,0,0,19-DEC-2017,
OPTSTK,BERGEPAINT,22-Feb-2018,265,CE,0,0,0,13.75,9.9,0,0,0,0,19-DEC-2017,
OPTSTK,BERGEPAINT,22-Feb-2018,270,CE,0,0,0,11.7,8.05,0,0,0,0,19-DEC-2017,
OPTSTK,BERGEPAINT,22-Feb-2018,275,CE,0,0,0,9.85,6.45,0,0,0,0,19-DEC-2017,
OPTSTK,BERGEPAINT,22-Feb-2018,280,CE,0,0,0,8.3,5.1,0,0,0,0,19-DEC-2017,
OPTSTK,BERGEPAINT,22-Feb-2018,285,CE,0,0,0,6.9,4,0,0,0,0,19-DEC-2017,
OPTSTK,BERGEPAINT,22-Feb-2018,290,CE,0,0,0,5.75,3.1,0,0,0,0,19-DEC-2017,
OPTSTK,BERGEPAINT,22-Feb-2018,295,CE,0,0,0,4.7,2.4,0,0,0,0,19-DEC-2017,
OPTSTK,BERGEPAINT,22-Feb-2018,300,CE,0,0,0,3.85,1.85,0,0,0,0,19-DEC-2017,
OPTSTK,BERGEPAINT,22-Feb-2018,305,CE,0,0,0,3.15,1.4,0,0,0,0,19-DEC-2017,
OPTSTK,BERGEPAINT,22-Feb-2018,310,CE,0,0,0,2.55,1.05,0,0,0,0,19-DEC-2017,
OPTSTK,BERGEPAINT,22-Feb-2018,315,CE,0,0,0,2.05,0.75,0,0,0,0,19-DEC-2017,
OPTSTK,BERGEPAINT,22-Feb-2018,320,CE,0,0,0,1.65,0.55,0,0,0,0,19-DEC-2017,
OPTSTK,BERGEPAINT,22-Feb-2018,325,CE,0,0,0,1.3,0.4,0,0,0,0,19-DEC-2017,
OPTSTK,BERGEPAINT,22-Feb-2018,330,CE,0,0,0,1.05,0.3,0,0,0,0,19-DEC-2017,
OPTSTK,BERGEPAINT,22-Feb-2018,185,PE,0,0,0,0.1,0.05,0,0,0,0,19-DEC-2017,
OPTSTK,BERGEPAINT,22-Feb-2018,190,PE,0,0,0,0.15,0.05,0,0,0,0,19-DEC-2017,
OPTSTK,BERGEPAINT,22-Feb-2018,195,PE,0,0,0,0.25,0.1,0,0,0,0,19-DEC-2017,
OPTSTK,BERGEPAINT,22-Feb-2018,200,PE,0,0,0,0.4,0.15,0,0,0,0,19-DEC-2017,
OPTSTK,BERGEPAINT,22-Feb-2018,205,PE,0,0,0,0.6,0.25,0,0,0,0,19-DEC-2017,
OPTSTK,BERGEPAINT,22-Feb-2018,210,PE,0,0,0,0.9,0.4,0,0,0,0,19-DEC-2017,
OPTSTK,BERGEPAINT,22-Feb-2018,215,PE,0,0,0,1.35,0.7,0,0,0,0,19-DEC-2017,
OPTSTK,BERGEPAINT,22-Feb-2018,220,PE,0,0,0,1.9,1.05,0,0,0,0,19-DEC-2017,
OPTSTK,BERGEPAINT,22-Feb-2018,225,PE,0,0,0,2.6,1.6,0,0,0,0,19-DEC-2017,
OPTSTK,BERGEPAINT,22-Feb-2018,230,PE,0,0,0,3.5,2.3,0,0,0,0,19-DEC-2017,
OPTSTK,BERGEPAINT,22-Feb-2018,235,PE,0,0,0,4.6,3.25,0,0,0,0,19-DEC-2017,
OPTSTK,BERGEPAINT,22-Feb-2018,240,PE,0,0,0,5.9,4.45,0,0,0,0,19-DEC-2017,
OPTSTK,BERGEPAINT,22-Feb-2018,245,PE,0,0,0,7.45,5.95,0,0,0,0,19-DEC-2017,
OPTSTK,BERGEPAINT,22-Feb-2018,250,PE,0,0,0,9.3,7.75,0,0,0,0,19-DEC-2017,
OPTSTK,BERGEPAINT,22-Feb-2018,255,PE,0,0,0,11.4,9.85,0,0,0,0,19-DEC-2017,
OPTSTK,BERGEPAINT,22-Feb-2018,260,PE,0,0,0,13.75,12.3,0,0,0,0,19-DEC-2017,
OPTSTK,BERGEPAINT,22-Feb-2018,265,PE,0,0,0,16.35,15.05,0,0,0,0,19-DEC-2017,
OPTSTK,BERGEPAINT,22-Feb-2018,270,PE,0,0,0,19.2,18.1,0,0,0,0,19-DEC-2017,
OPTSTK,BERGEPAINT,22-Feb-2018,275,PE,0,0,0,22.3,21.45,0,0,0,0,19-DEC-2017,
OPTSTK,BERGEPAINT,22-Feb-2018,280,PE,0,0,0,25.65,25.1,0,0,0,0,19-DEC-2017,
OPTSTK,BERGEPAINT,22-Feb-2018,285,PE,0,0,0,29.2,28.9,0,0,0,0,19-DEC-2017,
OPTSTK,BERGEPAINT,22-Feb-2018,290,PE,0,0,0,32.95,32.95,0,0,0,0,19-DEC-2017,
OPTSTK,BERGEPAINT,22-Feb-2018,295,PE,0,0,0,36.85,37.2,0,0,0,0,19-DEC-2017,
OPTSTK,BERGEPAINT,22-Feb-2018,300,PE,0,0,0,40.95,41.55,0,0,0,0,19-DEC-2017,
OPTSTK,BERGEPAINT,22-Feb-2018,305,PE,0,0,0,45.15,46.05,0,0,0,0,19-DEC-2017,
OPTSTK,BERGEPAINT,22-Feb-2018,310,PE,0,0,0,49.45,50.65,0,0,0,0,19-DEC-2017,
OPTSTK,BERGEPAINT,22-Feb-2018,315,PE,0,0,0,53.9,55.3,0,0,0,0,19-DEC-2017,
OPTSTK,BERGEPAINT,22-Feb-2018,320,PE,0,0,0,58.4,60.05,0,0,0,0,19-DEC-2017,
OPTSTK,BERGEPAINT,22-Feb-2018,325,PE,0,0,0,63,64.85,0,0,0,0,19-DEC-2017,
OPTSTK,BERGEPAINT,22-Feb-2018,330,PE,0,0,0,67.65,69.7,0,0,0,0,19-DEC-2017,
OPTSTK,BHARATFIN,28-Dec-2017,600,CE,0,0,0,351.85,410.9,0,0,0,0,19-DEC-2017,
OPTSTK,BHARATFIN,28-Dec-2017,620,CE,0,0,0,332.25,390.95,0,0,0,0,19-DEC-2017,
OPTSTK,BHARATFIN,28-Dec-2017,640,CE,0,0,0,312.65,370.95,0,0,0,0,19-DEC-2017,
OPTSTK,BHARATFIN,28-Dec-2017,660,CE,0,0,0,293.2,351,0,0,0,0,19-DEC-2017,
OPTSTK,BHARATFIN,28-Dec-2017,680,CE,0,0,0,308,331.05,0,0,1000,0,19-DEC-2017,
OPTSTK,BHARATFIN,28-Dec-2017,700,CE,0,0,0,254.6,311.05,0,0,0,0,19-DEC-2017,
OPTSTK,BHARATFIN,28-Dec-2017,720,CE,0,0,0,235.65,291.1,0,0,0,0,19-DEC-2017,
OPTSTK,BHARATFIN,28-Dec-2017,740,CE,0,0,0,217.05,271.1,0,0,0,0,19-DEC-2017,
OPTSTK,BHARATFIN,28-Dec-2017,760,CE,0,0,0,198.85,251.15,0,0,0,0,19-DEC-2017,
OPTSTK,BHARATFIN,28-Dec-2017,780,CE,0,0,0,181.15,231.2,0,0,0,0,19-DEC-2017,
OPTSTK,BHARATFIN,28-Dec-2017,800,CE,0,0,0,164.05,211.2,0,0,0,0,19-DEC-2017,
OPTSTK,BHARATFIN,28-Dec-2017,820,CE,0,0,0,147.7,191.25,0,0,0,0,19-DEC-2017,
OPTSTK,BHARATFIN,28-Dec-2017,840,CE,0,0,0,132.15,171.3,0,0,0,0,19-DEC-2017,
OPTSTK,BHARATFIN,28-Dec-2017,860,CE,0,0,0,117.45,151.3,0,0,0,0,19-DEC-2017,
OPTSTK,BHARATFIN,28-Dec-2017,880,CE,0,0,0,103.7,131.35,0,0,0,0,19-DEC-2017,
OPTSTK,BHARATFIN,28-Dec-2017,900,CE,0,0,0,91,111.35,0,0,0,0,19-DEC-2017,
OPTSTK,BHARATFIN,28-Dec-2017,920,CE,0,0,0,79.3,91.4,0,0,0,0,19-DEC-2017,
OPTSTK,BHARATFIN,28-Dec-2017,940,CE,0,0,0,52.45,71.6,0,0,6000,0,19-DEC-2017,
OPTSTK,BHARATFIN,28-Dec-2017,960,CE,0,0,0,36.6,52.3,0,0,7000,0,19-DEC-2017,
OPTSTK,BHARATFIN,28-Dec-2017,980,CE,34.55,34.55,32.5,33.2,33.2,6,60.8,119000,0,19-DEC-2017,
OPTSTK,BHARATFIN,28-Dec-2017,1000,CE,19.85,21,16,19,19,221,2252.89,174000,0,19-DEC-2017,
OPTSTK,BHARATFIN,28-Dec-2017,1020,CE,10.2,11.3,7.8,9.9,9.9,136,1400.34,159000,5000,19-DEC-2017,
OPTSTK,BHARATFIN,28-Dec-2017,1040,CE,5.2,5.6,4,5.1,5.1,58,605.95,155000,-12000,19-DEC-2017,
OPTSTK,BHARATFIN,28-Dec-2017,1060,CE,2.35,3.05,2.15,3.05,3.05,9,95.62,47000,-1000,19-DEC-2017,
OPTSTK,BHARATFIN,28-Dec-2017,1080,CE,1.5,1.95,1.5,1.55,1.55,6,64.9,19000,-1000,19-DEC-2017,
OPTSTK,BHARATFIN,28-Dec-2017,1100,CE,0.85,1.05,0.85,1.05,1.05,5,55.04,40000,-2000,19-DEC-2017,
OPTSTK,BHARATFIN,28-Dec-2017,1120,CE,0,0,0,2.2,0.05,0,0,1000,0,19-DEC-2017,
OPTSTK,BHARATFIN,28-Dec-2017,1140,CE,0,0,0,11.6,0,0,0,0,0,19-DEC-2017,
OPTSTK,BHARATFIN,28-Dec-2017,1160,CE,0,0,0,9.45,0,0,0,0,0,19-DEC-2017,
OPTSTK,BHARATFIN,28-Dec-2017,1180,CE,0,0,0,7.65,0,0,0,0,0,19-DEC-2017,
OPTSTK,BHARATFIN,28-Dec-2017,1200,CE,0,0,0,6.15,0,0,0,0,0,19-DEC-2017,
OPTSTK,BHARATFIN,28-Dec-2017,1220,CE,0,0,0,4.9,0,0,0,0,0,19-DEC-2017,
OPTSTK,BHARATFIN,28-Dec-2017,600,PE,0,0,0,0.1,0,0,0,0,0,19-DEC-2017,
OPTSTK,BHARATFIN,28-Dec-2017,620,PE,0,0,0,0.15,0,0,0,0,0,19-DEC-2017,
OPTSTK,BHARATFIN,28-Dec-2017,640,PE,0,0,0,0.25,0,0,0,0,0,19-DEC-2017,
OPTSTK,BHARATFIN,28-Dec-2017,660,PE,0,0,0,0.45,0,0,0,0,0,19-DEC-2017,
OPTSTK,BHARATFIN,28-Dec-2017,680,PE,0,0,0,0.8,0,0,0,0,0,19-DEC-2017,
OPTSTK,BHARATFIN,28-Dec-2017,700,PE,0,0,0,1.25,0,0,0,0,0,19-DEC-2017,
OPTSTK,BHARATFIN,28-Dec-2017,720,PE,0,0,0,2,0,0,0,0,0,19-DEC-2017,
OPTSTK,BHARATFIN,28-Dec-2017,740,PE,0,0,0,3.1,0,0,0,0,0,19-DEC-2017,
OPTSTK,BHARATFIN,28-Dec-2017,760,PE,0,0,0,4.55,0,0,0,0,0,19-DEC-2017,
OPTSTK,BHARATFIN,28-Dec-2017,780,PE,0,0,0,6.55,0,0,0,0,0,19-DEC-2017,
OPTSTK,BHARATFIN,28-Dec-2017,800,PE,0,0,0,9.15,0,0,0,0,0,19-DEC-2017,
OPTSTK,BHARATFIN,28-Dec-2017,820,PE,0,0,0,12.5,0,0,0,0,0,19-DEC-2017,
OPTSTK,BHARATFIN,28-Dec-2017,840,PE,0,0,0,16.6,0,0,0,0,0,19-DEC-2017,
OPTSTK,BHARATFIN,28-Dec-2017,860,PE,0,0,0,21.65,0,0,0,0,0,19-DEC-2017,
OPTSTK,BHARATFIN,28-Dec-2017,880,PE,0.35,0.35,0.35,0.35,0.35,1,8.8,4000,-1000,19-DEC-2017,
OPTSTK,BHARATFIN,28-Dec-2017,900,PE,0.55,0.6,0.55,0.6,0.6,3,27.01,54000,-2000,19-DEC-2017,
OPTSTK,BHARATFIN,28-Dec-2017,920,PE,0,0,0,1.1,0.05,0,0,16000,0,19-DEC-2017,
OPTSTK,BHARATFIN,28-Dec-2017,940,PE,1.4,1.45,1.4,1.45,1.45,8,75.31,46000,-5000,19-DEC-2017,
OPTSTK,BHARATFIN,28-Dec-2017,960,PE,2.5,2.7,2.25,2.25,2.25,22,211.73,65000,-14000,19-DEC-2017,
OPTSTK,BHARATFIN,28-Dec-2017,980,PE,4.2,5.4,4.2,4.65,4.65,48,472.67,146000,8000,19-DEC-2017,
OPTSTK,BHARATFIN,28-Dec-2017,1000,PE,10.2,11.5,8.95,9.95,9.95,119,1202.51,105000,-2000,19-DEC-2017,
OPTSTK,BHARATFIN,28-Dec-2017,1020,PE,20.15,20.8,20.15,20.8,20.8,2,20.8,22000,0,19-DEC-2017,
OPTSTK,BHARATFIN,28-Dec-2017,1040,PE,0,0,0,43,32.35,0,0,10000,0,19-DEC-2017,
OPTSTK,BHARATFIN,28-Dec-2017,1060,PE,0,0,0,57,49.7,0,0,5000,0,19-DEC-2017,
OPTSTK,BHARATFIN,28-Dec-2017,1080,PE,0,0,0,141.8,68.7,0,0,0,0,19-DEC-2017,
OPTSTK,BHARATFIN,28-Dec-2017,1100,PE,0,0,0,157.8,88.45,0,0,0,0,19-DEC-2017,
OPTSTK,BHARATFIN,28-Dec-2017,1120,PE,0,0,0,174.35,108.35,0,0,0,0,19-DEC-2017,
OPTSTK,BHARATFIN,28-Dec-2017,1140,PE,0,0,0,191.45,128.3,0,0,0,0,19-DEC-2017,
OPTSTK,BHARATFIN,28-Dec-2017,1160,PE,0,0,0,208.95,148.25,0,0,0,0,19-DEC-2017,
OPTSTK,BHARATFIN,28-Dec-2017,1180,PE,0,0,0,226.8,168.25,0,0,0,0,19-DEC-2017,
OPTSTK,BHARATFIN,28-Dec-2017,1200,PE,0,0,0,245,188.2,0,0,0,0,19-DEC-2017,
OPTSTK,BHARATFIN,28-Dec-2017,1220,PE,0,0,0,263.5,208.15,0,0,0,0,19-DEC-2017,
OPTSTK,BHARATFIN,25-Jan-2018,600,CE,0,0,0,389.8,413.85,0,0,0,0,19-DEC-2017,
OPTSTK,BHARATFIN,25-Jan-2018,620,CE,0,0,0,370.2,394,0,0,0,0,19-DEC-2017,
OPTSTK,BHARATFIN,25-Jan-2018,640,CE,0,0,0,350.7,374.15,0,0,0,0,19-DEC-2017,
OPTSTK,BHARATFIN,25-Jan-2018,660,CE,0,0,0,331.25,354.25,0,0,0,0,19-DEC-2017,
OPTSTK,BHARATFIN,25-Jan-2018,680,CE,0,0,0,311.95,334.4,0,0,0,0,19-DEC-2017,
OPTSTK,BHARATFIN,25-Jan-2018,700,CE,0,0,0,292.8,314.5,0,0,0,0,19-DEC-2017,
OPTSTK,BHARATFIN,25-Jan-2018,720,CE,0,0,0,273.9,294.65,0,0,0,0,19-DEC-2017,
OPTSTK,BHARATFIN,25-Jan-2018,740,CE,0,0,0,255.25,274.8,0,0,0,0,19-DEC-2017,
OPTSTK,BHARATFIN,25-Jan-2018,760,CE,0,0,0,237,254.9,0,0,0,0,19-DEC-2017,
OPTSTK,BHARATFIN,25-Jan-2018,780,CE,0,0,0,219.2,235.05,0,0,0,0,19-DEC-2017,
OPTSTK,BHARATFIN,25-Jan-2018,800,CE,0,0,0,201.85,215.2,0,0,0,0,19-DEC-2017,
OPTSTK,BHARATFIN,25-Jan-2018,820,CE,0,0,0,185.1,195.3,0,0,0,0,19-DEC-2017,
OPTSTK,BHARATFIN,25-Jan-2018,840,CE,0,0,0,169.05,175.5,0,0,0,0,19-DEC-2017,
OPTSTK,BHARATFIN,25-Jan-2018,860,CE,0,0,0,153.65,155.7,0,0,0,0,19-DEC-2017,
OPTSTK,BHARATFIN,25-Jan-2018,880,CE,0,0,0,139.1,136.1,0,0,0,0,19-DEC-2017,
OPTSTK,BHARATFIN,25-Jan-2018,900,CE,0,0,0,125.25,116.75,0,0,0,0,19-DEC-2017,
OPTSTK,BHARATFIN,25-Jan-2018,920,CE,0,0,0,112.35,98,0,0,0,0,19-DEC-2017,
OPTSTK,BHARATFIN,25-Jan-2018,940,CE,0,0,0,100.3,80.15,0,0,0,0,19-DEC-2017,
OPTSTK,BHARATFIN,25-Jan-2018,960,CE,0,0,0,89.15,63.65,0,0,0,0,19-DEC-2017,
OPTSTK,BHARATFIN,25-Jan-2018,980,CE,0,0,0,78.9,48.85,0,0,0,0,19-DEC-2017,
OPTSTK,BHARATFIN,25-Jan-2018,1000,CE,0,0,0,69.5,36.15,0,0,0,0,19-DEC-2017,
OPTSTK,BHARATFIN,25-Jan-2018,1020,CE,0,0,0,61,25.7,0,0,0,0,19-DEC-2017,
OPTSTK,BHARATFIN,25-Jan-2018,1040,CE,0,0,0,53.3,17.55,0,0,0,0,19-DEC-2017,
OPTSTK,BHARATFIN,25-Jan-2018,1060,CE,0,0,0,46.35,11.5,0,0,0,0,19-DEC-2017,
OPTSTK,BHARATFIN,25-Jan-2018,1080,CE,0,0,0,40.15,7.25,0,0,0,0,19-DEC-2017,
OPTSTK,BHARATFIN,25-Jan-2018,1100,CE,0,0,0,34.7,4.35,0,0,0,0,19-DEC-2017,
OPTSTK,BHARATFIN,25-Jan-2018,1120,CE,0,0,0,29.9,2.5,0,0,0,0,19-DEC-2017,
OPTSTK,BHARATFIN,25-Jan-2018,1140,CE,0,0,0,25.6,1.4,0,0,0,0,19-DEC-2017,
OPTSTK,BHARATFIN,25-Jan-2018,1160,CE,0,0,0,21.85,0.75,0,0,0,0,19-DEC-2017,
OPTSTK,BHARATFIN,25-Jan-2018,1180,CE,0,0,0,18.6,0.4,0,0,0,0,19-DEC-2017,
OPTSTK,BHARATFIN,25-Jan-2018,1200,CE,0,0,0,15.8,0.2,0,0,0,0,19-DEC-2017,
OPTSTK,BHARATFIN,25-Jan-2018,1220,CE,0,0,0,13.35,0.1,0,0,0,0,19-DEC-2017,
OPTSTK,BHARATFIN,25-Jan-2018,600,PE,0,0,0,0.15,0,0,0,0,0,19-DEC-2017,
OPTSTK,BHARATFIN,25-Jan-2018,620,PE,0,0,0,0.25,0,0,0,0,0,19-DEC-2017,
OPTSTK,BHARATFIN,25-Jan-2018,640,PE,0,0,0,0.4,0,0,0,0,0,19-DEC-2017,
OPTSTK,BHARATFIN,25-Jan-2018,660,PE,0,0,0,0.65,0,0,0,0,0,19-DEC-2017,
OPTSTK,BHARATFIN,25-Jan-2018,680,PE,0,0,0,1,0,0,0,0,0,19-DEC-2017,
OPTSTK,BHARATFIN,25-Jan-2018,700,PE,0,0,0,1.55,0,0,0,0,0,19-DEC-2017,
OPTSTK,BHARATFIN,25-Jan-2018,720,PE,0,0,0,2.35,0,0,0,0,0,19-DEC-2017,
OPTSTK,BHARATFIN,25-Jan-2018,740,PE,0,0,0,3.4,0,0,0,0,0,19-DEC-2017,
OPTSTK,BHARATFIN,25-Jan-2018,760,PE,0,0,0,4.85,0,0,0,0,0,19-DEC-2017,
OPTSTK,BHARATFIN,25-Jan-2018,780,PE,0,0,0,6.7,0,0,0,0,0,19-DEC-2017,
OPTSTK,BHARATFIN,25-Jan-2018,800,PE,0,0,0,9.05,0,0,0,0,0,19-DEC-2017,
OPTSTK,BHARATFIN,25-Jan-2018,820,PE,0,0,0,12,0.05,0,0,0,0,19-DEC-2017,
OPTSTK,BHARATFIN,25-Jan-2018,840,PE,0,0,0,15.6,0.05,0,0,0,0,19-DEC-2017,
OPTSTK,BHARATFIN,25-Jan-2018,860,PE,0,0,0,19.9,0.15,0,0,0,0,19-DEC-2017,
OPTSTK,BHARATFIN,25-Jan-2018,880,PE,0,0,0,25.05,0.4,0,0,0,0,19-DEC-2017,
OPTSTK,BHARATFIN,25-Jan-2018,900,PE,0,0,0,30.9,0.95,0,0,0,0,19-DEC-2017,
OPTSTK,BHARATFIN,25-Jan-2018,920,PE,0,0,0,37.65,2.05,0,0,0,0,19-DEC-2017,
OPTSTK,BHARATFIN,25-Jan-2018,940,PE,0,0,0,45.3,4.1,0,0,0,0,19-DEC-2017,
OPTSTK,BHARATFIN,25-Jan-2018,960,PE,0,0,0,53.85,7.45,0,0,0,0,19-DEC-2017,
OPTSTK,BHARATFIN,25-Jan-2018,980,PE,0,0,0,63.3,12.5,0,0,0,0,19-DEC-2017,
OPTSTK,BHARATFIN,25-Jan-2018,1000,PE,0,0,0,73.6,19.7,0,0,0,0,19-DEC-2017,
OPTSTK,BHARATFIN,25-Jan-2018,1020,PE,0,0,0,84.75,29.15,0,0,0,0,19-DEC-2017,
OPTSTK,BHARATFIN,25-Jan-2018,1040,PE,0,0,0,96.7,40.85,0,0,0,0,19-DEC-2017,
OPTSTK,BHARATFIN,25-Jan-2018,1060,PE,0,0,0,109.5,54.65,0,0,0,0,19-DEC-2017,
OPTSTK,BHARATFIN,25-Jan-2018,1080,PE,0,0,0,123,70.25,0,0,0,0,19-DEC-2017,
OPTSTK,BHARATFIN,25-Jan-2018,1100,PE,0,0,0,137.2,87.25,0,0,0,0,19-DEC-2017,
OPTSTK,BHARATFIN,25-Jan-2018,1120,PE,0,0,0,152.05,105.25,0,0,0,0,19-DEC-2017,
OPTSTK,BHARATFIN,25-Jan-2018,1140,PE,0,0,0,167.5,124,0,0,0,0,19-DEC-2017,
OPTSTK,BHARATFIN,25-Jan-2018,1160,PE,0,0,0,183.4,143.25,0,0,0,0,19-DEC-2017,
OPTSTK,BHARATFIN,25-Jan-2018,1180,PE,0,0,0,199.85,162.75,0,0,0,0,19-DEC-2017,
OPTSTK,BHARATFIN,25-Jan-2018,1200,PE,0,0,0,216.7,182.45,0,0,0,0,19-DEC-2017,
OPTSTK,BHARATFIN,25-Jan-2018,1220,PE,0,0,0,233.95,202.2,0,0,0,0,19-DEC-2017,
OPTSTK,BHARATFIN,22-Feb-2018,600,CE,0,0,0,389.15,416.8,0,0,0,0,19-DEC-2017,
OPTSTK,BHARATFIN,22-Feb-2018,620,CE,0,0,0,369.45,397.05,0,0,0,0,19-DEC-2017,
OPTSTK,BHARATFIN,22-Feb-2018,640,CE,0,0,0,349.75,377.25,0,0,0,0,19-DEC-2017,
OPTSTK,BHARATFIN,22-Feb-2018,660,CE,0,0,0,330.05,357.5,0,0,0,0,19-DEC-2017,
OPTSTK,BHARATFIN,22-Feb-2018,680,CE,0,0,0,310.4,337.7,0,0,0,0,19-DEC-2017,
OPTSTK,BHARATFIN,22-Feb-2018,700,CE,0,0,0,290.7,317.95,0,0,0,0,19-DEC-2017,
OPTSTK,BHARATFIN,22-Feb-2018,720,CE,0,0,0,271.1,298.2,0,0,0,0,19-DEC-2017,
OPTSTK,BHARATFIN,22-Feb-2018,740,CE,0,0,0,251.6,278.4,0,0,0,0,19-DEC-2017,
OPTSTK,BHARATFIN,22-Feb-2018,760,CE,0,0,0,232.25,258.65,0,0,0,0,19-DEC-2017,
OPTSTK,BHARATFIN,22-Feb-2018,780,CE,0,0,0,213.05,238.9,0,0,0,0,19-DEC-2017,
OPTSTK,BHARATFIN,22-Feb-2018,800,CE,0,0,0,194.2,219.15,0,0,0,0,19-DEC-2017,
OPTSTK,BHARATFIN,22-Feb-2018,820,CE,0,0,0,175.7,199.5,0,0,0,0,19-DEC-2017,
OPTSTK,BHARATFIN,22-Feb-2018,840,CE,0,0,0,157.8,180,0,0,0,0,19-DEC-2017,
OPTSTK,BHARATFIN,22-Feb-2018,860,CE,0,0,0,140.5,160.65,0,0,0,0,19-DEC-2017,
OPTSTK,BHARATFIN,22-Feb-2018,880,CE,0,0,0,124.05,141.7,0,0,0,0,19-DEC-2017,
OPTSTK,BHARATFIN,22-Feb-2018,900,CE,0,0,0,108.5,123.3,0,0,0,0,19-DEC-2017,
OPTSTK,BHARATFIN,22-Feb-2018,920,CE,0,0,0,94.05,105.65,0,0,0,0,19-DEC-2017,
OPTSTK,BHARATFIN,22-Feb-2018,940,CE,0,0,0,80.65,89.05,0,0,0,0,19-DEC-2017,
OPTSTK,BHARATFIN,22-Feb-2018,960,CE,0,0,0,68.5,73.7,0,0,0,0,19-DEC-2017,
OPTSTK,BHARATFIN,22-Feb-2018,980,CE,0,0,0,57.6,59.8,0,0,0,0,19-DEC-2017,
OPTSTK,BHARATFIN,22-Feb-2018,1000,CE,0,0,0,47.95,47.55,0,0,0,0,19-DEC-2017,
OPTSTK,BHARATFIN,22-Feb-2018,1020,CE,0,0,0,39.55,37,0,0,0,0,19-DEC-2017,
OPTSTK,BHARATFIN,22-Feb-2018,1040,CE,0,0,0,32.25,28.2,0,0,0,0,19-DEC-2017,
OPTSTK,BHARATFIN,22-Feb-2018,1060,CE,0,0,0,26.05,21,0,0,0,0,19-DEC-2017,
OPTSTK,BHARATFIN,22-Feb-2018,1080,CE,0,0,0,20.9,15.35,0,0,0,0,19-DEC-2017,
OPTSTK,BHARATFIN,22-Feb-2018,1100,CE,0,0,0,16.5,10.9,0,0,0,0,19-DEC-2017,
OPTSTK,BHARATFIN,22-Feb-2018,1120,CE,0,0,0,12.95,7.6,0,0,0,0,19-DEC-2017,
OPTSTK,BHARATFIN,22-Feb-2018,1140,CE,0,0,0,10.1,5.2,0,0,0,0,19-DEC-2017,
OPTSTK,BHARATFIN,22-Feb-2018,1160,CE,0,0,0,7.8,3.5,0,0,0,0,19-DEC-2017,
OPTSTK,BHARATFIN,22-Feb-2018,1180,CE,0,0,0,5.95,2.3,0,0,0,0,19-DEC-2017,
OPTSTK,BHARATFIN,22-Feb-2018,1200,CE,0,0,0,4.5,1.45,0,0,0,0,19-DEC-2017,
OPTSTK,BHARATFIN,22-Feb-2018,1220,CE,0,0,0,3.4,0.95,0,0,0,0,19-DEC-2017,
OPTSTK,BHARATFIN,22-Feb-2018,600,PE,0,0,0,0.05,0,0,0,0,0,19-DEC-2017,
OPTSTK,BHARATFIN,22-Feb-2018,620,PE,0,0,0,0.05,0,0,0,0,0,19-DEC-2017,
OPTSTK,BHARATFIN,22-Feb-2018,640,PE,0,0,0,0.05,0,0,0,0,0,19-DEC-2017,
OPTSTK,BHARATFIN,22-Feb-2018,660,PE,0,0,0,0.05,0,0,0,0,0,19-DEC-2017,
OPTSTK,BHARATFIN,22-Feb-2018,680,PE,0,0,0,0.05,0,0,0,0,0,19-DEC-2017,
OPTSTK,BHARATFIN,22-Feb-2018,700,PE,0,0,0,0.1,0,0,0,0,0,19-DEC-2017,
OPTSTK,BHARATFIN,22-Feb-2018,720,PE,0,0,0,0.25,0,0,0,0,0,19-DEC-2017,
OPTSTK,BHARATFIN,22-Feb-2018,740,PE,0,0,0,0.4,0,0,0,0,0,19-DEC-2017,
OPTSTK,BHARATFIN,22-Feb-2018,760,PE,0,0,0,0.75,0.05,0,0,0,0,19-DEC-2017,
OPTSTK,BHARATFIN,22-Feb-2018,780,PE,0,0,0,1.3,0.05,0,0,0,0,19-DEC-2017,
OPTSTK,BHARATFIN,22-Feb-2018,800,PE,0,0,0,2.1,0.1,0,0,0,0,19-DEC-2017,
OPTSTK,BHARATFIN,22-Feb-2018,820,PE,0,0,0,3.35,0.2,0,0,0,0,19-DEC-2017,
OPTSTK,BHARATFIN,22-Feb-2018,840,PE,0,0,0,5.15,0.45,0,0,0,0,19-DEC-2017,
OPTSTK,BHARATFIN,22-Feb-2018,860,PE,0,0,0,7.6,0.9,0,0,0,0,19-DEC-2017,
OPTSTK,BHARATFIN,22-Feb-2018,880,PE,0,0,0,10.8,1.75,0,0,0,0,19-DEC-2017,
OPTSTK,BHARATFIN,22-Feb-2018,900,PE,0,0,0,15,3.1,0,0,0,0,19-DEC-2017,
OPTSTK,BHARATFIN,22-Feb-2018,920,PE,0,0,0,20.25,5.25,0,0,0,0,19-DEC-2017,
OPTSTK,BHARATFIN,22-Feb-2018,940,PE,0,0,0,26.55,8.4,0,0,0,0,19-DEC-2017,
OPTSTK,BHARATFIN,22-Feb-2018,960,PE,0,0,0,34.1,12.85,0,0,0,0,19-DEC-2017,
OPTSTK,BHARATFIN,22-Feb-2018,980,PE,0,0,0,42.95,18.65,0,0,0,0,19-DEC-2017,
OPTSTK,BHARATFIN,22-Feb-2018,1000,PE,0,0,0,53,26.2,0,0,0,0,19-DEC-2017,
OPTSTK,BHARATFIN,22-Feb-2018,1020,PE,0,0,0,64.25,35.4,0,0,0,0,19-DEC-2017,
OPTSTK,BHARATFIN,22-Feb-2018,1040,PE,0,0,0,76.7,46.4,0,0,0,0,19-DEC-2017,
OPTSTK,BHARATFIN,22-Feb-2018,1060,PE,0,0,0,90.2,58.95,0,0,0,0,19-DEC-2017,
OPTSTK,BHARATFIN,22-Feb-2018,1080,PE,0,0,0,104.75,73.1,0,0,0,0,19-DEC-2017,
OPTSTK,BHARATFIN,22-Feb-2018,1100,PE,0,0,0,120.1,88.45,0,0,0,0,19-DEC-2017,
OPTSTK,BHARATFIN,22-Feb-2018,1120,PE,0,0,0,136.25,104.9,0,0,0,0,19-DEC-2017,
OPTSTK,BHARATFIN,22-Feb-2018,1140,PE,0,0,0,153.1,122.25,0,0,0,0,19-DEC-2017,
OPTSTK,BHARATFIN,22-Feb-2018,1160,PE,0,0,0,170.45,140.3,0,0,0,0,19-DEC-2017,
OPTSTK,BHARATFIN,22-Feb-2018,1180,PE,0,0,0,188.35,158.9,0,0,0,0,19-DEC-2017,
OPTSTK,BHARATFIN,22-Feb-2018,1200,PE,0,0,0,206.6,177.85,0,0,0,0,19-DEC-2017,
OPTSTK,BHARATFIN,22-Feb-2018,1220,PE,0,0,0,225.2,197.05,0,0,0,0,19-DEC-2017,
OPTSTK,BHARATFORG,28-Dec-2017,400,CE,0,0,0,206.05,329.15,0,0,0,0,19-DEC-2017,
OPTSTK,BHARATFORG,28-Dec-2017,410,CE,0,0,0,196.45,319.15,0,0,0,0,19-DEC-2017,
OPTSTK,BHARATFORG,28-Dec-2017,420,CE,0,0,0,186.95,309.15,0,0,0,0,19-DEC-2017,
OPTSTK,BHARATFORG,28-Dec-2017,430,CE,0,0,0,177.55,299.2,0,0,0,0,19-DEC-2017,
OPTSTK,BHARATFORG,28-Dec-2017,440,CE,0,0,0,168.3,289.2,0,0,0,0,19-DEC-2017,
OPTSTK,BHARATFORG,28-Dec-2017,450,CE,0,0,0,159.15,279.2,0,0,0,0,19-DEC-2017,
OPTSTK,BHARATFORG,28-Dec-2017,460,CE,0,0,0,150.2,269.25,0,0,0,0,19-DEC-2017,
OPTSTK,BHARATFORG,28-Dec-2017,470,CE,0,0,0,141.4,259.25,0,0,0,0,19-DEC-2017,
OPTSTK,BHARATFORG,28-Dec-2017,480,CE,0,0,0,132.8,249.25,0,0,0,0,19-DEC-2017,
OPTSTK,BHARATFORG,28-Dec-2017,490,CE,0,0,0,124.45,239.3,0,0,0,0,19-DEC-2017,
OPTSTK,BHARATFORG,28-Dec-2017,500,CE,0,0,0,116.35,229.3,0,0,0,0,19-DEC-2017,
OPTSTK,BHARATFORG,28-Dec-2017,510,CE,0,0,0,108.5,219.3,0,0,0,0,19-DEC-2017,
OPTSTK,BHARATFORG,28-Dec-2017,520,CE,0,0,0,100.95,209.35,0,0,0,0,19-DEC-2017,
OPTSTK,BHARATFORG,28-Dec-2017,530,CE,0,0,0,93.7,199.35,0,0,0,0,19-DEC-2017,
OPTSTK,BHARATFORG,28-Dec-2017,540,CE,0,0,0,86.7,189.35,0,0,0,0,19-DEC-2017,
OPTSTK,BHARATFORG,28-Dec-2017,550,CE,0,0,0,80.05,179.4,0,0,0,0,19-DEC-2017,
OPTSTK,BHARATFORG,28-Dec-2017,560,CE,0,0,0,73.75,169.4,0,0,0,0,19-DEC-2017,
OPTSTK,BHARATFORG,28-Dec-2017,570,CE,0,0,0,67.8,159.4,0,0,0,0,19-DEC-2017,
OPTSTK,BHARATFORG,28-Dec-2017,580,CE,0,0,0,62.15,149.4,0,0,0,0,19-DEC-2017,
OPTSTK,BHARATFORG,28-Dec-2017,590,CE,0,0,0,56.85,139.45,0,0,0,0,19-DEC-2017,
OPTSTK,BHARATFORG,28-Dec-2017,600,CE,0,0,0,94,129.45,0,0,3600,0,19-DEC-2017,
OPTSTK,BHARATFORG,28-Dec-2017,610,CE,0,0,0,47.2,119.45,0,0,0,0,19-DEC-2017,
OPTSTK,BHARATFORG,28-Dec-2017,620,CE,0,0,0,76.5,109.5,0,0,1200,0,19-DEC-2017,
OPTSTK,BHARATFORG,28-Dec-2017,630,CE,0,0,0,38.85,99.5,0,0,0,0,19-DEC-2017,
OPTSTK,BHARATFORG,28-Dec-2017,640,CE,0,0,0,53,89.55,0,0,2400,0,19-DEC-2017,
OPTSTK,BHARATFORG,28-Dec-2017,650,CE,0,0,0,52,79.6,0,0,8400,0,19-DEC-2017,
OPTSTK,BHARATFORG,28-Dec-2017,660,CE,0,0,0,28.55,69.7,0,0,0,0,19-DEC-2017,
OPTSTK,BHARATFORG,28-Dec-2017,670,CE,58,58,58,58,58,1,8.73,3600,0,19-DEC-2017,
OPTSTK,BHARATFORG,28-Dec-2017,680,CE,0,0,0,17.85,50.35,0,0,13200,0,19-DEC-2017,
OPTSTK,BHARATFORG,28-Dec-2017,690,CE,35,40,34.5,40,40,4,34.85,12000,-2400,19-DEC-2017,
OPTSTK,BHARATFORG,28-Dec-2017,700,CE,16.4,31.6,16.4,31.15,31.15,159,1385.53,90000,-54000,19-DEC-2017,
OPTSTK,BHARATFORG,28-Dec-2017,710,CE,11.4,24,11.4,23.65,23.65,305,2668.64,40800,-118800,19-DEC-2017,
OPTSTK,BHARATFORG,28-Dec-2017,720,CE,7.95,18,7.95,17.5,17.5,919,8102.57,147600,13200,19-DEC-2017,
OPTSTK,BHARATFORG,28-Dec-2017,730,CE,6.2,12.8,5.55,12.55,12.55,456,4055.68,158400,93600,19-DEC-2017,
OPTSTK,BHARATFORG,28-Dec-2017,740,CE,3.5,9,3.15,8.15,8.15,258,2313.72,181200,60000,19-DEC-2017,
OPTSTK,BHARATFORG,28-Dec-2017,750,CE,4,6,3.75,5.4,5.4,76,688.64,49200,15600,19-DEC-2017,
OPTSTK,BHARATFORG,28-Dec-2017,760,CE,2.7,3.95,2.7,3.95,3.95,25,229.08,21600,13200,19-DEC-2017,
OPTSTK,BHARATFORG,28-Dec-2017,770,CE,0,0,0,8,1.9,0,0,0,0,19-DEC-2017,
OPTSTK,BHARATFORG,28-Dec-2017,780,CE,0,0,0,0.8,1.05,0,0,3600,0,19-DEC-2017,
OPTSTK,BHARATFORG,28-Dec-2017,790,CE,0,0,0,6.2,0.55,0,0,0,0,19-DEC-2017,
OPTSTK,BHARATFORG,28-Dec-2017,800,CE,0.9,0.9,0.9,0.9,0.9,3,28.83,19200,-2400,19-DEC-2017,
OPTSTK,BHARATFORG,28-Dec-2017,810,CE,0,0,0,8.7,0.15,0,0,0,0,19-DEC-2017,
OPTSTK,BHARATFORG,28-Dec-2017,820,CE,0,0,0,7.8,0.05,0,0,0,0,19-DEC-2017,
OPTSTK,BHARATFORG,28-Dec-2017,830,CE,0,0,0,7.85,0.05,0,0,0,0,19-DEC-2017,
OPTSTK,BHARATFORG,28-Dec-2017,400,PE,0,0,0,0.65,0,0,0,0,0,19-DEC-2017,
OPTSTK,BHARATFORG,28-Dec-2017,410,PE,0,0,0,0.9,0,0,0,0,0,19-DEC-2017,
OPTSTK,BHARATFORG,28-Dec-2017,420,PE,0,0,0,1.25,0,0,0,0,0,19-DEC-2017,
OPTSTK,BHARATFORG,28-Dec-2017,430,PE,0,0,0,1.7,0,0,0,0,0,19-DEC-2017,
OPTSTK,BHARATFORG,28-Dec-2017,440,PE,0,0,0,2.3,0,0,0,0,0,19-DEC-2017,
OPTSTK,BHARATFORG,28-Dec-2017,450,PE,0,0,0,3,0,0,0,0,0,19-DEC-2017,
OPTSTK,BHARATFORG,28-Dec-2017,460,PE,0,0,0,3.85,0,0,0,0,0,19-DEC-2017,
OPTSTK,BHARATFORG,28-Dec-2017,470,PE,0,0,0,4.95,0,0,0,0,0,19-DEC-2017,
OPTSTK,BHARATFORG,28-Dec-2017,480,PE,0,0,0,6.2,0,0,0,0,0,19-DEC-2017,
OPTSTK,BHARATFORG,28-Dec-2017,490,PE,0,0,0,7.7,0,0,0,0,0,19-DEC-2017,
OPTSTK,BHARATFORG,28-Dec-2017,500,PE,0,0,0,9.4,0,0,0,0,0,19-DEC-2017,
OPTSTK,BHARATFORG,28-Dec-2017,510,PE,0,0,0,11.4,0,0,0,0,0,19-DEC-2017,
OPTSTK,BHARATFORG,28-Dec-2017,520,PE,0,0,0,13.7,0,0,0,0,0,19-DEC-2017,
OPTSTK,BHARATFORG,28-Dec-2017,530,PE,0,0,0,16.3,0,0,0,0,0,19-DEC-2017,
OPTSTK,BHARATFORG,28-Dec-2017,540,PE,0,0,0,19.15,0,0,0,0,0,19-DEC-2017,
OPTSTK,BHARATFORG,28-Dec-2017,550,PE,0,0,0,22.35,0,0,0,0,0,19-DEC-2017,
OPTSTK,BHARATFORG,28-Dec-2017,560,PE,0,0,0,25.9,0,0,0,0,0,19-DEC-2017,
OPTSTK,BHARATFORG,28-Dec-2017,570,PE,0,0,0,29.75,0,0,0,0,0,19-DEC-2017,
OPTSTK,BHARATFORG,28-Dec-2017,580,PE,0,0,0,33.95,0,0,0,0,0,19-DEC-2017,
OPTSTK,BHARATFORG,28-Dec-2017,590,PE,0,0,0,38.5,0,0,0,0,0,19-DEC-2017,
OPTSTK,BHARATFORG,28-Dec-2017,600,PE,0,0,0,0.45,0,0,0,2400,0,19-DEC-2017,
OPTSTK,BHARATFORG,28-Dec-2017,610,PE,0,0,0,48.55,0,0,0,0,0,19-DEC-2017,
OPTSTK,BHARATFORG,28-Dec-2017,620,PE,0.15,0.15,0.15,0.15,0.15,1,7.44,1200,0,19-DEC-2017,
OPTSTK,BHARATFORG,28-Dec-2017,630,PE,0.2,0.25,0.15,0.25,0.25,12,90.74,3600,-4800,19-DEC-2017,
OPTSTK,BHARATFORG,28-Dec-2017,640,PE,0.2,0.2,0.2,0.2,0.2,1,7.68,16800,0,19-DEC-2017,
OPTSTK,BHARATFORG,28-Dec-2017,650,PE,0.3,0.3,0.3,0.3,0.3,3,23.41,36000,-2400,19-DEC-2017,
OPTSTK,BHARATFORG,28-Dec-2017,660,PE,0.6,0.6,0.3,0.3,0.3,4,31.7,63600,-2400,19-DEC-2017,
OPTSTK,BHARATFORG,28-Dec-2017,670,PE,1.65,1.65,0.55,0.55,0.55,9,72.45,25200,-1200,19-DEC-2017,
OPTSTK,BHARATFORG,28-Dec-2017,680,PE,3.15,3.15,0.7,0.7,0.7,41,335.32,54000,-2400,19-DEC-2017,
OPTSTK,BHARATFORG,28-Dec-2017,690,PE,3.3,3.5,1.45,1.45,1.45,22,182.88,33600,2400,19-DEC-2017,
OPTSTK,BHARATFORG,28-Dec-2017,700,PE,6.8,6.8,2.7,2.85,2.85,100,845.4,49200,6000,19-DEC-2017,
OPTSTK,BHARATFORG,28-Dec-2017,710,PE,13.35,13.35,4.7,4.8,4.8,64,551.07,30000,20400,19-DEC-2017,
OPTSTK,BHARATFORG,28-Dec-2017,720,PE,16.6,16.6,7.55,8.2,8.2,79,693.09,31200,27600,19-DEC-2017,
OPTSTK,BHARATFORG,28-Dec-2017,730,PE,14.75,17.5,14.75,17.5,17.5,2,17.9,2400,2400,19-DEC-2017,
OPTSTK,BHARATFORG,28-Dec-2017,740,PE,0,0,0,41.8,19,0,0,1200,0,19-DEC-2017,
OPTSTK,BHARATFORG,28-Dec-2017,750,PE,0,0,0,149.45,25.85,0,0,0,0,19-DEC-2017,
OPTSTK,BHARATFORG,28-Dec-2017,760,PE,0,0,0,158.1,33.65,0,0,0,0,19-DEC-2017,
OPTSTK,BHARATFORG,28-Dec-2017,770,PE,0,0,0,166.9,42.2,0,0,0,0,19-DEC-2017,
OPTSTK,BHARATFORG,28-Dec-2017,780,PE,0,0,0,175.8,51.35,0,0,0,0,19-DEC-2017,
OPTSTK,BHARATFORG,28-Dec-2017,790,PE,0,0,0,184.8,60.8,0,0,0,0,19-DEC-2017,
OPTSTK,BHARATFORG,28-Dec-2017,800,PE,0,0,0,193.9,70.55,0,0,0,0,19-DEC-2017,
OPTSTK,BHARATFORG,28-Dec-2017,810,PE,0,0,0,189.3,80.4,0,0,0,0,19-DEC-2017,
OPTSTK,BHARATFORG,28-Dec-2017,820,PE,0,0,0,198.25,90.3,0,0,0,0,19-DEC-2017,
OPTSTK,BHARATFORG,28-Dec-2017,830,PE,0,0,0,197.05,100.25,0,0,0,0,19-DEC-2017,
OPTSTK,BHARATFORG,25-Jan-2018,460,CE,0,0,0,209.6,271.5,0,0,0,0,19-DEC-2017,
OPTSTK,BHARATFORG,25-Jan-2018,470,CE,0,0,0,200,261.6,0,0,0,0,19-DEC-2017,
OPTSTK,BHARATFORG,25-Jan-2018,480,CE,0,0,0,190.45,251.65,0,0,0,0,19-DEC-2017,
OPTSTK,BHARATFORG,25-Jan-2018,490,CE,0,0,0,181,241.7,0,0,0,0,19-DEC-2017,
OPTSTK,BHARATFORG,25-Jan-2018,500,CE,0,0,0,171.65,231.75,0,0,0,0,19-DEC-2017,
OPTSTK,BHARATFORG,25-Jan-2018,510,CE,0,0,0,162.4,221.85,0,0,0,0,19-DEC-2017,
OPTSTK,BHARATFORG,25-Jan-2018,520,CE,0,0,0,153.3,211.9,0,0,0,0,19-DEC-2017,
OPTSTK,BHARATFORG,25-Jan-2018,530,CE,0,0,0,144.4,201.95,0,0,0,0,19-DEC-2017,
OPTSTK,BHARATFORG,25-Jan-2018,540,CE,0,0,0,135.7,192.05,0,0,0,0,19-DEC-2017,
OPTSTK,BHARATFORG,25-Jan-2018,550,CE,0,0,0,127.15,182.1,0,0,0,0,19-DEC-2017,
OPTSTK,BHARATFORG,25-Jan-2018,560,CE,0,0,0,118.9,172.2,0,0,0,0,19-DEC-2017,
OPTSTK,BHARATFORG,25-Jan-2018,570,CE,0,0,0,110.85,162.3,0,0,0,0,19-DEC-2017,
OPTSTK,BHARATFORG,25-Jan-2018,580,CE,0,0,0,103.1,152.4,0,0,0,0,19-DEC-2017,
OPTSTK,BHARATFORG,25-Jan-2018,590,CE,0,0,0,95.65,142.55,0,0,0,0,19-DEC-2017,
OPTSTK,BHARATFORG,25-Jan-2018,600,CE,0,0,0,88.45,132.7,0,0,0,0,19-DEC-2017,
OPTSTK,BHARATFORG,25-Jan-2018,610,CE,0,0,0,81.6,123,0,0,0,0,19-DEC-2017,
OPTSTK,BHARATFORG,25-Jan-2018,620,CE,0,0,0,75.05,113.35,0,0,0,0,19-DEC-2017,
OPTSTK,BHARATFORG,25-Jan-2018,630,CE,0,0,0,68.9,103.85,0,0,0,0,19-DEC-2017,
OPTSTK,BHARATFORG,25-Jan-2018,640,CE,0,0,0,63.05,94.55,0,0,0,0,19-DEC-2017,
OPTSTK,BHARATFORG,25-Jan-2018,650,CE,0,0,0,57.55,85.45,0,0,0,0,19-DEC-2017,
OPTSTK,BHARATFORG,25-Jan-2018,660,CE,0,0,0,52.4,76.7,0,0,0,0,19-DEC-2017,
OPTSTK,BHARATFORG,25-Jan-2018,670,CE,0,0,0,47.55,68.25,0,0,0,0,19-DEC-2017,
OPTSTK,BHARATFORG,25-Jan-2018,680,CE,0,0,0,43.05,60.25,0,0,0,0,19-DEC-2017,
OPTSTK,BHARATFORG,25-Jan-2018,690,CE,0,0,0,38.9,52.75,0,0,0,0,19-DEC-2017,
OPTSTK,BHARATFORG,25-Jan-2018,700,CE,0,0,0,35.05,45.7,0,0,0,0,19-DEC-2017,
OPTSTK,BHARATFORG,25-Jan-2018,710,CE,0,0,0,31.5,39.25,0,0,0,0,19-DEC-2017,
OPTSTK,BHARATFORG,25-Jan-2018,720,CE,0,0,0,28.25,33.35,0,0,0,0,19-DEC-2017,
OPTSTK,BHARATFORG,25-Jan-2018,730,CE,23.25,23.25,23.25,23.25,23.25,1,9.03,2400,1200,19-DEC-2017,
OPTSTK,BHARATFORG,25-Jan-2018,740,CE,20,22.45,18,18,18,3,27.36,3600,3600,19-DEC-2017,
OPTSTK,BHARATFORG,25-Jan-2018,750,CE,18,18,18,18,18,1,9.21,1200,1200,19-DEC-2017,
OPTSTK,BHARATFORG,25-Jan-2018,760,CE,0,0,0,17.85,15.75,0,0,0,0,19-DEC-2017,
OPTSTK,BHARATFORG,25-Jan-2018,770,CE,0,0,0,15.8,12.7,0,0,0,0,19-DEC-2017,
OPTSTK,BHARATFORG,25-Jan-2018,780,CE,0,0,0,14,10.2,0,0,0,0,19-DEC-2017,
OPTSTK,BHARATFORG,25-Jan-2018,790,CE,0,0,0,12.35,8.05,0,0,0,0,19-DEC-2017,
OPTSTK,BHARATFORG,25-Jan-2018,800,CE,0,0,0,10.85,6.3,0,0,0,0,19-DEC-2017,
OPTSTK,BHARATFORG,25-Jan-2018,810,CE,0,0,0,9.55,4.9,0,0,0,0,19-DEC-2017,
OPTSTK,BHARATFORG,25-Jan-2018,820,CE,0,0,0,8.4,3.75,0,0,0,0,19-DEC-2017,
OPTSTK,BHARATFORG,25-Jan-2018,830,CE,0,0,0,7.35,2.85,0,0,0,0,19-DEC-2017,
OPTSTK,BHARATFORG,25-Jan-2018,460,PE,0,0,0,0.55,0,0,0,0,0,19-DEC-2017,
OPTSTK,BHARATFORG,25-Jan-2018,470,PE,0,0,0,0.8,0,0,0,0,0,19-DEC-2017,
OPTSTK,BHARATFORG,25-Jan-2018,480,PE,0,0,0,1.05,0,0,0,0,0,19-DEC-2017,
OPTSTK,BHARATFORG,25-Jan-2018,490,PE,0,0,0,1.45,0,0,0,0,0,19-DEC-2017,
OPTSTK,BHARATFORG,25-Jan-2018,500,PE,0,0,0,1.95,0,0,0,0,0,19-DEC-2017,
OPTSTK,BHARATFORG,25-Jan-2018,510,PE,0,0,0,2.55,0,0,0,0,0,19-DEC-2017,
OPTSTK,BHARATFORG,25-Jan-2018,520,PE,0,0,0,3.3,0,0,0,0,0,19-DEC-2017,
OPTSTK,BHARATFORG,25-Jan-2018,530,PE,0,0,0,4.25,0,0,0,0,0,19-DEC-2017,
OPTSTK,BHARATFORG,25-Jan-2018,540,PE,0,0,0,5.35,0.05,0,0,0,0,19-DEC-2017,
OPTSTK,BHARATFORG,25-Jan-2018,550,PE,0,0,0,6.7,0.05,0,0,0,0,19-DEC-2017,
OPTSTK,BHARATFORG,25-Jan-2018,560,PE,0,0,0,8.25,0.05,0,0,0,0,19-DEC-2017,
OPTSTK,BHARATFORG,25-Jan-2018,570,PE,0,0,0,10.05,0.05,0,0,0,0,19-DEC-2017,
OPTSTK,BHARATFORG,25-Jan-2018,580,PE,0,0,0,12.15,0.1,0,0,0,0,19-DEC-2017,
OPTSTK,BHARATFORG,25-Jan-2018,590,PE,0,0,0,14.55,0.2,0,0,0,0,19-DEC-2017,
OPTSTK,BHARATFORG,25-Jan-2018,600,PE,0,0,0,17.2,0.3,0,0,0,0,19-DEC-2017,
OPTSTK,BHARATFORG,25-Jan-2018,610,PE,0,0,0,20.15,0.5,0,0,0,0,19-DEC-2017,
OPTSTK,BHARATFORG,25-Jan-2018,620,PE,0,0,0,23.5,0.8,0,0,0,0,19-DEC-2017,
OPTSTK,BHARATFORG,25-Jan-2018,630,PE,0,0,0,27.15,1.25,0,0,0,0,19-DEC-2017,
OPTSTK,BHARATFORG,25-Jan-2018,640,PE,0,0,0,31.15,1.85,0,0,0,0,19-DEC-2017,
OPTSTK,BHARATFORG,25-Jan-2018,650,PE,0,0,0,35.5,2.75,0,0,0,0,19-DEC-2017,
OPTSTK,BHARATFORG,25-Jan-2018,660,PE,0,0,0,40.15,3.9,0,0,0,0,19-DEC-2017,
OPTSTK,BHARATFORG,25-Jan-2018,670,PE,0,0,0,16,5.4,0,0,1200,0,19-DEC-2017,
OPTSTK,BHARATFORG,25-Jan-2018,680,PE,0,0,0,19,7.35,0,0,1200,0,19-DEC-2017,
OPTSTK,BHARATFORG,25-Jan-2018,690,PE,11.9,11.9,10,10,10,2,16.82,2400,2400,19-DEC-2017,
OPTSTK,BHARATFORG,25-Jan-2018,700,PE,15.9,15.9,15.9,15.9,15.9,2,17.18,4800,2400,19-DEC-2017,
OPTSTK,BHARATFORG,25-Jan-2018,710,PE,0,0,0,68.5,16.1,0,0,0,0,19-DEC-2017,
OPTSTK,BHARATFORG,25-Jan-2018,720,PE,25.6,25.6,23,23,23,4,35.69,3600,3600,19-DEC-2017,
OPTSTK,BHARATFORG,25-Jan-2018,730,PE,0,0,0,81.95,24.85,0,0,0,0,19-DEC-2017,
OPTSTK,BHARATFORG,25-Jan-2018,740,PE,0,0,0,89.05,30.1,0,0,0,0,19-DEC-2017,
OPTSTK,BHARATFORG,25-Jan-2018,750,PE,0,0,0,96.5,35.9,0,0,0,0,19-DEC-2017,
OPTSTK,BHARATFORG,25-Jan-2018,760,PE,0,0,0,104.1,42.3,0,0,0,0,19-DEC-2017,
OPTSTK,BHARATFORG,25-Jan-2018,770,PE,0,0,0,111.9,49.2,0,0,0,0,19-DEC-2017,
OPTSTK,BHARATFORG,25-Jan-2018,780,PE,0,0,0,119.9,56.6,0,0,0,0,19-DEC-2017,
OPTSTK,BHARATFORG,25-Jan-2018,790,PE,0,0,0,128.1,64.4,0,0,0,0,19-DEC-2017,
OPTSTK,BHARATFORG,25-Jan-2018,800,PE,0,0,0,136.5,72.6,0,0,0,0,19-DEC-2017,
OPTSTK,BHARATFORG,25-Jan-2018,810,PE,0,0,0,145,81.1,0,0,0,0,19-DEC-2017,
OPTSTK,BHARATFORG,25-Jan-2018,820,PE,0,0,0,153.7,89.9,0,0,0,0,19-DEC-2017,
OPTSTK,BHARATFORG,25-Jan-2018,830,PE,0,0,0,162.5,98.95,0,0,0,0,19-DEC-2017,
OPTSTK,BHARATFORG,22-Feb-2018,490,CE,0,0,0,210.35,244.1,0,0,0,0,19-DEC-2017,
OPTSTK,BHARATFORG,22-Feb-2018,500,CE,0,0,0,200.55,234.25,0,0,0,0,19-DEC-2017,
OPTSTK,BHARATFORG,22-Feb-2018,510,CE,0,0,0,190.7,224.35,0,0,0,0,19-DEC-2017,
OPTSTK,BHARATFORG,22-Feb-2018,520,CE,0,0,0,180.95,214.5,0,0,0,0,19-DEC-2017,
OPTSTK,BHARATFORG,22-Feb-2018,530,CE,0,0,0,171.2,204.65,0,0,0,0,19-DEC-2017,
OPTSTK,BHARATFORG,22-Feb-2018,540,CE,0,0,0,161.5,194.8,0,0,0,0,19-DEC-2017,
OPTSTK,BHARATFORG,22-Feb-2018,550,CE,0,0,0,151.9,185,0,0,0,0,19-DEC-2017,
OPTSTK,BHARATFORG,22-Feb-2018,560,CE,0,0,0,142.35,175.2,0,0,0,0,19-DEC-2017,
OPTSTK,BHARATFORG,22-Feb-2018,570,CE,0,0,0,132.95,165.5,0,0,0,0,19-DEC-2017,
OPTSTK,BHARATFORG,22-Feb-2018,580,CE,0,0,0,123.7,155.85,0,0,0,0,19-DEC-2017,
OPTSTK,BHARATFORG,22-Feb-2018,590,CE,0,0,0,114.65,146.25,0,0,0,0,19-DEC-2017,
OPTSTK,BHARATFORG,22-Feb-2018,600,CE,0,0,0,105.8,136.8,0,0,0,0,19-DEC-2017,
OPTSTK,BHARATFORG,22-Feb-2018,610,CE,0,0,0,97.15,127.5,0,0,0,0,19-DEC-2017,
OPTSTK,BHARATFORG,22-Feb-2018,620,CE,0,0,0,88.85,118.35,0,0,0,0,19-DEC-2017,
OPTSTK,BHARATFORG,22-Feb-2018,630,CE,0,0,0,80.85,109.45,0,0,0,0,19-DEC-2017,
OPTSTK,BHARATFORG,22-Feb-2018,640,CE,0,0,0,73.2,100.75,0,0,0,0,19-DEC-2017,
OPTSTK,BHARATFORG,22-Feb-2018,650,CE,0,0,0,66,92.3,0,0,0,0,19-DEC-2017,
OPTSTK,BHARATFORG,22-Feb-2018,660,CE,0,0,0,59.1,84.2,0,0,0,0,19-DEC-2017,
OPTSTK,BHARATFORG,22-Feb-2018,670,CE,0,0,0,52.7,76.45,0,0,0,0,19-DEC-2017,
OPTSTK,BHARATFORG,22-Feb-2018,680,CE,0,0,0,46.7,69.1,0,0,0,0,19-DEC-2017,
OPTSTK,BHARATFORG,22-Feb-2018,690,CE,0,0,0,41.2,62.05,0,0,0,0,19-DEC-2017,
OPTSTK,BHARATFORG,22-Feb-2018,700,CE,0,0,0,36.15,55.5,0,0,0,0,19-DEC-2017,
OPTSTK,BHARATFORG,22-Feb-2018,710,CE,0,0,0,31.55,49.35,0,0,0,0,19-DEC-2017,
OPTSTK,BHARATFORG,22-Feb-2018,720,CE,0,0,0,27.35,43.7,0,0,0,0,19-DEC-2017,
OPTSTK,BHARATFORG,22-Feb-2018,730,CE,0,0,0,23.6,38.45,0,0,0,0,19-DEC-2017,
OPTSTK,BHARATFORG,22-Feb-2018,740,CE,0,0,0,20.25,33.65,0,0,0,0,19-DEC-2017,
OPTSTK,BHARATFORG,22-Feb-2018,750,CE,0,0,0,17.3,29.3,0,0,0,0,19-DEC-2017,
OPTSTK,BHARATFORG,22-Feb-2018,760,CE,0,0,0,14.75,25.35,0,0,0,0,19-DEC-2017,
OPTSTK,BHARATFORG,22-Feb-2018,770,CE,0,0,0,12.45,21.85,0,0,0,0,19-DEC-2017,
OPTSTK,BHARATFORG,22-Feb-2018,780,CE,0,0,0,10.45,18.75,0,0,0,0,19-DEC-2017,
OPTSTK,BHARATFORG,22-Feb-2018,790,CE,0,0,0,8.75,15.95,0,0,0,0,19-DEC-2017,
OPTSTK,BHARATFORG,22-Feb-2018,800,CE,0,0,0,7.3,13.6,0,0,0,0,19-DEC-2017,
OPTSTK,BHARATFORG,22-Feb-2018,810,CE,0,0,0,6.05,11.45,0,0,0,0,19-DEC-2017,
OPTSTK,BHARATFORG,22-Feb-2018,820,CE,0,0,0,5,9.6,0,0,0,0,19-DEC-2017,
OPTSTK,BHARATFORG,22-Feb-2018,830,CE,0,0,0,4.1,8.05,0,0,0,0,19-DEC-2017,
OPTSTK,BHARATFORG,22-Feb-2018,490,PE,0,0,0,0.05,0.05,0,0,0,0,19-DEC-2017,
OPTSTK,BHARATFORG,22-Feb-2018,500,PE,0,0,0,0.1,0.05,0,0,0,0,19-DEC-2017,
OPTSTK,BHARATFORG,22-Feb-2018,510,PE,0,0,0,0.15,0.05,0,0,0,0,19-DEC-2017,
OPTSTK,BHARATFORG,22-Feb-2018,520,PE,0,0,0,0.2,0.05,0,0,0,0,19-DEC-2017,
OPTSTK,BHARATFORG,22-Feb-2018,530,PE,0,0,0,0.3,0.1,0,0,0,0,19-DEC-2017,
OPTSTK,BHARATFORG,22-Feb-2018,540,PE,0,0,0,0.5,0.15,0,0,0,0,19-DEC-2017,
OPTSTK,BHARATFORG,22-Feb-2018,550,PE,0,0,0,0.75,0.2,0,0,0,0,19-DEC-2017,
OPTSTK,BHARATFORG,22-Feb-2018,560,PE,0,0,0,1.05,0.3,0,0,0,0,19-DEC-2017,
OPTSTK,BHARATFORG,22-Feb-2018,570,PE,0,0,0,1.5,0.5,0,0,0,0,19-DEC-2017,
OPTSTK,BHARATFORG,22-Feb-2018,580,PE,0,0,0,2.1,0.7,0,0,0,0,19-DEC-2017,
OPTSTK,BHARATFORG,22-Feb-2018,590,PE,0,0,0,2.9,1.05,0,0,0,0,19-DEC-2017,
OPTSTK,BHARATFORG,22-Feb-2018,600,PE,0,0,0,3.9,1.45,0,0,0,0,19-DEC-2017,
OPTSTK,BHARATFORG,22-Feb-2018,610,PE,0,0,0,5.15,2.05,0,0,0,0,19-DEC-2017,
OPTSTK,BHARATFORG,22-Feb-2018,620,PE,0,0,0,6.65,2.8,0,0,0,0,19-DEC-2017,
OPTSTK,BHARATFORG,22-Feb-2018,630,PE,0,0,0,8.5,3.75,0,0,0,0,19-DEC-2017,
OPTSTK,BHARATFORG,22-Feb-2018,640,PE,0,0,0,10.75,4.95,0,0,0,0,19-DEC-2017,
OPTSTK,BHARATFORG,22-Feb-2018,650,PE,0,0,0,13.35,6.4,0,0,0,0,19-DEC-2017,
OPTSTK,BHARATFORG,22-Feb-2018,660,PE,0,0,0,16.35,8.2,0,0,0,0,19-DEC-2017,
OPTSTK,BHARATFORG,22-Feb-2018,670,PE,0,0,0,19.75,10.3,0,0,0,0,19-DEC-2017,
OPTSTK,BHARATFORG,22-Feb-2018,680,PE,0,0,0,23.65,12.85,0,0,0,0,19-DEC-2017,
OPTSTK,BHARATFORG,22-Feb-2018,690,PE,0,0,0,28,15.7,0,0,0,0,19-DEC-2017,
OPTSTK,BHARATFORG,22-Feb-2018,700,PE,0,0,0,32.8,19,0,0,0,0,19-DEC-2017,
OPTSTK,BHARATFORG,22-Feb-2018,710,PE,0,0,0,38.05,22.75,0,0,0,0,19-DEC-2017,
OPTSTK,BHARATFORG,22-Feb-2018,720,PE,0,0,0,43.7,26.95,0,0,0,0,19-DEC-2017,
OPTSTK,BHARATFORG,22-Feb-2018,730,PE,0,0,0,49.8,31.6,0,0,0,0,19-DEC-2017,
OPTSTK,BHARATFORG,22-Feb-2018,740,PE,0,0,0,56.35,36.7,0,0,0,0,19-DEC-2017,
OPTSTK,BHARATFORG,22-Feb-2018,750,PE,0,0,0,63.2,42.25,0,0,0,0,19-DEC-2017,
OPTSTK,BHARATFORG,22-Feb-2018,760,PE,0,0,0,70.5,48.2,0,0,0,0,19-DEC-2017,
OPTSTK,BHARATFORG,22-Feb-2018,770,PE,0,0,0,78.1,54.6,0,0,0,0,19-DEC-2017,
OPTSTK,BHARATFORG,22-Feb-2018,780,PE,0,0,0,85.95,61.35,0,0,0,0,19-DEC-2017,
OPTSTK,BHARATFORG,22-Feb-2018,790,PE,0,0,0,94.1,68.45,0,0,0,0,19-DEC-2017,
OPTSTK,BHARATFORG,22-Feb-2018,800,PE,0,0,0,102.45,75.95,0,0,0,0,19-DEC-2017,
OPTSTK,BHARATFORG,22-Feb-2018,810,PE,0,0,0,111.1,83.7,0,0,0,0,19-DEC-2017,
OPTSTK,BHARATFORG,22-Feb-2018,820,PE,0,0,0,119.85,91.75,0,0,0,0,19-DEC-2017,
OPTSTK,BHARATFORG,22-Feb-2018,830,PE,0,0,0,128.85,100.05,0,0,0,0,19-DEC-2017,
OPTSTK,BHARTIARTL,28-Dec-2017,270,CE,0,0,0,116.25,267.05,0,0,0,0,19-DEC-2017,
OPTSTK,BHARTIARTL,28-Dec-2017,280,CE,0,0,0,106.45,257.05,0,0,0,0,19-DEC-2017,
OPTSTK,BHARTIARTL,28-Dec-2017,290,CE,0,0,0,96.6,247.05,0,0,0,0,19-DEC-2017,
OPTSTK,BHARTIARTL,28-Dec-2017,300,CE,0,0,0,86.8,237.1,0,0,0,0,19-DEC-2017,
OPTSTK,BHARTIARTL,28-Dec-2017,310,CE,0,0,0,77.05,227.1,0,0,0,0,19-DEC-2017,
OPTSTK,BHARTIARTL,28-Dec-2017,320,CE,0,0,0,67.45,217.1,0,0,0,0,19-DEC-2017,
OPTSTK,BHARTIARTL,28-Dec-2017,330,CE,0,0,0,58.05,207.15,0,0,0,0,19-DEC-2017,
OPTSTK,BHARTIARTL,28-Dec-2017,340,CE,0,0,0,49,197.15,0,0,0,0,19-DEC-2017,
OPTSTK,BHARTIARTL,28-Dec-2017,350,CE,0,0,0,146,187.15,0,0,11900,0,19-DEC-2017,
OPTSTK,BHARTIARTL,28-Dec-2017,360,CE,0,0,0,32.6,177.2,0,0,0,0,19-DEC-2017,
OPTSTK,BHARTIARTL,28-Dec-2017,370,CE,0,0,0,25.6,167.2,0,0,0,0,19-DEC-2017,
OPTSTK,BHARTIARTL,28-Dec-2017,380,CE,0,0,0,104,157.2,0,0,47600,0,19-DEC-2017,
OPTSTK,BHARTIARTL,28-Dec-2017,390,CE,0,0,0,14.55,147.25,0,0,0,0,19-DEC-2017,
OPTSTK,BHARTIARTL,28-Dec-2017,400,CE,0,0,0,115,137.25,0,0,5100,0,19-DEC-2017,
OPTSTK,BHARTIARTL,28-Dec-2017,410,CE,0,0,0,7.35,127.25,0,0,0,0,19-DEC-2017,
OPTSTK,BHARTIARTL,28-Dec-2017,420,CE,0,0,0,5,117.25,0,0,0,0,19-DEC-2017,
OPTSTK,BHARTIARTL,28-Dec-2017,430,CE,0,0,0,75,107.3,0,0,5100,0,19-DEC-2017,
OPTSTK,BHARTIARTL,28-Dec-2017,440,CE,0,0,0,72.4,97.3,0,0,10200,0,19-DEC-2017,
OPTSTK,BHARTIARTL,28-Dec-2017,450,CE,0,0,0,51,87.35,0,0,22100,0,19-DEC-2017,
OPTSTK,BHARTIARTL,28-Dec-2017,460,CE,0,0,0,57.85,77.4,0,0,27200,0,19-DEC-2017,
OPTSTK,BHARTIARTL,28-Dec-2017,470,CE,0,0,0,25.7,67.55,0,0,3400,0,19-DEC-2017,
OPTSTK,BHARTIARTL,28-Dec-2017,480,CE,46.05,53.5,43.4,53.5,53.5,4,35.92,52700,-5100,19-DEC-2017,
OPTSTK,BHARTIARTL,28-Dec-2017,490,CE,35.75,41.2,35.75,41.2,41.2,2,17.96,102000,0,19-DEC-2017,
OPTSTK,BHARTIARTL,28-Dec-2017,500,CE,27.35,43.25,25.6,42.9,42.9,27,244.06,368900,-5100,19-DEC-2017,
OPTSTK,BHARTIARTL,28-Dec-2017,510,CE,21.65,33,18.4,30.15,30.15,27,244.93,108800,-3400,19-DEC-2017,
OPTSTK,BHARTIARTL,28-Dec-2017,520,CE,14.05,24.95,10.95,21.75,21.75,606,5518.37,283900,-18700,19-DEC-2017,
OPTSTK,BHARTIARTL,28-Dec-2017,530,CE,9,16.5,6.45,14.4,14.4,1284,11805.61,625600,40800,19-DEC-2017,
OPTSTK,BHARTIARTL,28-Dec-2017,540,CE,5.05,10.4,3.55,9.1,9.1,1731,16096.4,943500,-73100,19-DEC-2017,
OPTSTK,BHARTIARTL,28-Dec-2017,550,CE,2.8,6.25,2,5.4,5.4,1360,12814.19,644300,-34000,19-DEC-2017,
OPTSTK,BHARTIARTL,28-Dec-2017,560,CE,1.65,3.65,1.1,3.1,3.1,559,5344.7,333200,18700,19-DEC-2017,
OPTSTK,BHARTIARTL,28-Dec-2017,570,CE,1.25,2.1,0.7,1.85,1.85,212,2059.77,171700,-5100,19-DEC-2017,
OPTSTK,BHARTIARTL,28-Dec-2017,580,CE,0.7,1.3,0.55,1.15,1.15,150,1481.33,183600,22100,19-DEC-2017,
OPTSTK,BHARTIARTL,28-Dec-2017,590,CE,0.55,0.75,0.55,0.75,0.75,10,100.41,49300,10200,19-DEC-2017,
OPTSTK,BHARTIARTL,28-Dec-2017,600,CE,0.6,0.7,0.3,0.6,0.6,207,2113.21,324700,-108800,19-DEC-2017,
OPTSTK,BHARTIARTL,28-Dec-2017,610,CE,0.25,0.3,0.2,0.3,0.3,8,82.99,22100,-3400,19-DEC-2017,
OPTSTK,BHARTIARTL,28-Dec-2017,620,CE,0.25,0.35,0.15,0.35,0.35,10,105.43,125800,6800,19-DEC-2017,
OPTSTK,BHARTIARTL,28-Dec-2017,270,PE,0,0,0,0.05,0,0,0,0,0,19-DEC-2017,
OPTSTK,BHARTIARTL,28-Dec-2017,280,PE,0,0,0,0.05,0,0,0,0,0,19-DEC-2017,
OPTSTK,BHARTIARTL,28-Dec-2017,290,PE,0,0,0,0.05,0,0,0,0,0,19-DEC-2017,
OPTSTK,BHARTIARTL,28-Dec-2017,300,PE,0,0,0,0.1,0,0,0,0,0,19-DEC-2017,
OPTSTK,BHARTIARTL,28-Dec-2017,310,PE,0,0,0,1,0,0,0,1700,0,19-DEC-2017,
OPTSTK,BHARTIARTL,28-Dec-2017,320,PE,0,0,0,0.4,0,0,0,0,0,19-DEC-2017,
OPTSTK,BHARTIARTL,28-Dec-2017,330,PE,0,0,0,0.85,0,0,0,0,0,19-DEC-2017,
OPTSTK,BHARTIARTL,28-Dec-2017,340,PE,0,0,0,1.65,0,0,0,0,0,19-DEC-2017,
OPTSTK,BHARTIARTL,28-Dec-2017,350,PE,0,0,0,0.1,0,0,0,6800,0,19-DEC-2017,
OPTSTK,BHARTIARTL,28-Dec-2017,360,PE,0,0,0,4.95,0,0,0,0,0,19-DEC-2017,
OPTSTK,BHARTIARTL,28-Dec-2017,370,PE,0,0,0,7.8,0,0,0,0,0,19-DEC-2017,
OPTSTK,BHARTIARTL,28-Dec-2017,380,PE,0,0,0,0.25,0,0,0,11900,0,19-DEC-2017,
OPTSTK,BHARTIARTL,28-Dec-2017,390,PE,0,0,0,16.4,0,0,0,0,0,19-DEC-2017,
OPTSTK,BHARTIARTL,28-Dec-2017,400,PE,0,0,0,0.15,0,0,0,1700,0,19-DEC-2017,
OPTSTK,BHARTIARTL,28-Dec-2017,410,PE,0,0,0,28.9,0,0,0,0,0,19-DEC-2017,
OPTSTK,BHARTIARTL,28-Dec-2017,420,PE,0,0,0,1.2,0,0,0,5100,0,19-DEC-2017,
OPTSTK,BHARTIARTL,28-Dec-2017,430,PE,0,0,0,0.3,0,0,0,18700,0,19-DEC-2017,
OPTSTK,BHARTIARTL,28-Dec-2017,440,PE,0.55,0.55,0.35,0.4,0.4,16,119.79,93500,-1700,19-DEC-2017,
OPTSTK,BHARTIARTL,28-Dec-2017,450,PE,0.2,0.6,0.2,0.5,0.5,47,359.94,163200,25500,19-DEC-2017,
OPTSTK,BHARTIARTL,28-Dec-2017,460,PE,0.85,0.9,0.55,0.65,0.65,26,203.61,258400,-10200,19-DEC-2017,
OPTSTK,BHARTIARTL,28-Dec-2017,470,PE,1.05,1.2,0.65,0.8,0.8,128,1024.52,328100,1700,19-DEC-2017,
OPTSTK,BHARTIARTL,28-Dec-2017,480,PE,1.7,1.8,0.9,1.05,1.05,418,3419.71,666400,134300,19-DEC-2017,
OPTSTK,BHARTIARTL,28-Dec-2017,490,PE,2.3,2.65,1.15,1.35,1.35,190,1588.69,533800,45900,19-DEC-2017,
OPTSTK,BHARTIARTL,28-Dec-2017,500,PE,3.5,4.1,1.65,1.9,1.9,781,6675.6,982600,324700,19-DEC-2017,
OPTSTK,BHARTIARTL,28-Dec-2017,510,PE,5.75,6.25,2.25,2.65,2.65,724,6328.98,452200,139400,19-DEC-2017,
OPTSTK,BHARTIARTL,28-Dec-2017,520,PE,8.7,9.7,3.4,3.95,3.95,1238,11087.78,810900,380800,19-DEC-2017,
OPTSTK,BHARTIARTL,28-Dec-2017,530,PE,13.15,15,5.2,6.2,6.2,811,7427.67,561000,389300,19-DEC-2017,
OPTSTK,BHARTIARTL,28-Dec-2017,540,PE,19.2,21.25,8.7,9.9,9.9,98,919.53,136000,95200,19-DEC-2017,
OPTSTK,BHARTIARTL,28-Dec-2017,550,PE,22,24,14.5,16.5,16.5,12,116.21,40800,-5100,19-DEC-2017,
OPTSTK,BHARTIARTL,28-Dec-2017,560,PE,0,0,0,45.5,27.95,0,0,20400,0,19-DEC-2017,
OPTSTK,BHARTIARTL,28-Dec-2017,570,PE,0,0,0,48.4,35.9,0,0,6800,0,19-DEC-2017,
OPTSTK,BHARTIARTL,28-Dec-2017,580,PE,0,0,0,55,44.5,0,0,5100,0,19-DEC-2017,
OPTSTK,BHARTIARTL,28-Dec-2017,590,PE,0,0,0,154.85,53.6,0,0,0,0,19-DEC-2017,
OPTSTK,BHARTIARTL,28-Dec-2017,600,PE,0,0,0,145.75,63.1,0,0,0,0,19-DEC-2017,
OPTSTK,BHARTIARTL,28-Dec-2017,610,PE,0,0,0,154.75,72.8,0,0,0,0,19-DEC-2017,
OPTSTK,BHARTIARTL,28-Dec-2017,620,PE,0,0,0,152.7,82.6,0,0,0,0,19-DEC-2017,
OPTSTK,BHARTIARTL,25-Jan-2018,350,CE,0,0,0,169.3,188.9,0,0,0,0,19-DEC-2017,
OPTSTK,BHARTIARTL,25-Jan-2018,360,CE,0,0,0,160.25,178.95,0,0,0,0,19-DEC-2017,
OPTSTK,BHARTIARTL,25-Jan-2018,370,CE,0,0,0,151.35,169.05,0,0,0,0,19-DEC-2017,
OPTSTK,BHARTIARTL,25-Jan-2018,380,CE,0,0,0,142.65,159.15,0,0,0,0,19-DEC-2017,
OPTSTK,BHARTIARTL,25-Jan-2018,390,CE,0,0,0,134.2,149.25,0,0,0,0,19-DEC-2017,
OPTSTK,BHARTIARTL,25-Jan-2018,400,CE,0,0,0,126,139.4,0,0,0,0,19-DEC-2017,
OPTSTK,BHARTIARTL,25-Jan-2018,410,CE,0,0,0,118,129.65,0,0,0,0,19-DEC-2017,
OPTSTK,BHARTIARTL,25-Jan-2018,420,CE,0,0,0,110.3,119.95,0,0,0,0,19-DEC-2017,
OPTSTK,BHARTIARTL,25-Jan-2018,430,CE,0,0,0,102.9,110.35,0,0,0,0,19-DEC-2017,
OPTSTK,BHARTIARTL,25-Jan-2018,440,CE,0,0,0,95.8,100.95,0,0,0,0,19-DEC-2017,
OPTSTK,BHARTIARTL,25-Jan-2018,450,CE,0,0,0,89,91.75,0,0,0,0,19-DEC-2017,
OPTSTK,BHARTIARTL,25-Jan-2018,460,CE,0,0,0,82.5,82.85,0,0,0,0,19-DEC-2017,
OPTSTK,BHARTIARTL,25-Jan-2018,470,CE,0,0,0,76.35,74.25,0,0,0,0,19-DEC-2017,
OPTSTK,BHARTIARTL,25-Jan-2018,480,CE,0,0,0,70.5,66.05,0,0,0,0,19-DEC-2017,
OPTSTK,BHARTIARTL,25-Jan-2018,490,CE,0,0,0,64.95,58.3,0,0,0,0,19-DEC-2017,
OPTSTK,BHARTIARTL,25-Jan-2018,500,CE,0,0,0,20.7,51.05,0,0,1700,0,19-DEC-2017,
OPTSTK,BHARTIARTL,25-Jan-2018,510,CE,0,0,0,24.75,44.3,0,0,3400,0,19-DEC-2017,
OPTSTK,BHARTIARTL,25-Jan-2018,520,CE,20.7,33.3,20.7,30.4,30.4,18,167.31,62900,11900,19-DEC-2017,
OPTSTK,BHARTIARTL,25-Jan-2018,530,CE,20,25.65,20,25.65,25.65,2,18.79,49300,3400,19-DEC-2017,
OPTSTK,BHARTIARTL,25-Jan-2018,540,CE,16.8,21,15.4,19.65,19.65,16,151.72,71400,22100,19-DEC-2017,
OPTSTK,BHARTIARTL,25-Jan-2018,550,CE,10.6,16,10.6,16,16,2,19.15,6800,1700,19-DEC-2017,
OPTSTK,BHARTIARTL,25-Jan-2018,560,CE,0,0,0,12.9,19.25,0,0,1700,0,19-DEC-2017,
OPTSTK,BHARTIARTL,25-Jan-2018,570,CE,4.5,7.6,4.5,7.6,7.6,3,29.4,5100,5100,19-DEC-2017,
OPTSTK,BHARTIARTL,25-Jan-2018,580,CE,5.4,5.4,5.4,5.4,5.4,1,9.95,1700,1700,19-DEC-2017,
OPTSTK,BHARTIARTL,25-Jan-2018,590,CE,3.8,3.8,3.8,3.8,3.8,2,20.18,3400,3400,19-DEC-2017,
OPTSTK,BHARTIARTL,25-Jan-2018,600,CE,3,4.05,3,3.9,3.9,33,338.74,52700,52700,19-DEC-2017,
OPTSTK,BHARTIARTL,25-Jan-2018,610,CE,0,0,0,21.45,6.75,0,0,0,0,19-DEC-2017,
OPTSTK,BHARTIARTL,25-Jan-2018,620,CE,1.9,1.9,1.9,1.9,1.9,1,10.57,1700,1700,19-DEC-2017,
OPTSTK,BHARTIARTL,25-Jan-2018,350,PE,0,0,0,2.5,0.05,0,0,0,0,19-DEC-2017,
OPTSTK,BHARTIARTL,25-Jan-2018,360,PE,0,0,0,3.3,0.05,0,0,0,0,19-DEC-2017,
OPTSTK,BHARTIARTL,25-Jan-2018,370,PE,0,0,0,4.25,0.05,0,0,0,0,19-DEC-2017,
OPTSTK,BHARTIARTL,25-Jan-2018,380,PE,0,0,0,5.4,0.05,0,0,0,0,19-DEC-2017,
OPTSTK,BHARTIARTL,25-Jan-2018,390,PE,0,0,0,6.8,0.15,0,0,0,0,19-DEC-2017,
OPTSTK,BHARTIARTL,25-Jan-2018,400,PE,0,0,0,8.4,0.2,0,0,0,0,19-DEC-2017,
OPTSTK,BHARTIARTL,25-Jan-2018,410,PE,0,0,0,10.3,0.35,0,0,0,0,19-DEC-2017,
OPTSTK,BHARTIARTL,25-Jan-2018,420,PE,0,0,0,12.45,0.6,0,0,0,0,19-DEC-2017,
OPTSTK,BHARTIARTL,25-Jan-2018,430,PE,0,0,0,14.9,0.95,0,0,0,0,19-DEC-2017,
OPTSTK,BHARTIARTL,25-Jan-2018,440,PE,0,0,0,17.6,1.5,0,0,0,0,19-DEC-2017,
OPTSTK,BHARTIARTL,25-Jan-2018,450,PE,1.4,1.4,1.4,1.4,1.4,2,15.34,10200,0,19-DEC-2017,
OPTSTK,BHARTIARTL,25-Jan-2018,460,PE,2.1,2.1,1.75,1.75,1.75,3,23.55,40800,-3400,19-DEC-2017,
OPTSTK,BHARTIARTL,25-Jan-2018,470,PE,0,0,0,4,4.6,0,0,1700,0,19-DEC-2017,
OPTSTK,BHARTIARTL,25-Jan-2018,480,PE,0,0,0,31.65,6.35,0,0,0,0,19-DEC-2017,
OPTSTK,BHARTIARTL,25-Jan-2018,490,PE,3.75,3.75,3.65,3.75,3.75,3,25.17,76500,3400,19-DEC-2017,
OPTSTK,BHARTIARTL,25-Jan-2018,500,PE,8.7,8.7,5.2,5.6,5.6,22,189.44,164900,15300,19-DEC-2017,
OPTSTK,BHARTIARTL,25-Jan-2018,510,PE,11,11,6.2,6.95,6.95,34,299.59,42500,34000,19-DEC-2017,
OPTSTK,BHARTIARTL,25-Jan-2018,520,PE,12.05,13.55,10,10.55,10.55,9,81.29,23800,8500,19-DEC-2017,
OPTSTK,BHARTIARTL,25-Jan-2018,530,PE,0,0,0,56.45,22.5,0,0,0,0,19-DEC-2017,
OPTSTK,BHARTIARTL,25-Jan-2018,540,PE,24,24,24,24,24,1,9.58,1700,1700,19-DEC-2017,
OPTSTK,BHARTIARTL,25-Jan-2018,550,PE,26.7,27.25,26.7,27.25,27.25,3,29.42,5100,5100,19-DEC-2017,
OPTSTK,BHARTIARTL,25-Jan-2018,560,PE,0,0,0,74.85,39,0,0,0,0,19-DEC-2017,
OPTSTK,BHARTIARTL,25-Jan-2018,570,PE,0,0,0,81.55,45.55,0,0,0,0,19-DEC-2017,
OPTSTK,BHARTIARTL,25-Jan-2018,580,PE,0,0,0,88.45,52.6,0,0,0,0,19-DEC-2017,
OPTSTK,BHARTIARTL,25-Jan-2018,590,PE,0,0,0,95.6,60.1,0,0,0,0,19-DEC-2017,
OPTSTK,BHARTIARTL,25-Jan-2018,600,PE,0,0,0,103,67.95,0,0,0,0,19-DEC-2017,
OPTSTK,BHARTIARTL,25-Jan-2018,610,PE,0,0,0,110.6,76.2,0,0,0,0,19-DEC-2017,
OPTSTK,BHARTIARTL,25-Jan-2018,620,PE,0,0,0,118.4,84.75,0,0,0,0,19-DEC-2017,
OPTSTK,BHARTIARTL,22-Feb-2018,350,CE,0,0,0,152.35,190.75,0,0,0,0,19-DEC-2017,
OPTSTK,BHARTIARTL,22-Feb-2018,360,CE,0,0,0,142.9,180.9,0,0,0,0,19-DEC-2017,
OPTSTK,BHARTIARTL,22-Feb-2018,370,CE,0,0,0,133.55,171.15,0,0,0,0,19-DEC-2017,
OPTSTK,BHARTIARTL,22-Feb-2018,380,CE,0,0,0,124.4,161.45,0,0,0,0,19-DEC-2017,
OPTSTK,BHARTIARTL,22-Feb-2018,390,CE,0,0,0,115.45,151.85,0,0,0,0,19-DEC-2017,
OPTSTK,BHARTIARTL,22-Feb-2018,400,CE,0,0,0,106.7,142.3,0,0,0,0,19-DEC-2017,
OPTSTK,BHARTIARTL,22-Feb-2018,410,CE,0,0,0,98.25,132.95,0,0,0,0,19-DEC-2017,
OPTSTK,BHARTIARTL,22-Feb-2018,420,CE,0,0,0,90.15,123.75,0,0,0,0,19-DEC-2017,
OPTSTK,BHARTIARTL,22-Feb-2018,430,CE,0,0,0,82.35,114.75,0,0,0,0,19-DEC-2017,
OPTSTK,BHARTIARTL,22-Feb-2018,440,CE,0,0,0,74.9,105.95,0,0,0,0,19-DEC-2017,
OPTSTK,BHARTIARTL,22-Feb-2018,450,CE,0,0,0,67.85,97.45,0,0,0,0,19-DEC-2017,
OPTSTK,BHARTIARTL,22-Feb-2018,460,CE,0,0,0,61.2,89.25,0,0,0,0,19-DEC-2017,
OPTSTK,BHARTIARTL,22-Feb-2018,470,CE,0,0,0,55,81.4,0,0,0,0,19-DEC-2017,
OPTSTK,BHARTIARTL,22-Feb-2018,480,CE,0,0,0,49.25,73.95,0,0,0,0,19-DEC-2017,
OPTSTK,BHARTIARTL,22-Feb-2018,490,CE,0,0,0,43.9,66.85,0,0,0,0,19-DEC-2017,
OPTSTK,BHARTIARTL,22-Feb-2018,500,CE,0,0,0,38.95,60.1,0,0,0,0,19-DEC-2017,
OPTSTK,BHARTIARTL,22-Feb-2018,510,CE,0,0,0,30,53.85,0,0,1700,0,19-DEC-2017,
OPTSTK,BHARTIARTL,22-Feb-2018,520,CE,0,0,0,30.35,48.05,0,0,0,0,19-DEC-2017,
OPTSTK,BHARTIARTL,22-Feb-2018,530,CE,0,0,0,26.6,42.65,0,0,0,0,19-DEC-2017,
OPTSTK,BHARTIARTL,22-Feb-2018,540,CE,0,0,0,23.25,37.75,0,0,0,0,19-DEC-2017,
OPTSTK,BHARTIARTL,22-Feb-2018,550,CE,0,0,0,20.25,33.2,0,0,0,0,19-DEC-2017,
OPTSTK,BHARTIARTL,22-Feb-2018,560,CE,0,0,0,17.6,29.1,0,0,0,0,19-DEC-2017,
OPTSTK,BHARTIARTL,22-Feb-2018,570,CE,0,0,0,15.25,25.4,0,0,0,0,19-DEC-2017,
OPTSTK,BHARTIARTL,22-Feb-2018,580,CE,0,0,0,13.15,22.1,0,0,1700,0,19-DEC-2017,
OPTSTK,BHARTIARTL,22-Feb-2018,590,CE,0,0,0,11.3,19.15,0,0,0,0,19-DEC-2017,
OPTSTK,BHARTIARTL,22-Feb-2018,600,CE,0,0,0,9.7,16.5,0,0,0,0,19-DEC-2017,
OPTSTK,BHARTIARTL,22-Feb-2018,610,CE,0,0,0,8.3,14.2,0,0,0,0,19-DEC-2017,
OPTSTK,BHARTIARTL,22-Feb-2018,620,CE,0,0,0,7.05,12.15,0,0,0,0,19-DEC-2017,
OPTSTK,BHARTIARTL,22-Feb-2018,350,PE,0,0,0,0.8,0.15,0,0,0,0,19-DEC-2017,
OPTSTK,BHARTIARTL,22-Feb-2018,360,PE,0,0,0,1.2,0.2,0,0,0,0,19-DEC-2017,
OPTSTK,BHARTIARTL,22-Feb-2018,370,PE,0,0,0,1.7,0.35,0,0,0,0,19-DEC-2017,
OPTSTK,BHARTIARTL,22-Feb-2018,380,PE,0,0,0,2.4,0.5,0,0,0,0,19-DEC-2017,
OPTSTK,BHARTIARTL,22-Feb-2018,390,PE,0,0,0,3.3,0.8,0,0,0,0,19-DEC-2017,
OPTSTK,BHARTIARTL,22-Feb-2018,400,PE,0,0,0,4.45,1.15,0,0,0,0,19-DEC-2017,
OPTSTK,BHARTIARTL,22-Feb-2018,410,PE,0,0,0,5.85,1.65,0,0,0,0,19-DEC-2017,
OPTSTK,BHARTIARTL,22-Feb-2018,420,PE,0,0,0,7.55,2.35,0,0,0,0,19-DEC-2017,
OPTSTK,BHARTIARTL,22-Feb-2018,430,PE,0,0,0,9.6,3.2,0,0,0,0,19-DEC-2017,
OPTSTK,BHARTIARTL,22-Feb-2018,440,PE,0,0,0,12.05,4.35,0,0,0,0,19-DEC-2017,
OPTSTK,BHARTIARTL,22-Feb-2018,450,PE,0,0,0,14.85,5.7,0,0,0,0,19-DEC-2017,
OPTSTK,BHARTIARTL,22-Feb-2018,460,PE,0,0,0,18.05,7.4,0,0,0,0,19-DEC-2017,
OPTSTK,BHARTIARTL,22-Feb-2018,470,PE,0,0,0,21.7,9.45,0,0,0,0,19-DEC-2017,
OPTSTK,BHARTIARTL,22-Feb-2018,480,PE,0,0,0,25.8,11.85,0,0,0,0,19-DEC-2017,
OPTSTK,BHARTIARTL,22-Feb-2018,490,PE,0,0,0,30.3,14.65,0,0,0,0,19-DEC-2017,
OPTSTK,BHARTIARTL,22-Feb-2018,500,PE,0,0,0,35.2,17.8,0,0,0,0,19-DEC-2017,
OPTSTK,BHARTIARTL,22-Feb-2018,510,PE,0,0,0,40.55,21.45,0,0,0,0,19-DEC-2017,
OPTSTK,BHARTIARTL,22-Feb-2018,520,PE,0,0,0,46.3,25.5,0,0,0,0,19-DEC-2017,
OPTSTK,BHARTIARTL,22-Feb-2018,530,PE,0,0,0,52.45,30.05,0,0,0,0,19-DEC-2017,
OPTSTK,BHARTIARTL,22-Feb-2018,540,PE,0,0,0,58.95,34.95,0,0,0,0,19-DEC-2017,
OPTSTK,BHARTIARTL,22-Feb-2018,550,PE,0,0,0,65.8,40.35,0,0,0,0,19-DEC-2017,
OPTSTK,BHARTIARTL,22-Feb-2018,560,PE,0,0,0,73,46.15,0,0,0,0,19-DEC-2017,
OPTSTK,BHARTIARTL,22-Feb-2018,570,PE,0,0,0,80.5,52.3,0,0,0,0,19-DEC-2017,
OPTSTK,BHARTIARTL,22-Feb-2018,580,PE,0,0,0,88.25,58.9,0,0,0,0,19-DEC-2017,
OPTSTK,BHARTIARTL,22-Feb-2018,590,PE,0,0,0,96.25,65.8,0,0,0,0,19-DEC-2017,
OPTSTK,BHARTIARTL,22-Feb-2018,600,PE,0,0,0,104.5,73.1,0,0,0,0,19-DEC-2017,
OPTSTK,BHARTIARTL,22-Feb-2018,610,PE,0,0,0,112.95,80.65,0,0,0,0,19-DEC-2017,
OPTSTK,BHARTIARTL,22-Feb-2018,620,PE,0,0,0,121.6,88.5,0,0,0,0,19-DEC-2017,
OPTSTK,BHEL,28-Dec-2017,57.5,CE,0,0,0,26.1,32.65,0,0,0,0,19-DEC-2017,
OPTSTK,BHEL,28-Dec-2017,60,CE,0,0,0,23.7,30.15,0,0,0,0,19-DEC-2017,
OPTSTK,BHEL,28-Dec-2017,62.5,CE,0,0,0,21.3,27.65,0,0,0,0,19-DEC-2017,
OPTSTK,BHEL,28-Dec-2017,65,CE,0,0,0,18.95,25.15,0,0,0,0,19-DEC-2017,
OPTSTK,BHEL,28-Dec-2017,67.5,CE,0,0,0,16.7,22.65,0,0,0,0,19-DEC-2017,
OPTSTK,BHEL,28-Dec-2017,70,CE,0,0,0,14.55,20.2,0,0,0,0,19-DEC-2017,
OPTSTK,BHEL,28-Dec-2017,72.5,CE,0,0,0,12.5,17.7,0,0,0,0,19-DEC-2017,
OPTSTK,BHEL,28-Dec-2017,75,CE,0,0,0,10.65,15.2,0,0,0,0,19-DEC-2017,
OPTSTK,BHEL,28-Dec-2017,77.5,CE,0,0,0,8.9,12.7,0,0,0,0,19-DEC-2017,
OPTSTK,BHEL,28-Dec-2017,80,CE,0,0,0,10.2,10.2,0,0,97500,0,19-DEC-2017,
OPTSTK,BHEL,28-Dec-2017,82.5,CE,0,0,0,8.15,7.75,0,0,15000,0,19-DEC-2017,
OPTSTK,BHEL,28-Dec-2017,85,CE,5.6,5.75,5.6,5.75,5.75,2,13.6,45000,0,19-DEC-2017,
OPTSTK,BHEL,28-Dec-2017,87.5,CE,3.5,4.1,3.5,3.6,3.6,6,41.08,135000,-7500,19-DEC-2017,
OPTSTK,BHEL,28-Dec-2017,90,CE,2.15,2.45,1.85,2,2,225,1553.71,1957500,0,19-DEC-2017,
OPTSTK,BHEL,28-Dec-2017,92.5,CE,1.1,1.35,1,1.05,1.05,252,1769.03,2212500,-37500,19-DEC-2017,
OPTSTK,BHEL,28-Dec-2017,95,CE,0.7,0.75,0.55,0.6,0.6,452,3242.11,6150000,225000,19-DEC-2017,
OPTSTK,BHEL,28-Dec-2017,97.5,CE,0.45,0.45,0.35,0.4,0.4,56,411.2,1230000,52500,19-DEC-2017,
OPTSTK,BHEL,28-Dec-2017,100,CE,0.35,0.35,0.25,0.3,0.3,321,2414.72,6922500,75000,19-DEC-2017,
OPTSTK,BHEL,28-Dec-2017,102.5,CE,0.15,0.25,0.15,0.15,0.15,20,154.05,292500,-7500,19-DEC-2017,
OPTSTK,BHEL,28-Dec-2017,105,CE,0.15,0.2,0.15,0.15,0.15,25,197.16,765000,30000,19-DEC-2017,
OPTSTK,BHEL,28-Dec-2017,107.5,CE,0,0,0,0.25,0,0,0,120000,0,19-DEC-2017,
OPTSTK,BHEL,28-Dec-2017,110,CE,0.1,0.15,0.1,0.1,0.1,10,82.58,1125000,0,19-DEC-2017,
OPTSTK,BHEL,28-Dec-2017,112.5,CE,0,0,0,0.2,0,0,0,45000,0,19-DEC-2017,
OPTSTK,BHEL,28-Dec-2017,115,CE,0,0,0,0.1,0,0,0,82500,0,19-DEC-2017,
OPTSTK,BHEL,28-Dec-2017,117.5,CE,0,0,0,0.2,0,0,0,15000,0,19-DEC-2017,
OPTSTK,BHEL,28-Dec-2017,120,CE,0,0,0,0.1,0,0,0,210000,0,19-DEC-2017,
OPTSTK,BHEL,28-Dec-2017,122.5,CE,0,0,0,0.7,0,0,0,0,0,19-DEC-2017,
OPTSTK,BHEL,28-Dec-2017,125,CE,0,0,0,0.05,0,0,0,0,0,19-DEC-2017,
OPTSTK,BHEL,28-Dec-2017,57.5,PE,0,0,0,0.05,0,0,0,0,0,19-DEC-2017,
OPTSTK,BHEL,28-Dec-2017,60,PE,0,0,0,0.1,0,0,0,0,0,19-DEC-2017,
OPTSTK,BHEL,28-Dec-2017,62.5,PE,0,0,0,0.15,0,0,0,0,0,19-DEC-2017,
OPTSTK,BHEL,28-Dec-2017,65,PE,0,0,0,0.3,0,0,0,0,0,19-DEC-2017,
OPTSTK,BHEL,28-Dec-2017,67.5,PE,0,0,0,0.05,0,0,0,7500,0,19-DEC-2017,
OPTSTK,BHEL,28-Dec-2017,70,PE,0.05,0.05,0.05,0.05,0.05,2,10.5,22500,0,19-DEC-2017,
OPTSTK,BHEL,28-Dec-2017,72.5,PE,0,0,0,1.25,0,0,0,0,0,19-DEC-2017,
OPTSTK,BHEL,28-Dec-2017,75,PE,0,0,0,0.1,0,0,0,142500,0,19-DEC-2017,
OPTSTK,BHEL,28-Dec-2017,77.5,PE,0.1,0.1,0.1,0.1,0.1,5,29.1,172500,0,19-DEC-2017,
OPTSTK,BHEL,28-Dec-2017,80,PE,0.2,0.25,0.15,0.15,0.15,45,270.57,765000,7500,19-DEC-2017,
OPTSTK,BHEL,28-Dec-2017,82.5,PE,0.25,0.25,0.2,0.2,0.2,9,55.83,277500,-15000,19-DEC-2017,
OPTSTK,BHEL,28-Dec-2017,85,PE,0.6,0.6,0.35,0.35,0.35,132,845.7,1365000,-22500,19-DEC-2017,
OPTSTK,BHEL,28-Dec-2017,87.5,PE,0.95,1.05,0.7,0.75,0.75,42,278.23,607500,-37500,19-DEC-2017,
OPTSTK,BHEL,28-Dec-2017,90,PE,2.05,2.1,1.45,1.6,1.6,127,873.91,1357500,285000,19-DEC-2017,
OPTSTK,BHEL,28-Dec-2017,92.5,PE,3.5,3.5,3,3,3,7,50.23,337500,-30000,19-DEC-2017,
OPTSTK,BHEL,28-Dec-2017,95,PE,5.25,5.25,5.25,5.25,5.25,1,7.51,750000,0,19-DEC-2017,
OPTSTK,BHEL,28-Dec-2017,97.5,PE,0,0,0,5.6,7.4,0,0,37500,0,19-DEC-2017,
OPTSTK,BHEL,28-Dec-2017,100,PE,0,0,0,10.5,9.85,0,0,952500,0,19-DEC-2017,
OPTSTK,BHEL,28-Dec-2017,102.5,PE,0,0,0,10.5,12.3,0,0,15000,0,19-DEC-2017,
OPTSTK,BHEL,28-Dec-2017,105,PE,0,0,0,13,14.8,0,0,142500,0,19-DEC-2017,
OPTSTK,BHEL,28-Dec-2017,107.5,PE,0,0,0,15.25,17.3,0,0,22500,0,19-DEC-2017,
OPTSTK,BHEL,28-Dec-2017,110,PE,19.4,19.4,19.4,19.4,19.4,1,9.7,255000,-7500,19-DEC-2017,
OPTSTK,BHEL,28-Dec-2017,112.5,PE,0,0,0,19.15,22.3,0,0,75000,0,19-DEC-2017,
OPTSTK,BHEL,28-Dec-2017,115,PE,0,0,0,24,24.8,0,0,45000,0,19-DEC-2017,
OPTSTK,BHEL,28-Dec-2017,117.5,PE,0,0,0,23.55,27.3,0,0,45000,0,19-DEC-2017,
OPTSTK,BHEL,28-Dec-2017,120,PE,0,0,0,26,29.8,0,0,60000,0,19-DEC-2017,
OPTSTK,BHEL,28-Dec-2017,122.5,PE,0,0,0,38,32.3,0,0,0,0,19-DEC-2017,
OPTSTK,BHEL,28-Dec-2017,125,PE,0,0,0,40.45,34.8,0,0,0,0,19-DEC-2017,
OPTSTK,BHEL,25-Jan-2018,57.5,CE,0,0,0,40,32.95,0,0,0,0,19-DEC-2017,
OPTSTK,BHEL,25-Jan-2018,60,CE,0,0,0,37.55,30.45,0,0,0,0,19-DEC-2017,
OPTSTK,BHEL,25-Jan-2018,62.5,CE,0,0,0,35.15,28,0,0,0,0,19-DEC-2017,
OPTSTK,BHEL,25-Jan-2018,65,CE,0,0,0,32.7,25.5,0,0,0,0,19-DEC-2017,
OPTSTK,BHEL,25-Jan-2018,67.5,CE,0,0,0,30.35,23,0,0,0,0,19-DEC-2017,
OPTSTK,BHEL,25-Jan-2018,70,CE,0,0,0,28,20.55,0,0,0,0,19-DEC-2017,
OPTSTK,BHEL,25-Jan-2018,72.5,CE,0,0,0,25.75,18.05,0,0,0,0,19-DEC-2017,
OPTSTK,BHEL,25-Jan-2018,75,CE,0,0,0,23.5,15.65,0,0,0,0,19-DEC-2017,
OPTSTK,BHEL,25-Jan-2018,77.5,CE,0,0,0,21.35,13.25,0,0,0,0,19-DEC-2017,
OPTSTK,BHEL,25-Jan-2018,80,CE,0,0,0,19.3,11,0,0,0,0,19-DEC-2017,
OPTSTK,BHEL,25-Jan-2018,82.5,CE,0,0,0,17.35,8.85,0,0,0,0,19-DEC-2017,
OPTSTK,BHEL,25-Jan-2018,85,CE,0,0,0,15.5,6.9,0,0,0,0,19-DEC-2017,
OPTSTK,BHEL,25-Jan-2018,87.5,CE,0,0,0,13.8,5.25,0,0,0,0,19-DEC-2017,
OPTSTK,BHEL,25-Jan-2018,90,CE,4.05,4.6,4.05,4.6,4.6,3,21.2,60000,22500,19-DEC-2017,
OPTSTK,BHEL,25-Jan-2018,92.5,CE,0,0,0,10.7,2.7,0,0,0,0,19-DEC-2017,
OPTSTK,BHEL,25-Jan-2018,95,CE,2.5,2.7,2.4,2.65,2.65,30,219.42,435000,172500,19-DEC-2017,
OPTSTK,BHEL,25-Jan-2018,97.5,CE,0,0,0,8.15,1.2,0,0,0,0,19-DEC-2017,
OPTSTK,BHEL,25-Jan-2018,100,CE,1.35,1.5,1.25,1.35,1.35,10,76.06,172500,45000,19-DEC-2017,
OPTSTK,BHEL,25-Jan-2018,102.5,CE,0,0,0,6.05,0.5,0,0,0,0,19-DEC-2017,
OPTSTK,BHEL,25-Jan-2018,105,CE,0,0,0,0.95,0.3,0,0,22500,0,19-DEC-2017,
OPTSTK,BHEL,25-Jan-2018,107.5,CE,0,0,0,4.45,0.15,0,0,0,0,19-DEC-2017,
OPTSTK,BHEL,25-Jan-2018,110,CE,0,0,0,0.55,0.1,0,0,22500,0,19-DEC-2017,
OPTSTK,BHEL,25-Jan-2018,112.5,CE,0,0,0,3.2,0.05,0,0,0,0,19-DEC-2017,
OPTSTK,BHEL,25-Jan-2018,115,CE,0,0,0,2.7,0.05,0,0,0,0,19-DEC-2017,
OPTSTK,BHEL,25-Jan-2018,117.5,CE,0,0,0,2.25,0.05,0,0,0,0,19-DEC-2017,
OPTSTK,BHEL,25-Jan-2018,120,CE,0,0,0,1.9,0.05,0,0,0,0,19-DEC-2017,
OPTSTK,BHEL,25-Jan-2018,122.5,CE,0,0,0,1.55,0,0,0,0,0,19-DEC-2017,
OPTSTK,BHEL,25-Jan-2018,125,CE,0,0,0,1.3,0,0,0,0,0,19-DEC-2017,
OPTSTK,BHEL,25-Jan-2018,57.5,PE,0,0,0,0.05,0,0,0,0,0,19-DEC-2017,
OPTSTK,BHEL,25-Jan-2018,60,PE,0,0,0,0.05,0,0,0,0,0,19-DEC-2017,
OPTSTK,BHEL,25-Jan-2018,62.5,PE,0,0,0,0.1,0,0,0,0,0,19-DEC-2017,
OPTSTK,BHEL,25-Jan-2018,65,PE,0,0,0,0.15,0,0,0,0,0,19-DEC-2017,
OPTSTK,BHEL,25-Jan-2018,67.5,PE,0,0,0,0.25,0,0,0,0,0,19-DEC-2017,
OPTSTK,BHEL,25-Jan-2018,70,PE,0,0,0,0.35,0.05,0,0,0,0,19-DEC-2017,
OPTSTK,BHEL,25-Jan-2018,72.5,PE,0,0,0,0.55,0.05,0,0,0,0,19-DEC-2017,
OPTSTK,BHEL,25-Jan-2018,75,PE,0,0,0,0.8,0.1,0,0,0,0,19-DEC-2017,
OPTSTK,BHEL,25-Jan-2018,77.5,PE,0,0,0,1.1,0.2,0,0,0,0,19-DEC-2017,
OPTSTK,BHEL,25-Jan-2018,80,PE,0,0,0,0.9,0.4,0,0,435000,0,19-DEC-2017,
OPTSTK,BHEL,25-Jan-2018,82.5,PE,0,0,0,2,0.75,0,0,0,0,19-DEC-2017,
OPTSTK,BHEL,25-Jan-2018,85,PE,0,0,0,1.95,1.3,0,0,120000,0,19-DEC-2017,
OPTSTK,BHEL,25-Jan-2018,87.5,PE,2.45,2.55,2.45,2.5,2.5,12,81,127500,90000,19-DEC-2017,
OPTSTK,BHEL,25-Jan-2018,90,PE,3.55,3.55,3.5,3.5,3.5,3,21.04,165000,22500,19-DEC-2017,
OPTSTK,BHEL,25-Jan-2018,92.5,PE,4.55,4.55,4.55,4.55,4.55,1,7.27,7500,7500,19-DEC-2017,
OPTSTK,BHEL,25-Jan-2018,95,PE,6.35,6.35,6.35,6.35,6.35,1,7.6,7500,7500,19-DEC-2017,
OPTSTK,BHEL,25-Jan-2018,97.5,PE,0,0,0,7.55,8.05,0,0,0,0,19-DEC-2017,
OPTSTK,BHEL,25-Jan-2018,100,PE,0,0,0,8.9,10.05,0,0,0,0,19-DEC-2017,
OPTSTK,BHEL,25-Jan-2018,102.5,PE,0,0,0,13,12.25,0,0,7500,0,19-DEC-2017,
OPTSTK,BHEL,25-Jan-2018,105,PE,0,0,0,12,14.55,0,0,0,0,19-DEC-2017,
OPTSTK,BHEL,25-Jan-2018,107.5,PE,0,0,0,13.7,16.9,0,0,0,0,19-DEC-2017,
OPTSTK,BHEL,25-Jan-2018,110,PE,19.2,19.2,19.2,19.2,19.2,1,9.69,7500,7500,19-DEC-2017,
OPTSTK,BHEL,25-Jan-2018,112.5,PE,0,0,0,17.35,21.8,0,0,0,0,19-DEC-2017,
OPTSTK,BHEL,25-Jan-2018,115,PE,0,0,0,19.3,24.25,0,0,0,0,19-DEC-2017,
OPTSTK,BHEL,25-Jan-2018,117.5,PE,0,0,0,21.35,26.7,0,0,0,0,19-DEC-2017,
OPTSTK,BHEL,25-Jan-2018,120,PE,0,0,0,23.45,29.2,0,0,0,0,19-DEC-2017,
OPTSTK,BHEL,25-Jan-2018,122.5,PE,0,0,0,25.6,31.7,0,0,0,0,19-DEC-2017,
OPTSTK,BHEL,25-Jan-2018,125,PE,0,0,0,27.8,34.15,0,0,0,0,19-DEC-2017,
OPTSTK,BHEL,22-Feb-2018,57.5,CE,0,0,0,35.4,33.25,0,0,0,0,19-DEC-2017,
OPTSTK,BHEL,22-Feb-2018,60,CE,0,0,0,32.95,30.75,0,0,0,0,19-DEC-2017,
OPTSTK,BHEL,22-Feb-2018,62.5,CE,0,0,0,30.55,28.3,0,0,0,0,19-DEC-2017,
OPTSTK,BHEL,22-Feb-2018,65,CE,0,0,0,28.15,25.8,0,0,0,0,19-DEC-2017,
OPTSTK,BHEL,22-Feb-2018,67.5,CE,0,0,0,25.85,23.35,0,0,0,0,19-DEC-2017,
OPTSTK,BHEL,22-Feb-2018,70,CE,0,0,0,23.55,20.95,0,0,0,0,19-DEC-2017,
OPTSTK,BHEL,22-Feb-2018,72.5,CE,0,0,0,21.35,18.55,0,0,0,0,19-DEC-2017,
OPTSTK,BHEL,22-Feb-2018,75,CE,0,0,0,19.2,16.25,0,0,0,0,19-DEC-2017,
OPTSTK,BHEL,22-Feb-2018,77.5,CE,0,0,0,17.2,14,0,0,0,0,19-DEC-2017,
OPTSTK,BHEL,22-Feb-2018,80,CE,0,0,0,15.3,11.9,0,0,0,0,19-DEC-2017,
OPTSTK,BHEL,22-Feb-2018,82.5,CE,0,0,0,13.5,9.9,0,0,0,0,19-DEC-2017,
OPTSTK,BHEL,22-Feb-2018,85,CE,0,0,0,11.8,8.15,0,0,0,0,19-DEC-2017,
OPTSTK,BHEL,22-Feb-2018,87.5,CE,0,0,0,10.3,6.55,0,0,0,0,19-DEC-2017,
OPTSTK,BHEL,22-Feb-2018,90,CE,0,0,0,8.9,5.2,0,0,0,0,19-DEC-2017,
OPTSTK,BHEL,22-Feb-2018,92.5,CE,0,0,0,7.65,4,0,0,0,0,19-DEC-2017,
OPTSTK,BHEL,22-Feb-2018,95,CE,0,0,0,6.55,3.05,0,0,0,0,19-DEC-2017,
OPTSTK,BHEL,22-Feb-2018,97.5,CE,0,0,0,5.55,2.3,0,0,0,0,19-DEC-2017,
OPTSTK,BHEL,22-Feb-2018,100,CE,0,0,0,4.7,1.7,0,0,0,0,19-DEC-2017,
OPTSTK,BHEL,22-Feb-2018,102.5,CE,0,0,0,3.95,1.2,0,0,0,0,19-DEC-2017,
OPTSTK,BHEL,22-Feb-2018,105,CE,0,0,0,3.3,0.85,0,0,0,0,19-DEC-2017,
OPTSTK,BHEL,22-Feb-2018,107.5,CE,0,0,0,2.75,0.6,0,0,0,0,19-DEC-2017,
OPTSTK,BHEL,22-Feb-2018,110,CE,0,0,0,2.25,0.45,0,0,0,0,19-DEC-2017,
OPTSTK,BHEL,22-Feb-2018,112.5,CE,0,0,0,1.85,0.3,0,0,0,0,19-DEC-2017,
OPTSTK,BHEL,22-Feb-2018,115,CE,0,0,0,1.55,0.2,0,0,0,0,19-DEC-2017,
OPTSTK,BHEL,22-Feb-2018,117.5,CE,0,0,0,1.25,0.15,0,0,0,0,19-DEC-2017,
OPTSTK,BHEL,22-Feb-2018,120,CE,0,0,0,1,0.1,0,0,0,0,19-DEC-2017,
OPTSTK,BHEL,22-Feb-2018,122.5,CE,0,0,0,0.85,0.05,0,0,0,0,19-DEC-2017,
OPTSTK,BHEL,22-Feb-2018,125,CE,0,0,0,0.65,0.05,0,0,0,0,19-DEC-2017,
OPTSTK,BHEL,22-Feb-2018,57.5,PE,0,0,0,0.05,0,0,0,0,0,19-DEC-2017,
OPTSTK,BHEL,22-Feb-2018,60,PE,0,0,0,0.1,0,0,0,0,0,19-DEC-2017,
OPTSTK,BHEL,22-Feb-2018,62.5,PE,0,0,0,0.15,0,0,0,0,0,19-DEC-2017,
OPTSTK,BHEL,22-Feb-2018,65,PE,0,0,0,0.2,0.05,0,0,0,0,19-DEC-2017,
OPTSTK,BHEL,22-Feb-2018,67.5,PE,0,0,0,0.35,0.05,0,0,0,0,19-DEC-2017,
OPTSTK,BHEL,22-Feb-2018,70,PE,0,0,0,0.55,0.1,0,0,0,0,19-DEC-2017,
OPTSTK,BHEL,22-Feb-2018,72.5,PE,0,0,0,0.8,0.2,0,0,0,0,19-DEC-2017,
OPTSTK,BHEL,22-Feb-2018,75,PE,0,0,0,1.1,0.3,0,0,0,0,19-DEC-2017,
OPTSTK,BHEL,22-Feb-2018,77.5,PE,0,0,0,1.55,0.55,0,0,0,0,19-DEC-2017,
OPTSTK,BHEL,22-Feb-2018,80,PE,0,0,0,2.1,0.9,0,0,0,0,19-DEC-2017,
OPTSTK,BHEL,22-Feb-2018,82.5,PE,0,0,0,2.8,1.4,0,0,0,0,19-DEC-2017,
OPTSTK,BHEL,22-Feb-2018,85,PE,0,0,0,3.6,2.1,0,0,0,0,19-DEC-2017,
OPTSTK,BHEL,22-Feb-2018,87.5,PE,0,0,0,4.55,3,0,0,0,0,19-DEC-2017,
OPTSTK,BHEL,22-Feb-2018,90,PE,0,0,0,5.6,4.1,0,0,0,0,19-DEC-2017,
OPTSTK,BHEL,22-Feb-2018,92.5,PE,0,0,0,6.8,5.4,0,0,0,0,19-DEC-2017,
OPTSTK,BHEL,22-Feb-2018,95,PE,0,0,0,8.15,6.95,0,0,0,0,19-DEC-2017,
OPTSTK,BHEL,22-Feb-2018,97.5,PE,0,0,0,9.65,8.65,0,0,0,0,19-DEC-2017,
OPTSTK,BHEL,22-Feb-2018,100,PE,0,0,0,11.25,10.5,0,0,0,0,19-DEC-2017,
OPTSTK,BHEL,22-Feb-2018,102.5,PE,0,0,0,12.95,12.5,0,0,0,0,19-DEC-2017,
OPTSTK,BHEL,22-Feb-2018,105,PE,0,0,0,14.75,14.6,0,0,0,0,19-DEC-2017,
OPTSTK,BHEL,22-Feb-2018,107.5,PE,0,0,0,16.7,16.85,0,0,0,0,19-DEC-2017,
OPTSTK,BHEL,22-Feb-2018,110,PE,0,0,0,18.65,19.1,0,0,0,0,19-DEC-2017,
OPTSTK,BHEL,22-Feb-2018,112.5,PE,0,0,0,20.75,21.45,0,0,0,0,19-DEC-2017,
OPTSTK,BHEL,22-Feb-2018,115,PE,0,0,0,22.85,23.85,0,0,0,0,19-DEC-2017,
OPTSTK,BHEL,22-Feb-2018,117.5,PE,0,0,0,25.05,26.25,0,0,0,0,19-DEC-2017,
OPTSTK,BHEL,22-Feb-2018,120,PE,0,0,0,27.25,28.7,0,0,0,0,19-DEC-2017,
OPTSTK,BHEL,22-Feb-2018,122.5,PE,0,0,0,29.55,31.1,0,0,0,0,19-DEC-2017,
OPTSTK,BHEL,22-Feb-2018,125,PE,0,0,0,31.85,33.6,0,0,0,0,19-DEC-2017,
OPTSTK,BIOCON,28-Dec-2017,260,CE,0,0,0,77.15,278.25,0,0,0,0,19-DEC-2017,
OPTSTK,BIOCON,28-Dec-2017,270,CE,0,0,0,68.7,268.3,0,0,0,0,19-DEC-2017,
OPTSTK,BIOCON,28-Dec-2017,280,CE,0,0,0,60.7,258.3,0,0,0,0,19-DEC-2017,
OPTSTK,BIOCON,28-Dec-2017,290,CE,0,0,0,53.15,248.3,0,0,0,0,19-DEC-2017,
OPTSTK,BIOCON,28-Dec-2017,300,CE,0,0,0,46.2,238.35,0,0,0,0,19-DEC-2017,
OPTSTK,BIOCON,28-Dec-2017,310,CE,0,0,0,39.8,228.35,0,0,0,0,19-DEC-2017,
OPTSTK,BIOCON,28-Dec-2017,320,CE,0,0,0,34.05,218.35,0,0,0,0,19-DEC-2017,
OPTSTK,BIOCON,28-Dec-2017,330,CE,0,0,0,28.85,208.4,0,0,0,0,19-DEC-2017,
OPTSTK,BIOCON,28-Dec-2017,340,CE,0,0,0,91,198.4,0,0,12600,0,19-DEC-2017,
OPTSTK,BIOCON,28-Dec-2017,350,CE,0,0,0,83,188.4,0,0,1800,0,19-DEC-2017,
OPTSTK,BIOCON,28-Dec-2017,360,CE,0,0,0,79,178.45,0,0,3600,0,19-DEC-2017,
OPTSTK,BIOCON,28-Dec-2017,370,CE,0,0,0,116.15,168.45,0,0,7200,0,19-DEC-2017,
OPTSTK,BIOCON,28-Dec-2017,380,CE,0,0,0,106,158.45,0,0,5400,0,19-DEC-2017,
OPTSTK,BIOCON,28-Dec-2017,390,CE,0,0,0,39,148.5,0,0,5400,0,19-DEC-2017,
OPTSTK,BIOCON,28-Dec-2017,400,CE,0,0,0,121.55,138.5,0,0,41400,0,19-DEC-2017,
OPTSTK,BIOCON,28-Dec-2017,410,CE,0,0,0,100,128.55,0,0,21600,0,19-DEC-2017,
OPTSTK,BIOCON,28-Dec-2017,420,CE,0,0,0,102.4,118.6,0,0,37800,0,19-DEC-2017,
OPTSTK,BIOCON,28-Dec-2017,430,CE,103,107.05,103,107.05,107.05,5,48.15,32400,-9000,19-DEC-2017,
OPTSTK,BIOCON,28-Dec-2017,440,CE,78.35,93,77.8,93,93,14,131.24,66600,-16200,19-DEC-2017,
OPTSTK,BIOCON,28-Dec-2017,450,CE,68.45,92,67.75,87.05,87.05,19,179.1,181800,-10800,19-DEC-2017,
OPTSTK,BIOCON,28-Dec-2017,460,CE,59,59,58.95,58.95,58.95,2,18.68,72000,-1800,19-DEC-2017,
OPTSTK,BIOCON,28-Dec-2017,470,CE,53,53,53,53,53,1,9.41,34200,0,19-DEC-2017,
OPTSTK,BIOCON,28-Dec-2017,480,CE,39,40.75,38.9,39.95,39.95,7,65.48,72000,-3600,19-DEC-2017,
OPTSTK,BIOCON,28-Dec-2017,490,CE,31.35,48.35,30,48.35,48.35,17,161.61,154800,-9000,19-DEC-2017,
OPTSTK,BIOCON,28-Dec-2017,500,CE,24,39.1,20.5,38.7,38.7,63,603.28,343800,-14400,19-DEC-2017,
OPTSTK,BIOCON,28-Dec-2017,510,CE,14,30.3,14,29.6,29.6,49,471.62,124200,-12600,19-DEC-2017,
OPTSTK,BIOCON,28-Dec-2017,520,CE,10.65,22,8.45,21.3,21.3,574,5536,336600,-217800,19-DEC-2017,
OPTSTK,BIOCON,28-Dec-2017,530,CE,6.85,14.9,5.3,13.9,13.9,1228,11976.23,426600,46800,19-DEC-2017,
OPTSTK,BIOCON,28-Dec-2017,540,CE,4.25,10.2,3.15,9.35,9.35,1258,12403.52,653400,365400,19-DEC-2017,
OPTSTK,BIOCON,28-Dec-2017,550,CE,2.5,6.5,1.8,5.85,5.85,679,6781.06,486000,228600,19-DEC-2017,
OPTSTK,BIOCON,28-Dec-2017,560,CE,1.5,4,1.1,3.2,3.2,498,5046.38,401400,201600,19-DEC-2017,
OPTSTK,BIOCON,28-Dec-2017,570,CE,1,2.4,0.9,1.8,1.8,71,730.68,154800,30600,19-DEC-2017,
OPTSTK,BIOCON,28-Dec-2017,580,CE,0.7,1.45,0.5,1.3,1.3,64,669.57,210600,1800,19-DEC-2017,
OPTSTK,BIOCON,28-Dec-2017,590,CE,0.4,1.15,0.3,0.8,0.8,7,74.42,18000,-1800,19-DEC-2017,
OPTSTK,BIOCON,28-Dec-2017,600,CE,0,0,0,16.55,4.05,0,0,0,0,19-DEC-2017,
OPTSTK,BIOCON,28-Dec-2017,260,PE,0,0,0,2.8,0,0,0,0,0,19-DEC-2017,
OPTSTK,BIOCON,28-Dec-2017,270,PE,0,0,0,4.15,0,0,0,0,0,19-DEC-2017,
OPTSTK,BIOCON,28-Dec-2017,280,PE,0,0,0,5.95,0,0,0,0,0,19-DEC-2017,
OPTSTK,BIOCON,28-Dec-2017,290,PE,0,0,0,8.3,0,0,0,0,0,19-DEC-2017,
OPTSTK,BIOCON,28-Dec-2017,300,PE,0,0,0,11.15,0,0,0,0,0,19-DEC-2017,
OPTSTK,BIOCON,28-Dec-2017,310,PE,0,0,0,14.65,0,0,0,0,0,19-DEC-2017,
OPTSTK,BIOCON,28-Dec-2017,320,PE,0,0,0,0.4,0,0,0,7200,0,19-DEC-2017,
OPTSTK,BIOCON,28-Dec-2017,330,PE,0,0,0,0.15,0,0,0,14400,0,19-DEC-2017,
OPTSTK,BIOCON,28-Dec-2017,340,PE,0,0,0,1.4,0,0,0,5400,0,19-DEC-2017,
OPTSTK,BIOCON,28-Dec-2017,350,PE,0,0,0,0.15,0,0,0,23400,0,19-DEC-2017,
OPTSTK,BIOCON,28-Dec-2017,360,PE,0.15,0.15,0.1,0.1,0.1,2,12.96,16200,-3600,19-DEC-2017,
OPTSTK,BIOCON,28-Dec-2017,370,PE,0,0,0,0.2,0,0,0,81000,0,19-DEC-2017,
OPTSTK,BIOCON,28-Dec-2017,380,PE,0.1,0.1,0.1,0.1,0.1,3,20.52,48600,0,19-DEC-2017,
OPTSTK,BIOCON,28-Dec-2017,390,PE,0,0,0,0.3,0.05,0,0,37800,0,19-DEC-2017,
OPTSTK,BIOCON,28-Dec-2017,400,PE,0.3,0.3,0.25,0.3,0.3,38,273.8,351000,-48600,19-DEC-2017,
OPTSTK,BIOCON,28-Dec-2017,410,PE,0.25,0.3,0.25,0.3,0.3,11,81.23,55800,-18000,19-DEC-2017,
OPTSTK,BIOCON,28-Dec-2017,420,PE,0.35,0.35,0.3,0.35,0.35,6,45.39,73800,-10800,19-DEC-2017,
OPTSTK,BIOCON,28-Dec-2017,430,PE,0.55,0.55,0.45,0.55,0.55,13,100.74,104400,1800,19-DEC-2017,
OPTSTK,BIOCON,28-Dec-2017,440,PE,0.95,0.95,0.4,0.45,0.45,23,182.45,117000,-25200,19-DEC-2017,
OPTSTK,BIOCON,28-Dec-2017,450,PE,1,1,0.55,0.65,0.65,60,486.81,257400,1800,19-DEC-2017,
OPTSTK,BIOCON,28-Dec-2017,460,PE,1,1.2,0.65,0.7,0.7,80,663.61,225000,-30600,19-DEC-2017,
OPTSTK,BIOCON,28-Dec-2017,470,PE,1.3,1.55,0.7,0.75,0.75,72,610.39,262800,-23400,19-DEC-2017,
OPTSTK,BIOCON,28-Dec-2017,480,PE,2.35,2.35,0.95,1,1,160,1386.2,352800,-61200,19-DEC-2017,
OPTSTK,BIOCON,28-Dec-2017,490,PE,2.35,2.75,1.05,1.2,1.2,122,1079.69,270000,-9000,19-DEC-2017,
OPTSTK,BIOCON,28-Dec-2017,500,PE,4.45,4.55,1.5,1.65,1.65,380,3437.46,662400,160200,19-DEC-2017,
OPTSTK,BIOCON,28-Dec-2017,510,PE,6.9,7.1,2.35,2.55,2.55,223,2061.97,286200,118800,19-DEC-2017,
OPTSTK,BIOCON,28-Dec-2017,520,PE,10.1,13.65,3.7,4.05,4.05,337,3188.17,352800,66600,19-DEC-2017,
OPTSTK,BIOCON,28-Dec-2017,530,PE,17.25,19.45,6.15,6.75,6.75,343,3323.74,331200,291600,19-DEC-2017,
OPTSTK,BIOCON,28-Dec-2017,540,PE,21.75,21.75,10.8,11.65,11.65,27,268.45,54000,34200,19-DEC-2017,
OPTSTK,BIOCON,28-Dec-2017,550,PE,0,0,0,141.55,27.75,0,0,0,0,19-DEC-2017,
OPTSTK,BIOCON,28-Dec-2017,560,PE,0,0,0,38.75,34.1,0,0,5400,0,19-DEC-2017,
OPTSTK,BIOCON,28-Dec-2017,570,PE,0,0,0,136.7,41.1,0,0,0,0,19-DEC-2017,
OPTSTK,BIOCON,28-Dec-2017,580,PE,0,0,0,131.45,48.7,0,0,0,0,19-DEC-2017,
OPTSTK,BIOCON,28-Dec-2017,590,PE,0,0,0,141.1,56.8,0,0,0,0,19-DEC-2017,
OPTSTK,BIOCON,28-Dec-2017,600,PE,0,0,0,101.35,65.3,0,0,0,0,19-DEC-2017,
OPTSTK,BIOCON,25-Jan-2018,260,CE,0,0,0,113.3,279.55,0,0,0,0,19-DEC-2017,
OPTSTK,BIOCON,25-Jan-2018,270,CE,0,0,0,104,269.65,0,0,0,0,19-DEC-2017,
OPTSTK,BIOCON,25-Jan-2018,280,CE,0,0,0,95,259.7,0,0,0,0,19-DEC-2017,
OPTSTK,BIOCON,25-Jan-2018,290,CE,0,0,0,86.2,249.8,0,0,0,0,19-DEC-2017,
OPTSTK,BIOCON,25-Jan-2018,300,CE,0,0,0,77.8,239.85,0,0,0,0,19-DEC-2017,
OPTSTK,BIOCON,25-Jan-2018,310,CE,0,0,0,69.8,229.95,0,0,0,0,19-DEC-2017,
OPTSTK,BIOCON,25-Jan-2018,320,CE,0,0,0,62.25,220.1,0,0,0,0,19-DEC-2017,
OPTSTK,BIOCON,25-Jan-2018,330,CE,0,0,0,55.15,210.2,0,0,0,0,19-DEC-2017,
OPTSTK,BIOCON,25-Jan-2018,340,CE,0,0,0,48.55,200.4,0,0,0,0,19-DEC-2017,
OPTSTK,BIOCON,25-Jan-2018,350,CE,0,0,0,42.5,190.65,0,0,0,0,19-DEC-2017,
OPTSTK,BIOCON,25-Jan-2018,360,CE,0,0,0,36.95,180.95,0,0,0,0,19-DEC-2017,
OPTSTK,BIOCON,25-Jan-2018,370,CE,0,0,0,31.95,171.3,0,0,0,0,19-DEC-2017,
OPTSTK,BIOCON,25-Jan-2018,380,CE,0,0,0,27.5,161.8,0,0,0,0,19-DEC-2017,
OPTSTK,BIOCON,25-Jan-2018,390,CE,0,0,0,23.5,152.45,0,0,0,0,19-DEC-2017,
OPTSTK,BIOCON,25-Jan-2018,400,CE,0,0,0,20,143.25,0,0,0,0,19-DEC-2017,
OPTSTK,BIOCON,25-Jan-2018,410,CE,0,0,0,16.9,134.2,0,0,0,0,19-DEC-2017,
OPTSTK,BIOCON,25-Jan-2018,420,CE,0,0,0,14.25,125.4,0,0,0,0,19-DEC-2017,
OPTSTK,BIOCON,25-Jan-2018,430,CE,0,0,0,11.95,116.85,0,0,0,0,19-DEC-2017,
OPTSTK,BIOCON,25-Jan-2018,440,CE,0,0,0,10,108.5,0,0,0,0,19-DEC-2017,
OPTSTK,BIOCON,25-Jan-2018,450,CE,0,0,0,8.3,100.5,0,0,0,0,19-DEC-2017,
OPTSTK,BIOCON,25-Jan-2018,460,CE,0,0,0,6.85,92.8,0,0,0,0,19-DEC-2017,
OPTSTK,BIOCON,25-Jan-2018,470,CE,0,0,0,5.65,85.45,0,0,0,0,19-DEC-2017,
OPTSTK,BIOCON,25-Jan-2018,480,CE,0,0,0,4.65,78.4,0,0,0,0,19-DEC-2017,
OPTSTK,BIOCON,25-Jan-2018,490,CE,0,0,0,3.8,71.7,0,0,0,0,19-DEC-2017,
OPTSTK,BIOCON,25-Jan-2018,500,CE,0,0,0,36.2,65.4,0,0,0,0,19-DEC-2017,
OPTSTK,BIOCON,25-Jan-2018,510,CE,25,30.55,25,30.55,30.55,7,67.73,12600,12600,19-DEC-2017,
OPTSTK,BIOCON,25-Jan-2018,520,CE,20.7,29,20.7,29,29,5,48.93,9000,7200,19-DEC-2017,
OPTSTK,BIOCON,25-Jan-2018,530,CE,23,23.55,23,23.55,23.55,3,29.88,5400,5400,19-DEC-2017,
OPTSTK,BIOCON,25-Jan-2018,540,CE,13.1,21.5,12.8,21.35,21.35,20,200.73,48600,16200,19-DEC-2017,
OPTSTK,BIOCON,25-Jan-2018,550,CE,17.35,17.35,17.35,17.35,17.35,2,20.42,7200,3600,19-DEC-2017,
OPTSTK,BIOCON,25-Jan-2018,560,CE,11.7,13.1,11.7,12.05,12.05,5,51.53,5400,5400,19-DEC-2017,
OPTSTK,BIOCON,25-Jan-2018,570,CE,9.9,9.9,9.9,9.9,9.9,2,20.87,3600,3600,19-DEC-2017,
OPTSTK,BIOCON,25-Jan-2018,580,CE,0,0,0,6.2,28.3,0,0,0,0,19-DEC-2017,
OPTSTK,BIOCON,25-Jan-2018,590,CE,5.5,5.5,5.5,5.5,5.5,1,10.71,1800,1800,19-DEC-2017,
OPTSTK,BIOCON,25-Jan-2018,600,CE,0,0,0,35.9,22.35,0,0,0,0,19-DEC-2017,
OPTSTK,BIOCON,25-Jan-2018,260,PE,0,0,0,0.95,0,0,0,0,0,19-DEC-2017,
OPTSTK,BIOCON,25-Jan-2018,270,PE,0,0,0,1.55,0.05,0,0,0,0,19-DEC-2017,
OPTSTK,BIOCON,25-Jan-2018,280,PE,0,0,0,2.35,0.05,0,0,0,0,19-DEC-2017,
OPTSTK,BIOCON,25-Jan-2018,290,PE,0,0,0,3.45,0.05,0,0,0,0,19-DEC-2017,
OPTSTK,BIOCON,25-Jan-2018,300,PE,0,0,0,4.85,0.05,0,0,0,0,19-DEC-2017,
OPTSTK,BIOCON,25-Jan-2018,310,PE,0,0,0,6.7,0.1,0,0,0,0,19-DEC-2017,
OPTSTK,BIOCON,25-Jan-2018,320,PE,0,0,0,8.95,0.15,0,0,0,0,19-DEC-2017,
OPTSTK,BIOCON,25-Jan-2018,330,PE,0,0,0,11.7,0.2,0,0,0,0,19-DEC-2017,
OPTSTK,BIOCON,25-Jan-2018,340,PE,0,0,0,14.95,0.35,0,0,0,0,19-DEC-2017,
OPTSTK,BIOCON,25-Jan-2018,350,PE,0,0,0,1.8,0.5,0,0,10800,0,19-DEC-2017,
OPTSTK,BIOCON,25-Jan-2018,360,PE,0,0,0,23.05,0.75,0,0,0,0,19-DEC-2017,
OPTSTK,BIOCON,25-Jan-2018,370,PE,0,0,0,27.9,1.05,0,0,0,0,19-DEC-2017,
OPTSTK,BIOCON,25-Jan-2018,380,PE,0,0,0,1.9,1.5,0,0,1800,0,19-DEC-2017,
OPTSTK,BIOCON,25-Jan-2018,390,PE,0,0,0,39.15,2.05,0,0,0,0,19-DEC-2017,
OPTSTK,BIOCON,25-Jan-2018,400,PE,1,1,1,1,1,2,14.43,5400,-1800,19-DEC-2017,
OPTSTK,BIOCON,25-Jan-2018,410,PE,1.5,1.5,1.4,1.4,1.4,2,14.81,5400,0,19-DEC-2017,
OPTSTK,BIOCON,25-Jan-2018,420,PE,1.1,1.1,1.1,1.1,1.1,2,15.15,19800,0,19-DEC-2017,
OPTSTK,BIOCON,25-Jan-2018,430,PE,0,0,0,66.95,6.2,0,0,0,0,19-DEC-2017,
OPTSTK,BIOCON,25-Jan-2018,440,PE,0,0,0,6.8,7.8,0,0,0,0,19-DEC-2017,
OPTSTK,BIOCON,25-Jan-2018,450,PE,0,0,0,10,9.75,0,0,5400,0,19-DEC-2017,
OPTSTK,BIOCON,25-Jan-2018,460,PE,0,0,0,91.4,11.95,0,0,0,0,19-DEC-2017,
OPTSTK,BIOCON,25-Jan-2018,470,PE,0,0,0,100.05,14.55,0,0,0,0,19-DEC-2017,
OPTSTK,BIOCON,25-Jan-2018,480,PE,9.6,9.6,4.95,5,5,33,289.02,37800,32400,19-DEC-2017,
OPTSTK,BIOCON,25-Jan-2018,490,PE,0,0,0,117.85,20.65,0,0,0,0,19-DEC-2017,
OPTSTK,BIOCON,25-Jan-2018,500,PE,14,14,9,9,9,8,73.45,12600,10800,19-DEC-2017,
OPTSTK,BIOCON,25-Jan-2018,510,PE,0,0,0,136.3,28.35,0,0,0,0,19-DEC-2017,
OPTSTK,BIOCON,25-Jan-2018,520,PE,0,0,0,20,32.7,0,0,3600,0,19-DEC-2017,
OPTSTK,BIOCON,25-Jan-2018,530,PE,0,0,0,125.65,37.5,0,0,0,0,19-DEC-2017,
OPTSTK,BIOCON,25-Jan-2018,540,PE,0,0,0,33.8,42.6,0,0,1800,0,19-DEC-2017,
OPTSTK,BIOCON,25-Jan-2018,550,PE,0,0,0,143.1,48.1,0,0,0,0,19-DEC-2017,
OPTSTK,BIOCON,25-Jan-2018,560,PE,0,0,0,141.6,53.95,0,0,0,0,19-DEC-2017,
OPTSTK,BIOCON,25-Jan-2018,570,PE,0,0,0,139.1,60.15,0,0,0,0,19-DEC-2017,
OPTSTK,BIOCON,25-Jan-2018,580,PE,0,0,0,133.6,66.65,0,0,0,0,19-DEC-2017,
OPTSTK,BIOCON,25-Jan-2018,590,PE,0,0,0,142.6,73.45,0,0,0,0,19-DEC-2017,
OPTSTK,BIOCON,25-Jan-2018,600,PE,0,0,0,117.7,80.55,0,0,0,0,19-DEC-2017,
OPTSTK,BIOCON,22-Feb-2018,290,CE,0,0,0,148.65,251.5,0,0,0,0,19-DEC-2017,
OPTSTK,BIOCON,22-Feb-2018,300,CE,0,0,0,139.65,241.8,0,0,0,0,19-DEC-2017,
OPTSTK,BIOCON,22-Feb-2018,310,CE,0,0,0,130.8,232.1,0,0,0,0,19-DEC-2017,
OPTSTK,BIOCON,22-Feb-2018,320,CE,0,0,0,122.25,222.5,0,0,0,0,19-DEC-2017,
OPTSTK,BIOCON,22-Feb-2018,330,CE,0,0,0,113.95,213,0,0,0,0,19-DEC-2017,
OPTSTK,BIOCON,22-Feb-2018,340,CE,0,0,0,105.9,203.55,0,0,0,0,19-DEC-2017,
OPTSTK,BIOCON,22-Feb-2018,350,CE,0,0,0,98.2,194.25,0,0,0,0,19-DEC-2017,
OPTSTK,BIOCON,22-Feb-2018,360,CE,0,0,0,90.8,185.1,0,0,0,0,19-DEC-2017,
OPTSTK,BIOCON,22-Feb-2018,370,CE,0,0,0,83.75,176.1,0,0,0,0,19-DEC-2017,
OPTSTK,BIOCON,22-Feb-2018,380,CE,0,0,0,77.05,167.25,0,0,0,0,19-DEC-2017,
OPTSTK,BIOCON,22-Feb-2018,390,CE,0,0,0,70.7,158.6,0,0,0,0,19-DEC-2017,
OPTSTK,BIOCON,22-Feb-2018,400,CE,0,0,0,64.75,150.15,0,0,0,0,19-DEC-2017,
OPTSTK,BIOCON,22-Feb-2018,410,CE,0,0,0,59.15,141.9,0,0,0,0,19-DEC-2017,
OPTSTK,BIOCON,22-Feb-2018,420,CE,0,0,0,53.9,133.9,0,0,0,0,19-DEC-2017,
OPTSTK,BIOCON,22-Feb-2018,430,CE,0,0,0,49.05,126.15,0,0,0,0,19-DEC-2017,
OPTSTK,BIOCON,22-Feb-2018,440,CE,0,0,0,44.5,118.65,0,0,0,0,19-DEC-2017,
OPTSTK,BIOCON,22-Feb-2018,450,CE,0,0,0,40.3,111.45,0,0,0,0,19-DEC-2017,
OPTSTK,BIOCON,22-Feb-2018,460,CE,0,0,0,36.45,104.5,0,0,0,0,19-DEC-2017,
OPTSTK,BIOCON,22-Feb-2018,470,CE,0,0,0,32.85,97.8,0,0,0,0,19-DEC-2017,
OPTSTK,BIOCON,22-Feb-2018,480,CE,0,0,0,29.6,91.4,0,0,0,0,19-DEC-2017,
OPTSTK,BIOCON,22-Feb-2018,490,CE,0,0,0,26.6,85.3,0,0,0,0,19-DEC-2017,
OPTSTK,BIOCON,22-Feb-2018,500,CE,0,0,0,23.9,79.55,0,0,0,0,19-DEC-2017,
OPTSTK,BIOCON,22-Feb-2018,510,CE,0,0,0,21.4,74,0,0,0,0,19-DEC-2017,
OPTSTK,BIOCON,22-Feb-2018,520,CE,0,0,0,19.15,68.8,0,0,0,0,19-DEC-2017,
OPTSTK,BIOCON,22-Feb-2018,530,CE,0,0,0,17.15,63.85,0,0,0,0,19-DEC-2017,
OPTSTK,BIOCON,22-Feb-2018,540,CE,0,0,0,15.3,59.2,0,0,0,0,19-DEC-2017,
OPTSTK,BIOCON,22-Feb-2018,550,CE,0,0,0,13.6,54.8,0,0,0,0,19-DEC-2017,
OPTSTK,BIOCON,22-Feb-2018,560,CE,0,0,0,12.15,50.65,0,0,0,0,19-DEC-2017,
OPTSTK,BIOCON,22-Feb-2018,570,CE,0,0,0,10.8,46.8,0,0,0,0,19-DEC-2017,
OPTSTK,BIOCON,22-Feb-2018,580,CE,0,0,0,12.25,43.2,0,0,0,0,19-DEC-2017,
OPTSTK,BIOCON,22-Feb-2018,590,CE,0,0,0,10.95,39.8,0,0,0,0,19-DEC-2017,
OPTSTK,BIOCON,22-Feb-2018,600,CE,0,0,0,51.75,36.6,0,0,0,0,19-DEC-2017,
OPTSTK,BIOCON,22-Feb-2018,290,PE,0,0,0,2.3,0.35,0,0,0,0,19-DEC-2017,
OPTSTK,BIOCON,22-Feb-2018,300,PE,0,0,0,3.1,0.5,0,0,0,0,19-DEC-2017,
OPTSTK,BIOCON,22-Feb-2018,310,PE,0,0,0,4.15,0.75,0,0,0,0,19-DEC-2017,
OPTSTK,BIOCON,22-Feb-2018,320,PE,0,0,0,5.45,1,0,0,0,0,19-DEC-2017,
OPTSTK,BIOCON,22-Feb-2018,330,PE,0,0,0,7,1.4,0,0,0,0,19-DEC-2017,
OPTSTK,BIOCON,22-Feb-2018,340,PE,0,0,0,8.8,1.85,0,0,0,0,19-DEC-2017,
OPTSTK,BIOCON,22-Feb-2018,350,PE,0,0,0,10.95,2.45,0,0,0,0,19-DEC-2017,
OPTSTK,BIOCON,22-Feb-2018,360,PE,0,0,0,13.4,3.15,0,0,0,0,19-DEC-2017,
OPTSTK,BIOCON,22-Feb-2018,370,PE,0,0,0,16.2,4,0,0,0,0,19-DEC-2017,
OPTSTK,BIOCON,22-Feb-2018,380,PE,0,0,0,19.4,5.05,0,0,0,0,19-DEC-2017,
OPTSTK,BIOCON,22-Feb-2018,390,PE,0,0,0,22.9,6.3,0,0,0,0,19-DEC-2017,
OPTSTK,BIOCON,22-Feb-2018,400,PE,0,0,0,26.75,7.7,0,0,0,0,19-DEC-2017,
OPTSTK,BIOCON,22-Feb-2018,410,PE,0,0,0,31.05,9.35,0,0,0,0,19-DEC-2017,
OPTSTK,BIOCON,22-Feb-2018,420,PE,0,0,0,35.65,11.25,0,0,0,0,19-DEC-2017,
OPTSTK,BIOCON,22-Feb-2018,430,PE,0,0,0,40.6,13.4,0,0,0,0,19-DEC-2017,
OPTSTK,BIOCON,22-Feb-2018,440,PE,0,0,0,45.95,15.8,0,0,0,0,19-DEC-2017,
OPTSTK,BIOCON,22-Feb-2018,450,PE,0,0,0,51.6,18.45,0,0,0,0,19-DEC-2017,
OPTSTK,BIOCON,22-Feb-2018,460,PE,0,0,0,57.55,21.4,0,0,0,0,19-DEC-2017,
OPTSTK,BIOCON,22-Feb-2018,470,PE,0,0,0,63.85,24.6,0,0,0,0,19-DEC-2017,
OPTSTK,BIOCON,22-Feb-2018,480,PE,0,0,0,70.45,28.1,0,0,0,0,19-DEC-2017,
OPTSTK,BIOCON,22-Feb-2018,490,PE,0,0,0,77.3,31.9,0,0,0,0,19-DEC-2017,
OPTSTK,BIOCON,22-Feb-2018,500,PE,0,0,0,84.45,35.95,0,0,0,0,19-DEC-2017,
OPTSTK,BIOCON,22-Feb-2018,510,PE,0,0,0,91.85,40.35,0,0,0,0,19-DEC-2017,
OPTSTK,BIOCON,22-Feb-2018,520,PE,0,0,0,99.45,45,0,0,0,0,19-DEC-2017,
OPTSTK,BIOCON,22-Feb-2018,530,PE,0,0,0,107.25,49.95,0,0,0,0,19-DEC-2017,
OPTSTK,BIOCON,22-Feb-2018,540,PE,0,0,0,115.3,55.2,0,0,0,0,19-DEC-2017,
OPTSTK,BIOCON,22-Feb-2018,550,PE,0,0,0,123.45,60.7,0,0,0,0,19-DEC-2017,
OPTSTK,BIOCON,22-Feb-2018,560,PE,0,0,0,131.8,66.45,0,0,0,0,19-DEC-2017,
OPTSTK,BIOCON,22-Feb-2018,570,PE,0,0,0,140.3,72.45,0,0,0,0,19-DEC-2017,
OPTSTK,BIOCON,22-Feb-2018,580,PE,0,0,0,136.85,78.7,0,0,0,0,19-DEC-2017,
OPTSTK,BIOCON,22-Feb-2018,590,PE,0,0,0,145.4,85.2,0,0,0,0,19-DEC-2017,
OPTSTK,BIOCON,22-Feb-2018,600,PE,0,0,0,130.7,91.95,0,0,0,0,19-DEC-2017,
OPTSTK,BOSCHLTD,28-Dec-2017,18450,CE,0,0,0,1264.45,1472.5,0,0,0,0,19-DEC-2017,
OPTSTK,BOSCHLTD,28-Dec-2017,18500,CE,0,0,0,1231.5,1426.05,0,0,0,0,19-DEC-2017,
OPTSTK,BOSCHLTD,28-Dec-2017,18550,CE,0,0,0,1199.05,1379.95,0,0,0,0,19-DEC-2017,
OPTSTK,BOSCHLTD,28-Dec-2017,18600,CE,0,0,0,1167.1,1334.3,0,0,0,0,19-DEC-2017,
OPTSTK,BOSCHLTD,28-Dec-2017,18650,CE,0,0,0,1135.65,1289.05,0,0,0,0,19-DEC-2017,
OPTSTK,BOSCHLTD,28-Dec-2017,18700,CE,0,0,0,1410.3,1244.3,0,0,0,0,19-DEC-2017,
OPTSTK,BOSCHLTD,28-Dec-2017,18750,CE,0,0,0,1374.05,1200.05,0,0,0,0,19-DEC-2017,
OPTSTK,BOSCHLTD,28-Dec-2017,18800,CE,0,0,0,1339.15,1156.35,0,0,0,0,19-DEC-2017,
OPTSTK,BOSCHLTD,28-Dec-2017,18850,CE,0,0,0,1304.7,1113.2,0,0,0,0,19-DEC-2017,
OPTSTK,BOSCHLTD,28-Dec-2017,18900,CE,0,0,0,1270.8,1070.65,0,0,0,0,19-DEC-2017,
OPTSTK,BOSCHLTD,28-Dec-2017,18950,CE,0,0,0,1434.85,1028.75,0,0,0,0,19-DEC-2017,
OPTSTK,BOSCHLTD,28-Dec-2017,19000,CE,0,0,0,1399.7,987.5,0,0,0,0,19-DEC-2017,
OPTSTK,BOSCHLTD,28-Dec-2017,19050,CE,0,0,0,1365,946.95,0,0,0,0,19-DEC-2017,
OPTSTK,BOSCHLTD,28-Dec-2017,19100,CE,0,0,0,1330.75,907.15,0,0,0,0,19-DEC-2017,
OPTSTK,BOSCHLTD,28-Dec-2017,19150,CE,0,0,0,1297.05,868.1,0,0,0,0,19-DEC-2017,
OPTSTK,BOSCHLTD,28-Dec-2017,19200,CE,0,0,0,1263.8,829.8,0,0,0,0,19-DEC-2017,
OPTSTK,BOSCHLTD,28-Dec-2017,19250,CE,0,0,0,1231.05,793.1,0,0,0,0,19-DEC-2017,
OPTSTK,BOSCHLTD,28-Dec-2017,19300,CE,0,0,0,1198.8,755.6,0,0,0,0,19-DEC-2017,
OPTSTK,BOSCHLTD,28-Dec-2017,19350,CE,0,0,0,1167.05,719.9,0,0,0,0,19-DEC-2017,
OPTSTK,BOSCHLTD,28-Dec-2017,19400,CE,0,0,0,1710.4,685.1,0,0,0,0,19-DEC-2017,
OPTSTK,BOSCHLTD,28-Dec-2017,19450,CE,0,0,0,1676.7,651.2,0,0,0,0,19-DEC-2017,
OPTSTK,BOSCHLTD,28-Dec-2017,19500,CE,0,0,0,1643.4,618.25,0,0,0,0,19-DEC-2017,
OPTSTK,BOSCHLTD,28-Dec-2017,19550,CE,0,0,0,1740.7,586.3,0,0,0,0,19-DEC-2017,
OPTSTK,BOSCHLTD,28-Dec-2017,19600,CE,0,0,0,1707.3,555.3,0,0,0,0,19-DEC-2017,
OPTSTK,BOSCHLTD,28-Dec-2017,19650,CE,0,0,0,1674.35,525.25,0,0,0,0,19-DEC-2017,
OPTSTK,BOSCHLTD,28-Dec-2017,19700,CE,0,0,0,1787.95,496.25,0,0,0,0,19-DEC-2017,
OPTSTK,BOSCHLTD,28-Dec-2017,19750,CE,0,0,0,1755.15,468.25,0,0,0,0,19-DEC-2017,
OPTSTK,BOSCHLTD,28-Dec-2017,19800,CE,0,0,0,1722.65,441.25,0,0,0,0,19-DEC-2017,
OPTSTK,BOSCHLTD,28-Dec-2017,19850,CE,0,0,0,1690.5,415.3,0,0,0,0,19-DEC-2017,
OPTSTK,BOSCHLTD,28-Dec-2017,19900,CE,0,0,0,1658.75,390.25,0,0,0,0,19-DEC-2017,
OPTSTK,BOSCHLTD,28-Dec-2017,19950,CE,0,0,0,1627.35,366.3,0,0,0,0,19-DEC-2017,
OPTSTK,BOSCHLTD,28-Dec-2017,20000,CE,300,301,300,301,301,2,10.15,475,50,19-DEC-2017,
OPTSTK,BOSCHLTD,28-Dec-2017,20050,CE,0,0,0,1565.65,321.45,0,0,0,0,19-DEC-2017,
OPTSTK,BOSCHLTD,28-Dec-2017,20100,CE,0,0,0,1535.35,300.5,0,0,0,0,19-DEC-2017,
OPTSTK,BOSCHLTD,28-Dec-2017,20150,CE,0,0,0,1505.4,280.55,0,0,0,0,19-DEC-2017,
OPTSTK,BOSCHLTD,28-Dec-2017,20200,CE,0,0,0,1475.85,261.55,0,0,0,0,19-DEC-2017,
OPTSTK,BOSCHLTD,28-Dec-2017,20250,CE,0,0,0,1446.65,243.5,0,0,0,0,19-DEC-2017,
OPTSTK,BOSCHLTD,28-Dec-2017,20300,CE,0,0,0,1417.85,226.35,0,0,0,0,19-DEC-2017,
OPTSTK,BOSCHLTD,28-Dec-2017,20350,CE,0,0,0,1389.4,210.15,0,0,0,0,19-DEC-2017,
OPTSTK,BOSCHLTD,28-Dec-2017,20400,CE,0,0,0,1361.3,194.8,0,0,0,0,19-DEC-2017,
OPTSTK,BOSCHLTD,28-Dec-2017,20450,CE,0,0,0,1333.6,180.35,0,0,0,0,19-DEC-2017,
OPTSTK,BOSCHLTD,28-Dec-2017,20500,CE,0,0,0,649.25,166.7,0,0,50,0,19-DEC-2017,
OPTSTK,BOSCHLTD,28-Dec-2017,20550,CE,0,0,0,1279.35,154.75,0,0,0,0,19-DEC-2017,
OPTSTK,BOSCHLTD,28-Dec-2017,20600,CE,0,0,0,1252.75,142.05,0,0,0,0,19-DEC-2017,
OPTSTK,BOSCHLTD,28-Dec-2017,20650,CE,0,0,0,629.7,130.75,0,0,175,0,19-DEC-2017,
OPTSTK,BOSCHLTD,28-Dec-2017,20700,CE,0,0,0,523.25,120.2,0,0,50,0,19-DEC-2017,
OPTSTK,BOSCHLTD,28-Dec-2017,20750,CE,0,0,0,608.75,110.3,0,0,0,0,19-DEC-2017,
OPTSTK,BOSCHLTD,28-Dec-2017,20800,CE,0,0,0,125,101.1,0,0,100,0,19-DEC-2017,
OPTSTK,BOSCHLTD,28-Dec-2017,20850,CE,0,0,0,1125.35,92.55,0,0,0,0,19-DEC-2017,
OPTSTK,BOSCHLTD,28-Dec-2017,20900,CE,0,0,0,1101,84.55,0,0,0,0,19-DEC-2017,
OPTSTK,BOSCHLTD,28-Dec-2017,20950,CE,0,0,0,1077,77.15,0,0,0,0,19-DEC-2017,
OPTSTK,BOSCHLTD,28-Dec-2017,21000,CE,85,85,61.25,80,80,7,36.88,4125,-50,19-DEC-2017,
OPTSTK,BOSCHLTD,28-Dec-2017,21050,CE,0,0,0,1030.15,63.95,0,0,0,0,19-DEC-2017,
OPTSTK,BOSCHLTD,28-Dec-2017,21100,CE,0,0,0,1007.25,58.1,0,0,0,0,19-DEC-2017,
OPTSTK,BOSCHLTD,28-Dec-2017,21150,CE,0,0,0,984.75,52.7,0,0,0,0,19-DEC-2017,
OPTSTK,BOSCHLTD,28-Dec-2017,21200,CE,0,0,0,962.6,47.75,0,0,0,0,19-DEC-2017,
OPTSTK,BOSCHLTD,28-Dec-2017,21250,CE,0,0,0,940.8,43.15,0,0,0,0,19-DEC-2017,
OPTSTK,BOSCHLTD,28-Dec-2017,21300,CE,0,0,0,919.35,39,0,0,0,0,19-DEC-2017,
OPTSTK,BOSCHLTD,28-Dec-2017,21350,CE,0,0,0,898.25,35.15,0,0,0,0,19-DEC-2017,
OPTSTK,BOSCHLTD,28-Dec-2017,21400,CE,0,0,0,877.55,31.65,0,0,0,0,19-DEC-2017,
OPTSTK,BOSCHLTD,28-Dec-2017,21450,CE,0,0,0,857.2,28.45,0,0,0,0,19-DEC-2017,
OPTSTK,BOSCHLTD,28-Dec-2017,21500,CE,0,0,0,837.15,25.55,0,0,0,0,19-DEC-2017,
OPTSTK,BOSCHLTD,28-Dec-2017,21550,CE,0,0,0,817.5,22.9,0,0,0,0,19-DEC-2017,
OPTSTK,BOSCHLTD,28-Dec-2017,21600,CE,0,0,0,798.15,20.5,0,0,0,0,19-DEC-2017,
OPTSTK,BOSCHLTD,28-Dec-2017,21650,CE,0,0,0,779.2,18.3,0,0,0,0,19-DEC-2017,
OPTSTK,BOSCHLTD,28-Dec-2017,21700,CE,0,0,0,760.55,16.35,0,0,0,0,19-DEC-2017,
OPTSTK,BOSCHLTD,28-Dec-2017,21750,CE,0,0,0,675.7,14.55,0,0,0,0,19-DEC-2017,
OPTSTK,BOSCHLTD,28-Dec-2017,21800,CE,0,0,0,657.6,12.95,0,0,0,0,19-DEC-2017,
OPTSTK,BOSCHLTD,28-Dec-2017,21850,CE,0,0,0,747.7,11.5,0,0,0,0,19-DEC-2017,
OPTSTK,BOSCHLTD,28-Dec-2017,21900,CE,0,0,0,728.15,10.2,0,0,0,0,19-DEC-2017,
OPTSTK,BOSCHLTD,28-Dec-2017,21950,CE,0,0,0,708.95,9.05,0,0,0,0,19-DEC-2017,
OPTSTK,BOSCHLTD,28-Dec-2017,22000,CE,45,60,45,60,60,2,11.02,1475,25,19-DEC-2017,
OPTSTK,BOSCHLTD,28-Dec-2017,22050,CE,0,0,0,671.75,7.05,0,0,0,0,19-DEC-2017,
OPTSTK,BOSCHLTD,28-Dec-2017,22100,CE,0,0,0,720,6.25,0,0,0,0,19-DEC-2017,
OPTSTK,BOSCHLTD,28-Dec-2017,22150,CE,0,0,0,700.8,5.5,0,0,0,0,19-DEC-2017,
OPTSTK,BOSCHLTD,28-Dec-2017,22200,CE,0,0,0,682.05,4.8,0,0,0,0,19-DEC-2017,
OPTSTK,BOSCHLTD,28-Dec-2017,22250,CE,0,0,0,663.6,4.25,0,0,0,0,19-DEC-2017,
OPTSTK,BOSCHLTD,28-Dec-2017,22300,CE,0,0,0,645.55,3.7,0,0,0,0,19-DEC-2017,
OPTSTK,BOSCHLTD,28-Dec-2017,22350,CE,0,0,0,675.1,3.25,0,0,0,0,19-DEC-2017,
OPTSTK,BOSCHLTD,28-Dec-2017,22400,CE,0,0,0,655.9,2.85,0,0,0,0,19-DEC-2017,
OPTSTK,BOSCHLTD,28-Dec-2017,22450,CE,0,0,0,637.1,2.5,0,0,0,0,19-DEC-2017,
OPTSTK,BOSCHLTD,28-Dec-2017,22500,CE,0,0,0,32.2,2.15,0,0,150,0,19-DEC-2017,
OPTSTK,BOSCHLTD,28-Dec-2017,22550,CE,0,0,0,600.65,1.9,0,0,0,0,19-DEC-2017,
OPTSTK,BOSCHLTD,28-Dec-2017,22600,CE,0,0,0,975.7,1.65,0,0,0,0,19-DEC-2017,
OPTSTK,BOSCHLTD,28-Dec-2017,22650,CE,0,0,0,953.25,1.45,0,0,0,0,19-DEC-2017,
OPTSTK,BOSCHLTD,28-Dec-2017,22700,CE,0,0,0,931.1,1.25,0,0,0,0,19-DEC-2017,
OPTSTK,BOSCHLTD,28-Dec-2017,18450,PE,0,0,0,370.7,25.75,0,0,0,0,19-DEC-2017,
OPTSTK,BOSCHLTD,28-Dec-2017,18500,PE,0,0,0,387.4,29.2,0,0,0,0,19-DEC-2017,
OPTSTK,BOSCHLTD,28-Dec-2017,18550,PE,0,0,0,404.55,33.05,0,0,0,0,19-DEC-2017,
OPTSTK,BOSCHLTD,28-Dec-2017,18600,PE,0,0,0,422.2,37.35,0,0,0,0,19-DEC-2017,
OPTSTK,BOSCHLTD,28-Dec-2017,18650,PE,0,0,0,440.4,42.05,0,0,0,0,19-DEC-2017,
OPTSTK,BOSCHLTD,28-Dec-2017,18700,PE,0,0,0,291.1,47.2,0,0,0,0,19-DEC-2017,
OPTSTK,BOSCHLTD,28-Dec-2017,18750,PE,0,0,0,304.5,52.85,0,0,0,0,19-DEC-2017,
OPTSTK,BOSCHLTD,28-Dec-2017,18800,PE,0,0,0,319.2,59.1,0,0,0,0,19-DEC-2017,
OPTSTK,BOSCHLTD,28-Dec-2017,18850,PE,0,0,0,334.4,65.85,0,0,0,0,19-DEC-2017,
OPTSTK,BOSCHLTD,28-Dec-2017,18900,PE,0,0,0,350.05,73.25,0,0,0,0,19-DEC-2017,
OPTSTK,BOSCHLTD,28-Dec-2017,18950,PE,0,0,0,305.35,81.25,0,0,0,0,19-DEC-2017,
OPTSTK,BOSCHLTD,28-Dec-2017,19000,PE,0,0,0,319.8,89.9,0,0,0,0,19-DEC-2017,
OPTSTK,BOSCHLTD,28-Dec-2017,19050,PE,0,0,0,334.7,99.3,0,0,0,0,19-DEC-2017,
OPTSTK,BOSCHLTD,28-Dec-2017,19100,PE,0,0,0,350.1,109.4,0,0,0,0,19-DEC-2017,
OPTSTK,BOSCHLTD,28-Dec-2017,19150,PE,0,0,0,365.95,120.25,0,0,0,0,19-DEC-2017,
OPTSTK,BOSCHLTD,28-Dec-2017,19200,PE,0,0,0,382.35,131.9,0,0,0,0,19-DEC-2017,
OPTSTK,BOSCHLTD,28-Dec-2017,19250,PE,0,0,0,399.2,145.15,0,0,0,0,19-DEC-2017,
OPTSTK,BOSCHLTD,28-Dec-2017,19300,PE,0,0,0,416.55,157.55,0,0,0,0,19-DEC-2017,
OPTSTK,BOSCHLTD,28-Dec-2017,19350,PE,0,0,0,434.4,171.75,0,0,0,0,19-DEC-2017,
OPTSTK,BOSCHLTD,28-Dec-2017,19400,PE,0,0,0,427.65,186.9,0,0,0,0,19-DEC-2017,
OPTSTK,BOSCHLTD,28-Dec-2017,19450,PE,0,0,0,443.2,202.9,0,0,0,0,19-DEC-2017,
OPTSTK,BOSCHLTD,28-Dec-2017,19500,PE,0,0,0,332.95,219.9,0,0,325,0,19-DEC-2017,
OPTSTK,BOSCHLTD,28-Dec-2017,19550,PE,0,0,0,454.65,237.85,0,0,0,0,19-DEC-2017,
OPTSTK,BOSCHLTD,28-Dec-2017,19600,PE,0,0,0,200,256.75,0,0,50,0,19-DEC-2017,
OPTSTK,BOSCHLTD,28-Dec-2017,19650,PE,0,0,0,486.8,276.65,0,0,0,0,19-DEC-2017,
OPTSTK,BOSCHLTD,28-Dec-2017,19700,PE,0,0,0,499,297.6,0,0,0,0,19-DEC-2017,
OPTSTK,BOSCHLTD,28-Dec-2017,19750,PE,0,0,0,515.35,319.5,0,0,0,0,19-DEC-2017,
OPTSTK,BOSCHLTD,28-Dec-2017,19800,PE,0,0,0,532.1,342.4,0,0,0,0,19-DEC-2017,
OPTSTK,BOSCHLTD,28-Dec-2017,19850,PE,0,0,0,549.2,366.35,0,0,25,0,19-DEC-2017,
OPTSTK,BOSCHLTD,28-Dec-2017,19900,PE,0,0,0,566.65,391.25,0,0,0,0,19-DEC-2017,
OPTSTK,BOSCHLTD,28-Dec-2017,19950,PE,0,0,0,584.5,417.25,0,0,0,0,19-DEC-2017,
OPTSTK,BOSCHLTD,28-Dec-2017,20000,PE,0,0,0,800,444.25,0,0,425,0,19-DEC-2017,
OPTSTK,BOSCHLTD,28-Dec-2017,20050,PE,0,0,0,621.25,472.2,0,0,0,0,19-DEC-2017,
OPTSTK,BOSCHLTD,28-Dec-2017,20100,PE,0,0,0,640.15,501.2,0,0,0,0,19-DEC-2017,
OPTSTK,BOSCHLTD,28-Dec-2017,20150,PE,0,0,0,659.45,531.15,0,0,0,0,19-DEC-2017,
OPTSTK,BOSCHLTD,28-Dec-2017,20200,PE,0,0,0,679.1,562.1,0,0,0,0,19-DEC-2017,
OPTSTK,BOSCHLTD,28-Dec-2017,20250,PE,0,0,0,699.15,593.95,0,0,0,0,19-DEC-2017,
OPTSTK,BOSCHLTD,28-Dec-2017,20300,PE,0,0,0,719.55,626.75,0,0,0,0,19-DEC-2017,
OPTSTK,BOSCHLTD,28-Dec-2017,20350,PE,0,0,0,740.3,660.45,0,0,0,0,19-DEC-2017,
OPTSTK,BOSCHLTD,28-Dec-2017,20400,PE,0,0,0,573,695.05,0,0,75,0,19-DEC-2017,
OPTSTK,BOSCHLTD,28-Dec-2017,20450,PE,0,0,0,782.95,730.5,0,0,0,0,19-DEC-2017,
OPTSTK,BOSCHLTD,28-Dec-2017,20500,PE,0,0,0,799,766.8,0,0,350,0,19-DEC-2017,
OPTSTK,BOSCHLTD,28-Dec-2017,20550,PE,0,0,0,827.15,804.75,0,0,0,0,19-DEC-2017,
OPTSTK,BOSCHLTD,28-Dec-2017,20600,PE,0,0,0,849.75,841.95,0,0,0,0,19-DEC-2017,
OPTSTK,BOSCHLTD,28-Dec-2017,20650,PE,0,0,0,872.8,880.6,0,0,0,0,19-DEC-2017,
OPTSTK,BOSCHLTD,28-Dec-2017,20700,PE,0,0,0,896.15,919.95,0,0,0,0,19-DEC-2017,
OPTSTK,BOSCHLTD,28-Dec-2017,20750,PE,0,0,0,919.95,960,0,0,0,0,19-DEC-2017,
OPTSTK,BOSCHLTD,28-Dec-2017,20800,PE,0,0,0,944.05,1000.7,0,0,0,0,19-DEC-2017,
OPTSTK,BOSCHLTD,28-Dec-2017,20850,PE,0,0,0,968.45,1042.05,0,0,0,0,19-DEC-2017,
OPTSTK,BOSCHLTD,28-Dec-2017,20900,PE,0,0,0,993.35,1084,0,0,0,0,19-DEC-2017,
OPTSTK,BOSCHLTD,28-Dec-2017,20950,PE,0,0,0,1018.6,1126.55,0,0,0,0,19-DEC-2017,
OPTSTK,BOSCHLTD,28-Dec-2017,21000,PE,0,0,0,1044.2,1169.6,0,0,0,0,19-DEC-2017,
OPTSTK,BOSCHLTD,28-Dec-2017,21050,PE,0,0,0,1070.15,1213.2,0,0,0,0,19-DEC-2017,
OPTSTK,BOSCHLTD,28-Dec-2017,21100,PE,0,0,0,1096.5,1257.25,0,0,0,0,19-DEC-2017,
OPTSTK,BOSCHLTD,28-Dec-2017,21150,PE,0,0,0,1123.2,1301.8,0,0,0,0,19-DEC-2017,
OPTSTK,BOSCHLTD,28-Dec-2017,21200,PE,0,0,0,1150.25,1346.75,0,0,0,0,19-DEC-2017,
OPTSTK,BOSCHLTD,28-Dec-2017,21250,PE,0,0,0,1177.7,1392.1,0,0,0,0,19-DEC-2017,
OPTSTK,BOSCHLTD,28-Dec-2017,21300,PE,0,0,0,1205.5,1437.8,0,0,0,0,19-DEC-2017,
OPTSTK,BOSCHLTD,28-Dec-2017,21350,PE,0,0,0,1233.65,1483.9,0,0,0,0,19-DEC-2017,
OPTSTK,BOSCHLTD,28-Dec-2017,21400,PE,0,0,0,1262.15,1530.35,0,0,0,0,19-DEC-2017,
OPTSTK,BOSCHLTD,28-Dec-2017,21450,PE,0,0,0,1291,1577.05,0,0,0,0,19-DEC-2017,
OPTSTK,BOSCHLTD,28-Dec-2017,21500,PE,0,0,0,1320.2,1624.05,0,0,0,0,19-DEC-2017,
OPTSTK,BOSCHLTD,28-Dec-2017,21550,PE,0,0,0,1349.75,1671.35,0,0,0,0,19-DEC-2017,
OPTSTK,BOSCHLTD,28-Dec-2017,21600,PE,0,0,0,1379.6,1718.85,0,0,0,0,19-DEC-2017,
OPTSTK,BOSCHLTD,28-Dec-2017,21650,PE,0,0,0,1409.85,1766.6,0,0,0,0,19-DEC-2017,
OPTSTK,BOSCHLTD,28-Dec-2017,21700,PE,0,0,0,1440.45,1814.55,0,0,0,0,19-DEC-2017,
OPTSTK,BOSCHLTD,28-Dec-2017,21750,PE,0,0,0,1329.85,1862.7,0,0,0,0,19-DEC-2017,
OPTSTK,BOSCHLTD,28-Dec-2017,21800,PE,0,0,0,1361,1911,0,0,0,0,19-DEC-2017,
OPTSTK,BOSCHLTD,28-Dec-2017,21850,PE,0,0,0,1220.75,1959.5,0,0,0,0,19-DEC-2017,
OPTSTK,BOSCHLTD,28-Dec-2017,21900,PE,0,0,0,1250.5,2008.1,0,0,0,0,19-DEC-2017,
OPTSTK,BOSCHLTD,28-Dec-2017,21950,PE,0,0,0,1280.6,2056.85,0,0,0,0,19-DEC-2017,
OPTSTK,BOSCHLTD,28-Dec-2017,22000,PE,0,0,0,1311.1,2105.75,0,0,0,0,19-DEC-2017,
OPTSTK,BOSCHLTD,28-Dec-2017,22050,PE,0,0,0,1342,2154.75,0,0,0,0,19-DEC-2017,
OPTSTK,BOSCHLTD,28-Dec-2017,22100,PE,0,0,0,1239.85,2203.8,0,0,0,0,19-DEC-2017,
OPTSTK,BOSCHLTD,28-Dec-2017,22150,PE,0,0,0,1270,2253,0,0,0,0,19-DEC-2017,
OPTSTK,BOSCHLTD,28-Dec-2017,22200,PE,0,0,0,1300.5,2302.25,0,0,0,0,19-DEC-2017,
OPTSTK,BOSCHLTD,28-Dec-2017,22250,PE,0,0,0,1331.4,2351.6,0,0,0,0,19-DEC-2017,
OPTSTK,BOSCHLTD,28-Dec-2017,22300,PE,0,0,0,1362.7,2401,0,0,0,0,19-DEC-2017,
OPTSTK,BOSCHLTD,28-Dec-2017,22350,PE,0,0,0,1168.95,2450.45,0,0,0,0,19-DEC-2017,
OPTSTK,BOSCHLTD,28-Dec-2017,22400,PE,0,0,0,1199.1,2499.95,0,0,0,0,19-DEC-2017,
OPTSTK,BOSCHLTD,28-Dec-2017,22450,PE,0,0,0,1229.65,2549.55,0,0,0,0,19-DEC-2017,
OPTSTK,BOSCHLTD,28-Dec-2017,22500,PE,0,0,0,1260.6,2599.15,0,0,0,0,19-DEC-2017,
OPTSTK,BOSCHLTD,28-Dec-2017,22550,PE,0,0,0,1292,2648.8,0,0,0,0,19-DEC-2017,
OPTSTK,BOSCHLTD,28-Dec-2017,22600,PE,0,0,0,1091.65,2698.45,0,0,0,0,19-DEC-2017,
OPTSTK,BOSCHLTD,28-Dec-2017,22650,PE,0,0,0,1118.55,2748.15,0,0,0,0,19-DEC-2017,
OPTSTK,BOSCHLTD,28-Dec-2017,22700,PE,0,0,0,1145.8,2797.9,0,0,0,0,19-DEC-2017,
OPTSTK,BOSCHLTD,25-Jan-2018,18450,CE,0,0,0,1510.95,1765.3,0,0,0,0,19-DEC-2017,
OPTSTK,BOSCHLTD,25-Jan-2018,18500,CE,0,0,0,1479.6,1727,0,0,0,0,19-DEC-2017,
OPTSTK,BOSCHLTD,25-Jan-2018,18550,CE,0,0,0,1448.7,1689.1,0,0,0,0,19-DEC-2017,
OPTSTK,BOSCHLTD,25-Jan-2018,18600,CE,0,0,0,1418.15,1651.6,0,0,0,0,19-DEC-2017,
OPTSTK,BOSCHLTD,25-Jan-2018,18650,CE,0,0,0,1388,1615.3,0,0,0,0,19-DEC-2017,
OPTSTK,BOSCHLTD,25-Jan-2018,18700,CE,0,0,0,1641.55,1578.55,0,0,0,0,19-DEC-2017,
OPTSTK,BOSCHLTD,25-Jan-2018,18750,CE,0,0,0,1608.15,1542.3,0,0,0,0,19-DEC-2017,
OPTSTK,BOSCHLTD,25-Jan-2018,18800,CE,0,0,0,1575.15,1506.5,0,0,0,0,19-DEC-2017,
OPTSTK,BOSCHLTD,25-Jan-2018,18850,CE,0,0,0,1542.55,1470.35,0,0,0,0,19-DEC-2017,
OPTSTK,BOSCHLTD,25-Jan-2018,18900,CE,0,0,0,1510.35,1435.55,0,0,0,0,19-DEC-2017,
OPTSTK,BOSCHLTD,25-Jan-2018,18950,CE,0,0,0,1670.05,1401.15,0,0,0,0,19-DEC-2017,
OPTSTK,BOSCHLTD,25-Jan-2018,19000,CE,0,0,0,1636.8,1367.25,0,0,0,0,19-DEC-2017,
OPTSTK,BOSCHLTD,25-Jan-2018,19050,CE,0,0,0,1603.95,1333.8,0,0,0,0,19-DEC-2017,
OPTSTK,BOSCHLTD,25-Jan-2018,19100,CE,0,0,0,1571.5,1300.85,0,0,0,0,19-DEC-2017,
OPTSTK,BOSCHLTD,25-Jan-2018,19150,CE,0,0,0,1539.45,1268.35,0,0,0,0,19-DEC-2017,
OPTSTK,BOSCHLTD,25-Jan-2018,19200,CE,0,0,0,1507.75,1236.3,0,0,0,0,19-DEC-2017,
OPTSTK,BOSCHLTD,25-Jan-2018,19250,CE,0,0,0,1476.5,1204.8,0,0,0,0,19-DEC-2017,
OPTSTK,BOSCHLTD,25-Jan-2018,19300,CE,0,0,0,1445.6,1173.75,0,0,0,0,19-DEC-2017,
OPTSTK,BOSCHLTD,25-Jan-2018,19350,CE,0,0,0,1415.15,1143.2,0,0,0,0,19-DEC-2017,
OPTSTK,BOSCHLTD,25-Jan-2018,19400,CE,0,0,0,1385.05,1113.15,0,0,0,0,19-DEC-2017,
OPTSTK,BOSCHLTD,25-Jan-2018,19450,CE,0,0,0,1656.6,1083.55,0,0,0,0,19-DEC-2017,
OPTSTK,BOSCHLTD,25-Jan-2018,19500,CE,0,0,0,1622.55,1054.5,0,0,0,0,19-DEC-2017,
OPTSTK,BOSCHLTD,25-Jan-2018,19550,CE,0,0,0,1588.95,1025.95,0,0,0,0,19-DEC-2017,
OPTSTK,BOSCHLTD,25-Jan-2018,19600,CE,0,0,0,1555.7,997.85,0,0,0,0,19-DEC-2017,
OPTSTK,BOSCHLTD,25-Jan-2018,19650,CE,0,0,0,1522.85,970.3,0,0,0,0,19-DEC-2017,
OPTSTK,BOSCHLTD,25-Jan-2018,19700,CE,0,0,0,1490.45,943.2,0,0,0,0,19-DEC-2017,
OPTSTK,BOSCHLTD,25-Jan-2018,19750,CE,0,0,0,1559.45,916.65,0,0,0,0,19-DEC-2017,
OPTSTK,BOSCHLTD,25-Jan-2018,19800,CE,0,0,0,1523.3,890.55,0,0,0,0,19-DEC-2017,
OPTSTK,BOSCHLTD,25-Jan-2018,19850,CE,0,0,0,1587.4,865,0,0,0,0,19-DEC-2017,
OPTSTK,BOSCHLTD,25-Jan-2018,19900,CE,0,0,0,1551.6,839.85,0,0,0,0,19-DEC-2017,
OPTSTK,BOSCHLTD,25-Jan-2018,19950,CE,0,0,0,1515.4,815.3,0,0,0,0,19-DEC-2017,
OPTSTK,BOSCHLTD,25-Jan-2018,20000,CE,0,0,0,1703.1,791.2,0,0,0,0,19-DEC-2017,
OPTSTK,BOSCHLTD,25-Jan-2018,20050,CE,0,0,0,1739.2,767.6,0,0,0,0,19-DEC-2017,
OPTSTK,BOSCHLTD,25-Jan-2018,20100,CE,0,0,0,1705.65,744.55,0,0,0,0,19-DEC-2017,
OPTSTK,BOSCHLTD,25-Jan-2018,20150,CE,0,0,0,1672.45,721.95,0,0,0,0,19-DEC-2017,
OPTSTK,BOSCHLTD,25-Jan-2018,20200,CE,0,0,0,1639.7,699.8,0,0,0,0,19-DEC-2017,
OPTSTK,BOSCHLTD,25-Jan-2018,20250,CE,0,0,0,1607.25,678.2,0,0,0,0,19-DEC-2017,
OPTSTK,BOSCHLTD,25-Jan-2018,20300,CE,0,0,0,1575.25,657.05,0,0,0,0,19-DEC-2017,
OPTSTK,BOSCHLTD,25-Jan-2018,20350,CE,0,0,0,1543.6,636.4,0,0,0,0,19-DEC-2017,
OPTSTK,BOSCHLTD,25-Jan-2018,20400,CE,0,0,0,1512.3,616.2,0,0,0,0,19-DEC-2017,
OPTSTK,BOSCHLTD,25-Jan-2018,20450,CE,0,0,0,1481.45,596.5,0,0,0,0,19-DEC-2017,
OPTSTK,BOSCHLTD,25-Jan-2018,20500,CE,0,0,0,1450.95,577.25,0,0,0,0,19-DEC-2017,
OPTSTK,BOSCHLTD,25-Jan-2018,20550,CE,0,0,0,1420.85,558.45,0,0,0,0,19-DEC-2017,
OPTSTK,BOSCHLTD,25-Jan-2018,20600,CE,0,0,0,1391.15,540.1,0,0,0,0,19-DEC-2017,
OPTSTK,BOSCHLTD,25-Jan-2018,20650,CE,0,0,0,1361.85,522.25,0,0,0,0,19-DEC-2017,
OPTSTK,BOSCHLTD,25-Jan-2018,20700,CE,0,0,0,1332.95,504.8,0,0,0,0,19-DEC-2017,
OPTSTK,BOSCHLTD,25-Jan-2018,20750,CE,0,0,0,1304.4,487.8,0,0,0,0,19-DEC-2017,
OPTSTK,BOSCHLTD,25-Jan-2018,20800,CE,0,0,0,1276.3,471.25,0,0,0,0,19-DEC-2017,
OPTSTK,BOSCHLTD,25-Jan-2018,20850,CE,0,0,0,1248.55,455.15,0,0,0,0,19-DEC-2017,
OPTSTK,BOSCHLTD,25-Jan-2018,20900,CE,0,0,0,1221.2,439.45,0,0,0,0,19-DEC-2017,
OPTSTK,BOSCHLTD,25-Jan-2018,20950,CE,0,0,0,1194.3,424.2,0,0,0,0,19-DEC-2017,
OPTSTK,BOSCHLTD,25-Jan-2018,21000,CE,0,0,0,1167.75,409.3,0,0,0,0,19-DEC-2017,
OPTSTK,BOSCHLTD,25-Jan-2018,21050,CE,0,0,0,1141.6,394.9,0,0,0,0,19-DEC-2017,
OPTSTK,BOSCHLTD,25-Jan-2018,21100,CE,0,0,0,1115.85,380.85,0,0,0,0,19-DEC-2017,
OPTSTK,BOSCHLTD,25-Jan-2018,21150,CE,0,0,0,1090.5,367.2,0,0,0,0,19-DEC-2017,
OPTSTK,BOSCHLTD,25-Jan-2018,21200,CE,0,0,0,1065.5,353.9,0,0,0,0,19-DEC-2017,
OPTSTK,BOSCHLTD,25-Jan-2018,21250,CE,0,0,0,1040.9,341.05,0,0,0,0,19-DEC-2017,
OPTSTK,BOSCHLTD,25-Jan-2018,21300,CE,0,0,0,1016.7,329.45,0,0,0,0,19-DEC-2017,
OPTSTK,BOSCHLTD,25-Jan-2018,21350,CE,0,0,0,992.9,317.4,0,0,0,0,19-DEC-2017,
OPTSTK,BOSCHLTD,25-Jan-2018,21400,CE,0,0,0,969.55,305.7,0,0,0,0,19-DEC-2017,
OPTSTK,BOSCHLTD,25-Jan-2018,21450,CE,0,0,0,946.55,294.35,0,0,0,0,19-DEC-2017,
OPTSTK,BOSCHLTD,25-Jan-2018,21500,CE,0,0,0,923.9,282.55,0,0,0,0,19-DEC-2017,
OPTSTK,BOSCHLTD,25-Jan-2018,21550,CE,0,0,0,901.7,271.8,0,0,0,0,19-DEC-2017,
OPTSTK,BOSCHLTD,25-Jan-2018,21600,CE,0,0,0,879.85,261.4,0,0,0,0,19-DEC-2017,
OPTSTK,BOSCHLTD,25-Jan-2018,21650,CE,0,0,0,858.4,251.35,0,0,0,0,19-DEC-2017,
OPTSTK,BOSCHLTD,25-Jan-2018,21700,CE,0,0,0,837.3,241.65,0,0,0,0,19-DEC-2017,
OPTSTK,BOSCHLTD,25-Jan-2018,21750,CE,0,0,0,816.6,232.2,0,0,0,0,19-DEC-2017,
OPTSTK,BOSCHLTD,25-Jan-2018,21800,CE,0,0,0,796.3,223.1,0,0,0,0,19-DEC-2017,
OPTSTK,BOSCHLTD,25-Jan-2018,21850,CE,0,0,0,776.35,214.25,0,0,0,0,19-DEC-2017,
OPTSTK,BOSCHLTD,25-Jan-2018,21900,CE,0,0,0,756.75,205.75,0,0,0,0,19-DEC-2017,
OPTSTK,BOSCHLTD,25-Jan-2018,21950,CE,0,0,0,737.55,197.5,0,0,0,0,19-DEC-2017,
OPTSTK,BOSCHLTD,25-Jan-2018,22000,CE,0,0,0,718.7,189.5,0,0,0,0,19-DEC-2017,
OPTSTK,BOSCHLTD,25-Jan-2018,22050,CE,0,0,0,700.2,181.85,0,0,0,0,19-DEC-2017,
OPTSTK,BOSCHLTD,25-Jan-2018,18450,PE,0,0,0,527.95,227.2,0,0,0,0,19-DEC-2017,
OPTSTK,BOSCHLTD,25-Jan-2018,18500,PE,0,0,0,546,238.55,0,0,0,0,19-DEC-2017,
OPTSTK,BOSCHLTD,25-Jan-2018,18550,PE,0,0,0,564.45,250.35,0,0,0,0,19-DEC-2017,
OPTSTK,BOSCHLTD,25-Jan-2018,18600,PE,0,0,0,583.3,262.55,0,0,0,0,19-DEC-2017,
OPTSTK,BOSCHLTD,25-Jan-2018,18650,PE,0,0,0,602.55,275.85,0,0,0,0,19-DEC-2017,
OPTSTK,BOSCHLTD,25-Jan-2018,18700,PE,0,0,0,431.9,288.85,0,0,0,0,19-DEC-2017,
OPTSTK,BOSCHLTD,25-Jan-2018,18750,PE,0,0,0,447.9,302.25,0,0,0,0,19-DEC-2017,
OPTSTK,BOSCHLTD,25-Jan-2018,18800,PE,0,0,0,464.25,316.1,0,0,0,0,19-DEC-2017,
OPTSTK,BOSCHLTD,25-Jan-2018,18850,PE,0,0,0,481.05,329.65,0,0,0,0,19-DEC-2017,
OPTSTK,BOSCHLTD,25-Jan-2018,18900,PE,0,0,0,498.2,344.5,0,0,0,0,19-DEC-2017,
OPTSTK,BOSCHLTD,25-Jan-2018,18950,PE,0,0,0,448.9,359.8,0,0,0,0,19-DEC-2017,
OPTSTK,BOSCHLTD,25-Jan-2018,19000,PE,0,0,0,465.05,375.55,0,0,0,0,19-DEC-2017,
OPTSTK,BOSCHLTD,25-Jan-2018,19050,PE,0,0,0,481.55,391.8,0,0,0,0,19-DEC-2017,
OPTSTK,BOSCHLTD,25-Jan-2018,19100,PE,0,0,0,498.45,408.5,0,0,0,0,19-DEC-2017,
OPTSTK,BOSCHLTD,25-Jan-2018,19150,PE,0,0,0,515.75,425.65,0,0,0,0,19-DEC-2017,
OPTSTK,BOSCHLTD,25-Jan-2018,19200,PE,0,0,0,533.45,443.35,0,0,0,0,19-DEC-2017,
OPTSTK,BOSCHLTD,25-Jan-2018,19250,PE,0,0,0,551.55,461.5,0,0,0,0,19-DEC-2017,
OPTSTK,BOSCHLTD,25-Jan-2018,19300,PE,0,0,0,570.05,480.1,0,0,0,0,19-DEC-2017,
OPTSTK,BOSCHLTD,25-Jan-2018,19350,PE,0,0,0,588.95,499.25,0,0,0,0,19-DEC-2017,
OPTSTK,BOSCHLTD,25-Jan-2018,19400,PE,0,0,0,608.25,518.85,0,0,0,0,19-DEC-2017,
OPTSTK,BOSCHLTD,25-Jan-2018,19450,PE,0,0,0,400,538.95,0,0,0,0,19-DEC-2017,
OPTSTK,BOSCHLTD,25-Jan-2018,19500,PE,0,0,0,415.3,559.55,0,0,0,0,19-DEC-2017,
OPTSTK,BOSCHLTD,25-Jan-2018,19550,PE,0,0,0,431.05,580.65,0,0,0,0,19-DEC-2017,
OPTSTK,BOSCHLTD,25-Jan-2018,19600,PE,0,0,0,447.15,602.25,0,0,0,0,19-DEC-2017,
OPTSTK,BOSCHLTD,25-Jan-2018,19650,PE,0,0,0,463.7,624.4,0,0,0,0,19-DEC-2017,
OPTSTK,BOSCHLTD,25-Jan-2018,19700,PE,0,0,0,480.6,647,0,0,0,0,19-DEC-2017,
OPTSTK,BOSCHLTD,25-Jan-2018,19750,PE,0,0,0,281.4,670.1,0,0,0,0,19-DEC-2017,
OPTSTK,BOSCHLTD,25-Jan-2018,19800,PE,0,0,0,294.55,693.7,0,0,0,0,19-DEC-2017,
OPTSTK,BOSCHLTD,25-Jan-2018,19850,PE,0,0,0,300.7,717.8,0,0,0,0,19-DEC-2017,
OPTSTK,BOSCHLTD,25-Jan-2018,19900,PE,0,0,0,314.2,742.3,0,0,0,0,19-DEC-2017,
OPTSTK,BOSCHLTD,25-Jan-2018,19950,PE,0,0,0,327.3,767.4,0,0,0,0,19-DEC-2017,
OPTSTK,BOSCHLTD,25-Jan-2018,20000,PE,0,0,0,393,793,0,0,0,0,19-DEC-2017,
OPTSTK,BOSCHLTD,25-Jan-2018,20050,PE,0,0,0,443.3,819.1,0,0,0,0,19-DEC-2017,
OPTSTK,BOSCHLTD,25-Jan-2018,20100,PE,0,0,0,458.95,845.7,0,0,0,0,19-DEC-2017,
OPTSTK,BOSCHLTD,25-Jan-2018,20150,PE,0,0,0,475,872.75,0,0,0,0,19-DEC-2017,
OPTSTK,BOSCHLTD,25-Jan-2018,20200,PE,0,0,0,491.45,900.35,0,0,0,0,19-DEC-2017,
OPTSTK,BOSCHLTD,25-Jan-2018,20250,PE,0,0,0,508.25,928.4,0,0,0,0,19-DEC-2017,
OPTSTK,BOSCHLTD,25-Jan-2018,20300,PE,0,0,0,525.45,956.9,0,0,0,0,19-DEC-2017,
OPTSTK,BOSCHLTD,25-Jan-2018,20350,PE,0,0,0,543,985.9,0,0,0,0,19-DEC-2017,
OPTSTK,BOSCHLTD,25-Jan-2018,20400,PE,0,0,0,560.95,1015.4,0,0,0,0,19-DEC-2017,
OPTSTK,BOSCHLTD,25-Jan-2018,20450,PE,0,0,0,579.3,1045.35,0,0,0,0,19-DEC-2017,
OPTSTK,BOSCHLTD,25-Jan-2018,20500,PE,0,0,0,598,1075.8,0,0,0,0,19-DEC-2017,
OPTSTK,BOSCHLTD,25-Jan-2018,20550,PE,0,0,0,617.15,1106.65,0,0,0,0,19-DEC-2017,
OPTSTK,BOSCHLTD,25-Jan-2018,20600,PE,0,0,0,636.65,1138,0,0,0,0,19-DEC-2017,
OPTSTK,BOSCHLTD,25-Jan-2018,20650,PE,0,0,0,656.55,1169.8,0,0,0,0,19-DEC-2017,
OPTSTK,BOSCHLTD,25-Jan-2018,20700,PE,0,0,0,676.85,1202.05,0,0,0,0,19-DEC-2017,
OPTSTK,BOSCHLTD,25-Jan-2018,20750,PE,0,0,0,697.55,1234.75,0,0,0,0,19-DEC-2017,
OPTSTK,BOSCHLTD,25-Jan-2018,20800,PE,0,0,0,718.65,1267.85,0,0,0,0,19-DEC-2017,
OPTSTK,BOSCHLTD,25-Jan-2018,20850,PE,0,0,0,740.1,1301.4,0,0,0,0,19-DEC-2017,
OPTSTK,BOSCHLTD,25-Jan-2018,20900,PE,0,0,0,762,1335.4,0,0,0,0,19-DEC-2017,
OPTSTK,BOSCHLTD,25-Jan-2018,20950,PE,0,0,0,784.3,1369.8,0,0,0,0,19-DEC-2017,
OPTSTK,BOSCHLTD,25-Jan-2018,21000,PE,0,0,0,806.95,1404.65,0,0,0,0,19-DEC-2017,
OPTSTK,BOSCHLTD,25-Jan-2018,21050,PE,0,0,0,830.05,1439.85,0,0,0,0,19-DEC-2017,
OPTSTK,BOSCHLTD,25-Jan-2018,21100,PE,0,0,0,853.5,1475.5,0,0,0,0,19-DEC-2017,
OPTSTK,BOSCHLTD,25-Jan-2018,21150,PE,0,0,0,877.35,1511.5,0,0,0,0,19-DEC-2017,
OPTSTK,BOSCHLTD,25-Jan-2018,21200,PE,0,0,0,901.6,1547.9,0,0,0,0,19-DEC-2017,
OPTSTK,BOSCHLTD,25-Jan-2018,21250,PE,0,0,0,926.2,1584.7,0,0,0,0,19-DEC-2017,
OPTSTK,BOSCHLTD,25-Jan-2018,21300,PE,0,0,0,951.2,1622.8,0,0,0,0,19-DEC-2017,
OPTSTK,BOSCHLTD,25-Jan-2018,21350,PE,0,0,0,976.65,1660.4,0,0,0,0,19-DEC-2017,
OPTSTK,BOSCHLTD,25-Jan-2018,21400,PE,0,0,0,1002.5,1698.4,0,0,0,0,19-DEC-2017,
OPTSTK,BOSCHLTD,25-Jan-2018,21450,PE,0,0,0,1028.7,1736.75,0,0,0,0,19-DEC-2017,
OPTSTK,BOSCHLTD,25-Jan-2018,21500,PE,0,0,0,1055.3,1774.6,0,0,0,0,19-DEC-2017,
OPTSTK,BOSCHLTD,25-Jan-2018,21550,PE,0,0,0,1082.3,1813.55,0,0,0,0,19-DEC-2017,
OPTSTK,BOSCHLTD,25-Jan-2018,21600,PE,0,0,0,1109.65,1852.8,0,0,0,0,19-DEC-2017,
OPTSTK,BOSCHLTD,25-Jan-2018,21650,PE,0,0,0,1137.45,1892.45,0,0,0,0,19-DEC-2017,
OPTSTK,BOSCHLTD,25-Jan-2018,21700,PE,0,0,0,1165.55,1932.4,0,0,0,0,19-DEC-2017,
OPTSTK,BOSCHLTD,25-Jan-2018,21750,PE,0,0,0,1194.1,1972.65,0,0,0,0,19-DEC-2017,
OPTSTK,BOSCHLTD,25-Jan-2018,21800,PE,0,0,0,1222.95,2013.2,0,0,0,0,19-DEC-2017,
OPTSTK,BOSCHLTD,25-Jan-2018,21850,PE,0,0,0,1252.25,2054.05,0,0,0,0,19-DEC-2017,
OPTSTK,BOSCHLTD,25-Jan-2018,21900,PE,0,0,0,1281.85,2095.2,0,0,0,0,19-DEC-2017,
OPTSTK,BOSCHLTD,25-Jan-2018,21950,PE,0,0,0,1311.85,2136.6,0,0,0,0,19-DEC-2017,
OPTSTK,BOSCHLTD,25-Jan-2018,22000,PE,0,0,0,1342.25,2178.3,0,0,0,0,19-DEC-2017,
OPTSTK,BOSCHLTD,25-Jan-2018,22050,PE,0,0,0,1372.95,2220.3,0,0,0,0,19-DEC-2017,
OPTSTK,BOSCHLTD,22-Feb-2018,18650,CE,0,0,0,1679.5,1883.6,0,0,0,0,19-DEC-2017,
OPTSTK,BOSCHLTD,22-Feb-2018,18700,CE,0,0,0,1652.05,1849.6,0,0,0,0,19-DEC-2017,
OPTSTK,BOSCHLTD,22-Feb-2018,18750,CE,0,0,0,1624.85,1816,0,0,0,0,19-DEC-2017,
OPTSTK,BOSCHLTD,22-Feb-2018,18800,CE,0,0,0,1598,1782.75,0,0,0,0,19-DEC-2017,
OPTSTK,BOSCHLTD,22-Feb-2018,18850,CE,0,0,0,1571.45,1749.85,0,0,0,0,19-DEC-2017,
OPTSTK,BOSCHLTD,22-Feb-2018,18900,CE,0,0,0,1910.75,1717.35,0,0,0,0,19-DEC-2017,
OPTSTK,BOSCHLTD,22-Feb-2018,18950,CE,0,0,0,1879.6,1685.2,0,0,0,0,19-DEC-2017,
OPTSTK,BOSCHLTD,22-Feb-2018,19000,CE,0,0,0,1984.6,1653.4,0,0,0,0,19-DEC-2017,
OPTSTK,BOSCHLTD,22-Feb-2018,19050,CE,0,0,0,1953.95,1621.95,0,0,0,0,19-DEC-2017,
OPTSTK,BOSCHLTD,22-Feb-2018,19100,CE,0,0,0,1923.65,1590.9,0,0,0,0,19-DEC-2017,
OPTSTK,BOSCHLTD,22-Feb-2018,19150,CE,0,0,0,1893.65,1560.2,0,0,0,0,19-DEC-2017,
OPTSTK,BOSCHLTD,22-Feb-2018,19200,CE,0,0,0,1863.95,1529.85,0,0,0,0,19-DEC-2017,
OPTSTK,BOSCHLTD,22-Feb-2018,19250,CE,0,0,0,1834.55,1499.9,0,0,0,0,19-DEC-2017,
OPTSTK,BOSCHLTD,22-Feb-2018,19300,CE,0,0,0,1805.5,1470.35,0,0,0,0,19-DEC-2017,
OPTSTK,BOSCHLTD,22-Feb-2018,19350,CE,0,0,0,2037.45,1441.15,0,0,0,0,19-DEC-2017,
OPTSTK,BOSCHLTD,22-Feb-2018,19400,CE,0,0,0,2007.15,1412.3,0,0,0,0,19-DEC-2017,
OPTSTK,BOSCHLTD,22-Feb-2018,19450,CE,0,0,0,1977.1,1383.85,0,0,0,0,19-DEC-2017,
OPTSTK,BOSCHLTD,22-Feb-2018,19500,CE,0,0,0,1947.3,1355.8,0,0,0,0,19-DEC-2017,
OPTSTK,BOSCHLTD,22-Feb-2018,19550,CE,0,0,0,1917.85,1328.1,0,0,0,0,19-DEC-2017,
OPTSTK,BOSCHLTD,22-Feb-2018,19600,CE,0,0,0,1888.7,1300.8,0,0,0,0,19-DEC-2017,
OPTSTK,BOSCHLTD,22-Feb-2018,19650,CE,0,0,0,1859.8,1273.85,0,0,0,0,19-DEC-2017,
OPTSTK,BOSCHLTD,22-Feb-2018,19700,CE,0,0,0,1831.2,1247.3,0,0,0,0,19-DEC-2017,
OPTSTK,BOSCHLTD,22-Feb-2018,19750,CE,0,0,0,1802.95,1221.1,0,0,0,0,19-DEC-2017,
OPTSTK,BOSCHLTD,22-Feb-2018,19800,CE,0,0,0,1774.95,1195.3,0,0,0,0,19-DEC-2017,
OPTSTK,BOSCHLTD,22-Feb-2018,19850,CE,0,0,0,1747.25,1169.85,0,0,0,0,19-DEC-2017,
OPTSTK,BOSCHLTD,22-Feb-2018,19900,CE,0,0,0,1719.8,1144.8,0,0,0,0,19-DEC-2017,
OPTSTK,BOSCHLTD,22-Feb-2018,19950,CE,0,0,0,1692.7,1120,0,0,0,0,19-DEC-2017,
OPTSTK,BOSCHLTD,22-Feb-2018,20000,CE,0,0,0,1665.9,1095.7,0,0,0,0,19-DEC-2017,
OPTSTK,BOSCHLTD,22-Feb-2018,20050,CE,0,0,0,1639.35,1071.75,0,0,0,0,19-DEC-2017,
OPTSTK,BOSCHLTD,22-Feb-2018,20100,CE,0,0,0,1613.1,1048.15,0,0,0,0,19-DEC-2017,
OPTSTK,BOSCHLTD,22-Feb-2018,20150,CE,0,0,0,1587.15,1024.95,0,0,0,0,19-DEC-2017,
OPTSTK,BOSCHLTD,22-Feb-2018,20200,CE,0,0,0,1561.5,1002.15,0,0,0,0,19-DEC-2017,
OPTSTK,BOSCHLTD,22-Feb-2018,20250,CE,0,0,0,1536.15,979.65,0,0,0,0,19-DEC-2017,
OPTSTK,BOSCHLTD,22-Feb-2018,20300,CE,0,0,0,1511.1,957.55,0,0,0,0,19-DEC-2017,
OPTSTK,BOSCHLTD,22-Feb-2018,20350,CE,0,0,0,1486.25,935.8,0,0,0,0,19-DEC-2017,
OPTSTK,BOSCHLTD,22-Feb-2018,20400,CE,0,0,0,1461.75,914.45,0,0,0,0,19-DEC-2017,
OPTSTK,BOSCHLTD,22-Feb-2018,20450,CE,0,0,0,1437.55,893.4,0,0,0,0,19-DEC-2017,
OPTSTK,BOSCHLTD,22-Feb-2018,20500,CE,0,0,0,1413.65,872.75,0,0,0,0,19-DEC-2017,
OPTSTK,BOSCHLTD,22-Feb-2018,20550,CE,0,0,0,1390,852.45,0,0,0,0,19-DEC-2017,
OPTSTK,BOSCHLTD,22-Feb-2018,20600,CE,0,0,0,1366.65,832.45,0,0,0,0,19-DEC-2017,
OPTSTK,BOSCHLTD,22-Feb-2018,20650,CE,0,0,0,1343.6,812.85,0,0,0,0,19-DEC-2017,
OPTSTK,BOSCHLTD,22-Feb-2018,20700,CE,0,0,0,1320.85,793.6,0,0,0,0,19-DEC-2017,
OPTSTK,BOSCHLTD,22-Feb-2018,20750,CE,0,0,0,1298.35,774.7,0,0,0,0,19-DEC-2017,
OPTSTK,BOSCHLTD,22-Feb-2018,20800,CE,0,0,0,1276.15,756.1,0,0,0,0,19-DEC-2017,
OPTSTK,BOSCHLTD,22-Feb-2018,20850,CE,0,0,0,1254.25,737.85,0,0,0,0,19-DEC-2017,
OPTSTK,BOSCHLTD,22-Feb-2018,20900,CE,0,0,0,1232.6,720,0,0,0,0,19-DEC-2017,
OPTSTK,BOSCHLTD,22-Feb-2018,20950,CE,0,0,0,1211.25,702.4,0,0,0,0,19-DEC-2017,
OPTSTK,BOSCHLTD,22-Feb-2018,21000,CE,0,0,0,1190.15,685.15,0,0,0,0,19-DEC-2017,
OPTSTK,BOSCHLTD,22-Feb-2018,21050,CE,0,0,0,1169.35,668.25,0,0,0,0,19-DEC-2017,
OPTSTK,BOSCHLTD,22-Feb-2018,21100,CE,0,0,0,1148.8,651.7,0,0,0,0,19-DEC-2017,
OPTSTK,BOSCHLTD,22-Feb-2018,21150,CE,0,0,0,1128.55,635.4,0,0,0,0,19-DEC-2017,
OPTSTK,BOSCHLTD,22-Feb-2018,21200,CE,0,0,0,1108.55,619.5,0,0,0,0,19-DEC-2017,
OPTSTK,BOSCHLTD,22-Feb-2018,21250,CE,0,0,0,1088.8,603.85,0,0,0,0,19-DEC-2017,
OPTSTK,BOSCHLTD,22-Feb-2018,21300,CE,0,0,0,1069.35,588.55,0,0,0,0,19-DEC-2017,
OPTSTK,BOSCHLTD,22-Feb-2018,21350,CE,0,0,0,1050.15,573.5,0,0,0,0,19-DEC-2017,
OPTSTK,BOSCHLTD,22-Feb-2018,18650,PE,0,0,0,926.65,452.85,0,0,0,0,19-DEC-2017,
OPTSTK,BOSCHLTD,22-Feb-2018,18700,PE,0,0,0,948.45,468.35,0,0,0,0,19-DEC-2017,
OPTSTK,BOSCHLTD,22-Feb-2018,18750,PE,0,0,0,970.6,484.15,0,0,0,0,19-DEC-2017,
OPTSTK,BOSCHLTD,22-Feb-2018,18800,PE,0,0,0,993.05,500.35,0,0,0,0,19-DEC-2017,
OPTSTK,BOSCHLTD,22-Feb-2018,18850,PE,0,0,0,1015.85,516.9,0,0,0,0,19-DEC-2017,
OPTSTK,BOSCHLTD,22-Feb-2018,18900,PE,0,0,0,657.35,533.8,0,0,0,0,19-DEC-2017,
OPTSTK,BOSCHLTD,22-Feb-2018,18950,PE,0,0,0,675.5,551.05,0,0,0,0,19-DEC-2017,
OPTSTK,BOSCHLTD,22-Feb-2018,19000,PE,0,0,0,729.3,568.65,0,0,0,0,19-DEC-2017,
OPTSTK,BOSCHLTD,22-Feb-2018,19050,PE,0,0,0,748,586.65,0,0,0,0,19-DEC-2017,
OPTSTK,BOSCHLTD,22-Feb-2018,19100,PE,0,0,0,767,605.05,0,0,0,0,19-DEC-2017,
OPTSTK,BOSCHLTD,22-Feb-2018,19150,PE,0,0,0,786.3,623.75,0,0,0,0,19-DEC-2017,
OPTSTK,BOSCHLTD,22-Feb-2018,19200,PE,0,0,0,805.9,642.9,0,0,0,0,19-DEC-2017,
OPTSTK,BOSCHLTD,22-Feb-2018,19250,PE,0,0,0,825.8,662.35,0,0,0,0,19-DEC-2017,
OPTSTK,BOSCHLTD,22-Feb-2018,19300,PE,0,0,0,846,682.2,0,0,0,0,19-DEC-2017,
OPTSTK,BOSCHLTD,22-Feb-2018,19350,PE,0,0,0,771.7,702.45,0,0,0,0,19-DEC-2017,
OPTSTK,BOSCHLTD,22-Feb-2018,19400,PE,0,0,0,790.6,723.05,0,0,0,0,19-DEC-2017,
OPTSTK,BOSCHLTD,22-Feb-2018,19450,PE,0,0,0,809.85,744.05,0,0,0,0,19-DEC-2017,
OPTSTK,BOSCHLTD,22-Feb-2018,19500,PE,0,0,0,829.35,765.4,0,0,0,0,19-DEC-2017,
OPTSTK,BOSCHLTD,22-Feb-2018,19550,PE,0,0,0,849.15,787.15,0,0,0,0,19-DEC-2017,
OPTSTK,BOSCHLTD,22-Feb-2018,19600,PE,0,0,0,869.25,809.25,0,0,0,0,19-DEC-2017,
OPTSTK,BOSCHLTD,22-Feb-2018,19650,PE,0,0,0,889.65,831.75,0,0,0,0,19-DEC-2017,
OPTSTK,BOSCHLTD,22-Feb-2018,19700,PE,0,0,0,910.35,854.6,0,0,0,0,19-DEC-2017,
OPTSTK,BOSCHLTD,22-Feb-2018,19750,PE,0,0,0,931.3,877.85,0,0,0,0,19-DEC-2017,
OPTSTK,BOSCHLTD,22-Feb-2018,19800,PE,0,0,0,952.6,901.45,0,0,0,0,19-DEC-2017,
OPTSTK,BOSCHLTD,22-Feb-2018,19850,PE,0,0,0,974.15,925.45,0,0,0,0,19-DEC-2017,
OPTSTK,BOSCHLTD,22-Feb-2018,19900,PE,0,0,0,996,949.8,0,0,0,0,19-DEC-2017,
OPTSTK,BOSCHLTD,22-Feb-2018,19950,PE,0,0,0,1018.2,974.45,0,0,0,0,19-DEC-2017,
OPTSTK,BOSCHLTD,22-Feb-2018,20000,PE,0,0,0,1040.6,999.6,0,0,0,0,19-DEC-2017,
OPTSTK,BOSCHLTD,22-Feb-2018,20050,PE,0,0,0,1063.35,1025.05,0,0,0,0,19-DEC-2017,
OPTSTK,BOSCHLTD,22-Feb-2018,20100,PE,0,0,0,1086.4,1050.9,0,0,0,0,19-DEC-2017,
OPTSTK,BOSCHLTD,22-Feb-2018,20150,PE,0,0,0,1109.75,1077.15,0,0,0,0,19-DEC-2017,
OPTSTK,BOSCHLTD,22-Feb-2018,20200,PE,0,0,0,1133.35,1103.75,0,0,0,0,19-DEC-2017,
OPTSTK,BOSCHLTD,22-Feb-2018,20250,PE,0,0,0,1157.25,1130.7,0,0,0,0,19-DEC-2017,
OPTSTK,BOSCHLTD,22-Feb-2018,20300,PE,0,0,0,1181.45,1158.05,0,0,0,0,19-DEC-2017,
OPTSTK,BOSCHLTD,22-Feb-2018,20350,PE,0,0,0,1205.85,1185.7,0,0,0,0,19-DEC-2017,
OPTSTK,BOSCHLTD,22-Feb-2018,20400,PE,0,0,0,1230.65,1213.75,0,0,0,0,19-DEC-2017,
OPTSTK,BOSCHLTD,22-Feb-2018,20450,PE,0,0,0,1255.7,1242.15,0,0,0,0,19-DEC-2017,
OPTSTK,BOSCHLTD,22-Feb-2018,20500,PE,0,0,0,1281.1,1270.95,0,0,0,0,19-DEC-2017,
OPTSTK,BOSCHLTD,22-Feb-2018,20550,PE,0,0,0,1306.75,1300.05,0,0,0,0,19-DEC-2017,
OPTSTK,BOSCHLTD,22-Feb-2018,20600,PE,0,0,0,1332.65,1329.5,0,0,0,0,19-DEC-2017,
OPTSTK,BOSCHLTD,22-Feb-2018,20650,PE,0,0,0,1358.9,1359.35,0,0,0,0,19-DEC-2017,
OPTSTK,BOSCHLTD,22-Feb-2018,20700,PE,0,0,0,1385.4,1389.5,0,0,0,0,19-DEC-2017,
OPTSTK,BOSCHLTD,22-Feb-2018,20750,PE,0,0,0,1412.15,1420,0,0,0,0,19-DEC-2017,
OPTSTK,BOSCHLTD,22-Feb-2018,20800,PE,0,0,0,1439.25,1450.9,0,0,0,0,19-DEC-2017,
OPTSTK,BOSCHLTD,22-Feb-2018,20850,PE,0,0,0,1466.6,1482.05,0,0,0,0,19-DEC-2017,
OPTSTK,BOSCHLTD,22-Feb-2018,20900,PE,0,0,0,1494.2,1513.6,0,0,0,0,19-DEC-2017,
OPTSTK,BOSCHLTD,22-Feb-2018,20950,PE,0,0,0,1522.1,1545.45,0,0,0,0,19-DEC-2017,
OPTSTK,BOSCHLTD,22-Feb-2018,21000,PE,0,0,0,1550.3,1577.65,0,0,0,0,19-DEC-2017,
OPTSTK,BOSCHLTD,22-Feb-2018,21050,PE,0,0,0,1578.75,1610.2,0,0,0,0,19-DEC-2017,
OPTSTK,BOSCHLTD,22-Feb-2018,21100,PE,0,0,0,1607.5,1643.05,0,0,0,0,19-DEC-2017,
OPTSTK,BOSCHLTD,22-Feb-2018,21150,PE,0,0,0,1636.5,1676.2,0,0,0,0,19-DEC-2017,
OPTSTK,BOSCHLTD,22-Feb-2018,21200,PE,0,0,0,1665.8,1709.7,0,0,0,0,19-DEC-2017,
OPTSTK,BOSCHLTD,22-Feb-2018,21250,PE,0,0,0,1695.35,1743.5,0,0,0,0,19-DEC-2017,
OPTSTK,BOSCHLTD,22-Feb-2018,21300,PE,0,0,0,1725.15,1777.6,0,0,0,0,19-DEC-2017,
OPTSTK,BOSCHLTD,22-Feb-2018,21350,PE,0,0,0,1755.25,1812,0,0,0,0,19-DEC-2017,
OPTSTK,BPCL,28-Dec-2017,330,CE,0,0,0,139.2,203.6,0,0,0,0,19-DEC-2017,
OPTSTK,BPCL,28-Dec-2017,340,CE,0,0,0,129.9,193.6,0,0,0,0,19-DEC-2017,
OPTSTK,BPCL,28-Dec-2017,350,CE,0,0,0,120.8,183.6,0,0,0,0,19-DEC-2017,
OPTSTK,BPCL,28-Dec-2017,360,CE,0,0,0,111.9,173.65,0,0,0,0,19-DEC-2017,
OPTSTK,BPCL,28-Dec-2017,370,CE,0,0,0,103.3,163.65,0,0,0,0,19-DEC-2017,
OPTSTK,BPCL,28-Dec-2017,380,CE,0,0,0,94.95,153.65,0,0,0,0,19-DEC-2017,
OPTSTK,BPCL,28-Dec-2017,390,CE,0,0,0,86.9,143.7,0,0,0,0,19-DEC-2017,
OPTSTK,BPCL,28-Dec-2017,400,CE,0,0,0,79.25,133.7,0,0,0,0,19-DEC-2017,
OPTSTK,BPCL,28-Dec-2017,410,CE,0,0,0,71.95,123.7,0,0,0,0,19-DEC-2017,
OPTSTK,BPCL,28-Dec-2017,420,CE,0,0,0,65.05,113.7,0,0,0,0,19-DEC-2017,
OPTSTK,BPCL,28-Dec-2017,430,CE,0,0,0,58.6,103.75,0,0,0,0,19-DEC-2017,
OPTSTK,BPCL,28-Dec-2017,440,CE,0,0,0,52.55,93.75,0,0,0,0,19-DEC-2017,
OPTSTK,BPCL,28-Dec-2017,450,CE,0,0,0,51.95,83.75,0,0,3600,0,19-DEC-2017,
OPTSTK,BPCL,28-Dec-2017,460,CE,0,0,0,46.6,73.8,0,0,3600,0,19-DEC-2017,
OPTSTK,BPCL,28-Dec-2017,470,CE,0,0,0,27.6,63.8,0,0,3600,0,19-DEC-2017,
OPTSTK,BPCL,28-Dec-2017,480,CE,0,0,0,41,53.9,0,0,14400,0,19-DEC-2017,
OPTSTK,BPCL,28-Dec-2017,490,CE,0,0,0,26.95,44.15,0,0,18000,0,19-DEC-2017,
OPTSTK,BPCL,28-Dec-2017,500,CE,28.25,31.5,28.25,29,29,7,66.75,90000,-1800,19-DEC-2017,
OPTSTK,BPCL,28-Dec-2017,510,CE,20,22.5,19.25,22.5,22.5,9,86.09,77400,-9000,19-DEC-2017,
OPTSTK,BPCL,28-Dec-2017,520,CE,13.55,16,12.6,14.45,14.45,171,1644.76,149400,-12600,19-DEC-2017,
OPTSTK,BPCL,28-Dec-2017,530,CE,8,10.1,7.75,8.8,8.8,440,4268.43,210600,18000,19-DEC-2017,
OPTSTK,BPCL,28-Dec-2017,540,CE,4.65,6,4.45,4.85,4.85,420,4121.07,280800,43200,19-DEC-2017,
OPTSTK,BPCL,28-Dec-2017,550,CE,2.35,3.25,2.35,2.6,2.6,98,975.07,162000,18000,19-DEC-2017,
OPTSTK,BPCL,28-Dec-2017,560,CE,1.55,1.75,1.2,1.25,1.25,106,1071.22,109800,12600,19-DEC-2017,
OPTSTK,BPCL,28-Dec-2017,570,CE,0.75,0.95,0.7,0.75,0.75,17,174.66,45000,5400,19-DEC-2017,
OPTSTK,BPCL,28-Dec-2017,580,CE,0.5,0.5,0.4,0.45,0.45,9,94.03,12600,1800,19-DEC-2017,
OPTSTK,BPCL,28-Dec-2017,590,CE,0.1,0.1,0.1,0.1,0.1,2,21.24,23400,0,19-DEC-2017,
OPTSTK,BPCL,28-Dec-2017,600,CE,0,0,0,0.25,0.05,0,0,3600,0,19-DEC-2017,
OPTSTK,BPCL,28-Dec-2017,610,CE,0,0,0,4.85,0.05,0,0,0,0,19-DEC-2017,
OPTSTK,BPCL,28-Dec-2017,620,CE,0,0,0,4.1,0,0,0,0,0,19-DEC-2017,
OPTSTK,BPCL,28-Dec-2017,630,CE,0,0,0,3.45,0,0,0,0,0,19-DEC-2017,
OPTSTK,BPCL,28-Dec-2017,640,CE,0,0,0,2.9,0,0,0,0,0,19-DEC-2017,
OPTSTK,BPCL,28-Dec-2017,330,PE,0,0,0,1.2,0,0,0,0,0,19-DEC-2017,
OPTSTK,BPCL,28-Dec-2017,340,PE,0,0,0,1.8,0,0,0,0,0,19-DEC-2017,
OPTSTK,BPCL,28-Dec-2017,350,PE,0,0,0,2.5,0,0,0,0,0,19-DEC-2017,
OPTSTK,BPCL,28-Dec-2017,360,PE,0,0,0,3.45,0,0,0,0,0,19-DEC-2017,
OPTSTK,BPCL,28-Dec-2017,370,PE,0,0,0,4.65,0,0,0,0,0,19-DEC-2017,
OPTSTK,BPCL,28-Dec-2017,380,PE,0,0,0,6.15,0,0,0,0,0,19-DEC-2017,
OPTSTK,BPCL,28-Dec-2017,390,PE,0,0,0,8,0,0,0,0,0,19-DEC-2017,
OPTSTK,BPCL,28-Dec-2017,400,PE,0,0,0,10.15,0,0,0,0,0,19-DEC-2017,
OPTSTK,BPCL,28-Dec-2017,410,PE,0,0,0,12.75,0,0,0,0,0,19-DEC-2017,
OPTSTK,BPCL,28-Dec-2017,420,PE,0,0,0,15.7,0,0,0,0,0,19-DEC-2017,
OPTSTK,BPCL,28-Dec-2017,430,PE,0,0,0,1,0,0,0,7200,0,19-DEC-2017,
OPTSTK,BPCL,28-Dec-2017,440,PE,0,0,0,0.5,0,0,0,19800,0,19-DEC-2017,
OPTSTK,BPCL,28-Dec-2017,450,PE,0,0,0,0.45,0,0,0,12600,0,19-DEC-2017,
OPTSTK,BPCL,28-Dec-2017,460,PE,0,0,0,0.55,0,0,0,70200,0,19-DEC-2017,
OPTSTK,BPCL,28-Dec-2017,470,PE,0.35,0.45,0.35,0.45,0.45,6,50.8,79200,-1800,19-DEC-2017,
OPTSTK,BPCL,28-Dec-2017,480,PE,0.85,1.95,0.5,1.95,1.95,42,363.4,142200,16200,19-DEC-2017,
OPTSTK,BPCL,28-Dec-2017,490,PE,1.05,1.2,0.85,0.95,0.95,65,574.47,72000,-19800,19-DEC-2017,
OPTSTK,BPCL,28-Dec-2017,500,PE,1.9,2.15,1.45,1.55,1.55,96,867.09,300600,41400,19-DEC-2017,
OPTSTK,BPCL,28-Dec-2017,510,PE,4.1,4.1,2.7,2.7,2.7,60,554.25,111600,3600,19-DEC-2017,
OPTSTK,BPCL,28-Dec-2017,520,PE,6.2,7.25,4.8,5.1,5.1,164,1552.04,169200,46800,19-DEC-2017,
OPTSTK,BPCL,28-Dec-2017,530,PE,11.25,11.25,8.75,8.9,8.9,89,864.48,86400,39600,19-DEC-2017,
OPTSTK,BPCL,28-Dec-2017,540,PE,17.6,17.6,15,15.5,15.5,6,60.02,25200,3600,19-DEC-2017,
OPTSTK,BPCL,28-Dec-2017,550,PE,23.2,23.2,23.2,23.2,23.2,1,10.31,7200,0,19-DEC-2017,
OPTSTK,BPCL,28-Dec-2017,560,PE,0,0,0,40.05,28.1,0,0,1800,0,19-DEC-2017,
OPTSTK,BPCL,28-Dec-2017,570,PE,0,0,0,107.45,37,0,0,0,0,19-DEC-2017,
OPTSTK,BPCL,28-Dec-2017,580,PE,0,0,0,115.95,46.45,0,0,0,0,19-DEC-2017,
OPTSTK,BPCL,28-Dec-2017,590,PE,0,0,0,124.65,56.2,0,0,0,0,19-DEC-2017,
OPTSTK,BPCL,28-Dec-2017,600,PE,0,0,0,133.5,66.1,0,0,0,0,19-DEC-2017,
OPTSTK,BPCL,28-Dec-2017,610,PE,0,0,0,142.5,76.05,0,0,0,0,19-DEC-2017,
OPTSTK,BPCL,28-Dec-2017,620,PE,0,0,0,151.6,86,0,0,0,0,19-DEC-2017,
OPTSTK,BPCL,28-Dec-2017,630,PE,0,0,0,160.8,96,0,0,0,0,19-DEC-2017,
OPTSTK,BPCL,28-Dec-2017,640,PE,0,0,0,170.1,106,0,0,0,0,19-DEC-2017,
OPTSTK,BPCL,25-Jan-2018,340,CE,0,0,0,202,195.3,0,0,0,0,19-DEC-2017,
OPTSTK,BPCL,25-Jan-2018,350,CE,0,0,0,192.25,185.35,0,0,0,0,19-DEC-2017,
OPTSTK,BPCL,25-Jan-2018,360,CE,0,0,0,182.6,175.4,0,0,0,0,19-DEC-2017,
OPTSTK,BPCL,25-Jan-2018,370,CE,0,0,0,172.95,165.5,0,0,0,0,19-DEC-2017,
OPTSTK,BPCL,25-Jan-2018,380,CE,0,0,0,163.45,155.55,0,0,0,0,19-DEC-2017,
OPTSTK,BPCL,25-Jan-2018,390,CE,0,0,0,154.05,145.6,0,0,0,0,19-DEC-2017,
OPTSTK,BPCL,25-Jan-2018,400,CE,0,0,0,144.75,135.7,0,0,0,0,19-DEC-2017,
OPTSTK,BPCL,25-Jan-2018,410,CE,0,0,0,135.65,125.75,0,0,0,0,19-DEC-2017,
OPTSTK,BPCL,25-Jan-2018,420,CE,0,0,0,126.75,115.85,0,0,0,0,19-DEC-2017,
OPTSTK,BPCL,25-Jan-2018,430,CE,0,0,0,118.05,106,0,0,0,0,19-DEC-2017,
OPTSTK,BPCL,25-Jan-2018,440,CE,0,0,0,109.55,96.25,0,0,0,0,19-DEC-2017,
OPTSTK,BPCL,25-Jan-2018,450,CE,0,0,0,101.4,86.55,0,0,0,0,19-DEC-2017,
OPTSTK,BPCL,25-Jan-2018,460,CE,0,0,0,93.5,77.05,0,0,0,0,19-DEC-2017,
OPTSTK,BPCL,25-Jan-2018,470,CE,0,0,0,85.95,67.85,0,0,0,0,19-DEC-2017,
OPTSTK,BPCL,25-Jan-2018,480,CE,0,0,0,78.8,59,0,0,0,0,19-DEC-2017,
OPTSTK,BPCL,25-Jan-2018,490,CE,0,0,0,71.9,50.55,0,0,0,0,19-DEC-2017,
OPTSTK,BPCL,25-Jan-2018,500,CE,0,0,0,65.45,42.7,0,0,0,0,19-DEC-2017,
OPTSTK,BPCL,25-Jan-2018,510,CE,0,0,0,20.15,35.5,0,0,3600,0,19-DEC-2017,
OPTSTK,BPCL,25-Jan-2018,520,CE,0,0,0,19.05,29.05,0,0,21600,0,19-DEC-2017,
OPTSTK,BPCL,25-Jan-2018,530,CE,0,0,0,48.35,23.35,0,0,0,0,19-DEC-2017,
OPTSTK,BPCL,25-Jan-2018,540,CE,0,0,0,8.85,18.45,0,0,3600,0,19-DEC-2017,
OPTSTK,BPCL,25-Jan-2018,550,CE,9.4,9.4,9.4,9.4,9.4,5,50.34,10800,9000,19-DEC-2017,
OPTSTK,BPCL,25-Jan-2018,560,CE,0,0,0,34.7,10.95,0,0,0,0,19-DEC-2017,
OPTSTK,BPCL,25-Jan-2018,570,CE,5.6,5.6,5.6,5.6,5.6,1,10.36,1800,1800,19-DEC-2017,
OPTSTK,BPCL,25-Jan-2018,580,CE,3.7,3.7,3.7,3.7,3.7,1,10.5,1800,1800,19-DEC-2017,
OPTSTK,BPCL,25-Jan-2018,590,CE,0,0,0,24.25,4.35,0,0,0,0,19-DEC-2017,
OPTSTK,BPCL,25-Jan-2018,600,CE,0,0,0,21.4,3.1,0,0,0,0,19-DEC-2017,
OPTSTK,BPCL,25-Jan-2018,610,CE,0,0,0,18.85,2.15,0,0,0,0,19-DEC-2017,
OPTSTK,BPCL,25-Jan-2018,620,CE,0,0,0,16.55,1.5,0,0,0,0,19-DEC-2017,
OPTSTK,BPCL,25-Jan-2018,630,CE,0,0,0,14.5,1,0,0,0,0,19-DEC-2017,
OPTSTK,BPCL,25-Jan-2018,640,CE,0,0,0,12.65,0.7,0,0,0,0,19-DEC-2017,
OPTSTK,BPCL,25-Jan-2018,340,PE,0,0,0,0.2,0,0,0,0,0,19-DEC-2017,
OPTSTK,BPCL,25-Jan-2018,350,PE,0,0,0,0.3,0,0,0,0,0,19-DEC-2017,
OPTSTK,BPCL,25-Jan-2018,360,PE,0,0,0,0.5,0,0,0,0,0,19-DEC-2017,
OPTSTK,BPCL,25-Jan-2018,370,PE,0,0,0,0.7,0,0,0,0,0,19-DEC-2017,
OPTSTK,BPCL,25-Jan-2018,380,PE,0,0,0,1.05,0,0,0,0,0,19-DEC-2017,
OPTSTK,BPCL,25-Jan-2018,390,PE,0,0,0,1.45,0,0,0,0,0,19-DEC-2017,
OPTSTK,BPCL,25-Jan-2018,400,PE,0,0,0,2.05,0.05,0,0,0,0,19-DEC-2017,
OPTSTK,BPCL,25-Jan-2018,410,PE,0,0,0,2.75,0.05,0,0,0,0,19-DEC-2017,
OPTSTK,BPCL,25-Jan-2018,420,PE,0,0,0,3.7,0.1,0,0,0,0,19-DEC-2017,
OPTSTK,BPCL,25-Jan-2018,430,PE,0,0,0,4.85,0.15,0,0,0,0,19-DEC-2017,
OPTSTK,BPCL,25-Jan-2018,440,PE,0,0,0,6.2,0.3,0,0,0,0,19-DEC-2017,
OPTSTK,BPCL,25-Jan-2018,450,PE,0,0,0,7.9,0.6,0,0,0,0,19-DEC-2017,
OPTSTK,BPCL,25-Jan-2018,460,PE,0,0,0,5.6,1.05,0,0,10800,0,19-DEC-2017,
OPTSTK,BPCL,25-Jan-2018,470,PE,0,0,0,5,1.75,0,0,1800,0,19-DEC-2017,
OPTSTK,BPCL,25-Jan-2018,480,PE,0,0,0,8,2.8,0,0,1800,0,19-DEC-2017,
OPTSTK,BPCL,25-Jan-2018,490,PE,0,0,0,17.8,4.35,0,0,0,0,19-DEC-2017,
OPTSTK,BPCL,25-Jan-2018,500,PE,0,0,0,21.15,6.4,0,0,0,0,19-DEC-2017,
OPTSTK,BPCL,25-Jan-2018,510,PE,11,11,10.85,10.9,10.9,8,75.01,21600,12600,19-DEC-2017,
OPTSTK,BPCL,25-Jan-2018,520,PE,0,0,0,29.15,12.65,0,0,3600,0,19-DEC-2017,
OPTSTK,BPCL,25-Jan-2018,530,PE,19.2,19.8,19.1,19.6,19.6,10,98.88,18000,18000,19-DEC-2017,
OPTSTK,BPCL,25-Jan-2018,540,PE,25,25.2,24.4,25.2,25.2,5,50.83,9000,9000,19-DEC-2017,
OPTSTK,BPCL,25-Jan-2018,550,PE,30.5,30.5,30.5,30.5,30.5,1,10.44,1800,1800,19-DEC-2017,
OPTSTK,BPCL,25-Jan-2018,560,PE,0,0,0,49.5,34.25,0,0,0,0,19-DEC-2017,
OPTSTK,BPCL,25-Jan-2018,570,PE,0,0,0,55.5,41.45,0,0,0,0,19-DEC-2017,
OPTSTK,BPCL,25-Jan-2018,580,PE,0,0,0,61.85,49.2,0,0,0,0,19-DEC-2017,
OPTSTK,BPCL,25-Jan-2018,590,PE,0,0,0,68.55,57.45,0,0,0,0,19-DEC-2017,
OPTSTK,BPCL,25-Jan-2018,600,PE,0,0,0,75.55,66.15,0,0,0,0,19-DEC-2017,
OPTSTK,BPCL,25-Jan-2018,610,PE,0,0,0,82.8,75.15,0,0,0,0,19-DEC-2017,
OPTSTK,BPCL,25-Jan-2018,620,PE,0,0,0,90.35,84.4,0,0,0,0,19-DEC-2017,
OPTSTK,BPCL,25-Jan-2018,630,PE,0,0,0,98.15,93.85,0,0,0,0,19-DEC-2017,
OPTSTK,BPCL,25-Jan-2018,640,PE,0,0,0,106.15,103.45,0,0,0,0,19-DEC-2017,
OPTSTK,BPCL,22-Feb-2018,340,CE,0,0,0,168.85,196.95,0,0,0,0,19-DEC-2017,
OPTSTK,BPCL,22-Feb-2018,350,CE,0,0,0,159,187.05,0,0,0,0,19-DEC-2017,
OPTSTK,BPCL,22-Feb-2018,360,CE,0,0,0,149.15,177.2,0,0,0,0,19-DEC-2017,
OPTSTK,BPCL,22-Feb-2018,370,CE,0,0,0,139.35,167.3,0,0,0,0,19-DEC-2017,
OPTSTK,BPCL,22-Feb-2018,380,CE,0,0,0,129.55,157.45,0,0,0,0,19-DEC-2017,
OPTSTK,BPCL,22-Feb-2018,390,CE,0,0,0,119.85,147.6,0,0,0,0,19-DEC-2017,
OPTSTK,BPCL,22-Feb-2018,400,CE,0,0,0,110.2,137.8,0,0,0,0,19-DEC-2017,
OPTSTK,BPCL,22-Feb-2018,410,CE,0,0,0,100.7,128.05,0,0,0,0,19-DEC-2017,
OPTSTK,BPCL,22-Feb-2018,420,CE,0,0,0,91.35,118.35,0,0,0,0,19-DEC-2017,
OPTSTK,BPCL,22-Feb-2018,430,CE,0,0,0,82.3,108.8,0,0,0,0,19-DEC-2017,
OPTSTK,BPCL,22-Feb-2018,440,CE,0,0,0,73.5,99.4,0,0,0,0,19-DEC-2017,
OPTSTK,BPCL,22-Feb-2018,450,CE,0,0,0,65.1,90.2,0,0,0,0,19-DEC-2017,
OPTSTK,BPCL,22-Feb-2018,460,CE,0,0,0,57.1,81.3,0,0,0,0,19-DEC-2017,
OPTSTK,BPCL,22-Feb-2018,470,CE,0,0,0,49.65,72.7,0,0,0,0,19-DEC-2017,
OPTSTK,BPCL,22-Feb-2018,480,CE,0,0,0,42.7,64.5,0,0,0,0,19-DEC-2017,
OPTSTK,BPCL,22-Feb-2018,490,CE,0,0,0,36.4,56.8,0,0,0,0,19-DEC-2017,
OPTSTK,BPCL,22-Feb-2018,500,CE,0,0,0,30.7,49.55,0,0,0,0,19-DEC-2017,
OPTSTK,BPCL,22-Feb-2018,510,CE,0,0,0,25.6,42.8,0,0,0,0,19-DEC-2017,
OPTSTK,BPCL,22-Feb-2018,520,CE,0,0,0,21.15,36.7,0,0,0,0,19-DEC-2017,
OPTSTK,BPCL,22-Feb-2018,530,CE,0,0,0,17.3,31.15,0,0,0,0,19-DEC-2017,
OPTSTK,BPCL,22-Feb-2018,540,CE,0,0,0,14,26.2,0,0,0,0,19-DEC-2017,
OPTSTK,BPCL,22-Feb-2018,550,CE,0,0,0,11.2,21.85,0,0,0,0,19-DEC-2017,
OPTSTK,BPCL,22-Feb-2018,560,CE,0,0,0,8.9,18.05,0,0,0,0,19-DEC-2017,
OPTSTK,BPCL,22-Feb-2018,570,CE,0,0,0,7,14.75,0,0,0,0,19-DEC-2017,
OPTSTK,BPCL,22-Feb-2018,580,CE,0,0,0,5.45,12,0,0,0,0,19-DEC-2017,
OPTSTK,BPCL,22-Feb-2018,590,CE,0,0,0,4.2,9.65,0,0,0,0,19-DEC-2017,
OPTSTK,BPCL,22-Feb-2018,600,CE,0,0,0,3.2,7.7,0,0,0,0,19-DEC-2017,
OPTSTK,BPCL,22-Feb-2018,610,CE,0,0,0,2.45,6.1,0,0,0,0,19-DEC-2017,
OPTSTK,BPCL,22-Feb-2018,620,CE,0,0,0,1.8,4.75,0,0,0,0,19-DEC-2017,
OPTSTK,BPCL,22-Feb-2018,630,CE,0,0,0,1.35,3.7,0,0,0,0,19-DEC-2017,
OPTSTK,BPCL,22-Feb-2018,640,CE,0,0,0,1,2.85,0,0,0,0,19-DEC-2017,
OPTSTK,BPCL,22-Feb-2018,340,PE,0,0,0,0.05,0,0,0,0,0,19-DEC-2017,
OPTSTK,BPCL,22-Feb-2018,350,PE,0,0,0,0.05,0,0,0,0,0,19-DEC-2017,
OPTSTK,BPCL,22-Feb-2018,360,PE,0,0,0,0.05,0.05,0,0,0,0,19-DEC-2017,
OPTSTK,BPCL,22-Feb-2018,370,PE,0,0,0,0.1,0.05,0,0,0,0,19-DEC-2017,
OPTSTK,BPCL,22-Feb-2018,380,PE,0,0,0,0.15,0.05,0,0,0,0,19-DEC-2017,
OPTSTK,BPCL,22-Feb-2018,390,PE,0,0,0,0.3,0.1,0,0,0,0,19-DEC-2017,
OPTSTK,BPCL,22-Feb-2018,400,PE,0,0,0,0.5,0.2,0,0,0,0,19-DEC-2017,
OPTSTK,BPCL,22-Feb-2018,410,PE,0,0,0,0.85,0.3,0,0,0,0,19-DEC-2017,
OPTSTK,BPCL,22-Feb-2018,420,PE,0,0,0,1.4,0.5,0,0,0,0,19-DEC-2017,
OPTSTK,BPCL,22-Feb-2018,430,PE,0,0,0,2.15,0.85,0,0,0,0,19-DEC-2017,
OPTSTK,BPCL,22-Feb-2018,440,PE,0,0,0,3.25,1.35,0,0,0,0,19-DEC-2017,
OPTSTK,BPCL,22-Feb-2018,450,PE,0,0,0,4.65,2.05,0,0,0,0,19-DEC-2017,
OPTSTK,BPCL,22-Feb-2018,460,PE,0,0,0,6.55,3,0,0,0,0,19-DEC-2017,
OPTSTK,BPCL,22-Feb-2018,470,PE,0,0,0,8.95,4.3,0,0,0,0,19-DEC-2017,
OPTSTK,BPCL,22-Feb-2018,480,PE,0,0,0,11.85,6,0,0,0,0,19-DEC-2017,
OPTSTK,BPCL,22-Feb-2018,490,PE,0,0,0,15.4,8.15,0,0,0,0,19-DEC-2017,
OPTSTK,BPCL,22-Feb-2018,500,PE,0,0,0,19.55,10.8,0,0,0,0,19-DEC-2017,
OPTSTK,BPCL,22-Feb-2018,510,PE,0,0,0,24.3,13.95,0,0,0,0,19-DEC-2017,
OPTSTK,BPCL,22-Feb-2018,520,PE,0,0,0,29.7,17.7,0,0,0,0,19-DEC-2017,
OPTSTK,BPCL,22-Feb-2018,530,PE,0,0,0,35.7,22.05,0,0,0,0,19-DEC-2017,
OPTSTK,BPCL,22-Feb-2018,540,PE,0,0,0,42.25,27,0,0,0,0,19-DEC-2017,
OPTSTK,BPCL,22-Feb-2018,550,PE,0,0,0,49.35,32.55,0,0,0,0,19-DEC-2017,
OPTSTK,BPCL,22-Feb-2018,560,PE,0,0,0,56.9,38.6,0,0,0,0,19-DEC-2017,
OPTSTK,BPCL,22-Feb-2018,570,PE,0,0,0,64.85,45.25,0,0,0,0,19-DEC-2017,
OPTSTK,BPCL,22-Feb-2018,580,PE,0,0,0,73.15,52.3,0,0,0,0,19-DEC-2017,
OPTSTK,BPCL,22-Feb-2018,590,PE,0,0,0,81.75,59.9,0,0,0,0,19-DEC-2017,
OPTSTK,BPCL,22-Feb-2018,600,PE,0,0,0,90.6,67.8,0,0,0,0,19-DEC-2017,
OPTSTK,BPCL,22-Feb-2018,610,PE,0,0,0,99.7,76.1,0,0,0,0,19-DEC-2017,
OPTSTK,BPCL,22-Feb-2018,620,PE,0,0,0,108.95,84.65,0,0,0,0,19-DEC-2017,
OPTSTK,BPCL,22-Feb-2018,630,PE,0,0,0,118.35,93.5,0,0,0,0,19-DEC-2017,
OPTSTK,BPCL,22-Feb-2018,640,PE,0,0,0,127.85,102.5,0,0,0,0,19-DEC-2017,
OPTSTK,BRITANNIA,28-Dec-2017,3350,CE,0,0,0,1041.9,1411.8,0,0,0,0,19-DEC-2017,
OPTSTK,BRITANNIA,28-Dec-2017,3400,CE,0,0,0,992.7,1361.85,0,0,0,0,19-DEC-2017,
OPTSTK,BRITANNIA,28-Dec-2017,3450,CE,0,0,0,943.6,1311.95,0,0,0,0,19-DEC-2017,
OPTSTK,BRITANNIA,28-Dec-2017,3500,CE,0,0,0,894.5,1262,0,0,0,0,19-DEC-2017,
OPTSTK,BRITANNIA,28-Dec-2017,3550,CE,0,0,0,845.5,1212.1,0,0,0,0,19-DEC-2017,
OPTSTK,BRITANNIA,28-Dec-2017,3600,CE,0,0,0,796.65,1162.15,0,0,0,0,19-DEC-2017,
OPTSTK,BRITANNIA,28-Dec-2017,3650,CE,0,0,0,748,1112.25,0,0,0,0,19-DEC-2017,
OPTSTK,BRITANNIA,28-Dec-2017,3700,CE,0,0,0,699.65,1062.3,0,0,0,0,19-DEC-2017,
OPTSTK,BRITANNIA,28-Dec-2017,3750,CE,0,0,0,651.7,1012.4,0,0,0,0,19-DEC-2017,
OPTSTK,BRITANNIA,28-Dec-2017,3800,CE,0,0,0,998,962.5,0,0,200,0,19-DEC-2017,
OPTSTK,BRITANNIA,28-Dec-2017,3850,CE,0,0,0,557.6,912.55,0,0,0,0,19-DEC-2017,
OPTSTK,BRITANNIA,28-Dec-2017,3900,CE,0,0,0,511.8,862.65,0,0,0,0,19-DEC-2017,
OPTSTK,BRITANNIA,28-Dec-2017,3950,CE,0,0,0,467.15,812.7,0,0,0,0,19-DEC-2017,
OPTSTK,BRITANNIA,28-Dec-2017,4000,CE,0,0,0,423.75,762.8,0,0,0,0,19-DEC-2017,
OPTSTK,BRITANNIA,28-Dec-2017,4050,CE,0,0,0,382,712.85,0,0,0,0,19-DEC-2017,
OPTSTK,BRITANNIA,28-Dec-2017,4100,CE,0,0,0,342,662.95,0,0,0,0,19-DEC-2017,
OPTSTK,BRITANNIA,28-Dec-2017,4150,CE,0,0,0,304.05,613,0,0,0,0,19-DEC-2017,
OPTSTK,BRITANNIA,28-Dec-2017,4200,CE,0,0,0,268.25,563.1,0,0,0,0,19-DEC-2017,
OPTSTK,BRITANNIA,28-Dec-2017,4250,CE,0,0,0,234.95,513.2,0,0,0,0,19-DEC-2017,
OPTSTK,BRITANNIA,28-Dec-2017,4300,CE,0,0,0,204.15,463.35,0,0,0,0,19-DEC-2017,
OPTSTK,BRITANNIA,28-Dec-2017,4350,CE,0,0,0,175.95,413.65,0,0,0,0,19-DEC-2017,
OPTSTK,BRITANNIA,28-Dec-2017,4400,CE,0,0,0,150.4,364.25,0,0,0,0,19-DEC-2017,
OPTSTK,BRITANNIA,28-Dec-2017,4450,CE,0,0,0,127.5,315.45,0,0,0,0,19-DEC-2017,
OPTSTK,BRITANNIA,28-Dec-2017,4500,CE,0,0,0,107.15,267.75,0,0,0,0,19-DEC-2017,
OPTSTK,BRITANNIA,28-Dec-2017,4550,CE,0,0,0,89.3,221.85,0,0,0,0,19-DEC-2017,
OPTSTK,BRITANNIA,28-Dec-2017,4600,CE,0,0,0,220,178.8,0,0,200,0,19-DEC-2017,
OPTSTK,BRITANNIA,28-Dec-2017,4650,CE,0,0,0,60.6,139.65,0,0,0,0,19-DEC-2017,
OPTSTK,BRITANNIA,28-Dec-2017,4700,CE,101,124.9,101,124.9,124.9,7,67.3,1000,-1400,19-DEC-2017,
OPTSTK,BRITANNIA,28-Dec-2017,4750,CE,0,0,0,78,75.85,0,0,400,0,19-DEC-2017,
OPTSTK,BRITANNIA,28-Dec-2017,4800,CE,53.05,75,52.05,73.5,73.5,7,68.07,2800,400,19-DEC-2017,
OPTSTK,BRITANNIA,28-Dec-2017,4850,CE,0,0,0,46,34.7,0,0,200,0,19-DEC-2017,
OPTSTK,BRITANNIA,28-Dec-2017,4900,CE,30,40,30,40,40,4,39.46,800,0,19-DEC-2017,
OPTSTK,BRITANNIA,28-Dec-2017,4950,CE,0,0,0,101,13.15,0,0,200,0,19-DEC-2017,
OPTSTK,BRITANNIA,28-Dec-2017,5000,CE,12.75,15,12.75,14,14,3,30.08,3000,-200,19-DEC-2017,
OPTSTK,BRITANNIA,28-Dec-2017,5050,CE,0,0,0,25,4.05,0,0,200,0,19-DEC-2017,
OPTSTK,BRITANNIA,28-Dec-2017,5100,CE,0,0,0,15,2.1,0,0,200,0,19-DEC-2017,
OPTSTK,BRITANNIA,28-Dec-2017,5150,CE,0,0,0,25,1.05,0,0,400,0,19-DEC-2017,
OPTSTK,BRITANNIA,28-Dec-2017,5200,CE,0,0,0,50.85,0.5,0,0,200,0,19-DEC-2017,
OPTSTK,BRITANNIA,28-Dec-2017,5250,CE,0,0,0,2.9,0.2,0,0,0,0,19-DEC-2017,
OPTSTK,BRITANNIA,28-Dec-2017,5300,CE,0,0,0,2.1,0.1,0,0,0,0,19-DEC-2017,
OPTSTK,BRITANNIA,28-Dec-2017,5350,CE,0,0,0,1.55,0.05,0,0,0,0,19-DEC-2017,
OPTSTK,BRITANNIA,28-Dec-2017,5400,CE,0,0,0,0.1,0.05,0,0,0,0,19-DEC-2017,
OPTSTK,BRITANNIA,28-Dec-2017,3350,PE,0,0,0,0.05,0,0,0,0,0,19-DEC-2017,
OPTSTK,BRITANNIA,28-Dec-2017,3400,PE,0,0,0,0.1,0,0,0,0,0,19-DEC-2017,
OPTSTK,BRITANNIA,28-Dec-2017,3450,PE,0,0,0,0.2,0,0,0,0,0,19-DEC-2017,
OPTSTK,BRITANNIA,28-Dec-2017,3500,PE,0,0,0,0.35,0,0,0,0,0,19-DEC-2017,
OPTSTK,BRITANNIA,28-Dec-2017,3550,PE,0,0,0,0.55,0,0,0,0,0,19-DEC-2017,
OPTSTK,BRITANNIA,28-Dec-2017,3600,PE,0,0,0,0.95,0,0,0,0,0,19-DEC-2017,
OPTSTK,BRITANNIA,28-Dec-2017,3650,PE,0,0,0,1.5,0,0,0,0,0,19-DEC-2017,
OPTSTK,BRITANNIA,28-Dec-2017,3700,PE,0,0,0,2.4,0,0,0,0,0,19-DEC-2017,
OPTSTK,BRITANNIA,28-Dec-2017,3750,PE,0,0,0,3.65,0,0,0,0,0,19-DEC-2017,
OPTSTK,BRITANNIA,28-Dec-2017,3800,PE,0,0,0,5.5,0,0,0,0,0,19-DEC-2017,
OPTSTK,BRITANNIA,28-Dec-2017,3850,PE,0,0,0,8,0,0,0,0,0,19-DEC-2017,
OPTSTK,BRITANNIA,28-Dec-2017,3900,PE,0,0,0,11.45,0,0,0,0,0,19-DEC-2017,
OPTSTK,BRITANNIA,28-Dec-2017,3950,PE,0,0,0,15.95,0,0,0,0,0,19-DEC-2017,
OPTSTK,BRITANNIA,28-Dec-2017,4000,PE,0,0,0,21.85,0,0,0,0,0,19-DEC-2017,
OPTSTK,BRITANNIA,28-Dec-2017,4050,PE,0,0,0,29.25,0,0,0,0,0,19-DEC-2017,
OPTSTK,BRITANNIA,28-Dec-2017,4100,PE,0,0,0,38.5,0,0,0,0,0,19-DEC-2017,
OPTSTK,BRITANNIA,28-Dec-2017,4150,PE,0,0,0,49.8,0,0,0,0,0,19-DEC-2017,
OPTSTK,BRITANNIA,28-Dec-2017,4200,PE,0,0,0,63.2,0.05,0,0,0,0,19-DEC-2017,
OPTSTK,BRITANNIA,28-Dec-2017,4250,PE,0,0,0,79.1,0.05,0,0,0,0,19-DEC-2017,
OPTSTK,BRITANNIA,28-Dec-2017,4300,PE,0,0,0,97.55,0.15,0,0,0,0,19-DEC-2017,
OPTSTK,BRITANNIA,28-Dec-2017,4350,PE,0,0,0,118.55,0.35,0,0,0,0,19-DEC-2017,
OPTSTK,BRITANNIA,28-Dec-2017,4400,PE,0,0,0,14.9,0.85,0,0,200,0,19-DEC-2017,
OPTSTK,BRITANNIA,28-Dec-2017,4450,PE,0,0,0,29,1.95,0,0,200,0,19-DEC-2017,
OPTSTK,BRITANNIA,28-Dec-2017,4500,PE,0,0,0,34.65,4.2,0,0,600,0,19-DEC-2017,
OPTSTK,BRITANNIA,28-Dec-2017,4550,PE,12.45,12.45,12.45,12.45,12.45,1,9.12,200,200,19-DEC-2017,
OPTSTK,BRITANNIA,28-Dec-2017,4600,PE,0,0,0,50,15.1,0,0,400,0,19-DEC-2017,
OPTSTK,BRITANNIA,28-Dec-2017,4650,PE,0,0,0,60,25.9,0,0,800,0,19-DEC-2017,
OPTSTK,BRITANNIA,28-Dec-2017,4700,PE,38.05,38.05,38,38.05,38.05,6,56.85,3000,1200,19-DEC-2017,
OPTSTK,BRITANNIA,28-Dec-2017,4750,PE,0,0,0,108.1,61.9,0,0,400,0,19-DEC-2017,
OPTSTK,BRITANNIA,28-Dec-2017,4800,PE,101.05,103.95,101.05,103.95,103.95,2,19.61,1000,-400,19-DEC-2017,
OPTSTK,BRITANNIA,28-Dec-2017,4850,PE,0,0,0,459.85,120.6,0,0,0,0,19-DEC-2017,
OPTSTK,BRITANNIA,28-Dec-2017,4900,PE,0,0,0,503.7,157.75,0,0,0,0,19-DEC-2017,
OPTSTK,BRITANNIA,28-Dec-2017,4950,PE,0,0,0,548.55,198.9,0,0,0,0,19-DEC-2017,
OPTSTK,BRITANNIA,28-Dec-2017,5000,PE,0,0,0,206.65,243.2,0,0,200,0,19-DEC-2017,
OPTSTK,BRITANNIA,28-Dec-2017,5050,PE,0,0,0,640.75,289.65,0,0,0,0,19-DEC-2017,
OPTSTK,BRITANNIA,28-Dec-2017,5100,PE,0,0,0,687.8,337.6,0,0,0,0,19-DEC-2017,
OPTSTK,BRITANNIA,28-Dec-2017,5150,PE,0,0,0,735.35,386.45,0,0,0,0,19-DEC-2017,
OPTSTK,BRITANNIA,28-Dec-2017,5200,PE,0,0,0,783.25,435.85,0,0,0,0,19-DEC-2017,
OPTSTK,BRITANNIA,28-Dec-2017,5250,PE,0,0,0,831.5,485.5,0,0,0,0,19-DEC-2017,
OPTSTK,BRITANNIA,28-Dec-2017,5300,PE,0,0,0,879.95,535.3,0,0,0,0,19-DEC-2017,
OPTSTK,BRITANNIA,28-Dec-2017,5350,PE,0,0,0,928.6,585.2,0,0,0,0,19-DEC-2017,
OPTSTK,BRITANNIA,28-Dec-2017,5400,PE,0,0,0,951.85,635.1,0,0,0,0,19-DEC-2017,
OPTSTK,BRITANNIA,25-Jan-2018,3600,CE,0,0,0,1061.9,1180,0,0,0,0,19-DEC-2017,
OPTSTK,BRITANNIA,25-Jan-2018,3650,CE,0,0,0,1013.1,1130.35,0,0,0,0,19-DEC-2017,
OPTSTK,BRITANNIA,25-Jan-2018,3700,CE,0,0,0,964.45,1080.65,0,0,0,0,19-DEC-2017,
OPTSTK,BRITANNIA,25-Jan-2018,3750,CE,0,0,0,916,1031,0,0,0,0,19-DEC-2017,
OPTSTK,BRITANNIA,25-Jan-2018,3800,CE,0,0,0,867.85,981.35,0,0,0,0,19-DEC-2017,
OPTSTK,BRITANNIA,25-Jan-2018,3850,CE,0,0,0,820.1,931.75,0,0,0,0,19-DEC-2017,
OPTSTK,BRITANNIA,25-Jan-2018,3900,CE,0,0,0,772.8,882.2,0,0,0,0,19-DEC-2017,
OPTSTK,BRITANNIA,25-Jan-2018,3950,CE,0,0,0,726.1,832.7,0,0,0,0,19-DEC-2017,
OPTSTK,BRITANNIA,25-Jan-2018,4000,CE,0,0,0,680.05,783.35,0,0,0,0,19-DEC-2017,
OPTSTK,BRITANNIA,25-Jan-2018,4050,CE,0,0,0,634.8,734.2,0,0,0,0,19-DEC-2017,
OPTSTK,BRITANNIA,25-Jan-2018,4100,CE,0,0,0,590.55,685.3,0,0,0,0,19-DEC-2017,
OPTSTK,BRITANNIA,25-Jan-2018,4150,CE,0,0,0,547.4,636.8,0,0,0,0,19-DEC-2017,
OPTSTK,BRITANNIA,25-Jan-2018,4200,CE,0,0,0,505.45,588.8,0,0,0,0,19-DEC-2017,
OPTSTK,BRITANNIA,25-Jan-2018,4250,CE,0,0,0,464.9,541.5,0,0,0,0,19-DEC-2017,
OPTSTK,BRITANNIA,25-Jan-2018,4300,CE,0,0,0,425.85,495.15,0,0,0,0,19-DEC-2017,
OPTSTK,BRITANNIA,25-Jan-2018,4350,CE,0,0,0,388.65,449.9,0,0,0,0,19-DEC-2017,
OPTSTK,BRITANNIA,25-Jan-2018,4400,CE,0,0,0,352.75,406.1,0,0,0,0,19-DEC-2017,
OPTSTK,BRITANNIA,25-Jan-2018,4450,CE,0,0,0,319,363.9,0,0,0,0,19-DEC-2017,
OPTSTK,BRITANNIA,25-Jan-2018,4500,CE,0,0,0,287.15,323.6,0,0,0,0,19-DEC-2017,
OPTSTK,BRITANNIA,25-Jan-2018,4550,CE,0,0,0,257.35,285.65,0,0,0,0,19-DEC-2017,
OPTSTK,BRITANNIA,25-Jan-2018,4600,CE,0,0,0,229.55,249.65,0,0,0,0,19-DEC-2017,
OPTSTK,BRITANNIA,25-Jan-2018,4650,CE,0,0,0,203.8,216.5,0,0,0,0,19-DEC-2017,
OPTSTK,BRITANNIA,25-Jan-2018,4700,CE,0,0,0,180.05,186,0,0,0,0,19-DEC-2017,
OPTSTK,BRITANNIA,25-Jan-2018,4750,CE,0,0,0,158.35,158.35,0,0,0,0,19-DEC-2017,
OPTSTK,BRITANNIA,25-Jan-2018,4800,CE,0,0,0,138.6,133.5,0,0,0,0,19-DEC-2017,
OPTSTK,BRITANNIA,25-Jan-2018,4850,CE,0,0,0,120.75,111.5,0,0,0,0,19-DEC-2017,
OPTSTK,BRITANNIA,25-Jan-2018,4900,CE,0,0,0,104.65,92.2,0,0,0,0,19-DEC-2017,
OPTSTK,BRITANNIA,25-Jan-2018,4950,CE,0,0,0,90.3,75.45,0,0,0,0,19-DEC-2017,
OPTSTK,BRITANNIA,25-Jan-2018,5000,CE,0,0,0,79,61.15,0,0,200,0,19-DEC-2017,
OPTSTK,BRITANNIA,25-Jan-2018,5050,CE,0,0,0,66.35,49.1,0,0,0,0,19-DEC-2017,
OPTSTK,BRITANNIA,25-Jan-2018,5100,CE,0,0,0,56.5,39,0,0,0,0,19-DEC-2017,
OPTSTK,BRITANNIA,25-Jan-2018,5150,CE,0,0,0,47.85,30.65,0,0,0,0,19-DEC-2017,
OPTSTK,BRITANNIA,25-Jan-2018,5200,CE,0,0,0,40.35,23.85,0,0,0,0,19-DEC-2017,
OPTSTK,BRITANNIA,25-Jan-2018,5250,CE,0,0,0,33.85,18.4,0,0,0,0,19-DEC-2017,
OPTSTK,BRITANNIA,25-Jan-2018,5300,CE,0,0,0,28.3,14.05,0,0,0,0,19-DEC-2017,
OPTSTK,BRITANNIA,25-Jan-2018,5350,CE,0,0,0,23.55,10.6,0,0,0,0,19-DEC-2017,
OPTSTK,BRITANNIA,25-Jan-2018,5400,CE,0,0,0,19.5,7.9,0,0,0,0,19-DEC-2017,
OPTSTK,BRITANNIA,25-Jan-2018,3600,PE,0,0,0,0.8,0,0,0,0,0,19-DEC-2017,
OPTSTK,BRITANNIA,25-Jan-2018,3650,PE,0,0,0,1.2,0.05,0,0,0,0,19-DEC-2017,
OPTSTK,BRITANNIA,25-Jan-2018,3700,PE,0,0,0,1.75,0.05,0,0,0,0,19-DEC-2017,
OPTSTK,BRITANNIA,25-Jan-2018,3750,PE,0,0,0,2.55,0.05,0,0,0,0,19-DEC-2017,
OPTSTK,BRITANNIA,25-Jan-2018,3800,PE,0,0,0,3.6,0.1,0,0,0,0,19-DEC-2017,
OPTSTK,BRITANNIA,25-Jan-2018,3850,PE,0,0,0,5.1,0.15,0,0,0,0,19-DEC-2017,
OPTSTK,BRITANNIA,25-Jan-2018,3900,PE,0,0,0,7,0.25,0,0,0,0,19-DEC-2017,
OPTSTK,BRITANNIA,25-Jan-2018,3950,PE,0,0,0,9.5,0.45,0,0,0,0,19-DEC-2017,
OPTSTK,BRITANNIA,25-Jan-2018,4000,PE,0,0,0,12.65,0.8,0,0,0,0,19-DEC-2017,
OPTSTK,BRITANNIA,25-Jan-2018,4050,PE,0,0,0,16.65,1.3,0,0,0,0,19-DEC-2017,
OPTSTK,BRITANNIA,25-Jan-2018,4100,PE,0,0,0,21.6,2.05,0,0,0,0,19-DEC-2017,
OPTSTK,BRITANNIA,25-Jan-2018,4150,PE,0,0,0,27.65,3.2,0,0,0,0,19-DEC-2017,
OPTSTK,BRITANNIA,25-Jan-2018,4200,PE,0,0,0,34.95,4.9,0,0,0,0,19-DEC-2017,
OPTSTK,BRITANNIA,25-Jan-2018,4250,PE,0,0,0,43.6,7.3,0,0,0,0,19-DEC-2017,
OPTSTK,BRITANNIA,25-Jan-2018,4300,PE,0,0,0,53.8,10.6,0,0,0,0,19-DEC-2017,
OPTSTK,BRITANNIA,25-Jan-2018,4350,PE,0,0,0,65.75,15.05,0,0,0,0,19-DEC-2017,
OPTSTK,BRITANNIA,25-Jan-2018,4400,PE,0,0,0,31,20.9,0,0,200,0,19-DEC-2017,
OPTSTK,BRITANNIA,25-Jan-2018,4450,PE,0,0,0,94.55,28.35,0,0,0,0,19-DEC-2017,
OPTSTK,BRITANNIA,25-Jan-2018,4500,PE,0,0,0,111.95,37.75,0,0,0,0,19-DEC-2017,
OPTSTK,BRITANNIA,25-Jan-2018,4550,PE,0,0,0,131.35,49.5,0,0,0,0,19-DEC-2017,
OPTSTK,BRITANNIA,25-Jan-2018,4600,PE,0,0,0,152.75,63.15,0,0,0,0,19-DEC-2017,
OPTSTK,BRITANNIA,25-Jan-2018,4650,PE,0,0,0,142.35,79.65,0,0,200,0,19-DEC-2017,
OPTSTK,BRITANNIA,25-Jan-2018,4700,PE,0,0,0,201.7,98.9,0,0,0,0,19-DEC-2017,
OPTSTK,BRITANNIA,25-Jan-2018,4750,PE,0,0,0,229.2,120.9,0,0,0,0,19-DEC-2017,
OPTSTK,BRITANNIA,25-Jan-2018,4800,PE,0,0,0,258.7,145.75,0,0,0,0,19-DEC-2017,
OPTSTK,BRITANNIA,25-Jan-2018,4850,PE,0,0,0,290,173.4,0,0,0,0,19-DEC-2017,
OPTSTK,BRITANNIA,25-Jan-2018,4900,PE,0,0,0,323.15,203.75,0,0,0,0,19-DEC-2017,
OPTSTK,BRITANNIA,25-Jan-2018,4950,PE,0,0,0,358.05,236.7,0,0,0,0,19-DEC-2017,
OPTSTK,BRITANNIA,25-Jan-2018,5000,PE,0,0,0,394.7,272.05,0,0,0,0,19-DEC-2017,
OPTSTK,BRITANNIA,25-Jan-2018,5050,PE,0,0,0,432.55,309.7,0,0,0,0,19-DEC-2017,
OPTSTK,BRITANNIA,25-Jan-2018,5100,PE,0,0,0,471.85,349.25,0,0,0,0,19-DEC-2017,
OPTSTK,BRITANNIA,25-Jan-2018,5150,PE,0,0,0,512.45,390.6,0,0,0,0,19-DEC-2017,
OPTSTK,BRITANNIA,25-Jan-2018,5200,PE,0,0,0,554.15,433.5,0,0,0,0,19-DEC-2017,
OPTSTK,BRITANNIA,25-Jan-2018,5250,PE,0,0,0,596.85,477.7,0,0,0,0,19-DEC-2017,
OPTSTK,BRITANNIA,25-Jan-2018,5300,PE,0,0,0,640.5,523,0,0,0,0,19-DEC-2017,
OPTSTK,BRITANNIA,25-Jan-2018,5350,PE,0,0,0,685,569.25,0,0,0,0,19-DEC-2017,
OPTSTK,BRITANNIA,25-Jan-2018,5400,PE,0,0,0,730.15,616.25,0,0,0,0,19-DEC-2017,
OPTSTK,BRITANNIA,22-Feb-2018,3800,CE,0,0,0,1071.6,1000.95,0,0,0,0,19-DEC-2017,
OPTSTK,BRITANNIA,22-Feb-2018,3850,CE,0,0,0,1022.6,952.05,0,0,0,0,19-DEC-2017,
OPTSTK,BRITANNIA,22-Feb-2018,3900,CE,0,0,0,973.8,903.35,0,0,0,0,19-DEC-2017,
OPTSTK,BRITANNIA,22-Feb-2018,3950,CE,0,0,0,925.15,854.95,0,0,0,0,19-DEC-2017,
OPTSTK,BRITANNIA,22-Feb-2018,4000,CE,0,0,0,876.8,806.9,0,0,0,0,19-DEC-2017,
OPTSTK,BRITANNIA,22-Feb-2018,4050,CE,0,0,0,828.75,759.3,0,0,0,0,19-DEC-2017,
OPTSTK,BRITANNIA,22-Feb-2018,4100,CE,0,0,0,781.1,712.3,0,0,0,0,19-DEC-2017,
OPTSTK,BRITANNIA,22-Feb-2018,4150,CE,0,0,0,734,666,0,0,0,0,19-DEC-2017,
OPTSTK,BRITANNIA,22-Feb-2018,4200,CE,0,0,0,687.5,620.5,0,0,0,0,19-DEC-2017,
OPTSTK,BRITANNIA,22-Feb-2018,4250,CE,0,0,0,641.75,576,0,0,0,0,19-DEC-2017,
OPTSTK,BRITANNIA,22-Feb-2018,4300,CE,0,0,0,596.95,532.6,0,0,0,0,19-DEC-2017,
OPTSTK,BRITANNIA,22-Feb-2018,4350,CE,0,0,0,553.15,490.5,0,0,0,0,19-DEC-2017,
OPTSTK,BRITANNIA,22-Feb-2018,4400,CE,0,0,0,510.55,449.85,0,0,0,0,19-DEC-2017,
OPTSTK,BRITANNIA,22-Feb-2018,4450,CE,0,0,0,469.35,410.7,0,0,0,0,19-DEC-2017,
OPTSTK,BRITANNIA,22-Feb-2018,4500,CE,0,0,0,429.6,373.45,0,0,0,0,19-DEC-2017,
OPTSTK,BRITANNIA,22-Feb-2018,4550,CE,0,0,0,391.45,337.65,0,0,0,0,19-DEC-2017,
OPTSTK,BRITANNIA,22-Feb-2018,4600,CE,0,0,0,355.2,304,0,0,0,0,19-DEC-2017,
OPTSTK,BRITANNIA,22-Feb-2018,4650,CE,0,0,0,320.55,272.4,0,0,0,0,19-DEC-2017,
OPTSTK,BRITANNIA,22-Feb-2018,4700,CE,0,0,0,288,242.9,0,0,0,0,19-DEC-2017,
OPTSTK,BRITANNIA,22-Feb-2018,4750,CE,0,0,0,257.55,215.45,0,0,0,0,19-DEC-2017,
OPTSTK,BRITANNIA,22-Feb-2018,4800,CE,0,0,0,229.15,190.15,0,0,0,0,19-DEC-2017,
OPTSTK,BRITANNIA,22-Feb-2018,4850,CE,0,0,0,202.85,166.95,0,0,0,0,19-DEC-2017,
OPTSTK,BRITANNIA,22-Feb-2018,4900,CE,0,0,0,178.65,145.85,0,0,0,0,19-DEC-2017,
OPTSTK,BRITANNIA,22-Feb-2018,4950,CE,0,0,0,156.55,126.75,0,0,0,0,19-DEC-2017,
OPTSTK,BRITANNIA,22-Feb-2018,5000,CE,0,0,0,136.45,109.55,0,0,0,0,19-DEC-2017,
OPTSTK,BRITANNIA,22-Feb-2018,5050,CE,0,0,0,118.35,94.2,0,0,0,0,19-DEC-2017,
OPTSTK,BRITANNIA,22-Feb-2018,5100,CE,0,0,0,102.1,80.6,0,0,0,0,19-DEC-2017,
OPTSTK,BRITANNIA,22-Feb-2018,5150,CE,0,0,0,87.6,68.85,0,0,0,0,19-DEC-2017,
OPTSTK,BRITANNIA,22-Feb-2018,5200,CE,0,0,0,75.05,58.15,0,0,0,0,19-DEC-2017,
OPTSTK,BRITANNIA,22-Feb-2018,5250,CE,0,0,0,63.65,49,0,0,0,0,19-DEC-2017,
OPTSTK,BRITANNIA,22-Feb-2018,5300,CE,0,0,0,53.8,41.1,0,0,0,0,19-DEC-2017,
OPTSTK,BRITANNIA,22-Feb-2018,5350,CE,0,0,0,45.25,34.25,0,0,0,0,19-DEC-2017,
OPTSTK,BRITANNIA,22-Feb-2018,5400,CE,0,0,0,37.85,28.45,0,0,0,0,19-DEC-2017,
OPTSTK,BRITANNIA,22-Feb-2018,3800,PE,0,0,0,0.6,1.05,0,0,0,0,19-DEC-2017,
OPTSTK,BRITANNIA,22-Feb-2018,3850,PE,0,0,0,0.9,1.6,0,0,0,0,19-DEC-2017,
OPTSTK,BRITANNIA,22-Feb-2018,3900,PE,0,0,0,1.35,2.35,0,0,0,0,19-DEC-2017,
OPTSTK,BRITANNIA,22-Feb-2018,3950,PE,0,0,0,2,3.35,0,0,0,0,19-DEC-2017,
OPTSTK,BRITANNIA,22-Feb-2018,4000,PE,0,0,0,2.9,4.75,0,0,0,0,19-DEC-2017,
OPTSTK,BRITANNIA,22-Feb-2018,4050,PE,0,0,0,4.1,6.6,0,0,0,0,19-DEC-2017,
OPTSTK,BRITANNIA,22-Feb-2018,4100,PE,0,0,0,5.75,9,0,0,0,0,19-DEC-2017,
OPTSTK,BRITANNIA,22-Feb-2018,4150,PE,0,0,0,7.9,12.15,0,0,0,0,19-DEC-2017,
OPTSTK,BRITANNIA,22-Feb-2018,4200,PE,0,0,0,10.7,16.1,0,0,0,0,19-DEC-2017,
OPTSTK,BRITANNIA,22-Feb-2018,4250,PE,0,0,0,14.2,21,0,0,0,0,19-DEC-2017,
OPTSTK,BRITANNIA,22-Feb-2018,4300,PE,0,0,0,18.65,27.05,0,0,0,0,19-DEC-2017,
OPTSTK,BRITANNIA,22-Feb-2018,4350,PE,0,0,0,24.15,34.35,0,0,0,0,19-DEC-2017,
OPTSTK,BRITANNIA,22-Feb-2018,4400,PE,0,0,0,30.85,43.1,0,0,0,0,19-DEC-2017,
OPTSTK,BRITANNIA,22-Feb-2018,4450,PE,0,0,0,38.85,53.4,0,0,0,0,19-DEC-2017,
OPTSTK,BRITANNIA,22-Feb-2018,4500,PE,0,0,0,48.4,65.6,0,0,0,0,19-DEC-2017,
OPTSTK,BRITANNIA,22-Feb-2018,4550,PE,0,0,0,59.55,79.2,0,0,0,0,19-DEC-2017,
OPTSTK,BRITANNIA,22-Feb-2018,4600,PE,0,0,0,72.55,95,0,0,0,0,19-DEC-2017,
OPTSTK,BRITANNIA,22-Feb-2018,4650,PE,0,0,0,87.15,112.85,0,0,0,0,19-DEC-2017,
OPTSTK,BRITANNIA,22-Feb-2018,4700,PE,0,0,0,103.9,132.75,0,0,0,0,19-DEC-2017,
OPTSTK,BRITANNIA,22-Feb-2018,4750,PE,0,0,0,122.7,154.75,0,0,0,0,19-DEC-2017,
OPTSTK,BRITANNIA,22-Feb-2018,4800,PE,0,0,0,143.6,178.85,0,0,0,0,19-DEC-2017,
OPTSTK,BRITANNIA,22-Feb-2018,4850,PE,0,0,0,166.55,205.1,0,0,0,0,19-DEC-2017,
OPTSTK,BRITANNIA,22-Feb-2018,4900,PE,0,0,0,191.65,233.45,0,0,0,0,19-DEC-2017,
OPTSTK,BRITANNIA,22-Feb-2018,4950,PE,0,0,0,218.8,263.75,0,0,0,0,19-DEC-2017,
OPTSTK,BRITANNIA,22-Feb-2018,5000,PE,0,0,0,248,296,0,0,0,0,19-DEC-2017,
OPTSTK,BRITANNIA,22-Feb-2018,5050,PE,0,0,0,279.15,330.1,0,0,0,0,19-DEC-2017,
OPTSTK,BRITANNIA,22-Feb-2018,5100,PE,0,0,0,312.15,365.9,0,0,0,0,19-DEC-2017,
OPTSTK,BRITANNIA,22-Feb-2018,5150,PE,0,0,0,346.95,403.6,0,0,0,0,19-DEC-2017,
OPTSTK,BRITANNIA,22-Feb-2018,5200,PE,0,0,0,383.65,442.3,0,0,0,0,19-DEC-2017,
OPTSTK,BRITANNIA,22-Feb-2018,5250,PE,0,0,0,421.5,482.6,0,0,0,0,19-DEC-2017,
OPTSTK,BRITANNIA,22-Feb-2018,5300,PE,0,0,0,460.95,524.1,0,0,0,0,19-DEC-2017,
OPTSTK,BRITANNIA,22-Feb-2018,5350,PE,0,0,0,501.65,566.7,0,0,0,0,19-DEC-2017,
OPTSTK,BRITANNIA,22-Feb-2018,5400,PE,0,0,0,543.55,610.3,0,0,0,0,19-DEC-2017,
OPTSTK,CADILAHC,28-Dec-2017,300,CE,0,0,0,173.15,117.95,0,0,0,0,19-DEC-2017,
OPTSTK,CADILAHC,28-Dec-2017,320,CE,0,0,0,154.35,97.95,0,0,0,0,19-DEC-2017,
OPTSTK,CADILAHC,28-Dec-2017,340,CE,0,0,0,136.1,78,0,0,0,0,19-DEC-2017,
OPTSTK,CADILAHC,28-Dec-2017,360,CE,0,0,0,49.7,58.05,0,0,1600,0,19-DEC-2017,
OPTSTK,CADILAHC,28-Dec-2017,380,CE,38.35,38.35,38.35,38.35,38.35,1,6.69,1600,1600,19-DEC-2017,
OPTSTK,CADILAHC,28-Dec-2017,400,CE,19.5,19.5,19.5,19.5,19.5,1,6.71,16000,0,19-DEC-2017,
OPTSTK,CADILAHC,28-Dec-2017,420,CE,10.5,10.75,8.05,9.65,9.65,61,418.56,126400,14400,19-DEC-2017,
OPTSTK,CADILAHC,28-Dec-2017,440,CE,4.3,4.5,2.95,3.55,3.55,49,347.61,220800,14400,19-DEC-2017,
OPTSTK,CADILAHC,28-Dec-2017,460,CE,1.6,1.6,1.4,1.4,1.4,7,51.68,110400,4800,19-DEC-2017,
OPTSTK,CADILAHC,28-Dec-2017,480,CE,1,1,0.65,0.9,0.9,19,146.18,91200,-6400,19-DEC-2017,
OPTSTK,CADILAHC,28-Dec-2017,500,CE,0,0,0,1.1,0,0,0,40000,0,19-DEC-2017,
OPTSTK,CADILAHC,28-Dec-2017,520,CE,0,0,0,0.7,0,0,0,14400,0,19-DEC-2017,
OPTSTK,CADILAHC,28-Dec-2017,540,CE,0,0,0,21.3,0,0,0,0,0,19-DEC-2017,
OPTSTK,CADILAHC,28-Dec-2017,560,CE,0,0,0,0.2,0,0,0,12800,0,19-DEC-2017,
OPTSTK,CADILAHC,28-Dec-2017,580,CE,0,0,0,13.15,0,0,0,0,0,19-DEC-2017,
OPTSTK,CADILAHC,28-Dec-2017,600,CE,0,0,0,10.25,0,0,0,0,0,19-DEC-2017,
OPTSTK,CADILAHC,28-Dec-2017,620,CE,0,0,0,7.95,0,0,0,0,0,19-DEC-2017,
OPTSTK,CADILAHC,28-Dec-2017,640,CE,0,0,0,6.1,0,0,0,0,0,19-DEC-2017,
OPTSTK,CADILAHC,28-Dec-2017,660,CE,0,0,0,4.65,0,0,0,0,0,19-DEC-2017,
OPTSTK,CADILAHC,28-Dec-2017,300,PE,0,0,0,0.2,0,0,0,3200,0,19-DEC-2017,
OPTSTK,CADILAHC,28-Dec-2017,320,PE,0,0,0,1.7,0,0,0,0,0,19-DEC-2017,
OPTSTK,CADILAHC,28-Dec-2017,340,PE,0,0,0,0.25,0,0,0,6400,0,19-DEC-2017,
OPTSTK,CADILAHC,28-Dec-2017,360,PE,0.3,0.3,0.25,0.25,0.25,2,11.52,78400,-3200,19-DEC-2017,
OPTSTK,CADILAHC,28-Dec-2017,380,PE,1,1,0.6,0.6,0.6,7,42.64,36800,-3200,19-DEC-2017,
OPTSTK,CADILAHC,28-Dec-2017,400,PE,3.5,4,3,3.65,3.65,12,77.45,67200,-1600,19-DEC-2017,
OPTSTK,CADILAHC,28-Dec-2017,420,PE,11,11.35,10.5,10.5,10.5,6,41.39,38400,6400,19-DEC-2017,
OPTSTK,CADILAHC,28-Dec-2017,440,PE,25.65,25.65,25,25,25,2,14.89,64000,-1600,19-DEC-2017,
OPTSTK,CADILAHC,28-Dec-2017,460,PE,0,0,0,40.9,41.9,0,0,16000,0,19-DEC-2017,
OPTSTK,CADILAHC,28-Dec-2017,480,PE,0,0,0,48.15,61.8,0,0,12800,0,19-DEC-2017,
OPTSTK,CADILAHC,28-Dec-2017,500,PE,0,0,0,66.55,81.8,0,0,14400,0,19-DEC-2017,
OPTSTK,CADILAHC,28-Dec-2017,520,PE,0,0,0,85.15,101.75,0,0,3200,0,19-DEC-2017,
OPTSTK,CADILAHC,28-Dec-2017,540,PE,0,0,0,85.25,121.75,0,0,0,0,19-DEC-2017,
OPTSTK,CADILAHC,28-Dec-2017,560,PE,0,0,0,100.45,141.7,0,0,0,0,19-DEC-2017,
OPTSTK,CADILAHC,28-Dec-2017,580,PE,0,0,0,116.5,161.65,0,0,0,0,19-DEC-2017,
OPTSTK,CADILAHC,28-Dec-2017,600,PE,0,0,0,133.25,181.65,0,0,0,0,19-DEC-2017,
OPTSTK,CADILAHC,28-Dec-2017,620,PE,0,0,0,150.65,201.6,0,0,0,0,19-DEC-2017,
OPTSTK,CADILAHC,28-Dec-2017,640,PE,0,0,0,168.5,221.6,0,0,0,0,19-DEC-2017,
OPTSTK,CADILAHC,28-Dec-2017,660,PE,0,0,0,186.75,241.55,0,0,0,0,19-DEC-2017,
OPTSTK,CADILAHC,25-Jan-2018,300,CE,0,0,0,188.8,119.4,0,0,0,0,19-DEC-2017,
OPTSTK,CADILAHC,25-Jan-2018,320,CE,0,0,0,169.15,99.55,0,0,0,0,19-DEC-2017,
OPTSTK,CADILAHC,25-Jan-2018,340,CE,0,0,0,149.65,79.7,0,0,0,0,19-DEC-2017,
OPTSTK,CADILAHC,25-Jan-2018,360,CE,0,0,0,130.45,60.1,0,0,0,0,19-DEC-2017,
OPTSTK,CADILAHC,25-Jan-2018,380,CE,0,0,0,111.7,41.5,0,0,0,0,19-DEC-2017,
OPTSTK,CADILAHC,25-Jan-2018,400,CE,0,0,0,93.85,25.35,0,0,0,0,19-DEC-2017,
OPTSTK,CADILAHC,25-Jan-2018,420,CE,0,0,0,77.15,13.3,0,0,0,0,19-DEC-2017,
OPTSTK,CADILAHC,25-Jan-2018,440,CE,14,14,14,14,14,1,7.26,3200,1600,19-DEC-2017,
OPTSTK,CADILAHC,25-Jan-2018,460,CE,0,0,0,48.6,2.2,0,0,0,0,19-DEC-2017,
OPTSTK,CADILAHC,25-Jan-2018,480,CE,0,0,0,37.25,0.7,0,0,0,0,19-DEC-2017,
OPTSTK,CADILAHC,25-Jan-2018,500,CE,0,0,0,27.85,0.2,0,0,0,0,19-DEC-2017,
OPTSTK,CADILAHC,25-Jan-2018,520,CE,0,0,0,20.35,0.05,0,0,0,0,19-DEC-2017,
OPTSTK,CADILAHC,25-Jan-2018,540,CE,0,0,0,14.55,0.05,0,0,0,0,19-DEC-2017,
OPTSTK,CADILAHC,25-Jan-2018,560,CE,0,0,0,10.2,0,0,0,0,0,19-DEC-2017,
OPTSTK,CADILAHC,25-Jan-2018,580,CE,0,0,0,7,0,0,0,0,0,19-DEC-2017,
OPTSTK,CADILAHC,25-Jan-2018,600,CE,0,0,0,4.75,0,0,0,0,0,19-DEC-2017,
OPTSTK,CADILAHC,25-Jan-2018,620,CE,0,0,0,3.15,0,0,0,0,0,19-DEC-2017,
OPTSTK,CADILAHC,25-Jan-2018,640,CE,0,0,0,2.05,0,0,0,0,0,19-DEC-2017,
OPTSTK,CADILAHC,25-Jan-2018,660,CE,0,0,0,1.3,0,0,0,0,0,19-DEC-2017,
OPTSTK,CADILAHC,25-Jan-2018,300,PE,0,0,0,0.05,0,0,0,0,0,19-DEC-2017,
OPTSTK,CADILAHC,25-Jan-2018,320,PE,0,0,0,0.1,0,0,0,0,0,19-DEC-2017,
OPTSTK,CADILAHC,25-Jan-2018,340,PE,0,0,0,0.3,0.05,0,0,0,0,19-DEC-2017,
OPTSTK,CADILAHC,25-Jan-2018,360,PE,0,0,0,0.75,0.3,0,0,0,0,19-DEC-2017,
OPTSTK,CADILAHC,25-Jan-2018,380,PE,0,0,0,4.9,1.55,0,0,1600,0,19-DEC-2017,
OPTSTK,CADILAHC,25-Jan-2018,400,PE,12.4,12.5,12.4,12.5,12.5,4,26.39,11200,6400,19-DEC-2017,
OPTSTK,CADILAHC,25-Jan-2018,420,PE,0,0,0,6.5,13.15,0,0,0,0,19-DEC-2017,
OPTSTK,CADILAHC,25-Jan-2018,440,PE,0,0,0,33.5,25.6,0,0,3200,0,19-DEC-2017,
OPTSTK,CADILAHC,25-Jan-2018,460,PE,0,0,0,17.35,41.8,0,0,0,0,19-DEC-2017,
OPTSTK,CADILAHC,25-Jan-2018,480,PE,0,0,0,25.65,60.15,0,0,0,0,19-DEC-2017,
OPTSTK,CADILAHC,25-Jan-2018,500,PE,0,0,0,35.95,79.5,0,0,0,0,19-DEC-2017,
OPTSTK,CADILAHC,25-Jan-2018,520,PE,0,0,0,48.15,99.25,0,0,0,0,19-DEC-2017,
OPTSTK,CADILAHC,25-Jan-2018,540,PE,0,0,0,62.05,119.05,0,0,0,0,19-DEC-2017,
OPTSTK,CADILAHC,25-Jan-2018,560,PE,0,0,0,77.35,138.95,0,0,0,0,19-DEC-2017,
OPTSTK,CADILAHC,25-Jan-2018,580,PE,0,0,0,93.85,158.8,0,0,0,0,19-DEC-2017,
OPTSTK,CADILAHC,25-Jan-2018,600,PE,0,0,0,111.25,178.65,0,0,0,0,19-DEC-2017,
OPTSTK,CADILAHC,25-Jan-2018,620,PE,0,0,0,129.35,198.55,0,0,0,0,19-DEC-2017,
OPTSTK,CADILAHC,25-Jan-2018,640,PE,0,0,0,147.95,218.4,0,0,0,0,19-DEC-2017,
OPTSTK,CADILAHC,25-Jan-2018,660,PE,0,0,0,166.9,238.3,0,0,0,0,19-DEC-2017,
OPTSTK,CADILAHC,22-Feb-2018,300,CE,0,0,0,133.25,120.9,0,0,0,0,19-DEC-2017,
OPTSTK,CADILAHC,22-Feb-2018,320,CE,0,0,0,113.8,101.15,0,0,0,0,19-DEC-2017,
OPTSTK,CADILAHC,22-Feb-2018,340,CE,0,0,0,94.85,81.65,0,0,0,0,19-DEC-2017,
OPTSTK,CADILAHC,22-Feb-2018,360,CE,0,0,0,76.75,62.7,0,0,0,0,19-DEC-2017,
OPTSTK,CADILAHC,22-Feb-2018,380,CE,0,0,0,60.1,45.25,0,0,0,0,19-DEC-2017,
OPTSTK,CADILAHC,22-Feb-2018,400,CE,0,0,0,45.35,30.3,0,0,0,0,19-DEC-2017,
OPTSTK,CADILAHC,22-Feb-2018,420,CE,0,0,0,33,18.65,0,0,0,0,19-DEC-2017,
OPTSTK,CADILAHC,22-Feb-2018,440,CE,0,0,0,23.05,10.5,0,0,0,0,19-DEC-2017,
OPTSTK,CADILAHC,22-Feb-2018,460,CE,0,0,0,15.55,5.4,0,0,0,0,19-DEC-2017,
OPTSTK,CADILAHC,22-Feb-2018,480,CE,0,0,0,10.1,2.55,0,0,0,0,19-DEC-2017,
OPTSTK,CADILAHC,22-Feb-2018,500,CE,0,0,0,6.35,1.1,0,0,0,0,19-DEC-2017,
OPTSTK,CADILAHC,22-Feb-2018,520,CE,0,0,0,3.85,0.45,0,0,0,0,19-DEC-2017,
OPTSTK,CADILAHC,22-Feb-2018,540,CE,0,0,0,2.3,0.2,0,0,0,0,19-DEC-2017,
OPTSTK,CADILAHC,22-Feb-2018,560,CE,0,0,0,1.3,0.1,0,0,0,0,19-DEC-2017,
OPTSTK,CADILAHC,22-Feb-2018,580,CE,0,0,0,0.75,0.05,0,0,0,0,19-DEC-2017,
OPTSTK,CADILAHC,22-Feb-2018,600,CE,0,0,0,0.4,0.05,0,0,0,0,19-DEC-2017,
OPTSTK,CADILAHC,22-Feb-2018,620,CE,0,0,0,0.25,0,0,0,0,0,19-DEC-2017,
OPTSTK,CADILAHC,22-Feb-2018,300,PE,0,0,0,0.1,0.05,0,0,0,0,19-DEC-2017,
OPTSTK,CADILAHC,22-Feb-2018,320,PE,0,0,0,0.4,0.05,0,0,0,0,19-DEC-2017,
OPTSTK,CADILAHC,22-Feb-2018,340,PE,0,0,0,1.15,0.3,0,0,0,0,19-DEC-2017,
OPTSTK,CADILAHC,22-Feb-2018,360,PE,0,0,0,2.75,1.15,0,0,0,0,19-DEC-2017,
OPTSTK,CADILAHC,22-Feb-2018,380,PE,0,0,0,5.8,3.5,0,0,0,0,19-DEC-2017,
OPTSTK,CADILAHC,22-Feb-2018,400,PE,0,0,0,10.8,8.25,0,0,0,0,19-DEC-2017,
OPTSTK,CADILAHC,22-Feb-2018,420,PE,0,0,0,18.1,16.4,0,0,0,0,19-DEC-2017,
OPTSTK,CADILAHC,22-Feb-2018,440,PE,0,0,0,27.9,28,0,0,0,0,19-DEC-2017,
OPTSTK,CADILAHC,22-Feb-2018,460,PE,0,0,0,40.1,42.7,0,0,0,0,19-DEC-2017,
OPTSTK,CADILAHC,22-Feb-2018,480,PE,0,0,0,54.4,59.65,0,0,0,0,19-DEC-2017,
OPTSTK,CADILAHC,22-Feb-2018,500,PE,0,0,0,70.3,77.95,0,0,0,0,19-DEC-2017,
OPTSTK,CADILAHC,22-Feb-2018,520,PE,0,0,0,87.55,97.1,0,0,0,0,19-DEC-2017,
OPTSTK,CADILAHC,22-Feb-2018,540,PE,0,0,0,105.65,116.6,0,0,0,0,19-DEC-2017,
OPTSTK,CADILAHC,22-Feb-2018,560,PE,0,0,0,124.4,136.25,0,0,0,0,19-DEC-2017,
OPTSTK,CADILAHC,22-Feb-2018,580,PE,0,0,0,143.55,155.95,0,0,0,0,19-DEC-2017,
OPTSTK,CADILAHC,22-Feb-2018,600,PE,0,0,0,162.9,175.75,0,0,0,0,19-DEC-2017,
OPTSTK,CADILAHC,22-Feb-2018,620,PE,0,0,0,182.45,195.5,0,0,0,0,19-DEC-2017,
OPTSTK,CANBK,28-Dec-2017,230,CE,0,0,0,89.65,141.65,0,0,0,0,19-DEC-2017,
OPTSTK,CANBK,28-Dec-2017,240,CE,0,0,0,80.05,131.65,0,0,0,0,19-DEC-2017,
OPTSTK,CANBK,28-Dec-2017,250,CE,0,0,0,70.7,121.65,0,0,0,0,19-DEC-2017,
OPTSTK,CANBK,28-Dec-2017,260,CE,0,0,0,61.65,111.65,0,0,0,0,19-DEC-2017,
OPTSTK,CANBK,28-Dec-2017,270,CE,0,0,0,53.05,101.7,0,0,0,0,19-DEC-2017,
OPTSTK,CANBK,28-Dec-2017,280,CE,0,0,0,45,91.7,0,0,0,0,19-DEC-2017,
OPTSTK,CANBK,28-Dec-2017,290,CE,0,0,0,37.6,81.75,0,0,0,0,19-DEC-2017,
OPTSTK,CANBK,28-Dec-2017,300,CE,0,0,0,66,71.8,0,0,0,0,19-DEC-2017,
OPTSTK,CANBK,28-Dec-2017,310,CE,0,0,0,53,62,0,0,3084,0,19-DEC-2017,
OPTSTK,CANBK,28-Dec-2017,320,CE,0,0,0,44,52.35,0,0,3084,0,19-DEC-2017,
OPTSTK,CANBK,28-Dec-2017,330,CE,0,0,0,34.55,43.1,0,0,6168,0,19-DEC-2017,
OPTSTK,CANBK,28-Dec-2017,340,CE,0,0,0,27.35,34.45,0,0,15420,0,19-DEC-2017,
OPTSTK,CANBK,28-Dec-2017,350,CE,19,23,19,22.15,22.15,3,34.36,30840,-6168,19-DEC-2017,
OPTSTK,CANBK,28-Dec-2017,360,CE,12.45,15,10.55,14.1,14.1,69,794.2,265224,-18504,19-DEC-2017,
OPTSTK,CANBK,28-Dec-2017,370,CE,6.95,8.6,5.65,7.75,7.75,481,5597.91,647640,-33924,19-DEC-2017,
OPTSTK,CANBK,28-Dec-2017,380,CE,3.6,4.4,2.95,3.9,3.9,295,3491.09,641472,24672,19-DEC-2017,
OPTSTK,CANBK,28-Dec-2017,390,CE,2,2.15,1.65,2,2,105,1268.98,354660,21588,19-DEC-2017,
OPTSTK,CANBK,28-Dec-2017,400,CE,1.15,1.25,0.95,1.15,1.15,85,1051.4,524280,46260,19-DEC-2017,
OPTSTK,CANBK,28-Dec-2017,410,CE,0.5,0.7,0.5,0.7,0.7,6,75.98,92520,12336,19-DEC-2017,
OPTSTK,CANBK,28-Dec-2017,420,CE,0.5,0.5,0.4,0.4,0.4,13,168.57,203544,21588,19-DEC-2017,
OPTSTK,CANBK,28-Dec-2017,430,CE,0,0,0,0.25,0.8,0,0,37008,0,19-DEC-2017,
OPTSTK,CANBK,28-Dec-2017,440,CE,0.4,0.4,0.2,0.2,0.2,5,67.89,117192,0,19-DEC-2017,
OPTSTK,CANBK,28-Dec-2017,450,CE,0,0,0,0.2,0.25,0,0,12336,0,19-DEC-2017,
OPTSTK,CANBK,28-Dec-2017,460,CE,0,0,0,0.5,0.15,0,0,6168,0,19-DEC-2017,
OPTSTK,CANBK,28-Dec-2017,470,CE,0,0,0,0.5,0.05,0,0,6168,0,19-DEC-2017,
OPTSTK,CANBK,28-Dec-2017,480,CE,0,0,0,1,0.05,0,0,0,0,19-DEC-2017,
OPTSTK,CANBK,28-Dec-2017,490,CE,0,0,0,97.4,0.05,0,0,0,0,19-DEC-2017,
OPTSTK,CANBK,28-Dec-2017,500,CE,0,0,0,94.3,0,0,0,0,0,19-DEC-2017,
OPTSTK,CANBK,28-Dec-2017,510,CE,0,0,0,91.3,0,0,0,0,0,19-DEC-2017,
OPTSTK,CANBK,28-Dec-2017,230,PE,0,0,0,0.25,0,0,0,0,0,19-DEC-2017,
OPTSTK,CANBK,28-Dec-2017,240,PE,0,0,0,0.55,0,0,0,0,0,19-DEC-2017,
OPTSTK,CANBK,28-Dec-2017,250,PE,0,0,0,1,0,0,0,0,0,19-DEC-2017,
OPTSTK,CANBK,28-Dec-2017,260,PE,0,0,0,1.8,0,0,0,0,0,19-DEC-2017,
OPTSTK,CANBK,28-Dec-2017,270,PE,0,0,0,3.05,0,0,0,0,0,19-DEC-2017,
OPTSTK,CANBK,28-Dec-2017,280,PE,0,0,0,4.85,0.05,0,0,0,0,19-DEC-2017,
OPTSTK,CANBK,28-Dec-2017,290,PE,0,0,0,7.3,0.05,0,0,0,0,19-DEC-2017,
OPTSTK,CANBK,28-Dec-2017,300,PE,0.2,0.2,0.2,0.2,0.2,1,9.25,18504,0,19-DEC-2017,
OPTSTK,CANBK,28-Dec-2017,310,PE,0,0,0,0.4,0.25,0,0,21588,0,19-DEC-2017,
OPTSTK,CANBK,28-Dec-2017,320,PE,0.35,0.35,0.35,0.35,0.35,1,9.87,95604,-3084,19-DEC-2017,
OPTSTK,CANBK,28-Dec-2017,330,PE,0.8,0.8,0.4,0.45,0.45,8,81.56,107940,-6168,19-DEC-2017,
OPTSTK,CANBK,28-Dec-2017,340,PE,1.35,1.45,0.8,0.85,0.85,81,852.08,428676,40092,19-DEC-2017,
OPTSTK,CANBK,28-Dec-2017,350,PE,2.4,2.5,1.4,1.55,1.55,88,955.04,314568,46260,19-DEC-2017,
OPTSTK,CANBK,28-Dec-2017,360,PE,4.65,5.1,3.05,3.2,3.2,190,2132.12,376248,58596,19-DEC-2017,
OPTSTK,CANBK,28-Dec-2017,370,PE,8.4,10,6.15,6.55,6.55,89,1035.07,259056,58596,19-DEC-2017,
OPTSTK,CANBK,28-Dec-2017,380,PE,13.85,14.5,11.55,12.8,12.8,7,84.77,181956,3084,19-DEC-2017,
OPTSTK,CANBK,28-Dec-2017,390,PE,0,0,0,35.65,24.55,0,0,98688,0,19-DEC-2017,
OPTSTK,CANBK,28-Dec-2017,400,PE,0,0,0,43.25,32.15,0,0,92520,0,19-DEC-2017,
OPTSTK,CANBK,28-Dec-2017,410,PE,0,0,0,42.3,40.55,0,0,6168,0,19-DEC-2017,
OPTSTK,CANBK,28-Dec-2017,420,PE,0,0,0,45,49.5,0,0,24672,0,19-DEC-2017,
OPTSTK,CANBK,28-Dec-2017,430,PE,0,0,0,108.2,58.9,0,0,0,0,19-DEC-2017,
OPTSTK,CANBK,28-Dec-2017,440,PE,0,0,0,64,68.5,0,0,6168,0,19-DEC-2017,
OPTSTK,CANBK,28-Dec-2017,450,PE,0,0,0,72,78.3,0,0,3084,0,19-DEC-2017,
OPTSTK,CANBK,28-Dec-2017,460,PE,0,0,0,80.65,88.15,0,0,18504,0,19-DEC-2017,
OPTSTK,CANBK,28-Dec-2017,470,PE,0,0,0,128.8,98.1,0,0,0,0,19-DEC-2017,
OPTSTK,CANBK,28-Dec-2017,480,PE,0,0,0,100.1,108.05,0,0,6168,0,19-DEC-2017,
OPTSTK,CANBK,28-Dec-2017,490,PE,0,0,0,142.1,118,0,0,0,0,19-DEC-2017,
OPTSTK,CANBK,28-Dec-2017,500,PE,0,0,0,148.9,128,0,0,0,0,19-DEC-2017,
OPTSTK,CANBK,28-Dec-2017,510,PE,0,0,0,155.8,138,0,0,0,0,19-DEC-2017,
OPTSTK,CANBK,25-Jan-2018,280,CE,0,0,0,193.1,94.45,0,0,0,0,19-DEC-2017,
OPTSTK,CANBK,25-Jan-2018,290,CE,0,0,0,187.55,85.35,0,0,0,0,19-DEC-2017,
OPTSTK,CANBK,25-Jan-2018,300,CE,0,0,0,182.2,76.55,0,0,0,0,19-DEC-2017,
OPTSTK,CANBK,25-Jan-2018,310,CE,0,0,0,176.95,68.1,0,0,0,0,19-DEC-2017,
OPTSTK,CANBK,25-Jan-2018,320,CE,0,0,0,171.9,60.15,0,0,0,0,19-DEC-2017,
OPTSTK,CANBK,25-Jan-2018,330,CE,0,0,0,167.05,52.65,0,0,0,0,19-DEC-2017,
OPTSTK,CANBK,25-Jan-2018,340,CE,0,0,0,162.3,45.75,0,0,0,0,19-DEC-2017,
OPTSTK,CANBK,25-Jan-2018,350,CE,0,0,0,157.7,39.4,0,0,0,0,19-DEC-2017,
OPTSTK,CANBK,25-Jan-2018,360,CE,0,0,0,153.25,33.7,0,0,0,0,19-DEC-2017,
OPTSTK,CANBK,25-Jan-2018,370,CE,16,16.5,15.95,16.5,16.5,5,30.88,11200,8000,19-DEC-2017,
OPTSTK,CANBK,25-Jan-2018,380,CE,12.65,12.65,12.25,12.25,12.25,2,12.55,8000,1600,19-DEC-2017,
OPTSTK,CANBK,25-Jan-2018,390,CE,0,0,0,140.8,20.05,0,0,0,0,19-DEC-2017,
OPTSTK,CANBK,25-Jan-2018,400,CE,5.7,6.5,5.4,6.1,6.1,5,32.46,9600,6400,19-DEC-2017,
OPTSTK,CANBK,25-Jan-2018,410,CE,0,0,0,3.15,13.7,0,0,1600,0,19-DEC-2017,
OPTSTK,CANBK,25-Jan-2018,420,CE,0,0,0,129.5,11.2,0,0,0,0,19-DEC-2017,
OPTSTK,CANBK,25-Jan-2018,430,CE,0,0,0,126,9.1,0,0,0,0,19-DEC-2017,
OPTSTK,CANBK,25-Jan-2018,440,CE,0,0,0,122.55,7.35,0,0,0,0,19-DEC-2017,
OPTSTK,CANBK,25-Jan-2018,450,CE,0,0,0,119.25,5.9,0,0,0,0,19-DEC-2017,
OPTSTK,CANBK,25-Jan-2018,460,CE,0,0,0,116.05,4.7,0,0,0,0,19-DEC-2017,
OPTSTK,CANBK,25-Jan-2018,470,CE,0,0,0,112.95,3.7,0,0,0,0,19-DEC-2017,
OPTSTK,CANBK,25-Jan-2018,480,CE,0,0,0,109.95,2.95,0,0,0,0,19-DEC-2017,
OPTSTK,CANBK,25-Jan-2018,490,CE,0,0,0,107.05,2.3,0,0,0,0,19-DEC-2017,
OPTSTK,CANBK,25-Jan-2018,500,CE,0,0,0,104.2,1.8,0,0,0,0,19-DEC-2017,
OPTSTK,CANBK,25-Jan-2018,510,CE,0,0,0,101.5,1.4,0,0,0,0,19-DEC-2017,
OPTSTK,CANBK,25-Jan-2018,280,PE,0,0,0,44.65,1.4,0,0,0,0,19-DEC-2017,
OPTSTK,CANBK,25-Jan-2018,290,PE,0,0,0,48.9,2.2,0,0,0,0,19-DEC-2017,
OPTSTK,CANBK,25-Jan-2018,300,PE,0,0,0,53.35,3.3,0,0,0,0,19-DEC-2017,
OPTSTK,CANBK,25-Jan-2018,310,PE,0,0,0,4,4.85,0,0,3200,0,19-DEC-2017,
OPTSTK,CANBK,25-Jan-2018,320,PE,0,0,0,62.8,6.8,0,0,0,0,19-DEC-2017,
OPTSTK,CANBK,25-Jan-2018,330,PE,0,0,0,1.5,9.25,0,0,3200,0,19-DEC-2017,
OPTSTK,CANBK,25-Jan-2018,340,PE,5.55,5.55,5.55,5.55,5.55,2,11.05,3200,0,19-DEC-2017,
OPTSTK,CANBK,25-Jan-2018,350,PE,0,0,0,78.1,15.9,0,0,0,0,19-DEC-2017,
OPTSTK,CANBK,25-Jan-2018,360,PE,0,0,0,13.6,20.1,0,0,11200,0,19-DEC-2017,
OPTSTK,CANBK,25-Jan-2018,370,PE,0,0,0,89.1,24.9,0,0,0,0,19-DEC-2017,
OPTSTK,CANBK,25-Jan-2018,380,PE,0,0,0,94.8,30.3,0,0,0,0,19-DEC-2017,
OPTSTK,CANBK,25-Jan-2018,390,PE,0,0,0,100.6,36.3,0,0,0,0,19-DEC-2017,
OPTSTK,CANBK,25-Jan-2018,400,PE,0,0,0,106.55,42.75,0,0,0,0,19-DEC-2017,
OPTSTK,CANBK,25-Jan-2018,410,PE,0,0,0,112.65,49.75,0,0,0,0,19-DEC-2017,
OPTSTK,CANBK,25-Jan-2018,420,PE,0,0,0,118.85,57.2,0,0,0,0,19-DEC-2017,
OPTSTK,CANBK,25-Jan-2018,430,PE,0,0,0,125.15,65.05,0,0,0,0,19-DEC-2017,
OPTSTK,CANBK,25-Jan-2018,440,PE,0,0,0,131.55,73.2,0,0,0,0,19-DEC-2017,
OPTSTK,CANBK,25-Jan-2018,450,PE,0,0,0,138.1,81.7,0,0,0,0,19-DEC-2017,
OPTSTK,CANBK,25-Jan-2018,460,PE,0,0,0,144.75,90.45,0,0,0,0,19-DEC-2017,
OPTSTK,CANBK,25-Jan-2018,470,PE,0,0,0,151.5,99.4,0,0,0,0,19-DEC-2017,
OPTSTK,CANBK,25-Jan-2018,480,PE,0,0,0,158.3,108.55,0,0,0,0,19-DEC-2017,
OPTSTK,CANBK,25-Jan-2018,490,PE,0,0,0,165.25,117.85,0,0,0,0,19-DEC-2017,
OPTSTK,CANBK,25-Jan-2018,500,PE,0,0,0,172.25,127.3,0,0,0,0,19-DEC-2017,
OPTSTK,CANBK,25-Jan-2018,510,PE,0,0,0,179.4,136.85,0,0,0,0,19-DEC-2017,
OPTSTK,CANBK,22-Feb-2018,280,CE,0,0,0,110.25,98.6,0,0,0,0,19-DEC-2017,
OPTSTK,CANBK,22-Feb-2018,290,CE,0,0,0,103.15,90.2,0,0,0,0,19-DEC-2017,
OPTSTK,CANBK,22-Feb-2018,300,CE,0,0,0,96.3,82.2,0,0,0,0,19-DEC-2017,
OPTSTK,CANBK,22-Feb-2018,310,CE,0,0,0,89.8,74.55,0,0,0,0,19-DEC-2017,
OPTSTK,CANBK,22-Feb-2018,320,CE,0,0,0,83.65,67.35,0,0,0,0,19-DEC-2017,
OPTSTK,CANBK,22-Feb-2018,330,CE,0,0,0,77.8,60.55,0,0,0,0,19-DEC-2017,
OPTSTK,CANBK,22-Feb-2018,340,CE,0,0,0,72.25,54.25,0,0,0,0,19-DEC-2017,
OPTSTK,CANBK,22-Feb-2018,350,CE,0,0,0,67.05,48.4,0,0,0,0,19-DEC-2017,
OPTSTK,CANBK,22-Feb-2018,360,CE,0,0,0,62.15,43,0,0,0,0,19-DEC-2017,
OPTSTK,CANBK,22-Feb-2018,370,CE,0,0,0,57.55,38.05,0,0,0,0,19-DEC-2017,
OPTSTK,CANBK,22-Feb-2018,380,CE,0,0,0,53.25,33.55,0,0,0,0,19-DEC-2017,
OPTSTK,CANBK,22-Feb-2018,390,CE,0,0,0,49.2,29.5,0,0,0,0,19-DEC-2017,
OPTSTK,CANBK,22-Feb-2018,400,CE,0,0,0,45.45,25.85,0,0,0,0,19-DEC-2017,
OPTSTK,CANBK,22-Feb-2018,410,CE,0,0,0,41.95,22.55,0,0,0,0,19-DEC-2017,
OPTSTK,CANBK,22-Feb-2018,420,CE,0,0,0,38.7,19.6,0,0,0,0,19-DEC-2017,
OPTSTK,CANBK,22-Feb-2018,430,CE,0,0,0,35.65,17.05,0,0,0,0,19-DEC-2017,
OPTSTK,CANBK,22-Feb-2018,440,CE,0,0,0,32.8,14.75,0,0,0,0,19-DEC-2017,
OPTSTK,CANBK,22-Feb-2018,450,CE,0,0,0,30.2,12.75,0,0,0,0,19-DEC-2017,
OPTSTK,CANBK,22-Feb-2018,460,CE,0,0,0,27.8,10.95,0,0,0,0,19-DEC-2017,
OPTSTK,CANBK,22-Feb-2018,470,CE,0,0,0,25.55,9.4,0,0,0,0,19-DEC-2017,
OPTSTK,CANBK,22-Feb-2018,480,CE,0,0,0,23.5,8.05,0,0,0,0,19-DEC-2017,
OPTSTK,CANBK,22-Feb-2018,490,CE,0,0,0,21.6,6.9,0,0,0,0,19-DEC-2017,
OPTSTK,CANBK,22-Feb-2018,500,CE,0,0,0,19.85,5.9,0,0,0,0,19-DEC-2017,
OPTSTK,CANBK,22-Feb-2018,510,CE,0,0,0,18.2,5,0,0,0,0,19-DEC-2017,
OPTSTK,CANBK,22-Feb-2018,280,PE,0,0,0,13.35,4.15,0,0,0,0,19-DEC-2017,
OPTSTK,CANBK,22-Feb-2018,290,PE,0,0,0,16.05,5.65,0,0,0,0,19-DEC-2017,
OPTSTK,CANBK,22-Feb-2018,300,PE,0,0,0,19.1,7.5,0,0,0,0,19-DEC-2017,
OPTSTK,CANBK,22-Feb-2018,310,PE,0,0,0,22.45,9.75,0,0,0,0,19-DEC-2017,
OPTSTK,CANBK,22-Feb-2018,320,PE,0,0,0,26.1,12.45,0,0,0,0,19-DEC-2017,
OPTSTK,CANBK,22-Feb-2018,330,PE,0,0,0,30.15,15.55,0,0,0,0,19-DEC-2017,
OPTSTK,CANBK,22-Feb-2018,340,PE,0,0,0,34.45,19.1,0,0,0,0,19-DEC-2017,
OPTSTK,CANBK,22-Feb-2018,350,PE,0,0,0,39.1,23.15,0,0,0,0,19-DEC-2017,
OPTSTK,CANBK,22-Feb-2018,360,PE,0,0,0,44.05,27.65,0,0,0,0,19-DEC-2017,
OPTSTK,CANBK,22-Feb-2018,370,PE,0,0,0,49.3,32.6,0,0,0,0,19-DEC-2017,
OPTSTK,CANBK,22-Feb-2018,380,PE,0,0,0,54.85,38,0,0,0,0,19-DEC-2017,
OPTSTK,CANBK,22-Feb-2018,390,PE,0,0,0,60.7,43.8,0,0,0,0,19-DEC-2017,
OPTSTK,CANBK,22-Feb-2018,400,PE,0,0,0,66.8,50,0,0,0,0,19-DEC-2017,
OPTSTK,CANBK,22-Feb-2018,410,PE,0,0,0,73.1,56.6,0,0,0,0,19-DEC-2017,
OPTSTK,CANBK,22-Feb-2018,420,PE,0,0,0,79.7,63.6,0,0,0,0,19-DEC-2017,
OPTSTK,CANBK,22-Feb-2018,430,PE,0,0,0,86.5,70.9,0,0,0,0,19-DEC-2017,
OPTSTK,CANBK,22-Feb-2018,440,PE,0,0,0,93.55,78.5,0,0,0,0,19-DEC-2017,
OPTSTK,CANBK,22-Feb-2018,450,PE,0,0,0,100.8,86.35,0,0,0,0,19-DEC-2017,
OPTSTK,CANBK,22-Feb-2018,460,PE,0,0,0,108.25,94.45,0,0,0,0,19-DEC-2017,
OPTSTK,CANBK,22-Feb-2018,470,PE,0,0,0,115.85,102.8,0,0,0,0,19-DEC-2017,
OPTSTK,CANBK,22-Feb-2018,480,PE,0,0,0,123.65,111.35,0,0,0,0,19-DEC-2017,
OPTSTK,CANBK,22-Feb-2018,490,PE,0,0,0,131.6,120.05,0,0,0,0,19-DEC-2017,
OPTSTK,CANBK,22-Feb-2018,500,PE,0,0,0,139.7,128.95,0,0,0,0,19-DEC-2017,
OPTSTK,CANBK,22-Feb-2018,510,PE,0,0,0,147.95,137.95,0,0,0,0,19-DEC-2017,
OPTSTK,CANFINHOME,28-Dec-2017,340,CE,0,0,0,960.7,140.95,0,0,0,0,19-DEC-2017,
OPTSTK,CANFINHOME,28-Dec-2017,350,CE,0,0,0,912.25,130.95,0,0,0,0,19-DEC-2017,
OPTSTK,CANFINHOME,28-Dec-2017,360,CE,0,0,0,864.1,121,0,0,0,0,19-DEC-2017,
OPTSTK,CANFINHOME,28-Dec-2017,370,CE,0,0,0,816.35,111,0,0,0,0,19-DEC-2017,
OPTSTK,CANFINHOME,28-Dec-2017,380,CE,0,0,0,769.2,101,0,0,0,0,19-DEC-2017,
OPTSTK,CANFINHOME,28-Dec-2017,390,CE,0,0,0,722.7,91.05,0,0,0,0,19-DEC-2017,
OPTSTK,CANFINHOME,28-Dec-2017,400,CE,0,0,0,677,81.05,0,0,0,0,19-DEC-2017,
OPTSTK,CANFINHOME,28-Dec-2017,410,CE,0,0,0,632.2,71.15,0,0,0,0,19-DEC-2017,
OPTSTK,CANFINHOME,28-Dec-2017,420,CE,0,0,0,588.55,61.35,0,0,0,0,19-DEC-2017,
OPTSTK,CANFINHOME,28-Dec-2017,430,CE,0,0,0,546.15,51.7,0,0,0,0,19-DEC-2017,
OPTSTK,CANFINHOME,28-Dec-2017,440,CE,0,0,0,505.1,42.5,0,0,0,0,19-DEC-2017,
OPTSTK,CANFINHOME,28-Dec-2017,450,CE,0,0,0,14.3,33.85,0,0,5000,0,19-DEC-2017,
OPTSTK,CANFINHOME,28-Dec-2017,460,CE,20,25,20,25,25,3,18.06,5000,-2500,19-DEC-2017,
OPTSTK,CANFINHOME,28-Dec-2017,470,CE,12,18.3,12,16.35,16.35,11,66.87,26250,-5000,19-DEC-2017,
OPTSTK,CANFINHOME,28-Dec-2017,480,CE,10.5,12.5,10,11.6,11.6,19,116.6,55000,5000,19-DEC-2017,
OPTSTK,CANFINHOME,28-Dec-2017,490,CE,5,7.1,4.55,6.1,6.1,42,260.62,83750,-1250,19-DEC-2017,
OPTSTK,CANFINHOME,28-Dec-2017,500,CE,1.95,4.1,1.95,3.8,3.8,25,157.41,156250,-2500,19-DEC-2017,
OPTSTK,CANFINHOME,28-Dec-2017,510,CE,2,2,2,2,2,8,51.2,51250,-1250,19-DEC-2017,
OPTSTK,CANFINHOME,28-Dec-2017,520,CE,1.25,1.4,1,1.4,1.4,11,71.68,47500,-7500,19-DEC-2017,
OPTSTK,CANFINHOME,28-Dec-2017,530,CE,0.6,0.6,0.6,0.6,0.6,3,19.89,10000,-3750,19-DEC-2017,
OPTSTK,CANFINHOME,28-Dec-2017,540,CE,0,0,0,1.5,0.65,0,0,17500,0,19-DEC-2017,
OPTSTK,CANFINHOME,28-Dec-2017,550,CE,0,0,0,171,0.35,0,0,0,0,19-DEC-2017,
OPTSTK,CANFINHOME,28-Dec-2017,560,CE,0,0,0,151.95,0.2,0,0,0,0,19-DEC-2017,
OPTSTK,CANFINHOME,28-Dec-2017,570,CE,0,0,0,134.65,0.1,0,0,0,0,19-DEC-2017,
OPTSTK,CANFINHOME,28-Dec-2017,580,CE,0,0,0,118.9,0.05,0,0,0,0,19-DEC-2017,
OPTSTK,CANFINHOME,28-Dec-2017,590,CE,0,0,0,104.75,0.05,0,0,0,0,19-DEC-2017,
OPTSTK,CANFINHOME,28-Dec-2017,600,CE,0,0,0,92.1,0.05,0,0,0,0,19-DEC-2017,
OPTSTK,CANFINHOME,28-Dec-2017,610,CE,0,0,0,80.75,0,0,0,0,0,19-DEC-2017,
OPTSTK,CANFINHOME,28-Dec-2017,620,CE,0,0,0,70.5,0,0,0,0,0,19-DEC-2017,
OPTSTK,CANFINHOME,28-Dec-2017,630,CE,0,0,0,61.45,0,0,0,0,0,19-DEC-2017,
OPTSTK,CANFINHOME,28-Dec-2017,640,CE,0,0,0,53.4,0,0,0,0,0,19-DEC-2017,
OPTSTK,CANFINHOME,28-Dec-2017,650,CE,0,0,0,46.3,0,0,0,0,0,19-DEC-2017,
OPTSTK,CANFINHOME,28-Dec-2017,660,CE,0,0,0,40.1,0,0,0,0,0,19-DEC-2017,
OPTSTK,CANFINHOME,28-Dec-2017,670,CE,0,0,0,34.6,0,0,0,0,0,19-DEC-2017,
OPTSTK,CANFINHOME,28-Dec-2017,680,CE,0,0,0,29.8,0,0,0,0,0,19-DEC-2017,
OPTSTK,CANFINHOME,28-Dec-2017,690,CE,0,0,0,25.6,0,0,0,0,0,19-DEC-2017,
OPTSTK,CANFINHOME,28-Dec-2017,700,CE,0,0,0,22,0,0,0,0,0,19-DEC-2017,
OPTSTK,CANFINHOME,28-Dec-2017,710,CE,0,0,0,18.8,0,0,0,0,0,19-DEC-2017,
OPTSTK,CANFINHOME,28-Dec-2017,720,CE,0,0,0,16.1,0,0,0,0,0,19-DEC-2017,
OPTSTK,CANFINHOME,28-Dec-2017,730,CE,0,0,0,13.7,0,0,0,0,0,19-DEC-2017,
OPTSTK,CANFINHOME,28-Dec-2017,340,PE,0,0,0,1.35,0,0,0,0,0,19-DEC-2017,
OPTSTK,CANFINHOME,28-Dec-2017,350,PE,0,0,0,2.1,0,0,0,0,0,19-DEC-2017,
OPTSTK,CANFINHOME,28-Dec-2017,360,PE,0,0,0,3.2,0,0,0,0,0,19-DEC-2017,
OPTSTK,CANFINHOME,28-Dec-2017,370,PE,0,0,0,4.7,0,0,0,0,0,19-DEC-2017,
OPTSTK,CANFINHOME,28-Dec-2017,380,PE,0,0,0,6.75,0,0,0,0,0,19-DEC-2017,
OPTSTK,CANFINHOME,28-Dec-2017,390,PE,0,0,0,9.45,0.05,0,0,0,0,19-DEC-2017,
OPTSTK,CANFINHOME,28-Dec-2017,400,PE,0,0,0,0.7,0.05,0,0,1250,0,19-DEC-2017,
OPTSTK,CANFINHOME,28-Dec-2017,410,PE,0,0,0,0.65,0.1,0,0,1250,0,19-DEC-2017,
OPTSTK,CANFINHOME,28-Dec-2017,420,PE,0,0,0,1.45,0.3,0,0,0,0,19-DEC-2017,
OPTSTK,CANFINHOME,28-Dec-2017,430,PE,0,0,0,29.8,0.65,0,0,0,0,19-DEC-2017,
OPTSTK,CANFINHOME,28-Dec-2017,440,PE,0,0,0,2.6,1.4,0,0,35000,0,19-DEC-2017,
OPTSTK,CANFINHOME,28-Dec-2017,450,PE,2.05,2.05,1,1,1,8,45.18,13750,-6250,19-DEC-2017,
OPTSTK,CANFINHOME,28-Dec-2017,460,PE,3.5,3.5,2.5,2.5,2.5,9,52.1,25000,-5000,19-DEC-2017,
OPTSTK,CANFINHOME,28-Dec-2017,470,PE,3.85,3.85,3.85,3.85,3.85,2,11.84,23750,1250,19-DEC-2017,
OPTSTK,CANFINHOME,28-Dec-2017,480,PE,10,10,9,9.95,9.95,3,18.36,11250,2500,19-DEC-2017,
OPTSTK,CANFINHOME,28-Dec-2017,490,PE,0,0,0,17,18.05,0,0,2500,0,19-DEC-2017,
OPTSTK,CANFINHOME,28-Dec-2017,500,PE,0,0,0,28.2,24.75,0,0,3750,0,19-DEC-2017,
OPTSTK,CANFINHOME,28-Dec-2017,510,PE,0,0,0,143.15,32.5,0,0,0,0,19-DEC-2017,
OPTSTK,CANFINHOME,28-Dec-2017,520,PE,0,0,0,41.25,40.95,0,0,6250,0,19-DEC-2017,
OPTSTK,CANFINHOME,28-Dec-2017,530,PE,0,0,0,190.4,50,0,0,0,0,19-DEC-2017,
OPTSTK,CANFINHOME,28-Dec-2017,540,PE,0,0,0,52,59.4,0,0,1250,0,19-DEC-2017,
OPTSTK,CANFINHOME,28-Dec-2017,550,PE,0,0,0,245.35,69.1,0,0,0,0,19-DEC-2017,
OPTSTK,CANFINHOME,28-Dec-2017,560,PE,0,0,0,275.5,78.9,0,0,0,0,19-DEC-2017,
OPTSTK,CANFINHOME,28-Dec-2017,570,PE,0,0,0,307.4,88.8,0,0,0,0,19-DEC-2017,
OPTSTK,CANFINHOME,28-Dec-2017,580,PE,0,0,0,340.9,98.75,0,0,0,0,19-DEC-2017,
OPTSTK,CANFINHOME,28-Dec-2017,590,PE,0,0,0,375.95,108.7,0,0,0,0,19-DEC-2017,
OPTSTK,CANFINHOME,28-Dec-2017,600,PE,0,0,0,412.55,118.7,0,0,0,0,19-DEC-2017,
OPTSTK,CANFINHOME,28-Dec-2017,610,PE,0,0,0,450.4,128.65,0,0,0,0,19-DEC-2017,
OPTSTK,CANFINHOME,28-Dec-2017,620,PE,0,0,0,489.35,138.65,0,0,0,0,19-DEC-2017,
OPTSTK,CANFINHOME,28-Dec-2017,630,PE,0,0,0,529.5,148.65,0,0,0,0,19-DEC-2017,
OPTSTK,CANFINHOME,28-Dec-2017,640,PE,0,0,0,570.7,158.65,0,0,0,0,19-DEC-2017,
OPTSTK,CANFINHOME,28-Dec-2017,650,PE,0,0,0,612.85,168.6,0,0,0,0,19-DEC-2017,
OPTSTK,CANFINHOME,28-Dec-2017,660,PE,0,0,0,655.85,178.6,0,0,0,0,19-DEC-2017,
OPTSTK,CANFINHOME,28-Dec-2017,670,PE,0,0,0,699.55,188.6,0,0,0,0,19-DEC-2017,
OPTSTK,CANFINHOME,28-Dec-2017,680,PE,0,0,0,744,198.55,0,0,0,0,19-DEC-2017,
OPTSTK,CANFINHOME,28-Dec-2017,690,PE,0,0,0,789.05,208.55,0,0,0,0,19-DEC-2017,
OPTSTK,CANFINHOME,28-Dec-2017,700,PE,0,0,0,834.6,218.55,0,0,0,0,19-DEC-2017,
OPTSTK,CANFINHOME,28-Dec-2017,710,PE,0,0,0,880.7,228.5,0,0,0,0,19-DEC-2017,
OPTSTK,CANFINHOME,28-Dec-2017,720,PE,0,0,0,927.15,238.5,0,0,0,0,19-DEC-2017,
OPTSTK,CANFINHOME,28-Dec-2017,730,PE,0,0,0,974,248.5,0,0,0,0,19-DEC-2017,
OPTSTK,CANFINHOME,25-Jan-2018,340,CE,0,0,0,165.95,142.75,0,0,0,0,19-DEC-2017,
OPTSTK,CANFINHOME,25-Jan-2018,350,CE,0,0,0,156.8,132.9,0,0,0,0,19-DEC-2017,
OPTSTK,CANFINHOME,25-Jan-2018,360,CE,0,0,0,147.85,123.1,0,0,0,0,19-DEC-2017,
OPTSTK,CANFINHOME,25-Jan-2018,370,CE,0,0,0,139.05,113.4,0,0,0,0,19-DEC-2017,
OPTSTK,CANFINHOME,25-Jan-2018,380,CE,0,0,0,130.5,103.85,0,0,0,0,19-DEC-2017,
OPTSTK,CANFINHOME,25-Jan-2018,390,CE,0,0,0,122.2,94.45,0,0,0,0,19-DEC-2017,
OPTSTK,CANFINHOME,25-Jan-2018,400,CE,0,0,0,114.15,85.35,0,0,0,0,19-DEC-2017,
OPTSTK,CANFINHOME,25-Jan-2018,410,CE,0,0,0,106.4,76.5,0,0,0,0,19-DEC-2017,
OPTSTK,CANFINHOME,25-Jan-2018,420,CE,0,0,0,98.9,68.05,0,0,0,0,19-DEC-2017,
OPTSTK,CANFINHOME,25-Jan-2018,430,CE,0,0,0,91.75,60.05,0,0,0,0,19-DEC-2017,
OPTSTK,CANFINHOME,25-Jan-2018,440,CE,0,0,0,84.9,52.55,0,0,0,0,19-DEC-2017,
OPTSTK,CANFINHOME,25-Jan-2018,450,CE,0,0,0,78.4,45.55,0,0,0,0,19-DEC-2017,
OPTSTK,CANFINHOME,25-Jan-2018,460,CE,0,0,0,72.2,39.1,0,0,0,0,19-DEC-2017,
OPTSTK,CANFINHOME,25-Jan-2018,470,CE,25.9,25.9,25.9,25.9,25.9,1,6.19,1250,0,19-DEC-2017,
OPTSTK,CANFINHOME,25-Jan-2018,480,CE,0,0,0,60.9,28.1,0,0,0,0,19-DEC-2017,
OPTSTK,CANFINHOME,25-Jan-2018,490,CE,0,0,0,55.75,23.5,0,0,0,0,19-DEC-2017,
OPTSTK,CANFINHOME,25-Jan-2018,500,CE,0,0,0,9.9,19.45,0,0,1250,0,19-DEC-2017,
OPTSTK,CANFINHOME,25-Jan-2018,510,CE,0,0,0,46.45,15.95,0,0,0,0,19-DEC-2017,
OPTSTK,CANFINHOME,25-Jan-2018,520,CE,0,0,0,42.25,13,0,0,0,0,19-DEC-2017,
OPTSTK,CANFINHOME,25-Jan-2018,530,CE,0,0,0,38.35,10.5,0,0,0,0,19-DEC-2017,
OPTSTK,CANFINHOME,25-Jan-2018,540,CE,0,0,0,34.8,8.4,0,0,0,0,19-DEC-2017,
OPTSTK,CANFINHOME,25-Jan-2018,550,CE,0,0,0,31.5,6.65,0,0,0,0,19-DEC-2017,
OPTSTK,CANFINHOME,25-Jan-2018,560,CE,0,0,0,28.45,5.25,0,0,0,0,19-DEC-2017,
OPTSTK,CANFINHOME,25-Jan-2018,570,CE,0,0,0,25.65,4.1,0,0,0,0,19-DEC-2017,
OPTSTK,CANFINHOME,25-Jan-2018,580,CE,0,0,0,23.1,3.2,0,0,0,0,19-DEC-2017,
OPTSTK,CANFINHOME,25-Jan-2018,590,CE,0,0,0,20.8,2.45,0,0,0,0,19-DEC-2017,
OPTSTK,CANFINHOME,25-Jan-2018,600,CE,0,0,0,18.7,1.9,0,0,0,0,19-DEC-2017,
OPTSTK,CANFINHOME,25-Jan-2018,610,CE,0,0,0,16.75,1.45,0,0,0,0,19-DEC-2017,
OPTSTK,CANFINHOME,25-Jan-2018,620,CE,0,0,0,15,1.1,0,0,0,0,19-DEC-2017,
OPTSTK,CANFINHOME,25-Jan-2018,630,CE,0,0,0,13.4,0.8,0,0,0,0,19-DEC-2017,
OPTSTK,CANFINHOME,25-Jan-2018,640,CE,0,0,0,12,0.6,0,0,0,0,19-DEC-2017,
OPTSTK,CANFINHOME,25-Jan-2018,650,CE,0,0,0,10.7,0.45,0,0,0,0,19-DEC-2017,
OPTSTK,CANFINHOME,25-Jan-2018,660,CE,0,0,0,9.5,0.35,0,0,0,0,19-DEC-2017,
OPTSTK,CANFINHOME,25-Jan-2018,670,CE,0,0,0,8.5,0.25,0,0,0,0,19-DEC-2017,
OPTSTK,CANFINHOME,25-Jan-2018,680,CE,0,0,0,7.55,0.2,0,0,0,0,19-DEC-2017,
OPTSTK,CANFINHOME,25-Jan-2018,690,CE,0,0,0,6.7,0.15,0,0,0,0,19-DEC-2017,
OPTSTK,CANFINHOME,25-Jan-2018,700,CE,0,0,0,5.95,0.1,0,0,0,0,19-DEC-2017,
OPTSTK,CANFINHOME,25-Jan-2018,340,PE,0,0,0,2.05,0.1,0,0,0,0,19-DEC-2017,
OPTSTK,CANFINHOME,25-Jan-2018,350,PE,0,0,0,2.75,0.2,0,0,0,0,19-DEC-2017,
OPTSTK,CANFINHOME,25-Jan-2018,360,PE,0,0,0,3.65,0.35,0,0,0,0,19-DEC-2017,
OPTSTK,CANFINHOME,25-Jan-2018,370,PE,0,0,0,4.7,0.6,0,0,0,0,19-DEC-2017,
OPTSTK,CANFINHOME,25-Jan-2018,380,PE,0,0,0,6,0.95,0,0,0,0,19-DEC-2017,
OPTSTK,CANFINHOME,25-Jan-2018,390,PE,0,0,0,7.55,1.55,0,0,0,0,19-DEC-2017,
OPTSTK,CANFINHOME,25-Jan-2018,400,PE,0,0,0,9.3,2.35,0,0,0,0,19-DEC-2017,
OPTSTK,CANFINHOME,25-Jan-2018,410,PE,0,0,0,11.4,3.45,0,0,0,0,19-DEC-2017,
OPTSTK,CANFINHOME,25-Jan-2018,420,PE,0,0,0,13.8,4.95,0,0,0,0,19-DEC-2017,
OPTSTK,CANFINHOME,25-Jan-2018,430,PE,0,0,0,16.45,6.85,0,0,0,0,19-DEC-2017,
OPTSTK,CANFINHOME,25-Jan-2018,440,PE,0,0,0,19.45,9.3,0,0,0,0,19-DEC-2017,
OPTSTK,CANFINHOME,25-Jan-2018,450,PE,0,0,0,22.75,12.2,0,0,0,0,19-DEC-2017,
OPTSTK,CANFINHOME,25-Jan-2018,460,PE,0,0,0,26.45,15.7,0,0,0,0,19-DEC-2017,
OPTSTK,CANFINHOME,25-Jan-2018,470,PE,0,0,0,30.45,19.85,0,0,0,0,19-DEC-2017,
OPTSTK,CANFINHOME,25-Jan-2018,480,PE,0,0,0,34.8,24.55,0,0,0,0,19-DEC-2017,
OPTSTK,CANFINHOME,25-Jan-2018,490,PE,0,0,0,39.5,29.9,0,0,0,0,19-DEC-2017,
OPTSTK,CANFINHOME,25-Jan-2018,500,PE,0,0,0,44.55,35.8,0,0,0,0,19-DEC-2017,
OPTSTK,CANFINHOME,25-Jan-2018,510,PE,0,0,0,49.9,42.25,0,0,0,0,19-DEC-2017,
OPTSTK,CANFINHOME,25-Jan-2018,520,PE,0,0,0,55.55,49.2,0,0,0,0,19-DEC-2017,
OPTSTK,CANFINHOME,25-Jan-2018,530,PE,0,0,0,61.5,56.65,0,0,0,0,19-DEC-2017,
OPTSTK,CANFINHOME,25-Jan-2018,540,PE,0,0,0,67.75,64.5,0,0,0,0,19-DEC-2017,
OPTSTK,CANFINHOME,25-Jan-2018,550,PE,0,0,0,74.3,72.7,0,0,0,0,19-DEC-2017,
OPTSTK,CANFINHOME,25-Jan-2018,560,PE,0,0,0,81.1,81.2,0,0,0,0,19-DEC-2017,
OPTSTK,CANFINHOME,25-Jan-2018,570,PE,0,0,0,88.15,90,0,0,0,0,19-DEC-2017,
OPTSTK,CANFINHOME,25-Jan-2018,580,PE,0,0,0,95.5,99,0,0,0,0,19-DEC-2017,
OPTSTK,CANFINHOME,25-Jan-2018,590,PE,0,0,0,103,108.2,0,0,0,0,19-DEC-2017,
OPTSTK,CANFINHOME,25-Jan-2018,600,PE,0,0,0,110.7,117.55,0,0,0,0,19-DEC-2017,
OPTSTK,CANFINHOME,25-Jan-2018,610,PE,0,0,0,118.65,127.05,0,0,0,0,19-DEC-2017,
OPTSTK,CANFINHOME,25-Jan-2018,620,PE,0,0,0,126.7,136.65,0,0,0,0,19-DEC-2017,
OPTSTK,CANFINHOME,25-Jan-2018,630,PE,0,0,0,135,146.3,0,0,0,0,19-DEC-2017,
OPTSTK,CANFINHOME,25-Jan-2018,640,PE,0,0,0,143.4,156.05,0,0,0,0,19-DEC-2017,
OPTSTK,CANFINHOME,25-Jan-2018,650,PE,0,0,0,151.95,165.85,0,0,0,0,19-DEC-2017,
OPTSTK,CANFINHOME,25-Jan-2018,660,PE,0,0,0,160.6,175.65,0,0,0,0,19-DEC-2017,
OPTSTK,CANFINHOME,25-Jan-2018,670,PE,0,0,0,169.4,185.5,0,0,0,0,19-DEC-2017,
OPTSTK,CANFINHOME,25-Jan-2018,680,PE,0,0,0,178.35,195.35,0,0,0,0,19-DEC-2017,
OPTSTK,CANFINHOME,25-Jan-2018,690,PE,0,0,0,187.35,205.25,0,0,0,0,19-DEC-2017,
OPTSTK,CANFINHOME,25-Jan-2018,700,PE,0,0,0,196.4,215.15,0,0,0,0,19-DEC-2017,
OPTSTK,CANFINHOME,22-Feb-2018,340,CE,0,0,0,149.7,145,0,0,0,0,19-DEC-2017,
OPTSTK,CANFINHOME,22-Feb-2018,350,CE,0,0,0,140.4,135.5,0,0,0,0,19-DEC-2017,
OPTSTK,CANFINHOME,22-Feb-2018,360,CE,0,0,0,131.25,126.1,0,0,0,0,19-DEC-2017,
OPTSTK,CANFINHOME,22-Feb-2018,370,CE,0,0,0,122.25,116.9,0,0,0,0,19-DEC-2017,
OPTSTK,CANFINHOME,22-Feb-2018,380,CE,0,0,0,113.5,107.95,0,0,0,0,19-DEC-2017,
OPTSTK,CANFINHOME,22-Feb-2018,390,CE,0,0,0,105.05,99.25,0,0,0,0,19-DEC-2017,
OPTSTK,CANFINHOME,22-Feb-2018,400,CE,0,0,0,96.85,90.8,0,0,0,0,19-DEC-2017,
OPTSTK,CANFINHOME,22-Feb-2018,410,CE,0,0,0,89,82.75,0,0,0,0,19-DEC-2017,
OPTSTK,CANFINHOME,22-Feb-2018,420,CE,0,0,0,81.5,75,0,0,0,0,19-DEC-2017,
OPTSTK,CANFINHOME,22-Feb-2018,430,CE,0,0,0,74.3,67.7,0,0,0,0,19-DEC-2017,
OPTSTK,CANFINHOME,22-Feb-2018,440,CE,0,0,0,67.55,60.8,0,0,0,0,19-DEC-2017,
OPTSTK,CANFINHOME,22-Feb-2018,450,CE,0,0,0,61.15,54.35,0,0,0,0,19-DEC-2017,
OPTSTK,CANFINHOME,22-Feb-2018,460,CE,0,0,0,55.2,48.35,0,0,0,0,19-DEC-2017,
OPTSTK,CANFINHOME,22-Feb-2018,470,CE,0,0,0,49.65,42.85,0,0,0,0,19-DEC-2017,
OPTSTK,CANFINHOME,22-Feb-2018,480,CE,0,0,0,44.5,37.75,0,0,0,0,19-DEC-2017,
OPTSTK,CANFINHOME,22-Feb-2018,490,CE,0,0,0,39.75,33.15,0,0,0,0,19-DEC-2017,
OPTSTK,CANFINHOME,22-Feb-2018,500,CE,0,0,0,35.4,28.95,0,0,0,0,19-DEC-2017,
OPTSTK,CANFINHOME,22-Feb-2018,510,CE,0,0,0,31.4,25.15,0,0,0,0,19-DEC-2017,
OPTSTK,CANFINHOME,22-Feb-2018,520,CE,0,0,0,27.75,21.8,0,0,0,0,19-DEC-2017,
OPTSTK,CANFINHOME,22-Feb-2018,530,CE,0,0,0,24.5,18.8,0,0,0,0,19-DEC-2017,
OPTSTK,CANFINHOME,22-Feb-2018,540,CE,0,0,0,21.55,16.15,0,0,0,0,19-DEC-2017,
OPTSTK,CANFINHOME,22-Feb-2018,550,CE,0,0,0,18.9,13.85,0,0,0,0,19-DEC-2017,
OPTSTK,CANFINHOME,22-Feb-2018,560,CE,0,0,0,16.55,11.8,0,0,0,0,19-DEC-2017,
OPTSTK,CANFINHOME,22-Feb-2018,570,CE,0,0,0,14.45,10,0,0,0,0,19-DEC-2017,
OPTSTK,CANFINHOME,22-Feb-2018,580,CE,0,0,0,12.55,8.45,0,0,0,0,19-DEC-2017,
OPTSTK,CANFINHOME,22-Feb-2018,590,CE,0,0,0,10.9,7.15,0,0,0,0,19-DEC-2017,
OPTSTK,CANFINHOME,22-Feb-2018,600,CE,0,0,0,9.45,6,0,0,0,0,19-DEC-2017,
OPTSTK,CANFINHOME,22-Feb-2018,610,CE,0,0,0,8.15,5.05,0,0,0,0,19-DEC-2017,
OPTSTK,CANFINHOME,22-Feb-2018,620,CE,0,0,0,7,4.2,0,0,0,0,19-DEC-2017,
OPTSTK,CANFINHOME,22-Feb-2018,630,CE,0,0,0,6.05,3.5,0,0,0,0,19-DEC-2017,
OPTSTK,CANFINHOME,22-Feb-2018,640,CE,0,0,0,5.2,2.9,0,0,0,0,19-DEC-2017,
OPTSTK,CANFINHOME,22-Feb-2018,650,CE,0,0,0,4.45,2.4,0,0,0,0,19-DEC-2017,
OPTSTK,CANFINHOME,22-Feb-2018,660,CE,0,0,0,3.8,2,0,0,0,0,19-DEC-2017,
OPTSTK,CANFINHOME,22-Feb-2018,670,CE,0,0,0,3.25,1.65,0,0,0,0,19-DEC-2017,
OPTSTK,CANFINHOME,22-Feb-2018,680,CE,0,0,0,2.75,1.35,0,0,0,0,19-DEC-2017,
OPTSTK,CANFINHOME,22-Feb-2018,340,PE,0,0,0,1.2,0.7,0,0,0,0,19-DEC-2017,
OPTSTK,CANFINHOME,22-Feb-2018,350,PE,0,0,0,1.75,1.1,0,0,0,0,19-DEC-2017,
OPTSTK,CANFINHOME,22-Feb-2018,360,PE,0,0,0,2.45,1.6,0,0,0,0,19-DEC-2017,
OPTSTK,CANFINHOME,22-Feb-2018,370,PE,0,0,0,3.3,2.3,0,0,0,0,19-DEC-2017,
OPTSTK,CANFINHOME,22-Feb-2018,380,PE,0,0,0,4.45,3.2,0,0,0,0,19-DEC-2017,
OPTSTK,CANFINHOME,22-Feb-2018,390,PE,0,0,0,5.8,4.4,0,0,0,0,19-DEC-2017,
OPTSTK,CANFINHOME,22-Feb-2018,400,PE,0,0,0,7.45,5.85,0,0,0,0,19-DEC-2017,
OPTSTK,CANFINHOME,22-Feb-2018,410,PE,0,0,0,9.45,7.65,0,0,0,0,19-DEC-2017,
OPTSTK,CANFINHOME,22-Feb-2018,420,PE,0,0,0,11.8,9.85,0,0,0,0,19-DEC-2017,
OPTSTK,CANFINHOME,22-Feb-2018,430,PE,0,0,0,14.5,12.4,0,0,0,0,19-DEC-2017,
OPTSTK,CANFINHOME,22-Feb-2018,440,PE,0,0,0,17.55,15.4,0,0,0,0,19-DEC-2017,
OPTSTK,CANFINHOME,22-Feb-2018,450,PE,0,0,0,21.05,18.8,0,0,0,0,19-DEC-2017,
OPTSTK,CANFINHOME,22-Feb-2018,460,PE,0,0,0,24.95,22.7,0,0,0,0,19-DEC-2017,
OPTSTK,CANFINHOME,22-Feb-2018,470,PE,0,0,0,29.25,27.05,0,0,0,0,19-DEC-2017,
OPTSTK,CANFINHOME,22-Feb-2018,480,PE,0,0,0,33.95,31.9,0,0,0,0,19-DEC-2017,
OPTSTK,CANFINHOME,22-Feb-2018,490,PE,0,0,0,39.05,37.15,0,0,0,0,19-DEC-2017,
OPTSTK,CANFINHOME,22-Feb-2018,500,PE,0,0,0,44.55,42.85,0,0,0,0,19-DEC-2017,
OPTSTK,CANFINHOME,22-Feb-2018,510,PE,0,0,0,50.4,48.95,0,0,0,0,19-DEC-2017,
OPTSTK,CANFINHOME,22-Feb-2018,520,PE,0,0,0,56.65,55.45,0,0,0,0,19-DEC-2017,
OPTSTK,CANFINHOME,22-Feb-2018,530,PE,0,0,0,63.2,62.35,0,0,0,0,19-DEC-2017,
OPTSTK,CANFINHOME,22-Feb-2018,540,PE,0,0,0,70.1,69.6,0,0,0,0,19-DEC-2017,
OPTSTK,CANFINHOME,22-Feb-2018,550,PE,0,0,0,77.3,77.15,0,0,0,0,19-DEC-2017,
OPTSTK,CANFINHOME,22-Feb-2018,560,PE,0,0,0,84.85,85,0,0,0,0,19-DEC-2017,
OPTSTK,CANFINHOME,22-Feb-2018,570,PE,0,0,0,92.6,93.1,0,0,0,0,19-DEC-2017,
OPTSTK,CANFINHOME,22-Feb-2018,580,PE,0,0,0,100.55,101.45,0,0,0,0,19-DEC-2017,
OPTSTK,CANFINHOME,22-Feb-2018,590,PE,0,0,0,108.75,110,0,0,0,0,19-DEC-2017,
OPTSTK,CANFINHOME,22-Feb-2018,600,PE,0,0,0,117.15,118.75,0,0,0,0,19-DEC-2017,
OPTSTK,CANFINHOME,22-Feb-2018,610,PE,0,0,0,125.7,127.7,0,0,0,0,19-DEC-2017,
OPTSTK,CANFINHOME,22-Feb-2018,620,PE,0,0,0,134.45,136.75,0,0,0,0,19-DEC-2017,
OPTSTK,CANFINHOME,22-Feb-2018,630,PE,0,0,0,143.3,145.9,0,0,0,0,19-DEC-2017,
OPTSTK,CANFINHOME,22-Feb-2018,640,PE,0,0,0,152.3,155.2,0,0,0,0,19-DEC-2017,
OPTSTK,CANFINHOME,22-Feb-2018,650,PE,0,0,0,161.4,164.6,0,0,0,0,19-DEC-2017,
OPTSTK,CANFINHOME,22-Feb-2018,660,PE,0,0,0,170.65,174.05,0,0,0,0,19-DEC-2017,
OPTSTK,CANFINHOME,22-Feb-2018,670,PE,0,0,0,179.95,183.6,0,0,0,0,19-DEC-2017,
OPTSTK,CANFINHOME,22-Feb-2018,680,PE,0,0,0,189.3,193.2,0,0,0,0,19-DEC-2017,
OPTSTK,CAPF,28-Dec-2017,500,CE,0,0,0,230.25,183.2,0,0,0,0,19-DEC-2017,
OPTSTK,CAPF,28-Dec-2017,520,CE,0,0,0,212,163.25,0,0,0,0,19-DEC-2017,
OPTSTK,CAPF,28-Dec-2017,540,CE,0,0,0,194.25,143.25,0,0,0,0,19-DEC-2017,
OPTSTK,CAPF,28-Dec-2017,560,CE,0,0,0,177.1,123.3,0,0,0,0,19-DEC-2017,
OPTSTK,CAPF,28-Dec-2017,580,CE,0,0,0,160.65,103.3,0,0,0,0,19-DEC-2017,
OPTSTK,CAPF,28-Dec-2017,600,CE,0,0,0,145,83.35,0,0,0,0,19-DEC-2017,
OPTSTK,CAPF,28-Dec-2017,620,CE,0,0,0,130.2,63.45,0,0,0,0,19-DEC-2017,
OPTSTK,CAPF,28-Dec-2017,640,CE,0,0,0,116.35,44,0,0,0,0,19-DEC-2017,
OPTSTK,CAPF,28-Dec-2017,660,CE,0,0,0,16,26.4,0,0,7200,0,19-DEC-2017,
OPTSTK,CAPF,28-Dec-2017,680,CE,16.75,16.75,13.45,13.55,13.55,4,22.22,34400,-800,19-DEC-2017,
OPTSTK,CAPF,28-Dec-2017,700,CE,6.85,8.5,6.1,6.35,6.35,20,113.1,95200,-3200,19-DEC-2017,
OPTSTK,CAPF,28-Dec-2017,720,CE,2.95,3,2.5,3,3,7,40.47,93600,0,19-DEC-2017,
OPTSTK,CAPF,28-Dec-2017,740,CE,1.3,1.55,1.15,1.2,1.2,11,65.23,51200,-1600,19-DEC-2017,
OPTSTK,CAPF,28-Dec-2017,760,CE,0,0,0,1.05,0.05,0,0,18400,0,19-DEC-2017,
OPTSTK,CAPF,28-Dec-2017,780,CE,0,0,0,46.25,0,0,0,0,0,19-DEC-2017,
OPTSTK,CAPF,28-Dec-2017,800,CE,0,0,0,1.4,0,0,0,3200,0,19-DEC-2017,
OPTSTK,CAPF,28-Dec-2017,820,CE,0,0,0,34.2,0,0,0,0,0,19-DEC-2017,
OPTSTK,CAPF,28-Dec-2017,840,CE,0,0,0,29.3,0,0,0,0,0,19-DEC-2017,
OPTSTK,CAPF,28-Dec-2017,860,CE,0,0,0,25,0,0,0,0,0,19-DEC-2017,
OPTSTK,CAPF,28-Dec-2017,880,CE,0,0,0,21.2,0,0,0,0,0,19-DEC-2017,
OPTSTK,CAPF,28-Dec-2017,900,CE,0,0,0,17.95,0,0,0,0,0,19-DEC-2017,
OPTSTK,CAPF,28-Dec-2017,920,CE,0,0,0,15.15,0,0,0,0,0,19-DEC-2017,
OPTSTK,CAPF,28-Dec-2017,940,CE,0,0,0,12.8,0,0,0,0,0,19-DEC-2017,
OPTSTK,CAPF,28-Dec-2017,960,CE,0,0,0,10.75,0,0,0,0,0,19-DEC-2017,
OPTSTK,CAPF,28-Dec-2017,980,CE,0,0,0,9,0,0,0,0,0,19-DEC-2017,
OPTSTK,CAPF,28-Dec-2017,500,PE,0,0,0,2.75,0,0,0,0,0,19-DEC-2017,
OPTSTK,CAPF,28-Dec-2017,520,PE,0,0,0,4.15,0,0,0,0,0,19-DEC-2017,
OPTSTK,CAPF,28-Dec-2017,540,PE,0,0,0,6.1,0,0,0,0,0,19-DEC-2017,
OPTSTK,CAPF,28-Dec-2017,560,PE,0,0,0,8.65,0,0,0,0,0,19-DEC-2017,
OPTSTK,CAPF,28-Dec-2017,580,PE,0,0,0,11.85,0,0,0,0,0,19-DEC-2017,
OPTSTK,CAPF,28-Dec-2017,600,PE,0,0,0,15.9,0,0,0,0,0,19-DEC-2017,
OPTSTK,CAPF,28-Dec-2017,620,PE,0,0,0,1.2,0.1,0,0,3200,0,19-DEC-2017,
OPTSTK,CAPF,28-Dec-2017,640,PE,0,0,0,1.9,0.6,0,0,17600,0,19-DEC-2017,
OPTSTK,CAPF,28-Dec-2017,660,PE,0,0,0,4.45,2.95,0,0,54400,0,19-DEC-2017,
OPTSTK,CAPF,28-Dec-2017,680,PE,12,13.75,12,13.75,13.75,2,11.08,52800,-1600,19-DEC-2017,
OPTSTK,CAPF,28-Dec-2017,700,PE,0,0,0,28.9,21.35,0,0,47200,0,19-DEC-2017,
OPTSTK,CAPF,28-Dec-2017,720,PE,0,0,0,42.8,37.85,0,0,5600,0,19-DEC-2017,
OPTSTK,CAPF,28-Dec-2017,740,PE,0,0,0,40,56.75,0,0,800,0,19-DEC-2017,
OPTSTK,CAPF,28-Dec-2017,760,PE,0,0,0,60,76.5,0,0,800,0,19-DEC-2017,
OPTSTK,CAPF,28-Dec-2017,780,PE,0,0,0,74,96.4,0,0,2400,0,19-DEC-2017,
OPTSTK,CAPF,28-Dec-2017,800,PE,0,0,0,90,116.4,0,0,1600,0,19-DEC-2017,
OPTSTK,CAPF,28-Dec-2017,820,PE,0,0,0,101.25,136.35,0,0,3200,0,19-DEC-2017,
OPTSTK,CAPF,28-Dec-2017,840,PE,0,0,0,136.45,156.3,0,0,0,0,19-DEC-2017,
OPTSTK,CAPF,28-Dec-2017,860,PE,0,0,0,151.85,176.3,0,0,0,0,19-DEC-2017,
OPTSTK,CAPF,28-Dec-2017,880,PE,0,0,0,167.75,196.25,0,0,0,0,19-DEC-2017,
OPTSTK,CAPF,28-Dec-2017,900,PE,0,0,0,184.2,216.2,0,0,0,0,19-DEC-2017,
OPTSTK,CAPF,28-Dec-2017,920,PE,0,0,0,201.1,236.2,0,0,0,0,19-DEC-2017,
OPTSTK,CAPF,28-Dec-2017,940,PE,0,0,0,218.4,256.15,0,0,0,0,19-DEC-2017,
OPTSTK,CAPF,28-Dec-2017,960,PE,0,0,0,236.05,276.15,0,0,0,0,19-DEC-2017,
OPTSTK,CAPF,28-Dec-2017,980,PE,0,0,0,254,296.1,0,0,0,0,19-DEC-2017,
OPTSTK,CAPF,25-Jan-2018,500,CE,0,0,0,222.05,185.65,0,0,0,0,19-DEC-2017,
OPTSTK,CAPF,25-Jan-2018,520,CE,0,0,0,203,165.8,0,0,0,0,19-DEC-2017,
OPTSTK,CAPF,25-Jan-2018,540,CE,0,0,0,184.35,145.95,0,0,0,0,19-DEC-2017,
OPTSTK,CAPF,25-Jan-2018,560,CE,0,0,0,166.2,126.15,0,0,0,0,19-DEC-2017,
OPTSTK,CAPF,25-Jan-2018,580,CE,0,0,0,148.65,106.55,0,0,0,0,19-DEC-2017,
OPTSTK,CAPF,25-Jan-2018,600,CE,0,0,0,131.9,87.4,0,0,0,0,19-DEC-2017,
OPTSTK,CAPF,25-Jan-2018,620,CE,0,0,0,116.1,69.15,0,0,0,0,19-DEC-2017,
OPTSTK,CAPF,25-Jan-2018,640,CE,0,0,0,101.3,52.45,0,0,0,0,19-DEC-2017,
OPTSTK,CAPF,25-Jan-2018,660,CE,0,0,0,40.25,37.8,0,0,1600,0,19-DEC-2017,
OPTSTK,CAPF,25-Jan-2018,680,CE,0,0,0,30,25.85,0,0,800,0,19-DEC-2017,
OPTSTK,CAPF,25-Jan-2018,700,CE,24.85,24.85,24.85,24.85,24.85,1,5.79,800,0,19-DEC-2017,
OPTSTK,CAPF,25-Jan-2018,720,CE,0,0,0,53.9,10.1,0,0,0,0,19-DEC-2017,
OPTSTK,CAPF,25-Jan-2018,740,CE,0,0,0,45.05,5.8,0,0,0,0,19-DEC-2017,
OPTSTK,CAPF,25-Jan-2018,760,CE,0,0,0,37.4,3.15,0,0,0,0,19-DEC-2017,
OPTSTK,CAPF,25-Jan-2018,780,CE,0,0,0,30.75,1.6,0,0,0,0,19-DEC-2017,
OPTSTK,CAPF,25-Jan-2018,800,CE,0,0,0,25.15,0.75,0,0,0,0,19-DEC-2017,
OPTSTK,CAPF,25-Jan-2018,820,CE,0,0,0,20.45,0.35,0,0,0,0,19-DEC-2017,
OPTSTK,CAPF,25-Jan-2018,840,CE,0,0,0,16.45,0.15,0,0,0,0,19-DEC-2017,
OPTSTK,CAPF,25-Jan-2018,860,CE,0,0,0,13.15,0.1,0,0,0,0,19-DEC-2017,
OPTSTK,CAPF,25-Jan-2018,880,CE,0,0,0,10.5,0.05,0,0,0,0,19-DEC-2017,
OPTSTK,CAPF,25-Jan-2018,900,CE,0,0,0,8.3,0.05,0,0,0,0,19-DEC-2017,
OPTSTK,CAPF,25-Jan-2018,920,CE,0,0,0,6.5,0,0,0,0,0,19-DEC-2017,
OPTSTK,CAPF,25-Jan-2018,940,CE,0,0,0,5.1,0,0,0,0,0,19-DEC-2017,
OPTSTK,CAPF,25-Jan-2018,960,CE,0,0,0,3.95,0,0,0,0,0,19-DEC-2017,
OPTSTK,CAPF,25-Jan-2018,980,CE,0,0,0,3.05,0,0,0,0,0,19-DEC-2017,
OPTSTK,CAPF,25-Jan-2018,500,PE,0,0,0,0.85,0,0,0,0,0,19-DEC-2017,
OPTSTK,CAPF,25-Jan-2018,520,PE,0,0,0,1.5,0,0,0,0,0,19-DEC-2017,
OPTSTK,CAPF,25-Jan-2018,540,PE,0,0,0,2.5,0.05,0,0,0,0,19-DEC-2017,
OPTSTK,CAPF,25-Jan-2018,560,PE,0,0,0,4.05,0.15,0,0,0,0,19-DEC-2017,
OPTSTK,CAPF,25-Jan-2018,580,PE,0,0,0,6.2,0.4,0,0,0,0,19-DEC-2017,
OPTSTK,CAPF,25-Jan-2018,600,PE,0,0,0,1.9,1.1,0,0,800,0,19-DEC-2017,
OPTSTK,CAPF,25-Jan-2018,620,PE,0,0,0,13,2.75,0,0,0,0,19-DEC-2017,
OPTSTK,CAPF,25-Jan-2018,640,PE,0,0,0,17.95,5.85,0,0,0,0,19-DEC-2017,
OPTSTK,CAPF,25-Jan-2018,660,PE,0,0,0,13,11.15,0,0,3200,0,19-DEC-2017,
OPTSTK,CAPF,25-Jan-2018,680,PE,0,0,0,31.15,19,0,0,0,0,19-DEC-2017,
OPTSTK,CAPF,25-Jan-2018,700,PE,0,0,0,29,29.7,0,0,2400,0,19-DEC-2017,
OPTSTK,CAPF,25-Jan-2018,720,PE,0,0,0,49.25,43.05,0,0,0,0,19-DEC-2017,
OPTSTK,CAPF,25-Jan-2018,740,PE,0,0,0,60.1,58.6,0,0,0,0,19-DEC-2017,
OPTSTK,CAPF,25-Jan-2018,760,PE,0,0,0,68,75.8,0,0,800,0,19-DEC-2017,
OPTSTK,CAPF,25-Jan-2018,780,PE,0,0,0,96,94.1,0,0,1600,0,19-DEC-2017,
OPTSTK,CAPF,25-Jan-2018,800,PE,0,0,0,99.25,113.15,0,0,0,0,19-DEC-2017,
OPTSTK,CAPF,25-Jan-2018,820,PE,0,0,0,114.25,132.6,0,0,0,0,19-DEC-2017,
OPTSTK,CAPF,25-Jan-2018,840,PE,0,0,0,129.95,152.3,0,0,0,0,19-DEC-2017,
OPTSTK,CAPF,25-Jan-2018,860,PE,0,0,0,146.35,172.1,0,0,0,0,19-DEC-2017,
OPTSTK,CAPF,25-Jan-2018,880,PE,0,0,0,163.3,191.9,0,0,0,0,19-DEC-2017,
OPTSTK,CAPF,25-Jan-2018,900,PE,0,0,0,180.8,211.75,0,0,0,0,19-DEC-2017,
OPTSTK,CAPF,25-Jan-2018,920,PE,0,0,0,198.75,231.65,0,0,0,0,19-DEC-2017,
OPTSTK,CAPF,25-Jan-2018,940,PE,0,0,0,217,251.5,0,0,0,0,19-DEC-2017,
OPTSTK,CAPF,25-Jan-2018,960,PE,0,0,0,235.55,271.35,0,0,0,0,19-DEC-2017,
OPTSTK,CAPF,25-Jan-2018,980,PE,0,0,0,254.35,291.25,0,0,0,0,19-DEC-2017,
OPTSTK,CAPF,22-Feb-2018,500,CE,0,0,0,209.25,188.15,0,0,0,0,19-DEC-2017,
OPTSTK,CAPF,22-Feb-2018,520,CE,0,0,0,189.75,168.45,0,0,0,0,19-DEC-2017,
OPTSTK,CAPF,22-Feb-2018,540,CE,0,0,0,170.5,148.85,0,0,0,0,19-DEC-2017,
OPTSTK,CAPF,22-Feb-2018,560,CE,0,0,0,151.6,129.5,0,0,0,0,19-DEC-2017,
OPTSTK,CAPF,22-Feb-2018,580,CE,0,0,0,133.25,110.65,0,0,0,0,19-DEC-2017,
OPTSTK,CAPF,22-Feb-2018,600,CE,0,0,0,115.65,92.5,0,0,0,0,19-DEC-2017,
OPTSTK,CAPF,22-Feb-2018,620,CE,0,0,0,99,75.5,0,0,0,0,19-DEC-2017,
OPTSTK,CAPF,22-Feb-2018,640,CE,0,0,0,83.55,60.05,0,0,0,0,19-DEC-2017,
OPTSTK,CAPF,22-Feb-2018,660,CE,0,0,0,69.45,46.4,0,0,0,0,19-DEC-2017,
OPTSTK,CAPF,22-Feb-2018,680,CE,0,0,0,56.85,34.8,0,0,0,0,19-DEC-2017,
OPTSTK,CAPF,22-Feb-2018,700,CE,0,0,0,45.8,25.3,0,0,0,0,19-DEC-2017,
OPTSTK,CAPF,22-Feb-2018,720,CE,0,0,0,36.35,17.85,0,0,0,0,19-DEC-2017,
OPTSTK,CAPF,22-Feb-2018,740,CE,0,0,0,28.4,12.2,0,0,0,0,19-DEC-2017,
OPTSTK,CAPF,22-Feb-2018,760,CE,0,0,0,21.85,8.1,0,0,0,0,19-DEC-2017,
OPTSTK,CAPF,22-Feb-2018,780,CE,0,0,0,16.6,5.2,0,0,0,0,19-DEC-2017,
OPTSTK,CAPF,22-Feb-2018,800,CE,0,0,0,12.4,3.25,0,0,0,0,19-DEC-2017,
OPTSTK,CAPF,22-Feb-2018,820,CE,0,0,0,9.15,2,0,0,0,0,19-DEC-2017,
OPTSTK,CAPF,22-Feb-2018,840,CE,0,0,0,6.65,1.2,0,0,0,0,19-DEC-2017,
OPTSTK,CAPF,22-Feb-2018,860,CE,0,0,0,4.8,0.7,0,0,0,0,19-DEC-2017,
OPTSTK,CAPF,22-Feb-2018,880,CE,0,0,0,3.4,0.4,0,0,0,0,19-DEC-2017,
OPTSTK,CAPF,22-Feb-2018,900,CE,0,0,0,2.4,0.25,0,0,0,0,19-DEC-2017,
OPTSTK,CAPF,22-Feb-2018,920,CE,0,0,0,1.65,0.15,0,0,0,0,19-DEC-2017,
OPTSTK,CAPF,22-Feb-2018,940,CE,0,0,0,1.15,0.1,0,0,0,0,19-DEC-2017,
OPTSTK,CAPF,22-Feb-2018,960,CE,0,0,0,0.8,0.05,0,0,0,0,19-DEC-2017,
OPTSTK,CAPF,22-Feb-2018,980,CE,0,0,0,0.55,0.05,0,0,0,0,19-DEC-2017,
OPTSTK,CAPF,22-Feb-2018,500,PE,0,0,0,0.2,0.05,0,0,0,0,19-DEC-2017,
OPTSTK,CAPF,22-Feb-2018,520,PE,0,0,0,0.45,0.1,0,0,0,0,19-DEC-2017,
OPTSTK,CAPF,22-Feb-2018,540,PE,0,0,0,0.9,0.3,0,0,0,0,19-DEC-2017,
OPTSTK,CAPF,22-Feb-2018,560,PE,0,0,0,1.7,0.7,0,0,0,0,19-DEC-2017,
OPTSTK,CAPF,22-Feb-2018,580,PE,0,0,0,3.05,1.6,0,0,0,0,19-DEC-2017,
OPTSTK,CAPF,22-Feb-2018,600,PE,0,0,0,5.15,3.25,0,0,0,0,19-DEC-2017,
OPTSTK,CAPF,22-Feb-2018,620,PE,0,0,0,8.25,6.05,0,0,0,0,19-DEC-2017,
OPTSTK,CAPF,22-Feb-2018,640,PE,0,0,0,12.45,10.35,0,0,0,0,19-DEC-2017,
OPTSTK,CAPF,22-Feb-2018,660,PE,0,0,0,18.05,16.45,0,0,0,0,19-DEC-2017,
OPTSTK,CAPF,22-Feb-2018,680,PE,0,0,0,25.2,24.65,0,0,0,0,19-DEC-2017,
OPTSTK,CAPF,22-Feb-2018,700,PE,0,0,0,33.85,34.9,0,0,0,0,19-DEC-2017,
OPTSTK,CAPF,22-Feb-2018,720,PE,0,0,0,44.1,47.2,0,0,0,0,19-DEC-2017,
OPTSTK,CAPF,22-Feb-2018,740,PE,0,0,0,55.85,61.4,0,0,0,0,19-DEC-2017,
OPTSTK,CAPF,22-Feb-2018,760,PE,0,0,0,69,77.05,0,0,0,0,19-DEC-2017,
OPTSTK,CAPF,22-Feb-2018,780,PE,0,0,0,83.5,93.9,0,0,0,0,19-DEC-2017,
OPTSTK,CAPF,22-Feb-2018,800,PE,0,0,0,99,111.75,0,0,0,0,19-DEC-2017,
OPTSTK,CAPF,22-Feb-2018,820,PE,0,0,0,115.45,130.25,0,0,0,0,19-DEC-2017,
OPTSTK,CAPF,22-Feb-2018,840,PE,0,0,0,132.65,149.2,0,0,0,0,19-DEC-2017,
OPTSTK,CAPF,22-Feb-2018,860,PE,0,0,0,150.5,168.5,0,0,0,0,19-DEC-2017,
OPTSTK,CAPF,22-Feb-2018,880,PE,0,0,0,168.8,187.95,0,0,0,0,19-DEC-2017,
OPTSTK,CAPF,22-Feb-2018,900,PE,0,0,0,187.5,207.55,0,0,0,0,19-DEC-2017,
OPTSTK,CAPF,22-Feb-2018,920,PE,0,0,0,206.5,227.25,0,0,0,0,19-DEC-2017,
OPTSTK,CAPF,22-Feb-2018,940,PE,0,0,0,225.7,246.95,0,0,0,0,19-DEC-2017,
OPTSTK,CAPF,22-Feb-2018,960,PE,0,0,0,245.05,266.7,0,0,0,0,19-DEC-2017,
OPTSTK,CAPF,22-Feb-2018,980,PE,0,0,0,264.5,286.45,0,0,0,0,19-DEC-2017,
OPTSTK,CASTROLIND,28-Dec-2017,270,CE,0,0,0,93.55,153.7,0,0,0,0,19-DEC-2017,
OPTSTK,CASTROLIND,28-Dec-2017,275,CE,0,0,0,88.6,148.7,0,0,0,0,19-DEC-2017,
OPTSTK,CASTROLIND,28-Dec-2017,280,CE,0,0,0,83.7,143.7,0,0,0,0,19-DEC-2017,
OPTSTK,CASTROLIND,28-Dec-2017,285,CE,0,0,0,78.8,138.7,0,0,0,0,19-DEC-2017,
OPTSTK,CASTROLIND,28-Dec-2017,290,CE,0,0,0,73.9,133.7,0,0,0,0,19-DEC-2017,
OPTSTK,CASTROLIND,28-Dec-2017,295,CE,0,0,0,69.05,128.75,0,0,0,0,19-DEC-2017,
OPTSTK,CASTROLIND,28-Dec-2017,300,CE,0,0,0,64.25,123.75,0,0,0,0,19-DEC-2017,
OPTSTK,CASTROLIND,28-Dec-2017,305,CE,0,0,0,59.45,118.75,0,0,0,0,19-DEC-2017,
OPTSTK,CASTROLIND,28-Dec-2017,310,CE,0,0,0,54.75,113.75,0,0,0,0,19-DEC-2017,
OPTSTK,CASTROLIND,28-Dec-2017,315,CE,0,0,0,50.1,108.75,0,0,0,0,19-DEC-2017,
OPTSTK,CASTROLIND,28-Dec-2017,320,CE,0,0,0,45.6,103.75,0,0,0,0,19-DEC-2017,
OPTSTK,CASTROLIND,28-Dec-2017,325,CE,0,0,0,41.2,98.8,0,0,0,0,19-DEC-2017,
OPTSTK,CASTROLIND,28-Dec-2017,330,CE,0,0,0,37,93.8,0,0,0,0,19-DEC-2017,
OPTSTK,CASTROLIND,28-Dec-2017,335,CE,0,0,0,32.95,88.8,0,0,0,0,19-DEC-2017,
OPTSTK,CASTROLIND,28-Dec-2017,340,CE,0,0,0,29.15,83.8,0,0,0,0,19-DEC-2017,
OPTSTK,CASTROLIND,28-Dec-2017,345,CE,0,0,0,25.55,78.8,0,0,0,0,19-DEC-2017,
OPTSTK,CASTROLIND,28-Dec-2017,350,CE,0,0,0,22.2,73.8,0,0,0,0,19-DEC-2017,
OPTSTK,CASTROLIND,28-Dec-2017,355,CE,0,0,0,19.15,68.8,0,0,0,0,19-DEC-2017,
OPTSTK,CASTROLIND,28-Dec-2017,360,CE,0,0,0,16.35,63.85,0,0,0,0,19-DEC-2017,
OPTSTK,CASTROLIND,28-Dec-2017,365,CE,0,0,0,13.85,58.85,0,0,0,0,19-DEC-2017,
OPTSTK,CASTROLIND,28-Dec-2017,370,CE,0,0,0,11.65,53.85,0,0,0,0,19-DEC-2017,
OPTSTK,CASTROLIND,28-Dec-2017,375,CE,0,0,0,9.7,48.85,0,0,0,0,19-DEC-2017,
OPTSTK,CASTROLIND,28-Dec-2017,380,CE,0,0,0,38.5,43.85,0,0,8400,0,19-DEC-2017,
OPTSTK,CASTROLIND,28-Dec-2017,385,CE,0,0,0,6.5,38.9,0,0,0,0,19-DEC-2017,
OPTSTK,CASTROLIND,28-Dec-2017,390,CE,0,0,0,19.5,33.9,0,0,1400,0,19-DEC-2017,
OPTSTK,CASTROLIND,28-Dec-2017,395,CE,0,0,0,4.25,29,0,0,0,0,19-DEC-2017,
OPTSTK,CASTROLIND,28-Dec-2017,400,CE,23,23.7,17.05,22.25,22.25,42,247.61,145600,-14000,19-DEC-2017,
OPTSTK,CASTROLIND,28-Dec-2017,405,CE,16.05,16.05,16.05,16.05,16.05,1,5.89,11200,0,19-DEC-2017,
OPTSTK,CASTROLIND,28-Dec-2017,410,CE,14,14.1,8.5,13.3,13.3,99,585.11,142800,-16800,19-DEC-2017,
OPTSTK,CASTROLIND,28-Dec-2017,415,CE,9,9.8,7.1,9.3,9.3,12,71.14,25200,-5600,19-DEC-2017,
OPTSTK,CASTROLIND,28-Dec-2017,420,CE,8.45,8.65,4.2,6.75,6.75,351,2094.8,457800,5600,19-DEC-2017,
OPTSTK,CASTROLIND,28-Dec-2017,425,CE,5,5.5,3.6,4.95,4.95,18,108.27,23800,4200,19-DEC-2017,
OPTSTK,CASTROLIND,28-Dec-2017,430,CE,4.55,4.95,2.25,3.6,3.6,312,1893.88,389200,57400,19-DEC-2017,
OPTSTK,CASTROLIND,28-Dec-2017,435,CE,3,3,2.5,2.75,2.75,5,30.63,7000,5600,19-DEC-2017,
OPTSTK,CASTROLIND,28-Dec-2017,440,CE,2.25,2.3,1.6,2.1,2.1,14,86.6,57400,12600,19-DEC-2017,
OPTSTK,CASTROLIND,28-Dec-2017,445,CE,0,0,0,0.3,0.55,0,0,0,0,19-DEC-2017,
OPTSTK,CASTROLIND,28-Dec-2017,450,CE,0.6,1,0.6,1,1,3,18.93,9800,1400,19-DEC-2017,
OPTSTK,CASTROLIND,28-Dec-2017,455,CE,0,0,0,0.15,0.15,0,0,0,0,19-DEC-2017,
OPTSTK,CASTROLIND,28-Dec-2017,460,CE,0,0,0,0.9,0.05,0,0,1400,0,19-DEC-2017,
OPTSTK,CASTROLIND,28-Dec-2017,465,CE,0,0,0,0.15,0.05,0,0,0,0,19-DEC-2017,
OPTSTK,CASTROLIND,28-Dec-2017,470,CE,0,0,0,0.1,0.05,0,0,0,0,19-DEC-2017,
OPTSTK,CASTROLIND,28-Dec-2017,270,PE,0,0,0,0.05,0,0,0,0,0,19-DEC-2017,
OPTSTK,CASTROLIND,28-Dec-2017,275,PE,0,0,0,0.05,0,0,0,0,0,19-DEC-2017,
OPTSTK,CASTROLIND,28-Dec-2017,280,PE,0,0,0,0.05,0,0,0,0,0,19-DEC-2017,
OPTSTK,CASTROLIND,28-Dec-2017,285,PE,0,0,0,0.05,0,0,0,0,0,19-DEC-2017,
OPTSTK,CASTROLIND,28-Dec-2017,290,PE,0,0,0,0.1,0,0,0,0,0,19-DEC-2017,
OPTSTK,CASTROLIND,28-Dec-2017,295,PE,0,0,0,0.15,0,0,0,0,0,19-DEC-2017,
OPTSTK,CASTROLIND,28-Dec-2017,300,PE,0,0,0,0.25,0,0,0,0,0,19-DEC-2017,
OPTSTK,CASTROLIND,28-Dec-2017,305,PE,0,0,0,0.4,0,0,0,0,0,19-DEC-2017,
OPTSTK,CASTROLIND,28-Dec-2017,310,PE,0,0,0,0.65,0,0,0,0,0,19-DEC-2017,
OPTSTK,CASTROLIND,28-Dec-2017,315,PE,0,0,0,0.9,0,0,0,0,0,19-DEC-2017,
OPTSTK,CASTROLIND,28-Dec-2017,320,PE,0,0,0,1.35,0,0,0,0,0,19-DEC-2017,
OPTSTK,CASTROLIND,28-Dec-2017,325,PE,0,0,0,1.85,0,0,0,0,0,19-DEC-2017,
OPTSTK,CASTROLIND,28-Dec-2017,330,PE,0,0,0,0.1,0,0,0,1400,0,19-DEC-2017,
OPTSTK,CASTROLIND,28-Dec-2017,335,PE,0,0,0,3.45,0,0,0,0,0,19-DEC-2017,
OPTSTK,CASTROLIND,28-Dec-2017,340,PE,0,0,0,4.55,0,0,0,0,0,19-DEC-2017,
OPTSTK,CASTROLIND,28-Dec-2017,345,PE,0,0,0,5.9,0,0,0,0,0,19-DEC-2017,
OPTSTK,CASTROLIND,28-Dec-2017,350,PE,0,0,0,7.45,0,0,0,0,0,19-DEC-2017,
OPTSTK,CASTROLIND,28-Dec-2017,355,PE,0,0,0,9.35,0,0,0,0,0,19-DEC-2017,
OPTSTK,CASTROLIND,28-Dec-2017,360,PE,0,0,0,11.45,0,0,0,0,0,19-DEC-2017,
OPTSTK,CASTROLIND,28-Dec-2017,365,PE,0,0,0,13.9,0,0,0,0,0,19-DEC-2017,
OPTSTK,CASTROLIND,28-Dec-2017,370,PE,0.1,0.1,0.1,0.1,0.1,1,5.18,8400,0,19-DEC-2017,
OPTSTK,CASTROLIND,28-Dec-2017,375,PE,0,0,0,0.35,0,0,0,4200,0,19-DEC-2017,
OPTSTK,CASTROLIND,28-Dec-2017,380,PE,0.25,0.25,0.25,0.25,0.25,2,10.64,26600,-1400,19-DEC-2017,
OPTSTK,CASTROLIND,28-Dec-2017,385,PE,0,0,0,3.55,0.05,0,0,2800,0,19-DEC-2017,
OPTSTK,CASTROLIND,28-Dec-2017,390,PE,0.2,0.45,0.2,0.25,0.25,7,38.24,37800,-1400,19-DEC-2017,
OPTSTK,CASTROLIND,28-Dec-2017,395,PE,1,1,1,1,1,2,11.08,8400,2800,19-DEC-2017,
OPTSTK,CASTROLIND,28-Dec-2017,400,PE,0.8,1.2,0.55,0.7,0.7,56,314.19,91000,-1400,19-DEC-2017,
OPTSTK,CASTROLIND,28-Dec-2017,405,PE,0.4,0.4,0.4,0.4,0.4,1,5.67,1400,1400,19-DEC-2017,
OPTSTK,CASTROLIND,28-Dec-2017,410,PE,1.9,2.9,1.5,1.9,1.9,33,190.4,42000,1400,19-DEC-2017,
OPTSTK,CASTROLIND,28-Dec-2017,415,PE,5.1,5.1,2.65,2.65,2.65,2,11.72,4200,-1400,19-DEC-2017,
OPTSTK,CASTROLIND,28-Dec-2017,420,PE,6,7.5,4.45,4.9,4.9,56,333.84,89600,42000,19-DEC-2017,
OPTSTK,CASTROLIND,28-Dec-2017,425,PE,0,0,0,7.5,6.35,0,0,2800,0,19-DEC-2017,
OPTSTK,CASTROLIND,28-Dec-2017,430,PE,16,16,13,13,13,2,12.44,2800,0,19-DEC-2017,
OPTSTK,CASTROLIND,28-Dec-2017,435,PE,0,0,0,37.25,13,0,0,1400,0,19-DEC-2017,
OPTSTK,CASTROLIND,28-Dec-2017,440,PE,0,0,0,74.25,17.15,0,0,0,0,19-DEC-2017,
OPTSTK,CASTROLIND,28-Dec-2017,445,PE,0,0,0,79.1,21.6,0,0,0,0,19-DEC-2017,
OPTSTK,CASTROLIND,28-Dec-2017,450,PE,35.25,35.25,35.25,35.25,35.25,1,6.79,5600,0,19-DEC-2017,
OPTSTK,CASTROLIND,28-Dec-2017,455,PE,0,0,0,88.8,31.15,0,0,0,0,19-DEC-2017,
OPTSTK,CASTROLIND,28-Dec-2017,460,PE,0,0,0,93.65,36.1,0,0,0,0,19-DEC-2017,
OPTSTK,CASTROLIND,28-Dec-2017,465,PE,0,0,0,90.9,41.05,0,0,0,0,19-DEC-2017,
OPTSTK,CASTROLIND,28-Dec-2017,470,PE,0,0,0,95.8,46.05,0,0,0,0,19-DEC-2017,
OPTSTK,CASTROLIND,25-Jan-2018,300,CE,0,0,0,104.35,125.2,0,0,0,0,19-DEC-2017,
OPTSTK,CASTROLIND,25-Jan-2018,305,CE,0,0,0,99.5,120.25,0,0,0,0,19-DEC-2017,
OPTSTK,CASTROLIND,25-Jan-2018,310,CE,0,0,0,94.7,115.3,0,0,0,0,19-DEC-2017,
OPTSTK,CASTROLIND,25-Jan-2018,315,CE,0,0,0,89.9,110.3,0,0,0,0,19-DEC-2017,
OPTSTK,CASTROLIND,25-Jan-2018,320,CE,0,0,0,85.2,105.35,0,0,0,0,19-DEC-2017,
OPTSTK,CASTROLIND,25-Jan-2018,325,CE,0,0,0,80.5,100.4,0,0,0,0,19-DEC-2017,
OPTSTK,CASTROLIND,25-Jan-2018,330,CE,0,0,0,75.85,95.4,0,0,0,0,19-DEC-2017,
OPTSTK,CASTROLIND,25-Jan-2018,335,CE,0,0,0,71.3,90.45,0,0,0,0,19-DEC-2017,
OPTSTK,CASTROLIND,25-Jan-2018,340,CE,0,0,0,66.85,85.5,0,0,0,0,19-DEC-2017,
OPTSTK,CASTROLIND,25-Jan-2018,345,CE,0,0,0,62.5,80.5,0,0,0,0,19-DEC-2017,
OPTSTK,CASTROLIND,25-Jan-2018,350,CE,0,0,0,58.25,75.55,0,0,0,0,19-DEC-2017,
OPTSTK,CASTROLIND,25-Jan-2018,355,CE,0,0,0,54.1,70.6,0,0,0,0,19-DEC-2017,
OPTSTK,CASTROLIND,25-Jan-2018,360,CE,0,0,0,50.1,65.7,0,0,0,0,19-DEC-2017,
OPTSTK,CASTROLIND,25-Jan-2018,365,CE,0,0,0,46.25,60.75,0,0,0,0,19-DEC-2017,
OPTSTK,CASTROLIND,25-Jan-2018,370,CE,0,0,0,42.55,55.9,0,0,0,0,19-DEC-2017,
OPTSTK,CASTROLIND,25-Jan-2018,375,CE,0,0,0,39,51.05,0,0,0,0,19-DEC-2017,
OPTSTK,CASTROLIND,25-Jan-2018,380,CE,0,0,0,35.6,46.3,0,0,0,0,19-DEC-2017,
OPTSTK,CASTROLIND,25-Jan-2018,385,CE,0,0,0,32.45,41.7,0,0,0,0,19-DEC-2017,
OPTSTK,CASTROLIND,25-Jan-2018,390,CE,0,0,0,29.4,37.15,0,0,0,0,19-DEC-2017,
OPTSTK,CASTROLIND,25-Jan-2018,395,CE,0,0,0,26.6,32.85,0,0,0,0,19-DEC-2017,
OPTSTK,CASTROLIND,25-Jan-2018,400,CE,0,0,0,23.95,28.7,0,0,0,0,19-DEC-2017,
OPTSTK,CASTROLIND,25-Jan-2018,405,CE,0,0,0,24,24.8,0,0,1400,0,19-DEC-2017,
OPTSTK,CASTROLIND,25-Jan-2018,410,CE,0,0,0,20,21.2,0,0,1400,0,19-DEC-2017,
OPTSTK,CASTROLIND,25-Jan-2018,415,CE,0,0,0,17,17.9,0,0,1400,0,19-DEC-2017,
OPTSTK,CASTROLIND,25-Jan-2018,420,CE,0,0,0,14,14.9,0,0,1400,0,19-DEC-2017,
OPTSTK,CASTROLIND,25-Jan-2018,425,CE,0,0,0,13.5,12.25,0,0,0,0,19-DEC-2017,
OPTSTK,CASTROLIND,25-Jan-2018,430,CE,9,9,9,9,9,1,6.14,1400,1400,19-DEC-2017,
OPTSTK,CASTROLIND,25-Jan-2018,435,CE,0,0,0,10.45,7.95,0,0,0,0,19-DEC-2017,
OPTSTK,CASTROLIND,25-Jan-2018,440,CE,0,0,0,9.2,6.25,0,0,0,0,19-DEC-2017,
OPTSTK,CASTROLIND,25-Jan-2018,445,CE,0,0,0,8,4.85,0,0,0,0,19-DEC-2017,
OPTSTK,CASTROLIND,25-Jan-2018,450,CE,0,0,0,6.95,3.7,0,0,0,0,19-DEC-2017,
OPTSTK,CASTROLIND,25-Jan-2018,455,CE,0,0,0,6.05,2.8,0,0,0,0,19-DEC-2017,
OPTSTK,CASTROLIND,25-Jan-2018,460,CE,0,0,0,5.25,2.1,0,0,0,0,19-DEC-2017,
OPTSTK,CASTROLIND,25-Jan-2018,465,CE,0,0,0,4.5,1.55,0,0,0,0,19-DEC-2017,
OPTSTK,CASTROLIND,25-Jan-2018,470,CE,0,0,0,3.9,1.1,0,0,0,0,19-DEC-2017,
OPTSTK,CASTROLIND,25-Jan-2018,300,PE,0,0,0,0.2,0,0,0,0,0,19-DEC-2017,
OPTSTK,CASTROLIND,25-Jan-2018,305,PE,0,0,0,0.3,0,0,0,0,0,19-DEC-2017,
OPTSTK,CASTROLIND,25-Jan-2018,310,PE,0,0,0,0.4,0,0,0,0,0,19-DEC-2017,
OPTSTK,CASTROLIND,25-Jan-2018,315,PE,0,0,0,0.5,0,0,0,0,0,19-DEC-2017,
OPTSTK,CASTROLIND,25-Jan-2018,320,PE,0,0,0,0.7,0,0,0,0,0,19-DEC-2017,
OPTSTK,CASTROLIND,25-Jan-2018,325,PE,0,0,0,0.95,0,0,0,0,0,19-DEC-2017,
OPTSTK,CASTROLIND,25-Jan-2018,330,PE,0,0,0,1.25,0,0,0,0,0,19-DEC-2017,
OPTSTK,CASTROLIND,25-Jan-2018,335,PE,0,0,0,1.6,0,0,0,0,0,19-DEC-2017,
OPTSTK,CASTROLIND,25-Jan-2018,340,PE,0,0,0,2.05,0,0,0,0,0,19-DEC-2017,
OPTSTK,CASTROLIND,25-Jan-2018,345,PE,0,0,0,2.65,0.05,0,0,0,0,19-DEC-2017,
OPTSTK,CASTROLIND,25-Jan-2018,350,PE,0,0,0,3.3,0.05,0,0,0,0,19-DEC-2017,
OPTSTK,CASTROLIND,25-Jan-2018,355,PE,0,0,0,4.1,0.05,0,0,0,0,19-DEC-2017,
OPTSTK,CASTROLIND,25-Jan-2018,360,PE,0,0,0,5,0.1,0,0,0,0,19-DEC-2017,
OPTSTK,CASTROLIND,25-Jan-2018,365,PE,0,0,0,6.05,0.15,0,0,0,0,19-DEC-2017,
OPTSTK,CASTROLIND,25-Jan-2018,370,PE,0,0,0,7.3,0.25,0,0,0,0,19-DEC-2017,
OPTSTK,CASTROLIND,25-Jan-2018,375,PE,0,0,0,8.65,0.4,0,0,0,0,19-DEC-2017,
OPTSTK,CASTROLIND,25-Jan-2018,380,PE,0,0,0,1.9,0.6,0,0,1400,0,19-DEC-2017,
OPTSTK,CASTROLIND,25-Jan-2018,385,PE,0,0,0,11.95,0.9,0,0,0,0,19-DEC-2017,
OPTSTK,CASTROLIND,25-Jan-2018,390,PE,0,0,0,13.85,1.4,0,0,0,0,19-DEC-2017,
OPTSTK,CASTROLIND,25-Jan-2018,395,PE,0,0,0,15.95,2,0,0,0,0,19-DEC-2017,
OPTSTK,CASTROLIND,25-Jan-2018,400,PE,0,0,0,9,2.85,0,0,2800,0,19-DEC-2017,
OPTSTK,CASTROLIND,25-Jan-2018,405,PE,0,0,0,20.7,3.9,0,0,0,0,19-DEC-2017,
OPTSTK,CASTROLIND,25-Jan-2018,410,PE,0,0,0,23.35,5.25,0,0,0,0,19-DEC-2017,
OPTSTK,CASTROLIND,25-Jan-2018,415,PE,0,0,0,26.2,6.95,0,0,0,0,19-DEC-2017,
OPTSTK,CASTROLIND,25-Jan-2018,420,PE,0,0,0,29.2,8.9,0,0,0,0,19-DEC-2017,
OPTSTK,CASTROLIND,25-Jan-2018,425,PE,0,0,0,32.35,11.2,0,0,0,0,19-DEC-2017,
OPTSTK,CASTROLIND,25-Jan-2018,430,PE,0,0,0,35.7,13.85,0,0,0,0,19-DEC-2017,
OPTSTK,CASTROLIND,25-Jan-2018,435,PE,0,0,0,39.2,16.85,0,0,0,0,19-DEC-2017,
OPTSTK,CASTROLIND,25-Jan-2018,440,PE,0,0,0,42.85,20.15,0,0,0,0,19-DEC-2017,
OPTSTK,CASTROLIND,25-Jan-2018,445,PE,0,0,0,46.6,23.7,0,0,0,0,19-DEC-2017,
OPTSTK,CASTROLIND,25-Jan-2018,450,PE,0,0,0,50.45,27.55,0,0,0,0,19-DEC-2017,
OPTSTK,CASTROLIND,25-Jan-2018,455,PE,0,0,0,54.45,31.6,0,0,0,0,19-DEC-2017,
OPTSTK,CASTROLIND,25-Jan-2018,460,PE,0,0,0,58.55,35.85,0,0,0,0,19-DEC-2017,
OPTSTK,CASTROLIND,25-Jan-2018,465,PE,0,0,0,62.75,40.25,0,0,0,0,19-DEC-2017,
OPTSTK,CASTROLIND,25-Jan-2018,470,PE,0,0,0,67.05,44.8,0,0,0,0,19-DEC-2017,
OPTSTK,CASTROLIND,22-Feb-2018,300,CE,0,0,0,104.15,126.7,0,0,0,0,19-DEC-2017,
OPTSTK,CASTROLIND,22-Feb-2018,305,CE,0,0,0,99.25,121.75,0,0,0,0,19-DEC-2017,
OPTSTK,CASTROLIND,22-Feb-2018,310,CE,0,0,0,94.4,116.8,0,0,0,0,19-DEC-2017,
OPTSTK,CASTROLIND,22-Feb-2018,315,CE,0,0,0,89.55,111.85,0,0,0,0,19-DEC-2017,
OPTSTK,CASTROLIND,22-Feb-2018,320,CE,0,0,0,84.75,106.95,0,0,0,0,19-DEC-2017,
OPTSTK,CASTROLIND,22-Feb-2018,325,CE,0,0,0,79.95,102,0,0,0,0,19-DEC-2017,
OPTSTK,CASTROLIND,22-Feb-2018,330,CE,0,0,0,75.25,97.05,0,0,0,0,19-DEC-2017,
OPTSTK,CASTROLIND,22-Feb-2018,335,CE,0,0,0,70.55,92.15,0,0,0,0,19-DEC-2017,
OPTSTK,CASTROLIND,22-Feb-2018,340,CE,0,0,0,65.95,87.2,0,0,0,0,19-DEC-2017,
OPTSTK,CASTROLIND,22-Feb-2018,345,CE,0,0,0,61.45,82.3,0,0,0,0,19-DEC-2017,
OPTSTK,CASTROLIND,22-Feb-2018,350,CE,0,0,0,57.05,77.45,0,0,0,0,19-DEC-2017,
OPTSTK,CASTROLIND,22-Feb-2018,355,CE,0,0,0,52.8,72.6,0,0,0,0,19-DEC-2017,
OPTSTK,CASTROLIND,22-Feb-2018,360,CE,0,0,0,48.65,67.8,0,0,0,0,19-DEC-2017,
OPTSTK,CASTROLIND,22-Feb-2018,365,CE,0,0,0,44.6,63.05,0,0,0,0,19-DEC-2017,
OPTSTK,CASTROLIND,22-Feb-2018,370,CE,0,0,0,40.75,58.35,0,0,0,0,19-DEC-2017,
OPTSTK,CASTROLIND,22-Feb-2018,375,CE,0,0,0,37.1,53.75,0,0,0,0,19-DEC-2017,
OPTSTK,CASTROLIND,22-Feb-2018,380,CE,0,0,0,33.6,49.3,0,0,0,0,19-DEC-2017,
OPTSTK,CASTROLIND,22-Feb-2018,385,CE,0,0,0,30.3,44.95,0,0,0,0,19-DEC-2017,
OPTSTK,CASTROLIND,22-Feb-2018,390,CE,0,0,0,27.2,40.75,0,0,0,0,19-DEC-2017,
OPTSTK,CASTROLIND,22-Feb-2018,395,CE,0,0,0,24.3,36.7,0,0,0,0,19-DEC-2017,
OPTSTK,CASTROLIND,22-Feb-2018,400,CE,0,0,0,21.65,32.85,0,0,0,0,19-DEC-2017,
OPTSTK,CASTROLIND,22-Feb-2018,405,CE,0,0,0,19.15,29.25,0,0,0,0,19-DEC-2017,
OPTSTK,CASTROLIND,22-Feb-2018,410,CE,0,0,0,16.9,25.85,0,0,0,0,19-DEC-2017,
OPTSTK,CASTROLIND,22-Feb-2018,415,CE,0,0,0,14.8,22.65,0,0,0,0,19-DEC-2017,
OPTSTK,CASTROLIND,22-Feb-2018,420,CE,0,0,0,12.95,19.75,0,0,0,0,19-DEC-2017,
OPTSTK,CASTROLIND,22-Feb-2018,425,CE,0,0,0,11.25,17.1,0,0,0,0,19-DEC-2017,
OPTSTK,CASTROLIND,22-Feb-2018,430,CE,0,0,0,9.75,14.7,0,0,0,0,19-DEC-2017,
OPTSTK,CASTROLIND,22-Feb-2018,435,CE,0,0,0,8.4,12.5,0,0,0,0,19-DEC-2017,
OPTSTK,CASTROLIND,22-Feb-2018,440,CE,0,0,0,7.2,10.6,0,0,0,0,19-DEC-2017,
OPTSTK,CASTROLIND,22-Feb-2018,445,CE,0,0,0,6.15,8.9,0,0,0,0,19-DEC-2017,
OPTSTK,CASTROLIND,22-Feb-2018,450,CE,0,0,0,5.25,7.4,0,0,0,0,19-DEC-2017,
OPTSTK,CASTROLIND,22-Feb-2018,455,CE,0,0,0,4.45,6.15,0,0,0,0,19-DEC-2017,
OPTSTK,CASTROLIND,22-Feb-2018,460,CE,0,0,0,3.75,5.05,0,0,0,0,19-DEC-2017,
OPTSTK,CASTROLIND,22-Feb-2018,465,CE,0,0,0,3.15,4.1,0,0,0,0,19-DEC-2017,
OPTSTK,CASTROLIND,22-Feb-2018,470,CE,0,0,0,2.65,3.35,0,0,0,0,19-DEC-2017,
OPTSTK,CASTROLIND,22-Feb-2018,300,PE,0,0,0,0.1,0,0,0,0,0,19-DEC-2017,
OPTSTK,CASTROLIND,22-Feb-2018,305,PE,0,0,0,0.15,0,0,0,0,0,19-DEC-2017,
OPTSTK,CASTROLIND,22-Feb-2018,310,PE,0,0,0,0.2,0,0,0,0,0,19-DEC-2017,
OPTSTK,CASTROLIND,22-Feb-2018,315,PE,0,0,0,0.25,0,0,0,0,0,19-DEC-2017,
OPTSTK,CASTROLIND,22-Feb-2018,320,PE,0,0,0,0.35,0.05,0,0,0,0,19-DEC-2017,
OPTSTK,CASTROLIND,22-Feb-2018,325,PE,0,0,0,0.5,0.05,0,0,0,0,19-DEC-2017,
OPTSTK,CASTROLIND,22-Feb-2018,330,PE,0,0,0,0.7,0.05,0,0,0,0,19-DEC-2017,
OPTSTK,CASTROLIND,22-Feb-2018,335,PE,0,0,0,1,0.05,0,0,0,0,19-DEC-2017,
OPTSTK,CASTROLIND,22-Feb-2018,340,PE,0,0,0,1.3,0.1,0,0,0,0,19-DEC-2017,
OPTSTK,CASTROLIND,22-Feb-2018,345,PE,0,0,0,1.75,0.15,0,0,0,0,19-DEC-2017,
OPTSTK,CASTROLIND,22-Feb-2018,350,PE,0,0,0,2.25,0.2,0,0,0,0,19-DEC-2017,
OPTSTK,CASTROLIND,22-Feb-2018,355,PE,0,0,0,2.9,0.3,0,0,0,0,19-DEC-2017,
OPTSTK,CASTROLIND,22-Feb-2018,360,PE,0,0,0,3.7,0.45,0,0,0,0,19-DEC-2017,
OPTSTK,CASTROLIND,22-Feb-2018,365,PE,0,0,0,4.6,0.65,0,0,0,0,19-DEC-2017,
OPTSTK,CASTROLIND,22-Feb-2018,370,PE,0,0,0,5.7,0.9,0,0,0,0,19-DEC-2017,
OPTSTK,CASTROLIND,22-Feb-2018,375,PE,0,0,0,6.95,1.25,0,0,0,0,19-DEC-2017,
OPTSTK,CASTROLIND,22-Feb-2018,380,PE,0,0,0,8.35,1.7,0,0,0,0,19-DEC-2017,
OPTSTK,CASTROLIND,22-Feb-2018,385,PE,0,0,0,10,2.3,0,0,0,0,19-DEC-2017,
OPTSTK,CASTROLIND,22-Feb-2018,390,PE,0,0,0,11.85,3.05,0,0,0,0,19-DEC-2017,
OPTSTK,CASTROLIND,22-Feb-2018,395,PE,0,0,0,13.85,3.95,0,0,0,0,19-DEC-2017,
OPTSTK,CASTROLIND,22-Feb-2018,400,PE,0,0,0,16.1,5.05,0,0,0,0,19-DEC-2017,
OPTSTK,CASTROLIND,22-Feb-2018,405,PE,0,0,0,18.55,6.35,0,0,0,0,19-DEC-2017,
OPTSTK,CASTROLIND,22-Feb-2018,410,PE,0,0,0,21.2,7.9,0,0,0,0,19-DEC-2017,
OPTSTK,CASTROLIND,22-Feb-2018,415,PE,0,0,0,24.05,9.7,0,0,0,0,19-DEC-2017,
OPTSTK,CASTROLIND,22-Feb-2018,420,PE,0,0,0,27.1,11.7,0,0,0,0,19-DEC-2017,
OPTSTK,CASTROLIND,22-Feb-2018,425,PE,0,0,0,30.35,14,0,0,0,0,19-DEC-2017,
OPTSTK,CASTROLIND,22-Feb-2018,430,PE,0,0,0,33.75,16.5,0,0,0,0,19-DEC-2017,
OPTSTK,CASTROLIND,22-Feb-2018,435,PE,0,0,0,37.35,19.3,0,0,0,0,19-DEC-2017,
OPTSTK,CASTROLIND,22-Feb-2018,440,PE,0,0,0,41.1,22.3,0,0,0,0,19-DEC-2017,
OPTSTK,CASTROLIND,22-Feb-2018,445,PE,0,0,0,44.95,25.55,0,0,0,0,19-DEC-2017,
OPTSTK,CASTROLIND,22-Feb-2018,450,PE,0,0,0,48.95,29.05,0,0,0,0,19-DEC-2017,
OPTSTK,CASTROLIND,22-Feb-2018,455,PE,0,0,0,53.1,32.7,0,0,0,0,19-DEC-2017,
OPTSTK,CASTROLIND,22-Feb-2018,460,PE,0,0,0,57.35,36.55,0,0,0,0,19-DEC-2017,
OPTSTK,CASTROLIND,22-Feb-2018,465,PE,0,0,0,61.65,40.55,0,0,0,0,19-DEC-2017,
OPTSTK,CASTROLIND,22-Feb-2018,470,PE,0,0,0,66.1,44.7,0,0,0,0,19-DEC-2017,
OPTSTK,CEATLTD,28-Dec-2017,1200,CE,0,0,0,511.85,637.05,0,0,0,0,19-DEC-2017,
OPTSTK,CEATLTD,28-Dec-2017,1250,CE,0,0,0,463.4,587.1,0,0,0,0,19-DEC-2017,
OPTSTK,CEATLTD,28-Dec-2017,1300,CE,0,0,0,415.7,537.2,0,0,0,0,19-DEC-2017,
OPTSTK,CEATLTD,28-Dec-2017,1350,CE,0,0,0,369,487.25,0,0,0,0,19-DEC-2017,
OPTSTK,CEATLTD,28-Dec-2017,1400,CE,0,0,0,323.85,437.35,0,0,0,0,19-DEC-2017,
OPTSTK,CEATLTD,28-Dec-2017,1450,CE,0,0,0,280.75,387.4,0,0,0,0,19-DEC-2017,
OPTSTK,CEATLTD,28-Dec-2017,1500,CE,0,0,0,240.25,337.5,0,0,0,0,19-DEC-2017,
OPTSTK,CEATLTD,28-Dec-2017,1550,CE,0,0,0,202.8,287.6,0,0,0,0,19-DEC-2017,
OPTSTK,CEATLTD,28-Dec-2017,1600,CE,0,0,0,138.75,237.7,0,0,3850,0,19-DEC-2017,
OPTSTK,CEATLTD,28-Dec-2017,1650,CE,0,0,0,154.7,188,0,0,2450,0,19-DEC-2017,
OPTSTK,CEATLTD,28-Dec-2017,1700,CE,0,0,0,96.35,139.35,0,0,7000,0,19-DEC-2017,
OPTSTK,CEATLTD,28-Dec-2017,1750,CE,69.9,97.9,69.9,92.85,92.85,60,385.87,11900,-2800,19-DEC-2017,
OPTSTK,CEATLTD,28-Dec-2017,1800,CE,39.1,61.05,39.1,53.6,53.6,433,2804.65,27300,-39900,19-DEC-2017,
OPTSTK,CEATLTD,28-Dec-2017,1850,CE,18.05,35.05,18.05,26.25,26.25,1177,7733.41,80150,1750,19-DEC-2017,
OPTSTK,CEATLTD,28-Dec-2017,1900,CE,9.35,17.8,9.35,10.95,10.95,596,3990.15,61600,16800,19-DEC-2017,
OPTSTK,CEATLTD,28-Dec-2017,1950,CE,4.3,7.55,4.25,4.55,4.55,42,287.46,10850,700,19-DEC-2017,
OPTSTK,CEATLTD,28-Dec-2017,2000,CE,3.65,3.65,2.05,2.4,2.4,10,70.1,9450,-700,19-DEC-2017,
OPTSTK,CEATLTD,28-Dec-2017,2050,CE,0,0,0,2.7,0.3,0,0,1050,0,19-DEC-2017,
OPTSTK,CEATLTD,28-Dec-2017,2100,CE,0,0,0,12.65,0.05,0,0,0,0,19-DEC-2017,
OPTSTK,CEATLTD,28-Dec-2017,2150,CE,0,0,0,9.1,0.05,0,0,0,0,19-DEC-2017,
OPTSTK,CEATLTD,28-Dec-2017,2200,CE,0,0,0,6.5,0,0,0,0,0,19-DEC-2017,
OPTSTK,CEATLTD,28-Dec-2017,2250,CE,0,0,0,4.6,0,0,0,0,0,19-DEC-2017,
OPTSTK,CEATLTD,28-Dec-2017,2300,CE,0,0,0,3.25,0,0,0,0,0,19-DEC-2017,
OPTSTK,CEATLTD,28-Dec-2017,2350,CE,0,0,0,2.25,0,0,0,0,0,19-DEC-2017,
OPTSTK,CEATLTD,28-Dec-2017,1200,PE,0,0,0,0.7,0,0,0,0,0,19-DEC-2017,
OPTSTK,CEATLTD,28-Dec-2017,1250,PE,0,0,0,1.45,0,0,0,0,0,19-DEC-2017,
OPTSTK,CEATLTD,28-Dec-2017,1300,PE,0,0,0,2.95,0,0,0,0,0,19-DEC-2017,
OPTSTK,CEATLTD,28-Dec-2017,1350,PE,0,0,0,5.5,0,0,0,0,0,19-DEC-2017,
OPTSTK,CEATLTD,28-Dec-2017,1400,PE,0,0,0,9.6,0,0,0,0,0,19-DEC-2017,
OPTSTK,CEATLTD,28-Dec-2017,1450,PE,0,0,0,15.7,0,0,0,0,0,19-DEC-2017,
OPTSTK,CEATLTD,28-Dec-2017,1500,PE,0,0,0,24.4,0,0,0,0,0,19-DEC-2017,
OPTSTK,CEATLTD,28-Dec-2017,1550,PE,0,0,0,36.2,0,0,0,0,0,19-DEC-2017,
OPTSTK,CEATLTD,28-Dec-2017,1600,PE,0.25,0.25,0.25,0.25,0.25,1,5.6,15750,0,19-DEC-2017,
OPTSTK,CEATLTD,28-Dec-2017,1650,PE,1.25,1.25,0.75,0.95,0.95,10,57.78,11900,-1750,19-DEC-2017,
OPTSTK,CEATLTD,28-Dec-2017,1700,PE,4.1,4.1,2.1,2.75,2.75,98,584.14,25200,-4900,19-DEC-2017,
OPTSTK,CEATLTD,28-Dec-2017,1750,PE,13.9,13.9,5.55,6.35,6.35,259,1593.91,32200,10150,19-DEC-2017,
OPTSTK,CEATLTD,28-Dec-2017,1800,PE,29.1,29.1,15.8,17.15,17.15,146,930.35,25900,9100,19-DEC-2017,
OPTSTK,CEATLTD,28-Dec-2017,1850,PE,49.2,49.2,37,37.1,37.1,24,159.05,5250,1050,19-DEC-2017,
OPTSTK,CEATLTD,28-Dec-2017,1900,PE,0,0,0,170.1,73.8,0,0,700,0,19-DEC-2017,
OPTSTK,CEATLTD,28-Dec-2017,1950,PE,119.9,120,115,115.5,115.5,7,50.65,6650,2450,19-DEC-2017,
OPTSTK,CEATLTD,28-Dec-2017,2000,PE,175,175,175,175,175,1,7.61,1050,-350,19-DEC-2017,
OPTSTK,CEATLTD,28-Dec-2017,2050,PE,0,0,0,342.95,211.95,0,0,0,0,19-DEC-2017,
OPTSTK,CEATLTD,28-Dec-2017,2100,PE,0,0,0,387.45,261.65,0,0,0,0,19-DEC-2017,
OPTSTK,CEATLTD,28-Dec-2017,2150,PE,0,0,0,433.15,311.55,0,0,0,0,19-DEC-2017,
OPTSTK,CEATLTD,28-Dec-2017,2200,PE,0,0,0,479.8,361.45,0,0,0,0,19-DEC-2017,
OPTSTK,CEATLTD,28-Dec-2017,2250,PE,0,0,0,527.1,411.35,0,0,0,0,19-DEC-2017,
OPTSTK,CEATLTD,28-Dec-2017,2300,PE,0,0,0,574.95,461.3,0,0,0,0,19-DEC-2017,
OPTSTK,CEATLTD,28-Dec-2017,2350,PE,0,0,0,623.2,511.2,0,0,0,0,19-DEC-2017,
OPTSTK,CEATLTD,25-Jan-2018,1200,CE,0,0,0,490.1,643,0,0,0,0,19-DEC-2017,
OPTSTK,CEATLTD,25-Jan-2018,1250,CE,0,0,0,441,593.3,0,0,0,0,19-DEC-2017,
OPTSTK,CEATLTD,25-Jan-2018,1300,CE,0,0,0,392.15,543.65,0,0,0,0,19-DEC-2017,
OPTSTK,CEATLTD,25-Jan-2018,1350,CE,0,0,0,343.8,493.95,0,0,0,0,19-DEC-2017,
OPTSTK,CEATLTD,25-Jan-2018,1400,CE,0,0,0,296.4,444.35,0,0,0,0,19-DEC-2017,
OPTSTK,CEATLTD,25-Jan-2018,1450,CE,0,0,0,250.6,394.85,0,0,0,0,19-DEC-2017,
OPTSTK,CEATLTD,25-Jan-2018,1500,CE,0,0,0,207.3,345.65,0,0,0,0,19-DEC-2017,
OPTSTK,CEATLTD,25-Jan-2018,1550,CE,0,0,0,167.35,297.1,0,0,0,0,19-DEC-2017,
OPTSTK,CEATLTD,25-Jan-2018,1600,CE,0,0,0,131.6,249.9,0,0,0,0,19-DEC-2017,
OPTSTK,CEATLTD,25-Jan-2018,1650,CE,0,0,0,100.65,204.85,0,0,0,0,19-DEC-2017,
OPTSTK,CEATLTD,25-Jan-2018,1700,CE,0,0,0,99.3,163.1,0,0,350,0,19-DEC-2017,
OPTSTK,CEATLTD,25-Jan-2018,1750,CE,0,0,0,106.25,125.65,0,0,350,0,19-DEC-2017,
OPTSTK,CEATLTD,25-Jan-2018,1800,CE,0,0,0,49.85,93.5,0,0,350,0,19-DEC-2017,
OPTSTK,CEATLTD,25-Jan-2018,1850,CE,0,0,0,25.9,67,0,0,0,0,19-DEC-2017,
OPTSTK,CEATLTD,25-Jan-2018,1900,CE,0,0,0,30,46.25,0,0,350,0,19-DEC-2017,
OPTSTK,CEATLTD,25-Jan-2018,1950,CE,0,0,0,11.1,30.65,0,0,0,0,19-DEC-2017,
OPTSTK,CEATLTD,25-Jan-2018,2000,CE,0,0,0,6.95,19.6,0,0,0,0,19-DEC-2017,
OPTSTK,CEATLTD,25-Jan-2018,2050,CE,0,0,0,4.3,12.05,0,0,0,0,19-DEC-2017,
OPTSTK,CEATLTD,25-Jan-2018,2100,CE,0,0,0,2.55,7.15,0,0,0,0,19-DEC-2017,
OPTSTK,CEATLTD,25-Jan-2018,2150,CE,0,0,0,1.5,4.1,0,0,0,0,19-DEC-2017,
OPTSTK,CEATLTD,25-Jan-2018,2200,CE,0,0,0,0.85,2.25,0,0,0,0,19-DEC-2017,
OPTSTK,CEATLTD,25-Jan-2018,2250,CE,0,0,0,0.5,1.2,0,0,0,0,19-DEC-2017,
OPTSTK,CEATLTD,25-Jan-2018,2300,CE,0,0,0,0.3,0.65,0,0,0,0,19-DEC-2017,
OPTSTK,CEATLTD,25-Jan-2018,2350,CE,0,0,0,0.15,0.3,0,0,0,0,19-DEC-2017,
OPTSTK,CEATLTD,25-Jan-2018,1200,PE,0,0,0,0.05,0,0,0,0,0,19-DEC-2017,
OPTSTK,CEATLTD,25-Jan-2018,1250,PE,0,0,0,0.2,0,0,0,0,0,19-DEC-2017,
OPTSTK,CEATLTD,25-Jan-2018,1300,PE,0,0,0,0.55,0,0,0,0,0,19-DEC-2017,
OPTSTK,CEATLTD,25-Jan-2018,1350,PE,0,0,0,1.4,0.05,0,0,0,0,19-DEC-2017,
OPTSTK,CEATLTD,25-Jan-2018,1400,PE,0,0,0,3.25,0.1,0,0,0,0,19-DEC-2017,
OPTSTK,CEATLTD,25-Jan-2018,1450,PE,0,0,0,6.7,0.25,0,0,0,0,19-DEC-2017,
OPTSTK,CEATLTD,25-Jan-2018,1500,PE,0,0,0,12.6,0.7,0,0,0,0,19-DEC-2017,
OPTSTK,CEATLTD,25-Jan-2018,1550,PE,0,0,0,21.85,1.85,0,0,0,0,19-DEC-2017,
OPTSTK,CEATLTD,25-Jan-2018,1600,PE,0,0,0,35.3,4.3,0,0,0,0,19-DEC-2017,
OPTSTK,CEATLTD,25-Jan-2018,1650,PE,0,0,0,53.6,8.95,0,0,0,0,19-DEC-2017,
OPTSTK,CEATLTD,25-Jan-2018,1700,PE,0,0,0,76.95,16.9,0,0,0,0,19-DEC-2017,
OPTSTK,CEATLTD,25-Jan-2018,1750,PE,0,0,0,105.4,29.15,0,0,0,0,19-DEC-2017,
OPTSTK,CEATLTD,25-Jan-2018,1800,PE,0,0,0,138.5,46.65,0,0,0,0,19-DEC-2017,
OPTSTK,CEATLTD,25-Jan-2018,1850,PE,0,0,0,175.65,69.85,0,0,0,0,19-DEC-2017,
OPTSTK,CEATLTD,25-Jan-2018,1900,PE,0,0,0,216.15,98.7,0,0,0,0,19-DEC-2017,
OPTSTK,CEATLTD,25-Jan-2018,1950,PE,0,0,0,259.3,132.85,0,0,0,0,19-DEC-2017,
OPTSTK,CEATLTD,25-Jan-2018,2000,PE,0,0,0,304.4,171.45,0,0,0,0,19-DEC-2017,
OPTSTK,CEATLTD,25-Jan-2018,2050,PE,0,0,0,350.95,213.55,0,0,0,0,19-DEC-2017,
OPTSTK,CEATLTD,25-Jan-2018,2100,PE,0,0,0,398.45,258.3,0,0,0,0,19-DEC-2017,
OPTSTK,CEATLTD,25-Jan-2018,2150,PE,0,0,0,446.6,304.95,0,0,0,0,19-DEC-2017,
OPTSTK,CEATLTD,25-Jan-2018,2200,PE,0,0,0,495.15,352.8,0,0,0,0,19-DEC-2017,
OPTSTK,CEATLTD,25-Jan-2018,2250,PE,0,0,0,544,401.4,0,0,0,0,19-DEC-2017,
OPTSTK,CEATLTD,25-Jan-2018,2300,PE,0,0,0,593,450.5,0,0,0,0,19-DEC-2017,
OPTSTK,CEATLTD,25-Jan-2018,2350,PE,0,0,0,642.1,499.9,0,0,0,0,19-DEC-2017,
OPTSTK,CEATLTD,22-Feb-2018,1200,CE,0,0,0,601.75,648.85,0,0,0,0,19-DEC-2017,
OPTSTK,CEATLTD,22-Feb-2018,1250,CE,0,0,0,552.7,599.45,0,0,0,0,19-DEC-2017,
OPTSTK,CEATLTD,22-Feb-2018,1300,CE,0,0,0,503.95,550.1,0,0,0,0,19-DEC-2017,
OPTSTK,CEATLTD,22-Feb-2018,1350,CE,0,0,0,455.6,500.85,0,0,0,0,19-DEC-2017,
OPTSTK,CEATLTD,22-Feb-2018,1400,CE,0,0,0,408.1,451.9,0,0,0,0,19-DEC-2017,
OPTSTK,CEATLTD,22-Feb-2018,1450,CE,0,0,0,361.7,403.45,0,0,0,0,19-DEC-2017,
OPTSTK,CEATLTD,22-Feb-2018,1500,CE,0,0,0,316.95,355.85,0,0,0,0,19-DEC-2017,
OPTSTK,CEATLTD,22-Feb-2018,1550,CE,0,0,0,274.3,309.55,0,0,0,0,19-DEC-2017,
OPTSTK,CEATLTD,22-Feb-2018,1600,CE,0,0,0,234.35,265.25,0,0,0,0,19-DEC-2017,
OPTSTK,CEATLTD,22-Feb-2018,1650,CE,0,0,0,197.5,223.55,0,0,0,0,19-DEC-2017,
OPTSTK,CEATLTD,22-Feb-2018,1700,CE,0,0,0,164.05,185.15,0,0,0,0,19-DEC-2017,
OPTSTK,CEATLTD,22-Feb-2018,1750,CE,0,0,0,134.35,150.35,0,0,0,0,19-DEC-2017,
OPTSTK,CEATLTD,22-Feb-2018,1800,CE,0,0,0,108.45,119.8,0,0,0,0,19-DEC-2017,
OPTSTK,CEATLTD,22-Feb-2018,1850,CE,0,0,0,86.35,93.6,0,0,0,0,19-DEC-2017,
OPTSTK,CEATLTD,22-Feb-2018,1900,CE,0,0,0,67.75,71.65,0,0,0,0,19-DEC-2017,
OPTSTK,CEATLTD,22-Feb-2018,1950,CE,0,0,0,52.4,53.8,0,0,0,0,19-DEC-2017,
OPTSTK,CEATLTD,22-Feb-2018,2000,CE,0,0,0,40.15,39.7,0,0,0,0,19-DEC-2017,
OPTSTK,CEATLTD,22-Feb-2018,2050,CE,0,0,0,30.2,28.65,0,0,0,0,19-DEC-2017,
OPTSTK,CEATLTD,22-Feb-2018,2100,CE,0,0,0,22.5,20.3,0,0,0,0,19-DEC-2017,
OPTSTK,CEATLTD,22-Feb-2018,2150,CE,0,0,0,16.55,14.15,0,0,0,0,19-DEC-2017,
OPTSTK,CEATLTD,22-Feb-2018,2200,CE,0,0,0,12.05,9.7,0,0,0,0,19-DEC-2017,
OPTSTK,CEATLTD,22-Feb-2018,2250,CE,0,0,0,8.65,6.5,0,0,0,0,19-DEC-2017,
OPTSTK,CEATLTD,22-Feb-2018,2300,CE,0,0,0,6.15,4.3,0,0,0,0,19-DEC-2017,
OPTSTK,CEATLTD,22-Feb-2018,2350,CE,0,0,0,4.35,2.8,0,0,0,0,19-DEC-2017,
OPTSTK,CEATLTD,22-Feb-2018,1200,PE,0,0,0,0.15,0.05,0,0,0,0,19-DEC-2017,
OPTSTK,CEATLTD,22-Feb-2018,1250,PE,0,0,0,0.4,0.05,0,0,0,0,19-DEC-2017,
OPTSTK,CEATLTD,22-Feb-2018,1300,PE,0,0,0,0.9,0.15,0,0,0,0,19-DEC-2017,
OPTSTK,CEATLTD,22-Feb-2018,1350,PE,0,0,0,1.85,0.35,0,0,0,0,19-DEC-2017,
OPTSTK,CEATLTD,22-Feb-2018,1400,PE,0,0,0,3.55,0.8,0,0,0,0,19-DEC-2017,
OPTSTK,CEATLTD,22-Feb-2018,1450,PE,0,0,0,6.45,1.75,0,0,0,0,19-DEC-2017,
OPTSTK,CEATLTD,22-Feb-2018,1500,PE,0,0,0,10.95,3.55,0,0,0,0,19-DEC-2017,
OPTSTK,CEATLTD,22-Feb-2018,1550,PE,0,0,0,17.6,6.75,0,0,0,0,19-DEC-2017,
OPTSTK,CEATLTD,22-Feb-2018,1600,PE,0,0,0,26.9,11.85,0,0,0,0,19-DEC-2017,
OPTSTK,CEATLTD,22-Feb-2018,1650,PE,0,0,0,39.35,19.6,0,0,0,0,19-DEC-2017,
OPTSTK,CEATLTD,22-Feb-2018,1700,PE,0,0,0,55.15,30.6,0,0,0,0,19-DEC-2017,
OPTSTK,CEATLTD,22-Feb-2018,1750,PE,0,0,0,74.75,45.2,0,0,0,0,19-DEC-2017,
OPTSTK,CEATLTD,22-Feb-2018,1800,PE,0,0,0,98.15,64.1,0,0,0,0,19-DEC-2017,
OPTSTK,CEATLTD,22-Feb-2018,1850,PE,0,0,0,125.25,87.35,0,0,0,0,19-DEC-2017,
OPTSTK,CEATLTD,22-Feb-2018,1900,PE,0,0,0,155.95,114.85,0,0,0,0,19-DEC-2017,
OPTSTK,CEATLTD,22-Feb-2018,1950,PE,0,0,0,189.9,146.4,0,0,0,0,19-DEC-2017,
OPTSTK,CEATLTD,22-Feb-2018,2000,PE,0,0,0,226.9,181.7,0,0,0,0,19-DEC-2017,
OPTSTK,CEATLTD,22-Feb-2018,2050,PE,0,0,0,266.25,220.1,0,0,0,0,19-DEC-2017,
OPTSTK,CEATLTD,22-Feb-2018,2100,PE,0,0,0,307.8,261.2,0,0,0,0,19-DEC-2017,
OPTSTK,CEATLTD,22-Feb-2018,2150,PE,0,0,0,351.1,304.5,0,0,0,0,19-DEC-2017,
OPTSTK,CEATLTD,22-Feb-2018,2200,PE,0,0,0,395.85,349.45,0,0,0,0,19-DEC-2017,
OPTSTK,CEATLTD,22-Feb-2018,2250,PE,0,0,0,441.75,395.7,0,0,0,0,19-DEC-2017,
OPTSTK,CEATLTD,22-Feb-2018,2300,PE,0,0,0,488.55,442.95,0,0,0,0,19-DEC-2017,
OPTSTK,CEATLTD,22-Feb-2018,2350,PE,0,0,0,536,490.85,0,0,0,0,19-DEC-2017,
OPTSTK,CENTURYTEX,28-Dec-2017,850,CE,0,0,0,382.1,507.35,0,0,0,0,19-DEC-2017,
OPTSTK,CENTURYTEX,28-Dec-2017,900,CE,0,0,0,424,457.4,0,0,1100,0,19-DEC-2017,
OPTSTK,CENTURYTEX,28-Dec-2017,950,CE,0,0,0,387.75,407.5,0,0,1100,0,19-DEC-2017,
OPTSTK,CENTURYTEX,28-Dec-2017,1000,CE,0,0,0,354.6,357.55,0,0,1100,0,19-DEC-2017,
OPTSTK,CENTURYTEX,28-Dec-2017,1050,CE,0,0,0,290,307.65,0,0,0,0,19-DEC-2017,
OPTSTK,CENTURYTEX,28-Dec-2017,1100,CE,0,0,0,245.95,257.75,0,0,550,0,19-DEC-2017,
OPTSTK,CENTURYTEX,28-Dec-2017,1150,CE,0,0,0,179.6,207.85,0,0,8800,0,19-DEC-2017,
OPTSTK,CENTURYTEX,28-Dec-2017,1200,CE,0,0,0,137.9,158.2,0,0,2750,0,19-DEC-2017,
OPTSTK,CENTURYTEX,28-Dec-2017,1250,CE,0,0,0,91.25,110.1,0,0,9350,0,19-DEC-2017,
OPTSTK,CENTURYTEX,28-Dec-2017,1300,CE,51.85,63.5,46.65,60.95,60.95,56,417.49,46750,-2200,19-DEC-2017,
OPTSTK,CENTURYTEX,28-Dec-2017,1350,CE,22.25,28.05,18.45,24.45,24.45,636,4805.4,225500,-9900,19-DEC-2017,
OPTSTK,CENTURYTEX,28-Dec-2017,1400,CE,9.45,10.7,6.1,8.05,8.05,780,6042.63,360800,-30800,19-DEC-2017,
OPTSTK,CENTURYTEX,28-Dec-2017,1450,CE,4.35,4.35,2.25,2.85,2.85,130,1039,94600,-2200,19-DEC-2017,
OPTSTK,CENTURYTEX,28-Dec-2017,1500,CE,1.15,1.65,1,1.1,1.1,38,313.75,49500,-3300,19-DEC-2017,
OPTSTK,CENTURYTEX,28-Dec-2017,1550,CE,0,0,0,0.5,0.25,0,0,9900,0,19-DEC-2017,
OPTSTK,CENTURYTEX,28-Dec-2017,1600,CE,0,0,0,0.5,0.05,0,0,0,0,19-DEC-2017,
OPTSTK,CENTURYTEX,28-Dec-2017,1650,CE,0,0,0,4.85,0,0,0,0,0,19-DEC-2017,
OPTSTK,CENTURYTEX,28-Dec-2017,1700,CE,0,0,0,3.25,0,0,0,0,0,19-DEC-2017,
OPTSTK,CENTURYTEX,28-Dec-2017,850,PE,0,0,0,0.95,0,0,0,0,0,19-DEC-2017,
OPTSTK,CENTURYTEX,28-Dec-2017,900,PE,0,0,0,2.35,0,0,0,0,0,19-DEC-2017,
OPTSTK,CENTURYTEX,28-Dec-2017,950,PE,0,0,0,5.1,0,0,0,0,0,19-DEC-2017,
OPTSTK,CENTURYTEX,28-Dec-2017,1000,PE,0,0,0,10,0,0,0,0,0,19-DEC-2017,
OPTSTK,CENTURYTEX,28-Dec-2017,1050,PE,0,0,0,0.95,0,0,0,0,0,19-DEC-2017,
OPTSTK,CENTURYTEX,28-Dec-2017,1100,PE,0,0,0,2,0,0,0,3850,0,19-DEC-2017,
OPTSTK,CENTURYTEX,28-Dec-2017,1150,PE,0,0,0,0.5,0.05,0,0,11000,0,19-DEC-2017,
OPTSTK,CENTURYTEX,28-Dec-2017,1200,PE,1,1.5,1,1.2,1.2,19,125.52,38500,-2750,19-DEC-2017,
OPTSTK,CENTURYTEX,28-Dec-2017,1250,PE,4.05,4.35,1.65,1.75,1.75,131,902.46,78650,-13750,19-DEC-2017,
OPTSTK,CENTURYTEX,28-Dec-2017,1300,PE,11.6,12.45,4.75,5.1,5.1,412,2962.5,138600,25300,19-DEC-2017,
OPTSTK,CENTURYTEX,28-Dec-2017,1350,PE,27.8,27.8,17.05,17.8,17.8,70,527.56,79750,6600,19-DEC-2017,
OPTSTK,CENTURYTEX,28-Dec-2017,1400,PE,61,61,50,50,50,8,64,38500,-1100,19-DEC-2017,
OPTSTK,CENTURYTEX,28-Dec-2017,1450,PE,0,0,0,121.65,96.3,0,0,22550,0,19-DEC-2017,
OPTSTK,CENTURYTEX,28-Dec-2017,1500,PE,0,0,0,130.2,142.85,0,0,6600,0,19-DEC-2017,
OPTSTK,CENTURYTEX,28-Dec-2017,1550,PE,0,0,0,205,191.85,0,0,0,0,19-DEC-2017,
OPTSTK,CENTURYTEX,28-Dec-2017,1600,PE,0,0,0,364.45,241.55,0,0,0,0,19-DEC-2017,
OPTSTK,CENTURYTEX,28-Dec-2017,1650,PE,0,0,0,411.3,291.45,0,0,0,0,19-DEC-2017,
OPTSTK,CENTURYTEX,28-Dec-2017,1700,PE,0,0,0,458.9,341.4,0,0,0,0,19-DEC-2017,
OPTSTK,CENTURYTEX,25-Jan-2018,850,CE,0,0,0,512.85,511.55,0,0,0,0,19-DEC-2017,
OPTSTK,CENTURYTEX,25-Jan-2018,900,CE,0,0,0,463.7,461.9,0,0,0,0,19-DEC-2017,
OPTSTK,CENTURYTEX,25-Jan-2018,950,CE,0,0,0,414.75,412.2,0,0,0,0,19-DEC-2017,
OPTSTK,CENTURYTEX,25-Jan-2018,1000,CE,0,0,0,366.2,362.65,0,0,0,0,19-DEC-2017,
OPTSTK,CENTURYTEX,25-Jan-2018,1050,CE,0,0,0,318.5,313.3,0,0,0,0,19-DEC-2017,
OPTSTK,CENTURYTEX,25-Jan-2018,1100,CE,0,0,0,272.3,264.6,0,0,0,0,19-DEC-2017,
OPTSTK,CENTURYTEX,25-Jan-2018,1150,CE,0,0,0,228.3,217.35,0,0,0,0,19-DEC-2017,
OPTSTK,CENTURYTEX,25-Jan-2018,1200,CE,0,0,0,187.4,172.75,0,0,0,0,19-DEC-2017,
OPTSTK,CENTURYTEX,25-Jan-2018,1250,CE,0,0,0,150.45,132.15,0,0,0,0,19-DEC-2017,
OPTSTK,CENTURYTEX,25-Jan-2018,1300,CE,0,0,0,117.9,96.95,0,0,0,0,19-DEC-2017,
OPTSTK,CENTURYTEX,25-Jan-2018,1350,CE,60,60,60,60,60,1,7.75,1100,550,19-DEC-2017,
OPTSTK,CENTURYTEX,25-Jan-2018,1400,CE,40,40,40,40,40,1,7.92,550,550,19-DEC-2017,
OPTSTK,CENTURYTEX,25-Jan-2018,1450,CE,0,0,0,49.3,29.15,0,0,0,0,19-DEC-2017,
OPTSTK,CENTURYTEX,25-Jan-2018,1500,CE,0,0,0,35.3,17.85,0,0,0,0,19-DEC-2017,
OPTSTK,CENTURYTEX,25-Jan-2018,1550,CE,0,0,0,24.65,10.45,0,0,0,0,19-DEC-2017,
OPTSTK,CENTURYTEX,25-Jan-2018,1600,CE,0,0,0,16.9,5.85,0,0,0,0,19-DEC-2017,
OPTSTK,CENTURYTEX,25-Jan-2018,1650,CE,0,0,0,11.35,3.15,0,0,0,0,19-DEC-2017,
OPTSTK,CENTURYTEX,25-Jan-2018,1700,CE,0,0,0,7.5,1.65,0,0,0,0,19-DEC-2017,
OPTSTK,CENTURYTEX,25-Jan-2018,850,PE,0,0,0,0.05,0,0,0,0,0,19-DEC-2017,
OPTSTK,CENTURYTEX,25-Jan-2018,900,PE,0,0,0,0.15,0,0,0,0,0,19-DEC-2017,
OPTSTK,CENTURYTEX,25-Jan-2018,950,PE,0,0,0,0.4,0.05,0,0,0,0,19-DEC-2017,
OPTSTK,CENTURYTEX,25-Jan-2018,1000,PE,0,0,0,1.1,0.15,0,0,0,0,19-DEC-2017,
OPTSTK,CENTURYTEX,25-Jan-2018,1050,PE,0,0,0,2.6,0.45,0,0,0,0,19-DEC-2017,
OPTSTK,CENTURYTEX,25-Jan-2018,1100,PE,2.8,2.8,2.8,2.8,2.8,1,6.06,550,0,19-DEC-2017,
OPTSTK,CENTURYTEX,25-Jan-2018,1150,PE,0,0,0,10.8,3.9,0,0,0,0,19-DEC-2017,
OPTSTK,CENTURYTEX,25-Jan-2018,1200,PE,0,0,0,19.15,8.95,0,0,0,0,19-DEC-2017,
OPTSTK,CENTURYTEX,25-Jan-2018,1250,PE,15,15,15,15,15,1,6.95,550,550,19-DEC-2017,
OPTSTK,CENTURYTEX,25-Jan-2018,1300,PE,0,0,0,58.5,32.5,0,0,550,0,19-DEC-2017,
OPTSTK,CENTURYTEX,25-Jan-2018,1350,PE,50.05,50.05,50.05,50.05,50.05,1,7.7,1650,550,19-DEC-2017,
OPTSTK,CENTURYTEX,25-Jan-2018,1400,PE,77,77,77,77,77,2,16.24,1100,1100,19-DEC-2017,
OPTSTK,CENTURYTEX,25-Jan-2018,1450,PE,0,0,0,127.15,113.7,0,0,0,0,19-DEC-2017,
OPTSTK,CENTURYTEX,25-Jan-2018,1500,PE,0,0,0,162.3,152.1,0,0,0,0,19-DEC-2017,
OPTSTK,CENTURYTEX,25-Jan-2018,1550,PE,0,0,0,200.9,194.35,0,0,0,0,19-DEC-2017,
OPTSTK,CENTURYTEX,25-Jan-2018,1600,PE,0,0,0,242.35,239.45,0,0,0,0,19-DEC-2017,
OPTSTK,CENTURYTEX,25-Jan-2018,1650,PE,0,0,0,286,286.4,0,0,0,0,19-DEC-2017,
OPTSTK,CENTURYTEX,25-Jan-2018,1700,PE,0,0,0,331.35,334.6,0,0,0,0,19-DEC-2017,
OPTSTK,CENTURYTEX,22-Feb-2018,850,CE,0,0,0,474.35,515.75,0,0,0,0,19-DEC-2017,
OPTSTK,CENTURYTEX,22-Feb-2018,900,CE,0,0,0,425.2,466.4,0,0,0,0,19-DEC-2017,
OPTSTK,CENTURYTEX,22-Feb-2018,950,CE,0,0,0,376.35,417.2,0,0,0,0,19-DEC-2017,
OPTSTK,CENTURYTEX,22-Feb-2018,1000,CE,0,0,0,328.1,368.45,0,0,0,0,19-DEC-2017,
OPTSTK,CENTURYTEX,22-Feb-2018,1050,CE,0,0,0,281.05,320.55,0,0,0,0,19-DEC-2017,
OPTSTK,CENTURYTEX,22-Feb-2018,1100,CE,0,0,0,235.9,274.05,0,0,0,0,19-DEC-2017,
OPTSTK,CENTURYTEX,22-Feb-2018,1150,CE,0,0,0,193.65,229.8,0,0,0,0,19-DEC-2017,
OPTSTK,CENTURYTEX,22-Feb-2018,1200,CE,0,0,0,155.2,188.7,0,0,0,0,19-DEC-2017,
OPTSTK,CENTURYTEX,22-Feb-2018,1250,CE,0,0,0,121.2,151.45,0,0,0,0,19-DEC-2017,
OPTSTK,CENTURYTEX,22-Feb-2018,1300,CE,0,0,0,92.25,118.7,0,0,0,0,19-DEC-2017,
OPTSTK,CENTURYTEX,22-Feb-2018,1350,CE,0,0,0,68.4,90.9,0,0,0,0,19-DEC-2017,
OPTSTK,CENTURYTEX,22-Feb-2018,1400,CE,0,0,0,49.45,67.95,0,0,0,0,19-DEC-2017,
OPTSTK,CENTURYTEX,22-Feb-2018,1450,CE,0,0,0,34.85,49.6,0,0,0,0,19-DEC-2017,
OPTSTK,CENTURYTEX,22-Feb-2018,1500,CE,0,0,0,24,35.5,0,0,0,0,19-DEC-2017,
OPTSTK,CENTURYTEX,22-Feb-2018,1550,CE,0,0,0,16.15,24.8,0,0,0,0,19-DEC-2017,
OPTSTK,CENTURYTEX,22-Feb-2018,1600,CE,0,0,0,10.65,16.95,0,0,0,0,19-DEC-2017,
OPTSTK,CENTURYTEX,22-Feb-2018,1650,CE,0,0,0,6.85,11.4,0,0,0,0,19-DEC-2017,
OPTSTK,CENTURYTEX,22-Feb-2018,1700,CE,0,0,0,4.35,7.5,0,0,0,0,19-DEC-2017,
OPTSTK,CENTURYTEX,22-Feb-2018,850,PE,0,0,0,0.05,0.05,0,0,0,0,19-DEC-2017,
OPTSTK,CENTURYTEX,22-Feb-2018,900,PE,0,0,0,0.2,0.15,0,0,0,0,19-DEC-2017,
OPTSTK,CENTURYTEX,22-Feb-2018,950,PE,0,0,0,0.6,0.4,0,0,0,0,19-DEC-2017,
OPTSTK,CENTURYTEX,22-Feb-2018,1000,PE,0,0,0,1.65,1.05,0,0,0,0,19-DEC-2017,
OPTSTK,CENTURYTEX,22-Feb-2018,1050,PE,0,0,0,3.85,2.55,0,0,0,0,19-DEC-2017,
OPTSTK,CENTURYTEX,22-Feb-2018,1100,PE,0,0,0,8,5.5,0,0,0,0,19-DEC-2017,
OPTSTK,CENTURYTEX,22-Feb-2018,1150,PE,0,0,0,15,10.7,0,0,0,0,19-DEC-2017,
OPTSTK,CENTURYTEX,22-Feb-2018,1200,PE,0,0,0,25.8,19,0,0,0,0,19-DEC-2017,
OPTSTK,CENTURYTEX,22-Feb-2018,1250,PE,0,0,0,41.1,31.2,0,0,0,0,19-DEC-2017,
OPTSTK,CENTURYTEX,22-Feb-2018,1300,PE,0,0,0,61.4,47.9,0,0,0,0,19-DEC-2017,
OPTSTK,CENTURYTEX,22-Feb-2018,1350,PE,0,0,0,86.85,69.5,0,0,0,0,19-DEC-2017,
OPTSTK,CENTURYTEX,22-Feb-2018,1400,PE,0,0,0,117.15,96,0,0,0,0,19-DEC-2017,
OPTSTK,CENTURYTEX,22-Feb-2018,1450,PE,0,0,0,151.8,127.1,0,0,0,0,19-DEC-2017,
OPTSTK,CENTURYTEX,22-Feb-2018,1500,PE,0,0,0,190.25,162.4,0,0,0,0,19-DEC-2017,
OPTSTK,CENTURYTEX,22-Feb-2018,1550,PE,0,0,0,231.65,201.1,0,0,0,0,19-DEC-2017,
OPTSTK,CENTURYTEX,22-Feb-2018,1600,PE,0,0,0,275.4,242.7,0,0,0,0,19-DEC-2017,
OPTSTK,CENTURYTEX,22-Feb-2018,1650,PE,0,0,0,320.9,286.6,0,0,0,0,19-DEC-2017,
OPTSTK,CENTURYTEX,22-Feb-2018,1700,PE,0,0,0,367.65,332.1,0,0,0,0,19-DEC-2017,
OPTSTK,CESC,28-Dec-2017,660,CE,0,0,0,332.5,348.85,0,0,0,0,19-DEC-2017,
OPTSTK,CESC,28-Dec-2017,680,CE,0,0,0,313.1,328.9,0,0,0,0,19-DEC-2017,
OPTSTK,CESC,28-Dec-2017,700,CE,0,0,0,293.9,308.9,0,0,0,0,19-DEC-2017,
OPTSTK,CESC,28-Dec-2017,720,CE,0,0,0,274.85,288.95,0,0,0,0,19-DEC-2017,
OPTSTK,CESC,28-Dec-2017,740,CE,0,0,0,256.1,268.95,0,0,0,0,19-DEC-2017,
OPTSTK,CESC,28-Dec-2017,760,CE,0,0,0,237.65,249,0,0,0,0,19-DEC-2017,
OPTSTK,CESC,28-Dec-2017,780,CE,0,0,0,219.65,229.05,0,0,0,0,19-DEC-2017,
OPTSTK,CESC,28-Dec-2017,800,CE,0,0,0,202.15,209.05,0,0,0,0,19-DEC-2017,
OPTSTK,CESC,28-Dec-2017,820,CE,0,0,0,185.15,189.1,0,0,0,0,19-DEC-2017,
OPTSTK,CESC,28-Dec-2017,840,CE,0,0,0,168.85,169.15,0,0,0,0,19-DEC-2017,
OPTSTK,CESC,28-Dec-2017,860,CE,0,0,0,153.25,149.15,0,0,0,0,19-DEC-2017,
OPTSTK,CESC,28-Dec-2017,880,CE,0,0,0,138.45,129.2,0,0,0,0,19-DEC-2017,
OPTSTK,CESC,28-Dec-2017,900,CE,0,0,0,110.55,109.2,0,0,550,0,19-DEC-2017,
OPTSTK,CESC,28-Dec-2017,920,CE,0,0,0,111.25,89.25,0,0,0,0,19-DEC-2017,
OPTSTK,CESC,28-Dec-2017,940,CE,0,0,0,63.05,69.45,0,0,1100,0,19-DEC-2017,
OPTSTK,CESC,28-Dec-2017,960,CE,0,0,0,59.8,50.25,0,0,1100,0,19-DEC-2017,
OPTSTK,CESC,28-Dec-2017,980,CE,38.45,38.45,35.5,36.75,36.75,3,16.77,2750,-550,19-DEC-2017,
OPTSTK,CESC,28-Dec-2017,1000,CE,22,23.5,21,23.5,23.5,4,22.48,51700,-1100,19-DEC-2017,
OPTSTK,CESC,28-Dec-2017,1020,CE,16.45,16.45,11.1,11.5,11.5,108,613.97,72050,2200,19-DEC-2017,
OPTSTK,CESC,28-Dec-2017,1040,CE,9,9.05,6.1,6.4,6.4,56,322.56,108350,2750,19-DEC-2017,
OPTSTK,CESC,28-Dec-2017,1060,CE,5.5,5.5,3.4,4,4,7,40.97,63800,2200,19-DEC-2017,
OPTSTK,CESC,28-Dec-2017,1080,CE,2.25,2.25,2.15,2.2,2.2,4,23.8,33000,-1100,19-DEC-2017,
OPTSTK,CESC,28-Dec-2017,1100,CE,1.85,2,1.85,1.95,1.95,3,18.18,61050,0,19-DEC-2017,
OPTSTK,CESC,28-Dec-2017,1120,CE,0,0,0,3.9,0.05,0,0,2750,0,19-DEC-2017,
OPTSTK,CESC,28-Dec-2017,1140,CE,0,0,0,1.35,0,0,0,550,0,19-DEC-2017,
OPTSTK,CESC,28-Dec-2017,1160,CE,0,0,0,20.4,0,0,0,0,0,19-DEC-2017,
OPTSTK,CESC,28-Dec-2017,1180,CE,0,0,0,17.2,0,0,0,0,0,19-DEC-2017,
OPTSTK,CESC,28-Dec-2017,1200,CE,0,0,0,14.5,0,0,0,0,0,19-DEC-2017,
OPTSTK,CESC,28-Dec-2017,1220,CE,0,0,0,12.15,0,0,0,0,0,19-DEC-2017,
OPTSTK,CESC,28-Dec-2017,1240,CE,0,0,0,10.15,0,0,0,0,0,19-DEC-2017,
OPTSTK,CESC,28-Dec-2017,1260,CE,0,0,0,8.45,0,0,0,0,0,19-DEC-2017,
OPTSTK,CESC,28-Dec-2017,660,PE,0,0,0,0.5,0,0,0,0,0,19-DEC-2017,
OPTSTK,CESC,28-Dec-2017,680,PE,0,0,0,0.8,0,0,0,0,0,19-DEC-2017,
OPTSTK,CESC,28-Dec-2017,700,PE,0,0,0,1.25,0,0,0,0,0,19-DEC-2017,
OPTSTK,CESC,28-Dec-2017,720,PE,0,0,0,1.9,0,0,0,0,0,19-DEC-2017,
OPTSTK,CESC,28-Dec-2017,740,PE,0,0,0,2.85,0,0,0,0,0,19-DEC-2017,
OPTSTK,CESC,28-Dec-2017,760,PE,0,0,0,4.1,0,0,0,0,0,19-DEC-2017,
OPTSTK,CESC,28-Dec-2017,780,PE,0,0,0,5.75,0,0,0,0,0,19-DEC-2017,
OPTSTK,CESC,28-Dec-2017,800,PE,0,0,0,7.95,0,0,0,0,0,19-DEC-2017,
OPTSTK,CESC,28-Dec-2017,820,PE,0,0,0,10.65,0,0,0,0,0,19-DEC-2017,
OPTSTK,CESC,28-Dec-2017,840,PE,0,0,0,14.05,0,0,0,0,0,19-DEC-2017,
OPTSTK,CESC,28-Dec-2017,860,PE,0,0,0,18.1,0,0,0,0,0,19-DEC-2017,
OPTSTK,CESC,28-Dec-2017,880,PE,0,0,0,23,0,0,0,0,0,19-DEC-2017,
OPTSTK,CESC,28-Dec-2017,900,PE,0,0,0,0.5,0,0,0,1100,0,19-DEC-2017,
OPTSTK,CESC,28-Dec-2017,920,PE,0,0,0,35.2,0.05,0,0,0,0,19-DEC-2017,
OPTSTK,CESC,28-Dec-2017,940,PE,0,0,0,1.2,0.2,0,0,8800,0,19-DEC-2017,
OPTSTK,CESC,28-Dec-2017,960,PE,0,0,0,3,0.95,0,0,25300,0,19-DEC-2017,
OPTSTK,CESC,28-Dec-2017,980,PE,3,3,3,3,3,1,5.4,20350,-550,19-DEC-2017,
OPTSTK,CESC,28-Dec-2017,1000,PE,8,10.85,8,10.7,10.7,18,100,74250,1100,19-DEC-2017,
OPTSTK,CESC,28-Dec-2017,1020,PE,20.5,20.5,18.3,19.5,19.5,3,17.15,6600,1100,19-DEC-2017,
OPTSTK,CESC,28-Dec-2017,1040,PE,0,0,0,30,33.95,0,0,4400,0,19-DEC-2017,
OPTSTK,CESC,28-Dec-2017,1060,PE,0,0,0,51,51.6,0,0,7700,0,19-DEC-2017,
OPTSTK,CESC,28-Dec-2017,1080,PE,0,0,0,68,70.8,0,0,2750,0,19-DEC-2017,
OPTSTK,CESC,28-Dec-2017,1100,PE,0,0,0,82,90.55,0,0,1100,0,19-DEC-2017,
OPTSTK,CESC,28-Dec-2017,1120,PE,0,0,0,149.1,110.5,0,0,0,0,19-DEC-2017,
OPTSTK,CESC,28-Dec-2017,1140,PE,0,0,0,164.55,130.45,0,0,0,0,19-DEC-2017,
OPTSTK,CESC,28-Dec-2017,1160,PE,0,0,0,180.6,150.4,0,0,0,0,19-DEC-2017,
OPTSTK,CESC,28-Dec-2017,1180,PE,0,0,0,197.1,170.4,0,0,0,0,19-DEC-2017,
OPTSTK,CESC,28-Dec-2017,1200,PE,0,0,0,214.1,190.35,0,0,0,0,19-DEC-2017,
OPTSTK,CESC,28-Dec-2017,1220,PE,0,0,0,231.45,210.3,0,0,0,0,19-DEC-2017,
OPTSTK,CESC,28-Dec-2017,1240,PE,0,0,0,249.15,230.3,0,0,0,0,19-DEC-2017,
OPTSTK,CESC,28-Dec-2017,1260,PE,0,0,0,267.1,250.25,0,0,0,0,19-DEC-2017,
OPTSTK,CESC,25-Jan-2018,660,CE,0,0,0,380.65,352.1,0,0,0,0,19-DEC-2017,
OPTSTK,CESC,25-Jan-2018,680,CE,0,0,0,360.95,332.25,0,0,0,0,19-DEC-2017,
OPTSTK,CESC,25-Jan-2018,700,CE,0,0,0,341.3,312.35,0,0,0,0,19-DEC-2017,
OPTSTK,CESC,25-Jan-2018,720,CE,0,0,0,321.65,292.5,0,0,0,0,19-DEC-2017,
OPTSTK,CESC,25-Jan-2018,740,CE,0,0,0,302.05,272.65,0,0,0,0,19-DEC-2017,
OPTSTK,CESC,25-Jan-2018,760,CE,0,0,0,282.5,252.75,0,0,0,0,19-DEC-2017,
OPTSTK,CESC,25-Jan-2018,780,CE,0,0,0,263.05,232.9,0,0,0,0,19-DEC-2017,
OPTSTK,CESC,25-Jan-2018,800,CE,0,0,0,243.75,213.05,0,0,0,0,19-DEC-2017,
OPTSTK,CESC,25-Jan-2018,820,CE,0,0,0,224.7,193.15,0,0,0,0,19-DEC-2017,
OPTSTK,CESC,25-Jan-2018,840,CE,0,0,0,205.95,173.35,0,0,0,0,19-DEC-2017,
OPTSTK,CESC,25-Jan-2018,860,CE,0,0,0,187.55,153.55,0,0,0,0,19-DEC-2017,
OPTSTK,CESC,25-Jan-2018,880,CE,0,0,0,169.7,133.95,0,0,0,0,19-DEC-2017,
OPTSTK,CESC,25-Jan-2018,900,CE,0,0,0,152.45,114.6,0,0,0,0,19-DEC-2017,
OPTSTK,CESC,25-Jan-2018,920,CE,0,0,0,135.95,95.9,0,0,0,0,19-DEC-2017,
OPTSTK,CESC,25-Jan-2018,940,CE,0,0,0,120.3,78.1,0,0,0,0,19-DEC-2017,
OPTSTK,CESC,25-Jan-2018,960,CE,0,0,0,105.65,61.65,0,0,0,0,19-DEC-2017,
OPTSTK,CESC,25-Jan-2018,980,CE,0,0,0,91.95,47,0,0,0,0,19-DEC-2017,
OPTSTK,CESC,25-Jan-2018,1000,CE,39.9,48.1,39.9,48.1,48.1,2,11.48,2750,550,19-DEC-2017,
OPTSTK,CESC,25-Jan-2018,1020,CE,0,0,0,67.95,24.3,0,0,0,0,19-DEC-2017,
OPTSTK,CESC,25-Jan-2018,1040,CE,0,0,0,57.65,16.4,0,0,0,0,19-DEC-2017,
OPTSTK,CESC,25-Jan-2018,1060,CE,0,0,0,48.55,10.65,0,0,0,0,19-DEC-2017,
OPTSTK,CESC,25-Jan-2018,1080,CE,0,0,0,40.5,6.55,0,0,0,0,19-DEC-2017,
OPTSTK,CESC,25-Jan-2018,1100,CE,0,0,0,33.5,3.9,0,0,0,0,19-DEC-2017,
OPTSTK,CESC,25-Jan-2018,1120,CE,0,0,0,27.5,2.2,0,0,0,0,19-DEC-2017,
OPTSTK,CESC,25-Jan-2018,1140,CE,0,0,0,22.45,1.2,0,0,0,0,19-DEC-2017,
OPTSTK,CESC,25-Jan-2018,1160,CE,0,0,0,18.1,0.65,0,0,0,0,19-DEC-2017,
OPTSTK,CESC,25-Jan-2018,1180,CE,0,0,0,14.5,0.3,0,0,0,0,19-DEC-2017,
OPTSTK,CESC,25-Jan-2018,1200,CE,0,0,0,11.55,0.15,0,0,0,0,19-DEC-2017,
OPTSTK,CESC,25-Jan-2018,1220,CE,0,0,0,9.1,0.1,0,0,0,0,19-DEC-2017,
OPTSTK,CESC,25-Jan-2018,1240,CE,0,0,0,7.15,0.05,0,0,0,0,19-DEC-2017,
OPTSTK,CESC,25-Jan-2018,1260,CE,0,0,0,5.55,0.05,0,0,0,0,19-DEC-2017,
OPTSTK,CESC,25-Jan-2018,660,PE,0,0,0,0.05,0,0,0,0,0,19-DEC-2017,
OPTSTK,CESC,25-Jan-2018,680,PE,0,0,0,0.05,0,0,0,0,0,19-DEC-2017,
OPTSTK,CESC,25-Jan-2018,700,PE,0,0,0,0.05,0,0,0,0,0,19-DEC-2017,
OPTSTK,CESC,25-Jan-2018,720,PE,0,0,0,0.1,0,0,0,0,0,19-DEC-2017,
OPTSTK,CESC,25-Jan-2018,740,PE,0,0,0,0.2,0,0,0,0,0,19-DEC-2017,
OPTSTK,CESC,25-Jan-2018,760,PE,0,0,0,0.35,0,0,0,0,0,19-DEC-2017,
OPTSTK,CESC,25-Jan-2018,780,PE,0,0,0,0.55,0,0,0,0,0,19-DEC-2017,
OPTSTK,CESC,25-Jan-2018,800,PE,0,0,0,0.95,0,0,0,0,0,19-DEC-2017,
OPTSTK,CESC,25-Jan-2018,820,PE,0,0,0,1.6,0.05,0,0,0,0,19-DEC-2017,
OPTSTK,CESC,25-Jan-2018,840,PE,0,0,0,2.5,0.05,0,0,0,0,19-DEC-2017,
OPTSTK,CESC,25-Jan-2018,860,PE,0,0,0,3.8,0.15,0,0,0,0,19-DEC-2017,
OPTSTK,CESC,25-Jan-2018,880,PE,0,0,0,5.65,0.4,0,0,0,0,19-DEC-2017,
OPTSTK,CESC,25-Jan-2018,900,PE,0,0,0,8.1,0.95,0,0,0,0,19-DEC-2017,
OPTSTK,CESC,25-Jan-2018,920,PE,0,0,0,11.3,2.1,0,0,0,0,19-DEC-2017,
OPTSTK,CESC,25-Jan-2018,940,PE,0,0,0,15.3,4.15,0,0,0,0,19-DEC-2017,
OPTSTK,CESC,25-Jan-2018,960,PE,0,0,0,20.35,7.6,0,0,0,0,19-DEC-2017,
OPTSTK,CESC,25-Jan-2018,980,PE,0,0,0,26.3,12.8,0,0,0,0,19-DEC-2017,
OPTSTK,CESC,25-Jan-2018,1000,PE,0,0,0,33.45,20.2,0,0,0,0,19-DEC-2017,
OPTSTK,CESC,25-Jan-2018,1020,PE,0,0,0,41.7,29.85,0,0,0,0,19-DEC-2017,
OPTSTK,CESC,25-Jan-2018,1040,PE,0,0,0,50,41.85,0,0,550,0,19-DEC-2017,
OPTSTK,CESC,25-Jan-2018,1060,PE,0,0,0,61.65,55.95,0,0,0,0,19-DEC-2017,
OPTSTK,CESC,25-Jan-2018,1080,PE,0,0,0,73.3,71.75,0,0,0,0,19-DEC-2017,
OPTSTK,CESC,25-Jan-2018,1100,PE,0,0,0,86,88.95,0,0,0,0,19-DEC-2017,
OPTSTK,CESC,25-Jan-2018,1120,PE,0,0,0,99.7,107.1,0,0,0,0,19-DEC-2017,
OPTSTK,CESC,25-Jan-2018,1140,PE,0,0,0,114.3,126,0,0,0,0,19-DEC-2017,
OPTSTK,CESC,25-Jan-2018,1160,PE,0,0,0,129.65,145.3,0,0,0,0,19-DEC-2017,
OPTSTK,CESC,25-Jan-2018,1180,PE,0,0,0,145.75,164.85,0,0,0,0,19-DEC-2017,
OPTSTK,CESC,25-Jan-2018,1200,PE,0,0,0,162.45,184.55,0,0,0,0,19-DEC-2017,
OPTSTK,CESC,25-Jan-2018,1220,PE,0,0,0,179.7,204.35,0,0,0,0,19-DEC-2017,
OPTSTK,CESC,25-Jan-2018,1240,PE,0,0,0,197.45,224.2,0,0,0,0,19-DEC-2017,
OPTSTK,CESC,25-Jan-2018,1260,PE,0,0,0,215.55,244.05,0,0,0,0,19-DEC-2017,
OPTSTK,CESC,22-Feb-2018,660,CE,0,0,0,362.8,355.35,0,0,0,0,19-DEC-2017,
OPTSTK,CESC,22-Feb-2018,680,CE,0,0,0,343.1,335.55,0,0,0,0,19-DEC-2017,
OPTSTK,CESC,22-Feb-2018,700,CE,0,0,0,323.4,315.8,0,0,0,0,19-DEC-2017,
OPTSTK,CESC,22-Feb-2018,720,CE,0,0,0,303.65,296.05,0,0,0,0,19-DEC-2017,
OPTSTK,CESC,22-Feb-2018,740,CE,0,0,0,284,276.25,0,0,0,0,19-DEC-2017,
OPTSTK,CESC,22-Feb-2018,760,CE,0,0,0,264.3,256.5,0,0,0,0,19-DEC-2017,
OPTSTK,CESC,22-Feb-2018,780,CE,0,0,0,244.65,236.75,0,0,0,0,19-DEC-2017,
OPTSTK,CESC,22-Feb-2018,800,CE,0,0,0,225.1,217,0,0,0,0,19-DEC-2017,
OPTSTK,CESC,22-Feb-2018,820,CE,0,0,0,205.7,197.35,0,0,0,0,19-DEC-2017,
OPTSTK,CESC,22-Feb-2018,840,CE,0,0,0,186.45,177.8,0,0,0,0,19-DEC-2017,
OPTSTK,CESC,22-Feb-2018,860,CE,0,0,0,167.55,158.5,0,0,0,0,19-DEC-2017,
OPTSTK,CESC,22-Feb-2018,880,CE,0,0,0,149.1,139.55,0,0,0,0,19-DEC-2017,
OPTSTK,CESC,22-Feb-2018,900,CE,0,0,0,131.3,121.15,0,0,0,0,19-DEC-2017,
OPTSTK,CESC,22-Feb-2018,920,CE,0,0,0,114.25,103.55,0,0,0,0,19-DEC-2017,
OPTSTK,CESC,22-Feb-2018,940,CE,0,0,0,98.2,86.95,0,0,0,0,19-DEC-2017,
OPTSTK,CESC,22-Feb-2018,960,CE,0,0,0,83.3,71.7,0,0,0,0,19-DEC-2017,
OPTSTK,CESC,22-Feb-2018,980,CE,0,0,0,69.65,57.85,0,0,0,0,19-DEC-2017,
OPTSTK,CESC,22-Feb-2018,1000,CE,0,0,0,57.45,45.75,0,0,0,0,19-DEC-2017,
OPTSTK,CESC,22-Feb-2018,1020,CE,0,0,0,46.7,35.4,0,0,0,0,19-DEC-2017,
OPTSTK,CESC,22-Feb-2018,1040,CE,0,0,0,37.4,26.75,0,0,0,0,19-DEC-2017,
OPTSTK,CESC,22-Feb-2018,1060,CE,0,0,0,29.5,19.8,0,0,0,0,19-DEC-2017,
OPTSTK,CESC,22-Feb-2018,1080,CE,0,0,0,22.9,14.35,0,0,0,0,19-DEC-2017,
OPTSTK,CESC,22-Feb-2018,1100,CE,0,0,0,17.6,10.1,0,0,0,0,19-DEC-2017,
OPTSTK,CESC,22-Feb-2018,1120,CE,0,0,0,13.25,7,0,0,0,0,19-DEC-2017,
OPTSTK,CESC,22-Feb-2018,1140,CE,0,0,0,9.85,4.7,0,0,0,0,19-DEC-2017,
OPTSTK,CESC,22-Feb-2018,1160,CE,0,0,0,7.25,3.1,0,0,0,0,19-DEC-2017,
OPTSTK,CESC,22-Feb-2018,1180,CE,0,0,0,5.25,2,0,0,0,0,19-DEC-2017,
OPTSTK,CESC,22-Feb-2018,1200,CE,0,0,0,3.75,1.3,0,0,0,0,19-DEC-2017,
OPTSTK,CESC,22-Feb-2018,1220,CE,0,0,0,2.65,0.8,0,0,0,0,19-DEC-2017,
OPTSTK,CESC,22-Feb-2018,1240,CE,0,0,0,1.85,0.5,0,0,0,0,19-DEC-2017,
OPTSTK,CESC,22-Feb-2018,1260,CE,0,0,0,1.25,0.3,0,0,0,0,19-DEC-2017,
OPTSTK,CESC,22-Feb-2018,660,PE,0,0,0,0.05,0,0,0,0,0,19-DEC-2017,
OPTSTK,CESC,22-Feb-2018,680,PE,0,0,0,0.05,0,0,0,0,0,19-DEC-2017,
OPTSTK,CESC,22-Feb-2018,700,PE,0,0,0,0.05,0,0,0,0,0,19-DEC-2017,
OPTSTK,CESC,22-Feb-2018,720,PE,0,0,0,0.05,0,0,0,0,0,19-DEC-2017,
OPTSTK,CESC,22-Feb-2018,740,PE,0,0,0,0.05,0,0,0,0,0,19-DEC-2017,
OPTSTK,CESC,22-Feb-2018,760,PE,0,0,0,0.1,0.05,0,0,0,0,19-DEC-2017,
OPTSTK,CESC,22-Feb-2018,780,PE,0,0,0,0.15,0.05,0,0,0,0,19-DEC-2017,
OPTSTK,CESC,22-Feb-2018,800,PE,0,0,0,0.3,0.1,0,0,0,0,19-DEC-2017,
OPTSTK,CESC,22-Feb-2018,820,PE,0,0,0,0.6,0.2,0,0,0,0,19-DEC-2017,
OPTSTK,CESC,22-Feb-2018,840,PE,0,0,0,1.05,0.45,0,0,0,0,19-DEC-2017,
OPTSTK,CESC,22-Feb-2018,860,PE,0,0,0,1.85,0.9,0,0,0,0,19-DEC-2017,
OPTSTK,CESC,22-Feb-2018,880,PE,0,0,0,3.15,1.7,0,0,0,0,19-DEC-2017,
OPTSTK,CESC,22-Feb-2018,900,PE,0,0,0,5,3.1,0,0,0,0,19-DEC-2017,
OPTSTK,CESC,22-Feb-2018,920,PE,0,0,0,7.7,5.25,0,0,0,0,19-DEC-2017,
OPTSTK,CESC,22-Feb-2018,940,PE,0,0,0,11.35,8.45,0,0,0,0,19-DEC-2017,
OPTSTK,CESC,22-Feb-2018,960,PE,0,0,0,16.2,12.95,0,0,0,0,19-DEC-2017,
OPTSTK,CESC,22-Feb-2018,980,PE,0,0,0,22.25,18.9,0,0,0,0,19-DEC-2017,
OPTSTK,CESC,22-Feb-2018,1000,PE,0,0,0,29.75,26.55,0,0,0,0,19-DEC-2017,
OPTSTK,CESC,22-Feb-2018,1020,PE,0,0,0,38.7,35.95,0,0,0,0,19-DEC-2017,
OPTSTK,CESC,22-Feb-2018,1040,PE,0,0,0,49.1,47.1,0,0,0,0,19-DEC-2017,
OPTSTK,CESC,22-Feb-2018,1060,PE,0,0,0,60.9,59.9,0,0,0,0,19-DEC-2017,
OPTSTK,CESC,22-Feb-2018,1080,PE,0,0,0,74,74.2,0,0,0,0,19-DEC-2017,
OPTSTK,CESC,22-Feb-2018,1100,PE,0,0,0,88.4,89.75,0,0,0,0,19-DEC-2017,
OPTSTK,CESC,22-Feb-2018,1120,PE,0,0,0,103.8,106.4,0,0,0,0,19-DEC-2017,
OPTSTK,CESC,22-Feb-2018,1140,PE,0,0,0,120.1,123.9,0,0,0,0,19-DEC-2017,
OPTSTK,CESC,22-Feb-2018,1160,PE,0,0,0,137.15,142.1,0,0,0,0,19-DEC-2017,
OPTSTK,CESC,22-Feb-2018,1180,PE,0,0,0,154.9,160.75,0,0,0,0,19-DEC-2017,
OPTSTK,CESC,22-Feb-2018,1200,PE,0,0,0,173.1,179.8,0,0,0,0,19-DEC-2017,
OPTSTK,CESC,22-Feb-2018,1220,PE,0,0,0,191.7,199.1,0,0,0,0,19-DEC-2017,
OPTSTK,CESC,22-Feb-2018,1240,PE,0,0,0,210.6,218.55,0,0,0,0,19-DEC-2017,
OPTSTK,CESC,22-Feb-2018,1260,PE,0,0,0,229.75,238.15,0,0,0,0,19-DEC-2017,
OPTSTK,CGPOWER,28-Dec-2017,55,CE,0,0,0,22.75,32.2,0,0,0,0,19-DEC-2017,
OPTSTK,CGPOWER,28-Dec-2017,57.5,CE,0,0,0,20.4,29.7,0,0,0,0,19-DEC-2017,
OPTSTK,CGPOWER,28-Dec-2017,60,CE,0,0,0,18.15,27.2,0,0,0,0,19-DEC-2017,
OPTSTK,CGPOWER,28-Dec-2017,62.5,CE,0,0,0,16,24.7,0,0,0,0,19-DEC-2017,
OPTSTK,CGPOWER,28-Dec-2017,65,CE,0,0,0,13.95,22.2,0,0,0,0,19-DEC-2017,
OPTSTK,CGPOWER,28-Dec-2017,67.5,CE,0,0,0,12.05,19.7,0,0,0,0,19-DEC-2017,
OPTSTK,CGPOWER,28-Dec-2017,70,CE,0,0,0,10.3,17.25,0,0,0,0,19-DEC-2017,
OPTSTK,CGPOWER,28-Dec-2017,72.5,CE,0,0,0,8.75,14.75,0,0,0,0,19-DEC-2017,
OPTSTK,CGPOWER,28-Dec-2017,75,CE,0,0,0,11.3,12.25,0,0,0,0,19-DEC-2017,
OPTSTK,CGPOWER,28-Dec-2017,77.5,CE,0,0,0,6.05,9.75,0,0,0,0,19-DEC-2017,
OPTSTK,CGPOWER,28-Dec-2017,80,CE,0,0,0,5,7.3,0,0,0,0,19-DEC-2017,
OPTSTK,CGPOWER,28-Dec-2017,82.5,CE,5.6,5.6,5.6,5.6,5.6,2,21.14,12000,-24000,19-DEC-2017,
OPTSTK,CGPOWER,28-Dec-2017,85,CE,3.3,3.8,3.05,3.8,3.8,7,74.15,744000,24000,19-DEC-2017,
OPTSTK,CGPOWER,28-Dec-2017,87.5,CE,2.1,2.35,1.85,2.25,2.25,19,204.13,228000,-72000,19-DEC-2017,
OPTSTK,CGPOWER,28-Dec-2017,90,CE,1.2,1.5,1,1.35,1.35,48,525.59,1380000,60000,19-DEC-2017,
OPTSTK,CGPOWER,28-Dec-2017,92.5,CE,0.7,0.8,0.55,0.75,0.75,23,257.14,300000,24000,19-DEC-2017,
OPTSTK,CGPOWER,28-Dec-2017,95,CE,0.3,0.45,0.25,0.4,0.4,31,354.67,720000,60000,19-DEC-2017,
OPTSTK,CGPOWER,28-Dec-2017,97.5,CE,0,0,0,0.25,0.05,0,0,48000,0,19-DEC-2017,
OPTSTK,CGPOWER,28-Dec-2017,100,CE,0.2,0.2,0.15,0.2,0.2,5,60.1,672000,12000,19-DEC-2017,
OPTSTK,CGPOWER,28-Dec-2017,102.5,CE,0,0,0,0.15,0,0,0,108000,0,19-DEC-2017,
OPTSTK,CGPOWER,28-Dec-2017,105,CE,0.05,0.05,0.05,0.05,0.05,1,12.6,108000,-12000,19-DEC-2017,
OPTSTK,CGPOWER,28-Dec-2017,107.5,CE,0,0,0,0.2,0,0,0,24000,0,19-DEC-2017,
OPTSTK,CGPOWER,28-Dec-2017,110,CE,0,0,0,0.05,0,0,0,84000,0,19-DEC-2017,
OPTSTK,CGPOWER,28-Dec-2017,55,PE,0,0,0,0.2,0,0,0,0,0,19-DEC-2017,
OPTSTK,CGPOWER,28-Dec-2017,57.5,PE,0,0,0,0.3,0,0,0,0,0,19-DEC-2017,
OPTSTK,CGPOWER,28-Dec-2017,60,PE,0,0,0,0.55,0,0,0,0,0,19-DEC-2017,
OPTSTK,CGPOWER,28-Dec-2017,62.5,PE,0,0,0,0.85,0,0,0,0,0,19-DEC-2017,
OPTSTK,CGPOWER,28-Dec-2017,65,PE,0,0,0,1.25,0,0,0,0,0,19-DEC-2017,
OPTSTK,CGPOWER,28-Dec-2017,67.5,PE,0,0,0,1.8,0,0,0,0,0,19-DEC-2017,
OPTSTK,CGPOWER,28-Dec-2017,70,PE,0,0,0,0.1,0,0,0,108000,0,19-DEC-2017,
OPTSTK,CGPOWER,28-Dec-2017,72.5,PE,0,0,0,0.35,0,0,0,96000,0,19-DEC-2017,
OPTSTK,CGPOWER,28-Dec-2017,75,PE,0.1,0.1,0.1,0.1,0.1,1,9.01,156000,-12000,19-DEC-2017,
OPTSTK,CGPOWER,28-Dec-2017,77.5,PE,2,2,2,2,2,36,343.44,516000,432000,19-DEC-2017,
OPTSTK,CGPOWER,28-Dec-2017,80,PE,0.3,0.4,0.3,0.3,0.3,17,163.92,636000,-96000,19-DEC-2017,
OPTSTK,CGPOWER,28-Dec-2017,82.5,PE,0.7,0.7,0.55,0.6,0.6,7,69.85,168000,48000,19-DEC-2017,
OPTSTK,CGPOWER,28-Dec-2017,85,PE,1.7,1.7,1.55,1.7,1.7,3,31.19,372000,24000,19-DEC-2017,
OPTSTK,CGPOWER,28-Dec-2017,87.5,PE,0,0,0,3.35,1.9,0,0,132000,0,19-DEC-2017,
OPTSTK,CGPOWER,28-Dec-2017,90,PE,3.9,3.9,3.9,3.9,3.9,1,11.26,132000,0,19-DEC-2017,
OPTSTK,CGPOWER,28-Dec-2017,92.5,PE,0,0,0,16,5.55,0,0,0,0,19-DEC-2017,
OPTSTK,CGPOWER,28-Dec-2017,95,PE,0,0,0,12.5,7.85,0,0,24000,0,19-DEC-2017,
OPTSTK,CGPOWER,28-Dec-2017,97.5,PE,0,0,0,20.3,10.3,0,0,0,0,19-DEC-2017,
OPTSTK,CGPOWER,28-Dec-2017,100,PE,0,0,0,13.6,12.75,0,0,12000,0,19-DEC-2017,
OPTSTK,CGPOWER,28-Dec-2017,102.5,PE,0,0,0,24.8,15.25,0,0,0,0,19-DEC-2017,
OPTSTK,CGPOWER,28-Dec-2017,105,PE,0,0,0,27.1,17.75,0,0,0,0,19-DEC-2017,
OPTSTK,CGPOWER,28-Dec-2017,107.5,PE,0,0,0,29.5,20.25,0,0,0,0,19-DEC-2017,
OPTSTK,CGPOWER,28-Dec-2017,110,PE,0,0,0,31.85,22.75,0,0,0,0,19-DEC-2017,
OPTSTK,CGPOWER,25-Jan-2018,55,CE,0,0,0,28.05,32.5,0,0,0,0,19-DEC-2017,
OPTSTK,CGPOWER,25-Jan-2018,57.5,CE,0,0,0,25.6,30,0,0,0,0,19-DEC-2017,
OPTSTK,CGPOWER,25-Jan-2018,60,CE,0,0,0,23.2,27.5,0,0,0,0,19-DEC-2017,
OPTSTK,CGPOWER,25-Jan-2018,62.5,CE,0,0,0,20.8,25.05,0,0,0,0,19-DEC-2017,
OPTSTK,CGPOWER,25-Jan-2018,65,CE,0,0,0,18.5,22.55,0,0,0,0,19-DEC-2017,
OPTSTK,CGPOWER,25-Jan-2018,67.5,CE,0,0,0,16.25,20.05,0,0,0,0,19-DEC-2017,
OPTSTK,CGPOWER,25-Jan-2018,70,CE,0,0,0,14.1,17.6,0,0,0,0,19-DEC-2017,
OPTSTK,CGPOWER,25-Jan-2018,72.5,CE,0,0,0,12.1,15.2,0,0,0,0,19-DEC-2017,
OPTSTK,CGPOWER,25-Jan-2018,75,CE,0,0,0,10.2,12.85,0,0,0,0,19-DEC-2017,
OPTSTK,CGPOWER,25-Jan-2018,77.5,CE,0,0,0,8.55,10.6,0,0,0,0,19-DEC-2017,
OPTSTK,CGPOWER,25-Jan-2018,80,CE,0,0,0,7,8.5,0,0,0,0,19-DEC-2017,
OPTSTK,CGPOWER,25-Jan-2018,82.5,CE,0,0,0,5.7,6.6,0,0,0,0,19-DEC-2017,
OPTSTK,CGPOWER,25-Jan-2018,85,CE,0,0,0,6.25,5,0,0,12000,0,19-DEC-2017,
OPTSTK,CGPOWER,25-Jan-2018,87.5,CE,0,0,0,3.6,3.65,0,0,0,0,19-DEC-2017,
OPTSTK,CGPOWER,25-Jan-2018,90,CE,0,0,0,2.85,2.55,0,0,0,0,19-DEC-2017,
OPTSTK,CGPOWER,25-Jan-2018,92.5,CE,0,0,0,2.2,1.75,0,0,0,0,19-DEC-2017,
OPTSTK,CGPOWER,25-Jan-2018,95,CE,0,0,0,1.65,1.15,0,0,0,0,19-DEC-2017,
OPTSTK,CGPOWER,25-Jan-2018,97.5,CE,0,0,0,1.25,0.75,0,0,0,0,19-DEC-2017,
OPTSTK,CGPOWER,25-Jan-2018,100,CE,1.2,1.2,1.2,1.2,1.2,1,12.14,12000,12000,19-DEC-2017,
OPTSTK,CGPOWER,25-Jan-2018,102.5,CE,0,0,0,0.7,0.3,0,0,0,0,19-DEC-2017,
OPTSTK,CGPOWER,25-Jan-2018,105,CE,0,0,0,0.5,0.15,0,0,0,0,19-DEC-2017,
OPTSTK,CGPOWER,25-Jan-2018,107.5,CE,0,0,0,0.4,0.1,0,0,0,0,19-DEC-2017,
OPTSTK,CGPOWER,25-Jan-2018,110,CE,0,0,0,0.3,0.05,0,0,0,0,19-DEC-2017,
OPTSTK,CGPOWER,25-Jan-2018,55,PE,0,0,0,0.05,0,0,0,0,0,19-DEC-2017,
OPTSTK,CGPOWER,25-Jan-2018,57.5,PE,0,0,0,0.05,0,0,0,0,0,19-DEC-2017,
OPTSTK,CGPOWER,25-Jan-2018,60,PE,0,0,0,0.1,0,0,0,0,0,19-DEC-2017,
OPTSTK,CGPOWER,25-Jan-2018,62.5,PE,0,0,0,0.2,0,0,0,0,0,19-DEC-2017,
OPTSTK,CGPOWER,25-Jan-2018,65,PE,0,0,0,0.3,0,0,0,0,0,19-DEC-2017,
OPTSTK,CGPOWER,25-Jan-2018,67.5,PE,0,0,0,0.55,0.05,0,0,0,0,19-DEC-2017,
OPTSTK,CGPOWER,25-Jan-2018,70,PE,0,0,0,0.85,0.05,0,0,0,0,19-DEC-2017,
OPTSTK,CGPOWER,25-Jan-2018,72.5,PE,0,0,0,1.3,0.1,0,0,0,0,19-DEC-2017,
OPTSTK,CGPOWER,25-Jan-2018,75,PE,0,0,0,1.9,0.25,0,0,0,0,19-DEC-2017,
OPTSTK,CGPOWER,25-Jan-2018,77.5,PE,0,0,0,2.65,0.45,0,0,0,0,19-DEC-2017,
OPTSTK,CGPOWER,25-Jan-2018,80,PE,0,0,0,3.6,0.85,0,0,0,0,19-DEC-2017,
OPTSTK,CGPOWER,25-Jan-2018,82.5,PE,0,0,0,4.75,1.45,0,0,0,0,19-DEC-2017,
OPTSTK,CGPOWER,25-Jan-2018,85,PE,0,0,0,6.1,2.35,0,0,0,0,19-DEC-2017,
OPTSTK,CGPOWER,25-Jan-2018,87.5,PE,0,0,0,7.6,3.45,0,0,0,0,19-DEC-2017,
OPTSTK,CGPOWER,25-Jan-2018,90,PE,0,0,0,9.25,4.85,0,0,0,0,19-DEC-2017,
OPTSTK,CGPOWER,25-Jan-2018,92.5,PE,0,0,0,11.1,6.55,0,0,0,0,19-DEC-2017,
OPTSTK,CGPOWER,25-Jan-2018,95,PE,0,0,0,12.25,8.45,0,0,12000,0,19-DEC-2017,
OPTSTK,CGPOWER,25-Jan-2018,97.5,PE,0,0,0,15.1,10.5,0,0,0,0,19-DEC-2017,
OPTSTK,CGPOWER,25-Jan-2018,100,PE,0,0,0,17.25,12.7,0,0,0,0,19-DEC-2017,
OPTSTK,CGPOWER,25-Jan-2018,102.5,PE,0,0,0,19.45,15,0,0,0,0,19-DEC-2017,
OPTSTK,CGPOWER,25-Jan-2018,105,PE,0,0,0,21.7,17.4,0,0,0,0,19-DEC-2017,
OPTSTK,CGPOWER,25-Jan-2018,107.5,PE,0,0,0,24.05,19.8,0,0,0,0,19-DEC-2017,
OPTSTK,CGPOWER,25-Jan-2018,110,PE,0,0,0,26.4,22.25,0,0,0,0,19-DEC-2017,
OPTSTK,CGPOWER,22-Feb-2018,55,CE,0,0,0,32.4,32.75,0,0,0,0,19-DEC-2017,
OPTSTK,CGPOWER,22-Feb-2018,57.5,CE,0,0,0,29.95,30.3,0,0,0,0,19-DEC-2017,
OPTSTK,CGPOWER,22-Feb-2018,60,CE,0,0,0,27.5,27.8,0,0,0,0,19-DEC-2017,
OPTSTK,CGPOWER,22-Feb-2018,62.5,CE,0,0,0,25.1,25.35,0,0,0,0,19-DEC-2017,
OPTSTK,CGPOWER,22-Feb-2018,65,CE,0,0,0,22.7,22.9,0,0,0,0,19-DEC-2017,
OPTSTK,CGPOWER,22-Feb-2018,67.5,CE,0,0,0,20.35,20.5,0,0,0,0,19-DEC-2017,
OPTSTK,CGPOWER,22-Feb-2018,70,CE,0,0,0,18.1,18.1,0,0,0,0,19-DEC-2017,
OPTSTK,CGPOWER,22-Feb-2018,72.5,CE,0,0,0,15.95,15.8,0,0,0,0,19-DEC-2017,
OPTSTK,CGPOWER,22-Feb-2018,75,CE,0,0,0,13.9,13.6,0,0,0,0,19-DEC-2017,
OPTSTK,CGPOWER,22-Feb-2018,77.5,CE,0,0,0,12,11.5,0,0,0,0,19-DEC-2017,
OPTSTK,CGPOWER,22-Feb-2018,80,CE,0,0,0,10.25,9.6,0,0,0,0,19-DEC-2017,
OPTSTK,CGPOWER,22-Feb-2018,82.5,CE,0,0,0,8.65,7.85,0,0,0,0,19-DEC-2017,
OPTSTK,CGPOWER,22-Feb-2018,85,CE,0,0,0,7.2,6.3,0,0,0,0,19-DEC-2017,
OPTSTK,CGPOWER,22-Feb-2018,87.5,CE,0,0,0,5.95,5,0,0,0,0,19-DEC-2017,
OPTSTK,CGPOWER,22-Feb-2018,90,CE,0,0,0,4.85,3.85,0,0,0,0,19-DEC-2017,
OPTSTK,CGPOWER,22-Feb-2018,92.5,CE,0,0,0,3.95,2.95,0,0,0,0,19-DEC-2017,
OPTSTK,CGPOWER,22-Feb-2018,95,CE,0,0,0,3.15,2.2,0,0,0,0,19-DEC-2017,
OPTSTK,CGPOWER,22-Feb-2018,97.5,CE,0,0,0,2.5,1.65,0,0,0,0,19-DEC-2017,
OPTSTK,CGPOWER,22-Feb-2018,100,CE,0,0,0,1.95,1.2,0,0,0,0,19-DEC-2017,
OPTSTK,CGPOWER,22-Feb-2018,102.5,CE,0,0,0,1.55,0.85,0,0,0,0,19-DEC-2017,
OPTSTK,CGPOWER,22-Feb-2018,105,CE,0,0,0,1.2,0.6,0,0,0,0,19-DEC-2017,
OPTSTK,CGPOWER,22-Feb-2018,107.5,CE,0,0,0,0.9,0.4,0,0,0,0,19-DEC-2017,
OPTSTK,CGPOWER,22-Feb-2018,110,CE,0,0,0,0.7,0.3,0,0,0,0,19-DEC-2017,
OPTSTK,CGPOWER,22-Feb-2018,55,PE,0,0,0,0.05,0,0,0,0,0,19-DEC-2017,
OPTSTK,CGPOWER,22-Feb-2018,57.5,PE,0,0,0,0.05,0,0,0,0,0,19-DEC-2017,
OPTSTK,CGPOWER,22-Feb-2018,60,PE,0,0,0,0.05,0.05,0,0,0,0,19-DEC-2017,
OPTSTK,CGPOWER,22-Feb-2018,62.5,PE,0,0,0,0.1,0.05,0,0,0,0,19-DEC-2017,
OPTSTK,CGPOWER,22-Feb-2018,65,PE,0,0,0,0.2,0.05,0,0,0,0,19-DEC-2017,
OPTSTK,CGPOWER,22-Feb-2018,67.5,PE,0,0,0,0.35,0.1,0,0,0,0,19-DEC-2017,
OPTSTK,CGPOWER,22-Feb-2018,70,PE,0,0,0,0.55,0.2,0,0,0,0,19-DEC-2017,
OPTSTK,CGPOWER,22-Feb-2018,72.5,PE,0,0,0,0.85,0.35,0,0,0,0,19-DEC-2017,
OPTSTK,CGPOWER,22-Feb-2018,75,PE,0,0,0,1.25,0.65,0,0,0,0,19-DEC-2017,
OPTSTK,CGPOWER,22-Feb-2018,77.5,PE,0,0,0,1.85,1,0,0,0,0,19-DEC-2017,
OPTSTK,CGPOWER,22-Feb-2018,80,PE,0,0,0,2.5,1.55,0,0,0,0,19-DEC-2017,
OPTSTK,CGPOWER,22-Feb-2018,82.5,PE,0,0,0,3.4,2.3,0,0,0,0,19-DEC-2017,
OPTSTK,CGPOWER,22-Feb-2018,85,PE,0,0,0,4.45,3.25,0,0,0,0,19-DEC-2017,
OPTSTK,CGPOWER,22-Feb-2018,87.5,PE,0,0,0,5.65,4.4,0,0,0,0,19-DEC-2017,
OPTSTK,CGPOWER,22-Feb-2018,90,PE,0,0,0,7,5.75,0,0,0,0,19-DEC-2017,
OPTSTK,CGPOWER,22-Feb-2018,92.5,PE,0,0,0,8.55,7.3,0,0,0,0,19-DEC-2017,
OPTSTK,CGPOWER,22-Feb-2018,95,PE,0,0,0,10.2,9,0,0,0,0,19-DEC-2017,
OPTSTK,CGPOWER,22-Feb-2018,97.5,PE,0,0,0,12.05,10.9,0,0,0,0,19-DEC-2017,
OPTSTK,CGPOWER,22-Feb-2018,100,PE,0,0,0,13.95,12.95,0,0,0,0,19-DEC-2017,
OPTSTK,CGPOWER,22-Feb-2018,102.5,PE,0,0,0,16,15.1,0,0,0,0,19-DEC-2017,
OPTSTK,CGPOWER,22-Feb-2018,105,PE,0,0,0,18.1,17.3,0,0,0,0,19-DEC-2017,
OPTSTK,CGPOWER,22-Feb-2018,107.5,PE,0,0,0,20.3,19.6,0,0,0,0,19-DEC-2017,
OPTSTK,CGPOWER,22-Feb-2018,110,PE,0,0,0,22.55,21.95,0,0,0,0,19-DEC-2017,
OPTSTK,CHENNPETRO,28-Dec-2017,300,CE,0,0,0,99.6,120.75,0,0,0,0,19-DEC-2017,
OPTSTK,CHENNPETRO,28-Dec-2017,320,CE,0,0,0,83.05,100.75,0,0,0,0,19-DEC-2017,
OPTSTK,CHENNPETRO,28-Dec-2017,340,CE,0,0,0,68.05,80.8,0,0,0,0,19-DEC-2017,
OPTSTK,CHENNPETRO,28-Dec-2017,360,CE,0,0,0,54.75,60.85,0,0,0,0,19-DEC-2017,
OPTSTK,CHENNPETRO,28-Dec-2017,380,CE,0,0,0,43.3,40.9,0,0,0,0,19-DEC-2017,
OPTSTK,CHENNPETRO,28-Dec-2017,400,CE,24.75,24.75,24.75,24.75,24.75,1,6.37,12000,0,19-DEC-2017,
OPTSTK,CHENNPETRO,28-Dec-2017,420,CE,9.3,14.7,9,10.2,10.2,62,402.39,75000,25500,19-DEC-2017,
OPTSTK,CHENNPETRO,28-Dec-2017,440,CE,3.5,5.25,3.15,3.6,3.6,22,146.55,57000,10500,19-DEC-2017,
OPTSTK,CHENNPETRO,28-Dec-2017,460,CE,1.2,1.5,0.7,0.7,0.7,5,34.58,43500,0,19-DEC-2017,
OPTSTK,CHENNPETRO,28-Dec-2017,480,CE,0,0,0,0.3,0.05,0,0,7500,0,19-DEC-2017,
OPTSTK,CHENNPETRO,28-Dec-2017,500,CE,0,0,0,7.75,0,0,0,0,0,19-DEC-2017,
OPTSTK,CHENNPETRO,28-Dec-2017,520,CE,0,0,0,1,0,0,0,1500,0,19-DEC-2017,
OPTSTK,CHENNPETRO,28-Dec-2017,540,CE,0,0,0,4,0,0,0,0,0,19-DEC-2017,
OPTSTK,CHENNPETRO,28-Dec-2017,560,CE,0,0,0,2.85,0,0,0,0,0,19-DEC-2017,
OPTSTK,CHENNPETRO,28-Dec-2017,580,CE,0,0,0,2,0,0,0,0,0,19-DEC-2017,
OPTSTK,CHENNPETRO,28-Dec-2017,300,PE,0,0,0,0.15,0,0,0,1500,0,19-DEC-2017,
OPTSTK,CHENNPETRO,28-Dec-2017,320,PE,0,0,0,7,0,0,0,0,0,19-DEC-2017,
OPTSTK,CHENNPETRO,28-Dec-2017,340,PE,0,0,0,11.65,0,0,0,0,0,19-DEC-2017,
OPTSTK,CHENNPETRO,28-Dec-2017,360,PE,0,0,0,18.05,0,0,0,0,0,19-DEC-2017,
OPTSTK,CHENNPETRO,28-Dec-2017,380,PE,1.5,1.5,1.5,1.5,1.5,1,5.72,3000,1500,19-DEC-2017,
OPTSTK,CHENNPETRO,28-Dec-2017,400,PE,0,0,0,5,1.05,0,0,9000,0,19-DEC-2017,
OPTSTK,CHENNPETRO,28-Dec-2017,420,PE,7.3,8.5,6.6,8.1,8.1,8,51.32,25500,6000,19-DEC-2017,
OPTSTK,CHENNPETRO,28-Dec-2017,440,PE,0,0,0,61.5,20.55,0,0,0,0,19-DEC-2017,
OPTSTK,CHENNPETRO,28-Dec-2017,460,PE,0,0,0,36,39.2,0,0,3000,0,19-DEC-2017,
OPTSTK,CHENNPETRO,28-Dec-2017,480,PE,0,0,0,70,59.05,0,0,1500,0,19-DEC-2017,
OPTSTK,CHENNPETRO,28-Dec-2017,500,PE,0,0,0,108.9,79,0,0,0,0,19-DEC-2017,
OPTSTK,CHENNPETRO,28-Dec-2017,520,PE,0,0,0,126.4,98.95,0,0,0,0,19-DEC-2017,
OPTSTK,CHENNPETRO,28-Dec-2017,540,PE,0,0,0,144.5,118.95,0,0,0,0,19-DEC-2017,
OPTSTK,CHENNPETRO,28-Dec-2017,560,PE,0,0,0,163,138.9,0,0,0,0,19-DEC-2017,
OPTSTK,CHENNPETRO,28-Dec-2017,580,PE,0,0,0,181.85,158.85,0,0,0,0,19-DEC-2017,
OPTSTK,CHENNPETRO,25-Jan-2018,300,CE,0,0,0,147,122.2,0,0,0,0,19-DEC-2017,
OPTSTK,CHENNPETRO,25-Jan-2018,320,CE,0,0,0,127.85,102.35,0,0,0,0,19-DEC-2017,
OPTSTK,CHENNPETRO,25-Jan-2018,340,CE,0,0,0,109.2,82.55,0,0,0,0,19-DEC-2017,
OPTSTK,CHENNPETRO,25-Jan-2018,360,CE,0,0,0,91.5,63.05,0,0,0,0,19-DEC-2017,
OPTSTK,CHENNPETRO,25-Jan-2018,380,CE,0,0,0,75.05,44.6,0,0,0,0,19-DEC-2017,
OPTSTK,CHENNPETRO,25-Jan-2018,400,CE,0,0,0,60.2,28.6,0,0,0,0,19-DEC-2017,
OPTSTK,CHENNPETRO,25-Jan-2018,420,CE,0,0,0,47.15,16.2,0,0,0,0,19-DEC-2017,
OPTSTK,CHENNPETRO,25-Jan-2018,440,CE,0,0,0,36.15,8.05,0,0,0,0,19-DEC-2017,
OPTSTK,CHENNPETRO,25-Jan-2018,460,CE,0,0,0,27.1,3.5,0,0,0,0,19-DEC-2017,
OPTSTK,CHENNPETRO,25-Jan-2018,480,CE,0,0,0,19.9,1.35,0,0,0,0,19-DEC-2017,
OPTSTK,CHENNPETRO,25-Jan-2018,500,CE,0,0,0,14.35,0.45,0,0,0,0,19-DEC-2017,
OPTSTK,CHENNPETRO,25-Jan-2018,520,CE,0,0,0,10.1,0.15,0,0,0,0,19-DEC-2017,
OPTSTK,CHENNPETRO,25-Jan-2018,540,CE,0,0,0,7,0.05,0,0,0,0,19-DEC-2017,
OPTSTK,CHENNPETRO,25-Jan-2018,560,CE,0,0,0,4.8,0.05,0,0,0,0,19-DEC-2017,
OPTSTK,CHENNPETRO,25-Jan-2018,580,CE,0,0,0,3.25,0,0,0,0,0,19-DEC-2017,
OPTSTK,CHENNPETRO,25-Jan-2018,300,PE,0,0,0,0.3,0,0,0,0,0,19-DEC-2017,
OPTSTK,CHENNPETRO,25-Jan-2018,320,PE,0,0,0,0.8,0.05,0,0,0,0,19-DEC-2017,
OPTSTK,CHENNPETRO,25-Jan-2018,340,PE,0,0,0,1.9,0.1,0,0,0,0,19-DEC-2017,
OPTSTK,CHENNPETRO,25-Jan-2018,360,PE,0,0,0,3.85,0.45,0,0,0,0,19-DEC-2017,
OPTSTK,CHENNPETRO,25-Jan-2018,380,PE,0,0,0,7.05,1.9,0,0,0,0,19-DEC-2017,
OPTSTK,CHENNPETRO,25-Jan-2018,400,PE,0,0,0,11.9,5.75,0,0,0,0,19-DEC-2017,
OPTSTK,CHENNPETRO,25-Jan-2018,420,PE,0,0,0,18.6,13.25,0,0,0,0,19-DEC-2017,
OPTSTK,CHENNPETRO,25-Jan-2018,440,PE,0,0,0,27.25,24.95,0,0,0,0,19-DEC-2017,
OPTSTK,CHENNPETRO,25-Jan-2018,460,PE,0,0,0,37.9,40.25,0,0,0,0,19-DEC-2017,
OPTSTK,CHENNPETRO,25-Jan-2018,480,PE,0,0,0,50.35,57.95,0,0,0,0,19-DEC-2017,
OPTSTK,CHENNPETRO,25-Jan-2018,500,PE,0,0,0,64.5,76.95,0,0,0,0,19-DEC-2017,
OPTSTK,CHENNPETRO,25-Jan-2018,520,PE,0,0,0,79.95,96.5,0,0,0,0,19-DEC-2017,
OPTSTK,CHENNPETRO,25-Jan-2018,540,PE,0,0,0,96.55,116.3,0,0,0,0,19-DEC-2017,
OPTSTK,CHENNPETRO,25-Jan-2018,560,PE,0,0,0,114,136.15,0,0,0,0,19-DEC-2017,
OPTSTK,CHENNPETRO,25-Jan-2018,580,PE,0,0,0,132.15,156,0,0,0,0,19-DEC-2017,
OPTSTK,CHENNPETRO,22-Feb-2018,300,CE,0,0,0,129.6,123.7,0,0,0,0,19-DEC-2017,
OPTSTK,CHENNPETRO,22-Feb-2018,320,CE,0,0,0,110.3,104,0,0,0,0,19-DEC-2017,
OPTSTK,CHENNPETRO,22-Feb-2018,340,CE,0,0,0,91.6,84.6,0,0,0,0,19-DEC-2017,
OPTSTK,CHENNPETRO,22-Feb-2018,360,CE,0,0,0,73.95,65.95,0,0,0,0,19-DEC-2017,
OPTSTK,CHENNPETRO,22-Feb-2018,380,CE,0,0,0,57.9,48.75,0,0,0,0,19-DEC-2017,
OPTSTK,CHENNPETRO,22-Feb-2018,400,CE,0,0,0,43.8,33.85,0,0,0,0,19-DEC-2017,
OPTSTK,CHENNPETRO,22-Feb-2018,420,CE,0,0,0,32.05,22,0,0,0,0,19-DEC-2017,
OPTSTK,CHENNPETRO,22-Feb-2018,440,CE,0,0,0,22.65,13.35,0,0,0,0,19-DEC-2017,
OPTSTK,CHENNPETRO,22-Feb-2018,460,CE,0,0,0,15.45,7.55,0,0,0,0,19-DEC-2017,
OPTSTK,CHENNPETRO,22-Feb-2018,480,CE,0,0,0,10.25,4,0,0,0,0,19-DEC-2017,
OPTSTK,CHENNPETRO,22-Feb-2018,500,CE,0,0,0,6.6,2,0,0,0,0,19-DEC-2017,
OPTSTK,CHENNPETRO,22-Feb-2018,520,CE,0,0,0,4.1,0.95,0,0,0,0,19-DEC-2017,
OPTSTK,CHENNPETRO,22-Feb-2018,540,CE,0,0,0,2.5,0.4,0,0,0,0,19-DEC-2017,
OPTSTK,CHENNPETRO,22-Feb-2018,560,CE,0,0,0,1.5,0.2,0,0,0,0,19-DEC-2017,
OPTSTK,CHENNPETRO,22-Feb-2018,580,CE,0,0,0,0.85,0.1,0,0,0,0,19-DEC-2017,
OPTSTK,CHENNPETRO,22-Feb-2018,300,PE,0,0,0,0.2,0.05,0,0,0,0,19-DEC-2017,
OPTSTK,CHENNPETRO,22-Feb-2018,320,PE,0,0,0,0.65,0.1,0,0,0,0,19-DEC-2017,
OPTSTK,CHENNPETRO,22-Feb-2018,340,PE,0,0,0,1.65,0.5,0,0,0,0,19-DEC-2017,
OPTSTK,CHENNPETRO,22-Feb-2018,360,PE,0,0,0,3.75,1.55,0,0,0,0,19-DEC-2017,
OPTSTK,CHENNPETRO,22-Feb-2018,380,PE,0,0,0,7.35,4.15,0,0,0,0,19-DEC-2017,
OPTSTK,CHENNPETRO,22-Feb-2018,400,PE,0,0,0,12.95,9.05,0,0,0,0,19-DEC-2017,
OPTSTK,CHENNPETRO,22-Feb-2018,420,PE,0,0,0,20.9,17,0,0,0,0,19-DEC-2017,
OPTSTK,CHENNPETRO,22-Feb-2018,440,PE,0,0,0,31.2,28.1,0,0,0,0,19-DEC-2017,
OPTSTK,CHENNPETRO,22-Feb-2018,460,PE,0,0,0,43.75,42.05,0,0,0,0,19-DEC-2017,
OPTSTK,CHENNPETRO,22-Feb-2018,480,PE,0,0,0,58.25,58.3,0,0,0,0,19-DEC-2017,
OPTSTK,CHENNPETRO,22-Feb-2018,500,PE,0,0,0,74.3,76.05,0,0,0,0,19-DEC-2017,
OPTSTK,CHENNPETRO,22-Feb-2018,520,PE,0,0,0,91.55,94.75,0,0,0,0,19-DEC-2017,
OPTSTK,CHENNPETRO,22-Feb-2018,540,PE,0,0,0,109.65,114,0,0,0,0,19-DEC-2017,
OPTSTK,CHENNPETRO,22-Feb-2018,560,PE,0,0,0,128.35,133.55,0,0,0,0,19-DEC-2017,
OPTSTK,CHENNPETRO,22-Feb-2018,580,PE,0,0,0,147.4,153.2,0,0,0,0,19-DEC-2017,
OPTSTK,CHOLAFIN,28-Dec-2017,800,CE,0,0,0,297.65,488.65,0,0,0,0,19-DEC-2017,
OPTSTK,CHOLAFIN,28-Dec-2017,820,CE,0,0,0,278.5,468.7,0,0,0,0,19-DEC-2017,
OPTSTK,CHOLAFIN,28-Dec-2017,840,CE,0,0,0,259.55,448.75,0,0,0,0,19-DEC-2017,
OPTSTK,CHOLAFIN,28-Dec-2017,860,CE,0,0,0,240.95,428.75,0,0,0,0,19-DEC-2017,
OPTSTK,CHOLAFIN,28-Dec-2017,880,CE,0,0,0,222.7,408.8,0,0,0,0,19-DEC-2017,
OPTSTK,CHOLAFIN,28-Dec-2017,900,CE,0,0,0,204.85,388.8,0,0,0,0,19-DEC-2017,
OPTSTK,CHOLAFIN,28-Dec-2017,920,CE,0,0,0,187.6,368.85,0,0,0,0,19-DEC-2017,
OPTSTK,CHOLAFIN,28-Dec-2017,940,CE,0,0,0,170.9,348.9,0,0,0,0,19-DEC-2017,
OPTSTK,CHOLAFIN,28-Dec-2017,960,CE,0,0,0,154.95,328.9,0,0,0,0,19-DEC-2017,
OPTSTK,CHOLAFIN,28-Dec-2017,980,CE,0,0,0,139.7,308.95,0,0,0,0,19-DEC-2017,
OPTSTK,CHOLAFIN,28-Dec-2017,1000,CE,0,0,0,125.3,288.95,0,0,0,0,19-DEC-2017,
OPTSTK,CHOLAFIN,28-Dec-2017,1020,CE,0,0,0,111.75,269,0,0,0,0,19-DEC-2017,
OPTSTK,CHOLAFIN,28-Dec-2017,1040,CE,0,0,0,99.15,249.05,0,0,0,0,19-DEC-2017,
OPTSTK,CHOLAFIN,28-Dec-2017,1060,CE,0,0,0,87.45,229.05,0,0,0,0,19-DEC-2017,
OPTSTK,CHOLAFIN,28-Dec-2017,1080,CE,0,0,0,76.75,209.1,0,0,0,0,19-DEC-2017,
OPTSTK,CHOLAFIN,28-Dec-2017,1100,CE,0,0,0,67,189.15,0,0,0,0,19-DEC-2017,
OPTSTK,CHOLAFIN,28-Dec-2017,1120,CE,0,0,0,58.15,169.15,0,0,0,0,19-DEC-2017,
OPTSTK,CHOLAFIN,28-Dec-2017,1140,CE,0,0,0,50.2,149.2,0,0,0,0,19-DEC-2017,
OPTSTK,CHOLAFIN,28-Dec-2017,1160,CE,0,0,0,43.1,129.3,0,0,0,0,19-DEC-2017,
OPTSTK,CHOLAFIN,28-Dec-2017,1180,CE,0,0,0,36.8,109.55,0,0,0,0,19-DEC-2017,
OPTSTK,CHOLAFIN,28-Dec-2017,1200,CE,0,0,0,31.3,90.1,0,0,0,0,19-DEC-2017,
OPTSTK,CHOLAFIN,28-Dec-2017,1220,CE,0,0,0,84.95,71.45,0,0,500,0,19-DEC-2017,
OPTSTK,CHOLAFIN,28-Dec-2017,1240,CE,0,0,0,22.3,54.1,0,0,0,0,19-DEC-2017,
OPTSTK,CHOLAFIN,28-Dec-2017,1260,CE,0,0,0,18.7,38.75,0,0,0,0,19-DEC-2017,
OPTSTK,CHOLAFIN,28-Dec-2017,1280,CE,0,0,0,41.35,26.05,0,0,500,0,19-DEC-2017,
OPTSTK,CHOLAFIN,28-Dec-2017,1300,CE,0,0,0,20,16.35,0,0,5000,0,19-DEC-2017,
OPTSTK,CHOLAFIN,28-Dec-2017,1320,CE,0,0,0,15,9.5,0,0,4500,0,19-DEC-2017,
OPTSTK,CHOLAFIN,28-Dec-2017,1340,CE,6,6,6,6,6,10,67.3,5000,5000,19-DEC-2017,
OPTSTK,CHOLAFIN,28-Dec-2017,1360,CE,0,0,0,23.25,2.5,0,0,500,0,19-DEC-2017,
OPTSTK,CHOLAFIN,28-Dec-2017,1380,CE,0,0,0,5.9,1.15,0,0,0,0,19-DEC-2017,
OPTSTK,CHOLAFIN,28-Dec-2017,1400,CE,0,0,0,10,0.5,0,0,500,0,19-DEC-2017,
OPTSTK,CHOLAFIN,28-Dec-2017,1420,CE,0,0,0,3.9,0.2,0,0,0,0,19-DEC-2017,
OPTSTK,CHOLAFIN,28-Dec-2017,1440,CE,0,0,0,3.15,0.1,0,0,0,0,19-DEC-2017,
OPTSTK,CHOLAFIN,28-Dec-2017,1460,CE,0,0,0,2.5,0.05,0,0,0,0,19-DEC-2017,
OPTSTK,CHOLAFIN,28-Dec-2017,1480,CE,0,0,0,2,0.05,0,0,0,0,19-DEC-2017,
OPTSTK,CHOLAFIN,28-Dec-2017,1500,CE,0,0,0,1.35,0,0,0,0,0,19-DEC-2017,
OPTSTK,CHOLAFIN,28-Dec-2017,800,PE,0,0,0,1,0,0,0,0,0,19-DEC-2017,
OPTSTK,CHOLAFIN,28-Dec-2017,820,PE,0,0,0,1.55,0,0,0,0,0,19-DEC-2017,
OPTSTK,CHOLAFIN,28-Dec-2017,840,PE,0,0,0,2.3,0,0,0,0,0,19-DEC-2017,
OPTSTK,CHOLAFIN,28-Dec-2017,860,PE,0,0,0,3.35,0,0,0,0,0,19-DEC-2017,
OPTSTK,CHOLAFIN,28-Dec-2017,880,PE,0,0,0,4.8,0,0,0,0,0,19-DEC-2017,
OPTSTK,CHOLAFIN,28-Dec-2017,900,PE,0,0,0,6.65,0,0,0,0,0,19-DEC-2017,
OPTSTK,CHOLAFIN,28-Dec-2017,920,PE,0,0,0,9.05,0,0,0,0,0,19-DEC-2017,
OPTSTK,CHOLAFIN,28-Dec-2017,940,PE,0,0,0,12.1,0,0,0,0,0,19-DEC-2017,
OPTSTK,CHOLAFIN,28-Dec-2017,960,PE,0,0,0,15.8,0,0,0,0,0,19-DEC-2017,
OPTSTK,CHOLAFIN,28-Dec-2017,980,PE,0,0,0,20.25,0,0,0,0,0,19-DEC-2017,
OPTSTK,CHOLAFIN,28-Dec-2017,1000,PE,0,0,0,25.55,0,0,0,0,0,19-DEC-2017,
OPTSTK,CHOLAFIN,28-Dec-2017,1020,PE,0,0,0,31.7,0,0,0,0,0,19-DEC-2017,
OPTSTK,CHOLAFIN,28-Dec-2017,1040,PE,0,0,0,38.75,0,0,0,0,0,19-DEC-2017,
OPTSTK,CHOLAFIN,28-Dec-2017,1060,PE,0,0,0,46.8,0,0,0,0,0,19-DEC-2017,
OPTSTK,CHOLAFIN,28-Dec-2017,1080,PE,0,0,0,55.75,0,0,0,0,0,19-DEC-2017,
OPTSTK,CHOLAFIN,28-Dec-2017,1100,PE,0,0,0,65.65,0,0,0,0,0,19-DEC-2017,
OPTSTK,CHOLAFIN,28-Dec-2017,1120,PE,0,0,0,76.5,0,0,0,0,0,19-DEC-2017,
OPTSTK,CHOLAFIN,28-Dec-2017,1140,PE,0,0,0,88.25,0.05,0,0,0,0,19-DEC-2017,
OPTSTK,CHOLAFIN,28-Dec-2017,1160,PE,0,0,0,100.85,0.1,0,0,0,0,19-DEC-2017,
OPTSTK,CHOLAFIN,28-Dec-2017,1180,PE,0,0,0,114.25,0.3,0,0,0,0,19-DEC-2017,
OPTSTK,CHOLAFIN,28-Dec-2017,1200,PE,0,0,0,128.4,0.85,0,0,0,0,19-DEC-2017,
OPTSTK,CHOLAFIN,28-Dec-2017,1220,PE,0.2,1,0.2,1,1,2,12.2,500,0,19-DEC-2017,
OPTSTK,CHOLAFIN,28-Dec-2017,1240,PE,0,0,0,158.8,4.75,0,0,0,0,19-DEC-2017,
OPTSTK,CHOLAFIN,28-Dec-2017,1260,PE,0,0,0,174.9,9.4,0,0,0,0,19-DEC-2017,
OPTSTK,CHOLAFIN,28-Dec-2017,1280,PE,0,0,0,25.5,16.7,0,0,500,0,19-DEC-2017,
OPTSTK,CHOLAFIN,28-Dec-2017,1300,PE,0,0,0,30,26.9,0,0,500,0,19-DEC-2017,
OPTSTK,CHOLAFIN,28-Dec-2017,1320,PE,0,0,0,54.1,40,0,0,1500,0,19-DEC-2017,
OPTSTK,CHOLAFIN,28-Dec-2017,1340,PE,0,0,0,243.75,55.6,0,0,0,0,19-DEC-2017,
OPTSTK,CHOLAFIN,28-Dec-2017,1360,PE,0,0,0,65,73,0,0,500,0,19-DEC-2017,
OPTSTK,CHOLAFIN,28-Dec-2017,1380,PE,0,0,0,280.2,91.6,0,0,0,0,19-DEC-2017,
OPTSTK,CHOLAFIN,28-Dec-2017,1400,PE,0,0,0,298.8,110.9,0,0,0,0,19-DEC-2017,
OPTSTK,CHOLAFIN,28-Dec-2017,1420,PE,0,0,0,317.6,130.6,0,0,0,0,19-DEC-2017,
OPTSTK,CHOLAFIN,28-Dec-2017,1440,PE,0,0,0,336.55,150.45,0,0,0,0,19-DEC-2017,
OPTSTK,CHOLAFIN,28-Dec-2017,1460,PE,0,0,0,355.6,170.35,0,0,0,0,19-DEC-2017,
OPTSTK,CHOLAFIN,28-Dec-2017,1480,PE,0,0,0,374.8,190.3,0,0,0,0,19-DEC-2017,
OPTSTK,CHOLAFIN,28-Dec-2017,1500,PE,0,0,0,386.8,210.3,0,0,0,0,19-DEC-2017,
OPTSTK,CHOLAFIN,25-Jan-2018,800,CE,0,0,0,332.4,492.65,0,0,0,0,19-DEC-2017,
OPTSTK,CHOLAFIN,25-Jan-2018,820,CE,0,0,0,314.45,472.75,0,0,0,0,19-DEC-2017,
OPTSTK,CHOLAFIN,25-Jan-2018,840,CE,0,0,0,296.9,452.9,0,0,0,0,19-DEC-2017,
OPTSTK,CHOLAFIN,25-Jan-2018,860,CE,0,0,0,279.75,433,0,0,0,0,19-DEC-2017,
OPTSTK,CHOLAFIN,25-Jan-2018,880,CE,0,0,0,263.05,413.15,0,0,0,0,19-DEC-2017,
OPTSTK,CHOLAFIN,25-Jan-2018,900,CE,0,0,0,246.8,393.3,0,0,0,0,19-DEC-2017,
OPTSTK,CHOLAFIN,25-Jan-2018,920,CE,0,0,0,231.1,373.4,0,0,0,0,19-DEC-2017,
OPTSTK,CHOLAFIN,25-Jan-2018,940,CE,0,0,0,215.9,353.55,0,0,0,0,19-DEC-2017,
OPTSTK,CHOLAFIN,25-Jan-2018,960,CE,0,0,0,201.35,333.65,0,0,0,0,19-DEC-2017,
OPTSTK,CHOLAFIN,25-Jan-2018,980,CE,0,0,0,187.3,313.8,0,0,0,0,19-DEC-2017,
OPTSTK,CHOLAFIN,25-Jan-2018,1000,CE,0,0,0,173.85,293.95,0,0,0,0,19-DEC-2017,
OPTSTK,CHOLAFIN,25-Jan-2018,1020,CE,0,0,0,161.1,274.1,0,0,0,0,19-DEC-2017,
OPTSTK,CHOLAFIN,25-Jan-2018,1040,CE,0,0,0,148.95,254.3,0,0,0,0,19-DEC-2017,
OPTSTK,CHOLAFIN,25-Jan-2018,1060,CE,0,0,0,137.45,234.55,0,0,0,0,19-DEC-2017,
OPTSTK,CHOLAFIN,25-Jan-2018,1080,CE,0,0,0,126.6,214.95,0,0,0,0,19-DEC-2017,
OPTSTK,CHOLAFIN,25-Jan-2018,1100,CE,0,0,0,116.35,195.5,0,0,0,0,19-DEC-2017,
OPTSTK,CHOLAFIN,25-Jan-2018,1120,CE,0,0,0,106.75,176.3,0,0,0,0,19-DEC-2017,
OPTSTK,CHOLAFIN,25-Jan-2018,1140,CE,0,0,0,97.75,157.55,0,0,0,0,19-DEC-2017,
OPTSTK,CHOLAFIN,25-Jan-2018,1160,CE,0,0,0,89.35,139.3,0,0,0,0,19-DEC-2017,
OPTSTK,CHOLAFIN,25-Jan-2018,1180,CE,0,0,0,81.55,121.8,0,0,0,0,19-DEC-2017,
OPTSTK,CHOLAFIN,25-Jan-2018,1200,CE,0,0,0,74.3,105.2,0,0,0,0,19-DEC-2017,
OPTSTK,CHOLAFIN,25-Jan-2018,1220,CE,0,0,0,67.55,89.65,0,0,0,0,19-DEC-2017,
OPTSTK,CHOLAFIN,25-Jan-2018,1240,CE,0,0,0,61.35,75.3,0,0,0,0,19-DEC-2017,
OPTSTK,CHOLAFIN,25-Jan-2018,1260,CE,0,0,0,55.6,62.35,0,0,0,0,19-DEC-2017,
OPTSTK,CHOLAFIN,25-Jan-2018,1280,CE,0,0,0,50.3,50.85,0,0,0,0,19-DEC-2017,
OPTSTK,CHOLAFIN,25-Jan-2018,1300,CE,0,0,0,45.55,40.8,0,0,0,0,19-DEC-2017,
OPTSTK,CHOLAFIN,25-Jan-2018,1320,CE,0,0,0,41.1,32.25,0,0,0,0,19-DEC-2017,
OPTSTK,CHOLAFIN,25-Jan-2018,1340,CE,0,0,0,37.1,25.05,0,0,0,0,19-DEC-2017,
OPTSTK,CHOLAFIN,25-Jan-2018,1360,CE,0,0,0,33.35,19.15,0,0,0,0,19-DEC-2017,
OPTSTK,CHOLAFIN,25-Jan-2018,1380,CE,0,0,0,30,14.4,0,0,0,0,19-DEC-2017,
OPTSTK,CHOLAFIN,25-Jan-2018,1400,CE,0,0,0,26.9,10.65,0,0,0,0,19-DEC-2017,
OPTSTK,CHOLAFIN,25-Jan-2018,1420,CE,0,0,0,24.15,7.75,0,0,0,0,19-DEC-2017,
OPTSTK,CHOLAFIN,25-Jan-2018,1440,CE,0,0,0,21.6,5.55,0,0,0,0,19-DEC-2017,
OPTSTK,CHOLAFIN,25-Jan-2018,1460,CE,0,0,0,19.35,3.9,0,0,0,0,19-DEC-2017,
OPTSTK,CHOLAFIN,25-Jan-2018,1480,CE,0,0,0,17.3,2.7,0,0,0,0,19-DEC-2017,
OPTSTK,CHOLAFIN,25-Jan-2018,1500,CE,0,0,0,15.45,1.85,0,0,0,0,19-DEC-2017,
OPTSTK,CHOLAFIN,25-Jan-2018,800,PE,0,0,0,6.1,0,0,0,0,0,19-DEC-2017,
OPTSTK,CHOLAFIN,25-Jan-2018,820,PE,0,0,0,7.85,0,0,0,0,0,19-DEC-2017,
OPTSTK,CHOLAFIN,25-Jan-2018,840,PE,0,0,0,10,0,0,0,0,0,19-DEC-2017,
OPTSTK,CHOLAFIN,25-Jan-2018,860,PE,0,0,0,12.5,0,0,0,0,0,19-DEC-2017,
OPTSTK,CHOLAFIN,25-Jan-2018,880,PE,0,0,0,15.5,0,0,0,0,0,19-DEC-2017,
OPTSTK,CHOLAFIN,25-Jan-2018,900,PE,0,0,0,18.95,0,0,0,0,0,19-DEC-2017,
OPTSTK,CHOLAFIN,25-Jan-2018,920,PE,0,0,0,22.9,0,0,0,0,0,19-DEC-2017,
OPTSTK,CHOLAFIN,25-Jan-2018,940,PE,0,0,0,27.4,0,0,0,0,0,19-DEC-2017,
OPTSTK,CHOLAFIN,25-Jan-2018,960,PE,0,0,0,32.5,0,0,0,0,0,19-DEC-2017,
OPTSTK,CHOLAFIN,25-Jan-2018,980,PE,0,0,0,38.2,0.05,0,0,0,0,19-DEC-2017,
OPTSTK,CHOLAFIN,25-Jan-2018,1000,PE,0,0,0,44.4,0.05,0,0,0,0,19-DEC-2017,
OPTSTK,CHOLAFIN,25-Jan-2018,1020,PE,0,0,0,51.35,0.1,0,0,0,0,19-DEC-2017,
OPTSTK,CHOLAFIN,25-Jan-2018,1040,PE,0,0,0,58.9,0.15,0,0,0,0,19-DEC-2017,
OPTSTK,CHOLAFIN,25-Jan-2018,1060,PE,0,0,0,67.1,0.3,0,0,0,0,19-DEC-2017,
OPTSTK,CHOLAFIN,25-Jan-2018,1080,PE,0,0,0,75.9,0.5,0,0,0,0,19-DEC-2017,
OPTSTK,CHOLAFIN,25-Jan-2018,1100,PE,0,0,0,85.35,0.95,0,0,0,0,19-DEC-2017,
OPTSTK,CHOLAFIN,25-Jan-2018,1120,PE,0,0,0,95.45,1.65,0,0,0,0,19-DEC-2017,
OPTSTK,CHOLAFIN,25-Jan-2018,1140,PE,0,0,0,106.15,2.75,0,0,0,0,19-DEC-2017,
OPTSTK,CHOLAFIN,25-Jan-2018,1160,PE,0,0,0,117.45,4.35,0,0,0,0,19-DEC-2017,
OPTSTK,CHOLAFIN,25-Jan-2018,1180,PE,0,0,0,129.3,6.75,0,0,0,0,19-DEC-2017,
OPTSTK,CHOLAFIN,25-Jan-2018,1200,PE,0,0,0,141.7,10,0,0,0,0,19-DEC-2017,
OPTSTK,CHOLAFIN,25-Jan-2018,1220,PE,0,0,0,154.65,14.3,0,0,0,0,19-DEC-2017,
OPTSTK,CHOLAFIN,25-Jan-2018,1240,PE,0,0,0,168.15,19.85,0,0,0,0,19-DEC-2017,
OPTSTK,CHOLAFIN,25-Jan-2018,1260,PE,0,0,0,182.1,26.75,0,0,0,0,19-DEC-2017,
OPTSTK,CHOLAFIN,25-Jan-2018,1280,PE,0,0,0,196.5,35.1,0,0,0,0,19-DEC-2017,
OPTSTK,CHOLAFIN,25-Jan-2018,1300,PE,0,0,0,211.4,44.95,0,0,0,0,19-DEC-2017,
OPTSTK,CHOLAFIN,25-Jan-2018,1320,PE,0,0,0,226.65,56.25,0,0,0,0,19-DEC-2017,
OPTSTK,CHOLAFIN,25-Jan-2018,1340,PE,0,0,0,242.3,68.9,0,0,0,0,19-DEC-2017,
OPTSTK,CHOLAFIN,25-Jan-2018,1360,PE,0,0,0,258.25,82.9,0,0,0,0,19-DEC-2017,
OPTSTK,CHOLAFIN,25-Jan-2018,1380,PE,0,0,0,274.6,98.05,0,0,0,0,19-DEC-2017,
OPTSTK,CHOLAFIN,25-Jan-2018,1400,PE,0,0,0,291.2,114.15,0,0,0,0,19-DEC-2017,
OPTSTK,CHOLAFIN,25-Jan-2018,1420,PE,0,0,0,308.1,131.1,0,0,0,0,19-DEC-2017,
OPTSTK,CHOLAFIN,25-Jan-2018,1440,PE,0,0,0,325.3,148.8,0,0,0,0,19-DEC-2017,
OPTSTK,CHOLAFIN,25-Jan-2018,1460,PE,0,0,0,342.7,167,0,0,0,0,19-DEC-2017,
OPTSTK,CHOLAFIN,25-Jan-2018,1480,PE,0,0,0,360.35,185.7,0,0,0,0,19-DEC-2017,
OPTSTK,CHOLAFIN,25-Jan-2018,1500,PE,0,0,0,378.15,204.7,0,0,0,0,19-DEC-2017,
OPTSTK,CHOLAFIN,22-Feb-2018,880,CE,0,0,0,411.95,417.45,0,0,0,0,19-DEC-2017,
OPTSTK,CHOLAFIN,22-Feb-2018,900,CE,0,0,0,392.45,397.7,0,0,0,0,19-DEC-2017,
OPTSTK,CHOLAFIN,22-Feb-2018,920,CE,0,0,0,373.05,377.95,0,0,0,0,19-DEC-2017,
OPTSTK,CHOLAFIN,22-Feb-2018,940,CE,0,0,0,353.75,358.2,0,0,0,0,19-DEC-2017,
OPTSTK,CHOLAFIN,22-Feb-2018,960,CE,0,0,0,334.6,338.45,0,0,0,0,19-DEC-2017,
OPTSTK,CHOLAFIN,22-Feb-2018,980,CE,0,0,0,315.65,318.8,0,0,0,0,19-DEC-2017,
OPTSTK,CHOLAFIN,22-Feb-2018,1000,CE,0,0,0,296.9,299.15,0,0,0,0,19-DEC-2017,
OPTSTK,CHOLAFIN,22-Feb-2018,1020,CE,0,0,0,278.5,279.65,0,0,0,0,19-DEC-2017,
OPTSTK,CHOLAFIN,22-Feb-2018,1040,CE,0,0,0,260.4,260.25,0,0,0,0,19-DEC-2017,
OPTSTK,CHOLAFIN,22-Feb-2018,1060,CE,0,0,0,242.7,241.05,0,0,0,0,19-DEC-2017,
OPTSTK,CHOLAFIN,22-Feb-2018,1080,CE,0,0,0,225.5,222.15,0,0,0,0,19-DEC-2017,
OPTSTK,CHOLAFIN,22-Feb-2018,1100,CE,0,0,0,208.75,203.55,0,0,0,0,19-DEC-2017,
OPTSTK,CHOLAFIN,22-Feb-2018,1120,CE,0,0,0,192.6,185.4,0,0,0,0,19-DEC-2017,
OPTSTK,CHOLAFIN,22-Feb-2018,1140,CE,0,0,0,177.05,167.8,0,0,0,0,19-DEC-2017,
OPTSTK,CHOLAFIN,22-Feb-2018,1160,CE,0,0,0,162.2,150.85,0,0,0,0,19-DEC-2017,
OPTSTK,CHOLAFIN,22-Feb-2018,1180,CE,0,0,0,148.05,134.65,0,0,0,0,19-DEC-2017,
OPTSTK,CHOLAFIN,22-Feb-2018,1200,CE,0,0,0,134.55,119.3,0,0,0,0,19-DEC-2017,
OPTSTK,CHOLAFIN,22-Feb-2018,1220,CE,0,0,0,121.85,104.85,0,0,0,0,19-DEC-2017,
OPTSTK,CHOLAFIN,22-Feb-2018,1240,CE,0,0,0,109.95,91.45,0,0,0,0,19-DEC-2017,
OPTSTK,CHOLAFIN,22-Feb-2018,1260,CE,0,0,0,98.85,79.1,0,0,0,0,19-DEC-2017,
OPTSTK,CHOLAFIN,22-Feb-2018,1280,CE,0,0,0,88.55,67.9,0,0,0,0,19-DEC-2017,
OPTSTK,CHOLAFIN,22-Feb-2018,1300,CE,0,0,0,79,57.75,0,0,0,0,19-DEC-2017,
OPTSTK,CHOLAFIN,22-Feb-2018,1320,CE,0,0,0,70.25,48.75,0,0,0,0,19-DEC-2017,
OPTSTK,CHOLAFIN,22-Feb-2018,1340,CE,0,0,0,62.2,40.75,0,0,0,0,19-DEC-2017,
OPTSTK,CHOLAFIN,22-Feb-2018,1360,CE,0,0,0,54.9,33.8,0,0,0,0,19-DEC-2017,
OPTSTK,CHOLAFIN,22-Feb-2018,1380,CE,0,0,0,48.3,27.8,0,0,0,0,19-DEC-2017,
OPTSTK,CHOLAFIN,22-Feb-2018,1400,CE,0,0,0,42.35,22.75,0,0,0,0,19-DEC-2017,
OPTSTK,CHOLAFIN,22-Feb-2018,1420,CE,0,0,0,36.95,18.4,0,0,0,0,19-DEC-2017,
OPTSTK,CHOLAFIN,22-Feb-2018,1440,CE,0,0,0,32.25,14.75,0,0,0,0,19-DEC-2017,
OPTSTK,CHOLAFIN,22-Feb-2018,1460,CE,0,0,0,27.95,11.75,0,0,0,0,19-DEC-2017,
OPTSTK,CHOLAFIN,22-Feb-2018,1480,CE,0,0,0,24.2,9.3,0,0,0,0,19-DEC-2017,
OPTSTK,CHOLAFIN,22-Feb-2018,1500,CE,0,0,0,20.85,7.25,0,0,0,0,19-DEC-2017,
OPTSTK,CHOLAFIN,22-Feb-2018,880,PE,0,0,0,0.4,0.05,0,0,0,0,19-DEC-2017,
OPTSTK,CHOLAFIN,22-Feb-2018,900,PE,0,0,0,0.6,0.05,0,0,0,0,19-DEC-2017,
OPTSTK,CHOLAFIN,22-Feb-2018,920,PE,0,0,0,0.85,0.05,0,0,0,0,19-DEC-2017,
OPTSTK,CHOLAFIN,22-Feb-2018,940,PE,0,0,0,1.3,0.05,0,0,0,0,19-DEC-2017,
OPTSTK,CHOLAFIN,22-Feb-2018,960,PE,0,0,0,1.85,0.15,0,0,0,0,19-DEC-2017,
OPTSTK,CHOLAFIN,22-Feb-2018,980,PE,0,0,0,2.6,0.2,0,0,0,0,19-DEC-2017,
OPTSTK,CHOLAFIN,22-Feb-2018,1000,PE,0,0,0,3.6,0.35,0,0,0,0,19-DEC-2017,
OPTSTK,CHOLAFIN,22-Feb-2018,1020,PE,0,0,0,4.9,0.6,0,0,0,0,19-DEC-2017,
OPTSTK,CHOLAFIN,22-Feb-2018,1040,PE,0,0,0,6.5,1,0,0,0,0,19-DEC-2017,
OPTSTK,CHOLAFIN,22-Feb-2018,1060,PE,0,0,0,8.5,1.6,0,0,0,0,19-DEC-2017,
OPTSTK,CHOLAFIN,22-Feb-2018,1080,PE,0,0,0,11,2.4,0,0,0,0,19-DEC-2017,
OPTSTK,CHOLAFIN,22-Feb-2018,1100,PE,0,0,0,14,3.6,0,0,0,0,19-DEC-2017,
OPTSTK,CHOLAFIN,22-Feb-2018,1120,PE,0,0,0,17.55,5.25,0,0,0,0,19-DEC-2017,
OPTSTK,CHOLAFIN,22-Feb-2018,1140,PE,0,0,0,21.7,7.4,0,0,0,0,19-DEC-2017,
OPTSTK,CHOLAFIN,22-Feb-2018,1160,PE,0,0,0,26.55,10.25,0,0,0,0,19-DEC-2017,
OPTSTK,CHOLAFIN,22-Feb-2018,1180,PE,0,0,0,32.1,13.8,0,0,0,0,19-DEC-2017,
OPTSTK,CHOLAFIN,22-Feb-2018,1200,PE,0,0,0,38.3,18.2,0,0,0,0,19-DEC-2017,
OPTSTK,CHOLAFIN,22-Feb-2018,1220,PE,0,0,0,45.35,23.55,0,0,0,0,19-DEC-2017,
OPTSTK,CHOLAFIN,22-Feb-2018,1240,PE,0,0,0,53.15,29.9,0,0,0,0,19-DEC-2017,
OPTSTK,CHOLAFIN,22-Feb-2018,1260,PE,0,0,0,61.75,37.35,0,0,0,0,19-DEC-2017,
OPTSTK,CHOLAFIN,22-Feb-2018,1280,PE,0,0,0,71.15,45.9,0,0,0,0,19-DEC-2017,
OPTSTK,CHOLAFIN,22-Feb-2018,1300,PE,0,0,0,81.3,55.55,0,0,0,0,19-DEC-2017,
OPTSTK,CHOLAFIN,22-Feb-2018,1320,PE,0,0,0,92.25,66.3,0,0,0,0,19-DEC-2017,
OPTSTK,CHOLAFIN,22-Feb-2018,1340,PE,0,0,0,103.95,78.1,0,0,0,0,19-DEC-2017,
OPTSTK,CHOLAFIN,22-Feb-2018,1360,PE,0,0,0,116.35,90.9,0,0,0,0,19-DEC-2017,
OPTSTK,CHOLAFIN,22-Feb-2018,1380,PE,0,0,0,129.45,104.65,0,0,0,0,19-DEC-2017,
OPTSTK,CHOLAFIN,22-Feb-2018,1400,PE,0,0,0,143.15,119.4,0,0,0,0,19-DEC-2017,
OPTSTK,CHOLAFIN,22-Feb-2018,1420,PE,0,0,0,157.5,134.8,0,0,0,0,19-DEC-2017,
OPTSTK,CHOLAFIN,22-Feb-2018,1440,PE,0,0,0,172.5,150.95,0,0,0,0,19-DEC-2017,
OPTSTK,CHOLAFIN,22-Feb-2018,1460,PE,0,0,0,187.9,167.7,0,0,0,0,19-DEC-2017,
OPTSTK,CHOLAFIN,22-Feb-2018,1480,PE,0,0,0,203.85,185,0,0,0,0,19-DEC-2017,
OPTSTK,CHOLAFIN,22-Feb-2018,1500,PE,0,0,0,220.25,202.75,0,0,0,0,19-DEC-2017,
OPTSTK,CIPLA,28-Dec-2017,390,CE,0,0,0,198.8,214.55,0,0,0,0,19-DEC-2017,
OPTSTK,CIPLA,28-Dec-2017,400,CE,0,0,0,189,204.55,0,0,0,0,19-DEC-2017,
OPTSTK,CIPLA,28-Dec-2017,410,CE,0,0,0,179.25,194.55,0,0,0,0,19-DEC-2017,
OPTSTK,CIPLA,28-Dec-2017,420,CE,0,0,0,169.55,184.55,0,0,0,0,19-DEC-2017,
OPTSTK,CIPLA,28-Dec-2017,430,CE,0,0,0,159.85,174.6,0,0,0,0,19-DEC-2017,
OPTSTK,CIPLA,28-Dec-2017,440,CE,0,0,0,150.3,164.6,0,0,0,0,19-DEC-2017,
OPTSTK,CIPLA,28-Dec-2017,450,CE,0,0,0,140.8,154.6,0,0,0,0,19-DEC-2017,
OPTSTK,CIPLA,28-Dec-2017,460,CE,0,0,0,131.45,144.65,0,0,0,0,19-DEC-2017,
OPTSTK,CIPLA,28-Dec-2017,470,CE,0,0,0,122.25,134.65,0,0,0,0,19-DEC-2017,
OPTSTK,CIPLA,28-Dec-2017,480,CE,0,0,0,113.3,124.65,0,0,0,0,19-DEC-2017,
OPTSTK,CIPLA,28-Dec-2017,490,CE,0,0,0,108,114.7,0,0,1000,0,19-DEC-2017,
OPTSTK,CIPLA,28-Dec-2017,500,CE,0,0,0,96.05,104.7,0,0,0,0,19-DEC-2017,
OPTSTK,CIPLA,28-Dec-2017,510,CE,0,0,0,87.85,94.7,0,0,0,0,19-DEC-2017,
OPTSTK,CIPLA,28-Dec-2017,520,CE,0,0,0,80,84.75,0,0,0,0,19-DEC-2017,
OPTSTK,CIPLA,28-Dec-2017,530,CE,0,0,0,72.55,74.8,0,0,0,0,19-DEC-2017,
OPTSTK,CIPLA,28-Dec-2017,540,CE,0,0,0,63,64.9,0,0,1000,0,19-DEC-2017,
OPTSTK,CIPLA,28-Dec-2017,550,CE,0,0,0,58.7,55.2,0,0,0,0,19-DEC-2017,
OPTSTK,CIPLA,28-Dec-2017,560,CE,0,0,0,31.65,45.75,0,0,100000,0,19-DEC-2017,
OPTSTK,CIPLA,28-Dec-2017,570,CE,0,0,0,22.8,36.75,0,0,12000,0,19-DEC-2017,
OPTSTK,CIPLA,28-Dec-2017,580,CE,20,27,20,26.45,26.45,13,78.4,20000,-3000,19-DEC-2017,
OPTSTK,CIPLA,28-Dec-2017,590,CE,14.45,19.4,12.6,19.15,19.15,79,478.01,24000,-12000,19-DEC-2017,
OPTSTK,CIPLA,28-Dec-2017,600,CE,8.2,14,7.7,12.7,12.7,377,2301.58,96000,-23000,19-DEC-2017,
OPTSTK,CIPLA,28-Dec-2017,610,CE,5.5,9,4.6,7.95,7.95,409,2523.32,141000,-61000,19-DEC-2017,
OPTSTK,CIPLA,28-Dec-2017,620,CE,3,5.65,2.7,4.85,4.85,210,1311.14,190000,23000,19-DEC-2017,
OPTSTK,CIPLA,28-Dec-2017,630,CE,1.85,3.6,1.7,3.1,3.1,88,556.95,139000,13000,19-DEC-2017,
OPTSTK,CIPLA,28-Dec-2017,640,CE,1.05,2.5,1.05,2.15,2.15,390,2503.65,281000,244000,19-DEC-2017,
OPTSTK,CIPLA,28-Dec-2017,650,CE,0.65,1.7,0.65,1.4,1.4,44,286.54,47000,10000,19-DEC-2017,
OPTSTK,CIPLA,28-Dec-2017,660,CE,0.65,1,0.65,0.95,0.95,4,26.43,17000,1000,19-DEC-2017,
OPTSTK,CIPLA,28-Dec-2017,670,CE,0,0,0,0.55,0.35,0,0,6000,0,19-DEC-2017,
OPTSTK,CIPLA,28-Dec-2017,680,CE,0,0,0,0.5,0.15,0,0,11000,0,19-DEC-2017,
OPTSTK,CIPLA,28-Dec-2017,690,CE,0,0,0,0.05,0.1,0,0,5000,0,19-DEC-2017,
OPTSTK,CIPLA,28-Dec-2017,700,CE,0,0,0,0.8,0.05,0,0,5000,0,19-DEC-2017,
OPTSTK,CIPLA,28-Dec-2017,710,CE,0,0,0,3.5,0.05,0,0,2000,0,19-DEC-2017,
OPTSTK,CIPLA,28-Dec-2017,720,CE,0,0,0,4.65,0,0,0,0,0,19-DEC-2017,
OPTSTK,CIPLA,28-Dec-2017,730,CE,0,0,0,3.9,0,0,0,0,0,19-DEC-2017,
OPTSTK,CIPLA,28-Dec-2017,740,CE,0,0,0,3.2,0,0,0,0,0,19-DEC-2017,
OPTSTK,CIPLA,28-Dec-2017,750,CE,0,0,0,0.5,0,0,0,3000,0,19-DEC-2017,
OPTSTK,CIPLA,28-Dec-2017,390,PE,0,0,0,0.1,0,0,0,0,0,19-DEC-2017,
OPTSTK,CIPLA,28-Dec-2017,400,PE,0,0,0,0.15,0,0,0,0,0,19-DEC-2017,
OPTSTK,CIPLA,28-Dec-2017,410,PE,0,0,0,0.2,0,0,0,0,0,19-DEC-2017,
OPTSTK,CIPLA,28-Dec-2017,420,PE,0,0,0,0.35,0,0,0,0,0,19-DEC-2017,
OPTSTK,CIPLA,28-Dec-2017,430,PE,0,0,0,0.55,0,0,0,0,0,19-DEC-2017,
OPTSTK,CIPLA,28-Dec-2017,440,PE,0,0,0,0.8,0,0,0,0,0,19-DEC-2017,
OPTSTK,CIPLA,28-Dec-2017,450,PE,0,0,0,1.15,0,0,0,0,0,19-DEC-2017,
OPTSTK,CIPLA,28-Dec-2017,460,PE,0,0,0,1.65,0,0,0,0,0,19-DEC-2017,
OPTSTK,CIPLA,28-Dec-2017,470,PE,0,0,0,2.3,0,0,0,0,0,19-DEC-2017,
OPTSTK,CIPLA,28-Dec-2017,480,PE,0,0,0,3.15,0,0,0,0,0,19-DEC-2017,
OPTSTK,CIPLA,28-Dec-2017,490,PE,0,0,0,4.25,0,0,0,0,0,19-DEC-2017,
OPTSTK,CIPLA,28-Dec-2017,500,PE,0,0,0,5.6,0,0,0,0,0,19-DEC-2017,
OPTSTK,CIPLA,28-Dec-2017,510,PE,0,0,0,7.25,0,0,0,0,0,19-DEC-2017,
OPTSTK,CIPLA,28-Dec-2017,520,PE,0,0,0,1.1,0.05,0,0,23000,0,19-DEC-2017,
OPTSTK,CIPLA,28-Dec-2017,530,PE,0,0,0,0.8,0.05,0,0,16000,0,19-DEC-2017,
OPTSTK,CIPLA,28-Dec-2017,540,PE,0.95,0.95,0.95,0.95,0.95,2,10.81,29000,0,19-DEC-2017,
OPTSTK,CIPLA,28-Dec-2017,550,PE,1,1,0.6,0.6,0.6,7,38.56,17000,-4000,19-DEC-2017,
OPTSTK,CIPLA,28-Dec-2017,560,PE,1.9,2.1,1.3,1.3,1.3,11,61.78,91000,1000,19-DEC-2017,
OPTSTK,CIPLA,28-Dec-2017,570,PE,2.5,3.25,1.6,1.75,1.75,42,240.44,42000,5000,19-DEC-2017,
OPTSTK,CIPLA,28-Dec-2017,580,PE,5.25,5.35,2.65,2.95,2.95,164,957.73,90000,27000,19-DEC-2017,
OPTSTK,CIPLA,28-Dec-2017,590,PE,8,8.75,4.8,5.05,5.05,111,662.65,55000,0,19-DEC-2017,
OPTSTK,CIPLA,28-Dec-2017,600,PE,11.7,13.75,7.65,8.25,8.25,104,634.19,106000,39000,19-DEC-2017,
OPTSTK,CIPLA,28-Dec-2017,610,PE,14.8,14.8,14.8,14.8,14.8,1,6.24,8000,0,19-DEC-2017,
OPTSTK,CIPLA,28-Dec-2017,620,PE,26,26,21,21,21,4,25.75,14000,-3000,19-DEC-2017,
OPTSTK,CIPLA,28-Dec-2017,630,PE,29.05,29.05,29,29,29,2,13.18,12000,-2000,19-DEC-2017,
OPTSTK,CIPLA,28-Dec-2017,640,PE,0,0,0,65.35,37.4,0,0,0,0,19-DEC-2017,
OPTSTK,CIPLA,28-Dec-2017,650,PE,49,49.5,49,49.5,49.5,6,41.95,7000,-6000,19-DEC-2017,
OPTSTK,CIPLA,28-Dec-2017,660,PE,0,0,0,60,55.75,0,0,2000,0,19-DEC-2017,
OPTSTK,CIPLA,28-Dec-2017,670,PE,0,0,0,88.1,65.4,0,0,0,0,19-DEC-2017,
OPTSTK,CIPLA,28-Dec-2017,680,PE,0,0,0,79,75.2,0,0,1000,0,19-DEC-2017,
OPTSTK,CIPLA,28-Dec-2017,690,PE,0,0,0,104.6,85.1,0,0,0,0,19-DEC-2017,
OPTSTK,CIPLA,28-Dec-2017,700,PE,0,0,0,113.15,95.05,0,0,0,0,19-DEC-2017,
OPTSTK,CIPLA,28-Dec-2017,710,PE,0,0,0,121.9,105.05,0,0,0,0,19-DEC-2017,
OPTSTK,CIPLA,28-Dec-2017,720,PE,0,0,0,130.8,115,0,0,0,0,19-DEC-2017,
OPTSTK,CIPLA,28-Dec-2017,730,PE,0,0,0,103.25,125,0,0,3000,0,19-DEC-2017,
OPTSTK,CIPLA,28-Dec-2017,740,PE,0,0,0,149.05,134.95,0,0,0,0,19-DEC-2017,
OPTSTK,CIPLA,28-Dec-2017,750,PE,0,0,0,148,144.95,0,0,15000,0,19-DEC-2017,
OPTSTK,CIPLA,25-Jan-2018,410,CE,0,0,0,208.2,196.6,0,0,0,0,19-DEC-2017,
OPTSTK,CIPLA,25-Jan-2018,420,CE,0,0,0,198.45,186.65,0,0,0,0,19-DEC-2017,
OPTSTK,CIPLA,25-Jan-2018,430,CE,0,0,0,188.8,176.75,0,0,0,0,19-DEC-2017,
OPTSTK,CIPLA,25-Jan-2018,440,CE,0,0,0,179.2,166.8,0,0,0,0,19-DEC-2017,
OPTSTK,CIPLA,25-Jan-2018,450,CE,0,0,0,169.65,156.9,0,0,0,0,19-DEC-2017,
OPTSTK,CIPLA,25-Jan-2018,460,CE,0,0,0,160.25,147,0,0,0,0,19-DEC-2017,
OPTSTK,CIPLA,25-Jan-2018,470,CE,0,0,0,150.95,137.1,0,0,0,0,19-DEC-2017,
OPTSTK,CIPLA,25-Jan-2018,480,CE,0,0,0,141.85,127.3,0,0,0,0,19-DEC-2017,
OPTSTK,CIPLA,25-Jan-2018,490,CE,0,0,0,132.9,117.55,0,0,0,0,19-DEC-2017,
OPTSTK,CIPLA,25-Jan-2018,500,CE,0,0,0,124.1,107.9,0,0,0,0,19-DEC-2017,
OPTSTK,CIPLA,25-Jan-2018,510,CE,0,0,0,115.6,98.4,0,0,0,0,19-DEC-2017,
OPTSTK,CIPLA,25-Jan-2018,520,CE,0,0,0,107.3,89.15,0,0,0,0,19-DEC-2017,
OPTSTK,CIPLA,25-Jan-2018,530,CE,0,0,0,99.35,80.1,0,0,0,0,19-DEC-2017,
OPTSTK,CIPLA,25-Jan-2018,540,CE,0,0,0,91.65,71.4,0,0,0,0,19-DEC-2017,
OPTSTK,CIPLA,25-Jan-2018,550,CE,0,0,0,84.3,63.1,0,0,0,0,19-DEC-2017,
OPTSTK,CIPLA,25-Jan-2018,560,CE,0,0,0,77.25,55.25,0,0,0,0,19-DEC-2017,
OPTSTK,CIPLA,25-Jan-2018,570,CE,0,0,0,70.55,47.9,0,0,0,0,19-DEC-2017,
OPTSTK,CIPLA,25-Jan-2018,580,CE,34,38,34,38,38,3,18.49,3000,3000,19-DEC-2017,
OPTSTK,CIPLA,25-Jan-2018,590,CE,31,31,31,31,31,1,6.21,2000,0,19-DEC-2017,
OPTSTK,CIPLA,25-Jan-2018,600,CE,20.9,23.95,20.9,23.95,23.95,8,49.72,8000,5000,19-DEC-2017,
OPTSTK,CIPLA,25-Jan-2018,610,CE,0,0,0,47.55,24.45,0,0,0,0,19-DEC-2017,
OPTSTK,CIPLA,25-Jan-2018,620,CE,13.35,15,13.35,15,15,3,19.03,3000,2000,19-DEC-2017,
OPTSTK,CIPLA,25-Jan-2018,630,CE,11,11,11,11,11,1,6.41,1000,1000,19-DEC-2017,
OPTSTK,CIPLA,25-Jan-2018,640,CE,0,0,0,34.2,13.2,0,0,0,0,19-DEC-2017,
OPTSTK,CIPLA,25-Jan-2018,650,CE,0,0,0,30.45,10.55,0,0,0,0,19-DEC-2017,
OPTSTK,CIPLA,25-Jan-2018,660,CE,0,0,0,27.05,8.3,0,0,0,0,19-DEC-2017,
OPTSTK,CIPLA,25-Jan-2018,670,CE,0,0,0,23.95,6.5,0,0,0,0,19-DEC-2017,
OPTSTK,CIPLA,25-Jan-2018,680,CE,2,2,2,2,2,1,6.82,1000,1000,19-DEC-2017,
OPTSTK,CIPLA,25-Jan-2018,690,CE,0,0,0,18.65,3.85,0,0,0,0,19-DEC-2017,
OPTSTK,CIPLA,25-Jan-2018,700,CE,0,0,0,16.35,2.9,0,0,0,0,19-DEC-2017,
OPTSTK,CIPLA,25-Jan-2018,710,CE,0,0,0,14.3,2.2,0,0,0,0,19-DEC-2017,
OPTSTK,CIPLA,25-Jan-2018,720,CE,0,0,0,12.5,1.65,0,0,0,0,19-DEC-2017,
OPTSTK,CIPLA,25-Jan-2018,730,CE,0,0,0,10.9,1.2,0,0,0,0,19-DEC-2017,
OPTSTK,CIPLA,25-Jan-2018,740,CE,0,0,0,9.45,0.9,0,0,0,0,19-DEC-2017,
OPTSTK,CIPLA,25-Jan-2018,750,CE,0,0,0,8.2,0.65,0,0,0,0,19-DEC-2017,
OPTSTK,CIPLA,25-Jan-2018,410,PE,0,0,0,0.25,0,0,0,0,0,19-DEC-2017,
OPTSTK,CIPLA,25-Jan-2018,420,PE,0,0,0,0.4,0,0,0,0,0,19-DEC-2017,
OPTSTK,CIPLA,25-Jan-2018,430,PE,0,0,0,0.55,0.05,0,0,0,0,19-DEC-2017,
OPTSTK,CIPLA,25-Jan-2018,440,PE,0,0,0,0.8,0.05,0,0,0,0,19-DEC-2017,
OPTSTK,CIPLA,25-Jan-2018,450,PE,0,0,0,1.1,0.05,0,0,0,0,19-DEC-2017,
OPTSTK,CIPLA,25-Jan-2018,460,PE,0,0,0,1.55,0.1,0,0,0,0,19-DEC-2017,
OPTSTK,CIPLA,25-Jan-2018,470,PE,0,0,0,2.1,0.15,0,0,0,0,19-DEC-2017,
OPTSTK,CIPLA,25-Jan-2018,480,PE,0,0,0,2.8,0.25,0,0,0,0,19-DEC-2017,
OPTSTK,CIPLA,25-Jan-2018,490,PE,0,0,0,3.7,0.45,0,0,0,0,19-DEC-2017,
OPTSTK,CIPLA,25-Jan-2018,500,PE,0,0,0,4.8,0.75,0,0,0,0,19-DEC-2017,
OPTSTK,CIPLA,25-Jan-2018,510,PE,0,0,0,6.1,1.2,0,0,0,0,19-DEC-2017,
OPTSTK,CIPLA,25-Jan-2018,520,PE,0,0,0,7.65,1.85,0,0,0,0,19-DEC-2017,
OPTSTK,CIPLA,25-Jan-2018,530,PE,0,0,0,9.5,2.75,0,0,0,0,19-DEC-2017,
OPTSTK,CIPLA,25-Jan-2018,540,PE,0,0,0,11.65,4,0,0,0,0,19-DEC-2017,
OPTSTK,CIPLA,25-Jan-2018,550,PE,0,0,0,14.15,5.6,0,0,0,0,19-DEC-2017,
OPTSTK,CIPLA,25-Jan-2018,560,PE,0,0,0,16.95,7.7,0,0,0,0,19-DEC-2017,
OPTSTK,CIPLA,25-Jan-2018,570,PE,0,0,0,15.2,10.3,0,0,1000,0,19-DEC-2017,
OPTSTK,CIPLA,25-Jan-2018,580,PE,13.35,13.35,10,10,10,2,11.83,2000,2000,19-DEC-2017,
OPTSTK,CIPLA,25-Jan-2018,590,PE,0,0,0,27.55,17.2,0,0,0,0,19-DEC-2017,
OPTSTK,CIPLA,25-Jan-2018,600,PE,0,0,0,28,21.6,0,0,1000,0,19-DEC-2017,
OPTSTK,CIPLA,25-Jan-2018,610,PE,0,0,0,29,26.55,0,0,1000,0,19-DEC-2017,
OPTSTK,CIPLA,25-Jan-2018,620,PE,0,0,0,41.55,32.2,0,0,0,0,19-DEC-2017,
OPTSTK,CIPLA,25-Jan-2018,630,PE,0,0,0,46.95,38.4,0,0,0,0,19-DEC-2017,
OPTSTK,CIPLA,25-Jan-2018,640,PE,0,0,0,52.7,45.15,0,0,0,0,19-DEC-2017,
OPTSTK,CIPLA,25-Jan-2018,650,PE,0,0,0,58.8,52.4,0,0,0,0,19-DEC-2017,
OPTSTK,CIPLA,25-Jan-2018,660,PE,0,0,0,65.2,60.1,0,0,0,0,19-DEC-2017,
OPTSTK,CIPLA,25-Jan-2018,670,PE,0,0,0,71.95,68.25,0,0,0,0,19-DEC-2017,
OPTSTK,CIPLA,25-Jan-2018,680,PE,0,0,0,78.95,76.7,0,0,0,0,19-DEC-2017,
OPTSTK,CIPLA,25-Jan-2018,690,PE,0,0,0,86.3,85.45,0,0,0,0,19-DEC-2017,
OPTSTK,CIPLA,25-Jan-2018,700,PE,0,0,0,93.9,94.45,0,0,0,0,19-DEC-2017,
OPTSTK,CIPLA,25-Jan-2018,710,PE,0,0,0,101.65,103.65,0,0,0,0,19-DEC-2017,
OPTSTK,CIPLA,25-Jan-2018,720,PE,0,0,0,109.7,113.05,0,0,0,0,19-DEC-2017,
OPTSTK,CIPLA,25-Jan-2018,730,PE,0,0,0,117.95,122.55,0,0,0,0,19-DEC-2017,
OPTSTK,CIPLA,25-Jan-2018,740,PE,0,0,0,126.35,132.15,0,0,0,0,19-DEC-2017,
OPTSTK,CIPLA,25-Jan-2018,750,PE,0,0,0,134.95,141.85,0,0,0,0,19-DEC-2017,
OPTSTK,CIPLA,22-Feb-2018,410,CE,0,0,0,197.05,198.65,0,0,0,0,19-DEC-2017,
OPTSTK,CIPLA,22-Feb-2018,420,CE,0,0,0,187.25,188.8,0,0,0,0,19-DEC-2017,
OPTSTK,CIPLA,22-Feb-2018,430,CE,0,0,0,177.55,178.95,0,0,0,0,19-DEC-2017,
OPTSTK,CIPLA,22-Feb-2018,440,CE,0,0,0,167.9,169.15,0,0,0,0,19-DEC-2017,
OPTSTK,CIPLA,22-Feb-2018,450,CE,0,0,0,158.3,159.4,0,0,0,0,19-DEC-2017,
OPTSTK,CIPLA,22-Feb-2018,460,CE,0,0,0,148.8,149.75,0,0,0,0,19-DEC-2017,
OPTSTK,CIPLA,22-Feb-2018,470,CE,0,0,0,139.45,140.15,0,0,0,0,19-DEC-2017,
OPTSTK,CIPLA,22-Feb-2018,480,CE,0,0,0,130.2,130.7,0,0,0,0,19-DEC-2017,
OPTSTK,CIPLA,22-Feb-2018,490,CE,0,0,0,121.2,121.4,0,0,0,0,19-DEC-2017,
OPTSTK,CIPLA,22-Feb-2018,500,CE,0,0,0,112.4,112.25,0,0,0,0,19-DEC-2017,
OPTSTK,CIPLA,22-Feb-2018,510,CE,0,0,0,103.8,103.35,0,0,0,0,19-DEC-2017,
OPTSTK,CIPLA,22-Feb-2018,520,CE,0,0,0,95.5,94.7,0,0,0,0,19-DEC-2017,
OPTSTK,CIPLA,22-Feb-2018,530,CE,0,0,0,87.55,86.35,0,0,0,0,19-DEC-2017,
OPTSTK,CIPLA,22-Feb-2018,540,CE,0,0,0,79.9,78.35,0,0,0,0,19-DEC-2017,
OPTSTK,CIPLA,22-Feb-2018,550,CE,0,0,0,72.65,70.7,0,0,0,0,19-DEC-2017,
OPTSTK,CIPLA,22-Feb-2018,560,CE,0,0,0,65.7,63.5,0,0,0,0,19-DEC-2017,
OPTSTK,CIPLA,22-Feb-2018,570,CE,0,0,0,59.25,56.7,0,0,0,0,19-DEC-2017,
OPTSTK,CIPLA,22-Feb-2018,580,CE,0,0,0,53.15,50.35,0,0,0,0,19-DEC-2017,
OPTSTK,CIPLA,22-Feb-2018,590,CE,0,0,0,47.5,44.45,0,0,0,0,19-DEC-2017,
OPTSTK,CIPLA,22-Feb-2018,600,CE,0,0,0,42.25,39.05,0,0,0,0,19-DEC-2017,
OPTSTK,CIPLA,22-Feb-2018,610,CE,0,0,0,37.45,34.1,0,0,0,0,19-DEC-2017,
OPTSTK,CIPLA,22-Feb-2018,620,CE,0,0,0,33.05,29.65,0,0,0,0,19-DEC-2017,
OPTSTK,CIPLA,22-Feb-2018,630,CE,0,0,0,29,25.6,0,0,0,0,19-DEC-2017,
OPTSTK,CIPLA,22-Feb-2018,640,CE,0,0,0,25.4,22,0,0,0,0,19-DEC-2017,
OPTSTK,CIPLA,22-Feb-2018,650,CE,0,0,0,22.15,18.8,0,0,0,0,19-DEC-2017,
OPTSTK,CIPLA,22-Feb-2018,660,CE,0,0,0,19.2,16,0,0,0,0,19-DEC-2017,
OPTSTK,CIPLA,22-Feb-2018,670,CE,0,0,0,16.65,13.55,0,0,0,0,19-DEC-2017,
OPTSTK,CIPLA,22-Feb-2018,680,CE,0,0,0,14.35,11.4,0,0,0,0,19-DEC-2017,
OPTSTK,CIPLA,22-Feb-2018,690,CE,0,0,0,12.3,9.55,0,0,0,0,19-DEC-2017,
OPTSTK,CIPLA,22-Feb-2018,700,CE,0,0,0,10.5,7.95,0,0,0,0,19-DEC-2017,
OPTSTK,CIPLA,22-Feb-2018,710,CE,0,0,0,8.95,6.6,0,0,0,0,19-DEC-2017,
OPTSTK,CIPLA,22-Feb-2018,720,CE,0,0,0,7.6,5.45,0,0,0,0,19-DEC-2017,
OPTSTK,CIPLA,22-Feb-2018,730,CE,0,0,0,6.45,4.5,0,0,0,0,19-DEC-2017,
OPTSTK,CIPLA,22-Feb-2018,740,CE,0,0,0,5.45,3.65,0,0,0,0,19-DEC-2017,
OPTSTK,CIPLA,22-Feb-2018,750,CE,0,0,0,4.55,3,0,0,0,0,19-DEC-2017,
OPTSTK,CIPLA,22-Feb-2018,410,PE,0,0,0,0.15,0.05,0,0,0,0,19-DEC-2017,
OPTSTK,CIPLA,22-Feb-2018,420,PE,0,0,0,0.25,0.1,0,0,0,0,19-DEC-2017,
OPTSTK,CIPLA,22-Feb-2018,430,PE,0,0,0,0.4,0.15,0,0,0,0,19-DEC-2017,
OPTSTK,CIPLA,22-Feb-2018,440,PE,0,0,0,0.55,0.25,0,0,0,0,19-DEC-2017,
OPTSTK,CIPLA,22-Feb-2018,450,PE,0,0,0,0.85,0.4,0,0,0,0,19-DEC-2017,
OPTSTK,CIPLA,22-Feb-2018,460,PE,0,0,0,1.2,0.6,0,0,0,0,19-DEC-2017,
OPTSTK,CIPLA,22-Feb-2018,470,PE,0,0,0,1.7,0.9,0,0,0,0,19-DEC-2017,
OPTSTK,CIPLA,22-Feb-2018,480,PE,0,0,0,2.3,1.3,0,0,0,0,19-DEC-2017,
OPTSTK,CIPLA,22-Feb-2018,490,PE,0,0,0,3.15,1.9,0,0,0,0,19-DEC-2017,
OPTSTK,CIPLA,22-Feb-2018,500,PE,0,0,0,4.2,2.65,0,0,0,0,19-DEC-2017,
OPTSTK,CIPLA,22-Feb-2018,510,PE,0,0,0,5.5,3.6,0,0,0,0,19-DEC-2017,
OPTSTK,CIPLA,22-Feb-2018,520,PE,0,0,0,7.05,4.85,0,0,0,0,19-DEC-2017,
OPTSTK,CIPLA,22-Feb-2018,530,PE,0,0,0,8.9,6.4,0,0,0,0,19-DEC-2017,
OPTSTK,CIPLA,22-Feb-2018,540,PE,0,0,0,11.15,8.3,0,0,0,0,19-DEC-2017,
OPTSTK,CIPLA,22-Feb-2018,550,PE,0,0,0,13.7,10.55,0,0,0,0,19-DEC-2017,
OPTSTK,CIPLA,22-Feb-2018,560,PE,0,0,0,16.65,13.2,0,0,0,0,19-DEC-2017,
OPTSTK,CIPLA,22-Feb-2018,570,PE,0,0,0,20,16.3,0,0,0,0,19-DEC-2017,
OPTSTK,CIPLA,22-Feb-2018,580,PE,0,0,0,23.8,19.85,0,0,0,0,19-DEC-2017,
OPTSTK,CIPLA,22-Feb-2018,590,PE,0,0,0,28,23.85,0,0,0,0,19-DEC-2017,
OPTSTK,CIPLA,22-Feb-2018,600,PE,0,0,0,32.6,28.3,0,0,0,0,19-DEC-2017,
OPTSTK,CIPLA,22-Feb-2018,610,PE,0,0,0,37.65,33.25,0,0,0,0,19-DEC-2017,
OPTSTK,CIPLA,22-Feb-2018,620,PE,0,0,0,43.1,38.65,0,0,0,0,19-DEC-2017,
OPTSTK,CIPLA,22-Feb-2018,630,PE,0,0,0,48.95,44.55,0,0,0,0,19-DEC-2017,
OPTSTK,CIPLA,22-Feb-2018,640,PE,0,0,0,55.15,50.8,0,0,0,0,19-DEC-2017,
OPTSTK,CIPLA,22-Feb-2018,650,PE,0,0,0,61.75,57.5,0,0,0,0,19-DEC-2017,
OPTSTK,CIPLA,22-Feb-2018,660,PE,0,0,0,68.7,64.55,0,0,0,0,19-DEC-2017,
OPTSTK,CIPLA,22-Feb-2018,670,PE,0,0,0,75.95,72,0,0,0,0,19-DEC-2017,
OPTSTK,CIPLA,22-Feb-2018,680,PE,0,0,0,83.55,79.75,0,0,0,0,19-DEC-2017,
OPTSTK,CIPLA,22-Feb-2018,690,PE,0,0,0,91.35,87.8,0,0,0,0,19-DEC-2017,
OPTSTK,CIPLA,22-Feb-2018,700,PE,0,0,0,99.4,96.1,0,0,0,0,19-DEC-2017,
OPTSTK,CIPLA,22-Feb-2018,710,PE,0,0,0,107.7,104.6,0,0,0,0,19-DEC-2017,
OPTSTK,CIPLA,22-Feb-2018,720,PE,0,0,0,116.2,113.35,0,0,0,0,19-DEC-2017,
OPTSTK,CIPLA,22-Feb-2018,730,PE,0,0,0,124.9,122.25,0,0,0,0,19-DEC-2017,
OPTSTK,CIPLA,22-Feb-2018,740,PE,0,0,0,133.75,131.35,0,0,0,0,19-DEC-2017,
OPTSTK,CIPLA,22-Feb-2018,750,PE,0,0,0,142.75,140.55,0,0,0,0,19-DEC-2017,
OPTSTK,COALINDIA,28-Dec-2017,185,CE,0,0,0,85.75,82.9,0,0,0,0,19-DEC-2017,
OPTSTK,COALINDIA,28-Dec-2017,190,CE,0,0,0,80.85,77.9,0,0,0,0,19-DEC-2017,
OPTSTK,COALINDIA,28-Dec-2017,195,CE,0,0,0,76,72.9,0,0,0,0,19-DEC-2017,
OPTSTK,COALINDIA,28-Dec-2017,200,CE,0,0,0,71.15,67.95,0,0,0,0,19-DEC-2017,
OPTSTK,COALINDIA,28-Dec-2017,205,CE,0,0,0,66.35,62.95,0,0,0,0,19-DEC-2017,
OPTSTK,COALINDIA,28-Dec-2017,210,CE,0,0,0,61.6,57.95,0,0,0,0,19-DEC-2017,
OPTSTK,COALINDIA,28-Dec-2017,215,CE,0,0,0,56.95,52.95,0,0,0,0,19-DEC-2017,
OPTSTK,COALINDIA,28-Dec-2017,220,CE,0,0,0,52.4,47.95,0,0,0,0,19-DEC-2017,
OPTSTK,COALINDIA,28-Dec-2017,225,CE,0,0,0,47.95,42.95,0,0,0,0,19-DEC-2017,
OPTSTK,COALINDIA,28-Dec-2017,230,CE,0,0,0,43.65,38,0,0,0,0,19-DEC-2017,
OPTSTK,COALINDIA,28-Dec-2017,235,CE,0,0,0,39.5,33,0,0,0,0,19-DEC-2017,
OPTSTK,COALINDIA,28-Dec-2017,240,CE,0,0,0,22.6,28,0,0,1700,0,19-DEC-2017,
OPTSTK,COALINDIA,28-Dec-2017,245,CE,0,0,0,31.8,23.05,0,0,0,0,19-DEC-2017,
OPTSTK,COALINDIA,28-Dec-2017,250,CE,0,0,0,25,18.2,0,0,3400,0,19-DEC-2017,
OPTSTK,COALINDIA,28-Dec-2017,255,CE,14,14,14,14,14,1,4.57,8500,-1700,19-DEC-2017,
OPTSTK,COALINDIA,28-Dec-2017,260,CE,11.2,11.2,9.95,9.95,9.95,2,9.19,35700,0,19-DEC-2017,
OPTSTK,COALINDIA,28-Dec-2017,265,CE,7,9,5.25,6.5,6.5,90,415.93,265200,8500,19-DEC-2017,
OPTSTK,COALINDIA,28-Dec-2017,270,CE,4,5.6,3.1,3.95,3.95,1631,7603.27,1589500,909500,19-DEC-2017,
OPTSTK,COALINDIA,28-Dec-2017,275,CE,2.3,3.3,1.7,2.25,2.25,820,3867.8,958800,273700,19-DEC-2017,
OPTSTK,COALINDIA,28-Dec-2017,280,CE,1.2,2,0.95,1.4,1.4,738,3531.3,1405900,380800,19-DEC-2017,
OPTSTK,COALINDIA,28-Dec-2017,285,CE,0.65,1.15,0.55,0.9,0.9,118,573.4,290700,-32300,19-DEC-2017,
OPTSTK,COALINDIA,28-Dec-2017,290,CE,0.45,0.7,0.35,0.6,0.6,319,1575.59,771800,188700,19-DEC-2017,
OPTSTK,COALINDIA,28-Dec-2017,295,CE,0.4,0.4,0.3,0.3,0.3,32,160.68,69700,13600,19-DEC-2017,
OPTSTK,COALINDIA,28-Dec-2017,300,CE,0.2,0.35,0.2,0.3,0.3,142,724.82,538900,56100,19-DEC-2017,
OPTSTK,COALINDIA,28-Dec-2017,305,CE,0.2,0.2,0.2,0.2,0.2,2,10.37,25500,-1700,19-DEC-2017,
OPTSTK,COALINDIA,28-Dec-2017,310,CE,0.15,0.15,0.1,0.1,0.1,2,10.54,71400,-3400,19-DEC-2017,
OPTSTK,COALINDIA,28-Dec-2017,315,CE,0,0,0,3.5,0,0,0,0,0,19-DEC-2017,
OPTSTK,COALINDIA,28-Dec-2017,320,CE,0,0,0,2.9,0,0,0,0,0,19-DEC-2017,
OPTSTK,COALINDIA,28-Dec-2017,325,CE,0,0,0,2.35,0,0,0,0,0,19-DEC-2017,
OPTSTK,COALINDIA,28-Dec-2017,330,CE,0,0,0,1.9,0,0,0,0,0,19-DEC-2017,
OPTSTK,COALINDIA,28-Dec-2017,335,CE,0,0,0,1.55,0,0,0,0,0,19-DEC-2017,
OPTSTK,COALINDIA,28-Dec-2017,340,CE,0,0,0,1.25,0,0,0,0,0,19-DEC-2017,
OPTSTK,COALINDIA,28-Dec-2017,345,CE,0,0,0,1,0,0,0,0,0,19-DEC-2017,
OPTSTK,COALINDIA,28-Dec-2017,185,PE,0,0,0,0.05,0,0,0,0,0,19-DEC-2017,
OPTSTK,COALINDIA,28-Dec-2017,190,PE,0,0,0,0.1,0,0,0,0,0,19-DEC-2017,
OPTSTK,COALINDIA,28-Dec-2017,195,PE,0,0,0,0.15,0,0,0,0,0,19-DEC-2017,
OPTSTK,COALINDIA,28-Dec-2017,200,PE,0,0,0,0.25,0,0,0,0,0,19-DEC-2017,
OPTSTK,COALINDIA,28-Dec-2017,205,PE,0,0,0,0.35,0,0,0,0,0,19-DEC-2017,
OPTSTK,COALINDIA,28-Dec-2017,210,PE,0,0,0,0.55,0,0,0,0,0,19-DEC-2017,
OPTSTK,COALINDIA,28-Dec-2017,215,PE,0,0,0,0.8,0,0,0,0,0,19-DEC-2017,
OPTSTK,COALINDIA,28-Dec-2017,220,PE,0,0,0,1.2,0,0,0,0,0,19-DEC-2017,
OPTSTK,COALINDIA,28-Dec-2017,225,PE,0,0,0,1.65,0,0,0,0,0,19-DEC-2017,
OPTSTK,COALINDIA,28-Dec-2017,230,PE,0,0,0,2.25,0,0,0,0,0,19-DEC-2017,
OPTSTK,COALINDIA,28-Dec-2017,235,PE,0,0,0,3.05,0,0,0,0,0,19-DEC-2017,
OPTSTK,COALINDIA,28-Dec-2017,240,PE,0.1,0.2,0.1,0.2,0.2,12,48.99,39100,10200,19-DEC-2017,
OPTSTK,COALINDIA,28-Dec-2017,245,PE,0.15,0.25,0.15,0.25,0.25,2,8.33,32300,0,19-DEC-2017,
OPTSTK,COALINDIA,28-Dec-2017,250,PE,0.25,0.4,0.25,0.35,0.35,36,153.18,164900,5100,19-DEC-2017,
OPTSTK,COALINDIA,28-Dec-2017,255,PE,0.55,0.75,0.4,0.65,0.65,113,490.91,253300,66300,19-DEC-2017,
OPTSTK,COALINDIA,28-Dec-2017,260,PE,1.3,1.35,0.75,1.3,1.3,155,688.03,340000,-18700,19-DEC-2017,
OPTSTK,COALINDIA,28-Dec-2017,265,PE,2.75,3.05,1.6,2.6,2.6,266,1208.87,270300,113900,19-DEC-2017,
OPTSTK,COALINDIA,28-Dec-2017,270,PE,4.5,5.5,3.1,4.95,4.95,460,2144.45,435200,49300,19-DEC-2017,
OPTSTK,COALINDIA,28-Dec-2017,275,PE,6.5,8.6,6.5,7.6,7.6,5,24.04,61200,-3400,19-DEC-2017,
OPTSTK,COALINDIA,28-Dec-2017,280,PE,0,0,0,12.5,12.8,0,0,100300,0,19-DEC-2017,
OPTSTK,COALINDIA,28-Dec-2017,285,PE,0,0,0,17.7,17.3,0,0,20400,0,19-DEC-2017,
OPTSTK,COALINDIA,28-Dec-2017,290,PE,0,0,0,26.1,22.1,0,0,49300,0,19-DEC-2017,
OPTSTK,COALINDIA,28-Dec-2017,295,PE,0,0,0,24,27,0,0,3400,0,19-DEC-2017,
OPTSTK,COALINDIA,28-Dec-2017,300,PE,0,0,0,37.9,31.95,0,0,28900,0,19-DEC-2017,
OPTSTK,COALINDIA,28-Dec-2017,305,PE,0,0,0,37.6,36.95,0,0,0,0,19-DEC-2017,
OPTSTK,COALINDIA,28-Dec-2017,310,PE,0,0,0,37.35,41.95,0,0,17000,0,19-DEC-2017,
OPTSTK,COALINDIA,28-Dec-2017,315,PE,0,0,0,45.8,46.95,0,0,0,0,19-DEC-2017,
OPTSTK,COALINDIA,28-Dec-2017,320,PE,0,0,0,47,51.9,0,0,1700,0,19-DEC-2017,
OPTSTK,COALINDIA,28-Dec-2017,325,PE,0,0,0,46.3,56.9,0,0,1700,0,19-DEC-2017,
OPTSTK,COALINDIA,28-Dec-2017,330,PE,0,0,0,52.5,61.9,0,0,1700,0,19-DEC-2017,
OPTSTK,COALINDIA,28-Dec-2017,335,PE,0,0,0,63.55,66.9,0,0,0,0,19-DEC-2017,
OPTSTK,COALINDIA,28-Dec-2017,340,PE,0,0,0,59.05,71.9,0,0,1700,0,19-DEC-2017,
OPTSTK,COALINDIA,28-Dec-2017,345,PE,0,0,0,72.8,76.9,0,0,0,0,19-DEC-2017,
OPTSTK,COALINDIA,25-Jan-2018,195,CE,0,0,0,101.45,73.9,0,0,0,0,19-DEC-2017,
OPTSTK,COALINDIA,25-Jan-2018,200,CE,0,0,0,96.5,68.9,0,0,0,0,19-DEC-2017,
OPTSTK,COALINDIA,25-Jan-2018,205,CE,0,0,0,91.6,63.95,0,0,0,0,19-DEC-2017,
OPTSTK,COALINDIA,25-Jan-2018,210,CE,0,0,0,86.7,59,0,0,0,0,19-DEC-2017,
OPTSTK,COALINDIA,25-Jan-2018,215,CE,0,0,0,81.75,54.05,0,0,0,0,19-DEC-2017,
OPTSTK,COALINDIA,25-Jan-2018,220,CE,0,0,0,76.85,49.1,0,0,0,0,19-DEC-2017,
OPTSTK,COALINDIA,25-Jan-2018,225,CE,0,0,0,72,44.2,0,0,0,0,19-DEC-2017,
OPTSTK,COALINDIA,25-Jan-2018,230,CE,0,0,0,67.15,39.35,0,0,0,0,19-DEC-2017,
OPTSTK,COALINDIA,25-Jan-2018,235,CE,0,0,0,62.35,34.6,0,0,0,0,19-DEC-2017,
OPTSTK,COALINDIA,25-Jan-2018,240,CE,0,0,0,33.9,30,0,0,2200,0,19-DEC-2017,
OPTSTK,COALINDIA,25-Jan-2018,245,CE,0,0,0,52.9,25.6,0,0,0,0,19-DEC-2017,
OPTSTK,COALINDIA,25-Jan-2018,250,CE,22,22,22,22,22,1,5.98,2200,2200,19-DEC-2017,
OPTSTK,COALINDIA,25-Jan-2018,255,CE,0,0,0,43.8,17.65,0,0,0,0,19-DEC-2017,
OPTSTK,COALINDIA,25-Jan-2018,260,CE,0,0,0,13.4,14.2,0,0,4400,0,19-DEC-2017,
OPTSTK,COALINDIA,25-Jan-2018,265,CE,0,0,0,35.35,11.2,0,0,0,0,19-DEC-2017,
OPTSTK,COALINDIA,25-Jan-2018,270,CE,9,9,7.2,7.2,7.2,4,24.43,13200,6600,19-DEC-2017,
OPTSTK,COALINDIA,25-Jan-2018,275,CE,6.4,6.4,6.4,6.4,6.4,1,6.19,6600,2200,19-DEC-2017,
OPTSTK,COALINDIA,25-Jan-2018,280,CE,4.45,4.5,4.1,4.35,4.35,10,62.56,48400,8800,19-DEC-2017,
OPTSTK,COALINDIA,25-Jan-2018,285,CE,0,0,0,21,3.45,0,0,0,0,19-DEC-2017,
OPTSTK,COALINDIA,25-Jan-2018,290,CE,2.2,2.2,2.1,2.1,2.1,4,25.7,15400,6600,19-DEC-2017,
OPTSTK,COALINDIA,25-Jan-2018,295,CE,0,0,0,15.45,1.65,0,0,0,0,19-DEC-2017,
OPTSTK,COALINDIA,25-Jan-2018,300,CE,0,0,0,0.95,1.15,0,0,15400,0,19-DEC-2017,
OPTSTK,COALINDIA,25-Jan-2018,305,CE,0,0,0,10.95,0.75,0,0,0,0,19-DEC-2017,
OPTSTK,COALINDIA,25-Jan-2018,310,CE,0,0,0,9.1,0.5,0,0,0,0,19-DEC-2017,
OPTSTK,COALINDIA,25-Jan-2018,315,CE,0,0,0,7.55,0.3,0,0,0,0,19-DEC-2017,
OPTSTK,COALINDIA,25-Jan-2018,320,CE,0,0,0,6.15,0.2,0,0,0,0,19-DEC-2017,
OPTSTK,COALINDIA,25-Jan-2018,325,CE,0,0,0,5,0.15,0,0,0,0,19-DEC-2017,
OPTSTK,COALINDIA,25-Jan-2018,330,CE,0,0,0,4.05,0.1,0,0,0,0,19-DEC-2017,
OPTSTK,COALINDIA,25-Jan-2018,335,CE,0,0,0,3.25,0.05,0,0,0,0,19-DEC-2017,
OPTSTK,COALINDIA,25-Jan-2018,340,CE,0,0,0,2.55,0.05,0,0,0,0,19-DEC-2017,
OPTSTK,COALINDIA,25-Jan-2018,345,CE,0,0,0,2,0.05,0,0,0,0,19-DEC-2017,
OPTSTK,COALINDIA,25-Jan-2018,195,PE,0,0,0,0.05,0,0,0,0,0,19-DEC-2017,
OPTSTK,COALINDIA,25-Jan-2018,200,PE,0,0,0,0.05,0,0,0,0,0,19-DEC-2017,
OPTSTK,COALINDIA,25-Jan-2018,205,PE,0,0,0,0.05,0,0,0,0,0,19-DEC-2017,
OPTSTK,COALINDIA,25-Jan-2018,210,PE,0,0,0,0.05,0.05,0,0,0,0,19-DEC-2017,
OPTSTK,COALINDIA,25-Jan-2018,215,PE,0,0,0,0.05,0.05,0,0,0,0,19-DEC-2017,
OPTSTK,COALINDIA,25-Jan-2018,220,PE,0,0,0,0.05,0.05,0,0,0,0,19-DEC-2017,
OPTSTK,COALINDIA,25-Jan-2018,225,PE,0,0,0,0.1,0.15,0,0,0,0,19-DEC-2017,
OPTSTK,COALINDIA,25-Jan-2018,230,PE,0,0,0,0.2,0.25,0,0,0,0,19-DEC-2017,
OPTSTK,COALINDIA,25-Jan-2018,235,PE,0,0,0,0.3,0.45,0,0,0,0,19-DEC-2017,
OPTSTK,COALINDIA,25-Jan-2018,240,PE,0,0,0,0.45,0.85,0,0,0,0,19-DEC-2017,
OPTSTK,COALINDIA,25-Jan-2018,245,PE,0,0,0,0.7,1.4,0,0,0,0,19-DEC-2017,
OPTSTK,COALINDIA,25-Jan-2018,250,PE,1,1,1,1,1,1,5.52,8800,2200,19-DEC-2017,
OPTSTK,COALINDIA,25-Jan-2018,255,PE,0,0,0,1.45,3.4,0,0,0,0,19-DEC-2017,
OPTSTK,COALINDIA,25-Jan-2018,260,PE,3,4.35,3,4.35,4.35,2,11.6,8800,2200,19-DEC-2017,
OPTSTK,COALINDIA,25-Jan-2018,265,PE,6,6,6,6,6,1,5.96,2200,2200,19-DEC-2017,
OPTSTK,COALINDIA,25-Jan-2018,270,PE,0,0,0,3.85,9.3,0,0,0,0,19-DEC-2017,
OPTSTK,COALINDIA,25-Jan-2018,275,PE,0,0,0,5.05,12.1,0,0,0,0,19-DEC-2017,
OPTSTK,COALINDIA,25-Jan-2018,280,PE,0,0,0,6.5,15.35,0,0,0,0,19-DEC-2017,
OPTSTK,COALINDIA,25-Jan-2018,285,PE,0,0,0,8.2,19,0,0,0,0,19-DEC-2017,
OPTSTK,COALINDIA,25-Jan-2018,290,PE,0,0,0,10.2,22.95,0,0,0,0,19-DEC-2017,
OPTSTK,COALINDIA,25-Jan-2018,295,PE,0,0,0,12.45,27.15,0,0,0,0,19-DEC-2017,
OPTSTK,COALINDIA,25-Jan-2018,300,PE,0,0,0,15,31.6,0,0,0,0,19-DEC-2017,
OPTSTK,COALINDIA,25-Jan-2018,305,PE,0,0,0,17.85,36.15,0,0,0,0,19-DEC-2017,
OPTSTK,COALINDIA,25-Jan-2018,310,PE,0,0,0,20.9,40.85,0,0,0,0,19-DEC-2017,
OPTSTK,COALINDIA,25-Jan-2018,315,PE,0,0,0,24.25,45.65,0,0,0,0,19-DEC-2017,
OPTSTK,COALINDIA,25-Jan-2018,320,PE,0,0,0,27.8,50.5,0,0,0,0,19-DEC-2017,
OPTSTK,COALINDIA,25-Jan-2018,325,PE,0,0,0,31.55,55.4,0,0,0,0,19-DEC-2017,
OPTSTK,COALINDIA,25-Jan-2018,330,PE,0,0,0,35.5,60.35,0,0,0,0,19-DEC-2017,
OPTSTK,COALINDIA,25-Jan-2018,335,PE,0,0,0,39.6,65.3,0,0,0,0,19-DEC-2017,
OPTSTK,COALINDIA,25-Jan-2018,340,PE,0,0,0,43.9,70.25,0,0,0,0,19-DEC-2017,
OPTSTK,COALINDIA,25-Jan-2018,345,PE,0,0,0,48.25,75.2,0,0,0,0,19-DEC-2017,
OPTSTK,COALINDIA,22-Feb-2018,195,CE,0,0,0,83.65,74.85,0,0,0,0,19-DEC-2017,
OPTSTK,COALINDIA,22-Feb-2018,200,CE,0,0,0,78.75,69.95,0,0,0,0,19-DEC-2017,
OPTSTK,COALINDIA,22-Feb-2018,205,CE,0,0,0,73.85,65,0,0,0,0,19-DEC-2017,
OPTSTK,COALINDIA,22-Feb-2018,210,CE,0,0,0,68.9,60.1,0,0,0,0,19-DEC-2017,
OPTSTK,COALINDIA,22-Feb-2018,215,CE,0,0,0,64.05,55.25,0,0,0,0,19-DEC-2017,
OPTSTK,COALINDIA,22-Feb-2018,220,CE,0,0,0,59.15,50.45,0,0,0,0,19-DEC-2017,
OPTSTK,COALINDIA,22-Feb-2018,225,CE,0,0,0,54.35,45.7,0,0,0,0,19-DEC-2017,
OPTSTK,COALINDIA,22-Feb-2018,230,CE,0,0,0,49.6,41.1,0,0,0,0,19-DEC-2017,
OPTSTK,COALINDIA,22-Feb-2018,235,CE,0,0,0,44.9,36.65,0,0,0,0,19-DEC-2017,
OPTSTK,COALINDIA,22-Feb-2018,240,CE,0,0,0,40.35,32.35,0,0,0,0,19-DEC-2017,
OPTSTK,COALINDIA,22-Feb-2018,245,CE,0,0,0,35.95,28.25,0,0,0,0,19-DEC-2017,
OPTSTK,COALINDIA,22-Feb-2018,250,CE,0,0,0,31.75,24.45,0,0,0,0,19-DEC-2017,
OPTSTK,COALINDIA,22-Feb-2018,255,CE,0,0,0,27.75,20.9,0,0,0,0,19-DEC-2017,
OPTSTK,COALINDIA,22-Feb-2018,260,CE,0,0,0,24,17.65,0,0,0,0,19-DEC-2017,
OPTSTK,COALINDIA,22-Feb-2018,265,CE,0,0,0,20.55,14.75,0,0,0,0,19-DEC-2017,
OPTSTK,COALINDIA,22-Feb-2018,270,CE,0,0,0,17.4,12.2,0,0,0,0,19-DEC-2017,
OPTSTK,COALINDIA,22-Feb-2018,275,CE,0,0,0,14.55,9.95,0,0,0,0,19-DEC-2017,
OPTSTK,COALINDIA,22-Feb-2018,280,CE,0,0,0,12.05,8,0,0,0,0,19-DEC-2017,
OPTSTK,COALINDIA,22-Feb-2018,285,CE,0,0,0,9.85,6.4,0,0,0,0,19-DEC-2017,
OPTSTK,COALINDIA,22-Feb-2018,290,CE,0,0,0,7.95,5.05,0,0,0,0,19-DEC-2017,
OPTSTK,COALINDIA,22-Feb-2018,295,CE,0,0,0,6.35,3.9,0,0,0,0,19-DEC-2017,
OPTSTK,COALINDIA,22-Feb-2018,300,CE,0,0,0,4.4,3,0,0,4400,0,19-DEC-2017,
OPTSTK,COALINDIA,22-Feb-2018,305,CE,0,0,0,3.95,2.3,0,0,0,0,19-DEC-2017,
OPTSTK,COALINDIA,22-Feb-2018,310,CE,0,0,0,3.05,1.7,0,0,0,0,19-DEC-2017,
OPTSTK,COALINDIA,22-Feb-2018,315,CE,0,0,0,2.35,1.3,0,0,0,0,19-DEC-2017,
OPTSTK,COALINDIA,22-Feb-2018,320,CE,0,0,0,1.75,0.95,0,0,0,0,19-DEC-2017,
OPTSTK,COALINDIA,22-Feb-2018,325,CE,0,0,0,1.3,0.7,0,0,0,0,19-DEC-2017,
OPTSTK,COALINDIA,22-Feb-2018,330,CE,0,0,0,1,0.5,0,0,0,0,19-DEC-2017,
OPTSTK,COALINDIA,22-Feb-2018,335,CE,0,0,0,0.75,0.35,0,0,0,0,19-DEC-2017,
OPTSTK,COALINDIA,22-Feb-2018,340,CE,0,0,0,0.55,0.25,0,0,0,0,19-DEC-2017,
OPTSTK,COALINDIA,22-Feb-2018,345,CE,0,0,0,0.4,0.2,0,0,0,0,19-DEC-2017,
OPTSTK,COALINDIA,22-Feb-2018,195,PE,0,0,0,0.05,0.05,0,0,0,0,19-DEC-2017,
OPTSTK,COALINDIA,22-Feb-2018,200,PE,0,0,0,0.05,0.05,0,0,0,0,19-DEC-2017,
OPTSTK,COALINDIA,22-Feb-2018,205,PE,0,0,0,0.05,0.05,0,0,0,0,19-DEC-2017,
OPTSTK,COALINDIA,22-Feb-2018,210,PE,0,0,0,0.05,0.1,0,0,0,0,19-DEC-2017,
OPTSTK,COALINDIA,22-Feb-2018,215,PE,0,0,0,0.1,0.2,0,0,0,0,19-DEC-2017,
OPTSTK,COALINDIA,22-Feb-2018,220,PE,0,0,0,0.15,0.35,0,0,0,0,19-DEC-2017,
OPTSTK,COALINDIA,22-Feb-2018,225,PE,0,0,0,0.25,0.55,0,0,0,0,19-DEC-2017,
OPTSTK,COALINDIA,22-Feb-2018,230,PE,0,0,0,0.45,0.9,0,0,0,0,19-DEC-2017,
OPTSTK,COALINDIA,22-Feb-2018,235,PE,0,0,0,0.7,1.35,0,0,0,0,19-DEC-2017,
OPTSTK,COALINDIA,22-Feb-2018,240,PE,0,0,0,1.05,2,0,0,0,0,19-DEC-2017,
OPTSTK,COALINDIA,22-Feb-2018,245,PE,0,0,0,1.55,2.85,0,0,0,0,19-DEC-2017,
OPTSTK,COALINDIA,22-Feb-2018,250,PE,0,0,0,2.3,4,0,0,0,0,19-DEC-2017,
OPTSTK,COALINDIA,22-Feb-2018,255,PE,0,0,0,3.2,5.4,0,0,0,0,19-DEC-2017,
OPTSTK,COALINDIA,22-Feb-2018,260,PE,0,0,0,4.4,7.1,0,0,0,0,19-DEC-2017,
OPTSTK,COALINDIA,22-Feb-2018,265,PE,0,0,0,5.85,9.15,0,0,0,0,19-DEC-2017,
OPTSTK,COALINDIA,22-Feb-2018,270,PE,0,0,0,7.65,11.5,0,0,0,0,19-DEC-2017,
OPTSTK,COALINDIA,22-Feb-2018,275,PE,0,0,0,9.75,14.2,0,0,0,0,19-DEC-2017,
OPTSTK,COALINDIA,22-Feb-2018,280,PE,0,0,0,12.15,17.2,0,0,0,0,19-DEC-2017,
OPTSTK,COALINDIA,22-Feb-2018,285,PE,0,0,0,14.9,20.55,0,0,0,0,19-DEC-2017,
OPTSTK,COALINDIA,22-Feb-2018,290,PE,0,0,0,17.95,24.1,0,0,0,0,19-DEC-2017,
OPTSTK,COALINDIA,22-Feb-2018,295,PE,0,0,0,21.25,27.95,0,0,0,0,19-DEC-2017,
OPTSTK,COALINDIA,22-Feb-2018,300,PE,0,0,0,24.85,32,0,0,0,0,19-DEC-2017,
OPTSTK,COALINDIA,22-Feb-2018,305,PE,0,0,0,28.7,36.2,0,0,0,0,19-DEC-2017,
OPTSTK,COALINDIA,22-Feb-2018,310,PE,0,0,0,32.75,40.6,0,0,0,0,19-DEC-2017,
OPTSTK,COALINDIA,22-Feb-2018,315,PE,0,0,0,36.95,45.1,0,0,0,0,19-DEC-2017,
OPTSTK,COALINDIA,22-Feb-2018,320,PE,0,0,0,41.3,49.7,0,0,0,0,19-DEC-2017,
OPTSTK,COALINDIA,22-Feb-2018,325,PE,0,0,0,45.8,54.4,0,0,0,0,19-DEC-2017,
OPTSTK,COALINDIA,22-Feb-2018,330,PE,0,0,0,50.35,59.15,0,0,0,0,19-DEC-2017,
OPTSTK,COALINDIA,22-Feb-2018,335,PE,0,0,0,55.05,63.95,0,0,0,0,19-DEC-2017,
OPTSTK,COALINDIA,22-Feb-2018,340,PE,0,0,0,59.8,68.8,0,0,0,0,19-DEC-2017,
OPTSTK,COALINDIA,22-Feb-2018,345,PE,0,0,0,64.55,73.65,0,0,0,0,19-DEC-2017,
OPTSTK,COLPAL,28-Dec-2017,820,CE,0,0,0,205.5,255.6,0,0,700,0,19-DEC-2017,
OPTSTK,COLPAL,28-Dec-2017,840,CE,0,0,0,185.6,235.65,0,0,700,0,19-DEC-2017,
OPTSTK,COLPAL,28-Dec-2017,860,CE,0,0,0,229.85,215.65,0,0,0,0,19-DEC-2017,
OPTSTK,COLPAL,28-Dec-2017,880,CE,0,0,0,145.85,195.7,0,0,700,0,19-DEC-2017,
OPTSTK,COLPAL,28-Dec-2017,900,CE,0,0,0,191.55,175.7,0,0,0,0,19-DEC-2017,
OPTSTK,COLPAL,28-Dec-2017,920,CE,0,0,0,172.9,155.75,0,0,0,0,19-DEC-2017,
OPTSTK,COLPAL,28-Dec-2017,940,CE,0,0,0,154.75,135.8,0,0,0,0,19-DEC-2017,
OPTSTK,COLPAL,28-Dec-2017,960,CE,0,0,0,137.2,115.8,0,0,0,0,19-DEC-2017,
OPTSTK,COLPAL,28-Dec-2017,980,CE,0,0,0,120.45,95.85,0,0,0,0,19-DEC-2017,
OPTSTK,COLPAL,28-Dec-2017,1000,CE,0,0,0,104.6,75.95,0,0,0,0,19-DEC-2017,
OPTSTK,COLPAL,28-Dec-2017,1020,CE,0,0,0,89.9,56.45,0,0,0,0,19-DEC-2017,
OPTSTK,COLPAL,28-Dec-2017,1040,CE,0,0,0,34.5,38.1,0,0,1400,0,19-DEC-2017,
OPTSTK,COLPAL,28-Dec-2017,1060,CE,0,0,0,17,22.55,0,0,11200,0,19-DEC-2017,
OPTSTK,COLPAL,28-Dec-2017,1080,CE,9,9,8.8,8.8,8.8,2,15.24,9800,0,19-DEC-2017,
OPTSTK,COLPAL,28-Dec-2017,1100,CE,5.05,5.45,2.6,5.3,5.3,11,85.04,29400,-1400,19-DEC-2017,
OPTSTK,COLPAL,28-Dec-2017,1120,CE,0,0,0,3.5,1.5,0,0,1400,0,19-DEC-2017,
OPTSTK,COLPAL,28-Dec-2017,1140,CE,0,0,0,3,0.4,0,0,4200,0,19-DEC-2017,
OPTSTK,COLPAL,28-Dec-2017,1160,CE,0,0,0,22.15,0.1,0,0,0,0,19-DEC-2017,
OPTSTK,COLPAL,28-Dec-2017,1180,CE,0,0,0,17.35,0.05,0,0,0,0,19-DEC-2017,
OPTSTK,COLPAL,28-Dec-2017,1200,CE,0,0,0,3,0,0,0,1400,0,19-DEC-2017,
OPTSTK,COLPAL,28-Dec-2017,1220,CE,0,0,0,10.15,0,0,0,0,0,19-DEC-2017,
OPTSTK,COLPAL,28-Dec-2017,1240,CE,0,0,0,7.65,0,0,0,0,0,19-DEC-2017,
OPTSTK,COLPAL,28-Dec-2017,1260,CE,0,0,0,5.7,0,0,0,0,0,19-DEC-2017,
OPTSTK,COLPAL,28-Dec-2017,1280,CE,0,0,0,4.2,0,0,0,0,0,19-DEC-2017,
OPTSTK,COLPAL,28-Dec-2017,1300,CE,0,0,0,3.05,0,0,0,0,0,19-DEC-2017,
OPTSTK,COLPAL,28-Dec-2017,1320,CE,0,0,0,2.2,0,0,0,0,0,19-DEC-2017,
OPTSTK,COLPAL,28-Dec-2017,1340,CE,0,0,0,1.55,0,0,0,0,0,19-DEC-2017,
OPTSTK,COLPAL,28-Dec-2017,1360,CE,0,0,0,1.1,0,0,0,0,0,19-DEC-2017,
OPTSTK,COLPAL,28-Dec-2017,820,PE,0,0,0,0.15,0,0,0,0,0,19-DEC-2017,
OPTSTK,COLPAL,28-Dec-2017,840,PE,0,0,0,0.3,0,0,0,0,0,19-DEC-2017,
OPTSTK,COLPAL,28-Dec-2017,860,PE,0,0,0,0.55,0,0,0,0,0,19-DEC-2017,
OPTSTK,COLPAL,28-Dec-2017,880,PE,0,0,0,0.95,0,0,0,0,0,19-DEC-2017,
OPTSTK,COLPAL,28-Dec-2017,900,PE,0,0,0,1.6,0,0,0,0,0,19-DEC-2017,
OPTSTK,COLPAL,28-Dec-2017,920,PE,0,0,0,2.65,0,0,0,0,0,19-DEC-2017,
OPTSTK,COLPAL,28-Dec-2017,940,PE,0,0,0,4.15,0,0,0,0,0,19-DEC-2017,
OPTSTK,COLPAL,28-Dec-2017,960,PE,0,0,0,6.3,0,0,0,0,0,19-DEC-2017,
OPTSTK,COLPAL,28-Dec-2017,980,PE,0,0,0,9.25,0.05,0,0,0,0,19-DEC-2017,
OPTSTK,COLPAL,28-Dec-2017,1000,PE,0,0,0,0.45,0.1,0,0,1400,0,19-DEC-2017,
OPTSTK,COLPAL,28-Dec-2017,1020,PE,0,0,0,1.5,0.55,0,0,5600,0,19-DEC-2017,
OPTSTK,COLPAL,28-Dec-2017,1040,PE,0,0,0,6,2.2,0,0,1400,0,19-DEC-2017,
OPTSTK,COLPAL,28-Dec-2017,1060,PE,0,0,0,24,6.6,0,0,700,0,19-DEC-2017,
OPTSTK,COLPAL,28-Dec-2017,1080,PE,0,0,0,17.15,15.25,0,0,2100,0,19-DEC-2017,
OPTSTK,COLPAL,28-Dec-2017,1100,PE,0,0,0,78.2,28.6,0,0,2100,0,19-DEC-2017,
OPTSTK,COLPAL,28-Dec-2017,1120,PE,0,0,0,61.8,45.5,0,0,0,0,19-DEC-2017,
OPTSTK,COLPAL,28-Dec-2017,1140,PE,0,0,0,74.4,64.35,0,0,0,0,19-DEC-2017,
OPTSTK,COLPAL,28-Dec-2017,1160,PE,0,0,0,88.15,84,0,0,0,0,19-DEC-2017,
OPTSTK,COLPAL,28-Dec-2017,1180,PE,0,0,0,103.05,103.9,0,0,0,0,19-DEC-2017,
OPTSTK,COLPAL,28-Dec-2017,1200,PE,0,0,0,118.7,123.85,0,0,0,0,19-DEC-2017,
OPTSTK,COLPAL,28-Dec-2017,1220,PE,0,0,0,135.2,143.8,0,0,0,0,19-DEC-2017,
OPTSTK,COLPAL,28-Dec-2017,1240,PE,0,0,0,152.4,163.8,0,0,0,0,19-DEC-2017,
OPTSTK,COLPAL,28-Dec-2017,1260,PE,0,0,0,170.15,183.75,0,0,0,0,19-DEC-2017,
OPTSTK,COLPAL,28-Dec-2017,1280,PE,0,0,0,251.65,203.75,0,0,2800,0,19-DEC-2017,
OPTSTK,COLPAL,28-Dec-2017,1300,PE,0,0,0,271.6,223.7,0,0,700,0,19-DEC-2017,
OPTSTK,COLPAL,28-Dec-2017,1320,PE,0,0,0,225.7,243.65,0,0,0,0,19-DEC-2017,
OPTSTK,COLPAL,28-Dec-2017,1340,PE,0,0,0,244.75,263.65,0,0,0,0,19-DEC-2017,
OPTSTK,COLPAL,28-Dec-2017,1360,PE,0,0,0,264,283.6,0,0,0,0,19-DEC-2017,
OPTSTK,COLPAL,25-Jan-2018,820,CE,0,0,0,248.2,259.65,0,0,0,0,19-DEC-2017,
OPTSTK,COLPAL,25-Jan-2018,840,CE,0,0,0,229,239.8,0,0,0,0,19-DEC-2017,
OPTSTK,COLPAL,25-Jan-2018,860,CE,0,0,0,210,219.9,0,0,0,0,19-DEC-2017,
OPTSTK,COLPAL,25-Jan-2018,880,CE,0,0,0,191.4,200.05,0,0,0,0,19-DEC-2017,
OPTSTK,COLPAL,25-Jan-2018,900,CE,0,0,0,173.25,180.2,0,0,0,0,19-DEC-2017,
OPTSTK,COLPAL,25-Jan-2018,920,CE,0,0,0,155.65,160.4,0,0,0,0,19-DEC-2017,
OPTSTK,COLPAL,25-Jan-2018,940,CE,0,0,0,138.8,140.7,0,0,0,0,19-DEC-2017,
OPTSTK,COLPAL,25-Jan-2018,960,CE,0,0,0,122.7,121.25,0,0,0,0,19-DEC-2017,
OPTSTK,COLPAL,25-Jan-2018,980,CE,0,0,0,107.65,102.25,0,0,0,0,19-DEC-2017,
OPTSTK,COLPAL,25-Jan-2018,1000,CE,0,0,0,93.45,84,0,0,0,0,19-DEC-2017,
OPTSTK,COLPAL,25-Jan-2018,1020,CE,0,0,0,80.5,67,0,0,0,0,19-DEC-2017,
OPTSTK,COLPAL,25-Jan-2018,1040,CE,0,0,0,68.7,51.6,0,0,0,0,19-DEC-2017,
OPTSTK,COLPAL,25-Jan-2018,1060,CE,0,0,0,58.05,38.3,0,0,0,0,19-DEC-2017,
OPTSTK,COLPAL,25-Jan-2018,1080,CE,0,0,0,48.6,27.25,0,0,0,0,19-DEC-2017,
OPTSTK,COLPAL,25-Jan-2018,1100,CE,0,0,0,40.35,18.6,0,0,0,0,19-DEC-2017,
OPTSTK,COLPAL,25-Jan-2018,1120,CE,0,0,0,33.15,12.1,0,0,0,0,19-DEC-2017,
OPTSTK,COLPAL,25-Jan-2018,1140,CE,0,0,0,27,7.55,0,0,0,0,19-DEC-2017,
OPTSTK,COLPAL,25-Jan-2018,1160,CE,0,0,0,21.85,4.5,0,0,0,0,19-DEC-2017,
OPTSTK,COLPAL,25-Jan-2018,1180,CE,0,0,0,17.45,2.55,0,0,0,0,19-DEC-2017,
OPTSTK,COLPAL,25-Jan-2018,1200,CE,0,0,0,13.85,1.4,0,0,0,0,19-DEC-2017,
OPTSTK,COLPAL,25-Jan-2018,1220,CE,0,0,0,10.85,0.7,0,0,0,0,19-DEC-2017,
OPTSTK,COLPAL,25-Jan-2018,1240,CE,0,0,0,8.5,0.35,0,0,0,0,19-DEC-2017,
OPTSTK,COLPAL,25-Jan-2018,1260,CE,0,0,0,6.55,0.2,0,0,0,0,19-DEC-2017,
OPTSTK,COLPAL,25-Jan-2018,1280,CE,0,0,0,5.05,0.1,0,0,0,0,19-DEC-2017,
OPTSTK,COLPAL,25-Jan-2018,1300,CE,0,0,0,3.85,0.05,0,0,0,0,19-DEC-2017,
OPTSTK,COLPAL,25-Jan-2018,1320,CE,0,0,0,2.9,0.05,0,0,0,0,19-DEC-2017,
OPTSTK,COLPAL,25-Jan-2018,1340,CE,0,0,0,2.15,0.05,0,0,0,0,19-DEC-2017,
OPTSTK,COLPAL,25-Jan-2018,1360,CE,0,0,0,1.6,0,0,0,0,0,19-DEC-2017,
OPTSTK,COLPAL,25-Jan-2018,820,PE,0,0,0,0.7,0,0,0,0,0,19-DEC-2017,
OPTSTK,COLPAL,25-Jan-2018,840,PE,0,0,0,1.15,0,0,0,0,0,19-DEC-2017,
OPTSTK,COLPAL,25-Jan-2018,860,PE,0,0,0,1.9,0,0,0,0,0,19-DEC-2017,
OPTSTK,COLPAL,25-Jan-2018,880,PE,0,0,0,2.95,0.05,0,0,0,0,19-DEC-2017,
OPTSTK,COLPAL,25-Jan-2018,900,PE,0,0,0,4.5,0.05,0,0,0,0,19-DEC-2017,
OPTSTK,COLPAL,25-Jan-2018,920,PE,0,0,0,6.6,0.1,0,0,0,0,19-DEC-2017,
OPTSTK,COLPAL,25-Jan-2018,940,PE,0,0,0,9.4,0.3,0,0,0,0,19-DEC-2017,
OPTSTK,COLPAL,25-Jan-2018,960,PE,0,0,0,13,0.7,0,0,0,0,19-DEC-2017,
OPTSTK,COLPAL,25-Jan-2018,980,PE,0,0,0,17.6,1.55,0,0,0,0,19-DEC-2017,
OPTSTK,COLPAL,25-Jan-2018,1000,PE,0,0,0,23.15,3.2,0,0,0,0,19-DEC-2017,
OPTSTK,COLPAL,25-Jan-2018,1020,PE,0,0,0,29.85,6.05,0,0,0,0,19-DEC-2017,
OPTSTK,COLPAL,25-Jan-2018,1040,PE,0,0,0,37.7,10.55,0,0,0,0,19-DEC-2017,
OPTSTK,COLPAL,25-Jan-2018,1060,PE,0,0,0,46.8,17.1,0,0,0,0,19-DEC-2017,
OPTSTK,COLPAL,25-Jan-2018,1080,PE,0,0,0,57.05,25.95,0,0,0,0,19-DEC-2017,
OPTSTK,COLPAL,25-Jan-2018,1100,PE,0,0,0,68.45,37.1,0,0,0,0,19-DEC-2017,
OPTSTK,COLPAL,25-Jan-2018,1120,PE,0,0,0,80.95,50.5,0,0,0,0,19-DEC-2017,
OPTSTK,COLPAL,25-Jan-2018,1140,PE,0,0,0,94.45,65.8,0,0,0,0,19-DEC-2017,
OPTSTK,COLPAL,25-Jan-2018,1160,PE,0,0,0,109,82.65,0,0,0,0,19-DEC-2017,
OPTSTK,COLPAL,25-Jan-2018,1180,PE,0,0,0,124.3,100.55,0,0,0,0,19-DEC-2017,
OPTSTK,COLPAL,25-Jan-2018,1200,PE,0,0,0,140.35,119.25,0,0,0,0,19-DEC-2017,
OPTSTK,COLPAL,25-Jan-2018,1220,PE,0,0,0,157.1,138.5,0,0,0,0,19-DEC-2017,
OPTSTK,COLPAL,25-Jan-2018,1240,PE,0,0,0,174.4,158,0,0,0,0,19-DEC-2017,
OPTSTK,COLPAL,25-Jan-2018,1260,PE,0,0,0,192.15,177.7,0,0,0,0,19-DEC-2017,
OPTSTK,COLPAL,25-Jan-2018,1280,PE,0,0,0,210.3,197.45,0,0,0,0,19-DEC-2017,
OPTSTK,COLPAL,25-Jan-2018,1300,PE,0,0,0,228.8,217.3,0,0,0,0,19-DEC-2017,
OPTSTK,COLPAL,25-Jan-2018,1320,PE,0,0,0,247.55,237.15,0,0,0,0,19-DEC-2017,
OPTSTK,COLPAL,25-Jan-2018,1340,PE,0,0,0,266.5,257,0,0,0,0,19-DEC-2017,
OPTSTK,COLPAL,25-Jan-2018,1360,PE,0,0,0,285.65,276.85,0,0,0,0,19-DEC-2017,
OPTSTK,COLPAL,22-Feb-2018,820,CE,0,0,0,228.7,263.7,0,0,0,0,19-DEC-2017,
OPTSTK,COLPAL,22-Feb-2018,840,CE,0,0,0,209.1,243.9,0,0,0,0,19-DEC-2017,
OPTSTK,COLPAL,22-Feb-2018,860,CE,0,0,0,189.6,224.2,0,0,0,0,19-DEC-2017,
OPTSTK,COLPAL,22-Feb-2018,880,CE,0,0,0,170.3,204.5,0,0,0,0,19-DEC-2017,
OPTSTK,COLPAL,22-Feb-2018,900,CE,0,0,0,151.35,184.9,0,0,0,0,19-DEC-2017,
OPTSTK,COLPAL,22-Feb-2018,920,CE,0,0,0,132.8,165.45,0,0,0,0,19-DEC-2017,
OPTSTK,COLPAL,22-Feb-2018,940,CE,0,0,0,115,146.35,0,0,0,0,19-DEC-2017,
OPTSTK,COLPAL,22-Feb-2018,960,CE,0,0,0,98.1,127.65,0,0,0,0,19-DEC-2017,
OPTSTK,COLPAL,22-Feb-2018,980,CE,0,0,0,82.3,109.7,0,0,0,0,19-DEC-2017,
OPTSTK,COLPAL,22-Feb-2018,1000,CE,0,0,0,67.85,92.65,0,0,0,0,19-DEC-2017,
OPTSTK,COLPAL,22-Feb-2018,1020,CE,0,0,0,54.9,76.8,0,0,0,0,19-DEC-2017,
OPTSTK,COLPAL,22-Feb-2018,1040,CE,0,0,0,43.6,62.4,0,0,0,0,19-DEC-2017,
OPTSTK,COLPAL,22-Feb-2018,1060,CE,0,0,0,33.9,49.6,0,0,0,0,19-DEC-2017,
OPTSTK,COLPAL,22-Feb-2018,1080,CE,0,0,0,25.9,38.55,0,0,0,0,19-DEC-2017,
OPTSTK,COLPAL,22-Feb-2018,1100,CE,0,0,0,19.35,29.3,0,0,0,0,19-DEC-2017,
OPTSTK,COLPAL,22-Feb-2018,1120,CE,0,0,0,14.2,21.7,0,0,0,0,19-DEC-2017,
OPTSTK,COLPAL,22-Feb-2018,1140,CE,0,0,0,10.2,15.7,0,0,0,0,19-DEC-2017,
OPTSTK,COLPAL,22-Feb-2018,1160,CE,0,0,0,7.15,11.15,0,0,0,0,19-DEC-2017,
OPTSTK,COLPAL,22-Feb-2018,1180,CE,0,0,0,4.95,7.7,0,0,0,0,19-DEC-2017,
OPTSTK,COLPAL,22-Feb-2018,1200,CE,0,0,0,3.35,5.2,0,0,0,0,19-DEC-2017,
OPTSTK,COLPAL,22-Feb-2018,1220,CE,0,0,0,2.2,3.4,0,0,0,0,19-DEC-2017,
OPTSTK,COLPAL,22-Feb-2018,1240,CE,0,0,0,1.45,2.2,0,0,0,0,19-DEC-2017,
OPTSTK,COLPAL,22-Feb-2018,1260,CE,0,0,0,0.95,1.4,0,0,0,0,19-DEC-2017,
OPTSTK,COLPAL,22-Feb-2018,1280,CE,0,0,0,0.6,0.85,0,0,0,0,19-DEC-2017,
OPTSTK,COLPAL,22-Feb-2018,1300,CE,0,0,0,0.35,0.5,0,0,0,0,19-DEC-2017,
OPTSTK,COLPAL,22-Feb-2018,1320,CE,0,0,0,0.25,0.3,0,0,0,0,19-DEC-2017,
OPTSTK,COLPAL,22-Feb-2018,1340,CE,0,0,0,0.15,0.2,0,0,0,0,19-DEC-2017,
OPTSTK,COLPAL,22-Feb-2018,1360,CE,0,0,0,0.1,0.1,0,0,0,0,19-DEC-2017,
OPTSTK,COLPAL,22-Feb-2018,820,PE,0,0,0,0.1,0.05,0,0,0,0,19-DEC-2017,
OPTSTK,COLPAL,22-Feb-2018,840,PE,0,0,0,0.2,0.05,0,0,0,0,19-DEC-2017,
OPTSTK,COLPAL,22-Feb-2018,860,PE,0,0,0,0.4,0.05,0,0,0,0,19-DEC-2017,
OPTSTK,COLPAL,22-Feb-2018,880,PE,0,0,0,0.85,0.15,0,0,0,0,19-DEC-2017,
OPTSTK,COLPAL,22-Feb-2018,900,PE,0,0,0,1.55,0.3,0,0,0,0,19-DEC-2017,
OPTSTK,COLPAL,22-Feb-2018,920,PE,0,0,0,2.75,0.65,0,0,0,0,19-DEC-2017,
OPTSTK,COLPAL,22-Feb-2018,940,PE,0,0,0,4.65,1.3,0,0,0,0,19-DEC-2017,
OPTSTK,COLPAL,22-Feb-2018,960,PE,0,0,0,7.45,2.4,0,0,0,0,19-DEC-2017,
OPTSTK,COLPAL,22-Feb-2018,980,PE,0,0,0,11.35,4.2,0,0,0,0,19-DEC-2017,
OPTSTK,COLPAL,22-Feb-2018,1000,PE,0,0,0,16.6,6.95,0,0,0,0,19-DEC-2017,
OPTSTK,COLPAL,22-Feb-2018,1020,PE,0,0,0,23.4,10.9,0,0,0,0,19-DEC-2017,
OPTSTK,COLPAL,22-Feb-2018,1040,PE,0,0,0,31.8,16.2,0,0,0,0,19-DEC-2017,
OPTSTK,COLPAL,22-Feb-2018,1060,PE,0,0,0,41.8,23.2,0,0,0,0,19-DEC-2017,
OPTSTK,COLPAL,22-Feb-2018,1080,PE,0,0,0,53.5,31.95,0,0,0,0,19-DEC-2017,
OPTSTK,COLPAL,22-Feb-2018,1100,PE,0,0,0,66.65,42.45,0,0,0,0,19-DEC-2017,
OPTSTK,COLPAL,22-Feb-2018,1120,PE,0,0,0,81.25,54.65,0,0,0,0,19-DEC-2017,
OPTSTK,COLPAL,22-Feb-2018,1140,PE,0,0,0,96.9,68.4,0,0,0,0,19-DEC-2017,
OPTSTK,COLPAL,22-Feb-2018,1160,PE,0,0,0,113.6,83.6,0,0,0,0,19-DEC-2017,
OPTSTK,COLPAL,22-Feb-2018,1180,PE,0,0,0,131.1,99.95,0,0,0,0,19-DEC-2017,
OPTSTK,COLPAL,22-Feb-2018,1200,PE,0,0,0,149.2,117.2,0,0,0,0,19-DEC-2017,
OPTSTK,COLPAL,22-Feb-2018,1220,PE,0,0,0,167.8,135.2,0,0,0,0,19-DEC-2017,
OPTSTK,COLPAL,22-Feb-2018,1240,PE,0,0,0,186.75,153.75,0,0,0,0,19-DEC-2017,
OPTSTK,COLPAL,22-Feb-2018,1260,PE,0,0,0,205.9,172.7,0,0,0,0,19-DEC-2017,
OPTSTK,COLPAL,22-Feb-2018,1280,PE,0,0,0,225.3,191.95,0,0,0,0,19-DEC-2017,
OPTSTK,COLPAL,22-Feb-2018,1300,PE,0,0,0,244.8,211.4,0,0,0,0,19-DEC-2017,
OPTSTK,COLPAL,22-Feb-2018,1320,PE,0,0,0,264.35,230.95,0,0,0,0,19-DEC-2017,
OPTSTK,COLPAL,22-Feb-2018,1340,PE,0,0,0,283.95,250.6,0,0,0,0,19-DEC-2017,
OPTSTK,COLPAL,22-Feb-2018,1360,PE,0,0,0,303.6,270.3,0,0,0,0,19-DEC-2017,
OPTSTK,CONCOR,28-Dec-2017,920,CE,0,0,0,415.85,428.05,0,0,0,0,19-DEC-2017,
OPTSTK,CONCOR,28-Dec-2017,940,CE,0,0,0,396.9,408.1,0,0,0,0,19-DEC-2017,
OPTSTK,CONCOR,28-Dec-2017,960,CE,0,0,0,378.1,388.1,0,0,0,0,19-DEC-2017,
OPTSTK,CONCOR,28-Dec-2017,980,CE,0,0,0,359.6,368.15,0,0,0,0,19-DEC-2017,
OPTSTK,CONCOR,28-Dec-2017,1000,CE,0,0,0,341.35,348.15,0,0,0,0,19-DEC-2017,
OPTSTK,CONCOR,28-Dec-2017,1020,CE,0,0,0,323.35,328.2,0,0,0,0,19-DEC-2017,
OPTSTK,CONCOR,28-Dec-2017,1040,CE,0,0,0,305.75,308.25,0,0,0,0,19-DEC-2017,
OPTSTK,CONCOR,28-Dec-2017,1060,CE,0,0,0,288.5,288.25,0,0,0,0,19-DEC-2017,
OPTSTK,CONCOR,28-Dec-2017,1080,CE,0,0,0,271.65,268.3,0,0,0,0,19-DEC-2017,
OPTSTK,CONCOR,28-Dec-2017,1100,CE,235,235,235,235,235,1,8.34,625,625,19-DEC-2017,
OPTSTK,CONCOR,28-Dec-2017,1120,CE,0,0,0,239.3,228.35,0,0,0,0,19-DEC-2017,
OPTSTK,CONCOR,28-Dec-2017,1140,CE,0,0,0,223.9,208.4,0,0,0,0,19-DEC-2017,
OPTSTK,CONCOR,28-Dec-2017,1160,CE,0,0,0,209.1,188.4,0,0,0,0,19-DEC-2017,
OPTSTK,CONCOR,28-Dec-2017,1180,CE,0,0,0,194.75,168.45,0,0,0,0,19-DEC-2017,
OPTSTK,CONCOR,28-Dec-2017,1200,CE,0,0,0,181.05,148.5,0,0,0,0,19-DEC-2017,
OPTSTK,CONCOR,28-Dec-2017,1220,CE,0,0,0,167.9,128.55,0,0,0,0,19-DEC-2017,
OPTSTK,CONCOR,28-Dec-2017,1240,CE,0,0,0,155.4,108.7,0,0,0,0,19-DEC-2017,
OPTSTK,CONCOR,28-Dec-2017,1260,CE,0,0,0,45.25,89.15,0,0,2500,0,19-DEC-2017,
OPTSTK,CONCOR,28-Dec-2017,1280,CE,0,0,0,42,70.25,0,0,1250,0,19-DEC-2017,
OPTSTK,CONCOR,28-Dec-2017,1300,CE,42.5,42.5,42.5,42.5,42.5,1,8.39,5000,0,19-DEC-2017,
OPTSTK,CONCOR,28-Dec-2017,1320,CE,25.5,27.5,25.5,27.5,27.5,4,33.65,3750,-625,19-DEC-2017,
OPTSTK,CONCOR,28-Dec-2017,1340,CE,15,26,15,25.75,25.75,5,42.52,10625,0,19-DEC-2017,
OPTSTK,CONCOR,28-Dec-2017,1360,CE,0,0,0,93.45,14.6,0,0,0,0,19-DEC-2017,
OPTSTK,CONCOR,28-Dec-2017,1380,CE,5.85,5.85,5.85,5.85,5.85,1,8.66,625,625,19-DEC-2017,
OPTSTK,CONCOR,28-Dec-2017,1400,CE,0,0,0,10,4,0,0,625,0,19-DEC-2017,
OPTSTK,CONCOR,28-Dec-2017,1420,CE,0,0,0,70.5,1.85,0,0,0,0,19-DEC-2017,
OPTSTK,CONCOR,28-Dec-2017,1440,CE,0,0,0,63.95,0.75,0,0,0,0,19-DEC-2017,
OPTSTK,CONCOR,28-Dec-2017,1460,CE,0,0,0,57.9,0.3,0,0,0,0,19-DEC-2017,
OPTSTK,CONCOR,28-Dec-2017,1480,CE,0,0,0,52.3,0.1,0,0,0,0,19-DEC-2017,
OPTSTK,CONCOR,28-Dec-2017,1500,CE,0,0,0,47.25,0.05,0,0,0,0,19-DEC-2017,
OPTSTK,CONCOR,28-Dec-2017,1520,CE,0,0,0,42.55,0.05,0,0,0,0,19-DEC-2017,
OPTSTK,CONCOR,28-Dec-2017,1540,CE,0,0,0,38.3,0,0,0,0,0,19-DEC-2017,
OPTSTK,CONCOR,28-Dec-2017,1560,CE,0,0,0,34.35,0,0,0,0,0,19-DEC-2017,
OPTSTK,CONCOR,28-Dec-2017,1580,CE,0,0,0,30.75,0,0,0,0,0,19-DEC-2017,
OPTSTK,CONCOR,28-Dec-2017,1600,CE,0,0,0,27.55,0,0,0,0,0,19-DEC-2017,
OPTSTK,CONCOR,28-Dec-2017,920,PE,0,0,0,2.15,0,0,0,0,0,19-DEC-2017,
OPTSTK,CONCOR,28-Dec-2017,940,PE,0,0,0,2.9,0,0,0,0,0,19-DEC-2017,
OPTSTK,CONCOR,28-Dec-2017,960,PE,0,0,0,3.85,0,0,0,0,0,19-DEC-2017,
OPTSTK,CONCOR,28-Dec-2017,980,PE,0,0,0,5,0,0,0,0,0,19-DEC-2017,
OPTSTK,CONCOR,28-Dec-2017,1000,PE,0,0,0,6.4,0,0,0,0,0,19-DEC-2017,
OPTSTK,CONCOR,28-Dec-2017,1020,PE,0,0,0,8.15,0,0,0,0,0,19-DEC-2017,
OPTSTK,CONCOR,28-Dec-2017,1040,PE,0,0,0,10.2,0,0,0,0,0,19-DEC-2017,
OPTSTK,CONCOR,28-Dec-2017,1060,PE,0,0,0,12.65,0,0,0,0,0,19-DEC-2017,
OPTSTK,CONCOR,28-Dec-2017,1080,PE,0,0,0,15.5,0,0,0,0,0,19-DEC-2017,
OPTSTK,CONCOR,28-Dec-2017,1100,PE,0,0,0,18.75,0,0,0,0,0,19-DEC-2017,
OPTSTK,CONCOR,28-Dec-2017,1120,PE,0,0,0,22.55,0,0,0,0,0,19-DEC-2017,
OPTSTK,CONCOR,28-Dec-2017,1140,PE,0,0,0,26.85,0,0,0,0,0,19-DEC-2017,
OPTSTK,CONCOR,28-Dec-2017,1160,PE,0,0,0,31.7,0,0,0,0,0,19-DEC-2017,
OPTSTK,CONCOR,28-Dec-2017,1180,PE,0,0,0,37.05,0,0,0,0,0,19-DEC-2017,
OPTSTK,CONCOR,28-Dec-2017,1200,PE,0,0,0,43,0.05,0,0,0,0,19-DEC-2017,
OPTSTK,CONCOR,28-Dec-2017,1220,PE,0,0,0,49.55,0.05,0,0,0,0,19-DEC-2017,
OPTSTK,CONCOR,28-Dec-2017,1240,PE,0,0,0,4,0.2,0,0,2500,0,19-DEC-2017,
OPTSTK,CONCOR,28-Dec-2017,1260,PE,1.65,1.65,1.65,1.65,1.65,1,7.88,1250,0,19-DEC-2017,
OPTSTK,CONCOR,28-Dec-2017,1280,PE,4,4,3,3,3,2,16.04,3125,0,19-DEC-2017,
OPTSTK,CONCOR,28-Dec-2017,1300,PE,10.55,10.55,5.7,5.7,5.7,2,16.35,8125,625,19-DEC-2017,
OPTSTK,CONCOR,28-Dec-2017,1320,PE,0,0,0,43,8.35,0,0,1250,0,19-DEC-2017,
OPTSTK,CONCOR,28-Dec-2017,1340,PE,0,0,0,45,15.55,0,0,1250,0,19-DEC-2017,
OPTSTK,CONCOR,28-Dec-2017,1360,PE,0,0,0,55,25.85,0,0,625,0,19-DEC-2017,
OPTSTK,CONCOR,28-Dec-2017,1380,PE,0,0,0,124.4,39.3,0,0,0,0,19-DEC-2017,
OPTSTK,CONCOR,28-Dec-2017,1400,PE,0,0,0,136.45,55.25,0,0,0,0,19-DEC-2017,
OPTSTK,CONCOR,28-Dec-2017,1420,PE,0,0,0,149.05,73,0,0,0,0,19-DEC-2017,
OPTSTK,CONCOR,28-Dec-2017,1440,PE,0,0,0,162.2,91.9,0,0,0,0,19-DEC-2017,
OPTSTK,CONCOR,28-Dec-2017,1460,PE,0,0,0,175.8,111.4,0,0,0,0,19-DEC-2017,
OPTSTK,CONCOR,28-Dec-2017,1480,PE,0,0,0,189.95,131.2,0,0,0,0,19-DEC-2017,
OPTSTK,CONCOR,28-Dec-2017,1500,PE,0,0,0,204.55,151.1,0,0,0,0,19-DEC-2017,
OPTSTK,CONCOR,28-Dec-2017,1520,PE,0,0,0,219.55,171.05,0,0,0,0,19-DEC-2017,
OPTSTK,CONCOR,28-Dec-2017,1540,PE,0,0,0,235,191.05,0,0,0,0,19-DEC-2017,
OPTSTK,CONCOR,28-Dec-2017,1560,PE,0,0,0,250.7,211,0,0,0,0,19-DEC-2017,
OPTSTK,CONCOR,28-Dec-2017,1580,PE,0,0,0,266.85,230.95,0,0,0,0,19-DEC-2017,
OPTSTK,CONCOR,28-Dec-2017,1600,PE,0,0,0,283.3,250.95,0,0,0,0,19-DEC-2017,
OPTSTK,CONCOR,25-Jan-2018,960,CE,0,0,0,423.6,392.85,0,0,0,0,19-DEC-2017,
OPTSTK,CONCOR,25-Jan-2018,980,CE,0,0,0,404.1,373,0,0,0,0,19-DEC-2017,
OPTSTK,CONCOR,25-Jan-2018,1000,CE,0,0,0,384.7,353.15,0,0,0,0,19-DEC-2017,
OPTSTK,CONCOR,25-Jan-2018,1020,CE,0,0,0,365.4,333.25,0,0,0,0,19-DEC-2017,
OPTSTK,CONCOR,25-Jan-2018,1040,CE,0,0,0,346.2,313.4,0,0,0,0,19-DEC-2017,
OPTSTK,CONCOR,25-Jan-2018,1060,CE,0,0,0,327.2,293.55,0,0,0,0,19-DEC-2017,
OPTSTK,CONCOR,25-Jan-2018,1080,CE,0,0,0,308.4,273.65,0,0,0,0,19-DEC-2017,
OPTSTK,CONCOR,25-Jan-2018,1100,CE,0,0,0,289.9,253.85,0,0,0,0,19-DEC-2017,
OPTSTK,CONCOR,25-Jan-2018,1120,CE,0,0,0,271.7,234.05,0,0,0,0,19-DEC-2017,
OPTSTK,CONCOR,25-Jan-2018,1140,CE,0,0,0,253.85,214.35,0,0,0,0,19-DEC-2017,
OPTSTK,CONCOR,25-Jan-2018,1160,CE,0,0,0,236.4,194.75,0,0,0,0,19-DEC-2017,
OPTSTK,CONCOR,25-Jan-2018,1180,CE,0,0,0,219.45,175.4,0,0,0,0,19-DEC-2017,
OPTSTK,CONCOR,25-Jan-2018,1200,CE,0,0,0,203.05,156.4,0,0,0,0,19-DEC-2017,
OPTSTK,CONCOR,25-Jan-2018,1220,CE,0,0,0,187.15,137.85,0,0,0,0,19-DEC-2017,
OPTSTK,CONCOR,25-Jan-2018,1240,CE,0,0,0,171.95,120.05,0,0,0,0,19-DEC-2017,
OPTSTK,CONCOR,25-Jan-2018,1260,CE,0,0,0,157.4,103.05,0,0,0,0,19-DEC-2017,
OPTSTK,CONCOR,25-Jan-2018,1280,CE,0,0,0,143.5,87.15,0,0,0,0,19-DEC-2017,
OPTSTK,CONCOR,25-Jan-2018,1300,CE,0,0,0,130.4,72.55,0,0,0,0,19-DEC-2017,
OPTSTK,CONCOR,25-Jan-2018,1320,CE,0,0,0,118.05,59.35,0,0,0,0,19-DEC-2017,
OPTSTK,CONCOR,25-Jan-2018,1340,CE,0,0,0,106.45,47.7,0,0,0,0,19-DEC-2017,
OPTSTK,CONCOR,25-Jan-2018,1360,CE,0,0,0,95.65,37.6,0,0,0,0,19-DEC-2017,
OPTSTK,CONCOR,25-Jan-2018,1380,CE,0,0,0,85.6,29.1,0,0,0,0,19-DEC-2017,
OPTSTK,CONCOR,25-Jan-2018,1400,CE,0,0,0,76.35,22.1,0,0,0,0,19-DEC-2017,
OPTSTK,CONCOR,25-Jan-2018,1420,CE,0,0,0,67.85,16.5,0,0,0,0,19-DEC-2017,
OPTSTK,CONCOR,25-Jan-2018,1440,CE,0,0,0,60.05,12,0,0,0,0,19-DEC-2017,
OPTSTK,CONCOR,25-Jan-2018,1460,CE,0,0,0,52.95,8.6,0,0,0,0,19-DEC-2017,
OPTSTK,CONCOR,25-Jan-2018,1480,CE,0,0,0,46.55,6.05,0,0,0,0,19-DEC-2017,
OPTSTK,CONCOR,25-Jan-2018,1500,CE,0,0,0,40.75,4.15,0,0,0,0,19-DEC-2017,
OPTSTK,CONCOR,25-Jan-2018,1520,CE,0,0,0,35.65,2.8,0,0,0,0,19-DEC-2017,
OPTSTK,CONCOR,25-Jan-2018,1540,CE,0,0,0,31.05,1.85,0,0,0,0,19-DEC-2017,
OPTSTK,CONCOR,25-Jan-2018,1560,CE,0,0,0,26.85,1.2,0,0,0,0,19-DEC-2017,
OPTSTK,CONCOR,25-Jan-2018,1580,CE,0,0,0,23.2,0.8,0,0,0,0,19-DEC-2017,
OPTSTK,CONCOR,25-Jan-2018,1600,CE,0,0,0,20,0.5,0,0,0,0,19-DEC-2017,
OPTSTK,CONCOR,25-Jan-2018,960,PE,0,0,0,0.35,0,0,0,0,0,19-DEC-2017,
OPTSTK,CONCOR,25-Jan-2018,980,PE,0,0,0,0.55,0,0,0,0,0,19-DEC-2017,
OPTSTK,CONCOR,25-Jan-2018,1000,PE,0,0,0,0.8,0,0,0,0,0,19-DEC-2017,
OPTSTK,CONCOR,25-Jan-2018,1020,PE,0,0,0,1.2,0,0,0,0,0,19-DEC-2017,
OPTSTK,CONCOR,25-Jan-2018,1040,PE,0,0,0,1.7,0,0,0,0,0,19-DEC-2017,
OPTSTK,CONCOR,25-Jan-2018,1060,PE,0,0,0,2.4,0.05,0,0,0,0,19-DEC-2017,
OPTSTK,CONCOR,25-Jan-2018,1080,PE,0,0,0,3.3,0.05,0,0,0,0,19-DEC-2017,
OPTSTK,CONCOR,25-Jan-2018,1100,PE,0,0,0,4.45,0.1,0,0,0,0,19-DEC-2017,
OPTSTK,CONCOR,25-Jan-2018,1120,PE,0,0,0,5.95,0.15,0,0,0,0,19-DEC-2017,
OPTSTK,CONCOR,25-Jan-2018,1140,PE,0,0,0,7.75,0.3,0,0,0,0,19-DEC-2017,
OPTSTK,CONCOR,25-Jan-2018,1160,PE,0,0,0,10,0.6,0,0,0,0,19-DEC-2017,
OPTSTK,CONCOR,25-Jan-2018,1180,PE,0,0,0,12.75,1.15,0,0,0,0,19-DEC-2017,
OPTSTK,CONCOR,25-Jan-2018,1200,PE,0,0,0,16,2,0,0,0,0,19-DEC-2017,
OPTSTK,CONCOR,25-Jan-2018,1220,PE,0,0,0,19.85,3.35,0,0,0,0,19-DEC-2017,
OPTSTK,CONCOR,25-Jan-2018,1240,PE,0,0,0,24.3,5.35,0,0,0,0,19-DEC-2017,
OPTSTK,CONCOR,25-Jan-2018,1260,PE,0,0,0,29.45,8.25,0,0,0,0,19-DEC-2017,
OPTSTK,CONCOR,25-Jan-2018,1280,PE,0,0,0,35.25,12.25,0,0,0,0,19-DEC-2017,
OPTSTK,CONCOR,25-Jan-2018,1300,PE,0,0,0,41.8,17.45,0,0,0,0,19-DEC-2017,
OPTSTK,CONCOR,25-Jan-2018,1320,PE,0,0,0,49.15,24.15,0,0,0,0,19-DEC-2017,
OPTSTK,CONCOR,25-Jan-2018,1340,PE,0,0,0,57.25,32.35,0,0,0,0,19-DEC-2017,
OPTSTK,CONCOR,25-Jan-2018,1360,PE,0,0,0,66.1,42.15,0,0,0,0,19-DEC-2017,
OPTSTK,CONCOR,25-Jan-2018,1380,PE,0,0,0,75.75,53.5,0,0,0,0,19-DEC-2017,
OPTSTK,CONCOR,25-Jan-2018,1400,PE,0,0,0,86.2,66.35,0,0,0,0,19-DEC-2017,
OPTSTK,CONCOR,25-Jan-2018,1420,PE,0,0,0,97.35,80.65,0,0,0,0,19-DEC-2017,
OPTSTK,CONCOR,25-Jan-2018,1440,PE,0,0,0,109.25,96.05,0,0,0,0,19-DEC-2017,
OPTSTK,CONCOR,25-Jan-2018,1460,PE,0,0,0,121.9,112.5,0,0,0,0,19-DEC-2017,
OPTSTK,CONCOR,25-Jan-2018,1480,PE,0,0,0,135.15,129.8,0,0,0,0,19-DEC-2017,
OPTSTK,CONCOR,25-Jan-2018,1500,PE,0,0,0,149.05,147.8,0,0,0,0,19-DEC-2017,
OPTSTK,CONCOR,25-Jan-2018,1520,PE,0,0,0,163.6,166.3,0,0,0,0,19-DEC-2017,
OPTSTK,CONCOR,25-Jan-2018,1540,PE,0,0,0,178.7,185.25,0,0,0,0,19-DEC-2017,
OPTSTK,CONCOR,25-Jan-2018,1560,PE,0,0,0,194.2,204.45,0,0,0,0,19-DEC-2017,
OPTSTK,CONCOR,25-Jan-2018,1580,PE,0,0,0,210.25,223.9,0,0,0,0,19-DEC-2017,
OPTSTK,CONCOR,25-Jan-2018,1600,PE,0,0,0,226.7,243.5,0,0,0,0,19-DEC-2017,
OPTSTK,CONCOR,22-Feb-2018,960,CE,0,0,0,362.1,397.55,0,0,0,0,19-DEC-2017,
OPTSTK,CONCOR,22-Feb-2018,980,CE,0,0,0,342.45,377.8,0,0,0,0,19-DEC-2017,
OPTSTK,CONCOR,22-Feb-2018,1000,CE,0,0,0,322.9,358.05,0,0,0,0,19-DEC-2017,
OPTSTK,CONCOR,22-Feb-2018,1020,CE,0,0,0,303.4,338.3,0,0,0,0,19-DEC-2017,
OPTSTK,CONCOR,22-Feb-2018,1040,CE,0,0,0,284,318.6,0,0,0,0,19-DEC-2017,
OPTSTK,CONCOR,22-Feb-2018,1060,CE,0,0,0,264.75,298.9,0,0,0,0,19-DEC-2017,
OPTSTK,CONCOR,22-Feb-2018,1080,CE,0,0,0,245.75,279.3,0,0,0,0,19-DEC-2017,
OPTSTK,CONCOR,22-Feb-2018,1100,CE,0,0,0,227,259.8,0,0,0,0,19-DEC-2017,
OPTSTK,CONCOR,22-Feb-2018,1120,CE,0,0,0,208.65,240.45,0,0,0,0,19-DEC-2017,
OPTSTK,CONCOR,22-Feb-2018,1140,CE,0,0,0,190.7,221.3,0,0,0,0,19-DEC-2017,
OPTSTK,CONCOR,22-Feb-2018,1160,CE,0,0,0,173.3,202.45,0,0,0,0,19-DEC-2017,
OPTSTK,CONCOR,22-Feb-2018,1180,CE,0,0,0,156.55,184,0,0,0,0,19-DEC-2017,
OPTSTK,CONCOR,22-Feb-2018,1200,CE,0,0,0,140.55,166.05,0,0,0,0,19-DEC-2017,
OPTSTK,CONCOR,22-Feb-2018,1220,CE,0,0,0,125.3,148.75,0,0,0,0,19-DEC-2017,
OPTSTK,CONCOR,22-Feb-2018,1240,CE,0,0,0,110.95,132.15,0,0,0,0,19-DEC-2017,
OPTSTK,CONCOR,22-Feb-2018,1260,CE,0,0,0,97.6,116.45,0,0,0,0,19-DEC-2017,
OPTSTK,CONCOR,22-Feb-2018,1280,CE,0,0,0,85.2,101.7,0,0,0,0,19-DEC-2017,
OPTSTK,CONCOR,22-Feb-2018,1300,CE,0,0,0,73.85,87.95,0,0,0,0,19-DEC-2017,
OPTSTK,CONCOR,22-Feb-2018,1320,CE,0,0,0,63.55,75.35,0,0,0,0,19-DEC-2017,
OPTSTK,CONCOR,22-Feb-2018,1340,CE,0,0,0,54.3,63.95,0,0,0,0,19-DEC-2017,
OPTSTK,CONCOR,22-Feb-2018,1360,CE,0,0,0,46.05,53.7,0,0,0,0,19-DEC-2017,
OPTSTK,CONCOR,22-Feb-2018,1380,CE,0,0,0,38.75,44.7,0,0,0,0,19-DEC-2017,
OPTSTK,CONCOR,22-Feb-2018,1400,CE,0,0,0,32.35,36.8,0,0,0,0,19-DEC-2017,
OPTSTK,CONCOR,22-Feb-2018,1420,CE,0,0,0,26.85,30,0,0,0,0,19-DEC-2017,
OPTSTK,CONCOR,22-Feb-2018,1440,CE,0,0,0,22.2,24.2,0,0,0,0,19-DEC-2017,
OPTSTK,CONCOR,22-Feb-2018,1460,CE,0,0,0,18.1,19.4,0,0,0,0,19-DEC-2017,
OPTSTK,CONCOR,22-Feb-2018,1480,CE,0,0,0,14.7,15.3,0,0,0,0,19-DEC-2017,
OPTSTK,CONCOR,22-Feb-2018,1500,CE,0,0,0,11.85,12,0,0,0,0,19-DEC-2017,
OPTSTK,CONCOR,22-Feb-2018,1520,CE,0,0,0,9.5,9.3,0,0,0,0,19-DEC-2017,
OPTSTK,CONCOR,22-Feb-2018,1540,CE,0,0,0,7.55,7.15,0,0,0,0,19-DEC-2017,
OPTSTK,CONCOR,22-Feb-2018,1560,CE,0,0,0,6,5.4,0,0,0,0,19-DEC-2017,
OPTSTK,CONCOR,22-Feb-2018,1580,CE,0,0,0,4.7,4.1,0,0,0,0,19-DEC-2017,
OPTSTK,CONCOR,22-Feb-2018,1600,CE,0,0,0,3.65,3.05,0,0,0,0,19-DEC-2017,
OPTSTK,CONCOR,22-Feb-2018,960,PE,0,0,0,0.1,0,0,0,0,0,19-DEC-2017,
OPTSTK,CONCOR,22-Feb-2018,980,PE,0,0,0,0.2,0.05,0,0,0,0,19-DEC-2017,
OPTSTK,CONCOR,22-Feb-2018,1000,PE,0,0,0,0.3,0.05,0,0,0,0,19-DEC-2017,
OPTSTK,CONCOR,22-Feb-2018,1020,PE,0,0,0,0.5,0.05,0,0,0,0,19-DEC-2017,
OPTSTK,CONCOR,22-Feb-2018,1040,PE,0,0,0,0.85,0.1,0,0,0,0,19-DEC-2017,
OPTSTK,CONCOR,22-Feb-2018,1060,PE,0,0,0,1.3,0.2,0,0,0,0,19-DEC-2017,
OPTSTK,CONCOR,22-Feb-2018,1080,PE,0,0,0,2,0.4,0,0,0,0,19-DEC-2017,
OPTSTK,CONCOR,22-Feb-2018,1100,PE,0,0,0,3,0.65,0,0,0,0,19-DEC-2017,
OPTSTK,CONCOR,22-Feb-2018,1120,PE,0,0,0,4.3,1.05,0,0,0,0,19-DEC-2017,
OPTSTK,CONCOR,22-Feb-2018,1140,PE,0,0,0,6.1,1.7,0,0,0,0,19-DEC-2017,
OPTSTK,CONCOR,22-Feb-2018,1160,PE,0,0,0,8.4,2.6,0,0,0,0,19-DEC-2017,
OPTSTK,CONCOR,22-Feb-2018,1180,PE,0,0,0,11.35,3.95,0,0,0,0,19-DEC-2017,
OPTSTK,CONCOR,22-Feb-2018,1200,PE,0,0,0,15.05,5.8,0,0,0,0,19-DEC-2017,
OPTSTK,CONCOR,22-Feb-2018,1220,PE,0,0,0,19.55,8.25,0,0,0,0,19-DEC-2017,
OPTSTK,CONCOR,22-Feb-2018,1240,PE,0,0,0,24.9,11.4,0,0,0,0,19-DEC-2017,
OPTSTK,CONCOR,22-Feb-2018,1260,PE,0,0,0,31.2,15.45,0,0,0,0,19-DEC-2017,
OPTSTK,CONCOR,22-Feb-2018,1280,PE,0,0,0,38.55,20.5,0,0,0,0,19-DEC-2017,
OPTSTK,CONCOR,22-Feb-2018,1300,PE,0,0,0,46.9,26.5,0,0,0,0,19-DEC-2017,
OPTSTK,CONCOR,22-Feb-2018,1320,PE,0,0,0,56.3,33.7,0,0,0,0,19-DEC-2017,
OPTSTK,CONCOR,22-Feb-2018,1340,PE,0,0,0,66.75,42.05,0,0,0,0,19-DEC-2017,
OPTSTK,CONCOR,22-Feb-2018,1360,PE,0,0,0,78.2,51.6,0,0,0,0,19-DEC-2017,
OPTSTK,CONCOR,22-Feb-2018,1380,PE,0,0,0,90.65,62.35,0,0,0,0,19-DEC-2017,
OPTSTK,CONCOR,22-Feb-2018,1400,PE,0,0,0,103.95,74.25,0,0,0,0,19-DEC-2017,
OPTSTK,CONCOR,22-Feb-2018,1420,PE,0,0,0,118.15,87.2,0,0,0,0,19-DEC-2017,
OPTSTK,CONCOR,22-Feb-2018,1440,PE,0,0,0,133.2,101.15,0,0,0,0,19-DEC-2017,
OPTSTK,CONCOR,22-Feb-2018,1460,PE,0,0,0,148.8,116.15,0,0,0,0,19-DEC-2017,
OPTSTK,CONCOR,22-Feb-2018,1480,PE,0,0,0,165.15,131.8,0,0,0,0,19-DEC-2017,
OPTSTK,CONCOR,22-Feb-2018,1500,PE,0,0,0,182,148.25,0,0,0,0,19-DEC-2017,
OPTSTK,CONCOR,22-Feb-2018,1520,PE,0,0,0,199.35,165.35,0,0,0,0,19-DEC-2017,
OPTSTK,CONCOR,22-Feb-2018,1540,PE,0,0,0,217.1,182.95,0,0,0,0,19-DEC-2017,
OPTSTK,CONCOR,22-Feb-2018,1560,PE,0,0,0,235.25,201.05,0,0,0,0,19-DEC-2017,
OPTSTK,CONCOR,22-Feb-2018,1580,PE,0,0,0,253.65,219.45,0,0,0,0,19-DEC-2017,
OPTSTK,CONCOR,22-Feb-2018,1600,PE,0,0,0,272.35,238.2,0,0,0,0,19-DEC-2017,
OPTSTK,CUMMINSIND,28-Dec-2017,640,CE,0,0,0,264.45,216.85,0,0,0,0,19-DEC-2017,
OPTSTK,CUMMINSIND,28-Dec-2017,660,CE,0,0,0,245,196.9,0,0,0,0,19-DEC-2017,
OPTSTK,CUMMINSIND,28-Dec-2017,680,CE,0,0,0,225.75,176.95,0,0,0,0,19-DEC-2017,
OPTSTK,CUMMINSIND,28-Dec-2017,700,CE,0,0,0,206.7,156.95,0,0,0,0,19-DEC-2017,
OPTSTK,CUMMINSIND,28-Dec-2017,720,CE,0,0,0,188.05,137,0,0,0,0,19-DEC-2017,
OPTSTK,CUMMINSIND,28-Dec-2017,740,CE,0,0,0,169.85,117,0,0,0,0,19-DEC-2017,
OPTSTK,CUMMINSIND,28-Dec-2017,760,CE,0,0,0,152.25,97.05,0,0,0,0,19-DEC-2017,
OPTSTK,CUMMINSIND,28-Dec-2017,780,CE,0,0,0,135.35,77.1,0,0,0,0,19-DEC-2017,
OPTSTK,CUMMINSIND,28-Dec-2017,800,CE,0,0,0,119.3,57.2,0,0,0,0,19-DEC-2017,
OPTSTK,CUMMINSIND,28-Dec-2017,820,CE,0,0,0,35,38,0,0,600,0,19-DEC-2017,
OPTSTK,CUMMINSIND,28-Dec-2017,840,CE,0,0,0,26,21.15,0,0,1800,0,19-DEC-2017,
OPTSTK,CUMMINSIND,28-Dec-2017,860,CE,0,0,0,17.5,9.15,0,0,2400,0,19-DEC-2017,
OPTSTK,CUMMINSIND,28-Dec-2017,880,CE,6,6,6,6,6,2,10.63,12000,-1200,19-DEC-2017,
OPTSTK,CUMMINSIND,28-Dec-2017,900,CE,0,0,0,2.95,0.65,0,0,39000,0,19-DEC-2017,
OPTSTK,CUMMINSIND,28-Dec-2017,920,CE,3,3,3,3,3,1,5.53,1200,600,19-DEC-2017,
OPTSTK,CUMMINSIND,28-Dec-2017,940,CE,0,0,0,3,0.05,0,0,600,0,19-DEC-2017,
OPTSTK,CUMMINSIND,28-Dec-2017,960,CE,0,0,0,31.35,0,0,0,0,0,19-DEC-2017,
OPTSTK,CUMMINSIND,28-Dec-2017,980,CE,0,0,0,25.45,0,0,0,0,0,19-DEC-2017,
OPTSTK,CUMMINSIND,28-Dec-2017,1000,CE,0,0,0,20.55,0,0,0,0,0,19-DEC-2017,
OPTSTK,CUMMINSIND,28-Dec-2017,1020,CE,0,0,0,16.4,0,0,0,0,0,19-DEC-2017,
OPTSTK,CUMMINSIND,28-Dec-2017,1040,CE,0,0,0,13,0,0,0,0,0,19-DEC-2017,
OPTSTK,CUMMINSIND,28-Dec-2017,1060,CE,0,0,0,10.2,0,0,0,0,0,19-DEC-2017,
OPTSTK,CUMMINSIND,28-Dec-2017,1080,CE,0,0,0,7.95,0,0,0,0,0,19-DEC-2017,
OPTSTK,CUMMINSIND,28-Dec-2017,1100,CE,0,0,0,6.15,0,0,0,0,0,19-DEC-2017,
OPTSTK,CUMMINSIND,28-Dec-2017,1120,CE,0,0,0,4.75,0,0,0,0,0,19-DEC-2017,
OPTSTK,CUMMINSIND,28-Dec-2017,1140,CE,0,0,0,3.6,0,0,0,0,0,19-DEC-2017,
OPTSTK,CUMMINSIND,28-Dec-2017,1160,CE,0,0,0,2.75,0,0,0,0,0,19-DEC-2017,
OPTSTK,CUMMINSIND,28-Dec-2017,1180,CE,0,0,0,2.05,0,0,0,0,0,19-DEC-2017,
OPTSTK,CUMMINSIND,28-Dec-2017,1200,CE,0,0,0,1.55,0,0,0,0,0,19-DEC-2017,
OPTSTK,CUMMINSIND,28-Dec-2017,1220,CE,0,0,0,1.15,0,0,0,0,0,19-DEC-2017,
OPTSTK,CUMMINSIND,28-Dec-2017,1240,CE,0,0,0,0.85,0,0,0,0,0,19-DEC-2017,
OPTSTK,CUMMINSIND,28-Dec-2017,640,PE,0,0,0,0.3,0,0,0,0,0,19-DEC-2017,
OPTSTK,CUMMINSIND,28-Dec-2017,660,PE,0,0,0,0.55,0,0,0,0,0,19-DEC-2017,
OPTSTK,CUMMINSIND,28-Dec-2017,680,PE,0,0,0,0.95,0,0,0,0,0,19-DEC-2017,
OPTSTK,CUMMINSIND,28-Dec-2017,700,PE,0,0,0,1.65,0,0,0,0,0,19-DEC-2017,
OPTSTK,CUMMINSIND,28-Dec-2017,720,PE,0,0,0,2.65,0,0,0,0,0,19-DEC-2017,
OPTSTK,CUMMINSIND,28-Dec-2017,740,PE,0,0,0,4.15,0,0,0,0,0,19-DEC-2017,
OPTSTK,CUMMINSIND,28-Dec-2017,760,PE,0,0,0,6.2,0,0,0,0,0,19-DEC-2017,
OPTSTK,CUMMINSIND,28-Dec-2017,780,PE,0,0,0,9,0.05,0,0,0,0,19-DEC-2017,
OPTSTK,CUMMINSIND,28-Dec-2017,800,PE,0,0,0,2,0.15,0,0,1800,0,19-DEC-2017,
OPTSTK,CUMMINSIND,28-Dec-2017,820,PE,0,0,0,7.2,0.85,0,0,1200,0,19-DEC-2017,
OPTSTK,CUMMINSIND,28-Dec-2017,840,PE,0,0,0,12.1,4,0,0,6600,0,19-DEC-2017,
OPTSTK,CUMMINSIND,28-Dec-2017,860,PE,0,0,0,26,11.95,0,0,3600,0,19-DEC-2017,
OPTSTK,CUMMINSIND,28-Dec-2017,880,PE,0,0,0,28.2,25.7,0,0,9600,0,19-DEC-2017,
OPTSTK,CUMMINSIND,28-Dec-2017,900,PE,0,0,0,60.5,43.4,0,0,5400,0,19-DEC-2017,
OPTSTK,CUMMINSIND,28-Dec-2017,920,PE,0,0,0,57.8,62.85,0,0,0,0,19-DEC-2017,
OPTSTK,CUMMINSIND,28-Dec-2017,940,PE,0,0,0,69.45,82.7,0,0,0,0,19-DEC-2017,
OPTSTK,CUMMINSIND,28-Dec-2017,960,PE,0,0,0,82.25,102.7,0,0,0,0,19-DEC-2017,
OPTSTK,CUMMINSIND,28-Dec-2017,980,PE,0,0,0,96.05,122.65,0,0,0,0,19-DEC-2017,
OPTSTK,CUMMINSIND,28-Dec-2017,1000,PE,0,0,0,127.85,142.6,0,0,1200,0,19-DEC-2017,
OPTSTK,CUMMINSIND,28-Dec-2017,1020,PE,0,0,0,150.5,162.6,0,0,600,0,19-DEC-2017,
OPTSTK,CUMMINSIND,28-Dec-2017,1040,PE,0,0,0,142.6,182.55,0,0,0,0,19-DEC-2017,
OPTSTK,CUMMINSIND,28-Dec-2017,1060,PE,0,0,0,159.5,202.5,0,0,0,0,19-DEC-2017,
OPTSTK,CUMMINSIND,28-Dec-2017,1080,PE,0,0,0,176.95,222.5,0,0,0,0,19-DEC-2017,
OPTSTK,CUMMINSIND,28-Dec-2017,1100,PE,0,0,0,194.85,242.45,0,0,0,0,19-DEC-2017,
OPTSTK,CUMMINSIND,28-Dec-2017,1120,PE,0,0,0,213.1,262.45,0,0,0,0,19-DEC-2017,
OPTSTK,CUMMINSIND,28-Dec-2017,1140,PE,0,0,0,231.7,282.4,0,0,0,0,19-DEC-2017,
OPTSTK,CUMMINSIND,28-Dec-2017,1160,PE,0,0,0,250.5,302.35,0,0,0,0,19-DEC-2017,
OPTSTK,CUMMINSIND,28-Dec-2017,1180,PE,0,0,0,269.5,322.35,0,0,0,0,19-DEC-2017,
OPTSTK,CUMMINSIND,28-Dec-2017,1200,PE,0,0,0,288.7,342.3,0,0,0,0,19-DEC-2017,
OPTSTK,CUMMINSIND,28-Dec-2017,1220,PE,0,0,0,307.95,362.25,0,0,0,0,19-DEC-2017,
OPTSTK,CUMMINSIND,28-Dec-2017,1240,PE,0,0,0,327.35,382.25,0,0,0,0,19-DEC-2017,
OPTSTK,CUMMINSIND,25-Jan-2018,640,CE,0,0,0,277.8,220.05,0,0,0,0,19-DEC-2017,
OPTSTK,CUMMINSIND,25-Jan-2018,660,CE,0,0,0,258.2,200.15,0,0,0,0,19-DEC-2017,
OPTSTK,CUMMINSIND,25-Jan-2018,680,CE,0,0,0,238.65,180.3,0,0,0,0,19-DEC-2017,
OPTSTK,CUMMINSIND,25-Jan-2018,700,CE,0,0,0,219.2,160.45,0,0,0,0,19-DEC-2017,
OPTSTK,CUMMINSIND,25-Jan-2018,720,CE,0,0,0,200,140.6,0,0,0,0,19-DEC-2017,
OPTSTK,CUMMINSIND,25-Jan-2018,740,CE,0,0,0,181.05,120.8,0,0,0,0,19-DEC-2017,
OPTSTK,CUMMINSIND,25-Jan-2018,760,CE,0,0,0,162.5,101.2,0,0,0,0,19-DEC-2017,
OPTSTK,CUMMINSIND,25-Jan-2018,780,CE,0,0,0,144.55,82.1,0,0,0,0,19-DEC-2017,
OPTSTK,CUMMINSIND,25-Jan-2018,800,CE,0,0,0,127.3,64,0,0,0,0,19-DEC-2017,
OPTSTK,CUMMINSIND,25-Jan-2018,820,CE,0,0,0,110.9,47.5,0,0,0,0,19-DEC-2017,
OPTSTK,CUMMINSIND,25-Jan-2018,840,CE,0,0,0,95.6,33.3,0,0,0,0,19-DEC-2017,
OPTSTK,CUMMINSIND,25-Jan-2018,860,CE,0,0,0,81.4,21.9,0,0,0,0,19-DEC-2017,
OPTSTK,CUMMINSIND,25-Jan-2018,880,CE,0,0,0,68.55,13.45,0,0,0,0,19-DEC-2017,
OPTSTK,CUMMINSIND,25-Jan-2018,900,CE,0,0,0,57,7.7,0,0,0,0,19-DEC-2017,
OPTSTK,CUMMINSIND,25-Jan-2018,920,CE,0,0,0,46.8,4.1,0,0,0,0,19-DEC-2017,
OPTSTK,CUMMINSIND,25-Jan-2018,940,CE,0,0,0,38,2.05,0,0,0,0,19-DEC-2017,
OPTSTK,CUMMINSIND,25-Jan-2018,960,CE,0,0,0,30.45,0.95,0,0,0,0,19-DEC-2017,
OPTSTK,CUMMINSIND,25-Jan-2018,980,CE,0,0,0,24.1,0.4,0,0,0,0,19-DEC-2017,
OPTSTK,CUMMINSIND,25-Jan-2018,1000,CE,0,0,0,18.9,0.15,0,0,0,0,19-DEC-2017,
OPTSTK,CUMMINSIND,25-Jan-2018,1020,CE,0,0,0,14.6,0.1,0,0,0,0,19-DEC-2017,
OPTSTK,CUMMINSIND,25-Jan-2018,1040,CE,0,0,0,11.2,0.05,0,0,0,0,19-DEC-2017,
OPTSTK,CUMMINSIND,25-Jan-2018,1060,CE,0,0,0,8.45,0.05,0,0,0,0,19-DEC-2017,
OPTSTK,CUMMINSIND,25-Jan-2018,1080,CE,0,0,0,6.35,0,0,0,0,0,19-DEC-2017,
OPTSTK,CUMMINSIND,25-Jan-2018,1100,CE,0,0,0,4.7,0,0,0,0,0,19-DEC-2017,
OPTSTK,CUMMINSIND,25-Jan-2018,1120,CE,0,0,0,3.45,0,0,0,0,0,19-DEC-2017,
OPTSTK,CUMMINSIND,25-Jan-2018,1140,CE,0,0,0,2.5,0,0,0,0,0,19-DEC-2017,
OPTSTK,CUMMINSIND,25-Jan-2018,1160,CE,0,0,0,1.8,0,0,0,0,0,19-DEC-2017,
OPTSTK,CUMMINSIND,25-Jan-2018,1180,CE,0,0,0,1.3,0,0,0,0,0,19-DEC-2017,
OPTSTK,CUMMINSIND,25-Jan-2018,1200,CE,0,0,0,0.9,0,0,0,0,0,19-DEC-2017,
OPTSTK,CUMMINSIND,25-Jan-2018,1220,CE,0,0,0,0.65,0,0,0,0,0,19-DEC-2017,
OPTSTK,CUMMINSIND,25-Jan-2018,1240,CE,0,0,0,0.45,0,0,0,0,0,19-DEC-2017,
OPTSTK,CUMMINSIND,25-Jan-2018,640,PE,0,0,0,0.05,0,0,0,0,0,19-DEC-2017,
OPTSTK,CUMMINSIND,25-Jan-2018,660,PE,0,0,0,0.15,0,0,0,0,0,19-DEC-2017,
OPTSTK,CUMMINSIND,25-Jan-2018,680,PE,0,0,0,0.3,0,0,0,0,0,19-DEC-2017,
OPTSTK,CUMMINSIND,25-Jan-2018,700,PE,0,0,0,0.55,0.05,0,0,0,0,19-DEC-2017,
OPTSTK,CUMMINSIND,25-Jan-2018,720,PE,0,0,0,1,0.05,0,0,0,0,19-DEC-2017,
OPTSTK,CUMMINSIND,25-Jan-2018,740,PE,0,0,0,1.75,0.15,0,0,0,0,19-DEC-2017,
OPTSTK,CUMMINSIND,25-Jan-2018,760,PE,0,0,0,2.9,0.4,0,0,0,0,19-DEC-2017,
OPTSTK,CUMMINSIND,25-Jan-2018,780,PE,0,0,0,4.6,1.2,0,0,0,0,19-DEC-2017,
OPTSTK,CUMMINSIND,25-Jan-2018,800,PE,0,0,0,7.05,2.95,0,0,0,0,19-DEC-2017,
OPTSTK,CUMMINSIND,25-Jan-2018,820,PE,0,0,0,10.35,6.3,0,0,0,0,19-DEC-2017,
OPTSTK,CUMMINSIND,25-Jan-2018,840,PE,0,0,0,14.7,12,0,0,0,0,19-DEC-2017,
OPTSTK,CUMMINSIND,25-Jan-2018,860,PE,0,0,0,20.2,20.45,0,0,0,0,19-DEC-2017,
OPTSTK,CUMMINSIND,25-Jan-2018,880,PE,0,0,0,27.05,31.9,0,0,0,0,19-DEC-2017,
OPTSTK,CUMMINSIND,25-Jan-2018,900,PE,0,0,0,35.2,46,0,0,0,0,19-DEC-2017,
OPTSTK,CUMMINSIND,25-Jan-2018,920,PE,0,0,0,44.7,62.25,0,0,0,0,19-DEC-2017,
OPTSTK,CUMMINSIND,25-Jan-2018,940,PE,0,0,0,55.55,80.05,0,0,0,0,19-DEC-2017,
OPTSTK,CUMMINSIND,25-Jan-2018,960,PE,0,0,0,67.7,98.85,0,0,0,0,19-DEC-2017,
OPTSTK,CUMMINSIND,25-Jan-2018,980,PE,0,0,0,81.05,118.2,0,0,0,0,19-DEC-2017,
OPTSTK,CUMMINSIND,25-Jan-2018,1000,PE,0,0,0,95.55,137.8,0,0,0,0,19-DEC-2017,
OPTSTK,CUMMINSIND,25-Jan-2018,1020,PE,0,0,0,110.95,157.6,0,0,0,0,19-DEC-2017,
OPTSTK,CUMMINSIND,25-Jan-2018,1040,PE,0,0,0,127.2,177.4,0,0,0,0,19-DEC-2017,
OPTSTK,CUMMINSIND,25-Jan-2018,1060,PE,0,0,0,144.15,197.3,0,0,0,0,19-DEC-2017,
OPTSTK,CUMMINSIND,25-Jan-2018,1080,PE,0,0,0,161.7,217.15,0,0,0,0,19-DEC-2017,
OPTSTK,CUMMINSIND,25-Jan-2018,1100,PE,0,0,0,179.75,237,0,0,0,0,19-DEC-2017,
OPTSTK,CUMMINSIND,25-Jan-2018,1120,PE,0,0,0,198.2,256.9,0,0,0,0,19-DEC-2017,
OPTSTK,CUMMINSIND,25-Jan-2018,1140,PE,0,0,0,216.9,276.75,0,0,0,0,19-DEC-2017,
OPTSTK,CUMMINSIND,25-Jan-2018,1160,PE,0,0,0,235.9,296.6,0,0,0,0,19-DEC-2017,
OPTSTK,CUMMINSIND,25-Jan-2018,1180,PE,0,0,0,255.1,316.5,0,0,0,0,19-DEC-2017,
OPTSTK,CUMMINSIND,25-Jan-2018,1200,PE,0,0,0,274.4,336.35,0,0,0,0,19-DEC-2017,
OPTSTK,CUMMINSIND,25-Jan-2018,1220,PE,0,0,0,293.8,356.25,0,0,0,0,19-DEC-2017,
OPTSTK,CUMMINSIND,25-Jan-2018,1240,PE,0,0,0,313.3,376.1,0,0,0,0,19-DEC-2017,
OPTSTK,CUMMINSIND,22-Feb-2018,640,CE,0,0,0,237,223.15,0,0,0,0,19-DEC-2017,
OPTSTK,CUMMINSIND,22-Feb-2018,660,CE,0,0,0,217.3,203.4,0,0,0,0,19-DEC-2017,
OPTSTK,CUMMINSIND,22-Feb-2018,680,CE,0,0,0,197.6,183.65,0,0,0,0,19-DEC-2017,
OPTSTK,CUMMINSIND,22-Feb-2018,700,CE,0,0,0,178,163.95,0,0,0,0,19-DEC-2017,
OPTSTK,CUMMINSIND,22-Feb-2018,720,CE,0,0,0,158.45,144.35,0,0,0,0,19-DEC-2017,
OPTSTK,CUMMINSIND,22-Feb-2018,740,CE,0,0,0,139.15,125,0,0,0,0,19-DEC-2017,
OPTSTK,CUMMINSIND,22-Feb-2018,760,CE,0,0,0,120.25,106.15,0,0,0,0,19-DEC-2017,
OPTSTK,CUMMINSIND,22-Feb-2018,780,CE,0,0,0,101.95,88.05,0,0,0,0,19-DEC-2017,
OPTSTK,CUMMINSIND,22-Feb-2018,800,CE,0,0,0,84.65,71.1,0,0,0,0,19-DEC-2017,
OPTSTK,CUMMINSIND,22-Feb-2018,820,CE,0,0,0,68.65,55.7,0,0,0,0,19-DEC-2017,
OPTSTK,CUMMINSIND,22-Feb-2018,840,CE,0,0,0,54.2,42.2,0,0,0,0,19-DEC-2017,
OPTSTK,CUMMINSIND,22-Feb-2018,860,CE,0,0,0,41.65,30.9,0,0,0,0,19-DEC-2017,
OPTSTK,CUMMINSIND,22-Feb-2018,880,CE,0,0,0,31.1,21.8,0,0,0,0,19-DEC-2017,
OPTSTK,CUMMINSIND,22-Feb-2018,900,CE,0,0,0,22.55,14.8,0,0,0,0,19-DEC-2017,
OPTSTK,CUMMINSIND,22-Feb-2018,920,CE,0,0,0,15.85,9.7,0,0,0,0,19-DEC-2017,
OPTSTK,CUMMINSIND,22-Feb-2018,940,CE,0,0,0,10.8,6.1,0,0,0,0,19-DEC-2017,
OPTSTK,CUMMINSIND,22-Feb-2018,960,CE,0,0,0,7.15,3.7,0,0,0,0,19-DEC-2017,
OPTSTK,CUMMINSIND,22-Feb-2018,980,CE,0,0,0,4.6,2.2,0,0,0,0,19-DEC-2017,
OPTSTK,CUMMINSIND,22-Feb-2018,1000,CE,0,0,0,2.9,1.25,0,0,0,0,19-DEC-2017,
OPTSTK,CUMMINSIND,22-Feb-2018,1020,CE,0,0,0,1.75,0.7,0,0,0,0,19-DEC-2017,
OPTSTK,CUMMINSIND,22-Feb-2018,1040,CE,0,0,0,1.05,0.35,0,0,0,0,19-DEC-2017,
OPTSTK,CUMMINSIND,22-Feb-2018,1060,CE,0,0,0,0.6,0.2,0,0,0,0,19-DEC-2017,
OPTSTK,CUMMINSIND,22-Feb-2018,1080,CE,0,0,0,0.35,0.1,0,0,0,0,19-DEC-2017,
OPTSTK,CUMMINSIND,22-Feb-2018,1100,CE,0,0,0,0.2,0.05,0,0,0,0,19-DEC-2017,
OPTSTK,CUMMINSIND,22-Feb-2018,1120,CE,0,0,0,0.1,0.05,0,0,0,0,19-DEC-2017,
OPTSTK,CUMMINSIND,22-Feb-2018,1140,CE,0,0,0,0.05,0.05,0,0,0,0,19-DEC-2017,
OPTSTK,CUMMINSIND,22-Feb-2018,1160,CE,0,0,0,0.05,0,0,0,0,0,19-DEC-2017,
OPTSTK,CUMMINSIND,22-Feb-2018,1180,CE,0,0,0,0.05,0,0,0,0,0,19-DEC-2017,
OPTSTK,CUMMINSIND,22-Feb-2018,1200,CE,0,0,0,0.05,0,0,0,0,0,19-DEC-2017,
OPTSTK,CUMMINSIND,22-Feb-2018,1220,CE,0,0,0,0.05,0,0,0,0,0,19-DEC-2017,
OPTSTK,CUMMINSIND,22-Feb-2018,1240,CE,0,0,0,0.05,0,0,0,0,0,19-DEC-2017,
OPTSTK,CUMMINSIND,22-Feb-2018,640,PE,0,0,0,0.05,0,0,0,0,0,19-DEC-2017,
OPTSTK,CUMMINSIND,22-Feb-2018,660,PE,0,0,0,0.05,0.05,0,0,0,0,19-DEC-2017,
OPTSTK,CUMMINSIND,22-Feb-2018,680,PE,0,0,0,0.05,0.05,0,0,0,0,19-DEC-2017,
OPTSTK,CUMMINSIND,22-Feb-2018,700,PE,0,0,0,0.15,0.1,0,0,0,0,19-DEC-2017,
OPTSTK,CUMMINSIND,22-Feb-2018,720,PE,0,0,0,0.3,0.3,0,0,0,0,19-DEC-2017,
OPTSTK,CUMMINSIND,22-Feb-2018,740,PE,0,0,0,0.7,0.75,0,0,0,0,19-DEC-2017,
OPTSTK,CUMMINSIND,22-Feb-2018,760,PE,0,0,0,1.5,1.6,0,0,0,0,19-DEC-2017,
OPTSTK,CUMMINSIND,22-Feb-2018,780,PE,0,0,0,2.95,3.3,0,0,0,0,19-DEC-2017,
OPTSTK,CUMMINSIND,22-Feb-2018,800,PE,0,0,0,5.35,6.1,0,0,0,0,19-DEC-2017,
OPTSTK,CUMMINSIND,22-Feb-2018,820,PE,0,0,0,9.05,10.5,0,0,0,0,19-DEC-2017,
OPTSTK,CUMMINSIND,22-Feb-2018,840,PE,0,0,0,14.35,16.8,0,0,0,0,19-DEC-2017,
OPTSTK,CUMMINSIND,22-Feb-2018,860,PE,0,0,0,21.5,25.25,0,0,0,0,19-DEC-2017,
OPTSTK,CUMMINSIND,22-Feb-2018,880,PE,0,0,0,30.65,35.95,0,0,0,0,19-DEC-2017,
OPTSTK,CUMMINSIND,22-Feb-2018,900,PE,0,0,0,41.75,48.7,0,0,0,0,19-DEC-2017,
OPTSTK,CUMMINSIND,22-Feb-2018,920,PE,0,0,0,54.8,63.35,0,0,0,0,19-DEC-2017,
OPTSTK,CUMMINSIND,22-Feb-2018,940,PE,0,0,0,69.45,79.55,0,0,0,0,19-DEC-2017,
OPTSTK,CUMMINSIND,22-Feb-2018,960,PE,0,0,0,85.5,96.9,0,0,0,0,19-DEC-2017,
OPTSTK,CUMMINSIND,22-Feb-2018,980,PE,0,0,0,102.65,115.15,0,0,0,0,19-DEC-2017,
OPTSTK,CUMMINSIND,22-Feb-2018,1000,PE,0,0,0,120.65,134,0,0,0,0,19-DEC-2017,
OPTSTK,CUMMINSIND,22-Feb-2018,1020,PE,0,0,0,139.25,153.2,0,0,0,0,19-DEC-2017,
OPTSTK,CUMMINSIND,22-Feb-2018,1040,PE,0,0,0,158.25,172.65,0,0,0,0,19-DEC-2017,
OPTSTK,CUMMINSIND,22-Feb-2018,1060,PE,0,0,0,177.5,192.25,0,0,0,0,19-DEC-2017,
OPTSTK,CUMMINSIND,22-Feb-2018,1080,PE,0,0,0,196.95,211.95,0,0,0,0,19-DEC-2017,
OPTSTK,CUMMINSIND,22-Feb-2018,1100,PE,0,0,0,216.5,231.65,0,0,0,0,19-DEC-2017,
OPTSTK,CUMMINSIND,22-Feb-2018,1120,PE,0,0,0,236.15,251.4,0,0,0,0,19-DEC-2017,
OPTSTK,CUMMINSIND,22-Feb-2018,1140,PE,0,0,0,255.8,271.2,0,0,0,0,19-DEC-2017,
OPTSTK,CUMMINSIND,22-Feb-2018,1160,PE,0,0,0,275.5,290.95,0,0,0,0,19-DEC-2017,
OPTSTK,CUMMINSIND,22-Feb-2018,1180,PE,0,0,0,295.2,310.7,0,0,0,0,19-DEC-2017,
OPTSTK,CUMMINSIND,22-Feb-2018,1200,PE,0,0,0,314.9,330.5,0,0,0,0,19-DEC-2017,
OPTSTK,CUMMINSIND,22-Feb-2018,1220,PE,0,0,0,334.6,350.25,0,0,0,0,19-DEC-2017,
OPTSTK,CUMMINSIND,22-Feb-2018,1240,PE,0,0,0,354.3,370.05,0,0,0,0,19-DEC-2017,
OPTSTK,DABUR,28-Dec-2017,215,CE,0,0,0,99.2,135.4,0,0,0,0,19-DEC-2017,
OPTSTK,DABUR,28-Dec-2017,220,CE,0,0,0,94.25,130.4,0,0,0,0,19-DEC-2017,
OPTSTK,DABUR,28-Dec-2017,225,CE,0,0,0,89.35,125.4,0,0,0,0,19-DEC-2017,
OPTSTK,DABUR,28-Dec-2017,230,CE,0,0,0,84.5,120.45,0,0,0,0,19-DEC-2017,
OPTSTK,DABUR,28-Dec-2017,235,CE,0,0,0,79.6,115.45,0,0,0,0,19-DEC-2017,
OPTSTK,DABUR,28-Dec-2017,240,CE,0,0,0,74.75,110.45,0,0,0,0,19-DEC-2017,
OPTSTK,DABUR,28-Dec-2017,245,CE,0,0,0,69.95,105.45,0,0,0,0,19-DEC-2017,
OPTSTK,DABUR,28-Dec-2017,250,CE,0,0,0,65.2,100.45,0,0,0,0,19-DEC-2017,
OPTSTK,DABUR,28-Dec-2017,255,CE,0,0,0,60.5,95.45,0,0,0,0,19-DEC-2017,
OPTSTK,DABUR,28-Dec-2017,260,CE,0,0,0,55.9,90.45,0,0,0,0,19-DEC-2017,
OPTSTK,DABUR,28-Dec-2017,265,CE,0,0,0,51.4,85.5,0,0,0,0,19-DEC-2017,
OPTSTK,DABUR,28-Dec-2017,270,CE,0,0,0,47.05,80.5,0,0,0,0,19-DEC-2017,
OPTSTK,DABUR,28-Dec-2017,275,CE,0,0,0,42.8,75.5,0,0,0,0,19-DEC-2017,
OPTSTK,DABUR,28-Dec-2017,280,CE,0,0,0,38.75,70.5,0,0,0,0,19-DEC-2017,
OPTSTK,DABUR,28-Dec-2017,285,CE,0,0,0,34.9,65.5,0,0,0,0,19-DEC-2017,
OPTSTK,DABUR,28-Dec-2017,290,CE,0,0,0,31.25,60.5,0,0,0,0,19-DEC-2017,
OPTSTK,DABUR,28-Dec-2017,295,CE,0,0,0,27.75,55.55,0,0,0,0,19-DEC-2017,
OPTSTK,DABUR,28-Dec-2017,300,CE,0,0,0,24.55,50.55,0,0,0,0,19-DEC-2017,
OPTSTK,DABUR,28-Dec-2017,305,CE,0,0,0,21.55,45.55,0,0,0,0,19-DEC-2017,
OPTSTK,DABUR,28-Dec-2017,310,CE,0,0,0,39.2,40.55,0,0,2500,0,19-DEC-2017,
OPTSTK,DABUR,28-Dec-2017,315,CE,0,0,0,16.35,35.55,0,0,0,0,19-DEC-2017,
OPTSTK,DABUR,28-Dec-2017,320,CE,0,0,0,31,30.6,0,0,2500,0,19-DEC-2017,
OPTSTK,DABUR,28-Dec-2017,325,CE,0,0,0,12.05,25.6,0,0,0,0,19-DEC-2017,
OPTSTK,DABUR,28-Dec-2017,330,CE,0,0,0,18.4,20.7,0,0,7500,0,19-DEC-2017,
OPTSTK,DABUR,28-Dec-2017,335,CE,0,0,0,8.7,16,0,0,0,0,19-DEC-2017,
OPTSTK,DABUR,28-Dec-2017,340,CE,12,15.2,11.65,11.65,11.65,14,123.7,37500,-25000,19-DEC-2017,
OPTSTK,DABUR,28-Dec-2017,345,CE,11,11.25,9.25,9.65,9.65,16,142.27,62500,-20000,19-DEC-2017,
OPTSTK,DABUR,28-Dec-2017,350,CE,6,7.9,4.65,5.7,5.7,65,579.77,187500,-42500,19-DEC-2017,
OPTSTK,DABUR,28-Dec-2017,355,CE,4.2,5.65,3.4,3.65,3.65,47,422.39,125000,12500,19-DEC-2017,
OPTSTK,DABUR,28-Dec-2017,360,CE,2.35,3.35,2,2.15,2.15,74,671.02,217500,-12500,19-DEC-2017,
OPTSTK,DABUR,28-Dec-2017,365,CE,1.7,2,0.85,1.15,1.15,12,109.93,25000,2500,19-DEC-2017,
OPTSTK,DABUR,28-Dec-2017,370,CE,1,1.2,0.7,0.7,0.7,5,46.37,50000,0,19-DEC-2017,
OPTSTK,DABUR,28-Dec-2017,375,CE,0,0,0,1.85,0.1,0,0,0,0,19-DEC-2017,
OPTSTK,DABUR,28-Dec-2017,380,CE,0.45,0.5,0.2,0.2,0.2,3,28.52,10000,2500,19-DEC-2017,
OPTSTK,DABUR,28-Dec-2017,385,CE,0,0,0,1.2,0.05,0,0,0,0,19-DEC-2017,
OPTSTK,DABUR,28-Dec-2017,390,CE,0,0,0,0.95,0,0,0,0,0,19-DEC-2017,
OPTSTK,DABUR,28-Dec-2017,395,CE,0,0,0,0.75,0,0,0,0,0,19-DEC-2017,
OPTSTK,DABUR,28-Dec-2017,400,CE,0,0,0,0.4,0,0,0,7500,0,19-DEC-2017,
OPTSTK,DABUR,28-Dec-2017,215,PE,0,0,0,0.05,0,0,0,0,0,19-DEC-2017,
OPTSTK,DABUR,28-Dec-2017,220,PE,0,0,0,0.05,0,0,0,0,0,19-DEC-2017,
OPTSTK,DABUR,28-Dec-2017,225,PE,0,0,0,0.05,0,0,0,0,0,19-DEC-2017,
OPTSTK,DABUR,28-Dec-2017,230,PE,0,0,0,0.1,0,0,0,0,0,19-DEC-2017,
OPTSTK,DABUR,28-Dec-2017,235,PE,0,0,0,0.15,0,0,0,0,0,19-DEC-2017,
OPTSTK,DABUR,28-Dec-2017,240,PE,0,0,0,0.25,0,0,0,0,0,19-DEC-2017,
OPTSTK,DABUR,28-Dec-2017,245,PE,0,0,0,0.35,0,0,0,0,0,19-DEC-2017,
OPTSTK,DABUR,28-Dec-2017,250,PE,0,0,0,0.5,0,0,0,0,0,19-DEC-2017,
OPTSTK,DABUR,28-Dec-2017,255,PE,0,0,0,0.75,0,0,0,0,0,19-DEC-2017,
OPTSTK,DABUR,28-Dec-2017,260,PE,0,0,0,1.1,0,0,0,0,0,19-DEC-2017,
OPTSTK,DABUR,28-Dec-2017,265,PE,0,0,0,1.5,0,0,0,0,0,19-DEC-2017,
OPTSTK,DABUR,28-Dec-2017,270,PE,0,0,0,2.05,0,0,0,0,0,19-DEC-2017,
OPTSTK,DABUR,28-Dec-2017,275,PE,0,0,0,2.75,0,0,0,0,0,19-DEC-2017,
OPTSTK,DABUR,28-Dec-2017,280,PE,0,0,0,3.6,0,0,0,0,0,19-DEC-2017,
OPTSTK,DABUR,28-Dec-2017,285,PE,0,0,0,4.65,0,0,0,0,0,19-DEC-2017,
OPTSTK,DABUR,28-Dec-2017,290,PE,0,0,0,5.9,0,0,0,0,0,19-DEC-2017,
OPTSTK,DABUR,28-Dec-2017,295,PE,0,0,0,7.35,0,0,0,0,0,19-DEC-2017,
OPTSTK,DABUR,28-Dec-2017,300,PE,0,0,0,9.05,0,0,0,0,0,19-DEC-2017,
OPTSTK,DABUR,28-Dec-2017,305,PE,0,0,0,11,0,0,0,0,0,19-DEC-2017,
OPTSTK,DABUR,28-Dec-2017,310,PE,0,0,0,0.8,0,0,0,2500,0,19-DEC-2017,
OPTSTK,DABUR,28-Dec-2017,315,PE,0,0,0,15.65,0,0,0,0,0,19-DEC-2017,
OPTSTK,DABUR,28-Dec-2017,320,PE,0,0,0,1.35,0.05,0,0,2500,0,19-DEC-2017,
OPTSTK,DABUR,28-Dec-2017,325,PE,0,0,0,21.2,0.05,0,0,0,0,19-DEC-2017,
OPTSTK,DABUR,28-Dec-2017,330,PE,0.45,0.5,0.3,0.3,0.3,6,49.56,52500,-10000,19-DEC-2017,
OPTSTK,DABUR,28-Dec-2017,335,PE,0.5,0.6,0.5,0.6,0.6,5,41.94,25000,0,19-DEC-2017,
OPTSTK,DABUR,28-Dec-2017,340,PE,1.85,1.85,1,1.6,1.6,39,332.78,77500,-7500,19-DEC-2017,
OPTSTK,DABUR,28-Dec-2017,345,PE,2.3,3,2,3,3,10,86.84,15000,2500,19-DEC-2017,
OPTSTK,DABUR,28-Dec-2017,350,PE,4.15,4.95,3.1,4.15,4.15,16,141.56,27500,5000,19-DEC-2017,
OPTSTK,DABUR,28-Dec-2017,355,PE,0,0,0,42.9,7.15,0,0,0,0,19-DEC-2017,
OPTSTK,DABUR,28-Dec-2017,360,PE,0,0,0,47.05,10.8,0,0,0,0,19-DEC-2017,
OPTSTK,DABUR,28-Dec-2017,365,PE,0,0,0,20.4,15,0,0,2500,0,19-DEC-2017,
OPTSTK,DABUR,28-Dec-2017,370,PE,0,0,0,28.55,19.65,0,0,5000,0,19-DEC-2017,
OPTSTK,DABUR,28-Dec-2017,375,PE,0,0,0,60.25,24.45,0,0,0,0,19-DEC-2017,
OPTSTK,DABUR,28-Dec-2017,380,PE,0,0,0,64.8,29.4,0,0,0,0,19-DEC-2017,
OPTSTK,DABUR,28-Dec-2017,385,PE,0,0,0,69.4,34.4,0,0,0,0,19-DEC-2017,
OPTSTK,DABUR,28-Dec-2017,390,PE,0,0,0,74.1,39.35,0,0,0,0,19-DEC-2017,
OPTSTK,DABUR,28-Dec-2017,395,PE,0,0,0,78.8,44.35,0,0,0,0,19-DEC-2017,
OPTSTK,DABUR,28-Dec-2017,400,PE,0,0,0,83.6,49.35,0,0,0,0,19-DEC-2017,
OPTSTK,DABUR,25-Jan-2018,225,CE,0,0,0,101.35,126.55,0,0,0,0,19-DEC-2017,
OPTSTK,DABUR,25-Jan-2018,230,CE,0,0,0,96.45,121.55,0,0,0,0,19-DEC-2017,
OPTSTK,DABUR,25-Jan-2018,235,CE,0,0,0,91.5,116.6,0,0,0,0,19-DEC-2017,
OPTSTK,DABUR,25-Jan-2018,240,CE,0,0,0,86.6,111.65,0,0,0,0,19-DEC-2017,
OPTSTK,DABUR,25-Jan-2018,245,CE,0,0,0,81.7,106.65,0,0,0,0,19-DEC-2017,
OPTSTK,DABUR,25-Jan-2018,250,CE,0,0,0,76.8,101.7,0,0,0,0,19-DEC-2017,
OPTSTK,DABUR,25-Jan-2018,255,CE,0,0,0,71.9,96.75,0,0,0,0,19-DEC-2017,
OPTSTK,DABUR,25-Jan-2018,260,CE,0,0,0,67.05,91.75,0,0,0,0,19-DEC-2017,
OPTSTK,DABUR,25-Jan-2018,265,CE,0,0,0,62.25,86.8,0,0,0,0,19-DEC-2017,
OPTSTK,DABUR,25-Jan-2018,270,CE,0,0,0,57.45,81.85,0,0,0,0,19-DEC-2017,
OPTSTK,DABUR,25-Jan-2018,275,CE,0,0,0,52.75,76.85,0,0,0,0,19-DEC-2017,
OPTSTK,DABUR,25-Jan-2018,280,CE,0,0,0,48.15,71.9,0,0,0,0,19-DEC-2017,
OPTSTK,DABUR,25-Jan-2018,285,CE,0,0,0,43.7,66.95,0,0,0,0,19-DEC-2017,
OPTSTK,DABUR,25-Jan-2018,290,CE,0,0,0,39.35,61.95,0,0,0,0,19-DEC-2017,
OPTSTK,DABUR,25-Jan-2018,295,CE,0,0,0,35.2,57,0,0,0,0,19-DEC-2017,
OPTSTK,DABUR,25-Jan-2018,300,CE,0,0,0,31.2,52.1,0,0,0,0,19-DEC-2017,
OPTSTK,DABUR,25-Jan-2018,305,CE,0,0,0,27.5,47.15,0,0,0,0,19-DEC-2017,
OPTSTK,DABUR,25-Jan-2018,310,CE,0,0,0,24,42.3,0,0,0,0,19-DEC-2017,
OPTSTK,DABUR,25-Jan-2018,315,CE,0,0,0,20.75,37.55,0,0,0,0,19-DEC-2017,
OPTSTK,DABUR,25-Jan-2018,320,CE,0,0,0,17.8,32.9,0,0,0,0,19-DEC-2017,
OPTSTK,DABUR,25-Jan-2018,325,CE,0,0,0,15.15,28.4,0,0,0,0,19-DEC-2017,
OPTSTK,DABUR,25-Jan-2018,330,CE,0,0,0,12.75,24.15,0,0,0,0,19-DEC-2017,
OPTSTK,DABUR,25-Jan-2018,335,CE,0,0,0,10.65,20.15,0,0,0,0,19-DEC-2017,
OPTSTK,DABUR,25-Jan-2018,340,CE,0,0,0,8.8,16.55,0,0,0,0,19-DEC-2017,
OPTSTK,DABUR,25-Jan-2018,345,CE,0,0,0,7.25,13.3,0,0,0,0,19-DEC-2017,
OPTSTK,DABUR,25-Jan-2018,350,CE,0,0,0,5.9,10.45,0,0,0,0,19-DEC-2017,
OPTSTK,DABUR,25-Jan-2018,355,CE,0,0,0,4.75,8.05,0,0,0,0,19-DEC-2017,
OPTSTK,DABUR,25-Jan-2018,360,CE,0,0,0,3.8,6.05,0,0,0,0,19-DEC-2017,
OPTSTK,DABUR,25-Jan-2018,365,CE,0,0,0,3,4.45,0,0,0,0,19-DEC-2017,
OPTSTK,DABUR,25-Jan-2018,370,CE,0,0,0,2.35,3.2,0,0,0,0,19-DEC-2017,
OPTSTK,DABUR,25-Jan-2018,375,CE,0,0,0,1.85,2.25,0,0,0,0,19-DEC-2017,
OPTSTK,DABUR,25-Jan-2018,380,CE,0,0,0,1.4,1.55,0,0,0,0,19-DEC-2017,
OPTSTK,DABUR,25-Jan-2018,385,CE,0,0,0,1.1,1.05,0,0,0,0,19-DEC-2017,
OPTSTK,DABUR,25-Jan-2018,390,CE,0,0,0,0.85,0.7,0,0,0,0,19-DEC-2017,
OPTSTK,DABUR,25-Jan-2018,395,CE,0,0,0,0.65,0.45,0,0,0,0,19-DEC-2017,
OPTSTK,DABUR,25-Jan-2018,400,CE,0,0,0,0.5,0.3,0,0,0,0,19-DEC-2017,
OPTSTK,DABUR,25-Jan-2018,225,PE,0,0,0,0.05,0,0,0,0,0,19-DEC-2017,
OPTSTK,DABUR,25-Jan-2018,230,PE,0,0,0,0.05,0,0,0,0,0,19-DEC-2017,
OPTSTK,DABUR,25-Jan-2018,235,PE,0,0,0,0.05,0,0,0,0,0,19-DEC-2017,
OPTSTK,DABUR,25-Jan-2018,240,PE,0,0,0,0.05,0,0,0,0,0,19-DEC-2017,
OPTSTK,DABUR,25-Jan-2018,245,PE,0,0,0,0.05,0,0,0,0,0,19-DEC-2017,
OPTSTK,DABUR,25-Jan-2018,250,PE,0,0,0,0.05,0,0,0,0,0,19-DEC-2017,
OPTSTK,DABUR,25-Jan-2018,255,PE,0,0,0,0.1,0,0,0,0,0,19-DEC-2017,
OPTSTK,DABUR,25-Jan-2018,260,PE,0,0,0,0.2,0,0,0,0,0,19-DEC-2017,
OPTSTK,DABUR,25-Jan-2018,265,PE,0,0,0,0.3,0,0,0,0,0,19-DEC-2017,
OPTSTK,DABUR,25-Jan-2018,270,PE,0,0,0,0.45,0,0,0,0,0,19-DEC-2017,
OPTSTK,DABUR,25-Jan-2018,275,PE,0,0,0,0.65,0,0,0,0,0,19-DEC-2017,
OPTSTK,DABUR,25-Jan-2018,280,PE,0,0,0,1,0,0,0,0,0,19-DEC-2017,
OPTSTK,DABUR,25-Jan-2018,285,PE,0,0,0,1.4,0,0,0,0,0,19-DEC-2017,
OPTSTK,DABUR,25-Jan-2018,290,PE,0,0,0,2,0.05,0,0,0,0,19-DEC-2017,
OPTSTK,DABUR,25-Jan-2018,295,PE,0,0,0,2.75,0.05,0,0,0,0,19-DEC-2017,
OPTSTK,DABUR,25-Jan-2018,300,PE,0,0,0,3.7,0.05,0,0,0,0,19-DEC-2017,
OPTSTK,DABUR,25-Jan-2018,305,PE,0,0,0,4.9,0.15,0,0,0,0,19-DEC-2017,
OPTSTK,DABUR,25-Jan-2018,310,PE,0,0,0,6.3,0.25,0,0,0,0,19-DEC-2017,
OPTSTK,DABUR,25-Jan-2018,315,PE,0,0,0,8,0.45,0,0,0,0,19-DEC-2017,
OPTSTK,DABUR,25-Jan-2018,320,PE,0,0,0,10,0.75,0,0,0,0,19-DEC-2017,
OPTSTK,DABUR,25-Jan-2018,325,PE,0,0,0,12.25,1.25,0,0,0,0,19-DEC-2017,
OPTSTK,DABUR,25-Jan-2018,330,PE,0,0,0,14.8,1.95,0,0,0,0,19-DEC-2017,
OPTSTK,DABUR,25-Jan-2018,335,PE,0,0,0,17.6,2.95,0,0,0,0,19-DEC-2017,
OPTSTK,DABUR,25-Jan-2018,340,PE,0,0,0,20.7,4.25,0,0,0,0,19-DEC-2017,
OPTSTK,DABUR,25-Jan-2018,345,PE,0,0,0,24,6,0,0,0,0,19-DEC-2017,
OPTSTK,DABUR,25-Jan-2018,350,PE,0,0,0,27.6,8.15,0,0,0,0,19-DEC-2017,
OPTSTK,DABUR,25-Jan-2018,355,PE,0,0,0,31.35,10.7,0,0,0,0,19-DEC-2017,
OPTSTK,DABUR,25-Jan-2018,360,PE,14.9,14.9,14.9,14.9,14.9,1,9.37,2500,2500,19-DEC-2017,
OPTSTK,DABUR,25-Jan-2018,365,PE,0,0,0,39.5,17.05,0,0,0,0,19-DEC-2017,
OPTSTK,DABUR,25-Jan-2018,370,PE,0,0,0,43.75,20.75,0,0,0,0,19-DEC-2017,
OPTSTK,DABUR,25-Jan-2018,375,PE,0,0,0,48.15,24.75,0,0,0,0,19-DEC-2017,
OPTSTK,DABUR,25-Jan-2018,380,PE,0,0,0,52.65,29.05,0,0,0,0,19-DEC-2017,
OPTSTK,DABUR,25-Jan-2018,385,PE,0,0,0,57.25,33.5,0,0,0,0,19-DEC-2017,
OPTSTK,DABUR,25-Jan-2018,390,PE,0,0,0,61.9,38.1,0,0,0,0,19-DEC-2017,
OPTSTK,DABUR,25-Jan-2018,395,PE,0,0,0,66.65,42.85,0,0,0,0,19-DEC-2017,
OPTSTK,DABUR,25-Jan-2018,400,PE,0,0,0,71.4,47.65,0,0,0,0,19-DEC-2017,
OPTSTK,DABUR,22-Feb-2018,245,CE,0,0,0,102.9,107.85,0,0,0,0,19-DEC-2017,
OPTSTK,DABUR,22-Feb-2018,250,CE,0,0,0,98,102.9,0,0,0,0,19-DEC-2017,
OPTSTK,DABUR,22-Feb-2018,255,CE,0,0,0,93.1,98,0,0,0,0,19-DEC-2017,
OPTSTK,DABUR,22-Feb-2018,260,CE,0,0,0,88.2,93.05,0,0,0,0,19-DEC-2017,
OPTSTK,DABUR,22-Feb-2018,265,CE,0,0,0,83.3,88.1,0,0,0,0,19-DEC-2017,
OPTSTK,DABUR,22-Feb-2018,270,CE,0,0,0,78.45,83.15,0,0,0,0,19-DEC-2017,
OPTSTK,DABUR,22-Feb-2018,275,CE,0,0,0,73.65,78.2,0,0,0,0,19-DEC-2017,
OPTSTK,DABUR,22-Feb-2018,280,CE,0,0,0,68.9,73.3,0,0,0,0,19-DEC-2017,
OPTSTK,DABUR,22-Feb-2018,285,CE,0,0,0,64.15,68.4,0,0,0,0,19-DEC-2017,
OPTSTK,DABUR,22-Feb-2018,290,CE,0,0,0,59.55,63.5,0,0,0,0,19-DEC-2017,
OPTSTK,DABUR,22-Feb-2018,295,CE,0,0,0,55,58.65,0,0,0,0,19-DEC-2017,
OPTSTK,DABUR,22-Feb-2018,300,CE,0,0,0,50.55,53.8,0,0,0,0,19-DEC-2017,
OPTSTK,DABUR,22-Feb-2018,305,CE,0,0,0,46.3,49.1,0,0,0,0,19-DEC-2017,
OPTSTK,DABUR,22-Feb-2018,310,CE,0,0,0,42.15,44.45,0,0,0,0,19-DEC-2017,
OPTSTK,DABUR,22-Feb-2018,315,CE,0,0,0,38.15,39.9,0,0,0,0,19-DEC-2017,
OPTSTK,DABUR,22-Feb-2018,320,CE,0,0,0,34.35,35.55,0,0,0,0,19-DEC-2017,
OPTSTK,DABUR,22-Feb-2018,325,CE,0,0,0,30.75,31.35,0,0,0,0,19-DEC-2017,
OPTSTK,DABUR,22-Feb-2018,330,CE,0,0,0,27.4,27.4,0,0,0,0,19-DEC-2017,
OPTSTK,DABUR,22-Feb-2018,335,CE,0,0,0,24.25,23.7,0,0,0,0,19-DEC-2017,
OPTSTK,DABUR,22-Feb-2018,340,CE,0,0,0,21.35,20.3,0,0,0,0,19-DEC-2017,
OPTSTK,DABUR,22-Feb-2018,345,CE,0,0,0,18.7,17.15,0,0,0,0,19-DEC-2017,
OPTSTK,DABUR,22-Feb-2018,350,CE,0,0,0,16.25,14.35,0,0,0,0,19-DEC-2017,
OPTSTK,DABUR,22-Feb-2018,355,CE,0,0,0,14.05,11.85,0,0,0,0,19-DEC-2017,
OPTSTK,DABUR,22-Feb-2018,360,CE,0,0,0,12.05,9.7,0,0,0,0,19-DEC-2017,
OPTSTK,DABUR,22-Feb-2018,365,CE,0,0,0,10.3,7.85,0,0,0,0,19-DEC-2017,
OPTSTK,DABUR,22-Feb-2018,370,CE,0,0,0,8.75,6.25,0,0,0,0,19-DEC-2017,
OPTSTK,DABUR,22-Feb-2018,375,CE,0,0,0,7.4,4.95,0,0,0,0,19-DEC-2017,
OPTSTK,DABUR,22-Feb-2018,380,CE,0,0,0,6.25,3.85,0,0,0,0,19-DEC-2017,
OPTSTK,DABUR,22-Feb-2018,385,CE,0,0,0,5.2,2.95,0,0,0,0,19-DEC-2017,
OPTSTK,DABUR,22-Feb-2018,390,CE,0,0,0,4.3,2.25,0,0,0,0,19-DEC-2017,
OPTSTK,DABUR,22-Feb-2018,395,CE,0,0,0,3.55,1.7,0,0,0,0,19-DEC-2017,
OPTSTK,DABUR,22-Feb-2018,400,CE,0,0,0,2.9,1.25,0,0,0,0,19-DEC-2017,
OPTSTK,DABUR,22-Feb-2018,245,PE,0,0,0,0.05,0,0,0,0,0,19-DEC-2017,
OPTSTK,DABUR,22-Feb-2018,250,PE,0,0,0,0.05,0,0,0,0,0,19-DEC-2017,
OPTSTK,DABUR,22-Feb-2018,255,PE,0,0,0,0.05,0,0,0,0,0,19-DEC-2017,
OPTSTK,DABUR,22-Feb-2018,260,PE,0,0,0,0.1,0,0,0,0,0,19-DEC-2017,
OPTSTK,DABUR,22-Feb-2018,265,PE,0,0,0,0.15,0,0,0,0,0,19-DEC-2017,
OPTSTK,DABUR,22-Feb-2018,270,PE,0,0,0,0.25,0.05,0,0,0,0,19-DEC-2017,
OPTSTK,DABUR,22-Feb-2018,275,PE,0,0,0,0.35,0.05,0,0,0,0,19-DEC-2017,
OPTSTK,DABUR,22-Feb-2018,280,PE,0,0,0,0.5,0.05,0,0,0,0,19-DEC-2017,
OPTSTK,DABUR,22-Feb-2018,285,PE,0,0,0,0.7,0.1,0,0,0,0,19-DEC-2017,
OPTSTK,DABUR,22-Feb-2018,290,PE,0,0,0,1,0.15,0,0,0,0,19-DEC-2017,
OPTSTK,DABUR,22-Feb-2018,295,PE,0,0,0,1.4,0.2,0,0,0,0,19-DEC-2017,
OPTSTK,DABUR,22-Feb-2018,300,PE,0,0,0,1.9,0.35,0,0,0,0,19-DEC-2017,
OPTSTK,DABUR,22-Feb-2018,305,PE,0,0,0,2.55,0.55,0,0,0,0,19-DEC-2017,
OPTSTK,DABUR,22-Feb-2018,310,PE,0,0,0,3.3,0.85,0,0,0,0,19-DEC-2017,
OPTSTK,DABUR,22-Feb-2018,315,PE,0,0,0,4.25,1.25,0,0,0,0,19-DEC-2017,
OPTSTK,DABUR,22-Feb-2018,320,PE,0,0,0,5.4,1.85,0,0,0,0,19-DEC-2017,
OPTSTK,DABUR,22-Feb-2018,325,PE,0,0,0,6.75,2.6,0,0,0,0,19-DEC-2017,
OPTSTK,DABUR,22-Feb-2018,330,PE,0,0,0,8.3,3.6,0,0,0,0,19-DEC-2017,
OPTSTK,DABUR,22-Feb-2018,335,PE,0,0,0,10.1,4.85,0,0,0,0,19-DEC-2017,
OPTSTK,DABUR,22-Feb-2018,340,PE,0,0,0,12.1,6.35,0,0,0,0,19-DEC-2017,
OPTSTK,DABUR,22-Feb-2018,345,PE,0,0,0,14.35,8.15,0,0,0,0,19-DEC-2017,
OPTSTK,DABUR,22-Feb-2018,350,PE,0,0,0,16.85,10.3,0,0,0,0,19-DEC-2017,
OPTSTK,DABUR,22-Feb-2018,355,PE,0,0,0,19.6,12.75,0,0,0,0,19-DEC-2017,
OPTSTK,DABUR,22-Feb-2018,360,PE,0,0,0,22.55,15.55,0,0,0,0,19-DEC-2017,
OPTSTK,DABUR,22-Feb-2018,365,PE,0,0,0,25.7,18.6,0,0,0,0,19-DEC-2017,
OPTSTK,DABUR,22-Feb-2018,370,PE,0,0,0,29.05,21.95,0,0,0,0,19-DEC-2017,
OPTSTK,DABUR,22-Feb-2018,375,PE,0,0,0,32.65,25.6,0,0,0,0,19-DEC-2017,
OPTSTK,DABUR,22-Feb-2018,380,PE,0,0,0,36.4,29.45,0,0,0,0,19-DEC-2017,
OPTSTK,DABUR,22-Feb-2018,385,PE,0,0,0,40.3,33.5,0,0,0,0,19-DEC-2017,
OPTSTK,DABUR,22-Feb-2018,390,PE,0,0,0,44.3,37.75,0,0,0,0,19-DEC-2017,
OPTSTK,DABUR,22-Feb-2018,395,PE,0,0,0,48.5,42.15,0,0,0,0,19-DEC-2017,
OPTSTK,DABUR,22-Feb-2018,400,PE,0,0,0,52.8,46.65,0,0,0,0,19-DEC-2017,
OPTSTK,DALMIABHA,28-Dec-2017,1700,CE,0,0,0,872.8,1539.9,0,0,0,0,19-DEC-2017,
OPTSTK,DALMIABHA,28-Dec-2017,1750,CE,0,0,0,823.7,1490,0,0,0,0,19-DEC-2017,
OPTSTK,DALMIABHA,28-Dec-2017,1800,CE,0,0,0,774.7,1440.05,0,0,0,0,19-DEC-2017,
OPTSTK,DALMIABHA,28-Dec-2017,1850,CE,0,0,0,725.85,1390.15,0,0,0,0,19-DEC-2017,
OPTSTK,DALMIABHA,28-Dec-2017,1900,CE,0,0,0,677.3,1340.2,0,0,0,0,19-DEC-2017,
OPTSTK,DALMIABHA,28-Dec-2017,1950,CE,0,0,0,629.1,1290.3,0,0,0,0,19-DEC-2017,
OPTSTK,DALMIABHA,28-Dec-2017,2000,CE,0,0,0,581.45,1240.4,0,0,0,0,19-DEC-2017,
OPTSTK,DALMIABHA,28-Dec-2017,2050,CE,0,0,0,534.6,1190.45,0,0,0,0,19-DEC-2017,
OPTSTK,DALMIABHA,28-Dec-2017,2100,CE,0,0,0,488.65,1140.55,0,0,0,0,19-DEC-2017,
OPTSTK,DALMIABHA,28-Dec-2017,2150,CE,0,0,0,444,1090.6,0,0,0,0,19-DEC-2017,
OPTSTK,DALMIABHA,28-Dec-2017,2200,CE,0,0,0,400.8,1040.7,0,0,0,0,19-DEC-2017,
OPTSTK,DALMIABHA,28-Dec-2017,2250,CE,0,0,0,359.35,990.75,0,0,0,0,19-DEC-2017,
OPTSTK,DALMIABHA,28-Dec-2017,2300,CE,0,0,0,319.95,940.85,0,0,0,0,19-DEC-2017,
OPTSTK,DALMIABHA,28-Dec-2017,2350,CE,0,0,0,282.85,890.9,0,0,0,0,19-DEC-2017,
OPTSTK,DALMIABHA,28-Dec-2017,2400,CE,0,0,0,248.05,841,0,0,0,0,19-DEC-2017,
OPTSTK,DALMIABHA,28-Dec-2017,2450,CE,0,0,0,216,791.1,0,0,0,0,19-DEC-2017,
OPTSTK,DALMIABHA,28-Dec-2017,2500,CE,0,0,0,186.65,741.15,0,0,0,0,19-DEC-2017,
OPTSTK,DALMIABHA,28-Dec-2017,2550,CE,0,0,0,160.05,691.25,0,0,0,0,19-DEC-2017,
OPTSTK,DALMIABHA,28-Dec-2017,2600,CE,0,0,0,136.15,641.3,0,0,0,0,19-DEC-2017,
OPTSTK,DALMIABHA,28-Dec-2017,2650,CE,0,0,0,115,591.4,0,0,0,0,19-DEC-2017,
OPTSTK,DALMIABHA,28-Dec-2017,2700,CE,0,0,0,440,541.45,0,0,300,0,19-DEC-2017,
OPTSTK,DALMIABHA,28-Dec-2017,2750,CE,0,0,0,80.15,491.55,0,0,0,0,19-DEC-2017,
OPTSTK,DALMIABHA,28-Dec-2017,2800,CE,0,0,0,66.2,441.65,0,0,0,0,19-DEC-2017,
OPTSTK,DALMIABHA,28-Dec-2017,2850,CE,0,0,0,54.4,391.9,0,0,0,0,19-DEC-2017,
OPTSTK,DALMIABHA,28-Dec-2017,2900,CE,0,0,0,44.25,342.3,0,0,0,0,19-DEC-2017,
OPTSTK,DALMIABHA,28-Dec-2017,2950,CE,0,0,0,35.75,293.3,0,0,0,0,19-DEC-2017,
OPTSTK,DALMIABHA,28-Dec-2017,3000,CE,0,0,0,28.75,245.4,0,0,0,0,19-DEC-2017,
OPTSTK,DALMIABHA,28-Dec-2017,3050,CE,0,0,0,22.95,199.55,0,0,0,0,19-DEC-2017,
OPTSTK,DALMIABHA,28-Dec-2017,3100,CE,150,150,150,150,150,1,9.75,6300,0,19-DEC-2017,
OPTSTK,DALMIABHA,28-Dec-2017,3150,CE,127.1,127.1,127.1,127.1,127.1,1,9.83,600,0,19-DEC-2017,
OPTSTK,DALMIABHA,28-Dec-2017,3200,CE,66.35,96,66.35,70.9,70.9,14,137.75,8400,600,19-DEC-2017,
OPTSTK,DALMIABHA,28-Dec-2017,3250,CE,58.7,58.7,49.3,52.45,52.45,3,29.72,2100,300,19-DEC-2017,
OPTSTK,DALMIABHA,28-Dec-2017,3300,CE,35,40,30.55,30.55,30.55,8,80.03,5100,-1200,19-DEC-2017,
OPTSTK,DALMIABHA,28-Dec-2017,3350,CE,0,0,0,30,23.9,0,0,2100,0,19-DEC-2017,
OPTSTK,DALMIABHA,28-Dec-2017,3400,CE,24.4,34.35,23,23,23,5,51.39,1500,1200,19-DEC-2017,
OPTSTK,DALMIABHA,28-Dec-2017,3450,CE,0,0,0,22,7.7,0,0,600,0,19-DEC-2017,
OPTSTK,DALMIABHA,28-Dec-2017,3500,CE,0,0,0,9.95,4,0,0,2700,0,19-DEC-2017,
OPTSTK,DALMIABHA,28-Dec-2017,3550,CE,0,0,0,1.75,1.95,0,0,0,0,19-DEC-2017,
OPTSTK,DALMIABHA,28-Dec-2017,3600,CE,0,0,0,10,0.9,0,0,300,0,19-DEC-2017,
OPTSTK,DALMIABHA,28-Dec-2017,3650,CE,0,0,0,24.5,0.4,0,0,600,0,19-DEC-2017,
OPTSTK,DALMIABHA,28-Dec-2017,3700,CE,0,0,0,12.25,0.2,0,0,0,0,19-DEC-2017,
OPTSTK,DALMIABHA,28-Dec-2017,3750,CE,0,0,0,11.05,0.1,0,0,0,0,19-DEC-2017,
OPTSTK,DALMIABHA,28-Dec-2017,1700,PE,0,0,0,0.15,0,0,0,0,0,19-DEC-2017,
OPTSTK,DALMIABHA,28-Dec-2017,1750,PE,0,0,0,0.25,0,0,0,0,0,19-DEC-2017,
OPTSTK,DALMIABHA,28-Dec-2017,1800,PE,0,0,0,0.5,0,0,0,0,0,19-DEC-2017,
OPTSTK,DALMIABHA,28-Dec-2017,1850,PE,0,0,0,0.85,0,0,0,0,0,19-DEC-2017,
OPTSTK,DALMIABHA,28-Dec-2017,1900,PE,0,0,0,1.5,0,0,0,0,0,19-DEC-2017,
OPTSTK,DALMIABHA,28-Dec-2017,1950,PE,0,0,0,2.55,0,0,0,0,0,19-DEC-2017,
OPTSTK,DALMIABHA,28-Dec-2017,2000,PE,0,0,0,4.15,0,0,0,0,0,19-DEC-2017,
OPTSTK,DALMIABHA,28-Dec-2017,2050,PE,0,0,0,6.5,0,0,0,0,0,19-DEC-2017,
OPTSTK,DALMIABHA,28-Dec-2017,2100,PE,0,0,0,9.8,0,0,0,0,0,19-DEC-2017,
OPTSTK,DALMIABHA,28-Dec-2017,2150,PE,0,0,0,14.35,0,0,0,0,0,19-DEC-2017,
OPTSTK,DALMIABHA,28-Dec-2017,2200,PE,0,0,0,20.35,0,0,0,0,0,19-DEC-2017,
OPTSTK,DALMIABHA,28-Dec-2017,2250,PE,0,0,0,28.15,0,0,0,0,0,19-DEC-2017,
OPTSTK,DALMIABHA,28-Dec-2017,2300,PE,0,0,0,37.95,0,0,0,0,0,19-DEC-2017,
OPTSTK,DALMIABHA,28-Dec-2017,2350,PE,0,0,0,50.1,0,0,0,0,0,19-DEC-2017,
OPTSTK,DALMIABHA,28-Dec-2017,2400,PE,0,0,0,64.5,0,0,0,0,0,19-DEC-2017,
OPTSTK,DALMIABHA,28-Dec-2017,2450,PE,0,0,0,81.65,0,0,0,0,0,19-DEC-2017,
OPTSTK,DALMIABHA,28-Dec-2017,2500,PE,0,0,0,101.55,0,0,0,0,0,19-DEC-2017,
OPTSTK,DALMIABHA,28-Dec-2017,2550,PE,0,0,0,124.15,0,0,0,0,0,19-DEC-2017,
OPTSTK,DALMIABHA,28-Dec-2017,2600,PE,0,0,0,149.5,0,0,0,0,0,19-DEC-2017,
OPTSTK,DALMIABHA,28-Dec-2017,2650,PE,0,0,0,177.55,0,0,0,0,0,19-DEC-2017,
OPTSTK,DALMIABHA,28-Dec-2017,2700,PE,0,0,0,208.15,0,0,0,0,0,19-DEC-2017,
OPTSTK,DALMIABHA,28-Dec-2017,2750,PE,0,0,0,241.15,0.05,0,0,0,0,19-DEC-2017,
OPTSTK,DALMIABHA,28-Dec-2017,2800,PE,0,0,0,276.4,0.05,0,0,0,0,19-DEC-2017,
OPTSTK,DALMIABHA,28-Dec-2017,2850,PE,0,0,0,7.25,0.2,0,0,0,0,19-DEC-2017,
OPTSTK,DALMIABHA,28-Dec-2017,2900,PE,0,0,0,4,0.55,0,0,300,0,19-DEC-2017,
OPTSTK,DALMIABHA,28-Dec-2017,2950,PE,0,0,0,44,1.45,0,0,300,0,19-DEC-2017,
OPTSTK,DALMIABHA,28-Dec-2017,3000,PE,0,0,0,11.55,3.5,0,0,3600,0,19-DEC-2017,
OPTSTK,DALMIABHA,28-Dec-2017,3050,PE,0,0,0,48.6,7.55,0,0,300,0,19-DEC-2017,
OPTSTK,DALMIABHA,28-Dec-2017,3100,PE,6.05,6.05,5.4,5.4,5.4,2,18.63,2700,-300,19-DEC-2017,
OPTSTK,DALMIABHA,28-Dec-2017,3150,PE,0,0,0,42.5,26.25,0,0,0,0,19-DEC-2017,
OPTSTK,DALMIABHA,28-Dec-2017,3200,PE,30,30,30,30,30,5,48.45,1800,1500,19-DEC-2017,
OPTSTK,DALMIABHA,28-Dec-2017,3250,PE,0,0,0,662,66.55,0,0,0,0,19-DEC-2017,
OPTSTK,DALMIABHA,28-Dec-2017,3300,PE,0,0,0,109.35,96.05,0,0,600,0,19-DEC-2017,
OPTSTK,DALMIABHA,28-Dec-2017,3350,PE,0,0,0,756.9,131.45,0,0,0,0,19-DEC-2017,
OPTSTK,DALMIABHA,28-Dec-2017,3400,PE,0,0,0,804.9,171.35,0,0,0,0,19-DEC-2017,
OPTSTK,DALMIABHA,28-Dec-2017,3450,PE,0,0,0,853.15,215.05,0,0,0,0,19-DEC-2017,
OPTSTK,DALMIABHA,28-Dec-2017,3500,PE,0,0,0,901.65,261.3,0,0,0,0,19-DEC-2017,
OPTSTK,DALMIABHA,28-Dec-2017,3550,PE,0,0,0,950.3,309.2,0,0,0,0,19-DEC-2017,
OPTSTK,DALMIABHA,28-Dec-2017,3600,PE,0,0,0,849.35,358.1,0,0,0,0,19-DEC-2017,
OPTSTK,DALMIABHA,28-Dec-2017,3650,PE,0,0,0,895.95,407.5,0,0,0,0,19-DEC-2017,
OPTSTK,DALMIABHA,28-Dec-2017,3700,PE,0,0,0,942.9,457.2,0,0,0,0,19-DEC-2017,
OPTSTK,DALMIABHA,28-Dec-2017,3750,PE,0,0,0,951.2,507,0,0,0,0,19-DEC-2017,
OPTSTK,DALMIABHA,25-Jan-2018,1850,CE,0,0,0,1007.7,1399.3,0,0,0,0,19-DEC-2017,
OPTSTK,DALMIABHA,25-Jan-2018,1900,CE,0,0,0,958.6,1349.65,0,0,0,0,19-DEC-2017,
OPTSTK,DALMIABHA,25-Jan-2018,1950,CE,0,0,0,909.55,1299.95,0,0,0,0,19-DEC-2017,
OPTSTK,DALMIABHA,25-Jan-2018,2000,CE,0,0,0,860.6,1250.3,0,0,0,0,19-DEC-2017,
OPTSTK,DALMIABHA,25-Jan-2018,2050,CE,0,0,0,811.9,1200.6,0,0,0,0,19-DEC-2017,
OPTSTK,DALMIABHA,25-Jan-2018,2100,CE,0,0,0,763.4,1150.95,0,0,0,0,19-DEC-2017,
OPTSTK,DALMIABHA,25-Jan-2018,2150,CE,0,0,0,715.3,1101.25,0,0,0,0,19-DEC-2017,
OPTSTK,DALMIABHA,25-Jan-2018,2200,CE,0,0,0,667.65,1051.6,0,0,0,0,19-DEC-2017,
OPTSTK,DALMIABHA,25-Jan-2018,2250,CE,0,0,0,620.7,1001.9,0,0,0,0,19-DEC-2017,
OPTSTK,DALMIABHA,25-Jan-2018,2300,CE,0,0,0,574.55,952.25,0,0,0,0,19-DEC-2017,
OPTSTK,DALMIABHA,25-Jan-2018,2350,CE,0,0,0,529.4,902.6,0,0,0,0,19-DEC-2017,
OPTSTK,DALMIABHA,25-Jan-2018,2400,CE,0,0,0,485.45,852.95,0,0,0,0,19-DEC-2017,
OPTSTK,DALMIABHA,25-Jan-2018,2450,CE,0,0,0,442.95,803.35,0,0,0,0,19-DEC-2017,
OPTSTK,DALMIABHA,25-Jan-2018,2500,CE,0,0,0,402.1,753.85,0,0,0,0,19-DEC-2017,
OPTSTK,DALMIABHA,25-Jan-2018,2550,CE,0,0,0,363,704.45,0,0,0,0,19-DEC-2017,
OPTSTK,DALMIABHA,25-Jan-2018,2600,CE,0,0,0,326.05,655.25,0,0,0,0,19-DEC-2017,
OPTSTK,DALMIABHA,25-Jan-2018,2650,CE,0,0,0,290.95,606.35,0,0,0,0,19-DEC-2017,
OPTSTK,DALMIABHA,25-Jan-2018,2700,CE,0,0,0,258.3,557.9,0,0,0,0,19-DEC-2017,
OPTSTK,DALMIABHA,25-Jan-2018,2750,CE,0,0,0,228,510.15,0,0,0,0,19-DEC-2017,
OPTSTK,DALMIABHA,25-Jan-2018,2800,CE,0,0,0,200.1,463.3,0,0,0,0,19-DEC-2017,
OPTSTK,DALMIABHA,25-Jan-2018,2850,CE,0,0,0,174.6,417.65,0,0,0,0,19-DEC-2017,
OPTSTK,DALMIABHA,25-Jan-2018,2900,CE,0,0,0,151.5,373.45,0,0,0,0,19-DEC-2017,
OPTSTK,DALMIABHA,25-Jan-2018,2950,CE,0,0,0,130.65,331.1,0,0,0,0,19-DEC-2017,
OPTSTK,DALMIABHA,25-Jan-2018,3000,CE,0,0,0,112.1,290.85,0,0,0,0,19-DEC-2017,
OPTSTK,DALMIABHA,25-Jan-2018,3050,CE,0,0,0,95.6,253.2,0,0,0,0,19-DEC-2017,
OPTSTK,DALMIABHA,25-Jan-2018,3100,CE,0,0,0,81.1,217.95,0,0,0,0,19-DEC-2017,
OPTSTK,DALMIABHA,25-Jan-2018,3150,CE,0,0,0,68.55,185.85,0,0,0,0,19-DEC-2017,
OPTSTK,DALMIABHA,25-Jan-2018,3200,CE,0,0,0,57.5,156.75,0,0,0,0,19-DEC-2017,
OPTSTK,DALMIABHA,25-Jan-2018,3250,CE,0,0,0,48,130.8,0,0,0,0,19-DEC-2017,
OPTSTK,DALMIABHA,25-Jan-2018,3300,CE,0,0,0,39.9,107.95,0,0,0,0,19-DEC-2017,
OPTSTK,DALMIABHA,25-Jan-2018,3350,CE,0,0,0,33,88.1,0,0,0,0,19-DEC-2017,
OPTSTK,DALMIABHA,25-Jan-2018,3400,CE,0,0,0,27.15,71.1,0,0,0,0,19-DEC-2017,
OPTSTK,DALMIABHA,25-Jan-2018,3450,CE,0,0,0,22.25,56.75,0,0,0,0,19-DEC-2017,
OPTSTK,DALMIABHA,25-Jan-2018,3500,CE,0,0,0,18.1,44.85,0,0,0,0,19-DEC-2017,
OPTSTK,DALMIABHA,25-Jan-2018,3550,CE,0,0,0,14.7,35.05,0,0,0,0,19-DEC-2017,
OPTSTK,DALMIABHA,25-Jan-2018,3600,CE,0,0,0,11.9,27.1,0,0,0,0,19-DEC-2017,
OPTSTK,DALMIABHA,25-Jan-2018,3650,CE,0,0,0,9.55,20.7,0,0,0,0,19-DEC-2017,
OPTSTK,DALMIABHA,25-Jan-2018,3700,CE,0,0,0,7.65,15.65,0,0,0,0,19-DEC-2017,
OPTSTK,DALMIABHA,25-Jan-2018,3750,CE,0,0,0,6.1,11.7,0,0,0,0,19-DEC-2017,
OPTSTK,DALMIABHA,25-Jan-2018,1850,PE,0,0,0,0.15,0,0,0,0,0,19-DEC-2017,
OPTSTK,DALMIABHA,25-Jan-2018,1900,PE,0,0,0,0.25,0,0,0,0,0,19-DEC-2017,
OPTSTK,DALMIABHA,25-Jan-2018,1950,PE,0,0,0,0.4,0,0,0,0,0,19-DEC-2017,
OPTSTK,DALMIABHA,25-Jan-2018,2000,PE,0,0,0,0.7,0,0,0,0,0,19-DEC-2017,
OPTSTK,DALMIABHA,25-Jan-2018,2050,PE,0,0,0,1.2,0,0,0,0,0,19-DEC-2017,
OPTSTK,DALMIABHA,25-Jan-2018,2100,PE,0,0,0,1.9,0,0,0,0,0,19-DEC-2017,
OPTSTK,DALMIABHA,25-Jan-2018,2150,PE,0,0,0,3,0,0,0,0,0,19-DEC-2017,
OPTSTK,DALMIABHA,25-Jan-2018,2200,PE,0,0,0,4.6,0,0,0,0,0,19-DEC-2017,
OPTSTK,DALMIABHA,25-Jan-2018,2250,PE,0,0,0,6.85,0.05,0,0,0,0,19-DEC-2017,
OPTSTK,DALMIABHA,25-Jan-2018,2300,PE,0,0,0,9.95,0.05,0,0,0,0,19-DEC-2017,
OPTSTK,DALMIABHA,25-Jan-2018,2350,PE,0,0,0,14,0.05,0,0,0,0,19-DEC-2017,
OPTSTK,DALMIABHA,25-Jan-2018,2400,PE,0,0,0,19.3,0.1,0,0,0,0,19-DEC-2017,
OPTSTK,DALMIABHA,25-Jan-2018,2450,PE,0,0,0,26,0.15,0,0,0,0,19-DEC-2017,
OPTSTK,DALMIABHA,25-Jan-2018,2500,PE,0,0,0,34.3,0.3,0,0,0,0,19-DEC-2017,
OPTSTK,DALMIABHA,25-Jan-2018,2550,PE,0,0,0,44.45,0.6,0,0,0,0,19-DEC-2017,
OPTSTK,DALMIABHA,25-Jan-2018,2600,PE,0,0,0,56.7,1.05,0,0,0,0,19-DEC-2017,
OPTSTK,DALMIABHA,25-Jan-2018,2650,PE,0,0,0,70.85,1.85,0,0,0,0,19-DEC-2017,
OPTSTK,DALMIABHA,25-Jan-2018,2700,PE,0,0,0,87.4,3.1,0,0,0,0,19-DEC-2017,
OPTSTK,DALMIABHA,25-Jan-2018,2750,PE,0,0,0,106.35,5,0,0,0,0,19-DEC-2017,
OPTSTK,DALMIABHA,25-Jan-2018,2800,PE,0,0,0,127.65,7.85,0,0,0,0,19-DEC-2017,
OPTSTK,DALMIABHA,25-Jan-2018,2850,PE,0,0,0,151.35,11.85,0,0,0,0,19-DEC-2017,
OPTSTK,DALMIABHA,25-Jan-2018,2900,PE,0,0,0,177.45,17.35,0,0,0,0,19-DEC-2017,
OPTSTK,DALMIABHA,25-Jan-2018,2950,PE,0,0,0,205.85,24.65,0,0,0,0,19-DEC-2017,
OPTSTK,DALMIABHA,25-Jan-2018,3000,PE,0,0,0,236.5,34.1,0,0,0,0,19-DEC-2017,
OPTSTK,DALMIABHA,25-Jan-2018,3050,PE,0,0,0,269.2,46.1,0,0,0,0,19-DEC-2017,
OPTSTK,DALMIABHA,25-Jan-2018,3100,PE,0,0,0,303.9,60.55,0,0,0,0,19-DEC-2017,
OPTSTK,DALMIABHA,25-Jan-2018,3150,PE,0,0,0,340.6,78.1,0,0,0,0,19-DEC-2017,
OPTSTK,DALMIABHA,25-Jan-2018,3200,PE,0,0,0,378.75,98.7,0,0,0,0,19-DEC-2017,
OPTSTK,DALMIABHA,25-Jan-2018,3250,PE,0,0,0,418.5,122.4,0,0,0,0,19-DEC-2017,
OPTSTK,DALMIABHA,25-Jan-2018,3300,PE,0,0,0,459.6,149.25,0,0,0,0,19-DEC-2017,
OPTSTK,DALMIABHA,25-Jan-2018,3350,PE,0,0,0,501.9,179.05,0,0,0,0,19-DEC-2017,
OPTSTK,DALMIABHA,25-Jan-2018,3400,PE,0,0,0,545.3,211.75,0,0,0,0,19-DEC-2017,
OPTSTK,DALMIABHA,25-Jan-2018,3450,PE,0,0,0,589.6,247.05,0,0,0,0,19-DEC-2017,
OPTSTK,DALMIABHA,25-Jan-2018,3500,PE,0,0,0,634.7,284.85,0,0,0,0,19-DEC-2017,
OPTSTK,DALMIABHA,25-Jan-2018,3550,PE,0,0,0,680.5,324.7,0,0,0,0,19-DEC-2017,
OPTSTK,DALMIABHA,25-Jan-2018,3600,PE,0,0,0,726.9,366.4,0,0,0,0,19-DEC-2017,
OPTSTK,DALMIABHA,25-Jan-2018,3650,PE,0,0,0,773.8,409.7,0,0,0,0,19-DEC-2017,
OPTSTK,DALMIABHA,25-Jan-2018,3700,PE,0,0,0,821.1,454.35,0,0,0,0,19-DEC-2017,
OPTSTK,DALMIABHA,25-Jan-2018,3750,PE,0,0,0,868.75,500.05,0,0,0,0,19-DEC-2017,
OPTSTK,DALMIABHA,22-Feb-2018,2150,CE,0,0,0,1036.05,1111.85,0,0,0,0,19-DEC-2017,
OPTSTK,DALMIABHA,22-Feb-2018,2200,CE,0,0,0,987.5,1062.45,0,0,0,0,19-DEC-2017,
OPTSTK,DALMIABHA,22-Feb-2018,2250,CE,0,0,0,939.25,1013.15,0,0,0,0,19-DEC-2017,
OPTSTK,DALMIABHA,22-Feb-2018,2300,CE,0,0,0,891.3,963.85,0,0,0,0,19-DEC-2017,
OPTSTK,DALMIABHA,22-Feb-2018,2350,CE,0,0,0,843.85,914.7,0,0,0,0,19-DEC-2017,
OPTSTK,DALMIABHA,22-Feb-2018,2400,CE,0,0,0,796.9,865.65,0,0,0,0,19-DEC-2017,
OPTSTK,DALMIABHA,22-Feb-2018,2450,CE,0,0,0,750.65,816.85,0,0,0,0,19-DEC-2017,
OPTSTK,DALMIABHA,22-Feb-2018,2500,CE,0,0,0,705.15,768.35,0,0,0,0,19-DEC-2017,
OPTSTK,DALMIABHA,22-Feb-2018,2550,CE,0,0,0,660.6,720.25,0,0,0,0,19-DEC-2017,
OPTSTK,DALMIABHA,22-Feb-2018,2600,CE,0,0,0,617.05,672.65,0,0,0,0,19-DEC-2017,
OPTSTK,DALMIABHA,22-Feb-2018,2650,CE,0,0,0,574.65,625.8,0,0,0,0,19-DEC-2017,
OPTSTK,DALMIABHA,22-Feb-2018,2700,CE,0,0,0,533.6,579.75,0,0,0,0,19-DEC-2017,
OPTSTK,DALMIABHA,22-Feb-2018,2750,CE,0,0,0,493.9,534.75,0,0,0,0,19-DEC-2017,
OPTSTK,DALMIABHA,22-Feb-2018,2800,CE,0,0,0,455.7,490.95,0,0,0,0,19-DEC-2017,
OPTSTK,DALMIABHA,22-Feb-2018,2850,CE,0,0,0,419.25,448.55,0,0,0,0,19-DEC-2017,
OPTSTK,DALMIABHA,22-Feb-2018,2900,CE,0,0,0,384.35,407.8,0,0,0,0,19-DEC-2017,
OPTSTK,DALMIABHA,22-Feb-2018,2950,CE,0,0,0,351.1,368.8,0,0,0,0,19-DEC-2017,
OPTSTK,DALMIABHA,22-Feb-2018,3000,CE,0,0,0,319.85,331.85,0,0,0,0,19-DEC-2017,
OPTSTK,DALMIABHA,22-Feb-2018,3050,CE,0,0,0,290.4,296.75,0,0,0,0,19-DEC-2017,
OPTSTK,DALMIABHA,22-Feb-2018,3100,CE,0,0,0,262.85,264,0,0,0,0,19-DEC-2017,
OPTSTK,DALMIABHA,22-Feb-2018,3150,CE,0,0,0,237.15,233.6,0,0,0,0,19-DEC-2017,
OPTSTK,DALMIABHA,22-Feb-2018,3200,CE,0,0,0,213.25,205.5,0,0,0,0,19-DEC-2017,
OPTSTK,DALMIABHA,22-Feb-2018,3250,CE,0,0,0,191.15,179.75,0,0,0,0,19-DEC-2017,
OPTSTK,DALMIABHA,22-Feb-2018,3300,CE,0,0,0,170.85,156.3,0,0,0,0,19-DEC-2017,
OPTSTK,DALMIABHA,22-Feb-2018,3350,CE,0,0,0,152.2,135.15,0,0,0,0,19-DEC-2017,
OPTSTK,DALMIABHA,22-Feb-2018,3400,CE,0,0,0,135.2,116.25,0,0,0,0,19-DEC-2017,
OPTSTK,DALMIABHA,22-Feb-2018,3450,CE,0,0,0,119.75,99.4,0,0,0,0,19-DEC-2017,
OPTSTK,DALMIABHA,22-Feb-2018,3500,CE,0,0,0,105.75,84.5,0,0,0,0,19-DEC-2017,
OPTSTK,DALMIABHA,22-Feb-2018,3550,CE,0,0,0,93.3,71.6,0,0,0,0,19-DEC-2017,
OPTSTK,DALMIABHA,22-Feb-2018,3600,CE,0,0,0,82,60.15,0,0,0,0,19-DEC-2017,
OPTSTK,DALMIABHA,22-Feb-2018,3650,CE,0,0,0,71.7,50.35,0,0,0,0,19-DEC-2017,
OPTSTK,DALMIABHA,22-Feb-2018,3700,CE,0,0,0,62.65,41.9,0,0,0,0,19-DEC-2017,
OPTSTK,DALMIABHA,22-Feb-2018,3750,CE,0,0,0,54.6,34.7,0,0,0,0,19-DEC-2017,
OPTSTK,DALMIABHA,22-Feb-2018,2150,PE,0,0,0,1.45,0.1,0,0,0,0,19-DEC-2017,
OPTSTK,DALMIABHA,22-Feb-2018,2200,PE,0,0,0,2.15,0.15,0,0,0,0,19-DEC-2017,
OPTSTK,DALMIABHA,22-Feb-2018,2250,PE,0,0,0,3.15,0.2,0,0,0,0,19-DEC-2017,
OPTSTK,DALMIABHA,22-Feb-2018,2300,PE,0,0,0,4.5,0.4,0,0,0,0,19-DEC-2017,
OPTSTK,DALMIABHA,22-Feb-2018,2350,PE,0,0,0,6.3,0.65,0,0,0,0,19-DEC-2017,
OPTSTK,DALMIABHA,22-Feb-2018,2400,PE,0,0,0,8.6,1.05,0,0,0,0,19-DEC-2017,
OPTSTK,DALMIABHA,22-Feb-2018,2450,PE,0,0,0,11.65,1.65,0,0,0,0,19-DEC-2017,
OPTSTK,DALMIABHA,22-Feb-2018,2500,PE,0,0,0,15.4,2.6,0,0,0,0,19-DEC-2017,
OPTSTK,DALMIABHA,22-Feb-2018,2550,PE,0,0,0,20.1,3.9,0,0,0,0,19-DEC-2017,
OPTSTK,DALMIABHA,22-Feb-2018,2600,PE,0,0,0,25.85,5.75,0,0,0,0,19-DEC-2017,
OPTSTK,DALMIABHA,22-Feb-2018,2650,PE,0,0,0,32.75,8.3,0,0,0,0,19-DEC-2017,
OPTSTK,DALMIABHA,22-Feb-2018,2700,PE,0,0,0,40.9,11.7,0,0,0,0,19-DEC-2017,
OPTSTK,DALMIABHA,22-Feb-2018,2750,PE,0,0,0,50.5,16.1,0,0,0,0,19-DEC-2017,
OPTSTK,DALMIABHA,22-Feb-2018,2800,PE,0,0,0,61.6,21.75,0,0,0,0,19-DEC-2017,
OPTSTK,DALMIABHA,22-Feb-2018,2850,PE,0,0,0,74.4,28.8,0,0,0,0,19-DEC-2017,
OPTSTK,DALMIABHA,22-Feb-2018,2900,PE,0,0,0,88.75,37.45,0,0,0,0,19-DEC-2017,
OPTSTK,DALMIABHA,22-Feb-2018,2950,PE,0,0,0,104.8,47.9,0,0,0,0,19-DEC-2017,
OPTSTK,DALMIABHA,22-Feb-2018,3000,PE,0,0,0,122.8,60.4,0,0,0,0,19-DEC-2017,
OPTSTK,DALMIABHA,22-Feb-2018,3050,PE,0,0,0,142.65,74.7,0,0,0,0,19-DEC-2017,
OPTSTK,DALMIABHA,22-Feb-2018,3100,PE,0,0,0,164.35,91.4,0,0,0,0,19-DEC-2017,
OPTSTK,DALMIABHA,22-Feb-2018,3150,PE,0,0,0,187.9,110.4,0,0,0,0,19-DEC-2017,
OPTSTK,DALMIABHA,22-Feb-2018,3200,PE,0,0,0,213.3,131.75,0,0,0,0,19-DEC-2017,
OPTSTK,DALMIABHA,22-Feb-2018,3250,PE,0,0,0,240.5,155.4,0,0,0,0,19-DEC-2017,
OPTSTK,DALMIABHA,22-Feb-2018,3300,PE,0,0,0,269.45,181.45,0,0,0,0,19-DEC-2017,
OPTSTK,DALMIABHA,22-Feb-2018,3350,PE,0,0,0,300.1,209.7,0,0,0,0,19-DEC-2017,
OPTSTK,DALMIABHA,22-Feb-2018,3400,PE,0,0,0,332.35,240.2,0,0,0,0,19-DEC-2017,
OPTSTK,DALMIABHA,22-Feb-2018,3450,PE,0,0,0,366.15,272.8,0,0,0,0,19-DEC-2017,
OPTSTK,DALMIABHA,22-Feb-2018,3500,PE,0,0,0,401.45,307.35,0,0,0,0,19-DEC-2017,
OPTSTK,DALMIABHA,22-Feb-2018,3550,PE,0,0,0,438.25,343.85,0,0,0,0,19-DEC-2017,
OPTSTK,DALMIABHA,22-Feb-2018,3600,PE,0,0,0,476.2,381.85,0,0,0,0,19-DEC-2017,
OPTSTK,DALMIABHA,22-Feb-2018,3650,PE,0,0,0,515.2,421.5,0,0,0,0,19-DEC-2017,
OPTSTK,DALMIABHA,22-Feb-2018,3700,PE,0,0,0,555.45,462.45,0,0,0,0,19-DEC-2017,
OPTSTK,DALMIABHA,22-Feb-2018,3750,PE,0,0,0,596.65,504.7,0,0,0,0,19-DEC-2017,
OPTSTK,DCBBANK,28-Dec-2017,115,CE,0,0,0,66.2,81.9,0,0,0,0,19-DEC-2017,
OPTSTK,DCBBANK,28-Dec-2017,120,CE,0,0,0,61.35,76.9,0,0,0,0,19-DEC-2017,
OPTSTK,DCBBANK,28-Dec-2017,125,CE,0,0,0,56.55,71.9,0,0,0,0,19-DEC-2017,
OPTSTK,DCBBANK,28-Dec-2017,130,CE,0,0,0,56.35,66.9,0,0,9000,0,19-DEC-2017,
OPTSTK,DCBBANK,28-Dec-2017,135,CE,0,0,0,47.15,61.95,0,0,0,0,19-DEC-2017,
OPTSTK,DCBBANK,28-Dec-2017,140,CE,0,0,0,46.4,56.95,0,0,9000,0,19-DEC-2017,
OPTSTK,DCBBANK,28-Dec-2017,145,CE,0,0,0,38.25,51.95,0,0,0,0,19-DEC-2017,
OPTSTK,DCBBANK,28-Dec-2017,150,CE,0,0,0,34.1,46.95,0,0,0,0,19-DEC-2017,
OPTSTK,DCBBANK,28-Dec-2017,155,CE,0,0,0,30.15,41.95,0,0,0,0,19-DEC-2017,
OPTSTK,DCBBANK,28-Dec-2017,160,CE,0,0,0,26.65,36.95,0,0,9000,0,19-DEC-2017,
OPTSTK,DCBBANK,28-Dec-2017,165,CE,0,0,0,22.35,32,0,0,22500,0,19-DEC-2017,
OPTSTK,DCBBANK,28-Dec-2017,170,CE,0,0,0,18.2,27,0,0,9000,0,19-DEC-2017,
OPTSTK,DCBBANK,28-Dec-2017,175,CE,0,0,0,9.75,22.05,0,0,4500,0,19-DEC-2017,
OPTSTK,DCBBANK,28-Dec-2017,180,CE,0,0,0,7.5,17.2,0,0,13500,0,19-DEC-2017,
OPTSTK,DCBBANK,28-Dec-2017,185,CE,13.8,13.8,11.25,12.5,12.5,11,97.77,99000,-22500,19-DEC-2017,
OPTSTK,DCBBANK,28-Dec-2017,190,CE,8.95,8.95,7.8,7.8,7.8,6,53.51,319500,-4500,19-DEC-2017,
OPTSTK,DCBBANK,28-Dec-2017,195,CE,5.8,6,4.5,5,5,62,558.79,220500,-9000,19-DEC-2017,
OPTSTK,DCBBANK,28-Dec-2017,200,CE,3.8,3.85,2.8,3.05,3.05,234,2140.14,621000,130500,19-DEC-2017,
OPTSTK,DCBBANK,28-Dec-2017,205,CE,2.1,2.1,1.6,1.65,1.65,41,381.57,225000,-13500,19-DEC-2017,
OPTSTK,DCBBANK,28-Dec-2017,210,CE,1.1,1.2,0.95,0.95,0.95,10,94.98,63000,18000,19-DEC-2017,
OPTSTK,DCBBANK,28-Dec-2017,215,CE,0,0,0,3.85,0.3,0,0,0,0,19-DEC-2017,
OPTSTK,DCBBANK,28-Dec-2017,220,CE,0,0,0,0.25,0.1,0,0,18000,0,19-DEC-2017,
OPTSTK,DCBBANK,28-Dec-2017,225,CE,0,0,0,2.5,0.05,0,0,0,0,19-DEC-2017,
OPTSTK,DCBBANK,28-Dec-2017,230,CE,0,0,0,2,0.05,0,0,0,0,19-DEC-2017,
OPTSTK,DCBBANK,28-Dec-2017,235,CE,0,0,0,0.05,0,0,0,0,0,19-DEC-2017,
OPTSTK,DCBBANK,28-Dec-2017,240,CE,0,0,0,2.5,0,0,0,9000,0,19-DEC-2017,
OPTSTK,DCBBANK,28-Dec-2017,245,CE,0,0,0,0.25,0,0,0,0,0,19-DEC-2017,
OPTSTK,DCBBANK,28-Dec-2017,115,PE,0,0,0,0.1,0,0,0,0,0,19-DEC-2017,
OPTSTK,DCBBANK,28-Dec-2017,120,PE,0,0,0,0.15,0,0,0,0,0,19-DEC-2017,
OPTSTK,DCBBANK,28-Dec-2017,125,PE,0,0,0,0.25,0,0,0,0,0,19-DEC-2017,
OPTSTK,DCBBANK,28-Dec-2017,130,PE,0,0,0,0.45,0,0,0,0,0,19-DEC-2017,
OPTSTK,DCBBANK,28-Dec-2017,135,PE,0,0,0,0.7,0,0,0,0,0,19-DEC-2017,
OPTSTK,DCBBANK,28-Dec-2017,140,PE,0,0,0,1.1,0,0,0,0,0,19-DEC-2017,
OPTSTK,DCBBANK,28-Dec-2017,145,PE,0,0,0,1.65,0,0,0,0,0,19-DEC-2017,
OPTSTK,DCBBANK,28-Dec-2017,150,PE,0,0,0,2.4,0,0,0,0,0,19-DEC-2017,
OPTSTK,DCBBANK,28-Dec-2017,155,PE,0,0,0,0.15,0,0,0,0,0,19-DEC-2017,
OPTSTK,DCBBANK,28-Dec-2017,160,PE,0,0,0,1.1,0,0,0,22500,0,19-DEC-2017,
OPTSTK,DCBBANK,28-Dec-2017,165,PE,0,0,0,0.85,0,0,0,27000,0,19-DEC-2017,
OPTSTK,DCBBANK,28-Dec-2017,170,PE,0,0,0,0.25,0.05,0,0,40500,0,19-DEC-2017,
OPTSTK,DCBBANK,28-Dec-2017,175,PE,0.3,0.35,0.3,0.35,0.35,2,15.77,139500,-4500,19-DEC-2017,
OPTSTK,DCBBANK,28-Dec-2017,180,PE,0.55,0.8,0.55,0.8,0.8,5,40.64,85500,-18000,19-DEC-2017,
OPTSTK,DCBBANK,28-Dec-2017,185,PE,1.2,1.25,0.95,0.95,0.95,9,75.39,72000,-9000,19-DEC-2017,
OPTSTK,DCBBANK,28-Dec-2017,190,PE,2,2.5,1.5,1.5,1.5,7,60.45,85500,27000,19-DEC-2017,
OPTSTK,DCBBANK,28-Dec-2017,195,PE,3.75,4.2,3.3,3.3,3.3,11,98.39,49500,9000,19-DEC-2017,
OPTSTK,DCBBANK,28-Dec-2017,200,PE,6.05,7.25,5.8,5.9,5.9,15,139.18,85500,40500,19-DEC-2017,
OPTSTK,DCBBANK,28-Dec-2017,205,PE,0,0,0,20.15,9.5,0,0,4500,0,19-DEC-2017,
OPTSTK,DCBBANK,28-Dec-2017,210,PE,0,0,0,26.4,13.65,0,0,13500,0,19-DEC-2017,
OPTSTK,DCBBANK,28-Dec-2017,215,PE,0,0,0,25.3,18.25,0,0,9000,0,19-DEC-2017,
OPTSTK,DCBBANK,28-Dec-2017,220,PE,0,0,0,29.75,23.05,0,0,9000,0,19-DEC-2017,
OPTSTK,DCBBANK,28-Dec-2017,225,PE,0,0,0,44.65,28,0,0,0,0,19-DEC-2017,
OPTSTK,DCBBANK,28-Dec-2017,230,PE,0,0,0,39.2,32.95,0,0,18000,0,19-DEC-2017,
OPTSTK,DCBBANK,28-Dec-2017,235,PE,0,0,0,53.55,37.95,0,0,0,0,19-DEC-2017,
OPTSTK,DCBBANK,28-Dec-2017,240,PE,0,0,0,48.85,42.95,0,0,9000,0,19-DEC-2017,
OPTSTK,DCBBANK,28-Dec-2017,245,PE,0,0,0,62.8,47.95,0,0,0,0,19-DEC-2017,
OPTSTK,DCBBANK,25-Jan-2018,115,CE,0,0,0,64.6,82.45,0,0,0,0,19-DEC-2017,
OPTSTK,DCBBANK,25-Jan-2018,120,CE,0,0,0,59.7,77.5,0,0,0,0,19-DEC-2017,
OPTSTK,DCBBANK,25-Jan-2018,125,CE,0,0,0,54.8,72.55,0,0,0,0,19-DEC-2017,
OPTSTK,DCBBANK,25-Jan-2018,130,CE,0,0,0,50,67.55,0,0,0,0,19-DEC-2017,
OPTSTK,DCBBANK,25-Jan-2018,135,CE,0,0,0,45.2,62.6,0,0,0,0,19-DEC-2017,
OPTSTK,DCBBANK,25-Jan-2018,140,CE,0,0,0,40.55,57.65,0,0,0,0,19-DEC-2017,
OPTSTK,DCBBANK,25-Jan-2018,145,CE,0,0,0,36.05,52.7,0,0,0,0,19-DEC-2017,
OPTSTK,DCBBANK,25-Jan-2018,150,CE,0,0,0,31.7,47.75,0,0,0,0,19-DEC-2017,
OPTSTK,DCBBANK,25-Jan-2018,155,CE,0,0,0,27.6,42.8,0,0,0,0,19-DEC-2017,
OPTSTK,DCBBANK,25-Jan-2018,160,CE,0,0,0,23.75,37.95,0,0,0,0,19-DEC-2017,
OPTSTK,DCBBANK,25-Jan-2018,165,CE,0,0,0,20.2,33.2,0,0,0,0,19-DEC-2017,
OPTSTK,DCBBANK,25-Jan-2018,170,CE,0,0,0,17,28.65,0,0,0,0,19-DEC-2017,
OPTSTK,DCBBANK,25-Jan-2018,175,CE,0,0,0,14.15,24.25,0,0,0,0,19-DEC-2017,
OPTSTK,DCBBANK,25-Jan-2018,180,CE,0,0,0,11.65,20.2,0,0,0,0,19-DEC-2017,
OPTSTK,DCBBANK,25-Jan-2018,185,CE,0,0,0,9.45,16.45,0,0,0,0,19-DEC-2017,
OPTSTK,DCBBANK,25-Jan-2018,190,CE,0,0,0,7.6,13.15,0,0,0,0,19-DEC-2017,
OPTSTK,DCBBANK,25-Jan-2018,195,CE,0,0,0,6.05,10.25,0,0,0,0,19-DEC-2017,
OPTSTK,DCBBANK,25-Jan-2018,200,CE,0,0,0,6.25,7.85,0,0,9000,0,19-DEC-2017,
OPTSTK,DCBBANK,25-Jan-2018,205,CE,0,0,0,3.7,5.85,0,0,0,0,19-DEC-2017,
OPTSTK,DCBBANK,25-Jan-2018,210,CE,0,0,0,2.4,4.3,0,0,4500,0,19-DEC-2017,
OPTSTK,DCBBANK,25-Jan-2018,215,CE,0,0,0,2.2,3.05,0,0,0,0,19-DEC-2017,
OPTSTK,DCBBANK,25-Jan-2018,220,CE,0,0,0,1.65,2.15,0,0,0,0,19-DEC-2017,
OPTSTK,DCBBANK,25-Jan-2018,225,CE,0,0,0,1.25,1.5,0,0,0,0,19-DEC-2017,
OPTSTK,DCBBANK,25-Jan-2018,230,CE,0,0,0,0.95,1,0,0,0,0,19-DEC-2017,
OPTSTK,DCBBANK,25-Jan-2018,235,CE,0,0,0,0.7,0.65,0,0,0,0,19-DEC-2017,
OPTSTK,DCBBANK,25-Jan-2018,240,CE,0,0,0,0.5,0.45,0,0,0,0,19-DEC-2017,
OPTSTK,DCBBANK,25-Jan-2018,245,CE,0,0,0,0.4,0.3,0,0,0,0,19-DEC-2017,
OPTSTK,DCBBANK,25-Jan-2018,115,PE,0,0,0,0.05,0,0,0,0,0,19-DEC-2017,
OPTSTK,DCBBANK,25-Jan-2018,120,PE,0,0,0,0.05,0,0,0,0,0,19-DEC-2017,
OPTSTK,DCBBANK,25-Jan-2018,125,PE,0,0,0,0.1,0,0,0,0,0,19-DEC-2017,
OPTSTK,DCBBANK,25-Jan-2018,130,PE,0,0,0,0.2,0,0,0,0,0,19-DEC-2017,
OPTSTK,DCBBANK,25-Jan-2018,135,PE,0,0,0,0.35,0,0,0,0,0,19-DEC-2017,
OPTSTK,DCBBANK,25-Jan-2018,140,PE,0,0,0,0.6,0,0,0,0,0,19-DEC-2017,
OPTSTK,DCBBANK,25-Jan-2018,145,PE,0,0,0,1,0.05,0,0,0,0,19-DEC-2017,
OPTSTK,DCBBANK,25-Jan-2018,150,PE,0,0,0,1.6,0.05,0,0,0,0,19-DEC-2017,
OPTSTK,DCBBANK,25-Jan-2018,155,PE,0,0,0,2.4,0.1,0,0,0,0,19-DEC-2017,
OPTSTK,DCBBANK,25-Jan-2018,160,PE,0,0,0,3.5,0.25,0,0,0,0,19-DEC-2017,
OPTSTK,DCBBANK,25-Jan-2018,165,PE,0,0,0,4.85,0.45,0,0,0,0,19-DEC-2017,
OPTSTK,DCBBANK,25-Jan-2018,170,PE,0,0,0,6.6,0.8,0,0,0,0,19-DEC-2017,
OPTSTK,DCBBANK,25-Jan-2018,175,PE,0,0,0,8.65,1.4,0,0,0,0,19-DEC-2017,
OPTSTK,DCBBANK,25-Jan-2018,180,PE,0,0,0,11.05,2.3,0,0,0,0,19-DEC-2017,
OPTSTK,DCBBANK,25-Jan-2018,185,PE,0,0,0,3.05,3.55,0,0,4500,0,19-DEC-2017,
OPTSTK,DCBBANK,25-Jan-2018,190,PE,0,0,0,16.85,5.2,0,0,0,0,19-DEC-2017,
OPTSTK,DCBBANK,25-Jan-2018,195,PE,0,0,0,20.25,7.3,0,0,0,0,19-DEC-2017,
OPTSTK,DCBBANK,25-Jan-2018,200,PE,0,0,0,23.9,9.85,0,0,0,0,19-DEC-2017,
OPTSTK,DCBBANK,25-Jan-2018,205,PE,0,0,0,27.75,12.85,0,0,0,0,19-DEC-2017,
OPTSTK,DCBBANK,25-Jan-2018,210,PE,0,0,0,31.8,16.2,0,0,0,0,19-DEC-2017,
OPTSTK,DCBBANK,25-Jan-2018,215,PE,0,0,0,36.05,20,0,0,0,0,19-DEC-2017,
OPTSTK,DCBBANK,25-Jan-2018,220,PE,0,0,0,40.45,24.05,0,0,0,0,19-DEC-2017,
OPTSTK,DCBBANK,25-Jan-2018,225,PE,0,0,0,45,28.3,0,0,0,0,19-DEC-2017,
OPTSTK,DCBBANK,25-Jan-2018,230,PE,0,0,0,49.6,32.8,0,0,0,0,19-DEC-2017,
OPTSTK,DCBBANK,25-Jan-2018,235,PE,0,0,0,54.25,37.45,0,0,0,0,19-DEC-2017,
OPTSTK,DCBBANK,25-Jan-2018,240,PE,0,0,0,59,42.15,0,0,0,0,19-DEC-2017,
OPTSTK,DCBBANK,25-Jan-2018,245,PE,0,0,0,63.8,47,0,0,0,0,19-DEC-2017,
OPTSTK,DCBBANK,22-Feb-2018,115,CE,0,0,0,72.1,83.05,0,0,0,0,19-DEC-2017,
OPTSTK,DCBBANK,22-Feb-2018,120,CE,0,0,0,67.2,78.1,0,0,0,0,19-DEC-2017,
OPTSTK,DCBBANK,22-Feb-2018,125,CE,0,0,0,62.3,73.15,0,0,0,0,19-DEC-2017,
OPTSTK,DCBBANK,22-Feb-2018,130,CE,0,0,0,57.5,68.2,0,0,0,0,19-DEC-2017,
OPTSTK,DCBBANK,22-Feb-2018,135,CE,0,0,0,52.75,63.3,0,0,0,0,19-DEC-2017,
OPTSTK,DCBBANK,22-Feb-2018,140,CE,0,0,0,48.1,58.4,0,0,0,0,19-DEC-2017,
OPTSTK,DCBBANK,22-Feb-2018,145,CE,0,0,0,43.55,53.5,0,0,0,0,19-DEC-2017,
OPTSTK,DCBBANK,22-Feb-2018,150,CE,0,0,0,39.15,48.7,0,0,0,0,19-DEC-2017,
OPTSTK,DCBBANK,22-Feb-2018,155,CE,0,0,0,34.95,43.95,0,0,0,0,19-DEC-2017,
OPTSTK,DCBBANK,22-Feb-2018,160,CE,0,0,0,31,39.35,0,0,0,0,19-DEC-2017,
OPTSTK,DCBBANK,22-Feb-2018,165,CE,0,0,0,27.25,34.9,0,0,0,0,19-DEC-2017,
OPTSTK,DCBBANK,22-Feb-2018,170,CE,0,0,0,23.75,30.65,0,0,0,0,19-DEC-2017,
OPTSTK,DCBBANK,22-Feb-2018,175,CE,0,0,0,20.6,26.6,0,0,0,0,19-DEC-2017,
OPTSTK,DCBBANK,22-Feb-2018,180,CE,0,0,0,17.7,22.9,0,0,0,0,19-DEC-2017,
OPTSTK,DCBBANK,22-Feb-2018,185,CE,0,0,0,15.1,19.45,0,0,0,0,19-DEC-2017,
OPTSTK,DCBBANK,22-Feb-2018,190,CE,0,0,0,12.75,16.3,0,0,0,0,19-DEC-2017,
OPTSTK,DCBBANK,22-Feb-2018,195,CE,0,0,0,10.7,13.55,0,0,0,0,19-DEC-2017,
OPTSTK,DCBBANK,22-Feb-2018,200,CE,0,0,0,8.95,11.15,0,0,0,0,19-DEC-2017,
OPTSTK,DCBBANK,22-Feb-2018,205,CE,0,0,0,7.4,9.05,0,0,0,0,19-DEC-2017,
OPTSTK,DCBBANK,22-Feb-2018,210,CE,0,0,0,6.1,7.25,0,0,0,0,19-DEC-2017,
OPTSTK,DCBBANK,22-Feb-2018,215,CE,0,0,0,5,5.75,0,0,0,0,19-DEC-2017,
OPTSTK,DCBBANK,22-Feb-2018,220,CE,0,0,0,4.05,4.55,0,0,0,0,19-DEC-2017,
OPTSTK,DCBBANK,22-Feb-2018,225,CE,0,0,0,3.3,3.55,0,0,0,0,19-DEC-2017,
OPTSTK,DCBBANK,22-Feb-2018,230,CE,0,0,0,2.65,2.7,0,0,0,0,19-DEC-2017,
OPTSTK,DCBBANK,22-Feb-2018,235,CE,0,0,0,2.1,2.1,0,0,0,0,19-DEC-2017,
OPTSTK,DCBBANK,22-Feb-2018,240,CE,0,0,0,1.7,1.6,0,0,0,0,19-DEC-2017,
OPTSTK,DCBBANK,22-Feb-2018,245,CE,0,0,0,1.35,1.2,0,0,0,0,19-DEC-2017,
OPTSTK,DCBBANK,22-Feb-2018,115,PE,0,0,0,0.05,0,0,0,0,0,19-DEC-2017,
OPTSTK,DCBBANK,22-Feb-2018,120,PE,0,0,0,0.1,0,0,0,0,0,19-DEC-2017,
OPTSTK,DCBBANK,22-Feb-2018,125,PE,0,0,0,0.15,0.05,0,0,0,0,19-DEC-2017,
OPTSTK,DCBBANK,22-Feb-2018,130,PE,0,0,0,0.25,0.05,0,0,0,0,19-DEC-2017,
OPTSTK,DCBBANK,22-Feb-2018,135,PE,0,0,0,0.45,0.05,0,0,0,0,19-DEC-2017,
OPTSTK,DCBBANK,22-Feb-2018,140,PE,0,0,0,0.7,0.1,0,0,0,0,19-DEC-2017,
OPTSTK,DCBBANK,22-Feb-2018,145,PE,0,0,0,1.1,0.15,0,0,0,0,19-DEC-2017,
OPTSTK,DCBBANK,22-Feb-2018,150,PE,0,0,0,1.65,0.3,0,0,0,0,19-DEC-2017,
OPTSTK,DCBBANK,22-Feb-2018,155,PE,0,0,0,2.35,0.5,0,0,0,0,19-DEC-2017,
OPTSTK,DCBBANK,22-Feb-2018,160,PE,0,0,0,3.3,0.85,0,0,0,0,19-DEC-2017,
OPTSTK,DCBBANK,22-Feb-2018,165,PE,0,0,0,4.5,1.3,0,0,0,0,19-DEC-2017,
OPTSTK,DCBBANK,22-Feb-2018,170,PE,0,0,0,5.95,2,0,0,0,0,19-DEC-2017,
OPTSTK,DCBBANK,22-Feb-2018,175,PE,0,0,0,7.7,2.9,0,0,0,0,19-DEC-2017,
OPTSTK,DCBBANK,22-Feb-2018,180,PE,0,0,0,9.7,4.1,0,0,0,0,19-DEC-2017,
OPTSTK,DCBBANK,22-Feb-2018,185,PE,0,0,0,12.05,5.6,0,0,0,0,19-DEC-2017,
OPTSTK,DCBBANK,22-Feb-2018,190,PE,0,0,0,14.65,7.45,0,0,0,0,19-DEC-2017,
OPTSTK,DCBBANK,22-Feb-2018,195,PE,0,0,0,17.55,9.65,0,0,0,0,19-DEC-2017,
OPTSTK,DCBBANK,22-Feb-2018,200,PE,0,0,0,20.7,12.15,0,0,0,0,19-DEC-2017,
OPTSTK,DCBBANK,22-Feb-2018,205,PE,0,0,0,24.1,15,0,0,0,0,19-DEC-2017,
OPTSTK,DCBBANK,22-Feb-2018,210,PE,0,0,0,27.7,18.15,0,0,0,0,19-DEC-2017,
OPTSTK,DCBBANK,22-Feb-2018,215,PE,0,0,0,31.5,21.6,0,0,0,0,19-DEC-2017,
OPTSTK,DCBBANK,22-Feb-2018,220,PE,0,0,0,35.5,25.35,0,0,0,0,19-DEC-2017,
OPTSTK,DCBBANK,22-Feb-2018,225,PE,0,0,0,39.65,29.25,0,0,0,0,19-DEC-2017,
OPTSTK,DCBBANK,22-Feb-2018,230,PE,0,0,0,43.95,33.4,0,0,0,0,19-DEC-2017,
OPTSTK,DCBBANK,22-Feb-2018,235,PE,0,0,0,48.35,37.7,0,0,0,0,19-DEC-2017,
OPTSTK,DCBBANK,22-Feb-2018,240,PE,0,0,0,52.85,42.15,0,0,0,0,19-DEC-2017,
OPTSTK,DCBBANK,22-Feb-2018,245,PE,0,0,0,57.4,46.7,0,0,0,0,19-DEC-2017,
OPTSTK,DHFL,28-Dec-2017,320,CE,0,0,0,222.65,290.2,0,0,0,0,19-DEC-2017,
OPTSTK,DHFL,28-Dec-2017,340,CE,0,0,0,204.85,270.25,0,0,0,0,19-DEC-2017,
OPTSTK,DHFL,28-Dec-2017,360,CE,0,0,0,187.65,250.3,0,0,0,0,19-DEC-2017,
OPTSTK,DHFL,28-Dec-2017,380,CE,0,0,0,171.2,230.3,0,0,0,0,19-DEC-2017,
OPTSTK,DHFL,28-Dec-2017,400,CE,0,0,0,155.55,210.35,0,0,0,0,19-DEC-2017,
OPTSTK,DHFL,28-Dec-2017,420,CE,0,0,0,140.8,190.35,0,0,0,0,19-DEC-2017,
OPTSTK,DHFL,28-Dec-2017,440,CE,0,0,0,127,170.4,0,0,0,0,19-DEC-2017,
OPTSTK,DHFL,28-Dec-2017,460,CE,0,0,0,114.1,150.45,0,0,0,0,19-DEC-2017,
OPTSTK,DHFL,28-Dec-2017,480,CE,0,0,0,102.2,130.45,0,0,0,0,19-DEC-2017,
OPTSTK,DHFL,28-Dec-2017,500,CE,0,0,0,101.3,110.5,0,0,91500,0,19-DEC-2017,
OPTSTK,DHFL,28-Dec-2017,520,CE,0,0,0,75.2,90.55,0,0,48000,0,19-DEC-2017,
OPTSTK,DHFL,28-Dec-2017,540,CE,0,0,0,49.2,70.7,0,0,34500,0,19-DEC-2017,
OPTSTK,DHFL,28-Dec-2017,560,CE,0,0,0,46.9,51.35,0,0,25500,0,19-DEC-2017,
OPTSTK,DHFL,28-Dec-2017,580,CE,34.55,35.9,31,34.95,34.95,24,220.82,261000,-6000,19-DEC-2017,
OPTSTK,DHFL,28-Dec-2017,600,CE,19.2,21,16.2,19.5,19.5,318,2949.81,463500,-54000,19-DEC-2017,
OPTSTK,DHFL,28-Dec-2017,620,CE,9.65,11.2,7.75,9.5,9.5,412,3887.58,396000,3000,19-DEC-2017,
OPTSTK,DHFL,28-Dec-2017,640,CE,5,5.1,3.6,4.15,4.15,134,1294.29,562500,-12000,19-DEC-2017,
OPTSTK,DHFL,28-Dec-2017,660,CE,2.7,2.7,1.65,2.1,2.1,96,953.31,550500,-10500,19-DEC-2017,
OPTSTK,DHFL,28-Dec-2017,680,CE,1.05,1.4,1.05,1.4,1.4,31,316.79,163500,-34500,19-DEC-2017,
OPTSTK,DHFL,28-Dec-2017,700,CE,0.65,0.7,0.55,0.7,0.7,6,63.05,102000,-6000,19-DEC-2017,
OPTSTK,DHFL,28-Dec-2017,720,CE,0.25,0.25,0.25,0.25,0.25,2,21.6,99000,0,19-DEC-2017,
OPTSTK,DHFL,28-Dec-2017,740,CE,0.15,0.15,0.15,0.15,0.15,1,11.1,28500,0,19-DEC-2017,
OPTSTK,DHFL,28-Dec-2017,760,CE,0,0,0,0.15,0,0,0,4500,0,19-DEC-2017,
OPTSTK,DHFL,28-Dec-2017,780,CE,0,0,0,15.1,0,0,0,0,0,19-DEC-2017,
OPTSTK,DHFL,28-Dec-2017,320,PE,0,0,0,3.35,0,0,0,0,0,19-DEC-2017,
OPTSTK,DHFL,28-Dec-2017,340,PE,0,0,0,5.2,0,0,0,0,0,19-DEC-2017,
OPTSTK,DHFL,28-Dec-2017,360,PE,0,0,0,7.7,0,0,0,0,0,19-DEC-2017,
OPTSTK,DHFL,28-Dec-2017,380,PE,0,0,0,10.9,0,0,0,0,0,19-DEC-2017,
OPTSTK,DHFL,28-Dec-2017,400,PE,0,0,0,14.95,0,0,0,0,0,19-DEC-2017,
OPTSTK,DHFL,28-Dec-2017,420,PE,0,0,0,19.9,0,0,0,0,0,19-DEC-2017,
OPTSTK,DHFL,28-Dec-2017,440,PE,0,0,0,25.8,0,0,0,0,0,19-DEC-2017,
OPTSTK,DHFL,28-Dec-2017,460,PE,0,0,0,0.75,0,0,0,3000,0,19-DEC-2017,
OPTSTK,DHFL,28-Dec-2017,480,PE,0,0,0,0.65,0,0,0,6000,0,19-DEC-2017,
OPTSTK,DHFL,28-Dec-2017,500,PE,0.5,0.5,0.5,0.5,0.5,1,7.5,85500,-1500,19-DEC-2017,
OPTSTK,DHFL,28-Dec-2017,520,PE,0.8,0.8,0.6,0.6,0.6,8,62.48,46500,-1500,19-DEC-2017,
OPTSTK,DHFL,28-Dec-2017,540,PE,1.1,1.1,0.7,0.95,0.95,16,129.81,280500,0,19-DEC-2017,
OPTSTK,DHFL,28-Dec-2017,560,PE,2.55,2.7,1.4,1.7,1.7,40,337.27,352500,-3000,19-DEC-2017,
OPTSTK,DHFL,28-Dec-2017,580,PE,5.6,6.05,2.75,3.75,3.75,103,903.29,252000,4500,19-DEC-2017,
OPTSTK,DHFL,28-Dec-2017,600,PE,11.2,11.8,6.55,7.65,7.65,170,1554.81,321000,18000,19-DEC-2017,
OPTSTK,DHFL,28-Dec-2017,620,PE,20.3,20.3,16.1,16.6,16.6,11,105.25,106500,4500,19-DEC-2017,
OPTSTK,DHFL,28-Dec-2017,640,PE,0,0,0,43.65,33.05,0,0,64500,0,19-DEC-2017,
OPTSTK,DHFL,28-Dec-2017,660,PE,54,54,48.5,48.95,48.95,4,42.61,54000,-1500,19-DEC-2017,
OPTSTK,DHFL,28-Dec-2017,680,PE,0,0,0,81.85,69.6,0,0,78000,0,19-DEC-2017,
OPTSTK,DHFL,28-Dec-2017,700,PE,0,0,0,50,89.3,0,0,1500,0,19-DEC-2017,
OPTSTK,DHFL,28-Dec-2017,720,PE,0,0,0,99.1,109.2,0,0,3000,0,19-DEC-2017,
OPTSTK,DHFL,28-Dec-2017,740,PE,0,0,0,213.95,129.15,0,0,0,0,19-DEC-2017,
OPTSTK,DHFL,28-Dec-2017,760,PE,0,0,0,231.15,149.15,0,0,0,0,19-DEC-2017,
OPTSTK,DHFL,28-Dec-2017,780,PE,0,0,0,248.6,169.1,0,0,0,0,19-DEC-2017,
OPTSTK,DHFL,25-Jan-2018,360,CE,0,0,0,251.4,252.05,0,0,0,0,19-DEC-2017,
OPTSTK,DHFL,25-Jan-2018,380,CE,0,0,0,232.95,232.2,0,0,0,0,19-DEC-2017,
OPTSTK,DHFL,25-Jan-2018,400,CE,0,0,0,215,212.3,0,0,0,0,19-DEC-2017,
OPTSTK,DHFL,25-Jan-2018,420,CE,0,0,0,197.6,192.45,0,0,0,0,19-DEC-2017,
OPTSTK,DHFL,25-Jan-2018,440,CE,0,0,0,180.9,172.6,0,0,0,0,19-DEC-2017,
OPTSTK,DHFL,25-Jan-2018,460,CE,0,0,0,164.9,152.8,0,0,0,0,19-DEC-2017,
OPTSTK,DHFL,25-Jan-2018,480,CE,0,0,0,149.75,133.1,0,0,0,0,19-DEC-2017,
OPTSTK,DHFL,25-Jan-2018,500,CE,0,0,0,135.5,113.75,0,0,0,0,19-DEC-2017,
OPTSTK,DHFL,25-Jan-2018,520,CE,0,0,0,122.1,94.95,0,0,0,0,19-DEC-2017,
OPTSTK,DHFL,25-Jan-2018,540,CE,0,0,0,109.65,77.15,0,0,0,0,19-DEC-2017,
OPTSTK,DHFL,25-Jan-2018,560,CE,0,0,0,98.15,60.8,0,0,0,0,19-DEC-2017,
OPTSTK,DHFL,25-Jan-2018,580,CE,0,0,0,87.55,46.3,0,0,0,0,19-DEC-2017,
OPTSTK,DHFL,25-Jan-2018,600,CE,34,34,34,34,34,5,47.55,9000,0,19-DEC-2017,
OPTSTK,DHFL,25-Jan-2018,620,CE,25.25,25.25,25.25,25.25,25.25,1,9.67,1500,1500,19-DEC-2017,
OPTSTK,DHFL,25-Jan-2018,640,CE,16.25,16.8,16.25,16.8,16.8,3,29.54,9000,4500,19-DEC-2017,
OPTSTK,DHFL,25-Jan-2018,660,CE,12.2,12.2,11.5,11.5,11.5,3,30.23,6000,4500,19-DEC-2017,
OPTSTK,DHFL,25-Jan-2018,680,CE,0,0,0,47.45,6.85,0,0,0,0,19-DEC-2017,
OPTSTK,DHFL,25-Jan-2018,700,CE,7,7,7,7,7,1,10.6,13500,0,19-DEC-2017,
OPTSTK,DHFL,25-Jan-2018,720,CE,0,0,0,36.55,2.5,0,0,0,0,19-DEC-2017,
OPTSTK,DHFL,25-Jan-2018,740,CE,0,0,0,31.95,1.4,0,0,0,0,19-DEC-2017,
OPTSTK,DHFL,25-Jan-2018,760,CE,0,0,0,27.95,0.8,0,0,0,0,19-DEC-2017,
OPTSTK,DHFL,25-Jan-2018,780,CE,0,0,0,24.35,0.45,0,0,0,0,19-DEC-2017,
OPTSTK,DHFL,25-Jan-2018,360,PE,0,0,0,2.1,0,0,0,0,0,19-DEC-2017,
OPTSTK,DHFL,25-Jan-2018,380,PE,0,0,0,3.35,0,0,0,0,0,19-DEC-2017,
OPTSTK,DHFL,25-Jan-2018,400,PE,0,0,0,5.05,0,0,0,0,0,19-DEC-2017,
OPTSTK,DHFL,25-Jan-2018,420,PE,0,0,0,7.35,0,0,0,0,0,19-DEC-2017,
OPTSTK,DHFL,25-Jan-2018,440,PE,0,0,0,10.35,0.05,0,0,0,0,19-DEC-2017,
OPTSTK,DHFL,25-Jan-2018,460,PE,0,0,0,14.05,0.1,0,0,0,0,19-DEC-2017,
OPTSTK,DHFL,25-Jan-2018,480,PE,0,0,0,18.6,0.3,0,0,0,0,19-DEC-2017,
OPTSTK,DHFL,25-Jan-2018,500,PE,0,0,0,24,0.8,0,0,0,0,19-DEC-2017,
OPTSTK,DHFL,25-Jan-2018,520,PE,0,0,0,8,1.85,0,0,1500,0,19-DEC-2017,
OPTSTK,DHFL,25-Jan-2018,540,PE,0,0,0,11.5,3.95,0,0,3000,0,19-DEC-2017,
OPTSTK,DHFL,25-Jan-2018,560,PE,8.7,8.7,8.7,8.7,8.7,1,8.53,3000,0,19-DEC-2017,
OPTSTK,DHFL,25-Jan-2018,580,PE,0,0,0,24.2,12.8,0,0,7500,0,19-DEC-2017,
OPTSTK,DHFL,25-Jan-2018,600,PE,21.9,21.9,20.25,20.25,20.25,2,18.63,3000,3000,19-DEC-2017,
OPTSTK,DHFL,25-Jan-2018,620,PE,0,0,0,75.7,30.35,0,0,0,0,19-DEC-2017,
OPTSTK,DHFL,25-Jan-2018,640,PE,0,0,0,87.4,42.55,0,0,0,0,19-DEC-2017,
OPTSTK,DHFL,25-Jan-2018,660,PE,0,0,0,99.9,56.85,0,0,0,0,19-DEC-2017,
OPTSTK,DHFL,25-Jan-2018,680,PE,0,0,0,113.1,72.7,0,0,0,0,19-DEC-2017,
OPTSTK,DHFL,25-Jan-2018,700,PE,0,0,0,127.05,89.95,0,0,0,0,19-DEC-2017,
OPTSTK,DHFL,25-Jan-2018,720,PE,0,0,0,141.6,108.1,0,0,0,0,19-DEC-2017,
OPTSTK,DHFL,25-Jan-2018,740,PE,0,0,0,156.7,126.9,0,0,0,0,19-DEC-2017,
OPTSTK,DHFL,25-Jan-2018,760,PE,0,0,0,172.35,146.15,0,0,0,0,19-DEC-2017,
OPTSTK,DHFL,25-Jan-2018,780,PE,0,0,0,188.5,165.65,0,0,0,0,19-DEC-2017,
OPTSTK,DHFL,22-Feb-2018,380,CE,0,0,0,242.2,234.05,0,0,0,0,19-DEC-2017,
OPTSTK,DHFL,22-Feb-2018,400,CE,0,0,0,222.6,214.3,0,0,0,0,19-DEC-2017,
OPTSTK,DHFL,22-Feb-2018,420,CE,0,0,0,203.1,194.6,0,0,0,0,19-DEC-2017,
OPTSTK,DHFL,22-Feb-2018,440,CE,0,0,0,183.85,175,0,0,0,0,19-DEC-2017,
OPTSTK,DHFL,22-Feb-2018,460,CE,0,0,0,164.9,155.65,0,0,0,0,19-DEC-2017,
OPTSTK,DHFL,22-Feb-2018,480,CE,0,0,0,146.5,136.6,0,0,0,0,19-DEC-2017,
OPTSTK,DHFL,22-Feb-2018,500,CE,0,0,0,128.8,118.2,0,0,0,0,19-DEC-2017,
OPTSTK,DHFL,22-Feb-2018,520,CE,0,0,0,111.95,100.65,0,0,0,0,19-DEC-2017,
OPTSTK,DHFL,22-Feb-2018,540,CE,0,0,0,96.25,84.25,0,0,0,0,19-DEC-2017,
OPTSTK,DHFL,22-Feb-2018,560,CE,0,0,0,81.75,69.25,0,0,0,0,19-DEC-2017,
OPTSTK,DHFL,22-Feb-2018,580,CE,0,0,0,68.55,55.8,0,0,0,0,19-DEC-2017,
OPTSTK,DHFL,22-Feb-2018,600,CE,0,0,0,56.85,44.15,0,0,0,0,19-DEC-2017,
OPTSTK,DHFL,22-Feb-2018,620,CE,0,0,0,46.55,34.25,0,0,0,0,19-DEC-2017,
OPTSTK,DHFL,22-Feb-2018,640,CE,0,0,0,37.7,26.05,0,0,0,0,19-DEC-2017,
OPTSTK,DHFL,22-Feb-2018,660,CE,0,0,0,30.2,19.45,0,0,0,0,19-DEC-2017,
OPTSTK,DHFL,22-Feb-2018,680,CE,0,0,0,23.9,14.3,0,0,0,0,19-DEC-2017,
OPTSTK,DHFL,22-Feb-2018,700,CE,0,0,0,18.8,10.3,0,0,0,0,19-DEC-2017,
OPTSTK,DHFL,22-Feb-2018,720,CE,0,0,0,14.55,7.3,0,0,0,0,19-DEC-2017,
OPTSTK,DHFL,22-Feb-2018,740,CE,0,0,0,11.2,5.1,0,0,0,0,19-DEC-2017,
OPTSTK,DHFL,22-Feb-2018,760,CE,0,0,0,8.55,3.5,0,0,0,0,19-DEC-2017,
OPTSTK,DHFL,22-Feb-2018,780,CE,0,0,0,6.45,2.4,0,0,0,0,19-DEC-2017,
OPTSTK,DHFL,22-Feb-2018,380,PE,0,0,0,0.1,0.05,0,0,0,0,19-DEC-2017,
OPTSTK,DHFL,22-Feb-2018,400,PE,0,0,0,0.2,0.05,0,0,0,0,19-DEC-2017,
OPTSTK,DHFL,22-Feb-2018,420,PE,0,0,0,0.45,0.1,0,0,0,0,19-DEC-2017,
OPTSTK,DHFL,22-Feb-2018,440,PE,0,0,0,0.85,0.3,0,0,0,0,19-DEC-2017,
OPTSTK,DHFL,22-Feb-2018,460,PE,0,0,0,1.65,0.7,0,0,0,0,19-DEC-2017,
OPTSTK,DHFL,22-Feb-2018,480,PE,0,0,0,2.95,1.45,0,0,0,0,19-DEC-2017,
OPTSTK,DHFL,22-Feb-2018,500,PE,0,0,0,4.95,2.8,0,0,0,0,19-DEC-2017,
OPTSTK,DHFL,22-Feb-2018,520,PE,0,0,0,7.85,5,0,0,0,0,19-DEC-2017,
OPTSTK,DHFL,22-Feb-2018,540,PE,0,0,0,11.8,8.4,0,0,0,0,19-DEC-2017,
OPTSTK,DHFL,22-Feb-2018,560,PE,0,0,0,17,13.15,0,0,0,0,19-DEC-2017,
OPTSTK,DHFL,22-Feb-2018,580,PE,0,0,0,23.55,19.5,0,0,0,0,19-DEC-2017,
OPTSTK,DHFL,22-Feb-2018,600,PE,0,0,0,31.55,27.6,0,0,0,0,19-DEC-2017,
OPTSTK,DHFL,22-Feb-2018,620,PE,0,0,0,41,37.45,0,0,0,0,19-DEC-2017,
OPTSTK,DHFL,22-Feb-2018,640,PE,0,0,0,51.85,49.05,0,0,0,0,19-DEC-2017,
OPTSTK,DHFL,22-Feb-2018,660,PE,0,0,0,64.05,62.2,0,0,0,0,19-DEC-2017,
OPTSTK,DHFL,22-Feb-2018,680,PE,0,0,0,77.45,76.85,0,0,0,0,19-DEC-2017,
OPTSTK,DHFL,22-Feb-2018,700,PE,0,0,0,92.05,92.6,0,0,0,0,19-DEC-2017,
OPTSTK,DHFL,22-Feb-2018,720,PE,0,0,0,107.55,109.4,0,0,0,0,19-DEC-2017,
OPTSTK,DHFL,22-Feb-2018,740,PE,0,0,0,123.85,126.95,0,0,0,0,19-DEC-2017,
OPTSTK,DHFL,22-Feb-2018,760,PE,0,0,0,140.9,145.15,0,0,0,0,19-DEC-2017,
OPTSTK,DHFL,22-Feb-2018,780,PE,0,0,0,158.55,163.8,0,0,0,0,19-DEC-2017,
OPTSTK,DISHTV,28-Dec-2017,52.5,CE,0,0,0,24.6,27.15,0,0,0,0,19-DEC-2017,
OPTSTK,DISHTV,28-Dec-2017,55,CE,0,0,0,22.25,24.65,0,0,0,0,19-DEC-2017,
OPTSTK,DISHTV,28-Dec-2017,57.5,CE,0,0,0,19.95,22.15,0,0,0,0,19-DEC-2017,
OPTSTK,DISHTV,28-Dec-2017,60,CE,0,0,0,17.75,19.65,0,0,0,0,19-DEC-2017,
OPTSTK,DISHTV,28-Dec-2017,62.5,CE,0,0,0,15.65,17.15,0,0,0,0,19-DEC-2017,
OPTSTK,DISHTV,28-Dec-2017,65,CE,0,0,0,13.65,14.65,0,0,0,0,19-DEC-2017,
OPTSTK,DISHTV,28-Dec-2017,67.5,CE,0,0,0,11.8,12.2,0,0,0,0,19-DEC-2017,
OPTSTK,DISHTV,28-Dec-2017,70,CE,0,0,0,14.3,9.7,0,0,7000,0,19-DEC-2017,
OPTSTK,DISHTV,28-Dec-2017,72.5,CE,0,0,0,8.55,7.25,0,0,0,0,19-DEC-2017,
OPTSTK,DISHTV,28-Dec-2017,75,CE,0,0,0,5.45,4.9,0,0,28000,0,19-DEC-2017,
OPTSTK,DISHTV,28-Dec-2017,77.5,CE,3.65,3.65,3.6,3.6,3.6,2,11.35,42000,0,19-DEC-2017,
OPTSTK,DISHTV,28-Dec-2017,80,CE,2.45,2.45,1.8,1.9,1.9,202,1159.46,1589000,189000,19-DEC-2017,
OPTSTK,DISHTV,28-Dec-2017,82.5,CE,1.6,1.6,1.05,1.1,1.1,165,966.87,1631000,91000,19-DEC-2017,
OPTSTK,DISHTV,28-Dec-2017,85,CE,1,1,0.65,0.75,0.75,198,1189.16,4767000,336000,19-DEC-2017,
OPTSTK,DISHTV,28-Dec-2017,87.5,CE,0.65,0.65,0.4,0.45,0.45,33,203.19,567000,14000,19-DEC-2017,
OPTSTK,DISHTV,28-Dec-2017,90,CE,0.45,0.45,0.3,0.3,0.3,82,518.73,2331000,105000,19-DEC-2017,
OPTSTK,DISHTV,28-Dec-2017,92.5,CE,0.3,0.3,0.25,0.25,0.25,6,38.96,224000,7000,19-DEC-2017,
OPTSTK,DISHTV,28-Dec-2017,95,CE,0.2,0.25,0.15,0.2,0.2,47,313.2,644000,21000,19-DEC-2017,
OPTSTK,DISHTV,28-Dec-2017,97.5,CE,0,0,0,0.15,0,0,0,161000,0,19-DEC-2017,
OPTSTK,DISHTV,28-Dec-2017,100,CE,0.15,0.15,0.1,0.1,0.1,3,21.02,644000,0,19-DEC-2017,
OPTSTK,DISHTV,28-Dec-2017,102.5,CE,0,0,0,0.15,0,0,0,35000,0,19-DEC-2017,
OPTSTK,DISHTV,28-Dec-2017,105,CE,0,0,0,0.2,0,0,0,21000,0,19-DEC-2017,
OPTSTK,DISHTV,28-Dec-2017,107.5,CE,0,0,0,0.4,0,0,0,0,0,19-DEC-2017,
OPTSTK,DISHTV,28-Dec-2017,110,CE,0,0,0,0.1,0,0,0,7000,0,19-DEC-2017,
OPTSTK,DISHTV,28-Dec-2017,52.5,PE,0,0,0,0.15,0,0,0,0,0,19-DEC-2017,
OPTSTK,DISHTV,28-Dec-2017,55,PE,0,0,0,0.25,0,0,0,0,0,19-DEC-2017,
OPTSTK,DISHTV,28-Dec-2017,57.5,PE,0,0,0,0.4,0,0,0,0,0,19-DEC-2017,
OPTSTK,DISHTV,28-Dec-2017,60,PE,0,0,0,0.65,0,0,0,0,0,19-DEC-2017,
OPTSTK,DISHTV,28-Dec-2017,62.5,PE,0,0,0,1,0,0,0,0,0,19-DEC-2017,
OPTSTK,DISHTV,28-Dec-2017,65,PE,0,0,0,0.05,0,0,0,63000,0,19-DEC-2017,
OPTSTK,DISHTV,28-Dec-2017,67.5,PE,0,0,0,0.15,0,0,0,133000,0,19-DEC-2017,
OPTSTK,DISHTV,28-Dec-2017,70,PE,0.1,0.1,0.1,0.1,0.1,6,29.44,469000,28000,19-DEC-2017,
OPTSTK,DISHTV,28-Dec-2017,72.5,PE,0.25,0.25,0.15,0.15,0.15,7,35.61,259000,0,19-DEC-2017,
OPTSTK,DISHTV,28-Dec-2017,75,PE,0.4,0.45,0.35,0.4,0.4,33,174.19,2037000,-21000,19-DEC-2017,
OPTSTK,DISHTV,28-Dec-2017,77.5,PE,1.15,1.15,0.85,0.85,0.85,17,93.46,469000,63000,19-DEC-2017,
OPTSTK,DISHTV,28-Dec-2017,80,PE,2.15,2.4,1.8,2,2,39,224.19,938000,-14000,19-DEC-2017,
OPTSTK,DISHTV,28-Dec-2017,82.5,PE,3.7,3.8,3.7,3.8,3.8,7,42.26,161000,-35000,19-DEC-2017,
OPTSTK,DISHTV,28-Dec-2017,85,PE,0,0,0,5.95,5.55,0,0,350000,0,19-DEC-2017,
OPTSTK,DISHTV,28-Dec-2017,87.5,PE,0,0,0,7.7,7.9,0,0,14000,0,19-DEC-2017,
OPTSTK,DISHTV,28-Dec-2017,90,PE,0,0,0,10.25,10.35,0,0,49000,0,19-DEC-2017,
OPTSTK,DISHTV,28-Dec-2017,92.5,PE,0,0,0,10.55,12.85,0,0,28000,0,19-DEC-2017,
OPTSTK,DISHTV,28-Dec-2017,95,PE,0,0,0,14.4,15.3,0,0,7000,0,19-DEC-2017,
OPTSTK,DISHTV,28-Dec-2017,97.5,PE,0,0,0,20.9,17.8,0,0,0,0,19-DEC-2017,
OPTSTK,DISHTV,28-Dec-2017,100,PE,0,0,0,20,20.3,0,0,14000,0,19-DEC-2017,
OPTSTK,DISHTV,28-Dec-2017,102.5,PE,0,0,0,25.4,22.8,0,0,0,0,19-DEC-2017,
OPTSTK,DISHTV,28-Dec-2017,105,PE,0,0,0,27.7,25.3,0,0,0,0,19-DEC-2017,
OPTSTK,DISHTV,28-Dec-2017,107.5,PE,0,0,0,30.05,27.8,0,0,0,0,19-DEC-2017,
OPTSTK,DISHTV,28-Dec-2017,110,PE,0,0,0,32.45,30.3,0,0,0,0,19-DEC-2017,
OPTSTK,DISHTV,25-Jan-2018,52.5,CE,0,0,0,25.6,27.4,0,0,0,0,19-DEC-2017,
OPTSTK,DISHTV,25-Jan-2018,55,CE,0,0,0,23.35,24.95,0,0,0,0,19-DEC-2017,
OPTSTK,DISHTV,25-Jan-2018,57.5,CE,0,0,0,21.2,22.45,0,0,0,0,19-DEC-2017,
OPTSTK,DISHTV,25-Jan-2018,60,CE,0,0,0,19.15,19.95,0,0,0,0,19-DEC-2017,
OPTSTK,DISHTV,25-Jan-2018,62.5,CE,0,0,0,17.15,17.5,0,0,0,0,19-DEC-2017,
OPTSTK,DISHTV,25-Jan-2018,65,CE,0,0,0,15.35,15.05,0,0,0,0,19-DEC-2017,
OPTSTK,DISHTV,25-Jan-2018,67.5,CE,0,0,0,13.6,12.65,0,0,0,0,19-DEC-2017,
OPTSTK,DISHTV,25-Jan-2018,70,CE,0,0,0,12,10.35,0,0,0,0,19-DEC-2017,
OPTSTK,DISHTV,25-Jan-2018,72.5,CE,0,0,0,10.55,8.25,0,0,0,0,19-DEC-2017,
OPTSTK,DISHTV,25-Jan-2018,75,CE,0,0,0,9.25,6.3,0,0,0,0,19-DEC-2017,
OPTSTK,DISHTV,25-Jan-2018,77.5,CE,0,0,0,8.05,4.65,0,0,0,0,19-DEC-2017,
OPTSTK,DISHTV,25-Jan-2018,80,CE,4.95,4.95,4.95,4.95,4.95,2,11.89,14000,14000,19-DEC-2017,
OPTSTK,DISHTV,25-Jan-2018,82.5,CE,0,0,0,6,2.25,0,0,0,0,19-DEC-2017,
OPTSTK,DISHTV,25-Jan-2018,85,CE,0,0,0,5.15,1.5,0,0,0,0,19-DEC-2017,
OPTSTK,DISHTV,25-Jan-2018,87.5,CE,0,0,0,4.4,0.95,0,0,0,0,19-DEC-2017,
OPTSTK,DISHTV,25-Jan-2018,90,CE,1.1,1.1,1.1,1.1,1.1,2,12.75,14000,14000,19-DEC-2017,
OPTSTK,DISHTV,25-Jan-2018,92.5,CE,0.9,0.9,0.9,0.9,0.9,1,6.53,7000,7000,19-DEC-2017,
OPTSTK,DISHTV,25-Jan-2018,95,CE,0.65,0.65,0.65,0.65,0.65,1,6.69,21000,7000,19-DEC-2017,
OPTSTK,DISHTV,25-Jan-2018,97.5,CE,0.4,0.4,0.4,0.4,0.4,1,6.85,7000,7000,19-DEC-2017,
OPTSTK,DISHTV,25-Jan-2018,100,CE,0,0,0,0.4,0.05,0,0,14000,0,19-DEC-2017,
OPTSTK,DISHTV,25-Jan-2018,102.5,CE,0,0,0,1.65,0.05,0,0,0,0,19-DEC-2017,
OPTSTK,DISHTV,25-Jan-2018,105,CE,0,0,0,1.35,0.05,0,0,0,0,19-DEC-2017,
OPTSTK,DISHTV,25-Jan-2018,107.5,CE,0,0,0,1.15,0.05,0,0,0,0,19-DEC-2017,
OPTSTK,DISHTV,25-Jan-2018,110,CE,0,0,0,0.95,0,0,0,0,0,19-DEC-2017,
OPTSTK,DISHTV,25-Jan-2018,52.5,PE,0,0,0,0.4,0,0,0,0,0,19-DEC-2017,
OPTSTK,DISHTV,25-Jan-2018,55,PE,0,0,0,0.65,0,0,0,0,0,19-DEC-2017,
OPTSTK,DISHTV,25-Jan-2018,57.5,PE,0,0,0,0.95,0,0,0,0,0,19-DEC-2017,
OPTSTK,DISHTV,25-Jan-2018,60,PE,0,0,0,1.35,0.05,0,0,0,0,19-DEC-2017,
OPTSTK,DISHTV,25-Jan-2018,62.5,PE,0,0,0,1.85,0.05,0,0,0,0,19-DEC-2017,
OPTSTK,DISHTV,25-Jan-2018,65,PE,0,0,0,0.4,0.1,0,0,14000,0,19-DEC-2017,
OPTSTK,DISHTV,25-Jan-2018,67.5,PE,0.55,0.55,0.55,0.55,0.55,2,9.52,7000,-7000,19-DEC-2017,
OPTSTK,DISHTV,25-Jan-2018,70,PE,0.9,0.9,0.9,0.9,0.9,1,4.96,42000,0,19-DEC-2017,
OPTSTK,DISHTV,25-Jan-2018,72.5,PE,0,0,0,5.05,0.7,0,0,0,0,19-DEC-2017,
OPTSTK,DISHTV,25-Jan-2018,75,PE,0,0,0,2.25,1.3,0,0,14000,0,19-DEC-2017,
OPTSTK,DISHTV,25-Jan-2018,77.5,PE,0,0,0,7.45,2.1,0,0,0,0,19-DEC-2017,
OPTSTK,DISHTV,25-Jan-2018,80,PE,0,0,0,8.85,3.25,0,0,0,0,19-DEC-2017,
OPTSTK,DISHTV,25-Jan-2018,82.5,PE,0,0,0,10.35,4.7,0,0,0,0,19-DEC-2017,
OPTSTK,DISHTV,25-Jan-2018,85,PE,0,0,0,12,6.4,0,0,0,0,19-DEC-2017,
OPTSTK,DISHTV,25-Jan-2018,87.5,PE,0,0,0,13.7,8.3,0,0,0,0,19-DEC-2017,
OPTSTK,DISHTV,25-Jan-2018,90,PE,0,0,0,15.5,10.45,0,0,0,0,19-DEC-2017,
OPTSTK,DISHTV,25-Jan-2018,92.5,PE,0,0,0,17.4,12.7,0,0,0,0,19-DEC-2017,
OPTSTK,DISHTV,25-Jan-2018,95,PE,0,0,0,19.4,15.05,0,0,0,0,19-DEC-2017,
OPTSTK,DISHTV,25-Jan-2018,97.5,PE,0,0,0,21.4,17.45,0,0,0,0,19-DEC-2017,
OPTSTK,DISHTV,25-Jan-2018,100,PE,0,0,0,23.5,19.85,0,0,0,0,19-DEC-2017,
OPTSTK,DISHTV,25-Jan-2018,102.5,PE,0,0,0,25.7,22.35,0,0,0,0,19-DEC-2017,
OPTSTK,DISHTV,25-Jan-2018,105,PE,0,0,0,27.9,24.8,0,0,0,0,19-DEC-2017,
OPTSTK,DISHTV,25-Jan-2018,107.5,PE,0,0,0,30.1,27.3,0,0,0,0,19-DEC-2017,
OPTSTK,DISHTV,25-Jan-2018,110,PE,0,0,0,32.4,29.75,0,0,0,0,19-DEC-2017,
OPTSTK,DISHTV,22-Feb-2018,52.5,CE,0,0,0,29.9,27.65,0,0,0,0,19-DEC-2017,
OPTSTK,DISHTV,22-Feb-2018,55,CE,0,0,0,27.45,25.2,0,0,0,0,19-DEC-2017,
OPTSTK,DISHTV,22-Feb-2018,57.5,CE,0,0,0,25.1,22.75,0,0,0,0,19-DEC-2017,
OPTSTK,DISHTV,22-Feb-2018,60,CE,0,0,0,22.75,20.3,0,0,0,0,19-DEC-2017,
OPTSTK,DISHTV,22-Feb-2018,62.5,CE,0,0,0,20.5,17.9,0,0,0,0,19-DEC-2017,
OPTSTK,DISHTV,22-Feb-2018,65,CE,0,0,0,18.3,15.55,0,0,0,0,19-DEC-2017,
OPTSTK,DISHTV,22-Feb-2018,67.5,CE,0,0,0,16.2,13.3,0,0,0,0,19-DEC-2017,
OPTSTK,DISHTV,22-Feb-2018,70,CE,0,0,0,14.25,11.2,0,0,0,0,19-DEC-2017,
OPTSTK,DISHTV,22-Feb-2018,72.5,CE,0,0,0,12.45,9.2,0,0,0,0,19-DEC-2017,
OPTSTK,DISHTV,22-Feb-2018,75,CE,0,0,0,10.75,7.45,0,0,0,0,19-DEC-2017,
OPTSTK,DISHTV,22-Feb-2018,77.5,CE,0,0,0,9.2,5.9,0,0,0,0,19-DEC-2017,
OPTSTK,DISHTV,22-Feb-2018,80,CE,0,0,0,7.85,4.55,0,0,0,0,19-DEC-2017,
OPTSTK,DISHTV,22-Feb-2018,82.5,CE,0,0,0,6.6,3.45,0,0,0,0,19-DEC-2017,
OPTSTK,DISHTV,22-Feb-2018,85,CE,0,0,0,5.55,2.6,0,0,0,0,19-DEC-2017,
OPTSTK,DISHTV,22-Feb-2018,87.5,CE,0,0,0,4.6,1.9,0,0,0,0,19-DEC-2017,
OPTSTK,DISHTV,22-Feb-2018,90,CE,0,0,0,3.8,1.35,0,0,0,0,19-DEC-2017,
OPTSTK,DISHTV,22-Feb-2018,92.5,CE,0,0,0,3.1,0.95,0,0,0,0,19-DEC-2017,
OPTSTK,DISHTV,22-Feb-2018,95,CE,0,0,0,2.55,0.65,0,0,0,0,19-DEC-2017,
OPTSTK,DISHTV,22-Feb-2018,97.5,CE,0,0,0,2.05,0.45,0,0,0,0,19-DEC-2017,
OPTSTK,DISHTV,22-Feb-2018,100,CE,0,0,0,1.65,0.3,0,0,0,0,19-DEC-2017,
OPTSTK,DISHTV,22-Feb-2018,102.5,CE,0,0,0,1.3,0.2,0,0,0,0,19-DEC-2017,
OPTSTK,DISHTV,22-Feb-2018,105,CE,0,0,0,1.05,0.15,0,0,0,0,19-DEC-2017,
OPTSTK,DISHTV,22-Feb-2018,107.5,CE,0,0,0,0.85,0.1,0,0,0,0,19-DEC-2017,
OPTSTK,DISHTV,22-Feb-2018,110,CE,0,0,0,0.65,0.05,0,0,0,0,19-DEC-2017,
OPTSTK,DISHTV,22-Feb-2018,52.5,PE,0,0,0,0.05,0,0,0,0,0,19-DEC-2017,
OPTSTK,DISHTV,22-Feb-2018,55,PE,0,0,0,0.1,0.05,0,0,0,0,19-DEC-2017,
OPTSTK,DISHTV,22-Feb-2018,57.5,PE,0,0,0,0.2,0.05,0,0,0,0,19-DEC-2017,
OPTSTK,DISHTV,22-Feb-2018,60,PE,0,0,0,0.35,0.05,0,0,0,0,19-DEC-2017,
OPTSTK,DISHTV,22-Feb-2018,62.5,PE,0,0,0,0.55,0.15,0,0,0,0,19-DEC-2017,
OPTSTK,DISHTV,22-Feb-2018,65,PE,0,0,0,0.8,0.25,0,0,0,0,19-DEC-2017,
OPTSTK,DISHTV,22-Feb-2018,67.5,PE,0,0,0,1.2,0.5,0,0,0,0,19-DEC-2017,
OPTSTK,DISHTV,22-Feb-2018,70,PE,0,0,0,1.7,0.85,0,0,0,0,19-DEC-2017,
OPTSTK,DISHTV,22-Feb-2018,72.5,PE,0,0,0,2.3,1.35,0,0,0,0,19-DEC-2017,
OPTSTK,DISHTV,22-Feb-2018,75,PE,0,0,0,3.1,2.05,0,0,0,0,19-DEC-2017,
OPTSTK,DISHTV,22-Feb-2018,77.5,PE,0,0,0,4.05,2.95,0,0,0,0,19-DEC-2017,
OPTSTK,DISHTV,22-Feb-2018,80,PE,0,0,0,5.1,4.1,0,0,0,0,19-DEC-2017,
OPTSTK,DISHTV,22-Feb-2018,82.5,PE,0,0,0,6.35,5.45,0,0,0,0,19-DEC-2017,
OPTSTK,DISHTV,22-Feb-2018,85,PE,0,0,0,7.75,7.05,0,0,0,0,19-DEC-2017,
OPTSTK,DISHTV,22-Feb-2018,87.5,PE,0,0,0,9.25,8.85,0,0,0,0,19-DEC-2017,
OPTSTK,DISHTV,22-Feb-2018,90,PE,0,0,0,10.95,10.75,0,0,0,0,19-DEC-2017,
OPTSTK,DISHTV,22-Feb-2018,92.5,PE,0,0,0,12.7,12.85,0,0,0,0,19-DEC-2017,
OPTSTK,DISHTV,22-Feb-2018,95,PE,0,0,0,14.6,15,0,0,0,0,19-DEC-2017,
OPTSTK,DISHTV,22-Feb-2018,97.5,PE,0,0,0,16.6,17.3,0,0,0,0,19-DEC-2017,
OPTSTK,DISHTV,22-Feb-2018,100,PE,0,0,0,18.65,19.6,0,0,0,0,19-DEC-2017,
OPTSTK,DISHTV,22-Feb-2018,102.5,PE,0,0,0,20.8,22,0,0,0,0,19-DEC-2017,
OPTSTK,DISHTV,22-Feb-2018,105,PE,0,0,0,22.95,24.4,0,0,0,0,19-DEC-2017,
OPTSTK,DISHTV,22-Feb-2018,107.5,PE,0,0,0,25.2,26.8,0,0,0,0,19-DEC-2017,
OPTSTK,DISHTV,22-Feb-2018,110,PE,0,0,0,27.5,29.25,0,0,0,0,19-DEC-2017,
OPTSTK,DIVISLAB,28-Dec-2017,500,CE,0,0,0,374.65,558.35,0,0,0,0,19-DEC-2017,
OPTSTK,DIVISLAB,28-Dec-2017,520,CE,0,0,0,358.1,538.4,0,0,0,0,19-DEC-2017,
OPTSTK,DIVISLAB,28-Dec-2017,540,CE,0,0,0,342,518.4,0,0,0,0,19-DEC-2017,
OPTSTK,DIVISLAB,28-Dec-2017,560,CE,0,0,0,326.35,498.45,0,0,0,0,19-DEC-2017,
OPTSTK,DIVISLAB,28-Dec-2017,580,CE,0,0,0,311.15,478.45,0,0,0,0,19-DEC-2017,
OPTSTK,DIVISLAB,28-Dec-2017,600,CE,0,0,0,296.5,458.5,0,0,0,0,19-DEC-2017,
OPTSTK,DIVISLAB,28-Dec-2017,620,CE,0,0,0,282.3,438.55,0,0,0,0,19-DEC-2017,
OPTSTK,DIVISLAB,28-Dec-2017,640,CE,0,0,0,268.55,418.55,0,0,0,0,19-DEC-2017,
OPTSTK,DIVISLAB,28-Dec-2017,660,CE,0,0,0,255.35,398.6,0,0,0,0,19-DEC-2017,
OPTSTK,DIVISLAB,28-Dec-2017,680,CE,0,0,0,242.65,378.65,0,0,0,0,19-DEC-2017,
OPTSTK,DIVISLAB,28-Dec-2017,700,CE,360,360,360,360,360,2,16.96,0,-1600,19-DEC-2017,
OPTSTK,DIVISLAB,28-Dec-2017,720,CE,0,0,0,218.7,338.7,0,0,0,0,19-DEC-2017,
OPTSTK,DIVISLAB,28-Dec-2017,740,CE,0,0,0,307,318.7,0,0,5600,0,19-DEC-2017,
OPTSTK,DIVISLAB,28-Dec-2017,760,CE,296,297,296,297,297,2,16.9,0,-1600,19-DEC-2017,
OPTSTK,DIVISLAB,28-Dec-2017,780,CE,0,0,0,269,278.8,0,0,800,0,19-DEC-2017,
OPTSTK,DIVISLAB,28-Dec-2017,800,CE,0,0,0,246,258.8,0,0,800,0,19-DEC-2017,
OPTSTK,DIVISLAB,28-Dec-2017,820,CE,0,0,0,167.35,238.85,0,0,0,0,19-DEC-2017,
OPTSTK,DIVISLAB,28-Dec-2017,840,CE,0,0,0,216.8,218.9,0,0,800,0,19-DEC-2017,
OPTSTK,DIVISLAB,28-Dec-2017,860,CE,0,0,0,149.95,198.9,0,0,0,0,19-DEC-2017,
OPTSTK,DIVISLAB,28-Dec-2017,880,CE,0,0,0,141.9,178.95,0,0,0,0,19-DEC-2017,
OPTSTK,DIVISLAB,28-Dec-2017,900,CE,0,0,0,140,159.05,0,0,800,0,19-DEC-2017,
OPTSTK,DIVISLAB,28-Dec-2017,920,CE,0,0,0,127.15,139.25,0,0,2400,0,19-DEC-2017,
OPTSTK,DIVISLAB,28-Dec-2017,940,CE,0,0,0,118,119.65,0,0,800,0,19-DEC-2017,
OPTSTK,DIVISLAB,28-Dec-2017,960,CE,0,0,0,113.4,100.5,0,0,0,0,19-DEC-2017,
OPTSTK,DIVISLAB,28-Dec-2017,980,CE,0,0,0,54.65,82.2,0,0,4000,0,19-DEC-2017,
OPTSTK,DIVISLAB,28-Dec-2017,1000,CE,66,66,66,66,66,1,8.52,8000,0,19-DEC-2017,
OPTSTK,DIVISLAB,28-Dec-2017,1020,CE,0,0,0,59.05,49.7,0,0,6400,0,19-DEC-2017,
OPTSTK,DIVISLAB,28-Dec-2017,1040,CE,35.2,35.9,35.2,35.9,35.9,9,77.45,28800,3200,19-DEC-2017,
OPTSTK,DIVISLAB,28-Dec-2017,1060,CE,25.3,27.8,23.1,25.9,25.9,77,668.46,67200,800,19-DEC-2017,
OPTSTK,DIVISLAB,28-Dec-2017,1080,CE,16.3,18,15.35,16.5,16.5,45,394.76,60800,1600,19-DEC-2017,
OPTSTK,DIVISLAB,28-Dec-2017,1100,CE,10.3,11.85,9.35,10.5,10.5,134,1190.67,201600,15200,19-DEC-2017,
OPTSTK,DIVISLAB,28-Dec-2017,1120,CE,6.5,7.5,5.6,7.1,7.1,14,126.16,36000,800,19-DEC-2017,
OPTSTK,DIVISLAB,28-Dec-2017,1140,CE,4.05,4.05,3.25,3.55,3.55,20,182.98,65600,1600,19-DEC-2017,
OPTSTK,DIVISLAB,28-Dec-2017,1160,CE,2,2.1,2,2,2,7,65.07,27200,800,19-DEC-2017,
OPTSTK,DIVISLAB,28-Dec-2017,1180,CE,1.6,1.6,0.5,0.5,0.5,2,18.89,7200,0,19-DEC-2017,
OPTSTK,DIVISLAB,28-Dec-2017,1200,CE,1,1,0.8,0.8,0.8,3,28.82,20000,-2400,19-DEC-2017,
OPTSTK,DIVISLAB,28-Dec-2017,1220,CE,0,0,0,1.05,0.3,0,0,8800,0,19-DEC-2017,
OPTSTK,DIVISLAB,28-Dec-2017,1240,CE,0.5,0.5,0.5,0.5,0.5,2,19.84,7200,-1600,19-DEC-2017,
OPTSTK,DIVISLAB,28-Dec-2017,1260,CE,0,0,0,3.3,0.05,0,0,4000,0,19-DEC-2017,
OPTSTK,DIVISLAB,28-Dec-2017,500,PE,0,0,0,13.8,0,0,0,0,0,19-DEC-2017,
OPTSTK,DIVISLAB,28-Dec-2017,520,PE,0,0,0,16.95,0,0,0,0,0,19-DEC-2017,
OPTSTK,DIVISLAB,28-Dec-2017,540,PE,0,0,0,20.55,0,0,0,0,0,19-DEC-2017,
OPTSTK,DIVISLAB,28-Dec-2017,560,PE,0,0,0,24.6,0,0,0,0,0,19-DEC-2017,
OPTSTK,DIVISLAB,28-Dec-2017,580,PE,0,0,0,29.1,0,0,0,0,0,19-DEC-2017,
OPTSTK,DIVISLAB,28-Dec-2017,600,PE,0,0,0,34.1,0,0,0,0,0,19-DEC-2017,
OPTSTK,DIVISLAB,28-Dec-2017,620,PE,0,0,0,39.6,0,0,0,0,0,19-DEC-2017,
OPTSTK,DIVISLAB,28-Dec-2017,640,PE,0,0,0,45.55,0,0,0,0,0,19-DEC-2017,
OPTSTK,DIVISLAB,28-Dec-2017,660,PE,0,0,0,52.05,0,0,0,0,0,19-DEC-2017,
OPTSTK,DIVISLAB,28-Dec-2017,680,PE,0,0,0,59.05,0,0,0,0,0,19-DEC-2017,
OPTSTK,DIVISLAB,28-Dec-2017,700,PE,0,0,0,66.5,0,0,0,0,0,19-DEC-2017,
OPTSTK,DIVISLAB,28-Dec-2017,720,PE,0,0,0,74.45,0,0,0,0,0,19-DEC-2017,
OPTSTK,DIVISLAB,28-Dec-2017,740,PE,0,0,0,82.95,0,0,0,0,0,19-DEC-2017,
OPTSTK,DIVISLAB,28-Dec-2017,760,PE,0,0,0,91.9,0,0,0,0,0,19-DEC-2017,
OPTSTK,DIVISLAB,28-Dec-2017,780,PE,0,0,0,101.3,0,0,0,0,0,19-DEC-2017,
OPTSTK,DIVISLAB,28-Dec-2017,800,PE,0,0,0,111.2,0,0,0,0,0,19-DEC-2017,
OPTSTK,DIVISLAB,28-Dec-2017,820,PE,0,0,0,121.55,0,0,0,0,0,19-DEC-2017,
OPTSTK,DIVISLAB,28-Dec-2017,840,PE,0,0,0,2,0,0,0,1600,0,19-DEC-2017,
OPTSTK,DIVISLAB,28-Dec-2017,860,PE,0,0,0,143.55,0.05,0,0,0,0,19-DEC-2017,
OPTSTK,DIVISLAB,28-Dec-2017,880,PE,0,0,0,155.15,0.05,0,0,0,0,19-DEC-2017,
OPTSTK,DIVISLAB,28-Dec-2017,900,PE,0.7,0.75,0.7,0.75,0.75,3,21.61,16800,2400,19-DEC-2017,
OPTSTK,DIVISLAB,28-Dec-2017,920,PE,0,0,0,2.9,0.25,0,0,800,0,19-DEC-2017,
OPTSTK,DIVISLAB,28-Dec-2017,940,PE,0,0,0,2.75,0.65,0,0,5600,0,19-DEC-2017,
OPTSTK,DIVISLAB,28-Dec-2017,960,PE,2.35,2.35,1.9,1.9,1.9,6,46.17,13600,-4800,19-DEC-2017,
OPTSTK,DIVISLAB,28-Dec-2017,980,PE,4,4,3,3.2,3.2,8,62.94,16800,1600,19-DEC-2017,
OPTSTK,DIVISLAB,28-Dec-2017,1000,PE,8,8,5,5.3,5.3,18,144.87,40800,800,19-DEC-2017,
OPTSTK,DIVISLAB,28-Dec-2017,1020,PE,11.2,11.2,9.85,9.85,9.85,4,32.96,8800,-1600,19-DEC-2017,
OPTSTK,DIVISLAB,28-Dec-2017,1040,PE,19.35,22.8,14.75,15.5,15.5,28,236.74,27200,6400,19-DEC-2017,
OPTSTK,DIVISLAB,28-Dec-2017,1060,PE,25,25.5,25,25,25,4,34.72,21600,-800,19-DEC-2017,
OPTSTK,DIVISLAB,28-Dec-2017,1080,PE,0,0,0,37.65,37.9,0,0,1600,0,19-DEC-2017,
OPTSTK,DIVISLAB,28-Dec-2017,1100,PE,0,0,0,45.45,51.65,0,0,4000,0,19-DEC-2017,
OPTSTK,DIVISLAB,28-Dec-2017,1120,PE,0,0,0,113.5,67.35,0,0,1600,0,19-DEC-2017,
OPTSTK,DIVISLAB,28-Dec-2017,1140,PE,0,0,0,337.1,84.55,0,0,0,0,19-DEC-2017,
OPTSTK,DIVISLAB,28-Dec-2017,1160,PE,0,0,0,148.7,102.75,0,0,2400,0,19-DEC-2017,
OPTSTK,DIVISLAB,28-Dec-2017,1180,PE,0,0,0,369.1,121.75,0,0,0,0,19-DEC-2017,
OPTSTK,DIVISLAB,28-Dec-2017,1200,PE,0,0,0,385.4,141.15,0,0,0,0,19-DEC-2017,
OPTSTK,DIVISLAB,28-Dec-2017,1220,PE,0,0,0,401.9,160.85,0,0,0,0,19-DEC-2017,
OPTSTK,DIVISLAB,28-Dec-2017,1240,PE,0,0,0,391.85,180.65,0,0,0,0,19-DEC-2017,
OPTSTK,DIVISLAB,28-Dec-2017,1260,PE,0,0,0,331.35,200.55,0,0,0,0,19-DEC-2017,
OPTSTK,DIVISLAB,25-Jan-2018,500,CE,0,0,0,367.65,560.8,0,0,0,0,19-DEC-2017,
OPTSTK,DIVISLAB,25-Jan-2018,520,CE,0,0,0,348.6,540.95,0,0,0,0,19-DEC-2017,
OPTSTK,DIVISLAB,25-Jan-2018,540,CE,0,0,0,329.75,521.1,0,0,0,0,19-DEC-2017,
OPTSTK,DIVISLAB,25-Jan-2018,560,CE,0,0,0,311.2,501.2,0,0,0,0,19-DEC-2017,
OPTSTK,DIVISLAB,25-Jan-2018,580,CE,0,0,0,292.95,481.35,0,0,0,0,19-DEC-2017,
OPTSTK,DIVISLAB,25-Jan-2018,600,CE,0,0,0,275.1,461.45,0,0,0,0,19-DEC-2017,
OPTSTK,DIVISLAB,25-Jan-2018,620,CE,0,0,0,257.7,441.6,0,0,0,0,19-DEC-2017,
OPTSTK,DIVISLAB,25-Jan-2018,640,CE,0,0,0,240.8,421.75,0,0,0,0,19-DEC-2017,
OPTSTK,DIVISLAB,25-Jan-2018,660,CE,0,0,0,224.4,401.85,0,0,0,0,19-DEC-2017,
OPTSTK,DIVISLAB,25-Jan-2018,680,CE,0,0,0,208.65,382,0,0,0,0,19-DEC-2017,
OPTSTK,DIVISLAB,25-Jan-2018,700,CE,0,0,0,193.45,362.15,0,0,0,0,19-DEC-2017,
OPTSTK,DIVISLAB,25-Jan-2018,720,CE,0,0,0,179,342.3,0,0,0,0,19-DEC-2017,
OPTSTK,DIVISLAB,25-Jan-2018,740,CE,0,0,0,165.15,322.45,0,0,0,0,19-DEC-2017,
OPTSTK,DIVISLAB,25-Jan-2018,760,CE,295,296,293,296,296,4,33.76,3200,3200,19-DEC-2017,
OPTSTK,DIVISLAB,25-Jan-2018,780,CE,0,0,0,139.6,282.9,0,0,0,0,19-DEC-2017,
OPTSTK,DIVISLAB,25-Jan-2018,800,CE,0,0,0,127.95,263.2,0,0,0,0,19-DEC-2017,
OPTSTK,DIVISLAB,25-Jan-2018,820,CE,0,0,0,117,243.65,0,0,0,0,19-DEC-2017,
OPTSTK,DIVISLAB,25-Jan-2018,840,CE,0,0,0,106.75,224.35,0,0,0,0,19-DEC-2017,
OPTSTK,DIVISLAB,25-Jan-2018,860,CE,0,0,0,97.2,205.3,0,0,0,0,19-DEC-2017,
OPTSTK,DIVISLAB,25-Jan-2018,880,CE,0,0,0,88.35,186.6,0,0,0,0,19-DEC-2017,
OPTSTK,DIVISLAB,25-Jan-2018,900,CE,0,0,0,80.1,168.45,0,0,0,0,19-DEC-2017,
OPTSTK,DIVISLAB,25-Jan-2018,920,CE,0,0,0,72.55,150.9,0,0,0,0,19-DEC-2017,
OPTSTK,DIVISLAB,25-Jan-2018,940,CE,0,0,0,65.55,134.1,0,0,0,0,19-DEC-2017,
OPTSTK,DIVISLAB,25-Jan-2018,960,CE,0,0,0,59.15,118.15,0,0,0,0,19-DEC-2017,
OPTSTK,DIVISLAB,25-Jan-2018,980,CE,0,0,0,53.25,103.2,0,0,0,0,19-DEC-2017,
OPTSTK,DIVISLAB,25-Jan-2018,1000,CE,0,0,0,47.9,89.3,0,0,0,0,19-DEC-2017,
OPTSTK,DIVISLAB,25-Jan-2018,1020,CE,0,0,0,43.05,76.55,0,0,0,0,19-DEC-2017,
OPTSTK,DIVISLAB,25-Jan-2018,1040,CE,0,0,0,38.65,65.05,0,0,0,0,19-DEC-2017,
OPTSTK,DIVISLAB,25-Jan-2018,1060,CE,0,0,0,34.6,54.75,0,0,0,0,19-DEC-2017,
OPTSTK,DIVISLAB,25-Jan-2018,1080,CE,0,0,0,44,45.6,0,0,1600,0,19-DEC-2017,
OPTSTK,DIVISLAB,25-Jan-2018,1100,CE,39,39,36,36,36,4,36.39,1600,1600,19-DEC-2017,
OPTSTK,DIVISLAB,25-Jan-2018,1120,CE,0,0,0,24.7,30.8,0,0,0,0,19-DEC-2017,
OPTSTK,DIVISLAB,25-Jan-2018,1140,CE,0,0,0,22,24.95,0,0,2400,0,19-DEC-2017,
OPTSTK,DIVISLAB,25-Jan-2018,1160,CE,20,20,20,20,20,1,9.44,800,800,19-DEC-2017,
OPTSTK,DIVISLAB,25-Jan-2018,1180,CE,0,0,0,17.45,15.95,0,0,0,0,19-DEC-2017,
OPTSTK,DIVISLAB,25-Jan-2018,1200,CE,12,12,12,12,12,1,9.69,800,800,19-DEC-2017,
OPTSTK,DIVISLAB,25-Jan-2018,1220,CE,0,0,0,13.75,9.85,0,0,0,0,19-DEC-2017,
OPTSTK,DIVISLAB,25-Jan-2018,1240,CE,0,0,0,11.9,7.65,0,0,0,0,19-DEC-2017,
OPTSTK,DIVISLAB,25-Jan-2018,1260,CE,0,0,0,16.45,5.85,0,0,0,0,19-DEC-2017,
OPTSTK,DIVISLAB,25-Jan-2018,500,PE,0,0,0,1.25,0,0,0,0,0,19-DEC-2017,
OPTSTK,DIVISLAB,25-Jan-2018,520,PE,0,0,0,1.85,0,0,0,0,0,19-DEC-2017,
OPTSTK,DIVISLAB,25-Jan-2018,540,PE,0,0,0,2.7,0,0,0,0,0,19-DEC-2017,
OPTSTK,DIVISLAB,25-Jan-2018,560,PE,0,0,0,3.8,0,0,0,0,0,19-DEC-2017,
OPTSTK,DIVISLAB,25-Jan-2018,580,PE,0,0,0,5.25,0,0,0,0,0,19-DEC-2017,
OPTSTK,DIVISLAB,25-Jan-2018,600,PE,0,0,0,7.1,0,0,0,0,0,19-DEC-2017,
OPTSTK,DIVISLAB,25-Jan-2018,620,PE,0,0,0,9.4,0,0,0,0,0,19-DEC-2017,
OPTSTK,DIVISLAB,25-Jan-2018,640,PE,0,0,0,12.15,0,0,0,0,0,19-DEC-2017,
OPTSTK,DIVISLAB,25-Jan-2018,660,PE,0,0,0,15.45,0,0,0,0,0,19-DEC-2017,
OPTSTK,DIVISLAB,25-Jan-2018,680,PE,0,0,0,19.35,0,0,0,0,0,19-DEC-2017,
OPTSTK,DIVISLAB,25-Jan-2018,700,PE,0,0,0,23.9,0.05,0,0,0,0,19-DEC-2017,
OPTSTK,DIVISLAB,25-Jan-2018,720,PE,0,0,0,29.1,0.05,0,0,0,0,19-DEC-2017,
OPTSTK,DIVISLAB,25-Jan-2018,740,PE,0,0,0,34.95,0.1,0,0,0,0,19-DEC-2017,
OPTSTK,DIVISLAB,25-Jan-2018,760,PE,0,0,0,41.5,0.15,0,0,0,0,19-DEC-2017,
OPTSTK,DIVISLAB,25-Jan-2018,780,PE,0,0,0,48.8,0.25,0,0,0,0,19-DEC-2017,
OPTSTK,DIVISLAB,25-Jan-2018,800,PE,0,0,0,56.8,0.45,0,0,0,0,19-DEC-2017,
OPTSTK,DIVISLAB,25-Jan-2018,820,PE,0,0,0,65.55,0.8,0,0,0,0,19-DEC-2017,
OPTSTK,DIVISLAB,25-Jan-2018,840,PE,0,0,0,75,1.3,0,0,0,0,19-DEC-2017,
OPTSTK,DIVISLAB,25-Jan-2018,860,PE,0,0,0,85.1,2.15,0,0,0,0,19-DEC-2017,
OPTSTK,DIVISLAB,25-Jan-2018,880,PE,0,0,0,95.95,3.35,0,0,0,0,19-DEC-2017,
OPTSTK,DIVISLAB,25-Jan-2018,900,PE,0,0,0,4.9,5.05,0,0,800,0,19-DEC-2017,
OPTSTK,DIVISLAB,25-Jan-2018,920,PE,0,0,0,119.5,7.35,0,0,0,0,19-DEC-2017,
OPTSTK,DIVISLAB,25-Jan-2018,940,PE,0,0,0,132.2,10.4,0,0,0,0,19-DEC-2017,
OPTSTK,DIVISLAB,25-Jan-2018,960,PE,0,0,0,24.9,14.35,0,0,800,0,19-DEC-2017,
OPTSTK,DIVISLAB,25-Jan-2018,980,PE,0,0,0,30,19.3,0,0,1600,0,19-DEC-2017,
OPTSTK,DIVISLAB,25-Jan-2018,1000,PE,25,25,25,25,25,1,8.2,800,800,19-DEC-2017,
OPTSTK,DIVISLAB,25-Jan-2018,1020,PE,0,0,0,33,32.4,0,0,1600,0,19-DEC-2017,
OPTSTK,DIVISLAB,25-Jan-2018,1040,PE,40,40,40,40,40,2,17.28,1600,1600,19-DEC-2017,
OPTSTK,DIVISLAB,25-Jan-2018,1060,PE,0,0,0,219.4,50.3,0,0,0,0,19-DEC-2017,
OPTSTK,DIVISLAB,25-Jan-2018,1080,PE,0,0,0,235.45,61.05,0,0,0,0,19-DEC-2017,
OPTSTK,DIVISLAB,25-Jan-2018,1100,PE,0,0,0,251.8,72.95,0,0,0,0,19-DEC-2017,
OPTSTK,DIVISLAB,25-Jan-2018,1120,PE,0,0,0,268.5,85.95,0,0,0,0,19-DEC-2017,
OPTSTK,DIVISLAB,25-Jan-2018,1140,PE,0,0,0,285.55,100,0,0,0,0,19-DEC-2017,
OPTSTK,DIVISLAB,25-Jan-2018,1160,PE,0,0,0,302.8,115,0,0,0,0,19-DEC-2017,
OPTSTK,DIVISLAB,25-Jan-2018,1180,PE,0,0,0,320.35,130.75,0,0,0,0,19-DEC-2017,
OPTSTK,DIVISLAB,25-Jan-2018,1200,PE,0,0,0,338.1,147.25,0,0,0,0,19-DEC-2017,
OPTSTK,DIVISLAB,25-Jan-2018,1220,PE,0,0,0,356.05,164.35,0,0,0,0,19-DEC-2017,
OPTSTK,DIVISLAB,25-Jan-2018,1240,PE,0,0,0,361.95,182,0,0,0,0,19-DEC-2017,
OPTSTK,DIVISLAB,25-Jan-2018,1260,PE,0,0,0,334.25,200.1,0,0,0,0,19-DEC-2017,
OPTSTK,DIVISLAB,22-Feb-2018,680,CE,0,0,0,374,385.45,0,0,0,0,19-DEC-2017,
OPTSTK,DIVISLAB,22-Feb-2018,700,CE,0,0,0,355.4,365.8,0,0,0,0,19-DEC-2017,
OPTSTK,DIVISLAB,22-Feb-2018,720,CE,0,0,0,337.05,346.2,0,0,0,0,19-DEC-2017,
OPTSTK,DIVISLAB,22-Feb-2018,740,CE,0,0,0,319.05,326.65,0,0,0,0,19-DEC-2017,
OPTSTK,DIVISLAB,22-Feb-2018,760,CE,0,0,0,301.35,307.3,0,0,0,0,19-DEC-2017,
OPTSTK,DIVISLAB,22-Feb-2018,780,CE,0,0,0,284.1,288.05,0,0,0,0,19-DEC-2017,
OPTSTK,DIVISLAB,22-Feb-2018,800,CE,0,0,0,267.3,269.1,0,0,0,0,19-DEC-2017,
OPTSTK,DIVISLAB,22-Feb-2018,820,CE,0,0,0,250.95,250.4,0,0,0,0,19-DEC-2017,
OPTSTK,DIVISLAB,22-Feb-2018,840,CE,0,0,0,235.15,232.1,0,0,0,0,19-DEC-2017,
OPTSTK,DIVISLAB,22-Feb-2018,860,CE,0,0,0,219.85,214.2,0,0,0,0,19-DEC-2017,
OPTSTK,DIVISLAB,22-Feb-2018,880,CE,0,0,0,205.2,196.85,0,0,0,0,19-DEC-2017,
OPTSTK,DIVISLAB,22-Feb-2018,900,CE,0,0,0,191.1,180.1,0,0,0,0,19-DEC-2017,
OPTSTK,DIVISLAB,22-Feb-2018,920,CE,0,0,0,177.6,163.95,0,0,0,0,19-DEC-2017,
OPTSTK,DIVISLAB,22-Feb-2018,940,CE,0,0,0,164.7,148.6,0,0,0,0,19-DEC-2017,
OPTSTK,DIVISLAB,22-Feb-2018,960,CE,0,0,0,152.45,134.05,0,0,0,0,19-DEC-2017,
OPTSTK,DIVISLAB,22-Feb-2018,980,CE,0,0,0,140.85,120.25,0,0,0,0,19-DEC-2017,
OPTSTK,DIVISLAB,22-Feb-2018,1000,CE,0,0,0,129.95,107.4,0,0,0,0,19-DEC-2017,
OPTSTK,DIVISLAB,22-Feb-2018,1020,CE,0,0,0,119.6,95.45,0,0,0,0,19-DEC-2017,
OPTSTK,DIVISLAB,22-Feb-2018,1040,CE,0,0,0,109.95,84.4,0,0,0,0,19-DEC-2017,
OPTSTK,DIVISLAB,22-Feb-2018,1060,CE,0,0,0,100.85,74.25,0,0,0,0,19-DEC-2017,
OPTSTK,DIVISLAB,22-Feb-2018,1080,CE,0,0,0,92.35,65.05,0,0,0,0,19-DEC-2017,
OPTSTK,DIVISLAB,22-Feb-2018,1100,CE,0,0,0,84.45,56.7,0,0,0,0,19-DEC-2017,
OPTSTK,DIVISLAB,22-Feb-2018,1120,CE,0,0,0,77.1,49.2,0,0,0,0,19-DEC-2017,
OPTSTK,DIVISLAB,22-Feb-2018,1140,CE,0,0,0,70.3,42.45,0,0,0,0,19-DEC-2017,
OPTSTK,DIVISLAB,22-Feb-2018,1160,CE,0,0,0,63.95,36.5,0,0,0,0,19-DEC-2017,
OPTSTK,DIVISLAB,22-Feb-2018,1180,CE,0,0,0,58.15,31.3,0,0,0,0,19-DEC-2017,
OPTSTK,DIVISLAB,22-Feb-2018,1200,CE,0,0,0,52.75,26.7,0,0,0,0,19-DEC-2017,
OPTSTK,DIVISLAB,22-Feb-2018,1220,CE,0,0,0,47.9,22.65,0,0,0,0,19-DEC-2017,
OPTSTK,DIVISLAB,22-Feb-2018,1240,CE,0,0,0,43.35,19.15,0,0,0,0,19-DEC-2017,
OPTSTK,DIVISLAB,22-Feb-2018,1260,CE,0,0,0,39.25,16.1,0,0,0,0,19-DEC-2017,
OPTSTK,DIVISLAB,22-Feb-2018,680,PE,0,0,0,3.1,0.15,0,0,0,0,19-DEC-2017,
OPTSTK,DIVISLAB,22-Feb-2018,700,PE,0,0,0,4.2,0.25,0,0,0,0,19-DEC-2017,
OPTSTK,DIVISLAB,22-Feb-2018,720,PE,0,0,0,5.55,0.4,0,0,0,0,19-DEC-2017,
OPTSTK,DIVISLAB,22-Feb-2018,740,PE,0,0,0,7.25,0.65,0,0,0,0,19-DEC-2017,
OPTSTK,DIVISLAB,22-Feb-2018,760,PE,0,0,0,9.3,1.05,0,0,0,0,19-DEC-2017,
OPTSTK,DIVISLAB,22-Feb-2018,780,PE,0,0,0,11.75,1.6,0,0,0,0,19-DEC-2017,
OPTSTK,DIVISLAB,22-Feb-2018,800,PE,0,0,0,14.65,2.4,0,0,0,0,19-DEC-2017,
OPTSTK,DIVISLAB,22-Feb-2018,820,PE,0,0,0,18,3.5,0,0,0,0,19-DEC-2017,
OPTSTK,DIVISLAB,22-Feb-2018,840,PE,0,0,0,21.9,4.95,0,0,0,0,19-DEC-2017,
OPTSTK,DIVISLAB,22-Feb-2018,860,PE,0,0,0,26.35,6.85,0,0,0,0,19-DEC-2017,
OPTSTK,DIVISLAB,22-Feb-2018,880,PE,0,0,0,31.35,9.25,0,0,0,0,19-DEC-2017,
OPTSTK,DIVISLAB,22-Feb-2018,900,PE,0,0,0,36.95,12.25,0,0,0,0,19-DEC-2017,
OPTSTK,DIVISLAB,22-Feb-2018,920,PE,0,0,0,43.15,15.95,0,0,0,0,19-DEC-2017,
OPTSTK,DIVISLAB,22-Feb-2018,940,PE,0,0,0,49.95,20.3,0,0,0,0,19-DEC-2017,
OPTSTK,DIVISLAB,22-Feb-2018,960,PE,0,0,0,57.45,25.55,0,0,0,0,19-DEC-2017,
OPTSTK,DIVISLAB,22-Feb-2018,980,PE,0,0,0,65.6,31.5,0,0,0,0,19-DEC-2017,
OPTSTK,DIVISLAB,22-Feb-2018,1000,PE,0,0,0,74.35,38.45,0,0,0,0,19-DEC-2017,
OPTSTK,DIVISLAB,22-Feb-2018,1020,PE,0,0,0,83.75,46.25,0,0,0,0,19-DEC-2017,
OPTSTK,DIVISLAB,22-Feb-2018,1040,PE,0,0,0,93.75,55,0,0,0,0,19-DEC-2017,
OPTSTK,DIVISLAB,22-Feb-2018,1060,PE,0,0,0,104.4,64.65,0,0,0,0,19-DEC-2017,
OPTSTK,DIVISLAB,22-Feb-2018,1080,PE,0,0,0,115.65,75.2,0,0,0,0,19-DEC-2017,
OPTSTK,DIVISLAB,22-Feb-2018,1100,PE,0,0,0,127.45,86.6,0,0,0,0,19-DEC-2017,
OPTSTK,DIVISLAB,22-Feb-2018,1120,PE,0,0,0,139.8,98.85,0,0,0,0,19-DEC-2017,
OPTSTK,DIVISLAB,22-Feb-2018,1140,PE,0,0,0,152.65,111.9,0,0,0,0,19-DEC-2017,
OPTSTK,DIVISLAB,22-Feb-2018,1160,PE,0,0,0,166.05,125.75,0,0,0,0,19-DEC-2017,
OPTSTK,DIVISLAB,22-Feb-2018,1180,PE,0,0,0,179.95,140.3,0,0,0,0,19-DEC-2017,
OPTSTK,DIVISLAB,22-Feb-2018,1200,PE,0,0,0,194.3,155.45,0,0,0,0,19-DEC-2017,
OPTSTK,DIVISLAB,22-Feb-2018,1220,PE,0,0,0,209.1,171.15,0,0,0,0,19-DEC-2017,
OPTSTK,DIVISLAB,22-Feb-2018,1240,PE,0,0,0,224.3,187.45,0,0,0,0,19-DEC-2017,
OPTSTK,DIVISLAB,22-Feb-2018,1260,PE,0,0,0,239.85,204.2,0,0,0,0,19-DEC-2017,
OPTSTK,DLF,28-Dec-2017,110,CE,0,0,0,55.3,124.25,0,0,0,0,19-DEC-2017,
OPTSTK,DLF,28-Dec-2017,120,CE,0,0,0,112.25,114.25,0,0,15000,0,19-DEC-2017,
OPTSTK,DLF,28-Dec-2017,130,CE,0,0,0,103.6,104.25,0,0,35000,0,19-DEC-2017,
OPTSTK,DLF,28-Dec-2017,140,CE,0,0,0,32.6,94.3,0,0,0,0,19-DEC-2017,
OPTSTK,DLF,28-Dec-2017,150,CE,0,0,0,26.65,84.3,0,0,0,0,19-DEC-2017,
OPTSTK,DLF,28-Dec-2017,160,CE,0,0,0,21.55,74.3,0,0,0,0,19-DEC-2017,
OPTSTK,DLF,28-Dec-2017,170,CE,0,0,0,60.95,64.35,0,0,5000,0,19-DEC-2017,
OPTSTK,DLF,28-Dec-2017,180,CE,0,0,0,48.4,54.35,0,0,10000,0,19-DEC-2017,
OPTSTK,DLF,28-Dec-2017,190,CE,0,0,0,40.7,44.35,0,0,30000,0,19-DEC-2017,
OPTSTK,DLF,28-Dec-2017,200,CE,32.75,32.75,32.75,32.75,32.75,1,11.63,185000,0,19-DEC-2017,
OPTSTK,DLF,28-Dec-2017,210,CE,25.2,25.2,25.2,25.2,25.2,1,11.76,95000,0,19-DEC-2017,
OPTSTK,DLF,28-Dec-2017,220,CE,13.95,16.55,13.95,16.3,16.3,10,117.77,585000,-20000,19-DEC-2017,
OPTSTK,DLF,28-Dec-2017,230,CE,8.5,8.85,6.65,8.5,8.5,362,4308.13,2240000,-55000,19-DEC-2017,
OPTSTK,DLF,28-Dec-2017,240,CE,3.6,3.9,2.75,3.7,3.7,1109,13494.42,4185000,190000,19-DEC-2017,
OPTSTK,DLF,28-Dec-2017,250,CE,1.65,1.7,1.15,1.45,1.45,685,8608.69,4655000,70000,19-DEC-2017,
OPTSTK,DLF,28-Dec-2017,260,CE,0.85,0.85,0.55,0.65,0.65,404,5264.56,2355000,-255000,19-DEC-2017,
OPTSTK,DLF,28-Dec-2017,270,CE,0.4,0.4,0.25,0.3,0.3,80,1081.18,765000,-110000,19-DEC-2017,
OPTSTK,DLF,28-Dec-2017,280,CE,0.2,0.2,0.15,0.15,0.15,28,392.22,880000,-5000,19-DEC-2017,
OPTSTK,DLF,28-Dec-2017,290,CE,0,0,0,0.2,0,0,0,15000,0,19-DEC-2017,
OPTSTK,DLF,28-Dec-2017,110,PE,0,0,0,1.75,0,0,0,0,0,19-DEC-2017,
OPTSTK,DLF,28-Dec-2017,120,PE,0,0,0,3.25,0,0,0,0,0,19-DEC-2017,
OPTSTK,DLF,28-Dec-2017,130,PE,0,0,0,5.5,0,0,0,0,0,19-DEC-2017,
OPTSTK,DLF,28-Dec-2017,140,PE,0,0,0,8.55,0,0,0,0,0,19-DEC-2017,
OPTSTK,DLF,28-Dec-2017,150,PE,0,0,0,0.05,0,0,0,5000,0,19-DEC-2017,
OPTSTK,DLF,28-Dec-2017,160,PE,0.1,0.1,0.1,0.1,0.1,1,8,40000,0,19-DEC-2017,
OPTSTK,DLF,28-Dec-2017,170,PE,0.05,0.05,0.05,0.05,0.05,1,8.5,40000,0,19-DEC-2017,
OPTSTK,DLF,28-Dec-2017,180,PE,0.1,0.1,0.05,0.1,0.1,6,54.02,605000,0,19-DEC-2017,
OPTSTK,DLF,28-Dec-2017,190,PE,0.25,0.25,0.1,0.2,0.2,73,694.13,615000,20000,19-DEC-2017,
OPTSTK,DLF,28-Dec-2017,200,PE,0.3,0.35,0.15,0.2,0.2,168,1681.64,4035000,-15000,19-DEC-2017,
OPTSTK,DLF,28-Dec-2017,210,PE,0.6,0.8,0.5,0.6,0.6,235,2474.52,2730000,35000,19-DEC-2017,
OPTSTK,DLF,28-Dec-2017,220,PE,1.8,2.4,1.55,1.75,1.75,344,3815.94,5795000,310000,19-DEC-2017,
OPTSTK,DLF,28-Dec-2017,230,PE,4.8,5.4,3.75,4,4,537,6293.46,3235000,520000,19-DEC-2017,
OPTSTK,DLF,28-Dec-2017,240,PE,9.8,11.05,8.55,8.95,8.95,257,3207.24,1255000,-165000,19-DEC-2017,
OPTSTK,DLF,28-Dec-2017,250,PE,18.85,19.1,17.95,18,18,9,120.73,145000,-20000,19-DEC-2017,
OPTSTK,DLF,28-Dec-2017,260,PE,0,0,0,24.35,25.9,0,0,5000,0,19-DEC-2017,
OPTSTK,DLF,28-Dec-2017,270,PE,0,0,0,35.15,35.6,0,0,20000,0,19-DEC-2017,
OPTSTK,DLF,28-Dec-2017,280,PE,0,0,0,45.5,45.55,0,0,10000,0,19-DEC-2017,
OPTSTK,DLF,28-Dec-2017,290,PE,0,0,0,99.2,55.5,0,0,0,0,19-DEC-2017,
OPTSTK,DLF,25-Jan-2018,110,CE,0,0,0,73.85,124.8,0,0,0,0,19-DEC-2017,
OPTSTK,DLF,25-Jan-2018,120,CE,0,0,0,64.2,114.85,0,0,0,0,19-DEC-2017,
OPTSTK,DLF,25-Jan-2018,130,CE,0,0,0,54.75,104.9,0,0,0,0,19-DEC-2017,
OPTSTK,DLF,25-Jan-2018,140,CE,0,0,0,45.7,95,0,0,0,0,19-DEC-2017,
OPTSTK,DLF,25-Jan-2018,150,CE,0,0,0,37.3,85.05,0,0,0,0,19-DEC-2017,
OPTSTK,DLF,25-Jan-2018,160,CE,0,0,0,29.75,75.1,0,0,0,0,19-DEC-2017,
OPTSTK,DLF,25-Jan-2018,170,CE,0,0,0,23.15,65.2,0,0,0,0,19-DEC-2017,
OPTSTK,DLF,25-Jan-2018,180,CE,0,0,0,17.6,55.4,0,0,0,0,19-DEC-2017,
OPTSTK,DLF,25-Jan-2018,190,CE,0,0,0,14,45.8,0,0,5000,0,19-DEC-2017,
OPTSTK,DLF,25-Jan-2018,200,CE,0,0,0,9.55,36.65,0,0,0,0,19-DEC-2017,
OPTSTK,DLF,25-Jan-2018,210,CE,0,0,0,23,28.25,0,0,30000,0,19-DEC-2017,
OPTSTK,DLF,25-Jan-2018,220,CE,0,0,0,4.8,20.9,0,0,0,0,19-DEC-2017,
OPTSTK,DLF,25-Jan-2018,230,CE,0,0,0,13.55,14.75,0,0,35000,0,19-DEC-2017,
OPTSTK,DLF,25-Jan-2018,240,CE,8.8,9.5,8.8,9.5,9.5,3,37.36,105000,0,19-DEC-2017,
OPTSTK,DLF,25-Jan-2018,250,CE,5.8,5.8,5.45,5.75,5.75,3,38.35,50000,5000,19-DEC-2017,
OPTSTK,DLF,25-Jan-2018,260,CE,3.5,3.5,3.5,3.5,3.5,1,13.17,55000,5000,19-DEC-2017,
OPTSTK,DLF,25-Jan-2018,270,CE,0,0,0,2.65,2.35,0,0,15000,0,19-DEC-2017,
OPTSTK,DLF,25-Jan-2018,280,CE,0,0,0,1.8,1.35,0,0,20000,0,19-DEC-2017,
OPTSTK,DLF,25-Jan-2018,290,CE,0,0,0,0.75,0.75,0,0,10000,0,19-DEC-2017,
OPTSTK,DLF,25-Jan-2018,110,PE,0,0,0,0.1,0,0,0,0,0,19-DEC-2017,
OPTSTK,DLF,25-Jan-2018,120,PE,0,0,0,0.25,0,0,0,0,0,19-DEC-2017,
OPTSTK,DLF,25-Jan-2018,130,PE,0,0,0,0.65,0,0,0,0,0,19-DEC-2017,
OPTSTK,DLF,25-Jan-2018,140,PE,0,0,0,1.45,0,0,0,0,0,19-DEC-2017,
OPTSTK,DLF,25-Jan-2018,150,PE,0,0,0,2.9,0,0,0,0,0,19-DEC-2017,
OPTSTK,DLF,25-Jan-2018,160,PE,0,0,0,5.2,0.05,0,0,0,0,19-DEC-2017,
OPTSTK,DLF,25-Jan-2018,170,PE,0,0,0,8.45,0.05,0,0,0,0,19-DEC-2017,
OPTSTK,DLF,25-Jan-2018,180,PE,0.6,0.6,0.6,0.6,0.6,1,9.03,10000,5000,19-DEC-2017,
OPTSTK,DLF,25-Jan-2018,190,PE,0,0,0,18.1,0.55,0,0,0,0,19-DEC-2017,
OPTSTK,DLF,25-Jan-2018,200,PE,1.55,1.55,1.55,1.55,1.55,1,10.07,10000,5000,19-DEC-2017,
OPTSTK,DLF,25-Jan-2018,210,PE,0,0,0,3.5,2.85,0,0,5000,0,19-DEC-2017,
OPTSTK,DLF,25-Jan-2018,220,PE,5.1,5.4,5.1,5.4,5.4,3,33.78,140000,0,19-DEC-2017,
OPTSTK,DLF,25-Jan-2018,230,PE,10,10,8.7,8.7,8.7,4,47.89,30000,5000,19-DEC-2017,
OPTSTK,DLF,25-Jan-2018,240,PE,0,0,0,21.5,14.35,0,0,10000,0,19-DEC-2017,
OPTSTK,DLF,25-Jan-2018,250,PE,0,0,0,20.5,20.75,0,0,20000,0,19-DEC-2017,
OPTSTK,DLF,25-Jan-2018,260,PE,0,0,0,74.9,28.25,0,0,0,0,19-DEC-2017,
OPTSTK,DLF,25-Jan-2018,270,PE,0,0,0,84.4,36.55,0,0,0,0,19-DEC-2017,
OPTSTK,DLF,25-Jan-2018,280,PE,0,0,0,94,45.45,0,0,0,0,19-DEC-2017,
OPTSTK,DLF,25-Jan-2018,290,PE,0,0,0,98.05,54.8,0,0,0,0,19-DEC-2017,
OPTSTK,DLF,22-Feb-2018,130,CE,0,0,0,105.2,105.55,0,0,0,0,19-DEC-2017,
OPTSTK,DLF,22-Feb-2018,140,CE,0,0,0,95.45,95.65,0,0,0,0,19-DEC-2017,
OPTSTK,DLF,22-Feb-2018,150,CE,0,0,0,85.8,85.8,0,0,0,0,19-DEC-2017,
OPTSTK,DLF,22-Feb-2018,160,CE,0,0,0,76.35,76,0,0,0,0,19-DEC-2017,
OPTSTK,DLF,22-Feb-2018,170,CE,0,0,0,67.2,66.35,0,0,0,0,19-DEC-2017,
OPTSTK,DLF,22-Feb-2018,180,CE,0,0,0,58.5,56.9,0,0,0,0,19-DEC-2017,
OPTSTK,DLF,22-Feb-2018,190,CE,0,0,0,50.25,47.85,0,0,0,0,19-DEC-2017,
OPTSTK,DLF,22-Feb-2018,200,CE,0,0,0,42.7,39.4,0,0,0,0,19-DEC-2017,
OPTSTK,DLF,22-Feb-2018,210,CE,0,0,0,35.8,31.7,0,0,0,0,19-DEC-2017,
OPTSTK,DLF,22-Feb-2018,220,CE,0,0,0,29.7,24.9,0,0,0,0,19-DEC-2017,
OPTSTK,DLF,22-Feb-2018,230,CE,0,0,0,24.35,19.1,0,0,0,0,19-DEC-2017,
OPTSTK,DLF,22-Feb-2018,240,CE,0,0,0,19.75,14.35,0,0,0,0,19-DEC-2017,
OPTSTK,DLF,22-Feb-2018,250,CE,0,0,0,15.85,10.5,0,0,0,0,19-DEC-2017,
OPTSTK,DLF,22-Feb-2018,260,CE,0,0,0,12.6,7.55,0,0,0,0,19-DEC-2017,
OPTSTK,DLF,22-Feb-2018,270,CE,0,0,0,9.9,5.3,0,0,0,0,19-DEC-2017,
OPTSTK,DLF,22-Feb-2018,280,CE,0,0,0,7.75,3.65,0,0,0,0,19-DEC-2017,
OPTSTK,DLF,22-Feb-2018,290,CE,0,0,0,6,2.5,0,0,0,0,19-DEC-2017,
OPTSTK,DLF,22-Feb-2018,130,PE,0,0,0,0.05,0,0,0,0,0,19-DEC-2017,
OPTSTK,DLF,22-Feb-2018,140,PE,0,0,0,0.15,0.05,0,0,0,0,19-DEC-2017,
OPTSTK,DLF,22-Feb-2018,150,PE,0,0,0,0.4,0.05,0,0,0,0,19-DEC-2017,
OPTSTK,DLF,22-Feb-2018,160,PE,0,0,0,0.8,0.15,0,0,0,0,19-DEC-2017,
OPTSTK,DLF,22-Feb-2018,170,PE,0,0,0,1.5,0.35,0,0,0,0,19-DEC-2017,
OPTSTK,DLF,22-Feb-2018,180,PE,0,0,0,2.6,0.8,0,0,0,0,19-DEC-2017,
OPTSTK,DLF,22-Feb-2018,190,PE,0,0,0,4.25,1.65,0,0,0,0,19-DEC-2017,
OPTSTK,DLF,22-Feb-2018,200,PE,0,0,0,6.55,3.05,0,0,0,0,19-DEC-2017,
OPTSTK,DLF,22-Feb-2018,210,PE,0,0,0,9.5,5.25,0,0,0,0,19-DEC-2017,
OPTSTK,DLF,22-Feb-2018,220,PE,0,0,0,13.25,8.35,0,0,0,0,19-DEC-2017,
OPTSTK,DLF,22-Feb-2018,230,PE,0,0,0,17.75,12.45,0,0,0,0,19-DEC-2017,
OPTSTK,DLF,22-Feb-2018,240,PE,0,0,0,23,17.55,0,0,0,0,19-DEC-2017,
OPTSTK,DLF,22-Feb-2018,250,PE,0,0,0,28.95,23.6,0,0,0,0,19-DEC-2017,
OPTSTK,DLF,22-Feb-2018,260,PE,0,0,0,35.55,30.5,0,0,0,0,19-DEC-2017,
OPTSTK,DLF,22-Feb-2018,270,PE,0,0,0,42.75,38.15,0,0,0,0,19-DEC-2017,
OPTSTK,DLF,22-Feb-2018,280,PE,0,0,0,50.45,46.4,0,0,0,0,19-DEC-2017,
OPTSTK,DLF,22-Feb-2018,290,PE,0,0,0,58.55,55.1,0,0,0,0,19-DEC-2017,
OPTSTK,DRREDDY,28-Dec-2017,1500,CE,0,0,0,906.4,901.85,0,0,0,0,19-DEC-2017,
OPTSTK,DRREDDY,28-Dec-2017,1550,CE,0,0,0,860.05,851.95,0,0,0,0,19-DEC-2017,
OPTSTK,DRREDDY,28-Dec-2017,1600,CE,0,0,0,814.4,802,0,0,0,0,19-DEC-2017,
OPTSTK,DRREDDY,28-Dec-2017,1650,CE,0,0,0,769.65,752.1,0,0,0,0,19-DEC-2017,
OPTSTK,DRREDDY,28-Dec-2017,1700,CE,0,0,0,725.85,702.15,0,0,0,0,19-DEC-2017,
OPTSTK,DRREDDY,28-Dec-2017,1750,CE,0,0,0,683.1,652.25,0,0,0,0,19-DEC-2017,
OPTSTK,DRREDDY,28-Dec-2017,1800,CE,0,0,0,641.6,602.3,0,0,0,0,19-DEC-2017,
OPTSTK,DRREDDY,28-Dec-2017,1850,CE,0,0,0,601.35,552.4,0,0,0,0,19-DEC-2017,
OPTSTK,DRREDDY,28-Dec-2017,1900,CE,0,0,0,562.45,502.45,0,0,0,0,19-DEC-2017,
OPTSTK,DRREDDY,28-Dec-2017,1950,CE,0,0,0,525.1,452.55,0,0,0,0,19-DEC-2017,
OPTSTK,DRREDDY,28-Dec-2017,2000,CE,0,0,0,316,402.65,0,0,600,0,19-DEC-2017,
OPTSTK,DRREDDY,28-Dec-2017,2050,CE,0,0,0,216.25,352.7,0,0,400,0,19-DEC-2017,
OPTSTK,DRREDDY,28-Dec-2017,2100,CE,0,0,0,189.95,302.85,0,0,600,0,19-DEC-2017,
OPTSTK,DRREDDY,28-Dec-2017,2150,CE,0,0,0,142.75,253.2,0,0,1000,0,19-DEC-2017,
OPTSTK,DRREDDY,28-Dec-2017,2200,CE,225,225,204.4,204.4,204.4,3,14.5,13600,0,19-DEC-2017,
OPTSTK,DRREDDY,28-Dec-2017,2250,CE,173.45,173.45,162,162,162,2,9.67,26600,-400,19-DEC-2017,
OPTSTK,DRREDDY,28-Dec-2017,2300,CE,124.1,135.1,112.95,114.85,114.85,78,377.85,31600,-800,19-DEC-2017,
OPTSTK,DRREDDY,28-Dec-2017,2350,CE,89.55,90.25,71.85,76.25,76.25,53,257.71,20200,-2800,19-DEC-2017,
OPTSTK,DRREDDY,28-Dec-2017,2400,CE,55,61.95,44,47.15,47.15,807,3958.34,84200,200,19-DEC-2017,
OPTSTK,DRREDDY,28-Dec-2017,2450,CE,32,36.5,24.85,25.95,25.95,324,1607.77,41200,8200,19-DEC-2017,
OPTSTK,DRREDDY,28-Dec-2017,2500,CE,19,21.4,13.65,14.3,14.3,537,2703.77,77600,-1000,19-DEC-2017,
OPTSTK,DRREDDY,28-Dec-2017,2550,CE,12,12.3,7.65,8.15,8.15,37,189.44,8800,1600,19-DEC-2017,
OPTSTK,DRREDDY,28-Dec-2017,2600,CE,7.7,8.4,3.1,4.65,4.65,60,312.79,31000,-1600,19-DEC-2017,
OPTSTK,DRREDDY,28-Dec-2017,2650,CE,0,0,0,5,0.9,0,0,800,0,19-DEC-2017,
OPTSTK,DRREDDY,28-Dec-2017,2700,CE,2.5,2.5,2.5,2.5,2.5,1,5.4,2600,0,19-DEC-2017,
OPTSTK,DRREDDY,28-Dec-2017,2750,CE,0,0,0,136.5,0.1,0,0,0,0,19-DEC-2017,
OPTSTK,DRREDDY,28-Dec-2017,2800,CE,0,0,0,3.75,0.05,0,0,4200,0,19-DEC-2017,
OPTSTK,DRREDDY,28-Dec-2017,2850,CE,0,0,0,112.45,0,0,0,0,0,19-DEC-2017,
OPTSTK,DRREDDY,28-Dec-2017,2900,CE,0,0,0,101.9,0,0,0,0,0,19-DEC-2017,
OPTSTK,DRREDDY,28-Dec-2017,2950,CE,0,0,0,92.2,0,0,0,0,0,19-DEC-2017,
OPTSTK,DRREDDY,28-Dec-2017,3000,CE,0,0,0,0.8,0,0,0,14400,0,19-DEC-2017,
OPTSTK,DRREDDY,28-Dec-2017,1500,PE,0,0,0,7.7,0,0,0,0,0,19-DEC-2017,
OPTSTK,DRREDDY,28-Dec-2017,1550,PE,0,0,0,10.5,0,0,0,0,0,19-DEC-2017,
OPTSTK,DRREDDY,28-Dec-2017,1600,PE,0,0,0,14.1,0,0,0,0,0,19-DEC-2017,
OPTSTK,DRREDDY,28-Dec-2017,1650,PE,0,0,0,18.55,0,0,0,0,0,19-DEC-2017,
OPTSTK,DRREDDY,28-Dec-2017,1700,PE,0,0,0,24,0,0,0,0,0,19-DEC-2017,
OPTSTK,DRREDDY,28-Dec-2017,1750,PE,0,0,0,30.5,0,0,0,0,0,19-DEC-2017,
OPTSTK,DRREDDY,28-Dec-2017,1800,PE,0,0,0,38.2,0,0,0,0,0,19-DEC-2017,
OPTSTK,DRREDDY,28-Dec-2017,1850,PE,0,0,0,47.15,0,0,0,0,0,19-DEC-2017,
OPTSTK,DRREDDY,28-Dec-2017,1900,PE,1,1,1,1,1,1,3.8,200,0,19-DEC-2017,
OPTSTK,DRREDDY,28-Dec-2017,1950,PE,0,0,0,1,0,0,0,1400,0,19-DEC-2017,
OPTSTK,DRREDDY,28-Dec-2017,2000,PE,0,0,0,1.45,0,0,0,23200,0,19-DEC-2017,
OPTSTK,DRREDDY,28-Dec-2017,2050,PE,1,2.1,1,2.1,2.1,6,24.61,5600,-1000,19-DEC-2017,
OPTSTK,DRREDDY,28-Dec-2017,2100,PE,2.75,3.6,2.65,3.25,3.25,6,25.23,22400,-800,19-DEC-2017,
OPTSTK,DRREDDY,28-Dec-2017,2150,PE,4.5,4.5,4.5,4.5,4.5,1,4.3,7800,-200,19-DEC-2017,
OPTSTK,DRREDDY,28-Dec-2017,2200,PE,6.65,7.35,5.1,5.25,5.25,120,529.54,42400,1800,19-DEC-2017,
OPTSTK,DRREDDY,28-Dec-2017,2250,PE,8.7,9.95,7.85,7.9,7.9,39,176.19,24400,-2000,19-DEC-2017,
OPTSTK,DRREDDY,28-Dec-2017,2300,PE,14,16.85,11.65,13.05,13.05,249,1152.79,55600,2600,19-DEC-2017,
OPTSTK,DRREDDY,28-Dec-2017,2350,PE,24.7,27.55,19.55,21.95,21.95,151,716.93,20800,2000,19-DEC-2017,
OPTSTK,DRREDDY,28-Dec-2017,2400,PE,43.6,49.25,36.75,40.8,40.8,280,1367.6,20000,5400,19-DEC-2017,
OPTSTK,DRREDDY,28-Dec-2017,2450,PE,68.65,68.65,65.75,65.75,65.75,2,10.06,1600,400,19-DEC-2017,
OPTSTK,DRREDDY,28-Dec-2017,2500,PE,93.6,93.6,93.6,93.6,93.6,1,5.18,5600,0,19-DEC-2017,
OPTSTK,DRREDDY,28-Dec-2017,2550,PE,0,0,0,288.55,152.5,0,0,400,0,19-DEC-2017,
OPTSTK,DRREDDY,28-Dec-2017,2600,PE,0,0,0,345.25,198.9,0,0,6600,0,19-DEC-2017,
OPTSTK,DRREDDY,28-Dec-2017,2650,PE,0,0,0,359,247.25,0,0,200,0,19-DEC-2017,
OPTSTK,DRREDDY,28-Dec-2017,2700,PE,0,0,0,425,296.6,0,0,1200,0,19-DEC-2017,
OPTSTK,DRREDDY,28-Dec-2017,2750,PE,0,0,0,468.3,346.35,0,0,0,0,19-DEC-2017,
OPTSTK,DRREDDY,28-Dec-2017,2800,PE,0,0,0,400,396.2,0,0,4000,0,19-DEC-2017,
OPTSTK,DRREDDY,28-Dec-2017,2850,PE,0,0,0,542.75,446.1,0,0,0,0,19-DEC-2017,
OPTSTK,DRREDDY,28-Dec-2017,2900,PE,0,0,0,581.35,496,0,0,0,0,19-DEC-2017,
OPTSTK,DRREDDY,28-Dec-2017,2950,PE,0,0,0,620.9,545.95,0,0,0,0,19-DEC-2017,
OPTSTK,DRREDDY,28-Dec-2017,3000,PE,0,0,0,695.55,595.85,0,0,11400,0,19-DEC-2017,
OPTSTK,DRREDDY,25-Jan-2018,1500,CE,0,0,0,868.25,909.3,0,0,0,0,19-DEC-2017,
OPTSTK,DRREDDY,25-Jan-2018,1550,CE,0,0,0,819.3,859.6,0,0,0,0,19-DEC-2017,
OPTSTK,DRREDDY,25-Jan-2018,1600,CE,0,0,0,770.6,809.95,0,0,0,0,19-DEC-2017,
OPTSTK,DRREDDY,25-Jan-2018,1650,CE,0,0,0,722.2,760.25,0,0,0,0,19-DEC-2017,
OPTSTK,DRREDDY,25-Jan-2018,1700,CE,0,0,0,674.2,710.6,0,0,0,0,19-DEC-2017,
OPTSTK,DRREDDY,25-Jan-2018,1750,CE,0,0,0,626.8,660.95,0,0,0,0,19-DEC-2017,
OPTSTK,DRREDDY,25-Jan-2018,1800,CE,0,0,0,580.15,611.3,0,0,0,0,19-DEC-2017,
OPTSTK,DRREDDY,25-Jan-2018,1850,CE,0,0,0,534.45,561.75,0,0,0,0,19-DEC-2017,
OPTSTK,DRREDDY,25-Jan-2018,1900,CE,0,0,0,489.95,512.3,0,0,0,0,19-DEC-2017,
OPTSTK,DRREDDY,25-Jan-2018,1950,CE,0,0,0,446.85,463.15,0,0,0,0,19-DEC-2017,
OPTSTK,DRREDDY,25-Jan-2018,2000,CE,0,0,0,405.4,414.55,0,0,0,0,19-DEC-2017,
OPTSTK,DRREDDY,25-Jan-2018,2050,CE,0,0,0,365.75,366.75,0,0,0,0,19-DEC-2017,
OPTSTK,DRREDDY,25-Jan-2018,2100,CE,0,0,0,328.25,320.25,0,0,0,0,19-DEC-2017,
OPTSTK,DRREDDY,25-Jan-2018,2150,CE,0,0,0,292.85,275.55,0,0,0,0,19-DEC-2017,
OPTSTK,DRREDDY,25-Jan-2018,2200,CE,0,0,0,201,233.3,0,0,5250,0,19-DEC-2017,
OPTSTK,DRREDDY,25-Jan-2018,2250,CE,0,0,0,130,194.15,0,0,2250,0,19-DEC-2017,
OPTSTK,DRREDDY,25-Jan-2018,2300,CE,0,0,0,200.95,158.5,0,0,0,0,19-DEC-2017,
OPTSTK,DRREDDY,25-Jan-2018,2350,CE,116.65,116.65,116.65,116.65,116.65,1,6.16,250,250,19-DEC-2017,
OPTSTK,DRREDDY,25-Jan-2018,2400,CE,99.3,99.3,89.45,89.45,89.45,7,43.63,3250,1750,19-DEC-2017,
OPTSTK,DRREDDY,25-Jan-2018,2450,CE,73.75,73.75,73.75,73.75,73.75,2,12.61,500,500,19-DEC-2017,
OPTSTK,DRREDDY,25-Jan-2018,2500,CE,53.55,57,48.45,48.45,48.45,4,25.51,1250,750,19-DEC-2017,
OPTSTK,DRREDDY,25-Jan-2018,2550,CE,0,0,0,38.8,42.4,0,0,250,0,19-DEC-2017,
OPTSTK,DRREDDY,25-Jan-2018,2600,CE,0,0,0,81.5,30.6,0,0,0,0,19-DEC-2017,
OPTSTK,DRREDDY,25-Jan-2018,2650,CE,0,0,0,69,21.65,0,0,0,0,19-DEC-2017,
OPTSTK,DRREDDY,25-Jan-2018,2700,CE,0,0,0,58.05,14.95,0,0,0,0,19-DEC-2017,
OPTSTK,DRREDDY,25-Jan-2018,2750,CE,0,0,0,48.5,10.15,0,0,0,0,19-DEC-2017,
OPTSTK,DRREDDY,25-Jan-2018,2800,CE,0,0,0,40.45,6.75,0,0,0,0,19-DEC-2017,
OPTSTK,DRREDDY,25-Jan-2018,2850,CE,0,0,0,33.55,4.4,0,0,0,0,19-DEC-2017,
OPTSTK,DRREDDY,25-Jan-2018,2900,CE,0,0,0,27.7,2.8,0,0,0,0,19-DEC-2017,
OPTSTK,DRREDDY,25-Jan-2018,2950,CE,0,0,0,22.8,1.8,0,0,0,0,19-DEC-2017,
OPTSTK,DRREDDY,25-Jan-2018,3000,CE,0,0,0,18.65,1.1,0,0,0,0,19-DEC-2017,
OPTSTK,DRREDDY,25-Jan-2018,1500,PE,0,0,0,0.35,0,0,0,0,0,19-DEC-2017,
OPTSTK,DRREDDY,25-Jan-2018,1550,PE,0,0,0,0.65,0,0,0,0,0,19-DEC-2017,
OPTSTK,DRREDDY,25-Jan-2018,1600,PE,0,0,0,1.15,0,0,0,0,0,19-DEC-2017,
OPTSTK,DRREDDY,25-Jan-2018,1650,PE,0,0,0,1.95,0,0,0,0,0,19-DEC-2017,
OPTSTK,DRREDDY,25-Jan-2018,1700,PE,0,0,0,3.2,0.05,0,0,0,0,19-DEC-2017,
OPTSTK,DRREDDY,25-Jan-2018,1750,PE,0,0,0,5,0.05,0,0,0,0,19-DEC-2017,
OPTSTK,DRREDDY,25-Jan-2018,1800,PE,0,0,0,7.55,0.1,0,0,0,0,19-DEC-2017,
OPTSTK,DRREDDY,25-Jan-2018,1850,PE,0,0,0,11.1,0.2,0,0,0,0,19-DEC-2017,
OPTSTK,DRREDDY,25-Jan-2018,1900,PE,0,0,0,3,0.45,0,0,500,0,19-DEC-2017,
OPTSTK,DRREDDY,25-Jan-2018,1950,PE,0,0,0,21.9,0.95,0,0,0,0,19-DEC-2017,
OPTSTK,DRREDDY,25-Jan-2018,2000,PE,0,0,0,29.65,2,0,0,0,0,19-DEC-2017,
OPTSTK,DRREDDY,25-Jan-2018,2050,PE,0,0,0,39.25,3.9,0,0,0,0,19-DEC-2017,
OPTSTK,DRREDDY,25-Jan-2018,2100,PE,0,0,0,51,7.05,0,0,0,0,19-DEC-2017,
OPTSTK,DRREDDY,25-Jan-2018,2150,PE,0,0,0,64.8,12.05,0,0,0,0,19-DEC-2017,
OPTSTK,DRREDDY,25-Jan-2018,2200,PE,20,20,20,20,20,1,5.55,6250,250,19-DEC-2017,
OPTSTK,DRREDDY,25-Jan-2018,2250,PE,0,0,0,99.45,30,0,0,0,0,19-DEC-2017,
OPTSTK,DRREDDY,25-Jan-2018,2300,PE,0,0,0,32,44.05,0,0,500,0,19-DEC-2017,
OPTSTK,DRREDDY,25-Jan-2018,2350,PE,0,0,0,52,62.15,0,0,250,0,19-DEC-2017,
OPTSTK,DRREDDY,25-Jan-2018,2400,PE,69,80,69,80,80,3,18.54,1750,750,19-DEC-2017,
OPTSTK,DRREDDY,25-Jan-2018,2450,PE,92.55,96.25,92.55,96.25,96.25,3,19.07,1500,750,19-DEC-2017,
OPTSTK,DRREDDY,25-Jan-2018,2500,PE,0,0,0,124.25,141.8,0,0,1250,0,19-DEC-2017,
OPTSTK,DRREDDY,25-Jan-2018,2550,PE,0,0,0,261.65,176.3,0,0,0,0,19-DEC-2017,
OPTSTK,DRREDDY,25-Jan-2018,2600,PE,0,0,0,296.4,214.2,0,0,0,0,19-DEC-2017,
OPTSTK,DRREDDY,25-Jan-2018,2650,PE,0,0,0,333.05,254.9,0,0,0,0,19-DEC-2017,
OPTSTK,DRREDDY,25-Jan-2018,2700,PE,0,0,0,371.35,297.9,0,0,0,0,19-DEC-2017,
OPTSTK,DRREDDY,25-Jan-2018,2750,PE,0,0,0,411.05,342.75,0,0,0,0,19-DEC-2017,
OPTSTK,DRREDDY,25-Jan-2018,2800,PE,0,0,0,452.15,389.05,0,0,0,0,19-DEC-2017,
OPTSTK,DRREDDY,25-Jan-2018,2850,PE,0,0,0,494.5,436.35,0,0,0,0,19-DEC-2017,
OPTSTK,DRREDDY,25-Jan-2018,2900,PE,0,0,0,537.85,484.45,0,0,0,0,19-DEC-2017,
OPTSTK,DRREDDY,25-Jan-2018,2950,PE,0,0,0,582.2,533.1,0,0,0,0,19-DEC-2017,
OPTSTK,DRREDDY,25-Jan-2018,3000,PE,0,0,0,627.3,582.1,0,0,0,0,19-DEC-2017,
OPTSTK,DRREDDY,22-Feb-2018,1500,CE,0,0,0,806.1,916.65,0,0,0,0,19-DEC-2017,
OPTSTK,DRREDDY,22-Feb-2018,1550,CE,0,0,0,757.05,867.2,0,0,0,0,19-DEC-2017,
OPTSTK,DRREDDY,22-Feb-2018,1600,CE,0,0,0,708.15,817.8,0,0,0,0,19-DEC-2017,
OPTSTK,DRREDDY,22-Feb-2018,1650,CE,0,0,0,659.5,768.4,0,0,0,0,19-DEC-2017,
OPTSTK,DRREDDY,22-Feb-2018,1700,CE,0,0,0,611.25,719.1,0,0,0,0,19-DEC-2017,
OPTSTK,DRREDDY,22-Feb-2018,1750,CE,0,0,0,563.6,669.9,0,0,0,0,19-DEC-2017,
OPTSTK,DRREDDY,22-Feb-2018,1800,CE,0,0,0,516.7,620.9,0,0,0,0,19-DEC-2017,
OPTSTK,DRREDDY,22-Feb-2018,1850,CE,0,0,0,470.85,572.2,0,0,0,0,19-DEC-2017,
OPTSTK,DRREDDY,22-Feb-2018,1900,CE,0,0,0,426.35,524.05,0,0,0,0,19-DEC-2017,
OPTSTK,DRREDDY,22-Feb-2018,1950,CE,0,0,0,383.4,476.6,0,0,0,0,19-DEC-2017,
OPTSTK,DRREDDY,22-Feb-2018,2000,CE,0,0,0,342.35,430.15,0,0,0,0,19-DEC-2017,
OPTSTK,DRREDDY,22-Feb-2018,2050,CE,0,0,0,303.5,385.1,0,0,0,0,19-DEC-2017,
OPTSTK,DRREDDY,22-Feb-2018,2100,CE,0,0,0,267.05,341.7,0,0,0,0,19-DEC-2017,
OPTSTK,DRREDDY,22-Feb-2018,2150,CE,0,0,0,233.05,300.4,0,0,0,0,19-DEC-2017,
OPTSTK,DRREDDY,22-Feb-2018,2200,CE,0,0,0,201.9,261.5,0,0,0,0,19-DEC-2017,
OPTSTK,DRREDDY,22-Feb-2018,2250,CE,0,0,0,173.55,225.3,0,0,0,0,19-DEC-2017,
OPTSTK,DRREDDY,22-Feb-2018,2300,CE,0,0,0,148,192.15,0,0,0,0,19-DEC-2017,
OPTSTK,DRREDDY,22-Feb-2018,2350,CE,0,0,0,125.3,162.1,0,0,0,0,19-DEC-2017,
OPTSTK,DRREDDY,22-Feb-2018,2400,CE,0,0,0,105.2,135.3,0,0,0,0,19-DEC-2017,
OPTSTK,DRREDDY,22-Feb-2018,2450,CE,0,0,0,87.7,111.65,0,0,0,0,19-DEC-2017,
OPTSTK,DRREDDY,22-Feb-2018,2500,CE,0,0,0,72.6,91.2,0,0,0,0,19-DEC-2017,
OPTSTK,DRREDDY,22-Feb-2018,2550,CE,0,0,0,59.75,73.65,0,0,0,0,19-DEC-2017,
OPTSTK,DRREDDY,22-Feb-2018,2600,CE,0,0,0,48.7,58.85,0,0,0,0,19-DEC-2017,
OPTSTK,DRREDDY,22-Feb-2018,2650,CE,0,0,0,39.5,46.7,0,0,0,0,19-DEC-2017,
OPTSTK,DRREDDY,22-Feb-2018,2700,CE,0,0,0,31.8,36.5,0,0,0,0,19-DEC-2017,
OPTSTK,DRREDDY,22-Feb-2018,2750,CE,0,0,0,25.45,28.3,0,0,0,0,19-DEC-2017,
OPTSTK,DRREDDY,22-Feb-2018,2800,CE,0,0,0,20.25,21.75,0,0,0,0,19-DEC-2017,
OPTSTK,DRREDDY,22-Feb-2018,2850,CE,0,0,0,16,16.5,0,0,0,0,19-DEC-2017,
OPTSTK,DRREDDY,22-Feb-2018,2900,CE,0,0,0,12.55,12.45,0,0,0,0,19-DEC-2017,
OPTSTK,DRREDDY,22-Feb-2018,2950,CE,0,0,0,9.85,9.3,0,0,0,0,19-DEC-2017,
OPTSTK,DRREDDY,22-Feb-2018,3000,CE,0,0,0,7.65,6.9,0,0,0,0,19-DEC-2017,
OPTSTK,DRREDDY,22-Feb-2018,1500,PE,0,0,0,0.2,0,0,0,0,0,19-DEC-2017,
OPTSTK,DRREDDY,22-Feb-2018,1550,PE,0,0,0,0.4,0.05,0,0,0,0,19-DEC-2017,
OPTSTK,DRREDDY,22-Feb-2018,1600,PE,0,0,0,0.75,0.05,0,0,0,0,19-DEC-2017,
OPTSTK,DRREDDY,22-Feb-2018,1650,PE,0,0,0,1.4,0.1,0,0,0,0,19-DEC-2017,
OPTSTK,DRREDDY,22-Feb-2018,1700,PE,0,0,0,2.45,0.2,0,0,0,0,19-DEC-2017,
OPTSTK,DRREDDY,22-Feb-2018,1750,PE,0,0,0,4.05,0.45,0,0,0,0,19-DEC-2017,
OPTSTK,DRREDDY,22-Feb-2018,1800,PE,0,0,0,6.4,0.85,0,0,0,0,19-DEC-2017,
OPTSTK,DRREDDY,22-Feb-2018,1850,PE,0,0,0,9.85,1.6,0,0,0,0,19-DEC-2017,
OPTSTK,DRREDDY,22-Feb-2018,1900,PE,0,0,0,14.6,2.85,0,0,0,0,19-DEC-2017,
OPTSTK,DRREDDY,22-Feb-2018,1950,PE,0,0,0,20.95,4.85,0,0,0,0,19-DEC-2017,
OPTSTK,DRREDDY,22-Feb-2018,2000,PE,0,0,0,29.15,7.85,0,0,0,0,19-DEC-2017,
OPTSTK,DRREDDY,22-Feb-2018,2050,PE,0,0,0,39.55,12.2,0,0,0,0,19-DEC-2017,
OPTSTK,DRREDDY,22-Feb-2018,2100,PE,0,0,0,52.4,18.3,0,0,0,0,19-DEC-2017,
OPTSTK,DRREDDY,22-Feb-2018,2150,PE,0,0,0,67.65,26.4,0,0,0,0,19-DEC-2017,
OPTSTK,DRREDDY,22-Feb-2018,2200,PE,0,0,0,85.8,36.95,0,0,0,0,19-DEC-2017,
OPTSTK,DRREDDY,22-Feb-2018,2250,PE,0,0,0,106.7,50.15,0,0,0,0,19-DEC-2017,
OPTSTK,DRREDDY,22-Feb-2018,2300,PE,0,0,0,130.45,66.4,0,0,0,0,19-DEC-2017,
OPTSTK,DRREDDY,22-Feb-2018,2350,PE,0,0,0,156.95,85.8,0,0,0,0,19-DEC-2017,
OPTSTK,DRREDDY,22-Feb-2018,2400,PE,0,0,0,186.2,108.4,0,0,0,0,19-DEC-2017,
OPTSTK,DRREDDY,22-Feb-2018,2450,PE,0,0,0,217.95,134.25,0,0,0,0,19-DEC-2017,
OPTSTK,DRREDDY,22-Feb-2018,2500,PE,0,0,0,252.1,163.2,0,0,0,0,19-DEC-2017,
OPTSTK,DRREDDY,22-Feb-2018,2550,PE,0,0,0,288.55,195.1,0,0,0,0,19-DEC-2017,
OPTSTK,DRREDDY,22-Feb-2018,2600,PE,0,0,0,326.75,229.7,0,0,0,0,19-DEC-2017,
OPTSTK,DRREDDY,22-Feb-2018,2650,PE,0,0,0,366.8,267,0,0,0,0,19-DEC-2017,
OPTSTK,DRREDDY,22-Feb-2018,2700,PE,0,0,0,408.4,306.2,0,0,0,0,19-DEC-2017,
OPTSTK,DRREDDY,22-Feb-2018,2750,PE,0,0,0,451.3,347.45,0,0,0,0,19-DEC-2017,
OPTSTK,DRREDDY,22-Feb-2018,2800,PE,0,0,0,495.4,390.3,0,0,0,0,19-DEC-2017,
OPTSTK,DRREDDY,22-Feb-2018,2850,PE,0,0,0,540.4,434.5,0,0,0,0,19-DEC-2017,
OPTSTK,DRREDDY,22-Feb-2018,2900,PE,0,0,0,586.25,479.9,0,0,0,0,19-DEC-2017,
OPTSTK,DRREDDY,22-Feb-2018,2950,PE,0,0,0,632.8,526.15,0,0,0,0,19-DEC-2017,
OPTSTK,DRREDDY,22-Feb-2018,3000,PE,0,0,0,679.85,573.15,0,0,0,0,19-DEC-2017,
OPTSTK,EICHERMOT,28-Dec-2017,27650,CE,0,0,0,1037.65,3220.95,0,0,0,0,19-DEC-2017,
OPTSTK,EICHERMOT,28-Dec-2017,27700,CE,0,0,0,1006.75,3171.55,0,0,0,0,19-DEC-2017,
OPTSTK,EICHERMOT,28-Dec-2017,27750,CE,0,0,0,976.35,3122.25,0,0,0,0,19-DEC-2017,
OPTSTK,EICHERMOT,28-Dec-2017,27800,CE,0,0,0,946.5,3073,0,0,0,0,19-DEC-2017,
OPTSTK,EICHERMOT,28-Dec-2017,27850,CE,0,0,0,917.25,3023.8,0,0,0,0,19-DEC-2017,
OPTSTK,EICHERMOT,28-Dec-2017,27900,CE,0,0,0,888.55,2974.7,0,0,0,0,19-DEC-2017,
OPTSTK,EICHERMOT,28-Dec-2017,27950,CE,0,0,0,1328.65,2925.7,0,0,0,0,19-DEC-2017,
OPTSTK,EICHERMOT,28-Dec-2017,28000,CE,0,0,0,1291.8,2876.75,0,0,0,0,19-DEC-2017,
OPTSTK,EICHERMOT,28-Dec-2017,28050,CE,0,0,0,1254.4,2827.9,0,0,0,0,19-DEC-2017,
OPTSTK,EICHERMOT,28-Dec-2017,28100,CE,0,0,0,1218.75,2779.15,0,0,0,0,19-DEC-2017,
OPTSTK,EICHERMOT,28-Dec-2017,28150,CE,0,0,0,1183.65,2730.5,0,0,0,0,19-DEC-2017,
OPTSTK,EICHERMOT,28-Dec-2017,28200,CE,0,0,0,1149.1,2682,0,0,0,0,19-DEC-2017,
OPTSTK,EICHERMOT,28-Dec-2017,28250,CE,0,0,0,1115.1,2633.6,0,0,0,0,19-DEC-2017,
OPTSTK,EICHERMOT,28-Dec-2017,28300,CE,0,0,0,1365.35,2585.35,0,0,0,0,19-DEC-2017,
OPTSTK,EICHERMOT,28-Dec-2017,28350,CE,0,0,0,1327.8,2537.2,0,0,0,0,19-DEC-2017,
OPTSTK,EICHERMOT,28-Dec-2017,28400,CE,0,0,0,1292.05,2489.25,0,0,0,0,19-DEC-2017,
OPTSTK,EICHERMOT,28-Dec-2017,28450,CE,0,0,0,1256.8,2441.45,0,0,0,0,19-DEC-2017,
OPTSTK,EICHERMOT,28-Dec-2017,28500,CE,0,0,0,1200,2393.8,0,0,100,0,19-DEC-2017,
OPTSTK,EICHERMOT,28-Dec-2017,28550,CE,0,0,0,1187.9,2346.35,0,0,0,0,19-DEC-2017,
OPTSTK,EICHERMOT,28-Dec-2017,28600,CE,0,0,0,1154.2,2299.1,0,0,0,0,19-DEC-2017,
OPTSTK,EICHERMOT,28-Dec-2017,28650,CE,0,0,0,1121.05,2252.05,0,0,0,0,19-DEC-2017,
OPTSTK,EICHERMOT,28-Dec-2017,28700,CE,0,0,0,1088.45,2205.25,0,0,0,0,19-DEC-2017,
OPTSTK,EICHERMOT,28-Dec-2017,28750,CE,0,0,0,758.8,2158.65,0,0,25,0,19-DEC-2017,
OPTSTK,EICHERMOT,28-Dec-2017,28800,CE,0,0,0,1024.9,2112.3,0,0,0,0,19-DEC-2017,
OPTSTK,EICHERMOT,28-Dec-2017,28850,CE,0,0,0,993.95,2066.2,0,0,0,0,19-DEC-2017,
OPTSTK,EICHERMOT,28-Dec-2017,28900,CE,0,0,0,963.6,2020.4,0,0,0,0,19-DEC-2017,
OPTSTK,EICHERMOT,28-Dec-2017,28950,CE,0,0,0,1381.8,1974.85,0,0,0,0,19-DEC-2017,
OPTSTK,EICHERMOT,28-Dec-2017,29000,CE,1450,1760,1424.9,1760,1760,22,168.26,1050,-300,19-DEC-2017,
OPTSTK,EICHERMOT,28-Dec-2017,29050,CE,0,0,0,1307.55,1884.7,0,0,0,0,19-DEC-2017,
OPTSTK,EICHERMOT,28-Dec-2017,29100,CE,0,0,0,1711.55,1840.05,0,0,0,0,19-DEC-2017,
OPTSTK,EICHERMOT,28-Dec-2017,29150,CE,0,0,0,1678.35,1795.8,0,0,0,0,19-DEC-2017,
OPTSTK,EICHERMOT,28-Dec-2017,29200,CE,0,0,0,2355.3,1751.9,0,0,0,0,19-DEC-2017,
OPTSTK,EICHERMOT,28-Dec-2017,29250,CE,0,0,0,2324.8,1708.35,0,0,0,0,19-DEC-2017,
OPTSTK,EICHERMOT,28-Dec-2017,29300,CE,0,0,0,2294.55,1665.2,0,0,0,0,19-DEC-2017,
OPTSTK,EICHERMOT,28-Dec-2017,29350,CE,0,0,0,2264.55,1622.45,0,0,0,0,19-DEC-2017,
OPTSTK,EICHERMOT,28-Dec-2017,29400,CE,0,0,0,2234.85,1580.1,0,0,0,0,19-DEC-2017,
OPTSTK,EICHERMOT,28-Dec-2017,29450,CE,0,0,0,2205.35,1538.2,0,0,0,0,19-DEC-2017,
OPTSTK,EICHERMOT,28-Dec-2017,29500,CE,799.9,1300,799.9,1300,1300,22,168.51,1300,-100,19-DEC-2017,
OPTSTK,EICHERMOT,28-Dec-2017,29550,CE,0,0,0,2147.1,1455.75,0,0,0,0,19-DEC-2017,
OPTSTK,EICHERMOT,28-Dec-2017,29600,CE,0,0,0,2118.35,1415.2,0,0,0,0,19-DEC-2017,
OPTSTK,EICHERMOT,28-Dec-2017,29650,CE,0,0,0,2089.85,1375.15,0,0,0,0,19-DEC-2017,
OPTSTK,EICHERMOT,28-Dec-2017,29700,CE,0,0,0,2061.6,1335.6,0,0,0,0,19-DEC-2017,
OPTSTK,EICHERMOT,28-Dec-2017,29750,CE,0,0,0,2033.6,1296.6,0,0,0,0,19-DEC-2017,
OPTSTK,EICHERMOT,28-Dec-2017,29800,CE,0,0,0,2005.85,1258.1,0,0,0,0,19-DEC-2017,
OPTSTK,EICHERMOT,28-Dec-2017,29850,CE,0,0,0,1978.35,1220.1,0,0,0,0,19-DEC-2017,
OPTSTK,EICHERMOT,28-Dec-2017,29900,CE,0,0,0,1951.1,1183.9,0,0,0,0,19-DEC-2017,
OPTSTK,EICHERMOT,28-Dec-2017,29950,CE,0,0,0,1924.1,1146.9,0,0,0,0,19-DEC-2017,
OPTSTK,EICHERMOT,28-Dec-2017,30000,CE,348.7,1000,348.7,905,905,185,1421.72,3925,-1475,19-DEC-2017,
OPTSTK,EICHERMOT,28-Dec-2017,30050,CE,0,0,0,1870.85,1073.75,0,0,0,0,19-DEC-2017,
OPTSTK,EICHERMOT,28-Dec-2017,30100,CE,0,0,0,1844.6,1038.7,0,0,0,0,19-DEC-2017,
OPTSTK,EICHERMOT,28-Dec-2017,30150,CE,0,0,0,1818.6,1004.3,0,0,0,0,19-DEC-2017,
OPTSTK,EICHERMOT,28-Dec-2017,30200,CE,0,0,0,474.05,970.5,0,0,400,0,19-DEC-2017,
OPTSTK,EICHERMOT,28-Dec-2017,30250,CE,0,0,0,1767.35,937.3,0,0,0,0,19-DEC-2017,
OPTSTK,EICHERMOT,28-Dec-2017,30300,CE,0,0,0,1742.1,904.8,0,0,0,0,19-DEC-2017,
OPTSTK,EICHERMOT,28-Dec-2017,30350,CE,0,0,0,1717.1,872.9,0,0,0,0,19-DEC-2017,
OPTSTK,EICHERMOT,28-Dec-2017,30400,CE,0,0,0,365.1,841.7,0,0,100,0,19-DEC-2017,
OPTSTK,EICHERMOT,28-Dec-2017,30450,CE,0,0,0,1667.75,811.15,0,0,0,0,19-DEC-2017,
OPTSTK,EICHERMOT,28-Dec-2017,30500,CE,245,641.7,245,584.35,584.35,108,836,2525,150,19-DEC-2017,
OPTSTK,EICHERMOT,28-Dec-2017,30550,CE,0,0,0,1619.45,752,0,0,0,0,19-DEC-2017,
OPTSTK,EICHERMOT,28-Dec-2017,30600,CE,0,0,0,1595.7,723.5,0,0,0,0,19-DEC-2017,
OPTSTK,EICHERMOT,28-Dec-2017,30650,CE,0,0,0,1572.2,695.6,0,0,0,0,19-DEC-2017,
OPTSTK,EICHERMOT,28-Dec-2017,30700,CE,0,0,0,1548.9,668.45,0,0,0,0,19-DEC-2017,
OPTSTK,EICHERMOT,28-Dec-2017,30750,CE,0,0,0,1525.9,641.95,0,0,0,0,19-DEC-2017,
OPTSTK,EICHERMOT,28-Dec-2017,30800,CE,0,0,0,800,616.15,0,0,25,0,19-DEC-2017,
OPTSTK,EICHERMOT,28-Dec-2017,30850,CE,0,0,0,1480.55,590.9,0,0,0,0,19-DEC-2017,
OPTSTK,EICHERMOT,28-Dec-2017,30900,CE,0,0,0,1458.25,566.45,0,0,0,0,19-DEC-2017,
OPTSTK,EICHERMOT,28-Dec-2017,30950,CE,0,0,0,1436.2,542.7,0,0,0,0,19-DEC-2017,
OPTSTK,EICHERMOT,28-Dec-2017,31000,CE,120,373.1,120,328.7,328.7,388,3033.47,4775,-1550,19-DEC-2017,
OPTSTK,EICHERMOT,28-Dec-2017,31050,CE,0,0,0,1392.85,497.2,0,0,0,0,19-DEC-2017,
OPTSTK,EICHERMOT,28-Dec-2017,31100,CE,0,0,0,1371.5,475.45,0,0,0,0,19-DEC-2017,
OPTSTK,EICHERMOT,28-Dec-2017,31150,CE,0,0,0,1350.4,454.4,0,0,0,0,19-DEC-2017,
OPTSTK,EICHERMOT,28-Dec-2017,31200,CE,0,0,0,1329.55,434,0,0,0,0,19-DEC-2017,
OPTSTK,EICHERMOT,28-Dec-2017,31250,CE,0,0,0,2016.4,414.25,0,0,0,0,19-DEC-2017,
OPTSTK,EICHERMOT,28-Dec-2017,31300,CE,0,0,0,1991.4,395.15,0,0,0,0,19-DEC-2017,
OPTSTK,EICHERMOT,28-Dec-2017,31350,CE,0,0,0,1966.65,376.7,0,0,0,0,19-DEC-2017,
OPTSTK,EICHERMOT,28-Dec-2017,31400,CE,0,0,0,1942,358.9,0,0,0,0,19-DEC-2017,
OPTSTK,EICHERMOT,28-Dec-2017,31450,CE,0,0,0,1917.7,341.7,0,0,0,0,19-DEC-2017,
OPTSTK,EICHERMOT,28-Dec-2017,31500,CE,110,218.55,110,175.05,175.05,42,332.46,825,-150,19-DEC-2017,
OPTSTK,EICHERMOT,28-Dec-2017,31550,CE,0,0,0,1869.7,309.1,0,0,0,0,19-DEC-2017,
OPTSTK,EICHERMOT,28-Dec-2017,31600,CE,0,0,0,1846.05,293.75,0,0,0,0,19-DEC-2017,
OPTSTK,EICHERMOT,28-Dec-2017,31650,CE,0,0,0,1822.6,278.95,0,0,0,0,19-DEC-2017,
OPTSTK,EICHERMOT,28-Dec-2017,31700,CE,0,0,0,1799.35,264.7,0,0,0,0,19-DEC-2017,
OPTSTK,EICHERMOT,28-Dec-2017,31750,CE,0,0,0,1776.3,251.05,0,0,0,0,19-DEC-2017,
OPTSTK,EICHERMOT,28-Dec-2017,31800,CE,0,0,0,1753.5,237.95,0,0,0,0,19-DEC-2017,
OPTSTK,EICHERMOT,28-Dec-2017,31850,CE,0,0,0,1730.9,226.75,0,0,0,0,19-DEC-2017,
OPTSTK,EICHERMOT,28-Dec-2017,31900,CE,0,0,0,1708.5,213.55,0,0,0,0,19-DEC-2017,
OPTSTK,EICHERMOT,28-Dec-2017,31950,CE,0,0,0,1686.3,202.05,0,0,0,0,19-DEC-2017,
OPTSTK,EICHERMOT,28-Dec-2017,32000,CE,60,122.9,52,102.3,102.3,169,1355.73,4025,-250,19-DEC-2017,
OPTSTK,EICHERMOT,28-Dec-2017,32050,CE,0,0,0,1642.55,180.45,0,0,0,0,19-DEC-2017,
OPTSTK,EICHERMOT,28-Dec-2017,32100,CE,0,0,0,1621,170.35,0,0,0,0,19-DEC-2017,
OPTSTK,EICHERMOT,28-Dec-2017,32150,CE,0,0,0,1599.65,160.7,0,0,0,0,19-DEC-2017,
OPTSTK,EICHERMOT,28-Dec-2017,32200,CE,0,0,0,1578.5,151.55,0,0,0,0,19-DEC-2017,
OPTSTK,EICHERMOT,28-Dec-2017,32250,CE,0,0,0,1591.45,142.75,0,0,0,0,19-DEC-2017,
OPTSTK,EICHERMOT,28-Dec-2017,32300,CE,0,0,0,1569.4,134.45,0,0,0,0,19-DEC-2017,
OPTSTK,EICHERMOT,28-Dec-2017,32350,CE,0,0,0,1547.6,126.5,0,0,0,0,19-DEC-2017,
OPTSTK,EICHERMOT,28-Dec-2017,32400,CE,0,0,0,1526.05,118.95,0,0,0,0,19-DEC-2017,
OPTSTK,EICHERMOT,28-Dec-2017,32450,CE,0,0,0,1504.7,111.75,0,0,0,0,19-DEC-2017,
OPTSTK,EICHERMOT,28-Dec-2017,32500,CE,60,89,47,55.8,55.8,10,81.41,925,50,19-DEC-2017,
OPTSTK,EICHERMOT,28-Dec-2017,32550,CE,0,0,0,1462.65,98.45,0,0,0,0,19-DEC-2017,
OPTSTK,EICHERMOT,28-Dec-2017,32600,CE,0,0,0,1563.7,92.35,0,0,0,0,19-DEC-2017,
OPTSTK,EICHERMOT,28-Dec-2017,32650,CE,0,0,0,1541.75,86.55,0,0,0,0,19-DEC-2017,
OPTSTK,EICHERMOT,28-Dec-2017,32700,CE,0,0,0,1520,81.05,0,0,0,0,19-DEC-2017,
OPTSTK,EICHERMOT,28-Dec-2017,32750,CE,0,0,0,1498.5,75.85,0,0,0,0,19-DEC-2017,
OPTSTK,EICHERMOT,28-Dec-2017,32800,CE,0,0,0,1477.2,70.9,0,0,0,0,19-DEC-2017,
OPTSTK,EICHERMOT,28-Dec-2017,32850,CE,0,0,0,1456.15,66.25,0,0,0,0,19-DEC-2017,
OPTSTK,EICHERMOT,28-Dec-2017,27650,PE,0,0,0,425.9,4.6,0,0,0,0,19-DEC-2017,
OPTSTK,EICHERMOT,28-Dec-2017,27700,PE,0,0,0,444.75,5.15,0,0,0,0,19-DEC-2017,
OPTSTK,EICHERMOT,28-Dec-2017,27750,PE,0,0,0,464.2,5.75,0,0,0,0,19-DEC-2017,
OPTSTK,EICHERMOT,28-Dec-2017,27800,PE,0,0,0,484.2,6.45,0,0,0,0,19-DEC-2017,
OPTSTK,EICHERMOT,28-Dec-2017,27850,PE,0,0,0,504.7,7.15,0,0,0,0,19-DEC-2017,
OPTSTK,EICHERMOT,28-Dec-2017,27900,PE,0,0,0,525.8,8,0,0,0,0,19-DEC-2017,
OPTSTK,EICHERMOT,28-Dec-2017,27950,PE,0,0,0,240,8.9,0,0,0,0,19-DEC-2017,
OPTSTK,EICHERMOT,28-Dec-2017,28000,PE,35,35,20,22.5,22.5,4,28.02,425,25,19-DEC-2017,
OPTSTK,EICHERMOT,28-Dec-2017,28050,PE,0,0,0,265.35,10.95,0,0,0,0,19-DEC-2017,
OPTSTK,EICHERMOT,28-Dec-2017,28100,PE,0,0,0,279.5,12.1,0,0,0,0,19-DEC-2017,
OPTSTK,EICHERMOT,28-Dec-2017,28150,PE,0,0,0,294.2,13.4,0,0,0,0,19-DEC-2017,
OPTSTK,EICHERMOT,28-Dec-2017,28200,PE,0,0,0,664.35,14.8,0,0,25,0,19-DEC-2017,
OPTSTK,EICHERMOT,28-Dec-2017,28250,PE,0,0,0,325.25,16.3,0,0,0,0,19-DEC-2017,
OPTSTK,EICHERMOT,28-Dec-2017,28300,PE,0,0,0,263.5,18,0,0,0,0,19-DEC-2017,
OPTSTK,EICHERMOT,28-Dec-2017,28350,PE,0,0,0,275.75,19.8,0,0,0,0,19-DEC-2017,
OPTSTK,EICHERMOT,28-Dec-2017,28400,PE,0,0,0,289.8,21.75,0,0,0,0,19-DEC-2017,
OPTSTK,EICHERMOT,28-Dec-2017,28450,PE,0,0,0,304.35,23.85,0,0,0,0,19-DEC-2017,
OPTSTK,EICHERMOT,28-Dec-2017,28500,PE,100,100,30,30,30,6,42.82,275,100,19-DEC-2017,
OPTSTK,EICHERMOT,28-Dec-2017,28550,PE,0,0,0,335,28.6,0,0,0,0,19-DEC-2017,
OPTSTK,EICHERMOT,28-Dec-2017,28600,PE,0,0,0,351.1,31.3,0,0,0,0,19-DEC-2017,
OPTSTK,EICHERMOT,28-Dec-2017,28650,PE,0,0,0,367.75,34.15,0,0,0,0,19-DEC-2017,
OPTSTK,EICHERMOT,28-Dec-2017,28700,PE,0,0,0,384.9,37.25,0,0,0,0,19-DEC-2017,
OPTSTK,EICHERMOT,28-Dec-2017,28750,PE,0,0,0,402.65,40.6,0,0,0,0,19-DEC-2017,
OPTSTK,EICHERMOT,28-Dec-2017,28800,PE,0,0,0,420.95,44.15,0,0,0,0,19-DEC-2017,
OPTSTK,EICHERMOT,28-Dec-2017,28850,PE,0,0,0,439.8,48,0,0,0,0,19-DEC-2017,
OPTSTK,EICHERMOT,28-Dec-2017,28900,PE,0,0,0,459.15,52.1,0,0,0,0,19-DEC-2017,
OPTSTK,EICHERMOT,28-Dec-2017,28950,PE,0,0,0,249.3,56.5,0,0,0,0,19-DEC-2017,
OPTSTK,EICHERMOT,28-Dec-2017,29000,PE,50.05,75,31.7,38.5,38.5,39,283.24,1000,475,19-DEC-2017,
OPTSTK,EICHERMOT,28-Dec-2017,29050,PE,0,0,0,274.55,66.15,0,0,0,0,19-DEC-2017,
OPTSTK,EICHERMOT,28-Dec-2017,29100,PE,0,0,0,499.4,71.5,0,0,0,0,19-DEC-2017,
OPTSTK,EICHERMOT,28-Dec-2017,29150,PE,0,0,0,515.85,77.15,0,0,0,0,19-DEC-2017,
OPTSTK,EICHERMOT,28-Dec-2017,29200,PE,0,0,0,915.75,83.15,0,0,0,0,19-DEC-2017,
OPTSTK,EICHERMOT,28-Dec-2017,29250,PE,0,0,0,934.5,89.55,0,0,0,0,19-DEC-2017,
OPTSTK,EICHERMOT,28-Dec-2017,29300,PE,0,0,0,953.45,96.3,0,0,0,0,19-DEC-2017,
OPTSTK,EICHERMOT,28-Dec-2017,29350,PE,0,0,0,972.7,103.5,0,0,0,0,19-DEC-2017,
OPTSTK,EICHERMOT,28-Dec-2017,29400,PE,0,0,0,992.2,111.05,0,0,0,0,19-DEC-2017,
OPTSTK,EICHERMOT,28-Dec-2017,29450,PE,0,0,0,1011.9,119.1,0,0,0,0,19-DEC-2017,
OPTSTK,EICHERMOT,28-Dec-2017,29500,PE,150,251.2,60,64.75,64.75,57,421.81,1250,850,19-DEC-2017,
OPTSTK,EICHERMOT,28-Dec-2017,29550,PE,0,0,0,1052.1,136.45,0,0,0,0,19-DEC-2017,
OPTSTK,EICHERMOT,28-Dec-2017,29600,PE,0,0,0,500,145.85,0,0,50,0,19-DEC-2017,
OPTSTK,EICHERMOT,28-Dec-2017,29650,PE,0,0,0,1093.3,155.7,0,0,0,0,19-DEC-2017,
OPTSTK,EICHERMOT,28-Dec-2017,29700,PE,0,0,0,1114.3,166.1,0,0,0,0,19-DEC-2017,
OPTSTK,EICHERMOT,28-Dec-2017,29750,PE,0,0,0,1135.5,177,0,0,0,0,19-DEC-2017,
OPTSTK,EICHERMOT,28-Dec-2017,29800,PE,0,0,0,1156.95,188.4,0,0,0,0,19-DEC-2017,
OPTSTK,EICHERMOT,28-Dec-2017,29850,PE,0,0,0,1178.7,200.35,0,0,0,0,19-DEC-2017,
OPTSTK,EICHERMOT,28-Dec-2017,29900,PE,0,0,0,1200.65,214.05,0,0,0,0,19-DEC-2017,
OPTSTK,EICHERMOT,28-Dec-2017,29950,PE,0,0,0,1222.9,227,0,0,0,0,19-DEC-2017,
OPTSTK,EICHERMOT,28-Dec-2017,30000,PE,260,260,120,131.75,131.75,149,1123.64,2200,1200,19-DEC-2017,
OPTSTK,EICHERMOT,28-Dec-2017,30050,PE,0,0,0,1268.1,253.7,0,0,0,0,19-DEC-2017,
OPTSTK,EICHERMOT,28-Dec-2017,30100,PE,0,0,0,1291.05,268.55,0,0,0,0,19-DEC-2017,
OPTSTK,EICHERMOT,28-Dec-2017,30150,PE,0,0,0,1314.3,284.05,0,0,0,0,19-DEC-2017,
OPTSTK,EICHERMOT,28-Dec-2017,30200,PE,0,0,0,1337.75,300.2,0,0,0,0,19-DEC-2017,
OPTSTK,EICHERMOT,28-Dec-2017,30250,PE,0,0,0,1361.5,316.95,0,0,0,0,19-DEC-2017,
OPTSTK,EICHERMOT,28-Dec-2017,30300,PE,0,0,0,1385.45,334.35,0,0,0,0,19-DEC-2017,
OPTSTK,EICHERMOT,28-Dec-2017,30350,PE,0,0,0,1409.7,352.35,0,0,0,0,19-DEC-2017,
OPTSTK,EICHERMOT,28-Dec-2017,30400,PE,0,0,0,1434.15,371.05,0,0,0,0,19-DEC-2017,
OPTSTK,EICHERMOT,28-Dec-2017,30450,PE,0,0,0,1458.75,390.45,0,0,0,0,19-DEC-2017,
OPTSTK,EICHERMOT,28-Dec-2017,30500,PE,400,400,250,275.9,275.9,56,430.99,825,775,19-DEC-2017,
OPTSTK,EICHERMOT,28-Dec-2017,30550,PE,0,0,0,1508.9,431.15,0,0,0,0,19-DEC-2017,
OPTSTK,EICHERMOT,28-Dec-2017,30600,PE,0,0,0,1534.4,452.55,0,0,0,0,19-DEC-2017,
OPTSTK,EICHERMOT,28-Dec-2017,30650,PE,0,0,0,1560.1,474.6,0,0,0,0,19-DEC-2017,
OPTSTK,EICHERMOT,28-Dec-2017,30700,PE,0,0,0,1586.05,497.35,0,0,0,0,19-DEC-2017,
OPTSTK,EICHERMOT,28-Dec-2017,30750,PE,0,0,0,1612.25,520.8,0,0,0,0,19-DEC-2017,
OPTSTK,EICHERMOT,28-Dec-2017,30800,PE,0,0,0,1638.65,544.9,0,0,0,0,19-DEC-2017,
OPTSTK,EICHERMOT,28-Dec-2017,30850,PE,0,0,0,1665.35,569.6,0,0,0,0,19-DEC-2017,
OPTSTK,EICHERMOT,28-Dec-2017,30900,PE,0,0,0,1692.3,595.05,0,0,0,0,19-DEC-2017,
OPTSTK,EICHERMOT,28-Dec-2017,30950,PE,0,0,0,1719.45,621.2,0,0,0,0,19-DEC-2017,
OPTSTK,EICHERMOT,28-Dec-2017,31000,PE,0,0,0,1331.25,648.05,0,0,325,0,19-DEC-2017,
OPTSTK,EICHERMOT,28-Dec-2017,31050,PE,0,0,0,1774.5,675.6,0,0,0,0,19-DEC-2017,
OPTSTK,EICHERMOT,28-Dec-2017,31100,PE,0,0,0,1802.4,703.75,0,0,0,0,19-DEC-2017,
OPTSTK,EICHERMOT,28-Dec-2017,31150,PE,0,0,0,1830.55,732.65,0,0,0,0,19-DEC-2017,
OPTSTK,EICHERMOT,28-Dec-2017,31200,PE,0,0,0,1858.9,762.15,0,0,0,0,19-DEC-2017,
OPTSTK,EICHERMOT,28-Dec-2017,31250,PE,0,0,0,1588.05,792.35,0,0,0,0,19-DEC-2017,
OPTSTK,EICHERMOT,28-Dec-2017,31300,PE,0,0,0,1612.35,823.15,0,0,0,0,19-DEC-2017,
OPTSTK,EICHERMOT,28-Dec-2017,31350,PE,0,0,0,1636.85,854.6,0,0,0,0,19-DEC-2017,
OPTSTK,EICHERMOT,28-Dec-2017,31400,PE,0,0,0,1661.45,886.7,0,0,0,0,19-DEC-2017,
OPTSTK,EICHERMOT,28-Dec-2017,31450,PE,0,0,0,1686.4,919.45,0,0,0,0,19-DEC-2017,
OPTSTK,EICHERMOT,28-Dec-2017,31500,PE,0,0,0,1711.55,952.8,0,0,0,0,19-DEC-2017,
OPTSTK,EICHERMOT,28-Dec-2017,31550,PE,0,0,0,1736.9,986.7,0,0,0,0,19-DEC-2017,
OPTSTK,EICHERMOT,28-Dec-2017,31600,PE,0,0,0,1762.5,1021.25,0,0,0,0,19-DEC-2017,
OPTSTK,EICHERMOT,28-Dec-2017,31650,PE,0,0,0,1788.3,1056.4,0,0,0,0,19-DEC-2017,
OPTSTK,EICHERMOT,28-Dec-2017,31700,PE,0,0,0,1814.3,1092.1,0,0,0,0,19-DEC-2017,
OPTSTK,EICHERMOT,28-Dec-2017,31750,PE,0,0,0,1840.55,1128.35,0,0,0,0,19-DEC-2017,
OPTSTK,EICHERMOT,28-Dec-2017,31800,PE,0,0,0,1867,1165.15,0,0,0,0,19-DEC-2017,
OPTSTK,EICHERMOT,28-Dec-2017,31850,PE,0,0,0,1893.65,1203.9,0,0,0,0,19-DEC-2017,
OPTSTK,EICHERMOT,28-Dec-2017,31900,PE,0,0,0,1920.5,1240.6,0,0,0,0,19-DEC-2017,
OPTSTK,EICHERMOT,28-Dec-2017,31950,PE,0,0,0,1947.55,1279,0,0,0,0,19-DEC-2017,
OPTSTK,EICHERMOT,28-Dec-2017,32000,PE,0,0,0,1974.85,1317.9,0,0,0,0,19-DEC-2017,
OPTSTK,EICHERMOT,28-Dec-2017,32050,PE,0,0,0,2002.35,1357.25,0,0,0,0,19-DEC-2017,
OPTSTK,EICHERMOT,28-Dec-2017,32100,PE,0,0,0,2030,1397.1,0,0,0,0,19-DEC-2017,
OPTSTK,EICHERMOT,28-Dec-2017,32150,PE,0,0,0,2057.95,1437.4,0,0,0,0,19-DEC-2017,
OPTSTK,EICHERMOT,28-Dec-2017,32200,PE,0,0,0,2086.05,1478.1,0,0,0,0,19-DEC-2017,
OPTSTK,EICHERMOT,28-Dec-2017,32250,PE,0,0,0,1852.55,1519.3,0,0,0,0,19-DEC-2017,
OPTSTK,EICHERMOT,28-Dec-2017,32300,PE,0,0,0,1879.85,1560.85,0,0,0,0,19-DEC-2017,
OPTSTK,EICHERMOT,28-Dec-2017,32350,PE,0,0,0,1907.35,1602.85,0,0,0,0,19-DEC-2017,
OPTSTK,EICHERMOT,28-Dec-2017,32400,PE,0,0,0,1935.05,1645.2,0,0,0,0,19-DEC-2017,
OPTSTK,EICHERMOT,28-Dec-2017,32450,PE,0,0,0,1963,1687.95,0,0,0,0,19-DEC-2017,
OPTSTK,EICHERMOT,28-Dec-2017,32500,PE,0,0,0,1991.2,1731.05,0,0,0,0,19-DEC-2017,
OPTSTK,EICHERMOT,28-Dec-2017,32550,PE,0,0,0,2019.55,1774.5,0,0,0,0,19-DEC-2017,
OPTSTK,EICHERMOT,28-Dec-2017,32600,PE,0,0,0,1841.8,1818.3,0,0,0,0,19-DEC-2017,
OPTSTK,EICHERMOT,28-Dec-2017,32650,PE,0,0,0,1869.15,1862.4,0,0,0,0,19-DEC-2017,
OPTSTK,EICHERMOT,28-Dec-2017,32700,PE,0,0,0,1896.75,1906.85,0,0,0,0,19-DEC-2017,
OPTSTK,EICHERMOT,28-Dec-2017,32750,PE,0,0,0,1924.55,1951.55,0,0,0,0,19-DEC-2017,
OPTSTK,EICHERMOT,28-Dec-2017,32800,PE,0,0,0,1952.55,1996.55,0,0,0,0,19-DEC-2017,
OPTSTK,EICHERMOT,28-Dec-2017,32850,PE,0,0,0,1980.8,2041.85,0,0,0,0,19-DEC-2017,
OPTSTK,EICHERMOT,25-Jan-2018,27650,CE,0,0,0,1453.1,3508.85,0,0,0,0,19-DEC-2017,
OPTSTK,EICHERMOT,25-Jan-2018,27700,CE,0,0,0,1423.75,3465.45,0,0,0,0,19-DEC-2017,
OPTSTK,EICHERMOT,25-Jan-2018,27750,CE,0,0,0,1394.8,3422.25,0,0,0,0,19-DEC-2017,
OPTSTK,EICHERMOT,25-Jan-2018,27800,CE,0,0,0,1366.25,3379.2,0,0,0,0,19-DEC-2017,
OPTSTK,EICHERMOT,25-Jan-2018,27850,CE,0,0,0,1338.05,3336.4,0,0,0,0,19-DEC-2017,
OPTSTK,EICHERMOT,25-Jan-2018,27900,CE,0,0,0,1310.2,3293.8,0,0,0,0,19-DEC-2017,
OPTSTK,EICHERMOT,25-Jan-2018,27950,CE,0,0,0,1688.7,3251.4,0,0,0,0,19-DEC-2017,
OPTSTK,EICHERMOT,25-Jan-2018,28000,CE,0,0,0,1655.15,3209.2,0,0,0,0,19-DEC-2017,
OPTSTK,EICHERMOT,25-Jan-2018,28050,CE,0,0,0,1621.95,3167.25,0,0,0,0,19-DEC-2017,
OPTSTK,EICHERMOT,25-Jan-2018,28100,CE,0,0,0,1589.1,3125.5,0,0,0,0,19-DEC-2017,
OPTSTK,EICHERMOT,25-Jan-2018,28150,CE,0,0,0,1556.7,3084,0,0,0,0,19-DEC-2017,
OPTSTK,EICHERMOT,25-Jan-2018,28200,CE,0,0,0,1524.6,3042.7,0,0,0,0,19-DEC-2017,
OPTSTK,EICHERMOT,25-Jan-2018,28250,CE,0,0,0,1492.95,3001.65,0,0,0,0,19-DEC-2017,
OPTSTK,EICHERMOT,25-Jan-2018,28300,CE,0,0,0,1723.5,2960.85,0,0,0,0,19-DEC-2017,
OPTSTK,EICHERMOT,25-Jan-2018,28350,CE,0,0,0,1690.1,2920.25,0,0,0,0,19-DEC-2017,
OPTSTK,EICHERMOT,25-Jan-2018,28400,CE,0,0,0,1657.05,2879.9,0,0,0,0,19-DEC-2017,
OPTSTK,EICHERMOT,25-Jan-2018,28450,CE,0,0,0,1624.35,2839.85,0,0,0,0,19-DEC-2017,
OPTSTK,EICHERMOT,25-Jan-2018,28500,CE,0,0,0,1592.05,2800,0,0,0,0,19-DEC-2017,
OPTSTK,EICHERMOT,25-Jan-2018,28550,CE,0,0,0,1560.15,2760.4,0,0,0,0,19-DEC-2017,
OPTSTK,EICHERMOT,25-Jan-2018,28600,CE,0,0,0,1528.6,2721.1,0,0,0,0,19-DEC-2017,
OPTSTK,EICHERMOT,25-Jan-2018,28650,CE,0,0,0,1497.45,2682.05,0,0,0,0,19-DEC-2017,
OPTSTK,EICHERMOT,25-Jan-2018,28700,CE,0,0,0,1466.65,2643.25,0,0,0,0,19-DEC-2017,
OPTSTK,EICHERMOT,25-Jan-2018,28750,CE,0,0,0,1436.25,2604.7,0,0,0,0,19-DEC-2017,
OPTSTK,EICHERMOT,25-Jan-2018,28800,CE,0,0,0,1406.25,2566.45,0,0,0,0,19-DEC-2017,
OPTSTK,EICHERMOT,25-Jan-2018,28850,CE,0,0,0,1376.65,2528.5,0,0,0,0,19-DEC-2017,
OPTSTK,EICHERMOT,25-Jan-2018,28900,CE,0,0,0,1347.4,2490.8,0,0,0,0,19-DEC-2017,
OPTSTK,EICHERMOT,25-Jan-2018,28950,CE,0,0,0,1712.85,2453.35,0,0,0,0,19-DEC-2017,
OPTSTK,EICHERMOT,25-Jan-2018,29000,CE,0,0,0,1678.8,2417.35,0,0,0,0,19-DEC-2017,
OPTSTK,EICHERMOT,25-Jan-2018,29050,CE,0,0,0,1645.1,2380.45,0,0,0,0,19-DEC-2017,
OPTSTK,EICHERMOT,25-Jan-2018,29100,CE,0,0,0,2052.6,2343.8,0,0,0,0,19-DEC-2017,
OPTSTK,EICHERMOT,25-Jan-2018,29150,CE,0,0,0,2020.85,2307.45,0,0,0,0,19-DEC-2017,
OPTSTK,EICHERMOT,25-Jan-2018,29200,CE,0,0,0,1989.45,2271.4,0,0,0,0,19-DEC-2017,
OPTSTK,EICHERMOT,25-Jan-2018,29250,CE,0,0,0,1958.3,2235.7,0,0,0,0,19-DEC-2017,
OPTSTK,EICHERMOT,25-Jan-2018,29300,CE,0,0,0,1927.45,2199.05,0,0,0,0,19-DEC-2017,
OPTSTK,EICHERMOT,25-Jan-2018,29350,CE,0,0,0,1896.9,2164,0,0,0,0,19-DEC-2017,
OPTSTK,EICHERMOT,25-Jan-2018,29400,CE,0,0,0,1866.65,2129.25,0,0,0,0,19-DEC-2017,
OPTSTK,EICHERMOT,25-Jan-2018,29450,CE,0,0,0,1836.7,2094.8,0,0,0,0,19-DEC-2017,
OPTSTK,EICHERMOT,25-Jan-2018,29500,CE,0,0,0,1807.05,2060.65,0,0,0,0,19-DEC-2017,
OPTSTK,EICHERMOT,25-Jan-2018,29550,CE,0,0,0,2116.65,2026.85,0,0,0,0,19-DEC-2017,
OPTSTK,EICHERMOT,25-Jan-2018,29600,CE,0,0,0,2085.1,1993.35,0,0,0,0,19-DEC-2017,
OPTSTK,EICHERMOT,25-Jan-2018,29650,CE,0,0,0,2053.8,1960.15,0,0,0,0,19-DEC-2017,
OPTSTK,EICHERMOT,25-Jan-2018,29700,CE,0,0,0,2022.8,1927.3,0,0,0,0,19-DEC-2017,
OPTSTK,EICHERMOT,25-Jan-2018,29750,CE,0,0,0,1992.1,1894.75,0,0,0,0,19-DEC-2017,
OPTSTK,EICHERMOT,25-Jan-2018,29800,CE,0,0,0,1961.7,1862.5,0,0,0,0,19-DEC-2017,
OPTSTK,EICHERMOT,25-Jan-2018,29850,CE,0,0,0,2183.15,1830.6,0,0,0,0,19-DEC-2017,
OPTSTK,EICHERMOT,25-Jan-2018,29900,CE,0,0,0,2151.85,1799.05,0,0,0,0,19-DEC-2017,
OPTSTK,EICHERMOT,25-Jan-2018,29950,CE,0,0,0,2481.6,1767.8,0,0,0,0,19-DEC-2017,
OPTSTK,EICHERMOT,25-Jan-2018,30000,CE,0,0,0,2451.9,1736.85,0,0,0,0,19-DEC-2017,
OPTSTK,EICHERMOT,25-Jan-2018,30050,CE,0,0,0,2422.4,1706.25,0,0,0,0,19-DEC-2017,
OPTSTK,EICHERMOT,25-Jan-2018,30100,CE,0,0,0,2393.1,1676,0,0,0,0,19-DEC-2017,
OPTSTK,EICHERMOT,25-Jan-2018,30150,CE,0,0,0,2364.05,1646.1,0,0,0,0,19-DEC-2017,
OPTSTK,EICHERMOT,25-Jan-2018,30200,CE,0,0,0,2335.25,1616.5,0,0,0,0,19-DEC-2017,
OPTSTK,EICHERMOT,25-Jan-2018,30250,CE,0,0,0,2306.65,1587.2,0,0,0,0,19-DEC-2017,
OPTSTK,EICHERMOT,25-Jan-2018,30300,CE,0,0,0,2278.3,1558.3,0,0,0,0,19-DEC-2017,
OPTSTK,EICHERMOT,25-Jan-2018,30350,CE,0,0,0,2250.2,1529.7,0,0,0,0,19-DEC-2017,
OPTSTK,EICHERMOT,25-Jan-2018,30400,CE,0,0,0,2222.3,1501.45,0,0,0,0,19-DEC-2017,
OPTSTK,EICHERMOT,25-Jan-2018,30450,CE,0,0,0,2194.6,1473.5,0,0,0,0,19-DEC-2017,
OPTSTK,EICHERMOT,25-Jan-2018,30500,CE,0,0,0,2167.15,1445.95,0,0,0,0,19-DEC-2017,
OPTSTK,EICHERMOT,25-Jan-2018,30550,CE,0,0,0,2139.95,1418.7,0,0,0,0,19-DEC-2017,
OPTSTK,EICHERMOT,25-Jan-2018,30600,CE,0,0,0,2248.9,1391.8,0,0,0,0,19-DEC-2017,
OPTSTK,EICHERMOT,25-Jan-2018,30650,CE,0,0,0,2217.15,1365.2,0,0,0,0,19-DEC-2017,
OPTSTK,EICHERMOT,25-Jan-2018,30700,CE,0,0,0,2185.65,1338.95,0,0,0,0,19-DEC-2017,
OPTSTK,EICHERMOT,25-Jan-2018,30750,CE,0,0,0,2154.45,1313.05,0,0,0,0,19-DEC-2017,
OPTSTK,EICHERMOT,25-Jan-2018,30800,CE,0,0,0,2123.5,1287.5,0,0,0,0,19-DEC-2017,
OPTSTK,EICHERMOT,25-Jan-2018,30850,CE,0,0,0,2092.85,1262.25,0,0,0,0,19-DEC-2017,
OPTSTK,EICHERMOT,25-Jan-2018,30900,CE,0,0,0,2062.45,1237.25,0,0,0,0,19-DEC-2017,
OPTSTK,EICHERMOT,25-Jan-2018,30950,CE,0,0,0,2032.35,1212.7,0,0,0,0,19-DEC-2017,
OPTSTK,EICHERMOT,25-Jan-2018,31000,CE,0,0,0,2002.5,1188.45,0,0,0,0,19-DEC-2017,
OPTSTK,EICHERMOT,25-Jan-2018,31050,CE,0,0,0,1972.9,1164.55,0,0,0,0,19-DEC-2017,
OPTSTK,EICHERMOT,25-Jan-2018,31100,CE,0,0,0,1943.6,1141,0,0,0,0,19-DEC-2017,
OPTSTK,EICHERMOT,25-Jan-2018,31150,CE,0,0,0,1914.6,1117.8,0,0,0,0,19-DEC-2017,
OPTSTK,EICHERMOT,25-Jan-2018,31200,CE,0,0,0,1885.85,1094.9,0,0,0,0,19-DEC-2017,
OPTSTK,EICHERMOT,25-Jan-2018,31250,CE,0,0,0,1857.35,1072.35,0,0,0,0,19-DEC-2017,
OPTSTK,EICHERMOT,25-Jan-2018,31300,CE,0,0,0,1829.15,1050.1,0,0,0,0,19-DEC-2017,
OPTSTK,EICHERMOT,25-Jan-2018,31350,CE,0,0,0,1801.25,1028.2,0,0,0,0,19-DEC-2017,
OPTSTK,EICHERMOT,25-Jan-2018,31400,CE,0,0,0,1773.6,1006.6,0,0,0,0,19-DEC-2017,
OPTSTK,EICHERMOT,25-Jan-2018,31450,CE,0,0,0,1746.25,985.35,0,0,0,0,19-DEC-2017,
OPTSTK,EICHERMOT,25-Jan-2018,31500,CE,0,0,0,1719.15,964.4,0,0,0,0,19-DEC-2017,
OPTSTK,EICHERMOT,25-Jan-2018,31550,CE,0,0,0,1692.35,943.8,0,0,0,0,19-DEC-2017,
OPTSTK,EICHERMOT,25-Jan-2018,31600,CE,0,0,0,1665.8,923.5,0,0,0,0,19-DEC-2017,
OPTSTK,EICHERMOT,25-Jan-2018,31650,CE,0,0,0,1639.55,903.55,0,0,0,0,19-DEC-2017,
OPTSTK,EICHERMOT,25-Jan-2018,31700,CE,0,0,0,1613.6,883.9,0,0,0,0,19-DEC-2017,
OPTSTK,EICHERMOT,25-Jan-2018,31750,CE,0,0,0,1587.9,864.55,0,0,0,0,19-DEC-2017,
OPTSTK,EICHERMOT,25-Jan-2018,31800,CE,0,0,0,1562.45,845.5,0,0,0,0,19-DEC-2017,
OPTSTK,EICHERMOT,25-Jan-2018,31850,CE,0,0,0,1537.35,826.8,0,0,0,0,19-DEC-2017,
OPTSTK,EICHERMOT,25-Jan-2018,31900,CE,0,0,0,1512.45,808.35,0,0,0,0,19-DEC-2017,
OPTSTK,EICHERMOT,25-Jan-2018,31950,CE,0,0,0,1487.75,790.25,0,0,0,0,19-DEC-2017,
OPTSTK,EICHERMOT,25-Jan-2018,32000,CE,0,0,0,1463.4,772.45,0,0,0,0,19-DEC-2017,
OPTSTK,EICHERMOT,25-Jan-2018,32050,CE,0,0,0,1439.4,754.95,0,0,0,0,19-DEC-2017,
OPTSTK,EICHERMOT,25-Jan-2018,32100,CE,0,0,0,1415.6,737.75,0,0,0,0,19-DEC-2017,
OPTSTK,EICHERMOT,25-Jan-2018,32150,CE,0,0,0,1392.1,720.85,0,0,0,0,19-DEC-2017,
OPTSTK,EICHERMOT,25-Jan-2018,32200,CE,0,0,0,1368.9,704.25,0,0,0,0,19-DEC-2017,
OPTSTK,EICHERMOT,25-Jan-2018,32250,CE,0,0,0,1345.95,687.95,0,0,0,0,19-DEC-2017,
OPTSTK,EICHERMOT,25-Jan-2018,32300,CE,0,0,0,1323.3,671.95,0,0,0,0,19-DEC-2017,
OPTSTK,EICHERMOT,25-Jan-2018,32350,CE,0,0,0,1300.85,656.2,0,0,0,0,19-DEC-2017,
OPTSTK,EICHERMOT,25-Jan-2018,32400,CE,0,0,0,1278.75,640.75,0,0,0,0,19-DEC-2017,
OPTSTK,EICHERMOT,25-Jan-2018,32450,CE,0,0,0,1256.85,625.55,0,0,0,0,19-DEC-2017,
OPTSTK,EICHERMOT,25-Jan-2018,32500,CE,0,0,0,1235.3,610.7,0,0,0,0,19-DEC-2017,
OPTSTK,EICHERMOT,25-Jan-2018,32550,CE,0,0,0,1213.95,596.05,0,0,0,0,19-DEC-2017,
OPTSTK,EICHERMOT,25-Jan-2018,32600,CE,0,0,0,1192.9,581.7,0,0,0,0,19-DEC-2017,
OPTSTK,EICHERMOT,25-Jan-2018,32650,CE,0,0,0,1203.25,567.65,0,0,0,0,19-DEC-2017,
OPTSTK,EICHERMOT,25-Jan-2018,32700,CE,0,0,0,1181.75,553.85,0,0,0,0,19-DEC-2017,
OPTSTK,EICHERMOT,25-Jan-2018,32750,CE,0,0,0,1160.55,540.3,0,0,0,0,19-DEC-2017,
OPTSTK,EICHERMOT,25-Jan-2018,32800,CE,0,0,0,1139.65,527.05,0,0,0,0,19-DEC-2017,
OPTSTK,EICHERMOT,25-Jan-2018,32850,CE,0,0,0,1437.5,514.05,0,0,0,0,19-DEC-2017,
OPTSTK,EICHERMOT,25-Jan-2018,27650,PE,0,0,0,704.3,155.6,0,0,0,0,19-DEC-2017,
OPTSTK,EICHERMOT,25-Jan-2018,27700,PE,0,0,0,724.55,161.85,0,0,0,0,19-DEC-2017,
OPTSTK,EICHERMOT,25-Jan-2018,27750,PE,0,0,0,745.15,168.3,0,0,0,0,19-DEC-2017,
OPTSTK,EICHERMOT,25-Jan-2018,27800,PE,0,0,0,766.15,174.95,0,0,0,0,19-DEC-2017,
OPTSTK,EICHERMOT,25-Jan-2018,27850,PE,0,0,0,787.5,181.85,0,0,0,0,19-DEC-2017,
OPTSTK,EICHERMOT,25-Jan-2018,27900,PE,0,0,0,809.25,188.9,0,0,0,0,19-DEC-2017,
OPTSTK,EICHERMOT,25-Jan-2018,27950,PE,0,0,0,461.85,196.15,0,0,0,0,19-DEC-2017,
OPTSTK,EICHERMOT,25-Jan-2018,28000,PE,0,0,0,477.85,203.65,0,0,0,0,19-DEC-2017,
OPTSTK,EICHERMOT,25-Jan-2018,28050,PE,0,0,0,494.2,211.4,0,0,0,0,19-DEC-2017,
OPTSTK,EICHERMOT,25-Jan-2018,28100,PE,0,0,0,510.95,219.3,0,0,0,0,19-DEC-2017,
OPTSTK,EICHERMOT,25-Jan-2018,28150,PE,0,0,0,528.05,227.45,0,0,0,0,19-DEC-2017,
OPTSTK,EICHERMOT,25-Jan-2018,28200,PE,0,0,0,545.55,235.85,0,0,0,0,19-DEC-2017,
OPTSTK,EICHERMOT,25-Jan-2018,28250,PE,0,0,0,563.45,244.5,0,0,0,0,19-DEC-2017,
OPTSTK,EICHERMOT,25-Jan-2018,28300,PE,0,0,0,481.6,253.35,0,0,0,0,19-DEC-2017,
OPTSTK,EICHERMOT,25-Jan-2018,28350,PE,0,0,0,497.7,262.45,0,0,0,0,19-DEC-2017,
OPTSTK,EICHERMOT,25-Jan-2018,28400,PE,0,0,0,514.2,271.75,0,0,0,0,19-DEC-2017,
OPTSTK,EICHERMOT,25-Jan-2018,28450,PE,0,0,0,531.1,281.35,0,0,0,0,19-DEC-2017,
OPTSTK,EICHERMOT,25-Jan-2018,28500,PE,0,0,0,548.3,291.2,0,0,0,0,19-DEC-2017,
OPTSTK,EICHERMOT,25-Jan-2018,28550,PE,0,0,0,565.95,301.3,0,0,0,0,19-DEC-2017,
OPTSTK,EICHERMOT,25-Jan-2018,28600,PE,0,0,0,583.95,311.65,0,0,0,0,19-DEC-2017,
OPTSTK,EICHERMOT,25-Jan-2018,28650,PE,0,0,0,602.3,322.25,0,0,0,0,19-DEC-2017,
OPTSTK,EICHERMOT,25-Jan-2018,28700,PE,0,0,0,621.05,333.15,0,0,0,0,19-DEC-2017,
OPTSTK,EICHERMOT,25-Jan-2018,28750,PE,0,0,0,640.2,344.3,0,0,0,0,19-DEC-2017,
OPTSTK,EICHERMOT,25-Jan-2018,28800,PE,0,0,0,659.75,355.7,0,0,0,0,19-DEC-2017,
OPTSTK,EICHERMOT,25-Jan-2018,28850,PE,0,0,0,679.65,367.4,0,0,0,0,19-DEC-2017,
OPTSTK,EICHERMOT,25-Jan-2018,28900,PE,0,0,0,699.95,379.35,0,0,0,0,19-DEC-2017,
OPTSTK,EICHERMOT,25-Jan-2018,28950,PE,0,0,0,436.8,391.65,0,0,0,0,19-DEC-2017,
OPTSTK,EICHERMOT,25-Jan-2018,29000,PE,0,0,0,452.25,405.3,0,0,0,0,19-DEC-2017,
OPTSTK,EICHERMOT,25-Jan-2018,29050,PE,0,0,0,468.1,418.05,0,0,0,0,19-DEC-2017,
OPTSTK,EICHERMOT,25-Jan-2018,29100,PE,0,0,0,699.65,431.1,0,0,0,0,19-DEC-2017,
OPTSTK,EICHERMOT,25-Jan-2018,29150,PE,0,0,0,717.3,444.45,0,0,0,0,19-DEC-2017,
OPTSTK,EICHERMOT,25-Jan-2018,29200,PE,0,0,0,735.25,458.05,0,0,0,0,19-DEC-2017,
OPTSTK,EICHERMOT,25-Jan-2018,29250,PE,0,0,0,753.5,472,0,0,0,0,19-DEC-2017,
OPTSTK,EICHERMOT,25-Jan-2018,29300,PE,0,0,0,772.05,485.05,0,0,0,0,19-DEC-2017,
OPTSTK,EICHERMOT,25-Jan-2018,29350,PE,0,0,0,790.85,499.65,0,0,0,0,19-DEC-2017,
OPTSTK,EICHERMOT,25-Jan-2018,29400,PE,0,0,0,810,514.6,0,0,0,0,19-DEC-2017,
OPTSTK,EICHERMOT,25-Jan-2018,29450,PE,0,0,0,829.4,529.8,0,0,0,0,19-DEC-2017,
OPTSTK,EICHERMOT,25-Jan-2018,29500,PE,0,0,0,849.15,545.35,0,0,0,0,19-DEC-2017,
OPTSTK,EICHERMOT,25-Jan-2018,29550,PE,0,0,0,735.85,561.2,0,0,0,0,19-DEC-2017,
OPTSTK,EICHERMOT,25-Jan-2018,29600,PE,0,0,0,753.65,577.4,0,0,0,0,19-DEC-2017,
OPTSTK,EICHERMOT,25-Jan-2018,29650,PE,0,0,0,771.7,593.85,0,0,0,0,19-DEC-2017,
OPTSTK,EICHERMOT,25-Jan-2018,29700,PE,0,0,0,790.1,610.65,0,0,0,0,19-DEC-2017,
OPTSTK,EICHERMOT,25-Jan-2018,29750,PE,0,0,0,808.75,627.8,0,0,0,0,19-DEC-2017,
OPTSTK,EICHERMOT,25-Jan-2018,29800,PE,0,0,0,827.65,645.25,0,0,0,0,19-DEC-2017,
OPTSTK,EICHERMOT,25-Jan-2018,29850,PE,0,0,0,780.8,663,0,0,0,0,19-DEC-2017,
OPTSTK,EICHERMOT,25-Jan-2018,29900,PE,0,0,0,798.85,681.1,0,0,0,0,19-DEC-2017,
OPTSTK,EICHERMOT,25-Jan-2018,29950,PE,0,0,0,1060.8,699.55,0,0,0,0,19-DEC-2017,
OPTSTK,EICHERMOT,25-Jan-2018,30000,PE,530,530,500,500,500,2,15.25,25,25,19-DEC-2017,
OPTSTK,EICHERMOT,25-Jan-2018,30050,PE,0,0,0,1100.1,737.4,0,0,0,0,19-DEC-2017,
OPTSTK,EICHERMOT,25-Jan-2018,30100,PE,0,0,0,1120.1,756.8,0,0,0,0,19-DEC-2017,
OPTSTK,EICHERMOT,25-Jan-2018,30150,PE,0,0,0,1140.3,776.55,0,0,0,0,19-DEC-2017,
OPTSTK,EICHERMOT,25-Jan-2018,30200,PE,0,0,0,1160.75,796.6,0,0,0,0,19-DEC-2017,
OPTSTK,EICHERMOT,25-Jan-2018,30250,PE,0,0,0,1181.45,817.05,0,0,0,0,19-DEC-2017,
OPTSTK,EICHERMOT,25-Jan-2018,30300,PE,0,0,0,1202.35,837.8,0,0,0,0,19-DEC-2017,
OPTSTK,EICHERMOT,25-Jan-2018,30350,PE,0,0,0,1223.5,858.85,0,0,0,0,19-DEC-2017,
OPTSTK,EICHERMOT,25-Jan-2018,30400,PE,0,0,0,1244.85,880.3,0,0,0,0,19-DEC-2017,
OPTSTK,EICHERMOT,25-Jan-2018,30450,PE,0,0,0,1266.45,902.05,0,0,0,0,19-DEC-2017,
OPTSTK,EICHERMOT,25-Jan-2018,30500,PE,0,0,0,1288.25,924.15,0,0,0,0,19-DEC-2017,
OPTSTK,EICHERMOT,25-Jan-2018,30550,PE,0,0,0,1310.3,946.55,0,0,0,0,19-DEC-2017,
OPTSTK,EICHERMOT,25-Jan-2018,30600,PE,0,0,0,751.45,969.3,0,0,0,0,19-DEC-2017,
OPTSTK,EICHERMOT,25-Jan-2018,30650,PE,0,0,0,768.95,992.4,0,0,0,0,19-DEC-2017,
OPTSTK,EICHERMOT,25-Jan-2018,30700,PE,0,0,0,786.65,1015.85,0,0,0,0,19-DEC-2017,
OPTSTK,EICHERMOT,25-Jan-2018,30750,PE,0,0,0,804.65,1039.6,0,0,0,0,19-DEC-2017,
OPTSTK,EICHERMOT,25-Jan-2018,30800,PE,0,0,0,822.95,1063.75,0,0,0,0,19-DEC-2017,
OPTSTK,EICHERMOT,25-Jan-2018,30850,PE,0,0,0,841.5,1088.2,0,0,0,0,19-DEC-2017,
OPTSTK,EICHERMOT,25-Jan-2018,30900,PE,0,0,0,860.3,1112.85,0,0,0,0,19-DEC-2017,
OPTSTK,EICHERMOT,25-Jan-2018,30950,PE,0,0,0,879.4,1137.95,0,0,0,0,19-DEC-2017,
OPTSTK,EICHERMOT,25-Jan-2018,31000,PE,0,0,0,898.8,1163.4,0,0,0,0,19-DEC-2017,
OPTSTK,EICHERMOT,25-Jan-2018,31050,PE,0,0,0,918.4,1189.2,0,0,0,0,19-DEC-2017,
OPTSTK,EICHERMOT,25-Jan-2018,31100,PE,0,0,0,938.35,1215.3,0,0,0,0,19-DEC-2017,
OPTSTK,EICHERMOT,25-Jan-2018,31150,PE,0,0,0,958.55,1241.75,0,0,0,0,19-DEC-2017,
OPTSTK,EICHERMOT,25-Jan-2018,31200,PE,0,0,0,979,1268.55,0,0,0,0,19-DEC-2017,
OPTSTK,EICHERMOT,25-Jan-2018,31250,PE,0,0,0,999.75,1295.65,0,0,0,0,19-DEC-2017,
OPTSTK,EICHERMOT,25-Jan-2018,31300,PE,0,0,0,1020.75,1323.1,0,0,0,0,19-DEC-2017,
OPTSTK,EICHERMOT,25-Jan-2018,31350,PE,0,0,0,1042.05,1350.85,0,0,0,0,19-DEC-2017,
OPTSTK,EICHERMOT,25-Jan-2018,31400,PE,0,0,0,1063.65,1378.95,0,0,0,0,19-DEC-2017,
OPTSTK,EICHERMOT,25-Jan-2018,31450,PE,0,0,0,1085.5,1407.35,0,0,0,0,19-DEC-2017,
OPTSTK,EICHERMOT,25-Jan-2018,31500,PE,0,0,0,1107.6,1436.1,0,0,0,0,19-DEC-2017,
OPTSTK,EICHERMOT,25-Jan-2018,31550,PE,0,0,0,1130.05,1465.15,0,0,0,0,19-DEC-2017,
OPTSTK,EICHERMOT,25-Jan-2018,31600,PE,0,0,0,1152.7,1494.55,0,0,0,0,19-DEC-2017,
OPTSTK,EICHERMOT,25-Jan-2018,31650,PE,0,0,0,1175.7,1524.25,0,0,0,0,19-DEC-2017,
OPTSTK,EICHERMOT,25-Jan-2018,31700,PE,0,0,0,1198.9,1554.25,0,0,0,0,19-DEC-2017,
OPTSTK,EICHERMOT,25-Jan-2018,31750,PE,0,0,0,1222.45,1584.6,0,0,0,0,19-DEC-2017,
OPTSTK,EICHERMOT,25-Jan-2018,31800,PE,0,0,0,1246.25,1615.25,0,0,0,0,19-DEC-2017,
OPTSTK,EICHERMOT,25-Jan-2018,31850,PE,0,0,0,1270.3,1646.2,0,0,0,0,19-DEC-2017,
OPTSTK,EICHERMOT,25-Jan-2018,31900,PE,0,0,0,1294.65,1677.45,0,0,0,0,19-DEC-2017,
OPTSTK,EICHERMOT,25-Jan-2018,31950,PE,0,0,0,1319.15,1709,0,0,0,0,19-DEC-2017,
OPTSTK,EICHERMOT,25-Jan-2018,32000,PE,0,0,0,1344.05,1740.9,0,0,0,0,19-DEC-2017,
OPTSTK,EICHERMOT,25-Jan-2018,32050,PE,0,0,0,1369.2,1773.05,0,0,0,0,19-DEC-2017,
OPTSTK,EICHERMOT,25-Jan-2018,32100,PE,0,0,0,1394.65,1805.55,0,0,0,0,19-DEC-2017,
OPTSTK,EICHERMOT,25-Jan-2018,32150,PE,0,0,0,1420.4,1838.3,0,0,0,0,19-DEC-2017,
OPTSTK,EICHERMOT,25-Jan-2018,32200,PE,0,0,0,1446.4,1871.4,0,0,0,0,19-DEC-2017,
OPTSTK,EICHERMOT,25-Jan-2018,32250,PE,0,0,0,1472.65,1904.75,0,0,0,0,19-DEC-2017,
OPTSTK,EICHERMOT,25-Jan-2018,32300,PE,0,0,0,1499.2,1938.4,0,0,0,0,19-DEC-2017,
OPTSTK,EICHERMOT,25-Jan-2018,32350,PE,0,0,0,1526,1972.35,0,0,0,0,19-DEC-2017,
OPTSTK,EICHERMOT,25-Jan-2018,32400,PE,0,0,0,1553.1,2006.55,0,0,0,0,19-DEC-2017,
OPTSTK,EICHERMOT,25-Jan-2018,32450,PE,0,0,0,1580.45,2041.05,0,0,0,0,19-DEC-2017,
OPTSTK,EICHERMOT,25-Jan-2018,32500,PE,0,0,0,1608.05,2075.85,0,0,0,0,19-DEC-2017,
OPTSTK,EICHERMOT,25-Jan-2018,32550,PE,0,0,0,1635.95,2110.9,0,0,0,0,19-DEC-2017,
OPTSTK,EICHERMOT,25-Jan-2018,32600,PE,0,0,0,1664.1,2146.25,0,0,0,0,19-DEC-2017,
OPTSTK,EICHERMOT,25-Jan-2018,32650,PE,0,0,0,1545.45,2181.85,0,0,0,0,19-DEC-2017,
OPTSTK,EICHERMOT,25-Jan-2018,32700,PE,0,0,0,1573.2,2217.75,0,0,0,0,19-DEC-2017,
OPTSTK,EICHERMOT,25-Jan-2018,32750,PE,0,0,0,1601.25,2253.85,0,0,0,0,19-DEC-2017,
OPTSTK,EICHERMOT,25-Jan-2018,32800,PE,0,0,0,1629.55,2290.25,0,0,0,0,19-DEC-2017,
OPTSTK,EICHERMOT,25-Jan-2018,32850,PE,0,0,0,1421.45,2326.9,0,0,0,0,19-DEC-2017,
OPTSTK,EICHERMOT,22-Feb-2018,27650,CE,0,0,0,1779.6,3828.15,0,0,0,0,19-DEC-2017,
OPTSTK,EICHERMOT,22-Feb-2018,27700,CE,0,0,0,1750.9,3788.15,0,0,0,0,19-DEC-2017,
OPTSTK,EICHERMOT,22-Feb-2018,27750,CE,0,0,0,1722.5,3748.3,0,0,0,0,19-DEC-2017,
OPTSTK,EICHERMOT,22-Feb-2018,27800,CE,0,0,0,1694.4,3708.7,0,0,0,0,19-DEC-2017,
OPTSTK,EICHERMOT,22-Feb-2018,27850,CE,0,0,0,1666.6,3669.25,0,0,0,0,19-DEC-2017,
OPTSTK,EICHERMOT,22-Feb-2018,27900,CE,0,0,0,1639.1,3630,0,0,0,0,19-DEC-2017,
OPTSTK,EICHERMOT,22-Feb-2018,27950,CE,0,0,0,1985.85,3591,0,0,0,0,19-DEC-2017,
OPTSTK,EICHERMOT,22-Feb-2018,28000,CE,0,0,0,1953.55,3552.15,0,0,0,0,19-DEC-2017,
OPTSTK,EICHERMOT,22-Feb-2018,28050,CE,0,0,0,1921.6,3513.5,0,0,0,0,19-DEC-2017,
OPTSTK,EICHERMOT,22-Feb-2018,28100,CE,0,0,0,1889.9,3475.1,0,0,0,0,19-DEC-2017,
OPTSTK,EICHERMOT,22-Feb-2018,28150,CE,0,0,0,1858.55,3436.85,0,0,0,0,19-DEC-2017,
OPTSTK,EICHERMOT,22-Feb-2018,28200,CE,0,0,0,1827.5,3398.85,0,0,0,0,19-DEC-2017,
OPTSTK,EICHERMOT,22-Feb-2018,28250,CE,0,0,0,1796.8,3361.05,0,0,0,0,19-DEC-2017,
OPTSTK,EICHERMOT,22-Feb-2018,28300,CE,0,0,0,2020.8,3323.45,0,0,0,0,19-DEC-2017,
OPTSTK,EICHERMOT,22-Feb-2018,28350,CE,0,0,0,1988.6,3286.1,0,0,0,0,19-DEC-2017,
OPTSTK,EICHERMOT,22-Feb-2018,28400,CE,0,0,0,1956.7,3248.95,0,0,0,0,19-DEC-2017,
OPTSTK,EICHERMOT,22-Feb-2018,28450,CE,0,0,0,1925.1,3213.1,0,0,0,0,19-DEC-2017,
OPTSTK,EICHERMOT,22-Feb-2018,28500,CE,0,0,0,1893.85,3176.35,0,0,0,0,19-DEC-2017,
OPTSTK,EICHERMOT,22-Feb-2018,28550,CE,0,0,0,1862.85,3139.8,0,0,0,0,19-DEC-2017,
OPTSTK,EICHERMOT,22-Feb-2018,28600,CE,0,0,0,1832.2,3103.45,0,0,0,0,19-DEC-2017,
OPTSTK,EICHERMOT,22-Feb-2018,28650,CE,0,0,0,1801.85,3067.35,0,0,0,0,19-DEC-2017,
OPTSTK,EICHERMOT,22-Feb-2018,28700,CE,0,0,0,1771.8,3031.45,0,0,0,0,19-DEC-2017,
OPTSTK,EICHERMOT,22-Feb-2018,28750,CE,0,0,0,1742.05,2995.8,0,0,0,0,19-DEC-2017,
OPTSTK,EICHERMOT,22-Feb-2018,28800,CE,0,0,0,1712.65,2960.4,0,0,0,0,19-DEC-2017,
OPTSTK,EICHERMOT,22-Feb-2018,28850,CE,0,0,0,1683.55,2925.2,0,0,0,0,19-DEC-2017,
OPTSTK,EICHERMOT,22-Feb-2018,28900,CE,0,0,0,1654.75,2889,0,0,0,0,19-DEC-2017,
OPTSTK,EICHERMOT,22-Feb-2018,28950,CE,0,0,0,1992.85,2854.35,0,0,0,0,19-DEC-2017,
OPTSTK,EICHERMOT,22-Feb-2018,29000,CE,0,0,0,1959.95,2819.9,0,0,0,0,19-DEC-2017,
OPTSTK,EICHERMOT,22-Feb-2018,29050,CE,0,0,0,1927.35,2785.7,0,0,0,0,19-DEC-2017,
OPTSTK,EICHERMOT,22-Feb-2018,29100,CE,0,0,0,1895.1,2751.75,0,0,0,0,19-DEC-2017,
OPTSTK,EICHERMOT,22-Feb-2018,29150,CE,0,0,0,1863.15,2718.05,0,0,0,0,19-DEC-2017,
OPTSTK,EICHERMOT,22-Feb-2018,29200,CE,0,0,0,1831.5,2684.55,0,0,0,0,19-DEC-2017,
OPTSTK,EICHERMOT,22-Feb-2018,29250,CE,0,0,0,1800.2,2651.3,0,0,0,0,19-DEC-2017,
OPTSTK,EICHERMOT,22-Feb-2018,29300,CE,0,0,0,1769.2,2618.3,0,0,0,0,19-DEC-2017,
OPTSTK,EICHERMOT,22-Feb-2018,29350,CE,0,0,0,1738.55,2585.55,0,0,0,0,19-DEC-2017,
OPTSTK,EICHERMOT,22-Feb-2018,29400,CE,0,0,0,1708.2,2553.05,0,0,0,0,19-DEC-2017,
OPTSTK,EICHERMOT,22-Feb-2018,29450,CE,0,0,0,1678.2,2520.75,0,0,0,0,19-DEC-2017,
OPTSTK,EICHERMOT,22-Feb-2018,29500,CE,0,0,0,1648.5,2488.75,0,0,0,0,19-DEC-2017,
OPTSTK,EICHERMOT,22-Feb-2018,29550,CE,0,0,0,1619.15,2456.95,0,0,0,0,19-DEC-2017,
OPTSTK,EICHERMOT,22-Feb-2018,29600,CE,0,0,0,1590.1,2425.45,0,0,0,0,19-DEC-2017,
OPTSTK,EICHERMOT,22-Feb-2018,29650,CE,0,0,0,1561.4,2394.15,0,0,0,0,19-DEC-2017,
OPTSTK,EICHERMOT,22-Feb-2018,29700,CE,0,0,0,1533,2363.1,0,0,0,0,19-DEC-2017,
OPTSTK,EICHERMOT,22-Feb-2018,29750,CE,0,0,0,1505,2332.35,0,0,0,0,19-DEC-2017,
OPTSTK,EICHERMOT,22-Feb-2018,29800,CE,0,0,0,1477.25,2301.8,0,0,0,0,19-DEC-2017,
OPTSTK,EICHERMOT,22-Feb-2018,29850,CE,0,0,0,1449.9,2271.5,0,0,0,0,19-DEC-2017,
OPTSTK,EICHERMOT,22-Feb-2018,29900,CE,0,0,0,1422.85,2241.45,0,0,0,0,19-DEC-2017,
OPTSTK,EICHERMOT,22-Feb-2018,29950,CE,0,0,0,1396.1,2211.65,0,0,0,0,19-DEC-2017,
OPTSTK,EICHERMOT,22-Feb-2018,30000,CE,0,0,0,1369.75,2182.15,0,0,0,0,19-DEC-2017,
OPTSTK,EICHERMOT,22-Feb-2018,30050,CE,0,0,0,1343.65,2152.85,0,0,0,0,19-DEC-2017,
OPTSTK,EICHERMOT,22-Feb-2018,30100,CE,0,0,0,1317.95,2123.8,0,0,0,0,19-DEC-2017,
OPTSTK,EICHERMOT,22-Feb-2018,30150,CE,0,0,0,1292.55,2095.05,0,0,0,0,19-DEC-2017,
OPTSTK,EICHERMOT,22-Feb-2018,30200,CE,0,0,0,1267.5,2066.5,0,0,0,0,19-DEC-2017,
OPTSTK,EICHERMOT,22-Feb-2018,30250,CE,0,0,0,1242.65,2038.25,0,0,0,0,19-DEC-2017,
OPTSTK,EICHERMOT,22-Feb-2018,30300,CE,0,0,0,1218.25,2010.2,0,0,0,0,19-DEC-2017,
OPTSTK,EICHERMOT,22-Feb-2018,30350,CE,0,0,0,1194.15,1982.45,0,0,0,0,19-DEC-2017,
OPTSTK,EICHERMOT,22-Feb-2018,30400,CE,0,0,0,1170.4,1954.95,0,0,0,0,19-DEC-2017,
OPTSTK,EICHERMOT,22-Feb-2018,30450,CE,0,0,0,1147,1927.65,0,0,0,0,19-DEC-2017,
OPTSTK,EICHERMOT,22-Feb-2018,30500,CE,0,0,0,1123.9,1900.65,0,0,0,0,19-DEC-2017,
OPTSTK,EICHERMOT,22-Feb-2018,30550,CE,0,0,0,1101.15,1873.9,0,0,0,0,19-DEC-2017,
OPTSTK,EICHERMOT,22-Feb-2018,30600,CE,0,0,0,1078.7,1847.4,0,0,0,0,19-DEC-2017,
OPTSTK,EICHERMOT,22-Feb-2018,30650,CE,0,0,0,1056.6,1821.15,0,0,0,0,19-DEC-2017,
OPTSTK,EICHERMOT,22-Feb-2018,30700,CE,0,0,0,1034.8,1795.15,0,0,0,0,19-DEC-2017,
OPTSTK,EICHERMOT,22-Feb-2018,30750,CE,0,0,0,1013.3,1769.4,0,0,0,0,19-DEC-2017,
OPTSTK,EICHERMOT,22-Feb-2018,30800,CE,0,0,0,992.15,1743.95,0,0,0,0,19-DEC-2017,
OPTSTK,EICHERMOT,22-Feb-2018,30850,CE,0,0,0,971.3,1718.7,0,0,0,0,19-DEC-2017,
OPTSTK,EICHERMOT,22-Feb-2018,30900,CE,0,0,0,950.8,1693.7,0,0,0,0,19-DEC-2017,
OPTSTK,EICHERMOT,22-Feb-2018,30950,CE,0,0,0,930.6,1668.85,0,0,0,0,19-DEC-2017,
OPTSTK,EICHERMOT,22-Feb-2018,27650,PE,0,0,0,896.8,339.5,0,0,0,0,19-DEC-2017,
OPTSTK,EICHERMOT,22-Feb-2018,27700,PE,0,0,0,917.45,348.95,0,0,0,0,19-DEC-2017,
OPTSTK,EICHERMOT,22-Feb-2018,27750,PE,0,0,0,938.35,358.55,0,0,0,0,19-DEC-2017,
OPTSTK,EICHERMOT,22-Feb-2018,27800,PE,0,0,0,959.55,368.35,0,0,0,0,19-DEC-2017,
OPTSTK,EICHERMOT,22-Feb-2018,27850,PE,0,0,0,981.1,378.35,0,0,0,0,19-DEC-2017,
OPTSTK,EICHERMOT,22-Feb-2018,27900,PE,0,0,0,1002.9,388.5,0,0,0,0,19-DEC-2017,
OPTSTK,EICHERMOT,22-Feb-2018,27950,PE,0,0,0,623.75,398.9,0,0,0,0,19-DEC-2017,
OPTSTK,EICHERMOT,22-Feb-2018,28000,PE,0,0,0,640.8,409.5,0,0,0,0,19-DEC-2017,
OPTSTK,EICHERMOT,22-Feb-2018,28050,PE,0,0,0,658.1,420.3,0,0,0,0,19-DEC-2017,
OPTSTK,EICHERMOT,22-Feb-2018,28100,PE,0,0,0,675.75,431.3,0,0,0,0,19-DEC-2017,
OPTSTK,EICHERMOT,22-Feb-2018,28150,PE,0,0,0,693.7,442.5,0,0,0,0,19-DEC-2017,
OPTSTK,EICHERMOT,22-Feb-2018,28200,PE,0,0,0,712,453.95,0,0,0,0,19-DEC-2017,
OPTSTK,EICHERMOT,22-Feb-2018,28250,PE,0,0,0,730.55,465.55,0,0,0,0,19-DEC-2017,
OPTSTK,EICHERMOT,22-Feb-2018,28300,PE,0,0,0,642,477.4,0,0,0,0,19-DEC-2017,
OPTSTK,EICHERMOT,22-Feb-2018,28350,PE,0,0,0,659.1,489.45,0,0,0,0,19-DEC-2017,
OPTSTK,EICHERMOT,22-Feb-2018,28400,PE,0,0,0,676.5,501.75,0,0,0,0,19-DEC-2017,
OPTSTK,EICHERMOT,22-Feb-2018,28450,PE,0,0,0,694.2,515.35,0,0,0,0,19-DEC-2017,
OPTSTK,EICHERMOT,22-Feb-2018,28500,PE,0,0,0,712.2,528,0,0,0,0,19-DEC-2017,
OPTSTK,EICHERMOT,22-Feb-2018,28550,PE,0,0,0,730.55,540.9,0,0,0,0,19-DEC-2017,
OPTSTK,EICHERMOT,22-Feb-2018,28600,PE,0,0,0,749.15,554,0,0,0,0,19-DEC-2017,
OPTSTK,EICHERMOT,22-Feb-2018,28650,PE,0,0,0,768.1,567.3,0,0,0,0,19-DEC-2017,
OPTSTK,EICHERMOT,22-Feb-2018,28700,PE,0,0,0,787.35,580.85,0,0,0,0,19-DEC-2017,
OPTSTK,EICHERMOT,22-Feb-2018,28750,PE,0,0,0,806.95,594.65,0,0,0,0,19-DEC-2017,
OPTSTK,EICHERMOT,22-Feb-2018,28800,PE,0,0,0,826.8,608.65,0,0,0,0,19-DEC-2017,
OPTSTK,EICHERMOT,22-Feb-2018,28850,PE,0,0,0,847,622.9,0,0,0,0,19-DEC-2017,
OPTSTK,EICHERMOT,22-Feb-2018,28900,PE,0,0,0,867.5,636.1,0,0,0,0,19-DEC-2017,
OPTSTK,EICHERMOT,22-Feb-2018,28950,PE,0,0,0,576.85,650.85,0,0,0,0,19-DEC-2017,
OPTSTK,EICHERMOT,22-Feb-2018,29000,PE,0,0,0,593.2,665.85,0,0,0,0,19-DEC-2017,
OPTSTK,EICHERMOT,22-Feb-2018,29050,PE,0,0,0,609.9,681.1,0,0,0,0,19-DEC-2017,
OPTSTK,EICHERMOT,22-Feb-2018,29100,PE,0,0,0,626.9,696.55,0,0,0,0,19-DEC-2017,
OPTSTK,EICHERMOT,22-Feb-2018,29150,PE,0,0,0,644.2,712.3,0,0,0,0,19-DEC-2017,
OPTSTK,EICHERMOT,22-Feb-2018,29200,PE,0,0,0,661.85,728.25,0,0,0,0,19-DEC-2017,
OPTSTK,EICHERMOT,22-Feb-2018,29250,PE,0,0,0,679.8,744.4,0,0,0,0,19-DEC-2017,
OPTSTK,EICHERMOT,22-Feb-2018,29300,PE,0,0,0,698.1,760.85,0,0,0,0,19-DEC-2017,
OPTSTK,EICHERMOT,22-Feb-2018,29350,PE,0,0,0,716.7,777.5,0,0,0,0,19-DEC-2017,
OPTSTK,EICHERMOT,22-Feb-2018,29400,PE,0,0,0,735.65,794.45,0,0,0,0,19-DEC-2017,
OPTSTK,EICHERMOT,22-Feb-2018,29450,PE,0,0,0,754.9,811.6,0,0,0,0,19-DEC-2017,
OPTSTK,EICHERMOT,22-Feb-2018,29500,PE,0,0,0,774.45,829,0,0,0,0,19-DEC-2017,
OPTSTK,EICHERMOT,22-Feb-2018,29550,PE,0,0,0,794.4,846.65,0,0,0,0,19-DEC-2017,
OPTSTK,EICHERMOT,22-Feb-2018,29600,PE,0,0,0,814.6,864.55,0,0,0,0,19-DEC-2017,
OPTSTK,EICHERMOT,22-Feb-2018,29650,PE,0,0,0,835.2,882.7,0,0,0,0,19-DEC-2017,
OPTSTK,EICHERMOT,22-Feb-2018,29700,PE,0,0,0,856.1,901.1,0,0,0,0,19-DEC-2017,
OPTSTK,EICHERMOT,22-Feb-2018,29750,PE,0,0,0,877.3,919.75,0,0,0,0,19-DEC-2017,
OPTSTK,EICHERMOT,22-Feb-2018,29800,PE,0,0,0,898.85,938.65,0,0,0,0,19-DEC-2017,
OPTSTK,EICHERMOT,22-Feb-2018,29850,PE,0,0,0,920.75,957.75,0,0,0,0,19-DEC-2017,
OPTSTK,EICHERMOT,22-Feb-2018,29900,PE,0,0,0,943,977.15,0,0,0,0,19-DEC-2017,
OPTSTK,EICHERMOT,22-Feb-2018,29950,PE,0,0,0,965.55,996.8,0,0,0,0,19-DEC-2017,
OPTSTK,EICHERMOT,22-Feb-2018,30000,PE,0,0,0,988.4,1016.7,0,0,0,0,19-DEC-2017,
OPTSTK,EICHERMOT,22-Feb-2018,30050,PE,0,0,0,1011.65,1036.85,0,0,0,0,19-DEC-2017,
OPTSTK,EICHERMOT,22-Feb-2018,30100,PE,0,0,0,1035.2,1057.25,0,0,0,0,19-DEC-2017,
OPTSTK,EICHERMOT,22-Feb-2018,30150,PE,0,0,0,1059.05,1077.9,0,0,0,0,19-DEC-2017,
OPTSTK,EICHERMOT,22-Feb-2018,30200,PE,0,0,0,1083.25,1098.8,0,0,0,0,19-DEC-2017,
OPTSTK,EICHERMOT,22-Feb-2018,30250,PE,0,0,0,1107.7,1119.95,0,0,0,0,19-DEC-2017,
OPTSTK,EICHERMOT,22-Feb-2018,30300,PE,0,0,0,1132.55,1141.35,0,0,0,0,19-DEC-2017,
OPTSTK,EICHERMOT,22-Feb-2018,30350,PE,0,0,0,1157.75,1163,0,0,0,0,19-DEC-2017,
OPTSTK,EICHERMOT,22-Feb-2018,30400,PE,0,0,0,1183.25,1184.95,0,0,0,0,19-DEC-2017,
OPTSTK,EICHERMOT,22-Feb-2018,30450,PE,0,0,0,1209.1,1207.1,0,0,0,0,19-DEC-2017,
OPTSTK,EICHERMOT,22-Feb-2018,30500,PE,0,0,0,1235.3,1229.5,0,0,0,0,19-DEC-2017,
OPTSTK,EICHERMOT,22-Feb-2018,30550,PE,0,0,0,1261.8,1252.2,0,0,0,0,19-DEC-2017,
OPTSTK,EICHERMOT,22-Feb-2018,30600,PE,0,0,0,1288.65,1275.15,0,0,0,0,19-DEC-2017,
OPTSTK,EICHERMOT,22-Feb-2018,30650,PE,0,0,0,1315.8,1298.3,0,0,0,0,19-DEC-2017,
OPTSTK,EICHERMOT,22-Feb-2018,30700,PE,0,0,0,1343.25,1321.75,0,0,0,0,19-DEC-2017,
OPTSTK,EICHERMOT,22-Feb-2018,30750,PE,0,0,0,1371.05,1345.45,0,0,0,0,19-DEC-2017,
OPTSTK,EICHERMOT,22-Feb-2018,30800,PE,0,0,0,1399.2,1369.35,0,0,0,0,19-DEC-2017,
OPTSTK,EICHERMOT,22-Feb-2018,30850,PE,0,0,0,1427.6,1393.55,0,0,0,0,19-DEC-2017,
OPTSTK,EICHERMOT,22-Feb-2018,30900,PE,0,0,0,1456.35,1418,0,0,0,0,19-DEC-2017,
OPTSTK,EICHERMOT,22-Feb-2018,30950,PE,0,0,0,1485.45,1442.55,0,0,0,0,19-DEC-2017,
OPTSTK,ENGINERSIN,28-Dec-2017,110,CE,0,0,0,40.4,81.25,0,0,0,0,19-DEC-2017,
OPTSTK,ENGINERSIN,28-Dec-2017,112.5,CE,0,0,0,38,78.75,0,0,0,0,19-DEC-2017,
OPTSTK,ENGINERSIN,28-Dec-2017,115,CE,0,0,0,35.55,76.25,0,0,0,0,19-DEC-2017,
OPTSTK,ENGINERSIN,28-Dec-2017,117.5,CE,0,0,0,33.15,73.75,0,0,0,0,19-DEC-2017,
OPTSTK,ENGINERSIN,28-Dec-2017,120,CE,0,0,0,30.8,71.25,0,0,0,0,19-DEC-2017,
OPTSTK,ENGINERSIN,28-Dec-2017,122.5,CE,0,0,0,28.45,68.75,0,0,0,0,19-DEC-2017,
OPTSTK,ENGINERSIN,28-Dec-2017,125,CE,0,0,0,26.2,66.25,0,0,0,0,19-DEC-2017,
OPTSTK,ENGINERSIN,28-Dec-2017,127.5,CE,0,0,0,23.95,63.75,0,0,0,0,19-DEC-2017,
OPTSTK,ENGINERSIN,28-Dec-2017,130,CE,0,0,0,21.8,61.25,0,0,0,0,19-DEC-2017,
OPTSTK,ENGINERSIN,28-Dec-2017,132.5,CE,0,0,0,19.7,58.8,0,0,0,0,19-DEC-2017,
OPTSTK,ENGINERSIN,28-Dec-2017,135,CE,0,0,0,17.75,56.3,0,0,0,0,19-DEC-2017,
OPTSTK,ENGINERSIN,28-Dec-2017,137.5,CE,0,0,0,15.85,53.8,0,0,0,0,19-DEC-2017,
OPTSTK,ENGINERSIN,28-Dec-2017,140,CE,0,0,0,14.05,51.3,0,0,0,0,19-DEC-2017,
OPTSTK,ENGINERSIN,28-Dec-2017,142.5,CE,0,0,0,12.4,48.8,0,0,0,0,19-DEC-2017,
OPTSTK,ENGINERSIN,28-Dec-2017,145,CE,0,0,0,10.85,46.3,0,0,0,0,19-DEC-2017,
OPTSTK,ENGINERSIN,28-Dec-2017,147.5,CE,0,0,0,9.45,43.8,0,0,0,0,19-DEC-2017,
OPTSTK,ENGINERSIN,28-Dec-2017,150,CE,0,0,0,34.3,41.3,0,0,3500,0,19-DEC-2017,
OPTSTK,ENGINERSIN,28-Dec-2017,152.5,CE,0,0,0,7.05,38.8,0,0,0,0,19-DEC-2017,
OPTSTK,ENGINERSIN,28-Dec-2017,155,CE,0,0,0,6,36.3,0,0,0,0,19-DEC-2017,
OPTSTK,ENGINERSIN,28-Dec-2017,157.5,CE,0,0,0,5.1,33.8,0,0,0,0,19-DEC-2017,
OPTSTK,ENGINERSIN,28-Dec-2017,160,CE,0,0,0,26.2,31.3,0,0,21000,0,19-DEC-2017,
OPTSTK,ENGINERSIN,28-Dec-2017,162.5,CE,0,0,0,3.6,28.8,0,0,0,0,19-DEC-2017,
OPTSTK,ENGINERSIN,28-Dec-2017,165,CE,0,0,0,3,26.35,0,0,0,0,19-DEC-2017,
OPTSTK,ENGINERSIN,28-Dec-2017,167.5,CE,0,0,0,2.45,23.85,0,0,0,0,19-DEC-2017,
OPTSTK,ENGINERSIN,28-Dec-2017,170,CE,0,0,0,13.75,21.35,0,0,14000,0,19-DEC-2017,
OPTSTK,ENGINERSIN,28-Dec-2017,172.5,CE,0,0,0,1.65,18.9,0,0,0,0,19-DEC-2017,
OPTSTK,ENGINERSIN,28-Dec-2017,175,CE,0,0,0,11.15,16.5,0,0,7000,0,19-DEC-2017,
OPTSTK,ENGINERSIN,28-Dec-2017,177.5,CE,0,0,0,10.9,14.15,0,0,3500,0,19-DEC-2017,
OPTSTK,ENGINERSIN,28-Dec-2017,180,CE,0,0,0,11.25,11.85,0,0,21000,0,19-DEC-2017,
OPTSTK,ENGINERSIN,28-Dec-2017,182.5,CE,0,0,0,7.6,9.75,0,0,80500,0,19-DEC-2017,
OPTSTK,ENGINERSIN,28-Dec-2017,185,CE,6.05,7.95,5.95,7.45,7.45,14,94.06,231000,-14000,19-DEC-2017,
OPTSTK,ENGINERSIN,28-Dec-2017,187.5,CE,5.75,6.9,5,6.4,6.4,9,60.88,17500,3500,19-DEC-2017,
OPTSTK,ENGINERSIN,28-Dec-2017,190,CE,3.5,5,3.5,4.5,4.5,115,781.97,570500,10500,19-DEC-2017,
OPTSTK,ENGINERSIN,28-Dec-2017,192.5,CE,2.8,3.8,2.8,3.3,3.3,6,41.11,42000,7000,19-DEC-2017,
OPTSTK,ENGINERSIN,28-Dec-2017,195,CE,2.5,3,2.1,2.6,2.6,50,345.88,413000,14000,19-DEC-2017,
OPTSTK,ENGINERSIN,28-Dec-2017,197.5,CE,0,0,0,2.1,1.6,0,0,3500,0,19-DEC-2017,
OPTSTK,ENGINERSIN,28-Dec-2017,200,CE,1.25,1.7,1.25,1.5,1.5,64,451.26,672000,28000,19-DEC-2017,
OPTSTK,ENGINERSIN,28-Dec-2017,202.5,CE,0,0,0,1.05,0.7,0,0,10500,0,19-DEC-2017,
OPTSTK,ENGINERSIN,28-Dec-2017,205,CE,1.05,1.05,1.05,1.05,1.05,1,7.21,80500,0,19-DEC-2017,
OPTSTK,ENGINERSIN,28-Dec-2017,207.5,CE,0,0,0,0.3,0.25,0,0,3500,0,19-DEC-2017,
OPTSTK,ENGINERSIN,28-Dec-2017,210,CE,0.45,0.55,0.45,0.55,0.55,2,14.73,101500,0,19-DEC-2017,
OPTSTK,ENGINERSIN,28-Dec-2017,212.5,CE,0,0,0,0.3,0.1,0,0,7000,0,19-DEC-2017,
OPTSTK,ENGINERSIN,28-Dec-2017,215,CE,0,0,0,0.35,0.05,0,0,14000,0,19-DEC-2017,
OPTSTK,ENGINERSIN,28-Dec-2017,217.5,CE,0,0,0,1.4,0.05,0,0,0,0,19-DEC-2017,
OPTSTK,ENGINERSIN,28-Dec-2017,110,PE,0,0,0,0.05,0,0,0,0,0,19-DEC-2017,
OPTSTK,ENGINERSIN,28-Dec-2017,112.5,PE,0,0,0,0.1,0,0,0,0,0,19-DEC-2017,
OPTSTK,ENGINERSIN,28-Dec-2017,115,PE,0,0,0,0.15,0,0,0,0,0,19-DEC-2017,
OPTSTK,ENGINERSIN,28-Dec-2017,117.5,PE,0,0,0,0.2,0,0,0,0,0,19-DEC-2017,
OPTSTK,ENGINERSIN,28-Dec-2017,120,PE,0,0,0,0.3,0,0,0,0,0,19-DEC-2017,
OPTSTK,ENGINERSIN,28-Dec-2017,122.5,PE,0,0,0,0.4,0,0,0,0,0,19-DEC-2017,
OPTSTK,ENGINERSIN,28-Dec-2017,125,PE,0,0,0,0.6,0,0,0,0,0,19-DEC-2017,
OPTSTK,ENGINERSIN,28-Dec-2017,127.5,PE,0,0,0,0.8,0,0,0,0,0,19-DEC-2017,
OPTSTK,ENGINERSIN,28-Dec-2017,130,PE,2.95,2.95,0.25,0.25,0.25,2,9.21,3500,3500,19-DEC-2017,
OPTSTK,ENGINERSIN,28-Dec-2017,132.5,PE,0,0,0,1.5,0,0,0,0,0,19-DEC-2017,
OPTSTK,ENGINERSIN,28-Dec-2017,135,PE,0,0,0,2,0,0,0,0,0,19-DEC-2017,
OPTSTK,ENGINERSIN,28-Dec-2017,137.5,PE,0,0,0,2.55,0,0,0,0,0,19-DEC-2017,
OPTSTK,ENGINERSIN,28-Dec-2017,140,PE,0,0,0,3.25,0,0,0,0,0,19-DEC-2017,
OPTSTK,ENGINERSIN,28-Dec-2017,142.5,PE,0,0,0,4.05,0,0,0,0,0,19-DEC-2017,
OPTSTK,ENGINERSIN,28-Dec-2017,145,PE,0,0,0,4.95,0,0,0,0,0,19-DEC-2017,
OPTSTK,ENGINERSIN,28-Dec-2017,147.5,PE,0,0,0,6,0,0,0,0,0,19-DEC-2017,
OPTSTK,ENGINERSIN,28-Dec-2017,150,PE,0,0,0,7.2,0,0,0,0,0,19-DEC-2017,
OPTSTK,ENGINERSIN,28-Dec-2017,152.5,PE,0,0,0,0.15,0,0,0,0,0,19-DEC-2017,
OPTSTK,ENGINERSIN,28-Dec-2017,155,PE,0,0,0,0.15,0,0,0,0,0,19-DEC-2017,
OPTSTK,ENGINERSIN,28-Dec-2017,157.5,PE,0,0,0,0.35,0,0,0,0,0,19-DEC-2017,
OPTSTK,ENGINERSIN,28-Dec-2017,160,PE,0,0,0,0.1,0,0,0,56000,0,19-DEC-2017,
OPTSTK,ENGINERSIN,28-Dec-2017,162.5,PE,0,0,0,14.9,0,0,0,0,0,19-DEC-2017,
OPTSTK,ENGINERSIN,28-Dec-2017,165,PE,0,0,0,0.3,0,0,0,28000,0,19-DEC-2017,
OPTSTK,ENGINERSIN,28-Dec-2017,167.5,PE,0,0,0,2.75,0.05,0,0,3500,0,19-DEC-2017,
OPTSTK,ENGINERSIN,28-Dec-2017,170,PE,0.15,0.15,0.15,0.15,0.15,6,35.73,143500,0,19-DEC-2017,
OPTSTK,ENGINERSIN,28-Dec-2017,172.5,PE,0,0,0,22.8,0.1,0,0,0,0,19-DEC-2017,
OPTSTK,ENGINERSIN,28-Dec-2017,175,PE,0.45,0.45,0.25,0.25,0.25,2,12.27,66500,-7000,19-DEC-2017,
OPTSTK,ENGINERSIN,28-Dec-2017,177.5,PE,2.8,2.8,0.25,0.25,0.25,23,145.05,91000,77000,19-DEC-2017,
OPTSTK,ENGINERSIN,28-Dec-2017,180,PE,1.15,1.2,0.5,0.55,0.55,13,82.25,119000,-3500,19-DEC-2017,
OPTSTK,ENGINERSIN,28-Dec-2017,182.5,PE,0.7,1.45,0.5,1.45,1.45,20,128.47,38500,24500,19-DEC-2017,
OPTSTK,ENGINERSIN,28-Dec-2017,185,PE,2.55,2.55,1.05,1.1,1.1,14,91.49,101500,-10500,19-DEC-2017,
OPTSTK,ENGINERSIN,28-Dec-2017,187.5,PE,3.5,3.5,2.1,2.5,2.5,9,59.9,17500,7000,19-DEC-2017,
OPTSTK,ENGINERSIN,28-Dec-2017,190,PE,4.5,4.5,2.85,3.2,3.2,27,182.98,115500,10500,19-DEC-2017,
OPTSTK,ENGINERSIN,28-Dec-2017,192.5,PE,0,0,0,9.1,4.5,0,0,14000,0,19-DEC-2017,
OPTSTK,ENGINERSIN,28-Dec-2017,195,PE,0,0,0,8.45,6,0,0,38500,0,19-DEC-2017,
OPTSTK,ENGINERSIN,28-Dec-2017,197.5,PE,0,0,0,12.2,7.75,0,0,3500,0,19-DEC-2017,
OPTSTK,ENGINERSIN,28-Dec-2017,200,PE,0,0,0,19.3,9.7,0,0,10500,0,19-DEC-2017,
OPTSTK,ENGINERSIN,28-Dec-2017,202.5,PE,0,0,0,19.5,11.8,0,0,7000,0,19-DEC-2017,
OPTSTK,ENGINERSIN,28-Dec-2017,205,PE,0,0,0,48.6,14.05,0,0,0,0,19-DEC-2017,
OPTSTK,ENGINERSIN,28-Dec-2017,207.5,PE,0,0,0,47.3,16.4,0,0,0,0,19-DEC-2017,
OPTSTK,ENGINERSIN,28-Dec-2017,210,PE,0,0,0,40.35,18.8,0,0,0,0,19-DEC-2017,
OPTSTK,ENGINERSIN,28-Dec-2017,212.5,PE,0,0,0,42.6,21.2,0,0,0,0,19-DEC-2017,
OPTSTK,ENGINERSIN,28-Dec-2017,215,PE,0,0,0,31,23.65,0,0,3500,0,19-DEC-2017,
OPTSTK,ENGINERSIN,28-Dec-2017,217.5,PE,0,0,0,47.1,26.15,0,0,0,0,19-DEC-2017,
OPTSTK,ENGINERSIN,25-Jan-2018,120,CE,0,0,0,51.85,71.85,0,0,0,0,19-DEC-2017,
OPTSTK,ENGINERSIN,25-Jan-2018,122.5,CE,0,0,0,49.55,69.35,0,0,0,0,19-DEC-2017,
OPTSTK,ENGINERSIN,25-Jan-2018,125,CE,0,0,0,47.25,66.9,0,0,0,0,19-DEC-2017,
OPTSTK,ENGINERSIN,25-Jan-2018,127.5,CE,0,0,0,45,64.4,0,0,0,0,19-DEC-2017,
OPTSTK,ENGINERSIN,25-Jan-2018,130,CE,0,0,0,42.8,61.9,0,0,0,0,19-DEC-2017,
OPTSTK,ENGINERSIN,25-Jan-2018,132.5,CE,0,0,0,40.65,59.45,0,0,0,0,19-DEC-2017,
OPTSTK,ENGINERSIN,25-Jan-2018,135,CE,0,0,0,38.5,56.95,0,0,0,0,19-DEC-2017,
OPTSTK,ENGINERSIN,25-Jan-2018,137.5,CE,0,0,0,36.45,54.45,0,0,0,0,19-DEC-2017,
OPTSTK,ENGINERSIN,25-Jan-2018,140,CE,0,0,0,34.45,52,0,0,0,0,19-DEC-2017,
OPTSTK,ENGINERSIN,25-Jan-2018,142.5,CE,0,0,0,32.5,49.5,0,0,0,0,19-DEC-2017,
OPTSTK,ENGINERSIN,25-Jan-2018,145,CE,0,0,0,30.6,47.05,0,0,0,0,19-DEC-2017,
OPTSTK,ENGINERSIN,25-Jan-2018,147.5,CE,0,0,0,28.75,44.55,0,0,0,0,19-DEC-2017,
OPTSTK,ENGINERSIN,25-Jan-2018,150,CE,0,0,0,27,42.1,0,0,0,0,19-DEC-2017,
OPTSTK,ENGINERSIN,25-Jan-2018,152.5,CE,0,0,0,25.25,39.65,0,0,0,0,19-DEC-2017,
OPTSTK,ENGINERSIN,25-Jan-2018,155,CE,0,0,0,23.6,37.2,0,0,0,0,19-DEC-2017,
OPTSTK,ENGINERSIN,25-Jan-2018,157.5,CE,0,0,0,22.05,34.75,0,0,0,0,19-DEC-2017,
OPTSTK,ENGINERSIN,25-Jan-2018,160,CE,0,0,0,20.55,32.35,0,0,0,0,19-DEC-2017,
OPTSTK,ENGINERSIN,25-Jan-2018,162.5,CE,0,0,0,19.15,30,0,0,0,0,19-DEC-2017,
OPTSTK,ENGINERSIN,25-Jan-2018,165,CE,0,0,0,17.75,27.7,0,0,0,0,19-DEC-2017,
OPTSTK,ENGINERSIN,25-Jan-2018,167.5,CE,0,0,0,16.5,25.4,0,0,0,0,19-DEC-2017,
OPTSTK,ENGINERSIN,25-Jan-2018,170,CE,0,0,0,15.25,23.2,0,0,0,0,19-DEC-2017,
OPTSTK,ENGINERSIN,25-Jan-2018,172.5,CE,0,0,0,14.1,21.1,0,0,0,0,19-DEC-2017,
OPTSTK,ENGINERSIN,25-Jan-2018,175,CE,0,0,0,13.05,19.05,0,0,0,0,19-DEC-2017,
OPTSTK,ENGINERSIN,25-Jan-2018,177.5,CE,0,0,0,12,17.1,0,0,0,0,19-DEC-2017,
OPTSTK,ENGINERSIN,25-Jan-2018,180,CE,15.6,15.6,14.25,14.25,14.25,6,40.93,0,0,19-DEC-2017,
OPTSTK,ENGINERSIN,25-Jan-2018,182.5,CE,0,0,0,10.15,13.5,0,0,0,0,19-DEC-2017,
OPTSTK,ENGINERSIN,25-Jan-2018,185,CE,0,0,0,9.35,11.85,0,0,0,0,19-DEC-2017,
OPTSTK,ENGINERSIN,25-Jan-2018,187.5,CE,0,0,0,8.55,10.35,0,0,0,0,19-DEC-2017,
OPTSTK,ENGINERSIN,25-Jan-2018,190,CE,0,0,0,9.5,9,0,0,7000,0,19-DEC-2017,
OPTSTK,ENGINERSIN,25-Jan-2018,192.5,CE,0,0,0,7.15,7.75,0,0,0,0,19-DEC-2017,
OPTSTK,ENGINERSIN,25-Jan-2018,195,CE,0,0,0,6.55,6.65,0,0,0,0,19-DEC-2017,
OPTSTK,ENGINERSIN,25-Jan-2018,197.5,CE,0,0,0,6,5.65,0,0,0,0,19-DEC-2017,
OPTSTK,ENGINERSIN,25-Jan-2018,200,CE,0,0,0,5.45,4.75,0,0,0,0,19-DEC-2017,
OPTSTK,ENGINERSIN,25-Jan-2018,202.5,CE,0,0,0,4.95,4,0,0,0,0,19-DEC-2017,
OPTSTK,ENGINERSIN,25-Jan-2018,205,CE,0,0,0,4.5,3.3,0,0,0,0,19-DEC-2017,
OPTSTK,ENGINERSIN,25-Jan-2018,207.5,CE,0,0,0,4.1,2.75,0,0,0,0,19-DEC-2017,
OPTSTK,ENGINERSIN,25-Jan-2018,210,CE,0,0,0,1.9,2.25,0,0,3500,0,19-DEC-2017,
OPTSTK,ENGINERSIN,25-Jan-2018,212.5,CE,0,0,0,3.35,1.85,0,0,0,0,19-DEC-2017,
OPTSTK,ENGINERSIN,25-Jan-2018,215,CE,0,0,0,3.05,1.5,0,0,0,0,19-DEC-2017,
OPTSTK,ENGINERSIN,25-Jan-2018,217.5,CE,0,0,0,2.75,1.2,0,0,0,0,19-DEC-2017,
OPTSTK,ENGINERSIN,25-Jan-2018,120,PE,0,0,0,0.55,0,0,0,0,0,19-DEC-2017,
OPTSTK,ENGINERSIN,25-Jan-2018,122.5,PE,0,0,0,0.7,0,0,0,0,0,19-DEC-2017,
OPTSTK,ENGINERSIN,25-Jan-2018,125,PE,0,0,0,0.9,0,0,0,0,0,19-DEC-2017,
OPTSTK,ENGINERSIN,25-Jan-2018,127.5,PE,0,0,0,1.1,0,0,0,0,0,19-DEC-2017,
OPTSTK,ENGINERSIN,25-Jan-2018,130,PE,0,0,0,1.35,0,0,0,0,0,19-DEC-2017,
OPTSTK,ENGINERSIN,25-Jan-2018,132.5,PE,0,0,0,1.65,0,0,0,0,0,19-DEC-2017,
OPTSTK,ENGINERSIN,25-Jan-2018,135,PE,0,0,0,2,0,0,0,0,0,19-DEC-2017,
OPTSTK,ENGINERSIN,25-Jan-2018,137.5,PE,0,0,0,2.4,0,0,0,0,0,19-DEC-2017,
OPTSTK,ENGINERSIN,25-Jan-2018,140,PE,0,0,0,2.85,0,0,0,0,0,19-DEC-2017,
OPTSTK,ENGINERSIN,25-Jan-2018,142.5,PE,0,0,0,3.35,0.05,0,0,0,0,19-DEC-2017,
OPTSTK,ENGINERSIN,25-Jan-2018,145,PE,0,0,0,3.9,0.05,0,0,0,0,19-DEC-2017,
OPTSTK,ENGINERSIN,25-Jan-2018,147.5,PE,0,0,0,4.55,0.05,0,0,0,0,19-DEC-2017,
OPTSTK,ENGINERSIN,25-Jan-2018,150,PE,0,0,0,5.2,0.05,0,0,0,0,19-DEC-2017,
OPTSTK,ENGINERSIN,25-Jan-2018,152.5,PE,0,0,0,6,0.1,0,0,0,0,19-DEC-2017,
OPTSTK,ENGINERSIN,25-Jan-2018,155,PE,0,0,0,6.8,0.15,0,0,0,0,19-DEC-2017,
OPTSTK,ENGINERSIN,25-Jan-2018,157.5,PE,0,0,0,7.7,0.2,0,0,0,0,19-DEC-2017,
OPTSTK,ENGINERSIN,25-Jan-2018,160,PE,0,0,0,8.65,0.3,0,0,0,0,19-DEC-2017,
OPTSTK,ENGINERSIN,25-Jan-2018,162.5,PE,0,0,0,9.7,0.4,0,0,0,0,19-DEC-2017,
OPTSTK,ENGINERSIN,25-Jan-2018,165,PE,0,0,0,10.8,0.55,0,0,0,0,19-DEC-2017,
OPTSTK,ENGINERSIN,25-Jan-2018,167.5,PE,0,0,0,11.95,0.8,0,0,0,0,19-DEC-2017,
OPTSTK,ENGINERSIN,25-Jan-2018,170,PE,0,0,0,13.2,1.05,0,0,0,0,19-DEC-2017,
OPTSTK,ENGINERSIN,25-Jan-2018,172.5,PE,0,0,0,14.5,1.4,0,0,0,0,19-DEC-2017,
OPTSTK,ENGINERSIN,25-Jan-2018,175,PE,0,0,0,15.9,1.85,0,0,0,0,19-DEC-2017,
OPTSTK,ENGINERSIN,25-Jan-2018,177.5,PE,0,0,0,17.35,2.35,0,0,0,0,19-DEC-2017,
OPTSTK,ENGINERSIN,25-Jan-2018,180,PE,0,0,0,18.85,3,0,0,0,0,19-DEC-2017,
OPTSTK,ENGINERSIN,25-Jan-2018,182.5,PE,0,0,0,20.4,3.75,0,0,0,0,19-DEC-2017,
OPTSTK,ENGINERSIN,25-Jan-2018,185,PE,0,0,0,22.05,4.6,0,0,0,0,19-DEC-2017,
OPTSTK,ENGINERSIN,25-Jan-2018,187.5,PE,0,0,0,23.7,5.6,0,0,0,0,19-DEC-2017,
OPTSTK,ENGINERSIN,25-Jan-2018,190,PE,0,0,0,25.45,6.7,0,0,0,0,19-DEC-2017,
OPTSTK,ENGINERSIN,25-Jan-2018,192.5,PE,0,0,0,27.25,7.95,0,0,0,0,19-DEC-2017,
OPTSTK,ENGINERSIN,25-Jan-2018,195,PE,0,0,0,29.1,9.3,0,0,0,0,19-DEC-2017,
OPTSTK,ENGINERSIN,25-Jan-2018,197.5,PE,0,0,0,31,10.8,0,0,0,0,19-DEC-2017,
OPTSTK,ENGINERSIN,25-Jan-2018,200,PE,0,0,0,32.9,12.4,0,0,0,0,19-DEC-2017,
OPTSTK,ENGINERSIN,25-Jan-2018,202.5,PE,0,0,0,34.9,14.1,0,0,0,0,19-DEC-2017,
OPTSTK,ENGINERSIN,25-Jan-2018,205,PE,0,0,0,36.9,15.95,0,0,0,0,19-DEC-2017,
OPTSTK,ENGINERSIN,25-Jan-2018,207.5,PE,0,0,0,38.95,17.85,0,0,0,0,19-DEC-2017,
OPTSTK,ENGINERSIN,25-Jan-2018,210,PE,0,0,0,41,19.85,0,0,0,0,19-DEC-2017,
OPTSTK,ENGINERSIN,25-Jan-2018,212.5,PE,0,0,0,43.15,21.9,0,0,0,0,19-DEC-2017,
OPTSTK,ENGINERSIN,25-Jan-2018,215,PE,0,0,0,45.25,24.05,0,0,0,0,19-DEC-2017,
OPTSTK,ENGINERSIN,25-Jan-2018,217.5,PE,0,0,0,47.45,26.25,0,0,0,0,19-DEC-2017,
OPTSTK,ENGINERSIN,22-Feb-2018,137.5,CE,0,0,0,52.45,55.2,0,0,0,0,19-DEC-2017,
OPTSTK,ENGINERSIN,22-Feb-2018,140,CE,0,0,0,50.05,52.75,0,0,0,0,19-DEC-2017,
OPTSTK,ENGINERSIN,22-Feb-2018,142.5,CE,0,0,0,47.75,50.3,0,0,0,0,19-DEC-2017,
OPTSTK,ENGINERSIN,22-Feb-2018,145,CE,0,0,0,45.4,47.85,0,0,0,0,19-DEC-2017,
OPTSTK,ENGINERSIN,22-Feb-2018,147.5,CE,0,0,0,43.15,45.45,0,0,0,0,19-DEC-2017,
OPTSTK,ENGINERSIN,22-Feb-2018,150,CE,0,0,0,40.9,43.05,0,0,0,0,19-DEC-2017,
OPTSTK,ENGINERSIN,22-Feb-2018,152.5,CE,0,0,0,38.7,40.7,0,0,0,0,19-DEC-2017,
OPTSTK,ENGINERSIN,22-Feb-2018,155,CE,0,0,0,36.55,38.35,0,0,0,0,19-DEC-2017,
OPTSTK,ENGINERSIN,22-Feb-2018,157.5,CE,0,0,0,34.45,36.05,0,0,0,0,19-DEC-2017,
OPTSTK,ENGINERSIN,22-Feb-2018,160,CE,0,0,0,32.4,33.8,0,0,0,0,19-DEC-2017,
OPTSTK,ENGINERSIN,22-Feb-2018,162.5,CE,0,0,0,30.4,31.6,0,0,0,0,19-DEC-2017,
OPTSTK,ENGINERSIN,22-Feb-2018,165,CE,0,0,0,28.45,29.4,0,0,0,0,19-DEC-2017,
OPTSTK,ENGINERSIN,22-Feb-2018,167.5,CE,0,0,0,26.6,27.3,0,0,0,0,19-DEC-2017,
OPTSTK,ENGINERSIN,22-Feb-2018,170,CE,0,0,0,24.8,25.3,0,0,0,0,19-DEC-2017,
OPTSTK,ENGINERSIN,22-Feb-2018,172.5,CE,0,0,0,23.05,23.3,0,0,0,0,19-DEC-2017,
OPTSTK,ENGINERSIN,22-Feb-2018,175,CE,0,0,0,21.4,21.45,0,0,0,0,19-DEC-2017,
OPTSTK,ENGINERSIN,22-Feb-2018,177.5,CE,0,0,0,19.8,19.65,0,0,0,0,19-DEC-2017,
OPTSTK,ENGINERSIN,22-Feb-2018,180,CE,0,0,0,18.3,17.9,0,0,0,0,19-DEC-2017,
OPTSTK,ENGINERSIN,22-Feb-2018,182.5,CE,0,0,0,16.9,16.3,0,0,0,0,19-DEC-2017,
OPTSTK,ENGINERSIN,22-Feb-2018,185,CE,0,0,0,15.55,14.75,0,0,0,0,19-DEC-2017,
OPTSTK,ENGINERSIN,22-Feb-2018,187.5,CE,0,0,0,14.25,13.35,0,0,0,0,19-DEC-2017,
OPTSTK,ENGINERSIN,22-Feb-2018,190,CE,0,0,0,13.05,12,0,0,0,0,19-DEC-2017,
OPTSTK,ENGINERSIN,22-Feb-2018,192.5,CE,0,0,0,11.95,10.75,0,0,0,0,19-DEC-2017,
OPTSTK,ENGINERSIN,22-Feb-2018,195,CE,0,0,0,10.9,9.6,0,0,0,0,19-DEC-2017,
OPTSTK,ENGINERSIN,22-Feb-2018,197.5,CE,0,0,0,9.9,8.55,0,0,0,0,19-DEC-2017,
OPTSTK,ENGINERSIN,22-Feb-2018,200,CE,0,0,0,9,7.55,0,0,0,0,19-DEC-2017,
OPTSTK,ENGINERSIN,22-Feb-2018,202.5,CE,0,0,0,8.15,6.7,0,0,0,0,19-DEC-2017,
OPTSTK,ENGINERSIN,22-Feb-2018,205,CE,0,0,0,7.4,5.9,0,0,0,0,19-DEC-2017,
OPTSTK,ENGINERSIN,22-Feb-2018,207.5,CE,0,0,0,6.65,5.15,0,0,0,0,19-DEC-2017,
OPTSTK,ENGINERSIN,22-Feb-2018,210,CE,0,0,0,6,4.5,0,0,0,0,19-DEC-2017,
OPTSTK,ENGINERSIN,22-Feb-2018,212.5,CE,0,0,0,5.4,3.95,0,0,0,0,19-DEC-2017,
OPTSTK,ENGINERSIN,22-Feb-2018,215,CE,0,0,0,4.85,3.4,0,0,0,0,19-DEC-2017,
OPTSTK,ENGINERSIN,22-Feb-2018,217.5,CE,0,0,0,4.35,2.95,0,0,0,0,19-DEC-2017,
OPTSTK,ENGINERSIN,22-Feb-2018,137.5,PE,0,0,0,0.35,0.05,0,0,0,0,19-DEC-2017,
OPTSTK,ENGINERSIN,22-Feb-2018,140,PE,0,0,0,0.45,0.1,0,0,0,0,19-DEC-2017,
OPTSTK,ENGINERSIN,22-Feb-2018,142.5,PE,0,0,0,0.55,0.1,0,0,0,0,19-DEC-2017,
OPTSTK,ENGINERSIN,22-Feb-2018,145,PE,0,0,0,0.7,0.15,0,0,0,0,19-DEC-2017,
OPTSTK,ENGINERSIN,22-Feb-2018,147.5,PE,0,0,0,0.9,0.2,0,0,0,0,19-DEC-2017,
OPTSTK,ENGINERSIN,22-Feb-2018,150,PE,0,0,0,1.1,0.3,0,0,0,0,19-DEC-2017,
OPTSTK,ENGINERSIN,22-Feb-2018,152.5,PE,0,0,0,1.35,0.4,0,0,0,0,19-DEC-2017,
OPTSTK,ENGINERSIN,22-Feb-2018,155,PE,0,0,0,1.7,0.55,0,0,0,0,19-DEC-2017,
OPTSTK,ENGINERSIN,22-Feb-2018,157.5,PE,0,0,0,2.05,0.7,0,0,0,0,19-DEC-2017,
OPTSTK,ENGINERSIN,22-Feb-2018,160,PE,0,0,0,2.45,0.9,0,0,0,0,19-DEC-2017,
OPTSTK,ENGINERSIN,22-Feb-2018,162.5,PE,0,0,0,2.9,1.15,0,0,0,0,19-DEC-2017,
OPTSTK,ENGINERSIN,22-Feb-2018,165,PE,0,0,0,3.45,1.5,0,0,0,0,19-DEC-2017,
OPTSTK,ENGINERSIN,22-Feb-2018,167.5,PE,0,0,0,4.05,1.85,0,0,0,0,19-DEC-2017,
OPTSTK,ENGINERSIN,22-Feb-2018,170,PE,0,0,0,4.7,2.3,0,0,0,0,19-DEC-2017,
OPTSTK,ENGINERSIN,22-Feb-2018,172.5,PE,0,0,0,5.45,2.8,0,0,0,0,19-DEC-2017,
OPTSTK,ENGINERSIN,22-Feb-2018,175,PE,0,0,0,6.25,3.4,0,0,0,0,19-DEC-2017,
OPTSTK,ENGINERSIN,22-Feb-2018,177.5,PE,0,0,0,7.1,4.05,0,0,0,0,19-DEC-2017,
OPTSTK,ENGINERSIN,22-Feb-2018,180,PE,0,0,0,8.1,4.8,0,0,0,0,19-DEC-2017,
OPTSTK,ENGINERSIN,22-Feb-2018,182.5,PE,0,0,0,9.1,5.65,0,0,0,0,19-DEC-2017,
OPTSTK,ENGINERSIN,22-Feb-2018,185,PE,0,0,0,10.25,6.6,0,0,0,0,19-DEC-2017,
OPTSTK,ENGINERSIN,22-Feb-2018,187.5,PE,0,0,0,11.45,7.65,0,0,0,0,19-DEC-2017,
OPTSTK,ENGINERSIN,22-Feb-2018,190,PE,0,0,0,12.7,8.8,0,0,0,0,19-DEC-2017,
OPTSTK,ENGINERSIN,22-Feb-2018,192.5,PE,0,0,0,14.05,10,0,0,0,0,19-DEC-2017,
OPTSTK,ENGINERSIN,22-Feb-2018,195,PE,0,0,0,15.45,11.3,0,0,0,0,19-DEC-2017,
OPTSTK,ENGINERSIN,22-Feb-2018,197.5,PE,0,0,0,16.95,12.75,0,0,0,0,19-DEC-2017,
OPTSTK,ENGINERSIN,22-Feb-2018,200,PE,0,0,0,18.5,14.25,0,0,0,0,19-DEC-2017,
OPTSTK,ENGINERSIN,22-Feb-2018,202.5,PE,0,0,0,20.1,15.85,0,0,0,0,19-DEC-2017,
OPTSTK,ENGINERSIN,22-Feb-2018,205,PE,0,0,0,21.8,17.5,0,0,0,0,19-DEC-2017,
OPTSTK,ENGINERSIN,22-Feb-2018,207.5,PE,0,0,0,23.55,19.25,0,0,0,0,19-DEC-2017,
OPTSTK,ENGINERSIN,22-Feb-2018,210,PE,0,0,0,25.35,21.1,0,0,0,0,19-DEC-2017,
OPTSTK,ENGINERSIN,22-Feb-2018,212.5,PE,0,0,0,27.25,22.95,0,0,0,0,19-DEC-2017,
OPTSTK,ENGINERSIN,22-Feb-2018,215,PE,0,0,0,29.15,24.9,0,0,0,0,19-DEC-2017,
OPTSTK,ENGINERSIN,22-Feb-2018,217.5,PE,0,0,0,31.1,26.95,0,0,0,0,19-DEC-2017,
OPTSTK,EQUITAS,28-Dec-2017,100,CE,0,0,0,53.55,41,0,0,0,0,19-DEC-2017,
OPTSTK,EQUITAS,28-Dec-2017,105,CE,0,0,0,48.7,36,0,0,0,0,19-DEC-2017,
OPTSTK,EQUITAS,28-Dec-2017,110,CE,0,0,0,43.9,31,0,0,0,0,19-DEC-2017,
OPTSTK,EQUITAS,28-Dec-2017,115,CE,0,0,0,39.2,26,0,0,0,0,19-DEC-2017,
OPTSTK,EQUITAS,28-Dec-2017,120,CE,0,0,0,34.65,21,0,0,0,0,19-DEC-2017,
OPTSTK,EQUITAS,28-Dec-2017,125,CE,0,0,0,30.25,16.05,0,0,0,0,19-DEC-2017,
OPTSTK,EQUITAS,28-Dec-2017,130,CE,0,0,0,9,11.15,0,0,19200,0,19-DEC-2017,
OPTSTK,EQUITAS,28-Dec-2017,135,CE,7.15,7.15,6.2,6.25,6.25,11,49.8,67200,-22400,19-DEC-2017,
OPTSTK,EQUITAS,28-Dec-2017,140,CE,3.25,4.1,2.85,3.4,3.4,53,242.96,390400,-12800,19-DEC-2017,
OPTSTK,EQUITAS,28-Dec-2017,145,CE,1.35,1.65,1.35,1.45,1.45,18,84.38,294400,0,19-DEC-2017,
OPTSTK,EQUITAS,28-Dec-2017,150,CE,0.8,0.9,0.65,0.8,0.8,40,193.02,921600,32000,19-DEC-2017,
OPTSTK,EQUITAS,28-Dec-2017,155,CE,0.4,0.45,0.35,0.4,0.4,11,54.7,316800,-6400,19-DEC-2017,
OPTSTK,EQUITAS,28-Dec-2017,160,CE,0.25,0.25,0.2,0.25,0.25,14,71.78,374400,-19200,19-DEC-2017,
OPTSTK,EQUITAS,28-Dec-2017,165,CE,0.15,0.15,0.15,0.15,0.15,2,10.56,131200,-6400,19-DEC-2017,
OPTSTK,EQUITAS,28-Dec-2017,170,CE,0.2,0.2,0.15,0.15,0.15,4,21.78,102400,-3200,19-DEC-2017,
OPTSTK,EQUITAS,28-Dec-2017,175,CE,0,0,0,0.6,0,0,0,3200,0,19-DEC-2017,
OPTSTK,EQUITAS,28-Dec-2017,180,CE,0,0,0,0.1,0,0,0,12800,0,19-DEC-2017,
OPTSTK,EQUITAS,28-Dec-2017,185,CE,0,0,0,2.35,0,0,0,0,0,19-DEC-2017,
OPTSTK,EQUITAS,28-Dec-2017,190,CE,0,0,0,1.75,0,0,0,0,0,19-DEC-2017,
OPTSTK,EQUITAS,28-Dec-2017,195,CE,0,0,0,1.3,0,0,0,0,0,19-DEC-2017,
OPTSTK,EQUITAS,28-Dec-2017,200,CE,0,0,0,1,0,0,0,0,0,19-DEC-2017,
OPTSTK,EQUITAS,28-Dec-2017,205,CE,0,0,0,0.7,0,0,0,0,0,19-DEC-2017,
OPTSTK,EQUITAS,28-Dec-2017,210,CE,0,0,0,0.55,0,0,0,0,0,19-DEC-2017,
OPTSTK,EQUITAS,28-Dec-2017,100,PE,0,0,0,0.05,0,0,0,0,0,19-DEC-2017,
OPTSTK,EQUITAS,28-Dec-2017,105,PE,0,0,0,0.15,0,0,0,0,0,19-DEC-2017,
OPTSTK,EQUITAS,28-Dec-2017,110,PE,0,0,0,0.3,0,0,0,0,0,19-DEC-2017,
OPTSTK,EQUITAS,28-Dec-2017,115,PE,0.1,0.1,0.1,0.1,0.1,2,7.36,3200,-3200,19-DEC-2017,
OPTSTK,EQUITAS,28-Dec-2017,120,PE,0,0,0,0.2,0,0,0,12800,0,19-DEC-2017,
OPTSTK,EQUITAS,28-Dec-2017,125,PE,0.1,0.1,0.1,0.1,0.1,2,8,51200,-3200,19-DEC-2017,
OPTSTK,EQUITAS,28-Dec-2017,130,PE,0.25,0.25,0.15,0.15,0.15,11,45.83,147200,0,19-DEC-2017,
OPTSTK,EQUITAS,28-Dec-2017,135,PE,0.95,1.05,0.65,0.9,0.9,12,52.18,134400,-3200,19-DEC-2017,
OPTSTK,EQUITAS,28-Dec-2017,140,PE,2.5,2.7,2,2.3,2.3,13,59.21,217600,-12800,19-DEC-2017,
OPTSTK,EQUITAS,28-Dec-2017,145,PE,5.25,5.25,4.65,4.9,4.9,3,14.4,140800,6400,19-DEC-2017,
OPTSTK,EQUITAS,28-Dec-2017,150,PE,0,0,0,14.1,9.35,0,0,144000,0,19-DEC-2017,
OPTSTK,EQUITAS,28-Dec-2017,155,PE,0,0,0,9.5,14.05,0,0,22400,0,19-DEC-2017,
OPTSTK,EQUITAS,28-Dec-2017,160,PE,0,0,0,18.85,19,0,0,25600,0,19-DEC-2017,
OPTSTK,EQUITAS,28-Dec-2017,165,PE,0,0,0,18,23.95,0,0,25600,0,19-DEC-2017,
OPTSTK,EQUITAS,28-Dec-2017,170,PE,0,0,0,19.9,28.95,0,0,22400,0,19-DEC-2017,
OPTSTK,EQUITAS,28-Dec-2017,175,PE,0,0,0,24.35,33.95,0,0,0,0,19-DEC-2017,
OPTSTK,EQUITAS,28-Dec-2017,180,PE,0,0,0,30,38.95,0,0,3200,0,19-DEC-2017,
OPTSTK,EQUITAS,28-Dec-2017,185,PE,0,0,0,32.5,43.95,0,0,0,0,19-DEC-2017,
OPTSTK,EQUITAS,28-Dec-2017,190,PE,0,0,0,36.85,48.9,0,0,0,0,19-DEC-2017,
OPTSTK,EQUITAS,28-Dec-2017,195,PE,0,0,0,41.35,53.9,0,0,0,0,19-DEC-2017,
OPTSTK,EQUITAS,28-Dec-2017,200,PE,0,0,0,48,58.9,0,0,3200,0,19-DEC-2017,
OPTSTK,EQUITAS,28-Dec-2017,205,PE,0,0,0,50.6,63.9,0,0,0,0,19-DEC-2017,
OPTSTK,EQUITAS,28-Dec-2017,210,PE,0,0,0,55.3,68.9,0,0,0,0,19-DEC-2017,
OPTSTK,EQUITAS,25-Jan-2018,100,CE,0,0,0,47.7,41.45,0,0,0,0,19-DEC-2017,
OPTSTK,EQUITAS,25-Jan-2018,105,CE,0,0,0,42.8,36.5,0,0,0,0,19-DEC-2017,
OPTSTK,EQUITAS,25-Jan-2018,110,CE,0,0,0,38,31.55,0,0,0,0,19-DEC-2017,
OPTSTK,EQUITAS,25-Jan-2018,115,CE,0,0,0,33.25,26.65,0,0,0,0,19-DEC-2017,
OPTSTK,EQUITAS,25-Jan-2018,120,CE,0,0,0,28.65,21.85,0,0,0,0,19-DEC-2017,
OPTSTK,EQUITAS,25-Jan-2018,125,CE,0,0,0,24.25,17.3,0,0,0,0,19-DEC-2017,
OPTSTK,EQUITAS,25-Jan-2018,130,CE,0,0,0,20.15,13.15,0,0,0,0,19-DEC-2017,
OPTSTK,EQUITAS,25-Jan-2018,135,CE,0,0,0,16.4,9.5,0,0,0,0,19-DEC-2017,
OPTSTK,EQUITAS,25-Jan-2018,140,CE,8.1,8.1,8.1,8.1,8.1,2,9.47,9600,6400,19-DEC-2017,
OPTSTK,EQUITAS,25-Jan-2018,145,CE,0,0,0,5,4.25,0,0,6400,0,19-DEC-2017,
OPTSTK,EQUITAS,25-Jan-2018,150,CE,0,0,0,3,2.6,0,0,9600,0,19-DEC-2017,
OPTSTK,EQUITAS,25-Jan-2018,155,CE,0,0,0,5.85,1.55,0,0,0,0,19-DEC-2017,
OPTSTK,EQUITAS,25-Jan-2018,160,CE,0,0,0,4.3,0.85,0,0,0,0,19-DEC-2017,
OPTSTK,EQUITAS,25-Jan-2018,165,CE,0,0,0,3.1,0.45,0,0,0,0,19-DEC-2017,
OPTSTK,EQUITAS,25-Jan-2018,170,CE,0,0,0,2.2,0.25,0,0,0,0,19-DEC-2017,
OPTSTK,EQUITAS,25-Jan-2018,175,CE,0,0,0,1.55,0.1,0,0,0,0,19-DEC-2017,
OPTSTK,EQUITAS,25-Jan-2018,180,CE,0,0,0,1.05,0.05,0,0,0,0,19-DEC-2017,
OPTSTK,EQUITAS,25-Jan-2018,185,CE,0,0,0,0.7,0.05,0,0,0,0,19-DEC-2017,
OPTSTK,EQUITAS,25-Jan-2018,190,CE,0,0,0,0.5,0.05,0,0,0,0,19-DEC-2017,
OPTSTK,EQUITAS,25-Jan-2018,195,CE,0,0,0,0.3,0,0,0,0,0,19-DEC-2017,
OPTSTK,EQUITAS,25-Jan-2018,200,CE,0,0,0,0.2,0,0,0,0,0,19-DEC-2017,
OPTSTK,EQUITAS,25-Jan-2018,205,CE,0,0,0,0.15,0,0,0,0,0,19-DEC-2017,
OPTSTK,EQUITAS,25-Jan-2018,210,CE,0,0,0,0.1,0,0,0,0,0,19-DEC-2017,
OPTSTK,EQUITAS,25-Jan-2018,100,PE,0,0,0,0.05,0,0,0,0,0,19-DEC-2017,
OPTSTK,EQUITAS,25-Jan-2018,105,PE,0,0,0,0.05,0,0,0,0,0,19-DEC-2017,
OPTSTK,EQUITAS,25-Jan-2018,110,PE,0,0,0,0.15,0.05,0,0,0,0,19-DEC-2017,
OPTSTK,EQUITAS,25-Jan-2018,115,PE,0,0,0,0.35,0.1,0,0,0,0,19-DEC-2017,
OPTSTK,EQUITAS,25-Jan-2018,120,PE,0,0,0,0.65,0.3,0,0,0,0,19-DEC-2017,
OPTSTK,EQUITAS,25-Jan-2018,125,PE,0,0,0,4.5,0.7,0,0,3200,0,19-DEC-2017,
OPTSTK,EQUITAS,25-Jan-2018,130,PE,2.8,2.8,2.8,2.8,2.8,1,4.24,3200,0,19-DEC-2017,
OPTSTK,EQUITAS,25-Jan-2018,135,PE,0,0,0,3.2,2.8,0,0,0,0,19-DEC-2017,
OPTSTK,EQUITAS,25-Jan-2018,140,PE,0,0,0,4.8,4.8,0,0,0,0,19-DEC-2017,
OPTSTK,EQUITAS,25-Jan-2018,145,PE,0,0,0,6.85,7.5,0,0,0,0,19-DEC-2017,
OPTSTK,EQUITAS,25-Jan-2018,150,PE,0,0,0,9.35,10.85,0,0,0,0,19-DEC-2017,
OPTSTK,EQUITAS,25-Jan-2018,155,PE,0,0,0,12.35,14.7,0,0,0,0,19-DEC-2017,
OPTSTK,EQUITAS,25-Jan-2018,160,PE,0,0,0,15.7,19,0,0,0,0,19-DEC-2017,
OPTSTK,EQUITAS,25-Jan-2018,165,PE,0,0,0,19.45,23.6,0,0,0,0,19-DEC-2017,
OPTSTK,EQUITAS,25-Jan-2018,170,PE,0,0,0,23.45,28.35,0,0,0,0,19-DEC-2017,
OPTSTK,EQUITAS,25-Jan-2018,175,PE,0,0,0,27.7,33.2,0,0,0,0,19-DEC-2017,
OPTSTK,EQUITAS,25-Jan-2018,180,PE,0,0,0,32.15,38.1,0,0,0,0,19-DEC-2017,
OPTSTK,EQUITAS,25-Jan-2018,185,PE,0,0,0,36.7,43.05,0,0,0,0,19-DEC-2017,
OPTSTK,EQUITAS,25-Jan-2018,190,PE,0,0,0,41.4,48,0,0,0,0,19-DEC-2017,
OPTSTK,EQUITAS,25-Jan-2018,195,PE,0,0,0,46.15,52.95,0,0,0,0,19-DEC-2017,
OPTSTK,EQUITAS,25-Jan-2018,200,PE,0,0,0,50.95,57.9,0,0,0,0,19-DEC-2017,
OPTSTK,EQUITAS,25-Jan-2018,205,PE,0,0,0,55.85,62.9,0,0,0,0,19-DEC-2017,
OPTSTK,EQUITAS,25-Jan-2018,210,PE,0,0,0,60.7,67.85,0,0,0,0,19-DEC-2017,
OPTSTK,EQUITAS,22-Feb-2018,100,CE,0,0,0,49.1,42,0,0,0,0,19-DEC-2017,
OPTSTK,EQUITAS,22-Feb-2018,105,CE,0,0,0,44.2,37.1,0,0,0,0,19-DEC-2017,
OPTSTK,EQUITAS,22-Feb-2018,110,CE,0,0,0,39.3,32.25,0,0,0,0,19-DEC-2017,
OPTSTK,EQUITAS,22-Feb-2018,115,CE,0,0,0,34.5,27.5,0,0,0,0,19-DEC-2017,
OPTSTK,EQUITAS,22-Feb-2018,120,CE,0,0,0,29.8,23,0,0,0,0,19-DEC-2017,
OPTSTK,EQUITAS,22-Feb-2018,125,CE,0,0,0,25.25,18.75,0,0,0,0,19-DEC-2017,
OPTSTK,EQUITAS,22-Feb-2018,130,CE,0,0,0,21,14.95,0,0,0,0,19-DEC-2017,
OPTSTK,EQUITAS,22-Feb-2018,135,CE,0,0,0,17.1,11.55,0,0,0,0,19-DEC-2017,
OPTSTK,EQUITAS,22-Feb-2018,140,CE,0,0,0,13.6,8.7,0,0,0,0,19-DEC-2017,
OPTSTK,EQUITAS,22-Feb-2018,145,CE,0,0,0,10.55,6.35,0,0,0,0,19-DEC-2017,
OPTSTK,EQUITAS,22-Feb-2018,150,CE,0,0,0,8,4.5,0,0,0,0,19-DEC-2017,
OPTSTK,EQUITAS,22-Feb-2018,155,CE,0,0,0,5.9,3.15,0,0,0,0,19-DEC-2017,
OPTSTK,EQUITAS,22-Feb-2018,160,CE,0,0,0,4.3,2.1,0,0,0,0,19-DEC-2017,
OPTSTK,EQUITAS,22-Feb-2018,165,CE,0,0,0,3.05,1.4,0,0,0,0,19-DEC-2017,
OPTSTK,EQUITAS,22-Feb-2018,170,CE,0,0,0,2.1,0.9,0,0,0,0,19-DEC-2017,
OPTSTK,EQUITAS,22-Feb-2018,175,CE,0,0,0,1.45,0.55,0,0,0,0,19-DEC-2017,
OPTSTK,EQUITAS,22-Feb-2018,180,CE,0,0,0,0.95,0.35,0,0,0,0,19-DEC-2017,
OPTSTK,EQUITAS,22-Feb-2018,185,CE,0,0,0,0.65,0.2,0,0,0,0,19-DEC-2017,
OPTSTK,EQUITAS,22-Feb-2018,190,CE,0,0,0,0.4,0.15,0,0,0,0,19-DEC-2017,
OPTSTK,EQUITAS,22-Feb-2018,195,CE,0,0,0,0.25,0.1,0,0,0,0,19-DEC-2017,
OPTSTK,EQUITAS,22-Feb-2018,200,CE,0,0,0,0.15,0.05,0,0,0,0,19-DEC-2017,
OPTSTK,EQUITAS,22-Feb-2018,205,CE,0,0,0,0.1,0.05,0,0,0,0,19-DEC-2017,
OPTSTK,EQUITAS,22-Feb-2018,210,CE,0,0,0,0.05,0.05,0,0,0,0,19-DEC-2017,
OPTSTK,EQUITAS,22-Feb-2018,100,PE,0,0,0,0.05,0.05,0,0,0,0,19-DEC-2017,
OPTSTK,EQUITAS,22-Feb-2018,105,PE,0,0,0,0.05,0.1,0,0,0,0,19-DEC-2017,
OPTSTK,EQUITAS,22-Feb-2018,110,PE,0,0,0,0.1,0.2,0,0,0,0,19-DEC-2017,
OPTSTK,EQUITAS,22-Feb-2018,115,PE,0,0,0,0.2,0.4,0,0,0,0,19-DEC-2017,
OPTSTK,EQUITAS,22-Feb-2018,120,PE,0,0,0,0.45,0.85,0,0,0,0,19-DEC-2017,
OPTSTK,EQUITAS,22-Feb-2018,125,PE,0,0,0,0.85,1.55,0,0,0,0,19-DEC-2017,
OPTSTK,EQUITAS,22-Feb-2018,130,PE,0,0,0,1.5,2.65,0,0,0,0,19-DEC-2017,
OPTSTK,EQUITAS,22-Feb-2018,135,PE,0,0,0,2.5,4.2,0,0,0,0,19-DEC-2017,
OPTSTK,EQUITAS,22-Feb-2018,140,PE,0,0,0,3.95,6.3,0,0,0,0,19-DEC-2017,
OPTSTK,EQUITAS,22-Feb-2018,145,PE,0,0,0,5.85,8.9,0,0,0,0,19-DEC-2017,
OPTSTK,EQUITAS,22-Feb-2018,150,PE,0,0,0,8.2,12,0,0,0,0,19-DEC-2017,
OPTSTK,EQUITAS,22-Feb-2018,155,PE,0,0,0,11.05,15.55,0,0,0,0,19-DEC-2017,
OPTSTK,EQUITAS,22-Feb-2018,160,PE,0,0,0,14.35,19.5,0,0,0,0,19-DEC-2017,
OPTSTK,EQUITAS,22-Feb-2018,165,PE,0,0,0,18.05,23.7,0,0,0,0,19-DEC-2017,
OPTSTK,EQUITAS,22-Feb-2018,170,PE,0,0,0,22.05,28.15,0,0,0,0,19-DEC-2017,
OPTSTK,EQUITAS,22-Feb-2018,175,PE,0,0,0,26.3,32.75,0,0,0,0,19-DEC-2017,
OPTSTK,EQUITAS,22-Feb-2018,180,PE,0,0,0,30.75,37.5,0,0,0,0,19-DEC-2017,
OPTSTK,EQUITAS,22-Feb-2018,185,PE,0,0,0,35.35,42.3,0,0,0,0,19-DEC-2017,
OPTSTK,EQUITAS,22-Feb-2018,190,PE,0,0,0,40.05,47.15,0,0,0,0,19-DEC-2017,
OPTSTK,EQUITAS,22-Feb-2018,195,PE,0,0,0,44.8,52.05,0,0,0,0,19-DEC-2017,
OPTSTK,EQUITAS,22-Feb-2018,200,PE,0,0,0,49.65,57,0,0,0,0,19-DEC-2017,
OPTSTK,EQUITAS,22-Feb-2018,205,PE,0,0,0,54.5,61.9,0,0,0,0,19-DEC-2017,
OPTSTK,EQUITAS,22-Feb-2018,210,PE,0,0,0,59.4,66.85,0,0,0,0,19-DEC-2017,
OPTSTK,ESCORTS,28-Dec-2017,400,CE,0,0,0,242.55,327.05,0,0,0,0,19-DEC-2017,
OPTSTK,ESCORTS,28-Dec-2017,420,CE,0,0,0,223.3,307.05,0,0,0,0,19-DEC-2017,
OPTSTK,ESCORTS,28-Dec-2017,440,CE,0,0,0,204.3,287.1,0,0,0,0,19-DEC-2017,
OPTSTK,ESCORTS,28-Dec-2017,460,CE,0,0,0,185.7,267.15,0,0,0,0,19-DEC-2017,
OPTSTK,ESCORTS,28-Dec-2017,480,CE,0,0,0,167.6,247.15,0,0,0,0,19-DEC-2017,
OPTSTK,ESCORTS,28-Dec-2017,500,CE,0,0,0,150.2,227.2,0,0,0,0,19-DEC-2017,
OPTSTK,ESCORTS,28-Dec-2017,520,CE,0,0,0,133.6,207.25,0,0,0,0,19-DEC-2017,
OPTSTK,ESCORTS,28-Dec-2017,540,CE,0,0,0,117.9,187.25,0,0,0,0,19-DEC-2017,
OPTSTK,ESCORTS,28-Dec-2017,560,CE,0,0,0,98,167.3,0,0,2200,0,19-DEC-2017,
OPTSTK,ESCORTS,28-Dec-2017,580,CE,0,0,0,87.65,147.35,0,0,1100,0,19-DEC-2017,
OPTSTK,ESCORTS,28-Dec-2017,600,CE,0,0,0,69.4,127.4,0,0,1100,0,19-DEC-2017,
OPTSTK,ESCORTS,28-Dec-2017,620,CE,0,0,0,52.9,107.5,0,0,1100,0,19-DEC-2017,
OPTSTK,ESCORTS,28-Dec-2017,640,CE,0,0,0,51.95,87.9,0,0,5500,0,19-DEC-2017,
OPTSTK,ESCORTS,28-Dec-2017,660,CE,53.2,67,53.2,64.85,64.85,9,70.93,24200,-8800,19-DEC-2017,
OPTSTK,ESCORTS,28-Dec-2017,680,CE,38.95,52.65,34.55,50.05,50.05,48,380.64,57200,-9900,19-DEC-2017,
OPTSTK,ESCORTS,28-Dec-2017,700,CE,22.5,34.5,19.35,32.75,32.75,362,2895.76,89100,-44000,19-DEC-2017,
OPTSTK,ESCORTS,28-Dec-2017,720,CE,12.55,20.5,10.7,19.05,19.05,900,7272.02,111100,-40700,19-DEC-2017,
OPTSTK,ESCORTS,28-Dec-2017,740,CE,6.95,11.25,5.3,10.55,10.55,735,6048.22,257400,-26400,19-DEC-2017,
OPTSTK,ESCORTS,28-Dec-2017,760,CE,4.15,5.5,2.9,5.15,5.15,195,1639.17,152900,-46200,19-DEC-2017,
OPTSTK,ESCORTS,28-Dec-2017,780,CE,1.9,2.7,1.8,2.35,2.35,36,309.77,52800,4400,19-DEC-2017,
OPTSTK,ESCORTS,28-Dec-2017,800,CE,1.1,1.55,0.95,1.45,1.45,27,237.94,82500,5500,19-DEC-2017,
OPTSTK,ESCORTS,28-Dec-2017,820,CE,0.85,0.9,0.8,0.85,0.85,4,36.11,16500,0,19-DEC-2017,
OPTSTK,ESCORTS,28-Dec-2017,840,CE,0,0,0,0.2,0.3,0,0,12100,0,19-DEC-2017,
OPTSTK,ESCORTS,28-Dec-2017,860,CE,0,0,0,1.3,0.1,0,0,2200,0,19-DEC-2017,
OPTSTK,ESCORTS,28-Dec-2017,880,CE,0,0,0,5.05,0.05,0,0,0,0,19-DEC-2017,
OPTSTK,ESCORTS,28-Dec-2017,900,CE,0,0,0,4,0.05,0,0,0,0,19-DEC-2017,
OPTSTK,ESCORTS,28-Dec-2017,920,CE,0,0,0,3.15,0,0,0,0,0,19-DEC-2017,
OPTSTK,ESCORTS,28-Dec-2017,400,PE,0,0,0,0.45,0,0,0,0,0,19-DEC-2017,
OPTSTK,ESCORTS,28-Dec-2017,420,PE,0,0,0,0.85,0,0,0,0,0,19-DEC-2017,
OPTSTK,ESCORTS,28-Dec-2017,440,PE,0,0,0,1.55,0,0,0,0,0,19-DEC-2017,
OPTSTK,ESCORTS,28-Dec-2017,460,PE,0,0,0,2.65,0,0,0,0,0,19-DEC-2017,
OPTSTK,ESCORTS,28-Dec-2017,480,PE,0,0,0,4.25,0,0,0,0,0,19-DEC-2017,
OPTSTK,ESCORTS,28-Dec-2017,500,PE,0,0,0,6.5,0,0,0,0,0,19-DEC-2017,
OPTSTK,ESCORTS,28-Dec-2017,520,PE,0,0,0,9.6,0,0,0,0,0,19-DEC-2017,
OPTSTK,ESCORTS,28-Dec-2017,540,PE,0,0,0,1.4,0,0,0,1100,0,19-DEC-2017,
OPTSTK,ESCORTS,28-Dec-2017,560,PE,0,0,0,1,0,0,0,2200,0,19-DEC-2017,
OPTSTK,ESCORTS,28-Dec-2017,580,PE,0.15,0.15,0.15,0.15,0.15,2,12.76,18700,-1100,19-DEC-2017,
OPTSTK,ESCORTS,28-Dec-2017,600,PE,0.25,0.25,0.2,0.25,0.25,8,52.82,58300,-3300,19-DEC-2017,
OPTSTK,ESCORTS,28-Dec-2017,620,PE,0.6,0.6,0.15,0.15,0.15,16,109.18,28600,-16500,19-DEC-2017,
OPTSTK,ESCORTS,28-Dec-2017,640,PE,0.9,0.9,0.25,0.8,0.8,24,169.12,42900,-22000,19-DEC-2017,
OPTSTK,ESCORTS,28-Dec-2017,660,PE,1.7,2,0.65,0.8,0.8,89,647.47,90200,-15400,19-DEC-2017,
OPTSTK,ESCORTS,28-Dec-2017,680,PE,4.25,4.5,1.55,1.85,1.85,231,1736.34,88000,24200,19-DEC-2017,
OPTSTK,ESCORTS,28-Dec-2017,700,PE,9.15,10.45,4.05,4.6,4.6,298,2318.25,97900,35200,19-DEC-2017,
OPTSTK,ESCORTS,28-Dec-2017,720,PE,18.85,20.65,9.5,10.45,10.45,66,532.05,35200,26400,19-DEC-2017,
OPTSTK,ESCORTS,28-Dec-2017,740,PE,33.1,33.1,26,26,26,3,25.4,7700,-3300,19-DEC-2017,
OPTSTK,ESCORTS,28-Dec-2017,760,PE,0,0,0,97.9,40.15,0,0,7700,0,19-DEC-2017,
OPTSTK,ESCORTS,28-Dec-2017,780,PE,0,0,0,132.3,56.3,0,0,2200,0,19-DEC-2017,
OPTSTK,ESCORTS,28-Dec-2017,800,PE,0,0,0,87.6,74.15,0,0,2200,0,19-DEC-2017,
OPTSTK,ESCORTS,28-Dec-2017,820,PE,0,0,0,181.2,93.1,0,0,0,0,19-DEC-2017,
OPTSTK,ESCORTS,28-Dec-2017,840,PE,0,0,0,198.95,112.6,0,0,0,0,19-DEC-2017,
OPTSTK,ESCORTS,28-Dec-2017,860,PE,0,0,0,217.05,132.4,0,0,0,0,19-DEC-2017,
OPTSTK,ESCORTS,28-Dec-2017,880,PE,0,0,0,235.45,152.3,0,0,0,0,19-DEC-2017,
OPTSTK,ESCORTS,28-Dec-2017,900,PE,0,0,0,254.1,172.25,0,0,0,0,19-DEC-2017,
OPTSTK,ESCORTS,28-Dec-2017,920,PE,0,0,0,272.95,192.2,0,0,0,0,19-DEC-2017,
OPTSTK,ESCORTS,25-Jan-2018,440,CE,0,0,0,288.95,289.3,0,0,0,0,19-DEC-2017,
OPTSTK,ESCORTS,25-Jan-2018,460,CE,0,0,0,269.35,269.4,0,0,0,0,19-DEC-2017,
OPTSTK,ESCORTS,25-Jan-2018,480,CE,0,0,0,249.75,249.55,0,0,0,0,19-DEC-2017,
OPTSTK,ESCORTS,25-Jan-2018,500,CE,0,0,0,230.3,229.75,0,0,0,0,19-DEC-2017,
OPTSTK,ESCORTS,25-Jan-2018,520,CE,0,0,0,211.05,209.95,0,0,0,0,19-DEC-2017,
OPTSTK,ESCORTS,25-Jan-2018,540,CE,0,0,0,192.1,190.3,0,0,0,0,19-DEC-2017,
OPTSTK,ESCORTS,25-Jan-2018,560,CE,0,0,0,173.5,170.85,0,0,0,0,19-DEC-2017,
OPTSTK,ESCORTS,25-Jan-2018,580,CE,0,0,0,155.45,151.75,0,0,0,0,19-DEC-2017,
OPTSTK,ESCORTS,25-Jan-2018,600,CE,0,0,0,138.15,133.2,0,0,0,0,19-DEC-2017,
OPTSTK,ESCORTS,25-Jan-2018,620,CE,0,0,0,121.65,115.35,0,0,0,0,19-DEC-2017,
OPTSTK,ESCORTS,25-Jan-2018,640,CE,0,0,0,106.15,98.5,0,0,0,0,19-DEC-2017,
OPTSTK,ESCORTS,25-Jan-2018,660,CE,0,0,0,49.9,82.85,0,0,1100,0,19-DEC-2017,
OPTSTK,ESCORTS,25-Jan-2018,680,CE,0,0,0,78.5,68.6,0,0,0,0,19-DEC-2017,
OPTSTK,ESCORTS,25-Jan-2018,700,CE,0,0,0,66.6,55.85,0,0,0,0,19-DEC-2017,
OPTSTK,ESCORTS,25-Jan-2018,720,CE,34,34,33.5,33.5,33.5,3,24.87,3300,3300,19-DEC-2017,
OPTSTK,ESCORTS,25-Jan-2018,740,CE,26.4,28.15,26.4,28.15,28.15,5,42.2,1100,0,19-DEC-2017,
OPTSTK,ESCORTS,25-Jan-2018,760,CE,0,0,0,38.35,27.3,0,0,0,0,19-DEC-2017,
OPTSTK,ESCORTS,25-Jan-2018,780,CE,12,15,12,15,15,3,26.16,3300,3300,19-DEC-2017,
OPTSTK,ESCORTS,25-Jan-2018,800,CE,0,0,0,25.4,15.65,0,0,0,0,19-DEC-2017,
OPTSTK,ESCORTS,25-Jan-2018,820,CE,0,0,0,20.45,11.55,0,0,0,0,19-DEC-2017,
OPTSTK,ESCORTS,25-Jan-2018,840,CE,0,0,0,16.3,8.4,0,0,0,0,19-DEC-2017,
OPTSTK,ESCORTS,25-Jan-2018,860,CE,0,0,0,12.9,6.05,0,0,0,0,19-DEC-2017,
OPTSTK,ESCORTS,25-Jan-2018,880,CE,0,0,0,10.1,4.3,0,0,0,0,19-DEC-2017,
OPTSTK,ESCORTS,25-Jan-2018,900,CE,0,0,0,7.9,3,0,0,0,0,19-DEC-2017,
OPTSTK,ESCORTS,25-Jan-2018,920,CE,0,0,0,6.1,2.05,0,0,0,0,19-DEC-2017,
OPTSTK,ESCORTS,25-Jan-2018,440,PE,0,0,0,0.05,0,0,0,0,0,19-DEC-2017,
OPTSTK,ESCORTS,25-Jan-2018,460,PE,0,0,0,0.1,0.05,0,0,0,0,19-DEC-2017,
OPTSTK,ESCORTS,25-Jan-2018,480,PE,0,0,0,0.25,0.05,0,0,0,0,19-DEC-2017,
OPTSTK,ESCORTS,25-Jan-2018,500,PE,0,0,0,0.5,0.1,0,0,0,0,19-DEC-2017,
OPTSTK,ESCORTS,25-Jan-2018,520,PE,0,0,0,0.9,0.2,0,0,0,0,19-DEC-2017,
OPTSTK,ESCORTS,25-Jan-2018,540,PE,0,0,0,1.6,0.4,0,0,0,0,19-DEC-2017,
OPTSTK,ESCORTS,25-Jan-2018,560,PE,0,0,0,2.7,0.8,0,0,0,0,19-DEC-2017,
OPTSTK,ESCORTS,25-Jan-2018,580,PE,0,0,0,4.4,1.6,0,0,0,0,19-DEC-2017,
OPTSTK,ESCORTS,25-Jan-2018,600,PE,0,0,0,6.75,2.9,0,0,0,0,19-DEC-2017,
OPTSTK,ESCORTS,25-Jan-2018,620,PE,0,0,0,9.9,4.95,0,0,0,0,19-DEC-2017,
OPTSTK,ESCORTS,25-Jan-2018,640,PE,7.5,7.5,7.5,7.5,7.5,1,7.12,1100,1100,19-DEC-2017,
OPTSTK,ESCORTS,25-Jan-2018,660,PE,0,0,0,19.4,12.15,0,0,0,0,19-DEC-2017,
OPTSTK,ESCORTS,25-Jan-2018,680,PE,16,16,12.45,15,15,4,30.53,2200,0,19-DEC-2017,
OPTSTK,ESCORTS,25-Jan-2018,700,PE,0,0,0,25,24.9,0,0,2200,0,19-DEC-2017,
OPTSTK,ESCORTS,25-Jan-2018,720,PE,30,30,28.5,28.5,28.5,4,32.95,4400,4400,19-DEC-2017,
OPTSTK,ESCORTS,25-Jan-2018,740,PE,0,0,0,55,44.05,0,0,1100,0,19-DEC-2017,
OPTSTK,ESCORTS,25-Jan-2018,760,PE,0,0,0,64.45,55.95,0,0,0,0,19-DEC-2017,
OPTSTK,ESCORTS,25-Jan-2018,780,PE,0,0,0,77.1,69.35,0,0,0,0,19-DEC-2017,
OPTSTK,ESCORTS,25-Jan-2018,800,PE,0,0,0,90.85,84.05,0,0,0,0,19-DEC-2017,
OPTSTK,ESCORTS,25-Jan-2018,820,PE,0,0,0,105.6,99.8,0,0,0,0,19-DEC-2017,
OPTSTK,ESCORTS,25-Jan-2018,840,PE,0,0,0,121.1,116.55,0,0,0,0,19-DEC-2017,
OPTSTK,ESCORTS,25-Jan-2018,860,PE,0,0,0,137.4,134.05,0,0,0,0,19-DEC-2017,
OPTSTK,ESCORTS,25-Jan-2018,880,PE,0,0,0,154.3,152.15,0,0,0,0,19-DEC-2017,
OPTSTK,ESCORTS,25-Jan-2018,900,PE,0,0,0,171.75,170.75,0,0,0,0,19-DEC-2017,
OPTSTK,ESCORTS,25-Jan-2018,920,PE,0,0,0,189.7,189.7,0,0,0,0,19-DEC-2017,
OPTSTK,ESCORTS,22-Feb-2018,440,CE,0,0,0,284.7,291.5,0,0,0,0,19-DEC-2017,
OPTSTK,ESCORTS,22-Feb-2018,460,CE,0,0,0,265,271.8,0,0,0,0,19-DEC-2017,
OPTSTK,ESCORTS,22-Feb-2018,480,CE,0,0,0,245.35,252.2,0,0,0,0,19-DEC-2017,
OPTSTK,ESCORTS,22-Feb-2018,500,CE,0,0,0,225.75,232.75,0,0,0,0,19-DEC-2017,
OPTSTK,ESCORTS,22-Feb-2018,520,CE,0,0,0,206.3,213.5,0,0,0,0,19-DEC-2017,
OPTSTK,ESCORTS,22-Feb-2018,540,CE,0,0,0,187,194.55,0,0,0,0,19-DEC-2017,
OPTSTK,ESCORTS,22-Feb-2018,560,CE,0,0,0,168.1,176.05,0,0,0,0,19-DEC-2017,
OPTSTK,ESCORTS,22-Feb-2018,580,CE,0,0,0,149.6,158.1,0,0,0,0,19-DEC-2017,
OPTSTK,ESCORTS,22-Feb-2018,600,CE,0,0,0,131.8,140.9,0,0,0,0,19-DEC-2017,
OPTSTK,ESCORTS,22-Feb-2018,620,CE,0,0,0,114.8,124.55,0,0,0,0,19-DEC-2017,
OPTSTK,ESCORTS,22-Feb-2018,640,CE,0,0,0,98.85,109.15,0,0,0,0,19-DEC-2017,
OPTSTK,ESCORTS,22-Feb-2018,660,CE,0,0,0,84.05,94.85,0,0,0,0,19-DEC-2017,
OPTSTK,ESCORTS,22-Feb-2018,680,CE,0,0,0,70.6,81.7,0,0,0,0,19-DEC-2017,
OPTSTK,ESCORTS,22-Feb-2018,700,CE,0,0,0,58.55,69.8,0,0,0,0,19-DEC-2017,
OPTSTK,ESCORTS,22-Feb-2018,720,CE,0,0,0,47.9,59.1,0,0,0,0,19-DEC-2017,
OPTSTK,ESCORTS,22-Feb-2018,740,CE,0,0,0,38.75,49.65,0,0,0,0,19-DEC-2017,
OPTSTK,ESCORTS,22-Feb-2018,760,CE,0,0,0,30.95,41.35,0,0,0,0,19-DEC-2017,
OPTSTK,ESCORTS,22-Feb-2018,780,CE,0,0,0,24.4,34.15,0,0,0,0,19-DEC-2017,
OPTSTK,ESCORTS,22-Feb-2018,800,CE,0,0,0,19.05,28,0,0,0,0,19-DEC-2017,
OPTSTK,ESCORTS,22-Feb-2018,820,CE,0,0,0,14.65,22.85,0,0,0,0,19-DEC-2017,
OPTSTK,ESCORTS,22-Feb-2018,840,CE,0,0,0,11.2,18.45,0,0,0,0,19-DEC-2017,
OPTSTK,ESCORTS,22-Feb-2018,860,CE,0,0,0,8.45,14.8,0,0,0,0,19-DEC-2017,
OPTSTK,ESCORTS,22-Feb-2018,880,CE,0,0,0,6.3,11.8,0,0,0,0,19-DEC-2017,
OPTSTK,ESCORTS,22-Feb-2018,900,CE,0,0,0,4.65,9.35,0,0,0,0,19-DEC-2017,
OPTSTK,ESCORTS,22-Feb-2018,920,CE,0,0,0,3.4,7.4,0,0,0,0,19-DEC-2017,
OPTSTK,ESCORTS,22-Feb-2018,440,PE,0,0,0,0.05,0.1,0,0,0,0,19-DEC-2017,
OPTSTK,ESCORTS,22-Feb-2018,460,PE,0,0,0,0.05,0.15,0,0,0,0,19-DEC-2017,
OPTSTK,ESCORTS,22-Feb-2018,480,PE,0,0,0,0.1,0.35,0,0,0,0,19-DEC-2017,
OPTSTK,ESCORTS,22-Feb-2018,500,PE,0,0,0,0.2,0.65,0,0,0,0,19-DEC-2017,
OPTSTK,ESCORTS,22-Feb-2018,520,PE,0,0,0,0.45,1.15,0,0,0,0,19-DEC-2017,
OPTSTK,ESCORTS,22-Feb-2018,540,PE,0,0,0,0.9,2,0,0,0,0,19-DEC-2017,
OPTSTK,ESCORTS,22-Feb-2018,560,PE,0,0,0,1.65,3.25,0,0,0,0,19-DEC-2017,
OPTSTK,ESCORTS,22-Feb-2018,580,PE,0,0,0,2.9,5.1,0,0,0,0,19-DEC-2017,
OPTSTK,ESCORTS,22-Feb-2018,600,PE,0,0,0,4.8,7.65,0,0,0,0,19-DEC-2017,
OPTSTK,ESCORTS,22-Feb-2018,620,PE,0,0,0,7.5,11.05,0,0,0,0,19-DEC-2017,
OPTSTK,ESCORTS,22-Feb-2018,640,PE,0,0,0,11.25,15.45,0,0,0,0,19-DEC-2017,
OPTSTK,ESCORTS,22-Feb-2018,660,PE,0,0,0,16.2,20.95,0,0,0,0,19-DEC-2017,
OPTSTK,ESCORTS,22-Feb-2018,680,PE,0,0,0,22.4,27.55,0,0,0,0,19-DEC-2017,
OPTSTK,ESCORTS,22-Feb-2018,700,PE,0,0,0,30.1,35.4,0,0,0,0,19-DEC-2017,
OPTSTK,ESCORTS,22-Feb-2018,720,PE,0,0,0,39.2,44.5,0,0,0,0,19-DEC-2017,
OPTSTK,ESCORTS,22-Feb-2018,740,PE,0,0,0,49.7,54.8,0,0,0,0,19-DEC-2017,
OPTSTK,ESCORTS,22-Feb-2018,760,PE,0,0,0,61.6,66.25,0,0,0,0,19-DEC-2017,
OPTSTK,ESCORTS,22-Feb-2018,780,PE,0,0,0,74.8,78.85,0,0,0,0,19-DEC-2017,
OPTSTK,ESCORTS,22-Feb-2018,800,PE,0,0,0,89.15,92.5,0,0,0,0,19-DEC-2017,
OPTSTK,ESCORTS,22-Feb-2018,820,PE,0,0,0,104.45,107.1,0,0,0,0,19-DEC-2017,
OPTSTK,ESCORTS,22-Feb-2018,840,PE,0,0,0,120.7,122.5,0,0,0,0,19-DEC-2017,
OPTSTK,ESCORTS,22-Feb-2018,860,PE,0,0,0,137.65,138.6,0,0,0,0,19-DEC-2017,
OPTSTK,ESCORTS,22-Feb-2018,880,PE,0,0,0,155.25,155.4,0,0,0,0,19-DEC-2017,
OPTSTK,ESCORTS,22-Feb-2018,900,PE,0,0,0,173.3,172.7,0,0,0,0,19-DEC-2017,
OPTSTK,ESCORTS,22-Feb-2018,920,PE,0,0,0,191.75,190.5,0,0,0,0,19-DEC-2017,
OPTSTK,EXIDEIND,28-Dec-2017,145,CE,0,0,0,60.9,69.55,0,0,0,0,19-DEC-2017,
OPTSTK,EXIDEIND,28-Dec-2017,150,CE,0,0,0,56.25,64.55,0,0,0,0,19-DEC-2017,
OPTSTK,EXIDEIND,28-Dec-2017,155,CE,0,0,0,51.7,59.55,0,0,0,0,19-DEC-2017,
OPTSTK,EXIDEIND,28-Dec-2017,160,CE,0,0,0,47.25,54.55,0,0,0,0,19-DEC-2017,
OPTSTK,EXIDEIND,28-Dec-2017,165,CE,0,0,0,43,49.6,0,0,0,0,19-DEC-2017,
OPTSTK,EXIDEIND,28-Dec-2017,170,CE,0,0,0,35.8,44.6,0,0,4000,0,19-DEC-2017,
OPTSTK,EXIDEIND,28-Dec-2017,175,CE,0,0,0,34.95,39.6,0,0,0,0,19-DEC-2017,
OPTSTK,EXIDEIND,28-Dec-2017,180,CE,0,0,0,31.3,34.6,0,0,0,0,19-DEC-2017,
OPTSTK,EXIDEIND,28-Dec-2017,185,CE,0,0,0,27.8,29.6,0,0,0,0,19-DEC-2017,
OPTSTK,EXIDEIND,28-Dec-2017,190,CE,0,0,0,24.6,24.6,0,0,0,0,19-DEC-2017,
OPTSTK,EXIDEIND,28-Dec-2017,195,CE,14.75,14.75,14.75,14.75,14.75,1,8.39,4000,0,19-DEC-2017,
OPTSTK,EXIDEIND,28-Dec-2017,200,CE,10.1,14.9,8.9,14.1,14.1,8,67.52,76000,-4000,19-DEC-2017,
OPTSTK,EXIDEIND,28-Dec-2017,205,CE,5.9,10,5.65,9.8,9.8,30,254.96,160000,-24000,19-DEC-2017,
OPTSTK,EXIDEIND,28-Dec-2017,210,CE,3.35,7.2,3,6.6,6.6,203,1746.02,372000,-156000,19-DEC-2017,
OPTSTK,EXIDEIND,28-Dec-2017,215,CE,1.85,4.7,1.6,4.1,4.1,262,2289.09,336000,24000,19-DEC-2017,
OPTSTK,EXIDEIND,28-Dec-2017,220,CE,1,2.75,0.7,2.45,2.45,212,1881.96,556000,144000,19-DEC-2017,
OPTSTK,EXIDEIND,28-Dec-2017,225,CE,0.55,1.8,0.55,1.3,1.3,42,379.75,196000,12000,19-DEC-2017,
OPTSTK,EXIDEIND,28-Dec-2017,230,CE,0.3,0.75,0.3,0.65,0.65,23,212.06,152000,8000,19-DEC-2017,
OPTSTK,EXIDEIND,28-Dec-2017,235,CE,0.2,0.2,0.2,0.2,0.2,1,9.4,88000,0,19-DEC-2017,
OPTSTK,EXIDEIND,28-Dec-2017,240,CE,0.15,0.25,0.15,0.25,0.25,5,48.04,72000,0,19-DEC-2017,
OPTSTK,EXIDEIND,28-Dec-2017,245,CE,0,0,0,4.55,0,0,0,0,0,19-DEC-2017,
OPTSTK,EXIDEIND,28-Dec-2017,250,CE,0,0,0,0.4,0,0,0,28000,0,19-DEC-2017,
OPTSTK,EXIDEIND,28-Dec-2017,255,CE,0,0,0,3.15,0,0,0,0,0,19-DEC-2017,
OPTSTK,EXIDEIND,28-Dec-2017,260,CE,0,0,0,2.6,0,0,0,4000,0,19-DEC-2017,
OPTSTK,EXIDEIND,28-Dec-2017,265,CE,0,0,0,2.15,0,0,0,0,0,19-DEC-2017,
OPTSTK,EXIDEIND,28-Dec-2017,270,CE,0,0,0,1.8,0,0,0,0,0,19-DEC-2017,
OPTSTK,EXIDEIND,28-Dec-2017,275,CE,0,0,0,1.45,0,0,0,0,0,19-DEC-2017,
OPTSTK,EXIDEIND,28-Dec-2017,280,CE,0,0,0,1.2,0,0,0,0,0,19-DEC-2017,
OPTSTK,EXIDEIND,28-Dec-2017,285,CE,0,0,0,1,0,0,0,0,0,19-DEC-2017,
OPTSTK,EXIDEIND,28-Dec-2017,145,PE,0,0,0,0.5,0,0,0,0,0,19-DEC-2017,
OPTSTK,EXIDEIND,28-Dec-2017,150,PE,0,0,0,0.75,0,0,0,0,0,19-DEC-2017,
OPTSTK,EXIDEIND,28-Dec-2017,155,PE,0,0,0,1.1,0,0,0,0,0,19-DEC-2017,
OPTSTK,EXIDEIND,28-Dec-2017,160,PE,0,0,0,1.6,0,0,0,0,0,19-DEC-2017,
OPTSTK,EXIDEIND,28-Dec-2017,165,PE,0,0,0,2.25,0,0,0,0,0,19-DEC-2017,
OPTSTK,EXIDEIND,28-Dec-2017,170,PE,0,0,0,3.1,0,0,0,0,0,19-DEC-2017,
OPTSTK,EXIDEIND,28-Dec-2017,175,PE,0,0,0,4.1,0,0,0,0,0,19-DEC-2017,
OPTSTK,EXIDEIND,28-Dec-2017,180,PE,0,0,0,1,0,0,0,4000,0,19-DEC-2017,
OPTSTK,EXIDEIND,28-Dec-2017,185,PE,0,0,0,0.75,0,0,0,0,0,19-DEC-2017,
OPTSTK,EXIDEIND,28-Dec-2017,190,PE,0.1,0.1,0.1,0.1,0.1,1,7.6,88000,-4000,19-DEC-2017,
OPTSTK,EXIDEIND,28-Dec-2017,195,PE,0.3,0.3,0.15,0.15,0.15,6,46.86,132000,-8000,19-DEC-2017,
OPTSTK,EXIDEIND,28-Dec-2017,200,PE,0.8,0.85,0.25,0.35,0.35,28,224.62,120000,-28000,19-DEC-2017,
OPTSTK,EXIDEIND,28-Dec-2017,205,PE,1.9,2.1,0.8,0.9,0.9,39,321.58,100000,28000,19-DEC-2017,
OPTSTK,EXIDEIND,28-Dec-2017,210,PE,4,4.55,1.8,2.15,2.15,59,501.57,156000,76000,19-DEC-2017,
OPTSTK,EXIDEIND,28-Dec-2017,215,PE,5.2,5.2,3.8,4,4,14,122.81,64000,36000,19-DEC-2017,
OPTSTK,EXIDEIND,28-Dec-2017,220,PE,10.2,10.2,7.2,7.2,7.2,2,18.29,56000,-4000,19-DEC-2017,
OPTSTK,EXIDEIND,28-Dec-2017,225,PE,16,16,14,14,14,3,28.82,24000,-12000,19-DEC-2017,
OPTSTK,EXIDEIND,28-Dec-2017,230,PE,0,0,0,24,15.45,0,0,32000,0,19-DEC-2017,
OPTSTK,EXIDEIND,28-Dec-2017,235,PE,0,0,0,26,20.4,0,0,4000,0,19-DEC-2017,
OPTSTK,EXIDEIND,28-Dec-2017,240,PE,0,0,0,33,25.35,0,0,4000,0,19-DEC-2017,
OPTSTK,EXIDEIND,28-Dec-2017,245,PE,0,0,0,42.6,30.35,0,0,0,0,19-DEC-2017,
OPTSTK,EXIDEIND,28-Dec-2017,250,PE,0,0,0,39.25,35.35,0,0,8000,0,19-DEC-2017,
OPTSTK,EXIDEIND,28-Dec-2017,255,PE,0,0,0,51.05,40.3,0,0,0,0,19-DEC-2017,
OPTSTK,EXIDEIND,28-Dec-2017,260,PE,0,0,0,52.2,45.3,0,0,4000,0,19-DEC-2017,
OPTSTK,EXIDEIND,28-Dec-2017,265,PE,0,0,0,59.9,50.3,0,0,0,0,19-DEC-2017,
OPTSTK,EXIDEIND,28-Dec-2017,270,PE,0,0,0,64.45,55.3,0,0,0,0,19-DEC-2017,
OPTSTK,EXIDEIND,28-Dec-2017,275,PE,0,0,0,69.05,60.3,0,0,0,0,19-DEC-2017,
OPTSTK,EXIDEIND,28-Dec-2017,280,PE,0,0,0,73.7,65.3,0,0,0,0,19-DEC-2017,
OPTSTK,EXIDEIND,28-Dec-2017,285,PE,0,0,0,78.4,70.3,0,0,0,0,19-DEC-2017,
OPTSTK,EXIDEIND,25-Jan-2018,145,CE,0,0,0,64.15,70.25,0,0,0,0,19-DEC-2017,
OPTSTK,EXIDEIND,25-Jan-2018,150,CE,0,0,0,59.25,65.3,0,0,0,0,19-DEC-2017,
OPTSTK,EXIDEIND,25-Jan-2018,155,CE,0,0,0,54.4,60.35,0,0,0,0,19-DEC-2017,
OPTSTK,EXIDEIND,25-Jan-2018,160,CE,0,0,0,49.6,55.35,0,0,0,0,19-DEC-2017,
OPTSTK,EXIDEIND,25-Jan-2018,165,CE,0,0,0,44.9,50.4,0,0,0,0,19-DEC-2017,
OPTSTK,EXIDEIND,25-Jan-2018,170,CE,0,0,0,40.3,45.45,0,0,0,0,19-DEC-2017,
OPTSTK,EXIDEIND,25-Jan-2018,175,CE,0,0,0,35.85,40.45,0,0,0,0,19-DEC-2017,
OPTSTK,EXIDEIND,25-Jan-2018,180,CE,0,0,0,31.55,35.55,0,0,0,0,19-DEC-2017,
OPTSTK,EXIDEIND,25-Jan-2018,185,CE,0,0,0,27.55,30.65,0,0,0,0,19-DEC-2017,
OPTSTK,EXIDEIND,25-Jan-2018,190,CE,0,0,0,23.75,25.85,0,0,0,0,19-DEC-2017,
OPTSTK,EXIDEIND,25-Jan-2018,195,CE,0,0,0,20.3,21.25,0,0,0,0,19-DEC-2017,
OPTSTK,EXIDEIND,25-Jan-2018,200,CE,0,0,0,17.1,16.9,0,0,0,0,19-DEC-2017,
OPTSTK,EXIDEIND,25-Jan-2018,205,CE,0,0,0,14.3,13,0,0,0,0,19-DEC-2017,
OPTSTK,EXIDEIND,25-Jan-2018,210,CE,0,0,0,11.8,9.6,0,0,0,0,19-DEC-2017,
OPTSTK,EXIDEIND,25-Jan-2018,215,CE,0,0,0,9.65,6.8,0,0,0,0,19-DEC-2017,
OPTSTK,EXIDEIND,25-Jan-2018,220,CE,3.5,4,3.5,4,4,2,17.9,8000,8000,19-DEC-2017,
OPTSTK,EXIDEIND,25-Jan-2018,225,CE,0,0,0,6.2,3,0,0,0,0,19-DEC-2017,
OPTSTK,EXIDEIND,25-Jan-2018,230,CE,0,0,0,4.95,1.85,0,0,0,0,19-DEC-2017,
OPTSTK,EXIDEIND,25-Jan-2018,235,CE,2.5,2.5,2.5,2.5,2.5,1,9.5,4000,4000,19-DEC-2017,
OPTSTK,EXIDEIND,25-Jan-2018,240,CE,1.5,1.5,1.5,1.5,1.5,1,9.66,4000,4000,19-DEC-2017,
OPTSTK,EXIDEIND,25-Jan-2018,245,CE,0,0,0,2.3,0.35,0,0,0,0,19-DEC-2017,
OPTSTK,EXIDEIND,25-Jan-2018,250,CE,0,0,0,1.75,0.2,0,0,0,0,19-DEC-2017,
OPTSTK,EXIDEIND,25-Jan-2018,255,CE,0,0,0,1.3,0.1,0,0,0,0,19-DEC-2017,
OPTSTK,EXIDEIND,25-Jan-2018,260,CE,0,0,0,1,0.05,0,0,0,0,19-DEC-2017,
OPTSTK,EXIDEIND,25-Jan-2018,265,CE,0,0,0,0.75,0.05,0,0,0,0,19-DEC-2017,
OPTSTK,EXIDEIND,25-Jan-2018,270,CE,0,0,0,0.55,0.05,0,0,0,0,19-DEC-2017,
OPTSTK,EXIDEIND,25-Jan-2018,275,CE,0,0,0,0.4,0,0,0,0,0,19-DEC-2017,
OPTSTK,EXIDEIND,25-Jan-2018,280,CE,0,0,0,0.3,0,0,0,0,0,19-DEC-2017,
OPTSTK,EXIDEIND,25-Jan-2018,285,CE,0,0,0,0.2,0,0,0,0,0,19-DEC-2017,
OPTSTK,EXIDEIND,25-Jan-2018,145,PE,0,0,0,0.05,0,0,0,0,0,19-DEC-2017,
OPTSTK,EXIDEIND,25-Jan-2018,150,PE,0,0,0,0.1,0,0,0,0,0,19-DEC-2017,
OPTSTK,EXIDEIND,25-Jan-2018,155,PE,0,0,0,0.15,0,0,0,0,0,19-DEC-2017,
OPTSTK,EXIDEIND,25-Jan-2018,160,PE,0,0,0,0.3,0,0,0,0,0,19-DEC-2017,
OPTSTK,EXIDEIND,25-Jan-2018,165,PE,0,0,0,0.5,0,0,0,0,0,19-DEC-2017,
OPTSTK,EXIDEIND,25-Jan-2018,170,PE,0,0,0,0.8,0,0,0,0,0,19-DEC-2017,
OPTSTK,EXIDEIND,25-Jan-2018,175,PE,0,0,0,1.3,0.05,0,0,0,0,19-DEC-2017,
OPTSTK,EXIDEIND,25-Jan-2018,180,PE,0,0,0,1.95,0.05,0,0,0,0,19-DEC-2017,
OPTSTK,EXIDEIND,25-Jan-2018,185,PE,0,0,0,2.85,0.15,0,0,0,0,19-DEC-2017,
OPTSTK,EXIDEIND,25-Jan-2018,190,PE,0,0,0,4,0.3,0,0,0,0,19-DEC-2017,
OPTSTK,EXIDEIND,25-Jan-2018,195,PE,0,0,0,5.4,0.65,0,0,0,0,19-DEC-2017,
OPTSTK,EXIDEIND,25-Jan-2018,200,PE,3.5,3.5,2.25,2.25,2.25,3,24.35,12000,8000,19-DEC-2017,
OPTSTK,EXIDEIND,25-Jan-2018,205,PE,0,0,0,9.3,2.4,0,0,0,0,19-DEC-2017,
OPTSTK,EXIDEIND,25-Jan-2018,210,PE,0,0,0,11.7,3.95,0,0,0,0,19-DEC-2017,
OPTSTK,EXIDEIND,25-Jan-2018,215,PE,0,0,0,14.45,6.1,0,0,0,0,19-DEC-2017,
OPTSTK,EXIDEIND,25-Jan-2018,220,PE,0,0,0,17.55,8.9,0,0,0,0,19-DEC-2017,
OPTSTK,EXIDEIND,25-Jan-2018,225,PE,0,0,0,20.9,12.25,0,0,0,0,19-DEC-2017,
OPTSTK,EXIDEIND,25-Jan-2018,230,PE,0,0,0,24.5,16.05,0,0,0,0,19-DEC-2017,
OPTSTK,EXIDEIND,25-Jan-2018,235,PE,0,0,0,28.35,20.25,0,0,0,0,19-DEC-2017,
OPTSTK,EXIDEIND,25-Jan-2018,240,PE,0,0,0,32.4,24.75,0,0,0,0,19-DEC-2017,
OPTSTK,EXIDEIND,25-Jan-2018,245,PE,0,0,0,36.65,29.45,0,0,0,0,19-DEC-2017,
OPTSTK,EXIDEIND,25-Jan-2018,250,PE,0,0,0,41.05,34.25,0,0,0,0,19-DEC-2017,
OPTSTK,EXIDEIND,25-Jan-2018,255,PE,0,0,0,45.5,39.15,0,0,0,0,19-DEC-2017,
OPTSTK,EXIDEIND,25-Jan-2018,260,PE,0,0,0,50.1,44.05,0,0,0,0,19-DEC-2017,
OPTSTK,EXIDEIND,25-Jan-2018,265,PE,0,0,0,54.8,49,0,0,0,0,19-DEC-2017,
OPTSTK,EXIDEIND,25-Jan-2018,270,PE,0,0,0,59.5,53.95,0,0,0,0,19-DEC-2017,
OPTSTK,EXIDEIND,25-Jan-2018,275,PE,0,0,0,64.3,58.95,0,0,0,0,19-DEC-2017,
OPTSTK,EXIDEIND,25-Jan-2018,280,PE,0,0,0,69.1,63.9,0,0,0,0,19-DEC-2017,
OPTSTK,EXIDEIND,25-Jan-2018,285,PE,0,0,0,73.95,68.85,0,0,0,0,19-DEC-2017,
OPTSTK,EXIDEIND,22-Feb-2018,145,CE,0,0,0,62.2,70.95,0,0,0,0,19-DEC-2017,
OPTSTK,EXIDEIND,22-Feb-2018,150,CE,0,0,0,57.25,66.05,0,0,0,0,19-DEC-2017,
OPTSTK,EXIDEIND,22-Feb-2018,155,CE,0,0,0,52.35,61.1,0,0,0,0,19-DEC-2017,
OPTSTK,EXIDEIND,22-Feb-2018,160,CE,0,0,0,47.45,56.15,0,0,0,0,19-DEC-2017,
OPTSTK,EXIDEIND,22-Feb-2018,165,CE,0,0,0,42.55,51.2,0,0,0,0,19-DEC-2017,
OPTSTK,EXIDEIND,22-Feb-2018,170,CE,0,0,0,37.75,46.3,0,0,0,0,19-DEC-2017,
OPTSTK,EXIDEIND,22-Feb-2018,175,CE,0,0,0,33.05,41.45,0,0,0,0,19-DEC-2017,
OPTSTK,EXIDEIND,22-Feb-2018,180,CE,0,0,0,28.45,36.6,0,0,0,0,19-DEC-2017,
OPTSTK,EXIDEIND,22-Feb-2018,185,CE,0,0,0,24.1,31.9,0,0,0,0,19-DEC-2017,
OPTSTK,EXIDEIND,22-Feb-2018,190,CE,0,0,0,20.05,27.35,0,0,0,0,19-DEC-2017,
OPTSTK,EXIDEIND,22-Feb-2018,195,CE,0,0,0,16.35,23.05,0,0,0,0,19-DEC-2017,
OPTSTK,EXIDEIND,22-Feb-2018,200,CE,0,0,0,13.05,19.05,0,0,0,0,19-DEC-2017,
OPTSTK,EXIDEIND,22-Feb-2018,205,CE,0,0,0,10.15,15.4,0,0,0,0,19-DEC-2017,
OPTSTK,EXIDEIND,22-Feb-2018,210,CE,0,0,0,7.75,12.2,0,0,0,0,19-DEC-2017,
OPTSTK,EXIDEIND,22-Feb-2018,215,CE,0,0,0,5.8,9.45,0,0,0,0,19-DEC-2017,
OPTSTK,EXIDEIND,22-Feb-2018,220,CE,0,0,0,4.2,7.15,0,0,0,0,19-DEC-2017,
OPTSTK,EXIDEIND,22-Feb-2018,225,CE,0,0,0,3,5.25,0,0,0,0,19-DEC-2017,
OPTSTK,EXIDEIND,22-Feb-2018,230,CE,0,0,0,2.1,3.8,0,0,0,0,19-DEC-2017,
OPTSTK,EXIDEIND,22-Feb-2018,235,CE,0,0,0,1.45,2.65,0,0,0,0,19-DEC-2017,
OPTSTK,EXIDEIND,22-Feb-2018,240,CE,0,0,0,0.95,1.85,0,0,0,0,19-DEC-2017,
OPTSTK,EXIDEIND,22-Feb-2018,245,CE,0,0,0,0.65,1.25,0,0,0,0,19-DEC-2017,
OPTSTK,EXIDEIND,22-Feb-2018,250,CE,0,0,0,0.4,0.8,0,0,0,0,19-DEC-2017,
OPTSTK,EXIDEIND,22-Feb-2018,255,CE,0,0,0,0.25,0.55,0,0,0,0,19-DEC-2017,
OPTSTK,EXIDEIND,22-Feb-2018,260,CE,0,0,0,0.15,0.35,0,0,0,0,19-DEC-2017,
OPTSTK,EXIDEIND,22-Feb-2018,265,CE,0,0,0,0.1,0.2,0,0,0,0,19-DEC-2017,
OPTSTK,EXIDEIND,22-Feb-2018,270,CE,0,0,0,0.05,0.15,0,0,0,0,19-DEC-2017,
OPTSTK,EXIDEIND,22-Feb-2018,275,CE,0,0,0,0.05,0.1,0,0,0,0,19-DEC-2017,
OPTSTK,EXIDEIND,22-Feb-2018,280,CE,0,0,0,0.05,0.05,0,0,0,0,19-DEC-2017,
OPTSTK,EXIDEIND,22-Feb-2018,285,CE,0,0,0,0.05,0.05,0,0,0,0,19-DEC-2017,
OPTSTK,EXIDEIND,22-Feb-2018,145,PE,0,0,0,0.05,0,0,0,0,0,19-DEC-2017,
OPTSTK,EXIDEIND,22-Feb-2018,150,PE,0,0,0,0.05,0,0,0,0,0,19-DEC-2017,
OPTSTK,EXIDEIND,22-Feb-2018,155,PE,0,0,0,0.05,0,0,0,0,0,19-DEC-2017,
OPTSTK,EXIDEIND,22-Feb-2018,160,PE,0,0,0,0.05,0.05,0,0,0,0,19-DEC-2017,
OPTSTK,EXIDEIND,22-Feb-2018,165,PE,0,0,0,0.1,0.05,0,0,0,0,19-DEC-2017,
OPTSTK,EXIDEIND,22-Feb-2018,170,PE,0,0,0,0.25,0.05,0,0,0,0,19-DEC-2017,
OPTSTK,EXIDEIND,22-Feb-2018,175,PE,0,0,0,0.45,0.15,0,0,0,0,19-DEC-2017,
OPTSTK,EXIDEIND,22-Feb-2018,180,PE,0,0,0,0.8,0.25,0,0,0,0,19-DEC-2017,
OPTSTK,EXIDEIND,22-Feb-2018,185,PE,0,0,0,1.4,0.5,0,0,0,0,19-DEC-2017,
OPTSTK,EXIDEIND,22-Feb-2018,190,PE,0,0,0,2.25,0.9,0,0,0,0,19-DEC-2017,
OPTSTK,EXIDEIND,22-Feb-2018,195,PE,0,0,0,3.45,1.55,0,0,0,0,19-DEC-2017,
OPTSTK,EXIDEIND,22-Feb-2018,200,PE,0,0,0,5.05,2.5,0,0,0,0,19-DEC-2017,
OPTSTK,EXIDEIND,22-Feb-2018,205,PE,0,0,0,7.15,3.8,0,0,0,0,19-DEC-2017,
OPTSTK,EXIDEIND,22-Feb-2018,210,PE,0,0,0,9.65,5.5,0,0,0,0,19-DEC-2017,
OPTSTK,EXIDEIND,22-Feb-2018,215,PE,0,0,0,12.6,7.7,0,0,0,0,19-DEC-2017,
OPTSTK,EXIDEIND,22-Feb-2018,220,PE,0,0,0,15.95,10.3,0,0,0,0,19-DEC-2017,
OPTSTK,EXIDEIND,22-Feb-2018,225,PE,0,0,0,19.7,13.4,0,0,0,0,19-DEC-2017,
OPTSTK,EXIDEIND,22-Feb-2018,230,PE,0,0,0,23.7,16.85,0,0,0,0,19-DEC-2017,
OPTSTK,EXIDEIND,22-Feb-2018,235,PE,0,0,0,27.95,20.7,0,0,0,0,19-DEC-2017,
OPTSTK,EXIDEIND,22-Feb-2018,240,PE,0,0,0,32.4,24.8,0,0,0,0,19-DEC-2017,
OPTSTK,EXIDEIND,22-Feb-2018,245,PE,0,0,0,37,29.15,0,0,0,0,19-DEC-2017,
OPTSTK,EXIDEIND,22-Feb-2018,250,PE,0,0,0,41.7,33.65,0,0,0,0,19-DEC-2017,
OPTSTK,EXIDEIND,22-Feb-2018,255,PE,0,0,0,46.5,38.3,0,0,0,0,19-DEC-2017,
OPTSTK,EXIDEIND,22-Feb-2018,260,PE,0,0,0,51.35,43.1,0,0,0,0,19-DEC-2017,
OPTSTK,EXIDEIND,22-Feb-2018,265,PE,0,0,0,56.2,47.9,0,0,0,0,19-DEC-2017,
OPTSTK,EXIDEIND,22-Feb-2018,270,PE,0,0,0,61.1,52.75,0,0,0,0,19-DEC-2017,
OPTSTK,EXIDEIND,22-Feb-2018,275,PE,0,0,0,66,57.65,0,0,0,0,19-DEC-2017,
OPTSTK,EXIDEIND,22-Feb-2018,280,PE,0,0,0,70.9,62.55,0,0,0,0,19-DEC-2017,
OPTSTK,EXIDEIND,22-Feb-2018,285,PE,0,0,0,75.85,67.5,0,0,0,0,19-DEC-2017,
OPTSTK,FEDERALBNK,28-Dec-2017,75,CE,0,0,0,37.5,34.75,0,0,0,0,19-DEC-2017,
OPTSTK,FEDERALBNK,28-Dec-2017,77.5,CE,0,0,0,35.05,32.25,0,0,0,0,19-DEC-2017,
OPTSTK,FEDERALBNK,28-Dec-2017,80,CE,0,0,0,32.65,29.75,0,0,0,0,19-DEC-2017,
OPTSTK,FEDERALBNK,28-Dec-2017,82.5,CE,0,0,0,30.25,27.25,0,0,0,0,19-DEC-2017,
OPTSTK,FEDERALBNK,28-Dec-2017,85,CE,0,0,0,27.85,24.75,0,0,0,0,19-DEC-2017,
OPTSTK,FEDERALBNK,28-Dec-2017,87.5,CE,0,0,0,25.5,22.25,0,0,0,0,19-DEC-2017,
OPTSTK,FEDERALBNK,28-Dec-2017,90,CE,0,0,0,18,19.75,0,0,11000,0,19-DEC-2017,
OPTSTK,FEDERALBNK,28-Dec-2017,92.5,CE,0,0,0,21,17.25,0,0,0,0,19-DEC-2017,
OPTSTK,FEDERALBNK,28-Dec-2017,95,CE,0,0,0,18.9,14.75,0,0,0,0,19-DEC-2017,
OPTSTK,FEDERALBNK,28-Dec-2017,97.5,CE,0,0,0,16.85,12.3,0,0,0,0,19-DEC-2017,
OPTSTK,FEDERALBNK,28-Dec-2017,100,CE,0,0,0,8.4,9.8,0,0,60500,0,19-DEC-2017,
OPTSTK,FEDERALBNK,28-Dec-2017,102.5,CE,7.2,7.2,7.2,7.2,7.2,1,6.03,99000,0,19-DEC-2017,
OPTSTK,FEDERALBNK,28-Dec-2017,105,CE,4.55,5.5,4.55,5.3,5.3,70,424.17,627000,-27500,19-DEC-2017,
OPTSTK,FEDERALBNK,28-Dec-2017,107.5,CE,3.2,3.75,3.1,3.45,3.45,87,530.4,478500,-93500,19-DEC-2017,
OPTSTK,FEDERALBNK,28-Dec-2017,110,CE,1.9,2.3,1.85,2.05,2.05,484,2982.95,2739000,-110000,19-DEC-2017,
OPTSTK,FEDERALBNK,28-Dec-2017,112.5,CE,1.3,1.4,1.1,1.2,1.2,131,819.29,2211000,104500,19-DEC-2017,
OPTSTK,FEDERALBNK,28-Dec-2017,115,CE,0.75,0.75,0.65,0.7,0.7,136,865.48,2101000,121000,19-DEC-2017,
OPTSTK,FEDERALBNK,28-Dec-2017,117.5,CE,0.4,0.45,0.35,0.4,0.4,23,149.15,902000,93500,19-DEC-2017,
OPTSTK,FEDERALBNK,28-Dec-2017,120,CE,0.3,0.35,0.25,0.3,0.3,93,615.32,2700500,-49500,19-DEC-2017,
OPTSTK,FEDERALBNK,28-Dec-2017,122.5,CE,0.2,0.2,0.15,0.2,0.2,3,20.24,181500,0,19-DEC-2017,
OPTSTK,FEDERALBNK,28-Dec-2017,125,CE,0.15,0.15,0.15,0.15,0.15,7,48.18,836000,5500,19-DEC-2017,
OPTSTK,FEDERALBNK,28-Dec-2017,127.5,CE,0,0,0,0.25,0,0,0,27500,0,19-DEC-2017,
OPTSTK,FEDERALBNK,28-Dec-2017,130,CE,0.1,0.1,0.1,0.1,0.1,5,35.77,495000,0,19-DEC-2017,
OPTSTK,FEDERALBNK,28-Dec-2017,132.5,CE,0,0,0,1.55,0,0,0,0,0,19-DEC-2017,
OPTSTK,FEDERALBNK,28-Dec-2017,135,CE,0,0,0,0.1,0,0,0,38500,0,19-DEC-2017,
OPTSTK,FEDERALBNK,28-Dec-2017,137.5,CE,0,0,0,1,0,0,0,0,0,19-DEC-2017,
OPTSTK,FEDERALBNK,28-Dec-2017,140,CE,0,0,0,0.25,0,0,0,104500,0,19-DEC-2017,
OPTSTK,FEDERALBNK,28-Dec-2017,142.5,CE,0,0,0,0.65,0,0,0,0,0,19-DEC-2017,
OPTSTK,FEDERALBNK,28-Dec-2017,145,CE,0,0,0,0.5,0,0,0,0,0,19-DEC-2017,
OPTSTK,FEDERALBNK,28-Dec-2017,147.5,CE,1.8,1.8,0.1,0.1,0.1,2,16.32,0,0,19-DEC-2017,
OPTSTK,FEDERALBNK,28-Dec-2017,150,CE,0,0,0,0.05,0,0,0,11000,0,19-DEC-2017,
OPTSTK,FEDERALBNK,28-Dec-2017,152.5,CE,0,0,0,0.25,0,0,0,0,0,19-DEC-2017,
OPTSTK,FEDERALBNK,28-Dec-2017,75,PE,0,0,0,0.05,0,0,0,0,0,19-DEC-2017,
OPTSTK,FEDERALBNK,28-Dec-2017,77.5,PE,0,0,0,0.05,0,0,0,0,0,19-DEC-2017,
OPTSTK,FEDERALBNK,28-Dec-2017,80,PE,0,0,0,0.1,0,0,0,0,0,19-DEC-2017,
OPTSTK,FEDERALBNK,28-Dec-2017,82.5,PE,0,0,0,0.15,0,0,0,0,0,19-DEC-2017,
OPTSTK,FEDERALBNK,28-Dec-2017,85,PE,0,0,0,0.25,0,0,0,0,0,19-DEC-2017,
OPTSTK,FEDERALBNK,28-Dec-2017,87.5,PE,0,0,0,0.35,0,0,0,0,0,19-DEC-2017,
OPTSTK,FEDERALBNK,28-Dec-2017,90,PE,0,0,0,0.05,0,0,0,165000,0,19-DEC-2017,
OPTSTK,FEDERALBNK,28-Dec-2017,92.5,PE,0.05,0.05,0.05,0.05,0.05,1,5.09,27500,-5500,19-DEC-2017,
OPTSTK,FEDERALBNK,28-Dec-2017,95,PE,0.15,0.15,0.05,0.05,0.05,6,31.39,368500,22000,19-DEC-2017,
OPTSTK,FEDERALBNK,28-Dec-2017,97.5,PE,0.1,0.15,0.1,0.15,0.15,2,10.73,77000,0,19-DEC-2017,
OPTSTK,FEDERALBNK,28-Dec-2017,100,PE,0.4,0.4,0.15,0.2,0.2,49,270.2,781000,82500,19-DEC-2017,
OPTSTK,FEDERALBNK,28-Dec-2017,102.5,PE,0.55,0.55,0.3,0.35,0.35,40,226.39,286000,-33000,19-DEC-2017,
OPTSTK,FEDERALBNK,28-Dec-2017,105,PE,0.95,1,0.55,0.65,0.65,116,674.53,1127500,11000,19-DEC-2017,
OPTSTK,FEDERALBNK,28-Dec-2017,107.5,PE,1.75,1.75,1.2,1.35,1.35,81,484.92,511500,11000,19-DEC-2017,
OPTSTK,FEDERALBNK,28-Dec-2017,110,PE,3.1,3.15,2.25,2.35,2.35,87,538.31,1281500,110000,19-DEC-2017,
OPTSTK,FEDERALBNK,28-Dec-2017,112.5,PE,4.55,4.55,3.6,3.6,3.6,2,12.82,401500,0,19-DEC-2017,
OPTSTK,FEDERALBNK,28-Dec-2017,115,PE,5.9,5.9,5.45,5.45,5.45,5,33.21,770000,5500,19-DEC-2017,
OPTSTK,FEDERALBNK,28-Dec-2017,117.5,PE,0,0,0,7,7.95,0,0,137500,0,19-DEC-2017,
OPTSTK,FEDERALBNK,28-Dec-2017,120,PE,0,0,0,11.6,10.3,0,0,319000,0,19-DEC-2017,
OPTSTK,FEDERALBNK,28-Dec-2017,122.5,PE,0,0,0,10.95,12.75,0,0,104500,0,19-DEC-2017,
OPTSTK,FEDERALBNK,28-Dec-2017,125,PE,15.1,15.3,15.1,15.3,15.3,3,23.13,550000,-16500,19-DEC-2017,
OPTSTK,FEDERALBNK,28-Dec-2017,127.5,PE,0,0,0,16.6,17.7,0,0,0,0,19-DEC-2017,
OPTSTK,FEDERALBNK,28-Dec-2017,130,PE,0,0,0,17.35,20.2,0,0,11000,0,19-DEC-2017,
OPTSTK,FEDERALBNK,28-Dec-2017,132.5,PE,0,0,0,20.7,22.7,0,0,0,0,19-DEC-2017,
OPTSTK,FEDERALBNK,28-Dec-2017,135,PE,0,0,0,22.85,25.2,0,0,0,0,19-DEC-2017,
OPTSTK,FEDERALBNK,28-Dec-2017,137.5,PE,0,0,0,25.05,27.7,0,0,0,0,19-DEC-2017,
OPTSTK,FEDERALBNK,28-Dec-2017,140,PE,0,0,0,27.3,30.2,0,0,0,0,19-DEC-2017,
OPTSTK,FEDERALBNK,28-Dec-2017,142.5,PE,0,0,0,29.6,32.7,0,0,0,0,19-DEC-2017,
OPTSTK,FEDERALBNK,28-Dec-2017,145,PE,0,0,0,31.95,35.2,0,0,0,0,19-DEC-2017,
OPTSTK,FEDERALBNK,28-Dec-2017,147.5,PE,0,0,0,34.3,37.7,0,0,0,0,19-DEC-2017,
OPTSTK,FEDERALBNK,28-Dec-2017,150,PE,0,0,0,36.65,40.2,0,0,0,0,19-DEC-2017,
OPTSTK,FEDERALBNK,28-Dec-2017,152.5,PE,0,0,0,39.05,42.7,0,0,0,0,19-DEC-2017,
OPTSTK,FEDERALBNK,25-Jan-2018,75,CE,0,0,0,45.65,35.1,0,0,0,0,19-DEC-2017,
OPTSTK,FEDERALBNK,25-Jan-2018,77.5,CE,0,0,0,43.25,32.6,0,0,0,0,19-DEC-2017,
OPTSTK,FEDERALBNK,25-Jan-2018,80,CE,0,0,0,40.8,30.15,0,0,0,0,19-DEC-2017,
OPTSTK,FEDERALBNK,25-Jan-2018,82.5,CE,0,0,0,38.4,27.65,0,0,0,0,19-DEC-2017,
OPTSTK,FEDERALBNK,25-Jan-2018,85,CE,0,0,0,36,25.2,0,0,0,0,19-DEC-2017,
OPTSTK,FEDERALBNK,25-Jan-2018,87.5,CE,0,0,0,33.6,22.7,0,0,0,0,19-DEC-2017,
OPTSTK,FEDERALBNK,25-Jan-2018,90,CE,0,0,0,31.3,20.25,0,0,0,0,19-DEC-2017,
OPTSTK,FEDERALBNK,25-Jan-2018,92.5,CE,0,0,0,29,17.85,0,0,0,0,19-DEC-2017,
OPTSTK,FEDERALBNK,25-Jan-2018,95,CE,0,0,0,26.8,15.5,0,0,0,0,19-DEC-2017,
OPTSTK,FEDERALBNK,25-Jan-2018,97.5,CE,0,0,0,24.6,13.25,0,0,0,0,19-DEC-2017,
OPTSTK,FEDERALBNK,25-Jan-2018,100,CE,0,0,0,22.5,11.1,0,0,0,0,19-DEC-2017,
OPTSTK,FEDERALBNK,25-Jan-2018,102.5,CE,0,0,0,20.5,9.1,0,0,0,0,19-DEC-2017,
OPTSTK,FEDERALBNK,25-Jan-2018,105,CE,7.45,7.45,7.45,7.45,7.45,1,6.18,71500,0,19-DEC-2017,
OPTSTK,FEDERALBNK,25-Jan-2018,107.5,CE,0,0,0,16.8,5.75,0,0,0,0,19-DEC-2017,
OPTSTK,FEDERALBNK,25-Jan-2018,110,CE,5,5.3,5,5,5,3,18.99,159500,11000,19-DEC-2017,
OPTSTK,FEDERALBNK,25-Jan-2018,112.5,CE,4,4,4,4,4,1,6.4,11000,5500,19-DEC-2017,
OPTSTK,FEDERALBNK,25-Jan-2018,115,CE,2.75,3.1,2.55,3.1,3.1,15,97.33,137500,55000,19-DEC-2017,
OPTSTK,FEDERALBNK,25-Jan-2018,117.5,CE,0,0,0,10.65,1.75,0,0,0,0,19-DEC-2017,
OPTSTK,FEDERALBNK,25-Jan-2018,120,CE,1.7,1.7,1.7,1.7,1.7,2,13.38,66000,5500,19-DEC-2017,
OPTSTK,FEDERALBNK,25-Jan-2018,122.5,CE,0,0,0,8.2,0.8,0,0,0,0,19-DEC-2017,
OPTSTK,FEDERALBNK,25-Jan-2018,125,CE,0,0,0,7.2,0.55,0,0,0,0,19-DEC-2017,
OPTSTK,FEDERALBNK,25-Jan-2018,127.5,CE,0,0,0,6.25,0.35,0,0,0,0,19-DEC-2017,
OPTSTK,FEDERALBNK,25-Jan-2018,130,CE,1,1,1,1,1,2,14.41,11000,11000,19-DEC-2017,
OPTSTK,FEDERALBNK,25-Jan-2018,132.5,CE,0,0,0,4.7,0.15,0,0,0,0,19-DEC-2017,
OPTSTK,FEDERALBNK,25-Jan-2018,135,CE,0,0,0,4,0.1,0,0,0,0,19-DEC-2017,
OPTSTK,FEDERALBNK,25-Jan-2018,137.5,CE,0,0,0,3.45,0.05,0,0,0,0,19-DEC-2017,
OPTSTK,FEDERALBNK,25-Jan-2018,140,CE,0,0,0,2.95,0.05,0,0,0,0,19-DEC-2017,
OPTSTK,FEDERALBNK,25-Jan-2018,142.5,CE,0,0,0,2.5,0.05,0,0,0,0,19-DEC-2017,
OPTSTK,FEDERALBNK,25-Jan-2018,145,CE,0,0,0,2.1,0.05,0,0,0,0,19-DEC-2017,
OPTSTK,FEDERALBNK,25-Jan-2018,147.5,CE,0,0,0,1.8,0,0,0,0,0,19-DEC-2017,
OPTSTK,FEDERALBNK,25-Jan-2018,150,CE,0,0,0,1.5,0,0,0,0,0,19-DEC-2017,
OPTSTK,FEDERALBNK,25-Jan-2018,152.5,CE,0,0,0,1.25,0,0,0,0,0,19-DEC-2017,
OPTSTK,FEDERALBNK,25-Jan-2018,75,PE,0,0,0,0.05,0,0,0,0,0,19-DEC-2017,
OPTSTK,FEDERALBNK,25-Jan-2018,77.5,PE,0,0,0,0.05,0,0,0,0,0,19-DEC-2017,
OPTSTK,FEDERALBNK,25-Jan-2018,80,PE,0,0,0,0.1,0,0,0,0,0,19-DEC-2017,
OPTSTK,FEDERALBNK,25-Jan-2018,82.5,PE,0,0,0,0.15,0,0,0,0,0,19-DEC-2017,
OPTSTK,FEDERALBNK,25-Jan-2018,85,PE,0,0,0,0.2,0.05,0,0,0,0,19-DEC-2017,
OPTSTK,FEDERALBNK,25-Jan-2018,87.5,PE,0,0,0,0.3,0.05,0,0,0,0,19-DEC-2017,
OPTSTK,FEDERALBNK,25-Jan-2018,90,PE,0,0,0,0.45,0.1,0,0,0,0,19-DEC-2017,
OPTSTK,FEDERALBNK,25-Jan-2018,92.5,PE,0,0,0,0.6,0.15,0,0,0,0,19-DEC-2017,
OPTSTK,FEDERALBNK,25-Jan-2018,95,PE,0,0,0,0.85,0.3,0,0,0,0,19-DEC-2017,
OPTSTK,FEDERALBNK,25-Jan-2018,97.5,PE,0,0,0,1.15,0.5,0,0,0,0,19-DEC-2017,
OPTSTK,FEDERALBNK,25-Jan-2018,100,PE,1.2,1.2,1.1,1.1,1.1,2,11.12,16500,5500,19-DEC-2017,
OPTSTK,FEDERALBNK,25-Jan-2018,102.5,PE,1.55,1.55,1.55,1.55,1.55,1,5.72,16500,5500,19-DEC-2017,
OPTSTK,FEDERALBNK,25-Jan-2018,105,PE,0,0,0,4.85,2.05,0,0,5500,0,19-DEC-2017,
OPTSTK,FEDERALBNK,25-Jan-2018,107.5,PE,0,0,0,4.25,2.95,0,0,5500,0,19-DEC-2017,
OPTSTK,FEDERALBNK,25-Jan-2018,110,PE,0,0,0,5.55,4.1,0,0,5500,0,19-DEC-2017,
OPTSTK,FEDERALBNK,25-Jan-2018,112.5,PE,0,0,0,8.2,5.5,0,0,5500,0,19-DEC-2017,
OPTSTK,FEDERALBNK,25-Jan-2018,115,PE,0,0,0,5.75,7.05,0,0,0,0,19-DEC-2017,
OPTSTK,FEDERALBNK,25-Jan-2018,117.5,PE,0,0,0,6.85,8.85,0,0,0,0,19-DEC-2017,
OPTSTK,FEDERALBNK,25-Jan-2018,120,PE,0,0,0,8.05,10.85,0,0,0,0,19-DEC-2017,
OPTSTK,FEDERALBNK,25-Jan-2018,122.5,PE,0,0,0,9.35,12.95,0,0,0,0,19-DEC-2017,
OPTSTK,FEDERALBNK,25-Jan-2018,125,PE,0,0,0,10.8,15.15,0,0,0,0,19-DEC-2017,
OPTSTK,FEDERALBNK,25-Jan-2018,127.5,PE,0,0,0,12.3,17.45,0,0,0,0,19-DEC-2017,
OPTSTK,FEDERALBNK,25-Jan-2018,130,PE,0,0,0,13.95,19.8,0,0,0,0,19-DEC-2017,
OPTSTK,FEDERALBNK,25-Jan-2018,132.5,PE,0,0,0,15.65,22.2,0,0,0,0,19-DEC-2017,
OPTSTK,FEDERALBNK,25-Jan-2018,135,PE,0,0,0,17.45,24.6,0,0,0,0,19-DEC-2017,
OPTSTK,FEDERALBNK,25-Jan-2018,137.5,PE,0,0,0,19.35,27.05,0,0,0,0,19-DEC-2017,
OPTSTK,FEDERALBNK,25-Jan-2018,140,PE,0,0,0,21.3,29.55,0,0,0,0,19-DEC-2017,
OPTSTK,FEDERALBNK,25-Jan-2018,142.5,PE,0,0,0,23.3,32,0,0,0,0,19-DEC-2017,
OPTSTK,FEDERALBNK,25-Jan-2018,145,PE,0,0,0,25.4,34.5,0,0,0,0,19-DEC-2017,
OPTSTK,FEDERALBNK,25-Jan-2018,147.5,PE,0,0,0,27.55,36.95,0,0,0,0,19-DEC-2017,
OPTSTK,FEDERALBNK,25-Jan-2018,150,PE,0,0,0,29.7,39.45,0,0,0,0,19-DEC-2017,
OPTSTK,FEDERALBNK,25-Jan-2018,152.5,PE,0,0,0,31.95,41.95,0,0,0,0,19-DEC-2017,
OPTSTK,FEDERALBNK,22-Feb-2018,75,CE,0,0,0,36.75,35.5,0,0,0,0,19-DEC-2017,
OPTSTK,FEDERALBNK,22-Feb-2018,77.5,CE,0,0,0,34.3,33,0,0,0,0,19-DEC-2017,
OPTSTK,FEDERALBNK,22-Feb-2018,80,CE,0,0,0,31.85,30.55,0,0,0,0,19-DEC-2017,
OPTSTK,FEDERALBNK,22-Feb-2018,82.5,CE,0,0,0,29.4,28.1,0,0,0,0,19-DEC-2017,
OPTSTK,FEDERALBNK,22-Feb-2018,85,CE,0,0,0,27,25.7,0,0,0,0,19-DEC-2017,
OPTSTK,FEDERALBNK,22-Feb-2018,87.5,CE,0,0,0,24.6,23.3,0,0,0,0,19-DEC-2017,
OPTSTK,FEDERALBNK,22-Feb-2018,90,CE,0,0,0,22.25,20.95,0,0,0,0,19-DEC-2017,
OPTSTK,FEDERALBNK,22-Feb-2018,92.5,CE,0,0,0,19.95,18.65,0,0,0,0,19-DEC-2017,
OPTSTK,FEDERALBNK,22-Feb-2018,95,CE,0,0,0,17.75,16.45,0,0,0,0,19-DEC-2017,
OPTSTK,FEDERALBNK,22-Feb-2018,97.5,CE,0,0,0,15.6,14.35,0,0,0,0,19-DEC-2017,
OPTSTK,FEDERALBNK,22-Feb-2018,100,CE,0,0,0,13.6,12.35,0,0,0,0,19-DEC-2017,
OPTSTK,FEDERALBNK,22-Feb-2018,102.5,CE,0,0,0,11.75,10.55,0,0,0,0,19-DEC-2017,
OPTSTK,FEDERALBNK,22-Feb-2018,105,CE,0,0,0,10,8.85,0,0,0,0,19-DEC-2017,
OPTSTK,FEDERALBNK,22-Feb-2018,107.5,CE,0,0,0,8.45,7.4,0,0,0,0,19-DEC-2017,
OPTSTK,FEDERALBNK,22-Feb-2018,110,CE,0,0,0,7.05,6.05,0,0,0,0,19-DEC-2017,
OPTSTK,FEDERALBNK,22-Feb-2018,112.5,CE,0,0,0,5.8,4.9,0,0,0,0,19-DEC-2017,
OPTSTK,FEDERALBNK,22-Feb-2018,115,CE,0,0,0,4.75,3.95,0,0,0,0,19-DEC-2017,
OPTSTK,FEDERALBNK,22-Feb-2018,117.5,CE,0,0,0,3.85,3.1,0,0,0,0,19-DEC-2017,
OPTSTK,FEDERALBNK,22-Feb-2018,120,CE,0,0,0,3.05,2.45,0,0,0,0,19-DEC-2017,
OPTSTK,FEDERALBNK,22-Feb-2018,122.5,CE,0,0,0,2.4,1.9,0,0,0,0,19-DEC-2017,
OPTSTK,FEDERALBNK,22-Feb-2018,125,CE,0,0,0,1.9,1.45,0,0,0,0,19-DEC-2017,
OPTSTK,FEDERALBNK,22-Feb-2018,127.5,CE,0,0,0,1.45,1.1,0,0,0,0,19-DEC-2017,
OPTSTK,FEDERALBNK,22-Feb-2018,130,CE,0,0,0,1.1,0.8,0,0,0,0,19-DEC-2017,
OPTSTK,FEDERALBNK,22-Feb-2018,132.5,CE,0,0,0,0.85,0.6,0,0,0,0,19-DEC-2017,
OPTSTK,FEDERALBNK,22-Feb-2018,135,CE,0,0,0,0.65,0.45,0,0,0,0,19-DEC-2017,
OPTSTK,FEDERALBNK,22-Feb-2018,137.5,CE,0,0,0,0.5,0.35,0,0,0,0,19-DEC-2017,
OPTSTK,FEDERALBNK,22-Feb-2018,140,CE,0,0,0,0.35,0.25,0,0,0,0,19-DEC-2017,
OPTSTK,FEDERALBNK,22-Feb-2018,142.5,CE,0,0,0,0.25,0.2,0,0,0,0,19-DEC-2017,
OPTSTK,FEDERALBNK,22-Feb-2018,145,CE,0,0,0,0.2,0.15,0,0,0,0,19-DEC-2017,
OPTSTK,FEDERALBNK,22-Feb-2018,147.5,CE,0,0,0,0.15,0.1,0,0,0,0,19-DEC-2017,
OPTSTK,FEDERALBNK,22-Feb-2018,150,CE,0,0,0,0.1,0.05,0,0,0,0,19-DEC-2017,
OPTSTK,FEDERALBNK,22-Feb-2018,152.5,CE,0,0,0,0.1,0.05,0,0,0,0,19-DEC-2017,
OPTSTK,FEDERALBNK,22-Feb-2018,75,PE,0,0,0,0.05,0,0,0,0,0,19-DEC-2017,
OPTSTK,FEDERALBNK,22-Feb-2018,77.5,PE,0,0,0,0.05,0.05,0,0,0,0,19-DEC-2017,
OPTSTK,FEDERALBNK,22-Feb-2018,80,PE,0,0,0,0.05,0.05,0,0,0,0,19-DEC-2017,
OPTSTK,FEDERALBNK,22-Feb-2018,82.5,PE,0,0,0,0.05,0.05,0,0,0,0,19-DEC-2017,
OPTSTK,FEDERALBNK,22-Feb-2018,85,PE,0,0,0,0.1,0.1,0,0,0,0,19-DEC-2017,
OPTSTK,FEDERALBNK,22-Feb-2018,87.5,PE,0,0,0,0.2,0.2,0,0,0,0,19-DEC-2017,
OPTSTK,FEDERALBNK,22-Feb-2018,90,PE,0,0,0,0.3,0.3,0,0,0,0,19-DEC-2017,
OPTSTK,FEDERALBNK,22-Feb-2018,92.5,PE,0,0,0,0.45,0.5,0,0,0,0,19-DEC-2017,
OPTSTK,FEDERALBNK,22-Feb-2018,95,PE,0,0,0,0.7,0.75,0,0,0,0,19-DEC-2017,
OPTSTK,FEDERALBNK,22-Feb-2018,97.5,PE,0,0,0,1.05,1.15,0,0,0,0,19-DEC-2017,
OPTSTK,FEDERALBNK,22-Feb-2018,100,PE,0,0,0,1.5,1.65,0,0,0,0,19-DEC-2017,
OPTSTK,FEDERALBNK,22-Feb-2018,102.5,PE,0,0,0,2.1,2.3,0,0,0,0,19-DEC-2017,
OPTSTK,FEDERALBNK,22-Feb-2018,105,PE,0,0,0,2.85,3.1,0,0,0,0,19-DEC-2017,
OPTSTK,FEDERALBNK,22-Feb-2018,107.5,PE,0,0,0,3.75,4.05,0,0,0,0,19-DEC-2017,
OPTSTK,FEDERALBNK,22-Feb-2018,110,PE,0,0,0,4.8,5.2,0,0,0,0,19-DEC-2017,
OPTSTK,FEDERALBNK,22-Feb-2018,112.5,PE,0,0,0,6,6.55,0,0,0,0,19-DEC-2017,
OPTSTK,FEDERALBNK,22-Feb-2018,115,PE,0,0,0,7.4,8,0,0,0,0,19-DEC-2017,
OPTSTK,FEDERALBNK,22-Feb-2018,117.5,PE,0,0,0,8.95,9.65,0,0,0,0,19-DEC-2017,
OPTSTK,FEDERALBNK,22-Feb-2018,120,PE,0,0,0,10.65,11.45,0,0,0,0,19-DEC-2017,
OPTSTK,FEDERALBNK,22-Feb-2018,122.5,PE,0,0,0,12.5,13.4,0,0,0,0,19-DEC-2017,
OPTSTK,FEDERALBNK,22-Feb-2018,125,PE,0,0,0,14.4,15.4,0,0,0,0,19-DEC-2017,
OPTSTK,FEDERALBNK,22-Feb-2018,127.5,PE,0,0,0,16.45,17.55,0,0,0,0,19-DEC-2017,
OPTSTK,FEDERALBNK,22-Feb-2018,130,PE,0,0,0,18.6,19.75,0,0,0,0,19-DEC-2017,
OPTSTK,FEDERALBNK,22-Feb-2018,132.5,PE,0,0,0,20.75,22,0,0,0,0,19-DEC-2017,
OPTSTK,FEDERALBNK,22-Feb-2018,135,PE,0,0,0,23.05,24.3,0,0,0,0,19-DEC-2017,
OPTSTK,FEDERALBNK,22-Feb-2018,137.5,PE,0,0,0,25.35,26.65,0,0,0,0,19-DEC-2017,
OPTSTK,FEDERALBNK,22-Feb-2018,140,PE,0,0,0,27.65,29.05,0,0,0,0,19-DEC-2017,
OPTSTK,FEDERALBNK,22-Feb-2018,142.5,PE,0,0,0,30.05,31.45,0,0,0,0,19-DEC-2017,
OPTSTK,FEDERALBNK,22-Feb-2018,145,PE,0,0,0,32.45,33.9,0,0,0,0,19-DEC-2017,
OPTSTK,FEDERALBNK,22-Feb-2018,147.5,PE,0,0,0,34.85,36.3,0,0,0,0,19-DEC-2017,
OPTSTK,FEDERALBNK,22-Feb-2018,150,PE,0,0,0,37.3,38.75,0,0,0,0,19-DEC-2017,
OPTSTK,FEDERALBNK,22-Feb-2018,152.5,PE,0,0,0,39.7,41.2,0,0,0,0,19-DEC-2017,
OPTSTK,FORTIS,28-Dec-2017,95,CE,0,0,0,52.15,41.2,0,0,0,0,19-DEC-2017,
OPTSTK,FORTIS,28-Dec-2017,100,CE,0,0,0,47.4,36.25,0,0,0,0,19-DEC-2017,
OPTSTK,FORTIS,28-Dec-2017,105,CE,0,0,0,42.75,31.25,0,0,0,0,19-DEC-2017,
OPTSTK,FORTIS,28-Dec-2017,110,CE,0,0,0,38.25,26.3,0,0,0,0,19-DEC-2017,
OPTSTK,FORTIS,28-Dec-2017,115,CE,0,0,0,33.9,21.45,0,0,0,0,19-DEC-2017,
OPTSTK,FORTIS,28-Dec-2017,120,CE,0,0,0,11.8,16.8,0,0,5400,0,19-DEC-2017,
OPTSTK,FORTIS,28-Dec-2017,125,CE,0,0,0,27.5,12.55,0,0,10800,0,19-DEC-2017,
OPTSTK,FORTIS,28-Dec-2017,130,CE,7.85,8.5,7.85,8.5,8.5,2,7.46,83700,0,19-DEC-2017,
OPTSTK,FORTIS,28-Dec-2017,135,CE,0,0,0,5.7,5.9,0,0,54000,0,19-DEC-2017,
OPTSTK,FORTIS,28-Dec-2017,140,CE,2.1,2.8,1.95,2.2,2.2,46,176.61,391500,-81000,19-DEC-2017,
OPTSTK,FORTIS,28-Dec-2017,145,CE,0.9,1.1,0.9,1.05,1.05,24,94.61,467100,16200,19-DEC-2017,
OPTSTK,FORTIS,28-Dec-2017,150,CE,0.4,0.7,0.4,0.55,0.55,16,65.02,1541700,5400,19-DEC-2017,
OPTSTK,FORTIS,28-Dec-2017,155,CE,0.4,0.4,0.2,0.4,0.4,5,20.97,445500,-2700,19-DEC-2017,
OPTSTK,FORTIS,28-Dec-2017,160,CE,0.15,0.15,0.15,0.15,0.15,8,34.59,758700,-18900,19-DEC-2017,
OPTSTK,FORTIS,28-Dec-2017,165,CE,0.25,0.25,0.25,0.25,0.25,1,4.46,54000,0,19-DEC-2017,
OPTSTK,FORTIS,28-Dec-2017,170,CE,0,0,0,0.3,0.1,0,0,118800,0,19-DEC-2017,
OPTSTK,FORTIS,28-Dec-2017,175,CE,0,0,0,0.05,0.05,0,0,54000,0,19-DEC-2017,
OPTSTK,FORTIS,28-Dec-2017,180,CE,0,0,0,0.05,0.05,0,0,89100,0,19-DEC-2017,
OPTSTK,FORTIS,28-Dec-2017,185,CE,0,0,0,0.65,0,0,0,16200,0,19-DEC-2017,
OPTSTK,FORTIS,28-Dec-2017,190,CE,0,0,0,2.05,0,0,0,0,0,19-DEC-2017,
OPTSTK,FORTIS,28-Dec-2017,195,CE,0,0,0,1.65,0,0,0,0,0,19-DEC-2017,
OPTSTK,FORTIS,28-Dec-2017,200,CE,0.15,0.15,0.15,0.15,0.15,2,10.8,207900,0,19-DEC-2017,
OPTSTK,FORTIS,28-Dec-2017,205,CE,0,0,0,0.05,0,0,0,8100,0,19-DEC-2017,
OPTSTK,FORTIS,28-Dec-2017,95,PE,0,0,0,0.2,0,0,0,0,0,19-DEC-2017,
OPTSTK,FORTIS,28-Dec-2017,100,PE,0,0,0,0.45,0,0,0,5400,0,19-DEC-2017,
OPTSTK,FORTIS,28-Dec-2017,105,PE,0,0,0,0.7,0.05,0,0,2700,0,19-DEC-2017,
OPTSTK,FORTIS,28-Dec-2017,110,PE,0,0,0,0.9,0.1,0,0,2700,0,19-DEC-2017,
OPTSTK,FORTIS,28-Dec-2017,115,PE,0,0,0,1.6,0.2,0,0,0,0,19-DEC-2017,
OPTSTK,FORTIS,28-Dec-2017,120,PE,0.4,0.4,0.35,0.35,0.35,4,13,261900,-8100,19-DEC-2017,
OPTSTK,FORTIS,28-Dec-2017,125,PE,0.5,0.5,0.5,0.5,0.5,1,3.38,54000,0,19-DEC-2017,
OPTSTK,FORTIS,28-Dec-2017,130,PE,0,0,0,1.65,2.6,0,0,143100,0,19-DEC-2017,
OPTSTK,FORTIS,28-Dec-2017,135,PE,2.9,2.9,2.7,2.7,2.7,2,7.44,126900,0,19-DEC-2017,
OPTSTK,FORTIS,28-Dec-2017,140,PE,0,0,0,7,7.4,0,0,618300,0,19-DEC-2017,
OPTSTK,FORTIS,28-Dec-2017,145,PE,0,0,0,11.25,10.9,0,0,545400,0,19-DEC-2017,
OPTSTK,FORTIS,28-Dec-2017,150,PE,0,0,0,19.4,14.9,0,0,540000,0,19-DEC-2017,
OPTSTK,FORTIS,28-Dec-2017,155,PE,0,0,0,11.2,19.35,0,0,8100,0,19-DEC-2017,
OPTSTK,FORTIS,28-Dec-2017,160,PE,0,0,0,25.8,24,0,0,94500,0,19-DEC-2017,
OPTSTK,FORTIS,28-Dec-2017,165,PE,0,0,0,23.2,28.85,0,0,0,0,19-DEC-2017,
OPTSTK,FORTIS,28-Dec-2017,170,PE,0,0,0,22.8,33.75,0,0,21600,0,19-DEC-2017,
OPTSTK,FORTIS,28-Dec-2017,175,PE,0,0,0,30.9,38.7,0,0,0,0,19-DEC-2017,
OPTSTK,FORTIS,28-Dec-2017,180,PE,0,0,0,33.4,43.7,0,0,2700,0,19-DEC-2017,
OPTSTK,FORTIS,28-Dec-2017,185,PE,0,0,0,39.25,48.7,0,0,0,0,19-DEC-2017,
OPTSTK,FORTIS,28-Dec-2017,190,PE,0,0,0,45,53.7,0,0,2700,0,19-DEC-2017,
OPTSTK,FORTIS,28-Dec-2017,195,PE,0,0,0,48.1,58.65,0,0,0,0,19-DEC-2017,
OPTSTK,FORTIS,28-Dec-2017,200,PE,0,0,0,55.5,63.65,0,0,2700,0,19-DEC-2017,
OPTSTK,FORTIS,28-Dec-2017,205,PE,0,0,0,60.5,68.65,0,0,2700,0,19-DEC-2017,
OPTSTK,FORTIS,25-Jan-2018,95,CE,0,0,0,52.35,41.95,0,0,0,0,19-DEC-2017,
OPTSTK,FORTIS,25-Jan-2018,100,CE,0,0,0,47.45,37.25,0,0,0,0,19-DEC-2017,
OPTSTK,FORTIS,25-Jan-2018,105,CE,0,0,0,42.65,32.7,0,0,0,0,19-DEC-2017,
OPTSTK,FORTIS,25-Jan-2018,110,CE,0,0,0,37.9,28.35,0,0,0,0,19-DEC-2017,
OPTSTK,FORTIS,25-Jan-2018,115,CE,0,0,0,33.25,24.3,0,0,0,0,19-DEC-2017,
OPTSTK,FORTIS,25-Jan-2018,120,CE,0,0,0,28.85,20.6,0,0,0,0,19-DEC-2017,
OPTSTK,FORTIS,25-Jan-2018,125,CE,0,0,0,24.65,17.2,0,0,0,0,19-DEC-2017,
OPTSTK,FORTIS,25-Jan-2018,130,CE,0,0,0,20.8,14.2,0,0,0,0,19-DEC-2017,
OPTSTK,FORTIS,25-Jan-2018,135,CE,0,0,0,17.25,11.55,0,0,0,0,19-DEC-2017,
OPTSTK,FORTIS,25-Jan-2018,140,CE,0,0,0,5.5,9.3,0,0,14000,0,19-DEC-2017,
OPTSTK,FORTIS,25-Jan-2018,145,CE,0,0,0,11.35,7.4,0,0,0,0,19-DEC-2017,
OPTSTK,FORTIS,25-Jan-2018,150,CE,0,0,0,9,5.85,0,0,0,0,19-DEC-2017,
OPTSTK,FORTIS,25-Jan-2018,155,CE,0,0,0,7.05,4.55,0,0,0,0,19-DEC-2017,
OPTSTK,FORTIS,25-Jan-2018,160,CE,0,0,0,5.45,3.5,0,0,0,0,19-DEC-2017,
OPTSTK,FORTIS,25-Jan-2018,165,CE,0,0,0,4.15,2.7,0,0,0,0,19-DEC-2017,
OPTSTK,FORTIS,25-Jan-2018,170,CE,0,0,0,3.1,2.05,0,0,0,0,19-DEC-2017,
OPTSTK,FORTIS,25-Jan-2018,175,CE,0,0,0,2.3,1.55,0,0,0,0,19-DEC-2017,
OPTSTK,FORTIS,25-Jan-2018,180,CE,0,0,0,1.7,1.15,0,0,0,0,19-DEC-2017,
OPTSTK,FORTIS,25-Jan-2018,185,CE,0,0,0,1.25,0.85,0,0,0,0,19-DEC-2017,
OPTSTK,FORTIS,25-Jan-2018,190,CE,0,0,0,0.9,0.65,0,0,0,0,19-DEC-2017,
OPTSTK,FORTIS,25-Jan-2018,195,CE,0,0,0,0.65,0.45,0,0,0,0,19-DEC-2017,
OPTSTK,FORTIS,25-Jan-2018,200,CE,0,0,0,0.45,0.35,0,0,0,0,19-DEC-2017,
OPTSTK,FORTIS,25-Jan-2018,205,CE,0,0,0,0.35,0.25,0,0,0,0,19-DEC-2017,
OPTSTK,FORTIS,25-Jan-2018,95,PE,0,0,0,0.05,0.3,0,0,0,0,19-DEC-2017,
OPTSTK,FORTIS,25-Jan-2018,100,PE,0,0,0,0.1,0.55,0,0,0,0,19-DEC-2017,
OPTSTK,FORTIS,25-Jan-2018,105,PE,0,0,0,0.2,0.95,0,0,0,0,19-DEC-2017,
OPTSTK,FORTIS,25-Jan-2018,110,PE,0,0,0,0.35,1.6,0,0,0,0,19-DEC-2017,
OPTSTK,FORTIS,25-Jan-2018,115,PE,0,0,0,0.65,2.5,0,0,0,0,19-DEC-2017,
OPTSTK,FORTIS,25-Jan-2018,120,PE,0,0,0,1.15,3.75,0,0,0,0,19-DEC-2017,
OPTSTK,FORTIS,25-Jan-2018,125,PE,0,0,0,1.9,5.3,0,0,0,0,19-DEC-2017,
OPTSTK,FORTIS,25-Jan-2018,130,PE,0,0,0,2.95,7.3,0,0,0,0,19-DEC-2017,
OPTSTK,FORTIS,25-Jan-2018,135,PE,0,0,0,4.35,9.65,0,0,0,0,19-DEC-2017,
OPTSTK,FORTIS,25-Jan-2018,140,PE,0,0,0,6.1,12.35,0,0,0,0,19-DEC-2017,
OPTSTK,FORTIS,25-Jan-2018,145,PE,0,0,0,8.3,15.4,0,0,0,0,19-DEC-2017,
OPTSTK,FORTIS,25-Jan-2018,150,PE,0,0,0,10.85,18.8,0,0,0,0,19-DEC-2017,
OPTSTK,FORTIS,25-Jan-2018,155,PE,0,0,0,13.85,22.5,0,0,0,0,19-DEC-2017,
OPTSTK,FORTIS,25-Jan-2018,160,PE,0,0,0,17.15,26.45,0,0,0,0,19-DEC-2017,
OPTSTK,FORTIS,25-Jan-2018,165,PE,0,0,0,20.75,30.55,0,0,0,0,19-DEC-2017,
OPTSTK,FORTIS,25-Jan-2018,170,PE,0,0,0,24.65,34.9,0,0,0,0,19-DEC-2017,
OPTSTK,FORTIS,25-Jan-2018,175,PE,0,0,0,28.8,39.35,0,0,0,0,19-DEC-2017,
OPTSTK,FORTIS,25-Jan-2018,180,PE,0,0,0,33.1,43.95,0,0,0,0,19-DEC-2017,
OPTSTK,FORTIS,25-Jan-2018,185,PE,0,0,0,37.55,48.6,0,0,0,0,19-DEC-2017,
OPTSTK,FORTIS,25-Jan-2018,190,PE,0,0,0,42.1,53.35,0,0,0,0,19-DEC-2017,
OPTSTK,FORTIS,25-Jan-2018,195,PE,0,0,0,46.8,58.15,0,0,0,0,19-DEC-2017,
OPTSTK,FORTIS,25-Jan-2018,200,PE,0,0,0,51.5,63,0,0,0,0,19-DEC-2017,
OPTSTK,FORTIS,25-Jan-2018,205,PE,0,0,0,56.3,67.85,0,0,0,0,19-DEC-2017,
OPTSTK,FORTIS,22-Feb-2018,95,CE,0,0,0,52.1,43.15,0,0,0,0,19-DEC-2017,
OPTSTK,FORTIS,22-Feb-2018,100,CE,0,0,0,47.65,38.8,0,0,0,0,19-DEC-2017,
OPTSTK,FORTIS,22-Feb-2018,105,CE,0,0,0,43.35,34.65,0,0,0,0,19-DEC-2017,
OPTSTK,FORTIS,22-Feb-2018,110,CE,0,0,0,39.25,30.7,0,0,0,0,19-DEC-2017,
OPTSTK,FORTIS,22-Feb-2018,115,CE,0,0,0,35.35,27.05,0,0,0,0,19-DEC-2017,
OPTSTK,FORTIS,22-Feb-2018,120,CE,0,0,0,31.7,23.65,0,0,0,0,19-DEC-2017,
OPTSTK,FORTIS,22-Feb-2018,125,CE,0,0,0,28.25,20.6,0,0,0,0,19-DEC-2017,
OPTSTK,FORTIS,22-Feb-2018,130,CE,0,0,0,25.1,17.8,0,0,0,0,19-DEC-2017,
OPTSTK,FORTIS,22-Feb-2018,135,CE,0,0,0,22.2,15.3,0,0,0,0,19-DEC-2017,
OPTSTK,FORTIS,22-Feb-2018,140,CE,0,0,0,19.55,13.05,0,0,0,0,19-DEC-2017,
OPTSTK,FORTIS,22-Feb-2018,145,CE,0,0,0,17.15,11.1,0,0,0,0,19-DEC-2017,
OPTSTK,FORTIS,22-Feb-2018,150,CE,0,0,0,15,9.4,0,0,0,0,19-DEC-2017,
OPTSTK,FORTIS,22-Feb-2018,155,CE,0,0,0,13.05,7.9,0,0,0,0,19-DEC-2017,
OPTSTK,FORTIS,22-Feb-2018,160,CE,0,0,0,11.3,6.65,0,0,0,0,19-DEC-2017,
OPTSTK,FORTIS,22-Feb-2018,165,CE,0,0,0,9.8,5.55,0,0,0,0,19-DEC-2017,
OPTSTK,FORTIS,22-Feb-2018,170,CE,0,0,0,8.45,4.6,0,0,0,0,19-DEC-2017,
OPTSTK,FORTIS,22-Feb-2018,175,CE,0,0,0,7.25,3.85,0,0,0,0,19-DEC-2017,
OPTSTK,FORTIS,22-Feb-2018,180,CE,0,0,0,6.25,3.15,0,0,0,0,19-DEC-2017,
OPTSTK,FORTIS,22-Feb-2018,185,CE,0,0,0,5.35,2.6,0,0,0,0,19-DEC-2017,
OPTSTK,FORTIS,22-Feb-2018,190,CE,0,0,0,4.55,2.15,0,0,0,0,19-DEC-2017,
OPTSTK,FORTIS,22-Feb-2018,195,CE,0,0,0,3.9,1.75,0,0,0,0,19-DEC-2017,
OPTSTK,FORTIS,22-Feb-2018,200,CE,0,0,0,3.3,1.45,0,0,0,0,19-DEC-2017,
OPTSTK,FORTIS,22-Feb-2018,205,CE,0,0,0,2.85,1.2,0,0,0,0,19-DEC-2017,
OPTSTK,FORTIS,22-Feb-2018,95,PE,0,0,0,0.9,1.05,0,0,0,0,19-DEC-2017,
OPTSTK,FORTIS,22-Feb-2018,100,PE,0,0,0,1.35,1.6,0,0,0,0,19-DEC-2017,
OPTSTK,FORTIS,22-Feb-2018,105,PE,0,0,0,1.95,2.4,0,0,0,0,19-DEC-2017,
OPTSTK,FORTIS,22-Feb-2018,110,PE,0,0,0,2.8,3.4,0,0,0,0,19-DEC-2017,
OPTSTK,FORTIS,22-Feb-2018,115,PE,0,0,0,3.85,4.7,0,0,0,0,19-DEC-2017,
OPTSTK,FORTIS,22-Feb-2018,120,PE,0,0,0,5.1,6.25,0,0,0,0,19-DEC-2017,
OPTSTK,FORTIS,22-Feb-2018,125,PE,0,0,0,6.6,8.1,0,0,0,0,19-DEC-2017,
OPTSTK,FORTIS,22-Feb-2018,130,PE,0,0,0,8.35,10.25,0,0,0,0,19-DEC-2017,
OPTSTK,FORTIS,22-Feb-2018,135,PE,0,0,0,10.4,12.7,0,0,0,0,19-DEC-2017,
OPTSTK,FORTIS,22-Feb-2018,140,PE,0,0,0,12.65,15.4,0,0,0,0,19-DEC-2017,
OPTSTK,FORTIS,22-Feb-2018,145,PE,0,0,0,15.2,18.4,0,0,0,0,19-DEC-2017,
OPTSTK,FORTIS,22-Feb-2018,150,PE,0,0,0,17.95,21.65,0,0,0,0,19-DEC-2017,
OPTSTK,FORTIS,22-Feb-2018,155,PE,0,0,0,20.95,25.1,0,0,0,0,19-DEC-2017,
OPTSTK,FORTIS,22-Feb-2018,160,PE,0,0,0,24.15,28.75,0,0,0,0,19-DEC-2017,
OPTSTK,FORTIS,22-Feb-2018,165,PE,0,0,0,27.55,32.6,0,0,0,0,19-DEC-2017,
OPTSTK,FORTIS,22-Feb-2018,170,PE,0,0,0,31.1,36.65,0,0,0,0,19-DEC-2017,
OPTSTK,FORTIS,22-Feb-2018,175,PE,0,0,0,34.85,40.8,0,0,0,0,19-DEC-2017,
OPTSTK,FORTIS,22-Feb-2018,180,PE,0,0,0,38.75,45.05,0,0,0,0,19-DEC-2017,
OPTSTK,FORTIS,22-Feb-2018,185,PE,0,0,0,42.8,49.45,0,0,0,0,19-DEC-2017,
OPTSTK,FORTIS,22-Feb-2018,190,PE,0,0,0,46.95,53.95,0,0,0,0,19-DEC-2017,
OPTSTK,FORTIS,22-Feb-2018,195,PE,0,0,0,51.2,58.5,0,0,0,0,19-DEC-2017,
OPTSTK,FORTIS,22-Feb-2018,200,PE,0,0,0,55.55,63.1,0,0,0,0,19-DEC-2017,
OPTSTK,FORTIS,22-Feb-2018,205,PE,0,0,0,60,67.8,0,0,0,0,19-DEC-2017,
OPTSTK,GAIL,28-Dec-2017,260,CE,0,0,0,140.4,236.95,0,0,0,0,19-DEC-2017,
OPTSTK,GAIL,28-Dec-2017,270,CE,0,0,0,130.6,227,0,0,0,0,19-DEC-2017,
OPTSTK,GAIL,28-Dec-2017,280,CE,0,0,0,120.9,217,0,0,0,0,19-DEC-2017,
OPTSTK,GAIL,28-Dec-2017,290,CE,0,0,0,111.3,207,0,0,0,0,19-DEC-2017,
OPTSTK,GAIL,28-Dec-2017,300,CE,0,0,0,101.85,197.05,0,0,0,0,19-DEC-2017,
OPTSTK,GAIL,28-Dec-2017,310,CE,0,0,0,92.55,187.05,0,0,0,0,19-DEC-2017,
OPTSTK,GAIL,28-Dec-2017,320,CE,0,0,0,83.55,177.05,0,0,0,0,19-DEC-2017,
OPTSTK,GAIL,28-Dec-2017,330,CE,0,0,0,74.85,167.1,0,0,0,0,19-DEC-2017,
OPTSTK,GAIL,28-Dec-2017,340,CE,0,0,0,66.55,157.1,0,0,0,0,19-DEC-2017,
OPTSTK,GAIL,28-Dec-2017,350,CE,0,0,0,58.7,147.1,0,0,0,0,19-DEC-2017,
OPTSTK,GAIL,28-Dec-2017,360,CE,0,0,0,51.35,137.15,0,0,0,0,19-DEC-2017,
OPTSTK,GAIL,28-Dec-2017,370,CE,0,0,0,44.5,127.15,0,0,0,0,19-DEC-2017,
OPTSTK,GAIL,28-Dec-2017,380,CE,0,0,0,82,117.15,0,0,6000,0,19-DEC-2017,
OPTSTK,GAIL,28-Dec-2017,390,CE,0,0,0,32.65,107.2,0,0,0,0,19-DEC-2017,
OPTSTK,GAIL,28-Dec-2017,400,CE,0,0,0,27.6,97.2,0,0,0,0,19-DEC-2017,
OPTSTK,GAIL,28-Dec-2017,410,CE,0,0,0,59.5,87.2,0,0,4000,0,19-DEC-2017,
OPTSTK,GAIL,28-Dec-2017,420,CE,0,0,0,19.25,77.25,0,0,0,0,19-DEC-2017,
OPTSTK,GAIL,28-Dec-2017,430,CE,0,0,0,15.9,67.35,0,0,0,0,19-DEC-2017,
OPTSTK,GAIL,28-Dec-2017,440,CE,0,0,0,51.6,57.5,0,0,20000,0,19-DEC-2017,
OPTSTK,GAIL,28-Dec-2017,450,CE,0,0,0,43,47.9,0,0,30000,0,19-DEC-2017,
OPTSTK,GAIL,28-Dec-2017,460,CE,38.9,38.9,35.2,37.35,37.35,4,39.74,236000,-2000,19-DEC-2017,
OPTSTK,GAIL,28-Dec-2017,470,CE,31,31,31,31,31,1,10.02,60000,0,19-DEC-2017,
OPTSTK,GAIL,28-Dec-2017,480,CE,16.85,22.25,16.85,19.7,19.7,12,119.9,142000,-4000,19-DEC-2017,
OPTSTK,GAIL,28-Dec-2017,490,CE,12.95,17.2,10.4,13.25,13.25,175,1762.63,194000,-6000,19-DEC-2017,
OPTSTK,GAIL,28-Dec-2017,500,CE,8.45,11.6,6.55,8.6,8.6,563,5731.72,1024000,-16000,19-DEC-2017,
OPTSTK,GAIL,28-Dec-2017,510,CE,4.9,7.3,4,5.05,5.05,348,3587.27,506000,-10000,19-DEC-2017,
OPTSTK,GAIL,28-Dec-2017,520,CE,3.2,4.45,2.3,2.75,2.75,263,2751.67,414000,32000,19-DEC-2017,
OPTSTK,GAIL,28-Dec-2017,530,CE,1.8,2.5,1.3,1.5,1.5,135,1435.53,248000,14000,19-DEC-2017,
OPTSTK,GAIL,28-Dec-2017,540,CE,0.8,1.45,0.6,0.85,0.85,27,292.13,116000,-6000,19-DEC-2017,
OPTSTK,GAIL,28-Dec-2017,550,CE,0.6,0.7,0.45,0.6,0.6,11,121.12,62000,-2000,19-DEC-2017,
OPTSTK,GAIL,28-Dec-2017,560,CE,0.15,0.4,0.15,0.25,0.25,4,44.82,24000,-2000,19-DEC-2017,
OPTSTK,GAIL,28-Dec-2017,570,CE,0,0,0,0.35,0.15,0,0,6000,0,19-DEC-2017,
OPTSTK,GAIL,28-Dec-2017,580,CE,0,0,0,2.8,0.1,0,0,0,0,19-DEC-2017,
OPTSTK,GAIL,28-Dec-2017,260,PE,0,0,0,0.1,0,0,0,0,0,19-DEC-2017,
OPTSTK,GAIL,28-Dec-2017,270,PE,0,0,0,0.15,0,0,0,0,0,19-DEC-2017,
OPTSTK,GAIL,28-Dec-2017,280,PE,0,0,0,0.3,0,0,0,0,0,19-DEC-2017,
OPTSTK,GAIL,28-Dec-2017,290,PE,0,0,0,0.55,0,0,0,0,0,19-DEC-2017,
OPTSTK,GAIL,28-Dec-2017,300,PE,0,0,0,0.95,0,0,0,0,0,19-DEC-2017,
OPTSTK,GAIL,28-Dec-2017,310,PE,0,0,0,1.5,0,0,0,0,0,19-DEC-2017,
OPTSTK,GAIL,28-Dec-2017,320,PE,0,0,0,2.35,0,0,0,0,0,19-DEC-2017,
OPTSTK,GAIL,28-Dec-2017,330,PE,0,0,0,3.45,0,0,0,0,0,19-DEC-2017,
OPTSTK,GAIL,28-Dec-2017,340,PE,0,0,0,5,0,0,0,0,0,19-DEC-2017,
OPTSTK,GAIL,28-Dec-2017,350,PE,0,0,0,7,0,0,0,0,0,19-DEC-2017,
OPTSTK,GAIL,28-Dec-2017,360,PE,0.45,0.45,0.45,0.45,0.45,1,7.2,6000,0,19-DEC-2017,
OPTSTK,GAIL,28-Dec-2017,370,PE,0,0,0,12.5,0,0,0,0,0,19-DEC-2017,
OPTSTK,GAIL,28-Dec-2017,380,PE,0,0,0,16.1,0,0,0,0,0,19-DEC-2017,
OPTSTK,GAIL,28-Dec-2017,390,PE,0,0,0,20.3,0,0,0,0,0,19-DEC-2017,
OPTSTK,GAIL,28-Dec-2017,400,PE,0,0,0,0.45,0,0,0,12000,0,19-DEC-2017,
OPTSTK,GAIL,28-Dec-2017,410,PE,0,0,0,0.4,0.05,0,0,34000,0,19-DEC-2017,
OPTSTK,GAIL,28-Dec-2017,420,PE,0,0,0,0.45,0.05,0,0,54000,0,19-DEC-2017,
OPTSTK,GAIL,28-Dec-2017,430,PE,0,0,0,0.55,0.1,0,0,20000,0,19-DEC-2017,
OPTSTK,GAIL,28-Dec-2017,440,PE,0.2,0.2,0.2,0.2,0.2,1,8.8,98000,-2000,19-DEC-2017,
OPTSTK,GAIL,28-Dec-2017,450,PE,1,1,0.65,0.7,0.7,45,405.69,386000,50000,19-DEC-2017,
OPTSTK,GAIL,28-Dec-2017,460,PE,2.05,2.05,1,1.15,1.15,87,802.76,274000,6000,19-DEC-2017,
OPTSTK,GAIL,28-Dec-2017,470,PE,3.6,3.6,1.95,2.2,2.2,71,671.13,262000,22000,19-DEC-2017,
OPTSTK,GAIL,28-Dec-2017,480,PE,5.3,6.55,3.5,4.15,4.15,203,1968.37,236000,52000,19-DEC-2017,
OPTSTK,GAIL,28-Dec-2017,490,PE,9.5,11.45,6.1,7.55,7.55,195,1943.37,188000,4000,19-DEC-2017,
OPTSTK,GAIL,28-Dec-2017,500,PE,13.95,17,10.4,12.35,12.35,114,1169.52,86000,0,19-DEC-2017,
OPTSTK,GAIL,28-Dec-2017,510,PE,21.35,21.35,21.35,21.35,21.35,1,10.62,2000,0,19-DEC-2017,
OPTSTK,GAIL,28-Dec-2017,520,PE,29.2,29.2,29.2,29.2,29.2,1,10.98,4000,2000,19-DEC-2017,
OPTSTK,GAIL,28-Dec-2017,530,PE,0,0,0,127.1,35.1,0,0,0,0,19-DEC-2017,
OPTSTK,GAIL,28-Dec-2017,540,PE,0,0,0,136.6,43.95,0,0,0,0,19-DEC-2017,
OPTSTK,GAIL,28-Dec-2017,550,PE,0,0,0,48,53.3,0,0,2000,0,19-DEC-2017,
OPTSTK,GAIL,28-Dec-2017,560,PE,0,0,0,155.75,62.95,0,0,0,0,19-DEC-2017,
OPTSTK,GAIL,28-Dec-2017,570,PE,0,0,0,145.8,72.75,0,0,0,0,19-DEC-2017,
OPTSTK,GAIL,28-Dec-2017,580,PE,0,0,0,155.1,82.65,0,0,0,0,19-DEC-2017,
OPTSTK,GAIL,25-Jan-2018,310,CE,0,0,0,160.5,188.6,0,0,0,0,19-DEC-2017,
OPTSTK,GAIL,25-Jan-2018,320,CE,0,0,0,150.85,178.65,0,0,0,0,19-DEC-2017,
OPTSTK,GAIL,25-Jan-2018,330,CE,0,0,0,141.3,168.7,0,0,0,0,19-DEC-2017,
OPTSTK,GAIL,25-Jan-2018,340,CE,0,0,0,131.85,158.8,0,0,0,0,19-DEC-2017,
OPTSTK,GAIL,25-Jan-2018,350,CE,0,0,0,122.55,148.9,0,0,0,0,19-DEC-2017,
OPTSTK,GAIL,25-Jan-2018,360,CE,0,0,0,113.5,139,0,0,0,0,19-DEC-2017,
OPTSTK,GAIL,25-Jan-2018,370,CE,0,0,0,104.6,129.1,0,0,0,0,19-DEC-2017,
OPTSTK,GAIL,25-Jan-2018,380,CE,0,0,0,96.05,119.3,0,0,0,0,19-DEC-2017,
OPTSTK,GAIL,25-Jan-2018,390,CE,0,0,0,87.75,109.6,0,0,0,0,19-DEC-2017,
OPTSTK,GAIL,25-Jan-2018,400,CE,0,0,0,79.85,100,0,0,0,0,19-DEC-2017,
OPTSTK,GAIL,25-Jan-2018,410,CE,0,0,0,72.3,90.6,0,0,0,0,19-DEC-2017,
OPTSTK,GAIL,25-Jan-2018,420,CE,0,0,0,65.15,81.4,0,0,0,0,19-DEC-2017,
OPTSTK,GAIL,25-Jan-2018,430,CE,0,0,0,58.4,72.55,0,0,0,0,19-DEC-2017,
OPTSTK,GAIL,25-Jan-2018,440,CE,0,0,0,52.15,64.1,0,0,0,0,19-DEC-2017,
OPTSTK,GAIL,25-Jan-2018,450,CE,0,0,0,42,56.1,0,0,2000,0,19-DEC-2017,
OPTSTK,GAIL,25-Jan-2018,460,CE,0,0,0,41,48.6,0,0,0,0,19-DEC-2017,
OPTSTK,GAIL,25-Jan-2018,470,CE,0,0,0,21.75,41.65,0,0,6000,0,19-DEC-2017,
OPTSTK,GAIL,25-Jan-2018,480,CE,0,0,0,15,35.35,0,0,10000,0,19-DEC-2017,
OPTSTK,GAIL,25-Jan-2018,490,CE,0,0,0,22,29.65,0,0,6000,0,19-DEC-2017,
OPTSTK,GAIL,25-Jan-2018,500,CE,0,0,0,13.5,24.65,0,0,8000,0,19-DEC-2017,
OPTSTK,GAIL,25-Jan-2018,510,CE,0,0,0,20.8,20.25,0,0,0,0,19-DEC-2017,
OPTSTK,GAIL,25-Jan-2018,520,CE,0,0,0,17.9,16.45,0,0,0,0,19-DEC-2017,
OPTSTK,GAIL,25-Jan-2018,530,CE,6.6,6.7,6.55,6.55,6.55,11,118.05,22000,10000,19-DEC-2017,
OPTSTK,GAIL,25-Jan-2018,540,CE,4.75,4.75,4.75,4.75,4.75,4,43.58,8000,8000,19-DEC-2017,
OPTSTK,GAIL,25-Jan-2018,550,CE,0,0,0,3.8,8.3,0,0,2000,0,19-DEC-2017,
OPTSTK,GAIL,25-Jan-2018,560,CE,0,0,0,9.55,6.5,0,0,0,0,19-DEC-2017,
OPTSTK,GAIL,25-Jan-2018,570,CE,0,0,0,8.1,5,0,0,0,0,19-DEC-2017,
OPTSTK,GAIL,25-Jan-2018,580,CE,0,0,0,6.8,3.85,0,0,0,0,19-DEC-2017,
OPTSTK,GAIL,25-Jan-2018,310,PE,0,0,0,0.3,0,0,0,0,0,19-DEC-2017,
OPTSTK,GAIL,25-Jan-2018,320,PE,0,0,0,0.5,0,0,0,0,0,19-DEC-2017,
OPTSTK,GAIL,25-Jan-2018,330,PE,0,0,0,0.8,0.05,0,0,0,0,19-DEC-2017,
OPTSTK,GAIL,25-Jan-2018,340,PE,0,0,0,1.2,0.05,0,0,0,0,19-DEC-2017,
OPTSTK,GAIL,25-Jan-2018,350,PE,0,0,0,1.75,0.05,0,0,0,0,19-DEC-2017,
OPTSTK,GAIL,25-Jan-2018,360,PE,0,0,0,2.55,0.1,0,0,0,0,19-DEC-2017,
OPTSTK,GAIL,25-Jan-2018,370,PE,0,0,0,3.5,0.15,0,0,0,0,19-DEC-2017,
OPTSTK,GAIL,25-Jan-2018,380,PE,0,0,0,4.8,0.3,0,0,0,0,19-DEC-2017,
OPTSTK,GAIL,25-Jan-2018,390,PE,0,0,0,6.35,0.5,0,0,0,0,19-DEC-2017,
OPTSTK,GAIL,25-Jan-2018,400,PE,0,0,0,8.25,0.85,0,0,0,0,19-DEC-2017,
OPTSTK,GAIL,25-Jan-2018,410,PE,0,0,0,10.55,1.35,0,0,0,0,19-DEC-2017,
OPTSTK,GAIL,25-Jan-2018,420,PE,0,0,0,13.25,2.15,0,0,0,0,19-DEC-2017,
OPTSTK,GAIL,25-Jan-2018,430,PE,0,0,0,16.4,3.2,0,0,0,0,19-DEC-2017,
OPTSTK,GAIL,25-Jan-2018,440,PE,0,0,0,19.95,4.7,0,0,0,0,19-DEC-2017,
OPTSTK,GAIL,25-Jan-2018,450,PE,0,0,0,5.2,6.6,0,0,48000,0,19-DEC-2017,
OPTSTK,GAIL,25-Jan-2018,460,PE,0,0,0,7.5,9.05,0,0,12000,0,19-DEC-2017,
OPTSTK,GAIL,25-Jan-2018,470,PE,8,8,8,8,8,2,19.12,4000,4000,19-DEC-2017,
OPTSTK,GAIL,25-Jan-2018,480,PE,0,0,0,11,15.65,0,0,16000,0,19-DEC-2017,
OPTSTK,GAIL,25-Jan-2018,490,PE,0,0,0,44.65,19.95,0,0,0,0,19-DEC-2017,
OPTSTK,GAIL,25-Jan-2018,500,PE,20,20,20,20,20,10,104,20000,18000,19-DEC-2017,
OPTSTK,GAIL,25-Jan-2018,510,PE,0,0,0,57.5,30.4,0,0,0,0,19-DEC-2017,
OPTSTK,GAIL,25-Jan-2018,520,PE,0,0,0,64.45,36.5,0,0,0,0,19-DEC-2017,
OPTSTK,GAIL,25-Jan-2018,530,PE,0,0,0,71.8,43.25,0,0,0,0,19-DEC-2017,
OPTSTK,GAIL,25-Jan-2018,540,PE,0,0,0,79.4,50.5,0,0,0,0,19-DEC-2017,
OPTSTK,GAIL,25-Jan-2018,550,PE,0,0,0,87.3,58.2,0,0,0,0,19-DEC-2017,
OPTSTK,GAIL,25-Jan-2018,560,PE,0,0,0,95.45,66.3,0,0,0,0,19-DEC-2017,
OPTSTK,GAIL,25-Jan-2018,570,PE,0,0,0,103.85,74.75,0,0,0,0,19-DEC-2017,
OPTSTK,GAIL,25-Jan-2018,580,PE,0,0,0,112.45,83.5,0,0,0,0,19-DEC-2017,
OPTSTK,GAIL,22-Feb-2018,310,CE,0,0,0,162.95,190.15,0,0,0,0,19-DEC-2017,
OPTSTK,GAIL,22-Feb-2018,320,CE,0,0,0,153.1,180.3,0,0,0,0,19-DEC-2017,
OPTSTK,GAIL,22-Feb-2018,330,CE,0,0,0,143.3,170.45,0,0,0,0,19-DEC-2017,
OPTSTK,GAIL,22-Feb-2018,340,CE,0,0,0,133.5,160.65,0,0,0,0,19-DEC-2017,
OPTSTK,GAIL,22-Feb-2018,350,CE,0,0,0,123.75,150.9,0,0,0,0,19-DEC-2017,
OPTSTK,GAIL,22-Feb-2018,360,CE,0,0,0,114.1,141.25,0,0,0,0,19-DEC-2017,
OPTSTK,GAIL,22-Feb-2018,370,CE,0,0,0,104.6,131.7,0,0,0,0,19-DEC-2017,
OPTSTK,GAIL,22-Feb-2018,380,CE,0,0,0,95.2,122.25,0,0,0,0,19-DEC-2017,
OPTSTK,GAIL,22-Feb-2018,390,CE,0,0,0,86.1,113,0,0,0,0,19-DEC-2017,
OPTSTK,GAIL,22-Feb-2018,400,CE,0,0,0,77.2,103.95,0,0,0,0,19-DEC-2017,
OPTSTK,GAIL,22-Feb-2018,410,CE,0,0,0,68.7,95.2,0,0,0,0,19-DEC-2017,
OPTSTK,GAIL,22-Feb-2018,420,CE,0,0,0,60.65,86.7,0,0,0,0,19-DEC-2017,
OPTSTK,GAIL,22-Feb-2018,430,CE,0,0,0,53.05,78.6,0,0,0,0,19-DEC-2017,
OPTSTK,GAIL,22-Feb-2018,440,CE,0,0,0,45.95,70.85,0,0,0,0,19-DEC-2017,
OPTSTK,GAIL,22-Feb-2018,450,CE,0,0,0,39.45,63.5,0,0,0,0,19-DEC-2017,
OPTSTK,GAIL,22-Feb-2018,460,CE,0,0,0,33.55,56.6,0,0,0,0,19-DEC-2017,
OPTSTK,GAIL,22-Feb-2018,470,CE,0,0,0,28.3,50.2,0,0,0,0,19-DEC-2017,
OPTSTK,GAIL,22-Feb-2018,480,CE,0,0,0,23.6,44.25,0,0,0,0,19-DEC-2017,
OPTSTK,GAIL,22-Feb-2018,490,CE,0,0,0,19.5,38.8,0,0,0,0,19-DEC-2017,
OPTSTK,GAIL,22-Feb-2018,500,CE,0,0,0,16,33.8,0,0,0,0,19-DEC-2017,
OPTSTK,GAIL,22-Feb-2018,510,CE,0,0,0,12.95,29.35,0,0,0,0,19-DEC-2017,
OPTSTK,GAIL,22-Feb-2018,520,CE,0,0,0,10.45,25.3,0,0,0,0,19-DEC-2017,
OPTSTK,GAIL,22-Feb-2018,530,CE,0,0,0,8.35,21.7,0,0,0,0,19-DEC-2017,
OPTSTK,GAIL,22-Feb-2018,540,CE,0,0,0,6.6,18.55,0,0,0,0,19-DEC-2017,
OPTSTK,GAIL,22-Feb-2018,550,CE,0,0,0,5.15,15.75,0,0,0,0,19-DEC-2017,
OPTSTK,GAIL,22-Feb-2018,560,CE,0,0,0,4,13.35,0,0,0,0,19-DEC-2017,
OPTSTK,GAIL,22-Feb-2018,570,CE,0,0,0,3.1,11.2,0,0,0,0,19-DEC-2017,
OPTSTK,GAIL,22-Feb-2018,580,CE,0,0,0,2.4,9.4,0,0,0,0,19-DEC-2017,
OPTSTK,GAIL,22-Feb-2018,310,PE,0,0,0,0.05,0.05,0,0,0,0,19-DEC-2017,
OPTSTK,GAIL,22-Feb-2018,320,PE,0,0,0,0.05,0.1,0,0,0,0,19-DEC-2017,
OPTSTK,GAIL,22-Feb-2018,330,PE,0,0,0,0.1,0.15,0,0,0,0,19-DEC-2017,
OPTSTK,GAIL,22-Feb-2018,340,PE,0,0,0,0.15,0.25,0,0,0,0,19-DEC-2017,
OPTSTK,GAIL,22-Feb-2018,350,PE,0,0,0,0.25,0.35,0,0,0,0,19-DEC-2017,
OPTSTK,GAIL,22-Feb-2018,360,PE,0,0,0,0.45,0.6,0,0,0,0,19-DEC-2017,
OPTSTK,GAIL,22-Feb-2018,370,PE,0,0,0,0.8,0.9,0,0,0,0,19-DEC-2017,
OPTSTK,GAIL,22-Feb-2018,380,PE,0,0,0,1.3,1.4,0,0,0,0,19-DEC-2017,
OPTSTK,GAIL,22-Feb-2018,390,PE,0,0,0,2,2,0,0,0,0,19-DEC-2017,
OPTSTK,GAIL,22-Feb-2018,400,PE,0,0,0,3,2.85,0,0,0,0,19-DEC-2017,
OPTSTK,GAIL,22-Feb-2018,410,PE,0,0,0,4.35,3.95,0,0,0,0,19-DEC-2017,
OPTSTK,GAIL,22-Feb-2018,420,PE,0,0,0,6.1,5.35,0,0,0,0,19-DEC-2017,
OPTSTK,GAIL,22-Feb-2018,430,PE,0,0,0,8.4,7.15,0,0,0,0,19-DEC-2017,
OPTSTK,GAIL,22-Feb-2018,440,PE,0,0,0,11.15,9.25,0,0,0,0,19-DEC-2017,
OPTSTK,GAIL,22-Feb-2018,450,PE,0,0,0,14.5,11.85,0,0,0,0,19-DEC-2017,
OPTSTK,GAIL,22-Feb-2018,460,PE,0,0,0,18.45,14.8,0,0,0,0,19-DEC-2017,
OPTSTK,GAIL,22-Feb-2018,470,PE,0,0,0,23.05,18.25,0,0,0,0,19-DEC-2017,
OPTSTK,GAIL,22-Feb-2018,480,PE,0,0,0,28.2,22.2,0,0,0,0,19-DEC-2017,
OPTSTK,GAIL,22-Feb-2018,490,PE,0,0,0,33.95,26.65,0,0,0,0,19-DEC-2017,
OPTSTK,GAIL,22-Feb-2018,500,PE,0,0,0,40.3,31.55,0,0,0,0,19-DEC-2017,
OPTSTK,GAIL,22-Feb-2018,510,PE,0,0,0,47.15,36.95,0,0,0,0,19-DEC-2017,
OPTSTK,GAIL,22-Feb-2018,520,PE,0,0,0,54.5,42.8,0,0,0,0,19-DEC-2017,
OPTSTK,GAIL,22-Feb-2018,530,PE,0,0,0,62.2,49.1,0,0,0,0,19-DEC-2017,
OPTSTK,GAIL,22-Feb-2018,540,PE,0,0,0,70.3,55.85,0,0,0,0,19-DEC-2017,
OPTSTK,GAIL,22-Feb-2018,550,PE,0,0,0,78.75,62.9,0,0,0,0,19-DEC-2017,
OPTSTK,GAIL,22-Feb-2018,560,PE,0,0,0,87.45,70.4,0,0,0,0,19-DEC-2017,
OPTSTK,GAIL,22-Feb-2018,570,PE,0,0,0,96.4,78.15,0,0,0,0,19-DEC-2017,
OPTSTK,GAIL,22-Feb-2018,580,PE,0,0,0,105.55,86.25,0,0,0,0,19-DEC-2017,
OPTSTK,GLENMARK,28-Dec-2017,430,CE,0,0,0,171.7,112.65,0,0,0,0,19-DEC-2017,
OPTSTK,GLENMARK,28-Dec-2017,440,CE,0,0,0,162.05,102.65,0,0,0,0,19-DEC-2017,
OPTSTK,GLENMARK,28-Dec-2017,450,CE,0,0,0,152.5,92.65,0,0,0,0,19-DEC-2017,
OPTSTK,GLENMARK,28-Dec-2017,460,CE,0,0,0,143.1,82.7,0,0,0,0,19-DEC-2017,
OPTSTK,GLENMARK,28-Dec-2017,470,CE,0,0,0,133.8,72.7,0,0,0,0,19-DEC-2017,
OPTSTK,GLENMARK,28-Dec-2017,480,CE,0,0,0,124.65,62.7,0,0,0,0,19-DEC-2017,
OPTSTK,GLENMARK,28-Dec-2017,490,CE,0,0,0,115.7,52.75,0,0,0,0,19-DEC-2017,
OPTSTK,GLENMARK,28-Dec-2017,500,CE,0,0,0,48,42.85,0,0,0,0,19-DEC-2017,
OPTSTK,GLENMARK,28-Dec-2017,510,CE,0,0,0,33,33.15,0,0,700,0,19-DEC-2017,
OPTSTK,GLENMARK,28-Dec-2017,520,CE,24.5,28,24.2,27.55,27.55,9,34.42,10500,2800,19-DEC-2017,
OPTSTK,GLENMARK,28-Dec-2017,530,CE,17,20,17,19.95,19.95,6,23.04,15400,700,19-DEC-2017,
OPTSTK,GLENMARK,28-Dec-2017,540,CE,13,14.3,11.5,13.25,13.25,98,379.16,89600,700,19-DEC-2017,
OPTSTK,GLENMARK,28-Dec-2017,550,CE,8.95,9.9,7,9,9,84,328.39,123900,8400,19-DEC-2017,
OPTSTK,GLENMARK,28-Dec-2017,560,CE,5.3,6,4.2,5.25,5.25,97,383.78,153300,11200,19-DEC-2017,
OPTSTK,GLENMARK,28-Dec-2017,570,CE,3.9,3.9,3.15,3.25,3.25,15,60.19,54600,2100,19-DEC-2017,
OPTSTK,GLENMARK,28-Dec-2017,580,CE,1.5,3.1,1.15,1.8,1.8,34,138.49,108500,2100,19-DEC-2017,
OPTSTK,GLENMARK,28-Dec-2017,590,CE,1.5,1.5,1.1,1.3,1.3,9,37.25,35700,4900,19-DEC-2017,
OPTSTK,GLENMARK,28-Dec-2017,600,CE,0.7,0.95,0.45,0.7,0.7,49,206.03,158200,-15400,19-DEC-2017,
OPTSTK,GLENMARK,28-Dec-2017,610,CE,0,0,0,2,0.05,0,0,2100,0,19-DEC-2017,
OPTSTK,GLENMARK,28-Dec-2017,620,CE,0,0,0,0.6,0,0,0,36400,0,19-DEC-2017,
OPTSTK,GLENMARK,28-Dec-2017,630,CE,0,0,0,0.6,0,0,0,11200,0,19-DEC-2017,
OPTSTK,GLENMARK,28-Dec-2017,640,CE,0.2,0.2,0.2,0.2,0.2,1,4.48,13300,-700,19-DEC-2017,
OPTSTK,GLENMARK,28-Dec-2017,650,CE,0,0,0,0.15,0,0,0,2800,0,19-DEC-2017,
OPTSTK,GLENMARK,28-Dec-2017,660,CE,0,0,0,17.1,0,0,0,0,0,19-DEC-2017,
OPTSTK,GLENMARK,28-Dec-2017,670,CE,0,0,0,14.75,0,0,0,0,0,19-DEC-2017,
OPTSTK,GLENMARK,28-Dec-2017,680,CE,0,0,0,4.75,0,0,0,700,0,19-DEC-2017,
OPTSTK,GLENMARK,28-Dec-2017,690,CE,0,0,0,10.8,0,0,0,0,0,19-DEC-2017,
OPTSTK,GLENMARK,28-Dec-2017,700,CE,0,0,0,0.2,0,0,0,700,0,19-DEC-2017,
OPTSTK,GLENMARK,28-Dec-2017,710,CE,0,0,0,7.75,0,0,0,0,0,19-DEC-2017,
OPTSTK,GLENMARK,28-Dec-2017,720,CE,0,0,0,6.55,0,0,0,0,0,19-DEC-2017,
OPTSTK,GLENMARK,28-Dec-2017,730,CE,0,0,0,5.5,0,0,0,0,0,19-DEC-2017,
OPTSTK,GLENMARK,28-Dec-2017,740,CE,0,0,0,4.65,0,0,0,0,0,19-DEC-2017,
OPTSTK,GLENMARK,28-Dec-2017,750,CE,0,0,0,3.85,0,0,0,0,0,19-DEC-2017,
OPTSTK,GLENMARK,28-Dec-2017,760,CE,0,0,0,3.25,0,0,0,0,0,19-DEC-2017,
OPTSTK,GLENMARK,28-Dec-2017,770,CE,0,0,0,2.7,0,0,0,0,0,19-DEC-2017,
OPTSTK,GLENMARK,28-Dec-2017,780,CE,0,0,0,2.2,0,0,0,0,0,19-DEC-2017,
OPTSTK,GLENMARK,28-Dec-2017,790,CE,0,0,0,1.85,0,0,0,0,0,19-DEC-2017,
OPTSTK,GLENMARK,28-Dec-2017,430,PE,0,0,0,0.4,0,0,0,0,0,19-DEC-2017,
OPTSTK,GLENMARK,28-Dec-2017,440,PE,0,0,0,0.65,0,0,0,0,0,19-DEC-2017,
OPTSTK,GLENMARK,28-Dec-2017,450,PE,0,0,0,0.9,0,0,0,0,0,19-DEC-2017,
OPTSTK,GLENMARK,28-Dec-2017,460,PE,0,0,0,1.35,0,0,0,0,0,19-DEC-2017,
OPTSTK,GLENMARK,28-Dec-2017,470,PE,0,0,0,1.85,0,0,0,0,0,19-DEC-2017,
OPTSTK,GLENMARK,28-Dec-2017,480,PE,0,0,0,3.5,0,0,0,3500,0,19-DEC-2017,
OPTSTK,GLENMARK,28-Dec-2017,490,PE,0,0,0,0.3,0.05,0,0,2100,0,19-DEC-2017,
OPTSTK,GLENMARK,28-Dec-2017,500,PE,1.5,1.5,1,1,1,2,7.01,41300,-1400,19-DEC-2017,
OPTSTK,GLENMARK,28-Dec-2017,510,PE,2,2,2,2,2,1,3.58,7700,700,19-DEC-2017,
OPTSTK,GLENMARK,28-Dec-2017,520,PE,4,4,2.5,3.1,3.1,16,58.62,53200,-1400,19-DEC-2017,
OPTSTK,GLENMARK,28-Dec-2017,530,PE,6.75,7.05,5,5.25,5.25,30,112.59,38500,-700,19-DEC-2017,
OPTSTK,GLENMARK,28-Dec-2017,540,PE,12,12,8,8.55,8.55,34,130.86,47600,-3500,19-DEC-2017,
OPTSTK,GLENMARK,28-Dec-2017,550,PE,16.5,16.5,12.25,12.75,12.75,4,15.8,25200,2100,19-DEC-2017,
OPTSTK,GLENMARK,28-Dec-2017,560,PE,22.95,22.95,22,22,22,2,8.15,51100,-700,19-DEC-2017,
OPTSTK,GLENMARK,28-Dec-2017,570,PE,0,0,0,31,28.1,0,0,6300,0,19-DEC-2017,
OPTSTK,GLENMARK,28-Dec-2017,580,PE,0,0,0,37,37.5,0,0,38500,0,19-DEC-2017,
OPTSTK,GLENMARK,28-Dec-2017,590,PE,0,0,0,32,47.25,0,0,4900,0,19-DEC-2017,
OPTSTK,GLENMARK,28-Dec-2017,600,PE,0,0,0,67,57.15,0,0,27300,0,19-DEC-2017,
OPTSTK,GLENMARK,28-Dec-2017,610,PE,0,0,0,40.1,67.15,0,0,0,0,19-DEC-2017,
OPTSTK,GLENMARK,28-Dec-2017,620,PE,0,0,0,86,77.1,0,0,4200,0,19-DEC-2017,
OPTSTK,GLENMARK,28-Dec-2017,630,PE,0,0,0,51.85,87.1,0,0,0,0,19-DEC-2017,
OPTSTK,GLENMARK,28-Dec-2017,640,PE,0,0,0,72,97.1,0,0,9800,0,19-DEC-2017,
OPTSTK,GLENMARK,28-Dec-2017,650,PE,0,0,0,65.1,107.05,0,0,0,0,19-DEC-2017,
OPTSTK,GLENMARK,28-Dec-2017,660,PE,0,0,0,92,117.05,0,0,3500,0,19-DEC-2017,
OPTSTK,GLENMARK,28-Dec-2017,670,PE,0,0,0,79.7,127.05,0,0,0,0,19-DEC-2017,
OPTSTK,GLENMARK,28-Dec-2017,680,PE,0,0,0,110,137,0,0,4200,0,19-DEC-2017,
OPTSTK,GLENMARK,28-Dec-2017,690,PE,0,0,0,95.45,147,0,0,0,0,19-DEC-2017,
OPTSTK,GLENMARK,28-Dec-2017,700,PE,0,0,0,126,157,0,0,2100,0,19-DEC-2017,
OPTSTK,GLENMARK,28-Dec-2017,710,PE,0,0,0,135,166.95,0,0,700,0,19-DEC-2017,
OPTSTK,GLENMARK,28-Dec-2017,720,PE,0,0,0,145,176.95,0,0,1400,0,19-DEC-2017,
OPTSTK,GLENMARK,28-Dec-2017,730,PE,0,0,0,129.55,186.95,0,0,0,0,19-DEC-2017,
OPTSTK,GLENMARK,28-Dec-2017,740,PE,0,0,0,158.85,196.9,0,0,700,0,19-DEC-2017,
OPTSTK,GLENMARK,28-Dec-2017,750,PE,0,0,0,147.6,206.9,0,0,0,0,19-DEC-2017,
OPTSTK,GLENMARK,28-Dec-2017,760,PE,0,0,0,181.5,216.9,0,0,700,0,19-DEC-2017,
OPTSTK,GLENMARK,28-Dec-2017,770,PE,0,0,0,166.1,226.85,0,0,0,0,19-DEC-2017,
OPTSTK,GLENMARK,28-Dec-2017,780,PE,0,0,0,175.5,236.85,0,0,0,0,19-DEC-2017,
OPTSTK,GLENMARK,28-Dec-2017,790,PE,0,0,0,184.95,246.85,0,0,0,0,19-DEC-2017,
OPTSTK,GLENMARK,25-Jan-2018,430,CE,0,0,0,175.4,114.8,0,0,0,0,19-DEC-2017,
OPTSTK,GLENMARK,25-Jan-2018,440,CE,0,0,0,165.55,104.85,0,0,0,0,19-DEC-2017,
OPTSTK,GLENMARK,25-Jan-2018,450,CE,0,0,0,155.75,94.95,0,0,0,0,19-DEC-2017,
OPTSTK,GLENMARK,25-Jan-2018,460,CE,0,0,0,145.95,85.1,0,0,0,0,19-DEC-2017,
OPTSTK,GLENMARK,25-Jan-2018,470,CE,0,0,0,136.2,75.4,0,0,0,0,19-DEC-2017,
OPTSTK,GLENMARK,25-Jan-2018,480,CE,0,0,0,126.5,65.8,0,0,0,0,19-DEC-2017,
OPTSTK,GLENMARK,25-Jan-2018,490,CE,0,0,0,116.9,56.5,0,0,0,0,19-DEC-2017,
OPTSTK,GLENMARK,25-Jan-2018,500,CE,0,0,0,107.45,47.65,0,0,0,0,19-DEC-2017,
OPTSTK,GLENMARK,25-Jan-2018,510,CE,0,0,0,98.15,39.35,0,0,0,0,19-DEC-2017,
OPTSTK,GLENMARK,25-Jan-2018,520,CE,0,0,0,89.05,31.75,0,0,0,0,19-DEC-2017,
OPTSTK,GLENMARK,25-Jan-2018,530,CE,0,0,0,80.25,24.95,0,0,0,0,19-DEC-2017,
OPTSTK,GLENMARK,25-Jan-2018,540,CE,0,0,0,25.1,19.15,0,0,900,0,19-DEC-2017,
OPTSTK,GLENMARK,25-Jan-2018,550,CE,0,0,0,20,14.25,0,0,900,0,19-DEC-2017,
OPTSTK,GLENMARK,25-Jan-2018,560,CE,0,0,0,56.05,10.35,0,0,0,0,19-DEC-2017,
OPTSTK,GLENMARK,25-Jan-2018,570,CE,0,0,0,48.85,7.25,0,0,0,0,19-DEC-2017,
OPTSTK,GLENMARK,25-Jan-2018,580,CE,0,0,0,42.25,5,0,0,0,0,19-DEC-2017,
OPTSTK,GLENMARK,25-Jan-2018,590,CE,0,0,0,36.2,3.3,0,0,0,0,19-DEC-2017,
OPTSTK,GLENMARK,25-Jan-2018,600,CE,0,0,0,9,2.15,0,0,1800,0,19-DEC-2017,
OPTSTK,GLENMARK,25-Jan-2018,610,CE,0,0,0,25.85,1.35,0,0,0,0,19-DEC-2017,
OPTSTK,GLENMARK,25-Jan-2018,620,CE,0,0,0,21.55,0.85,0,0,0,0,19-DEC-2017,
OPTSTK,GLENMARK,25-Jan-2018,630,CE,0,0,0,17.8,0.5,0,0,0,0,19-DEC-2017,
OPTSTK,GLENMARK,25-Jan-2018,640,CE,0,0,0,14.55,0.3,0,0,0,0,19-DEC-2017,
OPTSTK,GLENMARK,25-Jan-2018,650,CE,0,0,0,11.8,0.15,0,0,0,0,19-DEC-2017,
OPTSTK,GLENMARK,25-Jan-2018,660,CE,0,0,0,9.45,0.1,0,0,0,0,19-DEC-2017,
OPTSTK,GLENMARK,25-Jan-2018,670,CE,0,0,0,7.55,0.05,0,0,0,0,19-DEC-2017,
OPTSTK,GLENMARK,25-Jan-2018,680,CE,0,0,0,5.95,0.05,0,0,0,0,19-DEC-2017,
OPTSTK,GLENMARK,25-Jan-2018,690,CE,0,0,0,4.65,0.05,0,0,0,0,19-DEC-2017,
OPTSTK,GLENMARK,25-Jan-2018,700,CE,0,0,0,3.6,0.05,0,0,0,0,19-DEC-2017,
OPTSTK,GLENMARK,25-Jan-2018,710,CE,0,0,0,2.8,0,0,0,0,0,19-DEC-2017,
OPTSTK,GLENMARK,25-Jan-2018,720,CE,0,0,0,2.1,0,0,0,0,0,19-DEC-2017,
OPTSTK,GLENMARK,25-Jan-2018,730,CE,0,0,0,1.6,0,0,0,0,0,19-DEC-2017,
OPTSTK,GLENMARK,25-Jan-2018,740,CE,0,0,0,1.2,0,0,0,0,0,19-DEC-2017,
OPTSTK,GLENMARK,25-Jan-2018,750,CE,0,0,0,0.9,0,0,0,0,0,19-DEC-2017,
OPTSTK,GLENMARK,25-Jan-2018,760,CE,0,0,0,0.65,0,0,0,0,0,19-DEC-2017,
OPTSTK,GLENMARK,25-Jan-2018,770,CE,0,0,0,0.5,0,0,0,0,0,19-DEC-2017,
OPTSTK,GLENMARK,25-Jan-2018,780,CE,0,0,0,0.35,0,0,0,0,0,19-DEC-2017,
OPTSTK,GLENMARK,25-Jan-2018,790,CE,0,0,0,0.25,0,0,0,0,0,19-DEC-2017,
OPTSTK,GLENMARK,25-Jan-2018,430,PE,0,0,0,0.05,0.05,0,0,0,0,19-DEC-2017,
OPTSTK,GLENMARK,25-Jan-2018,440,PE,0,0,0,0.05,0.05,0,0,0,0,19-DEC-2017,
OPTSTK,GLENMARK,25-Jan-2018,450,PE,0,0,0,0.1,0.1,0,0,0,0,19-DEC-2017,
OPTSTK,GLENMARK,25-Jan-2018,460,PE,0,0,0,0.15,0.2,0,0,0,0,19-DEC-2017,
OPTSTK,GLENMARK,25-Jan-2018,470,PE,0,0,0,0.25,0.35,0,0,0,0,19-DEC-2017,
OPTSTK,GLENMARK,25-Jan-2018,480,PE,0,0,0,0.4,0.75,0,0,0,0,19-DEC-2017,
OPTSTK,GLENMARK,25-Jan-2018,490,PE,0,0,0,0.65,1.4,0,0,0,0,19-DEC-2017,
OPTSTK,GLENMARK,25-Jan-2018,500,PE,0,0,0,1,2.45,0,0,0,0,19-DEC-2017,
OPTSTK,GLENMARK,25-Jan-2018,510,PE,0,0,0,1.55,4.05,0,0,0,0,19-DEC-2017,
OPTSTK,GLENMARK,25-Jan-2018,520,PE,0,0,0,2.3,6.4,0,0,0,0,19-DEC-2017,
OPTSTK,GLENMARK,25-Jan-2018,530,PE,0,0,0,3.35,9.55,0,0,0,0,19-DEC-2017,
OPTSTK,GLENMARK,25-Jan-2018,540,PE,0,0,0,21.25,13.65,0,0,26100,0,19-DEC-2017,
OPTSTK,GLENMARK,25-Jan-2018,550,PE,0,0,0,6.45,18.75,0,0,0,0,19-DEC-2017,
OPTSTK,GLENMARK,25-Jan-2018,560,PE,0,0,0,8.65,24.75,0,0,0,0,19-DEC-2017,
OPTSTK,GLENMARK,25-Jan-2018,570,PE,0,0,0,11.35,31.6,0,0,0,0,19-DEC-2017,
OPTSTK,GLENMARK,25-Jan-2018,580,PE,0,0,0,14.55,39.25,0,0,0,0,19-DEC-2017,
OPTSTK,GLENMARK,25-Jan-2018,590,PE,0,0,0,18.35,47.5,0,0,0,0,19-DEC-2017,
OPTSTK,GLENMARK,25-Jan-2018,600,PE,0,0,0,22.75,56.3,0,0,0,0,19-DEC-2017,
OPTSTK,GLENMARK,25-Jan-2018,610,PE,0,0,0,27.7,65.45,0,0,0,0,19-DEC-2017,
OPTSTK,GLENMARK,25-Jan-2018,620,PE,0,0,0,33.25,74.85,0,0,0,0,19-DEC-2017,
OPTSTK,GLENMARK,25-Jan-2018,630,PE,0,0,0,39.3,84.45,0,0,0,0,19-DEC-2017,
OPTSTK,GLENMARK,25-Jan-2018,640,PE,0,0,0,45.9,94.2,0,0,0,0,19-DEC-2017,
OPTSTK,GLENMARK,25-Jan-2018,650,PE,0,0,0,53,104,0,0,0,0,19-DEC-2017,
OPTSTK,GLENMARK,25-Jan-2018,660,PE,0,0,0,60.5,113.85,0,0,0,0,19-DEC-2017,
OPTSTK,GLENMARK,25-Jan-2018,670,PE,0,0,0,68.45,123.75,0,0,0,0,19-DEC-2017,
OPTSTK,GLENMARK,25-Jan-2018,680,PE,0,0,0,76.7,133.65,0,0,0,0,19-DEC-2017,
OPTSTK,GLENMARK,25-Jan-2018,690,PE,0,0,0,85.25,143.6,0,0,0,0,19-DEC-2017,
OPTSTK,GLENMARK,25-Jan-2018,700,PE,0,0,0,94.05,153.5,0,0,0,0,19-DEC-2017,
OPTSTK,GLENMARK,25-Jan-2018,710,PE,0,0,0,103.05,163.45,0,0,0,0,19-DEC-2017,
OPTSTK,GLENMARK,25-Jan-2018,720,PE,0,0,0,112.25,173.4,0,0,0,0,19-DEC-2017,
OPTSTK,GLENMARK,25-Jan-2018,730,PE,0,0,0,121.55,183.3,0,0,0,0,19-DEC-2017,
OPTSTK,GLENMARK,25-Jan-2018,740,PE,0,0,0,131,193.25,0,0,0,0,19-DEC-2017,
OPTSTK,GLENMARK,25-Jan-2018,750,PE,0,0,0,140.55,203.2,0,0,0,0,19-DEC-2017,
OPTSTK,GLENMARK,25-Jan-2018,760,PE,0,0,0,150.15,213.1,0,0,0,0,19-DEC-2017,
OPTSTK,GLENMARK,25-Jan-2018,770,PE,0,0,0,159.8,223.05,0,0,0,0,19-DEC-2017,
OPTSTK,GLENMARK,25-Jan-2018,780,PE,0,0,0,169.55,233,0,0,0,0,19-DEC-2017,
OPTSTK,GLENMARK,25-Jan-2018,790,PE,0,0,0,179.3,242.95,0,0,0,0,19-DEC-2017,
OPTSTK,GLENMARK,22-Feb-2018,430,CE,0,0,0,140.75,117,0,0,0,0,19-DEC-2017,
OPTSTK,GLENMARK,22-Feb-2018,440,CE,0,0,0,131.1,107.25,0,0,0,0,19-DEC-2017,
OPTSTK,GLENMARK,22-Feb-2018,450,CE,0,0,0,121.55,97.55,0,0,0,0,19-DEC-2017,
OPTSTK,GLENMARK,22-Feb-2018,460,CE,0,0,0,112.15,88,0,0,0,0,19-DEC-2017,
OPTSTK,GLENMARK,22-Feb-2018,470,CE,0,0,0,102.95,78.7,0,0,0,0,19-DEC-2017,
OPTSTK,GLENMARK,22-Feb-2018,480,CE,0,0,0,94,69.6,0,0,0,0,19-DEC-2017,
OPTSTK,GLENMARK,22-Feb-2018,490,CE,0,0,0,85.3,60.95,0,0,0,0,19-DEC-2017,
OPTSTK,GLENMARK,22-Feb-2018,500,CE,0,0,0,76.9,52.7,0,0,0,0,19-DEC-2017,
OPTSTK,GLENMARK,22-Feb-2018,510,CE,0,0,0,68.9,45,0,0,0,0,19-DEC-2017,
OPTSTK,GLENMARK,22-Feb-2018,520,CE,0,0,0,61.35,37.9,0,0,0,0,19-DEC-2017,
OPTSTK,GLENMARK,22-Feb-2018,530,CE,0,0,0,54.2,31.45,0,0,0,0,19-DEC-2017,
OPTSTK,GLENMARK,22-Feb-2018,540,CE,0,0,0,47.55,25.75,0,0,0,0,19-DEC-2017,
OPTSTK,GLENMARK,22-Feb-2018,550,CE,0,0,0,41.45,20.8,0,0,0,0,19-DEC-2017,
OPTSTK,GLENMARK,22-Feb-2018,560,CE,0,0,0,35.85,16.55,0,0,0,0,19-DEC-2017,
OPTSTK,GLENMARK,22-Feb-2018,570,CE,0,0,0,30.8,12.95,0,0,0,0,19-DEC-2017,
OPTSTK,GLENMARK,22-Feb-2018,580,CE,0,0,0,26.25,10,0,0,0,0,19-DEC-2017,
OPTSTK,GLENMARK,22-Feb-2018,590,CE,0,0,0,22.25,7.6,0,0,0,0,19-DEC-2017,
OPTSTK,GLENMARK,22-Feb-2018,600,CE,0,0,0,18.7,5.7,0,0,0,0,19-DEC-2017,
OPTSTK,GLENMARK,22-Feb-2018,610,CE,0,0,0,15.6,4.2,0,0,0,0,19-DEC-2017,
OPTSTK,GLENMARK,22-Feb-2018,620,CE,0,0,0,12.95,3.05,0,0,0,0,19-DEC-2017,
OPTSTK,GLENMARK,22-Feb-2018,630,CE,0,0,0,10.7,2.2,0,0,0,0,19-DEC-2017,
OPTSTK,GLENMARK,22-Feb-2018,640,CE,0,0,0,8.7,1.55,0,0,0,0,19-DEC-2017,
OPTSTK,GLENMARK,22-Feb-2018,650,CE,0,0,0,7.1,1.1,0,0,0,0,19-DEC-2017,
OPTSTK,GLENMARK,22-Feb-2018,660,CE,0,0,0,5.75,0.75,0,0,0,0,19-DEC-2017,
OPTSTK,GLENMARK,22-Feb-2018,670,CE,0,0,0,4.6,0.5,0,0,0,0,19-DEC-2017,
OPTSTK,GLENMARK,22-Feb-2018,680,CE,0,0,0,3.65,0.35,0,0,0,0,19-DEC-2017,
OPTSTK,GLENMARK,22-Feb-2018,690,CE,0,0,0,2.9,0.25,0,0,0,0,19-DEC-2017,
OPTSTK,GLENMARK,22-Feb-2018,700,CE,0,0,0,2.3,0.15,0,0,0,0,19-DEC-2017,
OPTSTK,GLENMARK,22-Feb-2018,710,CE,0,0,0,1.8,0.1,0,0,0,0,19-DEC-2017,
OPTSTK,GLENMARK,22-Feb-2018,720,CE,0,0,0,1.4,0.1,0,0,0,0,19-DEC-2017,
OPTSTK,GLENMARK,22-Feb-2018,730,CE,0,0,0,1.1,0.05,0,0,0,0,19-DEC-2017,
OPTSTK,GLENMARK,22-Feb-2018,740,CE,0,0,0,0.85,0.05,0,0,0,0,19-DEC-2017,
OPTSTK,GLENMARK,22-Feb-2018,750,CE,0,0,0,0.65,0.05,0,0,0,0,19-DEC-2017,
OPTSTK,GLENMARK,22-Feb-2018,760,CE,0,0,0,0.5,0.05,0,0,0,0,19-DEC-2017,
OPTSTK,GLENMARK,22-Feb-2018,430,PE,0,0,0,0.35,0.15,0,0,0,0,19-DEC-2017,
OPTSTK,GLENMARK,22-Feb-2018,440,PE,0,0,0,0.6,0.25,0,0,0,0,19-DEC-2017,
OPTSTK,GLENMARK,22-Feb-2018,450,PE,0,0,0,0.9,0.45,0,0,0,0,19-DEC-2017,
OPTSTK,GLENMARK,22-Feb-2018,460,PE,0,0,0,1.35,0.8,0,0,0,0,19-DEC-2017,
OPTSTK,GLENMARK,22-Feb-2018,470,PE,0,0,0,2,1.35,0,0,0,0,19-DEC-2017,
OPTSTK,GLENMARK,22-Feb-2018,480,PE,0,0,0,2.9,2.2,0,0,0,0,19-DEC-2017,
OPTSTK,GLENMARK,22-Feb-2018,490,PE,0,0,0,4.05,3.4,0,0,0,0,19-DEC-2017,
OPTSTK,GLENMARK,22-Feb-2018,500,PE,0,0,0,5.55,5.05,0,0,0,0,19-DEC-2017,
OPTSTK,GLENMARK,22-Feb-2018,510,PE,0,0,0,7.4,7.2,0,0,0,0,19-DEC-2017,
OPTSTK,GLENMARK,22-Feb-2018,520,PE,0,0,0,9.65,10,0,0,0,0,19-DEC-2017,
OPTSTK,GLENMARK,22-Feb-2018,530,PE,0,0,0,12.4,13.5,0,0,0,0,19-DEC-2017,
OPTSTK,GLENMARK,22-Feb-2018,540,PE,0,0,0,15.6,17.65,0,0,0,0,19-DEC-2017,
OPTSTK,GLENMARK,22-Feb-2018,550,PE,0,0,0,19.35,22.55,0,0,0,0,19-DEC-2017,
OPTSTK,GLENMARK,22-Feb-2018,560,PE,0,0,0,23.6,28.2,0,0,0,0,19-DEC-2017,
OPTSTK,GLENMARK,22-Feb-2018,570,PE,0,0,0,28.4,34.5,0,0,0,0,19-DEC-2017,
OPTSTK,GLENMARK,22-Feb-2018,580,PE,0,0,0,33.7,41.4,0,0,0,0,19-DEC-2017,
OPTSTK,GLENMARK,22-Feb-2018,590,PE,0,0,0,39.55,48.9,0,0,0,0,19-DEC-2017,
OPTSTK,GLENMARK,22-Feb-2018,600,PE,0,0,0,45.85,56.9,0,0,0,0,19-DEC-2017,
OPTSTK,GLENMARK,22-Feb-2018,610,PE,0,0,0,52.6,65.3,0,0,0,0,19-DEC-2017,
OPTSTK,GLENMARK,22-Feb-2018,620,PE,0,0,0,59.8,74.05,0,0,0,0,19-DEC-2017,
OPTSTK,GLENMARK,22-Feb-2018,630,PE,0,0,0,67.4,83.05,0,0,0,0,19-DEC-2017,
OPTSTK,GLENMARK,22-Feb-2018,640,PE,0,0,0,75.3,92.3,0,0,0,0,19-DEC-2017,
OPTSTK,GLENMARK,22-Feb-2018,650,PE,0,0,0,83.5,101.75,0,0,0,0,19-DEC-2017,
OPTSTK,GLENMARK,22-Feb-2018,660,PE,0,0,0,92,111.3,0,0,0,0,19-DEC-2017,
OPTSTK,GLENMARK,22-Feb-2018,670,PE,0,0,0,100.75,120.95,0,0,0,0,19-DEC-2017,
OPTSTK,GLENMARK,22-Feb-2018,680,PE,0,0,0,109.65,130.65,0,0,0,0,19-DEC-2017,
OPTSTK,GLENMARK,22-Feb-2018,690,PE,0,0,0,118.75,140.45,0,0,0,0,19-DEC-2017,
OPTSTK,GLENMARK,22-Feb-2018,700,PE,0,0,0,128,150.25,0,0,0,0,19-DEC-2017,
OPTSTK,GLENMARK,22-Feb-2018,710,PE,0,0,0,137.35,160.05,0,0,0,0,19-DEC-2017,
OPTSTK,GLENMARK,22-Feb-2018,720,PE,0,0,0,146.8,169.9,0,0,0,0,19-DEC-2017,
OPTSTK,GLENMARK,22-Feb-2018,730,PE,0,0,0,156.35,179.8,0,0,0,0,19-DEC-2017,
OPTSTK,GLENMARK,22-Feb-2018,740,PE,0,0,0,165.95,189.65,0,0,0,0,19-DEC-2017,
OPTSTK,GLENMARK,22-Feb-2018,750,PE,0,0,0,175.6,199.55,0,0,0,0,19-DEC-2017,
OPTSTK,GLENMARK,22-Feb-2018,760,PE,0,0,0,185.35,209.4,0,0,0,0,19-DEC-2017,
OPTSTK,GMRINFRA,28-Dec-2017,2.5,CE,0,0,0,13.5,15.25,0,0,0,0,19-DEC-2017,
OPTSTK,GMRINFRA,28-Dec-2017,5,CE,0,0,0,11.05,12.8,0,0,0,0,19-DEC-2017,
OPTSTK,GMRINFRA,28-Dec-2017,7.5,CE,0,0,0,8.6,10.3,0,0,0,0,19-DEC-2017,
OPTSTK,GMRINFRA,28-Dec-2017,10,CE,0,0,0,6.15,7.8,0,0,0,0,19-DEC-2017,
OPTSTK,GMRINFRA,28-Dec-2017,12.5,CE,0,0,0,3.9,5.3,0,0,0,0,19-DEC-2017,
OPTSTK,GMRINFRA,28-Dec-2017,15,CE,2.75,2.75,2.75,2.75,2.75,1,7.98,315000,0,19-DEC-2017,
OPTSTK,GMRINFRA,28-Dec-2017,17.5,CE,0.45,0.7,0.4,0.65,0.65,692,5633.03,16920000,-630000,19-DEC-2017,
OPTSTK,GMRINFRA,28-Dec-2017,20,CE,0.1,0.2,0.1,0.15,0.15,435,3944.38,22770000,45000,19-DEC-2017,
OPTSTK,GMRINFRA,28-Dec-2017,22.5,CE,0.05,0.05,0.05,0.05,0.05,26,263.83,6255000,-405000,19-DEC-2017,
OPTSTK,GMRINFRA,28-Dec-2017,25,CE,0,0,0,0.05,0,0,0,990000,0,19-DEC-2017,
OPTSTK,GMRINFRA,28-Dec-2017,27.5,CE,0,0,0,0.05,0,0,0,0,0,19-DEC-2017,
OPTSTK,GMRINFRA,28-Dec-2017,30,CE,0,0,0,0.05,0,0,0,0,0,19-DEC-2017,
OPTSTK,GMRINFRA,28-Dec-2017,32.5,CE,0,0,0,0.05,0,0,0,45000,0,19-DEC-2017,
OPTSTK,GMRINFRA,28-Dec-2017,35,CE,0,0,0,0.05,0,0,0,405000,0,19-DEC-2017,
OPTSTK,GMRINFRA,28-Dec-2017,2.5,PE,0,0,0,0.05,0,0,0,0,0,19-DEC-2017,
OPTSTK,GMRINFRA,28-Dec-2017,5,PE,0,0,0,0.05,0,0,0,0,0,19-DEC-2017,
OPTSTK,GMRINFRA,28-Dec-2017,7.5,PE,0,0,0,0.05,0,0,0,0,0,19-DEC-2017,
OPTSTK,GMRINFRA,28-Dec-2017,10,PE,0,0,0,0.05,0,0,0,0,0,19-DEC-2017,
OPTSTK,GMRINFRA,28-Dec-2017,12.5,PE,0,0,0,0.05,0,0,0,810000,0,19-DEC-2017,
OPTSTK,GMRINFRA,28-Dec-2017,15,PE,0.05,0.05,0.05,0.05,0.05,27,182.85,3510000,585000,19-DEC-2017,
OPTSTK,GMRINFRA,28-Dec-2017,17.5,PE,0.6,0.6,0.35,0.4,0.4,62,500.76,11745000,-540000,19-DEC-2017,
OPTSTK,GMRINFRA,28-Dec-2017,20,PE,0,0,0,2.75,2.3,0,0,4635000,0,19-DEC-2017,
OPTSTK,GMRINFRA,28-Dec-2017,22.5,PE,0,0,0,3.9,4.75,0,0,270000,0,19-DEC-2017,
OPTSTK,GMRINFRA,28-Dec-2017,25,PE,0,0,0,7.2,7.25,0,0,135000,0,19-DEC-2017,
OPTSTK,GMRINFRA,28-Dec-2017,27.5,PE,0,0,0,11.15,9.75,0,0,0,0,19-DEC-2017,
OPTSTK,GMRINFRA,28-Dec-2017,30,PE,0,0,0,13.6,12.2,0,0,0,0,19-DEC-2017,
OPTSTK,GMRINFRA,28-Dec-2017,32.5,PE,0,0,0,16.05,14.7,0,0,0,0,19-DEC-2017,
OPTSTK,GMRINFRA,28-Dec-2017,35,PE,0,0,0,18.55,17.2,0,0,0,0,19-DEC-2017,
OPTSTK,GMRINFRA,25-Jan-2018,2.5,CE,0,0,0,16,15.3,0,0,0,0,19-DEC-2017,
OPTSTK,GMRINFRA,25-Jan-2018,5,CE,0,0,0,13.55,12.8,0,0,0,0,19-DEC-2017,
OPTSTK,GMRINFRA,25-Jan-2018,7.5,CE,0,0,0,11.1,10.3,0,0,0,0,19-DEC-2017,
OPTSTK,GMRINFRA,25-Jan-2018,10,CE,0,0,0,8.65,7.85,0,0,0,0,19-DEC-2017,
OPTSTK,GMRINFRA,25-Jan-2018,12.5,CE,0,0,0,6.3,5.35,0,0,0,0,19-DEC-2017,
OPTSTK,GMRINFRA,25-Jan-2018,15,CE,0,0,0,3.4,3.1,0,0,90000,0,19-DEC-2017,
OPTSTK,GMRINFRA,25-Jan-2018,17.5,CE,1.15,1.35,1.15,1.3,1.3,6,50.69,945000,135000,19-DEC-2017,
OPTSTK,GMRINFRA,25-Jan-2018,20,CE,0.45,0.6,0.45,0.55,0.55,30,277.04,1485000,765000,19-DEC-2017,
OPTSTK,GMRINFRA,25-Jan-2018,22.5,CE,0.3,0.3,0.25,0.25,0.25,3,30.73,135000,135000,19-DEC-2017,
OPTSTK,GMRINFRA,25-Jan-2018,25,CE,0,0,0,0.45,0.05,0,0,0,0,19-DEC-2017,
OPTSTK,GMRINFRA,25-Jan-2018,27.5,CE,0,0,0,0.25,0.05,0,0,0,0,19-DEC-2017,
OPTSTK,GMRINFRA,25-Jan-2018,30,CE,0,0,0,0.15,0,0,0,0,0,19-DEC-2017,
OPTSTK,GMRINFRA,25-Jan-2018,32.5,CE,0,0,0,0.1,0,0,0,0,0,19-DEC-2017,
OPTSTK,GMRINFRA,25-Jan-2018,35,CE,0,0,0,0.05,0,0,0,0,0,19-DEC-2017,
OPTSTK,GMRINFRA,25-Jan-2018,2.5,PE,0,0,0,0.05,0,0,0,0,0,19-DEC-2017,
OPTSTK,GMRINFRA,25-Jan-2018,5,PE,0,0,0,0.05,0,0,0,0,0,19-DEC-2017,
OPTSTK,GMRINFRA,25-Jan-2018,7.5,PE,0,0,0,0.05,0,0,0,0,0,19-DEC-2017,
OPTSTK,GMRINFRA,25-Jan-2018,10,PE,0,0,0,0.05,0,0,0,0,0,19-DEC-2017,
OPTSTK,GMRINFRA,25-Jan-2018,12.5,PE,0,0,0,0.15,0.05,0,0,0,0,19-DEC-2017,
OPTSTK,GMRINFRA,25-Jan-2018,15,PE,0.25,0.25,0.25,0.25,0.25,2,13.72,765000,90000,19-DEC-2017,
OPTSTK,GMRINFRA,25-Jan-2018,17.5,PE,1.2,1.2,0.9,0.95,0.95,11,91.98,270000,270000,19-DEC-2017,
OPTSTK,GMRINFRA,25-Jan-2018,20,PE,0,0,0,2.8,2.6,0,0,0,0,19-DEC-2017,
OPTSTK,GMRINFRA,25-Jan-2018,22.5,PE,0,0,0,4.55,4.75,0,0,0,0,19-DEC-2017,
OPTSTK,GMRINFRA,25-Jan-2018,25,PE,0,0,0,6.65,7.15,0,0,0,0,19-DEC-2017,
OPTSTK,GMRINFRA,25-Jan-2018,27.5,PE,0,0,0,8.85,9.6,0,0,0,0,19-DEC-2017,
OPTSTK,GMRINFRA,25-Jan-2018,30,PE,0,0,0,11.2,12.1,0,0,0,0,19-DEC-2017,
OPTSTK,GMRINFRA,25-Jan-2018,32.5,PE,0,0,0,13.6,14.55,0,0,0,0,19-DEC-2017,
OPTSTK,GMRINFRA,25-Jan-2018,35,PE,0,0,0,16.05,17.05,0,0,0,0,19-DEC-2017,
OPTSTK,GMRINFRA,22-Feb-2018,2.5,CE,0,0,0,15.9,15.3,0,0,0,0,19-DEC-2017,
OPTSTK,GMRINFRA,22-Feb-2018,5,CE,0,0,0,13.45,12.85,0,0,0,0,19-DEC-2017,
OPTSTK,GMRINFRA,22-Feb-2018,7.5,CE,0,0,0,11,10.35,0,0,0,0,19-DEC-2017,
OPTSTK,GMRINFRA,22-Feb-2018,10,CE,0,0,0,8.55,7.9,0,0,0,0,19-DEC-2017,
OPTSTK,GMRINFRA,22-Feb-2018,12.5,CE,0,0,0,6.25,5.5,0,0,0,0,19-DEC-2017,
OPTSTK,GMRINFRA,22-Feb-2018,15,CE,0,0,0,4.3,3.4,0,0,0,0,19-DEC-2017,
OPTSTK,GMRINFRA,22-Feb-2018,17.5,CE,0,0,0,2.8,1.8,0,0,0,0,19-DEC-2017,
OPTSTK,GMRINFRA,22-Feb-2018,20,CE,0,0,0,1.75,0.9,0,0,0,0,19-DEC-2017,
OPTSTK,GMRINFRA,22-Feb-2018,22.5,CE,0,0,0,1.05,0.4,0,0,0,0,19-DEC-2017,
OPTSTK,GMRINFRA,22-Feb-2018,25,CE,0,0,0,0.65,0.15,0,0,0,0,19-DEC-2017,
OPTSTK,GMRINFRA,22-Feb-2018,27.5,CE,0,0,0,0.35,0.1,0,0,0,0,19-DEC-2017,
OPTSTK,GMRINFRA,22-Feb-2018,30,CE,0,0,0,0.2,0.05,0,0,0,0,19-DEC-2017,
OPTSTK,GMRINFRA,22-Feb-2018,32.5,CE,0,0,0,0.15,0.05,0,0,0,0,19-DEC-2017,
OPTSTK,GMRINFRA,22-Feb-2018,35,CE,0,0,0,0.1,0,0,0,0,0,19-DEC-2017,
OPTSTK,GMRINFRA,22-Feb-2018,2.5,PE,0,0,0,0.05,0,0,0,0,0,19-DEC-2017,
OPTSTK,GMRINFRA,22-Feb-2018,5,PE,0,0,0,0.05,0,0,0,0,0,19-DEC-2017,
OPTSTK,GMRINFRA,22-Feb-2018,7.5,PE,0,0,0,0.05,0,0,0,0,0,19-DEC-2017,
OPTSTK,GMRINFRA,22-Feb-2018,10,PE,0,0,0,0.05,0,0,0,0,0,19-DEC-2017,
OPTSTK,GMRINFRA,22-Feb-2018,12.5,PE,0,0,0,0.25,0.1,0,0,0,0,19-DEC-2017,
OPTSTK,GMRINFRA,22-Feb-2018,15,PE,0,0,0,0.75,0.45,0,0,0,0,19-DEC-2017,
OPTSTK,GMRINFRA,22-Feb-2018,17.5,PE,0,0,0,1.7,1.35,0,0,0,0,19-DEC-2017,
OPTSTK,GMRINFRA,22-Feb-2018,20,PE,0,0,0,3.1,2.9,0,0,0,0,19-DEC-2017,
OPTSTK,GMRINFRA,22-Feb-2018,22.5,PE,0,0,0,4.9,4.9,0,0,0,0,19-DEC-2017,
OPTSTK,GMRINFRA,22-Feb-2018,25,PE,0,0,0,6.9,7.15,0,0,0,0,19-DEC-2017,
OPTSTK,GMRINFRA,22-Feb-2018,27.5,PE,0,0,0,9.1,9.5,0,0,0,0,19-DEC-2017,
OPTSTK,GMRINFRA,22-Feb-2018,30,PE,0,0,0,11.45,11.95,0,0,0,0,19-DEC-2017,
OPTSTK,GMRINFRA,22-Feb-2018,32.5,PE,0,0,0,13.8,14.4,0,0,0,0,19-DEC-2017,
OPTSTK,GMRINFRA,22-Feb-2018,35,PE,0,0,0,16.2,16.85,0,0,0,0,19-DEC-2017,
OPTSTK,GODFRYPHLP,28-Dec-2017,650,CE,0,0,0,371.25,333.05,0,0,0,0,19-DEC-2017,
OPTSTK,GODFRYPHLP,28-Dec-2017,700,CE,0,0,0,327.7,283.1,0,0,0,0,19-DEC-2017,
OPTSTK,GODFRYPHLP,28-Dec-2017,750,CE,0,0,0,286.65,233.2,0,0,0,0,19-DEC-2017,
OPTSTK,GODFRYPHLP,28-Dec-2017,800,CE,0,0,0,248.6,183.25,0,0,0,0,19-DEC-2017,
OPTSTK,GODFRYPHLP,28-Dec-2017,850,CE,0,0,0,213.75,133.35,0,0,0,0,19-DEC-2017,
OPTSTK,GODFRYPHLP,28-Dec-2017,900,CE,0,0,0,182.3,83.55,0,0,0,0,19-DEC-2017,
OPTSTK,GODFRYPHLP,28-Dec-2017,950,CE,0,0,0,53.6,37.3,0,0,500,0,19-DEC-2017,
OPTSTK,GODFRYPHLP,28-Dec-2017,1000,CE,21,21,11.75,16.55,16.55,8,40.65,4000,1500,19-DEC-2017,
OPTSTK,GODFRYPHLP,28-Dec-2017,1050,CE,4.05,4.45,4.05,4.45,4.45,2,10.54,4000,0,19-DEC-2017,
OPTSTK,GODFRYPHLP,28-Dec-2017,1100,CE,2,2,2,2,2,1,5.51,3500,0,19-DEC-2017,
OPTSTK,GODFRYPHLP,28-Dec-2017,1150,CE,0,0,0,74.6,0,0,0,0,0,19-DEC-2017,
OPTSTK,GODFRYPHLP,28-Dec-2017,1200,CE,0,0,0,61.45,0,0,0,0,0,19-DEC-2017,
OPTSTK,GODFRYPHLP,28-Dec-2017,1250,CE,0,0,0,50.4,0,0,0,0,0,19-DEC-2017,
OPTSTK,GODFRYPHLP,28-Dec-2017,1300,CE,0,0,0,41.2,0,0,0,0,0,19-DEC-2017,
OPTSTK,GODFRYPHLP,28-Dec-2017,1350,CE,0,0,0,33.5,0,0,0,0,0,19-DEC-2017,
OPTSTK,GODFRYPHLP,28-Dec-2017,1400,CE,0,0,0,27.2,0,0,0,0,0,19-DEC-2017,
OPTSTK,GODFRYPHLP,28-Dec-2017,1450,CE,0,0,0,22.05,0,0,0,0,0,19-DEC-2017,
OPTSTK,GODFRYPHLP,28-Dec-2017,1500,CE,0,0,0,17.8,0,0,0,0,0,19-DEC-2017,
OPTSTK,GODFRYPHLP,28-Dec-2017,650,PE,0,0,0,7.4,0,0,0,0,0,19-DEC-2017,
OPTSTK,GODFRYPHLP,28-Dec-2017,700,PE,0,0,0,13.05,0,0,0,0,0,19-DEC-2017,
OPTSTK,GODFRYPHLP,28-Dec-2017,750,PE,0,0,0,21.2,0,0,0,0,0,19-DEC-2017,
OPTSTK,GODFRYPHLP,28-Dec-2017,800,PE,0,0,0,32.4,0,0,0,0,0,19-DEC-2017,
OPTSTK,GODFRYPHLP,28-Dec-2017,850,PE,0,0,0,46.75,0,0,0,0,0,19-DEC-2017,
OPTSTK,GODFRYPHLP,28-Dec-2017,900,PE,0,0,0,64.55,0.15,0,0,0,0,19-DEC-2017,
OPTSTK,GODFRYPHLP,28-Dec-2017,950,PE,4.15,7.5,4.05,7.5,7.5,7,33.43,5000,2500,19-DEC-2017,
OPTSTK,GODFRYPHLP,28-Dec-2017,1000,PE,29,29,29,29,29,2,10.29,1500,1000,19-DEC-2017,
OPTSTK,GODFRYPHLP,28-Dec-2017,1050,PE,0,0,0,58.85,67.15,0,0,1500,0,19-DEC-2017,
OPTSTK,GODFRYPHLP,28-Dec-2017,1100,PE,0,0,0,169.35,116.35,0,0,0,0,19-DEC-2017,
OPTSTK,GODFRYPHLP,28-Dec-2017,1150,PE,0,0,0,202.95,166.25,0,0,0,0,19-DEC-2017,
OPTSTK,GODFRYPHLP,28-Dec-2017,1200,PE,0,0,0,239,216.15,0,0,0,0,19-DEC-2017,
OPTSTK,GODFRYPHLP,28-Dec-2017,1250,PE,0,0,0,277.2,266.1,0,0,0,0,19-DEC-2017,
OPTSTK,GODFRYPHLP,28-Dec-2017,1300,PE,0,0,0,317.2,316,0,0,0,0,19-DEC-2017,
OPTSTK,GODFRYPHLP,28-Dec-2017,1350,PE,0,0,0,358.75,365.9,0,0,0,0,19-DEC-2017,
OPTSTK,GODFRYPHLP,28-Dec-2017,1400,PE,0,0,0,401.7,415.85,0,0,0,0,19-DEC-2017,
OPTSTK,GODFRYPHLP,28-Dec-2017,1450,PE,0,0,0,445.75,465.75,0,0,0,0,19-DEC-2017,
OPTSTK,GODFRYPHLP,28-Dec-2017,1500,PE,0,0,0,490.7,515.7,0,0,0,0,19-DEC-2017,
OPTSTK,GODFRYPHLP,25-Jan-2018,650,CE,0,0,0,364.85,336.25,0,0,0,0,19-DEC-2017,
OPTSTK,GODFRYPHLP,25-Jan-2018,700,CE,0,0,0,316.45,286.55,0,0,0,0,19-DEC-2017,
OPTSTK,GODFRYPHLP,25-Jan-2018,750,CE,0,0,0,269.25,236.9,0,0,0,0,19-DEC-2017,
OPTSTK,GODFRYPHLP,25-Jan-2018,800,CE,0,0,0,224.05,187.3,0,0,0,0,19-DEC-2017,
OPTSTK,GODFRYPHLP,25-Jan-2018,850,CE,0,0,0,182,138.3,0,0,0,0,19-DEC-2017,
OPTSTK,GODFRYPHLP,25-Jan-2018,900,CE,0,0,0,144.15,92.1,0,0,0,0,19-DEC-2017,
OPTSTK,GODFRYPHLP,25-Jan-2018,950,CE,0,0,0,111.15,53.1,0,0,0,0,19-DEC-2017,
OPTSTK,GODFRYPHLP,25-Jan-2018,1000,CE,0,0,0,83.55,25.65,0,0,0,0,19-DEC-2017,
OPTSTK,GODFRYPHLP,25-Jan-2018,1050,CE,0,0,0,61.2,10.2,0,0,0,0,19-DEC-2017,
OPTSTK,GODFRYPHLP,25-Jan-2018,1100,CE,0,0,0,43.8,3.3,0,0,0,0,19-DEC-2017,
OPTSTK,GODFRYPHLP,25-Jan-2018,1150,CE,0,0,0,30.65,0.9,0,0,0,0,19-DEC-2017,
OPTSTK,GODFRYPHLP,25-Jan-2018,1200,CE,0,0,0,21,0.2,0,0,0,0,19-DEC-2017,
OPTSTK,GODFRYPHLP,25-Jan-2018,1250,CE,0,0,0,14.1,0.05,0,0,0,0,19-DEC-2017,
OPTSTK,GODFRYPHLP,25-Jan-2018,1300,CE,0,0,0,9.3,0.05,0,0,0,0,19-DEC-2017,
OPTSTK,GODFRYPHLP,25-Jan-2018,1350,CE,0,0,0,6.05,0,0,0,0,0,19-DEC-2017,
OPTSTK,GODFRYPHLP,25-Jan-2018,1400,CE,0,0,0,3.85,0,0,0,0,0,19-DEC-2017,
OPTSTK,GODFRYPHLP,25-Jan-2018,1450,CE,0,0,0,2.45,0,0,0,0,0,19-DEC-2017,
OPTSTK,GODFRYPHLP,25-Jan-2018,1500,CE,0,0,0,1.5,0,0,0,0,0,19-DEC-2017,
OPTSTK,GODFRYPHLP,25-Jan-2018,650,PE,0,0,0,0.35,0,0,0,0,0,19-DEC-2017,
OPTSTK,GODFRYPHLP,25-Jan-2018,700,PE,0,0,0,1.2,0,0,0,0,0,19-DEC-2017,
OPTSTK,GODFRYPHLP,25-Jan-2018,750,PE,0,0,0,3.15,0,0,0,0,0,19-DEC-2017,
OPTSTK,GODFRYPHLP,25-Jan-2018,800,PE,0,0,0,7.2,0.1,0,0,0,0,19-DEC-2017,
OPTSTK,GODFRYPHLP,25-Jan-2018,850,PE,0,0,0,14.4,0.8,0,0,0,0,19-DEC-2017,
OPTSTK,GODFRYPHLP,25-Jan-2018,900,PE,0,0,0,25.75,4.25,0,0,0,0,19-DEC-2017,
OPTSTK,GODFRYPHLP,25-Jan-2018,950,PE,0,0,0,41.95,14.95,0,0,0,0,19-DEC-2017,
OPTSTK,GODFRYPHLP,25-Jan-2018,1000,PE,0,0,0,63.55,37.15,0,0,0,0,19-DEC-2017,
OPTSTK,GODFRYPHLP,25-Jan-2018,1050,PE,0,0,0,90.45,71.35,0,0,0,0,19-DEC-2017,
OPTSTK,GODFRYPHLP,25-Jan-2018,1100,PE,0,0,0,122.2,114.15,0,0,0,0,19-DEC-2017,
OPTSTK,GODFRYPHLP,25-Jan-2018,1150,PE,0,0,0,158.3,161.4,0,0,0,0,19-DEC-2017,
OPTSTK,GODFRYPHLP,25-Jan-2018,1200,PE,0,0,0,197.85,210.4,0,0,0,0,19-DEC-2017,
OPTSTK,GODFRYPHLP,25-Jan-2018,1250,PE,0,0,0,240.2,259.9,0,0,0,0,19-DEC-2017,
OPTSTK,GODFRYPHLP,25-Jan-2018,1300,PE,0,0,0,284.6,309.55,0,0,0,0,19-DEC-2017,
OPTSTK,GODFRYPHLP,25-Jan-2018,1350,PE,0,0,0,330.55,359.25,0,0,0,0,19-DEC-2017,
OPTSTK,GODFRYPHLP,25-Jan-2018,1400,PE,0,0,0,377.6,408.9,0,0,0,0,19-DEC-2017,
OPTSTK,GODFRYPHLP,25-Jan-2018,1450,PE,0,0,0,425.4,458.6,0,0,0,0,19-DEC-2017,
OPTSTK,GODFRYPHLP,25-Jan-2018,1500,PE,0,0,0,473.7,508.25,0,0,0,0,19-DEC-2017,
OPTSTK,GODFRYPHLP,22-Feb-2018,650,CE,0,0,0,363.1,339.45,0,0,0,0,19-DEC-2017,
OPTSTK,GODFRYPHLP,22-Feb-2018,700,CE,0,0,0,313.9,290,0,0,0,0,19-DEC-2017,
OPTSTK,GODFRYPHLP,22-Feb-2018,750,CE,0,0,0,265,240.65,0,0,0,0,19-DEC-2017,
OPTSTK,GODFRYPHLP,22-Feb-2018,800,CE,0,0,0,217.05,191.8,0,0,0,0,19-DEC-2017,
OPTSTK,GODFRYPHLP,22-Feb-2018,850,CE,0,0,0,171.15,144.55,0,0,0,0,19-DEC-2017,
OPTSTK,GODFRYPHLP,22-Feb-2018,900,CE,0,0,0,129.1,101.3,0,0,0,0,19-DEC-2017,
OPTSTK,GODFRYPHLP,22-Feb-2018,950,CE,0,0,0,92.6,65,0,0,0,0,19-DEC-2017,
OPTSTK,GODFRYPHLP,22-Feb-2018,1000,CE,0,0,0,63,37.8,0,0,0,0,19-DEC-2017,
OPTSTK,GODFRYPHLP,22-Feb-2018,1050,CE,0,0,0,40.6,19.85,0,0,0,0,19-DEC-2017,
OPTSTK,GODFRYPHLP,22-Feb-2018,1100,CE,0,0,0,24.8,9.4,0,0,0,0,19-DEC-2017,
OPTSTK,GODFRYPHLP,22-Feb-2018,1150,CE,0,0,0,14.4,4.05,0,0,0,0,19-DEC-2017,
OPTSTK,GODFRYPHLP,22-Feb-2018,1200,CE,0,0,0,7.95,1.6,0,0,0,0,19-DEC-2017,
OPTSTK,GODFRYPHLP,22-Feb-2018,1250,CE,0,0,0,4.2,0.6,0,0,0,0,19-DEC-2017,
OPTSTK,GODFRYPHLP,22-Feb-2018,1300,CE,0,0,0,2.15,0.2,0,0,0,0,19-DEC-2017,
OPTSTK,GODFRYPHLP,22-Feb-2018,1350,CE,0,0,0,1.05,0.1,0,0,0,0,19-DEC-2017,
OPTSTK,GODFRYPHLP,22-Feb-2018,1400,CE,0,0,0,0.5,0.05,0,0,0,0,19-DEC-2017,
OPTSTK,GODFRYPHLP,22-Feb-2018,1450,CE,0,0,0,0.25,0,0,0,0,0,19-DEC-2017,
OPTSTK,GODFRYPHLP,22-Feb-2018,1500,CE,0,0,0,0.1,0,0,0,0,0,19-DEC-2017,
OPTSTK,GODFRYPHLP,22-Feb-2018,650,PE,0,0,0,0.05,0,0,0,0,0,19-DEC-2017,
OPTSTK,GODFRYPHLP,22-Feb-2018,700,PE,0,0,0,0.1,0.05,0,0,0,0,19-DEC-2017,
OPTSTK,GODFRYPHLP,22-Feb-2018,750,PE,0,0,0,0.5,0.1,0,0,0,0,19-DEC-2017,
OPTSTK,GODFRYPHLP,22-Feb-2018,800,PE,0,0,0,1.75,0.65,0,0,0,0,19-DEC-2017,
OPTSTK,GODFRYPHLP,22-Feb-2018,850,PE,0,0,0,5.15,2.85,0,0,0,0,19-DEC-2017,
OPTSTK,GODFRYPHLP,22-Feb-2018,900,PE,0,0,0,12.4,9.05,0,0,0,0,19-DEC-2017,
OPTSTK,GODFRYPHLP,22-Feb-2018,950,PE,0,0,0,25.15,22.2,0,0,0,0,19-DEC-2017,
OPTSTK,GODFRYPHLP,22-Feb-2018,1000,PE,0,0,0,44.85,44.4,0,0,0,0,19-DEC-2017,
OPTSTK,GODFRYPHLP,22-Feb-2018,1050,PE,0,0,0,71.7,75.9,0,0,0,0,19-DEC-2017,
OPTSTK,GODFRYPHLP,22-Feb-2018,1100,PE,0,0,0,105.15,114.9,0,0,0,0,19-DEC-2017,
OPTSTK,GODFRYPHLP,22-Feb-2018,1150,PE,0,0,0,144.05,158.95,0,0,0,0,19-DEC-2017,
OPTSTK,GODFRYPHLP,22-Feb-2018,1200,PE,0,0,0,186.9,205.9,0,0,0,0,19-DEC-2017,
OPTSTK,GODFRYPHLP,22-Feb-2018,1250,PE,0,0,0,232.4,254.35,0,0,0,0,19-DEC-2017,
OPTSTK,GODFRYPHLP,22-Feb-2018,1300,PE,0,0,0,279.6,303.4,0,0,0,0,19-DEC-2017,
OPTSTK,GODFRYPHLP,22-Feb-2018,1350,PE,0,0,0,327.75,352.7,0,0,0,0,19-DEC-2017,
OPTSTK,GODFRYPHLP,22-Feb-2018,1400,PE,0,0,0,376.5,402.05,0,0,0,0,19-DEC-2017,
OPTSTK,GODFRYPHLP,22-Feb-2018,1450,PE,0,0,0,425.5,451.5,0,0,0,0,19-DEC-2017,
OPTSTK,GODFRYPHLP,22-Feb-2018,1500,PE,0,0,0,474.65,500.9,0,0,0,0,19-DEC-2017,
OPTSTK,GODREJCP,28-Dec-2017,700,CE,0,0,0,213.5,291.8,0,0,0,0,19-DEC-2017,
OPTSTK,GODREJCP,28-Dec-2017,720,CE,0,0,0,195,271.85,0,0,0,0,19-DEC-2017,
OPTSTK,GODREJCP,28-Dec-2017,740,CE,0,0,0,176.95,251.85,0,0,0,0,19-DEC-2017,
OPTSTK,GODREJCP,28-Dec-2017,760,CE,0,0,0,159.55,231.9,0,0,0,0,19-DEC-2017,
OPTSTK,GODREJCP,28-Dec-2017,780,CE,0,0,0,142.85,211.95,0,0,0,0,19-DEC-2017,
OPTSTK,GODREJCP,28-Dec-2017,800,CE,0,0,0,126.95,191.95,0,0,0,0,19-DEC-2017,
OPTSTK,GODREJCP,28-Dec-2017,820,CE,0,0,0,112,172,0,0,0,0,19-DEC-2017,
OPTSTK,GODREJCP,28-Dec-2017,840,CE,0,0,0,98.05,152.05,0,0,0,0,19-DEC-2017,
OPTSTK,GODREJCP,28-Dec-2017,860,CE,0,0,0,85.15,132.05,0,0,0,0,19-DEC-2017,
OPTSTK,GODREJCP,28-Dec-2017,880,CE,0,0,0,73.4,112.1,0,0,0,0,19-DEC-2017,
OPTSTK,GODREJCP,28-Dec-2017,900,CE,0,0,0,62.8,92.25,0,0,0,0,19-DEC-2017,
OPTSTK,GODREJCP,28-Dec-2017,920,CE,0,0,0,84,72.8,0,0,800,0,19-DEC-2017,
OPTSTK,GODREJCP,28-Dec-2017,940,CE,67.5,67.5,67.5,67.5,67.5,1,8.06,800,0,19-DEC-2017,
OPTSTK,GODREJCP,28-Dec-2017,960,CE,0,0,0,32,37.45,0,0,800,0,19-DEC-2017,
OPTSTK,GODREJCP,28-Dec-2017,980,CE,0,0,0,32.5,23.6,0,0,800,0,19-DEC-2017,
OPTSTK,GODREJCP,28-Dec-2017,1000,CE,21.8,21.8,12.95,16.9,16.9,21,170.59,12000,0,19-DEC-2017,
OPTSTK,GODREJCP,28-Dec-2017,1020,CE,7.35,10,7.35,9.5,9.5,21,172.81,12000,-8800,19-DEC-2017,
OPTSTK,GODREJCP,28-Dec-2017,1040,CE,0,0,0,6.4,3,0,0,13600,0,19-DEC-2017,
OPTSTK,GODREJCP,28-Dec-2017,1060,CE,0,0,0,3.4,1.15,0,0,2400,0,19-DEC-2017,
OPTSTK,GODREJCP,28-Dec-2017,1080,CE,0,0,0,0.85,0.4,0,0,1600,0,19-DEC-2017,
OPTSTK,GODREJCP,28-Dec-2017,1100,CE,0,0,0,4.5,0.15,0,0,2400,0,19-DEC-2017,
OPTSTK,GODREJCP,28-Dec-2017,1120,CE,0,0,0,7,0.05,0,0,0,0,19-DEC-2017,
OPTSTK,GODREJCP,28-Dec-2017,1140,CE,0,0,0,5.5,0.05,0,0,0,0,19-DEC-2017,
OPTSTK,GODREJCP,28-Dec-2017,1160,CE,0,0,0,4.3,0,0,0,0,0,19-DEC-2017,
OPTSTK,GODREJCP,28-Dec-2017,1180,CE,0,0,0,3.35,0,0,0,0,0,19-DEC-2017,
OPTSTK,GODREJCP,28-Dec-2017,1200,CE,0,0,0,2.6,0,0,0,0,0,19-DEC-2017,
OPTSTK,GODREJCP,28-Dec-2017,1220,CE,0,0,0,2,0,0,0,0,0,19-DEC-2017,
OPTSTK,GODREJCP,28-Dec-2017,700,PE,0,0,0,2.15,0,0,0,0,0,19-DEC-2017,
OPTSTK,GODREJCP,28-Dec-2017,720,PE,0,0,0,3.35,0,0,0,0,0,19-DEC-2017,
OPTSTK,GODREJCP,28-Dec-2017,740,PE,0,0,0,5,0,0,0,0,0,19-DEC-2017,
OPTSTK,GODREJCP,28-Dec-2017,760,PE,0,0,0,7.25,0,0,0,0,0,19-DEC-2017,
OPTSTK,GODREJCP,28-Dec-2017,780,PE,0,0,0,10.25,0,0,0,0,0,19-DEC-2017,
OPTSTK,GODREJCP,28-Dec-2017,800,PE,0,0,0,14.05,0,0,0,0,0,19-DEC-2017,
OPTSTK,GODREJCP,28-Dec-2017,820,PE,0,0,0,18.8,0,0,0,0,0,19-DEC-2017,
OPTSTK,GODREJCP,28-Dec-2017,840,PE,0,0,0,24.5,0,0,0,0,0,19-DEC-2017,
OPTSTK,GODREJCP,28-Dec-2017,860,PE,0,0,0,31.35,0,0,0,0,0,19-DEC-2017,
OPTSTK,GODREJCP,28-Dec-2017,880,PE,0,0,0,39.25,0.05,0,0,0,0,19-DEC-2017,
OPTSTK,GODREJCP,28-Dec-2017,900,PE,0,0,0,3,0.15,0,0,97600,0,19-DEC-2017,
OPTSTK,GODREJCP,28-Dec-2017,920,PE,0,0,0,15,0.65,0,0,0,0,19-DEC-2017,
OPTSTK,GODREJCP,28-Dec-2017,940,PE,0,0,0,10,2.05,0,0,2400,0,19-DEC-2017,
OPTSTK,GODREJCP,28-Dec-2017,960,PE,0,0,0,9.5,5.25,0,0,2400,0,19-DEC-2017,
OPTSTK,GODREJCP,28-Dec-2017,980,PE,13.15,13.15,13.15,13.15,13.15,1,7.94,8000,800,19-DEC-2017,
OPTSTK,GODREJCP,28-Dec-2017,1000,PE,0,0,0,18.5,21.1,0,0,1600,0,19-DEC-2017,
OPTSTK,GODREJCP,28-Dec-2017,1020,PE,34,34,34,34,34,1,8.43,1600,-800,19-DEC-2017,
OPTSTK,GODREJCP,28-Dec-2017,1040,PE,0,0,0,44.2,50.65,0,0,800,0,19-DEC-2017,
OPTSTK,GODREJCP,28-Dec-2017,1060,PE,0,0,0,60,68.8,0,0,800,0,19-DEC-2017,
OPTSTK,GODREJCP,28-Dec-2017,1080,PE,0,0,0,105.85,88.05,0,0,1600,0,19-DEC-2017,
OPTSTK,GODREJCP,28-Dec-2017,1100,PE,0,0,0,191.25,107.75,0,0,0,0,19-DEC-2017,
OPTSTK,GODREJCP,28-Dec-2017,1120,PE,0,0,0,134.75,127.6,0,0,800,0,19-DEC-2017,
OPTSTK,GODREJCP,28-Dec-2017,1140,PE,0,0,0,227.35,147.55,0,0,0,0,19-DEC-2017,
OPTSTK,GODREJCP,28-Dec-2017,1160,PE,0,0,0,164,167.5,0,0,800,0,19-DEC-2017,
OPTSTK,GODREJCP,28-Dec-2017,1180,PE,0,0,0,264.55,187.5,0,0,0,0,19-DEC-2017,
OPTSTK,GODREJCP,28-Dec-2017,1200,PE,0,0,0,283.5,207.45,0,0,0,0,19-DEC-2017,
OPTSTK,GODREJCP,28-Dec-2017,1220,PE,0,0,0,302.6,227.4,0,0,0,0,19-DEC-2017,
OPTSTK,GODREJCP,25-Jan-2018,700,CE,0,0,0,234.95,295.3,0,0,0,0,19-DEC-2017,
OPTSTK,GODREJCP,25-Jan-2018,720,CE,0,0,0,215.9,275.4,0,0,0,0,19-DEC-2017,
OPTSTK,GODREJCP,25-Jan-2018,740,CE,0,0,0,197.15,255.55,0,0,0,0,19-DEC-2017,
OPTSTK,GODREJCP,25-Jan-2018,760,CE,0,0,0,178.85,235.7,0,0,0,0,19-DEC-2017,
OPTSTK,GODREJCP,25-Jan-2018,780,CE,0,0,0,161.1,215.85,0,0,0,0,19-DEC-2017,
OPTSTK,GODREJCP,25-Jan-2018,800,CE,0,0,0,144,196.05,0,0,0,0,19-DEC-2017,
OPTSTK,GODREJCP,25-Jan-2018,820,CE,0,0,0,127.7,176.4,0,0,0,0,19-DEC-2017,
OPTSTK,GODREJCP,25-Jan-2018,840,CE,0,0,0,112.35,156.9,0,0,0,0,19-DEC-2017,
OPTSTK,GODREJCP,25-Jan-2018,860,CE,0,0,0,98,137.75,0,0,0,0,19-DEC-2017,
OPTSTK,GODREJCP,25-Jan-2018,880,CE,0,0,0,84.7,119.15,0,0,0,0,19-DEC-2017,
OPTSTK,GODREJCP,25-Jan-2018,900,CE,0,0,0,72.6,101.3,0,0,0,0,19-DEC-2017,
OPTSTK,GODREJCP,25-Jan-2018,920,CE,0,0,0,61.7,84.5,0,0,0,0,19-DEC-2017,
OPTSTK,GODREJCP,25-Jan-2018,940,CE,0,0,0,51.95,69.1,0,0,0,0,19-DEC-2017,
OPTSTK,GODREJCP,25-Jan-2018,960,CE,0,0,0,43.4,55.2,0,0,0,0,19-DEC-2017,
OPTSTK,GODREJCP,25-Jan-2018,980,CE,0,0,0,35.9,43.15,0,0,0,0,19-DEC-2017,
OPTSTK,GODREJCP,25-Jan-2018,1000,CE,0,0,0,29.5,32.85,0,0,0,0,19-DEC-2017,
OPTSTK,GODREJCP,25-Jan-2018,1020,CE,0,0,0,24,24.45,0,0,0,0,19-DEC-2017,
OPTSTK,GODREJCP,25-Jan-2018,1040,CE,0,0,0,19.45,17.7,0,0,0,0,19-DEC-2017,
OPTSTK,GODREJCP,25-Jan-2018,1060,CE,0,0,0,15.55,12.55,0,0,0,0,19-DEC-2017,
OPTSTK,GODREJCP,25-Jan-2018,1080,CE,0,0,0,12.35,8.65,0,0,0,0,19-DEC-2017,
OPTSTK,GODREJCP,25-Jan-2018,1100,CE,0,0,0,9.75,5.8,0,0,0,0,19-DEC-2017,
OPTSTK,GODREJCP,25-Jan-2018,1120,CE,0,0,0,7.65,3.8,0,0,0,0,19-DEC-2017,
OPTSTK,GODREJCP,25-Jan-2018,1140,CE,0,0,0,5.95,2.45,0,0,0,0,19-DEC-2017,
OPTSTK,GODREJCP,25-Jan-2018,1160,CE,0,0,0,4.6,1.55,0,0,0,0,19-DEC-2017,
OPTSTK,GODREJCP,25-Jan-2018,1180,CE,0,0,0,3.55,0.95,0,0,0,0,19-DEC-2017,
OPTSTK,GODREJCP,25-Jan-2018,1200,CE,0,0,0,2.7,0.55,0,0,0,0,19-DEC-2017,
OPTSTK,GODREJCP,25-Jan-2018,1220,CE,0,0,0,2.05,0.35,0,0,0,0,19-DEC-2017,
OPTSTK,GODREJCP,25-Jan-2018,700,PE,0,0,0,0.9,0,0,0,0,0,19-DEC-2017,
OPTSTK,GODREJCP,25-Jan-2018,720,PE,0,0,0,1.55,0,0,0,0,0,19-DEC-2017,
OPTSTK,GODREJCP,25-Jan-2018,740,PE,0,0,0,2.5,0.05,0,0,0,0,19-DEC-2017,
OPTSTK,GODREJCP,25-Jan-2018,760,PE,0,0,0,3.85,0.05,0,0,0,0,19-DEC-2017,
OPTSTK,GODREJCP,25-Jan-2018,780,PE,0,0,0,5.8,0.05,0,0,0,0,19-DEC-2017,
OPTSTK,GODREJCP,25-Jan-2018,800,PE,0,0,0,8.4,0.15,0,0,0,0,19-DEC-2017,
OPTSTK,GODREJCP,25-Jan-2018,820,PE,0,0,0,11.8,0.35,0,0,0,0,19-DEC-2017,
OPTSTK,GODREJCP,25-Jan-2018,840,PE,0,0,0,16.1,0.7,0,0,0,0,19-DEC-2017,
OPTSTK,GODREJCP,25-Jan-2018,860,PE,0,0,0,21.45,1.45,0,0,0,0,19-DEC-2017,
OPTSTK,GODREJCP,25-Jan-2018,880,PE,0,0,0,27.85,2.7,0,0,0,0,19-DEC-2017,
OPTSTK,GODREJCP,25-Jan-2018,900,PE,0,0,0,35.45,4.75,0,0,0,0,19-DEC-2017,
OPTSTK,GODREJCP,25-Jan-2018,920,PE,0,0,0,44.25,7.85,0,0,0,0,19-DEC-2017,
OPTSTK,GODREJCP,25-Jan-2018,940,PE,0,0,0,54.2,12.3,0,0,0,0,19-DEC-2017,
OPTSTK,GODREJCP,25-Jan-2018,960,PE,0,0,0,65.3,18.25,0,0,0,0,19-DEC-2017,
OPTSTK,GODREJCP,25-Jan-2018,980,PE,0,0,0,77.5,26.05,0,0,0,0,19-DEC-2017,
OPTSTK,GODREJCP,25-Jan-2018,1000,PE,0,0,0,90.75,35.65,0,0,0,0,19-DEC-2017,
OPTSTK,GODREJCP,25-Jan-2018,1020,PE,0,0,0,104.95,47.1,0,0,0,0,19-DEC-2017,
OPTSTK,GODREJCP,25-Jan-2018,1040,PE,0,0,0,120.05,60.25,0,0,0,0,19-DEC-2017,
OPTSTK,GODREJCP,25-Jan-2018,1060,PE,0,0,0,135.85,74.95,0,0,0,0,19-DEC-2017,
OPTSTK,GODREJCP,25-Jan-2018,1080,PE,0,0,0,152.35,90.9,0,0,0,0,19-DEC-2017,
OPTSTK,GODREJCP,25-Jan-2018,1100,PE,0,0,0,169.45,107.95,0,0,0,0,19-DEC-2017,
OPTSTK,GODREJCP,25-Jan-2018,1120,PE,0,0,0,187.05,125.8,0,0,0,0,19-DEC-2017,
OPTSTK,GODREJCP,25-Jan-2018,1140,PE,0,0,0,205,144.3,0,0,0,0,19-DEC-2017,
OPTSTK,GODREJCP,25-Jan-2018,1160,PE,0,0,0,223.35,163.3,0,0,0,0,19-DEC-2017,
OPTSTK,GODREJCP,25-Jan-2018,1180,PE,0,0,0,241.95,182.55,0,0,0,0,19-DEC-2017,
OPTSTK,GODREJCP,25-Jan-2018,1200,PE,0,0,0,260.85,202.05,0,0,0,0,19-DEC-2017,
OPTSTK,GODREJCP,25-Jan-2018,1220,PE,0,0,0,279.85,221.7,0,0,0,0,19-DEC-2017,
OPTSTK,GODREJCP,22-Feb-2018,700,CE,0,0,0,272.2,298.7,0,0,0,0,19-DEC-2017,
OPTSTK,GODREJCP,22-Feb-2018,720,CE,0,0,0,252.85,279,0,0,0,0,19-DEC-2017,
OPTSTK,GODREJCP,22-Feb-2018,740,CE,0,0,0,233.65,259.3,0,0,0,0,19-DEC-2017,
OPTSTK,GODREJCP,22-Feb-2018,760,CE,0,0,0,214.8,239.65,0,0,0,0,19-DEC-2017,
OPTSTK,GODREJCP,22-Feb-2018,780,CE,0,0,0,196.3,220.15,0,0,0,0,19-DEC-2017,
OPTSTK,GODREJCP,22-Feb-2018,800,CE,0,0,0,178.25,200.8,0,0,0,0,19-DEC-2017,
OPTSTK,GODREJCP,22-Feb-2018,820,CE,0,0,0,160.8,181.75,0,0,0,0,19-DEC-2017,
OPTSTK,GODREJCP,22-Feb-2018,840,CE,0,0,0,144.05,163.1,0,0,0,0,19-DEC-2017,
OPTSTK,GODREJCP,22-Feb-2018,860,CE,0,0,0,128.1,145,0,0,0,0,19-DEC-2017,
OPTSTK,GODREJCP,22-Feb-2018,880,CE,0,0,0,113.1,127.6,0,0,0,0,19-DEC-2017,
OPTSTK,GODREJCP,22-Feb-2018,900,CE,0,0,0,99.05,111.1,0,0,0,0,19-DEC-2017,
OPTSTK,GODREJCP,22-Feb-2018,920,CE,0,0,0,86.1,95.6,0,0,0,0,19-DEC-2017,
OPTSTK,GODREJCP,22-Feb-2018,940,CE,0,0,0,74.25,81.25,0,0,0,0,19-DEC-2017,
OPTSTK,GODREJCP,22-Feb-2018,960,CE,0,0,0,63.5,68.25,0,0,0,0,19-DEC-2017,
OPTSTK,GODREJCP,22-Feb-2018,980,CE,0,0,0,53.9,56.6,0,0,0,0,19-DEC-2017,
OPTSTK,GODREJCP,22-Feb-2018,1000,CE,0,0,0,45.4,46.3,0,0,0,0,19-DEC-2017,
OPTSTK,GODREJCP,22-Feb-2018,1020,CE,0,0,0,37.95,37.4,0,0,0,0,19-DEC-2017,
OPTSTK,GODREJCP,22-Feb-2018,1040,CE,0,0,0,31.45,29.85,0,0,0,0,19-DEC-2017,
OPTSTK,GODREJCP,22-Feb-2018,1060,CE,0,0,0,25.9,23.5,0,0,0,0,19-DEC-2017,
OPTSTK,GODREJCP,22-Feb-2018,1080,CE,0,0,0,21.25,18.3,0,0,0,0,19-DEC-2017,
OPTSTK,GODREJCP,22-Feb-2018,1100,CE,0,0,0,17.2,14,0,0,0,0,19-DEC-2017,
OPTSTK,GODREJCP,22-Feb-2018,1120,CE,0,0,0,13.85,10.6,0,0,0,0,19-DEC-2017,
OPTSTK,GODREJCP,22-Feb-2018,1140,CE,0,0,0,11.1,7.95,0,0,0,0,19-DEC-2017,
OPTSTK,GODREJCP,22-Feb-2018,1160,CE,0,0,0,8.85,5.9,0,0,0,0,19-DEC-2017,
OPTSTK,GODREJCP,22-Feb-2018,1180,CE,0,0,0,7,4.3,0,0,0,0,19-DEC-2017,
OPTSTK,GODREJCP,22-Feb-2018,1200,CE,0,0,0,5.5,3.1,0,0,0,0,19-DEC-2017,
OPTSTK,GODREJCP,22-Feb-2018,1220,CE,0,0,0,4.3,2.25,0,0,0,0,19-DEC-2017,
OPTSTK,GODREJCP,22-Feb-2018,700,PE,0,0,0,0.5,0.05,0,0,0,0,19-DEC-2017,
OPTSTK,GODREJCP,22-Feb-2018,720,PE,0,0,0,0.85,0.1,0,0,0,0,19-DEC-2017,
OPTSTK,GODREJCP,22-Feb-2018,740,PE,0,0,0,1.4,0.15,0,0,0,0,19-DEC-2017,
OPTSTK,GODREJCP,22-Feb-2018,760,PE,0,0,0,2.2,0.3,0,0,0,0,19-DEC-2017,
OPTSTK,GODREJCP,22-Feb-2018,780,PE,0,0,0,3.4,0.55,0,0,0,0,19-DEC-2017,
OPTSTK,GODREJCP,22-Feb-2018,800,PE,0,0,0,5.1,0.95,0,0,0,0,19-DEC-2017,
OPTSTK,GODREJCP,22-Feb-2018,820,PE,0,0,0,7.35,1.7,0,0,0,0,19-DEC-2017,
OPTSTK,GODREJCP,22-Feb-2018,840,PE,0,0,0,10.3,2.8,0,0,0,0,19-DEC-2017,
OPTSTK,GODREJCP,22-Feb-2018,860,PE,0,0,0,14.1,4.5,0,0,0,0,19-DEC-2017,
OPTSTK,GODREJCP,22-Feb-2018,880,PE,0,0,0,18.8,6.85,0,0,0,0,19-DEC-2017,
OPTSTK,GODREJCP,22-Feb-2018,900,PE,0,0,0,24.4,10.1,0,0,0,0,19-DEC-2017,
OPTSTK,GODREJCP,22-Feb-2018,920,PE,0,0,0,31.2,14.4,0,0,0,0,19-DEC-2017,
OPTSTK,GODREJCP,22-Feb-2018,940,PE,0,0,0,39.05,19.85,0,0,0,0,19-DEC-2017,
OPTSTK,GODREJCP,22-Feb-2018,960,PE,0,0,0,48,26.6,0,0,0,0,19-DEC-2017,
OPTSTK,GODREJCP,22-Feb-2018,980,PE,0,0,0,58.15,34.7,0,0,0,0,19-DEC-2017,
OPTSTK,GODREJCP,22-Feb-2018,1000,PE,0,0,0,69.35,44.2,0,0,0,0,19-DEC-2017,
OPTSTK,GODREJCP,22-Feb-2018,1020,PE,0,0,0,81.6,55.1,0,0,0,0,19-DEC-2017,
OPTSTK,GODREJCP,22-Feb-2018,1040,PE,0,0,0,94.8,67.3,0,0,0,0,19-DEC-2017,
OPTSTK,GODREJCP,22-Feb-2018,1060,PE,0,0,0,108.95,80.7,0,0,0,0,19-DEC-2017,
OPTSTK,GODREJCP,22-Feb-2018,1080,PE,0,0,0,124,95.3,0,0,0,0,19-DEC-2017,
OPTSTK,GODREJCP,22-Feb-2018,1100,PE,0,0,0,139.65,110.75,0,0,0,0,19-DEC-2017,
OPTSTK,GODREJCP,22-Feb-2018,1120,PE,0,0,0,156.05,127.15,0,0,0,0,19-DEC-2017,
OPTSTK,GODREJCP,22-Feb-2018,1140,PE,0,0,0,173,144.25,0,0,0,0,19-DEC-2017,
OPTSTK,GODREJCP,22-Feb-2018,1160,PE,0,0,0,190.45,161.95,0,0,0,0,19-DEC-2017,
OPTSTK,GODREJCP,22-Feb-2018,1180,PE,0,0,0,208.3,180.15,0,0,0,0,19-DEC-2017,
OPTSTK,GODREJCP,22-Feb-2018,1200,PE,0,0,0,226.5,198.75,0,0,0,0,19-DEC-2017,
OPTSTK,GODREJCP,22-Feb-2018,1220,PE,0,0,0,245,217.6,0,0,0,0,19-DEC-2017,
OPTSTK,GODREJIND,28-Dec-2017,400,CE,0,0,0,182.3,203.25,0,0,0,0,19-DEC-2017,
OPTSTK,GODREJIND,28-Dec-2017,420,CE,0,0,0,163.6,183.25,0,0,0,0,19-DEC-2017,
OPTSTK,GODREJIND,28-Dec-2017,440,CE,0,0,0,145.5,163.3,0,0,0,0,19-DEC-2017,
OPTSTK,GODREJIND,28-Dec-2017,460,CE,0,0,0,128.15,143.35,0,0,0,0,19-DEC-2017,
OPTSTK,GODREJIND,28-Dec-2017,480,CE,0,0,0,111.8,123.35,0,0,0,0,19-DEC-2017,
OPTSTK,GODREJIND,28-Dec-2017,500,CE,0,0,0,96.5,103.4,0,0,0,0,19-DEC-2017,
OPTSTK,GODREJIND,28-Dec-2017,520,CE,0,0,0,62,83.45,0,0,1500,0,19-DEC-2017,
OPTSTK,GODREJIND,28-Dec-2017,540,CE,0,0,0,44,63.5,0,0,1500,0,19-DEC-2017,
OPTSTK,GODREJIND,28-Dec-2017,560,CE,0,0,0,32.45,43.8,0,0,3000,0,19-DEC-2017,
OPTSTK,GODREJIND,28-Dec-2017,580,CE,0,0,0,22.5,25.6,0,0,27000,0,19-DEC-2017,
OPTSTK,GODREJIND,28-Dec-2017,600,CE,12.1,13,11.5,13,13,6,55.09,54000,-1500,19-DEC-2017,
OPTSTK,GODREJIND,28-Dec-2017,620,CE,5.1,6.5,5.1,5.75,5.75,39,366.08,133500,4500,19-DEC-2017,
OPTSTK,GODREJIND,28-Dec-2017,640,CE,2,2,2,2,2,1,9.63,36000,0,19-DEC-2017,
OPTSTK,GODREJIND,28-Dec-2017,660,CE,0,0,0,1.5,0.15,0,0,10500,0,19-DEC-2017,
OPTSTK,GODREJIND,28-Dec-2017,680,CE,0,0,0,16.6,0.05,0,0,0,0,19-DEC-2017,
OPTSTK,GODREJIND,28-Dec-2017,700,CE,0,0,0,13.05,0,0,0,0,0,19-DEC-2017,
OPTSTK,GODREJIND,28-Dec-2017,720,CE,0,0,0,10.2,0,0,0,0,0,19-DEC-2017,
OPTSTK,GODREJIND,28-Dec-2017,740,CE,0,0,0,0.25,0,0,0,0,0,19-DEC-2017,
OPTSTK,GODREJIND,28-Dec-2017,760,CE,0,0,0,6.15,0,0,0,0,0,19-DEC-2017,
OPTSTK,GODREJIND,28-Dec-2017,780,CE,0,0,0,4.7,0,0,0,0,0,19-DEC-2017,
OPTSTK,GODREJIND,28-Dec-2017,400,PE,0,0,0,1.2,0,0,0,0,0,19-DEC-2017,
OPTSTK,GODREJIND,28-Dec-2017,420,PE,0,0,0,2.2,0,0,0,0,0,19-DEC-2017,
OPTSTK,GODREJIND,28-Dec-2017,440,PE,0,0,0,3.8,0,0,0,0,0,19-DEC-2017,
OPTSTK,GODREJIND,28-Dec-2017,460,PE,0,0,0,6.15,0,0,0,0,0,19-DEC-2017,
OPTSTK,GODREJIND,28-Dec-2017,480,PE,0,0,0,9.45,0,0,0,0,0,19-DEC-2017,
OPTSTK,GODREJIND,28-Dec-2017,500,PE,0,0,0,1,0,0,0,1500,0,19-DEC-2017,
OPTSTK,GODREJIND,28-Dec-2017,520,PE,0,0,0,1.05,0,0,0,1500,0,19-DEC-2017,
OPTSTK,GODREJIND,28-Dec-2017,540,PE,0,0,0,26.45,0.05,0,0,0,0,19-DEC-2017,
OPTSTK,GODREJIND,28-Dec-2017,560,PE,0,0,0,5,0.3,0,0,28500,0,19-DEC-2017,
OPTSTK,GODREJIND,28-Dec-2017,580,PE,3.05,3.05,2,2,2,8,69.94,37500,7500,19-DEC-2017,
OPTSTK,GODREJIND,28-Dec-2017,600,PE,9.95,10.8,9.9,10.8,10.8,3,27.45,25500,1500,19-DEC-2017,
OPTSTK,GODREJIND,28-Dec-2017,620,PE,24.7,24.7,24.7,24.7,24.7,1,9.67,15000,0,19-DEC-2017,
OPTSTK,GODREJIND,28-Dec-2017,640,PE,0,0,0,59.85,37.25,0,0,1500,0,19-DEC-2017,
OPTSTK,GODREJIND,28-Dec-2017,660,PE,0,0,0,95.75,56.5,0,0,0,0,19-DEC-2017,
OPTSTK,GODREJIND,28-Dec-2017,680,PE,0,0,0,111.15,76.35,0,0,0,0,19-DEC-2017,
OPTSTK,GODREJIND,28-Dec-2017,700,PE,0,0,0,127.3,96.35,0,0,0,0,19-DEC-2017,
OPTSTK,GODREJIND,28-Dec-2017,720,PE,0,0,0,144.15,116.3,0,0,0,0,19-DEC-2017,
OPTSTK,GODREJIND,28-Dec-2017,740,PE,0,0,0,158,136.25,0,0,1500,0,19-DEC-2017,
OPTSTK,GODREJIND,28-Dec-2017,760,PE,0,0,0,179.45,156.25,0,0,0,0,19-DEC-2017,
OPTSTK,GODREJIND,28-Dec-2017,780,PE,0,0,0,197.75,176.2,0,0,0,0,19-DEC-2017,
OPTSTK,GODREJIND,25-Jan-2018,400,CE,0,0,0,177.2,205.2,0,0,0,0,19-DEC-2017,
OPTSTK,GODREJIND,25-Jan-2018,420,CE,0,0,0,157.8,185.35,0,0,0,0,19-DEC-2017,
OPTSTK,GODREJIND,25-Jan-2018,440,CE,0,0,0,138.7,165.5,0,0,0,0,19-DEC-2017,
OPTSTK,GODREJIND,25-Jan-2018,460,CE,0,0,0,120.15,145.6,0,0,0,0,19-DEC-2017,
OPTSTK,GODREJIND,25-Jan-2018,480,CE,0,0,0,102.4,125.75,0,0,0,0,19-DEC-2017,
OPTSTK,GODREJIND,25-Jan-2018,500,CE,0,0,0,85.75,106,0,0,0,0,19-DEC-2017,
OPTSTK,GODREJIND,25-Jan-2018,520,CE,0,0,0,70.5,86.55,0,0,0,0,19-DEC-2017,
OPTSTK,GODREJIND,25-Jan-2018,540,CE,0,0,0,62.9,67.8,0,0,1500,0,19-DEC-2017,
OPTSTK,GODREJIND,25-Jan-2018,560,CE,0,0,0,44.85,50.45,0,0,0,0,19-DEC-2017,
OPTSTK,GODREJIND,25-Jan-2018,580,CE,0,0,0,34.75,35.3,0,0,0,0,19-DEC-2017,
OPTSTK,GODREJIND,25-Jan-2018,600,CE,0,0,0,26.4,23.05,0,0,0,0,19-DEC-2017,
OPTSTK,GODREJIND,25-Jan-2018,620,CE,0,0,0,19.65,14,0,0,0,0,19-DEC-2017,
OPTSTK,GODREJIND,25-Jan-2018,640,CE,0,0,0,14.4,7.9,0,0,0,0,19-DEC-2017,
OPTSTK,GODREJIND,25-Jan-2018,660,CE,0,0,0,10.35,4.1,0,0,0,0,19-DEC-2017,
OPTSTK,GODREJIND,25-Jan-2018,680,CE,0,0,0,7.3,1.95,0,0,0,0,19-DEC-2017,
OPTSTK,GODREJIND,25-Jan-2018,700,CE,0,0,0,5.1,0.9,0,0,0,0,19-DEC-2017,
OPTSTK,GODREJIND,25-Jan-2018,720,CE,0,0,0,3.5,0.4,0,0,0,0,19-DEC-2017,
OPTSTK,GODREJIND,25-Jan-2018,740,CE,0,0,0,2.35,0.15,0,0,0,0,19-DEC-2017,
OPTSTK,GODREJIND,25-Jan-2018,760,CE,0,0,0,1.55,0.05,0,0,0,0,19-DEC-2017,
OPTSTK,GODREJIND,25-Jan-2018,780,CE,0,0,0,1.05,0.05,0,0,0,0,19-DEC-2017,
OPTSTK,GODREJIND,25-Jan-2018,400,PE,0,0,0,0.2,0,0,0,0,0,19-DEC-2017,
OPTSTK,GODREJIND,25-Jan-2018,420,PE,0,0,0,0.5,0,0,0,0,0,19-DEC-2017,
OPTSTK,GODREJIND,25-Jan-2018,440,PE,0,0,0,1.1,0,0,0,0,0,19-DEC-2017,
OPTSTK,GODREJIND,25-Jan-2018,460,PE,0,0,0,2.25,0,0,0,0,0,19-DEC-2017,
OPTSTK,GODREJIND,25-Jan-2018,480,PE,0,0,0,4.2,0.05,0,0,0,0,19-DEC-2017,
OPTSTK,GODREJIND,25-Jan-2018,500,PE,0,0,0,7.2,0.15,0,0,0,0,19-DEC-2017,
OPTSTK,GODREJIND,25-Jan-2018,520,PE,0,0,0,11.65,0.55,0,0,0,0,19-DEC-2017,
OPTSTK,GODREJIND,25-Jan-2018,540,PE,0,0,0,17.6,1.7,0,0,0,0,19-DEC-2017,
OPTSTK,GODREJIND,25-Jan-2018,560,PE,0,0,0,25.4,4.2,0,0,0,0,19-DEC-2017,
OPTSTK,GODREJIND,25-Jan-2018,580,PE,9.5,9.5,9.5,9.5,9.5,1,8.84,1500,1500,19-DEC-2017,
OPTSTK,GODREJIND,25-Jan-2018,600,PE,0,0,0,18.5,16.55,0,0,9000,0,19-DEC-2017,
OPTSTK,GODREJIND,25-Jan-2018,620,PE,0,0,0,59.25,27.35,0,0,0,0,19-DEC-2017,
OPTSTK,GODREJIND,25-Jan-2018,640,PE,0,0,0,73.65,41.1,0,0,0,0,19-DEC-2017,
OPTSTK,GODREJIND,25-Jan-2018,660,PE,0,0,0,89.3,57.2,0,0,0,0,19-DEC-2017,
OPTSTK,GODREJIND,25-Jan-2018,680,PE,0,0,0,105.95,74.95,0,0,0,0,19-DEC-2017,
OPTSTK,GODREJIND,25-Jan-2018,700,PE,0,0,0,123.4,93.75,0,0,0,0,19-DEC-2017,
OPTSTK,GODREJIND,25-Jan-2018,720,PE,0,0,0,141.5,113.1,0,0,0,0,19-DEC-2017,
OPTSTK,GODREJIND,25-Jan-2018,740,PE,0,0,0,160.05,132.75,0,0,0,0,19-DEC-2017,
OPTSTK,GODREJIND,25-Jan-2018,760,PE,0,0,0,178.95,152.5,0,0,0,0,19-DEC-2017,
OPTSTK,GODREJIND,25-Jan-2018,780,PE,0,0,0,198.1,172.35,0,0,0,0,19-DEC-2017,
OPTSTK,GODREJIND,22-Feb-2018,400,CE,0,0,0,183.75,207.2,0,0,0,0,19-DEC-2017,
OPTSTK,GODREJIND,22-Feb-2018,420,CE,0,0,0,164.25,187.4,0,0,0,0,19-DEC-2017,
OPTSTK,GODREJIND,22-Feb-2018,440,CE,0,0,0,145.05,167.65,0,0,0,0,19-DEC-2017,
OPTSTK,GODREJIND,22-Feb-2018,460,CE,0,0,0,126.25,147.95,0,0,0,0,19-DEC-2017,
OPTSTK,GODREJIND,22-Feb-2018,480,CE,0,0,0,108.15,128.4,0,0,0,0,19-DEC-2017,
OPTSTK,GODREJIND,22-Feb-2018,500,CE,0,0,0,91,109.15,0,0,0,0,19-DEC-2017,
OPTSTK,GODREJIND,22-Feb-2018,520,CE,0,0,0,75.2,90.5,0,0,0,0,19-DEC-2017,
OPTSTK,GODREJIND,22-Feb-2018,540,CE,0,0,0,60.85,72.9,0,0,0,0,19-DEC-2017,
OPTSTK,GODREJIND,22-Feb-2018,560,CE,0,0,0,48.3,56.85,0,0,0,0,19-DEC-2017,
OPTSTK,GODREJIND,22-Feb-2018,580,CE,0,0,0,37.55,42.75,0,0,0,0,19-DEC-2017,
OPTSTK,GODREJIND,22-Feb-2018,600,CE,0,0,0,28.6,30.95,0,0,0,0,19-DEC-2017,
OPTSTK,GODREJIND,22-Feb-2018,620,CE,0,0,0,21.35,21.55,0,0,0,0,19-DEC-2017,
OPTSTK,GODREJIND,22-Feb-2018,640,CE,0,0,0,15.65,14.4,0,0,0,0,19-DEC-2017,
OPTSTK,GODREJIND,22-Feb-2018,660,CE,0,0,0,11.25,9.25,0,0,0,0,19-DEC-2017,
OPTSTK,GODREJIND,22-Feb-2018,680,CE,0,0,0,7.95,5.75,0,0,0,0,19-DEC-2017,
OPTSTK,GODREJIND,22-Feb-2018,700,CE,0,0,0,5.55,3.4,0,0,0,0,19-DEC-2017,
OPTSTK,GODREJIND,22-Feb-2018,720,CE,0,0,0,3.8,1.95,0,0,0,0,19-DEC-2017,
OPTSTK,GODREJIND,22-Feb-2018,740,CE,0,0,0,2.55,1.1,0,0,0,0,19-DEC-2017,
OPTSTK,GODREJIND,22-Feb-2018,760,CE,0,0,0,1.7,0.6,0,0,0,0,19-DEC-2017,
OPTSTK,GODREJIND,22-Feb-2018,780,CE,0,0,0,1.1,0.3,0,0,0,0,19-DEC-2017,
OPTSTK,GODREJIND,22-Feb-2018,400,PE,0,0,0,0.15,0,0,0,0,0,19-DEC-2017,
OPTSTK,GODREJIND,22-Feb-2018,420,PE,0,0,0,0.35,0,0,0,0,0,19-DEC-2017,
OPTSTK,GODREJIND,22-Feb-2018,440,PE,0,0,0,0.8,0.05,0,0,0,0,19-DEC-2017,
OPTSTK,GODREJIND,22-Feb-2018,460,PE,0,0,0,1.75,0.1,0,0,0,0,19-DEC-2017,
OPTSTK,GODREJIND,22-Feb-2018,480,PE,0,0,0,3.35,0.3,0,0,0,0,19-DEC-2017,
OPTSTK,GODREJIND,22-Feb-2018,500,PE,0,0,0,5.95,0.8,0,0,0,0,19-DEC-2017,
OPTSTK,GODREJIND,22-Feb-2018,520,PE,0,0,0,9.8,1.95,0,0,0,0,19-DEC-2017,
OPTSTK,GODREJIND,22-Feb-2018,540,PE,0,0,0,15.2,4.15,0,0,0,0,19-DEC-2017,
OPTSTK,GODREJIND,22-Feb-2018,560,PE,0,0,0,22.35,7.85,0,0,0,0,19-DEC-2017,
OPTSTK,GODREJIND,22-Feb-2018,580,PE,0,0,0,31.3,13.5,0,0,0,0,19-DEC-2017,
OPTSTK,GODREJIND,22-Feb-2018,600,PE,0,0,0,42.05,21.5,0,0,0,0,19-DEC-2017,
OPTSTK,GODREJIND,22-Feb-2018,620,PE,0,0,0,54.55,31.85,0,0,0,0,19-DEC-2017,
OPTSTK,GODREJIND,22-Feb-2018,640,PE,0,0,0,68.5,44.5,0,0,0,0,19-DEC-2017,
OPTSTK,GODREJIND,22-Feb-2018,660,PE,0,0,0,83.85,59.15,0,0,0,0,19-DEC-2017,
OPTSTK,GODREJIND,22-Feb-2018,680,PE,0,0,0,100.25,75.4,0,0,0,0,19-DEC-2017,
OPTSTK,GODREJIND,22-Feb-2018,700,PE,0,0,0,117.55,92.85,0,0,0,0,19-DEC-2017,
OPTSTK,GODREJIND,22-Feb-2018,720,PE,0,0,0,135.5,111.15,0,0,0,0,19-DEC-2017,
OPTSTK,GODREJIND,22-Feb-2018,740,PE,0,0,0,153.95,130.05,0,0,0,0,19-DEC-2017,
OPTSTK,GODREJIND,22-Feb-2018,760,PE,0,0,0,172.8,149.35,0,0,0,0,19-DEC-2017,
OPTSTK,GODREJIND,22-Feb-2018,780,PE,0,0,0,191.95,168.85,0,0,0,0,19-DEC-2017,
OPTSTK,GRANULES,28-Dec-2017,75,CE,0,0,0,38.95,54.05,0,0,0,0,19-DEC-2017,
OPTSTK,GRANULES,28-Dec-2017,80,CE,0,0,0,34.45,49.05,0,0,0,0,19-DEC-2017,
OPTSTK,GRANULES,28-Dec-2017,85,CE,0,0,0,30.2,44.05,0,0,0,0,19-DEC-2017,
OPTSTK,GRANULES,28-Dec-2017,90,CE,0,0,0,26.2,39.05,0,0,0,0,19-DEC-2017,
OPTSTK,GRANULES,28-Dec-2017,95,CE,0,0,0,22.5,34.05,0,0,0,0,19-DEC-2017,
OPTSTK,GRANULES,28-Dec-2017,100,CE,0,0,0,19.15,29.1,0,0,0,0,19-DEC-2017,
OPTSTK,GRANULES,28-Dec-2017,105,CE,0,0,0,16.15,24.1,0,0,0,0,19-DEC-2017,
OPTSTK,GRANULES,28-Dec-2017,110,CE,0,0,0,13.5,19.1,0,0,0,0,19-DEC-2017,
OPTSTK,GRANULES,28-Dec-2017,115,CE,0,0,0,19.05,14.15,0,0,5000,0,19-DEC-2017,
OPTSTK,GRANULES,28-Dec-2017,120,CE,9,9,9,9,9,1,6.45,35000,5000,19-DEC-2017,
OPTSTK,GRANULES,28-Dec-2017,125,CE,5.3,6.1,5.3,5.7,5.7,2,13.07,120000,-5000,19-DEC-2017,
OPTSTK,GRANULES,28-Dec-2017,130,CE,2.7,3.15,2.35,3,3,46,305.14,425000,15000,19-DEC-2017,
OPTSTK,GRANULES,28-Dec-2017,135,CE,1.3,1.4,1.1,1.35,1.35,29,197.63,405000,5000,19-DEC-2017,
OPTSTK,GRANULES,28-Dec-2017,140,CE,0.8,0.8,0.55,0.7,0.7,17,119.54,590000,-35000,19-DEC-2017,
OPTSTK,GRANULES,28-Dec-2017,145,CE,0.35,0.4,0.35,0.4,0.4,2,14.53,115000,-5000,19-DEC-2017,
OPTSTK,GRANULES,28-Dec-2017,150,CE,0.15,0.15,0.1,0.15,0.15,7,52.54,190000,-25000,19-DEC-2017,
OPTSTK,GRANULES,28-Dec-2017,155,CE,0.1,0.2,0.1,0.1,0.1,5,38.79,100000,-5000,19-DEC-2017,
OPTSTK,GRANULES,28-Dec-2017,160,CE,0,0,0,0.1,0,0,0,30000,0,19-DEC-2017,
OPTSTK,GRANULES,28-Dec-2017,165,CE,0,0,0,1.1,0,0,0,0,0,19-DEC-2017,
OPTSTK,GRANULES,28-Dec-2017,170,CE,0,0,0,1.85,0,0,0,0,0,19-DEC-2017,
OPTSTK,GRANULES,28-Dec-2017,75,PE,0,0,0,0.55,0,0,0,0,0,19-DEC-2017,
OPTSTK,GRANULES,28-Dec-2017,80,PE,0,0,0,1,0,0,0,0,0,19-DEC-2017,
OPTSTK,GRANULES,28-Dec-2017,85,PE,0,0,0,1.65,0,0,0,0,0,19-DEC-2017,
OPTSTK,GRANULES,28-Dec-2017,90,PE,0,0,0,2.55,0,0,0,0,0,19-DEC-2017,
OPTSTK,GRANULES,28-Dec-2017,95,PE,0,0,0,3.8,0,0,0,0,0,19-DEC-2017,
OPTSTK,GRANULES,28-Dec-2017,100,PE,0,0,0,0.3,0,0,0,10000,0,19-DEC-2017,
OPTSTK,GRANULES,28-Dec-2017,105,PE,0,0,0,0.25,0,0,0,5000,0,19-DEC-2017,
OPTSTK,GRANULES,28-Dec-2017,110,PE,0,0,0,0.25,0.05,0,0,140000,0,19-DEC-2017,
OPTSTK,GRANULES,28-Dec-2017,115,PE,2.5,2.5,0.2,0.35,0.35,45,263.82,255000,195000,19-DEC-2017,
OPTSTK,GRANULES,28-Dec-2017,120,PE,0.85,0.85,0.6,0.6,0.6,2,12.07,195000,0,19-DEC-2017,
OPTSTK,GRANULES,28-Dec-2017,125,PE,1.9,2.35,1.3,1.45,1.45,18,114.2,190000,-5000,19-DEC-2017,
OPTSTK,GRANULES,28-Dec-2017,130,PE,4.35,4.7,3.45,3.45,3.45,8,53.76,200000,0,19-DEC-2017,
OPTSTK,GRANULES,28-Dec-2017,135,PE,0,0,0,12,6.9,0,0,40000,0,19-DEC-2017,
OPTSTK,GRANULES,28-Dec-2017,140,PE,0,0,0,12.7,11.2,0,0,20000,0,19-DEC-2017,
OPTSTK,GRANULES,28-Dec-2017,145,PE,0,0,0,14.15,15.95,0,0,10000,0,19-DEC-2017,
OPTSTK,GRANULES,28-Dec-2017,150,PE,0,0,0,17.65,20.9,0,0,10000,0,19-DEC-2017,
OPTSTK,GRANULES,28-Dec-2017,155,PE,0,0,0,42.3,25.9,0,0,0,0,19-DEC-2017,
OPTSTK,GRANULES,28-Dec-2017,160,PE,0,0,0,46.85,30.85,0,0,0,0,19-DEC-2017,
OPTSTK,GRANULES,28-Dec-2017,165,PE,0,0,0,50.3,35.85,0,0,0,0,19-DEC-2017,
OPTSTK,GRANULES,28-Dec-2017,170,PE,0,0,0,47.7,40.85,0,0,0,0,19-DEC-2017,
OPTSTK,GRANULES,25-Jan-2018,90,CE,0,0,0,49.55,39.5,0,0,0,0,19-DEC-2017,
OPTSTK,GRANULES,25-Jan-2018,95,CE,0,0,0,44.85,34.55,0,0,0,0,19-DEC-2017,
OPTSTK,GRANULES,25-Jan-2018,100,CE,0,0,0,40.25,29.65,0,0,0,0,19-DEC-2017,
OPTSTK,GRANULES,25-Jan-2018,105,CE,0,0,0,35.85,24.8,0,0,0,0,19-DEC-2017,
OPTSTK,GRANULES,25-Jan-2018,110,CE,0,0,0,31.65,20.15,0,0,0,0,19-DEC-2017,
OPTSTK,GRANULES,25-Jan-2018,115,CE,0,0,0,27.7,15.85,0,0,0,0,19-DEC-2017,
OPTSTK,GRANULES,25-Jan-2018,120,CE,0,0,0,24,11.95,0,0,0,0,19-DEC-2017,
OPTSTK,GRANULES,25-Jan-2018,125,CE,0,0,0,10.6,8.65,0,0,5000,0,19-DEC-2017,
OPTSTK,GRANULES,25-Jan-2018,130,CE,0,0,0,11.65,6,0,0,20000,0,19-DEC-2017,
OPTSTK,GRANULES,25-Jan-2018,135,CE,0,0,0,14.85,4,0,0,0,0,19-DEC-2017,
OPTSTK,GRANULES,25-Jan-2018,140,CE,0,0,0,12.45,2.55,0,0,0,0,19-DEC-2017,
OPTSTK,GRANULES,25-Jan-2018,145,CE,0,0,0,10.4,1.55,0,0,0,0,19-DEC-2017,
OPTSTK,GRANULES,25-Jan-2018,150,CE,0,0,0,8.55,0.9,0,0,0,0,19-DEC-2017,
OPTSTK,GRANULES,25-Jan-2018,155,CE,0,0,0,7.05,0.5,0,0,0,0,19-DEC-2017,
OPTSTK,GRANULES,25-Jan-2018,160,CE,0,0,0,5.75,0.3,0,0,0,0,19-DEC-2017,
OPTSTK,GRANULES,25-Jan-2018,165,CE,0,0,0,4.65,0.15,0,0,0,0,19-DEC-2017,
OPTSTK,GRANULES,25-Jan-2018,170,CE,0,0,0,3.75,0.1,0,0,0,0,19-DEC-2017,
OPTSTK,GRANULES,25-Jan-2018,90,PE,0,0,0,0.25,0,0,0,0,0,19-DEC-2017,
OPTSTK,GRANULES,25-Jan-2018,95,PE,0,0,0,0.45,0.05,0,0,0,0,19-DEC-2017,
OPTSTK,GRANULES,25-Jan-2018,100,PE,0,0,0,0.8,0.1,0,0,0,0,19-DEC-2017,
OPTSTK,GRANULES,25-Jan-2018,105,PE,0,0,0,1.3,0.25,0,0,0,0,19-DEC-2017,
OPTSTK,GRANULES,25-Jan-2018,110,PE,0,0,0,2.05,0.55,0,0,0,0,19-DEC-2017,
OPTSTK,GRANULES,25-Jan-2018,115,PE,0,0,0,3,1.2,0,0,0,0,19-DEC-2017,
OPTSTK,GRANULES,25-Jan-2018,120,PE,0,0,0,3.9,2.3,0,0,5000,0,19-DEC-2017,
OPTSTK,GRANULES,25-Jan-2018,125,PE,0,0,0,5.8,3.95,0,0,5000,0,19-DEC-2017,
OPTSTK,GRANULES,25-Jan-2018,130,PE,0,0,0,7.65,6.25,0,0,0,0,19-DEC-2017,
OPTSTK,GRANULES,25-Jan-2018,135,PE,0,0,0,9.85,9.2,0,0,0,0,19-DEC-2017,
OPTSTK,GRANULES,25-Jan-2018,140,PE,0,0,0,12.4,12.75,0,0,0,0,19-DEC-2017,
OPTSTK,GRANULES,25-Jan-2018,145,PE,0,0,0,15.2,16.7,0,0,0,0,19-DEC-2017,
OPTSTK,GRANULES,25-Jan-2018,150,PE,0,0,0,18.3,21.05,0,0,0,0,19-DEC-2017,
OPTSTK,GRANULES,25-Jan-2018,155,PE,0,0,0,21.7,25.6,0,0,0,0,19-DEC-2017,
OPTSTK,GRANULES,25-Jan-2018,160,PE,0,0,0,25.35,30.35,0,0,0,0,19-DEC-2017,
OPTSTK,GRANULES,25-Jan-2018,165,PE,0,0,0,29.15,35.2,0,0,0,0,19-DEC-2017,
OPTSTK,GRANULES,25-Jan-2018,170,PE,0,0,0,33.2,40.1,0,0,0,0,19-DEC-2017,
OPTSTK,GRANULES,22-Feb-2018,90,CE,0,0,0,39.8,40,0,0,0,0,19-DEC-2017,
OPTSTK,GRANULES,22-Feb-2018,95,CE,0,0,0,35.2,35.15,0,0,0,0,19-DEC-2017,
OPTSTK,GRANULES,22-Feb-2018,100,CE,0,0,0,30.75,30.4,0,0,0,0,19-DEC-2017,
OPTSTK,GRANULES,22-Feb-2018,105,CE,0,0,0,26.55,25.8,0,0,0,0,19-DEC-2017,
OPTSTK,GRANULES,22-Feb-2018,110,CE,0,0,0,22.65,21.5,0,0,0,0,19-DEC-2017,
OPTSTK,GRANULES,22-Feb-2018,115,CE,0,0,0,19.05,17.55,0,0,0,0,19-DEC-2017,
OPTSTK,GRANULES,22-Feb-2018,120,CE,0,0,0,15.85,13.95,0,0,0,0,19-DEC-2017,
OPTSTK,GRANULES,22-Feb-2018,125,CE,0,0,0,13,10.9,0,0,0,0,19-DEC-2017,
OPTSTK,GRANULES,22-Feb-2018,130,CE,0,0,0,10.55,8.3,0,0,0,0,19-DEC-2017,
OPTSTK,GRANULES,22-Feb-2018,135,CE,0,0,0,8.5,6.15,0,0,0,0,19-DEC-2017,
OPTSTK,GRANULES,22-Feb-2018,140,CE,0,0,0,6.75,4.5,0,0,0,0,19-DEC-2017,
OPTSTK,GRANULES,22-Feb-2018,145,CE,0,0,0,5.3,3.2,0,0,0,0,19-DEC-2017,
OPTSTK,GRANULES,22-Feb-2018,150,CE,0,0,0,4.15,2.25,0,0,0,0,19-DEC-2017,
OPTSTK,GRANULES,22-Feb-2018,155,CE,0,0,0,3.2,1.55,0,0,0,0,19-DEC-2017,
OPTSTK,GRANULES,22-Feb-2018,160,CE,0,0,0,2.45,1.05,0,0,0,0,19-DEC-2017,
OPTSTK,GRANULES,22-Feb-2018,165,CE,0,0,0,1.85,0.7,0,0,0,0,19-DEC-2017,
OPTSTK,GRANULES,22-Feb-2018,170,CE,0,0,0,1.4,0.45,0,0,0,0,19-DEC-2017,
OPTSTK,GRANULES,22-Feb-2018,90,PE,0,0,0,0.35,0.05,0,0,0,0,19-DEC-2017,
OPTSTK,GRANULES,22-Feb-2018,95,PE,0,0,0,0.65,0.15,0,0,0,0,19-DEC-2017,
OPTSTK,GRANULES,22-Feb-2018,100,PE,0,0,0,1.15,0.35,0,0,0,0,19-DEC-2017,
OPTSTK,GRANULES,22-Feb-2018,105,PE,0,0,0,1.85,0.75,0,0,0,0,19-DEC-2017,
OPTSTK,GRANULES,22-Feb-2018,110,PE,0,0,0,2.9,1.35,0,0,0,0,19-DEC-2017,
OPTSTK,GRANULES,22-Feb-2018,115,PE,0,0,0,4.25,2.3,0,0,0,0,19-DEC-2017,
OPTSTK,GRANULES,22-Feb-2018,120,PE,0,0,0,5.95,3.7,0,0,0,0,19-DEC-2017,
OPTSTK,GRANULES,22-Feb-2018,125,PE,0,0,0,8.05,5.55,0,0,0,0,19-DEC-2017,
OPTSTK,GRANULES,22-Feb-2018,130,PE,0,0,0,10.55,7.9,0,0,0,0,19-DEC-2017,
OPTSTK,GRANULES,22-Feb-2018,135,PE,0,0,0,13.35,10.75,0,0,0,0,19-DEC-2017,
OPTSTK,GRANULES,22-Feb-2018,140,PE,0,0,0,16.55,14,0,0,0,0,19-DEC-2017,
OPTSTK,GRANULES,22-Feb-2018,145,PE,0,0,0,20.05,17.65,0,0,0,0,19-DEC-2017,
OPTSTK,GRANULES,22-Feb-2018,150,PE,0,0,0,23.8,21.65,0,0,0,0,19-DEC-2017,
OPTSTK,GRANULES,22-Feb-2018,155,PE,0,0,0,27.8,25.9,0,0,0,0,19-DEC-2017,
OPTSTK,GRANULES,22-Feb-2018,160,PE,0,0,0,31.95,30.3,0,0,0,0,19-DEC-2017,
OPTSTK,GRANULES,22-Feb-2018,165,PE,0,0,0,36.3,34.9,0,0,0,0,19-DEC-2017,
OPTSTK,GRANULES,22-Feb-2018,170,PE,0,0,0,40.75,39.6,0,0,0,0,19-DEC-2017,
OPTSTK,GRASIM,28-Dec-2017,860,CE,0,0,0,282.45,278.2,0,0,0,0,19-DEC-2017,
OPTSTK,GRASIM,28-Dec-2017,880,CE,0,0,0,263.5,258.25,0,0,0,0,19-DEC-2017,
OPTSTK,GRASIM,28-Dec-2017,900,CE,0,0,0,244.8,238.25,0,0,0,0,19-DEC-2017,
OPTSTK,GRASIM,28-Dec-2017,920,CE,0,0,0,226.5,218.3,0,0,0,0,19-DEC-2017,
OPTSTK,GRASIM,28-Dec-2017,940,CE,0,0,0,208.6,198.35,0,0,0,0,19-DEC-2017,
OPTSTK,GRASIM,28-Dec-2017,960,CE,0,0,0,191.2,178.35,0,0,0,0,19-DEC-2017,
OPTSTK,GRASIM,28-Dec-2017,980,CE,0,0,0,174.4,158.4,0,0,0,0,19-DEC-2017,
OPTSTK,GRASIM,28-Dec-2017,1000,CE,0,0,0,158.25,138.45,0,0,0,0,19-DEC-2017,
OPTSTK,GRASIM,28-Dec-2017,1020,CE,0,0,0,142.9,118.5,0,0,0,0,19-DEC-2017,
OPTSTK,GRASIM,28-Dec-2017,1040,CE,0,0,0,128.35,98.75,0,0,0,0,19-DEC-2017,
OPTSTK,GRASIM,28-Dec-2017,1060,CE,0,0,0,84.95,79.35,0,0,0,0,19-DEC-2017,
OPTSTK,GRASIM,28-Dec-2017,1080,CE,0,0,0,101.75,60.85,0,0,0,0,19-DEC-2017,
OPTSTK,GRASIM,28-Dec-2017,1100,CE,45,45,43,44.35,44.35,3,25.74,12750,0,19-DEC-2017,
OPTSTK,GRASIM,28-Dec-2017,1120,CE,25.95,25.95,24,24,24,5,42.95,17250,0,19-DEC-2017,
OPTSTK,GRASIM,28-Dec-2017,1140,CE,15,20.95,13.55,17.35,17.35,44,381.71,52500,5250,19-DEC-2017,
OPTSTK,GRASIM,28-Dec-2017,1160,CE,8.8,11,7.5,9.75,9.75,77,675.46,67500,12000,19-DEC-2017,
OPTSTK,GRASIM,28-Dec-2017,1180,CE,4.9,6.2,4.75,5.05,5.05,8,71.11,24750,0,19-DEC-2017,
OPTSTK,GRASIM,28-Dec-2017,1200,CE,2.45,3.1,2.25,2.85,2.85,44,396.87,99750,3000,19-DEC-2017,
OPTSTK,GRASIM,28-Dec-2017,1220,CE,1.4,1.4,1.4,1.4,1.4,1,9.16,18000,0,19-DEC-2017,
OPTSTK,GRASIM,28-Dec-2017,1240,CE,0.5,0.7,0.4,0.5,0.5,6,55.82,33750,0,19-DEC-2017,
OPTSTK,GRASIM,28-Dec-2017,1260,CE,0,0,0,1.75,0.15,0,0,11250,0,19-DEC-2017,
OPTSTK,GRASIM,28-Dec-2017,1280,CE,0.75,0.75,0.75,0.75,0.75,1,9.6,4500,0,19-DEC-2017,
OPTSTK,GRASIM,28-Dec-2017,1300,CE,0,0,0,2,0.05,0,0,750,0,19-DEC-2017,
OPTSTK,GRASIM,28-Dec-2017,1320,CE,0,0,0,16.1,0,0,0,0,0,19-DEC-2017,
OPTSTK,GRASIM,28-Dec-2017,1340,CE,0,0,0,13.35,0,0,0,0,0,19-DEC-2017,
OPTSTK,GRASIM,28-Dec-2017,1360,CE,0,0,0,11,0,0,0,0,0,19-DEC-2017,
OPTSTK,GRASIM,28-Dec-2017,1380,CE,0,0,0,9.05,0,0,0,0,0,19-DEC-2017,
OPTSTK,GRASIM,28-Dec-2017,1400,CE,0,0,0,7.4,0,0,0,0,0,19-DEC-2017,
OPTSTK,GRASIM,28-Dec-2017,1420,CE,0,0,0,0.2,0,0,0,750,0,19-DEC-2017,
OPTSTK,GRASIM,28-Dec-2017,1440,CE,0,0,0,4.9,0,0,0,0,0,19-DEC-2017,
OPTSTK,GRASIM,28-Dec-2017,1460,CE,0,0,0,4,0,0,0,0,0,19-DEC-2017,
OPTSTK,GRASIM,28-Dec-2017,1480,CE,0,0,0,3.2,0,0,0,0,0,19-DEC-2017,
OPTSTK,GRASIM,28-Dec-2017,1500,CE,0,0,0,2.55,0,0,0,0,0,19-DEC-2017,
OPTSTK,GRASIM,28-Dec-2017,860,PE,0,0,0,1.45,0,0,0,0,0,19-DEC-2017,
OPTSTK,GRASIM,28-Dec-2017,880,PE,0,0,0,2.2,0,0,0,0,0,19-DEC-2017,
OPTSTK,GRASIM,28-Dec-2017,900,PE,0,0,0,3.2,0,0,0,0,0,19-DEC-2017,
OPTSTK,GRASIM,28-Dec-2017,920,PE,0,0,0,4.55,0,0,0,0,0,19-DEC-2017,
OPTSTK,GRASIM,28-Dec-2017,940,PE,0,0,0,6.35,0,0,0,0,0,19-DEC-2017,
OPTSTK,GRASIM,28-Dec-2017,960,PE,0,0,0,8.65,0,0,0,0,0,19-DEC-2017,
OPTSTK,GRASIM,28-Dec-2017,980,PE,0,0,0,11.55,0,0,0,0,0,19-DEC-2017,
OPTSTK,GRASIM,28-Dec-2017,1000,PE,0,0,0,15.1,0.05,0,0,0,0,19-DEC-2017,
OPTSTK,GRASIM,28-Dec-2017,1020,PE,0,0,0,2,0.1,0,0,0,0,19-DEC-2017,
OPTSTK,GRASIM,28-Dec-2017,1040,PE,1.15,1.15,0.9,0.9,0.9,2,15.61,1500,-1500,19-DEC-2017,
OPTSTK,GRASIM,28-Dec-2017,1060,PE,1.45,1.5,1.3,1.5,1.5,11,87.56,6000,-5250,19-DEC-2017,
OPTSTK,GRASIM,28-Dec-2017,1080,PE,3,3,3,3,3,1,8.12,10500,0,19-DEC-2017,
OPTSTK,GRASIM,28-Dec-2017,1100,PE,6,6.8,3.4,6.1,6.1,11,91.22,39000,-750,19-DEC-2017,
OPTSTK,GRASIM,28-Dec-2017,1120,PE,14.3,14.3,10.8,10.9,10.9,10,84.88,31500,-2250,19-DEC-2017,
OPTSTK,GRASIM,28-Dec-2017,1140,PE,17.5,22.5,17.05,20.7,20.7,8,69.58,37500,2250,19-DEC-2017,
OPTSTK,GRASIM,28-Dec-2017,1160,PE,32.3,32.3,32.3,32.3,32.3,1,8.94,17250,750,19-DEC-2017,
OPTSTK,GRASIM,28-Dec-2017,1180,PE,0,0,0,41.55,46.65,0,0,7500,0,19-DEC-2017,
OPTSTK,GRASIM,28-Dec-2017,1200,PE,65,65,65,65,65,1,9.48,51750,0,19-DEC-2017,
OPTSTK,GRASIM,28-Dec-2017,1220,PE,0,0,0,63.05,82.3,0,0,7500,0,19-DEC-2017,
OPTSTK,GRASIM,28-Dec-2017,1240,PE,0,0,0,105,101.6,0,0,33750,0,19-DEC-2017,
OPTSTK,GRASIM,28-Dec-2017,1260,PE,0,0,0,87,121.35,0,0,750,0,19-DEC-2017,
OPTSTK,GRASIM,28-Dec-2017,1280,PE,0,0,0,155.5,141.2,0,0,0,0,19-DEC-2017,
OPTSTK,GRASIM,28-Dec-2017,1300,PE,0,0,0,115,161.15,0,0,3000,0,19-DEC-2017,
OPTSTK,GRASIM,28-Dec-2017,1320,PE,0,0,0,187.95,181.1,0,0,0,0,19-DEC-2017,
OPTSTK,GRASIM,28-Dec-2017,1340,PE,0,0,0,204.9,201.1,0,0,0,0,19-DEC-2017,
OPTSTK,GRASIM,28-Dec-2017,1360,PE,0,0,0,222.25,221.05,0,0,0,0,19-DEC-2017,
OPTSTK,GRASIM,28-Dec-2017,1380,PE,0,0,0,240,241,0,0,0,0,19-DEC-2017,
OPTSTK,GRASIM,28-Dec-2017,1400,PE,0,0,0,258.05,261,0,0,0,0,19-DEC-2017,
OPTSTK,GRASIM,28-Dec-2017,1420,PE,0,0,0,276.35,280.95,0,0,0,0,19-DEC-2017,
OPTSTK,GRASIM,28-Dec-2017,1440,PE,0,0,0,294.9,300.95,0,0,0,0,19-DEC-2017,
OPTSTK,GRASIM,28-Dec-2017,1460,PE,0,0,0,313.65,320.9,0,0,0,0,19-DEC-2017,
OPTSTK,GRASIM,28-Dec-2017,1480,PE,0,0,0,332.6,340.85,0,0,0,0,19-DEC-2017,
OPTSTK,GRASIM,28-Dec-2017,1500,PE,0,0,0,351.65,360.85,0,0,0,0,19-DEC-2017,
OPTSTK,GRASIM,25-Jan-2018,860,CE,0,0,0,347.5,282.45,0,0,0,0,19-DEC-2017,
OPTSTK,GRASIM,25-Jan-2018,880,CE,0,0,0,328.1,262.6,0,0,0,0,19-DEC-2017,
OPTSTK,GRASIM,25-Jan-2018,900,CE,0,0,0,308.8,242.8,0,0,0,0,19-DEC-2017,
OPTSTK,GRASIM,25-Jan-2018,920,CE,0,0,0,289.7,223,0,0,0,0,19-DEC-2017,
OPTSTK,GRASIM,25-Jan-2018,940,CE,0,0,0,270.85,203.3,0,0,0,0,19-DEC-2017,
OPTSTK,GRASIM,25-Jan-2018,960,CE,0,0,0,252.25,183.75,0,0,0,0,19-DEC-2017,
OPTSTK,GRASIM,25-Jan-2018,980,CE,0,0,0,234.05,164.45,0,0,0,0,19-DEC-2017,
OPTSTK,GRASIM,25-Jan-2018,1000,CE,0,0,0,216.2,145.55,0,0,0,0,19-DEC-2017,
OPTSTK,GRASIM,25-Jan-2018,1020,CE,0,0,0,198.9,127.2,0,0,0,0,19-DEC-2017,
OPTSTK,GRASIM,25-Jan-2018,1040,CE,0,0,0,182.15,109.65,0,0,0,0,19-DEC-2017,
OPTSTK,GRASIM,25-Jan-2018,1060,CE,0,0,0,166.05,93.05,0,0,0,0,19-DEC-2017,
OPTSTK,GRASIM,25-Jan-2018,1080,CE,0,0,0,150.65,77.75,0,0,0,0,19-DEC-2017,
OPTSTK,GRASIM,25-Jan-2018,1100,CE,0,0,0,136.05,63.75,0,0,0,0,19-DEC-2017,
OPTSTK,GRASIM,25-Jan-2018,1120,CE,0,0,0,122.2,51.35,0,0,0,0,19-DEC-2017,
OPTSTK,GRASIM,25-Jan-2018,1140,CE,0,0,0,40.25,40.6,0,0,6000,0,19-DEC-2017,
OPTSTK,GRASIM,25-Jan-2018,1160,CE,0,0,0,97.15,31.45,0,0,0,0,19-DEC-2017,
OPTSTK,GRASIM,25-Jan-2018,1180,CE,0,0,0,86,23.9,0,0,0,0,19-DEC-2017,
OPTSTK,GRASIM,25-Jan-2018,1200,CE,0,0,0,75.7,17.75,0,0,0,0,19-DEC-2017,
OPTSTK,GRASIM,25-Jan-2018,1220,CE,0,0,0,66.3,13,0,0,0,0,19-DEC-2017,
OPTSTK,GRASIM,25-Jan-2018,1240,CE,0,0,0,57.8,9.3,0,0,0,0,19-DEC-2017,
OPTSTK,GRASIM,25-Jan-2018,1260,CE,0,0,0,50.15,6.5,0,0,0,0,19-DEC-2017,
OPTSTK,GRASIM,25-Jan-2018,1280,CE,0,0,0,43.3,4.5,0,0,0,0,19-DEC-2017,
OPTSTK,GRASIM,25-Jan-2018,1300,CE,0,0,0,37.2,3,0,0,0,0,19-DEC-2017,
OPTSTK,GRASIM,25-Jan-2018,1320,CE,0,0,0,31.8,2,0,0,0,0,19-DEC-2017,
OPTSTK,GRASIM,25-Jan-2018,1340,CE,0,0,0,27.1,1.3,0,0,0,0,19-DEC-2017,
OPTSTK,GRASIM,25-Jan-2018,1360,CE,0,0,0,22.95,0.85,0,0,0,0,19-DEC-2017,
OPTSTK,GRASIM,25-Jan-2018,1380,CE,0,0,0,19.35,0.55,0,0,0,0,19-DEC-2017,
OPTSTK,GRASIM,25-Jan-2018,1400,CE,0,0,0,16.25,0.35,0,0,0,0,19-DEC-2017,
OPTSTK,GRASIM,25-Jan-2018,1420,CE,0,0,0,13.6,0.2,0,0,0,0,19-DEC-2017,
OPTSTK,GRASIM,25-Jan-2018,1440,CE,0,0,0,11.35,0.15,0,0,0,0,19-DEC-2017,
OPTSTK,GRASIM,25-Jan-2018,1460,CE,0,0,0,9.4,0.1,0,0,0,0,19-DEC-2017,
OPTSTK,GRASIM,25-Jan-2018,1480,CE,0,0,0,7.75,0.05,0,0,0,0,19-DEC-2017,
OPTSTK,GRASIM,25-Jan-2018,1500,CE,0,0,0,6.4,0.05,0,0,0,0,19-DEC-2017,
OPTSTK,GRASIM,25-Jan-2018,860,PE,0,0,0,0.5,0.05,0,0,0,0,19-DEC-2017,
OPTSTK,GRASIM,25-Jan-2018,880,PE,0,0,0,0.8,0.05,0,0,0,0,19-DEC-2017,
OPTSTK,GRASIM,25-Jan-2018,900,PE,0,0,0,1.2,0.1,0,0,0,0,19-DEC-2017,
OPTSTK,GRASIM,25-Jan-2018,920,PE,0,0,0,1.8,0.15,0,0,0,0,19-DEC-2017,
OPTSTK,GRASIM,25-Jan-2018,940,PE,0,0,0,2.6,0.3,0,0,0,0,19-DEC-2017,
OPTSTK,GRASIM,25-Jan-2018,960,PE,0,0,0,3.7,0.65,0,0,0,0,19-DEC-2017,
OPTSTK,GRASIM,25-Jan-2018,980,PE,0,0,0,5.15,1.2,0,0,0,0,19-DEC-2017,
OPTSTK,GRASIM,25-Jan-2018,1000,PE,0,0,0,7.05,2.2,0,0,0,0,19-DEC-2017,
OPTSTK,GRASIM,25-Jan-2018,1020,PE,0,0,0,9.4,3.7,0,0,0,0,19-DEC-2017,
OPTSTK,GRASIM,25-Jan-2018,1040,PE,0,0,0,12.35,6,0,0,0,0,19-DEC-2017,
OPTSTK,GRASIM,25-Jan-2018,1060,PE,0,0,0,15.95,9.35,0,0,0,0,19-DEC-2017,
OPTSTK,GRASIM,25-Jan-2018,1080,PE,0,0,0,20.25,13.9,0,0,0,0,19-DEC-2017,
OPTSTK,GRASIM,25-Jan-2018,1100,PE,0,0,0,16,19.75,0,0,3000,0,19-DEC-2017,
OPTSTK,GRASIM,25-Jan-2018,1120,PE,0,0,0,40.1,27.2,0,0,1500,0,19-DEC-2017,
OPTSTK,GRASIM,25-Jan-2018,1140,PE,0,0,0,37.85,36.3,0,0,0,0,19-DEC-2017,
OPTSTK,GRASIM,25-Jan-2018,1160,PE,0,0,0,45.45,47.05,0,0,0,0,19-DEC-2017,
OPTSTK,GRASIM,25-Jan-2018,1180,PE,0,0,0,63.95,59.35,0,0,1500,0,19-DEC-2017,
OPTSTK,GRASIM,25-Jan-2018,1200,PE,0,0,0,63.4,73.1,0,0,0,0,19-DEC-2017,
OPTSTK,GRASIM,25-Jan-2018,1220,PE,0,0,0,73.7,88.2,0,0,0,0,19-DEC-2017,
OPTSTK,GRASIM,25-Jan-2018,1240,PE,0,0,0,84.85,104.35,0,0,0,0,19-DEC-2017,
OPTSTK,GRASIM,25-Jan-2018,1260,PE,0,0,0,96.9,121.45,0,0,0,0,19-DEC-2017,
OPTSTK,GRASIM,25-Jan-2018,1280,PE,0,0,0,109.7,139.3,0,0,0,0,19-DEC-2017,
OPTSTK,GRASIM,25-Jan-2018,1300,PE,0,0,0,123.3,157.7,0,0,0,0,19-DEC-2017,
OPTSTK,GRASIM,25-Jan-2018,1320,PE,0,0,0,137.6,176.55,0,0,0,0,19-DEC-2017,
OPTSTK,GRASIM,25-Jan-2018,1340,PE,0,0,0,152.6,195.75,0,0,0,0,19-DEC-2017,
OPTSTK,GRASIM,25-Jan-2018,1360,PE,0,0,0,168.1,215.15,0,0,0,0,19-DEC-2017,
OPTSTK,GRASIM,25-Jan-2018,1380,PE,0,0,0,184.2,234.7,0,0,0,0,19-DEC-2017,
OPTSTK,GRASIM,25-Jan-2018,1400,PE,0,0,0,200.8,254.35,0,0,0,0,19-DEC-2017,
OPTSTK,GRASIM,25-Jan-2018,1420,PE,0,0,0,217.85,274.1,0,0,0,0,19-DEC-2017,
OPTSTK,GRASIM,25-Jan-2018,1440,PE,0,0,0,235.25,293.9,0,0,0,0,19-DEC-2017,
OPTSTK,GRASIM,25-Jan-2018,1460,PE,0,0,0,253,313.75,0,0,0,0,19-DEC-2017,
OPTSTK,GRASIM,25-Jan-2018,1480,PE,0,0,0,271.05,333.6,0,0,0,0,19-DEC-2017,
OPTSTK,GRASIM,25-Jan-2018,1500,PE,0,0,0,289.35,353.45,0,0,0,0,19-DEC-2017,
OPTSTK,GRASIM,22-Feb-2018,860,CE,0,0,0,322.85,286.85,0,0,0,0,19-DEC-2017,
OPTSTK,GRASIM,22-Feb-2018,880,CE,0,0,0,303.45,267.25,0,0,0,0,19-DEC-2017,
OPTSTK,GRASIM,22-Feb-2018,900,CE,0,0,0,284.15,247.7,0,0,0,0,19-DEC-2017,
OPTSTK,GRASIM,22-Feb-2018,920,CE,0,0,0,265.05,228.4,0,0,0,0,19-DEC-2017,
OPTSTK,GRASIM,22-Feb-2018,940,CE,0,0,0,246.15,209.3,0,0,0,0,19-DEC-2017,
OPTSTK,GRASIM,22-Feb-2018,960,CE,0,0,0,227.65,190.5,0,0,0,0,19-DEC-2017,
OPTSTK,GRASIM,22-Feb-2018,980,CE,0,0,0,209.5,172.2,0,0,0,0,19-DEC-2017,
OPTSTK,GRASIM,22-Feb-2018,1000,CE,0,0,0,191.85,154.4,0,0,0,0,19-DEC-2017,
OPTSTK,GRASIM,22-Feb-2018,1020,CE,0,0,0,174.75,137.35,0,0,0,0,19-DEC-2017,
OPTSTK,GRASIM,22-Feb-2018,1040,CE,0,0,0,158.3,121.1,0,0,0,0,19-DEC-2017,
OPTSTK,GRASIM,22-Feb-2018,1060,CE,0,0,0,142.6,105.8,0,0,0,0,19-DEC-2017,
OPTSTK,GRASIM,22-Feb-2018,1080,CE,0,0,0,127.75,91.55,0,0,0,0,19-DEC-2017,
OPTSTK,GRASIM,22-Feb-2018,1100,CE,0,0,0,113.65,78.45,0,0,0,0,19-DEC-2017,
OPTSTK,GRASIM,22-Feb-2018,1120,CE,0,0,0,100.6,66.55,0,0,0,0,19-DEC-2017,
OPTSTK,GRASIM,22-Feb-2018,1140,CE,0,0,0,88.45,55.85,0,0,0,0,19-DEC-2017,
OPTSTK,GRASIM,22-Feb-2018,1160,CE,0,0,0,77.3,46.4,0,0,0,0,19-DEC-2017,
OPTSTK,GRASIM,22-Feb-2018,1180,CE,0,0,0,67.15,38.15,0,0,0,0,19-DEC-2017,
OPTSTK,GRASIM,22-Feb-2018,1200,CE,0,0,0,57.95,31.05,0,0,0,0,19-DEC-2017,
OPTSTK,GRASIM,22-Feb-2018,1220,CE,0,0,0,49.75,25,0,0,0,0,19-DEC-2017,
OPTSTK,GRASIM,22-Feb-2018,1240,CE,0,0,0,42.4,20,0,0,0,0,19-DEC-2017,
OPTSTK,GRASIM,22-Feb-2018,1260,CE,0,0,0,35.95,15.75,0,0,0,0,19-DEC-2017,
OPTSTK,GRASIM,22-Feb-2018,1280,CE,0,0,0,30.3,12.35,0,0,0,0,19-DEC-2017,
OPTSTK,GRASIM,22-Feb-2018,1300,CE,0,0,0,25.45,9.55,0,0,0,0,19-DEC-2017,
OPTSTK,GRASIM,22-Feb-2018,1320,CE,0,0,0,21.15,7.3,0,0,0,0,19-DEC-2017,
OPTSTK,GRASIM,22-Feb-2018,1340,CE,0,0,0,17.5,5.55,0,0,0,0,19-DEC-2017,
OPTSTK,GRASIM,22-Feb-2018,1360,CE,0,0,0,14.45,4.2,0,0,0,0,19-DEC-2017,
OPTSTK,GRASIM,22-Feb-2018,1380,CE,0,0,0,11.85,3.1,0,0,0,0,19-DEC-2017,
OPTSTK,GRASIM,22-Feb-2018,1400,CE,0,0,0,9.65,2.3,0,0,0,0,19-DEC-2017,
OPTSTK,GRASIM,22-Feb-2018,1420,CE,0,0,0,7.8,1.7,0,0,0,0,19-DEC-2017,
OPTSTK,GRASIM,22-Feb-2018,1440,CE,0,0,0,6.3,1.25,0,0,0,0,19-DEC-2017,
OPTSTK,GRASIM,22-Feb-2018,1460,CE,0,0,0,5.05,0.9,0,0,0,0,19-DEC-2017,
OPTSTK,GRASIM,22-Feb-2018,1480,CE,0,0,0,4.05,0.65,0,0,0,0,19-DEC-2017,
OPTSTK,GRASIM,22-Feb-2018,1500,CE,0,0,0,3.2,0.45,0,0,0,0,19-DEC-2017,
OPTSTK,GRASIM,22-Feb-2018,860,PE,0,0,0,0.45,0.2,0,0,0,0,19-DEC-2017,
OPTSTK,GRASIM,22-Feb-2018,880,PE,0,0,0,0.7,0.35,0,0,0,0,19-DEC-2017,
OPTSTK,GRASIM,22-Feb-2018,900,PE,0,0,0,1.1,0.6,0,0,0,0,19-DEC-2017,
OPTSTK,GRASIM,22-Feb-2018,920,PE,0,0,0,1.7,1.05,0,0,0,0,19-DEC-2017,
OPTSTK,GRASIM,22-Feb-2018,940,PE,0,0,0,2.55,1.7,0,0,0,0,19-DEC-2017,
OPTSTK,GRASIM,22-Feb-2018,960,PE,0,0,0,3.75,2.7,0,0,0,0,19-DEC-2017,
OPTSTK,GRASIM,22-Feb-2018,980,PE,0,0,0,5.3,4.15,0,0,0,0,19-DEC-2017,
OPTSTK,GRASIM,22-Feb-2018,1000,PE,0,0,0,7.35,6.15,0,0,0,0,19-DEC-2017,
OPTSTK,GRASIM,22-Feb-2018,1020,PE,0,0,0,10,8.85,0,0,0,0,19-DEC-2017,
OPTSTK,GRASIM,22-Feb-2018,1040,PE,0,0,0,13.25,12.4,0,0,0,0,19-DEC-2017,
OPTSTK,GRASIM,22-Feb-2018,1060,PE,0,0,0,17.25,16.85,0,0,0,0,19-DEC-2017,
OPTSTK,GRASIM,22-Feb-2018,1080,PE,0,0,0,22.1,22.35,0,0,0,0,19-DEC-2017,
OPTSTK,GRASIM,22-Feb-2018,1100,PE,0,0,0,27.75,29.05,0,0,0,0,19-DEC-2017,
OPTSTK,GRASIM,22-Feb-2018,1120,PE,0,0,0,34.35,36.9,0,0,0,0,19-DEC-2017,
OPTSTK,GRASIM,22-Feb-2018,1140,PE,0,0,0,41.95,46,0,0,0,0,19-DEC-2017,
OPTSTK,GRASIM,22-Feb-2018,1160,PE,0,0,0,50.5,56.35,0,0,0,0,19-DEC-2017,
OPTSTK,GRASIM,22-Feb-2018,1180,PE,0,0,0,60.05,67.85,0,0,0,0,19-DEC-2017,
OPTSTK,GRASIM,22-Feb-2018,1200,PE,0,0,0,70.6,80.55,0,0,0,0,19-DEC-2017,
OPTSTK,GRASIM,22-Feb-2018,1220,PE,0,0,0,82.05,94.25,0,0,0,0,19-DEC-2017,
OPTSTK,GRASIM,22-Feb-2018,1240,PE,0,0,0,94.45,109,0,0,0,0,19-DEC-2017,
OPTSTK,GRASIM,22-Feb-2018,1260,PE,0,0,0,107.7,124.55,0,0,0,0,19-DEC-2017,
OPTSTK,GRASIM,22-Feb-2018,1280,PE,0,0,0,121.7,140.9,0,0,0,0,19-DEC-2017,
OPTSTK,GRASIM,22-Feb-2018,1300,PE,0,0,0,136.6,157.85,0,0,0,0,19-DEC-2017,
OPTSTK,GRASIM,22-Feb-2018,1320,PE,0,0,0,152,175.4,0,0,0,0,19-DEC-2017,
OPTSTK,GRASIM,22-Feb-2018,1340,PE,0,0,0,168.1,193.45,0,0,0,0,19-DEC-2017,
OPTSTK,GRASIM,22-Feb-2018,1360,PE,0,0,0,184.7,211.85,0,0,0,0,19-DEC-2017,
OPTSTK,GRASIM,22-Feb-2018,1380,PE,0,0,0,201.8,230.55,0,0,0,0,19-DEC-2017,
OPTSTK,GRASIM,22-Feb-2018,1400,PE,0,0,0,219.35,249.5,0,0,0,0,19-DEC-2017,
OPTSTK,GRASIM,22-Feb-2018,1420,PE,0,0,0,237.2,268.65,0,0,0,0,19-DEC-2017,
OPTSTK,GRASIM,22-Feb-2018,1440,PE,0,0,0,255.4,287.95,0,0,0,0,19-DEC-2017,
OPTSTK,GRASIM,22-Feb-2018,1460,PE,0,0,0,273.9,307.4,0,0,0,0,19-DEC-2017,
OPTSTK,GRASIM,22-Feb-2018,1480,PE,0,0,0,292.6,326.9,0,0,0,0,19-DEC-2017,
OPTSTK,GRASIM,22-Feb-2018,1500,PE,0,0,0,311.45,346.5,0,0,0,0,19-DEC-2017,
OPTSTK,GSFC,28-Dec-2017,95,CE,0,0,0,34.3,51.1,0,0,0,0,19-DEC-2017,
OPTSTK,GSFC,28-Dec-2017,100,CE,0,0,0,30.3,46.15,0,0,0,0,19-DEC-2017,
OPTSTK,GSFC,28-Dec-2017,105,CE,0,0,0,26.55,41.15,0,0,0,0,19-DEC-2017,
OPTSTK,GSFC,28-Dec-2017,110,CE,0,0,0,23.1,36.15,0,0,0,0,19-DEC-2017,
OPTSTK,GSFC,28-Dec-2017,115,CE,0,0,0,19.95,31.15,0,0,0,0,19-DEC-2017,
OPTSTK,GSFC,28-Dec-2017,120,CE,0,0,0,17.1,26.15,0,0,0,0,19-DEC-2017,
OPTSTK,GSFC,28-Dec-2017,125,CE,0,0,0,14.6,21.2,0,0,0,0,19-DEC-2017,
OPTSTK,GSFC,28-Dec-2017,130,CE,15.5,15.5,15.5,15.5,15.5,1,6.54,4500,0,19-DEC-2017,
OPTSTK,GSFC,28-Dec-2017,135,CE,10.05,12.35,10.05,12.1,12.1,19,125.34,58500,-58500,19-DEC-2017,
OPTSTK,GSFC,28-Dec-2017,140,CE,6,7.7,5.4,7.45,7.45,122,807.09,216000,-67500,19-DEC-2017,
OPTSTK,GSFC,28-Dec-2017,145,CE,3.4,4.65,3.05,4.25,4.25,406,2723.43,697500,-112500,19-DEC-2017,
OPTSTK,GSFC,28-Dec-2017,150,CE,1.8,2.8,1.65,2.2,2.2,532,3646.11,1035000,-40500,19-DEC-2017,
OPTSTK,GSFC,28-Dec-2017,155,CE,1,1.6,1,1.15,1.15,158,1111.34,396000,0,19-DEC-2017,
OPTSTK,GSFC,28-Dec-2017,160,CE,0.55,0.85,0.55,0.7,0.7,79,571.37,576000,-22500,19-DEC-2017,
OPTSTK,GSFC,28-Dec-2017,165,CE,0.55,0.6,0.35,0.4,0.4,12,89.33,94500,9000,19-DEC-2017,
OPTSTK,GSFC,28-Dec-2017,170,CE,0.3,0.3,0.2,0.2,0.2,4,30.64,126000,-4500,19-DEC-2017,
OPTSTK,GSFC,28-Dec-2017,175,CE,0.2,0.2,0.2,0.2,0.2,2,15.76,22500,-9000,19-DEC-2017,
OPTSTK,GSFC,28-Dec-2017,180,CE,0,0,0,1.85,0,0,0,0,0,19-DEC-2017,
OPTSTK,GSFC,28-Dec-2017,185,CE,0,0,0,1,0,0,0,13500,0,19-DEC-2017,
OPTSTK,GSFC,28-Dec-2017,190,CE,0,0,0,0.9,0,0,0,0,0,19-DEC-2017,
OPTSTK,GSFC,28-Dec-2017,195,CE,0,0,0,2.9,0,0,0,4500,0,19-DEC-2017,
OPTSTK,GSFC,28-Dec-2017,95,PE,0,0,0,1.9,0,0,0,0,0,19-DEC-2017,
OPTSTK,GSFC,28-Dec-2017,100,PE,0,0,0,2.8,0,0,0,0,0,19-DEC-2017,
OPTSTK,GSFC,28-Dec-2017,105,PE,0,0,0,3.95,0,0,0,0,0,19-DEC-2017,
OPTSTK,GSFC,28-Dec-2017,110,PE,0,0,0,0.15,0,0,0,13500,0,19-DEC-2017,
OPTSTK,GSFC,28-Dec-2017,115,PE,0,0,0,1.85,0,0,0,9000,0,19-DEC-2017,
OPTSTK,GSFC,28-Dec-2017,120,PE,0.15,0.15,0.1,0.1,0.1,12,64.85,54000,-54000,19-DEC-2017,
OPTSTK,GSFC,28-Dec-2017,125,PE,0.2,0.2,0.2,0.2,0.2,1,5.63,49500,-4500,19-DEC-2017,
OPTSTK,GSFC,28-Dec-2017,130,PE,0.4,0.4,0.2,0.2,0.2,20,117.27,148500,-9000,19-DEC-2017,
OPTSTK,GSFC,28-Dec-2017,135,PE,1.3,1.3,0.45,0.5,0.5,34,207.57,135000,-4500,19-DEC-2017,
OPTSTK,GSFC,28-Dec-2017,140,PE,2.45,2.6,0.95,1.05,1.05,131,834.06,252000,81000,19-DEC-2017,
OPTSTK,GSFC,28-Dec-2017,145,PE,4.6,4.6,2.6,2.7,2.7,36,240,135000,81000,19-DEC-2017,
OPTSTK,GSFC,28-Dec-2017,150,PE,6,6,5.85,5.85,5.85,12,84.19,400500,54000,19-DEC-2017,
OPTSTK,GSFC,28-Dec-2017,155,PE,0,0,0,20.45,10,0,0,4500,0,19-DEC-2017,
OPTSTK,GSFC,28-Dec-2017,160,PE,0,0,0,17,14.3,0,0,4500,0,19-DEC-2017,
OPTSTK,GSFC,28-Dec-2017,165,PE,0,0,0,39.85,19,0,0,0,0,19-DEC-2017,
OPTSTK,GSFC,28-Dec-2017,170,PE,0,0,0,25.05,23.85,0,0,13500,0,19-DEC-2017,
OPTSTK,GSFC,28-Dec-2017,175,PE,0,0,0,32.25,28.8,0,0,9000,0,19-DEC-2017,
OPTSTK,GSFC,28-Dec-2017,180,PE,0,0,0,53.1,33.8,0,0,0,0,19-DEC-2017,
OPTSTK,GSFC,28-Dec-2017,185,PE,0,0,0,57.65,38.8,0,0,0,0,19-DEC-2017,
OPTSTK,GSFC,28-Dec-2017,190,PE,0,0,0,60.65,43.75,0,0,0,0,19-DEC-2017,
OPTSTK,GSFC,28-Dec-2017,195,PE,0,0,0,60.05,48.75,0,0,0,0,19-DEC-2017,
OPTSTK,GSFC,25-Jan-2018,95,CE,0,0,0,62,51.6,0,0,0,0,19-DEC-2017,
OPTSTK,GSFC,25-Jan-2018,100,CE,0,0,0,57.2,46.65,0,0,0,0,19-DEC-2017,
OPTSTK,GSFC,25-Jan-2018,105,CE,0,0,0,52.45,41.7,0,0,0,0,19-DEC-2017,
OPTSTK,GSFC,25-Jan-2018,110,CE,0,0,0,47.85,36.8,0,0,0,0,19-DEC-2017,
OPTSTK,GSFC,25-Jan-2018,115,CE,0,0,0,43.35,32.05,0,0,0,0,19-DEC-2017,
OPTSTK,GSFC,25-Jan-2018,120,CE,0,0,0,39,27.4,0,0,0,0,19-DEC-2017,
OPTSTK,GSFC,25-Jan-2018,125,CE,0,0,0,34.9,23,0,0,0,0,19-DEC-2017,
OPTSTK,GSFC,25-Jan-2018,130,CE,0,0,0,31,18.9,0,0,0,0,19-DEC-2017,
OPTSTK,GSFC,25-Jan-2018,135,CE,0,0,0,27.35,15.2,0,0,0,0,19-DEC-2017,
OPTSTK,GSFC,25-Jan-2018,140,CE,0,0,0,23.95,11.95,0,0,0,0,19-DEC-2017,
OPTSTK,GSFC,25-Jan-2018,145,CE,0,0,0,7.05,9.2,0,0,4500,0,19-DEC-2017,
OPTSTK,GSFC,25-Jan-2018,150,CE,0,0,0,5.6,6.9,0,0,4500,0,19-DEC-2017,
OPTSTK,GSFC,25-Jan-2018,155,CE,6,6,6,6,6,1,7.24,4500,4500,19-DEC-2017,
OPTSTK,GSFC,25-Jan-2018,160,CE,0,0,0,13.25,3.65,0,0,0,0,19-DEC-2017,
OPTSTK,GSFC,25-Jan-2018,165,CE,0,0,0,11.25,2.55,0,0,0,0,19-DEC-2017,
OPTSTK,GSFC,25-Jan-2018,170,CE,0,0,0,9.5,1.75,0,0,0,0,19-DEC-2017,
OPTSTK,GSFC,25-Jan-2018,175,CE,0,0,0,8,1.2,0,0,0,0,19-DEC-2017,
OPTSTK,GSFC,25-Jan-2018,180,CE,0,0,0,6.7,0.8,0,0,0,0,19-DEC-2017,
OPTSTK,GSFC,25-Jan-2018,185,CE,0,0,0,5.6,0.55,0,0,0,0,19-DEC-2017,
OPTSTK,GSFC,25-Jan-2018,190,CE,0,0,0,4.6,0.35,0,0,0,0,19-DEC-2017,
OPTSTK,GSFC,25-Jan-2018,195,CE,0,0,0,3.8,0.2,0,0,0,0,19-DEC-2017,
OPTSTK,GSFC,25-Jan-2018,95,PE,0,0,0,0.15,0,0,0,0,0,19-DEC-2017,
OPTSTK,GSFC,25-Jan-2018,100,PE,0,0,0,0.25,0.05,0,0,0,0,19-DEC-2017,
OPTSTK,GSFC,25-Jan-2018,105,PE,0,0,0,0.45,0.05,0,0,0,0,19-DEC-2017,
OPTSTK,GSFC,25-Jan-2018,110,PE,0,0,0,0.75,0.15,0,0,0,0,19-DEC-2017,
OPTSTK,GSFC,25-Jan-2018,115,PE,0,0,0,1.2,0.35,0,0,0,0,19-DEC-2017,
OPTSTK,GSFC,25-Jan-2018,120,PE,0,0,0,1.75,0.65,0,0,0,0,19-DEC-2017,
OPTSTK,GSFC,25-Jan-2018,125,PE,0,0,0,2.55,1.25,0,0,0,0,19-DEC-2017,
OPTSTK,GSFC,25-Jan-2018,130,PE,0,0,0,3.6,2.1,0,0,0,0,19-DEC-2017,
OPTSTK,GSFC,25-Jan-2018,135,PE,0,0,0,5,3.4,0,0,9000,0,19-DEC-2017,
OPTSTK,GSFC,25-Jan-2018,140,PE,4.2,4.2,4.2,4.2,4.2,1,6.48,4500,4500,19-DEC-2017,
OPTSTK,GSFC,25-Jan-2018,145,PE,0,0,0,7.1,7.3,0,0,4500,0,19-DEC-2017,
OPTSTK,GSFC,25-Jan-2018,150,PE,0,0,0,10.3,10,0,0,0,0,19-DEC-2017,
OPTSTK,GSFC,25-Jan-2018,155,PE,0,0,0,12.7,13.1,0,0,0,0,19-DEC-2017,
OPTSTK,GSFC,25-Jan-2018,160,PE,0,0,0,15.4,16.65,0,0,0,0,19-DEC-2017,
OPTSTK,GSFC,25-Jan-2018,165,PE,0,0,0,18.3,20.55,0,0,0,0,19-DEC-2017,
OPTSTK,GSFC,25-Jan-2018,170,PE,0,0,0,21.5,24.7,0,0,0,0,19-DEC-2017,
OPTSTK,GSFC,25-Jan-2018,175,PE,0,0,0,24.9,29.1,0,0,0,0,19-DEC-2017,
OPTSTK,GSFC,25-Jan-2018,180,PE,0,0,0,28.5,33.7,0,0,0,0,19-DEC-2017,
OPTSTK,GSFC,25-Jan-2018,185,PE,0,0,0,32.35,38.35,0,0,0,0,19-DEC-2017,
OPTSTK,GSFC,25-Jan-2018,190,PE,0,0,0,36.3,43.15,0,0,0,0,19-DEC-2017,
OPTSTK,GSFC,25-Jan-2018,195,PE,0,0,0,40.4,48,0,0,0,0,19-DEC-2017,
OPTSTK,GSFC,22-Feb-2018,95,CE,0,0,0,46.8,52.1,0,0,0,0,19-DEC-2017,
OPTSTK,GSFC,22-Feb-2018,100,CE,0,0,0,42.15,47.25,0,0,0,0,19-DEC-2017,
OPTSTK,GSFC,22-Feb-2018,105,CE,0,0,0,37.55,42.5,0,0,0,0,19-DEC-2017,
OPTSTK,GSFC,22-Feb-2018,110,CE,0,0,0,33.2,37.8,0,0,0,0,19-DEC-2017,
OPTSTK,GSFC,22-Feb-2018,115,CE,0,0,0,29.05,33.3,0,0,0,0,19-DEC-2017,
OPTSTK,GSFC,22-Feb-2018,120,CE,0,0,0,25.2,29,0,0,0,0,19-DEC-2017,
OPTSTK,GSFC,22-Feb-2018,125,CE,0,0,0,21.6,25,0,0,0,0,19-DEC-2017,
OPTSTK,GSFC,22-Feb-2018,130,CE,0,0,0,18.35,21.25,0,0,0,0,19-DEC-2017,
OPTSTK,GSFC,22-Feb-2018,135,CE,0,0,0,15.45,17.9,0,0,0,0,19-DEC-2017,
OPTSTK,GSFC,22-Feb-2018,140,CE,0,0,0,12.9,14.85,0,0,0,0,19-DEC-2017,
OPTSTK,GSFC,22-Feb-2018,145,CE,0,0,0,10.65,12.2,0,0,0,0,19-DEC-2017,
OPTSTK,GSFC,22-Feb-2018,150,CE,0,0,0,8.7,9.9,0,0,0,0,19-DEC-2017,
OPTSTK,GSFC,22-Feb-2018,155,CE,0,0,0,7.1,7.95,0,0,0,0,19-DEC-2017,
OPTSTK,GSFC,22-Feb-2018,160,CE,0,0,0,5.7,6.3,0,0,0,0,19-DEC-2017,
OPTSTK,GSFC,22-Feb-2018,165,CE,0,0,0,4.6,4.95,0,0,0,0,19-DEC-2017,
OPTSTK,GSFC,22-Feb-2018,170,CE,0,0,0,3.65,3.85,0,0,0,0,19-DEC-2017,
OPTSTK,GSFC,22-Feb-2018,175,CE,0,0,0,2.85,3,0,0,0,0,19-DEC-2017,
OPTSTK,GSFC,22-Feb-2018,180,CE,0,0,0,2.25,2.3,0,0,0,0,19-DEC-2017,
OPTSTK,GSFC,22-Feb-2018,185,CE,0,0,0,1.75,1.75,0,0,0,0,19-DEC-2017,
OPTSTK,GSFC,22-Feb-2018,190,CE,0,0,0,1.35,1.3,0,0,0,0,19-DEC-2017,
OPTSTK,GSFC,22-Feb-2018,195,CE,0,0,0,1.05,1,0,0,0,0,19-DEC-2017,
OPTSTK,GSFC,22-Feb-2018,95,PE,0,0,0,0.3,0.1,0,0,0,0,19-DEC-2017,
OPTSTK,GSFC,22-Feb-2018,100,PE,0,0,0,0.5,0.2,0,0,0,0,19-DEC-2017,
OPTSTK,GSFC,22-Feb-2018,105,PE,0,0,0,0.9,0.35,0,0,0,0,19-DEC-2017,
OPTSTK,GSFC,22-Feb-2018,110,PE,0,0,0,1.45,0.6,0,0,0,0,19-DEC-2017,
OPTSTK,GSFC,22-Feb-2018,115,PE,0,0,0,2.25,1.05,0,0,0,0,19-DEC-2017,
OPTSTK,GSFC,22-Feb-2018,120,PE,0,0,0,3.3,1.7,0,0,0,0,19-DEC-2017,
OPTSTK,GSFC,22-Feb-2018,125,PE,0,0,0,4.65,2.6,0,0,0,0,19-DEC-2017,
OPTSTK,GSFC,22-Feb-2018,130,PE,0,0,0,6.3,3.85,0,0,0,0,19-DEC-2017,
OPTSTK,GSFC,22-Feb-2018,135,PE,0,0,0,8.35,5.4,0,0,0,0,19-DEC-2017,
OPTSTK,GSFC,22-Feb-2018,140,PE,0,0,0,10.7,7.3,0,0,0,0,19-DEC-2017,
OPTSTK,GSFC,22-Feb-2018,145,PE,0,0,0,13.4,9.6,0,0,0,0,19-DEC-2017,
OPTSTK,GSFC,22-Feb-2018,150,PE,0,0,0,16.4,12.25,0,0,0,0,19-DEC-2017,
OPTSTK,GSFC,22-Feb-2018,155,PE,0,0,0,19.65,15.2,0,0,0,0,19-DEC-2017,
OPTSTK,GSFC,22-Feb-2018,160,PE,0,0,0,23.25,18.55,0,0,0,0,19-DEC-2017,
OPTSTK,GSFC,22-Feb-2018,165,PE,0,0,0,27,22.15,0,0,0,0,19-DEC-2017,
OPTSTK,GSFC,22-Feb-2018,170,PE,0,0,0,31,26,0,0,0,0,19-DEC-2017,
OPTSTK,GSFC,22-Feb-2018,175,PE,0,0,0,35.15,30.05,0,0,0,0,19-DEC-2017,
OPTSTK,GSFC,22-Feb-2018,180,PE,0,0,0,39.5,34.3,0,0,0,0,19-DEC-2017,
OPTSTK,GSFC,22-Feb-2018,185,PE,0,0,0,43.9,38.7,0,0,0,0,19-DEC-2017,
OPTSTK,GSFC,22-Feb-2018,190,PE,0,0,0,48.45,43.2,0,0,0,0,19-DEC-2017,
OPTSTK,GSFC,22-Feb-2018,195,PE,0,0,0,53.05,47.8,0,0,0,0,19-DEC-2017,
OPTSTK,HAVELLS,28-Dec-2017,300,CE,0,0,0,176.75,254.45,0,0,0,0,19-DEC-2017,
OPTSTK,HAVELLS,28-Dec-2017,310,CE,0,0,0,166.95,244.45,0,0,0,0,19-DEC-2017,
OPTSTK,HAVELLS,28-Dec-2017,320,CE,0,0,0,157.15,234.45,0,0,0,0,19-DEC-2017,
OPTSTK,HAVELLS,28-Dec-2017,330,CE,0,0,0,147.35,224.5,0,0,0,0,19-DEC-2017,
OPTSTK,HAVELLS,28-Dec-2017,340,CE,0,0,0,137.65,214.5,0,0,0,0,19-DEC-2017,
OPTSTK,HAVELLS,28-Dec-2017,350,CE,0,0,0,127.95,204.5,0,0,0,0,19-DEC-2017,
OPTSTK,HAVELLS,28-Dec-2017,360,CE,0,0,0,156.5,194.55,0,0,2000,0,19-DEC-2017,
OPTSTK,HAVELLS,28-Dec-2017,370,CE,0,0,0,109.05,184.55,0,0,0,0,19-DEC-2017,
OPTSTK,HAVELLS,28-Dec-2017,380,CE,0,0,0,99.8,174.55,0,0,0,0,19-DEC-2017,
OPTSTK,HAVELLS,28-Dec-2017,390,CE,0,0,0,90.85,164.6,0,0,0,0,19-DEC-2017,
OPTSTK,HAVELLS,28-Dec-2017,400,CE,0,0,0,82.15,154.6,0,0,0,0,19-DEC-2017,
OPTSTK,HAVELLS,28-Dec-2017,410,CE,0,0,0,73.8,144.6,0,0,0,0,19-DEC-2017,
OPTSTK,HAVELLS,28-Dec-2017,420,CE,0,0,0,65.9,134.6,0,0,0,0,19-DEC-2017,
OPTSTK,HAVELLS,28-Dec-2017,430,CE,0,0,0,58.4,124.65,0,0,0,0,19-DEC-2017,
OPTSTK,HAVELLS,28-Dec-2017,440,CE,0,0,0,51.4,114.65,0,0,0,0,19-DEC-2017,
OPTSTK,HAVELLS,28-Dec-2017,450,CE,0,0,0,44.9,104.65,0,0,0,0,19-DEC-2017,
OPTSTK,HAVELLS,28-Dec-2017,460,CE,0,0,0,38.95,94.7,0,0,0,0,19-DEC-2017,
OPTSTK,HAVELLS,28-Dec-2017,470,CE,0,0,0,33.55,84.7,0,0,0,0,19-DEC-2017,
OPTSTK,HAVELLS,28-Dec-2017,480,CE,0,0,0,43,74.75,0,0,4000,0,19-DEC-2017,
OPTSTK,HAVELLS,28-Dec-2017,490,CE,0,0,0,32,64.8,0,0,4000,0,19-DEC-2017,
OPTSTK,HAVELLS,28-Dec-2017,500,CE,52.85,52.85,52.85,52.85,52.85,1,11.05,22000,-2000,19-DEC-2017,
OPTSTK,HAVELLS,28-Dec-2017,510,CE,0,0,0,33,45.2,0,0,18000,0,19-DEC-2017,
OPTSTK,HAVELLS,28-Dec-2017,520,CE,36,36,36,36,36,1,11.12,62000,-2000,19-DEC-2017,
OPTSTK,HAVELLS,28-Dec-2017,530,CE,27,27.25,25,27.25,27.25,8,88.93,58000,-8000,19-DEC-2017,
OPTSTK,HAVELLS,28-Dec-2017,540,CE,18.25,20,16.25,19.9,19.9,14,156.27,70000,-8000,19-DEC-2017,
OPTSTK,HAVELLS,28-Dec-2017,550,CE,13.35,13.8,11.5,13.45,13.45,65,731.48,126000,6000,19-DEC-2017,
OPTSTK,HAVELLS,28-Dec-2017,560,CE,9.7,9.9,7.05,8.75,8.75,286,3250.07,438000,70000,19-DEC-2017,
OPTSTK,HAVELLS,28-Dec-2017,570,CE,5.9,5.9,4.05,5.3,5.3,112,1287.59,170000,14000,19-DEC-2017,
OPTSTK,HAVELLS,28-Dec-2017,580,CE,3.55,3.55,2.2,3.05,3.05,53,617.76,150000,8000,19-DEC-2017,
OPTSTK,HAVELLS,28-Dec-2017,590,CE,1.75,1.75,1.4,1.65,1.65,5,59.16,36000,8000,19-DEC-2017,
OPTSTK,HAVELLS,28-Dec-2017,600,CE,1.1,1.2,0.8,1,1,28,336.53,116000,-16000,19-DEC-2017,
OPTSTK,HAVELLS,28-Dec-2017,610,CE,0.65,0.65,0.6,0.65,0.65,3,36.63,6000,-2000,19-DEC-2017,
OPTSTK,HAVELLS,28-Dec-2017,620,CE,0,0,0,1.65,0.15,0,0,0,0,19-DEC-2017,
OPTSTK,HAVELLS,28-Dec-2017,630,CE,0,0,0,0.7,0.05,0,0,2000,0,19-DEC-2017,
OPTSTK,HAVELLS,28-Dec-2017,640,CE,0,0,0,0.25,0.05,0,0,2000,0,19-DEC-2017,
OPTSTK,HAVELLS,28-Dec-2017,650,CE,0,0,0,0.75,0,0,0,0,0,19-DEC-2017,
OPTSTK,HAVELLS,28-Dec-2017,660,CE,0,0,0,0.6,0,0,0,0,0,19-DEC-2017,
OPTSTK,HAVELLS,28-Dec-2017,300,PE,0,0,0,0.05,0,0,0,0,0,19-DEC-2017,
OPTSTK,HAVELLS,28-Dec-2017,310,PE,0,0,0,0.05,0,0,0,0,0,19-DEC-2017,
OPTSTK,HAVELLS,28-Dec-2017,320,PE,0,0,0,0.1,0,0,0,0,0,19-DEC-2017,
OPTSTK,HAVELLS,28-Dec-2017,330,PE,0,0,0,0.15,0,0,0,0,0,19-DEC-2017,
OPTSTK,HAVELLS,28-Dec-2017,340,PE,0,0,0,0.3,0,0,0,0,0,19-DEC-2017,
OPTSTK,HAVELLS,28-Dec-2017,350,PE,0,0,0,0.5,0,0,0,0,0,19-DEC-2017,
OPTSTK,HAVELLS,28-Dec-2017,360,PE,0,0,0,0.8,0,0,0,0,0,19-DEC-2017,
OPTSTK,HAVELLS,28-Dec-2017,370,PE,0,0,0,1.2,0,0,0,0,0,19-DEC-2017,
OPTSTK,HAVELLS,28-Dec-2017,380,PE,0,0,0,1.85,0,0,0,0,0,19-DEC-2017,
OPTSTK,HAVELLS,28-Dec-2017,390,PE,0,0,0,2.7,0,0,0,0,0,19-DEC-2017,
OPTSTK,HAVELLS,28-Dec-2017,400,PE,0,0,0,3.9,0,0,0,0,0,19-DEC-2017,
OPTSTK,HAVELLS,28-Dec-2017,410,PE,0,0,0,5.4,0,0,0,0,0,19-DEC-2017,
OPTSTK,HAVELLS,28-Dec-2017,420,PE,0,0,0,7.3,0,0,0,0,0,19-DEC-2017,
OPTSTK,HAVELLS,28-Dec-2017,430,PE,0,0,0,9.65,0,0,0,0,0,19-DEC-2017,
OPTSTK,HAVELLS,28-Dec-2017,440,PE,0,0,0,2.2,0,0,0,4000,0,19-DEC-2017,
OPTSTK,HAVELLS,28-Dec-2017,450,PE,0,0,0,2.95,0,0,0,4000,0,19-DEC-2017,
OPTSTK,HAVELLS,28-Dec-2017,460,PE,0,0,0,1.6,0,0,0,10000,0,19-DEC-2017,
OPTSTK,HAVELLS,28-Dec-2017,470,PE,0,0,0,0.5,0,0,0,14000,0,19-DEC-2017,
OPTSTK,HAVELLS,28-Dec-2017,480,PE,0,0,0,0.3,0.05,0,0,36000,0,19-DEC-2017,
OPTSTK,HAVELLS,28-Dec-2017,490,PE,0,0,0,0.5,0.05,0,0,32000,0,19-DEC-2017,
OPTSTK,HAVELLS,28-Dec-2017,500,PE,0.5,0.6,0.5,0.55,0.55,8,80.08,98000,8000,19-DEC-2017,
OPTSTK,HAVELLS,28-Dec-2017,510,PE,1.65,1.65,0.75,0.8,0.8,6,61.31,46000,0,19-DEC-2017,
OPTSTK,HAVELLS,28-Dec-2017,520,PE,1.8,1.9,1.15,1.55,1.55,30,312.99,138000,4000,19-DEC-2017,
OPTSTK,HAVELLS,28-Dec-2017,530,PE,3.1,3.6,2.15,2.35,2.35,25,266.4,74000,14000,19-DEC-2017,
OPTSTK,HAVELLS,28-Dec-2017,540,PE,6.85,6.85,4.35,4.5,4.5,48,523.79,130000,28000,19-DEC-2017,
OPTSTK,HAVELLS,28-Dec-2017,550,PE,9.8,10.65,8,8,8,36,402.96,74000,10000,19-DEC-2017,
OPTSTK,HAVELLS,28-Dec-2017,560,PE,14.7,14.9,14.1,14.65,14.65,5,57.46,14000,-2000,19-DEC-2017,
OPTSTK,HAVELLS,28-Dec-2017,570,PE,0,0,0,22.7,20.15,0,0,4000,0,19-DEC-2017,
OPTSTK,HAVELLS,28-Dec-2017,580,PE,0,0,0,29.9,27.9,0,0,8000,0,19-DEC-2017,
OPTSTK,HAVELLS,28-Dec-2017,590,PE,0,0,0,112.1,36.55,0,0,0,0,19-DEC-2017,
OPTSTK,HAVELLS,28-Dec-2017,600,PE,0,0,0,121.25,45.8,0,0,0,0,19-DEC-2017,
OPTSTK,HAVELLS,28-Dec-2017,610,PE,0,0,0,130.55,55.4,0,0,0,0,19-DEC-2017,
OPTSTK,HAVELLS,28-Dec-2017,620,PE,0,0,0,139.95,65.2,0,0,0,0,19-DEC-2017,
OPTSTK,HAVELLS,28-Dec-2017,630,PE,0,0,0,149.4,75.15,0,0,0,0,19-DEC-2017,
OPTSTK,HAVELLS,28-Dec-2017,640,PE,0,0,0,159,85.1,0,0,0,0,19-DEC-2017,
OPTSTK,HAVELLS,28-Dec-2017,650,PE,0,0,0,168.6,95.05,0,0,0,0,19-DEC-2017,
OPTSTK,HAVELLS,28-Dec-2017,660,PE,0,0,0,178.3,105.05,0,0,0,0,19-DEC-2017,
OPTSTK,HAVELLS,25-Jan-2018,300,CE,0,0,0,189.35,255.9,0,0,0,0,19-DEC-2017,
OPTSTK,HAVELLS,25-Jan-2018,310,CE,0,0,0,179.7,246,0,0,0,0,19-DEC-2017,
OPTSTK,HAVELLS,25-Jan-2018,320,CE,0,0,0,170.2,236.05,0,0,0,0,19-DEC-2017,
OPTSTK,HAVELLS,25-Jan-2018,330,CE,0,0,0,160.75,226.1,0,0,0,0,19-DEC-2017,
OPTSTK,HAVELLS,25-Jan-2018,340,CE,0,0,0,151.45,216.2,0,0,0,0,19-DEC-2017,
OPTSTK,HAVELLS,25-Jan-2018,350,CE,0,0,0,142.3,206.25,0,0,0,0,19-DEC-2017,
OPTSTK,HAVELLS,25-Jan-2018,360,CE,0,0,0,133.35,196.3,0,0,0,0,19-DEC-2017,
OPTSTK,HAVELLS,25-Jan-2018,370,CE,0,0,0,124.65,186.4,0,0,0,0,19-DEC-2017,
OPTSTK,HAVELLS,25-Jan-2018,380,CE,0,0,0,116.15,176.45,0,0,0,0,19-DEC-2017,
OPTSTK,HAVELLS,25-Jan-2018,390,CE,0,0,0,107.9,166.5,0,0,0,0,19-DEC-2017,
OPTSTK,HAVELLS,25-Jan-2018,400,CE,0,0,0,100,156.6,0,0,0,0,19-DEC-2017,
OPTSTK,HAVELLS,25-Jan-2018,410,CE,0,0,0,92.35,146.65,0,0,0,0,19-DEC-2017,
OPTSTK,HAVELLS,25-Jan-2018,420,CE,0,0,0,85.1,136.75,0,0,0,0,19-DEC-2017,
OPTSTK,HAVELLS,25-Jan-2018,430,CE,0,0,0,78.15,126.85,0,0,0,0,19-DEC-2017,
OPTSTK,HAVELLS,25-Jan-2018,440,CE,0,0,0,71.55,116.95,0,0,0,0,19-DEC-2017,
OPTSTK,HAVELLS,25-Jan-2018,450,CE,0,0,0,65.35,107.15,0,0,0,0,19-DEC-2017,
OPTSTK,HAVELLS,25-Jan-2018,460,CE,0,0,0,59.5,97.45,0,0,0,0,19-DEC-2017,
OPTSTK,HAVELLS,25-Jan-2018,470,CE,0,0,0,54.05,87.9,0,0,0,0,19-DEC-2017,
OPTSTK,HAVELLS,25-Jan-2018,480,CE,0,0,0,48.95,78.55,0,0,0,0,19-DEC-2017,
OPTSTK,HAVELLS,25-Jan-2018,490,CE,0,0,0,44.2,69.5,0,0,0,0,19-DEC-2017,
OPTSTK,HAVELLS,25-Jan-2018,500,CE,0,0,0,39.85,60.8,0,0,0,0,19-DEC-2017,
OPTSTK,HAVELLS,25-Jan-2018,510,CE,0,0,0,35.8,52.55,0,0,0,0,19-DEC-2017,
OPTSTK,HAVELLS,25-Jan-2018,520,CE,0,0,0,22.45,44.9,0,0,8000,0,19-DEC-2017,
OPTSTK,HAVELLS,25-Jan-2018,530,CE,0,0,0,28.75,37.8,0,0,0,0,19-DEC-2017,
OPTSTK,HAVELLS,25-Jan-2018,540,CE,0,0,0,25.65,31.4,0,0,0,0,19-DEC-2017,
OPTSTK,HAVELLS,25-Jan-2018,550,CE,27.4,27.4,26.5,26.5,26.5,2,23.07,6000,-2000,19-DEC-2017,
OPTSTK,HAVELLS,25-Jan-2018,560,CE,0,0,0,20.35,20.75,0,0,0,0,19-DEC-2017,
OPTSTK,HAVELLS,25-Jan-2018,570,CE,16.8,16.8,16.8,16.8,16.8,1,11.73,10000,-2000,19-DEC-2017,
OPTSTK,HAVELLS,25-Jan-2018,580,CE,0,0,0,16,12.95,0,0,0,0,19-DEC-2017,
OPTSTK,HAVELLS,25-Jan-2018,590,CE,0,0,0,14.1,10,0,0,0,0,19-DEC-2017,
OPTSTK,HAVELLS,25-Jan-2018,600,CE,9,9,9,9,9,1,12.18,2000,2000,19-DEC-2017,
OPTSTK,HAVELLS,25-Jan-2018,610,CE,0,0,0,10.95,5.7,0,0,0,0,19-DEC-2017,
OPTSTK,HAVELLS,25-Jan-2018,620,CE,0,0,0,9.65,4.2,0,0,0,0,19-DEC-2017,
OPTSTK,HAVELLS,25-Jan-2018,630,CE,0,0,0,8.45,3.1,0,0,0,0,19-DEC-2017,
OPTSTK,HAVELLS,25-Jan-2018,640,CE,0,0,0,7.4,2.2,0,0,0,0,19-DEC-2017,
OPTSTK,HAVELLS,25-Jan-2018,650,CE,0,0,0,6.5,1.55,0,0,0,0,19-DEC-2017,
OPTSTK,HAVELLS,25-Jan-2018,660,CE,0,0,0,5.65,1.1,0,0,0,0,19-DEC-2017,
OPTSTK,HAVELLS,25-Jan-2018,300,PE,0,0,0,0.45,0,0,0,0,0,19-DEC-2017,
OPTSTK,HAVELLS,25-Jan-2018,310,PE,0,0,0,0.65,0,0,0,0,0,19-DEC-2017,
OPTSTK,HAVELLS,25-Jan-2018,320,PE,0,0,0,0.95,0,0,0,0,0,19-DEC-2017,
OPTSTK,HAVELLS,25-Jan-2018,330,PE,0,0,0,1.35,0,0,0,0,0,19-DEC-2017,
OPTSTK,HAVELLS,25-Jan-2018,340,PE,0,0,0,1.9,0,0,0,0,0,19-DEC-2017,
OPTSTK,HAVELLS,25-Jan-2018,350,PE,0,0,0,2.65,0,0,0,0,0,19-DEC-2017,
OPTSTK,HAVELLS,25-Jan-2018,360,PE,0,0,0,3.5,0,0,0,0,0,19-DEC-2017,
OPTSTK,HAVELLS,25-Jan-2018,370,PE,0,0,0,4.65,0,0,0,0,0,19-DEC-2017,
OPTSTK,HAVELLS,25-Jan-2018,380,PE,0,0,0,6,0,0,0,0,0,19-DEC-2017,
OPTSTK,HAVELLS,25-Jan-2018,390,PE,0,0,0,7.6,0,0,0,0,0,19-DEC-2017,
OPTSTK,HAVELLS,25-Jan-2018,400,PE,0,0,0,9.5,0,0,0,0,0,19-DEC-2017,
OPTSTK,HAVELLS,25-Jan-2018,410,PE,0,0,0,11.75,0.05,0,0,0,0,19-DEC-2017,
OPTSTK,HAVELLS,25-Jan-2018,420,PE,0,0,0,14.3,0.05,0,0,0,0,19-DEC-2017,
OPTSTK,HAVELLS,25-Jan-2018,430,PE,0,0,0,17.2,0.1,0,0,0,0,19-DEC-2017,
OPTSTK,HAVELLS,25-Jan-2018,440,PE,0,0,0,20.45,0.15,0,0,0,0,19-DEC-2017,
OPTSTK,HAVELLS,25-Jan-2018,450,PE,0,0,0,24.1,0.3,0,0,0,0,19-DEC-2017,
OPTSTK,HAVELLS,25-Jan-2018,460,PE,0,0,0,28.1,0.5,0,0,0,0,19-DEC-2017,
OPTSTK,HAVELLS,25-Jan-2018,470,PE,0,0,0,32.5,0.9,0,0,0,0,19-DEC-2017,
OPTSTK,HAVELLS,25-Jan-2018,480,PE,0,0,0,37.25,1.45,0,0,0,0,19-DEC-2017,
OPTSTK,HAVELLS,25-Jan-2018,490,PE,0,0,0,42.35,2.35,0,0,0,0,19-DEC-2017,
OPTSTK,HAVELLS,25-Jan-2018,500,PE,5,5,5,5,5,1,10.1,4000,2000,19-DEC-2017,
OPTSTK,HAVELLS,25-Jan-2018,510,PE,0,0,0,8.4,5.3,0,0,8000,0,19-DEC-2017,
OPTSTK,HAVELLS,25-Jan-2018,520,PE,0,0,0,59.75,7.55,0,0,0,0,19-DEC-2017,
OPTSTK,HAVELLS,25-Jan-2018,530,PE,0,0,0,10.5,10.4,0,0,8000,0,19-DEC-2017,
OPTSTK,HAVELLS,25-Jan-2018,540,PE,0,0,0,14.85,13.95,0,0,2000,0,19-DEC-2017,
OPTSTK,HAVELLS,25-Jan-2018,550,PE,0,0,0,80,18.2,0,0,0,0,19-DEC-2017,
OPTSTK,HAVELLS,25-Jan-2018,560,PE,0,0,0,87.35,23.15,0,0,0,0,19-DEC-2017,
OPTSTK,HAVELLS,25-Jan-2018,570,PE,0,0,0,94.9,28.85,0,0,0,0,19-DEC-2017,
OPTSTK,HAVELLS,25-Jan-2018,580,PE,0,0,0,102.7,35.2,0,0,0,0,19-DEC-2017,
OPTSTK,HAVELLS,25-Jan-2018,590,PE,0,0,0,110.65,42.2,0,0,0,0,19-DEC-2017,
OPTSTK,HAVELLS,25-Jan-2018,600,PE,0,0,0,118.85,49.75,0,0,0,0,19-DEC-2017,
OPTSTK,HAVELLS,25-Jan-2018,610,PE,0,0,0,127.2,57.8,0,0,0,0,19-DEC-2017,
OPTSTK,HAVELLS,25-Jan-2018,620,PE,0,0,0,135.7,66.25,0,0,0,0,19-DEC-2017,
OPTSTK,HAVELLS,25-Jan-2018,630,PE,0,0,0,144.4,75.05,0,0,0,0,19-DEC-2017,
OPTSTK,HAVELLS,25-Jan-2018,640,PE,0,0,0,153.2,84.1,0,0,0,0,19-DEC-2017,
OPTSTK,HAVELLS,25-Jan-2018,650,PE,0,0,0,162.1,93.4,0,0,0,0,19-DEC-2017,
OPTSTK,HAVELLS,25-Jan-2018,660,PE,0,0,0,171.1,102.85,0,0,0,0,19-DEC-2017,
OPTSTK,HAVELLS,22-Feb-2018,310,CE,0,0,0,203.85,247.5,0,0,0,0,19-DEC-2017,
OPTSTK,HAVELLS,22-Feb-2018,320,CE,0,0,0,194,237.6,0,0,0,0,19-DEC-2017,
OPTSTK,HAVELLS,22-Feb-2018,330,CE,0,0,0,184.15,227.75,0,0,0,0,19-DEC-2017,
OPTSTK,HAVELLS,22-Feb-2018,340,CE,0,0,0,174.35,217.85,0,0,0,0,19-DEC-2017,
OPTSTK,HAVELLS,22-Feb-2018,350,CE,0,0,0,164.55,207.95,0,0,0,0,19-DEC-2017,
OPTSTK,HAVELLS,22-Feb-2018,360,CE,0,0,0,154.8,198.1,0,0,0,0,19-DEC-2017,
OPTSTK,HAVELLS,22-Feb-2018,370,CE,0,0,0,145.1,188.2,0,0,0,0,19-DEC-2017,
OPTSTK,HAVELLS,22-Feb-2018,380,CE,0,0,0,135.5,178.35,0,0,0,0,19-DEC-2017,
OPTSTK,HAVELLS,22-Feb-2018,390,CE,0,0,0,125.95,168.45,0,0,0,0,19-DEC-2017,
OPTSTK,HAVELLS,22-Feb-2018,400,CE,0,0,0,116.6,158.65,0,0,0,0,19-DEC-2017,
OPTSTK,HAVELLS,22-Feb-2018,410,CE,0,0,0,107.45,148.8,0,0,0,0,19-DEC-2017,
OPTSTK,HAVELLS,22-Feb-2018,420,CE,0,0,0,98.5,139.05,0,0,0,0,19-DEC-2017,
OPTSTK,HAVELLS,22-Feb-2018,430,CE,0,0,0,89.8,129.4,0,0,0,0,19-DEC-2017,
OPTSTK,HAVELLS,22-Feb-2018,440,CE,0,0,0,81.45,119.8,0,0,0,0,19-DEC-2017,
OPTSTK,HAVELLS,22-Feb-2018,450,CE,0,0,0,73.45,110.4,0,0,0,0,19-DEC-2017,
OPTSTK,HAVELLS,22-Feb-2018,460,CE,0,0,0,65.85,101.15,0,0,0,0,19-DEC-2017,
OPTSTK,HAVELLS,22-Feb-2018,470,CE,0,0,0,58.7,92.1,0,0,0,0,19-DEC-2017,
OPTSTK,HAVELLS,22-Feb-2018,480,CE,0,0,0,52,83.4,0,0,0,0,19-DEC-2017,
OPTSTK,HAVELLS,22-Feb-2018,490,CE,0,0,0,45.8,75,0,0,0,0,19-DEC-2017,
OPTSTK,HAVELLS,22-Feb-2018,500,CE,0,0,0,40.1,67,0,0,0,0,19-DEC-2017,
OPTSTK,HAVELLS,22-Feb-2018,510,CE,0,0,0,34.9,59.4,0,0,0,0,19-DEC-2017,
OPTSTK,HAVELLS,22-Feb-2018,520,CE,0,0,0,30.2,52.3,0,0,0,0,19-DEC-2017,
OPTSTK,HAVELLS,22-Feb-2018,530,CE,0,0,0,25.95,45.7,0,0,0,0,19-DEC-2017,
OPTSTK,HAVELLS,22-Feb-2018,540,CE,0,0,0,22.2,39.65,0,0,0,0,19-DEC-2017,
OPTSTK,HAVELLS,22-Feb-2018,550,CE,0,0,0,18.85,34.15,0,0,0,0,19-DEC-2017,
OPTSTK,HAVELLS,22-Feb-2018,560,CE,0,0,0,15.95,29.15,0,0,0,0,19-DEC-2017,
OPTSTK,HAVELLS,22-Feb-2018,570,CE,0,0,0,13.4,24.7,0,0,0,0,19-DEC-2017,
OPTSTK,HAVELLS,22-Feb-2018,580,CE,0,0,0,11.25,20.8,0,0,0,0,19-DEC-2017,
OPTSTK,HAVELLS,22-Feb-2018,590,CE,0,0,0,9.35,17.35,0,0,0,0,19-DEC-2017,
OPTSTK,HAVELLS,22-Feb-2018,600,CE,0,0,0,7.75,14.4,0,0,0,0,19-DEC-2017,
OPTSTK,HAVELLS,22-Feb-2018,610,CE,0,0,0,6.35,11.85,0,0,0,0,19-DEC-2017,
OPTSTK,HAVELLS,22-Feb-2018,620,CE,0,0,0,5.2,9.7,0,0,0,0,19-DEC-2017,
OPTSTK,HAVELLS,22-Feb-2018,630,CE,0,0,0,4.25,7.85,0,0,0,0,19-DEC-2017,
OPTSTK,HAVELLS,22-Feb-2018,640,CE,0,0,0,3.45,6.35,0,0,0,0,19-DEC-2017,
OPTSTK,HAVELLS,22-Feb-2018,650,CE,0,0,0,2.8,5.05,0,0,0,0,19-DEC-2017,
OPTSTK,HAVELLS,22-Feb-2018,660,CE,0,0,0,2.25,4.05,0,0,0,0,19-DEC-2017,
OPTSTK,HAVELLS,22-Feb-2018,310,PE,0,0,0,0.05,0,0,0,0,0,19-DEC-2017,
OPTSTK,HAVELLS,22-Feb-2018,320,PE,0,0,0,0.05,0,0,0,0,0,19-DEC-2017,
OPTSTK,HAVELLS,22-Feb-2018,330,PE,0,0,0,0.05,0,0,0,0,0,19-DEC-2017,
OPTSTK,HAVELLS,22-Feb-2018,340,PE,0,0,0,0.1,0,0,0,0,0,19-DEC-2017,
OPTSTK,HAVELLS,22-Feb-2018,350,PE,0,0,0,0.15,0,0,0,0,0,19-DEC-2017,
OPTSTK,HAVELLS,22-Feb-2018,360,PE,0,0,0,0.25,0.05,0,0,0,0,19-DEC-2017,
OPTSTK,HAVELLS,22-Feb-2018,370,PE,0,0,0,0.4,0.05,0,0,0,0,19-DEC-2017,
OPTSTK,HAVELLS,22-Feb-2018,380,PE,0,0,0,0.65,0.05,0,0,0,0,19-DEC-2017,
OPTSTK,HAVELLS,22-Feb-2018,390,PE,0,0,0,1,0.05,0,0,0,0,19-DEC-2017,
OPTSTK,HAVELLS,22-Feb-2018,400,PE,0,0,0,1.5,0.1,0,0,0,0,19-DEC-2017,
OPTSTK,HAVELLS,22-Feb-2018,410,PE,0,0,0,2.15,0.2,0,0,0,0,19-DEC-2017,
OPTSTK,HAVELLS,22-Feb-2018,420,PE,0,0,0,3.05,0.35,0,0,0,0,19-DEC-2017,
OPTSTK,HAVELLS,22-Feb-2018,430,PE,0,0,0,4.25,0.55,0,0,0,0,19-DEC-2017,
OPTSTK,HAVELLS,22-Feb-2018,440,PE,0,0,0,5.75,0.85,0,0,0,0,19-DEC-2017,
OPTSTK,HAVELLS,22-Feb-2018,450,PE,0,0,0,7.6,1.3,0,0,0,0,19-DEC-2017,
OPTSTK,HAVELLS,22-Feb-2018,460,PE,0,0,0,9.85,1.95,0,0,0,0,19-DEC-2017,
OPTSTK,HAVELLS,22-Feb-2018,470,PE,0,0,0,12.55,2.8,0,0,0,0,19-DEC-2017,
OPTSTK,HAVELLS,22-Feb-2018,480,PE,0,0,0,15.7,3.95,0,0,0,0,19-DEC-2017,
OPTSTK,HAVELLS,22-Feb-2018,490,PE,0,0,0,19.35,5.45,0,0,0,0,19-DEC-2017,
OPTSTK,HAVELLS,22-Feb-2018,500,PE,0,0,0,23.5,7.35,0,0,0,0,19-DEC-2017,
OPTSTK,HAVELLS,22-Feb-2018,510,PE,0,0,0,28.15,9.65,0,0,0,0,19-DEC-2017,
OPTSTK,HAVELLS,22-Feb-2018,520,PE,0,0,0,33.3,12.4,0,0,0,0,19-DEC-2017,
OPTSTK,HAVELLS,22-Feb-2018,530,PE,0,0,0,38.95,15.7,0,0,0,0,19-DEC-2017,
OPTSTK,HAVELLS,22-Feb-2018,540,PE,0,0,0,45,19.55,0,0,0,0,19-DEC-2017,
OPTSTK,HAVELLS,22-Feb-2018,550,PE,0,0,0,51.55,23.9,0,0,0,0,19-DEC-2017,
OPTSTK,HAVELLS,22-Feb-2018,560,PE,0,0,0,58.5,28.8,0,0,0,0,19-DEC-2017,
OPTSTK,HAVELLS,22-Feb-2018,570,PE,0,0,0,65.8,34.25,0,0,0,0,19-DEC-2017,
OPTSTK,HAVELLS,22-Feb-2018,580,PE,0,0,0,73.5,40.25,0,0,0,0,19-DEC-2017,
OPTSTK,HAVELLS,22-Feb-2018,590,PE,0,0,0,81.45,46.7,0,0,0,0,19-DEC-2017,
OPTSTK,HAVELLS,22-Feb-2018,600,PE,0,0,0,89.7,53.6,0,0,0,0,19-DEC-2017,
OPTSTK,HAVELLS,22-Feb-2018,610,PE,0,0,0,98.15,60.95,0,0,0,0,19-DEC-2017,
OPTSTK,HAVELLS,22-Feb-2018,620,PE,0,0,0,106.9,68.65,0,0,0,0,19-DEC-2017,
OPTSTK,HAVELLS,22-Feb-2018,630,PE,0,0,0,115.8,76.75,0,0,0,0,19-DEC-2017,
OPTSTK,HAVELLS,22-Feb-2018,640,PE,0,0,0,124.85,85.1,0,0,0,0,19-DEC-2017,
OPTSTK,HAVELLS,22-Feb-2018,650,PE,0,0,0,134.05,93.7,0,0,0,0,19-DEC-2017,
OPTSTK,HAVELLS,22-Feb-2018,660,PE,0,0,0,143.35,102.55,0,0,0,0,19-DEC-2017,
OPTSTK,HCC,28-Dec-2017,20,CE,0,0,0,13.1,16.7,0,0,0,0,19-DEC-2017,
OPTSTK,HCC,28-Dec-2017,22.5,CE,0,0,0,10.85,14.2,0,0,0,0,19-DEC-2017,
OPTSTK,HCC,28-Dec-2017,25,CE,0,0,0,8.7,11.7,0,0,0,0,19-DEC-2017,
OPTSTK,HCC,28-Dec-2017,27.5,CE,0,0,0,6.85,9.2,0,0,0,0,19-DEC-2017,
OPTSTK,HCC,28-Dec-2017,30,CE,0,0,0,5.25,6.7,0,0,0,0,19-DEC-2017,
OPTSTK,HCC,28-Dec-2017,32.5,CE,0,0,0,3.95,4.25,0,0,0,0,19-DEC-2017,
OPTSTK,HCC,28-Dec-2017,35,CE,1.75,1.75,1.75,1.75,1.75,1,4.41,132000,12000,19-DEC-2017,
OPTSTK,HCC,28-Dec-2017,37.5,CE,0.6,0.8,0.55,0.75,0.75,53,242.66,1308000,132000,19-DEC-2017,
OPTSTK,HCC,28-Dec-2017,40,CE,0.25,0.25,0.2,0.25,0.25,29,140.04,2484000,60000,19-DEC-2017,
OPTSTK,HCC,28-Dec-2017,42.5,CE,0.1,0.1,0.1,0.1,0.1,4,20.44,564000,48000,19-DEC-2017,
OPTSTK,HCC,28-Dec-2017,45,CE,0.05,0.1,0.05,0.1,0.1,24,129.85,852000,-48000,19-DEC-2017,
OPTSTK,HCC,28-Dec-2017,47.5,CE,0.05,0.05,0.05,0.05,0.05,1,5.7,96000,0,19-DEC-2017,
OPTSTK,HCC,28-Dec-2017,50,CE,0.05,0.05,0.05,0.05,0.05,1,6,228000,12000,19-DEC-2017,
OPTSTK,HCC,28-Dec-2017,52.5,CE,0,0,0,0.2,0,0,0,12000,0,19-DEC-2017,
OPTSTK,HCC,28-Dec-2017,55,CE,0,0,0,1,0,0,0,12000,0,19-DEC-2017,
OPTSTK,HCC,28-Dec-2017,57.5,CE,0,0,0,0.1,0,0,0,0,0,19-DEC-2017,
OPTSTK,HCC,28-Dec-2017,20,PE,0,0,0,0.1,0,0,0,0,0,19-DEC-2017,
OPTSTK,HCC,28-Dec-2017,22.5,PE,0,0,0,0.3,0,0,0,0,0,19-DEC-2017,
OPTSTK,HCC,28-Dec-2017,25,PE,0,0,0,0.65,0,0,0,0,0,19-DEC-2017,
OPTSTK,HCC,28-Dec-2017,27.5,PE,0,0,0,0.05,0,0,0,108000,0,19-DEC-2017,
OPTSTK,HCC,28-Dec-2017,30,PE,0,0,0,0.05,0,0,0,144000,0,19-DEC-2017,
OPTSTK,HCC,28-Dec-2017,32.5,PE,0,0,0,0.2,0.05,0,0,180000,0,19-DEC-2017,
OPTSTK,HCC,28-Dec-2017,35,PE,0.6,0.6,0.6,0.6,0.6,1,4.27,312000,0,19-DEC-2017,
OPTSTK,HCC,28-Dec-2017,37.5,PE,1.75,1.75,1.3,1.3,1.3,3,14.05,372000,-24000,19-DEC-2017,
OPTSTK,HCC,28-Dec-2017,40,PE,0,0,0,4.45,3.4,0,0,96000,0,19-DEC-2017,
OPTSTK,HCC,28-Dec-2017,42.5,PE,0,0,0,5.7,5.8,0,0,24000,0,19-DEC-2017,
OPTSTK,HCC,28-Dec-2017,45,PE,0,0,0,7.85,8.3,0,0,12000,0,19-DEC-2017,
OPTSTK,HCC,28-Dec-2017,47.5,PE,0,0,0,14.55,10.8,0,0,0,0,19-DEC-2017,
OPTSTK,HCC,28-Dec-2017,50,PE,0,0,0,16.9,13.3,0,0,0,0,19-DEC-2017,
OPTSTK,HCC,28-Dec-2017,52.5,PE,0,0,0,19.25,15.8,0,0,0,0,19-DEC-2017,
OPTSTK,HCC,28-Dec-2017,55,PE,0,0,0,21.6,18.3,0,0,0,0,19-DEC-2017,
OPTSTK,HCC,28-Dec-2017,57.5,PE,0,0,0,24.05,20.8,0,0,0,0,19-DEC-2017,
OPTSTK,HCC,25-Jan-2018,20,CE,0,0,0,19.4,16.8,0,0,0,0,19-DEC-2017,
OPTSTK,HCC,25-Jan-2018,22.5,CE,0,0,0,17,14.3,0,0,0,0,19-DEC-2017,
OPTSTK,HCC,25-Jan-2018,25,CE,0,0,0,14.75,11.85,0,0,0,0,19-DEC-2017,
OPTSTK,HCC,25-Jan-2018,27.5,CE,0,0,0,12.6,9.35,0,0,0,0,19-DEC-2017,
OPTSTK,HCC,25-Jan-2018,30,CE,0,0,0,10.6,6.95,0,0,0,0,19-DEC-2017,
OPTSTK,HCC,25-Jan-2018,32.5,CE,0,0,0,8.85,4.75,0,0,0,0,19-DEC-2017,
OPTSTK,HCC,25-Jan-2018,35,CE,0,0,0,7.25,2.9,0,0,0,0,19-DEC-2017,
OPTSTK,HCC,25-Jan-2018,37.5,CE,0,0,0,5.9,1.6,0,0,0,0,19-DEC-2017,
OPTSTK,HCC,25-Jan-2018,40,CE,0,0,0,4.75,0.8,0,0,0,0,19-DEC-2017,
OPTSTK,HCC,25-Jan-2018,42.5,CE,0,0,0,3.8,0.35,0,0,0,0,19-DEC-2017,
OPTSTK,HCC,25-Jan-2018,45,CE,0.4,0.4,0.4,0.4,0.4,1,6.81,165000,15000,19-DEC-2017,
OPTSTK,HCC,25-Jan-2018,47.5,CE,0.9,0.9,0.9,0.9,0.9,6,43.56,285000,90000,19-DEC-2017,
OPTSTK,HCC,25-Jan-2018,50,CE,0,0,0,1.85,0.05,0,0,0,0,19-DEC-2017,
OPTSTK,HCC,25-Jan-2018,52.5,CE,0,0,0,1.45,0,0,0,0,0,19-DEC-2017,
OPTSTK,HCC,25-Jan-2018,55,CE,0,0,0,1.15,0,0,0,0,0,19-DEC-2017,
OPTSTK,HCC,25-Jan-2018,57.5,CE,0,0,0,0.9,0,0,0,0,0,19-DEC-2017,
OPTSTK,HCC,25-Jan-2018,20,PE,0,0,0,0.05,0,0,0,0,0,19-DEC-2017,
OPTSTK,HCC,25-Jan-2018,22.5,PE,0,0,0,0.15,0,0,0,0,0,19-DEC-2017,
OPTSTK,HCC,25-Jan-2018,25,PE,0,0,0,0.35,0,0,0,0,0,19-DEC-2017,
OPTSTK,HCC,25-Jan-2018,27.5,PE,0,0,0,1.95,0.05,0,0,450000,0,19-DEC-2017,
OPTSTK,HCC,25-Jan-2018,30,PE,0,0,0,0.6,0.1,0,0,690000,0,19-DEC-2017,
OPTSTK,HCC,25-Jan-2018,32.5,PE,0,0,0,1.8,0.4,0,0,0,0,19-DEC-2017,
OPTSTK,HCC,25-Jan-2018,35,PE,0,0,0,2.7,1.05,0,0,0,0,19-DEC-2017,
OPTSTK,HCC,25-Jan-2018,37.5,PE,0,0,0,3.8,2.2,0,0,0,0,19-DEC-2017,
OPTSTK,HCC,25-Jan-2018,40,PE,0,0,0,5.15,3.85,0,0,0,0,19-DEC-2017,
OPTSTK,HCC,25-Jan-2018,42.5,PE,0,0,0,6.65,5.9,0,0,0,0,19-DEC-2017,
OPTSTK,HCC,25-Jan-2018,45,PE,0,0,0,8.3,8.2,0,0,0,0,19-DEC-2017,
OPTSTK,HCC,25-Jan-2018,47.5,PE,0,0,0,10.15,10.6,0,0,0,0,19-DEC-2017,
OPTSTK,HCC,25-Jan-2018,50,PE,0,0,0,12.1,13.05,0,0,0,0,19-DEC-2017,
OPTSTK,HCC,25-Jan-2018,52.5,PE,0,0,0,14.15,15.55,0,0,0,0,19-DEC-2017,
OPTSTK,HCC,25-Jan-2018,55,PE,0,0,0,16.3,18,0,0,0,0,19-DEC-2017,
OPTSTK,HCC,25-Jan-2018,57.5,PE,0,0,0,18.5,20.5,0,0,0,0,19-DEC-2017,
OPTSTK,HCC,22-Feb-2018,20,CE,0,0,0,18.8,16.9,0,0,0,0,19-DEC-2017,
OPTSTK,HCC,22-Feb-2018,22.5,CE,0,0,0,16.35,14.45,0,0,0,0,19-DEC-2017,
OPTSTK,HCC,22-Feb-2018,25,CE,0,0,0,14,11.95,0,0,0,0,19-DEC-2017,
OPTSTK,HCC,22-Feb-2018,27.5,CE,0,0,0,11.65,9.55,0,0,0,0,19-DEC-2017,
OPTSTK,HCC,22-Feb-2018,30,CE,0,0,0,9.5,7.3,0,0,0,0,19-DEC-2017,
OPTSTK,HCC,22-Feb-2018,32.5,CE,0,0,0,7.55,5.25,0,0,0,0,19-DEC-2017,
OPTSTK,HCC,22-Feb-2018,35,CE,0,0,0,5.9,3.55,0,0,0,0,19-DEC-2017,
OPTSTK,HCC,22-Feb-2018,37.5,CE,0,0,0,4.45,2.25,0,0,0,0,19-DEC-2017,
OPTSTK,HCC,22-Feb-2018,40,CE,0,0,0,3.3,1.35,0,0,0,0,19-DEC-2017,
OPTSTK,HCC,22-Feb-2018,42.5,CE,0,0,0,2.4,0.8,0,0,0,0,19-DEC-2017,
OPTSTK,HCC,22-Feb-2018,45,CE,0,0,0,1.75,0.45,0,0,0,0,19-DEC-2017,
OPTSTK,HCC,22-Feb-2018,47.5,CE,0,0,0,1.2,0.25,0,0,0,0,19-DEC-2017,
OPTSTK,HCC,22-Feb-2018,50,CE,0,0,0,0.85,0.1,0,0,0,0,19-DEC-2017,
OPTSTK,HCC,22-Feb-2018,52.5,CE,0,0,0,0.6,0.05,0,0,0,0,19-DEC-2017,
OPTSTK,HCC,22-Feb-2018,55,CE,0,0,0,0.4,0.05,0,0,0,0,19-DEC-2017,
OPTSTK,HCC,22-Feb-2018,57.5,CE,0,0,0,0.3,0.05,0,0,0,0,19-DEC-2017,
OPTSTK,HCC,22-Feb-2018,20,PE,0,0,0,0.05,0,0,0,0,0,19-DEC-2017,
OPTSTK,HCC,22-Feb-2018,22.5,PE,0,0,0,0.05,0,0,0,0,0,19-DEC-2017,
OPTSTK,HCC,22-Feb-2018,25,PE,0,0,0,0.1,0.05,0,0,0,0,19-DEC-2017,
OPTSTK,HCC,22-Feb-2018,27.5,PE,0,0,0,0.25,0.1,0,0,0,0,19-DEC-2017,
OPTSTK,HCC,22-Feb-2018,30,PE,0,0,0,0.6,0.3,0,0,0,0,19-DEC-2017,
OPTSTK,HCC,22-Feb-2018,32.5,PE,0,0,0,1.1,0.7,0,0,0,0,19-DEC-2017,
OPTSTK,HCC,22-Feb-2018,35,PE,0,0,0,1.85,1.5,0,0,0,0,19-DEC-2017,
OPTSTK,HCC,22-Feb-2018,37.5,PE,0,0,0,2.9,2.7,0,0,0,0,19-DEC-2017,
OPTSTK,HCC,22-Feb-2018,40,PE,0,0,0,4.25,4.25,0,0,0,0,19-DEC-2017,
OPTSTK,HCC,22-Feb-2018,42.5,PE,0,0,0,5.8,6.15,0,0,0,0,19-DEC-2017,
OPTSTK,HCC,22-Feb-2018,45,PE,0,0,0,7.55,8.25,0,0,0,0,19-DEC-2017,
OPTSTK,HCC,22-Feb-2018,47.5,PE,0,0,0,9.55,10.55,0,0,0,0,19-DEC-2017,
OPTSTK,HCC,22-Feb-2018,50,PE,0,0,0,11.6,12.9,0,0,0,0,19-DEC-2017,
OPTSTK,HCC,22-Feb-2018,52.5,PE,0,0,0,13.8,15.3,0,0,0,0,19-DEC-2017,
OPTSTK,HCC,22-Feb-2018,55,PE,0,0,0,16.1,17.75,0,0,0,0,19-DEC-2017,
OPTSTK,HCC,22-Feb-2018,57.5,PE,0,0,0,18.45,20.2,0,0,0,0,19-DEC-2017,
OPTSTK,HCLTECH,28-Dec-2017,600,CE,0,0,0,284.55,270.4,0,0,0,0,19-DEC-2017,
OPTSTK,HCLTECH,28-Dec-2017,620,CE,0,0,0,264.85,250.45,0,0,0,0,19-DEC-2017,
OPTSTK,HCLTECH,28-Dec-2017,640,CE,0,0,0,245.2,230.45,0,0,0,0,19-DEC-2017,
OPTSTK,HCLTECH,28-Dec-2017,660,CE,0,0,0,225.5,210.5,0,0,0,0,19-DEC-2017,
OPTSTK,HCLTECH,28-Dec-2017,680,CE,0,0,0,205.85,190.55,0,0,0,0,19-DEC-2017,
OPTSTK,HCLTECH,28-Dec-2017,700,CE,0,0,0,186.2,170.55,0,0,0,0,19-DEC-2017,
OPTSTK,HCLTECH,28-Dec-2017,720,CE,0,0,0,166.65,150.6,0,0,0,0,19-DEC-2017,
OPTSTK,HCLTECH,28-Dec-2017,740,CE,0,0,0,147.3,130.6,0,0,0,0,19-DEC-2017,
OPTSTK,HCLTECH,28-Dec-2017,760,CE,0,0,0,128.3,110.65,0,0,0,0,19-DEC-2017,
OPTSTK,HCLTECH,28-Dec-2017,780,CE,0,0,0,109.5,90.7,0,0,700,0,19-DEC-2017,
OPTSTK,HCLTECH,28-Dec-2017,800,CE,72.6,73,72.6,73,73,3,18.33,1400,-2100,19-DEC-2017,
OPTSTK,HCLTECH,28-Dec-2017,820,CE,52.2,52.2,52.2,52.2,52.2,1,6.1,8400,-700,19-DEC-2017,
OPTSTK,HCLTECH,28-Dec-2017,840,CE,0,0,0,53,33.8,0,0,35700,0,19-DEC-2017,
OPTSTK,HCLTECH,28-Dec-2017,860,CE,25.4,25.4,15.55,17.9,17.9,53,325.7,88900,3500,19-DEC-2017,
OPTSTK,HCLTECH,28-Dec-2017,880,CE,14.1,14.4,6.5,7.4,7.4,623,3872.42,221900,51100,19-DEC-2017,
OPTSTK,HCLTECH,28-Dec-2017,900,CE,6.1,6.1,2.65,3,3,318,2010.78,156100,35700,19-DEC-2017,
OPTSTK,HCLTECH,28-Dec-2017,920,CE,2.25,2.25,1.15,1.5,1.5,137,883.58,45500,-14700,19-DEC-2017,
OPTSTK,HCLTECH,28-Dec-2017,940,CE,0.45,0.75,0.45,0.75,0.75,48,316.06,44100,23100,19-DEC-2017,
OPTSTK,HCLTECH,28-Dec-2017,960,CE,0,0,0,0.7,0.1,0,0,11200,0,19-DEC-2017,
OPTSTK,HCLTECH,28-Dec-2017,980,CE,0,0,0,6.1,0.05,0,0,0,0,19-DEC-2017,
OPTSTK,HCLTECH,28-Dec-2017,1000,CE,0,0,0,3.95,0,0,0,0,0,19-DEC-2017,
OPTSTK,HCLTECH,28-Dec-2017,1020,CE,0,0,0,2.45,0,0,0,0,0,19-DEC-2017,
OPTSTK,HCLTECH,28-Dec-2017,1040,CE,0,0,0,1.5,0,0,0,0,0,19-DEC-2017,
OPTSTK,HCLTECH,28-Dec-2017,1060,CE,0,0,0,0.9,0,0,0,0,0,19-DEC-2017,
OPTSTK,HCLTECH,28-Dec-2017,1080,CE,0,0,0,0.55,0,0,0,0,0,19-DEC-2017,
OPTSTK,HCLTECH,28-Dec-2017,1100,CE,0,0,0,0.3,0,0,0,0,0,19-DEC-2017,
OPTSTK,HCLTECH,28-Dec-2017,1120,CE,0,0,0,0.2,0,0,0,0,0,19-DEC-2017,
OPTSTK,HCLTECH,28-Dec-2017,600,PE,0,0,0,0.05,0,0,0,0,0,19-DEC-2017,
OPTSTK,HCLTECH,28-Dec-2017,620,PE,0,0,0,0.05,0,0,0,0,0,19-DEC-2017,
OPTSTK,HCLTECH,28-Dec-2017,640,PE,0,0,0,0.05,0,0,0,0,0,19-DEC-2017,
OPTSTK,HCLTECH,28-Dec-2017,660,PE,0,0,0,0.05,0,0,0,0,0,19-DEC-2017,
OPTSTK,HCLTECH,28-Dec-2017,680,PE,0,0,0,0.05,0,0,0,0,0,19-DEC-2017,
OPTSTK,HCLTECH,28-Dec-2017,700,PE,0,0,0,0.1,0,0,0,0,0,19-DEC-2017,
OPTSTK,HCLTECH,28-Dec-2017,720,PE,0,0,0,0.25,0,0,0,0,0,19-DEC-2017,
OPTSTK,HCLTECH,28-Dec-2017,740,PE,0,0,0,0.6,0,0,0,0,0,19-DEC-2017,
OPTSTK,HCLTECH,28-Dec-2017,760,PE,0.25,0.25,0.25,0.25,0.25,1,5.32,15400,-700,19-DEC-2017,
OPTSTK,HCLTECH,28-Dec-2017,780,PE,0.5,0.5,0.5,0.5,0.5,1,5.46,9100,-700,19-DEC-2017,
OPTSTK,HCLTECH,28-Dec-2017,800,PE,0,0,0,0.4,0.15,0,0,30100,0,19-DEC-2017,
OPTSTK,HCLTECH,28-Dec-2017,820,PE,1.05,1.05,0.7,0.9,0.9,13,74.7,42000,3500,19-DEC-2017,
OPTSTK,HCLTECH,28-Dec-2017,840,PE,1.2,2.4,1.2,1.65,1.65,178,1048.88,140000,21700,19-DEC-2017,
OPTSTK,HCLTECH,28-Dec-2017,860,PE,2.75,6.7,2.75,5.05,5.05,356,2156.4,124600,-4900,19-DEC-2017,
OPTSTK,HCLTECH,28-Dec-2017,880,PE,7.25,17,7.25,13.75,13.75,290,1812.43,37800,-30800,19-DEC-2017,
OPTSTK,HCLTECH,28-Dec-2017,900,PE,22,30.45,22,28.55,28.55,22,142.53,15400,-7000,19-DEC-2017,
OPTSTK,HCLTECH,28-Dec-2017,920,PE,46,46,46,46,46,1,6.76,4200,-700,19-DEC-2017,
OPTSTK,HCLTECH,28-Dec-2017,940,PE,0,0,0,63.7,69.4,0,0,0,0,19-DEC-2017,
OPTSTK,HCLTECH,28-Dec-2017,960,PE,0,0,0,79.05,89.15,0,0,0,0,19-DEC-2017,
OPTSTK,HCLTECH,28-Dec-2017,980,PE,0,0,0,95.65,109.05,0,0,0,0,19-DEC-2017,
OPTSTK,HCLTECH,28-Dec-2017,1000,PE,0,0,0,113.15,129,0,0,0,0,19-DEC-2017,
OPTSTK,HCLTECH,28-Dec-2017,1020,PE,0,0,0,131.4,149,0,0,0,0,19-DEC-2017,
OPTSTK,HCLTECH,28-Dec-2017,1040,PE,0,0,0,150.1,168.95,0,0,0,0,19-DEC-2017,
OPTSTK,HCLTECH,28-Dec-2017,1060,PE,0,0,0,169.2,188.9,0,0,0,0,19-DEC-2017,
OPTSTK,HCLTECH,28-Dec-2017,1080,PE,0,0,0,188.55,208.9,0,0,0,0,19-DEC-2017,
OPTSTK,HCLTECH,28-Dec-2017,1100,PE,0,0,0,208,228.85,0,0,0,0,19-DEC-2017,
OPTSTK,HCLTECH,28-Dec-2017,1120,PE,0,0,0,227.55,248.85,0,0,0,0,19-DEC-2017,
OPTSTK,HCLTECH,25-Jan-2018,600,CE,0,0,0,278.55,273.35,0,0,0,0,19-DEC-2017,
OPTSTK,HCLTECH,25-Jan-2018,620,CE,0,0,0,258.95,253.5,0,0,0,0,19-DEC-2017,
OPTSTK,HCLTECH,25-Jan-2018,640,CE,0,0,0,239.45,233.65,0,0,0,0,19-DEC-2017,
OPTSTK,HCLTECH,25-Jan-2018,660,CE,0,0,0,220.1,213.75,0,0,0,0,19-DEC-2017,
OPTSTK,HCLTECH,25-Jan-2018,680,CE,0,0,0,200.95,193.9,0,0,0,0,19-DEC-2017,
OPTSTK,HCLTECH,25-Jan-2018,700,CE,0,0,0,182.15,174.05,0,0,0,0,19-DEC-2017,
OPTSTK,HCLTECH,25-Jan-2018,720,CE,0,0,0,163.8,154.25,0,0,0,0,19-DEC-2017,
OPTSTK,HCLTECH,25-Jan-2018,740,CE,0,0,0,146,134.6,0,0,0,0,19-DEC-2017,
OPTSTK,HCLTECH,25-Jan-2018,760,CE,0,0,0,128.95,115.25,0,0,0,0,19-DEC-2017,
OPTSTK,HCLTECH,25-Jan-2018,780,CE,0,0,0,112.8,96.45,0,0,0,0,19-DEC-2017,
OPTSTK,HCLTECH,25-Jan-2018,800,CE,77,77,77,77,77,2,12.27,1400,1400,19-DEC-2017,
OPTSTK,HCLTECH,25-Jan-2018,820,CE,60,60,60,60,60,2,12.32,1400,1400,19-DEC-2017,
OPTSTK,HCLTECH,25-Jan-2018,840,CE,0,0,0,71,47.3,0,0,0,0,19-DEC-2017,
OPTSTK,HCLTECH,25-Jan-2018,860,CE,31,31,31,31,31,2,12.47,5600,1400,19-DEC-2017,
OPTSTK,HCLTECH,25-Jan-2018,880,CE,21.5,22,21.5,21.8,21.8,35,220.92,25200,24500,19-DEC-2017,
OPTSTK,HCLTECH,25-Jan-2018,900,CE,15,15,14.25,15,15,18,115.22,28000,12600,19-DEC-2017,
OPTSTK,HCLTECH,25-Jan-2018,920,CE,9,9,9,9,9,1,6.5,700,700,19-DEC-2017,
OPTSTK,HCLTECH,25-Jan-2018,940,CE,0,0,0,26.45,6.7,0,0,0,0,19-DEC-2017,
OPTSTK,HCLTECH,25-Jan-2018,960,CE,0,0,0,21.1,4,0,0,0,0,19-DEC-2017,
OPTSTK,HCLTECH,25-Jan-2018,980,CE,0,0,0,16.6,2.3,0,0,0,0,19-DEC-2017,
OPTSTK,HCLTECH,25-Jan-2018,1000,CE,0,0,0,12.95,1.25,0,0,0,0,19-DEC-2017,
OPTSTK,HCLTECH,25-Jan-2018,1020,CE,0,0,0,10,0.65,0,0,0,0,19-DEC-2017,
OPTSTK,HCLTECH,25-Jan-2018,1040,CE,0,0,0,7.65,0.35,0,0,0,0,19-DEC-2017,
OPTSTK,HCLTECH,25-Jan-2018,1060,CE,0,0,0,5.8,0.2,0,0,0,0,19-DEC-2017,
OPTSTK,HCLTECH,25-Jan-2018,1080,CE,0,0,0,4.35,0.1,0,0,0,0,19-DEC-2017,
OPTSTK,HCLTECH,25-Jan-2018,1100,CE,0,0,0,3.25,0.05,0,0,0,0,19-DEC-2017,
OPTSTK,HCLTECH,25-Jan-2018,1120,CE,0,0,0,2.4,0.05,0,0,0,0,19-DEC-2017,
OPTSTK,HCLTECH,25-Jan-2018,600,PE,0,0,0,0.1,0,0,0,0,0,19-DEC-2017,
OPTSTK,HCLTECH,25-Jan-2018,620,PE,0,0,0,0.2,0,0,0,0,0,19-DEC-2017,
OPTSTK,HCLTECH,25-Jan-2018,640,PE,0,0,0,0.35,0,0,0,0,0,19-DEC-2017,
OPTSTK,HCLTECH,25-Jan-2018,660,PE,0,0,0,0.7,0,0,0,0,0,19-DEC-2017,
OPTSTK,HCLTECH,25-Jan-2018,680,PE,0,0,0,1.25,0.05,0,0,0,0,19-DEC-2017,
OPTSTK,HCLTECH,25-Jan-2018,700,PE,0,0,0,2.1,0.05,0,0,0,0,19-DEC-2017,
OPTSTK,HCLTECH,25-Jan-2018,720,PE,0,0,0,3.45,0.15,0,0,0,0,19-DEC-2017,
OPTSTK,HCLTECH,25-Jan-2018,740,PE,0,0,0,5.35,0.35,0,0,0,0,19-DEC-2017,
OPTSTK,HCLTECH,25-Jan-2018,760,PE,0,0,0,8,0.85,0,0,0,0,19-DEC-2017,
OPTSTK,HCLTECH,25-Jan-2018,780,PE,0,0,0,11.55,1.9,0,0,0,0,19-DEC-2017,
OPTSTK,HCLTECH,25-Jan-2018,800,PE,2.25,2.25,2.25,2.25,2.25,2,11.23,1400,1400,19-DEC-2017,
OPTSTK,HCLTECH,25-Jan-2018,820,PE,0,0,0,21.8,7.25,0,0,0,0,19-DEC-2017,
OPTSTK,HCLTECH,25-Jan-2018,840,PE,0,0,0,28.75,12.4,0,0,0,0,19-DEC-2017,
OPTSTK,HCLTECH,25-Jan-2018,860,PE,0,0,0,19,19.7,0,0,700,0,19-DEC-2017,
OPTSTK,HCLTECH,25-Jan-2018,880,PE,0,0,0,46.55,29.35,0,0,0,0,19-DEC-2017,
OPTSTK,HCLTECH,25-Jan-2018,900,PE,0,0,0,57.4,41.3,0,0,0,0,19-DEC-2017,
OPTSTK,HCLTECH,25-Jan-2018,920,PE,0,0,0,69.45,55.35,0,0,0,0,19-DEC-2017,
OPTSTK,HCLTECH,25-Jan-2018,940,PE,0,0,0,82.7,71.1,0,0,0,0,19-DEC-2017,
OPTSTK,HCLTECH,25-Jan-2018,960,PE,0,0,0,97,88.3,0,0,0,0,19-DEC-2017,
OPTSTK,HCLTECH,25-Jan-2018,980,PE,0,0,0,112.2,106.45,0,0,0,0,19-DEC-2017,
OPTSTK,HCLTECH,25-Jan-2018,1000,PE,0,0,0,128.2,125.3,0,0,0,0,19-DEC-2017,
OPTSTK,HCLTECH,25-Jan-2018,1020,PE,0,0,0,144.95,144.6,0,0,0,0,19-DEC-2017,
OPTSTK,HCLTECH,25-Jan-2018,1040,PE,0,0,0,162.3,164.15,0,0,0,0,19-DEC-2017,
OPTSTK,HCLTECH,25-Jan-2018,1060,PE,0,0,0,180.15,183.85,0,0,0,0,19-DEC-2017,
OPTSTK,HCLTECH,25-Jan-2018,1080,PE,0,0,0,198.4,203.6,0,0,0,0,19-DEC-2017,
OPTSTK,HCLTECH,25-Jan-2018,1100,PE,0,0,0,216.95,223.45,0,0,0,0,19-DEC-2017,
OPTSTK,HCLTECH,25-Jan-2018,1120,PE,0,0,0,235.8,243.3,0,0,0,0,19-DEC-2017,
OPTSTK,HCLTECH,22-Feb-2018,600,CE,0,0,0,256.8,276.3,0,0,0,0,19-DEC-2017,
OPTSTK,HCLTECH,22-Feb-2018,620,CE,0,0,0,237.1,256.55,0,0,0,0,19-DEC-2017,
OPTSTK,HCLTECH,22-Feb-2018,640,CE,0,0,0,217.45,236.8,0,0,0,0,19-DEC-2017,
OPTSTK,HCLTECH,22-Feb-2018,660,CE,0,0,0,197.9,217.05,0,0,0,0,19-DEC-2017,
OPTSTK,HCLTECH,22-Feb-2018,680,CE,0,0,0,178.55,197.35,0,0,0,0,19-DEC-2017,
OPTSTK,HCLTECH,22-Feb-2018,700,CE,0,0,0,159.4,177.8,0,0,0,0,19-DEC-2017,
OPTSTK,HCLTECH,22-Feb-2018,720,CE,0,0,0,140.7,158.45,0,0,0,0,19-DEC-2017,
OPTSTK,HCLTECH,22-Feb-2018,740,CE,0,0,0,122.65,139.45,0,0,0,0,19-DEC-2017,
OPTSTK,HCLTECH,22-Feb-2018,760,CE,0,0,0,105.4,121,0,0,0,0,19-DEC-2017,
OPTSTK,HCLTECH,22-Feb-2018,780,CE,0,0,0,89.2,103.35,0,0,0,0,19-DEC-2017,
OPTSTK,HCLTECH,22-Feb-2018,800,CE,0,0,0,74.3,86.75,0,0,0,0,19-DEC-2017,
OPTSTK,HCLTECH,22-Feb-2018,820,CE,0,0,0,60.8,71.45,0,0,0,0,19-DEC-2017,
OPTSTK,HCLTECH,22-Feb-2018,840,CE,0,0,0,48.95,57.65,0,0,0,0,19-DEC-2017,
OPTSTK,HCLTECH,22-Feb-2018,860,CE,0,0,0,38.65,45.55,0,0,0,0,19-DEC-2017,
OPTSTK,HCLTECH,22-Feb-2018,880,CE,0,0,0,30,35.25,0,0,0,0,19-DEC-2017,
OPTSTK,HCLTECH,22-Feb-2018,900,CE,0,0,0,22.85,26.7,0,0,0,0,19-DEC-2017,
OPTSTK,HCLTECH,22-Feb-2018,920,CE,0,0,0,17.1,19.75,0,0,0,0,19-DEC-2017,
OPTSTK,HCLTECH,22-Feb-2018,940,CE,0,0,0,12.6,14.35,0,0,0,0,19-DEC-2017,
OPTSTK,HCLTECH,22-Feb-2018,960,CE,0,0,0,9.1,10.15,0,0,0,0,19-DEC-2017,
OPTSTK,HCLTECH,22-Feb-2018,980,CE,0,0,0,6.5,7.05,0,0,0,0,19-DEC-2017,
OPTSTK,HCLTECH,22-Feb-2018,1000,CE,0,0,0,4.55,4.8,0,0,0,0,19-DEC-2017,
OPTSTK,HCLTECH,22-Feb-2018,1020,CE,0,0,0,3.1,3.2,0,0,0,0,19-DEC-2017,
OPTSTK,HCLTECH,22-Feb-2018,1040,CE,0,0,0,2.1,2.1,0,0,0,0,19-DEC-2017,
OPTSTK,HCLTECH,22-Feb-2018,1060,CE,0,0,0,1.4,1.35,0,0,0,0,19-DEC-2017,
OPTSTK,HCLTECH,22-Feb-2018,1080,CE,0,0,0,0.95,0.85,0,0,0,0,19-DEC-2017,
OPTSTK,HCLTECH,22-Feb-2018,1100,CE,0,0,0,0.6,0.55,0,0,0,0,19-DEC-2017,
OPTSTK,HCLTECH,22-Feb-2018,1120,CE,0,0,0,0.4,0.35,0,0,0,0,19-DEC-2017,
OPTSTK,HCLTECH,22-Feb-2018,600,PE,0,0,0,0.05,0,0,0,0,0,19-DEC-2017,
OPTSTK,HCLTECH,22-Feb-2018,620,PE,0,0,0,0.05,0.05,0,0,0,0,19-DEC-2017,
OPTSTK,HCLTECH,22-Feb-2018,640,PE,0,0,0,0.15,0.05,0,0,0,0,19-DEC-2017,
OPTSTK,HCLTECH,22-Feb-2018,660,PE,0,0,0,0.3,0.1,0,0,0,0,19-DEC-2017,
OPTSTK,HCLTECH,22-Feb-2018,680,PE,0,0,0,0.6,0.15,0,0,0,0,19-DEC-2017,
OPTSTK,HCLTECH,22-Feb-2018,700,PE,0,0,0,1.2,0.4,0,0,0,0,19-DEC-2017,
OPTSTK,HCLTECH,22-Feb-2018,720,PE,0,0,0,2.2,0.8,0,0,0,0,19-DEC-2017,
OPTSTK,HCLTECH,22-Feb-2018,740,PE,0,0,0,3.85,1.55,0,0,0,0,19-DEC-2017,
OPTSTK,HCLTECH,22-Feb-2018,760,PE,0,0,0,6.3,2.9,0,0,0,0,19-DEC-2017,
OPTSTK,HCLTECH,22-Feb-2018,780,PE,0,0,0,9.85,5,0,0,0,0,19-DEC-2017,
OPTSTK,HCLTECH,22-Feb-2018,800,PE,0,0,0,14.65,8.15,0,0,0,0,19-DEC-2017,
OPTSTK,HCLTECH,22-Feb-2018,820,PE,0,0,0,20.85,12.65,0,0,0,0,19-DEC-2017,
OPTSTK,HCLTECH,22-Feb-2018,840,PE,0,0,0,28.7,18.6,0,0,0,0,19-DEC-2017,
OPTSTK,HCLTECH,22-Feb-2018,860,PE,0,0,0,38.15,26.3,0,0,0,0,19-DEC-2017,
OPTSTK,HCLTECH,22-Feb-2018,880,PE,0,0,0,49.2,35.75,0,0,0,0,19-DEC-2017,
OPTSTK,HCLTECH,22-Feb-2018,900,PE,0,0,0,61.75,46.95,0,0,0,0,19-DEC-2017,
OPTSTK,HCLTECH,22-Feb-2018,920,PE,0,0,0,75.7,59.8,0,0,0,0,19-DEC-2017,
OPTSTK,HCLTECH,22-Feb-2018,940,PE,0,0,0,90.9,74.15,0,0,0,0,19-DEC-2017,
OPTSTK,HCLTECH,22-Feb-2018,960,PE,0,0,0,107.1,89.75,0,0,0,0,19-DEC-2017,
OPTSTK,HCLTECH,22-Feb-2018,980,PE,0,0,0,124.2,106.4,0,0,0,0,19-DEC-2017,
OPTSTK,HCLTECH,22-Feb-2018,1000,PE,0,0,0,141.95,123.95,0,0,0,0,19-DEC-2017,
OPTSTK,HCLTECH,22-Feb-2018,1020,PE,0,0,0,160.25,142.1,0,0,0,0,19-DEC-2017,
OPTSTK,HCLTECH,22-Feb-2018,1040,PE,0,0,0,178.95,160.75,0,0,0,0,19-DEC-2017,
OPTSTK,HCLTECH,22-Feb-2018,1060,PE,0,0,0,197.95,179.8,0,0,0,0,19-DEC-2017,
OPTSTK,HCLTECH,22-Feb-2018,1080,PE,0,0,0,217.2,199.1,0,0,0,0,19-DEC-2017,
OPTSTK,HCLTECH,22-Feb-2018,1100,PE,0,0,0,236.6,218.55,0,0,0,0,19-DEC-2017,
OPTSTK,HCLTECH,22-Feb-2018,1120,PE,0,0,0,256.1,238.1,0,0,0,0,19-DEC-2017,
OPTSTK,HDFC,28-Dec-2017,1380,CE,0,0,0,386.15,331.3,0,0,0,0,19-DEC-2017,
OPTSTK,HDFC,28-Dec-2017,1400,CE,0,0,0,366.65,311.35,0,0,0,0,19-DEC-2017,
OPTSTK,HDFC,28-Dec-2017,1420,CE,0,0,0,347.2,291.4,0,0,0,0,19-DEC-2017,
OPTSTK,HDFC,28-Dec-2017,1440,CE,0,0,0,327.9,271.4,0,0,0,0,19-DEC-2017,
OPTSTK,HDFC,28-Dec-2017,1460,CE,0,0,0,308.7,251.45,0,0,0,0,19-DEC-2017,
OPTSTK,HDFC,28-Dec-2017,1480,CE,0,0,0,289.7,231.45,0,0,0,0,19-DEC-2017,
OPTSTK,HDFC,28-Dec-2017,1500,CE,0,0,0,270.95,211.5,0,0,0,0,19-DEC-2017,
OPTSTK,HDFC,28-Dec-2017,1520,CE,0,0,0,252.45,191.55,0,0,0,0,19-DEC-2017,
OPTSTK,HDFC,28-Dec-2017,1540,CE,0,0,0,173.25,171.55,0,0,500,0,19-DEC-2017,
OPTSTK,HDFC,28-Dec-2017,1560,CE,0,0,0,153.75,151.6,0,0,1500,0,19-DEC-2017,
OPTSTK,HDFC,28-Dec-2017,1580,CE,0,0,0,199.35,131.75,0,0,0,0,19-DEC-2017,
OPTSTK,HDFC,28-Dec-2017,1600,CE,0,0,0,69.3,112,0,0,4000,0,19-DEC-2017,
OPTSTK,HDFC,28-Dec-2017,1620,CE,0,0,0,96.2,92.6,0,0,4000,0,19-DEC-2017,
OPTSTK,HDFC,28-Dec-2017,1640,CE,0,0,0,65,74,0,0,6000,0,19-DEC-2017,
OPTSTK,HDFC,28-Dec-2017,1660,CE,61,61,52.1,55.25,55.25,21,180.3,48500,-8500,19-DEC-2017,
OPTSTK,HDFC,28-Dec-2017,1680,CE,45.15,46.5,40,42.5,42.5,52,448.2,128000,-23000,19-DEC-2017,
OPTSTK,HDFC,28-Dec-2017,1700,CE,31,33,25.05,26.45,26.45,246,2126.47,215500,-12000,19-DEC-2017,
OPTSTK,HDFC,28-Dec-2017,1720,CE,22,22.4,16.5,17.55,17.55,1041,9053.93,243500,108000,19-DEC-2017,
OPTSTK,HDFC,28-Dec-2017,1740,CE,13,14.2,10.25,10.9,10.9,749,6562.55,234000,35000,19-DEC-2017,
OPTSTK,HDFC,28-Dec-2017,1760,CE,8.05,9,6.5,7.15,7.15,484,4277.86,197500,30500,19-DEC-2017,
OPTSTK,HDFC,28-Dec-2017,1780,CE,5.65,6,4.4,4.9,4.9,289,2579.56,91500,-1500,19-DEC-2017,
OPTSTK,HDFC,28-Dec-2017,1800,CE,4.1,4.2,3.2,3.5,3.5,223,2011.05,238500,11000,19-DEC-2017,
OPTSTK,HDFC,28-Dec-2017,1820,CE,2.9,3.15,2.45,2.7,2.7,113,1029.88,62500,-1500,19-DEC-2017,
OPTSTK,HDFC,28-Dec-2017,1840,CE,2.25,2.5,2.1,2.35,2.35,47,432.93,39000,19500,19-DEC-2017,
OPTSTK,HDFC,28-Dec-2017,1860,CE,2.75,2.75,1.3,2,2,5,46.55,1500,-500,19-DEC-2017,
OPTSTK,HDFC,28-Dec-2017,1880,CE,2.5,2.5,1.5,2,2,18,169.37,7000,6500,19-DEC-2017,
OPTSTK,HDFC,28-Dec-2017,1900,CE,2,2,1.15,1.8,1.8,135,1283.68,65500,38500,19-DEC-2017,
OPTSTK,HDFC,28-Dec-2017,1920,CE,0,0,0,21.9,0,0,0,0,0,19-DEC-2017,
OPTSTK,HDFC,28-Dec-2017,1940,CE,0.6,0.6,0.6,0.6,0.6,2,19.4,0,-1000,19-DEC-2017,
OPTSTK,HDFC,28-Dec-2017,1960,CE,0,0,0,15.15,0,0,0,0,0,19-DEC-2017,
OPTSTK,HDFC,28-Dec-2017,1980,CE,0,0,0,1.4,0,0,0,1000,0,19-DEC-2017,
OPTSTK,HDFC,28-Dec-2017,2000,CE,0,0,0,2,0,0,0,4500,0,19-DEC-2017,
OPTSTK,HDFC,28-Dec-2017,1380,PE,0,0,0,0.35,0,0,0,0,0,19-DEC-2017,
OPTSTK,HDFC,28-Dec-2017,1400,PE,0,0,0,0.5,0,0,0,0,0,19-DEC-2017,
OPTSTK,HDFC,28-Dec-2017,1420,PE,0,0,0,0.75,0,0,0,0,0,19-DEC-2017,
OPTSTK,HDFC,28-Dec-2017,1440,PE,0,0,0,1.15,0,0,0,0,0,19-DEC-2017,
OPTSTK,HDFC,28-Dec-2017,1460,PE,0,0,0,1.65,0,0,0,0,0,19-DEC-2017,
OPTSTK,HDFC,28-Dec-2017,1480,PE,0,0,0,2.35,0,0,0,0,0,19-DEC-2017,
OPTSTK,HDFC,28-Dec-2017,1500,PE,0,0,0,3.25,0,0,0,0,0,19-DEC-2017,
OPTSTK,HDFC,28-Dec-2017,1520,PE,0,0,0,2.5,0,0,0,5500,0,19-DEC-2017,
OPTSTK,HDFC,28-Dec-2017,1540,PE,0,0,0,3.35,0.05,0,0,5500,0,19-DEC-2017,
OPTSTK,HDFC,28-Dec-2017,1560,PE,0,0,0,1.75,0.05,0,0,6500,0,19-DEC-2017,
OPTSTK,HDFC,28-Dec-2017,1580,PE,0.5,0.5,0.5,0.5,0.5,1,7.9,8000,-500,19-DEC-2017,
OPTSTK,HDFC,28-Dec-2017,1600,PE,0,0,0,1,0.35,0,0,61500,0,19-DEC-2017,
OPTSTK,HDFC,28-Dec-2017,1620,PE,1.5,1.5,1.5,1.5,1.5,1,8.1,26000,-500,19-DEC-2017,
OPTSTK,HDFC,28-Dec-2017,1640,PE,2.35,3.15,2,2.35,2.35,99,813.05,135500,6500,19-DEC-2017,
OPTSTK,HDFC,28-Dec-2017,1660,PE,4.4,4.6,3.25,4.3,4.3,72,599.07,88000,12000,19-DEC-2017,
OPTSTK,HDFC,28-Dec-2017,1680,PE,6.3,8.15,6,7.3,7.3,185,1560.59,176000,5000,19-DEC-2017,
OPTSTK,HDFC,28-Dec-2017,1700,PE,11.6,14.85,10.65,13.35,13.35,410,3511.3,144000,-14500,19-DEC-2017,
OPTSTK,HDFC,28-Dec-2017,1720,PE,20.3,24.6,18.65,23.2,23.2,136,1184.67,32500,-3000,19-DEC-2017,
OPTSTK,HDFC,28-Dec-2017,1740,PE,35.1,37.3,29.95,37.25,37.25,44,390.37,37500,500,19-DEC-2017,
OPTSTK,HDFC,28-Dec-2017,1760,PE,48.5,50.5,47,49,49,10,90.43,14500,5000,19-DEC-2017,
OPTSTK,HDFC,28-Dec-2017,1780,PE,65,67,65,66.5,66.5,4,36.92,5000,2000,19-DEC-2017,
OPTSTK,HDFC,28-Dec-2017,1800,PE,85,90,82,89.7,89.7,14,132.06,40000,4000,19-DEC-2017,
OPTSTK,HDFC,28-Dec-2017,1820,PE,0,0,0,107.85,108.65,0,0,500,0,19-DEC-2017,
OPTSTK,HDFC,28-Dec-2017,1840,PE,0,0,0,145.7,128.25,0,0,500,0,19-DEC-2017,
OPTSTK,HDFC,28-Dec-2017,1860,PE,0,0,0,123,148.05,0,0,0,0,19-DEC-2017,
OPTSTK,HDFC,28-Dec-2017,1880,PE,0,0,0,137.2,168,0,0,0,0,19-DEC-2017,
OPTSTK,HDFC,28-Dec-2017,1900,PE,0,0,0,152.2,187.9,0,0,0,0,19-DEC-2017,
OPTSTK,HDFC,28-Dec-2017,1920,PE,0,0,0,167.65,207.9,0,0,0,0,19-DEC-2017,
OPTSTK,HDFC,28-Dec-2017,1940,PE,0,0,0,183.75,227.85,0,0,0,0,19-DEC-2017,
OPTSTK,HDFC,28-Dec-2017,1960,PE,0,0,0,200.3,247.8,0,0,0,0,19-DEC-2017,
OPTSTK,HDFC,28-Dec-2017,1980,PE,0,0,0,217.35,267.8,0,0,0,0,19-DEC-2017,
OPTSTK,HDFC,28-Dec-2017,2000,PE,0,0,0,234.8,287.75,0,0,0,0,19-DEC-2017,
OPTSTK,HDFC,25-Jan-2018,1380,CE,0,0,0,334.55,338.15,0,0,0,0,19-DEC-2017,
OPTSTK,HDFC,25-Jan-2018,1400,CE,0,0,0,315.15,318.3,0,0,0,0,19-DEC-2017,
OPTSTK,HDFC,25-Jan-2018,1420,CE,0,0,0,295.9,298.45,0,0,0,0,19-DEC-2017,
OPTSTK,HDFC,25-Jan-2018,1440,CE,0,0,0,276.8,278.65,0,0,0,0,19-DEC-2017,
OPTSTK,HDFC,25-Jan-2018,1460,CE,0,0,0,257.9,258.85,0,0,0,0,19-DEC-2017,
OPTSTK,HDFC,25-Jan-2018,1480,CE,0,0,0,239.35,239.15,0,0,0,0,19-DEC-2017,
OPTSTK,HDFC,25-Jan-2018,1500,CE,0,0,0,221.1,219.6,0,0,0,0,19-DEC-2017,
OPTSTK,HDFC,25-Jan-2018,1520,CE,0,0,0,203.3,200.2,0,0,0,0,19-DEC-2017,
OPTSTK,HDFC,25-Jan-2018,1540,CE,0,0,0,185.95,181.1,0,0,0,0,19-DEC-2017,
OPTSTK,HDFC,25-Jan-2018,1560,CE,0,0,0,169.25,162.4,0,0,0,0,19-DEC-2017,
OPTSTK,HDFC,25-Jan-2018,1580,CE,0,0,0,153.15,144.2,0,0,0,0,19-DEC-2017,
OPTSTK,HDFC,25-Jan-2018,1600,CE,0,0,0,137.8,126.7,0,0,0,0,19-DEC-2017,
OPTSTK,HDFC,25-Jan-2018,1620,CE,0,0,0,123.3,110.05,0,0,0,0,19-DEC-2017,
OPTSTK,HDFC,25-Jan-2018,1640,CE,0,0,0,109.55,94.4,0,0,0,0,19-DEC-2017,
OPTSTK,HDFC,25-Jan-2018,1660,CE,0,0,0,70,79.9,0,0,6000,0,19-DEC-2017,
OPTSTK,HDFC,25-Jan-2018,1680,CE,0,0,0,46,66.7,0,0,1000,0,19-DEC-2017,
OPTSTK,HDFC,25-Jan-2018,1700,CE,0,0,0,74.05,54.9,0,0,0,0,19-DEC-2017,
OPTSTK,HDFC,25-Jan-2018,1720,CE,0,0,0,64.1,44.45,0,0,0,0,19-DEC-2017,
OPTSTK,HDFC,25-Jan-2018,1740,CE,30,30,28.55,28.55,28.55,3,26.53,5500,500,19-DEC-2017,
OPTSTK,HDFC,25-Jan-2018,1760,CE,24,24,24,24,24,2,17.84,1000,1000,19-DEC-2017,
OPTSTK,HDFC,25-Jan-2018,1780,CE,17,17,17,17,17,1,8.98,500,500,19-DEC-2017,
OPTSTK,HDFC,25-Jan-2018,1800,CE,0,0,0,33.7,16.35,0,0,0,0,19-DEC-2017,
OPTSTK,HDFC,25-Jan-2018,1820,CE,0,0,0,28.2,12.2,0,0,0,0,19-DEC-2017,
OPTSTK,HDFC,25-Jan-2018,1840,CE,0,0,0,23.55,9,0,0,0,0,19-DEC-2017,
OPTSTK,HDFC,25-Jan-2018,1860,CE,0,0,0,19.4,6.5,0,0,0,0,19-DEC-2017,
OPTSTK,HDFC,25-Jan-2018,1880,CE,0,0,0,8,4.6,0,0,3500,0,19-DEC-2017,
OPTSTK,HDFC,25-Jan-2018,1900,CE,0,0,0,13,3.25,0,0,0,0,19-DEC-2017,
OPTSTK,HDFC,25-Jan-2018,1920,CE,0,0,0,10.5,2.2,0,0,0,0,19-DEC-2017,
OPTSTK,HDFC,25-Jan-2018,1940,CE,0,0,0,8.45,1.5,0,0,0,0,19-DEC-2017,
OPTSTK,HDFC,25-Jan-2018,1960,CE,0,0,0,2.8,1,0,0,500,0,19-DEC-2017,
OPTSTK,HDFC,25-Jan-2018,1980,CE,0,0,0,5.35,0.65,0,0,0,0,19-DEC-2017,
OPTSTK,HDFC,25-Jan-2018,2000,CE,0,0,0,4.25,0.45,0,0,0,0,19-DEC-2017,
OPTSTK,HDFC,25-Jan-2018,1380,PE,0,0,0,0.55,0.05,0,0,0,0,19-DEC-2017,
OPTSTK,HDFC,25-Jan-2018,1400,PE,0,0,0,0.85,0.05,0,0,0,0,19-DEC-2017,
OPTSTK,HDFC,25-Jan-2018,1420,PE,0,0,0,1.25,0.05,0,0,0,0,19-DEC-2017,
OPTSTK,HDFC,25-Jan-2018,1440,PE,0,0,0,1.85,0.1,0,0,0,0,19-DEC-2017,
OPTSTK,HDFC,25-Jan-2018,1460,PE,0,0,0,2.65,0.2,0,0,0,0,19-DEC-2017,
OPTSTK,HDFC,25-Jan-2018,1480,PE,0,0,0,3.75,0.4,0,0,0,0,19-DEC-2017,
OPTSTK,HDFC,25-Jan-2018,1500,PE,0,0,0,5.2,0.7,0,0,0,0,19-DEC-2017,
OPTSTK,HDFC,25-Jan-2018,1520,PE,0,0,0,7.1,1.15,0,0,0,0,19-DEC-2017,
OPTSTK,HDFC,25-Jan-2018,1540,PE,0,0,0,9.45,1.95,0,0,0,0,19-DEC-2017,
OPTSTK,HDFC,25-Jan-2018,1560,PE,0,0,0,12.4,3.1,0,0,0,0,19-DEC-2017,
OPTSTK,HDFC,25-Jan-2018,1580,PE,0,0,0,16.05,4.8,0,0,0,0,19-DEC-2017,
OPTSTK,HDFC,25-Jan-2018,1600,PE,5,5,5,5,5,10,80.25,5500,5000,19-DEC-2017,
OPTSTK,HDFC,25-Jan-2018,1620,PE,0,0,0,17,10.35,0,0,1000,0,19-DEC-2017,
OPTSTK,HDFC,25-Jan-2018,1640,PE,0,0,0,17,14.6,0,0,1000,0,19-DEC-2017,
OPTSTK,HDFC,25-Jan-2018,1660,PE,0,0,0,27,19.95,0,0,1500,0,19-DEC-2017,
OPTSTK,HDFC,25-Jan-2018,1680,PE,0,0,0,19,26.65,0,0,14500,0,19-DEC-2017,
OPTSTK,HDFC,25-Jan-2018,1700,PE,25,27.9,24.5,27.9,27.9,6,51.77,5500,3000,19-DEC-2017,
OPTSTK,HDFC,25-Jan-2018,1720,PE,0,0,0,64.8,44.1,0,0,0,0,19-DEC-2017,
OPTSTK,HDFC,25-Jan-2018,1740,PE,0,0,0,75.5,55,0,0,0,0,19-DEC-2017,
OPTSTK,HDFC,25-Jan-2018,1760,PE,54.05,58,54.05,54.9,54.9,3,27.23,1500,1500,19-DEC-2017,
OPTSTK,HDFC,25-Jan-2018,1780,PE,0,0,0,99.75,80.75,0,0,0,0,19-DEC-2017,
OPTSTK,HDFC,25-Jan-2018,1800,PE,0,0,0,113.15,95.5,0,0,0,0,19-DEC-2017,
OPTSTK,HDFC,25-Jan-2018,1820,PE,0,0,0,127.3,111.2,0,0,0,0,19-DEC-2017,
OPTSTK,HDFC,25-Jan-2018,1840,PE,0,0,0,142.35,127.85,0,0,0,0,19-DEC-2017,
OPTSTK,HDFC,25-Jan-2018,1860,PE,0,0,0,157.9,145.25,0,0,0,0,19-DEC-2017,
OPTSTK,HDFC,25-Jan-2018,1880,PE,0,0,0,174.1,163.25,0,0,0,0,19-DEC-2017,
OPTSTK,HDFC,25-Jan-2018,1900,PE,0,0,0,190.85,181.7,0,0,0,0,19-DEC-2017,
OPTSTK,HDFC,25-Jan-2018,1920,PE,0,0,0,208.05,200.6,0,0,0,0,19-DEC-2017,
OPTSTK,HDFC,25-Jan-2018,1940,PE,0,0,0,225.7,219.75,0,0,0,0,19-DEC-2017,
OPTSTK,HDFC,25-Jan-2018,1960,PE,0,0,0,243.65,239.1,0,0,0,0,19-DEC-2017,
OPTSTK,HDFC,25-Jan-2018,1980,PE,0,0,0,261.95,258.65,0,0,0,0,19-DEC-2017,
OPTSTK,HDFC,25-Jan-2018,2000,PE,0,0,0,280.5,278.25,0,0,0,0,19-DEC-2017,
OPTSTK,HDFC,22-Feb-2018,1380,CE,0,0,0,317.3,345.1,0,0,0,0,19-DEC-2017,
OPTSTK,HDFC,22-Feb-2018,1400,CE,0,0,0,298.2,325.45,0,0,0,0,19-DEC-2017,
OPTSTK,HDFC,22-Feb-2018,1420,CE,0,0,0,279.35,305.85,0,0,0,0,19-DEC-2017,
OPTSTK,HDFC,22-Feb-2018,1440,CE,0,0,0,260.75,286.4,0,0,0,0,19-DEC-2017,
OPTSTK,HDFC,22-Feb-2018,1460,CE,0,0,0,242.45,267.1,0,0,0,0,19-DEC-2017,
OPTSTK,HDFC,22-Feb-2018,1480,CE,0,0,0,224.6,247.95,0,0,0,0,19-DEC-2017,
OPTSTK,HDFC,22-Feb-2018,1500,CE,0,0,0,207.15,229.1,0,0,0,0,19-DEC-2017,
OPTSTK,HDFC,22-Feb-2018,1520,CE,0,0,0,190.25,210.6,0,0,0,0,19-DEC-2017,
OPTSTK,HDFC,22-Feb-2018,1540,CE,0,0,0,173.95,192.5,0,0,0,0,19-DEC-2017,
OPTSTK,HDFC,22-Feb-2018,1560,CE,0,0,0,158.25,174.9,0,0,0,0,19-DEC-2017,
OPTSTK,HDFC,22-Feb-2018,1580,CE,0,0,0,143.35,157.95,0,0,0,0,19-DEC-2017,
OPTSTK,HDFC,22-Feb-2018,1600,CE,0,0,0,129.05,141.65,0,0,0,0,19-DEC-2017,
OPTSTK,HDFC,22-Feb-2018,1620,CE,0,0,0,115.7,126.15,0,0,0,0,19-DEC-2017,
OPTSTK,HDFC,22-Feb-2018,1640,CE,0,0,0,103.15,111.55,0,0,0,0,19-DEC-2017,
OPTSTK,HDFC,22-Feb-2018,1660,CE,0,0,0,91.5,97.85,0,0,0,0,19-DEC-2017,
OPTSTK,HDFC,22-Feb-2018,1680,CE,0,0,0,80.7,85.2,0,0,0,0,19-DEC-2017,
OPTSTK,HDFC,22-Feb-2018,1700,CE,0,0,0,70.8,73.6,0,0,0,0,19-DEC-2017,
OPTSTK,HDFC,22-Feb-2018,1720,CE,0,0,0,61.75,63.05,0,0,0,0,19-DEC-2017,
OPTSTK,HDFC,22-Feb-2018,1740,CE,0,0,0,53.6,53.55,0,0,0,0,19-DEC-2017,
OPTSTK,HDFC,22-Feb-2018,1760,CE,0,0,0,46.25,45.1,0,0,0,0,19-DEC-2017,
OPTSTK,HDFC,22-Feb-2018,1780,CE,0,0,0,39.7,37.65,0,0,0,0,19-DEC-2017,
OPTSTK,HDFC,22-Feb-2018,1800,CE,0,0,0,33.85,31.2,0,0,0,0,19-DEC-2017,
OPTSTK,HDFC,22-Feb-2018,1820,CE,0,0,0,28.85,25.6,0,0,0,0,19-DEC-2017,
OPTSTK,HDFC,22-Feb-2018,1840,CE,0,0,0,24.3,20.85,0,0,0,0,19-DEC-2017,
OPTSTK,HDFC,22-Feb-2018,1860,CE,0,0,0,20.4,16.85,0,0,0,0,19-DEC-2017,
OPTSTK,HDFC,22-Feb-2018,1880,CE,0,0,0,17.05,13.5,0,0,0,0,19-DEC-2017,
OPTSTK,HDFC,22-Feb-2018,1900,CE,0,0,0,14.2,10.7,0,0,0,0,19-DEC-2017,
OPTSTK,HDFC,22-Feb-2018,1920,CE,0,0,0,11.7,8.4,0,0,0,0,19-DEC-2017,
OPTSTK,HDFC,22-Feb-2018,1940,CE,0,0,0,9.65,6.55,0,0,0,0,19-DEC-2017,
OPTSTK,HDFC,22-Feb-2018,1960,CE,0,0,0,7.9,5.1,0,0,0,0,19-DEC-2017,
OPTSTK,HDFC,22-Feb-2018,1980,CE,0,0,0,6.45,3.9,0,0,0,0,19-DEC-2017,
OPTSTK,HDFC,22-Feb-2018,2000,CE,0,0,0,5.2,3,0,0,0,0,19-DEC-2017,
OPTSTK,HDFC,22-Feb-2018,1380,PE,0,0,0,1.45,0.2,0,0,0,0,19-DEC-2017,
OPTSTK,HDFC,22-Feb-2018,1400,PE,0,0,0,2.1,0.35,0,0,0,0,19-DEC-2017,
OPTSTK,HDFC,22-Feb-2018,1420,PE,0,0,0,2.95,0.55,0,0,0,0,19-DEC-2017,
OPTSTK,HDFC,22-Feb-2018,1440,PE,0,0,0,4.05,0.85,0,0,0,0,19-DEC-2017,
OPTSTK,HDFC,22-Feb-2018,1460,PE,0,0,0,5.5,1.3,0,0,0,0,19-DEC-2017,
OPTSTK,HDFC,22-Feb-2018,1480,PE,0,0,0,7.3,1.95,0,0,0,0,19-DEC-2017,
OPTSTK,HDFC,22-Feb-2018,1500,PE,0,0,0,9.6,2.85,0,0,0,0,19-DEC-2017,
OPTSTK,HDFC,22-Feb-2018,1520,PE,0,0,0,12.4,4.1,0,0,0,0,19-DEC-2017,
OPTSTK,HDFC,22-Feb-2018,1540,PE,0,0,0,15.8,5.8,0,0,0,0,19-DEC-2017,
OPTSTK,HDFC,22-Feb-2018,1560,PE,0,0,0,19.8,8,0,0,0,0,19-DEC-2017,
OPTSTK,HDFC,22-Feb-2018,1580,PE,0,0,0,24.65,10.75,0,0,0,0,19-DEC-2017,
OPTSTK,HDFC,22-Feb-2018,1600,PE,0,0,0,30.05,14.25,0,0,0,0,19-DEC-2017,
OPTSTK,HDFC,22-Feb-2018,1620,PE,0,0,0,36.4,18.55,0,0,0,0,19-DEC-2017,
OPTSTK,HDFC,22-Feb-2018,1640,PE,0,0,0,43.55,23.7,0,0,0,0,19-DEC-2017,
OPTSTK,HDFC,22-Feb-2018,1660,PE,0,0,0,51.6,29.8,0,0,0,0,19-DEC-2017,
OPTSTK,HDFC,22-Feb-2018,1680,PE,0,0,0,60.5,36.9,0,0,0,0,19-DEC-2017,
OPTSTK,HDFC,22-Feb-2018,1700,PE,0,0,0,70.3,45.05,0,0,0,0,19-DEC-2017,
OPTSTK,HDFC,22-Feb-2018,1720,PE,0,0,0,81,54.25,0,0,0,0,19-DEC-2017,
OPTSTK,HDFC,22-Feb-2018,1740,PE,0,0,0,92.55,64.55,0,0,0,0,19-DEC-2017,
OPTSTK,HDFC,22-Feb-2018,1760,PE,0,0,0,104.9,75.9,0,0,0,0,19-DEC-2017,
OPTSTK,HDFC,22-Feb-2018,1780,PE,0,0,0,118.05,88.2,0,0,0,0,19-DEC-2017,
OPTSTK,HDFC,22-Feb-2018,1800,PE,0,0,0,131.95,101.5,0,0,0,0,19-DEC-2017,
OPTSTK,HDFC,22-Feb-2018,1820,PE,0,0,0,146.6,115.7,0,0,0,0,19-DEC-2017,
OPTSTK,HDFC,22-Feb-2018,1840,PE,0,0,0,161.8,130.75,0,0,0,0,19-DEC-2017,
OPTSTK,HDFC,22-Feb-2018,1860,PE,0,0,0,177.6,146.5,0,0,0,0,19-DEC-2017,
OPTSTK,HDFC,22-Feb-2018,1880,PE,0,0,0,193.95,162.9,0,0,0,0,19-DEC-2017,
OPTSTK,HDFC,22-Feb-2018,1900,PE,0,0,0,210.8,179.9,0,0,0,0,19-DEC-2017,
OPTSTK,HDFC,22-Feb-2018,1920,PE,0,0,0,228.05,197.4,0,0,0,0,19-DEC-2017,
OPTSTK,HDFC,22-Feb-2018,1940,PE,0,0,0,245.65,215.3,0,0,0,0,19-DEC-2017,
OPTSTK,HDFC,22-Feb-2018,1960,PE,0,0,0,263.6,233.6,0,0,0,0,19-DEC-2017,
OPTSTK,HDFC,22-Feb-2018,1980,PE,0,0,0,281.85,252.2,0,0,0,0,19-DEC-2017,
OPTSTK,HDFC,22-Feb-2018,2000,PE,0,0,0,300.35,271,0,0,0,0,19-DEC-2017,
OPTSTK,HDFCBANK,28-Dec-2017,1400,CE,0,0,0,417.1,486.7,0,0,0,0,19-DEC-2017,
OPTSTK,HDFCBANK,28-Dec-2017,1420,CE,0,0,0,397.45,466.75,0,0,0,0,19-DEC-2017,
OPTSTK,HDFCBANK,28-Dec-2017,1440,CE,0,0,0,377.75,446.75,0,0,0,0,19-DEC-2017,
OPTSTK,HDFCBANK,28-Dec-2017,1460,CE,0,0,0,358.1,426.8,0,0,0,0,19-DEC-2017,
OPTSTK,HDFCBANK,28-Dec-2017,1480,CE,0,0,0,338.5,406.8,0,0,0,0,19-DEC-2017,
OPTSTK,HDFCBANK,28-Dec-2017,1500,CE,0,0,0,318.9,386.85,0,0,0,0,19-DEC-2017,
OPTSTK,HDFCBANK,28-Dec-2017,1520,CE,0,0,0,299.4,366.9,0,0,0,0,19-DEC-2017,
OPTSTK,HDFCBANK,28-Dec-2017,1540,CE,0,0,0,279.95,346.9,0,0,0,0,19-DEC-2017,
OPTSTK,HDFCBANK,28-Dec-2017,1560,CE,0,0,0,260.65,326.95,0,0,0,0,19-DEC-2017,
OPTSTK,HDFCBANK,28-Dec-2017,1580,CE,0,0,0,241.55,307,0,0,0,0,19-DEC-2017,
OPTSTK,HDFCBANK,28-Dec-2017,1600,CE,282,288,280.45,288,288,25,235.46,2500,-10500,19-DEC-2017,
OPTSTK,HDFCBANK,28-Dec-2017,1620,CE,0,0,0,204.2,267.05,0,0,0,0,19-DEC-2017,
OPTSTK,HDFCBANK,28-Dec-2017,1640,CE,0,0,0,186.1,247.05,0,0,0,0,19-DEC-2017,
OPTSTK,HDFCBANK,28-Dec-2017,1660,CE,221,228,221,227.5,227.5,6,56.56,2000,-2000,19-DEC-2017,
OPTSTK,HDFCBANK,28-Dec-2017,1680,CE,207,207,207,207,207,1,9.43,2000,0,19-DEC-2017,
OPTSTK,HDFCBANK,28-Dec-2017,1700,CE,0,0,0,161.5,187.15,0,0,3000,0,19-DEC-2017,
OPTSTK,HDFCBANK,28-Dec-2017,1720,CE,0,0,0,142,167.2,0,0,2000,0,19-DEC-2017,
OPTSTK,HDFCBANK,28-Dec-2017,1740,CE,0,0,0,108.25,147.25,0,0,8000,0,19-DEC-2017,
OPTSTK,HDFCBANK,28-Dec-2017,1760,CE,0,0,0,105,127.3,0,0,1000,0,19-DEC-2017,
OPTSTK,HDFCBANK,28-Dec-2017,1780,CE,0,0,0,66,107.5,0,0,1500,0,19-DEC-2017,
OPTSTK,HDFCBANK,28-Dec-2017,1800,CE,80,92,80,89,89,9,84.94,45500,-500,19-DEC-2017,
OPTSTK,HDFCBANK,28-Dec-2017,1820,CE,65,70,59.6,69.55,69.55,12,113.14,43000,1000,19-DEC-2017,
OPTSTK,HDFCBANK,28-Dec-2017,1840,CE,50.9,55.25,44.4,48.7,48.7,91,859.53,95500,-12500,19-DEC-2017,
OPTSTK,HDFCBANK,28-Dec-2017,1860,CE,35.15,40,30,33.35,33.35,142,1344.56,131500,-10000,19-DEC-2017,
OPTSTK,HDFCBANK,28-Dec-2017,1880,CE,24,28.4,19.95,22.6,22.6,1188,11309.08,288000,44000,19-DEC-2017,
OPTSTK,HDFCBANK,28-Dec-2017,1900,CE,16,18.6,13.15,14.85,14.85,2452,23487.69,929500,71000,19-DEC-2017,
OPTSTK,HDFCBANK,28-Dec-2017,1920,CE,10.6,11.95,8.75,9.6,9.6,1105,10665.48,284000,-8000,19-DEC-2017,
OPTSTK,HDFCBANK,28-Dec-2017,1940,CE,11,11,5.9,6.35,6.35,668,6502.26,307000,59500,19-DEC-2017,
OPTSTK,HDFCBANK,28-Dec-2017,1960,CE,5.25,5.7,3.9,4.25,4.25,192,1886.03,110500,22000,19-DEC-2017,
OPTSTK,HDFCBANK,28-Dec-2017,1980,CE,2.85,3.9,2.85,3.2,3.2,47,466.05,41500,5000,19-DEC-2017,
OPTSTK,HDFCBANK,28-Dec-2017,2000,CE,2.65,3.05,2.1,2.5,2.5,204,2042.67,180000,44500,19-DEC-2017,
OPTSTK,HDFCBANK,28-Dec-2017,2020,CE,2.45,2.45,1.95,2,2,21,212.31,11000,9000,19-DEC-2017,
OPTSTK,HDFCBANK,28-Dec-2017,2040,CE,2,2,2,2,2,1,10.21,500,500,19-DEC-2017,
OPTSTK,HDFCBANK,28-Dec-2017,2060,CE,0,0,0,3.75,0.05,0,0,0,0,19-DEC-2017,
OPTSTK,HDFCBANK,28-Dec-2017,2080,CE,0,0,0,2.8,0,0,0,0,0,19-DEC-2017,
OPTSTK,HDFCBANK,28-Dec-2017,1400,PE,0,0,0,0.05,0,0,0,0,0,19-DEC-2017,
OPTSTK,HDFCBANK,28-Dec-2017,1420,PE,0,0,0,0.05,0,0,0,0,0,19-DEC-2017,
OPTSTK,HDFCBANK,28-Dec-2017,1440,PE,0,0,0,0.05,0,0,0,0,0,19-DEC-2017,
OPTSTK,HDFCBANK,28-Dec-2017,1460,PE,0,0,0,0.1,0,0,0,0,0,19-DEC-2017,
OPTSTK,HDFCBANK,28-Dec-2017,1480,PE,0,0,0,0.15,0,0,0,0,0,19-DEC-2017,
OPTSTK,HDFCBANK,28-Dec-2017,1500,PE,0,0,0,0.25,0,0,0,0,0,19-DEC-2017,
OPTSTK,HDFCBANK,28-Dec-2017,1520,PE,0,0,0,0.45,0,0,0,0,0,19-DEC-2017,
OPTSTK,HDFCBANK,28-Dec-2017,1540,PE,0,0,0,0.7,0,0,0,0,0,19-DEC-2017,
OPTSTK,HDFCBANK,28-Dec-2017,1560,PE,0,0,0,1.1,0,0,0,0,0,19-DEC-2017,
OPTSTK,HDFCBANK,28-Dec-2017,1580,PE,0,0,0,1.7,0,0,0,0,0,19-DEC-2017,
OPTSTK,HDFCBANK,28-Dec-2017,1600,PE,1,1.65,0.2,0.2,0.2,13,104.06,3500,1000,19-DEC-2017,
OPTSTK,HDFCBANK,28-Dec-2017,1620,PE,0,0,0,3.7,0,0,0,0,0,19-DEC-2017,
OPTSTK,HDFCBANK,28-Dec-2017,1640,PE,0,0,0,5.25,0,0,0,0,0,19-DEC-2017,
OPTSTK,HDFCBANK,28-Dec-2017,1660,PE,0.95,0.95,0.8,0.8,0.8,3,24.91,1500,1500,19-DEC-2017,
OPTSTK,HDFCBANK,28-Dec-2017,1680,PE,0,0,0,0.8,0,0,0,8000,0,19-DEC-2017,
OPTSTK,HDFCBANK,28-Dec-2017,1700,PE,0,0,0,0.5,0,0,0,28500,0,19-DEC-2017,
OPTSTK,HDFCBANK,28-Dec-2017,1720,PE,0.4,0.4,0.35,0.4,0.4,3,25.8,12000,0,19-DEC-2017,
OPTSTK,HDFCBANK,28-Dec-2017,1740,PE,0.85,0.85,0.6,0.6,0.6,9,78.33,48000,-1000,19-DEC-2017,
OPTSTK,HDFCBANK,28-Dec-2017,1760,PE,1.85,1.85,0.65,1.5,1.5,6,52.84,47500,500,19-DEC-2017,
OPTSTK,HDFCBANK,28-Dec-2017,1780,PE,2.25,2.75,1.35,1.55,1.55,170,1514.75,84000,-44500,19-DEC-2017,
OPTSTK,HDFCBANK,28-Dec-2017,1800,PE,2.75,3.75,2.1,2.4,2.4,234,2109.23,210500,2500,19-DEC-2017,
OPTSTK,HDFCBANK,28-Dec-2017,1820,PE,5.6,6.4,3.65,4.05,4.05,273,2491.25,184000,24000,19-DEC-2017,
OPTSTK,HDFCBANK,28-Dec-2017,1840,PE,9.35,10.5,6.05,7.05,7.05,284,2624.21,253500,14000,19-DEC-2017,
OPTSTK,HDFCBANK,28-Dec-2017,1860,PE,14.95,17.05,10.05,12.35,12.35,546,5115.01,210000,20500,19-DEC-2017,
OPTSTK,HDFCBANK,28-Dec-2017,1880,PE,23.15,26.05,16.4,20.45,20.45,522,4961.77,162000,57000,19-DEC-2017,
OPTSTK,HDFCBANK,28-Dec-2017,1900,PE,33.45,38.25,26.15,31.75,31.75,186,1795.43,108000,46500,19-DEC-2017,
OPTSTK,HDFCBANK,28-Dec-2017,1920,PE,0,0,0,40.3,40.4,0,0,500,0,19-DEC-2017,
OPTSTK,HDFCBANK,28-Dec-2017,1940,PE,0,0,0,75,56.45,0,0,5000,0,19-DEC-2017,
OPTSTK,HDFCBANK,28-Dec-2017,1960,PE,0,0,0,148.05,74.25,0,0,0,0,19-DEC-2017,
OPTSTK,HDFCBANK,28-Dec-2017,1980,PE,0,0,0,99,93.15,0,0,1500,0,19-DEC-2017,
OPTSTK,HDFCBANK,28-Dec-2017,2000,PE,0,0,0,158,112.65,0,0,0,0,19-DEC-2017,
OPTSTK,HDFCBANK,28-Dec-2017,2020,PE,0,0,0,199.75,132.45,0,0,0,0,19-DEC-2017,
OPTSTK,HDFCBANK,28-Dec-2017,2040,PE,0,0,0,217.9,152.35,0,0,0,0,19-DEC-2017,
OPTSTK,HDFCBANK,28-Dec-2017,2060,PE,0,0,0,236.4,172.3,0,0,0,0,19-DEC-2017,
OPTSTK,HDFCBANK,28-Dec-2017,2080,PE,0,0,0,255.15,192.3,0,0,0,0,19-DEC-2017,
OPTSTK,HDFCBANK,25-Jan-2018,1400,CE,0,0,0,418,493.65,0,0,0,0,19-DEC-2017,
OPTSTK,HDFCBANK,25-Jan-2018,1420,CE,0,0,0,398.6,473.75,0,0,0,0,19-DEC-2017,
OPTSTK,HDFCBANK,25-Jan-2018,1440,CE,0,0,0,379.35,453.9,0,0,0,0,19-DEC-2017,
OPTSTK,HDFCBANK,25-Jan-2018,1460,CE,0,0,0,360.2,434,0,0,0,0,19-DEC-2017,
OPTSTK,HDFCBANK,25-Jan-2018,1480,CE,0,0,0,341.2,414.15,0,0,0,0,19-DEC-2017,
OPTSTK,HDFCBANK,25-Jan-2018,1500,CE,0,0,0,322.4,394.3,0,0,0,0,19-DEC-2017,
OPTSTK,HDFCBANK,25-Jan-2018,1520,CE,0,0,0,303.85,374.4,0,0,0,0,19-DEC-2017,
OPTSTK,HDFCBANK,25-Jan-2018,1540,CE,0,0,0,285.55,354.55,0,0,0,0,19-DEC-2017,
OPTSTK,HDFCBANK,25-Jan-2018,1560,CE,0,0,0,267.65,334.65,0,0,0,0,19-DEC-2017,
OPTSTK,HDFCBANK,25-Jan-2018,1580,CE,0,0,0,250.05,314.8,0,0,0,0,19-DEC-2017,
OPTSTK,HDFCBANK,25-Jan-2018,1600,CE,282,284.5,279.5,284,284,23,216.47,11500,11500,19-DEC-2017,
OPTSTK,HDFCBANK,25-Jan-2018,1620,CE,0,0,0,216.25,275.1,0,0,0,0,19-DEC-2017,
OPTSTK,HDFCBANK,25-Jan-2018,1640,CE,0,0,0,200.1,255.3,0,0,0,0,19-DEC-2017,
OPTSTK,HDFCBANK,25-Jan-2018,1660,CE,220,220,220,220,220,2,18.8,1000,1000,19-DEC-2017,
OPTSTK,HDFCBANK,25-Jan-2018,1680,CE,0,0,0,169.65,215.85,0,0,0,0,19-DEC-2017,
OPTSTK,HDFCBANK,25-Jan-2018,1700,CE,195,195,187,187,187,8,75.53,3500,3500,19-DEC-2017,
OPTSTK,HDFCBANK,25-Jan-2018,1720,CE,0,0,0,141.6,177,0,0,0,0,19-DEC-2017,
OPTSTK,HDFCBANK,25-Jan-2018,1740,CE,0,0,0,128.7,158.05,0,0,0,0,19-DEC-2017,
OPTSTK,HDFCBANK,25-Jan-2018,1760,CE,0,0,0,116.55,139.6,0,0,0,0,19-DEC-2017,
OPTSTK,HDFCBANK,25-Jan-2018,1780,CE,0,0,0,105.1,121.8,0,0,0,0,19-DEC-2017,
OPTSTK,HDFCBANK,25-Jan-2018,1800,CE,0,0,0,92,104.85,0,0,21500,0,19-DEC-2017,
OPTSTK,HDFCBANK,25-Jan-2018,1820,CE,0,0,0,88.85,88.95,0,0,1500,0,19-DEC-2017,
OPTSTK,HDFCBANK,25-Jan-2018,1840,CE,63,63,59.9,59.9,59.9,2,19.01,1500,-500,19-DEC-2017,
OPTSTK,HDFCBANK,25-Jan-2018,1860,CE,54,57,50,57,57,21,200.84,10500,2500,19-DEC-2017,
OPTSTK,HDFCBANK,25-Jan-2018,1880,CE,0,0,0,19.8,49.15,0,0,1000,0,19-DEC-2017,
OPTSTK,HDFCBANK,25-Jan-2018,1900,CE,34,37.85,32,34.4,34.4,18,174.15,31500,6000,19-DEC-2017,
OPTSTK,HDFCBANK,25-Jan-2018,1920,CE,26.2,29,24.45,25.75,25.75,37,360.02,14500,13000,19-DEC-2017,
OPTSTK,HDFCBANK,25-Jan-2018,1940,CE,20,20,20,20,20,1,9.8,500,500,19-DEC-2017,
OPTSTK,HDFCBANK,25-Jan-2018,1960,CE,0,0,0,34.95,17.1,0,0,0,0,19-DEC-2017,
OPTSTK,HDFCBANK,25-Jan-2018,1980,CE,0,0,0,30.4,12.5,0,0,0,0,19-DEC-2017,
OPTSTK,HDFCBANK,25-Jan-2018,2000,CE,10.5,10.5,8,9.2,9.2,12,120.53,9500,4000,19-DEC-2017,
OPTSTK,HDFCBANK,25-Jan-2018,2020,CE,0,0,0,22.6,6.25,0,0,0,0,19-DEC-2017,
OPTSTK,HDFCBANK,25-Jan-2018,2040,CE,0,0,0,19.4,4.3,0,0,0,0,19-DEC-2017,
OPTSTK,HDFCBANK,25-Jan-2018,2060,CE,0,0,0,16.6,2.9,0,0,0,0,19-DEC-2017,
OPTSTK,HDFCBANK,25-Jan-2018,2080,CE,0,0,0,14.15,1.9,0,0,0,0,19-DEC-2017,
OPTSTK,HDFCBANK,25-Jan-2018,1400,PE,0,0,0,0.7,0,0,0,0,0,19-DEC-2017,
OPTSTK,HDFCBANK,25-Jan-2018,1420,PE,0,0,0,1,0,0,0,0,0,19-DEC-2017,
OPTSTK,HDFCBANK,25-Jan-2018,1440,PE,0,0,0,1.4,0,0,0,0,0,19-DEC-2017,
OPTSTK,HDFCBANK,25-Jan-2018,1460,PE,0,0,0,1.95,0,0,0,0,0,19-DEC-2017,
OPTSTK,HDFCBANK,25-Jan-2018,1480,PE,0,0,0,2.65,0,0,0,0,0,19-DEC-2017,
OPTSTK,HDFCBANK,25-Jan-2018,1500,PE,0,0,0,3.5,0,0,0,0,0,19-DEC-2017,
OPTSTK,HDFCBANK,25-Jan-2018,1520,PE,0,0,0,4.65,0,0,0,0,0,19-DEC-2017,
OPTSTK,HDFCBANK,25-Jan-2018,1540,PE,0,0,0,6.05,0,0,0,0,0,19-DEC-2017,
OPTSTK,HDFCBANK,25-Jan-2018,1560,PE,0,0,0,7.8,0,0,0,0,0,19-DEC-2017,
OPTSTK,HDFCBANK,25-Jan-2018,1580,PE,0,0,0,9.95,0.05,0,0,0,0,19-DEC-2017,
OPTSTK,HDFCBANK,25-Jan-2018,1600,PE,0,0,0,12.5,0.05,0,0,0,0,19-DEC-2017,
OPTSTK,HDFCBANK,25-Jan-2018,1620,PE,0,0,0,15.5,0.05,0,0,0,0,19-DEC-2017,
OPTSTK,HDFCBANK,25-Jan-2018,1640,PE,0,0,0,19.05,0.1,0,0,0,0,19-DEC-2017,
OPTSTK,HDFCBANK,25-Jan-2018,1660,PE,0,0,0,23.15,0.2,0,0,0,0,19-DEC-2017,
OPTSTK,HDFCBANK,25-Jan-2018,1680,PE,0,0,0,27.95,0.4,0,0,0,0,19-DEC-2017,
OPTSTK,HDFCBANK,25-Jan-2018,1700,PE,0,0,0,33.3,0.75,0,0,0,0,19-DEC-2017,
OPTSTK,HDFCBANK,25-Jan-2018,1720,PE,0,0,0,39.3,1.35,0,0,0,0,19-DEC-2017,
OPTSTK,HDFCBANK,25-Jan-2018,1740,PE,0,0,0,46.05,2.25,0,0,0,0,19-DEC-2017,
OPTSTK,HDFCBANK,25-Jan-2018,1760,PE,0,0,0,53.6,3.65,0,0,0,0,19-DEC-2017,
OPTSTK,HDFCBANK,25-Jan-2018,1780,PE,10,10.5,8.75,9,9,27,241.62,19500,12500,19-DEC-2017,
OPTSTK,HDFCBANK,25-Jan-2018,1800,PE,15,15,11.8,12.3,12.3,31,280.98,11500,9000,19-DEC-2017,
OPTSTK,HDFCBANK,25-Jan-2018,1820,PE,15.75,15.75,15.75,15.75,15.75,2,18.35,5500,1000,19-DEC-2017,
OPTSTK,HDFCBANK,25-Jan-2018,1840,PE,28,28,22,22,22,4,37.3,3000,1500,19-DEC-2017,
OPTSTK,HDFCBANK,25-Jan-2018,1860,PE,25.8,25.8,25.8,25.8,25.8,1,9.42,4500,500,19-DEC-2017,
OPTSTK,HDFCBANK,25-Jan-2018,1880,PE,35.55,35.55,35.5,35.55,35.55,5,47.88,5500,1000,19-DEC-2017,
OPTSTK,HDFCBANK,25-Jan-2018,1900,PE,52,52,46,46,46,5,48.69,3000,2000,19-DEC-2017,
OPTSTK,HDFCBANK,25-Jan-2018,1920,PE,0,0,0,60,53.2,0,0,2000,0,19-DEC-2017,
OPTSTK,HDFCBANK,25-Jan-2018,1940,PE,0,0,0,154.25,65.8,0,0,0,0,19-DEC-2017,
OPTSTK,HDFCBANK,25-Jan-2018,1960,PE,0,0,0,168.9,79.85,0,0,0,0,19-DEC-2017,
OPTSTK,HDFCBANK,25-Jan-2018,1980,PE,101,101,101,101,101,2,20.81,1000,1000,19-DEC-2017,
OPTSTK,HDFCBANK,25-Jan-2018,2000,PE,0,0,0,199.5,111.4,0,0,0,0,19-DEC-2017,
OPTSTK,HDFCBANK,25-Jan-2018,2020,PE,0,0,0,215.55,128.6,0,0,0,0,19-DEC-2017,
OPTSTK,HDFCBANK,25-Jan-2018,2040,PE,0,0,0,232.05,146.5,0,0,0,0,19-DEC-2017,
OPTSTK,HDFCBANK,25-Jan-2018,2060,PE,0,0,0,248.95,164.95,0,0,0,0,19-DEC-2017,
OPTSTK,HDFCBANK,25-Jan-2018,2080,PE,0,0,0,266.15,183.85,0,0,0,0,19-DEC-2017,
OPTSTK,HDFCBANK,22-Feb-2018,1460,CE,0,0,0,415,441.15,0,0,0,0,19-DEC-2017,
OPTSTK,HDFCBANK,22-Feb-2018,1480,CE,0,0,0,395.3,421.4,0,0,0,0,19-DEC-2017,
OPTSTK,HDFCBANK,22-Feb-2018,1500,CE,0,0,0,375.6,401.65,0,0,0,0,19-DEC-2017,
OPTSTK,HDFCBANK,22-Feb-2018,1520,CE,0,0,0,355.9,381.9,0,0,0,0,19-DEC-2017,
OPTSTK,HDFCBANK,22-Feb-2018,1540,CE,0,0,0,336.25,362.15,0,0,0,0,19-DEC-2017,
OPTSTK,HDFCBANK,22-Feb-2018,1560,CE,0,0,0,316.6,342.4,0,0,0,0,19-DEC-2017,
OPTSTK,HDFCBANK,22-Feb-2018,1580,CE,0,0,0,296.95,322.7,0,0,0,0,19-DEC-2017,
OPTSTK,HDFCBANK,22-Feb-2018,1600,CE,0,0,0,277.45,303.05,0,0,0,0,19-DEC-2017,
OPTSTK,HDFCBANK,22-Feb-2018,1620,CE,0,0,0,258,283.45,0,0,0,0,19-DEC-2017,
OPTSTK,HDFCBANK,22-Feb-2018,1640,CE,0,0,0,238.7,264,0,0,0,0,19-DEC-2017,
OPTSTK,HDFCBANK,22-Feb-2018,1660,CE,0,0,0,219.6,244.7,0,0,0,0,19-DEC-2017,
OPTSTK,HDFCBANK,22-Feb-2018,1680,CE,0,0,0,200.8,225.6,0,0,0,0,19-DEC-2017,
OPTSTK,HDFCBANK,22-Feb-2018,1700,CE,0,0,0,182.4,206.8,0,0,0,0,19-DEC-2017,
OPTSTK,HDFCBANK,22-Feb-2018,1720,CE,0,0,0,164.45,188.4,0,0,0,0,19-DEC-2017,
OPTSTK,HDFCBANK,22-Feb-2018,1740,CE,0,0,0,147.1,170.45,0,0,0,0,19-DEC-2017,
OPTSTK,HDFCBANK,22-Feb-2018,1760,CE,0,0,0,130.5,153.1,0,0,0,0,19-DEC-2017,
OPTSTK,HDFCBANK,22-Feb-2018,1780,CE,0,0,0,114.7,136.45,0,0,0,0,19-DEC-2017,
OPTSTK,HDFCBANK,22-Feb-2018,1800,CE,0,0,0,99.9,120.6,0,0,0,0,19-DEC-2017,
OPTSTK,HDFCBANK,22-Feb-2018,1820,CE,0,0,0,86.05,105.7,0,0,0,0,19-DEC-2017,
OPTSTK,HDFCBANK,22-Feb-2018,1840,CE,0,0,0,73.4,91.7,0,0,0,0,19-DEC-2017,
OPTSTK,HDFCBANK,22-Feb-2018,1860,CE,0,0,0,61.95,78.85,0,0,0,0,19-DEC-2017,
OPTSTK,HDFCBANK,22-Feb-2018,1880,CE,0,0,0,51.65,67.15,0,0,0,0,19-DEC-2017,
OPTSTK,HDFCBANK,22-Feb-2018,1900,CE,0,0,0,42.6,56.6,0,0,0,0,19-DEC-2017,
OPTSTK,HDFCBANK,22-Feb-2018,1920,CE,0,0,0,34.75,47.2,0,0,0,0,19-DEC-2017,
OPTSTK,HDFCBANK,22-Feb-2018,1940,CE,0,0,0,28,38.95,0,0,0,0,19-DEC-2017,
OPTSTK,HDFCBANK,22-Feb-2018,1960,CE,0,0,0,22.3,31.8,0,0,0,0,19-DEC-2017,
OPTSTK,HDFCBANK,22-Feb-2018,1980,CE,0,0,0,17.55,25.7,0,0,0,0,19-DEC-2017,
OPTSTK,HDFCBANK,22-Feb-2018,2000,CE,0,0,0,13.65,20.6,0,0,0,0,19-DEC-2017,
OPTSTK,HDFCBANK,22-Feb-2018,2020,CE,0,0,0,10.5,16.25,0,0,0,0,19-DEC-2017,
OPTSTK,HDFCBANK,22-Feb-2018,2040,CE,0,0,0,7.95,12.7,0,0,0,0,19-DEC-2017,
OPTSTK,HDFCBANK,22-Feb-2018,2060,CE,0,0,0,5.95,9.8,0,0,0,0,19-DEC-2017,
OPTSTK,HDFCBANK,22-Feb-2018,2080,CE,0,0,0,4.4,7.5,0,0,0,0,19-DEC-2017,
OPTSTK,HDFCBANK,22-Feb-2018,1460,PE,0,0,0,0.05,0,0,0,0,0,19-DEC-2017,
OPTSTK,HDFCBANK,22-Feb-2018,1480,PE,0,0,0,0.05,0.05,0,0,0,0,19-DEC-2017,
OPTSTK,HDFCBANK,22-Feb-2018,1500,PE,0,0,0,0.05,0.05,0,0,0,0,19-DEC-2017,
OPTSTK,HDFCBANK,22-Feb-2018,1520,PE,0,0,0,0.05,0.05,0,0,0,0,19-DEC-2017,
OPTSTK,HDFCBANK,22-Feb-2018,1540,PE,0,0,0,0.1,0.05,0,0,0,0,19-DEC-2017,
OPTSTK,HDFCBANK,22-Feb-2018,1560,PE,0,0,0,0.15,0.1,0,0,0,0,19-DEC-2017,
OPTSTK,HDFCBANK,22-Feb-2018,1580,PE,0,0,0,0.25,0.2,0,0,0,0,19-DEC-2017,
OPTSTK,HDFCBANK,22-Feb-2018,1600,PE,0,0,0,0.4,0.3,0,0,0,0,19-DEC-2017,
OPTSTK,HDFCBANK,22-Feb-2018,1620,PE,0,0,0,0.65,0.5,0,0,0,0,19-DEC-2017,
OPTSTK,HDFCBANK,22-Feb-2018,1640,PE,0,0,0,1.1,0.8,0,0,0,0,19-DEC-2017,
OPTSTK,HDFCBANK,22-Feb-2018,1660,PE,0,0,0,1.7,1.25,0,0,0,0,19-DEC-2017,
OPTSTK,HDFCBANK,22-Feb-2018,1680,PE,0,0,0,2.6,1.95,0,0,0,0,19-DEC-2017,
OPTSTK,HDFCBANK,22-Feb-2018,1700,PE,0,0,0,3.9,2.9,0,0,0,0,19-DEC-2017,
OPTSTK,HDFCBANK,22-Feb-2018,1720,PE,0,0,0,5.65,4.3,0,0,0,0,19-DEC-2017,
OPTSTK,HDFCBANK,22-Feb-2018,1740,PE,0,0,0,8.05,6.1,0,0,0,0,19-DEC-2017,
OPTSTK,HDFCBANK,22-Feb-2018,1760,PE,0,0,0,11.1,8.55,0,0,0,0,19-DEC-2017,
OPTSTK,HDFCBANK,22-Feb-2018,1780,PE,0,0,0,15.05,11.65,0,0,0,0,19-DEC-2017,
OPTSTK,HDFCBANK,22-Feb-2018,1800,PE,0,0,0,19.95,15.55,0,0,0,0,19-DEC-2017,
OPTSTK,HDFCBANK,22-Feb-2018,1820,PE,0,0,0,25.8,20.45,0,0,0,0,19-DEC-2017,
OPTSTK,HDFCBANK,22-Feb-2018,1840,PE,0,0,0,32.9,26.2,0,0,0,0,19-DEC-2017,
OPTSTK,HDFCBANK,22-Feb-2018,1860,PE,0,0,0,41.1,33.15,0,0,0,0,19-DEC-2017,
OPTSTK,HDFCBANK,22-Feb-2018,1880,PE,0,0,0,50.55,41.2,0,0,0,0,19-DEC-2017,
OPTSTK,HDFCBANK,22-Feb-2018,1900,PE,0,0,0,61.2,50.4,0,0,0,0,19-DEC-2017,
OPTSTK,HDFCBANK,22-Feb-2018,1920,PE,0,0,0,73.05,60.8,0,0,0,0,19-DEC-2017,
OPTSTK,HDFCBANK,22-Feb-2018,1940,PE,0,0,0,86,72.35,0,0,0,0,19-DEC-2017,
OPTSTK,HDFCBANK,22-Feb-2018,1960,PE,0,0,0,100,84.95,0,0,0,0,19-DEC-2017,
OPTSTK,HDFCBANK,22-Feb-2018,1980,PE,0,0,0,115,98.6,0,0,0,0,19-DEC-2017,
OPTSTK,HDFCBANK,22-Feb-2018,2000,PE,0,0,0,130.8,113.3,0,0,0,0,19-DEC-2017,
OPTSTK,HDFCBANK,22-Feb-2018,2020,PE,0,0,0,147.35,128.7,0,0,0,0,19-DEC-2017,
OPTSTK,HDFCBANK,22-Feb-2018,2040,PE,0,0,0,164.5,144.95,0,0,0,0,19-DEC-2017,
OPTSTK,HDFCBANK,22-Feb-2018,2060,PE,0,0,0,182.25,161.8,0,0,0,0,19-DEC-2017,
OPTSTK,HDFCBANK,22-Feb-2018,2080,PE,0,0,0,200.4,179.3,0,0,0,0,19-DEC-2017,
OPTSTK,HDIL,28-Dec-2017,30,CE,0,0,0,26.4,23.05,0,0,0,0,19-DEC-2017,
OPTSTK,HDIL,28-Dec-2017,32.5,CE,0,0,0,24.05,20.55,0,0,0,0,19-DEC-2017,
OPTSTK,HDIL,28-Dec-2017,35,CE,0,0,0,21.75,18.05,0,0,0,0,19-DEC-2017,
OPTSTK,HDIL,28-Dec-2017,37.5,CE,0,0,0,19.55,15.6,0,0,0,0,19-DEC-2017,
OPTSTK,HDIL,28-Dec-2017,40,CE,0,0,0,17.4,13.1,0,0,0,0,19-DEC-2017,
OPTSTK,HDIL,28-Dec-2017,42.5,CE,0,0,0,15.4,10.6,0,0,0,0,19-DEC-2017,
OPTSTK,HDIL,28-Dec-2017,45,CE,0,0,0,13.55,8.1,0,0,0,0,19-DEC-2017,
OPTSTK,HDIL,28-Dec-2017,47.5,CE,0,0,0,11.85,5.65,0,0,0,0,19-DEC-2017,
OPTSTK,HDIL,28-Dec-2017,50,CE,0,0,0,10.3,3.45,0,0,0,0,19-DEC-2017,
OPTSTK,HDIL,28-Dec-2017,52.5,CE,0,0,0,8.9,1.8,0,0,0,0,19-DEC-2017,
OPTSTK,HDIL,28-Dec-2017,55,CE,1.05,1.4,0.95,1,1,21,94.37,344000,64000,19-DEC-2017,
OPTSTK,HDIL,28-Dec-2017,57.5,CE,0.8,0.8,0.8,0.8,0.8,1,4.66,224000,8000,19-DEC-2017,
OPTSTK,HDIL,28-Dec-2017,60,CE,0.35,0.5,0.25,0.4,0.4,16,77.18,1320000,-88000,19-DEC-2017,
OPTSTK,HDIL,28-Dec-2017,62.5,CE,0.15,0.15,0.15,0.15,0.15,1,5.01,664000,0,19-DEC-2017,
OPTSTK,HDIL,28-Dec-2017,65,CE,0.2,0.2,0.1,0.15,0.15,8,41.7,2264000,-24000,19-DEC-2017,
OPTSTK,HDIL,28-Dec-2017,67.5,CE,0,0,0,0.1,0,0,0,352000,0,19-DEC-2017,
OPTSTK,HDIL,28-Dec-2017,70,CE,0.15,0.15,0.05,0.1,0.1,19,106.5,1376000,-128000,19-DEC-2017,
OPTSTK,HDIL,28-Dec-2017,72.5,CE,0.1,0.1,0.05,0.05,0.05,4,23.22,128000,-32000,19-DEC-2017,
OPTSTK,HDIL,28-Dec-2017,75,CE,0.1,0.2,0.1,0.1,0.1,16,96.16,472000,-120000,19-DEC-2017,
OPTSTK,HDIL,28-Dec-2017,77.5,CE,0,0,0,0.25,0,0,0,48000,0,19-DEC-2017,
OPTSTK,HDIL,28-Dec-2017,80,CE,0.05,0.05,0.05,0.05,0.05,1,6.4,888000,-8000,19-DEC-2017,
OPTSTK,HDIL,28-Dec-2017,30,PE,0.05,0.05,0.05,0.05,0.05,2,4.8,72000,-16000,19-DEC-2017,
OPTSTK,HDIL,28-Dec-2017,32.5,PE,0,0,0,0.2,0,0,0,0,0,19-DEC-2017,
OPTSTK,HDIL,28-Dec-2017,35,PE,0,0,0,0.35,0,0,0,0,0,19-DEC-2017,
OPTSTK,HDIL,28-Dec-2017,37.5,PE,0,0,0,0.6,0,0,0,0,0,19-DEC-2017,
OPTSTK,HDIL,28-Dec-2017,40,PE,0,0,0,0.05,0,0,0,352000,0,19-DEC-2017,
OPTSTK,HDIL,28-Dec-2017,42.5,PE,0,0,0,1.4,0,0,0,0,0,19-DEC-2017,
OPTSTK,HDIL,28-Dec-2017,45,PE,0.1,0.1,0.05,0.05,0.05,2,7.21,248000,-16000,19-DEC-2017,
OPTSTK,HDIL,28-Dec-2017,47.5,PE,0,0,0,0.2,0.1,0,0,32000,0,19-DEC-2017,
OPTSTK,HDIL,28-Dec-2017,50,PE,0.6,0.8,0.55,0.55,0.55,18,72.83,376000,-144000,19-DEC-2017,
OPTSTK,HDIL,28-Dec-2017,52.5,PE,0,0,0,2,1.2,0,0,424000,0,19-DEC-2017,
OPTSTK,HDIL,28-Dec-2017,55,PE,0,0,0,3.1,2.65,0,0,312000,0,19-DEC-2017,
OPTSTK,HDIL,28-Dec-2017,57.5,PE,0,0,0,4,4.65,0,0,272000,0,19-DEC-2017,
OPTSTK,HDIL,28-Dec-2017,60,PE,7,7,6.85,7,7,4,21.42,408000,-32000,19-DEC-2017,
OPTSTK,HDIL,28-Dec-2017,62.5,PE,9.5,9.5,9.5,9.5,9.5,1,5.76,112000,-8000,19-DEC-2017,
OPTSTK,HDIL,28-Dec-2017,65,PE,12,12,12,12,12,1,6.16,80000,-8000,19-DEC-2017,
OPTSTK,HDIL,28-Dec-2017,67.5,PE,8.1,17.1,8.1,17.1,17.1,20,131.25,8000,0,19-DEC-2017,
OPTSTK,HDIL,28-Dec-2017,70,PE,0,0,0,9.05,16.9,0,0,48000,0,19-DEC-2017,
OPTSTK,HDIL,28-Dec-2017,72.5,PE,0,0,0,17.9,19.4,0,0,0,0,19-DEC-2017,
OPTSTK,HDIL,28-Dec-2017,75,PE,0,0,0,13.5,21.9,0,0,16000,0,19-DEC-2017,
OPTSTK,HDIL,28-Dec-2017,77.5,PE,0,0,0,22.1,24.4,0,0,0,0,19-DEC-2017,
OPTSTK,HDIL,28-Dec-2017,80,PE,0,0,0,17.25,26.9,0,0,48000,0,19-DEC-2017,
OPTSTK,HDIL,25-Jan-2018,32.5,CE,0,0,0,25.65,20.75,0,0,0,0,19-DEC-2017,
OPTSTK,HDIL,25-Jan-2018,35,CE,0,0,0,23.2,18.25,0,0,0,0,19-DEC-2017,
OPTSTK,HDIL,25-Jan-2018,37.5,CE,0,0,0,20.8,15.8,0,0,0,0,19-DEC-2017,
OPTSTK,HDIL,25-Jan-2018,40,CE,0,0,0,18.4,13.35,0,0,0,0,19-DEC-2017,
OPTSTK,HDIL,25-Jan-2018,42.5,CE,0,0,0,16.15,10.95,0,0,0,0,19-DEC-2017,
OPTSTK,HDIL,25-Jan-2018,45,CE,0,0,0,13.95,8.7,0,0,0,0,19-DEC-2017,
OPTSTK,HDIL,25-Jan-2018,47.5,CE,0,0,0,11.9,6.6,0,0,0,0,19-DEC-2017,
OPTSTK,HDIL,25-Jan-2018,50,CE,0,0,0,10,4.85,0,0,0,0,19-DEC-2017,
OPTSTK,HDIL,25-Jan-2018,52.5,CE,0,0,0,8.3,3.4,0,0,0,0,19-DEC-2017,
OPTSTK,HDIL,25-Jan-2018,55,CE,0,0,0,6.8,2.25,0,0,0,0,19-DEC-2017,
OPTSTK,HDIL,25-Jan-2018,57.5,CE,0,0,0,5.5,1.45,0,0,0,0,19-DEC-2017,
OPTSTK,HDIL,25-Jan-2018,60,CE,0,0,0,4.4,0.9,0,0,0,0,19-DEC-2017,
OPTSTK,HDIL,25-Jan-2018,62.5,CE,0,0,0,3.45,0.55,0,0,0,0,19-DEC-2017,
OPTSTK,HDIL,25-Jan-2018,65,CE,0,0,0,2.7,0.3,0,0,0,0,19-DEC-2017,
OPTSTK,HDIL,25-Jan-2018,67.5,CE,0,0,0,2.1,0.2,0,0,0,0,19-DEC-2017,
OPTSTK,HDIL,25-Jan-2018,70,CE,0,0,0,1.6,0.1,0,0,0,0,19-DEC-2017,
OPTSTK,HDIL,25-Jan-2018,72.5,CE,0,0,0,1.25,0.05,0,0,0,0,19-DEC-2017,
OPTSTK,HDIL,25-Jan-2018,75,CE,0,0,0,0.95,0.05,0,0,0,0,19-DEC-2017,
OPTSTK,HDIL,25-Jan-2018,77.5,CE,0,0,0,0.7,0.05,0,0,0,0,19-DEC-2017,
OPTSTK,HDIL,25-Jan-2018,80,CE,0,0,0,0.5,0,0,0,0,0,19-DEC-2017,
OPTSTK,HDIL,25-Jan-2018,32.5,PE,0,0,0,0.05,0,0,0,0,0,19-DEC-2017,
OPTSTK,HDIL,25-Jan-2018,35,PE,0,0,0,0.05,0,0,0,0,0,19-DEC-2017,
OPTSTK,HDIL,25-Jan-2018,37.5,PE,0,0,0,0.1,0.05,0,0,0,0,19-DEC-2017,
OPTSTK,HDIL,25-Jan-2018,40,PE,0,0,0,0.2,0.05,0,0,0,0,19-DEC-2017,
OPTSTK,HDIL,25-Jan-2018,42.5,PE,0,0,0,0.35,0.15,0,0,0,0,19-DEC-2017,
OPTSTK,HDIL,25-Jan-2018,45,PE,0,0,0,0.65,0.4,0,0,0,0,19-DEC-2017,
OPTSTK,HDIL,25-Jan-2018,47.5,PE,0,0,0,1.9,0.8,0,0,162000,0,19-DEC-2017,
OPTSTK,HDIL,25-Jan-2018,50,PE,0,0,0,1.6,1.5,0,0,0,0,19-DEC-2017,
OPTSTK,HDIL,25-Jan-2018,52.5,PE,0,0,0,2.4,2.55,0,0,0,0,19-DEC-2017,
OPTSTK,HDIL,25-Jan-2018,55,PE,0,0,0,3.35,3.9,0,0,0,0,19-DEC-2017,
OPTSTK,HDIL,25-Jan-2018,57.5,PE,0,0,0,4.5,5.55,0,0,0,0,19-DEC-2017,
OPTSTK,HDIL,25-Jan-2018,60,PE,0,0,0,5.85,7.5,0,0,0,0,19-DEC-2017,
OPTSTK,HDIL,25-Jan-2018,62.5,PE,0,0,0,7.4,9.65,0,0,0,0,19-DEC-2017,
OPTSTK,HDIL,25-Jan-2018,65,PE,0,0,0,9.1,11.9,0,0,0,0,19-DEC-2017,
OPTSTK,HDIL,25-Jan-2018,67.5,PE,0,0,0,10.95,14.25,0,0,0,0,19-DEC-2017,
OPTSTK,HDIL,25-Jan-2018,70,PE,0,0,0,12.9,16.65,0,0,0,0,19-DEC-2017,
OPTSTK,HDIL,25-Jan-2018,72.5,PE,0,0,0,15,19.1,0,0,0,0,19-DEC-2017,
OPTSTK,HDIL,25-Jan-2018,75,PE,0,0,0,17.15,21.55,0,0,0,0,19-DEC-2017,
OPTSTK,HDIL,25-Jan-2018,77.5,PE,0,0,0,19.4,24.05,0,0,0,0,19-DEC-2017,
OPTSTK,HDIL,25-Jan-2018,80,PE,0,0,0,21.65,26.5,0,0,0,0,19-DEC-2017,
OPTSTK,HDIL,22-Feb-2018,37.5,CE,0,0,0,25.7,16.05,0,0,0,0,19-DEC-2017,
OPTSTK,HDIL,22-Feb-2018,40,CE,0,0,0,23.3,13.7,0,0,0,0,19-DEC-2017,
OPTSTK,HDIL,22-Feb-2018,42.5,CE,0,0,0,20.95,11.45,0,0,0,0,19-DEC-2017,
OPTSTK,HDIL,22-Feb-2018,45,CE,0,0,0,18.65,9.35,0,0,0,0,19-DEC-2017,
OPTSTK,HDIL,22-Feb-2018,47.5,CE,0,0,0,16.45,7.5,0,0,0,0,19-DEC-2017,
OPTSTK,HDIL,22-Feb-2018,50,CE,0,0,0,14.35,5.85,0,0,0,0,19-DEC-2017,
OPTSTK,HDIL,22-Feb-2018,52.5,CE,0,0,0,12.4,4.45,0,0,0,0,19-DEC-2017,
OPTSTK,HDIL,22-Feb-2018,55,CE,0,0,0,10.65,3.3,0,0,0,0,19-DEC-2017,
OPTSTK,HDIL,22-Feb-2018,57.5,CE,0,0,0,9,2.45,0,0,0,0,19-DEC-2017,
OPTSTK,HDIL,22-Feb-2018,60,CE,0,0,0,7.55,1.75,0,0,0,0,19-DEC-2017,
OPTSTK,HDIL,22-Feb-2018,62.5,CE,0,0,0,6.3,1.2,0,0,0,0,19-DEC-2017,
OPTSTK,HDIL,22-Feb-2018,65,CE,0,0,0,5.2,0.85,0,0,0,0,19-DEC-2017,
OPTSTK,HDIL,22-Feb-2018,67.5,CE,0,0,0,4.25,0.6,0,0,0,0,19-DEC-2017,
OPTSTK,HDIL,22-Feb-2018,70,CE,0,0,0,3.45,0.4,0,0,0,0,19-DEC-2017,
OPTSTK,HDIL,22-Feb-2018,72.5,CE,0,0,0,2.8,0.25,0,0,0,0,19-DEC-2017,
OPTSTK,HDIL,22-Feb-2018,75,CE,0,0,0,2.25,0.2,0,0,0,0,19-DEC-2017,
OPTSTK,HDIL,22-Feb-2018,77.5,CE,0,0,0,1.8,0.1,0,0,0,0,19-DEC-2017,
OPTSTK,HDIL,22-Feb-2018,80,CE,0,0,0,1.4,0.1,0,0,0,0,19-DEC-2017,
OPTSTK,HDIL,22-Feb-2018,37.5,PE,0,0,0,0.05,0.1,0,0,0,0,19-DEC-2017,
OPTSTK,HDIL,22-Feb-2018,40,PE,0,0,0,0.1,0.2,0,0,0,0,19-DEC-2017,
OPTSTK,HDIL,22-Feb-2018,42.5,PE,0,0,0,0.2,0.45,0,0,0,0,19-DEC-2017,
OPTSTK,HDIL,22-Feb-2018,45,PE,0,0,0,0.4,0.85,0,0,0,0,19-DEC-2017,
OPTSTK,HDIL,22-Feb-2018,47.5,PE,0,0,0,0.65,1.45,0,0,0,0,19-DEC-2017,
OPTSTK,HDIL,22-Feb-2018,50,PE,0,0,0,1.05,2.25,0,0,0,0,19-DEC-2017,
OPTSTK,HDIL,22-Feb-2018,52.5,PE,0,0,0,1.55,3.35,0,0,0,0,19-DEC-2017,
OPTSTK,HDIL,22-Feb-2018,55,PE,0,0,0,2.25,4.7,0,0,0,0,19-DEC-2017,
OPTSTK,HDIL,22-Feb-2018,57.5,PE,0,0,0,3.1,6.25,0,0,0,0,19-DEC-2017,
OPTSTK,HDIL,22-Feb-2018,60,PE,0,0,0,4.1,8.05,0,0,0,0,19-DEC-2017,
OPTSTK,HDIL,22-Feb-2018,62.5,PE,0,0,0,5.3,10,0,0,0,0,19-DEC-2017,
OPTSTK,HDIL,22-Feb-2018,65,PE,0,0,0,6.65,12.1,0,0,0,0,19-DEC-2017,
OPTSTK,HDIL,22-Feb-2018,67.5,PE,0,0,0,8.15,14.3,0,0,0,0,19-DEC-2017,
OPTSTK,HDIL,22-Feb-2018,70,PE,0,0,0,9.85,16.6,0,0,0,0,19-DEC-2017,
OPTSTK,HDIL,22-Feb-2018,72.5,PE,0,0,0,11.65,18.95,0,0,0,0,19-DEC-2017,
OPTSTK,HDIL,22-Feb-2018,75,PE,0,0,0,13.55,21.3,0,0,0,0,19-DEC-2017,
OPTSTK,HDIL,22-Feb-2018,77.5,PE,0,0,0,15.55,23.75,0,0,0,0,19-DEC-2017,
OPTSTK,HDIL,22-Feb-2018,80,PE,0,0,0,17.65,26.15,0,0,0,0,19-DEC-2017,
OPTSTK,HEROMOTOCO,28-Dec-2017,2900,CE,0,0,0,886.7,805.55,0,0,0,0,19-DEC-2017,
OPTSTK,HEROMOTOCO,28-Dec-2017,2950,CE,0,0,0,838.25,755.6,0,0,0,0,19-DEC-2017,
OPTSTK,HEROMOTOCO,28-Dec-2017,3000,CE,0,0,0,790.15,705.7,0,0,0,0,19-DEC-2017,
OPTSTK,HEROMOTOCO,28-Dec-2017,3050,CE,0,0,0,742.45,655.75,0,0,0,0,19-DEC-2017,
OPTSTK,HEROMOTOCO,28-Dec-2017,3100,CE,0,0,0,695.3,605.85,0,0,0,0,19-DEC-2017,
OPTSTK,HEROMOTOCO,28-Dec-2017,3150,CE,0,0,0,648.85,555.9,0,0,0,0,19-DEC-2017,
OPTSTK,HEROMOTOCO,28-Dec-2017,3200,CE,0,0,0,603.2,506,0,0,0,0,19-DEC-2017,
OPTSTK,HEROMOTOCO,28-Dec-2017,3250,CE,0,0,0,558.55,456.15,0,0,0,0,19-DEC-2017,
OPTSTK,HEROMOTOCO,28-Dec-2017,3300,CE,0,0,0,215,406.4,0,0,400,0,19-DEC-2017,
OPTSTK,HEROMOTOCO,28-Dec-2017,3350,CE,225,225,225,225,225,1,7.15,200,0,19-DEC-2017,
OPTSTK,HEROMOTOCO,28-Dec-2017,3400,CE,194,194,194,194,194,3,21.56,1400,-200,19-DEC-2017,
OPTSTK,HEROMOTOCO,28-Dec-2017,3450,CE,157,194.35,157,194.35,194.35,3,21.75,3200,-200,19-DEC-2017,
OPTSTK,HEROMOTOCO,28-Dec-2017,3500,CE,75,209.95,74.5,209.95,209.95,148,1068.07,21800,-6800,19-DEC-2017,
OPTSTK,HEROMOTOCO,28-Dec-2017,3550,CE,45.2,146.35,45.2,146.35,146.35,128,926.63,8600,-10800,19-DEC-2017,
OPTSTK,HEROMOTOCO,28-Dec-2017,3600,CE,25.05,126.05,23,118.4,118.4,998,7292.14,27800,-34800,19-DEC-2017,
OPTSTK,HEROMOTOCO,28-Dec-2017,3650,CE,14.7,86.2,14,82.75,82.75,659,4869.19,18600,-600,19-DEC-2017,
OPTSTK,HEROMOTOCO,28-Dec-2017,3700,CE,9,58.85,8.5,54.95,54.95,1781,13309.08,46200,-8400,19-DEC-2017,
OPTSTK,HEROMOTOCO,28-Dec-2017,3750,CE,5.85,37,5.85,34.9,34.9,477,3598.91,20200,5400,19-DEC-2017,
OPTSTK,HEROMOTOCO,28-Dec-2017,3800,CE,4.35,22.7,4,20.65,20.65,746,5690.29,40000,-2200,19-DEC-2017,
OPTSTK,HEROMOTOCO,28-Dec-2017,3850,CE,3.3,13.2,3.05,11.95,11.95,208,1604.15,9000,-1200,19-DEC-2017,
OPTSTK,HEROMOTOCO,28-Dec-2017,3900,CE,1,8.85,1,7.75,7.75,194,1515.45,23800,17600,19-DEC-2017,
OPTSTK,HEROMOTOCO,28-Dec-2017,3950,CE,3,3,3,3,3,1,7.9,200,200,19-DEC-2017,
OPTSTK,HEROMOTOCO,28-Dec-2017,4000,CE,2.4,5,2.4,4.45,4.45,54,432.45,11600,6400,19-DEC-2017,
OPTSTK,HEROMOTOCO,28-Dec-2017,4050,CE,0,0,0,4.45,1.7,0,0,1400,0,19-DEC-2017,
OPTSTK,HEROMOTOCO,28-Dec-2017,4100,CE,1,1,1,1,1,2,16.4,1400,-400,19-DEC-2017,
OPTSTK,HEROMOTOCO,28-Dec-2017,4150,CE,0,0,0,3.15,0.4,0,0,200,0,19-DEC-2017,
OPTSTK,HEROMOTOCO,28-Dec-2017,4200,CE,0,0,0,51.4,0.2,0,0,0,0,19-DEC-2017,
OPTSTK,HEROMOTOCO,28-Dec-2017,4250,CE,0,0,0,43.05,0.1,0,0,0,0,19-DEC-2017,
OPTSTK,HEROMOTOCO,28-Dec-2017,4300,CE,0,0,0,35.9,0.05,0,0,0,0,19-DEC-2017,
OPTSTK,HEROMOTOCO,28-Dec-2017,4350,CE,0,0,0,29.8,0.05,0,0,0,0,19-DEC-2017,
OPTSTK,HEROMOTOCO,28-Dec-2017,4400,CE,0,0,0,24.6,0,0,0,0,0,19-DEC-2017,
OPTSTK,HEROMOTOCO,28-Dec-2017,4450,CE,0,0,0,20.2,0,0,0,0,0,19-DEC-2017,
OPTSTK,HEROMOTOCO,28-Dec-2017,4500,CE,0,0,0,16.55,0,0,0,0,0,19-DEC-2017,
OPTSTK,HEROMOTOCO,28-Dec-2017,4550,CE,0,0,0,13.45,0,0,0,0,0,19-DEC-2017,
OPTSTK,HEROMOTOCO,28-Dec-2017,2900,PE,0,0,0,1.5,0,0,0,0,0,19-DEC-2017,
OPTSTK,HEROMOTOCO,28-Dec-2017,2950,PE,0,0,0,2.3,0,0,0,0,0,19-DEC-2017,
OPTSTK,HEROMOTOCO,28-Dec-2017,3000,PE,0,0,0,3.4,0,0,0,0,0,19-DEC-2017,
OPTSTK,HEROMOTOCO,28-Dec-2017,3050,PE,0,0,0,4.95,0,0,0,0,0,19-DEC-2017,
OPTSTK,HEROMOTOCO,28-Dec-2017,3100,PE,0,0,0,3.25,0,0,0,1000,0,19-DEC-2017,
OPTSTK,HEROMOTOCO,28-Dec-2017,3150,PE,0,0,0,9.75,0.05,0,0,0,0,19-DEC-2017,
OPTSTK,HEROMOTOCO,28-Dec-2017,3200,PE,0.3,1,0.3,1,1,15,96.01,2200,-1400,19-DEC-2017,
OPTSTK,HEROMOTOCO,28-Dec-2017,3250,PE,0.35,1,0.35,1,1,22,143.02,1000,-1000,19-DEC-2017,
OPTSTK,HEROMOTOCO,28-Dec-2017,3300,PE,1.45,2.5,0.9,2.5,2.5,20,132.06,15000,-200,19-DEC-2017,
OPTSTK,HEROMOTOCO,28-Dec-2017,3350,PE,2.8,3.5,1.5,3.5,3.5,14,93.87,2800,-400,19-DEC-2017,
OPTSTK,HEROMOTOCO,28-Dec-2017,3400,PE,4.8,5.2,2,4,4,147,1000.63,17200,-8600,19-DEC-2017,
OPTSTK,HEROMOTOCO,28-Dec-2017,3450,PE,10,10,3.55,4.5,4.5,91,628.77,10400,2000,19-DEC-2017,
OPTSTK,HEROMOTOCO,28-Dec-2017,3500,PE,25.75,25.75,5.8,6.8,6.8,654,4593.05,33600,4000,19-DEC-2017,
OPTSTK,HEROMOTOCO,28-Dec-2017,3550,PE,30.05,30.05,10.1,10.65,10.65,203,1447.97,17600,12800,19-DEC-2017,
OPTSTK,HEROMOTOCO,28-Dec-2017,3600,PE,57.4,57.4,17.05,18.55,18.55,439,3184.17,49800,29800,19-DEC-2017,
OPTSTK,HEROMOTOCO,28-Dec-2017,3650,PE,93,93,30,31.45,31.45,125,922.56,15800,7800,19-DEC-2017,
OPTSTK,HEROMOTOCO,28-Dec-2017,3700,PE,80,85,47.55,50.85,50.85,66,495.71,14600,200,19-DEC-2017,
OPTSTK,HEROMOTOCO,28-Dec-2017,3750,PE,0,0,0,244.2,91,0,0,400,0,19-DEC-2017,
OPTSTK,HEROMOTOCO,28-Dec-2017,3800,PE,190,190,190,190,190,1,7.98,4800,-200,19-DEC-2017,
OPTSTK,HEROMOTOCO,28-Dec-2017,3850,PE,0,0,0,203.7,162.25,0,0,0,0,19-DEC-2017,
OPTSTK,HEROMOTOCO,28-Dec-2017,3900,PE,0,0,0,222,204.25,0,0,5400,0,19-DEC-2017,
OPTSTK,HEROMOTOCO,28-Dec-2017,3950,PE,0,0,0,300,249.2,0,0,1800,0,19-DEC-2017,
OPTSTK,HEROMOTOCO,28-Dec-2017,4000,PE,0,0,0,350.85,296.15,0,0,6000,0,19-DEC-2017,
OPTSTK,HEROMOTOCO,28-Dec-2017,4050,PE,0,0,0,331.65,344.4,0,0,0,0,19-DEC-2017,
OPTSTK,HEROMOTOCO,28-Dec-2017,4100,PE,0,0,0,368.4,393.45,0,0,0,0,19-DEC-2017,
OPTSTK,HEROMOTOCO,28-Dec-2017,4150,PE,0,0,0,478,442.95,0,0,400,0,19-DEC-2017,
OPTSTK,HEROMOTOCO,28-Dec-2017,4200,PE,0,0,0,680,492.65,0,0,800,0,19-DEC-2017,
OPTSTK,HEROMOTOCO,28-Dec-2017,4250,PE,0,0,0,486.9,542.5,0,0,0,0,19-DEC-2017,
OPTSTK,HEROMOTOCO,28-Dec-2017,4300,PE,0,0,0,528.95,592.35,0,0,0,0,19-DEC-2017,
OPTSTK,HEROMOTOCO,28-Dec-2017,4350,PE,0,0,0,572.05,642.25,0,0,0,0,19-DEC-2017,
OPTSTK,HEROMOTOCO,28-Dec-2017,4400,PE,0,0,0,616.1,692.2,0,0,0,0,19-DEC-2017,
OPTSTK,HEROMOTOCO,28-Dec-2017,4450,PE,0,0,0,660.95,742.1,0,0,0,0,19-DEC-2017,
OPTSTK,HEROMOTOCO,28-Dec-2017,4500,PE,0,0,0,706.45,792,0,0,0,0,19-DEC-2017,
OPTSTK,HEROMOTOCO,28-Dec-2017,4550,PE,0,0,0,752.6,841.95,0,0,0,0,19-DEC-2017,
OPTSTK,HEROMOTOCO,25-Jan-2018,2900,CE,0,0,0,896.5,820.2,0,0,0,0,19-DEC-2017,
OPTSTK,HEROMOTOCO,25-Jan-2018,2950,CE,0,0,0,847.45,770.75,0,0,0,0,19-DEC-2017,
OPTSTK,HEROMOTOCO,25-Jan-2018,3000,CE,0,0,0,798.5,721.5,0,0,0,0,19-DEC-2017,
OPTSTK,HEROMOTOCO,25-Jan-2018,3050,CE,0,0,0,749.7,672.45,0,0,0,0,19-DEC-2017,
OPTSTK,HEROMOTOCO,25-Jan-2018,3100,CE,0,0,0,701.1,623.8,0,0,0,0,19-DEC-2017,
OPTSTK,HEROMOTOCO,25-Jan-2018,3150,CE,0,0,0,652.9,575.7,0,0,0,0,19-DEC-2017,
OPTSTK,HEROMOTOCO,25-Jan-2018,3200,CE,0,0,0,605.15,528.3,0,0,0,0,19-DEC-2017,
OPTSTK,HEROMOTOCO,25-Jan-2018,3250,CE,0,0,0,558.1,481.8,0,0,0,0,19-DEC-2017,
OPTSTK,HEROMOTOCO,25-Jan-2018,3300,CE,0,0,0,511.85,436.5,0,0,0,0,19-DEC-2017,
OPTSTK,HEROMOTOCO,25-Jan-2018,3350,CE,0,0,0,466.65,392.6,0,0,0,0,19-DEC-2017,
OPTSTK,HEROMOTOCO,25-Jan-2018,3400,CE,0,0,0,137.3,350.5,0,0,600,0,19-DEC-2017,
OPTSTK,HEROMOTOCO,25-Jan-2018,3450,CE,0,0,0,380.45,310.4,0,0,0,0,19-DEC-2017,
OPTSTK,HEROMOTOCO,25-Jan-2018,3500,CE,0,0,0,339.9,272.65,0,0,0,0,19-DEC-2017,
OPTSTK,HEROMOTOCO,25-Jan-2018,3550,CE,0,0,0,301.45,237.2,0,0,0,0,19-DEC-2017,
OPTSTK,HEROMOTOCO,25-Jan-2018,3600,CE,0,0,0,77,204.6,0,0,200,0,19-DEC-2017,
OPTSTK,HEROMOTOCO,25-Jan-2018,3650,CE,0,0,0,231.5,174.8,0,0,0,0,19-DEC-2017,
OPTSTK,HEROMOTOCO,25-Jan-2018,3700,CE,50,110,50,106.65,106.65,68,516.32,10200,9600,19-DEC-2017,
OPTSTK,HEROMOTOCO,25-Jan-2018,3750,CE,0,0,0,172.05,124,0,0,0,0,19-DEC-2017,
OPTSTK,HEROMOTOCO,25-Jan-2018,3800,CE,48.65,60,48.65,60,60,9,69.34,1200,1200,19-DEC-2017,
OPTSTK,HEROMOTOCO,25-Jan-2018,3850,CE,0,0,0,123.5,84.55,0,0,0,0,19-DEC-2017,
OPTSTK,HEROMOTOCO,25-Jan-2018,3900,CE,0,0,0,103.25,68.8,0,0,0,0,19-DEC-2017,
OPTSTK,HEROMOTOCO,25-Jan-2018,3950,CE,0,0,0,85.6,55.6,0,0,0,0,19-DEC-2017,
OPTSTK,HEROMOTOCO,25-Jan-2018,4000,CE,0,0,0,70.3,44.25,0,0,0,0,19-DEC-2017,
OPTSTK,HEROMOTOCO,25-Jan-2018,4050,CE,0,0,0,57.4,34.95,0,0,0,0,19-DEC-2017,
OPTSTK,HEROMOTOCO,25-Jan-2018,4100,CE,0,0,0,46.25,27.35,0,0,0,0,19-DEC-2017,
OPTSTK,HEROMOTOCO,25-Jan-2018,4150,CE,0,0,0,37,21.2,0,0,0,0,19-DEC-2017,
OPTSTK,HEROMOTOCO,25-Jan-2018,4200,CE,0,0,0,29.35,16.25,0,0,0,0,19-DEC-2017,
OPTSTK,HEROMOTOCO,25-Jan-2018,4250,CE,0,0,0,23.05,12.35,0,0,0,0,19-DEC-2017,
OPTSTK,HEROMOTOCO,25-Jan-2018,4300,CE,0,0,0,18,9.3,0,0,0,0,19-DEC-2017,
OPTSTK,HEROMOTOCO,25-Jan-2018,4350,CE,0,0,0,13.9,6.95,0,0,0,0,19-DEC-2017,
OPTSTK,HEROMOTOCO,25-Jan-2018,4400,CE,0,0,0,10.65,5.15,0,0,0,0,19-DEC-2017,
OPTSTK,HEROMOTOCO,25-Jan-2018,4450,CE,0,0,0,8.1,3.75,0,0,0,0,19-DEC-2017,
OPTSTK,HEROMOTOCO,25-Jan-2018,4500,CE,0,0,0,6.1,2.75,0,0,0,0,19-DEC-2017,
OPTSTK,HEROMOTOCO,25-Jan-2018,4550,CE,0,0,0,4.6,2,0,0,0,0,19-DEC-2017,
OPTSTK,HEROMOTOCO,25-Jan-2018,2900,PE,0,0,0,0.2,0.3,0,0,0,0,19-DEC-2017,
OPTSTK,HEROMOTOCO,25-Jan-2018,2950,PE,0,0,0,0.35,0.55,0,0,0,0,19-DEC-2017,
OPTSTK,HEROMOTOCO,25-Jan-2018,3000,PE,0,0,0,0.6,0.95,0,0,0,0,19-DEC-2017,
OPTSTK,HEROMOTOCO,25-Jan-2018,3050,PE,0,0,0,1,1.6,0,0,0,0,19-DEC-2017,
OPTSTK,HEROMOTOCO,25-Jan-2018,3100,PE,0,0,0,1.65,2.65,0,0,0,0,19-DEC-2017,
OPTSTK,HEROMOTOCO,25-Jan-2018,3150,PE,0,0,0,2.65,4.2,0,0,0,0,19-DEC-2017,
OPTSTK,HEROMOTOCO,25-Jan-2018,3200,PE,0,0,0,4.15,6.45,0,0,0,0,19-DEC-2017,
OPTSTK,HEROMOTOCO,25-Jan-2018,3250,PE,0,0,0,6.25,9.65,0,0,0,0,19-DEC-2017,
OPTSTK,HEROMOTOCO,25-Jan-2018,3300,PE,0,0,0,9.25,14,0,0,0,0,19-DEC-2017,
OPTSTK,HEROMOTOCO,25-Jan-2018,3350,PE,0,0,0,13.25,19.8,0,0,0,0,19-DEC-2017,
OPTSTK,HEROMOTOCO,25-Jan-2018,3400,PE,0,0,0,18.6,27.35,0,0,0,0,19-DEC-2017,
OPTSTK,HEROMOTOCO,25-Jan-2018,3450,PE,0,0,0,25.5,36.95,0,0,0,0,19-DEC-2017,
OPTSTK,HEROMOTOCO,25-Jan-2018,3500,PE,49,50.2,26.95,27.4,27.4,60,423.56,13800,8800,19-DEC-2017,
OPTSTK,HEROMOTOCO,25-Jan-2018,3550,PE,35.55,35.55,35.55,35.55,35.55,1,7.17,200,200,19-DEC-2017,
OPTSTK,HEROMOTOCO,25-Jan-2018,3600,PE,50,55,50,51.7,51.7,3,21.91,600,600,19-DEC-2017,
OPTSTK,HEROMOTOCO,25-Jan-2018,3650,PE,0,0,0,73.45,100.05,0,0,0,0,19-DEC-2017,
OPTSTK,HEROMOTOCO,25-Jan-2018,3700,PE,89.3,89.3,89.3,89.3,89.3,4,30.31,800,800,19-DEC-2017,
OPTSTK,HEROMOTOCO,25-Jan-2018,3750,PE,0,0,0,112.4,148.6,0,0,0,0,19-DEC-2017,
OPTSTK,HEROMOTOCO,25-Jan-2018,3800,PE,0,0,0,135.95,177.2,0,0,0,0,19-DEC-2017,
OPTSTK,HEROMOTOCO,25-Jan-2018,3850,PE,0,0,0,162.3,208.5,0,0,0,0,19-DEC-2017,
OPTSTK,HEROMOTOCO,25-Jan-2018,3900,PE,0,0,0,191.25,242.4,0,0,0,0,19-DEC-2017,
OPTSTK,HEROMOTOCO,25-Jan-2018,3950,PE,0,0,0,222.8,278.9,0,0,0,0,19-DEC-2017,
OPTSTK,HEROMOTOCO,25-Jan-2018,4000,PE,0,0,0,256.7,317.25,0,0,0,0,19-DEC-2017,
OPTSTK,HEROMOTOCO,25-Jan-2018,4050,PE,0,0,0,293.05,357.6,0,0,0,0,19-DEC-2017,
OPTSTK,HEROMOTOCO,25-Jan-2018,4100,PE,0,0,0,331.1,399.65,0,0,0,0,19-DEC-2017,
OPTSTK,HEROMOTOCO,25-Jan-2018,4150,PE,0,0,0,371.05,443.2,0,0,0,0,19-DEC-2017,
OPTSTK,HEROMOTOCO,25-Jan-2018,4200,PE,0,0,0,412.65,487.95,0,0,0,0,19-DEC-2017,
OPTSTK,HEROMOTOCO,25-Jan-2018,4250,PE,0,0,0,455.55,533.7,0,0,0,0,19-DEC-2017,
OPTSTK,HEROMOTOCO,25-Jan-2018,4300,PE,0,0,0,499.7,580.3,0,0,0,0,19-DEC-2017,
OPTSTK,HEROMOTOCO,25-Jan-2018,4350,PE,0,0,0,544.85,627.65,0,0,0,0,19-DEC-2017,
OPTSTK,HEROMOTOCO,25-Jan-2018,4400,PE,0,0,0,590.8,675.5,0,0,0,0,19-DEC-2017,
OPTSTK,HEROMOTOCO,25-Jan-2018,4450,PE,0,0,0,637.45,723.8,0,0,0,0,19-DEC-2017,
OPTSTK,HEROMOTOCO,25-Jan-2018,4500,PE,0,0,0,684.7,772.45,0,0,0,0,19-DEC-2017,
OPTSTK,HEROMOTOCO,25-Jan-2018,4550,PE,0,0,0,732.35,821.35,0,0,0,0,19-DEC-2017,
OPTSTK,HEROMOTOCO,22-Feb-2018,2900,CE,0,0,0,776,836.65,0,0,0,0,19-DEC-2017,
OPTSTK,HEROMOTOCO,22-Feb-2018,2950,CE,0,0,0,726.8,788.45,0,0,0,0,19-DEC-2017,
OPTSTK,HEROMOTOCO,22-Feb-2018,3000,CE,0,0,0,677.7,740.7,0,0,0,0,19-DEC-2017,
OPTSTK,HEROMOTOCO,22-Feb-2018,3050,CE,0,0,0,628.75,693.55,0,0,0,0,19-DEC-2017,
OPTSTK,HEROMOTOCO,22-Feb-2018,3100,CE,0,0,0,580.05,647.1,0,0,0,0,19-DEC-2017,
OPTSTK,HEROMOTOCO,22-Feb-2018,3150,CE,0,0,0,531.7,601.5,0,0,0,0,19-DEC-2017,
OPTSTK,HEROMOTOCO,22-Feb-2018,3200,CE,0,0,0,483.9,556.95,0,0,0,0,19-DEC-2017,
OPTSTK,HEROMOTOCO,22-Feb-2018,3250,CE,0,0,0,436.95,513.55,0,0,0,0,19-DEC-2017,
OPTSTK,HEROMOTOCO,22-Feb-2018,3300,CE,0,0,0,391.1,471.5,0,0,0,0,19-DEC-2017,
OPTSTK,HEROMOTOCO,22-Feb-2018,3350,CE,0,0,0,346.7,431,0,0,0,0,19-DEC-2017,
OPTSTK,HEROMOTOCO,22-Feb-2018,3400,CE,0,0,0,304.15,392.2,0,0,0,0,19-DEC-2017,
OPTSTK,HEROMOTOCO,22-Feb-2018,3450,CE,0,0,0,263.85,355.3,0,0,0,0,19-DEC-2017,
OPTSTK,HEROMOTOCO,22-Feb-2018,3500,CE,0,0,0,226.25,320.05,0,0,0,0,19-DEC-2017,
OPTSTK,HEROMOTOCO,22-Feb-2018,3550,CE,0,0,0,191.35,287.05,0,0,0,0,19-DEC-2017,
OPTSTK,HEROMOTOCO,22-Feb-2018,3600,CE,0,0,0,159.85,256.15,0,0,0,0,19-DEC-2017,
OPTSTK,HEROMOTOCO,22-Feb-2018,3650,CE,0,0,0,131.65,227.45,0,0,0,0,19-DEC-2017,
OPTSTK,HEROMOTOCO,22-Feb-2018,3700,CE,0,0,0,106.95,200.95,0,0,0,0,19-DEC-2017,
OPTSTK,HEROMOTOCO,22-Feb-2018,3750,CE,0,0,0,85.6,176.6,0,0,0,0,19-DEC-2017,
OPTSTK,HEROMOTOCO,22-Feb-2018,3800,CE,0,0,0,67.55,154.4,0,0,0,0,19-DEC-2017,
OPTSTK,HEROMOTOCO,22-Feb-2018,3850,CE,0,0,0,52.5,134.35,0,0,0,0,19-DEC-2017,
OPTSTK,HEROMOTOCO,22-Feb-2018,3900,CE,0,0,0,40.25,116.25,0,0,0,0,19-DEC-2017,
OPTSTK,HEROMOTOCO,22-Feb-2018,3950,CE,0,0,0,30.35,100.15,0,0,0,0,19-DEC-2017,
OPTSTK,HEROMOTOCO,22-Feb-2018,4000,CE,0,0,0,22.55,85.8,0,0,0,0,19-DEC-2017,
OPTSTK,HEROMOTOCO,22-Feb-2018,4050,CE,0,0,0,16.55,73.35,0,0,0,0,19-DEC-2017,
OPTSTK,HEROMOTOCO,22-Feb-2018,4100,CE,0,0,0,11.95,62.15,0,0,0,0,19-DEC-2017,
OPTSTK,HEROMOTOCO,22-Feb-2018,4150,CE,0,0,0,8.5,52.5,0,0,0,0,19-DEC-2017,
OPTSTK,HEROMOTOCO,22-Feb-2018,4200,CE,0,0,0,5.95,44.1,0,0,0,0,19-DEC-2017,
OPTSTK,HEROMOTOCO,22-Feb-2018,4250,CE,0,0,0,4.1,36.9,0,0,0,0,19-DEC-2017,
OPTSTK,HEROMOTOCO,22-Feb-2018,4300,CE,0,0,0,2.8,30.75,0,0,0,0,19-DEC-2017,
OPTSTK,HEROMOTOCO,22-Feb-2018,4350,CE,0,0,0,1.9,25.45,0,0,0,0,19-DEC-2017,
OPTSTK,HEROMOTOCO,22-Feb-2018,4400,CE,0,0,0,1.25,21,0,0,0,0,19-DEC-2017,
OPTSTK,HEROMOTOCO,22-Feb-2018,4450,CE,0,0,0,0.85,17.25,0,0,0,0,19-DEC-2017,
OPTSTK,HEROMOTOCO,22-Feb-2018,4500,CE,0,0,0,0.55,14.1,0,0,0,0,19-DEC-2017,
OPTSTK,HEROMOTOCO,22-Feb-2018,4550,CE,0,0,0,0.35,11.5,0,0,0,0,19-DEC-2017,
OPTSTK,HEROMOTOCO,22-Feb-2018,2900,PE,0,0,0,0.1,2.6,0,0,0,0,19-DEC-2017,
OPTSTK,HEROMOTOCO,22-Feb-2018,2950,PE,0,0,0,0.15,3.85,0,0,0,0,19-DEC-2017,
OPTSTK,HEROMOTOCO,22-Feb-2018,3000,PE,0,0,0,0.35,5.5,0,0,0,0,19-DEC-2017,
OPTSTK,HEROMOTOCO,22-Feb-2018,3050,PE,0,0,0,0.65,7.75,0,0,0,0,19-DEC-2017,
OPTSTK,HEROMOTOCO,22-Feb-2018,3100,PE,0,0,0,1.2,10.75,0,0,0,0,19-DEC-2017,
OPTSTK,HEROMOTOCO,22-Feb-2018,3150,PE,0,0,0,2.1,14.6,0,0,0,0,19-DEC-2017,
OPTSTK,HEROMOTOCO,22-Feb-2018,3200,PE,0,0,0,3.6,19.45,0,0,0,0,19-DEC-2017,
OPTSTK,HEROMOTOCO,22-Feb-2018,3250,PE,0,0,0,5.9,25.5,0,0,0,0,19-DEC-2017,
OPTSTK,HEROMOTOCO,22-Feb-2018,3300,PE,0,0,0,9.35,32.9,0,0,0,0,19-DEC-2017,
OPTSTK,HEROMOTOCO,22-Feb-2018,3350,PE,0,0,0,14.2,41.8,0,0,0,0,19-DEC-2017,
OPTSTK,HEROMOTOCO,22-Feb-2018,3400,PE,0,0,0,20.95,52.4,0,0,0,0,19-DEC-2017,
OPTSTK,HEROMOTOCO,22-Feb-2018,3450,PE,0,0,0,29.9,64.95,0,0,0,0,19-DEC-2017,
OPTSTK,HEROMOTOCO,22-Feb-2018,3500,PE,0,0,0,41.6,79.15,0,0,0,0,19-DEC-2017,
OPTSTK,HEROMOTOCO,22-Feb-2018,3550,PE,0,0,0,55.95,95.55,0,0,0,0,19-DEC-2017,
OPTSTK,HEROMOTOCO,22-Feb-2018,3600,PE,0,0,0,73.7,114.1,0,0,0,0,19-DEC-2017,
OPTSTK,HEROMOTOCO,22-Feb-2018,3650,PE,0,0,0,94.8,134.8,0,0,0,0,19-DEC-2017,
OPTSTK,HEROMOTOCO,22-Feb-2018,3700,PE,0,0,0,119.35,157.75,0,0,0,0,19-DEC-2017,
OPTSTK,HEROMOTOCO,22-Feb-2018,3750,PE,0,0,0,147.3,182.85,0,0,0,0,19-DEC-2017,
OPTSTK,HEROMOTOCO,22-Feb-2018,3800,PE,0,0,0,178.5,210.1,0,0,0,0,19-DEC-2017,
OPTSTK,HEROMOTOCO,22-Feb-2018,3850,PE,0,0,0,212.7,239.45,0,0,0,0,19-DEC-2017,
OPTSTK,HEROMOTOCO,22-Feb-2018,3900,PE,0,0,0,249.75,270.8,0,0,0,0,19-DEC-2017,
OPTSTK,HEROMOTOCO,22-Feb-2018,3950,PE,0,0,0,289.15,304.1,0,0,0,0,19-DEC-2017,
OPTSTK,HEROMOTOCO,22-Feb-2018,4000,PE,0,0,0,330.6,339.2,0,0,0,0,19-DEC-2017,
OPTSTK,HEROMOTOCO,22-Feb-2018,4050,PE,0,0,0,373.85,376.15,0,0,0,0,19-DEC-2017,
OPTSTK,HEROMOTOCO,22-Feb-2018,4100,PE,0,0,0,418.5,414.4,0,0,0,0,19-DEC-2017,
OPTSTK,HEROMOTOCO,22-Feb-2018,4150,PE,0,0,0,464.35,454.15,0,0,0,0,19-DEC-2017,
OPTSTK,HEROMOTOCO,22-Feb-2018,4200,PE,0,0,0,511.1,495.2,0,0,0,0,19-DEC-2017,
OPTSTK,HEROMOTOCO,22-Feb-2018,4250,PE,0,0,0,558.5,537.45,0,0,0,0,19-DEC-2017,
OPTSTK,HEROMOTOCO,22-Feb-2018,4300,PE,0,0,0,606.5,580.7,0,0,0,0,19-DEC-2017,
OPTSTK,HEROMOTOCO,22-Feb-2018,4350,PE,0,0,0,654.85,624.85,0,0,0,0,19-DEC-2017,
OPTSTK,HEROMOTOCO,22-Feb-2018,4400,PE,0,0,0,703.5,669.85,0,0,0,0,19-DEC-2017,
OPTSTK,HEROMOTOCO,22-Feb-2018,4450,PE,0,0,0,752.3,715.5,0,0,0,0,19-DEC-2017,
OPTSTK,HEROMOTOCO,22-Feb-2018,4500,PE,0,0,0,801.3,761.8,0,0,0,0,19-DEC-2017,
OPTSTK,HEROMOTOCO,22-Feb-2018,4550,PE,0,0,0,850.4,808.6,0,0,0,0,19-DEC-2017,
OPTSTK,HEXAWARE,28-Dec-2017,170,CE,0,0,0,99.65,157.4,0,0,0,0,19-DEC-2017,
OPTSTK,HEXAWARE,28-Dec-2017,175,CE,0,0,0,94.75,152.4,0,0,0,0,19-DEC-2017,
OPTSTK,HEXAWARE,28-Dec-2017,180,CE,0,0,0,89.85,147.4,0,0,0,0,19-DEC-2017,
OPTSTK,HEXAWARE,28-Dec-2017,185,CE,0,0,0,84.95,142.4,0,0,0,0,19-DEC-2017,
OPTSTK,HEXAWARE,28-Dec-2017,190,CE,0,0,0,80.1,137.4,0,0,0,0,19-DEC-2017,
OPTSTK,HEXAWARE,28-Dec-2017,195,CE,0,0,0,75.3,132.4,0,0,0,0,19-DEC-2017,
OPTSTK,HEXAWARE,28-Dec-2017,200,CE,0,0,0,70.55,127.45,0,0,0,0,19-DEC-2017,
OPTSTK,HEXAWARE,28-Dec-2017,205,CE,0,0,0,65.85,122.45,0,0,0,0,19-DEC-2017,
OPTSTK,HEXAWARE,28-Dec-2017,210,CE,0,0,0,61.2,117.45,0,0,0,0,19-DEC-2017,
OPTSTK,HEXAWARE,28-Dec-2017,215,CE,0,0,0,56.65,112.45,0,0,0,0,19-DEC-2017,
OPTSTK,HEXAWARE,28-Dec-2017,220,CE,0,0,0,52.25,107.45,0,0,0,0,19-DEC-2017,
OPTSTK,HEXAWARE,28-Dec-2017,225,CE,0,0,0,47.95,102.45,0,0,0,0,19-DEC-2017,
OPTSTK,HEXAWARE,28-Dec-2017,230,CE,0,0,0,43.85,97.5,0,0,0,0,19-DEC-2017,
OPTSTK,HEXAWARE,28-Dec-2017,235,CE,0,0,0,39.85,92.5,0,0,0,0,19-DEC-2017,
OPTSTK,HEXAWARE,28-Dec-2017,240,CE,0,0,0,36.1,87.5,0,0,0,0,19-DEC-2017,
OPTSTK,HEXAWARE,28-Dec-2017,245,CE,0,0,0,32.5,82.5,0,0,0,0,19-DEC-2017,
OPTSTK,HEXAWARE,28-Dec-2017,250,CE,0,0,0,90.2,77.5,0,0,3000,0,19-DEC-2017,
OPTSTK,HEXAWARE,28-Dec-2017,255,CE,0,0,0,83.8,72.5,0,0,3000,0,19-DEC-2017,
OPTSTK,HEXAWARE,28-Dec-2017,260,CE,0,0,0,23.1,67.5,0,0,0,0,19-DEC-2017,
OPTSTK,HEXAWARE,28-Dec-2017,265,CE,0,0,0,20.4,62.55,0,0,0,0,19-DEC-2017,
OPTSTK,HEXAWARE,28-Dec-2017,270,CE,0,0,0,17.9,57.55,0,0,0,0,19-DEC-2017,
OPTSTK,HEXAWARE,28-Dec-2017,275,CE,0,0,0,15.7,52.55,0,0,0,0,19-DEC-2017,
OPTSTK,HEXAWARE,28-Dec-2017,280,CE,0,0,0,58.55,47.6,0,0,3000,0,19-DEC-2017,
OPTSTK,HEXAWARE,28-Dec-2017,285,CE,0,0,0,11.85,42.65,0,0,0,0,19-DEC-2017,
OPTSTK,HEXAWARE,28-Dec-2017,290,CE,0,0,0,47,37.75,0,0,9000,0,19-DEC-2017,
OPTSTK,HEXAWARE,28-Dec-2017,295,CE,0,0,0,8.75,32.95,0,0,0,0,19-DEC-2017,
OPTSTK,HEXAWARE,28-Dec-2017,300,CE,0,0,0,25,28.3,0,0,12000,0,19-DEC-2017,
OPTSTK,HEXAWARE,28-Dec-2017,305,CE,0,0,0,6.4,23.85,0,0,0,0,19-DEC-2017,
OPTSTK,HEXAWARE,28-Dec-2017,310,CE,0,0,0,17.5,19.7,0,0,18000,0,19-DEC-2017,
OPTSTK,HEXAWARE,28-Dec-2017,315,CE,0,0,0,11.15,15.9,0,0,3000,0,19-DEC-2017,
OPTSTK,HEXAWARE,28-Dec-2017,320,CE,9.4,9.5,8.25,9.35,9.35,22,217.2,102000,30000,19-DEC-2017,
OPTSTK,HEXAWARE,28-Dec-2017,325,CE,6.95,7.15,6.2,6.95,6.95,6,59.71,21000,3000,19-DEC-2017,
OPTSTK,HEXAWARE,28-Dec-2017,330,CE,5.2,5.55,4.3,4.5,4.5,223,2240.86,540000,159000,19-DEC-2017,
OPTSTK,HEXAWARE,28-Dec-2017,335,CE,3.35,4.15,3,3.25,3.25,22,223.32,72000,0,19-DEC-2017,
OPTSTK,HEXAWARE,28-Dec-2017,340,CE,2.5,3,1.8,2,2,153,1570.67,558000,138000,19-DEC-2017,
OPTSTK,HEXAWARE,28-Dec-2017,345,CE,1.8,1.8,1.35,1.35,1.35,2,20.79,39000,-6000,19-DEC-2017,
OPTSTK,HEXAWARE,28-Dec-2017,350,CE,1.3,1.75,0.9,1.05,1.05,44,463.57,390000,-15000,19-DEC-2017,
OPTSTK,HEXAWARE,28-Dec-2017,355,CE,1.4,1.4,0.7,1.05,1.05,5,53.39,33000,0,19-DEC-2017,
OPTSTK,HEXAWARE,28-Dec-2017,360,CE,0.65,1,0.45,0.55,0.55,15,162.29,162000,-9000,19-DEC-2017,
OPTSTK,HEXAWARE,28-Dec-2017,365,CE,0,0,0,1.3,0.4,0,0,3000,0,19-DEC-2017,
OPTSTK,HEXAWARE,28-Dec-2017,370,CE,0.7,0.9,0.3,0.4,0.4,14,155.59,120000,-6000,19-DEC-2017,
OPTSTK,HEXAWARE,28-Dec-2017,375,CE,0.2,0.2,0.2,0.2,0.2,1,11.25,3000,0,19-DEC-2017,
OPTSTK,HEXAWARE,28-Dec-2017,380,CE,0,0,0,0.35,0.1,0,0,99000,0,19-DEC-2017,
OPTSTK,HEXAWARE,28-Dec-2017,385,CE,0,0,0,0.8,0.05,0,0,3000,0,19-DEC-2017,
OPTSTK,HEXAWARE,28-Dec-2017,390,CE,0.2,0.2,0.2,0.2,0.2,1,11.7,36000,3000,19-DEC-2017,
OPTSTK,HEXAWARE,28-Dec-2017,395,CE,0.1,0.1,0.1,0.1,0.1,1,11.85,15000,-3000,19-DEC-2017,
OPTSTK,HEXAWARE,28-Dec-2017,170,PE,0,0,0,0.05,0,0,0,0,0,19-DEC-2017,
OPTSTK,HEXAWARE,28-Dec-2017,175,PE,0,0,0,0.05,0,0,0,0,0,19-DEC-2017,
OPTSTK,HEXAWARE,28-Dec-2017,180,PE,0,0,0,0.1,0,0,0,0,0,19-DEC-2017,
OPTSTK,HEXAWARE,28-Dec-2017,185,PE,0,0,0,0.15,0,0,0,0,0,19-DEC-2017,
OPTSTK,HEXAWARE,28-Dec-2017,190,PE,0,0,0,0.2,0,0,0,0,0,19-DEC-2017,
OPTSTK,HEXAWARE,28-Dec-2017,195,PE,0,0,0,0.3,0,0,0,0,0,19-DEC-2017,
OPTSTK,HEXAWARE,28-Dec-2017,200,PE,0,0,0,0.45,0,0,0,0,0,19-DEC-2017,
OPTSTK,HEXAWARE,28-Dec-2017,205,PE,0,0,0,0.7,0,0,0,0,0,19-DEC-2017,
OPTSTK,HEXAWARE,28-Dec-2017,210,PE,0,0,0,1,0,0,0,0,0,19-DEC-2017,
OPTSTK,HEXAWARE,28-Dec-2017,215,PE,0,0,0,1.4,0,0,0,0,0,19-DEC-2017,
OPTSTK,HEXAWARE,28-Dec-2017,220,PE,0,0,0,1.9,0,0,0,0,0,19-DEC-2017,
OPTSTK,HEXAWARE,28-Dec-2017,225,PE,0,0,0,2.5,0,0,0,0,0,19-DEC-2017,
OPTSTK,HEXAWARE,28-Dec-2017,230,PE,0,0,0,3.3,0,0,0,0,0,19-DEC-2017,
OPTSTK,HEXAWARE,28-Dec-2017,235,PE,0,0,0,4.25,0,0,0,0,0,19-DEC-2017,
OPTSTK,HEXAWARE,28-Dec-2017,240,PE,0,0,0,5.4,0,0,0,0,0,19-DEC-2017,
OPTSTK,HEXAWARE,28-Dec-2017,245,PE,0,0,0,6.75,0,0,0,0,0,19-DEC-2017,
OPTSTK,HEXAWARE,28-Dec-2017,250,PE,0,0,0,8.3,0,0,0,0,0,19-DEC-2017,
OPTSTK,HEXAWARE,28-Dec-2017,255,PE,0,0,0,10.1,0,0,0,0,0,19-DEC-2017,
OPTSTK,HEXAWARE,28-Dec-2017,260,PE,0,0,0,12.1,0,0,0,0,0,19-DEC-2017,
OPTSTK,HEXAWARE,28-Dec-2017,265,PE,0,0,0,14.3,0,0,0,0,0,19-DEC-2017,
OPTSTK,HEXAWARE,28-Dec-2017,270,PE,0,0,0,16.75,0.05,0,0,0,0,19-DEC-2017,
OPTSTK,HEXAWARE,28-Dec-2017,275,PE,0,0,0,19.45,0.05,0,0,0,0,19-DEC-2017,
OPTSTK,HEXAWARE,28-Dec-2017,280,PE,0,0,0,22.35,0.05,0,0,0,0,19-DEC-2017,
OPTSTK,HEXAWARE,28-Dec-2017,285,PE,0,0,0,25.45,0.1,0,0,0,0,19-DEC-2017,
OPTSTK,HEXAWARE,28-Dec-2017,290,PE,0.3,0.3,0.3,0.3,0.3,1,8.7,9000,3000,19-DEC-2017,
OPTSTK,HEXAWARE,28-Dec-2017,295,PE,0,0,0,1.5,0.4,0,0,6000,0,19-DEC-2017,
OPTSTK,HEXAWARE,28-Dec-2017,300,PE,1.6,1.6,1.35,1.35,1.35,2,18.08,60000,-3000,19-DEC-2017,
OPTSTK,HEXAWARE,28-Dec-2017,305,PE,0,0,0,39.7,1.3,0,0,0,0,19-DEC-2017,
OPTSTK,HEXAWARE,28-Dec-2017,310,PE,2.6,2.8,2.6,2.7,2.7,4,37.52,90000,0,19-DEC-2017,
OPTSTK,HEXAWARE,28-Dec-2017,315,PE,0,0,0,6.3,3.3,0,0,21000,0,19-DEC-2017,
OPTSTK,HEXAWARE,28-Dec-2017,320,PE,7,7.1,6,6.4,6.4,41,401.64,141000,45000,19-DEC-2017,
OPTSTK,HEXAWARE,28-Dec-2017,325,PE,8.5,8.5,8.5,8.5,8.5,4,40.02,21000,3000,19-DEC-2017,
OPTSTK,HEXAWARE,28-Dec-2017,330,PE,12.65,12.95,11.1,12.05,12.05,7,71.86,57000,3000,19-DEC-2017,
OPTSTK,HEXAWARE,28-Dec-2017,335,PE,0,0,0,16.45,12.5,0,0,27000,0,19-DEC-2017,
OPTSTK,HEXAWARE,28-Dec-2017,340,PE,18.5,18.5,18.5,18.5,18.5,1,10.75,48000,0,19-DEC-2017,
OPTSTK,HEXAWARE,28-Dec-2017,345,PE,0,0,0,25.1,19.85,0,0,9000,0,19-DEC-2017,
OPTSTK,HEXAWARE,28-Dec-2017,350,PE,28,29,28,28,28,3,34.05,9000,-3000,19-DEC-2017,
OPTSTK,HEXAWARE,28-Dec-2017,355,PE,0,0,0,33.2,28.4,0,0,6000,0,19-DEC-2017,
OPTSTK,HEXAWARE,28-Dec-2017,360,PE,0,0,0,37.35,33,0,0,6000,0,19-DEC-2017,
OPTSTK,HEXAWARE,28-Dec-2017,365,PE,0,0,0,93.1,37.75,0,0,0,0,19-DEC-2017,
OPTSTK,HEXAWARE,28-Dec-2017,370,PE,0,0,0,95.2,42.55,0,0,0,0,19-DEC-2017,
OPTSTK,HEXAWARE,28-Dec-2017,375,PE,0,0,0,91.75,47.45,0,0,0,0,19-DEC-2017,
OPTSTK,HEXAWARE,28-Dec-2017,380,PE,0,0,0,96.5,52.4,0,0,0,0,19-DEC-2017,
OPTSTK,HEXAWARE,28-Dec-2017,385,PE,0,0,0,96.3,57.35,0,0,0,0,19-DEC-2017,
OPTSTK,HEXAWARE,28-Dec-2017,390,PE,0,0,0,97.15,62.35,0,0,0,0,19-DEC-2017,
OPTSTK,HEXAWARE,28-Dec-2017,395,PE,0,0,0,84.45,67.3,0,0,0,0,19-DEC-2017,
OPTSTK,HEXAWARE,25-Jan-2018,185,CE,0,0,0,102.5,143.3,0,0,0,0,19-DEC-2017,
OPTSTK,HEXAWARE,25-Jan-2018,190,CE,0,0,0,97.6,138.35,0,0,0,0,19-DEC-2017,
OPTSTK,HEXAWARE,25-Jan-2018,195,CE,0,0,0,92.75,133.4,0,0,0,0,19-DEC-2017,
OPTSTK,HEXAWARE,25-Jan-2018,200,CE,0,0,0,87.9,128.4,0,0,0,0,19-DEC-2017,
OPTSTK,HEXAWARE,25-Jan-2018,205,CE,0,0,0,83.1,123.45,0,0,0,0,19-DEC-2017,
OPTSTK,HEXAWARE,25-Jan-2018,210,CE,0,0,0,78.4,118.5,0,0,0,0,19-DEC-2017,
OPTSTK,HEXAWARE,25-Jan-2018,215,CE,0,0,0,73.7,113.5,0,0,0,0,19-DEC-2017,
OPTSTK,HEXAWARE,25-Jan-2018,220,CE,0,0,0,69.05,108.55,0,0,0,0,19-DEC-2017,
OPTSTK,HEXAWARE,25-Jan-2018,225,CE,0,0,0,64.55,103.6,0,0,0,0,19-DEC-2017,
OPTSTK,HEXAWARE,25-Jan-2018,230,CE,0,0,0,60.1,98.65,0,0,0,0,19-DEC-2017,
OPTSTK,HEXAWARE,25-Jan-2018,235,CE,0,0,0,55.8,93.7,0,0,0,0,19-DEC-2017,
OPTSTK,HEXAWARE,25-Jan-2018,240,CE,0,0,0,51.6,88.75,0,0,0,0,19-DEC-2017,
OPTSTK,HEXAWARE,25-Jan-2018,245,CE,0,0,0,47.6,83.85,0,0,0,0,19-DEC-2017,
OPTSTK,HEXAWARE,25-Jan-2018,250,CE,0,0,0,43.7,78.95,0,0,0,0,19-DEC-2017,
OPTSTK,HEXAWARE,25-Jan-2018,255,CE,0,0,0,40,74.1,0,0,0,0,19-DEC-2017,
OPTSTK,HEXAWARE,25-Jan-2018,260,CE,0,0,0,36.45,69.3,0,0,0,0,19-DEC-2017,
OPTSTK,HEXAWARE,25-Jan-2018,265,CE,0,0,0,33.1,64.55,0,0,0,0,19-DEC-2017,
OPTSTK,HEXAWARE,25-Jan-2018,270,CE,0,0,0,29.95,59.85,0,0,0,0,19-DEC-2017,
OPTSTK,HEXAWARE,25-Jan-2018,275,CE,0,0,0,27,55.3,0,0,0,0,19-DEC-2017,
OPTSTK,HEXAWARE,25-Jan-2018,280,CE,0,0,0,24.3,50.8,0,0,0,0,19-DEC-2017,
OPTSTK,HEXAWARE,25-Jan-2018,285,CE,0,0,0,21.75,46.5,0,0,0,0,19-DEC-2017,
OPTSTK,HEXAWARE,25-Jan-2018,290,CE,0,0,0,19.4,42.3,0,0,0,0,19-DEC-2017,
OPTSTK,HEXAWARE,25-Jan-2018,295,CE,0,0,0,17.2,38.3,0,0,0,0,19-DEC-2017,
OPTSTK,HEXAWARE,25-Jan-2018,300,CE,0,0,0,15.25,34.5,0,0,0,0,19-DEC-2017,
OPTSTK,HEXAWARE,25-Jan-2018,305,CE,0,0,0,13.45,30.9,0,0,0,0,19-DEC-2017,
OPTSTK,HEXAWARE,25-Jan-2018,310,CE,0,0,0,11.85,27.5,0,0,0,0,19-DEC-2017,
OPTSTK,HEXAWARE,25-Jan-2018,315,CE,0,0,0,10.4,24.35,0,0,0,0,19-DEC-2017,
OPTSTK,HEXAWARE,25-Jan-2018,320,CE,0,0,0,9.1,21.4,0,0,0,0,19-DEC-2017,
OPTSTK,HEXAWARE,25-Jan-2018,325,CE,0,0,0,7.9,18.75,0,0,0,0,19-DEC-2017,
OPTSTK,HEXAWARE,25-Jan-2018,330,CE,0,0,0,6.85,16.3,0,0,0,0,19-DEC-2017,
OPTSTK,HEXAWARE,25-Jan-2018,335,CE,0,0,0,5.95,14.1,0,0,0,0,19-DEC-2017,
OPTSTK,HEXAWARE,25-Jan-2018,340,CE,0,0,0,9,12.1,0,0,0,0,19-DEC-2017,
OPTSTK,HEXAWARE,25-Jan-2018,345,CE,0,0,0,4.45,10.35,0,0,0,0,19-DEC-2017,
OPTSTK,HEXAWARE,25-Jan-2018,350,CE,0,0,0,3.8,8.8,0,0,0,0,19-DEC-2017,
OPTSTK,HEXAWARE,25-Jan-2018,355,CE,0,0,0,3.25,7.45,0,0,0,0,19-DEC-2017,
OPTSTK,HEXAWARE,25-Jan-2018,360,CE,0,0,0,2.8,6.25,0,0,0,0,19-DEC-2017,
OPTSTK,HEXAWARE,25-Jan-2018,365,CE,0,0,0,2.4,5.2,0,0,0,0,19-DEC-2017,
OPTSTK,HEXAWARE,25-Jan-2018,370,CE,0,0,0,2,4.35,0,0,0,0,19-DEC-2017,
OPTSTK,HEXAWARE,25-Jan-2018,375,CE,0,0,0,1.7,3.6,0,0,0,0,19-DEC-2017,
OPTSTK,HEXAWARE,25-Jan-2018,380,CE,0,0,0,1.45,2.95,0,0,0,0,19-DEC-2017,
OPTSTK,HEXAWARE,25-Jan-2018,385,CE,0,0,0,1.25,2.4,0,0,0,0,19-DEC-2017,
OPTSTK,HEXAWARE,25-Jan-2018,390,CE,0,0,0,1.5,1.95,0,0,0,0,19-DEC-2017,
OPTSTK,HEXAWARE,25-Jan-2018,395,CE,0,0,0,19.3,1.6,0,0,0,0,19-DEC-2017,
OPTSTK,HEXAWARE,25-Jan-2018,185,PE,0,0,0,0.1,0,0,0,0,0,19-DEC-2017,
OPTSTK,HEXAWARE,25-Jan-2018,190,PE,0,0,0,0.15,0,0,0,0,0,19-DEC-2017,
OPTSTK,HEXAWARE,25-Jan-2018,195,PE,0,0,0,0.2,0,0,0,0,0,19-DEC-2017,
OPTSTK,HEXAWARE,25-Jan-2018,200,PE,0,0,0,0.3,0,0,0,0,0,19-DEC-2017,
OPTSTK,HEXAWARE,25-Jan-2018,205,PE,0,0,0,0.4,0,0,0,0,0,19-DEC-2017,
OPTSTK,HEXAWARE,25-Jan-2018,210,PE,0,0,0,0.6,0,0,0,0,0,19-DEC-2017,
OPTSTK,HEXAWARE,25-Jan-2018,215,PE,0,0,0,0.8,0,0,0,0,0,19-DEC-2017,
OPTSTK,HEXAWARE,25-Jan-2018,220,PE,0,0,0,1.1,0.05,0,0,0,0,19-DEC-2017,
OPTSTK,HEXAWARE,25-Jan-2018,225,PE,0,0,0,1.5,0.05,0,0,0,0,19-DEC-2017,
OPTSTK,HEXAWARE,25-Jan-2018,230,PE,0,0,0,2,0.05,0,0,0,0,19-DEC-2017,
OPTSTK,HEXAWARE,25-Jan-2018,235,PE,0,0,0,2.6,0.05,0,0,0,0,19-DEC-2017,
OPTSTK,HEXAWARE,25-Jan-2018,240,PE,0,0,0,3.35,0.1,0,0,0,0,19-DEC-2017,
OPTSTK,HEXAWARE,25-Jan-2018,245,PE,0,0,0,4.25,0.15,0,0,0,0,19-DEC-2017,
OPTSTK,HEXAWARE,25-Jan-2018,250,PE,0,0,0,5.3,0.2,0,0,0,0,19-DEC-2017,
OPTSTK,HEXAWARE,25-Jan-2018,255,PE,0,0,0,6.5,0.35,0,0,0,0,19-DEC-2017,
OPTSTK,HEXAWARE,25-Jan-2018,260,PE,0,0,0,7.9,0.5,0,0,0,0,19-DEC-2017,
OPTSTK,HEXAWARE,25-Jan-2018,265,PE,0,0,0,9.45,0.7,0,0,0,0,19-DEC-2017,
OPTSTK,HEXAWARE,25-Jan-2018,270,PE,0,0,0,11.25,1,0,0,0,0,19-DEC-2017,
OPTSTK,HEXAWARE,25-Jan-2018,275,PE,0,0,0,13.2,1.4,0,0,0,0,19-DEC-2017,
OPTSTK,HEXAWARE,25-Jan-2018,280,PE,0,0,0,15.4,1.9,0,0,0,0,19-DEC-2017,
OPTSTK,HEXAWARE,25-Jan-2018,285,PE,0,0,0,17.75,2.55,0,0,0,0,19-DEC-2017,
OPTSTK,HEXAWARE,25-Jan-2018,290,PE,4,4,4,4,4,1,8.82,3000,3000,19-DEC-2017,
OPTSTK,HEXAWARE,25-Jan-2018,295,PE,0,0,0,23.1,4.3,0,0,0,0,19-DEC-2017,
OPTSTK,HEXAWARE,25-Jan-2018,300,PE,7,7,7,7,7,1,9.21,6000,3000,19-DEC-2017,
OPTSTK,HEXAWARE,25-Jan-2018,305,PE,0,0,0,29.2,6.8,0,0,0,0,19-DEC-2017,
OPTSTK,HEXAWARE,25-Jan-2018,310,PE,0,0,0,32.5,8.35,0,0,0,0,19-DEC-2017,
OPTSTK,HEXAWARE,25-Jan-2018,315,PE,0,0,0,35.95,10.2,0,0,0,0,19-DEC-2017,
OPTSTK,HEXAWARE,25-Jan-2018,320,PE,0,0,0,16,12.25,0,0,3000,0,19-DEC-2017,
OPTSTK,HEXAWARE,25-Jan-2018,325,PE,0,0,0,43.3,14.5,0,0,0,0,19-DEC-2017,
OPTSTK,HEXAWARE,25-Jan-2018,330,PE,0,0,0,47.2,17.05,0,0,0,0,19-DEC-2017,
OPTSTK,HEXAWARE,25-Jan-2018,335,PE,0,0,0,51.2,19.8,0,0,0,0,19-DEC-2017,
OPTSTK,HEXAWARE,25-Jan-2018,340,PE,0,0,0,55.3,22.8,0,0,0,0,19-DEC-2017,
OPTSTK,HEXAWARE,25-Jan-2018,345,PE,0,0,0,59.5,26,0,0,0,0,19-DEC-2017,
OPTSTK,HEXAWARE,25-Jan-2018,350,PE,0,0,0,63.8,29.4,0,0,0,0,19-DEC-2017,
OPTSTK,HEXAWARE,25-Jan-2018,355,PE,0,0,0,68.2,33,0,0,0,0,19-DEC-2017,
OPTSTK,HEXAWARE,25-Jan-2018,360,PE,0,0,0,72.65,36.8,0,0,0,0,19-DEC-2017,
OPTSTK,HEXAWARE,25-Jan-2018,365,PE,0,0,0,77.15,40.75,0,0,0,0,19-DEC-2017,
OPTSTK,HEXAWARE,25-Jan-2018,370,PE,0,0,0,81.7,44.85,0,0,0,0,19-DEC-2017,
OPTSTK,HEXAWARE,25-Jan-2018,375,PE,0,0,0,86.35,49.05,0,0,0,0,19-DEC-2017,
OPTSTK,HEXAWARE,25-Jan-2018,380,PE,0,0,0,91,53.4,0,0,0,0,19-DEC-2017,
OPTSTK,HEXAWARE,25-Jan-2018,385,PE,0,0,0,95.7,57.8,0,0,0,0,19-DEC-2017,
OPTSTK,HEXAWARE,25-Jan-2018,390,PE,0,0,0,93.35,62.35,0,0,0,0,19-DEC-2017,
OPTSTK,HEXAWARE,25-Jan-2018,395,PE,0,0,0,89.6,66.95,0,0,0,0,19-DEC-2017,
OPTSTK,HEXAWARE,22-Feb-2018,235,CE,0,0,0,107.3,95.15,0,0,0,0,19-DEC-2017,
OPTSTK,HEXAWARE,22-Feb-2018,240,CE,0,0,0,102.8,90.4,0,0,0,0,19-DEC-2017,
OPTSTK,HEXAWARE,22-Feb-2018,245,CE,0,0,0,98.35,85.65,0,0,0,0,19-DEC-2017,
OPTSTK,HEXAWARE,22-Feb-2018,250,CE,0,0,0,93.95,80.95,0,0,0,0,19-DEC-2017,
OPTSTK,HEXAWARE,22-Feb-2018,255,CE,0,0,0,89.65,76.3,0,0,0,0,19-DEC-2017,
OPTSTK,HEXAWARE,22-Feb-2018,260,CE,0,0,0,85.45,71.8,0,0,0,0,19-DEC-2017,
OPTSTK,HEXAWARE,22-Feb-2018,265,CE,0,0,0,81.35,67.35,0,0,0,0,19-DEC-2017,
OPTSTK,HEXAWARE,22-Feb-2018,270,CE,0,0,0,77.35,63,0,0,0,0,19-DEC-2017,
OPTSTK,HEXAWARE,22-Feb-2018,275,CE,0,0,0,73.45,58.75,0,0,0,0,19-DEC-2017,
OPTSTK,HEXAWARE,22-Feb-2018,280,CE,0,0,0,69.65,54.65,0,0,0,0,19-DEC-2017,
OPTSTK,HEXAWARE,22-Feb-2018,285,CE,0,0,0,65.95,50.7,0,0,0,0,19-DEC-2017,
OPTSTK,HEXAWARE,22-Feb-2018,290,CE,0,0,0,62.4,46.85,0,0,0,0,19-DEC-2017,
OPTSTK,HEXAWARE,22-Feb-2018,295,CE,0,0,0,58.9,43.2,0,0,0,0,19-DEC-2017,
OPTSTK,HEXAWARE,22-Feb-2018,300,CE,0,0,0,55.6,39.7,0,0,0,0,19-DEC-2017,
OPTSTK,HEXAWARE,22-Feb-2018,305,CE,0,0,0,52.35,36.4,0,0,0,0,19-DEC-2017,
OPTSTK,HEXAWARE,22-Feb-2018,310,CE,0,0,0,49.3,33.25,0,0,0,0,19-DEC-2017,
OPTSTK,HEXAWARE,22-Feb-2018,315,CE,0,0,0,46.35,30.25,0,0,0,0,19-DEC-2017,
OPTSTK,HEXAWARE,22-Feb-2018,320,CE,0,0,0,43.5,27.5,0,0,0,0,19-DEC-2017,
OPTSTK,HEXAWARE,22-Feb-2018,325,CE,0,0,0,40.8,24.9,0,0,0,0,19-DEC-2017,
OPTSTK,HEXAWARE,22-Feb-2018,330,CE,0,0,0,38.2,22.45,0,0,0,0,19-DEC-2017,
OPTSTK,HEXAWARE,22-Feb-2018,335,CE,0,0,0,35.75,20.2,0,0,0,0,19-DEC-2017,
OPTSTK,HEXAWARE,22-Feb-2018,340,CE,0,0,0,33.45,18.15,0,0,0,0,19-DEC-2017,
OPTSTK,HEXAWARE,22-Feb-2018,345,CE,0,0,0,31.2,16.2,0,0,0,0,19-DEC-2017,
OPTSTK,HEXAWARE,22-Feb-2018,350,CE,0,0,0,29.1,14.45,0,0,0,0,19-DEC-2017,
OPTSTK,HEXAWARE,22-Feb-2018,355,CE,0,0,0,27.1,12.85,0,0,0,0,19-DEC-2017,
OPTSTK,HEXAWARE,22-Feb-2018,360,CE,0,0,0,25.25,11.4,0,0,0,0,19-DEC-2017,
OPTSTK,HEXAWARE,22-Feb-2018,365,CE,0,0,0,23.5,10.1,0,0,0,0,19-DEC-2017,
OPTSTK,HEXAWARE,22-Feb-2018,370,CE,0,0,0,21.8,8.95,0,0,0,0,19-DEC-2017,
OPTSTK,HEXAWARE,22-Feb-2018,375,CE,0,0,0,20.25,7.85,0,0,0,0,19-DEC-2017,
OPTSTK,HEXAWARE,22-Feb-2018,380,CE,0,0,0,18.75,6.9,0,0,0,0,19-DEC-2017,
OPTSTK,HEXAWARE,22-Feb-2018,385,CE,0,0,0,17.4,6.05,0,0,0,0,19-DEC-2017,
OPTSTK,HEXAWARE,22-Feb-2018,390,CE,0,0,0,16.1,5.3,0,0,0,0,19-DEC-2017,
OPTSTK,HEXAWARE,22-Feb-2018,395,CE,0,0,0,14.9,4.6,0,0,0,0,19-DEC-2017,
OPTSTK,HEXAWARE,22-Feb-2018,235,PE,0,0,0,1.8,0.4,0,0,0,0,19-DEC-2017,
OPTSTK,HEXAWARE,22-Feb-2018,240,PE,0,0,0,2.2,0.55,0,0,0,0,19-DEC-2017,
OPTSTK,HEXAWARE,22-Feb-2018,245,PE,0,0,0,2.65,0.75,0,0,0,0,19-DEC-2017,
OPTSTK,HEXAWARE,22-Feb-2018,250,PE,0,0,0,3.2,1,0,0,0,0,19-DEC-2017,
OPTSTK,HEXAWARE,22-Feb-2018,255,PE,0,0,0,3.85,1.3,0,0,0,0,19-DEC-2017,
OPTSTK,HEXAWARE,22-Feb-2018,260,PE,0,0,0,4.6,1.7,0,0,0,0,19-DEC-2017,
OPTSTK,HEXAWARE,22-Feb-2018,265,PE,0,0,0,5.4,2.2,0,0,0,0,19-DEC-2017,
OPTSTK,HEXAWARE,22-Feb-2018,270,PE,0,0,0,6.3,2.8,0,0,0,0,19-DEC-2017,
OPTSTK,HEXAWARE,22-Feb-2018,275,PE,0,0,0,7.3,3.5,0,0,0,0,19-DEC-2017,
OPTSTK,HEXAWARE,22-Feb-2018,280,PE,0,0,0,8.45,4.35,0,0,0,0,19-DEC-2017,
OPTSTK,HEXAWARE,22-Feb-2018,285,PE,0,0,0,9.7,5.35,0,0,0,0,19-DEC-2017,
OPTSTK,HEXAWARE,22-Feb-2018,290,PE,0,0,0,11.05,6.45,0,0,0,0,19-DEC-2017,
OPTSTK,HEXAWARE,22-Feb-2018,295,PE,0,0,0,12.5,7.75,0,0,0,0,19-DEC-2017,
OPTSTK,HEXAWARE,22-Feb-2018,300,PE,0,0,0,14.1,9.2,0,0,0,0,19-DEC-2017,
OPTSTK,HEXAWARE,22-Feb-2018,305,PE,0,0,0,15.8,10.8,0,0,0,0,19-DEC-2017,
OPTSTK,HEXAWARE,22-Feb-2018,310,PE,0,0,0,17.65,12.6,0,0,0,0,19-DEC-2017,
OPTSTK,HEXAWARE,22-Feb-2018,315,PE,0,0,0,19.65,14.6,0,0,0,0,19-DEC-2017,
OPTSTK,HEXAWARE,22-Feb-2018,320,PE,0,0,0,21.75,16.75,0,0,0,0,19-DEC-2017,
OPTSTK,HEXAWARE,22-Feb-2018,325,PE,0,0,0,23.95,19.05,0,0,0,0,19-DEC-2017,
OPTSTK,HEXAWARE,22-Feb-2018,330,PE,0,0,0,26.3,21.6,0,0,0,0,19-DEC-2017,
OPTSTK,HEXAWARE,22-Feb-2018,335,PE,0,0,0,28.8,24.3,0,0,0,0,19-DEC-2017,
OPTSTK,HEXAWARE,22-Feb-2018,340,PE,0,0,0,31.35,27.15,0,0,0,0,19-DEC-2017,
OPTSTK,HEXAWARE,22-Feb-2018,345,PE,0,0,0,34.1,30.2,0,0,0,0,19-DEC-2017,
OPTSTK,HEXAWARE,22-Feb-2018,350,PE,0,0,0,36.9,33.4,0,0,0,0,19-DEC-2017,
OPTSTK,HEXAWARE,22-Feb-2018,355,PE,0,0,0,39.85,36.7,0,0,0,0,19-DEC-2017,
OPTSTK,HEXAWARE,22-Feb-2018,360,PE,0,0,0,42.9,40.2,0,0,0,0,19-DEC-2017,
OPTSTK,HEXAWARE,22-Feb-2018,365,PE,0,0,0,46.05,43.85,0,0,0,0,19-DEC-2017,
OPTSTK,HEXAWARE,22-Feb-2018,370,PE,0,0,0,49.3,47.6,0,0,0,0,19-DEC-2017,
OPTSTK,HEXAWARE,22-Feb-2018,375,PE,0,0,0,52.7,51.5,0,0,0,0,19-DEC-2017,
OPTSTK,HEXAWARE,22-Feb-2018,380,PE,0,0,0,56.15,55.45,0,0,0,0,19-DEC-2017,
OPTSTK,HEXAWARE,22-Feb-2018,385,PE,0,0,0,59.7,59.55,0,0,0,0,19-DEC-2017,
OPTSTK,HEXAWARE,22-Feb-2018,390,PE,0,0,0,63.3,63.75,0,0,0,0,19-DEC-2017,
OPTSTK,HEXAWARE,22-Feb-2018,395,PE,0,0,0,67.05,68,0,0,0,0,19-DEC-2017,
OPTSTK,HINDALCO,28-Dec-2017,160,CE,0,0,0,90.9,94.55,0,0,7000,0,19-DEC-2017,
OPTSTK,HINDALCO,28-Dec-2017,165,CE,0,0,0,76.35,89.6,0,0,0,0,19-DEC-2017,
OPTSTK,HINDALCO,28-Dec-2017,170,CE,0,0,0,71.6,84.6,0,0,0,0,19-DEC-2017,
OPTSTK,HINDALCO,28-Dec-2017,175,CE,0,0,0,74.55,79.6,0,0,3500,0,19-DEC-2017,
OPTSTK,HINDALCO,28-Dec-2017,180,CE,0,0,0,62.35,74.6,0,0,0,0,19-DEC-2017,
OPTSTK,HINDALCO,28-Dec-2017,185,CE,0,0,0,57.85,69.6,0,0,0,0,19-DEC-2017,
OPTSTK,HINDALCO,28-Dec-2017,190,CE,0,0,0,53.45,64.6,0,0,0,0,19-DEC-2017,
OPTSTK,HINDALCO,28-Dec-2017,195,CE,0,0,0,49.2,59.6,0,0,0,0,19-DEC-2017,
OPTSTK,HINDALCO,28-Dec-2017,200,CE,0,0,0,33.65,54.65,0,0,14000,0,19-DEC-2017,
OPTSTK,HINDALCO,28-Dec-2017,205,CE,0,0,0,41.15,49.65,0,0,0,0,19-DEC-2017,
OPTSTK,HINDALCO,28-Dec-2017,210,CE,0,0,0,31.8,44.65,0,0,3500,0,19-DEC-2017,
OPTSTK,HINDALCO,28-Dec-2017,215,CE,0,0,0,22.9,39.65,0,0,14000,0,19-DEC-2017,
OPTSTK,HINDALCO,28-Dec-2017,220,CE,32.5,32.5,32.5,32.5,32.5,1,8.83,24500,0,19-DEC-2017,
OPTSTK,HINDALCO,28-Dec-2017,225,CE,0,0,0,15,29.7,0,0,10500,0,19-DEC-2017,
OPTSTK,HINDALCO,28-Dec-2017,230,CE,23,23.1,23,23.1,23.1,2,17.71,66500,-7000,19-DEC-2017,
OPTSTK,HINDALCO,28-Dec-2017,235,CE,17.85,20,17.8,20,20,13,115.44,287000,-24500,19-DEC-2017,
OPTSTK,HINDALCO,28-Dec-2017,240,CE,13.5,15.4,13.5,15.05,15.05,37,329.24,574000,-35000,19-DEC-2017,
OPTSTK,HINDALCO,28-Dec-2017,245,CE,10,11.3,9,10.8,10.8,62,553.79,514500,-112000,19-DEC-2017,
OPTSTK,HINDALCO,28-Dec-2017,250,CE,5.9,7.65,5.7,7.1,7.1,551,4950.71,1284500,-182000,19-DEC-2017,
OPTSTK,HINDALCO,28-Dec-2017,255,CE,3.6,4.9,3.45,4.2,4.2,696,6312.22,997500,413000,19-DEC-2017,
OPTSTK,HINDALCO,28-Dec-2017,260,CE,2.1,2.95,2.05,2.45,2.45,953,8754.59,1582000,52500,19-DEC-2017,
OPTSTK,HINDALCO,28-Dec-2017,265,CE,1.4,1.7,1.25,1.3,1.3,161,1501.08,287000,63000,19-DEC-2017,
OPTSTK,HINDALCO,28-Dec-2017,270,CE,0.85,1.05,0.65,0.75,0.75,278,2635.26,906500,-7000,19-DEC-2017,
OPTSTK,HINDALCO,28-Dec-2017,275,CE,0.55,0.65,0.4,0.4,0.4,70,675.03,245000,17500,19-DEC-2017,
OPTSTK,HINDALCO,28-Dec-2017,280,CE,0.3,0.4,0.25,0.25,0.25,114,1118.5,777000,0,19-DEC-2017,
OPTSTK,HINDALCO,28-Dec-2017,285,CE,0,0,0,0.25,0.1,0,0,73500,0,19-DEC-2017,
OPTSTK,HINDALCO,28-Dec-2017,290,CE,0.15,0.15,0.15,0.15,0.15,1,10.15,129500,-3500,19-DEC-2017,
OPTSTK,HINDALCO,28-Dec-2017,295,CE,0,0,0,4.05,0.05,0,0,0,0,19-DEC-2017,
OPTSTK,HINDALCO,28-Dec-2017,300,CE,0,0,0,0.1,0,0,0,150500,0,19-DEC-2017,
OPTSTK,HINDALCO,28-Dec-2017,305,CE,0,0,0,2.2,0,0,0,3500,0,19-DEC-2017,
OPTSTK,HINDALCO,28-Dec-2017,310,CE,0,0,0,0.15,0,0,0,10500,0,19-DEC-2017,
OPTSTK,HINDALCO,28-Dec-2017,315,CE,0,0,0,2.1,0,0,0,0,0,19-DEC-2017,
OPTSTK,HINDALCO,28-Dec-2017,320,CE,0,0,0,0.05,0,0,0,3500,0,19-DEC-2017,
OPTSTK,HINDALCO,28-Dec-2017,325,CE,0,0,0,0.05,0,0,0,3500,0,19-DEC-2017,
OPTSTK,HINDALCO,28-Dec-2017,160,PE,0,0,0,0.25,0,0,0,0,0,19-DEC-2017,
OPTSTK,HINDALCO,28-Dec-2017,165,PE,0,0,0,0.35,0,0,0,0,0,19-DEC-2017,
OPTSTK,HINDALCO,28-Dec-2017,170,PE,0,0,0,0.5,0,0,0,0,0,19-DEC-2017,
OPTSTK,HINDALCO,28-Dec-2017,175,PE,0,0,0,0.75,0,0,0,0,0,19-DEC-2017,
OPTSTK,HINDALCO,28-Dec-2017,180,PE,0,0,0,1.1,0,0,0,0,0,19-DEC-2017,
OPTSTK,HINDALCO,28-Dec-2017,185,PE,0,0,0,1.5,0,0,0,0,0,19-DEC-2017,
OPTSTK,HINDALCO,28-Dec-2017,190,PE,0.05,0.05,0.05,0.05,0.05,1,6.65,7000,0,19-DEC-2017,
OPTSTK,HINDALCO,28-Dec-2017,195,PE,0,0,0,2.7,0,0,0,0,0,19-DEC-2017,
OPTSTK,HINDALCO,28-Dec-2017,200,PE,0.05,0.05,0.05,0.05,0.05,3,21,122500,0,19-DEC-2017,
OPTSTK,HINDALCO,28-Dec-2017,205,PE,0,0,0,0.15,0,0,0,126000,0,19-DEC-2017,
OPTSTK,HINDALCO,28-Dec-2017,210,PE,0,0,0,0.15,0,0,0,539000,0,19-DEC-2017,
OPTSTK,HINDALCO,28-Dec-2017,215,PE,0.2,0.2,0.15,0.15,0.15,12,90.37,171500,42000,19-DEC-2017,
OPTSTK,HINDALCO,28-Dec-2017,220,PE,0.2,0.25,0.15,0.15,0.15,49,377.61,504000,-45500,19-DEC-2017,
OPTSTK,HINDALCO,28-Dec-2017,225,PE,0.35,0.35,0.25,0.25,0.25,38,299.64,357000,-7000,19-DEC-2017,
OPTSTK,HINDALCO,28-Dec-2017,230,PE,0.5,0.55,0.25,0.3,0.3,160,1290.33,966000,21000,19-DEC-2017,
OPTSTK,HINDALCO,28-Dec-2017,235,PE,0.9,0.9,0.45,0.55,0.55,192,1583.77,777000,-21000,19-DEC-2017,
OPTSTK,HINDALCO,28-Dec-2017,240,PE,1.5,1.5,0.85,0.9,0.9,294,2482.05,1057000,24500,19-DEC-2017,
OPTSTK,HINDALCO,28-Dec-2017,245,PE,2.6,2.65,1.45,1.6,1.6,224,1937.04,661500,56000,19-DEC-2017,
OPTSTK,HINDALCO,28-Dec-2017,250,PE,4.15,4.4,2.6,2.8,2.8,574,5094.36,878500,385000,19-DEC-2017,
OPTSTK,HINDALCO,28-Dec-2017,255,PE,7.5,7.5,4.6,4.85,4.85,141,1285.8,273000,182000,19-DEC-2017,
OPTSTK,HINDALCO,28-Dec-2017,260,PE,9.1,10,8,8.05,8.05,12,112.87,129500,-3500,19-DEC-2017,
OPTSTK,HINDALCO,28-Dec-2017,265,PE,12.25,12.25,12.25,12.25,12.25,1,9.7,14000,3500,19-DEC-2017,
OPTSTK,HINDALCO,28-Dec-2017,270,PE,0,0,0,17,16.3,0,0,45500,0,19-DEC-2017,
OPTSTK,HINDALCO,28-Dec-2017,275,PE,0,0,0,39.8,20.8,0,0,0,0,19-DEC-2017,
OPTSTK,HINDALCO,28-Dec-2017,280,PE,0,0,0,28.5,25.5,0,0,175000,0,19-DEC-2017,
OPTSTK,HINDALCO,28-Dec-2017,285,PE,0,0,0,47.65,30.35,0,0,0,0,19-DEC-2017,
OPTSTK,HINDALCO,28-Dec-2017,290,PE,0,0,0,51.8,35.3,0,0,0,0,19-DEC-2017,
OPTSTK,HINDALCO,28-Dec-2017,295,PE,0,0,0,56,40.3,0,0,0,0,19-DEC-2017,
OPTSTK,HINDALCO,28-Dec-2017,300,PE,0,0,0,51,45.25,0,0,3500,0,19-DEC-2017,
OPTSTK,HINDALCO,28-Dec-2017,305,PE,0,0,0,64.75,50.25,0,0,0,0,19-DEC-2017,
OPTSTK,HINDALCO,28-Dec-2017,310,PE,0,0,0,69.2,55.25,0,0,0,0,19-DEC-2017,
OPTSTK,HINDALCO,28-Dec-2017,315,PE,0,0,0,73.75,60.25,0,0,0,0,19-DEC-2017,
OPTSTK,HINDALCO,28-Dec-2017,320,PE,0,0,0,78.35,65.2,0,0,0,0,19-DEC-2017,
OPTSTK,HINDALCO,28-Dec-2017,325,PE,0,0,0,83,70.2,0,0,0,0,19-DEC-2017,
OPTSTK,HINDALCO,25-Jan-2018,175,CE,0,0,0,100.75,80.45,0,0,0,0,19-DEC-2017,
OPTSTK,HINDALCO,25-Jan-2018,180,CE,0,0,0,95.9,75.5,0,0,0,0,19-DEC-2017,
OPTSTK,HINDALCO,25-Jan-2018,185,CE,0,0,0,91.05,70.55,0,0,0,0,19-DEC-2017,
OPTSTK,HINDALCO,25-Jan-2018,190,CE,0,0,0,86.25,65.6,0,0,0,0,19-DEC-2017,
OPTSTK,HINDALCO,25-Jan-2018,195,CE,0,0,0,81.45,60.65,0,0,0,0,19-DEC-2017,
OPTSTK,HINDALCO,25-Jan-2018,200,CE,0,0,0,76.75,55.7,0,0,0,0,19-DEC-2017,
OPTSTK,HINDALCO,25-Jan-2018,205,CE,0,0,0,72.1,50.85,0,0,0,0,19-DEC-2017,
OPTSTK,HINDALCO,25-Jan-2018,210,CE,0,0,0,67.55,46.05,0,0,0,0,19-DEC-2017,
OPTSTK,HINDALCO,25-Jan-2018,215,CE,0,0,0,63.05,41.3,0,0,0,0,19-DEC-2017,
OPTSTK,HINDALCO,25-Jan-2018,220,CE,0,0,0,58.7,36.75,0,0,0,0,19-DEC-2017,
OPTSTK,HINDALCO,25-Jan-2018,225,CE,0,0,0,54.45,32.3,0,0,0,0,19-DEC-2017,
OPTSTK,HINDALCO,25-Jan-2018,230,CE,0,0,0,50.35,28.1,0,0,0,0,19-DEC-2017,
OPTSTK,HINDALCO,25-Jan-2018,235,CE,0,0,0,46.4,24.15,0,0,0,0,19-DEC-2017,
OPTSTK,HINDALCO,25-Jan-2018,240,CE,0,0,0,15.2,20.5,0,0,17500,0,19-DEC-2017,
OPTSTK,HINDALCO,25-Jan-2018,245,CE,0,0,0,39,17.15,0,0,0,0,19-DEC-2017,
OPTSTK,HINDALCO,25-Jan-2018,250,CE,12.25,12.7,11.9,12.65,12.65,6,55.1,84000,3500,19-DEC-2017,
OPTSTK,HINDALCO,25-Jan-2018,255,CE,10,10,10,10,10,1,9.27,7000,3500,19-DEC-2017,
OPTSTK,HINDALCO,25-Jan-2018,260,CE,7.5,8.1,7.05,7.75,7.75,13,121.67,80500,21000,19-DEC-2017,
OPTSTK,HINDALCO,25-Jan-2018,265,CE,5.9,5.9,5.65,5.65,5.65,3,28.42,7000,7000,19-DEC-2017,
OPTSTK,HINDALCO,25-Jan-2018,270,CE,3.85,4.6,3.85,4.6,4.6,14,134.49,77000,31500,19-DEC-2017,
OPTSTK,HINDALCO,25-Jan-2018,275,CE,2.95,2.95,2.95,2.95,2.95,1,9.72,3500,3500,19-DEC-2017,
OPTSTK,HINDALCO,25-Jan-2018,280,CE,2.4,2.5,2.4,2.5,2.5,3,29.65,14000,7000,19-DEC-2017,
OPTSTK,HINDALCO,25-Jan-2018,285,CE,1.85,1.85,1.85,1.85,1.85,1,10.03,3500,3500,19-DEC-2017,
OPTSTK,HINDALCO,25-Jan-2018,290,CE,0,0,0,15.05,1.9,0,0,0,0,19-DEC-2017,
OPTSTK,HINDALCO,25-Jan-2018,295,CE,0,0,0,13.35,1.4,0,0,0,0,19-DEC-2017,
OPTSTK,HINDALCO,25-Jan-2018,300,CE,0,0,0,11.75,1,0,0,0,0,19-DEC-2017,
OPTSTK,HINDALCO,25-Jan-2018,305,CE,0,0,0,10.35,0.7,0,0,0,0,19-DEC-2017,
OPTSTK,HINDALCO,25-Jan-2018,310,CE,0,0,0,9.1,0.5,0,0,0,0,19-DEC-2017,
OPTSTK,HINDALCO,25-Jan-2018,315,CE,0,0,0,7.95,0.35,0,0,0,0,19-DEC-2017,
OPTSTK,HINDALCO,25-Jan-2018,320,CE,0,0,0,6.95,0.25,0,0,0,0,19-DEC-2017,
OPTSTK,HINDALCO,25-Jan-2018,325,CE,0,0,0,6.05,0.2,0,0,0,0,19-DEC-2017,
OPTSTK,HINDALCO,25-Jan-2018,175,PE,0,0,0,0.1,0,0,0,0,0,19-DEC-2017,
OPTSTK,HINDALCO,25-Jan-2018,180,PE,0,0,0,0.15,0,0,0,0,0,19-DEC-2017,
OPTSTK,HINDALCO,25-Jan-2018,185,PE,0,0,0,0.25,0.05,0,0,0,0,19-DEC-2017,
OPTSTK,HINDALCO,25-Jan-2018,190,PE,0,0,0,0.35,0.05,0,0,0,0,19-DEC-2017,
OPTSTK,HINDALCO,25-Jan-2018,195,PE,0,0,0,0.5,0.05,0,0,0,0,19-DEC-2017,
OPTSTK,HINDALCO,25-Jan-2018,200,PE,0,0,0,0.7,0.1,0,0,0,0,19-DEC-2017,
OPTSTK,HINDALCO,25-Jan-2018,205,PE,0,0,0,1,0.2,0,0,0,0,19-DEC-2017,
OPTSTK,HINDALCO,25-Jan-2018,210,PE,0,0,0,1.35,0.35,0,0,0,0,19-DEC-2017,
OPTSTK,HINDALCO,25-Jan-2018,215,PE,0,0,0,1.8,0.6,0,0,0,0,19-DEC-2017,
OPTSTK,HINDALCO,25-Jan-2018,220,PE,1.3,1.3,1.15,1.15,1.15,4,30.96,28000,-7000,19-DEC-2017,
OPTSTK,HINDALCO,25-Jan-2018,225,PE,0,0,0,3.05,1.55,0,0,0,0,19-DEC-2017,
OPTSTK,HINDALCO,25-Jan-2018,230,PE,2.05,2.35,2.05,2.35,2.35,4,32.5,66500,3500,19-DEC-2017,
OPTSTK,HINDALCO,25-Jan-2018,235,PE,3.05,3.05,3.05,3.05,3.05,3,24.99,24500,10500,19-DEC-2017,
OPTSTK,HINDALCO,25-Jan-2018,240,PE,3.95,4.5,3.8,4,4,10,85.45,49000,21000,19-DEC-2017,
OPTSTK,HINDALCO,25-Jan-2018,245,PE,0,0,0,7.3,6.25,0,0,0,0,19-DEC-2017,
OPTSTK,HINDALCO,25-Jan-2018,250,PE,7.55,8.5,7.3,7.45,7.45,15,135.24,59500,45500,19-DEC-2017,
OPTSTK,HINDALCO,25-Jan-2018,255,PE,0,0,0,10.45,10.6,0,0,0,0,19-DEC-2017,
OPTSTK,HINDALCO,25-Jan-2018,260,PE,12.55,12.55,12.55,12.55,12.55,1,9.53,7000,3500,19-DEC-2017,
OPTSTK,HINDALCO,25-Jan-2018,265,PE,0,0,0,14.4,16.35,0,0,0,0,19-DEC-2017,
OPTSTK,HINDALCO,25-Jan-2018,270,PE,20,20.5,20,20.5,20.5,4,40.63,7000,0,19-DEC-2017,
OPTSTK,HINDALCO,25-Jan-2018,275,PE,0,0,0,19.1,23.35,0,0,0,0,19-DEC-2017,
OPTSTK,HINDALCO,25-Jan-2018,280,PE,0,0,0,21.75,27.25,0,0,0,0,19-DEC-2017,
OPTSTK,HINDALCO,25-Jan-2018,285,PE,0,0,0,24.6,31.4,0,0,0,0,19-DEC-2017,
OPTSTK,HINDALCO,25-Jan-2018,290,PE,0,0,0,27.6,35.7,0,0,0,0,19-DEC-2017,
OPTSTK,HINDALCO,25-Jan-2018,295,PE,0,0,0,30.8,40.15,0,0,0,0,19-DEC-2017,
OPTSTK,HINDALCO,25-Jan-2018,300,PE,0,0,0,34.15,44.75,0,0,0,0,19-DEC-2017,
OPTSTK,HINDALCO,25-Jan-2018,305,PE,0,0,0,37.65,49.45,0,0,0,0,19-DEC-2017,
OPTSTK,HINDALCO,25-Jan-2018,310,PE,0,0,0,41.35,54.2,0,0,0,0,19-DEC-2017,
OPTSTK,HINDALCO,25-Jan-2018,315,PE,0,0,0,45.1,59,0,0,0,0,19-DEC-2017,
OPTSTK,HINDALCO,25-Jan-2018,320,PE,0,0,0,49,63.85,0,0,0,0,19-DEC-2017,
OPTSTK,HINDALCO,25-Jan-2018,325,PE,0,0,0,53.05,68.75,0,0,0,0,19-DEC-2017,
OPTSTK,HINDALCO,22-Feb-2018,175,CE,0,0,0,68.15,81.35,0,0,0,0,19-DEC-2017,
OPTSTK,HINDALCO,22-Feb-2018,180,CE,0,0,0,63.35,76.45,0,0,0,0,19-DEC-2017,
OPTSTK,HINDALCO,22-Feb-2018,185,CE,0,0,0,58.6,71.55,0,0,0,0,19-DEC-2017,
OPTSTK,HINDALCO,22-Feb-2018,190,CE,0,0,0,53.9,66.7,0,0,0,0,19-DEC-2017,
OPTSTK,HINDALCO,22-Feb-2018,195,CE,0,0,0,49.3,61.9,0,0,0,0,19-DEC-2017,
OPTSTK,HINDALCO,22-Feb-2018,200,CE,0,0,0,44.85,57.15,0,0,0,0,19-DEC-2017,
OPTSTK,HINDALCO,22-Feb-2018,205,CE,0,0,0,40.5,52.5,0,0,0,0,19-DEC-2017,
OPTSTK,HINDALCO,22-Feb-2018,210,CE,0,0,0,36.35,47.95,0,0,0,0,19-DEC-2017,
OPTSTK,HINDALCO,22-Feb-2018,215,CE,0,0,0,32.45,43.5,0,0,0,0,19-DEC-2017,
OPTSTK,HINDALCO,22-Feb-2018,220,CE,0,0,0,28.7,39.25,0,0,0,0,19-DEC-2017,
OPTSTK,HINDALCO,22-Feb-2018,225,CE,0,0,0,25.25,35.2,0,0,0,0,19-DEC-2017,
OPTSTK,HINDALCO,22-Feb-2018,230,CE,0,0,0,22.05,31.35,0,0,0,0,19-DEC-2017,
OPTSTK,HINDALCO,22-Feb-2018,235,CE,0,0,0,19.1,27.7,0,0,0,0,19-DEC-2017,
OPTSTK,HINDALCO,22-Feb-2018,240,CE,0,0,0,16.45,24.3,0,0,0,0,19-DEC-2017,
OPTSTK,HINDALCO,22-Feb-2018,245,CE,0,0,0,14.05,21.2,0,0,0,0,19-DEC-2017,
OPTSTK,HINDALCO,22-Feb-2018,250,CE,0,0,0,11.9,18.35,0,0,0,0,19-DEC-2017,
OPTSTK,HINDALCO,22-Feb-2018,255,CE,0,0,0,10,15.75,0,0,0,0,19-DEC-2017,
OPTSTK,HINDALCO,22-Feb-2018,260,CE,0,0,0,8.4,13.45,0,0,0,0,19-DEC-2017,
OPTSTK,HINDALCO,22-Feb-2018,265,CE,0,0,0,6.95,11.4,0,0,0,0,19-DEC-2017,
OPTSTK,HINDALCO,22-Feb-2018,270,CE,0,0,0,5.75,9.6,0,0,0,0,19-DEC-2017,
OPTSTK,HINDALCO,22-Feb-2018,275,CE,0,0,0,4.7,8,0,0,0,0,19-DEC-2017,
OPTSTK,HINDALCO,22-Feb-2018,280,CE,0,0,0,3.85,6.65,0,0,0,0,19-DEC-2017,
OPTSTK,HINDALCO,22-Feb-2018,285,CE,0,0,0,3.1,5.5,0,0,0,0,19-DEC-2017,
OPTSTK,HINDALCO,22-Feb-2018,290,CE,0,0,0,2.5,4.5,0,0,0,0,19-DEC-2017,
OPTSTK,HINDALCO,22-Feb-2018,295,CE,0,0,0,2,3.65,0,0,0,0,19-DEC-2017,
OPTSTK,HINDALCO,22-Feb-2018,300,CE,0,0,0,1.6,2.95,0,0,0,0,19-DEC-2017,
OPTSTK,HINDALCO,22-Feb-2018,305,CE,0,0,0,1.25,2.4,0,0,0,0,19-DEC-2017,
OPTSTK,HINDALCO,22-Feb-2018,310,CE,0,0,0,1,1.9,0,0,0,0,19-DEC-2017,
OPTSTK,HINDALCO,22-Feb-2018,315,CE,0,0,0,0.8,1.5,0,0,0,0,19-DEC-2017,
OPTSTK,HINDALCO,22-Feb-2018,320,CE,0,0,0,0.6,1.2,0,0,0,0,19-DEC-2017,
OPTSTK,HINDALCO,22-Feb-2018,325,CE,0,0,0,0.5,0.95,0,0,0,0,19-DEC-2017,
OPTSTK,HINDALCO,22-Feb-2018,175,PE,0,0,0,0.15,0.05,0,0,0,0,19-DEC-2017,
OPTSTK,HINDALCO,22-Feb-2018,180,PE,0,0,0,0.25,0.1,0,0,0,0,19-DEC-2017,
OPTSTK,HINDALCO,22-Feb-2018,185,PE,0,0,0,0.45,0.15,0,0,0,0,19-DEC-2017,
OPTSTK,HINDALCO,22-Feb-2018,190,PE,0,0,0,0.65,0.25,0,0,0,0,19-DEC-2017,
OPTSTK,HINDALCO,22-Feb-2018,195,PE,0,0,0,1,0.35,0,0,0,0,19-DEC-2017,
OPTSTK,HINDALCO,22-Feb-2018,200,PE,0,0,0,1.45,0.55,0,0,0,0,19-DEC-2017,
OPTSTK,HINDALCO,22-Feb-2018,205,PE,0,0,0,2.05,0.85,0,0,0,0,19-DEC-2017,
OPTSTK,HINDALCO,22-Feb-2018,210,PE,0,0,0,2.85,1.25,0,0,0,0,19-DEC-2017,
OPTSTK,HINDALCO,22-Feb-2018,215,PE,0,0,0,3.85,1.75,0,0,0,0,19-DEC-2017,
OPTSTK,HINDALCO,22-Feb-2018,220,PE,0,0,0,5.05,2.45,0,0,0,0,19-DEC-2017,
OPTSTK,HINDALCO,22-Feb-2018,225,PE,0,0,0,6.5,3.3,0,0,0,0,19-DEC-2017,
OPTSTK,HINDALCO,22-Feb-2018,230,PE,0,0,0,8.25,4.4,0,0,0,0,19-DEC-2017,
OPTSTK,HINDALCO,22-Feb-2018,235,PE,0,0,0,10.2,5.75,0,0,0,0,19-DEC-2017,
OPTSTK,HINDALCO,22-Feb-2018,240,PE,0,0,0,12.5,7.3,0,0,0,0,19-DEC-2017,
OPTSTK,HINDALCO,22-Feb-2018,245,PE,0,0,0,15,9.1,0,0,0,0,19-DEC-2017,
OPTSTK,HINDALCO,22-Feb-2018,250,PE,0,0,0,17.8,11.2,0,0,0,0,19-DEC-2017,
OPTSTK,HINDALCO,22-Feb-2018,255,PE,0,0,0,20.85,13.55,0,0,0,0,19-DEC-2017,
OPTSTK,HINDALCO,22-Feb-2018,260,PE,0,0,0,24.15,16.2,0,0,0,0,19-DEC-2017,
OPTSTK,HINDALCO,22-Feb-2018,265,PE,0,0,0,27.65,19.05,0,0,0,0,19-DEC-2017,
OPTSTK,HINDALCO,22-Feb-2018,270,PE,0,0,0,31.35,22.2,0,0,0,0,19-DEC-2017,
OPTSTK,HINDALCO,22-Feb-2018,275,PE,0,0,0,35.25,25.55,0,0,0,0,19-DEC-2017,
OPTSTK,HINDALCO,22-Feb-2018,280,PE,0,0,0,39.3,29.15,0,0,0,0,19-DEC-2017,
OPTSTK,HINDALCO,22-Feb-2018,285,PE,0,0,0,43.5,32.95,0,0,0,0,19-DEC-2017,
OPTSTK,HINDALCO,22-Feb-2018,290,PE,0,0,0,47.85,36.9,0,0,0,0,19-DEC-2017,
OPTSTK,HINDALCO,22-Feb-2018,295,PE,0,0,0,52.25,41,0,0,0,0,19-DEC-2017,
OPTSTK,HINDALCO,22-Feb-2018,300,PE,0,0,0,56.8,45.25,0,0,0,0,19-DEC-2017,
OPTSTK,HINDALCO,22-Feb-2018,305,PE,0,0,0,61.4,49.6,0,0,0,0,19-DEC-2017,
OPTSTK,HINDALCO,22-Feb-2018,310,PE,0,0,0,66.05,54.05,0,0,0,0,19-DEC-2017,
OPTSTK,HINDALCO,22-Feb-2018,315,PE,0,0,0,70.75,58.65,0,0,0,0,19-DEC-2017,
OPTSTK,HINDALCO,22-Feb-2018,320,PE,0,0,0,75.5,63.25,0,0,0,0,19-DEC-2017,
OPTSTK,HINDALCO,22-Feb-2018,325,PE,0,0,0,80.3,67.95,0,0,0,0,19-DEC-2017,
OPTSTK,HINDPETRO,28-Dec-2017,300,CE,0,0,0,130.6,136.85,0,0,7875,0,19-DEC-2017,
OPTSTK,HINDPETRO,28-Dec-2017,320,CE,0,0,0,105.2,116.85,0,0,0,0,19-DEC-2017,
OPTSTK,HINDPETRO,28-Dec-2017,340,CE,0,0,0,88.7,96.9,0,0,0,0,19-DEC-2017,
OPTSTK,HINDPETRO,28-Dec-2017,360,CE,0,0,0,50.2,76.95,0,0,42525,0,19-DEC-2017,
OPTSTK,HINDPETRO,28-Dec-2017,380,CE,0,0,0,43.05,57,0,0,6300,0,19-DEC-2017,
OPTSTK,HINDPETRO,28-Dec-2017,400,CE,36,36,35.95,35.95,35.95,3,20.6,48825,-3150,19-DEC-2017,
OPTSTK,HINDPETRO,28-Dec-2017,420,CE,22.75,22.75,16.2,19.4,19.4,87,602.46,414225,-3150,19-DEC-2017,
OPTSTK,HINDPETRO,28-Dec-2017,440,CE,8.4,9.05,4.95,6.95,6.95,881,6199.08,915075,33075,19-DEC-2017,
OPTSTK,HINDPETRO,28-Dec-2017,460,CE,3,3.1,1.5,2.25,2.25,522,3800.45,699300,12600,19-DEC-2017,
OPTSTK,HINDPETRO,28-Dec-2017,480,CE,1.25,1.25,0.65,0.9,0.9,103,780.2,206325,-9450,19-DEC-2017,
OPTSTK,HINDPETRO,28-Dec-2017,500,CE,0.5,0.5,0.3,0.35,0.35,18,141.85,174825,-12600,19-DEC-2017,
OPTSTK,HINDPETRO,28-Dec-2017,520,CE,0,0,0,0.6,0.05,0,0,12600,0,19-DEC-2017,
OPTSTK,HINDPETRO,28-Dec-2017,540,CE,0,0,0,0.3,0,0,0,0,0,19-DEC-2017,
OPTSTK,HINDPETRO,28-Dec-2017,560,CE,0,0,0,5.3,0,0,0,0,0,19-DEC-2017,
OPTSTK,HINDPETRO,28-Dec-2017,580,CE,0,0,0,3.85,0,0,0,0,0,19-DEC-2017,
OPTSTK,HINDPETRO,28-Dec-2017,300,PE,0,0,0,2.15,0,0,0,0,0,19-DEC-2017,
OPTSTK,HINDPETRO,28-Dec-2017,320,PE,0,0,0,4.15,0,0,0,0,0,19-DEC-2017,
OPTSTK,HINDPETRO,28-Dec-2017,340,PE,0,0,0,0.3,0,0,0,7875,0,19-DEC-2017,
OPTSTK,HINDPETRO,28-Dec-2017,360,PE,0,0,0,0.3,0,0,0,103950,0,19-DEC-2017,
OPTSTK,HINDPETRO,28-Dec-2017,380,PE,0.35,0.35,0.35,0.35,0.35,8,47.92,201600,-3150,19-DEC-2017,
OPTSTK,HINDPETRO,28-Dec-2017,400,PE,0.7,0.9,0.55,0.7,0.7,98,618.5,296100,-18900,19-DEC-2017,
OPTSTK,HINDPETRO,28-Dec-2017,420,PE,2.35,3,2,2.15,2.15,359,2389.1,373275,-44100,19-DEC-2017,
OPTSTK,HINDPETRO,28-Dec-2017,440,PE,8.55,11.6,8.25,8.9,8.9,220,1558.07,292950,-33075,19-DEC-2017,
OPTSTK,HINDPETRO,28-Dec-2017,460,PE,0,0,0,21,25.65,0,0,31500,0,19-DEC-2017,
OPTSTK,HINDPETRO,28-Dec-2017,480,PE,0,0,0,62.75,43.5,0,0,6300,0,19-DEC-2017,
OPTSTK,HINDPETRO,28-Dec-2017,500,PE,0,0,0,59.8,63,0,0,64575,0,19-DEC-2017,
OPTSTK,HINDPETRO,28-Dec-2017,520,PE,0,0,0,100.5,82.85,0,0,20475,0,19-DEC-2017,
OPTSTK,HINDPETRO,28-Dec-2017,540,PE,0,0,0,122.75,102.85,0,0,0,0,19-DEC-2017,
OPTSTK,HINDPETRO,28-Dec-2017,560,PE,0,0,0,140.5,122.8,0,0,1575,0,19-DEC-2017,
OPTSTK,HINDPETRO,28-Dec-2017,580,PE,0,0,0,158.75,142.75,0,0,0,0,19-DEC-2017,
OPTSTK,HINDPETRO,25-Jan-2018,300,CE,0,0,0,186.1,138.35,0,0,0,0,19-DEC-2017,
OPTSTK,HINDPETRO,25-Jan-2018,320,CE,0,0,0,166.75,118.5,0,0,0,0,19-DEC-2017,
OPTSTK,HINDPETRO,25-Jan-2018,340,CE,0,0,0,147.65,98.8,0,0,0,0,19-DEC-2017,
OPTSTK,HINDPETRO,25-Jan-2018,360,CE,0,0,0,129.15,79.6,0,0,0,0,19-DEC-2017,
OPTSTK,HINDPETRO,25-Jan-2018,380,CE,0,0,0,111.45,61.35,0,0,0,0,19-DEC-2017,
OPTSTK,HINDPETRO,25-Jan-2018,400,CE,0,0,0,30,44.95,0,0,1575,0,19-DEC-2017,
OPTSTK,HINDPETRO,25-Jan-2018,420,CE,0,0,0,25,31,0,0,3150,0,19-DEC-2017,
OPTSTK,HINDPETRO,25-Jan-2018,440,CE,0,0,0,19.5,20.15,0,0,9450,0,19-DEC-2017,
OPTSTK,HINDPETRO,25-Jan-2018,460,CE,8.35,8.35,8.35,8.35,8.35,1,7.37,9450,1575,19-DEC-2017,
OPTSTK,HINDPETRO,25-Jan-2018,480,CE,0,0,0,42.6,7,0,0,0,0,19-DEC-2017,
OPTSTK,HINDPETRO,25-Jan-2018,500,CE,0,0,0,33.65,3.8,0,0,0,0,19-DEC-2017,
OPTSTK,HINDPETRO,25-Jan-2018,520,CE,0,0,0,26.2,1.95,0,0,0,0,19-DEC-2017,
OPTSTK,HINDPETRO,25-Jan-2018,540,CE,0,0,0,20.15,0.95,0,0,0,0,19-DEC-2017,
OPTSTK,HINDPETRO,25-Jan-2018,560,CE,0,0,0,15.35,0.45,0,0,0,0,19-DEC-2017,
OPTSTK,HINDPETRO,25-Jan-2018,580,CE,0,0,0,11.5,0.2,0,0,0,0,19-DEC-2017,
OPTSTK,HINDPETRO,25-Jan-2018,300,PE,0,0,0,0.2,0.05,0,0,0,0,19-DEC-2017,
OPTSTK,HINDPETRO,25-Jan-2018,320,PE,0,0,0,0.5,0.05,0,0,0,0,19-DEC-2017,
OPTSTK,HINDPETRO,25-Jan-2018,340,PE,0,0,0,1.15,0.25,0,0,0,0,19-DEC-2017,
OPTSTK,HINDPETRO,25-Jan-2018,360,PE,0,0,0,2.3,0.9,0,0,0,0,19-DEC-2017,
OPTSTK,HINDPETRO,25-Jan-2018,380,PE,0,0,0,4.25,2.55,0,0,0,0,19-DEC-2017,
OPTSTK,HINDPETRO,25-Jan-2018,400,PE,3.9,3.9,3.9,3.9,3.9,1,6.36,6300,1575,19-DEC-2017,
OPTSTK,HINDPETRO,25-Jan-2018,420,PE,0,0,0,27,11.95,0,0,1575,0,19-DEC-2017,
OPTSTK,HINDPETRO,25-Jan-2018,440,PE,19.5,21,19.5,21,21,3,21.75,6300,4725,19-DEC-2017,
OPTSTK,HINDPETRO,25-Jan-2018,460,PE,0,0,0,24.8,32.9,0,0,0,0,19-DEC-2017,
OPTSTK,HINDPETRO,25-Jan-2018,480,PE,0,0,0,33.9,47.55,0,0,0,0,19-DEC-2017,
OPTSTK,HINDPETRO,25-Jan-2018,500,PE,0,0,0,44.6,64.2,0,0,0,0,19-DEC-2017,
OPTSTK,HINDPETRO,25-Jan-2018,520,PE,0,0,0,56.85,82.2,0,0,0,0,19-DEC-2017,
OPTSTK,HINDPETRO,25-Jan-2018,540,PE,0,0,0,70.5,101.05,0,0,0,0,19-DEC-2017,
OPTSTK,HINDPETRO,25-Jan-2018,560,PE,0,0,0,85.35,120.45,0,0,0,0,19-DEC-2017,
OPTSTK,HINDPETRO,25-Jan-2018,580,PE,0,0,0,101.2,140.1,0,0,0,0,19-DEC-2017,
OPTSTK,HINDPETRO,22-Feb-2018,300,CE,0,0,0,121.3,139.9,0,0,0,0,19-DEC-2017,
OPTSTK,HINDPETRO,22-Feb-2018,320,CE,0,0,0,102.05,120.45,0,0,0,0,19-DEC-2017,
OPTSTK,HINDPETRO,22-Feb-2018,340,CE,0,0,0,83.5,101.4,0,0,0,0,19-DEC-2017,
OPTSTK,HINDPETRO,22-Feb-2018,360,CE,0,0,0,66.1,83.25,0,0,0,0,19-DEC-2017,
OPTSTK,HINDPETRO,22-Feb-2018,380,CE,0,0,0,50.5,66.4,0,0,0,0,19-DEC-2017,
OPTSTK,HINDPETRO,22-Feb-2018,400,CE,0,0,0,37.1,51.35,0,0,0,0,19-DEC-2017,
OPTSTK,HINDPETRO,22-Feb-2018,420,CE,0,0,0,26.2,38.4,0,0,0,0,19-DEC-2017,
OPTSTK,HINDPETRO,22-Feb-2018,440,CE,0,0,0,11.5,27.8,0,0,1575,0,19-DEC-2017,
OPTSTK,HINDPETRO,22-Feb-2018,460,CE,0,0,0,11.65,19.5,0,0,0,0,19-DEC-2017,
OPTSTK,HINDPETRO,22-Feb-2018,480,CE,0,0,0,7.35,13.25,0,0,0,0,19-DEC-2017,
OPTSTK,HINDPETRO,22-Feb-2018,500,CE,0,0,0,17.9,8.75,0,0,1575,0,19-DEC-2017,
OPTSTK,HINDPETRO,22-Feb-2018,520,CE,0,0,0,2.65,5.6,0,0,0,0,19-DEC-2017,
OPTSTK,HINDPETRO,22-Feb-2018,540,CE,0,0,0,1.55,3.5,0,0,0,0,19-DEC-2017,
OPTSTK,HINDPETRO,22-Feb-2018,560,CE,0,0,0,0.85,2.15,0,0,0,0,19-DEC-2017,
OPTSTK,HINDPETRO,22-Feb-2018,580,CE,0,0,0,0.5,1.3,0,0,0,0,19-DEC-2017,
OPTSTK,HINDPETRO,22-Feb-2018,300,PE,0,0,0,0.2,0.15,0,0,0,0,19-DEC-2017,
OPTSTK,HINDPETRO,22-Feb-2018,320,PE,0,0,0,0.7,0.45,0,0,0,0,19-DEC-2017,
OPTSTK,HINDPETRO,22-Feb-2018,340,PE,0,0,0,1.8,1.2,0,0,0,0,19-DEC-2017,
OPTSTK,HINDPETRO,22-Feb-2018,360,PE,0,0,0,4.15,2.8,0,0,0,0,19-DEC-2017,
OPTSTK,HINDPETRO,22-Feb-2018,380,PE,0,0,0,8.25,5.7,0,0,0,0,19-DEC-2017,
OPTSTK,HINDPETRO,22-Feb-2018,400,PE,0,0,0,14.55,10.4,0,0,0,0,19-DEC-2017,
OPTSTK,HINDPETRO,22-Feb-2018,420,PE,0,0,0,23.4,17.25,0,0,0,0,19-DEC-2017,
OPTSTK,HINDPETRO,22-Feb-2018,440,PE,0,0,0,30,26.45,0,0,1575,0,19-DEC-2017,
OPTSTK,HINDPETRO,22-Feb-2018,460,PE,0,0,0,48.25,37.9,0,0,0,0,19-DEC-2017,
OPTSTK,HINDPETRO,22-Feb-2018,480,PE,0,0,0,63.65,51.4,0,0,0,0,19-DEC-2017,
OPTSTK,HINDPETRO,22-Feb-2018,500,PE,0,0,0,80.5,66.7,0,0,0,0,19-DEC-2017,
OPTSTK,HINDPETRO,22-Feb-2018,520,PE,0,0,0,98.4,83.35,0,0,0,0,19-DEC-2017,
OPTSTK,HINDPETRO,22-Feb-2018,540,PE,0,0,0,116.95,101,0,0,0,0,19-DEC-2017,
OPTSTK,HINDPETRO,22-Feb-2018,560,PE,0,0,0,136,119.4,0,0,0,0,19-DEC-2017,
OPTSTK,HINDPETRO,22-Feb-2018,580,PE,0,0,0,155.3,138.3,0,0,0,0,19-DEC-2017,
OPTSTK,HINDUNILVR,28-Dec-2017,840,CE,0,0,0,375.9,511.05,0,0,0,0,19-DEC-2017,
OPTSTK,HINDUNILVR,28-Dec-2017,860,CE,0,0,0,356.25,491.05,0,0,0,0,19-DEC-2017,
OPTSTK,HINDUNILVR,28-Dec-2017,880,CE,0,0,0,336.6,471.1,0,0,0,0,19-DEC-2017,
OPTSTK,HINDUNILVR,28-Dec-2017,900,CE,0,0,0,372,451.1,0,0,1200,0,19-DEC-2017,
OPTSTK,HINDUNILVR,28-Dec-2017,920,CE,0,0,0,297.45,431.15,0,0,0,0,19-DEC-2017,
OPTSTK,HINDUNILVR,28-Dec-2017,940,CE,0,0,0,278,411.2,0,0,0,0,19-DEC-2017,
OPTSTK,HINDUNILVR,28-Dec-2017,960,CE,0,0,0,258.65,391.2,0,0,0,0,19-DEC-2017,
OPTSTK,HINDUNILVR,28-Dec-2017,980,CE,0,0,0,239.55,371.25,0,0,0,0,19-DEC-2017,
OPTSTK,HINDUNILVR,28-Dec-2017,1000,CE,0,0,0,274.6,351.25,0,0,12000,0,19-DEC-2017,
OPTSTK,HINDUNILVR,28-Dec-2017,1020,CE,0,0,0,202.1,331.3,0,0,0,0,19-DEC-2017,
OPTSTK,HINDUNILVR,28-Dec-2017,1040,CE,0,0,0,230.9,311.35,0,0,1800,0,19-DEC-2017,
OPTSTK,HINDUNILVR,28-Dec-2017,1060,CE,0,0,0,166.5,291.35,0,0,0,0,19-DEC-2017,
OPTSTK,HINDUNILVR,28-Dec-2017,1080,CE,0,0,0,149.6,271.4,0,0,0,0,19-DEC-2017,
OPTSTK,HINDUNILVR,28-Dec-2017,1100,CE,0,0,0,175,251.45,0,0,3000,0,19-DEC-2017,
OPTSTK,HINDUNILVR,28-Dec-2017,1120,CE,0,0,0,146,231.45,0,0,1200,0,19-DEC-2017,
OPTSTK,HINDUNILVR,28-Dec-2017,1140,CE,0,0,0,130,211.5,0,0,4800,0,19-DEC-2017,
OPTSTK,HINDUNILVR,28-Dec-2017,1160,CE,0,0,0,105,191.5,0,0,3600,0,19-DEC-2017,
OPTSTK,HINDUNILVR,28-Dec-2017,1180,CE,0,0,0,78.2,171.55,0,0,0,0,19-DEC-2017,
OPTSTK,HINDUNILVR,28-Dec-2017,1200,CE,0,0,0,80,151.6,0,0,1200,0,19-DEC-2017,
OPTSTK,HINDUNILVR,28-Dec-2017,1220,CE,130,130,130,130,130,2,16.2,12600,-1200,19-DEC-2017,
OPTSTK,HINDUNILVR,28-Dec-2017,1240,CE,0,0,0,65,111.7,0,0,24000,0,19-DEC-2017,
OPTSTK,HINDUNILVR,28-Dec-2017,1260,CE,88.75,90.5,88.75,90.5,90.5,2,16.19,19800,-1200,19-DEC-2017,
OPTSTK,HINDUNILVR,28-Dec-2017,1280,CE,57.8,57.8,57.8,57.8,57.8,1,8.02,36600,-600,19-DEC-2017,
OPTSTK,HINDUNILVR,28-Dec-2017,1300,CE,36,52,33.3,50.7,50.7,7,56.45,29400,-600,19-DEC-2017,
OPTSTK,HINDUNILVR,28-Dec-2017,1320,CE,24.7,36,21.3,35.15,35.15,113,913.3,52800,600,19-DEC-2017,
OPTSTK,HINDUNILVR,28-Dec-2017,1340,CE,14.4,21.7,11.1,20.7,20.7,376,3059.61,106800,-2400,19-DEC-2017,
OPTSTK,HINDUNILVR,28-Dec-2017,1360,CE,6.95,11.65,5.5,11.05,11.05,279,2291.06,88200,9600,19-DEC-2017,
OPTSTK,HINDUNILVR,28-Dec-2017,1380,CE,3.2,5.7,2.7,5.3,5.3,79,656.02,42000,-3600,19-DEC-2017,
OPTSTK,HINDUNILVR,28-Dec-2017,1400,CE,1.2,2.6,1,2.45,2.45,97,815.96,58200,3600,19-DEC-2017,
OPTSTK,HINDUNILVR,28-Dec-2017,1420,CE,1,1.2,0.7,1.2,1.2,11,93.78,37200,3600,19-DEC-2017,
OPTSTK,HINDUNILVR,28-Dec-2017,1440,CE,0.55,0.55,0.55,0.55,0.55,2,17.28,3000,-1200,19-DEC-2017,
OPTSTK,HINDUNILVR,28-Dec-2017,1460,CE,0,0,0,4.3,0.15,0,0,0,0,19-DEC-2017,
OPTSTK,HINDUNILVR,28-Dec-2017,1480,CE,0,0,0,3.3,0.05,0,0,0,0,19-DEC-2017,
OPTSTK,HINDUNILVR,28-Dec-2017,1500,CE,0,0,0,2.55,0.05,0,0,0,0,19-DEC-2017,
OPTSTK,HINDUNILVR,28-Dec-2017,1520,CE,0,0,0,1.9,0,0,0,0,0,19-DEC-2017,
OPTSTK,HINDUNILVR,28-Dec-2017,1540,CE,0,0,0,1.45,0,0,0,0,0,19-DEC-2017,
OPTSTK,HINDUNILVR,28-Dec-2017,840,PE,0,0,0,0.05,0,0,0,0,0,19-DEC-2017,
OPTSTK,HINDUNILVR,28-Dec-2017,860,PE,0,0,0,0.05,0,0,0,0,0,19-DEC-2017,
OPTSTK,HINDUNILVR,28-Dec-2017,880,PE,0,0,0,0.1,0,0,0,0,0,19-DEC-2017,
OPTSTK,HINDUNILVR,28-Dec-2017,900,PE,0,0,0,0.2,0,0,0,0,0,19-DEC-2017,
OPTSTK,HINDUNILVR,28-Dec-2017,920,PE,0,0,0,0.35,0,0,0,0,0,19-DEC-2017,
OPTSTK,HINDUNILVR,28-Dec-2017,940,PE,0,0,0,0.55,0,0,0,0,0,19-DEC-2017,
OPTSTK,HINDUNILVR,28-Dec-2017,960,PE,0,0,0,0.9,0,0,0,0,0,19-DEC-2017,
OPTSTK,HINDUNILVR,28-Dec-2017,980,PE,0,0,0,1.5,0,0,0,0,0,19-DEC-2017,
OPTSTK,HINDUNILVR,28-Dec-2017,1000,PE,0,0,0,2.3,0,0,0,0,0,19-DEC-2017,
OPTSTK,HINDUNILVR,28-Dec-2017,1020,PE,0,0,0,3.45,0,0,0,0,0,19-DEC-2017,
OPTSTK,HINDUNILVR,28-Dec-2017,1040,PE,0,0,0,5.05,0,0,0,0,0,19-DEC-2017,
OPTSTK,HINDUNILVR,28-Dec-2017,1060,PE,0,0,0,7.2,0,0,0,0,0,19-DEC-2017,
OPTSTK,HINDUNILVR,28-Dec-2017,1080,PE,0,0,0,9.95,0,0,0,0,0,19-DEC-2017,
OPTSTK,HINDUNILVR,28-Dec-2017,1100,PE,0,0,0,13.5,0,0,0,0,0,19-DEC-2017,
OPTSTK,HINDUNILVR,28-Dec-2017,1120,PE,0,0,0,17.9,0,0,0,0,0,19-DEC-2017,
OPTSTK,HINDUNILVR,28-Dec-2017,1140,PE,0,0,0,23.25,0,0,0,0,0,19-DEC-2017,
OPTSTK,HINDUNILVR,28-Dec-2017,1160,PE,0.55,0.55,0.55,0.55,0.55,1,6.96,12000,0,19-DEC-2017,
OPTSTK,HINDUNILVR,28-Dec-2017,1180,PE,0,0,0,0.7,0,0,0,7200,0,19-DEC-2017,
OPTSTK,HINDUNILVR,28-Dec-2017,1200,PE,0,0,0,0.5,0,0,0,33000,0,19-DEC-2017,
OPTSTK,HINDUNILVR,28-Dec-2017,1220,PE,0.5,0.5,0.5,0.5,0.5,1,7.32,15600,600,19-DEC-2017,
OPTSTK,HINDUNILVR,28-Dec-2017,1240,PE,0.75,0.75,0.75,0.75,0.75,4,29.77,55800,-2400,19-DEC-2017,
OPTSTK,HINDUNILVR,28-Dec-2017,1260,PE,1.3,1.3,0.9,1,1,55,416.14,45000,-10200,19-DEC-2017,
OPTSTK,HINDUNILVR,28-Dec-2017,1280,PE,2.6,2.6,1.35,1.45,1.45,64,492.24,83400,2400,19-DEC-2017,
OPTSTK,HINDUNILVR,28-Dec-2017,1300,PE,5.1,5.35,2.85,2.95,2.95,231,1807.53,130200,-4800,19-DEC-2017,
OPTSTK,HINDUNILVR,28-Dec-2017,1320,PE,9.8,11.05,5.25,5.5,5.5,163,1298.71,53400,7800,19-DEC-2017,
OPTSTK,HINDUNILVR,28-Dec-2017,1340,PE,18.75,19.6,10.4,10.9,10.9,127,1031.91,47400,22200,19-DEC-2017,
OPTSTK,HINDUNILVR,28-Dec-2017,1360,PE,21,21,20,20,20,2,16.56,4800,1200,19-DEC-2017,
OPTSTK,HINDUNILVR,28-Dec-2017,1380,PE,0,0,0,61.25,35.05,0,0,600,0,19-DEC-2017,
OPTSTK,HINDUNILVR,28-Dec-2017,1400,PE,0,0,0,81.25,51.2,0,0,600,0,19-DEC-2017,
OPTSTK,HINDUNILVR,28-Dec-2017,1420,PE,0,0,0,202.3,69.3,0,0,0,0,19-DEC-2017,
OPTSTK,HINDUNILVR,28-Dec-2017,1440,PE,0,0,0,220.4,88.5,0,0,0,0,19-DEC-2017,
OPTSTK,HINDUNILVR,28-Dec-2017,1460,PE,0,0,0,238.8,108.15,0,0,0,0,19-DEC-2017,
OPTSTK,HINDUNILVR,28-Dec-2017,1480,PE,0,0,0,257.5,128.05,0,0,0,0,19-DEC-2017,
OPTSTK,HINDUNILVR,28-Dec-2017,1500,PE,0,0,0,191.8,148,0,0,1200,0,19-DEC-2017,
OPTSTK,HINDUNILVR,28-Dec-2017,1520,PE,0,0,0,295.45,167.95,0,0,0,0,19-DEC-2017,
OPTSTK,HINDUNILVR,28-Dec-2017,1540,PE,0,0,0,314.7,187.95,0,0,0,0,19-DEC-2017,
OPTSTK,HINDUNILVR,25-Jan-2018,880,CE,0,0,0,407.55,475.45,0,0,0,0,19-DEC-2017,
OPTSTK,HINDUNILVR,25-Jan-2018,900,CE,0,0,0,387.85,455.6,0,0,0,0,19-DEC-2017,
OPTSTK,HINDUNILVR,25-Jan-2018,920,CE,0,0,0,368.2,435.7,0,0,0,0,19-DEC-2017,
OPTSTK,HINDUNILVR,25-Jan-2018,940,CE,0,0,0,348.55,415.85,0,0,0,0,19-DEC-2017,
OPTSTK,HINDUNILVR,25-Jan-2018,960,CE,0,0,0,329,395.95,0,0,0,0,19-DEC-2017,
OPTSTK,HINDUNILVR,25-Jan-2018,980,CE,0,0,0,309.45,376.1,0,0,0,0,19-DEC-2017,
OPTSTK,HINDUNILVR,25-Jan-2018,1000,CE,0,0,0,290,356.25,0,0,0,0,19-DEC-2017,
OPTSTK,HINDUNILVR,25-Jan-2018,1020,CE,0,0,0,270.7,336.35,0,0,0,0,19-DEC-2017,
OPTSTK,HINDUNILVR,25-Jan-2018,1040,CE,0,0,0,251.55,316.5,0,0,0,0,19-DEC-2017,
OPTSTK,HINDUNILVR,25-Jan-2018,1060,CE,0,0,0,232.7,296.6,0,0,0,0,19-DEC-2017,
OPTSTK,HINDUNILVR,25-Jan-2018,1080,CE,0,0,0,214.15,276.75,0,0,0,0,19-DEC-2017,
OPTSTK,HINDUNILVR,25-Jan-2018,1100,CE,0,0,0,196,256.9,0,0,0,0,19-DEC-2017,
OPTSTK,HINDUNILVR,25-Jan-2018,1120,CE,0,0,0,178.35,237.05,0,0,0,0,19-DEC-2017,
OPTSTK,HINDUNILVR,25-Jan-2018,1140,CE,0,0,0,161.3,217.2,0,0,0,0,19-DEC-2017,
OPTSTK,HINDUNILVR,25-Jan-2018,1160,CE,0,0,0,144.95,197.45,0,0,0,0,19-DEC-2017,
OPTSTK,HINDUNILVR,25-Jan-2018,1180,CE,0,0,0,129.35,177.85,0,0,0,0,19-DEC-2017,
OPTSTK,HINDUNILVR,25-Jan-2018,1200,CE,0,0,0,114.7,158.4,0,0,0,0,19-DEC-2017,
OPTSTK,HINDUNILVR,25-Jan-2018,1220,CE,0,0,0,100.9,139.35,0,0,0,0,19-DEC-2017,
OPTSTK,HINDUNILVR,25-Jan-2018,1240,CE,0,0,0,88.15,120.85,0,0,0,0,19-DEC-2017,
OPTSTK,HINDUNILVR,25-Jan-2018,1260,CE,0,0,0,76.45,103.1,0,0,0,0,19-DEC-2017,
OPTSTK,HINDUNILVR,25-Jan-2018,1280,CE,0,0,0,38.25,86.35,0,0,1800,0,19-DEC-2017,
OPTSTK,HINDUNILVR,25-Jan-2018,1300,CE,65,65,65,65,65,2,16.38,6000,1200,19-DEC-2017,
OPTSTK,HINDUNILVR,25-Jan-2018,1320,CE,39.1,44,39.1,42,42,6,48.99,7200,3000,19-DEC-2017,
OPTSTK,HINDUNILVR,25-Jan-2018,1340,CE,0,0,0,29.6,44.75,0,0,600,0,19-DEC-2017,
OPTSTK,HINDUNILVR,25-Jan-2018,1360,CE,32.1,32.1,32.1,32.1,32.1,1,8.35,600,600,19-DEC-2017,
OPTSTK,HINDUNILVR,25-Jan-2018,1380,CE,0,0,0,27.7,25.65,0,0,0,0,19-DEC-2017,
OPTSTK,HINDUNILVR,25-Jan-2018,1400,CE,10,17.95,10,16.15,16.15,7,59.41,3600,3600,19-DEC-2017,
OPTSTK,HINDUNILVR,25-Jan-2018,1420,CE,10.3,10.8,10.3,10.75,10.75,5,42.91,3000,3000,19-DEC-2017,
OPTSTK,HINDUNILVR,25-Jan-2018,1440,CE,0,0,0,15.1,9.15,0,0,0,0,19-DEC-2017,
OPTSTK,HINDUNILVR,25-Jan-2018,1460,CE,0,0,0,12.15,6.15,0,0,0,0,19-DEC-2017,
OPTSTK,HINDUNILVR,25-Jan-2018,1480,CE,0,0,0,9.7,4.05,0,0,0,0,19-DEC-2017,
OPTSTK,HINDUNILVR,25-Jan-2018,1500,CE,0,0,0,7.7,2.6,0,0,0,0,19-DEC-2017,
OPTSTK,HINDUNILVR,25-Jan-2018,1520,CE,0,0,0,6.1,1.6,0,0,0,0,19-DEC-2017,
OPTSTK,HINDUNILVR,25-Jan-2018,1540,CE,0,0,0,4.75,1,0,0,0,0,19-DEC-2017,
OPTSTK,HINDUNILVR,25-Jan-2018,880,PE,0,0,0,0.05,0,0,0,0,0,19-DEC-2017,
OPTSTK,HINDUNILVR,25-Jan-2018,900,PE,0,0,0,0.05,0,0,0,0,0,19-DEC-2017,
OPTSTK,HINDUNILVR,25-Jan-2018,920,PE,0,0,0,0.1,0,0,0,0,0,19-DEC-2017,
OPTSTK,HINDUNILVR,25-Jan-2018,940,PE,0,0,0,0.15,0,0,0,0,0,19-DEC-2017,
OPTSTK,HINDUNILVR,25-Jan-2018,960,PE,0,0,0,0.2,0,0,0,0,0,19-DEC-2017,
OPTSTK,HINDUNILVR,25-Jan-2018,980,PE,0,0,0,0.4,0,0,0,0,0,19-DEC-2017,
OPTSTK,HINDUNILVR,25-Jan-2018,1000,PE,0,0,0,0.6,0,0,0,0,0,19-DEC-2017,
OPTSTK,HINDUNILVR,25-Jan-2018,1020,PE,0,0,0,1,0,0,0,0,0,19-DEC-2017,
OPTSTK,HINDUNILVR,25-Jan-2018,1040,PE,0,0,0,1.55,0,0,0,0,0,19-DEC-2017,
OPTSTK,HINDUNILVR,25-Jan-2018,1060,PE,0,0,0,2.35,0,0,0,0,0,19-DEC-2017,
OPTSTK,HINDUNILVR,25-Jan-2018,1080,PE,0,0,0,3.5,0,0,0,0,0,19-DEC-2017,
OPTSTK,HINDUNILVR,25-Jan-2018,1100,PE,0,0,0,5.05,0.05,0,0,0,0,19-DEC-2017,
OPTSTK,HINDUNILVR,25-Jan-2018,1120,PE,0,0,0,7.1,0.05,0,0,0,0,19-DEC-2017,
OPTSTK,HINDUNILVR,25-Jan-2018,1140,PE,0,0,0,9.7,0.1,0,0,0,0,19-DEC-2017,
OPTSTK,HINDUNILVR,25-Jan-2018,1160,PE,0,0,0,13.05,0.2,0,0,0,0,19-DEC-2017,
OPTSTK,HINDUNILVR,25-Jan-2018,1180,PE,0,0,0,17.15,0.45,0,0,0,0,19-DEC-2017,
OPTSTK,HINDUNILVR,25-Jan-2018,1200,PE,2,2,2,2,2,1,7.21,600,600,19-DEC-2017,
OPTSTK,HINDUNILVR,25-Jan-2018,1220,PE,0,0,0,28.05,1.7,0,0,0,0,19-DEC-2017,
OPTSTK,HINDUNILVR,25-Jan-2018,1240,PE,0,0,0,35,3.05,0,0,0,0,19-DEC-2017,
OPTSTK,HINDUNILVR,25-Jan-2018,1260,PE,0,0,0,42.95,5.2,0,0,0,0,19-DEC-2017,
OPTSTK,HINDUNILVR,25-Jan-2018,1280,PE,0,0,0,52,8.35,0,0,0,0,19-DEC-2017,
OPTSTK,HINDUNILVR,25-Jan-2018,1300,PE,14.5,14.5,13.1,13.1,13.1,6,47.31,3600,3600,19-DEC-2017,
OPTSTK,HINDUNILVR,25-Jan-2018,1320,PE,19,19,19,19,19,1,8.03,600,600,19-DEC-2017,
OPTSTK,HINDUNILVR,25-Jan-2018,1340,PE,29.15,29.15,29.15,29.15,29.15,2,16.42,1200,1200,19-DEC-2017,
OPTSTK,HINDUNILVR,25-Jan-2018,1360,PE,0,0,0,98.4,35.75,0,0,0,0,19-DEC-2017,
OPTSTK,HINDUNILVR,25-Jan-2018,1380,PE,0,0,0,112.35,46.95,0,0,0,0,19-DEC-2017,
OPTSTK,HINDUNILVR,25-Jan-2018,1400,PE,0,0,0,127.2,59.85,0,0,0,0,19-DEC-2017,
OPTSTK,HINDUNILVR,25-Jan-2018,1420,PE,0,0,0,142.65,74.4,0,0,0,0,19-DEC-2017,
OPTSTK,HINDUNILVR,25-Jan-2018,1440,PE,0,0,0,158.8,90.1,0,0,0,0,19-DEC-2017,
OPTSTK,HINDUNILVR,25-Jan-2018,1460,PE,0,0,0,175.55,106.95,0,0,0,0,19-DEC-2017,
OPTSTK,HINDUNILVR,25-Jan-2018,1480,PE,0,0,0,192.8,124.7,0,0,0,0,19-DEC-2017,
OPTSTK,HINDUNILVR,25-Jan-2018,1500,PE,0,0,0,155,143.1,0,0,3600,0,19-DEC-2017,
OPTSTK,HINDUNILVR,25-Jan-2018,1520,PE,0,0,0,228.55,162,0,0,0,0,19-DEC-2017,
OPTSTK,HINDUNILVR,25-Jan-2018,1540,PE,0,0,0,246.9,181.25,0,0,0,0,19-DEC-2017,
OPTSTK,HINDUNILVR,22-Feb-2018,880,CE,0,0,0,405.3,479.75,0,0,0,0,19-DEC-2017,
OPTSTK,HINDUNILVR,22-Feb-2018,900,CE,0,0,0,385.6,460,0,0,0,0,19-DEC-2017,
OPTSTK,HINDUNILVR,22-Feb-2018,920,CE,0,0,0,365.9,440.2,0,0,0,0,19-DEC-2017,
OPTSTK,HINDUNILVR,22-Feb-2018,940,CE,0,0,0,346.2,420.45,0,0,0,0,19-DEC-2017,
OPTSTK,HINDUNILVR,22-Feb-2018,960,CE,0,0,0,326.5,400.65,0,0,0,0,19-DEC-2017,
OPTSTK,HINDUNILVR,22-Feb-2018,980,CE,0,0,0,306.8,380.9,0,0,0,0,19-DEC-2017,
OPTSTK,HINDUNILVR,22-Feb-2018,1000,CE,0,0,0,287.1,361.15,0,0,0,0,19-DEC-2017,
OPTSTK,HINDUNILVR,22-Feb-2018,1020,CE,0,0,0,267.5,341.35,0,0,0,0,19-DEC-2017,
OPTSTK,HINDUNILVR,22-Feb-2018,1040,CE,0,0,0,247.95,321.6,0,0,0,0,19-DEC-2017,
OPTSTK,HINDUNILVR,22-Feb-2018,1060,CE,0,0,0,228.5,301.85,0,0,0,0,19-DEC-2017,
OPTSTK,HINDUNILVR,22-Feb-2018,1080,CE,0,0,0,209.2,282.15,0,0,0,0,19-DEC-2017,
OPTSTK,HINDUNILVR,22-Feb-2018,1100,CE,0,0,0,190.2,262.45,0,0,0,0,19-DEC-2017,
OPTSTK,HINDUNILVR,22-Feb-2018,1120,CE,0,0,0,171.5,242.9,0,0,0,0,19-DEC-2017,
OPTSTK,HINDUNILVR,22-Feb-2018,1140,CE,0,0,0,153.35,223.4,0,0,0,0,19-DEC-2017,
OPTSTK,HINDUNILVR,22-Feb-2018,1160,CE,0,0,0,135.8,204.15,0,0,0,0,19-DEC-2017,
OPTSTK,HINDUNILVR,22-Feb-2018,1180,CE,0,0,0,119.05,185.2,0,0,0,0,19-DEC-2017,
OPTSTK,HINDUNILVR,22-Feb-2018,1200,CE,0,0,0,103.2,166.6,0,0,0,0,19-DEC-2017,
OPTSTK,HINDUNILVR,22-Feb-2018,1220,CE,0,0,0,88.5,148.6,0,0,0,0,19-DEC-2017,
OPTSTK,HINDUNILVR,22-Feb-2018,1240,CE,0,0,0,74.9,131.2,0,0,0,0,19-DEC-2017,
OPTSTK,HINDUNILVR,22-Feb-2018,1260,CE,0,0,0,62.65,114.7,0,0,0,0,19-DEC-2017,
OPTSTK,HINDUNILVR,22-Feb-2018,1280,CE,0,0,0,51.7,99.15,0,0,0,0,19-DEC-2017,
OPTSTK,HINDUNILVR,22-Feb-2018,1300,CE,0,0,0,42.1,84.65,0,0,0,0,19-DEC-2017,
OPTSTK,HINDUNILVR,22-Feb-2018,1320,CE,0,0,0,33.85,71.45,0,0,0,0,19-DEC-2017,
OPTSTK,HINDUNILVR,22-Feb-2018,1340,CE,48.05,48.05,48.05,48.05,48.05,3,24.98,1800,1800,19-DEC-2017,
OPTSTK,HINDUNILVR,22-Feb-2018,1360,CE,0,0,0,21,48.95,0,0,0,0,19-DEC-2017,
OPTSTK,HINDUNILVR,22-Feb-2018,1380,CE,0,0,0,16.2,39.7,0,0,0,0,19-DEC-2017,
OPTSTK,HINDUNILVR,22-Feb-2018,1400,CE,0,0,0,12.35,31.8,0,0,0,0,19-DEC-2017,
OPTSTK,HINDUNILVR,22-Feb-2018,1420,CE,0,0,0,9.3,25.1,0,0,0,0,19-DEC-2017,
OPTSTK,HINDUNILVR,22-Feb-2018,1440,CE,0,0,0,6.9,19.55,0,0,0,0,19-DEC-2017,
OPTSTK,HINDUNILVR,22-Feb-2018,1460,CE,0,0,0,5.05,15.05,0,0,0,0,19-DEC-2017,
OPTSTK,HINDUNILVR,22-Feb-2018,1480,CE,0,0,0,3.65,11.4,0,0,0,0,19-DEC-2017,
OPTSTK,HINDUNILVR,22-Feb-2018,1500,CE,0,0,0,2.6,8.5,0,0,0,0,19-DEC-2017,
OPTSTK,HINDUNILVR,22-Feb-2018,1520,CE,0,0,0,1.85,6.3,0,0,0,0,19-DEC-2017,
OPTSTK,HINDUNILVR,22-Feb-2018,1540,CE,0,0,0,1.3,4.6,0,0,0,0,19-DEC-2017,
OPTSTK,HINDUNILVR,22-Feb-2018,880,PE,0,0,0,0.05,0,0,0,0,0,19-DEC-2017,
OPTSTK,HINDUNILVR,22-Feb-2018,900,PE,0,0,0,0.05,0,0,0,0,0,19-DEC-2017,
OPTSTK,HINDUNILVR,22-Feb-2018,920,PE,0,0,0,0.05,0,0,0,0,0,19-DEC-2017,
OPTSTK,HINDUNILVR,22-Feb-2018,940,PE,0,0,0,0.05,0,0,0,0,0,19-DEC-2017,
OPTSTK,HINDUNILVR,22-Feb-2018,960,PE,0,0,0,0.05,0,0,0,0,0,19-DEC-2017,
OPTSTK,HINDUNILVR,22-Feb-2018,980,PE,0,0,0,0.05,0,0,0,0,0,19-DEC-2017,
OPTSTK,HINDUNILVR,22-Feb-2018,1000,PE,0,0,0,0.1,0,0,0,0,0,19-DEC-2017,
OPTSTK,HINDUNILVR,22-Feb-2018,1020,PE,0,0,0,0.15,0.05,0,0,0,0,19-DEC-2017,
OPTSTK,HINDUNILVR,22-Feb-2018,1040,PE,0,0,0,0.3,0.05,0,0,0,0,19-DEC-2017,
OPTSTK,HINDUNILVR,22-Feb-2018,1060,PE,0,0,0,0.6,0.05,0,0,0,0,19-DEC-2017,
OPTSTK,HINDUNILVR,22-Feb-2018,1080,PE,0,0,0,1,0.1,0,0,0,0,19-DEC-2017,
OPTSTK,HINDUNILVR,22-Feb-2018,1100,PE,0,0,0,1.7,0.2,0,0,0,0,19-DEC-2017,
OPTSTK,HINDUNILVR,22-Feb-2018,1120,PE,0,0,0,2.75,0.4,0,0,0,0,19-DEC-2017,
OPTSTK,HINDUNILVR,22-Feb-2018,1140,PE,0,0,0,4.3,0.7,0,0,0,0,19-DEC-2017,
OPTSTK,HINDUNILVR,22-Feb-2018,1160,PE,0,0,0,6.45,1.25,0,0,0,0,19-DEC-2017,
OPTSTK,HINDUNILVR,22-Feb-2018,1180,PE,0,0,0,9.4,2.05,0,0,0,0,19-DEC-2017,
OPTSTK,HINDUNILVR,22-Feb-2018,1200,PE,0,0,0,13.3,3.25,0,0,0,0,19-DEC-2017,
OPTSTK,HINDUNILVR,22-Feb-2018,1220,PE,0,0,0,18.25,4.95,0,0,0,0,19-DEC-2017,
OPTSTK,HINDUNILVR,22-Feb-2018,1240,PE,0,0,0,24.35,7.4,0,0,0,0,19-DEC-2017,
OPTSTK,HINDUNILVR,22-Feb-2018,1260,PE,0,0,0,31.8,10.6,0,0,0,0,19-DEC-2017,
OPTSTK,HINDUNILVR,22-Feb-2018,1280,PE,0,0,0,40.6,14.85,0,0,0,0,19-DEC-2017,
OPTSTK,HINDUNILVR,22-Feb-2018,1300,PE,0,0,0,50.7,20.15,0,0,0,0,19-DEC-2017,
OPTSTK,HINDUNILVR,22-Feb-2018,1320,PE,0,0,0,62.15,26.7,0,0,0,0,19-DEC-2017,
OPTSTK,HINDUNILVR,22-Feb-2018,1340,PE,0,0,0,74.85,34.55,0,0,0,0,19-DEC-2017,
OPTSTK,HINDUNILVR,22-Feb-2018,1360,PE,0,0,0,88.7,43.75,0,0,0,0,19-DEC-2017,
OPTSTK,HINDUNILVR,22-Feb-2018,1380,PE,0,0,0,103.65,54.25,0,0,0,0,19-DEC-2017,
OPTSTK,HINDUNILVR,22-Feb-2018,1400,PE,0,0,0,119.5,66.1,0,0,0,0,19-DEC-2017,
OPTSTK,HINDUNILVR,22-Feb-2018,1420,PE,0,0,0,136.15,79.2,0,0,0,0,19-DEC-2017,
OPTSTK,HINDUNILVR,22-Feb-2018,1440,PE,0,0,0,153.45,93.4,0,0,0,0,19-DEC-2017,
OPTSTK,HINDUNILVR,22-Feb-2018,1460,PE,0,0,0,171.3,108.7,0,0,0,0,19-DEC-2017,
OPTSTK,HINDUNILVR,22-Feb-2018,1480,PE,0,0,0,189.65,124.8,0,0,0,0,19-DEC-2017,
OPTSTK,HINDUNILVR,22-Feb-2018,1500,PE,0,0,0,208.3,141.7,0,0,0,0,19-DEC-2017,
OPTSTK,HINDUNILVR,22-Feb-2018,1520,PE,0,0,0,227.25,159.25,0,0,0,0,19-DEC-2017,
OPTSTK,HINDUNILVR,22-Feb-2018,1540,PE,0,0,0,246.4,177.3,0,0,0,0,19-DEC-2017,
OPTSTK,HINDZINC,28-Dec-2017,195,CE,0,0,0,99.55,107.15,0,0,0,0,19-DEC-2017,
OPTSTK,HINDZINC,28-Dec-2017,200,CE,0,0,0,102,102.2,0,0,3200,0,19-DEC-2017,
OPTSTK,HINDZINC,28-Dec-2017,205,CE,0,0,0,89.8,97.2,0,0,0,0,19-DEC-2017,
OPTSTK,HINDZINC,28-Dec-2017,210,CE,0,0,0,85,92.2,0,0,0,0,19-DEC-2017,
OPTSTK,HINDZINC,28-Dec-2017,215,CE,0,0,0,80.2,87.2,0,0,0,0,19-DEC-2017,
OPTSTK,HINDZINC,28-Dec-2017,220,CE,0,0,0,75.45,82.2,0,0,0,0,19-DEC-2017,
OPTSTK,HINDZINC,28-Dec-2017,225,CE,0,0,0,70.75,77.2,0,0,0,0,19-DEC-2017,
OPTSTK,HINDZINC,28-Dec-2017,230,CE,0,0,0,66.15,72.25,0,0,0,0,19-DEC-2017,
OPTSTK,HINDZINC,28-Dec-2017,235,CE,0,0,0,61.6,67.25,0,0,0,0,19-DEC-2017,
OPTSTK,HINDZINC,28-Dec-2017,240,CE,0,0,0,57.2,62.25,0,0,0,0,19-DEC-2017,
OPTSTK,HINDZINC,28-Dec-2017,245,CE,0,0,0,52.9,57.25,0,0,0,0,19-DEC-2017,
OPTSTK,HINDZINC,28-Dec-2017,250,CE,0,0,0,48.75,52.25,0,0,0,0,19-DEC-2017,
OPTSTK,HINDZINC,28-Dec-2017,255,CE,0,0,0,44.75,47.25,0,0,0,0,19-DEC-2017,
OPTSTK,HINDZINC,28-Dec-2017,260,CE,0,0,0,40.9,42.3,0,0,0,0,19-DEC-2017,
OPTSTK,HINDZINC,28-Dec-2017,265,CE,0,0,0,37.25,37.3,0,0,0,0,19-DEC-2017,
OPTSTK,HINDZINC,28-Dec-2017,270,CE,0,0,0,33.75,32.3,0,0,0,0,19-DEC-2017,
OPTSTK,HINDZINC,28-Dec-2017,275,CE,0,0,0,30.45,27.35,0,0,0,0,19-DEC-2017,
OPTSTK,HINDZINC,28-Dec-2017,280,CE,0,0,0,11.5,22.5,0,0,3200,0,19-DEC-2017,
OPTSTK,HINDZINC,28-Dec-2017,285,CE,15.9,15.9,15.9,15.9,15.9,1,9.62,16000,0,19-DEC-2017,
OPTSTK,HINDZINC,28-Dec-2017,290,CE,12,13.5,12,13.3,13.3,4,38.78,70400,-9600,19-DEC-2017,
OPTSTK,HINDZINC,28-Dec-2017,295,CE,9.65,9.65,8.65,8.65,8.65,2,19.46,38400,0,19-DEC-2017,
OPTSTK,HINDZINC,28-Dec-2017,300,CE,5,6.5,4.5,5.55,5.55,115,1125.23,192000,-73600,19-DEC-2017,
OPTSTK,HINDZINC,28-Dec-2017,305,CE,2.9,4,2.9,3.45,3.45,22,217.09,54400,9600,19-DEC-2017,
OPTSTK,HINDZINC,28-Dec-2017,310,CE,2,2.25,1.65,1.8,1.8,40,399.3,172800,0,19-DEC-2017,
OPTSTK,HINDZINC,28-Dec-2017,315,CE,1.25,1.25,0.85,0.95,0.95,6,60.68,44800,0,19-DEC-2017,
OPTSTK,HINDZINC,28-Dec-2017,320,CE,1,1,1,1,1,1,10.27,179200,0,19-DEC-2017,
OPTSTK,HINDZINC,28-Dec-2017,325,CE,0.6,0.6,0.6,0.6,0.6,1,10.41,12800,3200,19-DEC-2017,
OPTSTK,HINDZINC,28-Dec-2017,330,CE,0,0,0,0.5,0.15,0,0,35200,0,19-DEC-2017,
OPTSTK,HINDZINC,28-Dec-2017,335,CE,0,0,0,1.55,0.05,0,0,3200,0,19-DEC-2017,
OPTSTK,HINDZINC,28-Dec-2017,340,CE,0,0,0,5.6,0.05,0,0,0,0,19-DEC-2017,
OPTSTK,HINDZINC,28-Dec-2017,345,CE,0,0,0,4.8,0.05,0,0,0,0,19-DEC-2017,
OPTSTK,HINDZINC,28-Dec-2017,350,CE,0,0,0,4.1,0,0,0,0,0,19-DEC-2017,
OPTSTK,HINDZINC,28-Dec-2017,355,CE,0,0,0,3.5,0,0,0,0,0,19-DEC-2017,
OPTSTK,HINDZINC,28-Dec-2017,360,CE,0,0,0,2.95,0,0,0,0,0,19-DEC-2017,
OPTSTK,HINDZINC,28-Dec-2017,365,CE,0,0,0,2.5,0,0,0,0,0,19-DEC-2017,
OPTSTK,HINDZINC,28-Dec-2017,370,CE,0,0,0,2.1,0,0,0,0,0,19-DEC-2017,
OPTSTK,HINDZINC,28-Dec-2017,375,CE,0,0,0,1.75,0,0,0,0,0,19-DEC-2017,
OPTSTK,HINDZINC,28-Dec-2017,195,PE,0.25,0.25,0.25,0.25,0.25,1,6.24,6400,0,19-DEC-2017,
OPTSTK,HINDZINC,28-Dec-2017,200,PE,0,0,0,0.1,0,0,0,0,0,19-DEC-2017,
OPTSTK,HINDZINC,28-Dec-2017,205,PE,0,0,0,0.2,0,0,0,0,0,19-DEC-2017,
OPTSTK,HINDZINC,28-Dec-2017,210,PE,0,0,0,0.25,0,0,0,0,0,19-DEC-2017,
OPTSTK,HINDZINC,28-Dec-2017,215,PE,0,0,0,0.4,0,0,0,0,0,19-DEC-2017,
OPTSTK,HINDZINC,28-Dec-2017,220,PE,0,0,0,0.55,0,0,0,0,0,19-DEC-2017,
OPTSTK,HINDZINC,28-Dec-2017,225,PE,0,0,0,0.8,0,0,0,0,0,19-DEC-2017,
OPTSTK,HINDZINC,28-Dec-2017,230,PE,0,0,0,1.1,0,0,0,0,0,19-DEC-2017,
OPTSTK,HINDZINC,28-Dec-2017,235,PE,0,0,0,1.5,0,0,0,0,0,19-DEC-2017,
OPTSTK,HINDZINC,28-Dec-2017,240,PE,0,0,0,2,0,0,0,0,0,19-DEC-2017,
OPTSTK,HINDZINC,28-Dec-2017,245,PE,0,0,0,2.65,0,0,0,0,0,19-DEC-2017,
OPTSTK,HINDZINC,28-Dec-2017,250,PE,0,0,0,3.4,0,0,0,0,0,19-DEC-2017,
OPTSTK,HINDZINC,28-Dec-2017,255,PE,0,0,0,4.3,0,0,0,0,0,19-DEC-2017,
OPTSTK,HINDZINC,28-Dec-2017,260,PE,0,0,0,5.4,0,0,0,0,0,19-DEC-2017,
OPTSTK,HINDZINC,28-Dec-2017,265,PE,0,0,0,1.5,0,0,0,3200,0,19-DEC-2017,
OPTSTK,HINDZINC,28-Dec-2017,270,PE,0,0,0,0.45,0.05,0,0,16000,0,19-DEC-2017,
OPTSTK,HINDZINC,28-Dec-2017,275,PE,0,0,0,0.3,0.1,0,0,19200,0,19-DEC-2017,
OPTSTK,HINDZINC,28-Dec-2017,280,PE,0.4,0.4,0.25,0.25,0.25,3,26.91,121600,0,19-DEC-2017,
OPTSTK,HINDZINC,28-Dec-2017,285,PE,0.75,0.75,0.5,0.5,0.5,4,36.55,38400,0,19-DEC-2017,
OPTSTK,HINDZINC,28-Dec-2017,290,PE,1.25,1.25,0.5,0.55,0.55,16,148.96,108800,0,19-DEC-2017,
OPTSTK,HINDZINC,28-Dec-2017,295,PE,2.5,2.5,0.95,1.15,1.15,20,190.02,64000,16000,19-DEC-2017,
OPTSTK,HINDZINC,28-Dec-2017,300,PE,4.6,4.65,2.5,2.65,2.65,26,252.46,128000,-6400,19-DEC-2017,
OPTSTK,HINDZINC,28-Dec-2017,305,PE,7.4,7.4,5.5,5.5,5.5,3,29.92,12800,3200,19-DEC-2017,
OPTSTK,HINDZINC,28-Dec-2017,310,PE,0,0,0,25.5,10.05,0,0,6400,0,19-DEC-2017,
OPTSTK,HINDZINC,28-Dec-2017,315,PE,13,13,13,13,13,1,10.49,9600,0,19-DEC-2017,
OPTSTK,HINDZINC,28-Dec-2017,320,PE,0,0,0,19,18.3,0,0,12800,0,19-DEC-2017,
OPTSTK,HINDZINC,28-Dec-2017,325,PE,0,0,0,37.1,22.95,0,0,6400,0,19-DEC-2017,
OPTSTK,HINDZINC,28-Dec-2017,330,PE,0,0,0,44,27.8,0,0,0,0,19-DEC-2017,
OPTSTK,HINDZINC,28-Dec-2017,335,PE,0,0,0,44.9,32.7,0,0,0,0,19-DEC-2017,
OPTSTK,HINDZINC,28-Dec-2017,340,PE,38,38,38,38,38,1,12.09,3200,-3200,19-DEC-2017,
OPTSTK,HINDZINC,28-Dec-2017,345,PE,0,0,0,53,42.65,0,0,0,0,19-DEC-2017,
OPTSTK,HINDZINC,28-Dec-2017,350,PE,0,0,0,57.2,47.65,0,0,0,0,19-DEC-2017,
OPTSTK,HINDZINC,28-Dec-2017,355,PE,0,0,0,61.5,52.6,0,0,0,0,19-DEC-2017,
OPTSTK,HINDZINC,28-Dec-2017,360,PE,0,0,0,65.9,57.6,0,0,0,0,19-DEC-2017,
OPTSTK,HINDZINC,28-Dec-2017,365,PE,0,0,0,70.35,62.6,0,0,0,0,19-DEC-2017,
OPTSTK,HINDZINC,28-Dec-2017,370,PE,0,0,0,74.9,67.6,0,0,0,0,19-DEC-2017,
OPTSTK,HINDZINC,28-Dec-2017,375,PE,0,0,0,79.5,72.6,0,0,0,0,19-DEC-2017,
OPTSTK,HINDZINC,25-Jan-2018,215,CE,0,0,0,105.6,88.25,0,0,0,0,19-DEC-2017,
OPTSTK,HINDZINC,25-Jan-2018,220,CE,0,0,0,100.7,83.3,0,0,0,0,19-DEC-2017,
OPTSTK,HINDZINC,25-Jan-2018,225,CE,0,0,0,95.85,78.35,0,0,0,0,19-DEC-2017,
OPTSTK,HINDZINC,25-Jan-2018,230,CE,0,0,0,91,73.35,0,0,0,0,19-DEC-2017,
OPTSTK,HINDZINC,25-Jan-2018,235,CE,0,0,0,86.15,68.4,0,0,0,0,19-DEC-2017,
OPTSTK,HINDZINC,25-Jan-2018,240,CE,0,0,0,81.4,63.45,0,0,0,0,19-DEC-2017,
OPTSTK,HINDZINC,25-Jan-2018,245,CE,0,0,0,76.65,58.55,0,0,0,0,19-DEC-2017,
OPTSTK,HINDZINC,25-Jan-2018,250,CE,0,0,0,72,53.6,0,0,0,0,19-DEC-2017,
OPTSTK,HINDZINC,25-Jan-2018,255,CE,0,0,0,67.4,48.75,0,0,0,0,19-DEC-2017,
OPTSTK,HINDZINC,25-Jan-2018,260,CE,0,0,0,62.9,43.95,0,0,0,0,19-DEC-2017,
OPTSTK,HINDZINC,25-Jan-2018,265,CE,0,0,0,58.5,39.3,0,0,0,0,19-DEC-2017,
OPTSTK,HINDZINC,25-Jan-2018,270,CE,0,0,0,54.2,34.75,0,0,0,0,19-DEC-2017,
OPTSTK,HINDZINC,25-Jan-2018,275,CE,0,0,0,50.05,30.35,0,0,0,0,19-DEC-2017,
OPTSTK,HINDZINC,25-Jan-2018,280,CE,0,0,0,46.05,26.25,0,0,0,0,19-DEC-2017,
OPTSTK,HINDZINC,25-Jan-2018,285,CE,0,0,0,42.25,22.35,0,0,0,0,19-DEC-2017,
OPTSTK,HINDZINC,25-Jan-2018,290,CE,0,0,0,38.55,18.8,0,0,0,0,19-DEC-2017,
OPTSTK,HINDZINC,25-Jan-2018,295,CE,0,0,0,35.05,15.55,0,0,0,0,19-DEC-2017,
OPTSTK,HINDZINC,25-Jan-2018,300,CE,0,0,0,12.1,12.7,0,0,3200,0,19-DEC-2017,
OPTSTK,HINDZINC,25-Jan-2018,305,CE,0,0,0,28.65,10.2,0,0,0,0,19-DEC-2017,
OPTSTK,HINDZINC,25-Jan-2018,310,CE,0,0,0,7,8.1,0,0,3200,0,19-DEC-2017,
OPTSTK,HINDZINC,25-Jan-2018,315,CE,0,0,0,23.05,6.3,0,0,0,0,19-DEC-2017,
OPTSTK,HINDZINC,25-Jan-2018,320,CE,4.6,5.5,4.6,5.25,5.25,4,41.6,3200,3200,19-DEC-2017,
OPTSTK,HINDZINC,25-Jan-2018,325,CE,0,0,0,18.3,3.65,0,0,0,0,19-DEC-2017,
OPTSTK,HINDZINC,25-Jan-2018,330,CE,0,0,0,16.15,2.7,0,0,0,0,19-DEC-2017,
OPTSTK,HINDZINC,25-Jan-2018,335,CE,0,0,0,14.25,2,0,0,0,0,19-DEC-2017,
OPTSTK,HINDZINC,25-Jan-2018,340,CE,0,0,0,12.5,1.45,0,0,0,0,19-DEC-2017,
OPTSTK,HINDZINC,25-Jan-2018,345,CE,0,0,0,10.95,1,0,0,0,0,19-DEC-2017,
OPTSTK,HINDZINC,25-Jan-2018,350,CE,0,0,0,9.55,0.7,0,0,0,0,19-DEC-2017,
OPTSTK,HINDZINC,25-Jan-2018,355,CE,0,0,0,8.3,0.5,0,0,0,0,19-DEC-2017,
OPTSTK,HINDZINC,25-Jan-2018,360,CE,0,0,0,7.2,0.35,0,0,0,0,19-DEC-2017,
OPTSTK,HINDZINC,25-Jan-2018,365,CE,0,0,0,6.2,0.25,0,0,0,0,19-DEC-2017,
OPTSTK,HINDZINC,25-Jan-2018,370,CE,0,0,0,5.35,0.15,0,0,0,0,19-DEC-2017,
OPTSTK,HINDZINC,25-Jan-2018,375,CE,0,0,0,4.55,0.1,0,0,0,0,19-DEC-2017,
OPTSTK,HINDZINC,25-Jan-2018,215,PE,0,0,0,0.1,0,0,0,0,0,19-DEC-2017,
OPTSTK,HINDZINC,25-Jan-2018,220,PE,0,0,0,0.1,0,0,0,0,0,19-DEC-2017,
OPTSTK,HINDZINC,25-Jan-2018,225,PE,0,0,0,0.15,0,0,0,0,0,19-DEC-2017,
OPTSTK,HINDZINC,25-Jan-2018,230,PE,0,0,0,0.25,0.05,0,0,0,0,19-DEC-2017,
OPTSTK,HINDZINC,25-Jan-2018,235,PE,0,0,0,0.35,0.05,0,0,0,0,19-DEC-2017,
OPTSTK,HINDZINC,25-Jan-2018,240,PE,0,0,0,0.5,0.05,0,0,0,0,19-DEC-2017,
OPTSTK,HINDZINC,25-Jan-2018,245,PE,0,0,0,0.65,0.1,0,0,0,0,19-DEC-2017,
OPTSTK,HINDZINC,25-Jan-2018,250,PE,0,0,0,0.95,0.15,0,0,0,0,19-DEC-2017,
OPTSTK,HINDZINC,25-Jan-2018,255,PE,0,0,0,1.25,0.25,0,0,0,0,19-DEC-2017,
OPTSTK,HINDZINC,25-Jan-2018,260,PE,0,0,0,1.7,0.45,0,0,0,0,19-DEC-2017,
OPTSTK,HINDZINC,25-Jan-2018,265,PE,0,0,0,2.2,0.7,0,0,0,0,19-DEC-2017,
OPTSTK,HINDZINC,25-Jan-2018,270,PE,0,0,0,2.85,1.15,0,0,0,0,19-DEC-2017,
OPTSTK,HINDZINC,25-Jan-2018,275,PE,0,0,0,3.6,1.75,0,0,0,0,19-DEC-2017,
OPTSTK,HINDZINC,25-Jan-2018,280,PE,0,0,0,4.8,2.55,0,0,3200,0,19-DEC-2017,
OPTSTK,HINDZINC,25-Jan-2018,285,PE,0,0,0,5.6,3.65,0,0,0,0,19-DEC-2017,
OPTSTK,HINDZINC,25-Jan-2018,290,PE,4.75,4.75,4.75,4.75,4.75,1,9.43,6400,3200,19-DEC-2017,
OPTSTK,HINDZINC,25-Jan-2018,295,PE,0,0,0,8.3,6.8,0,0,0,0,19-DEC-2017,
OPTSTK,HINDZINC,25-Jan-2018,300,PE,0,0,0,11.45,8.9,0,0,3200,0,19-DEC-2017,
OPTSTK,HINDZINC,25-Jan-2018,305,PE,0,0,0,11.75,11.4,0,0,0,0,19-DEC-2017,
OPTSTK,HINDZINC,25-Jan-2018,310,PE,0,0,0,13.75,14.2,0,0,0,0,19-DEC-2017,
OPTSTK,HINDZINC,25-Jan-2018,315,PE,0,0,0,16,17.4,0,0,0,0,19-DEC-2017,
OPTSTK,HINDZINC,25-Jan-2018,320,PE,0,0,0,18.4,20.9,0,0,0,0,19-DEC-2017,
OPTSTK,HINDZINC,25-Jan-2018,325,PE,0,0,0,21.05,24.7,0,0,0,0,19-DEC-2017,
OPTSTK,HINDZINC,25-Jan-2018,330,PE,0,0,0,23.85,28.7,0,0,0,0,19-DEC-2017,
OPTSTK,HINDZINC,25-Jan-2018,335,PE,0,0,0,26.85,32.95,0,0,0,0,19-DEC-2017,
OPTSTK,HINDZINC,25-Jan-2018,340,PE,37.5,37.5,37.5,37.5,37.5,1,12.08,3200,3200,19-DEC-2017,
OPTSTK,HINDZINC,25-Jan-2018,345,PE,0,0,0,33.4,41.95,0,0,0,0,19-DEC-2017,
OPTSTK,HINDZINC,25-Jan-2018,350,PE,0,0,0,36.9,46.6,0,0,0,0,19-DEC-2017,
OPTSTK,HINDZINC,25-Jan-2018,355,PE,0,0,0,40.6,51.35,0,0,0,0,19-DEC-2017,
OPTSTK,HINDZINC,25-Jan-2018,360,PE,0,0,0,44.4,56.15,0,0,0,0,19-DEC-2017,
OPTSTK,HINDZINC,25-Jan-2018,365,PE,0,0,0,48.35,61,0,0,0,0,19-DEC-2017,
OPTSTK,HINDZINC,25-Jan-2018,370,PE,0,0,0,52.4,65.9,0,0,0,0,19-DEC-2017,
OPTSTK,HINDZINC,25-Jan-2018,375,PE,0,0,0,56.55,70.8,0,0,0,0,19-DEC-2017,
OPTSTK,HINDZINC,22-Feb-2018,215,CE,0,0,0,87.65,89.35,0,0,0,0,19-DEC-2017,
OPTSTK,HINDZINC,22-Feb-2018,220,CE,0,0,0,82.8,84.4,0,0,0,0,19-DEC-2017,
OPTSTK,HINDZINC,22-Feb-2018,225,CE,0,0,0,77.95,79.5,0,0,0,0,19-DEC-2017,
OPTSTK,HINDZINC,22-Feb-2018,230,CE,0,0,0,73.15,74.6,0,0,0,0,19-DEC-2017,
OPTSTK,HINDZINC,22-Feb-2018,235,CE,0,0,0,68.4,69.7,0,0,0,0,19-DEC-2017,
OPTSTK,HINDZINC,22-Feb-2018,240,CE,0,0,0,63.75,64.85,0,0,0,0,19-DEC-2017,
OPTSTK,HINDZINC,22-Feb-2018,245,CE,0,0,0,59.15,60.05,0,0,0,0,19-DEC-2017,
OPTSTK,HINDZINC,22-Feb-2018,250,CE,0,0,0,54.65,55.35,0,0,0,0,19-DEC-2017,
OPTSTK,HINDZINC,22-Feb-2018,255,CE,0,0,0,50.3,50.7,0,0,0,0,19-DEC-2017,
OPTSTK,HINDZINC,22-Feb-2018,260,CE,0,0,0,46.05,46.15,0,0,0,0,19-DEC-2017,
OPTSTK,HINDZINC,22-Feb-2018,265,CE,0,0,0,42,41.8,0,0,0,0,19-DEC-2017,
OPTSTK,HINDZINC,22-Feb-2018,270,CE,0,0,0,38.1,37.55,0,0,0,0,19-DEC-2017,
OPTSTK,HINDZINC,22-Feb-2018,275,CE,0,0,0,34.4,33.5,0,0,0,0,19-DEC-2017,
OPTSTK,HINDZINC,22-Feb-2018,280,CE,0,0,0,30.9,29.7,0,0,0,0,19-DEC-2017,
OPTSTK,HINDZINC,22-Feb-2018,285,CE,0,0,0,27.6,26.1,0,0,0,0,19-DEC-2017,
OPTSTK,HINDZINC,22-Feb-2018,290,CE,0,0,0,24.55,22.8,0,0,0,0,19-DEC-2017,
OPTSTK,HINDZINC,22-Feb-2018,295,CE,0,0,0,21.7,19.7,0,0,0,0,19-DEC-2017,
OPTSTK,HINDZINC,22-Feb-2018,300,CE,0,0,0,19.1,16.95,0,0,0,0,19-DEC-2017,
OPTSTK,HINDZINC,22-Feb-2018,305,CE,0,0,0,16.7,14.4,0,0,0,0,19-DEC-2017,
OPTSTK,HINDZINC,22-Feb-2018,310,CE,0,0,0,14.55,12.2,0,0,0,0,19-DEC-2017,
OPTSTK,HINDZINC,22-Feb-2018,315,CE,0,0,0,12.6,10.2,0,0,0,0,19-DEC-2017,
OPTSTK,HINDZINC,22-Feb-2018,320,CE,0,0,0,10.85,8.5,0,0,0,0,19-DEC-2017,
OPTSTK,HINDZINC,22-Feb-2018,325,CE,0,0,0,9.3,7,0,0,0,0,19-DEC-2017,
OPTSTK,HINDZINC,22-Feb-2018,330,CE,0,0,0,7.95,5.75,0,0,0,0,19-DEC-2017,
OPTSTK,HINDZINC,22-Feb-2018,335,CE,0,0,0,6.75,4.65,0,0,0,0,19-DEC-2017,
OPTSTK,HINDZINC,22-Feb-2018,340,CE,0,0,0,5.7,3.75,0,0,0,0,19-DEC-2017,
OPTSTK,HINDZINC,22-Feb-2018,345,CE,0,0,0,4.8,3,0,0,0,0,19-DEC-2017,
OPTSTK,HINDZINC,22-Feb-2018,350,CE,0,0,0,4.05,2.4,0,0,0,0,19-DEC-2017,
OPTSTK,HINDZINC,22-Feb-2018,355,CE,0,0,0,3.35,1.9,0,0,0,0,19-DEC-2017,
OPTSTK,HINDZINC,22-Feb-2018,360,CE,0,0,0,2.8,1.45,0,0,0,0,19-DEC-2017,
OPTSTK,HINDZINC,22-Feb-2018,365,CE,0,0,0,2.3,1.15,0,0,0,0,19-DEC-2017,
OPTSTK,HINDZINC,22-Feb-2018,370,CE,0,0,0,1.9,0.9,0,0,0,0,19-DEC-2017,
OPTSTK,HINDZINC,22-Feb-2018,375,CE,0,0,0,1.55,0.7,0,0,0,0,19-DEC-2017,
OPTSTK,HINDZINC,22-Feb-2018,215,PE,0,0,0,0.1,0.05,0,0,0,0,19-DEC-2017,
OPTSTK,HINDZINC,22-Feb-2018,220,PE,0,0,0,0.2,0.05,0,0,0,0,19-DEC-2017,
OPTSTK,HINDZINC,22-Feb-2018,225,PE,0,0,0,0.25,0.05,0,0,0,0,19-DEC-2017,
OPTSTK,HINDZINC,22-Feb-2018,230,PE,0,0,0,0.4,0.1,0,0,0,0,19-DEC-2017,
OPTSTK,HINDZINC,22-Feb-2018,235,PE,0,0,0,0.6,0.15,0,0,0,0,19-DEC-2017,
OPTSTK,HINDZINC,22-Feb-2018,240,PE,0,0,0,0.85,0.25,0,0,0,0,19-DEC-2017,
OPTSTK,HINDZINC,22-Feb-2018,245,PE,0,0,0,1.2,0.4,0,0,0,0,19-DEC-2017,
OPTSTK,HINDZINC,22-Feb-2018,250,PE,0,0,0,1.6,0.65,0,0,0,0,19-DEC-2017,
OPTSTK,HINDZINC,22-Feb-2018,255,PE,0,0,0,2.2,0.95,0,0,0,0,19-DEC-2017,
OPTSTK,HINDZINC,22-Feb-2018,260,PE,0,0,0,2.9,1.35,0,0,0,0,19-DEC-2017,
OPTSTK,HINDZINC,22-Feb-2018,265,PE,0,0,0,3.75,1.9,0,0,0,0,19-DEC-2017,
OPTSTK,HINDZINC,22-Feb-2018,270,PE,0,0,0,4.75,2.6,0,0,0,0,19-DEC-2017,
OPTSTK,HINDZINC,22-Feb-2018,275,PE,0,0,0,6,3.55,0,0,0,0,19-DEC-2017,
OPTSTK,HINDZINC,22-Feb-2018,280,PE,0,0,0,7.4,4.65,0,0,0,0,19-DEC-2017,
OPTSTK,HINDZINC,22-Feb-2018,285,PE,0,0,0,9.05,6,0,0,0,0,19-DEC-2017,
OPTSTK,HINDZINC,22-Feb-2018,290,PE,0,0,0,10.9,7.6,0,0,0,0,19-DEC-2017,
OPTSTK,HINDZINC,22-Feb-2018,295,PE,0,0,0,13,9.5,0,0,0,0,19-DEC-2017,
OPTSTK,HINDZINC,22-Feb-2018,300,PE,0,0,0,15.3,11.65,0,0,0,0,19-DEC-2017,
OPTSTK,HINDZINC,22-Feb-2018,305,PE,0,0,0,17.85,14.1,0,0,0,0,19-DEC-2017,
OPTSTK,HINDZINC,22-Feb-2018,310,PE,0,0,0,20.6,16.8,0,0,0,0,19-DEC-2017,
OPTSTK,HINDZINC,22-Feb-2018,315,PE,0,0,0,23.6,19.75,0,0,0,0,19-DEC-2017,
OPTSTK,HINDZINC,22-Feb-2018,320,PE,0,0,0,26.8,23,0,0,0,0,19-DEC-2017,
OPTSTK,HINDZINC,22-Feb-2018,325,PE,0,0,0,30.2,26.45,0,0,0,0,19-DEC-2017,
OPTSTK,HINDZINC,22-Feb-2018,330,PE,0,0,0,33.75,30.15,0,0,0,0,19-DEC-2017,
OPTSTK,HINDZINC,22-Feb-2018,335,PE,0,0,0,37.5,34,0,0,0,0,19-DEC-2017,
OPTSTK,HINDZINC,22-Feb-2018,340,PE,0,0,0,41.35,38,0,0,0,0,19-DEC-2017,
OPTSTK,HINDZINC,22-Feb-2018,345,PE,0,0,0,45.4,42.2,0,0,0,0,19-DEC-2017,
OPTSTK,HINDZINC,22-Feb-2018,350,PE,0,0,0,49.55,46.55,0,0,0,0,19-DEC-2017,
OPTSTK,HINDZINC,22-Feb-2018,355,PE,0,0,0,53.8,51,0,0,0,0,19-DEC-2017,
OPTSTK,HINDZINC,22-Feb-2018,360,PE,0,0,0,58.15,55.5,0,0,0,0,19-DEC-2017,
OPTSTK,HINDZINC,22-Feb-2018,365,PE,0,0,0,62.6,60.15,0,0,0,0,19-DEC-2017,
OPTSTK,HINDZINC,22-Feb-2018,370,PE,0,0,0,67.1,64.8,0,0,0,0,19-DEC-2017,
OPTSTK,HINDZINC,22-Feb-2018,375,PE,0,0,0,71.7,69.55,0,0,0,0,19-DEC-2017,
OPTSTK,IBULHSGFIN,28-Dec-2017,820,CE,0,0,0,403.85,383.5,0,0,0,0,19-DEC-2017,
OPTSTK,IBULHSGFIN,28-Dec-2017,840,CE,0,0,0,384.55,363.55,0,0,0,0,19-DEC-2017,
OPTSTK,IBULHSGFIN,28-Dec-2017,860,CE,0,0,0,365.4,343.55,0,0,0,0,19-DEC-2017,
OPTSTK,IBULHSGFIN,28-Dec-2017,880,CE,0,0,0,346.4,323.6,0,0,0,0,19-DEC-2017,
OPTSTK,IBULHSGFIN,28-Dec-2017,900,CE,0,0,0,327.65,303.6,0,0,0,0,19-DEC-2017,
OPTSTK,IBULHSGFIN,28-Dec-2017,920,CE,0,0,0,309.15,283.65,0,0,0,0,19-DEC-2017,
OPTSTK,IBULHSGFIN,28-Dec-2017,940,CE,0,0,0,290.95,263.7,0,0,0,0,19-DEC-2017,
OPTSTK,IBULHSGFIN,28-Dec-2017,960,CE,0,0,0,273.1,243.7,0,0,0,0,19-DEC-2017,
OPTSTK,IBULHSGFIN,28-Dec-2017,980,CE,0,0,0,255.7,223.75,0,0,0,0,19-DEC-2017,
OPTSTK,IBULHSGFIN,28-Dec-2017,1000,CE,0,0,0,238.7,203.8,0,0,0,0,19-DEC-2017,
OPTSTK,IBULHSGFIN,28-Dec-2017,1020,CE,0,0,0,222.2,183.8,0,0,0,0,19-DEC-2017,
OPTSTK,IBULHSGFIN,28-Dec-2017,1040,CE,0,0,0,206.3,163.85,0,0,0,0,19-DEC-2017,
OPTSTK,IBULHSGFIN,28-Dec-2017,1060,CE,0,0,0,190.95,143.95,0,0,0,0,19-DEC-2017,
OPTSTK,IBULHSGFIN,28-Dec-2017,1080,CE,0,0,0,176.25,124.1,0,0,0,0,19-DEC-2017,
OPTSTK,IBULHSGFIN,28-Dec-2017,1100,CE,0,0,0,103.35,104.55,0,0,2800,0,19-DEC-2017,
OPTSTK,IBULHSGFIN,28-Dec-2017,1120,CE,80,80,80,80,80,1,4.8,1200,400,19-DEC-2017,
OPTSTK,IBULHSGFIN,28-Dec-2017,1140,CE,60.7,60.7,60.7,60.7,60.7,1,4.8,1600,0,19-DEC-2017,
OPTSTK,IBULHSGFIN,28-Dec-2017,1160,CE,45,49.9,43.55,49.9,49.9,11,53.1,10800,400,19-DEC-2017,
OPTSTK,IBULHSGFIN,28-Dec-2017,1180,CE,38.45,39,28.7,34.7,34.7,43,208.7,20400,-1600,19-DEC-2017,
OPTSTK,IBULHSGFIN,28-Dec-2017,1200,CE,21.25,25.85,17.4,22.65,22.65,257,1256.28,97200,-2800,19-DEC-2017,
OPTSTK,IBULHSGFIN,28-Dec-2017,1220,CE,12.1,16.5,10.45,13.85,13.85,389,1919.61,116000,16800,19-DEC-2017,
OPTSTK,IBULHSGFIN,28-Dec-2017,1240,CE,7.65,10,5.55,8.55,8.55,331,1652.25,106000,7200,19-DEC-2017,
OPTSTK,IBULHSGFIN,28-Dec-2017,1260,CE,4.3,6.25,3.1,4.9,4.9,149,753.57,127600,3600,19-DEC-2017,
OPTSTK,IBULHSGFIN,28-Dec-2017,1280,CE,2.6,3,1.3,2.7,2.7,85,436.08,34000,400,19-DEC-2017,
OPTSTK,IBULHSGFIN,28-Dec-2017,1300,CE,2,2.3,0.75,1.8,1.8,98,510.41,116400,2000,19-DEC-2017,
OPTSTK,IBULHSGFIN,28-Dec-2017,1320,CE,0,0,0,1.95,0.65,0,0,7600,0,19-DEC-2017,
OPTSTK,IBULHSGFIN,28-Dec-2017,1340,CE,0,0,0,2.05,0.3,0,0,4800,0,19-DEC-2017,
OPTSTK,IBULHSGFIN,28-Dec-2017,1360,CE,0,0,0,1.35,0.1,0,0,3200,0,19-DEC-2017,
OPTSTK,IBULHSGFIN,28-Dec-2017,1380,CE,0,0,0,2.2,0.05,0,0,4800,0,19-DEC-2017,
OPTSTK,IBULHSGFIN,28-Dec-2017,1400,CE,0,0,0,1.05,0.05,0,0,15200,0,19-DEC-2017,
OPTSTK,IBULHSGFIN,28-Dec-2017,1420,CE,0,0,0,1.35,0,0,0,400,0,19-DEC-2017,
OPTSTK,IBULHSGFIN,28-Dec-2017,1440,CE,0,0,0,1.1,0,0,0,400,0,19-DEC-2017,
OPTSTK,IBULHSGFIN,28-Dec-2017,1460,CE,0,0,0,22.45,0,0,0,0,0,19-DEC-2017,
OPTSTK,IBULHSGFIN,28-Dec-2017,1480,CE,0,0,0,19.65,0,0,0,0,0,19-DEC-2017,
OPTSTK,IBULHSGFIN,28-Dec-2017,1500,CE,0,0,0,17.15,0,0,0,0,0,19-DEC-2017,
OPTSTK,IBULHSGFIN,28-Dec-2017,1520,CE,0,0,0,14.95,0,0,0,0,0,19-DEC-2017,
OPTSTK,IBULHSGFIN,28-Dec-2017,1540,CE,0,0,0,13,0,0,0,0,0,19-DEC-2017,
OPTSTK,IBULHSGFIN,28-Dec-2017,1560,CE,0,0,0,11.3,0,0,0,0,0,19-DEC-2017,
OPTSTK,IBULHSGFIN,28-Dec-2017,820,PE,0,0,0,0.85,0,0,0,0,0,19-DEC-2017,
OPTSTK,IBULHSGFIN,28-Dec-2017,840,PE,0,0,0,1.25,0,0,0,0,0,19-DEC-2017,
OPTSTK,IBULHSGFIN,28-Dec-2017,860,PE,0,0,0,1.8,0,0,0,0,0,19-DEC-2017,
OPTSTK,IBULHSGFIN,28-Dec-2017,880,PE,0,0,0,2.5,0,0,0,0,0,19-DEC-2017,
OPTSTK,IBULHSGFIN,28-Dec-2017,900,PE,0,0,0,3.45,0,0,0,0,0,19-DEC-2017,
OPTSTK,IBULHSGFIN,28-Dec-2017,920,PE,0,0,0,4.65,0,0,0,0,0,19-DEC-2017,
OPTSTK,IBULHSGFIN,28-Dec-2017,940,PE,0,0,0,6.1,0,0,0,0,0,19-DEC-2017,
OPTSTK,IBULHSGFIN,28-Dec-2017,960,PE,0,0,0,7.95,0,0,0,0,0,19-DEC-2017,
OPTSTK,IBULHSGFIN,28-Dec-2017,980,PE,0,0,0,10.25,0,0,0,0,0,19-DEC-2017,
OPTSTK,IBULHSGFIN,28-Dec-2017,1000,PE,0,0,0,12.95,0,0,0,0,0,19-DEC-2017,
OPTSTK,IBULHSGFIN,28-Dec-2017,1020,PE,0.2,0.2,0.2,0.2,0.2,4,16.32,3600,-800,19-DEC-2017,
OPTSTK,IBULHSGFIN,28-Dec-2017,1040,PE,0,0,0,19.9,0.05,0,0,0,0,19-DEC-2017,
OPTSTK,IBULHSGFIN,28-Dec-2017,1060,PE,0,0,0,2.5,0.1,0,0,6400,0,19-DEC-2017,
OPTSTK,IBULHSGFIN,28-Dec-2017,1080,PE,0,0,0,2,0.25,0,0,10000,0,19-DEC-2017,
OPTSTK,IBULHSGFIN,28-Dec-2017,1100,PE,1.75,1.75,1.05,1.05,1.05,5,22.03,38000,-800,19-DEC-2017,
OPTSTK,IBULHSGFIN,28-Dec-2017,1120,PE,2.9,2.9,2.05,2.1,2.1,31,139.2,34000,-2800,19-DEC-2017,
OPTSTK,IBULHSGFIN,28-Dec-2017,1140,PE,4.2,4.5,3.1,3.45,3.45,46,210.43,24400,2000,19-DEC-2017,
OPTSTK,IBULHSGFIN,28-Dec-2017,1160,PE,7.2,8.55,4.65,5.65,5.65,79,368.56,96800,1200,19-DEC-2017,
OPTSTK,IBULHSGFIN,28-Dec-2017,1180,PE,13,13.9,8.7,9.85,9.85,162,772.04,48400,2400,19-DEC-2017,
OPTSTK,IBULHSGFIN,28-Dec-2017,1200,PE,20.3,22.85,14,16.7,16.7,59,287.58,36000,800,19-DEC-2017,
OPTSTK,IBULHSGFIN,28-Dec-2017,1220,PE,29.4,34.1,27.65,27.65,27.65,14,70.06,14400,1600,19-DEC-2017,
OPTSTK,IBULHSGFIN,28-Dec-2017,1240,PE,44.75,49.05,43.9,49.05,49.05,17,87.47,6800,800,19-DEC-2017,
OPTSTK,IBULHSGFIN,28-Dec-2017,1260,PE,60.45,62,60.2,60.2,60.2,4,21.13,4000,800,19-DEC-2017,
OPTSTK,IBULHSGFIN,28-Dec-2017,1280,PE,76.45,81.85,72.8,72.8,72.8,6,32.62,4400,1600,19-DEC-2017,
OPTSTK,IBULHSGFIN,28-Dec-2017,1300,PE,101.15,101.15,101.15,101.15,101.15,2,11.2,8000,800,19-DEC-2017,
OPTSTK,IBULHSGFIN,28-Dec-2017,1320,PE,0,0,0,142.85,116.4,0,0,0,0,19-DEC-2017,
OPTSTK,IBULHSGFIN,28-Dec-2017,1340,PE,0,0,0,148.35,136,0,0,2000,0,19-DEC-2017,
OPTSTK,IBULHSGFIN,28-Dec-2017,1360,PE,0,0,0,170.9,155.8,0,0,0,0,19-DEC-2017,
OPTSTK,IBULHSGFIN,28-Dec-2017,1380,PE,0,0,0,185.8,175.7,0,0,0,0,19-DEC-2017,
OPTSTK,IBULHSGFIN,28-Dec-2017,1400,PE,0,0,0,180,195.65,0,0,4000,0,19-DEC-2017,
OPTSTK,IBULHSGFIN,28-Dec-2017,1420,PE,0,0,0,216.85,215.6,0,0,0,0,19-DEC-2017,
OPTSTK,IBULHSGFIN,28-Dec-2017,1440,PE,0,0,0,233,235.6,0,0,0,0,19-DEC-2017,
OPTSTK,IBULHSGFIN,28-Dec-2017,1460,PE,0,0,0,249.55,255.55,0,0,0,0,19-DEC-2017,
OPTSTK,IBULHSGFIN,28-Dec-2017,1480,PE,0,0,0,266.45,275.5,0,0,0,0,19-DEC-2017,
OPTSTK,IBULHSGFIN,28-Dec-2017,1500,PE,0,0,0,283.65,295.5,0,0,0,0,19-DEC-2017,
OPTSTK,IBULHSGFIN,28-Dec-2017,1520,PE,0,0,0,301.1,315.45,0,0,0,0,19-DEC-2017,
OPTSTK,IBULHSGFIN,28-Dec-2017,1540,PE,0,0,0,318.85,335.45,0,0,0,0,19-DEC-2017,
OPTSTK,IBULHSGFIN,28-Dec-2017,1560,PE,0,0,0,336.8,355.4,0,0,0,0,19-DEC-2017,
OPTSTK,IBULHSGFIN,25-Jan-2018,840,CE,0,0,0,422.5,367.7,0,0,0,0,19-DEC-2017,
OPTSTK,IBULHSGFIN,25-Jan-2018,860,CE,0,0,0,403.25,347.8,0,0,0,0,19-DEC-2017,
OPTSTK,IBULHSGFIN,25-Jan-2018,880,CE,0,0,0,384.15,327.95,0,0,0,0,19-DEC-2017,
OPTSTK,IBULHSGFIN,25-Jan-2018,900,CE,0,0,0,365.25,308.1,0,0,0,0,19-DEC-2017,
OPTSTK,IBULHSGFIN,25-Jan-2018,920,CE,0,0,0,346.55,288.25,0,0,0,0,19-DEC-2017,
OPTSTK,IBULHSGFIN,25-Jan-2018,940,CE,0,0,0,328.1,268.5,0,0,0,0,19-DEC-2017,
OPTSTK,IBULHSGFIN,25-Jan-2018,960,CE,0,0,0,309.95,248.75,0,0,0,0,19-DEC-2017,
OPTSTK,IBULHSGFIN,25-Jan-2018,980,CE,0,0,0,292.15,229.15,0,0,0,0,19-DEC-2017,
OPTSTK,IBULHSGFIN,25-Jan-2018,1000,CE,0,0,0,274.7,209.7,0,0,0,0,19-DEC-2017,
OPTSTK,IBULHSGFIN,25-Jan-2018,1020,CE,0,0,0,257.7,190.5,0,0,0,0,19-DEC-2017,
OPTSTK,IBULHSGFIN,25-Jan-2018,1040,CE,0,0,0,241.15,171.7,0,0,0,0,19-DEC-2017,
OPTSTK,IBULHSGFIN,25-Jan-2018,1060,CE,0,0,0,225.1,153.35,0,0,0,0,19-DEC-2017,
OPTSTK,IBULHSGFIN,25-Jan-2018,1080,CE,130.35,130.35,130.35,130.35,130.35,4,19.36,1600,1600,19-DEC-2017,
OPTSTK,IBULHSGFIN,25-Jan-2018,1100,CE,0,0,0,194.75,118.85,0,0,0,0,19-DEC-2017,
OPTSTK,IBULHSGFIN,25-Jan-2018,1120,CE,97.3,97.3,97.3,97.3,97.3,2,9.73,800,800,19-DEC-2017,
OPTSTK,IBULHSGFIN,25-Jan-2018,1140,CE,0,0,0,166.65,88.15,0,0,0,0,19-DEC-2017,
OPTSTK,IBULHSGFIN,25-Jan-2018,1160,CE,0,0,0,153.6,74.5,0,0,0,0,19-DEC-2017,
OPTSTK,IBULHSGFIN,25-Jan-2018,1180,CE,57.5,57.5,57.5,57.5,57.5,4,19.8,1600,1600,19-DEC-2017,
OPTSTK,IBULHSGFIN,25-Jan-2018,1200,CE,46.75,46.75,46.75,46.75,46.75,2,9.97,2000,800,19-DEC-2017,
OPTSTK,IBULHSGFIN,25-Jan-2018,1220,CE,36.5,40,36.5,40,40,4,20.13,2400,1600,19-DEC-2017,
OPTSTK,IBULHSGFIN,25-Jan-2018,1240,CE,31,31,30.95,30.95,30.95,7,35.58,2800,2800,19-DEC-2017,
OPTSTK,IBULHSGFIN,25-Jan-2018,1260,CE,0,0,0,98.45,26.55,0,0,0,0,19-DEC-2017,
OPTSTK,IBULHSGFIN,25-Jan-2018,1280,CE,22,22,19.85,19.85,19.85,2,10.4,800,800,19-DEC-2017,
OPTSTK,IBULHSGFIN,25-Jan-2018,1300,CE,0,0,0,18,16,0,0,400,0,19-DEC-2017,
OPTSTK,IBULHSGFIN,25-Jan-2018,1320,CE,0,0,0,73.25,12.2,0,0,0,0,19-DEC-2017,
OPTSTK,IBULHSGFIN,25-Jan-2018,1340,CE,0,0,0,66.05,9.15,0,0,0,0,19-DEC-2017,
OPTSTK,IBULHSGFIN,25-Jan-2018,1360,CE,0,0,0,59.45,6.8,0,0,0,0,19-DEC-2017,
OPTSTK,IBULHSGFIN,25-Jan-2018,1380,CE,0,0,0,53.4,5,0,0,0,0,19-DEC-2017,
OPTSTK,IBULHSGFIN,25-Jan-2018,1400,CE,0,0,0,47.85,3.6,0,0,0,0,19-DEC-2017,
OPTSTK,IBULHSGFIN,25-Jan-2018,1420,CE,0,0,0,42.8,2.6,0,0,0,0,19-DEC-2017,
OPTSTK,IBULHSGFIN,25-Jan-2018,1440,CE,0,0,0,38.25,1.85,0,0,0,0,19-DEC-2017,
OPTSTK,IBULHSGFIN,25-Jan-2018,1460,CE,0,0,0,34.05,1.3,0,0,0,0,19-DEC-2017,
OPTSTK,IBULHSGFIN,25-Jan-2018,1480,CE,0,0,0,30.25,0.9,0,0,0,0,19-DEC-2017,
OPTSTK,IBULHSGFIN,25-Jan-2018,1500,CE,0,0,0,26.85,0.6,0,0,0,0,19-DEC-2017,
OPTSTK,IBULHSGFIN,25-Jan-2018,1520,CE,0,0,0,23.8,0.4,0,0,0,0,19-DEC-2017,
OPTSTK,IBULHSGFIN,25-Jan-2018,1540,CE,0,0,0,21,0.3,0,0,0,0,19-DEC-2017,
OPTSTK,IBULHSGFIN,25-Jan-2018,1560,CE,0,0,0,18.55,0.2,0,0,0,0,19-DEC-2017,
OPTSTK,IBULHSGFIN,25-Jan-2018,840,PE,0,0,0,1.05,0,0,0,0,0,19-DEC-2017,
OPTSTK,IBULHSGFIN,25-Jan-2018,860,PE,0,0,0,1.5,0,0,0,0,0,19-DEC-2017,
OPTSTK,IBULHSGFIN,25-Jan-2018,880,PE,0,0,0,2.1,0.05,0,0,0,0,19-DEC-2017,
OPTSTK,IBULHSGFIN,25-Jan-2018,900,PE,0,0,0,2.9,0.05,0,0,0,0,19-DEC-2017,
OPTSTK,IBULHSGFIN,25-Jan-2018,920,PE,0,0,0,3.85,0.1,0,0,0,0,19-DEC-2017,
OPTSTK,IBULHSGFIN,25-Jan-2018,940,PE,0,0,0,5.1,0.15,0,0,0,0,19-DEC-2017,
OPTSTK,IBULHSGFIN,25-Jan-2018,960,PE,0,0,0,6.65,0.3,0,0,0,0,19-DEC-2017,
OPTSTK,IBULHSGFIN,25-Jan-2018,980,PE,0,0,0,8.5,0.55,0,0,0,0,19-DEC-2017,
OPTSTK,IBULHSGFIN,25-Jan-2018,1000,PE,0,0,0,10.75,1,0,0,0,0,19-DEC-2017,
OPTSTK,IBULHSGFIN,25-Jan-2018,1020,PE,0,0,0,13.45,1.65,0,0,0,0,19-DEC-2017,
OPTSTK,IBULHSGFIN,25-Jan-2018,1040,PE,0,0,0,16.6,2.7,0,0,0,0,19-DEC-2017,
OPTSTK,IBULHSGFIN,25-Jan-2018,1060,PE,0,0,0,20.25,4.3,0,0,0,0,19-DEC-2017,
OPTSTK,IBULHSGFIN,25-Jan-2018,1080,PE,0,0,0,24.4,6.5,0,0,0,0,19-DEC-2017,
OPTSTK,IBULHSGFIN,25-Jan-2018,1100,PE,0,0,0,29.25,9.5,0,0,0,0,19-DEC-2017,
OPTSTK,IBULHSGFIN,25-Jan-2018,1120,PE,0,0,0,34.6,13.45,0,0,0,0,19-DEC-2017,
OPTSTK,IBULHSGFIN,25-Jan-2018,1140,PE,0,0,0,40.5,18.5,0,0,0,0,19-DEC-2017,
OPTSTK,IBULHSGFIN,25-Jan-2018,1160,PE,0,0,0,47.15,24.75,0,0,0,0,19-DEC-2017,
OPTSTK,IBULHSGFIN,25-Jan-2018,1180,PE,33.1,33.1,33.1,33.1,33.1,2,9.7,800,800,19-DEC-2017,
OPTSTK,IBULHSGFIN,25-Jan-2018,1200,PE,42.55,42.55,38,38,38,7,34.7,4400,2800,19-DEC-2017,
OPTSTK,IBULHSGFIN,25-Jan-2018,1220,PE,51.9,51.9,51.9,51.9,51.9,2,10.17,800,800,19-DEC-2017,
OPTSTK,IBULHSGFIN,25-Jan-2018,1240,PE,63.8,63.8,63.8,63.8,63.8,2,10.43,800,800,19-DEC-2017,
OPTSTK,IBULHSGFIN,25-Jan-2018,1260,PE,0,0,0,90.45,76.15,0,0,0,0,19-DEC-2017,
OPTSTK,IBULHSGFIN,25-Jan-2018,1280,PE,90.05,90.05,90.05,90.05,90.05,2,10.96,800,800,19-DEC-2017,
OPTSTK,IBULHSGFIN,25-Jan-2018,1300,PE,105.3,105.3,105.3,105.3,105.3,2,11.24,800,800,19-DEC-2017,
OPTSTK,IBULHSGFIN,25-Jan-2018,1320,PE,121.75,121.75,121.75,121.75,121.75,2,11.53,800,800,19-DEC-2017,
OPTSTK,IBULHSGFIN,25-Jan-2018,1340,PE,0,0,0,136.8,138.25,0,0,0,0,19-DEC-2017,
OPTSTK,IBULHSGFIN,25-Jan-2018,1360,PE,0,0,0,149.85,155.75,0,0,0,0,19-DEC-2017,
OPTSTK,IBULHSGFIN,25-Jan-2018,1380,PE,0,0,0,163.5,173.8,0,0,0,0,19-DEC-2017,
OPTSTK,IBULHSGFIN,25-Jan-2018,1400,PE,0,0,0,177.6,192.3,0,0,0,0,19-DEC-2017,
OPTSTK,IBULHSGFIN,25-Jan-2018,1420,PE,0,0,0,192.3,211.15,0,0,0,0,19-DEC-2017,
OPTSTK,IBULHSGFIN,25-Jan-2018,1440,PE,0,0,0,207.4,230.25,0,0,0,0,19-DEC-2017,
OPTSTK,IBULHSGFIN,25-Jan-2018,1460,PE,0,0,0,222.95,249.6,0,0,0,0,19-DEC-2017,
OPTSTK,IBULHSGFIN,25-Jan-2018,1480,PE,0,0,0,238.8,269.05,0,0,0,0,19-DEC-2017,
OPTSTK,IBULHSGFIN,25-Jan-2018,1500,PE,0,0,0,255.05,288.65,0,0,0,0,19-DEC-2017,
OPTSTK,IBULHSGFIN,25-Jan-2018,1520,PE,0,0,0,271.7,308.35,0,0,0,0,19-DEC-2017,
OPTSTK,IBULHSGFIN,25-Jan-2018,1540,PE,0,0,0,288.6,328.05,0,0,0,0,19-DEC-2017,
OPTSTK,IBULHSGFIN,25-Jan-2018,1560,PE,0,0,0,305.85,347.85,0,0,0,0,19-DEC-2017,
OPTSTK,IBULHSGFIN,22-Feb-2018,840,CE,0,0,0,378.25,371.85,0,0,0,0,19-DEC-2017,
OPTSTK,IBULHSGFIN,22-Feb-2018,860,CE,0,0,0,358.7,352.15,0,0,0,0,19-DEC-2017,
OPTSTK,IBULHSGFIN,22-Feb-2018,880,CE,0,0,0,339.15,332.5,0,0,0,0,19-DEC-2017,
OPTSTK,IBULHSGFIN,22-Feb-2018,900,CE,0,0,0,319.7,312.9,0,0,0,0,19-DEC-2017,
OPTSTK,IBULHSGFIN,22-Feb-2018,920,CE,0,0,0,300.4,293.4,0,0,0,0,19-DEC-2017,
OPTSTK,IBULHSGFIN,22-Feb-2018,940,CE,0,0,0,281.3,274.05,0,0,0,0,19-DEC-2017,
OPTSTK,IBULHSGFIN,22-Feb-2018,960,CE,0,0,0,262.4,254.9,0,0,0,0,19-DEC-2017,
OPTSTK,IBULHSGFIN,22-Feb-2018,980,CE,0,0,0,243.85,236,0,0,0,0,19-DEC-2017,
OPTSTK,IBULHSGFIN,22-Feb-2018,1000,CE,0,0,0,225.6,217.45,0,0,0,0,19-DEC-2017,
OPTSTK,IBULHSGFIN,22-Feb-2018,1020,CE,0,0,0,207.8,199.35,0,0,0,0,19-DEC-2017,
OPTSTK,IBULHSGFIN,22-Feb-2018,1040,CE,0,0,0,190.55,181.75,0,0,0,0,19-DEC-2017,
OPTSTK,IBULHSGFIN,22-Feb-2018,1060,CE,0,0,0,173.9,164.7,0,0,0,0,19-DEC-2017,
OPTSTK,IBULHSGFIN,22-Feb-2018,1080,CE,0,0,0,157.9,148.4,0,0,0,0,19-DEC-2017,
OPTSTK,IBULHSGFIN,22-Feb-2018,1100,CE,0,0,0,142.6,132.9,0,0,0,0,19-DEC-2017,
OPTSTK,IBULHSGFIN,22-Feb-2018,1120,CE,0,0,0,128.15,118.25,0,0,0,0,19-DEC-2017,
OPTSTK,IBULHSGFIN,22-Feb-2018,1140,CE,0,0,0,114.5,104.45,0,0,0,0,19-DEC-2017,
OPTSTK,IBULHSGFIN,22-Feb-2018,1160,CE,0,0,0,101.8,91.7,0,0,0,0,19-DEC-2017,
OPTSTK,IBULHSGFIN,22-Feb-2018,1180,CE,0,0,0,90,79.95,0,0,0,0,19-DEC-2017,
OPTSTK,IBULHSGFIN,22-Feb-2018,1200,CE,0,0,0,79.15,69.25,0,0,0,0,19-DEC-2017,
OPTSTK,IBULHSGFIN,22-Feb-2018,1220,CE,0,0,0,69.2,59.55,0,0,0,0,19-DEC-2017,
OPTSTK,IBULHSGFIN,22-Feb-2018,1240,CE,0,0,0,60.2,50.85,0,0,0,0,19-DEC-2017,
OPTSTK,IBULHSGFIN,22-Feb-2018,1260,CE,0,0,0,52.05,43.15,0,0,0,0,19-DEC-2017,
OPTSTK,IBULHSGFIN,22-Feb-2018,1280,CE,0,0,0,44.8,36.35,0,0,0,0,19-DEC-2017,
OPTSTK,IBULHSGFIN,22-Feb-2018,1300,CE,0,0,0,38.3,30.4,0,0,0,0,19-DEC-2017,
OPTSTK,IBULHSGFIN,22-Feb-2018,1320,CE,0,0,0,32.6,25.35,0,0,0,0,19-DEC-2017,
OPTSTK,IBULHSGFIN,22-Feb-2018,1340,CE,0,0,0,27.7,20.9,0,0,0,0,19-DEC-2017,
OPTSTK,IBULHSGFIN,22-Feb-2018,1360,CE,0,0,0,23.3,17.15,0,0,0,0,19-DEC-2017,
OPTSTK,IBULHSGFIN,22-Feb-2018,1380,CE,0,0,0,19.55,14,0,0,0,0,19-DEC-2017,
OPTSTK,IBULHSGFIN,22-Feb-2018,1400,CE,0,0,0,16.3,11.35,0,0,0,0,19-DEC-2017,
OPTSTK,IBULHSGFIN,22-Feb-2018,1420,CE,0,0,0,13.55,9.15,0,0,0,0,19-DEC-2017,
OPTSTK,IBULHSGFIN,22-Feb-2018,1440,CE,0,0,0,11.2,7.35,0,0,0,0,19-DEC-2017,
OPTSTK,IBULHSGFIN,22-Feb-2018,1460,CE,0,0,0,9.2,5.85,0,0,0,0,19-DEC-2017,
OPTSTK,IBULHSGFIN,22-Feb-2018,1480,CE,0,0,0,7.55,4.65,0,0,0,0,19-DEC-2017,
OPTSTK,IBULHSGFIN,22-Feb-2018,1500,CE,0,0,0,6.15,3.65,0,0,0,0,19-DEC-2017,
OPTSTK,IBULHSGFIN,22-Feb-2018,1520,CE,0,0,0,5,2.85,0,0,0,0,19-DEC-2017,
OPTSTK,IBULHSGFIN,22-Feb-2018,1540,CE,0,0,0,4.05,2.25,0,0,0,0,19-DEC-2017,
OPTSTK,IBULHSGFIN,22-Feb-2018,1560,CE,0,0,0,3.25,1.75,0,0,0,0,19-DEC-2017,
OPTSTK,IBULHSGFIN,22-Feb-2018,840,PE,0,0,0,0.2,0.1,0,0,0,0,19-DEC-2017,
OPTSTK,IBULHSGFIN,22-Feb-2018,860,PE,0,0,0,0.3,0.15,0,0,0,0,19-DEC-2017,
OPTSTK,IBULHSGFIN,22-Feb-2018,880,PE,0,0,0,0.45,0.25,0,0,0,0,19-DEC-2017,
OPTSTK,IBULHSGFIN,22-Feb-2018,900,PE,0,0,0,0.75,0.45,0,0,0,0,19-DEC-2017,
OPTSTK,IBULHSGFIN,22-Feb-2018,920,PE,0,0,0,1.15,0.7,0,0,0,0,19-DEC-2017,
OPTSTK,IBULHSGFIN,22-Feb-2018,940,PE,0,0,0,1.75,1.15,0,0,0,0,19-DEC-2017,
OPTSTK,IBULHSGFIN,22-Feb-2018,960,PE,0,0,0,2.6,1.75,0,0,0,0,19-DEC-2017,
OPTSTK,IBULHSGFIN,22-Feb-2018,980,PE,0,0,0,3.7,2.65,0,0,0,0,19-DEC-2017,
OPTSTK,IBULHSGFIN,22-Feb-2018,1000,PE,0,0,0,5.2,3.85,0,0,0,0,19-DEC-2017,
OPTSTK,IBULHSGFIN,22-Feb-2018,1020,PE,0,0,0,7.1,5.5,0,0,0,0,19-DEC-2017,
OPTSTK,IBULHSGFIN,22-Feb-2018,1040,PE,0,0,0,9.55,7.65,0,0,0,0,19-DEC-2017,
OPTSTK,IBULHSGFIN,22-Feb-2018,1060,PE,0,0,0,12.6,10.45,0,0,0,0,19-DEC-2017,
OPTSTK,IBULHSGFIN,22-Feb-2018,1080,PE,0,0,0,16.3,13.9,0,0,0,0,19-DEC-2017,
OPTSTK,IBULHSGFIN,22-Feb-2018,1100,PE,0,0,0,20.75,18.15,0,0,0,0,19-DEC-2017,
OPTSTK,IBULHSGFIN,22-Feb-2018,1120,PE,0,0,0,26,23.25,0,0,0,0,19-DEC-2017,
OPTSTK,IBULHSGFIN,22-Feb-2018,1140,PE,0,0,0,32.05,29.25,0,0,0,0,19-DEC-2017,
OPTSTK,IBULHSGFIN,22-Feb-2018,1160,PE,0,0,0,39.05,36.25,0,0,0,0,19-DEC-2017,
OPTSTK,IBULHSGFIN,22-Feb-2018,1180,PE,0,0,0,46.95,44.3,0,0,0,0,19-DEC-2017,
OPTSTK,IBULHSGFIN,22-Feb-2018,1200,PE,0,0,0,55.8,53.35,0,0,0,0,19-DEC-2017,
OPTSTK,IBULHSGFIN,22-Feb-2018,1220,PE,0,0,0,65.55,63.45,0,0,0,0,19-DEC-2017,
OPTSTK,IBULHSGFIN,22-Feb-2018,1240,PE,0,0,0,76.25,74.5,0,0,0,0,19-DEC-2017,
OPTSTK,IBULHSGFIN,22-Feb-2018,1260,PE,0,0,0,87.85,86.55,0,0,0,0,19-DEC-2017,
OPTSTK,IBULHSGFIN,22-Feb-2018,1280,PE,0,0,0,100.25,99.55,0,0,0,0,19-DEC-2017,
OPTSTK,IBULHSGFIN,22-Feb-2018,1300,PE,0,0,0,113.5,113.4,0,0,0,0,19-DEC-2017,
OPTSTK,IBULHSGFIN,22-Feb-2018,1320,PE,0,0,0,127.55,128.1,0,0,0,0,19-DEC-2017,
OPTSTK,IBULHSGFIN,22-Feb-2018,1340,PE,0,0,0,142.3,143.45,0,0,0,0,19-DEC-2017,
OPTSTK,IBULHSGFIN,22-Feb-2018,1360,PE,0,0,0,157.65,159.45,0,0,0,0,19-DEC-2017,
OPTSTK,IBULHSGFIN,22-Feb-2018,1380,PE,0,0,0,173.6,176.05,0,0,0,0,19-DEC-2017,
OPTSTK,IBULHSGFIN,22-Feb-2018,1400,PE,0,0,0,190.05,193.2,0,0,0,0,19-DEC-2017,
OPTSTK,IBULHSGFIN,22-Feb-2018,1420,PE,0,0,0,207,210.75,0,0,0,0,19-DEC-2017,
OPTSTK,IBULHSGFIN,22-Feb-2018,1440,PE,0,0,0,224.35,228.7,0,0,0,0,19-DEC-2017,
OPTSTK,IBULHSGFIN,22-Feb-2018,1460,PE,0,0,0,242.1,247,0,0,0,0,19-DEC-2017,
OPTSTK,IBULHSGFIN,22-Feb-2018,1480,PE,0,0,0,260.15,265.55,0,0,0,0,19-DEC-2017,
OPTSTK,IBULHSGFIN,22-Feb-2018,1500,PE,0,0,0,278.45,284.35,0,0,0,0,19-DEC-2017,
OPTSTK,IBULHSGFIN,22-Feb-2018,1520,PE,0,0,0,297,303.35,0,0,0,0,19-DEC-2017,
OPTSTK,IBULHSGFIN,22-Feb-2018,1540,PE,0,0,0,315.75,322.45,0,0,0,0,19-DEC-2017,
OPTSTK,IBULHSGFIN,22-Feb-2018,1560,PE,0,0,0,334.7,341.75,0,0,0,0,19-DEC-2017,
OPTSTK,ICICIBANK,28-Dec-2017,205,CE,0,0,0,74.2,109.05,0,0,0,0,19-DEC-2017,
OPTSTK,ICICIBANK,28-Dec-2017,210,CE,0,0,0,69.3,104.05,0,0,0,0,19-DEC-2017,
OPTSTK,ICICIBANK,28-Dec-2017,215,CE,0,0,0,64.4,99.05,0,0,0,0,19-DEC-2017,
OPTSTK,ICICIBANK,28-Dec-2017,220,CE,0,0,0,59.6,94.05,0,0,0,0,19-DEC-2017,
OPTSTK,ICICIBANK,28-Dec-2017,225,CE,0,0,0,54.8,89.05,0,0,0,0,19-DEC-2017,
OPTSTK,ICICIBANK,28-Dec-2017,230,CE,0,0,0,50.05,84.1,0,0,0,0,19-DEC-2017,
OPTSTK,ICICIBANK,28-Dec-2017,235,CE,0,0,0,45.45,79.1,0,0,0,0,19-DEC-2017,
OPTSTK,ICICIBANK,28-Dec-2017,240,CE,0,0,0,40.9,74.1,0,0,0,0,19-DEC-2017,
OPTSTK,ICICIBANK,28-Dec-2017,245,CE,0,0,0,36.55,69.1,0,0,0,0,19-DEC-2017,
OPTSTK,ICICIBANK,28-Dec-2017,250,CE,0,0,0,32.4,64.1,0,0,0,0,19-DEC-2017,
OPTSTK,ICICIBANK,28-Dec-2017,255,CE,0,0,0,28.45,59.1,0,0,0,0,19-DEC-2017,
OPTSTK,ICICIBANK,28-Dec-2017,260,CE,0,0,0,24.75,54.1,0,0,0,0,19-DEC-2017,
OPTSTK,ICICIBANK,28-Dec-2017,265,CE,0,0,0,21.35,49.15,0,0,0,0,19-DEC-2017,
OPTSTK,ICICIBANK,28-Dec-2017,270,CE,43.5,43.5,43.5,43.5,43.5,4,34.48,85250,0,19-DEC-2017,
OPTSTK,ICICIBANK,28-Dec-2017,275,CE,0,0,0,38.55,39.15,0,0,5500,0,19-DEC-2017,
OPTSTK,ICICIBANK,28-Dec-2017,280,CE,0,0,0,31.9,34.2,0,0,112750,0,19-DEC-2017,
OPTSTK,ICICIBANK,28-Dec-2017,285,CE,0,0,0,10.65,29.3,0,0,0,0,19-DEC-2017,
OPTSTK,ICICIBANK,28-Dec-2017,290,CE,22.5,24.6,22.2,24.6,24.6,4,34.42,140250,-2750,19-DEC-2017,
OPTSTK,ICICIBANK,28-Dec-2017,295,CE,17.85,20.95,17.85,20.95,20.95,5,43.27,38500,0,19-DEC-2017,
OPTSTK,ICICIBANK,28-Dec-2017,300,CE,14.1,16.25,13.4,15.25,15.25,137,1185.75,2136750,-88000,19-DEC-2017,
OPTSTK,ICICIBANK,28-Dec-2017,305,CE,9.1,12,9.1,10.95,10.95,728,6326.2,1111000,349250,19-DEC-2017,
OPTSTK,ICICIBANK,28-Dec-2017,310,CE,5.6,8.3,5.4,7.25,7.25,1730,15092.64,1724250,-665500,19-DEC-2017,
OPTSTK,ICICIBANK,28-Dec-2017,315,CE,3.25,5.3,3.15,4.5,4.5,1341,11780.25,1193500,2750,19-DEC-2017,
OPTSTK,ICICIBANK,28-Dec-2017,320,CE,2.1,3.2,2,2.55,2.55,1329,11792.95,2057000,-198000,19-DEC-2017,
OPTSTK,ICICIBANK,28-Dec-2017,325,CE,1.3,1.85,1.3,1.45,1.45,422,3789.57,968000,-140250,19-DEC-2017,
OPTSTK,ICICIBANK,28-Dec-2017,330,CE,0.85,1.1,0.7,0.8,0.8,637,5795.74,1919500,2750,19-DEC-2017,
OPTSTK,ICICIBANK,28-Dec-2017,335,CE,0.5,0.65,0.45,0.5,0.5,189,1743.97,860750,-49500,19-DEC-2017,
OPTSTK,ICICIBANK,28-Dec-2017,340,CE,0.4,0.45,0.3,0.3,0.3,114,1067.02,882750,19250,19-DEC-2017,
OPTSTK,ICICIBANK,28-Dec-2017,345,CE,0.3,0.3,0.25,0.25,0.25,13,123.43,357500,-5500,19-DEC-2017,
OPTSTK,ICICIBANK,28-Dec-2017,350,CE,0.25,0.25,0.2,0.2,0.2,55,529.71,1251250,-30250,19-DEC-2017,
OPTSTK,ICICIBANK,28-Dec-2017,355,CE,0.2,0.2,0.2,0.2,0.2,3,29.3,313500,0,19-DEC-2017,
OPTSTK,ICICIBANK,28-Dec-2017,360,CE,0.2,0.2,0.15,0.15,0.15,4,39.62,321750,-2750,19-DEC-2017,
OPTSTK,ICICIBANK,28-Dec-2017,365,CE,0.15,0.15,0.15,0.15,0.15,1,10.04,38500,0,19-DEC-2017,
OPTSTK,ICICIBANK,28-Dec-2017,370,CE,0.1,0.1,0.1,0.1,0.1,1,10.17,99000,0,19-DEC-2017,
OPTSTK,ICICIBANK,28-Dec-2017,375,CE,0,0,0,0.1,0,0,0,0,0,19-DEC-2017,
OPTSTK,ICICIBANK,28-Dec-2017,205,PE,0,0,0,0.05,0,0,0,0,0,19-DEC-2017,
OPTSTK,ICICIBANK,28-Dec-2017,210,PE,0,0,0,0.05,0,0,0,0,0,19-DEC-2017,
OPTSTK,ICICIBANK,28-Dec-2017,215,PE,0,0,0,0.1,0,0,0,0,0,19-DEC-2017,
OPTSTK,ICICIBANK,28-Dec-2017,220,PE,0,0,0,0.2,0,0,0,0,0,19-DEC-2017,
OPTSTK,ICICIBANK,28-Dec-2017,225,PE,0,0,0,0.35,0,0,0,0,0,19-DEC-2017,
OPTSTK,ICICIBANK,28-Dec-2017,230,PE,0,0,0,0.55,0,0,0,0,0,19-DEC-2017,
OPTSTK,ICICIBANK,28-Dec-2017,235,PE,0,0,0,0.8,0,0,0,0,0,19-DEC-2017,
OPTSTK,ICICIBANK,28-Dec-2017,240,PE,0,0,0,1.25,0,0,0,0,0,19-DEC-2017,
OPTSTK,ICICIBANK,28-Dec-2017,245,PE,0,0,0,1.8,0,0,0,0,0,19-DEC-2017,
OPTSTK,ICICIBANK,28-Dec-2017,250,PE,0,0,0,2.55,0,0,0,0,0,19-DEC-2017,
OPTSTK,ICICIBANK,28-Dec-2017,255,PE,0,0,0,3.55,0,0,0,0,0,19-DEC-2017,
OPTSTK,ICICIBANK,28-Dec-2017,260,PE,0.15,0.15,0.1,0.15,0.15,5,35.76,35750,5500,19-DEC-2017,
OPTSTK,ICICIBANK,28-Dec-2017,265,PE,0.1,0.1,0.1,0.1,0.1,5,36.45,63250,-2750,19-DEC-2017,
OPTSTK,ICICIBANK,28-Dec-2017,270,PE,0.15,0.25,0.1,0.25,0.25,99,735.44,349250,-19250,19-DEC-2017,
OPTSTK,ICICIBANK,28-Dec-2017,275,PE,0.25,0.25,0.2,0.2,0.2,20,151.38,330000,11000,19-DEC-2017,
OPTSTK,ICICIBANK,28-Dec-2017,280,PE,0.4,0.45,0.25,0.3,0.3,165,1271.9,786500,96250,19-DEC-2017,
OPTSTK,ICICIBANK,28-Dec-2017,285,PE,0.55,0.6,0.35,0.35,0.35,65,510.24,206250,2750,19-DEC-2017,
OPTSTK,ICICIBANK,28-Dec-2017,290,PE,0.95,0.95,0.45,0.55,0.55,432,3451.9,841500,-63250,19-DEC-2017,
OPTSTK,ICICIBANK,28-Dec-2017,295,PE,1.3,1.3,0.7,0.75,0.75,216,1757.6,503250,38500,19-DEC-2017,
OPTSTK,ICICIBANK,28-Dec-2017,300,PE,2.25,2.3,1.1,1.25,1.25,670,5555.99,2139500,178750,19-DEC-2017,
OPTSTK,ICICIBANK,28-Dec-2017,305,PE,3.35,3.35,1.85,2.05,2.05,931,7869.93,756250,187000,19-DEC-2017,
OPTSTK,ICICIBANK,28-Dec-2017,310,PE,5.65,5.65,3.1,3.35,3.35,1139,9831.12,781000,121000,19-DEC-2017,
OPTSTK,ICICIBANK,28-Dec-2017,315,PE,7.9,8,5.05,5.5,5.5,213,1879.77,420750,156750,19-DEC-2017,
OPTSTK,ICICIBANK,28-Dec-2017,320,PE,10.75,10.85,7.85,8.7,8.7,68,615.24,343750,11000,19-DEC-2017,
OPTSTK,ICICIBANK,28-Dec-2017,325,PE,0,0,0,15,13.25,0,0,60500,0,19-DEC-2017,
OPTSTK,ICICIBANK,28-Dec-2017,330,PE,18.45,18.45,17.7,17.7,17.7,4,38.27,123750,0,19-DEC-2017,
OPTSTK,ICICIBANK,28-Dec-2017,335,PE,0,0,0,38.2,21.6,0,0,8250,0,19-DEC-2017,
OPTSTK,ICICIBANK,28-Dec-2017,340,PE,25.6,25.6,25.6,25.6,25.6,1,10.05,60500,2750,19-DEC-2017,
OPTSTK,ICICIBANK,28-Dec-2017,345,PE,0,0,0,64.2,31,0,0,0,0,19-DEC-2017,
OPTSTK,ICICIBANK,28-Dec-2017,350,PE,0,0,0,45.5,35.85,0,0,19250,0,19-DEC-2017,
OPTSTK,ICICIBANK,28-Dec-2017,355,PE,0,0,0,73.8,40.8,0,0,0,0,19-DEC-2017,
OPTSTK,ICICIBANK,28-Dec-2017,360,PE,0,0,0,49,45.8,0,0,5500,0,19-DEC-2017,
OPTSTK,ICICIBANK,28-Dec-2017,365,PE,0,0,0,83.55,50.75,0,0,0,0,19-DEC-2017,
OPTSTK,ICICIBANK,28-Dec-2017,370,PE,0,0,0,88.4,55.75,0,0,0,0,19-DEC-2017,
OPTSTK,ICICIBANK,28-Dec-2017,375,PE,0,0,0,93.3,60.75,0,0,0,0,19-DEC-2017,
OPTSTK,ICICIBANK,25-Jan-2018,205,CE,0,0,0,102.6,110.05,0,0,0,0,19-DEC-2017,
OPTSTK,ICICIBANK,25-Jan-2018,210,CE,0,0,0,98.5,105.1,0,0,0,0,19-DEC-2017,
OPTSTK,ICICIBANK,25-Jan-2018,215,CE,0,0,0,94.55,100.1,0,0,0,0,19-DEC-2017,
OPTSTK,ICICIBANK,25-Jan-2018,220,CE,0,0,0,90.65,95.15,0,0,0,0,19-DEC-2017,
OPTSTK,ICICIBANK,25-Jan-2018,225,CE,0,0,0,86.85,90.2,0,0,0,0,19-DEC-2017,
OPTSTK,ICICIBANK,25-Jan-2018,230,CE,0,0,0,83.15,85.2,0,0,0,0,19-DEC-2017,
OPTSTK,ICICIBANK,25-Jan-2018,235,CE,0,0,0,79.55,80.25,0,0,0,0,19-DEC-2017,
OPTSTK,ICICIBANK,25-Jan-2018,240,CE,0,0,0,76.05,75.3,0,0,0,0,19-DEC-2017,
OPTSTK,ICICIBANK,25-Jan-2018,245,CE,0,0,0,72.65,70.4,0,0,0,0,19-DEC-2017,
OPTSTK,ICICIBANK,25-Jan-2018,250,CE,0,0,0,69.35,65.45,0,0,0,0,19-DEC-2017,
OPTSTK,ICICIBANK,25-Jan-2018,255,CE,0,0,0,66.2,60.6,0,0,0,0,19-DEC-2017,
OPTSTK,ICICIBANK,25-Jan-2018,260,CE,0,0,0,63.1,55.75,0,0,0,0,19-DEC-2017,
OPTSTK,ICICIBANK,25-Jan-2018,265,CE,0,0,0,60.15,50.95,0,0,0,0,19-DEC-2017,
OPTSTK,ICICIBANK,25-Jan-2018,270,CE,0,0,0,41.8,46.3,0,0,2750,0,19-DEC-2017,
OPTSTK,ICICIBANK,25-Jan-2018,275,CE,0,0,0,54.5,41.75,0,0,0,0,19-DEC-2017,
OPTSTK,ICICIBANK,25-Jan-2018,280,CE,35,35,35,35,35,4,34.65,22000,11000,19-DEC-2017,
OPTSTK,ICICIBANK,25-Jan-2018,285,CE,0,0,0,24.65,33.15,0,0,11000,0,19-DEC-2017,
OPTSTK,ICICIBANK,25-Jan-2018,290,CE,0,0,0,46.85,29.15,0,0,0,0,19-DEC-2017,
OPTSTK,ICICIBANK,25-Jan-2018,295,CE,0,0,0,44.5,25.4,0,0,0,0,19-DEC-2017,
OPTSTK,ICICIBANK,25-Jan-2018,300,CE,18.3,18.35,18.3,18.35,18.35,2,17.5,30250,5500,19-DEC-2017,
OPTSTK,ICICIBANK,25-Jan-2018,305,CE,0,0,0,14.25,18.7,0,0,16500,0,19-DEC-2017,
OPTSTK,ICICIBANK,25-Jan-2018,310,CE,12,13.9,12,13,13,20,177.56,49500,27500,19-DEC-2017,
OPTSTK,ICICIBANK,25-Jan-2018,315,CE,9.25,10.95,9.25,10.45,10.45,22,196.82,41250,41250,19-DEC-2017,
OPTSTK,ICICIBANK,25-Jan-2018,320,CE,7.6,8.9,7.45,8.1,8.1,35,315.75,346500,11000,19-DEC-2017,
OPTSTK,ICICIBANK,25-Jan-2018,325,CE,6.75,6.75,6.35,6.35,6.35,3,27.34,11000,8250,19-DEC-2017,
OPTSTK,ICICIBANK,25-Jan-2018,330,CE,4.6,5.15,4.6,4.7,4.7,33,303.9,192500,49500,19-DEC-2017,
OPTSTK,ICICIBANK,25-Jan-2018,335,CE,0,0,0,29.05,5.8,0,0,0,0,19-DEC-2017,
OPTSTK,ICICIBANK,25-Jan-2018,340,CE,2.8,3,2.8,2.9,2.9,10,94.3,159500,0,19-DEC-2017,
OPTSTK,ICICIBANK,25-Jan-2018,345,CE,0,0,0,26,3.65,0,0,0,0,19-DEC-2017,
OPTSTK,ICICIBANK,25-Jan-2018,350,CE,1.6,1.85,1.6,1.85,1.85,2,19.34,11000,5500,19-DEC-2017,
OPTSTK,ICICIBANK,25-Jan-2018,355,CE,0,0,0,23.25,2.2,0,0,0,0,19-DEC-2017,
OPTSTK,ICICIBANK,25-Jan-2018,360,CE,0.75,0.75,0.75,0.75,0.75,2,19.84,5500,5500,19-DEC-2017,
OPTSTK,ICICIBANK,25-Jan-2018,365,CE,0,0,0,20.75,1.25,0,0,0,0,19-DEC-2017,
OPTSTK,ICICIBANK,25-Jan-2018,370,CE,0,0,0,0.5,0.95,0,0,0,0,19-DEC-2017,
OPTSTK,ICICIBANK,25-Jan-2018,375,CE,0,0,0,18.55,0.7,0,0,0,0,19-DEC-2017,
OPTSTK,ICICIBANK,25-Jan-2018,205,PE,0,0,0,5.15,0,0,0,0,0,19-DEC-2017,
OPTSTK,ICICIBANK,25-Jan-2018,210,PE,0,0,0,5.95,0,0,0,0,0,19-DEC-2017,
OPTSTK,ICICIBANK,25-Jan-2018,215,PE,0,0,0,6.9,0,0,0,0,0,19-DEC-2017,
OPTSTK,ICICIBANK,25-Jan-2018,220,PE,0,0,0,7.95,0,0,0,0,0,19-DEC-2017,
OPTSTK,ICICIBANK,25-Jan-2018,225,PE,0,0,0,9.05,0,0,0,0,0,19-DEC-2017,
OPTSTK,ICICIBANK,25-Jan-2018,230,PE,0,0,0,10.3,0.05,0,0,0,0,19-DEC-2017,
OPTSTK,ICICIBANK,25-Jan-2018,235,PE,0,0,0,11.6,0.05,0,0,0,0,19-DEC-2017,
OPTSTK,ICICIBANK,25-Jan-2018,240,PE,0,0,0,13.05,0.05,0,0,0,0,19-DEC-2017,
OPTSTK,ICICIBANK,25-Jan-2018,245,PE,0,0,0,14.55,0.1,0,0,0,0,19-DEC-2017,
OPTSTK,ICICIBANK,25-Jan-2018,250,PE,0,0,0,16.2,0.15,0,0,0,0,19-DEC-2017,
OPTSTK,ICICIBANK,25-Jan-2018,255,PE,0,0,0,17.95,0.2,0,0,0,0,19-DEC-2017,
OPTSTK,ICICIBANK,25-Jan-2018,260,PE,0,0,0,19.75,0.35,0,0,0,0,19-DEC-2017,
OPTSTK,ICICIBANK,25-Jan-2018,265,PE,0,0,0,21.7,0.55,0,0,0,0,19-DEC-2017,
OPTSTK,ICICIBANK,25-Jan-2018,270,PE,0,0,0,1.25,0.85,0,0,8250,0,19-DEC-2017,
OPTSTK,ICICIBANK,25-Jan-2018,275,PE,0,0,0,25.95,1.25,0,0,0,0,19-DEC-2017,
OPTSTK,ICICIBANK,25-Jan-2018,280,PE,1.9,1.9,1.9,1.9,1.9,1,7.75,33000,2750,19-DEC-2017,
OPTSTK,ICICIBANK,25-Jan-2018,285,PE,0,0,0,4.5,2.55,0,0,5500,0,19-DEC-2017,
OPTSTK,ICICIBANK,25-Jan-2018,290,PE,3,3,3,3,3,1,8.05,63250,2750,19-DEC-2017,
OPTSTK,ICICIBANK,25-Jan-2018,295,PE,3.65,3.7,3.6,3.6,3.6,4,32.85,11000,11000,19-DEC-2017,
OPTSTK,ICICIBANK,25-Jan-2018,300,PE,5.5,5.5,4.5,4.8,4.8,43,360.47,154000,104500,19-DEC-2017,
OPTSTK,ICICIBANK,25-Jan-2018,305,PE,6.1,6.2,6.1,6.2,6.2,3,25.67,11000,2750,19-DEC-2017,
OPTSTK,ICICIBANK,25-Jan-2018,310,PE,9.5,9.5,7.85,8.2,8.2,24,210.25,41250,30250,19-DEC-2017,
OPTSTK,ICICIBANK,25-Jan-2018,315,PE,11.8,11.8,10.35,10.35,10.35,6,53.76,5500,5500,19-DEC-2017,
OPTSTK,ICICIBANK,25-Jan-2018,320,PE,13.9,13.9,13.9,13.9,13.9,2,18.36,8250,5500,19-DEC-2017,
OPTSTK,ICICIBANK,25-Jan-2018,325,PE,0,0,0,53.05,18.15,0,0,0,0,19-DEC-2017,
OPTSTK,ICICIBANK,25-Jan-2018,330,PE,0,0,0,56.25,21.4,0,0,0,0,19-DEC-2017,
OPTSTK,ICICIBANK,25-Jan-2018,335,PE,0,0,0,59.55,24.95,0,0,0,0,19-DEC-2017,
OPTSTK,ICICIBANK,25-Jan-2018,340,PE,0,0,0,62.9,28.7,0,0,0,0,19-DEC-2017,
OPTSTK,ICICIBANK,25-Jan-2018,345,PE,0,0,0,66.35,32.7,0,0,0,0,19-DEC-2017,
OPTSTK,ICICIBANK,25-Jan-2018,350,PE,0,0,0,69.85,36.85,0,0,0,0,19-DEC-2017,
OPTSTK,ICICIBANK,25-Jan-2018,355,PE,0,0,0,73.4,41.15,0,0,0,0,19-DEC-2017,
OPTSTK,ICICIBANK,25-Jan-2018,360,PE,0,0,0,77.1,45.6,0,0,0,0,19-DEC-2017,
OPTSTK,ICICIBANK,25-Jan-2018,365,PE,0,0,0,80.8,50.2,0,0,0,0,19-DEC-2017,
OPTSTK,ICICIBANK,25-Jan-2018,370,PE,0,0,0,84.55,54.85,0,0,0,0,19-DEC-2017,
OPTSTK,ICICIBANK,25-Jan-2018,375,PE,0,0,0,88.4,59.55,0,0,0,0,19-DEC-2017,
OPTSTK,ICICIBANK,22-Feb-2018,210,CE,0,0,0,100.95,106.15,0,0,0,0,19-DEC-2017,
OPTSTK,ICICIBANK,22-Feb-2018,215,CE,0,0,0,96.15,101.2,0,0,0,0,19-DEC-2017,
OPTSTK,ICICIBANK,22-Feb-2018,220,CE,0,0,0,91.4,96.25,0,0,0,0,19-DEC-2017,
OPTSTK,ICICIBANK,22-Feb-2018,225,CE,0,0,0,86.7,91.35,0,0,0,0,19-DEC-2017,
OPTSTK,ICICIBANK,22-Feb-2018,230,CE,0,0,0,82.05,86.45,0,0,0,0,19-DEC-2017,
OPTSTK,ICICIBANK,22-Feb-2018,235,CE,0,0,0,77.45,81.55,0,0,0,0,19-DEC-2017,
OPTSTK,ICICIBANK,22-Feb-2018,240,CE,0,0,0,72.95,76.75,0,0,0,0,19-DEC-2017,
OPTSTK,ICICIBANK,22-Feb-2018,245,CE,0,0,0,68.55,71.95,0,0,0,0,19-DEC-2017,
OPTSTK,ICICIBANK,22-Feb-2018,250,CE,0,0,0,64.3,67.2,0,0,0,0,19-DEC-2017,
OPTSTK,ICICIBANK,22-Feb-2018,255,CE,0,0,0,60.1,62.5,0,0,0,0,19-DEC-2017,
OPTSTK,ICICIBANK,22-Feb-2018,260,CE,0,0,0,56.05,57.9,0,0,0,0,19-DEC-2017,
OPTSTK,ICICIBANK,22-Feb-2018,265,CE,0,0,0,52.15,53.45,0,0,0,0,19-DEC-2017,
OPTSTK,ICICIBANK,22-Feb-2018,270,CE,0,0,0,48.35,49.05,0,0,0,0,19-DEC-2017,
OPTSTK,ICICIBANK,22-Feb-2018,275,CE,0,0,0,44.75,44.85,0,0,0,0,19-DEC-2017,
OPTSTK,ICICIBANK,22-Feb-2018,280,CE,0,0,0,41.3,40.8,0,0,0,0,19-DEC-2017,
OPTSTK,ICICIBANK,22-Feb-2018,285,CE,0,0,0,38,36.9,0,0,0,0,19-DEC-2017,
OPTSTK,ICICIBANK,22-Feb-2018,290,CE,0,0,0,34.85,33.25,0,0,0,0,19-DEC-2017,
OPTSTK,ICICIBANK,22-Feb-2018,295,CE,0,0,0,31.9,29.75,0,0,0,0,19-DEC-2017,
OPTSTK,ICICIBANK,22-Feb-2018,300,CE,0,0,0,29.15,26.5,0,0,0,0,19-DEC-2017,
OPTSTK,ICICIBANK,22-Feb-2018,305,CE,0,0,0,26.55,23.5,0,0,0,0,19-DEC-2017,
OPTSTK,ICICIBANK,22-Feb-2018,310,CE,0,0,0,24.1,20.7,0,0,0,0,19-DEC-2017,
OPTSTK,ICICIBANK,22-Feb-2018,315,CE,0,0,0,21.85,18.15,0,0,0,0,19-DEC-2017,
OPTSTK,ICICIBANK,22-Feb-2018,320,CE,0,0,0,19.75,15.8,0,0,0,0,19-DEC-2017,
OPTSTK,ICICIBANK,22-Feb-2018,325,CE,0,0,0,17.8,13.7,0,0,0,0,19-DEC-2017,
OPTSTK,ICICIBANK,22-Feb-2018,330,CE,0,0,0,6.9,11.8,0,0,121000,0,19-DEC-2017,
OPTSTK,ICICIBANK,22-Feb-2018,335,CE,0,0,0,14.35,10.1,0,0,0,0,19-DEC-2017,
OPTSTK,ICICIBANK,22-Feb-2018,340,CE,0,0,0,4.7,8.65,0,0,5500,0,19-DEC-2017,
OPTSTK,ICICIBANK,22-Feb-2018,345,CE,0,0,0,11.5,7.35,0,0,0,0,19-DEC-2017,
OPTSTK,ICICIBANK,22-Feb-2018,350,CE,0,0,0,10.25,6.2,0,0,0,0,19-DEC-2017,
OPTSTK,ICICIBANK,22-Feb-2018,355,CE,0,0,0,9.1,5.2,0,0,0,0,19-DEC-2017,
OPTSTK,ICICIBANK,22-Feb-2018,360,CE,0,0,0,8.1,4.35,0,0,0,0,19-DEC-2017,
OPTSTK,ICICIBANK,22-Feb-2018,365,CE,0,0,0,7.15,3.6,0,0,0,0,19-DEC-2017,
OPTSTK,ICICIBANK,22-Feb-2018,370,CE,0,0,0,6.35,3,0,0,0,0,19-DEC-2017,
OPTSTK,ICICIBANK,22-Feb-2018,375,CE,0,0,0,5.6,2.5,0,0,0,0,19-DEC-2017,
OPTSTK,ICICIBANK,22-Feb-2018,210,PE,0,0,0,0.35,0.05,0,0,0,0,19-DEC-2017,
OPTSTK,ICICIBANK,22-Feb-2018,215,PE,0,0,0,0.45,0.05,0,0,0,0,19-DEC-2017,
OPTSTK,ICICIBANK,22-Feb-2018,220,PE,0,0,0,0.65,0.05,0,0,0,0,19-DEC-2017,
OPTSTK,ICICIBANK,22-Feb-2018,225,PE,0,0,0,0.85,0.1,0,0,0,0,19-DEC-2017,
OPTSTK,ICICIBANK,22-Feb-2018,230,PE,0,0,0,1.15,0.15,0,0,0,0,19-DEC-2017,
OPTSTK,ICICIBANK,22-Feb-2018,235,PE,0,0,0,1.5,0.2,0,0,0,0,19-DEC-2017,
OPTSTK,ICICIBANK,22-Feb-2018,240,PE,0,0,0,1.9,0.3,0,0,0,0,19-DEC-2017,
OPTSTK,ICICIBANK,22-Feb-2018,245,PE,0,0,0,2.45,0.45,0,0,0,0,19-DEC-2017,
OPTSTK,ICICIBANK,22-Feb-2018,250,PE,0,0,0,3.1,0.65,0,0,0,0,19-DEC-2017,
OPTSTK,ICICIBANK,22-Feb-2018,255,PE,0,0,0,3.85,0.9,0,0,0,0,19-DEC-2017,
OPTSTK,ICICIBANK,22-Feb-2018,260,PE,0,0,0,4.7,1.25,0,0,0,0,19-DEC-2017,
OPTSTK,ICICIBANK,22-Feb-2018,265,PE,0,0,0,5.7,1.7,0,0,0,0,19-DEC-2017,
OPTSTK,ICICIBANK,22-Feb-2018,270,PE,0,0,0,6.9,2.3,0,0,0,0,19-DEC-2017,
OPTSTK,ICICIBANK,22-Feb-2018,275,PE,0,0,0,8.2,3,0,0,0,0,19-DEC-2017,
OPTSTK,ICICIBANK,22-Feb-2018,280,PE,0,0,0,9.65,3.9,0,0,0,0,19-DEC-2017,
OPTSTK,ICICIBANK,22-Feb-2018,285,PE,0,0,0,11.3,4.95,0,0,0,0,19-DEC-2017,
OPTSTK,ICICIBANK,22-Feb-2018,290,PE,0,0,0,13.1,6.25,0,0,0,0,19-DEC-2017,
OPTSTK,ICICIBANK,22-Feb-2018,295,PE,0,0,0,15.05,7.7,0,0,0,0,19-DEC-2017,
OPTSTK,ICICIBANK,22-Feb-2018,300,PE,0,0,0,17.2,9.4,0,0,0,0,19-DEC-2017,
OPTSTK,ICICIBANK,22-Feb-2018,305,PE,0,0,0,19.55,11.3,0,0,0,0,19-DEC-2017,
OPTSTK,ICICIBANK,22-Feb-2018,310,PE,0,0,0,22.05,13.45,0,0,0,0,19-DEC-2017,
OPTSTK,ICICIBANK,22-Feb-2018,315,PE,0,0,0,24.7,15.85,0,0,0,0,19-DEC-2017,
OPTSTK,ICICIBANK,22-Feb-2018,320,PE,0,0,0,27.5,18.45,0,0,0,0,19-DEC-2017,
OPTSTK,ICICIBANK,22-Feb-2018,325,PE,0,0,0,30.5,21.3,0,0,0,0,19-DEC-2017,
OPTSTK,ICICIBANK,22-Feb-2018,330,PE,0,0,0,33.65,24.35,0,0,0,0,19-DEC-2017,
OPTSTK,ICICIBANK,22-Feb-2018,335,PE,0,0,0,36.95,27.6,0,0,0,0,19-DEC-2017,
OPTSTK,ICICIBANK,22-Feb-2018,340,PE,0,0,0,40.35,31.05,0,0,0,0,19-DEC-2017,
OPTSTK,ICICIBANK,22-Feb-2018,345,PE,0,0,0,43.9,34.7,0,0,0,0,19-DEC-2017,
OPTSTK,ICICIBANK,22-Feb-2018,350,PE,0,0,0,47.6,38.5,0,0,0,0,19-DEC-2017,
OPTSTK,ICICIBANK,22-Feb-2018,355,PE,0,0,0,51.4,42.45,0,0,0,0,19-DEC-2017,
OPTSTK,ICICIBANK,22-Feb-2018,360,PE,0,0,0,55.3,46.55,0,0,0,0,19-DEC-2017,
OPTSTK,ICICIBANK,22-Feb-2018,365,PE,0,0,0,59.3,50.75,0,0,0,0,19-DEC-2017,
OPTSTK,ICICIBANK,22-Feb-2018,370,PE,0,0,0,63.4,55.1,0,0,0,0,19-DEC-2017,
OPTSTK,ICICIBANK,22-Feb-2018,375,PE,0,0,0,67.6,59.5,0,0,0,0,19-DEC-2017,
OPTSTK,ICICIPRULI,28-Dec-2017,280,CE,0,0,0,106.45,115.75,0,0,0,0,19-DEC-2017,
OPTSTK,ICICIPRULI,28-Dec-2017,290,CE,0,0,0,97.1,105.75,0,0,0,0,19-DEC-2017,
OPTSTK,ICICIPRULI,28-Dec-2017,300,CE,0,0,0,87.95,95.8,0,0,0,0,19-DEC-2017,
OPTSTK,ICICIPRULI,28-Dec-2017,310,CE,0,0,0,79.1,85.8,0,0,0,0,19-DEC-2017,
OPTSTK,ICICIPRULI,28-Dec-2017,320,CE,0,0,0,70.6,75.8,0,0,0,0,19-DEC-2017,
OPTSTK,ICICIPRULI,28-Dec-2017,330,CE,0,0,0,62.55,65.85,0,0,0,0,19-DEC-2017,
OPTSTK,ICICIPRULI,28-Dec-2017,340,CE,0,0,0,55,55.85,0,0,0,0,19-DEC-2017,
OPTSTK,ICICIPRULI,28-Dec-2017,350,CE,40,40,40,40,40,1,5.07,1300,-1300,19-DEC-2017,
OPTSTK,ICICIPRULI,28-Dec-2017,360,CE,27,27,27,27,27,1,5.03,6500,-1300,19-DEC-2017,
OPTSTK,ICICIPRULI,28-Dec-2017,370,CE,16.9,25.5,16.9,25.5,25.5,7,35.57,13000,-1300,19-DEC-2017,
OPTSTK,ICICIPRULI,28-Dec-2017,380,CE,9.45,18.15,9.45,17.4,17.4,123,631.45,97500,-79300,19-DEC-2017,
OPTSTK,ICICIPRULI,28-Dec-2017,390,CE,4.5,10.05,4.15,9.05,9.05,330,1705.07,113100,2600,19-DEC-2017,
OPTSTK,ICICIPRULI,28-Dec-2017,400,CE,1.8,5,1.6,4.55,4.55,254,1332.6,198900,-11700,19-DEC-2017,
OPTSTK,ICICIPRULI,28-Dec-2017,410,CE,0.8,2.2,0.75,2,2,66,353.22,70200,5200,19-DEC-2017,
OPTSTK,ICICIPRULI,28-Dec-2017,420,CE,1,1.15,0.4,1,1,9,49.23,18200,3900,19-DEC-2017,
OPTSTK,ICICIPRULI,28-Dec-2017,430,CE,0,0,0,0.25,0.4,0,0,1300,0,19-DEC-2017,
OPTSTK,ICICIPRULI,28-Dec-2017,440,CE,0,0,0,0.25,0.15,0,0,5200,0,19-DEC-2017,
OPTSTK,ICICIPRULI,28-Dec-2017,450,CE,0,0,0,7.9,0.05,0,0,0,0,19-DEC-2017,
OPTSTK,ICICIPRULI,28-Dec-2017,460,CE,0,0,0,6.35,0.05,0,0,0,0,19-DEC-2017,
OPTSTK,ICICIPRULI,28-Dec-2017,470,CE,0,0,0,5.05,0,0,0,0,0,19-DEC-2017,
OPTSTK,ICICIPRULI,28-Dec-2017,480,CE,0,0,0,4.05,0,0,0,0,0,19-DEC-2017,
OPTSTK,ICICIPRULI,28-Dec-2017,490,CE,0,0,0,3.2,0,0,0,0,0,19-DEC-2017,
OPTSTK,ICICIPRULI,28-Dec-2017,500,CE,0,0,0,2.5,0,0,0,0,0,19-DEC-2017,
OPTSTK,ICICIPRULI,28-Dec-2017,510,CE,0,0,0,1.95,0,0,0,0,0,19-DEC-2017,
OPTSTK,ICICIPRULI,28-Dec-2017,520,CE,0,0,0,1.5,0,0,0,0,0,19-DEC-2017,
OPTSTK,ICICIPRULI,28-Dec-2017,530,CE,0,0,0,1.2,0,0,0,0,0,19-DEC-2017,
OPTSTK,ICICIPRULI,28-Dec-2017,540,CE,0,0,0,0.9,0,0,0,0,0,19-DEC-2017,
OPTSTK,ICICIPRULI,28-Dec-2017,550,CE,0,0,0,0.7,0,0,0,0,0,19-DEC-2017,
OPTSTK,ICICIPRULI,28-Dec-2017,560,CE,0,0,0,0.55,0,0,0,0,0,19-DEC-2017,
OPTSTK,ICICIPRULI,28-Dec-2017,280,PE,0,0,0,0.25,0,0,0,0,0,19-DEC-2017,
OPTSTK,ICICIPRULI,28-Dec-2017,290,PE,0,0,0,1.2,0,0,0,0,0,19-DEC-2017,
OPTSTK,ICICIPRULI,28-Dec-2017,300,PE,0,0,0,1.95,0,0,0,0,0,19-DEC-2017,
OPTSTK,ICICIPRULI,28-Dec-2017,310,PE,0,0,0,2.95,0,0,0,0,0,19-DEC-2017,
OPTSTK,ICICIPRULI,28-Dec-2017,320,PE,0,0,0,4.3,0,0,0,0,0,19-DEC-2017,
OPTSTK,ICICIPRULI,28-Dec-2017,330,PE,0,0,0,6.1,0,0,0,0,0,19-DEC-2017,
OPTSTK,ICICIPRULI,28-Dec-2017,340,PE,0.25,0.25,0.2,0.2,0.2,2,8.84,7800,0,19-DEC-2017,
OPTSTK,ICICIPRULI,28-Dec-2017,350,PE,0.25,0.3,0.2,0.25,0.25,8,36.42,23400,-3900,19-DEC-2017,
OPTSTK,ICICIPRULI,28-Dec-2017,360,PE,0.5,0.7,0.3,0.5,0.5,11,51.55,29900,-5200,19-DEC-2017,
OPTSTK,ICICIPRULI,28-Dec-2017,370,PE,1.5,1.5,0.5,0.55,0.55,26,125.33,42900,-3900,19-DEC-2017,
OPTSTK,ICICIPRULI,28-Dec-2017,380,PE,3.1,3.5,0.85,0.95,0.95,102,506.16,46800,3900,19-DEC-2017,
OPTSTK,ICICIPRULI,28-Dec-2017,390,PE,7.7,8,2.65,3.15,3.15,49,251.16,33800,16900,19-DEC-2017,
OPTSTK,ICICIPRULI,28-Dec-2017,400,PE,14.95,14.95,8,8.6,8.6,9,47.87,15600,3900,19-DEC-2017,
OPTSTK,ICICIPRULI,28-Dec-2017,410,PE,21.05,21.05,21.05,21.05,21.05,1,5.6,1300,-1300,19-DEC-2017,
OPTSTK,ICICIPRULI,28-Dec-2017,420,PE,0,0,0,38.5,25.2,0,0,6500,0,19-DEC-2017,
OPTSTK,ICICIPRULI,28-Dec-2017,430,PE,0,0,0,49.95,34.45,0,0,18200,0,19-DEC-2017,
OPTSTK,ICICIPRULI,28-Dec-2017,440,PE,0,0,0,58,44.15,0,0,11700,0,19-DEC-2017,
OPTSTK,ICICIPRULI,28-Dec-2017,450,PE,0,0,0,63.5,54.05,0,0,5200,0,19-DEC-2017,
OPTSTK,ICICIPRULI,28-Dec-2017,460,PE,0,0,0,77.85,64,0,0,0,0,19-DEC-2017,
OPTSTK,ICICIPRULI,28-Dec-2017,470,PE,0,0,0,86.4,74,0,0,0,0,19-DEC-2017,
OPTSTK,ICICIPRULI,28-Dec-2017,480,PE,0,0,0,93,83.95,0,0,1300,0,19-DEC-2017,
OPTSTK,ICICIPRULI,28-Dec-2017,490,PE,0,0,0,91,93.95,0,0,1300,0,19-DEC-2017,
OPTSTK,ICICIPRULI,28-Dec-2017,500,PE,0,0,0,113.35,103.95,0,0,0,0,19-DEC-2017,
OPTSTK,ICICIPRULI,28-Dec-2017,510,PE,0,0,0,122.65,113.95,0,0,0,0,19-DEC-2017,
OPTSTK,ICICIPRULI,28-Dec-2017,520,PE,0,0,0,132.1,123.9,0,0,0,0,19-DEC-2017,
OPTSTK,ICICIPRULI,28-Dec-2017,530,PE,0,0,0,141.6,133.9,0,0,0,0,19-DEC-2017,
OPTSTK,ICICIPRULI,28-Dec-2017,540,PE,0,0,0,151.15,143.9,0,0,0,0,19-DEC-2017,
OPTSTK,ICICIPRULI,28-Dec-2017,550,PE,0,0,0,160.8,153.85,0,0,0,0,19-DEC-2017,
OPTSTK,ICICIPRULI,28-Dec-2017,560,PE,0,0,0,170.5,163.85,0,0,0,0,19-DEC-2017,
OPTSTK,ICICIPRULI,25-Jan-2018,280,CE,0,0,0,112.3,117.15,0,0,0,0,19-DEC-2017,
OPTSTK,ICICIPRULI,25-Jan-2018,290,CE,0,0,0,102.75,107.2,0,0,0,0,19-DEC-2017,
OPTSTK,ICICIPRULI,25-Jan-2018,300,CE,0,0,0,93.35,97.3,0,0,0,0,19-DEC-2017,
OPTSTK,ICICIPRULI,25-Jan-2018,310,CE,0,0,0,84.2,87.4,0,0,0,0,19-DEC-2017,
OPTSTK,ICICIPRULI,25-Jan-2018,320,CE,0,0,0,75.3,77.6,0,0,0,0,19-DEC-2017,
OPTSTK,ICICIPRULI,25-Jan-2018,330,CE,0,0,0,66.8,67.9,0,0,0,0,19-DEC-2017,
OPTSTK,ICICIPRULI,25-Jan-2018,340,CE,0,0,0,58.75,58.4,0,0,0,0,19-DEC-2017,
OPTSTK,ICICIPRULI,25-Jan-2018,350,CE,0,0,0,51.2,49.3,0,0,0,0,19-DEC-2017,
OPTSTK,ICICIPRULI,25-Jan-2018,360,CE,0,0,0,44.2,40.75,0,0,0,0,19-DEC-2017,
OPTSTK,ICICIPRULI,25-Jan-2018,370,CE,0,0,0,37.8,32.85,0,0,0,0,19-DEC-2017,
OPTSTK,ICICIPRULI,25-Jan-2018,380,CE,0,0,0,32,25.85,0,0,0,0,19-DEC-2017,
OPTSTK,ICICIPRULI,25-Jan-2018,390,CE,18.25,18.25,18.25,18.25,18.25,1,5.3,1300,1300,19-DEC-2017,
OPTSTK,ICICIPRULI,25-Jan-2018,400,CE,9,13.95,8,13.8,13.8,19,101.54,22100,22100,19-DEC-2017,
OPTSTK,ICICIPRULI,25-Jan-2018,410,CE,9,9,9,9,9,1,5.44,1300,1300,19-DEC-2017,
OPTSTK,ICICIPRULI,25-Jan-2018,420,CE,4.9,6,4.9,5.5,5.5,9,49.76,11700,11700,19-DEC-2017,
OPTSTK,ICICIPRULI,25-Jan-2018,430,CE,0,0,0,12.2,5.1,0,0,0,0,19-DEC-2017,
OPTSTK,ICICIPRULI,25-Jan-2018,440,CE,0,0,0,9.8,3.4,0,0,0,0,19-DEC-2017,
OPTSTK,ICICIPRULI,25-Jan-2018,450,CE,0,0,0,7.8,2.2,0,0,0,0,19-DEC-2017,
OPTSTK,ICICIPRULI,25-Jan-2018,460,CE,0,0,0,6.15,1.4,0,0,0,0,19-DEC-2017,
OPTSTK,ICICIPRULI,25-Jan-2018,470,CE,0,0,0,4.85,0.85,0,0,0,0,19-DEC-2017,
OPTSTK,ICICIPRULI,25-Jan-2018,480,CE,0,0,0,3.8,0.5,0,0,0,0,19-DEC-2017,
OPTSTK,ICICIPRULI,25-Jan-2018,490,CE,0,0,0,2.9,0.3,0,0,0,0,19-DEC-2017,
OPTSTK,ICICIPRULI,25-Jan-2018,500,CE,0,0,0,2.25,0.2,0,0,0,0,19-DEC-2017,
OPTSTK,ICICIPRULI,25-Jan-2018,510,CE,0,0,0,1.7,0.1,0,0,0,0,19-DEC-2017,
OPTSTK,ICICIPRULI,25-Jan-2018,520,CE,0,0,0,1.3,0.05,0,0,0,0,19-DEC-2017,
OPTSTK,ICICIPRULI,25-Jan-2018,530,CE,0,0,0,1,0.05,0,0,0,0,19-DEC-2017,
OPTSTK,ICICIPRULI,25-Jan-2018,540,CE,0,0,0,0.75,0.05,0,0,0,0,19-DEC-2017,
OPTSTK,ICICIPRULI,25-Jan-2018,550,CE,0,0,0,0.55,0.05,0,0,0,0,19-DEC-2017,
OPTSTK,ICICIPRULI,25-Jan-2018,560,CE,0,0,0,0.4,0,0,0,0,0,19-DEC-2017,
OPTSTK,ICICIPRULI,25-Jan-2018,280,PE,0,0,0,0.35,0,0,0,0,0,19-DEC-2017,
OPTSTK,ICICIPRULI,25-Jan-2018,290,PE,0,0,0,0.65,0.05,0,0,0,0,19-DEC-2017,
OPTSTK,ICICIPRULI,25-Jan-2018,300,PE,0,0,0,1.1,0.05,0,0,0,0,19-DEC-2017,
OPTSTK,ICICIPRULI,25-Jan-2018,310,PE,0,0,0,1.75,0.1,0,0,0,0,19-DEC-2017,
OPTSTK,ICICIPRULI,25-Jan-2018,320,PE,0,0,0,2.75,0.2,0,0,0,0,19-DEC-2017,
OPTSTK,ICICIPRULI,25-Jan-2018,330,PE,0,0,0,4.1,0.45,0,0,0,0,19-DEC-2017,
OPTSTK,ICICIPRULI,25-Jan-2018,340,PE,0,0,0,1.4,0.9,0,0,2600,0,19-DEC-2017,
OPTSTK,ICICIPRULI,25-Jan-2018,350,PE,0,0,0,8.15,1.75,0,0,0,0,19-DEC-2017,
OPTSTK,ICICIPRULI,25-Jan-2018,360,PE,0,0,0,11,3.1,0,0,0,0,19-DEC-2017,
OPTSTK,ICICIPRULI,25-Jan-2018,370,PE,0,0,0,14.45,5.15,0,0,0,0,19-DEC-2017,
OPTSTK,ICICIPRULI,25-Jan-2018,380,PE,0,0,0,18.5,8.05,0,0,0,0,19-DEC-2017,
OPTSTK,ICICIPRULI,25-Jan-2018,390,PE,0,0,0,23.2,11.95,0,0,0,0,19-DEC-2017,
OPTSTK,ICICIPRULI,25-Jan-2018,400,PE,14,14,14,14,14,2,10.76,2600,2600,19-DEC-2017,
OPTSTK,ICICIPRULI,25-Jan-2018,410,PE,0,0,0,34.45,22.65,0,0,0,0,19-DEC-2017,
OPTSTK,ICICIPRULI,25-Jan-2018,420,PE,0,0,0,35.75,29.45,0,0,2600,0,19-DEC-2017,
OPTSTK,ICICIPRULI,25-Jan-2018,430,PE,0,0,0,47.9,37,0,0,0,0,19-DEC-2017,
OPTSTK,ICICIPRULI,25-Jan-2018,440,PE,0,0,0,55.35,45.25,0,0,0,0,19-DEC-2017,
OPTSTK,ICICIPRULI,25-Jan-2018,450,PE,58,58,58,58,58,2,13.2,2600,2600,19-DEC-2017,
OPTSTK,ICICIPRULI,25-Jan-2018,460,PE,0,0,0,71.4,63.1,0,0,0,0,19-DEC-2017,
OPTSTK,ICICIPRULI,25-Jan-2018,470,PE,0,0,0,79.9,72.5,0,0,0,0,19-DEC-2017,
OPTSTK,ICICIPRULI,25-Jan-2018,480,PE,0,0,0,88.7,82.1,0,0,0,0,19-DEC-2017,
OPTSTK,ICICIPRULI,25-Jan-2018,490,PE,0,0,0,97.7,91.8,0,0,0,0,19-DEC-2017,
OPTSTK,ICICIPRULI,25-Jan-2018,500,PE,0,0,0,106.85,101.65,0,0,0,0,19-DEC-2017,
OPTSTK,ICICIPRULI,25-Jan-2018,510,PE,0,0,0,116.15,111.5,0,0,0,0,19-DEC-2017,
OPTSTK,ICICIPRULI,25-Jan-2018,520,PE,0,0,0,125.6,121.4,0,0,0,0,19-DEC-2017,
OPTSTK,ICICIPRULI,25-Jan-2018,530,PE,0,0,0,135.15,131.3,0,0,0,0,19-DEC-2017,
OPTSTK,ICICIPRULI,25-Jan-2018,540,PE,0,0,0,144.75,141.2,0,0,0,0,19-DEC-2017,
OPTSTK,ICICIPRULI,25-Jan-2018,550,PE,0,0,0,154.4,151.15,0,0,0,0,19-DEC-2017,
OPTSTK,ICICIPRULI,25-Jan-2018,560,PE,0,0,0,164.1,161.1,0,0,0,0,19-DEC-2017,
OPTSTK,ICICIPRULI,22-Feb-2018,280,CE,0,0,0,100.45,118.55,0,0,0,0,19-DEC-2017,
OPTSTK,ICICIPRULI,22-Feb-2018,290,CE,0,0,0,90.9,108.75,0,0,0,0,19-DEC-2017,
OPTSTK,ICICIPRULI,22-Feb-2018,300,CE,0,0,0,81.6,98.95,0,0,0,0,19-DEC-2017,
OPTSTK,ICICIPRULI,22-Feb-2018,310,CE,0,0,0,72.55,89.3,0,0,0,0,19-DEC-2017,
OPTSTK,ICICIPRULI,22-Feb-2018,320,CE,0,0,0,63.85,79.85,0,0,0,0,19-DEC-2017,
OPTSTK,ICICIPRULI,22-Feb-2018,330,CE,0,0,0,55.6,70.6,0,0,0,0,19-DEC-2017,
OPTSTK,ICICIPRULI,22-Feb-2018,340,CE,0,0,0,47.9,61.75,0,0,0,0,19-DEC-2017,
OPTSTK,ICICIPRULI,22-Feb-2018,350,CE,0,0,0,40.8,53.3,0,0,0,0,19-DEC-2017,
OPTSTK,ICICIPRULI,22-Feb-2018,360,CE,0,0,0,34.35,45.4,0,0,0,0,19-DEC-2017,
OPTSTK,ICICIPRULI,22-Feb-2018,370,CE,0,0,0,28.6,38.15,0,0,0,0,19-DEC-2017,
OPTSTK,ICICIPRULI,22-Feb-2018,380,CE,0,0,0,23.55,31.6,0,0,0,0,19-DEC-2017,
OPTSTK,ICICIPRULI,22-Feb-2018,390,CE,0,0,0,19.15,25.75,0,0,0,0,19-DEC-2017,
OPTSTK,ICICIPRULI,22-Feb-2018,400,CE,0,0,0,15.4,20.7,0,0,0,0,19-DEC-2017,
OPTSTK,ICICIPRULI,22-Feb-2018,410,CE,0,0,0,12.25,16.4,0,0,0,0,19-DEC-2017,
OPTSTK,ICICIPRULI,22-Feb-2018,420,CE,0,0,0,9.65,12.8,0,0,0,0,19-DEC-2017,
OPTSTK,ICICIPRULI,22-Feb-2018,430,CE,0,0,0,7.5,9.85,0,0,0,0,19-DEC-2017,
OPTSTK,ICICIPRULI,22-Feb-2018,440,CE,0,0,0,5.8,7.5,0,0,0,0,19-DEC-2017,
OPTSTK,ICICIPRULI,22-Feb-2018,450,CE,0,0,0,4.4,5.6,0,0,0,0,19-DEC-2017,
OPTSTK,ICICIPRULI,22-Feb-2018,460,CE,0,0,0,3.35,4.15,0,0,0,0,19-DEC-2017,
OPTSTK,ICICIPRULI,22-Feb-2018,470,CE,0,0,0,2.5,3.05,0,0,0,0,19-DEC-2017,
OPTSTK,ICICIPRULI,22-Feb-2018,480,CE,0,0,0,1.85,2.2,0,0,0,0,19-DEC-2017,
OPTSTK,ICICIPRULI,22-Feb-2018,490,CE,0,0,0,1.4,1.55,0,0,0,0,19-DEC-2017,
OPTSTK,ICICIPRULI,22-Feb-2018,500,CE,0,0,0,1,1.1,0,0,0,0,19-DEC-2017,
OPTSTK,ICICIPRULI,22-Feb-2018,510,CE,0,0,0,0.75,0.75,0,0,0,0,19-DEC-2017,
OPTSTK,ICICIPRULI,22-Feb-2018,520,CE,0,0,0,0.55,0.55,0,0,0,0,19-DEC-2017,
OPTSTK,ICICIPRULI,22-Feb-2018,530,CE,0,0,0,0.4,0.35,0,0,0,0,19-DEC-2017,
OPTSTK,ICICIPRULI,22-Feb-2018,540,CE,0,0,0,0.3,0.25,0,0,0,0,19-DEC-2017,
OPTSTK,ICICIPRULI,22-Feb-2018,550,CE,0,0,0,0.2,0.2,0,0,0,0,19-DEC-2017,
OPTSTK,ICICIPRULI,22-Feb-2018,560,CE,0,0,0,0.15,0.1,0,0,0,0,19-DEC-2017,
OPTSTK,ICICIPRULI,22-Feb-2018,280,PE,0,0,0,0.4,0.05,0,0,0,0,19-DEC-2017,
OPTSTK,ICICIPRULI,22-Feb-2018,290,PE,0,0,0,0.75,0.15,0,0,0,0,19-DEC-2017,
OPTSTK,ICICIPRULI,22-Feb-2018,300,PE,0,0,0,1.25,0.25,0,0,0,0,19-DEC-2017,
OPTSTK,ICICIPRULI,22-Feb-2018,310,PE,0,0,0,2.05,0.5,0,0,0,0,19-DEC-2017,
OPTSTK,ICICIPRULI,22-Feb-2018,320,PE,0,0,0,3.25,0.9,0,0,0,0,19-DEC-2017,
OPTSTK,ICICIPRULI,22-Feb-2018,330,PE,0,0,0,4.85,1.55,0,0,0,0,19-DEC-2017,
OPTSTK,ICICIPRULI,22-Feb-2018,340,PE,0,0,0,7,2.55,0,0,0,0,19-DEC-2017,
OPTSTK,ICICIPRULI,22-Feb-2018,350,PE,0,0,0,9.75,4,0,0,0,0,19-DEC-2017,
OPTSTK,ICICIPRULI,22-Feb-2018,360,PE,0,0,0,13.15,6,0,0,0,0,19-DEC-2017,
OPTSTK,ICICIPRULI,22-Feb-2018,370,PE,0,0,0,17.25,8.6,0,0,0,0,19-DEC-2017,
OPTSTK,ICICIPRULI,22-Feb-2018,380,PE,0,0,0,22.05,11.95,0,0,0,0,19-DEC-2017,
OPTSTK,ICICIPRULI,22-Feb-2018,390,PE,0,0,0,27.5,16.05,0,0,0,0,19-DEC-2017,
OPTSTK,ICICIPRULI,22-Feb-2018,400,PE,0,0,0,33.6,20.85,0,0,0,0,19-DEC-2017,
OPTSTK,ICICIPRULI,22-Feb-2018,410,PE,0,0,0,40.3,26.45,0,0,0,0,19-DEC-2017,
OPTSTK,ICICIPRULI,22-Feb-2018,420,PE,0,0,0,47.55,32.75,0,0,0,0,19-DEC-2017,
OPTSTK,ICICIPRULI,22-Feb-2018,430,PE,0,0,0,55.3,39.65,0,0,0,0,19-DEC-2017,
OPTSTK,ICICIPRULI,22-Feb-2018,440,PE,0,0,0,63.4,47.2,0,0,0,0,19-DEC-2017,
OPTSTK,ICICIPRULI,22-Feb-2018,450,PE,0,0,0,71.9,55.2,0,0,0,0,19-DEC-2017,
OPTSTK,ICICIPRULI,22-Feb-2018,460,PE,0,0,0,80.7,63.6,0,0,0,0,19-DEC-2017,
OPTSTK,ICICIPRULI,22-Feb-2018,470,PE,0,0,0,89.7,72.35,0,0,0,0,19-DEC-2017,
OPTSTK,ICICIPRULI,22-Feb-2018,480,PE,0,0,0,98.9,81.4,0,0,0,0,19-DEC-2017,
OPTSTK,ICICIPRULI,22-Feb-2018,490,PE,0,0,0,108.3,90.65,0,0,0,0,19-DEC-2017,
OPTSTK,ICICIPRULI,22-Feb-2018,500,PE,0,0,0,117.75,100.1,0,0,0,0,19-DEC-2017,
OPTSTK,ICICIPRULI,22-Feb-2018,510,PE,0,0,0,127.35,109.65,0,0,0,0,19-DEC-2017,
OPTSTK,ICICIPRULI,22-Feb-2018,520,PE,0,0,0,137,119.3,0,0,0,0,19-DEC-2017,
OPTSTK,ICICIPRULI,22-Feb-2018,530,PE,0,0,0,146.7,129.05,0,0,0,0,19-DEC-2017,
OPTSTK,ICICIPRULI,22-Feb-2018,540,PE,0,0,0,156.45,138.8,0,0,0,0,19-DEC-2017,
OPTSTK,ICICIPRULI,22-Feb-2018,550,PE,0,0,0,166.25,148.6,0,0,0,0,19-DEC-2017,
OPTSTK,ICICIPRULI,22-Feb-2018,560,PE,0,0,0,176.05,158.45,0,0,0,0,19-DEC-2017,
OPTSTK,ICIL,28-Dec-2017,55,CE,0,0,0,48.9,60.4,0,0,0,0,19-DEC-2017,
OPTSTK,ICIL,28-Dec-2017,60,CE,0,0,0,44.4,55.4,0,0,0,0,19-DEC-2017,
OPTSTK,ICIL,28-Dec-2017,65,CE,0,0,0,40.1,50.4,0,0,0,0,19-DEC-2017,
OPTSTK,ICIL,28-Dec-2017,70,CE,0,0,0,36.05,45.45,0,0,0,0,19-DEC-2017,
OPTSTK,ICIL,28-Dec-2017,75,CE,0,0,0,32.2,40.45,0,0,0,0,19-DEC-2017,
OPTSTK,ICIL,28-Dec-2017,80,CE,0,0,0,28.65,35.45,0,0,0,0,19-DEC-2017,
OPTSTK,ICIL,28-Dec-2017,85,CE,0,0,0,25.4,30.45,0,0,0,0,19-DEC-2017,
OPTSTK,ICIL,28-Dec-2017,90,CE,0,0,0,22.4,25.45,0,0,0,0,19-DEC-2017,
OPTSTK,ICIL,28-Dec-2017,95,CE,0,0,0,27.1,20.5,0,0,3500,0,19-DEC-2017,
OPTSTK,ICIL,28-Dec-2017,100,CE,0,0,0,17.3,15.6,0,0,0,0,19-DEC-2017,
OPTSTK,ICIL,28-Dec-2017,105,CE,8.75,11.25,8.75,11.25,11.25,3,12.07,21000,10500,19-DEC-2017,
OPTSTK,ICIL,28-Dec-2017,110,CE,5.3,7.25,5.05,7.1,7.1,8,32.5,42000,3500,19-DEC-2017,
OPTSTK,ICIL,28-Dec-2017,115,CE,3.1,3.8,2.25,3.8,3.8,15,61.84,70000,7000,19-DEC-2017,
OPTSTK,ICIL,28-Dec-2017,120,CE,1.1,1.9,1.1,1.75,1.75,17,72.34,105000,0,19-DEC-2017,
OPTSTK,ICIL,28-Dec-2017,125,CE,0.6,0.75,0.6,0.75,0.75,4,17.59,52500,-3500,19-DEC-2017,
OPTSTK,ICIL,28-Dec-2017,130,CE,0.4,0.4,0.4,0.4,0.4,4,18.25,73500,-14000,19-DEC-2017,
OPTSTK,ICIL,28-Dec-2017,135,CE,0.35,0.35,0.35,0.35,0.35,1,4.73,31500,0,19-DEC-2017,
OPTSTK,ICIL,28-Dec-2017,140,CE,0.1,0.1,0.1,0.1,0.1,1,4.9,28000,-3500,19-DEC-2017,
OPTSTK,ICIL,28-Dec-2017,145,CE,0,0,0,0.45,0.05,0,0,10500,0,19-DEC-2017,
OPTSTK,ICIL,28-Dec-2017,150,CE,0.25,0.25,0.25,0.25,0.25,1,5.25,14000,0,19-DEC-2017,
OPTSTK,ICIL,28-Dec-2017,155,CE,0,0,0,0.15,0,0,0,0,0,19-DEC-2017,
OPTSTK,ICIL,28-Dec-2017,55,PE,0,0,0,0.55,0,0,0,0,0,19-DEC-2017,
OPTSTK,ICIL,28-Dec-2017,60,PE,0,0,0,1,0,0,0,0,0,19-DEC-2017,
OPTSTK,ICIL,28-Dec-2017,65,PE,0,0,0,1.6,0,0,0,0,0,19-DEC-2017,
OPTSTK,ICIL,28-Dec-2017,70,PE,0,0,0,2.45,0,0,0,0,0,19-DEC-2017,
OPTSTK,ICIL,28-Dec-2017,75,PE,0,0,0,3.55,0,0,0,0,0,19-DEC-2017,
OPTSTK,ICIL,28-Dec-2017,80,PE,0,0,0,4.9,0,0,0,0,0,19-DEC-2017,
OPTSTK,ICIL,28-Dec-2017,85,PE,0,0,0,6.55,0,0,0,0,0,19-DEC-2017,
OPTSTK,ICIL,28-Dec-2017,90,PE,0,0,0,0.35,0,0,0,10500,0,19-DEC-2017,
OPTSTK,ICIL,28-Dec-2017,95,PE,0,0,0,0.7,0.05,0,0,87500,0,19-DEC-2017,
OPTSTK,ICIL,28-Dec-2017,100,PE,0.2,0.2,0.2,0.2,0.2,1,3.5,21000,-3500,19-DEC-2017,
OPTSTK,ICIL,28-Dec-2017,105,PE,0.5,0.5,0.2,0.2,0.2,3,11.06,21000,7000,19-DEC-2017,
OPTSTK,ICIL,28-Dec-2017,110,PE,2.4,2.4,0.7,0.85,0.85,6,23.35,28000,7000,19-DEC-2017,
OPTSTK,ICIL,28-Dec-2017,115,PE,4.7,4.7,3.8,3.8,3.8,3,12.53,45500,-3500,19-DEC-2017,
OPTSTK,ICIL,28-Dec-2017,120,PE,5.3,5.3,5.3,5.3,5.3,2,8.77,42000,0,19-DEC-2017,
OPTSTK,ICIL,28-Dec-2017,125,PE,0,0,0,12.1,10.3,0,0,24500,0,19-DEC-2017,
OPTSTK,ICIL,28-Dec-2017,130,PE,0,0,0,22.5,14.8,0,0,28000,0,19-DEC-2017,
OPTSTK,ICIL,28-Dec-2017,135,PE,0,0,0,36.9,19.6,0,0,0,0,19-DEC-2017,
OPTSTK,ICIL,28-Dec-2017,140,PE,0,0,0,40.95,24.55,0,0,0,0,19-DEC-2017,
OPTSTK,ICIL,28-Dec-2017,145,PE,0,0,0,45.1,29.5,0,0,0,0,19-DEC-2017,
OPTSTK,ICIL,28-Dec-2017,150,PE,0,0,0,27.5,34.5,0,0,10500,0,19-DEC-2017,
OPTSTK,ICIL,28-Dec-2017,155,PE,0,0,0,53.7,39.5,0,0,0,0,19-DEC-2017,
OPTSTK,ICIL,25-Jan-2018,70,CE,0,0,0,52.2,45.8,0,0,0,0,19-DEC-2017,
OPTSTK,ICIL,25-Jan-2018,75,CE,0,0,0,47.55,40.8,0,0,0,0,19-DEC-2017,
OPTSTK,ICIL,25-Jan-2018,80,CE,0,0,0,43.05,35.9,0,0,0,0,19-DEC-2017,
OPTSTK,ICIL,25-Jan-2018,85,CE,0,0,0,38.7,31.05,0,0,0,0,19-DEC-2017,
OPTSTK,ICIL,25-Jan-2018,90,CE,0,0,0,34.6,26.3,0,0,0,0,19-DEC-2017,
OPTSTK,ICIL,25-Jan-2018,95,CE,0,0,0,30.75,21.8,0,0,0,0,19-DEC-2017,
OPTSTK,ICIL,25-Jan-2018,100,CE,0,0,0,27.15,17.6,0,0,0,0,19-DEC-2017,
OPTSTK,ICIL,25-Jan-2018,105,CE,0,0,0,23.85,13.85,0,0,0,0,19-DEC-2017,
OPTSTK,ICIL,25-Jan-2018,110,CE,0,0,0,20.8,10.6,0,0,0,0,19-DEC-2017,
OPTSTK,ICIL,25-Jan-2018,115,CE,0,0,0,18.1,7.9,0,0,0,0,19-DEC-2017,
OPTSTK,ICIL,25-Jan-2018,120,CE,0,0,0,15.65,5.75,0,0,0,0,19-DEC-2017,
OPTSTK,ICIL,25-Jan-2018,125,CE,0,0,0,13.45,4.05,0,0,0,0,19-DEC-2017,
OPTSTK,ICIL,25-Jan-2018,130,CE,0,0,0,11.55,2.8,0,0,0,0,19-DEC-2017,
OPTSTK,ICIL,25-Jan-2018,135,CE,0,0,0,9.85,1.9,0,0,0,0,19-DEC-2017,
OPTSTK,ICIL,25-Jan-2018,140,CE,0,0,0,8.4,1.25,0,0,0,0,19-DEC-2017,
OPTSTK,ICIL,25-Jan-2018,145,CE,0,0,0,7.1,0.8,0,0,0,0,19-DEC-2017,
OPTSTK,ICIL,25-Jan-2018,150,CE,0,0,0,6,0.5,0,0,0,0,19-DEC-2017,
OPTSTK,ICIL,25-Jan-2018,155,CE,0,0,0,5.1,0.35,0,0,0,0,19-DEC-2017,
OPTSTK,ICIL,25-Jan-2018,70,PE,0,0,0,0.35,0,0,0,0,0,19-DEC-2017,
OPTSTK,ICIL,25-Jan-2018,75,PE,0,0,0,0.6,0.05,0,0,0,0,19-DEC-2017,
OPTSTK,ICIL,25-Jan-2018,80,PE,0,0,0,1.05,0.05,0,0,0,0,19-DEC-2017,
OPTSTK,ICIL,25-Jan-2018,85,PE,0,0,0,1.65,0.2,0,0,0,0,19-DEC-2017,
OPTSTK,ICIL,25-Jan-2018,90,PE,0,0,0,2.45,0.4,0,0,0,0,19-DEC-2017,
OPTSTK,ICIL,25-Jan-2018,95,PE,0,0,0,3.5,0.9,0,0,0,0,19-DEC-2017,
OPTSTK,ICIL,25-Jan-2018,100,PE,0,0,0,4.85,1.65,0,0,0,0,19-DEC-2017,
OPTSTK,ICIL,25-Jan-2018,105,PE,0,0,0,6.45,2.9,0,0,0,0,19-DEC-2017,
OPTSTK,ICIL,25-Jan-2018,110,PE,0,0,0,8.35,4.6,0,0,0,0,19-DEC-2017,
OPTSTK,ICIL,25-Jan-2018,115,PE,0,0,0,10.55,6.85,0,0,0,0,19-DEC-2017,
OPTSTK,ICIL,25-Jan-2018,120,PE,0,0,0,13,9.65,0,0,0,0,19-DEC-2017,
OPTSTK,ICIL,25-Jan-2018,125,PE,0,0,0,15.75,12.95,0,0,0,0,19-DEC-2017,
OPTSTK,ICIL,25-Jan-2018,130,PE,0,0,0,18.75,16.65,0,0,0,0,19-DEC-2017,
OPTSTK,ICIL,25-Jan-2018,135,PE,0,0,0,22,20.7,0,0,0,0,19-DEC-2017,
OPTSTK,ICIL,25-Jan-2018,140,PE,0,0,0,25.45,25.05,0,0,0,0,19-DEC-2017,
OPTSTK,ICIL,25-Jan-2018,145,PE,0,0,0,29.1,29.55,0,0,0,0,19-DEC-2017,
OPTSTK,ICIL,25-Jan-2018,150,PE,0,0,0,32.9,34.25,0,0,0,0,19-DEC-2017,
OPTSTK,ICIL,25-Jan-2018,155,PE,0,0,0,36.9,39,0,0,0,0,19-DEC-2017,
OPTSTK,IDBI,28-Dec-2017,40,CE,0,0,0,13.25,18.75,0,0,0,0,19-DEC-2017,
OPTSTK,IDBI,28-Dec-2017,42.5,CE,0,0,0,10.95,16.25,0,0,0,0,19-DEC-2017,
OPTSTK,IDBI,28-Dec-2017,45,CE,0,0,0,8.75,13.75,0,0,0,0,19-DEC-2017,
OPTSTK,IDBI,28-Dec-2017,47.5,CE,0,0,0,6.75,11.25,0,0,0,0,19-DEC-2017,
OPTSTK,IDBI,28-Dec-2017,50,CE,0,0,0,5,8.75,0,0,0,0,19-DEC-2017,
OPTSTK,IDBI,28-Dec-2017,52.5,CE,0,0,0,8.75,6.3,0,0,8000,0,19-DEC-2017,
OPTSTK,IDBI,28-Dec-2017,55,CE,0,0,0,4.45,4.05,0,0,16000,0,19-DEC-2017,
OPTSTK,IDBI,28-Dec-2017,57.5,CE,2.05,2.4,2,2.3,2.3,6,28.62,96000,8000,19-DEC-2017,
OPTSTK,IDBI,28-Dec-2017,60,CE,1.3,1.3,0.8,1,1,81,395.05,1272000,120000,19-DEC-2017,
OPTSTK,IDBI,28-Dec-2017,62.5,CE,0.65,0.65,0.4,0.5,0.5,28,141.09,744000,-24000,19-DEC-2017,
OPTSTK,IDBI,28-Dec-2017,65,CE,0.35,0.35,0.25,0.3,0.3,26,135.76,1048000,32000,19-DEC-2017,
OPTSTK,IDBI,28-Dec-2017,67.5,CE,0,0,0,0.25,0.05,0,0,80000,0,19-DEC-2017,
OPTSTK,IDBI,28-Dec-2017,70,CE,0.1,0.1,0.1,0.1,0.1,12,67.29,680000,-8000,19-DEC-2017,
OPTSTK,IDBI,28-Dec-2017,72.5,CE,0.05,0.05,0.05,0.05,0.05,1,5.8,120000,-8000,19-DEC-2017,
OPTSTK,IDBI,28-Dec-2017,75,CE,0.05,0.05,0.05,0.05,0.05,1,6,232000,-8000,19-DEC-2017,
OPTSTK,IDBI,28-Dec-2017,77.5,CE,0,0,0,0.05,0,0,0,0,0,19-DEC-2017,
OPTSTK,IDBI,28-Dec-2017,80,CE,0,0,0,0.05,0,0,0,0,0,19-DEC-2017,
OPTSTK,IDBI,28-Dec-2017,40,PE,0,0,0,0.1,0,0,0,8000,0,19-DEC-2017,
OPTSTK,IDBI,28-Dec-2017,42.5,PE,0,0,0,0.2,0,0,0,0,0,19-DEC-2017,
OPTSTK,IDBI,28-Dec-2017,45,PE,0,0,0,0.05,0,0,0,24000,0,19-DEC-2017,
OPTSTK,IDBI,28-Dec-2017,47.5,PE,0.05,0.05,0.05,0.05,0.05,86,327.14,0,-344000,19-DEC-2017,
OPTSTK,IDBI,28-Dec-2017,50,PE,0,0,0,0.1,0.05,0,0,192000,0,19-DEC-2017,
OPTSTK,IDBI,28-Dec-2017,52.5,PE,0.1,0.1,0.1,0.1,0.1,1,4.2,72000,-8000,19-DEC-2017,
OPTSTK,IDBI,28-Dec-2017,55,PE,0.3,0.35,0.3,0.35,0.35,13,57.54,296000,-16000,19-DEC-2017,
OPTSTK,IDBI,28-Dec-2017,57.5,PE,0.85,1.05,0.8,0.8,0.8,12,56.08,368000,16000,19-DEC-2017,
OPTSTK,IDBI,28-Dec-2017,60,PE,2.45,2.45,2.45,2.45,2.45,1,4.99,216000,0,19-DEC-2017,
OPTSTK,IDBI,28-Dec-2017,62.5,PE,0,0,0,4.15,4.1,0,0,80000,0,19-DEC-2017,
OPTSTK,IDBI,28-Dec-2017,65,PE,0,0,0,5.25,6.35,0,0,120000,0,19-DEC-2017,
OPTSTK,IDBI,28-Dec-2017,67.5,PE,0,0,0,14.15,8.8,0,0,0,0,19-DEC-2017,
OPTSTK,IDBI,28-Dec-2017,70,PE,0,0,0,9.5,11.25,0,0,40000,0,19-DEC-2017,
OPTSTK,IDBI,28-Dec-2017,72.5,PE,0,0,0,18.9,13.75,0,0,0,0,19-DEC-2017,
OPTSTK,IDBI,28-Dec-2017,75,PE,16.5,16.5,16.5,16.5,16.5,1,7.32,128000,-8000,19-DEC-2017,
OPTSTK,IDBI,28-Dec-2017,77.5,PE,0,0,0,23.8,18.75,0,0,0,0,19-DEC-2017,
OPTSTK,IDBI,28-Dec-2017,80,PE,0,0,0,24.85,21.25,0,0,0,0,19-DEC-2017,
OPTSTK,IDBI,25-Jan-2018,42.5,CE,0,0,0,27.85,16.45,0,0,0,0,19-DEC-2017,
OPTSTK,IDBI,25-Jan-2018,45,CE,0,0,0,25.9,14,0,0,0,0,19-DEC-2017,
OPTSTK,IDBI,25-Jan-2018,47.5,CE,0,0,0,24.1,11.6,0,0,0,0,19-DEC-2017,
OPTSTK,IDBI,25-Jan-2018,50,CE,0,0,0,22.35,9.35,0,0,0,0,19-DEC-2017,
OPTSTK,IDBI,25-Jan-2018,52.5,CE,0,0,0,20.7,7.25,0,0,0,0,19-DEC-2017,
OPTSTK,IDBI,25-Jan-2018,55,CE,0,0,0,19.15,5.4,0,0,0,0,19-DEC-2017,
OPTSTK,IDBI,25-Jan-2018,57.5,CE,4,4,4,4,4,1,6.15,10000,10000,19-DEC-2017,
OPTSTK,IDBI,25-Jan-2018,60,CE,3,3,2.6,2.6,2.6,4,25.08,40000,40000,19-DEC-2017,
OPTSTK,IDBI,25-Jan-2018,62.5,CE,0,0,0,15.05,1.75,0,0,0,0,19-DEC-2017,
OPTSTK,IDBI,25-Jan-2018,65,CE,1.1,1.1,1.1,1.1,1.1,1,6.61,10000,10000,19-DEC-2017,
OPTSTK,IDBI,25-Jan-2018,67.5,CE,0.6,0.7,0.6,0.7,0.7,4,27.26,40000,40000,19-DEC-2017,
OPTSTK,IDBI,25-Jan-2018,70,CE,0.85,0.85,0.35,0.45,0.45,7,49.33,80000,50000,19-DEC-2017,
OPTSTK,IDBI,25-Jan-2018,72.5,CE,0,0,0,10.85,0.25,0,0,0,0,19-DEC-2017,
OPTSTK,IDBI,25-Jan-2018,75,CE,0,0,0,9.95,0.15,0,0,0,0,19-DEC-2017,
OPTSTK,IDBI,25-Jan-2018,77.5,CE,0,0,0,9.15,0.1,0,0,0,0,19-DEC-2017,
OPTSTK,IDBI,25-Jan-2018,80,CE,0,0,0,8.4,0.05,0,0,0,0,19-DEC-2017,
OPTSTK,IDBI,25-Jan-2018,42.5,PE,0,0,0,1.75,0.05,0,0,0,0,19-DEC-2017,
OPTSTK,IDBI,25-Jan-2018,45,PE,0,0,0,2.25,0.05,0,0,0,0,19-DEC-2017,
OPTSTK,IDBI,25-Jan-2018,47.5,PE,0,0,0,2.9,0.15,0,0,0,0,19-DEC-2017,
OPTSTK,IDBI,25-Jan-2018,50,PE,0,0,0,0.15,0.35,0,0,150000,0,19-DEC-2017,
OPTSTK,IDBI,25-Jan-2018,52.5,PE,0,0,0,3.5,0.75,0,0,180000,0,19-DEC-2017,
OPTSTK,IDBI,25-Jan-2018,55,PE,0,0,0,5.35,1.4,0,0,0,0,19-DEC-2017,
OPTSTK,IDBI,25-Jan-2018,57.5,PE,0,0,0,6.35,2.35,0,0,0,0,19-DEC-2017,
OPTSTK,IDBI,25-Jan-2018,60,PE,0,0,0,7.45,3.6,0,0,0,0,19-DEC-2017,
OPTSTK,IDBI,25-Jan-2018,62.5,PE,0,0,0,8.65,5.2,0,0,0,0,19-DEC-2017,
OPTSTK,IDBI,25-Jan-2018,65,PE,0,0,0,9.9,7.05,0,0,0,0,19-DEC-2017,
OPTSTK,IDBI,25-Jan-2018,67.5,PE,0,0,0,11.3,9.1,0,0,0,0,19-DEC-2017,
OPTSTK,IDBI,25-Jan-2018,70,PE,11.3,11.3,11.3,11.3,11.3,1,8.13,30000,10000,19-DEC-2017,
OPTSTK,IDBI,25-Jan-2018,72.5,PE,0,0,0,14.25,13.6,0,0,0,0,19-DEC-2017,
OPTSTK,IDBI,25-Jan-2018,75,PE,0,0,0,15.85,16,0,0,0,0,19-DEC-2017,
OPTSTK,IDBI,25-Jan-2018,77.5,PE,0,0,0,17.5,18.45,0,0,0,0,19-DEC-2017,
OPTSTK,IDBI,25-Jan-2018,80,PE,0,0,0,19.2,20.9,0,0,0,0,19-DEC-2017,
OPTSTK,IDBI,22-Feb-2018,42.5,CE,0,0,0,19.25,16.75,0,0,0,0,19-DEC-2017,
OPTSTK,IDBI,22-Feb-2018,45,CE,0,0,0,17.1,14.4,0,0,0,0,19-DEC-2017,
OPTSTK,IDBI,22-Feb-2018,47.5,CE,0,0,0,15.1,12.15,0,0,0,0,19-DEC-2017,
OPTSTK,IDBI,22-Feb-2018,50,CE,0,0,0,13.2,10.05,0,0,0,0,19-DEC-2017,
OPTSTK,IDBI,22-Feb-2018,52.5,CE,0,0,0,11.5,8.15,0,0,0,0,19-DEC-2017,
OPTSTK,IDBI,22-Feb-2018,55,CE,0,0,0,9.9,6.45,0,0,0,0,19-DEC-2017,
OPTSTK,IDBI,22-Feb-2018,57.5,CE,0,0,0,8.5,5,0,0,0,0,19-DEC-2017,
OPTSTK,IDBI,22-Feb-2018,60,CE,0,0,0,7.25,3.8,0,0,0,0,19-DEC-2017,
OPTSTK,IDBI,22-Feb-2018,62.5,CE,0,0,0,6.1,2.8,0,0,0,0,19-DEC-2017,
OPTSTK,IDBI,22-Feb-2018,65,CE,0,0,0,5.15,2.05,0,0,0,0,19-DEC-2017,
OPTSTK,IDBI,22-Feb-2018,67.5,CE,0,0,0,4.3,1.45,0,0,0,0,19-DEC-2017,
OPTSTK,IDBI,22-Feb-2018,70,CE,0,0,0,3.6,1.05,0,0,0,0,19-DEC-2017,
OPTSTK,IDBI,22-Feb-2018,72.5,CE,0,0,0,3,0.7,0,0,0,0,19-DEC-2017,
OPTSTK,IDBI,22-Feb-2018,75,CE,0,0,0,2.45,0.5,0,0,0,0,19-DEC-2017,
OPTSTK,IDBI,22-Feb-2018,77.5,CE,0,0,0,2.05,0.35,0,0,0,0,19-DEC-2017,
OPTSTK,IDBI,22-Feb-2018,80,CE,0,0,0,1.65,0.25,0,0,0,0,19-DEC-2017,
OPTSTK,IDBI,22-Feb-2018,42.5,PE,0,0,0,0.55,0.1,0,0,0,0,19-DEC-2017,
OPTSTK,IDBI,22-Feb-2018,45,PE,0,0,0,0.9,0.25,0,0,0,0,19-DEC-2017,
OPTSTK,IDBI,22-Feb-2018,47.5,PE,0,0,0,1.35,0.45,0,0,0,0,19-DEC-2017,
OPTSTK,IDBI,22-Feb-2018,50,PE,0,0,0,1.95,0.8,0,0,0,0,19-DEC-2017,
OPTSTK,IDBI,22-Feb-2018,52.5,PE,0,0,0,2.65,1.4,0,0,0,0,19-DEC-2017,
OPTSTK,IDBI,22-Feb-2018,55,PE,0,0,0,3.55,2.15,0,0,0,0,19-DEC-2017,
OPTSTK,IDBI,22-Feb-2018,57.5,PE,0,0,0,4.6,3.2,0,0,0,0,19-DEC-2017,
OPTSTK,IDBI,22-Feb-2018,60,PE,0,0,0,5.8,4.45,0,0,0,0,19-DEC-2017,
OPTSTK,IDBI,22-Feb-2018,62.5,PE,0,0,0,7.15,5.95,0,0,0,0,19-DEC-2017,
OPTSTK,IDBI,22-Feb-2018,65,PE,0,0,0,8.65,7.65,0,0,0,0,19-DEC-2017,
OPTSTK,IDBI,22-Feb-2018,67.5,PE,0,0,0,10.3,9.55,0,0,0,0,19-DEC-2017,
OPTSTK,IDBI,22-Feb-2018,70,PE,0,0,0,12.05,11.6,0,0,0,0,19-DEC-2017,
OPTSTK,IDBI,22-Feb-2018,72.5,PE,0,0,0,13.9,13.75,0,0,0,0,19-DEC-2017,
OPTSTK,IDBI,22-Feb-2018,75,PE,0,0,0,15.85,16,0,0,0,0,19-DEC-2017,
OPTSTK,IDBI,22-Feb-2018,77.5,PE,0,0,0,17.85,18.3,0,0,0,0,19-DEC-2017,
OPTSTK,IDBI,22-Feb-2018,80,PE,0,0,0,19.95,20.65,0,0,0,0,19-DEC-2017,
OPTSTK,IDEA,28-Dec-2017,55,CE,0,0,0,21.85,43.7,0,0,0,0,19-DEC-2017,
OPTSTK,IDEA,28-Dec-2017,57.5,CE,0,0,0,19.6,41.2,0,0,0,0,19-DEC-2017,
OPTSTK,IDEA,28-Dec-2017,60,CE,0,0,0,17.45,38.7,0,0,0,0,19-DEC-2017,
OPTSTK,IDEA,28-Dec-2017,62.5,CE,0,0,0,15.4,36.2,0,0,0,0,19-DEC-2017,
OPTSTK,IDEA,28-Dec-2017,65,CE,0,0,0,13.45,33.7,0,0,0,0,19-DEC-2017,
OPTSTK,IDEA,28-Dec-2017,67.5,CE,0,0,0,11.7,31.2,0,0,0,0,19-DEC-2017,
OPTSTK,IDEA,28-Dec-2017,70,CE,0,0,0,23.3,28.75,0,0,7000,0,19-DEC-2017,
OPTSTK,IDEA,28-Dec-2017,72.5,CE,0,0,0,8.6,26.25,0,0,0,0,19-DEC-2017,
OPTSTK,IDEA,28-Dec-2017,75,CE,0,0,0,19.1,23.75,0,0,14000,0,19-DEC-2017,
OPTSTK,IDEA,28-Dec-2017,77.5,CE,0,0,0,6.1,21.25,0,0,0,0,19-DEC-2017,
OPTSTK,IDEA,28-Dec-2017,80,CE,0,0,0,14.95,18.75,0,0,7000,0,19-DEC-2017,
OPTSTK,IDEA,28-Dec-2017,82.5,CE,0,0,0,14.15,16.25,0,0,7000,0,19-DEC-2017,
OPTSTK,IDEA,28-Dec-2017,85,CE,0,0,0,10,13.8,0,0,105000,0,19-DEC-2017,
OPTSTK,IDEA,28-Dec-2017,87.5,CE,0,0,0,6.7,11.4,0,0,420000,0,19-DEC-2017,
OPTSTK,IDEA,28-Dec-2017,90,CE,5.1,9,5.1,9,9,6,40.76,980000,7000,19-DEC-2017,
OPTSTK,IDEA,28-Dec-2017,92.5,CE,3.45,7,3.45,6.65,6.65,18,123.55,581000,-35000,19-DEC-2017,
OPTSTK,IDEA,28-Dec-2017,95,CE,2.2,5,1.85,4.8,4.8,838,5761.58,2086000,-455000,19-DEC-2017,
OPTSTK,IDEA,28-Dec-2017,97.5,CE,1.15,3.35,1.05,3.05,3.05,696,4864.85,1379000,7000,19-DEC-2017,
OPTSTK,IDEA,28-Dec-2017,100,CE,0.9,2.1,0.6,1.95,1.95,2289,16252.01,5012000,-1022000,19-DEC-2017,
OPTSTK,IDEA,28-Dec-2017,102.5,CE,0.5,1.35,0.45,1.2,1.2,285,2063.16,1309000,21000,19-DEC-2017,
OPTSTK,IDEA,28-Dec-2017,105,CE,0.4,0.85,0.25,0.75,0.75,882,6518.38,2779000,-105000,19-DEC-2017,
OPTSTK,IDEA,28-Dec-2017,107.5,CE,0.25,0.6,0.25,0.5,0.5,35,264.36,210000,-7000,19-DEC-2017,
OPTSTK,IDEA,28-Dec-2017,110,CE,0.25,0.45,0.15,0.4,0.4,412,3181.05,2898000,-140000,19-DEC-2017,
OPTSTK,IDEA,28-Dec-2017,112.5,CE,0.15,0.25,0.15,0.25,0.25,7,55.22,91000,-7000,19-DEC-2017,
OPTSTK,IDEA,28-Dec-2017,115,CE,0.1,0.25,0.1,0.2,0.2,28,225.72,231000,-42000,19-DEC-2017,
OPTSTK,IDEA,28-Dec-2017,117.5,CE,0.1,0.1,0.1,0.1,0.1,1,8.23,63000,0,19-DEC-2017,
OPTSTK,IDEA,28-Dec-2017,120,CE,0.1,0.15,0.05,0.15,0.15,114,958.65,1484000,-322000,19-DEC-2017,
OPTSTK,IDEA,28-Dec-2017,122.5,CE,0,0,0,0.1,0,0,0,21000,0,19-DEC-2017,
OPTSTK,IDEA,28-Dec-2017,125,CE,0.1,0.1,0.1,0.1,0.1,1,8.75,217000,7000,19-DEC-2017,
OPTSTK,IDEA,28-Dec-2017,55,PE,0,0,0,0.35,0,0,0,0,0,19-DEC-2017,
OPTSTK,IDEA,28-Dec-2017,57.5,PE,0,0,0,0.55,0,0,0,0,0,19-DEC-2017,
OPTSTK,IDEA,28-Dec-2017,60,PE,0,0,0,0.85,0,0,0,0,0,19-DEC-2017,
OPTSTK,IDEA,28-Dec-2017,62.5,PE,0,0,0,1.25,0,0,0,0,0,19-DEC-2017,
OPTSTK,IDEA,28-Dec-2017,65,PE,0,0,0,1.8,0,0,0,0,0,19-DEC-2017,
OPTSTK,IDEA,28-Dec-2017,67.5,PE,0,0,0,2.5,0,0,0,0,0,19-DEC-2017,
OPTSTK,IDEA,28-Dec-2017,70,PE,0.05,0.05,0.05,0.05,0.05,1,4.9,98000,0,19-DEC-2017,
OPTSTK,IDEA,28-Dec-2017,72.5,PE,0,0,0,0.1,0,0,0,14000,0,19-DEC-2017,
OPTSTK,IDEA,28-Dec-2017,75,PE,0.05,0.05,0.05,0.05,0.05,1,5.25,70000,-7000,19-DEC-2017,
OPTSTK,IDEA,28-Dec-2017,77.5,PE,0,0,0,0.1,0,0,0,7000,0,19-DEC-2017,
OPTSTK,IDEA,28-Dec-2017,80,PE,0.1,0.1,0.1,0.1,0.1,13,72.89,329000,-77000,19-DEC-2017,
OPTSTK,IDEA,28-Dec-2017,82.5,PE,0.15,0.15,0.15,0.15,0.15,2,11.57,105000,0,19-DEC-2017,
OPTSTK,IDEA,28-Dec-2017,85,PE,0.2,0.2,0.1,0.15,0.15,40,238.45,532000,-7000,19-DEC-2017,
OPTSTK,IDEA,28-Dec-2017,87.5,PE,0.4,0.45,0.15,0.2,0.2,103,632.42,1015000,21000,19-DEC-2017,
OPTSTK,IDEA,28-Dec-2017,90,PE,0.8,0.8,0.3,0.35,0.35,392,2481.56,3360000,210000,19-DEC-2017,
OPTSTK,IDEA,28-Dec-2017,92.5,PE,1.2,1.3,0.5,0.55,0.55,170,1108.54,756000,133000,19-DEC-2017,
OPTSTK,IDEA,28-Dec-2017,95,PE,2.3,2.4,0.85,1,1,553,3724.06,1477000,427000,19-DEC-2017,
OPTSTK,IDEA,28-Dec-2017,97.5,PE,2.4,2.55,1.55,1.9,1.9,231,1608.63,1204000,-91000,19-DEC-2017,
OPTSTK,IDEA,28-Dec-2017,100,PE,5.9,5.9,3,3.1,3.1,39,283.2,833000,56000,19-DEC-2017,
OPTSTK,IDEA,28-Dec-2017,102.5,PE,0,0,0,7.6,5.2,0,0,175000,0,19-DEC-2017,
OPTSTK,IDEA,28-Dec-2017,105,PE,8.45,8.5,7.2,7.2,7.2,8,63.32,238000,-7000,19-DEC-2017,
OPTSTK,IDEA,28-Dec-2017,107.5,PE,0,0,0,15,9.2,0,0,105000,0,19-DEC-2017,
OPTSTK,IDEA,28-Dec-2017,110,PE,0,0,0,12,11.5,0,0,35000,0,19-DEC-2017,
OPTSTK,IDEA,28-Dec-2017,112.5,PE,0,0,0,33.75,13.85,0,0,0,0,19-DEC-2017,
OPTSTK,IDEA,28-Dec-2017,115,PE,0,0,0,34.9,16.3,0,0,0,0,19-DEC-2017,
OPTSTK,IDEA,28-Dec-2017,117.5,PE,0,0,0,33.6,18.75,0,0,0,0,19-DEC-2017,
OPTSTK,IDEA,28-Dec-2017,120,PE,0,0,0,30.8,21.25,0,0,0,0,19-DEC-2017,
OPTSTK,IDEA,28-Dec-2017,122.5,PE,0,0,0,32.95,23.75,0,0,0,0,19-DEC-2017,
OPTSTK,IDEA,28-Dec-2017,125,PE,0,0,0,35.15,26.25,0,0,0,0,19-DEC-2017,
OPTSTK,IDEA,25-Jan-2018,62.5,CE,0,0,0,35.95,36.55,0,0,0,0,19-DEC-2017,
OPTSTK,IDEA,25-Jan-2018,65,CE,0,0,0,33.75,34.05,0,0,0,0,19-DEC-2017,
OPTSTK,IDEA,25-Jan-2018,67.5,CE,0,0,0,31.6,31.6,0,0,0,0,19-DEC-2017,
OPTSTK,IDEA,25-Jan-2018,70,CE,0,0,0,29.55,29.1,0,0,0,0,19-DEC-2017,
OPTSTK,IDEA,25-Jan-2018,72.5,CE,0,0,0,27.55,26.65,0,0,0,0,19-DEC-2017,
OPTSTK,IDEA,25-Jan-2018,75,CE,0,0,0,25.65,24.25,0,0,0,0,19-DEC-2017,
OPTSTK,IDEA,25-Jan-2018,77.5,CE,0,0,0,23.8,21.85,0,0,0,0,19-DEC-2017,
OPTSTK,IDEA,25-Jan-2018,80,CE,0,0,0,22.05,19.55,0,0,0,0,19-DEC-2017,
OPTSTK,IDEA,25-Jan-2018,82.5,CE,0,0,0,20.4,17.35,0,0,0,0,19-DEC-2017,
OPTSTK,IDEA,25-Jan-2018,85,CE,0,0,0,18.8,15.2,0,0,0,0,19-DEC-2017,
OPTSTK,IDEA,25-Jan-2018,87.5,CE,0,0,0,17.3,13.2,0,0,0,0,19-DEC-2017,
OPTSTK,IDEA,25-Jan-2018,90,CE,0,0,0,15.9,11.3,0,0,0,0,19-DEC-2017,
OPTSTK,IDEA,25-Jan-2018,92.5,CE,0,0,0,14.6,9.6,0,0,0,0,19-DEC-2017,
OPTSTK,IDEA,25-Jan-2018,95,CE,5.2,7.3,5.2,7.3,7.3,7,49.57,7000,7000,19-DEC-2017,
OPTSTK,IDEA,25-Jan-2018,97.5,CE,0,0,0,5.25,6.7,0,0,7000,0,19-DEC-2017,
OPTSTK,IDEA,25-Jan-2018,100,CE,3.25,4,3.25,4,4,14,101.84,91000,91000,19-DEC-2017,
OPTSTK,IDEA,25-Jan-2018,102.5,CE,0,0,0,10.2,4.45,0,0,0,0,19-DEC-2017,
OPTSTK,IDEA,25-Jan-2018,105,CE,2.2,2.7,2.2,2.7,2.7,5,37.63,35000,35000,19-DEC-2017,
OPTSTK,IDEA,25-Jan-2018,107.5,CE,0,0,0,8.4,2.8,0,0,0,0,19-DEC-2017,
OPTSTK,IDEA,25-Jan-2018,110,CE,1.4,1.75,1.4,1.7,1.7,18,140.56,105000,105000,19-DEC-2017,
OPTSTK,IDEA,25-Jan-2018,112.5,CE,0,0,0,6.95,1.7,0,0,0,0,19-DEC-2017,
OPTSTK,IDEA,25-Jan-2018,115,CE,0.9,0.9,0.9,0.9,0.9,1,8.11,7000,7000,19-DEC-2017,
OPTSTK,IDEA,25-Jan-2018,117.5,CE,0,0,0,5.7,1,0,0,0,0,19-DEC-2017,
OPTSTK,IDEA,25-Jan-2018,120,CE,0.95,0.95,0.95,0.95,0.95,1,8.46,7000,7000,19-DEC-2017,
OPTSTK,IDEA,25-Jan-2018,122.5,CE,0,0,0,4.65,0.6,0,0,0,0,19-DEC-2017,
OPTSTK,IDEA,25-Jan-2018,125,CE,0,0,0,4.2,0.45,0,0,0,0,19-DEC-2017,
OPTSTK,IDEA,25-Jan-2018,62.5,PE,0,0,0,0.8,0,0,0,0,0,19-DEC-2017,
OPTSTK,IDEA,25-Jan-2018,65,PE,0,0,0,1.05,0.05,0,0,0,0,19-DEC-2017,
OPTSTK,IDEA,25-Jan-2018,67.5,PE,0,0,0,1.35,0.05,0,0,0,0,19-DEC-2017,
OPTSTK,IDEA,25-Jan-2018,70,PE,0,0,0,1.75,0.05,0,0,0,0,19-DEC-2017,
OPTSTK,IDEA,25-Jan-2018,72.5,PE,0,0,0,2.2,0.1,0,0,0,0,19-DEC-2017,
OPTSTK,IDEA,25-Jan-2018,75,PE,0,0,0,2.75,0.15,0,0,0,0,19-DEC-2017,
OPTSTK,IDEA,25-Jan-2018,77.5,PE,0,0,0,3.4,0.25,0,0,0,0,19-DEC-2017,
OPTSTK,IDEA,25-Jan-2018,80,PE,0,0,0,4.1,0.45,0,0,0,0,19-DEC-2017,
OPTSTK,IDEA,25-Jan-2018,82.5,PE,0,0,0,4.9,0.7,0,0,0,0,19-DEC-2017,
OPTSTK,IDEA,25-Jan-2018,85,PE,0.85,0.85,0.75,0.75,0.75,7,42.03,63000,35000,19-DEC-2017,
OPTSTK,IDEA,25-Jan-2018,87.5,PE,0,0,0,6.75,1.5,0,0,0,0,19-DEC-2017,
OPTSTK,IDEA,25-Jan-2018,90,PE,0,0,0,7.8,2.15,0,0,0,0,19-DEC-2017,
OPTSTK,IDEA,25-Jan-2018,92.5,PE,0,0,0,8.95,2.9,0,0,0,0,19-DEC-2017,
OPTSTK,IDEA,25-Jan-2018,95,PE,0,0,0,10.2,3.85,0,0,0,0,19-DEC-2017,
OPTSTK,IDEA,25-Jan-2018,97.5,PE,0,0,0,11.5,4.95,0,0,0,0,19-DEC-2017,
OPTSTK,IDEA,25-Jan-2018,100,PE,6.5,6.5,4.95,5.3,5.3,4,29.57,28000,14000,19-DEC-2017,
OPTSTK,IDEA,25-Jan-2018,102.5,PE,6.3,6.3,6.3,6.3,6.3,20,152.32,140000,140000,19-DEC-2017,
OPTSTK,IDEA,25-Jan-2018,105,PE,0,0,0,15.9,9.25,0,0,0,0,19-DEC-2017,
OPTSTK,IDEA,25-Jan-2018,107.5,PE,0,0,0,17.55,11,0,0,0,0,19-DEC-2017,
OPTSTK,IDEA,25-Jan-2018,110,PE,0,0,0,19.25,12.9,0,0,0,0,19-DEC-2017,
OPTSTK,IDEA,25-Jan-2018,112.5,PE,0,0,0,20.95,14.9,0,0,0,0,19-DEC-2017,
OPTSTK,IDEA,25-Jan-2018,115,PE,0,0,0,22.8,17,0,0,0,0,19-DEC-2017,
OPTSTK,IDEA,25-Jan-2018,117.5,PE,0,0,0,24.65,19.15,0,0,0,0,19-DEC-2017,
OPTSTK,IDEA,25-Jan-2018,120,PE,0,0,0,26.55,21.4,0,0,0,0,19-DEC-2017,
OPTSTK,IDEA,25-Jan-2018,122.5,PE,0,0,0,28.55,23.7,0,0,0,0,19-DEC-2017,
OPTSTK,IDEA,25-Jan-2018,125,PE,0,0,0,30.55,26,0,0,0,0,19-DEC-2017,
OPTSTK,IDEA,22-Feb-2018,62.5,CE,0,0,0,33.3,36.9,0,0,0,0,19-DEC-2017,
OPTSTK,IDEA,22-Feb-2018,65,CE,0,0,0,31.05,34.45,0,0,0,0,19-DEC-2017,
OPTSTK,IDEA,22-Feb-2018,67.5,CE,0,0,0,28.85,32.05,0,0,0,0,19-DEC-2017,
OPTSTK,IDEA,22-Feb-2018,70,CE,0,0,0,26.7,29.65,0,0,0,0,19-DEC-2017,
OPTSTK,IDEA,22-Feb-2018,72.5,CE,0,0,0,24.6,27.3,0,0,0,0,19-DEC-2017,
OPTSTK,IDEA,22-Feb-2018,75,CE,0,0,0,22.65,25,0,0,0,0,19-DEC-2017,
OPTSTK,IDEA,22-Feb-2018,77.5,CE,0,0,0,20.75,22.8,0,0,0,0,19-DEC-2017,
OPTSTK,IDEA,22-Feb-2018,80,CE,0,0,0,18.95,20.65,0,0,0,0,19-DEC-2017,
OPTSTK,IDEA,22-Feb-2018,82.5,CE,0,0,0,17.25,18.6,0,0,0,0,19-DEC-2017,
OPTSTK,IDEA,22-Feb-2018,85,CE,0,0,0,15.65,16.65,0,0,0,0,19-DEC-2017,
OPTSTK,IDEA,22-Feb-2018,87.5,CE,0,0,0,14.15,14.85,0,0,0,0,19-DEC-2017,
OPTSTK,IDEA,22-Feb-2018,90,CE,0,0,0,12.75,13.1,0,0,0,0,19-DEC-2017,
OPTSTK,IDEA,22-Feb-2018,92.5,CE,0,0,0,11.45,11.55,0,0,0,0,19-DEC-2017,
OPTSTK,IDEA,22-Feb-2018,95,CE,0,0,0,10.25,10.1,0,0,0,0,19-DEC-2017,
OPTSTK,IDEA,22-Feb-2018,97.5,CE,0,0,0,9.2,8.75,0,0,0,0,19-DEC-2017,
OPTSTK,IDEA,22-Feb-2018,100,CE,0,0,0,8.2,7.6,0,0,0,0,19-DEC-2017,
OPTSTK,IDEA,22-Feb-2018,102.5,CE,0,0,0,7.3,6.5,0,0,0,0,19-DEC-2017,
OPTSTK,IDEA,22-Feb-2018,105,CE,0,0,0,6.45,5.55,0,0,0,0,19-DEC-2017,
OPTSTK,IDEA,22-Feb-2018,107.5,CE,0,0,0,5.75,4.75,0,0,0,0,19-DEC-2017,
OPTSTK,IDEA,22-Feb-2018,110,CE,0,0,0,5.05,4,0,0,0,0,19-DEC-2017,
OPTSTK,IDEA,22-Feb-2018,112.5,CE,0,0,0,4.45,3.4,0,0,0,0,19-DEC-2017,
OPTSTK,IDEA,22-Feb-2018,115,CE,0,0,0,3.95,2.85,0,0,0,0,19-DEC-2017,
OPTSTK,IDEA,22-Feb-2018,117.5,CE,0,0,0,3.45,2.35,0,0,0,0,19-DEC-2017,
OPTSTK,IDEA,22-Feb-2018,120,CE,0,0,0,3.05,1.95,0,0,0,0,19-DEC-2017,
OPTSTK,IDEA,22-Feb-2018,122.5,CE,0,0,0,2.65,1.65,0,0,0,0,19-DEC-2017,
OPTSTK,IDEA,22-Feb-2018,125,CE,0,0,0,2.35,1.35,0,0,0,0,19-DEC-2017,
OPTSTK,IDEA,22-Feb-2018,62.5,PE,0,0,0,0.45,0.05,0,0,0,0,19-DEC-2017,
OPTSTK,IDEA,22-Feb-2018,65,PE,0,0,0,0.65,0.1,0,0,0,0,19-DEC-2017,
OPTSTK,IDEA,22-Feb-2018,67.5,PE,0,0,0,0.9,0.15,0,0,0,0,19-DEC-2017,
OPTSTK,IDEA,22-Feb-2018,70,PE,0,0,0,1.2,0.25,0,0,0,0,19-DEC-2017,
OPTSTK,IDEA,22-Feb-2018,72.5,PE,0,0,0,1.6,0.4,0,0,0,0,19-DEC-2017,
OPTSTK,IDEA,22-Feb-2018,75,PE,0,0,0,2.1,0.55,0,0,0,0,19-DEC-2017,
OPTSTK,IDEA,22-Feb-2018,77.5,PE,0,0,0,2.65,0.8,0,0,0,0,19-DEC-2017,
OPTSTK,IDEA,22-Feb-2018,80,PE,0,0,0,3.3,1.15,0,0,0,0,19-DEC-2017,
OPTSTK,IDEA,22-Feb-2018,82.5,PE,0,0,0,4.1,1.55,0,0,0,0,19-DEC-2017,
OPTSTK,IDEA,22-Feb-2018,85,PE,0,0,0,4.95,2.1,0,0,0,0,19-DEC-2017,
OPTSTK,IDEA,22-Feb-2018,87.5,PE,0,0,0,5.9,2.75,0,0,0,0,19-DEC-2017,
OPTSTK,IDEA,22-Feb-2018,90,PE,0,0,0,7,3.5,0,0,0,0,19-DEC-2017,
OPTSTK,IDEA,22-Feb-2018,92.5,PE,0,0,0,8.15,4.4,0,0,0,0,19-DEC-2017,
OPTSTK,IDEA,22-Feb-2018,95,PE,0,0,0,9.45,5.4,0,0,0,0,19-DEC-2017,
OPTSTK,IDEA,22-Feb-2018,97.5,PE,0,0,0,10.8,6.55,0,0,0,0,19-DEC-2017,
OPTSTK,IDEA,22-Feb-2018,100,PE,0,0,0,12.3,7.85,0,0,0,0,19-DEC-2017,
OPTSTK,IDEA,22-Feb-2018,102.5,PE,0,0,0,13.85,9.25,0,0,0,0,19-DEC-2017,
OPTSTK,IDEA,22-Feb-2018,105,PE,0,0,0,15.5,10.75,0,0,0,0,19-DEC-2017,
OPTSTK,IDEA,22-Feb-2018,107.5,PE,0,0,0,17.2,12.4,0,0,0,0,19-DEC-2017,
OPTSTK,IDEA,22-Feb-2018,110,PE,0,0,0,19,14.15,0,0,0,0,19-DEC-2017,
OPTSTK,IDEA,22-Feb-2018,112.5,PE,0,0,0,20.9,16,0,0,0,0,19-DEC-2017,
OPTSTK,IDEA,22-Feb-2018,115,PE,0,0,0,22.8,17.95,0,0,0,0,19-DEC-2017,
OPTSTK,IDEA,22-Feb-2018,117.5,PE,0,0,0,24.8,19.95,0,0,0,0,19-DEC-2017,
OPTSTK,IDEA,22-Feb-2018,120,PE,0,0,0,26.85,22,0,0,0,0,19-DEC-2017,
OPTSTK,IDEA,22-Feb-2018,122.5,PE,0,0,0,28.95,24.15,0,0,0,0,19-DEC-2017,
OPTSTK,IDEA,22-Feb-2018,125,PE,0,0,0,31.05,26.3,0,0,0,0,19-DEC-2017,
OPTSTK,IDFC,28-Dec-2017,37.5,CE,0,0,0,22.4,21.1,0,0,0,0,19-DEC-2017,
OPTSTK,IDFC,28-Dec-2017,40,CE,0,0,0,20,18.6,0,0,0,0,19-DEC-2017,
OPTSTK,IDFC,28-Dec-2017,42.5,CE,0,0,0,17.6,16.1,0,0,0,0,19-DEC-2017,
OPTSTK,IDFC,28-Dec-2017,45,CE,0,0,0,15.25,13.6,0,0,0,0,19-DEC-2017,
OPTSTK,IDFC,28-Dec-2017,47.5,CE,0,0,0,13.05,11.1,0,0,0,0,19-DEC-2017,
OPTSTK,IDFC,28-Dec-2017,50,CE,0,0,0,10.95,8.6,0,0,0,0,19-DEC-2017,
OPTSTK,IDFC,28-Dec-2017,52.5,CE,0,0,0,5.7,6.1,0,0,26400,0,19-DEC-2017,
OPTSTK,IDFC,28-Dec-2017,55,CE,0,0,0,3.65,3.7,0,0,237600,0,19-DEC-2017,
OPTSTK,IDFC,28-Dec-2017,57.5,CE,1.95,2.05,1.75,1.85,1.85,6,47.03,818400,-13200,19-DEC-2017,
OPTSTK,IDFC,28-Dec-2017,60,CE,0.8,0.95,0.6,0.75,0.75,152,1219.36,4435200,330000,19-DEC-2017,
OPTSTK,IDFC,28-Dec-2017,62.5,CE,0.3,0.35,0.25,0.3,0.3,39,323.18,3220800,0,19-DEC-2017,
OPTSTK,IDFC,28-Dec-2017,65,CE,0.1,0.15,0.1,0.15,0.15,15,128.97,3141600,-145200,19-DEC-2017,
OPTSTK,IDFC,28-Dec-2017,67.5,CE,0.05,0.05,0.05,0.05,0.05,2,17.83,976800,-13200,19-DEC-2017,
OPTSTK,IDFC,28-Dec-2017,70,CE,0.05,0.05,0.05,0.05,0.05,2,18.49,2138400,-13200,19-DEC-2017,
OPTSTK,IDFC,28-Dec-2017,72.5,CE,0,0,0,0.1,0,0,0,224400,0,19-DEC-2017,
OPTSTK,IDFC,28-Dec-2017,75,CE,0,0,0,0.15,0,0,0,171600,0,19-DEC-2017,
OPTSTK,IDFC,28-Dec-2017,77.5,CE,0,0,0,2.5,0,0,0,26400,0,19-DEC-2017,
OPTSTK,IDFC,28-Dec-2017,80,CE,0,0,0,0.1,0,0,0,39600,0,19-DEC-2017,
OPTSTK,IDFC,28-Dec-2017,37.5,PE,0,0,0,0.05,0,0,0,0,0,19-DEC-2017,
OPTSTK,IDFC,28-Dec-2017,40,PE,0,0,0,0.05,0,0,0,0,0,19-DEC-2017,
OPTSTK,IDFC,28-Dec-2017,42.5,PE,0,0,0,0.15,0,0,0,0,0,19-DEC-2017,
OPTSTK,IDFC,28-Dec-2017,45,PE,0,0,0,0.25,0,0,0,0,0,19-DEC-2017,
OPTSTK,IDFC,28-Dec-2017,47.5,PE,0,0,0,0.1,0,0,0,13200,0,19-DEC-2017,
OPTSTK,IDFC,28-Dec-2017,50,PE,0.05,0.05,0.05,0.05,0.05,4,26.42,528000,26400,19-DEC-2017,
OPTSTK,IDFC,28-Dec-2017,52.5,PE,0,0,0,0.1,0.05,0,0,435600,0,19-DEC-2017,
OPTSTK,IDFC,28-Dec-2017,55,PE,0.2,0.25,0.2,0.2,0.2,10,72.89,844800,0,19-DEC-2017,
OPTSTK,IDFC,28-Dec-2017,57.5,PE,0.75,0.85,0.6,0.6,0.6,16,122.97,1042800,39600,19-DEC-2017,
OPTSTK,IDFC,28-Dec-2017,60,PE,1.9,2.15,1.9,2.05,2.05,5,40.93,1386000,0,19-DEC-2017,
OPTSTK,IDFC,28-Dec-2017,62.5,PE,4.5,4.5,4.5,4.5,4.5,1,8.84,1188000,-13200,19-DEC-2017,
OPTSTK,IDFC,28-Dec-2017,65,PE,0,0,0,7,6.45,0,0,422400,0,19-DEC-2017,
OPTSTK,IDFC,28-Dec-2017,67.5,PE,0,0,0,5.5,8.9,0,0,39600,0,19-DEC-2017,
OPTSTK,IDFC,28-Dec-2017,70,PE,0,0,0,10.9,11.4,0,0,158400,0,19-DEC-2017,
OPTSTK,IDFC,28-Dec-2017,72.5,PE,0,0,0,13.1,13.9,0,0,0,0,19-DEC-2017,
OPTSTK,IDFC,28-Dec-2017,75,PE,0,0,0,12.25,16.4,0,0,475200,0,19-DEC-2017,
OPTSTK,IDFC,28-Dec-2017,77.5,PE,0,0,0,14.6,18.9,0,0,66000,0,19-DEC-2017,
OPTSTK,IDFC,28-Dec-2017,80,PE,0,0,0,19.85,21.4,0,0,0,0,19-DEC-2017,
OPTSTK,IDFC,25-Jan-2018,42.5,CE,0,0,0,24.55,16.3,0,0,0,0,19-DEC-2017,
OPTSTK,IDFC,25-Jan-2018,45,CE,0,0,0,22.15,13.8,0,0,0,0,19-DEC-2017,
OPTSTK,IDFC,25-Jan-2018,47.5,CE,0,0,0,19.85,11.35,0,0,0,0,19-DEC-2017,
OPTSTK,IDFC,25-Jan-2018,50,CE,0,0,0,17.6,8.95,0,0,0,0,19-DEC-2017,
OPTSTK,IDFC,25-Jan-2018,52.5,CE,0,0,0,15.45,6.65,0,0,0,0,19-DEC-2017,
OPTSTK,IDFC,25-Jan-2018,55,CE,5.4,5.4,5.4,5.4,5.4,1,7.97,13200,13200,19-DEC-2017,
OPTSTK,IDFC,25-Jan-2018,57.5,CE,3,3.25,3,3.25,3.25,3,24.02,39600,39600,19-DEC-2017,
OPTSTK,IDFC,25-Jan-2018,60,CE,2,2.15,1.95,2,2,13,106.41,171600,26400,19-DEC-2017,
OPTSTK,IDFC,25-Jan-2018,62.5,CE,0,0,0,3.15,0.9,0,0,13200,0,19-DEC-2017,
OPTSTK,IDFC,25-Jan-2018,65,CE,0.8,0.85,0.8,0.85,0.85,19,165.03,224400,26400,19-DEC-2017,
OPTSTK,IDFC,25-Jan-2018,67.5,CE,0,0,0,5.7,0.2,0,0,0,0,19-DEC-2017,
OPTSTK,IDFC,25-Jan-2018,70,CE,0,0,0,4.65,0.1,0,0,0,0,19-DEC-2017,
OPTSTK,IDFC,25-Jan-2018,72.5,CE,0,0,0,3.8,0.05,0,0,0,0,19-DEC-2017,
OPTSTK,IDFC,25-Jan-2018,75,CE,0,0,0,3.05,0.05,0,0,0,0,19-DEC-2017,
OPTSTK,IDFC,25-Jan-2018,77.5,CE,0,0,0,2.45,0,0,0,0,0,19-DEC-2017,
OPTSTK,IDFC,25-Jan-2018,80,CE,0,0,0,1.95,0,0,0,0,0,19-DEC-2017,
OPTSTK,IDFC,25-Jan-2018,42.5,PE,0,0,0,0.1,0,0,0,0,0,19-DEC-2017,
OPTSTK,IDFC,25-Jan-2018,45,PE,0,0,0,0.15,0,0,0,0,0,19-DEC-2017,
OPTSTK,IDFC,25-Jan-2018,47.5,PE,0,0,0,0.3,0.05,0,0,0,0,19-DEC-2017,
OPTSTK,IDFC,25-Jan-2018,50,PE,0.15,0.15,0.15,0.15,0.15,2,13.23,475200,-26400,19-DEC-2017,
OPTSTK,IDFC,25-Jan-2018,52.5,PE,0,0,0,0.8,0.3,0,0,0,0,19-DEC-2017,
OPTSTK,IDFC,25-Jan-2018,55,PE,1,1,1,1,1,1,7.39,13200,13200,19-DEC-2017,
OPTSTK,IDFC,25-Jan-2018,57.5,PE,1.75,1.75,1.75,1.75,1.75,5,39.1,105600,0,19-DEC-2017,
OPTSTK,IDFC,25-Jan-2018,60,PE,3,3.2,3,3.2,3.2,3,24.99,92400,39600,19-DEC-2017,
OPTSTK,IDFC,25-Jan-2018,62.5,PE,5,5,5,5,5,1,8.91,26400,13200,19-DEC-2017,
OPTSTK,IDFC,25-Jan-2018,65,PE,0,0,0,4.55,6.55,0,0,0,0,19-DEC-2017,
OPTSTK,IDFC,25-Jan-2018,67.5,PE,0,0,0,5.85,8.75,0,0,0,0,19-DEC-2017,
OPTSTK,IDFC,25-Jan-2018,70,PE,0,0,0,7.25,11.15,0,0,0,0,19-DEC-2017,
OPTSTK,IDFC,25-Jan-2018,72.5,PE,0,0,0,8.85,13.6,0,0,0,0,19-DEC-2017,
OPTSTK,IDFC,25-Jan-2018,75,PE,0,0,0,10.55,16.05,0,0,0,0,19-DEC-2017,
OPTSTK,IDFC,25-Jan-2018,77.5,PE,0,0,0,12.4,18.5,0,0,0,0,19-DEC-2017,
OPTSTK,IDFC,25-Jan-2018,80,PE,0,0,0,14.35,21,0,0,0,0,19-DEC-2017,
OPTSTK,IDFC,22-Feb-2018,42.5,CE,0,0,0,20.5,16.5,0,0,0,0,19-DEC-2017,
OPTSTK,IDFC,22-Feb-2018,45,CE,0,0,0,18.1,14.05,0,0,0,0,19-DEC-2017,
OPTSTK,IDFC,22-Feb-2018,47.5,CE,0,0,0,15.75,11.65,0,0,0,0,19-DEC-2017,
OPTSTK,IDFC,22-Feb-2018,50,CE,0,0,0,13.5,9.35,0,0,0,0,19-DEC-2017,
OPTSTK,IDFC,22-Feb-2018,52.5,CE,0,0,0,11.35,7.25,0,0,0,0,19-DEC-2017,
OPTSTK,IDFC,22-Feb-2018,55,CE,0,0,0,9.35,5.35,0,0,0,0,19-DEC-2017,
OPTSTK,IDFC,22-Feb-2018,57.5,CE,0,0,0,7.6,3.8,0,0,0,0,19-DEC-2017,
OPTSTK,IDFC,22-Feb-2018,60,CE,0,0,0,6.05,2.55,0,0,0,0,19-DEC-2017,
OPTSTK,IDFC,22-Feb-2018,62.5,CE,0,0,0,4.7,1.65,0,0,0,0,19-DEC-2017,
OPTSTK,IDFC,22-Feb-2018,65,CE,0,0,0,3.6,1,0,0,0,0,19-DEC-2017,
OPTSTK,IDFC,22-Feb-2018,67.5,CE,0,0,0,2.7,0.6,0,0,0,0,19-DEC-2017,
OPTSTK,IDFC,22-Feb-2018,70,CE,0,0,0,2,0.35,0,0,0,0,19-DEC-2017,
OPTSTK,IDFC,22-Feb-2018,72.5,CE,0,0,0,1.45,0.2,0,0,0,0,19-DEC-2017,
OPTSTK,IDFC,22-Feb-2018,75,CE,0,0,0,1.05,0.1,0,0,0,0,19-DEC-2017,
OPTSTK,IDFC,22-Feb-2018,77.5,CE,0,0,0,0.75,0.05,0,0,0,0,19-DEC-2017,
OPTSTK,IDFC,22-Feb-2018,80,CE,0,0,0,0.5,0.05,0,0,0,0,19-DEC-2017,
OPTSTK,IDFC,22-Feb-2018,42.5,PE,0,0,0,0.05,0.05,0,0,0,0,19-DEC-2017,
OPTSTK,IDFC,22-Feb-2018,45,PE,0,0,0,0.1,0.05,0,0,0,0,19-DEC-2017,
OPTSTK,IDFC,22-Feb-2018,47.5,PE,0,0,0,0.2,0.1,0,0,0,0,19-DEC-2017,
OPTSTK,IDFC,22-Feb-2018,50,PE,0,0,0,0.4,0.3,0,0,0,0,19-DEC-2017,
OPTSTK,IDFC,22-Feb-2018,52.5,PE,0,0,0,0.75,0.65,0,0,0,0,19-DEC-2017,
OPTSTK,IDFC,22-Feb-2018,55,PE,0,0,0,1.2,1.25,0,0,0,0,19-DEC-2017,
OPTSTK,IDFC,22-Feb-2018,57.5,PE,0,0,0,1.9,2.15,0,0,0,0,19-DEC-2017,
OPTSTK,IDFC,22-Feb-2018,60,PE,0,0,0,2.8,3.35,0,0,0,0,19-DEC-2017,
OPTSTK,IDFC,22-Feb-2018,62.5,PE,0,0,0,3.95,4.95,0,0,0,0,19-DEC-2017,
OPTSTK,IDFC,22-Feb-2018,65,PE,0,0,0,5.3,6.75,0,0,0,0,19-DEC-2017,
OPTSTK,IDFC,22-Feb-2018,67.5,PE,0,0,0,6.85,8.85,0,0,0,0,19-DEC-2017,
OPTSTK,IDFC,22-Feb-2018,70,PE,0,0,0,8.6,11.05,0,0,0,0,19-DEC-2017,
OPTSTK,IDFC,22-Feb-2018,72.5,PE,0,0,0,10.55,13.35,0,0,0,0,19-DEC-2017,
OPTSTK,IDFC,22-Feb-2018,75,PE,0,0,0,12.6,15.75,0,0,0,0,19-DEC-2017,
OPTSTK,IDFC,22-Feb-2018,77.5,PE,0,0,0,14.75,18.2,0,0,0,0,19-DEC-2017,
OPTSTK,IDFC,22-Feb-2018,80,PE,0,0,0,17,20.65,0,0,0,0,19-DEC-2017,
OPTSTK,IDFCBANK,28-Dec-2017,40,CE,0,0,0,17.05,13.75,0,0,0,0,19-DEC-2017,
OPTSTK,IDFCBANK,28-Dec-2017,42.5,CE,0,0,0,14.65,11.25,0,0,0,0,19-DEC-2017,
OPTSTK,IDFCBANK,28-Dec-2017,45,CE,0,0,0,12.3,8.75,0,0,0,0,19-DEC-2017,
OPTSTK,IDFCBANK,28-Dec-2017,47.5,CE,0,0,0,6.6,6.25,0,0,9000,0,19-DEC-2017,
OPTSTK,IDFCBANK,28-Dec-2017,50,CE,3.3,3.9,3.3,3.85,3.85,6,28.95,162000,0,19-DEC-2017,
OPTSTK,IDFCBANK,28-Dec-2017,52.5,CE,1,1.7,1,1.55,1.55,136,659.81,1062000,-324000,19-DEC-2017,
OPTSTK,IDFCBANK,28-Dec-2017,55,CE,0.4,0.6,0.3,0.5,0.5,294,1468.11,5445000,90000,19-DEC-2017,
OPTSTK,IDFCBANK,28-Dec-2017,57.5,CE,0.15,0.25,0.15,0.2,0.2,72,373.87,2844000,27000,19-DEC-2017,
OPTSTK,IDFCBANK,28-Dec-2017,60,CE,0.1,0.15,0.1,0.1,0.1,106,573.62,4653000,549000,19-DEC-2017,
OPTSTK,IDFCBANK,28-Dec-2017,62.5,CE,0.1,0.1,0.05,0.05,0.05,2,11.26,702000,9000,19-DEC-2017,
OPTSTK,IDFCBANK,28-Dec-2017,65,CE,0.05,0.05,0.05,0.05,0.05,14,81.96,1035000,-45000,19-DEC-2017,
OPTSTK,IDFCBANK,28-Dec-2017,67.5,CE,0,0,0,0.1,0,0,0,36000,0,19-DEC-2017,
OPTSTK,IDFCBANK,28-Dec-2017,70,CE,0,0,0,0.05,0,0,0,252000,0,19-DEC-2017,
OPTSTK,IDFCBANK,28-Dec-2017,72.5,CE,0,0,0,0.1,0,0,0,54000,0,19-DEC-2017,
OPTSTK,IDFCBANK,28-Dec-2017,75,CE,0,0,0,0.05,0,0,0,585000,0,19-DEC-2017,
OPTSTK,IDFCBANK,28-Dec-2017,77.5,CE,0,0,0,0.15,0,0,0,0,0,19-DEC-2017,
OPTSTK,IDFCBANK,28-Dec-2017,80,CE,0,0,0,0.05,0,0,0,54000,0,19-DEC-2017,
OPTSTK,IDFCBANK,28-Dec-2017,40,PE,0,0,0,0.05,0,0,0,0,0,19-DEC-2017,
OPTSTK,IDFCBANK,28-Dec-2017,42.5,PE,0,0,0,0.1,0,0,0,0,0,19-DEC-2017,
OPTSTK,IDFCBANK,28-Dec-2017,45,PE,0,0,0,0.25,0,0,0,0,0,19-DEC-2017,
OPTSTK,IDFCBANK,28-Dec-2017,47.5,PE,0,0,0,0.1,0,0,0,279000,0,19-DEC-2017,
OPTSTK,IDFCBANK,28-Dec-2017,50,PE,0.15,0.15,0.1,0.1,0.1,40,180.42,1044000,-18000,19-DEC-2017,
OPTSTK,IDFCBANK,28-Dec-2017,52.5,PE,0.95,0.95,0.3,0.35,0.35,71,338.42,1557000,-90000,19-DEC-2017,
OPTSTK,IDFCBANK,28-Dec-2017,55,PE,2.35,2.35,1.75,1.95,1.95,13,66.7,2052000,45000,19-DEC-2017,
OPTSTK,IDFCBANK,28-Dec-2017,57.5,PE,0,0,0,5.5,3.85,0,0,783000,0,19-DEC-2017,
OPTSTK,IDFCBANK,28-Dec-2017,60,PE,6.5,6.5,6.5,6.5,6.5,1,5.98,693000,-9000,19-DEC-2017,
OPTSTK,IDFCBANK,28-Dec-2017,62.5,PE,0,0,0,9.15,8.75,0,0,171000,0,19-DEC-2017,
OPTSTK,IDFCBANK,28-Dec-2017,65,PE,0,0,0,13,11.25,0,0,189000,0,19-DEC-2017,
OPTSTK,IDFCBANK,28-Dec-2017,67.5,PE,0,0,0,11.5,13.75,0,0,9000,0,19-DEC-2017,
OPTSTK,IDFCBANK,28-Dec-2017,70,PE,0,0,0,13.9,16.25,0,0,378000,0,19-DEC-2017,
OPTSTK,IDFCBANK,28-Dec-2017,72.5,PE,0,0,0,16.35,18.75,0,0,198000,0,19-DEC-2017,
OPTSTK,IDFCBANK,28-Dec-2017,75,PE,0,0,0,19.5,21.25,0,0,720000,0,19-DEC-2017,
OPTSTK,IDFCBANK,28-Dec-2017,77.5,PE,0,0,0,20.1,23.75,0,0,0,0,19-DEC-2017,
OPTSTK,IDFCBANK,28-Dec-2017,80,PE,0,0,0,24,26.25,0,0,27000,0,19-DEC-2017,
OPTSTK,IDFCBANK,25-Jan-2018,40,CE,0,0,0,17.8,13.95,0,0,0,0,19-DEC-2017,
OPTSTK,IDFCBANK,25-Jan-2018,42.5,CE,0,0,0,15.35,11.45,0,0,0,0,19-DEC-2017,
OPTSTK,IDFCBANK,25-Jan-2018,45,CE,0,0,0,13,9,0,0,0,0,19-DEC-2017,
OPTSTK,IDFCBANK,25-Jan-2018,47.5,CE,0,0,0,10.7,6.65,0,0,0,0,19-DEC-2017,
OPTSTK,IDFCBANK,25-Jan-2018,50,CE,3.95,3.95,3.95,3.95,3.95,1,4.85,9000,-9000,19-DEC-2017,
OPTSTK,IDFCBANK,25-Jan-2018,52.5,CE,2.65,2.65,2.65,2.65,2.65,1,4.96,27000,9000,19-DEC-2017,
OPTSTK,IDFCBANK,25-Jan-2018,55,CE,1.45,1.65,1.4,1.55,1.55,15,76.32,234000,18000,19-DEC-2017,
OPTSTK,IDFCBANK,25-Jan-2018,57.5,CE,0,0,0,3.55,0.75,0,0,0,0,19-DEC-2017,
OPTSTK,IDFCBANK,25-Jan-2018,60,CE,0.5,0.5,0.45,0.5,0.5,13,70.76,486000,90000,19-DEC-2017,
OPTSTK,IDFCBANK,25-Jan-2018,62.5,CE,0,0,0,1.65,0.15,0,0,0,0,19-DEC-2017,
OPTSTK,IDFCBANK,25-Jan-2018,65,CE,0,0,0,1.1,0.05,0,0,0,0,19-DEC-2017,
OPTSTK,IDFCBANK,25-Jan-2018,67.5,CE,0,0,0,0.7,0.05,0,0,0,0,19-DEC-2017,
OPTSTK,IDFCBANK,25-Jan-2018,70,CE,0,0,0,0.45,0,0,0,0,0,19-DEC-2017,
OPTSTK,IDFCBANK,25-Jan-2018,72.5,CE,0,0,0,0.25,0,0,0,0,0,19-DEC-2017,
OPTSTK,IDFCBANK,25-Jan-2018,75,CE,0,0,0,0.15,0,0,0,0,0,19-DEC-2017,
OPTSTK,IDFCBANK,25-Jan-2018,77.5,CE,0,0,0,0.1,0,0,0,0,0,19-DEC-2017,
OPTSTK,IDFCBANK,25-Jan-2018,80,CE,0,0,0,0.05,0,0,0,0,0,19-DEC-2017,
OPTSTK,IDFCBANK,25-Jan-2018,40,PE,0,0,0,0.05,0,0,0,0,0,19-DEC-2017,
OPTSTK,IDFCBANK,25-Jan-2018,42.5,PE,0,0,0,0.05,0.05,0,0,0,0,19-DEC-2017,
OPTSTK,IDFCBANK,25-Jan-2018,45,PE,0.25,0.25,0.25,0.25,0.25,1,4.07,486000,-9000,19-DEC-2017,
OPTSTK,IDFCBANK,25-Jan-2018,47.5,PE,0,0,0,0.3,0.2,0,0,0,0,19-DEC-2017,
OPTSTK,IDFCBANK,25-Jan-2018,50,PE,0.6,0.6,0.45,0.55,0.55,9,40.91,180000,81000,19-DEC-2017,
OPTSTK,IDFCBANK,25-Jan-2018,52.5,PE,1.4,1.4,1.15,1.15,1.15,5,24.21,54000,36000,19-DEC-2017,
OPTSTK,IDFCBANK,25-Jan-2018,55,PE,2.75,2.75,2.6,2.6,2.6,2,10.38,27000,18000,19-DEC-2017,
OPTSTK,IDFCBANK,25-Jan-2018,57.5,PE,0,0,0,3,4.25,0,0,0,0,19-DEC-2017,
OPTSTK,IDFCBANK,25-Jan-2018,60,PE,0,0,0,7.15,6.3,0,0,9000,0,19-DEC-2017,
OPTSTK,IDFCBANK,25-Jan-2018,62.5,PE,0,0,0,6.05,8.6,0,0,0,0,19-DEC-2017,
OPTSTK,IDFCBANK,25-Jan-2018,65,PE,0,0,0,7.9,11,0,0,0,0,19-DEC-2017,
OPTSTK,IDFCBANK,25-Jan-2018,67.5,PE,0,0,0,10,13.45,0,0,0,0,19-DEC-2017,
OPTSTK,IDFCBANK,25-Jan-2018,70,PE,0,0,0,12.2,15.9,0,0,0,0,19-DEC-2017,
OPTSTK,IDFCBANK,25-Jan-2018,72.5,PE,0,0,0,14.5,18.4,0,0,0,0,19-DEC-2017,
OPTSTK,IDFCBANK,25-Jan-2018,75,PE,21.15,21.15,21.15,21.15,21.15,31,268.25,279000,279000,19-DEC-2017,
OPTSTK,IDFCBANK,25-Jan-2018,77.5,PE,0,0,0,19.25,23.35,0,0,0,0,19-DEC-2017,
OPTSTK,IDFCBANK,25-Jan-2018,80,PE,0,0,0,21.65,25.85,0,0,0,0,19-DEC-2017,
OPTSTK,IDFCBANK,22-Feb-2018,40,CE,0,0,0,15.55,14.15,0,0,0,0,19-DEC-2017,
OPTSTK,IDFCBANK,22-Feb-2018,42.5,CE,0,0,0,13.2,11.7,0,0,0,0,19-DEC-2017,
OPTSTK,IDFCBANK,22-Feb-2018,45,CE,0,0,0,10.95,9.35,0,0,0,0,19-DEC-2017,
OPTSTK,IDFCBANK,22-Feb-2018,47.5,CE,0,0,0,8.85,7.15,0,0,0,0,19-DEC-2017,
OPTSTK,IDFCBANK,22-Feb-2018,50,CE,0,0,0,6.95,5.2,0,0,0,0,19-DEC-2017,
OPTSTK,IDFCBANK,22-Feb-2018,52.5,CE,0,0,0,5.3,3.55,0,0,0,0,19-DEC-2017,
OPTSTK,IDFCBANK,22-Feb-2018,55,CE,0,0,0,3.95,2.3,0,0,0,0,19-DEC-2017,
OPTSTK,IDFCBANK,22-Feb-2018,57.5,CE,0,0,0,2.85,1.4,0,0,0,0,19-DEC-2017,
OPTSTK,IDFCBANK,22-Feb-2018,60,CE,0,0,0,2,0.8,0,0,0,0,19-DEC-2017,
OPTSTK,IDFCBANK,22-Feb-2018,62.5,CE,0,0,0,1.4,0.45,0,0,0,0,19-DEC-2017,
OPTSTK,IDFCBANK,22-Feb-2018,65,CE,0,0,0,0.95,0.25,0,0,0,0,19-DEC-2017,
OPTSTK,IDFCBANK,22-Feb-2018,67.5,CE,0,0,0,0.6,0.15,0,0,0,0,19-DEC-2017,
OPTSTK,IDFCBANK,22-Feb-2018,70,CE,0,0,0,0.4,0.05,0,0,0,0,19-DEC-2017,
OPTSTK,IDFCBANK,22-Feb-2018,72.5,CE,0,0,0,0.25,0.05,0,0,0,0,19-DEC-2017,
OPTSTK,IDFCBANK,22-Feb-2018,75,CE,0,0,0,0.15,0.05,0,0,0,0,19-DEC-2017,
OPTSTK,IDFCBANK,22-Feb-2018,77.5,CE,0,0,0,0.1,0,0,0,0,0,19-DEC-2017,
OPTSTK,IDFCBANK,22-Feb-2018,80,CE,0,0,0,0.05,0,0,0,0,0,19-DEC-2017,
OPTSTK,IDFCBANK,22-Feb-2018,40,PE,0,0,0,0.1,0.05,0,0,0,0,19-DEC-2017,
OPTSTK,IDFCBANK,22-Feb-2018,42.5,PE,0,0,0,0.2,0.05,0,0,0,0,19-DEC-2017,
OPTSTK,IDFCBANK,22-Feb-2018,45,PE,0,0,0,0.4,0.2,0,0,0,0,19-DEC-2017,
OPTSTK,IDFCBANK,22-Feb-2018,47.5,PE,0,0,0,0.75,0.45,0,0,0,0,19-DEC-2017,
OPTSTK,IDFCBANK,22-Feb-2018,50,PE,0,0,0,1.35,0.95,0,0,0,0,19-DEC-2017,
OPTSTK,IDFCBANK,22-Feb-2018,52.5,PE,0,0,0,2.15,1.8,0,0,0,0,19-DEC-2017,
OPTSTK,IDFCBANK,22-Feb-2018,55,PE,0,0,0,3.25,3.05,0,0,0,0,19-DEC-2017,
OPTSTK,IDFCBANK,22-Feb-2018,57.5,PE,0,0,0,4.6,4.6,0,0,0,0,19-DEC-2017,
OPTSTK,IDFCBANK,22-Feb-2018,60,PE,0,0,0,6.25,6.5,0,0,0,0,19-DEC-2017,
OPTSTK,IDFCBANK,22-Feb-2018,62.5,PE,0,0,0,8.05,8.6,0,0,0,0,19-DEC-2017,
OPTSTK,IDFCBANK,22-Feb-2018,65,PE,0,0,0,10.1,10.85,0,0,0,0,19-DEC-2017,
OPTSTK,IDFCBANK,22-Feb-2018,67.5,PE,0,0,0,12.25,13.2,0,0,0,0,19-DEC-2017,
OPTSTK,IDFCBANK,22-Feb-2018,70,PE,0,0,0,14.5,15.6,0,0,0,0,19-DEC-2017,
OPTSTK,IDFCBANK,22-Feb-2018,72.5,PE,0,0,0,16.8,18.05,0,0,0,0,19-DEC-2017,
OPTSTK,IDFCBANK,22-Feb-2018,75,PE,0,0,0,19.15,20.5,0,0,0,0,19-DEC-2017,
OPTSTK,IDFCBANK,22-Feb-2018,77.5,PE,0,0,0,21.6,23,0,0,0,0,19-DEC-2017,
OPTSTK,IDFCBANK,22-Feb-2018,80,PE,0,0,0,24,25.45,0,0,0,0,19-DEC-2017,
OPTSTK,IFCI,28-Dec-2017,5,CE,0,0,0,17.95,18.65,0,0,0,0,19-DEC-2017,
OPTSTK,IFCI,28-Dec-2017,7.5,CE,0,0,0,15.5,16.15,0,0,0,0,19-DEC-2017,
OPTSTK,IFCI,28-Dec-2017,10,CE,0,0,0,13.05,13.65,0,0,0,0,19-DEC-2017,
OPTSTK,IFCI,28-Dec-2017,12.5,CE,0,0,0,10.55,11.15,0,0,0,0,19-DEC-2017,
OPTSTK,IFCI,28-Dec-2017,15,CE,0,0,0,8.1,8.65,0,0,0,0,19-DEC-2017,
OPTSTK,IFCI,28-Dec-2017,17.5,CE,0,0,0,5.75,6.15,0,0,0,0,19-DEC-2017,
OPTSTK,IFCI,28-Dec-2017,20,CE,0,0,0,3.45,3.65,0,0,110000,0,19-DEC-2017,
OPTSTK,IFCI,28-Dec-2017,22.5,CE,1.3,1.3,1.25,1.3,1.3,5,26.14,1430000,44000,19-DEC-2017,
OPTSTK,IFCI,28-Dec-2017,25,CE,0.25,0.3,0.25,0.3,0.3,90,500.52,10802000,286000,19-DEC-2017,
OPTSTK,IFCI,28-Dec-2017,27.5,CE,0.1,0.1,0.05,0.05,0.05,3,18.19,4840000,44000,19-DEC-2017,
OPTSTK,IFCI,28-Dec-2017,30,CE,0,0,0,0.05,0,0,0,4510000,0,19-DEC-2017,
OPTSTK,IFCI,28-Dec-2017,32.5,CE,0,0,0,0.05,0,0,0,528000,0,19-DEC-2017,
OPTSTK,IFCI,28-Dec-2017,35,CE,0,0,0,0.05,0,0,0,528000,0,19-DEC-2017,
OPTSTK,IFCI,28-Dec-2017,37.5,CE,0,0,0,0.05,0,0,0,88000,0,19-DEC-2017,
OPTSTK,IFCI,28-Dec-2017,40,CE,0,0,0,0.1,0,0,0,110000,0,19-DEC-2017,
OPTSTK,IFCI,28-Dec-2017,42.5,CE,0,0,0,0.05,0,0,0,88000,0,19-DEC-2017,
OPTSTK,IFCI,28-Dec-2017,45,CE,0,0,0,0.05,0,0,0,0,0,19-DEC-2017,
OPTSTK,IFCI,28-Dec-2017,5,PE,0,0,0,0.05,0,0,0,0,0,19-DEC-2017,
OPTSTK,IFCI,28-Dec-2017,7.5,PE,0,0,0,0.05,0,0,0,0,0,19-DEC-2017,
OPTSTK,IFCI,28-Dec-2017,10,PE,0,0,0,0.05,0,0,0,0,0,19-DEC-2017,
OPTSTK,IFCI,28-Dec-2017,12.5,PE,0,0,0,0.05,0,0,0,0,0,19-DEC-2017,
OPTSTK,IFCI,28-Dec-2017,15,PE,0,0,0,0.05,0,0,0,0,0,19-DEC-2017,
OPTSTK,IFCI,28-Dec-2017,17.5,PE,0,0,0,0.05,0,0,0,22000,0,19-DEC-2017,
OPTSTK,IFCI,28-Dec-2017,20,PE,0.05,0.05,0.05,0.05,0.05,1,4.41,550000,22000,19-DEC-2017,
OPTSTK,IFCI,28-Dec-2017,22.5,PE,0.2,0.2,0.2,0.2,0.2,16,79.9,3058000,66000,19-DEC-2017,
OPTSTK,IFCI,28-Dec-2017,25,PE,1.65,1.65,1.65,1.65,1.65,2,11.72,2508000,-44000,19-DEC-2017,
OPTSTK,IFCI,28-Dec-2017,27.5,PE,0,0,0,4,3.9,0,0,550000,0,19-DEC-2017,
OPTSTK,IFCI,28-Dec-2017,30,PE,0,0,0,5.5,6.35,0,0,572000,0,19-DEC-2017,
OPTSTK,IFCI,28-Dec-2017,32.5,PE,0,0,0,9.25,8.85,0,0,0,0,19-DEC-2017,
OPTSTK,IFCI,28-Dec-2017,35,PE,0,0,0,9.7,11.35,0,0,88000,0,19-DEC-2017,
OPTSTK,IFCI,28-Dec-2017,37.5,PE,0,0,0,12.15,13.85,0,0,66000,0,19-DEC-2017,
OPTSTK,IFCI,28-Dec-2017,40,PE,0,0,0,16.55,16.35,0,0,0,0,19-DEC-2017,
OPTSTK,IFCI,28-Dec-2017,42.5,PE,0,0,0,19,18.85,0,0,0,0,19-DEC-2017,
OPTSTK,IFCI,28-Dec-2017,45,PE,0,0,0,21.45,21.35,0,0,0,0,19-DEC-2017,
OPTSTK,IFCI,25-Jan-2018,5,CE,0,0,0,20.85,18.65,0,0,0,0,19-DEC-2017,
OPTSTK,IFCI,25-Jan-2018,7.5,CE,0,0,0,18.4,16.15,0,0,0,0,19-DEC-2017,
OPTSTK,IFCI,25-Jan-2018,10,CE,0,0,0,15.95,13.7,0,0,0,0,19-DEC-2017,
OPTSTK,IFCI,25-Jan-2018,12.5,CE,0,0,0,13.45,11.2,0,0,0,0,19-DEC-2017,
OPTSTK,IFCI,25-Jan-2018,15,CE,0,0,0,11,8.7,0,0,0,0,19-DEC-2017,
OPTSTK,IFCI,25-Jan-2018,17.5,CE,0,0,0,8.65,6.25,0,0,0,0,19-DEC-2017,
OPTSTK,IFCI,25-Jan-2018,20,CE,0,0,0,6.45,3.8,0,0,0,0,19-DEC-2017,
OPTSTK,IFCI,25-Jan-2018,22.5,CE,0,0,0,1.8,1.75,0,0,22000,0,19-DEC-2017,
OPTSTK,IFCI,25-Jan-2018,25,CE,1,1,0.9,0.9,0.9,7,39.96,374000,132000,19-DEC-2017,
OPTSTK,IFCI,25-Jan-2018,27.5,CE,0.45,0.45,0.4,0.4,0.4,5,30.7,418000,110000,19-DEC-2017,
OPTSTK,IFCI,25-Jan-2018,30,CE,0.2,0.25,0.15,0.25,0.25,5,33.22,308000,88000,19-DEC-2017,
OPTSTK,IFCI,25-Jan-2018,32.5,CE,0,0,0,0.7,0,0,0,0,0,19-DEC-2017,
OPTSTK,IFCI,25-Jan-2018,35,CE,0,0,0,0.4,0,0,0,0,0,19-DEC-2017,
OPTSTK,IFCI,25-Jan-2018,37.5,CE,0,0,0,0.25,0,0,0,0,0,19-DEC-2017,
OPTSTK,IFCI,25-Jan-2018,40,CE,0,0,0,0.15,0,0,0,0,0,19-DEC-2017,
OPTSTK,IFCI,25-Jan-2018,42.5,CE,0,0,0,0.1,0,0,0,0,0,19-DEC-2017,
OPTSTK,IFCI,25-Jan-2018,45,CE,0,0,0,0.05,0,0,0,0,0,19-DEC-2017,
OPTSTK,IFCI,25-Jan-2018,5,PE,0,0,0,0.05,0,0,0,0,0,19-DEC-2017,
OPTSTK,IFCI,25-Jan-2018,7.5,PE,0,0,0,0.05,0,0,0,0,0,19-DEC-2017,
OPTSTK,IFCI,25-Jan-2018,10,PE,0,0,0,0.05,0,0,0,0,0,19-DEC-2017,
OPTSTK,IFCI,25-Jan-2018,12.5,PE,0,0,0,0.05,0,0,0,0,0,19-DEC-2017,
OPTSTK,IFCI,25-Jan-2018,15,PE,0,0,0,0.05,0,0,0,0,0,19-DEC-2017,
OPTSTK,IFCI,25-Jan-2018,17.5,PE,0,0,0,0.1,0,0,0,0,0,19-DEC-2017,
OPTSTK,IFCI,25-Jan-2018,20,PE,0,0,0,0.4,0.05,0,0,0,0,19-DEC-2017,
OPTSTK,IFCI,25-Jan-2018,22.5,PE,0.75,0.75,0.75,0.75,0.75,1,5.11,44000,22000,19-DEC-2017,
OPTSTK,IFCI,25-Jan-2018,25,PE,2.25,2.25,2.25,2.25,2.25,1,5.99,44000,22000,19-DEC-2017,
OPTSTK,IFCI,25-Jan-2018,27.5,PE,0,0,0,3.25,3.85,0,0,0,0,19-DEC-2017,
OPTSTK,IFCI,25-Jan-2018,30,PE,0,0,0,5,6.25,0,0,0,0,19-DEC-2017,
OPTSTK,IFCI,25-Jan-2018,32.5,PE,0,0,0,6.95,8.7,0,0,0,0,19-DEC-2017,
OPTSTK,IFCI,25-Jan-2018,35,PE,0,0,0,9.1,11.2,0,0,0,0,19-DEC-2017,
OPTSTK,IFCI,25-Jan-2018,37.5,PE,0,0,0,11.4,13.7,0,0,0,0,19-DEC-2017,
OPTSTK,IFCI,25-Jan-2018,40,PE,0,0,0,13.75,16.15,0,0,0,0,19-DEC-2017,
OPTSTK,IFCI,25-Jan-2018,42.5,PE,0,0,0,16.15,18.65,0,0,0,0,19-DEC-2017,
OPTSTK,IFCI,25-Jan-2018,45,PE,0,0,0,18.6,21.15,0,0,0,0,19-DEC-2017,
OPTSTK,IFCI,22-Feb-2018,5,CE,0,0,0,19.9,18.7,0,0,0,0,19-DEC-2017,
OPTSTK,IFCI,22-Feb-2018,7.5,CE,0,0,0,17.45,16.2,0,0,0,0,19-DEC-2017,
OPTSTK,IFCI,22-Feb-2018,10,CE,0,0,0,14.95,13.75,0,0,0,0,19-DEC-2017,
OPTSTK,IFCI,22-Feb-2018,12.5,CE,0,0,0,12.5,11.25,0,0,0,0,19-DEC-2017,
OPTSTK,IFCI,22-Feb-2018,15,CE,0,0,0,10.05,8.8,0,0,0,0,19-DEC-2017,
OPTSTK,IFCI,22-Feb-2018,17.5,CE,0,0,0,7.6,6.35,0,0,0,0,19-DEC-2017,
OPTSTK,IFCI,22-Feb-2018,20,CE,0,0,0,5.25,4,0,0,0,0,19-DEC-2017,
OPTSTK,IFCI,22-Feb-2018,22.5,CE,0,0,0,3.25,2.1,0,0,0,0,19-DEC-2017,
OPTSTK,IFCI,22-Feb-2018,25,CE,0,0,0,1.75,0.9,0,0,0,0,19-DEC-2017,
OPTSTK,IFCI,22-Feb-2018,27.5,CE,0,0,0,0.85,0.35,0,0,0,0,19-DEC-2017,
OPTSTK,IFCI,22-Feb-2018,30,CE,0,0,0,0.35,0.1,0,0,0,0,19-DEC-2017,
OPTSTK,IFCI,22-Feb-2018,32.5,CE,0,0,0,0.15,0.05,0,0,0,0,19-DEC-2017,
OPTSTK,IFCI,22-Feb-2018,35,CE,0,0,0,0.05,0,0,0,0,0,19-DEC-2017,
OPTSTK,IFCI,22-Feb-2018,37.5,CE,0,0,0,0.05,0,0,0,0,0,19-DEC-2017,
OPTSTK,IFCI,22-Feb-2018,40,CE,0,0,0,0.05,0,0,0,0,0,19-DEC-2017,
OPTSTK,IFCI,22-Feb-2018,42.5,CE,0,0,0,0.05,0,0,0,0,0,19-DEC-2017,
OPTSTK,IFCI,22-Feb-2018,45,CE,0,0,0,0.05,0,0,0,0,0,19-DEC-2017,
OPTSTK,IFCI,22-Feb-2018,5,PE,0,0,0,0.05,0,0,0,0,0,19-DEC-2017,
OPTSTK,IFCI,22-Feb-2018,7.5,PE,0,0,0,0.05,0,0,0,0,0,19-DEC-2017,
OPTSTK,IFCI,22-Feb-2018,10,PE,0,0,0,0.05,0,0,0,0,0,19-DEC-2017,
OPTSTK,IFCI,22-Feb-2018,12.5,PE,0,0,0,0.05,0,0,0,0,0,19-DEC-2017,
OPTSTK,IFCI,22-Feb-2018,15,PE,0,0,0,0.05,0,0,0,0,0,19-DEC-2017,
OPTSTK,IFCI,22-Feb-2018,17.5,PE,0,0,0,0.05,0.05,0,0,0,0,19-DEC-2017,
OPTSTK,IFCI,22-Feb-2018,20,PE,0,0,0,0.15,0.2,0,0,0,0,19-DEC-2017,
OPTSTK,IFCI,22-Feb-2018,22.5,PE,0,0,0,0.6,0.75,0,0,0,0,19-DEC-2017,
OPTSTK,IFCI,22-Feb-2018,25,PE,0,0,0,1.6,2,0,0,0,0,19-DEC-2017,
OPTSTK,IFCI,22-Feb-2018,27.5,PE,0,0,0,3.15,3.9,0,0,0,0,19-DEC-2017,
OPTSTK,IFCI,22-Feb-2018,30,PE,0,0,0,5.15,6.15,0,0,0,0,19-DEC-2017,
OPTSTK,IFCI,22-Feb-2018,32.5,PE,0,0,0,7.4,8.55,0,0,0,0,19-DEC-2017,
OPTSTK,IFCI,22-Feb-2018,35,PE,0,0,0,9.75,11.05,0,0,0,0,19-DEC-2017,
OPTSTK,IFCI,22-Feb-2018,37.5,PE,0,0,0,12.2,13.5,0,0,0,0,19-DEC-2017,
OPTSTK,IFCI,22-Feb-2018,40,PE,0,0,0,14.65,15.95,0,0,0,0,19-DEC-2017,
OPTSTK,IFCI,22-Feb-2018,42.5,PE,0,0,0,17.1,18.45,0,0,0,0,19-DEC-2017,
OPTSTK,IFCI,22-Feb-2018,45,PE,0,0,0,19.55,20.9,0,0,0,0,19-DEC-2017,
OPTSTK,IGL,28-Dec-2017,180,CE,0,0,0,574.05,148.25,0,0,0,0,19-DEC-2017,
OPTSTK,IGL,28-Dec-2017,190,CE,0,0,0,525.8,138.25,0,0,0,0,19-DEC-2017,
OPTSTK,IGL,28-Dec-2017,200,CE,0,0,0,478.35,128.3,0,0,0,0,19-DEC-2017,
OPTSTK,IGL,28-Dec-2017,210,CE,0,0,0,431.9,118.3,0,0,0,0,19-DEC-2017,
OPTSTK,IGL,28-Dec-2017,220,CE,0,0,0,386.95,108.3,0,0,0,0,19-DEC-2017,
OPTSTK,IGL,28-Dec-2017,230,CE,0,0,0,94.9,98.35,0,0,5500,0,19-DEC-2017,
OPTSTK,IGL,28-Dec-2017,240,CE,0,0,0,84.9,88.35,0,0,5500,0,19-DEC-2017,
OPTSTK,IGL,28-Dec-2017,250,CE,0,0,0,264.65,78.35,0,0,0,0,19-DEC-2017,
OPTSTK,IGL,28-Dec-2017,260,CE,0,0,0,65.6,68.35,0,0,5500,0,19-DEC-2017,
OPTSTK,IGL,28-Dec-2017,270,CE,0,0,0,55.65,58.4,0,0,0,0,19-DEC-2017,
OPTSTK,IGL,28-Dec-2017,280,CE,0,0,0,45.8,48.4,0,0,5500,0,19-DEC-2017,
OPTSTK,IGL,28-Dec-2017,290,CE,0,0,0,37.2,38.5,0,0,11000,0,19-DEC-2017,
OPTSTK,IGL,28-Dec-2017,300,CE,0,0,0,28,28.8,0,0,2750,0,19-DEC-2017,
OPTSTK,IGL,28-Dec-2017,310,CE,0,0,0,26.5,19.85,0,0,11000,0,19-DEC-2017,
OPTSTK,IGL,28-Dec-2017,320,CE,12,14,12,12.5,12.5,18,164.88,96250,-8250,19-DEC-2017,
OPTSTK,IGL,28-Dec-2017,330,CE,7,8.4,6.15,6.95,6.95,181,1678.77,434500,-35750,19-DEC-2017,
OPTSTK,IGL,28-Dec-2017,340,CE,3.5,4.35,2.9,3.35,3.35,112,1058.28,585750,38500,19-DEC-2017,
OPTSTK,IGL,28-Dec-2017,350,CE,1.55,2.25,1.4,1.65,1.65,31,299.91,382250,11000,19-DEC-2017,
OPTSTK,IGL,28-Dec-2017,360,CE,0.75,0.75,0.65,0.7,0.7,5,49.6,129250,-11000,19-DEC-2017,
OPTSTK,IGL,28-Dec-2017,370,CE,0.6,0.65,0.5,0.5,0.5,5,50.95,96250,-8250,19-DEC-2017,
OPTSTK,IGL,28-Dec-2017,380,CE,0.25,0.3,0.2,0.3,0.3,5,52.28,74250,-8250,19-DEC-2017,
OPTSTK,IGL,28-Dec-2017,390,CE,0,0,0,0.95,0.05,0,0,22000,0,19-DEC-2017,
OPTSTK,IGL,28-Dec-2017,180,PE,0,0,0,0.95,0,0,0,0,0,19-DEC-2017,
OPTSTK,IGL,28-Dec-2017,190,PE,0,0,0,1.95,0,0,0,0,0,19-DEC-2017,
OPTSTK,IGL,28-Dec-2017,200,PE,0,0,0,3.7,0,0,0,0,0,19-DEC-2017,
OPTSTK,IGL,28-Dec-2017,210,PE,0,0,0,6.5,0,0,0,0,0,19-DEC-2017,
OPTSTK,IGL,28-Dec-2017,220,PE,0,0,0,10.75,0,0,0,0,0,19-DEC-2017,
OPTSTK,IGL,28-Dec-2017,230,PE,0,0,0,16.85,0,0,0,0,0,19-DEC-2017,
OPTSTK,IGL,28-Dec-2017,240,PE,0,0,0,25.2,0,0,0,0,0,19-DEC-2017,
OPTSTK,IGL,28-Dec-2017,250,PE,0,0,0,36.1,0,0,0,0,0,19-DEC-2017,
OPTSTK,IGL,28-Dec-2017,260,PE,0,0,0,49.9,0,0,0,0,0,19-DEC-2017,
OPTSTK,IGL,28-Dec-2017,270,PE,0,0,0,66.7,0,0,0,0,0,19-DEC-2017,
OPTSTK,IGL,28-Dec-2017,280,PE,0,0,0,1.1,0.05,0,0,5500,0,19-DEC-2017,
OPTSTK,IGL,28-Dec-2017,290,PE,0.5,0.5,0.5,0.5,0.5,1,7.98,33000,0,19-DEC-2017,
OPTSTK,IGL,28-Dec-2017,300,PE,0.9,0.9,0.45,0.55,0.55,9,74.39,233750,-2750,19-DEC-2017,
OPTSTK,IGL,28-Dec-2017,310,PE,2,2,0.95,1.05,1.05,10,85.6,101750,0,19-DEC-2017,
OPTSTK,IGL,28-Dec-2017,320,PE,3.8,4.75,2.65,3.65,3.65,37,328.96,148500,2750,19-DEC-2017,
OPTSTK,IGL,28-Dec-2017,330,PE,9,9.2,6.5,8,8,22,204.3,85250,11000,19-DEC-2017,
OPTSTK,IGL,28-Dec-2017,340,PE,0,0,0,16,14.6,0,0,5500,0,19-DEC-2017,
OPTSTK,IGL,28-Dec-2017,350,PE,0,0,0,27.9,22.7,0,0,22000,0,19-DEC-2017,
OPTSTK,IGL,28-Dec-2017,360,PE,0,0,0,37,31.9,0,0,2750,0,19-DEC-2017,
OPTSTK,IGL,28-Dec-2017,370,PE,0,0,0,390.65,41.6,0,0,0,0,19-DEC-2017,
OPTSTK,IGL,28-Dec-2017,380,PE,0,0,0,55.45,51.5,0,0,5500,0,19-DEC-2017,
OPTSTK,IGL,28-Dec-2017,390,PE,0,0,0,478.6,61.45,0,0,0,0,19-DEC-2017,
OPTSTK,IGL,25-Jan-2018,200,CE,0,0,0,607.6,129.25,0,0,0,0,19-DEC-2017,
OPTSTK,IGL,25-Jan-2018,210,CE,0,0,0,559.15,119.35,0,0,0,0,19-DEC-2017,
OPTSTK,IGL,25-Jan-2018,220,CE,0,0,0,511.3,109.4,0,0,0,0,19-DEC-2017,
OPTSTK,IGL,25-Jan-2018,230,CE,0,0,0,464.3,99.45,0,0,0,0,19-DEC-2017,
OPTSTK,IGL,25-Jan-2018,240,CE,0,0,0,418.55,89.55,0,0,0,0,19-DEC-2017,
OPTSTK,IGL,25-Jan-2018,250,CE,0,0,0,374.35,79.65,0,0,0,0,19-DEC-2017,
OPTSTK,IGL,25-Jan-2018,260,CE,0,0,0,332.1,69.85,0,0,0,0,19-DEC-2017,
OPTSTK,IGL,25-Jan-2018,270,CE,0,0,0,292.15,60.25,0,0,0,0,19-DEC-2017,
OPTSTK,IGL,25-Jan-2018,280,CE,0,0,0,254.9,50.9,0,0,0,0,19-DEC-2017,
OPTSTK,IGL,25-Jan-2018,290,CE,0,0,0,220.35,42.05,0,0,0,0,19-DEC-2017,
OPTSTK,IGL,25-Jan-2018,300,CE,0,0,0,188.95,33.85,0,0,0,0,19-DEC-2017,
OPTSTK,IGL,25-Jan-2018,310,CE,0,0,0,160.7,26.5,0,0,0,0,19-DEC-2017,
OPTSTK,IGL,25-Jan-2018,320,CE,0,0,0,135.5,20.15,0,0,0,0,19-DEC-2017,
OPTSTK,IGL,25-Jan-2018,330,CE,0,0,0,14.25,14.85,0,0,5500,0,19-DEC-2017,
OPTSTK,IGL,25-Jan-2018,340,CE,0,0,0,13.75,10.6,0,0,5500,0,19-DEC-2017,
OPTSTK,IGL,25-Jan-2018,350,CE,0,0,0,7,7.35,0,0,2750,0,19-DEC-2017,
OPTSTK,IGL,25-Jan-2018,360,CE,0,0,0,63.5,4.95,0,0,0,0,19-DEC-2017,
OPTSTK,IGL,25-Jan-2018,370,CE,0,0,0,5,3.25,0,0,0,0,19-DEC-2017,
OPTSTK,IGL,25-Jan-2018,380,CE,0,0,0,41.75,2.05,0,0,0,0,19-DEC-2017,
OPTSTK,IGL,25-Jan-2018,390,CE,0,0,0,33.5,1.25,0,0,0,0,19-DEC-2017,
OPTSTK,IGL,25-Jan-2018,200,PE,0,0,0,0.75,0,0,0,0,0,19-DEC-2017,
OPTSTK,IGL,25-Jan-2018,210,PE,0,0,0,1.55,0,0,0,0,0,19-DEC-2017,
OPTSTK,IGL,25-Jan-2018,220,PE,0,0,0,2.9,0,0,0,0,0,19-DEC-2017,
OPTSTK,IGL,25-Jan-2018,230,PE,0,0,0,5.15,0.05,0,0,0,0,19-DEC-2017,
OPTSTK,IGL,25-Jan-2018,240,PE,0,0,0,8.55,0.05,0,0,0,0,19-DEC-2017,
OPTSTK,IGL,25-Jan-2018,250,PE,0,0,0,13.6,0.1,0,0,0,0,19-DEC-2017,
OPTSTK,IGL,25-Jan-2018,260,PE,0,0,0,20.55,0.25,0,0,0,0,19-DEC-2017,
OPTSTK,IGL,25-Jan-2018,270,PE,0,0,0,29.85,0.55,0,0,0,0,19-DEC-2017,
OPTSTK,IGL,25-Jan-2018,280,PE,0,0,0,41.8,1.15,0,0,0,0,19-DEC-2017,
OPTSTK,IGL,25-Jan-2018,290,PE,0,0,0,56.45,2.2,0,0,0,0,19-DEC-2017,
OPTSTK,IGL,25-Jan-2018,300,PE,0,0,0,4,3.95,0,0,44000,0,19-DEC-2017,
OPTSTK,IGL,25-Jan-2018,310,PE,0,0,0,95.2,6.5,0,0,0,0,19-DEC-2017,
OPTSTK,IGL,25-Jan-2018,320,PE,0,0,0,119.25,10.1,0,0,0,0,19-DEC-2017,
OPTSTK,IGL,25-Jan-2018,330,PE,13.5,13.5,13.5,13.5,13.5,1,9.44,11000,2750,19-DEC-2017,
OPTSTK,IGL,25-Jan-2018,340,PE,0,0,0,24,20.45,0,0,2750,0,19-DEC-2017,
OPTSTK,IGL,25-Jan-2018,350,PE,0,0,0,209,27.1,0,0,0,0,19-DEC-2017,
OPTSTK,IGL,25-Jan-2018,360,PE,0,0,0,244.1,34.65,0,0,0,0,19-DEC-2017,
OPTSTK,IGL,25-Jan-2018,370,PE,0,0,0,281.55,42.85,0,0,0,0,19-DEC-2017,
OPTSTK,IGL,25-Jan-2018,380,PE,0,0,0,320.8,51.65,0,0,0,0,19-DEC-2017,
OPTSTK,IGL,25-Jan-2018,390,PE,0,0,0,361.8,60.8,0,0,0,0,19-DEC-2017,
OPTSTK,IGL,22-Feb-2018,210,CE,0,0,0,119.75,120.4,0,0,0,0,19-DEC-2017,
OPTSTK,IGL,22-Feb-2018,220,CE,0,0,0,109.95,110.5,0,0,0,0,19-DEC-2017,
OPTSTK,IGL,22-Feb-2018,230,CE,0,0,0,100.3,100.7,0,0,0,0,19-DEC-2017,
OPTSTK,IGL,22-Feb-2018,240,CE,0,0,0,90.7,90.95,0,0,0,0,19-DEC-2017,
OPTSTK,IGL,22-Feb-2018,250,CE,0,0,0,81.35,81.3,0,0,0,0,19-DEC-2017,
OPTSTK,IGL,22-Feb-2018,260,CE,0,0,0,72.3,71.9,0,0,0,0,19-DEC-2017,
OPTSTK,IGL,22-Feb-2018,270,CE,0,0,0,63.55,62.75,0,0,0,0,19-DEC-2017,
OPTSTK,IGL,22-Feb-2018,280,CE,0,0,0,55.3,54.05,0,0,0,0,19-DEC-2017,
OPTSTK,IGL,22-Feb-2018,290,CE,0,0,0,47.6,45.9,0,0,0,0,19-DEC-2017,
OPTSTK,IGL,22-Feb-2018,300,CE,0,0,0,40.5,38.4,0,0,0,0,19-DEC-2017,
OPTSTK,IGL,22-Feb-2018,310,CE,0,0,0,34.1,31.6,0,0,0,0,19-DEC-2017,
OPTSTK,IGL,22-Feb-2018,320,CE,0,0,0,28.35,25.6,0,0,0,0,19-DEC-2017,
OPTSTK,IGL,22-Feb-2018,330,CE,0,0,0,23.3,20.4,0,0,0,0,19-DEC-2017,
OPTSTK,IGL,22-Feb-2018,340,CE,0,0,0,19,16,0,0,0,0,19-DEC-2017,
OPTSTK,IGL,22-Feb-2018,350,CE,0,0,0,15.3,12.35,0,0,0,0,19-DEC-2017,
OPTSTK,IGL,22-Feb-2018,360,CE,0,0,0,12.15,9.4,0,0,0,0,19-DEC-2017,
OPTSTK,IGL,22-Feb-2018,370,CE,0,0,0,9.6,7.1,0,0,0,0,19-DEC-2017,
OPTSTK,IGL,22-Feb-2018,380,CE,0,0,0,7.5,5.25,0,0,0,0,19-DEC-2017,
OPTSTK,IGL,22-Feb-2018,390,CE,0,0,0,5.8,3.8,0,0,0,0,19-DEC-2017,
OPTSTK,IGL,22-Feb-2018,210,PE,0,0,0,0.1,0.05,0,0,0,0,19-DEC-2017,
OPTSTK,IGL,22-Feb-2018,220,PE,0,0,0,0.15,0.05,0,0,0,0,19-DEC-2017,
OPTSTK,IGL,22-Feb-2018,230,PE,0,0,0,0.35,0.1,0,0,0,0,19-DEC-2017,
OPTSTK,IGL,22-Feb-2018,240,PE,0,0,0,0.6,0.25,0,0,0,0,19-DEC-2017,
OPTSTK,IGL,22-Feb-2018,250,PE,0,0,0,1.1,0.5,0,0,0,0,19-DEC-2017,
OPTSTK,IGL,22-Feb-2018,260,PE,0,0,0,1.9,0.95,0,0,0,0,19-DEC-2017,
OPTSTK,IGL,22-Feb-2018,270,PE,0,0,0,3.05,1.75,0,0,0,0,19-DEC-2017,
OPTSTK,IGL,22-Feb-2018,280,PE,0,0,0,4.65,2.95,0,0,0,0,19-DEC-2017,
OPTSTK,IGL,22-Feb-2018,290,PE,0,0,0,6.8,4.65,0,0,0,0,19-DEC-2017,
OPTSTK,IGL,22-Feb-2018,300,PE,0,0,0,9.55,7.05,0,0,0,0,19-DEC-2017,
OPTSTK,IGL,22-Feb-2018,310,PE,0,0,0,12.95,10.1,0,0,0,0,19-DEC-2017,
OPTSTK,IGL,22-Feb-2018,320,PE,0,0,0,17.1,14,0,0,0,0,19-DEC-2017,
OPTSTK,IGL,22-Feb-2018,330,PE,0,0,0,21.9,18.7,0,0,0,0,19-DEC-2017,
OPTSTK,IGL,22-Feb-2018,340,PE,0,0,0,27.4,24.2,0,0,0,0,19-DEC-2017,
OPTSTK,IGL,22-Feb-2018,350,PE,0,0,0,33.55,30.45,0,0,0,0,19-DEC-2017,
OPTSTK,IGL,22-Feb-2018,360,PE,0,0,0,40.3,37.35,0,0,0,0,19-DEC-2017,
OPTSTK,IGL,22-Feb-2018,370,PE,0,0,0,47.6,44.9,0,0,0,0,19-DEC-2017,
OPTSTK,IGL,22-Feb-2018,380,PE,0,0,0,55.35,52.95,0,0,0,0,19-DEC-2017,
OPTSTK,IGL,22-Feb-2018,390,PE,0,0,0,63.55,61.4,0,0,0,0,19-DEC-2017,
OPTSTK,INDIACEM,28-Dec-2017,120,CE,0,0,0,53.05,52.2,0,0,0,0,19-DEC-2017,
OPTSTK,INDIACEM,28-Dec-2017,125,CE,0,0,0,48.7,47.2,0,0,0,0,19-DEC-2017,
OPTSTK,INDIACEM,28-Dec-2017,130,CE,0,0,0,44.55,42.2,0,0,0,0,19-DEC-2017,
OPTSTK,INDIACEM,28-Dec-2017,135,CE,0,0,0,40.6,37.25,0,0,0,0,19-DEC-2017,
OPTSTK,INDIACEM,28-Dec-2017,140,CE,0,0,0,36.85,32.25,0,0,0,0,19-DEC-2017,
OPTSTK,INDIACEM,28-Dec-2017,145,CE,0,0,0,33.25,27.25,0,0,0,0,19-DEC-2017,
OPTSTK,INDIACEM,28-Dec-2017,150,CE,0,0,0,18.25,22.35,0,0,3500,0,19-DEC-2017,
OPTSTK,INDIACEM,28-Dec-2017,155,CE,0,0,0,12.9,17.55,0,0,3500,0,19-DEC-2017,
OPTSTK,INDIACEM,28-Dec-2017,160,CE,12.35,12.6,12.35,12.6,12.6,2,12.07,661500,-3500,19-DEC-2017,
OPTSTK,INDIACEM,28-Dec-2017,165,CE,5.7,8.95,5.7,8.75,8.75,75,452.12,234500,-28000,19-DEC-2017,
OPTSTK,INDIACEM,28-Dec-2017,170,CE,3,5.5,3,5.25,5.25,661,4032.04,717500,-171500,19-DEC-2017,
OPTSTK,INDIACEM,28-Dec-2017,175,CE,1.75,3.15,1.75,2.9,2.9,357,2219.36,749000,84000,19-DEC-2017,
OPTSTK,INDIACEM,28-Dec-2017,180,CE,1.25,1.75,1.2,1.65,1.65,235,1492.54,1081500,-101500,19-DEC-2017,
OPTSTK,INDIACEM,28-Dec-2017,185,CE,0.85,1,0.75,0.9,0.9,41,266.72,385000,-10500,19-DEC-2017,
OPTSTK,INDIACEM,28-Dec-2017,190,CE,0.6,0.6,0.45,0.45,0.45,28,186.7,553000,-3500,19-DEC-2017,
OPTSTK,INDIACEM,28-Dec-2017,195,CE,0.45,0.45,0.45,0.45,0.45,2,13.68,49000,3500,19-DEC-2017,
OPTSTK,INDIACEM,28-Dec-2017,200,CE,0.3,0.3,0.25,0.3,0.3,18,126.18,500500,0,19-DEC-2017,
OPTSTK,INDIACEM,28-Dec-2017,205,CE,0,0,0,0.4,0.05,0,0,31500,0,19-DEC-2017,
OPTSTK,INDIACEM,28-Dec-2017,210,CE,0,0,0,0.2,0.05,0,0,17500,0,19-DEC-2017,
OPTSTK,INDIACEM,28-Dec-2017,215,CE,0,0,0,0.45,0,0,0,7000,0,19-DEC-2017,
OPTSTK,INDIACEM,28-Dec-2017,220,CE,0,0,0,0.05,0,0,0,10500,0,19-DEC-2017,
OPTSTK,INDIACEM,28-Dec-2017,225,CE,0,0,0,4.2,0,0,0,0,0,19-DEC-2017,
OPTSTK,INDIACEM,28-Dec-2017,230,CE,0,0,0,3.6,0,0,0,0,0,19-DEC-2017,
OPTSTK,INDIACEM,28-Dec-2017,235,CE,0,0,0,3.1,0,0,0,0,0,19-DEC-2017,
OPTSTK,INDIACEM,28-Dec-2017,240,CE,0,0,0,2.65,0,0,0,0,0,19-DEC-2017,
OPTSTK,INDIACEM,28-Dec-2017,245,CE,0,0,0,2.3,0,0,0,0,0,19-DEC-2017,
OPTSTK,INDIACEM,28-Dec-2017,250,CE,0,0,0,1.95,0,0,0,0,0,19-DEC-2017,
OPTSTK,INDIACEM,28-Dec-2017,120,PE,0,0,0,0.3,0,0,0,3500,0,19-DEC-2017,
OPTSTK,INDIACEM,28-Dec-2017,125,PE,0,0,0,2.05,0,0,0,0,0,19-DEC-2017,
OPTSTK,INDIACEM,28-Dec-2017,130,PE,0,0,0,2.85,0,0,0,0,0,19-DEC-2017,
OPTSTK,INDIACEM,28-Dec-2017,135,PE,0,0,0,0.4,0,0,0,10500,0,19-DEC-2017,
OPTSTK,INDIACEM,28-Dec-2017,140,PE,0,0,0,0.15,0,0,0,17500,0,19-DEC-2017,
OPTSTK,INDIACEM,28-Dec-2017,145,PE,0.3,0.3,0.25,0.25,0.25,9,45.76,84000,-7000,19-DEC-2017,
OPTSTK,INDIACEM,28-Dec-2017,150,PE,0.5,0.5,0.3,0.3,0.3,14,73.69,224000,10500,19-DEC-2017,
OPTSTK,INDIACEM,28-Dec-2017,155,PE,0.95,1.05,0.6,0.6,0.6,28,152.67,493500,7000,19-DEC-2017,
OPTSTK,INDIACEM,28-Dec-2017,160,PE,1.9,2.1,0.9,1,1,74,417.71,927500,-21000,19-DEC-2017,
OPTSTK,INDIACEM,28-Dec-2017,165,PE,3.3,3.55,1.7,1.75,1.75,113,661.98,231000,70000,19-DEC-2017,
OPTSTK,INDIACEM,28-Dec-2017,170,PE,6.1,6.25,3.2,3.4,3.4,133,810.59,483000,-7000,19-DEC-2017,
OPTSTK,INDIACEM,28-Dec-2017,175,PE,5.65,5.65,5.65,5.65,5.65,1,6.32,287000,0,19-DEC-2017,
OPTSTK,INDIACEM,28-Dec-2017,180,PE,12,12,10,10.4,10.4,5,33.4,322000,-7000,19-DEC-2017,
OPTSTK,INDIACEM,28-Dec-2017,185,PE,0,0,0,13.3,13.6,0,0,98000,0,19-DEC-2017,
OPTSTK,INDIACEM,28-Dec-2017,190,PE,0,0,0,21.5,18.1,0,0,66500,0,19-DEC-2017,
OPTSTK,INDIACEM,28-Dec-2017,195,PE,0,0,0,21,22.9,0,0,7000,0,19-DEC-2017,
OPTSTK,INDIACEM,28-Dec-2017,200,PE,0,0,0,25.95,27.75,0,0,35000,0,19-DEC-2017,
OPTSTK,INDIACEM,28-Dec-2017,205,PE,0,0,0,39.6,32.7,0,0,0,0,19-DEC-2017,
OPTSTK,INDIACEM,28-Dec-2017,210,PE,0,0,0,36,37.7,0,0,17500,0,19-DEC-2017,
OPTSTK,INDIACEM,28-Dec-2017,215,PE,0,0,0,47.55,42.7,0,0,0,0,19-DEC-2017,
OPTSTK,INDIACEM,28-Dec-2017,220,PE,0,0,0,43.3,47.7,0,0,28000,0,19-DEC-2017,
OPTSTK,INDIACEM,28-Dec-2017,225,PE,0,0,0,56,52.65,0,0,0,0,19-DEC-2017,
OPTSTK,INDIACEM,28-Dec-2017,230,PE,0,0,0,48.95,57.65,0,0,3500,0,19-DEC-2017,
OPTSTK,INDIACEM,28-Dec-2017,235,PE,0,0,0,64.75,62.65,0,0,0,0,19-DEC-2017,
OPTSTK,INDIACEM,28-Dec-2017,240,PE,0,0,0,63.8,67.65,0,0,31500,0,19-DEC-2017,
OPTSTK,INDIACEM,28-Dec-2017,245,PE,0,0,0,73.75,72.65,0,0,0,0,19-DEC-2017,
OPTSTK,INDIACEM,28-Dec-2017,250,PE,0,0,0,71,77.65,0,0,3500,0,19-DEC-2017,
OPTSTK,INDIACEM,25-Jan-2018,120,CE,0,0,0,78,52.8,0,0,0,0,19-DEC-2017,
OPTSTK,INDIACEM,25-Jan-2018,125,CE,0,0,0,73.2,47.9,0,0,0,0,19-DEC-2017,
OPTSTK,INDIACEM,25-Jan-2018,130,CE,0,0,0,68.45,43,0,0,0,0,19-DEC-2017,
OPTSTK,INDIACEM,25-Jan-2018,135,CE,0,0,0,63.75,38.2,0,0,0,0,19-DEC-2017,
OPTSTK,INDIACEM,25-Jan-2018,140,CE,0,0,0,59.2,33.45,0,0,0,0,19-DEC-2017,
OPTSTK,INDIACEM,25-Jan-2018,145,CE,0,0,0,54.7,28.95,0,0,0,0,19-DEC-2017,
OPTSTK,INDIACEM,25-Jan-2018,150,CE,0,0,0,50.35,24.65,0,0,0,0,19-DEC-2017,
OPTSTK,INDIACEM,25-Jan-2018,155,CE,0,0,0,46.15,20.65,0,0,0,0,19-DEC-2017,
OPTSTK,INDIACEM,25-Jan-2018,160,CE,14.8,14.8,14.8,14.8,14.8,1,6.11,7000,3500,19-DEC-2017,
OPTSTK,INDIACEM,25-Jan-2018,165,CE,0,0,0,38.3,13.75,0,0,0,0,19-DEC-2017,
OPTSTK,INDIACEM,25-Jan-2018,170,CE,0,0,0,9.25,10.9,0,0,35000,0,19-DEC-2017,
OPTSTK,INDIACEM,25-Jan-2018,175,CE,7,7,7,7,7,1,6.37,3500,3500,19-DEC-2017,
OPTSTK,INDIACEM,25-Jan-2018,180,CE,5.65,5.8,5.65,5.8,5.8,3,19.5,31500,10500,19-DEC-2017,
OPTSTK,INDIACEM,25-Jan-2018,185,CE,4.8,4.8,4.8,4.8,4.8,4,26.57,14000,14000,19-DEC-2017,
OPTSTK,INDIACEM,25-Jan-2018,190,CE,0,0,0,22.3,3.65,0,0,0,0,19-DEC-2017,
OPTSTK,INDIACEM,25-Jan-2018,195,CE,0,0,0,19.75,2.65,0,0,0,0,19-DEC-2017,
OPTSTK,INDIACEM,25-Jan-2018,200,CE,1.5,1.5,1.5,1.5,1.5,1,7.05,3500,3500,19-DEC-2017,
OPTSTK,INDIACEM,25-Jan-2018,205,CE,0,0,0,15.4,1.35,0,0,0,0,19-DEC-2017,
OPTSTK,INDIACEM,25-Jan-2018,210,CE,0,0,0,13.5,0.95,0,0,0,0,19-DEC-2017,
OPTSTK,INDIACEM,25-Jan-2018,215,CE,0,0,0,11.8,0.65,0,0,0,0,19-DEC-2017,
OPTSTK,INDIACEM,25-Jan-2018,220,CE,0,0,0,10.25,0.45,0,0,0,0,19-DEC-2017,
OPTSTK,INDIACEM,25-Jan-2018,225,CE,0,0,0,8.9,0.3,0,0,0,0,19-DEC-2017,
OPTSTK,INDIACEM,25-Jan-2018,230,CE,0,0,0,7.75,0.2,0,0,0,0,19-DEC-2017,
OPTSTK,INDIACEM,25-Jan-2018,235,CE,0,0,0,6.7,0.15,0,0,0,0,19-DEC-2017,
OPTSTK,INDIACEM,25-Jan-2018,240,CE,0,0,0,5.75,0.1,0,0,0,0,19-DEC-2017,
OPTSTK,INDIACEM,25-Jan-2018,245,CE,0,0,0,4.95,0.05,0,0,0,0,19-DEC-2017,
OPTSTK,INDIACEM,25-Jan-2018,250,CE,0,0,0,4.25,0.05,0,0,0,0,19-DEC-2017,
OPTSTK,INDIACEM,25-Jan-2018,120,PE,0,0,0,0.2,0.05,0,0,0,0,19-DEC-2017,
OPTSTK,INDIACEM,25-Jan-2018,125,PE,0,0,0,0.3,0.1,0,0,0,0,19-DEC-2017,
OPTSTK,INDIACEM,25-Jan-2018,130,PE,0,0,0,0.45,0.15,0,0,0,0,19-DEC-2017,
OPTSTK,INDIACEM,25-Jan-2018,135,PE,0,0,0,0.7,0.3,0,0,0,0,19-DEC-2017,
OPTSTK,INDIACEM,25-Jan-2018,140,PE,0,0,0,1.05,0.55,0,0,0,0,19-DEC-2017,
OPTSTK,INDIACEM,25-Jan-2018,145,PE,0,0,0,1.45,1,0,0,0,0,19-DEC-2017,
OPTSTK,INDIACEM,25-Jan-2018,150,PE,0,0,0,4,1.65,0,0,3500,0,19-DEC-2017,
OPTSTK,INDIACEM,25-Jan-2018,155,PE,0,0,0,2.75,2.65,0,0,0,0,19-DEC-2017,
OPTSTK,INDIACEM,25-Jan-2018,160,PE,3.35,3.35,3.35,3.35,3.35,1,5.71,14000,3500,19-DEC-2017,
OPTSTK,INDIACEM,25-Jan-2018,165,PE,4.95,4.95,4.95,4.95,4.95,1,5.94,14000,0,19-DEC-2017,
OPTSTK,INDIACEM,25-Jan-2018,170,PE,7.5,8.25,7.5,8.25,8.25,2,12.45,3500,0,19-DEC-2017,
OPTSTK,INDIACEM,25-Jan-2018,175,PE,0,0,0,7.55,10.4,0,0,0,0,19-DEC-2017,
OPTSTK,INDIACEM,25-Jan-2018,180,PE,0,0,0,9.25,13.35,0,0,0,0,19-DEC-2017,
OPTSTK,INDIACEM,25-Jan-2018,185,PE,0,0,0,11.2,16.7,0,0,0,0,19-DEC-2017,
OPTSTK,INDIACEM,25-Jan-2018,190,PE,0,0,0,13.35,20.4,0,0,0,0,19-DEC-2017,
OPTSTK,INDIACEM,25-Jan-2018,195,PE,0,0,0,15.75,24.4,0,0,0,0,19-DEC-2017,
OPTSTK,INDIACEM,25-Jan-2018,200,PE,0,0,0,18.4,28.6,0,0,0,0,19-DEC-2017,
OPTSTK,INDIACEM,25-Jan-2018,205,PE,0,0,0,21.2,33,0,0,0,0,19-DEC-2017,
OPTSTK,INDIACEM,25-Jan-2018,210,PE,0,0,0,24.25,37.55,0,0,0,0,19-DEC-2017,
OPTSTK,INDIACEM,25-Jan-2018,215,PE,0,0,0,27.45,42.25,0,0,0,0,19-DEC-2017,
OPTSTK,INDIACEM,25-Jan-2018,220,PE,0,0,0,30.85,47,0,0,0,0,19-DEC-2017,
OPTSTK,INDIACEM,25-Jan-2018,225,PE,0,0,0,34.45,51.85,0,0,0,0,19-DEC-2017,
OPTSTK,INDIACEM,25-Jan-2018,230,PE,0,0,0,38.2,56.7,0,0,0,0,19-DEC-2017,
OPTSTK,INDIACEM,25-Jan-2018,235,PE,0,0,0,42.05,61.6,0,0,0,0,19-DEC-2017,
OPTSTK,INDIACEM,25-Jan-2018,240,PE,0,0,0,46.05,66.55,0,0,0,0,19-DEC-2017,
OPTSTK,INDIACEM,25-Jan-2018,245,PE,0,0,0,50.15,71.45,0,0,0,0,19-DEC-2017,
OPTSTK,INDIACEM,25-Jan-2018,250,PE,0,0,0,54.35,76.4,0,0,0,0,19-DEC-2017,
OPTSTK,INDIACEM,22-Feb-2018,120,CE,0,0,0,55.8,53.6,0,0,0,0,19-DEC-2017,
OPTSTK,INDIACEM,22-Feb-2018,125,CE,0,0,0,51,48.8,0,0,0,0,19-DEC-2017,
OPTSTK,INDIACEM,22-Feb-2018,130,CE,0,0,0,46.35,44.1,0,0,0,0,19-DEC-2017,
OPTSTK,INDIACEM,22-Feb-2018,135,CE,0,0,0,41.75,39.55,0,0,0,0,19-DEC-2017,
OPTSTK,INDIACEM,22-Feb-2018,140,CE,0,0,0,37.35,35.2,0,0,0,0,19-DEC-2017,
OPTSTK,INDIACEM,22-Feb-2018,145,CE,0,0,0,33.15,31,0,0,0,0,19-DEC-2017,
OPTSTK,INDIACEM,22-Feb-2018,150,CE,0,0,0,29.15,27.1,0,0,0,0,19-DEC-2017,
OPTSTK,INDIACEM,22-Feb-2018,155,CE,0,0,0,25.45,23.45,0,0,0,0,19-DEC-2017,
OPTSTK,INDIACEM,22-Feb-2018,160,CE,0,0,0,21.95,20.05,0,0,0,0,19-DEC-2017,
OPTSTK,INDIACEM,22-Feb-2018,165,CE,0,0,0,18.85,17.05,0,0,0,0,19-DEC-2017,
OPTSTK,INDIACEM,22-Feb-2018,170,CE,0,0,0,16,14.35,0,0,0,0,19-DEC-2017,
OPTSTK,INDIACEM,22-Feb-2018,175,CE,0,0,0,13.5,11.95,0,0,0,0,19-DEC-2017,
OPTSTK,INDIACEM,22-Feb-2018,180,CE,0,0,0,11.25,9.85,0,0,0,0,19-DEC-2017,
OPTSTK,INDIACEM,22-Feb-2018,185,CE,0,0,0,9.35,8.1,0,0,0,0,19-DEC-2017,
OPTSTK,INDIACEM,22-Feb-2018,190,CE,0,0,0,7.65,6.55,0,0,0,0,19-DEC-2017,
OPTSTK,INDIACEM,22-Feb-2018,195,CE,0,0,0,6.25,5.3,0,0,0,0,19-DEC-2017,
OPTSTK,INDIACEM,22-Feb-2018,200,CE,0,0,0,5.1,4.25,0,0,0,0,19-DEC-2017,
OPTSTK,INDIACEM,22-Feb-2018,205,CE,0,0,0,4.1,3.35,0,0,0,0,19-DEC-2017,
OPTSTK,INDIACEM,22-Feb-2018,210,CE,0,0,0,3.25,2.65,0,0,0,0,19-DEC-2017,
OPTSTK,INDIACEM,22-Feb-2018,215,CE,0,0,0,2.6,2.1,0,0,0,0,19-DEC-2017,
OPTSTK,INDIACEM,22-Feb-2018,220,CE,0,0,0,2.05,1.6,0,0,0,0,19-DEC-2017,
OPTSTK,INDIACEM,22-Feb-2018,225,CE,0,0,0,1.6,1.25,0,0,0,0,19-DEC-2017,
OPTSTK,INDIACEM,22-Feb-2018,230,CE,0,0,0,1.25,0.95,0,0,0,0,19-DEC-2017,
OPTSTK,INDIACEM,22-Feb-2018,235,CE,0,0,0,1,0.75,0,0,0,0,19-DEC-2017,
OPTSTK,INDIACEM,22-Feb-2018,240,CE,0,0,0,0.75,0.55,0,0,0,0,19-DEC-2017,
OPTSTK,INDIACEM,22-Feb-2018,245,CE,0,0,0,0.6,0.45,0,0,0,0,19-DEC-2017,
OPTSTK,INDIACEM,22-Feb-2018,250,CE,0,0,0,0.45,0.35,0,0,0,0,19-DEC-2017,
OPTSTK,INDIACEM,22-Feb-2018,120,PE,0,0,0,0.2,0.2,0,0,0,0,19-DEC-2017,
OPTSTK,INDIACEM,22-Feb-2018,125,PE,0,0,0,0.35,0.35,0,0,0,0,19-DEC-2017,
OPTSTK,INDIACEM,22-Feb-2018,130,PE,0,0,0,0.6,0.65,0,0,0,0,19-DEC-2017,
OPTSTK,INDIACEM,22-Feb-2018,135,PE,0,0,0,0.95,1,0,0,0,0,19-DEC-2017,
OPTSTK,INDIACEM,22-Feb-2018,140,PE,0,0,0,1.45,1.6,0,0,0,0,19-DEC-2017,
OPTSTK,INDIACEM,22-Feb-2018,145,PE,0,0,0,2.15,2.35,0,0,0,0,19-DEC-2017,
OPTSTK,INDIACEM,22-Feb-2018,150,PE,0,0,0,3.1,3.35,0,0,0,0,19-DEC-2017,
OPTSTK,INDIACEM,22-Feb-2018,155,PE,0,0,0,4.3,4.65,0,0,0,0,19-DEC-2017,
OPTSTK,INDIACEM,22-Feb-2018,160,PE,0,0,0,5.8,6.25,0,0,0,0,19-DEC-2017,
OPTSTK,INDIACEM,22-Feb-2018,165,PE,0,0,0,7.55,8.15,0,0,0,0,19-DEC-2017,
OPTSTK,INDIACEM,22-Feb-2018,170,PE,0,0,0,9.65,10.4,0,0,0,0,19-DEC-2017,
OPTSTK,INDIACEM,22-Feb-2018,175,PE,0,0,0,12.05,12.95,0,0,0,0,19-DEC-2017,
OPTSTK,INDIACEM,22-Feb-2018,180,PE,0,0,0,14.8,15.8,0,0,0,0,19-DEC-2017,
OPTSTK,INDIACEM,22-Feb-2018,185,PE,0,0,0,17.8,18.95,0,0,0,0,19-DEC-2017,
OPTSTK,INDIACEM,22-Feb-2018,190,PE,0,0,0,21.05,22.4,0,0,0,0,19-DEC-2017,
OPTSTK,INDIACEM,22-Feb-2018,195,PE,0,0,0,24.55,26.05,0,0,0,0,19-DEC-2017,
OPTSTK,INDIACEM,22-Feb-2018,200,PE,0,0,0,28.3,29.95,0,0,0,0,19-DEC-2017,
OPTSTK,INDIACEM,22-Feb-2018,205,PE,0,0,0,32.25,34,0,0,0,0,19-DEC-2017,
OPTSTK,INDIACEM,22-Feb-2018,210,PE,0,0,0,36.35,38.25,0,0,0,0,19-DEC-2017,
OPTSTK,INDIACEM,22-Feb-2018,215,PE,0,0,0,40.6,42.65,0,0,0,0,19-DEC-2017,
OPTSTK,INDIACEM,22-Feb-2018,220,PE,0,0,0,45,47.1,0,0,0,0,19-DEC-2017,
OPTSTK,INDIACEM,22-Feb-2018,225,PE,0,0,0,49.5,51.7,0,0,0,0,19-DEC-2017,
OPTSTK,INDIACEM,22-Feb-2018,230,PE,0,0,0,54.05,56.35,0,0,0,0,19-DEC-2017,
OPTSTK,INDIACEM,22-Feb-2018,235,PE,0,0,0,58.7,61.05,0,0,0,0,19-DEC-2017,
OPTSTK,INDIACEM,22-Feb-2018,240,PE,0,0,0,63.4,65.85,0,0,0,0,19-DEC-2017,
OPTSTK,INDIACEM,22-Feb-2018,245,PE,0,0,0,68.15,70.65,0,0,0,0,19-DEC-2017,
OPTSTK,INDIACEM,22-Feb-2018,250,PE,0,0,0,72.95,75.5,0,0,0,0,19-DEC-2017,
OPTSTK,INDIANB,28-Dec-2017,190,CE,0,0,0,72.5,202.1,0,0,0,0,19-DEC-2017,
OPTSTK,INDIANB,28-Dec-2017,200,CE,0,0,0,63.3,192.15,0,0,0,0,19-DEC-2017,
OPTSTK,INDIANB,28-Dec-2017,210,CE,0,0,0,54.55,182.15,0,0,0,0,19-DEC-2017,
OPTSTK,INDIANB,28-Dec-2017,220,CE,0,0,0,46.3,172.15,0,0,0,0,19-DEC-2017,
OPTSTK,INDIANB,28-Dec-2017,230,CE,0,0,0,38.75,162.2,0,0,0,0,19-DEC-2017,
OPTSTK,INDIANB,28-Dec-2017,240,CE,0,0,0,31.95,152.2,0,0,0,0,19-DEC-2017,
OPTSTK,INDIANB,28-Dec-2017,250,CE,0,0,0,25.9,142.2,0,0,0,0,19-DEC-2017,
OPTSTK,INDIANB,28-Dec-2017,260,CE,0,0,0,20.7,132.2,0,0,0,0,19-DEC-2017,
OPTSTK,INDIANB,28-Dec-2017,270,CE,0,0,0,125,122.25,0,0,2000,0,19-DEC-2017,
OPTSTK,INDIANB,28-Dec-2017,280,CE,0,0,0,12.7,112.25,0,0,0,0,19-DEC-2017,
OPTSTK,INDIANB,28-Dec-2017,290,CE,0,0,0,9.75,102.25,0,0,0,0,19-DEC-2017,
OPTSTK,INDIANB,28-Dec-2017,300,CE,0,0,0,96,92.3,0,0,2000,0,19-DEC-2017,
OPTSTK,INDIANB,28-Dec-2017,310,CE,0,0,0,5.55,82.3,0,0,0,0,19-DEC-2017,
OPTSTK,INDIANB,28-Dec-2017,320,CE,0,0,0,4.1,72.35,0,0,0,0,19-DEC-2017,
OPTSTK,INDIANB,28-Dec-2017,330,CE,0,0,0,3,62.45,0,0,0,0,19-DEC-2017,
OPTSTK,INDIANB,28-Dec-2017,340,CE,0,0,0,2.2,52.7,0,0,0,0,19-DEC-2017,
OPTSTK,INDIANB,28-Dec-2017,350,CE,0,0,0,49,43.3,0,0,2000,0,19-DEC-2017,
OPTSTK,INDIANB,28-Dec-2017,360,CE,0,0,0,28.8,34.4,0,0,4000,0,19-DEC-2017,
OPTSTK,INDIANB,28-Dec-2017,370,CE,0,0,0,13,26.3,0,0,16000,0,19-DEC-2017,
OPTSTK,INDIANB,28-Dec-2017,380,CE,17,17,17,17,17,1,7.94,58000,0,19-DEC-2017,
OPTSTK,INDIANB,28-Dec-2017,390,CE,11.6,12.9,10.9,10.95,10.95,19,152.63,76000,-8000,19-DEC-2017,
OPTSTK,INDIANB,28-Dec-2017,400,CE,8.5,8.9,6.5,6.95,6.95,86,701.16,282000,16000,19-DEC-2017,
OPTSTK,INDIANB,28-Dec-2017,410,CE,4.85,5.4,3.8,4.4,4.4,44,364.97,138000,36000,19-DEC-2017,
OPTSTK,INDIANB,28-Dec-2017,420,CE,2.7,3,2.4,2.4,2.4,10,84.55,76000,10000,19-DEC-2017,
OPTSTK,INDIANB,28-Dec-2017,430,CE,1.6,1.6,1.6,1.6,1.6,1,8.63,26000,2000,19-DEC-2017,
OPTSTK,INDIANB,28-Dec-2017,440,CE,1.2,1.25,1.1,1.1,1.1,6,52.94,26000,12000,19-DEC-2017,
OPTSTK,INDIANB,28-Dec-2017,450,CE,0,0,0,1,0.55,0,0,18000,0,19-DEC-2017,
OPTSTK,INDIANB,28-Dec-2017,460,CE,0,0,0,0.75,0.3,0,0,8000,0,19-DEC-2017,
OPTSTK,INDIANB,28-Dec-2017,470,CE,0,0,0,1,0.15,0,0,2000,0,19-DEC-2017,
OPTSTK,INDIANB,28-Dec-2017,480,CE,0,0,0,0.75,0.05,0,0,2000,0,19-DEC-2017,
OPTSTK,INDIANB,28-Dec-2017,190,PE,0,0,0,0.7,0,0,0,0,0,19-DEC-2017,
OPTSTK,INDIANB,28-Dec-2017,200,PE,0,0,0,1.4,0,0,0,0,0,19-DEC-2017,
OPTSTK,INDIANB,28-Dec-2017,210,PE,0,0,0,2.5,0,0,0,0,0,19-DEC-2017,
OPTSTK,INDIANB,28-Dec-2017,220,PE,0,0,0,4.1,0,0,0,0,0,19-DEC-2017,
OPTSTK,INDIANB,28-Dec-2017,230,PE,0,0,0,6.4,0,0,0,0,0,19-DEC-2017,
OPTSTK,INDIANB,28-Dec-2017,240,PE,0,0,0,9.4,0,0,0,0,0,19-DEC-2017,
OPTSTK,INDIANB,28-Dec-2017,250,PE,0,0,0,13.25,0,0,0,0,0,19-DEC-2017,
OPTSTK,INDIANB,28-Dec-2017,260,PE,0,0,0,17.9,0,0,0,0,0,19-DEC-2017,
OPTSTK,INDIANB,28-Dec-2017,270,PE,0,0,0,23.35,0,0,0,0,0,19-DEC-2017,
OPTSTK,INDIANB,28-Dec-2017,280,PE,0,0,0,29.55,0,0,0,0,0,19-DEC-2017,
OPTSTK,INDIANB,28-Dec-2017,290,PE,0,0,0,36.45,0,0,0,0,0,19-DEC-2017,
OPTSTK,INDIANB,28-Dec-2017,300,PE,0,0,0,43.95,0,0,0,0,0,19-DEC-2017,
OPTSTK,INDIANB,28-Dec-2017,310,PE,0,0,0,0.75,0.05,0,0,2000,0,19-DEC-2017,
OPTSTK,INDIANB,28-Dec-2017,320,PE,0,0,0,60.3,0.05,0,0,0,0,19-DEC-2017,
OPTSTK,INDIANB,28-Dec-2017,330,PE,0,0,0,0.35,0.15,0,0,0,0,19-DEC-2017,
OPTSTK,INDIANB,28-Dec-2017,340,PE,0,0,0,2.5,0.4,0,0,2000,0,19-DEC-2017,
OPTSTK,INDIANB,28-Dec-2017,350,PE,0,0,0,4.7,0.95,0,0,12000,0,19-DEC-2017,
OPTSTK,INDIANB,28-Dec-2017,360,PE,1.5,1.5,1.3,1.35,1.35,4,28.91,22000,-2000,19-DEC-2017,
OPTSTK,INDIANB,28-Dec-2017,370,PE,2.75,2.75,2.2,2.3,2.3,5,37.24,38000,-2000,19-DEC-2017,
OPTSTK,INDIANB,28-Dec-2017,380,PE,4.3,5.7,4.3,4.6,4.6,18,138.66,86000,-8000,19-DEC-2017,
OPTSTK,INDIANB,28-Dec-2017,390,PE,9.25,9.5,8.8,8.8,8.8,11,87.79,64000,14000,19-DEC-2017,
OPTSTK,INDIANB,28-Dec-2017,400,PE,14.9,15,14.6,15,15,4,33.19,34000,8000,19-DEC-2017,
OPTSTK,INDIANB,28-Dec-2017,410,PE,0,0,0,23.8,23.2,0,0,8000,0,19-DEC-2017,
OPTSTK,INDIANB,28-Dec-2017,420,PE,0,0,0,38.6,30.95,0,0,2000,0,19-DEC-2017,
OPTSTK,INDIANB,28-Dec-2017,430,PE,0,0,0,120.8,39.45,0,0,0,0,19-DEC-2017,
OPTSTK,INDIANB,28-Dec-2017,440,PE,0,0,0,47.5,48.55,0,0,8000,0,19-DEC-2017,
OPTSTK,INDIANB,28-Dec-2017,450,PE,0,0,0,49.45,58.05,0,0,8000,0,19-DEC-2017,
OPTSTK,INDIANB,28-Dec-2017,460,PE,0,0,0,133.8,67.75,0,0,0,0,19-DEC-2017,
OPTSTK,INDIANB,28-Dec-2017,470,PE,0,0,0,132.35,77.6,0,0,0,0,19-DEC-2017,
OPTSTK,INDIANB,28-Dec-2017,480,PE,0,0,0,121.1,87.55,0,0,0,0,19-DEC-2017,
OPTSTK,INDIANB,25-Jan-2018,200,CE,0,0,0,131.35,193.1,0,0,0,0,19-DEC-2017,
OPTSTK,INDIANB,25-Jan-2018,210,CE,0,0,0,123.75,183.2,0,0,0,0,19-DEC-2017,
OPTSTK,INDIANB,25-Jan-2018,220,CE,0,0,0,116.45,173.25,0,0,0,0,19-DEC-2017,
OPTSTK,INDIANB,25-Jan-2018,230,CE,0,0,0,109.45,163.3,0,0,0,0,19-DEC-2017,
OPTSTK,INDIANB,25-Jan-2018,240,CE,0,0,0,102.75,153.4,0,0,0,0,19-DEC-2017,
OPTSTK,INDIANB,25-Jan-2018,250,CE,0,0,0,96.4,143.5,0,0,0,0,19-DEC-2017,
OPTSTK,INDIANB,25-Jan-2018,260,CE,0,0,0,90.4,133.6,0,0,0,0,19-DEC-2017,
OPTSTK,INDIANB,25-Jan-2018,270,CE,0,0,0,84.65,123.7,0,0,0,0,19-DEC-2017,
OPTSTK,INDIANB,25-Jan-2018,280,CE,0,0,0,79.25,113.95,0,0,0,0,19-DEC-2017,
OPTSTK,INDIANB,25-Jan-2018,290,CE,0,0,0,74.15,104.25,0,0,0,0,19-DEC-2017,
OPTSTK,INDIANB,25-Jan-2018,300,CE,0,0,0,69.35,94.7,0,0,0,0,19-DEC-2017,
OPTSTK,INDIANB,25-Jan-2018,310,CE,0,0,0,64.85,85.4,0,0,0,0,19-DEC-2017,
OPTSTK,INDIANB,25-Jan-2018,320,CE,0,0,0,60.55,76.35,0,0,0,0,19-DEC-2017,
OPTSTK,INDIANB,25-Jan-2018,330,CE,0,0,0,56.55,67.65,0,0,0,0,19-DEC-2017,
OPTSTK,INDIANB,25-Jan-2018,340,CE,0,0,0,52.8,59.45,0,0,0,0,19-DEC-2017,
OPTSTK,INDIANB,25-Jan-2018,350,CE,0,0,0,49.3,51.7,0,0,0,0,19-DEC-2017,
OPTSTK,INDIANB,25-Jan-2018,360,CE,0,0,0,46,44.55,0,0,0,0,19-DEC-2017,
OPTSTK,INDIANB,25-Jan-2018,370,CE,0,0,0,42.9,38,0,0,0,0,19-DEC-2017,
OPTSTK,INDIANB,25-Jan-2018,380,CE,0,0,0,40,32.1,0,0,0,0,19-DEC-2017,
OPTSTK,INDIANB,25-Jan-2018,390,CE,0,0,0,37.35,26.85,0,0,0,0,19-DEC-2017,
OPTSTK,INDIANB,25-Jan-2018,400,CE,0,0,0,34.8,22.2,0,0,0,0,19-DEC-2017,
OPTSTK,INDIANB,25-Jan-2018,410,CE,0,0,0,32.45,18.2,0,0,0,0,19-DEC-2017,
OPTSTK,INDIANB,25-Jan-2018,420,CE,0,0,0,17.35,14.8,0,0,2000,0,19-DEC-2017,
OPTSTK,INDIANB,25-Jan-2018,430,CE,0,0,0,28.25,11.9,0,0,0,0,19-DEC-2017,
OPTSTK,INDIANB,25-Jan-2018,440,CE,0,0,0,26.35,9.55,0,0,0,0,19-DEC-2017,
OPTSTK,INDIANB,25-Jan-2018,450,CE,0,0,0,25.25,7.55,0,0,0,0,19-DEC-2017,
OPTSTK,INDIANB,25-Jan-2018,460,CE,0,0,0,23.4,5.9,0,0,0,0,19-DEC-2017,
OPTSTK,INDIANB,25-Jan-2018,470,CE,0,0,0,23.4,4.6,0,0,0,0,19-DEC-2017,
OPTSTK,INDIANB,25-Jan-2018,480,CE,0,0,0,35.1,3.55,0,0,0,0,19-DEC-2017,
OPTSTK,INDIANB,25-Jan-2018,200,PE,0,0,0,8.9,0,0,0,0,0,19-DEC-2017,
OPTSTK,INDIANB,25-Jan-2018,210,PE,0,0,0,11.15,0,0,0,0,0,19-DEC-2017,
OPTSTK,INDIANB,25-Jan-2018,220,PE,0,0,0,13.7,0,0,0,0,0,19-DEC-2017,
OPTSTK,INDIANB,25-Jan-2018,230,PE,0,0,0,16.55,0,0,0,0,0,19-DEC-2017,
OPTSTK,INDIANB,25-Jan-2018,240,PE,0,0,0,19.7,0.05,0,0,0,0,19-DEC-2017,
OPTSTK,INDIANB,25-Jan-2018,250,PE,0,0,0,23.2,0.05,0,0,0,0,19-DEC-2017,
OPTSTK,INDIANB,25-Jan-2018,260,PE,0,0,0,27,0.1,0,0,0,0,19-DEC-2017,
OPTSTK,INDIANB,25-Jan-2018,270,PE,0,0,0,31.15,0.15,0,0,0,0,19-DEC-2017,
OPTSTK,INDIANB,25-Jan-2018,280,PE,0,0,0,35.55,0.3,0,0,0,0,19-DEC-2017,
OPTSTK,INDIANB,25-Jan-2018,290,PE,0,0,0,40.3,0.55,0,0,0,0,19-DEC-2017,
OPTSTK,INDIANB,25-Jan-2018,300,PE,0,0,0,45.35,0.95,0,0,0,0,19-DEC-2017,
OPTSTK,INDIANB,25-Jan-2018,310,PE,0,0,0,50.65,1.55,0,0,0,0,19-DEC-2017,
OPTSTK,INDIANB,25-Jan-2018,320,PE,0,0,0,56.25,2.45,0,0,0,0,19-DEC-2017,
OPTSTK,INDIANB,25-Jan-2018,330,PE,0,0,0,62.1,3.75,0,0,0,0,19-DEC-2017,
OPTSTK,INDIANB,25-Jan-2018,340,PE,0,0,0,68.2,5.45,0,0,0,0,19-DEC-2017,
OPTSTK,INDIANB,25-Jan-2018,350,PE,0,0,0,74.5,7.65,0,0,0,0,19-DEC-2017,
OPTSTK,INDIANB,25-Jan-2018,360,PE,0,0,0,81.05,10.4,0,0,0,0,19-DEC-2017,
OPTSTK,INDIANB,25-Jan-2018,370,PE,0,0,0,87.8,13.8,0,0,0,0,19-DEC-2017,
OPTSTK,INDIANB,25-Jan-2018,380,PE,0,0,0,94.75,17.8,0,0,0,0,19-DEC-2017,
OPTSTK,INDIANB,25-Jan-2018,390,PE,0,0,0,101.9,22.5,0,0,0,0,19-DEC-2017,
OPTSTK,INDIANB,25-Jan-2018,400,PE,0,0,0,28,27.8,0,0,2000,0,19-DEC-2017,
OPTSTK,INDIANB,25-Jan-2018,410,PE,0,0,0,116.75,33.75,0,0,0,0,19-DEC-2017,
OPTSTK,INDIANB,25-Jan-2018,420,PE,0,0,0,124.4,40.25,0,0,0,0,19-DEC-2017,
OPTSTK,INDIANB,25-Jan-2018,430,PE,0,0,0,132.2,47.3,0,0,0,0,19-DEC-2017,
OPTSTK,INDIANB,25-Jan-2018,440,PE,0,0,0,140.15,54.85,0,0,0,0,19-DEC-2017,
OPTSTK,INDIANB,25-Jan-2018,450,PE,0,0,0,132.75,62.8,0,0,0,0,19-DEC-2017,
OPTSTK,INDIANB,25-Jan-2018,460,PE,0,0,0,140.75,71.1,0,0,0,0,19-DEC-2017,
OPTSTK,INDIANB,25-Jan-2018,470,PE,0,0,0,139.6,79.75,0,0,0,0,19-DEC-2017,
OPTSTK,INDIANB,25-Jan-2018,480,PE,0,0,0,131.1,88.65,0,0,0,0,19-DEC-2017,
OPTSTK,INDIANB,22-Feb-2018,270,CE,0,0,0,132.2,125.8,0,0,0,0,19-DEC-2017,
OPTSTK,INDIANB,22-Feb-2018,280,CE,0,0,0,123.9,116.4,0,0,0,0,19-DEC-2017,
OPTSTK,INDIANB,22-Feb-2018,290,CE,0,0,0,115.9,107.25,0,0,0,0,19-DEC-2017,
OPTSTK,INDIANB,22-Feb-2018,300,CE,0,0,0,108.2,98.3,0,0,0,0,19-DEC-2017,
OPTSTK,INDIANB,22-Feb-2018,310,CE,0,0,0,100.8,89.7,0,0,0,0,19-DEC-2017,
OPTSTK,INDIANB,22-Feb-2018,320,CE,0,0,0,93.75,81.4,0,0,0,0,19-DEC-2017,
OPTSTK,INDIANB,22-Feb-2018,330,CE,0,0,0,87,73.5,0,0,0,0,19-DEC-2017,
OPTSTK,INDIANB,22-Feb-2018,340,CE,0,0,0,80.6,66,0,0,0,0,19-DEC-2017,
OPTSTK,INDIANB,22-Feb-2018,350,CE,0,0,0,74.55,59,0,0,0,0,19-DEC-2017,
OPTSTK,INDIANB,22-Feb-2018,360,CE,0,0,0,68.8,52.4,0,0,0,0,19-DEC-2017,
OPTSTK,INDIANB,22-Feb-2018,370,CE,0,0,0,63.45,46.35,0,0,0,0,19-DEC-2017,
OPTSTK,INDIANB,22-Feb-2018,380,CE,0,0,0,58.4,40.8,0,0,0,0,19-DEC-2017,
OPTSTK,INDIANB,22-Feb-2018,390,CE,0,0,0,53.7,35.7,0,0,0,0,19-DEC-2017,
OPTSTK,INDIANB,22-Feb-2018,400,CE,0,0,0,49.25,31.15,0,0,0,0,19-DEC-2017,
OPTSTK,INDIANB,22-Feb-2018,410,CE,0,0,0,45.15,27,0,0,0,0,19-DEC-2017,
OPTSTK,INDIANB,22-Feb-2018,420,CE,0,0,0,41.35,23.3,0,0,0,0,19-DEC-2017,
OPTSTK,INDIANB,22-Feb-2018,430,CE,0,0,0,37.8,20.05,0,0,0,0,19-DEC-2017,
OPTSTK,INDIANB,22-Feb-2018,440,CE,0,0,0,34.55,17.15,0,0,0,0,19-DEC-2017,
OPTSTK,INDIANB,22-Feb-2018,450,CE,0,0,0,31.5,14.65,0,0,0,0,19-DEC-2017,
OPTSTK,INDIANB,22-Feb-2018,460,CE,0,0,0,28.75,12.45,0,0,0,0,19-DEC-2017,
OPTSTK,INDIANB,22-Feb-2018,470,CE,0,0,0,26.2,10.55,0,0,0,0,19-DEC-2017,
OPTSTK,INDIANB,22-Feb-2018,480,CE,0,0,0,23.85,8.9,0,0,0,0,19-DEC-2017,
OPTSTK,INDIANB,22-Feb-2018,270,PE,0,0,0,5.6,0.9,0,0,0,0,19-DEC-2017,
OPTSTK,INDIANB,22-Feb-2018,280,PE,0,0,0,7.15,1.45,0,0,0,0,19-DEC-2017,
OPTSTK,INDIANB,22-Feb-2018,290,PE,0,0,0,9,2.15,0,0,0,0,19-DEC-2017,
OPTSTK,INDIANB,22-Feb-2018,300,PE,0,0,0,11.15,3.1,0,0,0,0,19-DEC-2017,
OPTSTK,INDIANB,22-Feb-2018,310,PE,0,0,0,13.65,4.35,0,0,0,0,19-DEC-2017,
OPTSTK,INDIANB,22-Feb-2018,320,PE,0,0,0,16.4,5.95,0,0,0,0,19-DEC-2017,
OPTSTK,INDIANB,22-Feb-2018,330,PE,0,0,0,19.55,7.95,0,0,0,0,19-DEC-2017,
OPTSTK,INDIANB,22-Feb-2018,340,PE,0,0,0,23,10.35,0,0,0,0,19-DEC-2017,
OPTSTK,INDIANB,22-Feb-2018,350,PE,0,0,0,26.8,13.2,0,0,0,0,19-DEC-2017,
OPTSTK,INDIANB,22-Feb-2018,360,PE,0,0,0,30.9,16.5,0,0,0,0,19-DEC-2017,
OPTSTK,INDIANB,22-Feb-2018,370,PE,0,0,0,35.4,20.35,0,0,0,0,19-DEC-2017,
OPTSTK,INDIANB,22-Feb-2018,380,PE,0,0,0,40.2,24.65,0,0,0,0,19-DEC-2017,
OPTSTK,INDIANB,22-Feb-2018,390,PE,0,0,0,45.35,29.45,0,0,0,0,19-DEC-2017,
OPTSTK,INDIANB,22-Feb-2018,400,PE,0,0,0,50.8,34.75,0,0,0,0,19-DEC-2017,
OPTSTK,INDIANB,22-Feb-2018,410,PE,0,0,0,56.55,40.5,0,0,0,0,19-DEC-2017,
OPTSTK,INDIANB,22-Feb-2018,420,PE,0,0,0,62.6,46.7,0,0,0,0,19-DEC-2017,
OPTSTK,INDIANB,22-Feb-2018,430,PE,0,0,0,68.9,53.35,0,0,0,0,19-DEC-2017,
OPTSTK,INDIANB,22-Feb-2018,440,PE,0,0,0,75.5,60.35,0,0,0,0,19-DEC-2017,
OPTSTK,INDIANB,22-Feb-2018,450,PE,0,0,0,82.3,67.7,0,0,0,0,19-DEC-2017,
OPTSTK,INDIANB,22-Feb-2018,460,PE,0,0,0,89.4,75.4,0,0,0,0,19-DEC-2017,
OPTSTK,INDIANB,22-Feb-2018,470,PE,0,0,0,96.7,83.35,0,0,0,0,19-DEC-2017,
OPTSTK,INDIANB,22-Feb-2018,480,PE,0,0,0,104.2,91.6,0,0,0,0,19-DEC-2017,
OPTSTK,INDIGO,28-Dec-2017,800,CE,0,0,0,295,358.95,0,0,0,0,19-DEC-2017,
OPTSTK,INDIGO,28-Dec-2017,820,CE,0,0,0,276.7,339,0,0,0,0,19-DEC-2017,
OPTSTK,INDIGO,28-Dec-2017,840,CE,0,0,0,258.75,319.05,0,0,0,0,19-DEC-2017,
OPTSTK,INDIGO,28-Dec-2017,860,CE,0,0,0,241.25,299.05,0,0,0,0,19-DEC-2017,
OPTSTK,INDIGO,28-Dec-2017,880,CE,0,0,0,224.2,279.1,0,0,0,0,19-DEC-2017,
OPTSTK,INDIGO,28-Dec-2017,900,CE,0,0,0,207.7,259.1,0,0,0,0,19-DEC-2017,
OPTSTK,INDIGO,28-Dec-2017,920,CE,0,0,0,191.8,239.15,0,0,0,0,19-DEC-2017,
OPTSTK,INDIGO,28-Dec-2017,940,CE,0,0,0,176.5,219.2,0,0,0,0,19-DEC-2017,
OPTSTK,INDIGO,28-Dec-2017,960,CE,0,0,0,161.95,199.2,0,0,0,0,19-DEC-2017,
OPTSTK,INDIGO,28-Dec-2017,980,CE,0,0,0,148.05,179.25,0,0,0,0,19-DEC-2017,
OPTSTK,INDIGO,28-Dec-2017,1000,CE,0,0,0,134.9,159.3,0,0,0,0,19-DEC-2017,
OPTSTK,INDIGO,28-Dec-2017,1020,CE,0,0,0,122.5,139.4,0,0,0,0,19-DEC-2017,
OPTSTK,INDIGO,28-Dec-2017,1040,CE,0,0,0,110.9,119.7,0,0,0,0,19-DEC-2017,
OPTSTK,INDIGO,28-Dec-2017,1060,CE,0,0,0,100.05,100.3,0,0,0,0,19-DEC-2017,
OPTSTK,INDIGO,28-Dec-2017,1080,CE,0,0,0,90,81.6,0,0,0,0,19-DEC-2017,
OPTSTK,INDIGO,28-Dec-2017,1100,CE,0,0,0,42,64.05,0,0,4800,0,19-DEC-2017,
OPTSTK,INDIGO,28-Dec-2017,1120,CE,0,0,0,38,48.25,0,0,2400,0,19-DEC-2017,
OPTSTK,INDIGO,28-Dec-2017,1140,CE,24,34.5,24,32.5,32.5,18,126.3,27000,-3000,19-DEC-2017,
OPTSTK,INDIGO,28-Dec-2017,1160,CE,14.9,22.4,14.6,21.1,21.1,35,247.55,39600,-3000,19-DEC-2017,
OPTSTK,INDIGO,28-Dec-2017,1180,CE,9.55,13.5,9,11.85,11.85,5,35.72,17400,0,19-DEC-2017,
OPTSTK,INDIGO,28-Dec-2017,1200,CE,5.5,8.7,4.15,6.5,6.5,18,130.27,75000,-3600,19-DEC-2017,
OPTSTK,INDIGO,28-Dec-2017,1220,CE,0,0,0,4.5,5.25,0,0,11400,0,19-DEC-2017,
OPTSTK,INDIGO,28-Dec-2017,1240,CE,2.75,2.75,2.75,2.75,2.75,1,7.45,13200,-600,19-DEC-2017,
OPTSTK,INDIGO,28-Dec-2017,1260,CE,0,0,0,2.1,1.4,0,0,1800,0,19-DEC-2017,
OPTSTK,INDIGO,28-Dec-2017,1280,CE,0,0,0,26.5,0.7,0,0,0,0,19-DEC-2017,
OPTSTK,INDIGO,28-Dec-2017,1300,CE,0,0,0,23.1,0.3,0,0,0,0,19-DEC-2017,
OPTSTK,INDIGO,28-Dec-2017,1320,CE,0,0,0,20.1,0.15,0,0,0,0,19-DEC-2017,
OPTSTK,INDIGO,28-Dec-2017,1340,CE,0,0,0,17.45,0.05,0,0,0,0,19-DEC-2017,
OPTSTK,INDIGO,28-Dec-2017,1360,CE,0,0,0,15.1,0.05,0,0,0,0,19-DEC-2017,
OPTSTK,INDIGO,28-Dec-2017,1380,CE,0,0,0,13.05,0.05,0,0,0,0,19-DEC-2017,
OPTSTK,INDIGO,28-Dec-2017,1400,CE,0,0,0,11.25,0,0,0,0,0,19-DEC-2017,
OPTSTK,INDIGO,28-Dec-2017,1420,CE,0,0,0,9.7,0,0,0,0,0,19-DEC-2017,
OPTSTK,INDIGO,28-Dec-2017,1440,CE,0,0,0,8.35,0,0,0,0,0,19-DEC-2017,
OPTSTK,INDIGO,28-Dec-2017,1460,CE,0,0,0,7.15,0,0,0,0,0,19-DEC-2017,
OPTSTK,INDIGO,28-Dec-2017,1480,CE,0,0,0,6.1,0,0,0,0,0,19-DEC-2017,
OPTSTK,INDIGO,28-Dec-2017,800,PE,0,0,0,3.8,0,0,0,0,0,19-DEC-2017,
OPTSTK,INDIGO,28-Dec-2017,820,PE,0,0,0,5.15,0,0,0,0,0,19-DEC-2017,
OPTSTK,INDIGO,28-Dec-2017,840,PE,0,0,0,6.9,0,0,0,0,0,19-DEC-2017,
OPTSTK,INDIGO,28-Dec-2017,860,PE,0,0,0,9.1,0,0,0,0,0,19-DEC-2017,
OPTSTK,INDIGO,28-Dec-2017,880,PE,0,0,0,11.75,0,0,0,0,0,19-DEC-2017,
OPTSTK,INDIGO,28-Dec-2017,900,PE,0,0,0,14.95,0,0,0,0,0,19-DEC-2017,
OPTSTK,INDIGO,28-Dec-2017,920,PE,0,0,0,18.75,0,0,0,0,0,19-DEC-2017,
OPTSTK,INDIGO,28-Dec-2017,940,PE,0,0,0,23.15,0,0,0,0,0,19-DEC-2017,
OPTSTK,INDIGO,28-Dec-2017,960,PE,0,0,0,28.25,0,0,0,0,0,19-DEC-2017,
OPTSTK,INDIGO,28-Dec-2017,980,PE,0,0,0,34.05,0.05,0,0,0,0,19-DEC-2017,
OPTSTK,INDIGO,28-Dec-2017,1000,PE,0,0,0,2.75,0.05,0,0,0,0,19-DEC-2017,
OPTSTK,INDIGO,28-Dec-2017,1020,PE,0,0,0,47.9,0.15,0,0,0,0,19-DEC-2017,
OPTSTK,INDIGO,28-Dec-2017,1040,PE,0,0,0,55.95,0.35,0,0,0,0,19-DEC-2017,
OPTSTK,INDIGO,28-Dec-2017,1060,PE,0,0,0,64.8,0.95,0,0,0,0,19-DEC-2017,
OPTSTK,INDIGO,28-Dec-2017,1080,PE,8.4,8.4,0.45,0.45,0.45,4,25.99,2400,0,19-DEC-2017,
OPTSTK,INDIGO,28-Dec-2017,1100,PE,4.1,4.1,2.05,2.05,2.05,4,26.48,29400,-600,19-DEC-2017,
OPTSTK,INDIGO,28-Dec-2017,1120,PE,7.3,7.75,7.15,7.15,7.15,4,27.05,6000,1200,19-DEC-2017,
OPTSTK,INDIGO,28-Dec-2017,1140,PE,14.5,14.5,8.65,9,9,6,41.44,13800,-1200,19-DEC-2017,
OPTSTK,INDIGO,28-Dec-2017,1160,PE,21.2,21.2,21.2,21.2,21.2,1,7.08,11400,0,19-DEC-2017,
OPTSTK,INDIGO,28-Dec-2017,1180,PE,0,0,0,48.65,35.6,0,0,1200,0,19-DEC-2017,
OPTSTK,INDIGO,28-Dec-2017,1200,PE,0,0,0,65.9,49.65,0,0,8400,0,19-DEC-2017,
OPTSTK,INDIGO,28-Dec-2017,1220,PE,0,0,0,67,65.65,0,0,5400,0,19-DEC-2017,
OPTSTK,INDIGO,28-Dec-2017,1240,PE,0,0,0,176.6,83.2,0,0,0,0,19-DEC-2017,
OPTSTK,INDIGO,28-Dec-2017,1260,PE,0,0,0,192,101.75,0,0,0,0,19-DEC-2017,
OPTSTK,INDIGO,28-Dec-2017,1280,PE,0,0,0,207.85,121,0,0,0,0,19-DEC-2017,
OPTSTK,INDIGO,28-Dec-2017,1300,PE,0,0,0,224.15,140.6,0,0,0,0,19-DEC-2017,
OPTSTK,INDIGO,28-Dec-2017,1320,PE,0,0,0,240.8,160.4,0,0,0,0,19-DEC-2017,
OPTSTK,INDIGO,28-Dec-2017,1340,PE,0,0,0,257.85,180.3,0,0,0,0,19-DEC-2017,
OPTSTK,INDIGO,28-Dec-2017,1360,PE,0,0,0,275.2,200.2,0,0,0,0,19-DEC-2017,
OPTSTK,INDIGO,28-Dec-2017,1380,PE,0,0,0,292.85,220.2,0,0,0,0,19-DEC-2017,
OPTSTK,INDIGO,28-Dec-2017,1400,PE,0,0,0,310.75,240.15,0,0,0,0,19-DEC-2017,
OPTSTK,INDIGO,28-Dec-2017,1420,PE,0,0,0,328.85,260.1,0,0,0,0,19-DEC-2017,
OPTSTK,INDIGO,28-Dec-2017,1440,PE,0,0,0,347.15,280.1,0,0,0,0,19-DEC-2017,
OPTSTK,INDIGO,28-Dec-2017,1460,PE,0,0,0,365.65,300.05,0,0,0,0,19-DEC-2017,
OPTSTK,INDIGO,28-Dec-2017,1480,PE,0,0,0,384.35,320,0,0,0,0,19-DEC-2017,
OPTSTK,INDIGO,25-Jan-2018,800,CE,0,0,0,381.45,362.95,0,0,0,0,19-DEC-2017,
OPTSTK,INDIGO,25-Jan-2018,820,CE,0,0,0,361.85,343.05,0,0,0,0,19-DEC-2017,
OPTSTK,INDIGO,25-Jan-2018,840,CE,0,0,0,342.35,323.2,0,0,0,0,19-DEC-2017,
OPTSTK,INDIGO,25-Jan-2018,860,CE,0,0,0,322.95,303.35,0,0,0,0,19-DEC-2017,
OPTSTK,INDIGO,25-Jan-2018,880,CE,0,0,0,303.65,283.55,0,0,0,0,19-DEC-2017,
OPTSTK,INDIGO,25-Jan-2018,900,CE,0,0,0,284.6,263.8,0,0,0,0,19-DEC-2017,
OPTSTK,INDIGO,25-Jan-2018,920,CE,0,0,0,265.7,244.15,0,0,0,0,19-DEC-2017,
OPTSTK,INDIGO,25-Jan-2018,940,CE,0,0,0,247.15,224.65,0,0,0,0,19-DEC-2017,
OPTSTK,INDIGO,25-Jan-2018,960,CE,0,0,0,228.95,205.35,0,0,0,0,19-DEC-2017,
OPTSTK,INDIGO,25-Jan-2018,980,CE,0,0,0,211.15,186.35,0,0,0,0,19-DEC-2017,
OPTSTK,INDIGO,25-Jan-2018,1000,CE,0,0,0,193.9,167.8,0,0,0,0,19-DEC-2017,
OPTSTK,INDIGO,25-Jan-2018,1020,CE,0,0,0,177.25,149.8,0,0,0,0,19-DEC-2017,
OPTSTK,INDIGO,25-Jan-2018,1040,CE,0,0,0,161.2,132.5,0,0,0,0,19-DEC-2017,
OPTSTK,INDIGO,25-Jan-2018,1060,CE,0,0,0,145.95,116.05,0,0,0,0,19-DEC-2017,
OPTSTK,INDIGO,25-Jan-2018,1080,CE,0,0,0,131.45,100.6,0,0,0,0,19-DEC-2017,
OPTSTK,INDIGO,25-Jan-2018,1100,CE,0,0,0,117.75,86.25,0,0,0,0,19-DEC-2017,
OPTSTK,INDIGO,25-Jan-2018,1120,CE,0,0,0,104.95,73.1,0,0,0,0,19-DEC-2017,
OPTSTK,INDIGO,25-Jan-2018,1140,CE,0,0,0,93.1,61.3,0,0,0,0,19-DEC-2017,
OPTSTK,INDIGO,25-Jan-2018,1160,CE,40,40,40,40,40,1,7.2,1200,600,19-DEC-2017,
OPTSTK,INDIGO,25-Jan-2018,1180,CE,0,0,0,30,41.55,0,0,600,0,19-DEC-2017,
OPTSTK,INDIGO,25-Jan-2018,1200,CE,0,0,0,62.9,33.6,0,0,0,0,19-DEC-2017,
OPTSTK,INDIGO,25-Jan-2018,1220,CE,0,0,0,54.65,26.85,0,0,0,0,19-DEC-2017,
OPTSTK,INDIGO,25-Jan-2018,1240,CE,0,0,0,47.2,21.2,0,0,0,0,19-DEC-2017,
OPTSTK,INDIGO,25-Jan-2018,1260,CE,0,0,0,40.6,16.55,0,0,0,0,19-DEC-2017,
OPTSTK,INDIGO,25-Jan-2018,1280,CE,0,0,0,34.75,12.75,0,0,0,0,19-DEC-2017,
OPTSTK,INDIGO,25-Jan-2018,1300,CE,0,0,0,29.65,9.75,0,0,0,0,19-DEC-2017,
OPTSTK,INDIGO,25-Jan-2018,1320,CE,0,0,0,25.15,7.35,0,0,0,0,19-DEC-2017,
OPTSTK,INDIGO,25-Jan-2018,1340,CE,0,0,0,21.15,5.45,0,0,0,0,19-DEC-2017,
OPTSTK,INDIGO,25-Jan-2018,1360,CE,0,0,0,17.8,4.05,0,0,0,0,19-DEC-2017,
OPTSTK,INDIGO,25-Jan-2018,1380,CE,0,0,0,14.85,2.95,0,0,0,0,19-DEC-2017,
OPTSTK,INDIGO,25-Jan-2018,1400,CE,0,0,0,12.4,2.15,0,0,0,0,19-DEC-2017,
OPTSTK,INDIGO,25-Jan-2018,1420,CE,0,0,0,10.25,1.5,0,0,0,0,19-DEC-2017,
OPTSTK,INDIGO,25-Jan-2018,1440,CE,0,0,0,8.45,1.1,0,0,0,0,19-DEC-2017,
OPTSTK,INDIGO,25-Jan-2018,1460,CE,0,0,0,6.95,0.75,0,0,0,0,19-DEC-2017,
OPTSTK,INDIGO,25-Jan-2018,1480,CE,0,0,0,5.7,0.55,0,0,0,0,19-DEC-2017,
OPTSTK,INDIGO,25-Jan-2018,800,PE,0,0,0,0.2,0,0,0,0,0,19-DEC-2017,
OPTSTK,INDIGO,25-Jan-2018,820,PE,0,0,0,0.3,0.05,0,0,0,0,19-DEC-2017,
OPTSTK,INDIGO,25-Jan-2018,840,PE,0,0,0,0.5,0.05,0,0,0,0,19-DEC-2017,
OPTSTK,INDIGO,25-Jan-2018,860,PE,0,0,0,0.75,0.05,0,0,0,0,19-DEC-2017,
OPTSTK,INDIGO,25-Jan-2018,880,PE,0,0,0,1.15,0.15,0,0,0,0,19-DEC-2017,
OPTSTK,INDIGO,25-Jan-2018,900,PE,0,0,0,1.75,0.25,0,0,0,0,19-DEC-2017,
OPTSTK,INDIGO,25-Jan-2018,920,PE,0,0,0,2.6,0.45,0,0,0,0,19-DEC-2017,
OPTSTK,INDIGO,25-Jan-2018,940,PE,0,0,0,3.7,0.8,0,0,0,0,19-DEC-2017,
OPTSTK,INDIGO,25-Jan-2018,960,PE,0,0,0,5.2,1.4,0,0,0,0,19-DEC-2017,
OPTSTK,INDIGO,25-Jan-2018,980,PE,0,0,0,7.1,2.25,0,0,0,0,19-DEC-2017,
OPTSTK,INDIGO,25-Jan-2018,1000,PE,0,0,0,9.55,3.6,0,0,0,0,19-DEC-2017,
OPTSTK,INDIGO,25-Jan-2018,1020,PE,0,0,0,12.55,5.45,0,0,0,0,19-DEC-2017,
OPTSTK,INDIGO,25-Jan-2018,1040,PE,0,0,0,16.2,8.05,0,0,0,0,19-DEC-2017,
OPTSTK,INDIGO,25-Jan-2018,1060,PE,0,0,0,20.6,11.45,0,0,0,0,19-DEC-2017,
OPTSTK,INDIGO,25-Jan-2018,1080,PE,0,0,0,25.8,15.85,0,0,0,0,19-DEC-2017,
OPTSTK,INDIGO,25-Jan-2018,1100,PE,0,0,0,31.8,21.4,0,0,0,0,19-DEC-2017,
OPTSTK,INDIGO,25-Jan-2018,1120,PE,0,0,0,38.7,28.15,0,0,0,0,19-DEC-2017,
OPTSTK,INDIGO,25-Jan-2018,1140,PE,27.5,27.5,27.5,27.5,27.5,1,7,600,600,19-DEC-2017,
OPTSTK,INDIGO,25-Jan-2018,1160,PE,0,0,0,55.2,45.5,0,0,0,0,19-DEC-2017,
OPTSTK,INDIGO,25-Jan-2018,1180,PE,0,0,0,64.85,56.15,0,0,0,0,19-DEC-2017,
OPTSTK,INDIGO,25-Jan-2018,1200,PE,0,0,0,58,68.1,0,0,1200,0,19-DEC-2017,
OPTSTK,INDIGO,25-Jan-2018,1220,PE,0,0,0,86.8,81.2,0,0,0,0,19-DEC-2017,
OPTSTK,INDIGO,25-Jan-2018,1240,PE,0,0,0,99.1,95.4,0,0,0,0,19-DEC-2017,
OPTSTK,INDIGO,25-Jan-2018,1260,PE,0,0,0,112.15,110.65,0,0,0,0,19-DEC-2017,
OPTSTK,INDIGO,25-Jan-2018,1280,PE,0,0,0,125.95,126.75,0,0,0,0,19-DEC-2017,
OPTSTK,INDIGO,25-Jan-2018,1300,PE,0,0,0,140.55,143.55,0,0,0,0,19-DEC-2017,
OPTSTK,INDIGO,25-Jan-2018,1320,PE,0,0,0,155.75,161.05,0,0,0,0,19-DEC-2017,
OPTSTK,INDIGO,25-Jan-2018,1340,PE,0,0,0,171.45,179.05,0,0,0,0,19-DEC-2017,
OPTSTK,INDIGO,25-Jan-2018,1360,PE,0,0,0,187.75,197.5,0,0,0,0,19-DEC-2017,
OPTSTK,INDIGO,25-Jan-2018,1380,PE,0,0,0,204.55,216.25,0,0,0,0,19-DEC-2017,
OPTSTK,INDIGO,25-Jan-2018,1400,PE,0,0,0,221.75,235.3,0,0,0,0,19-DEC-2017,
OPTSTK,INDIGO,25-Jan-2018,1420,PE,0,0,0,239.3,254.6,0,0,0,0,19-DEC-2017,
OPTSTK,INDIGO,25-Jan-2018,1440,PE,0,0,0,257.2,274,0,0,0,0,19-DEC-2017,
OPTSTK,INDIGO,25-Jan-2018,1460,PE,0,0,0,275.35,293.55,0,0,0,0,19-DEC-2017,
OPTSTK,INDIGO,25-Jan-2018,1480,PE,0,0,0,293.8,313.2,0,0,0,0,19-DEC-2017,
OPTSTK,INDIGO,22-Feb-2018,800,CE,0,0,0,333.3,366.95,0,0,0,0,19-DEC-2017,
OPTSTK,INDIGO,22-Feb-2018,820,CE,0,0,0,313.65,347.3,0,0,0,0,19-DEC-2017,
OPTSTK,INDIGO,22-Feb-2018,840,CE,0,0,0,294.1,327.65,0,0,0,0,19-DEC-2017,
OPTSTK,INDIGO,22-Feb-2018,860,CE,0,0,0,274.6,308.15,0,0,0,0,19-DEC-2017,
OPTSTK,INDIGO,22-Feb-2018,880,CE,0,0,0,255.2,288.75,0,0,0,0,19-DEC-2017,
OPTSTK,INDIGO,22-Feb-2018,900,CE,0,0,0,236.05,269.55,0,0,0,0,19-DEC-2017,
OPTSTK,INDIGO,22-Feb-2018,920,CE,0,0,0,217.15,250.55,0,0,0,0,19-DEC-2017,
OPTSTK,INDIGO,22-Feb-2018,940,CE,0,0,0,198.55,231.85,0,0,0,0,19-DEC-2017,
OPTSTK,INDIGO,22-Feb-2018,960,CE,0,0,0,180.45,213.6,0,0,0,0,19-DEC-2017,
OPTSTK,INDIGO,22-Feb-2018,980,CE,0,0,0,162.9,195.75,0,0,0,0,19-DEC-2017,
OPTSTK,INDIGO,22-Feb-2018,1000,CE,0,0,0,146,178.5,0,0,0,0,19-DEC-2017,
OPTSTK,INDIGO,22-Feb-2018,1020,CE,0,0,0,129.9,161.85,0,0,0,0,19-DEC-2017,
OPTSTK,INDIGO,22-Feb-2018,1040,CE,0,0,0,114.65,145.95,0,0,0,0,19-DEC-2017,
OPTSTK,INDIGO,22-Feb-2018,1060,CE,0,0,0,100.4,130.9,0,0,0,0,19-DEC-2017,
OPTSTK,INDIGO,22-Feb-2018,1080,CE,0,0,0,87.2,116.6,0,0,0,0,19-DEC-2017,
OPTSTK,INDIGO,22-Feb-2018,1100,CE,0,0,0,75.1,103.25,0,0,0,0,19-DEC-2017,
OPTSTK,INDIGO,22-Feb-2018,1120,CE,0,0,0,64.15,90.9,0,0,0,0,19-DEC-2017,
OPTSTK,INDIGO,22-Feb-2018,1140,CE,0,0,0,54.3,79.55,0,0,0,0,19-DEC-2017,
OPTSTK,INDIGO,22-Feb-2018,1160,CE,0,0,0,45.6,69.15,0,0,0,0,19-DEC-2017,
OPTSTK,INDIGO,22-Feb-2018,1180,CE,0,0,0,37.95,59.8,0,0,0,0,19-DEC-2017,
OPTSTK,INDIGO,22-Feb-2018,1200,CE,0,0,0,31.35,51.35,0,0,0,0,19-DEC-2017,
OPTSTK,INDIGO,22-Feb-2018,1220,CE,0,0,0,25.65,43.85,0,0,0,0,19-DEC-2017,
OPTSTK,INDIGO,22-Feb-2018,1240,CE,0,0,0,20.9,37.2,0,0,0,0,19-DEC-2017,
OPTSTK,INDIGO,22-Feb-2018,1260,CE,0,0,0,16.8,31.35,0,0,0,0,19-DEC-2017,
OPTSTK,INDIGO,22-Feb-2018,1280,CE,0,0,0,13.4,26.35,0,0,0,0,19-DEC-2017,
OPTSTK,INDIGO,22-Feb-2018,1300,CE,0,0,0,10.65,21.95,0,0,0,0,19-DEC-2017,
OPTSTK,INDIGO,22-Feb-2018,1320,CE,0,0,0,8.35,18.2,0,0,0,0,19-DEC-2017,
OPTSTK,INDIGO,22-Feb-2018,1340,CE,0,0,0,6.55,15,0,0,0,0,19-DEC-2017,
OPTSTK,INDIGO,22-Feb-2018,1360,CE,0,0,0,5.05,12.3,0,0,0,0,19-DEC-2017,
OPTSTK,INDIGO,22-Feb-2018,1380,CE,0,0,0,3.9,10.05,0,0,0,0,19-DEC-2017,
OPTSTK,INDIGO,22-Feb-2018,1400,CE,0,0,0,3,8.15,0,0,0,0,19-DEC-2017,
OPTSTK,INDIGO,22-Feb-2018,1420,CE,0,0,0,2.25,6.6,0,0,0,0,19-DEC-2017,
OPTSTK,INDIGO,22-Feb-2018,1440,CE,0,0,0,1.7,5.3,0,0,0,0,19-DEC-2017,
OPTSTK,INDIGO,22-Feb-2018,1460,CE,0,0,0,1.3,4.25,0,0,0,0,19-DEC-2017,
OPTSTK,INDIGO,22-Feb-2018,1480,CE,0,0,0,0.95,3.4,0,0,0,0,19-DEC-2017,
OPTSTK,INDIGO,22-Feb-2018,800,PE,0,0,0,0.1,0.15,0,0,0,0,19-DEC-2017,
OPTSTK,INDIGO,22-Feb-2018,820,PE,0,0,0,0.15,0.25,0,0,0,0,19-DEC-2017,
OPTSTK,INDIGO,22-Feb-2018,840,PE,0,0,0,0.3,0.4,0,0,0,0,19-DEC-2017,
OPTSTK,INDIGO,22-Feb-2018,860,PE,0,0,0,0.5,0.65,0,0,0,0,19-DEC-2017,
OPTSTK,INDIGO,22-Feb-2018,880,PE,0,0,0,0.85,1,0,0,0,0,19-DEC-2017,
OPTSTK,INDIGO,22-Feb-2018,900,PE,0,0,0,1.4,1.55,0,0,0,0,19-DEC-2017,
OPTSTK,INDIGO,22-Feb-2018,920,PE,0,0,0,2.15,2.35,0,0,0,0,19-DEC-2017,
OPTSTK,INDIGO,22-Feb-2018,940,PE,0,0,0,3.3,3.45,0,0,0,0,19-DEC-2017,
OPTSTK,INDIGO,22-Feb-2018,960,PE,0,0,0,4.9,4.95,0,0,0,0,19-DEC-2017,
OPTSTK,INDIGO,22-Feb-2018,980,PE,0,0,0,7.05,6.9,0,0,0,0,19-DEC-2017,
OPTSTK,INDIGO,22-Feb-2018,1000,PE,0,0,0,9.9,9.4,0,0,0,0,19-DEC-2017,
OPTSTK,INDIGO,22-Feb-2018,1020,PE,0,0,0,13.5,12.55,0,0,0,0,19-DEC-2017,
OPTSTK,INDIGO,22-Feb-2018,1040,PE,0,0,0,17.95,16.4,0,0,0,0,19-DEC-2017,
OPTSTK,INDIGO,22-Feb-2018,1060,PE,0,0,0,23.4,21.1,0,0,0,0,19-DEC-2017,
OPTSTK,INDIGO,22-Feb-2018,1080,PE,0,0,0,29.9,26.55,0,0,0,0,19-DEC-2017,
OPTSTK,INDIGO,22-Feb-2018,1100,PE,0,0,0,37.55,33,0,0,0,0,19-DEC-2017,
OPTSTK,INDIGO,22-Feb-2018,1120,PE,0,0,0,46.3,40.45,0,0,0,0,19-DEC-2017,
OPTSTK,INDIGO,22-Feb-2018,1140,PE,0,0,0,56.15,48.85,0,0,0,0,19-DEC-2017,
OPTSTK,INDIGO,22-Feb-2018,1160,PE,0,0,0,67.15,58.25,0,0,0,0,19-DEC-2017,
OPTSTK,INDIGO,22-Feb-2018,1180,PE,0,0,0,79.2,68.6,0,0,0,0,19-DEC-2017,
OPTSTK,INDIGO,22-Feb-2018,1200,PE,0,0,0,92.3,79.95,0,0,0,0,19-DEC-2017,
OPTSTK,INDIGO,22-Feb-2018,1220,PE,0,0,0,106.3,92.2,0,0,0,0,19-DEC-2017,
OPTSTK,INDIGO,22-Feb-2018,1240,PE,0,0,0,121.25,105.35,0,0,0,0,19-DEC-2017,
OPTSTK,INDIGO,22-Feb-2018,1260,PE,0,0,0,136.9,119.3,0,0,0,0,19-DEC-2017,
OPTSTK,INDIGO,22-Feb-2018,1280,PE,0,0,0,153.2,134.05,0,0,0,0,19-DEC-2017,
OPTSTK,INDIGO,22-Feb-2018,1300,PE,0,0,0,170.15,149.45,0,0,0,0,19-DEC-2017,
OPTSTK,INDIGO,22-Feb-2018,1320,PE,0,0,0,187.6,165.45,0,0,0,0,19-DEC-2017,
OPTSTK,INDIGO,22-Feb-2018,1340,PE,0,0,0,205.45,182.05,0,0,0,0,19-DEC-2017,
OPTSTK,INDIGO,22-Feb-2018,1360,PE,0,0,0,223.7,199.1,0,0,0,0,19-DEC-2017,
OPTSTK,INDIGO,22-Feb-2018,1380,PE,0,0,0,242.25,216.6,0,0,0,0,19-DEC-2017,
OPTSTK,INDIGO,22-Feb-2018,1400,PE,0,0,0,261.05,234.5,0,0,0,0,19-DEC-2017,
OPTSTK,INDIGO,22-Feb-2018,1420,PE,0,0,0,280,252.7,0,0,0,0,19-DEC-2017,
OPTSTK,INDIGO,22-Feb-2018,1440,PE,0,0,0,299.2,271.2,0,0,0,0,19-DEC-2017,
OPTSTK,INDIGO,22-Feb-2018,1460,PE,0,0,0,318.45,289.9,0,0,0,0,19-DEC-2017,
OPTSTK,INDIGO,22-Feb-2018,1480,PE,0,0,0,337.85,308.8,0,0,0,0,19-DEC-2017,
OPTSTK,INDUSINDBK,28-Dec-2017,1280,CE,0,0,0,422.2,392.05,0,0,0,0,19-DEC-2017,
OPTSTK,INDUSINDBK,28-Dec-2017,1300,CE,0,0,0,366,372.1,0,0,5100,0,19-DEC-2017,
OPTSTK,INDUSINDBK,28-Dec-2017,1320,CE,0,0,0,384,352.1,0,0,0,0,19-DEC-2017,
OPTSTK,INDUSINDBK,28-Dec-2017,1340,CE,0,0,0,365.2,332.15,0,0,0,0,19-DEC-2017,
OPTSTK,INDUSINDBK,28-Dec-2017,1360,CE,0,0,0,346.55,312.2,0,0,0,0,19-DEC-2017,
OPTSTK,INDUSINDBK,28-Dec-2017,1380,CE,0,0,0,328.2,292.2,0,0,0,0,19-DEC-2017,
OPTSTK,INDUSINDBK,28-Dec-2017,1400,CE,0,0,0,310.1,272.25,0,0,0,0,19-DEC-2017,
OPTSTK,INDUSINDBK,28-Dec-2017,1420,CE,0,0,0,243,252.3,0,0,1200,0,19-DEC-2017,
OPTSTK,INDUSINDBK,28-Dec-2017,1440,CE,0,0,0,274.95,232.3,0,0,0,0,19-DEC-2017,
OPTSTK,INDUSINDBK,28-Dec-2017,1460,CE,0,0,0,258,212.35,0,0,0,0,19-DEC-2017,
OPTSTK,INDUSINDBK,28-Dec-2017,1480,CE,0,0,0,241.45,192.35,0,0,0,0,19-DEC-2017,
OPTSTK,INDUSINDBK,28-Dec-2017,1500,CE,0,0,0,225.35,172.4,0,0,0,0,19-DEC-2017,
OPTSTK,INDUSINDBK,28-Dec-2017,1520,CE,0,0,0,209.8,152.45,0,0,0,0,19-DEC-2017,
OPTSTK,INDUSINDBK,28-Dec-2017,1540,CE,0,0,0,194.8,132.5,0,0,0,0,19-DEC-2017,
OPTSTK,INDUSINDBK,28-Dec-2017,1560,CE,0,0,0,116.85,112.7,0,0,7200,0,19-DEC-2017,
OPTSTK,INDUSINDBK,28-Dec-2017,1580,CE,0,0,0,92.2,93.2,0,0,600,0,19-DEC-2017,
OPTSTK,INDUSINDBK,28-Dec-2017,1600,CE,0,0,0,86,74.3,0,0,7500,0,19-DEC-2017,
OPTSTK,INDUSINDBK,28-Dec-2017,1620,CE,0,0,0,75,56.6,0,0,9900,0,19-DEC-2017,
OPTSTK,INDUSINDBK,28-Dec-2017,1640,CE,42,42,39.5,39.5,39.5,5,25.2,9900,0,19-DEC-2017,
OPTSTK,INDUSINDBK,28-Dec-2017,1660,CE,30.9,32.95,25.25,26.25,26.25,182,920.92,45300,9300,19-DEC-2017,
OPTSTK,INDUSINDBK,28-Dec-2017,1680,CE,21.2,22.45,16.05,16.85,16.85,335,1706.4,97500,20400,19-DEC-2017,
OPTSTK,INDUSINDBK,28-Dec-2017,1700,CE,13.05,14.75,10.05,10.5,10.5,411,2109.99,185100,16200,19-DEC-2017,
OPTSTK,INDUSINDBK,28-Dec-2017,1720,CE,8.75,9.1,6.3,6.6,6.6,169,875.7,90900,10200,19-DEC-2017,
OPTSTK,INDUSINDBK,28-Dec-2017,1740,CE,5.75,6.3,4.4,4.55,4.55,97,507.78,81000,3300,19-DEC-2017,
OPTSTK,INDUSINDBK,28-Dec-2017,1760,CE,4.2,4.4,3,3.3,3.3,151,798.81,64200,-13200,19-DEC-2017,
OPTSTK,INDUSINDBK,28-Dec-2017,1780,CE,2.35,2.6,2.25,2.6,2.6,19,101.6,13200,3600,19-DEC-2017,
OPTSTK,INDUSINDBK,28-Dec-2017,1800,CE,2.35,2.35,1.75,2.1,2.1,130,702.82,60300,23700,19-DEC-2017,
OPTSTK,INDUSINDBK,28-Dec-2017,1820,CE,0,0,0,2.05,0.05,0,0,6900,0,19-DEC-2017,
OPTSTK,INDUSINDBK,28-Dec-2017,1840,CE,0,0,0,5,0.05,0,0,900,0,19-DEC-2017,
OPTSTK,INDUSINDBK,28-Dec-2017,1860,CE,0,0,0,40.75,0,0,0,0,0,19-DEC-2017,
OPTSTK,INDUSINDBK,28-Dec-2017,1880,CE,0,0,0,36.15,0,0,0,0,0,19-DEC-2017,
OPTSTK,INDUSINDBK,28-Dec-2017,1900,CE,0,0,0,31.9,0,0,0,0,0,19-DEC-2017,
OPTSTK,INDUSINDBK,28-Dec-2017,1920,CE,0,0,0,28.1,0,0,0,0,0,19-DEC-2017,
OPTSTK,INDUSINDBK,28-Dec-2017,1940,CE,0,0,0,24.7,0,0,0,0,0,19-DEC-2017,
OPTSTK,INDUSINDBK,28-Dec-2017,1960,CE,0,0,0,21.7,0,0,0,0,0,19-DEC-2017,
OPTSTK,INDUSINDBK,28-Dec-2017,1980,CE,0,0,0,18.95,0,0,0,0,0,19-DEC-2017,
OPTSTK,INDUSINDBK,28-Dec-2017,2000,CE,0,0,0,16.55,0,0,0,0,0,19-DEC-2017,
OPTSTK,INDUSINDBK,28-Dec-2017,1280,PE,0,0,0,1.5,0,0,0,0,0,19-DEC-2017,
OPTSTK,INDUSINDBK,28-Dec-2017,1300,PE,0,0,0,0.1,0,0,0,2700,0,19-DEC-2017,
OPTSTK,INDUSINDBK,28-Dec-2017,1320,PE,0,0,0,2.75,0,0,0,0,0,19-DEC-2017,
OPTSTK,INDUSINDBK,28-Dec-2017,1340,PE,0,0,0,3.6,0,0,0,0,0,19-DEC-2017,
OPTSTK,INDUSINDBK,28-Dec-2017,1360,PE,0,0,0,4.65,0,0,0,0,0,19-DEC-2017,
OPTSTK,INDUSINDBK,28-Dec-2017,1380,PE,0,0,0,6,0,0,0,0,0,19-DEC-2017,
OPTSTK,INDUSINDBK,28-Dec-2017,1400,PE,0,0,0,7.6,0,0,0,0,0,19-DEC-2017,
OPTSTK,INDUSINDBK,28-Dec-2017,1420,PE,0,0,0,0.75,0,0,0,1200,0,19-DEC-2017,
OPTSTK,INDUSINDBK,28-Dec-2017,1440,PE,0,0,0,11.8,0,0,0,0,0,19-DEC-2017,
OPTSTK,INDUSINDBK,28-Dec-2017,1460,PE,0,0,0,14.5,0,0,0,0,0,19-DEC-2017,
OPTSTK,INDUSINDBK,28-Dec-2017,1480,PE,0,0,0,2.15,0,0,0,600,0,19-DEC-2017,
OPTSTK,INDUSINDBK,28-Dec-2017,1500,PE,0,0,0,0.25,0,0,0,7500,0,19-DEC-2017,
OPTSTK,INDUSINDBK,28-Dec-2017,1520,PE,0,0,0,1.25,0.05,0,0,9300,0,19-DEC-2017,
OPTSTK,INDUSINDBK,28-Dec-2017,1540,PE,0,0,0,1.25,0.1,0,0,4200,0,19-DEC-2017,
OPTSTK,INDUSINDBK,28-Dec-2017,1560,PE,0,0,0,2.35,0.25,0,0,3600,0,19-DEC-2017,
OPTSTK,INDUSINDBK,28-Dec-2017,1580,PE,2.35,2.45,2.35,2.35,2.35,6,28.48,9900,-1500,19-DEC-2017,
OPTSTK,INDUSINDBK,28-Dec-2017,1600,PE,3.2,3.85,2.5,2.65,2.65,97,466.51,45000,-4200,19-DEC-2017,
OPTSTK,INDUSINDBK,28-Dec-2017,1620,PE,5.65,6.55,4.4,4.65,4.65,57,277.96,28800,-900,19-DEC-2017,
OPTSTK,INDUSINDBK,28-Dec-2017,1640,PE,9.25,11.05,8.05,8.65,8.65,113,559.24,82500,6900,19-DEC-2017,
OPTSTK,INDUSINDBK,28-Dec-2017,1660,PE,14.95,18.6,13.15,14.85,14.85,74,372.15,49500,3000,19-DEC-2017,
OPTSTK,INDUSINDBK,28-Dec-2017,1680,PE,23.95,29.6,23.15,25,25,80,409.38,32700,600,19-DEC-2017,
OPTSTK,INDUSINDBK,28-Dec-2017,1700,PE,35,41,35,39.95,39.95,7,36.53,11400,-600,19-DEC-2017,
OPTSTK,INDUSINDBK,28-Dec-2017,1720,PE,0,0,0,46,52.55,0,0,12600,0,19-DEC-2017,
OPTSTK,INDUSINDBK,28-Dec-2017,1740,PE,0,0,0,82.65,69.8,0,0,13800,0,19-DEC-2017,
OPTSTK,INDUSINDBK,28-Dec-2017,1760,PE,0,0,0,108,88.35,0,0,900,0,19-DEC-2017,
OPTSTK,INDUSINDBK,28-Dec-2017,1780,PE,0,0,0,135.9,107.65,0,0,0,0,19-DEC-2017,
OPTSTK,INDUSINDBK,28-Dec-2017,1800,PE,0,0,0,148.85,127.35,0,0,0,0,19-DEC-2017,
OPTSTK,INDUSINDBK,28-Dec-2017,1820,PE,0,0,0,162.4,147.2,0,0,0,0,19-DEC-2017,
OPTSTK,INDUSINDBK,28-Dec-2017,1840,PE,0,0,0,176.45,167.1,0,0,0,0,19-DEC-2017,
OPTSTK,INDUSINDBK,28-Dec-2017,1860,PE,0,0,0,191.1,187.1,0,0,0,0,19-DEC-2017,
OPTSTK,INDUSINDBK,28-Dec-2017,1880,PE,0,0,0,206.15,207.05,0,0,0,0,19-DEC-2017,
OPTSTK,INDUSINDBK,28-Dec-2017,1900,PE,0,0,0,221.6,227,0,0,0,0,19-DEC-2017,
OPTSTK,INDUSINDBK,28-Dec-2017,1920,PE,0,0,0,237.5,247,0,0,0,0,19-DEC-2017,
OPTSTK,INDUSINDBK,28-Dec-2017,1940,PE,0,0,0,253.8,266.95,0,0,0,0,19-DEC-2017,
OPTSTK,INDUSINDBK,28-Dec-2017,1960,PE,0,0,0,270.45,286.9,0,0,0,0,19-DEC-2017,
OPTSTK,INDUSINDBK,28-Dec-2017,1980,PE,0,0,0,287.4,306.9,0,0,0,0,19-DEC-2017,
OPTSTK,INDUSINDBK,28-Dec-2017,2000,PE,0,0,0,304.7,326.85,0,0,0,0,19-DEC-2017,
OPTSTK,INDUSINDBK,25-Jan-2018,1280,CE,0,0,0,362.4,398.4,0,0,0,0,19-DEC-2017,
OPTSTK,INDUSINDBK,25-Jan-2018,1300,CE,0,0,0,344,378.55,0,0,0,0,19-DEC-2017,
OPTSTK,INDUSINDBK,25-Jan-2018,1320,CE,0,0,0,325.9,358.65,0,0,0,0,19-DEC-2017,
OPTSTK,INDUSINDBK,25-Jan-2018,1340,CE,0,0,0,308.1,338.8,0,0,0,0,19-DEC-2017,
OPTSTK,INDUSINDBK,25-Jan-2018,1360,CE,0,0,0,290.7,318.95,0,0,0,0,19-DEC-2017,
OPTSTK,INDUSINDBK,25-Jan-2018,1380,CE,0,0,0,273.6,299.05,0,0,0,0,19-DEC-2017,
OPTSTK,INDUSINDBK,25-Jan-2018,1400,CE,0,0,0,256.95,279.25,0,0,0,0,19-DEC-2017,
OPTSTK,INDUSINDBK,25-Jan-2018,1420,CE,0,0,0,240.8,259.4,0,0,0,0,19-DEC-2017,
OPTSTK,INDUSINDBK,25-Jan-2018,1440,CE,0,0,0,225.1,239.65,0,0,0,0,19-DEC-2017,
OPTSTK,INDUSINDBK,25-Jan-2018,1460,CE,0,0,0,209.9,220,0,0,0,0,19-DEC-2017,
OPTSTK,INDUSINDBK,25-Jan-2018,1480,CE,0,0,0,195.35,200.5,0,0,0,0,19-DEC-2017,
OPTSTK,INDUSINDBK,25-Jan-2018,1500,CE,0,0,0,181.25,181.2,0,0,0,0,19-DEC-2017,
OPTSTK,INDUSINDBK,25-Jan-2018,1520,CE,0,0,0,167.75,162.25,0,0,0,0,19-DEC-2017,
OPTSTK,INDUSINDBK,25-Jan-2018,1540,CE,0,0,0,154.9,143.8,0,0,0,0,19-DEC-2017,
OPTSTK,INDUSINDBK,25-Jan-2018,1560,CE,0,0,0,142.7,126,0,0,0,0,19-DEC-2017,
OPTSTK,INDUSINDBK,25-Jan-2018,1580,CE,0,0,0,131.15,109.05,0,0,0,0,19-DEC-2017,
OPTSTK,INDUSINDBK,25-Jan-2018,1600,CE,0,0,0,75,93.1,0,0,300,0,19-DEC-2017,
OPTSTK,INDUSINDBK,25-Jan-2018,1620,CE,0,0,0,109.9,78.3,0,0,0,0,19-DEC-2017,
OPTSTK,INDUSINDBK,25-Jan-2018,1640,CE,0,0,0,100.25,64.85,0,0,0,0,19-DEC-2017,
OPTSTK,INDUSINDBK,25-Jan-2018,1660,CE,0,0,0,91.2,52.8,0,0,0,0,19-DEC-2017,
OPTSTK,INDUSINDBK,25-Jan-2018,1680,CE,45,45,45,45,45,1,5.17,300,300,19-DEC-2017,
OPTSTK,INDUSINDBK,25-Jan-2018,1700,CE,35.5,35.5,31,31,31,22,114.26,27900,6300,19-DEC-2017,
OPTSTK,INDUSINDBK,25-Jan-2018,1720,CE,0,0,0,67.7,25.7,0,0,0,0,19-DEC-2017,
OPTSTK,INDUSINDBK,25-Jan-2018,1740,CE,0,0,0,61,19.5,0,0,0,0,19-DEC-2017,
OPTSTK,INDUSINDBK,25-Jan-2018,1760,CE,0,0,0,54.85,14.55,0,0,0,0,19-DEC-2017,
OPTSTK,INDUSINDBK,25-Jan-2018,1780,CE,0,0,0,49.2,10.65,0,0,0,0,19-DEC-2017,
OPTSTK,INDUSINDBK,25-Jan-2018,1800,CE,0,0,0,12,7.65,0,0,600,0,19-DEC-2017,
OPTSTK,INDUSINDBK,25-Jan-2018,1820,CE,0,0,0,39.4,5.35,0,0,0,0,19-DEC-2017,
OPTSTK,INDUSINDBK,25-Jan-2018,1840,CE,0,0,0,35.1,3.7,0,0,0,0,19-DEC-2017,
OPTSTK,INDUSINDBK,25-Jan-2018,1860,CE,0,0,0,31.15,2.5,0,0,0,0,19-DEC-2017,
OPTSTK,INDUSINDBK,25-Jan-2018,1880,CE,0,0,0,27.65,1.7,0,0,0,0,19-DEC-2017,
OPTSTK,INDUSINDBK,25-Jan-2018,1900,CE,0,0,0,24.5,1.1,0,0,0,0,19-DEC-2017,
OPTSTK,INDUSINDBK,25-Jan-2018,1920,CE,0,0,0,21.65,0.7,0,0,0,0,19-DEC-2017,
OPTSTK,INDUSINDBK,25-Jan-2018,1940,CE,0,0,0,19.05,0.45,0,0,0,0,19-DEC-2017,
OPTSTK,INDUSINDBK,25-Jan-2018,1960,CE,0,0,0,16.8,0.3,0,0,0,0,19-DEC-2017,
OPTSTK,INDUSINDBK,25-Jan-2018,1980,CE,0,0,0,14.75,0.2,0,0,0,0,19-DEC-2017,
OPTSTK,INDUSINDBK,25-Jan-2018,2000,CE,0,0,0,12.9,0.1,0,0,0,0,19-DEC-2017,
OPTSTK,INDUSINDBK,25-Jan-2018,1280,PE,0,0,0,4.75,0,0,0,0,0,19-DEC-2017,
OPTSTK,INDUSINDBK,25-Jan-2018,1300,PE,0,0,0,6.05,0,0,0,0,0,19-DEC-2017,
OPTSTK,INDUSINDBK,25-Jan-2018,1320,PE,0,0,0,7.6,0,0,0,0,0,19-DEC-2017,
OPTSTK,INDUSINDBK,25-Jan-2018,1340,PE,0,0,0,9.5,0,0,0,0,0,19-DEC-2017,
OPTSTK,INDUSINDBK,25-Jan-2018,1360,PE,0,0,0,11.75,0.05,0,0,0,0,19-DEC-2017,
OPTSTK,INDUSINDBK,25-Jan-2018,1380,PE,0,0,0,14.35,0.05,0,0,0,0,19-DEC-2017,
OPTSTK,INDUSINDBK,25-Jan-2018,1400,PE,0,0,0,17.4,0.05,0,0,0,0,19-DEC-2017,
OPTSTK,INDUSINDBK,25-Jan-2018,1420,PE,0,0,0,20.9,0.15,0,0,0,0,19-DEC-2017,
OPTSTK,INDUSINDBK,25-Jan-2018,1440,PE,0,0,0,24.9,0.25,0,0,0,0,19-DEC-2017,
OPTSTK,INDUSINDBK,25-Jan-2018,1460,PE,0,0,0,29.4,0.45,0,0,0,0,19-DEC-2017,
OPTSTK,INDUSINDBK,25-Jan-2018,1480,PE,0,0,0,34.55,0.8,0,0,0,0,19-DEC-2017,
OPTSTK,INDUSINDBK,25-Jan-2018,1500,PE,0,0,0,40.15,1.4,0,0,0,0,19-DEC-2017,
OPTSTK,INDUSINDBK,25-Jan-2018,1520,PE,0,0,0,46.3,2.3,0,0,0,0,19-DEC-2017,
OPTSTK,INDUSINDBK,25-Jan-2018,1540,PE,0,0,0,53.15,3.75,0,0,0,0,19-DEC-2017,
OPTSTK,INDUSINDBK,25-Jan-2018,1560,PE,0,0,0,60.65,5.8,0,0,0,0,19-DEC-2017,
OPTSTK,INDUSINDBK,25-Jan-2018,1580,PE,0,0,0,68.75,8.7,0,0,0,0,19-DEC-2017,
OPTSTK,INDUSINDBK,25-Jan-2018,1600,PE,11.15,16,11.15,16,16,5,24.21,2700,1200,19-DEC-2017,
OPTSTK,INDUSINDBK,25-Jan-2018,1620,PE,0,0,0,32,17.7,0,0,1200,0,19-DEC-2017,
OPTSTK,INDUSINDBK,25-Jan-2018,1640,PE,28,28,28,28,28,1,5,300,300,19-DEC-2017,
OPTSTK,INDUSINDBK,25-Jan-2018,1660,PE,33.35,41.65,33.35,41.65,41.65,2,10.18,1500,300,19-DEC-2017,
OPTSTK,INDUSINDBK,25-Jan-2018,1680,PE,0,0,0,118.85,41.3,0,0,0,0,19-DEC-2017,
OPTSTK,INDUSINDBK,25-Jan-2018,1700,PE,53.75,53.75,53.75,53.75,53.75,4,21.04,2100,1200,19-DEC-2017,
OPTSTK,INDUSINDBK,25-Jan-2018,1720,PE,0,0,0,143.15,64.5,0,0,0,0,19-DEC-2017,
OPTSTK,INDUSINDBK,25-Jan-2018,1740,PE,0,0,0,156.1,78.15,0,0,0,0,19-DEC-2017,
OPTSTK,INDUSINDBK,25-Jan-2018,1760,PE,0,0,0,169.65,93.05,0,0,0,0,19-DEC-2017,
OPTSTK,INDUSINDBK,25-Jan-2018,1780,PE,0,0,0,183.65,109,0,0,0,0,19-DEC-2017,
OPTSTK,INDUSINDBK,25-Jan-2018,1800,PE,0,0,0,135,125.85,0,0,300,0,19-DEC-2017,
OPTSTK,INDUSINDBK,25-Jan-2018,1820,PE,0,0,0,213.25,143.5,0,0,0,0,19-DEC-2017,
OPTSTK,INDUSINDBK,25-Jan-2018,1840,PE,0,0,0,228.65,161.7,0,0,0,0,19-DEC-2017,
OPTSTK,INDUSINDBK,25-Jan-2018,1860,PE,0,0,0,244.4,180.35,0,0,0,0,19-DEC-2017,
OPTSTK,INDUSINDBK,25-Jan-2018,1880,PE,0,0,0,260.55,199.4,0,0,0,0,19-DEC-2017,
OPTSTK,INDUSINDBK,25-Jan-2018,1900,PE,0,0,0,277.1,218.7,0,0,0,0,19-DEC-2017,
OPTSTK,INDUSINDBK,25-Jan-2018,1920,PE,0,0,0,293.9,238.15,0,0,0,0,19-DEC-2017,
OPTSTK,INDUSINDBK,25-Jan-2018,1940,PE,0,0,0,311.05,257.8,0,0,0,0,19-DEC-2017,
OPTSTK,INDUSINDBK,25-Jan-2018,1960,PE,0,0,0,328.45,277.5,0,0,0,0,19-DEC-2017,
OPTSTK,INDUSINDBK,25-Jan-2018,1980,PE,0,0,0,346.1,297.25,0,0,0,0,19-DEC-2017,
OPTSTK,INDUSINDBK,25-Jan-2018,2000,PE,0,0,0,363.95,317.05,0,0,0,0,19-DEC-2017,
OPTSTK,INDUSINDBK,22-Feb-2018,1280,CE,0,0,0,401.2,404.7,0,0,0,0,19-DEC-2017,
OPTSTK,INDUSINDBK,22-Feb-2018,1300,CE,0,0,0,381.75,384.9,0,0,0,0,19-DEC-2017,
OPTSTK,INDUSINDBK,22-Feb-2018,1320,CE,0,0,0,362.4,365.15,0,0,0,0,19-DEC-2017,
OPTSTK,INDUSINDBK,22-Feb-2018,1340,CE,0,0,0,343.2,345.45,0,0,0,0,19-DEC-2017,
OPTSTK,INDUSINDBK,22-Feb-2018,1360,CE,0,0,0,324.15,325.75,0,0,0,0,19-DEC-2017,
OPTSTK,INDUSINDBK,22-Feb-2018,1380,CE,0,0,0,305.3,306.1,0,0,0,0,19-DEC-2017,
OPTSTK,INDUSINDBK,22-Feb-2018,1400,CE,0,0,0,286.7,286.55,0,0,0,0,19-DEC-2017,
OPTSTK,INDUSINDBK,22-Feb-2018,1420,CE,0,0,0,268.4,267.1,0,0,0,0,19-DEC-2017,
OPTSTK,INDUSINDBK,22-Feb-2018,1440,CE,0,0,0,250.5,247.85,0,0,0,0,19-DEC-2017,
OPTSTK,INDUSINDBK,22-Feb-2018,1460,CE,0,0,0,232.95,228.8,0,0,0,0,19-DEC-2017,
OPTSTK,INDUSINDBK,22-Feb-2018,1480,CE,0,0,0,215.9,210.05,0,0,0,0,19-DEC-2017,
OPTSTK,INDUSINDBK,22-Feb-2018,1500,CE,0,0,0,199.35,191.7,0,0,0,0,19-DEC-2017,
OPTSTK,INDUSINDBK,22-Feb-2018,1520,CE,0,0,0,183.35,173.8,0,0,0,0,19-DEC-2017,
OPTSTK,INDUSINDBK,22-Feb-2018,1540,CE,0,0,0,168,156.55,0,0,0,0,19-DEC-2017,
OPTSTK,INDUSINDBK,22-Feb-2018,1560,CE,0,0,0,153.4,139.95,0,0,0,0,19-DEC-2017,
OPTSTK,INDUSINDBK,22-Feb-2018,1580,CE,0,0,0,139.35,124.15,0,0,0,0,19-DEC-2017,
OPTSTK,INDUSINDBK,22-Feb-2018,1600,CE,0,0,0,126.1,109.3,0,0,0,0,19-DEC-2017,
OPTSTK,INDUSINDBK,22-Feb-2018,1620,CE,0,0,0,113.65,95.3,0,0,0,0,19-DEC-2017,
OPTSTK,INDUSINDBK,22-Feb-2018,1640,CE,0,0,0,102,82.4,0,0,0,0,19-DEC-2017,
OPTSTK,INDUSINDBK,22-Feb-2018,1660,CE,0,0,0,91.15,70.65,0,0,0,0,19-DEC-2017,
OPTSTK,INDUSINDBK,22-Feb-2018,1680,CE,0,0,0,81.1,60,0,0,0,0,19-DEC-2017,
OPTSTK,INDUSINDBK,22-Feb-2018,1700,CE,0,0,0,71.85,50.45,0,0,0,0,19-DEC-2017,
OPTSTK,INDUSINDBK,22-Feb-2018,1720,CE,0,0,0,63.35,42.05,0,0,0,0,19-DEC-2017,
OPTSTK,INDUSINDBK,22-Feb-2018,1740,CE,0,0,0,55.65,34.7,0,0,0,0,19-DEC-2017,
OPTSTK,INDUSINDBK,22-Feb-2018,1760,CE,0,0,0,48.65,28.35,0,0,0,0,19-DEC-2017,
OPTSTK,INDUSINDBK,22-Feb-2018,1780,CE,0,0,0,42.35,23.05,0,0,0,0,19-DEC-2017,
OPTSTK,INDUSINDBK,22-Feb-2018,1800,CE,0,0,0,36.7,18.4,0,0,0,0,19-DEC-2017,
OPTSTK,INDUSINDBK,22-Feb-2018,1820,CE,0,0,0,31.8,14.65,0,0,0,0,19-DEC-2017,
OPTSTK,INDUSINDBK,22-Feb-2018,1840,CE,0,0,0,27.3,11.5,0,0,0,0,19-DEC-2017,
OPTSTK,INDUSINDBK,22-Feb-2018,1860,CE,0,0,0,23.35,8.95,0,0,0,0,19-DEC-2017,
OPTSTK,INDUSINDBK,22-Feb-2018,1880,CE,0,0,0,19.9,6.9,0,0,0,0,19-DEC-2017,
OPTSTK,INDUSINDBK,22-Feb-2018,1900,CE,0,0,0,16.9,5.3,0,0,0,0,19-DEC-2017,
OPTSTK,INDUSINDBK,22-Feb-2018,1920,CE,0,0,0,14.3,4,0,0,0,0,19-DEC-2017,
OPTSTK,INDUSINDBK,22-Feb-2018,1940,CE,0,0,0,12.05,3,0,0,0,0,19-DEC-2017,
OPTSTK,INDUSINDBK,22-Feb-2018,1960,CE,0,0,0,10.1,2.25,0,0,0,0,19-DEC-2017,
OPTSTK,INDUSINDBK,22-Feb-2018,1980,CE,0,0,0,8.45,1.65,0,0,0,0,19-DEC-2017,
OPTSTK,INDUSINDBK,22-Feb-2018,2000,CE,0,0,0,7.05,1.2,0,0,0,0,19-DEC-2017,
OPTSTK,INDUSINDBK,22-Feb-2018,1280,PE,0,0,0,0.55,0.05,0,0,0,0,19-DEC-2017,
OPTSTK,INDUSINDBK,22-Feb-2018,1300,PE,0,0,0,0.85,0.05,0,0,0,0,19-DEC-2017,
OPTSTK,INDUSINDBK,22-Feb-2018,1320,PE,0,0,0,1.2,0.05,0,0,0,0,19-DEC-2017,
OPTSTK,INDUSINDBK,22-Feb-2018,1340,PE,0,0,0,1.7,0.1,0,0,0,0,19-DEC-2017,
OPTSTK,INDUSINDBK,22-Feb-2018,1360,PE,0,0,0,2.35,0.2,0,0,0,0,19-DEC-2017,
OPTSTK,INDUSINDBK,22-Feb-2018,1380,PE,0,0,0,3.25,0.35,0,0,0,0,19-DEC-2017,
OPTSTK,INDUSINDBK,22-Feb-2018,1400,PE,0,0,0,4.35,0.55,0,0,0,0,19-DEC-2017,
OPTSTK,INDUSINDBK,22-Feb-2018,1420,PE,0,0,0,5.75,0.9,0,0,0,0,19-DEC-2017,
OPTSTK,INDUSINDBK,22-Feb-2018,1440,PE,0,0,0,7.55,1.35,0,0,0,0,19-DEC-2017,
OPTSTK,INDUSINDBK,22-Feb-2018,1460,PE,0,0,0,9.7,2.1,0,0,0,0,19-DEC-2017,
OPTSTK,INDUSINDBK,22-Feb-2018,1480,PE,0,0,0,12.35,3.1,0,0,0,0,19-DEC-2017,
OPTSTK,INDUSINDBK,22-Feb-2018,1500,PE,0,0,0,15.55,4.55,0,0,0,0,19-DEC-2017,
OPTSTK,INDUSINDBK,22-Feb-2018,1520,PE,0,0,0,19.25,6.45,0,0,0,0,19-DEC-2017,
OPTSTK,INDUSINDBK,22-Feb-2018,1540,PE,0,0,0,23.6,8.9,0,0,0,0,19-DEC-2017,
OPTSTK,INDUSINDBK,22-Feb-2018,1560,PE,0,0,0,28.7,12.1,0,0,0,0,19-DEC-2017,
OPTSTK,INDUSINDBK,22-Feb-2018,1580,PE,0,0,0,34.35,16.05,0,0,0,0,19-DEC-2017,
OPTSTK,INDUSINDBK,22-Feb-2018,1600,PE,0,0,0,40.85,21,0,0,0,0,19-DEC-2017,
OPTSTK,INDUSINDBK,22-Feb-2018,1620,PE,0,0,0,48.1,26.75,0,0,0,0,19-DEC-2017,
OPTSTK,INDUSINDBK,22-Feb-2018,1640,PE,0,0,0,56.15,33.65,0,0,0,0,19-DEC-2017,
OPTSTK,INDUSINDBK,22-Feb-2018,1660,PE,0,0,0,65,41.65,0,0,0,0,19-DEC-2017,
OPTSTK,INDUSINDBK,22-Feb-2018,1680,PE,0,0,0,74.65,50.8,0,0,0,0,19-DEC-2017,
OPTSTK,INDUSINDBK,22-Feb-2018,1700,PE,0,0,0,85.1,61.05,0,0,0,0,19-DEC-2017,
OPTSTK,INDUSINDBK,22-Feb-2018,1720,PE,0,0,0,96.35,72.4,0,0,0,0,19-DEC-2017,
OPTSTK,INDUSINDBK,22-Feb-2018,1740,PE,0,0,0,108.35,84.8,0,0,0,0,19-DEC-2017,
OPTSTK,INDUSINDBK,22-Feb-2018,1760,PE,0,0,0,121.05,98.25,0,0,0,0,19-DEC-2017,
OPTSTK,INDUSINDBK,22-Feb-2018,1780,PE,0,0,0,134.45,112.7,0,0,0,0,19-DEC-2017,
OPTSTK,INDUSINDBK,22-Feb-2018,1800,PE,0,0,0,148.55,127.85,0,0,0,0,19-DEC-2017,
OPTSTK,INDUSINDBK,22-Feb-2018,1820,PE,0,0,0,163.3,143.85,0,0,0,0,19-DEC-2017,
OPTSTK,INDUSINDBK,22-Feb-2018,1840,PE,0,0,0,178.5,160.45,0,0,0,0,19-DEC-2017,
OPTSTK,INDUSINDBK,22-Feb-2018,1860,PE,0,0,0,194.3,177.7,0,0,0,0,19-DEC-2017,
OPTSTK,INDUSINDBK,22-Feb-2018,1880,PE,0,0,0,210.55,195.45,0,0,0,0,19-DEC-2017,
OPTSTK,INDUSINDBK,22-Feb-2018,1900,PE,0,0,0,227.3,213.55,0,0,0,0,19-DEC-2017,
OPTSTK,INDUSINDBK,22-Feb-2018,1920,PE,0,0,0,244.4,232.05,0,0,0,0,19-DEC-2017,
OPTSTK,INDUSINDBK,22-Feb-2018,1940,PE,0,0,0,261.85,250.85,0,0,0,0,19-DEC-2017,
OPTSTK,INDUSINDBK,22-Feb-2018,1960,PE,0,0,0,279.6,269.85,0,0,0,0,19-DEC-2017,
OPTSTK,INDUSINDBK,22-Feb-2018,1980,PE,0,0,0,297.65,289,0,0,0,0,19-DEC-2017,
OPTSTK,INDUSINDBK,22-Feb-2018,2000,PE,0,0,0,315.95,308.35,0,0,0,0,19-DEC-2017,
OPTSTK,INFIBEAM,28-Dec-2017,95,CE,0,0,0,42.8,69.8,0,0,0,0,19-DEC-2017,
OPTSTK,INFIBEAM,28-Dec-2017,100,CE,0,0,0,39.55,64.85,0,0,0,0,19-DEC-2017,
OPTSTK,INFIBEAM,28-Dec-2017,105,CE,0,0,0,36.55,59.85,0,0,0,0,19-DEC-2017,
OPTSTK,INFIBEAM,28-Dec-2017,110,CE,0,0,0,33.7,54.85,0,0,0,0,19-DEC-2017,
OPTSTK,INFIBEAM,28-Dec-2017,115,CE,0,0,0,31.05,49.85,0,0,0,0,19-DEC-2017,
OPTSTK,INFIBEAM,28-Dec-2017,120,CE,0,0,0,28.6,44.85,0,0,0,0,19-DEC-2017,
OPTSTK,INFIBEAM,28-Dec-2017,125,CE,0,0,0,26.35,39.85,0,0,0,0,19-DEC-2017,
OPTSTK,INFIBEAM,28-Dec-2017,130,CE,0,0,0,24.2,34.85,0,0,0,0,19-DEC-2017,
OPTSTK,INFIBEAM,28-Dec-2017,135,CE,0,0,0,22.25,29.9,0,0,0,0,19-DEC-2017,
OPTSTK,INFIBEAM,28-Dec-2017,140,CE,0,0,0,20.45,24.95,0,0,0,0,19-DEC-2017,
OPTSTK,INFIBEAM,28-Dec-2017,145,CE,0,0,0,18.75,20.05,0,0,0,0,19-DEC-2017,
OPTSTK,INFIBEAM,28-Dec-2017,150,CE,0,0,0,22,15.45,0,0,4000,0,19-DEC-2017,
OPTSTK,INFIBEAM,28-Dec-2017,155,CE,0,0,0,14.05,11.2,0,0,8000,0,19-DEC-2017,
OPTSTK,INFIBEAM,28-Dec-2017,160,CE,8,8,8,8,8,1,6.72,120000,4000,19-DEC-2017,
OPTSTK,INFIBEAM,28-Dec-2017,165,CE,6,7.25,4.8,7.25,7.25,13,88.8,392000,-8000,19-DEC-2017,
OPTSTK,INFIBEAM,28-Dec-2017,170,CE,4,5,2.7,3.85,3.85,44,305.97,264000,32000,19-DEC-2017,
OPTSTK,INFIBEAM,28-Dec-2017,175,CE,2.35,3.35,2.1,2.35,2.35,9,63.91,64000,4000,19-DEC-2017,
OPTSTK,INFIBEAM,28-Dec-2017,180,CE,1.35,1.7,1.2,1.35,1.35,18,130.59,156000,-16000,19-DEC-2017,
OPTSTK,INFIBEAM,28-Dec-2017,185,CE,0,0,0,1.95,0.35,0,0,12000,0,19-DEC-2017,
OPTSTK,INFIBEAM,28-Dec-2017,190,CE,0.6,0.7,0.6,0.7,0.7,4,30.5,48000,8000,19-DEC-2017,
OPTSTK,INFIBEAM,28-Dec-2017,195,CE,0,0,0,0.85,0.05,0,0,16000,0,19-DEC-2017,
OPTSTK,INFIBEAM,28-Dec-2017,200,CE,0,0,0,1,0.05,0,0,92000,0,19-DEC-2017,
OPTSTK,INFIBEAM,28-Dec-2017,205,CE,0,0,0,0.7,0.05,0,0,32000,0,19-DEC-2017,
OPTSTK,INFIBEAM,28-Dec-2017,210,CE,0,0,0,0.6,0,0,0,28000,0,19-DEC-2017,
OPTSTK,INFIBEAM,28-Dec-2017,215,CE,0,0,0,0.4,0,0,0,8000,0,19-DEC-2017,
OPTSTK,INFIBEAM,28-Dec-2017,95,PE,0,0,0,7.4,0,0,0,0,0,19-DEC-2017,
OPTSTK,INFIBEAM,28-Dec-2017,100,PE,0,0,0,0.3,0,0,0,4000,0,19-DEC-2017,
OPTSTK,INFIBEAM,28-Dec-2017,105,PE,0,0,0,11,0,0,0,0,0,19-DEC-2017,
OPTSTK,INFIBEAM,28-Dec-2017,110,PE,0,0,0,13.1,0,0,0,0,0,19-DEC-2017,
OPTSTK,INFIBEAM,28-Dec-2017,115,PE,0,0,0,15.4,0,0,0,0,0,19-DEC-2017,
OPTSTK,INFIBEAM,28-Dec-2017,120,PE,0,0,0,0.4,0,0,0,4000,0,19-DEC-2017,
OPTSTK,INFIBEAM,28-Dec-2017,125,PE,0,0,0,0.3,0,0,0,8000,0,19-DEC-2017,
OPTSTK,INFIBEAM,28-Dec-2017,130,PE,0,0,0,0.8,0,0,0,24000,0,19-DEC-2017,
OPTSTK,INFIBEAM,28-Dec-2017,135,PE,0,0,0,0.4,0.05,0,0,16000,0,19-DEC-2017,
OPTSTK,INFIBEAM,28-Dec-2017,140,PE,0,0,0,29.35,0.05,0,0,0,0,19-DEC-2017,
OPTSTK,INFIBEAM,28-Dec-2017,145,PE,0.4,0.4,0.4,0.4,0.4,1,5.81,0,-4000,19-DEC-2017,
OPTSTK,INFIBEAM,28-Dec-2017,150,PE,0,0,0,2,0.55,0,0,72000,0,19-DEC-2017,
OPTSTK,INFIBEAM,28-Dec-2017,155,PE,3.25,3.25,1.85,1.85,1.85,2,12.6,40000,4000,19-DEC-2017,
OPTSTK,INFIBEAM,28-Dec-2017,160,PE,5.6,5.6,5.6,5.6,5.6,2,13.24,52000,0,19-DEC-2017,
OPTSTK,INFIBEAM,28-Dec-2017,165,PE,6.65,6.9,5.5,5.5,5.5,5,34.2,200000,8000,19-DEC-2017,
OPTSTK,INFIBEAM,28-Dec-2017,170,PE,9.25,9.25,9.25,9.25,9.25,2,14.34,24000,4000,19-DEC-2017,
OPTSTK,INFIBEAM,28-Dec-2017,175,PE,0,0,0,54.6,11.55,0,0,0,0,19-DEC-2017,
OPTSTK,INFIBEAM,28-Dec-2017,180,PE,0,0,0,58.6,15.8,0,0,0,0,19-DEC-2017,
OPTSTK,INFIBEAM,28-Dec-2017,185,PE,0,0,0,25.1,20.4,0,0,4000,0,19-DEC-2017,
OPTSTK,INFIBEAM,28-Dec-2017,190,PE,0,0,0,29.3,25.2,0,0,4000,0,19-DEC-2017,
OPTSTK,INFIBEAM,28-Dec-2017,195,PE,0,0,0,48.4,30.1,0,0,0,0,19-DEC-2017,
OPTSTK,INFIBEAM,28-Dec-2017,200,PE,0,0,0,52.2,35.1,0,0,0,0,19-DEC-2017,
OPTSTK,INFIBEAM,28-Dec-2017,205,PE,0,0,0,56.1,40.05,0,0,0,0,19-DEC-2017,
OPTSTK,INFIBEAM,28-Dec-2017,210,PE,0,0,0,60.1,45.05,0,0,0,0,19-DEC-2017,
OPTSTK,INFIBEAM,28-Dec-2017,215,PE,0,0,0,64.2,50.05,0,0,0,0,19-DEC-2017,
OPTSTK,INFIBEAM,25-Jan-2018,95,CE,0,0,0,39.25,70.3,0,0,0,0,19-DEC-2017,
OPTSTK,INFIBEAM,25-Jan-2018,100,CE,0,0,0,35.2,65.3,0,0,0,0,19-DEC-2017,
OPTSTK,INFIBEAM,25-Jan-2018,105,CE,0,0,0,31.4,60.35,0,0,0,0,19-DEC-2017,
OPTSTK,INFIBEAM,25-Jan-2018,110,CE,0,0,0,27.85,55.4,0,0,0,0,19-DEC-2017,
OPTSTK,INFIBEAM,25-Jan-2018,115,CE,0,0,0,24.6,50.45,0,0,0,0,19-DEC-2017,
OPTSTK,INFIBEAM,25-Jan-2018,120,CE,0,0,0,21.6,45.55,0,0,0,0,19-DEC-2017,
OPTSTK,INFIBEAM,25-Jan-2018,125,CE,0,0,0,18.9,40.7,0,0,0,0,19-DEC-2017,
OPTSTK,INFIBEAM,25-Jan-2018,130,CE,0,0,0,16.45,35.95,0,0,0,0,19-DEC-2017,
OPTSTK,INFIBEAM,25-Jan-2018,135,CE,0,0,0,14.25,31.4,0,0,0,0,19-DEC-2017,
OPTSTK,INFIBEAM,25-Jan-2018,140,CE,0,0,0,12.3,27,0,0,0,0,19-DEC-2017,
OPTSTK,INFIBEAM,25-Jan-2018,145,CE,0,0,0,10.55,22.9,0,0,0,0,19-DEC-2017,
OPTSTK,INFIBEAM,25-Jan-2018,150,CE,0,0,0,9.05,19.1,0,0,0,0,19-DEC-2017,
OPTSTK,INFIBEAM,25-Jan-2018,155,CE,0,0,0,7.75,15.7,0,0,0,0,19-DEC-2017,
OPTSTK,INFIBEAM,25-Jan-2018,160,CE,0,0,0,6.6,12.7,0,0,0,0,19-DEC-2017,
OPTSTK,INFIBEAM,25-Jan-2018,165,CE,0,0,0,5.6,10.1,0,0,0,0,19-DEC-2017,
OPTSTK,INFIBEAM,25-Jan-2018,170,CE,0,0,0,4.75,7.9,0,0,0,0,19-DEC-2017,
OPTSTK,INFIBEAM,25-Jan-2018,175,CE,0,0,0,4.05,6.05,0,0,0,0,19-DEC-2017,
OPTSTK,INFIBEAM,25-Jan-2018,180,CE,0,0,0,3.4,4.6,0,0,0,0,19-DEC-2017,
OPTSTK,INFIBEAM,25-Jan-2018,185,CE,0,0,0,2.85,3.45,0,0,0,0,19-DEC-2017,
OPTSTK,INFIBEAM,25-Jan-2018,190,CE,0,0,0,2.4,2.55,0,0,0,0,19-DEC-2017,
OPTSTK,INFIBEAM,25-Jan-2018,195,CE,0,0,0,18.9,1.85,0,0,0,0,19-DEC-2017,
OPTSTK,INFIBEAM,25-Jan-2018,200,CE,0,0,0,17.65,1.3,0,0,0,0,19-DEC-2017,
OPTSTK,INFIBEAM,25-Jan-2018,205,CE,0,0,0,16.5,0.95,0,0,0,0,19-DEC-2017,
OPTSTK,INFIBEAM,25-Jan-2018,210,CE,0,0,0,15.45,0.65,0,0,0,0,19-DEC-2017,
OPTSTK,INFIBEAM,25-Jan-2018,215,CE,0,0,0,14.4,0.45,0,0,0,0,19-DEC-2017,
OPTSTK,INFIBEAM,25-Jan-2018,95,PE,0,0,0,2,0,0,0,0,0,19-DEC-2017,
OPTSTK,INFIBEAM,25-Jan-2018,100,PE,0,0,0,2.9,0,0,0,0,0,19-DEC-2017,
OPTSTK,INFIBEAM,25-Jan-2018,105,PE,0,0,0,4,0.05,0,0,0,0,19-DEC-2017,
OPTSTK,INFIBEAM,25-Jan-2018,110,PE,0,0,0,5.4,0.05,0,0,0,0,19-DEC-2017,
OPTSTK,INFIBEAM,25-Jan-2018,115,PE,0,0,0,7.05,0.05,0,0,0,0,19-DEC-2017,
OPTSTK,INFIBEAM,25-Jan-2018,120,PE,0,0,0,8.95,0.15,0,0,0,0,19-DEC-2017,
OPTSTK,INFIBEAM,25-Jan-2018,125,PE,0,0,0,11.15,0.25,0,0,0,0,19-DEC-2017,
OPTSTK,INFIBEAM,25-Jan-2018,130,PE,0,0,0,13.65,0.5,0,0,0,0,19-DEC-2017,
OPTSTK,INFIBEAM,25-Jan-2018,135,PE,0,0,0,16.35,0.85,0,0,0,0,19-DEC-2017,
OPTSTK,INFIBEAM,25-Jan-2018,140,PE,0,0,0,19.35,1.45,0,0,0,0,19-DEC-2017,
OPTSTK,INFIBEAM,25-Jan-2018,145,PE,0,0,0,22.55,2.3,0,0,0,0,19-DEC-2017,
OPTSTK,INFIBEAM,25-Jan-2018,150,PE,0,0,0,25.95,3.5,0,0,0,0,19-DEC-2017,
OPTSTK,INFIBEAM,25-Jan-2018,155,PE,0,0,0,29.55,5.05,0,0,0,0,19-DEC-2017,
OPTSTK,INFIBEAM,25-Jan-2018,160,PE,0,0,0,33.35,7,0,0,0,0,19-DEC-2017,
OPTSTK,INFIBEAM,25-Jan-2018,165,PE,0,0,0,37.3,9.35,0,0,0,0,19-DEC-2017,
OPTSTK,INFIBEAM,25-Jan-2018,170,PE,0,0,0,41.35,12.15,0,0,0,0,19-DEC-2017,
OPTSTK,INFIBEAM,25-Jan-2018,175,PE,0,0,0,45.55,15.3,0,0,0,0,19-DEC-2017,
OPTSTK,INFIBEAM,25-Jan-2018,180,PE,0,0,0,49.85,18.8,0,0,0,0,19-DEC-2017,
OPTSTK,INFIBEAM,25-Jan-2018,185,PE,0,0,0,54.2,22.6,0,0,0,0,19-DEC-2017,
OPTSTK,INFIBEAM,25-Jan-2018,190,PE,0,0,0,58.7,26.65,0,0,0,0,19-DEC-2017,
OPTSTK,INFIBEAM,25-Jan-2018,195,PE,0,0,0,53.1,30.9,0,0,0,0,19-DEC-2017,
OPTSTK,INFIBEAM,25-Jan-2018,200,PE,0,0,0,56.8,35.35,0,0,0,0,19-DEC-2017,
OPTSTK,INFIBEAM,25-Jan-2018,205,PE,0,0,0,60.55,39.95,0,0,0,0,19-DEC-2017,
OPTSTK,INFIBEAM,25-Jan-2018,210,PE,0,0,0,64.4,44.65,0,0,0,0,19-DEC-2017,
OPTSTK,INFIBEAM,25-Jan-2018,215,PE,0,0,0,68.35,49.4,0,0,0,0,19-DEC-2017,
OPTSTK,INFIBEAM,22-Feb-2018,110,CE,0,0,0,63.1,56.1,0,0,0,0,19-DEC-2017,
OPTSTK,INFIBEAM,22-Feb-2018,115,CE,0,0,0,58.7,51.3,0,0,0,0,19-DEC-2017,
OPTSTK,INFIBEAM,22-Feb-2018,120,CE,0,0,0,54.5,46.6,0,0,0,0,19-DEC-2017,
OPTSTK,INFIBEAM,22-Feb-2018,125,CE,0,0,0,50.45,42,0,0,0,0,19-DEC-2017,
OPTSTK,INFIBEAM,22-Feb-2018,130,CE,0,0,0,46.55,37.55,0,0,0,0,19-DEC-2017,
OPTSTK,INFIBEAM,22-Feb-2018,135,CE,0,0,0,42.8,33.35,0,0,0,0,19-DEC-2017,
OPTSTK,INFIBEAM,22-Feb-2018,140,CE,0,0,0,39.3,29.3,0,0,0,0,19-DEC-2017,
OPTSTK,INFIBEAM,22-Feb-2018,145,CE,0,0,0,35.95,25.6,0,0,0,0,19-DEC-2017,
OPTSTK,INFIBEAM,22-Feb-2018,150,CE,0,0,0,32.8,22.1,0,0,0,0,19-DEC-2017,
OPTSTK,INFIBEAM,22-Feb-2018,155,CE,0,0,0,29.9,18.95,0,0,0,0,19-DEC-2017,
OPTSTK,INFIBEAM,22-Feb-2018,160,CE,0,0,0,27.15,16.15,0,0,0,0,19-DEC-2017,
OPTSTK,INFIBEAM,22-Feb-2018,165,CE,0,0,0,24.65,13.6,0,0,0,0,19-DEC-2017,
OPTSTK,INFIBEAM,22-Feb-2018,170,CE,0,0,0,22.3,11.4,0,0,0,0,19-DEC-2017,
OPTSTK,INFIBEAM,22-Feb-2018,175,CE,0,0,0,20.1,9.45,0,0,0,0,19-DEC-2017,
OPTSTK,INFIBEAM,22-Feb-2018,180,CE,0,0,0,18.15,7.8,0,0,0,0,19-DEC-2017,
OPTSTK,INFIBEAM,22-Feb-2018,185,CE,0,0,0,16.3,6.35,0,0,0,0,19-DEC-2017,
OPTSTK,INFIBEAM,22-Feb-2018,190,CE,0,0,0,14.65,5.2,0,0,0,0,19-DEC-2017,
OPTSTK,INFIBEAM,22-Feb-2018,195,CE,0,0,0,13.15,4.2,0,0,0,0,19-DEC-2017,
OPTSTK,INFIBEAM,22-Feb-2018,200,CE,0,0,0,11.8,3.35,0,0,0,0,19-DEC-2017,
OPTSTK,INFIBEAM,22-Feb-2018,205,CE,0,0,0,10.55,2.7,0,0,0,0,19-DEC-2017,
OPTSTK,INFIBEAM,22-Feb-2018,210,CE,0,0,0,9.45,2.15,0,0,0,0,19-DEC-2017,
OPTSTK,INFIBEAM,22-Feb-2018,215,CE,0,0,0,8.4,1.7,0,0,0,0,19-DEC-2017,
OPTSTK,INFIBEAM,22-Feb-2018,110,PE,0,0,0,1.45,0.2,0,0,0,0,19-DEC-2017,
OPTSTK,INFIBEAM,22-Feb-2018,115,PE,0,0,0,2,0.35,0,0,0,0,19-DEC-2017,
OPTSTK,INFIBEAM,22-Feb-2018,120,PE,0,0,0,2.7,0.55,0,0,0,0,19-DEC-2017,
OPTSTK,INFIBEAM,22-Feb-2018,125,PE,0,0,0,3.55,0.9,0,0,0,0,19-DEC-2017,
OPTSTK,INFIBEAM,22-Feb-2018,130,PE,0,0,0,4.6,1.45,0,0,0,0,19-DEC-2017,
OPTSTK,INFIBEAM,22-Feb-2018,135,PE,0,0,0,5.8,2.15,0,0,0,0,19-DEC-2017,
OPTSTK,INFIBEAM,22-Feb-2018,140,PE,0,0,0,7.2,3.1,0,0,0,0,19-DEC-2017,
OPTSTK,INFIBEAM,22-Feb-2018,145,PE,0,0,0,8.8,4.3,0,0,0,0,19-DEC-2017,
OPTSTK,INFIBEAM,22-Feb-2018,150,PE,0,0,0,10.6,5.75,0,0,0,0,19-DEC-2017,
OPTSTK,INFIBEAM,22-Feb-2018,155,PE,0,0,0,12.6,7.55,0,0,0,0,19-DEC-2017,
OPTSTK,INFIBEAM,22-Feb-2018,160,PE,0,0,0,14.8,9.65,0,0,0,0,19-DEC-2017,
OPTSTK,INFIBEAM,22-Feb-2018,165,PE,0,0,0,17.15,12.1,0,0,0,0,19-DEC-2017,
OPTSTK,INFIBEAM,22-Feb-2018,170,PE,0,0,0,19.75,14.8,0,0,0,0,19-DEC-2017,
OPTSTK,INFIBEAM,22-Feb-2018,175,PE,0,0,0,22.5,17.8,0,0,0,0,19-DEC-2017,
OPTSTK,INFIBEAM,22-Feb-2018,180,PE,0,0,0,25.45,21.1,0,0,0,0,19-DEC-2017,
OPTSTK,INFIBEAM,22-Feb-2018,185,PE,0,0,0,28.6,24.6,0,0,0,0,19-DEC-2017,
OPTSTK,INFIBEAM,22-Feb-2018,190,PE,0,0,0,31.85,28.35,0,0,0,0,19-DEC-2017,
OPTSTK,INFIBEAM,22-Feb-2018,195,PE,0,0,0,35.25,32.3,0,0,0,0,19-DEC-2017,
OPTSTK,INFIBEAM,22-Feb-2018,200,PE,0,0,0,38.8,36.45,0,0,0,0,19-DEC-2017,
OPTSTK,INFIBEAM,22-Feb-2018,205,PE,0,0,0,42.5,40.7,0,0,0,0,19-DEC-2017,
OPTSTK,INFIBEAM,22-Feb-2018,210,PE,0,0,0,46.3,45.1,0,0,0,0,19-DEC-2017,
OPTSTK,INFIBEAM,22-Feb-2018,215,PE,0,0,0,50.25,49.6,0,0,0,0,19-DEC-2017,
OPTSTK,INFRATEL,28-Dec-2017,250,CE,0,0,0,146.55,112.9,0,0,0,0,19-DEC-2017,
OPTSTK,INFRATEL,28-Dec-2017,260,CE,0,0,0,136.8,102.9,0,0,0,0,19-DEC-2017,
OPTSTK,INFRATEL,28-Dec-2017,270,CE,0,0,0,127.05,92.95,0,0,0,0,19-DEC-2017,
OPTSTK,INFRATEL,28-Dec-2017,280,CE,0,0,0,117.4,82.95,0,0,0,0,19-DEC-2017,
OPTSTK,INFRATEL,28-Dec-2017,290,CE,0,0,0,107.85,72.95,0,0,0,0,19-DEC-2017,
OPTSTK,INFRATEL,28-Dec-2017,300,CE,0,0,0,98.5,63,0,0,0,0,19-DEC-2017,
OPTSTK,INFRATEL,28-Dec-2017,310,CE,0,0,0,89.35,53.05,0,0,0,0,19-DEC-2017,
OPTSTK,INFRATEL,28-Dec-2017,320,CE,0,0,0,66,43.15,0,0,1700,0,19-DEC-2017,
OPTSTK,INFRATEL,28-Dec-2017,330,CE,0,0,0,55.5,33.6,0,0,1700,0,19-DEC-2017,
OPTSTK,INFRATEL,28-Dec-2017,340,CE,0,0,0,42.45,24.65,0,0,1700,0,19-DEC-2017,
OPTSTK,INFRATEL,28-Dec-2017,350,CE,15.9,16.5,15.15,16.5,16.5,4,24.87,57800,-1700,19-DEC-2017,
OPTSTK,INFRATEL,28-Dec-2017,360,CE,8.6,9.8,6.5,7.7,7.7,242,1515.07,392700,-10200,19-DEC-2017,
OPTSTK,INFRATEL,28-Dec-2017,370,CE,4.5,5.5,3.25,3.85,3.85,274,1743.69,431800,73100,19-DEC-2017,
OPTSTK,INFRATEL,28-Dec-2017,380,CE,2.75,2.95,1.8,2.1,2.1,141,916.58,494700,3400,19-DEC-2017,
OPTSTK,INFRATEL,28-Dec-2017,390,CE,2.9,2.9,1,1.2,1.2,53,352.77,214200,0,19-DEC-2017,
OPTSTK,INFRATEL,28-Dec-2017,400,CE,1.3,1.3,0.55,0.8,0.8,29,197.65,419900,-13600,19-DEC-2017,
OPTSTK,INFRATEL,28-Dec-2017,410,CE,0,0,0,1,0.25,0,0,71400,0,19-DEC-2017,
OPTSTK,INFRATEL,28-Dec-2017,420,CE,0.6,0.6,0.6,0.6,0.6,1,7.15,91800,1700,19-DEC-2017,
OPTSTK,INFRATEL,28-Dec-2017,430,CE,0,0,0,0.7,0.05,0,0,11900,0,19-DEC-2017,
OPTSTK,INFRATEL,28-Dec-2017,440,CE,0,0,0,0.55,0.05,0,0,11900,0,19-DEC-2017,
OPTSTK,INFRATEL,28-Dec-2017,450,CE,0,0,0,0.2,0,0,0,54400,0,19-DEC-2017,
OPTSTK,INFRATEL,28-Dec-2017,460,CE,0,0,0,0.9,0,0,0,6800,0,19-DEC-2017,
OPTSTK,INFRATEL,28-Dec-2017,470,CE,0,0,0,6.7,0,0,0,0,0,19-DEC-2017,
OPTSTK,INFRATEL,28-Dec-2017,480,CE,0,0,0,0.15,0,0,0,3400,0,19-DEC-2017,
OPTSTK,INFRATEL,28-Dec-2017,490,CE,0,0,0,0.3,0,0,0,1700,0,19-DEC-2017,
OPTSTK,INFRATEL,28-Dec-2017,500,CE,0,0,0,0.1,0,0,0,1700,0,19-DEC-2017,
OPTSTK,INFRATEL,28-Dec-2017,510,CE,0,0,0,2.65,0,0,0,0,0,19-DEC-2017,
OPTSTK,INFRATEL,28-Dec-2017,520,CE,0,0,0,2.1,0,0,0,0,0,19-DEC-2017,
OPTSTK,INFRATEL,28-Dec-2017,530,CE,0,0,0,1.65,0,0,0,0,0,19-DEC-2017,
OPTSTK,INFRATEL,28-Dec-2017,540,CE,0,0,0,1.25,0,0,0,0,0,19-DEC-2017,
OPTSTK,INFRATEL,28-Dec-2017,550,CE,0,0,0,1,0,0,0,0,0,19-DEC-2017,
OPTSTK,INFRATEL,28-Dec-2017,560,CE,0,0,0,0.8,0,0,0,0,0,19-DEC-2017,
OPTSTK,INFRATEL,28-Dec-2017,250,PE,0,0,0,0.1,0,0,0,0,0,19-DEC-2017,
OPTSTK,INFRATEL,28-Dec-2017,260,PE,0,0,0,0.15,0,0,0,0,0,19-DEC-2017,
OPTSTK,INFRATEL,28-Dec-2017,270,PE,0,0,0,0.25,0,0,0,0,0,19-DEC-2017,
OPTSTK,INFRATEL,28-Dec-2017,280,PE,0,0,0,0.45,0,0,0,0,0,19-DEC-2017,
OPTSTK,INFRATEL,28-Dec-2017,290,PE,0,0,0,0.75,0,0,0,0,0,19-DEC-2017,
OPTSTK,INFRATEL,28-Dec-2017,300,PE,0,0,0,1.25,0.05,0,0,0,0,19-DEC-2017,
OPTSTK,INFRATEL,28-Dec-2017,310,PE,0,0,0,0.55,0.05,0,0,3400,0,19-DEC-2017,
OPTSTK,INFRATEL,28-Dec-2017,320,PE,0,0,0,1.2,0.2,0,0,22100,0,19-DEC-2017,
OPTSTK,INFRATEL,28-Dec-2017,330,PE,0.45,0.45,0.45,0.45,0.45,1,5.61,32300,1700,19-DEC-2017,
OPTSTK,INFRATEL,28-Dec-2017,340,PE,1.05,1.3,0.9,1,1,11,63.77,71400,-3400,19-DEC-2017,
OPTSTK,INFRATEL,28-Dec-2017,350,PE,3.05,3.4,1.55,1.75,1.75,61,365.54,158100,22100,19-DEC-2017,
OPTSTK,INFRATEL,28-Dec-2017,360,PE,7.3,7.3,4.3,4.85,4.85,48,298.56,146200,-25500,19-DEC-2017,
OPTSTK,INFRATEL,28-Dec-2017,370,PE,12.2,12.2,10.2,10.2,10.2,12,77.77,219300,-11900,19-DEC-2017,
OPTSTK,INFRATEL,28-Dec-2017,380,PE,0,0,0,23,19.95,0,0,69700,0,19-DEC-2017,
OPTSTK,INFRATEL,28-Dec-2017,390,PE,0,0,0,35.9,28.3,0,0,17000,0,19-DEC-2017,
OPTSTK,INFRATEL,28-Dec-2017,400,PE,0,0,0,38,37.5,0,0,32300,0,19-DEC-2017,
OPTSTK,INFRATEL,28-Dec-2017,410,PE,0,0,0,28.55,47.1,0,0,5100,0,19-DEC-2017,
OPTSTK,INFRATEL,28-Dec-2017,420,PE,0,0,0,37,56.95,0,0,10200,0,19-DEC-2017,
OPTSTK,INFRATEL,28-Dec-2017,430,PE,0,0,0,46.05,66.85,0,0,6800,0,19-DEC-2017,
OPTSTK,INFRATEL,28-Dec-2017,440,PE,0,0,0,53.15,76.85,0,0,0,0,19-DEC-2017,
OPTSTK,INFRATEL,28-Dec-2017,450,PE,0,0,0,66,86.8,0,0,1700,0,19-DEC-2017,
OPTSTK,INFRATEL,28-Dec-2017,460,PE,0,0,0,68.55,96.8,0,0,0,0,19-DEC-2017,
OPTSTK,INFRATEL,28-Dec-2017,470,PE,0,0,0,76.8,106.8,0,0,0,0,19-DEC-2017,
OPTSTK,INFRATEL,28-Dec-2017,480,PE,0,0,0,85.3,116.75,0,0,0,0,19-DEC-2017,
OPTSTK,INFRATEL,28-Dec-2017,490,PE,0,0,0,94.05,126.75,0,0,0,0,19-DEC-2017,
OPTSTK,INFRATEL,28-Dec-2017,500,PE,0,0,0,103,136.75,0,0,0,0,19-DEC-2017,
OPTSTK,INFRATEL,28-Dec-2017,510,PE,0,0,0,112.15,146.75,0,0,0,0,19-DEC-2017,
OPTSTK,INFRATEL,28-Dec-2017,520,PE,0,0,0,121.4,156.7,0,0,0,0,19-DEC-2017,
OPTSTK,INFRATEL,28-Dec-2017,530,PE,0,0,0,130.8,166.7,0,0,0,0,19-DEC-2017,
OPTSTK,INFRATEL,28-Dec-2017,540,PE,0,0,0,140.25,176.7,0,0,0,0,19-DEC-2017,
OPTSTK,INFRATEL,28-Dec-2017,550,PE,0,0,0,149.85,186.65,0,0,0,0,19-DEC-2017,
OPTSTK,INFRATEL,28-Dec-2017,560,PE,0,0,0,154.05,196.65,0,0,0,0,19-DEC-2017,
OPTSTK,INFRATEL,25-Jan-2018,270,CE,0,0,0,154.9,94.4,0,0,0,0,19-DEC-2017,
OPTSTK,INFRATEL,25-Jan-2018,280,CE,0,0,0,145.9,84.6,0,0,0,0,19-DEC-2017,
OPTSTK,INFRATEL,25-Jan-2018,290,CE,0,0,0,137.1,74.95,0,0,0,0,19-DEC-2017,
OPTSTK,INFRATEL,25-Jan-2018,300,CE,0,0,0,160.85,65.5,0,0,0,0,19-DEC-2017,
OPTSTK,INFRATEL,25-Jan-2018,310,CE,0,0,0,151.35,56.4,0,0,0,0,19-DEC-2017,
OPTSTK,INFRATEL,25-Jan-2018,320,CE,0,0,0,142.05,47.8,0,0,0,0,19-DEC-2017,
OPTSTK,INFRATEL,25-Jan-2018,330,CE,0,0,0,132.85,39.8,0,0,0,0,19-DEC-2017,
OPTSTK,INFRATEL,25-Jan-2018,340,CE,0,0,0,123.85,32.5,0,0,0,0,19-DEC-2017,
OPTSTK,INFRATEL,25-Jan-2018,350,CE,20.95,20.95,20.95,20.95,20.95,3,18.91,5100,5100,19-DEC-2017,
OPTSTK,INFRATEL,25-Jan-2018,360,CE,15.35,16,15.35,16,16,3,19.16,22100,5100,19-DEC-2017,
OPTSTK,INFRATEL,25-Jan-2018,370,CE,0,0,0,98.4,15.75,0,0,0,0,19-DEC-2017,
OPTSTK,INFRATEL,25-Jan-2018,380,CE,9,9,9,9,9,1,6.61,1700,1700,19-DEC-2017,
OPTSTK,INFRATEL,25-Jan-2018,390,CE,6,6,6,6,6,2,13.46,8500,1700,19-DEC-2017,
OPTSTK,INFRATEL,25-Jan-2018,400,CE,0,0,0,75.8,6.4,0,0,0,0,19-DEC-2017,
OPTSTK,INFRATEL,25-Jan-2018,410,CE,0,0,0,68.95,4.55,0,0,0,0,19-DEC-2017,
OPTSTK,INFRATEL,25-Jan-2018,420,CE,1.85,1.85,1.85,1.85,1.85,1,7.17,1700,1700,19-DEC-2017,
OPTSTK,INFRATEL,25-Jan-2018,430,CE,0,0,0,56.55,2.2,0,0,0,0,19-DEC-2017,
OPTSTK,INFRATEL,25-Jan-2018,440,CE,1.35,1.35,1.35,1.35,1.35,1,7.5,1700,1700,19-DEC-2017,
OPTSTK,INFRATEL,25-Jan-2018,450,CE,0,0,0,14.05,1,0,0,1700,0,19-DEC-2017,
OPTSTK,INFRATEL,25-Jan-2018,460,CE,0,0,0,41,0.65,0,0,0,0,19-DEC-2017,
OPTSTK,INFRATEL,25-Jan-2018,470,CE,0,0,0,36.6,0.4,0,0,0,0,19-DEC-2017,
OPTSTK,INFRATEL,25-Jan-2018,480,CE,0,0,0,32.55,0.3,0,0,0,0,19-DEC-2017,
OPTSTK,INFRATEL,25-Jan-2018,490,CE,0,0,0,28.9,0.2,0,0,0,0,19-DEC-2017,
OPTSTK,INFRATEL,25-Jan-2018,500,CE,0,0,0,25.55,0.1,0,0,0,0,19-DEC-2017,
OPTSTK,INFRATEL,25-Jan-2018,510,CE,0,0,0,22.55,0.1,0,0,0,0,19-DEC-2017,
OPTSTK,INFRATEL,25-Jan-2018,520,CE,0,0,0,19.85,0.05,0,0,0,0,19-DEC-2017,
OPTSTK,INFRATEL,25-Jan-2018,530,CE,0,0,0,17.45,0.05,0,0,0,0,19-DEC-2017,
OPTSTK,INFRATEL,25-Jan-2018,540,CE,0,0,0,15.3,0.05,0,0,0,0,19-DEC-2017,
OPTSTK,INFRATEL,25-Jan-2018,550,CE,0,0,0,13.35,0.05,0,0,0,0,19-DEC-2017,
OPTSTK,INFRATEL,25-Jan-2018,560,CE,0,0,0,11.65,0,0,0,0,0,19-DEC-2017,
OPTSTK,INFRATEL,25-Jan-2018,270,PE,0,0,0,2.25,0.1,0,0,0,0,19-DEC-2017,
OPTSTK,INFRATEL,25-Jan-2018,280,PE,0,0,0,3.1,0.25,0,0,0,0,19-DEC-2017,
OPTSTK,INFRATEL,25-Jan-2018,290,PE,0,0,0,4.1,0.55,0,0,0,0,19-DEC-2017,
OPTSTK,INFRATEL,25-Jan-2018,300,PE,0,0,0,0.75,1.05,0,0,0,0,19-DEC-2017,
OPTSTK,INFRATEL,25-Jan-2018,310,PE,0,0,0,1.1,1.9,0,0,0,0,19-DEC-2017,
OPTSTK,INFRATEL,25-Jan-2018,320,PE,0,0,0,1.6,3.2,0,0,0,0,19-DEC-2017,
OPTSTK,INFRATEL,25-Jan-2018,330,PE,0,0,0,5.5,5.15,0,0,17000,0,19-DEC-2017,
OPTSTK,INFRATEL,25-Jan-2018,340,PE,5.6,6.75,5.55,5.7,5.7,11,64.65,17000,17000,19-DEC-2017,
OPTSTK,INFRATEL,25-Jan-2018,350,PE,9,10.65,9,10.65,10.65,14,85.56,17000,17000,19-DEC-2017,
OPTSTK,INFRATEL,25-Jan-2018,360,PE,13,13,13,13,13,1,6.34,44200,0,19-DEC-2017,
OPTSTK,INFRATEL,25-Jan-2018,370,PE,0,0,0,7.2,20.85,0,0,0,0,19-DEC-2017,
OPTSTK,INFRATEL,25-Jan-2018,380,PE,0,0,0,9.15,26.9,0,0,0,0,19-DEC-2017,
OPTSTK,INFRATEL,25-Jan-2018,390,PE,0,0,0,11.45,33.75,0,0,0,0,19-DEC-2017,
OPTSTK,INFRATEL,25-Jan-2018,400,PE,0,0,0,14.1,41.3,0,0,0,0,19-DEC-2017,
OPTSTK,INFRATEL,25-Jan-2018,410,PE,0,0,0,17.15,49.35,0,0,0,0,19-DEC-2017,
OPTSTK,INFRATEL,25-Jan-2018,420,PE,0,0,0,20.55,57.95,0,0,0,0,19-DEC-2017,
OPTSTK,INFRATEL,25-Jan-2018,430,PE,0,0,0,24.4,66.9,0,0,0,0,19-DEC-2017,
OPTSTK,INFRATEL,25-Jan-2018,440,PE,0,0,0,28.65,76.1,0,0,0,0,19-DEC-2017,
OPTSTK,INFRATEL,25-Jan-2018,450,PE,0,0,0,33.3,85.55,0,0,0,0,19-DEC-2017,
OPTSTK,INFRATEL,25-Jan-2018,460,PE,0,0,0,38.35,95.15,0,0,0,0,19-DEC-2017,
OPTSTK,INFRATEL,25-Jan-2018,470,PE,0,0,0,43.8,104.85,0,0,0,0,19-DEC-2017,
OPTSTK,INFRATEL,25-Jan-2018,480,PE,0,0,0,49.65,114.65,0,0,0,0,19-DEC-2017,
OPTSTK,INFRATEL,25-Jan-2018,490,PE,0,0,0,55.8,124.5,0,0,0,0,19-DEC-2017,
OPTSTK,INFRATEL,25-Jan-2018,500,PE,0,0,0,62.3,134.35,0,0,0,0,19-DEC-2017,
OPTSTK,INFRATEL,25-Jan-2018,510,PE,0,0,0,69.15,144.25,0,0,0,0,19-DEC-2017,
OPTSTK,INFRATEL,25-Jan-2018,520,PE,0,0,0,76.3,154.15,0,0,0,0,19-DEC-2017,
OPTSTK,INFRATEL,25-Jan-2018,530,PE,0,0,0,83.75,164.1,0,0,0,0,19-DEC-2017,
OPTSTK,INFRATEL,25-Jan-2018,540,PE,0,0,0,91.4,174,0,0,0,0,19-DEC-2017,
OPTSTK,INFRATEL,25-Jan-2018,550,PE,0,0,0,99.3,183.95,0,0,0,0,19-DEC-2017,
OPTSTK,INFRATEL,25-Jan-2018,560,PE,0,0,0,107.45,193.9,0,0,0,0,19-DEC-2017,
OPTSTK,INFRATEL,22-Feb-2018,270,CE,0,0,0,118.85,96.25,0,0,0,0,19-DEC-2017,
OPTSTK,INFRATEL,22-Feb-2018,280,CE,0,0,0,109.65,86.85,0,0,0,0,19-DEC-2017,
OPTSTK,INFRATEL,22-Feb-2018,290,CE,0,0,0,100.65,77.7,0,0,0,0,19-DEC-2017,
OPTSTK,INFRATEL,22-Feb-2018,300,CE,0,0,0,91.95,68.9,0,0,0,0,19-DEC-2017,
OPTSTK,INFRATEL,22-Feb-2018,310,CE,0,0,0,83.6,60.5,0,0,0,0,19-DEC-2017,
OPTSTK,INFRATEL,22-Feb-2018,320,CE,0,0,0,75.6,52.65,0,0,0,0,19-DEC-2017,
OPTSTK,INFRATEL,22-Feb-2018,330,CE,0,0,0,68,45.3,0,0,0,0,19-DEC-2017,
OPTSTK,INFRATEL,22-Feb-2018,340,CE,0,0,0,60.85,38.6,0,0,0,0,19-DEC-2017,
OPTSTK,INFRATEL,22-Feb-2018,350,CE,0,0,0,54.2,32.55,0,0,0,0,19-DEC-2017,
OPTSTK,INFRATEL,22-Feb-2018,360,CE,0,0,0,48,27.15,0,0,0,0,19-DEC-2017,
OPTSTK,INFRATEL,22-Feb-2018,370,CE,0,0,0,42.3,22.4,0,0,0,0,19-DEC-2017,
OPTSTK,INFRATEL,22-Feb-2018,380,CE,0,0,0,37.1,18.3,0,0,0,0,19-DEC-2017,
OPTSTK,INFRATEL,22-Feb-2018,390,CE,0,0,0,32.4,14.85,0,0,0,0,19-DEC-2017,
OPTSTK,INFRATEL,22-Feb-2018,400,CE,0,0,0,28.15,11.9,0,0,0,0,19-DEC-2017,
OPTSTK,INFRATEL,22-Feb-2018,410,CE,0,0,0,24.35,9.45,0,0,0,0,19-DEC-2017,
OPTSTK,INFRATEL,22-Feb-2018,420,CE,0,0,0,20.95,7.45,0,0,0,0,19-DEC-2017,
OPTSTK,INFRATEL,22-Feb-2018,430,CE,0,0,0,17.95,5.8,0,0,0,0,19-DEC-2017,
OPTSTK,INFRATEL,22-Feb-2018,440,CE,0,0,0,15.35,4.5,0,0,0,0,19-DEC-2017,
OPTSTK,INFRATEL,22-Feb-2018,450,CE,0,0,0,13.1,3.45,0,0,0,0,19-DEC-2017,
OPTSTK,INFRATEL,22-Feb-2018,460,CE,0,0,0,11.1,2.65,0,0,0,0,19-DEC-2017,
OPTSTK,INFRATEL,22-Feb-2018,470,CE,0,0,0,9.4,2,0,0,0,0,19-DEC-2017,
OPTSTK,INFRATEL,22-Feb-2018,480,CE,0,0,0,7.9,1.5,0,0,0,0,19-DEC-2017,
OPTSTK,INFRATEL,22-Feb-2018,490,CE,0,0,0,6.65,1.15,0,0,0,0,19-DEC-2017,
OPTSTK,INFRATEL,22-Feb-2018,500,CE,0,0,0,5.55,0.85,0,0,0,0,19-DEC-2017,
OPTSTK,INFRATEL,22-Feb-2018,510,CE,0,0,0,4.65,0.65,0,0,0,0,19-DEC-2017,
OPTSTK,INFRATEL,22-Feb-2018,520,CE,0,0,0,3.85,0.45,0,0,0,0,19-DEC-2017,
OPTSTK,INFRATEL,22-Feb-2018,530,CE,0,0,0,3.2,0.35,0,0,0,0,19-DEC-2017,
OPTSTK,INFRATEL,22-Feb-2018,540,CE,0,0,0,2.65,0.25,0,0,0,0,19-DEC-2017,
OPTSTK,INFRATEL,22-Feb-2018,270,PE,0,0,0,1.25,0.65,0,0,0,0,19-DEC-2017,
OPTSTK,INFRATEL,22-Feb-2018,280,PE,0,0,0,1.85,1.15,0,0,0,0,19-DEC-2017,
OPTSTK,INFRATEL,22-Feb-2018,290,PE,0,0,0,2.75,1.9,0,0,0,0,19-DEC-2017,
OPTSTK,INFRATEL,22-Feb-2018,300,PE,0,0,0,3.9,3,0,0,0,0,19-DEC-2017,
OPTSTK,INFRATEL,22-Feb-2018,310,PE,0,0,0,5.35,4.5,0,0,0,0,19-DEC-2017,
OPTSTK,INFRATEL,22-Feb-2018,320,PE,0,0,0,7.25,6.5,0,0,0,0,19-DEC-2017,
OPTSTK,INFRATEL,22-Feb-2018,330,PE,0,0,0,9.5,9.05,0,0,0,0,19-DEC-2017,
OPTSTK,INFRATEL,22-Feb-2018,340,PE,0,0,0,12.2,12.2,0,0,0,0,19-DEC-2017,
OPTSTK,INFRATEL,22-Feb-2018,350,PE,0,0,0,15.4,16.05,0,0,0,0,19-DEC-2017,
OPTSTK,INFRATEL,22-Feb-2018,360,PE,0,0,0,19.05,20.55,0,0,0,0,19-DEC-2017,
OPTSTK,INFRATEL,22-Feb-2018,370,PE,0,0,0,23.2,25.7,0,0,0,0,19-DEC-2017,
OPTSTK,INFRATEL,22-Feb-2018,380,PE,0,0,0,27.85,31.5,0,0,0,0,19-DEC-2017,
OPTSTK,INFRATEL,22-Feb-2018,390,PE,0,0,0,33,37.9,0,0,0,0,19-DEC-2017,
OPTSTK,INFRATEL,22-Feb-2018,400,PE,0,0,0,38.6,44.85,0,0,0,0,19-DEC-2017,
OPTSTK,INFRATEL,22-Feb-2018,410,PE,0,0,0,44.65,52.3,0,0,0,0,19-DEC-2017,
OPTSTK,INFRATEL,22-Feb-2018,420,PE,0,0,0,51.15,60.15,0,0,0,0,19-DEC-2017,
OPTSTK,INFRATEL,22-Feb-2018,430,PE,0,0,0,58,68.4,0,0,0,0,19-DEC-2017,
OPTSTK,INFRATEL,22-Feb-2018,440,PE,0,0,0,65.25,77,0,0,0,0,19-DEC-2017,
OPTSTK,INFRATEL,22-Feb-2018,450,PE,0,0,0,72.85,85.85,0,0,0,0,19-DEC-2017,
OPTSTK,INFRATEL,22-Feb-2018,460,PE,0,0,0,80.7,94.9,0,0,0,0,19-DEC-2017,
OPTSTK,INFRATEL,22-Feb-2018,470,PE,0,0,0,88.8,104.15,0,0,0,0,19-DEC-2017,
OPTSTK,INFRATEL,22-Feb-2018,480,PE,0,0,0,97.2,113.55,0,0,0,0,19-DEC-2017,
OPTSTK,INFRATEL,22-Feb-2018,490,PE,0,0,0,105.8,123.05,0,0,0,0,19-DEC-2017,
OPTSTK,INFRATEL,22-Feb-2018,500,PE,0,0,0,114.55,132.65,0,0,0,0,19-DEC-2017,
OPTSTK,INFRATEL,22-Feb-2018,510,PE,0,0,0,123.5,142.3,0,0,0,0,19-DEC-2017,
OPTSTK,INFRATEL,22-Feb-2018,520,PE,0,0,0,132.6,152.05,0,0,0,0,19-DEC-2017,
OPTSTK,INFRATEL,22-Feb-2018,530,PE,0,0,0,141.8,161.8,0,0,0,0,19-DEC-2017,
OPTSTK,INFRATEL,22-Feb-2018,540,PE,0,0,0,151.1,171.6,0,0,0,0,19-DEC-2017,
OPTSTK,INFY,28-Dec-2017,680,CE,0,0,0,228,325.05,0,0,0,0,19-DEC-2017,
OPTSTK,INFY,28-Dec-2017,700,CE,0,0,0,209.2,305.05,0,0,0,0,19-DEC-2017,
OPTSTK,INFY,28-Dec-2017,720,CE,0,0,0,190.75,285.1,0,0,0,0,19-DEC-2017,
OPTSTK,INFY,28-Dec-2017,740,CE,0,0,0,172.85,265.1,0,0,0,0,19-DEC-2017,
OPTSTK,INFY,28-Dec-2017,760,CE,0,0,0,155.55,245.15,0,0,0,0,19-DEC-2017,
OPTSTK,INFY,28-Dec-2017,780,CE,0,0,0,138.95,225.2,0,0,0,0,19-DEC-2017,
OPTSTK,INFY,28-Dec-2017,800,CE,0,0,0,123.25,205.2,0,0,0,0,19-DEC-2017,
OPTSTK,INFY,28-Dec-2017,820,CE,0,0,0,108.5,185.25,0,0,0,0,19-DEC-2017,
OPTSTK,INFY,28-Dec-2017,840,CE,0,0,0,94.75,165.3,0,0,0,0,19-DEC-2017,
OPTSTK,INFY,28-Dec-2017,860,CE,0,0,0,82.1,145.3,0,0,0,0,19-DEC-2017,
OPTSTK,INFY,28-Dec-2017,880,CE,0,0,0,70.6,125.35,0,0,0,0,19-DEC-2017,
OPTSTK,INFY,28-Dec-2017,900,CE,0,0,0,101,105.4,0,0,3500,0,19-DEC-2017,
OPTSTK,INFY,28-Dec-2017,920,CE,81.05,81.05,81.05,81.05,81.05,1,5,5500,-500,19-DEC-2017,
OPTSTK,INFY,28-Dec-2017,940,CE,70.8,70.8,61.95,65,65,18,90.51,67500,-3000,19-DEC-2017,
OPTSTK,INFY,28-Dec-2017,960,CE,49,49,49,49,49,1,5.04,112500,-500,19-DEC-2017,
OPTSTK,INFY,28-Dec-2017,980,CE,35.3,37,26.55,30,30,71,359.15,177500,-4000,19-DEC-2017,
OPTSTK,INFY,28-Dec-2017,1000,CE,22.1,24.3,14.4,16.05,16.05,1342,6826.96,597000,17500,19-DEC-2017,
OPTSTK,INFY,28-Dec-2017,1020,CE,12.5,13.5,7.1,8.1,8.1,3819,19662.1,790000,215500,19-DEC-2017,
OPTSTK,INFY,28-Dec-2017,1040,CE,6.55,6.75,2.35,3.8,3.8,2867,14976.73,646000,55500,19-DEC-2017,
OPTSTK,INFY,28-Dec-2017,1060,CE,3.5,3.55,1.8,2,2,997,5296.04,464500,140000,19-DEC-2017,
OPTSTK,INFY,28-Dec-2017,1080,CE,2.1,2.1,1.05,1.25,1.25,538,2909.43,259000,33000,19-DEC-2017,
OPTSTK,INFY,28-Dec-2017,1100,CE,1.25,4.3,0.85,1,1,606,3337.36,705500,-13500,19-DEC-2017,
OPTSTK,INFY,28-Dec-2017,1120,CE,0.95,1.95,0.65,0.75,0.75,105,588.45,153500,13000,19-DEC-2017,
OPTSTK,INFY,28-Dec-2017,1140,CE,0.6,0.65,0.5,0.55,0.55,34,193.9,70000,-2000,19-DEC-2017,
OPTSTK,INFY,28-Dec-2017,1160,CE,0.3,0.3,0.3,0.3,0.3,1,5.8,20000,-500,19-DEC-2017,
OPTSTK,INFY,28-Dec-2017,1180,CE,0,0,0,0.25,0,0,0,2000,0,19-DEC-2017,
OPTSTK,INFY,28-Dec-2017,1200,CE,0.2,0.25,0.2,0.2,0.2,17,102.01,97500,-8000,19-DEC-2017,
OPTSTK,INFY,28-Dec-2017,1220,CE,0,0,0,1.85,0,0,0,0,0,19-DEC-2017,
OPTSTK,INFY,28-Dec-2017,1240,CE,0,0,0,0.2,0,0,0,500,0,19-DEC-2017,
OPTSTK,INFY,28-Dec-2017,1260,CE,0,0,0,0.15,0,0,0,500,0,19-DEC-2017,
OPTSTK,INFY,28-Dec-2017,680,PE,0,0,0,1.4,0,0,0,0,0,19-DEC-2017,
OPTSTK,INFY,28-Dec-2017,700,PE,0,0,0,0.5,0,0,0,1000,0,19-DEC-2017,
OPTSTK,INFY,28-Dec-2017,720,PE,0,0,0,3.55,0,0,0,0,0,19-DEC-2017,
OPTSTK,INFY,28-Dec-2017,740,PE,0,0,0,5.3,0,0,0,0,0,19-DEC-2017,
OPTSTK,INFY,28-Dec-2017,760,PE,0,0,0,7.7,0,0,0,0,0,19-DEC-2017,
OPTSTK,INFY,28-Dec-2017,780,PE,0,0,0,0.5,0,0,0,0,0,19-DEC-2017,
OPTSTK,INFY,28-Dec-2017,800,PE,0,0,0,0.55,0,0,0,21500,0,19-DEC-2017,
OPTSTK,INFY,28-Dec-2017,820,PE,0,0,0,0.55,0,0,0,20500,0,19-DEC-2017,
OPTSTK,INFY,28-Dec-2017,840,PE,0,0,0,0.65,0,0,0,16500,0,19-DEC-2017,
OPTSTK,INFY,28-Dec-2017,860,PE,0,0,0,0.5,0,0,0,53000,0,19-DEC-2017,
OPTSTK,INFY,28-Dec-2017,880,PE,0.9,0.9,0.9,0.9,0.9,1,4.4,80000,0,19-DEC-2017,
OPTSTK,INFY,28-Dec-2017,900,PE,0.95,0.95,0.6,0.7,0.7,34,153.12,287500,-9500,19-DEC-2017,
OPTSTK,INFY,28-Dec-2017,920,PE,1.1,1.25,0.85,0.95,0.95,128,589.46,154000,-32500,19-DEC-2017,
OPTSTK,INFY,28-Dec-2017,940,PE,1.55,1.8,1.2,1.4,1.4,405,1906.59,997500,-97000,19-DEC-2017,
OPTSTK,INFY,28-Dec-2017,960,PE,2.4,2.95,2.1,2.5,2.5,473,2276.52,509500,-50500,19-DEC-2017,
OPTSTK,INFY,28-Dec-2017,980,PE,4.2,6.35,3.9,5.35,5.35,1827,8998.98,447000,-44500,19-DEC-2017,
OPTSTK,INFY,28-Dec-2017,1000,PE,8.85,13.65,8.2,11.9,11.9,3025,15293.14,412000,-99500,19-DEC-2017,
OPTSTK,INFY,28-Dec-2017,1020,PE,18.75,25.95,16.75,23.15,23.15,970,5050.87,154500,-71000,19-DEC-2017,
OPTSTK,INFY,28-Dec-2017,1040,PE,33.25,41.25,30.3,38.75,38.75,64,344.51,33500,-14000,19-DEC-2017,
OPTSTK,INFY,28-Dec-2017,1060,PE,0,0,0,43,55.6,0,0,14000,0,19-DEC-2017,
OPTSTK,INFY,28-Dec-2017,1080,PE,0,0,0,59,74.7,0,0,1500,0,19-DEC-2017,
OPTSTK,INFY,28-Dec-2017,1100,PE,89.35,98,89.35,97.5,97.5,15,89.68,12500,-5500,19-DEC-2017,
OPTSTK,INFY,28-Dec-2017,1120,PE,0,0,0,213.05,114.35,0,0,0,0,19-DEC-2017,
OPTSTK,INFY,28-Dec-2017,1140,PE,0,0,0,154,134.3,0,0,500,0,19-DEC-2017,
OPTSTK,INFY,28-Dec-2017,1160,PE,0,0,0,249.95,154.25,0,0,0,0,19-DEC-2017,
OPTSTK,INFY,28-Dec-2017,1180,PE,0,0,0,184,174.25,0,0,21000,0,19-DEC-2017,
OPTSTK,INFY,28-Dec-2017,1200,PE,0,0,0,183,194.2,0,0,43500,0,19-DEC-2017,
OPTSTK,INFY,28-Dec-2017,1220,PE,0,0,0,306.85,214.15,0,0,0,0,19-DEC-2017,
OPTSTK,INFY,28-Dec-2017,1240,PE,0,0,0,255.9,234.15,0,0,500,0,19-DEC-2017,
OPTSTK,INFY,28-Dec-2017,1260,PE,0,0,0,345.5,254.1,0,0,0,0,19-DEC-2017,
OPTSTK,INFY,25-Jan-2018,680,CE,0,0,0,278.05,328.4,0,0,0,0,19-DEC-2017,
OPTSTK,INFY,25-Jan-2018,700,CE,0,0,0,258.45,308.5,0,0,0,0,19-DEC-2017,
OPTSTK,INFY,25-Jan-2018,720,CE,0,0,0,238.85,288.65,0,0,0,0,19-DEC-2017,
OPTSTK,INFY,25-Jan-2018,740,CE,0,0,0,219.35,268.8,0,0,0,0,19-DEC-2017,
OPTSTK,INFY,25-Jan-2018,760,CE,0,0,0,200.05,248.9,0,0,0,0,19-DEC-2017,
OPTSTK,INFY,25-Jan-2018,780,CE,0,0,0,181,229.05,0,0,0,0,19-DEC-2017,
OPTSTK,INFY,25-Jan-2018,800,CE,0,0,0,162.3,209.2,0,0,0,0,19-DEC-2017,
OPTSTK,INFY,25-Jan-2018,820,CE,0,0,0,144.15,189.35,0,0,0,0,19-DEC-2017,
OPTSTK,INFY,25-Jan-2018,840,CE,0,0,0,126.65,169.55,0,0,0,0,19-DEC-2017,
OPTSTK,INFY,25-Jan-2018,860,CE,0,0,0,110.05,149.9,0,0,0,0,19-DEC-2017,
OPTSTK,INFY,25-Jan-2018,880,CE,0,0,0,94.45,130.45,0,0,0,0,19-DEC-2017,
OPTSTK,INFY,25-Jan-2018,900,CE,0,0,0,80.05,111.45,0,0,0,0,19-DEC-2017,
OPTSTK,INFY,25-Jan-2018,920,CE,0,0,0,66.95,93.2,0,0,0,0,19-DEC-2017,
OPTSTK,INFY,25-Jan-2018,940,CE,0,0,0,64.1,76,0,0,1200,0,19-DEC-2017,
OPTSTK,INFY,25-Jan-2018,960,CE,0,0,0,45,60.3,0,0,0,0,19-DEC-2017,
OPTSTK,INFY,25-Jan-2018,980,CE,0,0,0,51.4,46.4,0,0,1800,0,19-DEC-2017,
OPTSTK,INFY,25-Jan-2018,1000,CE,42.4,42.4,38.65,40.1,40.1,12,74.88,120600,3000,19-DEC-2017,
OPTSTK,INFY,25-Jan-2018,1020,CE,32,32.35,29,29.85,29.85,13,81.91,12600,4800,19-DEC-2017,
OPTSTK,INFY,25-Jan-2018,1040,CE,27.7,30,22,23.25,23.25,34,216.97,51000,9000,19-DEC-2017,
OPTSTK,INFY,25-Jan-2018,1060,CE,20.2,20.2,16.1,16.2,16.2,13,84.03,9000,600,19-DEC-2017,
OPTSTK,INFY,25-Jan-2018,1080,CE,15.25,15.25,11.85,11.95,11.95,13,85.24,15600,600,19-DEC-2017,
OPTSTK,INFY,25-Jan-2018,1100,CE,10.7,10.7,8.5,8.5,8.5,25,166.42,50400,3000,19-DEC-2017,
OPTSTK,INFY,25-Jan-2018,1120,CE,0,0,0,11,2.75,0,0,600,0,19-DEC-2017,
OPTSTK,INFY,25-Jan-2018,1140,CE,5.25,5.25,4.5,4.7,4.7,34,233.56,56400,16200,19-DEC-2017,
OPTSTK,INFY,25-Jan-2018,1160,CE,0,0,0,5.5,0.9,0,0,600,0,19-DEC-2017,
OPTSTK,INFY,25-Jan-2018,1180,CE,0,0,0,1.95,0.5,0,0,0,0,19-DEC-2017,
OPTSTK,INFY,25-Jan-2018,1200,CE,0,0,0,1.4,0.25,0,0,0,0,19-DEC-2017,
OPTSTK,INFY,25-Jan-2018,1220,CE,0,0,0,0.95,0.15,0,0,0,0,19-DEC-2017,
OPTSTK,INFY,25-Jan-2018,1240,CE,0,0,0,0.65,0.1,0,0,0,0,19-DEC-2017,
OPTSTK,INFY,25-Jan-2018,1260,CE,0,0,0,0.45,0.05,0,0,0,0,19-DEC-2017,
OPTSTK,INFY,25-Jan-2018,680,PE,0,0,0,0.05,0,0,0,0,0,19-DEC-2017,
OPTSTK,INFY,25-Jan-2018,700,PE,0,0,0,0.1,0,0,0,0,0,19-DEC-2017,
OPTSTK,INFY,25-Jan-2018,720,PE,0,0,0,0.2,0,0,0,0,0,19-DEC-2017,
OPTSTK,INFY,25-Jan-2018,740,PE,0,0,0,0.4,0,0,0,0,0,19-DEC-2017,
OPTSTK,INFY,25-Jan-2018,760,PE,0,0,0,0.8,0,0,0,0,0,19-DEC-2017,
OPTSTK,INFY,25-Jan-2018,780,PE,0,0,0,1.4,0,0,0,0,0,19-DEC-2017,
OPTSTK,INFY,25-Jan-2018,800,PE,0,0,0,2.4,0.05,0,0,0,0,19-DEC-2017,
OPTSTK,INFY,25-Jan-2018,820,PE,0,0,0,3.9,0.05,0,0,0,0,19-DEC-2017,
OPTSTK,INFY,25-Jan-2018,840,PE,0,0,0,6.15,0.15,0,0,0,0,19-DEC-2017,
OPTSTK,INFY,25-Jan-2018,860,PE,0,0,0,9.2,0.35,0,0,0,0,19-DEC-2017,
OPTSTK,INFY,25-Jan-2018,880,PE,0,0,0,13.3,0.75,0,0,0,0,19-DEC-2017,
OPTSTK,INFY,25-Jan-2018,900,PE,0,0,0,10,1.65,0,0,1200,0,19-DEC-2017,
OPTSTK,INFY,25-Jan-2018,920,PE,0,0,0,10,3.25,0,0,600,0,19-DEC-2017,
OPTSTK,INFY,25-Jan-2018,940,PE,10.95,11,10.4,11,11,9,51.34,21000,1800,19-DEC-2017,
OPTSTK,INFY,25-Jan-2018,960,PE,15,16.15,14.8,15.4,15.4,19,111.18,22800,9000,19-DEC-2017,
OPTSTK,INFY,25-Jan-2018,980,PE,21,23,21,23,23,5,30.04,13200,2400,19-DEC-2017,
OPTSTK,INFY,25-Jan-2018,1000,PE,29,33,27.1,30,30,11,67.93,15600,5400,19-DEC-2017,
OPTSTK,INFY,25-Jan-2018,1020,PE,0,0,0,79,34.2,0,0,0,0,19-DEC-2017,
OPTSTK,INFY,25-Jan-2018,1040,PE,51,53,51,53,53,2,13.1,3000,1200,19-DEC-2017,
OPTSTK,INFY,25-Jan-2018,1060,PE,0,0,0,109.15,60.7,0,0,0,0,19-DEC-2017,
OPTSTK,INFY,25-Jan-2018,1080,PE,0,0,0,125.6,76.45,0,0,0,0,19-DEC-2017,
OPTSTK,INFY,25-Jan-2018,1100,PE,0,0,0,142.7,93.5,0,0,0,0,19-DEC-2017,
OPTSTK,INFY,25-Jan-2018,1120,PE,0,0,0,160.45,111.5,0,0,0,0,19-DEC-2017,
OPTSTK,INFY,25-Jan-2018,1140,PE,0,0,0,178.65,130.25,0,0,0,0,19-DEC-2017,
OPTSTK,INFY,25-Jan-2018,1160,PE,0,0,0,197.25,149.4,0,0,0,0,19-DEC-2017,
OPTSTK,INFY,25-Jan-2018,1180,PE,0,0,0,216.1,168.85,0,0,0,0,19-DEC-2017,
OPTSTK,INFY,25-Jan-2018,1200,PE,0,0,0,235.2,188.5,0,0,0,0,19-DEC-2017,
OPTSTK,INFY,25-Jan-2018,1220,PE,0,0,0,254.5,208.25,0,0,0,0,19-DEC-2017,
OPTSTK,INFY,25-Jan-2018,1240,PE,0,0,0,273.85,228.05,0,0,0,0,19-DEC-2017,
OPTSTK,INFY,25-Jan-2018,1260,PE,0,0,0,293.35,247.9,0,0,0,0,19-DEC-2017,
OPTSTK,INFY,22-Feb-2018,680,CE,0,0,0,306.05,331.7,0,0,0,0,19-DEC-2017,
OPTSTK,INFY,22-Feb-2018,700,CE,0,0,0,286.4,311.95,0,0,0,0,19-DEC-2017,
OPTSTK,INFY,22-Feb-2018,720,CE,0,0,0,266.8,292.2,0,0,0,0,19-DEC-2017,
OPTSTK,INFY,22-Feb-2018,740,CE,0,0,0,247.25,272.4,0,0,0,0,19-DEC-2017,
OPTSTK,INFY,22-Feb-2018,760,CE,0,0,0,227.8,252.65,0,0,0,0,19-DEC-2017,
OPTSTK,INFY,22-Feb-2018,780,CE,0,0,0,208.6,232.95,0,0,0,0,19-DEC-2017,
OPTSTK,INFY,22-Feb-2018,800,CE,0,0,0,189.65,213.3,0,0,0,0,19-DEC-2017,
OPTSTK,INFY,22-Feb-2018,820,CE,0,0,0,171.15,193.7,0,0,0,0,19-DEC-2017,
OPTSTK,INFY,22-Feb-2018,840,CE,0,0,0,153.15,174.35,0,0,0,0,19-DEC-2017,
OPTSTK,INFY,22-Feb-2018,860,CE,0,0,0,135.8,155.3,0,0,0,0,19-DEC-2017,
OPTSTK,INFY,22-Feb-2018,880,CE,0,0,0,119.3,136.75,0,0,0,0,19-DEC-2017,
OPTSTK,INFY,22-Feb-2018,900,CE,0,0,0,103.8,118.85,0,0,0,0,19-DEC-2017,
OPTSTK,INFY,22-Feb-2018,920,CE,0,0,0,89.3,101.8,0,0,0,0,19-DEC-2017,
OPTSTK,INFY,22-Feb-2018,940,CE,0,0,0,76.05,85.85,0,0,0,0,19-DEC-2017,
OPTSTK,INFY,22-Feb-2018,960,CE,0,0,0,64.05,71.2,0,0,0,0,19-DEC-2017,
OPTSTK,INFY,22-Feb-2018,980,CE,0,0,0,53.4,58.05,0,0,0,0,19-DEC-2017,
OPTSTK,INFY,22-Feb-2018,1000,CE,0,0,0,43.95,46.5,0,0,0,0,19-DEC-2017,
OPTSTK,INFY,22-Feb-2018,1020,CE,0,0,0,35.8,36.5,0,0,0,0,19-DEC-2017,
OPTSTK,INFY,22-Feb-2018,1040,CE,0,0,0,28.85,28.15,0,0,0,0,19-DEC-2017,
OPTSTK,INFY,22-Feb-2018,1060,CE,0,0,0,23,21.3,0,0,0,0,19-DEC-2017,
OPTSTK,INFY,22-Feb-2018,1080,CE,0,0,0,18.2,15.85,0,0,0,0,19-DEC-2017,
OPTSTK,INFY,22-Feb-2018,1100,CE,0,0,0,14.15,11.55,0,0,0,0,19-DEC-2017,
OPTSTK,INFY,22-Feb-2018,1120,CE,0,0,0,10.95,8.25,0,0,0,0,19-DEC-2017,
OPTSTK,INFY,22-Feb-2018,1140,CE,0,0,0,8.35,5.8,0,0,0,0,19-DEC-2017,
OPTSTK,INFY,22-Feb-2018,1160,CE,0,0,0,6.35,4,0,0,0,0,19-DEC-2017,
OPTSTK,INFY,22-Feb-2018,1180,CE,0,0,0,4.75,2.7,0,0,0,0,19-DEC-2017,
OPTSTK,INFY,22-Feb-2018,1200,CE,0,0,0,3.55,1.8,0,0,0,0,19-DEC-2017,
OPTSTK,INFY,22-Feb-2018,1220,CE,0,0,0,2.6,1.2,0,0,0,0,19-DEC-2017,
OPTSTK,INFY,22-Feb-2018,1240,CE,0,0,0,1.9,0.75,0,0,0,0,19-DEC-2017,
OPTSTK,INFY,22-Feb-2018,1260,CE,0,0,0,1.4,0.5,0,0,0,0,19-DEC-2017,
OPTSTK,INFY,22-Feb-2018,680,PE,0,0,0,0.05,0,0,0,0,0,19-DEC-2017,
OPTSTK,INFY,22-Feb-2018,700,PE,0,0,0,0.1,0,0,0,0,0,19-DEC-2017,
OPTSTK,INFY,22-Feb-2018,720,PE,0,0,0,0.2,0,0,0,0,0,19-DEC-2017,
OPTSTK,INFY,22-Feb-2018,740,PE,0,0,0,0.35,0.05,0,0,0,0,19-DEC-2017,
OPTSTK,INFY,22-Feb-2018,760,PE,0,0,0,0.65,0.05,0,0,0,0,19-DEC-2017,
OPTSTK,INFY,22-Feb-2018,780,PE,0,0,0,1.15,0.1,0,0,0,0,19-DEC-2017,
OPTSTK,INFY,22-Feb-2018,800,PE,0,0,0,1.9,0.2,0,0,0,0,19-DEC-2017,
OPTSTK,INFY,22-Feb-2018,820,PE,0,0,0,3.1,0.4,0,0,0,0,19-DEC-2017,
OPTSTK,INFY,22-Feb-2018,840,PE,0,0,0,4.8,0.85,0,0,0,0,19-DEC-2017,
OPTSTK,INFY,22-Feb-2018,860,PE,0,0,0,7.2,1.55,0,0,0,0,19-DEC-2017,
OPTSTK,INFY,22-Feb-2018,880,PE,0,0,0,10.4,2.75,0,0,0,0,19-DEC-2017,
OPTSTK,INFY,22-Feb-2018,900,PE,0,0,0,14.55,4.6,0,0,0,0,19-DEC-2017,
OPTSTK,INFY,22-Feb-2018,920,PE,0,0,0,19.8,7.35,0,0,0,0,19-DEC-2017,
OPTSTK,INFY,22-Feb-2018,940,PE,0,0,0,26.25,11.2,0,0,0,0,19-DEC-2017,
OPTSTK,INFY,22-Feb-2018,960,PE,0,0,0,34,16.3,0,0,0,0,19-DEC-2017,
OPTSTK,INFY,22-Feb-2018,980,PE,0,0,0,43,22.95,0,0,0,0,19-DEC-2017,
OPTSTK,INFY,22-Feb-2018,1000,PE,0,0,0,53.3,31.15,0,0,0,0,19-DEC-2017,
OPTSTK,INFY,22-Feb-2018,1020,PE,0,0,0,64.85,40.95,0,0,0,0,19-DEC-2017,
OPTSTK,INFY,22-Feb-2018,1040,PE,0,0,0,77.6,52.35,0,0,0,0,19-DEC-2017,
OPTSTK,INFY,22-Feb-2018,1060,PE,0,0,0,91.45,65.25,0,0,0,0,19-DEC-2017,
OPTSTK,INFY,22-Feb-2018,1080,PE,0,0,0,106.35,79.6,0,0,0,0,19-DEC-2017,
OPTSTK,INFY,22-Feb-2018,1100,PE,0,0,0,122.05,95.05,0,0,0,0,19-DEC-2017,
OPTSTK,INFY,22-Feb-2018,1120,PE,0,0,0,138.5,111.55,0,0,0,0,19-DEC-2017,
OPTSTK,INFY,22-Feb-2018,1140,PE,0,0,0,155.65,128.85,0,0,0,0,19-DEC-2017,
OPTSTK,INFY,22-Feb-2018,1160,PE,0,0,0,173.35,146.8,0,0,0,0,19-DEC-2017,
OPTSTK,INFY,22-Feb-2018,1180,PE,0,0,0,191.45,165.3,0,0,0,0,19-DEC-2017,
OPTSTK,INFY,22-Feb-2018,1200,PE,0,0,0,209.95,184.15,0,0,0,0,19-DEC-2017,
OPTSTK,INFY,22-Feb-2018,1220,PE,0,0,0,228.7,203.35,0,0,0,0,19-DEC-2017,
OPTSTK,INFY,22-Feb-2018,1240,PE,0,0,0,247.75,222.7,0,0,0,0,19-DEC-2017,
OPTSTK,INFY,22-Feb-2018,1260,PE,0,0,0,266.9,242.2,0,0,0,0,19-DEC-2017,
OPTSTK,IOC,28-Dec-2017,280,CE,0,0,0,122.1,130.35,0,0,0,0,19-DEC-2017,
OPTSTK,IOC,28-Dec-2017,290,CE,0,0,0,112.5,120.35,0,0,0,0,19-DEC-2017,
OPTSTK,IOC,28-Dec-2017,300,CE,0,0,0,103,110.4,0,0,0,0,19-DEC-2017,
OPTSTK,IOC,28-Dec-2017,310,CE,0,0,0,93.75,100.4,0,0,0,0,19-DEC-2017,
OPTSTK,IOC,28-Dec-2017,320,CE,0,0,0,84.75,90.4,0,0,0,0,19-DEC-2017,
OPTSTK,IOC,28-Dec-2017,330,CE,0,0,0,76.05,80.45,0,0,0,0,19-DEC-2017,
OPTSTK,IOC,28-Dec-2017,340,CE,0,0,0,67.75,70.45,0,0,0,0,19-DEC-2017,
OPTSTK,IOC,28-Dec-2017,350,CE,0,0,0,62,60.45,0,0,3000,0,19-DEC-2017,
OPTSTK,IOC,28-Dec-2017,360,CE,0,0,0,32.5,50.5,0,0,3000,0,19-DEC-2017,
OPTSTK,IOC,28-Dec-2017,370,CE,0,0,0,35.5,40.5,0,0,6000,0,19-DEC-2017,
OPTSTK,IOC,28-Dec-2017,380,CE,0,0,0,35,30.7,0,0,24000,0,19-DEC-2017,
OPTSTK,IOC,28-Dec-2017,390,CE,20.55,21,20.55,21,21,5,30.81,31500,-3000,19-DEC-2017,
OPTSTK,IOC,28-Dec-2017,400,CE,12.2,13.05,11.55,13.05,13.05,23,142.32,171000,-4500,19-DEC-2017,
OPTSTK,IOC,28-Dec-2017,410,CE,8.8,8.8,5.75,7,7,180,1125.48,262500,22500,19-DEC-2017,
OPTSTK,IOC,28-Dec-2017,420,CE,4.7,4.95,2.85,3.4,3.4,168,1067.18,465000,25500,19-DEC-2017,
OPTSTK,IOC,28-Dec-2017,430,CE,1.75,1.9,1.35,1.6,1.6,44,284.87,171000,18000,19-DEC-2017,
OPTSTK,IOC,28-Dec-2017,440,CE,0.9,0.95,0.7,0.85,0.85,26,171.91,214500,3000,19-DEC-2017,
OPTSTK,IOC,28-Dec-2017,450,CE,0.45,0.45,0.45,0.45,0.45,6,40.54,61500,0,19-DEC-2017,
OPTSTK,IOC,28-Dec-2017,460,CE,0,0,0,0.6,0.05,0,0,15000,0,19-DEC-2017,
OPTSTK,IOC,28-Dec-2017,470,CE,0,0,0,7.35,0,0,0,0,0,19-DEC-2017,
OPTSTK,IOC,28-Dec-2017,480,CE,0,0,0,5.9,0,0,0,0,0,19-DEC-2017,
OPTSTK,IOC,28-Dec-2017,490,CE,0,0,0,4.7,0,0,0,0,0,19-DEC-2017,
OPTSTK,IOC,28-Dec-2017,500,CE,0,0,0,3.7,0,0,0,0,0,19-DEC-2017,
OPTSTK,IOC,28-Dec-2017,510,CE,0,0,0,0.9,0,0,0,4500,0,19-DEC-2017,
OPTSTK,IOC,28-Dec-2017,520,CE,0,0,0,2.3,0,0,0,3000,0,19-DEC-2017,
OPTSTK,IOC,28-Dec-2017,530,CE,0,0,0,1.8,0,0,0,0,0,19-DEC-2017,
OPTSTK,IOC,28-Dec-2017,540,CE,0,0,0,1.4,0,0,0,0,0,19-DEC-2017,
OPTSTK,IOC,28-Dec-2017,280,PE,0,0,0,0.35,0,0,0,0,0,19-DEC-2017,
OPTSTK,IOC,28-Dec-2017,290,PE,0,0,0,0.55,0,0,0,0,0,19-DEC-2017,
OPTSTK,IOC,28-Dec-2017,300,PE,0,0,0,0.95,0,0,0,0,0,19-DEC-2017,
OPTSTK,IOC,28-Dec-2017,310,PE,0,0,0,1.55,0,0,0,0,0,19-DEC-2017,
OPTSTK,IOC,28-Dec-2017,320,PE,0,0,0,2.35,0,0,0,0,0,19-DEC-2017,
OPTSTK,IOC,28-Dec-2017,330,PE,0,0,0,3.5,0,0,0,0,0,19-DEC-2017,
OPTSTK,IOC,28-Dec-2017,340,PE,0,0,0,5.05,0,0,0,0,0,19-DEC-2017,
OPTSTK,IOC,28-Dec-2017,350,PE,0.05,0.05,0.05,0.05,0.05,1,5.25,97500,0,19-DEC-2017,
OPTSTK,IOC,28-Dec-2017,360,PE,0,0,0,0.15,0,0,0,96000,0,19-DEC-2017,
OPTSTK,IOC,28-Dec-2017,370,PE,0,0,0,0.4,0.05,0,0,100500,0,19-DEC-2017,
OPTSTK,IOC,28-Dec-2017,380,PE,0.45,0.55,0.3,0.35,0.35,26,148.37,147000,-6000,19-DEC-2017,
OPTSTK,IOC,28-Dec-2017,390,PE,1.35,1.35,0.8,0.9,0.9,46,269.87,195000,-21000,19-DEC-2017,
OPTSTK,IOC,28-Dec-2017,400,PE,2.9,3.45,2.3,2.4,2.4,73,441.27,202500,7500,19-DEC-2017,
OPTSTK,IOC,28-Dec-2017,410,PE,6.5,7.6,5.55,5.8,5.8,47,293.69,90000,18000,19-DEC-2017,
OPTSTK,IOC,28-Dec-2017,420,PE,12.65,13.5,12,12,12,7,45.45,19500,1500,19-DEC-2017,
OPTSTK,IOC,28-Dec-2017,430,PE,0,0,0,41.5,20.55,0,0,3000,0,19-DEC-2017,
OPTSTK,IOC,28-Dec-2017,440,PE,0,0,0,49.9,29.75,0,0,7500,0,19-DEC-2017,
OPTSTK,IOC,28-Dec-2017,450,PE,0,0,0,48,39.5,0,0,15000,0,19-DEC-2017,
OPTSTK,IOC,28-Dec-2017,460,PE,0,0,0,64.55,49.4,0,0,0,0,19-DEC-2017,
OPTSTK,IOC,28-Dec-2017,470,PE,0,0,0,72.65,59.4,0,0,0,0,19-DEC-2017,
OPTSTK,IOC,28-Dec-2017,480,PE,0,0,0,81,69.35,0,0,0,0,19-DEC-2017,
OPTSTK,IOC,28-Dec-2017,490,PE,0,0,0,89.65,79.35,0,0,0,0,19-DEC-2017,
OPTSTK,IOC,28-Dec-2017,500,PE,0,0,0,98.55,89.35,0,0,0,0,19-DEC-2017,
OPTSTK,IOC,28-Dec-2017,510,PE,0,0,0,107.6,99.35,0,0,0,0,19-DEC-2017,
OPTSTK,IOC,28-Dec-2017,520,PE,0,0,0,116.8,109.3,0,0,0,0,19-DEC-2017,
OPTSTK,IOC,28-Dec-2017,530,PE,0,0,0,126.15,119.3,0,0,0,0,19-DEC-2017,
OPTSTK,IOC,28-Dec-2017,540,PE,0,0,0,135.6,129.3,0,0,0,0,19-DEC-2017,
OPTSTK,IOC,25-Jan-2018,280,CE,0,0,0,160.95,131.75,0,0,0,0,19-DEC-2017,
OPTSTK,IOC,25-Jan-2018,290,CE,0,0,0,151.15,121.8,0,0,0,0,19-DEC-2017,
OPTSTK,IOC,25-Jan-2018,300,CE,0,0,0,141.4,111.85,0,0,0,0,19-DEC-2017,
OPTSTK,IOC,25-Jan-2018,310,CE,0,0,0,131.7,101.95,0,0,0,0,19-DEC-2017,
OPTSTK,IOC,25-Jan-2018,320,CE,0,0,0,122.1,92,0,0,0,0,19-DEC-2017,
OPTSTK,IOC,25-Jan-2018,330,CE,0,0,0,112.65,82.1,0,0,0,0,19-DEC-2017,
OPTSTK,IOC,25-Jan-2018,340,CE,0,0,0,103.35,72.25,0,0,0,0,19-DEC-2017,
OPTSTK,IOC,25-Jan-2018,350,CE,0,0,0,94.25,62.5,0,0,0,0,19-DEC-2017,
OPTSTK,IOC,25-Jan-2018,360,CE,0,0,0,85.45,52.95,0,0,0,0,19-DEC-2017,
OPTSTK,IOC,25-Jan-2018,370,CE,0,0,0,76.95,43.75,0,0,0,0,19-DEC-2017,
OPTSTK,IOC,25-Jan-2018,380,CE,0,0,0,68.9,35.15,0,0,0,0,19-DEC-2017,
OPTSTK,IOC,25-Jan-2018,390,CE,0,0,0,61.2,27.4,0,0,0,0,19-DEC-2017,
OPTSTK,IOC,25-Jan-2018,400,CE,17.85,17.85,17.85,17.85,17.85,2,12.53,54000,3000,19-DEC-2017,
OPTSTK,IOC,25-Jan-2018,410,CE,15,15,15,15,15,2,12.75,4500,3000,19-DEC-2017,
OPTSTK,IOC,25-Jan-2018,420,CE,9.5,9.5,9.5,9.5,9.5,1,6.44,24000,1500,19-DEC-2017,
OPTSTK,IOC,25-Jan-2018,430,CE,0,0,0,35.6,6.9,0,0,0,0,19-DEC-2017,
OPTSTK,IOC,25-Jan-2018,440,CE,0,0,0,30.55,4.45,0,0,0,0,19-DEC-2017,
OPTSTK,IOC,25-Jan-2018,450,CE,0,0,0,26.05,2.75,0,0,0,0,19-DEC-2017,
OPTSTK,IOC,25-Jan-2018,460,CE,0,0,0,22.05,1.65,0,0,0,0,19-DEC-2017,
OPTSTK,IOC,25-Jan-2018,470,CE,0,0,0,18.55,0.95,0,0,0,0,19-DEC-2017,
OPTSTK,IOC,25-Jan-2018,480,CE,0,0,0,15.5,0.5,0,0,0,0,19-DEC-2017,
OPTSTK,IOC,25-Jan-2018,490,CE,0,0,0,12.9,0.3,0,0,0,0,19-DEC-2017,
OPTSTK,IOC,25-Jan-2018,500,CE,0,0,0,10.65,0.15,0,0,0,0,19-DEC-2017,
OPTSTK,IOC,25-Jan-2018,510,CE,0,0,0,8.7,0.1,0,0,0,0,19-DEC-2017,
OPTSTK,IOC,25-Jan-2018,520,CE,0,0,0,7.1,0.05,0,0,0,0,19-DEC-2017,
OPTSTK,IOC,25-Jan-2018,530,CE,0,0,0,5.75,0.05,0,0,0,0,19-DEC-2017,
OPTSTK,IOC,25-Jan-2018,540,CE,0,0,0,4.65,0.05,0,0,0,0,19-DEC-2017,
OPTSTK,IOC,25-Jan-2018,280,PE,0,0,0,0.05,0,0,0,0,0,19-DEC-2017,
OPTSTK,IOC,25-Jan-2018,290,PE,0,0,0,0.1,0,0,0,0,0,19-DEC-2017,
OPTSTK,IOC,25-Jan-2018,300,PE,0,0,0,0.2,0,0,0,0,0,19-DEC-2017,
OPTSTK,IOC,25-Jan-2018,310,PE,0,0,0,0.35,0,0,0,0,0,19-DEC-2017,
OPTSTK,IOC,25-Jan-2018,320,PE,0,0,0,0.6,0.05,0,0,0,0,19-DEC-2017,
OPTSTK,IOC,25-Jan-2018,330,PE,0,0,0,0.95,0.05,0,0,0,0,19-DEC-2017,
OPTSTK,IOC,25-Jan-2018,340,PE,0,0,0,1.5,0.1,0,0,0,0,19-DEC-2017,
OPTSTK,IOC,25-Jan-2018,350,PE,0,0,0,2.25,0.3,0,0,0,0,19-DEC-2017,
OPTSTK,IOC,25-Jan-2018,360,PE,0,0,0,3.3,0.7,0,0,0,0,19-DEC-2017,
OPTSTK,IOC,25-Jan-2018,370,PE,0,0,0,8.4,1.45,0,0,18000,0,19-DEC-2017,
OPTSTK,IOC,25-Jan-2018,380,PE,0,0,0,6.4,2.8,0,0,0,0,19-DEC-2017,
OPTSTK,IOC,25-Jan-2018,390,PE,0,0,0,10.85,4.95,0,0,19500,0,19-DEC-2017,
OPTSTK,IOC,25-Jan-2018,400,PE,9.1,9.5,8.5,8.5,8.5,24,147.22,106500,36000,19-DEC-2017,
OPTSTK,IOC,25-Jan-2018,410,PE,12.4,12.4,12.4,12.4,12.4,2,12.67,3000,3000,19-DEC-2017,
OPTSTK,IOC,25-Jan-2018,420,PE,0,0,0,18.1,17.7,0,0,0,0,19-DEC-2017,
OPTSTK,IOC,25-Jan-2018,430,PE,0,0,0,22.35,24.2,0,0,0,0,19-DEC-2017,
OPTSTK,IOC,25-Jan-2018,440,PE,0,0,0,27.15,31.7,0,0,0,0,19-DEC-2017,
OPTSTK,IOC,25-Jan-2018,450,PE,0,0,0,32.5,39.9,0,0,0,0,19-DEC-2017,
OPTSTK,IOC,25-Jan-2018,460,PE,0,0,0,38.35,48.75,0,0,0,0,19-DEC-2017,
OPTSTK,IOC,25-Jan-2018,470,PE,0,0,0,44.65,58,0,0,0,0,19-DEC-2017,
OPTSTK,IOC,25-Jan-2018,480,PE,0,0,0,51.45,67.5,0,0,0,0,19-DEC-2017,
OPTSTK,IOC,25-Jan-2018,490,PE,0,0,0,58.7,77.2,0,0,0,0,19-DEC-2017,
OPTSTK,IOC,25-Jan-2018,500,PE,0,0,0,66.3,87,0,0,0,0,19-DEC-2017,
OPTSTK,IOC,25-Jan-2018,510,PE,0,0,0,74.2,96.85,0,0,0,0,19-DEC-2017,
OPTSTK,IOC,25-Jan-2018,520,PE,0,0,0,82.45,106.75,0,0,0,0,19-DEC-2017,
OPTSTK,IOC,25-Jan-2018,530,PE,0,0,0,90.95,116.7,0,0,0,0,19-DEC-2017,
OPTSTK,IOC,25-Jan-2018,540,PE,0,0,0,99.7,126.6,0,0,0,0,19-DEC-2017,
OPTSTK,IOC,22-Feb-2018,280,CE,0,0,0,117.6,133.1,0,0,0,0,19-DEC-2017,
OPTSTK,IOC,22-Feb-2018,290,CE,0,0,0,107.75,123.25,0,0,0,0,19-DEC-2017,
OPTSTK,IOC,22-Feb-2018,300,CE,0,0,0,97.95,113.35,0,0,0,0,19-DEC-2017,
OPTSTK,IOC,22-Feb-2018,310,CE,0,0,0,88.2,103.5,0,0,0,0,19-DEC-2017,
OPTSTK,IOC,22-Feb-2018,320,CE,0,0,0,78.55,93.7,0,0,0,0,19-DEC-2017,
OPTSTK,IOC,22-Feb-2018,330,CE,0,0,0,69.1,83.95,0,0,0,0,19-DEC-2017,
OPTSTK,IOC,22-Feb-2018,340,CE,0,0,0,59.95,74.4,0,0,0,0,19-DEC-2017,
OPTSTK,IOC,22-Feb-2018,350,CE,0,0,0,51.15,65.05,0,0,0,0,19-DEC-2017,
OPTSTK,IOC,22-Feb-2018,360,CE,0,0,0,42.9,56,0,0,0,0,19-DEC-2017,
OPTSTK,IOC,22-Feb-2018,370,CE,0,0,0,35.35,47.5,0,0,0,0,19-DEC-2017,
OPTSTK,IOC,22-Feb-2018,380,CE,0,0,0,28.55,39.55,0,0,0,0,19-DEC-2017,
OPTSTK,IOC,22-Feb-2018,390,CE,0,0,0,22.6,32.3,0,0,0,0,19-DEC-2017,
OPTSTK,IOC,22-Feb-2018,400,CE,0,0,0,17.5,25.85,0,0,0,0,19-DEC-2017,
OPTSTK,IOC,22-Feb-2018,410,CE,0,0,0,13.25,20.3,0,0,0,0,19-DEC-2017,
OPTSTK,IOC,22-Feb-2018,420,CE,0,0,0,9.85,15.6,0,0,0,0,19-DEC-2017,
OPTSTK,IOC,22-Feb-2018,430,CE,0,0,0,7.2,11.75,0,0,0,0,19-DEC-2017,
OPTSTK,IOC,22-Feb-2018,440,CE,0,0,0,5.15,8.65,0,0,0,0,19-DEC-2017,
OPTSTK,IOC,22-Feb-2018,450,CE,0,0,0,3.6,6.25,0,0,0,0,19-DEC-2017,
OPTSTK,IOC,22-Feb-2018,460,CE,0,0,0,2.45,4.45,0,0,0,0,19-DEC-2017,
OPTSTK,IOC,22-Feb-2018,470,CE,0,0,0,1.65,3.1,0,0,0,0,19-DEC-2017,
OPTSTK,IOC,22-Feb-2018,480,CE,0,0,0,1.1,2.1,0,0,0,0,19-DEC-2017,
OPTSTK,IOC,22-Feb-2018,490,CE,0,0,0,0.7,1.4,0,0,0,0,19-DEC-2017,
OPTSTK,IOC,22-Feb-2018,500,CE,0,0,0,0.45,0.95,0,0,0,0,19-DEC-2017,
OPTSTK,IOC,22-Feb-2018,510,CE,0,0,0,0.3,0.6,0,0,0,0,19-DEC-2017,
OPTSTK,IOC,22-Feb-2018,520,CE,0,0,0,0.2,0.4,0,0,0,0,19-DEC-2017,
OPTSTK,IOC,22-Feb-2018,530,CE,0,0,0,0.1,0.25,0,0,0,0,19-DEC-2017,
OPTSTK,IOC,22-Feb-2018,540,CE,0,0,0,0.1,0.15,0,0,0,0,19-DEC-2017,
OPTSTK,IOC,22-Feb-2018,280,PE,0,0,0,0.05,0,0,0,0,0,19-DEC-2017,
OPTSTK,IOC,22-Feb-2018,290,PE,0,0,0,0.05,0.05,0,0,0,0,19-DEC-2017,
OPTSTK,IOC,22-Feb-2018,300,PE,0,0,0,0.1,0.05,0,0,0,0,19-DEC-2017,
OPTSTK,IOC,22-Feb-2018,310,PE,0,0,0,0.2,0.05,0,0,0,0,19-DEC-2017,
OPTSTK,IOC,22-Feb-2018,320,PE,0,0,0,0.4,0.15,0,0,0,0,19-DEC-2017,
OPTSTK,IOC,22-Feb-2018,330,PE,0,0,0,0.8,0.3,0,0,0,0,19-DEC-2017,
OPTSTK,IOC,22-Feb-2018,340,PE,0,0,0,1.5,0.6,0,0,0,0,19-DEC-2017,
OPTSTK,IOC,22-Feb-2018,350,PE,0,0,0,2.55,1.15,0,0,0,0,19-DEC-2017,
OPTSTK,IOC,22-Feb-2018,360,PE,0,0,0,4.15,2,0,0,0,0,19-DEC-2017,
OPTSTK,IOC,22-Feb-2018,370,PE,0,0,0,6.45,3.35,0,0,0,0,19-DEC-2017,
OPTSTK,IOC,22-Feb-2018,380,PE,0,0,0,9.5,5.3,0,0,0,0,19-DEC-2017,
OPTSTK,IOC,22-Feb-2018,390,PE,0,0,0,13.4,7.95,0,0,0,0,19-DEC-2017,
OPTSTK,IOC,22-Feb-2018,400,PE,0,0,0,18.15,11.4,0,0,0,0,19-DEC-2017,
OPTSTK,IOC,22-Feb-2018,410,PE,0,0,0,23.8,15.75,0,0,0,0,19-DEC-2017,
OPTSTK,IOC,22-Feb-2018,420,PE,0,0,0,30.25,20.9,0,0,0,0,19-DEC-2017,
OPTSTK,IOC,22-Feb-2018,430,PE,0,0,0,37.45,26.95,0,0,0,0,19-DEC-2017,
OPTSTK,IOC,22-Feb-2018,440,PE,0,0,0,45.2,33.75,0,0,0,0,19-DEC-2017,
OPTSTK,IOC,22-Feb-2018,450,PE,0,0,0,53.55,41.25,0,0,0,0,19-DEC-2017,
OPTSTK,IOC,22-Feb-2018,460,PE,0,0,0,62.25,49.3,0,0,0,0,19-DEC-2017,
OPTSTK,IOC,22-Feb-2018,470,PE,0,0,0,71.3,57.8,0,0,0,0,19-DEC-2017,
OPTSTK,IOC,22-Feb-2018,480,PE,0,0,0,80.6,66.75,0,0,0,0,19-DEC-2017,
OPTSTK,IOC,22-Feb-2018,490,PE,0,0,0,90.1,75.9,0,0,0,0,19-DEC-2017,
OPTSTK,IOC,22-Feb-2018,500,PE,0,0,0,99.7,85.35,0,0,0,0,19-DEC-2017,
OPTSTK,IOC,22-Feb-2018,510,PE,0,0,0,109.35,94.9,0,0,0,0,19-DEC-2017,
OPTSTK,IOC,22-Feb-2018,520,PE,0,0,0,119.1,104.55,0,0,0,0,19-DEC-2017,
OPTSTK,IOC,22-Feb-2018,530,PE,0,0,0,128.9,114.3,0,0,0,0,19-DEC-2017,
OPTSTK,IOC,22-Feb-2018,540,PE,0,0,0,138.7,124.1,0,0,0,0,19-DEC-2017,
OPTSTK,IRB,28-Dec-2017,150,CE,0,0,0,75.05,78.05,0,0,0,0,19-DEC-2017,
OPTSTK,IRB,28-Dec-2017,155,CE,0,0,0,70.45,73.05,0,0,0,0,19-DEC-2017,
OPTSTK,IRB,28-Dec-2017,160,CE,0,0,0,65.95,68.05,0,0,0,0,19-DEC-2017,
OPTSTK,IRB,28-Dec-2017,165,CE,0,0,0,61.55,63.1,0,0,0,0,19-DEC-2017,
OPTSTK,IRB,28-Dec-2017,170,CE,0,0,0,57.3,58.1,0,0,0,0,19-DEC-2017,
OPTSTK,IRB,28-Dec-2017,175,CE,0,0,0,25.25,53.1,0,0,2500,0,19-DEC-2017,
OPTSTK,IRB,28-Dec-2017,180,CE,0,0,0,21.15,48.1,0,0,2500,0,19-DEC-2017,
OPTSTK,IRB,28-Dec-2017,185,CE,0,0,0,29,43.15,0,0,5000,0,19-DEC-2017,
OPTSTK,IRB,28-Dec-2017,190,CE,0,0,0,15.5,38.15,0,0,12500,0,19-DEC-2017,
OPTSTK,IRB,28-Dec-2017,195,CE,0,0,0,24.45,33.25,0,0,20000,0,19-DEC-2017,
OPTSTK,IRB,28-Dec-2017,200,CE,26.05,27,25.9,27,27,9,50.89,75000,-17500,19-DEC-2017,
OPTSTK,IRB,28-Dec-2017,205,CE,18.95,22.9,18.95,22.9,22.9,4,22.56,40000,-10000,19-DEC-2017,
OPTSTK,IRB,28-Dec-2017,210,CE,14.5,18,13,17.65,17.65,30,169.48,162500,-17500,19-DEC-2017,
OPTSTK,IRB,28-Dec-2017,215,CE,9.95,12.6,9.95,12.6,12.6,9,50.89,87500,0,19-DEC-2017,
OPTSTK,IRB,28-Dec-2017,220,CE,6.8,9.4,5.05,9.15,9.15,239,1356.33,370000,-65000,19-DEC-2017,
OPTSTK,IRB,28-Dec-2017,225,CE,4.2,6,3.2,5.75,5.75,209,1199.75,155000,-40000,19-DEC-2017,
OPTSTK,IRB,28-Dec-2017,230,CE,2.55,3.6,2,3.4,3.4,422,2456.82,460000,-102500,19-DEC-2017,
OPTSTK,IRB,28-Dec-2017,235,CE,1.4,2,1.05,1.9,1.9,55,325.42,142500,25000,19-DEC-2017,
OPTSTK,IRB,28-Dec-2017,240,CE,0.8,1.1,0.75,1.05,1.05,120,722.71,385000,62500,19-DEC-2017,
OPTSTK,IRB,28-Dec-2017,245,CE,0,0,0,0.65,1.9,0,0,22500,0,19-DEC-2017,
OPTSTK,IRB,28-Dec-2017,250,CE,0.5,0.55,0.4,0.55,0.55,21,131.5,345000,2500,19-DEC-2017,
OPTSTK,IRB,28-Dec-2017,255,CE,0,0,0,0.1,0.7,0,0,7500,0,19-DEC-2017,
OPTSTK,IRB,28-Dec-2017,260,CE,0.15,0.25,0.15,0.25,0.25,5,32.52,67500,-7500,19-DEC-2017,
OPTSTK,IRB,28-Dec-2017,265,CE,0,0,0,0.55,0.25,0,0,15000,0,19-DEC-2017,
OPTSTK,IRB,28-Dec-2017,270,CE,0,0,0,0.85,0.15,0,0,2500,0,19-DEC-2017,
OPTSTK,IRB,28-Dec-2017,275,CE,0,0,0,0.05,0.1,0,0,5000,0,19-DEC-2017,
OPTSTK,IRB,28-Dec-2017,280,CE,0,0,0,0.05,0.05,0,0,2500,0,19-DEC-2017,
OPTSTK,IRB,28-Dec-2017,285,CE,0,0,0,5.2,0.05,0,0,0,0,19-DEC-2017,
OPTSTK,IRB,28-Dec-2017,290,CE,0,0,0,4.6,0.05,0,0,0,0,19-DEC-2017,
OPTSTK,IRB,28-Dec-2017,295,CE,0,0,0,4,0,0,0,0,0,19-DEC-2017,
OPTSTK,IRB,28-Dec-2017,300,CE,0,0,0,0.05,0,0,0,100000,0,19-DEC-2017,
OPTSTK,IRB,28-Dec-2017,305,CE,0,0,0,3.1,0,0,0,0,0,19-DEC-2017,
OPTSTK,IRB,28-Dec-2017,310,CE,0,0,0,0.05,0,0,0,215000,0,19-DEC-2017,
OPTSTK,IRB,28-Dec-2017,150,PE,0,0,0,0.8,0,0,0,0,0,19-DEC-2017,
OPTSTK,IRB,28-Dec-2017,155,PE,0,0,0,1.15,0,0,0,0,0,19-DEC-2017,
OPTSTK,IRB,28-Dec-2017,160,PE,0,0,0,0.25,0,0,0,15000,0,19-DEC-2017,
OPTSTK,IRB,28-Dec-2017,165,PE,0,0,0,0.6,0,0,0,2500,0,19-DEC-2017,
OPTSTK,IRB,28-Dec-2017,170,PE,0,0,0,0.15,0,0,0,90000,0,19-DEC-2017,
OPTSTK,IRB,28-Dec-2017,175,PE,0,0,0,0.15,0,0,0,62500,0,19-DEC-2017,
OPTSTK,IRB,28-Dec-2017,180,PE,0.05,0.05,0.05,0.05,0.05,1,4.5,295000,-2500,19-DEC-2017,
OPTSTK,IRB,28-Dec-2017,185,PE,0.05,0.05,0.05,0.05,0.05,3,13.87,177500,-7500,19-DEC-2017,
OPTSTK,IRB,28-Dec-2017,190,PE,0.1,0.15,0.1,0.1,0.1,4,19.01,370000,-7500,19-DEC-2017,
OPTSTK,IRB,28-Dec-2017,195,PE,0.1,0.15,0.1,0.1,0.1,5,24.39,247500,-5000,19-DEC-2017,
OPTSTK,IRB,28-Dec-2017,200,PE,0.3,0.35,0.1,0.2,0.2,39,195.23,572500,-27500,19-DEC-2017,
OPTSTK,IRB,28-Dec-2017,205,PE,0.65,0.65,0.1,0.1,0.1,38,195.01,160000,-7500,19-DEC-2017,
OPTSTK,IRB,28-Dec-2017,210,PE,0.9,1.2,0.25,0.3,0.3,188,989.94,612500,37500,19-DEC-2017,
OPTSTK,IRB,28-Dec-2017,215,PE,2,2,0.6,0.7,0.7,70,378.39,287500,25000,19-DEC-2017,
OPTSTK,IRB,28-Dec-2017,220,PE,3.3,4.3,1.25,1.35,1.35,146,811.84,460000,107500,19-DEC-2017,
OPTSTK,IRB,28-Dec-2017,225,PE,6.2,6.2,2.85,2.95,2.95,31,177.47,80000,32500,19-DEC-2017,
OPTSTK,IRB,28-Dec-2017,230,PE,7.1,7.3,5.05,5.2,5.2,7,41.32,55000,-12500,19-DEC-2017,
OPTSTK,IRB,28-Dec-2017,235,PE,13.85,14.55,13.85,14.55,14.55,2,12.46,25000,-2500,19-DEC-2017,
OPTSTK,IRB,28-Dec-2017,240,PE,0,0,0,36,14.75,0,0,75000,0,19-DEC-2017,
OPTSTK,IRB,28-Dec-2017,245,PE,0,0,0,33.1,18.7,0,0,0,0,19-DEC-2017,
OPTSTK,IRB,28-Dec-2017,250,PE,26.55,26.55,23.4,23.4,23.4,4,27.51,40000,0,19-DEC-2017,
OPTSTK,IRB,28-Dec-2017,255,PE,0,0,0,40.05,27.5,0,0,0,0,19-DEC-2017,
OPTSTK,IRB,28-Dec-2017,260,PE,0,0,0,29.45,32.2,0,0,50000,0,19-DEC-2017,
OPTSTK,IRB,28-Dec-2017,265,PE,0,0,0,47.6,37.05,0,0,0,0,19-DEC-2017,
OPTSTK,IRB,28-Dec-2017,270,PE,0,0,0,51.5,41.9,0,0,0,0,19-DEC-2017,
OPTSTK,IRB,28-Dec-2017,275,PE,0,0,0,55.55,46.85,0,0,0,0,19-DEC-2017,
OPTSTK,IRB,28-Dec-2017,280,PE,0,0,0,59.65,51.8,0,0,0,0,19-DEC-2017,
OPTSTK,IRB,28-Dec-2017,285,PE,0,0,0,63.9,56.8,0,0,0,0,19-DEC-2017,
OPTSTK,IRB,28-Dec-2017,290,PE,0,0,0,68.15,61.8,0,0,0,0,19-DEC-2017,
OPTSTK,IRB,28-Dec-2017,295,PE,0,0,0,72.55,66.75,0,0,0,0,19-DEC-2017,
OPTSTK,IRB,28-Dec-2017,300,PE,0,0,0,76.95,71.75,0,0,0,0,19-DEC-2017,
OPTSTK,IRB,28-Dec-2017,305,PE,0,0,0,81.45,76.75,0,0,0,0,19-DEC-2017,
OPTSTK,IRB,28-Dec-2017,310,PE,0,0,0,85.95,81.75,0,0,0,0,19-DEC-2017,
OPTSTK,IRB,25-Jan-2018,150,CE,0,0,0,90.7,78.85,0,0,0,0,19-DEC-2017,
OPTSTK,IRB,25-Jan-2018,155,CE,0,0,0,85.95,73.9,0,0,0,0,19-DEC-2017,
OPTSTK,IRB,25-Jan-2018,160,CE,0,0,0,81.25,69,0,0,0,0,19-DEC-2017,
OPTSTK,IRB,25-Jan-2018,165,CE,0,0,0,76.6,64.1,0,0,0,0,19-DEC-2017,
OPTSTK,IRB,25-Jan-2018,170,CE,0,0,0,72.1,59.3,0,0,0,0,19-DEC-2017,
OPTSTK,IRB,25-Jan-2018,175,CE,0,0,0,67.65,54.55,0,0,0,0,19-DEC-2017,
OPTSTK,IRB,25-Jan-2018,180,CE,0,0,0,63.3,49.9,0,0,0,0,19-DEC-2017,
OPTSTK,IRB,25-Jan-2018,185,CE,0,0,0,59.1,45.4,0,0,0,0,19-DEC-2017,
OPTSTK,IRB,25-Jan-2018,190,CE,0,0,0,55,41.05,0,0,0,0,19-DEC-2017,
OPTSTK,IRB,25-Jan-2018,195,CE,0,0,0,51.05,36.85,0,0,0,0,19-DEC-2017,
OPTSTK,IRB,25-Jan-2018,200,CE,0,0,0,47.3,32.85,0,0,0,0,19-DEC-2017,
OPTSTK,IRB,25-Jan-2018,205,CE,0,0,0,22.65,29.1,0,0,2500,0,19-DEC-2017,
OPTSTK,IRB,25-Jan-2018,210,CE,0,0,0,16,25.6,0,0,2500,0,19-DEC-2017,
OPTSTK,IRB,25-Jan-2018,215,CE,16,16,16,16,16,1,5.77,0,-2500,19-DEC-2017,
OPTSTK,IRB,25-Jan-2018,220,CE,10.2,10.2,10.2,10.2,10.2,1,5.75,5000,0,19-DEC-2017,
OPTSTK,IRB,25-Jan-2018,225,CE,0,0,0,30.95,16.65,0,0,0,0,19-DEC-2017,
OPTSTK,IRB,25-Jan-2018,230,CE,7.8,7.8,7.8,7.8,7.8,1,5.94,5000,2500,19-DEC-2017,
OPTSTK,IRB,25-Jan-2018,235,CE,0,0,0,25.65,12.1,0,0,0,0,19-DEC-2017,
OPTSTK,IRB,25-Jan-2018,240,CE,4.9,6,4.9,5.8,5.8,4,24.55,10000,10000,19-DEC-2017,
OPTSTK,IRB,25-Jan-2018,245,CE,0,0,0,21.1,8.55,0,0,0,0,19-DEC-2017,
OPTSTK,IRB,25-Jan-2018,250,CE,0,0,0,19.05,7.1,0,0,0,0,19-DEC-2017,
OPTSTK,IRB,25-Jan-2018,255,CE,0,0,0,17.15,5.9,0,0,0,0,19-DEC-2017,
OPTSTK,IRB,25-Jan-2018,260,CE,0,0,0,15.45,4.85,0,0,0,0,19-DEC-2017,
OPTSTK,IRB,25-Jan-2018,265,CE,0,0,0,13.85,3.95,0,0,0,0,19-DEC-2017,
OPTSTK,IRB,25-Jan-2018,270,CE,0,0,0,12.4,3.2,0,0,0,0,19-DEC-2017,
OPTSTK,IRB,25-Jan-2018,275,CE,0,0,0,11.1,2.6,0,0,0,0,19-DEC-2017,
OPTSTK,IRB,25-Jan-2018,280,CE,0,0,0,9.95,2.1,0,0,0,0,19-DEC-2017,
OPTSTK,IRB,25-Jan-2018,285,CE,0,0,0,8.85,1.65,0,0,0,0,19-DEC-2017,
OPTSTK,IRB,25-Jan-2018,290,CE,0,0,0,7.9,1.35,0,0,0,0,19-DEC-2017,
OPTSTK,IRB,25-Jan-2018,295,CE,0,0,0,7,1.05,0,0,0,0,19-DEC-2017,
OPTSTK,IRB,25-Jan-2018,300,CE,0,0,0,1,0.85,0,0,2500,0,19-DEC-2017,
OPTSTK,IRB,25-Jan-2018,305,CE,0,0,0,5.5,0.65,0,0,0,0,19-DEC-2017,
OPTSTK,IRB,25-Jan-2018,310,CE,0,0,0,4.85,0.5,0,0,0,0,19-DEC-2017,
OPTSTK,IRB,25-Jan-2018,150,PE,0,0,0,0.4,0.05,0,0,0,0,19-DEC-2017,
OPTSTK,IRB,25-Jan-2018,155,PE,0,0,0,0.55,0.1,0,0,0,0,19-DEC-2017,
OPTSTK,IRB,25-Jan-2018,160,PE,0,0,0,0.8,0.15,0,0,0,0,19-DEC-2017,
OPTSTK,IRB,25-Jan-2018,165,PE,0,0,0,1.1,0.25,0,0,0,0,19-DEC-2017,
OPTSTK,IRB,25-Jan-2018,170,PE,0,0,0,1.45,0.4,0,0,0,0,19-DEC-2017,
OPTSTK,IRB,25-Jan-2018,175,PE,0,0,0,1.95,0.65,0,0,0,0,19-DEC-2017,
OPTSTK,IRB,25-Jan-2018,180,PE,0,0,0,2.5,0.95,0,0,0,0,19-DEC-2017,
OPTSTK,IRB,25-Jan-2018,185,PE,0,0,0,3.25,1.4,0,0,0,0,19-DEC-2017,
OPTSTK,IRB,25-Jan-2018,190,PE,0,0,0,2.5,2,0,0,2500,0,19-DEC-2017,
OPTSTK,IRB,25-Jan-2018,195,PE,0,0,0,5.05,2.75,0,0,0,0,19-DEC-2017,
OPTSTK,IRB,25-Jan-2018,200,PE,1.3,1.3,1.3,1.3,1.3,1,5.03,2500,2500,19-DEC-2017,
OPTSTK,IRB,25-Jan-2018,205,PE,0,0,0,7.5,4.95,0,0,0,0,19-DEC-2017,
OPTSTK,IRB,25-Jan-2018,210,PE,3,3,3,3,3,1,5.32,2500,2500,19-DEC-2017,
OPTSTK,IRB,25-Jan-2018,215,PE,0,0,0,10.6,8.15,0,0,0,0,19-DEC-2017,
OPTSTK,IRB,25-Jan-2018,220,PE,6.75,6.75,6.75,6.75,6.75,1,5.66,2500,2500,19-DEC-2017,
OPTSTK,IRB,25-Jan-2018,225,PE,0,0,0,14.45,12.4,0,0,0,0,19-DEC-2017,
OPTSTK,IRB,25-Jan-2018,230,PE,0,0,0,16.65,14.95,0,0,0,0,19-DEC-2017,
OPTSTK,IRB,25-Jan-2018,235,PE,0,0,0,19,17.75,0,0,0,0,19-DEC-2017,
OPTSTK,IRB,25-Jan-2018,240,PE,0,0,0,21.55,20.85,0,0,0,0,19-DEC-2017,
OPTSTK,IRB,25-Jan-2018,245,PE,0,0,0,24.3,24.15,0,0,0,0,19-DEC-2017,
OPTSTK,IRB,25-Jan-2018,250,PE,0,0,0,27.15,27.65,0,0,0,0,19-DEC-2017,
OPTSTK,IRB,25-Jan-2018,255,PE,0,0,0,30.2,31.4,0,0,0,0,19-DEC-2017,
OPTSTK,IRB,25-Jan-2018,260,PE,0,0,0,33.4,35.35,0,0,0,0,19-DEC-2017,
OPTSTK,IRB,25-Jan-2018,265,PE,0,0,0,36.75,39.4,0,0,0,0,19-DEC-2017,
OPTSTK,IRB,25-Jan-2018,270,PE,0,0,0,40.25,43.65,0,0,0,0,19-DEC-2017,
OPTSTK,IRB,25-Jan-2018,275,PE,0,0,0,43.85,48,0,0,0,0,19-DEC-2017,
OPTSTK,IRB,25-Jan-2018,280,PE,0,0,0,47.6,52.45,0,0,0,0,19-DEC-2017,
OPTSTK,IRB,25-Jan-2018,285,PE,0,0,0,51.45,57,0,0,0,0,19-DEC-2017,
OPTSTK,IRB,25-Jan-2018,290,PE,0,0,0,55.4,61.65,0,0,0,0,19-DEC-2017,
OPTSTK,IRB,25-Jan-2018,295,PE,0,0,0,59.4,66.35,0,0,0,0,19-DEC-2017,
OPTSTK,IRB,25-Jan-2018,300,PE,0,0,0,63.55,71.1,0,0,0,0,19-DEC-2017,
OPTSTK,IRB,25-Jan-2018,305,PE,0,0,0,67.75,75.85,0,0,0,0,19-DEC-2017,
OPTSTK,IRB,25-Jan-2018,310,PE,0,0,0,72.05,80.7,0,0,0,0,19-DEC-2017,
OPTSTK,IRB,22-Feb-2018,150,CE,0,0,0,81.95,79.85,0,0,0,0,19-DEC-2017,
OPTSTK,IRB,22-Feb-2018,155,CE,0,0,0,77.05,75.05,0,0,0,0,19-DEC-2017,
OPTSTK,IRB,22-Feb-2018,160,CE,0,0,0,72.15,70.35,0,0,0,0,19-DEC-2017,
OPTSTK,IRB,22-Feb-2018,165,CE,0,0,0,67.3,65.7,0,0,0,0,19-DEC-2017,
OPTSTK,IRB,22-Feb-2018,170,CE,0,0,0,62.45,61.2,0,0,0,0,19-DEC-2017,
OPTSTK,IRB,22-Feb-2018,175,CE,0,0,0,57.7,56.75,0,0,0,0,19-DEC-2017,
OPTSTK,IRB,22-Feb-2018,180,CE,0,0,0,53,52.45,0,0,0,0,19-DEC-2017,
OPTSTK,IRB,22-Feb-2018,185,CE,0,0,0,48.4,48.3,0,0,0,0,19-DEC-2017,
OPTSTK,IRB,22-Feb-2018,190,CE,0,0,0,43.9,44.35,0,0,0,0,19-DEC-2017,
OPTSTK,IRB,22-Feb-2018,195,CE,0,0,0,39.6,40.55,0,0,0,0,19-DEC-2017,
OPTSTK,IRB,22-Feb-2018,200,CE,0,0,0,35.45,36.9,0,0,0,0,19-DEC-2017,
OPTSTK,IRB,22-Feb-2018,205,CE,0,0,0,31.5,33.5,0,0,0,0,19-DEC-2017,
OPTSTK,IRB,22-Feb-2018,210,CE,0,0,0,27.8,30.25,0,0,0,0,19-DEC-2017,
OPTSTK,IRB,22-Feb-2018,215,CE,0,0,0,24.35,27.25,0,0,0,0,19-DEC-2017,
OPTSTK,IRB,22-Feb-2018,220,CE,0,0,0,21.15,24.45,0,0,0,0,19-DEC-2017,
OPTSTK,IRB,22-Feb-2018,225,CE,0,0,0,18.25,21.85,0,0,0,0,19-DEC-2017,
OPTSTK,IRB,22-Feb-2018,230,CE,0,0,0,15.6,19.5,0,0,0,0,19-DEC-2017,
OPTSTK,IRB,22-Feb-2018,235,CE,0,0,0,13.25,17.3,0,0,0,0,19-DEC-2017,
OPTSTK,IRB,22-Feb-2018,240,CE,0,0,0,11.2,15.3,0,0,0,0,19-DEC-2017,
OPTSTK,IRB,22-Feb-2018,245,CE,0,0,0,9.35,13.5,0,0,0,0,19-DEC-2017,
OPTSTK,IRB,22-Feb-2018,250,CE,0,0,0,7.8,11.9,0,0,0,0,19-DEC-2017,
OPTSTK,IRB,22-Feb-2018,255,CE,0,0,0,6.45,10.45,0,0,0,0,19-DEC-2017,
OPTSTK,IRB,22-Feb-2018,260,CE,0,0,0,5.3,9.15,0,0,0,0,19-DEC-2017,
OPTSTK,IRB,22-Feb-2018,265,CE,0,0,0,4.3,7.95,0,0,0,0,19-DEC-2017,
OPTSTK,IRB,22-Feb-2018,270,CE,0,0,0,3.5,6.95,0,0,0,0,19-DEC-2017,
OPTSTK,IRB,22-Feb-2018,275,CE,0,0,0,2.8,6,0,0,0,0,19-DEC-2017,
OPTSTK,IRB,22-Feb-2018,280,CE,0,0,0,2.25,5.2,0,0,0,0,19-DEC-2017,
OPTSTK,IRB,22-Feb-2018,285,CE,0,0,0,1.8,4.5,0,0,0,0,19-DEC-2017,
OPTSTK,IRB,22-Feb-2018,290,CE,0,0,0,1.4,3.9,0,0,0,0,19-DEC-2017,
OPTSTK,IRB,22-Feb-2018,295,CE,0,0,0,1.1,3.35,0,0,0,0,19-DEC-2017,
OPTSTK,IRB,22-Feb-2018,300,CE,0,0,0,0.85,2.85,0,0,0,0,19-DEC-2017,
OPTSTK,IRB,22-Feb-2018,305,CE,0,0,0,0.7,2.45,0,0,0,0,19-DEC-2017,
OPTSTK,IRB,22-Feb-2018,310,CE,0,0,0,0.55,2.1,0,0,0,0,19-DEC-2017,
OPTSTK,IRB,22-Feb-2018,150,PE,0,0,0,0.05,0.35,0,0,0,0,19-DEC-2017,
OPTSTK,IRB,22-Feb-2018,155,PE,0,0,0,0.05,0.5,0,0,0,0,19-DEC-2017,
OPTSTK,IRB,22-Feb-2018,160,PE,0,0,0,0.1,0.75,0,0,0,0,19-DEC-2017,
OPTSTK,IRB,22-Feb-2018,165,PE,0,0,0,0.15,1.05,0,0,0,0,19-DEC-2017,
OPTSTK,IRB,22-Feb-2018,170,PE,0,0,0,0.25,1.45,0,0,0,0,19-DEC-2017,
OPTSTK,IRB,22-Feb-2018,175,PE,0,0,0,0.4,1.95,0,0,0,0,19-DEC-2017,
OPTSTK,IRB,22-Feb-2018,180,PE,0,0,0,0.6,2.6,0,0,0,0,19-DEC-2017,
OPTSTK,IRB,22-Feb-2018,185,PE,0,0,0,0.95,3.4,0,0,0,0,19-DEC-2017,
OPTSTK,IRB,22-Feb-2018,190,PE,0,0,0,1.4,4.35,0,0,0,0,19-DEC-2017,
OPTSTK,IRB,22-Feb-2018,195,PE,0,0,0,2,5.5,0,0,0,0,19-DEC-2017,
OPTSTK,IRB,22-Feb-2018,200,PE,0,0,0,2.75,6.85,0,0,0,0,19-DEC-2017,
OPTSTK,IRB,22-Feb-2018,205,PE,0,0,0,3.75,8.35,0,0,0,0,19-DEC-2017,
OPTSTK,IRB,22-Feb-2018,210,PE,0,0,0,5,10.05,0,0,0,0,19-DEC-2017,
OPTSTK,IRB,22-Feb-2018,215,PE,0,0,0,6.45,12,0,0,0,0,19-DEC-2017,
OPTSTK,IRB,22-Feb-2018,220,PE,0,0,0,8.2,14.15,0,0,0,0,19-DEC-2017,
OPTSTK,IRB,22-Feb-2018,225,PE,0,0,0,10.2,16.5,0,0,0,0,19-DEC-2017,
OPTSTK,IRB,22-Feb-2018,230,PE,0,0,0,12.5,19.05,0,0,0,0,19-DEC-2017,
OPTSTK,IRB,22-Feb-2018,235,PE,0,0,0,15.1,21.85,0,0,0,0,19-DEC-2017,
OPTSTK,IRB,22-Feb-2018,240,PE,0,0,0,17.95,24.8,0,0,0,0,19-DEC-2017,
OPTSTK,IRB,22-Feb-2018,245,PE,0,0,0,21.05,27.95,0,0,0,0,19-DEC-2017,
OPTSTK,IRB,22-Feb-2018,250,PE,0,0,0,24.4,31.25,0,0,0,0,19-DEC-2017,
OPTSTK,IRB,22-Feb-2018,255,PE,0,0,0,27.95,34.7,0,0,0,0,19-DEC-2017,
OPTSTK,IRB,22-Feb-2018,260,PE,0,0,0,31.75,38.35,0,0,0,0,19-DEC-2017,
OPTSTK,IRB,22-Feb-2018,265,PE,0,0,0,35.7,42.15,0,0,0,0,19-DEC-2017,
OPTSTK,IRB,22-Feb-2018,270,PE,0,0,0,39.8,46.05,0,0,0,0,19-DEC-2017,
OPTSTK,IRB,22-Feb-2018,275,PE,0,0,0,44.05,50.1,0,0,0,0,19-DEC-2017,
OPTSTK,IRB,22-Feb-2018,280,PE,0,0,0,48.4,54.2,0,0,0,0,19-DEC-2017,
OPTSTK,IRB,22-Feb-2018,285,PE,0,0,0,52.9,58.45,0,0,0,0,19-DEC-2017,
OPTSTK,IRB,22-Feb-2018,290,PE,0,0,0,57.45,62.75,0,0,0,0,19-DEC-2017,
OPTSTK,IRB,22-Feb-2018,295,PE,0,0,0,62.05,67.15,0,0,0,0,19-DEC-2017,
OPTSTK,IRB,22-Feb-2018,300,PE,0,0,0,66.75,71.65,0,0,0,0,19-DEC-2017,
OPTSTK,IRB,22-Feb-2018,305,PE,0,0,0,71.5,76.15,0,0,0,0,19-DEC-2017,
OPTSTK,IRB,22-Feb-2018,310,PE,0,0,0,76.25,80.75,0,0,0,0,19-DEC-2017,
OPTSTK,ITC,28-Dec-2017,190,CE,0,0,0,74.6,74.55,0,0,0,0,19-DEC-2017,
OPTSTK,ITC,28-Dec-2017,200,CE,0,0,0,64.9,64.6,0,0,0,0,19-DEC-2017,
OPTSTK,ITC,28-Dec-2017,210,CE,0,0,0,55.35,54.6,0,0,0,0,19-DEC-2017,
OPTSTK,ITC,28-Dec-2017,220,CE,0,0,0,46.2,44.6,0,0,0,0,19-DEC-2017,
OPTSTK,ITC,28-Dec-2017,230,CE,0,0,0,36.4,34.65,0,0,7200,0,19-DEC-2017,
OPTSTK,ITC,28-Dec-2017,240,CE,0,0,0,26.45,24.65,0,0,33600,0,19-DEC-2017,
OPTSTK,ITC,28-Dec-2017,250,CE,15.1,15.3,14.1,15.2,15.2,16,101.66,232800,-9600,19-DEC-2017,
OPTSTK,ITC,28-Dec-2017,260,CE,6.25,6.8,5.3,6.05,6.05,631,4029.98,1766400,-112800,19-DEC-2017,
OPTSTK,ITC,28-Dec-2017,270,CE,1.65,1.95,1.3,1.45,1.45,1770,11534.24,6720000,369600,19-DEC-2017,
OPTSTK,ITC,28-Dec-2017,280,CE,0.7,0.75,0.45,0.55,0.55,704,4740.6,3441600,216000,19-DEC-2017,
OPTSTK,ITC,28-Dec-2017,290,CE,0.4,0.4,0.25,0.35,0.35,284,1978.87,1540800,307200,19-DEC-2017,
OPTSTK,ITC,28-Dec-2017,300,CE,0.25,0.25,0.2,0.2,0.2,143,1030.3,1982400,40800,19-DEC-2017,
OPTSTK,ITC,28-Dec-2017,310,CE,0,0,0,0.2,0,0,0,88800,0,19-DEC-2017,
OPTSTK,ITC,28-Dec-2017,320,CE,0.15,0.15,0.1,0.15,0.15,10,76.83,237600,-2400,19-DEC-2017,
OPTSTK,ITC,28-Dec-2017,330,CE,0,0,0,0.95,0,0,0,0,0,19-DEC-2017,
OPTSTK,ITC,28-Dec-2017,340,CE,0,0,0,0.55,0,0,0,0,0,19-DEC-2017,
OPTSTK,ITC,28-Dec-2017,350,CE,0,0,0,0.35,0,0,0,0,0,19-DEC-2017,
OPTSTK,ITC,28-Dec-2017,360,CE,0,0,0,0.1,0,0,0,0,0,19-DEC-2017,
OPTSTK,ITC,28-Dec-2017,370,CE,0.1,0.1,0.1,0.1,0.1,1,8.88,4800,0,19-DEC-2017,
OPTSTK,ITC,28-Dec-2017,380,CE,0,0,0,0.1,0,0,0,2400,0,19-DEC-2017,
OPTSTK,ITC,28-Dec-2017,190,PE,0,0,0,0.1,0,0,0,0,0,19-DEC-2017,
OPTSTK,ITC,28-Dec-2017,200,PE,0.05,0.05,0.05,0.05,0.05,1,4.8,2400,-2400,19-DEC-2017,
OPTSTK,ITC,28-Dec-2017,210,PE,0,0,0,0.55,0,0,0,0,0,19-DEC-2017,
OPTSTK,ITC,28-Dec-2017,220,PE,0,0,0,0.1,0,0,0,24000,0,19-DEC-2017,
OPTSTK,ITC,28-Dec-2017,230,PE,0,0,0,0.15,0,0,0,213600,0,19-DEC-2017,
OPTSTK,ITC,28-Dec-2017,240,PE,0.2,0.2,0.15,0.2,0.2,19,109.52,792000,-21600,19-DEC-2017,
OPTSTK,ITC,28-Dec-2017,250,PE,0.3,0.35,0.25,0.25,0.25,179,1075.28,1980000,2400,19-DEC-2017,
OPTSTK,ITC,28-Dec-2017,260,PE,1.35,1.6,1.05,1.1,1.1,726,4553.7,1723200,-124800,19-DEC-2017,
OPTSTK,ITC,28-Dec-2017,270,PE,6.85,7.2,6.1,6.3,6.3,83,550.94,799200,-2400,19-DEC-2017,
OPTSTK,ITC,28-Dec-2017,280,PE,15.75,16.2,15,15,15,6,42.57,386400,-9600,19-DEC-2017,
OPTSTK,ITC,28-Dec-2017,290,PE,0,0,0,23.5,25.35,0,0,129600,0,19-DEC-2017,
OPTSTK,ITC,28-Dec-2017,300,PE,35,35,35,35,35,5,40.2,117600,-9600,19-DEC-2017,
OPTSTK,ITC,28-Dec-2017,310,PE,0,0,0,57.05,45.3,0,0,26400,0,19-DEC-2017,
OPTSTK,ITC,28-Dec-2017,320,PE,0,0,0,61.7,55.25,0,0,292800,0,19-DEC-2017,
OPTSTK,ITC,28-Dec-2017,330,PE,0,0,0,71.3,65.25,0,0,124800,0,19-DEC-2017,
OPTSTK,ITC,28-Dec-2017,340,PE,0,0,0,73.75,75.25,0,0,0,0,19-DEC-2017,
OPTSTK,ITC,28-Dec-2017,350,PE,0,0,0,83.35,85.25,0,0,0,0,19-DEC-2017,
OPTSTK,ITC,28-Dec-2017,360,PE,0,0,0,93.05,95.2,0,0,0,0,19-DEC-2017,
OPTSTK,ITC,28-Dec-2017,370,PE,0,0,0,102.8,105.2,0,0,0,0,19-DEC-2017,
OPTSTK,ITC,28-Dec-2017,380,PE,0,0,0,124,115.2,0,0,9600,0,19-DEC-2017,
OPTSTK,ITC,25-Jan-2018,190,CE,0,0,0,81.4,75.5,0,0,0,0,19-DEC-2017,
OPTSTK,ITC,25-Jan-2018,200,CE,0,0,0,71.55,65.55,0,0,0,0,19-DEC-2017,
OPTSTK,ITC,25-Jan-2018,210,CE,0,0,0,61.75,55.65,0,0,0,0,19-DEC-2017,
OPTSTK,ITC,25-Jan-2018,220,CE,0,0,0,52,45.75,0,0,0,0,19-DEC-2017,
OPTSTK,ITC,25-Jan-2018,230,CE,0,0,0,42.45,35.9,0,0,0,0,19-DEC-2017,
OPTSTK,ITC,25-Jan-2018,240,CE,0,0,0,33.35,26.5,0,0,0,0,19-DEC-2017,
OPTSTK,ITC,25-Jan-2018,250,CE,18,18,18,18,18,5,32.16,14400,12000,19-DEC-2017,
OPTSTK,ITC,25-Jan-2018,260,CE,10.8,10.8,10.2,10.45,10.45,7,45.44,165600,7200,19-DEC-2017,
OPTSTK,ITC,25-Jan-2018,270,CE,6,6,5.5,5.7,5.7,57,377.09,309600,64800,19-DEC-2017,
OPTSTK,ITC,25-Jan-2018,280,CE,3.35,3.35,2.85,3,3,101,686.02,345600,206400,19-DEC-2017,
OPTSTK,ITC,25-Jan-2018,290,CE,1.85,1.9,1.75,1.9,1.9,14,98.06,664800,12000,19-DEC-2017,
OPTSTK,ITC,25-Jan-2018,300,CE,1.25,1.25,1.1,1.2,1.2,10,72.28,240000,19200,19-DEC-2017,
OPTSTK,ITC,25-Jan-2018,310,CE,0.3,0.65,0.3,0.65,0.65,3,22.35,2400,2400,19-DEC-2017,
OPTSTK,ITC,25-Jan-2018,320,CE,0,0,0,0.15,0.05,0,0,2400,0,19-DEC-2017,
OPTSTK,ITC,25-Jan-2018,330,CE,0,0,0,0.35,0.05,0,0,0,0,19-DEC-2017,
OPTSTK,ITC,25-Jan-2018,340,CE,0,0,0,0.15,0,0,0,0,0,19-DEC-2017,
OPTSTK,ITC,25-Jan-2018,350,CE,0,0,0,0.1,0,0,0,0,0,19-DEC-2017,
OPTSTK,ITC,25-Jan-2018,360,CE,0,0,0,0.05,0,0,0,0,0,19-DEC-2017,
OPTSTK,ITC,25-Jan-2018,370,CE,0,0,0,0.05,0,0,0,0,0,19-DEC-2017,
OPTSTK,ITC,25-Jan-2018,380,CE,0,0,0,0.05,0,0,0,0,0,19-DEC-2017,
OPTSTK,ITC,25-Jan-2018,190,PE,0,0,0,0.05,0,0,0,0,0,19-DEC-2017,
OPTSTK,ITC,25-Jan-2018,200,PE,0,0,0,0.05,0,0,0,0,0,19-DEC-2017,
OPTSTK,ITC,25-Jan-2018,210,PE,0,0,0,0.05,0,0,0,0,0,19-DEC-2017,
OPTSTK,ITC,25-Jan-2018,220,PE,0,0,0,0.15,0.05,0,0,0,0,19-DEC-2017,
OPTSTK,ITC,25-Jan-2018,230,PE,0,0,0,0.45,0.15,0,0,0,0,19-DEC-2017,
OPTSTK,ITC,25-Jan-2018,240,PE,0,0,0,1.4,0.65,0,0,2400,0,19-DEC-2017,
OPTSTK,ITC,25-Jan-2018,250,PE,2,2,2,2,2,2,12.09,67200,0,19-DEC-2017,
OPTSTK,ITC,25-Jan-2018,260,PE,4.35,4.95,4.3,4.4,4.4,29,184.18,88800,14400,19-DEC-2017,
OPTSTK,ITC,25-Jan-2018,270,PE,0,0,0,10,9.9,0,0,19200,0,19-DEC-2017,
OPTSTK,ITC,25-Jan-2018,280,PE,16.75,17,16.75,17,17,5,35.62,50400,12000,19-DEC-2017,
OPTSTK,ITC,25-Jan-2018,290,PE,0,0,0,25.5,25.05,0,0,4800,0,19-DEC-2017,
OPTSTK,ITC,25-Jan-2018,300,PE,0,0,0,29.45,34.25,0,0,0,0,19-DEC-2017,
OPTSTK,ITC,25-Jan-2018,310,PE,0,0,0,38.1,43.9,0,0,0,0,19-DEC-2017,
OPTSTK,ITC,25-Jan-2018,320,PE,0,0,0,47.25,53.7,0,0,0,0,19-DEC-2017,
OPTSTK,ITC,25-Jan-2018,330,PE,0,0,0,56.75,63.65,0,0,0,0,19-DEC-2017,
OPTSTK,ITC,25-Jan-2018,340,PE,0,0,0,66.45,73.55,0,0,0,0,19-DEC-2017,
OPTSTK,ITC,25-Jan-2018,350,PE,0,0,0,76.2,83.5,0,0,0,0,19-DEC-2017,
OPTSTK,ITC,25-Jan-2018,360,PE,0,0,0,86,93.45,0,0,0,0,19-DEC-2017,
OPTSTK,ITC,25-Jan-2018,370,PE,0,0,0,95.85,103.35,0,0,0,0,19-DEC-2017,
OPTSTK,ITC,25-Jan-2018,380,PE,0,0,0,105.65,113.3,0,0,0,0,19-DEC-2017,
OPTSTK,ITC,22-Feb-2018,190,CE,0,0,0,68.85,76.45,0,0,0,0,19-DEC-2017,
OPTSTK,ITC,22-Feb-2018,200,CE,0,0,0,59,66.55,0,0,0,0,19-DEC-2017,
OPTSTK,ITC,22-Feb-2018,210,CE,0,0,0,49.2,56.7,0,0,0,0,19-DEC-2017,
OPTSTK,ITC,22-Feb-2018,220,CE,0,0,0,39.5,46.95,0,0,0,0,19-DEC-2017,
OPTSTK,ITC,22-Feb-2018,230,CE,0,0,0,30.15,37.5,0,0,0,0,19-DEC-2017,
OPTSTK,ITC,22-Feb-2018,240,CE,0,0,0,21.65,28.6,0,0,0,0,19-DEC-2017,
OPTSTK,ITC,22-Feb-2018,250,CE,0,0,0,14.4,20.65,0,0,0,0,19-DEC-2017,
OPTSTK,ITC,22-Feb-2018,260,CE,0,0,0,11,14.05,0,0,2400,0,19-DEC-2017,
OPTSTK,ITC,22-Feb-2018,270,CE,0,0,0,4.9,8.9,0,0,0,0,19-DEC-2017,
OPTSTK,ITC,22-Feb-2018,280,CE,0,0,0,2.5,5.3,0,0,0,0,19-DEC-2017,
OPTSTK,ITC,22-Feb-2018,290,CE,0,0,0,1.15,2.95,0,0,0,0,19-DEC-2017,
OPTSTK,ITC,22-Feb-2018,300,CE,0,0,0,1.6,1.55,0,0,2400,0,19-DEC-2017,
OPTSTK,ITC,22-Feb-2018,310,CE,0,0,0,0.2,0.75,0,0,0,0,19-DEC-2017,
OPTSTK,ITC,22-Feb-2018,320,CE,0,0,0,0.1,0.35,0,0,0,0,19-DEC-2017,
OPTSTK,ITC,22-Feb-2018,330,CE,0,0,0,0.05,0.15,0,0,0,0,19-DEC-2017,
OPTSTK,ITC,22-Feb-2018,340,CE,0,0,0,0.05,0.1,0,0,0,0,19-DEC-2017,
OPTSTK,ITC,22-Feb-2018,350,CE,0,0,0,0.05,0.05,0,0,0,0,19-DEC-2017,
OPTSTK,ITC,22-Feb-2018,360,CE,0,0,0,0.05,0.05,0,0,0,0,19-DEC-2017,
OPTSTK,ITC,22-Feb-2018,370,CE,0,0,0,0.05,0,0,0,0,0,19-DEC-2017,
OPTSTK,ITC,22-Feb-2018,380,CE,0,0,0,0.05,0,0,0,0,0,19-DEC-2017,
OPTSTK,ITC,22-Feb-2018,190,PE,0,0,0,0.05,0,0,0,0,0,19-DEC-2017,
OPTSTK,ITC,22-Feb-2018,200,PE,0,0,0,0.05,0.05,0,0,0,0,19-DEC-2017,
OPTSTK,ITC,22-Feb-2018,210,PE,0,0,0,0.05,0.05,0,0,0,0,19-DEC-2017,
OPTSTK,ITC,22-Feb-2018,220,PE,0,0,0,0.25,0.2,0,0,0,0,19-DEC-2017,
OPTSTK,ITC,22-Feb-2018,230,PE,0,0,0,3.1,0.6,0,0,12000,0,19-DEC-2017,
OPTSTK,ITC,22-Feb-2018,240,PE,0,0,0,2.1,1.6,0,0,0,0,19-DEC-2017,
OPTSTK,ITC,22-Feb-2018,250,PE,0,0,0,4.4,3.55,0,0,2400,0,19-DEC-2017,
OPTSTK,ITC,22-Feb-2018,260,PE,0,0,0,8.95,6.8,0,0,0,0,19-DEC-2017,
OPTSTK,ITC,22-Feb-2018,270,PE,0,0,0,14.9,11.6,0,0,0,0,19-DEC-2017,
OPTSTK,ITC,22-Feb-2018,280,PE,0,0,0,22.35,17.85,0,0,0,0,19-DEC-2017,
OPTSTK,ITC,22-Feb-2018,290,PE,0,0,0,30.9,25.4,0,0,0,0,19-DEC-2017,
OPTSTK,ITC,22-Feb-2018,300,PE,0,0,0,40.1,33.85,0,0,0,0,19-DEC-2017,
OPTSTK,ITC,22-Feb-2018,310,PE,0,0,0,49.65,42.95,0,0,0,0,19-DEC-2017,
OPTSTK,ITC,22-Feb-2018,320,PE,0,0,0,59.35,52.45,0,0,0,0,19-DEC-2017,
OPTSTK,ITC,22-Feb-2018,330,PE,0,0,0,69.2,62.15,0,0,0,0,19-DEC-2017,
OPTSTK,ITC,22-Feb-2018,340,PE,0,0,0,79,71.95,0,0,0,0,19-DEC-2017,
OPTSTK,ITC,22-Feb-2018,350,PE,0,0,0,88.85,81.8,0,0,0,0,19-DEC-2017,
OPTSTK,ITC,22-Feb-2018,360,PE,0,0,0,98.7,91.65,0,0,0,0,19-DEC-2017,
OPTSTK,ITC,22-Feb-2018,370,PE,0,0,0,108.6,101.55,0,0,0,0,19-DEC-2017,
OPTSTK,ITC,22-Feb-2018,380,PE,0,0,0,118.45,111.45,0,0,0,0,19-DEC-2017,
OPTSTK,JETAIRWAYS,28-Dec-2017,340,CE,0,0,0,146.5,380.95,0,0,0,0,19-DEC-2017,
OPTSTK,JETAIRWAYS,28-Dec-2017,360,CE,0,0,0,128.7,361,0,0,0,0,19-DEC-2017,
OPTSTK,JETAIRWAYS,28-Dec-2017,380,CE,0,0,0,111.8,341,0,0,0,0,19-DEC-2017,
OPTSTK,JETAIRWAYS,28-Dec-2017,400,CE,0,0,0,96.05,321.05,0,0,0,0,19-DEC-2017,
OPTSTK,JETAIRWAYS,28-Dec-2017,420,CE,0,0,0,81.6,301.05,0,0,0,0,19-DEC-2017,
OPTSTK,JETAIRWAYS,28-Dec-2017,440,CE,0,0,0,68.55,281.1,0,0,0,0,19-DEC-2017,
OPTSTK,JETAIRWAYS,28-Dec-2017,460,CE,0,0,0,57,261.15,0,0,0,0,19-DEC-2017,
OPTSTK,JETAIRWAYS,28-Dec-2017,480,CE,0,0,0,46.85,241.15,0,0,0,0,19-DEC-2017,
OPTSTK,JETAIRWAYS,28-Dec-2017,500,CE,0,0,0,38.2,221.2,0,0,0,0,19-DEC-2017,
OPTSTK,JETAIRWAYS,28-Dec-2017,520,CE,0,0,0,30.8,201.25,0,0,0,0,19-DEC-2017,
OPTSTK,JETAIRWAYS,28-Dec-2017,540,CE,0,0,0,24.65,181.25,0,0,0,0,19-DEC-2017,
OPTSTK,JETAIRWAYS,28-Dec-2017,560,CE,0,0,0,71,161.35,0,0,3600,0,19-DEC-2017,
OPTSTK,JETAIRWAYS,28-Dec-2017,580,CE,0,0,0,58.5,141.5,0,0,0,0,19-DEC-2017,
OPTSTK,JETAIRWAYS,28-Dec-2017,600,CE,0,0,0,100,121.9,0,0,6000,0,19-DEC-2017,
OPTSTK,JETAIRWAYS,28-Dec-2017,620,CE,0,0,0,82.7,102.75,0,0,4800,0,19-DEC-2017,
OPTSTK,JETAIRWAYS,28-Dec-2017,640,CE,65.15,85,65.15,85,85,4,34.28,21600,-2400,19-DEC-2017,
OPTSTK,JETAIRWAYS,28-Dec-2017,660,CE,55,66.9,55,63.2,63.2,11,95.35,51600,-1200,19-DEC-2017,
OPTSTK,JETAIRWAYS,28-Dec-2017,680,CE,30.55,47.5,29.5,47.4,47.4,27,233.12,62400,-12000,19-DEC-2017,
OPTSTK,JETAIRWAYS,28-Dec-2017,700,CE,19.05,32,17.9,29.9,29.9,546,4755.45,254400,-87600,19-DEC-2017,
OPTSTK,JETAIRWAYS,28-Dec-2017,720,CE,10.25,18.6,10.25,17.2,17.2,1669,14737.96,463200,92400,19-DEC-2017,
OPTSTK,JETAIRWAYS,28-Dec-2017,740,CE,6.65,10.5,5.95,9.05,9.05,987,8868.72,397200,140400,19-DEC-2017,
OPTSTK,JETAIRWAYS,28-Dec-2017,760,CE,3.4,5.55,3.25,4.45,4.45,349,3202.31,204000,73200,19-DEC-2017,
OPTSTK,JETAIRWAYS,28-Dec-2017,780,CE,1.95,3,1.95,2.15,2.15,161,1511.38,159600,66000,19-DEC-2017,
OPTSTK,JETAIRWAYS,28-Dec-2017,800,CE,0.85,1.55,0.85,1.3,1.3,50,480.75,187200,14400,19-DEC-2017,
OPTSTK,JETAIRWAYS,28-Dec-2017,820,CE,0.3,1,0.3,0.65,0.65,15,147.74,55200,9600,19-DEC-2017,
OPTSTK,JETAIRWAYS,28-Dec-2017,840,CE,0.7,0.7,0.4,0.6,0.6,11,110.95,52800,4800,19-DEC-2017,
OPTSTK,JETAIRWAYS,28-Dec-2017,340,PE,0,0,0,0.05,0,0,0,42000,0,19-DEC-2017,
OPTSTK,JETAIRWAYS,28-Dec-2017,360,PE,0,0,0,0.2,0,0,0,1200,0,19-DEC-2017,
OPTSTK,JETAIRWAYS,28-Dec-2017,380,PE,0,0,0,7.1,0,0,0,0,0,19-DEC-2017,
OPTSTK,JETAIRWAYS,28-Dec-2017,400,PE,0.2,0.3,0.15,0.15,0.15,30,144.06,236400,30000,19-DEC-2017,
OPTSTK,JETAIRWAYS,28-Dec-2017,420,PE,0,0,0,16.3,0,0,0,0,0,19-DEC-2017,
OPTSTK,JETAIRWAYS,28-Dec-2017,440,PE,0,0,0,22.9,0,0,0,0,0,19-DEC-2017,
OPTSTK,JETAIRWAYS,28-Dec-2017,460,PE,0,0,0,31.05,0,0,0,0,0,19-DEC-2017,
OPTSTK,JETAIRWAYS,28-Dec-2017,480,PE,0,0,0,0.05,0,0,0,18000,0,19-DEC-2017,
OPTSTK,JETAIRWAYS,28-Dec-2017,500,PE,0.3,0.4,0.2,0.3,0.3,29,174.1,45600,31200,19-DEC-2017,
OPTSTK,JETAIRWAYS,28-Dec-2017,520,PE,0.2,0.2,0.2,0.2,0.2,1,6.24,2400,0,19-DEC-2017,
OPTSTK,JETAIRWAYS,28-Dec-2017,540,PE,0.25,0.25,0.25,0.25,0.25,7,45.38,14400,7200,19-DEC-2017,
OPTSTK,JETAIRWAYS,28-Dec-2017,560,PE,1,1,0.25,0.5,0.5,30,201.76,73200,24000,19-DEC-2017,
OPTSTK,JETAIRWAYS,28-Dec-2017,580,PE,0.65,0.7,0.55,0.7,0.7,4,27.87,28800,1200,19-DEC-2017,
OPTSTK,JETAIRWAYS,28-Dec-2017,600,PE,0.7,0.75,0.7,0.75,0.75,2,14.41,90000,0,19-DEC-2017,
OPTSTK,JETAIRWAYS,28-Dec-2017,620,PE,1,1.1,0.65,1.05,1.05,35,260.77,123600,-14400,19-DEC-2017,
OPTSTK,JETAIRWAYS,28-Dec-2017,640,PE,2.85,2.85,1.25,1.6,1.6,90,693.14,80400,-8400,19-DEC-2017,
OPTSTK,JETAIRWAYS,28-Dec-2017,660,PE,5.4,5.4,2.3,2.7,2.7,238,1893.66,208800,117600,19-DEC-2017,
OPTSTK,JETAIRWAYS,28-Dec-2017,680,PE,10.45,10.6,4.35,4.8,4.8,474,3901.78,265200,166800,19-DEC-2017,
OPTSTK,JETAIRWAYS,28-Dec-2017,700,PE,19.15,19.55,7.65,8.85,8.85,652,5559.7,307200,220800,19-DEC-2017,
OPTSTK,JETAIRWAYS,28-Dec-2017,720,PE,28.7,28.7,14.5,15.75,15.75,101,894.5,96000,76800,19-DEC-2017,
OPTSTK,JETAIRWAYS,28-Dec-2017,740,PE,31.6,31.6,25.55,26.5,26.5,7,64.58,9600,1200,19-DEC-2017,
OPTSTK,JETAIRWAYS,28-Dec-2017,760,PE,0,0,0,69.45,50.95,0,0,6000,0,19-DEC-2017,
OPTSTK,JETAIRWAYS,28-Dec-2017,780,PE,0,0,0,126.35,66.35,0,0,4800,0,19-DEC-2017,
OPTSTK,JETAIRWAYS,28-Dec-2017,800,PE,0,0,0,98.25,83.2,0,0,2400,0,19-DEC-2017,
OPTSTK,JETAIRWAYS,28-Dec-2017,820,PE,0,0,0,235.15,101.15,0,0,0,0,19-DEC-2017,
OPTSTK,JETAIRWAYS,28-Dec-2017,840,PE,0,0,0,246.75,119.9,0,0,0,0,19-DEC-2017,
OPTSTK,JETAIRWAYS,25-Jan-2018,340,CE,0,0,0,196.3,382.65,0,0,0,0,19-DEC-2017,
OPTSTK,JETAIRWAYS,25-Jan-2018,360,CE,0,0,0,177.9,362.75,0,0,0,0,19-DEC-2017,
OPTSTK,JETAIRWAYS,25-Jan-2018,380,CE,0,0,0,160.1,342.9,0,0,0,0,19-DEC-2017,
OPTSTK,JETAIRWAYS,25-Jan-2018,400,CE,0,0,0,143.1,323.05,0,0,0,0,19-DEC-2017,
OPTSTK,JETAIRWAYS,25-Jan-2018,420,CE,0,0,0,126.95,303.2,0,0,0,0,19-DEC-2017,
OPTSTK,JETAIRWAYS,25-Jan-2018,440,CE,0,0,0,111.9,283.4,0,0,0,0,19-DEC-2017,
OPTSTK,JETAIRWAYS,25-Jan-2018,460,CE,0,0,0,97.9,263.7,0,0,0,0,19-DEC-2017,
OPTSTK,JETAIRWAYS,25-Jan-2018,480,CE,0,0,0,85.1,244.1,0,0,0,0,19-DEC-2017,
OPTSTK,JETAIRWAYS,25-Jan-2018,500,CE,0,0,0,73.5,224.75,0,0,0,0,19-DEC-2017,
OPTSTK,JETAIRWAYS,25-Jan-2018,520,CE,0,0,0,63.1,205.65,0,0,0,0,19-DEC-2017,
OPTSTK,JETAIRWAYS,25-Jan-2018,540,CE,0,0,0,53.8,186.95,0,0,0,0,19-DEC-2017,
OPTSTK,JETAIRWAYS,25-Jan-2018,560,CE,0,0,0,45.65,168.8,0,0,0,0,19-DEC-2017,
OPTSTK,JETAIRWAYS,25-Jan-2018,580,CE,0,0,0,38.55,151.35,0,0,0,0,19-DEC-2017,
OPTSTK,JETAIRWAYS,25-Jan-2018,600,CE,0,0,0,32.4,134.65,0,0,0,0,19-DEC-2017,
OPTSTK,JETAIRWAYS,25-Jan-2018,620,CE,0,0,0,27.1,118.9,0,0,0,0,19-DEC-2017,
OPTSTK,JETAIRWAYS,25-Jan-2018,640,CE,0,0,0,22.6,104.2,0,0,0,0,19-DEC-2017,
OPTSTK,JETAIRWAYS,25-Jan-2018,660,CE,0,0,0,18.75,90.55,0,0,0,0,19-DEC-2017,
OPTSTK,JETAIRWAYS,25-Jan-2018,680,CE,58,58,58,58,58,1,8.85,1200,1200,19-DEC-2017,
OPTSTK,JETAIRWAYS,25-Jan-2018,700,CE,0,0,0,40,66.85,0,0,1200,0,19-DEC-2017,
OPTSTK,JETAIRWAYS,25-Jan-2018,720,CE,35.2,38,35,38,38,4,36.28,4800,3600,19-DEC-2017,
OPTSTK,JETAIRWAYS,25-Jan-2018,740,CE,26,29,26,29,29,2,18.42,4800,2400,19-DEC-2017,
OPTSTK,JETAIRWAYS,25-Jan-2018,760,CE,19,20.55,19,20.55,20.55,4,37.43,4800,3600,19-DEC-2017,
OPTSTK,JETAIRWAYS,25-Jan-2018,780,CE,0,0,0,17.25,33.3,0,0,0,0,19-DEC-2017,
OPTSTK,JETAIRWAYS,25-Jan-2018,800,CE,0,0,0,14.9,27.5,0,0,0,0,19-DEC-2017,
OPTSTK,JETAIRWAYS,25-Jan-2018,820,CE,0,0,0,14.45,22.6,0,0,0,0,19-DEC-2017,
OPTSTK,JETAIRWAYS,25-Jan-2018,840,CE,4.4,5.75,4.4,5.5,5.5,4,40.56,9600,4800,19-DEC-2017,
OPTSTK,JETAIRWAYS,25-Jan-2018,340,PE,0,0,0,1.75,0,0,0,0,0,19-DEC-2017,
OPTSTK,JETAIRWAYS,25-Jan-2018,360,PE,0,0,0,3.05,0,0,0,0,0,19-DEC-2017,
OPTSTK,JETAIRWAYS,25-Jan-2018,380,PE,0,0,0,4.95,0.05,0,0,0,0,19-DEC-2017,
OPTSTK,JETAIRWAYS,25-Jan-2018,400,PE,0,0,0,7.6,0.05,0,0,0,0,19-DEC-2017,
OPTSTK,JETAIRWAYS,25-Jan-2018,420,PE,0,0,0,11.2,0.1,0,0,0,0,19-DEC-2017,
OPTSTK,JETAIRWAYS,25-Jan-2018,440,PE,0,0,0,15.8,0.15,0,0,0,0,19-DEC-2017,
OPTSTK,JETAIRWAYS,25-Jan-2018,460,PE,0,0,0,21.5,0.3,0,0,0,0,19-DEC-2017,
OPTSTK,JETAIRWAYS,25-Jan-2018,480,PE,0,0,0,28.35,0.6,0,0,0,0,19-DEC-2017,
OPTSTK,JETAIRWAYS,25-Jan-2018,500,PE,0,0,0,36.45,1.1,0,0,0,0,19-DEC-2017,
OPTSTK,JETAIRWAYS,25-Jan-2018,520,PE,0,0,0,45.7,1.85,0,0,0,0,19-DEC-2017,
OPTSTK,JETAIRWAYS,25-Jan-2018,540,PE,0,0,0,56.15,3.05,0,0,0,0,19-DEC-2017,
OPTSTK,JETAIRWAYS,25-Jan-2018,560,PE,0,0,0,67.7,4.8,0,0,0,0,19-DEC-2017,
OPTSTK,JETAIRWAYS,25-Jan-2018,580,PE,0,0,0,80.25,7.15,0,0,0,0,19-DEC-2017,
OPTSTK,JETAIRWAYS,25-Jan-2018,600,PE,8.5,8.5,8.5,8.5,8.5,1,7.3,2400,1200,19-DEC-2017,
OPTSTK,JETAIRWAYS,25-Jan-2018,620,PE,0,0,0,108.2,14.45,0,0,0,0,19-DEC-2017,
OPTSTK,JETAIRWAYS,25-Jan-2018,640,PE,0,0,0,123.35,19.6,0,0,0,0,19-DEC-2017,
OPTSTK,JETAIRWAYS,25-Jan-2018,660,PE,14.4,14.4,14.4,14.4,14.4,1,8.09,4800,0,19-DEC-2017,
OPTSTK,JETAIRWAYS,25-Jan-2018,680,PE,0,0,0,155.65,33.25,0,0,0,0,19-DEC-2017,
OPTSTK,JETAIRWAYS,25-Jan-2018,700,PE,0,0,0,172.6,41.9,0,0,0,0,19-DEC-2017,
OPTSTK,JETAIRWAYS,25-Jan-2018,720,PE,0,0,0,190,51.7,0,0,0,0,19-DEC-2017,
OPTSTK,JETAIRWAYS,25-Jan-2018,740,PE,0,0,0,207.8,62.65,0,0,0,0,19-DEC-2017,
OPTSTK,JETAIRWAYS,25-Jan-2018,760,PE,0,0,0,225.9,74.7,0,0,0,0,19-DEC-2017,
OPTSTK,JETAIRWAYS,25-Jan-2018,780,PE,0,0,0,216.35,87.8,0,0,0,0,19-DEC-2017,
OPTSTK,JETAIRWAYS,25-Jan-2018,800,PE,0,0,0,233.7,101.85,0,0,0,0,19-DEC-2017,
OPTSTK,JETAIRWAYS,25-Jan-2018,820,PE,0,0,0,238.6,116.85,0,0,0,0,19-DEC-2017,
OPTSTK,JETAIRWAYS,25-Jan-2018,840,PE,0,0,0,249.3,132.55,0,0,0,0,19-DEC-2017,
OPTSTK,JETAIRWAYS,22-Feb-2018,440,CE,0,0,0,250,286.6,0,0,0,0,19-DEC-2017,
OPTSTK,JETAIRWAYS,22-Feb-2018,460,CE,0,0,0,232.05,267.55,0,0,0,0,19-DEC-2017,
OPTSTK,JETAIRWAYS,22-Feb-2018,480,CE,0,0,0,214.65,248.85,0,0,0,0,19-DEC-2017,
OPTSTK,JETAIRWAYS,22-Feb-2018,500,CE,0,0,0,197.85,230.5,0,0,0,0,19-DEC-2017,
OPTSTK,JETAIRWAYS,22-Feb-2018,520,CE,0,0,0,181.7,212.65,0,0,0,0,19-DEC-2017,
OPTSTK,JETAIRWAYS,22-Feb-2018,540,CE,0,0,0,166.3,195.4,0,0,0,0,19-DEC-2017,
OPTSTK,JETAIRWAYS,22-Feb-2018,560,CE,0,0,0,151.75,178.8,0,0,0,0,19-DEC-2017,
OPTSTK,JETAIRWAYS,22-Feb-2018,580,CE,0,0,0,137.95,162.9,0,0,0,0,19-DEC-2017,
OPTSTK,JETAIRWAYS,22-Feb-2018,600,CE,0,0,0,124.95,147.85,0,0,0,0,19-DEC-2017,
OPTSTK,JETAIRWAYS,22-Feb-2018,620,CE,0,0,0,112.9,133.6,0,0,0,0,19-DEC-2017,
OPTSTK,JETAIRWAYS,22-Feb-2018,640,CE,0,0,0,101.7,120.25,0,0,0,0,19-DEC-2017,
OPTSTK,JETAIRWAYS,22-Feb-2018,660,CE,0,0,0,91.35,107.8,0,0,0,0,19-DEC-2017,
OPTSTK,JETAIRWAYS,22-Feb-2018,680,CE,0,0,0,81.8,96.25,0,0,0,0,19-DEC-2017,
OPTSTK,JETAIRWAYS,22-Feb-2018,700,CE,0,0,0,73.1,85.65,0,0,0,0,19-DEC-2017,
OPTSTK,JETAIRWAYS,22-Feb-2018,720,CE,0,0,0,65.15,75.95,0,0,0,0,19-DEC-2017,
OPTSTK,JETAIRWAYS,22-Feb-2018,740,CE,0,0,0,57.9,67.1,0,0,0,0,19-DEC-2017,
OPTSTK,JETAIRWAYS,22-Feb-2018,760,CE,0,0,0,51.35,59.1,0,0,0,0,19-DEC-2017,
OPTSTK,JETAIRWAYS,22-Feb-2018,780,CE,0,0,0,45.45,51.85,0,0,0,0,19-DEC-2017,
OPTSTK,JETAIRWAYS,22-Feb-2018,800,CE,0,0,0,40.2,45.4,0,0,0,0,19-DEC-2017,
OPTSTK,JETAIRWAYS,22-Feb-2018,820,CE,0,0,0,35.45,39.6,0,0,0,0,19-DEC-2017,
OPTSTK,JETAIRWAYS,22-Feb-2018,840,CE,0,0,0,31.25,34.5,0,0,0,0,19-DEC-2017,
OPTSTK,JETAIRWAYS,22-Feb-2018,440,PE,0,0,0,3.9,1.2,0,0,0,0,19-DEC-2017,
OPTSTK,JETAIRWAYS,22-Feb-2018,460,PE,0,0,0,5.65,1.9,0,0,0,0,19-DEC-2017,
OPTSTK,JETAIRWAYS,22-Feb-2018,480,PE,0,0,0,7.95,2.95,0,0,0,0,19-DEC-2017,
OPTSTK,JETAIRWAYS,22-Feb-2018,500,PE,0,0,0,10.85,4.4,0,0,0,0,19-DEC-2017,
OPTSTK,JETAIRWAYS,22-Feb-2018,520,PE,0,0,0,14.45,6.35,0,0,0,0,19-DEC-2017,
OPTSTK,JETAIRWAYS,22-Feb-2018,540,PE,0,0,0,18.75,8.85,0,0,0,0,19-DEC-2017,
OPTSTK,JETAIRWAYS,22-Feb-2018,560,PE,0,0,0,23.85,12,0,0,0,0,19-DEC-2017,
OPTSTK,JETAIRWAYS,22-Feb-2018,580,PE,0,0,0,29.8,15.9,0,0,0,0,19-DEC-2017,
OPTSTK,JETAIRWAYS,22-Feb-2018,600,PE,0,0,0,36.5,20.6,0,0,0,0,19-DEC-2017,
OPTSTK,JETAIRWAYS,22-Feb-2018,620,PE,0,0,0,44.15,26.15,0,0,0,0,19-DEC-2017,
OPTSTK,JETAIRWAYS,22-Feb-2018,640,PE,0,0,0,52.65,32.55,0,0,0,0,19-DEC-2017,
OPTSTK,JETAIRWAYS,22-Feb-2018,660,PE,0,0,0,62,39.85,0,0,0,0,19-DEC-2017,
OPTSTK,JETAIRWAYS,22-Feb-2018,680,PE,0,0,0,72.2,48.1,0,0,0,0,19-DEC-2017,
OPTSTK,JETAIRWAYS,22-Feb-2018,700,PE,0,0,0,83.2,57.25,0,0,0,0,19-DEC-2017,
OPTSTK,JETAIRWAYS,22-Feb-2018,720,PE,0,0,0,94.95,67.35,0,0,0,0,19-DEC-2017,
OPTSTK,JETAIRWAYS,22-Feb-2018,740,PE,0,0,0,107.4,78.25,0,0,0,0,19-DEC-2017,
OPTSTK,JETAIRWAYS,22-Feb-2018,760,PE,0,0,0,120.6,90,0,0,0,0,19-DEC-2017,
OPTSTK,JETAIRWAYS,22-Feb-2018,780,PE,0,0,0,134.4,102.55,0,0,0,0,19-DEC-2017,
OPTSTK,JETAIRWAYS,22-Feb-2018,800,PE,0,0,0,148.8,115.85,0,0,0,0,19-DEC-2017,
OPTSTK,JETAIRWAYS,22-Feb-2018,820,PE,0,0,0,163.8,129.85,0,0,0,0,19-DEC-2017,
OPTSTK,JETAIRWAYS,22-Feb-2018,840,PE,0,0,0,179.3,144.55,0,0,0,0,19-DEC-2017,
OPTSTK,JINDALSTEL,28-Dec-2017,100,CE,0,0,0,39.2,80.15,0,0,0,0,19-DEC-2017,
OPTSTK,JINDALSTEL,28-Dec-2017,105,CE,0,0,0,35.35,75.15,0,0,0,0,19-DEC-2017,
OPTSTK,JINDALSTEL,28-Dec-2017,110,CE,0,0,0,31.7,70.15,0,0,0,0,19-DEC-2017,
OPTSTK,JINDALSTEL,28-Dec-2017,115,CE,0,0,0,28.35,65.15,0,0,0,0,19-DEC-2017,
OPTSTK,JINDALSTEL,28-Dec-2017,120,CE,0,0,0,25.2,60.15,0,0,0,0,19-DEC-2017,
OPTSTK,JINDALSTEL,28-Dec-2017,125,CE,0,0,0,22.35,55.15,0,0,0,0,19-DEC-2017,
OPTSTK,JINDALSTEL,28-Dec-2017,130,CE,0,0,0,34,50.15,0,0,0,0,19-DEC-2017,
OPTSTK,JINDALSTEL,28-Dec-2017,135,CE,0,0,0,17.35,45.2,0,0,0,0,19-DEC-2017,
OPTSTK,JINDALSTEL,28-Dec-2017,140,CE,0,0,0,15.25,40.2,0,0,0,0,19-DEC-2017,
OPTSTK,JINDALSTEL,28-Dec-2017,145,CE,0,0,0,13.3,35.2,0,0,0,0,19-DEC-2017,
OPTSTK,JINDALSTEL,28-Dec-2017,150,CE,0,0,0,17,30.25,0,0,22500,0,19-DEC-2017,
OPTSTK,JINDALSTEL,28-Dec-2017,155,CE,24.5,24.95,24.5,24.95,24.95,2,16.17,985500,0,19-DEC-2017,
OPTSTK,JINDALSTEL,28-Dec-2017,160,CE,17.85,21,17.45,20.45,20.45,16,128.96,1003500,-4500,19-DEC-2017,
OPTSTK,JINDALSTEL,28-Dec-2017,165,CE,13.3,16,12.55,15.65,15.65,30,241.92,319500,-54000,19-DEC-2017,
OPTSTK,JINDALSTEL,28-Dec-2017,170,CE,8.95,11.9,7.55,11.4,11.4,160,1295.3,976500,-198000,19-DEC-2017,
OPTSTK,JINDALSTEL,28-Dec-2017,175,CE,6,7.85,4.6,7.4,7.4,343,2799.03,994500,-58500,19-DEC-2017,
OPTSTK,JINDALSTEL,28-Dec-2017,180,CE,4,4.85,2.75,4.55,4.55,1086,8989.26,1872000,-22500,19-DEC-2017,
OPTSTK,JINDALSTEL,28-Dec-2017,185,CE,1.95,2.85,1.5,2.65,2.65,662,5580.26,1363500,288000,19-DEC-2017,
OPTSTK,JINDALSTEL,28-Dec-2017,190,CE,1.15,1.7,0.8,1.45,1.45,411,3537.81,1197000,85500,19-DEC-2017,
OPTSTK,JINDALSTEL,28-Dec-2017,195,CE,0.7,1,0.6,0.9,0.9,63,555.02,571500,45000,19-DEC-2017,
OPTSTK,JINDALSTEL,28-Dec-2017,200,CE,0.45,0.7,0.4,0.6,0.6,173,1561.13,904500,-27000,19-DEC-2017,
OPTSTK,JINDALSTEL,28-Dec-2017,205,CE,0.3,0.4,0.25,0.4,0.4,16,147.82,94500,-27000,19-DEC-2017,
OPTSTK,JINDALSTEL,28-Dec-2017,210,CE,0,0,0,3.55,0.15,0,0,0,0,19-DEC-2017,
OPTSTK,JINDALSTEL,28-Dec-2017,100,PE,0,0,0,2.85,0,0,0,0,0,19-DEC-2017,
OPTSTK,JINDALSTEL,28-Dec-2017,105,PE,0,0,0,3.9,0,0,0,0,0,19-DEC-2017,
OPTSTK,JINDALSTEL,28-Dec-2017,110,PE,0,0,0,5.2,0,0,0,0,0,19-DEC-2017,
OPTSTK,JINDALSTEL,28-Dec-2017,115,PE,0,0,0,6.75,0,0,0,0,0,19-DEC-2017,
OPTSTK,JINDALSTEL,28-Dec-2017,120,PE,0,0,0,8.55,0,0,0,0,0,19-DEC-2017,
OPTSTK,JINDALSTEL,28-Dec-2017,125,PE,0,0,0,10.6,0,0,0,0,0,19-DEC-2017,
OPTSTK,JINDALSTEL,28-Dec-2017,130,PE,0,0,0,0.35,0,0,0,9000,0,19-DEC-2017,
OPTSTK,JINDALSTEL,28-Dec-2017,135,PE,0,0,0,0.4,0,0,0,49500,0,19-DEC-2017,
OPTSTK,JINDALSTEL,28-Dec-2017,140,PE,0.15,0.15,0.1,0.1,0.1,9,56.74,148500,4500,19-DEC-2017,
OPTSTK,JINDALSTEL,28-Dec-2017,145,PE,0.1,0.1,0.1,0.1,0.1,2,13.05,121500,-9000,19-DEC-2017,
OPTSTK,JINDALSTEL,28-Dec-2017,150,PE,0.2,0.2,0.1,0.2,0.2,24,162.18,828000,-13500,19-DEC-2017,
OPTSTK,JINDALSTEL,28-Dec-2017,155,PE,0.25,0.35,0.25,0.3,0.3,22,153.72,1161000,-49500,19-DEC-2017,
OPTSTK,JINDALSTEL,28-Dec-2017,160,PE,0.75,0.75,0.4,0.45,0.45,128,924.76,1476000,45000,19-DEC-2017,
OPTSTK,JINDALSTEL,28-Dec-2017,165,PE,1,1.45,0.6,0.7,0.7,134,1000.91,495000,-18000,19-DEC-2017,
OPTSTK,JINDALSTEL,28-Dec-2017,170,PE,1.95,2.6,1.1,1.25,1.25,379,2928.7,774000,108000,19-DEC-2017,
OPTSTK,JINDALSTEL,28-Dec-2017,175,PE,3.85,4.6,2.1,2.3,2.3,345,2762.12,976500,76500,19-DEC-2017,
OPTSTK,JINDALSTEL,28-Dec-2017,180,PE,5.8,6.1,4,4.3,4.3,76,631.86,1075500,81000,19-DEC-2017,
OPTSTK,JINDALSTEL,28-Dec-2017,185,PE,6.9,7.35,6.9,7.35,7.35,3,25.94,67500,4500,19-DEC-2017,
OPTSTK,JINDALSTEL,28-Dec-2017,190,PE,0,0,0,15.1,11.9,0,0,27000,0,19-DEC-2017,
OPTSTK,JINDALSTEL,28-Dec-2017,195,PE,0,0,0,60.25,15.95,0,0,0,0,19-DEC-2017,
OPTSTK,JINDALSTEL,28-Dec-2017,200,PE,0,0,0,57.6,20.35,0,0,0,0,19-DEC-2017,
OPTSTK,JINDALSTEL,28-Dec-2017,205,PE,0,0,0,61.95,25.05,0,0,0,0,19-DEC-2017,
OPTSTK,JINDALSTEL,28-Dec-2017,210,PE,0,0,0,62.65,29.9,0,0,0,0,19-DEC-2017,
OPTSTK,JINDALSTEL,25-Jan-2018,110,CE,0,0,0,60.7,70.7,0,0,0,0,19-DEC-2017,
OPTSTK,JINDALSTEL,25-Jan-2018,115,CE,0,0,0,56.2,65.75,0,0,0,0,19-DEC-2017,
OPTSTK,JINDALSTEL,25-Jan-2018,120,CE,0,0,0,51.8,60.8,0,0,0,0,19-DEC-2017,
OPTSTK,JINDALSTEL,25-Jan-2018,125,CE,0,0,0,47.55,55.85,0,0,0,0,19-DEC-2017,
OPTSTK,JINDALSTEL,25-Jan-2018,130,CE,0,0,0,43.5,50.95,0,0,0,0,19-DEC-2017,
OPTSTK,JINDALSTEL,25-Jan-2018,135,CE,0,0,0,39.6,46.15,0,0,0,0,19-DEC-2017,
OPTSTK,JINDALSTEL,25-Jan-2018,140,CE,0,0,0,35.95,41.4,0,0,0,0,19-DEC-2017,
OPTSTK,JINDALSTEL,25-Jan-2018,145,CE,0,0,0,32.45,36.8,0,0,0,0,19-DEC-2017,
OPTSTK,JINDALSTEL,25-Jan-2018,150,CE,0,0,0,29.25,32.4,0,0,0,0,19-DEC-2017,
OPTSTK,JINDALSTEL,25-Jan-2018,155,CE,0,0,0,26.2,28.2,0,0,0,0,19-DEC-2017,
OPTSTK,JINDALSTEL,25-Jan-2018,160,CE,0,0,0,23.45,24.25,0,0,0,0,19-DEC-2017,
OPTSTK,JINDALSTEL,25-Jan-2018,165,CE,0,0,0,11.1,20.65,0,0,36000,0,19-DEC-2017,
OPTSTK,JINDALSTEL,25-Jan-2018,170,CE,14,14.8,14,14.15,14.15,10,83.06,148500,0,19-DEC-2017,
OPTSTK,JINDALSTEL,25-Jan-2018,175,CE,10,12.7,9.35,12,12,66,551.81,171000,81000,19-DEC-2017,
OPTSTK,JINDALSTEL,25-Jan-2018,180,CE,8.9,9.8,8,9.6,9.6,63,536.4,261000,144000,19-DEC-2017,
OPTSTK,JINDALSTEL,25-Jan-2018,185,CE,6.8,7.75,6.8,7.75,7.75,16,138.66,90000,54000,19-DEC-2017,
OPTSTK,JINDALSTEL,25-Jan-2018,190,CE,5.5,5.9,5.5,5.7,5.7,19,167.29,67500,40500,19-DEC-2017,
OPTSTK,JINDALSTEL,25-Jan-2018,195,CE,3.2,4.25,3.2,3.5,3.5,6,53.64,18000,18000,19-DEC-2017,
OPTSTK,JINDALSTEL,25-Jan-2018,200,CE,3,3.2,2.55,2.6,2.6,6,54.78,40500,4500,19-DEC-2017,
OPTSTK,JINDALSTEL,25-Jan-2018,205,CE,0,0,0,7.5,3.7,0,0,0,0,19-DEC-2017,
OPTSTK,JINDALSTEL,25-Jan-2018,210,CE,0,0,0,6.55,2.85,0,0,0,0,19-DEC-2017,
OPTSTK,JINDALSTEL,25-Jan-2018,110,PE,0,0,0,0.85,0,0,0,0,0,19-DEC-2017,
OPTSTK,JINDALSTEL,25-Jan-2018,115,PE,0,0,0,1.25,0.05,0,0,0,0,19-DEC-2017,
OPTSTK,JINDALSTEL,25-Jan-2018,120,PE,0,0,0,1.75,0.05,0,0,0,0,19-DEC-2017,
OPTSTK,JINDALSTEL,25-Jan-2018,125,PE,0,0,0,2.45,0.1,0,0,0,0,19-DEC-2017,
OPTSTK,JINDALSTEL,25-Jan-2018,130,PE,0,0,0,3.3,0.15,0,0,0,0,19-DEC-2017,
OPTSTK,JINDALSTEL,25-Jan-2018,135,PE,0,0,0,4.35,0.3,0,0,0,0,19-DEC-2017,
OPTSTK,JINDALSTEL,25-Jan-2018,140,PE,0,0,0,3.2,0.55,0,0,4500,0,19-DEC-2017,
OPTSTK,JINDALSTEL,25-Jan-2018,145,PE,0,0,0,7.05,0.9,0,0,0,0,19-DEC-2017,
OPTSTK,JINDALSTEL,25-Jan-2018,150,PE,0,0,0,1.05,1.45,0,0,4500,0,19-DEC-2017,
OPTSTK,JINDALSTEL,25-Jan-2018,155,PE,1.4,1.5,1.3,1.45,1.45,7,49.26,22500,18000,19-DEC-2017,
OPTSTK,JINDALSTEL,25-Jan-2018,160,PE,2.15,2.15,2,2,2,2,14.58,36000,9000,19-DEC-2017,
OPTSTK,JINDALSTEL,25-Jan-2018,165,PE,3.25,3.25,3.25,3.25,3.25,1,7.57,40500,4500,19-DEC-2017,
OPTSTK,JINDALSTEL,25-Jan-2018,170,PE,4.7,5.15,4.35,4.35,4.35,11,86.4,72000,45000,19-DEC-2017,
OPTSTK,JINDALSTEL,25-Jan-2018,175,PE,6.7,6.7,6.05,6.05,6.05,3,24.47,157500,0,19-DEC-2017,
OPTSTK,JINDALSTEL,25-Jan-2018,180,PE,8.85,8.85,8.3,8.3,8.3,3,25.44,171000,0,19-DEC-2017,
OPTSTK,JINDALSTEL,25-Jan-2018,185,PE,12.25,12.25,10.65,10.75,10.75,66,583.11,297000,297000,19-DEC-2017,
OPTSTK,JINDALSTEL,25-Jan-2018,190,PE,0,0,0,30.1,16.5,0,0,0,0,19-DEC-2017,
OPTSTK,JINDALSTEL,25-Jan-2018,195,PE,0,0,0,33.6,19.85,0,0,0,0,19-DEC-2017,
OPTSTK,JINDALSTEL,25-Jan-2018,200,PE,0,0,0,37.3,23.5,0,0,0,0,19-DEC-2017,
OPTSTK,JINDALSTEL,25-Jan-2018,205,PE,0,0,0,41.15,27.4,0,0,0,0,19-DEC-2017,
OPTSTK,JINDALSTEL,25-Jan-2018,210,PE,0,0,0,45.1,31.55,0,0,0,0,19-DEC-2017,
OPTSTK,JINDALSTEL,22-Feb-2018,110,CE,0,0,0,63.7,71.3,0,0,0,0,19-DEC-2017,
OPTSTK,JINDALSTEL,22-Feb-2018,115,CE,0,0,0,58.9,66.4,0,0,0,0,19-DEC-2017,
OPTSTK,JINDALSTEL,22-Feb-2018,120,CE,0,0,0,54.15,61.6,0,0,0,0,19-DEC-2017,
OPTSTK,JINDALSTEL,22-Feb-2018,125,CE,0,0,0,49.5,56.85,0,0,0,0,19-DEC-2017,
OPTSTK,JINDALSTEL,22-Feb-2018,130,CE,0,0,0,45,52.15,0,0,0,0,19-DEC-2017,
OPTSTK,JINDALSTEL,22-Feb-2018,135,CE,0,0,0,40.6,47.6,0,0,0,0,19-DEC-2017,
OPTSTK,JINDALSTEL,22-Feb-2018,140,CE,0,0,0,36.4,43.2,0,0,0,0,19-DEC-2017,
OPTSTK,JINDALSTEL,22-Feb-2018,145,CE,0,0,0,32.45,38.95,0,0,0,0,19-DEC-2017,
OPTSTK,JINDALSTEL,22-Feb-2018,150,CE,0,0,0,28.7,34.9,0,0,0,0,19-DEC-2017,
OPTSTK,JINDALSTEL,22-Feb-2018,155,CE,0,0,0,25.25,31.1,0,0,0,0,19-DEC-2017,
OPTSTK,JINDALSTEL,22-Feb-2018,160,CE,0,0,0,22,27.5,0,0,0,0,19-DEC-2017,
OPTSTK,JINDALSTEL,22-Feb-2018,165,CE,0,0,0,19.1,24.2,0,0,0,0,19-DEC-2017,
OPTSTK,JINDALSTEL,22-Feb-2018,170,CE,0,0,0,16.45,21.15,0,0,0,0,19-DEC-2017,
OPTSTK,JINDALSTEL,22-Feb-2018,175,CE,0,0,0,14.1,18.35,0,0,0,0,19-DEC-2017,
OPTSTK,JINDALSTEL,22-Feb-2018,180,CE,0,0,0,12,15.85,0,0,0,0,19-DEC-2017,
OPTSTK,JINDALSTEL,22-Feb-2018,185,CE,0,0,0,10.15,13.6,0,0,0,0,19-DEC-2017,
OPTSTK,JINDALSTEL,22-Feb-2018,190,CE,0,0,0,8.55,11.65,0,0,0,0,19-DEC-2017,
OPTSTK,JINDALSTEL,22-Feb-2018,195,CE,0,0,0,7.15,9.9,0,0,0,0,19-DEC-2017,
OPTSTK,JINDALSTEL,22-Feb-2018,200,CE,0,0,0,5.95,8.35,0,0,0,0,19-DEC-2017,
OPTSTK,JINDALSTEL,22-Feb-2018,205,CE,0,0,0,4.9,7,0,0,0,0,19-DEC-2017,
OPTSTK,JINDALSTEL,22-Feb-2018,210,CE,0,0,0,4.05,5.9,0,0,0,0,19-DEC-2017,
OPTSTK,JINDALSTEL,22-Feb-2018,110,PE,0,0,0,0.15,0.1,0,0,0,0,19-DEC-2017,
OPTSTK,JINDALSTEL,22-Feb-2018,115,PE,0,0,0,0.25,0.15,0,0,0,0,19-DEC-2017,
OPTSTK,JINDALSTEL,22-Feb-2018,120,PE,0,0,0,0.45,0.3,0,0,0,0,19-DEC-2017,
OPTSTK,JINDALSTEL,22-Feb-2018,125,PE,0,0,0,0.75,0.45,0,0,0,0,19-DEC-2017,
OPTSTK,JINDALSTEL,22-Feb-2018,130,PE,0,0,0,1.15,0.7,0,0,0,0,19-DEC-2017,
OPTSTK,JINDALSTEL,22-Feb-2018,135,PE,0,0,0,1.7,1.1,0,0,0,0,19-DEC-2017,
OPTSTK,JINDALSTEL,22-Feb-2018,140,PE,0,0,0,2.45,1.65,0,0,0,0,19-DEC-2017,
OPTSTK,JINDALSTEL,22-Feb-2018,145,PE,0,0,0,3.4,2.35,0,0,0,0,19-DEC-2017,
OPTSTK,JINDALSTEL,22-Feb-2018,150,PE,0,0,0,4.6,3.25,0,0,0,0,19-DEC-2017,
OPTSTK,JINDALSTEL,22-Feb-2018,155,PE,0,0,0,6,4.35,0,0,0,0,19-DEC-2017,
OPTSTK,JINDALSTEL,22-Feb-2018,160,PE,0,0,0,7.75,5.75,0,0,0,0,19-DEC-2017,
OPTSTK,JINDALSTEL,22-Feb-2018,165,PE,0,0,0,9.75,7.35,0,0,0,0,19-DEC-2017,
OPTSTK,JINDALSTEL,22-Feb-2018,170,PE,0,0,0,12,9.25,0,0,0,0,19-DEC-2017,
OPTSTK,JINDALSTEL,22-Feb-2018,175,PE,0,0,0,14.6,11.45,0,0,0,0,19-DEC-2017,
OPTSTK,JINDALSTEL,22-Feb-2018,180,PE,0,0,0,17.4,13.85,0,0,0,0,19-DEC-2017,
OPTSTK,JINDALSTEL,22-Feb-2018,185,PE,0,0,0,20.5,16.55,0,0,0,0,19-DEC-2017,
OPTSTK,JINDALSTEL,22-Feb-2018,190,PE,0,0,0,23.8,19.5,0,0,0,0,19-DEC-2017,
OPTSTK,JINDALSTEL,22-Feb-2018,195,PE,0,0,0,27.35,22.7,0,0,0,0,19-DEC-2017,
OPTSTK,JINDALSTEL,22-Feb-2018,200,PE,0,0,0,31.1,26.1,0,0,0,0,19-DEC-2017,
OPTSTK,JINDALSTEL,22-Feb-2018,205,PE,0,0,0,35,29.75,0,0,0,0,19-DEC-2017,
OPTSTK,JINDALSTEL,22-Feb-2018,210,PE,0,0,0,39.05,33.55,0,0,0,0,19-DEC-2017,
OPTSTK,JISLJALEQS,28-Dec-2017,65,CE,0,0,0,29.65,56.95,0,0,0,0,19-DEC-2017,
OPTSTK,JISLJALEQS,28-Dec-2017,67.5,CE,0,0,0,27.35,54.45,0,0,0,0,19-DEC-2017,
OPTSTK,JISLJALEQS,28-Dec-2017,70,CE,0,0,0,25.15,52,0,0,0,0,19-DEC-2017,
OPTSTK,JISLJALEQS,28-Dec-2017,72.5,CE,0,0,0,23,49.5,0,0,0,0,19-DEC-2017,
OPTSTK,JISLJALEQS,28-Dec-2017,75,CE,0,0,0,20.9,47,0,0,0,0,19-DEC-2017,
OPTSTK,JISLJALEQS,28-Dec-2017,77.5,CE,0,0,0,18.9,44.5,0,0,0,0,19-DEC-2017,
OPTSTK,JISLJALEQS,28-Dec-2017,80,CE,0,0,0,17.05,42,0,0,0,0,19-DEC-2017,
OPTSTK,JISLJALEQS,28-Dec-2017,82.5,CE,0,0,0,15.3,39.5,0,0,0,0,19-DEC-2017,
OPTSTK,JISLJALEQS,28-Dec-2017,85,CE,0,0,0,13.65,37,0,0,0,0,19-DEC-2017,
OPTSTK,JISLJALEQS,28-Dec-2017,87.5,CE,0,0,0,12.1,34.5,0,0,0,0,19-DEC-2017,
OPTSTK,JISLJALEQS,28-Dec-2017,90,CE,0,0,0,10.7,32,0,0,0,0,19-DEC-2017,
OPTSTK,JISLJALEQS,28-Dec-2017,92.5,CE,0,0,0,9.4,29.55,0,0,0,0,19-DEC-2017,
OPTSTK,JISLJALEQS,28-Dec-2017,95,CE,0,0,0,8.25,27.05,0,0,0,0,19-DEC-2017,
OPTSTK,JISLJALEQS,28-Dec-2017,97.5,CE,0,0,0,7.2,24.6,0,0,0,0,19-DEC-2017,
OPTSTK,JISLJALEQS,28-Dec-2017,100,CE,0,0,0,20,22.2,0,0,18000,0,19-DEC-2017,
OPTSTK,JISLJALEQS,28-Dec-2017,102.5,CE,0,0,0,5.4,19.85,0,0,0,0,19-DEC-2017,
OPTSTK,JISLJALEQS,28-Dec-2017,105,CE,0,0,0,16.2,17.55,0,0,27000,0,19-DEC-2017,
OPTSTK,JISLJALEQS,28-Dec-2017,107.5,CE,0,0,0,4,15.35,0,0,0,0,19-DEC-2017,
OPTSTK,JISLJALEQS,28-Dec-2017,110,CE,7.1,8.6,7.1,8.6,8.6,6,63.54,108000,9000,19-DEC-2017,
OPTSTK,JISLJALEQS,28-Dec-2017,112.5,CE,0,0,0,2.9,11.3,0,0,0,0,19-DEC-2017,
OPTSTK,JISLJALEQS,28-Dec-2017,115,CE,2.65,9.15,2.65,8,8,99,1079.73,450000,-117000,19-DEC-2017,
OPTSTK,JISLJALEQS,28-Dec-2017,117.5,CE,3.15,4.5,3.15,4.5,4.5,3,32.77,45000,-18000,19-DEC-2017,
OPTSTK,JISLJALEQS,28-Dec-2017,120,CE,1.6,5.7,1.6,4.8,4.8,183,2040.21,1044000,-72000,19-DEC-2017,
OPTSTK,JISLJALEQS,28-Dec-2017,122.5,CE,1.4,4.1,1.4,3.6,3.6,25,282.14,333000,-117000,19-DEC-2017,
OPTSTK,JISLJALEQS,28-Dec-2017,125,CE,0.85,3.25,0.85,2.5,2.5,163,1866.7,1440000,-243000,19-DEC-2017,
OPTSTK,JISLJALEQS,28-Dec-2017,127.5,CE,1,2.3,1,1.65,1.65,7,81.26,162000,-36000,19-DEC-2017,
OPTSTK,JISLJALEQS,28-Dec-2017,130,CE,0.25,1.6,0.25,1.25,1.25,69,813.38,1611000,-135000,19-DEC-2017,
OPTSTK,JISLJALEQS,28-Dec-2017,132.5,CE,1,1,1,1,1,1,12.01,54000,9000,19-DEC-2017,
OPTSTK,JISLJALEQS,28-Dec-2017,135,CE,0.15,0.7,0.15,0.5,0.5,23,280.52,792000,-27000,19-DEC-2017,
OPTSTK,JISLJALEQS,28-Dec-2017,137.5,CE,0,0,0,0.7,1.05,0,0,18000,0,19-DEC-2017,
OPTSTK,JISLJALEQS,28-Dec-2017,140,CE,0.2,0.4,0.15,0.4,0.4,11,138.85,828000,-63000,19-DEC-2017,
OPTSTK,JISLJALEQS,28-Dec-2017,142.5,CE,0,0,0,0.45,0.55,0,0,45000,0,19-DEC-2017,
OPTSTK,JISLJALEQS,28-Dec-2017,145,CE,0,0,0,0.25,0.4,0,0,0,0,19-DEC-2017,
OPTSTK,JISLJALEQS,28-Dec-2017,65,PE,0.05,0.05,0.05,0.05,0.05,33,193.19,414000,-297000,19-DEC-2017,
OPTSTK,JISLJALEQS,28-Dec-2017,67.5,PE,0,0,0,0.5,0,0,0,0,0,19-DEC-2017,
OPTSTK,JISLJALEQS,28-Dec-2017,70,PE,0.05,0.05,0.05,0.05,0.05,43,271.09,0,-387000,19-DEC-2017,
OPTSTK,JISLJALEQS,28-Dec-2017,72.5,PE,0,0,0,1.05,0,0,0,0,0,19-DEC-2017,
OPTSTK,JISLJALEQS,28-Dec-2017,75,PE,0,0,0,1.45,0,0,0,0,0,19-DEC-2017,
OPTSTK,JISLJALEQS,28-Dec-2017,77.5,PE,0,0,0,1.9,0,0,0,0,0,19-DEC-2017,
OPTSTK,JISLJALEQS,28-Dec-2017,80,PE,0.05,0.05,0.05,0.05,0.05,7,50.43,324000,-63000,19-DEC-2017,
OPTSTK,JISLJALEQS,28-Dec-2017,82.5,PE,0,0,0,3.2,0,0,0,0,0,19-DEC-2017,
OPTSTK,JISLJALEQS,28-Dec-2017,85,PE,0,0,0,4,0,0,0,0,0,19-DEC-2017,
OPTSTK,JISLJALEQS,28-Dec-2017,87.5,PE,0,0,0,0.2,0,0,0,18000,0,19-DEC-2017,
OPTSTK,JISLJALEQS,28-Dec-2017,90,PE,0.1,0.1,0.1,0.1,0.1,1,8.1,27000,-9000,19-DEC-2017,
OPTSTK,JISLJALEQS,28-Dec-2017,92.5,PE,0,0,0,0.2,0.05,0,0,36000,0,19-DEC-2017,
OPTSTK,JISLJALEQS,28-Dec-2017,95,PE,0.1,0.1,0.1,0.1,0.1,1,8.55,90000,-9000,19-DEC-2017,
OPTSTK,JISLJALEQS,28-Dec-2017,97.5,PE,0,0,0,0.5,0.1,0,0,18000,0,19-DEC-2017,
OPTSTK,JISLJALEQS,28-Dec-2017,100,PE,0.3,0.3,0.15,0.2,0.2,27,243.54,486000,-225000,19-DEC-2017,
OPTSTK,JISLJALEQS,28-Dec-2017,102.5,PE,0.25,0.25,0.15,0.15,0.15,4,36.97,18000,9000,19-DEC-2017,
OPTSTK,JISLJALEQS,28-Dec-2017,105,PE,0.7,0.7,0.15,0.2,0.2,6,56.87,135000,-27000,19-DEC-2017,
OPTSTK,JISLJALEQS,28-Dec-2017,107.5,PE,0.5,0.5,0.3,0.3,0.3,7,67.95,72000,54000,19-DEC-2017,
OPTSTK,JISLJALEQS,28-Dec-2017,110,PE,2,2,0.35,0.45,0.45,45,448.85,360000,18000,19-DEC-2017,
OPTSTK,JISLJALEQS,28-Dec-2017,112.5,PE,0,0,0,2.9,1.75,0,0,18000,0,19-DEC-2017,
OPTSTK,JISLJALEQS,28-Dec-2017,115,PE,3.85,3.85,1.05,1.25,1.25,46,483.34,315000,-9000,19-DEC-2017,
OPTSTK,JISLJALEQS,28-Dec-2017,117.5,PE,3,3,1.85,1.85,1.85,2,21.58,27000,9000,19-DEC-2017,
OPTSTK,JISLJALEQS,28-Dec-2017,120,PE,7,7,2.35,2.6,2.6,53,588.33,486000,99000,19-DEC-2017,
OPTSTK,JISLJALEQS,28-Dec-2017,122.5,PE,0,0,0,14.1,5.65,0,0,99000,0,19-DEC-2017,
OPTSTK,JISLJALEQS,28-Dec-2017,125,PE,0,0,0,10.6,7.05,0,0,36000,0,19-DEC-2017,
OPTSTK,JISLJALEQS,28-Dec-2017,127.5,PE,0,0,0,12.55,8.65,0,0,9000,0,19-DEC-2017,
OPTSTK,JISLJALEQS,28-Dec-2017,130,PE,0,0,0,13.25,10.4,0,0,36000,0,19-DEC-2017,
OPTSTK,JISLJALEQS,28-Dec-2017,132.5,PE,0,0,0,37.9,12.35,0,0,0,0,19-DEC-2017,
OPTSTK,JISLJALEQS,28-Dec-2017,135,PE,0,0,0,40.25,14.35,0,0,0,0,19-DEC-2017,
OPTSTK,JISLJALEQS,28-Dec-2017,137.5,PE,0,0,0,42.6,16.5,0,0,0,0,19-DEC-2017,
OPTSTK,JISLJALEQS,28-Dec-2017,140,PE,0,0,0,43.7,18.7,0,0,0,0,19-DEC-2017,
OPTSTK,JISLJALEQS,28-Dec-2017,142.5,PE,0,0,0,44.3,21,0,0,0,0,19-DEC-2017,
OPTSTK,JISLJALEQS,28-Dec-2017,145,PE,0,0,0,43.6,23.3,0,0,0,0,19-DEC-2017,
OPTSTK,JISLJALEQS,25-Jan-2018,65,CE,0,0,0,31.1,57.3,0,0,0,0,19-DEC-2017,
OPTSTK,JISLJALEQS,25-Jan-2018,67.5,CE,0,0,0,28.65,54.85,0,0,0,0,19-DEC-2017,
OPTSTK,JISLJALEQS,25-Jan-2018,70,CE,0,0,0,26.25,52.35,0,0,0,0,19-DEC-2017,
OPTSTK,JISLJALEQS,25-Jan-2018,72.5,CE,0,0,0,23.9,49.9,0,0,0,0,19-DEC-2017,
OPTSTK,JISLJALEQS,25-Jan-2018,75,CE,0,0,0,21.6,47.45,0,0,0,0,19-DEC-2017,
OPTSTK,JISLJALEQS,25-Jan-2018,77.5,CE,0,0,0,19.35,45.05,0,0,0,0,19-DEC-2017,
OPTSTK,JISLJALEQS,25-Jan-2018,80,CE,0,0,0,17.25,42.65,0,0,0,0,19-DEC-2017,
OPTSTK,JISLJALEQS,25-Jan-2018,82.5,CE,0,0,0,15.2,40.25,0,0,0,0,19-DEC-2017,
OPTSTK,JISLJALEQS,25-Jan-2018,85,CE,0,0,0,13.3,37.9,0,0,0,0,19-DEC-2017,
OPTSTK,JISLJALEQS,25-Jan-2018,87.5,CE,0,0,0,11.5,35.6,0,0,0,0,19-DEC-2017,
OPTSTK,JISLJALEQS,25-Jan-2018,90,CE,0,0,0,9.9,33.35,0,0,0,0,19-DEC-2017,
OPTSTK,JISLJALEQS,25-Jan-2018,92.5,CE,0,0,0,8.4,31.15,0,0,0,0,19-DEC-2017,
OPTSTK,JISLJALEQS,25-Jan-2018,95,CE,0,0,0,7.1,29,0,0,0,0,19-DEC-2017,
OPTSTK,JISLJALEQS,25-Jan-2018,97.5,CE,0,0,0,5.9,26.95,0,0,0,0,19-DEC-2017,
OPTSTK,JISLJALEQS,25-Jan-2018,100,CE,0,0,0,4.9,24.95,0,0,0,0,19-DEC-2017,
OPTSTK,JISLJALEQS,25-Jan-2018,102.5,CE,0,0,0,4.05,23.05,0,0,0,0,19-DEC-2017,
OPTSTK,JISLJALEQS,25-Jan-2018,105,CE,0,0,0,3.3,21.2,0,0,0,0,19-DEC-2017,
OPTSTK,JISLJALEQS,25-Jan-2018,107.5,CE,0,0,0,2.65,19.45,0,0,0,0,19-DEC-2017,
OPTSTK,JISLJALEQS,25-Jan-2018,110,CE,0,0,0,2.15,17.8,0,0,0,0,19-DEC-2017,
OPTSTK,JISLJALEQS,25-Jan-2018,112.5,CE,0,0,0,1.7,16.25,0,0,0,0,19-DEC-2017,
OPTSTK,JISLJALEQS,25-Jan-2018,115,CE,0,0,0,1.35,14.8,0,0,0,0,19-DEC-2017,
OPTSTK,JISLJALEQS,25-Jan-2018,117.5,CE,0,0,0,1.05,13.4,0,0,0,0,19-DEC-2017,
OPTSTK,JISLJALEQS,25-Jan-2018,120,CE,0,0,0,0.85,12.15,0,0,0,0,19-DEC-2017,
OPTSTK,JISLJALEQS,25-Jan-2018,122.5,CE,0,0,0,0.65,10.95,0,0,0,0,19-DEC-2017,
OPTSTK,JISLJALEQS,25-Jan-2018,125,CE,0,0,0,0.5,9.85,0,0,0,0,19-DEC-2017,
OPTSTK,JISLJALEQS,25-Jan-2018,127.5,CE,0,0,0,0.4,8.85,0,0,0,0,19-DEC-2017,
OPTSTK,JISLJALEQS,25-Jan-2018,130,CE,4.55,4.55,4.55,4.55,4.55,1,12.1,9000,9000,19-DEC-2017,
OPTSTK,JISLJALEQS,25-Jan-2018,132.5,CE,0,0,0,0.25,7.1,0,0,0,0,19-DEC-2017,
OPTSTK,JISLJALEQS,25-Jan-2018,135,CE,0,0,0,0.2,6.35,0,0,0,0,19-DEC-2017,
OPTSTK,JISLJALEQS,25-Jan-2018,137.5,CE,0,0,0,0.15,5.65,0,0,0,0,19-DEC-2017,
OPTSTK,JISLJALEQS,25-Jan-2018,140,CE,0,0,0,0.1,5,0,0,0,0,19-DEC-2017,
OPTSTK,JISLJALEQS,25-Jan-2018,142.5,CE,0,0,0,0.45,4.45,0,0,0,0,19-DEC-2017,
OPTSTK,JISLJALEQS,25-Jan-2018,145,CE,0,0,0,0.4,3.95,0,0,0,0,19-DEC-2017,
OPTSTK,JISLJALEQS,25-Jan-2018,65,PE,0,0,0,0.05,0.05,0,0,0,0,19-DEC-2017,
OPTSTK,JISLJALEQS,25-Jan-2018,67.5,PE,0,0,0,0.1,0.05,0,0,0,0,19-DEC-2017,
OPTSTK,JISLJALEQS,25-Jan-2018,70,PE,0,0,0,0.15,0.05,0,0,0,0,19-DEC-2017,
OPTSTK,JISLJALEQS,25-Jan-2018,72.5,PE,0,0,0,0.25,0.1,0,0,0,0,19-DEC-2017,
OPTSTK,JISLJALEQS,25-Jan-2018,75,PE,0,0,0,0.45,0.15,0,0,0,0,19-DEC-2017,
OPTSTK,JISLJALEQS,25-Jan-2018,77.5,PE,0,0,0,0.65,0.2,0,0,0,0,19-DEC-2017,
OPTSTK,JISLJALEQS,25-Jan-2018,80,PE,0,0,0,1,0.25,0,0,0,0,19-DEC-2017,
OPTSTK,JISLJALEQS,25-Jan-2018,82.5,PE,0,0,0,1.4,0.35,0,0,0,0,19-DEC-2017,
OPTSTK,JISLJALEQS,25-Jan-2018,85,PE,0,0,0,1.95,0.5,0,0,0,0,19-DEC-2017,
OPTSTK,JISLJALEQS,25-Jan-2018,87.5,PE,0,0,0,2.65,0.7,0,0,0,0,19-DEC-2017,
OPTSTK,JISLJALEQS,25-Jan-2018,90,PE,0,0,0,3.45,0.9,0,0,0,0,19-DEC-2017,
OPTSTK,JISLJALEQS,25-Jan-2018,92.5,PE,0,0,0,4.45,1.2,0,0,0,0,19-DEC-2017,
OPTSTK,JISLJALEQS,25-Jan-2018,95,PE,0,0,0,5.6,1.55,0,0,0,0,19-DEC-2017,
OPTSTK,JISLJALEQS,25-Jan-2018,97.5,PE,0,0,0,6.9,1.95,0,0,0,0,19-DEC-2017,
OPTSTK,JISLJALEQS,25-Jan-2018,100,PE,0,0,0,8.35,2.45,0,0,0,0,19-DEC-2017,
OPTSTK,JISLJALEQS,25-Jan-2018,102.5,PE,0,0,0,9.9,3,0,0,0,0,19-DEC-2017,
OPTSTK,JISLJALEQS,25-Jan-2018,105,PE,0,0,0,11.65,3.65,0,0,0,0,19-DEC-2017,
OPTSTK,JISLJALEQS,25-Jan-2018,107.5,PE,0,0,0,13.5,4.4,0,0,0,0,19-DEC-2017,
OPTSTK,JISLJALEQS,25-Jan-2018,110,PE,0,0,0,15.4,5.25,0,0,0,0,19-DEC-2017,
OPTSTK,JISLJALEQS,25-Jan-2018,112.5,PE,0,0,0,17.45,6.15,0,0,0,0,19-DEC-2017,
OPTSTK,JISLJALEQS,25-Jan-2018,115,PE,0,0,0,19.55,7.2,0,0,0,0,19-DEC-2017,
OPTSTK,JISLJALEQS,25-Jan-2018,117.5,PE,0,0,0,21.7,8.3,0,0,0,0,19-DEC-2017,
OPTSTK,JISLJALEQS,25-Jan-2018,120,PE,0,0,0,23.95,9.5,0,0,0,0,19-DEC-2017,
OPTSTK,JISLJALEQS,25-Jan-2018,122.5,PE,0,0,0,26.25,10.8,0,0,0,0,19-DEC-2017,
OPTSTK,JISLJALEQS,25-Jan-2018,125,PE,0,0,0,28.55,12.2,0,0,0,0,19-DEC-2017,
OPTSTK,JISLJALEQS,25-Jan-2018,127.5,PE,0,0,0,30.9,13.7,0,0,0,0,19-DEC-2017,
OPTSTK,JISLJALEQS,25-Jan-2018,130,PE,0,0,0,33.25,15.25,0,0,0,0,19-DEC-2017,
OPTSTK,JISLJALEQS,25-Jan-2018,132.5,PE,0,0,0,35.65,16.9,0,0,0,0,19-DEC-2017,
OPTSTK,JISLJALEQS,25-Jan-2018,135,PE,0,0,0,38.05,18.6,0,0,0,0,19-DEC-2017,
OPTSTK,JISLJALEQS,25-Jan-2018,137.5,PE,0,0,0,40.5,20.4,0,0,0,0,19-DEC-2017,
OPTSTK,JISLJALEQS,25-Jan-2018,140,PE,0,0,0,42.9,22.25,0,0,0,0,19-DEC-2017,
OPTSTK,JISLJALEQS,25-Jan-2018,142.5,PE,0,0,0,40.7,24.15,0,0,0,0,19-DEC-2017,
OPTSTK,JISLJALEQS,25-Jan-2018,145,PE,0,0,0,43.1,26.15,0,0,0,0,19-DEC-2017,
OPTSTK,JISLJALEQS,22-Feb-2018,75,CE,0,0,0,46.45,48.3,0,0,0,0,19-DEC-2017,
OPTSTK,JISLJALEQS,22-Feb-2018,77.5,CE,0,0,0,44.15,46,0,0,0,0,19-DEC-2017,
OPTSTK,JISLJALEQS,22-Feb-2018,80,CE,0,0,0,41.9,43.75,0,0,0,0,19-DEC-2017,
OPTSTK,JISLJALEQS,22-Feb-2018,82.5,CE,0,0,0,39.65,41.5,0,0,0,0,19-DEC-2017,
OPTSTK,JISLJALEQS,22-Feb-2018,85,CE,0,0,0,37.5,39.35,0,0,0,0,19-DEC-2017,
OPTSTK,JISLJALEQS,22-Feb-2018,87.5,CE,0,0,0,35.4,37.25,0,0,0,0,19-DEC-2017,
OPTSTK,JISLJALEQS,22-Feb-2018,90,CE,0,0,0,33.35,35.2,0,0,0,0,19-DEC-2017,
OPTSTK,JISLJALEQS,22-Feb-2018,92.5,CE,0,0,0,31.35,33.2,0,0,0,0,19-DEC-2017,
OPTSTK,JISLJALEQS,22-Feb-2018,95,CE,0,0,0,29.45,31.25,0,0,0,0,19-DEC-2017,
OPTSTK,JISLJALEQS,22-Feb-2018,97.5,CE,0,0,0,27.6,29.4,0,0,0,0,19-DEC-2017,
OPTSTK,JISLJALEQS,22-Feb-2018,100,CE,0,0,0,25.8,27.6,0,0,0,0,19-DEC-2017,
OPTSTK,JISLJALEQS,22-Feb-2018,102.5,CE,0,0,0,24.1,25.9,0,0,0,0,19-DEC-2017,
OPTSTK,JISLJALEQS,22-Feb-2018,105,CE,0,0,0,22.45,24.25,0,0,0,0,19-DEC-2017,
OPTSTK,JISLJALEQS,22-Feb-2018,107.5,CE,0,0,0,20.9,22.65,0,0,0,0,19-DEC-2017,
OPTSTK,JISLJALEQS,22-Feb-2018,110,CE,0,0,0,19.4,21.15,0,0,0,0,19-DEC-2017,
OPTSTK,JISLJALEQS,22-Feb-2018,112.5,CE,0,0,0,18,19.75,0,0,0,0,19-DEC-2017,
OPTSTK,JISLJALEQS,22-Feb-2018,115,CE,0,0,0,16.7,18.4,0,0,0,0,19-DEC-2017,
OPTSTK,JISLJALEQS,22-Feb-2018,117.5,CE,0,0,0,15.45,17.1,0,0,0,0,19-DEC-2017,
OPTSTK,JISLJALEQS,22-Feb-2018,120,CE,0,0,0,14.25,15.9,0,0,0,0,19-DEC-2017,
OPTSTK,JISLJALEQS,22-Feb-2018,122.5,CE,0,0,0,13.15,14.75,0,0,0,0,19-DEC-2017,
OPTSTK,JISLJALEQS,22-Feb-2018,125,CE,0,0,0,12.15,13.65,0,0,0,0,19-DEC-2017,
OPTSTK,JISLJALEQS,22-Feb-2018,127.5,CE,0,0,0,11.15,12.65,0,0,0,0,19-DEC-2017,
OPTSTK,JISLJALEQS,22-Feb-2018,130,CE,0,0,0,10.25,11.7,0,0,0,0,19-DEC-2017,
OPTSTK,JISLJALEQS,22-Feb-2018,132.5,CE,0,0,0,9.45,10.8,0,0,0,0,19-DEC-2017,
OPTSTK,JISLJALEQS,22-Feb-2018,135,CE,0,0,0,8.65,10,0,0,0,0,19-DEC-2017,
OPTSTK,JISLJALEQS,22-Feb-2018,137.5,CE,0,0,0,7.95,9.2,0,0,0,0,19-DEC-2017,
OPTSTK,JISLJALEQS,22-Feb-2018,140,CE,0,0,0,7.25,8.5,0,0,0,0,19-DEC-2017,
OPTSTK,JISLJALEQS,22-Feb-2018,142.5,CE,0,0,0,6.65,7.8,0,0,0,0,19-DEC-2017,
OPTSTK,JISLJALEQS,22-Feb-2018,145,CE,0,0,0,6.05,7.2,0,0,0,0,19-DEC-2017,
OPTSTK,JISLJALEQS,22-Feb-2018,75,PE,0,0,0,0.5,0.55,0,0,0,0,19-DEC-2017,
OPTSTK,JISLJALEQS,22-Feb-2018,77.5,PE,0,0,0,0.65,0.75,0,0,0,0,19-DEC-2017,
OPTSTK,JISLJALEQS,22-Feb-2018,80,PE,0,0,0,0.85,0.95,0,0,0,0,19-DEC-2017,
OPTSTK,JISLJALEQS,22-Feb-2018,82.5,PE,0,0,0,1.1,1.2,0,0,0,0,19-DEC-2017,
OPTSTK,JISLJALEQS,22-Feb-2018,85,PE,0,0,0,1.4,1.55,0,0,0,0,19-DEC-2017,
OPTSTK,JISLJALEQS,22-Feb-2018,87.5,PE,0,0,0,1.75,1.9,0,0,0,0,19-DEC-2017,
OPTSTK,JISLJALEQS,22-Feb-2018,90,PE,0,0,0,2.2,2.3,0,0,0,0,19-DEC-2017,
OPTSTK,JISLJALEQS,22-Feb-2018,92.5,PE,0,0,0,2.65,2.8,0,0,0,0,19-DEC-2017,
OPTSTK,JISLJALEQS,22-Feb-2018,95,PE,0,0,0,3.2,3.35,0,0,0,0,19-DEC-2017,
OPTSTK,JISLJALEQS,22-Feb-2018,97.5,PE,0,0,0,3.8,3.95,0,0,0,0,19-DEC-2017,
OPTSTK,JISLJALEQS,22-Feb-2018,100,PE,0,0,0,4.5,4.65,0,0,0,0,19-DEC-2017,
OPTSTK,JISLJALEQS,22-Feb-2018,102.5,PE,0,0,0,5.25,5.4,0,0,0,0,19-DEC-2017,
OPTSTK,JISLJALEQS,22-Feb-2018,105,PE,0,0,0,6.05,6.2,0,0,0,0,19-DEC-2017,
OPTSTK,JISLJALEQS,22-Feb-2018,107.5,PE,0,0,0,7,7.1,0,0,0,0,19-DEC-2017,
OPTSTK,JISLJALEQS,22-Feb-2018,110,PE,0,0,0,7.95,8.05,0,0,0,0,19-DEC-2017,
OPTSTK,JISLJALEQS,22-Feb-2018,112.5,PE,0,0,0,9.05,9.1,0,0,0,0,19-DEC-2017,
OPTSTK,JISLJALEQS,22-Feb-2018,115,PE,0,0,0,10.15,10.2,0,0,0,0,19-DEC-2017,
OPTSTK,JISLJALEQS,22-Feb-2018,117.5,PE,0,0,0,11.4,11.4,0,0,0,0,19-DEC-2017,
OPTSTK,JISLJALEQS,22-Feb-2018,120,PE,0,0,0,12.7,12.65,0,0,0,0,19-DEC-2017,
OPTSTK,JISLJALEQS,22-Feb-2018,122.5,PE,0,0,0,14.05,14,0,0,0,0,19-DEC-2017,
OPTSTK,JISLJALEQS,22-Feb-2018,125,PE,0,0,0,15.45,15.4,0,0,0,0,19-DEC-2017,
OPTSTK,JISLJALEQS,22-Feb-2018,127.5,PE,0,0,0,16.95,16.85,0,0,0,0,19-DEC-2017,
OPTSTK,JISLJALEQS,22-Feb-2018,130,PE,0,0,0,18.5,18.4,0,0,0,0,19-DEC-2017,
OPTSTK,JISLJALEQS,22-Feb-2018,132.5,PE,0,0,0,20.15,19.95,0,0,0,0,19-DEC-2017,
OPTSTK,JISLJALEQS,22-Feb-2018,135,PE,0,0,0,21.85,21.6,0,0,0,0,19-DEC-2017,
OPTSTK,JISLJALEQS,22-Feb-2018,137.5,PE,0,0,0,23.55,23.3,0,0,0,0,19-DEC-2017,
OPTSTK,JISLJALEQS,22-Feb-2018,140,PE,0,0,0,25.35,25.05,0,0,0,0,19-DEC-2017,
OPTSTK,JISLJALEQS,22-Feb-2018,142.5,PE,0,0,0,27.2,26.85,0,0,0,0,19-DEC-2017,
OPTSTK,JISLJALEQS,22-Feb-2018,145,PE,0,0,0,29.1,28.7,0,0,0,0,19-DEC-2017,
OPTSTK,JPASSOCIAT,28-Dec-2017,2.5,CE,0,0,0,14.15,14.6,0,0,0,0,19-DEC-2017,
OPTSTK,JPASSOCIAT,28-Dec-2017,5,CE,0,0,0,11.7,12.15,0,0,0,0,19-DEC-2017,
OPTSTK,JPASSOCIAT,28-Dec-2017,7.5,CE,0,0,0,9.4,9.65,0,0,0,0,19-DEC-2017,
OPTSTK,JPASSOCIAT,28-Dec-2017,10,CE,0,0,0,7.3,7.15,0,0,0,0,19-DEC-2017,
OPTSTK,JPASSOCIAT,28-Dec-2017,12.5,CE,0,0,0,5.6,4.65,0,0,0,0,19-DEC-2017,
OPTSTK,JPASSOCIAT,28-Dec-2017,15,CE,0,0,0,3.6,2.2,0,0,612000,0,19-DEC-2017,
OPTSTK,JPASSOCIAT,28-Dec-2017,17.5,CE,0.65,0.65,0.6,0.65,0.65,26,160.32,9452000,-136000,19-DEC-2017,
OPTSTK,JPASSOCIAT,28-Dec-2017,20,CE,0.25,0.25,0.15,0.2,0.2,7,48.09,17340000,-136000,19-DEC-2017,
OPTSTK,JPASSOCIAT,28-Dec-2017,22.5,CE,0.1,0.1,0.05,0.05,0.05,8,61.42,4760000,-272000,19-DEC-2017,
OPTSTK,JPASSOCIAT,28-Dec-2017,25,CE,0,0,0,0.05,0,0,0,5168000,0,19-DEC-2017,
OPTSTK,JPASSOCIAT,28-Dec-2017,27.5,CE,0,0,0,0.05,0,0,0,1428000,0,19-DEC-2017,
OPTSTK,JPASSOCIAT,28-Dec-2017,30,CE,0,0,0,0.05,0,0,0,272000,0,19-DEC-2017,
OPTSTK,JPASSOCIAT,28-Dec-2017,32.5,CE,0,0,0,0.05,0,0,0,34000,0,19-DEC-2017,
OPTSTK,JPASSOCIAT,28-Dec-2017,35,CE,0,0,0,0.05,0,0,0,68000,0,19-DEC-2017,
OPTSTK,JPASSOCIAT,28-Dec-2017,37.5,CE,0,0,0,0.35,0,0,0,0,0,19-DEC-2017,
OPTSTK,JPASSOCIAT,28-Dec-2017,40,CE,0,0,0,0.25,0,0,0,0,0,19-DEC-2017,
OPTSTK,JPASSOCIAT,28-Dec-2017,42.5,CE,0,0,0,0.2,0,0,0,0,0,19-DEC-2017,
OPTSTK,JPASSOCIAT,28-Dec-2017,2.5,PE,0,0,0,0.05,0,0,0,0,0,19-DEC-2017,
OPTSTK,JPASSOCIAT,28-Dec-2017,5,PE,0,0,0,0.05,0,0,0,0,0,19-DEC-2017,
OPTSTK,JPASSOCIAT,28-Dec-2017,7.5,PE,0,0,0,0.15,0,0,0,0,0,19-DEC-2017,
OPTSTK,JPASSOCIAT,28-Dec-2017,10,PE,0,0,0,0.05,0,0,0,680000,0,19-DEC-2017,
OPTSTK,JPASSOCIAT,28-Dec-2017,12.5,PE,0,0,0,0.05,0,0,0,1632000,0,19-DEC-2017,
OPTSTK,JPASSOCIAT,28-Dec-2017,15,PE,0,0,0,0.25,0.1,0,0,2210000,0,19-DEC-2017,
OPTSTK,JPASSOCIAT,28-Dec-2017,17.5,PE,1.1,1.2,1,1.1,1.1,9,56.84,5508000,-306000,19-DEC-2017,
OPTSTK,JPASSOCIAT,28-Dec-2017,20,PE,0,0,0,2.45,2.95,0,0,2176000,0,19-DEC-2017,
OPTSTK,JPASSOCIAT,28-Dec-2017,22.5,PE,0,0,0,5.5,5.4,0,0,442000,0,19-DEC-2017,
OPTSTK,JPASSOCIAT,28-Dec-2017,25,PE,0,0,0,6.6,7.9,0,0,1292000,0,19-DEC-2017,
OPTSTK,JPASSOCIAT,28-Dec-2017,27.5,PE,0,0,0,11.5,10.4,0,0,0,0,19-DEC-2017,
OPTSTK,JPASSOCIAT,28-Dec-2017,30,PE,0,0,0,13.7,12.85,0,0,0,0,19-DEC-2017,
OPTSTK,JPASSOCIAT,28-Dec-2017,32.5,PE,0,0,0,16,15.35,0,0,0,0,19-DEC-2017,
OPTSTK,JPASSOCIAT,28-Dec-2017,35,PE,0,0,0,16,17.85,0,0,68000,0,19-DEC-2017,
OPTSTK,JPASSOCIAT,28-Dec-2017,37.5,PE,0,0,0,20.65,20.35,0,0,0,0,19-DEC-2017,
OPTSTK,JPASSOCIAT,28-Dec-2017,40,PE,0,0,0,23.05,22.85,0,0,0,0,19-DEC-2017,
OPTSTK,JPASSOCIAT,28-Dec-2017,42.5,PE,0,0,0,25.45,25.35,0,0,0,0,19-DEC-2017,
OPTSTK,JPASSOCIAT,25-Jan-2018,2.5,CE,0,0,0,15.75,14.65,0,0,0,0,19-DEC-2017,
OPTSTK,JPASSOCIAT,25-Jan-2018,5,CE,0,0,0,13.3,12.15,0,0,0,0,19-DEC-2017,
OPTSTK,JPASSOCIAT,25-Jan-2018,7.5,CE,0,0,0,10.9,9.65,0,0,0,0,19-DEC-2017,
OPTSTK,JPASSOCIAT,25-Jan-2018,10,CE,0,0,0,8.65,7.2,0,0,0,0,19-DEC-2017,
OPTSTK,JPASSOCIAT,25-Jan-2018,12.5,CE,0,0,0,6.7,4.8,0,0,0,0,19-DEC-2017,
OPTSTK,JPASSOCIAT,25-Jan-2018,15,CE,0,0,0,5.1,2.7,0,0,0,0,19-DEC-2017,
OPTSTK,JPASSOCIAT,25-Jan-2018,17.5,CE,0,0,0,1.5,1.3,0,0,34000,0,19-DEC-2017,
OPTSTK,JPASSOCIAT,25-Jan-2018,20,CE,0,0,0,1.1,0.55,0,0,272000,0,19-DEC-2017,
OPTSTK,JPASSOCIAT,25-Jan-2018,22.5,CE,0,0,0,2.15,0.2,0,0,0,0,19-DEC-2017,
OPTSTK,JPASSOCIAT,25-Jan-2018,25,CE,0,0,0,1.6,0.1,0,0,0,0,19-DEC-2017,
OPTSTK,JPASSOCIAT,25-Jan-2018,27.5,CE,0,0,0,1.2,0.05,0,0,0,0,19-DEC-2017,
OPTSTK,JPASSOCIAT,25-Jan-2018,30,CE,0,0,0,0.9,0,0,0,0,0,19-DEC-2017,
OPTSTK,JPASSOCIAT,25-Jan-2018,32.5,CE,0,0,0,0.65,0,0,0,0,0,19-DEC-2017,
OPTSTK,JPASSOCIAT,25-Jan-2018,35,CE,0,0,0,0.5,0,0,0,0,0,19-DEC-2017,
OPTSTK,JPASSOCIAT,25-Jan-2018,37.5,CE,0,0,0,0.4,0,0,0,0,0,19-DEC-2017,
OPTSTK,JPASSOCIAT,25-Jan-2018,40,CE,0,0,0,0.3,0,0,0,0,0,19-DEC-2017,
OPTSTK,JPASSOCIAT,25-Jan-2018,42.5,CE,0,0,0,0.2,0,0,0,0,0,19-DEC-2017,
OPTSTK,JPASSOCIAT,25-Jan-2018,2.5,PE,0,0,0,0.05,0,0,0,0,0,19-DEC-2017,
OPTSTK,JPASSOCIAT,25-Jan-2018,5,PE,0,0,0,0.05,0,0,0,0,0,19-DEC-2017,
OPTSTK,JPASSOCIAT,25-Jan-2018,7.5,PE,0,0,0,0.05,0,0,0,34000,0,19-DEC-2017,
OPTSTK,JPASSOCIAT,25-Jan-2018,10,PE,0,0,0,0.05,0,0,0,680000,0,19-DEC-2017,
OPTSTK,JPASSOCIAT,25-Jan-2018,12.5,PE,0,0,0,0.8,0.1,0,0,0,0,19-DEC-2017,
OPTSTK,JPASSOCIAT,25-Jan-2018,15,PE,0.55,0.55,0.5,0.5,0.5,2,10.55,136000,-68000,19-DEC-2017,
OPTSTK,JPASSOCIAT,25-Jan-2018,17.5,PE,0,0,0,1.65,1.6,0,0,34000,0,19-DEC-2017,
OPTSTK,JPASSOCIAT,25-Jan-2018,20,PE,0,0,0,4.35,3.3,0,0,0,0,19-DEC-2017,
OPTSTK,JPASSOCIAT,25-Jan-2018,22.5,PE,0,0,0,6.1,5.45,0,0,0,0,19-DEC-2017,
OPTSTK,JPASSOCIAT,25-Jan-2018,25,PE,0,0,0,8,7.8,0,0,0,0,19-DEC-2017,
OPTSTK,JPASSOCIAT,25-Jan-2018,27.5,PE,0,0,0,10.05,10.25,0,0,0,0,19-DEC-2017,
OPTSTK,JPASSOCIAT,25-Jan-2018,30,PE,0,0,0,12.2,12.75,0,0,0,0,19-DEC-2017,
OPTSTK,JPASSOCIAT,25-Jan-2018,32.5,PE,0,0,0,14.45,15.2,0,0,0,0,19-DEC-2017,
OPTSTK,JPASSOCIAT,25-Jan-2018,35,PE,0,0,0,16.75,17.7,0,0,0,0,19-DEC-2017,
OPTSTK,JPASSOCIAT,25-Jan-2018,37.5,PE,0,0,0,19.1,20.2,0,0,0,0,19-DEC-2017,
OPTSTK,JPASSOCIAT,25-Jan-2018,40,PE,0,0,0,21.45,22.65,0,0,0,0,19-DEC-2017,
OPTSTK,JPASSOCIAT,25-Jan-2018,42.5,PE,0,0,0,23.85,25.15,0,0,0,0,19-DEC-2017,
OPTSTK,JPASSOCIAT,22-Feb-2018,2.5,CE,0,0,0,15.65,14.65,0,0,0,0,19-DEC-2017,
OPTSTK,JPASSOCIAT,22-Feb-2018,5,CE,0,0,0,13.2,12.2,0,0,0,0,19-DEC-2017,
OPTSTK,JPASSOCIAT,22-Feb-2018,7.5,CE,0,0,0,10.75,9.7,0,0,0,0,19-DEC-2017,
OPTSTK,JPASSOCIAT,22-Feb-2018,10,CE,0,0,0,8.4,7.25,0,0,0,0,19-DEC-2017,
OPTSTK,JPASSOCIAT,22-Feb-2018,12.5,CE,0,0,0,6.25,5,0,0,0,0,19-DEC-2017,
OPTSTK,JPASSOCIAT,22-Feb-2018,15,CE,0,0,0,4.5,3.1,0,0,0,0,19-DEC-2017,
OPTSTK,JPASSOCIAT,22-Feb-2018,17.5,CE,0,0,0,3.15,1.8,0,0,0,0,19-DEC-2017,
OPTSTK,JPASSOCIAT,22-Feb-2018,20,CE,0,0,0,2.15,0.95,0,0,0,0,19-DEC-2017,
OPTSTK,JPASSOCIAT,22-Feb-2018,22.5,CE,0,0,0,1.45,0.5,0,0,0,0,19-DEC-2017,
OPTSTK,JPASSOCIAT,22-Feb-2018,25,CE,0,0,0,1,0.25,0,0,0,0,19-DEC-2017,
OPTSTK,JPASSOCIAT,22-Feb-2018,27.5,CE,0,0,0,0.65,0.15,0,0,0,0,19-DEC-2017,
OPTSTK,JPASSOCIAT,22-Feb-2018,30,CE,0,0,0,0.45,0.05,0,0,0,0,19-DEC-2017,
OPTSTK,JPASSOCIAT,22-Feb-2018,32.5,CE,0,0,0,0.3,0.05,0,0,0,0,19-DEC-2017,
OPTSTK,JPASSOCIAT,22-Feb-2018,35,CE,0,0,0,0.2,0.05,0,0,0,0,19-DEC-2017,
OPTSTK,JPASSOCIAT,22-Feb-2018,37.5,CE,0,0,0,0.15,0,0,0,0,0,19-DEC-2017,
OPTSTK,JPASSOCIAT,22-Feb-2018,40,CE,0,0,0,0.1,0,0,0,0,0,19-DEC-2017,
OPTSTK,JPASSOCIAT,22-Feb-2018,42.5,CE,0,0,0,0.05,0,0,0,0,0,19-DEC-2017,
OPTSTK,JPASSOCIAT,22-Feb-2018,2.5,PE,0,0,0,0.05,0,0,0,0,0,19-DEC-2017,
OPTSTK,JPASSOCIAT,22-Feb-2018,5,PE,0,0,0,0.05,0,0,0,0,0,19-DEC-2017,
OPTSTK,JPASSOCIAT,22-Feb-2018,7.5,PE,0,0,0,0.05,0,0,0,0,0,19-DEC-2017,
OPTSTK,JPASSOCIAT,22-Feb-2018,10,PE,0,0,0,0.15,0.05,0,0,0,0,19-DEC-2017,
OPTSTK,JPASSOCIAT,22-Feb-2018,12.5,PE,0,0,0,0.5,0.25,0,0,0,0,19-DEC-2017,
OPTSTK,JPASSOCIAT,22-Feb-2018,15,PE,0,0,0,1.2,0.85,0,0,0,0,19-DEC-2017,
OPTSTK,JPASSOCIAT,22-Feb-2018,17.5,PE,0,0,0,2.3,2,0,0,0,0,19-DEC-2017,
OPTSTK,JPASSOCIAT,22-Feb-2018,20,PE,0,0,0,3.75,3.65,0,0,0,0,19-DEC-2017,
OPTSTK,JPASSOCIAT,22-Feb-2018,22.5,PE,0,0,0,5.55,5.65,0,0,0,0,19-DEC-2017,
OPTSTK,JPASSOCIAT,22-Feb-2018,25,PE,0,0,0,7.5,7.85,0,0,0,0,19-DEC-2017,
OPTSTK,JPASSOCIAT,22-Feb-2018,27.5,PE,0,0,0,9.65,10.2,0,0,0,0,19-DEC-2017,
OPTSTK,JPASSOCIAT,22-Feb-2018,30,PE,0,0,0,11.9,12.65,0,0,0,0,19-DEC-2017,
OPTSTK,JPASSOCIAT,22-Feb-2018,32.5,PE,0,0,0,14.2,15.05,0,0,0,0,19-DEC-2017,
OPTSTK,JPASSOCIAT,22-Feb-2018,35,PE,0,0,0,16.6,17.55,0,0,0,0,19-DEC-2017,
OPTSTK,JPASSOCIAT,22-Feb-2018,37.5,PE,0,0,0,19,20,0,0,0,0,19-DEC-2017,
OPTSTK,JPASSOCIAT,22-Feb-2018,40,PE,0,0,0,21.4,22.45,0,0,0,0,19-DEC-2017,
OPTSTK,JPASSOCIAT,22-Feb-2018,42.5,PE,0,0,0,23.85,24.95,0,0,0,0,19-DEC-2017,
OPTSTK,JSWENERGY,28-Dec-2017,42.5,CE,0,0,0,31.55,39.35,0,0,0,0,19-DEC-2017,
OPTSTK,JSWENERGY,28-Dec-2017,45,CE,0,0,0,29.25,36.85,0,0,0,0,19-DEC-2017,
OPTSTK,JSWENERGY,28-Dec-2017,47.5,CE,0,0,0,27,34.35,0,0,0,0,19-DEC-2017,
OPTSTK,JSWENERGY,28-Dec-2017,50,CE,0,0,0,24.8,31.85,0,0,0,0,19-DEC-2017,
OPTSTK,JSWENERGY,28-Dec-2017,52.5,CE,0,0,0,22.7,29.35,0,0,0,0,19-DEC-2017,
OPTSTK,JSWENERGY,28-Dec-2017,55,CE,0,0,0,20.7,26.85,0,0,0,0,19-DEC-2017,
OPTSTK,JSWENERGY,28-Dec-2017,57.5,CE,0,0,0,18.75,24.35,0,0,0,0,19-DEC-2017,
OPTSTK,JSWENERGY,28-Dec-2017,60,CE,0,0,0,16.95,21.85,0,0,0,0,19-DEC-2017,
OPTSTK,JSWENERGY,28-Dec-2017,62.5,CE,0,0,0,15.3,19.35,0,0,0,0,19-DEC-2017,
OPTSTK,JSWENERGY,28-Dec-2017,65,CE,0,0,0,13.7,16.85,0,0,0,0,19-DEC-2017,
OPTSTK,JSWENERGY,28-Dec-2017,67.5,CE,0,0,0,12.25,14.4,0,0,0,0,19-DEC-2017,
OPTSTK,JSWENERGY,28-Dec-2017,70,CE,0,0,0,10.95,11.9,0,0,0,0,19-DEC-2017,
OPTSTK,JSWENERGY,28-Dec-2017,72.5,CE,0,0,0,9.75,9.45,0,0,0,0,19-DEC-2017,
OPTSTK,JSWENERGY,28-Dec-2017,75,CE,0,0,0,6.2,7.05,0,0,8500,0,19-DEC-2017,
OPTSTK,JSWENERGY,28-Dec-2017,77.5,CE,0,0,0,6,4.9,0,0,25500,0,19-DEC-2017,
OPTSTK,JSWENERGY,28-Dec-2017,80,CE,3.15,3.15,3,3,3,2,14.12,646000,0,19-DEC-2017,
OPTSTK,JSWENERGY,28-Dec-2017,82.5,CE,1.6,1.95,1.6,1.9,1.9,3,21.5,153000,-17000,19-DEC-2017,
OPTSTK,JSWENERGY,28-Dec-2017,85,CE,1.05,1.5,1.05,1.25,1.25,6,44,578000,-8500,19-DEC-2017,
OPTSTK,JSWENERGY,28-Dec-2017,87.5,CE,0,0,0,0.65,0.4,0,0,170000,0,19-DEC-2017,
OPTSTK,JSWENERGY,28-Dec-2017,90,CE,0.4,0.65,0.35,0.6,0.6,9,69.19,1241000,-51000,19-DEC-2017,
OPTSTK,JSWENERGY,28-Dec-2017,92.5,CE,0,0,0,0.4,0.1,0,0,153000,0,19-DEC-2017,
OPTSTK,JSWENERGY,28-Dec-2017,95,CE,0,0,0,0.35,0.05,0,0,306000,0,19-DEC-2017,
OPTSTK,JSWENERGY,28-Dec-2017,97.5,CE,0,0,0,0.2,0,0,0,34000,0,19-DEC-2017,
OPTSTK,JSWENERGY,28-Dec-2017,100,CE,0.05,0.05,0.05,0.05,0.05,2,17,646000,-17000,19-DEC-2017,
OPTSTK,JSWENERGY,28-Dec-2017,102.5,CE,0,0,0,0.2,0,0,0,51000,0,19-DEC-2017,
OPTSTK,JSWENERGY,28-Dec-2017,105,CE,0.05,0.05,0.05,0.05,0.05,1,8.92,93500,-8500,19-DEC-2017,
OPTSTK,JSWENERGY,28-Dec-2017,42.5,PE,0,0,0,0.25,0,0,0,0,0,19-DEC-2017,
OPTSTK,JSWENERGY,28-Dec-2017,45,PE,0.05,0.05,0.05,0.05,0.05,4,15.31,1164500,-34000,19-DEC-2017,
OPTSTK,JSWENERGY,28-Dec-2017,47.5,PE,0,0,0,0.6,0,0,0,0,0,19-DEC-2017,
OPTSTK,JSWENERGY,28-Dec-2017,50,PE,0,0,0,0.05,0,0,0,578000,0,19-DEC-2017,
OPTSTK,JSWENERGY,28-Dec-2017,52.5,PE,0.05,0.05,0.05,0.05,0.05,1,4.46,59500,-8500,19-DEC-2017,
OPTSTK,JSWENERGY,28-Dec-2017,55,PE,0,0,0,0.05,0,0,0,637500,0,19-DEC-2017,
OPTSTK,JSWENERGY,28-Dec-2017,57.5,PE,0,0,0,0.05,0,0,0,8500,0,19-DEC-2017,
OPTSTK,JSWENERGY,28-Dec-2017,60,PE,0.05,0.05,0.05,0.05,0.05,2,10.2,255000,-17000,19-DEC-2017,
OPTSTK,JSWENERGY,28-Dec-2017,62.5,PE,0,0,0,3.65,0,0,0,0,0,19-DEC-2017,
OPTSTK,JSWENERGY,28-Dec-2017,65,PE,0,0,0,0.25,0,0,0,170000,0,19-DEC-2017,
OPTSTK,JSWENERGY,28-Dec-2017,67.5,PE,0,0,0,0.25,0,0,0,25500,0,19-DEC-2017,
OPTSTK,JSWENERGY,28-Dec-2017,70,PE,0.1,0.1,0.05,0.1,0.1,8,47.66,646000,-68000,19-DEC-2017,
OPTSTK,JSWENERGY,28-Dec-2017,72.5,PE,0,0,0,0.55,0.05,0,0,17000,0,19-DEC-2017,
OPTSTK,JSWENERGY,28-Dec-2017,75,PE,0.45,0.45,0.4,0.4,0.4,2,12.82,399500,-17000,19-DEC-2017,
OPTSTK,JSWENERGY,28-Dec-2017,77.5,PE,0,0,0,1.1,0.55,0,0,34000,0,19-DEC-2017,
OPTSTK,JSWENERGY,28-Dec-2017,80,PE,1.45,1.45,1.1,1.4,1.4,20,138.09,765000,-68000,19-DEC-2017,
OPTSTK,JSWENERGY,28-Dec-2017,82.5,PE,0,0,0,3.35,2.4,0,0,76500,0,19-DEC-2017,
OPTSTK,JSWENERGY,28-Dec-2017,85,PE,4,4,4,4,4,1,7.56,442000,0,19-DEC-2017,
OPTSTK,JSWENERGY,28-Dec-2017,87.5,PE,0,0,0,2.15,6.05,0,0,51000,0,19-DEC-2017,
OPTSTK,JSWENERGY,28-Dec-2017,90,PE,0,0,0,8.3,8.3,0,0,93500,0,19-DEC-2017,
OPTSTK,JSWENERGY,28-Dec-2017,92.5,PE,0,0,0,21.4,10.7,0,0,0,0,19-DEC-2017,
OPTSTK,JSWENERGY,28-Dec-2017,95,PE,0,0,0,10.35,13.15,0,0,8500,0,19-DEC-2017,
OPTSTK,JSWENERGY,28-Dec-2017,97.5,PE,0,0,0,12.55,15.6,0,0,8500,0,19-DEC-2017,
OPTSTK,JSWENERGY,28-Dec-2017,100,PE,0,0,0,16.3,18.1,0,0,8500,0,19-DEC-2017,
OPTSTK,JSWENERGY,28-Dec-2017,102.5,PE,0,0,0,29.75,20.6,0,0,0,0,19-DEC-2017,
OPTSTK,JSWENERGY,28-Dec-2017,105,PE,0,0,0,31.95,23.1,0,0,0,0,19-DEC-2017,
OPTSTK,JSWENERGY,25-Jan-2018,47.5,CE,0,0,0,37,34.6,0,0,0,0,19-DEC-2017,
OPTSTK,JSWENERGY,25-Jan-2018,50,CE,0,0,0,34.55,32.1,0,0,0,0,19-DEC-2017,
OPTSTK,JSWENERGY,25-Jan-2018,52.5,CE,0,0,0,32.15,29.6,0,0,0,0,19-DEC-2017,
OPTSTK,JSWENERGY,25-Jan-2018,55,CE,0,0,0,29.75,27.15,0,0,0,0,19-DEC-2017,
OPTSTK,JSWENERGY,25-Jan-2018,57.5,CE,0,0,0,27.4,24.65,0,0,0,0,19-DEC-2017,
OPTSTK,JSWENERGY,25-Jan-2018,60,CE,0,0,0,25.1,22.2,0,0,0,0,19-DEC-2017,
OPTSTK,JSWENERGY,25-Jan-2018,62.5,CE,0,0,0,22.9,19.75,0,0,0,0,19-DEC-2017,
OPTSTK,JSWENERGY,25-Jan-2018,65,CE,0,0,0,20.75,17.3,0,0,0,0,19-DEC-2017,
OPTSTK,JSWENERGY,25-Jan-2018,67.5,CE,0,0,0,18.7,14.95,0,0,0,0,19-DEC-2017,
OPTSTK,JSWENERGY,25-Jan-2018,70,CE,0,0,0,16.75,12.7,0,0,0,0,19-DEC-2017,
OPTSTK,JSWENERGY,25-Jan-2018,72.5,CE,0,0,0,14.9,10.6,0,0,0,0,19-DEC-2017,
OPTSTK,JSWENERGY,25-Jan-2018,75,CE,0,0,0,13.2,8.65,0,0,0,0,19-DEC-2017,
OPTSTK,JSWENERGY,25-Jan-2018,77.5,CE,0,0,0,11.65,6.9,0,0,0,0,19-DEC-2017,
OPTSTK,JSWENERGY,25-Jan-2018,80,CE,0,0,0,10.2,5.35,0,0,0,0,19-DEC-2017,
OPTSTK,JSWENERGY,25-Jan-2018,82.5,CE,0,0,0,8.9,4.1,0,0,0,0,19-DEC-2017,
OPTSTK,JSWENERGY,25-Jan-2018,85,CE,0,0,0,4.9,3.05,0,0,17000,0,19-DEC-2017,
OPTSTK,JSWENERGY,25-Jan-2018,87.5,CE,0,0,0,6.65,2.2,0,0,0,0,19-DEC-2017,
OPTSTK,JSWENERGY,25-Jan-2018,90,CE,0,0,0,6.5,1.6,0,0,8500,0,19-DEC-2017,
OPTSTK,JSWENERGY,25-Jan-2018,92.5,CE,0,0,0,4.9,1.1,0,0,0,0,19-DEC-2017,
OPTSTK,JSWENERGY,25-Jan-2018,95,CE,0,0,0,4.15,0.75,0,0,0,0,19-DEC-2017,
OPTSTK,JSWENERGY,25-Jan-2018,97.5,CE,0,0,0,3.5,0.5,0,0,0,0,19-DEC-2017,
OPTSTK,JSWENERGY,25-Jan-2018,100,CE,0,0,0,3,0.35,0,0,0,0,19-DEC-2017,
OPTSTK,JSWENERGY,25-Jan-2018,102.5,CE,0,0,0,2.5,0.25,0,0,0,0,19-DEC-2017,
OPTSTK,JSWENERGY,25-Jan-2018,105,CE,0,0,0,2.1,0.15,0,0,0,0,19-DEC-2017,
OPTSTK,JSWENERGY,25-Jan-2018,47.5,PE,0,0,0,0.05,0,0,0,0,0,19-DEC-2017,
OPTSTK,JSWENERGY,25-Jan-2018,50,PE,0,0,0,0.05,0,0,0,0,0,19-DEC-2017,
OPTSTK,JSWENERGY,25-Jan-2018,52.5,PE,0,0,0,0.1,0,0,0,0,0,19-DEC-2017,
OPTSTK,JSWENERGY,25-Jan-2018,55,PE,0,0,0,0.2,0,0,0,0,0,19-DEC-2017,
OPTSTK,JSWENERGY,25-Jan-2018,57.5,PE,0,0,0,0.3,0.05,0,0,0,0,19-DEC-2017,
OPTSTK,JSWENERGY,25-Jan-2018,60,PE,0,0,0,0.5,0.05,0,0,0,0,19-DEC-2017,
OPTSTK,JSWENERGY,25-Jan-2018,62.5,PE,0,0,0,0.7,0.05,0,0,0,0,19-DEC-2017,
OPTSTK,JSWENERGY,25-Jan-2018,65,PE,0,0,0,1.95,0.15,0,0,68000,0,19-DEC-2017,
OPTSTK,JSWENERGY,25-Jan-2018,67.5,PE,0,0,0,1.45,0.25,0,0,0,0,19-DEC-2017,
OPTSTK,JSWENERGY,25-Jan-2018,70,PE,0,0,0,1.95,0.5,0,0,0,0,19-DEC-2017,
OPTSTK,JSWENERGY,25-Jan-2018,72.5,PE,0,0,0,2.6,0.85,0,0,0,0,19-DEC-2017,
OPTSTK,JSWENERGY,25-Jan-2018,75,PE,0,0,0,3.35,1.4,0,0,0,0,19-DEC-2017,
OPTSTK,JSWENERGY,25-Jan-2018,77.5,PE,0,0,0,4.2,2.15,0,0,0,0,19-DEC-2017,
OPTSTK,JSWENERGY,25-Jan-2018,80,PE,0,0,0,5.25,3.1,0,0,0,0,19-DEC-2017,
OPTSTK,JSWENERGY,25-Jan-2018,82.5,PE,0,0,0,6.4,4.3,0,0,0,0,19-DEC-2017,
OPTSTK,JSWENERGY,25-Jan-2018,85,PE,0,0,0,7.65,5.75,0,0,0,0,19-DEC-2017,
OPTSTK,JSWENERGY,25-Jan-2018,87.5,PE,0,0,0,9.05,7.4,0,0,0,0,19-DEC-2017,
OPTSTK,JSWENERGY,25-Jan-2018,90,PE,0,0,0,10.6,9.25,0,0,0,0,19-DEC-2017,
OPTSTK,JSWENERGY,25-Jan-2018,92.5,PE,0,0,0,12.25,11.25,0,0,0,0,19-DEC-2017,
OPTSTK,JSWENERGY,25-Jan-2018,95,PE,0,0,0,13.95,13.4,0,0,0,0,19-DEC-2017,
OPTSTK,JSWENERGY,25-Jan-2018,97.5,PE,0,0,0,15.8,15.65,0,0,0,0,19-DEC-2017,
OPTSTK,JSWENERGY,25-Jan-2018,100,PE,0,0,0,17.7,17.95,0,0,0,0,19-DEC-2017,
OPTSTK,JSWENERGY,25-Jan-2018,102.5,PE,0,0,0,19.7,20.3,0,0,0,0,19-DEC-2017,
OPTSTK,JSWENERGY,25-Jan-2018,105,PE,0,0,0,21.75,22.7,0,0,0,0,19-DEC-2017,
OPTSTK,JSWSTEEL,28-Dec-2017,175,CE,0,0,0,67.3,81.7,0,0,0,0,19-DEC-2017,
OPTSTK,JSWSTEEL,28-Dec-2017,180,CE,0,0,0,62.7,76.7,0,0,0,0,19-DEC-2017,
OPTSTK,JSWSTEEL,28-Dec-2017,185,CE,0,0,0,58.15,71.7,0,0,0,0,19-DEC-2017,
OPTSTK,JSWSTEEL,28-Dec-2017,190,CE,0,0,0,53.75,66.7,0,0,0,0,19-DEC-2017,
OPTSTK,JSWSTEEL,28-Dec-2017,195,CE,0,0,0,49.45,61.7,0,0,0,0,19-DEC-2017,
OPTSTK,JSWSTEEL,28-Dec-2017,200,CE,0,0,0,57.65,56.75,0,0,57000,0,19-DEC-2017,
OPTSTK,JSWSTEEL,28-Dec-2017,205,CE,0,0,0,41.4,51.75,0,0,0,0,19-DEC-2017,
OPTSTK,JSWSTEEL,28-Dec-2017,210,CE,0,0,0,46.25,46.75,0,0,3000,0,19-DEC-2017,
OPTSTK,JSWSTEEL,28-Dec-2017,215,CE,0,0,0,34.05,41.75,0,0,0,0,19-DEC-2017,
OPTSTK,JSWSTEEL,28-Dec-2017,220,CE,0,0,0,30.65,36.75,0,0,0,0,19-DEC-2017,
OPTSTK,JSWSTEEL,28-Dec-2017,225,CE,0,0,0,27.5,31.8,0,0,0,0,19-DEC-2017,
OPTSTK,JSWSTEEL,28-Dec-2017,230,CE,0,0,0,24.55,26.85,0,0,0,0,19-DEC-2017,
OPTSTK,JSWSTEEL,28-Dec-2017,235,CE,0,0,0,21.85,22,0,0,0,0,19-DEC-2017,
OPTSTK,JSWSTEEL,28-Dec-2017,240,CE,0,0,0,18.75,17.4,0,0,51000,0,19-DEC-2017,
OPTSTK,JSWSTEEL,28-Dec-2017,245,CE,12.6,14.95,11.45,14.95,14.95,8,61.93,99000,6000,19-DEC-2017,
OPTSTK,JSWSTEEL,28-Dec-2017,250,CE,8.45,10.45,7,9.35,9.35,70,542.61,159000,-3000,19-DEC-2017,
OPTSTK,JSWSTEEL,28-Dec-2017,255,CE,5.8,7.1,4.45,6.05,6.05,97,757.74,342000,-45000,19-DEC-2017,
OPTSTK,JSWSTEEL,28-Dec-2017,260,CE,3.6,4.3,2.5,3.6,3.6,307,2424.16,789000,0,19-DEC-2017,
OPTSTK,JSWSTEEL,28-Dec-2017,265,CE,2.1,2.35,1.45,1.95,1.95,101,808.27,156000,3000,19-DEC-2017,
OPTSTK,JSWSTEEL,28-Dec-2017,270,CE,1.15,1.25,0.9,1.15,1.15,48,390.29,384000,9000,19-DEC-2017,
OPTSTK,JSWSTEEL,28-Dec-2017,275,CE,0.5,0.5,0.5,0.5,0.5,1,8.26,60000,0,19-DEC-2017,
OPTSTK,JSWSTEEL,28-Dec-2017,280,CE,0.4,0.4,0.25,0.35,0.35,4,33.63,108000,0,19-DEC-2017,
OPTSTK,JSWSTEEL,28-Dec-2017,285,CE,0,0,0,0.3,0.15,0,0,9000,0,19-DEC-2017,
OPTSTK,JSWSTEEL,28-Dec-2017,290,CE,0,0,0,0.25,0.05,0,0,3000,0,19-DEC-2017,
OPTSTK,JSWSTEEL,28-Dec-2017,295,CE,0,0,0,3.95,0.05,0,0,0,0,19-DEC-2017,
OPTSTK,JSWSTEEL,28-Dec-2017,300,CE,0,0,0,0.35,0.05,0,0,12000,0,19-DEC-2017,
OPTSTK,JSWSTEEL,28-Dec-2017,305,CE,0,0,0,0.5,0,0,0,3000,0,19-DEC-2017,
OPTSTK,JSWSTEEL,28-Dec-2017,310,CE,0,0,0,2.4,0,0,0,0,0,19-DEC-2017,
OPTSTK,JSWSTEEL,28-Dec-2017,315,CE,0,0,0,2.05,0,0,0,0,0,19-DEC-2017,
OPTSTK,JSWSTEEL,28-Dec-2017,320,CE,0,0,0,1.4,0,0,0,3000,0,19-DEC-2017,
OPTSTK,JSWSTEEL,28-Dec-2017,175,PE,0,0,0,0.7,0,0,0,0,0,19-DEC-2017,
OPTSTK,JSWSTEEL,28-Dec-2017,180,PE,0,0,0,1,0,0,0,0,0,19-DEC-2017,
OPTSTK,JSWSTEEL,28-Dec-2017,185,PE,0,0,0,1.4,0,0,0,0,0,19-DEC-2017,
OPTSTK,JSWSTEEL,28-Dec-2017,190,PE,0,0,0,1.9,0,0,0,0,0,19-DEC-2017,
OPTSTK,JSWSTEEL,28-Dec-2017,195,PE,0,0,0,2.55,0,0,0,0,0,19-DEC-2017,
OPTSTK,JSWSTEEL,28-Dec-2017,200,PE,0,0,0,0.1,0,0,0,24000,0,19-DEC-2017,
OPTSTK,JSWSTEEL,28-Dec-2017,205,PE,0,0,0,4.3,0,0,0,0,0,19-DEC-2017,
OPTSTK,JSWSTEEL,28-Dec-2017,210,PE,0,0,0,5.45,0,0,0,0,0,19-DEC-2017,
OPTSTK,JSWSTEEL,28-Dec-2017,215,PE,0,0,0,6.8,0,0,0,0,0,19-DEC-2017,
OPTSTK,JSWSTEEL,28-Dec-2017,220,PE,0,0,0,0.3,0.05,0,0,33000,0,19-DEC-2017,
OPTSTK,JSWSTEEL,28-Dec-2017,225,PE,0,0,0,0.55,0.05,0,0,48000,0,19-DEC-2017,
OPTSTK,JSWSTEEL,28-Dec-2017,230,PE,0.2,0.2,0.1,0.1,0.1,14,96.66,69000,-6000,19-DEC-2017,
OPTSTK,JSWSTEEL,28-Dec-2017,235,PE,0,0,0,0.4,0.25,0,0,39000,0,19-DEC-2017,
OPTSTK,JSWSTEEL,28-Dec-2017,240,PE,0.9,0.9,0.3,0.35,0.35,15,108.28,195000,9000,19-DEC-2017,
OPTSTK,JSWSTEEL,28-Dec-2017,245,PE,1.15,1.55,0.75,0.95,0.95,35,258.52,93000,3000,19-DEC-2017,
OPTSTK,JSWSTEEL,28-Dec-2017,250,PE,2.4,3,1.2,1.8,1.8,134,1014.3,291000,27000,19-DEC-2017,
OPTSTK,JSWSTEEL,28-Dec-2017,255,PE,4.8,5.25,2.55,3.15,3.15,25,194.01,105000,12000,19-DEC-2017,
OPTSTK,JSWSTEEL,28-Dec-2017,260,PE,8,8.1,4.7,4.85,4.85,7,56.02,81000,0,19-DEC-2017,
OPTSTK,JSWSTEEL,28-Dec-2017,265,PE,0,0,0,23,10.5,0,0,33000,0,19-DEC-2017,
OPTSTK,JSWSTEEL,28-Dec-2017,270,PE,0,0,0,26,14.45,0,0,66000,0,19-DEC-2017,
OPTSTK,JSWSTEEL,28-Dec-2017,275,PE,0,0,0,23.5,18.8,0,0,9000,0,19-DEC-2017,
OPTSTK,JSWSTEEL,28-Dec-2017,280,PE,0,0,0,26.25,23.45,0,0,15000,0,19-DEC-2017,
OPTSTK,JSWSTEEL,28-Dec-2017,285,PE,0,0,0,47.15,28.3,0,0,0,0,19-DEC-2017,
OPTSTK,JSWSTEEL,28-Dec-2017,290,PE,0,0,0,51.25,33.2,0,0,0,0,19-DEC-2017,
OPTSTK,JSWSTEEL,28-Dec-2017,295,PE,0,0,0,55.5,38.2,0,0,0,0,19-DEC-2017,
OPTSTK,JSWSTEEL,28-Dec-2017,300,PE,0,0,0,43.25,43.15,0,0,6000,0,19-DEC-2017,
OPTSTK,JSWSTEEL,28-Dec-2017,305,PE,0,0,0,64.2,48.15,0,0,0,0,19-DEC-2017,
OPTSTK,JSWSTEEL,28-Dec-2017,310,PE,0,0,0,68.7,53.15,0,0,0,0,19-DEC-2017,
OPTSTK,JSWSTEEL,28-Dec-2017,315,PE,0,0,0,73.25,58.15,0,0,0,0,19-DEC-2017,
OPTSTK,JSWSTEEL,28-Dec-2017,320,PE,0,0,0,77.85,63.1,0,0,0,0,19-DEC-2017,
OPTSTK,JSWSTEEL,25-Jan-2018,175,CE,0,0,0,87.75,82.55,0,0,0,0,19-DEC-2017,
OPTSTK,JSWSTEEL,25-Jan-2018,180,CE,0,0,0,82.9,77.6,0,0,0,0,19-DEC-2017,
OPTSTK,JSWSTEEL,25-Jan-2018,185,CE,0,0,0,78.05,72.65,0,0,0,0,19-DEC-2017,
OPTSTK,JSWSTEEL,25-Jan-2018,190,CE,0,0,0,73.2,67.65,0,0,0,0,19-DEC-2017,
OPTSTK,JSWSTEEL,25-Jan-2018,195,CE,0,0,0,68.45,62.7,0,0,0,0,19-DEC-2017,
OPTSTK,JSWSTEEL,25-Jan-2018,200,CE,0,0,0,63.75,57.8,0,0,0,0,19-DEC-2017,
OPTSTK,JSWSTEEL,25-Jan-2018,205,CE,0,0,0,59.1,52.9,0,0,0,0,19-DEC-2017,
OPTSTK,JSWSTEEL,25-Jan-2018,210,CE,0,0,0,54.55,48.05,0,0,0,0,19-DEC-2017,
OPTSTK,JSWSTEEL,25-Jan-2018,215,CE,0,0,0,50.15,43.25,0,0,0,0,19-DEC-2017,
OPTSTK,JSWSTEEL,25-Jan-2018,220,CE,0,0,0,45.9,38.6,0,0,0,0,19-DEC-2017,
OPTSTK,JSWSTEEL,25-Jan-2018,225,CE,0,0,0,41.75,34.05,0,0,0,0,19-DEC-2017,
OPTSTK,JSWSTEEL,25-Jan-2018,230,CE,0,0,0,37.8,29.7,0,0,0,0,19-DEC-2017,
OPTSTK,JSWSTEEL,25-Jan-2018,235,CE,0,0,0,34.1,25.65,0,0,0,0,19-DEC-2017,
OPTSTK,JSWSTEEL,25-Jan-2018,240,CE,0,0,0,30.55,21.85,0,0,0,0,19-DEC-2017,
OPTSTK,JSWSTEEL,25-Jan-2018,245,CE,0,0,0,27.2,18.3,0,0,0,0,19-DEC-2017,
OPTSTK,JSWSTEEL,25-Jan-2018,250,CE,0,0,0,24.15,15.15,0,0,0,0,19-DEC-2017,
OPTSTK,JSWSTEEL,25-Jan-2018,255,CE,12,12,12,12,12,2,16.02,15000,3000,19-DEC-2017,
OPTSTK,JSWSTEEL,25-Jan-2018,260,CE,0,0,0,18.7,9.95,0,0,0,0,19-DEC-2017,
OPTSTK,JSWSTEEL,25-Jan-2018,265,CE,0,0,0,16.3,7.9,0,0,0,0,19-DEC-2017,
OPTSTK,JSWSTEEL,25-Jan-2018,270,CE,6.55,6.55,6.55,6.55,6.55,1,8.29,3000,3000,19-DEC-2017,
OPTSTK,JSWSTEEL,25-Jan-2018,275,CE,0,0,0,12.25,4.75,0,0,0,0,19-DEC-2017,
OPTSTK,JSWSTEEL,25-Jan-2018,280,CE,2.9,3.9,2.9,3.85,3.85,3,25.51,9000,9000,19-DEC-2017,
OPTSTK,JSWSTEEL,25-Jan-2018,285,CE,3,3,3,3,3,1,8.64,3000,3000,19-DEC-2017,
OPTSTK,JSWSTEEL,25-Jan-2018,290,CE,0,0,0,7.65,2,0,0,0,0,19-DEC-2017,
OPTSTK,JSWSTEEL,25-Jan-2018,295,CE,0,0,0,6.5,1.45,0,0,0,0,19-DEC-2017,
OPTSTK,JSWSTEEL,25-Jan-2018,300,CE,0,0,0,5.45,1.05,0,0,0,0,19-DEC-2017,
OPTSTK,JSWSTEEL,25-Jan-2018,305,CE,0,0,0,4.6,0.75,0,0,0,0,19-DEC-2017,
OPTSTK,JSWSTEEL,25-Jan-2018,310,CE,0,0,0,3.85,0.55,0,0,0,0,19-DEC-2017,
OPTSTK,JSWSTEEL,25-Jan-2018,315,CE,0,0,0,3.2,0.35,0,0,0,0,19-DEC-2017,
OPTSTK,JSWSTEEL,25-Jan-2018,320,CE,0,0,0,2.65,0.25,0,0,0,0,19-DEC-2017,
OPTSTK,JSWSTEEL,25-Jan-2018,175,PE,0,0,0,0.1,0,0,0,0,0,19-DEC-2017,
OPTSTK,JSWSTEEL,25-Jan-2018,180,PE,0,0,0,0.1,0,0,0,0,0,19-DEC-2017,
OPTSTK,JSWSTEEL,25-Jan-2018,185,PE,0,0,0,0.2,0.05,0,0,0,0,19-DEC-2017,
OPTSTK,JSWSTEEL,25-Jan-2018,190,PE,0,0,0,0.3,0.05,0,0,0,0,19-DEC-2017,
OPTSTK,JSWSTEEL,25-Jan-2018,195,PE,0,0,0,0.45,0.05,0,0,0,0,19-DEC-2017,
OPTSTK,JSWSTEEL,25-Jan-2018,200,PE,0,0,0,0.65,0.1,0,0,0,0,19-DEC-2017,
OPTSTK,JSWSTEEL,25-Jan-2018,205,PE,0,0,0,0.95,0.15,0,0,0,0,19-DEC-2017,
OPTSTK,JSWSTEEL,25-Jan-2018,210,PE,0,0,0,1.35,0.25,0,0,0,0,19-DEC-2017,
OPTSTK,JSWSTEEL,25-Jan-2018,215,PE,0,0,0,1.85,0.45,0,0,0,0,19-DEC-2017,
OPTSTK,JSWSTEEL,25-Jan-2018,220,PE,0,0,0,2.5,0.75,0,0,0,0,19-DEC-2017,
OPTSTK,JSWSTEEL,25-Jan-2018,225,PE,0,0,0,3.3,1.2,0,0,0,0,19-DEC-2017,
OPTSTK,JSWSTEEL,25-Jan-2018,230,PE,0,0,0,4.25,1.85,0,0,0,0,19-DEC-2017,
OPTSTK,JSWSTEEL,25-Jan-2018,235,PE,0,0,0,5.45,2.7,0,0,0,0,19-DEC-2017,
OPTSTK,JSWSTEEL,25-Jan-2018,240,PE,0,0,0,6.85,3.85,0,0,0,0,19-DEC-2017,
OPTSTK,JSWSTEEL,25-Jan-2018,245,PE,0,0,0,8.45,5.3,0,0,0,0,19-DEC-2017,
OPTSTK,JSWSTEEL,25-Jan-2018,250,PE,0,0,0,10.25,7.15,0,0,0,0,19-DEC-2017,
OPTSTK,JSWSTEEL,25-Jan-2018,255,PE,0,0,0,11,9.35,0,0,3000,0,19-DEC-2017,
OPTSTK,JSWSTEEL,25-Jan-2018,260,PE,0,0,0,14.65,11.85,0,0,0,0,19-DEC-2017,
OPTSTK,JSWSTEEL,25-Jan-2018,265,PE,0,0,0,17.2,14.75,0,0,0,0,19-DEC-2017,
OPTSTK,JSWSTEEL,25-Jan-2018,270,PE,0,0,0,19.95,18,0,0,0,0,19-DEC-2017,
OPTSTK,JSWSTEEL,25-Jan-2018,275,PE,0,0,0,22.95,21.55,0,0,0,0,19-DEC-2017,
OPTSTK,JSWSTEEL,25-Jan-2018,280,PE,0,0,0,26.15,25.4,0,0,0,0,19-DEC-2017,
OPTSTK,JSWSTEEL,25-Jan-2018,285,PE,0,0,0,29.55,29.45,0,0,0,0,19-DEC-2017,
OPTSTK,JSWSTEEL,25-Jan-2018,290,PE,0,0,0,33.15,33.7,0,0,0,0,19-DEC-2017,
OPTSTK,JSWSTEEL,25-Jan-2018,295,PE,0,0,0,36.9,38.15,0,0,0,0,19-DEC-2017,
OPTSTK,JSWSTEEL,25-Jan-2018,300,PE,0,0,0,40.8,42.7,0,0,0,0,19-DEC-2017,
OPTSTK,JSWSTEEL,25-Jan-2018,305,PE,0,0,0,44.85,47.35,0,0,0,0,19-DEC-2017,
OPTSTK,JSWSTEEL,25-Jan-2018,310,PE,0,0,0,49.05,52.1,0,0,0,0,19-DEC-2017,
OPTSTK,JSWSTEEL,25-Jan-2018,315,PE,0,0,0,53.3,56.9,0,0,0,0,19-DEC-2017,
OPTSTK,JSWSTEEL,25-Jan-2018,320,PE,0,0,0,57.7,61.8,0,0,0,0,19-DEC-2017,
OPTSTK,JSWSTEEL,22-Feb-2018,175,CE,0,0,0,82.45,83.45,0,0,0,0,19-DEC-2017,
OPTSTK,JSWSTEEL,22-Feb-2018,180,CE,0,0,0,77.55,78.5,0,0,0,0,19-DEC-2017,
OPTSTK,JSWSTEEL,22-Feb-2018,185,CE,0,0,0,72.7,73.6,0,0,0,0,19-DEC-2017,
OPTSTK,JSWSTEEL,22-Feb-2018,190,CE,0,0,0,67.85,68.75,0,0,0,0,19-DEC-2017,
OPTSTK,JSWSTEEL,22-Feb-2018,195,CE,0,0,0,63.1,63.9,0,0,0,0,19-DEC-2017,
OPTSTK,JSWSTEEL,22-Feb-2018,200,CE,0,0,0,58.35,59.1,0,0,0,0,19-DEC-2017,
OPTSTK,JSWSTEEL,22-Feb-2018,205,CE,0,0,0,53.75,54.4,0,0,0,0,19-DEC-2017,
OPTSTK,JSWSTEEL,22-Feb-2018,210,CE,0,0,0,49.2,49.75,0,0,0,0,19-DEC-2017,
OPTSTK,JSWSTEEL,22-Feb-2018,215,CE,0,0,0,44.8,45.25,0,0,0,0,19-DEC-2017,
OPTSTK,JSWSTEEL,22-Feb-2018,220,CE,0,0,0,40.55,40.9,0,0,0,0,19-DEC-2017,
OPTSTK,JSWSTEEL,22-Feb-2018,225,CE,0,0,0,36.5,36.7,0,0,0,0,19-DEC-2017,
OPTSTK,JSWSTEEL,22-Feb-2018,230,CE,0,0,0,32.65,32.75,0,0,0,0,19-DEC-2017,
OPTSTK,JSWSTEEL,22-Feb-2018,235,CE,0,0,0,29,29,0,0,0,0,19-DEC-2017,
OPTSTK,JSWSTEEL,22-Feb-2018,240,CE,0,0,0,25.6,25.45,0,0,0,0,19-DEC-2017,
OPTSTK,JSWSTEEL,22-Feb-2018,245,CE,0,0,0,22.45,22.2,0,0,0,0,19-DEC-2017,
OPTSTK,JSWSTEEL,22-Feb-2018,250,CE,0,0,0,19.55,19.2,0,0,0,0,19-DEC-2017,
OPTSTK,JSWSTEEL,22-Feb-2018,255,CE,0,0,0,16.9,16.5,0,0,0,0,19-DEC-2017,
OPTSTK,JSWSTEEL,22-Feb-2018,260,CE,0,0,0,14.55,14.05,0,0,0,0,19-DEC-2017,
OPTSTK,JSWSTEEL,22-Feb-2018,265,CE,0,0,0,12.45,11.9,0,0,0,0,19-DEC-2017,
OPTSTK,JSWSTEEL,22-Feb-2018,270,CE,0,0,0,10.55,10,0,0,0,0,19-DEC-2017,
OPTSTK,JSWSTEEL,22-Feb-2018,275,CE,0,0,0,8.9,8.35,0,0,0,0,19-DEC-2017,
OPTSTK,JSWSTEEL,22-Feb-2018,280,CE,0,0,0,7.45,6.9,0,0,0,0,19-DEC-2017,
OPTSTK,JSWSTEEL,22-Feb-2018,285,CE,0,0,0,6.2,5.7,0,0,0,0,19-DEC-2017,
OPTSTK,JSWSTEEL,22-Feb-2018,290,CE,0,0,0,5.15,4.65,0,0,0,0,19-DEC-2017,
OPTSTK,JSWSTEEL,22-Feb-2018,295,CE,0,0,0,4.25,3.75,0,0,0,0,19-DEC-2017,
OPTSTK,JSWSTEEL,22-Feb-2018,300,CE,0,0,0,3.45,3.05,0,0,0,0,19-DEC-2017,
OPTSTK,JSWSTEEL,22-Feb-2018,305,CE,0,0,0,2.85,2.45,0,0,0,0,19-DEC-2017,
OPTSTK,JSWSTEEL,22-Feb-2018,310,CE,0,0,0,2.3,1.95,0,0,0,0,19-DEC-2017,
OPTSTK,JSWSTEEL,22-Feb-2018,315,CE,0,0,0,1.85,1.55,0,0,0,0,19-DEC-2017,
OPTSTK,JSWSTEEL,22-Feb-2018,320,CE,0,0,0,1.5,1.2,0,0,0,0,19-DEC-2017,
OPTSTK,JSWSTEEL,22-Feb-2018,175,PE,0,0,0,0.05,0.05,0,0,0,0,19-DEC-2017,
OPTSTK,JSWSTEEL,22-Feb-2018,180,PE,0,0,0,0.1,0.05,0,0,0,0,19-DEC-2017,
OPTSTK,JSWSTEEL,22-Feb-2018,185,PE,0,0,0,0.15,0.1,0,0,0,0,19-DEC-2017,
OPTSTK,JSWSTEEL,22-Feb-2018,190,PE,0,0,0,0.25,0.15,0,0,0,0,19-DEC-2017,
OPTSTK,JSWSTEEL,22-Feb-2018,195,PE,0,0,0,0.4,0.25,0,0,0,0,19-DEC-2017,
OPTSTK,JSWSTEEL,22-Feb-2018,200,PE,0,0,0,0.6,0.4,0,0,0,0,19-DEC-2017,
OPTSTK,JSWSTEEL,22-Feb-2018,205,PE,0,0,0,0.9,0.65,0,0,0,0,19-DEC-2017,
OPTSTK,JSWSTEEL,22-Feb-2018,210,PE,0,0,0,1.3,0.95,0,0,0,0,19-DEC-2017,
OPTSTK,JSWSTEEL,22-Feb-2018,215,PE,0,0,0,1.8,1.4,0,0,0,0,19-DEC-2017,
OPTSTK,JSWSTEEL,22-Feb-2018,220,PE,0,0,0,2.5,2,0,0,0,0,19-DEC-2017,
OPTSTK,JSWSTEEL,22-Feb-2018,225,PE,0,0,0,3.35,2.75,0,0,0,0,19-DEC-2017,
OPTSTK,JSWSTEEL,22-Feb-2018,230,PE,0,0,0,4.45,3.7,0,0,0,0,19-DEC-2017,
OPTSTK,JSWSTEEL,22-Feb-2018,235,PE,0,0,0,5.75,4.9,0,0,0,0,19-DEC-2017,
OPTSTK,JSWSTEEL,22-Feb-2018,240,PE,0,0,0,7.25,6.3,0,0,0,0,19-DEC-2017,
OPTSTK,JSWSTEEL,22-Feb-2018,245,PE,0,0,0,9.05,8,0,0,0,0,19-DEC-2017,
OPTSTK,JSWSTEEL,22-Feb-2018,250,PE,0,0,0,11.05,9.95,0,0,0,0,19-DEC-2017,
OPTSTK,JSWSTEEL,22-Feb-2018,255,PE,0,0,0,13.35,12.2,0,0,0,0,19-DEC-2017,
OPTSTK,JSWSTEEL,22-Feb-2018,260,PE,0,0,0,15.9,14.7,0,0,0,0,19-DEC-2017,
OPTSTK,JSWSTEEL,22-Feb-2018,265,PE,0,0,0,18.7,17.5,0,0,0,0,19-DEC-2017,
OPTSTK,JSWSTEEL,22-Feb-2018,270,PE,0,0,0,21.75,20.5,0,0,0,0,19-DEC-2017,
OPTSTK,JSWSTEEL,22-Feb-2018,275,PE,0,0,0,25.05,23.8,0,0,0,0,19-DEC-2017,
OPTSTK,JSWSTEEL,22-Feb-2018,280,PE,0,0,0,28.5,27.3,0,0,0,0,19-DEC-2017,
OPTSTK,JSWSTEEL,22-Feb-2018,285,PE,0,0,0,32.2,31.05,0,0,0,0,19-DEC-2017,
OPTSTK,JSWSTEEL,22-Feb-2018,290,PE,0,0,0,36.05,34.95,0,0,0,0,19-DEC-2017,
OPTSTK,JSWSTEEL,22-Feb-2018,295,PE,0,0,0,40.1,39,0,0,0,0,19-DEC-2017,
OPTSTK,JSWSTEEL,22-Feb-2018,300,PE,0,0,0,44.25,43.2,0,0,0,0,19-DEC-2017,
OPTSTK,JSWSTEEL,22-Feb-2018,305,PE,0,0,0,48.55,47.55,0,0,0,0,19-DEC-2017,
OPTSTK,JSWSTEEL,22-Feb-2018,310,PE,0,0,0,52.9,52,0,0,0,0,19-DEC-2017,
OPTSTK,JSWSTEEL,22-Feb-2018,315,PE,0,0,0,57.4,56.55,0,0,0,0,19-DEC-2017,
OPTSTK,JSWSTEEL,22-Feb-2018,320,PE,0,0,0,61.95,61.15,0,0,0,0,19-DEC-2017,
OPTSTK,JUBLFOOD,28-Dec-2017,1000,CE,0,0,0,400.95,764.75,0,0,0,0,19-DEC-2017,
OPTSTK,JUBLFOOD,28-Dec-2017,1050,CE,0,0,0,735,714.85,0,0,500,0,19-DEC-2017,
OPTSTK,JUBLFOOD,28-Dec-2017,1100,CE,0,0,0,316.1,664.95,0,0,0,0,19-DEC-2017,
OPTSTK,JUBLFOOD,28-Dec-2017,1150,CE,0,0,0,277.25,615,0,0,0,0,19-DEC-2017,
OPTSTK,JUBLFOOD,28-Dec-2017,1200,CE,0,0,0,241.2,565.1,0,0,0,0,19-DEC-2017,
OPTSTK,JUBLFOOD,28-Dec-2017,1250,CE,0,0,0,208.1,515.15,0,0,0,0,19-DEC-2017,
OPTSTK,JUBLFOOD,28-Dec-2017,1300,CE,0,0,0,178.2,465.25,0,0,0,0,19-DEC-2017,
OPTSTK,JUBLFOOD,28-Dec-2017,1350,CE,0,0,0,151.45,415.3,0,0,0,0,19-DEC-2017,
OPTSTK,JUBLFOOD,28-Dec-2017,1400,CE,0,0,0,127.8,365.4,0,0,0,0,19-DEC-2017,
OPTSTK,JUBLFOOD,28-Dec-2017,1450,CE,0,0,0,345,315.5,0,0,4500,0,19-DEC-2017,
OPTSTK,JUBLFOOD,28-Dec-2017,1500,CE,0,0,0,301,265.55,0,0,1000,0,19-DEC-2017,
OPTSTK,JUBLFOOD,28-Dec-2017,1550,CE,0,0,0,257.25,215.75,0,0,500,0,19-DEC-2017,
OPTSTK,JUBLFOOD,28-Dec-2017,1600,CE,0,0,0,132.9,166.5,0,0,1500,0,19-DEC-2017,
OPTSTK,JUBLFOOD,28-Dec-2017,1650,CE,121.95,121.95,121.95,121.95,121.95,1,8.85,5000,-500,19-DEC-2017,
OPTSTK,JUBLFOOD,28-Dec-2017,1700,CE,63.9,80.6,63.9,74.85,74.85,52,461.03,22000,-6000,19-DEC-2017,
OPTSTK,JUBLFOOD,28-Dec-2017,1750,CE,36.4,45.5,36.4,40.4,40.4,304,2720.64,53000,-21500,19-DEC-2017,
OPTSTK,JUBLFOOD,28-Dec-2017,1800,CE,16.95,22.5,16.55,18.8,18.8,496,4512.07,152000,15500,19-DEC-2017,
OPTSTK,JUBLFOOD,28-Dec-2017,1850,CE,6.4,9.4,6.3,7.3,7.3,107,993.88,127500,-500,19-DEC-2017,
OPTSTK,JUBLFOOD,28-Dec-2017,1900,CE,2.5,5.7,2.3,4.15,4.15,96,913.63,114000,-3000,19-DEC-2017,
OPTSTK,JUBLFOOD,28-Dec-2017,1950,CE,2.1,2.1,2.1,2.1,2.1,1,9.76,7500,0,19-DEC-2017,
OPTSTK,JUBLFOOD,28-Dec-2017,2000,CE,1.1,1.8,1.1,1.8,1.8,3,30.02,14000,0,19-DEC-2017,
OPTSTK,JUBLFOOD,28-Dec-2017,2050,CE,0,0,0,18,0.05,0,0,0,0,19-DEC-2017,
OPTSTK,JUBLFOOD,28-Dec-2017,2100,CE,0,0,0,3,0.05,0,0,500,0,19-DEC-2017,
OPTSTK,JUBLFOOD,28-Dec-2017,1000,PE,0,0,0,9.55,0,0,0,0,0,19-DEC-2017,
OPTSTK,JUBLFOOD,28-Dec-2017,1050,PE,0,0,0,15.25,0,0,0,0,0,19-DEC-2017,
OPTSTK,JUBLFOOD,28-Dec-2017,1100,PE,0,0,0,23.1,0,0,0,0,0,19-DEC-2017,
OPTSTK,JUBLFOOD,28-Dec-2017,1150,PE,0,0,0,33.5,0,0,0,0,0,19-DEC-2017,
OPTSTK,JUBLFOOD,28-Dec-2017,1200,PE,0,0,0,46.7,0,0,0,0,0,19-DEC-2017,
OPTSTK,JUBLFOOD,28-Dec-2017,1250,PE,0,0,0,62.8,0,0,0,0,0,19-DEC-2017,
OPTSTK,JUBLFOOD,28-Dec-2017,1300,PE,0,0,0,82.15,0,0,0,0,0,19-DEC-2017,
OPTSTK,JUBLFOOD,28-Dec-2017,1350,PE,0,0,0,104.6,0,0,0,0,0,19-DEC-2017,
OPTSTK,JUBLFOOD,28-Dec-2017,1400,PE,0,0,0,130.15,0,0,0,0,0,19-DEC-2017,
OPTSTK,JUBLFOOD,28-Dec-2017,1450,PE,0,0,0,158.65,0,0,0,0,0,19-DEC-2017,
OPTSTK,JUBLFOOD,28-Dec-2017,1500,PE,0,0,0,2,0.05,0,0,9000,0,19-DEC-2017,
OPTSTK,JUBLFOOD,28-Dec-2017,1550,PE,0,0,0,1.15,0.15,0,0,11000,0,19-DEC-2017,
OPTSTK,JUBLFOOD,28-Dec-2017,1600,PE,1.4,1.95,1.05,1.3,1.3,22,176.16,115500,500,19-DEC-2017,
OPTSTK,JUBLFOOD,28-Dec-2017,1650,PE,6.1,6.15,2,3.6,3.6,37,306.04,35500,2000,19-DEC-2017,
OPTSTK,JUBLFOOD,28-Dec-2017,1700,PE,14,14.2,7.75,9.15,9.15,91,778.17,66000,5000,19-DEC-2017,
OPTSTK,JUBLFOOD,28-Dec-2017,1750,PE,30.75,30.75,20.1,22.05,22.05,41,363.94,58000,500,19-DEC-2017,
OPTSTK,JUBLFOOD,28-Dec-2017,1800,PE,51.95,56.15,50.15,51,51,6,55.57,5500,0,19-DEC-2017,
OPTSTK,JUBLFOOD,28-Dec-2017,1850,PE,0,0,0,115.15,92.7,0,0,1500,0,19-DEC-2017,
OPTSTK,JUBLFOOD,28-Dec-2017,1900,PE,145,145,145,145,145,1,10.22,500,0,19-DEC-2017,
OPTSTK,JUBLFOOD,28-Dec-2017,1950,PE,0,0,0,557.35,184.65,0,0,0,0,19-DEC-2017,
OPTSTK,JUBLFOOD,28-Dec-2017,2000,PE,236,236,233,234.5,234.5,2,22.34,1000,0,19-DEC-2017,
OPTSTK,JUBLFOOD,28-Dec-2017,2050,PE,0,0,0,556.15,283.7,0,0,0,0,19-DEC-2017,
OPTSTK,JUBLFOOD,28-Dec-2017,2100,PE,0,0,0,602.05,333.55,0,0,0,0,19-DEC-2017,
OPTSTK,JUBLFOOD,25-Jan-2018,1050,CE,0,0,0,611.65,720.05,0,0,0,0,19-DEC-2017,
OPTSTK,JUBLFOOD,25-Jan-2018,1100,CE,0,0,0,564.25,670.4,0,0,0,0,19-DEC-2017,
OPTSTK,JUBLFOOD,25-Jan-2018,1150,CE,0,0,0,517.8,620.7,0,0,0,0,19-DEC-2017,
OPTSTK,JUBLFOOD,25-Jan-2018,1200,CE,0,0,0,472.55,571.05,0,0,0,0,19-DEC-2017,
OPTSTK,JUBLFOOD,25-Jan-2018,1250,CE,0,0,0,428.75,521.35,0,0,0,0,19-DEC-2017,
OPTSTK,JUBLFOOD,25-Jan-2018,1300,CE,0,0,0,386.8,471.75,0,0,0,0,19-DEC-2017,
OPTSTK,JUBLFOOD,25-Jan-2018,1350,CE,0,0,0,346.85,422.2,0,0,0,0,19-DEC-2017,
OPTSTK,JUBLFOOD,25-Jan-2018,1400,CE,0,0,0,309.25,372.9,0,0,0,0,19-DEC-2017,
OPTSTK,JUBLFOOD,25-Jan-2018,1450,CE,0,0,0,274,324.15,0,0,0,0,19-DEC-2017,
OPTSTK,JUBLFOOD,25-Jan-2018,1500,CE,0,0,0,241.3,276.45,0,0,0,0,19-DEC-2017,
OPTSTK,JUBLFOOD,25-Jan-2018,1550,CE,0,0,0,211.35,230.6,0,0,0,0,19-DEC-2017,
OPTSTK,JUBLFOOD,25-Jan-2018,1600,CE,0,0,0,184.1,187.55,0,0,0,0,19-DEC-2017,
OPTSTK,JUBLFOOD,25-Jan-2018,1650,CE,0,0,0,159.5,148.3,0,0,0,0,19-DEC-2017,
OPTSTK,JUBLFOOD,25-Jan-2018,1700,CE,0,0,0,137.45,113.65,0,0,0,0,19-DEC-2017,
OPTSTK,JUBLFOOD,25-Jan-2018,1750,CE,0,0,0,117.85,84.35,0,0,0,0,19-DEC-2017,
OPTSTK,JUBLFOOD,25-Jan-2018,1800,CE,0,0,0,60.3,60.55,0,0,1000,0,19-DEC-2017,
OPTSTK,JUBLFOOD,25-Jan-2018,1850,CE,0,0,0,85.45,42,0,0,0,0,19-DEC-2017,
OPTSTK,JUBLFOOD,25-Jan-2018,1900,CE,34.95,36,34.95,35,35,74,715.95,34500,29500,19-DEC-2017,
OPTSTK,JUBLFOOD,25-Jan-2018,1950,CE,0,0,0,61,18.3,0,0,0,0,19-DEC-2017,
OPTSTK,JUBLFOOD,25-Jan-2018,2000,CE,20.55,20.55,18,18,18,41,413.8,16000,16000,19-DEC-2017,
OPTSTK,JUBLFOOD,25-Jan-2018,2050,CE,0,0,0,42.75,7,0,0,0,0,19-DEC-2017,
OPTSTK,JUBLFOOD,25-Jan-2018,2100,CE,0,0,0,35.65,4.1,0,0,0,0,19-DEC-2017,
OPTSTK,JUBLFOOD,25-Jan-2018,1050,PE,0,0,0,2.5,0,0,0,0,0,19-DEC-2017,
OPTSTK,JUBLFOOD,25-Jan-2018,1100,PE,0,0,0,4.35,0,0,0,0,0,19-DEC-2017,
OPTSTK,JUBLFOOD,25-Jan-2018,1150,PE,0,0,0,7.1,0,0,0,0,0,19-DEC-2017,
OPTSTK,JUBLFOOD,25-Jan-2018,1200,PE,0,0,0,11.05,0,0,0,0,0,19-DEC-2017,
OPTSTK,JUBLFOOD,25-Jan-2018,1250,PE,0,0,0,16.5,0.05,0,0,0,0,19-DEC-2017,
OPTSTK,JUBLFOOD,25-Jan-2018,1300,PE,0,0,0,23.75,0.05,0,0,0,0,19-DEC-2017,
OPTSTK,JUBLFOOD,25-Jan-2018,1350,PE,0,0,0,33.05,0.2,0,0,0,0,19-DEC-2017,
OPTSTK,JUBLFOOD,25-Jan-2018,1400,PE,0,0,0,44.65,0.55,0,0,0,0,19-DEC-2017,
OPTSTK,JUBLFOOD,25-Jan-2018,1450,PE,0,0,0,58.6,1.5,0,0,0,0,19-DEC-2017,
OPTSTK,JUBLFOOD,25-Jan-2018,1500,PE,0,0,0,75.15,3.5,0,0,0,0,19-DEC-2017,
OPTSTK,JUBLFOOD,25-Jan-2018,1550,PE,0,0,0,94.4,7.3,0,0,0,0,19-DEC-2017,
OPTSTK,JUBLFOOD,25-Jan-2018,1600,PE,19,19,19,19,19,1,8.09,3500,500,19-DEC-2017,
OPTSTK,JUBLFOOD,25-Jan-2018,1650,PE,0,0,0,140.95,24.4,0,0,0,0,19-DEC-2017,
OPTSTK,JUBLFOOD,25-Jan-2018,1700,PE,0,0,0,168.15,39.4,0,0,0,0,19-DEC-2017,
OPTSTK,JUBLFOOD,25-Jan-2018,1750,PE,0,0,0,197.75,59.75,0,0,0,0,19-DEC-2017,
OPTSTK,JUBLFOOD,25-Jan-2018,1800,PE,0,0,0,229.7,85.6,0,0,0,0,19-DEC-2017,
OPTSTK,JUBLFOOD,25-Jan-2018,1850,PE,0,0,0,263.75,116.75,0,0,0,0,19-DEC-2017,
OPTSTK,JUBLFOOD,25-Jan-2018,1900,PE,0,0,0,299.9,152.7,0,0,0,0,19-DEC-2017,
OPTSTK,JUBLFOOD,25-Jan-2018,1950,PE,0,0,0,337.75,192.4,0,0,0,0,19-DEC-2017,
OPTSTK,JUBLFOOD,25-Jan-2018,2000,PE,0,0,0,377.15,235.25,0,0,0,0,19-DEC-2017,
OPTSTK,JUBLFOOD,25-Jan-2018,2050,PE,0,0,0,418,280.45,0,0,0,0,19-DEC-2017,
OPTSTK,JUBLFOOD,25-Jan-2018,2100,PE,0,0,0,460.05,327.25,0,0,0,0,19-DEC-2017,
OPTSTK,JUBLFOOD,22-Feb-2018,1200,CE,0,0,0,593.3,577,0,0,0,0,19-DEC-2017,
OPTSTK,JUBLFOOD,22-Feb-2018,1250,CE,0,0,0,544.65,527.75,0,0,0,0,19-DEC-2017,
OPTSTK,JUBLFOOD,22-Feb-2018,1300,CE,0,0,0,496.5,478.7,0,0,0,0,19-DEC-2017,
OPTSTK,JUBLFOOD,22-Feb-2018,1350,CE,0,0,0,449.2,430.15,0,0,0,0,19-DEC-2017,
OPTSTK,JUBLFOOD,22-Feb-2018,1400,CE,0,0,0,402.95,382.3,0,0,0,0,19-DEC-2017,
OPTSTK,JUBLFOOD,22-Feb-2018,1450,CE,0,0,0,358.25,335.7,0,0,0,0,19-DEC-2017,
OPTSTK,JUBLFOOD,22-Feb-2018,1500,CE,0,0,0,315.5,290.8,0,0,0,0,19-DEC-2017,
OPTSTK,JUBLFOOD,22-Feb-2018,1550,CE,0,0,0,275.05,248.25,0,0,0,0,19-DEC-2017,
OPTSTK,JUBLFOOD,22-Feb-2018,1600,CE,0,0,0,237.4,208.6,0,0,0,0,19-DEC-2017,
OPTSTK,JUBLFOOD,22-Feb-2018,1650,CE,0,0,0,202.6,172.35,0,0,0,0,19-DEC-2017,
OPTSTK,JUBLFOOD,22-Feb-2018,1700,CE,0,0,0,171.1,140.05,0,0,0,0,19-DEC-2017,
OPTSTK,JUBLFOOD,22-Feb-2018,1750,CE,0,0,0,143,111.85,0,0,0,0,19-DEC-2017,
OPTSTK,JUBLFOOD,22-Feb-2018,1800,CE,0,0,0,118.25,87.75,0,0,0,0,19-DEC-2017,
OPTSTK,JUBLFOOD,22-Feb-2018,1850,CE,0,0,0,96.75,67.65,0,0,0,0,19-DEC-2017,
OPTSTK,JUBLFOOD,22-Feb-2018,1900,CE,0,0,0,78.35,51.3,0,0,0,0,19-DEC-2017,
OPTSTK,JUBLFOOD,22-Feb-2018,1950,CE,0,0,0,62.85,38.3,0,0,0,0,19-DEC-2017,
OPTSTK,JUBLFOOD,22-Feb-2018,2000,CE,0,0,0,50,28.05,0,0,0,0,19-DEC-2017,
OPTSTK,JUBLFOOD,22-Feb-2018,2050,CE,0,0,0,39.35,20.25,0,0,0,0,19-DEC-2017,
OPTSTK,JUBLFOOD,22-Feb-2018,2100,CE,0,0,0,30.7,14.4,0,0,0,0,19-DEC-2017,
OPTSTK,JUBLFOOD,22-Feb-2018,1200,PE,0,0,0,0.6,0.1,0,0,0,0,19-DEC-2017,
OPTSTK,JUBLFOOD,22-Feb-2018,1250,PE,0,0,0,1.25,0.3,0,0,0,0,19-DEC-2017,
OPTSTK,JUBLFOOD,22-Feb-2018,1300,PE,0,0,0,2.35,0.7,0,0,0,0,19-DEC-2017,
OPTSTK,JUBLFOOD,22-Feb-2018,1350,PE,0,0,0,4.3,1.55,0,0,0,0,19-DEC-2017,
OPTSTK,JUBLFOOD,22-Feb-2018,1400,PE,0,0,0,7.35,3.15,0,0,0,0,19-DEC-2017,
OPTSTK,JUBLFOOD,22-Feb-2018,1450,PE,0,0,0,11.95,5.95,0,0,0,0,19-DEC-2017,
OPTSTK,JUBLFOOD,22-Feb-2018,1500,PE,0,0,0,18.45,10.5,0,0,0,0,19-DEC-2017,
OPTSTK,JUBLFOOD,22-Feb-2018,1550,PE,0,0,0,27.25,17.35,0,0,0,0,19-DEC-2017,
OPTSTK,JUBLFOOD,22-Feb-2018,1600,PE,0,0,0,38.85,27.15,0,0,0,0,19-DEC-2017,
OPTSTK,JUBLFOOD,22-Feb-2018,1650,PE,0,0,0,53.35,40.35,0,0,0,0,19-DEC-2017,
OPTSTK,JUBLFOOD,22-Feb-2018,1700,PE,0,0,0,71.15,57.5,0,0,0,0,19-DEC-2017,
OPTSTK,JUBLFOOD,22-Feb-2018,1750,PE,0,0,0,92.3,78.7,0,0,0,0,19-DEC-2017,
OPTSTK,JUBLFOOD,22-Feb-2018,1800,PE,0,0,0,116.8,104.05,0,0,0,0,19-DEC-2017,
OPTSTK,JUBLFOOD,22-Feb-2018,1850,PE,0,0,0,144.6,133.35,0,0,0,0,19-DEC-2017,
OPTSTK,JUBLFOOD,22-Feb-2018,1900,PE,0,0,0,175.45,166.4,0,0,0,0,19-DEC-2017,
OPTSTK,JUBLFOOD,22-Feb-2018,1950,PE,0,0,0,209.2,202.9,0,0,0,0,19-DEC-2017,
OPTSTK,JUBLFOOD,22-Feb-2018,2000,PE,0,0,0,245.65,242.05,0,0,0,0,19-DEC-2017,
OPTSTK,JUBLFOOD,22-Feb-2018,2050,PE,0,0,0,284.25,283.7,0,0,0,0,19-DEC-2017,
OPTSTK,JUBLFOOD,22-Feb-2018,2100,PE,0,0,0,324.9,327.25,0,0,0,0,19-DEC-2017,
OPTSTK,JUSTDIAL,28-Dec-2017,250,CE,0,0,0,250,246.2,0,0,2400,0,19-DEC-2017,
OPTSTK,JUSTDIAL,28-Dec-2017,260,CE,0,0,0,117.35,236.2,0,0,0,0,19-DEC-2017,
OPTSTK,JUSTDIAL,28-Dec-2017,270,CE,0,0,0,108.45,226.25,0,0,0,0,19-DEC-2017,
OPTSTK,JUSTDIAL,28-Dec-2017,280,CE,0,0,0,99.8,216.25,0,0,0,0,19-DEC-2017,
OPTSTK,JUSTDIAL,28-Dec-2017,290,CE,0,0,0,91.5,206.25,0,0,0,0,19-DEC-2017,
OPTSTK,JUSTDIAL,28-Dec-2017,300,CE,0,0,0,83.55,196.3,0,0,0,0,19-DEC-2017,
OPTSTK,JUSTDIAL,28-Dec-2017,310,CE,0,0,0,75.95,186.3,0,0,0,0,19-DEC-2017,
OPTSTK,JUSTDIAL,28-Dec-2017,320,CE,0,0,0,183.25,176.3,0,0,2400,0,19-DEC-2017,
OPTSTK,JUSTDIAL,28-Dec-2017,330,CE,0,0,0,173.3,166.35,0,0,2400,0,19-DEC-2017,
OPTSTK,JUSTDIAL,28-Dec-2017,340,CE,0,0,0,55.7,156.35,0,0,0,0,19-DEC-2017,
OPTSTK,JUSTDIAL,28-Dec-2017,350,CE,0,0,0,49.85,146.35,0,0,0,0,19-DEC-2017,
OPTSTK,JUSTDIAL,28-Dec-2017,360,CE,0,0,0,44.45,136.4,0,0,0,0,19-DEC-2017,
OPTSTK,JUSTDIAL,28-Dec-2017,370,CE,0,0,0,39.5,126.4,0,0,0,0,19-DEC-2017,
OPTSTK,JUSTDIAL,28-Dec-2017,380,CE,0,0,0,34.95,116.4,0,0,0,0,19-DEC-2017,
OPTSTK,JUSTDIAL,28-Dec-2017,390,CE,0,0,0,30.85,106.45,0,0,0,0,19-DEC-2017,
OPTSTK,JUSTDIAL,28-Dec-2017,400,CE,0,0,0,27.15,96.5,0,0,0,0,19-DEC-2017,
OPTSTK,JUSTDIAL,28-Dec-2017,410,CE,0,0,0,23.8,86.6,0,0,0,0,19-DEC-2017,
OPTSTK,JUSTDIAL,28-Dec-2017,420,CE,0,0,0,20.8,76.75,0,0,0,0,19-DEC-2017,
OPTSTK,JUSTDIAL,28-Dec-2017,430,CE,0,0,0,18.15,67.1,0,0,0,0,19-DEC-2017,
OPTSTK,JUSTDIAL,28-Dec-2017,440,CE,0,0,0,15.8,57.7,0,0,0,0,19-DEC-2017,
OPTSTK,JUSTDIAL,28-Dec-2017,450,CE,0,0,0,55.15,48.7,0,0,2400,0,19-DEC-2017,
OPTSTK,JUSTDIAL,28-Dec-2017,460,CE,0,0,0,42.3,40.25,0,0,4800,0,19-DEC-2017,
OPTSTK,JUSTDIAL,28-Dec-2017,470,CE,0,0,0,38,32.55,0,0,3600,0,19-DEC-2017,
OPTSTK,JUSTDIAL,28-Dec-2017,480,CE,0,0,0,31.4,25.6,0,0,9600,0,19-DEC-2017,
OPTSTK,JUSTDIAL,28-Dec-2017,490,CE,19.5,19.5,18,18,18,2,12.21,21600,0,19-DEC-2017,
OPTSTK,JUSTDIAL,28-Dec-2017,500,CE,19,19,12.4,13.75,13.75,102,629.31,204000,25200,19-DEC-2017,
OPTSTK,JUSTDIAL,28-Dec-2017,510,CE,10.7,11,9,10.35,10.35,66,411.54,56400,12000,19-DEC-2017,
OPTSTK,JUSTDIAL,28-Dec-2017,520,CE,8.5,9.2,6.3,6.95,6.95,79,499.62,217200,30000,19-DEC-2017,
OPTSTK,JUSTDIAL,28-Dec-2017,530,CE,6.5,6.5,4.6,5.6,5.6,12,77.11,76800,-2400,19-DEC-2017,
OPTSTK,JUSTDIAL,28-Dec-2017,540,CE,4.35,4.35,3.35,3.85,3.85,26,169.69,116400,7200,19-DEC-2017,
OPTSTK,JUSTDIAL,28-Dec-2017,550,CE,3.05,3.4,2.75,3.25,3.25,23,152.64,212400,7200,19-DEC-2017,
OPTSTK,JUSTDIAL,28-Dec-2017,560,CE,1.45,2.75,1.45,2.4,2.4,14,94.49,75600,-6000,19-DEC-2017,
OPTSTK,JUSTDIAL,28-Dec-2017,570,CE,2,2.25,2,2.2,2.2,6,41.18,42000,-1200,19-DEC-2017,
OPTSTK,JUSTDIAL,28-Dec-2017,580,CE,1.45,1.45,0.85,1.35,1.35,5,34.87,37200,-2400,19-DEC-2017,
OPTSTK,JUSTDIAL,28-Dec-2017,590,CE,1,1,1,1,1,3,21.27,14400,1200,19-DEC-2017,
OPTSTK,JUSTDIAL,28-Dec-2017,600,CE,2,2,0.85,0.85,0.85,26,187.53,120000,10800,19-DEC-2017,
OPTSTK,JUSTDIAL,28-Dec-2017,610,CE,0,0,0,2.2,0.1,0,0,19200,0,19-DEC-2017,
OPTSTK,JUSTDIAL,28-Dec-2017,620,CE,0,0,0,1.55,0.05,0,0,8400,0,19-DEC-2017,
OPTSTK,JUSTDIAL,28-Dec-2017,630,CE,0,0,0,2.4,0.05,0,0,14400,0,19-DEC-2017,
OPTSTK,JUSTDIAL,28-Dec-2017,250,PE,0,0,0,1.45,0,0,0,0,0,19-DEC-2017,
OPTSTK,JUSTDIAL,28-Dec-2017,260,PE,0,0,0,2.15,0,0,0,0,0,19-DEC-2017,
OPTSTK,JUSTDIAL,28-Dec-2017,270,PE,0,0,0,3.1,0,0,0,0,0,19-DEC-2017,
OPTSTK,JUSTDIAL,28-Dec-2017,280,PE,0,0,0,4.3,0,0,0,0,0,19-DEC-2017,
OPTSTK,JUSTDIAL,28-Dec-2017,290,PE,0,0,0,5.85,0,0,0,0,0,19-DEC-2017,
OPTSTK,JUSTDIAL,28-Dec-2017,300,PE,0,0,0,7.7,0,0,0,0,0,19-DEC-2017,
OPTSTK,JUSTDIAL,28-Dec-2017,310,PE,0,0,0,9.95,0,0,0,0,0,19-DEC-2017,
OPTSTK,JUSTDIAL,28-Dec-2017,320,PE,0,0,0,12.65,0,0,0,0,0,19-DEC-2017,
OPTSTK,JUSTDIAL,28-Dec-2017,330,PE,0,0,0,15.75,0,0,0,0,0,19-DEC-2017,
OPTSTK,JUSTDIAL,28-Dec-2017,340,PE,0,0,0,19.25,0,0,0,0,0,19-DEC-2017,
OPTSTK,JUSTDIAL,28-Dec-2017,350,PE,0,0,0,23.25,0,0,0,0,0,19-DEC-2017,
OPTSTK,JUSTDIAL,28-Dec-2017,360,PE,0,0,0,27.7,0,0,0,0,0,19-DEC-2017,
OPTSTK,JUSTDIAL,28-Dec-2017,370,PE,0,0,0,32.6,0,0,0,0,0,19-DEC-2017,
OPTSTK,JUSTDIAL,28-Dec-2017,380,PE,0,0,0,37.9,0.05,0,0,0,0,19-DEC-2017,
OPTSTK,JUSTDIAL,28-Dec-2017,390,PE,0,0,0,1.25,0.05,0,0,1200,0,19-DEC-2017,
OPTSTK,JUSTDIAL,28-Dec-2017,400,PE,0,0,0,1.25,0.05,0,0,3600,0,19-DEC-2017,
OPTSTK,JUSTDIAL,28-Dec-2017,410,PE,0,0,0,1.25,0.15,0,0,2400,0,19-DEC-2017,
OPTSTK,JUSTDIAL,28-Dec-2017,420,PE,0,0,0,1.5,0.3,0,0,6000,0,19-DEC-2017,
OPTSTK,JUSTDIAL,28-Dec-2017,430,PE,0,0,0,2,0.65,0,0,13200,0,19-DEC-2017,
OPTSTK,JUSTDIAL,28-Dec-2017,440,PE,0,0,0,3.1,1.25,0,0,9600,0,19-DEC-2017,
OPTSTK,JUSTDIAL,28-Dec-2017,450,PE,2.5,2.5,2.5,2.5,2.5,1,5.43,38400,0,19-DEC-2017,
OPTSTK,JUSTDIAL,28-Dec-2017,460,PE,3.95,3.95,2.9,3.05,3.05,8,44.48,20400,-1200,19-DEC-2017,
OPTSTK,JUSTDIAL,28-Dec-2017,470,PE,5.6,5.6,4.25,4.25,4.25,2,11.39,44400,-1200,19-DEC-2017,
OPTSTK,JUSTDIAL,28-Dec-2017,480,PE,8.05,9,7.2,7.2,7.2,9,52.69,52800,3600,19-DEC-2017,
OPTSTK,JUSTDIAL,28-Dec-2017,490,PE,13.55,13.6,10,10,10,11,66.28,18000,0,19-DEC-2017,
OPTSTK,JUSTDIAL,28-Dec-2017,500,PE,16,17,15.45,15.45,15.45,9,55.76,66000,3600,19-DEC-2017,
OPTSTK,JUSTDIAL,28-Dec-2017,510,PE,23,24,20.35,20.35,20.35,5,31.95,28800,1200,19-DEC-2017,
OPTSTK,JUSTDIAL,28-Dec-2017,520,PE,30.15,30.15,30.15,30.15,30.15,1,6.6,30000,-1200,19-DEC-2017,
OPTSTK,JUSTDIAL,28-Dec-2017,530,PE,37,40,37,40,40,4,27.27,22800,-2400,19-DEC-2017,
OPTSTK,JUSTDIAL,28-Dec-2017,540,PE,0,0,0,45.55,46.8,0,0,4800,0,19-DEC-2017,
OPTSTK,JUSTDIAL,28-Dec-2017,550,PE,0,0,0,54.75,55.55,0,0,8400,0,19-DEC-2017,
OPTSTK,JUSTDIAL,28-Dec-2017,560,PE,0,0,0,64.35,64.75,0,0,13200,0,19-DEC-2017,
OPTSTK,JUSTDIAL,28-Dec-2017,570,PE,0,0,0,80.45,74.2,0,0,14400,0,19-DEC-2017,
OPTSTK,JUSTDIAL,28-Dec-2017,580,PE,83.95,83.95,83.95,83.95,83.95,1,7.96,4800,-1200,19-DEC-2017,
OPTSTK,JUSTDIAL,28-Dec-2017,590,PE,0,0,0,90.25,93.6,0,0,4800,0,19-DEC-2017,
OPTSTK,JUSTDIAL,28-Dec-2017,600,PE,0,0,0,157.65,103.45,0,0,0,0,19-DEC-2017,
OPTSTK,JUSTDIAL,28-Dec-2017,610,PE,0,0,0,145.6,113.35,0,0,0,0,19-DEC-2017,
OPTSTK,JUSTDIAL,28-Dec-2017,620,PE,0,0,0,154.5,123.3,0,0,0,0,19-DEC-2017,
OPTSTK,JUSTDIAL,28-Dec-2017,630,PE,0,0,0,163.55,133.25,0,0,0,0,19-DEC-2017,
OPTSTK,JUSTDIAL,25-Jan-2018,250,CE,0,0,0,160.65,247.45,0,0,0,0,19-DEC-2017,
OPTSTK,JUSTDIAL,25-Jan-2018,260,CE,0,0,0,150.95,237.5,0,0,0,0,19-DEC-2017,
OPTSTK,JUSTDIAL,25-Jan-2018,270,CE,0,0,0,141.35,227.6,0,0,0,0,19-DEC-2017,
OPTSTK,JUSTDIAL,25-Jan-2018,280,CE,0,0,0,131.9,217.65,0,0,0,0,19-DEC-2017,
OPTSTK,JUSTDIAL,25-Jan-2018,290,CE,0,0,0,122.6,207.7,0,0,0,0,19-DEC-2017,
OPTSTK,JUSTDIAL,25-Jan-2018,300,CE,0,0,0,113.5,197.8,0,0,0,0,19-DEC-2017,
OPTSTK,JUSTDIAL,25-Jan-2018,310,CE,0,0,0,104.65,187.9,0,0,0,0,19-DEC-2017,
OPTSTK,JUSTDIAL,25-Jan-2018,320,CE,0,0,0,96.05,178,0,0,0,0,19-DEC-2017,
OPTSTK,JUSTDIAL,25-Jan-2018,330,CE,0,0,0,87.75,168.1,0,0,0,0,19-DEC-2017,
OPTSTK,JUSTDIAL,25-Jan-2018,340,CE,0,0,0,79.85,158.3,0,0,0,0,19-DEC-2017,
OPTSTK,JUSTDIAL,25-Jan-2018,350,CE,0,0,0,72.35,148.5,0,0,0,0,19-DEC-2017,
OPTSTK,JUSTDIAL,25-Jan-2018,360,CE,0,0,0,65.2,138.85,0,0,0,0,19-DEC-2017,
OPTSTK,JUSTDIAL,25-Jan-2018,370,CE,0,0,0,58.5,129.25,0,0,0,0,19-DEC-2017,
OPTSTK,JUSTDIAL,25-Jan-2018,380,CE,0,0,0,52.3,119.85,0,0,0,0,19-DEC-2017,
OPTSTK,JUSTDIAL,25-Jan-2018,390,CE,0,0,0,46.55,110.6,0,0,0,0,19-DEC-2017,
OPTSTK,JUSTDIAL,25-Jan-2018,400,CE,0,0,0,41.25,101.6,0,0,0,0,19-DEC-2017,
OPTSTK,JUSTDIAL,25-Jan-2018,410,CE,0,0,0,36.4,92.9,0,0,0,0,19-DEC-2017,
OPTSTK,JUSTDIAL,25-Jan-2018,420,CE,0,0,0,32,84.45,0,0,0,0,19-DEC-2017,
OPTSTK,JUSTDIAL,25-Jan-2018,430,CE,0,0,0,28,76.4,0,0,0,0,19-DEC-2017,
OPTSTK,JUSTDIAL,25-Jan-2018,440,CE,0,0,0,24.4,68.75,0,0,0,0,19-DEC-2017,
OPTSTK,JUSTDIAL,25-Jan-2018,450,CE,0,0,0,21.2,61.55,0,0,0,0,19-DEC-2017,
OPTSTK,JUSTDIAL,25-Jan-2018,460,CE,0,0,0,18.35,54.75,0,0,0,0,19-DEC-2017,
OPTSTK,JUSTDIAL,25-Jan-2018,470,CE,0,0,0,15.9,48.45,0,0,0,0,19-DEC-2017,
OPTSTK,JUSTDIAL,25-Jan-2018,480,CE,0,0,0,13.65,42.65,0,0,0,0,19-DEC-2017,
OPTSTK,JUSTDIAL,25-Jan-2018,490,CE,0,0,0,11.7,37.35,0,0,0,0,19-DEC-2017,
OPTSTK,JUSTDIAL,25-Jan-2018,500,CE,0,0,0,10,32.5,0,0,0,0,19-DEC-2017,
OPTSTK,JUSTDIAL,25-Jan-2018,510,CE,0,0,0,8.55,28.15,0,0,0,0,19-DEC-2017,
OPTSTK,JUSTDIAL,25-Jan-2018,520,CE,0,0,0,7.25,24.25,0,0,0,0,19-DEC-2017,
OPTSTK,JUSTDIAL,25-Jan-2018,530,CE,0,0,0,6.15,20.8,0,0,0,0,19-DEC-2017,
OPTSTK,JUSTDIAL,25-Jan-2018,540,CE,0,0,0,26.85,17.7,0,0,1400,0,19-DEC-2017,
OPTSTK,JUSTDIAL,25-Jan-2018,550,CE,0,0,0,4.4,15.05,0,0,0,0,19-DEC-2017,
OPTSTK,JUSTDIAL,25-Jan-2018,560,CE,0,0,0,3.7,12.7,0,0,0,0,19-DEC-2017,
OPTSTK,JUSTDIAL,25-Jan-2018,570,CE,0,0,0,3.15,10.7,0,0,0,0,19-DEC-2017,
OPTSTK,JUSTDIAL,25-Jan-2018,580,CE,0,0,0,9.75,8.95,0,0,0,0,19-DEC-2017,
OPTSTK,JUSTDIAL,25-Jan-2018,590,CE,0,0,0,8.6,7.45,0,0,0,0,19-DEC-2017,
OPTSTK,JUSTDIAL,25-Jan-2018,600,CE,0,0,0,7.6,6.2,0,0,0,0,19-DEC-2017,
OPTSTK,JUSTDIAL,25-Jan-2018,610,CE,0,0,0,14,5.1,0,0,0,0,19-DEC-2017,
OPTSTK,JUSTDIAL,25-Jan-2018,620,CE,0,0,0,12.65,4.2,0,0,0,0,19-DEC-2017,
OPTSTK,JUSTDIAL,25-Jan-2018,630,CE,0,0,0,11.4,3.45,0,0,0,0,19-DEC-2017,
OPTSTK,JUSTDIAL,25-Jan-2018,250,PE,0,0,0,0.25,0,0,0,0,0,19-DEC-2017,
OPTSTK,JUSTDIAL,25-Jan-2018,260,PE,0,0,0,0.45,0,0,0,0,0,19-DEC-2017,
OPTSTK,JUSTDIAL,25-Jan-2018,270,PE,0,0,0,0.7,0,0,0,0,0,19-DEC-2017,
OPTSTK,JUSTDIAL,25-Jan-2018,280,PE,0,0,0,1.05,0,0,0,0,0,19-DEC-2017,
OPTSTK,JUSTDIAL,25-Jan-2018,290,PE,0,0,0,1.6,0.05,0,0,0,0,19-DEC-2017,
OPTSTK,JUSTDIAL,25-Jan-2018,300,PE,0,0,0,2.35,0.05,0,0,0,0,19-DEC-2017,
OPTSTK,JUSTDIAL,25-Jan-2018,310,PE,0,0,0,3.3,0.05,0,0,0,0,19-DEC-2017,
OPTSTK,JUSTDIAL,25-Jan-2018,320,PE,0,0,0,4.55,0.1,0,0,0,0,19-DEC-2017,
OPTSTK,JUSTDIAL,25-Jan-2018,330,PE,0,0,0,6.15,0.15,0,0,0,0,19-DEC-2017,
OPTSTK,JUSTDIAL,25-Jan-2018,340,PE,0,0,0,8.05,0.25,0,0,0,0,19-DEC-2017,
OPTSTK,JUSTDIAL,25-Jan-2018,350,PE,0,0,0,10.4,0.45,0,0,0,0,19-DEC-2017,
OPTSTK,JUSTDIAL,25-Jan-2018,360,PE,0,0,0,13.1,0.7,0,0,0,0,19-DEC-2017,
OPTSTK,JUSTDIAL,25-Jan-2018,370,PE,0,0,0,16.25,1.05,0,0,0,0,19-DEC-2017,
OPTSTK,JUSTDIAL,25-Jan-2018,380,PE,0,0,0,19.9,1.55,0,0,0,0,19-DEC-2017,
OPTSTK,JUSTDIAL,25-Jan-2018,390,PE,0,0,0,24,2.25,0,0,0,0,19-DEC-2017,
OPTSTK,JUSTDIAL,25-Jan-2018,400,PE,0,0,0,28.5,3.2,0,0,0,0,19-DEC-2017,
OPTSTK,JUSTDIAL,25-Jan-2018,410,PE,0,0,0,33.5,4.4,0,0,0,0,19-DEC-2017,
OPTSTK,JUSTDIAL,25-Jan-2018,420,PE,0,0,0,38.95,5.95,0,0,0,0,19-DEC-2017,
OPTSTK,JUSTDIAL,25-Jan-2018,430,PE,0,0,0,44.8,7.8,0,0,0,0,19-DEC-2017,
OPTSTK,JUSTDIAL,25-Jan-2018,440,PE,0,0,0,51.05,10.1,0,0,0,0,19-DEC-2017,
OPTSTK,JUSTDIAL,25-Jan-2018,450,PE,0,0,0,57.7,12.8,0,0,0,0,19-DEC-2017,
OPTSTK,JUSTDIAL,25-Jan-2018,460,PE,0,0,0,64.7,15.95,0,0,0,0,19-DEC-2017,
OPTSTK,JUSTDIAL,25-Jan-2018,470,PE,0,0,0,72.05,19.6,0,0,0,0,19-DEC-2017,
OPTSTK,JUSTDIAL,25-Jan-2018,480,PE,0,0,0,79.7,23.75,0,0,0,0,19-DEC-2017,
OPTSTK,JUSTDIAL,25-Jan-2018,490,PE,0,0,0,87.6,28.35,0,0,0,0,19-DEC-2017,
OPTSTK,JUSTDIAL,25-Jan-2018,500,PE,0,0,0,95.75,33.45,0,0,0,0,19-DEC-2017,
OPTSTK,JUSTDIAL,25-Jan-2018,510,PE,0,0,0,104.1,39.05,0,0,0,0,19-DEC-2017,
OPTSTK,JUSTDIAL,25-Jan-2018,520,PE,0,0,0,112.65,45.05,0,0,0,0,19-DEC-2017,
OPTSTK,JUSTDIAL,25-Jan-2018,530,PE,0,0,0,121.4,51.55,0,0,0,0,19-DEC-2017,
OPTSTK,JUSTDIAL,25-Jan-2018,540,PE,0,0,0,130.3,58.4,0,0,0,0,19-DEC-2017,
OPTSTK,JUSTDIAL,25-Jan-2018,550,PE,0,0,0,139.35,65.7,0,0,0,0,19-DEC-2017,
OPTSTK,JUSTDIAL,25-Jan-2018,560,PE,0,0,0,148.5,73.3,0,0,0,0,19-DEC-2017,
OPTSTK,JUSTDIAL,25-Jan-2018,570,PE,0,0,0,157.75,81.15,0,0,0,0,19-DEC-2017,
OPTSTK,JUSTDIAL,25-Jan-2018,580,PE,0,0,0,141.3,89.35,0,0,0,0,19-DEC-2017,
OPTSTK,JUSTDIAL,25-Jan-2018,590,PE,0,0,0,150,97.8,0,0,0,0,19-DEC-2017,
OPTSTK,JUSTDIAL,25-Jan-2018,600,PE,0,0,0,158.85,106.5,0,0,0,0,19-DEC-2017,
OPTSTK,JUSTDIAL,25-Jan-2018,610,PE,0,0,0,149.1,115.35,0,0,0,0,19-DEC-2017,
OPTSTK,JUSTDIAL,25-Jan-2018,620,PE,0,0,0,157.6,124.35,0,0,0,0,19-DEC-2017,
OPTSTK,JUSTDIAL,25-Jan-2018,630,PE,0,0,0,166.2,133.55,0,0,0,0,19-DEC-2017,
OPTSTK,JUSTDIAL,22-Feb-2018,370,CE,0,0,0,173.05,133.65,0,0,0,0,19-DEC-2017,
OPTSTK,JUSTDIAL,22-Feb-2018,380,CE,0,0,0,164.7,124.9,0,0,0,0,19-DEC-2017,
OPTSTK,JUSTDIAL,22-Feb-2018,390,CE,0,0,0,156.6,116.4,0,0,0,0,19-DEC-2017,
OPTSTK,JUSTDIAL,22-Feb-2018,400,CE,0,0,0,148.7,108.15,0,0,0,0,19-DEC-2017,
OPTSTK,JUSTDIAL,22-Feb-2018,410,CE,0,0,0,141.05,100.2,0,0,0,0,19-DEC-2017,
OPTSTK,JUSTDIAL,22-Feb-2018,420,CE,0,0,0,133.65,92.6,0,0,0,0,19-DEC-2017,
OPTSTK,JUSTDIAL,22-Feb-2018,430,CE,0,0,0,126.5,85.3,0,0,0,0,19-DEC-2017,
OPTSTK,JUSTDIAL,22-Feb-2018,440,CE,0,0,0,119.55,78.35,0,0,0,0,19-DEC-2017,
OPTSTK,JUSTDIAL,22-Feb-2018,450,CE,0,0,0,112.9,71.7,0,0,0,0,19-DEC-2017,
OPTSTK,JUSTDIAL,22-Feb-2018,460,CE,0,0,0,106.45,65.5,0,0,0,0,19-DEC-2017,
OPTSTK,JUSTDIAL,22-Feb-2018,470,CE,0,0,0,100.3,59.65,0,0,0,0,19-DEC-2017,
OPTSTK,JUSTDIAL,22-Feb-2018,480,CE,0,0,0,94.4,54.15,0,0,0,0,19-DEC-2017,
OPTSTK,JUSTDIAL,22-Feb-2018,490,CE,0,0,0,88.8,49.05,0,0,0,0,19-DEC-2017,
OPTSTK,JUSTDIAL,22-Feb-2018,500,CE,0,0,0,83.4,44.3,0,0,0,0,19-DEC-2017,
OPTSTK,JUSTDIAL,22-Feb-2018,510,CE,0,0,0,78.3,39.95,0,0,0,0,19-DEC-2017,
OPTSTK,JUSTDIAL,22-Feb-2018,520,CE,0,0,0,73.4,35.9,0,0,0,0,19-DEC-2017,
OPTSTK,JUSTDIAL,22-Feb-2018,530,CE,0,0,0,68.8,32.2,0,0,0,0,19-DEC-2017,
OPTSTK,JUSTDIAL,22-Feb-2018,540,CE,0,0,0,64.4,28.8,0,0,0,0,19-DEC-2017,
OPTSTK,JUSTDIAL,22-Feb-2018,550,CE,0,0,0,60.25,25.7,0,0,0,0,19-DEC-2017,
OPTSTK,JUSTDIAL,22-Feb-2018,560,CE,0,0,0,56.3,22.85,0,0,0,0,19-DEC-2017,
OPTSTK,JUSTDIAL,22-Feb-2018,570,CE,0,0,0,52.6,20.35,0,0,0,0,19-DEC-2017,
OPTSTK,JUSTDIAL,22-Feb-2018,580,CE,0,0,0,49.05,18.05,0,0,0,0,19-DEC-2017,
OPTSTK,JUSTDIAL,22-Feb-2018,590,CE,0,0,0,45.75,16,0,0,0,0,19-DEC-2017,
OPTSTK,JUSTDIAL,22-Feb-2018,600,CE,0,0,0,42.65,14.1,0,0,0,0,19-DEC-2017,
OPTSTK,JUSTDIAL,22-Feb-2018,610,CE,0,0,0,39.75,12.45,0,0,0,0,19-DEC-2017,
OPTSTK,JUSTDIAL,22-Feb-2018,620,CE,0,0,0,37,10.95,0,0,0,0,19-DEC-2017,
OPTSTK,JUSTDIAL,22-Feb-2018,630,CE,0,0,0,34.45,9.6,0,0,0,0,19-DEC-2017,
OPTSTK,JUSTDIAL,22-Feb-2018,370,PE,0,0,0,7.5,3.65,0,0,0,0,19-DEC-2017,
OPTSTK,JUSTDIAL,22-Feb-2018,380,PE,0,0,0,9.05,4.8,0,0,0,0,19-DEC-2017,
OPTSTK,JUSTDIAL,22-Feb-2018,390,PE,0,0,0,10.8,6.15,0,0,0,0,19-DEC-2017,
OPTSTK,JUSTDIAL,22-Feb-2018,400,PE,0,0,0,12.75,7.8,0,0,0,0,19-DEC-2017,
OPTSTK,JUSTDIAL,22-Feb-2018,410,PE,0,0,0,14.95,9.75,0,0,0,0,19-DEC-2017,
OPTSTK,JUSTDIAL,22-Feb-2018,420,PE,0,0,0,17.4,12,0,0,0,0,19-DEC-2017,
OPTSTK,JUSTDIAL,22-Feb-2018,430,PE,0,0,0,20.05,14.6,0,0,0,0,19-DEC-2017,
OPTSTK,JUSTDIAL,22-Feb-2018,440,PE,0,0,0,23,17.5,0,0,0,0,19-DEC-2017,
OPTSTK,JUSTDIAL,22-Feb-2018,450,PE,0,0,0,26.2,20.8,0,0,0,0,19-DEC-2017,
OPTSTK,JUSTDIAL,22-Feb-2018,460,PE,0,0,0,29.6,24.45,0,0,0,0,19-DEC-2017,
OPTSTK,JUSTDIAL,22-Feb-2018,470,PE,0,0,0,33.3,28.5,0,0,0,0,19-DEC-2017,
OPTSTK,JUSTDIAL,22-Feb-2018,480,PE,0,0,0,37.25,32.9,0,0,0,0,19-DEC-2017,
OPTSTK,JUSTDIAL,22-Feb-2018,490,PE,0,0,0,41.5,37.7,0,0,0,0,19-DEC-2017,
OPTSTK,JUSTDIAL,22-Feb-2018,500,PE,0,0,0,45.95,42.8,0,0,0,0,19-DEC-2017,
OPTSTK,JUSTDIAL,22-Feb-2018,510,PE,0,0,0,50.7,48.3,0,0,0,0,19-DEC-2017,
OPTSTK,JUSTDIAL,22-Feb-2018,520,PE,0,0,0,55.7,54.15,0,0,0,0,19-DEC-2017,
OPTSTK,JUSTDIAL,22-Feb-2018,530,PE,0,0,0,60.9,60.35,0,0,0,0,19-DEC-2017,
OPTSTK,JUSTDIAL,22-Feb-2018,540,PE,0,0,0,66.35,66.85,0,0,0,0,19-DEC-2017,
OPTSTK,JUSTDIAL,22-Feb-2018,550,PE,0,0,0,72.05,73.6,0,0,0,0,19-DEC-2017,
OPTSTK,JUSTDIAL,22-Feb-2018,560,PE,0,0,0,78,80.7,0,0,0,0,19-DEC-2017,
OPTSTK,JUSTDIAL,22-Feb-2018,570,PE,0,0,0,84.1,88.05,0,0,0,0,19-DEC-2017,
OPTSTK,JUSTDIAL,22-Feb-2018,580,PE,0,0,0,90.45,95.65,0,0,0,0,19-DEC-2017,
OPTSTK,JUSTDIAL,22-Feb-2018,590,PE,0,0,0,97,103.45,0,0,0,0,19-DEC-2017,
OPTSTK,JUSTDIAL,22-Feb-2018,600,PE,0,0,0,103.75,111.45,0,0,0,0,19-DEC-2017,
OPTSTK,JUSTDIAL,22-Feb-2018,610,PE,0,0,0,110.7,119.7,0,0,0,0,19-DEC-2017,
OPTSTK,JUSTDIAL,22-Feb-2018,620,PE,0,0,0,117.8,128.1,0,0,0,0,19-DEC-2017,
OPTSTK,JUSTDIAL,22-Feb-2018,630,PE,0,0,0,125.1,136.65,0,0,0,0,19-DEC-2017,
OPTSTK,KAJARIACER,28-Dec-2017,480,CE,0,0,0,231.75,231.15,0,0,0,0,19-DEC-2017,
OPTSTK,KAJARIACER,28-Dec-2017,500,CE,0,0,0,212.5,211.2,0,0,0,0,19-DEC-2017,
OPTSTK,KAJARIACER,28-Dec-2017,520,CE,0,0,0,193.55,191.25,0,0,0,0,19-DEC-2017,
OPTSTK,KAJARIACER,28-Dec-2017,540,CE,0,0,0,175,171.25,0,0,0,0,19-DEC-2017,
OPTSTK,KAJARIACER,28-Dec-2017,560,CE,0,0,0,157.05,151.3,0,0,0,0,19-DEC-2017,
OPTSTK,KAJARIACER,28-Dec-2017,580,CE,0,0,0,139.75,131.3,0,0,0,0,19-DEC-2017,
OPTSTK,KAJARIACER,28-Dec-2017,600,CE,0,0,0,123.3,111.35,0,0,0,0,19-DEC-2017,
OPTSTK,KAJARIACER,28-Dec-2017,620,CE,0,0,0,107.85,91.4,0,0,0,0,19-DEC-2017,
OPTSTK,KAJARIACER,28-Dec-2017,640,CE,0,0,0,93.5,71.45,0,0,0,0,19-DEC-2017,
OPTSTK,KAJARIACER,28-Dec-2017,660,CE,0,0,0,80.3,51.75,0,0,0,0,19-DEC-2017,
OPTSTK,KAJARIACER,28-Dec-2017,680,CE,0,0,0,22,33.25,0,0,3200,0,19-DEC-2017,
OPTSTK,KAJARIACER,28-Dec-2017,700,CE,14,17.95,13.95,15.95,15.95,19,108.78,22400,-8800,19-DEC-2017,
OPTSTK,KAJARIACER,28-Dec-2017,720,CE,7,8,5.5,6.7,6.7,36,209.27,107200,-800,19-DEC-2017,
OPTSTK,KAJARIACER,28-Dec-2017,740,CE,1.7,2.9,1.05,2.6,2.6,20,118.79,72000,-4800,19-DEC-2017,
OPTSTK,KAJARIACER,28-Dec-2017,760,CE,0,0,0,1.3,0.6,0,0,7200,0,19-DEC-2017,
OPTSTK,KAJARIACER,28-Dec-2017,780,CE,0,0,0,2.5,0.15,0,0,3200,0,19-DEC-2017,
OPTSTK,KAJARIACER,28-Dec-2017,800,CE,0,0,0,1,0.05,0,0,4000,0,19-DEC-2017,
OPTSTK,KAJARIACER,28-Dec-2017,820,CE,0,0,0,17.5,0,0,0,0,0,19-DEC-2017,
OPTSTK,KAJARIACER,28-Dec-2017,840,CE,0,0,0,13.95,0,0,0,0,0,19-DEC-2017,
OPTSTK,KAJARIACER,28-Dec-2017,860,CE,0,0,0,11.05,0,0,0,0,0,19-DEC-2017,
OPTSTK,KAJARIACER,28-Dec-2017,880,CE,0,0,0,8.7,0,0,0,0,0,19-DEC-2017,
OPTSTK,KAJARIACER,28-Dec-2017,900,CE,0,0,0,6.8,0,0,0,0,0,19-DEC-2017,
OPTSTK,KAJARIACER,28-Dec-2017,480,PE,0,0,0,0.5,0,0,0,0,0,19-DEC-2017,
OPTSTK,KAJARIACER,28-Dec-2017,500,PE,0,0,0,0.95,0,0,0,0,0,19-DEC-2017,
OPTSTK,KAJARIACER,28-Dec-2017,520,PE,0,0,0,1.7,0,0,0,0,0,19-DEC-2017,
OPTSTK,KAJARIACER,28-Dec-2017,540,PE,0,0,0,2.85,0,0,0,0,0,19-DEC-2017,
OPTSTK,KAJARIACER,28-Dec-2017,560,PE,0,0,0,4.55,0,0,0,0,0,19-DEC-2017,
OPTSTK,KAJARIACER,28-Dec-2017,580,PE,0,0,0,7,0,0,0,0,0,19-DEC-2017,
OPTSTK,KAJARIACER,28-Dec-2017,600,PE,0,0,0,10.25,0,0,0,0,0,19-DEC-2017,
OPTSTK,KAJARIACER,28-Dec-2017,620,PE,0,0,0,14.45,0,0,0,0,0,19-DEC-2017,
OPTSTK,KAJARIACER,28-Dec-2017,640,PE,0,0,0,19.8,0.05,0,0,0,0,19-DEC-2017,
OPTSTK,KAJARIACER,28-Dec-2017,660,PE,0,0,0,26.3,0.35,0,0,0,0,19-DEC-2017,
OPTSTK,KAJARIACER,28-Dec-2017,680,PE,2.5,2.5,2.5,2.5,2.5,5,27.3,4000,-4000,19-DEC-2017,
OPTSTK,KAJARIACER,28-Dec-2017,700,PE,6,6,6,6,6,2,11.29,15200,-800,19-DEC-2017,
OPTSTK,KAJARIACER,28-Dec-2017,720,PE,16.25,16.25,16,16,16,3,17.66,800,0,19-DEC-2017,
OPTSTK,KAJARIACER,28-Dec-2017,740,PE,0,0,0,25,30.95,0,0,800,0,19-DEC-2017,
OPTSTK,KAJARIACER,28-Dec-2017,760,PE,0,0,0,77.35,49.05,0,0,0,0,19-DEC-2017,
OPTSTK,KAJARIACER,28-Dec-2017,780,PE,0,0,0,90.95,68.5,0,0,0,0,19-DEC-2017,
OPTSTK,KAJARIACER,28-Dec-2017,800,PE,0,0,0,105.55,88.4,0,0,0,0,19-DEC-2017,
OPTSTK,KAJARIACER,28-Dec-2017,820,PE,0,0,0,121,108.35,0,0,0,0,19-DEC-2017,
OPTSTK,KAJARIACER,28-Dec-2017,840,PE,0,0,0,137.15,128.3,0,0,0,0,19-DEC-2017,
OPTSTK,KAJARIACER,28-Dec-2017,860,PE,0,0,0,153.95,148.3,0,0,0,0,19-DEC-2017,
OPTSTK,KAJARIACER,28-Dec-2017,880,PE,0,0,0,171.25,168.25,0,0,0,0,19-DEC-2017,
OPTSTK,KAJARIACER,28-Dec-2017,900,PE,0,0,0,189.05,188.2,0,0,0,0,19-DEC-2017,
OPTSTK,KAJARIACER,25-Jan-2018,480,CE,0,0,0,220.75,233.55,0,0,0,0,19-DEC-2017,
OPTSTK,KAJARIACER,25-Jan-2018,500,CE,0,0,0,201.15,213.65,0,0,0,0,19-DEC-2017,
OPTSTK,KAJARIACER,25-Jan-2018,520,CE,0,0,0,181.7,193.8,0,0,0,0,19-DEC-2017,
OPTSTK,KAJARIACER,25-Jan-2018,540,CE,0,0,0,162.45,173.95,0,0,0,0,19-DEC-2017,
OPTSTK,KAJARIACER,25-Jan-2018,560,CE,0,0,0,143.55,154.1,0,0,0,0,19-DEC-2017,
OPTSTK,KAJARIACER,25-Jan-2018,580,CE,0,0,0,125.25,134.25,0,0,0,0,19-DEC-2017,
OPTSTK,KAJARIACER,25-Jan-2018,600,CE,0,0,0,107.7,114.6,0,0,0,0,19-DEC-2017,
OPTSTK,KAJARIACER,25-Jan-2018,620,CE,0,0,0,91.2,95.3,0,0,0,0,19-DEC-2017,
OPTSTK,KAJARIACER,25-Jan-2018,640,CE,0,0,0,76,76.7,0,0,0,0,19-DEC-2017,
OPTSTK,KAJARIACER,25-Jan-2018,660,CE,0,0,0,62.25,59.4,0,0,0,0,19-DEC-2017,
OPTSTK,KAJARIACER,25-Jan-2018,680,CE,0,0,0,50.1,43.95,0,0,0,0,19-DEC-2017,
OPTSTK,KAJARIACER,25-Jan-2018,700,CE,0,0,0,39.6,30.9,0,0,0,0,19-DEC-2017,
OPTSTK,KAJARIACER,25-Jan-2018,720,CE,0,0,0,30.75,20.6,0,0,0,0,19-DEC-2017,
OPTSTK,KAJARIACER,25-Jan-2018,740,CE,0,0,0,23.5,12.95,0,0,0,0,19-DEC-2017,
OPTSTK,KAJARIACER,25-Jan-2018,760,CE,0,0,0,17.6,7.7,0,0,0,0,19-DEC-2017,
OPTSTK,KAJARIACER,25-Jan-2018,780,CE,0,0,0,13,4.35,0,0,0,0,19-DEC-2017,
OPTSTK,KAJARIACER,25-Jan-2018,800,CE,0,0,0,9.45,2.3,0,0,0,0,19-DEC-2017,
OPTSTK,KAJARIACER,25-Jan-2018,820,CE,0,0,0,6.75,1.15,0,0,0,0,19-DEC-2017,
OPTSTK,KAJARIACER,25-Jan-2018,840,CE,0,0,0,4.75,0.55,0,0,0,0,19-DEC-2017,
OPTSTK,KAJARIACER,25-Jan-2018,860,CE,0,0,0,3.3,0.25,0,0,0,0,19-DEC-2017,
OPTSTK,KAJARIACER,25-Jan-2018,880,CE,0,0,0,2.25,0.1,0,0,0,0,19-DEC-2017,
OPTSTK,KAJARIACER,25-Jan-2018,900,CE,0,0,0,1.55,0.05,0,0,0,0,19-DEC-2017,
OPTSTK,KAJARIACER,25-Jan-2018,480,PE,0,0,0,0.1,0,0,0,0,0,19-DEC-2017,
OPTSTK,KAJARIACER,25-Jan-2018,500,PE,0,0,0,0.15,0,0,0,0,0,19-DEC-2017,
OPTSTK,KAJARIACER,25-Jan-2018,520,PE,0,0,0,0.4,0,0,0,0,0,19-DEC-2017,
OPTSTK,KAJARIACER,25-Jan-2018,540,PE,0,0,0,0.8,0,0,0,0,0,19-DEC-2017,
OPTSTK,KAJARIACER,25-Jan-2018,560,PE,0,0,0,1.6,0.05,0,0,0,0,19-DEC-2017,
OPTSTK,KAJARIACER,25-Jan-2018,580,PE,0,0,0,3,0.1,0,0,0,0,19-DEC-2017,
OPTSTK,KAJARIACER,25-Jan-2018,600,PE,0,0,0,5.15,0.3,0,0,0,0,19-DEC-2017,
OPTSTK,KAJARIACER,25-Jan-2018,620,PE,0,0,0,8.35,0.85,0,0,0,0,19-DEC-2017,
OPTSTK,KAJARIACER,25-Jan-2018,640,PE,0,0,0,12.85,2.15,0,0,0,0,19-DEC-2017,
OPTSTK,KAJARIACER,25-Jan-2018,660,PE,0,0,0,18.75,4.7,0,0,0,0,19-DEC-2017,
OPTSTK,KAJARIACER,25-Jan-2018,680,PE,0,0,0,26.3,9.1,0,0,0,0,19-DEC-2017,
OPTSTK,KAJARIACER,25-Jan-2018,700,PE,0,0,0,35.5,15.95,0,0,0,0,19-DEC-2017,
OPTSTK,KAJARIACER,25-Jan-2018,720,PE,0,0,0,46.3,25.5,0,0,0,0,19-DEC-2017,
OPTSTK,KAJARIACER,25-Jan-2018,740,PE,0,0,0,58.7,37.75,0,0,0,0,19-DEC-2017,
OPTSTK,KAJARIACER,25-Jan-2018,760,PE,0,0,0,72.55,52.35,0,0,0,0,19-DEC-2017,
OPTSTK,KAJARIACER,25-Jan-2018,780,PE,0,0,0,87.65,68.85,0,0,0,0,19-DEC-2017,
OPTSTK,KAJARIACER,25-Jan-2018,800,PE,0,0,0,103.75,86.7,0,0,0,0,19-DEC-2017,
OPTSTK,KAJARIACER,25-Jan-2018,820,PE,0,0,0,120.75,105.4,0,0,0,0,19-DEC-2017,
OPTSTK,KAJARIACER,25-Jan-2018,840,PE,0,0,0,138.45,124.7,0,0,0,0,19-DEC-2017,
OPTSTK,KAJARIACER,25-Jan-2018,860,PE,0,0,0,156.65,144.25,0,0,0,0,19-DEC-2017,
OPTSTK,KAJARIACER,25-Jan-2018,880,PE,0,0,0,175.3,164,0,0,0,0,19-DEC-2017,
OPTSTK,KAJARIACER,25-Jan-2018,900,PE,0,0,0,194.25,183.8,0,0,0,0,19-DEC-2017,
OPTSTK,KAJARIACER,22-Feb-2018,480,CE,0,0,0,251.05,235.9,0,0,0,0,19-DEC-2017,
OPTSTK,KAJARIACER,22-Feb-2018,500,CE,0,0,0,231.35,216.15,0,0,0,0,19-DEC-2017,
OPTSTK,KAJARIACER,22-Feb-2018,520,CE,0,0,0,211.7,196.35,0,0,0,0,19-DEC-2017,
OPTSTK,KAJARIACER,22-Feb-2018,540,CE,0,0,0,192.1,176.65,0,0,0,0,19-DEC-2017,
OPTSTK,KAJARIACER,22-Feb-2018,560,CE,0,0,0,172.6,157.05,0,0,0,0,19-DEC-2017,
OPTSTK,KAJARIACER,22-Feb-2018,580,CE,0,0,0,153.3,137.6,0,0,0,0,19-DEC-2017,
OPTSTK,KAJARIACER,22-Feb-2018,600,CE,0,0,0,134.45,118.6,0,0,0,0,19-DEC-2017,
OPTSTK,KAJARIACER,22-Feb-2018,620,CE,0,0,0,116.15,100.2,0,0,0,0,19-DEC-2017,
OPTSTK,KAJARIACER,22-Feb-2018,640,CE,0,0,0,98.75,82.85,0,0,0,0,19-DEC-2017,
OPTSTK,KAJARIACER,22-Feb-2018,660,CE,0,0,0,82.45,66.8,0,0,0,0,19-DEC-2017,
OPTSTK,KAJARIACER,22-Feb-2018,680,CE,0,0,0,67.6,52.45,0,0,0,0,19-DEC-2017,
OPTSTK,KAJARIACER,22-Feb-2018,700,CE,0,0,0,54.25,40.05,0,0,0,0,19-DEC-2017,
OPTSTK,KAJARIACER,22-Feb-2018,720,CE,0,0,0,42.7,29.65,0,0,0,0,19-DEC-2017,
OPTSTK,KAJARIACER,22-Feb-2018,740,CE,0,0,0,32.9,21.35,0,0,0,0,19-DEC-2017,
OPTSTK,KAJARIACER,22-Feb-2018,760,CE,0,0,0,24.8,14.9,0,0,0,0,19-DEC-2017,
OPTSTK,KAJARIACER,22-Feb-2018,780,CE,0,0,0,18.35,10.15,0,0,0,0,19-DEC-2017,
OPTSTK,KAJARIACER,22-Feb-2018,800,CE,0,0,0,13.3,6.7,0,0,0,0,19-DEC-2017,
OPTSTK,KAJARIACER,22-Feb-2018,820,CE,0,0,0,9.45,4.3,0,0,0,0,19-DEC-2017,
OPTSTK,KAJARIACER,22-Feb-2018,840,CE,0,0,0,6.6,2.65,0,0,0,0,19-DEC-2017,
OPTSTK,KAJARIACER,22-Feb-2018,860,CE,0,0,0,4.5,1.65,0,0,0,0,19-DEC-2017,
OPTSTK,KAJARIACER,22-Feb-2018,880,CE,0,0,0,3,0.95,0,0,0,0,19-DEC-2017,
OPTSTK,KAJARIACER,22-Feb-2018,900,CE,0,0,0,2,0.55,0,0,0,0,19-DEC-2017,
OPTSTK,KAJARIACER,22-Feb-2018,480,PE,0,0,0,0.05,0,0,0,0,0,19-DEC-2017,
OPTSTK,KAJARIACER,22-Feb-2018,500,PE,0,0,0,0.05,0.05,0,0,0,0,19-DEC-2017,
OPTSTK,KAJARIACER,22-Feb-2018,520,PE,0,0,0,0.05,0.05,0,0,0,0,19-DEC-2017,
OPTSTK,KAJARIACER,22-Feb-2018,540,PE,0,0,0,0.15,0.1,0,0,0,0,19-DEC-2017,
OPTSTK,KAJARIACER,22-Feb-2018,560,PE,0,0,0,0.35,0.25,0,0,0,0,19-DEC-2017,
OPTSTK,KAJARIACER,22-Feb-2018,580,PE,0,0,0,0.8,0.6,0,0,0,0,19-DEC-2017,
OPTSTK,KAJARIACER,22-Feb-2018,600,PE,0,0,0,1.65,1.35,0,0,0,0,19-DEC-2017,
OPTSTK,KAJARIACER,22-Feb-2018,620,PE,0,0,0,3.1,2.75,0,0,0,0,19-DEC-2017,
OPTSTK,KAJARIACER,22-Feb-2018,640,PE,0,0,0,5.35,5.15,0,0,0,0,19-DEC-2017,
OPTSTK,KAJARIACER,22-Feb-2018,660,PE,0,0,0,8.8,8.85,0,0,0,0,19-DEC-2017,
OPTSTK,KAJARIACER,22-Feb-2018,680,PE,0,0,0,13.6,14.3,0,0,0,0,19-DEC-2017,
OPTSTK,KAJARIACER,22-Feb-2018,700,PE,0,0,0,20,21.65,0,0,0,0,19-DEC-2017,
OPTSTK,KAJARIACER,22-Feb-2018,720,PE,0,0,0,28.15,31.05,0,0,0,0,19-DEC-2017,
OPTSTK,KAJARIACER,22-Feb-2018,740,PE,0,0,0,38.05,42.5,0,0,0,0,19-DEC-2017,
OPTSTK,KAJARIACER,22-Feb-2018,760,PE,0,0,0,49.7,55.85,0,0,0,0,19-DEC-2017,
OPTSTK,KAJARIACER,22-Feb-2018,780,PE,0,0,0,62.9,70.85,0,0,0,0,19-DEC-2017,
OPTSTK,KAJARIACER,22-Feb-2018,800,PE,0,0,0,77.6,87.15,0,0,0,0,19-DEC-2017,
OPTSTK,KAJARIACER,22-Feb-2018,820,PE,0,0,0,93.45,104.55,0,0,0,0,19-DEC-2017,
OPTSTK,KAJARIACER,22-Feb-2018,840,PE,0,0,0,110.3,122.7,0,0,0,0,19-DEC-2017,
OPTSTK,KAJARIACER,22-Feb-2018,860,PE,0,0,0,127.9,141.4,0,0,0,0,19-DEC-2017,
OPTSTK,KAJARIACER,22-Feb-2018,880,PE,0,0,0,146.15,160.55,0,0,0,0,19-DEC-2017,
OPTSTK,KAJARIACER,22-Feb-2018,900,PE,0,0,0,164.85,179.9,0,0,0,0,19-DEC-2017,
OPTSTK,KOTAKBANK,28-Dec-2017,800,CE,0,0,0,218.55,222.6,0,0,0,0,19-DEC-2017,
OPTSTK,KOTAKBANK,28-Dec-2017,820,CE,0,0,0,182.5,202.65,0,0,3200,0,19-DEC-2017,
OPTSTK,KOTAKBANK,28-Dec-2017,840,CE,0,0,0,180.75,182.7,0,0,0,0,19-DEC-2017,
OPTSTK,KOTAKBANK,28-Dec-2017,860,CE,0,0,0,162.45,162.7,0,0,0,0,19-DEC-2017,
OPTSTK,KOTAKBANK,28-Dec-2017,880,CE,0,0,0,144.75,142.75,0,0,0,0,19-DEC-2017,
OPTSTK,KOTAKBANK,28-Dec-2017,900,CE,0,0,0,127.8,122.75,0,0,0,0,19-DEC-2017,
OPTSTK,KOTAKBANK,28-Dec-2017,920,CE,0,0,0,89.25,102.8,0,0,4000,0,19-DEC-2017,
OPTSTK,KOTAKBANK,28-Dec-2017,940,CE,0,0,0,71.5,82.85,0,0,3200,0,19-DEC-2017,
OPTSTK,KOTAKBANK,28-Dec-2017,960,CE,0,0,0,82.8,63,0,0,0,0,19-DEC-2017,
OPTSTK,KOTAKBANK,28-Dec-2017,980,CE,0,0,0,48.5,43.7,0,0,7200,0,19-DEC-2017,
OPTSTK,KOTAKBANK,28-Dec-2017,1000,CE,26.95,26.95,21.5,24,24,7,57.36,51200,-800,19-DEC-2017,
OPTSTK,KOTAKBANK,28-Dec-2017,1020,CE,16.6,17.05,10.1,11.95,11.95,540,4457.88,264800,64800,19-DEC-2017,
OPTSTK,KOTAKBANK,28-Dec-2017,1040,CE,8.1,8.25,4.75,5.45,5.45,565,4726.08,396000,96800,19-DEC-2017,
OPTSTK,KOTAKBANK,28-Dec-2017,1060,CE,3.8,3.8,2.05,2.45,2.45,210,1785.17,228000,13600,19-DEC-2017,
OPTSTK,KOTAKBANK,28-Dec-2017,1080,CE,1.95,1.95,1.1,1.4,1.4,109,943.08,75200,-10400,19-DEC-2017,
OPTSTK,KOTAKBANK,28-Dec-2017,1100,CE,0.5,1.25,0.5,1.15,1.15,39,343.55,105600,-9600,19-DEC-2017,
OPTSTK,KOTAKBANK,28-Dec-2017,1120,CE,1,1.25,1,1,1,36,322.85,76000,21600,19-DEC-2017,
OPTSTK,KOTAKBANK,28-Dec-2017,1140,CE,0,0,0,1,0,0,0,800,0,19-DEC-2017,
OPTSTK,KOTAKBANK,28-Dec-2017,1160,CE,0,0,0,9.5,0,0,0,0,0,19-DEC-2017,
OPTSTK,KOTAKBANK,28-Dec-2017,1180,CE,0,0,0,7.2,0,0,0,0,0,19-DEC-2017,
OPTSTK,KOTAKBANK,28-Dec-2017,1200,CE,0,0,0,5.45,0,0,0,0,0,19-DEC-2017,
OPTSTK,KOTAKBANK,28-Dec-2017,1220,CE,0,0,0,4.05,0,0,0,0,0,19-DEC-2017,
OPTSTK,KOTAKBANK,28-Dec-2017,1240,CE,3,3,3,3,3,2,19.88,1600,1600,19-DEC-2017,
OPTSTK,KOTAKBANK,28-Dec-2017,1260,CE,0,0,0,2.2,0,0,0,0,0,19-DEC-2017,
OPTSTK,KOTAKBANK,28-Dec-2017,1280,CE,0,0,0,1.6,0,0,0,0,0,19-DEC-2017,
OPTSTK,KOTAKBANK,28-Dec-2017,1300,CE,0,0,0,1.15,0,0,0,0,0,19-DEC-2017,
OPTSTK,KOTAKBANK,28-Dec-2017,800,PE,0,0,0,0.85,0,0,0,0,0,19-DEC-2017,
OPTSTK,KOTAKBANK,28-Dec-2017,820,PE,0,0,0,0.1,0,0,0,2400,0,19-DEC-2017,
OPTSTK,KOTAKBANK,28-Dec-2017,840,PE,0,0,0,2.4,0,0,0,0,0,19-DEC-2017,
OPTSTK,KOTAKBANK,28-Dec-2017,860,PE,0,0,0,3.8,0,0,0,0,0,19-DEC-2017,
OPTSTK,KOTAKBANK,28-Dec-2017,880,PE,0,0,0,5.8,0,0,0,0,0,19-DEC-2017,
OPTSTK,KOTAKBANK,28-Dec-2017,900,PE,0,0,0,8.55,0,0,0,0,0,19-DEC-2017,
OPTSTK,KOTAKBANK,28-Dec-2017,920,PE,0,0,0,0.85,0,0,0,23200,0,19-DEC-2017,
OPTSTK,KOTAKBANK,28-Dec-2017,940,PE,0,0,0,0.8,0.05,0,0,13600,0,19-DEC-2017,
OPTSTK,KOTAKBANK,28-Dec-2017,960,PE,0.85,1,0.75,0.85,0.85,50,384.33,102400,32800,19-DEC-2017,
OPTSTK,KOTAKBANK,28-Dec-2017,980,PE,1.85,2.25,1.45,1.5,1.5,99,777.68,152800,24800,19-DEC-2017,
OPTSTK,KOTAKBANK,28-Dec-2017,1000,PE,4,6.1,3.95,4.4,4.4,147,1181.98,132000,8800,19-DEC-2017,
OPTSTK,KOTAKBANK,28-Dec-2017,1020,PE,9.65,14.9,9.6,11.1,11.1,108,892.01,167200,8800,19-DEC-2017,
OPTSTK,KOTAKBANK,28-Dec-2017,1040,PE,25.15,26.5,25.15,26.5,26.5,2,17.05,32000,-800,19-DEC-2017,
OPTSTK,KOTAKBANK,28-Dec-2017,1060,PE,0,0,0,39.5,38.5,0,0,4800,0,19-DEC-2017,
OPTSTK,KOTAKBANK,28-Dec-2017,1080,PE,0,0,0,52.2,57.3,0,0,0,0,19-DEC-2017,
OPTSTK,KOTAKBANK,28-Dec-2017,1100,PE,0,0,0,85.55,77,0,0,9600,0,19-DEC-2017,
OPTSTK,KOTAKBANK,28-Dec-2017,1120,PE,0,0,0,113.35,96.95,0,0,0,0,19-DEC-2017,
OPTSTK,KOTAKBANK,28-Dec-2017,1140,PE,0,0,0,125,116.9,0,0,800,0,19-DEC-2017,
OPTSTK,KOTAKBANK,28-Dec-2017,1160,PE,0,0,0,146.2,136.85,0,0,0,0,19-DEC-2017,
OPTSTK,KOTAKBANK,28-Dec-2017,1180,PE,0,0,0,163.6,156.85,0,0,0,0,19-DEC-2017,
OPTSTK,KOTAKBANK,28-Dec-2017,1200,PE,0,0,0,181.5,176.8,0,0,0,0,19-DEC-2017,
OPTSTK,KOTAKBANK,28-Dec-2017,1220,PE,0,0,0,199.8,196.75,0,0,0,0,19-DEC-2017,
OPTSTK,KOTAKBANK,28-Dec-2017,1240,PE,0,0,0,218.45,216.75,0,0,0,0,19-DEC-2017,
OPTSTK,KOTAKBANK,28-Dec-2017,1260,PE,0,0,0,237.3,236.7,0,0,0,0,19-DEC-2017,
OPTSTK,KOTAKBANK,28-Dec-2017,1280,PE,0,0,0,256.4,256.7,0,0,0,0,19-DEC-2017,
OPTSTK,KOTAKBANK,28-Dec-2017,1300,PE,0,0,0,275.65,276.65,0,0,0,0,19-DEC-2017,
OPTSTK,KOTAKBANK,25-Jan-2018,800,CE,0,0,0,235.25,226.6,0,0,0,0,19-DEC-2017,
OPTSTK,KOTAKBANK,25-Jan-2018,820,CE,0,0,0,217.15,206.7,0,0,0,0,19-DEC-2017,
OPTSTK,KOTAKBANK,25-Jan-2018,840,CE,0,0,0,199.5,186.85,0,0,0,0,19-DEC-2017,
OPTSTK,KOTAKBANK,25-Jan-2018,860,CE,0,0,0,182.45,167,0,0,0,0,19-DEC-2017,
OPTSTK,KOTAKBANK,25-Jan-2018,880,CE,0,0,0,166.05,147.15,0,0,0,0,19-DEC-2017,
OPTSTK,KOTAKBANK,25-Jan-2018,900,CE,0,0,0,150.35,127.4,0,0,0,0,19-DEC-2017,
OPTSTK,KOTAKBANK,25-Jan-2018,920,CE,0,0,0,135.5,107.9,0,0,0,0,19-DEC-2017,
OPTSTK,KOTAKBANK,25-Jan-2018,940,CE,0,0,0,121.4,88.95,0,0,0,0,19-DEC-2017,
OPTSTK,KOTAKBANK,25-Jan-2018,960,CE,0,0,0,108.2,70.85,0,0,0,0,19-DEC-2017,
OPTSTK,KOTAKBANK,25-Jan-2018,980,CE,0,0,0,58,54.25,0,0,800,0,19-DEC-2017,
OPTSTK,KOTAKBANK,25-Jan-2018,1000,CE,0,0,0,35,39.65,0,0,4000,0,19-DEC-2017,
OPTSTK,KOTAKBANK,25-Jan-2018,1020,CE,25.5,25.5,25.5,25.5,25.5,1,8.36,2400,-800,19-DEC-2017,
OPTSTK,KOTAKBANK,25-Jan-2018,1040,CE,0,0,0,28,18.1,0,0,1600,0,19-DEC-2017,
OPTSTK,KOTAKBANK,25-Jan-2018,1060,CE,14,14,14,14,14,1,8.59,1600,0,19-DEC-2017,
OPTSTK,KOTAKBANK,25-Jan-2018,1080,CE,0,0,0,48.65,6.55,0,0,0,0,19-DEC-2017,
OPTSTK,KOTAKBANK,25-Jan-2018,1100,CE,0,0,0,41.85,3.6,0,0,0,0,19-DEC-2017,
OPTSTK,KOTAKBANK,25-Jan-2018,1120,CE,0,0,0,35.8,1.85,0,0,0,0,19-DEC-2017,
OPTSTK,KOTAKBANK,25-Jan-2018,1140,CE,0,0,0,30.55,0.9,0,0,0,0,19-DEC-2017,
OPTSTK,KOTAKBANK,25-Jan-2018,1160,CE,0,0,0,25.9,0.4,0,0,0,0,19-DEC-2017,
OPTSTK,KOTAKBANK,25-Jan-2018,1180,CE,0,0,0,21.85,0.2,0,0,0,0,19-DEC-2017,
OPTSTK,KOTAKBANK,25-Jan-2018,1200,CE,0,0,0,18.35,0.1,0,0,0,0,19-DEC-2017,
OPTSTK,KOTAKBANK,25-Jan-2018,1220,CE,0,0,0,15.35,0.05,0,0,0,0,19-DEC-2017,
OPTSTK,KOTAKBANK,25-Jan-2018,1240,CE,0,0,0,12.8,0.05,0,0,0,0,19-DEC-2017,
OPTSTK,KOTAKBANK,25-Jan-2018,1260,CE,0,0,0,10.65,0,0,0,0,0,19-DEC-2017,
OPTSTK,KOTAKBANK,25-Jan-2018,1280,CE,0,0,0,8.8,0,0,0,0,0,19-DEC-2017,
OPTSTK,KOTAKBANK,25-Jan-2018,1300,CE,0,0,0,7.25,0,0,0,0,0,19-DEC-2017,
OPTSTK,KOTAKBANK,25-Jan-2018,800,PE,0,0,0,3.8,0,0,0,0,0,19-DEC-2017,
OPTSTK,KOTAKBANK,25-Jan-2018,820,PE,0,0,0,5.4,0,0,0,0,0,19-DEC-2017,
OPTSTK,KOTAKBANK,25-Jan-2018,840,PE,0,0,0,7.45,0,0,0,0,0,19-DEC-2017,
OPTSTK,KOTAKBANK,25-Jan-2018,860,PE,0,0,0,10.1,0.05,0,0,0,0,19-DEC-2017,
OPTSTK,KOTAKBANK,25-Jan-2018,880,PE,0,0,0,13.35,0.1,0,0,0,0,19-DEC-2017,
OPTSTK,KOTAKBANK,25-Jan-2018,900,PE,0,0,0,17.35,0.2,0,0,0,0,19-DEC-2017,
OPTSTK,KOTAKBANK,25-Jan-2018,920,PE,0,0,0,22.15,0.6,0,0,0,0,19-DEC-2017,
OPTSTK,KOTAKBANK,25-Jan-2018,940,PE,0,0,0,27.75,1.45,0,0,0,0,19-DEC-2017,
OPTSTK,KOTAKBANK,25-Jan-2018,960,PE,0,0,0,10,3.25,0,0,800,0,19-DEC-2017,
OPTSTK,KOTAKBANK,25-Jan-2018,980,PE,10,10,9.95,10,10,3,23.75,3200,2400,19-DEC-2017,
OPTSTK,KOTAKBANK,25-Jan-2018,1000,PE,17,17,15,17,17,7,56.89,4800,2400,19-DEC-2017,
OPTSTK,KOTAKBANK,25-Jan-2018,1020,PE,20.55,20.55,20.55,20.55,20.55,1,8.32,5600,800,19-DEC-2017,
OPTSTK,KOTAKBANK,25-Jan-2018,1040,PE,0,0,0,69.6,30,0,0,0,0,19-DEC-2017,
OPTSTK,KOTAKBANK,25-Jan-2018,1060,PE,0,0,0,45,42.95,0,0,2400,0,19-DEC-2017,
OPTSTK,KOTAKBANK,25-Jan-2018,1080,PE,0,0,0,92.8,58.15,0,0,0,0,19-DEC-2017,
OPTSTK,KOTAKBANK,25-Jan-2018,1100,PE,0,0,0,105.7,75.1,0,0,0,0,19-DEC-2017,
OPTSTK,KOTAKBANK,25-Jan-2018,1120,PE,0,0,0,119.35,93.2,0,0,0,0,19-DEC-2017,
OPTSTK,KOTAKBANK,25-Jan-2018,1140,PE,0,0,0,133.75,112.15,0,0,0,0,19-DEC-2017,
OPTSTK,KOTAKBANK,25-Jan-2018,1160,PE,0,0,0,148.8,131.55,0,0,0,0,19-DEC-2017,
OPTSTK,KOTAKBANK,25-Jan-2018,1180,PE,0,0,0,164.45,151.15,0,0,0,0,19-DEC-2017,
OPTSTK,KOTAKBANK,25-Jan-2018,1200,PE,0,0,0,180.65,170.95,0,0,0,0,19-DEC-2017,
OPTSTK,KOTAKBANK,25-Jan-2018,1220,PE,0,0,0,197.35,190.75,0,0,0,0,19-DEC-2017,
OPTSTK,KOTAKBANK,25-Jan-2018,1240,PE,0,0,0,214.45,210.6,0,0,0,0,19-DEC-2017,
OPTSTK,KOTAKBANK,25-Jan-2018,1260,PE,0,0,0,232,230.45,0,0,0,0,19-DEC-2017,
OPTSTK,KOTAKBANK,25-Jan-2018,1280,PE,0,0,0,249.8,250.35,0,0,0,0,19-DEC-2017,
OPTSTK,KOTAKBANK,25-Jan-2018,1300,PE,0,0,0,267.95,270.2,0,0,0,0,19-DEC-2017,
OPTSTK,KOTAKBANK,22-Feb-2018,800,CE,0,0,0,212.5,230.5,0,0,0,0,19-DEC-2017,
OPTSTK,KOTAKBANK,22-Feb-2018,820,CE,0,0,0,193.2,210.75,0,0,0,0,19-DEC-2017,
OPTSTK,KOTAKBANK,22-Feb-2018,840,CE,0,0,0,174.25,191,0,0,0,0,19-DEC-2017,
OPTSTK,KOTAKBANK,22-Feb-2018,860,CE,0,0,0,155.65,171.35,0,0,0,0,19-DEC-2017,
OPTSTK,KOTAKBANK,22-Feb-2018,880,CE,0,0,0,137.7,151.85,0,0,0,0,19-DEC-2017,
OPTSTK,KOTAKBANK,22-Feb-2018,900,CE,0,0,0,120.45,132.65,0,0,0,0,19-DEC-2017,
OPTSTK,KOTAKBANK,22-Feb-2018,920,CE,0,0,0,104.15,113.9,0,0,0,0,19-DEC-2017,
OPTSTK,KOTAKBANK,22-Feb-2018,940,CE,0,0,0,88.95,95.95,0,0,0,0,19-DEC-2017,
OPTSTK,KOTAKBANK,22-Feb-2018,960,CE,0,0,0,74.9,79,0,0,0,0,19-DEC-2017,
OPTSTK,KOTAKBANK,22-Feb-2018,980,CE,0,0,0,62.25,63.55,0,0,0,0,19-DEC-2017,
OPTSTK,KOTAKBANK,22-Feb-2018,1000,CE,0,0,0,51.05,49.7,0,0,0,0,19-DEC-2017,
OPTSTK,KOTAKBANK,22-Feb-2018,1020,CE,0,0,0,41.25,37.8,0,0,0,0,19-DEC-2017,
OPTSTK,KOTAKBANK,22-Feb-2018,1040,CE,0,0,0,32.85,27.85,0,0,0,0,19-DEC-2017,
OPTSTK,KOTAKBANK,22-Feb-2018,1060,CE,0,0,0,25.8,19.95,0,0,0,0,19-DEC-2017,
OPTSTK,KOTAKBANK,22-Feb-2018,1080,CE,0,0,0,19.95,13.8,0,0,0,0,19-DEC-2017,
OPTSTK,KOTAKBANK,22-Feb-2018,1100,CE,0,0,0,15.25,9.3,0,0,0,0,19-DEC-2017,
OPTSTK,KOTAKBANK,22-Feb-2018,1120,CE,0,0,0,11.5,6.05,0,0,0,0,19-DEC-2017,
OPTSTK,KOTAKBANK,22-Feb-2018,1140,CE,0,0,0,8.55,3.8,0,0,0,0,19-DEC-2017,
OPTSTK,KOTAKBANK,22-Feb-2018,1160,CE,0,0,0,6.25,2.35,0,0,0,0,19-DEC-2017,
OPTSTK,KOTAKBANK,22-Feb-2018,1180,CE,0,0,0,4.55,1.4,0,0,0,0,19-DEC-2017,
OPTSTK,KOTAKBANK,22-Feb-2018,1200,CE,0,0,0,3.25,0.8,0,0,0,0,19-DEC-2017,
OPTSTK,KOTAKBANK,22-Feb-2018,1220,CE,0,0,0,2.3,0.45,0,0,0,0,19-DEC-2017,
OPTSTK,KOTAKBANK,22-Feb-2018,1240,CE,0,0,0,1.6,0.25,0,0,0,0,19-DEC-2017,
OPTSTK,KOTAKBANK,22-Feb-2018,1260,CE,0,0,0,1.1,0.15,0,0,0,0,19-DEC-2017,
OPTSTK,KOTAKBANK,22-Feb-2018,1280,CE,0,0,0,0.75,0.1,0,0,0,0,19-DEC-2017,
OPTSTK,KOTAKBANK,22-Feb-2018,1300,CE,0,0,0,0.5,0.05,0,0,0,0,19-DEC-2017,
OPTSTK,KOTAKBANK,22-Feb-2018,800,PE,0,0,0,0.5,0.05,0,0,0,0,19-DEC-2017,
OPTSTK,KOTAKBANK,22-Feb-2018,820,PE,0,0,0,0.95,0.05,0,0,0,0,19-DEC-2017,
OPTSTK,KOTAKBANK,22-Feb-2018,840,PE,0,0,0,1.7,0.1,0,0,0,0,19-DEC-2017,
OPTSTK,KOTAKBANK,22-Feb-2018,860,PE,0,0,0,2.85,0.2,0,0,0,0,19-DEC-2017,
OPTSTK,KOTAKBANK,22-Feb-2018,880,PE,0,0,0,4.55,0.5,0,0,0,0,19-DEC-2017,
OPTSTK,KOTAKBANK,22-Feb-2018,900,PE,0,0,0,7.05,1.05,0,0,0,0,19-DEC-2017,
OPTSTK,KOTAKBANK,22-Feb-2018,920,PE,0,0,0,10.4,2.05,0,0,0,0,19-DEC-2017,
OPTSTK,KOTAKBANK,22-Feb-2018,940,PE,0,0,0,14.95,3.85,0,0,0,0,19-DEC-2017,
OPTSTK,KOTAKBANK,22-Feb-2018,960,PE,0,0,0,20.6,6.75,0,0,0,0,19-DEC-2017,
OPTSTK,KOTAKBANK,22-Feb-2018,980,PE,0,0,0,27.7,11,0,0,0,0,19-DEC-2017,
OPTSTK,KOTAKBANK,22-Feb-2018,1000,PE,0,0,0,36.15,16.95,0,0,0,0,19-DEC-2017,
OPTSTK,KOTAKBANK,22-Feb-2018,1020,PE,0,0,0,46.1,24.8,0,0,0,0,19-DEC-2017,
OPTSTK,KOTAKBANK,22-Feb-2018,1040,PE,0,0,0,57.4,34.65,0,0,0,0,19-DEC-2017,
OPTSTK,KOTAKBANK,22-Feb-2018,1060,PE,0,0,0,70.05,46.5,0,0,0,0,19-DEC-2017,
OPTSTK,KOTAKBANK,22-Feb-2018,1080,PE,0,0,0,83.95,60.15,0,0,0,0,19-DEC-2017,
OPTSTK,KOTAKBANK,22-Feb-2018,1100,PE,0,0,0,98.95,75.4,0,0,0,0,19-DEC-2017,
OPTSTK,KOTAKBANK,22-Feb-2018,1120,PE,0,0,0,114.9,91.95,0,0,0,0,19-DEC-2017,
OPTSTK,KOTAKBANK,22-Feb-2018,1140,PE,0,0,0,131.65,109.45,0,0,0,0,19-DEC-2017,
OPTSTK,KOTAKBANK,22-Feb-2018,1160,PE,0,0,0,149.05,127.75,0,0,0,0,19-DEC-2017,
OPTSTK,KOTAKBANK,22-Feb-2018,1180,PE,0,0,0,167.05,146.6,0,0,0,0,19-DEC-2017,
OPTSTK,KOTAKBANK,22-Feb-2018,1200,PE,0,0,0,185.45,165.75,0,0,0,0,19-DEC-2017,
OPTSTK,KOTAKBANK,22-Feb-2018,1220,PE,0,0,0,204.2,185.2,0,0,0,0,19-DEC-2017,
OPTSTK,KOTAKBANK,22-Feb-2018,1240,PE,0,0,0,223.25,204.75,0,0,0,0,19-DEC-2017,
OPTSTK,KOTAKBANK,22-Feb-2018,1260,PE,0,0,0,242.45,224.45,0,0,0,0,19-DEC-2017,
OPTSTK,KOTAKBANK,22-Feb-2018,1280,PE,0,0,0,261.8,244.15,0,0,0,0,19-DEC-2017,
OPTSTK,KOTAKBANK,22-Feb-2018,1300,PE,0,0,0,281.25,263.9,0,0,0,0,19-DEC-2017,
OPTSTK,KPIT,28-Dec-2017,85,CE,0,0,0,37.6,91.8,0,0,0,0,19-DEC-2017,
OPTSTK,KPIT,28-Dec-2017,90,CE,0,0,0,33.05,86.8,0,0,0,0,19-DEC-2017,
OPTSTK,KPIT,28-Dec-2017,95,CE,0,0,0,28.65,81.8,0,0,0,0,19-DEC-2017,
OPTSTK,KPIT,28-Dec-2017,100,CE,0,0,0,24.55,76.85,0,0,0,0,19-DEC-2017,
OPTSTK,KPIT,28-Dec-2017,105,CE,0,0,0,20.75,71.85,0,0,0,0,19-DEC-2017,
OPTSTK,KPIT,28-Dec-2017,110,CE,0,0,0,17.3,66.85,0,0,0,0,19-DEC-2017,
OPTSTK,KPIT,28-Dec-2017,115,CE,0,0,0,14.25,61.85,0,0,0,0,19-DEC-2017,
OPTSTK,KPIT,28-Dec-2017,120,CE,0,0,0,11.6,56.85,0,0,0,0,19-DEC-2017,
OPTSTK,KPIT,28-Dec-2017,125,CE,0,0,0,9.3,51.85,0,0,0,0,19-DEC-2017,
OPTSTK,KPIT,28-Dec-2017,130,CE,0,0,0,7.4,46.85,0,0,0,0,19-DEC-2017,
OPTSTK,KPIT,28-Dec-2017,135,CE,0,0,0,5.8,41.9,0,0,0,0,19-DEC-2017,
OPTSTK,KPIT,28-Dec-2017,140,CE,0,0,0,28.5,36.9,0,0,4000,0,19-DEC-2017,
OPTSTK,KPIT,28-Dec-2017,145,CE,0,0,0,3.5,31.9,0,0,0,0,19-DEC-2017,
OPTSTK,KPIT,28-Dec-2017,150,CE,0,0,0,20,26.95,0,0,4000,0,19-DEC-2017,
OPTSTK,KPIT,28-Dec-2017,155,CE,20.3,20.3,20.3,20.3,20.3,2,14.02,32000,8000,19-DEC-2017,
OPTSTK,KPIT,28-Dec-2017,160,CE,15.9,15.9,15.9,15.9,15.9,1,7.03,76000,0,19-DEC-2017,
OPTSTK,KPIT,28-Dec-2017,165,CE,12.35,12.5,12,12,12,3,21.27,72000,-4000,19-DEC-2017,
OPTSTK,KPIT,28-Dec-2017,170,CE,6.25,9.2,6.25,8.5,8.5,47,334.91,156000,-48000,19-DEC-2017,
OPTSTK,KPIT,28-Dec-2017,175,CE,3.4,5.8,3.25,5.15,5.15,75,540.23,92000,-32000,19-DEC-2017,
OPTSTK,KPIT,28-Dec-2017,180,CE,1.85,3.8,1.85,2.85,2.85,243,1779.57,304000,100000,19-DEC-2017,
OPTSTK,KPIT,28-Dec-2017,185,CE,1.8,1.85,1.4,1.4,1.4,17,126.96,44000,12000,19-DEC-2017,
OPTSTK,KPIT,28-Dec-2017,190,CE,1,1.15,0.6,0.65,0.65,20,152.73,72000,20000,19-DEC-2017,
OPTSTK,KPIT,28-Dec-2017,195,CE,0.65,0.65,0.5,0.5,0.5,6,46.93,40000,16000,19-DEC-2017,
OPTSTK,KPIT,28-Dec-2017,200,CE,0.25,0.25,0.25,0.25,0.25,1,8.01,24000,4000,19-DEC-2017,
OPTSTK,KPIT,28-Dec-2017,205,CE,0,0,0,0.4,0.15,0,0,4000,0,19-DEC-2017,
OPTSTK,KPIT,28-Dec-2017,85,PE,0,0,0,0.4,0,0,0,0,0,19-DEC-2017,
OPTSTK,KPIT,28-Dec-2017,90,PE,0,0,0,0.75,0,0,0,0,0,19-DEC-2017,
OPTSTK,KPIT,28-Dec-2017,95,PE,0,0,0,1.25,0,0,0,0,0,19-DEC-2017,
OPTSTK,KPIT,28-Dec-2017,100,PE,0,0,0,2.1,0,0,0,0,0,19-DEC-2017,
OPTSTK,KPIT,28-Dec-2017,105,PE,0,0,0,3.2,0,0,0,0,0,19-DEC-2017,
OPTSTK,KPIT,28-Dec-2017,110,PE,0,0,0,4.7,0,0,0,0,0,19-DEC-2017,
OPTSTK,KPIT,28-Dec-2017,115,PE,0,0,0,6.55,0,0,0,0,0,19-DEC-2017,
OPTSTK,KPIT,28-Dec-2017,120,PE,0,0,0,8.8,0,0,0,0,0,19-DEC-2017,
OPTSTK,KPIT,28-Dec-2017,125,PE,0,0,0,11.45,0,0,0,0,0,19-DEC-2017,
OPTSTK,KPIT,28-Dec-2017,130,PE,0,0,0,0.4,0,0,0,4000,0,19-DEC-2017,
OPTSTK,KPIT,28-Dec-2017,135,PE,0,0,0,0.25,0,0,0,12000,0,19-DEC-2017,
OPTSTK,KPIT,28-Dec-2017,140,PE,0,0,0,0.35,0,0,0,16000,0,19-DEC-2017,
OPTSTK,KPIT,28-Dec-2017,145,PE,0,0,0,2.05,0.05,0,0,76000,0,19-DEC-2017,
OPTSTK,KPIT,28-Dec-2017,150,PE,0.1,0.1,0.05,0.05,0.05,2,12,64000,-4000,19-DEC-2017,
OPTSTK,KPIT,28-Dec-2017,155,PE,2.95,2.95,0.15,0.2,0.2,52,328.2,260000,200000,19-DEC-2017,
OPTSTK,KPIT,28-Dec-2017,160,PE,0.6,0.6,0.4,0.4,0.4,33,211.82,188000,16000,19-DEC-2017,
OPTSTK,KPIT,28-Dec-2017,165,PE,0.9,1.05,0.8,1,1,12,79.65,36000,16000,19-DEC-2017,
OPTSTK,KPIT,28-Dec-2017,170,PE,3.3,3.3,1.7,1.75,1.75,35,241.05,84000,36000,19-DEC-2017,
OPTSTK,KPIT,28-Dec-2017,175,PE,3.85,4.45,3.25,3.25,3.25,21,150.28,56000,44000,19-DEC-2017,
OPTSTK,KPIT,28-Dec-2017,180,PE,6.8,6.8,6.8,6.8,6.8,1,7.47,8000,4000,19-DEC-2017,
OPTSTK,KPIT,28-Dec-2017,185,PE,0,0,0,17.4,10.4,0,0,12000,0,19-DEC-2017,
OPTSTK,KPIT,28-Dec-2017,190,PE,0,0,0,26.4,14.35,0,0,12000,0,19-DEC-2017,
OPTSTK,KPIT,28-Dec-2017,195,PE,0,0,0,46.1,18.7,0,0,0,0,19-DEC-2017,
OPTSTK,KPIT,28-Dec-2017,200,PE,0,0,0,50.75,23.35,0,0,0,0,19-DEC-2017,
OPTSTK,KPIT,28-Dec-2017,205,PE,0,0,0,47.7,28.2,0,0,0,0,19-DEC-2017,
OPTSTK,KPIT,25-Jan-2018,85,CE,0,0,0,53.8,92.2,0,0,0,0,19-DEC-2017,
OPTSTK,KPIT,25-Jan-2018,90,CE,0,0,0,48.95,87.25,0,0,0,0,19-DEC-2017,
OPTSTK,KPIT,25-Jan-2018,95,CE,0,0,0,44.15,82.3,0,0,0,0,19-DEC-2017,
OPTSTK,KPIT,25-Jan-2018,100,CE,0,0,0,39.45,77.3,0,0,0,0,19-DEC-2017,
OPTSTK,KPIT,25-Jan-2018,105,CE,0,0,0,34.95,72.35,0,0,0,0,19-DEC-2017,
OPTSTK,KPIT,25-Jan-2018,110,CE,0,0,0,30.6,67.4,0,0,0,0,19-DEC-2017,
OPTSTK,KPIT,25-Jan-2018,115,CE,0,0,0,26.5,62.45,0,0,0,0,19-DEC-2017,
OPTSTK,KPIT,25-Jan-2018,120,CE,0,0,0,22.65,57.5,0,0,0,0,19-DEC-2017,
OPTSTK,KPIT,25-Jan-2018,125,CE,0,0,0,19.2,52.55,0,0,0,0,19-DEC-2017,
OPTSTK,KPIT,25-Jan-2018,130,CE,0,0,0,16.05,47.7,0,0,0,0,19-DEC-2017,
OPTSTK,KPIT,25-Jan-2018,135,CE,0,0,0,13.3,42.9,0,0,0,0,19-DEC-2017,
OPTSTK,KPIT,25-Jan-2018,140,CE,0,0,0,10.85,38.2,0,0,0,0,19-DEC-2017,
OPTSTK,KPIT,25-Jan-2018,145,CE,0,0,0,8.8,33.65,0,0,0,0,19-DEC-2017,
OPTSTK,KPIT,25-Jan-2018,150,CE,0,0,0,7.05,29.3,0,0,0,0,19-DEC-2017,
OPTSTK,KPIT,25-Jan-2018,155,CE,0,0,0,5.6,25.2,0,0,0,0,19-DEC-2017,
OPTSTK,KPIT,25-Jan-2018,160,CE,0,0,0,4.45,21.4,0,0,0,0,19-DEC-2017,
OPTSTK,KPIT,25-Jan-2018,165,CE,0,0,0,3.45,17.95,0,0,0,0,19-DEC-2017,
OPTSTK,KPIT,25-Jan-2018,170,CE,0,0,0,2.7,14.85,0,0,0,0,19-DEC-2017,
OPTSTK,KPIT,25-Jan-2018,175,CE,0,0,0,9.65,12.15,0,0,31500,0,19-DEC-2017,
OPTSTK,KPIT,25-Jan-2018,180,CE,0,0,0,1.6,9.8,0,0,0,0,19-DEC-2017,
OPTSTK,KPIT,25-Jan-2018,185,CE,0,0,0,8.15,7.8,0,0,54000,0,19-DEC-2017,
OPTSTK,KPIT,25-Jan-2018,190,CE,0,0,0,1.1,6.1,0,0,0,0,19-DEC-2017,
OPTSTK,KPIT,25-Jan-2018,195,CE,0,0,0,2.8,4.75,0,0,0,0,19-DEC-2017,
OPTSTK,KPIT,25-Jan-2018,200,CE,0,0,0,2.25,3.65,0,0,0,0,19-DEC-2017,
OPTSTK,KPIT,25-Jan-2018,205,CE,0,0,0,2.45,2.75,0,0,0,0,19-DEC-2017,
OPTSTK,KPIT,25-Jan-2018,85,PE,0,0,0,0.05,0,0,0,0,0,19-DEC-2017,
OPTSTK,KPIT,25-Jan-2018,90,PE,0,0,0,0.15,0,0,0,0,0,19-DEC-2017,
OPTSTK,KPIT,25-Jan-2018,95,PE,0,0,0,0.25,0,0,0,0,0,19-DEC-2017,
OPTSTK,KPIT,25-Jan-2018,100,PE,0,0,0,0.5,0,0,0,0,0,19-DEC-2017,
OPTSTK,KPIT,25-Jan-2018,105,PE,0,0,0,0.9,0,0,0,0,0,19-DEC-2017,
OPTSTK,KPIT,25-Jan-2018,110,PE,0,0,0,1.45,0,0,0,0,0,19-DEC-2017,
OPTSTK,KPIT,25-Jan-2018,115,PE,0,0,0,2.25,0.05,0,0,0,0,19-DEC-2017,
OPTSTK,KPIT,25-Jan-2018,120,PE,0,0,0,3.4,0.05,0,0,0,0,19-DEC-2017,
OPTSTK,KPIT,25-Jan-2018,125,PE,0,0,0,4.8,0.1,0,0,0,0,19-DEC-2017,
OPTSTK,KPIT,25-Jan-2018,130,PE,0,0,0,6.6,0.2,0,0,0,0,19-DEC-2017,
OPTSTK,KPIT,25-Jan-2018,135,PE,0,0,0,8.75,0.35,0,0,0,0,19-DEC-2017,
OPTSTK,KPIT,25-Jan-2018,140,PE,0,0,0,11.3,0.6,0,0,0,0,19-DEC-2017,
OPTSTK,KPIT,25-Jan-2018,145,PE,0,0,0,14.15,1.05,0,0,0,0,19-DEC-2017,
OPTSTK,KPIT,25-Jan-2018,150,PE,0,0,0,17.3,1.65,0,0,0,0,19-DEC-2017,
OPTSTK,KPIT,25-Jan-2018,155,PE,0,0,0,20.8,2.55,0,0,0,0,19-DEC-2017,
OPTSTK,KPIT,25-Jan-2018,160,PE,0,0,0,24.5,3.75,0,0,0,0,19-DEC-2017,
OPTSTK,KPIT,25-Jan-2018,165,PE,0,0,0,28.45,5.25,0,0,0,0,19-DEC-2017,
OPTSTK,KPIT,25-Jan-2018,170,PE,0,0,0,32.6,7.1,0,0,0,0,19-DEC-2017,
OPTSTK,KPIT,25-Jan-2018,175,PE,0,0,0,36.9,9.35,0,0,0,0,19-DEC-2017,
OPTSTK,KPIT,25-Jan-2018,180,PE,0,0,0,41.35,11.95,0,0,0,0,19-DEC-2017,
OPTSTK,KPIT,25-Jan-2018,185,PE,0,0,0,45.9,14.9,0,0,0,0,19-DEC-2017,
OPTSTK,KPIT,25-Jan-2018,190,PE,0,0,0,48.5,18.2,0,0,0,0,19-DEC-2017,
OPTSTK,KPIT,25-Jan-2018,195,PE,0,0,0,46.6,21.85,0,0,0,0,19-DEC-2017,
OPTSTK,KPIT,25-Jan-2018,200,PE,0,0,0,51.05,25.7,0,0,0,0,19-DEC-2017,
OPTSTK,KPIT,25-Jan-2018,205,PE,0,0,0,48.1,29.75,0,0,0,0,19-DEC-2017,
OPTSTK,KPIT,22-Feb-2018,120,CE,0,0,0,52.8,58.3,0,0,0,0,19-DEC-2017,
OPTSTK,KPIT,22-Feb-2018,125,CE,0,0,0,48.1,53.55,0,0,0,0,19-DEC-2017,
OPTSTK,KPIT,22-Feb-2018,130,CE,0,0,0,43.55,48.9,0,0,0,0,19-DEC-2017,
OPTSTK,KPIT,22-Feb-2018,135,CE,0,0,0,39.15,44.4,0,0,0,0,19-DEC-2017,
OPTSTK,KPIT,22-Feb-2018,140,CE,0,0,0,34.95,40,0,0,0,0,19-DEC-2017,
OPTSTK,KPIT,22-Feb-2018,145,CE,0,0,0,30.95,35.85,0,0,0,0,19-DEC-2017,
OPTSTK,KPIT,22-Feb-2018,150,CE,0,0,0,27.25,31.9,0,0,0,0,19-DEC-2017,
OPTSTK,KPIT,22-Feb-2018,155,CE,0,0,0,23.75,28.15,0,0,0,0,19-DEC-2017,
OPTSTK,KPIT,22-Feb-2018,160,CE,0,0,0,20.55,24.7,0,0,0,0,19-DEC-2017,
OPTSTK,KPIT,22-Feb-2018,165,CE,0,0,0,17.7,21.5,0,0,0,0,19-DEC-2017,
OPTSTK,KPIT,22-Feb-2018,170,CE,0,0,0,15.1,18.6,0,0,0,0,19-DEC-2017,
OPTSTK,KPIT,22-Feb-2018,175,CE,0,0,0,12.75,16,0,0,0,0,19-DEC-2017,
OPTSTK,KPIT,22-Feb-2018,180,CE,0,0,0,10.75,13.65,0,0,0,0,19-DEC-2017,
OPTSTK,KPIT,22-Feb-2018,185,CE,0,0,0,9,11.6,0,0,0,0,19-DEC-2017,
OPTSTK,KPIT,22-Feb-2018,190,CE,0,0,0,7.45,9.8,0,0,0,0,19-DEC-2017,
OPTSTK,KPIT,22-Feb-2018,195,CE,0,0,0,6.15,8.2,0,0,0,0,19-DEC-2017,
OPTSTK,KPIT,22-Feb-2018,200,CE,0,0,0,5.05,6.85,0,0,0,0,19-DEC-2017,
OPTSTK,KPIT,22-Feb-2018,205,CE,0,0,0,4.1,5.7,0,0,0,0,19-DEC-2017,
OPTSTK,KPIT,22-Feb-2018,120,PE,0,0,0,0.4,0.3,0,0,0,0,19-DEC-2017,
OPTSTK,KPIT,22-Feb-2018,125,PE,0,0,0,0.65,0.5,0,0,0,0,19-DEC-2017,
OPTSTK,KPIT,22-Feb-2018,130,PE,0,0,0,1,0.8,0,0,0,0,19-DEC-2017,
OPTSTK,KPIT,22-Feb-2018,135,PE,0,0,0,1.55,1.2,0,0,0,0,19-DEC-2017,
OPTSTK,KPIT,22-Feb-2018,140,PE,0,0,0,2.25,1.75,0,0,0,0,19-DEC-2017,
OPTSTK,KPIT,22-Feb-2018,145,PE,0,0,0,3.2,2.55,0,0,0,0,19-DEC-2017,
OPTSTK,KPIT,22-Feb-2018,150,PE,0,0,0,4.4,3.5,0,0,0,0,19-DEC-2017,
OPTSTK,KPIT,22-Feb-2018,155,PE,0,0,0,5.85,4.75,0,0,0,0,19-DEC-2017,
OPTSTK,KPIT,22-Feb-2018,160,PE,0,0,0,7.6,6.2,0,0,0,0,19-DEC-2017,
OPTSTK,KPIT,22-Feb-2018,165,PE,0,0,0,9.6,8,0,0,0,0,19-DEC-2017,
OPTSTK,KPIT,22-Feb-2018,170,PE,0,0,0,11.95,10.05,0,0,0,0,19-DEC-2017,
OPTSTK,KPIT,22-Feb-2018,175,PE,0,0,0,14.55,12.35,0,0,0,0,19-DEC-2017,
OPTSTK,KPIT,22-Feb-2018,180,PE,0,0,0,17.45,14.95,0,0,0,0,19-DEC-2017,
OPTSTK,KPIT,22-Feb-2018,185,PE,0,0,0,20.65,17.85,0,0,0,0,19-DEC-2017,
OPTSTK,KPIT,22-Feb-2018,190,PE,0,0,0,24.05,20.95,0,0,0,0,19-DEC-2017,
OPTSTK,KPIT,22-Feb-2018,195,PE,0,0,0,27.65,24.3,0,0,0,0,19-DEC-2017,
OPTSTK,KPIT,22-Feb-2018,200,PE,0,0,0,31.5,27.9,0,0,0,0,19-DEC-2017,
OPTSTK,KPIT,22-Feb-2018,205,PE,0,0,0,35.5,31.7,0,0,0,0,19-DEC-2017,
OPTSTK,KSCL,28-Dec-2017,360,CE,0,0,0,165.85,194.05,0,0,0,0,19-DEC-2017,
OPTSTK,KSCL,28-Dec-2017,380,CE,0,0,0,148.55,174.05,0,0,0,0,19-DEC-2017,
OPTSTK,KSCL,28-Dec-2017,400,CE,0,0,0,132.1,154.1,0,0,0,0,19-DEC-2017,
OPTSTK,KSCL,28-Dec-2017,420,CE,0,0,0,116.65,134.1,0,0,0,0,19-DEC-2017,
OPTSTK,KSCL,28-Dec-2017,440,CE,0,0,0,102.3,114.15,0,0,0,0,19-DEC-2017,
OPTSTK,KSCL,28-Dec-2017,460,CE,0,0,0,89.1,94.2,0,0,0,0,19-DEC-2017,
OPTSTK,KSCL,28-Dec-2017,480,CE,0,0,0,52.8,74.3,0,0,3000,0,19-DEC-2017,
OPTSTK,KSCL,28-Dec-2017,500,CE,0,0,0,50.55,54.75,0,0,7500,0,19-DEC-2017,
OPTSTK,KSCL,28-Dec-2017,520,CE,0,0,0,25,36.45,0,0,12000,0,19-DEC-2017,
OPTSTK,KSCL,28-Dec-2017,540,CE,12.25,23,12.25,20.6,20.6,36,301.08,54000,6000,19-DEC-2017,
OPTSTK,KSCL,28-Dec-2017,560,CE,5.3,10.5,5,8.9,8.9,159,1356.67,268500,1500,19-DEC-2017,
OPTSTK,KSCL,28-Dec-2017,580,CE,2.05,4.25,2.05,3.85,3.85,31,271.34,61500,0,19-DEC-2017,
OPTSTK,KSCL,28-Dec-2017,600,CE,1.5,2.25,1.5,1.55,1.55,6,54.16,57000,1500,19-DEC-2017,
OPTSTK,KSCL,28-Dec-2017,620,CE,0.55,0.7,0.55,0.7,0.7,2,18.61,10500,3000,19-DEC-2017,
OPTSTK,KSCL,28-Dec-2017,640,CE,0,0,0,1,0.1,0,0,3000,0,19-DEC-2017,
OPTSTK,KSCL,28-Dec-2017,660,CE,0,0,0,1.15,0.05,0,0,3000,0,19-DEC-2017,
OPTSTK,KSCL,28-Dec-2017,680,CE,0,0,0,13.65,0,0,0,0,0,19-DEC-2017,
OPTSTK,KSCL,28-Dec-2017,700,CE,0,0,0,11.25,0,0,0,0,0,19-DEC-2017,
OPTSTK,KSCL,28-Dec-2017,720,CE,0,0,0,9.25,0,0,0,0,0,19-DEC-2017,
OPTSTK,KSCL,28-Dec-2017,740,CE,0,0,0,7.55,0,0,0,0,0,19-DEC-2017,
OPTSTK,KSCL,28-Dec-2017,760,CE,0,0,0,6.2,0,0,0,0,0,19-DEC-2017,
OPTSTK,KSCL,28-Dec-2017,360,PE,0,0,0,4.1,0,0,0,0,0,19-DEC-2017,
OPTSTK,KSCL,28-Dec-2017,380,PE,0,0,0,6.5,0,0,0,0,0,19-DEC-2017,
OPTSTK,KSCL,28-Dec-2017,400,PE,0,0,0,9.75,0,0,0,0,0,19-DEC-2017,
OPTSTK,KSCL,28-Dec-2017,420,PE,0,0,0,13.95,0,0,0,0,0,19-DEC-2017,
OPTSTK,KSCL,28-Dec-2017,440,PE,0,0,0,19.3,0,0,0,0,0,19-DEC-2017,
OPTSTK,KSCL,28-Dec-2017,460,PE,0,0,0,1.1,0.05,0,0,3000,0,19-DEC-2017,
OPTSTK,KSCL,28-Dec-2017,480,PE,0,0,0,2.25,0.1,0,0,4500,0,19-DEC-2017,
OPTSTK,KSCL,28-Dec-2017,500,PE,2.2,2.2,2.2,2.2,2.2,1,7.53,30000,1500,19-DEC-2017,
OPTSTK,KSCL,28-Dec-2017,520,PE,4.35,4.35,2.5,2.5,2.5,15,117.76,27000,-3000,19-DEC-2017,
OPTSTK,KSCL,28-Dec-2017,540,PE,13.05,13.05,5,5,5,12,98.58,30000,13500,19-DEC-2017,
OPTSTK,KSCL,28-Dec-2017,560,PE,0,0,0,44,16.05,0,0,3000,0,19-DEC-2017,
OPTSTK,KSCL,28-Dec-2017,580,PE,0,0,0,55,29.85,0,0,6000,0,19-DEC-2017,
OPTSTK,KSCL,28-Dec-2017,600,PE,0,0,0,52.35,47,0,0,1500,0,19-DEC-2017,
OPTSTK,KSCL,28-Dec-2017,620,PE,0,0,0,118.25,65.95,0,0,0,0,19-DEC-2017,
OPTSTK,KSCL,28-Dec-2017,640,PE,0,0,0,133.9,85.65,0,0,0,0,19-DEC-2017,
OPTSTK,KSCL,28-Dec-2017,660,PE,0,0,0,111,105.55,0,0,4500,0,19-DEC-2017,
OPTSTK,KSCL,28-Dec-2017,680,PE,0,0,0,166.95,125.5,0,0,0,0,19-DEC-2017,
OPTSTK,KSCL,28-Dec-2017,700,PE,0,0,0,184.2,145.5,0,0,0,0,19-DEC-2017,
OPTSTK,KSCL,28-Dec-2017,720,PE,0,0,0,201.9,165.45,0,0,0,0,19-DEC-2017,
OPTSTK,KSCL,28-Dec-2017,740,PE,0,0,0,219.9,185.4,0,0,0,0,19-DEC-2017,
OPTSTK,KSCL,28-Dec-2017,760,PE,0,0,0,238.2,205.4,0,0,0,0,19-DEC-2017,
OPTSTK,KSCL,25-Jan-2018,360,CE,0,0,0,222.6,195.8,0,0,0,0,19-DEC-2017,
OPTSTK,KSCL,25-Jan-2018,380,CE,0,0,0,203.2,175.95,0,0,0,0,19-DEC-2017,
OPTSTK,KSCL,25-Jan-2018,400,CE,0,0,0,184.1,156.1,0,0,0,0,19-DEC-2017,
OPTSTK,KSCL,25-Jan-2018,420,CE,0,0,0,165.35,136.35,0,0,0,0,19-DEC-2017,
OPTSTK,KSCL,25-Jan-2018,440,CE,0,0,0,147.2,116.85,0,0,0,0,19-DEC-2017,
OPTSTK,KSCL,25-Jan-2018,460,CE,0,0,0,129.8,97.8,0,0,0,0,19-DEC-2017,
OPTSTK,KSCL,25-Jan-2018,480,CE,0,0,0,113.3,79.65,0,0,0,0,19-DEC-2017,
OPTSTK,KSCL,25-Jan-2018,500,CE,0,0,0,97.9,62.85,0,0,0,0,19-DEC-2017,
OPTSTK,KSCL,25-Jan-2018,520,CE,0,0,0,83.7,47.9,0,0,0,0,19-DEC-2017,
OPTSTK,KSCL,25-Jan-2018,540,CE,0,0,0,70.85,35.15,0,0,0,0,19-DEC-2017,
OPTSTK,KSCL,25-Jan-2018,560,CE,0,0,0,23.55,24.85,0,0,1500,0,19-DEC-2017,
OPTSTK,KSCL,25-Jan-2018,580,CE,0,0,0,49.2,16.9,0,0,0,0,19-DEC-2017,
OPTSTK,KSCL,25-Jan-2018,600,CE,0,0,0,40.45,11.05,0,0,0,0,19-DEC-2017,
OPTSTK,KSCL,25-Jan-2018,620,CE,0,0,0,32.9,6.95,0,0,0,0,19-DEC-2017,
OPTSTK,KSCL,25-Jan-2018,640,CE,0,0,0,26.55,4.25,0,0,0,0,19-DEC-2017,
OPTSTK,KSCL,25-Jan-2018,660,CE,0,0,0,21.3,2.5,0,0,0,0,19-DEC-2017,
OPTSTK,KSCL,25-Jan-2018,680,CE,0,0,0,16.9,1.4,0,0,0,0,19-DEC-2017,
OPTSTK,KSCL,25-Jan-2018,700,CE,0,0,0,13.3,0.8,0,0,0,0,19-DEC-2017,
OPTSTK,KSCL,25-Jan-2018,720,CE,0,0,0,10.4,0.45,0,0,0,0,19-DEC-2017,
OPTSTK,KSCL,25-Jan-2018,740,CE,0,0,0,8.1,0.25,0,0,0,0,19-DEC-2017,
OPTSTK,KSCL,25-Jan-2018,760,CE,0,0,0,6.25,0.15,0,0,0,0,19-DEC-2017,
OPTSTK,KSCL,25-Jan-2018,360,PE,0,0,0,0.25,0,0,0,0,0,19-DEC-2017,
OPTSTK,KSCL,25-Jan-2018,380,PE,0,0,0,0.55,0.05,0,0,0,0,19-DEC-2017,
OPTSTK,KSCL,25-Jan-2018,400,PE,0,0,0,1.15,0.05,0,0,0,0,19-DEC-2017,
OPTSTK,KSCL,25-Jan-2018,420,PE,0,0,0,2.1,0.2,0,0,0,0,19-DEC-2017,
OPTSTK,KSCL,25-Jan-2018,440,PE,0,0,0,3.6,0.55,0,0,0,0,19-DEC-2017,
OPTSTK,KSCL,25-Jan-2018,460,PE,0,0,0,5.9,1.35,0,0,0,0,19-DEC-2017,
OPTSTK,KSCL,25-Jan-2018,480,PE,0,0,0,9.05,3.1,0,0,0,0,19-DEC-2017,
OPTSTK,KSCL,25-Jan-2018,500,PE,0,0,0,13.35,6.15,0,0,0,0,19-DEC-2017,
OPTSTK,KSCL,25-Jan-2018,520,PE,0,0,0,18.85,11.05,0,0,0,0,19-DEC-2017,
OPTSTK,KSCL,25-Jan-2018,540,PE,0,0,0,25.65,18.2,0,0,0,0,19-DEC-2017,
OPTSTK,KSCL,25-Jan-2018,560,PE,0,0,0,33.85,27.75,0,0,0,0,19-DEC-2017,
OPTSTK,KSCL,25-Jan-2018,580,PE,0,0,0,43.45,39.65,0,0,0,0,19-DEC-2017,
OPTSTK,KSCL,25-Jan-2018,600,PE,0,0,0,54.35,53.7,0,0,0,0,19-DEC-2017,
OPTSTK,KSCL,25-Jan-2018,620,PE,0,0,0,66.5,69.5,0,0,0,0,19-DEC-2017,
OPTSTK,KSCL,25-Jan-2018,640,PE,0,0,0,79.8,86.6,0,0,0,0,19-DEC-2017,
OPTSTK,KSCL,25-Jan-2018,660,PE,0,0,0,94.2,104.75,0,0,0,0,19-DEC-2017,
OPTSTK,KSCL,25-Jan-2018,680,PE,0,0,0,109.55,123.55,0,0,0,0,19-DEC-2017,
OPTSTK,KSCL,25-Jan-2018,700,PE,0,0,0,125.65,142.8,0,0,0,0,19-DEC-2017,
OPTSTK,KSCL,25-Jan-2018,720,PE,0,0,0,142.45,162.3,0,0,0,0,19-DEC-2017,
OPTSTK,KSCL,25-Jan-2018,740,PE,0,0,0,159.8,181.95,0,0,0,0,19-DEC-2017,
OPTSTK,KSCL,25-Jan-2018,760,PE,0,0,0,177.65,201.75,0,0,0,0,19-DEC-2017,
OPTSTK,KSCL,22-Feb-2018,360,CE,0,0,0,188.6,197.65,0,0,0,0,19-DEC-2017,
OPTSTK,KSCL,22-Feb-2018,380,CE,0,0,0,169.1,177.95,0,0,0,0,19-DEC-2017,
OPTSTK,KSCL,22-Feb-2018,400,CE,0,0,0,149.8,158.45,0,0,0,0,19-DEC-2017,
OPTSTK,KSCL,22-Feb-2018,420,CE,0,0,0,130.9,139.25,0,0,0,0,19-DEC-2017,
OPTSTK,KSCL,22-Feb-2018,440,CE,0,0,0,112.65,120.6,0,0,0,0,19-DEC-2017,
OPTSTK,KSCL,22-Feb-2018,460,CE,0,0,0,95.35,102.75,0,0,0,0,19-DEC-2017,
OPTSTK,KSCL,22-Feb-2018,480,CE,0,0,0,79.25,85.95,0,0,0,0,19-DEC-2017,
OPTSTK,KSCL,22-Feb-2018,500,CE,0,0,0,64.7,70.6,0,0,0,0,19-DEC-2017,
OPTSTK,KSCL,22-Feb-2018,520,CE,0,0,0,51.75,56.8,0,0,0,0,19-DEC-2017,
OPTSTK,KSCL,22-Feb-2018,540,CE,0,0,0,40.65,44.8,0,0,0,0,19-DEC-2017,
OPTSTK,KSCL,22-Feb-2018,560,CE,0,0,0,31.3,34.65,0,0,0,0,19-DEC-2017,
OPTSTK,KSCL,22-Feb-2018,580,CE,0,0,0,23.65,26.25,0,0,0,0,19-DEC-2017,
OPTSTK,KSCL,22-Feb-2018,600,CE,0,0,0,17.6,19.55,0,0,0,0,19-DEC-2017,
OPTSTK,KSCL,22-Feb-2018,620,CE,0,0,0,12.85,14.3,0,0,0,0,19-DEC-2017,
OPTSTK,KSCL,22-Feb-2018,640,CE,0,0,0,9.25,10.25,0,0,0,0,19-DEC-2017,
OPTSTK,KSCL,22-Feb-2018,660,CE,0,0,0,6.55,7.25,0,0,0,0,19-DEC-2017,
OPTSTK,KSCL,22-Feb-2018,680,CE,0,0,0,4.55,5,0,0,0,0,19-DEC-2017,
OPTSTK,KSCL,22-Feb-2018,700,CE,0,0,0,3.15,3.45,0,0,0,0,19-DEC-2017,
OPTSTK,KSCL,22-Feb-2018,720,CE,0,0,0,2.15,2.3,0,0,0,0,19-DEC-2017,
OPTSTK,KSCL,22-Feb-2018,740,CE,0,0,0,1.45,1.55,0,0,0,0,19-DEC-2017,
OPTSTK,KSCL,22-Feb-2018,760,CE,0,0,0,0.95,1,0,0,0,0,19-DEC-2017,
OPTSTK,KSCL,22-Feb-2018,360,PE,0,0,0,0.1,0.05,0,0,0,0,19-DEC-2017,
OPTSTK,KSCL,22-Feb-2018,380,PE,0,0,0,0.3,0.2,0,0,0,0,19-DEC-2017,
OPTSTK,KSCL,22-Feb-2018,400,PE,0,0,0,0.7,0.45,0,0,0,0,19-DEC-2017,
OPTSTK,KSCL,22-Feb-2018,420,PE,0,0,0,1.5,1.05,0,0,0,0,19-DEC-2017,
OPTSTK,KSCL,22-Feb-2018,440,PE,0,0,0,3,2.15,0,0,0,0,19-DEC-2017,
OPTSTK,KSCL,22-Feb-2018,460,PE,0,0,0,5.4,4.05,0,0,0,0,19-DEC-2017,
OPTSTK,KSCL,22-Feb-2018,480,PE,0,0,0,9,7.05,0,0,0,0,19-DEC-2017,
OPTSTK,KSCL,22-Feb-2018,500,PE,0,0,0,14.15,11.45,0,0,0,0,19-DEC-2017,
OPTSTK,KSCL,22-Feb-2018,520,PE,0,0,0,20.95,17.4,0,0,0,0,19-DEC-2017,
OPTSTK,KSCL,22-Feb-2018,540,PE,0,0,0,29.55,25.2,0,0,0,0,19-DEC-2017,
OPTSTK,KSCL,22-Feb-2018,560,PE,0,0,0,39.9,34.8,0,0,0,0,19-DEC-2017,
OPTSTK,KSCL,22-Feb-2018,580,PE,0,0,0,51.95,46.2,0,0,0,0,19-DEC-2017,
OPTSTK,KSCL,22-Feb-2018,600,PE,0,0,0,65.6,59.25,0,0,0,0,19-DEC-2017,
OPTSTK,KSCL,22-Feb-2018,620,PE,0,0,0,80.6,73.75,0,0,0,0,19-DEC-2017,
OPTSTK,KSCL,22-Feb-2018,640,PE,0,0,0,96.65,89.5,0,0,0,0,19-DEC-2017,
OPTSTK,KSCL,22-Feb-2018,660,PE,0,0,0,113.65,106.25,0,0,0,0,19-DEC-2017,
OPTSTK,KSCL,22-Feb-2018,680,PE,0,0,0,131.4,123.8,0,0,0,0,19-DEC-2017,
OPTSTK,KSCL,22-Feb-2018,700,PE,0,0,0,149.7,142,0,0,0,0,19-DEC-2017,
OPTSTK,KSCL,22-Feb-2018,720,PE,0,0,0,168.4,160.65,0,0,0,0,19-DEC-2017,
OPTSTK,KSCL,22-Feb-2018,740,PE,0,0,0,187.4,179.65,0,0,0,0,19-DEC-2017,
OPTSTK,KSCL,22-Feb-2018,760,PE,0,0,0,206.65,198.9,0,0,0,0,19-DEC-2017,
OPTSTK,KTKBANK,28-Dec-2017,100,CE,0,0,0,42.25,50.1,0,0,0,0,19-DEC-2017,
OPTSTK,KTKBANK,28-Dec-2017,105,CE,0,0,0,37.8,45.1,0,0,0,0,19-DEC-2017,
OPTSTK,KTKBANK,28-Dec-2017,110,CE,0,0,0,33.5,40.1,0,0,0,0,19-DEC-2017,
OPTSTK,KTKBANK,28-Dec-2017,115,CE,0,0,0,29.5,35.1,0,0,0,0,19-DEC-2017,
OPTSTK,KTKBANK,28-Dec-2017,120,CE,0,0,0,25.75,30.1,0,0,0,0,19-DEC-2017,
OPTSTK,KTKBANK,28-Dec-2017,125,CE,0,0,0,22.25,25.1,0,0,0,0,19-DEC-2017,
OPTSTK,KTKBANK,28-Dec-2017,130,CE,0,0,0,24,20.1,0,0,7600,0,19-DEC-2017,
OPTSTK,KTKBANK,28-Dec-2017,135,CE,0,0,0,16.25,15.15,0,0,0,0,19-DEC-2017,
OPTSTK,KTKBANK,28-Dec-2017,140,CE,0,0,0,9.35,10.3,0,0,26600,0,19-DEC-2017,
OPTSTK,KTKBANK,28-Dec-2017,145,CE,6.5,6.5,6.5,6.5,6.5,1,5.75,98800,0,19-DEC-2017,
OPTSTK,KTKBANK,28-Dec-2017,150,CE,3,3.6,2.95,3.45,3.45,111,646.51,406600,38000,19-DEC-2017,
OPTSTK,KTKBANK,28-Dec-2017,155,CE,1.75,1.85,1.45,1.7,1.7,123,732.15,649800,26600,19-DEC-2017,
OPTSTK,KTKBANK,28-Dec-2017,160,CE,0.9,0.95,0.65,0.8,0.8,92,562.13,896800,60800,19-DEC-2017,
OPTSTK,KTKBANK,28-Dec-2017,165,CE,0.35,0.45,0.3,0.4,0.4,24,150.82,334400,-7600,19-DEC-2017,
OPTSTK,KTKBANK,28-Dec-2017,170,CE,0.25,0.25,0.2,0.25,0.25,14,90.56,585200,15200,19-DEC-2017,
OPTSTK,KTKBANK,28-Dec-2017,175,CE,0,0,0,0.15,0,0,0,72200,0,19-DEC-2017,
OPTSTK,KTKBANK,28-Dec-2017,180,CE,0.05,0.05,0.05,0.05,0.05,19,129.99,140600,-49400,19-DEC-2017,
OPTSTK,KTKBANK,28-Dec-2017,185,CE,0,0,0,0.5,0,0,0,11400,0,19-DEC-2017,
OPTSTK,KTKBANK,28-Dec-2017,190,CE,0,0,0,0.4,0,0,0,3800,0,19-DEC-2017,
OPTSTK,KTKBANK,28-Dec-2017,195,CE,0,0,0,1.45,0,0,0,0,0,19-DEC-2017,
OPTSTK,KTKBANK,28-Dec-2017,200,CE,0,0,0,1.15,0,0,0,0,0,19-DEC-2017,
OPTSTK,KTKBANK,28-Dec-2017,205,CE,0,0,0,0.9,0,0,0,0,0,19-DEC-2017,
OPTSTK,KTKBANK,28-Dec-2017,210,CE,0,0,0,0.7,0,0,0,0,0,19-DEC-2017,
OPTSTK,KTKBANK,28-Dec-2017,100,PE,0.1,2.4,0.1,1.25,1.25,2,7.69,3800,0,19-DEC-2017,
OPTSTK,KTKBANK,28-Dec-2017,105,PE,0,0,0,1.2,0,0,0,0,0,19-DEC-2017,
OPTSTK,KTKBANK,28-Dec-2017,110,PE,0,0,0,1.85,0,0,0,0,0,19-DEC-2017,
OPTSTK,KTKBANK,28-Dec-2017,115,PE,0,0,0,2.9,0,0,0,3800,0,19-DEC-2017,
OPTSTK,KTKBANK,28-Dec-2017,120,PE,0,0,0,3.9,0,0,0,0,0,19-DEC-2017,
OPTSTK,KTKBANK,28-Dec-2017,125,PE,0,0,0,0.5,0,0,0,7600,0,19-DEC-2017,
OPTSTK,KTKBANK,28-Dec-2017,130,PE,0.1,0.1,0.1,0.1,0.1,1,4.94,30400,0,19-DEC-2017,
OPTSTK,KTKBANK,28-Dec-2017,135,PE,0.15,0.15,0.1,0.1,0.1,3,15.4,83600,0,19-DEC-2017,
OPTSTK,KTKBANK,28-Dec-2017,140,PE,0.5,0.6,0.35,0.35,0.35,24,128.08,349600,-11400,19-DEC-2017,
OPTSTK,KTKBANK,28-Dec-2017,145,PE,1.35,1.35,1.1,1.15,1.15,20,111.11,228000,3800,19-DEC-2017,
OPTSTK,KTKBANK,28-Dec-2017,150,PE,3.7,3.7,2.8,2.8,2.8,33,191.95,307800,79800,19-DEC-2017,
OPTSTK,KTKBANK,28-Dec-2017,155,PE,6.5,6.9,6.5,6.8,6.8,3,18.43,110200,-11400,19-DEC-2017,
OPTSTK,KTKBANK,28-Dec-2017,160,PE,10.3,10.3,10.25,10.25,10.25,3,19.41,155800,0,19-DEC-2017,
OPTSTK,KTKBANK,28-Dec-2017,165,PE,0,0,0,16.5,14.9,0,0,57000,0,19-DEC-2017,
OPTSTK,KTKBANK,28-Dec-2017,170,PE,0,0,0,24,19.85,0,0,95000,0,19-DEC-2017,
OPTSTK,KTKBANK,28-Dec-2017,175,PE,0,0,0,35.85,24.85,0,0,0,0,19-DEC-2017,
OPTSTK,KTKBANK,28-Dec-2017,180,PE,0,0,0,30.5,29.85,0,0,129200,0,19-DEC-2017,
OPTSTK,KTKBANK,28-Dec-2017,185,PE,0,0,0,26,34.85,0,0,7600,0,19-DEC-2017,
OPTSTK,KTKBANK,28-Dec-2017,190,PE,0,0,0,35.5,39.8,0,0,7600,0,19-DEC-2017,
OPTSTK,KTKBANK,28-Dec-2017,195,PE,0,0,0,53.45,44.8,0,0,0,0,19-DEC-2017,
OPTSTK,KTKBANK,28-Dec-2017,200,PE,0,0,0,58.1,49.8,0,0,0,0,19-DEC-2017,
OPTSTK,KTKBANK,28-Dec-2017,205,PE,0,0,0,62.75,54.8,0,0,0,0,19-DEC-2017,
OPTSTK,KTKBANK,28-Dec-2017,210,PE,0,0,0,67.5,59.8,0,0,0,0,19-DEC-2017,
OPTSTK,KTKBANK,25-Jan-2018,100,CE,0,0,0,57.65,50.55,0,0,0,0,19-DEC-2017,
OPTSTK,KTKBANK,25-Jan-2018,105,CE,0,0,0,52.85,45.6,0,0,0,0,19-DEC-2017,
OPTSTK,KTKBANK,25-Jan-2018,110,CE,0,0,0,48.15,40.65,0,0,0,0,19-DEC-2017,
OPTSTK,KTKBANK,25-Jan-2018,115,CE,0,0,0,43.55,35.65,0,0,0,0,19-DEC-2017,
OPTSTK,KTKBANK,25-Jan-2018,120,CE,0,0,0,39.05,30.7,0,0,0,0,19-DEC-2017,
OPTSTK,KTKBANK,25-Jan-2018,125,CE,0,0,0,34.8,25.8,0,0,0,0,19-DEC-2017,
OPTSTK,KTKBANK,25-Jan-2018,130,CE,0,0,0,30.75,21.05,0,0,0,0,19-DEC-2017,
OPTSTK,KTKBANK,25-Jan-2018,135,CE,0,0,0,26.95,16.5,0,0,0,0,19-DEC-2017,
OPTSTK,KTKBANK,25-Jan-2018,140,CE,0,0,0,23.4,12.35,0,0,0,0,19-DEC-2017,
OPTSTK,KTKBANK,25-Jan-2018,145,CE,9.9,9.9,9.9,9.9,9.9,2,11.77,7600,7600,19-DEC-2017,
OPTSTK,KTKBANK,25-Jan-2018,150,CE,0,0,0,17.25,5.9,0,0,0,0,19-DEC-2017,
OPTSTK,KTKBANK,25-Jan-2018,155,CE,4.5,4.5,4.5,4.5,4.5,1,6.06,7600,3800,19-DEC-2017,
OPTSTK,KTKBANK,25-Jan-2018,160,CE,3,3.3,3,3.3,3.3,2,12.39,11400,7600,19-DEC-2017,
OPTSTK,KTKBANK,25-Jan-2018,165,CE,0,0,0,10.3,1.25,0,0,0,0,19-DEC-2017,
OPTSTK,KTKBANK,25-Jan-2018,170,CE,0,0,0,8.55,0.7,0,0,0,0,19-DEC-2017,
OPTSTK,KTKBANK,25-Jan-2018,175,CE,0,0,0,7.05,0.35,0,0,0,0,19-DEC-2017,
OPTSTK,KTKBANK,25-Jan-2018,180,CE,0,0,0,5.8,0.15,0,0,0,0,19-DEC-2017,
OPTSTK,KTKBANK,25-Jan-2018,185,CE,0,0,0,4.7,0.1,0,0,0,0,19-DEC-2017,
OPTSTK,KTKBANK,25-Jan-2018,190,CE,0,0,0,3.8,0.05,0,0,0,0,19-DEC-2017,
OPTSTK,KTKBANK,25-Jan-2018,195,CE,0,0,0,3.05,0.05,0,0,0,0,19-DEC-2017,
OPTSTK,KTKBANK,25-Jan-2018,200,CE,0,0,0,2.45,0,0,0,0,0,19-DEC-2017,
OPTSTK,KTKBANK,25-Jan-2018,205,CE,0,0,0,1.95,0,0,0,0,0,19-DEC-2017,
OPTSTK,KTKBANK,25-Jan-2018,210,CE,0,0,0,1.55,0,0,0,0,0,19-DEC-2017,
OPTSTK,KTKBANK,25-Jan-2018,100,PE,0,0,0,0.15,0,0,0,0,0,19-DEC-2017,
OPTSTK,KTKBANK,25-Jan-2018,105,PE,0,0,0,0.25,0,0,0,0,0,19-DEC-2017,
OPTSTK,KTKBANK,25-Jan-2018,110,PE,0,0,0,0.45,0,0,0,0,0,19-DEC-2017,
OPTSTK,KTKBANK,25-Jan-2018,115,PE,0,0,0,0.8,0.05,0,0,0,0,19-DEC-2017,
OPTSTK,KTKBANK,25-Jan-2018,120,PE,0,0,0,1.25,0.05,0,0,0,0,19-DEC-2017,
OPTSTK,KTKBANK,25-Jan-2018,125,PE,0,0,0,1.9,0.1,0,0,0,0,19-DEC-2017,
OPTSTK,KTKBANK,25-Jan-2018,130,PE,0,0,0,2.75,0.3,0,0,0,0,19-DEC-2017,
OPTSTK,KTKBANK,25-Jan-2018,135,PE,0,0,0,3.85,0.7,0,0,0,0,19-DEC-2017,
OPTSTK,KTKBANK,25-Jan-2018,140,PE,2.55,2.55,2.55,2.55,2.55,1,5.41,11400,3800,19-DEC-2017,
OPTSTK,KTKBANK,25-Jan-2018,145,PE,4.05,4.05,4.05,4.05,4.05,2,11.32,7600,0,19-DEC-2017,
OPTSTK,KTKBANK,25-Jan-2018,150,PE,0,0,0,5.95,5.05,0,0,3800,0,19-DEC-2017,
OPTSTK,KTKBANK,25-Jan-2018,155,PE,8.75,9.2,8.7,9,9,5,31.15,15200,15200,19-DEC-2017,
OPTSTK,KTKBANK,25-Jan-2018,160,PE,0,0,0,13.85,11.3,0,0,0,0,19-DEC-2017,
OPTSTK,KTKBANK,25-Jan-2018,165,PE,0,0,0,16.75,15.3,0,0,0,0,19-DEC-2017,
OPTSTK,KTKBANK,25-Jan-2018,170,PE,0,0,0,19.95,19.65,0,0,0,0,19-DEC-2017,
OPTSTK,KTKBANK,25-Jan-2018,175,PE,0,0,0,23.35,24.3,0,0,0,0,19-DEC-2017,
OPTSTK,KTKBANK,25-Jan-2018,180,PE,0,0,0,27,29.1,0,0,0,0,19-DEC-2017,
OPTSTK,KTKBANK,25-Jan-2018,185,PE,0,0,0,30.85,34,0,0,0,0,19-DEC-2017,
OPTSTK,KTKBANK,25-Jan-2018,190,PE,0,0,0,34.9,38.9,0,0,0,0,19-DEC-2017,
OPTSTK,KTKBANK,25-Jan-2018,195,PE,0,0,0,39.05,43.85,0,0,0,0,19-DEC-2017,
OPTSTK,KTKBANK,25-Jan-2018,200,PE,0,0,0,43.4,48.8,0,0,0,0,19-DEC-2017,
OPTSTK,KTKBANK,25-Jan-2018,205,PE,0,0,0,47.8,53.8,0,0,0,0,19-DEC-2017,
OPTSTK,KTKBANK,25-Jan-2018,210,PE,0,0,0,52.3,58.75,0,0,0,0,19-DEC-2017,
OPTSTK,KTKBANK,22-Feb-2018,100,CE,0,0,0,56.55,51.05,0,0,0,0,19-DEC-2017,
OPTSTK,KTKBANK,22-Feb-2018,105,CE,0,0,0,51.65,46.1,0,0,0,0,19-DEC-2017,
OPTSTK,KTKBANK,22-Feb-2018,110,CE,0,0,0,46.75,41.2,0,0,0,0,19-DEC-2017,
OPTSTK,KTKBANK,22-Feb-2018,115,CE,0,0,0,41.95,36.3,0,0,0,0,19-DEC-2017,
OPTSTK,KTKBANK,22-Feb-2018,120,CE,0,0,0,37.25,31.45,0,0,0,0,19-DEC-2017,
OPTSTK,KTKBANK,22-Feb-2018,125,CE,0,0,0,32.65,26.75,0,0,0,0,19-DEC-2017,
OPTSTK,KTKBANK,22-Feb-2018,130,CE,0,0,0,28.25,22.2,0,0,0,0,19-DEC-2017,
OPTSTK,KTKBANK,22-Feb-2018,135,CE,0,0,0,24.15,18,0,0,0,0,19-DEC-2017,
OPTSTK,KTKBANK,22-Feb-2018,140,CE,0,0,0,20.3,14.2,0,0,0,0,19-DEC-2017,
OPTSTK,KTKBANK,22-Feb-2018,145,CE,0,0,0,16.85,10.85,0,0,0,0,19-DEC-2017,
OPTSTK,KTKBANK,22-Feb-2018,150,CE,0,0,0,13.75,8.05,0,0,0,0,19-DEC-2017,
OPTSTK,KTKBANK,22-Feb-2018,155,CE,0,0,0,11.05,5.8,0,0,0,0,19-DEC-2017,
OPTSTK,KTKBANK,22-Feb-2018,160,CE,0,0,0,8.75,4.05,0,0,0,0,19-DEC-2017,
OPTSTK,KTKBANK,22-Feb-2018,165,CE,0,0,0,6.85,2.75,0,0,0,0,19-DEC-2017,
OPTSTK,KTKBANK,22-Feb-2018,170,CE,0,0,0,5.25,1.8,0,0,0,0,19-DEC-2017,
OPTSTK,KTKBANK,22-Feb-2018,175,CE,0,0,0,4,1.15,0,0,0,0,19-DEC-2017,
OPTSTK,KTKBANK,22-Feb-2018,180,CE,0,0,0,3,0.7,0,0,0,0,19-DEC-2017,
OPTSTK,KTKBANK,22-Feb-2018,185,CE,0,0,0,2.25,0.45,0,0,0,0,19-DEC-2017,
OPTSTK,KTKBANK,22-Feb-2018,190,CE,0,0,0,1.65,0.25,0,0,0,0,19-DEC-2017,
OPTSTK,KTKBANK,22-Feb-2018,195,CE,0,0,0,1.2,0.15,0,0,0,0,19-DEC-2017,
OPTSTK,KTKBANK,22-Feb-2018,200,CE,0,0,0,0.85,0.1,0,0,0,0,19-DEC-2017,
OPTSTK,KTKBANK,22-Feb-2018,205,CE,0,0,0,0.6,0.05,0,0,0,0,19-DEC-2017,
OPTSTK,KTKBANK,22-Feb-2018,210,CE,0,0,0,0.45,0.05,0,0,0,0,19-DEC-2017,
OPTSTK,KTKBANK,22-Feb-2018,100,PE,0,0,0,0.05,0,0,0,0,0,19-DEC-2017,
OPTSTK,KTKBANK,22-Feb-2018,105,PE,0,0,0,0.05,0.05,0,0,0,0,19-DEC-2017,
OPTSTK,KTKBANK,22-Feb-2018,110,PE,0,0,0,0.1,0.05,0,0,0,0,19-DEC-2017,
OPTSTK,KTKBANK,22-Feb-2018,115,PE,0,0,0,0.25,0.1,0,0,0,0,19-DEC-2017,
OPTSTK,KTKBANK,22-Feb-2018,120,PE,0,0,0,0.45,0.2,0,0,0,0,19-DEC-2017,
OPTSTK,KTKBANK,22-Feb-2018,125,PE,0,0,0,0.8,0.4,0,0,0,0,19-DEC-2017,
OPTSTK,KTKBANK,22-Feb-2018,130,PE,0,0,0,1.3,0.85,0,0,0,0,19-DEC-2017,
OPTSTK,KTKBANK,22-Feb-2018,135,PE,0,0,0,2.1,1.55,0,0,0,0,19-DEC-2017,
OPTSTK,KTKBANK,22-Feb-2018,140,PE,0,0,0,3.2,2.7,0,0,0,0,19-DEC-2017,
OPTSTK,KTKBANK,22-Feb-2018,145,PE,0,0,0,4.65,4.3,0,0,0,0,19-DEC-2017,
OPTSTK,KTKBANK,22-Feb-2018,150,PE,0,0,0,6.5,6.45,0,0,0,0,19-DEC-2017,
OPTSTK,KTKBANK,22-Feb-2018,155,PE,0,0,0,8.75,9.1,0,0,0,0,19-DEC-2017,
OPTSTK,KTKBANK,22-Feb-2018,160,PE,0,0,0,11.4,12.3,0,0,0,0,19-DEC-2017,
OPTSTK,KTKBANK,22-Feb-2018,165,PE,0,0,0,14.4,15.95,0,0,0,0,19-DEC-2017,
OPTSTK,KTKBANK,22-Feb-2018,170,PE,0,0,0,17.75,19.95,0,0,0,0,19-DEC-2017,
OPTSTK,KTKBANK,22-Feb-2018,175,PE,0,0,0,21.4,24.25,0,0,0,0,19-DEC-2017,
OPTSTK,KTKBANK,22-Feb-2018,180,PE,0,0,0,25.35,28.75,0,0,0,0,19-DEC-2017,
OPTSTK,KTKBANK,22-Feb-2018,185,PE,0,0,0,29.5,33.45,0,0,0,0,19-DEC-2017,
OPTSTK,KTKBANK,22-Feb-2018,190,PE,0,0,0,33.8,38.2,0,0,0,0,19-DEC-2017,
OPTSTK,KTKBANK,22-Feb-2018,195,PE,0,0,0,38.3,43.05,0,0,0,0,19-DEC-2017,
OPTSTK,KTKBANK,22-Feb-2018,200,PE,0,0,0,42.9,47.9,0,0,0,0,19-DEC-2017,
OPTSTK,KTKBANK,22-Feb-2018,205,PE,0,0,0,47.55,52.85,0,0,0,0,19-DEC-2017,
OPTSTK,KTKBANK,22-Feb-2018,210,PE,0,0,0,52.3,57.75,0,0,0,0,19-DEC-2017,
OPTSTK,L&TFH,28-Dec-2017,120,CE,0,0,0,72.6,57.6,0,0,0,0,19-DEC-2017,
OPTSTK,L&TFH,28-Dec-2017,125,CE,0,0,0,67.9,52.6,0,0,0,0,19-DEC-2017,
OPTSTK,L&TFH,28-Dec-2017,130,CE,0,0,0,63.25,47.6,0,0,0,0,19-DEC-2017,
OPTSTK,L&TFH,28-Dec-2017,135,CE,0,0,0,16.25,42.65,0,0,22500,0,19-DEC-2017,
OPTSTK,L&TFH,28-Dec-2017,140,CE,0,0,0,54.3,37.65,0,0,0,0,19-DEC-2017,
OPTSTK,L&TFH,28-Dec-2017,145,CE,0,0,0,28.65,32.65,0,0,72000,0,19-DEC-2017,
OPTSTK,L&TFH,28-Dec-2017,150,CE,0,0,0,15,27.65,0,0,13500,0,19-DEC-2017,
OPTSTK,L&TFH,28-Dec-2017,155,CE,0,0,0,11.4,22.75,0,0,4500,0,19-DEC-2017,
OPTSTK,L&TFH,28-Dec-2017,160,CE,13.6,17.25,13.05,17.25,17.25,6,47.11,144000,-18000,19-DEC-2017,
OPTSTK,L&TFH,28-Dec-2017,165,CE,8.15,14,8.1,13.4,13.4,71,564.51,373500,-153000,19-DEC-2017,
OPTSTK,L&TFH,28-Dec-2017,170,CE,4.75,9.05,4.45,8.65,8.65,594,4711.52,877500,-472500,19-DEC-2017,
OPTSTK,L&TFH,28-Dec-2017,175,CE,2.55,5.25,2.3,4.95,4.95,854,6867.67,1039500,-346500,19-DEC-2017,
OPTSTK,L&TFH,28-Dec-2017,180,CE,1.45,2.9,1.2,2.65,2.65,949,7775.73,1989000,184500,19-DEC-2017,
OPTSTK,L&TFH,28-Dec-2017,185,CE,0.95,1.55,0.6,1.3,1.3,377,3156.3,1066500,108000,19-DEC-2017,
OPTSTK,L&TFH,28-Dec-2017,190,CE,0.5,0.8,0.4,0.75,0.75,148,1269.28,990000,-40500,19-DEC-2017,
OPTSTK,L&TFH,28-Dec-2017,195,CE,0.25,0.45,0.25,0.4,0.4,31,272.54,220500,0,19-DEC-2017,
OPTSTK,L&TFH,28-Dec-2017,200,CE,0.15,0.35,0.15,0.3,0.3,133,1198.32,1750500,-130500,19-DEC-2017,
OPTSTK,L&TFH,28-Dec-2017,205,CE,0.15,0.15,0.15,0.15,0.15,2,18.46,54000,0,19-DEC-2017,
OPTSTK,L&TFH,28-Dec-2017,210,CE,0.1,0.1,0.05,0.05,0.05,6,56.72,157500,0,19-DEC-2017,
OPTSTK,L&TFH,28-Dec-2017,215,CE,0,0,0,0.05,0.05,0,0,31500,0,19-DEC-2017,
OPTSTK,L&TFH,28-Dec-2017,220,CE,0,0,0,0.3,0,0,0,9000,0,19-DEC-2017,
OPTSTK,L&TFH,28-Dec-2017,225,CE,0,0,0,8.25,0,0,0,0,0,19-DEC-2017,
OPTSTK,L&TFH,28-Dec-2017,230,CE,0,0,0,7.2,0,0,0,0,0,19-DEC-2017,
OPTSTK,L&TFH,28-Dec-2017,235,CE,0,0,0,6.25,0,0,0,0,0,19-DEC-2017,
OPTSTK,L&TFH,28-Dec-2017,240,CE,0,0,0,5.4,0,0,0,0,0,19-DEC-2017,
OPTSTK,L&TFH,28-Dec-2017,245,CE,0,0,0,4.7,0,0,0,0,0,19-DEC-2017,
OPTSTK,L&TFH,28-Dec-2017,250,CE,0,0,0,4.05,0,0,0,0,0,19-DEC-2017,
OPTSTK,L&TFH,28-Dec-2017,255,CE,0,0,0,3.5,0,0,0,0,0,19-DEC-2017,
OPTSTK,L&TFH,28-Dec-2017,120,PE,0,0,0,0.4,0,0,0,0,0,19-DEC-2017,
OPTSTK,L&TFH,28-Dec-2017,125,PE,0,0,0,0.6,0,0,0,0,0,19-DEC-2017,
OPTSTK,L&TFH,28-Dec-2017,130,PE,0,0,0,0.85,0,0,0,0,0,19-DEC-2017,
OPTSTK,L&TFH,28-Dec-2017,135,PE,0,0,0,0.2,0,0,0,0,0,19-DEC-2017,
OPTSTK,L&TFH,28-Dec-2017,140,PE,0,0,0,0.1,0,0,0,72000,0,19-DEC-2017,
OPTSTK,L&TFH,28-Dec-2017,145,PE,0.05,0.05,0.05,0.05,0.05,1,6.52,45000,0,19-DEC-2017,
OPTSTK,L&TFH,28-Dec-2017,150,PE,0.2,0.2,0.1,0.1,0.1,7,47.28,211500,-22500,19-DEC-2017,
OPTSTK,L&TFH,28-Dec-2017,155,PE,0.2,0.3,0.15,0.15,0.15,19,132.67,166500,-31500,19-DEC-2017,
OPTSTK,L&TFH,28-Dec-2017,160,PE,0.5,0.6,0.2,0.25,0.25,119,858.71,1363500,-103500,19-DEC-2017,
OPTSTK,L&TFH,28-Dec-2017,165,PE,1.1,1.1,0.3,0.35,0.35,132,983.55,436500,-31500,19-DEC-2017,
OPTSTK,L&TFH,28-Dec-2017,170,PE,2.75,2.75,0.7,0.9,0.9,391,3015.95,985500,234000,19-DEC-2017,
OPTSTK,L&TFH,28-Dec-2017,175,PE,5,5.1,1.75,2.05,2.05,125,999.36,531000,189000,19-DEC-2017,
OPTSTK,L&TFH,28-Dec-2017,180,PE,7.2,7.2,4.15,4.4,4.4,48,399.28,594000,117000,19-DEC-2017,
OPTSTK,L&TFH,28-Dec-2017,185,PE,8,8,8,8,8,1,8.68,72000,4500,19-DEC-2017,
OPTSTK,L&TFH,28-Dec-2017,190,PE,16.25,16.25,14.5,14.5,14.5,5,46.19,81000,-4500,19-DEC-2017,
OPTSTK,L&TFH,28-Dec-2017,195,PE,17,17,17,17,17,1,9.54,45000,-4500,19-DEC-2017,
OPTSTK,L&TFH,28-Dec-2017,200,PE,26,26,26,26,26,1,10.17,144000,-4500,19-DEC-2017,
OPTSTK,L&TFH,28-Dec-2017,205,PE,36.15,36.15,36.15,36.15,36.15,1,10.85,18000,0,19-DEC-2017,
OPTSTK,L&TFH,28-Dec-2017,210,PE,0,0,0,44.75,32.3,0,0,49500,0,19-DEC-2017,
OPTSTK,L&TFH,28-Dec-2017,215,PE,0,0,0,38.5,37.3,0,0,22500,0,19-DEC-2017,
OPTSTK,L&TFH,28-Dec-2017,220,PE,0,0,0,44.5,42.3,0,0,13500,0,19-DEC-2017,
OPTSTK,L&TFH,28-Dec-2017,225,PE,0,0,0,39.4,47.25,0,0,0,0,19-DEC-2017,
OPTSTK,L&TFH,28-Dec-2017,230,PE,0,0,0,43.25,52.25,0,0,0,0,19-DEC-2017,
OPTSTK,L&TFH,28-Dec-2017,235,PE,0,0,0,47.25,57.25,0,0,0,0,19-DEC-2017,
OPTSTK,L&TFH,28-Dec-2017,240,PE,0,0,0,51.35,62.25,0,0,0,0,19-DEC-2017,
OPTSTK,L&TFH,28-Dec-2017,245,PE,0,0,0,55.55,67.25,0,0,0,0,19-DEC-2017,
OPTSTK,L&TFH,28-Dec-2017,250,PE,0,0,0,71.15,72.25,0,0,108000,0,19-DEC-2017,
OPTSTK,L&TFH,28-Dec-2017,255,PE,0,0,0,64.2,77.2,0,0,0,0,19-DEC-2017,
OPTSTK,L&TFH,25-Jan-2018,120,CE,0,0,0,78.4,58.2,0,0,0,0,19-DEC-2017,
OPTSTK,L&TFH,25-Jan-2018,125,CE,0,0,0,73.65,53.25,0,0,0,0,19-DEC-2017,
OPTSTK,L&TFH,25-Jan-2018,130,CE,0,0,0,69,48.35,0,0,0,0,19-DEC-2017,
OPTSTK,L&TFH,25-Jan-2018,135,CE,0,0,0,64.4,43.45,0,0,0,0,19-DEC-2017,
OPTSTK,L&TFH,25-Jan-2018,140,CE,0,0,0,59.9,38.6,0,0,0,0,19-DEC-2017,
OPTSTK,L&TFH,25-Jan-2018,145,CE,0,0,0,55.55,33.9,0,0,0,0,19-DEC-2017,
OPTSTK,L&TFH,25-Jan-2018,150,CE,0,0,0,51.35,29.4,0,0,0,0,19-DEC-2017,
OPTSTK,L&TFH,25-Jan-2018,155,CE,0,0,0,47.25,25.05,0,0,0,0,19-DEC-2017,
OPTSTK,L&TFH,25-Jan-2018,160,CE,0,0,0,43.4,21.05,0,0,0,0,19-DEC-2017,
OPTSTK,L&TFH,25-Jan-2018,165,CE,0,0,0,39.65,17.4,0,0,0,0,19-DEC-2017,
OPTSTK,L&TFH,25-Jan-2018,170,CE,0,0,0,36.15,14.1,0,0,0,0,19-DEC-2017,
OPTSTK,L&TFH,25-Jan-2018,175,CE,0,0,0,32.85,11.25,0,0,0,0,19-DEC-2017,
OPTSTK,L&TFH,25-Jan-2018,180,CE,5.15,7.55,5.1,6.85,6.85,20,167.32,63000,45000,19-DEC-2017,
OPTSTK,L&TFH,25-Jan-2018,185,CE,3.65,4.25,3.5,4.25,4.25,10,84.97,27000,22500,19-DEC-2017,
OPTSTK,L&TFH,25-Jan-2018,190,CE,2.5,3,2.25,3,3,8,69.37,36000,18000,19-DEC-2017,
OPTSTK,L&TFH,25-Jan-2018,195,CE,2,2,2,2,2,1,8.86,4500,4500,19-DEC-2017,
OPTSTK,L&TFH,25-Jan-2018,200,CE,1.25,1.65,1.15,1.55,1.55,11,99.7,40500,36000,19-DEC-2017,
OPTSTK,L&TFH,25-Jan-2018,205,CE,0,0,0,17.25,2,0,0,0,0,19-DEC-2017,
OPTSTK,L&TFH,25-Jan-2018,210,CE,0.5,0.5,0.5,0.5,0.5,1,9.47,9000,4500,19-DEC-2017,
OPTSTK,L&TFH,25-Jan-2018,215,CE,0,0,0,13.65,1,0,0,0,0,19-DEC-2017,
OPTSTK,L&TFH,25-Jan-2018,220,CE,0,0,0,12.05,0.7,0,0,0,0,19-DEC-2017,
OPTSTK,L&TFH,25-Jan-2018,225,CE,0,0,0,10.65,0.45,0,0,0,0,19-DEC-2017,
OPTSTK,L&TFH,25-Jan-2018,230,CE,0,0,0,9.4,0.3,0,0,0,0,19-DEC-2017,
OPTSTK,L&TFH,25-Jan-2018,235,CE,0,0,0,8.25,0.2,0,0,0,0,19-DEC-2017,
OPTSTK,L&TFH,25-Jan-2018,240,CE,0,0,0,7.25,0.15,0,0,0,0,19-DEC-2017,
OPTSTK,L&TFH,25-Jan-2018,245,CE,0,0,0,6.35,0.1,0,0,0,0,19-DEC-2017,
OPTSTK,L&TFH,25-Jan-2018,250,CE,0,0,0,5.55,0.05,0,0,0,0,19-DEC-2017,
OPTSTK,L&TFH,25-Jan-2018,255,CE,0,0,0,4.85,0.05,0,0,0,0,19-DEC-2017,
OPTSTK,L&TFH,25-Jan-2018,120,PE,0,0,0,0.35,0.05,0,0,0,0,19-DEC-2017,
OPTSTK,L&TFH,25-Jan-2018,125,PE,0,0,0,0.5,0.05,0,0,0,0,19-DEC-2017,
OPTSTK,L&TFH,25-Jan-2018,130,PE,0,0,0,0.75,0.1,0,0,0,0,19-DEC-2017,
OPTSTK,L&TFH,25-Jan-2018,135,PE,0,0,0,1.1,0.15,0,0,0,0,19-DEC-2017,
OPTSTK,L&TFH,25-Jan-2018,140,PE,0,0,0,1.5,0.3,0,0,0,0,19-DEC-2017,
OPTSTK,L&TFH,25-Jan-2018,145,PE,0,0,0,2.1,0.55,0,0,0,0,19-DEC-2017,
OPTSTK,L&TFH,25-Jan-2018,150,PE,0,0,0,3.7,1,0,0,9000,0,19-DEC-2017,
OPTSTK,L&TFH,25-Jan-2018,155,PE,1.1,1.1,1,1,1,2,14.04,4500,4500,19-DEC-2017,
OPTSTK,L&TFH,25-Jan-2018,160,PE,1.95,2.2,1.95,2.2,2.2,4,29.18,54000,4500,19-DEC-2017,
OPTSTK,L&TFH,25-Jan-2018,165,PE,0,0,0,7,3.9,0,0,9000,0,19-DEC-2017,
OPTSTK,L&TFH,25-Jan-2018,170,PE,3.65,3.65,3.65,3.65,3.65,1,7.81,4500,4500,19-DEC-2017,
OPTSTK,L&TFH,25-Jan-2018,175,PE,7.4,7.4,7,7,7,2,16.39,18000,9000,19-DEC-2017,
OPTSTK,L&TFH,25-Jan-2018,180,PE,10.5,11,7.75,7.85,7.85,10,85.33,121500,27000,19-DEC-2017,
OPTSTK,L&TFH,25-Jan-2018,185,PE,12.75,12.75,12.75,12.75,12.75,1,8.89,22500,4500,19-DEC-2017,
OPTSTK,L&TFH,25-Jan-2018,190,PE,15,15,15,15,15,2,18.45,9000,9000,19-DEC-2017,
OPTSTK,L&TFH,25-Jan-2018,195,PE,0,0,0,17.4,20.15,0,0,0,0,19-DEC-2017,
OPTSTK,L&TFH,25-Jan-2018,200,PE,0,0,0,20.05,24.1,0,0,0,0,19-DEC-2017,
OPTSTK,L&TFH,25-Jan-2018,205,PE,0,0,0,22.85,28.25,0,0,0,0,19-DEC-2017,
OPTSTK,L&TFH,25-Jan-2018,210,PE,0,0,0,25.85,32.65,0,0,0,0,19-DEC-2017,
OPTSTK,L&TFH,25-Jan-2018,215,PE,0,0,0,29.05,37.2,0,0,0,0,19-DEC-2017,
OPTSTK,L&TFH,25-Jan-2018,220,PE,0,0,0,32.4,41.85,0,0,0,0,19-DEC-2017,
OPTSTK,L&TFH,25-Jan-2018,225,PE,0,0,0,35.9,46.6,0,0,0,0,19-DEC-2017,
OPTSTK,L&TFH,25-Jan-2018,230,PE,0,0,0,39.6,51.45,0,0,0,0,19-DEC-2017,
OPTSTK,L&TFH,25-Jan-2018,235,PE,0,0,0,43.4,56.3,0,0,0,0,19-DEC-2017,
OPTSTK,L&TFH,25-Jan-2018,240,PE,0,0,0,47.3,61.2,0,0,0,0,19-DEC-2017,
OPTSTK,L&TFH,25-Jan-2018,245,PE,0,0,0,51.3,66.1,0,0,0,0,19-DEC-2017,
OPTSTK,L&TFH,25-Jan-2018,250,PE,0,0,0,55.45,71.05,0,0,0,0,19-DEC-2017,
OPTSTK,L&TFH,25-Jan-2018,255,PE,0,0,0,59.65,76,0,0,0,0,19-DEC-2017,
OPTSTK,L&TFH,22-Feb-2018,120,CE,0,0,0,54.55,58.9,0,0,0,0,19-DEC-2017,
OPTSTK,L&TFH,22-Feb-2018,125,CE,0,0,0,49.75,54.05,0,0,0,0,19-DEC-2017,
OPTSTK,L&TFH,22-Feb-2018,130,CE,0,0,0,45.05,49.25,0,0,0,0,19-DEC-2017,
OPTSTK,L&TFH,22-Feb-2018,135,CE,0,0,0,40.5,44.6,0,0,0,0,19-DEC-2017,
OPTSTK,L&TFH,22-Feb-2018,140,CE,0,0,0,36.1,40.05,0,0,0,0,19-DEC-2017,
OPTSTK,L&TFH,22-Feb-2018,145,CE,0,0,0,31.9,35.65,0,0,0,0,19-DEC-2017,
OPTSTK,L&TFH,22-Feb-2018,150,CE,0,0,0,27.95,31.45,0,0,0,0,19-DEC-2017,
OPTSTK,L&TFH,22-Feb-2018,155,CE,0,0,0,24.25,27.55,0,0,0,0,19-DEC-2017,
OPTSTK,L&TFH,22-Feb-2018,160,CE,0,0,0,20.8,23.85,0,0,0,0,19-DEC-2017,
OPTSTK,L&TFH,22-Feb-2018,165,CE,0,0,0,17.75,20.5,0,0,0,0,19-DEC-2017,
OPTSTK,L&TFH,22-Feb-2018,170,CE,0,0,0,14.95,17.45,0,0,0,0,19-DEC-2017,
OPTSTK,L&TFH,22-Feb-2018,175,CE,0,0,0,12.5,14.7,0,0,0,0,19-DEC-2017,
OPTSTK,L&TFH,22-Feb-2018,180,CE,0,0,0,10.35,12.3,0,0,0,0,19-DEC-2017,
OPTSTK,L&TFH,22-Feb-2018,185,CE,0,0,0,8.5,10.15,0,0,0,0,19-DEC-2017,
OPTSTK,L&TFH,22-Feb-2018,190,CE,0,0,0,6.95,8.35,0,0,0,0,19-DEC-2017,
OPTSTK,L&TFH,22-Feb-2018,195,CE,0,0,0,5.6,6.8,0,0,0,0,19-DEC-2017,
OPTSTK,L&TFH,22-Feb-2018,200,CE,0,0,0,4.5,5.5,0,0,0,0,19-DEC-2017,
OPTSTK,L&TFH,22-Feb-2018,205,CE,0,0,0,3.6,4.4,0,0,0,0,19-DEC-2017,
OPTSTK,L&TFH,22-Feb-2018,210,CE,0,0,0,2.85,3.5,0,0,0,0,19-DEC-2017,
OPTSTK,L&TFH,22-Feb-2018,215,CE,0,0,0,2.25,2.75,0,0,0,0,19-DEC-2017,
OPTSTK,L&TFH,22-Feb-2018,220,CE,0,0,0,1.75,2.2,0,0,0,0,19-DEC-2017,
OPTSTK,L&TFH,22-Feb-2018,225,CE,0,0,0,1.35,1.7,0,0,0,0,19-DEC-2017,
OPTSTK,L&TFH,22-Feb-2018,230,CE,0,0,0,1.05,1.3,0,0,0,0,19-DEC-2017,
OPTSTK,L&TFH,22-Feb-2018,235,CE,0,0,0,0.8,1,0,0,0,0,19-DEC-2017,
OPTSTK,L&TFH,22-Feb-2018,240,CE,0,0,0,0.6,0.8,0,0,0,0,19-DEC-2017,
OPTSTK,L&TFH,22-Feb-2018,245,CE,0,0,0,0.45,0.6,0,0,0,0,19-DEC-2017,
OPTSTK,L&TFH,22-Feb-2018,250,CE,0,0,0,0.35,0.45,0,0,0,0,19-DEC-2017,
OPTSTK,L&TFH,22-Feb-2018,255,CE,0,0,0,0.3,0.35,0,0,0,0,19-DEC-2017,
OPTSTK,L&TFH,22-Feb-2018,120,PE,0,0,0,0.2,0.1,0,0,0,0,19-DEC-2017,
OPTSTK,L&TFH,22-Feb-2018,125,PE,0,0,0,0.35,0.2,0,0,0,0,19-DEC-2017,
OPTSTK,L&TFH,22-Feb-2018,130,PE,0,0,0,0.55,0.4,0,0,0,0,19-DEC-2017,
OPTSTK,L&TFH,22-Feb-2018,135,PE,0,0,0,0.95,0.65,0,0,0,0,19-DEC-2017,
OPTSTK,L&TFH,22-Feb-2018,140,PE,0,0,0,1.45,1.05,0,0,0,0,19-DEC-2017,
OPTSTK,L&TFH,22-Feb-2018,145,PE,0,0,0,2.2,1.6,0,0,0,0,19-DEC-2017,
OPTSTK,L&TFH,22-Feb-2018,150,PE,0,0,0,3.15,2.35,0,0,0,0,19-DEC-2017,
OPTSTK,L&TFH,22-Feb-2018,155,PE,0,0,0,4.35,3.35,0,0,0,0,19-DEC-2017,
OPTSTK,L&TFH,22-Feb-2018,160,PE,0,0,0,5.9,4.65,0,0,0,0,19-DEC-2017,
OPTSTK,L&TFH,22-Feb-2018,165,PE,0,0,0,7.7,6.2,0,0,0,0,19-DEC-2017,
OPTSTK,L&TFH,22-Feb-2018,170,PE,0,0,0,9.9,8.1,0,0,0,0,19-DEC-2017,
OPTSTK,L&TFH,22-Feb-2018,175,PE,0,0,0,12.35,10.3,0,0,0,0,19-DEC-2017,
OPTSTK,L&TFH,22-Feb-2018,180,PE,0,0,0,15.15,12.85,0,0,0,0,19-DEC-2017,
OPTSTK,L&TFH,22-Feb-2018,185,PE,0,0,0,18.2,15.65,0,0,0,0,19-DEC-2017,
OPTSTK,L&TFH,22-Feb-2018,190,PE,0,0,0,21.55,18.8,0,0,0,0,19-DEC-2017,
OPTSTK,L&TFH,22-Feb-2018,195,PE,0,0,0,25.15,22.15,0,0,0,0,19-DEC-2017,
OPTSTK,L&TFH,22-Feb-2018,200,PE,0,0,0,29,25.8,0,0,0,0,19-DEC-2017,
OPTSTK,L&TFH,22-Feb-2018,205,PE,0,0,0,33,29.65,0,0,0,0,19-DEC-2017,
OPTSTK,L&TFH,22-Feb-2018,210,PE,0,0,0,37.15,33.7,0,0,0,0,19-DEC-2017,
OPTSTK,L&TFH,22-Feb-2018,215,PE,0,0,0,41.5,37.9,0,0,0,0,19-DEC-2017,
OPTSTK,L&TFH,22-Feb-2018,220,PE,0,0,0,45.95,42.25,0,0,0,0,19-DEC-2017,
OPTSTK,L&TFH,22-Feb-2018,225,PE,0,0,0,50.45,46.75,0,0,0,0,19-DEC-2017,
OPTSTK,L&TFH,22-Feb-2018,230,PE,0,0,0,55.1,51.3,0,0,0,0,19-DEC-2017,
OPTSTK,L&TFH,22-Feb-2018,235,PE,0,0,0,59.8,55.95,0,0,0,0,19-DEC-2017,
OPTSTK,L&TFH,22-Feb-2018,240,PE,0,0,0,64.5,60.65,0,0,0,0,19-DEC-2017,
OPTSTK,L&TFH,22-Feb-2018,245,PE,0,0,0,69.3,65.4,0,0,0,0,19-DEC-2017,
OPTSTK,L&TFH,22-Feb-2018,250,PE,0,0,0,74.1,70.2,0,0,0,0,19-DEC-2017,
OPTSTK,L&TFH,22-Feb-2018,255,PE,0,0,0,78.95,75.05,0,0,0,0,19-DEC-2017,
OPTSTK,LICHSGFIN,28-Dec-2017,440,CE,0,0,0,188.9,125.95,0,0,0,0,19-DEC-2017,
OPTSTK,LICHSGFIN,28-Dec-2017,450,CE,0,0,0,179.25,115.95,0,0,0,0,19-DEC-2017,
OPTSTK,LICHSGFIN,28-Dec-2017,460,CE,0,0,0,169.65,106,0,0,0,0,19-DEC-2017,
OPTSTK,LICHSGFIN,28-Dec-2017,470,CE,0,0,0,160.15,96,0,0,0,0,19-DEC-2017,
OPTSTK,LICHSGFIN,28-Dec-2017,480,CE,0,0,0,150.75,86,0,0,0,0,19-DEC-2017,
OPTSTK,LICHSGFIN,28-Dec-2017,490,CE,0,0,0,141.5,76.05,0,0,0,0,19-DEC-2017,
OPTSTK,LICHSGFIN,28-Dec-2017,500,CE,0,0,0,51,66.05,0,0,1100,0,19-DEC-2017,
OPTSTK,LICHSGFIN,28-Dec-2017,510,CE,0,0,0,123.45,56.15,0,0,0,0,19-DEC-2017,
OPTSTK,LICHSGFIN,28-Dec-2017,520,CE,0,0,0,30.95,46.35,0,0,3300,0,19-DEC-2017,
OPTSTK,LICHSGFIN,28-Dec-2017,530,CE,0,0,0,21.15,36.85,0,0,0,0,19-DEC-2017,
OPTSTK,LICHSGFIN,28-Dec-2017,540,CE,26.7,26.7,23.1,25.6,25.6,3,18.64,19800,0,19-DEC-2017,
OPTSTK,LICHSGFIN,28-Dec-2017,550,CE,18.65,19.4,15.25,19.1,19.1,27,168.43,70400,-5500,19-DEC-2017,
OPTSTK,LICHSGFIN,28-Dec-2017,560,CE,11.6,12.85,8.95,12.3,12.3,177,1111.34,226600,-1100,19-DEC-2017,
OPTSTK,LICHSGFIN,28-Dec-2017,570,CE,6.9,8.05,5.25,7.6,7.6,416,2639.11,397100,67100,19-DEC-2017,
OPTSTK,LICHSGFIN,28-Dec-2017,580,CE,4.3,4.5,2.85,4.15,4.15,253,1624.58,456500,37400,19-DEC-2017,
OPTSTK,LICHSGFIN,28-Dec-2017,590,CE,2.5,2.95,1.65,2.4,2.4,161,1048.76,226600,40700,19-DEC-2017,
OPTSTK,LICHSGFIN,28-Dec-2017,600,CE,1.65,1.7,1,1.5,1.5,214,1415.59,537900,26400,19-DEC-2017,
OPTSTK,LICHSGFIN,28-Dec-2017,610,CE,1.05,1.1,0.55,0.85,0.85,114,765.94,193600,40700,19-DEC-2017,
OPTSTK,LICHSGFIN,28-Dec-2017,620,CE,0.6,0.7,0.45,0.6,0.6,27,184.31,217800,-5500,19-DEC-2017,
OPTSTK,LICHSGFIN,28-Dec-2017,630,CE,0.6,0.6,0.4,0.5,0.5,27,187.24,83600,-3300,19-DEC-2017,
OPTSTK,LICHSGFIN,28-Dec-2017,640,CE,0.45,0.45,0.2,0.2,0.2,4,28.17,38500,-2200,19-DEC-2017,
OPTSTK,LICHSGFIN,28-Dec-2017,650,CE,0.3,0.3,0.3,0.3,0.3,4,28.61,121000,0,19-DEC-2017,
OPTSTK,LICHSGFIN,28-Dec-2017,660,CE,0,0,0,0.25,0,0,0,20900,0,19-DEC-2017,
OPTSTK,LICHSGFIN,28-Dec-2017,670,CE,3,3,3,3,3,1,7.4,19800,1100,19-DEC-2017,
OPTSTK,LICHSGFIN,28-Dec-2017,680,CE,0,0,0,0.5,0,0,0,8800,0,19-DEC-2017,
OPTSTK,LICHSGFIN,28-Dec-2017,690,CE,0.75,0.75,0.75,0.75,0.75,4,30.39,4400,4400,19-DEC-2017,
OPTSTK,LICHSGFIN,28-Dec-2017,700,CE,0,0,0,0.2,0,0,0,3300,0,19-DEC-2017,
OPTSTK,LICHSGFIN,28-Dec-2017,710,CE,0,0,0,0.15,0,0,0,4400,0,19-DEC-2017,
OPTSTK,LICHSGFIN,28-Dec-2017,720,CE,0,0,0,12.45,0,0,0,0,0,19-DEC-2017,
OPTSTK,LICHSGFIN,28-Dec-2017,730,CE,0,0,0,10.75,0,0,0,0,0,19-DEC-2017,
OPTSTK,LICHSGFIN,28-Dec-2017,740,CE,0,0,0,9.25,0,0,0,0,0,19-DEC-2017,
OPTSTK,LICHSGFIN,28-Dec-2017,750,CE,0,0,0,7.9,0,0,0,0,0,19-DEC-2017,
OPTSTK,LICHSGFIN,28-Dec-2017,760,CE,0,0,0,6.75,0,0,0,0,0,19-DEC-2017,
OPTSTK,LICHSGFIN,28-Dec-2017,770,CE,0,0,0,5.75,0,0,0,0,0,19-DEC-2017,
OPTSTK,LICHSGFIN,28-Dec-2017,780,CE,0,0,0,4.9,0,0,0,0,0,19-DEC-2017,
OPTSTK,LICHSGFIN,28-Dec-2017,790,CE,0,0,0,4.15,0,0,0,0,0,19-DEC-2017,
OPTSTK,LICHSGFIN,28-Dec-2017,800,CE,0,0,0,3.5,0,0,0,0,0,19-DEC-2017,
OPTSTK,LICHSGFIN,28-Dec-2017,810,CE,0,0,0,2.95,0,0,0,0,0,19-DEC-2017,
OPTSTK,LICHSGFIN,28-Dec-2017,820,CE,0,0,0,2.5,0,0,0,0,0,19-DEC-2017,
OPTSTK,LICHSGFIN,28-Dec-2017,440,PE,0,0,0,0.35,0,0,0,0,0,19-DEC-2017,
OPTSTK,LICHSGFIN,28-Dec-2017,450,PE,0,0,0,0.55,0,0,0,0,0,19-DEC-2017,
OPTSTK,LICHSGFIN,28-Dec-2017,460,PE,0,0,0,0.8,0,0,0,0,0,19-DEC-2017,
OPTSTK,LICHSGFIN,28-Dec-2017,470,PE,0,0,0,1.15,0,0,0,0,0,19-DEC-2017,
OPTSTK,LICHSGFIN,28-Dec-2017,480,PE,0,0,0,0.9,0,0,0,4400,0,19-DEC-2017,
OPTSTK,LICHSGFIN,28-Dec-2017,490,PE,0,0,0,0.65,0,0,0,8800,0,19-DEC-2017,
OPTSTK,LICHSGFIN,28-Dec-2017,500,PE,0.3,0.3,0.2,0.25,0.25,3,16.5,64900,-3300,19-DEC-2017,
OPTSTK,LICHSGFIN,28-Dec-2017,510,PE,0,0,0,0.4,0.1,0,0,31900,0,19-DEC-2017,
OPTSTK,LICHSGFIN,28-Dec-2017,520,PE,0.5,0.65,0.35,0.4,0.4,35,200.37,58300,-1100,19-DEC-2017,
OPTSTK,LICHSGFIN,28-Dec-2017,530,PE,1,1.2,0.55,0.55,0.55,32,186.88,71500,-3300,19-DEC-2017,
OPTSTK,LICHSGFIN,28-Dec-2017,540,PE,2.2,2.2,1.25,1.45,1.45,102,607.98,119900,23100,19-DEC-2017,
OPTSTK,LICHSGFIN,28-Dec-2017,550,PE,4.3,4.9,2.75,3.1,3.1,124,755.34,141900,33000,19-DEC-2017,
OPTSTK,LICHSGFIN,28-Dec-2017,560,PE,7.95,8.8,5.45,6.25,6.25,125,780.14,145200,6600,19-DEC-2017,
OPTSTK,LICHSGFIN,28-Dec-2017,570,PE,13,14.5,10,10,10,11,70.56,94600,1100,19-DEC-2017,
OPTSTK,LICHSGFIN,28-Dec-2017,580,PE,22.95,22.95,17.15,17.15,17.15,2,13.2,100100,-1100,19-DEC-2017,
OPTSTK,LICHSGFIN,28-Dec-2017,590,PE,26.1,26.1,26.1,26.1,26.1,1,6.77,41800,-1100,19-DEC-2017,
OPTSTK,LICHSGFIN,28-Dec-2017,600,PE,39.15,39.15,36,36,36,2,14.02,59400,0,19-DEC-2017,
OPTSTK,LICHSGFIN,28-Dec-2017,610,PE,0,0,0,62.55,44.3,0,0,13200,0,19-DEC-2017,
OPTSTK,LICHSGFIN,28-Dec-2017,620,PE,57,57,57,57,57,4,29.78,23100,-4400,19-DEC-2017,
OPTSTK,LICHSGFIN,28-Dec-2017,630,PE,68.05,68.05,68,68,68,5,38.39,22000,-5500,19-DEC-2017,
OPTSTK,LICHSGFIN,28-Dec-2017,640,PE,78,78,78,78,78,2,15.79,14300,-2200,19-DEC-2017,
OPTSTK,LICHSGFIN,28-Dec-2017,650,PE,0,0,0,75.8,83.75,0,0,37400,0,19-DEC-2017,
OPTSTK,LICHSGFIN,28-Dec-2017,660,PE,0,0,0,89.05,93.75,0,0,14300,0,19-DEC-2017,
OPTSTK,LICHSGFIN,28-Dec-2017,670,PE,0,0,0,77,103.75,0,0,3300,0,19-DEC-2017,
OPTSTK,LICHSGFIN,28-Dec-2017,680,PE,0,0,0,90,113.7,0,0,19800,0,19-DEC-2017,
OPTSTK,LICHSGFIN,28-Dec-2017,690,PE,129,129,129,129,129,4,36.03,5500,-4400,19-DEC-2017,
OPTSTK,LICHSGFIN,28-Dec-2017,700,PE,0,0,0,105,133.7,0,0,8800,0,19-DEC-2017,
OPTSTK,LICHSGFIN,28-Dec-2017,710,PE,0,0,0,113,143.65,0,0,7700,0,19-DEC-2017,
OPTSTK,LICHSGFIN,28-Dec-2017,720,PE,0,0,0,164,153.65,0,0,3300,0,19-DEC-2017,
OPTSTK,LICHSGFIN,28-Dec-2017,730,PE,0,0,0,107.7,163.65,0,0,0,0,19-DEC-2017,
OPTSTK,LICHSGFIN,28-Dec-2017,740,PE,0,0,0,116,173.6,0,0,0,0,19-DEC-2017,
OPTSTK,LICHSGFIN,28-Dec-2017,750,PE,0,0,0,151.3,183.6,0,0,2200,0,19-DEC-2017,
OPTSTK,LICHSGFIN,28-Dec-2017,760,PE,0,0,0,133.25,193.6,0,0,0,0,19-DEC-2017,
OPTSTK,LICHSGFIN,28-Dec-2017,770,PE,0,0,0,142.1,203.55,0,0,0,0,19-DEC-2017,
OPTSTK,LICHSGFIN,28-Dec-2017,780,PE,0,0,0,151.05,213.55,0,0,0,0,19-DEC-2017,
OPTSTK,LICHSGFIN,28-Dec-2017,790,PE,0,0,0,160.15,223.55,0,0,0,0,19-DEC-2017,
OPTSTK,LICHSGFIN,28-Dec-2017,800,PE,0,0,0,200.9,233.55,0,0,2200,0,19-DEC-2017,
OPTSTK,LICHSGFIN,28-Dec-2017,810,PE,0,0,0,178.65,243.5,0,0,0,0,19-DEC-2017,
OPTSTK,LICHSGFIN,28-Dec-2017,820,PE,0,0,0,188.05,253.5,0,0,0,0,19-DEC-2017,
OPTSTK,LICHSGFIN,25-Jan-2018,440,CE,0,0,0,182.65,128.15,0,0,0,0,19-DEC-2017,
OPTSTK,LICHSGFIN,25-Jan-2018,450,CE,0,0,0,173.05,118.25,0,0,0,0,19-DEC-2017,
OPTSTK,LICHSGFIN,25-Jan-2018,460,CE,0,0,0,163.5,108.4,0,0,0,0,19-DEC-2017,
OPTSTK,LICHSGFIN,25-Jan-2018,470,CE,0,0,0,154.05,98.6,0,0,0,0,19-DEC-2017,
OPTSTK,LICHSGFIN,25-Jan-2018,480,CE,0,0,0,144.75,88.95,0,0,0,0,19-DEC-2017,
OPTSTK,LICHSGFIN,25-Jan-2018,490,CE,0,0,0,135.6,79.4,0,0,0,0,19-DEC-2017,
OPTSTK,LICHSGFIN,25-Jan-2018,500,CE,0,0,0,126.65,70.15,0,0,0,0,19-DEC-2017,
OPTSTK,LICHSGFIN,25-Jan-2018,510,CE,0,0,0,117.9,61.2,0,0,0,0,19-DEC-2017,
OPTSTK,LICHSGFIN,25-Jan-2018,520,CE,0,0,0,109.4,52.7,0,0,0,0,19-DEC-2017,
OPTSTK,LICHSGFIN,25-Jan-2018,530,CE,0,0,0,101.15,44.75,0,0,0,0,19-DEC-2017,
OPTSTK,LICHSGFIN,25-Jan-2018,540,CE,0,0,0,93.15,37.4,0,0,0,0,19-DEC-2017,
OPTSTK,LICHSGFIN,25-Jan-2018,550,CE,25.95,25.95,25.95,25.95,25.95,2,12.67,1100,1100,19-DEC-2017,
OPTSTK,LICHSGFIN,25-Jan-2018,560,CE,0,0,0,24,24.9,0,0,1100,0,19-DEC-2017,
OPTSTK,LICHSGFIN,25-Jan-2018,570,CE,0,0,0,71.3,19.8,0,0,0,0,19-DEC-2017,
OPTSTK,LICHSGFIN,25-Jan-2018,580,CE,0,0,0,11.4,15.45,0,0,2200,0,19-DEC-2017,
OPTSTK,LICHSGFIN,25-Jan-2018,590,CE,0,0,0,58.55,11.85,0,0,0,0,19-DEC-2017,
OPTSTK,LICHSGFIN,25-Jan-2018,600,CE,8.05,10.5,6.6,7.9,7.9,34,227.16,70400,34100,19-DEC-2017,
OPTSTK,LICHSGFIN,25-Jan-2018,610,CE,0,0,0,47.4,6.65,0,0,0,0,19-DEC-2017,
OPTSTK,LICHSGFIN,25-Jan-2018,620,CE,0,0,0,42.4,4.85,0,0,0,0,19-DEC-2017,
OPTSTK,LICHSGFIN,25-Jan-2018,630,CE,0,0,0,37.8,3.45,0,0,0,0,19-DEC-2017,
OPTSTK,LICHSGFIN,25-Jan-2018,640,CE,0,0,0,33.55,2.45,0,0,0,0,19-DEC-2017,
OPTSTK,LICHSGFIN,25-Jan-2018,650,CE,0,0,0,4,1.7,0,0,1100,0,19-DEC-2017,
OPTSTK,LICHSGFIN,25-Jan-2018,660,CE,0,0,0,26.2,1.15,0,0,0,0,19-DEC-2017,
OPTSTK,LICHSGFIN,25-Jan-2018,670,CE,0,0,0,23.05,0.8,0,0,0,0,19-DEC-2017,
OPTSTK,LICHSGFIN,25-Jan-2018,680,CE,0,0,0,20.15,0.5,0,0,0,0,19-DEC-2017,
OPTSTK,LICHSGFIN,25-Jan-2018,690,CE,0,0,0,17.65,0.35,0,0,0,0,19-DEC-2017,
OPTSTK,LICHSGFIN,25-Jan-2018,700,CE,0,0,0,15.35,0.2,0,0,0,0,19-DEC-2017,
OPTSTK,LICHSGFIN,25-Jan-2018,710,CE,0,0,0,13.3,0.15,0,0,0,0,19-DEC-2017,
OPTSTK,LICHSGFIN,25-Jan-2018,720,CE,0,0,0,11.5,0.1,0,0,0,0,19-DEC-2017,
OPTSTK,LICHSGFIN,25-Jan-2018,730,CE,0,0,0,9.95,0.05,0,0,0,0,19-DEC-2017,
OPTSTK,LICHSGFIN,25-Jan-2018,740,CE,0,0,0,8.55,0.05,0,0,0,0,19-DEC-2017,
OPTSTK,LICHSGFIN,25-Jan-2018,750,CE,0,0,0,7.3,0.05,0,0,0,0,19-DEC-2017,
OPTSTK,LICHSGFIN,25-Jan-2018,760,CE,0,0,0,6.25,0.05,0,0,0,0,19-DEC-2017,
OPTSTK,LICHSGFIN,25-Jan-2018,770,CE,0,0,0,5.35,0.05,0,0,0,0,19-DEC-2017,
OPTSTK,LICHSGFIN,25-Jan-2018,780,CE,0,0,0,4.55,0,0,0,0,0,19-DEC-2017,
OPTSTK,LICHSGFIN,25-Jan-2018,790,CE,0,0,0,3.85,0,0,0,0,0,19-DEC-2017,
OPTSTK,LICHSGFIN,25-Jan-2018,800,CE,0,0,0,3.25,0,0,0,0,0,19-DEC-2017,
OPTSTK,LICHSGFIN,25-Jan-2018,810,CE,0,0,0,2.75,0,0,0,0,0,19-DEC-2017,
OPTSTK,LICHSGFIN,25-Jan-2018,820,CE,0,0,0,2.3,0,0,0,0,0,19-DEC-2017,
OPTSTK,LICHSGFIN,25-Jan-2018,440,PE,0,0,0,0.5,0.05,0,0,0,0,19-DEC-2017,
OPTSTK,LICHSGFIN,25-Jan-2018,450,PE,0,0,0,0.7,0.1,0,0,0,0,19-DEC-2017,
OPTSTK,LICHSGFIN,25-Jan-2018,460,PE,0,0,0,1.05,0.15,0,0,0,0,19-DEC-2017,
OPTSTK,LICHSGFIN,25-Jan-2018,470,PE,0,0,0,1.45,0.3,0,0,0,0,19-DEC-2017,
OPTSTK,LICHSGFIN,25-Jan-2018,480,PE,0,0,0,2,0.55,0,0,0,0,19-DEC-2017,
OPTSTK,LICHSGFIN,25-Jan-2018,490,PE,0,0,0,2.7,0.95,0,0,0,0,19-DEC-2017,
OPTSTK,LICHSGFIN,25-Jan-2018,500,PE,0,0,0,3.55,1.65,0,0,0,0,19-DEC-2017,
OPTSTK,LICHSGFIN,25-Jan-2018,510,PE,0,0,0,4.65,2.65,0,0,0,0,19-DEC-2017,
OPTSTK,LICHSGFIN,25-Jan-2018,520,PE,0,0,0,10.9,4.1,0,0,1100,0,19-DEC-2017,
OPTSTK,LICHSGFIN,25-Jan-2018,530,PE,0,0,0,16.5,6.05,0,0,20900,0,19-DEC-2017,
OPTSTK,LICHSGFIN,25-Jan-2018,540,PE,7.7,7.7,7.6,7.6,7.6,3,18.07,3300,3300,19-DEC-2017,
OPTSTK,LICHSGFIN,25-Jan-2018,550,PE,11.45,11.5,10.6,10.6,10.6,8,49.38,11000,8800,19-DEC-2017,
OPTSTK,LICHSGFIN,25-Jan-2018,560,PE,0,0,0,14.25,16,0,0,0,0,19-DEC-2017,
OPTSTK,LICHSGFIN,25-Jan-2018,570,PE,0,0,0,22.2,20.85,0,0,1100,0,19-DEC-2017,
OPTSTK,LICHSGFIN,25-Jan-2018,580,PE,0,0,0,20.4,26.45,0,0,0,0,19-DEC-2017,
OPTSTK,LICHSGFIN,25-Jan-2018,590,PE,32.5,33,32.5,33,33,2,13.7,2200,2200,19-DEC-2017,
OPTSTK,LICHSGFIN,25-Jan-2018,600,PE,40,40,40,40,40,4,28.16,9900,4400,19-DEC-2017,
OPTSTK,LICHSGFIN,25-Jan-2018,610,PE,49,49,49,49,49,2,14.49,2200,2200,19-DEC-2017,
OPTSTK,LICHSGFIN,25-Jan-2018,620,PE,0,0,0,37.45,55.55,0,0,0,0,19-DEC-2017,
OPTSTK,LICHSGFIN,25-Jan-2018,630,PE,0,0,0,42.65,64.1,0,0,0,0,19-DEC-2017,
OPTSTK,LICHSGFIN,25-Jan-2018,640,PE,75,75,75,75,75,2,15.73,2200,2200,19-DEC-2017,
OPTSTK,LICHSGFIN,25-Jan-2018,650,PE,0,0,0,54.25,82.2,0,0,0,0,19-DEC-2017,
OPTSTK,LICHSGFIN,25-Jan-2018,660,PE,0,0,0,60.6,91.6,0,0,0,0,19-DEC-2017,
OPTSTK,LICHSGFIN,25-Jan-2018,670,PE,0,0,0,67.25,101.15,0,0,0,0,19-DEC-2017,
OPTSTK,LICHSGFIN,25-Jan-2018,680,PE,0,0,0,74.25,110.85,0,0,0,0,19-DEC-2017,
OPTSTK,LICHSGFIN,25-Jan-2018,690,PE,0,0,0,81.55,120.6,0,0,0,0,19-DEC-2017,
OPTSTK,LICHSGFIN,25-Jan-2018,700,PE,0,0,0,89.15,130.4,0,0,0,0,19-DEC-2017,
OPTSTK,LICHSGFIN,25-Jan-2018,710,PE,0,0,0,96.95,140.3,0,0,0,0,19-DEC-2017,
OPTSTK,LICHSGFIN,25-Jan-2018,720,PE,0,0,0,105,150.15,0,0,0,0,19-DEC-2017,
OPTSTK,LICHSGFIN,25-Jan-2018,730,PE,0,0,0,113.25,160.05,0,0,0,0,19-DEC-2017,
OPTSTK,LICHSGFIN,25-Jan-2018,740,PE,0,0,0,121.7,170,0,0,0,0,19-DEC-2017,
OPTSTK,LICHSGFIN,25-Jan-2018,750,PE,0,0,0,130.3,179.9,0,0,0,0,19-DEC-2017,
OPTSTK,LICHSGFIN,25-Jan-2018,760,PE,0,0,0,139.1,189.85,0,0,0,0,19-DEC-2017,
OPTSTK,LICHSGFIN,25-Jan-2018,770,PE,0,0,0,148,199.75,0,0,0,0,19-DEC-2017,
OPTSTK,LICHSGFIN,25-Jan-2018,780,PE,0,0,0,157.05,209.7,0,0,0,0,19-DEC-2017,
OPTSTK,LICHSGFIN,25-Jan-2018,790,PE,0,0,0,166.2,219.65,0,0,0,0,19-DEC-2017,
OPTSTK,LICHSGFIN,25-Jan-2018,800,PE,0,0,0,175.45,229.55,0,0,0,0,19-DEC-2017,
OPTSTK,LICHSGFIN,25-Jan-2018,810,PE,0,0,0,184.8,239.5,0,0,0,0,19-DEC-2017,
OPTSTK,LICHSGFIN,25-Jan-2018,820,PE,0,0,0,194.2,249.45,0,0,0,0,19-DEC-2017,
OPTSTK,LICHSGFIN,22-Feb-2018,440,CE,0,0,0,148.4,130.6,0,0,0,0,19-DEC-2017,
OPTSTK,LICHSGFIN,22-Feb-2018,450,CE,0,0,0,138.8,120.9,0,0,0,0,19-DEC-2017,
OPTSTK,LICHSGFIN,22-Feb-2018,460,CE,0,0,0,129.3,111.35,0,0,0,0,19-DEC-2017,
OPTSTK,LICHSGFIN,22-Feb-2018,470,CE,0,0,0,119.9,101.9,0,0,0,0,19-DEC-2017,
OPTSTK,LICHSGFIN,22-Feb-2018,480,CE,0,0,0,110.65,92.7,0,0,0,0,19-DEC-2017,
OPTSTK,LICHSGFIN,22-Feb-2018,490,CE,0,0,0,101.65,83.75,0,0,0,0,19-DEC-2017,
OPTSTK,LICHSGFIN,22-Feb-2018,500,CE,0,0,0,92.9,75.1,0,0,0,0,19-DEC-2017,
OPTSTK,LICHSGFIN,22-Feb-2018,510,CE,0,0,0,84.45,66.8,0,0,0,0,19-DEC-2017,
OPTSTK,LICHSGFIN,22-Feb-2018,520,CE,0,0,0,76.35,59,0,0,0,0,19-DEC-2017,
OPTSTK,LICHSGFIN,22-Feb-2018,530,CE,0,0,0,68.65,51.65,0,0,0,0,19-DEC-2017,
OPTSTK,LICHSGFIN,22-Feb-2018,540,CE,0,0,0,61.35,44.8,0,0,0,0,19-DEC-2017,
OPTSTK,LICHSGFIN,22-Feb-2018,550,CE,0,0,0,54.45,38.5,0,0,0,0,19-DEC-2017,
OPTSTK,LICHSGFIN,22-Feb-2018,560,CE,0,0,0,48.05,32.85,0,0,0,0,19-DEC-2017,
OPTSTK,LICHSGFIN,22-Feb-2018,570,CE,0,0,0,42.15,27.75,0,0,0,0,19-DEC-2017,
OPTSTK,LICHSGFIN,22-Feb-2018,580,CE,0,0,0,36.75,23.2,0,0,0,0,19-DEC-2017,
OPTSTK,LICHSGFIN,22-Feb-2018,590,CE,0,0,0,31.85,19.25,0,0,0,0,19-DEC-2017,
OPTSTK,LICHSGFIN,22-Feb-2018,600,CE,0,0,0,27.4,15.8,0,0,0,0,19-DEC-2017,
OPTSTK,LICHSGFIN,22-Feb-2018,610,CE,0,0,0,23.45,12.9,0,0,0,0,19-DEC-2017,
OPTSTK,LICHSGFIN,22-Feb-2018,620,CE,0,0,0,19.95,10.4,0,0,0,0,19-DEC-2017,
OPTSTK,LICHSGFIN,22-Feb-2018,630,CE,0,0,0,16.85,8.35,0,0,0,0,19-DEC-2017,
OPTSTK,LICHSGFIN,22-Feb-2018,640,CE,0,0,0,14.15,6.6,0,0,0,0,19-DEC-2017,
OPTSTK,LICHSGFIN,22-Feb-2018,650,CE,0,0,0,11.85,5.2,0,0,0,0,19-DEC-2017,
OPTSTK,LICHSGFIN,22-Feb-2018,660,CE,0,0,0,9.85,4.05,0,0,0,0,19-DEC-2017,
OPTSTK,LICHSGFIN,22-Feb-2018,670,CE,0,0,0,8.15,3.15,0,0,0,0,19-DEC-2017,
OPTSTK,LICHSGFIN,22-Feb-2018,680,CE,0,0,0,6.7,2.4,0,0,0,0,19-DEC-2017,
OPTSTK,LICHSGFIN,22-Feb-2018,690,CE,0,0,0,5.45,1.85,0,0,0,0,19-DEC-2017,
OPTSTK,LICHSGFIN,22-Feb-2018,700,CE,0,0,0,4.45,1.4,0,0,0,0,19-DEC-2017,
OPTSTK,LICHSGFIN,22-Feb-2018,710,CE,0,0,0,3.6,1.05,0,0,0,0,19-DEC-2017,
OPTSTK,LICHSGFIN,22-Feb-2018,720,CE,0,0,0,2.9,0.8,0,0,0,0,19-DEC-2017,
OPTSTK,LICHSGFIN,22-Feb-2018,730,CE,0,0,0,2.3,0.6,0,0,0,0,19-DEC-2017,
OPTSTK,LICHSGFIN,22-Feb-2018,740,CE,0,0,0,1.85,0.45,0,0,0,0,19-DEC-2017,
OPTSTK,LICHSGFIN,22-Feb-2018,750,CE,0,0,0,1.45,0.3,0,0,0,0,19-DEC-2017,
OPTSTK,LICHSGFIN,22-Feb-2018,760,CE,0,0,0,1.15,0.25,0,0,0,0,19-DEC-2017,
OPTSTK,LICHSGFIN,22-Feb-2018,770,CE,0,0,0,0.9,0.2,0,0,0,0,19-DEC-2017,
OPTSTK,LICHSGFIN,22-Feb-2018,780,CE,0,0,0,0.7,0.15,0,0,0,0,19-DEC-2017,
OPTSTK,LICHSGFIN,22-Feb-2018,440,PE,0,0,0,0.4,0.3,0,0,0,0,19-DEC-2017,
OPTSTK,LICHSGFIN,22-Feb-2018,450,PE,0,0,0,0.65,0.5,0,0,0,0,19-DEC-2017,
OPTSTK,LICHSGFIN,22-Feb-2018,460,PE,0,0,0,0.95,0.85,0,0,0,0,19-DEC-2017,
OPTSTK,LICHSGFIN,22-Feb-2018,470,PE,0,0,0,1.45,1.3,0,0,0,0,19-DEC-2017,
OPTSTK,LICHSGFIN,22-Feb-2018,480,PE,0,0,0,2.1,1.95,0,0,0,0,19-DEC-2017,
OPTSTK,LICHSGFIN,22-Feb-2018,490,PE,0,0,0,2.95,2.9,0,0,0,0,19-DEC-2017,
OPTSTK,LICHSGFIN,22-Feb-2018,500,PE,0,0,0,4.05,4.15,0,0,0,0,19-DEC-2017,
OPTSTK,LICHSGFIN,22-Feb-2018,510,PE,0,0,0,5.45,5.75,0,0,0,0,19-DEC-2017,
OPTSTK,LICHSGFIN,22-Feb-2018,520,PE,0,0,0,7.2,7.8,0,0,0,0,19-DEC-2017,
OPTSTK,LICHSGFIN,22-Feb-2018,530,PE,0,0,0,9.3,10.35,0,0,0,0,19-DEC-2017,
OPTSTK,LICHSGFIN,22-Feb-2018,540,PE,0,0,0,11.85,13.4,0,0,0,0,19-DEC-2017,
OPTSTK,LICHSGFIN,22-Feb-2018,550,PE,0,0,0,14.85,17,0,0,0,0,19-DEC-2017,
OPTSTK,LICHSGFIN,22-Feb-2018,560,PE,0,0,0,18.3,21.2,0,0,0,0,19-DEC-2017,
OPTSTK,LICHSGFIN,22-Feb-2018,570,PE,0,0,0,22.25,26,0,0,0,0,19-DEC-2017,
OPTSTK,LICHSGFIN,22-Feb-2018,580,PE,0,0,0,26.7,31.35,0,0,0,0,19-DEC-2017,
OPTSTK,LICHSGFIN,22-Feb-2018,590,PE,0,0,0,31.65,37.25,0,0,0,0,19-DEC-2017,
OPTSTK,LICHSGFIN,22-Feb-2018,600,PE,0,0,0,37.05,43.7,0,0,0,0,19-DEC-2017,
OPTSTK,LICHSGFIN,22-Feb-2018,610,PE,0,0,0,42.95,50.65,0,0,0,0,19-DEC-2017,
OPTSTK,LICHSGFIN,22-Feb-2018,620,PE,0,0,0,49.3,58.1,0,0,0,0,19-DEC-2017,
OPTSTK,LICHSGFIN,22-Feb-2018,630,PE,0,0,0,56.05,65.9,0,0,0,0,19-DEC-2017,
OPTSTK,LICHSGFIN,22-Feb-2018,640,PE,0,0,0,63.25,74.05,0,0,0,0,19-DEC-2017,
OPTSTK,LICHSGFIN,22-Feb-2018,650,PE,0,0,0,70.8,82.55,0,0,0,0,19-DEC-2017,
OPTSTK,LICHSGFIN,22-Feb-2018,660,PE,0,0,0,78.6,91.3,0,0,0,0,19-DEC-2017,
OPTSTK,LICHSGFIN,22-Feb-2018,670,PE,0,0,0,86.75,100.25,0,0,0,0,19-DEC-2017,
OPTSTK,LICHSGFIN,22-Feb-2018,680,PE,0,0,0,95.15,109.4,0,0,0,0,19-DEC-2017,
OPTSTK,LICHSGFIN,22-Feb-2018,690,PE,0,0,0,103.8,118.75,0,0,0,0,19-DEC-2017,
OPTSTK,LICHSGFIN,22-Feb-2018,700,PE,0,0,0,112.65,128.15,0,0,0,0,19-DEC-2017,
OPTSTK,LICHSGFIN,22-Feb-2018,710,PE,0,0,0,121.65,137.7,0,0,0,0,19-DEC-2017,
OPTSTK,LICHSGFIN,22-Feb-2018,720,PE,0,0,0,130.8,147.35,0,0,0,0,19-DEC-2017,
OPTSTK,LICHSGFIN,22-Feb-2018,730,PE,0,0,0,140.1,157,0,0,0,0,19-DEC-2017,
OPTSTK,LICHSGFIN,22-Feb-2018,740,PE,0,0,0,149.45,166.75,0,0,0,0,19-DEC-2017,
OPTSTK,LICHSGFIN,22-Feb-2018,750,PE,0,0,0,158.95,176.5,0,0,0,0,19-DEC-2017,
OPTSTK,LICHSGFIN,22-Feb-2018,760,PE,0,0,0,168.5,186.3,0,0,0,0,19-DEC-2017,
OPTSTK,LICHSGFIN,22-Feb-2018,770,PE,0,0,0,178.1,196.15,0,0,0,0,19-DEC-2017,
OPTSTK,LICHSGFIN,22-Feb-2018,780,PE,0,0,0,187.75,206,0,0,0,0,19-DEC-2017,
OPTSTK,LT,28-Dec-2017,920,CE,0,0,0,231.7,301.35,0,0,0,0,19-DEC-2017,
OPTSTK,LT,28-Dec-2017,940,CE,0,0,0,213.6,281.4,0,0,0,0,19-DEC-2017,
OPTSTK,LT,28-Dec-2017,960,CE,0,0,0,196.05,261.4,0,0,0,0,19-DEC-2017,
OPTSTK,LT,28-Dec-2017,980,CE,0,0,0,179.05,241.45,0,0,0,0,19-DEC-2017,
OPTSTK,LT,28-Dec-2017,1000,CE,0,0,0,162.65,221.45,0,0,0,0,19-DEC-2017,
OPTSTK,LT,28-Dec-2017,1020,CE,0,0,0,147,201.5,0,0,0,0,19-DEC-2017,
OPTSTK,LT,28-Dec-2017,1040,CE,0,0,0,132.2,181.55,0,0,0,0,19-DEC-2017,
OPTSTK,LT,28-Dec-2017,1060,CE,0,0,0,163,161.55,0,0,750,0,19-DEC-2017,
OPTSTK,LT,28-Dec-2017,1080,CE,0,0,0,105,141.6,0,0,0,0,19-DEC-2017,
OPTSTK,LT,28-Dec-2017,1100,CE,0,0,0,90,121.65,0,0,12000,0,19-DEC-2017,
OPTSTK,LT,28-Dec-2017,1120,CE,0,0,0,99.75,101.75,0,0,2250,0,19-DEC-2017,
OPTSTK,LT,28-Dec-2017,1140,CE,0,0,0,80.7,82.05,0,0,21750,0,19-DEC-2017,
OPTSTK,LT,28-Dec-2017,1160,CE,0,0,0,53.5,62.9,0,0,7500,0,19-DEC-2017,
OPTSTK,LT,28-Dec-2017,1180,CE,40,45.7,40,44.1,44.1,6,55.02,60000,-3000,19-DEC-2017,
OPTSTK,LT,28-Dec-2017,1200,CE,31.15,33,25.7,28.35,28.35,133,1225.1,111000,-1500,19-DEC-2017,
OPTSTK,LT,28-Dec-2017,1220,CE,18.7,20.5,14.2,16.15,16.15,805,7466.78,477750,54000,19-DEC-2017,
OPTSTK,LT,28-Dec-2017,1240,CE,10.5,11.65,7.5,8.35,8.35,1055,9881.55,513000,15000,19-DEC-2017,
OPTSTK,LT,28-Dec-2017,1260,CE,5.5,6.55,3.65,4.2,4.2,561,5320.36,444750,49500,19-DEC-2017,
OPTSTK,LT,28-Dec-2017,1280,CE,3.5,3.7,2,2.3,2.3,300,2885.53,234000,22500,19-DEC-2017,
OPTSTK,LT,28-Dec-2017,1300,CE,2.15,2.3,1.2,1.55,1.55,325,3172.38,474750,-9750,19-DEC-2017,
OPTSTK,LT,28-Dec-2017,1320,CE,1.1,1.25,0.85,1,1,36,356.67,71250,8250,19-DEC-2017,
OPTSTK,LT,28-Dec-2017,1340,CE,0.7,0.8,0.7,0.7,0.7,6,60.33,66000,-750,19-DEC-2017,
OPTSTK,LT,28-Dec-2017,1360,CE,0.7,0.8,0.6,0.7,0.7,29,295.94,69000,7500,19-DEC-2017,
OPTSTK,LT,28-Dec-2017,1380,CE,0,0,0,1,0,0,0,9000,0,19-DEC-2017,
OPTSTK,LT,28-Dec-2017,1400,CE,0.6,0.75,0.6,0.7,0.7,39,409.68,153750,-3000,19-DEC-2017,
OPTSTK,LT,28-Dec-2017,1420,CE,0,0,0,1.5,0,0,0,750,0,19-DEC-2017,
OPTSTK,LT,28-Dec-2017,1440,CE,0,0,0,0.5,0,0,0,12750,0,19-DEC-2017,
OPTSTK,LT,28-Dec-2017,1460,CE,0,0,0,4.1,0,0,0,0,0,19-DEC-2017,
OPTSTK,LT,28-Dec-2017,920,PE,0,0,0,4,0,0,0,0,0,19-DEC-2017,
OPTSTK,LT,28-Dec-2017,940,PE,0,0,0,5.65,0,0,0,0,0,19-DEC-2017,
OPTSTK,LT,28-Dec-2017,960,PE,0,0,0,7.75,0,0,0,0,0,19-DEC-2017,
OPTSTK,LT,28-Dec-2017,980,PE,0,0,0,10.45,0,0,0,0,0,19-DEC-2017,
OPTSTK,LT,28-Dec-2017,1000,PE,0,0,0,13.75,0,0,0,0,0,19-DEC-2017,
OPTSTK,LT,28-Dec-2017,1020,PE,0,0,0,1.05,0,0,0,17250,0,19-DEC-2017,
OPTSTK,LT,28-Dec-2017,1040,PE,0,0,0,1.15,0,0,0,4500,0,19-DEC-2017,
OPTSTK,LT,28-Dec-2017,1060,PE,0,0,0,28.25,0,0,0,0,0,19-DEC-2017,
OPTSTK,LT,28-Dec-2017,1080,PE,0.2,0.2,0.2,0.2,0.2,5,40.5,24000,-3750,19-DEC-2017,
OPTSTK,LT,28-Dec-2017,1100,PE,0.45,0.45,0.45,0.45,0.45,6,49.52,93750,-1500,19-DEC-2017,
OPTSTK,LT,28-Dec-2017,1120,PE,1.2,1.2,0.25,0.45,0.45,26,218.54,73500,-6750,19-DEC-2017,
OPTSTK,LT,28-Dec-2017,1140,PE,1.6,1.6,0.8,0.9,0.9,85,727.48,201750,12750,19-DEC-2017,
OPTSTK,LT,28-Dec-2017,1160,PE,2.65,2.85,1.5,1.55,1.55,98,854.15,153000,0,19-DEC-2017,
OPTSTK,LT,28-Dec-2017,1180,PE,4.8,5.45,3.2,3.4,3.4,404,3589.08,234750,17250,19-DEC-2017,
OPTSTK,LT,28-Dec-2017,1200,PE,9.45,10.6,7,7.2,7.2,556,5042.01,255000,96750,19-DEC-2017,
OPTSTK,LT,28-Dec-2017,1220,PE,16.25,18.7,14.2,14.65,14.65,142,1316.87,114750,22500,19-DEC-2017,
OPTSTK,LT,28-Dec-2017,1240,PE,29,31,28.5,31,31,6,57.12,36750,-1500,19-DEC-2017,
OPTSTK,LT,28-Dec-2017,1260,PE,0,0,0,72,42.5,0,0,3750,0,19-DEC-2017,
OPTSTK,LT,28-Dec-2017,1280,PE,0,0,0,82.3,59.9,0,0,5250,0,19-DEC-2017,
OPTSTK,LT,28-Dec-2017,1300,PE,0,0,0,78.1,78.7,0,0,18000,0,19-DEC-2017,
OPTSTK,LT,28-Dec-2017,1320,PE,0,0,0,62.85,98.25,0,0,750,0,19-DEC-2017,
OPTSTK,LT,28-Dec-2017,1340,PE,0,0,0,118.05,118.1,0,0,750,0,19-DEC-2017,
OPTSTK,LT,28-Dec-2017,1360,PE,0,0,0,134,138,0,0,750,0,19-DEC-2017,
OPTSTK,LT,28-Dec-2017,1380,PE,0,0,0,234.55,158,0,0,0,0,19-DEC-2017,
OPTSTK,LT,28-Dec-2017,1400,PE,181.5,181.5,181,181.5,181.5,12,142.32,24000,-9000,19-DEC-2017,
OPTSTK,LT,28-Dec-2017,1420,PE,0,0,0,270.8,197.9,0,0,0,0,19-DEC-2017,
OPTSTK,LT,28-Dec-2017,1440,PE,0,0,0,289.3,217.9,0,0,0,0,19-DEC-2017,
OPTSTK,LT,28-Dec-2017,1460,PE,0,0,0,308,237.85,0,0,0,0,19-DEC-2017,
OPTSTK,LT,25-Jan-2018,920,CE,0,0,0,319.55,305.9,0,0,0,0,19-DEC-2017,
OPTSTK,LT,25-Jan-2018,940,CE,0,0,0,300.6,286.05,0,0,0,0,19-DEC-2017,
OPTSTK,LT,25-Jan-2018,960,CE,0,0,0,281.9,266.15,0,0,0,0,19-DEC-2017,
OPTSTK,LT,25-Jan-2018,980,CE,0,0,0,263.45,246.3,0,0,0,0,19-DEC-2017,
OPTSTK,LT,25-Jan-2018,1000,CE,0,0,0,245.4,226.45,0,0,0,0,19-DEC-2017,
OPTSTK,LT,25-Jan-2018,1020,CE,0,0,0,227.75,206.65,0,0,0,0,19-DEC-2017,
OPTSTK,LT,25-Jan-2018,1040,CE,0,0,0,210.6,186.9,0,0,0,0,19-DEC-2017,
OPTSTK,LT,25-Jan-2018,1060,CE,0,0,0,194,167.35,0,0,0,0,19-DEC-2017,
OPTSTK,LT,25-Jan-2018,1080,CE,0,0,0,178,148,0,0,0,0,19-DEC-2017,
OPTSTK,LT,25-Jan-2018,1100,CE,0,0,0,130,129.1,0,0,1500,0,19-DEC-2017,
OPTSTK,LT,25-Jan-2018,1120,CE,0,0,0,148.05,110.8,0,0,0,0,19-DEC-2017,
OPTSTK,LT,25-Jan-2018,1140,CE,0,0,0,134.15,93.4,0,0,0,0,19-DEC-2017,
OPTSTK,LT,25-Jan-2018,1160,CE,0,0,0,68,77.2,0,0,750,0,19-DEC-2017,
OPTSTK,LT,25-Jan-2018,1180,CE,0,0,0,108.8,62.4,0,0,0,0,19-DEC-2017,
OPTSTK,LT,25-Jan-2018,1200,CE,47,47,47,47,47,1,9.35,33000,750,19-DEC-2017,
OPTSTK,LT,25-Jan-2018,1220,CE,38,38,38,38,38,1,9.43,4500,750,19-DEC-2017,
OPTSTK,LT,25-Jan-2018,1240,CE,27.85,29.2,27.5,29.2,29.2,29,275.82,43500,18000,19-DEC-2017,
OPTSTK,LT,25-Jan-2018,1260,CE,21,24,21,24,24,2,19.23,1500,1500,19-DEC-2017,
OPTSTK,LT,25-Jan-2018,1280,CE,0,0,0,59.9,14.8,0,0,0,0,19-DEC-2017,
OPTSTK,LT,25-Jan-2018,1300,CE,11.8,12.3,10.9,11.45,11.45,38,373.8,61500,15000,19-DEC-2017,
OPTSTK,LT,25-Jan-2018,1320,CE,0,0,0,45.85,6.9,0,0,0,0,19-DEC-2017,
OPTSTK,LT,25-Jan-2018,1340,CE,0,0,0,39.85,4.55,0,0,0,0,19-DEC-2017,
OPTSTK,LT,25-Jan-2018,1360,CE,0,0,0,34.5,2.9,0,0,0,0,19-DEC-2017,
OPTSTK,LT,25-Jan-2018,1380,CE,0,0,0,29.85,1.8,0,0,0,0,19-DEC-2017,
OPTSTK,LT,25-Jan-2018,1400,CE,0,0,0,25.65,1.1,0,0,0,0,19-DEC-2017,
OPTSTK,LT,25-Jan-2018,1420,CE,0,0,0,21.95,0.65,0,0,0,0,19-DEC-2017,
OPTSTK,LT,25-Jan-2018,1440,CE,0,0,0,18.75,0.4,0,0,0,0,19-DEC-2017,
OPTSTK,LT,25-Jan-2018,1460,CE,0,0,0,15.95,0.2,0,0,0,0,19-DEC-2017,
OPTSTK,LT,25-Jan-2018,920,PE,0,0,0,1.65,0,0,0,0,0,19-DEC-2017,
OPTSTK,LT,25-Jan-2018,940,PE,0,0,0,2.35,0,0,0,0,0,19-DEC-2017,
OPTSTK,LT,25-Jan-2018,960,PE,0,0,0,3.35,0,0,0,0,0,19-DEC-2017,
OPTSTK,LT,25-Jan-2018,980,PE,0,0,0,4.6,0.05,0,0,0,0,19-DEC-2017,
OPTSTK,LT,25-Jan-2018,1000,PE,0,0,0,6.25,0.05,0,0,0,0,19-DEC-2017,
OPTSTK,LT,25-Jan-2018,1020,PE,0,0,0,8.3,0.1,0,0,0,0,19-DEC-2017,
OPTSTK,LT,25-Jan-2018,1040,PE,0,0,0,10.8,0.25,0,0,0,0,19-DEC-2017,
OPTSTK,LT,25-Jan-2018,1060,PE,0,0,0,13.9,0.55,0,0,0,0,19-DEC-2017,
OPTSTK,LT,25-Jan-2018,1080,PE,0,0,0,8,1.05,0,0,750,0,19-DEC-2017,
OPTSTK,LT,25-Jan-2018,1100,PE,0,0,0,13.2,2,0,0,3000,0,19-DEC-2017,
OPTSTK,LT,25-Jan-2018,1120,PE,0,0,0,27,3.6,0,0,0,0,19-DEC-2017,
OPTSTK,LT,25-Jan-2018,1140,PE,0,0,0,32.75,6.1,0,0,0,0,19-DEC-2017,
OPTSTK,LT,25-Jan-2018,1160,PE,0,0,0,39.35,9.75,0,0,0,0,19-DEC-2017,
OPTSTK,LT,25-Jan-2018,1180,PE,15,15,15,15,15,2,17.92,1500,1500,19-DEC-2017,
OPTSTK,LT,25-Jan-2018,1200,PE,0,0,0,43,21.55,0,0,750,0,19-DEC-2017,
OPTSTK,LT,25-Jan-2018,1220,PE,32.45,32.45,32.45,32.45,32.45,1,9.39,750,750,19-DEC-2017,
OPTSTK,LT,25-Jan-2018,1240,PE,0,0,0,45,40.55,0,0,27000,0,19-DEC-2017,
OPTSTK,LT,25-Jan-2018,1260,PE,0,0,0,84.8,52.75,0,0,0,0,19-DEC-2017,
OPTSTK,LT,25-Jan-2018,1280,PE,0,0,0,96.3,66.6,0,0,0,0,19-DEC-2017,
OPTSTK,LT,25-Jan-2018,1300,PE,0,0,0,108.6,81.9,0,0,0,0,19-DEC-2017,
OPTSTK,LT,25-Jan-2018,1320,PE,0,0,0,121.65,98.4,0,0,0,0,19-DEC-2017,
OPTSTK,LT,25-Jan-2018,1340,PE,0,0,0,135.35,115.9,0,0,0,0,19-DEC-2017,
OPTSTK,LT,25-Jan-2018,1360,PE,0,0,0,149.7,134.15,0,0,0,0,19-DEC-2017,
OPTSTK,LT,25-Jan-2018,1380,PE,0,0,0,164.7,152.9,0,0,0,0,19-DEC-2017,
OPTSTK,LT,25-Jan-2018,1400,PE,173,174,173,174,174,12,141.64,12000,9000,19-DEC-2017,
OPTSTK,LT,25-Jan-2018,1420,PE,0,0,0,196.2,191.5,0,0,0,0,19-DEC-2017,
OPTSTK,LT,25-Jan-2018,1440,PE,0,0,0,212.65,211.1,0,0,0,0,19-DEC-2017,
OPTSTK,LT,25-Jan-2018,1460,PE,0,0,0,229.55,230.8,0,0,0,0,19-DEC-2017,
OPTSTK,LT,22-Feb-2018,920,CE,0,0,0,310.15,310.45,0,0,0,0,19-DEC-2017,
OPTSTK,LT,22-Feb-2018,940,CE,0,0,0,290.6,290.7,0,0,0,0,19-DEC-2017,
OPTSTK,LT,22-Feb-2018,960,CE,0,0,0,271.15,270.95,0,0,0,0,19-DEC-2017,
OPTSTK,LT,22-Feb-2018,980,CE,0,0,0,251.85,251.3,0,0,0,0,19-DEC-2017,
OPTSTK,LT,22-Feb-2018,1000,CE,0,0,0,232.75,231.75,0,0,0,0,19-DEC-2017,
OPTSTK,LT,22-Feb-2018,1020,CE,0,0,0,213.9,212.3,0,0,0,0,19-DEC-2017,
OPTSTK,LT,22-Feb-2018,1040,CE,0,0,0,195.45,193.1,0,0,0,0,19-DEC-2017,
OPTSTK,LT,22-Feb-2018,1060,CE,0,0,0,177.45,174.2,0,0,0,0,19-DEC-2017,
OPTSTK,LT,22-Feb-2018,1080,CE,0,0,0,160.05,155.8,0,0,0,0,19-DEC-2017,
OPTSTK,LT,22-Feb-2018,1100,CE,0,0,0,143.3,137.95,0,0,0,0,19-DEC-2017,
OPTSTK,LT,22-Feb-2018,1120,CE,0,0,0,127.4,120.9,0,0,0,0,19-DEC-2017,
OPTSTK,LT,22-Feb-2018,1140,CE,0,0,0,112.4,104.75,0,0,0,0,19-DEC-2017,
OPTSTK,LT,22-Feb-2018,1160,CE,0,0,0,98.25,89.7,0,0,0,0,19-DEC-2017,
OPTSTK,LT,22-Feb-2018,1180,CE,0,0,0,85.25,75.8,0,0,0,0,19-DEC-2017,
OPTSTK,LT,22-Feb-2018,1200,CE,0,0,0,73.35,63.25,0,0,0,0,19-DEC-2017,
OPTSTK,LT,22-Feb-2018,1220,CE,0,0,0,62.55,52.05,0,0,0,0,19-DEC-2017,
OPTSTK,LT,22-Feb-2018,1240,CE,0,0,0,52.9,42.25,0,0,0,0,19-DEC-2017,
OPTSTK,LT,22-Feb-2018,1260,CE,0,0,0,44.3,33.8,0,0,0,0,19-DEC-2017,
OPTSTK,LT,22-Feb-2018,1280,CE,0,0,0,36.8,26.7,0,0,0,0,19-DEC-2017,
OPTSTK,LT,22-Feb-2018,1300,CE,0,0,0,30.35,20.75,0,0,0,0,19-DEC-2017,
OPTSTK,LT,22-Feb-2018,1320,CE,0,0,0,24.75,15.95,0,0,0,0,19-DEC-2017,
OPTSTK,LT,22-Feb-2018,1340,CE,0,0,0,20.15,12.05,0,0,0,0,19-DEC-2017,
OPTSTK,LT,22-Feb-2018,1360,CE,0,0,0,16.15,9,0,0,0,0,19-DEC-2017,
OPTSTK,LT,22-Feb-2018,1380,CE,0,0,0,12.85,6.65,0,0,0,0,19-DEC-2017,
OPTSTK,LT,22-Feb-2018,1400,CE,0,0,0,10.15,4.8,0,0,0,0,19-DEC-2017,
OPTSTK,LT,22-Feb-2018,1420,CE,0,0,0,7.95,3.45,0,0,0,0,19-DEC-2017,
OPTSTK,LT,22-Feb-2018,1440,CE,0,0,0,6.2,2.45,0,0,0,0,19-DEC-2017,
OPTSTK,LT,22-Feb-2018,1460,CE,0,0,0,4.8,1.7,0,0,0,0,19-DEC-2017,
OPTSTK,LT,22-Feb-2018,920,PE,0,0,0,0.2,0.05,0,0,0,0,19-DEC-2017,
OPTSTK,LT,22-Feb-2018,940,PE,0,0,0,0.35,0.05,0,0,0,0,19-DEC-2017,
OPTSTK,LT,22-Feb-2018,960,PE,0,0,0,0.6,0.1,0,0,0,0,19-DEC-2017,
OPTSTK,LT,22-Feb-2018,980,PE,0,0,0,1,0.25,0,0,0,0,19-DEC-2017,
OPTSTK,LT,22-Feb-2018,1000,PE,0,0,0,1.6,0.45,0,0,0,0,19-DEC-2017,
OPTSTK,LT,22-Feb-2018,1020,PE,0,0,0,2.5,0.75,0,0,0,0,19-DEC-2017,
OPTSTK,LT,22-Feb-2018,1040,PE,0,0,0,3.75,1.35,0,0,0,0,19-DEC-2017,
OPTSTK,LT,22-Feb-2018,1060,PE,0,0,0,5.45,2.25,0,0,0,0,19-DEC-2017,
OPTSTK,LT,22-Feb-2018,1080,PE,0,0,0,7.75,3.6,0,0,0,0,19-DEC-2017,
OPTSTK,LT,22-Feb-2018,1100,PE,0,0,0,10.75,5.55,0,0,0,0,19-DEC-2017,
OPTSTK,LT,22-Feb-2018,1120,PE,0,0,0,14.5,8.25,0,0,0,0,19-DEC-2017,
OPTSTK,LT,22-Feb-2018,1140,PE,0,0,0,19.2,11.85,0,0,0,0,19-DEC-2017,
OPTSTK,LT,22-Feb-2018,1160,PE,0,0,0,24.8,16.6,0,0,0,0,19-DEC-2017,
OPTSTK,LT,22-Feb-2018,1180,PE,0,0,0,31.5,22.45,0,0,0,0,19-DEC-2017,
OPTSTK,LT,22-Feb-2018,1200,PE,0,0,0,39.3,29.65,0,0,0,0,19-DEC-2017,
OPTSTK,LT,22-Feb-2018,1220,PE,0,0,0,60,38.25,0,0,1500,0,19-DEC-2017,
OPTSTK,LT,22-Feb-2018,1240,PE,0,0,0,58.25,48.2,0,0,0,0,19-DEC-2017,
OPTSTK,LT,22-Feb-2018,1260,PE,0,0,0,69.4,59.55,0,0,0,0,19-DEC-2017,
OPTSTK,LT,22-Feb-2018,1280,PE,0,0,0,81.6,72.2,0,0,0,0,19-DEC-2017,
OPTSTK,LT,22-Feb-2018,1300,PE,0,0,0,94.85,86.05,0,0,0,0,19-DEC-2017,
OPTSTK,LT,22-Feb-2018,1320,PE,0,0,0,109,101,0,0,0,0,19-DEC-2017,
OPTSTK,LT,22-Feb-2018,1340,PE,0,0,0,124.05,116.9,0,0,0,0,19-DEC-2017,
OPTSTK,LT,22-Feb-2018,1360,PE,0,0,0,139.75,133.6,0,0,0,0,19-DEC-2017,
OPTSTK,LT,22-Feb-2018,1380,PE,0,0,0,156.2,151,0,0,0,0,19-DEC-2017,
OPTSTK,LT,22-Feb-2018,1400,PE,0,0,0,173.2,168.95,0,0,0,0,19-DEC-2017,
OPTSTK,LT,22-Feb-2018,1420,PE,0,0,0,190.7,187.35,0,0,0,0,19-DEC-2017,
OPTSTK,LT,22-Feb-2018,1440,PE,0,0,0,208.65,206.1,0,0,0,0,19-DEC-2017,
OPTSTK,LT,22-Feb-2018,1460,PE,0,0,0,226.95,225.15,0,0,0,0,19-DEC-2017,
OPTSTK,LUPIN,28-Dec-2017,600,CE,0,0,0,414.2,268,0,0,0,0,19-DEC-2017,
OPTSTK,LUPIN,28-Dec-2017,620,CE,0,0,0,394.5,248.05,0,0,0,0,19-DEC-2017,
OPTSTK,LUPIN,28-Dec-2017,640,CE,0,0,0,374.85,228.05,0,0,0,0,19-DEC-2017,
OPTSTK,LUPIN,28-Dec-2017,660,CE,0,0,0,355.15,208.1,0,0,0,0,19-DEC-2017,
OPTSTK,LUPIN,28-Dec-2017,680,CE,0,0,0,335.5,188.15,0,0,0,0,19-DEC-2017,
OPTSTK,LUPIN,28-Dec-2017,700,CE,0,0,0,162,168.15,0,0,400,0,19-DEC-2017,
OPTSTK,LUPIN,28-Dec-2017,720,CE,0,0,0,150.2,148.2,0,0,400,0,19-DEC-2017,
OPTSTK,LUPIN,28-Dec-2017,740,CE,0,0,0,131,128.3,0,0,1200,0,19-DEC-2017,
OPTSTK,LUPIN,28-Dec-2017,760,CE,0,0,0,109,108.5,0,0,800,0,19-DEC-2017,
OPTSTK,LUPIN,28-Dec-2017,780,CE,0,0,0,75,89.1,0,0,5600,0,19-DEC-2017,
OPTSTK,LUPIN,28-Dec-2017,800,CE,66.5,70,65.75,70,70,3,10.4,36000,0,19-DEC-2017,
OPTSTK,LUPIN,28-Dec-2017,820,CE,51,51,44.7,48.25,48.25,15,52.04,108800,-4800,19-DEC-2017,
OPTSTK,LUPIN,28-Dec-2017,840,CE,36.2,36.2,26.7,31.45,31.45,97,337.79,254000,-4000,19-DEC-2017,
OPTSTK,LUPIN,28-Dec-2017,860,CE,20.55,21,14.1,17.4,17.4,534,1873.25,262800,-14400,19-DEC-2017,
OPTSTK,LUPIN,28-Dec-2017,880,CE,11.05,12.25,7.25,9.1,9.1,615,2186.96,204000,10000,19-DEC-2017,
OPTSTK,LUPIN,28-Dec-2017,900,CE,6,7,3.85,4.65,4.65,611,2211.49,491200,1200,19-DEC-2017,
OPTSTK,LUPIN,28-Dec-2017,920,CE,4.25,4.45,2.45,2.85,2.85,179,661,104800,-1200,19-DEC-2017,
OPTSTK,LUPIN,28-Dec-2017,940,CE,2.95,3,1.7,1.85,1.85,70,263.75,92400,6800,19-DEC-2017,
OPTSTK,LUPIN,28-Dec-2017,960,CE,2,2,1.2,1.3,1.3,18,69.22,46400,0,19-DEC-2017,
OPTSTK,LUPIN,28-Dec-2017,980,CE,1.45,1.45,0.9,1.05,1.05,17,66.71,48000,2000,19-DEC-2017,
OPTSTK,LUPIN,28-Dec-2017,1000,CE,0.85,0.85,0.65,0.65,0.65,32,128.09,220800,-5200,19-DEC-2017,
OPTSTK,LUPIN,28-Dec-2017,1020,CE,0,0,0,55.3,0.1,0,0,0,0,19-DEC-2017,
OPTSTK,LUPIN,28-Dec-2017,1040,CE,0,0,0,1.5,0.05,0,0,2800,0,19-DEC-2017,
OPTSTK,LUPIN,28-Dec-2017,1060,CE,0,0,0,1,0.05,0,0,800,0,19-DEC-2017,
OPTSTK,LUPIN,28-Dec-2017,1080,CE,0,0,0,0.9,0,0,0,8800,0,19-DEC-2017,
OPTSTK,LUPIN,28-Dec-2017,1100,CE,0.3,0.3,0.3,0.3,0.3,5,22,36000,-2000,19-DEC-2017,
OPTSTK,LUPIN,28-Dec-2017,1120,CE,0,0,0,21.5,0,0,0,0,0,19-DEC-2017,
OPTSTK,LUPIN,28-Dec-2017,1140,CE,0,0,0,0.5,0,0,0,400,0,19-DEC-2017,
OPTSTK,LUPIN,28-Dec-2017,1160,CE,0,0,0,0.55,0,0,0,3200,0,19-DEC-2017,
OPTSTK,LUPIN,28-Dec-2017,1180,CE,0,0,0,0.2,0,0,0,1600,0,19-DEC-2017,
OPTSTK,LUPIN,28-Dec-2017,1200,CE,0,0,0,0.2,0,0,0,4800,0,19-DEC-2017,
OPTSTK,LUPIN,28-Dec-2017,1220,CE,0,0,0,6.9,0,0,0,0,0,19-DEC-2017,
OPTSTK,LUPIN,28-Dec-2017,1240,CE,0,0,0,0.1,0,0,0,4000,0,19-DEC-2017,
OPTSTK,LUPIN,28-Dec-2017,1260,CE,0,0,0,4.15,0,0,0,0,0,19-DEC-2017,
OPTSTK,LUPIN,28-Dec-2017,1280,CE,0,0,0,3.2,0,0,0,0,0,19-DEC-2017,
OPTSTK,LUPIN,28-Dec-2017,1300,CE,0,0,0,0.3,0,0,0,2800,0,19-DEC-2017,
OPTSTK,LUPIN,28-Dec-2017,1320,CE,0,0,0,0.35,0,0,0,3600,0,19-DEC-2017,
OPTSTK,LUPIN,28-Dec-2017,1340,CE,0,0,0,1.4,0,0,0,0,0,19-DEC-2017,
OPTSTK,LUPIN,28-Dec-2017,1360,CE,0,0,0,1.05,0,0,0,0,0,19-DEC-2017,
OPTSTK,LUPIN,28-Dec-2017,1380,CE,0,0,0,0.15,0,0,0,14400,0,19-DEC-2017,
OPTSTK,LUPIN,28-Dec-2017,600,PE,0,0,0,0.05,0,0,0,0,0,19-DEC-2017,
OPTSTK,LUPIN,28-Dec-2017,620,PE,0,0,0,0.05,0,0,0,0,0,19-DEC-2017,
OPTSTK,LUPIN,28-Dec-2017,640,PE,0,0,0,0.05,0,0,0,0,0,19-DEC-2017,
OPTSTK,LUPIN,28-Dec-2017,660,PE,0,0,0,0.05,0,0,0,0,0,19-DEC-2017,
OPTSTK,LUPIN,28-Dec-2017,680,PE,0,0,0,0.4,0,0,0,1200,0,19-DEC-2017,
OPTSTK,LUPIN,28-Dec-2017,700,PE,0.6,0.6,0.45,0.45,0.45,5,14.01,27600,400,19-DEC-2017,
OPTSTK,LUPIN,28-Dec-2017,720,PE,0,0,0,0.5,0.05,0,0,19600,0,19-DEC-2017,
OPTSTK,LUPIN,28-Dec-2017,740,PE,0.8,0.9,0.8,0.9,0.9,2,5.92,28000,-800,19-DEC-2017,
OPTSTK,LUPIN,28-Dec-2017,760,PE,0.75,1.2,0.6,0.7,0.7,18,54.77,72000,-1200,19-DEC-2017,
OPTSTK,LUPIN,28-Dec-2017,780,PE,0.95,1,0.95,1,1,7,21.86,62400,-400,19-DEC-2017,
OPTSTK,LUPIN,28-Dec-2017,800,PE,5,5,1,1.2,1.2,81,259.6,150800,400,19-DEC-2017,
OPTSTK,LUPIN,28-Dec-2017,820,PE,2.15,2.7,1.45,1.55,1.55,232,762.8,177200,-5600,19-DEC-2017,
OPTSTK,LUPIN,28-Dec-2017,840,PE,4.85,4.85,3.1,3.3,3.3,261,881.33,174800,-3200,19-DEC-2017,
OPTSTK,LUPIN,28-Dec-2017,860,PE,9.2,12.2,7.8,8.4,8.4,289,1005.69,100400,16000,19-DEC-2017,
OPTSTK,LUPIN,28-Dec-2017,880,PE,20.2,22.05,18,18,18,8,28.81,10400,0,19-DEC-2017,
OPTSTK,LUPIN,28-Dec-2017,900,PE,37,37,37,37,37,3,11.24,21600,0,19-DEC-2017,
OPTSTK,LUPIN,28-Dec-2017,920,PE,0,0,0,69.8,56.7,0,0,7200,0,19-DEC-2017,
OPTSTK,LUPIN,28-Dec-2017,940,PE,70.45,70.45,70.45,70.45,70.45,1,4.04,4400,0,19-DEC-2017,
OPTSTK,LUPIN,28-Dec-2017,960,PE,96,96,96,96,96,3,12.67,8800,-1200,19-DEC-2017,
OPTSTK,LUPIN,28-Dec-2017,980,PE,0,0,0,155,112,0,0,4800,0,19-DEC-2017,
OPTSTK,LUPIN,28-Dec-2017,1000,PE,135,135,135,135,135,5,22.7,38400,-2000,19-DEC-2017,
OPTSTK,LUPIN,28-Dec-2017,1020,PE,0,0,0,195,151.45,0,0,800,0,19-DEC-2017,
OPTSTK,LUPIN,28-Dec-2017,1040,PE,0,0,0,213.75,171.4,0,0,1200,0,19-DEC-2017,
OPTSTK,LUPIN,28-Dec-2017,1060,PE,0,0,0,195,191.35,0,0,2000,0,19-DEC-2017,
OPTSTK,LUPIN,28-Dec-2017,1080,PE,0,0,0,209,211.3,0,0,800,0,19-DEC-2017,
OPTSTK,LUPIN,28-Dec-2017,1100,PE,0,0,0,230,231.25,0,0,14400,0,19-DEC-2017,
OPTSTK,LUPIN,28-Dec-2017,1120,PE,0,0,0,119.2,251.25,0,0,0,0,19-DEC-2017,
OPTSTK,LUPIN,28-Dec-2017,1140,PE,0,0,0,308,271.2,0,0,400,0,19-DEC-2017,
OPTSTK,LUPIN,28-Dec-2017,1160,PE,0,0,0,332,291.15,0,0,5200,0,19-DEC-2017,
OPTSTK,LUPIN,28-Dec-2017,1180,PE,0,0,0,340.2,311.15,0,0,2000,0,19-DEC-2017,
OPTSTK,LUPIN,28-Dec-2017,1200,PE,0,0,0,369,331.1,0,0,16000,0,19-DEC-2017,
OPTSTK,LUPIN,28-Dec-2017,1220,PE,0,0,0,203.05,351.05,0,0,0,0,19-DEC-2017,
OPTSTK,LUPIN,28-Dec-2017,1240,PE,0,0,0,399.6,371.05,0,0,4800,0,19-DEC-2017,
OPTSTK,LUPIN,28-Dec-2017,1260,PE,0,0,0,239.7,391,0,0,0,0,19-DEC-2017,
OPTSTK,LUPIN,28-Dec-2017,1280,PE,0,0,0,258.45,411,0,0,0,0,19-DEC-2017,
OPTSTK,LUPIN,28-Dec-2017,1300,PE,0,0,0,464,430.95,0,0,6000,0,19-DEC-2017,
OPTSTK,LUPIN,28-Dec-2017,1320,PE,0,0,0,483,450.9,0,0,4000,0,19-DEC-2017,
OPTSTK,LUPIN,28-Dec-2017,1340,PE,0,0,0,315.7,470.9,0,0,0,0,19-DEC-2017,
OPTSTK,LUPIN,28-Dec-2017,1360,PE,0,0,0,335.05,490.85,0,0,0,0,19-DEC-2017,
OPTSTK,LUPIN,28-Dec-2017,1380,PE,0,0,0,560,510.8,0,0,26800,0,19-DEC-2017,
OPTSTK,LUPIN,25-Jan-2018,600,CE,0,0,0,402.45,271,0,0,0,0,19-DEC-2017,
OPTSTK,LUPIN,25-Jan-2018,620,CE,0,0,0,382.75,251.2,0,0,0,0,19-DEC-2017,
OPTSTK,LUPIN,25-Jan-2018,640,CE,0,0,0,363.05,231.45,0,0,0,0,19-DEC-2017,
OPTSTK,LUPIN,25-Jan-2018,660,CE,0,0,0,343.4,211.75,0,0,0,0,19-DEC-2017,
OPTSTK,LUPIN,25-Jan-2018,680,CE,0,0,0,323.7,192.3,0,0,0,0,19-DEC-2017,
OPTSTK,LUPIN,25-Jan-2018,700,CE,0,0,0,304.05,173.1,0,0,0,0,19-DEC-2017,
OPTSTK,LUPIN,25-Jan-2018,720,CE,0,0,0,284.4,154.35,0,0,0,0,19-DEC-2017,
OPTSTK,LUPIN,25-Jan-2018,740,CE,0,0,0,264.85,136.2,0,0,0,0,19-DEC-2017,
OPTSTK,LUPIN,25-Jan-2018,760,CE,0,0,0,245.35,118.8,0,0,0,0,19-DEC-2017,
OPTSTK,LUPIN,25-Jan-2018,780,CE,0,0,0,226,102.4,0,0,0,0,19-DEC-2017,
OPTSTK,LUPIN,25-Jan-2018,800,CE,77.5,77.5,77.5,77.5,77.5,1,5.26,0,-600,19-DEC-2017,
OPTSTK,LUPIN,25-Jan-2018,820,CE,0,0,0,65,73.1,0,0,600,0,19-DEC-2017,
OPTSTK,LUPIN,25-Jan-2018,840,CE,0,0,0,30,60.55,0,0,1200,0,19-DEC-2017,
OPTSTK,LUPIN,25-Jan-2018,860,CE,36,36,36,36,36,1,5.37,600,600,19-DEC-2017,
OPTSTK,LUPIN,25-Jan-2018,880,CE,0,0,0,134.55,39.8,0,0,0,0,19-DEC-2017,
OPTSTK,LUPIN,25-Jan-2018,900,CE,19.2,20.5,17.45,20,20,50,275.67,61800,7800,19-DEC-2017,
OPTSTK,LUPIN,25-Jan-2018,920,CE,0,0,0,17,24.7,0,0,1800,0,19-DEC-2017,
OPTSTK,LUPIN,25-Jan-2018,940,CE,0,0,0,88.55,19.05,0,0,0,0,19-DEC-2017,
OPTSTK,LUPIN,25-Jan-2018,960,CE,0,0,0,7,14.55,0,0,1200,0,19-DEC-2017,
OPTSTK,LUPIN,25-Jan-2018,980,CE,0,0,0,63.6,10.9,0,0,0,0,19-DEC-2017,
OPTSTK,LUPIN,25-Jan-2018,1000,CE,4.4,4.4,4.4,4.4,4.4,1,6.02,9600,-600,19-DEC-2017,
OPTSTK,LUPIN,25-Jan-2018,1020,CE,0,0,0,43.75,5.95,0,0,0,0,19-DEC-2017,
OPTSTK,LUPIN,25-Jan-2018,1040,CE,0,0,0,35.7,4.3,0,0,0,0,19-DEC-2017,
OPTSTK,LUPIN,25-Jan-2018,1060,CE,0,0,0,28.85,3.1,0,0,0,0,19-DEC-2017,
OPTSTK,LUPIN,25-Jan-2018,1080,CE,0,0,0,23,2.2,0,0,0,0,19-DEC-2017,
OPTSTK,LUPIN,25-Jan-2018,1100,CE,0,0,0,18.25,1.55,0,0,0,0,19-DEC-2017,
OPTSTK,LUPIN,25-Jan-2018,1120,CE,0,0,0,14.25,1.05,0,0,0,0,19-DEC-2017,
OPTSTK,LUPIN,25-Jan-2018,1140,CE,0,0,0,11.05,0.75,0,0,0,0,19-DEC-2017,
OPTSTK,LUPIN,25-Jan-2018,1160,CE,0,0,0,8.45,0.5,0,0,0,0,19-DEC-2017,
OPTSTK,LUPIN,25-Jan-2018,1180,CE,0,0,0,6.45,0.35,0,0,0,0,19-DEC-2017,
OPTSTK,LUPIN,25-Jan-2018,1200,CE,0,0,0,4.85,0.25,0,0,0,0,19-DEC-2017,
OPTSTK,LUPIN,25-Jan-2018,1220,CE,0,0,0,3.6,0.15,0,0,0,0,19-DEC-2017,
OPTSTK,LUPIN,25-Jan-2018,1240,CE,0,0,0,2.65,0.1,0,0,0,0,19-DEC-2017,
OPTSTK,LUPIN,25-Jan-2018,1260,CE,0,0,0,1.95,0.1,0,0,0,0,19-DEC-2017,
OPTSTK,LUPIN,25-Jan-2018,1280,CE,0,0,0,1.45,0.05,0,0,0,0,19-DEC-2017,
OPTSTK,LUPIN,25-Jan-2018,1300,CE,0,0,0,1.05,0.05,0,0,0,0,19-DEC-2017,
OPTSTK,LUPIN,25-Jan-2018,1320,CE,0,0,0,0.75,0.05,0,0,0,0,19-DEC-2017,
OPTSTK,LUPIN,25-Jan-2018,1340,CE,0,0,0,0.55,0.05,0,0,0,0,19-DEC-2017,
OPTSTK,LUPIN,25-Jan-2018,1360,CE,0,0,0,0.4,0.05,0,0,0,0,19-DEC-2017,
OPTSTK,LUPIN,25-Jan-2018,1380,CE,0,0,0,0.25,0,0,0,0,0,19-DEC-2017,
OPTSTK,LUPIN,25-Jan-2018,600,PE,0,0,0,0.05,0.05,0,0,0,0,19-DEC-2017,
OPTSTK,LUPIN,25-Jan-2018,620,PE,0,0,0,0.05,0.1,0,0,0,0,19-DEC-2017,
OPTSTK,LUPIN,25-Jan-2018,640,PE,0,0,0,0.05,0.2,0,0,0,0,19-DEC-2017,
OPTSTK,LUPIN,25-Jan-2018,660,PE,0,0,0,0.05,0.45,0,0,0,0,19-DEC-2017,
OPTSTK,LUPIN,25-Jan-2018,680,PE,0,0,0,0.05,0.85,0,0,0,0,19-DEC-2017,
OPTSTK,LUPIN,25-Jan-2018,700,PE,0,0,0,0.05,1.5,0,0,0,0,19-DEC-2017,
OPTSTK,LUPIN,25-Jan-2018,720,PE,0,0,0,0.1,2.65,0,0,0,0,19-DEC-2017,
OPTSTK,LUPIN,25-Jan-2018,740,PE,0,0,0,0.2,4.35,0,0,0,0,19-DEC-2017,
OPTSTK,LUPIN,25-Jan-2018,760,PE,0,0,0,0.4,6.85,0,0,0,0,19-DEC-2017,
OPTSTK,LUPIN,25-Jan-2018,780,PE,0,0,0,0.75,10.3,0,0,0,0,19-DEC-2017,
OPTSTK,LUPIN,25-Jan-2018,800,PE,7.7,8,7.3,7.9,7.9,9,43.61,9000,2400,19-DEC-2017,
OPTSTK,LUPIN,25-Jan-2018,820,PE,9.15,11,9.15,11,11,3,14.94,1800,1800,19-DEC-2017,
OPTSTK,LUPIN,25-Jan-2018,840,PE,17.45,17.45,17.45,17.45,17.45,1,5.14,1200,600,19-DEC-2017,
OPTSTK,LUPIN,25-Jan-2018,860,PE,0,0,0,5.25,36.8,0,0,0,0,19-DEC-2017,
OPTSTK,LUPIN,25-Jan-2018,880,PE,0,0,0,7.75,47,0,0,0,0,19-DEC-2017,
OPTSTK,LUPIN,25-Jan-2018,900,PE,48,48,48,48,48,3,17.06,1800,1800,19-DEC-2017,
OPTSTK,LUPIN,25-Jan-2018,920,PE,0,0,0,15.4,71.65,0,0,0,0,19-DEC-2017,
OPTSTK,LUPIN,25-Jan-2018,940,PE,0,0,0,20.8,85.9,0,0,0,0,19-DEC-2017,
OPTSTK,LUPIN,25-Jan-2018,960,PE,95,95,95,95,95,3,18.99,1800,1800,19-DEC-2017,
OPTSTK,LUPIN,25-Jan-2018,980,PE,0,0,0,35.25,117.5,0,0,0,0,19-DEC-2017,
OPTSTK,LUPIN,25-Jan-2018,1000,PE,0,0,0,44.4,134.55,0,0,0,0,19-DEC-2017,
OPTSTK,LUPIN,25-Jan-2018,1020,PE,0,0,0,54.75,152.25,0,0,0,0,19-DEC-2017,
OPTSTK,LUPIN,25-Jan-2018,1040,PE,0,0,0,66.4,170.5,0,0,0,0,19-DEC-2017,
OPTSTK,LUPIN,25-Jan-2018,1060,PE,0,0,0,80,189.15,0,0,600,0,19-DEC-2017,
OPTSTK,LUPIN,25-Jan-2018,1080,PE,0,0,0,93.1,208.1,0,0,0,0,19-DEC-2017,
OPTSTK,LUPIN,25-Jan-2018,1100,PE,0,0,0,215.5,227.3,0,0,1200,0,19-DEC-2017,
OPTSTK,LUPIN,25-Jan-2018,1120,PE,0,0,0,123.7,246.7,0,0,0,0,19-DEC-2017,
OPTSTK,LUPIN,25-Jan-2018,1140,PE,0,0,0,140.15,266.25,0,0,0,0,19-DEC-2017,
OPTSTK,LUPIN,25-Jan-2018,1160,PE,0,0,0,157.25,285.9,0,0,0,0,19-DEC-2017,
OPTSTK,LUPIN,25-Jan-2018,1180,PE,0,0,0,174.9,305.6,0,0,0,0,19-DEC-2017,
OPTSTK,LUPIN,25-Jan-2018,1200,PE,0,0,0,193,325.4,0,0,0,0,19-DEC-2017,
OPTSTK,LUPIN,25-Jan-2018,1220,PE,0,0,0,211.5,345.15,0,0,0,0,19-DEC-2017,
OPTSTK,LUPIN,25-Jan-2018,1240,PE,0,0,0,230.2,365,0,0,0,0,19-DEC-2017,
OPTSTK,LUPIN,25-Jan-2018,1260,PE,0,0,0,249.2,384.85,0,0,0,0,19-DEC-2017,
OPTSTK,LUPIN,25-Jan-2018,1280,PE,0,0,0,268.35,404.7,0,0,0,0,19-DEC-2017,
OPTSTK,LUPIN,25-Jan-2018,1300,PE,0,0,0,287.65,424.55,0,0,0,0,19-DEC-2017,
OPTSTK,LUPIN,25-Jan-2018,1320,PE,0,0,0,307.05,444.4,0,0,0,0,19-DEC-2017,
OPTSTK,LUPIN,25-Jan-2018,1340,PE,0,0,0,326.5,464.25,0,0,0,0,19-DEC-2017,
OPTSTK,LUPIN,25-Jan-2018,1360,PE,0,0,0,346.05,484.15,0,0,0,0,19-DEC-2017,
OPTSTK,LUPIN,25-Jan-2018,1380,PE,0,0,0,365.65,504,0,0,0,0,19-DEC-2017,
OPTSTK,LUPIN,22-Feb-2018,600,CE,0,0,0,236.6,274.35,0,0,0,0,19-DEC-2017,
OPTSTK,LUPIN,22-Feb-2018,620,CE,0,0,0,219.95,254.9,0,0,0,0,19-DEC-2017,
OPTSTK,LUPIN,22-Feb-2018,640,CE,0,0,0,203.9,235.7,0,0,0,0,19-DEC-2017,
OPTSTK,LUPIN,22-Feb-2018,660,CE,0,0,0,188.5,216.75,0,0,0,0,19-DEC-2017,
OPTSTK,LUPIN,22-Feb-2018,680,CE,0,0,0,173.8,198.2,0,0,0,0,19-DEC-2017,
OPTSTK,LUPIN,22-Feb-2018,700,CE,0,0,0,110,180.15,0,0,600,0,19-DEC-2017,
OPTSTK,LUPIN,22-Feb-2018,720,CE,0,0,0,146.45,162.65,0,0,0,0,19-DEC-2017,
OPTSTK,LUPIN,22-Feb-2018,740,CE,0,0,0,133.9,145.9,0,0,0,0,19-DEC-2017,
OPTSTK,LUPIN,22-Feb-2018,760,CE,0,0,0,122.15,129.95,0,0,0,0,19-DEC-2017,
OPTSTK,LUPIN,22-Feb-2018,780,CE,0,0,0,111.15,115,0,0,0,0,19-DEC-2017,
OPTSTK,LUPIN,22-Feb-2018,800,CE,0,0,0,100.9,100.9,0,0,0,0,19-DEC-2017,
OPTSTK,LUPIN,22-Feb-2018,820,CE,0,0,0,91.4,87.95,0,0,0,0,19-DEC-2017,
OPTSTK,LUPIN,22-Feb-2018,840,CE,0,0,0,60,76.1,0,0,600,0,19-DEC-2017,
OPTSTK,LUPIN,22-Feb-2018,860,CE,0,0,0,74.5,65.4,0,0,0,0,19-DEC-2017,
OPTSTK,LUPIN,22-Feb-2018,880,CE,0,0,0,67.05,55.75,0,0,0,0,19-DEC-2017,
OPTSTK,LUPIN,22-Feb-2018,900,CE,0,0,0,60.2,47.2,0,0,0,0,19-DEC-2017,
OPTSTK,LUPIN,22-Feb-2018,920,CE,0,0,0,54,39.7,0,0,0,0,19-DEC-2017,
OPTSTK,LUPIN,22-Feb-2018,940,CE,0,0,0,48.3,33.15,0,0,0,0,19-DEC-2017,
OPTSTK,LUPIN,22-Feb-2018,960,CE,0,0,0,43.2,27.5,0,0,0,0,19-DEC-2017,
OPTSTK,LUPIN,22-Feb-2018,980,CE,0,0,0,38.55,22.75,0,0,0,0,19-DEC-2017,
OPTSTK,LUPIN,22-Feb-2018,1000,CE,0,0,0,34.35,18.6,0,0,0,0,19-DEC-2017,
OPTSTK,LUPIN,22-Feb-2018,1020,CE,0,0,0,30.55,15.15,0,0,0,0,19-DEC-2017,
OPTSTK,LUPIN,22-Feb-2018,1040,CE,0,0,0,27.15,12.25,0,0,0,0,19-DEC-2017,
OPTSTK,LUPIN,22-Feb-2018,1060,CE,0,0,0,24.05,9.9,0,0,0,0,19-DEC-2017,
OPTSTK,LUPIN,22-Feb-2018,1080,CE,0,0,0,21.3,7.9,0,0,0,0,19-DEC-2017,
OPTSTK,LUPIN,22-Feb-2018,1100,CE,0,0,0,18.85,6.3,0,0,0,0,19-DEC-2017,
OPTSTK,LUPIN,22-Feb-2018,1120,CE,0,0,0,16.7,5,0,0,0,0,19-DEC-2017,
OPTSTK,LUPIN,22-Feb-2018,1140,CE,0,0,0,14.75,3.95,0,0,0,0,19-DEC-2017,
OPTSTK,LUPIN,22-Feb-2018,1160,CE,0,0,0,13,3.1,0,0,0,0,19-DEC-2017,
OPTSTK,LUPIN,22-Feb-2018,1180,CE,0,0,0,11.45,2.4,0,0,0,0,19-DEC-2017,
OPTSTK,LUPIN,22-Feb-2018,1200,CE,0,0,0,10.1,1.9,0,0,0,0,19-DEC-2017,
OPTSTK,LUPIN,22-Feb-2018,1220,CE,0,0,0,8.85,1.45,0,0,0,0,19-DEC-2017,
OPTSTK,LUPIN,22-Feb-2018,600,PE,0,0,0,10.15,0.45,0,0,0,0,19-DEC-2017,
OPTSTK,LUPIN,22-Feb-2018,620,PE,0,0,0,13.2,0.8,0,0,0,0,19-DEC-2017,
OPTSTK,LUPIN,22-Feb-2018,640,PE,0,0,0,16.85,1.35,0,0,0,0,19-DEC-2017,
OPTSTK,LUPIN,22-Feb-2018,660,PE,0,0,0,21.15,2.2,0,0,0,0,19-DEC-2017,
OPTSTK,LUPIN,22-Feb-2018,680,PE,0,0,0,26.15,3.4,0,0,0,0,19-DEC-2017,
OPTSTK,LUPIN,22-Feb-2018,700,PE,0,0,0,31.85,5.1,0,0,0,0,19-DEC-2017,
OPTSTK,LUPIN,22-Feb-2018,720,PE,0,0,0,38.3,7.4,0,0,0,0,19-DEC-2017,
OPTSTK,LUPIN,22-Feb-2018,740,PE,0,0,0,45.45,10.4,0,0,0,0,19-DEC-2017,
OPTSTK,LUPIN,22-Feb-2018,760,PE,0,0,0,53.4,14.25,0,0,0,0,19-DEC-2017,
OPTSTK,LUPIN,22-Feb-2018,780,PE,0,0,0,62.1,19.05,0,0,0,0,19-DEC-2017,
OPTSTK,LUPIN,22-Feb-2018,800,PE,0,0,0,71.55,24.75,0,0,0,0,19-DEC-2017,
OPTSTK,LUPIN,22-Feb-2018,820,PE,0,0,0,81.75,31.55,0,0,0,0,19-DEC-2017,
OPTSTK,LUPIN,22-Feb-2018,840,PE,0,0,0,92.65,39.5,0,0,0,0,19-DEC-2017,
OPTSTK,LUPIN,22-Feb-2018,860,PE,0,0,0,104.25,48.55,0,0,0,0,19-DEC-2017,
OPTSTK,LUPIN,22-Feb-2018,880,PE,0,0,0,116.5,58.7,0,0,0,0,19-DEC-2017,
OPTSTK,LUPIN,22-Feb-2018,900,PE,0,0,0,86,69.9,0,0,600,0,19-DEC-2017,
OPTSTK,LUPIN,22-Feb-2018,920,PE,0,0,0,142.85,82.15,0,0,0,0,19-DEC-2017,
OPTSTK,LUPIN,22-Feb-2018,940,PE,0,0,0,156.9,95.4,0,0,0,0,19-DEC-2017,
OPTSTK,LUPIN,22-Feb-2018,960,PE,0,0,0,171.5,109.5,0,0,0,0,19-DEC-2017,
OPTSTK,LUPIN,22-Feb-2018,980,PE,0,0,0,186.55,124.5,0,0,0,0,19-DEC-2017,
OPTSTK,LUPIN,22-Feb-2018,1000,PE,0,0,0,202.1,140.15,0,0,0,0,19-DEC-2017,
OPTSTK,LUPIN,22-Feb-2018,1020,PE,0,0,0,218,156.45,0,0,0,0,19-DEC-2017,
OPTSTK,LUPIN,22-Feb-2018,1040,PE,0,0,0,234.25,173.35,0,0,0,0,19-DEC-2017,
OPTSTK,LUPIN,22-Feb-2018,1060,PE,0,0,0,250.9,190.75,0,0,0,0,19-DEC-2017,
OPTSTK,LUPIN,22-Feb-2018,1080,PE,0,0,0,267.9,208.55,0,0,0,0,19-DEC-2017,
OPTSTK,LUPIN,22-Feb-2018,1100,PE,0,0,0,285.15,226.7,0,0,0,0,19-DEC-2017,
OPTSTK,LUPIN,22-Feb-2018,1120,PE,0,0,0,302.65,245.2,0,0,0,0,19-DEC-2017,
OPTSTK,LUPIN,22-Feb-2018,1140,PE,0,0,0,320.4,263.9,0,0,0,0,19-DEC-2017,
OPTSTK,LUPIN,22-Feb-2018,1160,PE,0,0,0,338.4,282.8,0,0,0,0,19-DEC-2017,
OPTSTK,LUPIN,22-Feb-2018,1180,PE,0,0,0,356.55,301.9,0,0,0,0,19-DEC-2017,
OPTSTK,LUPIN,22-Feb-2018,1200,PE,0,0,0,374.9,321.15,0,0,0,0,19-DEC-2017,
OPTSTK,LUPIN,22-Feb-2018,1220,PE,0,0,0,393.4,340.5,0,0,0,0,19-DEC-2017,
OPTSTK,M&M,28-Dec-2017,1000,CE,0,0,0,246.8,557.85,0,0,0,0,19-DEC-2017,
OPTSTK,M&M,28-Dec-2017,1020,CE,0,0,0,227.6,537.9,0,0,0,0,19-DEC-2017,
OPTSTK,M&M,28-Dec-2017,1040,CE,0,0,0,208.65,517.95,0,0,0,0,19-DEC-2017,
OPTSTK,M&M,28-Dec-2017,1060,CE,0,0,0,190,497.95,0,0,0,0,19-DEC-2017,
OPTSTK,M&M,28-Dec-2017,1080,CE,0,0,0,171.8,478,0,0,0,0,19-DEC-2017,
OPTSTK,M&M,28-Dec-2017,1100,CE,0,0,0,154.2,458.05,0,0,0,0,19-DEC-2017,
OPTSTK,M&M,28-Dec-2017,1120,CE,0,0,0,137.25,438.05,0,0,0,0,19-DEC-2017,
OPTSTK,M&M,28-Dec-2017,1140,CE,0,0,0,121.15,418.1,0,0,0,0,19-DEC-2017,
OPTSTK,M&M,28-Dec-2017,1160,CE,0,0,0,106,398.1,0,0,0,0,19-DEC-2017,
OPTSTK,M&M,28-Dec-2017,1180,CE,0,0,0,91.8,378.15,0,0,0,0,19-DEC-2017,
OPTSTK,M&M,28-Dec-2017,1200,CE,0,0,0,78.75,358.2,0,0,0,0,19-DEC-2017,
OPTSTK,M&M,28-Dec-2017,1220,CE,0,0,0,66.9,338.2,0,0,0,0,19-DEC-2017,
OPTSTK,M&M,28-Dec-2017,1240,CE,0,0,0,56.25,318.25,0,0,0,0,19-DEC-2017,
OPTSTK,M&M,28-Dec-2017,1260,CE,0,0,0,46.85,298.3,0,0,0,0,19-DEC-2017,
OPTSTK,M&M,28-Dec-2017,1280,CE,0,0,0,38.55,278.3,0,0,0,0,19-DEC-2017,
OPTSTK,M&M,28-Dec-2017,1300,CE,0,0,0,105,258.35,0,0,1000,0,19-DEC-2017,
OPTSTK,M&M,28-Dec-2017,1320,CE,0,0,0,114.5,238.35,0,0,1000,0,19-DEC-2017,
OPTSTK,M&M,28-Dec-2017,1340,CE,0,0,0,104.4,218.4,0,0,2000,0,19-DEC-2017,
OPTSTK,M&M,28-Dec-2017,1360,CE,170,170,170,170,170,1,7.65,3000,0,19-DEC-2017,
OPTSTK,M&M,28-Dec-2017,1380,CE,141.1,160,141.1,160,160,5,38.19,12000,1000,19-DEC-2017,
OPTSTK,M&M,28-Dec-2017,1400,CE,135,154.95,125.35,152,152,23,176.79,118000,0,19-DEC-2017,
OPTSTK,M&M,28-Dec-2017,1420,CE,112.8,135,104.5,135,135,19,145.87,65000,-4500,19-DEC-2017,
OPTSTK,M&M,28-Dec-2017,1440,CE,95,116.4,84.25,115.5,115.5,105,807.38,68000,-23000,19-DEC-2017,
OPTSTK,M&M,28-Dec-2017,1460,CE,75,99,64.15,94.3,94.3,132,1016.29,86000,-11500,19-DEC-2017,
OPTSTK,M&M,28-Dec-2017,1480,CE,63.85,81.6,50,77,77,73,562.96,66000,-18500,19-DEC-2017,
OPTSTK,M&M,28-Dec-2017,1500,CE,48.45,64.05,35.5,60.6,60.6,515,3987.53,464000,-114000,19-DEC-2017,
OPTSTK,M&M,28-Dec-2017,1520,CE,34.55,48.9,24.5,44.75,44.75,634,4934.17,57500,-64000,19-DEC-2017,
OPTSTK,M&M,28-Dec-2017,1540,CE,25.95,36,16.7,32.2,32.2,1708,13376.58,113000,-65000,19-DEC-2017,
OPTSTK,M&M,28-Dec-2017,1560,CE,18,25.5,10.75,22,22,1671,13198.72,169000,44000,19-DEC-2017,
OPTSTK,M&M,28-Dec-2017,1580,CE,18,18,7.1,14.85,14.85,639,5090.98,102500,80000,19-DEC-2017,
OPTSTK,M&M,28-Dec-2017,1600,CE,8.65,11.3,4.45,9.8,9.8,1398,11242.84,232000,120000,19-DEC-2017,
OPTSTK,M&M,28-Dec-2017,1620,CE,4.2,7.05,2.45,6.1,6.1,191,1551.92,33500,20000,19-DEC-2017,
OPTSTK,M&M,28-Dec-2017,1640,CE,3.9,5.2,1.3,3.55,3.55,138,1133.84,31000,13000,19-DEC-2017,
OPTSTK,M&M,28-Dec-2017,1660,CE,3.2,3.2,2,2.3,2.3,16,132.97,8000,6000,19-DEC-2017,
OPTSTK,M&M,28-Dec-2017,1680,CE,1,1.9,1,1.75,1.75,5,42.04,2500,2000,19-DEC-2017,
OPTSTK,M&M,28-Dec-2017,1700,CE,0,0,0,0.55,0.85,0,0,0,0,19-DEC-2017,
OPTSTK,M&M,28-Dec-2017,1720,CE,0,0,0,0.2,0.45,0,0,0,0,19-DEC-2017,
OPTSTK,M&M,28-Dec-2017,1740,CE,0,0,0,0.25,0.25,0,0,0,0,19-DEC-2017,
OPTSTK,M&M,28-Dec-2017,1760,CE,0,0,0,1.1,0.1,0,0,0,0,19-DEC-2017,
OPTSTK,M&M,28-Dec-2017,1000,PE,0.8,0.8,0.8,0.8,0.8,1,5,500,500,19-DEC-2017,
OPTSTK,M&M,28-Dec-2017,1020,PE,0,0,0,1.2,0,0,0,0,0,19-DEC-2017,
OPTSTK,M&M,28-Dec-2017,1040,PE,0,0,0,1.9,0,0,0,0,0,19-DEC-2017,
OPTSTK,M&M,28-Dec-2017,1060,PE,0,0,0,2.95,0,0,0,0,0,19-DEC-2017,
OPTSTK,M&M,28-Dec-2017,1080,PE,0,0,0,4.45,0,0,0,0,0,19-DEC-2017,
OPTSTK,M&M,28-Dec-2017,1100,PE,1,1,1,1,1,2,11.01,1000,1000,19-DEC-2017,
OPTSTK,M&M,28-Dec-2017,1120,PE,0,0,0,9.3,0,0,0,0,0,19-DEC-2017,
OPTSTK,M&M,28-Dec-2017,1140,PE,0,0,0,12.85,0,0,0,0,0,19-DEC-2017,
OPTSTK,M&M,28-Dec-2017,1160,PE,0,0,0,17.4,0,0,0,0,0,19-DEC-2017,
OPTSTK,M&M,28-Dec-2017,1180,PE,0,0,0,22.9,0,0,0,0,0,19-DEC-2017,
OPTSTK,M&M,28-Dec-2017,1200,PE,0,0,0,29.55,0,0,0,0,0,19-DEC-2017,
OPTSTK,M&M,28-Dec-2017,1220,PE,0,0,0,37.4,0,0,0,0,0,19-DEC-2017,
OPTSTK,M&M,28-Dec-2017,1240,PE,0,0,0,46.4,0,0,0,0,0,19-DEC-2017,
OPTSTK,M&M,28-Dec-2017,1260,PE,0,0,0,2.3,0,0,0,4500,0,19-DEC-2017,
OPTSTK,M&M,28-Dec-2017,1280,PE,0,0,0,1.65,0,0,0,15500,0,19-DEC-2017,
OPTSTK,M&M,28-Dec-2017,1300,PE,0.5,0.5,0.5,0.5,0.5,1,6.5,19500,-500,19-DEC-2017,
OPTSTK,M&M,28-Dec-2017,1320,PE,0,0,0,1,0,0,0,24500,0,19-DEC-2017,
OPTSTK,M&M,28-Dec-2017,1340,PE,0,0,0,1.15,0.05,0,0,30500,0,19-DEC-2017,
OPTSTK,M&M,28-Dec-2017,1360,PE,0.2,0.7,0.2,0.3,0.3,7,47.61,60500,-500,19-DEC-2017,
OPTSTK,M&M,28-Dec-2017,1380,PE,1,1.45,0.15,0.4,0.4,163,1125.06,58500,-15000,19-DEC-2017,
OPTSTK,M&M,28-Dec-2017,1400,PE,1.2,1.45,0.6,0.7,0.7,149,1043.76,127000,-7500,19-DEC-2017,
OPTSTK,M&M,28-Dec-2017,1420,PE,1.5,2.25,1,1.2,1.2,72,511.79,80000,1000,19-DEC-2017,
OPTSTK,M&M,28-Dec-2017,1440,PE,3.05,3.5,1.55,1.75,1.75,251,1810.36,70000,-3000,19-DEC-2017,
OPTSTK,M&M,28-Dec-2017,1460,PE,4.9,5.5,2.5,2.75,2.75,267,1954.45,57000,-7500,19-DEC-2017,
OPTSTK,M&M,28-Dec-2017,1480,PE,9.1,9.45,3.8,4.3,4.3,340,2527.57,44500,5000,19-DEC-2017,
OPTSTK,M&M,28-Dec-2017,1500,PE,13.25,15.5,6.6,7.4,7.4,759,5733.83,113500,5500,19-DEC-2017,
OPTSTK,M&M,28-Dec-2017,1520,PE,23,23.95,10.6,11.85,11.85,586,4503.99,78500,39500,19-DEC-2017,
OPTSTK,M&M,28-Dec-2017,1540,PE,28,35,16.9,18.9,18.9,315,2459.25,41500,40000,19-DEC-2017,
OPTSTK,M&M,28-Dec-2017,1560,PE,47.7,47.7,25.75,27.9,27.9,40,317.87,11000,10000,19-DEC-2017,
OPTSTK,M&M,28-Dec-2017,1580,PE,0,0,0,325.5,40.55,0,0,0,0,19-DEC-2017,
OPTSTK,M&M,28-Dec-2017,1600,PE,55,55,54,54,54,2,16.54,1000,1000,19-DEC-2017,
OPTSTK,M&M,28-Dec-2017,1620,PE,0,0,0,364.6,69.35,0,0,0,0,19-DEC-2017,
OPTSTK,M&M,28-Dec-2017,1640,PE,0,0,0,384.15,86.1,0,0,0,0,19-DEC-2017,
OPTSTK,M&M,28-Dec-2017,1660,PE,0,0,0,381.45,104,0,0,0,0,19-DEC-2017,
OPTSTK,M&M,28-Dec-2017,1680,PE,0,0,0,367.5,122.7,0,0,0,0,19-DEC-2017,
OPTSTK,M&M,28-Dec-2017,1700,PE,0,0,0,375.35,141.9,0,0,0,0,19-DEC-2017,
OPTSTK,M&M,28-Dec-2017,1720,PE,0,0,0,377.75,161.45,0,0,0,0,19-DEC-2017,
OPTSTK,M&M,28-Dec-2017,1740,PE,0,0,0,379.05,181.2,0,0,0,0,19-DEC-2017,
OPTSTK,M&M,28-Dec-2017,1760,PE,0,0,0,370.35,201.1,0,0,0,0,19-DEC-2017,
OPTSTK,M&M,25-Jan-2018,1000,CE,0,0,0,388.7,562.85,0,0,0,0,19-DEC-2017,
OPTSTK,M&M,25-Jan-2018,1020,CE,0,0,0,369.05,542.95,0,0,0,0,19-DEC-2017,
OPTSTK,M&M,25-Jan-2018,1040,CE,0,0,0,349.45,523.1,0,0,0,0,19-DEC-2017,
OPTSTK,M&M,25-Jan-2018,1060,CE,0,0,0,329.85,503.2,0,0,0,0,19-DEC-2017,
OPTSTK,M&M,25-Jan-2018,1080,CE,0,0,0,310.35,483.35,0,0,0,0,19-DEC-2017,
OPTSTK,M&M,25-Jan-2018,1100,CE,0,0,0,290.95,463.5,0,0,0,0,19-DEC-2017,
OPTSTK,M&M,25-Jan-2018,1120,CE,0,0,0,271.7,443.6,0,0,0,0,19-DEC-2017,
OPTSTK,M&M,25-Jan-2018,1140,CE,0,0,0,252.65,423.75,0,0,0,0,19-DEC-2017,
OPTSTK,M&M,25-Jan-2018,1160,CE,0,0,0,233.85,403.9,0,0,0,0,19-DEC-2017,
OPTSTK,M&M,25-Jan-2018,1180,CE,0,0,0,215.4,384.05,0,0,0,0,19-DEC-2017,
OPTSTK,M&M,25-Jan-2018,1200,CE,0,0,0,197.35,364.2,0,0,0,0,19-DEC-2017,
OPTSTK,M&M,25-Jan-2018,1220,CE,0,0,0,179.8,344.4,0,0,0,0,19-DEC-2017,
OPTSTK,M&M,25-Jan-2018,1240,CE,0,0,0,162.85,324.65,0,0,0,0,19-DEC-2017,
OPTSTK,M&M,25-Jan-2018,1260,CE,0,0,0,146.55,304.95,0,0,0,0,19-DEC-2017,
OPTSTK,M&M,25-Jan-2018,1280,CE,0,0,0,131.1,285.35,0,0,0,0,19-DEC-2017,
OPTSTK,M&M,25-Jan-2018,1300,CE,0,0,0,116.45,265.9,0,0,0,0,19-DEC-2017,
OPTSTK,M&M,25-Jan-2018,1320,CE,0,0,0,102.7,246.6,0,0,0,0,19-DEC-2017,
OPTSTK,M&M,25-Jan-2018,1340,CE,0,0,0,89.95,227.6,0,0,0,0,19-DEC-2017,
OPTSTK,M&M,25-Jan-2018,1360,CE,0,0,0,78.25,208.95,0,0,0,0,19-DEC-2017,
OPTSTK,M&M,25-Jan-2018,1380,CE,0,0,0,67.55,190.7,0,0,0,0,19-DEC-2017,
OPTSTK,M&M,25-Jan-2018,1400,CE,0,0,0,40,173,0,0,500,0,19-DEC-2017,
OPTSTK,M&M,25-Jan-2018,1420,CE,0,0,0,120,155.9,0,0,500,0,19-DEC-2017,
OPTSTK,M&M,25-Jan-2018,1440,CE,109.9,109.9,109.9,109.9,109.9,1,7.74,1000,0,19-DEC-2017,
OPTSTK,M&M,25-Jan-2018,1460,CE,0,0,0,78,123.95,0,0,0,0,19-DEC-2017,
OPTSTK,M&M,25-Jan-2018,1480,CE,0,0,0,75,109.25,0,0,500,0,19-DEC-2017,
OPTSTK,M&M,25-Jan-2018,1500,CE,81.3,81.3,74.05,77.7,77.7,2,15.77,3500,500,19-DEC-2017,
OPTSTK,M&M,25-Jan-2018,1520,CE,69,69,69,69,69,1,7.94,1500,500,19-DEC-2017,
OPTSTK,M&M,25-Jan-2018,1540,CE,42.2,54,40.9,53,53,14,110.88,4500,4500,19-DEC-2017,
OPTSTK,M&M,25-Jan-2018,1560,CE,48,48,31.2,39.2,39.2,84,671.86,11500,5500,19-DEC-2017,
OPTSTK,M&M,25-Jan-2018,1580,CE,30,33,30,33,33,3,24.16,1500,1500,19-DEC-2017,
OPTSTK,M&M,25-Jan-2018,1600,CE,20,30.1,20,30.1,30.1,9,73.05,3000,3000,19-DEC-2017,
OPTSTK,M&M,25-Jan-2018,1620,CE,22,22,22,22,22,1,8.21,500,500,19-DEC-2017,
OPTSTK,M&M,25-Jan-2018,1640,CE,0,0,0,5.15,29.6,0,0,0,0,19-DEC-2017,
OPTSTK,M&M,25-Jan-2018,1660,CE,0,0,0,4.05,24.25,0,0,0,0,19-DEC-2017,
OPTSTK,M&M,25-Jan-2018,1680,CE,0,0,0,3.15,19.6,0,0,0,0,19-DEC-2017,
OPTSTK,M&M,25-Jan-2018,1700,CE,9.1,9.1,9.1,9.1,9.1,1,8.54,500,500,19-DEC-2017,
OPTSTK,M&M,25-Jan-2018,1720,CE,0,0,0,1.85,12.55,0,0,0,0,19-DEC-2017,
OPTSTK,M&M,25-Jan-2018,1740,CE,0,0,0,1.45,9.9,0,0,0,0,19-DEC-2017,
OPTSTK,M&M,25-Jan-2018,1760,CE,0,0,0,1.1,7.75,0,0,0,0,19-DEC-2017,
OPTSTK,M&M,25-Jan-2018,1000,PE,0,0,0,0.05,0,0,0,0,0,19-DEC-2017,
OPTSTK,M&M,25-Jan-2018,1020,PE,0,0,0,0.1,0,0,0,0,0,19-DEC-2017,
OPTSTK,M&M,25-Jan-2018,1040,PE,0,0,0,0.15,0,0,0,0,0,19-DEC-2017,
OPTSTK,M&M,25-Jan-2018,1060,PE,0,0,0,0.3,0,0,0,0,0,19-DEC-2017,
OPTSTK,M&M,25-Jan-2018,1080,PE,0,0,0,0.5,0,0,0,0,0,19-DEC-2017,
OPTSTK,M&M,25-Jan-2018,1100,PE,0,0,0,0.75,0,0,0,0,0,19-DEC-2017,
OPTSTK,M&M,25-Jan-2018,1120,PE,0,0,0,1.2,0,0,0,0,0,19-DEC-2017,
OPTSTK,M&M,25-Jan-2018,1140,PE,0,0,0,1.8,0.05,0,0,0,0,19-DEC-2017,
OPTSTK,M&M,25-Jan-2018,1160,PE,0,0,0,2.7,0.05,0,0,0,0,19-DEC-2017,
OPTSTK,M&M,25-Jan-2018,1180,PE,0,0,0,3.95,0.05,0,0,0,0,19-DEC-2017,
OPTSTK,M&M,25-Jan-2018,1200,PE,0,0,0,5.55,0.1,0,0,0,0,19-DEC-2017,
OPTSTK,M&M,25-Jan-2018,1220,PE,0,0,0,7.7,0.15,0,0,0,0,19-DEC-2017,
OPTSTK,M&M,25-Jan-2018,1240,PE,0,0,0,10.45,0.25,0,0,0,0,19-DEC-2017,
OPTSTK,M&M,25-Jan-2018,1260,PE,0,0,0,13.85,0.45,0,0,0,0,19-DEC-2017,
OPTSTK,M&M,25-Jan-2018,1280,PE,0,0,0,18.05,0.7,0,0,0,0,19-DEC-2017,
OPTSTK,M&M,25-Jan-2018,1300,PE,0,0,0,23.15,1.15,0,0,0,0,19-DEC-2017,
OPTSTK,M&M,25-Jan-2018,1320,PE,0,0,0,29.05,1.75,0,0,0,0,19-DEC-2017,
OPTSTK,M&M,25-Jan-2018,1340,PE,0,0,0,19,2.6,0,0,500,0,19-DEC-2017,
OPTSTK,M&M,25-Jan-2018,1360,PE,0,0,0,43.95,3.8,0,0,0,0,19-DEC-2017,
OPTSTK,M&M,25-Jan-2018,1380,PE,0,0,0,17,5.45,0,0,1000,0,19-DEC-2017,
OPTSTK,M&M,25-Jan-2018,1400,PE,5.5,5.6,5.5,5.55,5.55,5,35.13,5000,2500,19-DEC-2017,
OPTSTK,M&M,25-Jan-2018,1420,PE,0,0,0,74,10.35,0,0,0,0,19-DEC-2017,
OPTSTK,M&M,25-Jan-2018,1440,PE,13,13,11,11,11,7,50.82,3500,3500,19-DEC-2017,
OPTSTK,M&M,25-Jan-2018,1460,PE,16,16,13,13,13,2,14.74,5000,1000,19-DEC-2017,
OPTSTK,M&M,25-Jan-2018,1480,PE,25,25,18.1,18.1,18.1,2,15.01,500,500,19-DEC-2017,
OPTSTK,M&M,25-Jan-2018,1500,PE,24,24,24,24,24,1,7.62,500,500,19-DEC-2017,
OPTSTK,M&M,25-Jan-2018,1520,PE,0,0,0,142.85,36.75,0,0,0,0,19-DEC-2017,
OPTSTK,M&M,25-Jan-2018,1540,PE,38,38,38,38,38,1,7.89,500,500,19-DEC-2017,
OPTSTK,M&M,25-Jan-2018,1560,PE,0,0,0,175.55,54.45,0,0,0,0,19-DEC-2017,
OPTSTK,M&M,25-Jan-2018,1580,PE,0,0,0,192.65,64.9,0,0,0,0,19-DEC-2017,
OPTSTK,M&M,25-Jan-2018,1600,PE,0,0,0,210.25,76.5,0,0,0,0,19-DEC-2017,
OPTSTK,M&M,25-Jan-2018,1620,PE,0,0,0,228.2,89.05,0,0,0,0,19-DEC-2017,
OPTSTK,M&M,25-Jan-2018,1640,PE,0,0,0,246.5,102.6,0,0,0,0,19-DEC-2017,
OPTSTK,M&M,25-Jan-2018,1660,PE,0,0,0,265.05,117.15,0,0,0,0,19-DEC-2017,
OPTSTK,M&M,25-Jan-2018,1680,PE,0,0,0,283.85,132.35,0,0,0,0,19-DEC-2017,
OPTSTK,M&M,25-Jan-2018,1700,PE,0,0,0,302.8,148.4,0,0,0,0,19-DEC-2017,
OPTSTK,M&M,25-Jan-2018,1720,PE,0,0,0,321.95,165.05,0,0,0,0,19-DEC-2017,
OPTSTK,M&M,25-Jan-2018,1740,PE,0,0,0,341.2,182.3,0,0,0,0,19-DEC-2017,
OPTSTK,M&M,25-Jan-2018,1760,PE,0,0,0,360.55,200,0,0,0,0,19-DEC-2017,
OPTSTK,M&M,22-Feb-2018,1000,CE,0,0,0,421.15,567.75,0,0,0,0,19-DEC-2017,
OPTSTK,M&M,22-Feb-2018,1020,CE,0,0,0,401.45,547.95,0,0,0,0,19-DEC-2017,
OPTSTK,M&M,22-Feb-2018,1040,CE,0,0,0,381.75,528.2,0,0,0,0,19-DEC-2017,
OPTSTK,M&M,22-Feb-2018,1060,CE,0,0,0,362.1,508.45,0,0,0,0,19-DEC-2017,
OPTSTK,M&M,22-Feb-2018,1080,CE,0,0,0,342.4,488.7,0,0,0,0,19-DEC-2017,
OPTSTK,M&M,22-Feb-2018,1100,CE,0,0,0,322.8,468.95,0,0,0,0,19-DEC-2017,
OPTSTK,M&M,22-Feb-2018,1120,CE,0,0,0,303.25,449.25,0,0,0,0,19-DEC-2017,
OPTSTK,M&M,22-Feb-2018,1140,CE,0,0,0,283.75,429.55,0,0,0,0,19-DEC-2017,
OPTSTK,M&M,22-Feb-2018,1160,CE,0,0,0,264.45,409.9,0,0,0,0,19-DEC-2017,
OPTSTK,M&M,22-Feb-2018,1180,CE,0,0,0,245.3,390.3,0,0,0,0,19-DEC-2017,
OPTSTK,M&M,22-Feb-2018,1200,CE,0,0,0,226.35,370.8,0,0,0,0,19-DEC-2017,
OPTSTK,M&M,22-Feb-2018,1220,CE,0,0,0,207.8,351.45,0,0,0,0,19-DEC-2017,
OPTSTK,M&M,22-Feb-2018,1240,CE,0,0,0,189.6,332.15,0,0,0,0,19-DEC-2017,
OPTSTK,M&M,22-Feb-2018,1260,CE,0,0,0,171.95,313.1,0,0,0,0,19-DEC-2017,
OPTSTK,M&M,22-Feb-2018,1280,CE,0,0,0,154.9,294.25,0,0,0,0,19-DEC-2017,
OPTSTK,M&M,22-Feb-2018,1300,CE,0,0,0,138.6,275.7,0,0,0,0,19-DEC-2017,
OPTSTK,M&M,22-Feb-2018,1320,CE,0,0,0,123.1,257.4,0,0,0,0,19-DEC-2017,
OPTSTK,M&M,22-Feb-2018,1340,CE,0,0,0,108.5,239.55,0,0,0,0,19-DEC-2017,
OPTSTK,M&M,22-Feb-2018,1360,CE,0,0,0,94.8,222.1,0,0,0,0,19-DEC-2017,
OPTSTK,M&M,22-Feb-2018,1380,CE,0,0,0,82.25,205.2,0,0,0,0,19-DEC-2017,
OPTSTK,M&M,22-Feb-2018,1400,CE,0,0,0,70.75,188.8,0,0,0,0,19-DEC-2017,
OPTSTK,M&M,22-Feb-2018,1420,CE,0,0,0,60.3,173.05,0,0,0,0,19-DEC-2017,
OPTSTK,M&M,22-Feb-2018,1440,CE,0,0,0,51,158,0,0,0,0,19-DEC-2017,
OPTSTK,M&M,22-Feb-2018,1460,CE,0,0,0,42.75,143.6,0,0,0,0,19-DEC-2017,
OPTSTK,M&M,22-Feb-2018,1480,CE,0,0,0,35.55,129.9,0,0,0,0,19-DEC-2017,
OPTSTK,M&M,22-Feb-2018,1500,CE,0,0,0,29.3,117.05,0,0,0,0,19-DEC-2017,
OPTSTK,M&M,22-Feb-2018,1520,CE,0,0,0,24,105,0,0,0,0,19-DEC-2017,
OPTSTK,M&M,22-Feb-2018,1540,CE,0,0,0,19.4,93.8,0,0,0,0,19-DEC-2017,
OPTSTK,M&M,22-Feb-2018,1560,CE,0,0,0,15.6,83.4,0,0,0,0,19-DEC-2017,
OPTSTK,M&M,22-Feb-2018,1580,CE,0,0,0,12.4,73.8,0,0,0,0,19-DEC-2017,
OPTSTK,M&M,22-Feb-2018,1600,CE,0,0,0,9.8,65.05,0,0,0,0,19-DEC-2017,
OPTSTK,M&M,22-Feb-2018,1620,CE,0,0,0,7.7,57.05,0,0,0,0,19-DEC-2017,
OPTSTK,M&M,22-Feb-2018,1640,CE,0,0,0,6,49.85,0,0,0,0,19-DEC-2017,
OPTSTK,M&M,22-Feb-2018,1660,CE,0,0,0,4.6,43.35,0,0,0,0,19-DEC-2017,
OPTSTK,M&M,22-Feb-2018,1680,CE,0,0,0,3.55,37.5,0,0,0,0,19-DEC-2017,
OPTSTK,M&M,22-Feb-2018,1700,CE,0,0,0,2.7,32.4,0,0,0,0,19-DEC-2017,
OPTSTK,M&M,22-Feb-2018,1720,CE,0,0,0,2.05,27.85,0,0,0,0,19-DEC-2017,
OPTSTK,M&M,22-Feb-2018,1740,CE,0,0,0,1.5,23.75,0,0,0,0,19-DEC-2017,
OPTSTK,M&M,22-Feb-2018,1760,CE,0,0,0,1.15,20.2,0,0,0,0,19-DEC-2017,
OPTSTK,M&M,22-Feb-2018,1000,PE,0,0,0,0.05,0,0,0,0,0,19-DEC-2017,
OPTSTK,M&M,22-Feb-2018,1020,PE,0,0,0,0.05,0.05,0,0,0,0,19-DEC-2017,
OPTSTK,M&M,22-Feb-2018,1040,PE,0,0,0,0.05,0.05,0,0,0,0,19-DEC-2017,
OPTSTK,M&M,22-Feb-2018,1060,PE,0,0,0,0.1,0.05,0,0,0,0,19-DEC-2017,
OPTSTK,M&M,22-Feb-2018,1080,PE,0,0,0,0.15,0.05,0,0,0,0,19-DEC-2017,
OPTSTK,M&M,22-Feb-2018,1100,PE,0,0,0,0.2,0.1,0,0,0,0,19-DEC-2017,
OPTSTK,M&M,22-Feb-2018,1120,PE,0,0,0,0.35,0.15,0,0,0,0,19-DEC-2017,
OPTSTK,M&M,22-Feb-2018,1140,PE,0,0,0,0.6,0.25,0,0,0,0,19-DEC-2017,
OPTSTK,M&M,22-Feb-2018,1160,PE,0,0,0,1,0.35,0,0,0,0,19-DEC-2017,
OPTSTK,M&M,22-Feb-2018,1180,PE,0,0,0,1.55,0.55,0,0,0,0,19-DEC-2017,
OPTSTK,M&M,22-Feb-2018,1200,PE,0,0,0,2.35,0.85,0,0,0,0,19-DEC-2017,
OPTSTK,M&M,22-Feb-2018,1220,PE,0,0,0,3.45,1.2,0,0,0,0,19-DEC-2017,
OPTSTK,M&M,22-Feb-2018,1240,PE,0,0,0,5,1.75,0,0,0,0,19-DEC-2017,
OPTSTK,M&M,22-Feb-2018,1260,PE,0,0,0,7.05,2.45,0,0,0,0,19-DEC-2017,
OPTSTK,M&M,22-Feb-2018,1280,PE,0,0,0,9.7,3.35,0,0,0,0,19-DEC-2017,
OPTSTK,M&M,22-Feb-2018,1300,PE,0,0,0,13.1,4.55,0,0,0,0,19-DEC-2017,
OPTSTK,M&M,22-Feb-2018,1320,PE,0,0,0,17.3,6.05,0,0,0,0,19-DEC-2017,
OPTSTK,M&M,22-Feb-2018,1340,PE,0,0,0,22.4,7.95,0,0,0,0,19-DEC-2017,
OPTSTK,M&M,22-Feb-2018,1360,PE,0,0,0,28.45,10.3,0,0,0,0,19-DEC-2017,
OPTSTK,M&M,22-Feb-2018,1380,PE,0,0,0,35.55,13.15,0,0,0,0,19-DEC-2017,
OPTSTK,M&M,22-Feb-2018,1400,PE,0,0,0,43.75,16.55,0,0,0,0,19-DEC-2017,
OPTSTK,M&M,22-Feb-2018,1420,PE,0,0,0,53.1,20.55,0,0,0,0,19-DEC-2017,
OPTSTK,M&M,22-Feb-2018,1440,PE,0,0,0,63.45,25.25,0,0,0,0,19-DEC-2017,
OPTSTK,M&M,22-Feb-2018,1460,PE,0,0,0,74.95,30.65,0,0,0,0,19-DEC-2017,
OPTSTK,M&M,22-Feb-2018,1480,PE,0,0,0,87.4,36.7,0,0,0,0,19-DEC-2017,
OPTSTK,M&M,22-Feb-2018,1500,PE,0,0,0,100.85,43.65,0,0,0,0,19-DEC-2017,
OPTSTK,M&M,22-Feb-2018,1520,PE,0,0,0,115.25,51.35,0,0,0,0,19-DEC-2017,
OPTSTK,M&M,22-Feb-2018,1540,PE,0,0,0,130.4,59.9,0,0,0,0,19-DEC-2017,
OPTSTK,M&M,22-Feb-2018,1560,PE,0,0,0,146.3,69.3,0,0,0,0,19-DEC-2017,
OPTSTK,M&M,22-Feb-2018,1580,PE,0,0,0,162.85,79.5,0,0,0,0,19-DEC-2017,
OPTSTK,M&M,22-Feb-2018,1600,PE,0,0,0,179.95,90.5,0,0,0,0,19-DEC-2017,
OPTSTK,M&M,22-Feb-2018,1620,PE,0,0,0,197.5,102.3,0,0,0,0,19-DEC-2017,
OPTSTK,M&M,22-Feb-2018,1640,PE,0,0,0,215.5,114.85,0,0,0,0,19-DEC-2017,
OPTSTK,M&M,22-Feb-2018,1660,PE,0,0,0,233.85,128.1,0,0,0,0,19-DEC-2017,
OPTSTK,M&M,22-Feb-2018,1680,PE,0,0,0,252.5,142.05,0,0,0,0,19-DEC-2017,
OPTSTK,M&M,22-Feb-2018,1700,PE,0,0,0,271.35,156.7,0,0,0,0,19-DEC-2017,
OPTSTK,M&M,22-Feb-2018,1720,PE,0,0,0,290.4,171.95,0,0,0,0,19-DEC-2017,
OPTSTK,M&M,22-Feb-2018,1740,PE,0,0,0,309.6,187.6,0,0,0,0,19-DEC-2017,
OPTSTK,M&M,22-Feb-2018,1760,PE,0,0,0,328.95,203.85,0,0,0,0,19-DEC-2017,
OPTSTK,M&MFIN,28-Dec-2017,290,CE,0,0,0,116.5,184.8,0,0,0,0,19-DEC-2017,
OPTSTK,M&MFIN,28-Dec-2017,300,CE,0,0,0,107.1,174.85,0,0,0,0,19-DEC-2017,
OPTSTK,M&MFIN,28-Dec-2017,310,CE,0,0,0,97.85,164.85,0,0,0,0,19-DEC-2017,
OPTSTK,M&MFIN,28-Dec-2017,320,CE,0,0,0,122.35,154.85,0,0,1250,0,19-DEC-2017,
OPTSTK,M&MFIN,28-Dec-2017,330,CE,0,0,0,118,144.9,0,0,1250,0,19-DEC-2017,
OPTSTK,M&MFIN,28-Dec-2017,340,CE,0,0,0,71.85,134.9,0,0,0,0,19-DEC-2017,
OPTSTK,M&MFIN,28-Dec-2017,350,CE,0,0,0,63.95,124.9,0,0,0,0,19-DEC-2017,
OPTSTK,M&MFIN,28-Dec-2017,360,CE,0,0,0,56.55,114.95,0,0,0,0,19-DEC-2017,
OPTSTK,M&MFIN,28-Dec-2017,370,CE,0,0,0,73,104.95,0,0,2500,0,19-DEC-2017,
OPTSTK,M&MFIN,28-Dec-2017,380,CE,0,0,0,43.2,94.95,0,0,0,0,19-DEC-2017,
OPTSTK,M&MFIN,28-Dec-2017,390,CE,0,0,0,37.4,85,0,0,0,0,19-DEC-2017,
OPTSTK,M&MFIN,28-Dec-2017,400,CE,0,0,0,32.1,75.05,0,0,0,0,19-DEC-2017,
OPTSTK,M&MFIN,28-Dec-2017,410,CE,0,0,0,27.4,65.15,0,0,0,0,19-DEC-2017,
OPTSTK,M&MFIN,28-Dec-2017,420,CE,0,0,0,23.2,55.4,0,0,0,0,19-DEC-2017,
OPTSTK,M&MFIN,28-Dec-2017,430,CE,0,0,0,28,45.95,0,0,8750,0,19-DEC-2017,
OPTSTK,M&MFIN,28-Dec-2017,440,CE,34.25,35,32.75,32.75,32.75,4,23.71,82500,-5000,19-DEC-2017,
OPTSTK,M&MFIN,28-Dec-2017,450,CE,24.5,26.5,22,24,24,13,77.11,172500,-6250,19-DEC-2017,
OPTSTK,M&MFIN,28-Dec-2017,460,CE,14.4,19.25,14.25,16.75,16.75,86,512.37,158750,-26250,19-DEC-2017,
OPTSTK,M&MFIN,28-Dec-2017,470,CE,8.65,13,8.65,11.1,11.1,425,2555.32,170000,-10000,19-DEC-2017,
OPTSTK,M&MFIN,28-Dec-2017,480,CE,5,8.3,5,6.8,6.8,380,2313.07,213750,-55000,19-DEC-2017,
OPTSTK,M&MFIN,28-Dec-2017,490,CE,3.95,5.35,3.5,4.1,4.1,98,605.67,88750,-1250,19-DEC-2017,
OPTSTK,M&MFIN,28-Dec-2017,500,CE,3,3.5,2,2.5,2.5,172,1081.13,223750,-20000,19-DEC-2017,
OPTSTK,M&MFIN,28-Dec-2017,510,CE,1.8,1.95,1.25,1.45,1.45,13,83.15,25000,0,19-DEC-2017,
OPTSTK,M&MFIN,28-Dec-2017,520,CE,1.2,1.45,0.85,0.95,0.95,37,241.03,41250,-6250,19-DEC-2017,
OPTSTK,M&MFIN,28-Dec-2017,530,CE,0.9,0.9,0.55,0.65,0.65,31,205.65,15000,-5000,19-DEC-2017,
OPTSTK,M&MFIN,28-Dec-2017,540,CE,0,0,0,0.25,0.4,0,0,6250,0,19-DEC-2017,
OPTSTK,M&MFIN,28-Dec-2017,550,CE,0,0,0,1.6,0.2,0,0,0,0,19-DEC-2017,
OPTSTK,M&MFIN,28-Dec-2017,560,CE,0,0,0,1.25,0.1,0,0,0,0,19-DEC-2017,
OPTSTK,M&MFIN,28-Dec-2017,570,CE,0,0,0,1,0.05,0,0,0,0,19-DEC-2017,
OPTSTK,M&MFIN,28-Dec-2017,290,PE,0,0,0,0.65,0,0,0,0,0,19-DEC-2017,
OPTSTK,M&MFIN,28-Dec-2017,300,PE,0,0,0,1.05,0,0,0,0,0,19-DEC-2017,
OPTSTK,M&MFIN,28-Dec-2017,310,PE,0,0,0,1.7,0,0,0,0,0,19-DEC-2017,
OPTSTK,M&MFIN,28-Dec-2017,320,PE,0,0,0,2.55,0,0,0,0,0,19-DEC-2017,
OPTSTK,M&MFIN,28-Dec-2017,330,PE,0,0,0,3.7,0,0,0,0,0,19-DEC-2017,
OPTSTK,M&MFIN,28-Dec-2017,340,PE,0,0,0,5.2,0,0,0,0,0,19-DEC-2017,
OPTSTK,M&MFIN,28-Dec-2017,350,PE,0,0,0,7.15,0,0,0,0,0,19-DEC-2017,
OPTSTK,M&MFIN,28-Dec-2017,360,PE,0,0,0,9.6,0,0,0,0,0,19-DEC-2017,
OPTSTK,M&MFIN,28-Dec-2017,370,PE,0,0,0,12.5,0,0,0,0,0,19-DEC-2017,
OPTSTK,M&MFIN,28-Dec-2017,380,PE,0,0,0,15.95,0,0,0,0,0,19-DEC-2017,
OPTSTK,M&MFIN,28-Dec-2017,390,PE,0,0,0,19.95,0.05,0,0,0,0,19-DEC-2017,
OPTSTK,M&MFIN,28-Dec-2017,400,PE,0,0,0,0.2,0.05,0,0,8750,0,19-DEC-2017,
OPTSTK,M&MFIN,28-Dec-2017,410,PE,0,0,0,0.45,0.15,0,0,11250,0,19-DEC-2017,
OPTSTK,M&MFIN,28-Dec-2017,420,PE,0.3,0.35,0.3,0.3,0.3,10,52.53,27500,-1250,19-DEC-2017,
OPTSTK,M&MFIN,28-Dec-2017,430,PE,0.75,0.8,0.45,0.45,0.45,25,134.56,26250,-11250,19-DEC-2017,
OPTSTK,M&MFIN,28-Dec-2017,440,PE,2.2,2.2,0.75,0.95,0.95,117,645.33,130000,-30000,19-DEC-2017,
OPTSTK,M&MFIN,28-Dec-2017,450,PE,4.65,4.65,1.65,1.8,1.8,139,786.2,123750,10000,19-DEC-2017,
OPTSTK,M&MFIN,28-Dec-2017,460,PE,6.95,6.95,3.4,3.95,3.95,188,1092.72,106250,21250,19-DEC-2017,
OPTSTK,M&MFIN,28-Dec-2017,470,PE,12.8,12.8,6.65,7.6,7.6,153,914.65,111250,68750,19-DEC-2017,
OPTSTK,M&MFIN,28-Dec-2017,480,PE,16.45,17,13,13.45,13.45,11,67.99,11250,0,19-DEC-2017,
OPTSTK,M&MFIN,28-Dec-2017,490,PE,0,0,0,28,21.7,0,0,1250,0,19-DEC-2017,
OPTSTK,M&MFIN,28-Dec-2017,500,PE,0,0,0,56.75,29.1,0,0,1250,0,19-DEC-2017,
OPTSTK,M&MFIN,28-Dec-2017,510,PE,0,0,0,45.2,37.35,0,0,1250,0,19-DEC-2017,
OPTSTK,M&MFIN,28-Dec-2017,520,PE,0,0,0,113.75,46.25,0,0,0,0,19-DEC-2017,
OPTSTK,M&MFIN,28-Dec-2017,530,PE,0,0,0,122.95,55.55,0,0,0,0,19-DEC-2017,
OPTSTK,M&MFIN,28-Dec-2017,540,PE,0,0,0,132.25,65.2,0,0,0,0,19-DEC-2017,
OPTSTK,M&MFIN,28-Dec-2017,550,PE,0,0,0,141.7,75,0,0,0,0,19-DEC-2017,
OPTSTK,M&MFIN,28-Dec-2017,560,PE,0,0,0,151.2,84.9,0,0,0,0,19-DEC-2017,
OPTSTK,M&MFIN,28-Dec-2017,570,PE,0,0,0,160.75,94.8,0,0,0,0,19-DEC-2017,
OPTSTK,M&MFIN,25-Jan-2018,290,CE,0,0,0,131.4,186.25,0,0,0,0,19-DEC-2017,
OPTSTK,M&MFIN,25-Jan-2018,300,CE,0,0,0,121.7,176.35,0,0,0,0,19-DEC-2017,
OPTSTK,M&MFIN,25-Jan-2018,310,CE,0,0,0,112.1,166.4,0,0,0,0,19-DEC-2017,
OPTSTK,M&MFIN,25-Jan-2018,320,CE,0,0,0,102.65,156.5,0,0,0,0,19-DEC-2017,
OPTSTK,M&MFIN,25-Jan-2018,330,CE,0,0,0,93.35,146.55,0,0,0,0,19-DEC-2017,
OPTSTK,M&MFIN,25-Jan-2018,340,CE,0,0,0,84.35,136.7,0,0,0,0,19-DEC-2017,
OPTSTK,M&MFIN,25-Jan-2018,350,CE,0,0,0,75.65,126.85,0,0,0,0,19-DEC-2017,
OPTSTK,M&MFIN,25-Jan-2018,360,CE,0,0,0,67.3,117.1,0,0,0,0,19-DEC-2017,
OPTSTK,M&MFIN,25-Jan-2018,370,CE,0,0,0,59.45,107.45,0,0,0,0,19-DEC-2017,
OPTSTK,M&MFIN,25-Jan-2018,380,CE,0,0,0,52.05,97.95,0,0,0,0,19-DEC-2017,
OPTSTK,M&MFIN,25-Jan-2018,390,CE,0,0,0,45.2,88.65,0,0,0,0,19-DEC-2017,
OPTSTK,M&MFIN,25-Jan-2018,400,CE,0,0,0,38.9,79.65,0,0,0,0,19-DEC-2017,
OPTSTK,M&MFIN,25-Jan-2018,410,CE,0,0,0,33.2,71,0,0,0,0,19-DEC-2017,
OPTSTK,M&MFIN,25-Jan-2018,420,CE,0,0,0,28.15,62.7,0,0,0,0,19-DEC-2017,
OPTSTK,M&MFIN,25-Jan-2018,430,CE,0,0,0,23.6,54.9,0,0,0,0,19-DEC-2017,
OPTSTK,M&MFIN,25-Jan-2018,440,CE,0,0,0,27.25,47.65,0,0,3750,0,19-DEC-2017,
OPTSTK,M&MFIN,25-Jan-2018,450,CE,0,0,0,16.25,40.95,0,0,0,0,19-DEC-2017,
OPTSTK,M&MFIN,25-Jan-2018,460,CE,27.5,27.5,27.5,27.5,27.5,1,6.09,5000,1250,19-DEC-2017,
OPTSTK,M&MFIN,25-Jan-2018,470,CE,22.9,22.9,20.7,21.6,21.6,5,30.73,5000,5000,19-DEC-2017,
OPTSTK,M&MFIN,25-Jan-2018,480,CE,0,0,0,18,24.55,0,0,1250,0,19-DEC-2017,
OPTSTK,M&MFIN,25-Jan-2018,490,CE,0,0,0,7.05,20.3,0,0,0,0,19-DEC-2017,
OPTSTK,M&MFIN,25-Jan-2018,500,CE,0,0,0,10,16.65,0,0,1250,0,19-DEC-2017,
OPTSTK,M&MFIN,25-Jan-2018,510,CE,7.25,7.25,7.25,7.25,7.25,1,6.46,1250,1250,19-DEC-2017,
OPTSTK,M&MFIN,25-Jan-2018,520,CE,0,0,0,3.5,10.85,0,0,0,0,19-DEC-2017,
OPTSTK,M&MFIN,25-Jan-2018,530,CE,0,0,0,2.75,8.65,0,0,0,0,19-DEC-2017,
OPTSTK,M&MFIN,25-Jan-2018,540,CE,0,0,0,2.1,6.85,0,0,0,0,19-DEC-2017,
OPTSTK,M&MFIN,25-Jan-2018,550,CE,0,0,0,1.65,5.35,0,0,0,0,19-DEC-2017,
OPTSTK,M&MFIN,25-Jan-2018,560,CE,0,0,0,1.25,4.15,0,0,0,0,19-DEC-2017,
OPTSTK,M&MFIN,25-Jan-2018,570,CE,0,0,0,0.95,3.2,0,0,0,0,19-DEC-2017,
OPTSTK,M&MFIN,25-Jan-2018,290,PE,0,0,0,0.2,0,0,0,0,0,19-DEC-2017,
OPTSTK,M&MFIN,25-Jan-2018,300,PE,0,0,0,0.35,0,0,0,0,0,19-DEC-2017,
OPTSTK,M&MFIN,25-Jan-2018,310,PE,0,0,0,0.6,0.05,0,0,0,0,19-DEC-2017,
OPTSTK,M&MFIN,25-Jan-2018,320,PE,0,0,0,0.95,0.05,0,0,0,0,19-DEC-2017,
OPTSTK,M&MFIN,25-Jan-2018,330,PE,0,0,0,1.55,0.05,0,0,0,0,19-DEC-2017,
OPTSTK,M&MFIN,25-Jan-2018,340,PE,0,0,0,2.35,0.15,0,0,0,0,19-DEC-2017,
OPTSTK,M&MFIN,25-Jan-2018,350,PE,0,0,0,3.5,0.25,0,0,0,0,19-DEC-2017,
OPTSTK,M&MFIN,25-Jan-2018,360,PE,0,0,0,5.05,0.4,0,0,0,0,19-DEC-2017,
OPTSTK,M&MFIN,25-Jan-2018,370,PE,0,0,0,7,0.7,0,0,0,0,19-DEC-2017,
OPTSTK,M&MFIN,25-Jan-2018,380,PE,0,0,0,9.45,1.15,0,0,0,0,19-DEC-2017,
OPTSTK,M&MFIN,25-Jan-2018,390,PE,0,0,0,12.4,1.8,0,0,0,0,19-DEC-2017,
OPTSTK,M&MFIN,25-Jan-2018,400,PE,0,0,0,16,2.7,0,0,0,0,19-DEC-2017,
OPTSTK,M&MFIN,25-Jan-2018,410,PE,0,0,0,20.15,3.95,0,0,0,0,19-DEC-2017,
OPTSTK,M&MFIN,25-Jan-2018,420,PE,0,0,0,24.9,5.65,0,0,0,0,19-DEC-2017,
OPTSTK,M&MFIN,25-Jan-2018,430,PE,0,0,0,30.25,7.75,0,0,0,0,19-DEC-2017,
OPTSTK,M&MFIN,25-Jan-2018,440,PE,0,0,0,36.1,10.45,0,0,0,0,19-DEC-2017,
OPTSTK,M&MFIN,25-Jan-2018,450,PE,0,0,0,42.55,13.65,0,0,0,0,19-DEC-2017,
OPTSTK,M&MFIN,25-Jan-2018,460,PE,0,0,0,21,17.5,0,0,1250,0,19-DEC-2017,
OPTSTK,M&MFIN,25-Jan-2018,470,PE,18,18,16.75,16.75,16.75,5,30.45,6250,6250,19-DEC-2017,
OPTSTK,M&MFIN,25-Jan-2018,480,PE,0,0,0,64.6,27.05,0,0,0,0,19-DEC-2017,
OPTSTK,M&MFIN,25-Jan-2018,490,PE,0,0,0,72.7,32.75,0,0,0,0,19-DEC-2017,
OPTSTK,M&MFIN,25-Jan-2018,500,PE,38,38,38,38,38,1,6.72,1250,0,19-DEC-2017,
OPTSTK,M&MFIN,25-Jan-2018,510,PE,0,0,0,89.8,45.8,0,0,0,0,19-DEC-2017,
OPTSTK,M&MFIN,25-Jan-2018,520,PE,0,0,0,98.7,53.15,0,0,0,0,19-DEC-2017,
OPTSTK,M&MFIN,25-Jan-2018,530,PE,0,0,0,107.75,60.85,0,0,0,0,19-DEC-2017,
OPTSTK,M&MFIN,25-Jan-2018,540,PE,0,0,0,117,69,0,0,0,0,19-DEC-2017,
OPTSTK,M&MFIN,25-Jan-2018,550,PE,0,0,0,126.35,77.45,0,0,0,0,19-DEC-2017,
OPTSTK,M&MFIN,25-Jan-2018,560,PE,0,0,0,135.85,86.15,0,0,0,0,19-DEC-2017,
OPTSTK,M&MFIN,25-Jan-2018,570,PE,0,0,0,145.4,95.15,0,0,0,0,19-DEC-2017,
OPTSTK,M&MFIN,22-Feb-2018,290,CE,0,0,0,152.65,187.75,0,0,0,0,19-DEC-2017,
OPTSTK,M&MFIN,22-Feb-2018,300,CE,0,0,0,142.85,177.9,0,0,0,0,19-DEC-2017,
OPTSTK,M&MFIN,22-Feb-2018,310,CE,0,0,0,133.05,168.1,0,0,0,0,19-DEC-2017,
OPTSTK,M&MFIN,22-Feb-2018,320,CE,0,0,0,123.3,158.3,0,0,0,0,19-DEC-2017,
OPTSTK,M&MFIN,22-Feb-2018,330,CE,0,0,0,113.65,148.6,0,0,0,0,19-DEC-2017,
OPTSTK,M&MFIN,22-Feb-2018,340,CE,0,0,0,104.1,139,0,0,0,0,19-DEC-2017,
OPTSTK,M&MFIN,22-Feb-2018,350,CE,0,0,0,94.75,129.55,0,0,0,0,19-DEC-2017,
OPTSTK,M&MFIN,22-Feb-2018,360,CE,0,0,0,85.6,120.2,0,0,0,0,19-DEC-2017,
OPTSTK,M&MFIN,22-Feb-2018,370,CE,0,0,0,76.75,111.1,0,0,0,0,19-DEC-2017,
OPTSTK,M&MFIN,22-Feb-2018,380,CE,0,0,0,68.25,102.2,0,0,0,0,19-DEC-2017,
OPTSTK,M&MFIN,22-Feb-2018,390,CE,0,0,0,60.2,93.6,0,0,0,0,19-DEC-2017,
OPTSTK,M&MFIN,22-Feb-2018,400,CE,0,0,0,52.65,85.3,0,0,0,0,19-DEC-2017,
OPTSTK,M&MFIN,22-Feb-2018,410,CE,0,0,0,45.6,77.4,0,0,0,0,19-DEC-2017,
OPTSTK,M&MFIN,22-Feb-2018,420,CE,0,0,0,39.15,69.85,0,0,0,0,19-DEC-2017,
OPTSTK,M&MFIN,22-Feb-2018,430,CE,0,0,0,33.25,62.7,0,0,0,0,19-DEC-2017,
OPTSTK,M&MFIN,22-Feb-2018,440,CE,0,0,0,28.05,56.05,0,0,0,0,19-DEC-2017,
OPTSTK,M&MFIN,22-Feb-2018,450,CE,0,0,0,23.4,49.8,0,0,0,0,19-DEC-2017,
OPTSTK,M&MFIN,22-Feb-2018,460,CE,0,0,0,19.35,44.05,0,0,0,0,19-DEC-2017,
OPTSTK,M&MFIN,22-Feb-2018,470,CE,0,0,0,15.85,38.8,0,0,0,0,19-DEC-2017,
OPTSTK,M&MFIN,22-Feb-2018,480,CE,0,0,0,12.9,34,0,0,0,0,19-DEC-2017,
OPTSTK,M&MFIN,22-Feb-2018,490,CE,0,0,0,10.4,29.65,0,0,0,0,19-DEC-2017,
OPTSTK,M&MFIN,22-Feb-2018,500,CE,0,0,0,8.3,25.7,0,0,0,0,19-DEC-2017,
OPTSTK,M&MFIN,22-Feb-2018,510,CE,0,0,0,6.6,22.2,0,0,0,0,19-DEC-2017,
OPTSTK,M&MFIN,22-Feb-2018,520,CE,0,0,0,5.2,19.1,0,0,0,0,19-DEC-2017,
OPTSTK,M&MFIN,22-Feb-2018,530,CE,0,0,0,4.05,16.35,0,0,0,0,19-DEC-2017,
OPTSTK,M&MFIN,22-Feb-2018,540,CE,0,0,0,3.15,13.95,0,0,0,0,19-DEC-2017,
OPTSTK,M&MFIN,22-Feb-2018,550,CE,0,0,0,2.4,11.85,0,0,0,0,19-DEC-2017,
OPTSTK,M&MFIN,22-Feb-2018,560,CE,0,0,0,1.85,10.05,0,0,0,0,19-DEC-2017,
OPTSTK,M&MFIN,22-Feb-2018,570,CE,0,0,0,1.4,8.45,0,0,0,0,19-DEC-2017,
OPTSTK,M&MFIN,22-Feb-2018,290,PE,0,0,0,0.05,0.05,0,0,0,0,19-DEC-2017,
OPTSTK,M&MFIN,22-Feb-2018,300,PE,0,0,0,0.1,0.1,0,0,0,0,19-DEC-2017,
OPTSTK,M&MFIN,22-Feb-2018,310,PE,0,0,0,0.15,0.2,0,0,0,0,19-DEC-2017,
OPTSTK,M&MFIN,22-Feb-2018,320,PE,0,0,0,0.25,0.3,0,0,0,0,19-DEC-2017,
OPTSTK,M&MFIN,22-Feb-2018,330,PE,0,0,0,0.45,0.5,0,0,0,0,19-DEC-2017,
OPTSTK,M&MFIN,22-Feb-2018,340,PE,0,0,0,0.75,0.8,0,0,0,0,19-DEC-2017,
OPTSTK,M&MFIN,22-Feb-2018,350,PE,0,0,0,1.25,1.2,0,0,0,0,19-DEC-2017,
OPTSTK,M&MFIN,22-Feb-2018,360,PE,0,0,0,1.95,1.75,0,0,0,0,19-DEC-2017,
OPTSTK,M&MFIN,22-Feb-2018,370,PE,0,0,0,2.95,2.55,0,0,0,0,19-DEC-2017,
OPTSTK,M&MFIN,22-Feb-2018,380,PE,0,0,0,4.35,3.55,0,0,0,0,19-DEC-2017,
OPTSTK,M&MFIN,22-Feb-2018,390,PE,0,0,0,6.15,4.8,0,0,0,0,19-DEC-2017,
OPTSTK,M&MFIN,22-Feb-2018,400,PE,0,0,0,8.4,6.4,0,0,0,0,19-DEC-2017,
OPTSTK,M&MFIN,22-Feb-2018,410,PE,0,0,0,11.2,8.35,0,0,0,0,19-DEC-2017,
OPTSTK,M&MFIN,22-Feb-2018,420,PE,0,0,0,14.6,10.7,0,0,0,0,19-DEC-2017,
OPTSTK,M&MFIN,22-Feb-2018,430,PE,0,0,0,18.6,13.45,0,0,0,0,19-DEC-2017,
OPTSTK,M&MFIN,22-Feb-2018,440,PE,0,0,0,23.2,16.65,0,0,0,0,19-DEC-2017,
OPTSTK,M&MFIN,22-Feb-2018,450,PE,0,0,0,28.45,20.35,0,0,0,0,19-DEC-2017,
OPTSTK,M&MFIN,22-Feb-2018,460,PE,0,0,0,34.25,24.45,0,0,0,0,19-DEC-2017,
OPTSTK,M&MFIN,22-Feb-2018,470,PE,0,0,0,40.6,29.1,0,0,0,0,19-DEC-2017,
OPTSTK,M&MFIN,22-Feb-2018,480,PE,0,0,0,47.5,34.15,0,0,0,0,19-DEC-2017,
OPTSTK,M&MFIN,22-Feb-2018,490,PE,0,0,0,54.85,39.7,0,0,0,0,19-DEC-2017,
OPTSTK,M&MFIN,22-Feb-2018,500,PE,0,0,0,62.6,45.65,0,0,0,0,19-DEC-2017,
OPTSTK,M&MFIN,22-Feb-2018,510,PE,0,0,0,70.75,52.05,0,0,0,0,19-DEC-2017,
OPTSTK,M&MFIN,22-Feb-2018,520,PE,0,0,0,79.2,58.8,0,0,0,0,19-DEC-2017,
OPTSTK,M&MFIN,22-Feb-2018,530,PE,0,0,0,87.9,65.95,0,0,0,0,19-DEC-2017,
OPTSTK,M&MFIN,22-Feb-2018,540,PE,0,0,0,96.85,73.45,0,0,0,0,19-DEC-2017,
OPTSTK,M&MFIN,22-Feb-2018,550,PE,0,0,0,106,81.25,0,0,0,0,19-DEC-2017,
OPTSTK,M&MFIN,22-Feb-2018,560,PE,0,0,0,115.3,89.3,0,0,0,0,19-DEC-2017,
OPTSTK,M&MFIN,22-Feb-2018,570,PE,0,0,0,124.7,97.6,0,0,0,0,19-DEC-2017,
OPTSTK,MANAPPURAM,28-Dec-2017,65,CE,0,0,0,31.95,40,0,0,0,0,19-DEC-2017,
OPTSTK,MANAPPURAM,28-Dec-2017,70,CE,0,0,0,27.7,35.05,0,0,0,0,19-DEC-2017,
OPTSTK,MANAPPURAM,28-Dec-2017,75,CE,0,0,0,23.7,30.05,0,0,0,0,19-DEC-2017,
OPTSTK,MANAPPURAM,28-Dec-2017,80,CE,0,0,0,20.05,25.05,0,0,0,0,19-DEC-2017,
OPTSTK,MANAPPURAM,28-Dec-2017,85,CE,0,0,0,16.8,20.05,0,0,0,0,19-DEC-2017,
OPTSTK,MANAPPURAM,28-Dec-2017,90,CE,0,0,0,9.1,15.1,0,0,12000,0,19-DEC-2017,
OPTSTK,MANAPPURAM,28-Dec-2017,95,CE,8.45,8.45,8.45,8.45,8.45,1,6.2,54000,6000,19-DEC-2017,
OPTSTK,MANAPPURAM,28-Dec-2017,100,CE,3.85,6.6,3.5,6.05,6.05,74,465.75,402000,-72000,19-DEC-2017,
OPTSTK,MANAPPURAM,28-Dec-2017,105,CE,1.55,3.1,1.3,2.65,2.65,281,1806.72,1236000,72000,19-DEC-2017,
OPTSTK,MANAPPURAM,28-Dec-2017,110,CE,0.7,1.3,0.5,1.05,1.05,289,1923.98,2136000,-108000,19-DEC-2017,
OPTSTK,MANAPPURAM,28-Dec-2017,115,CE,0.25,0.5,0.2,0.45,0.45,64,443.1,882000,-48000,19-DEC-2017,
OPTSTK,MANAPPURAM,28-Dec-2017,120,CE,0.15,0.3,0.15,0.25,0.25,39,281.37,492000,0,19-DEC-2017,
OPTSTK,MANAPPURAM,28-Dec-2017,125,CE,0.05,0.15,0.05,0.15,0.15,4,30.03,126000,0,19-DEC-2017,
OPTSTK,MANAPPURAM,28-Dec-2017,130,CE,0,0,0,0.05,0,0,0,18000,0,19-DEC-2017,
OPTSTK,MANAPPURAM,28-Dec-2017,135,CE,0,0,0,0.25,0,0,0,12000,0,19-DEC-2017,
OPTSTK,MANAPPURAM,28-Dec-2017,65,PE,0,0,0,0.8,0,0,0,0,0,19-DEC-2017,
OPTSTK,MANAPPURAM,28-Dec-2017,70,PE,0,0,0,1.45,0,0,0,0,0,19-DEC-2017,
OPTSTK,MANAPPURAM,28-Dec-2017,75,PE,0,0,0,2.35,0,0,0,0,0,19-DEC-2017,
OPTSTK,MANAPPURAM,28-Dec-2017,80,PE,0,0,0,0.2,0,0,0,42000,0,19-DEC-2017,
OPTSTK,MANAPPURAM,28-Dec-2017,85,PE,0.05,0.05,0.05,0.05,0.05,5,25.51,66000,0,19-DEC-2017,
OPTSTK,MANAPPURAM,28-Dec-2017,90,PE,0.1,0.1,0.05,0.05,0.05,12,64.86,672000,-18000,19-DEC-2017,
OPTSTK,MANAPPURAM,28-Dec-2017,95,PE,0.3,0.35,0.15,0.15,0.15,57,325.55,324000,-96000,19-DEC-2017,
OPTSTK,MANAPPURAM,28-Dec-2017,100,PE,1.35,1.5,0.55,0.8,0.8,62,375.57,420000,-66000,19-DEC-2017,
OPTSTK,MANAPPURAM,28-Dec-2017,105,PE,4.05,4.05,2.2,2.4,2.4,15,97.13,294000,12000,19-DEC-2017,
OPTSTK,MANAPPURAM,28-Dec-2017,110,PE,5.6,5.6,5.5,5.55,5.55,2,13.86,84000,12000,19-DEC-2017,
OPTSTK,MANAPPURAM,28-Dec-2017,115,PE,0,0,0,15.8,10.25,0,0,18000,0,19-DEC-2017,
OPTSTK,MANAPPURAM,28-Dec-2017,120,PE,0,0,0,26.8,15,0,0,0,0,19-DEC-2017,
OPTSTK,MANAPPURAM,28-Dec-2017,125,PE,0,0,0,30.9,19.95,0,0,0,0,19-DEC-2017,
OPTSTK,MANAPPURAM,28-Dec-2017,130,PE,0,0,0,35.15,24.9,0,0,0,0,19-DEC-2017,
OPTSTK,MANAPPURAM,28-Dec-2017,135,PE,0,0,0,39.6,29.9,0,0,0,0,19-DEC-2017,
OPTSTK,MANAPPURAM,25-Jan-2018,65,CE,0,0,0,34.5,40.35,0,0,0,0,19-DEC-2017,
OPTSTK,MANAPPURAM,25-Jan-2018,70,CE,0,0,0,29.75,35.4,0,0,0,0,19-DEC-2017,
OPTSTK,MANAPPURAM,25-Jan-2018,75,CE,0,0,0,25.25,30.45,0,0,0,0,19-DEC-2017,
OPTSTK,MANAPPURAM,25-Jan-2018,80,CE,0,0,0,21,25.55,0,0,0,0,19-DEC-2017,
OPTSTK,MANAPPURAM,25-Jan-2018,85,CE,0,0,0,17.15,20.8,0,0,0,0,19-DEC-2017,
OPTSTK,MANAPPURAM,25-Jan-2018,90,CE,0,0,0,13.75,16.3,0,0,0,0,19-DEC-2017,
OPTSTK,MANAPPURAM,25-Jan-2018,95,CE,0,0,0,10.8,12.25,0,0,0,0,19-DEC-2017,
OPTSTK,MANAPPURAM,25-Jan-2018,100,CE,7.5,7.5,7.5,7.5,7.5,1,6.45,6000,6000,19-DEC-2017,
OPTSTK,MANAPPURAM,25-Jan-2018,105,CE,5.4,5.4,5.4,5.4,5.4,1,6.62,6000,6000,19-DEC-2017,
OPTSTK,MANAPPURAM,25-Jan-2018,110,CE,3.45,3.45,3.45,3.45,3.45,1,6.8,12000,6000,19-DEC-2017,
OPTSTK,MANAPPURAM,25-Jan-2018,115,CE,2.3,2.3,2.3,2.3,2.3,1,7.03,6000,6000,19-DEC-2017,
OPTSTK,MANAPPURAM,25-Jan-2018,120,CE,1.2,1.2,1.2,1.2,1.2,1,7.27,6000,6000,19-DEC-2017,
OPTSTK,MANAPPURAM,25-Jan-2018,125,CE,0,0,0,1.8,0.8,0,0,0,0,19-DEC-2017,
OPTSTK,MANAPPURAM,25-Jan-2018,130,CE,0,0,0,1.25,0.45,0,0,0,0,19-DEC-2017,
OPTSTK,MANAPPURAM,25-Jan-2018,135,CE,0,0,0,0.9,0.25,0,0,0,0,19-DEC-2017,
OPTSTK,MANAPPURAM,25-Jan-2018,65,PE,0,0,0,0.15,0,0,0,0,0,19-DEC-2017,
OPTSTK,MANAPPURAM,25-Jan-2018,70,PE,0,0,0,0.35,0,0,0,0,0,19-DEC-2017,
OPTSTK,MANAPPURAM,25-Jan-2018,75,PE,0,0,0,0.8,0.05,0,0,0,0,19-DEC-2017,
OPTSTK,MANAPPURAM,25-Jan-2018,80,PE,0,0,0,1.45,0.1,0,0,0,0,19-DEC-2017,
OPTSTK,MANAPPURAM,25-Jan-2018,85,PE,0,0,0,2.2,0.3,0,0,216000,0,19-DEC-2017,
OPTSTK,MANAPPURAM,25-Jan-2018,90,PE,1.7,1.7,1.7,1.7,1.7,20,110.04,204000,120000,19-DEC-2017,
OPTSTK,MANAPPURAM,25-Jan-2018,95,PE,2.5,2.5,2.5,2.5,2.5,3,17.55,18000,18000,19-DEC-2017,
OPTSTK,MANAPPURAM,25-Jan-2018,100,PE,4.3,4.3,3.75,3.75,3.75,2,12.48,12000,6000,19-DEC-2017,
OPTSTK,MANAPPURAM,25-Jan-2018,105,PE,0,0,0,11.35,5.4,0,0,0,0,19-DEC-2017,
OPTSTK,MANAPPURAM,25-Jan-2018,110,PE,0,0,0,14.65,8.3,0,0,0,0,19-DEC-2017,
OPTSTK,MANAPPURAM,25-Jan-2018,115,PE,0,0,0,18.35,11.75,0,0,0,0,19-DEC-2017,
OPTSTK,MANAPPURAM,25-Jan-2018,120,PE,0,0,0,22.3,15.75,0,0,0,0,19-DEC-2017,
OPTSTK,MANAPPURAM,25-Jan-2018,125,PE,0,0,0,26.55,20.1,0,0,0,0,19-DEC-2017,
OPTSTK,MANAPPURAM,25-Jan-2018,130,PE,0,0,0,30.95,24.7,0,0,0,0,19-DEC-2017,
OPTSTK,MANAPPURAM,25-Jan-2018,135,PE,0,0,0,35.45,29.45,0,0,0,0,19-DEC-2017,
OPTSTK,MANAPPURAM,22-Feb-2018,65,CE,0,0,0,41.4,40.7,0,0,0,0,19-DEC-2017,
OPTSTK,MANAPPURAM,22-Feb-2018,70,CE,0,0,0,36.65,35.75,0,0,0,0,19-DEC-2017,
OPTSTK,MANAPPURAM,22-Feb-2018,75,CE,0,0,0,32,30.95,0,0,0,0,19-DEC-2017,
OPTSTK,MANAPPURAM,22-Feb-2018,80,CE,0,0,0,27.55,26.25,0,0,0,0,19-DEC-2017,
OPTSTK,MANAPPURAM,22-Feb-2018,85,CE,0,0,0,23.4,21.8,0,0,0,0,19-DEC-2017,
OPTSTK,MANAPPURAM,22-Feb-2018,90,CE,0,0,0,19.55,17.65,0,0,0,0,19-DEC-2017,
OPTSTK,MANAPPURAM,22-Feb-2018,95,CE,0,0,0,16.1,13.95,0,0,0,0,19-DEC-2017,
OPTSTK,MANAPPURAM,22-Feb-2018,100,CE,0,0,0,13.1,10.75,0,0,0,0,19-DEC-2017,
OPTSTK,MANAPPURAM,22-Feb-2018,105,CE,0,0,0,10.5,8.05,0,0,0,0,19-DEC-2017,
OPTSTK,MANAPPURAM,22-Feb-2018,110,CE,0,0,0,8.3,5.9,0,0,0,0,19-DEC-2017,
OPTSTK,MANAPPURAM,22-Feb-2018,115,CE,0,0,0,6.5,4.25,0,0,0,0,19-DEC-2017,
OPTSTK,MANAPPURAM,22-Feb-2018,120,CE,0,0,0,5,3,0,0,0,0,19-DEC-2017,
OPTSTK,MANAPPURAM,22-Feb-2018,125,CE,0,0,0,3.85,2.05,0,0,0,0,19-DEC-2017,
OPTSTK,MANAPPURAM,22-Feb-2018,130,CE,0,0,0,2.9,1.4,0,0,0,0,19-DEC-2017,
OPTSTK,MANAPPURAM,22-Feb-2018,135,CE,0,0,0,2.2,0.9,0,0,0,0,19-DEC-2017,
OPTSTK,MANAPPURAM,22-Feb-2018,65,PE,0,0,0,0.1,0.05,0,0,0,0,19-DEC-2017,
OPTSTK,MANAPPURAM,22-Feb-2018,70,PE,0,0,0,0.25,0.1,0,0,0,0,19-DEC-2017,
OPTSTK,MANAPPURAM,22-Feb-2018,75,PE,0,0,0,0.55,0.2,0,0,0,0,19-DEC-2017,
OPTSTK,MANAPPURAM,22-Feb-2018,80,PE,0,0,0,1.05,0.45,0,0,0,0,19-DEC-2017,
OPTSTK,MANAPPURAM,22-Feb-2018,85,PE,0,0,0,1.8,0.9,0,0,0,0,19-DEC-2017,
OPTSTK,MANAPPURAM,22-Feb-2018,90,PE,0,0,0,2.9,1.75,0,0,0,0,19-DEC-2017,
OPTSTK,MANAPPURAM,22-Feb-2018,95,PE,0,0,0,4.4,2.95,0,0,0,0,19-DEC-2017,
OPTSTK,MANAPPURAM,22-Feb-2018,100,PE,0,0,0,6.3,4.7,0,0,0,0,19-DEC-2017,
OPTSTK,MANAPPURAM,22-Feb-2018,105,PE,0,0,0,8.6,7,0,0,0,0,19-DEC-2017,
OPTSTK,MANAPPURAM,22-Feb-2018,110,PE,0,0,0,11.35,9.75,0,0,0,0,19-DEC-2017,
OPTSTK,MANAPPURAM,22-Feb-2018,115,PE,0,0,0,14.45,13.05,0,0,0,0,19-DEC-2017,
OPTSTK,MANAPPURAM,22-Feb-2018,120,PE,0,0,0,17.9,16.7,0,0,0,0,19-DEC-2017,
OPTSTK,MANAPPURAM,22-Feb-2018,125,PE,0,0,0,21.65,20.7,0,0,0,0,19-DEC-2017,
OPTSTK,MANAPPURAM,22-Feb-2018,130,PE,0,0,0,25.65,25,0,0,0,0,19-DEC-2017,
OPTSTK,MANAPPURAM,22-Feb-2018,135,PE,0,0,0,29.85,29.5,0,0,0,0,19-DEC-2017,
OPTSTK,MARICO,28-Dec-2017,225,CE,0,0,0,90,88.6,0,0,0,0,19-DEC-2017,
OPTSTK,MARICO,28-Dec-2017,230,CE,0,0,0,85.05,83.65,0,0,0,0,19-DEC-2017,
OPTSTK,MARICO,28-Dec-2017,235,CE,0,0,0,80.15,78.65,0,0,0,0,19-DEC-2017,
OPTSTK,MARICO,28-Dec-2017,240,CE,0,0,0,75.25,73.65,0,0,0,0,19-DEC-2017,
OPTSTK,MARICO,28-Dec-2017,245,CE,0,0,0,70.4,68.65,0,0,0,0,19-DEC-2017,
OPTSTK,MARICO,28-Dec-2017,250,CE,0,0,0,65.55,63.65,0,0,0,0,19-DEC-2017,
OPTSTK,MARICO,28-Dec-2017,255,CE,0,0,0,60.75,58.65,0,0,0,0,19-DEC-2017,
OPTSTK,MARICO,28-Dec-2017,260,CE,0,0,0,56.05,53.65,0,0,0,0,19-DEC-2017,
OPTSTK,MARICO,28-Dec-2017,265,CE,0,0,0,51.4,48.7,0,0,0,0,19-DEC-2017,
OPTSTK,MARICO,28-Dec-2017,270,CE,0,0,0,46.85,43.7,0,0,0,0,19-DEC-2017,
OPTSTK,MARICO,28-Dec-2017,275,CE,0,0,0,42.4,38.7,0,0,0,0,19-DEC-2017,
OPTSTK,MARICO,28-Dec-2017,280,CE,0,0,0,38.15,33.7,0,0,0,0,19-DEC-2017,
OPTSTK,MARICO,28-Dec-2017,285,CE,0,0,0,34.05,28.75,0,0,0,0,19-DEC-2017,
OPTSTK,MARICO,28-Dec-2017,290,CE,0,0,0,30.2,23.8,0,0,0,0,19-DEC-2017,
OPTSTK,MARICO,28-Dec-2017,295,CE,0,0,0,26.55,18.95,0,0,0,0,19-DEC-2017,
OPTSTK,MARICO,28-Dec-2017,300,CE,0,0,0,15.6,14.35,0,0,2600,0,19-DEC-2017,
OPTSTK,MARICO,28-Dec-2017,305,CE,0,0,0,9,10.2,0,0,5200,0,19-DEC-2017,
OPTSTK,MARICO,28-Dec-2017,310,CE,5.7,7,4.85,7,7,5,41.05,41600,0,19-DEC-2017,
OPTSTK,MARICO,28-Dec-2017,315,CE,3,4.25,3,3.8,3.8,17,140.79,75400,0,19-DEC-2017,
OPTSTK,MARICO,28-Dec-2017,320,CE,1.5,2.8,1.5,2.45,2.45,27,226.22,98800,2600,19-DEC-2017,
OPTSTK,MARICO,28-Dec-2017,325,CE,0,0,0,10.3,1.1,0,0,0,0,19-DEC-2017,
OPTSTK,MARICO,28-Dec-2017,330,CE,0,0,0,0.25,0.5,0,0,18200,0,19-DEC-2017,
OPTSTK,MARICO,28-Dec-2017,335,CE,0,0,0,7.05,0.2,0,0,0,0,19-DEC-2017,
OPTSTK,MARICO,28-Dec-2017,340,CE,0,0,0,5.75,0.1,0,0,0,0,19-DEC-2017,
OPTSTK,MARICO,28-Dec-2017,345,CE,0,0,0,4.65,0.05,0,0,0,0,19-DEC-2017,
OPTSTK,MARICO,28-Dec-2017,350,CE,0,0,0,3.75,0.05,0,0,0,0,19-DEC-2017,
OPTSTK,MARICO,28-Dec-2017,355,CE,0,0,0,2.95,0,0,0,0,0,19-DEC-2017,
OPTSTK,MARICO,28-Dec-2017,360,CE,0.1,0.1,0.1,0.1,0.1,1,9.36,0,-2600,19-DEC-2017,
OPTSTK,MARICO,28-Dec-2017,365,CE,0,0,0,1.85,0,0,0,0,0,19-DEC-2017,
OPTSTK,MARICO,28-Dec-2017,370,CE,0,0,0,1.45,0,0,0,0,0,19-DEC-2017,
OPTSTK,MARICO,28-Dec-2017,375,CE,0,0,0,1.1,0,0,0,0,0,19-DEC-2017,
OPTSTK,MARICO,28-Dec-2017,380,CE,0,0,0,0.85,0,0,0,0,0,19-DEC-2017,
OPTSTK,MARICO,28-Dec-2017,385,CE,0,0,0,0.65,0,0,0,0,0,19-DEC-2017,
OPTSTK,MARICO,28-Dec-2017,390,CE,0,0,0,0.5,0,0,0,0,0,19-DEC-2017,
OPTSTK,MARICO,28-Dec-2017,225,PE,0,0,0,0.05,0,0,0,0,0,19-DEC-2017,
OPTSTK,MARICO,28-Dec-2017,230,PE,0,0,0,0.05,0,0,0,0,0,19-DEC-2017,
OPTSTK,MARICO,28-Dec-2017,235,PE,0,0,0,0.05,0,0,0,0,0,19-DEC-2017,
OPTSTK,MARICO,28-Dec-2017,240,PE,0,0,0,0.1,0,0,0,0,0,19-DEC-2017,
OPTSTK,MARICO,28-Dec-2017,245,PE,0,0,0,0.15,0,0,0,0,0,19-DEC-2017,
OPTSTK,MARICO,28-Dec-2017,250,PE,0,0,0,0.2,0,0,0,0,0,19-DEC-2017,
OPTSTK,MARICO,28-Dec-2017,255,PE,0,0,0,0.35,0,0,0,0,0,19-DEC-2017,
OPTSTK,MARICO,28-Dec-2017,260,PE,0,0,0,0.55,0,0,0,0,0,19-DEC-2017,
OPTSTK,MARICO,28-Dec-2017,265,PE,0,0,0,0.8,0,0,0,0,0,19-DEC-2017,
OPTSTK,MARICO,28-Dec-2017,270,PE,0,0,0,1.2,0,0,0,0,0,19-DEC-2017,
OPTSTK,MARICO,28-Dec-2017,275,PE,0,0,0,1.7,0,0,0,0,0,19-DEC-2017,
OPTSTK,MARICO,28-Dec-2017,280,PE,0,0,0,2.4,0,0,0,208000,0,19-DEC-2017,
OPTSTK,MARICO,28-Dec-2017,285,PE,0,0,0,1.5,0.05,0,0,0,0,19-DEC-2017,
OPTSTK,MARICO,28-Dec-2017,290,PE,0,0,0,0.8,0.1,0,0,5200,0,19-DEC-2017,
OPTSTK,MARICO,28-Dec-2017,295,PE,2.3,2.3,2.3,2.3,2.3,8,61.83,23400,0,19-DEC-2017,
OPTSTK,MARICO,28-Dec-2017,300,PE,0.65,0.65,0.65,0.65,0.65,2,15.63,10400,0,19-DEC-2017,
OPTSTK,MARICO,28-Dec-2017,305,PE,2.45,2.45,2.45,2.45,2.45,2,15.98,10400,-5200,19-DEC-2017,
OPTSTK,MARICO,28-Dec-2017,310,PE,4.95,8,3,8,8,16,131.52,72800,0,19-DEC-2017,
OPTSTK,MARICO,28-Dec-2017,315,PE,0,0,0,13.3,5.3,0,0,0,0,19-DEC-2017,
OPTSTK,MARICO,28-Dec-2017,320,PE,8.5,8.5,8,8.25,8.25,3,25.6,15600,-7800,19-DEC-2017,
OPTSTK,MARICO,28-Dec-2017,325,PE,0,0,0,18.8,12.35,0,0,0,0,19-DEC-2017,
OPTSTK,MARICO,28-Dec-2017,330,PE,0,0,0,20.5,16.7,0,0,15600,0,19-DEC-2017,
OPTSTK,MARICO,28-Dec-2017,335,PE,0,0,0,25.35,21.45,0,0,0,0,19-DEC-2017,
OPTSTK,MARICO,28-Dec-2017,340,PE,0,0,0,29,26.3,0,0,0,0,19-DEC-2017,
OPTSTK,MARICO,28-Dec-2017,345,PE,0,0,0,32.85,31.25,0,0,0,0,19-DEC-2017,
OPTSTK,MARICO,28-Dec-2017,350,PE,0,0,0,39,36.25,0,0,2600,0,19-DEC-2017,
OPTSTK,MARICO,28-Dec-2017,355,PE,0,0,0,41,41.2,0,0,0,0,19-DEC-2017,
OPTSTK,MARICO,28-Dec-2017,360,PE,0,0,0,45.3,46.2,0,0,0,0,19-DEC-2017,
OPTSTK,MARICO,28-Dec-2017,365,PE,0,0,0,49.7,51.2,0,0,0,0,19-DEC-2017,
OPTSTK,MARICO,28-Dec-2017,370,PE,0,0,0,54.2,56.2,0,0,0,0,19-DEC-2017,
OPTSTK,MARICO,28-Dec-2017,375,PE,0,0,0,58.8,61.2,0,0,0,0,19-DEC-2017,
OPTSTK,MARICO,28-Dec-2017,380,PE,0,0,0,63.5,66.2,0,0,0,0,19-DEC-2017,
OPTSTK,MARICO,28-Dec-2017,385,PE,0,0,0,68.2,71.15,0,0,0,0,19-DEC-2017,
OPTSTK,MARICO,28-Dec-2017,390,PE,0,0,0,73,76.15,0,0,0,0,19-DEC-2017,
OPTSTK,MARICO,25-Jan-2018,225,CE,0,0,0,92,89.75,0,0,0,0,19-DEC-2017,
OPTSTK,MARICO,25-Jan-2018,230,CE,0,0,0,87.1,84.75,0,0,0,0,19-DEC-2017,
OPTSTK,MARICO,25-Jan-2018,235,CE,0,0,0,82.15,79.8,0,0,0,0,19-DEC-2017,
OPTSTK,MARICO,25-Jan-2018,240,CE,0,0,0,77.25,74.85,0,0,0,0,19-DEC-2017,
OPTSTK,MARICO,25-Jan-2018,245,CE,0,0,0,72.35,69.85,0,0,0,0,19-DEC-2017,
OPTSTK,MARICO,25-Jan-2018,250,CE,0,0,0,67.45,64.9,0,0,0,0,19-DEC-2017,
OPTSTK,MARICO,25-Jan-2018,255,CE,0,0,0,62.6,59.95,0,0,0,0,19-DEC-2017,
OPTSTK,MARICO,25-Jan-2018,260,CE,0,0,0,57.75,55,0,0,0,0,19-DEC-2017,
OPTSTK,MARICO,25-Jan-2018,265,CE,0,0,0,52.95,50.05,0,0,0,0,19-DEC-2017,
OPTSTK,MARICO,25-Jan-2018,270,CE,0,0,0,48.25,45.2,0,0,0,0,19-DEC-2017,
OPTSTK,MARICO,25-Jan-2018,275,CE,0,0,0,43.65,40.35,0,0,0,0,19-DEC-2017,
OPTSTK,MARICO,25-Jan-2018,280,CE,0,0,0,39.15,35.6,0,0,0,0,19-DEC-2017,
OPTSTK,MARICO,25-Jan-2018,285,CE,0,0,0,34.8,31.05,0,0,0,0,19-DEC-2017,
OPTSTK,MARICO,25-Jan-2018,290,CE,0,0,0,30.7,26.65,0,0,0,0,19-DEC-2017,
OPTSTK,MARICO,25-Jan-2018,295,CE,0,0,0,26.8,22.5,0,0,0,0,19-DEC-2017,
OPTSTK,MARICO,25-Jan-2018,300,CE,0,0,0,23.15,18.7,0,0,0,0,19-DEC-2017,
OPTSTK,MARICO,25-Jan-2018,305,CE,0,0,0,19.8,15.2,0,0,0,0,19-DEC-2017,
OPTSTK,MARICO,25-Jan-2018,310,CE,0,0,0,16.75,12.15,0,0,0,0,19-DEC-2017,
OPTSTK,MARICO,25-Jan-2018,315,CE,0,0,0,14,9.5,0,0,0,0,19-DEC-2017,
OPTSTK,MARICO,25-Jan-2018,320,CE,0,0,0,11.55,7.3,0,0,0,0,19-DEC-2017,
OPTSTK,MARICO,25-Jan-2018,325,CE,0,0,0,9.45,5.45,0,0,0,0,19-DEC-2017,
OPTSTK,MARICO,25-Jan-2018,330,CE,0,0,0,7.65,4,0,0,0,0,19-DEC-2017,
OPTSTK,MARICO,25-Jan-2018,335,CE,0,0,0,6.1,2.85,0,0,0,0,19-DEC-2017,
OPTSTK,MARICO,25-Jan-2018,340,CE,0,0,0,4.85,2,0,0,0,0,19-DEC-2017,
OPTSTK,MARICO,25-Jan-2018,345,CE,0,0,0,3.75,1.4,0,0,0,0,19-DEC-2017,
OPTSTK,MARICO,25-Jan-2018,350,CE,0,0,0,2.9,0.95,0,0,0,0,19-DEC-2017,
OPTSTK,MARICO,25-Jan-2018,355,CE,0,0,0,2.2,0.6,0,0,0,0,19-DEC-2017,
OPTSTK,MARICO,25-Jan-2018,360,CE,0,0,0,1.7,0.4,0,0,0,0,19-DEC-2017,
OPTSTK,MARICO,25-Jan-2018,365,CE,0,0,0,1.25,0.25,0,0,0,0,19-DEC-2017,
OPTSTK,MARICO,25-Jan-2018,370,CE,0,0,0,0.95,0.15,0,0,0,0,19-DEC-2017,
OPTSTK,MARICO,25-Jan-2018,375,CE,0,0,0,0.7,0.1,0,0,0,0,19-DEC-2017,
OPTSTK,MARICO,25-Jan-2018,380,CE,0,0,0,0.5,0.05,0,0,0,0,19-DEC-2017,
OPTSTK,MARICO,25-Jan-2018,385,CE,0,0,0,0.35,0.05,0,0,0,0,19-DEC-2017,
OPTSTK,MARICO,25-Jan-2018,390,CE,0,0,0,0.25,0.05,0,0,0,0,19-DEC-2017,
OPTSTK,MARICO,25-Jan-2018,225,PE,0,0,0,0.05,0,0,0,0,0,19-DEC-2017,
OPTSTK,MARICO,25-Jan-2018,230,PE,0,0,0,0.05,0,0,0,0,0,19-DEC-2017,
OPTSTK,MARICO,25-Jan-2018,235,PE,0,0,0,0.05,0,0,0,0,0,19-DEC-2017,
OPTSTK,MARICO,25-Jan-2018,240,PE,0,0,0,0.05,0,0,0,0,0,19-DEC-2017,
OPTSTK,MARICO,25-Jan-2018,245,PE,0,0,0,0.05,0,0,0,0,0,19-DEC-2017,
OPTSTK,MARICO,25-Jan-2018,250,PE,0,0,0,0.1,0.05,0,0,0,0,19-DEC-2017,
OPTSTK,MARICO,25-Jan-2018,255,PE,0,0,0,0.15,0.05,0,0,0,0,19-DEC-2017,
OPTSTK,MARICO,25-Jan-2018,260,PE,0,0,0,0.2,0.05,0,0,0,0,19-DEC-2017,
OPTSTK,MARICO,25-Jan-2018,265,PE,0,0,0,0.35,0.1,0,0,0,0,19-DEC-2017,
OPTSTK,MARICO,25-Jan-2018,270,PE,0,0,0,0.55,0.15,0,0,0,0,19-DEC-2017,
OPTSTK,MARICO,25-Jan-2018,275,PE,0,0,0,0.85,0.3,0,0,0,0,19-DEC-2017,
OPTSTK,MARICO,25-Jan-2018,280,PE,0,0,0,1.3,0.55,0,0,0,0,19-DEC-2017,
OPTSTK,MARICO,25-Jan-2018,285,PE,0,0,0,1.9,0.95,0,0,0,0,19-DEC-2017,
OPTSTK,MARICO,25-Jan-2018,290,PE,0,0,0,2.7,1.5,0,0,0,0,19-DEC-2017,
OPTSTK,MARICO,25-Jan-2018,295,PE,0,0,0,3.7,2.35,0,0,0,0,19-DEC-2017,
OPTSTK,MARICO,25-Jan-2018,300,PE,0,0,0,5,3.5,0,0,0,0,19-DEC-2017,
OPTSTK,MARICO,25-Jan-2018,305,PE,0,0,0,6.55,5,0,0,0,0,19-DEC-2017,
OPTSTK,MARICO,25-Jan-2018,310,PE,0,0,0,8.4,6.9,0,0,0,0,19-DEC-2017,
OPTSTK,MARICO,25-Jan-2018,315,PE,0,0,0,10.6,9.2,0,0,0,0,19-DEC-2017,
OPTSTK,MARICO,25-Jan-2018,320,PE,0,0,0,13.1,11.95,0,0,0,0,19-DEC-2017,
OPTSTK,MARICO,25-Jan-2018,325,PE,0,0,0,15.9,15.1,0,0,0,0,19-DEC-2017,
OPTSTK,MARICO,25-Jan-2018,330,PE,0,0,0,19,18.6,0,0,0,0,19-DEC-2017,
OPTSTK,MARICO,25-Jan-2018,335,PE,0,0,0,22.4,22.45,0,0,0,0,19-DEC-2017,
OPTSTK,MARICO,25-Jan-2018,340,PE,0,0,0,26.05,26.55,0,0,0,0,19-DEC-2017,
OPTSTK,MARICO,25-Jan-2018,345,PE,0,0,0,29.9,30.9,0,0,0,0,19-DEC-2017,
OPTSTK,MARICO,25-Jan-2018,350,PE,0,0,0,33.95,35.4,0,0,0,0,19-DEC-2017,
OPTSTK,MARICO,25-Jan-2018,355,PE,0,0,0,38.2,40.05,0,0,0,0,19-DEC-2017,
OPTSTK,MARICO,25-Jan-2018,360,PE,0,0,0,42.6,44.8,0,0,0,0,19-DEC-2017,
OPTSTK,MARICO,25-Jan-2018,365,PE,0,0,0,47.1,49.65,0,0,0,0,19-DEC-2017,
OPTSTK,MARICO,25-Jan-2018,370,PE,0,0,0,51.7,54.5,0,0,0,0,19-DEC-2017,
OPTSTK,MARICO,25-Jan-2018,375,PE,0,0,0,56.35,59.4,0,0,0,0,19-DEC-2017,
OPTSTK,MARICO,25-Jan-2018,380,PE,0,0,0,61.1,64.35,0,0,0,0,19-DEC-2017,
OPTSTK,MARICO,25-Jan-2018,385,PE,0,0,0,65.9,69.3,0,0,0,0,19-DEC-2017,
OPTSTK,MARICO,25-Jan-2018,390,PE,0,0,0,70.7,74.25,0,0,0,0,19-DEC-2017,
OPTSTK,MARICO,22-Feb-2018,225,CE,0,0,0,84.4,90.85,0,0,0,0,19-DEC-2017,
OPTSTK,MARICO,22-Feb-2018,230,CE,0,0,0,79.5,85.9,0,0,0,0,19-DEC-2017,
OPTSTK,MARICO,22-Feb-2018,235,CE,0,0,0,74.7,80.95,0,0,0,0,19-DEC-2017,
OPTSTK,MARICO,22-Feb-2018,240,CE,0,0,0,69.9,76.05,0,0,0,0,19-DEC-2017,
OPTSTK,MARICO,22-Feb-2018,245,CE,0,0,0,65.15,71.1,0,0,0,0,19-DEC-2017,
OPTSTK,MARICO,22-Feb-2018,250,CE,0,0,0,60.45,66.2,0,0,0,0,19-DEC-2017,
OPTSTK,MARICO,22-Feb-2018,255,CE,0,0,0,55.85,61.3,0,0,0,0,19-DEC-2017,
OPTSTK,MARICO,22-Feb-2018,260,CE,0,0,0,51.4,56.5,0,0,0,0,19-DEC-2017,
OPTSTK,MARICO,22-Feb-2018,265,CE,0,0,0,47.05,51.7,0,0,0,0,19-DEC-2017,
OPTSTK,MARICO,22-Feb-2018,270,CE,0,0,0,42.85,47,0,0,0,0,19-DEC-2017,
OPTSTK,MARICO,22-Feb-2018,275,CE,0,0,0,38.8,42.4,0,0,0,0,19-DEC-2017,
OPTSTK,MARICO,22-Feb-2018,280,CE,0,0,0,34.95,37.95,0,0,0,0,19-DEC-2017,
OPTSTK,MARICO,22-Feb-2018,285,CE,0,0,0,31.3,33.65,0,0,0,0,19-DEC-2017,
OPTSTK,MARICO,22-Feb-2018,290,CE,0,0,0,27.85,29.6,0,0,0,0,19-DEC-2017,
OPTSTK,MARICO,22-Feb-2018,295,CE,0,0,0,24.65,25.75,0,0,0,0,19-DEC-2017,
OPTSTK,MARICO,22-Feb-2018,300,CE,0,0,0,21.7,22.2,0,0,0,0,19-DEC-2017,
OPTSTK,MARICO,22-Feb-2018,305,CE,0,0,0,19,18.9,0,0,0,0,19-DEC-2017,
OPTSTK,MARICO,22-Feb-2018,310,CE,0,0,0,16.5,15.95,0,0,0,0,19-DEC-2017,
OPTSTK,MARICO,22-Feb-2018,315,CE,0,0,0,14.25,13.3,0,0,0,0,19-DEC-2017,
OPTSTK,MARICO,22-Feb-2018,320,CE,0,0,0,12.25,10.95,0,0,0,0,19-DEC-2017,
OPTSTK,MARICO,22-Feb-2018,325,CE,0,0,0,10.45,8.95,0,0,0,0,19-DEC-2017,
OPTSTK,MARICO,22-Feb-2018,330,CE,0,0,0,8.9,7.2,0,0,0,0,19-DEC-2017,
OPTSTK,MARICO,22-Feb-2018,335,CE,0,0,0,7.5,5.75,0,0,0,0,19-DEC-2017,
OPTSTK,MARICO,22-Feb-2018,340,CE,0,0,0,6.3,4.55,0,0,0,0,19-DEC-2017,
OPTSTK,MARICO,22-Feb-2018,345,CE,0,0,0,5.25,3.55,0,0,0,0,19-DEC-2017,
OPTSTK,MARICO,22-Feb-2018,350,CE,0,0,0,4.4,2.75,0,0,0,0,19-DEC-2017,
OPTSTK,MARICO,22-Feb-2018,355,CE,0,0,0,3.6,2.1,0,0,0,0,19-DEC-2017,
OPTSTK,MARICO,22-Feb-2018,360,CE,0,0,0,2.95,1.55,0,0,0,0,19-DEC-2017,
OPTSTK,MARICO,22-Feb-2018,365,CE,0,0,0,2.45,1.2,0,0,0,0,19-DEC-2017,
OPTSTK,MARICO,22-Feb-2018,370,CE,0,0,0,2,0.85,0,0,0,0,19-DEC-2017,
OPTSTK,MARICO,22-Feb-2018,375,CE,0,0,0,1.6,0.65,0,0,0,0,19-DEC-2017,
OPTSTK,MARICO,22-Feb-2018,380,CE,0,0,0,1.3,0.45,0,0,0,0,19-DEC-2017,
OPTSTK,MARICO,22-Feb-2018,385,CE,0,0,0,1.05,0.35,0,0,0,0,19-DEC-2017,
OPTSTK,MARICO,22-Feb-2018,390,CE,0,0,0,0.85,0.25,0,0,0,0,19-DEC-2017,
OPTSTK,MARICO,22-Feb-2018,225,PE,0,0,0,0.1,0,0,0,0,0,19-DEC-2017,
OPTSTK,MARICO,22-Feb-2018,230,PE,0,0,0,0.15,0,0,0,0,0,19-DEC-2017,
OPTSTK,MARICO,22-Feb-2018,235,PE,0,0,0,0.25,0.05,0,0,0,0,19-DEC-2017,
OPTSTK,MARICO,22-Feb-2018,240,PE,0,0,0,0.4,0.05,0,0,0,0,19-DEC-2017,
OPTSTK,MARICO,22-Feb-2018,245,PE,0,0,0,0.55,0.05,0,0,0,0,19-DEC-2017,
OPTSTK,MARICO,22-Feb-2018,250,PE,0,0,0,0.8,0.1,0,0,0,0,19-DEC-2017,
OPTSTK,MARICO,22-Feb-2018,255,PE,0,0,0,1.15,0.15,0,0,0,0,19-DEC-2017,
OPTSTK,MARICO,22-Feb-2018,260,PE,0,0,0,1.6,0.25,0,0,0,0,19-DEC-2017,
OPTSTK,MARICO,22-Feb-2018,265,PE,0,0,0,2.2,0.4,0,0,0,0,19-DEC-2017,
OPTSTK,MARICO,22-Feb-2018,270,PE,0,0,0,2.9,0.65,0,0,0,0,19-DEC-2017,
OPTSTK,MARICO,22-Feb-2018,275,PE,0,0,0,3.8,1,0,0,0,0,19-DEC-2017,
OPTSTK,MARICO,22-Feb-2018,280,PE,0,0,0,4.85,1.5,0,0,0,0,19-DEC-2017,
OPTSTK,MARICO,22-Feb-2018,285,PE,0,0,0,6.15,2.15,0,0,0,0,19-DEC-2017,
OPTSTK,MARICO,22-Feb-2018,290,PE,0,0,0,7.65,3.05,0,0,0,0,19-DEC-2017,
OPTSTK,MARICO,22-Feb-2018,295,PE,0,0,0,9.35,4.15,0,0,0,0,19-DEC-2017,
OPTSTK,MARICO,22-Feb-2018,300,PE,0,0,0,11.35,5.55,0,0,0,0,19-DEC-2017,
OPTSTK,MARICO,22-Feb-2018,305,PE,0,0,0,13.55,7.2,0,0,0,0,19-DEC-2017,
OPTSTK,MARICO,22-Feb-2018,310,PE,0,0,0,16,9.15,0,0,0,0,19-DEC-2017,
OPTSTK,MARICO,22-Feb-2018,315,PE,0,0,0,18.65,11.45,0,0,0,0,19-DEC-2017,
OPTSTK,MARICO,22-Feb-2018,320,PE,0,0,0,21.6,14.05,0,0,0,0,19-DEC-2017,
OPTSTK,MARICO,22-Feb-2018,325,PE,0,0,0,24.75,17,0,0,0,0,19-DEC-2017,
OPTSTK,MARICO,22-Feb-2018,330,PE,0,0,0,28.1,20.2,0,0,0,0,19-DEC-2017,
OPTSTK,MARICO,22-Feb-2018,335,PE,0,0,0,31.6,23.7,0,0,0,0,19-DEC-2017,
OPTSTK,MARICO,22-Feb-2018,340,PE,0,0,0,35.35,27.4,0,0,0,0,19-DEC-2017,
OPTSTK,MARICO,22-Feb-2018,345,PE,0,0,0,39.25,31.35,0,0,0,0,19-DEC-2017,
OPTSTK,MARICO,22-Feb-2018,350,PE,0,0,0,43.25,35.5,0,0,0,0,19-DEC-2017,
OPTSTK,MARICO,22-Feb-2018,355,PE,0,0,0,47.45,39.8,0,0,0,0,19-DEC-2017,
OPTSTK,MARICO,22-Feb-2018,360,PE,0,0,0,51.7,44.2,0,0,0,0,19-DEC-2017,
OPTSTK,MARICO,22-Feb-2018,365,PE,0,0,0,56.1,48.75,0,0,0,0,19-DEC-2017,
OPTSTK,MARICO,22-Feb-2018,370,PE,0,0,0,60.6,53.4,0,0,0,0,19-DEC-2017,
OPTSTK,MARICO,22-Feb-2018,375,PE,0,0,0,65.15,58.1,0,0,0,0,19-DEC-2017,
OPTSTK,MARICO,22-Feb-2018,380,PE,0,0,0,69.75,62.9,0,0,0,0,19-DEC-2017,
OPTSTK,MARICO,22-Feb-2018,385,PE,0,0,0,74.45,67.7,0,0,0,0,19-DEC-2017,
OPTSTK,MARICO,22-Feb-2018,390,PE,0,0,0,79.15,72.55,0,0,0,0,19-DEC-2017,
OPTSTK,MARUTI,28-Dec-2017,6900,CE,0,0,0,1700,2912.25,0,0,1725,0,19-DEC-2017,
OPTSTK,MARUTI,28-Dec-2017,6950,CE,0,0,0,1085.95,2862.35,0,0,0,0,19-DEC-2017,
OPTSTK,MARUTI,28-Dec-2017,7000,CE,2720,2720,2720,2720,2720,1,7.29,3525,-75,19-DEC-2017,
OPTSTK,MARUTI,28-Dec-2017,7050,CE,0,0,0,998,2762.5,0,0,0,0,19-DEC-2017,
OPTSTK,MARUTI,28-Dec-2017,7100,CE,0,0,0,955,2712.55,0,0,0,0,19-DEC-2017,
OPTSTK,MARUTI,28-Dec-2017,7150,CE,0,0,0,912.7,2662.65,0,0,0,0,19-DEC-2017,
OPTSTK,MARUTI,28-Dec-2017,7200,CE,0,0,0,1980,2612.7,0,0,1125,0,19-DEC-2017,
OPTSTK,MARUTI,28-Dec-2017,7250,CE,0,0,0,830.45,2562.8,0,0,0,0,19-DEC-2017,
OPTSTK,MARUTI,28-Dec-2017,7300,CE,0,0,0,1325.25,2512.85,0,0,900,0,19-DEC-2017,
OPTSTK,MARUTI,28-Dec-2017,7350,CE,0,0,0,751.55,2462.95,0,0,0,0,19-DEC-2017,
OPTSTK,MARUTI,28-Dec-2017,7400,CE,0,0,0,713.5,2413,0,0,0,0,19-DEC-2017,
OPTSTK,MARUTI,28-Dec-2017,7450,CE,0,0,0,676.7,2363.1,0,0,0,0,19-DEC-2017,
OPTSTK,MARUTI,28-Dec-2017,7500,CE,0,0,0,1117.55,2313.2,0,0,2250,0,19-DEC-2017,
OPTSTK,MARUTI,28-Dec-2017,7550,CE,0,0,0,605.2,2263.25,0,0,0,0,19-DEC-2017,
OPTSTK,MARUTI,28-Dec-2017,7600,CE,0,0,0,1046.65,2213.35,0,0,450,0,19-DEC-2017,
OPTSTK,MARUTI,28-Dec-2017,7650,CE,0,0,0,538.4,2163.4,0,0,0,0,19-DEC-2017,
OPTSTK,MARUTI,28-Dec-2017,7700,CE,0,0,0,1480,2113.5,0,0,375,0,19-DEC-2017,
OPTSTK,MARUTI,28-Dec-2017,7750,CE,0,0,0,905,2063.55,0,0,150,0,19-DEC-2017,
OPTSTK,MARUTI,28-Dec-2017,7800,CE,0,0,0,880,2013.65,0,0,675,0,19-DEC-2017,
OPTSTK,MARUTI,28-Dec-2017,7850,CE,0,0,0,793,1963.7,0,0,150,0,19-DEC-2017,
OPTSTK,MARUTI,28-Dec-2017,7900,CE,1515,1585,1515,1585,1585,6,42.52,1650,-75,19-DEC-2017,
OPTSTK,MARUTI,28-Dec-2017,7950,CE,0,0,0,365.65,1863.9,0,0,0,0,19-DEC-2017,
OPTSTK,MARUTI,28-Dec-2017,8000,CE,1480,1480,1480,1480,1480,3,21.33,2100,-150,19-DEC-2017,
OPTSTK,MARUTI,28-Dec-2017,8050,CE,0,0,0,317.4,1764.05,0,0,0,0,19-DEC-2017,
OPTSTK,MARUTI,28-Dec-2017,8100,CE,0,0,0,575,1714.1,0,0,600,0,19-DEC-2017,
OPTSTK,MARUTI,28-Dec-2017,8150,CE,0,0,0,268,1664.2,0,0,75,0,19-DEC-2017,
OPTSTK,MARUTI,28-Dec-2017,8200,CE,1275,1275,1275,1275,1275,1,7.1,1800,-75,19-DEC-2017,
OPTSTK,MARUTI,28-Dec-2017,8250,CE,0,0,0,350,1564.35,0,0,75,0,19-DEC-2017,
OPTSTK,MARUTI,28-Dec-2017,8300,CE,0,0,0,915,1514.45,0,0,900,0,19-DEC-2017,
OPTSTK,MARUTI,28-Dec-2017,8350,CE,0,0,0,200,1464.55,0,0,0,0,19-DEC-2017,
OPTSTK,MARUTI,28-Dec-2017,8400,CE,0,0,0,731,1414.7,0,0,1875,0,19-DEC-2017,
OPTSTK,MARUTI,28-Dec-2017,8450,CE,0,0,0,700,1364.8,0,0,450,0,19-DEC-2017,
OPTSTK,MARUTI,28-Dec-2017,8500,CE,980,1350.35,970,1309.85,1309.85,17,122.78,5850,-675,19-DEC-2017,
OPTSTK,MARUTI,28-Dec-2017,8550,CE,910,910,910,910,910,1,7.09,1725,-75,19-DEC-2017,
OPTSTK,MARUTI,28-Dec-2017,8600,CE,875,1245,872,1207.55,1207.55,15,108.32,9900,-750,19-DEC-2017,
OPTSTK,MARUTI,28-Dec-2017,8650,CE,830,1001.3,830,1001.3,1001.3,4,28.67,4350,-300,19-DEC-2017,
OPTSTK,MARUTI,28-Dec-2017,8700,CE,690,1100,690,1086.25,1086.25,313,2241.19,19650,-8400,19-DEC-2017,
OPTSTK,MARUTI,28-Dec-2017,8750,CE,0,0,0,530.1,1066.65,0,0,2775,0,19-DEC-2017,
OPTSTK,MARUTI,28-Dec-2017,8800,CE,596,1092.45,596,1009.55,1009.55,84,608.87,21225,-2400,19-DEC-2017,
OPTSTK,MARUTI,28-Dec-2017,8850,CE,695.35,736.7,695.35,736.7,736.7,4,28.69,3000,-150,19-DEC-2017,
OPTSTK,MARUTI,28-Dec-2017,8900,CE,506.55,945.2,496.2,903.25,903.25,52,372.68,23175,-1500,19-DEC-2017,
OPTSTK,MARUTI,28-Dec-2017,8950,CE,530.65,900,530.65,866.35,866.35,7,51.07,1200,-225,19-DEC-2017,
OPTSTK,MARUTI,28-Dec-2017,9000,CE,377.2,862.55,377.2,809.85,809.85,503,3590.61,37800,-7950,19-DEC-2017,
OPTSTK,MARUTI,28-Dec-2017,9050,CE,435,761.85,435,737.45,737.45,4,29.07,750,-75,19-DEC-2017,
OPTSTK,MARUTI,28-Dec-2017,9100,CE,311.5,755.55,310,710.9,710.9,312,2241.14,26700,-7875,19-DEC-2017,
OPTSTK,MARUTI,28-Dec-2017,9150,CE,274.05,700,261.05,659.8,659.8,46,331.13,9000,-1275,19-DEC-2017,
OPTSTK,MARUTI,28-Dec-2017,9200,CE,213.95,668.15,213.95,629.15,629.15,649,4657.58,20325,-17175,19-DEC-2017,
OPTSTK,MARUTI,28-Dec-2017,9250,CE,199.9,605,199.9,570.4,570.4,130,932.89,6000,-3975,19-DEC-2017,
OPTSTK,MARUTI,28-Dec-2017,9300,CE,140,565.7,139.95,524.35,524.35,1292,9286.27,31200,-15150,19-DEC-2017,
OPTSTK,MARUTI,28-Dec-2017,9350,CE,118,507.2,118,479.35,479.35,397,2840.32,5400,-11850,19-DEC-2017,
OPTSTK,MARUTI,28-Dec-2017,9400,CE,90.2,475,85.95,438.2,438.2,4242,30489.78,44475,-38550,19-DEC-2017,
OPTSTK,MARUTI,28-Dec-2017,9450,CE,80,434.7,73.1,386.8,386.8,1350,9733.61,8775,3450,19-DEC-2017,
OPTSTK,MARUTI,28-Dec-2017,9500,CE,51.05,395,51,348.1,348.1,11863,85752.72,66075,-18225,19-DEC-2017,
OPTSTK,MARUTI,28-Dec-2017,9550,CE,53.2,350,48.1,310.1,310.1,1077,7828.01,7500,1125,19-DEC-2017,
OPTSTK,MARUTI,28-Dec-2017,9600,CE,33.5,309.95,32.9,270,270,12104,88151.97,52500,13725,19-DEC-2017,
OPTSTK,MARUTI,28-Dec-2017,9650,CE,27.2,272.4,27.15,229.4,229.4,1861,13637.08,7875,-5775,19-DEC-2017,
OPTSTK,MARUTI,28-Dec-2017,9700,CE,34.4,243.1,20.6,211.3,211.3,7756,57098.75,33750,33750,19-DEC-2017,
OPTSTK,MARUTI,28-Dec-2017,9750,CE,28.35,211.9,28,180.8,180.8,854,6329.87,6300,6300,19-DEC-2017,
OPTSTK,MARUTI,28-Dec-2017,9800,CE,10,186.95,10,158.55,158.55,14885,110688.51,97650,97650,19-DEC-2017,
OPTSTK,MARUTI,28-Dec-2017,9850,CE,0,0,0,5.3,177.2,0,0,0,0,19-DEC-2017,
OPTSTK,MARUTI,28-Dec-2017,9900,CE,90,138.9,84,118.15,118.15,2794,20976.15,40125,40125,19-DEC-2017,
OPTSTK,MARUTI,28-Dec-2017,9950,CE,75,118,70.6,100.2,100.2,199,1498.07,3600,3600,19-DEC-2017,
OPTSTK,MARUTI,28-Dec-2017,10000,CE,50,102.95,50,86.35,86.35,4885,36936.9,85650,85650,19-DEC-2017,
OPTSTK,MARUTI,28-Dec-2017,10050,CE,0,0,0,3.75,100.55,0,0,0,0,19-DEC-2017,
OPTSTK,MARUTI,28-Dec-2017,10100,CE,50,74.95,45.1,62.9,62.9,887,6760.38,23850,23850,19-DEC-2017,
OPTSTK,MARUTI,28-Dec-2017,10150,CE,0,0,0,3,73.65,0,0,0,0,19-DEC-2017,
OPTSTK,MARUTI,28-Dec-2017,10200,CE,0,0,0,0.5,61.95,0,0,0,0,19-DEC-2017,
OPTSTK,MARUTI,28-Dec-2017,6900,PE,0,0,0,3,0,0,0,150,0,19-DEC-2017,
OPTSTK,MARUTI,28-Dec-2017,6950,PE,1,1,1,1,1,1,5.21,75,0,19-DEC-2017,
OPTSTK,MARUTI,28-Dec-2017,7000,PE,0,0,0,1.05,0,0,0,825,0,19-DEC-2017,
OPTSTK,MARUTI,28-Dec-2017,7050,PE,0,0,0,40.95,0,0,0,0,0,19-DEC-2017,
OPTSTK,MARUTI,28-Dec-2017,7100,PE,0,0,0,47.2,0,0,0,0,0,19-DEC-2017,
OPTSTK,MARUTI,28-Dec-2017,7150,PE,0,0,0,54.1,0,0,0,0,0,19-DEC-2017,
OPTSTK,MARUTI,28-Dec-2017,7200,PE,0,0,0,20,0,0,0,150,0,19-DEC-2017,
OPTSTK,MARUTI,28-Dec-2017,7250,PE,0,0,0,70.3,0,0,0,0,0,19-DEC-2017,
OPTSTK,MARUTI,28-Dec-2017,7300,PE,0,0,0,4,0,0,0,975,0,19-DEC-2017,
OPTSTK,MARUTI,28-Dec-2017,7350,PE,0,0,0,89.85,0,0,0,0,0,19-DEC-2017,
OPTSTK,MARUTI,28-Dec-2017,7400,PE,0,0,0,101,0,0,0,0,0,19-DEC-2017,
OPTSTK,MARUTI,28-Dec-2017,7450,PE,0,0,0,113.4,0,0,0,0,0,19-DEC-2017,
OPTSTK,MARUTI,28-Dec-2017,7500,PE,0,0,0,3,0,0,0,300,0,19-DEC-2017,
OPTSTK,MARUTI,28-Dec-2017,7550,PE,0,0,0,140.35,0,0,0,0,0,19-DEC-2017,
OPTSTK,MARUTI,28-Dec-2017,7600,PE,0,0,0,155.65,0,0,0,0,0,19-DEC-2017,
OPTSTK,MARUTI,28-Dec-2017,7650,PE,0,0,0,172.05,0,0,0,0,0,19-DEC-2017,
OPTSTK,MARUTI,28-Dec-2017,7700,PE,0,0,0,2.25,0,0,0,300,0,19-DEC-2017,
OPTSTK,MARUTI,28-Dec-2017,7750,PE,0,0,0,9.2,0,0,0,675,0,19-DEC-2017,
OPTSTK,MARUTI,28-Dec-2017,7800,PE,0,0,0,3,0,0,0,1650,0,19-DEC-2017,
OPTSTK,MARUTI,28-Dec-2017,7850,PE,0,0,0,249.05,0,0,0,0,0,19-DEC-2017,
OPTSTK,MARUTI,28-Dec-2017,7900,PE,0,0,0,4,0,0,0,4500,0,19-DEC-2017,
OPTSTK,MARUTI,28-Dec-2017,7950,PE,3.05,3.05,3.05,3.05,3.05,2,11.92,300,0,19-DEC-2017,
OPTSTK,MARUTI,28-Dec-2017,8000,PE,2.55,4.5,2.1,2.45,2.45,39,234.08,27900,-75,19-DEC-2017,
OPTSTK,MARUTI,28-Dec-2017,8050,PE,0,0,0,8.4,0,0,0,600,0,19-DEC-2017,
OPTSTK,MARUTI,28-Dec-2017,8100,PE,2,2,1.05,1.7,1.7,19,115.44,14325,-150,19-DEC-2017,
OPTSTK,MARUTI,28-Dec-2017,8150,PE,0,0,0,6,0.05,0,0,8100,0,19-DEC-2017,
OPTSTK,MARUTI,28-Dec-2017,8200,PE,4.75,4.9,3,3.1,3.1,53,326.09,23925,-525,19-DEC-2017,
OPTSTK,MARUTI,28-Dec-2017,8250,PE,0,0,0,78.95,0.05,0,0,375,0,19-DEC-2017,
OPTSTK,MARUTI,28-Dec-2017,8300,PE,4,5.75,2.6,2.8,2.8,36,224.18,19050,-2550,19-DEC-2017,
OPTSTK,MARUTI,28-Dec-2017,8350,PE,0,0,0,10.35,0.1,0,0,2625,0,19-DEC-2017,
OPTSTK,MARUTI,28-Dec-2017,8400,PE,6,6,3,3.35,3.35,167,1052.68,26475,-7275,19-DEC-2017,
OPTSTK,MARUTI,28-Dec-2017,8450,PE,4,4,4,4,4,1,6.34,3000,-75,19-DEC-2017,
OPTSTK,MARUTI,28-Dec-2017,8500,PE,7.25,7.25,3.45,4.25,4.25,318,2028.54,56100,-4800,19-DEC-2017,
OPTSTK,MARUTI,28-Dec-2017,8550,PE,16,16,16,16,16,2,12.84,4725,-150,19-DEC-2017,
OPTSTK,MARUTI,28-Dec-2017,8600,PE,8.95,8.95,4,4.45,4.45,461,2975.69,38400,-4350,19-DEC-2017,
OPTSTK,MARUTI,28-Dec-2017,8650,PE,7.8,9.95,5.1,5.65,5.65,60,389.56,11100,-375,19-DEC-2017,
OPTSTK,MARUTI,28-Dec-2017,8700,PE,10.35,10.4,4,4.75,4.75,1010,6595.51,37500,-22800,19-DEC-2017,
OPTSTK,MARUTI,28-Dec-2017,8750,PE,10.35,10.75,6,6.15,6.15,120,788.25,8250,-3150,19-DEC-2017,
OPTSTK,MARUTI,28-Dec-2017,8800,PE,12.55,12.65,5.25,5.9,5.9,1323,8740.39,49050,-8250,19-DEC-2017,
OPTSTK,MARUTI,28-Dec-2017,8850,PE,16.95,16.95,6.5,8,8,59,391.99,4500,-2175,19-DEC-2017,
OPTSTK,MARUTI,28-Dec-2017,8900,PE,15.05,15.4,6.25,6.75,6.75,1227,8200.31,41850,5025,19-DEC-2017,
OPTSTK,MARUTI,28-Dec-2017,8950,PE,15.15,17.25,6,6.5,6.5,382,2567.52,6975,-3000,19-DEC-2017,
OPTSTK,MARUTI,28-Dec-2017,9000,PE,29.55,29.55,7.75,8.15,8.15,3909,26426.19,124650,11850,19-DEC-2017,
OPTSTK,MARUTI,28-Dec-2017,9050,PE,20.05,21.1,7.2,8.25,8.25,129,877.01,6900,-300,19-DEC-2017,
OPTSTK,MARUTI,28-Dec-2017,9100,PE,39.95,39.95,8.65,9.6,9.6,3106,21240.18,82800,25650,19-DEC-2017,
OPTSTK,MARUTI,28-Dec-2017,9150,PE,39,39,10.15,11.95,11.95,473,3253.7,24525,15225,19-DEC-2017,
OPTSTK,MARUTI,28-Dec-2017,9200,PE,58.95,59.05,11.3,13.6,13.6,4286,29661.18,88050,32250,19-DEC-2017,
OPTSTK,MARUTI,28-Dec-2017,9250,PE,65,65,14.8,16.3,16.3,597,4156.77,14100,6375,19-DEC-2017,
OPTSTK,MARUTI,28-Dec-2017,9300,PE,89,89,17,19.9,19.9,5532,38763.35,83850,57225,19-DEC-2017,
OPTSTK,MARUTI,28-Dec-2017,9350,PE,103.5,110.65,21,25.35,25.35,892,6292.36,28875,26325,19-DEC-2017,
OPTSTK,MARUTI,28-Dec-2017,9400,PE,120,120,25,30.85,30.85,6285,44595.25,86550,78600,19-DEC-2017,
OPTSTK,MARUTI,28-Dec-2017,9450,PE,120,120,31.1,36.6,36.6,787,5620.06,14550,14550,19-DEC-2017,
OPTSTK,MARUTI,28-Dec-2017,9500,PE,155,164.5,38,44.65,44.65,5067,36359.08,107850,104625,19-DEC-2017,
OPTSTK,MARUTI,28-Dec-2017,9550,PE,161,161,46,56,56,382,2757.89,8325,8325,19-DEC-2017,
OPTSTK,MARUTI,28-Dec-2017,9600,PE,180.5,180.5,54,67.15,67.15,2404,17460.53,66300,66300,19-DEC-2017,
OPTSTK,MARUTI,28-Dec-2017,9650,PE,160,160,72,82.4,82.4,235,1718.19,7875,7875,19-DEC-2017,
OPTSTK,MARUTI,28-Dec-2017,9700,PE,202.15,202.15,80.7,100.45,100.45,1794,13201.91,54150,54150,19-DEC-2017,
OPTSTK,MARUTI,28-Dec-2017,9750,PE,145,152.9,108,127.2,127.2,128,948.98,6675,6675,19-DEC-2017,
OPTSTK,MARUTI,28-Dec-2017,9800,PE,188.8,190,125,137.8,137.8,425,3169.44,17175,17175,19-DEC-2017,
OPTSTK,MARUTI,28-Dec-2017,9850,PE,190,195,155,171.3,171.3,6,45.12,450,450,19-DEC-2017,
OPTSTK,MARUTI,28-Dec-2017,9900,PE,200.1,200.1,178.15,188.05,188.05,95,718.77,5400,5400,19-DEC-2017,
OPTSTK,MARUTI,28-Dec-2017,9950,PE,215.6,215.6,214.9,215.25,215.25,2,15.24,150,150,19-DEC-2017,
OPTSTK,MARUTI,28-Dec-2017,10000,PE,300,300,300,300,300,1,7.72,75,75,19-DEC-2017,
OPTSTK,MARUTI,28-Dec-2017,10050,PE,0,0,0,980.5,333.4,0,0,0,0,19-DEC-2017,
OPTSTK,MARUTI,28-Dec-2017,10100,PE,0,0,0,940.65,368.8,0,0,0,0,19-DEC-2017,
OPTSTK,MARUTI,28-Dec-2017,10150,PE,0,0,0,989.6,406.35,0,0,0,0,19-DEC-2017,
OPTSTK,MARUTI,28-Dec-2017,10200,PE,0,0,0,873.75,444.6,0,0,0,0,19-DEC-2017,
OPTSTK,MARUTI,25-Jan-2018,7050,CE,0,0,0,1148.3,2797.5,0,0,0,0,19-DEC-2017,
OPTSTK,MARUTI,25-Jan-2018,7100,CE,0,0,0,1102.7,2747.85,0,0,0,0,19-DEC-2017,
OPTSTK,MARUTI,25-Jan-2018,7150,CE,0,0,0,1057.6,2698.2,0,0,0,0,19-DEC-2017,
OPTSTK,MARUTI,25-Jan-2018,7200,CE,0,0,0,1013.05,2648.55,0,0,0,0,19-DEC-2017,
OPTSTK,MARUTI,25-Jan-2018,7250,CE,0,0,0,969.15,2598.95,0,0,0,0,19-DEC-2017,
OPTSTK,MARUTI,25-Jan-2018,7300,CE,0,0,0,925.9,2549.35,0,0,0,0,19-DEC-2017,
OPTSTK,MARUTI,25-Jan-2018,7350,CE,0,0,0,883.35,2499.75,0,0,0,0,19-DEC-2017,
OPTSTK,MARUTI,25-Jan-2018,7400,CE,0,0,0,841.6,2450.2,0,0,0,0,19-DEC-2017,
OPTSTK,MARUTI,25-Jan-2018,7450,CE,0,0,0,800.65,2400.65,0,0,0,0,19-DEC-2017,
OPTSTK,MARUTI,25-Jan-2018,7500,CE,0,0,0,760.6,2351.1,0,0,0,0,19-DEC-2017,
OPTSTK,MARUTI,25-Jan-2018,7550,CE,0,0,0,721.5,2301.65,0,0,0,0,19-DEC-2017,
OPTSTK,MARUTI,25-Jan-2018,7600,CE,0,0,0,683.3,2252.2,0,0,0,0,19-DEC-2017,
OPTSTK,MARUTI,25-Jan-2018,7650,CE,0,0,0,646.45,2202.85,0,0,0,0,19-DEC-2017,
OPTSTK,MARUTI,25-Jan-2018,7700,CE,0,0,0,610.3,2153.5,0,0,0,0,19-DEC-2017,
OPTSTK,MARUTI,25-Jan-2018,7750,CE,0,0,0,574.95,2104.25,0,0,0,0,19-DEC-2017,
OPTSTK,MARUTI,25-Jan-2018,7800,CE,0,0,0,541.05,2055.05,0,0,0,0,19-DEC-2017,
OPTSTK,MARUTI,25-Jan-2018,7850,CE,0,0,0,508.35,2006,0,0,0,0,19-DEC-2017,
OPTSTK,MARUTI,25-Jan-2018,7900,CE,0,0,0,476.85,1957,0,0,0,0,19-DEC-2017,
OPTSTK,MARUTI,25-Jan-2018,7950,CE,0,0,0,446.5,1908.15,0,0,0,0,19-DEC-2017,
OPTSTK,MARUTI,25-Jan-2018,8000,CE,0,0,0,417.4,1859.4,0,0,0,0,19-DEC-2017,
OPTSTK,MARUTI,25-Jan-2018,8050,CE,0,0,0,389.5,1810.85,0,0,0,0,19-DEC-2017,
OPTSTK,MARUTI,25-Jan-2018,8100,CE,0,0,0,362.9,1762.45,0,0,0,0,19-DEC-2017,
OPTSTK,MARUTI,25-Jan-2018,8150,CE,0,0,0,337.45,1714.25,0,0,0,0,19-DEC-2017,
OPTSTK,MARUTI,25-Jan-2018,8200,CE,0,0,0,313.25,1666.25,0,0,0,0,19-DEC-2017,
OPTSTK,MARUTI,25-Jan-2018,8250,CE,0,0,0,290.3,1618.5,0,0,0,0,19-DEC-2017,
OPTSTK,MARUTI,25-Jan-2018,8300,CE,1130,1130,1130,1130,1130,6,42.43,450,450,19-DEC-2017,
OPTSTK,MARUTI,25-Jan-2018,8350,CE,0,0,0,248,1523.85,0,0,0,0,19-DEC-2017,
OPTSTK,MARUTI,25-Jan-2018,8400,CE,0,0,0,360,1476.95,0,0,300,0,19-DEC-2017,
OPTSTK,MARUTI,25-Jan-2018,8450,CE,0,0,0,210.35,1430.45,0,0,0,0,19-DEC-2017,
OPTSTK,MARUTI,25-Jan-2018,8500,CE,1050,1050,1050,1050,1050,1,7.16,1050,75,19-DEC-2017,
OPTSTK,MARUTI,25-Jan-2018,8550,CE,0,0,0,666.6,1338.6,0,0,75,0,19-DEC-2017,
OPTSTK,MARUTI,25-Jan-2018,8600,CE,0,0,0,162.15,1293.35,0,0,0,0,19-DEC-2017,
OPTSTK,MARUTI,25-Jan-2018,8650,CE,0,0,0,148.15,1248.55,0,0,0,0,19-DEC-2017,
OPTSTK,MARUTI,25-Jan-2018,8700,CE,0,0,0,628.45,1204.3,0,0,525,0,19-DEC-2017,
OPTSTK,MARUTI,25-Jan-2018,8750,CE,0,0,0,123.45,1160.55,0,0,0,0,19-DEC-2017,
OPTSTK,MARUTI,25-Jan-2018,8800,CE,749.9,900,749.9,900,900,2,14.43,150,150,19-DEC-2017,
OPTSTK,MARUTI,25-Jan-2018,8850,CE,0,0,0,101.6,1074.9,0,0,0,0,19-DEC-2017,
OPTSTK,MARUTI,25-Jan-2018,8900,CE,0,0,0,92,1033,0,0,0,0,19-DEC-2017,
OPTSTK,MARUTI,25-Jan-2018,8950,CE,0,0,0,83.2,991.85,0,0,0,0,19-DEC-2017,
OPTSTK,MARUTI,25-Jan-2018,9000,CE,555,950,555,915.4,915.4,31,224.72,3150,1125,19-DEC-2017,
OPTSTK,MARUTI,25-Jan-2018,9050,CE,0,0,0,67.7,911.65,0,0,0,0,19-DEC-2017,
OPTSTK,MARUTI,25-Jan-2018,9100,CE,0,0,0,60.55,872.75,0,0,0,0,19-DEC-2017,
OPTSTK,MARUTI,25-Jan-2018,9150,CE,0,0,0,65.35,834.6,0,0,0,0,19-DEC-2017,
OPTSTK,MARUTI,25-Jan-2018,9200,CE,368.6,730.7,368.6,683.3,683.3,21,153.98,2475,375,19-DEC-2017,
OPTSTK,MARUTI,25-Jan-2018,9250,CE,0,0,0,46.75,761.25,0,0,0,0,19-DEC-2017,
OPTSTK,MARUTI,25-Jan-2018,9300,CE,360,360,360,360,360,2,14.49,150,-75,19-DEC-2017,
OPTSTK,MARUTI,25-Jan-2018,9350,CE,0,0,0,28.9,690.7,0,0,0,0,19-DEC-2017,
OPTSTK,MARUTI,25-Jan-2018,9400,CE,230.4,444,230.4,444,444,8,58.25,600,450,19-DEC-2017,
OPTSTK,MARUTI,25-Jan-2018,9450,CE,448.55,448.55,448.55,448.55,448.55,5,37.11,375,375,19-DEC-2017,
OPTSTK,MARUTI,25-Jan-2018,9500,CE,170.3,540.9,170.3,487.6,487.6,359,2645.35,13875,1650,19-DEC-2017,
OPTSTK,MARUTI,25-Jan-2018,9550,CE,0,0,0,24.55,562,0,0,0,0,19-DEC-2017,
OPTSTK,MARUTI,25-Jan-2018,9600,CE,150,450,140,400.9,400.9,124,916.38,2775,2625,19-DEC-2017,
OPTSTK,MARUTI,25-Jan-2018,9650,CE,0,0,0,18.6,503.55,0,0,0,0,19-DEC-2017,
OPTSTK,MARUTI,25-Jan-2018,9700,CE,112,390,81.55,350.6,350.6,303,2253.89,7350,7350,19-DEC-2017,
OPTSTK,MARUTI,25-Jan-2018,9750,CE,101.5,140,91,140,140,7,51.78,375,375,19-DEC-2017,
OPTSTK,MARUTI,25-Jan-2018,9800,CE,102,340,102,313.45,313.45,331,2492.47,10275,10275,19-DEC-2017,
OPTSTK,MARUTI,25-Jan-2018,9850,CE,0,0,0,42.95,398.8,0,0,0,0,19-DEC-2017,
OPTSTK,MARUTI,25-Jan-2018,9900,CE,184.85,184.85,184.85,184.85,184.85,1,7.56,75,75,19-DEC-2017,
OPTSTK,MARUTI,25-Jan-2018,9950,CE,0,0,0,53.9,352.5,0,0,0,0,19-DEC-2017,
OPTSTK,MARUTI,25-Jan-2018,10000,CE,146.25,168.55,146.25,168.55,168.55,2,15.23,150,150,19-DEC-2017,
OPTSTK,MARUTI,25-Jan-2018,10050,CE,42,42,42,42,42,1,7.56,75,75,19-DEC-2017,
OPTSTK,MARUTI,25-Jan-2018,10100,CE,0,0,0,45.15,290.35,0,0,0,0,19-DEC-2017,
OPTSTK,MARUTI,25-Jan-2018,10150,CE,0,0,0,39.8,271.55,0,0,0,0,19-DEC-2017,
OPTSTK,MARUTI,25-Jan-2018,10200,CE,87.85,141.05,87.85,112.5,112.5,4,30.93,300,300,19-DEC-2017,
OPTSTK,MARUTI,25-Jan-2018,7050,PE,0,0,0,19.7,0.1,0,0,0,0,19-DEC-2017,
OPTSTK,MARUTI,25-Jan-2018,7100,PE,0,0,0,23.3,0.15,0,0,0,0,19-DEC-2017,
OPTSTK,MARUTI,25-Jan-2018,7150,PE,0,0,0,27.4,0.15,0,0,0,0,19-DEC-2017,
OPTSTK,MARUTI,25-Jan-2018,7200,PE,0,0,0,32.1,0.2,0,0,0,0,19-DEC-2017,
OPTSTK,MARUTI,25-Jan-2018,7250,PE,0,0,0,37.4,0.25,0,0,0,0,19-DEC-2017,
OPTSTK,MARUTI,25-Jan-2018,7300,PE,0,0,0,43.35,0.35,0,0,0,0,19-DEC-2017,
OPTSTK,MARUTI,25-Jan-2018,7350,PE,0,0,0,50.05,0.4,0,0,0,0,19-DEC-2017,
OPTSTK,MARUTI,25-Jan-2018,7400,PE,0,0,0,57.5,0.55,0,0,0,0,19-DEC-2017,
OPTSTK,MARUTI,25-Jan-2018,7450,PE,0,0,0,65.8,0.65,0,0,0,0,19-DEC-2017,
OPTSTK,MARUTI,25-Jan-2018,7500,PE,0,0,0,74.95,0.8,0,0,0,0,19-DEC-2017,
OPTSTK,MARUTI,25-Jan-2018,7550,PE,0,0,0,85.05,1,0,0,0,0,19-DEC-2017,
OPTSTK,MARUTI,25-Jan-2018,7600,PE,0,0,0,96.1,1.25,0,0,0,0,19-DEC-2017,
OPTSTK,MARUTI,25-Jan-2018,7650,PE,0,0,0,108.45,1.55,0,0,0,0,19-DEC-2017,
OPTSTK,MARUTI,25-Jan-2018,7700,PE,0,0,0,121.5,1.9,0,0,0,0,19-DEC-2017,
OPTSTK,MARUTI,25-Jan-2018,7750,PE,0,0,0,135.35,2.3,0,0,0,0,19-DEC-2017,
OPTSTK,MARUTI,25-Jan-2018,7800,PE,0,0,0,150.7,2.8,0,0,0,0,19-DEC-2017,
OPTSTK,MARUTI,25-Jan-2018,7850,PE,0,0,0,167.2,3.4,0,0,0,0,19-DEC-2017,
OPTSTK,MARUTI,25-Jan-2018,7900,PE,0,0,0,184.9,4.1,0,0,0,0,19-DEC-2017,
OPTSTK,MARUTI,25-Jan-2018,7950,PE,0,0,0,203.8,4.9,0,0,0,0,19-DEC-2017,
OPTSTK,MARUTI,25-Jan-2018,8000,PE,0,0,0,223.9,5.85,0,0,0,0,19-DEC-2017,
OPTSTK,MARUTI,25-Jan-2018,8050,PE,0,0,0,245.25,6.95,0,0,0,0,19-DEC-2017,
OPTSTK,MARUTI,25-Jan-2018,8100,PE,0,0,0,267.8,8.25,0,0,0,0,19-DEC-2017,
OPTSTK,MARUTI,25-Jan-2018,8150,PE,0,0,0,291.6,9.7,0,0,0,0,19-DEC-2017,
OPTSTK,MARUTI,25-Jan-2018,8200,PE,0,0,0,316.6,11.4,0,0,0,0,19-DEC-2017,
OPTSTK,MARUTI,25-Jan-2018,8250,PE,0,0,0,342.9,13.3,0,0,0,0,19-DEC-2017,
OPTSTK,MARUTI,25-Jan-2018,8300,PE,0,0,0,370.35,15.5,0,0,0,0,19-DEC-2017,
OPTSTK,MARUTI,25-Jan-2018,8350,PE,0,0,0,399,18,0,0,0,0,19-DEC-2017,
OPTSTK,MARUTI,25-Jan-2018,8400,PE,0,0,0,428.85,20.8,0,0,0,0,19-DEC-2017,
OPTSTK,MARUTI,25-Jan-2018,8450,PE,0,0,0,459.8,24,0,0,0,0,19-DEC-2017,
OPTSTK,MARUTI,25-Jan-2018,8500,PE,20,20,17.8,18,18,9,57.49,3225,150,19-DEC-2017,
OPTSTK,MARUTI,25-Jan-2018,8550,PE,0,0,0,525.05,31.5,0,0,0,0,19-DEC-2017,
OPTSTK,MARUTI,25-Jan-2018,8600,PE,19,19,19,19,19,1,6.46,75,75,19-DEC-2017,
OPTSTK,MARUTI,25-Jan-2018,8650,PE,0,0,0,594.45,40.75,0,0,0,0,19-DEC-2017,
OPTSTK,MARUTI,25-Jan-2018,8700,PE,40,40,21,21.85,21.85,34,222.58,3750,300,19-DEC-2017,
OPTSTK,MARUTI,25-Jan-2018,8750,PE,0,0,0,668.15,52.1,0,0,0,0,19-DEC-2017,
OPTSTK,MARUTI,25-Jan-2018,8800,PE,35,35,35,35,35,1,6.62,75,75,19-DEC-2017,
OPTSTK,MARUTI,25-Jan-2018,8850,PE,0,0,0,744.75,65.8,0,0,0,0,19-DEC-2017,
OPTSTK,MARUTI,25-Jan-2018,8900,PE,59.05,60.1,34,34,34,38,255.08,2925,750,19-DEC-2017,
OPTSTK,MARUTI,25-Jan-2018,8950,PE,0,0,0,824.8,82.1,0,0,0,0,19-DEC-2017,
OPTSTK,MARUTI,25-Jan-2018,9000,PE,75,78.5,37,39.5,39.5,149,1012.5,7725,7500,19-DEC-2017,
OPTSTK,MARUTI,25-Jan-2018,9050,PE,0,0,0,170,101.25,0,0,150,0,19-DEC-2017,
OPTSTK,MARUTI,25-Jan-2018,9100,PE,88,88,48,49,49,25,171.69,1575,1575,19-DEC-2017,
OPTSTK,MARUTI,25-Jan-2018,9150,PE,0,0,0,882.2,123.6,0,0,0,0,19-DEC-2017,
OPTSTK,MARUTI,25-Jan-2018,9200,PE,119.9,119.9,60,63.4,63.4,47,327.19,1800,900,19-DEC-2017,
OPTSTK,MARUTI,25-Jan-2018,9250,PE,96,96,96,96,96,1,7,75,75,19-DEC-2017,
OPTSTK,MARUTI,25-Jan-2018,9300,PE,144.1,144.9,70.55,79.4,79.4,96,677.45,5475,5250,19-DEC-2017,
OPTSTK,MARUTI,25-Jan-2018,9350,PE,0,0,0,921.9,178.35,0,0,0,0,19-DEC-2017,
OPTSTK,MARUTI,25-Jan-2018,9400,PE,208.05,208.05,105,108.65,108.65,90,644,3675,3225,19-DEC-2017,
OPTSTK,MARUTI,25-Jan-2018,9450,PE,0,0,0,943.15,211.4,0,0,0,0,19-DEC-2017,
OPTSTK,MARUTI,25-Jan-2018,9500,PE,250,250,125,136.45,136.45,211,1527.65,9300,9300,19-DEC-2017,
OPTSTK,MARUTI,25-Jan-2018,9550,PE,0,0,0,854.05,248.35,0,0,0,0,19-DEC-2017,
OPTSTK,MARUTI,25-Jan-2018,9600,PE,263.1,263.1,161.05,178,178,24,176.34,1575,1575,19-DEC-2017,
OPTSTK,MARUTI,25-Jan-2018,9650,PE,203.45,203.45,203.45,203.45,203.45,1,7.39,75,75,19-DEC-2017,
OPTSTK,MARUTI,25-Jan-2018,9700,PE,200,208,193.4,202.6,202.6,7,51.98,525,525,19-DEC-2017,
OPTSTK,MARUTI,25-Jan-2018,9750,PE,0,0,0,839.55,334.25,0,0,0,0,19-DEC-2017,
OPTSTK,MARUTI,25-Jan-2018,9800,PE,275,280,240,246.15,246.15,12,90.5,825,825,19-DEC-2017,
OPTSTK,MARUTI,25-Jan-2018,9850,PE,0,0,0,926.55,383.2,0,0,0,0,19-DEC-2017,
OPTSTK,MARUTI,25-Jan-2018,9900,PE,0,0,0,970.95,409.25,0,0,0,0,19-DEC-2017,
OPTSTK,MARUTI,25-Jan-2018,9950,PE,0,0,0,881.7,436.25,0,0,0,0,19-DEC-2017,
OPTSTK,MARUTI,25-Jan-2018,10000,PE,385.25,385.25,385.25,385.25,385.25,12,93.46,900,900,19-DEC-2017,
OPTSTK,MARUTI,25-Jan-2018,10050,PE,405.95,405.95,405.95,405.95,405.95,2,15.68,150,150,19-DEC-2017,
OPTSTK,MARUTI,25-Jan-2018,10100,PE,0,0,0,932.05,523.15,0,0,0,0,19-DEC-2017,
OPTSTK,MARUTI,25-Jan-2018,10150,PE,0,0,0,976.35,554,0,0,0,0,19-DEC-2017,
OPTSTK,MARUTI,25-Jan-2018,10200,PE,0,0,0,854.85,585.8,0,0,0,0,19-DEC-2017,
OPTSTK,MARUTI,22-Feb-2018,7600,CE,0,0,0,1120.6,2297.8,0,0,0,0,19-DEC-2017,
OPTSTK,MARUTI,22-Feb-2018,7650,CE,0,0,0,1073.8,2249.75,0,0,0,0,19-DEC-2017,
OPTSTK,MARUTI,22-Feb-2018,7700,CE,0,0,0,1027.35,2201.85,0,0,0,0,19-DEC-2017,
OPTSTK,MARUTI,22-Feb-2018,7750,CE,0,0,0,981.45,2154.15,0,0,0,0,19-DEC-2017,
OPTSTK,MARUTI,22-Feb-2018,7800,CE,0,0,0,936.1,2106.65,0,0,0,0,19-DEC-2017,
OPTSTK,MARUTI,22-Feb-2018,7850,CE,0,0,0,891.35,2059.35,0,0,0,0,19-DEC-2017,
OPTSTK,MARUTI,22-Feb-2018,7900,CE,0,0,0,847.3,2012.3,0,0,0,0,19-DEC-2017,
OPTSTK,MARUTI,22-Feb-2018,7950,CE,0,0,0,804,1965.45,0,0,0,0,19-DEC-2017,
OPTSTK,MARUTI,22-Feb-2018,8000,CE,0,0,0,761.55,1918.9,0,0,0,0,19-DEC-2017,
OPTSTK,MARUTI,22-Feb-2018,8050,CE,0,0,0,719.95,1872.6,0,0,0,0,19-DEC-2017,
OPTSTK,MARUTI,22-Feb-2018,8100,CE,0,0,0,679.3,1826.6,0,0,0,0,19-DEC-2017,
OPTSTK,MARUTI,22-Feb-2018,8150,CE,0,0,0,639.65,1780.95,0,0,0,0,19-DEC-2017,
OPTSTK,MARUTI,22-Feb-2018,8200,CE,0,0,0,601.1,1735.6,0,0,0,0,19-DEC-2017,
OPTSTK,MARUTI,22-Feb-2018,8250,CE,0,0,0,563.7,1690.65,0,0,0,0,19-DEC-2017,
OPTSTK,MARUTI,22-Feb-2018,8300,CE,0,0,0,527.75,1646.05,0,0,0,0,19-DEC-2017,
OPTSTK,MARUTI,22-Feb-2018,8350,CE,0,0,0,492.4,1601.85,0,0,0,0,19-DEC-2017,
OPTSTK,MARUTI,22-Feb-2018,8400,CE,0,0,0,458.75,1558.05,0,0,0,0,19-DEC-2017,
OPTSTK,MARUTI,22-Feb-2018,8450,CE,0,0,0,426.45,1514.7,0,0,0,0,19-DEC-2017,
OPTSTK,MARUTI,22-Feb-2018,8500,CE,0,0,0,350,1471.85,0,0,75,0,19-DEC-2017,
OPTSTK,MARUTI,22-Feb-2018,8550,CE,0,0,0,365.9,1429.4,0,0,0,0,19-DEC-2017,
OPTSTK,MARUTI,22-Feb-2018,8600,CE,0,0,0,337.75,1387.5,0,0,0,0,19-DEC-2017,
OPTSTK,MARUTI,22-Feb-2018,8650,CE,0,0,0,311.05,1346.15,0,0,0,0,19-DEC-2017,
OPTSTK,MARUTI,22-Feb-2018,8700,CE,0,0,0,285.7,1305.3,0,0,0,0,19-DEC-2017,
OPTSTK,MARUTI,22-Feb-2018,8750,CE,0,0,0,261.8,1265,0,0,0,0,19-DEC-2017,
OPTSTK,MARUTI,22-Feb-2018,8800,CE,0,0,0,239.3,1225.3,0,0,0,0,19-DEC-2017,
OPTSTK,MARUTI,22-Feb-2018,8850,CE,0,0,0,218.2,1186.15,0,0,0,0,19-DEC-2017,
OPTSTK,MARUTI,22-Feb-2018,8900,CE,0,0,0,198.5,1147.65,0,0,0,0,19-DEC-2017,
OPTSTK,MARUTI,22-Feb-2018,8950,CE,0,0,0,180.1,1109.8,0,0,0,0,19-DEC-2017,
OPTSTK,MARUTI,22-Feb-2018,9000,CE,0,0,0,163,1072.55,0,0,0,0,19-DEC-2017,
OPTSTK,MARUTI,22-Feb-2018,9050,CE,0,0,0,147.1,1036.3,0,0,0,0,19-DEC-2017,
OPTSTK,MARUTI,22-Feb-2018,9100,CE,0,0,0,132.45,1000.35,0,0,0,0,19-DEC-2017,
OPTSTK,MARUTI,22-Feb-2018,9150,CE,0,0,0,118.95,965.1,0,0,0,0,19-DEC-2017,
OPTSTK,MARUTI,22-Feb-2018,9200,CE,0,0,0,107,930.2,0,0,0,0,19-DEC-2017,
OPTSTK,MARUTI,22-Feb-2018,9250,CE,0,0,0,95.35,896.4,0,0,0,0,19-DEC-2017,
OPTSTK,MARUTI,22-Feb-2018,9300,CE,0,0,0,85.05,863.35,0,0,0,0,19-DEC-2017,
OPTSTK,MARUTI,22-Feb-2018,9350,CE,0,0,0,75.6,831.05,0,0,0,0,19-DEC-2017,
OPTSTK,MARUTI,22-Feb-2018,9400,CE,400,480,400,470,470,14,103.48,150,150,19-DEC-2017,
OPTSTK,MARUTI,22-Feb-2018,9450,CE,0,0,0,59.35,768.65,0,0,0,0,19-DEC-2017,
OPTSTK,MARUTI,22-Feb-2018,9500,CE,0,0,0,52.35,738.55,0,0,0,0,19-DEC-2017,
OPTSTK,MARUTI,22-Feb-2018,9550,CE,0,0,0,46.1,709.25,0,0,0,0,19-DEC-2017,
OPTSTK,MARUTI,22-Feb-2018,9600,CE,0,0,0,40.5,680.7,0,0,0,0,19-DEC-2017,
OPTSTK,MARUTI,22-Feb-2018,9650,CE,0,0,0,133.45,652.9,0,0,0,0,19-DEC-2017,
OPTSTK,MARUTI,22-Feb-2018,9700,CE,0,0,0,122.25,625.85,0,0,0,0,19-DEC-2017,
OPTSTK,MARUTI,22-Feb-2018,9750,CE,0,0,0,112.1,599.55,0,0,0,0,19-DEC-2017,
OPTSTK,MARUTI,22-Feb-2018,9800,CE,0,0,0,102.65,574.05,0,0,0,0,19-DEC-2017,
OPTSTK,MARUTI,22-Feb-2018,9850,CE,0,0,0,93.85,549.25,0,0,0,0,19-DEC-2017,
OPTSTK,MARUTI,22-Feb-2018,9900,CE,0,0,0,85.7,525.25,0,0,0,0,19-DEC-2017,
OPTSTK,MARUTI,22-Feb-2018,9950,CE,0,0,0,114.35,502,0,0,0,0,19-DEC-2017,
OPTSTK,MARUTI,22-Feb-2018,10000,CE,0,0,0,105.05,479.5,0,0,0,0,19-DEC-2017,
OPTSTK,MARUTI,22-Feb-2018,10050,CE,0,0,0,96.4,457.7,0,0,0,0,19-DEC-2017,
OPTSTK,MARUTI,22-Feb-2018,10100,CE,0,0,0,101.9,436.7,0,0,0,0,19-DEC-2017,
OPTSTK,MARUTI,22-Feb-2018,10150,CE,0,0,0,93.4,416.35,0,0,0,0,19-DEC-2017,
OPTSTK,MARUTI,22-Feb-2018,10200,CE,0,0,0,86,396.75,0,0,0,0,19-DEC-2017,
OPTSTK,MARUTI,22-Feb-2018,7600,PE,0,0,0,10.75,9.6,0,0,0,0,19-DEC-2017,
OPTSTK,MARUTI,22-Feb-2018,7650,PE,0,0,0,13.15,11,0,0,0,0,19-DEC-2017,
OPTSTK,MARUTI,22-Feb-2018,7700,PE,0,0,0,16.05,12.55,0,0,0,0,19-DEC-2017,
OPTSTK,MARUTI,22-Feb-2018,7750,PE,0,0,0,19.4,14.3,0,0,0,0,19-DEC-2017,
OPTSTK,MARUTI,22-Feb-2018,7800,PE,0,0,0,23.3,16.2,0,0,0,0,19-DEC-2017,
OPTSTK,MARUTI,22-Feb-2018,7850,PE,0,0,0,27.85,18.35,0,0,0,0,19-DEC-2017,
OPTSTK,MARUTI,22-Feb-2018,7900,PE,0,0,0,33.05,20.7,0,0,0,0,19-DEC-2017,
OPTSTK,MARUTI,22-Feb-2018,7950,PE,0,0,0,39.05,23.3,0,0,0,0,19-DEC-2017,
OPTSTK,MARUTI,22-Feb-2018,8000,PE,0,0,0,45.85,26.15,0,0,0,0,19-DEC-2017,
OPTSTK,MARUTI,22-Feb-2018,8050,PE,0,0,0,53.5,29.3,0,0,0,0,19-DEC-2017,
OPTSTK,MARUTI,22-Feb-2018,8100,PE,0,0,0,62.15,32.75,0,0,0,0,19-DEC-2017,
OPTSTK,MARUTI,22-Feb-2018,8150,PE,0,0,0,71.75,36.5,0,0,0,0,19-DEC-2017,
OPTSTK,MARUTI,22-Feb-2018,8200,PE,0,0,0,82.5,40.6,0,0,0,0,19-DEC-2017,
OPTSTK,MARUTI,22-Feb-2018,8250,PE,0,0,0,94.35,45.05,0,0,0,0,19-DEC-2017,
OPTSTK,MARUTI,22-Feb-2018,8300,PE,0,0,0,107.65,49.9,0,0,0,0,19-DEC-2017,
OPTSTK,MARUTI,22-Feb-2018,8350,PE,0,0,0,121.6,55.1,0,0,0,0,19-DEC-2017,
OPTSTK,MARUTI,22-Feb-2018,8400,PE,0,0,0,137.25,60.75,0,0,0,0,19-DEC-2017,
OPTSTK,MARUTI,22-Feb-2018,8450,PE,0,0,0,154.15,66.85,0,0,0,0,19-DEC-2017,
OPTSTK,MARUTI,22-Feb-2018,8500,PE,0,0,0,172.5,73.4,0,0,0,0,19-DEC-2017,
OPTSTK,MARUTI,22-Feb-2018,8550,PE,0,0,0,192.2,80.4,0,0,0,0,19-DEC-2017,
OPTSTK,MARUTI,22-Feb-2018,8600,PE,0,0,0,213.3,87.95,0,0,0,0,19-DEC-2017,
OPTSTK,MARUTI,22-Feb-2018,8650,PE,0,0,0,235.85,96,0,0,0,0,19-DEC-2017,
OPTSTK,MARUTI,22-Feb-2018,8700,PE,0,0,0,259.8,104.55,0,0,0,0,19-DEC-2017,
OPTSTK,MARUTI,22-Feb-2018,8750,PE,0,0,0,285.15,113.7,0,0,0,0,19-DEC-2017,
OPTSTK,MARUTI,22-Feb-2018,8800,PE,0,0,0,311.95,123.45,0,0,0,0,19-DEC-2017,
OPTSTK,MARUTI,22-Feb-2018,8850,PE,0,0,0,340.15,133.75,0,0,0,0,19-DEC-2017,
OPTSTK,MARUTI,22-Feb-2018,8900,PE,0,0,0,369.65,144.65,0,0,0,0,19-DEC-2017,
OPTSTK,MARUTI,22-Feb-2018,8950,PE,0,0,0,400.55,156.2,0,0,0,0,19-DEC-2017,
OPTSTK,MARUTI,22-Feb-2018,9000,PE,0,0,0,432.7,168.4,0,0,0,0,19-DEC-2017,
OPTSTK,MARUTI,22-Feb-2018,9050,PE,0,0,0,466.1,181.6,0,0,0,0,19-DEC-2017,
OPTSTK,MARUTI,22-Feb-2018,9100,PE,0,0,0,500.75,195.1,0,0,0,0,19-DEC-2017,
OPTSTK,MARUTI,22-Feb-2018,9150,PE,0,0,0,536.5,209.25,0,0,0,0,19-DEC-2017,
OPTSTK,MARUTI,22-Feb-2018,9200,PE,0,0,0,573.8,223.8,0,0,0,0,19-DEC-2017,
OPTSTK,MARUTI,22-Feb-2018,9250,PE,0,0,0,611.45,239.45,0,0,0,0,19-DEC-2017,
OPTSTK,MARUTI,22-Feb-2018,9300,PE,0,0,0,650.35,255.8,0,0,0,0,19-DEC-2017,
OPTSTK,MARUTI,22-Feb-2018,9350,PE,0,0,0,690.25,272.95,0,0,0,0,19-DEC-2017,
OPTSTK,MARUTI,22-Feb-2018,9400,PE,0,0,0,730.95,290.8,0,0,0,0,19-DEC-2017,
OPTSTK,MARUTI,22-Feb-2018,9450,PE,0,0,0,772.5,309.4,0,0,0,0,19-DEC-2017,
OPTSTK,MARUTI,22-Feb-2018,9500,PE,0,0,0,814.8,328.75,0,0,0,0,19-DEC-2017,
OPTSTK,MARUTI,22-Feb-2018,9550,PE,0,0,0,857.8,348.85,0,0,0,0,19-DEC-2017,
OPTSTK,MARUTI,22-Feb-2018,9600,PE,0,0,0,901.45,369.7,0,0,0,0,19-DEC-2017,
OPTSTK,MARUTI,22-Feb-2018,9650,PE,0,0,0,772.05,391.35,0,0,0,0,19-DEC-2017,
OPTSTK,MARUTI,22-Feb-2018,9700,PE,0,0,0,810.15,413.75,0,0,0,0,19-DEC-2017,
OPTSTK,MARUTI,22-Feb-2018,9750,PE,0,0,0,849.35,436.9,0,0,0,0,19-DEC-2017,
OPTSTK,MARUTI,22-Feb-2018,9800,PE,0,0,0,889.2,460.8,0,0,0,0,19-DEC-2017,
OPTSTK,MARUTI,22-Feb-2018,9850,PE,0,0,0,929.75,485.45,0,0,0,0,19-DEC-2017,
OPTSTK,MARUTI,22-Feb-2018,9900,PE,0,0,0,970.95,510.85,0,0,0,0,19-DEC-2017,
OPTSTK,MARUTI,22-Feb-2018,9950,PE,0,0,0,893.8,537.05,0,0,0,0,19-DEC-2017,
OPTSTK,MARUTI,22-Feb-2018,10000,PE,0,0,0,933.85,563.95,0,0,0,0,19-DEC-2017,
OPTSTK,MARUTI,22-Feb-2018,10050,PE,0,0,0,974.55,591.6,0,0,0,0,19-DEC-2017,
OPTSTK,MARUTI,22-Feb-2018,10100,PE,0,0,0,939.85,620,0,0,0,0,19-DEC-2017,
OPTSTK,MARUTI,22-Feb-2018,10150,PE,0,0,0,980.75,649.1,0,0,0,0,19-DEC-2017,
OPTSTK,MARUTI,22-Feb-2018,10200,PE,0,0,0,858.45,678.95,0,0,0,0,19-DEC-2017,
OPTSTK,MCDOWELL-N,28-Dec-2017,1550,CE,0,0,0,876.4,1937.5,0,0,0,0,19-DEC-2017,
OPTSTK,MCDOWELL-N,28-Dec-2017,1600,CE,0,0,0,827.4,1887.55,0,0,0,0,19-DEC-2017,
OPTSTK,MCDOWELL-N,28-Dec-2017,1650,CE,0,0,0,778.55,1837.65,0,0,0,0,19-DEC-2017,
OPTSTK,MCDOWELL-N,28-Dec-2017,1700,CE,0,0,0,729.95,1787.7,0,0,0,0,19-DEC-2017,
OPTSTK,MCDOWELL-N,28-Dec-2017,1750,CE,0,0,0,681.7,1737.8,0,0,0,0,19-DEC-2017,
OPTSTK,MCDOWELL-N,28-Dec-2017,1800,CE,0,0,0,633.95,1687.85,0,0,0,0,19-DEC-2017,
OPTSTK,MCDOWELL-N,28-Dec-2017,1850,CE,0,0,0,586.85,1637.95,0,0,0,0,19-DEC-2017,
OPTSTK,MCDOWELL-N,28-Dec-2017,1900,CE,0,0,0,540.65,1588,0,0,0,0,19-DEC-2017,
OPTSTK,MCDOWELL-N,28-Dec-2017,1950,CE,0,0,0,495.55,1538.1,0,0,0,0,19-DEC-2017,
OPTSTK,MCDOWELL-N,28-Dec-2017,2000,CE,0,0,0,1310,1488.2,0,0,250,0,19-DEC-2017,
OPTSTK,MCDOWELL-N,28-Dec-2017,2050,CE,0,0,0,409.55,1438.25,0,0,0,0,19-DEC-2017,
OPTSTK,MCDOWELL-N,28-Dec-2017,2100,CE,0,0,0,1215,1388.35,0,0,250,0,19-DEC-2017,
OPTSTK,MCDOWELL-N,28-Dec-2017,2150,CE,0,0,0,330.7,1338.4,0,0,0,0,19-DEC-2017,
OPTSTK,MCDOWELL-N,28-Dec-2017,2200,CE,0,0,0,294.55,1288.5,0,0,0,0,19-DEC-2017,
OPTSTK,MCDOWELL-N,28-Dec-2017,2250,CE,0,0,0,260.55,1238.55,0,0,0,0,19-DEC-2017,
OPTSTK,MCDOWELL-N,28-Dec-2017,2300,CE,0,0,0,229.15,1188.65,0,0,0,0,19-DEC-2017,
OPTSTK,MCDOWELL-N,28-Dec-2017,2350,CE,0,0,0,200.3,1138.7,0,0,0,0,19-DEC-2017,
OPTSTK,MCDOWELL-N,28-Dec-2017,2400,CE,0,0,0,174,1088.8,0,0,0,0,19-DEC-2017,
OPTSTK,MCDOWELL-N,28-Dec-2017,2450,CE,0,0,0,150.25,1038.9,0,0,0,0,19-DEC-2017,
OPTSTK,MCDOWELL-N,28-Dec-2017,2500,CE,0,0,0,128.9,988.95,0,0,0,0,19-DEC-2017,
OPTSTK,MCDOWELL-N,28-Dec-2017,2550,CE,0,0,0,109.95,939.05,0,0,0,0,19-DEC-2017,
OPTSTK,MCDOWELL-N,28-Dec-2017,2600,CE,0,0,0,760,889.1,0,0,250,0,19-DEC-2017,
OPTSTK,MCDOWELL-N,28-Dec-2017,2650,CE,0,0,0,78.6,839.2,0,0,0,0,19-DEC-2017,
OPTSTK,MCDOWELL-N,28-Dec-2017,2700,CE,0,0,0,66.05,789.25,0,0,0,0,19-DEC-2017,
OPTSTK,MCDOWELL-N,28-Dec-2017,2750,CE,0,0,0,55.15,739.35,0,0,0,0,19-DEC-2017,
OPTSTK,MCDOWELL-N,28-Dec-2017,2800,CE,0,0,0,545,689.45,0,0,250,0,19-DEC-2017,
OPTSTK,MCDOWELL-N,28-Dec-2017,2850,CE,0,0,0,37.7,639.55,0,0,0,0,19-DEC-2017,
OPTSTK,MCDOWELL-N,28-Dec-2017,2900,CE,0,0,0,30.95,589.7,0,0,0,0,19-DEC-2017,
OPTSTK,MCDOWELL-N,28-Dec-2017,2950,CE,0,0,0,25.3,539.9,0,0,0,0,19-DEC-2017,
OPTSTK,MCDOWELL-N,28-Dec-2017,3000,CE,480,480,480,480,480,1,8.7,750,0,19-DEC-2017,
OPTSTK,MCDOWELL-N,28-Dec-2017,3050,CE,0,0,0,16.7,441.05,0,0,0,0,19-DEC-2017,
OPTSTK,MCDOWELL-N,28-Dec-2017,3100,CE,0,0,0,282,392.4,0,0,750,0,19-DEC-2017,
OPTSTK,MCDOWELL-N,28-Dec-2017,3150,CE,0,0,0,153,344.65,0,0,500,0,19-DEC-2017,
OPTSTK,MCDOWELL-N,28-Dec-2017,3200,CE,0,0,0,198.8,298.35,0,0,2750,0,19-DEC-2017,
OPTSTK,MCDOWELL-N,28-Dec-2017,3250,CE,0,0,0,175.15,254.05,0,0,1250,0,19-DEC-2017,
OPTSTK,MCDOWELL-N,28-Dec-2017,3300,CE,149,200,149,183,183,22,191.46,15750,-2000,19-DEC-2017,
OPTSTK,MCDOWELL-N,28-Dec-2017,3350,CE,134.95,153.1,130,153.1,153.1,11,95.87,2500,-750,19-DEC-2017,
OPTSTK,MCDOWELL-N,28-Dec-2017,3400,CE,84.85,125,83.7,114.15,114.15,218,1910.71,33250,-10000,19-DEC-2017,
OPTSTK,MCDOWELL-N,28-Dec-2017,3450,CE,64.55,91,55,81.6,81.6,146,1286.44,11500,-10500,19-DEC-2017,
OPTSTK,MCDOWELL-N,28-Dec-2017,3500,CE,41.25,66,36.75,56.9,56.9,996,8850.28,101250,-3000,19-DEC-2017,
OPTSTK,MCDOWELL-N,28-Dec-2017,3550,CE,27.05,45.1,27.05,39.1,39.1,37,331.78,5500,2500,19-DEC-2017,
OPTSTK,MCDOWELL-N,28-Dec-2017,3600,CE,19,30.9,15.8,25,25,278,2519.23,48500,-6000,19-DEC-2017,
OPTSTK,MCDOWELL-N,28-Dec-2017,3650,CE,0,0,0,43.2,32.05,0,0,500,0,19-DEC-2017,
OPTSTK,MCDOWELL-N,28-Dec-2017,3700,CE,8.5,12.5,8,10.1,10.1,51,473,27750,3500,19-DEC-2017,
OPTSTK,MCDOWELL-N,28-Dec-2017,3750,CE,0,0,0,19,14.85,0,0,1000,0,19-DEC-2017,
OPTSTK,MCDOWELL-N,28-Dec-2017,3800,CE,4,4.95,3.2,4,4,15,142.65,17750,750,19-DEC-2017,
OPTSTK,MCDOWELL-N,28-Dec-2017,3850,CE,0,0,0,2.2,6.15,0,0,1000,0,19-DEC-2017,
OPTSTK,MCDOWELL-N,28-Dec-2017,3900,CE,0,0,0,9,3.8,0,0,3500,0,19-DEC-2017,
OPTSTK,MCDOWELL-N,28-Dec-2017,3950,CE,0,0,0,136.95,2.3,0,0,0,0,19-DEC-2017,
OPTSTK,MCDOWELL-N,28-Dec-2017,1550,PE,0,0,0,0.25,0,0,0,0,0,19-DEC-2017,
OPTSTK,MCDOWELL-N,28-Dec-2017,1600,PE,0,0,0,0.45,0,0,0,0,0,19-DEC-2017,
OPTSTK,MCDOWELL-N,28-Dec-2017,1650,PE,0,0,0,0.85,0,0,0,0,0,19-DEC-2017,
OPTSTK,MCDOWELL-N,28-Dec-2017,1700,PE,0,0,0,1.45,0,0,0,0,0,19-DEC-2017,
OPTSTK,MCDOWELL-N,28-Dec-2017,1750,PE,0,0,0,2.45,0,0,0,0,0,19-DEC-2017,
OPTSTK,MCDOWELL-N,28-Dec-2017,1800,PE,0,0,0,3.9,0,0,0,0,0,19-DEC-2017,
OPTSTK,MCDOWELL-N,28-Dec-2017,1850,PE,0,0,0,6.05,0,0,0,0,0,19-DEC-2017,
OPTSTK,MCDOWELL-N,28-Dec-2017,1900,PE,0,0,0,9.05,0,0,0,0,0,19-DEC-2017,
OPTSTK,MCDOWELL-N,28-Dec-2017,1950,PE,0,0,0,13.15,0,0,0,0,0,19-DEC-2017,
OPTSTK,MCDOWELL-N,28-Dec-2017,2000,PE,0,0,0,18.6,0,0,0,0,0,19-DEC-2017,
OPTSTK,MCDOWELL-N,28-Dec-2017,2050,PE,0,0,0,25.6,0,0,0,0,0,19-DEC-2017,
OPTSTK,MCDOWELL-N,28-Dec-2017,2100,PE,0,0,0,34.4,0,0,0,0,0,19-DEC-2017,
OPTSTK,MCDOWELL-N,28-Dec-2017,2150,PE,0,0,0,45.2,0,0,0,0,0,19-DEC-2017,
OPTSTK,MCDOWELL-N,28-Dec-2017,2200,PE,0,0,0,58.25,0,0,0,0,0,19-DEC-2017,
OPTSTK,MCDOWELL-N,28-Dec-2017,2250,PE,0,0,0,73.5,0,0,0,0,0,19-DEC-2017,
OPTSTK,MCDOWELL-N,28-Dec-2017,2300,PE,0,0,0,91.35,0,0,0,0,0,19-DEC-2017,
OPTSTK,MCDOWELL-N,28-Dec-2017,2350,PE,0,0,0,111.7,0,0,0,0,0,19-DEC-2017,
OPTSTK,MCDOWELL-N,28-Dec-2017,2400,PE,0,0,0,134.6,0,0,0,0,0,19-DEC-2017,
OPTSTK,MCDOWELL-N,28-Dec-2017,2450,PE,0,0,0,160.05,0,0,0,0,0,19-DEC-2017,
OPTSTK,MCDOWELL-N,28-Dec-2017,2500,PE,0,0,0,187.95,0,0,0,0,0,19-DEC-2017,
OPTSTK,MCDOWELL-N,28-Dec-2017,2550,PE,0,0,0,218.25,0,0,0,0,0,19-DEC-2017,
OPTSTK,MCDOWELL-N,28-Dec-2017,2600,PE,0,0,0,250.75,0,0,0,0,0,19-DEC-2017,
OPTSTK,MCDOWELL-N,28-Dec-2017,2650,PE,0,0,0,285.35,0,0,0,0,0,19-DEC-2017,
OPTSTK,MCDOWELL-N,28-Dec-2017,2700,PE,0,0,0,322,0,0,0,0,0,19-DEC-2017,
OPTSTK,MCDOWELL-N,28-Dec-2017,2750,PE,0,0,0,360.3,0,0,0,0,0,19-DEC-2017,
OPTSTK,MCDOWELL-N,28-Dec-2017,2800,PE,0,0,0,400.05,0.05,0,0,0,0,19-DEC-2017,
OPTSTK,MCDOWELL-N,28-Dec-2017,2850,PE,0,0,0,441.3,0.05,0,0,0,0,19-DEC-2017,
OPTSTK,MCDOWELL-N,28-Dec-2017,2900,PE,0,0,0,6.45,0.1,0,0,3000,0,19-DEC-2017,
OPTSTK,MCDOWELL-N,28-Dec-2017,2950,PE,0,0,0,527.35,0.25,0,0,0,0,19-DEC-2017,
OPTSTK,MCDOWELL-N,28-Dec-2017,3000,PE,1,1,0.9,1,1,6,45.01,50750,0,19-DEC-2017,
OPTSTK,MCDOWELL-N,28-Dec-2017,3050,PE,0,0,0,617.15,1.25,0,0,0,0,19-DEC-2017,
OPTSTK,MCDOWELL-N,28-Dec-2017,3100,PE,2.35,2.35,1.25,1.3,1.3,10,77.53,12750,-1750,19-DEC-2017,
OPTSTK,MCDOWELL-N,28-Dec-2017,3150,PE,3,3,3,3,3,1,7.88,2000,-250,19-DEC-2017,
OPTSTK,MCDOWELL-N,28-Dec-2017,3200,PE,7,7,3.55,3.9,3.9,37,296.43,22750,1000,19-DEC-2017,
OPTSTK,MCDOWELL-N,28-Dec-2017,3250,PE,9.25,9.75,7.5,7.5,7.5,14,114.04,7500,-250,19-DEC-2017,
OPTSTK,MCDOWELL-N,28-Dec-2017,3300,PE,19,22.65,9.35,10.3,10.3,137,1135.24,31500,2250,19-DEC-2017,
OPTSTK,MCDOWELL-N,28-Dec-2017,3350,PE,32.6,32.6,16.35,18.45,18.45,73,615.64,15500,6250,19-DEC-2017,
OPTSTK,MCDOWELL-N,28-Dec-2017,3400,PE,45.95,58.7,27.95,30.15,30.15,147,1262.82,22000,4750,19-DEC-2017,
OPTSTK,MCDOWELL-N,28-Dec-2017,3450,PE,60.85,67.95,44.4,46.8,46.8,33,289.08,5750,4000,19-DEC-2017,
OPTSTK,MCDOWELL-N,28-Dec-2017,3500,PE,71.05,71.05,71.05,71.05,71.05,1,8.92,250,0,19-DEC-2017,
OPTSTK,MCDOWELL-N,28-Dec-2017,3550,PE,0,0,0,972.45,121.75,0,0,0,0,19-DEC-2017,
OPTSTK,MCDOWELL-N,28-Dec-2017,3600,PE,0,0,0,746.35,154.65,0,0,0,0,19-DEC-2017,
OPTSTK,MCDOWELL-N,28-Dec-2017,3650,PE,0,0,0,783.65,191.35,0,0,0,0,19-DEC-2017,
OPTSTK,MCDOWELL-N,28-Dec-2017,3700,PE,0,0,0,821.6,231.3,0,0,0,0,19-DEC-2017,
OPTSTK,MCDOWELL-N,28-Dec-2017,3750,PE,0,0,0,860.2,273.95,0,0,0,0,19-DEC-2017,
OPTSTK,MCDOWELL-N,28-Dec-2017,3800,PE,0,0,0,899.35,318.75,0,0,0,0,19-DEC-2017,
OPTSTK,MCDOWELL-N,28-Dec-2017,3850,PE,0,0,0,939.1,365.1,0,0,0,0,19-DEC-2017,
OPTSTK,MCDOWELL-N,28-Dec-2017,3900,PE,0,0,0,979.4,412.7,0,0,0,0,19-DEC-2017,
OPTSTK,MCDOWELL-N,28-Dec-2017,3950,PE,0,0,0,1020.15,461.1,0,0,0,0,19-DEC-2017,
OPTSTK,MCDOWELL-N,25-Jan-2018,1550,CE,0,0,0,1049,1945.15,0,0,0,0,19-DEC-2017,
OPTSTK,MCDOWELL-N,25-Jan-2018,1600,CE,0,0,0,999.8,1895.5,0,0,0,0,19-DEC-2017,
OPTSTK,MCDOWELL-N,25-Jan-2018,1650,CE,0,0,0,950.6,1845.8,0,0,0,0,19-DEC-2017,
OPTSTK,MCDOWELL-N,25-Jan-2018,1700,CE,0,0,0,901.4,1796.15,0,0,0,0,19-DEC-2017,
OPTSTK,MCDOWELL-N,25-Jan-2018,1750,CE,0,0,0,852.3,1746.45,0,0,0,0,19-DEC-2017,
OPTSTK,MCDOWELL-N,25-Jan-2018,1800,CE,0,0,0,803.25,1696.8,0,0,0,0,19-DEC-2017,
OPTSTK,MCDOWELL-N,25-Jan-2018,1850,CE,0,0,0,754.35,1647.1,0,0,0,0,19-DEC-2017,
OPTSTK,MCDOWELL-N,25-Jan-2018,1900,CE,0,0,0,705.65,1597.45,0,0,0,0,19-DEC-2017,
OPTSTK,MCDOWELL-N,25-Jan-2018,1950,CE,0,0,0,657.25,1547.75,0,0,0,0,19-DEC-2017,
OPTSTK,MCDOWELL-N,25-Jan-2018,2000,CE,0,0,0,609.35,1498.1,0,0,0,0,19-DEC-2017,
OPTSTK,MCDOWELL-N,25-Jan-2018,2050,CE,0,0,0,562.05,1448.4,0,0,0,0,19-DEC-2017,
OPTSTK,MCDOWELL-N,25-Jan-2018,2100,CE,0,0,0,515.65,1398.75,0,0,0,0,19-DEC-2017,
OPTSTK,MCDOWELL-N,25-Jan-2018,2150,CE,0,0,0,470.3,1349.05,0,0,0,0,19-DEC-2017,
OPTSTK,MCDOWELL-N,25-Jan-2018,2200,CE,0,0,0,426.3,1299.4,0,0,0,0,19-DEC-2017,
OPTSTK,MCDOWELL-N,25-Jan-2018,2250,CE,0,0,0,383.9,1249.75,0,0,0,0,19-DEC-2017,
OPTSTK,MCDOWELL-N,25-Jan-2018,2300,CE,0,0,0,343.4,1200.1,0,0,0,0,19-DEC-2017,
OPTSTK,MCDOWELL-N,25-Jan-2018,2350,CE,0,0,0,305,1150.45,0,0,0,0,19-DEC-2017,
OPTSTK,MCDOWELL-N,25-Jan-2018,2400,CE,0,0,0,268.95,1100.85,0,0,0,0,19-DEC-2017,
OPTSTK,MCDOWELL-N,25-Jan-2018,2450,CE,0,0,0,235.3,1051.3,0,0,0,0,19-DEC-2017,
OPTSTK,MCDOWELL-N,25-Jan-2018,2500,CE,0,0,0,204.45,1001.85,0,0,0,0,19-DEC-2017,
OPTSTK,MCDOWELL-N,25-Jan-2018,2550,CE,0,0,0,176.25,952.5,0,0,0,0,19-DEC-2017,
OPTSTK,MCDOWELL-N,25-Jan-2018,2600,CE,0,0,0,150.8,903.3,0,0,0,0,19-DEC-2017,
OPTSTK,MCDOWELL-N,25-Jan-2018,2650,CE,0,0,0,128.05,854.35,0,0,0,0,19-DEC-2017,
OPTSTK,MCDOWELL-N,25-Jan-2018,2700,CE,0,0,0,107.95,805.7,0,0,0,0,19-DEC-2017,
OPTSTK,MCDOWELL-N,25-Jan-2018,2750,CE,0,0,0,90.3,757.45,0,0,0,0,19-DEC-2017,
OPTSTK,MCDOWELL-N,25-Jan-2018,2800,CE,0,0,0,75,709.75,0,0,0,0,19-DEC-2017,
OPTSTK,MCDOWELL-N,25-Jan-2018,2850,CE,0,0,0,61.95,662.7,0,0,0,0,19-DEC-2017,
OPTSTK,MCDOWELL-N,25-Jan-2018,2900,CE,0,0,0,50.7,616.45,0,0,0,0,19-DEC-2017,
OPTSTK,MCDOWELL-N,25-Jan-2018,2950,CE,0,0,0,41.2,571.2,0,0,0,0,19-DEC-2017,
OPTSTK,MCDOWELL-N,25-Jan-2018,3000,CE,0,0,0,33.3,527.1,0,0,0,0,19-DEC-2017,
OPTSTK,MCDOWELL-N,25-Jan-2018,3050,CE,0,0,0,26.75,484.35,0,0,0,0,19-DEC-2017,
OPTSTK,MCDOWELL-N,25-Jan-2018,3100,CE,0,0,0,21.3,443.05,0,0,0,0,19-DEC-2017,
OPTSTK,MCDOWELL-N,25-Jan-2018,3150,CE,0,0,0,16.9,403.4,0,0,0,0,19-DEC-2017,
OPTSTK,MCDOWELL-N,25-Jan-2018,3200,CE,0,0,0,13.3,365.7,0,0,0,0,19-DEC-2017,
OPTSTK,MCDOWELL-N,25-Jan-2018,3250,CE,0,0,0,10.4,329.6,0,0,0,0,19-DEC-2017,
OPTSTK,MCDOWELL-N,25-Jan-2018,3300,CE,0,0,0,8.1,295.8,0,0,0,0,19-DEC-2017,
OPTSTK,MCDOWELL-N,25-Jan-2018,3350,CE,0,0,0,184,264.1,0,0,750,0,19-DEC-2017,
OPTSTK,MCDOWELL-N,25-Jan-2018,3400,CE,0,0,0,150,234.65,0,0,250,0,19-DEC-2017,
OPTSTK,MCDOWELL-N,25-Jan-2018,3450,CE,0,0,0,140,207.4,0,0,750,0,19-DEC-2017,
OPTSTK,MCDOWELL-N,25-Jan-2018,3500,CE,0,0,0,2.85,182.4,0,0,0,0,19-DEC-2017,
OPTSTK,MCDOWELL-N,25-Jan-2018,3550,CE,0,0,0,2.15,159.55,0,0,0,0,19-DEC-2017,
OPTSTK,MCDOWELL-N,25-Jan-2018,3600,CE,0,0,0,80,138.9,0,0,500,0,19-DEC-2017,
OPTSTK,MCDOWELL-N,25-Jan-2018,3650,CE,0,0,0,280.6,120.25,0,0,0,0,19-DEC-2017,
OPTSTK,MCDOWELL-N,25-Jan-2018,3700,CE,0,0,0,268.05,103.65,0,0,0,0,19-DEC-2017,
OPTSTK,MCDOWELL-N,25-Jan-2018,3750,CE,0,0,0,255.95,88.85,0,0,0,0,19-DEC-2017,
OPTSTK,MCDOWELL-N,25-Jan-2018,3800,CE,0,0,0,244.35,75.95,0,0,0,0,19-DEC-2017,
OPTSTK,MCDOWELL-N,25-Jan-2018,3850,CE,0,0,0,233.25,64.55,0,0,0,0,19-DEC-2017,
OPTSTK,MCDOWELL-N,25-Jan-2018,3900,CE,0,0,0,222.65,54.45,0,0,0,0,19-DEC-2017,
OPTSTK,MCDOWELL-N,25-Jan-2018,3950,CE,0,0,0,212.5,45.8,0,0,0,0,19-DEC-2017,
OPTSTK,MCDOWELL-N,25-Jan-2018,1550,PE,0,0,0,0.05,0,0,0,0,0,19-DEC-2017,
OPTSTK,MCDOWELL-N,25-Jan-2018,1600,PE,0,0,0,0.05,0,0,0,0,0,19-DEC-2017,
OPTSTK,MCDOWELL-N,25-Jan-2018,1650,PE,0,0,0,0.05,0,0,0,0,0,19-DEC-2017,
OPTSTK,MCDOWELL-N,25-Jan-2018,1700,PE,0,0,0,0.1,0,0,0,0,0,19-DEC-2017,
OPTSTK,MCDOWELL-N,25-Jan-2018,1750,PE,0,0,0,0.2,0,0,0,0,0,19-DEC-2017,
OPTSTK,MCDOWELL-N,25-Jan-2018,1800,PE,0,0,0,0.35,0,0,0,0,0,19-DEC-2017,
OPTSTK,MCDOWELL-N,25-Jan-2018,1850,PE,0,0,0,0.65,0,0,0,0,0,19-DEC-2017,
OPTSTK,MCDOWELL-N,25-Jan-2018,1900,PE,0,0,0,1.2,0,0,0,0,0,19-DEC-2017,
OPTSTK,MCDOWELL-N,25-Jan-2018,1950,PE,0,0,0,2,0,0,0,0,0,19-DEC-2017,
OPTSTK,MCDOWELL-N,25-Jan-2018,2000,PE,0,0,0,3.3,0,0,0,0,0,19-DEC-2017,
OPTSTK,MCDOWELL-N,25-Jan-2018,2050,PE,0,0,0,5.25,0,0,0,0,0,19-DEC-2017,
OPTSTK,MCDOWELL-N,25-Jan-2018,2100,PE,0,0,0,8.05,0,0,0,0,0,19-DEC-2017,
OPTSTK,MCDOWELL-N,25-Jan-2018,2150,PE,0,0,0,11.9,0.05,0,0,0,0,19-DEC-2017,
OPTSTK,MCDOWELL-N,25-Jan-2018,2200,PE,0,0,0,17.15,0.05,0,0,0,0,19-DEC-2017,
OPTSTK,MCDOWELL-N,25-Jan-2018,2250,PE,0,0,0,23.95,0.05,0,0,0,0,19-DEC-2017,
OPTSTK,MCDOWELL-N,25-Jan-2018,2300,PE,0,0,0,32.65,0.05,0,0,0,0,19-DEC-2017,
OPTSTK,MCDOWELL-N,25-Jan-2018,2350,PE,0,0,0,43.5,0.1,0,0,0,0,19-DEC-2017,
OPTSTK,MCDOWELL-N,25-Jan-2018,2400,PE,0,0,0,56.7,0.2,0,0,0,0,19-DEC-2017,
OPTSTK,MCDOWELL-N,25-Jan-2018,2450,PE,0,0,0,72.25,0.3,0,0,0,0,19-DEC-2017,
OPTSTK,MCDOWELL-N,25-Jan-2018,2500,PE,0,0,0,90.6,0.5,0,0,0,0,19-DEC-2017,
OPTSTK,MCDOWELL-N,25-Jan-2018,2550,PE,0,0,0,111.6,0.85,0,0,0,0,19-DEC-2017,
OPTSTK,MCDOWELL-N,25-Jan-2018,2600,PE,0,0,0,135.4,1.3,0,0,0,0,19-DEC-2017,
OPTSTK,MCDOWELL-N,25-Jan-2018,2650,PE,0,0,0,161.85,2.05,0,0,0,0,19-DEC-2017,
OPTSTK,MCDOWELL-N,25-Jan-2018,2700,PE,0,0,0,190.95,3.05,0,0,0,0,19-DEC-2017,
OPTSTK,MCDOWELL-N,25-Jan-2018,2750,PE,0,0,0,222.5,4.5,0,0,0,0,19-DEC-2017,
OPTSTK,MCDOWELL-N,25-Jan-2018,2800,PE,0,0,0,256.4,6.45,0,0,0,0,19-DEC-2017,
OPTSTK,MCDOWELL-N,25-Jan-2018,2850,PE,0,0,0,292.6,9.1,0,0,0,0,19-DEC-2017,
OPTSTK,MCDOWELL-N,25-Jan-2018,2900,PE,0,0,0,330.55,12.55,0,0,0,0,19-DEC-2017,
OPTSTK,MCDOWELL-N,25-Jan-2018,2950,PE,0,0,0,370.3,16.95,0,0,0,0,19-DEC-2017,
OPTSTK,MCDOWELL-N,25-Jan-2018,3000,PE,0,0,0,411.6,22.55,0,0,0,0,19-DEC-2017,
OPTSTK,MCDOWELL-N,25-Jan-2018,3050,PE,0,0,0,454.25,29.45,0,0,0,0,19-DEC-2017,
OPTSTK,MCDOWELL-N,25-Jan-2018,3100,PE,0,0,0,498.05,37.8,0,0,0,0,19-DEC-2017,
OPTSTK,MCDOWELL-N,25-Jan-2018,3150,PE,0,0,0,542.85,47.85,0,0,0,0,19-DEC-2017,
OPTSTK,MCDOWELL-N,25-Jan-2018,3200,PE,0,0,0,588.45,59.8,0,0,0,0,19-DEC-2017,
OPTSTK,MCDOWELL-N,25-Jan-2018,3250,PE,0,0,0,634.8,73.4,0,0,0,0,19-DEC-2017,
OPTSTK,MCDOWELL-N,25-Jan-2018,3300,PE,0,0,0,681.7,89.25,0,0,0,0,19-DEC-2017,
OPTSTK,MCDOWELL-N,25-Jan-2018,3350,PE,0,0,0,100,107.25,0,0,250,0,19-DEC-2017,
OPTSTK,MCDOWELL-N,25-Jan-2018,3400,PE,110,110,110,110,110,2,17.55,500,500,19-DEC-2017,
OPTSTK,MCDOWELL-N,25-Jan-2018,3450,PE,0,0,0,151,149.9,0,0,750,0,19-DEC-2017,
OPTSTK,MCDOWELL-N,25-Jan-2018,3500,PE,0,0,0,873.3,174.55,0,0,0,0,19-DEC-2017,
OPTSTK,MCDOWELL-N,25-Jan-2018,3550,PE,0,0,0,921.85,201.4,0,0,0,0,19-DEC-2017,
OPTSTK,MCDOWELL-N,25-Jan-2018,3600,PE,0,0,0,813.4,230.4,0,0,0,0,19-DEC-2017,
OPTSTK,MCDOWELL-N,25-Jan-2018,3650,PE,0,0,0,849.4,261.45,0,0,0,0,19-DEC-2017,
OPTSTK,MCDOWELL-N,25-Jan-2018,3700,PE,0,0,0,886.1,294.5,0,0,0,0,19-DEC-2017,
OPTSTK,MCDOWELL-N,25-Jan-2018,3750,PE,0,0,0,923.25,329.4,0,0,0,0,19-DEC-2017,
OPTSTK,MCDOWELL-N,25-Jan-2018,3800,PE,0,0,0,960.9,366.2,0,0,0,0,19-DEC-2017,
OPTSTK,MCDOWELL-N,25-Jan-2018,3850,PE,0,0,0,999,404.45,0,0,0,0,19-DEC-2017,
OPTSTK,MCDOWELL-N,25-Jan-2018,3900,PE,0,0,0,1037.65,444,0,0,0,0,19-DEC-2017,
OPTSTK,MCDOWELL-N,25-Jan-2018,3950,PE,0,0,0,1076.75,485.05,0,0,0,0,19-DEC-2017,
OPTSTK,MCDOWELL-N,22-Feb-2018,2300,CE,0,0,0,1034.3,1212.25,0,0,0,0,19-DEC-2017,
OPTSTK,MCDOWELL-N,22-Feb-2018,2350,CE,0,0,0,989,1163.25,0,0,0,0,19-DEC-2017,
OPTSTK,MCDOWELL-N,22-Feb-2018,2400,CE,0,0,0,944.4,1114.5,0,0,0,0,19-DEC-2017,
OPTSTK,MCDOWELL-N,22-Feb-2018,2450,CE,0,0,0,900.55,1065.9,0,0,0,0,19-DEC-2017,
OPTSTK,MCDOWELL-N,22-Feb-2018,2500,CE,0,0,0,857.55,1017.65,0,0,0,0,19-DEC-2017,
OPTSTK,MCDOWELL-N,22-Feb-2018,2550,CE,0,0,0,815.5,969.75,0,0,0,0,19-DEC-2017,
OPTSTK,MCDOWELL-N,22-Feb-2018,2600,CE,0,0,0,774.35,922.25,0,0,0,0,19-DEC-2017,
OPTSTK,MCDOWELL-N,22-Feb-2018,2650,CE,0,0,0,734.25,875.3,0,0,0,0,19-DEC-2017,
OPTSTK,MCDOWELL-N,22-Feb-2018,2700,CE,0,0,0,695.25,829,0,0,0,0,19-DEC-2017,
OPTSTK,MCDOWELL-N,22-Feb-2018,2750,CE,0,0,0,657.4,783.4,0,0,0,0,19-DEC-2017,
OPTSTK,MCDOWELL-N,22-Feb-2018,2800,CE,0,0,0,620.85,738.6,0,0,0,0,19-DEC-2017,
OPTSTK,MCDOWELL-N,22-Feb-2018,2850,CE,0,0,0,585.35,694.75,0,0,0,0,19-DEC-2017,
OPTSTK,MCDOWELL-N,22-Feb-2018,2900,CE,0,0,0,551.1,651.9,0,0,0,0,19-DEC-2017,
OPTSTK,MCDOWELL-N,22-Feb-2018,2950,CE,0,0,0,518.05,610.2,0,0,0,0,19-DEC-2017,
OPTSTK,MCDOWELL-N,22-Feb-2018,3000,CE,0,0,0,486.45,569.75,0,0,0,0,19-DEC-2017,
OPTSTK,MCDOWELL-N,22-Feb-2018,3050,CE,0,0,0,456.15,530.6,0,0,0,0,19-DEC-2017,
OPTSTK,MCDOWELL-N,22-Feb-2018,3100,CE,0,0,0,427.15,492.9,0,0,0,0,19-DEC-2017,
OPTSTK,MCDOWELL-N,22-Feb-2018,3150,CE,0,0,0,399.5,456.75,0,0,0,0,19-DEC-2017,
OPTSTK,MCDOWELL-N,22-Feb-2018,3200,CE,0,0,0,373.15,421.85,0,0,0,0,19-DEC-2017,
OPTSTK,MCDOWELL-N,22-Feb-2018,3250,CE,0,0,0,348.1,388.8,0,0,0,0,19-DEC-2017,
OPTSTK,MCDOWELL-N,22-Feb-2018,3300,CE,0,0,0,324.3,357.4,0,0,0,0,19-DEC-2017,
OPTSTK,MCDOWELL-N,22-Feb-2018,3350,CE,0,0,0,301.8,327.65,0,0,0,0,19-DEC-2017,
OPTSTK,MCDOWELL-N,22-Feb-2018,3400,CE,0,0,0,280.5,299.55,0,0,0,0,19-DEC-2017,
OPTSTK,MCDOWELL-N,22-Feb-2018,3450,CE,0,0,0,260.4,273.2,0,0,0,0,19-DEC-2017,
OPTSTK,MCDOWELL-N,22-Feb-2018,3500,CE,0,0,0,241.45,248.5,0,0,0,0,19-DEC-2017,
OPTSTK,MCDOWELL-N,22-Feb-2018,3550,CE,0,0,0,223.65,225.45,0,0,0,0,19-DEC-2017,
OPTSTK,MCDOWELL-N,22-Feb-2018,3600,CE,0,0,0,206.95,204,0,0,0,0,19-DEC-2017,
OPTSTK,MCDOWELL-N,22-Feb-2018,3650,CE,0,0,0,191.25,184.15,0,0,0,0,19-DEC-2017,
OPTSTK,MCDOWELL-N,22-Feb-2018,3700,CE,0,0,0,176.6,165.8,0,0,0,0,19-DEC-2017,
OPTSTK,MCDOWELL-N,22-Feb-2018,3750,CE,0,0,0,162.9,148.95,0,0,0,0,19-DEC-2017,
OPTSTK,MCDOWELL-N,22-Feb-2018,3800,CE,0,0,0,150.25,133.45,0,0,0,0,19-DEC-2017,
OPTSTK,MCDOWELL-N,22-Feb-2018,3850,CE,0,0,0,138.35,119.3,0,0,0,0,19-DEC-2017,
OPTSTK,MCDOWELL-N,22-Feb-2018,3900,CE,0,0,0,127.3,106.55,0,0,0,0,19-DEC-2017,
OPTSTK,MCDOWELL-N,22-Feb-2018,3950,CE,0,0,0,117.05,94.9,0,0,0,0,19-DEC-2017,
OPTSTK,MCDOWELL-N,22-Feb-2018,2300,PE,0,0,0,16.15,0.95,0,0,0,0,19-DEC-2017,
OPTSTK,MCDOWELL-N,22-Feb-2018,2350,PE,0,0,0,20.1,1.4,0,0,0,0,19-DEC-2017,
OPTSTK,MCDOWELL-N,22-Feb-2018,2400,PE,0,0,0,24.75,2.05,0,0,0,0,19-DEC-2017,
OPTSTK,MCDOWELL-N,22-Feb-2018,2450,PE,0,0,0,30.2,2.95,0,0,0,0,19-DEC-2017,
OPTSTK,MCDOWELL-N,22-Feb-2018,2500,PE,0,0,0,36.5,4.1,0,0,0,0,19-DEC-2017,
OPTSTK,MCDOWELL-N,22-Feb-2018,2550,PE,0,0,0,43.65,5.6,0,0,0,0,19-DEC-2017,
OPTSTK,MCDOWELL-N,22-Feb-2018,2600,PE,0,0,0,51.8,7.55,0,0,0,0,19-DEC-2017,
OPTSTK,MCDOWELL-N,22-Feb-2018,2650,PE,0,0,0,61,10.05,0,0,0,0,19-DEC-2017,
OPTSTK,MCDOWELL-N,22-Feb-2018,2700,PE,0,0,0,71.25,13.15,0,0,0,0,19-DEC-2017,
OPTSTK,MCDOWELL-N,22-Feb-2018,2750,PE,0,0,0,82.7,17,0,0,0,0,19-DEC-2017,
OPTSTK,MCDOWELL-N,22-Feb-2018,2800,PE,0,0,0,95.35,21.6,0,0,0,0,19-DEC-2017,
OPTSTK,MCDOWELL-N,22-Feb-2018,2850,PE,0,0,0,109.15,27.2,0,0,0,0,19-DEC-2017,
OPTSTK,MCDOWELL-N,22-Feb-2018,2900,PE,0,0,0,124.2,33.8,0,0,0,0,19-DEC-2017,
OPTSTK,MCDOWELL-N,22-Feb-2018,2950,PE,0,0,0,140.4,41.5,0,0,0,0,19-DEC-2017,
OPTSTK,MCDOWELL-N,22-Feb-2018,3000,PE,0,0,0,158.05,50.5,0,0,0,0,19-DEC-2017,
OPTSTK,MCDOWELL-N,22-Feb-2018,3050,PE,0,0,0,177.05,60.8,0,0,0,0,19-DEC-2017,
OPTSTK,MCDOWELL-N,22-Feb-2018,3100,PE,0,0,0,197.35,72.5,0,0,0,0,19-DEC-2017,
OPTSTK,MCDOWELL-N,22-Feb-2018,3150,PE,0,0,0,218.95,85.75,0,0,0,0,19-DEC-2017,
OPTSTK,MCDOWELL-N,22-Feb-2018,3200,PE,0,0,0,241.85,100.3,0,0,0,0,19-DEC-2017,
OPTSTK,MCDOWELL-N,22-Feb-2018,3250,PE,0,0,0,266.05,116.7,0,0,0,0,19-DEC-2017,
OPTSTK,MCDOWELL-N,22-Feb-2018,3300,PE,0,0,0,291.55,134.7,0,0,0,0,19-DEC-2017,
OPTSTK,MCDOWELL-N,22-Feb-2018,3350,PE,0,0,0,318.3,154.4,0,0,0,0,19-DEC-2017,
OPTSTK,MCDOWELL-N,22-Feb-2018,3400,PE,0,0,0,346.3,175.75,0,0,0,0,19-DEC-2017,
OPTSTK,MCDOWELL-N,22-Feb-2018,3450,PE,0,0,0,375.45,198.8,0,0,0,0,19-DEC-2017,
OPTSTK,MCDOWELL-N,22-Feb-2018,3500,PE,0,0,0,405.8,223.55,0,0,0,0,19-DEC-2017,
OPTSTK,MCDOWELL-N,22-Feb-2018,3550,PE,0,0,0,437.25,249.9,0,0,0,0,19-DEC-2017,
OPTSTK,MCDOWELL-N,22-Feb-2018,3600,PE,0,0,0,469.8,277.9,0,0,0,0,19-DEC-2017,
OPTSTK,MCDOWELL-N,22-Feb-2018,3650,PE,0,0,0,503.4,307.5,0,0,0,0,19-DEC-2017,
OPTSTK,MCDOWELL-N,22-Feb-2018,3700,PE,0,0,0,538,338.55,0,0,0,0,19-DEC-2017,
OPTSTK,MCDOWELL-N,22-Feb-2018,3750,PE,0,0,0,573.6,371.15,0,0,0,0,19-DEC-2017,
OPTSTK,MCDOWELL-N,22-Feb-2018,3800,PE,0,0,0,610.2,405.05,0,0,0,0,19-DEC-2017,
OPTSTK,MCDOWELL-N,22-Feb-2018,3850,PE,0,0,0,647.6,440.35,0,0,0,0,19-DEC-2017,
OPTSTK,MCDOWELL-N,22-Feb-2018,3900,PE,0,0,0,685.8,477.05,0,0,0,0,19-DEC-2017,
OPTSTK,MCDOWELL-N,22-Feb-2018,3950,PE,0,0,0,724.8,514.8,0,0,0,0,19-DEC-2017,
OPTSTK,MCX,28-Dec-2017,700,CE,0,0,0,330.45,261.4,0,0,0,0,19-DEC-2017,
OPTSTK,MCX,28-Dec-2017,720,CE,0,0,0,310.95,241.45,0,0,0,0,19-DEC-2017,
OPTSTK,MCX,28-Dec-2017,740,CE,0,0,0,291.6,221.45,0,0,0,0,19-DEC-2017,
OPTSTK,MCX,28-Dec-2017,760,CE,0,0,0,272.35,201.5,0,0,0,0,19-DEC-2017,
OPTSTK,MCX,28-Dec-2017,780,CE,0,0,0,253.35,181.55,0,0,0,0,19-DEC-2017,
OPTSTK,MCX,28-Dec-2017,800,CE,0,0,0,234.65,161.55,0,0,0,0,19-DEC-2017,
OPTSTK,MCX,28-Dec-2017,820,CE,0,0,0,216.3,141.6,0,0,0,0,19-DEC-2017,
OPTSTK,MCX,28-Dec-2017,840,CE,0,0,0,198.4,121.7,0,0,0,0,19-DEC-2017,
OPTSTK,MCX,28-Dec-2017,860,CE,0,0,0,181,101.95,0,0,0,0,19-DEC-2017,
OPTSTK,MCX,28-Dec-2017,880,CE,0,0,0,71,82.6,0,0,500,0,19-DEC-2017,
OPTSTK,MCX,28-Dec-2017,900,CE,0,0,0,85.6,64.15,0,0,8000,0,19-DEC-2017,
OPTSTK,MCX,28-Dec-2017,920,CE,0,0,0,40,47.25,0,0,8000,0,19-DEC-2017,
OPTSTK,MCX,28-Dec-2017,940,CE,0,0,0,45,32.7,0,0,9000,0,19-DEC-2017,
OPTSTK,MCX,28-Dec-2017,960,CE,18.7,20,17,17,17,6,29.35,11000,2000,19-DEC-2017,
OPTSTK,MCX,28-Dec-2017,980,CE,18.95,20.35,9.6,12.05,12.05,25,124.13,25500,2000,19-DEC-2017,
OPTSTK,MCX,28-Dec-2017,1000,CE,8,11,6,6.95,6.95,18,90.74,57000,0,19-DEC-2017,
OPTSTK,MCX,28-Dec-2017,1020,CE,4,4,3.85,3.85,3.85,2,10.23,18500,0,19-DEC-2017,
OPTSTK,MCX,28-Dec-2017,1040,CE,2.6,2.7,2.05,2.1,2.1,8,41.69,13500,0,19-DEC-2017,
OPTSTK,MCX,28-Dec-2017,1060,CE,0.8,0.8,0.8,0.8,0.8,1,5.3,8500,0,19-DEC-2017,
OPTSTK,MCX,28-Dec-2017,1080,CE,0,0,0,45.15,0.3,0,0,0,0,19-DEC-2017,
OPTSTK,MCX,28-Dec-2017,1100,CE,0,0,0,2.2,0.1,0,0,2500,0,19-DEC-2017,
OPTSTK,MCX,28-Dec-2017,1120,CE,0,0,0,0.3,0.05,0,0,1000,0,19-DEC-2017,
OPTSTK,MCX,28-Dec-2017,1140,CE,0,0,0,27.4,0.05,0,0,0,0,19-DEC-2017,
OPTSTK,MCX,28-Dec-2017,1160,CE,0,0,0,23,0,0,0,0,0,19-DEC-2017,
OPTSTK,MCX,28-Dec-2017,1180,CE,0,0,0,19.1,0,0,0,0,0,19-DEC-2017,
OPTSTK,MCX,28-Dec-2017,1200,CE,0,0,0,15.85,0,0,0,0,0,19-DEC-2017,
OPTSTK,MCX,28-Dec-2017,1220,CE,0,0,0,13.05,0,0,0,0,0,19-DEC-2017,
OPTSTK,MCX,28-Dec-2017,1240,CE,0,0,0,10.7,0,0,0,0,0,19-DEC-2017,
OPTSTK,MCX,28-Dec-2017,1260,CE,0,0,0,8.75,0,0,0,0,0,19-DEC-2017,
OPTSTK,MCX,28-Dec-2017,1280,CE,0,0,0,7.1,0,0,0,0,0,19-DEC-2017,
OPTSTK,MCX,28-Dec-2017,1300,CE,0,0,0,5.75,0,0,0,0,0,19-DEC-2017,
OPTSTK,MCX,28-Dec-2017,1320,CE,0,0,0,4.65,0,0,0,0,0,19-DEC-2017,
OPTSTK,MCX,28-Dec-2017,1340,CE,0,0,0,3.75,0,0,0,0,0,19-DEC-2017,
OPTSTK,MCX,28-Dec-2017,1360,CE,0,0,0,3,0,0,0,0,0,19-DEC-2017,
OPTSTK,MCX,28-Dec-2017,1380,CE,0,0,0,2.4,0,0,0,0,0,19-DEC-2017,
OPTSTK,MCX,28-Dec-2017,1400,CE,0,0,0,1.9,0,0,0,0,0,19-DEC-2017,
OPTSTK,MCX,28-Dec-2017,700,PE,0,0,0,0.3,0,0,0,0,0,19-DEC-2017,
OPTSTK,MCX,28-Dec-2017,720,PE,0,0,0,0.45,0,0,0,0,0,19-DEC-2017,
OPTSTK,MCX,28-Dec-2017,740,PE,0,0,0,0.75,0,0,0,0,0,19-DEC-2017,
OPTSTK,MCX,28-Dec-2017,760,PE,0,0,0,1.25,0,0,0,0,0,19-DEC-2017,
OPTSTK,MCX,28-Dec-2017,780,PE,0,0,0,1.9,0,0,0,0,0,19-DEC-2017,
OPTSTK,MCX,28-Dec-2017,800,PE,0,0,0,2.9,0,0,0,0,0,19-DEC-2017,
OPTSTK,MCX,28-Dec-2017,820,PE,0,0,0,4.25,0.05,0,0,0,0,19-DEC-2017,
OPTSTK,MCX,28-Dec-2017,840,PE,0,0,0,5,0.1,0,0,500,0,19-DEC-2017,
OPTSTK,MCX,28-Dec-2017,860,PE,0,0,0,8.35,0.3,0,0,0,0,19-DEC-2017,
OPTSTK,MCX,28-Dec-2017,880,PE,0,0,0,1,0.95,0,0,3000,0,19-DEC-2017,
OPTSTK,MCX,28-Dec-2017,900,PE,1,1,1,1,1,1,4.5,9500,0,19-DEC-2017,
OPTSTK,MCX,28-Dec-2017,920,PE,3,3,3,3,3,1,4.61,3500,0,19-DEC-2017,
OPTSTK,MCX,28-Dec-2017,940,PE,4,12,4,6.75,6.75,9,42.65,7500,0,19-DEC-2017,
OPTSTK,MCX,28-Dec-2017,960,PE,12.55,14,12.55,14,14,11,53.55,13000,4000,19-DEC-2017,
OPTSTK,MCX,28-Dec-2017,980,PE,27.75,27.75,23.35,23.35,23.35,3,15.09,16500,0,19-DEC-2017,
OPTSTK,MCX,28-Dec-2017,1000,PE,0,0,0,41.35,45.05,0,0,8000,0,19-DEC-2017,
OPTSTK,MCX,28-Dec-2017,1020,PE,0,0,0,43.25,61.6,0,0,5000,0,19-DEC-2017,
OPTSTK,MCX,28-Dec-2017,1040,PE,77.4,77.4,77.4,77.4,77.4,1,5.58,9000,0,19-DEC-2017,
OPTSTK,MCX,28-Dec-2017,1060,PE,0,0,0,90,98.75,0,0,4000,0,19-DEC-2017,
OPTSTK,MCX,28-Dec-2017,1080,PE,0,0,0,100.05,118.3,0,0,2500,0,19-DEC-2017,
OPTSTK,MCX,28-Dec-2017,1100,PE,0,0,0,110,138.1,0,0,4000,0,19-DEC-2017,
OPTSTK,MCX,28-Dec-2017,1120,PE,0,0,0,135,158,0,0,6000,0,19-DEC-2017,
OPTSTK,MCX,28-Dec-2017,1140,PE,0,0,0,194.25,177.95,0,0,5500,0,19-DEC-2017,
OPTSTK,MCX,28-Dec-2017,1160,PE,0,0,0,145.65,197.9,0,0,0,0,19-DEC-2017,
OPTSTK,MCX,28-Dec-2017,1180,PE,0,0,0,161.45,217.9,0,0,0,0,19-DEC-2017,
OPTSTK,MCX,28-Dec-2017,1200,PE,0,0,0,200,237.85,0,0,1500,0,19-DEC-2017,
OPTSTK,MCX,28-Dec-2017,1220,PE,0,0,0,194.8,257.8,0,0,0,0,19-DEC-2017,
OPTSTK,MCX,28-Dec-2017,1240,PE,0,0,0,212.15,277.8,0,0,0,0,19-DEC-2017,
OPTSTK,MCX,28-Dec-2017,1260,PE,0,0,0,229.85,297.75,0,0,0,0,19-DEC-2017,
OPTSTK,MCX,28-Dec-2017,1280,PE,0,0,0,247.9,317.75,0,0,0,0,19-DEC-2017,
OPTSTK,MCX,28-Dec-2017,1300,PE,0,0,0,266.25,337.7,0,0,0,0,19-DEC-2017,
OPTSTK,MCX,28-Dec-2017,1320,PE,0,0,0,284.8,357.65,0,0,0,0,19-DEC-2017,
OPTSTK,MCX,28-Dec-2017,1340,PE,0,0,0,303.6,377.65,0,0,0,0,19-DEC-2017,
OPTSTK,MCX,28-Dec-2017,1360,PE,0,0,0,322.55,397.6,0,0,0,0,19-DEC-2017,
OPTSTK,MCX,28-Dec-2017,1380,PE,0,0,0,341.6,417.55,0,0,0,0,19-DEC-2017,
OPTSTK,MCX,28-Dec-2017,1400,PE,0,0,0,360.8,437.55,0,0,0,0,19-DEC-2017,
OPTSTK,MCX,25-Jan-2018,700,CE,0,0,0,364.15,264.9,0,0,0,0,19-DEC-2017,
OPTSTK,MCX,25-Jan-2018,720,CE,0,0,0,344.65,245.1,0,0,0,0,19-DEC-2017,
OPTSTK,MCX,25-Jan-2018,740,CE,0,0,0,325.2,225.3,0,0,0,0,19-DEC-2017,
OPTSTK,MCX,25-Jan-2018,760,CE,0,0,0,305.85,205.65,0,0,0,0,19-DEC-2017,
OPTSTK,MCX,25-Jan-2018,780,CE,0,0,0,286.7,186.15,0,0,0,0,19-DEC-2017,
OPTSTK,MCX,25-Jan-2018,800,CE,0,0,0,267.8,166.95,0,0,0,0,19-DEC-2017,
OPTSTK,MCX,25-Jan-2018,820,CE,0,0,0,249.15,148.2,0,0,0,0,19-DEC-2017,
OPTSTK,MCX,25-Jan-2018,840,CE,0,0,0,230.9,130,0,0,0,0,19-DEC-2017,
OPTSTK,MCX,25-Jan-2018,860,CE,0,0,0,213.05,112.65,0,0,0,0,19-DEC-2017,
OPTSTK,MCX,25-Jan-2018,880,CE,0,0,0,195.7,96.25,0,0,0,0,19-DEC-2017,
OPTSTK,MCX,25-Jan-2018,900,CE,0,0,0,178.95,81.1,0,0,0,0,19-DEC-2017,
OPTSTK,MCX,25-Jan-2018,920,CE,0,0,0,162.85,67.25,0,0,0,0,19-DEC-2017,
OPTSTK,MCX,25-Jan-2018,940,CE,0,0,0,147.5,54.9,0,0,0,0,19-DEC-2017,
OPTSTK,MCX,25-Jan-2018,960,CE,0,0,0,132.95,44.1,0,0,0,0,19-DEC-2017,
OPTSTK,MCX,25-Jan-2018,980,CE,0,0,0,119.2,34.85,0,0,0,0,19-DEC-2017,
OPTSTK,MCX,25-Jan-2018,1000,CE,0,0,0,106.35,27.1,0,0,0,0,19-DEC-2017,
OPTSTK,MCX,25-Jan-2018,1020,CE,0,0,0,94.45,20.7,0,0,0,0,19-DEC-2017,
OPTSTK,MCX,25-Jan-2018,1040,CE,0,0,0,83.4,15.6,0,0,0,0,19-DEC-2017,
OPTSTK,MCX,25-Jan-2018,1060,CE,0,0,0,73.3,11.55,0,0,0,0,19-DEC-2017,
OPTSTK,MCX,25-Jan-2018,1080,CE,0,0,0,64.15,8.4,0,0,0,0,19-DEC-2017,
OPTSTK,MCX,25-Jan-2018,1100,CE,0,0,0,55.8,6,0,0,0,0,19-DEC-2017,
OPTSTK,MCX,25-Jan-2018,1120,CE,0,0,0,48.35,4.25,0,0,0,0,19-DEC-2017,
OPTSTK,MCX,25-Jan-2018,1140,CE,0,0,0,41.7,2.95,0,0,0,0,19-DEC-2017,
OPTSTK,MCX,25-Jan-2018,1160,CE,0,0,0,35.75,2.05,0,0,0,0,19-DEC-2017,
OPTSTK,MCX,25-Jan-2018,1180,CE,0,0,0,30.6,1.4,0,0,0,0,19-DEC-2017,
OPTSTK,MCX,25-Jan-2018,1200,CE,0,0,0,26.05,0.95,0,0,0,0,19-DEC-2017,
OPTSTK,MCX,25-Jan-2018,1220,CE,0,0,0,22.05,0.6,0,0,0,0,19-DEC-2017,
OPTSTK,MCX,25-Jan-2018,1240,CE,0,0,0,18.6,0.4,0,0,0,0,19-DEC-2017,
OPTSTK,MCX,25-Jan-2018,1260,CE,0,0,0,15.65,0.25,0,0,0,0,19-DEC-2017,
OPTSTK,MCX,25-Jan-2018,1280,CE,0,0,0,13.1,0.2,0,0,0,0,19-DEC-2017,
OPTSTK,MCX,25-Jan-2018,1300,CE,0,0,0,10.9,0.1,0,0,0,0,19-DEC-2017,
OPTSTK,MCX,25-Jan-2018,1320,CE,0,0,0,9.05,0.1,0,0,0,0,19-DEC-2017,
OPTSTK,MCX,25-Jan-2018,1340,CE,0,0,0,7.5,0.05,0,0,0,0,19-DEC-2017,
OPTSTK,MCX,25-Jan-2018,1360,CE,0,0,0,6.2,0.05,0,0,0,0,19-DEC-2017,
OPTSTK,MCX,25-Jan-2018,1380,CE,0,0,0,5.1,0.05,0,0,0,0,19-DEC-2017,
OPTSTK,MCX,25-Jan-2018,1400,CE,0,0,0,4.15,0.05,0,0,0,0,19-DEC-2017,
OPTSTK,MCX,25-Jan-2018,700,PE,0,0,0,0.25,0.05,0,0,0,0,19-DEC-2017,
OPTSTK,MCX,25-Jan-2018,720,PE,0,0,0,0.4,0.1,0,0,0,0,19-DEC-2017,
OPTSTK,MCX,25-Jan-2018,740,PE,0,0,0,0.65,0.2,0,0,0,0,19-DEC-2017,
OPTSTK,MCX,25-Jan-2018,760,PE,0,0,0,1,0.4,0,0,0,0,19-DEC-2017,
OPTSTK,MCX,25-Jan-2018,780,PE,0,0,0,1.55,0.8,0,0,0,0,19-DEC-2017,
OPTSTK,MCX,25-Jan-2018,800,PE,0,0,0,2.3,1.45,0,0,0,0,19-DEC-2017,
OPTSTK,MCX,25-Jan-2018,820,PE,0,0,0,3.35,2.55,0,0,0,0,19-DEC-2017,
OPTSTK,MCX,25-Jan-2018,840,PE,0,0,0,4.75,4.25,0,0,0,0,19-DEC-2017,
OPTSTK,MCX,25-Jan-2018,860,PE,0,0,0,6.6,6.75,0,0,0,0,19-DEC-2017,
OPTSTK,MCX,25-Jan-2018,880,PE,0,0,0,8.95,10.25,0,0,0,0,19-DEC-2017,
OPTSTK,MCX,25-Jan-2018,900,PE,0,0,0,11.9,14.95,0,0,0,0,19-DEC-2017,
OPTSTK,MCX,25-Jan-2018,920,PE,0,0,0,15.5,20.95,0,0,0,0,19-DEC-2017,
OPTSTK,MCX,25-Jan-2018,940,PE,0,0,0,19.8,28.5,0,0,0,0,19-DEC-2017,
OPTSTK,MCX,25-Jan-2018,960,PE,30,30,30,30,30,1,4.95,500,500,19-DEC-2017,
OPTSTK,MCX,25-Jan-2018,980,PE,0,0,0,30.85,48.15,0,0,0,0,19-DEC-2017,
OPTSTK,MCX,25-Jan-2018,1000,PE,0,0,0,52,60.3,0,0,500,0,19-DEC-2017,
OPTSTK,MCX,25-Jan-2018,1020,PE,0,0,0,45.5,73.75,0,0,0,0,19-DEC-2017,
OPTSTK,MCX,25-Jan-2018,1040,PE,0,0,0,54.15,88.55,0,0,0,0,19-DEC-2017,
OPTSTK,MCX,25-Jan-2018,1060,PE,0,0,0,63.75,104.35,0,0,0,0,19-DEC-2017,
OPTSTK,MCX,25-Jan-2018,1080,PE,0,0,0,74.25,121.05,0,0,0,0,19-DEC-2017,
OPTSTK,MCX,25-Jan-2018,1100,PE,0,0,0,85.6,138.55,0,0,0,0,19-DEC-2017,
OPTSTK,MCX,25-Jan-2018,1120,PE,0,0,0,97.85,156.65,0,0,0,0,19-DEC-2017,
OPTSTK,MCX,25-Jan-2018,1140,PE,0,0,0,110.85,175.25,0,0,0,0,19-DEC-2017,
OPTSTK,MCX,25-Jan-2018,1160,PE,0,0,0,124.65,194.2,0,0,0,0,19-DEC-2017,
OPTSTK,MCX,25-Jan-2018,1180,PE,0,0,0,139.15,213.4,0,0,0,0,19-DEC-2017,
OPTSTK,MCX,25-Jan-2018,1200,PE,0,0,0,154.3,232.8,0,0,0,0,19-DEC-2017,
OPTSTK,MCX,25-Jan-2018,1220,PE,0,0,0,169.95,252.4,0,0,0,0,19-DEC-2017,
OPTSTK,MCX,25-Jan-2018,1240,PE,0,0,0,186.2,272.05,0,0,0,0,19-DEC-2017,
OPTSTK,MCX,25-Jan-2018,1260,PE,0,0,0,202.9,291.75,0,0,0,0,19-DEC-2017,
OPTSTK,MCX,25-Jan-2018,1280,PE,0,0,0,220.05,311.55,0,0,0,0,19-DEC-2017,
OPTSTK,MCX,25-Jan-2018,1300,PE,0,0,0,237.55,331.35,0,0,0,0,19-DEC-2017,
OPTSTK,MCX,25-Jan-2018,1320,PE,0,0,0,255.4,351.2,0,0,0,0,19-DEC-2017,
OPTSTK,MCX,25-Jan-2018,1340,PE,0,0,0,273.55,371.05,0,0,0,0,19-DEC-2017,
OPTSTK,MCX,25-Jan-2018,1360,PE,0,0,0,291.9,390.9,0,0,0,0,19-DEC-2017,
OPTSTK,MCX,25-Jan-2018,1380,PE,0,0,0,310.5,410.75,0,0,0,0,19-DEC-2017,
OPTSTK,MCX,25-Jan-2018,1400,PE,0,0,0,329.25,430.6,0,0,0,0,19-DEC-2017,
OPTSTK,MCX,22-Feb-2018,700,CE,0,0,0,268.35,268.7,0,0,0,0,19-DEC-2017,
OPTSTK,MCX,22-Feb-2018,720,CE,0,0,0,248.9,249.25,0,0,0,0,19-DEC-2017,
OPTSTK,MCX,22-Feb-2018,740,CE,0,0,0,229.65,230,0,0,0,0,19-DEC-2017,
OPTSTK,MCX,22-Feb-2018,760,CE,0,0,0,210.65,211,0,0,0,0,19-DEC-2017,
OPTSTK,MCX,22-Feb-2018,780,CE,0,0,0,191.95,192.4,0,0,0,0,19-DEC-2017,
OPTSTK,MCX,22-Feb-2018,800,CE,0,0,0,173.75,174.25,0,0,0,0,19-DEC-2017,
OPTSTK,MCX,22-Feb-2018,820,CE,0,0,0,156.1,156.7,0,0,0,0,19-DEC-2017,
OPTSTK,MCX,22-Feb-2018,840,CE,0,0,0,139.2,139.9,0,0,0,0,19-DEC-2017,
OPTSTK,MCX,22-Feb-2018,860,CE,0,0,0,123.1,123.9,0,0,0,0,19-DEC-2017,
OPTSTK,MCX,22-Feb-2018,880,CE,0,0,0,107.95,108.9,0,0,0,0,19-DEC-2017,
OPTSTK,MCX,22-Feb-2018,900,CE,0,0,0,93.8,94.85,0,0,0,0,19-DEC-2017,
OPTSTK,MCX,22-Feb-2018,920,CE,0,0,0,80.8,81.95,0,0,0,0,19-DEC-2017,
OPTSTK,MCX,22-Feb-2018,940,CE,0,0,0,69,70.25,0,0,0,0,19-DEC-2017,
OPTSTK,MCX,22-Feb-2018,960,CE,0,0,0,58.4,59.65,0,0,0,0,19-DEC-2017,
OPTSTK,MCX,22-Feb-2018,980,CE,0,0,0,48.95,50.25,0,0,0,0,19-DEC-2017,
OPTSTK,MCX,22-Feb-2018,1000,CE,0,0,0,40.7,41.95,0,0,0,0,19-DEC-2017,
OPTSTK,MCX,22-Feb-2018,1020,CE,0,0,0,33.5,34.75,0,0,0,0,19-DEC-2017,
OPTSTK,MCX,22-Feb-2018,1040,CE,0,0,0,27.35,28.55,0,0,0,0,19-DEC-2017,
OPTSTK,MCX,22-Feb-2018,1060,CE,0,0,0,22.2,23.3,0,0,0,0,19-DEC-2017,
OPTSTK,MCX,22-Feb-2018,1080,CE,0,0,0,17.8,18.85,0,0,0,0,19-DEC-2017,
OPTSTK,MCX,22-Feb-2018,1100,CE,0,0,0,14.15,15.1,0,0,0,0,19-DEC-2017,
OPTSTK,MCX,22-Feb-2018,1120,CE,0,0,0,11.2,12.05,0,0,0,0,19-DEC-2017,
OPTSTK,MCX,22-Feb-2018,1140,CE,0,0,0,8.75,9.5,0,0,0,0,19-DEC-2017,
OPTSTK,MCX,22-Feb-2018,1160,CE,0,0,0,6.8,7.45,0,0,0,0,19-DEC-2017,
OPTSTK,MCX,22-Feb-2018,1180,CE,0,0,0,5.25,5.85,0,0,0,0,19-DEC-2017,
OPTSTK,MCX,22-Feb-2018,1200,CE,0,0,0,4.05,4.5,0,0,0,0,19-DEC-2017,
OPTSTK,MCX,22-Feb-2018,1220,CE,0,0,0,3.1,3.5,0,0,0,0,19-DEC-2017,
OPTSTK,MCX,22-Feb-2018,1240,CE,0,0,0,2.35,2.65,0,0,0,0,19-DEC-2017,
OPTSTK,MCX,22-Feb-2018,1260,CE,0,0,0,1.75,2.05,0,0,0,0,19-DEC-2017,
OPTSTK,MCX,22-Feb-2018,1280,CE,0,0,0,1.3,1.55,0,0,0,0,19-DEC-2017,
OPTSTK,MCX,22-Feb-2018,1300,CE,0,0,0,1,1.15,0,0,0,0,19-DEC-2017,
OPTSTK,MCX,22-Feb-2018,1320,CE,0,0,0,0.75,0.85,0,0,0,0,19-DEC-2017,
OPTSTK,MCX,22-Feb-2018,1340,CE,0,0,0,0.55,0.65,0,0,0,0,19-DEC-2017,
OPTSTK,MCX,22-Feb-2018,1360,CE,0,0,0,0.4,0.5,0,0,0,0,19-DEC-2017,
OPTSTK,MCX,22-Feb-2018,700,PE,0,0,0,0.35,0.4,0,0,0,0,19-DEC-2017,
OPTSTK,MCX,22-Feb-2018,720,PE,0,0,0,0.6,0.75,0,0,0,0,19-DEC-2017,
OPTSTK,MCX,22-Feb-2018,740,PE,0,0,0,1.05,1.25,0,0,0,0,19-DEC-2017,
OPTSTK,MCX,22-Feb-2018,760,PE,0,0,0,1.75,2.05,0,0,0,0,19-DEC-2017,
OPTSTK,MCX,22-Feb-2018,780,PE,0,0,0,2.8,3.2,0,0,0,0,19-DEC-2017,
OPTSTK,MCX,22-Feb-2018,800,PE,0,0,0,4.3,4.85,0,0,0,0,19-DEC-2017,
OPTSTK,MCX,22-Feb-2018,820,PE,0,0,0,6.35,7.05,0,0,0,0,19-DEC-2017,
OPTSTK,MCX,22-Feb-2018,840,PE,0,0,0,9.15,10,0,0,0,0,19-DEC-2017,
OPTSTK,MCX,22-Feb-2018,860,PE,0,0,0,12.75,13.8,0,0,0,0,19-DEC-2017,
OPTSTK,MCX,22-Feb-2018,880,PE,0,0,0,17.35,18.55,0,0,0,0,19-DEC-2017,
OPTSTK,MCX,22-Feb-2018,900,PE,0,0,0,22.9,24.3,0,0,0,0,19-DEC-2017,
OPTSTK,MCX,22-Feb-2018,920,PE,0,0,0,29.6,31.2,0,0,0,0,19-DEC-2017,
OPTSTK,MCX,22-Feb-2018,940,PE,0,0,0,37.5,39.2,0,0,0,0,19-DEC-2017,
OPTSTK,MCX,22-Feb-2018,960,PE,0,0,0,46.6,48.4,0,0,0,0,19-DEC-2017,
OPTSTK,MCX,22-Feb-2018,980,PE,0,0,0,56.85,58.75,0,0,0,0,19-DEC-2017,
OPTSTK,MCX,22-Feb-2018,1000,PE,0,0,0,68.3,70.25,0,0,0,0,19-DEC-2017,
OPTSTK,MCX,22-Feb-2018,1020,PE,0,0,0,80.85,82.8,0,0,0,0,19-DEC-2017,
OPTSTK,MCX,22-Feb-2018,1040,PE,0,0,0,94.4,96.4,0,0,0,0,19-DEC-2017,
OPTSTK,MCX,22-Feb-2018,1060,PE,0,0,0,108.95,110.9,0,0,0,0,19-DEC-2017,
OPTSTK,MCX,22-Feb-2018,1080,PE,0,0,0,124.25,126.2,0,0,0,0,19-DEC-2017,
OPTSTK,MCX,22-Feb-2018,1100,PE,0,0,0,140.35,142.25,0,0,0,0,19-DEC-2017,
OPTSTK,MCX,22-Feb-2018,1120,PE,0,0,0,157.05,158.95,0,0,0,0,19-DEC-2017,
OPTSTK,MCX,22-Feb-2018,1140,PE,0,0,0,174.35,176.2,0,0,0,0,19-DEC-2017,
OPTSTK,MCX,22-Feb-2018,1160,PE,0,0,0,192.1,193.95,0,0,0,0,19-DEC-2017,
OPTSTK,MCX,22-Feb-2018,1180,PE,0,0,0,210.25,212.05,0,0,0,0,19-DEC-2017,
OPTSTK,MCX,22-Feb-2018,1200,PE,0,0,0,228.75,230.55,0,0,0,0,19-DEC-2017,
OPTSTK,MCX,22-Feb-2018,1220,PE,0,0,0,247.5,249.25,0,0,0,0,19-DEC-2017,
OPTSTK,MCX,22-Feb-2018,1240,PE,0,0,0,266.45,268.2,0,0,0,0,19-DEC-2017,
OPTSTK,MCX,22-Feb-2018,1260,PE,0,0,0,285.6,287.35,0,0,0,0,19-DEC-2017,
OPTSTK,MCX,22-Feb-2018,1280,PE,0,0,0,304.85,306.65,0,0,0,0,19-DEC-2017,
OPTSTK,MCX,22-Feb-2018,1300,PE,0,0,0,324.25,326.05,0,0,0,0,19-DEC-2017,
OPTSTK,MCX,22-Feb-2018,1320,PE,0,0,0,343.7,345.5,0,0,0,0,19-DEC-2017,
OPTSTK,MCX,22-Feb-2018,1340,PE,0,0,0,363.2,365.05,0,0,0,0,19-DEC-2017,
OPTSTK,MCX,22-Feb-2018,1360,PE,0,0,0,382.8,384.7,0,0,0,0,19-DEC-2017,
OPTSTK,MFSL,28-Dec-2017,430,CE,0,0,0,161.3,139.5,0,0,0,0,19-DEC-2017,
OPTSTK,MFSL,28-Dec-2017,440,CE,0,0,0,151.75,129.5,0,0,0,0,19-DEC-2017,
OPTSTK,MFSL,28-Dec-2017,450,CE,0,0,0,142.35,119.5,0,0,0,0,19-DEC-2017,
OPTSTK,MFSL,28-Dec-2017,460,CE,0,0,0,133.05,109.55,0,0,0,0,19-DEC-2017,
OPTSTK,MFSL,28-Dec-2017,470,CE,0,0,0,123.95,99.55,0,0,0,0,19-DEC-2017,
OPTSTK,MFSL,28-Dec-2017,480,CE,0,0,0,115.05,89.55,0,0,0,0,19-DEC-2017,
OPTSTK,MFSL,28-Dec-2017,490,CE,0,0,0,106.4,79.6,0,0,0,0,19-DEC-2017,
OPTSTK,MFSL,28-Dec-2017,500,CE,67,67,67,67,67,1,5.67,1000,1000,19-DEC-2017,
OPTSTK,MFSL,28-Dec-2017,510,CE,0,0,0,89.9,59.7,0,0,0,0,19-DEC-2017,
OPTSTK,MFSL,28-Dec-2017,520,CE,0,0,0,18,49.9,0,0,2000,0,19-DEC-2017,
OPTSTK,MFSL,28-Dec-2017,530,CE,0,0,0,20.5,40.35,0,0,1000,0,19-DEC-2017,
OPTSTK,MFSL,28-Dec-2017,540,CE,0,0,0,27,31.35,0,0,8000,0,19-DEC-2017,
OPTSTK,MFSL,28-Dec-2017,550,CE,0,0,0,15.95,23.2,0,0,6000,0,19-DEC-2017,
OPTSTK,MFSL,28-Dec-2017,560,CE,14.5,15,14.5,15,15,2,11.49,51000,-1000,19-DEC-2017,
OPTSTK,MFSL,28-Dec-2017,570,CE,8,9.7,7,9.7,9.7,10,57.91,13000,1000,19-DEC-2017,
OPTSTK,MFSL,28-Dec-2017,580,CE,5.5,6.05,3.7,6.05,6.05,9,52.68,23000,-1000,19-DEC-2017,
OPTSTK,MFSL,28-Dec-2017,590,CE,3,3.2,3,3.2,3.2,4,23.72,8000,4000,19-DEC-2017,
OPTSTK,MFSL,28-Dec-2017,600,CE,0,0,0,1.3,1.95,0,0,16000,0,19-DEC-2017,
OPTSTK,MFSL,28-Dec-2017,610,CE,0,0,0,2,0.95,0,0,3000,0,19-DEC-2017,
OPTSTK,MFSL,28-Dec-2017,620,CE,0,0,0,1.5,0.45,0,0,3000,0,19-DEC-2017,
OPTSTK,MFSL,28-Dec-2017,630,CE,0,0,0,23,0.2,0,0,0,0,19-DEC-2017,
OPTSTK,MFSL,28-Dec-2017,640,CE,0,0,0,20,0.1,0,0,0,0,19-DEC-2017,
OPTSTK,MFSL,28-Dec-2017,650,CE,0,0,0,17.3,0.05,0,0,0,0,19-DEC-2017,
OPTSTK,MFSL,28-Dec-2017,660,CE,0,0,0,14.95,0.05,0,0,0,0,19-DEC-2017,
OPTSTK,MFSL,28-Dec-2017,670,CE,0,0,0,12.8,0,0,0,0,0,19-DEC-2017,
OPTSTK,MFSL,28-Dec-2017,680,CE,0,0,0,11,0,0,0,0,0,19-DEC-2017,
OPTSTK,MFSL,28-Dec-2017,690,CE,0,0,0,9.35,0,0,0,0,0,19-DEC-2017,
OPTSTK,MFSL,28-Dec-2017,700,CE,0,0,0,7.95,0,0,0,0,0,19-DEC-2017,
OPTSTK,MFSL,28-Dec-2017,710,CE,0,0,0,6.75,0,0,0,0,0,19-DEC-2017,
OPTSTK,MFSL,28-Dec-2017,720,CE,0,0,0,5.7,0,0,0,0,0,19-DEC-2017,
OPTSTK,MFSL,28-Dec-2017,730,CE,0,0,0,4.8,0,0,0,0,0,19-DEC-2017,
OPTSTK,MFSL,28-Dec-2017,740,CE,0,0,0,4,0,0,0,0,0,19-DEC-2017,
OPTSTK,MFSL,28-Dec-2017,750,CE,0,0,0,3.35,0,0,0,0,0,19-DEC-2017,
OPTSTK,MFSL,28-Dec-2017,760,CE,0,0,0,2.8,0,0,0,0,0,19-DEC-2017,
OPTSTK,MFSL,28-Dec-2017,430,PE,0,0,0,0.7,0,0,0,0,0,19-DEC-2017,
OPTSTK,MFSL,28-Dec-2017,440,PE,0,0,0,1,0,0,0,0,0,19-DEC-2017,
OPTSTK,MFSL,28-Dec-2017,450,PE,0,0,0,1.45,0,0,0,0,0,19-DEC-2017,
OPTSTK,MFSL,28-Dec-2017,460,PE,0,0,0,2,0,0,0,0,0,19-DEC-2017,
OPTSTK,MFSL,28-Dec-2017,470,PE,0,0,0,2.75,0,0,0,0,0,19-DEC-2017,
OPTSTK,MFSL,28-Dec-2017,480,PE,0,0,0,3.7,0,0,0,0,0,19-DEC-2017,
OPTSTK,MFSL,28-Dec-2017,490,PE,0,0,0,4.9,0,0,0,0,0,19-DEC-2017,
OPTSTK,MFSL,28-Dec-2017,500,PE,0.15,0.15,0.15,0.15,0.15,1,5,1000,1000,19-DEC-2017,
OPTSTK,MFSL,28-Dec-2017,510,PE,0,0,0,6.75,0.1,0,0,3000,0,19-DEC-2017,
OPTSTK,MFSL,28-Dec-2017,520,PE,0,0,0,1,0.3,0,0,1000,0,19-DEC-2017,
OPTSTK,MFSL,28-Dec-2017,530,PE,0,0,0,3.45,0.75,0,0,3000,0,19-DEC-2017,
OPTSTK,MFSL,28-Dec-2017,540,PE,1.55,1.55,1.5,1.5,1.5,3,16.24,9000,-1000,19-DEC-2017,
OPTSTK,MFSL,28-Dec-2017,550,PE,0,0,0,8.6,3.5,0,0,13000,0,19-DEC-2017,
OPTSTK,MFSL,28-Dec-2017,560,PE,0,0,0,14,6.5,0,0,9000,0,19-DEC-2017,
OPTSTK,MFSL,28-Dec-2017,570,PE,11,11,9.1,9.1,9.1,6,34.84,13000,6000,19-DEC-2017,
OPTSTK,MFSL,28-Dec-2017,580,PE,17.5,17.5,17.5,17.5,17.5,1,5.97,5000,-1000,19-DEC-2017,
OPTSTK,MFSL,28-Dec-2017,590,PE,0,0,0,35.7,23.95,0,0,0,0,19-DEC-2017,
OPTSTK,MFSL,28-Dec-2017,600,PE,0,0,0,40,32.2,0,0,5000,0,19-DEC-2017,
OPTSTK,MFSL,28-Dec-2017,610,PE,0,0,0,46.7,41.2,0,0,0,0,19-DEC-2017,
OPTSTK,MFSL,28-Dec-2017,620,PE,0,0,0,52.8,50.65,0,0,0,0,19-DEC-2017,
OPTSTK,MFSL,28-Dec-2017,630,PE,0,0,0,59.3,60.4,0,0,0,0,19-DEC-2017,
OPTSTK,MFSL,28-Dec-2017,640,PE,0,0,0,66.1,70.3,0,0,0,0,19-DEC-2017,
OPTSTK,MFSL,28-Dec-2017,650,PE,0,0,0,73.3,80.25,0,0,0,0,19-DEC-2017,
OPTSTK,MFSL,28-Dec-2017,660,PE,0,0,0,80.75,90.2,0,0,0,0,19-DEC-2017,
OPTSTK,MFSL,28-Dec-2017,670,PE,0,0,0,88.5,100.2,0,0,0,0,19-DEC-2017,
OPTSTK,MFSL,28-Dec-2017,680,PE,0,0,0,96.5,110.15,0,0,0,0,19-DEC-2017,
OPTSTK,MFSL,28-Dec-2017,690,PE,0,0,0,104.75,120.15,0,0,0,0,19-DEC-2017,
OPTSTK,MFSL,28-Dec-2017,700,PE,0,0,0,113.15,130.15,0,0,0,0,19-DEC-2017,
OPTSTK,MFSL,28-Dec-2017,710,PE,0,0,0,121.8,140.1,0,0,0,0,19-DEC-2017,
OPTSTK,MFSL,28-Dec-2017,720,PE,0,0,0,130.6,150.1,0,0,0,0,19-DEC-2017,
OPTSTK,MFSL,28-Dec-2017,730,PE,0,0,0,139.55,160.1,0,0,0,0,19-DEC-2017,
OPTSTK,MFSL,28-Dec-2017,740,PE,0,0,0,148.6,170.05,0,0,0,0,19-DEC-2017,
OPTSTK,MFSL,28-Dec-2017,750,PE,0,0,0,157.8,180.05,0,0,0,0,19-DEC-2017,
OPTSTK,MFSL,28-Dec-2017,760,PE,0,0,0,167.1,190.05,0,0,0,0,19-DEC-2017,
OPTSTK,MFSL,25-Jan-2018,430,CE,0,0,0,150.8,141.65,0,0,0,0,19-DEC-2017,
OPTSTK,MFSL,25-Jan-2018,440,CE,0,0,0,141.1,131.75,0,0,0,0,19-DEC-2017,
OPTSTK,MFSL,25-Jan-2018,450,CE,0,0,0,131.4,121.85,0,0,0,0,19-DEC-2017,
OPTSTK,MFSL,25-Jan-2018,460,CE,0,0,0,121.85,112,0,0,0,0,19-DEC-2017,
OPTSTK,MFSL,25-Jan-2018,470,CE,0,0,0,112.4,102.25,0,0,0,0,19-DEC-2017,
OPTSTK,MFSL,25-Jan-2018,480,CE,0,0,0,103.1,92.6,0,0,0,0,19-DEC-2017,
OPTSTK,MFSL,25-Jan-2018,490,CE,0,0,0,94.05,83.1,0,0,0,0,19-DEC-2017,
OPTSTK,MFSL,25-Jan-2018,500,CE,0,0,0,85.25,73.9,0,0,0,0,19-DEC-2017,
OPTSTK,MFSL,25-Jan-2018,510,CE,0,0,0,76.8,65,0,0,0,0,19-DEC-2017,
OPTSTK,MFSL,25-Jan-2018,520,CE,0,0,0,68.65,56.5,0,0,0,0,19-DEC-2017,
OPTSTK,MFSL,25-Jan-2018,530,CE,0,0,0,61,48.5,0,0,0,0,19-DEC-2017,
OPTSTK,MFSL,25-Jan-2018,540,CE,0,0,0,53.75,41.1,0,0,0,0,19-DEC-2017,
OPTSTK,MFSL,25-Jan-2018,550,CE,0,0,0,47,34.35,0,0,0,0,19-DEC-2017,
OPTSTK,MFSL,25-Jan-2018,560,CE,0,0,0,40.8,28.3,0,0,0,0,19-DEC-2017,
OPTSTK,MFSL,25-Jan-2018,570,CE,0,0,0,35.15,23,0,0,0,0,19-DEC-2017,
OPTSTK,MFSL,25-Jan-2018,580,CE,0,0,0,30.05,18.4,0,0,0,0,19-DEC-2017,
OPTSTK,MFSL,25-Jan-2018,590,CE,0,0,0,25.45,14.5,0,0,0,0,19-DEC-2017,
OPTSTK,MFSL,25-Jan-2018,600,CE,0,0,0,21.4,11.25,0,0,0,0,19-DEC-2017,
OPTSTK,MFSL,25-Jan-2018,610,CE,0,0,0,17.85,8.6,0,0,0,0,19-DEC-2017,
OPTSTK,MFSL,25-Jan-2018,620,CE,0,0,0,14.8,6.45,0,0,0,0,19-DEC-2017,
OPTSTK,MFSL,25-Jan-2018,630,CE,0,0,0,12.2,4.8,0,0,0,0,19-DEC-2017,
OPTSTK,MFSL,25-Jan-2018,640,CE,0,0,0,9.9,3.5,0,0,0,0,19-DEC-2017,
OPTSTK,MFSL,25-Jan-2018,650,CE,0,0,0,8.05,2.55,0,0,0,0,19-DEC-2017,
OPTSTK,MFSL,25-Jan-2018,660,CE,0,0,0,6.45,1.8,0,0,0,0,19-DEC-2017,
OPTSTK,MFSL,25-Jan-2018,670,CE,0,0,0,5.15,1.25,0,0,0,0,19-DEC-2017,
OPTSTK,MFSL,25-Jan-2018,680,CE,0,0,0,4.1,0.9,0,0,0,0,19-DEC-2017,
OPTSTK,MFSL,25-Jan-2018,690,CE,0,0,0,3.2,0.6,0,0,0,0,19-DEC-2017,
OPTSTK,MFSL,25-Jan-2018,700,CE,0,0,0,2.5,0.4,0,0,0,0,19-DEC-2017,
OPTSTK,MFSL,25-Jan-2018,710,CE,0,0,0,1.95,0.3,0,0,0,0,19-DEC-2017,
OPTSTK,MFSL,25-Jan-2018,720,CE,0,0,0,1.5,0.2,0,0,0,0,19-DEC-2017,
OPTSTK,MFSL,25-Jan-2018,730,CE,0,0,0,1.15,0.15,0,0,0,0,19-DEC-2017,
OPTSTK,MFSL,25-Jan-2018,740,CE,0,0,0,0.9,0.1,0,0,0,0,19-DEC-2017,
OPTSTK,MFSL,25-Jan-2018,750,CE,0,0,0,0.7,0.05,0,0,0,0,19-DEC-2017,
OPTSTK,MFSL,25-Jan-2018,760,CE,0,0,0,0.5,0.05,0,0,0,0,19-DEC-2017,
OPTSTK,MFSL,25-Jan-2018,430,PE,0,0,0,0.15,0.05,0,0,0,0,19-DEC-2017,
OPTSTK,MFSL,25-Jan-2018,440,PE,0,0,0,0.3,0.05,0,0,0,0,19-DEC-2017,
OPTSTK,MFSL,25-Jan-2018,450,PE,0,0,0,0.45,0.1,0,0,0,0,19-DEC-2017,
OPTSTK,MFSL,25-Jan-2018,460,PE,0,0,0,0.75,0.2,0,0,0,0,19-DEC-2017,
OPTSTK,MFSL,25-Jan-2018,470,PE,0,0,0,1.15,0.4,0,0,0,0,19-DEC-2017,
OPTSTK,MFSL,25-Jan-2018,480,PE,0,0,0,1.7,0.65,0,0,0,0,19-DEC-2017,
OPTSTK,MFSL,25-Jan-2018,490,PE,0,0,0,2.45,1.15,0,0,0,0,19-DEC-2017,
OPTSTK,MFSL,25-Jan-2018,500,PE,0,0,0,3.5,1.85,0,0,0,0,19-DEC-2017,
OPTSTK,MFSL,25-Jan-2018,510,PE,0,0,0,4.9,2.85,0,0,0,0,19-DEC-2017,
OPTSTK,MFSL,25-Jan-2018,520,PE,0,0,0,6.6,4.3,0,0,0,0,19-DEC-2017,
OPTSTK,MFSL,25-Jan-2018,530,PE,0,0,0,8.75,6.25,0,0,0,0,19-DEC-2017,
OPTSTK,MFSL,25-Jan-2018,540,PE,0,0,0,11.4,8.8,0,0,0,0,19-DEC-2017,
OPTSTK,MFSL,25-Jan-2018,550,PE,0,0,0,14.5,12,0,0,0,0,19-DEC-2017,
OPTSTK,MFSL,25-Jan-2018,560,PE,0,0,0,19,15.85,0,0,1000,0,19-DEC-2017,
OPTSTK,MFSL,25-Jan-2018,570,PE,0,0,0,22.3,20.45,0,0,0,0,19-DEC-2017,
OPTSTK,MFSL,25-Jan-2018,580,PE,24,24,24,24,24,1,6.04,1000,1000,19-DEC-2017,
OPTSTK,MFSL,25-Jan-2018,590,PE,0,0,0,32.3,31.85,0,0,0,0,19-DEC-2017,
OPTSTK,MFSL,25-Jan-2018,600,PE,0,0,0,38.1,38.55,0,0,0,0,19-DEC-2017,
OPTSTK,MFSL,25-Jan-2018,610,PE,0,0,0,44.4,45.85,0,0,0,0,19-DEC-2017,
OPTSTK,MFSL,25-Jan-2018,620,PE,0,0,0,51.15,53.65,0,0,0,0,19-DEC-2017,
OPTSTK,MFSL,25-Jan-2018,630,PE,0,0,0,58.4,61.9,0,0,0,0,19-DEC-2017,
OPTSTK,MFSL,25-Jan-2018,640,PE,0,0,0,66,70.55,0,0,0,0,19-DEC-2017,
OPTSTK,MFSL,25-Jan-2018,650,PE,0,0,0,73.95,79.5,0,0,0,0,19-DEC-2017,
OPTSTK,MFSL,25-Jan-2018,660,PE,0,0,0,82.2,88.7,0,0,0,0,19-DEC-2017,
OPTSTK,MFSL,25-Jan-2018,670,PE,0,0,0,90.75,98.1,0,0,0,0,19-DEC-2017,
OPTSTK,MFSL,25-Jan-2018,680,PE,0,0,0,99.5,107.65,0,0,0,0,19-DEC-2017,
OPTSTK,MFSL,25-Jan-2018,690,PE,0,0,0,108.5,117.3,0,0,0,0,19-DEC-2017,
OPTSTK,MFSL,25-Jan-2018,700,PE,0,0,0,117.65,127.05,0,0,0,0,19-DEC-2017,
OPTSTK,MFSL,25-Jan-2018,710,PE,0,0,0,126.9,136.85,0,0,0,0,19-DEC-2017,
OPTSTK,MFSL,25-Jan-2018,720,PE,0,0,0,136.3,146.7,0,0,0,0,19-DEC-2017,
OPTSTK,MFSL,25-Jan-2018,730,PE,0,0,0,145.8,156.6,0,0,0,0,19-DEC-2017,
OPTSTK,MFSL,25-Jan-2018,740,PE,0,0,0,155.4,166.5,0,0,0,0,19-DEC-2017,
OPTSTK,MFSL,25-Jan-2018,750,PE,0,0,0,165,176.4,0,0,0,0,19-DEC-2017,
OPTSTK,MFSL,25-Jan-2018,760,PE,0,0,0,174.7,186.3,0,0,0,0,19-DEC-2017,
OPTSTK,MFSL,22-Feb-2018,430,CE,0,0,0,126.25,143.95,0,0,0,0,19-DEC-2017,
OPTSTK,MFSL,22-Feb-2018,440,CE,0,0,0,117.15,134.25,0,0,0,0,19-DEC-2017,
OPTSTK,MFSL,22-Feb-2018,450,CE,0,0,0,108.3,124.6,0,0,0,0,19-DEC-2017,
OPTSTK,MFSL,22-Feb-2018,460,CE,0,0,0,99.7,115.1,0,0,0,0,19-DEC-2017,
OPTSTK,MFSL,22-Feb-2018,470,CE,0,0,0,91.4,105.75,0,0,0,0,19-DEC-2017,
OPTSTK,MFSL,22-Feb-2018,480,CE,0,0,0,83.45,96.6,0,0,0,0,19-DEC-2017,
OPTSTK,MFSL,22-Feb-2018,490,CE,0,0,0,75.8,87.7,0,0,0,0,19-DEC-2017,
OPTSTK,MFSL,22-Feb-2018,500,CE,0,0,0,68.6,79.1,0,0,0,0,19-DEC-2017,
OPTSTK,MFSL,22-Feb-2018,510,CE,0,0,0,61.75,70.85,0,0,0,0,19-DEC-2017,
OPTSTK,MFSL,22-Feb-2018,520,CE,0,0,0,55.35,63.05,0,0,0,0,19-DEC-2017,
OPTSTK,MFSL,22-Feb-2018,530,CE,0,0,0,49.4,55.7,0,0,0,0,19-DEC-2017,
OPTSTK,MFSL,22-Feb-2018,540,CE,0,0,0,43.85,48.8,0,0,0,0,19-DEC-2017,
OPTSTK,MFSL,22-Feb-2018,550,CE,0,0,0,38.75,42.45,0,0,0,0,19-DEC-2017,
OPTSTK,MFSL,22-Feb-2018,560,CE,0,0,0,34.1,36.65,0,0,0,0,19-DEC-2017,
OPTSTK,MFSL,22-Feb-2018,570,CE,0,0,0,29.9,31.4,0,0,0,0,19-DEC-2017,
OPTSTK,MFSL,22-Feb-2018,580,CE,0,0,0,26.05,26.7,0,0,0,0,19-DEC-2017,
OPTSTK,MFSL,22-Feb-2018,590,CE,0,0,0,22.65,22.5,0,0,0,0,19-DEC-2017,
OPTSTK,MFSL,22-Feb-2018,600,CE,0,0,0,19.6,18.85,0,0,0,0,19-DEC-2017,
OPTSTK,MFSL,22-Feb-2018,610,CE,0,0,0,16.85,15.65,0,0,0,0,19-DEC-2017,
OPTSTK,MFSL,22-Feb-2018,620,CE,0,0,0,14.5,12.9,0,0,0,0,19-DEC-2017,
OPTSTK,MFSL,22-Feb-2018,630,CE,0,0,0,12.35,10.6,0,0,0,0,19-DEC-2017,
OPTSTK,MFSL,22-Feb-2018,640,CE,0,0,0,10.55,8.6,0,0,0,0,19-DEC-2017,
OPTSTK,MFSL,22-Feb-2018,650,CE,0,0,0,8.95,6.9,0,0,0,0,19-DEC-2017,
OPTSTK,MFSL,22-Feb-2018,660,CE,0,0,0,7.55,5.55,0,0,0,0,19-DEC-2017,
OPTSTK,MFSL,22-Feb-2018,670,CE,0,0,0,6.35,4.4,0,0,0,0,19-DEC-2017,
OPTSTK,MFSL,22-Feb-2018,680,CE,0,0,0,5.35,3.5,0,0,0,0,19-DEC-2017,
OPTSTK,MFSL,22-Feb-2018,690,CE,0,0,0,4.45,2.75,0,0,0,0,19-DEC-2017,
OPTSTK,MFSL,22-Feb-2018,700,CE,0,0,0,3.7,2.15,0,0,0,0,19-DEC-2017,
OPTSTK,MFSL,22-Feb-2018,710,CE,0,0,0,3.1,1.65,0,0,0,0,19-DEC-2017,
OPTSTK,MFSL,22-Feb-2018,720,CE,0,0,0,2.55,1.3,0,0,0,0,19-DEC-2017,
OPTSTK,MFSL,22-Feb-2018,730,CE,0,0,0,2.1,1,0,0,0,0,19-DEC-2017,
OPTSTK,MFSL,22-Feb-2018,740,CE,0,0,0,1.75,0.75,0,0,0,0,19-DEC-2017,
OPTSTK,MFSL,22-Feb-2018,750,CE,0,0,0,1.45,0.55,0,0,0,0,19-DEC-2017,
OPTSTK,MFSL,22-Feb-2018,430,PE,0,0,0,2,0.25,0,0,0,0,19-DEC-2017,
OPTSTK,MFSL,22-Feb-2018,440,PE,0,0,0,2.8,0.4,0,0,0,0,19-DEC-2017,
OPTSTK,MFSL,22-Feb-2018,450,PE,0,0,0,3.8,0.65,0,0,0,0,19-DEC-2017,
OPTSTK,MFSL,22-Feb-2018,460,PE,0,0,0,5.05,1.05,0,0,0,0,19-DEC-2017,
OPTSTK,MFSL,22-Feb-2018,470,PE,0,0,0,6.6,1.55,0,0,0,0,19-DEC-2017,
OPTSTK,MFSL,22-Feb-2018,480,PE,0,0,0,8.5,2.3,0,0,0,0,19-DEC-2017,
OPTSTK,MFSL,22-Feb-2018,490,PE,0,0,0,10.75,3.3,0,0,0,0,19-DEC-2017,
OPTSTK,MFSL,22-Feb-2018,500,PE,0,0,0,13.35,4.6,0,0,0,0,19-DEC-2017,
OPTSTK,MFSL,22-Feb-2018,510,PE,0,0,0,16.35,6.25,0,0,0,0,19-DEC-2017,
OPTSTK,MFSL,22-Feb-2018,520,PE,0,0,0,19.8,8.35,0,0,0,0,19-DEC-2017,
OPTSTK,MFSL,22-Feb-2018,530,PE,0,0,0,23.7,10.85,0,0,0,0,19-DEC-2017,
OPTSTK,MFSL,22-Feb-2018,540,PE,0,0,0,28.05,13.85,0,0,0,0,19-DEC-2017,
OPTSTK,MFSL,22-Feb-2018,550,PE,0,0,0,32.8,17.4,0,0,0,0,19-DEC-2017,
OPTSTK,MFSL,22-Feb-2018,560,PE,0,0,0,38,21.5,0,0,0,0,19-DEC-2017,
OPTSTK,MFSL,22-Feb-2018,570,PE,0,0,0,43.65,26.1,0,0,0,0,19-DEC-2017,
OPTSTK,MFSL,22-Feb-2018,580,PE,0,0,0,49.65,31.3,0,0,0,0,19-DEC-2017,
OPTSTK,MFSL,22-Feb-2018,590,PE,0,0,0,56.1,37,0,0,0,0,19-DEC-2017,
OPTSTK,MFSL,22-Feb-2018,600,PE,0,0,0,62.9,43.2,0,0,0,0,19-DEC-2017,
OPTSTK,MFSL,22-Feb-2018,610,PE,0,0,0,70,49.9,0,0,0,0,19-DEC-2017,
OPTSTK,MFSL,22-Feb-2018,620,PE,0,0,0,77.5,57,0,0,0,0,19-DEC-2017,
OPTSTK,MFSL,22-Feb-2018,630,PE,0,0,0,85.25,64.6,0,0,0,0,19-DEC-2017,
OPTSTK,MFSL,22-Feb-2018,640,PE,0,0,0,93.25,72.5,0,0,0,0,19-DEC-2017,
OPTSTK,MFSL,22-Feb-2018,650,PE,0,0,0,101.5,80.7,0,0,0,0,19-DEC-2017,
OPTSTK,MFSL,22-Feb-2018,660,PE,0,0,0,110,89.2,0,0,0,0,19-DEC-2017,
OPTSTK,MFSL,22-Feb-2018,670,PE,0,0,0,118.65,97.95,0,0,0,0,19-DEC-2017,
OPTSTK,MFSL,22-Feb-2018,680,PE,0,0,0,127.45,106.95,0,0,0,0,19-DEC-2017,
OPTSTK,MFSL,22-Feb-2018,690,PE,0,0,0,136.45,116.05,0,0,0,0,19-DEC-2017,
OPTSTK,MFSL,22-Feb-2018,700,PE,0,0,0,145.55,125.35,0,0,0,0,19-DEC-2017,
OPTSTK,MFSL,22-Feb-2018,710,PE,0,0,0,154.8,134.75,0,0,0,0,19-DEC-2017,
OPTSTK,MFSL,22-Feb-2018,720,PE,0,0,0,164.1,144.25,0,0,0,0,19-DEC-2017,
OPTSTK,MFSL,22-Feb-2018,730,PE,0,0,0,173.55,153.85,0,0,0,0,19-DEC-2017,
OPTSTK,MFSL,22-Feb-2018,740,PE,0,0,0,183,163.5,0,0,0,0,19-DEC-2017,
OPTSTK,MFSL,22-Feb-2018,750,PE,0,0,0,192.55,173.2,0,0,0,0,19-DEC-2017,
OPTSTK,MGL,28-Dec-2017,740,CE,0,0,0,356,394.4,0,0,0,0,19-DEC-2017,
OPTSTK,MGL,28-Dec-2017,760,CE,0,0,0,336.55,374.45,0,0,0,0,19-DEC-2017,
OPTSTK,MGL,28-Dec-2017,780,CE,0,0,0,317.2,354.5,0,0,0,0,19-DEC-2017,
OPTSTK,MGL,28-Dec-2017,800,CE,0,0,0,298,334.5,0,0,0,0,19-DEC-2017,
OPTSTK,MGL,28-Dec-2017,820,CE,0,0,0,279,314.55,0,0,0,0,19-DEC-2017,
OPTSTK,MGL,28-Dec-2017,840,CE,0,0,0,260.3,294.6,0,0,0,0,19-DEC-2017,
OPTSTK,MGL,28-Dec-2017,860,CE,0,0,0,241.85,274.6,0,0,0,0,19-DEC-2017,
OPTSTK,MGL,28-Dec-2017,880,CE,0,0,0,223.85,254.65,0,0,0,0,19-DEC-2017,
OPTSTK,MGL,28-Dec-2017,900,CE,0,0,0,206.35,234.65,0,0,0,0,19-DEC-2017,
OPTSTK,MGL,28-Dec-2017,920,CE,0,0,0,189.35,214.7,0,0,0,0,19-DEC-2017,
OPTSTK,MGL,28-Dec-2017,940,CE,0,0,0,173,194.75,0,0,0,0,19-DEC-2017,
OPTSTK,MGL,28-Dec-2017,960,CE,0,0,0,157.3,174.75,0,0,0,0,19-DEC-2017,
OPTSTK,MGL,28-Dec-2017,980,CE,0,0,0,142.4,154.85,0,0,0,0,19-DEC-2017,
OPTSTK,MGL,28-Dec-2017,1000,CE,0,0,0,128.25,134.95,0,0,0,0,19-DEC-2017,
OPTSTK,MGL,28-Dec-2017,1020,CE,0,0,0,114.95,115.25,0,0,0,0,19-DEC-2017,
OPTSTK,MGL,28-Dec-2017,1040,CE,0,0,0,102.55,95.95,0,0,0,0,19-DEC-2017,
OPTSTK,MGL,28-Dec-2017,1060,CE,0,0,0,91.05,77.35,0,0,0,0,19-DEC-2017,
OPTSTK,MGL,28-Dec-2017,1080,CE,0,0,0,56,60.05,0,0,1200,0,19-DEC-2017,
OPTSTK,MGL,28-Dec-2017,1100,CE,45,45,45,45,45,2,13.74,2400,-1200,19-DEC-2017,
OPTSTK,MGL,28-Dec-2017,1120,CE,0,0,0,13.6,31.45,0,0,4200,0,19-DEC-2017,
OPTSTK,MGL,28-Dec-2017,1140,CE,14,20.1,14,20.1,20.1,8,55.54,13800,-1200,19-DEC-2017,
OPTSTK,MGL,28-Dec-2017,1160,CE,7.35,11,6,11,11,7,49.07,13800,-1800,19-DEC-2017,
OPTSTK,MGL,28-Dec-2017,1180,CE,0,0,0,17.85,7.8,0,0,6000,0,19-DEC-2017,
OPTSTK,MGL,28-Dec-2017,1200,CE,2.5,3,2.5,3,3,3,21.65,23400,0,19-DEC-2017,
OPTSTK,MGL,28-Dec-2017,1220,CE,0,0,0,2.3,2.25,0,0,1800,0,19-DEC-2017,
OPTSTK,MGL,28-Dec-2017,1240,CE,0,0,0,5,1.1,0,0,600,0,19-DEC-2017,
OPTSTK,MGL,28-Dec-2017,1260,CE,0,0,0,1.25,0.5,0,0,1200,0,19-DEC-2017,
OPTSTK,MGL,28-Dec-2017,1280,CE,0,0,0,18.15,0.25,0,0,0,0,19-DEC-2017,
OPTSTK,MGL,28-Dec-2017,1300,CE,0,0,0,5.45,0.1,0,0,0,0,19-DEC-2017,
OPTSTK,MGL,28-Dec-2017,1320,CE,0,0,0,12.85,0.05,0,0,0,0,19-DEC-2017,
OPTSTK,MGL,28-Dec-2017,1340,CE,0,0,0,10.7,0.05,0,0,0,0,19-DEC-2017,
OPTSTK,MGL,28-Dec-2017,1360,CE,0,0,0,8.95,0,0,0,0,0,19-DEC-2017,
OPTSTK,MGL,28-Dec-2017,1380,CE,0,0,0,7.4,0,0,0,0,0,19-DEC-2017,
OPTSTK,MGL,28-Dec-2017,1400,CE,0,0,0,4.95,0,0,0,600,0,19-DEC-2017,
OPTSTK,MGL,28-Dec-2017,1420,CE,0,0,0,5.05,0,0,0,0,0,19-DEC-2017,
OPTSTK,MGL,28-Dec-2017,1440,CE,0,0,0,4.15,0,0,0,0,0,19-DEC-2017,
OPTSTK,MGL,28-Dec-2017,1460,CE,0,0,0,3.4,0,0,0,0,0,19-DEC-2017,
OPTSTK,MGL,28-Dec-2017,1480,CE,0,0,0,2.8,0,0,0,0,0,19-DEC-2017,
OPTSTK,MGL,28-Dec-2017,740,PE,0,0,0,0.35,0,0,0,0,0,19-DEC-2017,
OPTSTK,MGL,28-Dec-2017,760,PE,0,0,0,0.6,0,0,0,0,0,19-DEC-2017,
OPTSTK,MGL,28-Dec-2017,780,PE,0,0,0,0.9,0,0,0,0,0,19-DEC-2017,
OPTSTK,MGL,28-Dec-2017,800,PE,0,0,0,1.4,0,0,0,0,0,19-DEC-2017,
OPTSTK,MGL,28-Dec-2017,820,PE,0,0,0,2.1,0,0,0,0,0,19-DEC-2017,
OPTSTK,MGL,28-Dec-2017,840,PE,0,0,0,3.05,0,0,0,0,0,19-DEC-2017,
OPTSTK,MGL,28-Dec-2017,860,PE,0,0,0,4.35,0,0,0,0,0,19-DEC-2017,
OPTSTK,MGL,28-Dec-2017,880,PE,0,0,0,6.05,0,0,0,0,0,19-DEC-2017,
OPTSTK,MGL,28-Dec-2017,900,PE,0,0,0,8.2,0,0,0,0,0,19-DEC-2017,
OPTSTK,MGL,28-Dec-2017,920,PE,0,0,0,10.9,0,0,0,0,0,19-DEC-2017,
OPTSTK,MGL,28-Dec-2017,940,PE,0,0,0,14.2,0,0,0,0,0,19-DEC-2017,
OPTSTK,MGL,28-Dec-2017,960,PE,0,0,0,18.2,0.05,0,0,0,0,19-DEC-2017,
OPTSTK,MGL,28-Dec-2017,980,PE,0,0,0,23,0.05,0,0,0,0,19-DEC-2017,
OPTSTK,MGL,28-Dec-2017,1000,PE,0,0,0,28.55,0.15,0,0,0,0,19-DEC-2017,
OPTSTK,MGL,28-Dec-2017,1020,PE,0,0,0,34.9,0.4,0,0,0,0,19-DEC-2017,
OPTSTK,MGL,28-Dec-2017,1040,PE,0,0,0,12,1.05,0,0,600,0,19-DEC-2017,
OPTSTK,MGL,28-Dec-2017,1060,PE,1.1,1.1,1,1,1,2,12.73,1800,-1200,19-DEC-2017,
OPTSTK,MGL,28-Dec-2017,1080,PE,0,0,0,25,5.15,0,0,1200,0,19-DEC-2017,
OPTSTK,MGL,28-Dec-2017,1100,PE,0,0,0,11.4,9.6,0,0,12000,0,19-DEC-2017,
OPTSTK,MGL,28-Dec-2017,1120,PE,0,0,0,30,16.45,0,0,3600,0,19-DEC-2017,
OPTSTK,MGL,28-Dec-2017,1140,PE,22,22,22,22,22,1,6.97,0,-600,19-DEC-2017,
OPTSTK,MGL,28-Dec-2017,1160,PE,0,0,0,104.55,38.15,0,0,0,0,19-DEC-2017,
OPTSTK,MGL,28-Dec-2017,1180,PE,0,0,0,117.85,52.7,0,0,0,0,19-DEC-2017,
OPTSTK,MGL,28-Dec-2017,1200,PE,0,0,0,64,69.2,0,0,1200,0,19-DEC-2017,
OPTSTK,MGL,28-Dec-2017,1220,PE,0,0,0,146.6,87.1,0,0,0,0,19-DEC-2017,
OPTSTK,MGL,28-Dec-2017,1240,PE,0,0,0,161.9,105.9,0,0,0,0,19-DEC-2017,
OPTSTK,MGL,28-Dec-2017,1260,PE,0,0,0,177.7,125.3,0,0,0,0,19-DEC-2017,
OPTSTK,MGL,28-Dec-2017,1280,PE,0,0,0,194.1,145,0,0,0,0,19-DEC-2017,
OPTSTK,MGL,28-Dec-2017,1300,PE,0,0,0,210.9,164.85,0,0,0,0,19-DEC-2017,
OPTSTK,MGL,28-Dec-2017,1320,PE,0,0,0,228.15,184.75,0,0,0,0,19-DEC-2017,
OPTSTK,MGL,28-Dec-2017,1340,PE,0,0,0,245.7,204.7,0,0,0,0,19-DEC-2017,
OPTSTK,MGL,28-Dec-2017,1360,PE,0,0,0,263.6,224.65,0,0,0,0,19-DEC-2017,
OPTSTK,MGL,28-Dec-2017,1380,PE,0,0,0,281.8,244.65,0,0,0,0,19-DEC-2017,
OPTSTK,MGL,28-Dec-2017,1400,PE,0,0,0,300.2,264.6,0,0,0,0,19-DEC-2017,
OPTSTK,MGL,28-Dec-2017,1420,PE,0,0,0,318.8,284.55,0,0,0,0,19-DEC-2017,
OPTSTK,MGL,28-Dec-2017,1440,PE,0,0,0,337.6,304.55,0,0,0,0,19-DEC-2017,
OPTSTK,MGL,28-Dec-2017,1460,PE,0,0,0,356.55,324.5,0,0,0,0,19-DEC-2017,
OPTSTK,MGL,28-Dec-2017,1480,PE,0,0,0,375.6,344.45,0,0,0,0,19-DEC-2017,
OPTSTK,MGL,25-Jan-2018,780,CE,0,0,0,413.25,358.35,0,0,0,0,19-DEC-2017,
OPTSTK,MGL,25-Jan-2018,800,CE,0,0,0,393.75,338.5,0,0,0,0,19-DEC-2017,
OPTSTK,MGL,25-Jan-2018,820,CE,0,0,0,374.3,318.65,0,0,0,0,19-DEC-2017,
OPTSTK,MGL,25-Jan-2018,840,CE,0,0,0,354.95,298.8,0,0,0,0,19-DEC-2017,
OPTSTK,MGL,25-Jan-2018,860,CE,0,0,0,335.8,279,0,0,0,0,19-DEC-2017,
OPTSTK,MGL,25-Jan-2018,880,CE,0,0,0,316.8,259.2,0,0,0,0,19-DEC-2017,
OPTSTK,MGL,25-Jan-2018,900,CE,0,0,0,298.05,239.55,0,0,0,0,19-DEC-2017,
OPTSTK,MGL,25-Jan-2018,920,CE,0,0,0,279.6,220.05,0,0,0,0,19-DEC-2017,
OPTSTK,MGL,25-Jan-2018,940,CE,0,0,0,261.45,200.75,0,0,0,0,19-DEC-2017,
OPTSTK,MGL,25-Jan-2018,960,CE,0,0,0,243.7,181.8,0,0,0,0,19-DEC-2017,
OPTSTK,MGL,25-Jan-2018,980,CE,0,0,0,226.4,163.25,0,0,0,0,19-DEC-2017,
OPTSTK,MGL,25-Jan-2018,1000,CE,0,0,0,209.65,145.3,0,0,0,0,19-DEC-2017,
OPTSTK,MGL,25-Jan-2018,1020,CE,0,0,0,193.4,128.1,0,0,0,0,19-DEC-2017,
OPTSTK,MGL,25-Jan-2018,1040,CE,0,0,0,177.8,111.75,0,0,0,0,19-DEC-2017,
OPTSTK,MGL,25-Jan-2018,1060,CE,0,0,0,162.95,96.5,0,0,0,0,19-DEC-2017,
OPTSTK,MGL,25-Jan-2018,1080,CE,0,0,0,148.7,82.3,0,0,0,0,19-DEC-2017,
OPTSTK,MGL,25-Jan-2018,1100,CE,0,0,0,135.15,69.4,0,0,0,0,19-DEC-2017,
OPTSTK,MGL,25-Jan-2018,1120,CE,0,0,0,122.45,57.85,0,0,0,0,19-DEC-2017,
OPTSTK,MGL,25-Jan-2018,1140,CE,0,0,0,110.55,47.6,0,0,0,0,19-DEC-2017,
OPTSTK,MGL,25-Jan-2018,1160,CE,0,0,0,99.45,38.7,0,0,0,0,19-DEC-2017,
OPTSTK,MGL,25-Jan-2018,1180,CE,0,0,0,89.1,31.05,0,0,0,0,19-DEC-2017,
OPTSTK,MGL,25-Jan-2018,1200,CE,0,0,0,79.55,24.6,0,0,0,0,19-DEC-2017,
OPTSTK,MGL,25-Jan-2018,1220,CE,0,0,0,70.75,19.35,0,0,0,0,19-DEC-2017,
OPTSTK,MGL,25-Jan-2018,1240,CE,0,0,0,62.75,14.95,0,0,0,0,19-DEC-2017,
OPTSTK,MGL,25-Jan-2018,1260,CE,0,0,0,55.4,11.4,0,0,0,0,19-DEC-2017,
OPTSTK,MGL,25-Jan-2018,1280,CE,0,0,0,48.8,8.6,0,0,0,0,19-DEC-2017,
OPTSTK,MGL,25-Jan-2018,1300,CE,0,0,0,42.8,6.45,0,0,0,0,19-DEC-2017,
OPTSTK,MGL,25-Jan-2018,1320,CE,0,0,0,37.45,4.75,0,0,0,0,19-DEC-2017,
OPTSTK,MGL,25-Jan-2018,1340,CE,0,0,0,32.7,3.45,0,0,0,0,19-DEC-2017,
OPTSTK,MGL,25-Jan-2018,1360,CE,0,0,0,28.45,2.5,0,0,0,0,19-DEC-2017,
OPTSTK,MGL,25-Jan-2018,1380,CE,0,0,0,24.6,1.8,0,0,0,0,19-DEC-2017,
OPTSTK,MGL,25-Jan-2018,1400,CE,0,0,0,21.25,1.25,0,0,0,0,19-DEC-2017,
OPTSTK,MGL,25-Jan-2018,1420,CE,0,0,0,18.3,0.9,0,0,0,0,19-DEC-2017,
OPTSTK,MGL,25-Jan-2018,1440,CE,0,0,0,15.75,0.6,0,0,0,0,19-DEC-2017,
OPTSTK,MGL,25-Jan-2018,1460,CE,0,0,0,13.5,0.45,0,0,0,0,19-DEC-2017,
OPTSTK,MGL,25-Jan-2018,1480,CE,0,0,0,11.5,0.3,0,0,0,0,19-DEC-2017,
OPTSTK,MGL,25-Jan-2018,780,PE,0,0,0,0.3,0,0,0,0,0,19-DEC-2017,
OPTSTK,MGL,25-Jan-2018,800,PE,0,0,0,0.5,0.05,0,0,0,0,19-DEC-2017,
OPTSTK,MGL,25-Jan-2018,820,PE,0,0,0,0.75,0.05,0,0,0,0,19-DEC-2017,
OPTSTK,MGL,25-Jan-2018,840,PE,0,0,0,1.1,0.05,0,0,0,0,19-DEC-2017,
OPTSTK,MGL,25-Jan-2018,860,PE,0,0,0,1.6,0.15,0,0,0,0,19-DEC-2017,
OPTSTK,MGL,25-Jan-2018,880,PE,0,0,0,2.3,0.25,0,0,0,0,19-DEC-2017,
OPTSTK,MGL,25-Jan-2018,900,PE,0,0,0,3.25,0.45,0,0,0,0,19-DEC-2017,
OPTSTK,MGL,25-Jan-2018,920,PE,0,0,0,4.45,0.8,0,0,0,0,19-DEC-2017,
OPTSTK,MGL,25-Jan-2018,940,PE,0,0,0,6,1.4,0,0,0,0,19-DEC-2017,
OPTSTK,MGL,25-Jan-2018,960,PE,0,0,0,7.95,2.3,0,0,0,0,19-DEC-2017,
OPTSTK,MGL,25-Jan-2018,980,PE,0,0,0,10.35,3.6,0,0,0,0,19-DEC-2017,
OPTSTK,MGL,25-Jan-2018,1000,PE,0,0,0,13.25,5.55,0,0,0,0,19-DEC-2017,
OPTSTK,MGL,25-Jan-2018,1020,PE,0,0,0,16.7,8.2,0,0,0,0,19-DEC-2017,
OPTSTK,MGL,25-Jan-2018,1040,PE,0,0,0,20.8,11.75,0,0,0,0,19-DEC-2017,
OPTSTK,MGL,25-Jan-2018,1060,PE,0,0,0,25.6,16.35,0,0,0,0,19-DEC-2017,
OPTSTK,MGL,25-Jan-2018,1080,PE,0,0,0,31.05,22,0,0,0,0,19-DEC-2017,
OPTSTK,MGL,25-Jan-2018,1100,PE,0,0,0,37.2,29,0,0,0,0,19-DEC-2017,
OPTSTK,MGL,25-Jan-2018,1120,PE,0,0,0,44.2,37.3,0,0,0,0,19-DEC-2017,
OPTSTK,MGL,25-Jan-2018,1140,PE,0,0,0,52,46.95,0,0,0,0,19-DEC-2017,
OPTSTK,MGL,25-Jan-2018,1160,PE,0,0,0,60.55,57.9,0,0,0,0,19-DEC-2017,
OPTSTK,MGL,25-Jan-2018,1180,PE,0,0,0,69.9,70.15,0,0,0,0,19-DEC-2017,
OPTSTK,MGL,25-Jan-2018,1200,PE,0,0,0,80.05,83.55,0,0,0,0,19-DEC-2017,
OPTSTK,MGL,25-Jan-2018,1220,PE,0,0,0,90.95,98.15,0,0,0,0,19-DEC-2017,
OPTSTK,MGL,25-Jan-2018,1240,PE,0,0,0,102.6,113.6,0,0,0,0,19-DEC-2017,
OPTSTK,MGL,25-Jan-2018,1260,PE,0,0,0,114.95,129.95,0,0,0,0,19-DEC-2017,
OPTSTK,MGL,25-Jan-2018,1280,PE,0,0,0,128,147.05,0,0,0,0,19-DEC-2017,
OPTSTK,MGL,25-Jan-2018,1300,PE,0,0,0,141.7,164.75,0,0,0,0,19-DEC-2017,
OPTSTK,MGL,25-Jan-2018,1320,PE,0,0,0,156.05,182.9,0,0,0,0,19-DEC-2017,
OPTSTK,MGL,25-Jan-2018,1340,PE,0,0,0,171,201.5,0,0,0,0,19-DEC-2017,
OPTSTK,MGL,25-Jan-2018,1360,PE,0,0,0,186.4,220.4,0,0,0,0,19-DEC-2017,
OPTSTK,MGL,25-Jan-2018,1380,PE,0,0,0,202.25,239.55,0,0,0,0,19-DEC-2017,
OPTSTK,MGL,25-Jan-2018,1400,PE,0,0,0,218.6,258.9,0,0,0,0,19-DEC-2017,
OPTSTK,MGL,25-Jan-2018,1420,PE,0,0,0,235.35,278.4,0,0,0,0,19-DEC-2017,
OPTSTK,MGL,25-Jan-2018,1440,PE,0,0,0,252.45,298,0,0,0,0,19-DEC-2017,
OPTSTK,MGL,25-Jan-2018,1460,PE,0,0,0,269.9,317.7,0,0,0,0,19-DEC-2017,
OPTSTK,MGL,25-Jan-2018,1480,PE,0,0,0,287.6,337.4,0,0,0,0,19-DEC-2017,
OPTSTK,MGL,22-Feb-2018,780,CE,0,0,0,341.2,362.25,0,0,0,0,19-DEC-2017,
OPTSTK,MGL,22-Feb-2018,800,CE,0,0,0,322.1,342.6,0,0,0,0,19-DEC-2017,
OPTSTK,MGL,22-Feb-2018,820,CE,0,0,0,303.2,322.95,0,0,0,0,19-DEC-2017,
OPTSTK,MGL,22-Feb-2018,840,CE,0,0,0,284.55,303.45,0,0,0,0,19-DEC-2017,
OPTSTK,MGL,22-Feb-2018,860,CE,0,0,0,266.25,284.05,0,0,0,0,19-DEC-2017,
OPTSTK,MGL,22-Feb-2018,880,CE,0,0,0,248.3,264.8,0,0,0,0,19-DEC-2017,
OPTSTK,MGL,22-Feb-2018,900,CE,0,0,0,230.8,245.8,0,0,0,0,19-DEC-2017,
OPTSTK,MGL,22-Feb-2018,920,CE,0,0,0,213.8,227.15,0,0,0,0,19-DEC-2017,
OPTSTK,MGL,22-Feb-2018,940,CE,0,0,0,197.35,208.85,0,0,0,0,19-DEC-2017,
OPTSTK,MGL,22-Feb-2018,960,CE,0,0,0,181.55,191.05,0,0,0,0,19-DEC-2017,
OPTSTK,MGL,22-Feb-2018,980,CE,0,0,0,166.35,173.85,0,0,0,0,19-DEC-2017,
OPTSTK,MGL,22-Feb-2018,1000,CE,0,0,0,151.95,157.25,0,0,0,0,19-DEC-2017,
OPTSTK,MGL,22-Feb-2018,1020,CE,0,0,0,138.15,141.45,0,0,0,0,19-DEC-2017,
OPTSTK,MGL,22-Feb-2018,1040,CE,0,0,0,125.25,126.45,0,0,0,0,19-DEC-2017,
OPTSTK,MGL,22-Feb-2018,1060,CE,0,0,0,113.1,112.3,0,0,0,0,19-DEC-2017,
OPTSTK,MGL,22-Feb-2018,1080,CE,0,0,0,101.75,99.15,0,0,0,0,19-DEC-2017,
OPTSTK,MGL,22-Feb-2018,1100,CE,0,0,0,91.2,86.95,0,0,0,0,19-DEC-2017,
OPTSTK,MGL,22-Feb-2018,1120,CE,0,0,0,81.5,75.8,0,0,0,0,19-DEC-2017,
OPTSTK,MGL,22-Feb-2018,1140,CE,0,0,0,72.55,65.65,0,0,0,0,19-DEC-2017,
OPTSTK,MGL,22-Feb-2018,1160,CE,0,0,0,64.35,56.5,0,0,0,0,19-DEC-2017,
OPTSTK,MGL,22-Feb-2018,1180,CE,0,0,0,56.85,48.3,0,0,0,0,19-DEC-2017,
OPTSTK,MGL,22-Feb-2018,1200,CE,0,0,0,50.1,41.05,0,0,0,0,19-DEC-2017,
OPTSTK,MGL,22-Feb-2018,1220,CE,0,0,0,44,34.65,0,0,0,0,19-DEC-2017,
OPTSTK,MGL,22-Feb-2018,1240,CE,0,0,0,38.5,29.05,0,0,0,0,19-DEC-2017,
OPTSTK,MGL,22-Feb-2018,1260,CE,0,0,0,33.65,24.3,0,0,0,0,19-DEC-2017,
OPTSTK,MGL,22-Feb-2018,1280,CE,0,0,0,29.3,20.15,0,0,0,0,19-DEC-2017,
OPTSTK,MGL,22-Feb-2018,1300,CE,0,0,0,25.4,16.6,0,0,0,0,19-DEC-2017,
OPTSTK,MGL,22-Feb-2018,1320,CE,0,0,0,21.95,13.6,0,0,0,0,19-DEC-2017,
OPTSTK,MGL,22-Feb-2018,1340,CE,0,0,0,18.95,11.1,0,0,0,0,19-DEC-2017,
OPTSTK,MGL,22-Feb-2018,1360,CE,0,0,0,16.3,9,0,0,0,0,19-DEC-2017,
OPTSTK,MGL,22-Feb-2018,1380,CE,0,0,0,14,7.25,0,0,0,0,19-DEC-2017,
OPTSTK,MGL,22-Feb-2018,1400,CE,0,0,0,11.95,5.85,0,0,0,0,19-DEC-2017,
OPTSTK,MGL,22-Feb-2018,1420,CE,0,0,0,10.2,4.65,0,0,0,0,19-DEC-2017,
OPTSTK,MGL,22-Feb-2018,1440,CE,0,0,0,8.7,3.7,0,0,0,0,19-DEC-2017,
OPTSTK,MGL,22-Feb-2018,1460,CE,0,0,0,7.4,2.95,0,0,0,0,19-DEC-2017,
OPTSTK,MGL,22-Feb-2018,1480,CE,0,0,0,6.25,2.3,0,0,0,0,19-DEC-2017,
OPTSTK,MGL,22-Feb-2018,780,PE,0,0,0,1.25,0.15,0,0,0,0,19-DEC-2017,
OPTSTK,MGL,22-Feb-2018,800,PE,0,0,0,1.85,0.2,0,0,0,0,19-DEC-2017,
OPTSTK,MGL,22-Feb-2018,820,PE,0,0,0,2.7,0.35,0,0,0,0,19-DEC-2017,
OPTSTK,MGL,22-Feb-2018,840,PE,0,0,0,3.75,0.6,0,0,0,0,19-DEC-2017,
OPTSTK,MGL,22-Feb-2018,860,PE,0,0,0,5.15,0.95,0,0,0,0,19-DEC-2017,
OPTSTK,MGL,22-Feb-2018,880,PE,0,0,0,6.9,1.5,0,0,0,0,19-DEC-2017,
OPTSTK,MGL,22-Feb-2018,900,PE,0,0,0,9.15,2.3,0,0,0,0,19-DEC-2017,
OPTSTK,MGL,22-Feb-2018,920,PE,0,0,0,11.85,3.4,0,0,0,0,19-DEC-2017,
OPTSTK,MGL,22-Feb-2018,940,PE,0,0,0,15.1,4.9,0,0,0,0,19-DEC-2017,
OPTSTK,MGL,22-Feb-2018,960,PE,0,0,0,19,6.85,0,0,0,0,19-DEC-2017,
OPTSTK,MGL,22-Feb-2018,980,PE,0,0,0,23.55,9.4,0,0,0,0,19-DEC-2017,
OPTSTK,MGL,22-Feb-2018,1000,PE,0,0,0,28.8,12.6,0,0,0,0,19-DEC-2017,
OPTSTK,MGL,22-Feb-2018,1020,PE,0,0,0,34.75,16.55,0,0,0,0,19-DEC-2017,
OPTSTK,MGL,22-Feb-2018,1040,PE,0,0,0,41.5,21.35,0,0,0,0,19-DEC-2017,
OPTSTK,MGL,22-Feb-2018,1060,PE,0,0,0,49.1,26.95,0,0,0,0,19-DEC-2017,
OPTSTK,MGL,22-Feb-2018,1080,PE,0,0,0,57.45,33.55,0,0,0,0,19-DEC-2017,
OPTSTK,MGL,22-Feb-2018,1100,PE,0,0,0,66.65,41.15,0,0,0,0,19-DEC-2017,
OPTSTK,MGL,22-Feb-2018,1120,PE,0,0,0,76.6,49.8,0,0,0,0,19-DEC-2017,
OPTSTK,MGL,22-Feb-2018,1140,PE,0,0,0,87.35,59.4,0,0,0,0,19-DEC-2017,
OPTSTK,MGL,22-Feb-2018,1160,PE,0,0,0,98.85,70,0,0,0,0,19-DEC-2017,
OPTSTK,MGL,22-Feb-2018,1180,PE,0,0,0,111.1,81.6,0,0,0,0,19-DEC-2017,
OPTSTK,MGL,22-Feb-2018,1200,PE,0,0,0,124.05,94.1,0,0,0,0,19-DEC-2017,
OPTSTK,MGL,22-Feb-2018,1220,PE,0,0,0,137.65,107.5,0,0,0,0,19-DEC-2017,
OPTSTK,MGL,22-Feb-2018,1240,PE,0,0,0,151.85,121.7,0,0,0,0,19-DEC-2017,
OPTSTK,MGL,22-Feb-2018,1260,PE,0,0,0,166.75,136.7,0,0,0,0,19-DEC-2017,
OPTSTK,MGL,22-Feb-2018,1280,PE,0,0,0,182.1,152.3,0,0,0,0,19-DEC-2017,
OPTSTK,MGL,22-Feb-2018,1300,PE,0,0,0,197.9,168.55,0,0,0,0,19-DEC-2017,
OPTSTK,MGL,22-Feb-2018,1320,PE,0,0,0,214.15,185.3,0,0,0,0,19-DEC-2017,
OPTSTK,MGL,22-Feb-2018,1340,PE,0,0,0,230.85,202.55,0,0,0,0,19-DEC-2017,
OPTSTK,MGL,22-Feb-2018,1360,PE,0,0,0,247.9,220.25,0,0,0,0,19-DEC-2017,
OPTSTK,MGL,22-Feb-2018,1380,PE,0,0,0,265.3,238.3,0,0,0,0,19-DEC-2017,
OPTSTK,MGL,22-Feb-2018,1400,PE,0,0,0,283,256.6,0,0,0,0,19-DEC-2017,
OPTSTK,MGL,22-Feb-2018,1420,PE,0,0,0,300.95,275.2,0,0,0,0,19-DEC-2017,
OPTSTK,MGL,22-Feb-2018,1440,PE,0,0,0,319.15,294.05,0,0,0,0,19-DEC-2017,
OPTSTK,MGL,22-Feb-2018,1460,PE,0,0,0,337.55,313.05,0,0,0,0,19-DEC-2017,
OPTSTK,MGL,22-Feb-2018,1480,PE,0,0,0,356.15,332.2,0,0,0,0,19-DEC-2017,
OPTSTK,MINDTREE,28-Dec-2017,340,CE,0,0,0,127.4,231.85,0,0,0,0,19-DEC-2017,
OPTSTK,MINDTREE,28-Dec-2017,350,CE,0,0,0,117.75,221.85,0,0,0,0,19-DEC-2017,
OPTSTK,MINDTREE,28-Dec-2017,360,CE,0,0,0,108.2,211.9,0,0,0,0,19-DEC-2017,
OPTSTK,MINDTREE,28-Dec-2017,370,CE,0,0,0,98.8,201.9,0,0,0,0,19-DEC-2017,
OPTSTK,MINDTREE,28-Dec-2017,380,CE,0,0,0,89.55,191.9,0,0,0,0,19-DEC-2017,
OPTSTK,MINDTREE,28-Dec-2017,390,CE,0,0,0,80.65,181.95,0,0,0,0,19-DEC-2017,
OPTSTK,MINDTREE,28-Dec-2017,400,CE,0,0,0,72,171.95,0,0,0,0,19-DEC-2017,
OPTSTK,MINDTREE,28-Dec-2017,410,CE,0,0,0,63.8,161.95,0,0,0,0,19-DEC-2017,
OPTSTK,MINDTREE,28-Dec-2017,420,CE,0,0,0,56.05,151.95,0,0,0,0,19-DEC-2017,
OPTSTK,MINDTREE,28-Dec-2017,430,CE,0,0,0,48.8,142,0,0,0,0,19-DEC-2017,
OPTSTK,MINDTREE,28-Dec-2017,440,CE,0,0,0,42.1,132,0,0,0,0,19-DEC-2017,
OPTSTK,MINDTREE,28-Dec-2017,450,CE,0,0,0,113,122,0,0,3600,0,19-DEC-2017,
OPTSTK,MINDTREE,28-Dec-2017,460,CE,0,0,0,30.5,112.05,0,0,0,0,19-DEC-2017,
OPTSTK,MINDTREE,28-Dec-2017,470,CE,0,0,0,25.6,102.05,0,0,0,0,19-DEC-2017,
OPTSTK,MINDTREE,28-Dec-2017,480,CE,0,0,0,21.3,92.1,0,0,0,0,19-DEC-2017,
OPTSTK,MINDTREE,28-Dec-2017,490,CE,0,0,0,17.55,82.15,0,0,0,0,19-DEC-2017,
OPTSTK,MINDTREE,28-Dec-2017,500,CE,0,0,0,54.5,72.25,0,0,4800,0,19-DEC-2017,
OPTSTK,MINDTREE,28-Dec-2017,510,CE,0,0,0,42.5,62.5,0,0,7200,0,19-DEC-2017,
OPTSTK,MINDTREE,28-Dec-2017,520,CE,0,0,0,25.1,52.95,0,0,9600,0,19-DEC-2017,
OPTSTK,MINDTREE,28-Dec-2017,530,CE,0,0,0,24.85,43.8,0,0,3600,0,19-DEC-2017,
OPTSTK,MINDTREE,28-Dec-2017,540,CE,0,0,0,37.95,35.25,0,0,14400,0,19-DEC-2017,
OPTSTK,MINDTREE,28-Dec-2017,550,CE,26.15,26.15,26.15,26.15,26.15,1,6.91,25200,-1200,19-DEC-2017,
OPTSTK,MINDTREE,28-Dec-2017,560,CE,0,0,0,24.5,20.65,0,0,25200,0,19-DEC-2017,
OPTSTK,MINDTREE,28-Dec-2017,570,CE,15,15.05,11.8,12.35,12.35,7,49.01,33600,-2400,19-DEC-2017,
OPTSTK,MINDTREE,28-Dec-2017,580,CE,10.1,11.45,8.1,8.75,8.75,17,120.33,100800,-2400,19-DEC-2017,
OPTSTK,MINDTREE,28-Dec-2017,590,CE,5.55,6.85,5.5,5.5,5.5,7,50.06,30000,1200,19-DEC-2017,
OPTSTK,MINDTREE,28-Dec-2017,600,CE,5.05,5.05,2.95,3.15,3.15,14,101.42,45600,-3600,19-DEC-2017,
OPTSTK,MINDTREE,28-Dec-2017,610,CE,0,0,0,0.95,2.7,0,0,0,0,19-DEC-2017,
OPTSTK,MINDTREE,28-Dec-2017,620,CE,1.5,1.55,1,1,1,5,37.28,30000,-6000,19-DEC-2017,
OPTSTK,MINDTREE,28-Dec-2017,630,CE,0.95,0.95,0.95,0.95,0.95,2,15.14,6000,-2400,19-DEC-2017,
OPTSTK,MINDTREE,28-Dec-2017,640,CE,0,0,0,1.2,0.5,0,0,8400,0,19-DEC-2017,
OPTSTK,MINDTREE,28-Dec-2017,650,CE,0,0,0,0.8,0.25,0,0,1200,0,19-DEC-2017,
OPTSTK,MINDTREE,28-Dec-2017,660,CE,0,0,0,0.2,0.15,0,0,0,0,19-DEC-2017,
OPTSTK,MINDTREE,28-Dec-2017,670,CE,0,0,0,0.45,0.1,0,0,0,0,19-DEC-2017,
OPTSTK,MINDTREE,28-Dec-2017,680,CE,0,0,0,0.35,0.05,0,0,0,0,19-DEC-2017,
OPTSTK,MINDTREE,28-Dec-2017,340,PE,0,0,0,0.25,0,0,0,0,0,19-DEC-2017,
OPTSTK,MINDTREE,28-Dec-2017,350,PE,0,0,0,0.4,0,0,0,0,0,19-DEC-2017,
OPTSTK,MINDTREE,28-Dec-2017,360,PE,0,0,0,0.7,0,0,0,0,0,19-DEC-2017,
OPTSTK,MINDTREE,28-Dec-2017,370,PE,0,0,0,1.1,0,0,0,0,0,19-DEC-2017,
OPTSTK,MINDTREE,28-Dec-2017,380,PE,0,0,0,1.75,0,0,0,0,0,19-DEC-2017,
OPTSTK,MINDTREE,28-Dec-2017,390,PE,0,0,0,2.65,0,0,0,0,0,19-DEC-2017,
OPTSTK,MINDTREE,28-Dec-2017,400,PE,0,0,0,3.9,0,0,0,0,0,19-DEC-2017,
OPTSTK,MINDTREE,28-Dec-2017,410,PE,0,0,0,5.55,0,0,0,0,0,19-DEC-2017,
OPTSTK,MINDTREE,28-Dec-2017,420,PE,0,0,0,7.6,0,0,0,0,0,19-DEC-2017,
OPTSTK,MINDTREE,28-Dec-2017,430,PE,0,0,0,10.2,0,0,0,0,0,19-DEC-2017,
OPTSTK,MINDTREE,28-Dec-2017,440,PE,0,0,0,13.35,0,0,0,0,0,19-DEC-2017,
OPTSTK,MINDTREE,28-Dec-2017,450,PE,0,0,0,17.1,0,0,0,0,0,19-DEC-2017,
OPTSTK,MINDTREE,28-Dec-2017,460,PE,0,0,0,21.45,0,0,0,0,0,19-DEC-2017,
OPTSTK,MINDTREE,28-Dec-2017,470,PE,0,0,0,26.4,0.05,0,0,0,0,19-DEC-2017,
OPTSTK,MINDTREE,28-Dec-2017,480,PE,0,0,0,5.9,0.05,0,0,1200,0,19-DEC-2017,
OPTSTK,MINDTREE,28-Dec-2017,490,PE,0,0,0,0.7,0.05,0,0,2400,0,19-DEC-2017,
OPTSTK,MINDTREE,28-Dec-2017,500,PE,0,0,0,1.5,0.15,0,0,31200,0,19-DEC-2017,
OPTSTK,MINDTREE,28-Dec-2017,510,PE,0,0,0,51.8,0.4,0,0,0,0,19-DEC-2017,
OPTSTK,MINDTREE,28-Dec-2017,520,PE,0,0,0,6,0.85,0,0,4800,0,19-DEC-2017,
OPTSTK,MINDTREE,28-Dec-2017,530,PE,1.2,1.2,1.2,1.2,1.2,1,6.37,4800,-1200,19-DEC-2017,
OPTSTK,MINDTREE,28-Dec-2017,540,PE,2.7,2.7,2.7,2.7,2.7,1,6.51,13200,0,19-DEC-2017,
OPTSTK,MINDTREE,28-Dec-2017,550,PE,2.55,4.25,2.55,3.6,3.6,4,26.57,15600,0,19-DEC-2017,
OPTSTK,MINDTREE,28-Dec-2017,560,PE,8.1,8.1,8,8,8,3,20.45,16800,-2400,19-DEC-2017,
OPTSTK,MINDTREE,28-Dec-2017,570,PE,10,10,9,9.5,9.5,6,41.74,9600,2400,19-DEC-2017,
OPTSTK,MINDTREE,28-Dec-2017,580,PE,0,0,0,111.2,18.2,0,0,0,0,19-DEC-2017,
OPTSTK,MINDTREE,28-Dec-2017,590,PE,0,0,0,120.55,24.7,0,0,0,0,19-DEC-2017,
OPTSTK,MINDTREE,28-Dec-2017,600,PE,0,0,0,53.25,32.2,0,0,1200,0,19-DEC-2017,
OPTSTK,MINDTREE,28-Dec-2017,610,PE,0,0,0,139.55,40.45,0,0,0,0,19-DEC-2017,
OPTSTK,MINDTREE,28-Dec-2017,620,PE,0,0,0,149.15,49.35,0,0,0,0,19-DEC-2017,
OPTSTK,MINDTREE,28-Dec-2017,630,PE,0,0,0,158.8,58.6,0,0,0,0,19-DEC-2017,
OPTSTK,MINDTREE,28-Dec-2017,640,PE,0,0,0,168.55,68.2,0,0,0,0,19-DEC-2017,
OPTSTK,MINDTREE,28-Dec-2017,650,PE,0,0,0,178.3,77.95,0,0,0,0,19-DEC-2017,
OPTSTK,MINDTREE,28-Dec-2017,660,PE,0,0,0,188.05,87.8,0,0,0,0,19-DEC-2017,
OPTSTK,MINDTREE,28-Dec-2017,670,PE,0,0,0,181.4,97.75,0,0,0,0,19-DEC-2017,
OPTSTK,MINDTREE,28-Dec-2017,680,PE,0,0,0,191.15,107.7,0,0,0,0,19-DEC-2017,
OPTSTK,MINDTREE,25-Jan-2018,340,CE,0,0,0,152,233.55,0,0,0,0,19-DEC-2017,
OPTSTK,MINDTREE,25-Jan-2018,350,CE,0,0,0,142.3,223.6,0,0,0,0,19-DEC-2017,
OPTSTK,MINDTREE,25-Jan-2018,360,CE,0,0,0,132.65,213.65,0,0,0,0,19-DEC-2017,
OPTSTK,MINDTREE,25-Jan-2018,370,CE,0,0,0,123.1,203.75,0,0,0,0,19-DEC-2017,
OPTSTK,MINDTREE,25-Jan-2018,380,CE,0,0,0,113.7,193.8,0,0,0,0,19-DEC-2017,
OPTSTK,MINDTREE,25-Jan-2018,390,CE,0,0,0,104.5,183.85,0,0,0,0,19-DEC-2017,
OPTSTK,MINDTREE,25-Jan-2018,400,CE,0,0,0,95.5,173.95,0,0,0,0,19-DEC-2017,
OPTSTK,MINDTREE,25-Jan-2018,410,CE,0,0,0,86.75,164.05,0,0,0,0,19-DEC-2017,
OPTSTK,MINDTREE,25-Jan-2018,420,CE,0,0,0,78.35,154.15,0,0,0,0,19-DEC-2017,
OPTSTK,MINDTREE,25-Jan-2018,430,CE,0,0,0,70.35,144.3,0,0,0,0,19-DEC-2017,
OPTSTK,MINDTREE,25-Jan-2018,440,CE,0,0,0,62.75,134.5,0,0,0,0,19-DEC-2017,
OPTSTK,MINDTREE,25-Jan-2018,450,CE,0,0,0,55.6,124.8,0,0,0,0,19-DEC-2017,
OPTSTK,MINDTREE,25-Jan-2018,460,CE,0,0,0,48.95,115.2,0,0,0,0,19-DEC-2017,
OPTSTK,MINDTREE,25-Jan-2018,470,CE,0,0,0,42.8,105.75,0,0,0,0,19-DEC-2017,
OPTSTK,MINDTREE,25-Jan-2018,480,CE,0,0,0,37.15,96.5,0,0,0,0,19-DEC-2017,
OPTSTK,MINDTREE,25-Jan-2018,490,CE,0,0,0,32.05,87.5,0,0,0,0,19-DEC-2017,
OPTSTK,MINDTREE,25-Jan-2018,500,CE,0,0,0,27.5,78.8,0,0,0,0,19-DEC-2017,
OPTSTK,MINDTREE,25-Jan-2018,510,CE,0,0,0,23.4,70.45,0,0,0,0,19-DEC-2017,
OPTSTK,MINDTREE,25-Jan-2018,520,CE,0,0,0,19.8,62.5,0,0,0,0,19-DEC-2017,
OPTSTK,MINDTREE,25-Jan-2018,530,CE,0,0,0,16.65,55.1,0,0,0,0,19-DEC-2017,
OPTSTK,MINDTREE,25-Jan-2018,540,CE,0,0,0,13.9,48.1,0,0,0,0,19-DEC-2017,
OPTSTK,MINDTREE,25-Jan-2018,550,CE,0,0,0,11.6,41.7,0,0,0,0,19-DEC-2017,
OPTSTK,MINDTREE,25-Jan-2018,560,CE,0,0,0,9.55,35.85,0,0,0,0,19-DEC-2017,
OPTSTK,MINDTREE,25-Jan-2018,570,CE,0,0,0,7.85,30.55,0,0,0,0,19-DEC-2017,
OPTSTK,MINDTREE,25-Jan-2018,580,CE,0,0,0,6.4,25.8,0,0,0,0,19-DEC-2017,
OPTSTK,MINDTREE,25-Jan-2018,590,CE,0,0,0,5.2,21.65,0,0,0,0,19-DEC-2017,
OPTSTK,MINDTREE,25-Jan-2018,600,CE,0,0,0,4.2,18,0,0,0,0,19-DEC-2017,
OPTSTK,MINDTREE,25-Jan-2018,610,CE,0,0,0,3.4,14.8,0,0,0,0,19-DEC-2017,
OPTSTK,MINDTREE,25-Jan-2018,620,CE,0,0,0,2.7,12.15,0,0,0,0,19-DEC-2017,
OPTSTK,MINDTREE,25-Jan-2018,630,CE,0,0,0,2.15,9.85,0,0,0,0,19-DEC-2017,
OPTSTK,MINDTREE,25-Jan-2018,640,CE,0,0,0,1.7,7.9,0,0,0,0,19-DEC-2017,
OPTSTK,MINDTREE,25-Jan-2018,650,CE,0,0,0,1.35,6.35,0,0,0,0,19-DEC-2017,
OPTSTK,MINDTREE,25-Jan-2018,660,CE,0,0,0,1.05,5,0,0,0,0,19-DEC-2017,
OPTSTK,MINDTREE,25-Jan-2018,670,CE,0,0,0,0.85,3.95,0,0,0,0,19-DEC-2017,
OPTSTK,MINDTREE,25-Jan-2018,680,CE,0,0,0,0.65,3.1,0,0,0,0,19-DEC-2017,
OPTSTK,MINDTREE,25-Jan-2018,340,PE,0,0,0,0.2,0,0,0,0,0,19-DEC-2017,
OPTSTK,MINDTREE,25-Jan-2018,350,PE,0,0,0,0.3,0,0,0,0,0,19-DEC-2017,
OPTSTK,MINDTREE,25-Jan-2018,360,PE,0,0,0,0.5,0,0,0,0,0,19-DEC-2017,
OPTSTK,MINDTREE,25-Jan-2018,370,PE,0,0,0,0.8,0,0,0,0,0,19-DEC-2017,
OPTSTK,MINDTREE,25-Jan-2018,380,PE,0,0,0,1.25,0.05,0,0,0,0,19-DEC-2017,
OPTSTK,MINDTREE,25-Jan-2018,390,PE,0,0,0,1.85,0.05,0,0,0,0,19-DEC-2017,
OPTSTK,MINDTREE,25-Jan-2018,400,PE,0,0,0,2.7,0.05,0,0,0,0,19-DEC-2017,
OPTSTK,MINDTREE,25-Jan-2018,410,PE,0,0,0,3.85,0.05,0,0,0,0,19-DEC-2017,
OPTSTK,MINDTREE,25-Jan-2018,420,PE,0,0,0,5.3,0.1,0,0,0,0,19-DEC-2017,
OPTSTK,MINDTREE,25-Jan-2018,430,PE,0,0,0,7.1,0.2,0,0,0,0,19-DEC-2017,
OPTSTK,MINDTREE,25-Jan-2018,440,PE,0,0,0,9.35,0.35,0,0,0,0,19-DEC-2017,
OPTSTK,MINDTREE,25-Jan-2018,450,PE,0,0,0,12.05,0.55,0,0,0,0,19-DEC-2017,
OPTSTK,MINDTREE,25-Jan-2018,460,PE,0,0,0,15.2,0.9,0,0,0,0,19-DEC-2017,
OPTSTK,MINDTREE,25-Jan-2018,470,PE,0,0,0,18.9,1.4,0,0,0,0,19-DEC-2017,
OPTSTK,MINDTREE,25-Jan-2018,480,PE,0,0,0,23.15,2.05,0,0,0,0,19-DEC-2017,
OPTSTK,MINDTREE,25-Jan-2018,490,PE,0,0,0,27.9,3,0,0,0,0,19-DEC-2017,
OPTSTK,MINDTREE,25-Jan-2018,500,PE,0,0,0,33.15,4.25,0,0,0,0,19-DEC-2017,
OPTSTK,MINDTREE,25-Jan-2018,510,PE,0,0,0,38.9,5.85,0,0,0,0,19-DEC-2017,
OPTSTK,MINDTREE,25-Jan-2018,520,PE,0,0,0,45.15,7.85,0,0,0,0,19-DEC-2017,
OPTSTK,MINDTREE,25-Jan-2018,530,PE,0,0,0,51.85,10.35,0,0,0,0,19-DEC-2017,
OPTSTK,MINDTREE,25-Jan-2018,540,PE,0,0,0,58.95,13.3,0,0,0,0,19-DEC-2017,
OPTSTK,MINDTREE,25-Jan-2018,550,PE,0,0,0,66.45,16.8,0,0,0,0,19-DEC-2017,
OPTSTK,MINDTREE,25-Jan-2018,560,PE,0,0,0,74.3,20.9,0,0,0,0,19-DEC-2017,
OPTSTK,MINDTREE,25-Jan-2018,570,PE,0,0,0,82.4,25.55,0,0,0,0,19-DEC-2017,
OPTSTK,MINDTREE,25-Jan-2018,580,PE,0,0,0,90.8,30.75,0,0,0,0,19-DEC-2017,
OPTSTK,MINDTREE,25-Jan-2018,590,PE,0,0,0,99.45,36.5,0,0,0,0,19-DEC-2017,
OPTSTK,MINDTREE,25-Jan-2018,600,PE,0,0,0,108.3,42.8,0,0,0,0,19-DEC-2017,
OPTSTK,MINDTREE,25-Jan-2018,610,PE,0,0,0,117.3,49.55,0,0,0,0,19-DEC-2017,
OPTSTK,MINDTREE,25-Jan-2018,620,PE,0,0,0,126.5,56.8,0,0,0,0,19-DEC-2017,
OPTSTK,MINDTREE,25-Jan-2018,630,PE,0,0,0,135.8,64.45,0,0,0,0,19-DEC-2017,
OPTSTK,MINDTREE,25-Jan-2018,640,PE,0,0,0,145.2,72.45,0,0,0,0,19-DEC-2017,
OPTSTK,MINDTREE,25-Jan-2018,650,PE,0,0,0,154.65,80.8,0,0,0,0,19-DEC-2017,
OPTSTK,MINDTREE,25-Jan-2018,660,PE,0,0,0,164.2,89.4,0,0,0,0,19-DEC-2017,
OPTSTK,MINDTREE,25-Jan-2018,670,PE,0,0,0,173.85,98.3,0,0,0,0,19-DEC-2017,
OPTSTK,MINDTREE,25-Jan-2018,680,PE,0,0,0,183.5,107.35,0,0,0,0,19-DEC-2017,
OPTSTK,MINDTREE,22-Feb-2018,340,CE,0,0,0,204.4,235.2,0,0,0,0,19-DEC-2017,
OPTSTK,MINDTREE,22-Feb-2018,350,CE,0,0,0,194.7,225.35,0,0,0,0,19-DEC-2017,
OPTSTK,MINDTREE,22-Feb-2018,360,CE,0,0,0,185.05,215.45,0,0,0,0,19-DEC-2017,
OPTSTK,MINDTREE,22-Feb-2018,370,CE,0,0,0,175.45,205.6,0,0,0,0,19-DEC-2017,
OPTSTK,MINDTREE,22-Feb-2018,380,CE,0,0,0,165.95,195.8,0,0,0,0,19-DEC-2017,
OPTSTK,MINDTREE,22-Feb-2018,390,CE,0,0,0,156.6,185.95,0,0,0,0,19-DEC-2017,
OPTSTK,MINDTREE,22-Feb-2018,400,CE,0,0,0,147.35,176.2,0,0,0,0,19-DEC-2017,
OPTSTK,MINDTREE,22-Feb-2018,410,CE,0,0,0,138.25,166.5,0,0,0,0,19-DEC-2017,
OPTSTK,MINDTREE,22-Feb-2018,420,CE,0,0,0,129.4,156.85,0,0,0,0,19-DEC-2017,
OPTSTK,MINDTREE,22-Feb-2018,430,CE,0,0,0,120.75,147.35,0,0,0,0,19-DEC-2017,
OPTSTK,MINDTREE,22-Feb-2018,440,CE,0,0,0,112.35,137.95,0,0,0,0,19-DEC-2017,
OPTSTK,MINDTREE,22-Feb-2018,450,CE,0,0,0,104.2,128.7,0,0,0,0,19-DEC-2017,
OPTSTK,MINDTREE,22-Feb-2018,460,CE,0,0,0,96.4,119.65,0,0,0,0,19-DEC-2017,
OPTSTK,MINDTREE,22-Feb-2018,470,CE,0,0,0,88.9,110.8,0,0,0,0,19-DEC-2017,
OPTSTK,MINDTREE,22-Feb-2018,480,CE,0,0,0,81.7,102.25,0,0,0,0,19-DEC-2017,
OPTSTK,MINDTREE,22-Feb-2018,490,CE,0,0,0,74.8,93.95,0,0,0,0,19-DEC-2017,
OPTSTK,MINDTREE,22-Feb-2018,500,CE,0,0,0,68.35,85.95,0,0,0,0,19-DEC-2017,
OPTSTK,MINDTREE,22-Feb-2018,510,CE,0,0,0,62.25,78.35,0,0,0,0,19-DEC-2017,
OPTSTK,MINDTREE,22-Feb-2018,520,CE,0,0,0,56.55,71.1,0,0,0,0,19-DEC-2017,
OPTSTK,MINDTREE,22-Feb-2018,530,CE,0,0,0,51.2,64.2,0,0,0,0,19-DEC-2017,
OPTSTK,MINDTREE,22-Feb-2018,540,CE,0,0,0,46.2,57.75,0,0,0,0,19-DEC-2017,
OPTSTK,MINDTREE,22-Feb-2018,550,CE,0,0,0,41.6,51.75,0,0,0,0,19-DEC-2017,
OPTSTK,MINDTREE,22-Feb-2018,560,CE,0,0,0,37.35,46.15,0,0,0,0,19-DEC-2017,
OPTSTK,MINDTREE,22-Feb-2018,570,CE,0,0,0,33.4,41,0,0,0,0,19-DEC-2017,
OPTSTK,MINDTREE,22-Feb-2018,580,CE,0,0,0,29.85,36.25,0,0,0,0,19-DEC-2017,
OPTSTK,MINDTREE,22-Feb-2018,590,CE,0,0,0,26.55,31.9,0,0,0,0,19-DEC-2017,
OPTSTK,MINDTREE,22-Feb-2018,600,CE,0,0,0,23.6,28,0,0,0,0,19-DEC-2017,
OPTSTK,MINDTREE,22-Feb-2018,610,CE,0,0,0,20.9,24.45,0,0,0,0,19-DEC-2017,
OPTSTK,MINDTREE,22-Feb-2018,620,CE,0,0,0,18.5,21.25,0,0,0,0,19-DEC-2017,
OPTSTK,MINDTREE,22-Feb-2018,630,CE,0,0,0,16.3,18.4,0,0,0,0,19-DEC-2017,
OPTSTK,MINDTREE,22-Feb-2018,640,CE,0,0,0,14.35,15.9,0,0,0,0,19-DEC-2017,
OPTSTK,MINDTREE,22-Feb-2018,650,CE,0,0,0,12.6,13.7,0,0,0,0,19-DEC-2017,
OPTSTK,MINDTREE,22-Feb-2018,660,CE,0,0,0,11.05,11.7,0,0,0,0,19-DEC-2017,
OPTSTK,MINDTREE,22-Feb-2018,670,CE,0,0,0,9.65,10,0,0,0,0,19-DEC-2017,
OPTSTK,MINDTREE,22-Feb-2018,680,CE,0,0,0,8.4,8.5,0,0,0,0,19-DEC-2017,
OPTSTK,MINDTREE,22-Feb-2018,340,PE,0,0,0,0.25,0.05,0,0,0,0,19-DEC-2017,
OPTSTK,MINDTREE,22-Feb-2018,350,PE,0,0,0,0.4,0.05,0,0,0,0,19-DEC-2017,
OPTSTK,MINDTREE,22-Feb-2018,360,PE,0,0,0,0.6,0.05,0,0,0,0,19-DEC-2017,
OPTSTK,MINDTREE,22-Feb-2018,370,PE,0,0,0,0.85,0.1,0,0,0,0,19-DEC-2017,
OPTSTK,MINDTREE,22-Feb-2018,380,PE,0,0,0,1.2,0.15,0,0,0,0,19-DEC-2017,
OPTSTK,MINDTREE,22-Feb-2018,390,PE,0,0,0,1.7,0.2,0,0,0,0,19-DEC-2017,
OPTSTK,MINDTREE,22-Feb-2018,400,PE,0,0,0,2.3,0.35,0,0,0,0,19-DEC-2017,
OPTSTK,MINDTREE,22-Feb-2018,410,PE,0,0,0,3.1,0.55,0,0,0,0,19-DEC-2017,
OPTSTK,MINDTREE,22-Feb-2018,420,PE,0,0,0,4.1,0.8,0,0,0,0,19-DEC-2017,
OPTSTK,MINDTREE,22-Feb-2018,430,PE,0,0,0,5.3,1.15,0,0,0,0,19-DEC-2017,
OPTSTK,MINDTREE,22-Feb-2018,440,PE,0,0,0,6.75,1.65,0,0,0,0,19-DEC-2017,
OPTSTK,MINDTREE,22-Feb-2018,450,PE,0,0,0,8.45,2.25,0,0,0,0,19-DEC-2017,
OPTSTK,MINDTREE,22-Feb-2018,460,PE,0,0,0,10.45,3.1,0,0,0,0,19-DEC-2017,
OPTSTK,MINDTREE,22-Feb-2018,470,PE,0,0,0,12.8,4.15,0,0,0,0,19-DEC-2017,
OPTSTK,MINDTREE,22-Feb-2018,480,PE,0,0,0,15.5,5.45,0,0,0,0,19-DEC-2017,
OPTSTK,MINDTREE,22-Feb-2018,490,PE,0,0,0,18.5,7.05,0,0,0,0,19-DEC-2017,
OPTSTK,MINDTREE,22-Feb-2018,500,PE,0,0,0,21.85,8.95,0,0,0,0,19-DEC-2017,
OPTSTK,MINDTREE,22-Feb-2018,510,PE,0,0,0,25.65,11.2,0,0,0,0,19-DEC-2017,
OPTSTK,MINDTREE,22-Feb-2018,520,PE,0,0,0,29.75,13.85,0,0,0,0,19-DEC-2017,
OPTSTK,MINDTREE,22-Feb-2018,530,PE,0,0,0,34.25,16.85,0,0,0,0,19-DEC-2017,
OPTSTK,MINDTREE,22-Feb-2018,540,PE,0,0,0,39.15,20.3,0,0,0,0,19-DEC-2017,
OPTSTK,MINDTREE,22-Feb-2018,550,PE,0,0,0,44.35,24.15,0,0,0,0,19-DEC-2017,
OPTSTK,MINDTREE,22-Feb-2018,560,PE,0,0,0,49.95,28.45,0,0,0,0,19-DEC-2017,
OPTSTK,MINDTREE,22-Feb-2018,570,PE,0,0,0,55.9,33.2,0,0,0,0,19-DEC-2017,
OPTSTK,MINDTREE,22-Feb-2018,580,PE,0,0,0,62.2,38.3,0,0,0,0,19-DEC-2017,
OPTSTK,MINDTREE,22-Feb-2018,590,PE,0,0,0,68.75,43.9,0,0,0,0,19-DEC-2017,
OPTSTK,MINDTREE,22-Feb-2018,600,PE,0,0,0,75.65,49.85,0,0,0,0,19-DEC-2017,
OPTSTK,MINDTREE,22-Feb-2018,610,PE,0,0,0,82.8,56.2,0,0,0,0,19-DEC-2017,
OPTSTK,MINDTREE,22-Feb-2018,620,PE,0,0,0,90.25,62.9,0,0,0,0,19-DEC-2017,
OPTSTK,MINDTREE,22-Feb-2018,630,PE,0,0,0,97.95,69.95,0,0,0,0,19-DEC-2017,
OPTSTK,MINDTREE,22-Feb-2018,640,PE,0,0,0,105.8,77.3,0,0,0,0,19-DEC-2017,
OPTSTK,MINDTREE,22-Feb-2018,650,PE,0,0,0,113.9,85,0,0,0,0,19-DEC-2017,
OPTSTK,MINDTREE,22-Feb-2018,660,PE,0,0,0,122.2,92.9,0,0,0,0,19-DEC-2017,
OPTSTK,MINDTREE,22-Feb-2018,670,PE,0,0,0,130.7,101.05,0,0,0,0,19-DEC-2017,
OPTSTK,MINDTREE,22-Feb-2018,680,PE,0,0,0,139.3,109.45,0,0,0,0,19-DEC-2017,
OPTSTK,MOTHERSUMI,28-Dec-2017,200,CE,0,0,0,142.5,192.8,0,0,0,0,19-DEC-2017,
OPTSTK,MOTHERSUMI,28-Dec-2017,210,CE,0,0,0,132.65,182.8,0,0,0,0,19-DEC-2017,
OPTSTK,MOTHERSUMI,28-Dec-2017,220,CE,0,0,0,122.8,172.8,0,0,0,0,19-DEC-2017,
OPTSTK,MOTHERSUMI,28-Dec-2017,230,CE,0,0,0,113,162.85,0,0,0,0,19-DEC-2017,
OPTSTK,MOTHERSUMI,28-Dec-2017,240,CE,0,0,0,103.25,152.85,0,0,0,0,19-DEC-2017,
OPTSTK,MOTHERSUMI,28-Dec-2017,250,CE,0,0,0,93.6,142.85,0,0,0,0,19-DEC-2017,
OPTSTK,MOTHERSUMI,28-Dec-2017,260,CE,0,0,0,84.1,132.85,0,0,0,0,19-DEC-2017,
OPTSTK,MOTHERSUMI,28-Dec-2017,270,CE,0,0,0,74.8,122.9,0,0,0,0,19-DEC-2017,
OPTSTK,MOTHERSUMI,28-Dec-2017,280,CE,0,0,0,65.85,112.9,0,0,0,0,19-DEC-2017,
OPTSTK,MOTHERSUMI,28-Dec-2017,290,CE,0,0,0,71,102.9,0,0,3750,0,19-DEC-2017,
OPTSTK,MOTHERSUMI,28-Dec-2017,300,CE,0,0,0,49.2,92.95,0,0,0,0,19-DEC-2017,
OPTSTK,MOTHERSUMI,28-Dec-2017,310,CE,0,0,0,41.8,82.95,0,0,0,0,19-DEC-2017,
OPTSTK,MOTHERSUMI,28-Dec-2017,320,CE,0,0,0,35,72.95,0,0,0,0,19-DEC-2017,
OPTSTK,MOTHERSUMI,28-Dec-2017,330,CE,0,0,0,47,63,0,0,11250,0,19-DEC-2017,
OPTSTK,MOTHERSUMI,28-Dec-2017,340,CE,0,0,0,23.6,53,0,0,0,0,19-DEC-2017,
OPTSTK,MOTHERSUMI,28-Dec-2017,350,CE,0,0,0,28.3,43.1,0,0,11250,0,19-DEC-2017,
OPTSTK,MOTHERSUMI,28-Dec-2017,360,CE,26,28.1,26,28.1,28.1,9,130.5,101250,18750,19-DEC-2017,
OPTSTK,MOTHERSUMI,28-Dec-2017,370,CE,15,24.3,15,24.3,24.3,25,366.77,300000,-37500,19-DEC-2017,
OPTSTK,MOTHERSUMI,28-Dec-2017,380,CE,8.5,16.95,8.3,15.4,15.4,256,3770.86,285000,-165000,19-DEC-2017,
OPTSTK,MOTHERSUMI,28-Dec-2017,390,CE,4.25,10,4.15,8.65,8.65,652,9721.48,348750,-90000,19-DEC-2017,
OPTSTK,MOTHERSUMI,28-Dec-2017,400,CE,2.05,5.1,2.05,4.25,4.25,1053,15954.1,648750,-41250,19-DEC-2017,
OPTSTK,MOTHERSUMI,28-Dec-2017,410,CE,1.1,2.2,1.1,1.85,1.85,242,3737.83,303750,153750,19-DEC-2017,
OPTSTK,MOTHERSUMI,28-Dec-2017,420,CE,0.6,1,0.6,0.8,0.8,99,1562.31,240000,101250,19-DEC-2017,
OPTSTK,MOTHERSUMI,28-Dec-2017,430,CE,0.45,0.45,0.3,0.35,0.35,8,129.11,41250,7500,19-DEC-2017,
OPTSTK,MOTHERSUMI,28-Dec-2017,440,CE,0.3,0.3,0.3,0.3,0.3,2,33.02,11250,7500,19-DEC-2017,
OPTSTK,MOTHERSUMI,28-Dec-2017,450,CE,0,0,0,1.15,0.05,0,0,0,0,19-DEC-2017,
OPTSTK,MOTHERSUMI,28-Dec-2017,460,CE,0,0,0,0.85,0.05,0,0,0,0,19-DEC-2017,
OPTSTK,MOTHERSUMI,28-Dec-2017,200,PE,0,0,0,0.05,0,0,0,0,0,19-DEC-2017,
OPTSTK,MOTHERSUMI,28-Dec-2017,210,PE,0,0,0,0.05,0,0,0,0,0,19-DEC-2017,
OPTSTK,MOTHERSUMI,28-Dec-2017,220,PE,0,0,0,0.05,0,0,0,0,0,19-DEC-2017,
OPTSTK,MOTHERSUMI,28-Dec-2017,230,PE,0,0,0,0.1,0,0,0,0,0,19-DEC-2017,
OPTSTK,MOTHERSUMI,28-Dec-2017,240,PE,0,0,0,0.2,0,0,0,0,0,19-DEC-2017,
OPTSTK,MOTHERSUMI,28-Dec-2017,250,PE,0,0,0,0.35,0,0,0,0,0,19-DEC-2017,
OPTSTK,MOTHERSUMI,28-Dec-2017,260,PE,0,0,0,0.7,0,0,0,0,0,19-DEC-2017,
OPTSTK,MOTHERSUMI,28-Dec-2017,270,PE,0,0,0,1.25,0,0,0,0,0,19-DEC-2017,
OPTSTK,MOTHERSUMI,28-Dec-2017,280,PE,0,0,0,2.15,0,0,0,0,0,19-DEC-2017,
OPTSTK,MOTHERSUMI,28-Dec-2017,290,PE,0,0,0,3.4,0,0,0,0,0,19-DEC-2017,
OPTSTK,MOTHERSUMI,28-Dec-2017,300,PE,0,0,0,5.2,0,0,0,0,0,19-DEC-2017,
OPTSTK,MOTHERSUMI,28-Dec-2017,310,PE,0,0,0,0.25,0,0,0,7500,0,19-DEC-2017,
OPTSTK,MOTHERSUMI,28-Dec-2017,320,PE,0,0,0,10.65,0,0,0,0,0,19-DEC-2017,
OPTSTK,MOTHERSUMI,28-Dec-2017,330,PE,0.05,0.1,0.05,0.1,0.1,2,24.75,52500,0,19-DEC-2017,
OPTSTK,MOTHERSUMI,28-Dec-2017,340,PE,0.1,0.15,0.1,0.15,0.15,4,51.02,101250,-3750,19-DEC-2017,
OPTSTK,MOTHERSUMI,28-Dec-2017,350,PE,0.3,0.4,0.2,0.4,0.4,66,867.11,397500,176250,19-DEC-2017,
OPTSTK,MOTHERSUMI,28-Dec-2017,360,PE,0.95,0.95,0.35,0.45,0.45,53,716.44,221250,11250,19-DEC-2017,
OPTSTK,MOTHERSUMI,28-Dec-2017,370,PE,1.75,1.8,0.65,0.75,0.75,166,2309.4,270000,7500,19-DEC-2017,
OPTSTK,MOTHERSUMI,28-Dec-2017,380,PE,5.3,5.3,1.7,1.95,1.95,274,3931.42,375000,243750,19-DEC-2017,
OPTSTK,MOTHERSUMI,28-Dec-2017,390,PE,9.85,9.85,4.05,4.8,4.8,197,2922.4,307500,277500,19-DEC-2017,
OPTSTK,MOTHERSUMI,28-Dec-2017,400,PE,16.7,16.7,9.5,10.3,10.3,16,247.03,30000,15000,19-DEC-2017,
OPTSTK,MOTHERSUMI,28-Dec-2017,410,PE,0,0,0,68.3,19.25,0,0,0,0,19-DEC-2017,
OPTSTK,MOTHERSUMI,28-Dec-2017,420,PE,0,0,0,77.1,27.85,0,0,0,0,19-DEC-2017,
OPTSTK,MOTHERSUMI,28-Dec-2017,430,PE,0,0,0,86.15,37.2,0,0,0,0,19-DEC-2017,
OPTSTK,MOTHERSUMI,28-Dec-2017,440,PE,0,0,0,95.4,47,0,0,0,0,19-DEC-2017,
OPTSTK,MOTHERSUMI,28-Dec-2017,450,PE,0,0,0,104.8,56.9,0,0,0,0,19-DEC-2017,
OPTSTK,MOTHERSUMI,28-Dec-2017,460,PE,0,0,0,114.35,66.85,0,0,0,0,19-DEC-2017,
OPTSTK,MOTHERSUMI,25-Jan-2018,220,CE,0,0,0,138.65,173.9,0,0,0,0,19-DEC-2017,
OPTSTK,MOTHERSUMI,25-Jan-2018,230,CE,0,0,0,128.85,163.95,0,0,0,0,19-DEC-2017,
OPTSTK,MOTHERSUMI,25-Jan-2018,240,CE,0,0,0,119,154.05,0,0,0,0,19-DEC-2017,
OPTSTK,MOTHERSUMI,25-Jan-2018,250,CE,0,0,0,109.15,144.1,0,0,0,0,19-DEC-2017,
OPTSTK,MOTHERSUMI,25-Jan-2018,260,CE,0,0,0,99.3,134.15,0,0,0,0,19-DEC-2017,
OPTSTK,MOTHERSUMI,25-Jan-2018,270,CE,0,0,0,89.5,124.25,0,0,0,0,19-DEC-2017,
OPTSTK,MOTHERSUMI,25-Jan-2018,280,CE,0,0,0,79.8,114.3,0,0,0,0,19-DEC-2017,
OPTSTK,MOTHERSUMI,25-Jan-2018,290,CE,0,0,0,70.2,104.35,0,0,0,0,19-DEC-2017,
OPTSTK,MOTHERSUMI,25-Jan-2018,300,CE,0,0,0,60.8,94.45,0,0,0,0,19-DEC-2017,
OPTSTK,MOTHERSUMI,25-Jan-2018,310,CE,0,0,0,51.75,84.6,0,0,0,0,19-DEC-2017,
OPTSTK,MOTHERSUMI,25-Jan-2018,320,CE,0,0,0,43.25,74.8,0,0,0,0,19-DEC-2017,
OPTSTK,MOTHERSUMI,25-Jan-2018,330,CE,0,0,0,35.35,65.2,0,0,0,0,19-DEC-2017,
OPTSTK,MOTHERSUMI,25-Jan-2018,340,CE,0,0,0,28.25,55.9,0,0,0,0,19-DEC-2017,
OPTSTK,MOTHERSUMI,25-Jan-2018,350,CE,0,0,0,22.05,47,0,0,0,0,19-DEC-2017,
OPTSTK,MOTHERSUMI,25-Jan-2018,360,CE,0,0,0,16.8,38.65,0,0,0,0,19-DEC-2017,
OPTSTK,MOTHERSUMI,25-Jan-2018,370,CE,0,0,0,20.4,31.1,0,0,0,0,19-DEC-2017,
OPTSTK,MOTHERSUMI,25-Jan-2018,380,CE,0,0,0,9.05,24.4,0,0,0,0,19-DEC-2017,
OPTSTK,MOTHERSUMI,25-Jan-2018,390,CE,16.5,16.5,15.75,15.75,15.75,26,169.02,22400,22400,19-DEC-2017,
OPTSTK,MOTHERSUMI,25-Jan-2018,400,CE,9.4,11.25,9.4,11.25,11.25,3,19.71,4800,4800,19-DEC-2017,
OPTSTK,MOTHERSUMI,25-Jan-2018,410,CE,0,0,0,3,10.05,0,0,0,0,19-DEC-2017,
OPTSTK,MOTHERSUMI,25-Jan-2018,420,CE,5.05,5.7,5.05,5.7,5.7,10,68.08,12800,12800,19-DEC-2017,
OPTSTK,MOTHERSUMI,25-Jan-2018,430,CE,0,0,0,1.3,4.85,0,0,0,0,19-DEC-2017,
OPTSTK,MOTHERSUMI,25-Jan-2018,440,CE,0,0,0,0.8,3.25,0,0,0,0,19-DEC-2017,
OPTSTK,MOTHERSUMI,25-Jan-2018,450,CE,0,0,0,0.5,2.15,0,0,0,0,19-DEC-2017,
OPTSTK,MOTHERSUMI,25-Jan-2018,460,CE,0,0,0,0.3,1.35,0,0,0,0,19-DEC-2017,
OPTSTK,MOTHERSUMI,25-Jan-2018,220,PE,0,0,0,0.05,0,0,0,0,0,19-DEC-2017,
OPTSTK,MOTHERSUMI,25-Jan-2018,230,PE,0,0,0,0.05,0,0,0,0,0,19-DEC-2017,
OPTSTK,MOTHERSUMI,25-Jan-2018,240,PE,0,0,0,0.05,0,0,0,0,0,19-DEC-2017,
OPTSTK,MOTHERSUMI,25-Jan-2018,250,PE,0,0,0,0.05,0,0,0,0,0,19-DEC-2017,
OPTSTK,MOTHERSUMI,25-Jan-2018,260,PE,0,0,0,0.05,0,0,0,0,0,19-DEC-2017,
OPTSTK,MOTHERSUMI,25-Jan-2018,270,PE,0,0,0,0.1,0,0,0,0,0,19-DEC-2017,
OPTSTK,MOTHERSUMI,25-Jan-2018,280,PE,0,0,0,0.2,0,0,0,0,0,19-DEC-2017,
OPTSTK,MOTHERSUMI,25-Jan-2018,290,PE,0,0,0,0.45,0.05,0,0,0,0,19-DEC-2017,
OPTSTK,MOTHERSUMI,25-Jan-2018,300,PE,0,0,0,0.9,0.05,0,0,0,0,19-DEC-2017,
OPTSTK,MOTHERSUMI,25-Jan-2018,310,PE,0,0,0,1.7,0.15,0,0,0,0,19-DEC-2017,
OPTSTK,MOTHERSUMI,25-Jan-2018,320,PE,0,0,0,3,0.3,0,0,0,0,19-DEC-2017,
OPTSTK,MOTHERSUMI,25-Jan-2018,330,PE,0,0,0,4.95,0.6,0,0,0,0,19-DEC-2017,
OPTSTK,MOTHERSUMI,25-Jan-2018,340,PE,0,0,0,7.7,1.25,0,0,0,0,19-DEC-2017,
OPTSTK,MOTHERSUMI,25-Jan-2018,350,PE,0,0,0,11.35,2.25,0,0,0,0,19-DEC-2017,
OPTSTK,MOTHERSUMI,25-Jan-2018,360,PE,3.05,3.05,2.4,2.4,2.4,12,69.67,17600,17600,19-DEC-2017,
OPTSTK,MOTHERSUMI,25-Jan-2018,370,PE,4.5,4.5,4.5,4.5,4.5,4,23.96,9600,6400,19-DEC-2017,
OPTSTK,MOTHERSUMI,25-Jan-2018,380,PE,7,7.05,7,7.05,7.05,3,18.57,4800,4800,19-DEC-2017,
OPTSTK,MOTHERSUMI,25-Jan-2018,390,PE,11.45,11.9,10.7,11.9,11.9,4,25.68,4800,4800,19-DEC-2017,
OPTSTK,MOTHERSUMI,25-Jan-2018,400,PE,0,0,0,42.95,18.8,0,0,0,0,19-DEC-2017,
OPTSTK,MOTHERSUMI,25-Jan-2018,410,PE,0,0,0,51.4,24.95,0,0,0,0,19-DEC-2017,
OPTSTK,MOTHERSUMI,25-Jan-2018,420,PE,0,0,0,60.2,31.9,0,0,0,0,19-DEC-2017,
OPTSTK,MOTHERSUMI,25-Jan-2018,430,PE,0,0,0,69.35,39.6,0,0,0,0,19-DEC-2017,
OPTSTK,MOTHERSUMI,25-Jan-2018,440,PE,0,0,0,78.7,47.95,0,0,0,0,19-DEC-2017,
OPTSTK,MOTHERSUMI,25-Jan-2018,450,PE,0,0,0,88.25,56.75,0,0,0,0,19-DEC-2017,
OPTSTK,MOTHERSUMI,25-Jan-2018,460,PE,0,0,0,97.9,65.9,0,0,0,0,19-DEC-2017,
OPTSTK,MOTHERSUMI,22-Feb-2018,230,CE,0,0,0,138.6,165.1,0,0,0,0,19-DEC-2017,
OPTSTK,MOTHERSUMI,22-Feb-2018,240,CE,0,0,0,128.75,155.2,0,0,0,0,19-DEC-2017,
OPTSTK,MOTHERSUMI,22-Feb-2018,250,CE,0,0,0,118.9,145.3,0,0,0,0,19-DEC-2017,
OPTSTK,MOTHERSUMI,22-Feb-2018,260,CE,0,0,0,109.1,135.45,0,0,0,0,19-DEC-2017,
OPTSTK,MOTHERSUMI,22-Feb-2018,270,CE,0,0,0,99.35,125.6,0,0,0,0,19-DEC-2017,
OPTSTK,MOTHERSUMI,22-Feb-2018,280,CE,0,0,0,89.65,115.75,0,0,0,0,19-DEC-2017,
OPTSTK,MOTHERSUMI,22-Feb-2018,290,CE,0,0,0,80.15,105.95,0,0,0,0,19-DEC-2017,
OPTSTK,MOTHERSUMI,22-Feb-2018,300,CE,0,0,0,70.9,96.25,0,0,0,0,19-DEC-2017,
OPTSTK,MOTHERSUMI,22-Feb-2018,310,CE,0,0,0,61.95,86.65,0,0,0,0,19-DEC-2017,
OPTSTK,MOTHERSUMI,22-Feb-2018,320,CE,0,0,0,53.45,77.3,0,0,0,0,19-DEC-2017,
OPTSTK,MOTHERSUMI,22-Feb-2018,330,CE,0,0,0,45.5,68.2,0,0,0,0,19-DEC-2017,
OPTSTK,MOTHERSUMI,22-Feb-2018,340,CE,0,0,0,38.2,59.5,0,0,0,0,19-DEC-2017,
OPTSTK,MOTHERSUMI,22-Feb-2018,350,CE,0,0,0,31.6,51.3,0,0,0,0,19-DEC-2017,
OPTSTK,MOTHERSUMI,22-Feb-2018,360,CE,0,0,0,25.75,43.65,0,0,0,0,19-DEC-2017,
OPTSTK,MOTHERSUMI,22-Feb-2018,370,CE,0,0,0,20.65,36.65,0,0,0,0,19-DEC-2017,
OPTSTK,MOTHERSUMI,22-Feb-2018,380,CE,0,0,0,16.3,30.35,0,0,0,0,19-DEC-2017,
OPTSTK,MOTHERSUMI,22-Feb-2018,390,CE,0,0,0,12.7,24.8,0,0,0,0,19-DEC-2017,
OPTSTK,MOTHERSUMI,22-Feb-2018,400,CE,0,0,0,9.75,19.95,0,0,0,0,19-DEC-2017,
OPTSTK,MOTHERSUMI,22-Feb-2018,410,CE,0,0,0,7.4,15.85,0,0,0,0,19-DEC-2017,
OPTSTK,MOTHERSUMI,22-Feb-2018,420,CE,0,0,0,5.55,12.45,0,0,0,0,19-DEC-2017,
OPTSTK,MOTHERSUMI,22-Feb-2018,430,CE,0,0,0,4.05,9.6,0,0,0,0,19-DEC-2017,
OPTSTK,MOTHERSUMI,22-Feb-2018,440,CE,0,0,0,2.95,7.35,0,0,0,0,19-DEC-2017,
OPTSTK,MOTHERSUMI,22-Feb-2018,450,CE,0,0,0,2.15,5.55,0,0,0,0,19-DEC-2017,
OPTSTK,MOTHERSUMI,22-Feb-2018,460,CE,0,0,0,1.5,4.15,0,0,0,0,19-DEC-2017,
OPTSTK,MOTHERSUMI,22-Feb-2018,230,PE,0,0,0,0.05,0,0,0,0,0,19-DEC-2017,
OPTSTK,MOTHERSUMI,22-Feb-2018,240,PE,0,0,0,0.05,0,0,0,0,0,19-DEC-2017,
OPTSTK,MOTHERSUMI,22-Feb-2018,250,PE,0,0,0,0.05,0,0,0,0,0,19-DEC-2017,
OPTSTK,MOTHERSUMI,22-Feb-2018,260,PE,0,0,0,0.1,0.05,0,0,0,0,19-DEC-2017,
OPTSTK,MOTHERSUMI,22-Feb-2018,270,PE,0,0,0,0.2,0.05,0,0,0,0,19-DEC-2017,
OPTSTK,MOTHERSUMI,22-Feb-2018,280,PE,0,0,0,0.4,0.1,0,0,0,0,19-DEC-2017,
OPTSTK,MOTHERSUMI,22-Feb-2018,290,PE,0,0,0,0.75,0.2,0,0,0,0,19-DEC-2017,
OPTSTK,MOTHERSUMI,22-Feb-2018,300,PE,0,0,0,1.35,0.35,0,0,0,0,19-DEC-2017,
OPTSTK,MOTHERSUMI,22-Feb-2018,310,PE,0,0,0,2.25,0.65,0,0,0,0,19-DEC-2017,
OPTSTK,MOTHERSUMI,22-Feb-2018,320,PE,0,0,0,3.6,1.2,0,0,0,0,19-DEC-2017,
OPTSTK,MOTHERSUMI,22-Feb-2018,330,PE,0,0,0,5.5,2,0,0,0,0,19-DEC-2017,
OPTSTK,MOTHERSUMI,22-Feb-2018,340,PE,0,0,0,8.05,3.2,0,0,0,0,19-DEC-2017,
OPTSTK,MOTHERSUMI,22-Feb-2018,350,PE,0,0,0,11.3,4.85,0,0,0,0,19-DEC-2017,
OPTSTK,MOTHERSUMI,22-Feb-2018,360,PE,0,0,0,15.3,7.1,0,0,0,0,19-DEC-2017,
OPTSTK,MOTHERSUMI,22-Feb-2018,370,PE,0,0,0,20.05,9.95,0,0,0,0,19-DEC-2017,
OPTSTK,MOTHERSUMI,22-Feb-2018,380,PE,0,0,0,25.6,13.55,0,0,0,0,19-DEC-2017,
OPTSTK,MOTHERSUMI,22-Feb-2018,390,PE,0,0,0,31.85,17.9,0,0,0,0,19-DEC-2017,
OPTSTK,MOTHERSUMI,22-Feb-2018,400,PE,0,0,0,38.75,22.95,0,0,0,0,19-DEC-2017,
OPTSTK,MOTHERSUMI,22-Feb-2018,410,PE,0,0,0,46.25,28.75,0,0,0,0,19-DEC-2017,
OPTSTK,MOTHERSUMI,22-Feb-2018,420,PE,0,0,0,54.2,35.2,0,0,0,0,19-DEC-2017,
OPTSTK,MOTHERSUMI,22-Feb-2018,430,PE,0,0,0,62.6,42.25,0,0,0,0,19-DEC-2017,
OPTSTK,MOTHERSUMI,22-Feb-2018,440,PE,0,0,0,71.35,49.9,0,0,0,0,19-DEC-2017,
OPTSTK,MOTHERSUMI,22-Feb-2018,450,PE,0,0,0,80.4,57.95,0,0,0,0,19-DEC-2017,
OPTSTK,MOTHERSUMI,22-Feb-2018,460,PE,0,0,0,89.6,66.45,0,0,0,0,19-DEC-2017,
OPTSTK,MRF,28-Dec-2017,61250,CE,0,0,0,3520,8236.3,0,0,0,0,19-DEC-2017,
OPTSTK,MRF,28-Dec-2017,61300,CE,0,0,0,3491.9,8186.5,0,0,0,0,19-DEC-2017,
OPTSTK,MRF,28-Dec-2017,61350,CE,0,0,0,3464,8136.65,0,0,0,0,19-DEC-2017,
OPTSTK,MRF,28-Dec-2017,61400,CE,0,0,0,3436.25,8086.85,0,0,0,0,19-DEC-2017,
OPTSTK,MRF,28-Dec-2017,61450,CE,0,0,0,3408.6,8037.05,0,0,0,0,19-DEC-2017,
OPTSTK,MRF,28-Dec-2017,61500,CE,0,0,0,3381.1,7987.2,0,0,0,0,19-DEC-2017,
OPTSTK,MRF,28-Dec-2017,61550,CE,0,0,0,3353.75,7937.4,0,0,0,0,19-DEC-2017,
OPTSTK,MRF,28-Dec-2017,61600,CE,0,0,0,3326.6,7887.65,0,0,0,0,19-DEC-2017,
OPTSTK,MRF,28-Dec-2017,61650,CE,0,0,0,3299.55,7837.85,0,0,0,0,19-DEC-2017,
OPTSTK,MRF,28-Dec-2017,61700,CE,0,0,0,3272.6,7788.1,0,0,0,0,19-DEC-2017,
OPTSTK,MRF,28-Dec-2017,61750,CE,0,0,0,3245.85,7738.3,0,0,0,0,19-DEC-2017,
OPTSTK,MRF,28-Dec-2017,61800,CE,0,0,0,3219.25,7688.55,0,0,0,0,19-DEC-2017,
OPTSTK,MRF,28-Dec-2017,61850,CE,0,0,0,3192.75,7638.8,0,0,0,0,19-DEC-2017,
OPTSTK,MRF,28-Dec-2017,61900,CE,0,0,0,3166.45,7589.1,0,0,0,0,19-DEC-2017,
OPTSTK,MRF,28-Dec-2017,61950,CE,0,0,0,3140.25,7539.35,0,0,0,0,19-DEC-2017,
OPTSTK,MRF,28-Dec-2017,62000,CE,0,0,0,3114.2,7489.65,0,0,0,0,19-DEC-2017,
OPTSTK,MRF,28-Dec-2017,62050,CE,0,0,0,3088.3,7439.95,0,0,0,0,19-DEC-2017,
OPTSTK,MRF,28-Dec-2017,62100,CE,0,0,0,3062.55,7390.25,0,0,0,0,19-DEC-2017,
OPTSTK,MRF,28-Dec-2017,62150,CE,0,0,0,3036.95,7340.6,0,0,0,0,19-DEC-2017,
OPTSTK,MRF,28-Dec-2017,62200,CE,0,0,0,3011.5,7290.9,0,0,0,0,19-DEC-2017,
OPTSTK,MRF,28-Dec-2017,62250,CE,0,0,0,2986.2,7241.25,0,0,0,0,19-DEC-2017,
OPTSTK,MRF,28-Dec-2017,62300,CE,0,0,0,2961,7191.65,0,0,0,0,19-DEC-2017,
OPTSTK,MRF,28-Dec-2017,62350,CE,0,0,0,2936,7142,0,0,0,0,19-DEC-2017,
OPTSTK,MRF,28-Dec-2017,62400,CE,0,0,0,2911.1,7092.4,0,0,0,0,19-DEC-2017,
OPTSTK,MRF,28-Dec-2017,62450,CE,0,0,0,2886.35,7042.85,0,0,0,0,19-DEC-2017,
OPTSTK,MRF,28-Dec-2017,62500,CE,0,0,0,2861.5,6993.25,0,0,0,0,19-DEC-2017,
OPTSTK,MRF,28-Dec-2017,62550,CE,0,0,0,2837.05,6943.7,0,0,0,0,19-DEC-2017,
OPTSTK,MRF,28-Dec-2017,62600,CE,0,0,0,2812.75,6894.2,0,0,0,0,19-DEC-2017,
OPTSTK,MRF,28-Dec-2017,62650,CE,0,0,0,2788.6,6844.7,0,0,0,0,19-DEC-2017,
OPTSTK,MRF,28-Dec-2017,62700,CE,0,0,0,2764.55,6795.2,0,0,0,0,19-DEC-2017,
OPTSTK,MRF,28-Dec-2017,62750,CE,0,0,0,2740.7,6745.75,0,0,0,0,19-DEC-2017,
OPTSTK,MRF,28-Dec-2017,62800,CE,0,0,0,2716.95,6696.3,0,0,0,0,19-DEC-2017,
OPTSTK,MRF,28-Dec-2017,62850,CE,0,0,0,2693.35,6646.9,0,0,0,0,19-DEC-2017,
OPTSTK,MRF,28-Dec-2017,62900,CE,0,0,0,3333.55,6597.5,0,0,0,0,19-DEC-2017,
OPTSTK,MRF,28-Dec-2017,62950,CE,0,0,0,3307.15,6548.15,0,0,0,0,19-DEC-2017,
OPTSTK,MRF,28-Dec-2017,63000,CE,0,0,0,3280.9,6498.8,0,0,0,0,19-DEC-2017,
OPTSTK,MRF,28-Dec-2017,63050,CE,0,0,0,3254.8,6449.5,0,0,0,0,19-DEC-2017,
OPTSTK,MRF,28-Dec-2017,63100,CE,0,0,0,3228.8,6400.25,0,0,0,0,19-DEC-2017,
OPTSTK,MRF,28-Dec-2017,63150,CE,0,0,0,3203,6351,0,0,0,0,19-DEC-2017,
OPTSTK,MRF,28-Dec-2017,63200,CE,0,0,0,3177.3,6301.75,0,0,0,0,19-DEC-2017,
OPTSTK,MRF,28-Dec-2017,63250,CE,0,0,0,3151.75,6252.6,0,0,0,0,19-DEC-2017,
OPTSTK,MRF,28-Dec-2017,63300,CE,0,0,0,3126.3,6203.45,0,0,0,0,19-DEC-2017,
OPTSTK,MRF,28-Dec-2017,63350,CE,0,0,0,3101.05,6154.35,0,0,0,0,19-DEC-2017,
OPTSTK,MRF,28-Dec-2017,63400,CE,0,0,0,3075.9,6105.3,0,0,0,0,19-DEC-2017,
OPTSTK,MRF,28-Dec-2017,63450,CE,0,0,0,3050.9,6056.25,0,0,0,0,19-DEC-2017,
OPTSTK,MRF,28-Dec-2017,63500,CE,0,0,0,3026.05,6007.25,0,0,0,0,19-DEC-2017,
OPTSTK,MRF,28-Dec-2017,63550,CE,0,0,0,3001.3,5958.3,0,0,0,0,19-DEC-2017,
OPTSTK,MRF,28-Dec-2017,63600,CE,0,0,0,2976.5,5909.4,0,0,0,0,19-DEC-2017,
OPTSTK,MRF,28-Dec-2017,63650,CE,0,0,0,2952.05,5860.55,0,0,0,0,19-DEC-2017,
OPTSTK,MRF,28-Dec-2017,63700,CE,0,0,0,2927.7,5811.75,0,0,0,0,19-DEC-2017,
OPTSTK,MRF,28-Dec-2017,63750,CE,0,0,0,2903.55,5763,0,0,0,0,19-DEC-2017,
OPTSTK,MRF,28-Dec-2017,63800,CE,0,0,0,2879.5,5714.3,0,0,0,0,19-DEC-2017,
OPTSTK,MRF,28-Dec-2017,63850,CE,0,0,0,2855.65,5665.65,0,0,0,0,19-DEC-2017,
OPTSTK,MRF,28-Dec-2017,63900,CE,0,0,0,2831.85,5617.05,0,0,0,0,19-DEC-2017,
OPTSTK,MRF,28-Dec-2017,63950,CE,0,0,0,2808.25,5568.5,0,0,0,0,19-DEC-2017,
OPTSTK,MRF,28-Dec-2017,64000,CE,0,0,0,2784.75,5520,0,0,0,0,19-DEC-2017,
OPTSTK,MRF,28-Dec-2017,64050,CE,0,0,0,2888.9,5471.6,0,0,0,0,19-DEC-2017,
OPTSTK,MRF,28-Dec-2017,64100,CE,0,0,0,2864.55,5423.25,0,0,0,0,19-DEC-2017,
OPTSTK,MRF,28-Dec-2017,64150,CE,0,0,0,2840.35,5374.95,0,0,0,0,19-DEC-2017,
OPTSTK,MRF,28-Dec-2017,64200,CE,0,0,0,2816.3,5326.7,0,0,0,0,19-DEC-2017,
OPTSTK,MRF,28-Dec-2017,64250,CE,0,0,0,2792.35,5278.55,0,0,0,0,19-DEC-2017,
OPTSTK,MRF,28-Dec-2017,64300,CE,0,0,0,2768.6,5230.45,0,0,0,0,19-DEC-2017,
OPTSTK,MRF,28-Dec-2017,64350,CE,0,0,0,2744.95,5182.45,0,0,0,0,19-DEC-2017,
OPTSTK,MRF,28-Dec-2017,64400,CE,0,0,0,2721.45,5134.5,0,0,0,0,19-DEC-2017,
OPTSTK,MRF,28-Dec-2017,64450,CE,0,0,0,3174.7,5086.65,0,0,0,0,19-DEC-2017,
OPTSTK,MRF,28-Dec-2017,64500,CE,0,0,0,3148.65,5038.85,0,0,0,0,19-DEC-2017,
OPTSTK,MRF,28-Dec-2017,64550,CE,0,0,0,3122.75,4991.2,0,0,0,0,19-DEC-2017,
OPTSTK,MRF,28-Dec-2017,64600,CE,0,0,0,3097,4943.55,0,0,0,0,19-DEC-2017,
OPTSTK,MRF,28-Dec-2017,64650,CE,0,0,0,3071.4,4896.05,0,0,0,0,19-DEC-2017,
OPTSTK,MRF,28-Dec-2017,64700,CE,0,0,0,3045.95,4848.6,0,0,0,0,19-DEC-2017,
OPTSTK,MRF,28-Dec-2017,64750,CE,0,0,0,3020.6,4801.25,0,0,0,0,19-DEC-2017,
OPTSTK,MRF,28-Dec-2017,64800,CE,0,0,0,2995.45,4754.05,0,0,0,0,19-DEC-2017,
OPTSTK,MRF,28-Dec-2017,64850,CE,0,0,0,2970.4,4706.9,0,0,0,0,19-DEC-2017,
OPTSTK,MRF,28-Dec-2017,64900,CE,0,0,0,2945.5,4659.85,0,0,0,0,19-DEC-2017,
OPTSTK,MRF,28-Dec-2017,64950,CE,0,0,0,2920.75,4612.9,0,0,0,0,19-DEC-2017,
OPTSTK,MRF,28-Dec-2017,65000,CE,0,0,0,2895.9,4566.1,0,0,0,0,19-DEC-2017,
OPTSTK,MRF,28-Dec-2017,65050,CE,0,0,0,2871.45,4519.35,0,0,0,0,19-DEC-2017,
OPTSTK,MRF,28-Dec-2017,65100,CE,0,0,0,2847.1,4472.75,0,0,0,0,19-DEC-2017,
OPTSTK,MRF,28-Dec-2017,65150,CE,0,0,0,2822.9,4426.25,0,0,0,0,19-DEC-2017,
OPTSTK,MRF,28-Dec-2017,65200,CE,0,0,0,2798.85,4379.9,0,0,0,0,19-DEC-2017,
OPTSTK,MRF,28-Dec-2017,65250,CE,0,0,0,2774.95,4333.65,0,0,0,0,19-DEC-2017,
OPTSTK,MRF,28-Dec-2017,65300,CE,0,0,0,2751.2,4287.5,0,0,0,0,19-DEC-2017,
OPTSTK,MRF,28-Dec-2017,65350,CE,0,0,0,2727.6,4241.5,0,0,0,0,19-DEC-2017,
OPTSTK,MRF,28-Dec-2017,65400,CE,0,0,0,2704.1,4195.65,0,0,0,0,19-DEC-2017,
OPTSTK,MRF,28-Dec-2017,65450,CE,0,0,0,2817.25,4149.95,0,0,0,0,19-DEC-2017,
OPTSTK,MRF,28-Dec-2017,65500,CE,0,0,0,2792.85,4104.35,0,0,0,0,19-DEC-2017,
OPTSTK,MRF,28-Dec-2017,65550,CE,0,0,0,2768.6,4058.9,0,0,0,0,19-DEC-2017,
OPTSTK,MRF,28-Dec-2017,65600,CE,0,0,0,2744.5,4013.6,0,0,0,0,19-DEC-2017,
OPTSTK,MRF,28-Dec-2017,65650,CE,0,0,0,2720.5,3968.4,0,0,0,0,19-DEC-2017,
OPTSTK,MRF,28-Dec-2017,65700,CE,0,0,0,2696.7,3923.4,0,0,0,0,19-DEC-2017,
OPTSTK,MRF,28-Dec-2017,65750,CE,0,0,0,2673.05,3878.55,0,0,0,0,19-DEC-2017,
OPTSTK,MRF,28-Dec-2017,65800,CE,0,0,0,2649.5,3833.85,0,0,0,0,19-DEC-2017,
OPTSTK,MRF,28-Dec-2017,65850,CE,0,0,0,2626.1,3789.35,0,0,0,0,19-DEC-2017,
OPTSTK,MRF,28-Dec-2017,65900,CE,0,0,0,3441.6,3744.95,0,0,0,0,19-DEC-2017,
OPTSTK,MRF,28-Dec-2017,65950,CE,0,0,0,3413.2,3700.75,0,0,0,0,19-DEC-2017,
OPTSTK,MRF,28-Dec-2017,66000,CE,0,0,0,3384.95,3656.7,0,0,0,0,19-DEC-2017,
OPTSTK,MRF,28-Dec-2017,66050,CE,0,0,0,3356.85,3612.85,0,0,0,0,19-DEC-2017,
OPTSTK,MRF,28-Dec-2017,66100,CE,0,0,0,3328.9,3569.2,0,0,0,0,19-DEC-2017,
OPTSTK,MRF,28-Dec-2017,66150,CE,0,0,0,3301.1,3525.7,0,0,0,0,19-DEC-2017,
OPTSTK,MRF,28-Dec-2017,66200,CE,0,0,0,3273.45,3482.4,0,0,0,0,19-DEC-2017,
OPTSTK,MRF,28-Dec-2017,66250,CE,0,0,0,3245.95,3439.25,0,0,0,0,19-DEC-2017,
OPTSTK,MRF,28-Dec-2017,66300,CE,0,0,0,3218.6,3396.35,0,0,0,0,19-DEC-2017,
OPTSTK,MRF,28-Dec-2017,66350,CE,0,0,0,3191.4,3353.6,0,0,0,0,19-DEC-2017,
OPTSTK,MRF,28-Dec-2017,66400,CE,0,0,0,3164.35,3311.05,0,0,0,0,19-DEC-2017,
OPTSTK,MRF,28-Dec-2017,66450,CE,0,0,0,3137.45,3268.75,0,0,0,0,19-DEC-2017,
OPTSTK,MRF,28-Dec-2017,66500,CE,0,0,0,3110.7,3226.6,0,0,0,0,19-DEC-2017,
OPTSTK,MRF,28-Dec-2017,66550,CE,0,0,0,3084.1,3184.7,0,0,0,0,19-DEC-2017,
OPTSTK,MRF,28-Dec-2017,66600,CE,0,0,0,3057.65,3143,0,0,0,0,19-DEC-2017,
OPTSTK,MRF,28-Dec-2017,66650,CE,0,0,0,3031.35,3101.5,0,0,0,0,19-DEC-2017,
OPTSTK,MRF,28-Dec-2017,66700,CE,0,0,0,3005.2,3060.25,0,0,0,0,19-DEC-2017,
OPTSTK,MRF,28-Dec-2017,66750,CE,0,0,0,2979.2,3019.2,0,0,0,0,19-DEC-2017,
OPTSTK,MRF,28-Dec-2017,66800,CE,0,0,0,2953.35,2978.4,0,0,0,0,19-DEC-2017,
OPTSTK,MRF,28-Dec-2017,66850,CE,0,0,0,2927.65,2937.8,0,0,0,0,19-DEC-2017,
OPTSTK,MRF,28-Dec-2017,66900,CE,0,0,0,2902.1,2897.45,0,0,0,0,19-DEC-2017,
OPTSTK,MRF,28-Dec-2017,66950,CE,0,0,0,2876.7,2857.35,0,0,0,0,19-DEC-2017,
OPTSTK,MRF,28-Dec-2017,67000,CE,0,0,0,2851.45,2817.45,0,0,0,0,19-DEC-2017,
OPTSTK,MRF,28-Dec-2017,67050,CE,0,0,0,2826.35,2777.8,0,0,0,0,19-DEC-2017,
OPTSTK,MRF,28-Dec-2017,67100,CE,0,0,0,2801.4,2738.45,0,0,0,0,19-DEC-2017,
OPTSTK,MRF,28-Dec-2017,67150,CE,0,0,0,2776.3,2699.3,0,0,0,0,19-DEC-2017,
OPTSTK,MRF,28-Dec-2017,67200,CE,0,0,0,2751.65,2660.45,0,0,0,0,19-DEC-2017,
OPTSTK,MRF,28-Dec-2017,67250,CE,0,0,0,2727.15,2621.8,0,0,0,0,19-DEC-2017,
OPTSTK,MRF,28-Dec-2017,67300,CE,0,0,0,2702.8,2583.45,0,0,0,0,19-DEC-2017,
OPTSTK,MRF,28-Dec-2017,67350,CE,0,0,0,2678.6,2545.35,0,0,0,0,19-DEC-2017,
OPTSTK,MRF,28-Dec-2017,67400,CE,0,0,0,2654.55,2507.5,0,0,0,0,19-DEC-2017,
OPTSTK,MRF,28-Dec-2017,67450,CE,0,0,0,2630.65,2469.95,0,0,0,0,19-DEC-2017,
OPTSTK,MRF,28-Dec-2017,67500,CE,0,0,0,2606.9,2435.35,0,0,0,0,19-DEC-2017,
OPTSTK,MRF,28-Dec-2017,67550,CE,0,0,0,2583.25,2398.2,0,0,0,0,19-DEC-2017,
OPTSTK,MRF,28-Dec-2017,67600,CE,0,0,0,2559.8,2361.3,0,0,0,0,19-DEC-2017,
OPTSTK,MRF,28-Dec-2017,67650,CE,0,0,0,2536.5,2322,0,0,0,0,19-DEC-2017,
OPTSTK,MRF,28-Dec-2017,67700,CE,0,0,0,2513.35,2285.85,0,0,0,0,19-DEC-2017,
OPTSTK,MRF,28-Dec-2017,67750,CE,0,0,0,2490.3,2249.95,0,0,0,0,19-DEC-2017,
OPTSTK,MRF,28-Dec-2017,67800,CE,0,0,0,2467.45,2214.4,0,0,0,0,19-DEC-2017,
OPTSTK,MRF,28-Dec-2017,67850,CE,0,0,0,2400.4,2179.1,0,0,0,0,19-DEC-2017,
OPTSTK,MRF,28-Dec-2017,67900,CE,0,0,0,2376,2144.1,0,0,0,0,19-DEC-2017,
OPTSTK,MRF,28-Dec-2017,67950,CE,0,0,0,2351.8,2109.45,0,0,0,0,19-DEC-2017,
OPTSTK,MRF,28-Dec-2017,68000,CE,0,0,0,2327.75,2075.05,0,0,0,0,19-DEC-2017,
OPTSTK,MRF,28-Dec-2017,68050,CE,0,0,0,2303.85,2040.95,0,0,0,0,19-DEC-2017,
OPTSTK,MRF,28-Dec-2017,68100,CE,0,0,0,2280.15,2007.15,0,0,0,0,19-DEC-2017,
OPTSTK,MRF,28-Dec-2017,68150,CE,0,0,0,2256.6,1973.7,0,0,0,0,19-DEC-2017,
OPTSTK,MRF,28-Dec-2017,68200,CE,0,0,0,2233.2,1940.5,0,0,0,0,19-DEC-2017,
OPTSTK,MRF,28-Dec-2017,68250,CE,0,0,0,2210,1907.65,0,0,0,0,19-DEC-2017,
OPTSTK,MRF,28-Dec-2017,68300,CE,0,0,0,2186.95,1875.1,0,0,0,0,19-DEC-2017,
OPTSTK,MRF,28-Dec-2017,68350,CE,0,0,0,2164.1,1842.9,0,0,0,0,19-DEC-2017,
OPTSTK,MRF,28-Dec-2017,68400,CE,0,0,0,2141.35,1810.95,0,0,0,0,19-DEC-2017,
OPTSTK,MRF,28-Dec-2017,68450,CE,0,0,0,2931.15,1779.35,0,0,0,0,19-DEC-2017,
OPTSTK,MRF,28-Dec-2017,68500,CE,0,0,0,2906.25,1748.1,0,0,0,0,19-DEC-2017,
OPTSTK,MRF,28-Dec-2017,68550,CE,0,0,0,2881.2,1717.15,0,0,0,0,19-DEC-2017,
OPTSTK,MRF,28-Dec-2017,68600,CE,0,0,0,2856.6,1686.5,0,0,0,0,19-DEC-2017,
OPTSTK,MRF,28-Dec-2017,68650,CE,0,0,0,2832.1,1656.2,0,0,0,0,19-DEC-2017,
OPTSTK,MRF,28-Dec-2017,68700,CE,0,0,0,2807.75,1626.2,0,0,0,0,19-DEC-2017,
OPTSTK,MRF,28-Dec-2017,68750,CE,0,0,0,2783.55,1596.55,0,0,0,0,19-DEC-2017,
OPTSTK,MRF,28-Dec-2017,68800,CE,0,0,0,2759.5,1567.25,0,0,0,0,19-DEC-2017,
OPTSTK,MRF,28-Dec-2017,68850,CE,0,0,0,2735.6,1538.25,0,0,0,0,19-DEC-2017,
OPTSTK,MRF,28-Dec-2017,68900,CE,0,0,0,2711.8,1509.55,0,0,0,0,19-DEC-2017,
OPTSTK,MRF,28-Dec-2017,68950,CE,0,0,0,2688.2,1481.2,0,0,0,0,19-DEC-2017,
OPTSTK,MRF,28-Dec-2017,69000,CE,0,0,0,2664.7,1453.2,0,0,0,0,19-DEC-2017,
OPTSTK,MRF,28-Dec-2017,69050,CE,0,0,0,2641.35,1425.5,0,0,0,0,19-DEC-2017,
OPTSTK,MRF,28-Dec-2017,69100,CE,0,0,0,2618.15,1398.2,0,0,0,0,19-DEC-2017,
OPTSTK,MRF,28-Dec-2017,69150,CE,0,0,0,2595.1,1371.15,0,0,0,0,19-DEC-2017,
OPTSTK,MRF,28-Dec-2017,69200,CE,0,0,0,2572.2,1344.5,0,0,0,0,19-DEC-2017,
OPTSTK,MRF,28-Dec-2017,69250,CE,0,0,0,2549.45,1318.15,0,0,0,0,19-DEC-2017,
OPTSTK,MRF,28-Dec-2017,69300,CE,0,0,0,2526.8,1292.1,0,0,0,0,19-DEC-2017,
OPTSTK,MRF,28-Dec-2017,69350,CE,0,0,0,2387.6,1266.45,0,0,0,0,19-DEC-2017,
OPTSTK,MRF,28-Dec-2017,69400,CE,0,0,0,2365.15,1241.1,0,0,0,0,19-DEC-2017,
OPTSTK,MRF,28-Dec-2017,69450,CE,0,0,0,3071.7,1215.8,0,0,0,0,19-DEC-2017,
OPTSTK,MRF,28-Dec-2017,69500,CE,0,0,0,3045.6,1191.1,0,0,0,0,19-DEC-2017,
OPTSTK,MRF,28-Dec-2017,69550,CE,0,0,0,3019.6,1166.75,0,0,0,0,19-DEC-2017,
OPTSTK,MRF,28-Dec-2017,69600,CE,0,0,0,2993.75,1142.75,0,0,0,0,19-DEC-2017,
OPTSTK,MRF,28-Dec-2017,69650,CE,0,0,0,2968.1,1119.05,0,0,0,0,19-DEC-2017,
OPTSTK,MRF,28-Dec-2017,69700,CE,0,0,0,2942.55,1095.7,0,0,0,0,19-DEC-2017,
OPTSTK,MRF,28-Dec-2017,69750,CE,0,0,0,2917.15,1072.65,0,0,0,0,19-DEC-2017,
OPTSTK,MRF,28-Dec-2017,69800,CE,0,0,0,2891.9,1049.95,0,0,0,0,19-DEC-2017,
OPTSTK,MRF,28-Dec-2017,69850,CE,0,0,0,2866.8,1027.6,0,0,0,0,19-DEC-2017,
OPTSTK,MRF,28-Dec-2017,69900,CE,0,0,0,2841.85,1005.55,0,0,0,0,19-DEC-2017,
OPTSTK,MRF,28-Dec-2017,69950,CE,0,0,0,2816.8,983.85,0,0,0,0,19-DEC-2017,
OPTSTK,MRF,28-Dec-2017,70000,CE,0,0,0,2792.15,962.45,0,0,0,0,19-DEC-2017,
OPTSTK,MRF,28-Dec-2017,70050,CE,0,0,0,2767.65,941.4,0,0,0,0,19-DEC-2017,
OPTSTK,MRF,28-Dec-2017,70100,CE,0,0,0,2743.25,920.65,0,0,0,0,19-DEC-2017,
OPTSTK,MRF,28-Dec-2017,70150,CE,0,0,0,2719.05,900.25,0,0,0,0,19-DEC-2017,
OPTSTK,MRF,28-Dec-2017,70200,CE,0,0,0,2695,880.15,0,0,0,0,19-DEC-2017,
OPTSTK,MRF,28-Dec-2017,70250,CE,0,0,0,2671.05,860.35,0,0,0,0,19-DEC-2017,
OPTSTK,MRF,28-Dec-2017,70300,CE,0,0,0,2647.3,840.9,0,0,0,0,19-DEC-2017,
OPTSTK,MRF,28-Dec-2017,70350,CE,0,0,0,2623.65,821.75,0,0,0,0,19-DEC-2017,
OPTSTK,MRF,28-Dec-2017,70400,CE,0,0,0,2600.2,802.95,0,0,0,0,19-DEC-2017,
OPTSTK,MRF,28-Dec-2017,70450,CE,0,0,0,2576.85,784.4,0,0,0,0,19-DEC-2017,
OPTSTK,MRF,28-Dec-2017,70500,CE,0,0,0,2553.65,766.2,0,0,0,0,19-DEC-2017,
OPTSTK,MRF,28-Dec-2017,70550,CE,0,0,0,2530.6,748.3,0,0,0,0,19-DEC-2017,
OPTSTK,MRF,28-Dec-2017,70600,CE,0,0,0,2507.7,730.7,0,0,0,0,19-DEC-2017,
OPTSTK,MRF,28-Dec-2017,70650,CE,0,0,0,2484.95,713.4,0,0,0,0,19-DEC-2017,
OPTSTK,MRF,28-Dec-2017,70700,CE,0,0,0,2462.35,696.4,0,0,0,0,19-DEC-2017,
OPTSTK,MRF,28-Dec-2017,61250,PE,0,0,0,1950.55,1.4,0,0,0,0,19-DEC-2017,
OPTSTK,MRF,28-Dec-2017,61300,PE,0,0,0,1971.7,1.45,0,0,0,0,19-DEC-2017,
OPTSTK,MRF,28-Dec-2017,61350,PE,0,0,0,1993,1.55,0,0,0,0,19-DEC-2017,
OPTSTK,MRF,28-Dec-2017,61400,PE,0,0,0,2014.45,1.7,0,0,0,0,19-DEC-2017,
OPTSTK,MRF,28-Dec-2017,61450,PE,0,0,0,2036.05,1.8,0,0,0,0,19-DEC-2017,
OPTSTK,MRF,28-Dec-2017,61500,PE,0,0,0,2057.8,1.9,0,0,0,0,19-DEC-2017,
OPTSTK,MRF,28-Dec-2017,61550,PE,0,0,0,2079.7,2.05,0,0,0,0,19-DEC-2017,
OPTSTK,MRF,28-Dec-2017,61600,PE,0,0,0,2101.7,2.15,0,0,0,0,19-DEC-2017,
OPTSTK,MRF,28-Dec-2017,61650,PE,0,0,0,2123.9,2.3,0,0,0,0,19-DEC-2017,
OPTSTK,MRF,28-Dec-2017,61700,PE,0,0,0,2146.2,2.45,0,0,0,0,19-DEC-2017,
OPTSTK,MRF,28-Dec-2017,61750,PE,0,0,0,2168.65,2.6,0,0,0,0,19-DEC-2017,
OPTSTK,MRF,28-Dec-2017,61800,PE,0,0,0,2191.25,2.8,0,0,0,0,19-DEC-2017,
OPTSTK,MRF,28-Dec-2017,61850,PE,0,0,0,2214,2.95,0,0,0,0,19-DEC-2017,
OPTSTK,MRF,28-Dec-2017,61900,PE,0,0,0,2236.9,3.15,0,0,0,0,19-DEC-2017,
OPTSTK,MRF,28-Dec-2017,61950,PE,0,0,0,2259.95,3.35,0,0,0,0,19-DEC-2017,
OPTSTK,MRF,28-Dec-2017,62000,PE,0,0,0,2283.1,3.55,0,0,0,0,19-DEC-2017,
OPTSTK,MRF,28-Dec-2017,62050,PE,0,0,0,2306.45,3.75,0,0,0,0,19-DEC-2017,
OPTSTK,MRF,28-Dec-2017,62100,PE,0,0,0,2329.9,4,0,0,0,0,19-DEC-2017,
OPTSTK,MRF,28-Dec-2017,62150,PE,0,0,0,2353.55,4.25,0,0,0,0,19-DEC-2017,
OPTSTK,MRF,28-Dec-2017,62200,PE,0,0,0,2377.3,4.5,0,0,0,0,19-DEC-2017,
OPTSTK,MRF,28-Dec-2017,62250,PE,0,0,0,2401.2,4.8,0,0,0,0,19-DEC-2017,
OPTSTK,MRF,28-Dec-2017,62300,PE,0,0,0,2425.25,5.1,0,0,0,0,19-DEC-2017,
OPTSTK,MRF,28-Dec-2017,62350,PE,0,0,0,2449.45,5.4,0,0,0,0,19-DEC-2017,
OPTSTK,MRF,28-Dec-2017,62400,PE,0,0,0,2473.8,5.7,0,0,0,0,19-DEC-2017,
OPTSTK,MRF,28-Dec-2017,62450,PE,0,0,0,2498.25,6.05,0,0,0,0,19-DEC-2017,
OPTSTK,MRF,28-Dec-2017,62500,PE,0,0,0,2522.65,6.4,0,0,0,0,19-DEC-2017,
OPTSTK,MRF,28-Dec-2017,62550,PE,0,0,0,2547.4,6.8,0,0,0,0,19-DEC-2017,
OPTSTK,MRF,28-Dec-2017,62600,PE,0,0,0,2572.35,7.15,0,0,0,0,19-DEC-2017,
OPTSTK,MRF,28-Dec-2017,62650,PE,0,0,0,2597.4,7.6,0,0,0,0,19-DEC-2017,
OPTSTK,MRF,28-Dec-2017,62700,PE,0,0,0,2622.6,8.05,0,0,0,0,19-DEC-2017,
OPTSTK,MRF,28-Dec-2017,62750,PE,0,0,0,2647.95,8.5,0,0,0,0,19-DEC-2017,
OPTSTK,MRF,28-Dec-2017,62800,PE,0,0,0,2673.4,8.95,0,0,0,0,19-DEC-2017,
OPTSTK,MRF,28-Dec-2017,62850,PE,0,0,0,2699.05,9.5,0,0,0,0,19-DEC-2017,
OPTSTK,MRF,28-Dec-2017,62900,PE,0,0,0,2292.25,10,0,0,0,0,19-DEC-2017,
OPTSTK,MRF,28-Dec-2017,62950,PE,0,0,0,2315.1,10.6,0,0,0,0,19-DEC-2017,
OPTSTK,MRF,28-Dec-2017,63000,PE,0,0,0,2338.1,11.15,0,0,0,0,19-DEC-2017,
OPTSTK,MRF,28-Dec-2017,63050,PE,0,0,0,2361.25,11.8,0,0,0,0,19-DEC-2017,
OPTSTK,MRF,28-Dec-2017,63100,PE,0,0,0,2384.55,12.45,0,0,0,0,19-DEC-2017,
OPTSTK,MRF,28-Dec-2017,63150,PE,0,0,0,2407.95,13.1,0,0,0,0,19-DEC-2017,
OPTSTK,MRF,28-Dec-2017,63200,PE,0,0,0,2431.55,13.8,0,0,0,0,19-DEC-2017,
OPTSTK,MRF,28-Dec-2017,63250,PE,0,0,0,2455.25,14.55,0,0,0,0,19-DEC-2017,
OPTSTK,MRF,28-Dec-2017,63300,PE,0,0,0,2479.05,15.35,0,0,0,0,19-DEC-2017,
OPTSTK,MRF,28-Dec-2017,63350,PE,0,0,0,2503.05,16.15,0,0,0,0,19-DEC-2017,
OPTSTK,MRF,28-Dec-2017,63400,PE,0,0,0,2527.15,17,0,0,0,0,19-DEC-2017,
OPTSTK,MRF,28-Dec-2017,63450,PE,0,0,0,2551.4,17.9,0,0,0,0,19-DEC-2017,
OPTSTK,MRF,28-Dec-2017,63500,PE,0,0,0,2575.8,18.85,0,0,0,0,19-DEC-2017,
OPTSTK,MRF,28-Dec-2017,63550,PE,0,0,0,2600.35,19.8,0,0,0,0,19-DEC-2017,
OPTSTK,MRF,28-Dec-2017,63600,PE,0,0,0,2624.75,20.85,0,0,0,0,19-DEC-2017,
OPTSTK,MRF,28-Dec-2017,63650,PE,0,0,0,2649.55,21.9,0,0,0,0,19-DEC-2017,
OPTSTK,MRF,28-Dec-2017,63700,PE,0,0,0,2674.5,23.05,0,0,0,0,19-DEC-2017,
OPTSTK,MRF,28-Dec-2017,63750,PE,0,0,0,2699.6,24.2,0,0,0,0,19-DEC-2017,
OPTSTK,MRF,28-Dec-2017,63800,PE,0,0,0,2724.85,25.4,0,0,0,0,19-DEC-2017,
OPTSTK,MRF,28-Dec-2017,63850,PE,0,0,0,2750.2,26.7,0,0,0,0,19-DEC-2017,
OPTSTK,MRF,28-Dec-2017,63900,PE,0,0,0,2775.7,28,0,0,0,0,19-DEC-2017,
OPTSTK,MRF,28-Dec-2017,63950,PE,0,0,0,2801.3,29.4,0,0,0,0,19-DEC-2017,
OPTSTK,MRF,28-Dec-2017,64000,PE,0,0,0,2827.1,30.8,0,0,0,0,19-DEC-2017,
OPTSTK,MRF,28-Dec-2017,64050,PE,0,0,0,2593.75,32.3,0,0,0,0,19-DEC-2017,
OPTSTK,MRF,28-Dec-2017,64100,PE,0,0,0,2618.65,33.9,0,0,0,0,19-DEC-2017,
OPTSTK,MRF,28-Dec-2017,64150,PE,0,0,0,2643.7,35.5,0,0,0,0,19-DEC-2017,
OPTSTK,MRF,28-Dec-2017,64200,PE,0,0,0,2668.95,37.2,0,0,0,0,19-DEC-2017,
OPTSTK,MRF,28-Dec-2017,64250,PE,0,0,0,2694.3,38.95,0,0,0,0,19-DEC-2017,
OPTSTK,MRF,28-Dec-2017,64300,PE,0,0,0,2719.75,40.8,0,0,0,0,19-DEC-2017,
OPTSTK,MRF,28-Dec-2017,64350,PE,0,0,0,2745.4,42.7,0,0,0,0,19-DEC-2017,
OPTSTK,MRF,28-Dec-2017,64400,PE,0,0,0,2771.15,44.7,0,0,0,0,19-DEC-2017,
OPTSTK,MRF,28-Dec-2017,64450,PE,0,0,0,2307.2,46.75,0,0,0,0,19-DEC-2017,
OPTSTK,MRF,28-Dec-2017,64500,PE,0,0,0,2330.45,48.9,0,0,0,0,19-DEC-2017,
OPTSTK,MRF,28-Dec-2017,64550,PE,0,0,0,2353.9,51.1,0,0,0,0,19-DEC-2017,
OPTSTK,MRF,28-Dec-2017,64600,PE,0,0,0,2377.45,53.45,0,0,0,0,19-DEC-2017,
OPTSTK,MRF,28-Dec-2017,64650,PE,0,0,0,2401.15,55.85,0,0,0,0,19-DEC-2017,
OPTSTK,MRF,28-Dec-2017,64700,PE,0,0,0,2425,58.3,0,0,0,0,19-DEC-2017,
OPTSTK,MRF,28-Dec-2017,64750,PE,0,0,0,2448.95,60.9,0,0,0,0,19-DEC-2017,
OPTSTK,MRF,28-Dec-2017,64800,PE,0,0,0,2473.1,63.6,0,0,0,0,19-DEC-2017,
OPTSTK,MRF,28-Dec-2017,64850,PE,0,0,0,2497.35,66.35,0,0,0,0,19-DEC-2017,
OPTSTK,MRF,28-Dec-2017,64900,PE,0,0,0,2521.75,69.25,0,0,0,0,19-DEC-2017,
OPTSTK,MRF,28-Dec-2017,64950,PE,0,0,0,2546.3,72.25,0,0,0,0,19-DEC-2017,
OPTSTK,MRF,28-Dec-2017,65000,PE,0,0,0,2570.75,75.3,0,0,0,0,19-DEC-2017,
OPTSTK,MRF,28-Dec-2017,65050,PE,0,0,0,2595.6,78.55,0,0,0,0,19-DEC-2017,
OPTSTK,MRF,28-Dec-2017,65100,PE,0,0,0,2620.6,81.85,0,0,0,0,19-DEC-2017,
OPTSTK,MRF,28-Dec-2017,65150,PE,0,0,0,2645.7,85.25,0,0,0,0,19-DEC-2017,
OPTSTK,MRF,28-Dec-2017,65200,PE,0,0,0,2670.95,88.8,0,0,0,0,19-DEC-2017,
OPTSTK,MRF,28-Dec-2017,65250,PE,0,0,0,2696.35,92.5,0,0,0,0,19-DEC-2017,
OPTSTK,MRF,28-Dec-2017,65300,PE,0,0,0,2721.9,96.3,0,0,0,0,19-DEC-2017,
OPTSTK,MRF,28-Dec-2017,65350,PE,0,0,0,2747.6,100.2,0,0,0,0,19-DEC-2017,
OPTSTK,MRF,28-Dec-2017,65400,PE,0,0,0,2773.45,104.3,0,0,0,0,19-DEC-2017,
OPTSTK,MRF,28-Dec-2017,65450,PE,0,0,0,2532.8,108.45,0,0,0,0,19-DEC-2017,
OPTSTK,MRF,28-Dec-2017,65500,PE,0,0,0,2557.7,112.8,0,0,0,0,19-DEC-2017,
OPTSTK,MRF,28-Dec-2017,65550,PE,0,0,0,2582.75,117.25,0,0,0,0,19-DEC-2017,
OPTSTK,MRF,28-Dec-2017,65600,PE,0,0,0,2608,121.9,0,0,0,0,19-DEC-2017,
OPTSTK,MRF,28-Dec-2017,65650,PE,0,0,0,2633.35,126.65,0,0,0,0,19-DEC-2017,
OPTSTK,MRF,28-Dec-2017,65700,PE,0,0,0,2658.8,131.55,0,0,0,0,19-DEC-2017,
OPTSTK,MRF,28-Dec-2017,65750,PE,0,0,0,2684.45,136.65,0,0,0,0,19-DEC-2017,
OPTSTK,MRF,28-Dec-2017,65800,PE,0,0,0,2710.25,141.85,0,0,0,0,19-DEC-2017,
OPTSTK,MRF,28-Dec-2017,65850,PE,0,0,0,2736.15,147.25,0,0,0,0,19-DEC-2017,
OPTSTK,MRF,28-Dec-2017,65900,PE,0,0,0,1887.35,152.8,0,0,0,0,19-DEC-2017,
OPTSTK,MRF,28-Dec-2017,65950,PE,0,0,0,1908.45,158.5,0,0,0,0,19-DEC-2017,
OPTSTK,MRF,28-Dec-2017,66000,PE,0,0,0,1929.7,164.4,0,0,0,0,19-DEC-2017,
OPTSTK,MRF,28-Dec-2017,66050,PE,0,0,0,1951.05,170.5,0,0,0,0,19-DEC-2017,
OPTSTK,MRF,28-Dec-2017,66100,PE,0,0,0,1972.6,176.75,0,0,0,0,19-DEC-2017,
OPTSTK,MRF,28-Dec-2017,66150,PE,0,0,0,1994.3,183.15,0,0,0,0,19-DEC-2017,
OPTSTK,MRF,28-Dec-2017,66200,PE,0,0,0,2016.15,189.75,0,0,0,0,19-DEC-2017,
OPTSTK,MRF,28-Dec-2017,66250,PE,0,0,0,2038.1,196.55,0,0,0,0,19-DEC-2017,
OPTSTK,MRF,28-Dec-2017,66300,PE,0,0,0,2060.25,203.55,0,0,0,0,19-DEC-2017,
OPTSTK,MRF,28-Dec-2017,66350,PE,0,0,0,2082.55,210.75,0,0,0,0,19-DEC-2017,
OPTSTK,MRF,28-Dec-2017,66400,PE,0,0,0,2105,218.15,0,0,0,0,19-DEC-2017,
OPTSTK,MRF,28-Dec-2017,66450,PE,0,0,0,2127.55,225.7,0,0,0,0,19-DEC-2017,
OPTSTK,MRF,28-Dec-2017,66500,PE,0,0,0,2150.3,233.5,0,0,0,0,19-DEC-2017,
OPTSTK,MRF,28-Dec-2017,66550,PE,0,0,0,2173.2,241.5,0,0,0,0,19-DEC-2017,
OPTSTK,MRF,28-Dec-2017,66600,PE,0,0,0,2196.25,249.75,0,0,0,0,19-DEC-2017,
OPTSTK,MRF,28-Dec-2017,66650,PE,0,0,0,2219.45,258.2,0,0,0,0,19-DEC-2017,
OPTSTK,MRF,28-Dec-2017,66700,PE,0,0,0,2242.75,266.85,0,0,0,0,19-DEC-2017,
OPTSTK,MRF,28-Dec-2017,66750,PE,0,0,0,2266.25,275.7,0,0,0,0,19-DEC-2017,
OPTSTK,MRF,28-Dec-2017,66800,PE,0,0,0,2289.9,284.8,0,0,0,0,19-DEC-2017,
OPTSTK,MRF,28-Dec-2017,66850,PE,0,0,0,2313.7,294.15,0,0,0,0,19-DEC-2017,
OPTSTK,MRF,28-Dec-2017,66900,PE,0,0,0,2337.6,303.75,0,0,0,0,19-DEC-2017,
OPTSTK,MRF,28-Dec-2017,66950,PE,0,0,0,2361.7,313.55,0,0,0,0,19-DEC-2017,
OPTSTK,MRF,28-Dec-2017,67000,PE,0,0,0,2385.95,323.6,0,0,0,0,19-DEC-2017,
OPTSTK,MRF,28-Dec-2017,67050,PE,0,0,0,2410.35,333.9,0,0,0,0,19-DEC-2017,
OPTSTK,MRF,28-Dec-2017,67100,PE,0,0,0,2434.85,344.4,0,0,0,0,19-DEC-2017,
OPTSTK,MRF,28-Dec-2017,67150,PE,0,0,0,2459.3,355.2,0,0,0,0,19-DEC-2017,
OPTSTK,MRF,28-Dec-2017,67200,PE,0,0,0,2484.15,366.25,0,0,0,0,19-DEC-2017,
OPTSTK,MRF,28-Dec-2017,67250,PE,0,0,0,2509.1,377.55,0,0,0,0,19-DEC-2017,
OPTSTK,MRF,28-Dec-2017,67300,PE,0,0,0,2534.25,389.1,0,0,0,0,19-DEC-2017,
OPTSTK,MRF,28-Dec-2017,67350,PE,0,0,0,2559.55,400.95,0,0,0,0,19-DEC-2017,
OPTSTK,MRF,28-Dec-2017,67400,PE,0,0,0,2584.95,413.05,0,0,0,0,19-DEC-2017,
OPTSTK,MRF,28-Dec-2017,67450,PE,0,0,0,2610.55,425.4,0,0,0,0,19-DEC-2017,
OPTSTK,MRF,28-Dec-2017,67500,PE,0,0,0,2636.25,440.7,0,0,0,0,19-DEC-2017,
OPTSTK,MRF,28-Dec-2017,67550,PE,0,0,0,2662.15,453.45,0,0,0,0,19-DEC-2017,
OPTSTK,MRF,28-Dec-2017,67600,PE,0,0,0,2688.15,466.5,0,0,0,0,19-DEC-2017,
OPTSTK,MRF,28-Dec-2017,67650,PE,0,0,0,2714.35,477.1,0,0,0,0,19-DEC-2017,
OPTSTK,MRF,28-Dec-2017,67700,PE,0,0,0,2740.65,490.9,0,0,0,0,19-DEC-2017,
OPTSTK,MRF,28-Dec-2017,67750,PE,0,0,0,2767.15,504.95,0,0,0,0,19-DEC-2017,
OPTSTK,MRF,28-Dec-2017,67800,PE,0,0,0,2793.75,519.3,0,0,0,0,19-DEC-2017,
OPTSTK,MRF,28-Dec-2017,67850,PE,0,0,0,2238.05,533.9,0,0,0,0,19-DEC-2017,
OPTSTK,MRF,28-Dec-2017,67900,PE,0,0,0,2263.2,548.85,0,0,0,0,19-DEC-2017,
OPTSTK,MRF,28-Dec-2017,67950,PE,0,0,0,2288.55,564.1,0,0,0,0,19-DEC-2017,
OPTSTK,MRF,28-Dec-2017,68000,PE,0,0,0,2314.05,579.6,0,0,0,0,19-DEC-2017,
OPTSTK,MRF,28-Dec-2017,68050,PE,0,0,0,2339.7,595.45,0,0,0,0,19-DEC-2017,
OPTSTK,MRF,28-Dec-2017,68100,PE,0,0,0,2365.55,611.6,0,0,0,0,19-DEC-2017,
OPTSTK,MRF,28-Dec-2017,68150,PE,0,0,0,2391.55,628.05,0,0,0,0,19-DEC-2017,
OPTSTK,MRF,28-Dec-2017,68200,PE,0,0,0,2417.7,644.8,0,0,0,0,19-DEC-2017,
OPTSTK,MRF,28-Dec-2017,68250,PE,0,0,0,2444.05,661.85,0,0,0,0,19-DEC-2017,
OPTSTK,MRF,28-Dec-2017,68300,PE,0,0,0,2470.55,679.25,0,0,0,0,19-DEC-2017,
OPTSTK,MRF,28-Dec-2017,68350,PE,0,0,0,2497.2,696.9,0,0,0,0,19-DEC-2017,
OPTSTK,MRF,28-Dec-2017,68400,PE,0,0,0,2524.05,714.95,0,0,0,0,19-DEC-2017,
OPTSTK,MRF,28-Dec-2017,68450,PE,0,0,0,2524.8,733.25,0,0,0,0,19-DEC-2017,
OPTSTK,MRF,28-Dec-2017,68500,PE,0,0,0,2549.5,751.9,0,0,0,0,19-DEC-2017,
OPTSTK,MRF,28-Dec-2017,68550,PE,0,0,0,2574.05,770.85,0,0,0,0,19-DEC-2017,
OPTSTK,MRF,28-Dec-2017,68600,PE,0,0,0,2599.05,790.15,0,0,0,0,19-DEC-2017,
OPTSTK,MRF,28-Dec-2017,68650,PE,0,0,0,2624.15,809.75,0,0,0,0,19-DEC-2017,
OPTSTK,MRF,28-Dec-2017,68700,PE,0,0,0,2649.45,829.7,0,0,0,0,19-DEC-2017,
OPTSTK,MRF,28-Dec-2017,68750,PE,0,0,0,2674.85,849.95,0,0,0,0,19-DEC-2017,
OPTSTK,MRF,28-Dec-2017,68800,PE,0,0,0,2700.4,870.55,0,0,0,0,19-DEC-2017,
OPTSTK,MRF,28-Dec-2017,68850,PE,0,0,0,2726.1,891.5,0,0,0,0,19-DEC-2017,
OPTSTK,MRF,28-Dec-2017,68900,PE,0,0,0,2751.95,912.75,0,0,0,0,19-DEC-2017,
OPTSTK,MRF,28-Dec-2017,68950,PE,0,0,0,2777.9,934.3,0,0,0,0,19-DEC-2017,
OPTSTK,MRF,28-Dec-2017,69000,PE,0,0,0,2804.05,956.25,0,0,0,0,19-DEC-2017,
OPTSTK,MRF,28-Dec-2017,69050,PE,0,0,0,2830.3,978.45,0,0,0,0,19-DEC-2017,
OPTSTK,MRF,28-Dec-2017,69100,PE,0,0,0,2856.7,1001.05,0,0,0,0,19-DEC-2017,
OPTSTK,MRF,28-Dec-2017,69150,PE,0,0,0,2883.3,1023.95,0,0,0,0,19-DEC-2017,
OPTSTK,MRF,28-Dec-2017,69200,PE,0,0,0,2909.95,1047.2,0,0,0,0,19-DEC-2017,
OPTSTK,MRF,28-Dec-2017,69250,PE,0,0,0,2936.8,1070.75,0,0,0,0,19-DEC-2017,
OPTSTK,MRF,28-Dec-2017,69300,PE,0,0,0,2963.8,1094.7,0,0,0,0,19-DEC-2017,
OPTSTK,MRF,28-Dec-2017,69350,PE,0,0,0,2826.8,1118.9,0,0,0,0,19-DEC-2017,
OPTSTK,MRF,28-Dec-2017,69400,PE,0,0,0,2853.95,1143.5,0,0,0,0,19-DEC-2017,
OPTSTK,MRF,28-Dec-2017,69450,PE,0,0,0,2283.7,1168.1,0,0,0,0,19-DEC-2017,
OPTSTK,MRF,28-Dec-2017,69500,PE,0,0,0,2307.25,1193.35,0,0,0,0,19-DEC-2017,
OPTSTK,MRF,28-Dec-2017,69550,PE,0,0,0,2330.9,1218.95,0,0,0,0,19-DEC-2017,
OPTSTK,MRF,28-Dec-2017,69600,PE,0,0,0,2354.7,1244.85,0,0,0,0,19-DEC-2017,
OPTSTK,MRF,28-Dec-2017,69650,PE,0,0,0,2378.65,1271.05,0,0,0,0,19-DEC-2017,
OPTSTK,MRF,28-Dec-2017,69700,PE,0,0,0,2402.7,1297.65,0,0,0,0,19-DEC-2017,
OPTSTK,MRF,28-Dec-2017,69750,PE,0,0,0,2426.95,1324.55,0,0,0,0,19-DEC-2017,
OPTSTK,MRF,28-Dec-2017,69800,PE,0,0,0,2451.35,1351.75,0,0,0,0,19-DEC-2017,
OPTSTK,MRF,28-Dec-2017,69850,PE,0,0,0,2475.9,1379.3,0,0,0,0,19-DEC-2017,
OPTSTK,MRF,28-Dec-2017,69900,PE,0,0,0,2500.6,1407.2,0,0,0,0,19-DEC-2017,
OPTSTK,MRF,28-Dec-2017,69950,PE,0,0,0,2525.15,1435.4,0,0,0,0,19-DEC-2017,
OPTSTK,MRF,28-Dec-2017,70000,PE,0,0,0,2550.1,1463.95,0,0,0,0,19-DEC-2017,
OPTSTK,MRF,28-Dec-2017,70050,PE,0,0,0,2575.25,1492.8,0,0,0,0,19-DEC-2017,
OPTSTK,MRF,28-Dec-2017,70100,PE,0,0,0,2600.5,1522,0,0,0,0,19-DEC-2017,
OPTSTK,MRF,28-Dec-2017,70150,PE,0,0,0,2625.95,1551.5,0,0,0,0,19-DEC-2017,
OPTSTK,MRF,28-Dec-2017,70200,PE,0,0,0,2651.5,1581.3,0,0,0,0,19-DEC-2017,
OPTSTK,MRF,28-Dec-2017,70250,PE,0,0,0,2677.2,1611.45,0,0,0,0,19-DEC-2017,
OPTSTK,MRF,28-Dec-2017,70300,PE,0,0,0,2703.1,1641.9,0,0,0,0,19-DEC-2017,
OPTSTK,MRF,28-Dec-2017,70350,PE,0,0,0,2729.1,1672.7,0,0,0,0,19-DEC-2017,
OPTSTK,MRF,28-Dec-2017,70400,PE,0,0,0,2755.25,1703.8,0,0,0,0,19-DEC-2017,
OPTSTK,MRF,28-Dec-2017,70450,PE,0,0,0,2781.55,1735.2,0,0,0,0,19-DEC-2017,
OPTSTK,MRF,28-Dec-2017,70500,PE,0,0,0,2808,1766.9,0,0,0,0,19-DEC-2017,
OPTSTK,MRF,28-Dec-2017,70550,PE,0,0,0,2834.55,1798.9,0,0,0,0,19-DEC-2017,
OPTSTK,MRF,28-Dec-2017,70600,PE,0,0,0,2861.3,1831.25,0,0,0,0,19-DEC-2017,
OPTSTK,MRF,28-Dec-2017,70650,PE,0,0,0,2888.2,1863.85,0,0,0,0,19-DEC-2017,
OPTSTK,MRF,28-Dec-2017,70700,PE,0,0,0,2915.2,1896.8,0,0,0,0,19-DEC-2017,
OPTSTK,MRF,25-Jan-2018,62150,CE,0,0,0,3275.1,7885.7,0,0,0,0,19-DEC-2017,
OPTSTK,MRF,25-Jan-2018,62200,CE,0,0,0,3244.3,7840.95,0,0,0,0,19-DEC-2017,
OPTSTK,MRF,25-Jan-2018,62250,CE,0,0,0,3213.65,7796.25,0,0,0,0,19-DEC-2017,
OPTSTK,MRF,25-Jan-2018,62300,CE,0,0,0,3183.2,7751.7,0,0,0,0,19-DEC-2017,
OPTSTK,MRF,25-Jan-2018,62350,CE,0,0,0,3152.9,7707.15,0,0,0,0,19-DEC-2017,
OPTSTK,MRF,25-Jan-2018,62400,CE,0,0,0,3122.8,7662.75,0,0,0,0,19-DEC-2017,
OPTSTK,MRF,25-Jan-2018,62450,CE,0,0,0,3092.85,7618.4,0,0,0,0,19-DEC-2017,
OPTSTK,MRF,25-Jan-2018,62500,CE,0,0,0,3063.1,7574.15,0,0,0,0,19-DEC-2017,
OPTSTK,MRF,25-Jan-2018,62550,CE,0,0,0,3033.5,7529.95,0,0,0,0,19-DEC-2017,
OPTSTK,MRF,25-Jan-2018,62600,CE,0,0,0,3004.1,7485.9,0,0,0,0,19-DEC-2017,
OPTSTK,MRF,25-Jan-2018,62650,CE,0,0,0,2974.85,7441.9,0,0,0,0,19-DEC-2017,
OPTSTK,MRF,25-Jan-2018,62700,CE,0,0,0,2945.8,7397.95,0,0,0,0,19-DEC-2017,
OPTSTK,MRF,25-Jan-2018,62750,CE,0,0,0,2916.95,7354.15,0,0,0,0,19-DEC-2017,
OPTSTK,MRF,25-Jan-2018,62800,CE,0,0,0,2888.25,7310.4,0,0,0,0,19-DEC-2017,
OPTSTK,MRF,25-Jan-2018,62850,CE,0,0,0,2859.7,7266.75,0,0,0,0,19-DEC-2017,
OPTSTK,MRF,25-Jan-2018,62900,CE,0,0,0,2831.35,7223.2,0,0,0,0,19-DEC-2017,
OPTSTK,MRF,25-Jan-2018,62950,CE,0,0,0,2803.2,7179.75,0,0,0,0,19-DEC-2017,
OPTSTK,MRF,25-Jan-2018,63000,CE,0,0,0,2775.2,7136.4,0,0,0,0,19-DEC-2017,
OPTSTK,MRF,25-Jan-2018,63050,CE,0,0,0,2747.4,7093.1,0,0,0,0,19-DEC-2017,
OPTSTK,MRF,25-Jan-2018,63100,CE,0,0,0,2719.75,7049.95,0,0,0,0,19-DEC-2017,
OPTSTK,MRF,25-Jan-2018,63150,CE,0,0,0,2692.3,7006.85,0,0,0,0,19-DEC-2017,
OPTSTK,MRF,25-Jan-2018,63200,CE,0,0,0,2665,6963.85,0,0,0,0,19-DEC-2017,
OPTSTK,MRF,25-Jan-2018,63250,CE,0,0,0,2637.9,6921,0,0,0,0,19-DEC-2017,
OPTSTK,MRF,25-Jan-2018,63300,CE,0,0,0,2611,6878.2,0,0,0,0,19-DEC-2017,
OPTSTK,MRF,25-Jan-2018,63350,CE,0,0,0,2584.25,6835.5,0,0,0,0,19-DEC-2017,
OPTSTK,MRF,25-Jan-2018,63400,CE,0,0,0,2557.7,6792.9,0,0,0,0,19-DEC-2017,
OPTSTK,MRF,25-Jan-2018,63450,CE,0,0,0,2531.3,6750.4,0,0,0,0,19-DEC-2017,
OPTSTK,MRF,25-Jan-2018,63500,CE,0,0,0,2505.1,6708.05,0,0,0,0,19-DEC-2017,
OPTSTK,MRF,25-Jan-2018,63550,CE,0,0,0,2479.05,6665.75,0,0,0,0,19-DEC-2017,
OPTSTK,MRF,25-Jan-2018,63600,CE,0,0,0,2453.2,6623.55,0,0,0,0,19-DEC-2017,
OPTSTK,MRF,25-Jan-2018,63650,CE,0,0,0,2427.55,6581.5,0,0,0,0,19-DEC-2017,
OPTSTK,MRF,25-Jan-2018,63700,CE,0,0,0,2402.05,6539.55,0,0,0,0,19-DEC-2017,
OPTSTK,MRF,25-Jan-2018,63750,CE,0,0,0,2376.75,6497.65,0,0,0,0,19-DEC-2017,
OPTSTK,MRF,25-Jan-2018,63800,CE,0,0,0,2351.6,6455.9,0,0,0,0,19-DEC-2017,
OPTSTK,MRF,25-Jan-2018,63850,CE,0,0,0,2326.65,6414.25,0,0,0,0,19-DEC-2017,
OPTSTK,MRF,25-Jan-2018,63900,CE,0,0,0,2301.85,6372.75,0,0,0,0,19-DEC-2017,
OPTSTK,MRF,25-Jan-2018,63950,CE,0,0,0,2277,6331.3,0,0,0,0,19-DEC-2017,
OPTSTK,MRF,25-Jan-2018,64000,CE,0,0,0,2252.6,6290,0,0,0,0,19-DEC-2017,
OPTSTK,MRF,25-Jan-2018,64050,CE,0,0,0,2228.35,6248.8,0,0,0,0,19-DEC-2017,
OPTSTK,MRF,25-Jan-2018,64100,CE,0,0,0,2204.25,6207.7,0,0,0,0,19-DEC-2017,
OPTSTK,MRF,25-Jan-2018,64150,CE,0,0,0,2180.35,6166.7,0,0,0,0,19-DEC-2017,
OPTSTK,MRF,25-Jan-2018,64200,CE,0,0,0,3417.05,6125.85,0,0,0,0,19-DEC-2017,
OPTSTK,MRF,25-Jan-2018,64250,CE,0,0,0,3388.8,6085.1,0,0,0,0,19-DEC-2017,
OPTSTK,MRF,25-Jan-2018,64300,CE,0,0,0,3360.7,6044.45,0,0,0,0,19-DEC-2017,
OPTSTK,MRF,25-Jan-2018,64350,CE,0,0,0,3332.75,6003.95,0,0,0,0,19-DEC-2017,
OPTSTK,MRF,25-Jan-2018,64400,CE,0,0,0,3304.95,5963.55,0,0,0,0,19-DEC-2017,
OPTSTK,MRF,25-Jan-2018,64450,CE,0,0,0,3277.3,5923.3,0,0,0,0,19-DEC-2017,
OPTSTK,MRF,25-Jan-2018,64500,CE,0,0,0,3249.8,5883.1,0,0,0,0,19-DEC-2017,
OPTSTK,MRF,25-Jan-2018,64550,CE,0,0,0,3222.45,5843.1,0,0,0,0,19-DEC-2017,
OPTSTK,MRF,25-Jan-2018,64600,CE,0,0,0,3195.25,5803.15,0,0,0,0,19-DEC-2017,
OPTSTK,MRF,25-Jan-2018,64650,CE,0,0,0,3168.2,5763.35,0,0,0,0,19-DEC-2017,
OPTSTK,MRF,25-Jan-2018,64700,CE,0,0,0,3141.25,5723.7,0,0,0,0,19-DEC-2017,
OPTSTK,MRF,25-Jan-2018,64750,CE,0,0,0,3114.5,5684.15,0,0,0,0,19-DEC-2017,
OPTSTK,MRF,25-Jan-2018,64800,CE,0,0,0,3087.9,5644.7,0,0,0,0,19-DEC-2017,
OPTSTK,MRF,25-Jan-2018,64850,CE,0,0,0,3061.45,5605.4,0,0,0,0,19-DEC-2017,
OPTSTK,MRF,25-Jan-2018,64900,CE,0,0,0,3035.15,5566.25,0,0,0,0,19-DEC-2017,
OPTSTK,MRF,25-Jan-2018,64950,CE,0,0,0,3009,5527.2,0,0,0,0,19-DEC-2017,
OPTSTK,MRF,25-Jan-2018,65000,CE,0,0,0,2983,5488.25,0,0,0,0,19-DEC-2017,
OPTSTK,MRF,25-Jan-2018,65050,CE,0,0,0,2957.15,5449.5,0,0,0,0,19-DEC-2017,
OPTSTK,MRF,25-Jan-2018,65100,CE,0,0,0,2931.45,5410.8,0,0,0,0,19-DEC-2017,
OPTSTK,MRF,25-Jan-2018,65150,CE,0,0,0,2905.9,5372.3,0,0,0,0,19-DEC-2017,
OPTSTK,MRF,25-Jan-2018,65200,CE,0,0,0,2880.5,5333.9,0,0,0,0,19-DEC-2017,
OPTSTK,MRF,25-Jan-2018,65250,CE,0,0,0,2855.25,5295.6,0,0,0,0,19-DEC-2017,
OPTSTK,MRF,25-Jan-2018,65300,CE,0,0,0,2830.15,5257.5,0,0,0,0,19-DEC-2017,
OPTSTK,MRF,25-Jan-2018,65350,CE,0,0,0,2805.2,5219.45,0,0,0,0,19-DEC-2017,
OPTSTK,MRF,25-Jan-2018,65400,CE,0,0,0,2780.35,5181.6,0,0,0,0,19-DEC-2017,
OPTSTK,MRF,25-Jan-2018,65450,CE,0,0,0,2755.45,5143.85,0,0,0,0,19-DEC-2017,
OPTSTK,MRF,25-Jan-2018,65500,CE,0,0,0,2730.95,5106.25,0,0,0,0,19-DEC-2017,
OPTSTK,MRF,25-Jan-2018,65550,CE,0,0,0,2706.6,5068.8,0,0,0,0,19-DEC-2017,
OPTSTK,MRF,25-Jan-2018,65600,CE,0,0,0,2682.35,5031.45,0,0,0,0,19-DEC-2017,
OPTSTK,MRF,25-Jan-2018,65650,CE,0,0,0,2658.3,4994.25,0,0,0,0,19-DEC-2017,
OPTSTK,MRF,25-Jan-2018,65700,CE,0,0,0,2634.4,4959.85,0,0,0,0,19-DEC-2017,
OPTSTK,MRF,25-Jan-2018,65750,CE,0,0,0,2610.65,4922.85,0,0,0,0,19-DEC-2017,
OPTSTK,MRF,25-Jan-2018,65800,CE,0,0,0,4218.45,4886,0,0,0,0,19-DEC-2017,
OPTSTK,MRF,25-Jan-2018,65850,CE,0,0,0,4190.2,4849.25,0,0,0,0,19-DEC-2017,
OPTSTK,MRF,25-Jan-2018,65900,CE,0,0,0,4162,4812.7,0,0,0,0,19-DEC-2017,
OPTSTK,MRF,25-Jan-2018,65950,CE,0,0,0,4133.95,4776.25,0,0,0,0,19-DEC-2017,
OPTSTK,MRF,25-Jan-2018,66000,CE,0,0,0,4106.05,4739.95,0,0,0,0,19-DEC-2017,
OPTSTK,MRF,25-Jan-2018,66050,CE,0,0,0,4078.25,4703.85,0,0,0,0,19-DEC-2017,
OPTSTK,MRF,25-Jan-2018,66100,CE,0,0,0,4050.55,4667.85,0,0,0,0,19-DEC-2017,
OPTSTK,MRF,25-Jan-2018,66150,CE,0,0,0,4023,4631.95,0,0,0,0,19-DEC-2017,
OPTSTK,MRF,25-Jan-2018,66200,CE,0,0,0,3995.6,4593.5,0,0,0,0,19-DEC-2017,
OPTSTK,MRF,25-Jan-2018,66250,CE,0,0,0,3968.3,4558,0,0,0,0,19-DEC-2017,
OPTSTK,MRF,25-Jan-2018,66300,CE,0,0,0,3941.1,4522.7,0,0,0,0,19-DEC-2017,
OPTSTK,MRF,25-Jan-2018,66350,CE,0,0,0,3914.05,4487.5,0,0,0,0,19-DEC-2017,
OPTSTK,MRF,25-Jan-2018,66400,CE,0,0,0,3887.1,4452.45,0,0,0,0,19-DEC-2017,
OPTSTK,MRF,25-Jan-2018,66450,CE,0,0,0,3860.3,4417.55,0,0,0,0,19-DEC-2017,
OPTSTK,MRF,25-Jan-2018,66500,CE,0,0,0,3833.6,4382.85,0,0,0,0,19-DEC-2017,
OPTSTK,MRF,25-Jan-2018,66550,CE,0,0,0,3807.05,4348.25,0,0,0,0,19-DEC-2017,
OPTSTK,MRF,25-Jan-2018,66600,CE,0,0,0,3780.6,4313.8,0,0,0,0,19-DEC-2017,
OPTSTK,MRF,25-Jan-2018,66650,CE,0,0,0,3754.25,4279.5,0,0,0,0,19-DEC-2017,
OPTSTK,MRF,25-Jan-2018,66700,CE,0,0,0,3728.05,4245.4,0,0,0,0,19-DEC-2017,
OPTSTK,MRF,25-Jan-2018,66750,CE,0,0,0,3702,4211.4,0,0,0,0,19-DEC-2017,
OPTSTK,MRF,25-Jan-2018,66800,CE,0,0,0,3676.05,4177.55,0,0,0,0,19-DEC-2017,
OPTSTK,MRF,25-Jan-2018,66850,CE,0,0,0,3650.2,4143.85,0,0,0,0,19-DEC-2017,
OPTSTK,MRF,25-Jan-2018,66900,CE,0,0,0,3624.5,4110.35,0,0,0,0,19-DEC-2017,
OPTSTK,MRF,25-Jan-2018,66950,CE,0,0,0,3598.9,4076.95,0,0,0,0,19-DEC-2017,
OPTSTK,MRF,25-Jan-2018,67000,CE,0,0,0,3573.45,4043.75,0,0,0,0,19-DEC-2017,
OPTSTK,MRF,25-Jan-2018,67050,CE,0,0,0,3548.1,4010.65,0,0,0,0,19-DEC-2017,
OPTSTK,MRF,25-Jan-2018,67100,CE,0,0,0,3522.9,3977.75,0,0,0,0,19-DEC-2017,
OPTSTK,MRF,25-Jan-2018,67150,CE,0,0,0,3497.8,3945,0,0,0,0,19-DEC-2017,
OPTSTK,MRF,25-Jan-2018,67200,CE,0,0,0,3472.8,3912.4,0,0,0,0,19-DEC-2017,
OPTSTK,MRF,25-Jan-2018,67250,CE,0,0,0,3447.95,3879.95,0,0,0,0,19-DEC-2017,
OPTSTK,MRF,25-Jan-2018,67300,CE,0,0,0,3423.25,3847.65,0,0,0,0,19-DEC-2017,
OPTSTK,MRF,25-Jan-2018,67350,CE,0,0,0,3398.35,3815.55,0,0,0,0,19-DEC-2017,
OPTSTK,MRF,25-Jan-2018,67400,CE,0,0,0,3373.9,3783.55,0,0,0,0,19-DEC-2017,
OPTSTK,MRF,25-Jan-2018,67450,CE,0,0,0,3349.5,3751.75,0,0,0,0,19-DEC-2017,
OPTSTK,MRF,25-Jan-2018,67500,CE,0,0,0,3325.25,3720.05,0,0,0,0,19-DEC-2017,
OPTSTK,MRF,25-Jan-2018,67550,CE,0,0,0,3301.15,3688.55,0,0,0,0,19-DEC-2017,
OPTSTK,MRF,25-Jan-2018,67600,CE,0,0,0,3277.15,3657.2,0,0,0,0,19-DEC-2017,
OPTSTK,MRF,25-Jan-2018,67650,CE,0,0,0,3253.3,3626.05,0,0,0,0,19-DEC-2017,
OPTSTK,MRF,25-Jan-2018,67700,CE,0,0,0,3229.5,3595,0,0,0,0,19-DEC-2017,
OPTSTK,MRF,25-Jan-2018,67750,CE,0,0,0,3205.9,3564.15,0,0,0,0,19-DEC-2017,
OPTSTK,MRF,25-Jan-2018,67800,CE,0,0,0,3182.4,3533.45,0,0,0,0,19-DEC-2017,
OPTSTK,MRF,25-Jan-2018,67850,CE,0,0,0,3120.2,3502.9,0,0,0,0,19-DEC-2017,
OPTSTK,MRF,25-Jan-2018,67900,CE,0,0,0,3095.3,3472.5,0,0,0,0,19-DEC-2017,
OPTSTK,MRF,25-Jan-2018,67950,CE,0,0,0,3070.55,3442.3,0,0,0,0,19-DEC-2017,
OPTSTK,MRF,25-Jan-2018,68000,CE,0,0,0,3045.7,3412.2,0,0,0,0,19-DEC-2017,
OPTSTK,MRF,25-Jan-2018,68050,CE,0,0,0,3021.25,3382.3,0,0,0,0,19-DEC-2017,
OPTSTK,MRF,25-Jan-2018,68100,CE,0,0,0,2996.9,3352.55,0,0,0,0,19-DEC-2017,
OPTSTK,MRF,25-Jan-2018,68150,CE,0,0,0,2972.7,3323,0,0,0,0,19-DEC-2017,
OPTSTK,MRF,25-Jan-2018,68200,CE,0,0,0,2948.65,3293.55,0,0,0,0,19-DEC-2017,
OPTSTK,MRF,25-Jan-2018,68250,CE,0,0,0,2924.7,3264.3,0,0,0,0,19-DEC-2017,
OPTSTK,MRF,25-Jan-2018,68300,CE,0,0,0,2900.9,3235.2,0,0,0,0,19-DEC-2017,
OPTSTK,MRF,25-Jan-2018,68350,CE,0,0,0,2877.25,3206.3,0,0,0,0,19-DEC-2017,
OPTSTK,MRF,25-Jan-2018,68400,CE,0,0,0,2853.75,3177.5,0,0,0,0,19-DEC-2017,
OPTSTK,MRF,25-Jan-2018,68450,CE,0,0,0,3840.15,3148.9,0,0,0,0,19-DEC-2017,
OPTSTK,MRF,25-Jan-2018,68500,CE,0,0,0,3815.1,3120.45,0,0,0,0,19-DEC-2017,
OPTSTK,MRF,25-Jan-2018,68550,CE,0,0,0,3790.15,3092.2,0,0,0,0,19-DEC-2017,
OPTSTK,MRF,25-Jan-2018,68600,CE,0,0,0,3765.35,3064.05,0,0,0,0,19-DEC-2017,
OPTSTK,MRF,25-Jan-2018,68650,CE,0,0,0,3740.35,3036.1,0,0,0,0,19-DEC-2017,
OPTSTK,MRF,25-Jan-2018,68700,CE,0,0,0,3715.75,3008.3,0,0,0,0,19-DEC-2017,
OPTSTK,MRF,25-Jan-2018,68750,CE,0,0,0,3691.3,2980.7,0,0,0,0,19-DEC-2017,
OPTSTK,MRF,25-Jan-2018,68800,CE,0,0,0,3666.9,2953.25,0,0,0,0,19-DEC-2017,
OPTSTK,MRF,25-Jan-2018,68850,CE,0,0,0,3642.65,2925.95,0,0,0,0,19-DEC-2017,
OPTSTK,MRF,25-Jan-2018,68900,CE,0,0,0,3618.5,2898.8,0,0,0,0,19-DEC-2017,
OPTSTK,MRF,25-Jan-2018,68950,CE,0,0,0,3594.45,2871.8,0,0,0,0,19-DEC-2017,
OPTSTK,MRF,25-Jan-2018,69000,CE,0,0,0,3570.55,2845,0,0,0,0,19-DEC-2017,
OPTSTK,MRF,25-Jan-2018,69050,CE,0,0,0,3546.75,2818.35,0,0,0,0,19-DEC-2017,
OPTSTK,MRF,25-Jan-2018,69100,CE,0,0,0,3523.05,2791.9,0,0,0,0,19-DEC-2017,
OPTSTK,MRF,25-Jan-2018,69150,CE,0,0,0,3499.45,2765.55,0,0,0,0,19-DEC-2017,
OPTSTK,MRF,25-Jan-2018,69200,CE,0,0,0,3476,2739.4,0,0,0,0,19-DEC-2017,
OPTSTK,MRF,25-Jan-2018,69250,CE,0,0,0,3452.6,2713.4,0,0,0,0,19-DEC-2017,
OPTSTK,MRF,25-Jan-2018,69300,CE,0,0,0,3429.35,2687.6,0,0,0,0,19-DEC-2017,
OPTSTK,MRF,25-Jan-2018,69350,CE,0,0,0,3281.95,2661.9,0,0,0,0,19-DEC-2017,
OPTSTK,MRF,25-Jan-2018,69400,CE,0,0,0,3258.8,2636.4,0,0,0,0,19-DEC-2017,
OPTSTK,MRF,25-Jan-2018,69450,CE,0,0,0,4015.2,2611.1,0,0,0,0,19-DEC-2017,
OPTSTK,MRF,25-Jan-2018,69500,CE,0,0,0,3989.25,2585.9,0,0,0,0,19-DEC-2017,
OPTSTK,MRF,25-Jan-2018,69550,CE,0,0,0,3963.35,2560.9,0,0,0,0,19-DEC-2017,
OPTSTK,MRF,25-Jan-2018,69600,CE,0,0,0,3937.6,2535.75,0,0,0,0,19-DEC-2017,
OPTSTK,MRF,25-Jan-2018,69650,CE,0,0,0,3911.95,2511.1,0,0,0,0,19-DEC-2017,
OPTSTK,MRF,25-Jan-2018,69700,CE,0,0,0,3886.4,2486.55,0,0,0,0,19-DEC-2017,
OPTSTK,MRF,25-Jan-2018,69750,CE,0,0,0,3860.95,2462.2,0,0,0,0,19-DEC-2017,
OPTSTK,MRF,25-Jan-2018,69800,CE,0,0,0,3835.65,2438,0,0,0,0,19-DEC-2017,
OPTSTK,MRF,25-Jan-2018,69850,CE,0,0,0,3810.45,2413.95,0,0,0,0,19-DEC-2017,
OPTSTK,MRF,25-Jan-2018,69900,CE,0,0,0,3785.35,2390.1,0,0,0,0,19-DEC-2017,
OPTSTK,MRF,25-Jan-2018,69950,CE,0,0,0,3760.4,2366.4,0,0,0,0,19-DEC-2017,
OPTSTK,MRF,25-Jan-2018,70000,CE,0,0,0,3735.55,2342.85,0,0,0,0,19-DEC-2017,
OPTSTK,MRF,25-Jan-2018,70050,CE,0,0,0,3710.5,2319.45,0,0,0,0,19-DEC-2017,
OPTSTK,MRF,25-Jan-2018,70100,CE,0,0,0,3685.9,2296.25,0,0,0,0,19-DEC-2017,
OPTSTK,MRF,25-Jan-2018,70150,CE,0,0,0,3661.35,2273.15,0,0,0,0,19-DEC-2017,
OPTSTK,MRF,25-Jan-2018,70200,CE,0,0,0,3636.95,2250.25,0,0,0,0,19-DEC-2017,
OPTSTK,MRF,25-Jan-2018,70250,CE,0,0,0,3612.7,2227.5,0,0,0,0,19-DEC-2017,
OPTSTK,MRF,25-Jan-2018,70300,CE,0,0,0,3588.5,2204.95,0,0,0,0,19-DEC-2017,
OPTSTK,MRF,25-Jan-2018,70350,CE,0,0,0,3564.45,2182.5,0,0,0,0,19-DEC-2017,
OPTSTK,MRF,25-Jan-2018,70400,CE,0,0,0,3540.5,2160.25,0,0,0,0,19-DEC-2017,
OPTSTK,MRF,25-Jan-2018,70450,CE,0,0,0,3516.65,2138.15,0,0,0,0,19-DEC-2017,
OPTSTK,MRF,25-Jan-2018,70500,CE,0,0,0,3492.9,2116.2,0,0,0,0,19-DEC-2017,
OPTSTK,MRF,25-Jan-2018,70550,CE,0,0,0,3469.3,2094.45,0,0,0,0,19-DEC-2017,
OPTSTK,MRF,25-Jan-2018,70600,CE,0,0,0,3445.8,2072.8,0,0,0,0,19-DEC-2017,
OPTSTK,MRF,25-Jan-2018,70650,CE,0,0,0,3422.4,2051.35,0,0,0,0,19-DEC-2017,
OPTSTK,MRF,25-Jan-2018,70700,CE,0,0,0,3399.1,2030.05,0,0,0,0,19-DEC-2017,
OPTSTK,MRF,25-Jan-2018,62150,PE,0,0,0,1294.3,241.6,0,0,0,0,19-DEC-2017,
OPTSTK,MRF,25-Jan-2018,62200,PE,0,0,0,1312.7,246.5,0,0,0,0,19-DEC-2017,
OPTSTK,MRF,25-Jan-2018,62250,PE,0,0,0,1331.3,251.5,0,0,0,0,19-DEC-2017,
OPTSTK,MRF,25-Jan-2018,62300,PE,0,0,0,1350.05,256.6,0,0,0,0,19-DEC-2017,
OPTSTK,MRF,25-Jan-2018,62350,PE,0,0,0,1368.95,261.75,0,0,0,0,19-DEC-2017,
OPTSTK,MRF,25-Jan-2018,62400,PE,0,0,0,1388.05,267,0,0,0,0,19-DEC-2017,
OPTSTK,MRF,25-Jan-2018,62450,PE,0,0,0,1407.35,272.35,0,0,0,0,19-DEC-2017,
OPTSTK,MRF,25-Jan-2018,62500,PE,0,0,0,1426.8,277.75,0,0,0,0,19-DEC-2017,
OPTSTK,MRF,25-Jan-2018,62550,PE,0,0,0,1446.45,283.25,0,0,0,0,19-DEC-2017,
OPTSTK,MRF,25-Jan-2018,62600,PE,0,0,0,1466.25,288.85,0,0,0,0,19-DEC-2017,
OPTSTK,MRF,25-Jan-2018,62650,PE,0,0,0,1486.25,294.5,0,0,0,0,19-DEC-2017,
OPTSTK,MRF,25-Jan-2018,62700,PE,0,0,0,1506.4,300.3,0,0,0,0,19-DEC-2017,
OPTSTK,MRF,25-Jan-2018,62750,PE,0,0,0,1526.7,306.15,0,0,0,0,19-DEC-2017,
OPTSTK,MRF,25-Jan-2018,62800,PE,0,0,0,1547.25,312.05,0,0,0,0,19-DEC-2017,
OPTSTK,MRF,25-Jan-2018,62850,PE,0,0,0,1567.95,318.1,0,0,0,0,19-DEC-2017,
OPTSTK,MRF,25-Jan-2018,62900,PE,0,0,0,1588.8,324.2,0,0,0,0,19-DEC-2017,
OPTSTK,MRF,25-Jan-2018,62950,PE,0,0,0,1609.85,330.45,0,0,0,0,19-DEC-2017,
OPTSTK,MRF,25-Jan-2018,63000,PE,0,0,0,1631.05,336.75,0,0,0,0,19-DEC-2017,
OPTSTK,MRF,25-Jan-2018,63050,PE,0,0,0,1652.45,343.15,0,0,0,0,19-DEC-2017,
OPTSTK,MRF,25-Jan-2018,63100,PE,0,0,0,1674.05,349.65,0,0,0,0,19-DEC-2017,
OPTSTK,MRF,25-Jan-2018,63150,PE,0,0,0,1695.8,356.25,0,0,0,0,19-DEC-2017,
OPTSTK,MRF,25-Jan-2018,63200,PE,0,0,0,1717.75,362.9,0,0,0,0,19-DEC-2017,
OPTSTK,MRF,25-Jan-2018,63250,PE,0,0,0,1739.85,369.7,0,0,0,0,19-DEC-2017,
OPTSTK,MRF,25-Jan-2018,63300,PE,0,0,0,1762.15,376.6,0,0,0,0,19-DEC-2017,
OPTSTK,MRF,25-Jan-2018,63350,PE,0,0,0,1784.65,383.6,0,0,0,0,19-DEC-2017,
OPTSTK,MRF,25-Jan-2018,63400,PE,0,0,0,1807.3,390.65,0,0,0,0,19-DEC-2017,
OPTSTK,MRF,25-Jan-2018,63450,PE,0,0,0,1830.1,397.85,0,0,0,0,19-DEC-2017,
OPTSTK,MRF,25-Jan-2018,63500,PE,0,0,0,1853.1,405.15,0,0,0,0,19-DEC-2017,
OPTSTK,MRF,25-Jan-2018,63550,PE,0,0,0,1876.3,412.55,0,0,0,0,19-DEC-2017,
OPTSTK,MRF,25-Jan-2018,63600,PE,0,0,0,1899.65,420.05,0,0,0,0,19-DEC-2017,
OPTSTK,MRF,25-Jan-2018,63650,PE,0,0,0,1923.2,427.65,0,0,0,0,19-DEC-2017,
OPTSTK,MRF,25-Jan-2018,63700,PE,0,0,0,1946.95,435.35,0,0,0,0,19-DEC-2017,
OPTSTK,MRF,25-Jan-2018,63750,PE,0,0,0,1970.85,443.15,0,0,0,0,19-DEC-2017,
OPTSTK,MRF,25-Jan-2018,63800,PE,0,0,0,1994.9,451.05,0,0,0,0,19-DEC-2017,
OPTSTK,MRF,25-Jan-2018,63850,PE,0,0,0,2019.15,459.1,0,0,0,0,19-DEC-2017,
OPTSTK,MRF,25-Jan-2018,63900,PE,0,0,0,2043.6,467.25,0,0,0,0,19-DEC-2017,
OPTSTK,MRF,25-Jan-2018,63950,PE,0,0,0,2067.95,475.5,0,0,0,0,19-DEC-2017,
OPTSTK,MRF,25-Jan-2018,64000,PE,0,0,0,2092.75,483.85,0,0,0,0,19-DEC-2017,
OPTSTK,MRF,25-Jan-2018,64050,PE,0,0,0,2117.75,492.3,0,0,0,0,19-DEC-2017,
OPTSTK,MRF,25-Jan-2018,64100,PE,0,0,0,2142.85,500.9,0,0,0,0,19-DEC-2017,
OPTSTK,MRF,25-Jan-2018,64150,PE,0,0,0,2168.2,509.6,0,0,0,0,19-DEC-2017,
OPTSTK,MRF,25-Jan-2018,64200,PE,0,0,0,1870.55,518.4,0,0,0,0,19-DEC-2017,
OPTSTK,MRF,25-Jan-2018,64250,PE,0,0,0,1891.55,527.35,0,0,0,0,19-DEC-2017,
OPTSTK,MRF,25-Jan-2018,64300,PE,0,0,0,1912.65,536.35,0,0,0,0,19-DEC-2017,
OPTSTK,MRF,25-Jan-2018,64350,PE,0,0,0,1933.95,545.55,0,0,0,0,19-DEC-2017,
OPTSTK,MRF,25-Jan-2018,64400,PE,0,0,0,1955.4,554.8,0,0,0,0,19-DEC-2017,
OPTSTK,MRF,25-Jan-2018,64450,PE,0,0,0,1977,564.2,0,0,0,0,19-DEC-2017,
OPTSTK,MRF,25-Jan-2018,64500,PE,0,0,0,1998.75,573.7,0,0,0,0,19-DEC-2017,
OPTSTK,MRF,25-Jan-2018,64550,PE,0,0,0,2020.6,583.35,0,0,0,0,19-DEC-2017,
OPTSTK,MRF,25-Jan-2018,64600,PE,0,0,0,2042.65,593.1,0,0,0,0,19-DEC-2017,
OPTSTK,MRF,25-Jan-2018,64650,PE,0,0,0,2064.85,603,0,0,0,0,19-DEC-2017,
OPTSTK,MRF,25-Jan-2018,64700,PE,0,0,0,2087.2,613,0,0,0,0,19-DEC-2017,
OPTSTK,MRF,25-Jan-2018,64750,PE,0,0,0,2109.7,623.1,0,0,0,0,19-DEC-2017,
OPTSTK,MRF,25-Jan-2018,64800,PE,0,0,0,2132.3,633.35,0,0,0,0,19-DEC-2017,
OPTSTK,MRF,25-Jan-2018,64850,PE,0,0,0,2155.1,643.75,0,0,0,0,19-DEC-2017,
OPTSTK,MRF,25-Jan-2018,64900,PE,0,0,0,2178.05,654.25,0,0,0,0,19-DEC-2017,
OPTSTK,MRF,25-Jan-2018,64950,PE,0,0,0,2201.15,664.85,0,0,0,0,19-DEC-2017,
OPTSTK,MRF,25-Jan-2018,65000,PE,0,0,0,2224.35,675.6,0,0,0,0,19-DEC-2017,
OPTSTK,MRF,25-Jan-2018,65050,PE,0,0,0,2247.75,686.5,0,0,0,0,19-DEC-2017,
OPTSTK,MRF,25-Jan-2018,65100,PE,0,0,0,2271.3,697.5,0,0,0,0,19-DEC-2017,
OPTSTK,MRF,25-Jan-2018,65150,PE,0,0,0,2294.95,708.65,0,0,0,0,19-DEC-2017,
OPTSTK,MRF,25-Jan-2018,65200,PE,0,0,0,2318.8,719.95,0,0,0,0,19-DEC-2017,
OPTSTK,MRF,25-Jan-2018,65250,PE,0,0,0,2342.8,731.35,0,0,0,0,19-DEC-2017,
OPTSTK,MRF,25-Jan-2018,65300,PE,0,0,0,2366.95,742.85,0,0,0,0,19-DEC-2017,
OPTSTK,MRF,25-Jan-2018,65350,PE,0,0,0,2391.2,754.55,0,0,0,0,19-DEC-2017,
OPTSTK,MRF,25-Jan-2018,65400,PE,0,0,0,2415.65,766.35,0,0,0,0,19-DEC-2017,
OPTSTK,MRF,25-Jan-2018,65450,PE,0,0,0,2439.95,778.3,0,0,0,0,19-DEC-2017,
OPTSTK,MRF,25-Jan-2018,65500,PE,0,0,0,2464.7,790.35,0,0,0,0,19-DEC-2017,
OPTSTK,MRF,25-Jan-2018,65550,PE,0,0,0,2489.6,802.55,0,0,0,0,19-DEC-2017,
OPTSTK,MRF,25-Jan-2018,65600,PE,0,0,0,2514.6,814.9,0,0,0,0,19-DEC-2017,
OPTSTK,MRF,25-Jan-2018,65650,PE,0,0,0,2539.8,827.4,0,0,0,0,19-DEC-2017,
OPTSTK,MRF,25-Jan-2018,65700,PE,0,0,0,2565.1,842.6,0,0,0,0,19-DEC-2017,
OPTSTK,MRF,25-Jan-2018,65750,PE,0,0,0,2590.6,855.3,0,0,0,0,19-DEC-2017,
OPTSTK,MRF,25-Jan-2018,65800,PE,0,0,0,2247.8,868.1,0,0,0,0,19-DEC-2017,
OPTSTK,MRF,25-Jan-2018,65850,PE,0,0,0,2268.75,881.1,0,0,0,0,19-DEC-2017,
OPTSTK,MRF,25-Jan-2018,65900,PE,0,0,0,2289.85,894.2,0,0,0,0,19-DEC-2017,
OPTSTK,MRF,25-Jan-2018,65950,PE,0,0,0,2311.05,907.45,0,0,0,0,19-DEC-2017,
OPTSTK,MRF,25-Jan-2018,66000,PE,0,0,0,2332.35,920.8,0,0,0,0,19-DEC-2017,
OPTSTK,MRF,25-Jan-2018,66050,PE,0,0,0,2353.8,934.35,0,0,0,0,19-DEC-2017,
OPTSTK,MRF,25-Jan-2018,66100,PE,0,0,0,2375.4,948,0,0,0,0,19-DEC-2017,
OPTSTK,MRF,25-Jan-2018,66150,PE,0,0,0,2397.1,961.85,0,0,0,0,19-DEC-2017,
OPTSTK,MRF,25-Jan-2018,66200,PE,0,0,0,2418.9,973,0,0,0,0,19-DEC-2017,
OPTSTK,MRF,25-Jan-2018,66250,PE,0,0,0,2440.85,987.2,0,0,0,0,19-DEC-2017,
OPTSTK,MRF,25-Jan-2018,66300,PE,0,0,0,2462.9,1001.55,0,0,0,0,19-DEC-2017,
OPTSTK,MRF,25-Jan-2018,66350,PE,0,0,0,2485.1,1016.05,0,0,0,0,19-DEC-2017,
OPTSTK,MRF,25-Jan-2018,66400,PE,0,0,0,2507.4,1030.7,0,0,0,0,19-DEC-2017,
OPTSTK,MRF,25-Jan-2018,66450,PE,0,0,0,2529.85,1045.5,0,0,0,0,19-DEC-2017,
OPTSTK,MRF,25-Jan-2018,66500,PE,0,0,0,2552.4,1060.4,0,0,0,0,19-DEC-2017,
OPTSTK,MRF,25-Jan-2018,66550,PE,0,0,0,2575.05,1075.5,0,0,0,0,19-DEC-2017,
OPTSTK,MRF,25-Jan-2018,66600,PE,0,0,0,2597.85,1090.75,0,0,0,0,19-DEC-2017,
OPTSTK,MRF,25-Jan-2018,66650,PE,0,0,0,2620.8,1106.15,0,0,0,0,19-DEC-2017,
OPTSTK,MRF,25-Jan-2018,66700,PE,0,0,0,2643.85,1121.65,0,0,0,0,19-DEC-2017,
OPTSTK,MRF,25-Jan-2018,66750,PE,0,0,0,2667,1137.35,0,0,0,0,19-DEC-2017,
OPTSTK,MRF,25-Jan-2018,66800,PE,0,0,0,2690.3,1153.2,0,0,0,0,19-DEC-2017,
OPTSTK,MRF,25-Jan-2018,66850,PE,0,0,0,2713.7,1169.2,0,0,0,0,19-DEC-2017,
OPTSTK,MRF,25-Jan-2018,66900,PE,0,0,0,2737.25,1185.35,0,0,0,0,19-DEC-2017,
OPTSTK,MRF,25-Jan-2018,66950,PE,0,0,0,2760.9,1201.6,0,0,0,0,19-DEC-2017,
OPTSTK,MRF,25-Jan-2018,67000,PE,0,0,0,2784.7,1218.1,0,0,0,0,19-DEC-2017,
OPTSTK,MRF,25-Jan-2018,67050,PE,0,0,0,2808.6,1234.7,0,0,0,0,19-DEC-2017,
OPTSTK,MRF,25-Jan-2018,67100,PE,0,0,0,2832.65,1251.45,0,0,0,0,19-DEC-2017,
OPTSTK,MRF,25-Jan-2018,67150,PE,0,0,0,2856.8,1268.35,0,0,0,0,19-DEC-2017,
OPTSTK,MRF,25-Jan-2018,67200,PE,0,0,0,2881.05,1285.45,0,0,0,0,19-DEC-2017,
OPTSTK,MRF,25-Jan-2018,67250,PE,0,0,0,2905.45,1302.65,0,0,0,0,19-DEC-2017,
OPTSTK,MRF,25-Jan-2018,67300,PE,0,0,0,2929.95,1320.05,0,0,0,0,19-DEC-2017,
OPTSTK,MRF,25-Jan-2018,67350,PE,0,0,0,2954.35,1337.6,0,0,0,0,19-DEC-2017,
OPTSTK,MRF,25-Jan-2018,67400,PE,0,0,0,2979.1,1355.3,0,0,0,0,19-DEC-2017,
OPTSTK,MRF,25-Jan-2018,67450,PE,0,0,0,3004,1373.15,0,0,0,0,19-DEC-2017,
OPTSTK,MRF,25-Jan-2018,67500,PE,0,0,0,3029,1391.15,0,0,0,0,19-DEC-2017,
OPTSTK,MRF,25-Jan-2018,67550,PE,0,0,0,3054.1,1409.3,0,0,0,0,19-DEC-2017,
OPTSTK,MRF,25-Jan-2018,67600,PE,0,0,0,3079.35,1427.65,0,0,0,0,19-DEC-2017,
OPTSTK,MRF,25-Jan-2018,67650,PE,0,0,0,3104.75,1446.15,0,0,0,0,19-DEC-2017,
OPTSTK,MRF,25-Jan-2018,67700,PE,0,0,0,3130.25,1464.8,0,0,0,0,19-DEC-2017,
OPTSTK,MRF,25-Jan-2018,67750,PE,0,0,0,3155.85,1483.6,0,0,0,0,19-DEC-2017,
OPTSTK,MRF,25-Jan-2018,67800,PE,0,0,0,3181.6,1502.55,0,0,0,0,19-DEC-2017,
OPTSTK,MRF,25-Jan-2018,67850,PE,0,0,0,2630.05,1521.7,0,0,0,0,19-DEC-2017,
OPTSTK,MRF,25-Jan-2018,67900,PE,0,0,0,2654.5,1541,0,0,0,0,19-DEC-2017,
OPTSTK,MRF,25-Jan-2018,67950,PE,0,0,0,2679.05,1560.45,0,0,0,0,19-DEC-2017,
OPTSTK,MRF,25-Jan-2018,68000,PE,0,0,0,2703.5,1580.05,0,0,0,0,19-DEC-2017,
OPTSTK,MRF,25-Jan-2018,68050,PE,0,0,0,2728.35,1599.8,0,0,0,0,19-DEC-2017,
OPTSTK,MRF,25-Jan-2018,68100,PE,0,0,0,2753.3,1619.75,0,0,0,0,19-DEC-2017,
OPTSTK,MRF,25-Jan-2018,68150,PE,0,0,0,2778.4,1639.85,0,0,0,0,19-DEC-2017,
OPTSTK,MRF,25-Jan-2018,68200,PE,0,0,0,2803.65,1660.1,0,0,0,0,19-DEC-2017,
OPTSTK,MRF,25-Jan-2018,68250,PE,0,0,0,2829.05,1680.5,0,0,0,0,19-DEC-2017,
OPTSTK,MRF,25-Jan-2018,68300,PE,0,0,0,2854.55,1701.1,0,0,0,0,19-DEC-2017,
OPTSTK,MRF,25-Jan-2018,68350,PE,0,0,0,2880.2,1721.85,0,0,0,0,19-DEC-2017,
OPTSTK,MRF,25-Jan-2018,68400,PE,0,0,0,2906,1742.75,0,0,0,0,19-DEC-2017,
OPTSTK,MRF,25-Jan-2018,68450,PE,0,0,0,3102.7,1763.8,0,0,0,0,19-DEC-2017,
OPTSTK,MRF,25-Jan-2018,68500,PE,0,0,0,3127.05,1785.05,0,0,0,0,19-DEC-2017,
OPTSTK,MRF,25-Jan-2018,68550,PE,0,0,0,3151.45,1806.45,0,0,0,0,19-DEC-2017,
OPTSTK,MRF,25-Jan-2018,68600,PE,0,0,0,3176,1828,0,0,0,0,19-DEC-2017,
OPTSTK,MRF,25-Jan-2018,68650,PE,0,0,0,3200.4,1849.7,0,0,0,0,19-DEC-2017,
OPTSTK,MRF,25-Jan-2018,68700,PE,0,0,0,3225.2,1871.6,0,0,0,0,19-DEC-2017,
OPTSTK,MRF,25-Jan-2018,68750,PE,0,0,0,3250.05,1893.65,0,0,0,0,19-DEC-2017,
OPTSTK,MRF,25-Jan-2018,68800,PE,0,0,0,3275.05,1915.85,0,0,0,0,19-DEC-2017,
OPTSTK,MRF,25-Jan-2018,68850,PE,0,0,0,3300.15,1938.2,0,0,0,0,19-DEC-2017,
OPTSTK,MRF,25-Jan-2018,68900,PE,0,0,0,3325.4,1960.75,0,0,0,0,19-DEC-2017,
OPTSTK,MRF,25-Jan-2018,68950,PE,0,0,0,3350.7,1983.45,0,0,0,0,19-DEC-2017,
OPTSTK,MRF,25-Jan-2018,69000,PE,0,0,0,3376.15,2006.35,0,0,0,0,19-DEC-2017,
OPTSTK,MRF,25-Jan-2018,69050,PE,0,0,0,3401.75,2029.35,0,0,0,0,19-DEC-2017,
OPTSTK,MRF,25-Jan-2018,69100,PE,0,0,0,3427.4,2052.55,0,0,0,0,19-DEC-2017,
OPTSTK,MRF,25-Jan-2018,69150,PE,0,0,0,3453.15,2075.9,0,0,0,0,19-DEC-2017,
OPTSTK,MRF,25-Jan-2018,69200,PE,0,0,0,3479.05,2099.4,0,0,0,0,19-DEC-2017,
OPTSTK,MRF,25-Jan-2018,69250,PE,0,0,0,3505.05,2123.1,0,0,0,0,19-DEC-2017,
OPTSTK,MRF,25-Jan-2018,69300,PE,0,0,0,3531.2,2146.95,0,0,0,0,19-DEC-2017,
OPTSTK,MRF,25-Jan-2018,69350,PE,0,0,0,3385.65,2170.95,0,0,0,0,19-DEC-2017,
OPTSTK,MRF,25-Jan-2018,69400,PE,0,0,0,3411.85,2195.15,0,0,0,0,19-DEC-2017,
OPTSTK,MRF,25-Jan-2018,69450,PE,0,0,0,2891.15,2219.45,0,0,0,0,19-DEC-2017,
OPTSTK,MRF,25-Jan-2018,69500,PE,0,0,0,2914.55,2243.95,0,0,0,0,19-DEC-2017,
OPTSTK,MRF,25-Jan-2018,69550,PE,0,0,0,2938.05,2268.65,0,0,0,0,19-DEC-2017,
OPTSTK,MRF,25-Jan-2018,69600,PE,0,0,0,2961.7,2293.2,0,0,0,0,19-DEC-2017,
OPTSTK,MRF,25-Jan-2018,69650,PE,0,0,0,2985.45,2318.15,0,0,0,0,19-DEC-2017,
OPTSTK,MRF,25-Jan-2018,69700,PE,0,0,0,3009.3,2343.35,0,0,0,0,19-DEC-2017,
OPTSTK,MRF,25-Jan-2018,69750,PE,0,0,0,3033.25,2368.65,0,0,0,0,19-DEC-2017,
OPTSTK,MRF,25-Jan-2018,69800,PE,0,0,0,3057.35,2394.1,0,0,0,0,19-DEC-2017,
OPTSTK,MRF,25-Jan-2018,69850,PE,0,0,0,3081.55,2419.75,0,0,0,0,19-DEC-2017,
OPTSTK,MRF,25-Jan-2018,69900,PE,0,0,0,3105.85,2445.55,0,0,0,0,19-DEC-2017,
OPTSTK,MRF,25-Jan-2018,69950,PE,0,0,0,3130.25,2471.55,0,0,0,0,19-DEC-2017,
OPTSTK,MRF,25-Jan-2018,70000,PE,0,0,0,3154.8,2497.65,0,0,0,0,19-DEC-2017,
OPTSTK,MRF,25-Jan-2018,70050,PE,0,0,0,3179.15,2523.95,0,0,0,0,19-DEC-2017,
OPTSTK,MRF,25-Jan-2018,70100,PE,0,0,0,3203.95,2550.4,0,0,0,0,19-DEC-2017,
OPTSTK,MRF,25-Jan-2018,70150,PE,0,0,0,3228.8,2577,0,0,0,0,19-DEC-2017,
OPTSTK,MRF,25-Jan-2018,70200,PE,0,0,0,3253.8,2603.75,0,0,0,0,19-DEC-2017,
OPTSTK,MRF,25-Jan-2018,70250,PE,0,0,0,3278.9,2630.7,0,0,0,0,19-DEC-2017,
OPTSTK,MRF,25-Jan-2018,70300,PE,0,0,0,3304.1,2657.8,0,0,0,0,19-DEC-2017,
OPTSTK,MRF,25-Jan-2018,70350,PE,0,0,0,3329.45,2685.05,0,0,0,0,19-DEC-2017,
OPTSTK,MRF,25-Jan-2018,70400,PE,0,0,0,3354.9,2712.45,0,0,0,0,19-DEC-2017,
OPTSTK,MRF,25-Jan-2018,70450,PE,0,0,0,3380.45,2740.05,0,0,0,0,19-DEC-2017,
OPTSTK,MRF,25-Jan-2018,70500,PE,0,0,0,3406.1,2767.75,0,0,0,0,19-DEC-2017,
OPTSTK,MRF,25-Jan-2018,70550,PE,0,0,0,3431.85,2795.65,0,0,0,0,19-DEC-2017,
OPTSTK,MRF,25-Jan-2018,70600,PE,0,0,0,3457.75,2823.7,0,0,0,0,19-DEC-2017,
OPTSTK,MRF,25-Jan-2018,70650,PE,0,0,0,3483.75,2851.9,0,0,0,0,19-DEC-2017,
OPTSTK,MRF,25-Jan-2018,70700,PE,0,0,0,3509.9,2880.3,0,0,0,0,19-DEC-2017,
OPTSTK,MRF,22-Feb-2018,65450,CE,0,0,0,4374.5,5984.7,0,0,0,0,19-DEC-2017,
OPTSTK,MRF,22-Feb-2018,65500,CE,0,0,0,4347.55,5949.8,0,0,0,0,19-DEC-2017,
OPTSTK,MRF,22-Feb-2018,65550,CE,0,0,0,4320.7,5915,0,0,0,0,19-DEC-2017,
OPTSTK,MRF,22-Feb-2018,65600,CE,0,0,0,4294,5880.3,0,0,0,0,19-DEC-2017,
OPTSTK,MRF,22-Feb-2018,65650,CE,0,0,0,4267.35,5845.7,0,0,0,0,19-DEC-2017,
OPTSTK,MRF,22-Feb-2018,65700,CE,0,0,0,4240.85,5811.25,0,0,0,0,19-DEC-2017,
OPTSTK,MRF,22-Feb-2018,65750,CE,0,0,0,4214.5,5776.9,0,0,0,0,19-DEC-2017,
OPTSTK,MRF,22-Feb-2018,65800,CE,0,0,0,4188.2,5742.65,0,0,0,0,19-DEC-2017,
OPTSTK,MRF,22-Feb-2018,65850,CE,0,0,0,4162.05,5708.55,0,0,0,0,19-DEC-2017,
OPTSTK,MRF,22-Feb-2018,65900,CE,0,0,0,4135.95,5674.5,0,0,0,0,19-DEC-2017,
OPTSTK,MRF,22-Feb-2018,65950,CE,0,0,0,4110,5640.6,0,0,0,0,19-DEC-2017,
OPTSTK,MRF,22-Feb-2018,66000,CE,0,0,0,4084.2,5606.85,0,0,0,0,19-DEC-2017,
OPTSTK,MRF,22-Feb-2018,66050,CE,0,0,0,4058.45,5573.2,0,0,0,0,19-DEC-2017,
OPTSTK,MRF,22-Feb-2018,66100,CE,0,0,0,4032.85,5539.65,0,0,0,0,19-DEC-2017,
OPTSTK,MRF,22-Feb-2018,66150,CE,0,0,0,4007.35,5506.2,0,0,0,0,19-DEC-2017,
OPTSTK,MRF,22-Feb-2018,66200,CE,0,0,0,3981.95,5472.9,0,0,0,0,19-DEC-2017,
OPTSTK,MRF,22-Feb-2018,66250,CE,0,0,0,3956.65,5439.7,0,0,0,0,19-DEC-2017,
OPTSTK,MRF,22-Feb-2018,66300,CE,0,0,0,3931.5,5406.6,0,0,0,0,19-DEC-2017,
OPTSTK,MRF,22-Feb-2018,66350,CE,0,0,0,3906.45,5373.65,0,0,0,0,19-DEC-2017,
OPTSTK,MRF,22-Feb-2018,66400,CE,0,0,0,3881.5,5340.8,0,0,0,0,19-DEC-2017,
OPTSTK,MRF,22-Feb-2018,66450,CE,0,0,0,3856.65,5308.05,0,0,0,0,19-DEC-2017,
OPTSTK,MRF,22-Feb-2018,66500,CE,0,0,0,3831.9,5275.45,0,0,0,0,19-DEC-2017,
OPTSTK,MRF,22-Feb-2018,66550,CE,0,0,0,3807.05,5242.95,0,0,0,0,19-DEC-2017,
OPTSTK,MRF,22-Feb-2018,66600,CE,0,0,0,3782.55,5210.55,0,0,0,0,19-DEC-2017,
OPTSTK,MRF,22-Feb-2018,66650,CE,0,0,0,3758.15,5178.3,0,0,0,0,19-DEC-2017,
OPTSTK,MRF,22-Feb-2018,66700,CE,0,0,0,3733.85,5146.15,0,0,0,0,19-DEC-2017,
OPTSTK,MRF,22-Feb-2018,66750,CE,0,0,0,3709.65,5114.15,0,0,0,0,19-DEC-2017,
OPTSTK,MRF,22-Feb-2018,66800,CE,0,0,0,3685.6,5082.25,0,0,0,0,19-DEC-2017,
OPTSTK,MRF,22-Feb-2018,66850,CE,0,0,0,3661.65,5050.45,0,0,0,0,19-DEC-2017,
OPTSTK,MRF,22-Feb-2018,66900,CE,0,0,0,3637.8,5018.8,0,0,0,0,19-DEC-2017,
OPTSTK,MRF,22-Feb-2018,66950,CE,0,0,0,3614.05,4987.25,0,0,0,0,19-DEC-2017,
OPTSTK,MRF,22-Feb-2018,67000,CE,0,0,0,3590.4,4955.8,0,0,0,0,19-DEC-2017,
OPTSTK,MRF,22-Feb-2018,67050,CE,0,0,0,3566.9,4924.5,0,0,0,0,19-DEC-2017,
OPTSTK,MRF,22-Feb-2018,67100,CE,0,0,0,3543.45,4893.35,0,0,0,0,19-DEC-2017,
OPTSTK,MRF,22-Feb-2018,67150,CE,0,0,0,3520.15,4862.25,0,0,0,0,19-DEC-2017,
OPTSTK,MRF,22-Feb-2018,67200,CE,0,0,0,3496.95,4831.3,0,0,0,0,19-DEC-2017,
OPTSTK,MRF,22-Feb-2018,67250,CE,0,0,0,3473.9,4800.5,0,0,0,0,19-DEC-2017,
OPTSTK,MRF,22-Feb-2018,67300,CE,0,0,0,3450.9,4769.8,0,0,0,0,19-DEC-2017,
OPTSTK,MRF,22-Feb-2018,67350,CE,0,0,0,3428.05,4739.2,0,0,0,0,19-DEC-2017,
OPTSTK,MRF,22-Feb-2018,67400,CE,0,0,0,3405.3,4708.75,0,0,0,0,19-DEC-2017,
OPTSTK,MRF,22-Feb-2018,67450,CE,0,0,0,3382.65,4678.4,0,0,0,0,19-DEC-2017,
OPTSTK,MRF,22-Feb-2018,67500,CE,0,0,0,3360.1,4648.2,0,0,0,0,19-DEC-2017,
OPTSTK,MRF,22-Feb-2018,67550,CE,0,0,0,3337.65,4618.1,0,0,0,0,19-DEC-2017,
OPTSTK,MRF,22-Feb-2018,67600,CE,0,0,0,4152.6,4588.1,0,0,0,0,19-DEC-2017,
OPTSTK,MRF,22-Feb-2018,67650,CE,0,0,0,4124.15,4558.25,0,0,0,0,19-DEC-2017,
OPTSTK,MRF,22-Feb-2018,67700,CE,0,0,0,4095.8,4528.5,0,0,0,0,19-DEC-2017,
OPTSTK,MRF,22-Feb-2018,67750,CE,0,0,0,4067.6,4498.9,0,0,0,0,19-DEC-2017,
OPTSTK,MRF,22-Feb-2018,67800,CE,0,0,0,4039.5,4469.4,0,0,0,0,19-DEC-2017,
OPTSTK,MRF,22-Feb-2018,67850,CE,0,0,0,4011.55,4440.05,0,0,0,0,19-DEC-2017,
OPTSTK,MRF,22-Feb-2018,67900,CE,0,0,0,3983.7,4410.8,0,0,0,0,19-DEC-2017,
OPTSTK,MRF,22-Feb-2018,67950,CE,0,0,0,3956,4381.65,0,0,0,0,19-DEC-2017,
OPTSTK,MRF,22-Feb-2018,68000,CE,0,0,0,3928.45,4352.65,0,0,0,0,19-DEC-2017,
OPTSTK,MRF,22-Feb-2018,68050,CE,0,0,0,3901,4323.8,0,0,0,0,19-DEC-2017,
OPTSTK,MRF,22-Feb-2018,68100,CE,0,0,0,3873.65,4295.05,0,0,0,0,19-DEC-2017,
OPTSTK,MRF,22-Feb-2018,68150,CE,0,0,0,3846.45,4266.4,0,0,0,0,19-DEC-2017,
OPTSTK,MRF,22-Feb-2018,68200,CE,0,0,0,3819.4,4237.9,0,0,0,0,19-DEC-2017,
OPTSTK,MRF,22-Feb-2018,68250,CE,0,0,0,3792.4,4209.5,0,0,0,0,19-DEC-2017,
OPTSTK,MRF,22-Feb-2018,68300,CE,0,0,0,3765.6,4181.25,0,0,0,0,19-DEC-2017,
OPTSTK,MRF,22-Feb-2018,68350,CE,0,0,0,3738.9,4153.1,0,0,0,0,19-DEC-2017,
OPTSTK,MRF,22-Feb-2018,68400,CE,0,0,0,3712.3,4125.05,0,0,0,0,19-DEC-2017,
OPTSTK,MRF,22-Feb-2018,68450,CE,0,0,0,3685.85,4097.15,0,0,0,0,19-DEC-2017,
OPTSTK,MRF,22-Feb-2018,68500,CE,0,0,0,3659.55,4069.4,0,0,0,0,19-DEC-2017,
OPTSTK,MRF,22-Feb-2018,68550,CE,0,0,0,3633.35,4041.75,0,0,0,0,19-DEC-2017,
OPTSTK,MRF,22-Feb-2018,68600,CE,0,0,0,3607.3,4014.2,0,0,0,0,19-DEC-2017,
OPTSTK,MRF,22-Feb-2018,68650,CE,0,0,0,3581.35,3986.8,0,0,0,0,19-DEC-2017,
OPTSTK,MRF,22-Feb-2018,68700,CE,0,0,0,3555.5,3959.5,0,0,0,0,19-DEC-2017,
OPTSTK,MRF,22-Feb-2018,68750,CE,0,0,0,3529.8,3932.35,0,0,0,0,19-DEC-2017,
OPTSTK,MRF,22-Feb-2018,68800,CE,0,0,0,3504.25,3905.3,0,0,0,0,19-DEC-2017,
OPTSTK,MRF,22-Feb-2018,68850,CE,0,0,0,3478.8,3878.4,0,0,0,0,19-DEC-2017,
OPTSTK,MRF,22-Feb-2018,68900,CE,0,0,0,3453.5,3851.6,0,0,0,0,19-DEC-2017,
OPTSTK,MRF,22-Feb-2018,68950,CE,0,0,0,3428.3,3824.95,0,0,0,0,19-DEC-2017,
OPTSTK,MRF,22-Feb-2018,69000,CE,0,0,0,3403.2,3798.4,0,0,0,0,19-DEC-2017,
OPTSTK,MRF,22-Feb-2018,69050,CE,0,0,0,3378.3,3772,0,0,0,0,19-DEC-2017,
OPTSTK,MRF,22-Feb-2018,69100,CE,0,0,0,3353.45,3745.7,0,0,0,0,19-DEC-2017,
OPTSTK,MRF,22-Feb-2018,69150,CE,0,0,0,3328.5,3719.5,0,0,0,0,19-DEC-2017,
OPTSTK,MRF,22-Feb-2018,69200,CE,0,0,0,3303.9,3693.45,0,0,0,0,19-DEC-2017,
OPTSTK,MRF,22-Feb-2018,69250,CE,0,0,0,3279.5,3667.5,0,0,0,0,19-DEC-2017,
OPTSTK,MRF,22-Feb-2018,69300,CE,0,0,0,3255.15,3641.7,0,0,0,0,19-DEC-2017,
OPTSTK,MRF,22-Feb-2018,69350,CE,0,0,0,3230.95,3616.05,0,0,0,0,19-DEC-2017,
OPTSTK,MRF,22-Feb-2018,69400,CE,0,0,0,3206.9,3590.45,0,0,0,0,19-DEC-2017,
OPTSTK,MRF,22-Feb-2018,69450,CE,0,0,0,3182.95,3565,0,0,0,0,19-DEC-2017,
OPTSTK,MRF,22-Feb-2018,69500,CE,0,0,0,3159.1,3539.7,0,0,0,0,19-DEC-2017,
OPTSTK,MRF,22-Feb-2018,69550,CE,0,0,0,3135.4,3514.5,0,0,0,0,19-DEC-2017,
OPTSTK,MRF,22-Feb-2018,69600,CE,0,0,0,3111.85,3489.45,0,0,0,0,19-DEC-2017,
OPTSTK,MRF,22-Feb-2018,69650,CE,0,0,0,3481.15,3464.5,0,0,0,0,19-DEC-2017,
OPTSTK,MRF,22-Feb-2018,69700,CE,0,0,0,3456.85,3439.65,0,0,0,0,19-DEC-2017,
OPTSTK,MRF,22-Feb-2018,65450,PE,0,0,0,2735.2,1298.65,0,0,0,0,19-DEC-2017,
OPTSTK,MRF,22-Feb-2018,65500,PE,0,0,0,2757.55,1313.2,0,0,0,0,19-DEC-2017,
OPTSTK,MRF,22-Feb-2018,65550,PE,0,0,0,2780,1327.8,0,0,0,0,19-DEC-2017,
OPTSTK,MRF,22-Feb-2018,65600,PE,0,0,0,2802.6,1342.55,0,0,0,0,19-DEC-2017,
OPTSTK,MRF,22-Feb-2018,65650,PE,0,0,0,2825.25,1357.4,0,0,0,0,19-DEC-2017,
OPTSTK,MRF,22-Feb-2018,65700,PE,0,0,0,2848.05,1372.35,0,0,0,0,19-DEC-2017,
OPTSTK,MRF,22-Feb-2018,65750,PE,0,0,0,2870.95,1387.45,0,0,0,0,19-DEC-2017,
OPTSTK,MRF,22-Feb-2018,65800,PE,0,0,0,2894,1402.65,0,0,0,0,19-DEC-2017,
OPTSTK,MRF,22-Feb-2018,65850,PE,0,0,0,2917.1,1417.95,0,0,0,0,19-DEC-2017,
OPTSTK,MRF,22-Feb-2018,65900,PE,0,0,0,2940.35,1433.35,0,0,0,0,19-DEC-2017,
OPTSTK,MRF,22-Feb-2018,65950,PE,0,0,0,2963.7,1448.9,0,0,0,0,19-DEC-2017,
OPTSTK,MRF,22-Feb-2018,66000,PE,0,0,0,2987.15,1464.55,0,0,0,0,19-DEC-2017,
OPTSTK,MRF,22-Feb-2018,66050,PE,0,0,0,3010.75,1480.3,0,0,0,0,19-DEC-2017,
OPTSTK,MRF,22-Feb-2018,66100,PE,0,0,0,3034.4,1496.2,0,0,0,0,19-DEC-2017,
OPTSTK,MRF,22-Feb-2018,66150,PE,0,0,0,3058.2,1512.2,0,0,0,0,19-DEC-2017,
OPTSTK,MRF,22-Feb-2018,66200,PE,0,0,0,3082.1,1528.3,0,0,0,0,19-DEC-2017,
OPTSTK,MRF,22-Feb-2018,66250,PE,0,0,0,3106.15,1544.55,0,0,0,0,19-DEC-2017,
OPTSTK,MRF,22-Feb-2018,66300,PE,0,0,0,3130.25,1560.9,0,0,0,0,19-DEC-2017,
OPTSTK,MRF,22-Feb-2018,66350,PE,0,0,0,3154.5,1577.35,0,0,0,0,19-DEC-2017,
OPTSTK,MRF,22-Feb-2018,66400,PE,0,0,0,3178.85,1593.95,0,0,0,0,19-DEC-2017,
OPTSTK,MRF,22-Feb-2018,66450,PE,0,0,0,3203.3,1610.65,0,0,0,0,19-DEC-2017,
OPTSTK,MRF,22-Feb-2018,66500,PE,0,0,0,3227.85,1627.45,0,0,0,0,19-DEC-2017,
OPTSTK,MRF,22-Feb-2018,66550,PE,0,0,0,3252.3,1644.4,0,0,0,0,19-DEC-2017,
OPTSTK,MRF,22-Feb-2018,66600,PE,0,0,0,3277.05,1661.45,0,0,0,0,19-DEC-2017,
OPTSTK,MRF,22-Feb-2018,66650,PE,0,0,0,3301.95,1678.6,0,0,0,0,19-DEC-2017,
OPTSTK,MRF,22-Feb-2018,66700,PE,0,0,0,3327,1695.9,0,0,0,0,19-DEC-2017,
OPTSTK,MRF,22-Feb-2018,66750,PE,0,0,0,3352.1,1713.3,0,0,0,0,19-DEC-2017,
OPTSTK,MRF,22-Feb-2018,66800,PE,0,0,0,3377.3,1730.8,0,0,0,0,19-DEC-2017,
OPTSTK,MRF,22-Feb-2018,66850,PE,0,0,0,3402.65,1748.45,0,0,0,0,19-DEC-2017,
OPTSTK,MRF,22-Feb-2018,66900,PE,0,0,0,3428.1,1766.25,0,0,0,0,19-DEC-2017,
OPTSTK,MRF,22-Feb-2018,66950,PE,0,0,0,3453.65,1784.1,0,0,0,0,19-DEC-2017,
OPTSTK,MRF,22-Feb-2018,67000,PE,0,0,0,3479.35,1802.1,0,0,0,0,19-DEC-2017,
OPTSTK,MRF,22-Feb-2018,67050,PE,0,0,0,3505.1,1820.25,0,0,0,0,19-DEC-2017,
OPTSTK,MRF,22-Feb-2018,67100,PE,0,0,0,3531,1838.5,0,0,0,0,19-DEC-2017,
OPTSTK,MRF,22-Feb-2018,67150,PE,0,0,0,3557,1856.85,0,0,0,0,19-DEC-2017,
OPTSTK,MRF,22-Feb-2018,67200,PE,0,0,0,3583.1,1875.35,0,0,0,0,19-DEC-2017,
OPTSTK,MRF,22-Feb-2018,67250,PE,0,0,0,3609.3,1893.95,0,0,0,0,19-DEC-2017,
OPTSTK,MRF,22-Feb-2018,67300,PE,0,0,0,3635.6,1912.65,0,0,0,0,19-DEC-2017,
OPTSTK,MRF,22-Feb-2018,67350,PE,0,0,0,3662.05,1931.5,0,0,0,0,19-DEC-2017,
OPTSTK,MRF,22-Feb-2018,67400,PE,0,0,0,3688.6,1950.5,0,0,0,0,19-DEC-2017,
OPTSTK,MRF,22-Feb-2018,67450,PE,0,0,0,3715.2,1969.55,0,0,0,0,19-DEC-2017,
OPTSTK,MRF,22-Feb-2018,67500,PE,0,0,0,3742,1988.8,0,0,0,0,19-DEC-2017,
OPTSTK,MRF,22-Feb-2018,67550,PE,0,0,0,3768.85,2008.1,0,0,0,0,19-DEC-2017,
OPTSTK,MRF,22-Feb-2018,67600,PE,0,0,0,2183.8,2027.55,0,0,0,0,19-DEC-2017,
OPTSTK,MRF,22-Feb-2018,67650,PE,0,0,0,2204.6,2047.15,0,0,0,0,19-DEC-2017,
OPTSTK,MRF,22-Feb-2018,67700,PE,0,0,0,2225.55,2066.85,0,0,0,0,19-DEC-2017,
OPTSTK,MRF,22-Feb-2018,67750,PE,0,0,0,2246.6,2086.65,0,0,0,0,19-DEC-2017,
OPTSTK,MRF,22-Feb-2018,67800,PE,0,0,0,2267.8,2106.6,0,0,0,0,19-DEC-2017,
OPTSTK,MRF,22-Feb-2018,67850,PE,0,0,0,2289.1,2126.65,0,0,0,0,19-DEC-2017,
OPTSTK,MRF,22-Feb-2018,67900,PE,0,0,0,2310.55,2146.85,0,0,0,0,19-DEC-2017,
OPTSTK,MRF,22-Feb-2018,67950,PE,0,0,0,2332.1,2167.15,0,0,0,0,19-DEC-2017,
OPTSTK,MRF,22-Feb-2018,68000,PE,0,0,0,2353.8,2187.55,0,0,0,0,19-DEC-2017,
OPTSTK,MRF,22-Feb-2018,68050,PE,0,0,0,2375.6,2208.1,0,0,0,0,19-DEC-2017,
OPTSTK,MRF,22-Feb-2018,68100,PE,0,0,0,2397.55,2228.8,0,0,0,0,19-DEC-2017,
OPTSTK,MRF,22-Feb-2018,68150,PE,0,0,0,2419.65,2249.6,0,0,0,0,19-DEC-2017,
OPTSTK,MRF,22-Feb-2018,68200,PE,0,0,0,2441.85,2270.5,0,0,0,0,19-DEC-2017,
OPTSTK,MRF,22-Feb-2018,68250,PE,0,0,0,2464.15,2291.55,0,0,0,0,19-DEC-2017,
OPTSTK,MRF,22-Feb-2018,68300,PE,0,0,0,2486.6,2312.7,0,0,0,0,19-DEC-2017,
OPTSTK,MRF,22-Feb-2018,68350,PE,0,0,0,2509.15,2334,0,0,0,0,19-DEC-2017,
OPTSTK,MRF,22-Feb-2018,68400,PE,0,0,0,2531.85,2355.4,0,0,0,0,19-DEC-2017,
OPTSTK,MRF,22-Feb-2018,68450,PE,0,0,0,2554.7,2376.95,0,0,0,0,19-DEC-2017,
OPTSTK,MRF,22-Feb-2018,68500,PE,0,0,0,2577.65,2398.6,0,0,0,0,19-DEC-2017,
OPTSTK,MRF,22-Feb-2018,68550,PE,0,0,0,2600.7,2420.35,0,0,0,0,19-DEC-2017,
OPTSTK,MRF,22-Feb-2018,68600,PE,0,0,0,2623.9,2442.25,0,0,0,0,19-DEC-2017,
OPTSTK,MRF,22-Feb-2018,68650,PE,0,0,0,2647.25,2464.3,0,0,0,0,19-DEC-2017,
OPTSTK,MRF,22-Feb-2018,68700,PE,0,0,0,2670.7,2486.45,0,0,0,0,19-DEC-2017,
OPTSTK,MRF,22-Feb-2018,68750,PE,0,0,0,2694.25,2508.7,0,0,0,0,19-DEC-2017,
OPTSTK,MRF,22-Feb-2018,68800,PE,0,0,0,2717.95,2531.1,0,0,0,0,19-DEC-2017,
OPTSTK,MRF,22-Feb-2018,68850,PE,0,0,0,2741.8,2553.6,0,0,0,0,19-DEC-2017,
OPTSTK,MRF,22-Feb-2018,68900,PE,0,0,0,2765.75,2576.25,0,0,0,0,19-DEC-2017,
OPTSTK,MRF,22-Feb-2018,68950,PE,0,0,0,2789.8,2599,0,0,0,0,19-DEC-2017,
OPTSTK,MRF,22-Feb-2018,69000,PE,0,0,0,2814,2621.9,0,0,0,0,19-DEC-2017,
OPTSTK,MRF,22-Feb-2018,69050,PE,0,0,0,2838.35,2644.9,0,0,0,0,19-DEC-2017,
OPTSTK,MRF,22-Feb-2018,69100,PE,0,0,0,2862.8,2668.05,0,0,0,0,19-DEC-2017,
OPTSTK,MRF,22-Feb-2018,69150,PE,0,0,0,2887.1,2691.3,0,0,0,0,19-DEC-2017,
OPTSTK,MRF,22-Feb-2018,69200,PE,0,0,0,2911.8,2714.65,0,0,0,0,19-DEC-2017,
OPTSTK,MRF,22-Feb-2018,69250,PE,0,0,0,2936.65,2738.15,0,0,0,0,19-DEC-2017,
OPTSTK,MRF,22-Feb-2018,69300,PE,0,0,0,2961.6,2761.8,0,0,0,0,19-DEC-2017,
OPTSTK,MRF,22-Feb-2018,69350,PE,0,0,0,2986.65,2785.55,0,0,0,0,19-DEC-2017,
OPTSTK,MRF,22-Feb-2018,69400,PE,0,0,0,3011.85,2809.4,0,0,0,0,19-DEC-2017,
OPTSTK,MRF,22-Feb-2018,69450,PE,0,0,0,3037.2,2833.4,0,0,0,0,19-DEC-2017,
OPTSTK,MRF,22-Feb-2018,69500,PE,0,0,0,3062.65,2857.5,0,0,0,0,19-DEC-2017,
OPTSTK,MRF,22-Feb-2018,69550,PE,0,0,0,3088.2,2881.75,0,0,0,0,19-DEC-2017,
OPTSTK,MRF,22-Feb-2018,69600,PE,0,0,0,3113.9,2906.1,0,0,0,0,19-DEC-2017,
OPTSTK,MRF,22-Feb-2018,69650,PE,0,0,0,3137.65,2930.55,0,0,0,0,19-DEC-2017,
OPTSTK,MRF,22-Feb-2018,69700,PE,0,0,0,3162.8,2955.15,0,0,0,0,19-DEC-2017,
OPTSTK,MRPL,28-Dec-2017,85,CE,0,0,0,38.75,38.95,0,0,0,0,19-DEC-2017,
OPTSTK,MRPL,28-Dec-2017,90,CE,0,0,0,34.15,33.95,0,0,0,0,19-DEC-2017,
OPTSTK,MRPL,28-Dec-2017,95,CE,0,0,0,29.75,28.95,0,0,0,0,19-DEC-2017,
OPTSTK,MRPL,28-Dec-2017,100,CE,0,0,0,25.6,24,0,0,0,0,19-DEC-2017,
OPTSTK,MRPL,28-Dec-2017,105,CE,0,0,0,21.75,19,0,0,0,0,19-DEC-2017,
OPTSTK,MRPL,28-Dec-2017,110,CE,0,0,0,18.2,14,0,0,0,0,19-DEC-2017,
OPTSTK,MRPL,28-Dec-2017,115,CE,0,0,0,15.1,9.15,0,0,0,0,19-DEC-2017,
OPTSTK,MRPL,28-Dec-2017,120,CE,0,0,0,4.7,4.95,0,0,36000,0,19-DEC-2017,
OPTSTK,MRPL,28-Dec-2017,125,CE,2.8,2.8,2.2,2.5,2.5,6,34.4,180000,9000,19-DEC-2017,
OPTSTK,MRPL,28-Dec-2017,130,CE,1.3,1.3,0.95,1.2,1.2,13,76.73,468000,0,19-DEC-2017,
OPTSTK,MRPL,28-Dec-2017,135,CE,0.65,0.65,0.4,0.4,0.4,7,42.7,139500,0,19-DEC-2017,
OPTSTK,MRPL,28-Dec-2017,140,CE,2.75,2.75,0.25,0.4,0.4,52,333.39,288000,220500,19-DEC-2017,
OPTSTK,MRPL,28-Dec-2017,145,CE,0,0,0,0.45,0,0,0,9000,0,19-DEC-2017,
OPTSTK,MRPL,28-Dec-2017,150,CE,0,0,0,0.3,0,0,0,36000,0,19-DEC-2017,
OPTSTK,MRPL,28-Dec-2017,155,CE,0,0,0,1,0,0,0,4500,0,19-DEC-2017,
OPTSTK,MRPL,28-Dec-2017,160,CE,0,0,0,1.7,0,0,0,0,0,19-DEC-2017,
OPTSTK,MRPL,28-Dec-2017,165,CE,0,0,0,1.3,0,0,0,0,0,19-DEC-2017,
OPTSTK,MRPL,28-Dec-2017,170,CE,0,0,0,0.95,0,0,0,0,0,19-DEC-2017,
OPTSTK,MRPL,28-Dec-2017,85,PE,0,0,0,0.35,0,0,0,0,0,19-DEC-2017,
OPTSTK,MRPL,28-Dec-2017,90,PE,0,0,0,0.65,0,0,0,0,0,19-DEC-2017,
OPTSTK,MRPL,28-Dec-2017,95,PE,0,0,0,1.2,0,0,0,0,0,19-DEC-2017,
OPTSTK,MRPL,28-Dec-2017,100,PE,0,0,0,0.05,0,0,0,9000,0,19-DEC-2017,
OPTSTK,MRPL,28-Dec-2017,105,PE,2.75,2.75,2.75,2.75,2.75,48,232.74,229500,216000,19-DEC-2017,
OPTSTK,MRPL,28-Dec-2017,110,PE,0,0,0,0.25,0.05,0,0,58500,0,19-DEC-2017,
OPTSTK,MRPL,28-Dec-2017,115,PE,0.45,0.45,0.4,0.4,0.4,2,10.38,49500,9000,19-DEC-2017,
OPTSTK,MRPL,28-Dec-2017,120,PE,1.55,1.55,1.15,1.15,1.15,4,21.86,72000,-4500,19-DEC-2017,
OPTSTK,MRPL,28-Dec-2017,125,PE,4,4.1,4,4.1,4.1,2,11.61,63000,4500,19-DEC-2017,
OPTSTK,MRPL,28-Dec-2017,130,PE,0,0,0,9.3,6.6,0,0,13500,0,19-DEC-2017,
OPTSTK,MRPL,28-Dec-2017,135,PE,0,0,0,10.5,11.1,0,0,9000,0,19-DEC-2017,
OPTSTK,MRPL,28-Dec-2017,140,PE,0,0,0,15,16,0,0,13500,0,19-DEC-2017,
OPTSTK,MRPL,28-Dec-2017,145,PE,0,0,0,24.5,21,0,0,0,0,19-DEC-2017,
OPTSTK,MRPL,28-Dec-2017,150,PE,0,0,0,24,26,0,0,9000,0,19-DEC-2017,
OPTSTK,MRPL,28-Dec-2017,155,PE,0,0,0,32.75,31,0,0,0,0,19-DEC-2017,
OPTSTK,MRPL,28-Dec-2017,160,PE,0,0,0,37.1,35.95,0,0,0,0,19-DEC-2017,
OPTSTK,MRPL,28-Dec-2017,165,PE,0,0,0,41.6,40.95,0,0,0,0,19-DEC-2017,
OPTSTK,MRPL,28-Dec-2017,170,PE,0,0,0,46.2,45.95,0,0,0,0,19-DEC-2017,
OPTSTK,MRPL,25-Jan-2018,85,CE,0,0,0,50.75,39.35,0,0,0,0,19-DEC-2017,
OPTSTK,MRPL,25-Jan-2018,90,CE,0,0,0,45.9,34.4,0,0,0,0,19-DEC-2017,
OPTSTK,MRPL,25-Jan-2018,95,CE,0,0,0,41.05,29.45,0,0,0,0,19-DEC-2017,
OPTSTK,MRPL,25-Jan-2018,100,CE,0,0,0,36.25,24.55,0,0,0,0,19-DEC-2017,
OPTSTK,MRPL,25-Jan-2018,105,CE,0,0,0,31.65,19.7,0,0,0,0,19-DEC-2017,
OPTSTK,MRPL,25-Jan-2018,110,CE,0,0,0,27.2,15.15,0,0,0,0,19-DEC-2017,
OPTSTK,MRPL,25-Jan-2018,115,CE,0,0,0,23.05,11,0,0,0,0,19-DEC-2017,
OPTSTK,MRPL,25-Jan-2018,120,CE,0,0,0,19.2,7.5,0,0,0,0,19-DEC-2017,
OPTSTK,MRPL,25-Jan-2018,125,CE,0,0,0,6.4,4.8,0,0,4500,0,19-DEC-2017,
OPTSTK,MRPL,25-Jan-2018,130,CE,3,3,3,3,3,1,5.98,4500,4500,19-DEC-2017,
OPTSTK,MRPL,25-Jan-2018,135,CE,0,0,0,10,1.6,0,0,0,0,19-DEC-2017,
OPTSTK,MRPL,25-Jan-2018,140,CE,0,0,0,2.5,0.85,0,0,4500,0,19-DEC-2017,
OPTSTK,MRPL,25-Jan-2018,145,CE,0,0,0,6,0.4,0,0,0,0,19-DEC-2017,
OPTSTK,MRPL,25-Jan-2018,150,CE,0,0,0,4.5,0.2,0,0,0,0,19-DEC-2017,
OPTSTK,MRPL,25-Jan-2018,155,CE,0,0,0,3.35,0.1,0,0,0,0,19-DEC-2017,
OPTSTK,MRPL,25-Jan-2018,160,CE,0,0,0,2.5,0.05,0,0,0,0,19-DEC-2017,
OPTSTK,MRPL,25-Jan-2018,165,CE,0,0,0,1.8,0.05,0,0,0,0,19-DEC-2017,
OPTSTK,MRPL,25-Jan-2018,170,CE,0,0,0,1.3,0,0,0,0,0,19-DEC-2017,
OPTSTK,MRPL,25-Jan-2018,85,PE,0,0,0,0.05,0,0,0,0,0,19-DEC-2017,
OPTSTK,MRPL,25-Jan-2018,90,PE,0,0,0,0.05,0,0,0,0,0,19-DEC-2017,
OPTSTK,MRPL,25-Jan-2018,95,PE,0,0,0,0.15,0.05,0,0,0,0,19-DEC-2017,
OPTSTK,MRPL,25-Jan-2018,100,PE,0,0,0,0.3,0.1,0,0,0,0,19-DEC-2017,
OPTSTK,MRPL,25-Jan-2018,105,PE,0,0,0,0.6,0.25,0,0,0,0,19-DEC-2017,
OPTSTK,MRPL,25-Jan-2018,110,PE,0,0,0,1.1,0.6,0,0,0,0,19-DEC-2017,
OPTSTK,MRPL,25-Jan-2018,115,PE,0,0,0,1.85,1.45,0,0,0,0,19-DEC-2017,
OPTSTK,MRPL,25-Jan-2018,120,PE,0,0,0,2.9,2.95,0,0,0,0,19-DEC-2017,
OPTSTK,MRPL,25-Jan-2018,125,PE,0,0,0,5.95,5.2,0,0,4500,0,19-DEC-2017,
OPTSTK,MRPL,25-Jan-2018,130,PE,0,0,0,6.2,8.2,0,0,0,0,19-DEC-2017,
OPTSTK,MRPL,25-Jan-2018,135,PE,0,0,0,8.5,11.9,0,0,0,0,19-DEC-2017,
OPTSTK,MRPL,25-Jan-2018,140,PE,0,0,0,11.2,16.1,0,0,0,0,19-DEC-2017,
OPTSTK,MRPL,25-Jan-2018,145,PE,0,0,0,14.3,20.65,0,0,0,0,19-DEC-2017,
OPTSTK,MRPL,25-Jan-2018,150,PE,0,0,0,17.75,25.4,0,0,0,0,19-DEC-2017,
OPTSTK,MRPL,25-Jan-2018,155,PE,0,0,0,21.55,30.3,0,0,0,0,19-DEC-2017,
OPTSTK,MRPL,25-Jan-2018,160,PE,0,0,0,25.55,35.2,0,0,0,0,19-DEC-2017,
OPTSTK,MRPL,25-Jan-2018,165,PE,0,0,0,29.8,40.15,0,0,0,0,19-DEC-2017,
OPTSTK,MRPL,25-Jan-2018,170,PE,0,0,0,34.25,45.1,0,0,0,0,19-DEC-2017,
OPTSTK,MRPL,22-Feb-2018,85,CE,0,0,0,38.6,39.8,0,0,0,0,19-DEC-2017,
OPTSTK,MRPL,22-Feb-2018,90,CE,0,0,0,33.75,34.9,0,0,0,0,19-DEC-2017,
OPTSTK,MRPL,22-Feb-2018,95,CE,0,0,0,29.05,30,0,0,0,0,19-DEC-2017,
OPTSTK,MRPL,22-Feb-2018,100,CE,0,0,0,24.5,25.25,0,0,0,0,19-DEC-2017,
OPTSTK,MRPL,22-Feb-2018,105,CE,0,0,0,20.2,20.65,0,0,0,0,19-DEC-2017,
OPTSTK,MRPL,22-Feb-2018,110,CE,0,0,0,16.3,16.45,0,0,0,0,19-DEC-2017,
OPTSTK,MRPL,22-Feb-2018,115,CE,0,0,0,12.85,12.65,0,0,0,0,19-DEC-2017,
OPTSTK,MRPL,22-Feb-2018,120,CE,0,0,0,9.85,9.35,0,0,0,0,19-DEC-2017,
OPTSTK,MRPL,22-Feb-2018,125,CE,0,0,0,7.4,6.7,0,0,0,0,19-DEC-2017,
OPTSTK,MRPL,22-Feb-2018,130,CE,0,0,0,5.4,4.6,0,0,0,0,19-DEC-2017,
OPTSTK,MRPL,22-Feb-2018,135,CE,0,0,0,3.9,3.1,0,0,0,0,19-DEC-2017,
OPTSTK,MRPL,22-Feb-2018,140,CE,0,0,0,2.7,2,0,0,0,0,19-DEC-2017,
OPTSTK,MRPL,22-Feb-2018,145,CE,0,0,0,1.85,1.25,0,0,0,0,19-DEC-2017,
OPTSTK,MRPL,22-Feb-2018,150,CE,0,0,0,1.25,0.75,0,0,0,0,19-DEC-2017,
OPTSTK,MRPL,22-Feb-2018,155,CE,0,0,0,0.85,0.45,0,0,0,0,19-DEC-2017,
OPTSTK,MRPL,22-Feb-2018,160,CE,0,0,0,0.55,0.25,0,0,0,0,19-DEC-2017,
OPTSTK,MRPL,22-Feb-2018,165,CE,0,0,0,0.35,0.15,0,0,0,0,19-DEC-2017,
OPTSTK,MRPL,22-Feb-2018,170,CE,0,0,0,0.25,0.1,0,0,0,0,19-DEC-2017,
OPTSTK,MRPL,22-Feb-2018,85,PE,0,0,0,0.05,0.05,0,0,0,0,19-DEC-2017,
OPTSTK,MRPL,22-Feb-2018,90,PE,0,0,0,0.15,0.05,0,0,0,0,19-DEC-2017,
OPTSTK,MRPL,22-Feb-2018,95,PE,0,0,0,0.35,0.1,0,0,0,0,19-DEC-2017,
OPTSTK,MRPL,22-Feb-2018,100,PE,0,0,0,0.75,0.3,0,0,0,0,19-DEC-2017,
OPTSTK,MRPL,22-Feb-2018,105,PE,0,0,0,1.4,0.7,0,0,0,0,19-DEC-2017,
OPTSTK,MRPL,22-Feb-2018,110,PE,0,0,0,2.4,1.4,0,0,0,0,19-DEC-2017,
OPTSTK,MRPL,22-Feb-2018,115,PE,0,0,0,3.85,2.5,0,0,0,0,19-DEC-2017,
OPTSTK,MRPL,22-Feb-2018,120,PE,0,0,0,5.8,4.2,0,0,0,0,19-DEC-2017,
OPTSTK,MRPL,22-Feb-2018,125,PE,0,0,0,8.3,6.45,0,0,0,0,19-DEC-2017,
OPTSTK,MRPL,22-Feb-2018,130,PE,0,0,0,11.2,9.35,0,0,0,0,19-DEC-2017,
OPTSTK,MRPL,22-Feb-2018,135,PE,0,0,0,14.6,12.75,0,0,0,0,19-DEC-2017,
OPTSTK,MRPL,22-Feb-2018,140,PE,0,0,0,18.4,16.6,0,0,0,0,19-DEC-2017,
OPTSTK,MRPL,22-Feb-2018,145,PE,0,0,0,22.45,20.8,0,0,0,0,19-DEC-2017,
OPTSTK,MRPL,22-Feb-2018,150,PE,0,0,0,26.75,25.25,0,0,0,0,19-DEC-2017,
OPTSTK,MRPL,22-Feb-2018,155,PE,0,0,0,31.3,29.9,0,0,0,0,19-DEC-2017,
OPTSTK,MRPL,22-Feb-2018,160,PE,0,0,0,35.9,34.65,0,0,0,0,19-DEC-2017,
OPTSTK,MRPL,22-Feb-2018,165,PE,0,0,0,40.65,39.45,0,0,0,0,19-DEC-2017,
OPTSTK,MRPL,22-Feb-2018,170,PE,0,0,0,45.45,44.35,0,0,0,0,19-DEC-2017,
OPTSTK,MUTHOOTFIN,28-Dec-2017,300,CE,0,0,0,164.2,145.1,0,0,0,0,19-DEC-2017,
OPTSTK,MUTHOOTFIN,28-Dec-2017,320,CE,0,0,0,145.3,125.1,0,0,0,0,19-DEC-2017,
OPTSTK,MUTHOOTFIN,28-Dec-2017,340,CE,0,0,0,127.05,105.15,0,0,0,0,19-DEC-2017,
OPTSTK,MUTHOOTFIN,28-Dec-2017,360,CE,0,0,0,109.65,85.2,0,0,0,0,19-DEC-2017,
OPTSTK,MUTHOOTFIN,28-Dec-2017,380,CE,0,0,0,93.4,65.25,0,0,0,0,19-DEC-2017,
OPTSTK,MUTHOOTFIN,28-Dec-2017,400,CE,43,43,43,43,43,1,6.64,4500,0,19-DEC-2017,
OPTSTK,MUTHOOTFIN,28-Dec-2017,420,CE,27.6,27.6,26.55,26.55,26.55,2,13.41,16500,-1500,19-DEC-2017,
OPTSTK,MUTHOOTFIN,28-Dec-2017,440,CE,11.8,12.85,10.5,12,12,8,54.21,52500,3000,19-DEC-2017,
OPTSTK,MUTHOOTFIN,28-Dec-2017,460,CE,3.5,4.5,3.5,3.9,3.9,10,69.59,84000,1500,19-DEC-2017,
OPTSTK,MUTHOOTFIN,28-Dec-2017,480,CE,1.5,1.5,1.5,1.5,1.5,2,14.44,30000,-1500,19-DEC-2017,
OPTSTK,MUTHOOTFIN,28-Dec-2017,500,CE,0.7,0.7,0.7,0.7,0.7,1,7.51,13500,1500,19-DEC-2017,
OPTSTK,MUTHOOTFIN,28-Dec-2017,520,CE,0,0,0,21,0.1,0,0,0,0,19-DEC-2017,
OPTSTK,MUTHOOTFIN,28-Dec-2017,540,CE,0,0,0,16.25,0.05,0,0,0,0,19-DEC-2017,
OPTSTK,MUTHOOTFIN,28-Dec-2017,560,CE,0,0,0,12.4,0,0,0,0,0,19-DEC-2017,
OPTSTK,MUTHOOTFIN,28-Dec-2017,580,CE,0,0,0,1,0,0,0,1500,0,19-DEC-2017,
OPTSTK,MUTHOOTFIN,28-Dec-2017,600,CE,0,0,0,7.1,0,0,0,0,0,19-DEC-2017,
OPTSTK,MUTHOOTFIN,28-Dec-2017,620,CE,0,0,0,5.3,0,0,0,0,0,19-DEC-2017,
OPTSTK,MUTHOOTFIN,28-Dec-2017,300,PE,0,0,0,0.7,0,0,0,0,0,19-DEC-2017,
OPTSTK,MUTHOOTFIN,28-Dec-2017,320,PE,0,0,0,1.5,0,0,0,0,0,19-DEC-2017,
OPTSTK,MUTHOOTFIN,28-Dec-2017,340,PE,0,0,0,2.9,0,0,0,0,0,19-DEC-2017,
OPTSTK,MUTHOOTFIN,28-Dec-2017,360,PE,0,0,0,5.2,0,0,0,0,0,19-DEC-2017,
OPTSTK,MUTHOOTFIN,28-Dec-2017,380,PE,0.5,0.5,0.5,0.5,0.5,2,11.41,7500,0,19-DEC-2017,
OPTSTK,MUTHOOTFIN,28-Dec-2017,400,PE,0.15,0.35,0.15,0.35,0.35,3,18.01,52500,-1500,19-DEC-2017,
OPTSTK,MUTHOOTFIN,28-Dec-2017,420,PE,1.9,2.85,1.9,2.5,2.5,7,44.35,33000,-4500,19-DEC-2017,
OPTSTK,MUTHOOTFIN,28-Dec-2017,440,PE,7.5,7.5,6.75,7,7,5,33.53,22500,7500,19-DEC-2017,
OPTSTK,MUTHOOTFIN,28-Dec-2017,460,PE,0,0,0,35.9,20.45,0,0,31500,0,19-DEC-2017,
OPTSTK,MUTHOOTFIN,28-Dec-2017,480,PE,0,0,0,40.55,36.5,0,0,6000,0,19-DEC-2017,
OPTSTK,MUTHOOTFIN,28-Dec-2017,500,PE,0,0,0,56,55.1,0,0,1500,0,19-DEC-2017,
OPTSTK,MUTHOOTFIN,28-Dec-2017,520,PE,0,0,0,74.05,74.7,0,0,0,0,19-DEC-2017,
OPTSTK,MUTHOOTFIN,28-Dec-2017,540,PE,0,0,0,89,94.6,0,0,0,0,19-DEC-2017,
OPTSTK,MUTHOOTFIN,28-Dec-2017,560,PE,0,0,0,104.85,114.55,0,0,0,0,19-DEC-2017,
OPTSTK,MUTHOOTFIN,28-Dec-2017,580,PE,0,0,0,121.55,134.5,0,0,0,0,19-DEC-2017,
OPTSTK,MUTHOOTFIN,28-Dec-2017,600,PE,0,0,0,138.9,154.5,0,0,0,0,19-DEC-2017,
OPTSTK,MUTHOOTFIN,28-Dec-2017,620,PE,0,0,0,156.8,174.45,0,0,0,0,19-DEC-2017,
OPTSTK,MUTHOOTFIN,25-Jan-2018,300,CE,0,0,0,191.2,146.6,0,0,0,0,19-DEC-2017,
OPTSTK,MUTHOOTFIN,25-Jan-2018,320,CE,0,0,0,171.6,126.8,0,0,0,0,19-DEC-2017,
OPTSTK,MUTHOOTFIN,25-Jan-2018,340,CE,0,0,0,152.15,107.15,0,0,0,0,19-DEC-2017,
OPTSTK,MUTHOOTFIN,25-Jan-2018,360,CE,0,0,0,132.95,88.05,0,0,0,0,19-DEC-2017,
OPTSTK,MUTHOOTFIN,25-Jan-2018,380,CE,0,0,0,114.35,69.85,0,0,0,0,19-DEC-2017,
OPTSTK,MUTHOOTFIN,25-Jan-2018,400,CE,0,0,0,96.55,53.25,0,0,0,0,19-DEC-2017,
OPTSTK,MUTHOOTFIN,25-Jan-2018,420,CE,0,0,0,79.9,38.8,0,0,0,0,19-DEC-2017,
OPTSTK,MUTHOOTFIN,25-Jan-2018,440,CE,0,0,0,64.8,27,0,0,0,0,19-DEC-2017,
OPTSTK,MUTHOOTFIN,25-Jan-2018,460,CE,14.25,14.25,14.25,14.25,14.25,1,7.11,1500,1500,19-DEC-2017,
OPTSTK,MUTHOOTFIN,25-Jan-2018,480,CE,0,0,0,39.9,11.35,0,0,0,0,19-DEC-2017,
OPTSTK,MUTHOOTFIN,25-Jan-2018,500,CE,0,0,0,30.3,6.9,0,0,0,0,19-DEC-2017,
OPTSTK,MUTHOOTFIN,25-Jan-2018,520,CE,0,0,0,22.55,4,0,0,0,0,19-DEC-2017,
OPTSTK,MUTHOOTFIN,25-Jan-2018,540,CE,0,0,0,16.45,2.2,0,0,0,0,19-DEC-2017,
OPTSTK,MUTHOOTFIN,25-Jan-2018,560,CE,0,0,0,11.8,1.2,0,0,0,0,19-DEC-2017,
OPTSTK,MUTHOOTFIN,25-Jan-2018,580,CE,0,0,0,8.3,0.65,0,0,0,0,19-DEC-2017,
OPTSTK,MUTHOOTFIN,25-Jan-2018,600,CE,0,0,0,5.75,0.3,0,0,0,0,19-DEC-2017,
OPTSTK,MUTHOOTFIN,25-Jan-2018,620,CE,0,0,0,3.9,0.15,0,0,0,0,19-DEC-2017,
OPTSTK,MUTHOOTFIN,25-Jan-2018,300,PE,0,0,0,0.05,0.05,0,0,0,0,19-DEC-2017,
OPTSTK,MUTHOOTFIN,25-Jan-2018,320,PE,0,0,0,0.15,0.1,0,0,0,0,19-DEC-2017,
OPTSTK,MUTHOOTFIN,25-Jan-2018,340,PE,0,0,0,0.35,0.35,0,0,0,0,19-DEC-2017,
OPTSTK,MUTHOOTFIN,25-Jan-2018,360,PE,0,0,0,0.85,1.1,0,0,0,0,19-DEC-2017,
OPTSTK,MUTHOOTFIN,25-Jan-2018,380,PE,0,0,0,9.4,2.75,0,0,1500,0,19-DEC-2017,
OPTSTK,MUTHOOTFIN,25-Jan-2018,400,PE,0,0,0,11,6.05,0,0,1500,0,19-DEC-2017,
OPTSTK,MUTHOOTFIN,25-Jan-2018,420,PE,10,10,10,10,10,1,6.45,1500,1500,19-DEC-2017,
OPTSTK,MUTHOOTFIN,25-Jan-2018,440,PE,17.1,17.1,17.1,17.1,17.1,4,27.42,0,0,19-DEC-2017,
OPTSTK,MUTHOOTFIN,25-Jan-2018,460,PE,0,0,0,17.7,30.35,0,0,0,0,19-DEC-2017,
OPTSTK,MUTHOOTFIN,25-Jan-2018,480,PE,0,0,0,25.9,43.6,0,0,0,0,19-DEC-2017,
OPTSTK,MUTHOOTFIN,25-Jan-2018,500,PE,0,0,0,36.05,59,0,0,0,0,19-DEC-2017,
OPTSTK,MUTHOOTFIN,25-Jan-2018,520,PE,0,0,0,47.95,76,0,0,0,0,19-DEC-2017,
OPTSTK,MUTHOOTFIN,25-Jan-2018,540,PE,0,0,0,61.55,94.1,0,0,0,0,19-DEC-2017,
OPTSTK,MUTHOOTFIN,25-Jan-2018,560,PE,0,0,0,76.6,112.95,0,0,0,0,19-DEC-2017,
OPTSTK,MUTHOOTFIN,25-Jan-2018,580,PE,0,0,0,92.75,132.25,0,0,0,0,19-DEC-2017,
OPTSTK,MUTHOOTFIN,25-Jan-2018,600,PE,0,0,0,109.9,151.8,0,0,0,0,19-DEC-2017,
OPTSTK,MUTHOOTFIN,25-Jan-2018,620,PE,0,0,0,127.75,171.55,0,0,0,0,19-DEC-2017,
OPTSTK,MUTHOOTFIN,22-Feb-2018,300,CE,0,0,0,148,148.25,0,0,0,0,19-DEC-2017,
OPTSTK,MUTHOOTFIN,22-Feb-2018,320,CE,0,0,0,129.5,128.9,0,0,0,0,19-DEC-2017,
OPTSTK,MUTHOOTFIN,22-Feb-2018,340,CE,0,0,0,111.9,110.05,0,0,0,0,19-DEC-2017,
OPTSTK,MUTHOOTFIN,22-Feb-2018,360,CE,0,0,0,95.35,92.05,0,0,0,0,19-DEC-2017,
OPTSTK,MUTHOOTFIN,22-Feb-2018,380,CE,0,0,0,80.15,75.25,0,0,0,0,19-DEC-2017,
OPTSTK,MUTHOOTFIN,22-Feb-2018,400,CE,0,0,0,66.4,60.1,0,0,0,0,19-DEC-2017,
OPTSTK,MUTHOOTFIN,22-Feb-2018,420,CE,0,0,0,54.3,46.8,0,0,0,0,19-DEC-2017,
OPTSTK,MUTHOOTFIN,22-Feb-2018,440,CE,0,0,0,43.85,35.55,0,0,0,0,19-DEC-2017,
OPTSTK,MUTHOOTFIN,22-Feb-2018,460,CE,0,0,0,34.95,26.4,0,0,0,0,19-DEC-2017,
OPTSTK,MUTHOOTFIN,22-Feb-2018,480,CE,0,0,0,27.5,19.1,0,0,0,0,19-DEC-2017,
OPTSTK,MUTHOOTFIN,22-Feb-2018,500,CE,0,0,0,21.45,13.6,0,0,0,0,19-DEC-2017,
OPTSTK,MUTHOOTFIN,22-Feb-2018,520,CE,0,0,0,16.55,9.45,0,0,0,0,19-DEC-2017,
OPTSTK,MUTHOOTFIN,22-Feb-2018,540,CE,0,0,0,12.65,6.4,0,0,0,0,19-DEC-2017,
OPTSTK,MUTHOOTFIN,22-Feb-2018,560,CE,0,0,0,9.6,4.3,0,0,0,0,19-DEC-2017,
OPTSTK,MUTHOOTFIN,22-Feb-2018,580,CE,0,0,0,7.2,2.85,0,0,0,0,19-DEC-2017,
OPTSTK,MUTHOOTFIN,22-Feb-2018,600,CE,0,0,0,5.4,1.85,0,0,0,0,19-DEC-2017,
OPTSTK,MUTHOOTFIN,22-Feb-2018,620,CE,0,0,0,4,1.2,0,0,0,0,19-DEC-2017,
OPTSTK,MUTHOOTFIN,22-Feb-2018,300,PE,0,0,0,1.2,0.25,0,0,0,0,19-DEC-2017,
OPTSTK,MUTHOOTFIN,22-Feb-2018,320,PE,0,0,0,2.45,0.65,0,0,0,0,19-DEC-2017,
OPTSTK,MUTHOOTFIN,22-Feb-2018,340,PE,0,0,0,4.55,1.55,0,0,0,0,19-DEC-2017,
OPTSTK,MUTHOOTFIN,22-Feb-2018,360,PE,0,0,0,7.7,3.3,0,0,0,0,19-DEC-2017,
OPTSTK,MUTHOOTFIN,22-Feb-2018,380,PE,0,0,0,12.2,6.3,0,0,0,0,19-DEC-2017,
OPTSTK,MUTHOOTFIN,22-Feb-2018,400,PE,0,0,0,18.2,10.95,0,0,0,0,19-DEC-2017,
OPTSTK,MUTHOOTFIN,22-Feb-2018,420,PE,0,0,0,25.8,17.4,0,0,0,0,19-DEC-2017,
OPTSTK,MUTHOOTFIN,22-Feb-2018,440,PE,0,0,0,35,25.95,0,0,0,0,19-DEC-2017,
OPTSTK,MUTHOOTFIN,22-Feb-2018,460,PE,0,0,0,45.85,36.55,0,0,0,0,19-DEC-2017,
OPTSTK,MUTHOOTFIN,22-Feb-2018,480,PE,0,0,0,58.1,49.05,0,0,0,0,19-DEC-2017,
OPTSTK,MUTHOOTFIN,22-Feb-2018,500,PE,0,0,0,71.75,63.3,0,0,0,0,19-DEC-2017,
OPTSTK,MUTHOOTFIN,22-Feb-2018,520,PE,0,0,0,86.6,78.9,0,0,0,0,19-DEC-2017,
OPTSTK,MUTHOOTFIN,22-Feb-2018,540,PE,0,0,0,102.4,95.65,0,0,0,0,19-DEC-2017,
OPTSTK,MUTHOOTFIN,22-Feb-2018,560,PE,0,0,0,119.05,113.3,0,0,0,0,19-DEC-2017,
OPTSTK,MUTHOOTFIN,22-Feb-2018,580,PE,0,0,0,136.35,131.6,0,0,0,0,19-DEC-2017,
OPTSTK,MUTHOOTFIN,22-Feb-2018,600,PE,0,0,0,154.25,150.4,0,0,0,0,19-DEC-2017,
OPTSTK,MUTHOOTFIN,22-Feb-2018,620,PE,0,0,0,172.55,169.5,0,0,0,0,19-DEC-2017,
OPTSTK,NATIONALUM,28-Dec-2017,47.5,CE,0,0,0,30,31.1,0,0,0,0,19-DEC-2017,
OPTSTK,NATIONALUM,28-Dec-2017,50,CE,0,0,0,27.8,28.6,0,0,0,0,19-DEC-2017,
OPTSTK,NATIONALUM,28-Dec-2017,52.5,CE,0,0,0,25.6,26.1,0,0,0,0,19-DEC-2017,
OPTSTK,NATIONALUM,28-Dec-2017,55,CE,0,0,0,23.55,23.6,0,0,0,0,19-DEC-2017,
OPTSTK,NATIONALUM,28-Dec-2017,57.5,CE,0,0,0,21.55,21.1,0,0,0,0,19-DEC-2017,
OPTSTK,NATIONALUM,28-Dec-2017,60,CE,0,0,0,19.65,18.6,0,0,0,0,19-DEC-2017,
OPTSTK,NATIONALUM,28-Dec-2017,62.5,CE,0,0,0,17.85,16.1,0,0,0,0,19-DEC-2017,
OPTSTK,NATIONALUM,28-Dec-2017,65,CE,0,0,0,16.2,13.6,0,0,0,0,19-DEC-2017,
OPTSTK,NATIONALUM,28-Dec-2017,67.5,CE,0,0,0,14.6,11.15,0,0,0,0,19-DEC-2017,
OPTSTK,NATIONALUM,28-Dec-2017,70,CE,0,0,0,11.5,8.65,0,0,16000,0,19-DEC-2017,
OPTSTK,NATIONALUM,28-Dec-2017,72.5,CE,0,0,0,5,6.3,0,0,16000,0,19-DEC-2017,
OPTSTK,NATIONALUM,28-Dec-2017,75,CE,4.75,4.75,4.75,4.75,4.75,1,6.38,56000,-8000,19-DEC-2017,
OPTSTK,NATIONALUM,28-Dec-2017,77.5,CE,2.7,3.05,2.5,2.85,2.85,13,83.53,272000,-8000,19-DEC-2017,
OPTSTK,NATIONALUM,28-Dec-2017,80,CE,1.7,1.9,1.45,1.65,1.65,109,712.39,1720000,-72000,19-DEC-2017,
OPTSTK,NATIONALUM,28-Dec-2017,82.5,CE,1,1.05,0.8,0.9,0.9,27,180.2,360000,0,19-DEC-2017,
OPTSTK,NATIONALUM,28-Dec-2017,85,CE,0.5,0.65,0.45,0.5,0.5,26,177.85,920000,-16000,19-DEC-2017,
OPTSTK,NATIONALUM,28-Dec-2017,87.5,CE,0.2,0.2,0.2,0.2,0.2,1,7.01,80000,-8000,19-DEC-2017,
OPTSTK,NATIONALUM,28-Dec-2017,90,CE,0.15,0.2,0.15,0.2,0.2,5,36.06,424000,-16000,19-DEC-2017,
OPTSTK,NATIONALUM,28-Dec-2017,92.5,CE,0,0,0,0.15,0.05,0,0,40000,0,19-DEC-2017,
OPTSTK,NATIONALUM,28-Dec-2017,95,CE,0.1,0.1,0.1,0.1,0.1,3,22.82,112000,-16000,19-DEC-2017,
OPTSTK,NATIONALUM,28-Dec-2017,97.5,CE,0,0,0,0.05,0,0,0,48000,0,19-DEC-2017,
OPTSTK,NATIONALUM,28-Dec-2017,100,CE,0,0,0,0.05,0,0,0,64000,0,19-DEC-2017,
OPTSTK,NATIONALUM,28-Dec-2017,102.5,CE,0,0,0,0.2,0,0,0,16000,0,19-DEC-2017,
OPTSTK,NATIONALUM,28-Dec-2017,105,CE,0,0,0,2.4,0,0,0,0,0,19-DEC-2017,
OPTSTK,NATIONALUM,28-Dec-2017,107.5,CE,0,0,0,2.1,0,0,0,0,0,19-DEC-2017,
OPTSTK,NATIONALUM,28-Dec-2017,110,CE,0,0,0,1,0,0,0,48000,0,19-DEC-2017,
OPTSTK,NATIONALUM,28-Dec-2017,112.5,CE,0,0,0,1.6,0,0,0,0,0,19-DEC-2017,
OPTSTK,NATIONALUM,28-Dec-2017,47.5,PE,0,0,0,0.5,0,0,0,0,0,19-DEC-2017,
OPTSTK,NATIONALUM,28-Dec-2017,50,PE,0,0,0,0.7,0,0,0,0,0,19-DEC-2017,
OPTSTK,NATIONALUM,28-Dec-2017,52.5,PE,0,0,0,1,0,0,0,0,0,19-DEC-2017,
OPTSTK,NATIONALUM,28-Dec-2017,55,PE,0,0,0,1.4,0,0,0,0,0,19-DEC-2017,
OPTSTK,NATIONALUM,28-Dec-2017,57.5,PE,0,0,0,1.85,0,0,0,0,0,19-DEC-2017,
OPTSTK,NATIONALUM,28-Dec-2017,60,PE,0,0,0,2.4,0,0,0,0,0,19-DEC-2017,
OPTSTK,NATIONALUM,28-Dec-2017,62.5,PE,0,0,0,3.1,0,0,0,0,0,19-DEC-2017,
OPTSTK,NATIONALUM,28-Dec-2017,65,PE,0,0,0,3.85,0,0,0,0,0,19-DEC-2017,
OPTSTK,NATIONALUM,28-Dec-2017,67.5,PE,0,0,0,0.55,0.05,0,0,40000,0,19-DEC-2017,
OPTSTK,NATIONALUM,28-Dec-2017,70,PE,0.2,0.2,0.15,0.15,0.15,3,16.84,200000,-8000,19-DEC-2017,
OPTSTK,NATIONALUM,28-Dec-2017,72.5,PE,0,0,0,0.5,0.2,0,0,64000,0,19-DEC-2017,
OPTSTK,NATIONALUM,28-Dec-2017,75,PE,0.9,0.9,0.7,0.8,0.8,7,42.43,264000,-8000,19-DEC-2017,
OPTSTK,NATIONALUM,28-Dec-2017,77.5,PE,1.6,1.75,1.4,1.7,1.7,14,88.58,168000,-16000,19-DEC-2017,
OPTSTK,NATIONALUM,28-Dec-2017,80,PE,2.75,3.05,2.75,3.05,3.05,11,72.99,184000,0,19-DEC-2017,
OPTSTK,NATIONALUM,28-Dec-2017,82.5,PE,0,0,0,6.2,4.45,0,0,32000,0,19-DEC-2017,
OPTSTK,NATIONALUM,28-Dec-2017,85,PE,0,0,0,7.65,6.6,0,0,112000,0,19-DEC-2017,
OPTSTK,NATIONALUM,28-Dec-2017,87.5,PE,0,0,0,15.7,8.95,0,0,0,0,19-DEC-2017,
OPTSTK,NATIONALUM,28-Dec-2017,90,PE,0,0,0,12,11.4,0,0,72000,0,19-DEC-2017,
OPTSTK,NATIONALUM,28-Dec-2017,92.5,PE,0,0,0,19.35,13.9,0,0,0,0,19-DEC-2017,
OPTSTK,NATIONALUM,28-Dec-2017,95,PE,0,0,0,14.3,16.35,0,0,16000,0,19-DEC-2017,
OPTSTK,NATIONALUM,28-Dec-2017,97.5,PE,0,0,0,23.25,18.85,0,0,0,0,19-DEC-2017,
OPTSTK,NATIONALUM,28-Dec-2017,100,PE,0,0,0,18.35,21.35,0,0,8000,0,19-DEC-2017,
OPTSTK,NATIONALUM,28-Dec-2017,102.5,PE,0,0,0,27.35,23.85,0,0,0,0,19-DEC-2017,
OPTSTK,NATIONALUM,28-Dec-2017,105,PE,0,0,0,29.5,26.35,0,0,0,0,19-DEC-2017,
OPTSTK,NATIONALUM,28-Dec-2017,107.5,PE,0,0,0,31.65,28.85,0,0,0,0,19-DEC-2017,
OPTSTK,NATIONALUM,28-Dec-2017,110,PE,0,0,0,33.85,31.35,0,0,0,0,19-DEC-2017,
OPTSTK,NATIONALUM,28-Dec-2017,112.5,PE,0,0,0,36.05,33.85,0,0,0,0,19-DEC-2017,
OPTSTK,NATIONALUM,25-Jan-2018,57.5,CE,0,0,0,35.4,21.4,0,0,0,0,19-DEC-2017,
OPTSTK,NATIONALUM,25-Jan-2018,60,CE,0,0,0,33.05,18.95,0,0,0,0,19-DEC-2017,
OPTSTK,NATIONALUM,25-Jan-2018,62.5,CE,0,0,0,30.8,16.5,0,0,0,0,19-DEC-2017,
OPTSTK,NATIONALUM,25-Jan-2018,65,CE,0,0,0,28.55,14.15,0,0,0,0,19-DEC-2017,
OPTSTK,NATIONALUM,25-Jan-2018,67.5,CE,0,0,0,26.4,11.85,0,0,0,0,19-DEC-2017,
OPTSTK,NATIONALUM,25-Jan-2018,70,CE,0,0,0,24.35,9.75,0,0,0,0,19-DEC-2017,
OPTSTK,NATIONALUM,25-Jan-2018,72.5,CE,0,0,0,22.35,7.8,0,0,0,0,19-DEC-2017,
OPTSTK,NATIONALUM,25-Jan-2018,75,CE,0,0,0,20.45,6.05,0,0,0,0,19-DEC-2017,
OPTSTK,NATIONALUM,25-Jan-2018,77.5,CE,5.35,5.35,5.35,5.35,5.35,1,6.62,8000,8000,19-DEC-2017,
OPTSTK,NATIONALUM,25-Jan-2018,80,CE,0,0,0,16.95,3.4,0,0,0,0,19-DEC-2017,
OPTSTK,NATIONALUM,25-Jan-2018,82.5,CE,0,0,0,15.35,2.4,0,0,0,0,19-DEC-2017,
OPTSTK,NATIONALUM,25-Jan-2018,85,CE,0,0,0,13.85,1.7,0,0,0,0,19-DEC-2017,
OPTSTK,NATIONALUM,25-Jan-2018,87.5,CE,0,0,0,12.45,1.15,0,0,0,0,19-DEC-2017,
OPTSTK,NATIONALUM,25-Jan-2018,90,CE,2.55,2.55,2.55,2.55,2.55,11,81.44,88000,88000,19-DEC-2017,
OPTSTK,NATIONALUM,25-Jan-2018,92.5,CE,0,0,0,10,0.5,0,0,0,0,19-DEC-2017,
OPTSTK,NATIONALUM,25-Jan-2018,95,CE,0,0,0,8.9,0.3,0,0,0,0,19-DEC-2017,
OPTSTK,NATIONALUM,25-Jan-2018,97.5,CE,0,0,0,7.95,0.2,0,0,0,0,19-DEC-2017,
OPTSTK,NATIONALUM,25-Jan-2018,100,CE,0,0,0,7.05,0.15,0,0,0,0,19-DEC-2017,
OPTSTK,NATIONALUM,25-Jan-2018,102.5,CE,0,0,0,6.25,0.1,0,0,0,0,19-DEC-2017,
OPTSTK,NATIONALUM,25-Jan-2018,105,CE,0,0,0,5.5,0.05,0,0,0,0,19-DEC-2017,
OPTSTK,NATIONALUM,25-Jan-2018,107.5,CE,0,0,0,4.85,0.05,0,0,0,0,19-DEC-2017,
OPTSTK,NATIONALUM,25-Jan-2018,110,CE,0,0,0,4.3,0.05,0,0,0,0,19-DEC-2017,
OPTSTK,NATIONALUM,25-Jan-2018,112.5,CE,0,0,0,3.75,0.05,0,0,0,0,19-DEC-2017,
OPTSTK,NATIONALUM,25-Jan-2018,57.5,PE,0,0,0,0.3,0.05,0,0,0,0,19-DEC-2017,
OPTSTK,NATIONALUM,25-Jan-2018,60,PE,0,0,0,0.4,0.05,0,0,0,0,19-DEC-2017,
OPTSTK,NATIONALUM,25-Jan-2018,62.5,PE,0,0,0,0.6,0.1,0,0,0,0,19-DEC-2017,
OPTSTK,NATIONALUM,25-Jan-2018,65,PE,0,0,0,1.85,0.2,0,0,176000,0,19-DEC-2017,
OPTSTK,NATIONALUM,25-Jan-2018,67.5,PE,0,0,0,2.75,0.45,0,0,192000,0,19-DEC-2017,
OPTSTK,NATIONALUM,25-Jan-2018,70,PE,0,0,0,1.55,0.8,0,0,0,0,19-DEC-2017,
OPTSTK,NATIONALUM,25-Jan-2018,72.5,PE,0,0,0,2,1.3,0,0,0,0,19-DEC-2017,
OPTSTK,NATIONALUM,25-Jan-2018,75,PE,2.9,2.9,2.5,2.5,2.5,2,12.43,48000,16000,19-DEC-2017,
OPTSTK,NATIONALUM,25-Jan-2018,77.5,PE,0,0,0,3.2,3.1,0,0,0,0,19-DEC-2017,
OPTSTK,NATIONALUM,25-Jan-2018,80,PE,0,0,0,4,4.35,0,0,0,0,19-DEC-2017,
OPTSTK,NATIONALUM,25-Jan-2018,82.5,PE,0,0,0,4.85,5.9,0,0,0,0,19-DEC-2017,
OPTSTK,NATIONALUM,25-Jan-2018,85,PE,0,0,0,5.8,7.65,0,0,0,0,19-DEC-2017,
OPTSTK,NATIONALUM,25-Jan-2018,87.5,PE,0,0,0,6.9,9.6,0,0,0,0,19-DEC-2017,
OPTSTK,NATIONALUM,25-Jan-2018,90,PE,0,0,0,8.05,11.7,0,0,0,0,19-DEC-2017,
OPTSTK,NATIONALUM,25-Jan-2018,92.5,PE,0,0,0,9.35,13.9,0,0,0,0,19-DEC-2017,
OPTSTK,NATIONALUM,25-Jan-2018,95,PE,0,0,0,10.75,16.2,0,0,0,0,19-DEC-2017,
OPTSTK,NATIONALUM,25-Jan-2018,97.5,PE,0,0,0,12.2,18.55,0,0,0,0,19-DEC-2017,
OPTSTK,NATIONALUM,25-Jan-2018,100,PE,0,0,0,13.8,21,0,0,0,0,19-DEC-2017,
OPTSTK,NATIONALUM,25-Jan-2018,102.5,PE,0,0,0,15.45,23.4,0,0,0,0,19-DEC-2017,
OPTSTK,NATIONALUM,25-Jan-2018,105,PE,0,0,0,17.15,25.85,0,0,0,0,19-DEC-2017,
OPTSTK,NATIONALUM,25-Jan-2018,107.5,PE,0,0,0,19,28.35,0,0,0,0,19-DEC-2017,
OPTSTK,NATIONALUM,25-Jan-2018,110,PE,0,0,0,20.85,30.8,0,0,0,0,19-DEC-2017,
OPTSTK,NATIONALUM,25-Jan-2018,112.5,PE,0,0,0,22.8,33.3,0,0,0,0,19-DEC-2017,
OPTSTK,NATIONALUM,22-Feb-2018,57.5,CE,0,0,0,25.55,21.75,0,0,0,0,19-DEC-2017,
OPTSTK,NATIONALUM,22-Feb-2018,60,CE,0,0,0,23.25,19.4,0,0,0,0,19-DEC-2017,
OPTSTK,NATIONALUM,22-Feb-2018,62.5,CE,0,0,0,21.05,17.05,0,0,0,0,19-DEC-2017,
OPTSTK,NATIONALUM,22-Feb-2018,65,CE,0,0,0,18.95,14.85,0,0,0,0,19-DEC-2017,
OPTSTK,NATIONALUM,22-Feb-2018,67.5,CE,0,0,0,16.9,12.75,0,0,0,0,19-DEC-2017,
OPTSTK,NATIONALUM,22-Feb-2018,70,CE,0,0,0,15.05,10.8,0,0,0,0,19-DEC-2017,
OPTSTK,NATIONALUM,22-Feb-2018,72.5,CE,0,0,0,13.25,9,0,0,0,0,19-DEC-2017,
OPTSTK,NATIONALUM,22-Feb-2018,75,CE,0,0,0,11.65,7.4,0,0,0,0,19-DEC-2017,
OPTSTK,NATIONALUM,22-Feb-2018,77.5,CE,0,0,0,10.15,6,0,0,0,0,19-DEC-2017,
OPTSTK,NATIONALUM,22-Feb-2018,80,CE,0,0,0,8.8,4.8,0,0,0,0,19-DEC-2017,
OPTSTK,NATIONALUM,22-Feb-2018,82.5,CE,0,0,0,7.55,3.8,0,0,0,0,19-DEC-2017,
OPTSTK,NATIONALUM,22-Feb-2018,85,CE,0,0,0,6.45,2.95,0,0,0,0,19-DEC-2017,
OPTSTK,NATIONALUM,22-Feb-2018,87.5,CE,0,0,0,5.5,2.25,0,0,0,0,19-DEC-2017,
OPTSTK,NATIONALUM,22-Feb-2018,90,CE,0,0,0,4.65,1.7,0,0,0,0,19-DEC-2017,
OPTSTK,NATIONALUM,22-Feb-2018,92.5,CE,0,0,0,3.95,1.3,0,0,0,0,19-DEC-2017,
OPTSTK,NATIONALUM,22-Feb-2018,95,CE,0,0,0,3.3,0.95,0,0,0,0,19-DEC-2017,
OPTSTK,NATIONALUM,22-Feb-2018,97.5,CE,0,0,0,2.75,0.7,0,0,0,0,19-DEC-2017,
OPTSTK,NATIONALUM,22-Feb-2018,100,CE,0,0,0,2.3,0.5,0,0,0,0,19-DEC-2017,
OPTSTK,NATIONALUM,22-Feb-2018,102.5,CE,0,0,0,1.9,0.35,0,0,0,0,19-DEC-2017,
OPTSTK,NATIONALUM,22-Feb-2018,105,CE,0,0,0,1.6,0.25,0,0,0,0,19-DEC-2017,
OPTSTK,NATIONALUM,22-Feb-2018,107.5,CE,0,0,0,1.3,0.2,0,0,0,0,19-DEC-2017,
OPTSTK,NATIONALUM,22-Feb-2018,110,CE,0,0,0,1.05,0.15,0,0,0,0,19-DEC-2017,
OPTSTK,NATIONALUM,22-Feb-2018,112.5,CE,0,0,0,0.9,0.1,0,0,0,0,19-DEC-2017,
OPTSTK,NATIONALUM,22-Feb-2018,57.5,PE,0,0,0,0.35,0.1,0,0,0,0,19-DEC-2017,
OPTSTK,NATIONALUM,22-Feb-2018,60,PE,0,0,0,0.5,0.2,0,0,0,0,19-DEC-2017,
OPTSTK,NATIONALUM,22-Feb-2018,62.5,PE,0,0,0,0.8,0.35,0,0,0,0,19-DEC-2017,
OPTSTK,NATIONALUM,22-Feb-2018,65,PE,0,0,0,1.15,0.6,0,0,0,0,19-DEC-2017,
OPTSTK,NATIONALUM,22-Feb-2018,67.5,PE,0,0,0,1.6,1,0,0,0,0,19-DEC-2017,
OPTSTK,NATIONALUM,22-Feb-2018,70,PE,0,0,0,2.15,1.5,0,0,0,0,19-DEC-2017,
OPTSTK,NATIONALUM,22-Feb-2018,72.5,PE,0,0,0,2.85,2.2,0,0,0,0,19-DEC-2017,
OPTSTK,NATIONALUM,22-Feb-2018,75,PE,0,0,0,3.7,3.05,0,0,0,0,19-DEC-2017,
OPTSTK,NATIONALUM,22-Feb-2018,77.5,PE,0,0,0,4.65,4.1,0,0,0,0,19-DEC-2017,
OPTSTK,NATIONALUM,22-Feb-2018,80,PE,0,0,0,5.75,5.4,0,0,0,0,19-DEC-2017,
OPTSTK,NATIONALUM,22-Feb-2018,82.5,PE,0,0,0,7,6.85,0,0,0,0,19-DEC-2017,
OPTSTK,NATIONALUM,22-Feb-2018,85,PE,0,0,0,8.4,8.45,0,0,0,0,19-DEC-2017,
OPTSTK,NATIONALUM,22-Feb-2018,87.5,PE,0,0,0,9.9,10.25,0,0,0,0,19-DEC-2017,
OPTSTK,NATIONALUM,22-Feb-2018,90,PE,0,0,0,11.5,12.2,0,0,0,0,19-DEC-2017,
OPTSTK,NATIONALUM,22-Feb-2018,92.5,PE,0,0,0,13.25,14.2,0,0,0,0,19-DEC-2017,
OPTSTK,NATIONALUM,22-Feb-2018,95,PE,0,0,0,15.1,16.35,0,0,0,0,19-DEC-2017,
OPTSTK,NATIONALUM,22-Feb-2018,97.5,PE,0,0,0,17,18.6,0,0,0,0,19-DEC-2017,
OPTSTK,NATIONALUM,22-Feb-2018,100,PE,0,0,0,19,20.85,0,0,0,0,19-DEC-2017,
OPTSTK,NATIONALUM,22-Feb-2018,102.5,PE,0,0,0,21.05,23.2,0,0,0,0,19-DEC-2017,
OPTSTK,NATIONALUM,22-Feb-2018,105,PE,0,0,0,23.2,25.55,0,0,0,0,19-DEC-2017,
OPTSTK,NATIONALUM,22-Feb-2018,107.5,PE,0,0,0,25.4,27.95,0,0,0,0,19-DEC-2017,
OPTSTK,NATIONALUM,22-Feb-2018,110,PE,0,0,0,27.6,30.4,0,0,0,0,19-DEC-2017,
OPTSTK,NATIONALUM,22-Feb-2018,112.5,PE,0,0,0,29.9,32.8,0,0,0,0,19-DEC-2017,
OPTSTK,NBCC,28-Dec-2017,140,CE,0,0,0,72.85,112.45,0,0,0,0,19-DEC-2017,
OPTSTK,NBCC,28-Dec-2017,145,CE,0,0,0,67.95,107.45,0,0,0,0,19-DEC-2017,
OPTSTK,NBCC,28-Dec-2017,150,CE,0,0,0,63.1,102.45,0,0,0,0,19-DEC-2017,
OPTSTK,NBCC,28-Dec-2017,155,CE,0,0,0,58.3,97.45,0,0,0,0,19-DEC-2017,
OPTSTK,NBCC,28-Dec-2017,160,CE,0,0,0,53.6,92.45,0,0,0,0,19-DEC-2017,
OPTSTK,NBCC,28-Dec-2017,165,CE,0,0,0,48.95,87.5,0,0,0,0,19-DEC-2017,
OPTSTK,NBCC,28-Dec-2017,170,CE,0,0,0,44.4,82.5,0,0,0,0,19-DEC-2017,
OPTSTK,NBCC,28-Dec-2017,175,CE,0,0,0,40.05,77.5,0,0,0,0,19-DEC-2017,
OPTSTK,NBCC,28-Dec-2017,180,CE,0,0,0,35.85,72.5,0,0,0,0,19-DEC-2017,
OPTSTK,NBCC,28-Dec-2017,185,CE,0,0,0,31.85,67.5,0,0,0,0,19-DEC-2017,
OPTSTK,NBCC,28-Dec-2017,190,CE,0,0,0,28.1,62.5,0,0,0,0,19-DEC-2017,
OPTSTK,NBCC,28-Dec-2017,195,CE,0,0,0,24.55,57.5,0,0,0,0,19-DEC-2017,
OPTSTK,NBCC,28-Dec-2017,200,CE,0,0,0,21.35,52.55,0,0,0,0,19-DEC-2017,
OPTSTK,NBCC,28-Dec-2017,205,CE,0,0,0,18.4,47.55,0,0,0,0,19-DEC-2017,
OPTSTK,NBCC,28-Dec-2017,210,CE,0,0,0,15.7,42.55,0,0,0,0,19-DEC-2017,
OPTSTK,NBCC,28-Dec-2017,215,CE,0,0,0,13.35,37.55,0,0,0,0,19-DEC-2017,
OPTSTK,NBCC,28-Dec-2017,220,CE,0,0,0,11.25,32.55,0,0,0,0,19-DEC-2017,
OPTSTK,NBCC,28-Dec-2017,225,CE,0,0,0,9.4,27.6,0,0,0,0,19-DEC-2017,
OPTSTK,NBCC,28-Dec-2017,230,CE,0,0,0,37,22.75,0,0,3000,0,19-DEC-2017,
OPTSTK,NBCC,28-Dec-2017,235,CE,0,0,0,11.8,18,0,0,9000,0,19-DEC-2017,
OPTSTK,NBCC,28-Dec-2017,240,CE,14,14,14,14,14,1,7.62,6000,0,19-DEC-2017,
OPTSTK,NBCC,28-Dec-2017,245,CE,0,0,0,7,9.75,0,0,12000,0,19-DEC-2017,
OPTSTK,NBCC,28-Dec-2017,250,CE,6.85,7.9,6.5,7.2,7.2,22,169.78,117000,-9000,19-DEC-2017,
OPTSTK,NBCC,28-Dec-2017,255,CE,4.8,5,4.05,4.7,4.7,23,179.13,186000,0,19-DEC-2017,
OPTSTK,NBCC,28-Dec-2017,260,CE,3.65,3.8,2.7,2.85,2.85,53,418.5,258000,12000,19-DEC-2017,
OPTSTK,NBCC,28-Dec-2017,265,CE,2.3,2.55,1.8,1.95,1.95,15,120.21,201000,-6000,19-DEC-2017,
OPTSTK,NBCC,28-Dec-2017,270,CE,1.15,1.6,1.15,1.2,1.2,20,162.8,255000,-21000,19-DEC-2017,
OPTSTK,NBCC,28-Dec-2017,275,CE,0.95,0.95,0.95,0.95,0.95,1,8.27,48000,0,19-DEC-2017,
OPTSTK,NBCC,28-Dec-2017,280,CE,0.85,0.85,0.5,0.7,0.7,9,75.76,123000,-6000,19-DEC-2017,
OPTSTK,NBCC,28-Dec-2017,285,CE,0,0,0,0.6,0.05,0,0,27000,0,19-DEC-2017,
OPTSTK,NBCC,28-Dec-2017,290,CE,0,0,0,0.2,0.05,0,0,33000,0,19-DEC-2017,
OPTSTK,NBCC,28-Dec-2017,295,CE,0,0,0,0.35,0,0,0,6000,0,19-DEC-2017,
OPTSTK,NBCC,28-Dec-2017,300,CE,0.1,0.15,0.1,0.15,0.15,2,18,48000,-3000,19-DEC-2017,
OPTSTK,NBCC,28-Dec-2017,305,CE,0,0,0,0.5,0,0,0,30000,0,19-DEC-2017,
OPTSTK,NBCC,28-Dec-2017,310,CE,0,0,0,0.5,0,0,0,3000,0,19-DEC-2017,
OPTSTK,NBCC,28-Dec-2017,315,CE,0,0,0,0.5,0,0,0,3000,0,19-DEC-2017,
OPTSTK,NBCC,28-Dec-2017,320,CE,0,0,0,0.1,0,0,0,6000,0,19-DEC-2017,
OPTSTK,NBCC,28-Dec-2017,325,CE,0,0,0,0.3,0,0,0,15000,0,19-DEC-2017,
OPTSTK,NBCC,28-Dec-2017,330,CE,0,0,0,2.85,0,0,0,0,0,19-DEC-2017,
OPTSTK,NBCC,28-Dec-2017,140,PE,0,0,0,0.05,0,0,0,0,0,19-DEC-2017,
OPTSTK,NBCC,28-Dec-2017,145,PE,0,0,0,0.1,0,0,0,0,0,19-DEC-2017,
OPTSTK,NBCC,28-Dec-2017,150,PE,0,0,0,0.2,0,0,0,0,0,19-DEC-2017,
OPTSTK,NBCC,28-Dec-2017,155,PE,0,0,0,0.3,0,0,0,0,0,19-DEC-2017,
OPTSTK,NBCC,28-Dec-2017,160,PE,0,0,0,0.5,0,0,0,0,0,19-DEC-2017,
OPTSTK,NBCC,28-Dec-2017,165,PE,0,0,0,0.75,0,0,0,0,0,19-DEC-2017,
OPTSTK,NBCC,28-Dec-2017,170,PE,0,0,0,1.15,0,0,0,0,0,19-DEC-2017,
OPTSTK,NBCC,28-Dec-2017,175,PE,0,0,0,1.7,0,0,0,0,0,19-DEC-2017,
OPTSTK,NBCC,28-Dec-2017,180,PE,0,0,0,2.4,0,0,0,0,0,19-DEC-2017,
OPTSTK,NBCC,28-Dec-2017,185,PE,0,0,0,3.35,0,0,0,0,0,19-DEC-2017,
OPTSTK,NBCC,28-Dec-2017,190,PE,0,0,0,4.5,0,0,0,0,0,19-DEC-2017,
OPTSTK,NBCC,28-Dec-2017,195,PE,0,0,0,5.95,0,0,0,0,0,19-DEC-2017,
OPTSTK,NBCC,28-Dec-2017,200,PE,0,0,0,7.6,0,0,0,0,0,19-DEC-2017,
OPTSTK,NBCC,28-Dec-2017,205,PE,0,0,0,9.6,0,0,0,0,0,19-DEC-2017,
OPTSTK,NBCC,28-Dec-2017,210,PE,0,0,0,11.85,0,0,0,0,0,19-DEC-2017,
OPTSTK,NBCC,28-Dec-2017,215,PE,0,0,0,0.95,0,0,0,3000,0,19-DEC-2017,
OPTSTK,NBCC,28-Dec-2017,220,PE,0.1,0.1,0.1,0.1,0.1,1,6.6,63000,-3000,19-DEC-2017,
OPTSTK,NBCC,28-Dec-2017,225,PE,0.15,0.15,0.15,0.15,0.15,4,27.01,99000,-12000,19-DEC-2017,
OPTSTK,NBCC,28-Dec-2017,230,PE,0.2,0.4,0.2,0.4,0.4,2,13.81,102000,0,19-DEC-2017,
OPTSTK,NBCC,28-Dec-2017,235,PE,0.5,0.5,0.45,0.45,0.45,3,21.19,18000,9000,19-DEC-2017,
OPTSTK,NBCC,28-Dec-2017,240,PE,1.2,1.2,1,1.05,1.05,10,72.32,282000,0,19-DEC-2017,
OPTSTK,NBCC,28-Dec-2017,245,PE,3,3,2.4,2.7,2.7,3,22.29,36000,-6000,19-DEC-2017,
OPTSTK,NBCC,28-Dec-2017,250,PE,5.15,5.2,3.9,4.1,4.1,11,84.03,87000,-3000,19-DEC-2017,
OPTSTK,NBCC,28-Dec-2017,255,PE,7.2,7.25,6.45,6.45,6.45,5,39.3,27000,12000,19-DEC-2017,
OPTSTK,NBCC,28-Dec-2017,260,PE,9.25,9.25,9.25,9.25,9.25,1,8.07,108000,3000,19-DEC-2017,
OPTSTK,NBCC,28-Dec-2017,265,PE,12.75,12.75,12.75,12.75,12.75,2,16.66,21000,-3000,19-DEC-2017,
OPTSTK,NBCC,28-Dec-2017,270,PE,0,0,0,25.85,18,0,0,12000,0,19-DEC-2017,
OPTSTK,NBCC,28-Dec-2017,275,PE,0,0,0,61.2,22.65,0,0,0,0,19-DEC-2017,
OPTSTK,NBCC,28-Dec-2017,280,PE,0,0,0,31,27.5,0,0,9000,0,19-DEC-2017,
OPTSTK,NBCC,28-Dec-2017,285,PE,0,0,0,70.65,32.4,0,0,0,0,19-DEC-2017,
OPTSTK,NBCC,28-Dec-2017,290,PE,0,0,0,31.2,37.4,0,0,3000,0,19-DEC-2017,
OPTSTK,NBCC,28-Dec-2017,295,PE,0,0,0,80.2,42.35,0,0,0,0,19-DEC-2017,
OPTSTK,NBCC,28-Dec-2017,300,PE,0,0,0,51,47.35,0,0,18000,0,19-DEC-2017,
OPTSTK,NBCC,28-Dec-2017,305,PE,0,0,0,88.1,52.35,0,0,0,0,19-DEC-2017,
OPTSTK,NBCC,28-Dec-2017,310,PE,0,0,0,87.65,57.35,0,0,0,0,19-DEC-2017,
OPTSTK,NBCC,28-Dec-2017,315,PE,0,0,0,73.1,62.35,0,0,0,0,19-DEC-2017,
OPTSTK,NBCC,28-Dec-2017,320,PE,0,0,0,77.55,67.3,0,0,0,0,19-DEC-2017,
OPTSTK,NBCC,28-Dec-2017,325,PE,0,0,0,82,72.3,0,0,0,0,19-DEC-2017,
OPTSTK,NBCC,28-Dec-2017,330,PE,0,0,0,86.55,77.3,0,0,0,0,19-DEC-2017,
OPTSTK,NBCC,25-Jan-2018,165,CE,0,0,0,94.8,88.3,0,0,0,0,19-DEC-2017,
OPTSTK,NBCC,25-Jan-2018,170,CE,0,0,0,90.2,83.35,0,0,0,0,19-DEC-2017,
OPTSTK,NBCC,25-Jan-2018,175,CE,0,0,0,85.65,78.35,0,0,0,0,19-DEC-2017,
OPTSTK,NBCC,25-Jan-2018,180,CE,0,0,0,81.2,73.4,0,0,0,0,19-DEC-2017,
OPTSTK,NBCC,25-Jan-2018,185,CE,0,0,0,76.8,68.45,0,0,0,0,19-DEC-2017,
OPTSTK,NBCC,25-Jan-2018,190,CE,0,0,0,72.55,63.45,0,0,0,0,19-DEC-2017,
OPTSTK,NBCC,25-Jan-2018,195,CE,0,0,0,68.4,58.55,0,0,0,0,19-DEC-2017,
OPTSTK,NBCC,25-Jan-2018,200,CE,0,0,0,64.35,53.6,0,0,0,0,19-DEC-2017,
OPTSTK,NBCC,25-Jan-2018,205,CE,0,0,0,60.45,48.7,0,0,0,0,19-DEC-2017,
OPTSTK,NBCC,25-Jan-2018,210,CE,0,0,0,56.65,43.9,0,0,0,0,19-DEC-2017,
OPTSTK,NBCC,25-Jan-2018,215,CE,0,0,0,53.05,39.15,0,0,0,0,19-DEC-2017,
OPTSTK,NBCC,25-Jan-2018,220,CE,0,0,0,49.55,34.55,0,0,0,0,19-DEC-2017,
OPTSTK,NBCC,25-Jan-2018,225,CE,0,0,0,46.2,30.15,0,0,0,0,19-DEC-2017,
OPTSTK,NBCC,25-Jan-2018,230,CE,0,0,0,43,25.95,0,0,0,0,19-DEC-2017,
OPTSTK,NBCC,25-Jan-2018,235,CE,0,0,0,39.95,22.05,0,0,0,0,19-DEC-2017,
OPTSTK,NBCC,25-Jan-2018,240,CE,0,0,0,37.05,18.45,0,0,0,0,19-DEC-2017,
OPTSTK,NBCC,25-Jan-2018,245,CE,0,0,0,34.35,15.2,0,0,0,0,19-DEC-2017,
OPTSTK,NBCC,25-Jan-2018,250,CE,0,0,0,31.75,12.35,0,0,0,0,19-DEC-2017,
OPTSTK,NBCC,25-Jan-2018,255,CE,0,0,0,29.35,9.85,0,0,0,0,19-DEC-2017,
OPTSTK,NBCC,25-Jan-2018,260,CE,0,0,0,27.05,7.75,0,0,0,0,19-DEC-2017,
OPTSTK,NBCC,25-Jan-2018,265,CE,0,0,0,24.9,6,0,0,0,0,19-DEC-2017,
OPTSTK,NBCC,25-Jan-2018,270,CE,0,0,0,22.9,4.55,0,0,0,0,19-DEC-2017,
OPTSTK,NBCC,25-Jan-2018,275,CE,0,0,0,21,3.45,0,0,0,0,19-DEC-2017,
OPTSTK,NBCC,25-Jan-2018,280,CE,0,0,0,19.3,2.55,0,0,0,0,19-DEC-2017,
OPTSTK,NBCC,25-Jan-2018,285,CE,0,0,0,17.65,1.85,0,0,0,0,19-DEC-2017,
OPTSTK,NBCC,25-Jan-2018,290,CE,0,0,0,16.15,1.3,0,0,0,0,19-DEC-2017,
OPTSTK,NBCC,25-Jan-2018,295,CE,0,0,0,14.75,0.95,0,0,0,0,19-DEC-2017,
OPTSTK,NBCC,25-Jan-2018,300,CE,0,0,0,2.5,0.65,0,0,18000,0,19-DEC-2017,
OPTSTK,NBCC,25-Jan-2018,305,CE,0,0,0,12.3,0.45,0,0,0,0,19-DEC-2017,
OPTSTK,NBCC,25-Jan-2018,310,CE,0,0,0,11.2,0.3,0,0,0,0,19-DEC-2017,
OPTSTK,NBCC,25-Jan-2018,315,CE,0,0,0,10.2,0.2,0,0,0,0,19-DEC-2017,
OPTSTK,NBCC,25-Jan-2018,320,CE,0,0,0,9.25,0.15,0,0,0,0,19-DEC-2017,
OPTSTK,NBCC,25-Jan-2018,325,CE,0,0,0,8.4,0.1,0,0,0,0,19-DEC-2017,
OPTSTK,NBCC,25-Jan-2018,330,CE,0,0,0,7.65,0.05,0,0,0,0,19-DEC-2017,
OPTSTK,NBCC,25-Jan-2018,165,PE,0,0,0,0.95,0,0,0,0,0,19-DEC-2017,
OPTSTK,NBCC,25-Jan-2018,170,PE,0,0,0,1.25,0,0,0,0,0,19-DEC-2017,
OPTSTK,NBCC,25-Jan-2018,175,PE,0,0,0,1.6,0,0,0,0,0,19-DEC-2017,
OPTSTK,NBCC,25-Jan-2018,180,PE,0,0,0,2.05,0,0,0,0,0,19-DEC-2017,
OPTSTK,NBCC,25-Jan-2018,185,PE,0,0,0,2.6,0.05,0,0,0,0,19-DEC-2017,
OPTSTK,NBCC,25-Jan-2018,190,PE,0,0,0,3.25,0.05,0,0,0,0,19-DEC-2017,
OPTSTK,NBCC,25-Jan-2018,195,PE,0,0,0,4.05,0.05,0,0,0,0,19-DEC-2017,
OPTSTK,NBCC,25-Jan-2018,200,PE,0,0,0,4.9,0.1,0,0,0,0,19-DEC-2017,
OPTSTK,NBCC,25-Jan-2018,205,PE,0,0,0,5.95,0.2,0,0,0,0,19-DEC-2017,
OPTSTK,NBCC,25-Jan-2018,210,PE,0,0,0,7.05,0.35,0,0,0,0,19-DEC-2017,
OPTSTK,NBCC,25-Jan-2018,215,PE,0,0,0,8.35,0.55,0,0,0,0,19-DEC-2017,
OPTSTK,NBCC,25-Jan-2018,220,PE,0,0,0,9.8,0.95,0,0,0,0,19-DEC-2017,
OPTSTK,NBCC,25-Jan-2018,225,PE,0,0,0,11.35,1.5,0,0,0,0,19-DEC-2017,
OPTSTK,NBCC,25-Jan-2018,230,PE,0,0,0,13.1,2.25,0,0,0,0,19-DEC-2017,
OPTSTK,NBCC,25-Jan-2018,235,PE,5,5,5,5,5,1,7.2,3000,3000,19-DEC-2017,
OPTSTK,NBCC,25-Jan-2018,240,PE,7,7,6.3,6.3,6.3,2,14.79,9000,6000,19-DEC-2017,
OPTSTK,NBCC,25-Jan-2018,245,PE,0,0,0,19.2,6.45,0,0,0,0,19-DEC-2017,
OPTSTK,NBCC,25-Jan-2018,250,PE,10.1,10.1,10.1,10.1,10.1,3,23.4,9000,9000,19-DEC-2017,
OPTSTK,NBCC,25-Jan-2018,255,PE,0,0,0,24.05,11,0,0,0,0,19-DEC-2017,
OPTSTK,NBCC,25-Jan-2018,260,PE,0,0,0,26.65,13.85,0,0,0,0,19-DEC-2017,
OPTSTK,NBCC,25-Jan-2018,265,PE,0,0,0,29.45,17.1,0,0,0,0,19-DEC-2017,
OPTSTK,NBCC,25-Jan-2018,270,PE,0,0,0,32.35,20.6,0,0,0,0,19-DEC-2017,
OPTSTK,NBCC,25-Jan-2018,275,PE,0,0,0,35.4,24.45,0,0,0,0,19-DEC-2017,
OPTSTK,NBCC,25-Jan-2018,280,PE,0,0,0,38.6,28.5,0,0,0,0,19-DEC-2017,
OPTSTK,NBCC,25-Jan-2018,285,PE,0,0,0,41.9,32.8,0,0,0,0,19-DEC-2017,
OPTSTK,NBCC,25-Jan-2018,290,PE,0,0,0,45.3,37.25,0,0,0,0,19-DEC-2017,
OPTSTK,NBCC,25-Jan-2018,295,PE,0,0,0,48.85,41.8,0,0,0,0,19-DEC-2017,
OPTSTK,NBCC,25-Jan-2018,300,PE,0,0,0,52.45,46.5,0,0,0,0,19-DEC-2017,
OPTSTK,NBCC,25-Jan-2018,305,PE,0,0,0,56.2,51.25,0,0,0,0,19-DEC-2017,
OPTSTK,NBCC,25-Jan-2018,310,PE,0,0,0,60.05,56.1,0,0,0,0,19-DEC-2017,
OPTSTK,NBCC,25-Jan-2018,315,PE,0,0,0,63.95,60.95,0,0,0,0,19-DEC-2017,
OPTSTK,NBCC,25-Jan-2018,320,PE,0,0,0,67.95,65.85,0,0,0,0,19-DEC-2017,
OPTSTK,NBCC,25-Jan-2018,325,PE,0,0,0,72,70.8,0,0,0,0,19-DEC-2017,
OPTSTK,NBCC,25-Jan-2018,330,PE,0,0,0,76.15,75.75,0,0,0,0,19-DEC-2017,
OPTSTK,NBCC,22-Feb-2018,175,CE,0,0,0,90.6,79.25,0,0,0,0,19-DEC-2017,
OPTSTK,NBCC,22-Feb-2018,180,CE,0,0,0,85.75,74.3,0,0,0,0,19-DEC-2017,
OPTSTK,NBCC,22-Feb-2018,185,CE,0,0,0,80.95,69.4,0,0,0,0,19-DEC-2017,
OPTSTK,NBCC,22-Feb-2018,190,CE,0,0,0,76.2,64.55,0,0,0,0,19-DEC-2017,
OPTSTK,NBCC,22-Feb-2018,195,CE,0,0,0,71.5,59.75,0,0,0,0,19-DEC-2017,
OPTSTK,NBCC,22-Feb-2018,200,CE,0,0,0,66.9,54.95,0,0,0,0,19-DEC-2017,
OPTSTK,NBCC,22-Feb-2018,205,CE,0,0,0,62.4,50.3,0,0,0,0,19-DEC-2017,
OPTSTK,NBCC,22-Feb-2018,210,CE,0,0,0,58,45.7,0,0,0,0,19-DEC-2017,
OPTSTK,NBCC,22-Feb-2018,215,CE,0,0,0,53.7,41.3,0,0,0,0,19-DEC-2017,
OPTSTK,NBCC,22-Feb-2018,220,CE,0,0,0,49.55,37,0,0,0,0,19-DEC-2017,
OPTSTK,NBCC,22-Feb-2018,225,CE,0,0,0,45.55,32.95,0,0,0,0,19-DEC-2017,
OPTSTK,NBCC,22-Feb-2018,230,CE,0,0,0,41.75,29.1,0,0,0,0,19-DEC-2017,
OPTSTK,NBCC,22-Feb-2018,235,CE,0,0,0,38.1,25.5,0,0,0,0,19-DEC-2017,
OPTSTK,NBCC,22-Feb-2018,240,CE,0,0,0,34.6,22.15,0,0,0,0,19-DEC-2017,
OPTSTK,NBCC,22-Feb-2018,245,CE,0,0,0,31.35,19.1,0,0,0,0,19-DEC-2017,
OPTSTK,NBCC,22-Feb-2018,250,CE,0,0,0,28.3,16.3,0,0,0,0,19-DEC-2017,
OPTSTK,NBCC,22-Feb-2018,255,CE,0,0,0,25.45,13.85,0,0,0,0,19-DEC-2017,
OPTSTK,NBCC,22-Feb-2018,260,CE,0,0,0,22.8,11.65,0,0,0,0,19-DEC-2017,
OPTSTK,NBCC,22-Feb-2018,265,CE,0,0,0,20.35,9.7,0,0,0,0,19-DEC-2017,
OPTSTK,NBCC,22-Feb-2018,270,CE,0,0,0,18.1,8,0,0,0,0,19-DEC-2017,
OPTSTK,NBCC,22-Feb-2018,275,CE,0,0,0,16,6.6,0,0,0,0,19-DEC-2017,
OPTSTK,NBCC,22-Feb-2018,280,CE,0,0,0,14.15,5.35,0,0,0,0,19-DEC-2017,
OPTSTK,NBCC,22-Feb-2018,285,CE,0,0,0,12.45,4.35,0,0,0,0,19-DEC-2017,
OPTSTK,NBCC,22-Feb-2018,290,CE,0,0,0,10.9,3.5,0,0,0,0,19-DEC-2017,
OPTSTK,NBCC,22-Feb-2018,295,CE,0,0,0,9.55,2.75,0,0,0,0,19-DEC-2017,
OPTSTK,NBCC,22-Feb-2018,300,CE,0,0,0,8.35,2.2,0,0,0,0,19-DEC-2017,
OPTSTK,NBCC,22-Feb-2018,305,CE,0,0,0,7.25,1.7,0,0,0,0,19-DEC-2017,
OPTSTK,NBCC,22-Feb-2018,310,CE,0,0,0,6.3,1.35,0,0,0,0,19-DEC-2017,
OPTSTK,NBCC,22-Feb-2018,315,CE,0,0,0,5.45,1.05,0,0,0,0,19-DEC-2017,
OPTSTK,NBCC,22-Feb-2018,320,CE,0,0,0,4.7,0.8,0,0,0,0,19-DEC-2017,
OPTSTK,NBCC,22-Feb-2018,325,CE,0,0,0,4.05,0.6,0,0,0,0,19-DEC-2017,
OPTSTK,NBCC,22-Feb-2018,330,CE,0,0,0,3.45,0.5,0,0,0,0,19-DEC-2017,
OPTSTK,NBCC,22-Feb-2018,175,PE,0,0,0,0.2,0.05,0,0,0,0,19-DEC-2017,
OPTSTK,NBCC,22-Feb-2018,180,PE,0,0,0,0.25,0.05,0,0,0,0,19-DEC-2017,
OPTSTK,NBCC,22-Feb-2018,185,PE,0,0,0,0.4,0.1,0,0,0,0,19-DEC-2017,
OPTSTK,NBCC,22-Feb-2018,190,PE,0,0,0,0.6,0.2,0,0,0,0,19-DEC-2017,
OPTSTK,NBCC,22-Feb-2018,195,PE,0,0,0,0.8,0.3,0,0,0,0,19-DEC-2017,
OPTSTK,NBCC,22-Feb-2018,200,PE,0,0,0,1.15,0.5,0,0,0,0,19-DEC-2017,
OPTSTK,NBCC,22-Feb-2018,205,PE,0,0,0,1.55,0.75,0,0,0,0,19-DEC-2017,
OPTSTK,NBCC,22-Feb-2018,210,PE,0,0,0,2.05,1.1,0,0,0,0,19-DEC-2017,
OPTSTK,NBCC,22-Feb-2018,215,PE,0,0,0,2.7,1.65,0,0,0,0,19-DEC-2017,
OPTSTK,NBCC,22-Feb-2018,220,PE,0,0,0,3.5,2.3,0,0,0,0,19-DEC-2017,
OPTSTK,NBCC,22-Feb-2018,225,PE,0,0,0,4.4,3.2,0,0,0,0,19-DEC-2017,
OPTSTK,NBCC,22-Feb-2018,230,PE,0,0,0,5.5,4.25,0,0,0,0,19-DEC-2017,
OPTSTK,NBCC,22-Feb-2018,235,PE,0,0,0,6.8,5.6,0,0,0,0,19-DEC-2017,
OPTSTK,NBCC,22-Feb-2018,240,PE,0,0,0,8.25,7.2,0,0,0,0,19-DEC-2017,
OPTSTK,NBCC,22-Feb-2018,245,PE,0,0,0,9.95,9.1,0,0,0,0,19-DEC-2017,
OPTSTK,NBCC,22-Feb-2018,250,PE,0,0,0,11.8,11.25,0,0,0,0,19-DEC-2017,
OPTSTK,NBCC,22-Feb-2018,255,PE,0,0,0,13.85,13.75,0,0,0,0,19-DEC-2017,
OPTSTK,NBCC,22-Feb-2018,260,PE,0,0,0,16.15,16.45,0,0,0,0,19-DEC-2017,
OPTSTK,NBCC,22-Feb-2018,265,PE,0,0,0,18.6,19.5,0,0,0,0,19-DEC-2017,
OPTSTK,NBCC,22-Feb-2018,270,PE,0,0,0,21.3,22.75,0,0,0,0,19-DEC-2017,
OPTSTK,NBCC,22-Feb-2018,275,PE,0,0,0,24.15,26.25,0,0,0,0,19-DEC-2017,
OPTSTK,NBCC,22-Feb-2018,280,PE,0,0,0,27.2,30,0,0,0,0,19-DEC-2017,
OPTSTK,NBCC,22-Feb-2018,285,PE,0,0,0,30.45,33.9,0,0,0,0,19-DEC-2017,
OPTSTK,NBCC,22-Feb-2018,290,PE,0,0,0,33.85,37.95,0,0,0,0,19-DEC-2017,
OPTSTK,NBCC,22-Feb-2018,295,PE,0,0,0,37.4,42.2,0,0,0,0,19-DEC-2017,
OPTSTK,NBCC,22-Feb-2018,300,PE,0,0,0,41.1,46.55,0,0,0,0,19-DEC-2017,
OPTSTK,NBCC,22-Feb-2018,305,PE,0,0,0,44.95,51.05,0,0,0,0,19-DEC-2017,
OPTSTK,NBCC,22-Feb-2018,310,PE,0,0,0,48.9,55.6,0,0,0,0,19-DEC-2017,
OPTSTK,NBCC,22-Feb-2018,315,PE,0,0,0,53,60.25,0,0,0,0,19-DEC-2017,
OPTSTK,NBCC,22-Feb-2018,320,PE,0,0,0,57.15,64.95,0,0,0,0,19-DEC-2017,
OPTSTK,NBCC,22-Feb-2018,325,PE,0,0,0,61.45,69.7,0,0,0,0,19-DEC-2017,
OPTSTK,NBCC,22-Feb-2018,330,PE,0,0,0,65.8,74.5,0,0,0,0,19-DEC-2017,
OPTSTK,NCC,28-Dec-2017,60,CE,0,0,0,22.95,64.25,0,0,0,0,19-DEC-2017,
OPTSTK,NCC,28-Dec-2017,62.5,CE,0,0,0,20.7,61.75,0,0,0,0,19-DEC-2017,
OPTSTK,NCC,28-Dec-2017,65,CE,0,0,0,18.5,59.25,0,0,0,0,19-DEC-2017,
OPTSTK,NCC,28-Dec-2017,67.5,CE,0,0,0,16.35,56.75,0,0,0,0,19-DEC-2017,
OPTSTK,NCC,28-Dec-2017,70,CE,0,0,0,14.4,54.3,0,0,0,0,19-DEC-2017,
OPTSTK,NCC,28-Dec-2017,72.5,CE,0,0,0,12.5,51.8,0,0,0,0,19-DEC-2017,
OPTSTK,NCC,28-Dec-2017,75,CE,0,0,0,10.8,49.3,0,0,0,0,19-DEC-2017,
OPTSTK,NCC,28-Dec-2017,77.5,CE,0,0,0,9.25,46.8,0,0,0,0,19-DEC-2017,
OPTSTK,NCC,28-Dec-2017,80,CE,0,0,0,7.85,44.3,0,0,0,0,19-DEC-2017,
OPTSTK,NCC,28-Dec-2017,82.5,CE,0,0,0,6.6,41.8,0,0,0,0,19-DEC-2017,
OPTSTK,NCC,28-Dec-2017,85,CE,0,0,0,5.5,39.3,0,0,0,0,19-DEC-2017,
OPTSTK,NCC,28-Dec-2017,87.5,CE,0,0,0,4.55,36.8,0,0,0,0,19-DEC-2017,
OPTSTK,NCC,28-Dec-2017,90,CE,0,0,0,3.75,34.3,0,0,0,0,19-DEC-2017,
OPTSTK,NCC,28-Dec-2017,92.5,CE,0,0,0,3.05,31.8,0,0,0,0,19-DEC-2017,
OPTSTK,NCC,28-Dec-2017,95,CE,0,0,0,2.5,29.3,0,0,0,0,19-DEC-2017,
OPTSTK,NCC,28-Dec-2017,97.5,CE,0,0,0,6.75,26.8,0,0,8000,0,19-DEC-2017,
OPTSTK,NCC,28-Dec-2017,100,CE,0,0,0,1.6,24.35,0,0,0,0,19-DEC-2017,
OPTSTK,NCC,28-Dec-2017,102.5,CE,0,0,0,1.25,21.85,0,0,0,0,19-DEC-2017,
OPTSTK,NCC,28-Dec-2017,105,CE,0,0,0,1,19.35,0,0,0,0,19-DEC-2017,
OPTSTK,NCC,28-Dec-2017,107.5,CE,0,0,0,0.8,16.9,0,0,0,0,19-DEC-2017,
OPTSTK,NCC,28-Dec-2017,110,CE,0,0,0,0.6,14.5,0,0,0,0,19-DEC-2017,
OPTSTK,NCC,28-Dec-2017,112.5,CE,0,0,0,10.6,12.15,0,0,64000,0,19-DEC-2017,
OPTSTK,NCC,28-Dec-2017,115,CE,7.85,8.9,7.45,8.9,8.9,3,29.53,552000,-16000,19-DEC-2017,
OPTSTK,NCC,28-Dec-2017,117.5,CE,5.65,5.65,5.65,5.65,5.65,1,9.85,72000,-8000,19-DEC-2017,
OPTSTK,NCC,28-Dec-2017,120,CE,3.9,5.8,3.7,5.65,5.65,128,1274.71,880000,-120000,19-DEC-2017,
OPTSTK,NCC,28-Dec-2017,122.5,CE,2.75,4.1,2.7,3.95,3.95,55,553.65,336000,8000,19-DEC-2017,
OPTSTK,NCC,28-Dec-2017,125,CE,1.9,3,1.8,2.8,2.8,343,3495.72,2040000,-176000,19-DEC-2017,
OPTSTK,NCC,28-Dec-2017,127.5,CE,1.35,2,1.25,1.95,1.95,61,630.23,488000,16000,19-DEC-2017,
OPTSTK,NCC,28-Dec-2017,130,CE,1.05,1.35,0.8,1.25,1.25,212,2223.28,2696000,-344000,19-DEC-2017,
OPTSTK,NCC,28-Dec-2017,132.5,CE,0.6,0.9,0.55,0.85,0.85,21,223.77,224000,16000,19-DEC-2017,
OPTSTK,NCC,28-Dec-2017,135,CE,0.4,0.55,0.3,0.5,0.5,102,1105.07,1560000,-48000,19-DEC-2017,
OPTSTK,NCC,28-Dec-2017,137.5,CE,0.3,0.4,0.3,0.4,0.4,3,33.08,72000,16000,19-DEC-2017,
OPTSTK,NCC,28-Dec-2017,140,CE,0.25,0.35,0.2,0.25,0.25,128,1436.15,912000,-112000,19-DEC-2017,
OPTSTK,NCC,28-Dec-2017,142.5,CE,0.2,0.2,0.2,0.2,0.2,2,22.83,56000,8000,19-DEC-2017,
OPTSTK,NCC,28-Dec-2017,145,CE,0,0,0,0.15,0.05,0,0,8000,0,19-DEC-2017,
OPTSTK,NCC,28-Dec-2017,60,PE,0,0,0,0.3,0,0,0,0,0,19-DEC-2017,
OPTSTK,NCC,28-Dec-2017,62.5,PE,0,0,0,0.45,0,0,0,0,0,19-DEC-2017,
OPTSTK,NCC,28-Dec-2017,65,PE,0,0,0,0.7,0,0,0,0,0,19-DEC-2017,
OPTSTK,NCC,28-Dec-2017,67.5,PE,0,0,0,1.05,0,0,0,0,0,19-DEC-2017,
OPTSTK,NCC,28-Dec-2017,70,PE,0,0,0,1.55,0,0,0,0,0,19-DEC-2017,
OPTSTK,NCC,28-Dec-2017,72.5,PE,0,0,0,2.15,0,0,0,0,0,19-DEC-2017,
OPTSTK,NCC,28-Dec-2017,75,PE,0,0,0,2.9,0,0,0,0,0,19-DEC-2017,
OPTSTK,NCC,28-Dec-2017,77.5,PE,0,0,0,3.8,0,0,0,0,0,19-DEC-2017,
OPTSTK,NCC,28-Dec-2017,80,PE,0,0,0,0.2,0,0,0,16000,0,19-DEC-2017,
OPTSTK,NCC,28-Dec-2017,82.5,PE,0,0,0,0.2,0,0,0,8000,0,19-DEC-2017,
OPTSTK,NCC,28-Dec-2017,85,PE,0,0,0,0.5,0,0,0,8000,0,19-DEC-2017,
OPTSTK,NCC,28-Dec-2017,87.5,PE,0,0,0,8.95,0,0,0,0,0,19-DEC-2017,
OPTSTK,NCC,28-Dec-2017,90,PE,0,0,0,0.5,0,0,0,16000,0,19-DEC-2017,
OPTSTK,NCC,28-Dec-2017,92.5,PE,0,0,0,12.35,0,0,0,0,0,19-DEC-2017,
OPTSTK,NCC,28-Dec-2017,95,PE,0,0,0,0.25,0,0,0,40000,0,19-DEC-2017,
OPTSTK,NCC,28-Dec-2017,97.5,PE,0,0,0,0.2,0,0,0,8000,0,19-DEC-2017,
OPTSTK,NCC,28-Dec-2017,100,PE,0.05,0.1,0.05,0.1,0.1,2,16.01,272000,-16000,19-DEC-2017,
OPTSTK,NCC,28-Dec-2017,102.5,PE,0,0,0,0.65,0.05,0,0,24000,0,19-DEC-2017,
OPTSTK,NCC,28-Dec-2017,105,PE,0,0,0,0.2,0.05,0,0,96000,0,19-DEC-2017,
OPTSTK,NCC,28-Dec-2017,107.5,PE,0,0,0,1.05,0.1,0,0,8000,0,19-DEC-2017,
OPTSTK,NCC,28-Dec-2017,110,PE,0.3,0.3,0.15,0.15,0.15,22,193.99,584000,8000,19-DEC-2017,
OPTSTK,NCC,28-Dec-2017,112.5,PE,2.9,2.9,0.25,0.25,0.25,53,488.28,424000,352000,19-DEC-2017,
OPTSTK,NCC,28-Dec-2017,115,PE,0.8,0.85,0.4,0.45,0.45,24,221.98,400000,-24000,19-DEC-2017,
OPTSTK,NCC,28-Dec-2017,117.5,PE,1.45,1.45,0.75,0.75,0.75,14,132.84,336000,40000,19-DEC-2017,
OPTSTK,NCC,28-Dec-2017,120,PE,2.4,2.4,1.25,1.35,1.35,47,457.22,600000,-8000,19-DEC-2017,
OPTSTK,NCC,28-Dec-2017,122.5,PE,3.45,3.6,2.3,2.3,2.3,11,110.26,184000,24000,19-DEC-2017,
OPTSTK,NCC,28-Dec-2017,125,PE,4.7,4.7,3.4,3.55,3.55,14,144.22,144000,32000,19-DEC-2017,
OPTSTK,NCC,28-Dec-2017,127.5,PE,0,0,0,7,5.35,0,0,32000,0,19-DEC-2017,
OPTSTK,NCC,28-Dec-2017,130,PE,9,9,9,9,9,2,22.24,32000,-8000,19-DEC-2017,
OPTSTK,NCC,28-Dec-2017,132.5,PE,0,0,0,15.05,9.05,0,0,8000,0,19-DEC-2017,
OPTSTK,NCC,28-Dec-2017,135,PE,0,0,0,14,11.2,0,0,8000,0,19-DEC-2017,
OPTSTK,NCC,28-Dec-2017,137.5,PE,0,0,0,35.65,13.45,0,0,0,0,19-DEC-2017,
OPTSTK,NCC,28-Dec-2017,140,PE,0,0,0,21.5,15.85,0,0,24000,0,19-DEC-2017,
OPTSTK,NCC,28-Dec-2017,142.5,PE,0,0,0,40.25,18.25,0,0,0,0,19-DEC-2017,
OPTSTK,NCC,28-Dec-2017,145,PE,0,0,0,37.4,20.7,0,0,0,0,19-DEC-2017,
OPTSTK,NCC,25-Jan-2018,70,CE,0,0,0,40.6,54.65,0,0,0,0,19-DEC-2017,
OPTSTK,NCC,25-Jan-2018,72.5,CE,0,0,0,38.35,52.15,0,0,0,0,19-DEC-2017,
OPTSTK,NCC,25-Jan-2018,75,CE,0,0,0,36.1,49.65,0,0,0,0,19-DEC-2017,
OPTSTK,NCC,25-Jan-2018,77.5,CE,0,0,0,33.95,47.2,0,0,0,0,19-DEC-2017,
OPTSTK,NCC,25-Jan-2018,80,CE,0,0,0,31.85,44.7,0,0,0,0,19-DEC-2017,
OPTSTK,NCC,25-Jan-2018,82.5,CE,0,0,0,29.85,42.2,0,0,0,0,19-DEC-2017,
OPTSTK,NCC,25-Jan-2018,85,CE,0,0,0,27.85,39.75,0,0,0,0,19-DEC-2017,
OPTSTK,NCC,25-Jan-2018,87.5,CE,0,0,0,26,37.25,0,0,0,0,19-DEC-2017,
OPTSTK,NCC,25-Jan-2018,90,CE,0,0,0,24.2,34.8,0,0,0,0,19-DEC-2017,
OPTSTK,NCC,25-Jan-2018,92.5,CE,0,0,0,22.45,32.35,0,0,0,0,19-DEC-2017,
OPTSTK,NCC,25-Jan-2018,95,CE,0,0,0,20.8,29.95,0,0,0,0,19-DEC-2017,
OPTSTK,NCC,25-Jan-2018,97.5,CE,0,0,0,19.25,27.55,0,0,0,0,19-DEC-2017,
OPTSTK,NCC,25-Jan-2018,100,CE,0,0,0,17.75,25.2,0,0,0,0,19-DEC-2017,
OPTSTK,NCC,25-Jan-2018,102.5,CE,0,0,0,16.35,22.95,0,0,0,0,19-DEC-2017,
OPTSTK,NCC,25-Jan-2018,105,CE,0,0,0,15.05,20.7,0,0,0,0,19-DEC-2017,
OPTSTK,NCC,25-Jan-2018,107.5,CE,0,0,0,13.8,18.6,0,0,0,0,19-DEC-2017,
OPTSTK,NCC,25-Jan-2018,110,CE,0,0,0,12.65,16.55,0,0,0,0,19-DEC-2017,
OPTSTK,NCC,25-Jan-2018,112.5,CE,0,0,0,11.6,14.65,0,0,0,0,19-DEC-2017,
OPTSTK,NCC,25-Jan-2018,115,CE,0,0,0,10.6,12.85,0,0,0,0,19-DEC-2017,
OPTSTK,NCC,25-Jan-2018,117.5,CE,0,0,0,9.7,11.2,0,0,0,0,19-DEC-2017,
OPTSTK,NCC,25-Jan-2018,120,CE,0,0,0,6.8,9.65,0,0,32000,0,19-DEC-2017,
OPTSTK,NCC,25-Jan-2018,122.5,CE,0,0,0,8.05,8.3,0,0,0,0,19-DEC-2017,
OPTSTK,NCC,25-Jan-2018,125,CE,5.9,5.9,5.9,5.9,5.9,1,10.47,8000,8000,19-DEC-2017,
OPTSTK,NCC,25-Jan-2018,127.5,CE,5.7,5.7,5.7,5.7,5.7,1,10.65,8000,8000,19-DEC-2017,
OPTSTK,NCC,25-Jan-2018,130,CE,4.5,5,4.5,5,5,5,53.96,40000,40000,19-DEC-2017,
OPTSTK,NCC,25-Jan-2018,132.5,CE,0,0,0,5.45,4.15,0,0,0,0,19-DEC-2017,
OPTSTK,NCC,25-Jan-2018,135,CE,0,0,0,4.95,3.4,0,0,0,0,19-DEC-2017,
OPTSTK,NCC,25-Jan-2018,137.5,CE,0,0,0,0.9,2.8,0,0,0,0,19-DEC-2017,
OPTSTK,NCC,25-Jan-2018,140,CE,2.2,2.2,2.2,2.2,2.2,1,11.37,8000,0,19-DEC-2017,
OPTSTK,NCC,25-Jan-2018,142.5,CE,0,0,0,3.65,1.85,0,0,0,0,19-DEC-2017,
OPTSTK,NCC,25-Jan-2018,145,CE,0,0,0,3.3,1.5,0,0,0,0,19-DEC-2017,
OPTSTK,NCC,25-Jan-2018,70,PE,0,0,0,0.6,0,0,0,0,0,19-DEC-2017,
OPTSTK,NCC,25-Jan-2018,72.5,PE,0,0,0,0.8,0,0,0,0,0,19-DEC-2017,
OPTSTK,NCC,25-Jan-2018,75,PE,0,0,0,1.05,0,0,0,0,0,19-DEC-2017,
OPTSTK,NCC,25-Jan-2018,77.5,PE,0,0,0,1.35,0,0,0,0,0,19-DEC-2017,
OPTSTK,NCC,25-Jan-2018,80,PE,0,0,0,1.7,0,0,0,0,0,19-DEC-2017,
OPTSTK,NCC,25-Jan-2018,82.5,PE,0,0,0,2.15,0.05,0,0,0,0,19-DEC-2017,
OPTSTK,NCC,25-Jan-2018,85,PE,0,0,0,2.65,0.05,0,0,0,0,19-DEC-2017,
OPTSTK,NCC,25-Jan-2018,87.5,PE,0,0,0,3.2,0.05,0,0,0,0,19-DEC-2017,
OPTSTK,NCC,25-Jan-2018,90,PE,0,0,0,3.85,0.05,0,0,0,0,19-DEC-2017,
OPTSTK,NCC,25-Jan-2018,92.5,PE,0,0,0,4.6,0.1,0,0,0,0,19-DEC-2017,
OPTSTK,NCC,25-Jan-2018,95,PE,0,0,0,5.4,0.2,0,0,0,0,19-DEC-2017,
OPTSTK,NCC,25-Jan-2018,97.5,PE,0,0,0,6.3,0.3,0,0,0,0,19-DEC-2017,
OPTSTK,NCC,25-Jan-2018,100,PE,0,0,0,7.3,0.4,0,0,0,0,19-DEC-2017,
OPTSTK,NCC,25-Jan-2018,102.5,PE,0,0,0,8.35,0.6,0,0,0,0,19-DEC-2017,
OPTSTK,NCC,25-Jan-2018,105,PE,0,0,0,9.5,0.9,0,0,0,0,19-DEC-2017,
OPTSTK,NCC,25-Jan-2018,107.5,PE,0,0,0,10.75,1.25,0,0,0,0,19-DEC-2017,
OPTSTK,NCC,25-Jan-2018,110,PE,0,0,0,12.05,1.7,0,0,0,0,19-DEC-2017,
OPTSTK,NCC,25-Jan-2018,112.5,PE,0,0,0,13.45,2.25,0,0,0,0,19-DEC-2017,
OPTSTK,NCC,25-Jan-2018,115,PE,0,0,0,14.9,2.95,0,0,0,0,19-DEC-2017,
OPTSTK,NCC,25-Jan-2018,117.5,PE,0,0,0,16.45,3.8,0,0,0,0,19-DEC-2017,
OPTSTK,NCC,25-Jan-2018,120,PE,0,0,0,7.35,4.75,0,0,16000,0,19-DEC-2017,
OPTSTK,NCC,25-Jan-2018,122.5,PE,0,0,0,19.7,5.85,0,0,0,0,19-DEC-2017,
OPTSTK,NCC,25-Jan-2018,125,PE,7.65,7.65,7.65,7.65,7.65,1,10.61,8000,8000,19-DEC-2017,
OPTSTK,NCC,25-Jan-2018,127.5,PE,0,0,0,23.25,8.45,0,0,0,0,19-DEC-2017,
OPTSTK,NCC,25-Jan-2018,130,PE,0,0,0,25.1,10,0,0,0,0,19-DEC-2017,
OPTSTK,NCC,25-Jan-2018,132.5,PE,0,0,0,27,11.65,0,0,0,0,19-DEC-2017,
OPTSTK,NCC,25-Jan-2018,135,PE,0,0,0,28.9,13.4,0,0,0,0,19-DEC-2017,
OPTSTK,NCC,25-Jan-2018,137.5,PE,0,0,0,30.9,15.25,0,0,0,0,19-DEC-2017,
OPTSTK,NCC,25-Jan-2018,140,PE,0,0,0,32.95,17.2,0,0,0,0,19-DEC-2017,
OPTSTK,NCC,25-Jan-2018,142.5,PE,0,0,0,35,19.25,0,0,0,0,19-DEC-2017,
OPTSTK,NCC,25-Jan-2018,145,PE,0,0,0,37.1,21.4,0,0,0,0,19-DEC-2017,
OPTSTK,NCC,22-Feb-2018,82.5,CE,0,0,0,42.5,42.7,0,0,0,0,19-DEC-2017,
OPTSTK,NCC,22-Feb-2018,85,CE,0,0,0,40.3,40.3,0,0,0,0,19-DEC-2017,
OPTSTK,NCC,22-Feb-2018,87.5,CE,0,0,0,38.1,37.9,0,0,0,0,19-DEC-2017,
OPTSTK,NCC,22-Feb-2018,90,CE,0,0,0,35.95,35.5,0,0,0,0,19-DEC-2017,
OPTSTK,NCC,22-Feb-2018,92.5,CE,0,0,0,33.85,33.15,0,0,0,0,19-DEC-2017,
OPTSTK,NCC,22-Feb-2018,95,CE,0,0,0,31.85,30.9,0,0,0,0,19-DEC-2017,
OPTSTK,NCC,22-Feb-2018,97.5,CE,0,0,0,29.9,28.65,0,0,0,0,19-DEC-2017,
OPTSTK,NCC,22-Feb-2018,100,CE,0,0,0,28,26.45,0,0,0,0,19-DEC-2017,
OPTSTK,NCC,22-Feb-2018,102.5,CE,0,0,0,26.2,24.35,0,0,0,0,19-DEC-2017,
OPTSTK,NCC,22-Feb-2018,105,CE,0,0,0,24.45,22.35,0,0,0,0,19-DEC-2017,
OPTSTK,NCC,22-Feb-2018,107.5,CE,0,0,0,22.75,20.4,0,0,0,0,19-DEC-2017,
OPTSTK,NCC,22-Feb-2018,110,CE,0,0,0,21.2,18.55,0,0,0,0,19-DEC-2017,
OPTSTK,NCC,22-Feb-2018,112.5,CE,0,0,0,19.65,16.8,0,0,0,0,19-DEC-2017,
OPTSTK,NCC,22-Feb-2018,115,CE,0,0,0,18.25,15.15,0,0,0,0,19-DEC-2017,
OPTSTK,NCC,22-Feb-2018,117.5,CE,0,0,0,16.9,13.6,0,0,0,0,19-DEC-2017,
OPTSTK,NCC,22-Feb-2018,120,CE,0,0,0,15.6,12.15,0,0,0,0,19-DEC-2017,
OPTSTK,NCC,22-Feb-2018,122.5,CE,0,0,0,14.4,10.85,0,0,0,0,19-DEC-2017,
OPTSTK,NCC,22-Feb-2018,125,CE,0,0,0,13.25,9.65,0,0,0,0,19-DEC-2017,
OPTSTK,NCC,22-Feb-2018,127.5,CE,0,0,0,12.2,8.5,0,0,0,0,19-DEC-2017,
OPTSTK,NCC,22-Feb-2018,130,CE,0,0,0,11.2,7.5,0,0,0,0,19-DEC-2017,
OPTSTK,NCC,22-Feb-2018,132.5,CE,0,0,0,10.3,6.6,0,0,0,0,19-DEC-2017,
OPTSTK,NCC,22-Feb-2018,135,CE,0,0,0,9.45,5.75,0,0,0,0,19-DEC-2017,
OPTSTK,NCC,22-Feb-2018,137.5,CE,0,0,0,8.65,5,0,0,0,0,19-DEC-2017,
OPTSTK,NCC,22-Feb-2018,140,CE,0,0,0,7.9,4.35,0,0,0,0,19-DEC-2017,
OPTSTK,NCC,22-Feb-2018,142.5,CE,0,0,0,7.2,3.8,0,0,0,0,19-DEC-2017,
OPTSTK,NCC,22-Feb-2018,145,CE,0,0,0,6.6,3.25,0,0,0,0,19-DEC-2017,
OPTSTK,NCC,22-Feb-2018,82.5,PE,0,0,0,0.75,0.1,0,0,0,0,19-DEC-2017,
OPTSTK,NCC,22-Feb-2018,85,PE,0,0,0,1,0.15,0,0,0,0,19-DEC-2017,
OPTSTK,NCC,22-Feb-2018,87.5,PE,0,0,0,1.25,0.25,0,0,0,0,19-DEC-2017,
OPTSTK,NCC,22-Feb-2018,90,PE,0,0,0,1.6,0.35,0,0,0,0,19-DEC-2017,
OPTSTK,NCC,22-Feb-2018,92.5,PE,0,0,0,1.95,0.45,0,0,0,0,19-DEC-2017,
OPTSTK,NCC,22-Feb-2018,95,PE,0,0,0,2.4,0.65,0,0,0,0,19-DEC-2017,
OPTSTK,NCC,22-Feb-2018,97.5,PE,0,0,0,2.9,0.9,0,0,0,0,19-DEC-2017,
OPTSTK,NCC,22-Feb-2018,100,PE,0,0,0,3.5,1.2,0,0,0,0,19-DEC-2017,
OPTSTK,NCC,22-Feb-2018,102.5,PE,0,0,0,4.15,1.55,0,0,0,0,19-DEC-2017,
OPTSTK,NCC,22-Feb-2018,105,PE,0,0,0,4.85,2,0,0,0,0,19-DEC-2017,
OPTSTK,NCC,22-Feb-2018,107.5,PE,0,0,0,5.65,2.5,0,0,0,0,19-DEC-2017,
OPTSTK,NCC,22-Feb-2018,110,PE,0,0,0,6.55,3.15,0,0,0,0,19-DEC-2017,
OPTSTK,NCC,22-Feb-2018,112.5,PE,0,0,0,7.5,3.85,0,0,0,0,19-DEC-2017,
OPTSTK,NCC,22-Feb-2018,115,PE,0,0,0,8.5,4.7,0,0,0,0,19-DEC-2017,
OPTSTK,NCC,22-Feb-2018,117.5,PE,0,0,0,9.6,5.6,0,0,0,0,19-DEC-2017,
OPTSTK,NCC,22-Feb-2018,120,PE,0,0,0,10.8,6.65,0,0,0,0,19-DEC-2017,
OPTSTK,NCC,22-Feb-2018,122.5,PE,0,0,0,12.05,7.8,0,0,0,0,19-DEC-2017,
OPTSTK,NCC,22-Feb-2018,125,PE,0,0,0,13.4,9.05,0,0,0,0,19-DEC-2017,
OPTSTK,NCC,22-Feb-2018,127.5,PE,0,0,0,14.8,10.4,0,0,0,0,19-DEC-2017,
OPTSTK,NCC,22-Feb-2018,130,PE,0,0,0,16.25,11.85,0,0,0,0,19-DEC-2017,
OPTSTK,NCC,22-Feb-2018,132.5,PE,0,0,0,17.8,13.4,0,0,0,0,19-DEC-2017,
OPTSTK,NCC,22-Feb-2018,135,PE,0,0,0,19.4,15.05,0,0,0,0,19-DEC-2017,
OPTSTK,NCC,22-Feb-2018,137.5,PE,0,0,0,21.1,16.8,0,0,0,0,19-DEC-2017,
OPTSTK,NCC,22-Feb-2018,140,PE,0,0,0,22.8,18.6,0,0,0,0,19-DEC-2017,
OPTSTK,NCC,22-Feb-2018,142.5,PE,0,0,0,24.6,20.5,0,0,0,0,19-DEC-2017,
OPTSTK,NCC,22-Feb-2018,145,PE,0,0,0,26.4,22.45,0,0,0,0,19-DEC-2017,
OPTSTK,NESTLEIND,28-Dec-2017,6150,CE,0,0,0,1120.8,1756.85,0,0,0,0,19-DEC-2017,
OPTSTK,NESTLEIND,28-Dec-2017,6200,CE,0,0,0,1077.15,1706.9,0,0,0,0,19-DEC-2017,
OPTSTK,NESTLEIND,28-Dec-2017,6250,CE,0,0,0,1034.15,1657,0,0,0,0,19-DEC-2017,
OPTSTK,NESTLEIND,28-Dec-2017,6300,CE,0,0,0,991.8,1607.05,0,0,0,0,19-DEC-2017,
OPTSTK,NESTLEIND,28-Dec-2017,6350,CE,0,0,0,950.2,1557.15,0,0,0,0,19-DEC-2017,
OPTSTK,NESTLEIND,28-Dec-2017,6400,CE,0,0,0,909.3,1507.2,0,0,0,0,19-DEC-2017,
OPTSTK,NESTLEIND,28-Dec-2017,6450,CE,0,0,0,869.2,1457.3,0,0,0,0,19-DEC-2017,
OPTSTK,NESTLEIND,28-Dec-2017,6500,CE,0,0,0,829.95,1407.4,0,0,0,0,19-DEC-2017,
OPTSTK,NESTLEIND,28-Dec-2017,6550,CE,0,0,0,791.55,1357.45,0,0,0,0,19-DEC-2017,
OPTSTK,NESTLEIND,28-Dec-2017,6600,CE,0,0,0,754.05,1307.55,0,0,0,0,19-DEC-2017,
OPTSTK,NESTLEIND,28-Dec-2017,6650,CE,0,0,0,717.7,1257.6,0,0,0,0,19-DEC-2017,
OPTSTK,NESTLEIND,28-Dec-2017,6700,CE,0,0,0,682.05,1207.7,0,0,0,0,19-DEC-2017,
OPTSTK,NESTLEIND,28-Dec-2017,6750,CE,0,0,0,647.15,1157.75,0,0,0,0,19-DEC-2017,
OPTSTK,NESTLEIND,28-Dec-2017,6800,CE,0,0,0,613.55,1107.85,0,0,0,0,19-DEC-2017,
OPTSTK,NESTLEIND,28-Dec-2017,6850,CE,0,0,0,581,1057.9,0,0,0,0,19-DEC-2017,
OPTSTK,NESTLEIND,28-Dec-2017,6900,CE,0,0,0,549.5,1008,0,0,0,0,19-DEC-2017,
OPTSTK,NESTLEIND,28-Dec-2017,6950,CE,0,0,0,519.05,958.1,0,0,0,0,19-DEC-2017,
OPTSTK,NESTLEIND,28-Dec-2017,7000,CE,0,0,0,489.7,908.15,0,0,0,0,19-DEC-2017,
OPTSTK,NESTLEIND,28-Dec-2017,7050,CE,0,0,0,461.45,858.25,0,0,0,0,19-DEC-2017,
OPTSTK,NESTLEIND,28-Dec-2017,7100,CE,0,0,0,434.3,808.3,0,0,0,0,19-DEC-2017,
OPTSTK,NESTLEIND,28-Dec-2017,7150,CE,0,0,0,408.2,758.4,0,0,0,0,19-DEC-2017,
OPTSTK,NESTLEIND,28-Dec-2017,7200,CE,0,0,0,383.15,708.45,0,0,0,0,19-DEC-2017,
OPTSTK,NESTLEIND,28-Dec-2017,7250,CE,0,0,0,359.25,658.55,0,0,0,0,19-DEC-2017,
OPTSTK,NESTLEIND,28-Dec-2017,7300,CE,0,0,0,336.4,608.7,0,0,0,0,19-DEC-2017,
OPTSTK,NESTLEIND,28-Dec-2017,7350,CE,0,0,0,314.6,558.9,0,0,0,0,19-DEC-2017,
OPTSTK,NESTLEIND,28-Dec-2017,7400,CE,0,0,0,293.85,509.2,0,0,0,0,19-DEC-2017,
OPTSTK,NESTLEIND,28-Dec-2017,7450,CE,0,0,0,274.15,459.75,0,0,0,0,19-DEC-2017,
OPTSTK,NESTLEIND,28-Dec-2017,7500,CE,0,0,0,255.4,410.7,0,0,0,0,19-DEC-2017,
OPTSTK,NESTLEIND,28-Dec-2017,7550,CE,0,0,0,237.7,362.4,0,0,0,0,19-DEC-2017,
OPTSTK,NESTLEIND,28-Dec-2017,7600,CE,0,0,0,369.95,315.2,0,0,200,0,19-DEC-2017,
OPTSTK,NESTLEIND,28-Dec-2017,7650,CE,0,0,0,205.05,269.65,0,0,0,0,19-DEC-2017,
OPTSTK,NESTLEIND,28-Dec-2017,7700,CE,0,0,0,170,226.4,0,0,200,0,19-DEC-2017,
OPTSTK,NESTLEIND,28-Dec-2017,7750,CE,0,0,0,176.05,186.05,0,0,0,0,19-DEC-2017,
OPTSTK,NESTLEIND,28-Dec-2017,7800,CE,0,0,0,230,149.35,0,0,400,0,19-DEC-2017,
OPTSTK,NESTLEIND,28-Dec-2017,7850,CE,0,0,0,150.75,116.8,0,0,0,0,19-DEC-2017,
OPTSTK,NESTLEIND,28-Dec-2017,7900,CE,0,0,0,151.4,88.9,0,0,100,0,19-DEC-2017,
OPTSTK,NESTLEIND,28-Dec-2017,7950,CE,0,0,0,128.05,65.6,0,0,0,0,19-DEC-2017,
OPTSTK,NESTLEIND,28-Dec-2017,8000,CE,75,75,75,75,75,1,8.07,800,-100,19-DEC-2017,
OPTSTK,NESTLEIND,28-Dec-2017,8050,CE,0,0,0,108.4,32.85,0,0,0,0,19-DEC-2017,
OPTSTK,NESTLEIND,28-Dec-2017,8100,CE,0,0,0,56,21.8,0,0,300,0,19-DEC-2017,
OPTSTK,NESTLEIND,28-Dec-2017,8150,CE,0,0,0,91.35,14.1,0,0,0,0,19-DEC-2017,
OPTSTK,NESTLEIND,28-Dec-2017,8200,CE,0,0,0,89.95,8.8,0,0,0,0,19-DEC-2017,
OPTSTK,NESTLEIND,28-Dec-2017,8250,CE,0,0,0,98.35,5.3,0,0,0,0,19-DEC-2017,
OPTSTK,NESTLEIND,28-Dec-2017,8300,CE,0,0,0,90.05,3.05,0,0,0,0,19-DEC-2017,
OPTSTK,NESTLEIND,28-Dec-2017,8350,CE,0,0,0,77.95,1.7,0,0,0,0,19-DEC-2017,
OPTSTK,NESTLEIND,28-Dec-2017,8400,CE,0,0,0,51.15,0.95,0,0,0,0,19-DEC-2017,
OPTSTK,NESTLEIND,28-Dec-2017,8450,CE,0,0,0,39.15,0.5,0,0,0,0,19-DEC-2017,
OPTSTK,NESTLEIND,28-Dec-2017,6150,PE,0,0,0,37.5,0,0,0,0,0,19-DEC-2017,
OPTSTK,NESTLEIND,28-Dec-2017,6200,PE,0,0,0,43.1,0,0,0,0,0,19-DEC-2017,
OPTSTK,NESTLEIND,28-Dec-2017,6250,PE,0,0,0,49.3,0,0,0,0,0,19-DEC-2017,
OPTSTK,NESTLEIND,28-Dec-2017,6300,PE,0,0,0,56.2,0,0,0,0,0,19-DEC-2017,
OPTSTK,NESTLEIND,28-Dec-2017,6350,PE,0,0,0,63.8,0,0,0,0,0,19-DEC-2017,
OPTSTK,NESTLEIND,28-Dec-2017,6400,PE,0,0,0,72.15,0,0,0,0,0,19-DEC-2017,
OPTSTK,NESTLEIND,28-Dec-2017,6450,PE,0,0,0,81.25,0,0,0,0,0,19-DEC-2017,
OPTSTK,NESTLEIND,28-Dec-2017,6500,PE,0,0,0,91.2,0,0,0,0,0,19-DEC-2017,
OPTSTK,NESTLEIND,28-Dec-2017,6550,PE,0,0,0,102.05,0,0,0,0,0,19-DEC-2017,
OPTSTK,NESTLEIND,28-Dec-2017,6600,PE,0,0,0,113.75,0,0,0,0,0,19-DEC-2017,
OPTSTK,NESTLEIND,28-Dec-2017,6650,PE,0,0,0,126.65,0,0,0,0,0,19-DEC-2017,
OPTSTK,NESTLEIND,28-Dec-2017,6700,PE,0,0,0,140.2,0,0,0,0,0,19-DEC-2017,
OPTSTK,NESTLEIND,28-Dec-2017,6750,PE,0,0,0,154.5,0,0,0,0,0,19-DEC-2017,
OPTSTK,NESTLEIND,28-Dec-2017,6800,PE,0,0,0,170.15,0,0,0,0,0,19-DEC-2017,
OPTSTK,NESTLEIND,28-Dec-2017,6850,PE,0,0,0,186.8,0,0,0,0,0,19-DEC-2017,
OPTSTK,NESTLEIND,28-Dec-2017,6900,PE,0,0,0,204.55,0,0,0,0,0,19-DEC-2017,
OPTSTK,NESTLEIND,28-Dec-2017,6950,PE,0,0,0,223.35,0,0,0,0,0,19-DEC-2017,
OPTSTK,NESTLEIND,28-Dec-2017,7000,PE,0,0,0,11,0,0,0,100,0,19-DEC-2017,
OPTSTK,NESTLEIND,28-Dec-2017,7050,PE,0,0,0,264.15,0,0,0,0,0,19-DEC-2017,
OPTSTK,NESTLEIND,28-Dec-2017,7100,PE,0,0,0,286.2,0,0,0,0,0,19-DEC-2017,
OPTSTK,NESTLEIND,28-Dec-2017,7150,PE,0,0,0,309.35,0,0,0,0,0,19-DEC-2017,
OPTSTK,NESTLEIND,28-Dec-2017,7200,PE,0,0,0,333.55,0.05,0,0,0,0,19-DEC-2017,
OPTSTK,NESTLEIND,28-Dec-2017,7250,PE,0,0,0,358.85,0.05,0,0,0,0,19-DEC-2017,
OPTSTK,NESTLEIND,28-Dec-2017,7300,PE,0,0,0,385.2,0.1,0,0,0,0,19-DEC-2017,
OPTSTK,NESTLEIND,28-Dec-2017,7350,PE,0,0,0,412.65,0.2,0,0,0,0,19-DEC-2017,
OPTSTK,NESTLEIND,28-Dec-2017,7400,PE,0,0,0,441.1,0.45,0,0,0,0,19-DEC-2017,
OPTSTK,NESTLEIND,28-Dec-2017,7450,PE,0,0,0,470.6,0.9,0,0,0,0,19-DEC-2017,
OPTSTK,NESTLEIND,28-Dec-2017,7500,PE,0,0,0,0.35,1.8,0,0,300,0,19-DEC-2017,
OPTSTK,NESTLEIND,28-Dec-2017,7550,PE,0,0,0,532.6,3.4,0,0,0,0,19-DEC-2017,
OPTSTK,NESTLEIND,28-Dec-2017,7600,PE,0,0,0,565.05,6.15,0,0,0,0,19-DEC-2017,
OPTSTK,NESTLEIND,28-Dec-2017,7650,PE,0,0,0,598.45,10.55,0,0,0,0,19-DEC-2017,
OPTSTK,NESTLEIND,28-Dec-2017,7700,PE,0,0,0,115,17.15,0,0,200,0,19-DEC-2017,
OPTSTK,NESTLEIND,28-Dec-2017,7750,PE,0,0,0,667.85,26.75,0,0,0,0,19-DEC-2017,
OPTSTK,NESTLEIND,28-Dec-2017,7800,PE,0,0,0,100,39.95,0,0,100,0,19-DEC-2017,
OPTSTK,NESTLEIND,28-Dec-2017,7850,PE,0,0,0,741,57.35,0,0,0,0,19-DEC-2017,
OPTSTK,NESTLEIND,28-Dec-2017,7900,PE,0,0,0,778.65,79.35,0,0,0,0,19-DEC-2017,
OPTSTK,NESTLEIND,28-Dec-2017,7950,PE,0,0,0,816.75,106,0,0,0,0,19-DEC-2017,
OPTSTK,NESTLEIND,28-Dec-2017,8000,PE,0,0,0,855.8,137.25,0,0,0,0,19-DEC-2017,
OPTSTK,NESTLEIND,28-Dec-2017,8050,PE,0,0,0,895.55,173.05,0,0,0,0,19-DEC-2017,
OPTSTK,NESTLEIND,28-Dec-2017,8100,PE,0,0,0,935.95,211.95,0,0,0,0,19-DEC-2017,
OPTSTK,NESTLEIND,28-Dec-2017,8150,PE,0,0,0,976.95,254.15,0,0,0,0,19-DEC-2017,
OPTSTK,NESTLEIND,28-Dec-2017,8200,PE,0,0,0,951.45,298.8,0,0,0,0,19-DEC-2017,
OPTSTK,NESTLEIND,28-Dec-2017,8250,PE,0,0,0,917.65,345.2,0,0,0,0,19-DEC-2017,
OPTSTK,NESTLEIND,28-Dec-2017,8300,PE,0,0,0,958.6,392.9,0,0,0,0,19-DEC-2017,
OPTSTK,NESTLEIND,28-Dec-2017,8350,PE,0,0,0,975.9,441.5,0,0,0,0,19-DEC-2017,
OPTSTK,NESTLEIND,28-Dec-2017,8400,PE,0,0,0,959,490.6,0,0,0,0,19-DEC-2017,
OPTSTK,NESTLEIND,28-Dec-2017,8450,PE,0,0,0,818.4,540.1,0,0,0,0,19-DEC-2017,
OPTSTK,NESTLEIND,25-Jan-2018,6150,CE,0,0,0,1104.9,1787.3,0,0,0,0,19-DEC-2017,
OPTSTK,NESTLEIND,25-Jan-2018,6200,CE,0,0,0,1058.65,1737.6,0,0,0,0,19-DEC-2017,
OPTSTK,NESTLEIND,25-Jan-2018,6250,CE,0,0,0,1012.85,1687.95,0,0,0,0,19-DEC-2017,
OPTSTK,NESTLEIND,25-Jan-2018,6300,CE,0,0,0,967.6,1638.25,0,0,0,0,19-DEC-2017,
OPTSTK,NESTLEIND,25-Jan-2018,6350,CE,0,0,0,922.95,1588.6,0,0,0,0,19-DEC-2017,
OPTSTK,NESTLEIND,25-Jan-2018,6400,CE,0,0,0,879,1538.9,0,0,0,0,19-DEC-2017,
OPTSTK,NESTLEIND,25-Jan-2018,6450,CE,0,0,0,835.8,1489.25,0,0,0,0,19-DEC-2017,
OPTSTK,NESTLEIND,25-Jan-2018,6500,CE,0,0,0,793.4,1439.55,0,0,0,0,19-DEC-2017,
OPTSTK,NESTLEIND,25-Jan-2018,6550,CE,0,0,0,751.85,1389.9,0,0,0,0,19-DEC-2017,
OPTSTK,NESTLEIND,25-Jan-2018,6600,CE,0,0,0,711.2,1340.25,0,0,0,0,19-DEC-2017,
OPTSTK,NESTLEIND,25-Jan-2018,6650,CE,0,0,0,671.55,1290.6,0,0,0,0,19-DEC-2017,
OPTSTK,NESTLEIND,25-Jan-2018,6700,CE,0,0,0,633,1240.95,0,0,0,0,19-DEC-2017,
OPTSTK,NESTLEIND,25-Jan-2018,6750,CE,0,0,0,595.5,1191.35,0,0,0,0,19-DEC-2017,
OPTSTK,NESTLEIND,25-Jan-2018,6800,CE,0,0,0,559.35,1141.75,0,0,0,0,19-DEC-2017,
OPTSTK,NESTLEIND,25-Jan-2018,6850,CE,0,0,0,523.9,1092.2,0,0,0,0,19-DEC-2017,
OPTSTK,NESTLEIND,25-Jan-2018,6900,CE,0,0,0,490,1042.7,0,0,0,0,19-DEC-2017,
OPTSTK,NESTLEIND,25-Jan-2018,6950,CE,0,0,0,457.4,993.35,0,0,0,0,19-DEC-2017,
OPTSTK,NESTLEIND,25-Jan-2018,7000,CE,0,0,0,426.1,944.1,0,0,0,0,19-DEC-2017,
OPTSTK,NESTLEIND,25-Jan-2018,7050,CE,0,0,0,396.15,895,0,0,0,0,19-DEC-2017,
OPTSTK,NESTLEIND,25-Jan-2018,7100,CE,0,0,0,367.55,846.2,0,0,0,0,19-DEC-2017,
OPTSTK,NESTLEIND,25-Jan-2018,7150,CE,0,0,0,340.3,797.65,0,0,0,0,19-DEC-2017,
OPTSTK,NESTLEIND,25-Jan-2018,7200,CE,0,0,0,314.4,749.55,0,0,0,0,19-DEC-2017,
OPTSTK,NESTLEIND,25-Jan-2018,7250,CE,0,0,0,289.85,701.9,0,0,0,0,19-DEC-2017,
OPTSTK,NESTLEIND,25-Jan-2018,7300,CE,0,0,0,266.65,654.9,0,0,0,0,19-DEC-2017,
OPTSTK,NESTLEIND,25-Jan-2018,7350,CE,0,0,0,244.8,608.7,0,0,0,0,19-DEC-2017,
OPTSTK,NESTLEIND,25-Jan-2018,7400,CE,0,0,0,224.25,563.35,0,0,0,0,19-DEC-2017,
OPTSTK,NESTLEIND,25-Jan-2018,7450,CE,0,0,0,205,519.1,0,0,0,0,19-DEC-2017,
OPTSTK,NESTLEIND,25-Jan-2018,7500,CE,0,0,0,187,476.1,0,0,0,0,19-DEC-2017,
OPTSTK,NESTLEIND,25-Jan-2018,7550,CE,0,0,0,170.2,434.45,0,0,0,0,19-DEC-2017,
OPTSTK,NESTLEIND,25-Jan-2018,7600,CE,0,0,0,154.6,394.45,0,0,0,0,19-DEC-2017,
OPTSTK,NESTLEIND,25-Jan-2018,7650,CE,0,0,0,140.1,356.15,0,0,0,0,19-DEC-2017,
OPTSTK,NESTLEIND,25-Jan-2018,7700,CE,0,0,0,126.7,319.65,0,0,0,0,19-DEC-2017,
OPTSTK,NESTLEIND,25-Jan-2018,7750,CE,0,0,0,114.7,285.3,0,0,0,0,19-DEC-2017,
OPTSTK,NESTLEIND,25-Jan-2018,7800,CE,0,0,0,103.1,253.05,0,0,0,0,19-DEC-2017,
OPTSTK,NESTLEIND,25-Jan-2018,7850,CE,0,0,0,92.7,223.05,0,0,0,0,19-DEC-2017,
OPTSTK,NESTLEIND,25-Jan-2018,7900,CE,0,0,0,83.15,195.35,0,0,0,0,19-DEC-2017,
OPTSTK,NESTLEIND,25-Jan-2018,7950,CE,0,0,0,74.4,169.9,0,0,0,0,19-DEC-2017,
OPTSTK,NESTLEIND,25-Jan-2018,8000,CE,0,0,0,66.45,146.8,0,0,0,0,19-DEC-2017,
OPTSTK,NESTLEIND,25-Jan-2018,8050,CE,0,0,0,59.25,125.95,0,0,0,0,19-DEC-2017,
OPTSTK,NESTLEIND,25-Jan-2018,8100,CE,0,0,0,52.7,107.3,0,0,0,0,19-DEC-2017,
OPTSTK,NESTLEIND,25-Jan-2018,8150,CE,0,0,0,46.8,90.8,0,0,0,0,19-DEC-2017,
OPTSTK,NESTLEIND,25-Jan-2018,8200,CE,0,0,0,40.7,76.25,0,0,0,0,19-DEC-2017,
OPTSTK,NESTLEIND,25-Jan-2018,8250,CE,0,0,0,33.35,63.95,0,0,0,0,19-DEC-2017,
OPTSTK,NESTLEIND,25-Jan-2018,8300,CE,0,0,0,37.5,52.65,0,0,0,0,19-DEC-2017,
OPTSTK,NESTLEIND,25-Jan-2018,8350,CE,0,0,0,45.35,43.3,0,0,0,0,19-DEC-2017,
OPTSTK,NESTLEIND,25-Jan-2018,8400,CE,0,0,0,39.85,35.3,0,0,0,0,19-DEC-2017,
OPTSTK,NESTLEIND,25-Jan-2018,8450,CE,0,0,0,82.4,28.55,0,0,0,0,19-DEC-2017,
OPTSTK,NESTLEIND,25-Jan-2018,6150,PE,0,0,0,13.6,0,0,0,0,0,19-DEC-2017,
OPTSTK,NESTLEIND,25-Jan-2018,6200,PE,0,0,0,16.5,0,0,0,0,0,19-DEC-2017,
OPTSTK,NESTLEIND,25-Jan-2018,6250,PE,0,0,0,19.9,0,0,0,0,0,19-DEC-2017,
OPTSTK,NESTLEIND,25-Jan-2018,6300,PE,0,0,0,23.9,0,0,0,0,0,19-DEC-2017,
OPTSTK,NESTLEIND,25-Jan-2018,6350,PE,0,0,0,28.5,0,0,0,0,0,19-DEC-2017,
OPTSTK,NESTLEIND,25-Jan-2018,6400,PE,0,0,0,33.75,0,0,0,0,0,19-DEC-2017,
OPTSTK,NESTLEIND,25-Jan-2018,6450,PE,0,0,0,39.75,0.05,0,0,0,0,19-DEC-2017,
OPTSTK,NESTLEIND,25-Jan-2018,6500,PE,0,0,0,46.55,0.05,0,0,0,0,19-DEC-2017,
OPTSTK,NESTLEIND,25-Jan-2018,6550,PE,0,0,0,54.2,0.05,0,0,0,0,19-DEC-2017,
OPTSTK,NESTLEIND,25-Jan-2018,6600,PE,0,0,0,62.8,0.05,0,0,0,0,19-DEC-2017,
OPTSTK,NESTLEIND,25-Jan-2018,6650,PE,0,0,0,72.4,0.05,0,0,0,0,19-DEC-2017,
OPTSTK,NESTLEIND,25-Jan-2018,6700,PE,0,0,0,83,0.1,0,0,0,0,19-DEC-2017,
OPTSTK,NESTLEIND,25-Jan-2018,6750,PE,0,0,0,94.75,0.15,0,0,0,0,19-DEC-2017,
OPTSTK,NESTLEIND,25-Jan-2018,6800,PE,0,0,0,107.85,0.25,0,0,0,0,19-DEC-2017,
OPTSTK,NESTLEIND,25-Jan-2018,6850,PE,0,0,0,121.6,0.4,0,0,0,0,19-DEC-2017,
OPTSTK,NESTLEIND,25-Jan-2018,6900,PE,0,0,0,136.9,0.6,0,0,0,0,19-DEC-2017,
OPTSTK,NESTLEIND,25-Jan-2018,6950,PE,0,0,0,153.55,0.85,0,0,0,0,19-DEC-2017,
OPTSTK,NESTLEIND,25-Jan-2018,7000,PE,0,0,0,171.45,1.3,0,0,0,0,19-DEC-2017,
OPTSTK,NESTLEIND,25-Jan-2018,7050,PE,0,0,0,190.7,1.9,0,0,0,0,19-DEC-2017,
OPTSTK,NESTLEIND,25-Jan-2018,7100,PE,0,0,0,211.3,2.75,0,0,0,0,19-DEC-2017,
OPTSTK,NESTLEIND,25-Jan-2018,7150,PE,0,0,0,233.25,3.9,0,0,0,0,19-DEC-2017,
OPTSTK,NESTLEIND,25-Jan-2018,7200,PE,0,0,0,256.6,5.45,0,0,0,0,19-DEC-2017,
OPTSTK,NESTLEIND,25-Jan-2018,7250,PE,0,0,0,281.25,7.5,0,0,0,0,19-DEC-2017,
OPTSTK,NESTLEIND,25-Jan-2018,7300,PE,0,0,0,307.25,10.15,0,0,0,0,19-DEC-2017,
OPTSTK,NESTLEIND,25-Jan-2018,7350,PE,0,0,0,334.6,13.6,0,0,0,0,19-DEC-2017,
OPTSTK,NESTLEIND,25-Jan-2018,7400,PE,0,0,0,363.3,17.95,0,0,0,0,19-DEC-2017,
OPTSTK,NESTLEIND,25-Jan-2018,7450,PE,0,0,0,393.25,23.4,0,0,0,0,19-DEC-2017,
OPTSTK,NESTLEIND,25-Jan-2018,7500,PE,0,0,0,424.45,30.05,0,0,0,0,19-DEC-2017,
OPTSTK,NESTLEIND,25-Jan-2018,7550,PE,0,0,0,456.9,38.1,0,0,0,0,19-DEC-2017,
OPTSTK,NESTLEIND,25-Jan-2018,7600,PE,0,0,0,490.5,47.75,0,0,0,0,19-DEC-2017,
OPTSTK,NESTLEIND,25-Jan-2018,7650,PE,0,0,0,525.25,59.1,0,0,0,0,19-DEC-2017,
OPTSTK,NESTLEIND,25-Jan-2018,7700,PE,0,0,0,561.05,72.3,0,0,0,0,19-DEC-2017,
OPTSTK,NESTLEIND,25-Jan-2018,7750,PE,0,0,0,598.25,87.6,0,0,0,0,19-DEC-2017,
OPTSTK,NESTLEIND,25-Jan-2018,7800,PE,0,0,0,635.9,105.05,0,0,0,0,19-DEC-2017,
OPTSTK,NESTLEIND,25-Jan-2018,7850,PE,0,0,0,674.65,124.75,0,0,0,0,19-DEC-2017,
OPTSTK,NESTLEIND,25-Jan-2018,7900,PE,0,0,0,714.35,146.7,0,0,0,0,19-DEC-2017,
OPTSTK,NESTLEIND,25-Jan-2018,7950,PE,0,0,0,754.85,170.95,0,0,0,0,19-DEC-2017,
OPTSTK,NESTLEIND,25-Jan-2018,8000,PE,0,0,0,796.1,197.5,0,0,0,0,19-DEC-2017,
OPTSTK,NESTLEIND,25-Jan-2018,8050,PE,0,0,0,838.1,226.35,0,0,0,0,19-DEC-2017,
OPTSTK,NESTLEIND,25-Jan-2018,8100,PE,0,0,0,880.8,257.35,0,0,0,0,19-DEC-2017,
OPTSTK,NESTLEIND,25-Jan-2018,8150,PE,0,0,0,924.05,290.5,0,0,0,0,19-DEC-2017,
OPTSTK,NESTLEIND,25-Jan-2018,8200,PE,0,0,0,897.5,325.6,0,0,0,0,19-DEC-2017,
OPTSTK,NESTLEIND,25-Jan-2018,8250,PE,0,0,0,921.45,363,0,0,0,0,19-DEC-2017,
OPTSTK,NESTLEIND,25-Jan-2018,8300,PE,0,0,0,897.6,401.4,0,0,0,0,19-DEC-2017,
OPTSTK,NESTLEIND,25-Jan-2018,8350,PE,0,0,0,864.7,441.7,0,0,0,0,19-DEC-2017,
OPTSTK,NESTLEIND,25-Jan-2018,8400,PE,0,0,0,908.5,483.4,0,0,0,0,19-DEC-2017,
OPTSTK,NESTLEIND,25-Jan-2018,8450,PE,0,0,0,820.75,526.35,0,0,0,0,19-DEC-2017,
OPTSTK,NESTLEIND,22-Feb-2018,6650,CE,0,0,0,1126.9,1323.95,0,0,0,0,19-DEC-2017,
OPTSTK,NESTLEIND,22-Feb-2018,6700,CE,0,0,0,1080.85,1274.9,0,0,0,0,19-DEC-2017,
OPTSTK,NESTLEIND,22-Feb-2018,6750,CE,0,0,0,1035.35,1225.9,0,0,0,0,19-DEC-2017,
OPTSTK,NESTLEIND,22-Feb-2018,6800,CE,0,0,0,990.4,1177.05,0,0,0,0,19-DEC-2017,
OPTSTK,NESTLEIND,22-Feb-2018,6850,CE,0,0,0,946.1,1128.4,0,0,0,0,19-DEC-2017,
OPTSTK,NESTLEIND,22-Feb-2018,6900,CE,0,0,0,902.45,1079.95,0,0,0,0,19-DEC-2017,
OPTSTK,NESTLEIND,22-Feb-2018,6950,CE,0,0,0,859.5,1031.75,0,0,0,0,19-DEC-2017,
OPTSTK,NESTLEIND,22-Feb-2018,7000,CE,0,0,0,817.4,983.9,0,0,0,0,19-DEC-2017,
OPTSTK,NESTLEIND,22-Feb-2018,7050,CE,0,0,0,776.1,936.45,0,0,0,0,19-DEC-2017,
OPTSTK,NESTLEIND,22-Feb-2018,7100,CE,0,0,0,735.7,889.45,0,0,0,0,19-DEC-2017,
OPTSTK,NESTLEIND,22-Feb-2018,7150,CE,0,0,0,696.3,842.95,0,0,0,0,19-DEC-2017,
OPTSTK,NESTLEIND,22-Feb-2018,7200,CE,0,0,0,657.85,797.1,0,0,0,0,19-DEC-2017,
OPTSTK,NESTLEIND,22-Feb-2018,7250,CE,0,0,0,620.5,751.95,0,0,0,0,19-DEC-2017,
OPTSTK,NESTLEIND,22-Feb-2018,7300,CE,0,0,0,584.45,707.6,0,0,0,0,19-DEC-2017,
OPTSTK,NESTLEIND,22-Feb-2018,7350,CE,0,0,0,549,664.15,0,0,0,0,19-DEC-2017,
OPTSTK,NESTLEIND,22-Feb-2018,7400,CE,0,0,0,515.05,621.65,0,0,0,0,19-DEC-2017,
OPTSTK,NESTLEIND,22-Feb-2018,7450,CE,0,0,0,482.35,580.25,0,0,0,0,19-DEC-2017,
OPTSTK,NESTLEIND,22-Feb-2018,7500,CE,0,0,0,450.9,540.05,0,0,0,0,19-DEC-2017,
OPTSTK,NESTLEIND,22-Feb-2018,7550,CE,0,0,0,420.75,501.15,0,0,0,0,19-DEC-2017,
OPTSTK,NESTLEIND,22-Feb-2018,7600,CE,0,0,0,391.85,463.9,0,0,0,0,19-DEC-2017,
OPTSTK,NESTLEIND,22-Feb-2018,7650,CE,0,0,0,364.2,427.4,0,0,0,0,19-DEC-2017,
OPTSTK,NESTLEIND,22-Feb-2018,7700,CE,0,0,0,337.9,392.85,0,0,0,0,19-DEC-2017,
OPTSTK,NESTLEIND,22-Feb-2018,7750,CE,0,0,0,312.85,359.85,0,0,0,0,19-DEC-2017,
OPTSTK,NESTLEIND,22-Feb-2018,7800,CE,0,0,0,289.15,328.55,0,0,0,0,19-DEC-2017,
OPTSTK,NESTLEIND,22-Feb-2018,7850,CE,0,0,0,266.7,298.9,0,0,0,0,19-DEC-2017,
OPTSTK,NESTLEIND,22-Feb-2018,7900,CE,0,0,0,245.55,271,0,0,0,0,19-DEC-2017,
OPTSTK,NESTLEIND,22-Feb-2018,7950,CE,0,0,0,225.6,244.8,0,0,0,0,19-DEC-2017,
OPTSTK,NESTLEIND,22-Feb-2018,8000,CE,0,0,0,206.85,220.3,0,0,0,0,19-DEC-2017,
OPTSTK,NESTLEIND,22-Feb-2018,8050,CE,0,0,0,189.35,197.55,0,0,0,0,19-DEC-2017,
OPTSTK,NESTLEIND,22-Feb-2018,8100,CE,0,0,0,172.95,176.45,0,0,0,0,19-DEC-2017,
OPTSTK,NESTLEIND,22-Feb-2018,8150,CE,0,0,0,157.65,157.05,0,0,0,0,19-DEC-2017,
OPTSTK,NESTLEIND,22-Feb-2018,8200,CE,0,0,0,143.45,139.25,0,0,0,0,19-DEC-2017,
OPTSTK,NESTLEIND,22-Feb-2018,8250,CE,0,0,0,130.25,123,0,0,0,0,19-DEC-2017,
OPTSTK,NESTLEIND,22-Feb-2018,8300,CE,0,0,0,118.45,108.2,0,0,0,0,19-DEC-2017,
OPTSTK,NESTLEIND,22-Feb-2018,8350,CE,0,0,0,106.9,94.85,0,0,0,0,19-DEC-2017,
OPTSTK,NESTLEIND,22-Feb-2018,8400,CE,0,0,0,96.55,82.9,0,0,0,0,19-DEC-2017,
OPTSTK,NESTLEIND,22-Feb-2018,8450,CE,0,0,0,87,72.15,0,0,0,0,19-DEC-2017,
OPTSTK,NESTLEIND,22-Feb-2018,6650,PE,0,0,0,16.45,0.9,0,0,0,0,19-DEC-2017,
OPTSTK,NESTLEIND,22-Feb-2018,6700,PE,0,0,0,19.7,1.25,0,0,0,0,19-DEC-2017,
OPTSTK,NESTLEIND,22-Feb-2018,6750,PE,0,0,0,23.5,1.65,0,0,0,0,19-DEC-2017,
OPTSTK,NESTLEIND,22-Feb-2018,6800,PE,0,0,0,27.8,2.25,0,0,0,0,19-DEC-2017,
OPTSTK,NESTLEIND,22-Feb-2018,6850,PE,0,0,0,32.75,3.05,0,0,0,0,19-DEC-2017,
OPTSTK,NESTLEIND,22-Feb-2018,6900,PE,0,0,0,38.35,4,0,0,0,0,19-DEC-2017,
OPTSTK,NESTLEIND,22-Feb-2018,6950,PE,0,0,0,44.7,5.25,0,0,0,0,19-DEC-2017,
OPTSTK,NESTLEIND,22-Feb-2018,7000,PE,0,0,0,51.85,6.85,0,0,0,0,19-DEC-2017,
OPTSTK,NESTLEIND,22-Feb-2018,7050,PE,0,0,0,59.85,8.8,0,0,0,0,19-DEC-2017,
OPTSTK,NESTLEIND,22-Feb-2018,7100,PE,0,0,0,68.75,11.25,0,0,0,0,19-DEC-2017,
OPTSTK,NESTLEIND,22-Feb-2018,7150,PE,0,0,0,78.55,14.2,0,0,0,0,19-DEC-2017,
OPTSTK,NESTLEIND,22-Feb-2018,7200,PE,0,0,0,89.4,17.75,0,0,0,0,19-DEC-2017,
OPTSTK,NESTLEIND,22-Feb-2018,7250,PE,0,0,0,101.3,22.05,0,0,0,0,19-DEC-2017,
OPTSTK,NESTLEIND,22-Feb-2018,7300,PE,0,0,0,114.55,27.1,0,0,0,0,19-DEC-2017,
OPTSTK,NESTLEIND,22-Feb-2018,7350,PE,0,0,0,128.35,33.05,0,0,0,0,19-DEC-2017,
OPTSTK,NESTLEIND,22-Feb-2018,7400,PE,0,0,0,143.7,40,0,0,0,0,19-DEC-2017,
OPTSTK,NESTLEIND,22-Feb-2018,7450,PE,0,0,0,160.3,48.05,0,0,0,0,19-DEC-2017,
OPTSTK,NESTLEIND,22-Feb-2018,7500,PE,0,0,0,178.1,57.3,0,0,0,0,19-DEC-2017,
OPTSTK,NESTLEIND,22-Feb-2018,7550,PE,0,0,0,197.2,67.8,0,0,0,0,19-DEC-2017,
OPTSTK,NESTLEIND,22-Feb-2018,7600,PE,0,0,0,217.55,79.95,0,0,0,0,19-DEC-2017,
OPTSTK,NESTLEIND,22-Feb-2018,7650,PE,0,0,0,239.2,92.9,0,0,0,0,19-DEC-2017,
OPTSTK,NESTLEIND,22-Feb-2018,7700,PE,0,0,0,262.2,107.8,0,0,0,0,19-DEC-2017,
OPTSTK,NESTLEIND,22-Feb-2018,7750,PE,0,0,0,286.4,124.25,0,0,0,0,19-DEC-2017,
OPTSTK,NESTLEIND,22-Feb-2018,7800,PE,0,0,0,311.95,142.35,0,0,0,0,19-DEC-2017,
OPTSTK,NESTLEIND,22-Feb-2018,7850,PE,0,0,0,338.8,162.15,0,0,0,0,19-DEC-2017,
OPTSTK,NESTLEIND,22-Feb-2018,7900,PE,0,0,0,366.9,183.65,0,0,0,0,19-DEC-2017,
OPTSTK,NESTLEIND,22-Feb-2018,7950,PE,0,0,0,396.2,206.9,0,0,0,0,19-DEC-2017,
OPTSTK,NESTLEIND,22-Feb-2018,8000,PE,0,0,0,426.75,231.8,0,0,0,0,19-DEC-2017,
OPTSTK,NESTLEIND,22-Feb-2018,8050,PE,0,0,0,458.5,258.5,0,0,0,0,19-DEC-2017,
OPTSTK,NESTLEIND,22-Feb-2018,8100,PE,0,0,0,491.35,286.85,0,0,0,0,19-DEC-2017,
OPTSTK,NESTLEIND,22-Feb-2018,8150,PE,0,0,0,525.35,316.85,0,0,0,0,19-DEC-2017,
OPTSTK,NESTLEIND,22-Feb-2018,8200,PE,0,0,0,560.4,348.5,0,0,0,0,19-DEC-2017,
OPTSTK,NESTLEIND,22-Feb-2018,8250,PE,0,0,0,596.5,381.65,0,0,0,0,19-DEC-2017,
OPTSTK,NESTLEIND,22-Feb-2018,8300,PE,0,0,0,633.95,416.3,0,0,0,0,19-DEC-2017,
OPTSTK,NESTLEIND,22-Feb-2018,8350,PE,0,0,0,671.7,452.4,0,0,0,0,19-DEC-2017,
OPTSTK,NESTLEIND,22-Feb-2018,8400,PE,0,0,0,710.6,489.9,0,0,0,0,19-DEC-2017,
OPTSTK,NESTLEIND,22-Feb-2018,8450,PE,0,0,0,750.35,528.55,0,0,0,0,19-DEC-2017,
OPTSTK,NHPC,28-Dec-2017,7.5,CE,0,0,0,19.45,20.85,0,0,0,0,19-DEC-2017,
OPTSTK,NHPC,28-Dec-2017,10,CE,0,0,0,17,18.35,0,0,0,0,19-DEC-2017,
OPTSTK,NHPC,28-Dec-2017,12.5,CE,0,0,0,14.5,15.85,0,0,0,0,19-DEC-2017,
OPTSTK,NHPC,28-Dec-2017,15,CE,0,0,0,12.05,13.35,0,0,0,0,19-DEC-2017,
OPTSTK,NHPC,28-Dec-2017,17.5,CE,0,0,0,9.6,10.85,0,0,0,0,19-DEC-2017,
OPTSTK,NHPC,28-Dec-2017,20,CE,0,0,0,7.15,8.35,0,0,0,0,19-DEC-2017,
OPTSTK,NHPC,28-Dec-2017,22.5,CE,0,0,0,4.7,5.85,0,0,0,0,19-DEC-2017,
OPTSTK,NHPC,28-Dec-2017,25,CE,0,0,0,3.35,3.35,0,0,27000,0,19-DEC-2017,
OPTSTK,NHPC,28-Dec-2017,27.5,CE,1,1.1,0.95,0.95,0.95,10,77.01,1809000,-54000,19-DEC-2017,
OPTSTK,NHPC,28-Dec-2017,30,CE,0.25,0.25,0.15,0.2,0.2,116,946.79,7641000,0,19-DEC-2017,
OPTSTK,NHPC,28-Dec-2017,32.5,CE,0.05,0.05,0.05,0.05,0.05,12,105.46,4644000,-243000,19-DEC-2017,
OPTSTK,NHPC,28-Dec-2017,35,CE,0,0,0,0.05,0,0,0,1512000,0,19-DEC-2017,
OPTSTK,NHPC,28-Dec-2017,37.5,CE,0,0,0,0.05,0,0,0,162000,0,19-DEC-2017,
OPTSTK,NHPC,28-Dec-2017,40,CE,0,0,0,0.05,0,0,0,108000,0,19-DEC-2017,
OPTSTK,NHPC,28-Dec-2017,42.5,CE,0,0,0,0.05,0,0,0,0,0,19-DEC-2017,
OPTSTK,NHPC,28-Dec-2017,45,CE,0,0,0,0.05,0,0,0,0,0,19-DEC-2017,
OPTSTK,NHPC,28-Dec-2017,47.5,CE,0,0,0,0.05,0,0,0,0,0,19-DEC-2017,
OPTSTK,NHPC,28-Dec-2017,7.5,PE,0,0,0,0.05,0,0,0,0,0,19-DEC-2017,
OPTSTK,NHPC,28-Dec-2017,10,PE,0,0,0,0.05,0,0,0,0,0,19-DEC-2017,
OPTSTK,NHPC,28-Dec-2017,12.5,PE,0,0,0,0.05,0,0,0,0,0,19-DEC-2017,
OPTSTK,NHPC,28-Dec-2017,15,PE,0,0,0,0.05,0,0,0,0,0,19-DEC-2017,
OPTSTK,NHPC,28-Dec-2017,17.5,PE,0,0,0,0.05,0,0,0,0,0,19-DEC-2017,
OPTSTK,NHPC,28-Dec-2017,20,PE,0,0,0,0.05,0,0,0,0,0,19-DEC-2017,
OPTSTK,NHPC,28-Dec-2017,22.5,PE,0,0,0,0.05,0,0,0,81000,0,19-DEC-2017,
OPTSTK,NHPC,28-Dec-2017,25,PE,0.05,0.05,0.05,0.05,0.05,1,6.76,1134000,27000,19-DEC-2017,
OPTSTK,NHPC,28-Dec-2017,27.5,PE,0.2,0.2,0.2,0.2,0.2,21,157.05,1863000,27000,19-DEC-2017,
OPTSTK,NHPC,28-Dec-2017,30,PE,0,0,0,1.8,1.7,0,0,1431000,0,19-DEC-2017,
OPTSTK,NHPC,28-Dec-2017,32.5,PE,0,0,0,0.5,4.15,0,0,189000,0,19-DEC-2017,
OPTSTK,NHPC,28-Dec-2017,35,PE,0,0,0,6.6,6.65,0,0,243000,0,19-DEC-2017,
OPTSTK,NHPC,28-Dec-2017,37.5,PE,0,0,0,10.15,9.15,0,0,0,0,19-DEC-2017,
OPTSTK,NHPC,28-Dec-2017,40,PE,0,0,0,12.6,11.65,0,0,0,0,19-DEC-2017,
OPTSTK,NHPC,28-Dec-2017,42.5,PE,0,0,0,15.05,14.15,0,0,0,0,19-DEC-2017,
OPTSTK,NHPC,28-Dec-2017,45,PE,0,0,0,17.5,16.65,0,0,0,0,19-DEC-2017,
OPTSTK,NHPC,28-Dec-2017,47.5,PE,0,0,0,20,19.15,0,0,0,0,19-DEC-2017,
OPTSTK,NHPC,25-Jan-2018,7.5,CE,0,0,0,20.65,20.85,0,0,0,0,19-DEC-2017,
OPTSTK,NHPC,25-Jan-2018,10,CE,0,0,0,18.2,18.4,0,0,0,0,19-DEC-2017,
OPTSTK,NHPC,25-Jan-2018,12.5,CE,0,0,0,15.7,15.9,0,0,0,0,19-DEC-2017,
OPTSTK,NHPC,25-Jan-2018,15,CE,0,0,0,13.25,13.4,0,0,0,0,19-DEC-2017,
OPTSTK,NHPC,25-Jan-2018,17.5,CE,0,0,0,10.8,10.95,0,0,0,0,19-DEC-2017,
OPTSTK,NHPC,25-Jan-2018,20,CE,0,0,0,8.35,8.45,0,0,0,0,19-DEC-2017,
OPTSTK,NHPC,25-Jan-2018,22.5,CE,0,0,0,5.9,5.95,0,0,0,0,19-DEC-2017,
OPTSTK,NHPC,25-Jan-2018,25,CE,0,0,0,3.7,3.5,0,0,0,0,19-DEC-2017,
OPTSTK,NHPC,25-Jan-2018,27.5,CE,0,0,0,1.95,1.4,0,0,0,0,19-DEC-2017,
OPTSTK,NHPC,25-Jan-2018,30,CE,0.8,0.8,0.6,0.65,0.65,7,57.98,135000,135000,19-DEC-2017,
OPTSTK,NHPC,25-Jan-2018,32.5,CE,0.25,0.25,0.25,0.25,0.25,9,79.58,594000,0,19-DEC-2017,
OPTSTK,NHPC,25-Jan-2018,35,CE,0,0,0,0.1,0,0,0,0,0,19-DEC-2017,
OPTSTK,NHPC,25-Jan-2018,37.5,CE,0,0,0,0.05,0,0,0,0,0,19-DEC-2017,
OPTSTK,NHPC,25-Jan-2018,40,CE,0,0,0,0.05,0,0,0,0,0,19-DEC-2017,
OPTSTK,NHPC,25-Jan-2018,42.5,CE,0,0,0,0.05,0,0,0,0,0,19-DEC-2017,
OPTSTK,NHPC,25-Jan-2018,45,CE,0,0,0,0.05,0,0,0,0,0,19-DEC-2017,
OPTSTK,NHPC,25-Jan-2018,47.5,CE,0,0,0,0.05,0,0,0,0,0,19-DEC-2017,
OPTSTK,NHPC,25-Jan-2018,7.5,PE,0,0,0,0.05,0,0,0,0,0,19-DEC-2017,
OPTSTK,NHPC,25-Jan-2018,10,PE,0,0,0,0.05,0,0,0,0,0,19-DEC-2017,
OPTSTK,NHPC,25-Jan-2018,12.5,PE,0,0,0,0.05,0,0,0,0,0,19-DEC-2017,
OPTSTK,NHPC,25-Jan-2018,15,PE,0,0,0,0.05,0,0,0,0,0,19-DEC-2017,
OPTSTK,NHPC,25-Jan-2018,17.5,PE,0,0,0,0.05,0,0,0,0,0,19-DEC-2017,
OPTSTK,NHPC,25-Jan-2018,20,PE,0,0,0,0.05,0,0,0,0,0,19-DEC-2017,
OPTSTK,NHPC,25-Jan-2018,22.5,PE,0,0,0,0.05,0,0,0,0,0,19-DEC-2017,
OPTSTK,NHPC,25-Jan-2018,25,PE,0.1,0.1,0.1,0.1,0.1,1,6.77,0,-27000,19-DEC-2017,
OPTSTK,NHPC,25-Jan-2018,27.5,PE,0.55,0.65,0.5,0.65,0.65,11,83.3,351000,189000,19-DEC-2017,
OPTSTK,NHPC,25-Jan-2018,30,PE,0,0,0,0.25,1.8,0,0,27000,0,19-DEC-2017,
OPTSTK,NHPC,25-Jan-2018,32.5,PE,0,0,0,4.3,4.05,0,0,0,0,19-DEC-2017,
OPTSTK,NHPC,25-Jan-2018,35,PE,0,0,0,6.55,6.5,0,0,0,0,19-DEC-2017,
OPTSTK,NHPC,25-Jan-2018,37.5,PE,0,0,0,8.95,9,0,0,0,0,19-DEC-2017,
OPTSTK,NHPC,25-Jan-2018,40,PE,0,0,0,11.4,11.45,0,0,0,0,19-DEC-2017,
OPTSTK,NHPC,25-Jan-2018,42.5,PE,0,0,0,13.85,13.95,0,0,0,0,19-DEC-2017,
OPTSTK,NHPC,25-Jan-2018,45,PE,0,0,0,16.3,16.45,0,0,0,0,19-DEC-2017,
OPTSTK,NHPC,25-Jan-2018,47.5,PE,0,0,0,18.8,18.9,0,0,0,0,19-DEC-2017,
OPTSTK,NHPC,22-Feb-2018,7.5,CE,0,0,0,21,20.9,0,0,0,0,19-DEC-2017,
OPTSTK,NHPC,22-Feb-2018,10,CE,0,0,0,18.5,18.45,0,0,0,0,19-DEC-2017,
OPTSTK,NHPC,22-Feb-2018,12.5,CE,0,0,0,16.05,15.95,0,0,0,0,19-DEC-2017,
OPTSTK,NHPC,22-Feb-2018,15,CE,0,0,0,13.6,13.5,0,0,0,0,19-DEC-2017,
OPTSTK,NHPC,22-Feb-2018,17.5,CE,0,0,0,11.15,11,0,0,0,0,19-DEC-2017,
OPTSTK,NHPC,22-Feb-2018,20,CE,0,0,0,8.65,8.55,0,0,0,0,19-DEC-2017,
OPTSTK,NHPC,22-Feb-2018,22.5,CE,0,0,0,6.25,6.1,0,0,0,0,19-DEC-2017,
OPTSTK,NHPC,22-Feb-2018,25,CE,0,0,0,3.95,3.7,0,0,0,0,19-DEC-2017,
OPTSTK,NHPC,22-Feb-2018,27.5,CE,0,0,0,2.1,1.75,0,0,0,0,19-DEC-2017,
OPTSTK,NHPC,22-Feb-2018,30,CE,0,0,0,0.95,0.6,0,0,0,0,19-DEC-2017,
OPTSTK,NHPC,22-Feb-2018,32.5,CE,0,0,0,0.35,0.15,0,0,0,0,19-DEC-2017,
OPTSTK,NHPC,22-Feb-2018,35,CE,0,0,0,0.1,0.05,0,0,0,0,19-DEC-2017,
OPTSTK,NHPC,22-Feb-2018,37.5,CE,0,0,0,0.05,0,0,0,0,0,19-DEC-2017,
OPTSTK,NHPC,22-Feb-2018,40,CE,0,0,0,0.05,0,0,0,0,0,19-DEC-2017,
OPTSTK,NHPC,22-Feb-2018,42.5,CE,0,0,0,0.05,0,0,0,0,0,19-DEC-2017,
OPTSTK,NHPC,22-Feb-2018,45,CE,0,0,0,0.05,0,0,0,0,0,19-DEC-2017,
OPTSTK,NHPC,22-Feb-2018,47.5,CE,0,0,0,0.05,0,0,0,0,0,19-DEC-2017,
OPTSTK,NHPC,22-Feb-2018,7.5,PE,0,0,0,0.05,0,0,0,0,0,19-DEC-2017,
OPTSTK,NHPC,22-Feb-2018,10,PE,0,0,0,0.05,0,0,0,0,0,19-DEC-2017,
OPTSTK,NHPC,22-Feb-2018,12.5,PE,0,0,0,0.05,0,0,0,0,0,19-DEC-2017,
OPTSTK,NHPC,22-Feb-2018,15,PE,0,0,0,0.05,0,0,0,0,0,19-DEC-2017,
OPTSTK,NHPC,22-Feb-2018,17.5,PE,0,0,0,0.05,0,0,0,0,0,19-DEC-2017,
OPTSTK,NHPC,22-Feb-2018,20,PE,0,0,0,0.05,0,0,0,0,0,19-DEC-2017,
OPTSTK,NHPC,22-Feb-2018,22.5,PE,0,0,0,0.05,0,0,0,0,0,19-DEC-2017,
OPTSTK,NHPC,22-Feb-2018,25,PE,0,0,0,0.25,0.1,0,0,0,0,19-DEC-2017,
OPTSTK,NHPC,22-Feb-2018,27.5,PE,0,0,0,0.85,0.6,0,0,0,0,19-DEC-2017,
OPTSTK,NHPC,22-Feb-2018,30,PE,0,0,0,2.15,1.95,0,0,0,0,19-DEC-2017,
OPTSTK,NHPC,22-Feb-2018,32.5,PE,0,0,0,4,4,0,0,0,0,19-DEC-2017,
OPTSTK,NHPC,22-Feb-2018,35,PE,0,0,0,6.25,6.35,0,0,0,0,19-DEC-2017,
OPTSTK,NHPC,22-Feb-2018,37.5,PE,0,0,0,8.65,8.8,0,0,0,0,19-DEC-2017,
OPTSTK,NHPC,22-Feb-2018,40,PE,0,0,0,11.1,11.25,0,0,0,0,19-DEC-2017,
OPTSTK,NHPC,22-Feb-2018,42.5,PE,0,0,0,13.55,13.75,0,0,0,0,19-DEC-2017,
OPTSTK,NHPC,22-Feb-2018,45,PE,0,0,0,16,16.2,0,0,0,0,19-DEC-2017,
OPTSTK,NHPC,22-Feb-2018,47.5,PE,0,0,0,18.5,18.7,0,0,0,0,19-DEC-2017,
OPTSTK,NIITTECH,28-Dec-2017,350,CE,0,0,0,203.7,272.85,0,0,0,0,19-DEC-2017,
OPTSTK,NIITTECH,28-Dec-2017,360,CE,0,0,0,194.05,262.9,0,0,0,0,19-DEC-2017,
OPTSTK,NIITTECH,28-Dec-2017,370,CE,0,0,0,184.5,252.9,0,0,0,0,19-DEC-2017,
OPTSTK,NIITTECH,28-Dec-2017,380,CE,0,0,0,175,242.9,0,0,0,0,19-DEC-2017,
OPTSTK,NIITTECH,28-Dec-2017,390,CE,0,0,0,165.65,232.95,0,0,0,0,19-DEC-2017,
OPTSTK,NIITTECH,28-Dec-2017,400,CE,0,0,0,156.4,222.95,0,0,0,0,19-DEC-2017,
OPTSTK,NIITTECH,28-Dec-2017,410,CE,0,0,0,147.3,212.95,0,0,0,0,19-DEC-2017,
OPTSTK,NIITTECH,28-Dec-2017,420,CE,0,0,0,138.4,202.95,0,0,0,0,19-DEC-2017,
OPTSTK,NIITTECH,28-Dec-2017,430,CE,0,0,0,129.7,193,0,0,0,0,19-DEC-2017,
OPTSTK,NIITTECH,28-Dec-2017,440,CE,0,0,0,121.25,183,0,0,0,0,19-DEC-2017,
OPTSTK,NIITTECH,28-Dec-2017,450,CE,0,0,0,113.05,173,0,0,0,0,19-DEC-2017,
OPTSTK,NIITTECH,28-Dec-2017,460,CE,0,0,0,105.1,163.05,0,0,0,0,19-DEC-2017,
OPTSTK,NIITTECH,28-Dec-2017,470,CE,0,0,0,97.45,153.05,0,0,0,0,19-DEC-2017,
OPTSTK,NIITTECH,28-Dec-2017,480,CE,0,0,0,90.15,143.05,0,0,0,0,19-DEC-2017,
OPTSTK,NIITTECH,28-Dec-2017,490,CE,0,0,0,83.1,133.1,0,0,0,0,19-DEC-2017,
OPTSTK,NIITTECH,28-Dec-2017,500,CE,0,0,0,76.45,123.1,0,0,0,0,19-DEC-2017,
OPTSTK,NIITTECH,28-Dec-2017,510,CE,0,0,0,70.1,113.1,0,0,0,0,19-DEC-2017,
OPTSTK,NIITTECH,28-Dec-2017,520,CE,0,0,0,64.15,103.15,0,0,0,0,19-DEC-2017,
OPTSTK,NIITTECH,28-Dec-2017,530,CE,0,0,0,58.55,93.15,0,0,0,0,19-DEC-2017,
OPTSTK,NIITTECH,28-Dec-2017,540,CE,0,0,0,53.25,83.2,0,0,0,0,19-DEC-2017,
OPTSTK,NIITTECH,28-Dec-2017,550,CE,0,0,0,48.35,73.25,0,0,0,0,19-DEC-2017,
OPTSTK,NIITTECH,28-Dec-2017,560,CE,0,0,0,43.8,63.4,0,0,0,0,19-DEC-2017,
OPTSTK,NIITTECH,28-Dec-2017,570,CE,0,0,0,39.55,53.75,0,0,0,0,19-DEC-2017,
OPTSTK,NIITTECH,28-Dec-2017,580,CE,0,0,0,35.65,44.45,0,0,0,0,19-DEC-2017,
OPTSTK,NIITTECH,28-Dec-2017,590,CE,0,0,0,32.05,35.65,0,0,0,0,19-DEC-2017,
OPTSTK,NIITTECH,28-Dec-2017,600,CE,0,0,0,24.6,27.6,0,0,3000,0,19-DEC-2017,
OPTSTK,NIITTECH,28-Dec-2017,610,CE,0,0,0,35,20.55,0,0,3000,0,19-DEC-2017,
OPTSTK,NIITTECH,28-Dec-2017,620,CE,0,0,0,14.5,14.7,0,0,16500,0,19-DEC-2017,
OPTSTK,NIITTECH,28-Dec-2017,630,CE,0,0,0,8.5,10,0,0,6000,0,19-DEC-2017,
OPTSTK,NIITTECH,28-Dec-2017,640,CE,7.5,7.5,7.5,7.5,7.5,1,9.71,9000,-1500,19-DEC-2017,
OPTSTK,NIITTECH,28-Dec-2017,650,CE,4.35,4.35,4.35,4.35,4.35,1,9.81,7500,0,19-DEC-2017,
OPTSTK,NIITTECH,28-Dec-2017,660,CE,0,0,0,5.5,2.35,0,0,3000,0,19-DEC-2017,
OPTSTK,NIITTECH,28-Dec-2017,670,CE,0,0,0,4.85,1.3,0,0,4500,0,19-DEC-2017,
OPTSTK,NIITTECH,28-Dec-2017,680,CE,0,0,0,7.05,0.7,0,0,1500,0,19-DEC-2017,
OPTSTK,NIITTECH,28-Dec-2017,690,CE,0,0,0,9.9,0.35,0,0,0,0,19-DEC-2017,
OPTSTK,NIITTECH,28-Dec-2017,700,CE,0.5,0.5,0.5,0.5,0.5,1,10.5,3000,0,19-DEC-2017,
OPTSTK,NIITTECH,28-Dec-2017,710,CE,0,0,0,4.35,0.1,0,0,3000,0,19-DEC-2017,
OPTSTK,NIITTECH,28-Dec-2017,720,CE,0,0,0,6.7,0.05,0,0,0,0,19-DEC-2017,
OPTSTK,NIITTECH,28-Dec-2017,730,CE,0,0,0,5.9,0.05,0,0,0,0,19-DEC-2017,
OPTSTK,NIITTECH,28-Dec-2017,740,CE,0,0,0,5.15,0,0,0,0,0,19-DEC-2017,
OPTSTK,NIITTECH,28-Dec-2017,750,CE,0,0,0,4.5,0,0,0,0,0,19-DEC-2017,
OPTSTK,NIITTECH,28-Dec-2017,760,CE,0,0,0,3.55,0,0,0,0,0,19-DEC-2017,
OPTSTK,NIITTECH,28-Dec-2017,770,CE,0,0,0,2.65,0,0,0,0,0,19-DEC-2017,
OPTSTK,NIITTECH,28-Dec-2017,780,CE,0,0,0,9.7,0,0,0,0,0,19-DEC-2017,
OPTSTK,NIITTECH,28-Dec-2017,350,PE,0,0,0,0.4,0,0,0,0,0,19-DEC-2017,
OPTSTK,NIITTECH,28-Dec-2017,360,PE,0,0,0,0.6,0,0,0,0,0,19-DEC-2017,
OPTSTK,NIITTECH,28-Dec-2017,370,PE,0,0,0,0.9,0,0,0,0,0,19-DEC-2017,
OPTSTK,NIITTECH,28-Dec-2017,380,PE,0,0,0,1.25,0,0,0,0,0,19-DEC-2017,
OPTSTK,NIITTECH,28-Dec-2017,390,PE,0,0,0,1.7,0,0,0,0,0,19-DEC-2017,
OPTSTK,NIITTECH,28-Dec-2017,400,PE,0,0,0,2.3,0,0,0,0,0,19-DEC-2017,
OPTSTK,NIITTECH,28-Dec-2017,410,PE,0,0,0,3.1,0,0,0,0,0,19-DEC-2017,
OPTSTK,NIITTECH,28-Dec-2017,420,PE,0,0,0,4.05,0,0,0,0,0,19-DEC-2017,
OPTSTK,NIITTECH,28-Dec-2017,430,PE,0,0,0,5.15,0,0,0,0,0,19-DEC-2017,
OPTSTK,NIITTECH,28-Dec-2017,440,PE,0,0,0,6.55,0,0,0,0,0,19-DEC-2017,
OPTSTK,NIITTECH,28-Dec-2017,450,PE,0,0,0,8.2,0,0,0,0,0,19-DEC-2017,
OPTSTK,NIITTECH,28-Dec-2017,460,PE,0,0,0,10.1,0,0,0,0,0,19-DEC-2017,
OPTSTK,NIITTECH,28-Dec-2017,470,PE,0,0,0,12.3,0,0,0,0,0,19-DEC-2017,
OPTSTK,NIITTECH,28-Dec-2017,480,PE,0,0,0,14.8,0,0,0,0,0,19-DEC-2017,
OPTSTK,NIITTECH,28-Dec-2017,490,PE,0,0,0,17.65,0,0,0,0,0,19-DEC-2017,
OPTSTK,NIITTECH,28-Dec-2017,500,PE,0.1,0.1,0.1,0.1,0.1,1,7.5,1500,1500,19-DEC-2017,
OPTSTK,NIITTECH,28-Dec-2017,510,PE,0,0,0,24.3,0,0,0,0,0,19-DEC-2017,
OPTSTK,NIITTECH,28-Dec-2017,520,PE,0,0,0,28.2,0,0,0,0,0,19-DEC-2017,
OPTSTK,NIITTECH,28-Dec-2017,530,PE,0,0,0,32.45,0.05,0,0,0,0,19-DEC-2017,
OPTSTK,NIITTECH,28-Dec-2017,540,PE,0,0,0,37,0.05,0,0,0,0,19-DEC-2017,
OPTSTK,NIITTECH,28-Dec-2017,550,PE,0,0,0,41.95,0.1,0,0,0,0,19-DEC-2017,
OPTSTK,NIITTECH,28-Dec-2017,560,PE,0,0,0,47.25,0.25,0,0,0,0,19-DEC-2017,
OPTSTK,NIITTECH,28-Dec-2017,570,PE,0,0,0,52.85,0.6,0,0,0,0,19-DEC-2017,
OPTSTK,NIITTECH,28-Dec-2017,580,PE,0,0,0,9.4,1.25,0,0,1500,0,19-DEC-2017,
OPTSTK,NIITTECH,28-Dec-2017,590,PE,0,0,0,5.3,2.45,0,0,9000,0,19-DEC-2017,
OPTSTK,NIITTECH,28-Dec-2017,600,PE,0,0,0,6.5,4.4,0,0,6000,0,19-DEC-2017,
OPTSTK,NIITTECH,28-Dec-2017,610,PE,0,0,0,5.85,7.35,0,0,1500,0,19-DEC-2017,
OPTSTK,NIITTECH,28-Dec-2017,620,PE,0,0,0,13,11.4,0,0,3000,0,19-DEC-2017,
OPTSTK,NIITTECH,28-Dec-2017,630,PE,0,0,0,8,16.7,0,0,1500,0,19-DEC-2017,
OPTSTK,NIITTECH,28-Dec-2017,640,PE,0,0,0,32.55,23.2,0,0,1500,0,19-DEC-2017,
OPTSTK,NIITTECH,28-Dec-2017,650,PE,0,0,0,108.25,30.7,0,0,0,0,19-DEC-2017,
OPTSTK,NIITTECH,28-Dec-2017,660,PE,0,0,0,116.25,39.05,0,0,0,0,19-DEC-2017,
OPTSTK,NIITTECH,28-Dec-2017,670,PE,0,0,0,55.6,47.95,0,0,4500,0,19-DEC-2017,
OPTSTK,NIITTECH,28-Dec-2017,680,PE,0,0,0,132.8,57.35,0,0,0,0,19-DEC-2017,
OPTSTK,NIITTECH,28-Dec-2017,690,PE,0,0,0,141.3,67,0,0,0,0,19-DEC-2017,
OPTSTK,NIITTECH,28-Dec-2017,700,PE,0,0,0,149.95,76.8,0,0,0,0,19-DEC-2017,
OPTSTK,NIITTECH,28-Dec-2017,710,PE,0,0,0,158.75,86.7,0,0,0,0,19-DEC-2017,
OPTSTK,NIITTECH,28-Dec-2017,720,PE,0,0,0,167.65,96.65,0,0,0,0,19-DEC-2017,
OPTSTK,NIITTECH,28-Dec-2017,730,PE,0,0,0,176.65,106.6,0,0,0,0,19-DEC-2017,
OPTSTK,NIITTECH,28-Dec-2017,740,PE,0,0,0,185.8,116.55,0,0,0,0,19-DEC-2017,
OPTSTK,NIITTECH,28-Dec-2017,750,PE,0,0,0,194.95,126.55,0,0,0,0,19-DEC-2017,
OPTSTK,NIITTECH,28-Dec-2017,760,PE,0,0,0,190.45,136.55,0,0,0,0,19-DEC-2017,
OPTSTK,NIITTECH,28-Dec-2017,770,PE,0,0,0,196.35,146.5,0,0,0,0,19-DEC-2017,
OPTSTK,NIITTECH,28-Dec-2017,780,PE,0,0,0,174.65,156.5,0,0,0,0,19-DEC-2017,
OPTSTK,NIITTECH,25-Jan-2018,410,CE,0,0,0,206.15,215,0,0,0,0,19-DEC-2017,
OPTSTK,NIITTECH,25-Jan-2018,420,CE,0,0,0,196.55,205.05,0,0,0,0,19-DEC-2017,
OPTSTK,NIITTECH,25-Jan-2018,430,CE,0,0,0,187,195.1,0,0,0,0,19-DEC-2017,
OPTSTK,NIITTECH,25-Jan-2018,440,CE,0,0,0,177.6,185.2,0,0,0,0,19-DEC-2017,
OPTSTK,NIITTECH,25-Jan-2018,450,CE,0,0,0,168.3,175.25,0,0,0,0,19-DEC-2017,
OPTSTK,NIITTECH,25-Jan-2018,460,CE,0,0,0,159.15,165.35,0,0,0,0,19-DEC-2017,
OPTSTK,NIITTECH,25-Jan-2018,470,CE,0,0,0,150.1,155.45,0,0,0,0,19-DEC-2017,
OPTSTK,NIITTECH,25-Jan-2018,480,CE,0,0,0,141.3,145.55,0,0,0,0,19-DEC-2017,
OPTSTK,NIITTECH,25-Jan-2018,490,CE,0,0,0,132.65,135.7,0,0,0,0,19-DEC-2017,
OPTSTK,NIITTECH,25-Jan-2018,500,CE,0,0,0,124.25,125.95,0,0,0,0,19-DEC-2017,
OPTSTK,NIITTECH,25-Jan-2018,510,CE,0,0,0,116.1,116.25,0,0,0,0,19-DEC-2017,
OPTSTK,NIITTECH,25-Jan-2018,520,CE,0,0,0,108.2,106.65,0,0,0,0,19-DEC-2017,
OPTSTK,NIITTECH,25-Jan-2018,530,CE,0,0,0,100.6,97.3,0,0,0,0,19-DEC-2017,
OPTSTK,NIITTECH,25-Jan-2018,540,CE,0,0,0,93.3,88.1,0,0,0,0,19-DEC-2017,
OPTSTK,NIITTECH,25-Jan-2018,550,CE,0,0,0,86.25,79.2,0,0,0,0,19-DEC-2017,
OPTSTK,NIITTECH,25-Jan-2018,560,CE,0,0,0,79.55,70.65,0,0,0,0,19-DEC-2017,
OPTSTK,NIITTECH,25-Jan-2018,570,CE,0,0,0,73.2,62.5,0,0,0,0,19-DEC-2017,
OPTSTK,NIITTECH,25-Jan-2018,580,CE,0,0,0,67.2,54.8,0,0,0,0,19-DEC-2017,
OPTSTK,NIITTECH,25-Jan-2018,590,CE,0,0,0,61.5,47.6,0,0,0,0,19-DEC-2017,
OPTSTK,NIITTECH,25-Jan-2018,600,CE,0,0,0,56.2,41,0,0,0,0,19-DEC-2017,
OPTSTK,NIITTECH,25-Jan-2018,610,CE,0,0,0,51.2,34.95,0,0,0,0,19-DEC-2017,
OPTSTK,NIITTECH,25-Jan-2018,620,CE,0,0,0,46.5,29.5,0,0,0,0,19-DEC-2017,
OPTSTK,NIITTECH,25-Jan-2018,630,CE,0,0,0,42.2,24.7,0,0,0,0,19-DEC-2017,
OPTSTK,NIITTECH,25-Jan-2018,640,CE,0,0,0,38.15,20.4,0,0,0,0,19-DEC-2017,
OPTSTK,NIITTECH,25-Jan-2018,650,CE,0,0,0,34.45,16.75,0,0,0,0,19-DEC-2017,
OPTSTK,NIITTECH,25-Jan-2018,660,CE,0,0,0,31,13.6,0,0,0,0,19-DEC-2017,
OPTSTK,NIITTECH,25-Jan-2018,670,CE,0,0,0,27.85,10.95,0,0,0,0,19-DEC-2017,
OPTSTK,NIITTECH,25-Jan-2018,680,CE,0,0,0,24.95,8.7,0,0,0,0,19-DEC-2017,
OPTSTK,NIITTECH,25-Jan-2018,690,CE,0,0,0,22.35,6.85,0,0,0,0,19-DEC-2017,
OPTSTK,NIITTECH,25-Jan-2018,700,CE,0,0,0,20,5.35,0,0,0,0,19-DEC-2017,
OPTSTK,NIITTECH,25-Jan-2018,710,CE,0,0,0,17.8,4.15,0,0,0,0,19-DEC-2017,
OPTSTK,NIITTECH,25-Jan-2018,720,CE,0,0,0,15.85,3.15,0,0,0,0,19-DEC-2017,
OPTSTK,NIITTECH,25-Jan-2018,730,CE,0,0,0,14.05,2.4,0,0,0,0,19-DEC-2017,
OPTSTK,NIITTECH,25-Jan-2018,740,CE,0,0,0,12.45,1.8,0,0,0,0,19-DEC-2017,
OPTSTK,NIITTECH,25-Jan-2018,750,CE,0,0,0,11,1.35,0,0,0,0,19-DEC-2017,
OPTSTK,NIITTECH,25-Jan-2018,760,CE,0,0,0,9.75,1,0,0,0,0,19-DEC-2017,
OPTSTK,NIITTECH,25-Jan-2018,770,CE,0,0,0,8.6,0.75,0,0,0,0,19-DEC-2017,
OPTSTK,NIITTECH,25-Jan-2018,780,CE,0,0,0,7.55,0.55,0,0,0,0,19-DEC-2017,
OPTSTK,NIITTECH,25-Jan-2018,410,PE,0,0,0,0.6,0,0,0,0,0,19-DEC-2017,
OPTSTK,NIITTECH,25-Jan-2018,420,PE,0,0,0,0.85,0,0,0,0,0,19-DEC-2017,
OPTSTK,NIITTECH,25-Jan-2018,430,PE,0,0,0,1.2,0,0,0,0,0,19-DEC-2017,
OPTSTK,NIITTECH,25-Jan-2018,440,PE,0,0,0,1.6,0.05,0,0,0,0,19-DEC-2017,
OPTSTK,NIITTECH,25-Jan-2018,450,PE,0,0,0,2.15,0.05,0,0,0,0,19-DEC-2017,
OPTSTK,NIITTECH,25-Jan-2018,460,PE,0,0,0,2.8,0.05,0,0,0,0,19-DEC-2017,
OPTSTK,NIITTECH,25-Jan-2018,470,PE,0,0,0,3.65,0.1,0,0,0,0,19-DEC-2017,
OPTSTK,NIITTECH,25-Jan-2018,480,PE,0,0,0,4.65,0.15,0,0,0,0,19-DEC-2017,
OPTSTK,NIITTECH,25-Jan-2018,490,PE,0,0,0,5.85,0.25,0,0,0,0,19-DEC-2017,
OPTSTK,NIITTECH,25-Jan-2018,500,PE,0,0,0,7.3,0.4,0,0,0,0,19-DEC-2017,
OPTSTK,NIITTECH,25-Jan-2018,510,PE,0,0,0,9,0.6,0,0,0,0,19-DEC-2017,
OPTSTK,NIITTECH,25-Jan-2018,520,PE,0,0,0,10.95,1,0,0,0,0,19-DEC-2017,
OPTSTK,NIITTECH,25-Jan-2018,530,PE,0,0,0,13.15,1.55,0,0,0,0,19-DEC-2017,
OPTSTK,NIITTECH,25-Jan-2018,540,PE,0,0,0,15.7,2.3,0,0,0,0,19-DEC-2017,
OPTSTK,NIITTECH,25-Jan-2018,550,PE,0,0,0,18.55,3.35,0,0,0,0,19-DEC-2017,
OPTSTK,NIITTECH,25-Jan-2018,560,PE,0,0,0,21.65,4.7,0,0,0,0,19-DEC-2017,
OPTSTK,NIITTECH,25-Jan-2018,570,PE,0,0,0,25.15,6.5,0,0,0,0,19-DEC-2017,
OPTSTK,NIITTECH,25-Jan-2018,580,PE,0,0,0,29,8.75,0,0,0,0,19-DEC-2017,
OPTSTK,NIITTECH,25-Jan-2018,590,PE,0,0,0,33.15,11.5,0,0,0,0,19-DEC-2017,
OPTSTK,NIITTECH,25-Jan-2018,600,PE,0,0,0,37.65,14.8,0,0,0,0,19-DEC-2017,
OPTSTK,NIITTECH,25-Jan-2018,610,PE,0,0,0,42.5,18.7,0,0,0,0,19-DEC-2017,
OPTSTK,NIITTECH,25-Jan-2018,620,PE,0,0,0,47.7,23.2,0,0,0,0,19-DEC-2017,
OPTSTK,NIITTECH,25-Jan-2018,630,PE,0,0,0,53.2,28.3,0,0,0,0,19-DEC-2017,
OPTSTK,NIITTECH,25-Jan-2018,640,PE,0,0,0,59,33.95,0,0,0,0,19-DEC-2017,
OPTSTK,NIITTECH,25-Jan-2018,650,PE,0,0,0,65.15,40.2,0,0,0,0,19-DEC-2017,
OPTSTK,NIITTECH,25-Jan-2018,660,PE,0,0,0,71.55,47,0,0,0,0,19-DEC-2017,
OPTSTK,NIITTECH,25-Jan-2018,670,PE,0,0,0,78.25,54.3,0,0,0,0,19-DEC-2017,
OPTSTK,NIITTECH,25-Jan-2018,680,PE,0,0,0,85.2,61.95,0,0,0,0,19-DEC-2017,
OPTSTK,NIITTECH,25-Jan-2018,690,PE,0,0,0,92.4,70.05,0,0,0,0,19-DEC-2017,
OPTSTK,NIITTECH,25-Jan-2018,700,PE,0,0,0,99.9,78.5,0,0,0,0,19-DEC-2017,
OPTSTK,NIITTECH,25-Jan-2018,710,PE,0,0,0,107.6,87.2,0,0,0,0,19-DEC-2017,
OPTSTK,NIITTECH,25-Jan-2018,720,PE,0,0,0,115.45,96.2,0,0,0,0,19-DEC-2017,
OPTSTK,NIITTECH,25-Jan-2018,730,PE,0,0,0,123.5,105.35,0,0,0,0,19-DEC-2017,
OPTSTK,NIITTECH,25-Jan-2018,740,PE,0,0,0,131.75,114.7,0,0,0,0,19-DEC-2017,
OPTSTK,NIITTECH,25-Jan-2018,750,PE,0,0,0,140.15,124.2,0,0,0,0,19-DEC-2017,
OPTSTK,NIITTECH,25-Jan-2018,760,PE,0,0,0,148.7,133.75,0,0,0,0,19-DEC-2017,
OPTSTK,NIITTECH,25-Jan-2018,770,PE,0,0,0,157.4,143.45,0,0,0,0,19-DEC-2017,
OPTSTK,NIITTECH,25-Jan-2018,780,PE,0,0,0,166.2,153.15,0,0,0,0,19-DEC-2017,
OPTSTK,NIITTECH,22-Feb-2018,440,CE,0,0,0,206.2,187.45,0,0,0,0,19-DEC-2017,
OPTSTK,NIITTECH,22-Feb-2018,450,CE,0,0,0,196.65,177.65,0,0,0,0,19-DEC-2017,
OPTSTK,NIITTECH,22-Feb-2018,460,CE,0,0,0,187.2,167.9,0,0,0,0,19-DEC-2017,
OPTSTK,NIITTECH,22-Feb-2018,470,CE,0,0,0,177.85,158.2,0,0,0,0,19-DEC-2017,
OPTSTK,NIITTECH,22-Feb-2018,480,CE,0,0,0,168.6,148.6,0,0,0,0,19-DEC-2017,
OPTSTK,NIITTECH,22-Feb-2018,490,CE,0,0,0,159.5,139.05,0,0,0,0,19-DEC-2017,
OPTSTK,NIITTECH,22-Feb-2018,500,CE,0,0,0,150.55,129.7,0,0,0,0,19-DEC-2017,
OPTSTK,NIITTECH,22-Feb-2018,510,CE,0,0,0,141.8,120.45,0,0,0,0,19-DEC-2017,
OPTSTK,NIITTECH,22-Feb-2018,520,CE,0,0,0,133.3,111.45,0,0,0,0,19-DEC-2017,
OPTSTK,NIITTECH,22-Feb-2018,530,CE,0,0,0,124.95,102.65,0,0,0,0,19-DEC-2017,
OPTSTK,NIITTECH,22-Feb-2018,540,CE,0,0,0,116.9,94.15,0,0,0,0,19-DEC-2017,
OPTSTK,NIITTECH,22-Feb-2018,550,CE,0,0,0,109.1,85.95,0,0,0,0,19-DEC-2017,
OPTSTK,NIITTECH,22-Feb-2018,560,CE,0,0,0,101.55,78.1,0,0,0,0,19-DEC-2017,
OPTSTK,NIITTECH,22-Feb-2018,570,CE,0,0,0,94.35,70.65,0,0,0,0,19-DEC-2017,
OPTSTK,NIITTECH,22-Feb-2018,580,CE,0,0,0,87.4,63.5,0,0,0,0,19-DEC-2017,
OPTSTK,NIITTECH,22-Feb-2018,590,CE,0,0,0,80.75,56.85,0,0,0,0,19-DEC-2017,
OPTSTK,NIITTECH,22-Feb-2018,600,CE,0,0,0,74.45,50.65,0,0,0,0,19-DEC-2017,
OPTSTK,NIITTECH,22-Feb-2018,610,CE,0,0,0,68.5,44.85,0,0,0,0,19-DEC-2017,
OPTSTK,NIITTECH,22-Feb-2018,620,CE,0,0,0,62.85,39.55,0,0,0,0,19-DEC-2017,
OPTSTK,NIITTECH,22-Feb-2018,630,CE,0,0,0,57.55,34.7,0,0,0,0,19-DEC-2017,
OPTSTK,NIITTECH,22-Feb-2018,640,CE,0,0,0,52.55,30.25,0,0,0,0,19-DEC-2017,
OPTSTK,NIITTECH,22-Feb-2018,650,CE,0,0,0,47.9,26.25,0,0,0,0,19-DEC-2017,
OPTSTK,NIITTECH,22-Feb-2018,660,CE,0,0,0,43.55,22.7,0,0,0,0,19-DEC-2017,
OPTSTK,NIITTECH,22-Feb-2018,670,CE,0,0,0,39.5,19.5,0,0,0,0,19-DEC-2017,
OPTSTK,NIITTECH,22-Feb-2018,680,CE,0,0,0,35.75,16.65,0,0,0,0,19-DEC-2017,
OPTSTK,NIITTECH,22-Feb-2018,690,CE,0,0,0,32.3,14.2,0,0,0,0,19-DEC-2017,
OPTSTK,NIITTECH,22-Feb-2018,700,CE,0,0,0,29.1,12.05,0,0,0,0,19-DEC-2017,
OPTSTK,NIITTECH,22-Feb-2018,710,CE,0,0,0,26.2,10.15,0,0,0,0,19-DEC-2017,
OPTSTK,NIITTECH,22-Feb-2018,720,CE,0,0,0,23.5,8.5,0,0,0,0,19-DEC-2017,
OPTSTK,NIITTECH,22-Feb-2018,730,CE,0,0,0,21.1,7.1,0,0,0,0,19-DEC-2017,
OPTSTK,NIITTECH,22-Feb-2018,740,CE,0,0,0,18.85,5.95,0,0,0,0,19-DEC-2017,
OPTSTK,NIITTECH,22-Feb-2018,750,CE,0,0,0,16.85,4.9,0,0,0,0,19-DEC-2017,
OPTSTK,NIITTECH,22-Feb-2018,760,CE,0,0,0,15,4.05,0,0,0,0,19-DEC-2017,
OPTSTK,NIITTECH,22-Feb-2018,770,CE,0,0,0,13.35,3.35,0,0,0,0,19-DEC-2017,
OPTSTK,NIITTECH,22-Feb-2018,780,CE,0,0,0,11.85,2.75,0,0,0,0,19-DEC-2017,
OPTSTK,NIITTECH,22-Feb-2018,440,PE,0,0,0,0.8,0.15,0,0,0,0,19-DEC-2017,
OPTSTK,NIITTECH,22-Feb-2018,450,PE,0,0,0,1.1,0.25,0,0,0,0,19-DEC-2017,
OPTSTK,NIITTECH,22-Feb-2018,460,PE,0,0,0,1.5,0.35,0,0,0,0,19-DEC-2017,
OPTSTK,NIITTECH,22-Feb-2018,470,PE,0,0,0,2,0.55,0,0,0,0,19-DEC-2017,
OPTSTK,NIITTECH,22-Feb-2018,480,PE,0,0,0,2.6,0.8,0,0,0,0,19-DEC-2017,
OPTSTK,NIITTECH,22-Feb-2018,490,PE,0,0,0,3.35,1.2,0,0,0,0,19-DEC-2017,
OPTSTK,NIITTECH,22-Feb-2018,500,PE,0,0,0,4.3,1.7,0,0,0,0,19-DEC-2017,
OPTSTK,NIITTECH,22-Feb-2018,510,PE,0,0,0,5.4,2.35,0,0,0,0,19-DEC-2017,
OPTSTK,NIITTECH,22-Feb-2018,520,PE,0,0,0,6.7,3.25,0,0,0,0,19-DEC-2017,
OPTSTK,NIITTECH,22-Feb-2018,530,PE,0,0,0,8.25,4.35,0,0,0,0,19-DEC-2017,
OPTSTK,NIITTECH,22-Feb-2018,540,PE,0,0,0,10.05,5.7,0,0,0,0,19-DEC-2017,
OPTSTK,NIITTECH,22-Feb-2018,550,PE,0,0,0,12.05,7.4,0,0,0,0,19-DEC-2017,
OPTSTK,NIITTECH,22-Feb-2018,560,PE,0,0,0,14.4,9.4,0,0,0,0,19-DEC-2017,
OPTSTK,NIITTECH,22-Feb-2018,570,PE,0,0,0,17,11.85,0,0,0,0,19-DEC-2017,
OPTSTK,NIITTECH,22-Feb-2018,580,PE,0,0,0,19.95,14.6,0,0,0,0,19-DEC-2017,
OPTSTK,NIITTECH,22-Feb-2018,590,PE,0,0,0,23.15,17.85,0,0,0,0,19-DEC-2017,
OPTSTK,NIITTECH,22-Feb-2018,600,PE,0,0,0,26.7,21.5,0,0,0,0,19-DEC-2017,
OPTSTK,NIITTECH,22-Feb-2018,610,PE,0,0,0,30.6,25.6,0,0,0,0,19-DEC-2017,
OPTSTK,NIITTECH,22-Feb-2018,620,PE,0,0,0,34.8,30.15,0,0,0,0,19-DEC-2017,
OPTSTK,NIITTECH,22-Feb-2018,630,PE,0,0,0,39.35,35.2,0,0,0,0,19-DEC-2017,
OPTSTK,NIITTECH,22-Feb-2018,640,PE,0,0,0,44.2,40.65,0,0,0,0,19-DEC-2017,
OPTSTK,NIITTECH,22-Feb-2018,650,PE,0,0,0,49.4,46.55,0,0,0,0,19-DEC-2017,
OPTSTK,NIITTECH,22-Feb-2018,660,PE,0,0,0,54.9,52.85,0,0,0,0,19-DEC-2017,
OPTSTK,NIITTECH,22-Feb-2018,670,PE,0,0,0,60.75,59.55,0,0,0,0,19-DEC-2017,
OPTSTK,NIITTECH,22-Feb-2018,680,PE,0,0,0,66.85,66.6,0,0,0,0,19-DEC-2017,
OPTSTK,NIITTECH,22-Feb-2018,690,PE,0,0,0,73.25,74.05,0,0,0,0,19-DEC-2017,
OPTSTK,NIITTECH,22-Feb-2018,700,PE,0,0,0,79.9,81.75,0,0,0,0,19-DEC-2017,
OPTSTK,NIITTECH,22-Feb-2018,710,PE,0,0,0,86.85,89.75,0,0,0,0,19-DEC-2017,
OPTSTK,NIITTECH,22-Feb-2018,720,PE,0,0,0,94,98,0,0,0,0,19-DEC-2017,
OPTSTK,NIITTECH,22-Feb-2018,730,PE,0,0,0,101.45,106.5,0,0,0,0,19-DEC-2017,
OPTSTK,NIITTECH,22-Feb-2018,740,PE,0,0,0,109.1,115.2,0,0,0,0,19-DEC-2017,
OPTSTK,NIITTECH,22-Feb-2018,750,PE,0,0,0,116.9,124.05,0,0,0,0,19-DEC-2017,
OPTSTK,NIITTECH,22-Feb-2018,760,PE,0,0,0,124.9,133.1,0,0,0,0,19-DEC-2017,
OPTSTK,NIITTECH,22-Feb-2018,770,PE,0,0,0,133.1,142.25,0,0,0,0,19-DEC-2017,
OPTSTK,NIITTECH,22-Feb-2018,780,PE,0,0,0,141.5,151.55,0,0,0,0,19-DEC-2017,
OPTSTK,NMDC,28-Dec-2017,82.5,CE,0,0,0,36,53.35,0,0,0,0,19-DEC-2017,
OPTSTK,NMDC,28-Dec-2017,85,CE,0,0,0,33.65,50.85,0,0,0,0,19-DEC-2017,
OPTSTK,NMDC,28-Dec-2017,87.5,CE,0,0,0,31.35,48.35,0,0,0,0,19-DEC-2017,
OPTSTK,NMDC,28-Dec-2017,90,CE,0,0,0,29.1,45.85,0,0,0,0,19-DEC-2017,
OPTSTK,NMDC,28-Dec-2017,92.5,CE,0,0,0,26.95,43.35,0,0,0,0,19-DEC-2017,
OPTSTK,NMDC,28-Dec-2017,95,CE,0,0,0,24.8,40.85,0,0,0,0,19-DEC-2017,
OPTSTK,NMDC,28-Dec-2017,97.5,CE,0,0,0,22.8,38.35,0,0,0,0,19-DEC-2017,
OPTSTK,NMDC,28-Dec-2017,100,CE,0,0,0,20.85,35.9,0,0,0,0,19-DEC-2017,
OPTSTK,NMDC,28-Dec-2017,102.5,CE,0,0,0,19,33.4,0,0,0,0,19-DEC-2017,
OPTSTK,NMDC,28-Dec-2017,105,CE,0,0,0,17.2,30.9,0,0,0,0,19-DEC-2017,
OPTSTK,NMDC,28-Dec-2017,107.5,CE,0,0,0,15.55,28.4,0,0,0,0,19-DEC-2017,
OPTSTK,NMDC,28-Dec-2017,110,CE,0,0,0,14,25.9,0,0,0,0,19-DEC-2017,
OPTSTK,NMDC,28-Dec-2017,112.5,CE,0,0,0,12.55,23.4,0,0,0,0,19-DEC-2017,
OPTSTK,NMDC,28-Dec-2017,115,CE,0,0,0,11.2,20.9,0,0,0,0,19-DEC-2017,
OPTSTK,NMDC,28-Dec-2017,117.5,CE,0,0,0,10,18.4,0,0,0,0,19-DEC-2017,
OPTSTK,NMDC,28-Dec-2017,120,CE,16,16,16,16,16,1,8.16,6000,6000,19-DEC-2017,
OPTSTK,NMDC,28-Dec-2017,122.5,CE,0,0,0,7,13.45,0,0,6000,0,19-DEC-2017,
OPTSTK,NMDC,28-Dec-2017,125,CE,11,11,11,11,11,2,16.32,48000,-6000,19-DEC-2017,
OPTSTK,NMDC,28-Dec-2017,127.5,CE,8.6,8.6,8.5,8.5,8.5,2,16.32,60000,-12000,19-DEC-2017,
OPTSTK,NMDC,28-Dec-2017,130,CE,6.5,7.3,5.8,6.65,6.65,61,499.95,774000,-90000,19-DEC-2017,
OPTSTK,NMDC,28-Dec-2017,132.5,CE,4.65,5.25,4.25,4.9,4.9,45,370.19,378000,-96000,19-DEC-2017,
OPTSTK,NMDC,28-Dec-2017,135,CE,2.85,3.75,2.6,3.1,3.1,337,2795.45,984000,-210000,19-DEC-2017,
OPTSTK,NMDC,28-Dec-2017,137.5,CE,2.15,2.5,1.8,1.95,1.95,81,678.53,216000,66000,19-DEC-2017,
OPTSTK,NMDC,28-Dec-2017,140,CE,1.3,1.65,1,1.25,1.25,348,2950.8,1704000,252000,19-DEC-2017,
OPTSTK,NMDC,28-Dec-2017,142.5,CE,0.7,0.9,0.6,0.75,0.75,40,343.86,150000,72000,19-DEC-2017,
OPTSTK,NMDC,28-Dec-2017,145,CE,0.55,0.6,0.35,0.45,0.45,76,663.29,402000,12000,19-DEC-2017,
OPTSTK,NMDC,28-Dec-2017,147.5,CE,0.25,0.3,0.25,0.25,0.25,83,735.91,12000,-234000,19-DEC-2017,
OPTSTK,NMDC,28-Dec-2017,150,CE,0.25,0.25,0.15,0.25,0.25,11,99.14,312000,36000,19-DEC-2017,
OPTSTK,NMDC,28-Dec-2017,152.5,CE,0,0,0,1.4,0.05,0,0,0,0,19-DEC-2017,
OPTSTK,NMDC,28-Dec-2017,155,CE,0,0,0,0.15,0,0,0,18000,0,19-DEC-2017,
OPTSTK,NMDC,28-Dec-2017,157.5,CE,0,0,0,0.25,0,0,0,6000,0,19-DEC-2017,
OPTSTK,NMDC,28-Dec-2017,160,CE,0,0,0,0.3,0,0,0,18000,0,19-DEC-2017,
OPTSTK,NMDC,28-Dec-2017,82.5,PE,0,0,0,0.3,0,0,0,0,0,19-DEC-2017,
OPTSTK,NMDC,28-Dec-2017,85,PE,0,0,0,0.4,0,0,0,0,0,19-DEC-2017,
OPTSTK,NMDC,28-Dec-2017,87.5,PE,0,0,0,0.6,0,0,0,0,0,19-DEC-2017,
OPTSTK,NMDC,28-Dec-2017,90,PE,0,0,0,0.8,0,0,0,0,0,19-DEC-2017,
OPTSTK,NMDC,28-Dec-2017,92.5,PE,0,0,0,1.1,0,0,0,0,0,19-DEC-2017,
OPTSTK,NMDC,28-Dec-2017,95,PE,0,0,0,1.45,0,0,0,0,0,19-DEC-2017,
OPTSTK,NMDC,28-Dec-2017,97.5,PE,0,0,0,1.85,0,0,0,0,0,19-DEC-2017,
OPTSTK,NMDC,28-Dec-2017,100,PE,0,0,0,2.4,0,0,0,0,0,19-DEC-2017,
OPTSTK,NMDC,28-Dec-2017,102.5,PE,0,0,0,3,0,0,0,0,0,19-DEC-2017,
OPTSTK,NMDC,28-Dec-2017,105,PE,0,0,0,3.7,0,0,0,0,0,19-DEC-2017,
OPTSTK,NMDC,28-Dec-2017,107.5,PE,0,0,0,4.5,0,0,0,0,0,19-DEC-2017,
OPTSTK,NMDC,28-Dec-2017,110,PE,0.05,0.05,0.05,0.05,0.05,2,13.2,162000,0,19-DEC-2017,
OPTSTK,NMDC,28-Dec-2017,112.5,PE,0,0,0,2,0,0,0,6000,0,19-DEC-2017,
OPTSTK,NMDC,28-Dec-2017,115,PE,0.05,0.05,0.05,0.05,0.05,4,27.61,132000,-12000,19-DEC-2017,
OPTSTK,NMDC,28-Dec-2017,117.5,PE,0.1,0.1,0.1,0.1,0.1,3,21.16,24000,18000,19-DEC-2017,
OPTSTK,NMDC,28-Dec-2017,120,PE,0.15,0.15,0.1,0.1,0.1,29,209,348000,24000,19-DEC-2017,
OPTSTK,NMDC,28-Dec-2017,122.5,PE,1.85,1.85,0.15,0.15,0.15,3,22.28,42000,0,19-DEC-2017,
OPTSTK,NMDC,28-Dec-2017,125,PE,0.25,0.3,0.2,0.2,0.2,27,202.87,288000,0,19-DEC-2017,
OPTSTK,NMDC,28-Dec-2017,127.5,PE,0.5,0.5,0.3,0.3,0.3,8,61.41,120000,-18000,19-DEC-2017,
OPTSTK,NMDC,28-Dec-2017,130,PE,0.65,0.85,0.6,0.65,0.65,67,525.43,450000,114000,19-DEC-2017,
OPTSTK,NMDC,28-Dec-2017,132.5,PE,1.55,1.6,1.1,1.5,1.5,16,128.48,132000,6000,19-DEC-2017,
OPTSTK,NMDC,28-Dec-2017,135,PE,1.9,2.55,1.9,2.2,2.2,60,494.11,162000,90000,19-DEC-2017,
OPTSTK,NMDC,28-Dec-2017,137.5,PE,3.65,4,3.2,4,4,7,59.23,24000,24000,19-DEC-2017,
OPTSTK,NMDC,28-Dec-2017,140,PE,5.2,5.7,5.2,5.5,5.5,7,61.08,90000,6000,19-DEC-2017,
OPTSTK,NMDC,28-Dec-2017,142.5,PE,0,0,0,25.95,7,0,0,0,0,19-DEC-2017,
OPTSTK,NMDC,28-Dec-2017,145,PE,0,0,0,15.75,9.25,0,0,12000,0,19-DEC-2017,
OPTSTK,NMDC,28-Dec-2017,147.5,PE,0,0,0,30.2,11.65,0,0,0,0,19-DEC-2017,
OPTSTK,NMDC,28-Dec-2017,150,PE,0,0,0,23.2,14.1,0,0,18000,0,19-DEC-2017,
OPTSTK,NMDC,28-Dec-2017,152.5,PE,0,0,0,34.6,16.6,0,0,0,0,19-DEC-2017,
OPTSTK,NMDC,28-Dec-2017,155,PE,0,0,0,36.9,19.1,0,0,0,0,19-DEC-2017,
OPTSTK,NMDC,28-Dec-2017,157.5,PE,0,0,0,39.15,21.6,0,0,0,0,19-DEC-2017,
OPTSTK,NMDC,28-Dec-2017,160,PE,0,0,0,30.3,24.05,0,0,30000,0,19-DEC-2017,
OPTSTK,NMDC,25-Jan-2018,82.5,CE,0,0,0,46.1,53.75,0,0,0,0,19-DEC-2017,
OPTSTK,NMDC,25-Jan-2018,85,CE,0,0,0,43.65,51.25,0,0,0,0,19-DEC-2017,
OPTSTK,NMDC,25-Jan-2018,87.5,CE,0,0,0,41.25,48.8,0,0,0,0,19-DEC-2017,
OPTSTK,NMDC,25-Jan-2018,90,CE,0,0,0,38.8,46.3,0,0,0,0,19-DEC-2017,
OPTSTK,NMDC,25-Jan-2018,92.5,CE,0,0,0,36.45,43.8,0,0,0,0,19-DEC-2017,
OPTSTK,NMDC,25-Jan-2018,95,CE,0,0,0,34.05,41.35,0,0,0,0,19-DEC-2017,
OPTSTK,NMDC,25-Jan-2018,97.5,CE,0,0,0,31.75,38.85,0,0,0,0,19-DEC-2017,
OPTSTK,NMDC,25-Jan-2018,100,CE,0,0,0,29.5,36.35,0,0,0,0,19-DEC-2017,
OPTSTK,NMDC,25-Jan-2018,102.5,CE,0,0,0,27.25,33.9,0,0,0,0,19-DEC-2017,
OPTSTK,NMDC,25-Jan-2018,105,CE,0,0,0,25.1,31.4,0,0,0,0,19-DEC-2017,
OPTSTK,NMDC,25-Jan-2018,107.5,CE,0,0,0,23,28.95,0,0,0,0,19-DEC-2017,
OPTSTK,NMDC,25-Jan-2018,110,CE,0,0,0,21,26.45,0,0,0,0,19-DEC-2017,
OPTSTK,NMDC,25-Jan-2018,112.5,CE,0,0,0,19.1,24,0,0,0,0,19-DEC-2017,
OPTSTK,NMDC,25-Jan-2018,115,CE,0,0,0,17.3,21.55,0,0,0,0,19-DEC-2017,
OPTSTK,NMDC,25-Jan-2018,117.5,CE,0,0,0,15.55,19.2,0,0,0,0,19-DEC-2017,
OPTSTK,NMDC,25-Jan-2018,120,CE,0,0,0,13.95,16.85,0,0,0,0,19-DEC-2017,
OPTSTK,NMDC,25-Jan-2018,122.5,CE,0,0,0,12.45,14.6,0,0,0,0,19-DEC-2017,
OPTSTK,NMDC,25-Jan-2018,125,CE,0,0,0,7.6,12.45,0,0,12000,0,19-DEC-2017,
OPTSTK,NMDC,25-Jan-2018,127.5,CE,0,0,0,9.8,10.45,0,0,0,0,19-DEC-2017,
OPTSTK,NMDC,25-Jan-2018,130,CE,10.4,10.4,10.4,10.4,10.4,1,8.42,6000,0,19-DEC-2017,
OPTSTK,NMDC,25-Jan-2018,132.5,CE,0,0,0,7.55,7,0,0,0,0,19-DEC-2017,
OPTSTK,NMDC,25-Jan-2018,135,CE,5.9,5.9,5.9,5.9,5.9,1,8.45,18000,6000,19-DEC-2017,
OPTSTK,NMDC,25-Jan-2018,137.5,CE,0,0,0,5.75,4.35,0,0,0,0,19-DEC-2017,
OPTSTK,NMDC,25-Jan-2018,140,CE,0,0,0,3.3,3.3,0,0,18000,0,19-DEC-2017,
OPTSTK,NMDC,25-Jan-2018,142.5,CE,0,0,0,4.3,2.5,0,0,0,0,19-DEC-2017,
OPTSTK,NMDC,25-Jan-2018,145,CE,0,0,0,2,1.8,0,0,18000,0,19-DEC-2017,
OPTSTK,NMDC,25-Jan-2018,147.5,CE,0,0,0,3.2,1.3,0,0,0,0,19-DEC-2017,
OPTSTK,NMDC,25-Jan-2018,150,CE,1.5,1.5,1.5,1.5,1.5,2,18.18,12000,12000,19-DEC-2017,
OPTSTK,NMDC,25-Jan-2018,152.5,CE,0,0,0,2.3,0.65,0,0,0,0,19-DEC-2017,
OPTSTK,NMDC,25-Jan-2018,155,CE,0,0,0,1.95,0.45,0,0,0,0,19-DEC-2017,
OPTSTK,NMDC,25-Jan-2018,157.5,CE,0,0,0,1.65,0.3,0,0,0,0,19-DEC-2017,
OPTSTK,NMDC,25-Jan-2018,160,CE,0,0,0,1.4,0.2,0,0,6000,0,19-DEC-2017,
OPTSTK,NMDC,25-Jan-2018,82.5,PE,0,0,0,0.05,0,0,0,0,0,19-DEC-2017,
OPTSTK,NMDC,25-Jan-2018,85,PE,0,0,0,0.05,0,0,0,0,0,19-DEC-2017,
OPTSTK,NMDC,25-Jan-2018,87.5,PE,0,0,0,0.1,0,0,0,0,0,19-DEC-2017,
OPTSTK,NMDC,25-Jan-2018,90,PE,0,0,0,0.15,0,0,0,0,0,19-DEC-2017,
OPTSTK,NMDC,25-Jan-2018,92.5,PE,0,0,0,0.25,0,0,0,0,0,19-DEC-2017,
OPTSTK,NMDC,25-Jan-2018,95,PE,0,0,0,0.35,0,0,0,0,0,19-DEC-2017,
OPTSTK,NMDC,25-Jan-2018,97.5,PE,0,0,0,0.45,0,0,0,0,0,19-DEC-2017,
OPTSTK,NMDC,25-Jan-2018,100,PE,0,0,0,0.65,0,0,0,0,0,19-DEC-2017,
OPTSTK,NMDC,25-Jan-2018,102.5,PE,0,0,0,0.9,0,0,0,0,0,19-DEC-2017,
OPTSTK,NMDC,25-Jan-2018,105,PE,0,0,0,1.2,0,0,0,0,0,19-DEC-2017,
OPTSTK,NMDC,25-Jan-2018,107.5,PE,0,0,0,1.6,0.05,0,0,0,0,19-DEC-2017,
OPTSTK,NMDC,25-Jan-2018,110,PE,0,0,0,2.05,0.05,0,0,0,0,19-DEC-2017,
OPTSTK,NMDC,25-Jan-2018,112.5,PE,0,0,0,2.6,0.05,0,0,0,0,19-DEC-2017,
OPTSTK,NMDC,25-Jan-2018,115,PE,0,0,0,3.25,0.1,0,0,0,0,19-DEC-2017,
OPTSTK,NMDC,25-Jan-2018,117.5,PE,0,0,0,3.95,0.2,0,0,0,0,19-DEC-2017,
OPTSTK,NMDC,25-Jan-2018,120,PE,0,0,0,0.95,0.35,0,0,12000,0,19-DEC-2017,
OPTSTK,NMDC,25-Jan-2018,122.5,PE,0,0,0,5.8,0.6,0,0,0,0,19-DEC-2017,
OPTSTK,NMDC,25-Jan-2018,125,PE,0,0,0,3.9,0.95,0,0,6000,0,19-DEC-2017,
OPTSTK,NMDC,25-Jan-2018,127.5,PE,0,0,0,8.05,1.45,0,0,0,0,19-DEC-2017,
OPTSTK,NMDC,25-Jan-2018,130,PE,3,3,3,3,3,1,7.98,6000,0,19-DEC-2017,
OPTSTK,NMDC,25-Jan-2018,132.5,PE,0,0,0,10.75,2.95,0,0,0,0,19-DEC-2017,
OPTSTK,NMDC,25-Jan-2018,135,PE,5.05,5.05,4.8,5,5,3,25.19,24000,18000,19-DEC-2017,
OPTSTK,NMDC,25-Jan-2018,137.5,PE,0,0,0,13.85,5.25,0,0,0,0,19-DEC-2017,
OPTSTK,NMDC,25-Jan-2018,140,PE,0,0,0,15.55,6.7,0,0,0,0,19-DEC-2017,
OPTSTK,NMDC,25-Jan-2018,142.5,PE,0,0,0,17.3,8.35,0,0,0,0,19-DEC-2017,
OPTSTK,NMDC,25-Jan-2018,145,PE,0,0,0,19.2,10.2,0,0,0,0,19-DEC-2017,
OPTSTK,NMDC,25-Jan-2018,147.5,PE,0,0,0,21.1,12.15,0,0,0,0,19-DEC-2017,
OPTSTK,NMDC,25-Jan-2018,150,PE,0,0,0,23.1,14.25,0,0,0,0,19-DEC-2017,
OPTSTK,NMDC,25-Jan-2018,152.5,PE,0,0,0,25.15,16.45,0,0,0,0,19-DEC-2017,
OPTSTK,NMDC,25-Jan-2018,155,PE,0,0,0,27.25,18.75,0,0,0,0,19-DEC-2017,
OPTSTK,NMDC,25-Jan-2018,157.5,PE,0,0,0,29.45,21.05,0,0,0,0,19-DEC-2017,
OPTSTK,NMDC,25-Jan-2018,160,PE,0,0,0,31.65,23.45,0,0,0,0,19-DEC-2017,
OPTSTK,NMDC,22-Feb-2018,82.5,CE,0,0,0,46.3,54.15,0,0,0,0,19-DEC-2017,
OPTSTK,NMDC,22-Feb-2018,85,CE,0,0,0,43.85,51.7,0,0,0,0,19-DEC-2017,
OPTSTK,NMDC,22-Feb-2018,87.5,CE,0,0,0,41.4,49.2,0,0,0,0,19-DEC-2017,
OPTSTK,NMDC,22-Feb-2018,90,CE,0,0,0,38.95,46.75,0,0,0,0,19-DEC-2017,
OPTSTK,NMDC,22-Feb-2018,92.5,CE,0,0,0,36.45,44.3,0,0,0,0,19-DEC-2017,
OPTSTK,NMDC,22-Feb-2018,95,CE,0,0,0,34,41.8,0,0,0,0,19-DEC-2017,
OPTSTK,NMDC,22-Feb-2018,97.5,CE,0,0,0,31.55,39.35,0,0,0,0,19-DEC-2017,
OPTSTK,NMDC,22-Feb-2018,100,CE,0,0,0,29.1,36.85,0,0,0,0,19-DEC-2017,
OPTSTK,NMDC,22-Feb-2018,102.5,CE,0,0,0,26.7,34.4,0,0,0,0,19-DEC-2017,
OPTSTK,NMDC,22-Feb-2018,105,CE,0,0,0,24.3,31.95,0,0,0,0,19-DEC-2017,
OPTSTK,NMDC,22-Feb-2018,107.5,CE,0,0,0,21.9,29.55,0,0,0,0,19-DEC-2017,
OPTSTK,NMDC,22-Feb-2018,110,CE,0,0,0,19.6,27.15,0,0,0,0,19-DEC-2017,
OPTSTK,NMDC,22-Feb-2018,112.5,CE,0,0,0,17.35,24.75,0,0,0,0,19-DEC-2017,
OPTSTK,NMDC,22-Feb-2018,115,CE,0,0,0,15.2,22.45,0,0,0,0,19-DEC-2017,
OPTSTK,NMDC,22-Feb-2018,117.5,CE,0,0,0,13.2,20.15,0,0,0,0,19-DEC-2017,
OPTSTK,NMDC,22-Feb-2018,120,CE,0,0,0,11.3,18,0,0,0,0,19-DEC-2017,
OPTSTK,NMDC,22-Feb-2018,122.5,CE,0,0,0,9.55,15.9,0,0,0,0,19-DEC-2017,
OPTSTK,NMDC,22-Feb-2018,125,CE,0,0,0,7.95,13.95,0,0,0,0,19-DEC-2017,
OPTSTK,NMDC,22-Feb-2018,127.5,CE,0,0,0,6.55,12.1,0,0,0,0,19-DEC-2017,
OPTSTK,NMDC,22-Feb-2018,130,CE,0,0,0,5.35,10.4,0,0,0,0,19-DEC-2017,
OPTSTK,NMDC,22-Feb-2018,132.5,CE,0,0,0,4.3,8.8,0,0,0,0,19-DEC-2017,
OPTSTK,NMDC,22-Feb-2018,135,CE,0,0,0,3.4,7.45,0,0,0,0,19-DEC-2017,
OPTSTK,NMDC,22-Feb-2018,137.5,CE,0,0,0,2.65,6.2,0,0,0,0,19-DEC-2017,
OPTSTK,NMDC,22-Feb-2018,140,CE,0,0,0,2.05,5.1,0,0,0,0,19-DEC-2017,
OPTSTK,NMDC,22-Feb-2018,142.5,CE,0,0,0,1.55,4.15,0,0,0,0,19-DEC-2017,
OPTSTK,NMDC,22-Feb-2018,145,CE,0,0,0,1.15,3.35,0,0,0,0,19-DEC-2017,
OPTSTK,NMDC,22-Feb-2018,147.5,CE,0,0,0,0.85,2.7,0,0,0,0,19-DEC-2017,
OPTSTK,NMDC,22-Feb-2018,150,CE,0,0,0,0.65,2.1,0,0,0,0,19-DEC-2017,
OPTSTK,NMDC,22-Feb-2018,152.5,CE,0,0,0,0.45,1.65,0,0,0,0,19-DEC-2017,
OPTSTK,NMDC,22-Feb-2018,155,CE,0,0,0,0.35,1.3,0,0,0,0,19-DEC-2017,
OPTSTK,NMDC,22-Feb-2018,157.5,CE,0,0,0,0.25,1,0,0,0,0,19-DEC-2017,
OPTSTK,NMDC,22-Feb-2018,160,CE,0,0,0,0.2,0.75,0,0,0,0,19-DEC-2017,
OPTSTK,NMDC,22-Feb-2018,82.5,PE,0,0,0,0.05,0,0,0,0,0,19-DEC-2017,
OPTSTK,NMDC,22-Feb-2018,85,PE,0,0,0,0.05,0,0,0,0,0,19-DEC-2017,
OPTSTK,NMDC,22-Feb-2018,87.5,PE,0,0,0,0.05,0,0,0,0,0,19-DEC-2017,
OPTSTK,NMDC,22-Feb-2018,90,PE,0,0,0,0.05,0,0,0,0,0,19-DEC-2017,
OPTSTK,NMDC,22-Feb-2018,92.5,PE,0,0,0,0.05,0,0,0,0,0,19-DEC-2017,
OPTSTK,NMDC,22-Feb-2018,95,PE,0,0,0,0.05,0,0,0,0,0,19-DEC-2017,
OPTSTK,NMDC,22-Feb-2018,97.5,PE,0,0,0,0.05,0.05,0,0,0,0,19-DEC-2017,
OPTSTK,NMDC,22-Feb-2018,100,PE,0,0,0,0.05,0.05,0,0,0,0,19-DEC-2017,
OPTSTK,NMDC,22-Feb-2018,102.5,PE,0,0,0,0.1,0.05,0,0,0,0,19-DEC-2017,
OPTSTK,NMDC,22-Feb-2018,105,PE,0,0,0,0.15,0.05,0,0,0,0,19-DEC-2017,
OPTSTK,NMDC,22-Feb-2018,107.5,PE,0,0,0,0.25,0.1,0,0,0,0,19-DEC-2017,
OPTSTK,NMDC,22-Feb-2018,110,PE,0,0,0,0.4,0.15,0,0,0,0,19-DEC-2017,
OPTSTK,NMDC,22-Feb-2018,112.5,PE,0,0,0,0.65,0.25,0,0,0,0,19-DEC-2017,
OPTSTK,NMDC,22-Feb-2018,115,PE,0,0,0,0.95,0.4,0,0,0,0,19-DEC-2017,
OPTSTK,NMDC,22-Feb-2018,117.5,PE,0,0,0,1.4,0.65,0,0,0,0,19-DEC-2017,
OPTSTK,NMDC,22-Feb-2018,120,PE,0,0,0,1.95,0.9,0,0,0,0,19-DEC-2017,
OPTSTK,NMDC,22-Feb-2018,122.5,PE,0,0,0,2.65,1.3,0,0,0,0,19-DEC-2017,
OPTSTK,NMDC,22-Feb-2018,125,PE,0,0,0,3.55,1.8,0,0,0,0,19-DEC-2017,
OPTSTK,NMDC,22-Feb-2018,127.5,PE,0,0,0,4.6,2.45,0,0,0,0,19-DEC-2017,
OPTSTK,NMDC,22-Feb-2018,130,PE,0,0,0,5.85,3.2,0,0,0,0,19-DEC-2017,
OPTSTK,NMDC,22-Feb-2018,132.5,PE,0,0,0,7.25,4.1,0,0,0,0,19-DEC-2017,
OPTSTK,NMDC,22-Feb-2018,135,PE,0,0,0,8.8,5.2,0,0,0,0,19-DEC-2017,
OPTSTK,NMDC,22-Feb-2018,137.5,PE,0,0,0,10.55,6.4,0,0,0,0,19-DEC-2017,
OPTSTK,NMDC,22-Feb-2018,140,PE,0,0,0,12.4,7.8,0,0,0,0,19-DEC-2017,
OPTSTK,NMDC,22-Feb-2018,142.5,PE,0,0,0,14.4,9.35,0,0,0,0,19-DEC-2017,
OPTSTK,NMDC,22-Feb-2018,145,PE,0,0,0,16.45,11,0,0,0,0,19-DEC-2017,
OPTSTK,NMDC,22-Feb-2018,147.5,PE,0,0,0,18.6,12.8,0,0,0,0,19-DEC-2017,
OPTSTK,NMDC,22-Feb-2018,150,PE,0,0,0,20.85,14.7,0,0,0,0,19-DEC-2017,
OPTSTK,NMDC,22-Feb-2018,152.5,PE,0,0,0,23.15,16.75,0,0,0,0,19-DEC-2017,
OPTSTK,NMDC,22-Feb-2018,155,PE,0,0,0,25.5,18.85,0,0,0,0,19-DEC-2017,
OPTSTK,NMDC,22-Feb-2018,157.5,PE,0,0,0,27.85,21,0,0,0,0,19-DEC-2017,
OPTSTK,NMDC,22-Feb-2018,160,PE,0,0,0,30.25,23.25,0,0,0,0,19-DEC-2017,
OPTSTK,NTPC,28-Dec-2017,122.5,CE,0,0,0,45.5,57.75,0,0,0,0,19-DEC-2017,
OPTSTK,NTPC,28-Dec-2017,125,CE,0,0,0,43.05,55.25,0,0,0,0,19-DEC-2017,
OPTSTK,NTPC,28-Dec-2017,127.5,CE,0,0,0,40.6,52.75,0,0,0,0,19-DEC-2017,
OPTSTK,NTPC,28-Dec-2017,130,CE,0,0,0,38.15,50.25,0,0,0,0,19-DEC-2017,
OPTSTK,NTPC,28-Dec-2017,132.5,CE,0,0,0,35.7,47.8,0,0,0,0,19-DEC-2017,
OPTSTK,NTPC,28-Dec-2017,135,CE,0,0,0,33.3,45.3,0,0,0,0,19-DEC-2017,
OPTSTK,NTPC,28-Dec-2017,137.5,CE,0,0,0,30.9,42.8,0,0,0,0,19-DEC-2017,
OPTSTK,NTPC,28-Dec-2017,140,CE,0,0,0,28.55,40.3,0,0,0,0,19-DEC-2017,
OPTSTK,NTPC,28-Dec-2017,142.5,CE,0,0,0,26.25,37.8,0,0,0,0,19-DEC-2017,
OPTSTK,NTPC,28-Dec-2017,145,CE,0,0,0,24,35.3,0,0,0,0,19-DEC-2017,
OPTSTK,NTPC,28-Dec-2017,147.5,CE,0,0,0,21.8,32.8,0,0,0,0,19-DEC-2017,
OPTSTK,NTPC,28-Dec-2017,150,CE,0,0,0,19.65,30.3,0,0,0,0,19-DEC-2017,
OPTSTK,NTPC,28-Dec-2017,152.5,CE,0,0,0,17.65,27.8,0,0,0,0,19-DEC-2017,
OPTSTK,NTPC,28-Dec-2017,155,CE,0,0,0,15.7,25.3,0,0,0,0,19-DEC-2017,
OPTSTK,NTPC,28-Dec-2017,157.5,CE,0,0,0,13.9,22.8,0,0,0,0,19-DEC-2017,
OPTSTK,NTPC,28-Dec-2017,160,CE,0,0,0,21.25,20.3,0,0,4000,0,19-DEC-2017,
OPTSTK,NTPC,28-Dec-2017,162.5,CE,0,0,0,10.6,17.85,0,0,0,0,19-DEC-2017,
OPTSTK,NTPC,28-Dec-2017,165,CE,0,0,0,9.15,15.35,0,0,0,0,19-DEC-2017,
OPTSTK,NTPC,28-Dec-2017,167.5,CE,0,0,0,7.85,12.85,0,0,0,0,19-DEC-2017,
OPTSTK,NTPC,28-Dec-2017,170,CE,0,0,0,7.75,10.45,0,0,28000,0,19-DEC-2017,
OPTSTK,NTPC,28-Dec-2017,172.5,CE,0,0,0,10.5,8.15,0,0,4000,0,19-DEC-2017,
OPTSTK,NTPC,28-Dec-2017,175,CE,4.5,5.45,4.5,5.45,5.45,10,72.04,172000,8000,19-DEC-2017,
OPTSTK,NTPC,28-Dec-2017,177.5,CE,2.75,3.8,2.75,3.8,3.8,50,361.92,120000,-108000,19-DEC-2017,
OPTSTK,NTPC,28-Dec-2017,180,CE,2.1,2.65,1.8,2.5,2.5,210,1530.76,1112000,-8000,19-DEC-2017,
OPTSTK,NTPC,28-Dec-2017,182.5,CE,1.5,1.6,1.25,1.6,1.6,45,331.12,384000,40000,19-DEC-2017,
OPTSTK,NTPC,28-Dec-2017,185,CE,1,1.1,0.9,1.05,1.05,157,1168.18,1040000,116000,19-DEC-2017,
OPTSTK,NTPC,28-Dec-2017,187.5,CE,0.6,0.75,0.6,0.75,0.75,10,75.27,152000,16000,19-DEC-2017,
OPTSTK,NTPC,28-Dec-2017,190,CE,0.55,0.55,0.45,0.5,0.5,118,899.07,940000,40000,19-DEC-2017,
OPTSTK,NTPC,28-Dec-2017,192.5,CE,0.45,0.45,0.35,0.35,0.35,4,30.86,40000,-4000,19-DEC-2017,
OPTSTK,NTPC,28-Dec-2017,195,CE,0.35,0.35,0.25,0.25,0.25,41,320.22,216000,64000,19-DEC-2017,
OPTSTK,NTPC,28-Dec-2017,197.5,CE,0.25,0.25,0.2,0.25,0.25,3,23.72,56000,8000,19-DEC-2017,
OPTSTK,NTPC,28-Dec-2017,200,CE,0.2,0.2,0.15,0.15,0.15,13,104.08,752000,4000,19-DEC-2017,
OPTSTK,NTPC,28-Dec-2017,202.5,CE,0,0,0,0.55,0,0,0,36000,0,19-DEC-2017,
OPTSTK,NTPC,28-Dec-2017,205,CE,0,0,0,0.25,0,0,0,60000,0,19-DEC-2017,
OPTSTK,NTPC,28-Dec-2017,207.5,CE,0,0,0,0.45,0,0,0,4000,0,19-DEC-2017,
OPTSTK,NTPC,28-Dec-2017,210,CE,0,0,0,0.2,0,0,0,0,0,19-DEC-2017,
OPTSTK,NTPC,28-Dec-2017,212.5,CE,0,0,0,0.15,0,0,0,0,0,19-DEC-2017,
OPTSTK,NTPC,28-Dec-2017,122.5,PE,0,0,0,0.05,0,0,0,0,0,19-DEC-2017,
OPTSTK,NTPC,28-Dec-2017,125,PE,0,0,0,0.05,0,0,0,0,0,19-DEC-2017,
OPTSTK,NTPC,28-Dec-2017,127.5,PE,0,0,0,0.05,0,0,0,0,0,19-DEC-2017,
OPTSTK,NTPC,28-Dec-2017,130,PE,0,0,0,0.05,0,0,0,0,0,19-DEC-2017,
OPTSTK,NTPC,28-Dec-2017,132.5,PE,0,0,0,0.1,0,0,0,0,0,19-DEC-2017,
OPTSTK,NTPC,28-Dec-2017,135,PE,0,0,0,0.15,0,0,0,0,0,19-DEC-2017,
OPTSTK,NTPC,28-Dec-2017,137.5,PE,0,0,0,0.2,0,0,0,0,0,19-DEC-2017,
OPTSTK,NTPC,28-Dec-2017,140,PE,0,0,0,0.35,0,0,0,0,0,19-DEC-2017,
OPTSTK,NTPC,28-Dec-2017,142.5,PE,0,0,0,0.5,0,0,0,0,0,19-DEC-2017,
OPTSTK,NTPC,28-Dec-2017,145,PE,0,0,0,0.7,0,0,0,0,0,19-DEC-2017,
OPTSTK,NTPC,28-Dec-2017,147.5,PE,0,0,0,0.1,0,0,0,12000,0,19-DEC-2017,
OPTSTK,NTPC,28-Dec-2017,150,PE,0,0,0,1.3,0,0,0,0,0,19-DEC-2017,
OPTSTK,NTPC,28-Dec-2017,152.5,PE,0,0,0,1.7,0,0,0,0,0,19-DEC-2017,
OPTSTK,NTPC,28-Dec-2017,155,PE,0,0,0,0.75,0,0,0,0,0,19-DEC-2017,
OPTSTK,NTPC,28-Dec-2017,157.5,PE,2.15,2.15,2.15,2.15,2.15,1,6.38,24000,4000,19-DEC-2017,
OPTSTK,NTPC,28-Dec-2017,160,PE,0,0,0,0.25,0,0,0,64000,0,19-DEC-2017,
OPTSTK,NTPC,28-Dec-2017,162.5,PE,0.1,0.1,0.1,0.1,0.1,1,6.5,32000,0,19-DEC-2017,
OPTSTK,NTPC,28-Dec-2017,165,PE,0.25,0.25,0.25,0.25,0.25,1,6.61,148000,4000,19-DEC-2017,
OPTSTK,NTPC,28-Dec-2017,167.5,PE,0.3,0.3,0.2,0.2,0.2,5,33.54,156000,-12000,19-DEC-2017,
OPTSTK,NTPC,28-Dec-2017,170,PE,0.45,0.55,0.25,0.25,0.25,63,429.38,424000,32000,19-DEC-2017,
OPTSTK,NTPC,28-Dec-2017,172.5,PE,0.9,0.95,0.45,0.45,0.45,23,159.36,100000,20000,19-DEC-2017,
OPTSTK,NTPC,28-Dec-2017,175,PE,1.6,1.75,0.8,0.85,0.85,37,260.7,376000,16000,19-DEC-2017,
OPTSTK,NTPC,28-Dec-2017,177.5,PE,2.6,2.6,1.5,1.6,1.6,17,121.96,168000,24000,19-DEC-2017,
OPTSTK,NTPC,28-Dec-2017,180,PE,4.55,4.55,2.6,2.65,2.65,9,65.98,280000,-12000,19-DEC-2017,
OPTSTK,NTPC,28-Dec-2017,182.5,PE,4.3,4.3,4.3,4.3,4.3,1,7.47,48000,-4000,19-DEC-2017,
OPTSTK,NTPC,28-Dec-2017,185,PE,6.1,6.1,6.1,6.1,6.1,1,7.64,88000,0,19-DEC-2017,
OPTSTK,NTPC,28-Dec-2017,187.5,PE,0,0,0,7.65,7.6,0,0,48000,0,19-DEC-2017,
OPTSTK,NTPC,28-Dec-2017,190,PE,0,0,0,10.1,9.85,0,0,28000,0,19-DEC-2017,
OPTSTK,NTPC,28-Dec-2017,192.5,PE,0,0,0,24.55,12.25,0,0,0,0,19-DEC-2017,
OPTSTK,NTPC,28-Dec-2017,195,PE,0,0,0,26.8,14.7,0,0,0,0,19-DEC-2017,
OPTSTK,NTPC,28-Dec-2017,197.5,PE,0,0,0,29.05,17.15,0,0,0,0,19-DEC-2017,
OPTSTK,NTPC,28-Dec-2017,200,PE,0,0,0,18.65,19.65,0,0,4000,0,19-DEC-2017,
OPTSTK,NTPC,28-Dec-2017,202.5,PE,0,0,0,33.7,22.15,0,0,0,0,19-DEC-2017,
OPTSTK,NTPC,28-Dec-2017,205,PE,0,0,0,36.1,24.65,0,0,0,0,19-DEC-2017,
OPTSTK,NTPC,28-Dec-2017,207.5,PE,0,0,0,38.45,27.15,0,0,0,0,19-DEC-2017,
OPTSTK,NTPC,28-Dec-2017,210,PE,0,0,0,40.9,29.65,0,0,0,0,19-DEC-2017,
OPTSTK,NTPC,28-Dec-2017,212.5,PE,0,0,0,43.3,32.15,0,0,0,0,19-DEC-2017,
OPTSTK,NTPC,25-Jan-2018,135,CE,0,0,0,51.8,45.95,0,0,0,0,19-DEC-2017,
OPTSTK,NTPC,25-Jan-2018,137.5,CE,0,0,0,49.35,43.45,0,0,0,0,19-DEC-2017,
OPTSTK,NTPC,25-Jan-2018,140,CE,0,0,0,46.9,41,0,0,0,0,19-DEC-2017,
OPTSTK,NTPC,25-Jan-2018,142.5,CE,0,0,0,44.45,38.5,0,0,0,0,19-DEC-2017,
OPTSTK,NTPC,25-Jan-2018,145,CE,0,0,0,42.05,36,0,0,0,0,19-DEC-2017,
OPTSTK,NTPC,25-Jan-2018,147.5,CE,0,0,0,39.65,33.55,0,0,0,0,19-DEC-2017,
OPTSTK,NTPC,25-Jan-2018,150,CE,0,0,0,37.25,31.05,0,0,0,0,19-DEC-2017,
OPTSTK,NTPC,25-Jan-2018,152.5,CE,0,0,0,34.9,28.6,0,0,0,0,19-DEC-2017,
OPTSTK,NTPC,25-Jan-2018,155,CE,0,0,0,32.55,26.15,0,0,0,0,19-DEC-2017,
OPTSTK,NTPC,25-Jan-2018,157.5,CE,0,0,0,30.25,23.7,0,0,0,0,19-DEC-2017,
OPTSTK,NTPC,25-Jan-2018,160,CE,0,0,0,28,21.3,0,0,0,0,19-DEC-2017,
OPTSTK,NTPC,25-Jan-2018,162.5,CE,0,0,0,25.8,18.95,0,0,0,0,19-DEC-2017,
OPTSTK,NTPC,25-Jan-2018,165,CE,0,0,0,23.7,16.7,0,0,0,0,19-DEC-2017,
OPTSTK,NTPC,25-Jan-2018,167.5,CE,0,0,0,21.65,14.5,0,0,0,0,19-DEC-2017,
OPTSTK,NTPC,25-Jan-2018,170,CE,0,0,0,19.7,12.45,0,0,0,0,19-DEC-2017,
OPTSTK,NTPC,25-Jan-2018,172.5,CE,0,0,0,17.8,10.5,0,0,0,0,19-DEC-2017,
OPTSTK,NTPC,25-Jan-2018,175,CE,0,0,0,7,8.75,0,0,8000,0,19-DEC-2017,
OPTSTK,NTPC,25-Jan-2018,177.5,CE,0,0,0,14.35,7.15,0,0,0,0,19-DEC-2017,
OPTSTK,NTPC,25-Jan-2018,180,CE,4.7,4.95,4.7,4.95,4.95,6,44.33,184000,4000,19-DEC-2017,
OPTSTK,NTPC,25-Jan-2018,182.5,CE,0,0,0,11.35,4.55,0,0,0,0,19-DEC-2017,
OPTSTK,NTPC,25-Jan-2018,185,CE,0,0,0,10,3.55,0,0,0,0,19-DEC-2017,
OPTSTK,NTPC,25-Jan-2018,187.5,CE,0,0,0,8.75,2.7,0,0,0,0,19-DEC-2017,
OPTSTK,NTPC,25-Jan-2018,190,CE,0,0,0,7.65,2.05,0,0,0,0,19-DEC-2017,
OPTSTK,NTPC,25-Jan-2018,192.5,CE,0,0,0,6.6,1.5,0,0,0,0,19-DEC-2017,
OPTSTK,NTPC,25-Jan-2018,195,CE,0,0,0,5.7,1.1,0,0,0,0,19-DEC-2017,
OPTSTK,NTPC,25-Jan-2018,197.5,CE,0,0,0,4.9,0.75,0,0,0,0,19-DEC-2017,
OPTSTK,NTPC,25-Jan-2018,200,CE,0.55,0.55,0.55,0.55,0.55,1,8.02,52000,4000,19-DEC-2017,
OPTSTK,NTPC,25-Jan-2018,202.5,CE,0,0,0,3.55,0.35,0,0,0,0,19-DEC-2017,
OPTSTK,NTPC,25-Jan-2018,205,CE,0,0,0,3,0.25,0,0,0,0,19-DEC-2017,
OPTSTK,NTPC,25-Jan-2018,207.5,CE,0,0,0,2.55,0.15,0,0,0,0,19-DEC-2017,
OPTSTK,NTPC,25-Jan-2018,210,CE,0,0,0,2.1,0.1,0,0,0,0,19-DEC-2017,
OPTSTK,NTPC,25-Jan-2018,212.5,CE,0,0,0,1.75,0.1,0,0,0,0,19-DEC-2017,
OPTSTK,NTPC,25-Jan-2018,135,PE,0,0,0,0.05,0,0,0,0,0,19-DEC-2017,
OPTSTK,NTPC,25-Jan-2018,137.5,PE,0,0,0,0.05,0,0,0,0,0,19-DEC-2017,
OPTSTK,NTPC,25-Jan-2018,140,PE,0,0,0,0.05,0,0,0,0,0,19-DEC-2017,
OPTSTK,NTPC,25-Jan-2018,142.5,PE,0,0,0,0.1,0,0,0,0,0,19-DEC-2017,
OPTSTK,NTPC,25-Jan-2018,145,PE,0,0,0,0.1,0,0,0,0,0,19-DEC-2017,
OPTSTK,NTPC,25-Jan-2018,147.5,PE,0,0,0,0.15,0.05,0,0,0,0,19-DEC-2017,
OPTSTK,NTPC,25-Jan-2018,150,PE,0,0,0,0.25,0.05,0,0,0,0,19-DEC-2017,
OPTSTK,NTPC,25-Jan-2018,152.5,PE,0,0,0,0.35,0.05,0,0,0,0,19-DEC-2017,
OPTSTK,NTPC,25-Jan-2018,155,PE,0,0,0,0.45,0.1,0,0,0,0,19-DEC-2017,
OPTSTK,NTPC,25-Jan-2018,157.5,PE,0,0,0,0.65,0.15,0,0,0,0,19-DEC-2017,
OPTSTK,NTPC,25-Jan-2018,160,PE,0,0,0,0.85,0.2,0,0,0,0,19-DEC-2017,
OPTSTK,NTPC,25-Jan-2018,162.5,PE,0,0,0,1.1,0.35,0,0,0,0,19-DEC-2017,
OPTSTK,NTPC,25-Jan-2018,165,PE,0,0,0,1.45,0.55,0,0,0,0,19-DEC-2017,
OPTSTK,NTPC,25-Jan-2018,167.5,PE,0,0,0,1.9,0.85,0,0,0,0,19-DEC-2017,
OPTSTK,NTPC,25-Jan-2018,170,PE,0,0,0,2.35,1.3,0,0,0,0,19-DEC-2017,
OPTSTK,NTPC,25-Jan-2018,172.5,PE,0,0,0,2.95,1.85,0,0,0,0,19-DEC-2017,
OPTSTK,NTPC,25-Jan-2018,175,PE,0,0,0,5.4,2.55,0,0,44000,0,19-DEC-2017,
OPTSTK,NTPC,25-Jan-2018,177.5,PE,4.1,4.2,4.1,4.2,4.2,4,29.06,8000,8000,19-DEC-2017,
OPTSTK,NTPC,25-Jan-2018,180,PE,5.45,5.45,4.75,4.75,4.75,5,37.06,28000,20000,19-DEC-2017,
OPTSTK,NTPC,25-Jan-2018,182.5,PE,7,7,7,7,7,1,7.58,4000,4000,19-DEC-2017,
OPTSTK,NTPC,25-Jan-2018,185,PE,0,0,0,7.45,7.3,0,0,0,0,19-DEC-2017,
OPTSTK,NTPC,25-Jan-2018,187.5,PE,0,0,0,8.65,8.95,0,0,0,0,19-DEC-2017,
OPTSTK,NTPC,25-Jan-2018,190,PE,0,0,0,10,10.75,0,0,0,0,19-DEC-2017,
OPTSTK,NTPC,25-Jan-2018,192.5,PE,0,0,0,11.45,12.7,0,0,0,0,19-DEC-2017,
OPTSTK,NTPC,25-Jan-2018,195,PE,0,0,0,13,14.75,0,0,0,0,19-DEC-2017,
OPTSTK,NTPC,25-Jan-2018,197.5,PE,0,0,0,14.65,16.95,0,0,0,0,19-DEC-2017,
OPTSTK,NTPC,25-Jan-2018,200,PE,0,0,0,16.4,19.2,0,0,0,0,19-DEC-2017,
OPTSTK,NTPC,25-Jan-2018,202.5,PE,0,0,0,18.25,21.5,0,0,0,0,19-DEC-2017,
OPTSTK,NTPC,25-Jan-2018,205,PE,0,0,0,20.15,23.85,0,0,0,0,19-DEC-2017,
OPTSTK,NTPC,25-Jan-2018,207.5,PE,0,0,0,22.1,26.25,0,0,0,0,19-DEC-2017,
OPTSTK,NTPC,25-Jan-2018,210,PE,0,0,0,24.15,28.7,0,0,0,0,19-DEC-2017,
OPTSTK,NTPC,25-Jan-2018,212.5,PE,0,0,0,26.3,31.15,0,0,0,0,19-DEC-2017,
OPTSTK,NTPC,22-Feb-2018,135,CE,0,0,0,48.15,46.6,0,0,0,0,19-DEC-2017,
OPTSTK,NTPC,22-Feb-2018,137.5,CE,0,0,0,45.7,44.15,0,0,0,0,19-DEC-2017,
OPTSTK,NTPC,22-Feb-2018,140,CE,0,0,0,43.25,41.7,0,0,0,0,19-DEC-2017,
OPTSTK,NTPC,22-Feb-2018,142.5,CE,0,0,0,40.85,39.2,0,0,0,0,19-DEC-2017,
OPTSTK,NTPC,22-Feb-2018,145,CE,0,0,0,38.45,36.75,0,0,0,0,19-DEC-2017,
OPTSTK,NTPC,22-Feb-2018,147.5,CE,0,0,0,36.05,34.3,0,0,0,0,19-DEC-2017,
OPTSTK,NTPC,22-Feb-2018,150,CE,0,0,0,33.65,31.9,0,0,0,0,19-DEC-2017,
OPTSTK,NTPC,22-Feb-2018,152.5,CE,0,0,0,31.35,29.5,0,0,0,0,19-DEC-2017,
OPTSTK,NTPC,22-Feb-2018,155,CE,0,0,0,29.05,27.1,0,0,0,0,19-DEC-2017,
OPTSTK,NTPC,22-Feb-2018,157.5,CE,0,0,0,26.8,24.8,0,0,0,0,19-DEC-2017,
OPTSTK,NTPC,22-Feb-2018,160,CE,0,0,0,24.65,22.5,0,0,0,0,19-DEC-2017,
OPTSTK,NTPC,22-Feb-2018,162.5,CE,0,0,0,22.55,20.3,0,0,0,0,19-DEC-2017,
OPTSTK,NTPC,22-Feb-2018,165,CE,0,0,0,20.5,18.2,0,0,0,0,19-DEC-2017,
OPTSTK,NTPC,22-Feb-2018,167.5,CE,0,0,0,18.55,16.15,0,0,0,0,19-DEC-2017,
OPTSTK,NTPC,22-Feb-2018,170,CE,0,0,0,16.7,14.25,0,0,0,0,19-DEC-2017,
OPTSTK,NTPC,22-Feb-2018,172.5,CE,0,0,0,14.95,12.45,0,0,0,0,19-DEC-2017,
OPTSTK,NTPC,22-Feb-2018,175,CE,0,0,0,13.35,10.8,0,0,0,0,19-DEC-2017,
OPTSTK,NTPC,22-Feb-2018,177.5,CE,0,0,0,11.8,9.25,0,0,0,0,19-DEC-2017,
OPTSTK,NTPC,22-Feb-2018,180,CE,0,0,0,10.4,7.85,0,0,0,0,19-DEC-2017,
OPTSTK,NTPC,22-Feb-2018,182.5,CE,0,0,0,9.1,6.65,0,0,0,0,19-DEC-2017,
OPTSTK,NTPC,22-Feb-2018,185,CE,0,0,0,7.95,5.55,0,0,0,0,19-DEC-2017,
OPTSTK,NTPC,22-Feb-2018,187.5,CE,0,0,0,6.85,4.55,0,0,0,0,19-DEC-2017,
OPTSTK,NTPC,22-Feb-2018,190,CE,0,0,0,5.9,3.75,0,0,0,0,19-DEC-2017,
OPTSTK,NTPC,22-Feb-2018,192.5,CE,0,0,0,5.05,3.05,0,0,0,0,19-DEC-2017,
OPTSTK,NTPC,22-Feb-2018,195,CE,0,0,0,4.3,2.45,0,0,0,0,19-DEC-2017,
OPTSTK,NTPC,22-Feb-2018,197.5,CE,0,0,0,3.65,1.95,0,0,0,0,19-DEC-2017,
OPTSTK,NTPC,22-Feb-2018,200,CE,0,0,0,3.05,1.55,0,0,0,0,19-DEC-2017,
OPTSTK,NTPC,22-Feb-2018,202.5,CE,0,0,0,2.55,1.2,0,0,0,0,19-DEC-2017,
OPTSTK,NTPC,22-Feb-2018,205,CE,0,0,0,2.15,0.95,0,0,0,0,19-DEC-2017,
OPTSTK,NTPC,22-Feb-2018,207.5,CE,0,0,0,1.75,0.7,0,0,0,0,19-DEC-2017,
OPTSTK,NTPC,22-Feb-2018,210,CE,0,0,0,1.45,0.55,0,0,0,0,19-DEC-2017,
OPTSTK,NTPC,22-Feb-2018,212.5,CE,0,0,0,1.2,0.4,0,0,0,0,19-DEC-2017,
OPTSTK,NTPC,22-Feb-2018,135,PE,0,0,0,0.05,0,0,0,0,0,19-DEC-2017,
OPTSTK,NTPC,22-Feb-2018,137.5,PE,0,0,0,0.05,0.05,0,0,0,0,19-DEC-2017,
OPTSTK,NTPC,22-Feb-2018,140,PE,0,0,0,0.1,0.05,0,0,0,0,19-DEC-2017,
OPTSTK,NTPC,22-Feb-2018,142.5,PE,0,0,0,0.1,0.05,0,0,0,0,19-DEC-2017,
OPTSTK,NTPC,22-Feb-2018,145,PE,0,0,0,0.15,0.05,0,0,0,0,19-DEC-2017,
OPTSTK,NTPC,22-Feb-2018,147.5,PE,0,0,0,0.25,0.1,0,0,0,0,19-DEC-2017,
OPTSTK,NTPC,22-Feb-2018,150,PE,0,0,0,0.35,0.15,0,0,0,0,19-DEC-2017,
OPTSTK,NTPC,22-Feb-2018,152.5,PE,0,0,0,0.45,0.2,0,0,0,0,19-DEC-2017,
OPTSTK,NTPC,22-Feb-2018,155,PE,0,0,0,0.65,0.3,0,0,0,0,19-DEC-2017,
OPTSTK,NTPC,22-Feb-2018,157.5,PE,0,0,0,0.85,0.45,0,0,0,0,19-DEC-2017,
OPTSTK,NTPC,22-Feb-2018,160,PE,0,0,0,1.15,0.65,0,0,0,0,19-DEC-2017,
OPTSTK,NTPC,22-Feb-2018,162.5,PE,0,0,0,1.5,0.9,0,0,0,0,19-DEC-2017,
OPTSTK,NTPC,22-Feb-2018,165,PE,0,0,0,1.95,1.25,0,0,0,0,19-DEC-2017,
OPTSTK,NTPC,22-Feb-2018,167.5,PE,0,0,0,2.45,1.7,0,0,0,0,19-DEC-2017,
OPTSTK,NTPC,22-Feb-2018,170,PE,0,0,0,3.1,2.25,0,0,0,0,19-DEC-2017,
OPTSTK,NTPC,22-Feb-2018,172.5,PE,0,0,0,3.8,2.95,0,0,0,0,19-DEC-2017,
OPTSTK,NTPC,22-Feb-2018,175,PE,0,0,0,4.65,3.75,0,0,0,0,19-DEC-2017,
OPTSTK,NTPC,22-Feb-2018,177.5,PE,0,0,0,5.55,4.7,0,0,0,0,19-DEC-2017,
OPTSTK,NTPC,22-Feb-2018,180,PE,0,0,0,6.6,5.75,0,0,0,0,19-DEC-2017,
OPTSTK,NTPC,22-Feb-2018,182.5,PE,0,0,0,7.8,7,0,0,0,0,19-DEC-2017,
OPTSTK,NTPC,22-Feb-2018,185,PE,0,0,0,9.1,8.35,0,0,0,0,19-DEC-2017,
OPTSTK,NTPC,22-Feb-2018,187.5,PE,0,0,0,10.5,9.9,0,0,0,0,19-DEC-2017,
OPTSTK,NTPC,22-Feb-2018,190,PE,0,0,0,12,11.55,0,0,0,0,19-DEC-2017,
OPTSTK,NTPC,22-Feb-2018,192.5,PE,0,0,0,13.6,13.3,0,0,0,0,19-DEC-2017,
OPTSTK,NTPC,22-Feb-2018,195,PE,0,0,0,15.3,15.15,0,0,0,0,19-DEC-2017,
OPTSTK,NTPC,22-Feb-2018,197.5,PE,0,0,0,17.1,17.15,0,0,0,0,19-DEC-2017,
OPTSTK,NTPC,22-Feb-2018,200,PE,0,0,0,19,19.2,0,0,0,0,19-DEC-2017,
OPTSTK,NTPC,22-Feb-2018,202.5,PE,0,0,0,20.95,21.35,0,0,0,0,19-DEC-2017,
OPTSTK,NTPC,22-Feb-2018,205,PE,0,0,0,23,23.55,0,0,0,0,19-DEC-2017,
OPTSTK,NTPC,22-Feb-2018,207.5,PE,0,0,0,25.1,25.8,0,0,0,0,19-DEC-2017,
OPTSTK,NTPC,22-Feb-2018,210,PE,0,0,0,27.25,28.1,0,0,0,0,19-DEC-2017,
OPTSTK,NTPC,22-Feb-2018,212.5,PE,0,0,0,29.45,30.45,0,0,0,0,19-DEC-2017,
OPTSTK,OFSS,28-Dec-2017,2800,CE,0,0,0,837.9,1287.1,0,0,0,0,19-DEC-2017,
OPTSTK,OFSS,28-Dec-2017,2850,CE,0,0,0,789.3,1237.2,0,0,0,0,19-DEC-2017,
OPTSTK,OFSS,28-Dec-2017,2900,CE,0,0,0,741,1187.3,0,0,0,0,19-DEC-2017,
OPTSTK,OFSS,28-Dec-2017,2950,CE,0,0,0,693.1,1137.35,0,0,0,0,19-DEC-2017,
OPTSTK,OFSS,28-Dec-2017,3000,CE,0,0,0,645.7,1087.45,0,0,0,0,19-DEC-2017,
OPTSTK,OFSS,28-Dec-2017,3050,CE,0,0,0,599.05,1037.5,0,0,0,0,19-DEC-2017,
OPTSTK,OFSS,28-Dec-2017,3100,CE,0,0,0,553.25,987.6,0,0,0,0,19-DEC-2017,
OPTSTK,OFSS,28-Dec-2017,3150,CE,0,0,0,508.5,937.65,0,0,0,0,19-DEC-2017,
OPTSTK,OFSS,28-Dec-2017,3200,CE,0,0,0,464.95,887.75,0,0,0,0,19-DEC-2017,
OPTSTK,OFSS,28-Dec-2017,3250,CE,0,0,0,422.9,837.8,0,0,0,0,19-DEC-2017,
OPTSTK,OFSS,28-Dec-2017,3300,CE,0,0,0,382.55,787.9,0,0,0,0,19-DEC-2017,
OPTSTK,OFSS,28-Dec-2017,3350,CE,0,0,0,344,738,0,0,0,0,19-DEC-2017,
OPTSTK,OFSS,28-Dec-2017,3400,CE,0,0,0,307.6,688.05,0,0,0,0,19-DEC-2017,
OPTSTK,OFSS,28-Dec-2017,3450,CE,0,0,0,273.15,638.15,0,0,0,0,19-DEC-2017,
OPTSTK,OFSS,28-Dec-2017,3500,CE,0,0,0,241.15,588.2,0,0,0,0,19-DEC-2017,
OPTSTK,OFSS,28-Dec-2017,3550,CE,0,0,0,211.5,538.3,0,0,0,0,19-DEC-2017,
OPTSTK,OFSS,28-Dec-2017,3600,CE,0,0,0,184.35,488.4,0,0,0,0,19-DEC-2017,
OPTSTK,OFSS,28-Dec-2017,3650,CE,0,0,0,159.6,438.5,0,0,0,0,19-DEC-2017,
OPTSTK,OFSS,28-Dec-2017,3700,CE,0,0,0,137.25,388.7,0,0,0,0,19-DEC-2017,
OPTSTK,OFSS,28-Dec-2017,3750,CE,0,0,0,117.3,339.1,0,0,0,0,19-DEC-2017,
OPTSTK,OFSS,28-Dec-2017,3800,CE,0,0,0,75,290.05,0,0,0,0,19-DEC-2017,
OPTSTK,OFSS,28-Dec-2017,3850,CE,0,0,0,83.95,242.05,0,0,0,0,19-DEC-2017,
OPTSTK,OFSS,28-Dec-2017,3900,CE,177,177,177,177,177,1,6.11,600,150,19-DEC-2017,
OPTSTK,OFSS,28-Dec-2017,3950,CE,0,0,0,58.75,153.15,0,0,0,0,19-DEC-2017,
OPTSTK,OFSS,28-Dec-2017,4000,CE,0,0,0,48.45,114.7,0,0,0,0,19-DEC-2017,
OPTSTK,OFSS,28-Dec-2017,4050,CE,0,0,0,39.85,81.9,0,0,0,0,19-DEC-2017,
OPTSTK,OFSS,28-Dec-2017,4100,CE,0,0,0,32.55,55.45,0,0,0,0,19-DEC-2017,
OPTSTK,OFSS,28-Dec-2017,4150,CE,0,0,0,26.4,35.5,0,0,0,0,19-DEC-2017,
OPTSTK,OFSS,28-Dec-2017,4200,CE,0,0,0,21.3,21.4,0,0,0,0,19-DEC-2017,
OPTSTK,OFSS,28-Dec-2017,4250,CE,0,0,0,17.1,12.1,0,0,0,0,19-DEC-2017,
OPTSTK,OFSS,28-Dec-2017,4300,CE,0,0,0,13.65,6.4,0,0,0,0,19-DEC-2017,
OPTSTK,OFSS,28-Dec-2017,4350,CE,0,0,0,10.8,3.2,0,0,0,0,19-DEC-2017,
OPTSTK,OFSS,28-Dec-2017,4400,CE,0,0,0,8.5,1.5,0,0,0,0,19-DEC-2017,
OPTSTK,OFSS,28-Dec-2017,4450,CE,0,0,0,6.7,0.65,0,0,0,0,19-DEC-2017,
OPTSTK,OFSS,28-Dec-2017,4500,CE,0,0,0,5.2,0.3,0,0,0,0,19-DEC-2017,
OPTSTK,OFSS,28-Dec-2017,2800,PE,0,0,0,1.05,0,0,0,0,0,19-DEC-2017,
OPTSTK,OFSS,28-Dec-2017,2850,PE,0,0,0,1.65,0,0,0,0,0,19-DEC-2017,
OPTSTK,OFSS,28-Dec-2017,2900,PE,0,0,0,2.55,0,0,0,0,0,19-DEC-2017,
OPTSTK,OFSS,28-Dec-2017,2950,PE,0,0,0,3.9,0,0,0,0,0,19-DEC-2017,
OPTSTK,OFSS,28-Dec-2017,3000,PE,0,0,0,5.75,0,0,0,0,0,19-DEC-2017,
OPTSTK,OFSS,28-Dec-2017,3050,PE,0,0,0,8.3,0,0,0,0,0,19-DEC-2017,
OPTSTK,OFSS,28-Dec-2017,3100,PE,0,0,0,11.7,0,0,0,0,0,19-DEC-2017,
OPTSTK,OFSS,28-Dec-2017,3150,PE,0,0,0,16.15,0,0,0,0,0,19-DEC-2017,
OPTSTK,OFSS,28-Dec-2017,3200,PE,0,0,0,21.9,0,0,0,0,0,19-DEC-2017,
OPTSTK,OFSS,28-Dec-2017,3250,PE,0,0,0,29.05,0,0,0,0,0,19-DEC-2017,
OPTSTK,OFSS,28-Dec-2017,3300,PE,0,0,0,37.9,0,0,0,0,0,19-DEC-2017,
OPTSTK,OFSS,28-Dec-2017,3350,PE,0,0,0,48.6,0,0,0,0,0,19-DEC-2017,
OPTSTK,OFSS,28-Dec-2017,3400,PE,0,0,0,61.4,0,0,0,0,0,19-DEC-2017,
OPTSTK,OFSS,28-Dec-2017,3450,PE,0,0,0,76.15,0,0,0,0,0,19-DEC-2017,
OPTSTK,OFSS,28-Dec-2017,3500,PE,0,0,0,93.35,0,0,0,0,0,19-DEC-2017,
OPTSTK,OFSS,28-Dec-2017,3550,PE,0,0,0,113,0,0,0,0,0,19-DEC-2017,
OPTSTK,OFSS,28-Dec-2017,3600,PE,0,0,0,135.05,0.05,0,0,0,0,19-DEC-2017,
OPTSTK,OFSS,28-Dec-2017,3650,PE,0,0,0,159.5,0.05,0,0,0,0,19-DEC-2017,
OPTSTK,OFSS,28-Dec-2017,3700,PE,0,0,0,186.4,0.2,0,0,0,0,19-DEC-2017,
OPTSTK,OFSS,28-Dec-2017,3750,PE,0,0,0,215.65,0.5,0,0,0,0,19-DEC-2017,
OPTSTK,OFSS,28-Dec-2017,3800,PE,0,0,0,247.1,1.4,0,0,0,0,19-DEC-2017,
OPTSTK,OFSS,28-Dec-2017,3850,PE,0,0,0,280.75,3.3,0,0,0,0,19-DEC-2017,
OPTSTK,OFSS,28-Dec-2017,3900,PE,0,0,0,316.35,7.25,0,0,0,0,19-DEC-2017,
OPTSTK,OFSS,28-Dec-2017,3950,PE,0,0,0,353.95,14.3,0,0,0,0,19-DEC-2017,
OPTSTK,OFSS,28-Dec-2017,4000,PE,0,0,0,392.95,25.75,0,0,0,0,19-DEC-2017,
OPTSTK,OFSS,28-Dec-2017,4050,PE,0,0,0,433.5,42.85,0,0,0,0,19-DEC-2017,
OPTSTK,OFSS,28-Dec-2017,4100,PE,0,0,0,475.45,66.35,0,0,0,0,19-DEC-2017,
OPTSTK,OFSS,28-Dec-2017,4150,PE,0,0,0,518.55,96.25,0,0,0,0,19-DEC-2017,
OPTSTK,OFSS,28-Dec-2017,4200,PE,0,0,0,562.65,132.1,0,0,0,0,19-DEC-2017,
OPTSTK,OFSS,28-Dec-2017,4250,PE,0,0,0,607.65,172.75,0,0,0,0,19-DEC-2017,
OPTSTK,OFSS,28-Dec-2017,4300,PE,0,0,0,653.45,217,0,0,0,0,19-DEC-2017,
OPTSTK,OFSS,28-Dec-2017,4350,PE,0,0,0,699.8,263.65,0,0,0,0,19-DEC-2017,
OPTSTK,OFSS,28-Dec-2017,4400,PE,0,0,0,746.75,311.9,0,0,0,0,19-DEC-2017,
OPTSTK,OFSS,28-Dec-2017,4450,PE,0,0,0,794.15,361,0,0,0,0,19-DEC-2017,
OPTSTK,OFSS,28-Dec-2017,4500,PE,0,0,0,841.9,410.55,0,0,0,0,19-DEC-2017,
OPTSTK,OFSS,25-Jan-2018,2800,CE,0,0,0,763.75,1301,0,0,0,0,19-DEC-2017,
OPTSTK,OFSS,25-Jan-2018,2850,CE,0,0,0,715.45,1251.3,0,0,0,0,19-DEC-2017,
OPTSTK,OFSS,25-Jan-2018,2900,CE,0,0,0,667.55,1201.65,0,0,0,0,19-DEC-2017,
OPTSTK,OFSS,25-Jan-2018,2950,CE,0,0,0,620.2,1151.95,0,0,0,0,19-DEC-2017,
OPTSTK,OFSS,25-Jan-2018,3000,CE,0,0,0,573.6,1102.3,0,0,0,0,19-DEC-2017,
OPTSTK,OFSS,25-Jan-2018,3050,CE,0,0,0,527.9,1052.6,0,0,0,0,19-DEC-2017,
OPTSTK,OFSS,25-Jan-2018,3100,CE,0,0,0,483.3,1002.95,0,0,0,0,19-DEC-2017,
OPTSTK,OFSS,25-Jan-2018,3150,CE,0,0,0,440.05,953.3,0,0,0,0,19-DEC-2017,
OPTSTK,OFSS,25-Jan-2018,3200,CE,0,0,0,398.35,903.65,0,0,0,0,19-DEC-2017,
OPTSTK,OFSS,25-Jan-2018,3250,CE,0,0,0,358.4,854,0,0,0,0,19-DEC-2017,
OPTSTK,OFSS,25-Jan-2018,3300,CE,0,0,0,320.4,804.4,0,0,0,0,19-DEC-2017,
OPTSTK,OFSS,25-Jan-2018,3350,CE,0,0,0,284.55,754.85,0,0,0,0,19-DEC-2017,
OPTSTK,OFSS,25-Jan-2018,3400,CE,0,0,0,251.05,705.45,0,0,0,0,19-DEC-2017,
OPTSTK,OFSS,25-Jan-2018,3450,CE,0,0,0,220,656.2,0,0,0,0,19-DEC-2017,
OPTSTK,OFSS,25-Jan-2018,3500,CE,0,0,0,191.4,607.25,0,0,0,0,19-DEC-2017,
OPTSTK,OFSS,25-Jan-2018,3550,CE,0,0,0,165.4,558.75,0,0,0,0,19-DEC-2017,
OPTSTK,OFSS,25-Jan-2018,3600,CE,0,0,0,141.9,510.85,0,0,0,0,19-DEC-2017,
OPTSTK,OFSS,25-Jan-2018,3650,CE,0,0,0,120.85,463.8,0,0,0,0,19-DEC-2017,
OPTSTK,OFSS,25-Jan-2018,3700,CE,0,0,0,102.2,417.85,0,0,0,0,19-DEC-2017,
OPTSTK,OFSS,25-Jan-2018,3750,CE,0,0,0,85.8,373.35,0,0,0,0,19-DEC-2017,
OPTSTK,OFSS,25-Jan-2018,3800,CE,0,0,0,71.55,330.6,0,0,0,0,19-DEC-2017,
OPTSTK,OFSS,25-Jan-2018,3850,CE,0,0,0,59.4,289.9,0,0,0,0,19-DEC-2017,
OPTSTK,OFSS,25-Jan-2018,3900,CE,0,0,0,48.75,251.8,0,0,0,0,19-DEC-2017,
OPTSTK,OFSS,25-Jan-2018,3950,CE,0,0,0,39.8,216.05,0,0,0,0,19-DEC-2017,
OPTSTK,OFSS,25-Jan-2018,4000,CE,0,0,0,32.3,183.45,0,0,0,0,19-DEC-2017,
OPTSTK,OFSS,25-Jan-2018,4050,CE,0,0,0,26,153.95,0,0,0,0,19-DEC-2017,
OPTSTK,OFSS,25-Jan-2018,4100,CE,0,0,0,20.8,127.65,0,0,0,0,19-DEC-2017,
OPTSTK,OFSS,25-Jan-2018,4150,CE,0,0,0,16.55,104.5,0,0,0,0,19-DEC-2017,
OPTSTK,OFSS,25-Jan-2018,4200,CE,0,0,0,13.05,84.55,0,0,0,0,19-DEC-2017,
OPTSTK,OFSS,25-Jan-2018,4250,CE,0,0,0,10.25,67.5,0,0,0,0,19-DEC-2017,
OPTSTK,OFSS,25-Jan-2018,4300,CE,0,0,0,8,53.2,0,0,0,0,19-DEC-2017,
OPTSTK,OFSS,25-Jan-2018,4350,CE,0,0,0,6.2,41.45,0,0,0,0,19-DEC-2017,
OPTSTK,OFSS,25-Jan-2018,4400,CE,0,0,0,4.8,31.85,0,0,0,0,19-DEC-2017,
OPTSTK,OFSS,25-Jan-2018,4450,CE,0,0,0,3.65,24.15,0,0,0,0,19-DEC-2017,
OPTSTK,OFSS,25-Jan-2018,4500,CE,0,0,0,2.8,18.1,0,0,0,0,19-DEC-2017,
OPTSTK,OFSS,25-Jan-2018,2800,PE,0,0,0,1.55,0,0,0,0,0,19-DEC-2017,
OPTSTK,OFSS,25-Jan-2018,2850,PE,0,0,0,2.45,0,0,0,0,0,19-DEC-2017,
OPTSTK,OFSS,25-Jan-2018,2900,PE,0,0,0,3.8,0,0,0,0,0,19-DEC-2017,
OPTSTK,OFSS,25-Jan-2018,2950,PE,0,0,0,5.65,0,0,0,0,0,19-DEC-2017,
OPTSTK,OFSS,25-Jan-2018,3000,PE,0,0,0,8.25,0,0,0,0,0,19-DEC-2017,
OPTSTK,OFSS,25-Jan-2018,3050,PE,0,0,0,11.75,0,0,0,0,0,19-DEC-2017,
OPTSTK,OFSS,25-Jan-2018,3100,PE,0,0,0,16.4,0.05,0,0,0,0,19-DEC-2017,
OPTSTK,OFSS,25-Jan-2018,3150,PE,0,0,0,22.35,0.05,0,0,0,0,19-DEC-2017,
OPTSTK,OFSS,25-Jan-2018,3200,PE,0,0,0,29.85,0.05,0,0,0,0,19-DEC-2017,
OPTSTK,OFSS,25-Jan-2018,3250,PE,0,0,0,39.1,0.1,0,0,0,0,19-DEC-2017,
OPTSTK,OFSS,25-Jan-2018,3300,PE,0,0,0,50.35,0.15,0,0,0,0,19-DEC-2017,
OPTSTK,OFSS,25-Jan-2018,3350,PE,0,0,0,63.7,0.3,0,0,0,0,19-DEC-2017,
OPTSTK,OFSS,25-Jan-2018,3400,PE,0,0,0,79.45,0.55,0,0,0,0,19-DEC-2017,
OPTSTK,OFSS,25-Jan-2018,3450,PE,0,0,0,97.6,1,0,0,0,0,19-DEC-2017,
OPTSTK,OFSS,25-Jan-2018,3500,PE,0,0,0,118.25,1.75,0,0,0,0,19-DEC-2017,
OPTSTK,OFSS,25-Jan-2018,3550,PE,0,0,0,141.45,2.9,0,0,0,0,19-DEC-2017,
OPTSTK,OFSS,25-Jan-2018,3600,PE,0,0,0,167.1,4.7,0,0,0,0,19-DEC-2017,
OPTSTK,OFSS,25-Jan-2018,3650,PE,0,0,0,195.3,7.3,0,0,0,0,19-DEC-2017,
OPTSTK,OFSS,25-Jan-2018,3700,PE,0,0,0,225.85,11.05,0,0,0,0,19-DEC-2017,
OPTSTK,OFSS,25-Jan-2018,3750,PE,0,0,0,258.7,16.2,0,0,0,0,19-DEC-2017,
OPTSTK,OFSS,25-Jan-2018,3800,PE,0,0,0,293.65,23.1,0,0,0,0,19-DEC-2017,
OPTSTK,OFSS,25-Jan-2018,3850,PE,0,0,0,330.7,32.1,0,0,0,0,19-DEC-2017,
OPTSTK,OFSS,25-Jan-2018,3900,PE,0,0,0,369.3,43.65,0,0,0,0,19-DEC-2017,
OPTSTK,OFSS,25-Jan-2018,3950,PE,0,0,0,409.55,57.6,0,0,0,0,19-DEC-2017,
OPTSTK,OFSS,25-Jan-2018,4000,PE,0,0,0,451.25,74.65,0,0,0,0,19-DEC-2017,
OPTSTK,OFSS,25-Jan-2018,4050,PE,0,0,0,494.2,94.85,0,0,0,0,19-DEC-2017,
OPTSTK,OFSS,25-Jan-2018,4100,PE,0,0,0,538.2,118.2,0,0,0,0,19-DEC-2017,
OPTSTK,OFSS,25-Jan-2018,4150,PE,0,0,0,583.15,144.75,0,0,0,0,19-DEC-2017,
OPTSTK,OFSS,25-Jan-2018,4200,PE,0,0,0,628.9,174.45,0,0,0,0,19-DEC-2017,
OPTSTK,OFSS,25-Jan-2018,4250,PE,0,0,0,675.3,207.1,0,0,0,0,19-DEC-2017,
OPTSTK,OFSS,25-Jan-2018,4300,PE,0,0,0,722.25,242.45,0,0,0,0,19-DEC-2017,
OPTSTK,OFSS,25-Jan-2018,4350,PE,0,0,0,769.7,280.4,0,0,0,0,19-DEC-2017,
OPTSTK,OFSS,25-Jan-2018,4400,PE,0,0,0,817.5,320.45,0,0,0,0,19-DEC-2017,
OPTSTK,OFSS,25-Jan-2018,4450,PE,0,0,0,865.6,362.45,0,0,0,0,19-DEC-2017,
OPTSTK,OFSS,25-Jan-2018,4500,PE,0,0,0,913.95,406.05,0,0,0,0,19-DEC-2017,
OPTSTK,OFSS,22-Feb-2018,2800,CE,0,0,0,934.9,1314.7,0,0,0,0,19-DEC-2017,
OPTSTK,OFSS,22-Feb-2018,2850,CE,0,0,0,885.65,1265.3,0,0,0,0,19-DEC-2017,
OPTSTK,OFSS,22-Feb-2018,2900,CE,0,0,0,836.4,1215.85,0,0,0,0,19-DEC-2017,
OPTSTK,OFSS,22-Feb-2018,2950,CE,0,0,0,787.25,1166.45,0,0,0,0,19-DEC-2017,
OPTSTK,OFSS,22-Feb-2018,3000,CE,0,0,0,738.15,1117.05,0,0,0,0,19-DEC-2017,
OPTSTK,OFSS,22-Feb-2018,3050,CE,0,0,0,689.15,1067.65,0,0,0,0,19-DEC-2017,
OPTSTK,OFSS,22-Feb-2018,3100,CE,0,0,0,640.35,1018.35,0,0,0,0,19-DEC-2017,
OPTSTK,OFSS,22-Feb-2018,3150,CE,0,0,0,591.9,969.05,0,0,0,0,19-DEC-2017,
OPTSTK,OFSS,22-Feb-2018,3200,CE,0,0,0,543.95,919.9,0,0,0,0,19-DEC-2017,
OPTSTK,OFSS,22-Feb-2018,3250,CE,0,0,0,496.65,870.85,0,0,0,0,19-DEC-2017,
OPTSTK,OFSS,22-Feb-2018,3300,CE,0,0,0,450.25,822,0,0,0,0,19-DEC-2017,
OPTSTK,OFSS,22-Feb-2018,3350,CE,0,0,0,405,773.4,0,0,0,0,19-DEC-2017,
OPTSTK,OFSS,22-Feb-2018,3400,CE,0,0,0,361.3,725.2,0,0,0,0,19-DEC-2017,
OPTSTK,OFSS,22-Feb-2018,3450,CE,0,0,0,319.45,677.5,0,0,0,0,19-DEC-2017,
OPTSTK,OFSS,22-Feb-2018,3500,CE,0,0,0,279.7,630.4,0,0,0,0,19-DEC-2017,
OPTSTK,OFSS,22-Feb-2018,3550,CE,0,0,0,242.55,584.1,0,0,0,0,19-DEC-2017,
OPTSTK,OFSS,22-Feb-2018,3600,CE,0,0,0,207.9,538.75,0,0,0,0,19-DEC-2017,
OPTSTK,OFSS,22-Feb-2018,3650,CE,0,0,0,176.35,494.55,0,0,0,0,19-DEC-2017,
OPTSTK,OFSS,22-Feb-2018,3700,CE,0,0,0,147.9,451.65,0,0,0,0,19-DEC-2017,
OPTSTK,OFSS,22-Feb-2018,3750,CE,0,0,0,122.6,410.35,0,0,0,0,19-DEC-2017,
OPTSTK,OFSS,22-Feb-2018,3800,CE,0,0,0,100.4,370.7,0,0,0,0,19-DEC-2017,
OPTSTK,OFSS,22-Feb-2018,3850,CE,0,0,0,81.25,333.15,0,0,0,0,19-DEC-2017,
OPTSTK,OFSS,22-Feb-2018,3900,CE,0,0,0,64.95,297.3,0,0,0,0,19-DEC-2017,
OPTSTK,OFSS,22-Feb-2018,3950,CE,0,0,0,51.45,263.85,0,0,0,0,19-DEC-2017,
OPTSTK,OFSS,22-Feb-2018,4000,CE,0,0,0,40.05,232.7,0,0,0,0,19-DEC-2017,
OPTSTK,OFSS,22-Feb-2018,4050,CE,0,0,0,30.9,203.95,0,0,0,0,19-DEC-2017,
OPTSTK,OFSS,22-Feb-2018,4100,CE,0,0,0,23.5,177.6,0,0,0,0,19-DEC-2017,
OPTSTK,OFSS,22-Feb-2018,4150,CE,0,0,0,17.7,153.6,0,0,0,0,19-DEC-2017,
OPTSTK,OFSS,22-Feb-2018,4200,CE,0,0,0,13.15,132,0,0,0,0,19-DEC-2017,
OPTSTK,OFSS,22-Feb-2018,4250,CE,0,0,0,9.65,112.7,0,0,0,0,19-DEC-2017,
OPTSTK,OFSS,22-Feb-2018,4300,CE,0,0,0,7,95.55,0,0,0,0,19-DEC-2017,
OPTSTK,OFSS,22-Feb-2018,4350,CE,0,0,0,5.05,80.5,0,0,0,0,19-DEC-2017,
OPTSTK,OFSS,22-Feb-2018,4400,CE,0,0,0,3.6,67.55,0,0,0,0,19-DEC-2017,
OPTSTK,OFSS,22-Feb-2018,4450,CE,0,0,0,2.5,56.1,0,0,0,0,19-DEC-2017,
OPTSTK,OFSS,22-Feb-2018,4500,CE,0,0,0,1.75,46.35,0,0,0,0,19-DEC-2017,
OPTSTK,OFSS,22-Feb-2018,2800,PE,0,0,0,0.05,0,0,0,0,0,19-DEC-2017,
OPTSTK,OFSS,22-Feb-2018,2850,PE,0,0,0,0.05,0.05,0,0,0,0,19-DEC-2017,
OPTSTK,OFSS,22-Feb-2018,2900,PE,0,0,0,0.1,0.05,0,0,0,0,19-DEC-2017,
OPTSTK,OFSS,22-Feb-2018,2950,PE,0,0,0,0.2,0.05,0,0,0,0,19-DEC-2017,
OPTSTK,OFSS,22-Feb-2018,3000,PE,0,0,0,0.35,0.1,0,0,0,0,19-DEC-2017,
OPTSTK,OFSS,22-Feb-2018,3050,PE,0,0,0,0.65,0.15,0,0,0,0,19-DEC-2017,
OPTSTK,OFSS,22-Feb-2018,3100,PE,0,0,0,1.15,0.25,0,0,0,0,19-DEC-2017,
OPTSTK,OFSS,22-Feb-2018,3150,PE,0,0,0,1.95,0.4,0,0,0,0,19-DEC-2017,
OPTSTK,OFSS,22-Feb-2018,3200,PE,0,0,0,3.25,0.65,0,0,0,0,19-DEC-2017,
OPTSTK,OFSS,22-Feb-2018,3250,PE,0,0,0,5.2,1.05,0,0,0,0,19-DEC-2017,
OPTSTK,OFSS,22-Feb-2018,3300,PE,0,0,0,8.1,1.6,0,0,0,0,19-DEC-2017,
OPTSTK,OFSS,22-Feb-2018,3350,PE,0,0,0,12.15,2.45,0,0,0,0,19-DEC-2017,
OPTSTK,OFSS,22-Feb-2018,3400,PE,0,0,0,17.7,3.7,0,0,0,0,19-DEC-2017,
OPTSTK,OFSS,22-Feb-2018,3450,PE,0,0,0,25.1,5.4,0,0,0,0,19-DEC-2017,
OPTSTK,OFSS,22-Feb-2018,3500,PE,0,0,0,34.65,7.75,0,0,0,0,19-DEC-2017,
OPTSTK,OFSS,22-Feb-2018,3550,PE,0,0,0,46.75,10.9,0,0,0,0,19-DEC-2017,
OPTSTK,OFSS,22-Feb-2018,3600,PE,0,0,0,61.4,14.95,0,0,0,0,19-DEC-2017,
OPTSTK,OFSS,22-Feb-2018,3650,PE,0,0,0,79.1,20.15,0,0,0,0,19-DEC-2017,
OPTSTK,OFSS,22-Feb-2018,3700,PE,0,0,0,99.9,26.75,0,0,0,0,19-DEC-2017,
OPTSTK,OFSS,22-Feb-2018,3750,PE,0,0,0,123.85,34.8,0,0,0,0,19-DEC-2017,
OPTSTK,OFSS,22-Feb-2018,3800,PE,0,0,0,150.95,44.65,0,0,0,0,19-DEC-2017,
OPTSTK,OFSS,22-Feb-2018,3850,PE,0,0,0,181.1,56.5,0,0,0,0,19-DEC-2017,
OPTSTK,OFSS,22-Feb-2018,3900,PE,0,0,0,214.05,70.05,0,0,0,0,19-DEC-2017,
OPTSTK,OFSS,22-Feb-2018,3950,PE,0,0,0,249.8,86.05,0,0,0,0,19-DEC-2017,
OPTSTK,OFSS,22-Feb-2018,4000,PE,0,0,0,287.7,104.35,0,0,0,0,19-DEC-2017,
OPTSTK,OFSS,22-Feb-2018,4050,PE,0,0,0,327.8,125,0,0,0,0,19-DEC-2017,
OPTSTK,OFSS,22-Feb-2018,4100,PE,0,0,0,369.7,148.1,0,0,0,0,19-DEC-2017,
OPTSTK,OFSS,22-Feb-2018,4150,PE,0,0,0,413.15,173.55,0,0,0,0,19-DEC-2017,
OPTSTK,OFSS,22-Feb-2018,4200,PE,0,0,0,457.9,201.35,0,0,0,0,19-DEC-2017,
OPTSTK,OFSS,22-Feb-2018,4250,PE,0,0,0,503.65,231.5,0,0,0,0,19-DEC-2017,
OPTSTK,OFSS,22-Feb-2018,4300,PE,0,0,0,550.3,263.8,0,0,0,0,19-DEC-2017,
OPTSTK,OFSS,22-Feb-2018,4350,PE,0,0,0,597.6,298.15,0,0,0,0,19-DEC-2017,
OPTSTK,OFSS,22-Feb-2018,4400,PE,0,0,0,645.4,334.65,0,0,0,0,19-DEC-2017,
OPTSTK,OFSS,22-Feb-2018,4450,PE,0,0,0,693.6,372.6,0,0,0,0,19-DEC-2017,
OPTSTK,OFSS,22-Feb-2018,4500,PE,0,0,0,742.1,412.3,0,0,0,0,19-DEC-2017,
OPTSTK,OIL,28-Dec-2017,210,CE,0,0,0,141.65,143.65,0,0,0,0,19-DEC-2017,
OPTSTK,OIL,28-Dec-2017,220,CE,0,0,0,131.85,133.65,0,0,0,0,19-DEC-2017,
OPTSTK,OIL,28-Dec-2017,230,CE,0,0,0,122.15,123.7,0,0,0,0,19-DEC-2017,
OPTSTK,OIL,28-Dec-2017,240,CE,0,0,0,112.5,113.7,0,0,0,0,19-DEC-2017,
OPTSTK,OIL,28-Dec-2017,250,CE,0,0,0,103,103.7,0,0,0,0,19-DEC-2017,
OPTSTK,OIL,28-Dec-2017,260,CE,0,0,0,93.7,93.7,0,0,0,0,19-DEC-2017,
OPTSTK,OIL,28-Dec-2017,270,CE,0,0,0,84.65,83.75,0,0,0,0,19-DEC-2017,
OPTSTK,OIL,28-Dec-2017,280,CE,0,0,0,75.9,73.75,0,0,0,0,19-DEC-2017,
OPTSTK,OIL,28-Dec-2017,290,CE,0,0,0,67.55,63.75,0,0,0,0,19-DEC-2017,
OPTSTK,OIL,28-Dec-2017,300,CE,0,0,0,59.65,53.8,0,0,0,0,19-DEC-2017,
OPTSTK,OIL,28-Dec-2017,310,CE,0,0,0,52.3,43.8,0,0,0,0,19-DEC-2017,
OPTSTK,OIL,28-Dec-2017,320,CE,0,0,0,45.45,33.85,0,0,0,0,19-DEC-2017,
OPTSTK,OIL,28-Dec-2017,330,CE,0,0,0,39.2,24.1,0,0,0,0,19-DEC-2017,
OPTSTK,OIL,28-Dec-2017,340,CE,0,0,0,33.5,15.15,0,0,0,0,19-DEC-2017,
OPTSTK,OIL,28-Dec-2017,350,CE,0,0,0,10,7.95,0,0,13596,0,19-DEC-2017,
OPTSTK,OIL,28-Dec-2017,360,CE,4.8,5,4.25,4.5,4.5,6,49.56,31724,4532,19-DEC-2017,
OPTSTK,OIL,28-Dec-2017,370,CE,2.1,2.7,2.1,2.55,2.55,4,33.75,81576,-4532,19-DEC-2017,
OPTSTK,OIL,28-Dec-2017,380,CE,0,0,0,0.65,0.3,0,0,13596,0,19-DEC-2017,
OPTSTK,OIL,28-Dec-2017,390,CE,0.2,0.2,0.2,0.2,0.2,2,17.68,20394,0,19-DEC-2017,
OPTSTK,OIL,28-Dec-2017,400,CE,0,0,0,11.3,0.05,0,0,0,0,19-DEC-2017,
OPTSTK,OIL,28-Dec-2017,410,CE,0,0,0,9.2,0,0,0,0,0,19-DEC-2017,
OPTSTK,OIL,28-Dec-2017,420,CE,0,0,0,7.45,0,0,0,0,0,19-DEC-2017,
OPTSTK,OIL,28-Dec-2017,430,CE,0,0,0,6,0,0,0,0,0,19-DEC-2017,
OPTSTK,OIL,28-Dec-2017,440,CE,0,0,0,4.8,0,0,0,0,0,19-DEC-2017,
OPTSTK,OIL,28-Dec-2017,450,CE,0,0,0,3.85,0,0,0,0,0,19-DEC-2017,
OPTSTK,OIL,28-Dec-2017,210,PE,0,0,0,0.05,0,0,0,0,0,19-DEC-2017,
OPTSTK,OIL,28-Dec-2017,220,PE,0,0,0,0.15,0,0,0,0,0,19-DEC-2017,
OPTSTK,OIL,28-Dec-2017,230,PE,0,0,0,0.25,0,0,0,0,0,19-DEC-2017,
OPTSTK,OIL,28-Dec-2017,240,PE,0,0,0,0.45,0,0,0,0,0,19-DEC-2017,
OPTSTK,OIL,28-Dec-2017,250,PE,0,0,0,0.8,0,0,0,0,0,19-DEC-2017,
OPTSTK,OIL,28-Dec-2017,260,PE,0,0,0,1.35,0,0,0,0,0,19-DEC-2017,
OPTSTK,OIL,28-Dec-2017,270,PE,0,0,0,2.15,0,0,0,0,0,19-DEC-2017,
OPTSTK,OIL,28-Dec-2017,280,PE,0,0,0,3.25,0,0,0,0,0,19-DEC-2017,
OPTSTK,OIL,28-Dec-2017,290,PE,0,0,0,4.75,0,0,0,0,0,19-DEC-2017,
OPTSTK,OIL,28-Dec-2017,300,PE,0,0,0,6.7,0,0,0,0,0,19-DEC-2017,
OPTSTK,OIL,28-Dec-2017,310,PE,0,0,0,9.15,0,0,0,0,0,19-DEC-2017,
OPTSTK,OIL,28-Dec-2017,320,PE,0,0,0,12.15,0.05,0,0,0,0,19-DEC-2017,
OPTSTK,OIL,28-Dec-2017,330,PE,0.55,0.55,0.5,0.5,0.5,14,104.85,24926,-31724,19-DEC-2017,
OPTSTK,OIL,28-Dec-2017,340,PE,0,0,0,3.15,1.3,0,0,6798,0,19-DEC-2017,
OPTSTK,OIL,28-Dec-2017,350,PE,0,0,0,2.95,4.1,0,0,11330,0,19-DEC-2017,
OPTSTK,OIL,28-Dec-2017,360,PE,10.5,10.5,10.15,10.15,10.15,2,16.78,6798,0,19-DEC-2017,
OPTSTK,OIL,28-Dec-2017,370,PE,0,0,0,10.2,17.2,0,0,4532,0,19-DEC-2017,
OPTSTK,OIL,28-Dec-2017,380,PE,0,0,0,42.45,26.4,0,0,0,0,19-DEC-2017,
OPTSTK,OIL,28-Dec-2017,390,PE,0,0,0,49.4,36.15,0,0,0,0,19-DEC-2017,
OPTSTK,OIL,28-Dec-2017,400,PE,0,0,0,56.75,46.1,0,0,0,0,19-DEC-2017,
OPTSTK,OIL,28-Dec-2017,410,PE,0,0,0,64.5,56.1,0,0,0,0,19-DEC-2017,
OPTSTK,OIL,28-Dec-2017,420,PE,0,0,0,72.6,66.05,0,0,0,0,19-DEC-2017,
OPTSTK,OIL,28-Dec-2017,430,PE,0,0,0,81,76.05,0,0,0,0,19-DEC-2017,
OPTSTK,OIL,28-Dec-2017,440,PE,0,0,0,89.65,86.05,0,0,0,0,19-DEC-2017,
OPTSTK,OIL,28-Dec-2017,450,PE,0,0,0,98.55,96,0,0,0,0,19-DEC-2017,
OPTSTK,OIL,25-Jan-2018,210,CE,0,0,0,145.05,144.7,0,0,0,0,19-DEC-2017,
OPTSTK,OIL,25-Jan-2018,220,CE,0,0,0,135.25,134.75,0,0,0,0,19-DEC-2017,
OPTSTK,OIL,25-Jan-2018,230,CE,0,0,0,125.4,124.8,0,0,0,0,19-DEC-2017,
OPTSTK,OIL,25-Jan-2018,240,CE,0,0,0,115.65,114.9,0,0,0,0,19-DEC-2017,
OPTSTK,OIL,25-Jan-2018,250,CE,0,0,0,105.9,104.95,0,0,0,0,19-DEC-2017,
OPTSTK,OIL,25-Jan-2018,260,CE,0,0,0,96.25,95,0,0,0,0,19-DEC-2017,
OPTSTK,OIL,25-Jan-2018,270,CE,0,0,0,86.8,85.1,0,0,0,0,19-DEC-2017,
OPTSTK,OIL,25-Jan-2018,280,CE,0,0,0,77.55,75.15,0,0,0,0,19-DEC-2017,
OPTSTK,OIL,25-Jan-2018,290,CE,0,0,0,68.6,65.25,0,0,0,0,19-DEC-2017,
OPTSTK,OIL,25-Jan-2018,300,CE,0,0,0,60.05,55.5,0,0,0,0,19-DEC-2017,
OPTSTK,OIL,25-Jan-2018,310,CE,0,0,0,52,45.95,0,0,0,0,19-DEC-2017,
OPTSTK,OIL,25-Jan-2018,320,CE,0,0,0,44.55,36.8,0,0,0,0,19-DEC-2017,
OPTSTK,OIL,25-Jan-2018,330,CE,0,0,0,37.65,28.4,0,0,0,0,19-DEC-2017,
OPTSTK,OIL,25-Jan-2018,340,CE,0,0,0,31.5,20.95,0,0,0,0,19-DEC-2017,
OPTSTK,OIL,25-Jan-2018,350,CE,0,0,0,26,14.75,0,0,0,0,19-DEC-2017,
OPTSTK,OIL,25-Jan-2018,360,CE,0,0,0,21.25,9.85,0,0,0,0,19-DEC-2017,
OPTSTK,OIL,25-Jan-2018,370,CE,0,0,0,8.5,6.25,0,0,4532,0,19-DEC-2017,
OPTSTK,OIL,25-Jan-2018,380,CE,0,0,0,13.7,3.75,0,0,0,0,19-DEC-2017,
OPTSTK,OIL,25-Jan-2018,390,CE,0,0,0,10.8,2.15,0,0,0,0,19-DEC-2017,
OPTSTK,OIL,25-Jan-2018,400,CE,0,0,0,8.45,1.15,0,0,0,0,19-DEC-2017,
OPTSTK,OIL,25-Jan-2018,410,CE,0,0,0,6.55,0.6,0,0,0,0,19-DEC-2017,
OPTSTK,OIL,25-Jan-2018,420,CE,0,0,0,5,0.3,0,0,0,0,19-DEC-2017,
OPTSTK,OIL,25-Jan-2018,430,CE,0,0,0,3.8,0.15,0,0,0,0,19-DEC-2017,
OPTSTK,OIL,25-Jan-2018,440,CE,0,0,0,2.85,0.1,0,0,0,0,19-DEC-2017,
OPTSTK,OIL,25-Jan-2018,450,CE,0,0,0,2.15,0.05,0,0,0,0,19-DEC-2017,
OPTSTK,OIL,25-Jan-2018,210,PE,0,0,0,0.05,0,0,0,0,0,19-DEC-2017,
OPTSTK,OIL,25-Jan-2018,220,PE,0,0,0,0.05,0,0,0,0,0,19-DEC-2017,
OPTSTK,OIL,25-Jan-2018,230,PE,0,0,0,0.05,0,0,0,0,0,19-DEC-2017,
OPTSTK,OIL,25-Jan-2018,240,PE,0,0,0,0.1,0,0,0,0,0,19-DEC-2017,
OPTSTK,OIL,25-Jan-2018,250,PE,0,0,0,0.25,0,0,0,0,0,19-DEC-2017,
OPTSTK,OIL,25-Jan-2018,260,PE,0,0,0,0.45,0,0,0,0,0,19-DEC-2017,
OPTSTK,OIL,25-Jan-2018,270,PE,0,0,0,0.8,0,0,0,0,0,19-DEC-2017,
OPTSTK,OIL,25-Jan-2018,280,PE,0,0,0,1.4,0.05,0,0,0,0,19-DEC-2017,
OPTSTK,OIL,25-Jan-2018,290,PE,0,0,0,2.3,0.1,0,0,0,0,19-DEC-2017,
OPTSTK,OIL,25-Jan-2018,300,PE,0,0,0,3.6,0.25,0,0,0,0,19-DEC-2017,
OPTSTK,OIL,25-Jan-2018,310,PE,0,0,0,5.4,0.6,0,0,0,0,19-DEC-2017,
OPTSTK,OIL,25-Jan-2018,320,PE,0,0,0,7.75,1.45,0,0,0,0,19-DEC-2017,
OPTSTK,OIL,25-Jan-2018,330,PE,0,0,0,3,2.95,0,0,4532,0,19-DEC-2017,
OPTSTK,OIL,25-Jan-2018,340,PE,0,0,0,14.4,5.45,0,0,0,0,19-DEC-2017,
OPTSTK,OIL,25-Jan-2018,350,PE,0,0,0,18.8,9.15,0,0,0,0,19-DEC-2017,
OPTSTK,OIL,25-Jan-2018,360,PE,0,0,0,23.85,14.2,0,0,0,0,19-DEC-2017,
OPTSTK,OIL,25-Jan-2018,370,PE,0,0,0,29.6,20.55,0,0,0,0,19-DEC-2017,
OPTSTK,OIL,25-Jan-2018,380,PE,0,0,0,36,28,0,0,0,0,19-DEC-2017,
OPTSTK,OIL,25-Jan-2018,390,PE,0,0,0,42.95,36.3,0,0,0,0,19-DEC-2017,
OPTSTK,OIL,25-Jan-2018,400,PE,0,0,0,50.45,45.25,0,0,0,0,19-DEC-2017,
OPTSTK,OIL,25-Jan-2018,410,PE,0,0,0,58.35,54.65,0,0,0,0,19-DEC-2017,
OPTSTK,OIL,25-Jan-2018,420,PE,0,0,0,66.7,64.25,0,0,0,0,19-DEC-2017,
OPTSTK,OIL,25-Jan-2018,430,PE,0,0,0,75.3,74.05,0,0,0,0,19-DEC-2017,
OPTSTK,OIL,25-Jan-2018,440,PE,0,0,0,84.2,83.9,0,0,0,0,19-DEC-2017,
OPTSTK,OIL,25-Jan-2018,450,PE,0,0,0,93.35,93.8,0,0,0,0,19-DEC-2017,
OPTSTK,OIL,22-Feb-2018,220,CE,0,0,0,145.2,135.85,0,0,0,0,19-DEC-2017,
OPTSTK,OIL,22-Feb-2018,230,CE,0,0,0,135.35,125.95,0,0,0,0,19-DEC-2017,
OPTSTK,OIL,22-Feb-2018,240,CE,0,0,0,125.5,116.05,0,0,0,0,19-DEC-2017,
OPTSTK,OIL,22-Feb-2018,250,CE,0,0,0,115.65,106.2,0,0,0,0,19-DEC-2017,
OPTSTK,OIL,22-Feb-2018,260,CE,0,0,0,105.9,96.3,0,0,0,0,19-DEC-2017,
OPTSTK,OIL,22-Feb-2018,270,CE,0,0,0,96.15,86.45,0,0,0,0,19-DEC-2017,
OPTSTK,OIL,22-Feb-2018,280,CE,0,0,0,86.6,76.7,0,0,0,0,19-DEC-2017,
OPTSTK,OIL,22-Feb-2018,290,CE,0,0,0,77.2,67.05,0,0,0,0,19-DEC-2017,
OPTSTK,OIL,22-Feb-2018,300,CE,0,0,0,68.05,57.65,0,0,0,0,19-DEC-2017,
OPTSTK,OIL,22-Feb-2018,310,CE,0,0,0,59.3,48.6,0,0,0,0,19-DEC-2017,
OPTSTK,OIL,22-Feb-2018,320,CE,0,0,0,51.05,40.1,0,0,0,0,19-DEC-2017,
OPTSTK,OIL,22-Feb-2018,330,CE,0,0,0,43.35,32.35,0,0,0,0,19-DEC-2017,
OPTSTK,OIL,22-Feb-2018,340,CE,0,0,0,36.3,25.4,0,0,0,0,19-DEC-2017,
OPTSTK,OIL,22-Feb-2018,350,CE,0,0,0,29.95,19.45,0,0,0,0,19-DEC-2017,
OPTSTK,OIL,22-Feb-2018,360,CE,0,0,0,24.4,14.5,0,0,0,0,19-DEC-2017,
OPTSTK,OIL,22-Feb-2018,370,CE,0,0,0,19.6,10.5,0,0,0,0,19-DEC-2017,
OPTSTK,OIL,22-Feb-2018,380,CE,0,0,0,15.5,7.4,0,0,0,0,19-DEC-2017,
OPTSTK,OIL,22-Feb-2018,390,CE,0,0,0,12.1,5.1,0,0,0,0,19-DEC-2017,
OPTSTK,OIL,22-Feb-2018,400,CE,0,0,0,9.35,3.4,0,0,0,0,19-DEC-2017,
OPTSTK,OIL,22-Feb-2018,410,CE,0,0,0,7.1,2.2,0,0,0,0,19-DEC-2017,
OPTSTK,OIL,22-Feb-2018,420,CE,0,0,0,5.3,1.4,0,0,0,0,19-DEC-2017,
OPTSTK,OIL,22-Feb-2018,430,CE,0,0,0,3.95,0.9,0,0,0,0,19-DEC-2017,
OPTSTK,OIL,22-Feb-2018,440,CE,0,0,0,2.9,0.55,0,0,0,0,19-DEC-2017,
OPTSTK,OIL,22-Feb-2018,450,CE,0,0,0,2.1,0.35,0,0,0,0,19-DEC-2017,
OPTSTK,OIL,22-Feb-2018,220,PE,0,0,0,0.05,0,0,0,0,0,19-DEC-2017,
OPTSTK,OIL,22-Feb-2018,230,PE,0,0,0,0.05,0,0,0,0,0,19-DEC-2017,
OPTSTK,OIL,22-Feb-2018,240,PE,0,0,0,0.05,0,0,0,0,0,19-DEC-2017,
OPTSTK,OIL,22-Feb-2018,250,PE,0,0,0,0.05,0.05,0,0,0,0,19-DEC-2017,
OPTSTK,OIL,22-Feb-2018,260,PE,0,0,0,0.15,0.05,0,0,0,0,19-DEC-2017,
OPTSTK,OIL,22-Feb-2018,270,PE,0,0,0,0.3,0.1,0,0,0,0,19-DEC-2017,
OPTSTK,OIL,22-Feb-2018,280,PE,0,0,0,0.55,0.2,0,0,0,0,19-DEC-2017,
OPTSTK,OIL,22-Feb-2018,290,PE,0,0,0,1,0.45,0,0,0,0,19-DEC-2017,
OPTSTK,OIL,22-Feb-2018,300,PE,0,0,0,1.75,0.9,0,0,0,0,19-DEC-2017,
OPTSTK,OIL,22-Feb-2018,310,PE,0,0,0,2.85,1.75,0,0,0,0,19-DEC-2017,
OPTSTK,OIL,22-Feb-2018,320,PE,0,0,0,4.45,3.15,0,0,0,0,19-DEC-2017,
OPTSTK,OIL,22-Feb-2018,330,PE,0,0,0,6.6,5.3,0,0,0,0,19-DEC-2017,
OPTSTK,OIL,22-Feb-2018,340,PE,0,0,0,9.4,8.25,0,0,0,0,19-DEC-2017,
OPTSTK,OIL,22-Feb-2018,350,PE,0,0,0,12.9,12.15,0,0,0,0,19-DEC-2017,
OPTSTK,OIL,22-Feb-2018,360,PE,0,0,0,17.2,17.1,0,0,0,0,19-DEC-2017,
OPTSTK,OIL,22-Feb-2018,370,PE,0,0,0,22.25,23,0,0,0,0,19-DEC-2017,
OPTSTK,OIL,22-Feb-2018,380,PE,0,0,0,28,29.75,0,0,0,0,19-DEC-2017,
OPTSTK,OIL,22-Feb-2018,390,PE,0,0,0,34.45,37.35,0,0,0,0,19-DEC-2017,
OPTSTK,OIL,22-Feb-2018,400,PE,0,0,0,41.55,45.55,0,0,0,0,19-DEC-2017,
OPTSTK,OIL,22-Feb-2018,410,PE,0,0,0,49.15,54.25,0,0,0,0,19-DEC-2017,
OPTSTK,OIL,22-Feb-2018,420,PE,0,0,0,57.25,63.35,0,0,0,0,19-DEC-2017,
OPTSTK,OIL,22-Feb-2018,430,PE,0,0,0,65.75,72.7,0,0,0,0,19-DEC-2017,
OPTSTK,OIL,22-Feb-2018,440,PE,0,0,0,74.55,82.25,0,0,0,0,19-DEC-2017,
OPTSTK,OIL,22-Feb-2018,450,PE,0,0,0,83.6,91.9,0,0,0,0,19-DEC-2017,
OPTSTK,ONGC,28-Dec-2017,132.5,CE,0,0,0,41.4,52.95,0,0,0,0,19-DEC-2017,
OPTSTK,ONGC,28-Dec-2017,135,CE,0,0,0,39.05,50.45,0,0,0,0,19-DEC-2017,
OPTSTK,ONGC,28-Dec-2017,137.5,CE,0,0,0,36.7,47.95,0,0,0,0,19-DEC-2017,
OPTSTK,ONGC,28-Dec-2017,140,CE,0,0,0,34.4,45.45,0,0,0,0,19-DEC-2017,
OPTSTK,ONGC,28-Dec-2017,142.5,CE,0,0,0,32.15,42.95,0,0,0,0,19-DEC-2017,
OPTSTK,ONGC,28-Dec-2017,145,CE,0,0,0,30,40.45,0,0,0,0,19-DEC-2017,
OPTSTK,ONGC,28-Dec-2017,147.5,CE,0,0,0,27.85,37.95,0,0,0,0,19-DEC-2017,
OPTSTK,ONGC,28-Dec-2017,150,CE,0,0,0,31.5,35.45,0,0,3750,0,19-DEC-2017,
OPTSTK,ONGC,28-Dec-2017,152.5,CE,0,0,0,23.75,32.95,0,0,0,0,19-DEC-2017,
OPTSTK,ONGC,28-Dec-2017,155,CE,0,0,0,21.85,30.45,0,0,0,0,19-DEC-2017,
OPTSTK,ONGC,28-Dec-2017,157.5,CE,0,0,0,20,27.95,0,0,0,0,19-DEC-2017,
OPTSTK,ONGC,28-Dec-2017,160,CE,0,0,0,18.25,25.45,0,0,0,0,19-DEC-2017,
OPTSTK,ONGC,28-Dec-2017,162.5,CE,0,0,0,16.55,22.95,0,0,0,0,19-DEC-2017,
OPTSTK,ONGC,28-Dec-2017,165,CE,0,0,0,15,20.5,0,0,0,0,19-DEC-2017,
OPTSTK,ONGC,28-Dec-2017,167.5,CE,0,0,0,14.8,18,0,0,11250,0,19-DEC-2017,
OPTSTK,ONGC,28-Dec-2017,170,CE,16.2,16.2,15.2,15.2,15.2,2,13.92,48750,0,19-DEC-2017,
OPTSTK,ONGC,28-Dec-2017,172.5,CE,0,0,0,10.9,13.1,0,0,0,0,19-DEC-2017,
OPTSTK,ONGC,28-Dec-2017,175,CE,11.55,11.55,10.95,10.95,10.95,2,13.96,266250,-3750,19-DEC-2017,
OPTSTK,ONGC,28-Dec-2017,177.5,CE,0,0,0,6.95,8.55,0,0,161250,0,19-DEC-2017,
OPTSTK,ONGC,28-Dec-2017,180,CE,5.75,7.1,5.7,6.3,6.3,61,426.5,810000,-37500,19-DEC-2017,
OPTSTK,ONGC,28-Dec-2017,182.5,CE,4.25,5.05,4.15,4.3,4.3,26,182.34,183750,-41250,19-DEC-2017,
OPTSTK,ONGC,28-Dec-2017,185,CE,2.7,3.5,2.7,2.9,2.9,289,2038.03,1372500,-187500,19-DEC-2017,
OPTSTK,ONGC,28-Dec-2017,187.5,CE,2,2.45,1.7,1.85,1.85,66,469.12,412500,60000,19-DEC-2017,
OPTSTK,ONGC,28-Dec-2017,190,CE,1.5,1.55,1.05,1.15,1.15,343,2460.42,2730000,41250,19-DEC-2017,
OPTSTK,ONGC,28-Dec-2017,192.5,CE,1,1,0.7,0.75,0.75,25,181.22,251250,-33750,19-DEC-2017,
OPTSTK,ONGC,28-Dec-2017,195,CE,0.55,0.7,0.45,0.5,0.5,113,828.75,930000,37500,19-DEC-2017,
OPTSTK,ONGC,28-Dec-2017,197.5,CE,0.45,0.5,0.35,0.4,0.4,11,81.64,56250,18750,19-DEC-2017,
OPTSTK,ONGC,28-Dec-2017,200,CE,0.4,0.4,0.25,0.3,0.3,119,893.93,2028750,-33750,19-DEC-2017,
OPTSTK,ONGC,28-Dec-2017,202.5,CE,0.15,0.15,0.15,0.15,0.15,1,7.59,86250,-3750,19-DEC-2017,
OPTSTK,ONGC,28-Dec-2017,205,CE,0,0,0,0.2,0.05,0,0,82500,0,19-DEC-2017,
OPTSTK,ONGC,28-Dec-2017,207.5,CE,0.1,0.15,0.1,0.15,0.15,5,38.93,18750,-15000,19-DEC-2017,
OPTSTK,ONGC,28-Dec-2017,210,CE,0.15,0.15,0.15,0.15,0.15,4,31.52,221250,-3750,19-DEC-2017,
OPTSTK,ONGC,28-Dec-2017,212.5,CE,0,0,0,1.15,0,0,0,0,0,19-DEC-2017,
OPTSTK,ONGC,28-Dec-2017,215,CE,0.05,0.05,0.05,0.05,0.05,1,8.06,22500,-3750,19-DEC-2017,
OPTSTK,ONGC,28-Dec-2017,217.5,CE,0,0,0,0.8,0,0,0,0,0,19-DEC-2017,
OPTSTK,ONGC,28-Dec-2017,220,CE,0,0,0,0.2,0,0,0,11250,0,19-DEC-2017,
OPTSTK,ONGC,28-Dec-2017,222.5,CE,0,0,0,0.8,0,0,0,3750,0,19-DEC-2017,
OPTSTK,ONGC,28-Dec-2017,225,CE,0,0,0,0.25,0,0,0,0,0,19-DEC-2017,
OPTSTK,ONGC,28-Dec-2017,132.5,PE,0,0,0,0.3,0,0,0,0,0,19-DEC-2017,
OPTSTK,ONGC,28-Dec-2017,135,PE,0,0,0,0.4,0,0,0,0,0,19-DEC-2017,
OPTSTK,ONGC,28-Dec-2017,137.5,PE,0,0,0,0.5,0,0,0,0,0,19-DEC-2017,
OPTSTK,ONGC,28-Dec-2017,140,PE,0,0,0,0.7,0,0,0,0,0,19-DEC-2017,
OPTSTK,ONGC,28-Dec-2017,142.5,PE,0,0,0,0.9,0,0,0,0,0,19-DEC-2017,
OPTSTK,ONGC,28-Dec-2017,145,PE,0,0,0,1.15,0,0,0,0,0,19-DEC-2017,
OPTSTK,ONGC,28-Dec-2017,147.5,PE,0,0,0,1.5,0,0,0,0,0,19-DEC-2017,
OPTSTK,ONGC,28-Dec-2017,150,PE,0,0,0,0.1,0,0,0,7500,0,19-DEC-2017,
OPTSTK,ONGC,28-Dec-2017,152.5,PE,0,0,0,2.35,0,0,0,0,0,19-DEC-2017,
OPTSTK,ONGC,28-Dec-2017,155,PE,0,0,0,0.3,0,0,0,18750,0,19-DEC-2017,
OPTSTK,ONGC,28-Dec-2017,157.5,PE,0,0,0,0.2,0,0,0,56250,0,19-DEC-2017,
OPTSTK,ONGC,28-Dec-2017,160,PE,0,0,0,0.2,0,0,0,198750,0,19-DEC-2017,
OPTSTK,ONGC,28-Dec-2017,162.5,PE,0,0,0,0.15,0,0,0,97500,0,19-DEC-2017,
OPTSTK,ONGC,28-Dec-2017,165,PE,0.2,0.2,0.2,0.2,0.2,2,12.39,168750,0,19-DEC-2017,
OPTSTK,ONGC,28-Dec-2017,167.5,PE,0.2,0.2,0.2,0.2,0.2,14,88.04,75000,37500,19-DEC-2017,
OPTSTK,ONGC,28-Dec-2017,170,PE,0.3,0.3,0.2,0.25,0.25,32,204.29,675000,-30000,19-DEC-2017,
OPTSTK,ONGC,28-Dec-2017,172.5,PE,0.35,0.35,0.25,0.35,0.35,14,90.72,86250,-45000,19-DEC-2017,
OPTSTK,ONGC,28-Dec-2017,175,PE,0.5,0.5,0.35,0.4,0.4,98,644.75,450000,-63750,19-DEC-2017,
OPTSTK,ONGC,28-Dec-2017,177.5,PE,0.75,0.75,0.5,0.55,0.55,12,80.15,161250,-7500,19-DEC-2017,
OPTSTK,ONGC,28-Dec-2017,180,PE,1.55,1.55,0.8,0.95,0.95,129,875.57,622500,112500,19-DEC-2017,
OPTSTK,ONGC,28-Dec-2017,182.5,PE,2.1,2.1,1.4,1.5,1.5,27,186.51,195000,11250,19-DEC-2017,
OPTSTK,ONGC,28-Dec-2017,185,PE,3.35,3.35,2.2,2.4,2.4,49,344.84,461250,15000,19-DEC-2017,
OPTSTK,ONGC,28-Dec-2017,187.5,PE,0,0,0,8.6,4.2,0,0,71250,0,19-DEC-2017,
OPTSTK,ONGC,28-Dec-2017,190,PE,6.6,6.6,5.45,5.5,5.5,35,256.68,206250,7500,19-DEC-2017,
OPTSTK,ONGC,28-Dec-2017,192.5,PE,0,0,0,21.9,7.8,0,0,0,0,19-DEC-2017,
OPTSTK,ONGC,28-Dec-2017,195,PE,10.55,10.55,9.55,9.55,9.55,3,23.07,232500,-3750,19-DEC-2017,
OPTSTK,ONGC,28-Dec-2017,197.5,PE,0,0,0,25.8,12.25,0,0,0,0,19-DEC-2017,
OPTSTK,ONGC,28-Dec-2017,200,PE,14.7,15,14.3,14.3,14.3,3,24.15,56250,-11250,19-DEC-2017,
OPTSTK,ONGC,28-Dec-2017,202.5,PE,0,0,0,29.95,17.05,0,0,0,0,19-DEC-2017,
OPTSTK,ONGC,28-Dec-2017,205,PE,0,0,0,24.7,19.5,0,0,7500,0,19-DEC-2017,
OPTSTK,ONGC,28-Dec-2017,207.5,PE,0,0,0,34.3,22,0,0,0,0,19-DEC-2017,
OPTSTK,ONGC,28-Dec-2017,210,PE,0,0,0,36.55,24.5,0,0,0,0,19-DEC-2017,
OPTSTK,ONGC,28-Dec-2017,212.5,PE,0,0,0,38.8,27,0,0,0,0,19-DEC-2017,
OPTSTK,ONGC,28-Dec-2017,215,PE,0,0,0,41.1,29.5,0,0,0,0,19-DEC-2017,
OPTSTK,ONGC,28-Dec-2017,217.5,PE,0,0,0,43.4,32,0,0,0,0,19-DEC-2017,
OPTSTK,ONGC,28-Dec-2017,220,PE,0,0,0,45.7,34.5,0,0,0,0,19-DEC-2017,
OPTSTK,ONGC,28-Dec-2017,222.5,PE,0,0,0,48.05,36.95,0,0,0,0,19-DEC-2017,
OPTSTK,ONGC,28-Dec-2017,225,PE,0,0,0,48.3,39.45,0,0,0,0,19-DEC-2017,
OPTSTK,ONGC,25-Jan-2018,132.5,CE,0,0,0,47,53.6,0,0,0,0,19-DEC-2017,
OPTSTK,ONGC,25-Jan-2018,135,CE,0,0,0,44.55,51.1,0,0,0,0,19-DEC-2017,
OPTSTK,ONGC,25-Jan-2018,137.5,CE,0,0,0,42.1,48.6,0,0,0,0,19-DEC-2017,
OPTSTK,ONGC,25-Jan-2018,140,CE,0,0,0,39.7,46.15,0,0,0,0,19-DEC-2017,
OPTSTK,ONGC,25-Jan-2018,142.5,CE,0,0,0,37.3,43.65,0,0,0,0,19-DEC-2017,
OPTSTK,ONGC,25-Jan-2018,145,CE,0,0,0,34.95,41.15,0,0,0,0,19-DEC-2017,
OPTSTK,ONGC,25-Jan-2018,147.5,CE,0,0,0,32.6,38.7,0,0,0,0,19-DEC-2017,
OPTSTK,ONGC,25-Jan-2018,150,CE,0,0,0,30.3,36.2,0,0,0,0,19-DEC-2017,
OPTSTK,ONGC,25-Jan-2018,152.5,CE,0,0,0,28.05,33.75,0,0,0,0,19-DEC-2017,
OPTSTK,ONGC,25-Jan-2018,155,CE,0,0,0,25.9,31.3,0,0,0,0,19-DEC-2017,
OPTSTK,ONGC,25-Jan-2018,157.5,CE,0,0,0,23.75,28.85,0,0,0,0,19-DEC-2017,
OPTSTK,ONGC,25-Jan-2018,160,CE,0,0,0,21.7,26.45,0,0,0,0,19-DEC-2017,
OPTSTK,ONGC,25-Jan-2018,162.5,CE,0,0,0,19.75,24.1,0,0,0,0,19-DEC-2017,
OPTSTK,ONGC,25-Jan-2018,165,CE,0,0,0,17.85,21.75,0,0,0,0,19-DEC-2017,
OPTSTK,ONGC,25-Jan-2018,167.5,CE,0,0,0,16.05,19.5,0,0,0,0,19-DEC-2017,
OPTSTK,ONGC,25-Jan-2018,170,CE,0,0,0,12.8,17.35,0,0,3750,0,19-DEC-2017,
OPTSTK,ONGC,25-Jan-2018,172.5,CE,0,0,0,12.85,15.3,0,0,0,0,19-DEC-2017,
OPTSTK,ONGC,25-Jan-2018,175,CE,0,0,0,11.9,13.3,0,0,22500,0,19-DEC-2017,
OPTSTK,ONGC,25-Jan-2018,177.5,CE,0,0,0,10,11.5,0,0,0,0,19-DEC-2017,
OPTSTK,ONGC,25-Jan-2018,180,CE,0,0,0,9,9.8,0,0,0,0,19-DEC-2017,
OPTSTK,ONGC,25-Jan-2018,182.5,CE,0,0,0,7.75,8.3,0,0,3750,0,19-DEC-2017,
OPTSTK,ONGC,25-Jan-2018,185,CE,6,6,6,6,6,1,7.16,7500,3750,19-DEC-2017,
OPTSTK,ONGC,25-Jan-2018,187.5,CE,0,0,0,5.75,5.7,0,0,0,0,19-DEC-2017,
OPTSTK,ONGC,25-Jan-2018,190,CE,4.3,4.5,3.85,3.95,3.95,47,342.22,210000,78750,19-DEC-2017,
OPTSTK,ONGC,25-Jan-2018,192.5,CE,0,0,0,4.2,3.75,0,0,0,0,19-DEC-2017,
OPTSTK,ONGC,25-Jan-2018,195,CE,0,0,0,3.6,3,0,0,0,0,19-DEC-2017,
OPTSTK,ONGC,25-Jan-2018,197.5,CE,0,0,0,3.05,2.35,0,0,0,0,19-DEC-2017,
OPTSTK,ONGC,25-Jan-2018,200,CE,2,2.1,1.65,1.8,1.8,41,310.35,153750,131250,19-DEC-2017,
OPTSTK,ONGC,25-Jan-2018,202.5,CE,0,0,0,2.15,1.4,0,0,0,0,19-DEC-2017,
OPTSTK,ONGC,25-Jan-2018,205,CE,0,0,0,1.8,1.05,0,0,0,0,19-DEC-2017,
OPTSTK,ONGC,25-Jan-2018,207.5,CE,0,0,0,1.5,0.8,0,0,0,0,19-DEC-2017,
OPTSTK,ONGC,25-Jan-2018,210,CE,0,0,0,0.9,0.6,0,0,11250,0,19-DEC-2017,
OPTSTK,ONGC,25-Jan-2018,212.5,CE,0,0,0,1,0.45,0,0,0,0,19-DEC-2017,
OPTSTK,ONGC,25-Jan-2018,215,CE,0,0,0,0.8,0.3,0,0,0,0,19-DEC-2017,
OPTSTK,ONGC,25-Jan-2018,217.5,CE,0,0,0,0.65,0.25,0,0,0,0,19-DEC-2017,
OPTSTK,ONGC,25-Jan-2018,220,CE,0,0,0,0.55,0.15,0,0,0,0,19-DEC-2017,
OPTSTK,ONGC,25-Jan-2018,222.5,CE,0,0,0,0.45,0.15,0,0,0,0,19-DEC-2017,
OPTSTK,ONGC,25-Jan-2018,225,CE,0,0,0,0.35,0.1,0,0,0,0,19-DEC-2017,
OPTSTK,ONGC,25-Jan-2018,132.5,PE,0,0,0,0.05,0,0,0,0,0,19-DEC-2017,
OPTSTK,ONGC,25-Jan-2018,135,PE,0,0,0,0.1,0,0,0,0,0,19-DEC-2017,
OPTSTK,ONGC,25-Jan-2018,137.5,PE,0,0,0,0.1,0,0,0,0,0,19-DEC-2017,
OPTSTK,ONGC,25-Jan-2018,140,PE,0,0,0,0.15,0,0,0,0,0,19-DEC-2017,
OPTSTK,ONGC,25-Jan-2018,142.5,PE,0,0,0,0.25,0,0,0,0,0,19-DEC-2017,
OPTSTK,ONGC,25-Jan-2018,145,PE,0,0,0,0.3,0.05,0,0,0,0,19-DEC-2017,
OPTSTK,ONGC,25-Jan-2018,147.5,PE,0,0,0,0.45,0.05,0,0,0,0,19-DEC-2017,
OPTSTK,ONGC,25-Jan-2018,150,PE,0,0,0,0.6,0.05,0,0,0,0,19-DEC-2017,
OPTSTK,ONGC,25-Jan-2018,152.5,PE,0,0,0,0.85,0.05,0,0,0,0,19-DEC-2017,
OPTSTK,ONGC,25-Jan-2018,155,PE,0,0,0,1.1,0.1,0,0,0,0,19-DEC-2017,
OPTSTK,ONGC,25-Jan-2018,157.5,PE,0,0,0,1.45,0.15,0,0,0,0,19-DEC-2017,
OPTSTK,ONGC,25-Jan-2018,160,PE,0,0,0,1.85,0.2,0,0,0,0,19-DEC-2017,
OPTSTK,ONGC,25-Jan-2018,162.5,PE,0,0,0,2.35,0.35,0,0,0,0,19-DEC-2017,
OPTSTK,ONGC,25-Jan-2018,165,PE,0,0,0,2.9,0.5,0,0,0,0,19-DEC-2017,
OPTSTK,ONGC,25-Jan-2018,167.5,PE,0,0,0,3.6,0.75,0,0,0,0,19-DEC-2017,
OPTSTK,ONGC,25-Jan-2018,170,PE,1.05,1.1,1.05,1.05,1.05,13,83.39,116250,48750,19-DEC-2017,
OPTSTK,ONGC,25-Jan-2018,172.5,PE,0,0,0,5.25,1.45,0,0,0,0,19-DEC-2017,
OPTSTK,ONGC,25-Jan-2018,175,PE,0,0,0,4.05,2,0,0,41250,0,19-DEC-2017,
OPTSTK,ONGC,25-Jan-2018,177.5,PE,0,0,0,7.4,2.65,0,0,0,0,19-DEC-2017,
OPTSTK,ONGC,25-Jan-2018,180,PE,3.2,3.2,3.05,3.05,3.05,9,61.78,33750,26250,19-DEC-2017,
OPTSTK,ONGC,25-Jan-2018,182.5,PE,0,0,0,9.95,4.4,0,0,0,0,19-DEC-2017,
OPTSTK,ONGC,25-Jan-2018,185,PE,5.2,5.2,5,5,5,4,28.52,15000,15000,19-DEC-2017,
OPTSTK,ONGC,25-Jan-2018,187.5,PE,0,0,0,12.95,6.8,0,0,0,0,19-DEC-2017,
OPTSTK,ONGC,25-Jan-2018,190,PE,0,0,0,14.6,8.2,0,0,0,0,19-DEC-2017,
OPTSTK,ONGC,25-Jan-2018,192.5,PE,0,0,0,16.35,9.8,0,0,0,0,19-DEC-2017,
OPTSTK,ONGC,25-Jan-2018,195,PE,0,0,0,9.65,11.5,0,0,3750,0,19-DEC-2017,
OPTSTK,ONGC,25-Jan-2018,197.5,PE,12.8,12.8,12.8,12.8,12.8,2,15.77,7500,7500,19-DEC-2017,
OPTSTK,ONGC,25-Jan-2018,200,PE,16,16,16,16,16,1,8.1,3750,3750,19-DEC-2017,
OPTSTK,ONGC,25-Jan-2018,202.5,PE,0,0,0,24.1,17.4,0,0,0,0,19-DEC-2017,
OPTSTK,ONGC,25-Jan-2018,205,PE,0,0,0,19.45,19.55,0,0,3750,0,19-DEC-2017,
OPTSTK,ONGC,25-Jan-2018,207.5,PE,0,0,0,28.35,21.75,0,0,0,0,19-DEC-2017,
OPTSTK,ONGC,25-Jan-2018,210,PE,0,0,0,30.6,24.05,0,0,0,0,19-DEC-2017,
OPTSTK,ONGC,25-Jan-2018,212.5,PE,0,0,0,32.8,26.35,0,0,0,0,19-DEC-2017,
OPTSTK,ONGC,25-Jan-2018,215,PE,0,0,0,35.1,28.75,0,0,0,0,19-DEC-2017,
OPTSTK,ONGC,25-Jan-2018,217.5,PE,0,0,0,37.4,31.1,0,0,0,0,19-DEC-2017,
OPTSTK,ONGC,25-Jan-2018,220,PE,0,0,0,39.75,33.55,0,0,0,0,19-DEC-2017,
OPTSTK,ONGC,25-Jan-2018,222.5,PE,0,0,0,42.1,36,0,0,0,0,19-DEC-2017,
OPTSTK,ONGC,25-Jan-2018,225,PE,0,0,0,44.5,38.45,0,0,0,0,19-DEC-2017,
OPTSTK,ONGC,22-Feb-2018,132.5,CE,0,0,0,50.2,54.25,0,0,0,0,19-DEC-2017,
OPTSTK,ONGC,22-Feb-2018,135,CE,0,0,0,47.8,51.75,0,0,0,0,19-DEC-2017,
OPTSTK,ONGC,22-Feb-2018,137.5,CE,0,0,0,45.4,49.3,0,0,0,0,19-DEC-2017,
OPTSTK,ONGC,22-Feb-2018,140,CE,0,0,0,43,46.85,0,0,0,0,19-DEC-2017,
OPTSTK,ONGC,22-Feb-2018,142.5,CE,0,0,0,40.65,44.4,0,0,0,0,19-DEC-2017,
OPTSTK,ONGC,22-Feb-2018,145,CE,0,0,0,38.3,41.95,0,0,0,0,19-DEC-2017,
OPTSTK,ONGC,22-Feb-2018,147.5,CE,0,0,0,36.05,39.5,0,0,0,0,19-DEC-2017,
OPTSTK,ONGC,22-Feb-2018,150,CE,0,0,0,33.8,37.1,0,0,0,0,19-DEC-2017,
OPTSTK,ONGC,22-Feb-2018,152.5,CE,0,0,0,31.6,34.7,0,0,0,0,19-DEC-2017,
OPTSTK,ONGC,22-Feb-2018,155,CE,0,0,0,29.45,32.35,0,0,0,0,19-DEC-2017,
OPTSTK,ONGC,22-Feb-2018,157.5,CE,0,0,0,27.35,30,0,0,0,0,19-DEC-2017,
OPTSTK,ONGC,22-Feb-2018,160,CE,0,0,0,25.35,27.7,0,0,0,0,19-DEC-2017,
OPTSTK,ONGC,22-Feb-2018,162.5,CE,0,0,0,23.4,25.5,0,0,0,0,19-DEC-2017,
OPTSTK,ONGC,22-Feb-2018,165,CE,0,0,0,21.55,23.3,0,0,0,0,19-DEC-2017,
OPTSTK,ONGC,22-Feb-2018,167.5,CE,0,0,0,19.75,21.25,0,0,0,0,19-DEC-2017,
OPTSTK,ONGC,22-Feb-2018,170,CE,0,0,0,18.05,19.25,0,0,0,0,19-DEC-2017,
OPTSTK,ONGC,22-Feb-2018,172.5,CE,0,0,0,16.45,17.3,0,0,0,0,19-DEC-2017,
OPTSTK,ONGC,22-Feb-2018,175,CE,0,0,0,14.9,15.5,0,0,0,0,19-DEC-2017,
OPTSTK,ONGC,22-Feb-2018,177.5,CE,0,0,0,13.5,13.8,0,0,0,0,19-DEC-2017,
OPTSTK,ONGC,22-Feb-2018,180,CE,0,0,0,12.15,12.2,0,0,0,0,19-DEC-2017,
OPTSTK,ONGC,22-Feb-2018,182.5,CE,0,0,0,10.95,10.75,0,0,0,0,19-DEC-2017,
OPTSTK,ONGC,22-Feb-2018,185,CE,0,0,0,9.8,9.4,0,0,0,0,19-DEC-2017,
OPTSTK,ONGC,22-Feb-2018,187.5,CE,0,0,0,8.75,8.15,0,0,0,0,19-DEC-2017,
OPTSTK,ONGC,22-Feb-2018,190,CE,0,0,0,7.75,7.05,0,0,0,0,19-DEC-2017,
OPTSTK,ONGC,22-Feb-2018,192.5,CE,0,0,0,6.9,6.05,0,0,0,0,19-DEC-2017,
OPTSTK,ONGC,22-Feb-2018,195,CE,0,0,0,6.1,5.15,0,0,0,0,19-DEC-2017,
OPTSTK,ONGC,22-Feb-2018,197.5,CE,0,0,0,5.35,4.35,0,0,0,0,19-DEC-2017,
OPTSTK,ONGC,22-Feb-2018,200,CE,0,0,0,4.7,3.65,0,0,0,0,19-DEC-2017,
OPTSTK,ONGC,22-Feb-2018,202.5,CE,0,0,0,4.1,3.1,0,0,0,0,19-DEC-2017,
OPTSTK,ONGC,22-Feb-2018,205,CE,0,0,0,3.6,2.55,0,0,0,0,19-DEC-2017,
OPTSTK,ONGC,22-Feb-2018,207.5,CE,0,0,0,3.1,2.1,0,0,0,0,19-DEC-2017,
OPTSTK,ONGC,22-Feb-2018,210,CE,0,0,0,2.7,1.75,0,0,0,0,19-DEC-2017,
OPTSTK,ONGC,22-Feb-2018,212.5,CE,0,0,0,2.35,1.45,0,0,0,0,19-DEC-2017,
OPTSTK,ONGC,22-Feb-2018,215,CE,0,0,0,2,1.15,0,0,0,0,19-DEC-2017,
OPTSTK,ONGC,22-Feb-2018,217.5,CE,0,0,0,1.75,0.95,0,0,0,0,19-DEC-2017,
OPTSTK,ONGC,22-Feb-2018,220,CE,0,0,0,1.5,0.75,0,0,0,0,19-DEC-2017,
OPTSTK,ONGC,22-Feb-2018,222.5,CE,0,0,0,1.3,0.6,0,0,0,0,19-DEC-2017,
OPTSTK,ONGC,22-Feb-2018,225,CE,0,0,0,1.1,0.5,0,0,0,0,19-DEC-2017,
OPTSTK,ONGC,22-Feb-2018,132.5,PE,0,0,0,0.1,0,0,0,0,0,19-DEC-2017,
OPTSTK,ONGC,22-Feb-2018,135,PE,0,0,0,0.15,0.05,0,0,0,0,19-DEC-2017,
OPTSTK,ONGC,22-Feb-2018,137.5,PE,0,0,0,0.25,0.05,0,0,0,0,19-DEC-2017,
OPTSTK,ONGC,22-Feb-2018,140,PE,0,0,0,0.3,0.05,0,0,0,0,19-DEC-2017,
OPTSTK,ONGC,22-Feb-2018,142.5,PE,0,0,0,0.4,0.05,0,0,0,0,19-DEC-2017,
OPTSTK,ONGC,22-Feb-2018,145,PE,0,0,0,0.55,0.1,0,0,0,0,19-DEC-2017,
OPTSTK,ONGC,22-Feb-2018,147.5,PE,0,0,0,0.75,0.1,0,0,0,0,19-DEC-2017,
OPTSTK,ONGC,22-Feb-2018,150,PE,0,0,0,0.95,0.2,0,0,0,0,19-DEC-2017,
OPTSTK,ONGC,22-Feb-2018,152.5,PE,0,0,0,1.2,0.25,0,0,0,0,19-DEC-2017,
OPTSTK,ONGC,22-Feb-2018,155,PE,0,0,0,1.55,0.35,0,0,0,0,19-DEC-2017,
OPTSTK,ONGC,22-Feb-2018,157.5,PE,0,0,0,1.9,0.5,0,0,0,0,19-DEC-2017,
OPTSTK,ONGC,22-Feb-2018,160,PE,0,0,0,2.35,0.7,0,0,0,0,19-DEC-2017,
OPTSTK,ONGC,22-Feb-2018,162.5,PE,0,0,0,2.9,0.95,0,0,0,0,19-DEC-2017,
OPTSTK,ONGC,22-Feb-2018,165,PE,0,0,0,3.5,1.25,0,0,0,0,19-DEC-2017,
OPTSTK,ONGC,22-Feb-2018,167.5,PE,0,0,0,4.15,1.6,0,0,0,0,19-DEC-2017,
OPTSTK,ONGC,22-Feb-2018,170,PE,0,0,0,4.9,2.1,0,0,0,0,19-DEC-2017,
OPTSTK,ONGC,22-Feb-2018,172.5,PE,0,0,0,5.75,2.65,0,0,0,0,19-DEC-2017,
OPTSTK,ONGC,22-Feb-2018,175,PE,0,0,0,6.7,3.3,0,0,0,0,19-DEC-2017,
OPTSTK,ONGC,22-Feb-2018,177.5,PE,0,0,0,7.75,4.05,0,0,0,0,19-DEC-2017,
OPTSTK,ONGC,22-Feb-2018,180,PE,0,0,0,8.9,4.95,0,0,0,0,19-DEC-2017,
OPTSTK,ONGC,22-Feb-2018,182.5,PE,0,0,0,10.1,5.95,0,0,0,0,19-DEC-2017,
OPTSTK,ONGC,22-Feb-2018,185,PE,0,0,0,11.45,7.05,0,0,0,0,19-DEC-2017,
OPTSTK,ONGC,22-Feb-2018,187.5,PE,0,0,0,12.85,8.3,0,0,0,0,19-DEC-2017,
OPTSTK,ONGC,22-Feb-2018,190,PE,0,0,0,14.35,9.65,0,0,0,0,19-DEC-2017,
OPTSTK,ONGC,22-Feb-2018,192.5,PE,0,0,0,15.9,11.15,0,0,0,0,19-DEC-2017,
OPTSTK,ONGC,22-Feb-2018,195,PE,0,0,0,17.6,12.7,0,0,0,0,19-DEC-2017,
OPTSTK,ONGC,22-Feb-2018,197.5,PE,0,0,0,19.3,14.4,0,0,0,0,19-DEC-2017,
OPTSTK,ONGC,22-Feb-2018,200,PE,0,0,0,21.15,16.2,0,0,0,0,19-DEC-2017,
OPTSTK,ONGC,22-Feb-2018,202.5,PE,0,0,0,23,18.05,0,0,0,0,19-DEC-2017,
OPTSTK,ONGC,22-Feb-2018,205,PE,0,0,0,24.95,20,0,0,0,0,19-DEC-2017,
OPTSTK,ONGC,22-Feb-2018,207.5,PE,0,0,0,26.95,22.05,0,0,0,0,19-DEC-2017,
OPTSTK,ONGC,22-Feb-2018,210,PE,0,0,0,29,24.15,0,0,0,0,19-DEC-2017,
OPTSTK,ONGC,22-Feb-2018,212.5,PE,0,0,0,31.1,26.3,0,0,0,0,19-DEC-2017,
OPTSTK,ONGC,22-Feb-2018,215,PE,0,0,0,33.25,28.5,0,0,0,0,19-DEC-2017,
OPTSTK,ONGC,22-Feb-2018,217.5,PE,0,0,0,35.4,30.75,0,0,0,0,19-DEC-2017,
OPTSTK,ONGC,22-Feb-2018,220,PE,0,0,0,37.65,33.05,0,0,0,0,19-DEC-2017,
OPTSTK,ONGC,22-Feb-2018,222.5,PE,0,0,0,39.9,35.35,0,0,0,0,19-DEC-2017,
OPTSTK,ONGC,22-Feb-2018,225,PE,0,0,0,42.15,37.7,0,0,0,0,19-DEC-2017,
OPTSTK,ORIENTBANK,28-Dec-2017,85,CE,0,0,0,36.35,39.05,0,0,0,0,19-DEC-2017,
OPTSTK,ORIENTBANK,28-Dec-2017,90,CE,0,0,0,31.8,34.05,0,0,0,0,19-DEC-2017,
OPTSTK,ORIENTBANK,28-Dec-2017,95,CE,0,0,0,27.45,29.05,0,0,0,0,19-DEC-2017,
OPTSTK,ORIENTBANK,28-Dec-2017,100,CE,0,0,0,23.35,24.1,0,0,0,0,19-DEC-2017,
OPTSTK,ORIENTBANK,28-Dec-2017,105,CE,0,0,0,14.5,19.15,0,0,12000,0,19-DEC-2017,
OPTSTK,ORIENTBANK,28-Dec-2017,110,CE,0,0,0,14.35,14.3,0,0,12000,0,19-DEC-2017,
OPTSTK,ORIENTBANK,28-Dec-2017,115,CE,8.8,8.8,8.8,8.8,8.8,1,7.42,18000,-6000,19-DEC-2017,
OPTSTK,ORIENTBANK,28-Dec-2017,120,CE,5.4,6.2,4.55,5.7,5.7,12,90.31,168000,-6000,19-DEC-2017,
OPTSTK,ORIENTBANK,28-Dec-2017,125,CE,2.85,3.6,2.15,2.75,2.75,106,813.34,432000,-36000,19-DEC-2017,
OPTSTK,ORIENTBANK,28-Dec-2017,130,CE,1.35,1.65,1.05,1.4,1.4,54,425.73,540000,-6000,19-DEC-2017,
OPTSTK,ORIENTBANK,28-Dec-2017,135,CE,0.6,0.8,0.35,0.6,0.6,22,178.98,276000,0,19-DEC-2017,
OPTSTK,ORIENTBANK,28-Dec-2017,140,CE,1.15,1.15,0.25,0.3,0.3,19,160.02,396000,-30000,19-DEC-2017,
OPTSTK,ORIENTBANK,28-Dec-2017,145,CE,0,0,0,0.2,0.1,0,0,48000,0,19-DEC-2017,
OPTSTK,ORIENTBANK,28-Dec-2017,150,CE,0.1,0.1,0.1,0.1,0.1,3,27.01,120000,0,19-DEC-2017,
OPTSTK,ORIENTBANK,28-Dec-2017,155,CE,0,0,0,0.15,0.05,0,0,12000,0,19-DEC-2017,
OPTSTK,ORIENTBANK,28-Dec-2017,160,CE,0,0,0,0.2,0,0,0,36000,0,19-DEC-2017,
OPTSTK,ORIENTBANK,28-Dec-2017,165,CE,0,0,0,0.25,0,0,0,24000,0,19-DEC-2017,
OPTSTK,ORIENTBANK,28-Dec-2017,170,CE,0,0,0,0.7,0,0,0,0,0,19-DEC-2017,
OPTSTK,ORIENTBANK,28-Dec-2017,175,CE,0,0,0,0.5,0,0,0,0,0,19-DEC-2017,
OPTSTK,ORIENTBANK,28-Dec-2017,180,CE,0,0,0,0.35,0,0,0,0,0,19-DEC-2017,
OPTSTK,ORIENTBANK,28-Dec-2017,85,PE,0,0,0,0.4,0,0,0,0,0,19-DEC-2017,
OPTSTK,ORIENTBANK,28-Dec-2017,90,PE,0,0,0,0.75,0,0,0,0,0,19-DEC-2017,
OPTSTK,ORIENTBANK,28-Dec-2017,95,PE,0,0,0,1.3,0,0,0,0,0,19-DEC-2017,
OPTSTK,ORIENTBANK,28-Dec-2017,100,PE,0,0,0,0.25,0.05,0,0,30000,0,19-DEC-2017,
OPTSTK,ORIENTBANK,28-Dec-2017,105,PE,0.85,0.85,0.1,0.1,0.1,5,31.57,18000,0,19-DEC-2017,
OPTSTK,ORIENTBANK,28-Dec-2017,110,PE,0.35,0.35,0.2,0.2,0.2,16,105.85,150000,12000,19-DEC-2017,
OPTSTK,ORIENTBANK,28-Dec-2017,115,PE,0.85,0.95,0.45,0.45,0.45,22,152.77,204000,-6000,19-DEC-2017,
OPTSTK,ORIENTBANK,28-Dec-2017,120,PE,1.8,1.8,1.2,1.2,1.2,4,29.16,252000,0,19-DEC-2017,
OPTSTK,ORIENTBANK,28-Dec-2017,125,PE,5,5,3.1,3.3,3.3,31,239.09,258000,54000,19-DEC-2017,
OPTSTK,ORIENTBANK,28-Dec-2017,130,PE,7.65,7.65,6.2,7,7,7,57.46,168000,-18000,19-DEC-2017,
OPTSTK,ORIENTBANK,28-Dec-2017,135,PE,0,0,0,15.5,11.6,0,0,42000,0,19-DEC-2017,
OPTSTK,ORIENTBANK,28-Dec-2017,140,PE,0,0,0,21.85,16.15,0,0,42000,0,19-DEC-2017,
OPTSTK,ORIENTBANK,28-Dec-2017,145,PE,0,0,0,26.5,21,0,0,24000,0,19-DEC-2017,
OPTSTK,ORIENTBANK,28-Dec-2017,150,PE,27.4,27.4,27.4,27.4,27.4,1,10.64,24000,-6000,19-DEC-2017,
OPTSTK,ORIENTBANK,28-Dec-2017,155,PE,0,0,0,34.65,30.9,0,0,0,0,19-DEC-2017,
OPTSTK,ORIENTBANK,28-Dec-2017,160,PE,0,0,0,30.8,35.85,0,0,6000,0,19-DEC-2017,
OPTSTK,ORIENTBANK,28-Dec-2017,165,PE,0,0,0,43.7,40.85,0,0,0,0,19-DEC-2017,
OPTSTK,ORIENTBANK,28-Dec-2017,170,PE,0,0,0,48.4,45.85,0,0,0,0,19-DEC-2017,
OPTSTK,ORIENTBANK,28-Dec-2017,175,PE,0,0,0,53.15,50.85,0,0,0,0,19-DEC-2017,
OPTSTK,ORIENTBANK,28-Dec-2017,180,PE,0,0,0,57.9,55.85,0,0,0,0,19-DEC-2017,
OPTSTK,ORIENTBANK,25-Jan-2018,85,CE,0,0,0,68,39.5,0,0,0,0,19-DEC-2017,
OPTSTK,ORIENTBANK,25-Jan-2018,90,CE,0,0,0,64.4,34.6,0,0,0,0,19-DEC-2017,
OPTSTK,ORIENTBANK,25-Jan-2018,95,CE,0,0,0,60.95,29.8,0,0,0,0,19-DEC-2017,
OPTSTK,ORIENTBANK,25-Jan-2018,100,CE,0,0,0,57.65,25.2,0,0,0,0,19-DEC-2017,
OPTSTK,ORIENTBANK,25-Jan-2018,105,CE,0,0,0,54.5,20.85,0,0,0,0,19-DEC-2017,
OPTSTK,ORIENTBANK,25-Jan-2018,110,CE,0,0,0,51.5,16.85,0,0,0,0,19-DEC-2017,
OPTSTK,ORIENTBANK,25-Jan-2018,115,CE,0,0,0,48.65,13.25,0,0,0,0,19-DEC-2017,
OPTSTK,ORIENTBANK,25-Jan-2018,120,CE,0,0,0,10,10.2,0,0,6000,0,19-DEC-2017,
OPTSTK,ORIENTBANK,25-Jan-2018,125,CE,0,0,0,43.4,7.65,0,0,0,0,19-DEC-2017,
OPTSTK,ORIENTBANK,25-Jan-2018,130,CE,4.4,4.85,4.25,4.75,4.75,15,121.25,78000,60000,19-DEC-2017,
OPTSTK,ORIENTBANK,25-Jan-2018,135,CE,0,0,0,4,4,0,0,6000,0,19-DEC-2017,
OPTSTK,ORIENTBANK,25-Jan-2018,140,CE,0,0,0,36.55,2.8,0,0,0,0,19-DEC-2017,
OPTSTK,ORIENTBANK,25-Jan-2018,145,CE,0,0,0,34.55,1.9,0,0,0,0,19-DEC-2017,
OPTSTK,ORIENTBANK,25-Jan-2018,150,CE,0,0,0,32.6,1.3,0,0,0,0,19-DEC-2017,
OPTSTK,ORIENTBANK,25-Jan-2018,155,CE,0,0,0,30.8,0.85,0,0,0,0,19-DEC-2017,
OPTSTK,ORIENTBANK,25-Jan-2018,160,CE,0,0,0,29.05,0.55,0,0,0,0,19-DEC-2017,
OPTSTK,ORIENTBANK,25-Jan-2018,165,CE,0,0,0,27.45,0.35,0,0,0,0,19-DEC-2017,
OPTSTK,ORIENTBANK,25-Jan-2018,170,CE,0,0,0,25.95,0.25,0,0,0,0,19-DEC-2017,
OPTSTK,ORIENTBANK,25-Jan-2018,175,CE,0,0,0,24.5,0.15,0,0,0,0,19-DEC-2017,
OPTSTK,ORIENTBANK,25-Jan-2018,180,CE,0,0,0,23.15,0.1,0,0,0,0,19-DEC-2017,
OPTSTK,ORIENTBANK,25-Jan-2018,85,PE,0,0,0,5.55,0.05,0,0,0,0,19-DEC-2017,
OPTSTK,ORIENTBANK,25-Jan-2018,90,PE,0,0,0,6.85,0.15,0,0,0,0,19-DEC-2017,
OPTSTK,ORIENTBANK,25-Jan-2018,95,PE,0,0,0,8.3,0.3,0,0,0,0,19-DEC-2017,
OPTSTK,ORIENTBANK,25-Jan-2018,100,PE,0,0,0,9.9,0.65,0,0,0,0,19-DEC-2017,
OPTSTK,ORIENTBANK,25-Jan-2018,105,PE,0,0,0,11.7,1.25,0,0,0,0,19-DEC-2017,
OPTSTK,ORIENTBANK,25-Jan-2018,110,PE,0,0,0,2.25,2.2,0,0,6000,0,19-DEC-2017,
OPTSTK,ORIENTBANK,25-Jan-2018,115,PE,3,3,3,3,3,6,42.48,42000,36000,19-DEC-2017,
OPTSTK,ORIENTBANK,25-Jan-2018,120,PE,0,0,0,17.95,5.5,0,0,0,0,19-DEC-2017,
OPTSTK,ORIENTBANK,25-Jan-2018,125,PE,6.5,6.5,6.5,6.5,6.5,3,23.67,42000,18000,19-DEC-2017,
OPTSTK,ORIENTBANK,25-Jan-2018,130,PE,0,0,0,22.8,10.85,0,0,0,0,19-DEC-2017,
OPTSTK,ORIENTBANK,25-Jan-2018,135,PE,0,0,0,25.45,14.2,0,0,0,0,19-DEC-2017,
OPTSTK,ORIENTBANK,25-Jan-2018,140,PE,0,0,0,28.2,18,0,0,0,0,19-DEC-2017,
OPTSTK,ORIENTBANK,25-Jan-2018,145,PE,0,0,0,31.1,22.05,0,0,0,0,19-DEC-2017,
OPTSTK,ORIENTBANK,25-Jan-2018,150,PE,0,0,0,34.1,26.4,0,0,0,0,19-DEC-2017,
OPTSTK,ORIENTBANK,25-Jan-2018,155,PE,0,0,0,37.2,30.95,0,0,0,0,19-DEC-2017,
OPTSTK,ORIENTBANK,25-Jan-2018,160,PE,0,0,0,40.4,35.6,0,0,0,0,19-DEC-2017,
OPTSTK,ORIENTBANK,25-Jan-2018,165,PE,0,0,0,43.7,40.4,0,0,0,0,19-DEC-2017,
OPTSTK,ORIENTBANK,25-Jan-2018,170,PE,0,0,0,47.1,45.2,0,0,0,0,19-DEC-2017,
OPTSTK,ORIENTBANK,25-Jan-2018,175,PE,0,0,0,50.6,50.1,0,0,0,0,19-DEC-2017,
OPTSTK,ORIENTBANK,25-Jan-2018,180,PE,0,0,0,54.15,55.05,0,0,0,0,19-DEC-2017,
OPTSTK,ORIENTBANK,22-Feb-2018,85,CE,0,0,0,44.45,40.15,0,0,0,0,19-DEC-2017,
OPTSTK,ORIENTBANK,22-Feb-2018,90,CE,0,0,0,40.3,35.45,0,0,0,0,19-DEC-2017,
OPTSTK,ORIENTBANK,22-Feb-2018,95,CE,0,0,0,36.35,30.95,0,0,0,0,19-DEC-2017,
OPTSTK,ORIENTBANK,22-Feb-2018,100,CE,0,0,0,32.65,26.7,0,0,0,0,19-DEC-2017,
OPTSTK,ORIENTBANK,22-Feb-2018,105,CE,0,0,0,29.2,22.7,0,0,0,0,19-DEC-2017,
OPTSTK,ORIENTBANK,22-Feb-2018,110,CE,0,0,0,26,19.05,0,0,0,0,19-DEC-2017,
OPTSTK,ORIENTBANK,22-Feb-2018,115,CE,0,0,0,23.05,15.8,0,0,0,0,19-DEC-2017,
OPTSTK,ORIENTBANK,22-Feb-2018,120,CE,0,0,0,20.35,12.9,0,0,0,0,19-DEC-2017,
OPTSTK,ORIENTBANK,22-Feb-2018,125,CE,0,0,0,17.95,10.45,0,0,0,0,19-DEC-2017,
OPTSTK,ORIENTBANK,22-Feb-2018,130,CE,0,0,0,15.75,8.35,0,0,0,0,19-DEC-2017,
OPTSTK,ORIENTBANK,22-Feb-2018,135,CE,0,0,0,13.8,6.55,0,0,0,0,19-DEC-2017,
OPTSTK,ORIENTBANK,22-Feb-2018,140,CE,0,0,0,12.05,5.15,0,0,0,0,19-DEC-2017,
OPTSTK,ORIENTBANK,22-Feb-2018,145,CE,0,0,0,10.5,3.95,0,0,0,0,19-DEC-2017,
OPTSTK,ORIENTBANK,22-Feb-2018,150,CE,0,0,0,9.1,3.05,0,0,0,0,19-DEC-2017,
OPTSTK,ORIENTBANK,22-Feb-2018,155,CE,0,0,0,7.9,2.3,0,0,0,0,19-DEC-2017,
OPTSTK,ORIENTBANK,22-Feb-2018,160,CE,0,0,0,6.85,1.75,0,0,0,0,19-DEC-2017,
OPTSTK,ORIENTBANK,22-Feb-2018,165,CE,0,0,0,5.95,1.3,0,0,0,0,19-DEC-2017,
OPTSTK,ORIENTBANK,22-Feb-2018,170,CE,0,0,0,5.15,0.95,0,0,0,0,19-DEC-2017,
OPTSTK,ORIENTBANK,22-Feb-2018,175,CE,0,0,0,4.4,0.7,0,0,0,0,19-DEC-2017,
OPTSTK,ORIENTBANK,22-Feb-2018,180,CE,0,0,0,3.8,0.55,0,0,0,0,19-DEC-2017,
OPTSTK,ORIENTBANK,22-Feb-2018,85,PE,0,0,0,1.65,0.3,0,0,0,0,19-DEC-2017,
OPTSTK,ORIENTBANK,22-Feb-2018,90,PE,0,0,0,2.45,0.55,0,0,0,0,19-DEC-2017,
OPTSTK,ORIENTBANK,22-Feb-2018,95,PE,0,0,0,3.4,0.95,0,0,0,0,19-DEC-2017,
OPTSTK,ORIENTBANK,22-Feb-2018,100,PE,0,0,0,4.65,1.65,0,0,0,0,19-DEC-2017,
OPTSTK,ORIENTBANK,22-Feb-2018,105,PE,0,0,0,6.1,2.6,0,0,0,0,19-DEC-2017,
OPTSTK,ORIENTBANK,22-Feb-2018,110,PE,0,0,0,7.85,3.9,0,0,0,0,19-DEC-2017,
OPTSTK,ORIENTBANK,22-Feb-2018,115,PE,0,0,0,9.85,5.6,0,0,0,0,19-DEC-2017,
OPTSTK,ORIENTBANK,22-Feb-2018,120,PE,0,0,0,12.05,7.65,0,0,0,0,19-DEC-2017,
OPTSTK,ORIENTBANK,22-Feb-2018,125,PE,0,0,0,14.55,10.1,0,0,0,0,19-DEC-2017,
OPTSTK,ORIENTBANK,22-Feb-2018,130,PE,0,0,0,17.3,12.95,0,0,0,0,19-DEC-2017,
OPTSTK,ORIENTBANK,22-Feb-2018,135,PE,0,0,0,20.3,16.15,0,0,0,0,19-DEC-2017,
OPTSTK,ORIENTBANK,22-Feb-2018,140,PE,0,0,0,23.45,19.65,0,0,0,0,19-DEC-2017,
OPTSTK,ORIENTBANK,22-Feb-2018,145,PE,0,0,0,26.85,23.4,0,0,0,0,19-DEC-2017,
OPTSTK,ORIENTBANK,22-Feb-2018,150,PE,0,0,0,30.4,27.45,0,0,0,0,19-DEC-2017,
OPTSTK,ORIENTBANK,22-Feb-2018,155,PE,0,0,0,34.1,31.65,0,0,0,0,19-DEC-2017,
OPTSTK,ORIENTBANK,22-Feb-2018,160,PE,0,0,0,38,36,0,0,0,0,19-DEC-2017,
OPTSTK,ORIENTBANK,22-Feb-2018,165,PE,0,0,0,42,40.5,0,0,0,0,19-DEC-2017,
OPTSTK,ORIENTBANK,22-Feb-2018,170,PE,0,0,0,46.1,45.15,0,0,0,0,19-DEC-2017,
OPTSTK,ORIENTBANK,22-Feb-2018,175,PE,0,0,0,50.3,49.8,0,0,0,0,19-DEC-2017,
OPTSTK,ORIENTBANK,22-Feb-2018,180,PE,0,0,0,54.65,54.6,0,0,0,0,19-DEC-2017,
OPTSTK,PAGEIND,28-Dec-2017,17400,CE,0,0,0,1854.05,7955,0,0,0,0,19-DEC-2017,
OPTSTK,PAGEIND,28-Dec-2017,17450,CE,0,0,0,1822.15,7905.1,0,0,0,0,19-DEC-2017,
OPTSTK,PAGEIND,28-Dec-2017,17500,CE,0,0,0,1790.6,7855.2,0,0,0,0,19-DEC-2017,
OPTSTK,PAGEIND,28-Dec-2017,17550,CE,0,0,0,1759.45,7805.25,0,0,0,0,19-DEC-2017,
OPTSTK,PAGEIND,28-Dec-2017,17600,CE,0,0,0,1728.6,7755.35,0,0,0,0,19-DEC-2017,
OPTSTK,PAGEIND,28-Dec-2017,17650,CE,0,0,0,1698.05,7705.4,0,0,0,0,19-DEC-2017,
OPTSTK,PAGEIND,28-Dec-2017,17700,CE,0,0,0,1667.9,7655.5,0,0,0,0,19-DEC-2017,
OPTSTK,PAGEIND,28-Dec-2017,17750,CE,0,0,0,1638.1,7605.55,0,0,0,0,19-DEC-2017,
OPTSTK,PAGEIND,28-Dec-2017,17800,CE,0,0,0,1608.6,7555.65,0,0,0,0,19-DEC-2017,
OPTSTK,PAGEIND,28-Dec-2017,17850,CE,0,0,0,1579.5,7505.75,0,0,0,0,19-DEC-2017,
OPTSTK,PAGEIND,28-Dec-2017,17900,CE,0,0,0,1550.7,7455.8,0,0,0,0,19-DEC-2017,
OPTSTK,PAGEIND,28-Dec-2017,17950,CE,0,0,0,1522.25,7405.9,0,0,0,0,19-DEC-2017,
OPTSTK,PAGEIND,28-Dec-2017,18000,CE,0,0,0,1494.2,7355.95,0,0,0,0,19-DEC-2017,
OPTSTK,PAGEIND,28-Dec-2017,18050,CE,0,0,0,1466.45,7306.05,0,0,0,0,19-DEC-2017,
OPTSTK,PAGEIND,28-Dec-2017,18100,CE,0,0,0,1439.05,7256.15,0,0,0,0,19-DEC-2017,
OPTSTK,PAGEIND,28-Dec-2017,18150,CE,0,0,0,1412,7206.2,0,0,0,0,19-DEC-2017,
OPTSTK,PAGEIND,28-Dec-2017,18200,CE,0,0,0,1385.3,7156.3,0,0,0,0,19-DEC-2017,
OPTSTK,PAGEIND,28-Dec-2017,18250,CE,0,0,0,1358.95,7106.35,0,0,0,0,19-DEC-2017,
OPTSTK,PAGEIND,28-Dec-2017,18300,CE,0,0,0,1332.95,7056.45,0,0,0,0,19-DEC-2017,
OPTSTK,PAGEIND,28-Dec-2017,18350,CE,0,0,0,1307.25,7006.55,0,0,0,0,19-DEC-2017,
OPTSTK,PAGEIND,28-Dec-2017,18400,CE,0,0,0,1281.95,6956.6,0,0,0,0,19-DEC-2017,
OPTSTK,PAGEIND,28-Dec-2017,18450,CE,0,0,0,1257,6906.7,0,0,0,0,19-DEC-2017,
OPTSTK,PAGEIND,28-Dec-2017,18500,CE,0,0,0,1232.3,6856.8,0,0,0,0,19-DEC-2017,
OPTSTK,PAGEIND,28-Dec-2017,18550,CE,0,0,0,1208,6806.85,0,0,0,0,19-DEC-2017,
OPTSTK,PAGEIND,28-Dec-2017,18600,CE,0,0,0,1184.05,6756.95,0,0,0,0,19-DEC-2017,
OPTSTK,PAGEIND,28-Dec-2017,18650,CE,0,0,0,1160.45,6707.05,0,0,0,0,19-DEC-2017,
OPTSTK,PAGEIND,28-Dec-2017,18700,CE,0,0,0,1137.15,6657.15,0,0,0,0,19-DEC-2017,
OPTSTK,PAGEIND,28-Dec-2017,18750,CE,0,0,0,1114.25,6607.2,0,0,0,0,19-DEC-2017,
OPTSTK,PAGEIND,28-Dec-2017,18800,CE,0,0,0,1091.65,6557.3,0,0,0,0,19-DEC-2017,
OPTSTK,PAGEIND,28-Dec-2017,18850,CE,0,0,0,1069.4,6507.4,0,0,0,0,19-DEC-2017,
OPTSTK,PAGEIND,28-Dec-2017,18900,CE,0,0,0,1047.45,6457.5,0,0,0,0,19-DEC-2017,
OPTSTK,PAGEIND,28-Dec-2017,18950,CE,0,0,0,1025.9,6407.6,0,0,0,0,19-DEC-2017,
OPTSTK,PAGEIND,28-Dec-2017,19000,CE,0,0,0,1004.6,6357.7,0,0,0,0,19-DEC-2017,
OPTSTK,PAGEIND,28-Dec-2017,19050,CE,0,0,0,983.7,6307.8,0,0,0,0,19-DEC-2017,
OPTSTK,PAGEIND,28-Dec-2017,19100,CE,0,0,0,963.05,6257.9,0,0,0,0,19-DEC-2017,
OPTSTK,PAGEIND,28-Dec-2017,19150,CE,0,0,0,942.8,6208,0,0,0,0,19-DEC-2017,
OPTSTK,PAGEIND,28-Dec-2017,19200,CE,0,0,0,922.85,6158.1,0,0,0,0,19-DEC-2017,
OPTSTK,PAGEIND,28-Dec-2017,19250,CE,0,0,0,903.2,6108.2,0,0,0,0,19-DEC-2017,
OPTSTK,PAGEIND,28-Dec-2017,19300,CE,0,0,0,883.85,6058.35,0,0,0,0,19-DEC-2017,
OPTSTK,PAGEIND,28-Dec-2017,19350,CE,0,0,0,864.85,6008.45,0,0,0,0,19-DEC-2017,
OPTSTK,PAGEIND,28-Dec-2017,19400,CE,0,0,0,846.15,5958.6,0,0,0,0,19-DEC-2017,
OPTSTK,PAGEIND,28-Dec-2017,19450,CE,0,0,0,777.05,5908.7,0,0,0,0,19-DEC-2017,
OPTSTK,PAGEIND,28-Dec-2017,19500,CE,0,0,0,794.3,5858.85,0,0,0,0,19-DEC-2017,
OPTSTK,PAGEIND,28-Dec-2017,19550,CE,0,0,0,775.5,5809,0,0,0,0,19-DEC-2017,
OPTSTK,PAGEIND,28-Dec-2017,19600,CE,0,0,0,757.05,5759.15,0,0,0,0,19-DEC-2017,
OPTSTK,PAGEIND,28-Dec-2017,19650,CE,0,0,0,921.2,5709.3,0,0,0,0,19-DEC-2017,
OPTSTK,PAGEIND,28-Dec-2017,19700,CE,0,0,0,900.6,5659.45,0,0,0,0,19-DEC-2017,
OPTSTK,PAGEIND,28-Dec-2017,19750,CE,0,0,0,880.4,5609.65,0,0,0,0,19-DEC-2017,
OPTSTK,PAGEIND,28-Dec-2017,19800,CE,0,0,0,860.5,5559.8,0,0,0,0,19-DEC-2017,
OPTSTK,PAGEIND,28-Dec-2017,19850,CE,0,0,0,840.95,5510,0,0,0,0,19-DEC-2017,
OPTSTK,PAGEIND,28-Dec-2017,19900,CE,0,0,0,821.75,5460.2,0,0,0,0,19-DEC-2017,
OPTSTK,PAGEIND,28-Dec-2017,19950,CE,0,0,0,802.9,5410.45,0,0,0,0,19-DEC-2017,
OPTSTK,PAGEIND,28-Dec-2017,20000,CE,0,0,0,784.35,5360.65,0,0,0,0,19-DEC-2017,
OPTSTK,PAGEIND,28-Dec-2017,20050,CE,0,0,0,603.95,5310.9,0,0,0,0,19-DEC-2017,
OPTSTK,PAGEIND,28-Dec-2017,20100,CE,0,0,0,586.35,5261.15,0,0,0,0,19-DEC-2017,
OPTSTK,PAGEIND,28-Dec-2017,20150,CE,0,0,0,833.05,5211.45,0,0,0,0,19-DEC-2017,
OPTSTK,PAGEIND,28-Dec-2017,20200,CE,0,0,0,811.9,5161.75,0,0,0,0,19-DEC-2017,
OPTSTK,PAGEIND,28-Dec-2017,20250,CE,0,0,0,791.2,5112.05,0,0,0,0,19-DEC-2017,
OPTSTK,PAGEIND,28-Dec-2017,20300,CE,0,0,0,770.85,5062.35,0,0,0,0,19-DEC-2017,
OPTSTK,PAGEIND,28-Dec-2017,20350,CE,0,0,0,750.9,5012.75,0,0,0,0,19-DEC-2017,
OPTSTK,PAGEIND,28-Dec-2017,20400,CE,0,0,0,731.35,4963.1,0,0,0,0,19-DEC-2017,
OPTSTK,PAGEIND,28-Dec-2017,20450,CE,0,0,0,712.15,4913.5,0,0,0,0,19-DEC-2017,
OPTSTK,PAGEIND,28-Dec-2017,20500,CE,0,0,0,693.35,4863.95,0,0,0,0,19-DEC-2017,
OPTSTK,PAGEIND,28-Dec-2017,20550,CE,0,0,0,674.9,4814.4,0,0,0,0,19-DEC-2017,
OPTSTK,PAGEIND,28-Dec-2017,20600,CE,0,0,0,656.85,4764.9,0,0,0,0,19-DEC-2017,
OPTSTK,PAGEIND,28-Dec-2017,20650,CE,0,0,0,639.15,4715.4,0,0,0,0,19-DEC-2017,
OPTSTK,PAGEIND,28-Dec-2017,20700,CE,0,0,0,840.65,4665.95,0,0,0,0,19-DEC-2017,
OPTSTK,PAGEIND,28-Dec-2017,20750,CE,0,0,0,820.2,4616.55,0,0,0,0,19-DEC-2017,
OPTSTK,PAGEIND,28-Dec-2017,20800,CE,0,0,0,800.1,4567.2,0,0,0,0,19-DEC-2017,
OPTSTK,PAGEIND,28-Dec-2017,20850,CE,0,0,0,780.4,4517.85,0,0,0,0,19-DEC-2017,
OPTSTK,PAGEIND,28-Dec-2017,20900,CE,0,0,0,761.05,4468.6,0,0,0,0,19-DEC-2017,
OPTSTK,PAGEIND,28-Dec-2017,20950,CE,0,0,0,742.05,4419.35,0,0,0,0,19-DEC-2017,
OPTSTK,PAGEIND,28-Dec-2017,21000,CE,0,0,0,723.4,4370.15,0,0,0,0,19-DEC-2017,
OPTSTK,PAGEIND,28-Dec-2017,21050,CE,0,0,0,705.15,4321.05,0,0,0,0,19-DEC-2017,
OPTSTK,PAGEIND,28-Dec-2017,21100,CE,0,0,0,687.2,4271.95,0,0,0,0,19-DEC-2017,
OPTSTK,PAGEIND,28-Dec-2017,21150,CE,0,0,0,811.95,4222.95,0,0,0,0,19-DEC-2017,
OPTSTK,PAGEIND,28-Dec-2017,21200,CE,0,0,0,792.2,4174,0,0,0,0,19-DEC-2017,
OPTSTK,PAGEIND,28-Dec-2017,21250,CE,0,0,0,772.85,4125.15,0,0,0,0,19-DEC-2017,
OPTSTK,PAGEIND,28-Dec-2017,21300,CE,0,0,0,753.85,4076.3,0,0,0,0,19-DEC-2017,
OPTSTK,PAGEIND,28-Dec-2017,21350,CE,0,0,0,735.15,4027.6,0,0,0,0,19-DEC-2017,
OPTSTK,PAGEIND,28-Dec-2017,21400,CE,0,0,0,716.85,3978.95,0,0,0,0,19-DEC-2017,
OPTSTK,PAGEIND,28-Dec-2017,21450,CE,0,0,0,698.9,3930.35,0,0,0,0,19-DEC-2017,
OPTSTK,PAGEIND,28-Dec-2017,21500,CE,0,0,0,692.65,3881.85,0,0,0,0,19-DEC-2017,
OPTSTK,PAGEIND,28-Dec-2017,21550,CE,0,0,0,674.8,3833.5,0,0,0,0,19-DEC-2017,
OPTSTK,PAGEIND,28-Dec-2017,21600,CE,0,0,0,617.45,3785.2,0,0,0,0,19-DEC-2017,
OPTSTK,PAGEIND,28-Dec-2017,21650,CE,0,0,0,637.65,3737,0,0,0,0,19-DEC-2017,
OPTSTK,PAGEIND,28-Dec-2017,21700,CE,0,0,0,619.35,3688.9,0,0,0,0,19-DEC-2017,
OPTSTK,PAGEIND,28-Dec-2017,21750,CE,0,0,0,601.45,3640.9,0,0,0,0,19-DEC-2017,
OPTSTK,PAGEIND,28-Dec-2017,21800,CE,0,0,0,583.9,3593.05,0,0,0,0,19-DEC-2017,
OPTSTK,PAGEIND,28-Dec-2017,21850,CE,0,0,0,566.8,3545.3,0,0,0,0,19-DEC-2017,
OPTSTK,PAGEIND,28-Dec-2017,21900,CE,0,0,0,2002.6,3497.65,0,0,0,0,19-DEC-2017,
OPTSTK,PAGEIND,28-Dec-2017,21950,CE,0,0,0,1975.1,3450.2,0,0,0,0,19-DEC-2017,
OPTSTK,PAGEIND,28-Dec-2017,22000,CE,0,0,0,1947.85,3402.85,0,0,0,0,19-DEC-2017,
OPTSTK,PAGEIND,28-Dec-2017,22050,CE,0,0,0,1920.9,3355.6,0,0,0,0,19-DEC-2017,
OPTSTK,PAGEIND,28-Dec-2017,22100,CE,0,0,0,1894.2,3308.55,0,0,0,0,19-DEC-2017,
OPTSTK,PAGEIND,28-Dec-2017,22150,CE,0,0,0,1867.75,3261.65,0,0,0,0,19-DEC-2017,
OPTSTK,PAGEIND,28-Dec-2017,22200,CE,0,0,0,1841.55,3214.9,0,0,0,0,19-DEC-2017,
OPTSTK,PAGEIND,28-Dec-2017,22250,CE,0,0,0,1815.6,3168.35,0,0,0,0,19-DEC-2017,
OPTSTK,PAGEIND,28-Dec-2017,22300,CE,0,0,0,1789.95,3121.9,0,0,0,0,19-DEC-2017,
OPTSTK,PAGEIND,28-Dec-2017,22350,CE,0,0,0,1764.5,3075.7,0,0,0,0,19-DEC-2017,
OPTSTK,PAGEIND,28-Dec-2017,22400,CE,0,0,0,1739.35,3029.65,0,0,0,0,19-DEC-2017,
OPTSTK,PAGEIND,28-Dec-2017,22450,CE,0,0,0,1714.35,2983.8,0,0,0,0,19-DEC-2017,
OPTSTK,PAGEIND,28-Dec-2017,22500,CE,0,0,0,1689.7,2938.15,0,0,0,0,19-DEC-2017,
OPTSTK,PAGEIND,28-Dec-2017,22550,CE,0,0,0,1665.3,2892.7,0,0,0,0,19-DEC-2017,
OPTSTK,PAGEIND,28-Dec-2017,22600,CE,0,0,0,1641.15,2847.45,0,0,0,0,19-DEC-2017,
OPTSTK,PAGEIND,28-Dec-2017,22650,CE,0,0,0,1617.25,2802.45,0,0,0,0,19-DEC-2017,
OPTSTK,PAGEIND,28-Dec-2017,22700,CE,0,0,0,1593.6,2757.65,0,0,0,0,19-DEC-2017,
OPTSTK,PAGEIND,28-Dec-2017,22750,CE,0,0,0,1570.2,2713.1,0,0,0,0,19-DEC-2017,
OPTSTK,PAGEIND,28-Dec-2017,22800,CE,0,0,0,1547.05,2668.8,0,0,0,0,19-DEC-2017,
OPTSTK,PAGEIND,28-Dec-2017,22850,CE,0,0,0,1524.2,2624.75,0,0,0,0,19-DEC-2017,
OPTSTK,PAGEIND,28-Dec-2017,22900,CE,0,0,0,1501.55,2580.9,0,0,0,0,19-DEC-2017,
OPTSTK,PAGEIND,28-Dec-2017,22950,CE,0,0,0,1479.15,2537.35,0,0,0,0,19-DEC-2017,
OPTSTK,PAGEIND,28-Dec-2017,23000,CE,0,0,0,1457,2494.1,0,0,0,0,19-DEC-2017,
OPTSTK,PAGEIND,28-Dec-2017,23050,CE,0,0,0,1435.1,2451.1,0,0,0,0,19-DEC-2017,
OPTSTK,PAGEIND,28-Dec-2017,23100,CE,0,0,0,1413.45,2408.35,0,0,0,0,19-DEC-2017,
OPTSTK,PAGEIND,28-Dec-2017,23150,CE,0,0,0,1392.05,2365.9,0,0,0,0,19-DEC-2017,
OPTSTK,PAGEIND,28-Dec-2017,23200,CE,0,0,0,1370.9,2323.75,0,0,0,0,19-DEC-2017,
OPTSTK,PAGEIND,28-Dec-2017,23250,CE,0,0,0,1350,2281.95,0,0,0,0,19-DEC-2017,
OPTSTK,PAGEIND,28-Dec-2017,23300,CE,0,0,0,1329.3,2240.4,0,0,0,0,19-DEC-2017,
OPTSTK,PAGEIND,28-Dec-2017,23350,CE,0,0,0,1308.85,2199.2,0,0,0,0,19-DEC-2017,
OPTSTK,PAGEIND,28-Dec-2017,23400,CE,0,0,0,1288.65,2158.3,0,0,0,0,19-DEC-2017,
OPTSTK,PAGEIND,28-Dec-2017,23450,CE,0,0,0,1268.7,2117.75,0,0,0,0,19-DEC-2017,
OPTSTK,PAGEIND,28-Dec-2017,23500,CE,0,0,0,1249,2077.5,0,0,0,0,19-DEC-2017,
OPTSTK,PAGEIND,28-Dec-2017,23550,CE,0,0,0,1229.5,2037.65,0,0,0,0,19-DEC-2017,
OPTSTK,PAGEIND,28-Dec-2017,23600,CE,0,0,0,1210.25,1998.1,0,0,0,0,19-DEC-2017,
OPTSTK,PAGEIND,28-Dec-2017,23650,CE,0,0,0,1253.8,1958.95,0,0,0,0,19-DEC-2017,
OPTSTK,PAGEIND,28-Dec-2017,23700,CE,0,0,0,1233.1,1920.15,0,0,0,0,19-DEC-2017,
OPTSTK,PAGEIND,28-Dec-2017,23750,CE,0,0,0,1212.6,1881.7,0,0,0,0,19-DEC-2017,
OPTSTK,PAGEIND,28-Dec-2017,23800,CE,0,0,0,1192.4,1843.65,0,0,0,0,19-DEC-2017,
OPTSTK,PAGEIND,28-Dec-2017,23850,CE,0,0,0,1172.4,1805.95,0,0,0,0,19-DEC-2017,
OPTSTK,PAGEIND,28-Dec-2017,23900,CE,0,0,0,1152.7,1769.6,0,0,0,0,19-DEC-2017,
OPTSTK,PAGEIND,28-Dec-2017,23950,CE,0,0,0,1133.25,1732.6,0,0,0,0,19-DEC-2017,
OPTSTK,PAGEIND,28-Dec-2017,24000,CE,0,0,0,1114.05,1696,0,0,0,0,19-DEC-2017,
OPTSTK,PAGEIND,28-Dec-2017,24050,CE,0,0,0,1095.05,1659.85,0,0,0,0,19-DEC-2017,
OPTSTK,PAGEIND,28-Dec-2017,24100,CE,0,0,0,1744.95,1623.1,0,0,0,0,19-DEC-2017,
OPTSTK,PAGEIND,28-Dec-2017,24150,CE,0,0,0,1720.85,1587.8,0,0,0,0,19-DEC-2017,
OPTSTK,PAGEIND,28-Dec-2017,24200,CE,0,0,0,1697,1552.95,0,0,0,0,19-DEC-2017,
OPTSTK,PAGEIND,28-Dec-2017,24250,CE,0,0,0,1673.45,1518.55,0,0,0,0,19-DEC-2017,
OPTSTK,PAGEIND,28-Dec-2017,24300,CE,0,0,0,1650.05,1484.55,0,0,0,0,19-DEC-2017,
OPTSTK,PAGEIND,28-Dec-2017,24350,CE,0,0,0,1626.95,1450.95,0,0,0,0,19-DEC-2017,
OPTSTK,PAGEIND,28-Dec-2017,24400,CE,0,0,0,1604.05,1417.8,0,0,0,0,19-DEC-2017,
OPTSTK,PAGEIND,28-Dec-2017,24450,CE,0,0,0,1581.4,1385.1,0,0,0,0,19-DEC-2017,
OPTSTK,PAGEIND,28-Dec-2017,24500,CE,0,0,0,1559,1352.85,0,0,0,0,19-DEC-2017,
OPTSTK,PAGEIND,28-Dec-2017,24550,CE,0,0,0,1536.85,1321.05,0,0,0,0,19-DEC-2017,
OPTSTK,PAGEIND,28-Dec-2017,24600,CE,0,0,0,1514.9,1289.65,0,0,0,0,19-DEC-2017,
OPTSTK,PAGEIND,28-Dec-2017,24650,CE,0,0,0,1493.2,1258.75,0,0,0,0,19-DEC-2017,
OPTSTK,PAGEIND,28-Dec-2017,24700,CE,0,0,0,1471.7,1228.3,0,0,0,0,19-DEC-2017,
OPTSTK,PAGEIND,28-Dec-2017,24750,CE,0,0,0,1450.45,1198.25,0,0,0,0,19-DEC-2017,
OPTSTK,PAGEIND,28-Dec-2017,24800,CE,0,0,0,1429.45,1168.7,0,0,0,0,19-DEC-2017,
OPTSTK,PAGEIND,28-Dec-2017,24850,CE,0,0,0,1408.65,1139.6,0,0,0,0,19-DEC-2017,
OPTSTK,PAGEIND,28-Dec-2017,24900,CE,0,0,0,1388.1,1110.95,0,0,0,0,19-DEC-2017,
OPTSTK,PAGEIND,28-Dec-2017,24950,CE,0,0,0,1367.8,1082.8,0,0,0,0,19-DEC-2017,
OPTSTK,PAGEIND,28-Dec-2017,25000,CE,0,0,0,1347.7,1055.05,0,0,0,0,19-DEC-2017,
OPTSTK,PAGEIND,28-Dec-2017,25050,CE,0,0,0,1327.8,1027.8,0,0,0,0,19-DEC-2017,
OPTSTK,PAGEIND,28-Dec-2017,25100,CE,0,0,0,1308.15,1001,0,0,0,0,19-DEC-2017,
OPTSTK,PAGEIND,28-Dec-2017,25150,CE,0,0,0,1288.75,974.65,0,0,0,0,19-DEC-2017,
OPTSTK,PAGEIND,28-Dec-2017,25200,CE,0,0,0,604.55,948.8,0,0,0,0,19-DEC-2017,
OPTSTK,PAGEIND,28-Dec-2017,25250,CE,0,0,0,586.3,923.35,0,0,0,0,19-DEC-2017,
OPTSTK,PAGEIND,28-Dec-2017,25300,CE,0,0,0,568.4,898.3,0,0,0,0,19-DEC-2017,
OPTSTK,PAGEIND,28-Dec-2017,25350,CE,0,0,0,550.95,873.8,0,0,0,0,19-DEC-2017,
OPTSTK,PAGEIND,28-Dec-2017,25400,CE,0,0,0,533.9,849.75,0,0,0,0,19-DEC-2017,
OPTSTK,PAGEIND,28-Dec-2017,25450,CE,0,0,0,517.25,826.2,0,0,0,0,19-DEC-2017,
OPTSTK,PAGEIND,28-Dec-2017,25500,CE,0,0,0,501,803.05,0,0,0,0,19-DEC-2017,
OPTSTK,PAGEIND,28-Dec-2017,17400,PE,0,0,0,573.4,0,0,0,0,0,19-DEC-2017,
OPTSTK,PAGEIND,28-Dec-2017,17450,PE,0,0,0,590.75,0,0,0,0,0,19-DEC-2017,
OPTSTK,PAGEIND,28-Dec-2017,17500,PE,0,0,0,608.45,0,0,0,0,0,19-DEC-2017,
OPTSTK,PAGEIND,28-Dec-2017,17550,PE,0,0,0,626.45,0,0,0,0,0,19-DEC-2017,
OPTSTK,PAGEIND,28-Dec-2017,17600,PE,0,0,0,644.85,0,0,0,0,0,19-DEC-2017,
OPTSTK,PAGEIND,28-Dec-2017,17650,PE,0,0,0,663.55,0,0,0,0,0,19-DEC-2017,
OPTSTK,PAGEIND,28-Dec-2017,17700,PE,0,0,0,682.6,0.05,0,0,0,0,19-DEC-2017,
OPTSTK,PAGEIND,28-Dec-2017,17750,PE,0,0,0,702,0.05,0,0,0,0,19-DEC-2017,
OPTSTK,PAGEIND,28-Dec-2017,17800,PE,0,0,0,721.75,0.05,0,0,0,0,19-DEC-2017,
OPTSTK,PAGEIND,28-Dec-2017,17850,PE,0,0,0,741.85,0.05,0,0,0,0,19-DEC-2017,
OPTSTK,PAGEIND,28-Dec-2017,17900,PE,0,0,0,762.3,0.05,0,0,0,0,19-DEC-2017,
OPTSTK,PAGEIND,28-Dec-2017,17950,PE,0,0,0,783.05,0.05,0,0,0,0,19-DEC-2017,
OPTSTK,PAGEIND,28-Dec-2017,18000,PE,0,0,0,804.2,0.05,0,0,0,0,19-DEC-2017,
OPTSTK,PAGEIND,28-Dec-2017,18050,PE,0,0,0,825.7,0.05,0,0,0,0,19-DEC-2017,
OPTSTK,PAGEIND,28-Dec-2017,18100,PE,0,0,0,847.5,0.05,0,0,0,0,19-DEC-2017,
OPTSTK,PAGEIND,28-Dec-2017,18150,PE,0,0,0,869.7,0.05,0,0,0,0,19-DEC-2017,
OPTSTK,PAGEIND,28-Dec-2017,18200,PE,0,0,0,892.2,0.05,0,0,0,0,19-DEC-2017,
OPTSTK,PAGEIND,28-Dec-2017,18250,PE,0,0,0,915.1,0.05,0,0,0,0,19-DEC-2017,
OPTSTK,PAGEIND,28-Dec-2017,18300,PE,0,0,0,938.3,0.05,0,0,0,0,19-DEC-2017,
OPTSTK,PAGEIND,28-Dec-2017,18350,PE,0,0,0,961.85,0.05,0,0,0,0,19-DEC-2017,
OPTSTK,PAGEIND,28-Dec-2017,18400,PE,0,0,0,985.75,0.05,0,0,0,0,19-DEC-2017,
OPTSTK,PAGEIND,28-Dec-2017,18450,PE,0,0,0,1010,0.05,0,0,0,0,19-DEC-2017,
OPTSTK,PAGEIND,28-Dec-2017,18500,PE,0,0,0,1034.5,0.05,0,0,0,0,19-DEC-2017,
OPTSTK,PAGEIND,28-Dec-2017,18550,PE,0,0,0,1059.45,0.1,0,0,0,0,19-DEC-2017,
OPTSTK,PAGEIND,28-Dec-2017,18600,PE,0,0,0,1084.75,0.1,0,0,0,0,19-DEC-2017,
OPTSTK,PAGEIND,28-Dec-2017,18650,PE,0,0,0,1110.35,0.1,0,0,0,0,19-DEC-2017,
OPTSTK,PAGEIND,28-Dec-2017,18700,PE,0,0,0,1136.3,0.1,0,0,0,0,19-DEC-2017,
OPTSTK,PAGEIND,28-Dec-2017,18750,PE,0,0,0,1162.6,0.1,0,0,0,0,19-DEC-2017,
OPTSTK,PAGEIND,28-Dec-2017,18800,PE,0,0,0,1189.25,0.15,0,0,0,0,19-DEC-2017,
OPTSTK,PAGEIND,28-Dec-2017,18850,PE,0,0,0,1216.2,0.15,0,0,0,0,19-DEC-2017,
OPTSTK,PAGEIND,28-Dec-2017,18900,PE,0,0,0,1243.5,0.15,0,0,0,0,19-DEC-2017,
OPTSTK,PAGEIND,28-Dec-2017,18950,PE,0,0,0,1271.1,0.2,0,0,0,0,19-DEC-2017,
OPTSTK,PAGEIND,28-Dec-2017,19000,PE,0,0,0,1299.1,0.2,0,0,0,0,19-DEC-2017,
OPTSTK,PAGEIND,28-Dec-2017,19050,PE,0,0,0,1327.35,0.2,0,0,0,0,19-DEC-2017,
OPTSTK,PAGEIND,28-Dec-2017,19100,PE,0,0,0,1356,0.25,0,0,0,0,19-DEC-2017,
OPTSTK,PAGEIND,28-Dec-2017,19150,PE,0,0,0,1384.9,0.3,0,0,0,0,19-DEC-2017,
OPTSTK,PAGEIND,28-Dec-2017,19200,PE,0,0,0,1414.2,0.3,0,0,0,0,19-DEC-2017,
OPTSTK,PAGEIND,28-Dec-2017,19250,PE,0,0,0,1443.75,0.35,0,0,0,0,19-DEC-2017,
OPTSTK,PAGEIND,28-Dec-2017,19300,PE,0,0,0,1473.65,0.4,0,0,0,0,19-DEC-2017,
OPTSTK,PAGEIND,28-Dec-2017,19350,PE,0,0,0,1503.9,0.45,0,0,0,0,19-DEC-2017,
OPTSTK,PAGEIND,28-Dec-2017,19400,PE,0,0,0,1534.4,0.45,0,0,0,0,19-DEC-2017,
OPTSTK,PAGEIND,28-Dec-2017,19450,PE,0,0,0,1499.2,0.55,0,0,0,0,19-DEC-2017,
OPTSTK,PAGEIND,28-Dec-2017,19500,PE,0,0,0,1387.75,0.6,0,0,0,0,19-DEC-2017,
OPTSTK,PAGEIND,28-Dec-2017,19550,PE,0,0,0,1418.2,0.65,0,0,0,0,19-DEC-2017,
OPTSTK,PAGEIND,28-Dec-2017,19600,PE,0,0,0,1449.05,0.7,0,0,0,0,19-DEC-2017,
OPTSTK,PAGEIND,28-Dec-2017,19650,PE,0,0,0,1273.8,0.8,0,0,0,0,19-DEC-2017,
OPTSTK,PAGEIND,28-Dec-2017,19700,PE,0,0,0,1302.5,0.9,0,0,0,0,19-DEC-2017,
OPTSTK,PAGEIND,28-Dec-2017,19750,PE,0,0,0,1331.6,1,0,0,0,0,19-DEC-2017,
OPTSTK,PAGEIND,28-Dec-2017,19800,PE,0,0,0,1361,1.1,0,0,0,0,19-DEC-2017,
OPTSTK,PAGEIND,28-Dec-2017,19850,PE,0,0,0,1390.8,1.2,0,0,0,0,19-DEC-2017,
OPTSTK,PAGEIND,28-Dec-2017,19900,PE,0,0,0,1420.85,1.35,0,0,0,0,19-DEC-2017,
OPTSTK,PAGEIND,28-Dec-2017,19950,PE,0,0,0,1451.3,1.45,0,0,0,0,19-DEC-2017,
OPTSTK,PAGEIND,28-Dec-2017,20000,PE,0,0,0,1482.05,1.6,0,0,0,0,19-DEC-2017,
OPTSTK,PAGEIND,28-Dec-2017,20050,PE,0,0,0,1280.55,1.8,0,0,0,0,19-DEC-2017,
OPTSTK,PAGEIND,28-Dec-2017,20100,PE,0,0,0,1312.35,1.95,0,0,0,0,19-DEC-2017,
OPTSTK,PAGEIND,28-Dec-2017,20150,PE,0,0,0,1103.65,2.15,0,0,0,0,19-DEC-2017,
OPTSTK,PAGEIND,28-Dec-2017,20200,PE,0,0,0,1132,2.4,0,0,0,0,19-DEC-2017,
OPTSTK,PAGEIND,28-Dec-2017,20250,PE,0,0,0,1160.7,2.6,0,0,0,0,19-DEC-2017,
OPTSTK,PAGEIND,28-Dec-2017,20300,PE,0,0,0,1189.75,2.85,0,0,0,0,19-DEC-2017,
OPTSTK,PAGEIND,28-Dec-2017,20350,PE,0,0,0,1219.25,3.15,0,0,0,0,19-DEC-2017,
OPTSTK,PAGEIND,28-Dec-2017,20400,PE,0,0,0,1249.1,3.45,0,0,0,0,19-DEC-2017,
OPTSTK,PAGEIND,28-Dec-2017,20450,PE,0,0,0,1279.35,3.75,0,0,0,0,19-DEC-2017,
OPTSTK,PAGEIND,28-Dec-2017,20500,PE,0,0,0,1310,4.1,0,0,0,0,19-DEC-2017,
OPTSTK,PAGEIND,28-Dec-2017,20550,PE,0,0,0,1341,4.5,0,0,0,0,19-DEC-2017,
OPTSTK,PAGEIND,28-Dec-2017,20600,PE,0,0,0,1372.35,4.9,0,0,0,0,19-DEC-2017,
OPTSTK,PAGEIND,28-Dec-2017,20650,PE,0,0,0,1404.1,5.35,0,0,0,0,19-DEC-2017,
OPTSTK,PAGEIND,28-Dec-2017,20700,PE,0,0,0,1211.15,5.8,0,0,0,0,19-DEC-2017,
OPTSTK,PAGEIND,28-Dec-2017,20750,PE,0,0,0,1240.15,6.35,0,0,0,0,19-DEC-2017,
OPTSTK,PAGEIND,28-Dec-2017,20800,PE,0,0,0,1269.5,6.9,0,0,0,0,19-DEC-2017,
OPTSTK,PAGEIND,28-Dec-2017,20850,PE,0,0,0,1299.2,7.5,0,0,0,0,19-DEC-2017,
OPTSTK,PAGEIND,28-Dec-2017,20900,PE,0,0,0,1329.3,8.15,0,0,0,0,19-DEC-2017,
OPTSTK,PAGEIND,28-Dec-2017,20950,PE,0,0,0,1359.75,8.8,0,0,0,0,19-DEC-2017,
OPTSTK,PAGEIND,28-Dec-2017,21000,PE,0,0,0,1390.55,9.55,0,0,0,0,19-DEC-2017,
OPTSTK,PAGEIND,28-Dec-2017,21050,PE,0,0,0,1421.7,10.35,0,0,0,0,19-DEC-2017,
OPTSTK,PAGEIND,28-Dec-2017,21100,PE,0,0,0,1453.2,11.2,0,0,0,0,19-DEC-2017,
OPTSTK,PAGEIND,28-Dec-2017,21150,PE,0,0,0,1287.8,12.1,0,0,0,0,19-DEC-2017,
OPTSTK,PAGEIND,28-Dec-2017,21200,PE,0,0,0,1317.5,13.1,0,0,0,0,19-DEC-2017,
OPTSTK,PAGEIND,28-Dec-2017,21250,PE,0,0,0,1347.6,14.15,0,0,0,0,19-DEC-2017,
OPTSTK,PAGEIND,28-Dec-2017,21300,PE,0,0,0,1378.05,15.25,0,0,0,0,19-DEC-2017,
OPTSTK,PAGEIND,28-Dec-2017,21350,PE,0,0,0,1408.8,16.45,0,0,0,0,19-DEC-2017,
OPTSTK,PAGEIND,28-Dec-2017,21400,PE,0,0,0,1439.95,17.7,0,0,0,0,19-DEC-2017,
OPTSTK,PAGEIND,28-Dec-2017,21450,PE,0,0,0,1471.4,19.05,0,0,0,0,19-DEC-2017,
OPTSTK,PAGEIND,28-Dec-2017,21500,PE,0,0,0,1422.6,20.5,0,0,0,0,19-DEC-2017,
OPTSTK,PAGEIND,28-Dec-2017,21550,PE,0,0,0,1454.25,22,0,0,0,0,19-DEC-2017,
OPTSTK,PAGEIND,28-Dec-2017,21600,PE,0,0,0,1411.15,23.65,0,0,0,0,19-DEC-2017,
OPTSTK,PAGEIND,28-Dec-2017,21650,PE,0,0,0,1252.95,25.35,0,0,0,0,19-DEC-2017,
OPTSTK,PAGEIND,28-Dec-2017,21700,PE,0,0,0,1284.2,27.2,0,0,0,0,19-DEC-2017,
OPTSTK,PAGEIND,28-Dec-2017,21750,PE,0,0,0,1315.85,29.15,0,0,0,0,19-DEC-2017,
OPTSTK,PAGEIND,28-Dec-2017,21800,PE,0,0,0,1347.9,31.2,0,0,0,0,19-DEC-2017,
OPTSTK,PAGEIND,28-Dec-2017,21850,PE,0,0,0,1380.35,33.35,0,0,0,0,19-DEC-2017,
OPTSTK,PAGEIND,28-Dec-2017,21900,PE,0,0,0,1123.95,35.65,0,0,0,0,19-DEC-2017,
OPTSTK,PAGEIND,28-Dec-2017,21950,PE,0,0,0,1146.05,38.1,0,0,0,0,19-DEC-2017,
OPTSTK,PAGEIND,28-Dec-2017,22000,PE,0,0,0,1168.4,40.7,0,0,0,0,19-DEC-2017,
OPTSTK,PAGEIND,28-Dec-2017,22050,PE,0,0,0,1191,43.4,0,0,0,0,19-DEC-2017,
OPTSTK,PAGEIND,28-Dec-2017,22100,PE,0,0,0,1213.85,46.25,0,0,0,0,19-DEC-2017,
OPTSTK,PAGEIND,28-Dec-2017,22150,PE,0,0,0,1237,49.25,0,0,0,0,19-DEC-2017,
OPTSTK,PAGEIND,28-Dec-2017,22200,PE,0,0,0,1260.35,52.45,0,0,0,0,19-DEC-2017,
OPTSTK,PAGEIND,28-Dec-2017,22250,PE,0,0,0,1284,55.8,0,0,0,0,19-DEC-2017,
OPTSTK,PAGEIND,28-Dec-2017,22300,PE,0,0,0,1307.9,59.3,0,0,0,0,19-DEC-2017,
OPTSTK,PAGEIND,28-Dec-2017,22350,PE,0,0,0,1332.05,63,0,0,0,0,19-DEC-2017,
OPTSTK,PAGEIND,28-Dec-2017,22400,PE,0,0,0,1356.45,66.9,0,0,0,0,19-DEC-2017,
OPTSTK,PAGEIND,28-Dec-2017,22450,PE,0,0,0,1381.05,70.95,0,0,0,0,19-DEC-2017,
OPTSTK,PAGEIND,28-Dec-2017,22500,PE,0,0,0,1405.95,75.2,0,0,0,0,19-DEC-2017,
OPTSTK,PAGEIND,28-Dec-2017,22550,PE,0,0,0,1431.1,79.7,0,0,0,0,19-DEC-2017,
OPTSTK,PAGEIND,28-Dec-2017,22600,PE,0,0,0,1456.55,84.4,0,0,0,0,19-DEC-2017,
OPTSTK,PAGEIND,28-Dec-2017,22650,PE,0,0,0,1482.2,89.3,0,0,0,0,19-DEC-2017,
OPTSTK,PAGEIND,28-Dec-2017,22700,PE,0,0,0,1508.15,94.45,0,0,0,0,19-DEC-2017,
OPTSTK,PAGEIND,28-Dec-2017,22750,PE,0,0,0,1534.35,99.8,0,0,0,0,19-DEC-2017,
OPTSTK,PAGEIND,28-Dec-2017,22800,PE,0,0,0,1560.75,105.4,0,0,0,0,19-DEC-2017,
OPTSTK,PAGEIND,28-Dec-2017,22850,PE,0,0,0,1587.45,111.25,0,0,0,0,19-DEC-2017,
OPTSTK,PAGEIND,28-Dec-2017,22900,PE,0,0,0,1614.4,117.35,0,0,0,0,19-DEC-2017,
OPTSTK,PAGEIND,28-Dec-2017,22950,PE,0,0,0,1641.55,123.75,0,0,0,0,19-DEC-2017,
OPTSTK,PAGEIND,28-Dec-2017,23000,PE,0,0,0,1669,130.4,0,0,0,0,19-DEC-2017,
OPTSTK,PAGEIND,28-Dec-2017,23050,PE,0,0,0,1696.7,137.3,0,0,0,0,19-DEC-2017,
OPTSTK,PAGEIND,28-Dec-2017,23100,PE,0,0,0,1724.6,144.5,0,0,0,0,19-DEC-2017,
OPTSTK,PAGEIND,28-Dec-2017,23150,PE,0,0,0,1752.8,151.95,0,0,0,0,19-DEC-2017,
OPTSTK,PAGEIND,28-Dec-2017,23200,PE,0,0,0,1781.2,159.75,0,0,0,0,19-DEC-2017,
OPTSTK,PAGEIND,28-Dec-2017,23250,PE,0,0,0,1809.85,167.85,0,0,0,0,19-DEC-2017,
OPTSTK,PAGEIND,28-Dec-2017,23300,PE,0,0,0,1838.75,176.25,0,0,0,0,19-DEC-2017,
OPTSTK,PAGEIND,28-Dec-2017,23350,PE,0,0,0,1867.85,184.95,0,0,0,0,19-DEC-2017,
OPTSTK,PAGEIND,28-Dec-2017,23400,PE,0,0,0,1897.25,193.95,0,0,0,0,19-DEC-2017,
OPTSTK,PAGEIND,28-Dec-2017,23450,PE,0,0,0,1926.85,203.35,0,0,0,0,19-DEC-2017,
OPTSTK,PAGEIND,28-Dec-2017,23500,PE,0,0,0,1956.7,213.05,0,0,0,0,19-DEC-2017,
OPTSTK,PAGEIND,28-Dec-2017,23550,PE,0,0,0,1986.8,223.1,0,0,0,0,19-DEC-2017,
OPTSTK,PAGEIND,28-Dec-2017,23600,PE,0,0,0,2017.1,233.5,0,0,0,0,19-DEC-2017,
OPTSTK,PAGEIND,28-Dec-2017,23650,PE,0,0,0,1701.1,244.25,0,0,0,0,19-DEC-2017,
OPTSTK,PAGEIND,28-Dec-2017,23700,PE,0,0,0,1730,255.35,0,0,0,0,19-DEC-2017,
OPTSTK,PAGEIND,28-Dec-2017,23750,PE,0,0,0,1759.15,266.8,0,0,0,0,19-DEC-2017,
OPTSTK,PAGEIND,28-Dec-2017,23800,PE,0,0,0,1788.55,278.7,0,0,0,0,19-DEC-2017,
OPTSTK,PAGEIND,28-Dec-2017,23850,PE,0,0,0,1818.2,290.9,0,0,0,0,19-DEC-2017,
OPTSTK,PAGEIND,28-Dec-2017,23900,PE,0,0,0,1848.1,304.5,0,0,0,0,19-DEC-2017,
OPTSTK,PAGEIND,28-Dec-2017,23950,PE,0,0,0,1878.3,317.4,0,0,0,0,19-DEC-2017,
OPTSTK,PAGEIND,28-Dec-2017,24000,PE,0,0,0,1908.7,330.75,0,0,0,0,19-DEC-2017,
OPTSTK,PAGEIND,28-Dec-2017,24050,PE,0,0,0,1939.35,344.5,0,0,0,0,19-DEC-2017,
OPTSTK,PAGEIND,28-Dec-2017,24100,PE,0,0,0,1524,357.7,0,0,0,0,19-DEC-2017,
OPTSTK,PAGEIND,28-Dec-2017,24150,PE,0,0,0,1549.55,372.35,0,0,0,0,19-DEC-2017,
OPTSTK,PAGEIND,28-Dec-2017,24200,PE,0,0,0,1575.35,387.4,0,0,0,0,19-DEC-2017,
OPTSTK,PAGEIND,28-Dec-2017,24250,PE,0,0,0,1601.4,402.9,0,0,0,0,19-DEC-2017,
OPTSTK,PAGEIND,28-Dec-2017,24300,PE,0,0,0,1627.65,418.8,0,0,0,0,19-DEC-2017,
OPTSTK,PAGEIND,28-Dec-2017,24350,PE,0,0,0,1654.15,435.15,0,0,0,0,19-DEC-2017,
OPTSTK,PAGEIND,28-Dec-2017,24400,PE,0,0,0,1680.9,451.95,0,0,0,0,19-DEC-2017,
OPTSTK,PAGEIND,28-Dec-2017,24450,PE,0,0,0,1707.9,469.15,0,0,0,0,19-DEC-2017,
OPTSTK,PAGEIND,28-Dec-2017,24500,PE,0,0,0,1735.15,486.8,0,0,0,0,19-DEC-2017,
OPTSTK,PAGEIND,28-Dec-2017,24550,PE,0,0,0,1762.6,504.9,0,0,0,0,19-DEC-2017,
OPTSTK,PAGEIND,28-Dec-2017,24600,PE,0,0,0,1790.3,523.45,0,0,0,0,19-DEC-2017,
OPTSTK,PAGEIND,28-Dec-2017,24650,PE,0,0,0,1818.2,542.5,0,0,0,0,19-DEC-2017,
OPTSTK,PAGEIND,28-Dec-2017,24700,PE,0,0,0,1846.35,561.95,0,0,0,0,19-DEC-2017,
OPTSTK,PAGEIND,28-Dec-2017,24750,PE,0,0,0,1874.75,581.85,0,0,0,0,19-DEC-2017,
OPTSTK,PAGEIND,28-Dec-2017,24800,PE,0,0,0,1903.4,602.2,0,0,0,0,19-DEC-2017,
OPTSTK,PAGEIND,28-Dec-2017,24850,PE,0,0,0,1932.25,623,0,0,0,0,19-DEC-2017,
OPTSTK,PAGEIND,28-Dec-2017,24900,PE,0,0,0,1961.3,644.3,0,0,0,0,19-DEC-2017,
OPTSTK,PAGEIND,28-Dec-2017,24950,PE,0,0,0,1990.65,666.05,0,0,0,0,19-DEC-2017,
OPTSTK,PAGEIND,28-Dec-2017,25000,PE,0,0,0,2020.15,688.25,0,0,0,0,19-DEC-2017,
OPTSTK,PAGEIND,28-Dec-2017,25050,PE,0,0,0,2049.9,710.9,0,0,0,0,19-DEC-2017,
OPTSTK,PAGEIND,28-Dec-2017,25100,PE,0,0,0,2079.9,734,0,0,0,0,19-DEC-2017,
OPTSTK,PAGEIND,28-Dec-2017,25150,PE,0,0,0,2110.1,757.6,0,0,0,0,19-DEC-2017,
OPTSTK,PAGEIND,28-Dec-2017,25200,PE,0,0,0,1240.2,781.65,0,0,0,0,19-DEC-2017,
OPTSTK,PAGEIND,28-Dec-2017,25250,PE,0,0,0,1271.85,806.15,0,0,0,0,19-DEC-2017,
OPTSTK,PAGEIND,28-Dec-2017,25300,PE,0,0,0,1303.85,831,0,0,0,0,19-DEC-2017,
OPTSTK,PAGEIND,28-Dec-2017,25350,PE,0,0,0,1336.35,856.45,0,0,0,0,19-DEC-2017,
OPTSTK,PAGEIND,28-Dec-2017,25400,PE,0,0,0,1369.2,882.35,0,0,0,0,19-DEC-2017,
OPTSTK,PAGEIND,28-Dec-2017,25450,PE,0,0,0,1402.45,908.65,0,0,0,0,19-DEC-2017,
OPTSTK,PAGEIND,28-Dec-2017,25500,PE,0,0,0,1436.1,935.45,0,0,0,0,19-DEC-2017,
OPTSTK,PAGEIND,25-Jan-2018,18900,CE,0,0,0,1970.9,6616.6,0,0,0,0,19-DEC-2017,
OPTSTK,PAGEIND,25-Jan-2018,18950,CE,0,0,0,1939.7,6569.5,0,0,0,0,19-DEC-2017,
OPTSTK,PAGEIND,25-Jan-2018,19000,CE,0,0,0,1908.75,6522.5,0,0,0,0,19-DEC-2017,
OPTSTK,PAGEIND,25-Jan-2018,19050,CE,0,0,0,1878.15,6475.55,0,0,0,0,19-DEC-2017,
OPTSTK,PAGEIND,25-Jan-2018,19100,CE,0,0,0,1847.85,6428.7,0,0,0,0,19-DEC-2017,
OPTSTK,PAGEIND,25-Jan-2018,19150,CE,0,0,0,1817.85,6381.95,0,0,0,0,19-DEC-2017,
OPTSTK,PAGEIND,25-Jan-2018,19200,CE,0,0,0,1788.2,6335.3,0,0,0,0,19-DEC-2017,
OPTSTK,PAGEIND,25-Jan-2018,19250,CE,0,0,0,1758.85,6288.7,0,0,0,0,19-DEC-2017,
OPTSTK,PAGEIND,25-Jan-2018,19300,CE,0,0,0,1729.8,6242.25,0,0,0,0,19-DEC-2017,
OPTSTK,PAGEIND,25-Jan-2018,19350,CE,0,0,0,1701.05,6195.85,0,0,0,0,19-DEC-2017,
OPTSTK,PAGEIND,25-Jan-2018,19400,CE,0,0,0,1672.65,6149.55,0,0,0,0,19-DEC-2017,
OPTSTK,PAGEIND,25-Jan-2018,19450,CE,0,0,0,1644.55,6103.35,0,0,0,0,19-DEC-2017,
OPTSTK,PAGEIND,25-Jan-2018,19500,CE,0,0,0,1616.8,6057.25,0,0,0,0,19-DEC-2017,
OPTSTK,PAGEIND,25-Jan-2018,19550,CE,0,0,0,1589.3,6011.25,0,0,0,0,19-DEC-2017,
OPTSTK,PAGEIND,25-Jan-2018,19600,CE,0,0,0,1562.2,5965.35,0,0,0,0,19-DEC-2017,
OPTSTK,PAGEIND,25-Jan-2018,19650,CE,0,0,0,1535.35,5919.55,0,0,0,0,19-DEC-2017,
OPTSTK,PAGEIND,25-Jan-2018,19700,CE,0,0,0,1508.85,5873.85,0,0,0,0,19-DEC-2017,
OPTSTK,PAGEIND,25-Jan-2018,19750,CE,0,0,0,1482.65,5828.3,0,0,0,0,19-DEC-2017,
OPTSTK,PAGEIND,25-Jan-2018,19800,CE,0,0,0,1456.75,5782.8,0,0,0,0,19-DEC-2017,
OPTSTK,PAGEIND,25-Jan-2018,19850,CE,0,0,0,1431.2,5737.45,0,0,0,0,19-DEC-2017,
OPTSTK,PAGEIND,25-Jan-2018,19900,CE,0,0,0,1405.95,5692.25,0,0,0,0,19-DEC-2017,
OPTSTK,PAGEIND,25-Jan-2018,19950,CE,0,0,0,1381,5647.1,0,0,0,0,19-DEC-2017,
OPTSTK,PAGEIND,25-Jan-2018,20000,CE,0,0,0,1356.3,5602.1,0,0,0,0,19-DEC-2017,
OPTSTK,PAGEIND,25-Jan-2018,20050,CE,0,0,0,1331.95,5557.25,0,0,0,0,19-DEC-2017,
OPTSTK,PAGEIND,25-Jan-2018,20100,CE,0,0,0,1307.95,5512.5,0,0,0,0,19-DEC-2017,
OPTSTK,PAGEIND,25-Jan-2018,20150,CE,0,0,0,1284.25,5467.85,0,0,0,0,19-DEC-2017,
OPTSTK,PAGEIND,25-Jan-2018,20200,CE,0,0,0,1260.9,5423.35,0,0,0,0,19-DEC-2017,
OPTSTK,PAGEIND,25-Jan-2018,20250,CE,0,0,0,1237.8,5378.95,0,0,0,0,19-DEC-2017,
OPTSTK,PAGEIND,25-Jan-2018,20300,CE,0,0,0,1215.05,5334.7,0,0,0,0,19-DEC-2017,
OPTSTK,PAGEIND,25-Jan-2018,20350,CE,0,0,0,1192.55,5290.6,0,0,0,0,19-DEC-2017,
OPTSTK,PAGEIND,25-Jan-2018,20400,CE,0,0,0,1170.4,5246.65,0,0,0,0,19-DEC-2017,
OPTSTK,PAGEIND,25-Jan-2018,20450,CE,0,0,0,1148.55,5202.8,0,0,0,0,19-DEC-2017,
OPTSTK,PAGEIND,25-Jan-2018,20500,CE,0,0,0,1127,5159.1,0,0,0,0,19-DEC-2017,
OPTSTK,PAGEIND,25-Jan-2018,20550,CE,0,0,0,1105.75,5115.5,0,0,0,0,19-DEC-2017,
OPTSTK,PAGEIND,25-Jan-2018,20600,CE,0,0,0,1084.8,5072.1,0,0,0,0,19-DEC-2017,
OPTSTK,PAGEIND,25-Jan-2018,20650,CE,0,0,0,1064.15,5028.85,0,0,0,0,19-DEC-2017,
OPTSTK,PAGEIND,25-Jan-2018,20700,CE,0,0,0,1043.75,4985.7,0,0,0,0,19-DEC-2017,
OPTSTK,PAGEIND,25-Jan-2018,20750,CE,0,0,0,1023.7,4942.7,0,0,0,0,19-DEC-2017,
OPTSTK,PAGEIND,25-Jan-2018,20800,CE,0,0,0,1003.9,4899.9,0,0,0,0,19-DEC-2017,
OPTSTK,PAGEIND,25-Jan-2018,20850,CE,0,0,0,984.45,4857.2,0,0,0,0,19-DEC-2017,
OPTSTK,PAGEIND,25-Jan-2018,20900,CE,0,0,0,965.25,4814.7,0,0,0,0,19-DEC-2017,
OPTSTK,PAGEIND,25-Jan-2018,20950,CE,0,0,0,917.05,4772.3,0,0,0,0,19-DEC-2017,
OPTSTK,PAGEIND,25-Jan-2018,21000,CE,0,0,0,898.15,4730.1,0,0,0,0,19-DEC-2017,
OPTSTK,PAGEIND,25-Jan-2018,21050,CE,0,0,0,857.9,4688.05,0,0,0,0,19-DEC-2017,
OPTSTK,PAGEIND,25-Jan-2018,21100,CE,0,0,0,1117.05,4646.15,0,0,0,0,19-DEC-2017,
OPTSTK,PAGEIND,25-Jan-2018,21150,CE,0,0,0,1095.5,4604.4,0,0,0,0,19-DEC-2017,
OPTSTK,PAGEIND,25-Jan-2018,21200,CE,0,0,0,1074.25,4562.85,0,0,0,0,19-DEC-2017,
OPTSTK,PAGEIND,25-Jan-2018,21250,CE,0,0,0,1053.3,4521.45,0,0,0,0,19-DEC-2017,
OPTSTK,PAGEIND,25-Jan-2018,21300,CE,0,0,0,1032.7,4480.25,0,0,0,0,19-DEC-2017,
OPTSTK,PAGEIND,25-Jan-2018,21350,CE,0,0,0,1012.35,4439.15,0,0,0,0,19-DEC-2017,
OPTSTK,PAGEIND,25-Jan-2018,21400,CE,0,0,0,992.35,4398.3,0,0,0,0,19-DEC-2017,
OPTSTK,PAGEIND,25-Jan-2018,21450,CE,0,0,0,972.6,4357.55,0,0,0,0,19-DEC-2017,
OPTSTK,PAGEIND,25-Jan-2018,21500,CE,0,0,0,953.15,4317.05,0,0,0,0,19-DEC-2017,
OPTSTK,PAGEIND,25-Jan-2018,21550,CE,0,0,0,934.05,4276.7,0,0,0,0,19-DEC-2017,
OPTSTK,PAGEIND,25-Jan-2018,21600,CE,0,0,0,873.9,4236.5,0,0,0,0,19-DEC-2017,
OPTSTK,PAGEIND,25-Jan-2018,21650,CE,0,0,0,899.45,4196.5,0,0,0,0,19-DEC-2017,
OPTSTK,PAGEIND,25-Jan-2018,21700,CE,0,0,0,879.8,4156.7,0,0,0,0,19-DEC-2017,
OPTSTK,PAGEIND,25-Jan-2018,21750,CE,0,0,0,860.4,4117.05,0,0,0,0,19-DEC-2017,
OPTSTK,PAGEIND,25-Jan-2018,21800,CE,0,0,0,841.35,4077.6,0,0,0,0,19-DEC-2017,
OPTSTK,PAGEIND,25-Jan-2018,21850,CE,0,0,0,822.65,4038.35,0,0,0,0,19-DEC-2017,
OPTSTK,PAGEIND,25-Jan-2018,21900,CE,0,0,0,2436.05,3999.25,0,0,0,0,19-DEC-2017,
OPTSTK,PAGEIND,25-Jan-2018,21950,CE,0,0,0,2409.55,3960.4,0,0,0,0,19-DEC-2017,
OPTSTK,PAGEIND,25-Jan-2018,22000,CE,0,0,0,2383.3,3921.7,0,0,0,0,19-DEC-2017,
OPTSTK,PAGEIND,25-Jan-2018,22050,CE,0,0,0,2357.2,3883.2,0,0,0,0,19-DEC-2017,
OPTSTK,PAGEIND,25-Jan-2018,22100,CE,0,0,0,2331.35,3844.9,0,0,0,0,19-DEC-2017,
OPTSTK,PAGEIND,25-Jan-2018,22150,CE,0,0,0,2305.7,3806.8,0,0,0,0,19-DEC-2017,
OPTSTK,PAGEIND,25-Jan-2018,22200,CE,0,0,0,2280.25,3768.9,0,0,0,0,19-DEC-2017,
OPTSTK,PAGEIND,25-Jan-2018,22250,CE,0,0,0,2255,3731.2,0,0,0,0,19-DEC-2017,
OPTSTK,PAGEIND,25-Jan-2018,22300,CE,0,0,0,2229.95,3693.65,0,0,0,0,19-DEC-2017,
OPTSTK,PAGEIND,25-Jan-2018,22350,CE,0,0,0,2205.1,3656.35,0,0,0,0,19-DEC-2017,
OPTSTK,PAGEIND,25-Jan-2018,22400,CE,0,0,0,2180.35,3620.15,0,0,0,0,19-DEC-2017,
OPTSTK,PAGEIND,25-Jan-2018,22450,CE,0,0,0,2155.95,3583.2,0,0,0,0,19-DEC-2017,
OPTSTK,PAGEIND,25-Jan-2018,22500,CE,0,0,0,2131.7,3546.5,0,0,0,0,19-DEC-2017,
OPTSTK,PAGEIND,25-Jan-2018,22550,CE,0,0,0,2107.65,3509.95,0,0,0,0,19-DEC-2017,
OPTSTK,PAGEIND,25-Jan-2018,22600,CE,0,0,0,2083.85,3473.65,0,0,0,0,19-DEC-2017,
OPTSTK,PAGEIND,25-Jan-2018,22650,CE,0,0,0,2060.2,3437.55,0,0,0,0,19-DEC-2017,
OPTSTK,PAGEIND,25-Jan-2018,22700,CE,0,0,0,2036.8,3401.65,0,0,0,0,19-DEC-2017,
OPTSTK,PAGEIND,25-Jan-2018,22750,CE,0,0,0,2013.55,3365.95,0,0,0,0,19-DEC-2017,
OPTSTK,PAGEIND,25-Jan-2018,22800,CE,0,0,0,1990.5,3330.5,0,0,0,0,19-DEC-2017,
OPTSTK,PAGEIND,25-Jan-2018,22850,CE,0,0,0,1967.7,3295.25,0,0,0,0,19-DEC-2017,
OPTSTK,PAGEIND,25-Jan-2018,22900,CE,0,0,0,1945.05,3260.2,0,0,0,0,19-DEC-2017,
OPTSTK,PAGEIND,25-Jan-2018,22950,CE,0,0,0,1922.65,3225.35,0,0,0,0,19-DEC-2017,
OPTSTK,PAGEIND,25-Jan-2018,23000,CE,0,0,0,1900.4,3190.75,0,0,0,0,19-DEC-2017,
OPTSTK,PAGEIND,25-Jan-2018,23050,CE,0,0,0,1878.35,3156.4,0,0,0,0,19-DEC-2017,
OPTSTK,PAGEIND,25-Jan-2018,23100,CE,0,0,0,1856.5,3121.2,0,0,0,0,19-DEC-2017,
OPTSTK,PAGEIND,25-Jan-2018,23150,CE,0,0,0,1834.85,3087.3,0,0,0,0,19-DEC-2017,
OPTSTK,PAGEIND,25-Jan-2018,23200,CE,0,0,0,1813.4,3053.6,0,0,0,0,19-DEC-2017,
OPTSTK,PAGEIND,25-Jan-2018,23250,CE,0,0,0,1792.15,3020.15,0,0,0,0,19-DEC-2017,
OPTSTK,PAGEIND,25-Jan-2018,23300,CE,0,0,0,1771.05,2986.95,0,0,0,0,19-DEC-2017,
OPTSTK,PAGEIND,25-Jan-2018,23350,CE,0,0,0,1750.2,2953.9,0,0,0,0,19-DEC-2017,
OPTSTK,PAGEIND,25-Jan-2018,23400,CE,0,0,0,1729.5,2921.15,0,0,0,0,19-DEC-2017,
OPTSTK,PAGEIND,25-Jan-2018,23450,CE,0,0,0,1709,2888.55,0,0,0,0,19-DEC-2017,
OPTSTK,PAGEIND,25-Jan-2018,23500,CE,0,0,0,1688.7,2856.25,0,0,0,0,19-DEC-2017,
OPTSTK,PAGEIND,25-Jan-2018,23550,CE,0,0,0,1668.55,2824.1,0,0,0,0,19-DEC-2017,
OPTSTK,PAGEIND,25-Jan-2018,23600,CE,0,0,0,1648.65,2792.25,0,0,0,0,19-DEC-2017,
OPTSTK,PAGEIND,25-Jan-2018,23650,CE,0,0,0,1716.95,2760.55,0,0,0,0,19-DEC-2017,
OPTSTK,PAGEIND,25-Jan-2018,23700,CE,0,0,0,1695.75,2729.15,0,0,0,0,19-DEC-2017,
OPTSTK,PAGEIND,25-Jan-2018,23750,CE,0,0,0,1674.7,2697.95,0,0,0,0,19-DEC-2017,
OPTSTK,PAGEIND,25-Jan-2018,23800,CE,0,0,0,1653.9,2666.95,0,0,0,0,19-DEC-2017,
OPTSTK,PAGEIND,25-Jan-2018,23850,CE,0,0,0,1633.3,2636.2,0,0,0,0,19-DEC-2017,
OPTSTK,PAGEIND,25-Jan-2018,23900,CE,0,0,0,1612.9,2605.7,0,0,0,0,19-DEC-2017,
OPTSTK,PAGEIND,25-Jan-2018,23950,CE,0,0,0,1592.65,2575.4,0,0,0,0,19-DEC-2017,
OPTSTK,PAGEIND,25-Jan-2018,24000,CE,0,0,0,1572.65,2545.35,0,0,0,0,19-DEC-2017,
OPTSTK,PAGEIND,25-Jan-2018,24050,CE,0,0,0,1552.8,2515.5,0,0,0,0,19-DEC-2017,
OPTSTK,PAGEIND,25-Jan-2018,24100,CE,0,0,0,2273.25,2485.9,0,0,0,0,19-DEC-2017,
OPTSTK,PAGEIND,25-Jan-2018,24150,CE,0,0,0,2249.55,2456.55,0,0,0,0,19-DEC-2017,
OPTSTK,PAGEIND,25-Jan-2018,24200,CE,0,0,0,2226.05,2427.4,0,0,0,0,19-DEC-2017,
OPTSTK,PAGEIND,25-Jan-2018,24250,CE,0,0,0,2202.75,2398.45,0,0,0,0,19-DEC-2017,
OPTSTK,PAGEIND,25-Jan-2018,24300,CE,0,0,0,2179.6,2369.8,0,0,0,0,19-DEC-2017,
OPTSTK,PAGEIND,25-Jan-2018,24350,CE,0,0,0,2156.65,2341.35,0,0,0,0,19-DEC-2017,
OPTSTK,PAGEIND,25-Jan-2018,24400,CE,0,0,0,2133.85,2313.1,0,0,0,0,19-DEC-2017,
OPTSTK,PAGEIND,25-Jan-2018,24450,CE,0,0,0,2111.25,2285.15,0,0,0,0,19-DEC-2017,
OPTSTK,PAGEIND,25-Jan-2018,24500,CE,0,0,0,2088.85,2257.4,0,0,0,0,19-DEC-2017,
OPTSTK,PAGEIND,25-Jan-2018,24550,CE,0,0,0,2066.6,2229.85,0,0,0,0,19-DEC-2017,
OPTSTK,PAGEIND,25-Jan-2018,24600,CE,0,0,0,2044.55,2202.55,0,0,0,0,19-DEC-2017,
OPTSTK,PAGEIND,25-Jan-2018,24650,CE,0,0,0,2022.7,2175.5,0,0,0,0,19-DEC-2017,
OPTSTK,PAGEIND,25-Jan-2018,24700,CE,0,0,0,2001,2148.65,0,0,0,0,19-DEC-2017,
OPTSTK,PAGEIND,25-Jan-2018,24750,CE,0,0,0,1979.5,2122.05,0,0,0,0,19-DEC-2017,
OPTSTK,PAGEIND,25-Jan-2018,24800,CE,0,0,0,1958.15,2095.65,0,0,0,0,19-DEC-2017,
OPTSTK,PAGEIND,25-Jan-2018,24850,CE,0,0,0,1937,2069.5,0,0,0,0,19-DEC-2017,
OPTSTK,PAGEIND,25-Jan-2018,24900,CE,0,0,0,1916.05,2043.6,0,0,0,0,19-DEC-2017,
OPTSTK,PAGEIND,25-Jan-2018,24950,CE,0,0,0,1895.25,2017.9,0,0,0,0,19-DEC-2017,
OPTSTK,PAGEIND,25-Jan-2018,25000,CE,0,0,0,1874.6,1992.45,0,0,0,0,19-DEC-2017,
OPTSTK,PAGEIND,25-Jan-2018,25050,CE,0,0,0,1854.15,1967.2,0,0,0,0,19-DEC-2017,
OPTSTK,PAGEIND,25-Jan-2018,25100,CE,0,0,0,1833.9,1942.2,0,0,0,0,19-DEC-2017,
OPTSTK,PAGEIND,25-Jan-2018,25150,CE,0,0,0,1813.8,1917.35,0,0,0,0,19-DEC-2017,
OPTSTK,PAGEIND,25-Jan-2018,25200,CE,0,0,0,1478.7,1892.8,0,0,0,0,19-DEC-2017,
OPTSTK,PAGEIND,25-Jan-2018,25250,CE,0,0,0,1458,1868.45,0,0,0,0,19-DEC-2017,
OPTSTK,PAGEIND,25-Jan-2018,25300,CE,0,0,0,1437.55,1844.35,0,0,0,0,19-DEC-2017,
OPTSTK,PAGEIND,25-Jan-2018,25350,CE,0,0,0,1417.3,1820.5,0,0,0,0,19-DEC-2017,
OPTSTK,PAGEIND,25-Jan-2018,25400,CE,0,0,0,1397.3,1796.85,0,0,0,0,19-DEC-2017,
OPTSTK,PAGEIND,25-Jan-2018,25450,CE,0,0,0,1377.45,1773.4,0,0,0,0,19-DEC-2017,
OPTSTK,PAGEIND,25-Jan-2018,25500,CE,0,0,0,1357.9,1750.2,0,0,0,0,19-DEC-2017,
OPTSTK,PAGEIND,25-Jan-2018,18900,PE,0,0,0,664.7,65.7,0,0,0,0,19-DEC-2017,
OPTSTK,PAGEIND,25-Jan-2018,18950,PE,0,0,0,682.7,68.25,0,0,0,0,19-DEC-2017,
OPTSTK,PAGEIND,25-Jan-2018,19000,PE,0,0,0,701,70.9,0,0,0,0,19-DEC-2017,
OPTSTK,PAGEIND,25-Jan-2018,19050,PE,0,0,0,719.6,73.65,0,0,0,0,19-DEC-2017,
OPTSTK,PAGEIND,25-Jan-2018,19100,PE,0,0,0,738.5,76.5,0,0,0,0,19-DEC-2017,
OPTSTK,PAGEIND,25-Jan-2018,19150,PE,0,0,0,757.75,79.4,0,0,0,0,19-DEC-2017,
OPTSTK,PAGEIND,25-Jan-2018,19200,PE,0,0,0,777.3,82.4,0,0,0,0,19-DEC-2017,
OPTSTK,PAGEIND,25-Jan-2018,19250,PE,0,0,0,797.15,85.5,0,0,0,0,19-DEC-2017,
OPTSTK,PAGEIND,25-Jan-2018,19300,PE,0,0,0,817.3,88.7,0,0,0,0,19-DEC-2017,
OPTSTK,PAGEIND,25-Jan-2018,19350,PE,0,0,0,837.8,91.95,0,0,0,0,19-DEC-2017,
OPTSTK,PAGEIND,25-Jan-2018,19400,PE,0,0,0,858.6,95.35,0,0,0,0,19-DEC-2017,
OPTSTK,PAGEIND,25-Jan-2018,19450,PE,0,0,0,879.75,98.8,0,0,0,0,19-DEC-2017,
OPTSTK,PAGEIND,25-Jan-2018,19500,PE,0,0,0,901.2,102.4,0,0,0,0,19-DEC-2017,
OPTSTK,PAGEIND,25-Jan-2018,19550,PE,0,0,0,922.95,106.05,0,0,0,0,19-DEC-2017,
OPTSTK,PAGEIND,25-Jan-2018,19600,PE,0,0,0,945,109.85,0,0,0,0,19-DEC-2017,
OPTSTK,PAGEIND,25-Jan-2018,19650,PE,0,0,0,967.4,113.75,0,0,0,0,19-DEC-2017,
OPTSTK,PAGEIND,25-Jan-2018,19700,PE,0,0,0,990.1,117.7,0,0,0,0,19-DEC-2017,
OPTSTK,PAGEIND,25-Jan-2018,19750,PE,0,0,0,1013.1,121.8,0,0,0,0,19-DEC-2017,
OPTSTK,PAGEIND,25-Jan-2018,19800,PE,0,0,0,1036.45,126.05,0,0,0,0,19-DEC-2017,
OPTSTK,PAGEIND,25-Jan-2018,19850,PE,0,0,0,1060.1,130.35,0,0,0,0,19-DEC-2017,
OPTSTK,PAGEIND,25-Jan-2018,19900,PE,0,0,0,1084.05,134.8,0,0,0,0,19-DEC-2017,
OPTSTK,PAGEIND,25-Jan-2018,19950,PE,0,0,0,1108.35,139.35,0,0,0,0,19-DEC-2017,
OPTSTK,PAGEIND,25-Jan-2018,20000,PE,0,0,0,1132.85,144.05,0,0,0,0,19-DEC-2017,
OPTSTK,PAGEIND,25-Jan-2018,20050,PE,0,0,0,1157.75,148.8,0,0,0,0,19-DEC-2017,
OPTSTK,PAGEIND,25-Jan-2018,20100,PE,0,0,0,1182.95,153.75,0,0,0,0,19-DEC-2017,
OPTSTK,PAGEIND,25-Jan-2018,20150,PE,0,0,0,1208.45,158.8,0,0,0,0,19-DEC-2017,
OPTSTK,PAGEIND,25-Jan-2018,20200,PE,0,0,0,1234.3,163.95,0,0,0,0,19-DEC-2017,
OPTSTK,PAGEIND,25-Jan-2018,20250,PE,0,0,0,1260.45,169.25,0,0,0,0,19-DEC-2017,
OPTSTK,PAGEIND,25-Jan-2018,20300,PE,0,0,0,1286.9,174.7,0,0,0,0,19-DEC-2017,
OPTSTK,PAGEIND,25-Jan-2018,20350,PE,0,0,0,1313.65,180.25,0,0,0,0,19-DEC-2017,
OPTSTK,PAGEIND,25-Jan-2018,20400,PE,0,0,0,1340.7,185.95,0,0,0,0,19-DEC-2017,
OPTSTK,PAGEIND,25-Jan-2018,20450,PE,0,0,0,1368.05,191.75,0,0,0,0,19-DEC-2017,
OPTSTK,PAGEIND,25-Jan-2018,20500,PE,0,0,0,1395.7,197.75,0,0,0,0,19-DEC-2017,
OPTSTK,PAGEIND,25-Jan-2018,20550,PE,0,0,0,1423.65,203.85,0,0,0,0,19-DEC-2017,
OPTSTK,PAGEIND,25-Jan-2018,20600,PE,0,0,0,1451.95,210.1,0,0,0,0,19-DEC-2017,
OPTSTK,PAGEIND,25-Jan-2018,20650,PE,0,0,0,1480.5,216.5,0,0,0,0,19-DEC-2017,
OPTSTK,PAGEIND,25-Jan-2018,20700,PE,0,0,0,1509.35,223.05,0,0,0,0,19-DEC-2017,
OPTSTK,PAGEIND,25-Jan-2018,20750,PE,0,0,0,1538.5,229.75,0,0,0,0,19-DEC-2017,
OPTSTK,PAGEIND,25-Jan-2018,20800,PE,0,0,0,1567.95,236.6,0,0,0,0,19-DEC-2017,
OPTSTK,PAGEIND,25-Jan-2018,20850,PE,0,0,0,1597.65,243.6,0,0,0,0,19-DEC-2017,
OPTSTK,PAGEIND,25-Jan-2018,20900,PE,0,0,0,1627.7,250.75,0,0,0,0,19-DEC-2017,
OPTSTK,PAGEIND,25-Jan-2018,20950,PE,0,0,0,1569.5,258.05,0,0,0,0,19-DEC-2017,
OPTSTK,PAGEIND,25-Jan-2018,21000,PE,0,0,0,1599.85,265.5,0,0,0,0,19-DEC-2017,
OPTSTK,PAGEIND,25-Jan-2018,21050,PE,0,0,0,1562.95,273.1,0,0,0,0,19-DEC-2017,
OPTSTK,PAGEIND,25-Jan-2018,21100,PE,0,0,0,1348.9,280.9,0,0,0,0,19-DEC-2017,
OPTSTK,PAGEIND,25-Jan-2018,21150,PE,0,0,0,1376.65,288.85,0,0,0,0,19-DEC-2017,
OPTSTK,PAGEIND,25-Jan-2018,21200,PE,0,0,0,1404.65,296.95,0,0,0,0,19-DEC-2017,
OPTSTK,PAGEIND,25-Jan-2018,21250,PE,0,0,0,1433,305.25,0,0,0,0,19-DEC-2017,
OPTSTK,PAGEIND,25-Jan-2018,21300,PE,0,0,0,1461.65,313.7,0,0,0,0,19-DEC-2017,
OPTSTK,PAGEIND,25-Jan-2018,21350,PE,0,0,0,1490.55,322.3,0,0,0,0,19-DEC-2017,
OPTSTK,PAGEIND,25-Jan-2018,21400,PE,0,0,0,1519.8,331.1,0,0,0,0,19-DEC-2017,
OPTSTK,PAGEIND,25-Jan-2018,21450,PE,0,0,0,1549.35,340.05,0,0,0,0,19-DEC-2017,
OPTSTK,PAGEIND,25-Jan-2018,21500,PE,0,0,0,1579.2,349.2,0,0,0,0,19-DEC-2017,
OPTSTK,PAGEIND,25-Jan-2018,21550,PE,0,0,0,1609.35,358.5,0,0,0,0,19-DEC-2017,
OPTSTK,PAGEIND,25-Jan-2018,21600,PE,0,0,0,1563.25,368,0,0,0,0,19-DEC-2017,
OPTSTK,PAGEIND,25-Jan-2018,21650,PE,0,0,0,1410.15,377.65,0,0,0,0,19-DEC-2017,
OPTSTK,PAGEIND,25-Jan-2018,21700,PE,0,0,0,1439.8,387.55,0,0,0,0,19-DEC-2017,
OPTSTK,PAGEIND,25-Jan-2018,21750,PE,0,0,0,1469.75,397.55,0,0,0,0,19-DEC-2017,
OPTSTK,PAGEIND,25-Jan-2018,21800,PE,0,0,0,1500,407.8,0,0,0,0,19-DEC-2017,
OPTSTK,PAGEIND,25-Jan-2018,21850,PE,0,0,0,1530.6,418.2,0,0,0,0,19-DEC-2017,
OPTSTK,PAGEIND,25-Jan-2018,21900,PE,0,0,0,1451.4,428.8,0,0,0,0,19-DEC-2017,
OPTSTK,PAGEIND,25-Jan-2018,21950,PE,0,0,0,1474.25,439.6,0,0,0,0,19-DEC-2017,
OPTSTK,PAGEIND,25-Jan-2018,22000,PE,0,0,0,1497.3,450.6,0,0,0,0,19-DEC-2017,
OPTSTK,PAGEIND,25-Jan-2018,22050,PE,0,0,0,1520.6,461.75,0,0,0,0,19-DEC-2017,
OPTSTK,PAGEIND,25-Jan-2018,22100,PE,0,0,0,1544.05,473.15,0,0,0,0,19-DEC-2017,
OPTSTK,PAGEIND,25-Jan-2018,22150,PE,0,0,0,1567.7,484.7,0,0,0,0,19-DEC-2017,
OPTSTK,PAGEIND,25-Jan-2018,22200,PE,0,0,0,1591.6,496.5,0,0,0,0,19-DEC-2017,
OPTSTK,PAGEIND,25-Jan-2018,22250,PE,0,0,0,1615.65,508.45,0,0,0,0,19-DEC-2017,
OPTSTK,PAGEIND,25-Jan-2018,22300,PE,0,0,0,1639.95,520.6,0,0,0,0,19-DEC-2017,
OPTSTK,PAGEIND,25-Jan-2018,22350,PE,0,0,0,1664.45,533,0,0,0,0,19-DEC-2017,
OPTSTK,PAGEIND,25-Jan-2018,22400,PE,0,0,0,1689.05,546.45,0,0,0,0,19-DEC-2017,
OPTSTK,PAGEIND,25-Jan-2018,22450,PE,0,0,0,1713.95,559.2,0,0,0,0,19-DEC-2017,
OPTSTK,PAGEIND,25-Jan-2018,22500,PE,0,0,0,1739.05,572.1,0,0,0,0,19-DEC-2017,
OPTSTK,PAGEIND,25-Jan-2018,22550,PE,0,0,0,1764.35,585.25,0,0,0,0,19-DEC-2017,
OPTSTK,PAGEIND,25-Jan-2018,22600,PE,0,0,0,1789.85,598.65,0,0,0,0,19-DEC-2017,
OPTSTK,PAGEIND,25-Jan-2018,22650,PE,0,0,0,1815.55,612.2,0,0,0,0,19-DEC-2017,
OPTSTK,PAGEIND,25-Jan-2018,22700,PE,0,0,0,1841.45,626,0,0,0,0,19-DEC-2017,
OPTSTK,PAGEIND,25-Jan-2018,22750,PE,0,0,0,1867.55,639.95,0,0,0,0,19-DEC-2017,
OPTSTK,PAGEIND,25-Jan-2018,22800,PE,0,0,0,1893.85,654.2,0,0,0,0,19-DEC-2017,
OPTSTK,PAGEIND,25-Jan-2018,22850,PE,0,0,0,1920.35,668.6,0,0,0,0,19-DEC-2017,
OPTSTK,PAGEIND,25-Jan-2018,22900,PE,0,0,0,1947.05,683.25,0,0,0,0,19-DEC-2017,
OPTSTK,PAGEIND,25-Jan-2018,22950,PE,0,0,0,1973.95,698.1,0,0,0,0,19-DEC-2017,
OPTSTK,PAGEIND,25-Jan-2018,23000,PE,0,0,0,2001.05,713.15,0,0,0,0,19-DEC-2017,
OPTSTK,PAGEIND,25-Jan-2018,23050,PE,0,0,0,2028.35,728.45,0,0,0,0,19-DEC-2017,
OPTSTK,PAGEIND,25-Jan-2018,23100,PE,0,0,0,2055.85,742.95,0,0,0,0,19-DEC-2017,
OPTSTK,PAGEIND,25-Jan-2018,23150,PE,0,0,0,2083.5,758.7,0,0,0,0,19-DEC-2017,
OPTSTK,PAGEIND,25-Jan-2018,23200,PE,0,0,0,2111.4,774.7,0,0,0,0,19-DEC-2017,
OPTSTK,PAGEIND,25-Jan-2018,23250,PE,0,0,0,2139.45,790.95,0,0,0,0,19-DEC-2017,
OPTSTK,PAGEIND,25-Jan-2018,23300,PE,0,0,0,2167.7,807.35,0,0,0,0,19-DEC-2017,
OPTSTK,PAGEIND,25-Jan-2018,23350,PE,0,0,0,2196.15,824.05,0,0,0,0,19-DEC-2017,
OPTSTK,PAGEIND,25-Jan-2018,23400,PE,0,0,0,2224.8,840.9,0,0,0,0,19-DEC-2017,
OPTSTK,PAGEIND,25-Jan-2018,23450,PE,0,0,0,2253.65,858.05,0,0,0,0,19-DEC-2017,
OPTSTK,PAGEIND,25-Jan-2018,23500,PE,0,0,0,2282.65,875.35,0,0,0,0,19-DEC-2017,
OPTSTK,PAGEIND,25-Jan-2018,23550,PE,0,0,0,2311.85,892.9,0,0,0,0,19-DEC-2017,
OPTSTK,PAGEIND,25-Jan-2018,23600,PE,0,0,0,2341.25,910.7,0,0,0,0,19-DEC-2017,
OPTSTK,PAGEIND,25-Jan-2018,23650,PE,0,0,0,2049.8,928.75,0,0,0,0,19-DEC-2017,
OPTSTK,PAGEIND,25-Jan-2018,23700,PE,0,0,0,2078,946.95,0,0,0,0,19-DEC-2017,
OPTSTK,PAGEIND,25-Jan-2018,23750,PE,0,0,0,2106.35,965.45,0,0,0,0,19-DEC-2017,
OPTSTK,PAGEIND,25-Jan-2018,23800,PE,0,0,0,2134.9,984.15,0,0,0,0,19-DEC-2017,
OPTSTK,PAGEIND,25-Jan-2018,23850,PE,0,0,0,2163.7,1003.05,0,0,0,0,19-DEC-2017,
OPTSTK,PAGEIND,25-Jan-2018,23900,PE,0,0,0,2192.65,1022.2,0,0,0,0,19-DEC-2017,
OPTSTK,PAGEIND,25-Jan-2018,23950,PE,0,0,0,2221.85,1041.6,0,0,0,0,19-DEC-2017,
OPTSTK,PAGEIND,25-Jan-2018,24000,PE,0,0,0,2251.2,1061.2,0,0,0,0,19-DEC-2017,
OPTSTK,PAGEIND,25-Jan-2018,24050,PE,0,0,0,2280.75,1081.05,0,0,0,0,19-DEC-2017,
OPTSTK,PAGEIND,25-Jan-2018,24100,PE,0,0,0,1935.7,1101.15,0,0,0,0,19-DEC-2017,
OPTSTK,PAGEIND,25-Jan-2018,24150,PE,0,0,0,1961.4,1121.45,0,0,0,0,19-DEC-2017,
OPTSTK,PAGEIND,25-Jan-2018,24200,PE,0,0,0,1987.25,1141.95,0,0,0,0,19-DEC-2017,
OPTSTK,PAGEIND,25-Jan-2018,24250,PE,0,0,0,2013.35,1162.75,0,0,0,0,19-DEC-2017,
OPTSTK,PAGEIND,25-Jan-2018,24300,PE,0,0,0,2039.6,1183.7,0,0,0,0,19-DEC-2017,
OPTSTK,PAGEIND,25-Jan-2018,24350,PE,0,0,0,2066,1204.95,0,0,0,0,19-DEC-2017,
OPTSTK,PAGEIND,25-Jan-2018,24400,PE,0,0,0,2092.65,1226.4,0,0,0,0,19-DEC-2017,
OPTSTK,PAGEIND,25-Jan-2018,24450,PE,0,0,0,2119.45,1248.1,0,0,0,0,19-DEC-2017,
OPTSTK,PAGEIND,25-Jan-2018,24500,PE,0,0,0,2146.4,1270,0,0,0,0,19-DEC-2017,
OPTSTK,PAGEIND,25-Jan-2018,24550,PE,0,0,0,2173.6,1292.15,0,0,0,0,19-DEC-2017,
OPTSTK,PAGEIND,25-Jan-2018,24600,PE,0,0,0,2200.9,1314.55,0,0,0,0,19-DEC-2017,
OPTSTK,PAGEIND,25-Jan-2018,24650,PE,0,0,0,2228.45,1337.15,0,0,0,0,19-DEC-2017,
OPTSTK,PAGEIND,25-Jan-2018,24700,PE,0,0,0,2256.15,1360,0,0,0,0,19-DEC-2017,
OPTSTK,PAGEIND,25-Jan-2018,24750,PE,0,0,0,2284.05,1383.05,0,0,0,0,19-DEC-2017,
OPTSTK,PAGEIND,25-Jan-2018,24800,PE,0,0,0,2312.1,1406.35,0,0,0,0,19-DEC-2017,
OPTSTK,PAGEIND,25-Jan-2018,24850,PE,0,0,0,2340.35,1429.85,0,0,0,0,19-DEC-2017,
OPTSTK,PAGEIND,25-Jan-2018,24900,PE,0,0,0,2368.75,1453.65,0,0,0,0,19-DEC-2017,
OPTSTK,PAGEIND,25-Jan-2018,24950,PE,0,0,0,2397.35,1477.6,0,0,0,0,19-DEC-2017,
OPTSTK,PAGEIND,25-Jan-2018,25000,PE,0,0,0,2426.1,1501.8,0,0,0,0,19-DEC-2017,
OPTSTK,PAGEIND,25-Jan-2018,25050,PE,0,0,0,2455.05,1526.25,0,0,0,0,19-DEC-2017,
OPTSTK,PAGEIND,25-Jan-2018,25100,PE,0,0,0,2484.15,1550.95,0,0,0,0,19-DEC-2017,
OPTSTK,PAGEIND,25-Jan-2018,25150,PE,0,0,0,2513.45,1575.75,0,0,0,0,19-DEC-2017,
OPTSTK,PAGEIND,25-Jan-2018,25200,PE,0,0,0,1989.1,1600.85,0,0,0,0,19-DEC-2017,
OPTSTK,PAGEIND,25-Jan-2018,25250,PE,0,0,0,2018.05,1626.2,0,0,0,0,19-DEC-2017,
OPTSTK,PAGEIND,25-Jan-2018,25300,PE,0,0,0,2047.25,1651.8,0,0,0,0,19-DEC-2017,
OPTSTK,PAGEIND,25-Jan-2018,25350,PE,0,0,0,2076.7,1677.6,0,0,0,0,19-DEC-2017,
OPTSTK,PAGEIND,25-Jan-2018,25400,PE,0,0,0,2106.35,1703.6,0,0,0,0,19-DEC-2017,
OPTSTK,PAGEIND,25-Jan-2018,25450,PE,0,0,0,2136.2,1729.85,0,0,0,0,19-DEC-2017,
OPTSTK,PAGEIND,25-Jan-2018,25500,PE,0,0,0,2166.25,1756.3,0,0,0,0,19-DEC-2017,
OPTSTK,PAGEIND,22-Feb-2018,20950,CE,0,0,0,2405.8,5171.1,0,0,0,0,19-DEC-2017,
OPTSTK,PAGEIND,22-Feb-2018,21000,CE,0,0,0,2377.85,5132.8,0,0,0,0,19-DEC-2017,
OPTSTK,PAGEIND,22-Feb-2018,21050,CE,0,0,0,2350.1,5094.65,0,0,0,0,19-DEC-2017,
OPTSTK,PAGEIND,22-Feb-2018,21100,CE,0,0,0,2322.55,5056.7,0,0,0,0,19-DEC-2017,
OPTSTK,PAGEIND,22-Feb-2018,21150,CE,0,0,0,2295.25,5018.85,0,0,0,0,19-DEC-2017,
OPTSTK,PAGEIND,22-Feb-2018,21200,CE,0,0,0,2268.2,4981.2,0,0,0,0,19-DEC-2017,
OPTSTK,PAGEIND,22-Feb-2018,21250,CE,0,0,0,2241.35,4943.7,0,0,0,0,19-DEC-2017,
OPTSTK,PAGEIND,22-Feb-2018,21300,CE,0,0,0,2214.7,4906.35,0,0,0,0,19-DEC-2017,
OPTSTK,PAGEIND,22-Feb-2018,21350,CE,0,0,0,2535.65,4869.15,0,0,0,0,19-DEC-2017,
OPTSTK,PAGEIND,22-Feb-2018,21400,CE,0,0,0,2507.55,4832.1,0,0,0,0,19-DEC-2017,
OPTSTK,PAGEIND,22-Feb-2018,21450,CE,0,0,0,2479.6,4796.1,0,0,0,0,19-DEC-2017,
OPTSTK,PAGEIND,22-Feb-2018,21500,CE,0,0,0,2451.9,4759.35,0,0,0,0,19-DEC-2017,
OPTSTK,PAGEIND,22-Feb-2018,21550,CE,0,0,0,2424.45,4722.75,0,0,0,0,19-DEC-2017,
OPTSTK,PAGEIND,22-Feb-2018,21600,CE,0,0,0,2397.15,4686.35,0,0,0,0,19-DEC-2017,
OPTSTK,PAGEIND,22-Feb-2018,21650,CE,0,0,0,2370.1,4650.1,0,0,0,0,19-DEC-2017,
OPTSTK,PAGEIND,22-Feb-2018,21700,CE,0,0,0,2343.25,4614,0,0,0,0,19-DEC-2017,
OPTSTK,PAGEIND,22-Feb-2018,21750,CE,0,0,0,2316.65,4578.05,0,0,0,0,19-DEC-2017,
OPTSTK,PAGEIND,22-Feb-2018,21800,CE,0,0,0,2290.25,4542.3,0,0,0,0,19-DEC-2017,
OPTSTK,PAGEIND,22-Feb-2018,21850,CE,0,0,0,2264.05,4506.7,0,0,0,0,19-DEC-2017,
OPTSTK,PAGEIND,22-Feb-2018,21900,CE,0,0,0,2238.05,4471.25,0,0,0,0,19-DEC-2017,
OPTSTK,PAGEIND,22-Feb-2018,21950,CE,0,0,0,2212.3,4436,0,0,0,0,19-DEC-2017,
OPTSTK,PAGEIND,22-Feb-2018,22000,CE,0,0,0,2186.75,4400.9,0,0,0,0,19-DEC-2017,
OPTSTK,PAGEIND,22-Feb-2018,22050,CE,0,0,0,2161.4,4365.95,0,0,0,0,19-DEC-2017,
OPTSTK,PAGEIND,22-Feb-2018,22100,CE,0,0,0,2136.3,4331.2,0,0,0,0,19-DEC-2017,
OPTSTK,PAGEIND,22-Feb-2018,22150,CE,0,0,0,2111.4,4296.6,0,0,0,0,19-DEC-2017,
OPTSTK,PAGEIND,22-Feb-2018,22200,CE,0,0,0,2086.6,4262.15,0,0,0,0,19-DEC-2017,
OPTSTK,PAGEIND,22-Feb-2018,22250,CE,0,0,0,2062.1,4227.9,0,0,0,0,19-DEC-2017,
OPTSTK,PAGEIND,22-Feb-2018,22300,CE,0,0,0,2037.85,4193.8,0,0,0,0,19-DEC-2017,
OPTSTK,PAGEIND,22-Feb-2018,22350,CE,0,0,0,2013.75,4159.9,0,0,0,0,19-DEC-2017,
OPTSTK,PAGEIND,22-Feb-2018,22400,CE,0,0,0,1989.9,4126.15,0,0,0,0,19-DEC-2017,
OPTSTK,PAGEIND,22-Feb-2018,22450,CE,0,0,0,1966.25,4092.6,0,0,0,0,19-DEC-2017,
OPTSTK,PAGEIND,22-Feb-2018,22500,CE,0,0,0,1942.85,4059.2,0,0,0,0,19-DEC-2017,
OPTSTK,PAGEIND,22-Feb-2018,22550,CE,0,0,0,1919.6,4025.95,0,0,0,0,19-DEC-2017,
OPTSTK,PAGEIND,22-Feb-2018,22600,CE,0,0,0,1896.6,3991.9,0,0,0,0,19-DEC-2017,
OPTSTK,PAGEIND,22-Feb-2018,22650,CE,0,0,0,1873.75,3959.05,0,0,0,0,19-DEC-2017,
OPTSTK,PAGEIND,22-Feb-2018,22700,CE,0,0,0,1851.15,3926.35,0,0,0,0,19-DEC-2017,
OPTSTK,PAGEIND,22-Feb-2018,22750,CE,0,0,0,1828.75,3893.85,0,0,0,0,19-DEC-2017,
OPTSTK,PAGEIND,22-Feb-2018,22800,CE,0,0,0,1806.55,3861.55,0,0,0,0,19-DEC-2017,
OPTSTK,PAGEIND,22-Feb-2018,22850,CE,0,0,0,1784.6,3829.35,0,0,0,0,19-DEC-2017,
OPTSTK,PAGEIND,22-Feb-2018,22900,CE,0,0,0,1762.8,3797.4,0,0,0,0,19-DEC-2017,
OPTSTK,PAGEIND,22-Feb-2018,22950,CE,0,0,0,1741.2,3765.6,0,0,0,0,19-DEC-2017,
OPTSTK,PAGEIND,22-Feb-2018,23000,CE,0,0,0,1719.85,3733.95,0,0,0,0,19-DEC-2017,
OPTSTK,PAGEIND,22-Feb-2018,23050,CE,0,0,0,1698.65,3702.5,0,0,0,0,19-DEC-2017,
OPTSTK,PAGEIND,22-Feb-2018,23100,CE,0,0,0,1677.65,3671.25,0,0,0,0,19-DEC-2017,
OPTSTK,PAGEIND,22-Feb-2018,23150,CE,0,0,0,1656.9,3640.1,0,0,0,0,19-DEC-2017,
OPTSTK,PAGEIND,22-Feb-2018,23200,CE,0,0,0,1636.3,3609.2,0,0,0,0,19-DEC-2017,
OPTSTK,PAGEIND,22-Feb-2018,23250,CE,0,0,0,1615.95,3578.45,0,0,0,0,19-DEC-2017,
OPTSTK,PAGEIND,22-Feb-2018,23300,CE,0,0,0,1595.75,3547.85,0,0,0,0,19-DEC-2017,
OPTSTK,PAGEIND,22-Feb-2018,23350,CE,0,0,0,1575.75,3517.45,0,0,0,0,19-DEC-2017,
OPTSTK,PAGEIND,22-Feb-2018,23400,CE,0,0,0,1542.9,3487.25,0,0,0,0,19-DEC-2017,
OPTSTK,PAGEIND,22-Feb-2018,23450,CE,0,0,0,1522.4,3457.2,0,0,0,0,19-DEC-2017,
OPTSTK,PAGEIND,22-Feb-2018,23500,CE,0,0,0,1502.15,3427.3,0,0,0,0,19-DEC-2017,
OPTSTK,PAGEIND,22-Feb-2018,23550,CE,0,0,0,1482.1,3397.6,0,0,0,0,19-DEC-2017,
OPTSTK,PAGEIND,22-Feb-2018,23600,CE,0,0,0,1462.25,3368.1,0,0,0,0,19-DEC-2017,
OPTSTK,PAGEIND,22-Feb-2018,23650,CE,0,0,0,1606.15,3338.75,0,0,0,0,19-DEC-2017,
OPTSTK,PAGEIND,22-Feb-2018,23700,CE,0,0,0,1584.7,3309.6,0,0,0,0,19-DEC-2017,
OPTSTK,PAGEIND,22-Feb-2018,23750,CE,0,0,0,1563.5,3280.6,0,0,0,0,19-DEC-2017,
OPTSTK,PAGEIND,22-Feb-2018,23800,CE,0,0,0,1542.45,3251.75,0,0,0,0,19-DEC-2017,
OPTSTK,PAGEIND,22-Feb-2018,23850,CE,0,0,0,1521.65,3223.15,0,0,0,0,19-DEC-2017,
OPTSTK,PAGEIND,22-Feb-2018,23900,CE,0,0,0,1501.05,3194.65,0,0,0,0,19-DEC-2017,
OPTSTK,PAGEIND,22-Feb-2018,23950,CE,0,0,0,1480.7,3166.4,0,0,0,0,19-DEC-2017,
OPTSTK,PAGEIND,22-Feb-2018,24000,CE,0,0,0,1460.55,3138.25,0,0,0,0,19-DEC-2017,
OPTSTK,PAGEIND,22-Feb-2018,24050,CE,0,0,0,1440.6,3110.35,0,0,0,0,19-DEC-2017,
OPTSTK,PAGEIND,22-Feb-2018,24100,CE,0,0,0,2579.65,3082.6,0,0,0,0,19-DEC-2017,
OPTSTK,PAGEIND,22-Feb-2018,24150,CE,0,0,0,2554.8,3055,0,0,0,0,19-DEC-2017,
OPTSTK,PAGEIND,22-Feb-2018,24200,CE,0,0,0,2530.05,3027.6,0,0,0,0,19-DEC-2017,
OPTSTK,PAGEIND,22-Feb-2018,24250,CE,0,0,0,2505.55,3000.35,0,0,0,0,19-DEC-2017,
OPTSTK,PAGEIND,22-Feb-2018,24300,CE,0,0,0,2481.25,2973.3,0,0,0,0,19-DEC-2017,
OPTSTK,PAGEIND,22-Feb-2018,24350,CE,0,0,0,2457.15,2946.4,0,0,0,0,19-DEC-2017,
OPTSTK,PAGEIND,22-Feb-2018,24400,CE,0,0,0,2433.15,2919.7,0,0,0,0,19-DEC-2017,
OPTSTK,PAGEIND,22-Feb-2018,24450,CE,0,0,0,2409.4,2893.15,0,0,0,0,19-DEC-2017,
OPTSTK,PAGEIND,22-Feb-2018,24500,CE,0,0,0,2385.8,2866.8,0,0,0,0,19-DEC-2017,
OPTSTK,PAGEIND,22-Feb-2018,24550,CE,0,0,0,2362.35,2840.6,0,0,0,0,19-DEC-2017,
OPTSTK,PAGEIND,22-Feb-2018,24600,CE,0,0,0,2339.1,2814.6,0,0,0,0,19-DEC-2017,
OPTSTK,PAGEIND,22-Feb-2018,24650,CE,0,0,0,2316,2788.8,0,0,0,0,19-DEC-2017,
OPTSTK,PAGEIND,22-Feb-2018,24700,CE,0,0,0,2293.1,2763.1,0,0,0,0,19-DEC-2017,
OPTSTK,PAGEIND,22-Feb-2018,24750,CE,0,0,0,2270.35,2737.6,0,0,0,0,19-DEC-2017,
OPTSTK,PAGEIND,22-Feb-2018,24800,CE,0,0,0,2247.8,2712.3,0,0,0,0,19-DEC-2017,
OPTSTK,PAGEIND,22-Feb-2018,24850,CE,0,0,0,2225.4,2687.15,0,0,0,0,19-DEC-2017,
OPTSTK,PAGEIND,22-Feb-2018,24900,CE,0,0,0,2203.2,2662.2,0,0,0,0,19-DEC-2017,
OPTSTK,PAGEIND,22-Feb-2018,24950,CE,0,0,0,2181.15,2637.3,0,0,0,0,19-DEC-2017,
OPTSTK,PAGEIND,22-Feb-2018,25000,CE,0,0,0,2159.25,2612.65,0,0,0,0,19-DEC-2017,
OPTSTK,PAGEIND,22-Feb-2018,25050,CE,0,0,0,2137.55,2588.2,0,0,0,0,19-DEC-2017,
OPTSTK,PAGEIND,22-Feb-2018,25100,CE,0,0,0,2116,2563.9,0,0,0,0,19-DEC-2017,
OPTSTK,PAGEIND,22-Feb-2018,25150,CE,0,0,0,2094.65,2539.8,0,0,0,0,19-DEC-2017,
OPTSTK,PAGEIND,22-Feb-2018,25200,CE,0,0,0,2073.4,2515.85,0,0,0,0,19-DEC-2017,
OPTSTK,PAGEIND,22-Feb-2018,25250,CE,0,0,0,2052.4,2492.1,0,0,0,0,19-DEC-2017,
OPTSTK,PAGEIND,22-Feb-2018,25300,CE,0,0,0,2031.5,2468.45,0,0,0,0,19-DEC-2017,
OPTSTK,PAGEIND,22-Feb-2018,25350,CE,0,0,0,2010.8,2445.05,0,0,0,0,19-DEC-2017,
OPTSTK,PAGEIND,22-Feb-2018,25400,CE,0,0,0,1990.25,2421.75,0,0,0,0,19-DEC-2017,
OPTSTK,PAGEIND,22-Feb-2018,25450,CE,0,0,0,1969.9,2398.65,0,0,0,0,19-DEC-2017,
OPTSTK,PAGEIND,22-Feb-2018,25500,CE,0,0,0,1949.7,2375.75,0,0,0,0,19-DEC-2017,
OPTSTK,PAGEIND,22-Feb-2018,20950,PE,0,0,0,1194.35,554.25,0,0,0,0,19-DEC-2017,
OPTSTK,PAGEIND,22-Feb-2018,21000,PE,0,0,0,1215.65,565.4,0,0,0,0,19-DEC-2017,
OPTSTK,PAGEIND,22-Feb-2018,21050,PE,0,0,0,1237.2,576.7,0,0,0,0,19-DEC-2017,
OPTSTK,PAGEIND,22-Feb-2018,21100,PE,0,0,0,1258.95,588.15,0,0,0,0,19-DEC-2017,
OPTSTK,PAGEIND,22-Feb-2018,21150,PE,0,0,0,1280.95,599.75,0,0,0,0,19-DEC-2017,
OPTSTK,PAGEIND,22-Feb-2018,21200,PE,0,0,0,1303.2,611.5,0,0,0,0,19-DEC-2017,
OPTSTK,PAGEIND,22-Feb-2018,21250,PE,0,0,0,1325.65,623.45,0,0,0,0,19-DEC-2017,
OPTSTK,PAGEIND,22-Feb-2018,21300,PE,0,0,0,1348.3,635.5,0,0,0,0,19-DEC-2017,
OPTSTK,PAGEIND,22-Feb-2018,21350,PE,0,0,0,1225.1,647.75,0,0,0,0,19-DEC-2017,
OPTSTK,PAGEIND,22-Feb-2018,21400,PE,0,0,0,1246.2,660.15,0,0,0,0,19-DEC-2017,
OPTSTK,PAGEIND,22-Feb-2018,21450,PE,0,0,0,1267.6,673.55,0,0,0,0,19-DEC-2017,
OPTSTK,PAGEIND,22-Feb-2018,21500,PE,0,0,0,1289.15,686.25,0,0,0,0,19-DEC-2017,
OPTSTK,PAGEIND,22-Feb-2018,21550,PE,0,0,0,1310.95,699.05,0,0,0,0,19-DEC-2017,
OPTSTK,PAGEIND,22-Feb-2018,21600,PE,0,0,0,1332.95,712.1,0,0,0,0,19-DEC-2017,
OPTSTK,PAGEIND,22-Feb-2018,21650,PE,0,0,0,1355.15,725.25,0,0,0,0,19-DEC-2017,
OPTSTK,PAGEIND,22-Feb-2018,21700,PE,0,0,0,1377.6,738.6,0,0,0,0,19-DEC-2017,
OPTSTK,PAGEIND,22-Feb-2018,21750,PE,0,0,0,1400.25,752.1,0,0,0,0,19-DEC-2017,
OPTSTK,PAGEIND,22-Feb-2018,21800,PE,0,0,0,1423.1,765.75,0,0,0,0,19-DEC-2017,
OPTSTK,PAGEIND,22-Feb-2018,21850,PE,0,0,0,1446.15,779.6,0,0,0,0,19-DEC-2017,
OPTSTK,PAGEIND,22-Feb-2018,21900,PE,0,0,0,1469.45,793.6,0,0,0,0,19-DEC-2017,
OPTSTK,PAGEIND,22-Feb-2018,21950,PE,0,0,0,1492.95,807.75,0,0,0,0,19-DEC-2017,
OPTSTK,PAGEIND,22-Feb-2018,22000,PE,0,0,0,1516.7,822.05,0,0,0,0,19-DEC-2017,
OPTSTK,PAGEIND,22-Feb-2018,22050,PE,0,0,0,1540.6,836.55,0,0,0,0,19-DEC-2017,
OPTSTK,PAGEIND,22-Feb-2018,22100,PE,0,0,0,1564.75,851.25,0,0,0,0,19-DEC-2017,
OPTSTK,PAGEIND,22-Feb-2018,22150,PE,0,0,0,1589.15,866.05,0,0,0,0,19-DEC-2017,
OPTSTK,PAGEIND,22-Feb-2018,22200,PE,0,0,0,1613.6,881.05,0,0,0,0,19-DEC-2017,
OPTSTK,PAGEIND,22-Feb-2018,22250,PE,0,0,0,1638.4,896.25,0,0,0,0,19-DEC-2017,
OPTSTK,PAGEIND,22-Feb-2018,22300,PE,0,0,0,1663.4,911.6,0,0,0,0,19-DEC-2017,
OPTSTK,PAGEIND,22-Feb-2018,22350,PE,0,0,0,1688.6,927.1,0,0,0,0,19-DEC-2017,
OPTSTK,PAGEIND,22-Feb-2018,22400,PE,0,0,0,1714,942.8,0,0,0,0,19-DEC-2017,
OPTSTK,PAGEIND,22-Feb-2018,22450,PE,0,0,0,1739.65,958.65,0,0,0,0,19-DEC-2017,
OPTSTK,PAGEIND,22-Feb-2018,22500,PE,0,0,0,1765.5,974.65,0,0,0,0,19-DEC-2017,
OPTSTK,PAGEIND,22-Feb-2018,22550,PE,0,0,0,1791.5,990.85,0,0,0,0,19-DEC-2017,
OPTSTK,PAGEIND,22-Feb-2018,22600,PE,0,0,0,1817.75,1006.2,0,0,0,0,19-DEC-2017,
OPTSTK,PAGEIND,22-Feb-2018,22650,PE,0,0,0,1844.25,1022.8,0,0,0,0,19-DEC-2017,
OPTSTK,PAGEIND,22-Feb-2018,22700,PE,0,0,0,1870.9,1039.55,0,0,0,0,19-DEC-2017,
OPTSTK,PAGEIND,22-Feb-2018,22750,PE,0,0,0,1897.75,1056.5,0,0,0,0,19-DEC-2017,
OPTSTK,PAGEIND,22-Feb-2018,22800,PE,0,0,0,1924.85,1073.6,0,0,0,0,19-DEC-2017,
OPTSTK,PAGEIND,22-Feb-2018,22850,PE,0,0,0,1952.15,1090.85,0,0,0,0,19-DEC-2017,
OPTSTK,PAGEIND,22-Feb-2018,22900,PE,0,0,0,1979.6,1108.3,0,0,0,0,19-DEC-2017,
OPTSTK,PAGEIND,22-Feb-2018,22950,PE,0,0,0,2007.3,1125.95,0,0,0,0,19-DEC-2017,
OPTSTK,PAGEIND,22-Feb-2018,23000,PE,0,0,0,2035.2,1143.75,0,0,0,0,19-DEC-2017,
OPTSTK,PAGEIND,22-Feb-2018,23050,PE,0,0,0,2063.3,1161.7,0,0,0,0,19-DEC-2017,
OPTSTK,PAGEIND,22-Feb-2018,23100,PE,0,0,0,2091.55,1179.85,0,0,0,0,19-DEC-2017,
OPTSTK,PAGEIND,22-Feb-2018,23150,PE,0,0,0,2120.05,1198.2,0,0,0,0,19-DEC-2017,
OPTSTK,PAGEIND,22-Feb-2018,23200,PE,0,0,0,2148.75,1216.7,0,0,0,0,19-DEC-2017,
OPTSTK,PAGEIND,22-Feb-2018,23250,PE,0,0,0,2177.65,1235.35,0,0,0,0,19-DEC-2017,
OPTSTK,PAGEIND,22-Feb-2018,23300,PE,0,0,0,2206.75,1254.2,0,0,0,0,19-DEC-2017,
OPTSTK,PAGEIND,22-Feb-2018,23350,PE,0,0,0,2236,1273.25,0,0,0,0,19-DEC-2017,
OPTSTK,PAGEIND,22-Feb-2018,23400,PE,0,0,0,2042.1,1292.45,0,0,0,0,19-DEC-2017,
OPTSTK,PAGEIND,22-Feb-2018,23450,PE,0,0,0,2070.95,1311.85,0,0,0,0,19-DEC-2017,
OPTSTK,PAGEIND,22-Feb-2018,23500,PE,0,0,0,2100.05,1331.4,0,0,0,0,19-DEC-2017,
OPTSTK,PAGEIND,22-Feb-2018,23550,PE,0,0,0,2129.3,1351.15,0,0,0,0,19-DEC-2017,
OPTSTK,PAGEIND,22-Feb-2018,23600,PE,0,0,0,2158.8,1371.05,0,0,0,0,19-DEC-2017,
OPTSTK,PAGEIND,22-Feb-2018,23650,PE,0,0,0,1890.55,1391.1,0,0,0,0,19-DEC-2017,
OPTSTK,PAGEIND,22-Feb-2018,23700,PE,0,0,0,1918.45,1411.4,0,0,0,0,19-DEC-2017,
OPTSTK,PAGEIND,22-Feb-2018,23750,PE,0,0,0,1946.6,1431.8,0,0,0,0,19-DEC-2017,
OPTSTK,PAGEIND,22-Feb-2018,23800,PE,0,0,0,1974.95,1452.45,0,0,0,0,19-DEC-2017,
OPTSTK,PAGEIND,22-Feb-2018,23850,PE,0,0,0,2003.5,1473.2,0,0,0,0,19-DEC-2017,
OPTSTK,PAGEIND,22-Feb-2018,23900,PE,0,0,0,2032.3,1494.2,0,0,0,0,19-DEC-2017,
OPTSTK,PAGEIND,22-Feb-2018,23950,PE,0,0,0,2061.25,1515.35,0,0,0,0,19-DEC-2017,
OPTSTK,PAGEIND,22-Feb-2018,24000,PE,0,0,0,2090.45,1536.65,0,0,0,0,19-DEC-2017,
OPTSTK,PAGEIND,22-Feb-2018,24050,PE,0,0,0,2119.9,1558.15,0,0,0,0,19-DEC-2017,
OPTSTK,PAGEIND,22-Feb-2018,24100,PE,0,0,0,1879.1,1579.8,0,0,0,0,19-DEC-2017,
OPTSTK,PAGEIND,22-Feb-2018,24150,PE,0,0,0,1903.65,1601.65,0,0,0,0,19-DEC-2017,
OPTSTK,PAGEIND,22-Feb-2018,24200,PE,0,0,0,1928.3,1623.7,0,0,0,0,19-DEC-2017,
OPTSTK,PAGEIND,22-Feb-2018,24250,PE,0,0,0,1953.25,1645.9,0,0,0,0,19-DEC-2017,
OPTSTK,PAGEIND,22-Feb-2018,24300,PE,0,0,0,1978.35,1668.25,0,0,0,0,19-DEC-2017,
OPTSTK,PAGEIND,22-Feb-2018,24350,PE,0,0,0,2003.65,1690.8,0,0,0,0,19-DEC-2017,
OPTSTK,PAGEIND,22-Feb-2018,24400,PE,0,0,0,2029.1,1713.5,0,0,0,0,19-DEC-2017,
OPTSTK,PAGEIND,22-Feb-2018,24450,PE,0,0,0,2054.75,1736.4,0,0,0,0,19-DEC-2017,
OPTSTK,PAGEIND,22-Feb-2018,24500,PE,0,0,0,2080.55,1759.5,0,0,0,0,19-DEC-2017,
OPTSTK,PAGEIND,22-Feb-2018,24550,PE,0,0,0,2106.55,1782.75,0,0,0,0,19-DEC-2017,
OPTSTK,PAGEIND,22-Feb-2018,24600,PE,0,0,0,2132.7,1806.15,0,0,0,0,19-DEC-2017,
OPTSTK,PAGEIND,22-Feb-2018,24650,PE,0,0,0,2159.05,1829.75,0,0,0,0,19-DEC-2017,
OPTSTK,PAGEIND,22-Feb-2018,24700,PE,0,0,0,2185.55,1853.5,0,0,0,0,19-DEC-2017,
OPTSTK,PAGEIND,22-Feb-2018,24750,PE,0,0,0,2212.25,1877.45,0,0,0,0,19-DEC-2017,
OPTSTK,PAGEIND,22-Feb-2018,24800,PE,0,0,0,2239.1,1901.55,0,0,0,0,19-DEC-2017,
OPTSTK,PAGEIND,22-Feb-2018,24850,PE,0,0,0,2266.1,1925.85,0,0,0,0,19-DEC-2017,
OPTSTK,PAGEIND,22-Feb-2018,24900,PE,0,0,0,2293.3,1950.3,0,0,0,0,19-DEC-2017,
OPTSTK,PAGEIND,22-Feb-2018,24950,PE,0,0,0,2320.7,1974.85,0,0,0,0,19-DEC-2017,
OPTSTK,PAGEIND,22-Feb-2018,25000,PE,0,0,0,2348.25,1999.65,0,0,0,0,19-DEC-2017,
OPTSTK,PAGEIND,22-Feb-2018,25050,PE,0,0,0,2375.95,2024.6,0,0,0,0,19-DEC-2017,
OPTSTK,PAGEIND,22-Feb-2018,25100,PE,0,0,0,2403.8,2049.75,0,0,0,0,19-DEC-2017,
OPTSTK,PAGEIND,22-Feb-2018,25150,PE,0,0,0,2431.85,2075.05,0,0,0,0,19-DEC-2017,
OPTSTK,PAGEIND,22-Feb-2018,25200,PE,0,0,0,2460.05,2100.55,0,0,0,0,19-DEC-2017,
OPTSTK,PAGEIND,22-Feb-2018,25250,PE,0,0,0,2488.45,2126.2,0,0,0,0,19-DEC-2017,
OPTSTK,PAGEIND,22-Feb-2018,25300,PE,0,0,0,2517,2152.05,0,0,0,0,19-DEC-2017,
OPTSTK,PAGEIND,22-Feb-2018,25350,PE,0,0,0,2545.7,2178,0,0,0,0,19-DEC-2017,
OPTSTK,PAGEIND,22-Feb-2018,25400,PE,0,0,0,2574.6,2204.2,0,0,0,0,19-DEC-2017,
OPTSTK,PAGEIND,22-Feb-2018,25450,PE,0,0,0,2603.65,2230.5,0,0,0,0,19-DEC-2017,
OPTSTK,PAGEIND,22-Feb-2018,25500,PE,0,0,0,2632.85,2257,0,0,0,0,19-DEC-2017,
OPTSTK,PCJEWELLER,28-Dec-2017,250,CE,0,0,0,74.35,200.7,0,0,0,0,19-DEC-2017,
OPTSTK,PCJEWELLER,28-Dec-2017,260,CE,0,0,0,65.95,190.7,0,0,0,0,19-DEC-2017,
OPTSTK,PCJEWELLER,28-Dec-2017,270,CE,0,0,0,58,180.75,0,0,0,0,19-DEC-2017,
OPTSTK,PCJEWELLER,28-Dec-2017,280,CE,0,0,0,50.55,170.75,0,0,0,0,19-DEC-2017,
OPTSTK,PCJEWELLER,28-Dec-2017,290,CE,0,0,0,43.7,160.75,0,0,0,0,19-DEC-2017,
OPTSTK,PCJEWELLER,28-Dec-2017,300,CE,0,0,0,37.45,150.8,0,0,0,0,19-DEC-2017,
OPTSTK,PCJEWELLER,28-Dec-2017,310,CE,0,0,0,58.1,140.8,0,0,3000,0,19-DEC-2017,
OPTSTK,PCJEWELLER,28-Dec-2017,320,CE,0,0,0,57.2,130.8,0,0,3000,0,19-DEC-2017,
OPTSTK,PCJEWELLER,28-Dec-2017,330,CE,0,0,0,22.5,120.85,0,0,0,0,19-DEC-2017,
OPTSTK,PCJEWELLER,28-Dec-2017,340,CE,0,0,0,35.05,110.85,0,0,3000,0,19-DEC-2017,
OPTSTK,PCJEWELLER,28-Dec-2017,350,CE,0,0,0,15.4,100.85,0,0,0,0,19-DEC-2017,
OPTSTK,PCJEWELLER,28-Dec-2017,360,CE,90,96,87.3,91.55,91.55,4,27.07,34500,3000,19-DEC-2017,
OPTSTK,PCJEWELLER,28-Dec-2017,370,CE,0,0,0,65.2,80.95,0,0,36000,0,19-DEC-2017,
OPTSTK,PCJEWELLER,28-Dec-2017,380,CE,69.7,69.7,69.7,69.7,69.7,1,6.74,43500,0,19-DEC-2017,
OPTSTK,PCJEWELLER,28-Dec-2017,390,CE,0,0,0,54.75,61.4,0,0,30000,0,19-DEC-2017,
OPTSTK,PCJEWELLER,28-Dec-2017,400,CE,51.5,56,48.3,50,50,5,33.91,121500,3000,19-DEC-2017,
OPTSTK,PCJEWELLER,28-Dec-2017,410,CE,47.4,48,46.45,46.5,46.5,12,82.27,61500,-9000,19-DEC-2017,
OPTSTK,PCJEWELLER,28-Dec-2017,420,CE,38.75,38.75,34,34.2,34.2,63,432.6,57000,-57000,19-DEC-2017,
OPTSTK,PCJEWELLER,28-Dec-2017,430,CE,26.95,31.45,26.95,28.85,28.85,12,82.63,81000,-6000,19-DEC-2017,
OPTSTK,PCJEWELLER,28-Dec-2017,440,CE,18.55,24.4,16.55,18.35,18.35,143,987.91,300000,-13500,19-DEC-2017,
OPTSTK,PCJEWELLER,28-Dec-2017,450,CE,12.65,18.25,11.75,13.4,13.4,842,5871.69,555000,-75000,19-DEC-2017,
OPTSTK,PCJEWELLER,28-Dec-2017,460,CE,8.9,13.1,7.15,8.95,8.95,1032,7286.61,610500,157500,19-DEC-2017,
OPTSTK,PCJEWELLER,28-Dec-2017,470,CE,6.9,9.2,5.1,6,6,512,3664.79,249000,79500,19-DEC-2017,
OPTSTK,PCJEWELLER,28-Dec-2017,480,CE,3.9,6.45,3.45,3.8,3.8,253,1840.22,207000,39000,19-DEC-2017,
OPTSTK,PCJEWELLER,28-Dec-2017,490,CE,3.6,4.7,2.5,2.6,2.6,46,340.46,76500,10500,19-DEC-2017,
OPTSTK,PCJEWELLER,28-Dec-2017,500,CE,2.4,3.1,1.7,1.85,1.85,127,957.14,217500,18000,19-DEC-2017,
OPTSTK,PCJEWELLER,28-Dec-2017,510,CE,1.25,2.25,1,1.1,1.1,33,253.24,43500,13500,19-DEC-2017,
OPTSTK,PCJEWELLER,28-Dec-2017,520,CE,0,0,0,5.4,0.6,0,0,0,0,19-DEC-2017,
OPTSTK,PCJEWELLER,28-Dec-2017,250,PE,0,0,0,2.8,0,0,0,0,0,19-DEC-2017,
OPTSTK,PCJEWELLER,28-Dec-2017,260,PE,0,0,0,4.25,0,0,0,0,0,19-DEC-2017,
OPTSTK,PCJEWELLER,28-Dec-2017,270,PE,0,0,0,6.15,0,0,0,0,0,19-DEC-2017,
OPTSTK,PCJEWELLER,28-Dec-2017,280,PE,0,0,0,8.55,0,0,0,0,0,19-DEC-2017,
OPTSTK,PCJEWELLER,28-Dec-2017,290,PE,0,0,0,11.55,0,0,0,0,0,19-DEC-2017,
OPTSTK,PCJEWELLER,28-Dec-2017,300,PE,0,0,0,15.15,0,0,0,0,0,19-DEC-2017,
OPTSTK,PCJEWELLER,28-Dec-2017,310,PE,0,0,0,1,0,0,0,4500,0,19-DEC-2017,
OPTSTK,PCJEWELLER,28-Dec-2017,320,PE,0,0,0,0.65,0,0,0,7500,0,19-DEC-2017,
OPTSTK,PCJEWELLER,28-Dec-2017,330,PE,0,0,0,0.5,0,0,0,7500,0,19-DEC-2017,
OPTSTK,PCJEWELLER,28-Dec-2017,340,PE,0,0,0,0.2,0,0,0,4500,0,19-DEC-2017,
OPTSTK,PCJEWELLER,28-Dec-2017,350,PE,0.3,0.3,0.3,0.3,0.3,2,10.5,46500,-3000,19-DEC-2017,
OPTSTK,PCJEWELLER,28-Dec-2017,360,PE,0.15,0.65,0.15,0.35,0.35,7,37.83,57000,0,19-DEC-2017,
OPTSTK,PCJEWELLER,28-Dec-2017,370,PE,0.5,0.5,0.5,0.5,0.5,1,5.55,46500,0,19-DEC-2017,
OPTSTK,PCJEWELLER,28-Dec-2017,380,PE,0.5,0.7,0.4,0.4,0.4,6,34.24,39000,-3000,19-DEC-2017,
OPTSTK,PCJEWELLER,28-Dec-2017,390,PE,0.55,0.8,0.45,0.8,0.8,18,105.44,97500,-4500,19-DEC-2017,
OPTSTK,PCJEWELLER,28-Dec-2017,400,PE,0.6,1.85,0.6,1.25,1.25,51,306.79,190500,-9000,19-DEC-2017,
OPTSTK,PCJEWELLER,28-Dec-2017,410,PE,1.7,1.8,1,1.55,1.55,56,345.59,106500,0,19-DEC-2017,
OPTSTK,PCJEWELLER,28-Dec-2017,420,PE,2.75,3.4,1.9,2.65,2.65,98,621.06,135000,-6000,19-DEC-2017,
OPTSTK,PCJEWELLER,28-Dec-2017,430,PE,6,6,3.3,4.05,4.05,99,644.48,93000,-16500,19-DEC-2017,
OPTSTK,PCJEWELLER,28-Dec-2017,440,PE,8.15,10.35,5.7,7,7,250,1675.32,139500,28500,19-DEC-2017,
OPTSTK,PCJEWELLER,28-Dec-2017,450,PE,13.6,15.25,9.45,11.65,11.65,157,1085.42,90000,55500,19-DEC-2017,
OPTSTK,PCJEWELLER,28-Dec-2017,460,PE,16,19.15,14.5,17.2,17.2,18,128.91,9000,3000,19-DEC-2017,
OPTSTK,PCJEWELLER,28-Dec-2017,470,PE,20.6,27.2,20.6,27.2,27.2,6,44.35,4500,-4500,19-DEC-2017,
OPTSTK,PCJEWELLER,28-Dec-2017,480,PE,0,0,0,37,33.65,0,0,3000,0,19-DEC-2017,
OPTSTK,PCJEWELLER,28-Dec-2017,490,PE,0,0,0,135.7,41.9,0,0,0,0,19-DEC-2017,
OPTSTK,PCJEWELLER,28-Dec-2017,500,PE,0,0,0,131.7,50.75,0,0,0,0,19-DEC-2017,
OPTSTK,PCJEWELLER,28-Dec-2017,510,PE,0,0,0,140.55,59.95,0,0,0,0,19-DEC-2017,
OPTSTK,PCJEWELLER,28-Dec-2017,520,PE,0,0,0,137.65,69.5,0,0,0,0,19-DEC-2017,
OPTSTK,PCJEWELLER,25-Jan-2018,250,CE,0,0,0,97.5,201.95,0,0,0,0,19-DEC-2017,
OPTSTK,PCJEWELLER,25-Jan-2018,260,CE,0,0,0,88.9,192,0,0,0,0,19-DEC-2017,
OPTSTK,PCJEWELLER,25-Jan-2018,270,CE,0,0,0,80.6,182.1,0,0,0,0,19-DEC-2017,
OPTSTK,PCJEWELLER,25-Jan-2018,280,CE,0,0,0,72.75,172.15,0,0,0,0,19-DEC-2017,
OPTSTK,PCJEWELLER,25-Jan-2018,290,CE,0,0,0,65.3,162.25,0,0,0,0,19-DEC-2017,
OPTSTK,PCJEWELLER,25-Jan-2018,300,CE,0,0,0,58.3,152.4,0,0,0,0,19-DEC-2017,
OPTSTK,PCJEWELLER,25-Jan-2018,310,CE,0,0,0,51.8,142.55,0,0,0,0,19-DEC-2017,
OPTSTK,PCJEWELLER,25-Jan-2018,320,CE,0,0,0,45.85,132.75,0,0,0,0,19-DEC-2017,
OPTSTK,PCJEWELLER,25-Jan-2018,330,CE,0,0,0,40.35,123.05,0,0,0,0,19-DEC-2017,
OPTSTK,PCJEWELLER,25-Jan-2018,340,CE,0,0,0,35.35,113.5,0,0,0,0,19-DEC-2017,
OPTSTK,PCJEWELLER,25-Jan-2018,350,CE,0,0,0,30.85,104.15,0,0,0,0,19-DEC-2017,
OPTSTK,PCJEWELLER,25-Jan-2018,360,CE,0,0,0,26.8,94.95,0,0,0,0,19-DEC-2017,
OPTSTK,PCJEWELLER,25-Jan-2018,370,CE,0,0,0,23.15,86.1,0,0,0,0,19-DEC-2017,
OPTSTK,PCJEWELLER,25-Jan-2018,380,CE,0,0,0,19.95,77.55,0,0,0,0,19-DEC-2017,
OPTSTK,PCJEWELLER,25-Jan-2018,390,CE,0,0,0,17.15,69.35,0,0,0,0,19-DEC-2017,
OPTSTK,PCJEWELLER,25-Jan-2018,400,CE,0,0,0,14.7,61.65,0,0,0,0,19-DEC-2017,
OPTSTK,PCJEWELLER,25-Jan-2018,410,CE,0,0,0,12.55,54.4,0,0,0,0,19-DEC-2017,
OPTSTK,PCJEWELLER,25-Jan-2018,420,CE,0,0,0,10.65,47.65,0,0,0,0,19-DEC-2017,
OPTSTK,PCJEWELLER,25-Jan-2018,430,CE,0,0,0,9.05,41.45,0,0,0,0,19-DEC-2017,
OPTSTK,PCJEWELLER,25-Jan-2018,440,CE,0,0,0,7.65,35.8,0,0,0,0,19-DEC-2017,
OPTSTK,PCJEWELLER,25-Jan-2018,450,CE,28,28,28,28,28,1,7.17,1500,1500,19-DEC-2017,
OPTSTK,PCJEWELLER,25-Jan-2018,460,CE,0,0,0,20,26.15,0,0,1500,0,19-DEC-2017,
OPTSTK,PCJEWELLER,25-Jan-2018,470,CE,0,0,0,4.55,22.15,0,0,0,0,19-DEC-2017,
OPTSTK,PCJEWELLER,25-Jan-2018,480,CE,0,0,0,3.8,18.6,0,0,0,0,19-DEC-2017,
OPTSTK,PCJEWELLER,25-Jan-2018,490,CE,0,0,0,3.3,15.5,0,0,0,0,19-DEC-2017,
OPTSTK,PCJEWELLER,25-Jan-2018,500,CE,0,0,0,6.05,12.9,0,0,0,0,19-DEC-2017,
OPTSTK,PCJEWELLER,25-Jan-2018,510,CE,0,0,0,5.15,10.65,0,0,0,0,19-DEC-2017,
OPTSTK,PCJEWELLER,25-Jan-2018,520,CE,0,0,0,4.35,8.7,0,0,0,0,19-DEC-2017,
OPTSTK,PCJEWELLER,25-Jan-2018,250,PE,0,0,0,2.8,0,0,0,0,0,19-DEC-2017,
OPTSTK,PCJEWELLER,25-Jan-2018,260,PE,0,0,0,4,0,0,0,0,0,19-DEC-2017,
OPTSTK,PCJEWELLER,25-Jan-2018,270,PE,0,0,0,5.6,0.05,0,0,0,0,19-DEC-2017,
OPTSTK,PCJEWELLER,25-Jan-2018,280,PE,0,0,0,7.55,0.05,0,0,0,0,19-DEC-2017,
OPTSTK,PCJEWELLER,25-Jan-2018,290,PE,0,0,0,9.95,0.05,0,0,0,0,19-DEC-2017,
OPTSTK,PCJEWELLER,25-Jan-2018,300,PE,0,0,0,12.8,0.15,0,0,0,0,19-DEC-2017,
OPTSTK,PCJEWELLER,25-Jan-2018,310,PE,0,0,0,16.15,0.2,0,0,0,0,19-DEC-2017,
OPTSTK,PCJEWELLER,25-Jan-2018,320,PE,0,0,0,20,0.35,0,0,0,0,19-DEC-2017,
OPTSTK,PCJEWELLER,25-Jan-2018,330,PE,0,0,0,24.35,0.6,0,0,0,0,19-DEC-2017,
OPTSTK,PCJEWELLER,25-Jan-2018,340,PE,0,0,0,29.2,1,0,0,0,0,19-DEC-2017,
OPTSTK,PCJEWELLER,25-Jan-2018,350,PE,0,0,0,34.55,1.55,0,0,0,0,19-DEC-2017,
OPTSTK,PCJEWELLER,25-Jan-2018,360,PE,0,0,0,40.35,2.35,0,0,0,0,19-DEC-2017,
OPTSTK,PCJEWELLER,25-Jan-2018,370,PE,0,0,0,46.55,3.4,0,0,0,0,19-DEC-2017,
OPTSTK,PCJEWELLER,25-Jan-2018,380,PE,0,0,0,53.2,4.75,0,0,0,0,19-DEC-2017,
OPTSTK,PCJEWELLER,25-Jan-2018,390,PE,0,0,0,60.25,6.55,0,0,0,0,19-DEC-2017,
OPTSTK,PCJEWELLER,25-Jan-2018,400,PE,0,0,0,67.6,8.75,0,0,0,0,19-DEC-2017,
OPTSTK,PCJEWELLER,25-Jan-2018,410,PE,8.5,8.5,8.5,8.5,8.5,1,6.27,1500,1500,19-DEC-2017,
OPTSTK,PCJEWELLER,25-Jan-2018,420,PE,9,9,9,9,9,1,6.43,1500,1500,19-DEC-2017,
OPTSTK,PCJEWELLER,25-Jan-2018,430,PE,0,0,0,91.5,18.35,0,0,0,0,19-DEC-2017,
OPTSTK,PCJEWELLER,25-Jan-2018,440,PE,20,20,19.5,19.5,19.5,2,13.79,1500,0,19-DEC-2017,
OPTSTK,PCJEWELLER,25-Jan-2018,450,PE,0,0,0,28,27.5,0,0,1500,0,19-DEC-2017,
OPTSTK,PCJEWELLER,25-Jan-2018,460,PE,0,0,0,117.4,32.85,0,0,0,0,19-DEC-2017,
OPTSTK,PCJEWELLER,25-Jan-2018,470,PE,0,0,0,126.4,38.8,0,0,0,0,19-DEC-2017,
OPTSTK,PCJEWELLER,25-Jan-2018,480,PE,0,0,0,135.5,45.15,0,0,0,0,19-DEC-2017,
OPTSTK,PCJEWELLER,25-Jan-2018,490,PE,0,0,0,135.1,52.05,0,0,0,0,19-DEC-2017,
OPTSTK,PCJEWELLER,25-Jan-2018,500,PE,0,0,0,123.5,59.35,0,0,0,0,19-DEC-2017,
OPTSTK,PCJEWELLER,25-Jan-2018,510,PE,0,0,0,132.4,67,0,0,0,0,19-DEC-2017,
OPTSTK,PCJEWELLER,25-Jan-2018,520,PE,0,0,0,141.5,75.05,0,0,0,0,19-DEC-2017,
OPTSTK,PCJEWELLER,22-Feb-2018,260,CE,0,0,0,142.35,193.4,0,0,0,0,19-DEC-2017,
OPTSTK,PCJEWELLER,22-Feb-2018,270,CE,0,0,0,133.6,183.6,0,0,0,0,19-DEC-2017,
OPTSTK,PCJEWELLER,22-Feb-2018,280,CE,0,0,0,125.05,173.85,0,0,0,0,19-DEC-2017,
OPTSTK,PCJEWELLER,22-Feb-2018,290,CE,0,0,0,116.8,164.15,0,0,0,0,19-DEC-2017,
OPTSTK,PCJEWELLER,22-Feb-2018,300,CE,0,0,0,108.85,154.55,0,0,0,0,19-DEC-2017,
OPTSTK,PCJEWELLER,22-Feb-2018,310,CE,0,0,0,101.15,145.05,0,0,0,0,19-DEC-2017,
OPTSTK,PCJEWELLER,22-Feb-2018,320,CE,0,0,0,93.85,135.7,0,0,0,0,19-DEC-2017,
OPTSTK,PCJEWELLER,22-Feb-2018,330,CE,0,0,0,86.85,126.5,0,0,0,0,19-DEC-2017,
OPTSTK,PCJEWELLER,22-Feb-2018,340,CE,0,0,0,80.2,117.55,0,0,0,0,19-DEC-2017,
OPTSTK,PCJEWELLER,22-Feb-2018,350,CE,0,0,0,73.9,108.85,0,0,0,0,19-DEC-2017,
OPTSTK,PCJEWELLER,22-Feb-2018,360,CE,0,0,0,67.95,100.45,0,0,0,0,19-DEC-2017,
OPTSTK,PCJEWELLER,22-Feb-2018,370,CE,0,0,0,62.4,92.3,0,0,0,0,19-DEC-2017,
OPTSTK,PCJEWELLER,22-Feb-2018,380,CE,0,0,0,57.15,84.55,0,0,0,0,19-DEC-2017,
OPTSTK,PCJEWELLER,22-Feb-2018,390,CE,0,0,0,52.3,77.15,0,0,0,0,19-DEC-2017,
OPTSTK,PCJEWELLER,22-Feb-2018,400,CE,0,0,0,47.75,70.1,0,0,0,0,19-DEC-2017,
OPTSTK,PCJEWELLER,22-Feb-2018,410,CE,0,0,0,43.5,63.45,0,0,0,0,19-DEC-2017,
OPTSTK,PCJEWELLER,22-Feb-2018,420,CE,0,0,0,39.6,57.25,0,0,0,0,19-DEC-2017,
OPTSTK,PCJEWELLER,22-Feb-2018,430,CE,0,0,0,36,51.5,0,0,0,0,19-DEC-2017,
OPTSTK,PCJEWELLER,22-Feb-2018,440,CE,0,0,0,32.7,46.15,0,0,0,0,19-DEC-2017,
OPTSTK,PCJEWELLER,22-Feb-2018,450,CE,0,0,0,29.6,41.2,0,0,0,0,19-DEC-2017,
OPTSTK,PCJEWELLER,22-Feb-2018,460,CE,0,0,0,26.8,36.65,0,0,0,0,19-DEC-2017,
OPTSTK,PCJEWELLER,22-Feb-2018,470,CE,0,0,0,24.25,32.5,0,0,0,0,19-DEC-2017,
OPTSTK,PCJEWELLER,22-Feb-2018,480,CE,0,0,0,21.9,28.75,0,0,0,0,19-DEC-2017,
OPTSTK,PCJEWELLER,22-Feb-2018,490,CE,0,0,0,19.8,25.3,0,0,0,0,19-DEC-2017,
OPTSTK,PCJEWELLER,22-Feb-2018,500,CE,0,0,0,17.85,22.25,0,0,0,0,19-DEC-2017,
OPTSTK,PCJEWELLER,22-Feb-2018,510,CE,0,0,0,16.05,19.5,0,0,0,0,19-DEC-2017,
OPTSTK,PCJEWELLER,22-Feb-2018,520,CE,0,0,0,14.45,17.05,0,0,0,0,19-DEC-2017,
OPTSTK,PCJEWELLER,22-Feb-2018,260,PE,0,0,0,3.2,0.15,0,0,0,0,19-DEC-2017,
OPTSTK,PCJEWELLER,22-Feb-2018,270,PE,0,0,0,4.25,0.2,0,0,0,0,19-DEC-2017,
OPTSTK,PCJEWELLER,22-Feb-2018,280,PE,0,0,0,5.6,0.35,0,0,0,0,19-DEC-2017,
OPTSTK,PCJEWELLER,22-Feb-2018,290,PE,0,0,0,7.15,0.55,0,0,0,0,19-DEC-2017,
OPTSTK,PCJEWELLER,22-Feb-2018,300,PE,0,0,0,9.05,0.8,0,0,0,0,19-DEC-2017,
OPTSTK,PCJEWELLER,22-Feb-2018,310,PE,0,0,0,11.25,1.2,0,0,0,0,19-DEC-2017,
OPTSTK,PCJEWELLER,22-Feb-2018,320,PE,0,0,0,13.8,1.75,0,0,0,0,19-DEC-2017,
OPTSTK,PCJEWELLER,22-Feb-2018,330,PE,0,0,0,16.65,2.45,0,0,0,0,19-DEC-2017,
OPTSTK,PCJEWELLER,22-Feb-2018,340,PE,0,0,0,19.85,3.4,0,0,0,0,19-DEC-2017,
OPTSTK,PCJEWELLER,22-Feb-2018,350,PE,0,0,0,23.4,4.55,0,0,0,0,19-DEC-2017,
OPTSTK,PCJEWELLER,22-Feb-2018,360,PE,0,0,0,27.3,6,0,0,0,0,19-DEC-2017,
OPTSTK,PCJEWELLER,22-Feb-2018,370,PE,0,0,0,31.6,7.8,0,0,0,0,19-DEC-2017,
OPTSTK,PCJEWELLER,22-Feb-2018,380,PE,0,0,0,36.25,9.9,0,0,0,0,19-DEC-2017,
OPTSTK,PCJEWELLER,22-Feb-2018,390,PE,0,0,0,41.2,12.4,0,0,0,0,19-DEC-2017,
OPTSTK,PCJEWELLER,22-Feb-2018,400,PE,0,0,0,46.5,15.25,0,0,0,0,19-DEC-2017,
OPTSTK,PCJEWELLER,22-Feb-2018,410,PE,0,0,0,52.15,18.5,0,0,0,0,19-DEC-2017,
OPTSTK,PCJEWELLER,22-Feb-2018,420,PE,0,0,0,58.1,22.2,0,0,0,0,19-DEC-2017,
OPTSTK,PCJEWELLER,22-Feb-2018,430,PE,0,0,0,64.35,26.3,0,0,0,0,19-DEC-2017,
OPTSTK,PCJEWELLER,22-Feb-2018,440,PE,0,0,0,70.85,30.8,0,0,0,0,19-DEC-2017,
OPTSTK,PCJEWELLER,22-Feb-2018,450,PE,0,0,0,77.65,35.75,0,0,0,0,19-DEC-2017,
OPTSTK,PCJEWELLER,22-Feb-2018,460,PE,0,0,0,84.7,41.1,0,0,0,0,19-DEC-2017,
OPTSTK,PCJEWELLER,22-Feb-2018,470,PE,0,0,0,92,46.85,0,0,0,0,19-DEC-2017,
OPTSTK,PCJEWELLER,22-Feb-2018,480,PE,0,0,0,99.5,52.95,0,0,0,0,19-DEC-2017,
OPTSTK,PCJEWELLER,22-Feb-2018,490,PE,0,0,0,107.25,59.45,0,0,0,0,19-DEC-2017,
OPTSTK,PCJEWELLER,22-Feb-2018,500,PE,0,0,0,115.15,66.25,0,0,0,0,19-DEC-2017,
OPTSTK,PCJEWELLER,22-Feb-2018,510,PE,0,0,0,123.25,73.35,0,0,0,0,19-DEC-2017,
OPTSTK,PCJEWELLER,22-Feb-2018,520,PE,0,0,0,131.45,80.8,0,0,0,0,19-DEC-2017,
OPTSTK,PEL,28-Dec-2017,1900,CE,0,0,0,704,973.95,0,0,0,0,19-DEC-2017,
OPTSTK,PEL,28-Dec-2017,1950,CE,0,0,0,657.65,924.05,0,0,0,0,19-DEC-2017,
OPTSTK,PEL,28-Dec-2017,2000,CE,0,0,0,612.25,874.15,0,0,0,0,19-DEC-2017,
OPTSTK,PEL,28-Dec-2017,2050,CE,0,0,0,567.9,824.2,0,0,0,0,19-DEC-2017,
OPTSTK,PEL,28-Dec-2017,2100,CE,0,0,0,524.8,774.3,0,0,0,0,19-DEC-2017,
OPTSTK,PEL,28-Dec-2017,2150,CE,0,0,0,483.05,724.35,0,0,0,0,19-DEC-2017,
OPTSTK,PEL,28-Dec-2017,2200,CE,0,0,0,442.9,674.45,0,0,0,0,19-DEC-2017,
OPTSTK,PEL,28-Dec-2017,2250,CE,0,0,0,404.5,624.5,0,0,0,0,19-DEC-2017,
OPTSTK,PEL,28-Dec-2017,2300,CE,0,0,0,367.95,574.6,0,0,0,0,19-DEC-2017,
OPTSTK,PEL,28-Dec-2017,2350,CE,0,0,0,333.15,524.7,0,0,0,0,19-DEC-2017,
OPTSTK,PEL,28-Dec-2017,2400,CE,0,0,0,300.55,474.8,0,0,0,0,19-DEC-2017,
OPTSTK,PEL,28-Dec-2017,2450,CE,0,0,0,270,424.95,0,0,0,0,19-DEC-2017,
OPTSTK,PEL,28-Dec-2017,2500,CE,0,0,0,241.6,375.25,0,0,0,0,19-DEC-2017,
OPTSTK,PEL,28-Dec-2017,2550,CE,0,0,0,215.35,325.95,0,0,0,0,19-DEC-2017,
OPTSTK,PEL,28-Dec-2017,2600,CE,260,260,260,260,260,1,8.58,1500,-300,19-DEC-2017,
OPTSTK,PEL,28-Dec-2017,2650,CE,0,0,0,120,230.5,0,0,900,0,19-DEC-2017,
OPTSTK,PEL,28-Dec-2017,2700,CE,0,0,0,132.45,185.95,0,0,11700,0,19-DEC-2017,
OPTSTK,PEL,28-Dec-2017,2750,CE,0,0,0,84.1,145.05,0,0,5100,0,19-DEC-2017,
OPTSTK,PEL,28-Dec-2017,2800,CE,73,108,60,105.35,105.35,24,207.4,13800,-2700,19-DEC-2017,
OPTSTK,PEL,28-Dec-2017,2850,CE,43,77,43,71.9,71.9,19,165.91,6900,-1800,19-DEC-2017,
OPTSTK,PEL,28-Dec-2017,2900,CE,25,50.9,25,46.9,46.9,100,881.61,33600,-2100,19-DEC-2017,
OPTSTK,PEL,28-Dec-2017,2950,CE,22,32.35,22,29.75,29.75,15,133.93,9900,2100,19-DEC-2017,
OPTSTK,PEL,28-Dec-2017,3000,CE,10,20,10,18.55,18.55,42,380.01,48300,-5400,19-DEC-2017,
OPTSTK,PEL,28-Dec-2017,3050,CE,0,0,0,7.15,13.15,0,0,3300,0,19-DEC-2017,
OPTSTK,PEL,28-Dec-2017,3100,CE,8,8,8,8,8,1,9.32,1800,300,19-DEC-2017,
OPTSTK,PEL,28-Dec-2017,3150,CE,0,0,0,6.1,4,0,0,1200,0,19-DEC-2017,
OPTSTK,PEL,28-Dec-2017,3200,CE,0,0,0,34.65,2.05,0,0,0,0,19-DEC-2017,
OPTSTK,PEL,28-Dec-2017,3250,CE,0,0,0,29.45,1,0,0,0,0,19-DEC-2017,
OPTSTK,PEL,28-Dec-2017,3300,CE,0,0,0,24.95,0.45,0,0,0,0,19-DEC-2017,
OPTSTK,PEL,28-Dec-2017,3350,CE,0,0,0,21.1,0.2,0,0,0,0,19-DEC-2017,
OPTSTK,PEL,28-Dec-2017,3400,CE,0,0,0,3.9,0.1,0,0,600,0,19-DEC-2017,
OPTSTK,PEL,28-Dec-2017,3450,CE,0,0,0,14.95,0.05,0,0,0,0,19-DEC-2017,
OPTSTK,PEL,28-Dec-2017,1900,PE,0,0,0,6.85,0,0,0,0,0,19-DEC-2017,
OPTSTK,PEL,28-Dec-2017,1950,PE,0,0,0,9.75,0,0,0,0,0,19-DEC-2017,
OPTSTK,PEL,28-Dec-2017,2000,PE,0,0,0,13.6,0,0,0,0,0,19-DEC-2017,
OPTSTK,PEL,28-Dec-2017,2050,PE,0,0,0,18.45,0,0,0,0,0,19-DEC-2017,
OPTSTK,PEL,28-Dec-2017,2100,PE,0,0,0,24.55,0,0,0,0,0,19-DEC-2017,
OPTSTK,PEL,28-Dec-2017,2150,PE,0,0,0,32.05,0,0,0,0,0,19-DEC-2017,
OPTSTK,PEL,28-Dec-2017,2200,PE,0,0,0,41.15,0,0,0,0,0,19-DEC-2017,
OPTSTK,PEL,28-Dec-2017,2250,PE,0,0,0,51.9,0,0,0,0,0,19-DEC-2017,
OPTSTK,PEL,28-Dec-2017,2300,PE,0,0,0,64.6,0,0,0,0,0,19-DEC-2017,
OPTSTK,PEL,28-Dec-2017,2350,PE,0,0,0,79.05,0.05,0,0,0,0,19-DEC-2017,
OPTSTK,PEL,28-Dec-2017,2400,PE,0,0,0,95.65,0.05,0,0,0,0,19-DEC-2017,
OPTSTK,PEL,28-Dec-2017,2450,PE,0,0,0,114.35,0.15,0,0,0,0,19-DEC-2017,
OPTSTK,PEL,28-Dec-2017,2500,PE,0,0,0,3.15,0.35,0,0,1500,0,19-DEC-2017,
OPTSTK,PEL,28-Dec-2017,2550,PE,1,1,1,1,1,5,38.26,1500,-1500,19-DEC-2017,
OPTSTK,PEL,28-Dec-2017,2600,PE,0.4,0.4,0.4,0.4,0.4,1,7.8,3000,0,19-DEC-2017,
OPTSTK,PEL,28-Dec-2017,2650,PE,4,4,4,4,4,1,7.96,600,-300,19-DEC-2017,
OPTSTK,PEL,28-Dec-2017,2700,PE,9,9.5,9,9.45,9.45,4,32.51,5700,0,19-DEC-2017,
OPTSTK,PEL,28-Dec-2017,2750,PE,0,0,0,32.5,19.8,0,0,5400,0,19-DEC-2017,
OPTSTK,PEL,28-Dec-2017,2800,PE,39,40,18,19.6,19.6,18,152.7,5700,-1200,19-DEC-2017,
OPTSTK,PEL,28-Dec-2017,2850,PE,56.9,56.9,40.6,43.65,43.65,5,43.45,3600,300,19-DEC-2017,
OPTSTK,PEL,28-Dec-2017,2900,PE,67.85,67.85,63.5,63.5,63.5,2,17.79,3900,300,19-DEC-2017,
OPTSTK,PEL,28-Dec-2017,2950,PE,0,0,0,411.45,109.8,0,0,0,0,19-DEC-2017,
OPTSTK,PEL,28-Dec-2017,3000,PE,0,0,0,265.75,146.45,0,0,1200,0,19-DEC-2017,
OPTSTK,PEL,28-Dec-2017,3050,PE,0,0,0,490.5,187.4,0,0,0,0,19-DEC-2017,
OPTSTK,PEL,28-Dec-2017,3100,PE,0,0,0,531.8,231.6,0,0,0,0,19-DEC-2017,
OPTSTK,PEL,28-Dec-2017,3150,PE,0,0,0,574.1,278.1,0,0,0,0,19-DEC-2017,
OPTSTK,PEL,28-Dec-2017,3200,PE,0,0,0,617.3,326.05,0,0,0,0,19-DEC-2017,
OPTSTK,PEL,28-Dec-2017,3250,PE,0,0,0,661.3,374.95,0,0,0,0,19-DEC-2017,
OPTSTK,PEL,28-Dec-2017,3300,PE,0,0,0,706.05,424.35,0,0,0,0,19-DEC-2017,
OPTSTK,PEL,28-Dec-2017,3350,PE,0,0,0,751.4,474,0,0,0,0,19-DEC-2017,
OPTSTK,PEL,28-Dec-2017,3400,PE,0,0,0,797.3,523.8,0,0,0,0,19-DEC-2017,
OPTSTK,PEL,28-Dec-2017,3450,PE,0,0,0,843.7,573.7,0,0,0,0,19-DEC-2017,
OPTSTK,PEL,25-Jan-2018,1900,CE,0,0,0,761.8,983.4,0,0,0,0,19-DEC-2017,
OPTSTK,PEL,25-Jan-2018,1950,CE,0,0,0,713.85,933.75,0,0,0,0,19-DEC-2017,
OPTSTK,PEL,25-Jan-2018,2000,CE,0,0,0,666.45,884.1,0,0,0,0,19-DEC-2017,
OPTSTK,PEL,25-Jan-2018,2050,CE,0,0,0,619.8,834.5,0,0,0,0,19-DEC-2017,
OPTSTK,PEL,25-Jan-2018,2100,CE,0,0,0,574,784.9,0,0,0,0,19-DEC-2017,
OPTSTK,PEL,25-Jan-2018,2150,CE,0,0,0,529.25,735.5,0,0,0,0,19-DEC-2017,
OPTSTK,PEL,25-Jan-2018,2200,CE,0,0,0,485.8,686.2,0,0,0,0,19-DEC-2017,
OPTSTK,PEL,25-Jan-2018,2250,CE,0,0,0,443.85,637.2,0,0,0,0,19-DEC-2017,
OPTSTK,PEL,25-Jan-2018,2300,CE,0,0,0,403.5,588.65,0,0,0,0,19-DEC-2017,
OPTSTK,PEL,25-Jan-2018,2350,CE,0,0,0,365.05,540.65,0,0,0,0,19-DEC-2017,
OPTSTK,PEL,25-Jan-2018,2400,CE,0,0,0,328.6,493.5,0,0,0,0,19-DEC-2017,
OPTSTK,PEL,25-Jan-2018,2450,CE,0,0,0,294.15,447.45,0,0,0,0,19-DEC-2017,
OPTSTK,PEL,25-Jan-2018,2500,CE,0,0,0,262,402.7,0,0,0,0,19-DEC-2017,
OPTSTK,PEL,25-Jan-2018,2550,CE,0,0,0,232.2,359.65,0,0,0,0,19-DEC-2017,
OPTSTK,PEL,25-Jan-2018,2600,CE,0,0,0,204.7,318.6,0,0,0,0,19-DEC-2017,
OPTSTK,PEL,25-Jan-2018,2650,CE,0,0,0,179.55,279.8,0,0,0,0,19-DEC-2017,
OPTSTK,PEL,25-Jan-2018,2700,CE,0,0,0,156.7,243.5,0,0,0,0,19-DEC-2017,
OPTSTK,PEL,25-Jan-2018,2750,CE,0,0,0,136.05,210.05,0,0,0,0,19-DEC-2017,
OPTSTK,PEL,25-Jan-2018,2800,CE,0,0,0,144.65,179.45,0,0,600,0,19-DEC-2017,
OPTSTK,PEL,25-Jan-2018,2850,CE,0,0,0,101,151.9,0,0,0,0,19-DEC-2017,
OPTSTK,PEL,25-Jan-2018,2900,CE,79.1,79.1,77.55,77.55,77.55,3,26.8,900,900,19-DEC-2017,
OPTSTK,PEL,25-Jan-2018,2950,CE,0,0,0,73.75,105.65,0,0,0,0,19-DEC-2017,
OPTSTK,PEL,25-Jan-2018,3000,CE,0,0,0,83.8,86.85,0,0,600,0,19-DEC-2017,
OPTSTK,PEL,25-Jan-2018,3050,CE,0,0,0,52.75,70.7,0,0,0,0,19-DEC-2017,
OPTSTK,PEL,25-Jan-2018,3100,CE,0,0,0,44.35,57.15,0,0,0,0,19-DEC-2017,
OPTSTK,PEL,25-Jan-2018,3150,CE,0,0,0,37.1,45.6,0,0,0,0,19-DEC-2017,
OPTSTK,PEL,25-Jan-2018,3200,CE,0,0,0,30.95,36.1,0,0,0,0,19-DEC-2017,
OPTSTK,PEL,25-Jan-2018,3250,CE,0,0,0,25.7,28.3,0,0,0,0,19-DEC-2017,
OPTSTK,PEL,25-Jan-2018,3300,CE,0,0,0,21.25,22,0,0,0,0,19-DEC-2017,
OPTSTK,PEL,25-Jan-2018,3350,CE,0,0,0,17.5,16.95,0,0,0,0,19-DEC-2017,
OPTSTK,PEL,25-Jan-2018,3400,CE,0,0,0,14.35,12.95,0,0,0,0,19-DEC-2017,
OPTSTK,PEL,25-Jan-2018,3450,CE,0,0,0,11.75,9.8,0,0,0,0,19-DEC-2017,
OPTSTK,PEL,25-Jan-2018,1900,PE,0,0,0,2.3,0.05,0,0,0,0,19-DEC-2017,
OPTSTK,PEL,25-Jan-2018,1950,PE,0,0,0,3.55,0.05,0,0,0,0,19-DEC-2017,
OPTSTK,PEL,25-Jan-2018,2000,PE,0,0,0,5.4,0.05,0,0,0,0,19-DEC-2017,
OPTSTK,PEL,25-Jan-2018,2050,PE,0,0,0,7.95,0.15,0,0,0,0,19-DEC-2017,
OPTSTK,PEL,25-Jan-2018,2100,PE,0,0,0,11.35,0.25,0,0,0,0,19-DEC-2017,
OPTSTK,PEL,25-Jan-2018,2150,PE,0,0,0,15.85,0.5,0,0,0,0,19-DEC-2017,
OPTSTK,PEL,25-Jan-2018,2200,PE,0,0,0,21.6,0.9,0,0,0,0,19-DEC-2017,
OPTSTK,PEL,25-Jan-2018,2250,PE,0,0,0,28.85,1.6,0,0,0,0,19-DEC-2017,
OPTSTK,PEL,25-Jan-2018,2300,PE,0,0,0,37.75,2.7,0,0,0,0,19-DEC-2017,
OPTSTK,PEL,25-Jan-2018,2350,PE,0,0,0,48.45,4.4,0,0,0,0,19-DEC-2017,
OPTSTK,PEL,25-Jan-2018,2400,PE,0,0,0,61.25,6.9,0,0,0,0,19-DEC-2017,
OPTSTK,PEL,25-Jan-2018,2450,PE,0,0,0,76,10.5,0,0,0,0,19-DEC-2017,
OPTSTK,PEL,25-Jan-2018,2500,PE,0,0,0,93.1,15.45,0,0,0,0,19-DEC-2017,
OPTSTK,PEL,25-Jan-2018,2550,PE,0,0,0,112.5,22.1,0,0,0,0,19-DEC-2017,
OPTSTK,PEL,25-Jan-2018,2600,PE,0,0,0,134.25,30.7,0,0,0,0,19-DEC-2017,
OPTSTK,PEL,25-Jan-2018,2650,PE,0,0,0,158.3,41.6,0,0,0,0,19-DEC-2017,
OPTSTK,PEL,25-Jan-2018,2700,PE,44.15,44.15,35.6,35.6,35.6,5,41.13,1500,1500,19-DEC-2017,
OPTSTK,PEL,25-Jan-2018,2750,PE,62.45,62.75,45.55,45.55,45.55,5,42.13,2100,1500,19-DEC-2017,
OPTSTK,PEL,25-Jan-2018,2800,PE,0,0,0,97,90.25,0,0,300,0,19-DEC-2017,
OPTSTK,PEL,25-Jan-2018,2850,PE,0,0,0,276.65,112.35,0,0,0,0,19-DEC-2017,
OPTSTK,PEL,25-Jan-2018,2900,PE,0,0,0,311.25,137.4,0,0,0,0,19-DEC-2017,
OPTSTK,PEL,25-Jan-2018,2950,PE,0,0,0,347.75,165.45,0,0,0,0,19-DEC-2017,
OPTSTK,PEL,25-Jan-2018,3000,PE,0,0,0,385.8,196.35,0,0,0,0,19-DEC-2017,
OPTSTK,PEL,25-Jan-2018,3050,PE,0,0,0,425.2,229.85,0,0,0,0,19-DEC-2017,
OPTSTK,PEL,25-Jan-2018,3100,PE,0,0,0,466,265.95,0,0,0,0,19-DEC-2017,
OPTSTK,PEL,25-Jan-2018,3150,PE,0,0,0,508,304.1,0,0,0,0,19-DEC-2017,
OPTSTK,PEL,25-Jan-2018,3200,PE,0,0,0,551.05,344.3,0,0,0,0,19-DEC-2017,
OPTSTK,PEL,25-Jan-2018,3250,PE,0,0,0,595,386.15,0,0,0,0,19-DEC-2017,
OPTSTK,PEL,25-Jan-2018,3300,PE,0,0,0,639.8,429.55,0,0,0,0,19-DEC-2017,
OPTSTK,PEL,25-Jan-2018,3350,PE,0,0,0,685.25,474.15,0,0,0,0,19-DEC-2017,
OPTSTK,PEL,25-Jan-2018,3400,PE,0,0,0,731.35,519.85,0,0,0,0,19-DEC-2017,
OPTSTK,PEL,25-Jan-2018,3450,PE,0,0,0,777.95,566.35,0,0,0,0,19-DEC-2017,
OPTSTK,PEL,22-Feb-2018,1900,CE,0,0,0,902.15,993,0,0,0,0,19-DEC-2017,
OPTSTK,PEL,22-Feb-2018,1950,CE,0,0,0,853.3,943.75,0,0,0,0,19-DEC-2017,
OPTSTK,PEL,22-Feb-2018,2000,CE,0,0,0,804.65,894.7,0,0,0,0,19-DEC-2017,
OPTSTK,PEL,22-Feb-2018,2050,CE,0,0,0,756.35,845.85,0,0,0,0,19-DEC-2017,
OPTSTK,PEL,22-Feb-2018,2100,CE,0,0,0,708.5,797.25,0,0,0,0,19-DEC-2017,
OPTSTK,PEL,22-Feb-2018,2150,CE,0,0,0,661.2,749.05,0,0,0,0,19-DEC-2017,
OPTSTK,PEL,22-Feb-2018,2200,CE,0,0,0,614.65,701.35,0,0,0,0,19-DEC-2017,
OPTSTK,PEL,22-Feb-2018,2250,CE,0,0,0,569,654.3,0,0,0,0,19-DEC-2017,
OPTSTK,PEL,22-Feb-2018,2300,CE,0,0,0,524.45,608.05,0,0,0,0,19-DEC-2017,
OPTSTK,PEL,22-Feb-2018,2350,CE,0,0,0,481.2,562.8,0,0,0,0,19-DEC-2017,
OPTSTK,PEL,22-Feb-2018,2400,CE,0,0,0,439.45,518.75,0,0,0,0,19-DEC-2017,
OPTSTK,PEL,22-Feb-2018,2450,CE,0,0,0,399.35,476,0,0,0,0,19-DEC-2017,
OPTSTK,PEL,22-Feb-2018,2500,CE,0,0,0,361.1,434.8,0,0,0,0,19-DEC-2017,
OPTSTK,PEL,22-Feb-2018,2550,CE,0,0,0,324.9,395.3,0,0,0,0,19-DEC-2017,
OPTSTK,PEL,22-Feb-2018,2600,CE,0,0,0,290.65,357.75,0,0,0,0,19-DEC-2017,
OPTSTK,PEL,22-Feb-2018,2650,CE,0,0,0,258.8,322.1,0,0,0,0,19-DEC-2017,
OPTSTK,PEL,22-Feb-2018,2700,CE,0,0,0,229.2,288.5,0,0,0,0,19-DEC-2017,
OPTSTK,PEL,22-Feb-2018,2750,CE,0,0,0,201.95,257.2,0,0,0,0,19-DEC-2017,
OPTSTK,PEL,22-Feb-2018,2800,CE,0,0,0,177,228.15,0,0,0,0,19-DEC-2017,
OPTSTK,PEL,22-Feb-2018,2850,CE,0,0,0,154.3,201.4,0,0,0,0,19-DEC-2017,
OPTSTK,PEL,22-Feb-2018,2900,CE,0,0,0,133.85,176.85,0,0,0,0,19-DEC-2017,
OPTSTK,PEL,22-Feb-2018,2950,CE,0,0,0,115.5,154.6,0,0,0,0,19-DEC-2017,
OPTSTK,PEL,22-Feb-2018,3000,CE,0,0,0,99.2,134.45,0,0,0,0,19-DEC-2017,
OPTSTK,PEL,22-Feb-2018,3050,CE,0,0,0,84.75,116.35,0,0,0,0,19-DEC-2017,
OPTSTK,PEL,22-Feb-2018,3100,CE,0,0,0,72.2,100.2,0,0,0,0,19-DEC-2017,
OPTSTK,PEL,22-Feb-2018,3150,CE,0,0,0,61.2,85.95,0,0,0,0,19-DEC-2017,
OPTSTK,PEL,22-Feb-2018,3200,CE,0,0,0,51.5,73.5,0,0,0,0,19-DEC-2017,
OPTSTK,PEL,22-Feb-2018,3250,CE,0,0,0,43.2,62.5,0,0,0,0,19-DEC-2017,
OPTSTK,PEL,22-Feb-2018,3300,CE,0,0,0,36.1,52.8,0,0,0,0,19-DEC-2017,
OPTSTK,PEL,22-Feb-2018,3350,CE,0,0,0,30,44.5,0,0,0,0,19-DEC-2017,
OPTSTK,PEL,22-Feb-2018,3400,CE,0,0,0,24.85,37.3,0,0,0,0,19-DEC-2017,
OPTSTK,PEL,22-Feb-2018,3450,CE,0,0,0,20.5,31.2,0,0,0,0,19-DEC-2017,
OPTSTK,PEL,22-Feb-2018,1900,PE,0,0,0,0.6,0.3,0,0,0,0,19-DEC-2017,
OPTSTK,PEL,22-Feb-2018,1950,PE,0,0,0,1,0.55,0,0,0,0,19-DEC-2017,
OPTSTK,PEL,22-Feb-2018,2000,PE,0,0,0,1.65,0.9,0,0,0,0,19-DEC-2017,
OPTSTK,PEL,22-Feb-2018,2050,PE,0,0,0,2.65,1.45,0,0,0,0,19-DEC-2017,
OPTSTK,PEL,22-Feb-2018,2100,PE,0,0,0,4.05,2.3,0,0,0,0,19-DEC-2017,
OPTSTK,PEL,22-Feb-2018,2150,PE,0,0,0,6.05,3.55,0,0,0,0,19-DEC-2017,
OPTSTK,PEL,22-Feb-2018,2200,PE,0,0,0,8.75,5.25,0,0,0,0,19-DEC-2017,
OPTSTK,PEL,22-Feb-2018,2250,PE,0,0,0,12.35,7.65,0,0,0,0,19-DEC-2017,
OPTSTK,PEL,22-Feb-2018,2300,PE,0,0,0,17.1,10.85,0,0,0,0,19-DEC-2017,
OPTSTK,PEL,22-Feb-2018,2350,PE,0,0,0,23.1,15,0,0,0,0,19-DEC-2017,
OPTSTK,PEL,22-Feb-2018,2400,PE,0,0,0,30.6,20.35,0,0,0,0,19-DEC-2017,
OPTSTK,PEL,22-Feb-2018,2450,PE,0,0,0,39.8,27.05,0,0,0,0,19-DEC-2017,
OPTSTK,PEL,22-Feb-2018,2500,PE,0,0,0,50.8,35.3,0,0,0,0,19-DEC-2017,
OPTSTK,PEL,22-Feb-2018,2550,PE,0,0,0,63.9,45.2,0,0,0,0,19-DEC-2017,
OPTSTK,PEL,22-Feb-2018,2600,PE,0,0,0,78.9,57.1,0,0,0,0,19-DEC-2017,
OPTSTK,PEL,22-Feb-2018,2650,PE,0,0,0,96.3,70.9,0,0,0,0,19-DEC-2017,
OPTSTK,PEL,22-Feb-2018,2700,PE,0,0,0,116,86.7,0,0,0,0,19-DEC-2017,
OPTSTK,PEL,22-Feb-2018,2750,PE,0,0,0,138,104.85,0,0,0,0,19-DEC-2017,
OPTSTK,PEL,22-Feb-2018,2800,PE,0,0,0,162.3,125.25,0,0,0,0,19-DEC-2017,
OPTSTK,PEL,22-Feb-2018,2850,PE,0,0,0,188.9,147.9,0,0,0,0,19-DEC-2017,
OPTSTK,PEL,22-Feb-2018,2900,PE,0,0,0,217.75,172.8,0,0,0,0,19-DEC-2017,
OPTSTK,PEL,22-Feb-2018,2950,PE,0,0,0,248.65,199.95,0,0,0,0,19-DEC-2017,
OPTSTK,PEL,22-Feb-2018,3000,PE,0,0,0,281.6,229.25,0,0,0,0,19-DEC-2017,
OPTSTK,PEL,22-Feb-2018,3050,PE,0,0,0,316.45,260.55,0,0,0,0,19-DEC-2017,
OPTSTK,PEL,22-Feb-2018,3100,PE,0,0,0,353.2,293.9,0,0,0,0,19-DEC-2017,
OPTSTK,PEL,22-Feb-2018,3150,PE,0,0,0,391.45,329,0,0,0,0,19-DEC-2017,
OPTSTK,PEL,22-Feb-2018,3200,PE,0,0,0,431,366,0,0,0,0,19-DEC-2017,
OPTSTK,PEL,22-Feb-2018,3250,PE,0,0,0,471.95,404.45,0,0,0,0,19-DEC-2017,
OPTSTK,PEL,22-Feb-2018,3300,PE,0,0,0,514.15,444.15,0,0,0,0,19-DEC-2017,
OPTSTK,PEL,22-Feb-2018,3350,PE,0,0,0,557.35,485.3,0,0,0,0,19-DEC-2017,
OPTSTK,PEL,22-Feb-2018,3400,PE,0,0,0,601.45,527.55,0,0,0,0,19-DEC-2017,
OPTSTK,PEL,22-Feb-2018,3450,PE,0,0,0,646.35,570.85,0,0,0,0,19-DEC-2017,
OPTSTK,PETRONET,28-Dec-2017,135,CE,0,0,0,90.9,119.4,0,0,0,0,19-DEC-2017,
OPTSTK,PETRONET,28-Dec-2017,140,CE,0,0,0,85.95,114.4,0,0,0,0,19-DEC-2017,
OPTSTK,PETRONET,28-Dec-2017,145,CE,0,0,0,81.05,109.4,0,0,0,0,19-DEC-2017,
OPTSTK,PETRONET,28-Dec-2017,150,CE,0,0,0,76.2,104.4,0,0,0,0,19-DEC-2017,
OPTSTK,PETRONET,28-Dec-2017,155,CE,0,0,0,71.35,99.4,0,0,0,0,19-DEC-2017,
OPTSTK,PETRONET,28-Dec-2017,160,CE,0,0,0,66.5,94.4,0,0,0,0,19-DEC-2017,
OPTSTK,PETRONET,28-Dec-2017,165,CE,0,0,0,61.75,89.45,0,0,0,0,19-DEC-2017,
OPTSTK,PETRONET,28-Dec-2017,170,CE,0,0,0,57.05,84.45,0,0,0,0,19-DEC-2017,
OPTSTK,PETRONET,28-Dec-2017,175,CE,0,0,0,52.45,79.45,0,0,0,0,19-DEC-2017,
OPTSTK,PETRONET,28-Dec-2017,180,CE,0,0,0,47.95,74.45,0,0,0,0,19-DEC-2017,
OPTSTK,PETRONET,28-Dec-2017,185,CE,0,0,0,43.65,69.45,0,0,0,0,19-DEC-2017,
OPTSTK,PETRONET,28-Dec-2017,190,CE,0,0,0,39.45,64.45,0,0,0,0,19-DEC-2017,
OPTSTK,PETRONET,28-Dec-2017,195,CE,0,0,0,35.5,59.45,0,0,0,0,19-DEC-2017,
OPTSTK,PETRONET,28-Dec-2017,200,CE,0,0,0,49,54.5,0,0,81000,0,19-DEC-2017,
OPTSTK,PETRONET,28-Dec-2017,205,CE,0,0,0,28.15,49.5,0,0,0,0,19-DEC-2017,
OPTSTK,PETRONET,28-Dec-2017,210,CE,0,0,0,24.85,44.5,0,0,0,0,19-DEC-2017,
OPTSTK,PETRONET,28-Dec-2017,215,CE,0,0,0,21.8,39.5,0,0,0,0,19-DEC-2017,
OPTSTK,PETRONET,28-Dec-2017,220,CE,0,0,0,19,34.55,0,0,0,0,19-DEC-2017,
OPTSTK,PETRONET,28-Dec-2017,225,CE,0,0,0,26.5,29.6,0,0,15000,0,19-DEC-2017,
OPTSTK,PETRONET,28-Dec-2017,230,CE,0,0,0,25,24.8,0,0,3000,0,19-DEC-2017,
OPTSTK,PETRONET,28-Dec-2017,235,CE,0,0,0,12.15,20.1,0,0,0,0,19-DEC-2017,
OPTSTK,PETRONET,28-Dec-2017,240,CE,0,0,0,12.5,15.75,0,0,63000,0,19-DEC-2017,
OPTSTK,PETRONET,28-Dec-2017,245,CE,0,0,0,11.15,11.85,0,0,24000,0,19-DEC-2017,
OPTSTK,PETRONET,28-Dec-2017,250,CE,6.7,8.2,6.65,7.65,7.65,24,185.16,258000,-6000,19-DEC-2017,
OPTSTK,PETRONET,28-Dec-2017,255,CE,4.5,5.2,4,4.4,4.4,57,443.82,285000,-6000,19-DEC-2017,
OPTSTK,PETRONET,28-Dec-2017,260,CE,3.4,3.4,2.55,2.8,2.8,126,993.61,744000,6000,19-DEC-2017,
OPTSTK,PETRONET,28-Dec-2017,265,CE,2.9,2.9,1.55,1.55,1.55,15,120.08,147000,6000,19-DEC-2017,
OPTSTK,PETRONET,28-Dec-2017,270,CE,1.1,1.25,0.9,1.1,1.1,35,284.63,354000,21000,19-DEC-2017,
OPTSTK,PETRONET,28-Dec-2017,275,CE,0,0,0,1,0.7,0,0,42000,0,19-DEC-2017,
OPTSTK,PETRONET,28-Dec-2017,280,CE,0.4,0.4,0.3,0.3,0.3,2,16.82,57000,3000,19-DEC-2017,
OPTSTK,PETRONET,28-Dec-2017,285,CE,0.35,0.35,0.35,0.35,0.35,1,8.56,15000,0,19-DEC-2017,
OPTSTK,PETRONET,28-Dec-2017,290,CE,0.25,0.25,0.25,0.25,0.25,2,17.41,24000,0,19-DEC-2017,
OPTSTK,PETRONET,28-Dec-2017,295,CE,0,0,0,0.25,0.05,0,0,9000,0,19-DEC-2017,
OPTSTK,PETRONET,28-Dec-2017,300,CE,0.1,0.1,0.1,0.1,0.1,1,9,36000,0,19-DEC-2017,
OPTSTK,PETRONET,28-Dec-2017,305,CE,0,0,0,0.85,0,0,0,0,0,19-DEC-2017,
OPTSTK,PETRONET,28-Dec-2017,310,CE,0,0,0,0.65,0,0,0,0,0,19-DEC-2017,
OPTSTK,PETRONET,28-Dec-2017,315,CE,0,0,0,0.55,0,0,0,0,0,19-DEC-2017,
OPTSTK,PETRONET,28-Dec-2017,320,CE,0,0,0,0.45,0,0,0,0,0,19-DEC-2017,
OPTSTK,PETRONET,28-Dec-2017,325,CE,0,0,0,0.35,0,0,0,0,0,19-DEC-2017,
OPTSTK,PETRONET,28-Dec-2017,135,PE,0,0,0,0.05,0,0,0,0,0,19-DEC-2017,
OPTSTK,PETRONET,28-Dec-2017,140,PE,0,0,0,0.05,0,0,0,0,0,19-DEC-2017,
OPTSTK,PETRONET,28-Dec-2017,145,PE,0,0,0,0.05,0,0,0,0,0,19-DEC-2017,
OPTSTK,PETRONET,28-Dec-2017,150,PE,0,0,0,0.1,0,0,0,0,0,19-DEC-2017,
OPTSTK,PETRONET,28-Dec-2017,155,PE,0,0,0,0.15,0,0,0,0,0,19-DEC-2017,
OPTSTK,PETRONET,28-Dec-2017,160,PE,0,0,0,0.25,0,0,0,0,0,19-DEC-2017,
OPTSTK,PETRONET,28-Dec-2017,165,PE,0,0,0,0.45,0,0,0,0,0,19-DEC-2017,
OPTSTK,PETRONET,28-Dec-2017,170,PE,0,0,0,0.65,0,0,0,0,0,19-DEC-2017,
OPTSTK,PETRONET,28-Dec-2017,175,PE,0,0,0,1,0,0,0,0,0,19-DEC-2017,
OPTSTK,PETRONET,28-Dec-2017,180,PE,0,0,0,1.4,0,0,0,0,0,19-DEC-2017,
OPTSTK,PETRONET,28-Dec-2017,185,PE,0,0,0,2,0,0,0,0,0,19-DEC-2017,
OPTSTK,PETRONET,28-Dec-2017,190,PE,0,0,0,0.15,0,0,0,0,0,19-DEC-2017,
OPTSTK,PETRONET,28-Dec-2017,195,PE,0,0,0,0.15,0,0,0,0,0,19-DEC-2017,
OPTSTK,PETRONET,28-Dec-2017,200,PE,0,0,0,0.25,0,0,0,18000,0,19-DEC-2017,
OPTSTK,PETRONET,28-Dec-2017,205,PE,0.1,0.1,0.1,0.1,0.1,1,6.15,6000,-3000,19-DEC-2017,
OPTSTK,PETRONET,28-Dec-2017,210,PE,0.2,0.2,0.2,0.2,0.2,1,6.3,9000,0,19-DEC-2017,
OPTSTK,PETRONET,28-Dec-2017,215,PE,0,0,0,0.15,0.05,0,0,0,0,19-DEC-2017,
OPTSTK,PETRONET,28-Dec-2017,220,PE,0,0,0,11.85,0.05,0,0,0,0,19-DEC-2017,
OPTSTK,PETRONET,28-Dec-2017,225,PE,0,0,0,0.2,0.1,0,0,0,0,19-DEC-2017,
OPTSTK,PETRONET,28-Dec-2017,230,PE,0,0,0,2.1,0.25,0,0,60000,0,19-DEC-2017,
OPTSTK,PETRONET,28-Dec-2017,235,PE,0,0,0,0.4,0.6,0,0,30000,0,19-DEC-2017,
OPTSTK,PETRONET,28-Dec-2017,240,PE,0.7,0.7,0.55,0.55,0.55,2,14.43,123000,0,19-DEC-2017,
OPTSTK,PETRONET,28-Dec-2017,245,PE,1.7,1.7,0.75,1,1,9,66.52,96000,-6000,19-DEC-2017,
OPTSTK,PETRONET,28-Dec-2017,250,PE,3,3.4,1.9,2.15,2.15,36,272.98,390000,21000,19-DEC-2017,
OPTSTK,PETRONET,28-Dec-2017,255,PE,5.55,6,4.2,4.3,4.3,17,132.75,105000,12000,19-DEC-2017,
OPTSTK,PETRONET,28-Dec-2017,260,PE,0,0,0,8.8,9.15,0,0,84000,0,19-DEC-2017,
OPTSTK,PETRONET,28-Dec-2017,265,PE,12,12,12,12,12,1,8.31,15000,3000,19-DEC-2017,
OPTSTK,PETRONET,28-Dec-2017,270,PE,0,0,0,16,16.75,0,0,30000,0,19-DEC-2017,
OPTSTK,PETRONET,28-Dec-2017,275,PE,0,0,0,49.9,21.15,0,0,0,0,19-DEC-2017,
OPTSTK,PETRONET,28-Dec-2017,280,PE,0,0,0,26.55,25.8,0,0,3000,0,19-DEC-2017,
OPTSTK,PETRONET,28-Dec-2017,285,PE,0,0,0,58.75,30.6,0,0,0,0,19-DEC-2017,
OPTSTK,PETRONET,28-Dec-2017,290,PE,0,0,0,32.25,35.5,0,0,15000,0,19-DEC-2017,
OPTSTK,PETRONET,28-Dec-2017,295,PE,0,0,0,67.95,40.45,0,0,0,0,19-DEC-2017,
OPTSTK,PETRONET,28-Dec-2017,300,PE,0,0,0,42.9,45.4,0,0,6000,0,19-DEC-2017,
OPTSTK,PETRONET,28-Dec-2017,305,PE,0,0,0,77.35,50.4,0,0,0,0,19-DEC-2017,
OPTSTK,PETRONET,28-Dec-2017,310,PE,0,0,0,82.1,55.4,0,0,0,0,19-DEC-2017,
OPTSTK,PETRONET,28-Dec-2017,315,PE,0,0,0,86.9,60.4,0,0,0,0,19-DEC-2017,
OPTSTK,PETRONET,28-Dec-2017,320,PE,0,0,0,91.7,65.35,0,0,0,0,19-DEC-2017,
OPTSTK,PETRONET,28-Dec-2017,325,PE,0,0,0,96.55,70.35,0,0,0,0,19-DEC-2017,
OPTSTK,PETRONET,25-Jan-2018,160,CE,0,0,0,101.15,95.2,0,0,0,0,19-DEC-2017,
OPTSTK,PETRONET,25-Jan-2018,165,CE,0,0,0,96.35,90.25,0,0,0,0,19-DEC-2017,
OPTSTK,PETRONET,25-Jan-2018,170,CE,0,0,0,91.55,85.3,0,0,0,0,19-DEC-2017,
OPTSTK,PETRONET,25-Jan-2018,175,CE,0,0,0,86.85,80.3,0,0,0,0,19-DEC-2017,
OPTSTK,PETRONET,25-Jan-2018,180,CE,0,0,0,82.2,75.35,0,0,0,0,19-DEC-2017,
OPTSTK,PETRONET,25-Jan-2018,185,CE,0,0,0,77.6,70.4,0,0,0,0,19-DEC-2017,
OPTSTK,PETRONET,25-Jan-2018,190,CE,0,0,0,73.1,65.45,0,0,0,0,19-DEC-2017,
OPTSTK,PETRONET,25-Jan-2018,195,CE,0,0,0,68.65,60.55,0,0,0,0,19-DEC-2017,
OPTSTK,PETRONET,25-Jan-2018,200,CE,0,0,0,64.35,55.65,0,0,0,0,19-DEC-2017,
OPTSTK,PETRONET,25-Jan-2018,205,CE,0,0,0,60.2,50.85,0,0,0,0,19-DEC-2017,
OPTSTK,PETRONET,25-Jan-2018,210,CE,0,0,0,56.15,46.1,0,0,0,0,19-DEC-2017,
OPTSTK,PETRONET,25-Jan-2018,215,CE,0,0,0,52.2,41.5,0,0,0,0,19-DEC-2017,
OPTSTK,PETRONET,25-Jan-2018,220,CE,0,0,0,48.45,37,0,0,0,0,19-DEC-2017,
OPTSTK,PETRONET,25-Jan-2018,225,CE,0,0,0,44.85,32.7,0,0,0,0,19-DEC-2017,
OPTSTK,PETRONET,25-Jan-2018,230,CE,0,0,0,41.4,28.6,0,0,0,0,19-DEC-2017,
OPTSTK,PETRONET,25-Jan-2018,235,CE,0,0,0,38.15,24.8,0,0,0,0,19-DEC-2017,
OPTSTK,PETRONET,25-Jan-2018,240,CE,0,0,0,35.05,21.25,0,0,0,0,19-DEC-2017,
OPTSTK,PETRONET,25-Jan-2018,245,CE,0,0,0,32.1,18,0,0,0,0,19-DEC-2017,
OPTSTK,PETRONET,25-Jan-2018,250,CE,0,0,0,12.55,15.1,0,0,3000,0,19-DEC-2017,
OPTSTK,PETRONET,25-Jan-2018,255,CE,0,0,0,26.75,12.5,0,0,0,0,19-DEC-2017,
OPTSTK,PETRONET,25-Jan-2018,260,CE,8.1,8.1,8.1,8.1,8.1,2,16.08,9000,6000,19-DEC-2017,
OPTSTK,PETRONET,25-Jan-2018,265,CE,0,0,0,6,8.3,0,0,3000,0,19-DEC-2017,
OPTSTK,PETRONET,25-Jan-2018,270,CE,0,0,0,20.05,6.65,0,0,0,0,19-DEC-2017,
OPTSTK,PETRONET,25-Jan-2018,275,CE,0,0,0,18.1,5.3,0,0,0,0,19-DEC-2017,
OPTSTK,PETRONET,25-Jan-2018,280,CE,2.25,2.25,2.25,2.25,2.25,1,8.46,3000,3000,19-DEC-2017,
OPTSTK,PETRONET,25-Jan-2018,285,CE,0,0,0,14.7,3.2,0,0,0,0,19-DEC-2017,
OPTSTK,PETRONET,25-Jan-2018,290,CE,0,0,0,13.25,2.45,0,0,0,0,19-DEC-2017,
OPTSTK,PETRONET,25-Jan-2018,295,CE,0,0,0,11.85,1.9,0,0,0,0,19-DEC-2017,
OPTSTK,PETRONET,25-Jan-2018,300,CE,0,0,0,10.65,1.4,0,0,0,0,19-DEC-2017,
OPTSTK,PETRONET,25-Jan-2018,305,CE,0,0,0,9.5,1.05,0,0,0,0,19-DEC-2017,
OPTSTK,PETRONET,25-Jan-2018,310,CE,0,0,0,8.5,0.8,0,0,0,0,19-DEC-2017,
OPTSTK,PETRONET,25-Jan-2018,315,CE,0,0,0,7.55,0.6,0,0,0,0,19-DEC-2017,
OPTSTK,PETRONET,25-Jan-2018,320,CE,0,0,0,6.75,0.4,0,0,0,0,19-DEC-2017,
OPTSTK,PETRONET,25-Jan-2018,325,CE,0,0,0,6,0.3,0,0,0,0,19-DEC-2017,
OPTSTK,PETRONET,25-Jan-2018,160,PE,0,0,0,0.25,0,0,0,0,0,19-DEC-2017,
OPTSTK,PETRONET,25-Jan-2018,165,PE,0,0,0,0.35,0,0,0,0,0,19-DEC-2017,
OPTSTK,PETRONET,25-Jan-2018,170,PE,0,0,0,0.5,0,0,0,0,0,19-DEC-2017,
OPTSTK,PETRONET,25-Jan-2018,175,PE,0,0,0,0.7,0.05,0,0,0,0,19-DEC-2017,
OPTSTK,PETRONET,25-Jan-2018,180,PE,0,0,0,0.95,0.05,0,0,0,0,19-DEC-2017,
OPTSTK,PETRONET,25-Jan-2018,185,PE,0,0,0,1.3,0.05,0,0,0,0,19-DEC-2017,
OPTSTK,PETRONET,25-Jan-2018,190,PE,0,0,0,1.7,0.05,0,0,0,0,19-DEC-2017,
OPTSTK,PETRONET,25-Jan-2018,195,PE,0,0,0,2.2,0.15,0,0,0,0,19-DEC-2017,
OPTSTK,PETRONET,25-Jan-2018,200,PE,0,0,0,2.85,0.2,0,0,0,0,19-DEC-2017,
OPTSTK,PETRONET,25-Jan-2018,205,PE,0,0,0,3.55,0.35,0,0,0,0,19-DEC-2017,
OPTSTK,PETRONET,25-Jan-2018,210,PE,0,0,0,4.45,0.6,0,0,0,0,19-DEC-2017,
OPTSTK,PETRONET,25-Jan-2018,215,PE,0,0,0,5.45,0.95,0,0,0,0,19-DEC-2017,
OPTSTK,PETRONET,25-Jan-2018,220,PE,0,0,0,6.6,1.4,0,0,0,0,19-DEC-2017,
OPTSTK,PETRONET,25-Jan-2018,225,PE,0,0,0,7.95,2.1,0,0,0,0,19-DEC-2017,
OPTSTK,PETRONET,25-Jan-2018,230,PE,0,0,0,9.4,2.95,0,0,0,0,19-DEC-2017,
OPTSTK,PETRONET,25-Jan-2018,235,PE,0,0,0,11.05,4.1,0,0,0,0,19-DEC-2017,
OPTSTK,PETRONET,25-Jan-2018,240,PE,0,0,0,7,5.55,0,0,3000,0,19-DEC-2017,
OPTSTK,PETRONET,25-Jan-2018,245,PE,0,0,0,14.85,7.25,0,0,0,0,19-DEC-2017,
OPTSTK,PETRONET,25-Jan-2018,250,PE,0,0,0,9.75,9.35,0,0,12000,0,19-DEC-2017,
OPTSTK,PETRONET,25-Jan-2018,255,PE,0,0,0,19.35,11.7,0,0,0,0,19-DEC-2017,
OPTSTK,PETRONET,25-Jan-2018,260,PE,0,0,0,15.9,14.4,0,0,3000,0,19-DEC-2017,
OPTSTK,PETRONET,25-Jan-2018,265,PE,0,0,0,24.55,17.45,0,0,0,0,19-DEC-2017,
OPTSTK,PETRONET,25-Jan-2018,270,PE,0,0,0,27.4,20.75,0,0,0,0,19-DEC-2017,
OPTSTK,PETRONET,25-Jan-2018,275,PE,0,0,0,30.4,24.35,0,0,0,0,19-DEC-2017,
OPTSTK,PETRONET,25-Jan-2018,280,PE,0,0,0,33.55,28.2,0,0,0,0,19-DEC-2017,
OPTSTK,PETRONET,25-Jan-2018,285,PE,0,0,0,36.85,32.2,0,0,0,0,19-DEC-2017,
OPTSTK,PETRONET,25-Jan-2018,290,PE,0,0,0,40.3,36.45,0,0,0,0,19-DEC-2017,
OPTSTK,PETRONET,25-Jan-2018,295,PE,0,0,0,43.85,40.8,0,0,0,0,19-DEC-2017,
OPTSTK,PETRONET,25-Jan-2018,300,PE,0,0,0,47.55,45.3,0,0,0,0,19-DEC-2017,
OPTSTK,PETRONET,25-Jan-2018,305,PE,0,0,0,51.35,49.95,0,0,0,0,19-DEC-2017,
OPTSTK,PETRONET,25-Jan-2018,310,PE,0,0,0,55.25,54.6,0,0,0,0,19-DEC-2017,
OPTSTK,PETRONET,25-Jan-2018,315,PE,0,0,0,59.25,59.4,0,0,0,0,19-DEC-2017,
OPTSTK,PETRONET,25-Jan-2018,320,PE,0,0,0,63.3,64.2,0,0,0,0,19-DEC-2017,
OPTSTK,PETRONET,25-Jan-2018,325,PE,0,0,0,67.5,69.05,0,0,0,0,19-DEC-2017,
OPTSTK,PETRONET,22-Feb-2018,160,CE,0,0,0,93.95,96,0,0,0,0,19-DEC-2017,
OPTSTK,PETRONET,22-Feb-2018,165,CE,0,0,0,89.05,91.1,0,0,0,0,19-DEC-2017,
OPTSTK,PETRONET,22-Feb-2018,170,CE,0,0,0,84.15,86.15,0,0,0,0,19-DEC-2017,
OPTSTK,PETRONET,22-Feb-2018,175,CE,0,0,0,79.2,81.25,0,0,0,0,19-DEC-2017,
OPTSTK,PETRONET,22-Feb-2018,180,CE,0,0,0,74.35,76.35,0,0,0,0,19-DEC-2017,
OPTSTK,PETRONET,22-Feb-2018,185,CE,0,0,0,69.5,71.5,0,0,0,0,19-DEC-2017,
OPTSTK,PETRONET,22-Feb-2018,190,CE,0,0,0,64.65,66.7,0,0,0,0,19-DEC-2017,
OPTSTK,PETRONET,22-Feb-2018,195,CE,0,0,0,59.9,61.95,0,0,0,0,19-DEC-2017,
OPTSTK,PETRONET,22-Feb-2018,200,CE,0,0,0,55.2,57.3,0,0,0,0,19-DEC-2017,
OPTSTK,PETRONET,22-Feb-2018,205,CE,0,0,0,50.65,52.75,0,0,0,0,19-DEC-2017,
OPTSTK,PETRONET,22-Feb-2018,210,CE,0,0,0,46.15,48.3,0,0,0,0,19-DEC-2017,
OPTSTK,PETRONET,22-Feb-2018,215,CE,0,0,0,41.85,44,0,0,0,0,19-DEC-2017,
OPTSTK,PETRONET,22-Feb-2018,220,CE,0,0,0,37.7,39.9,0,0,0,0,19-DEC-2017,
OPTSTK,PETRONET,22-Feb-2018,225,CE,0,0,0,33.7,35.95,0,0,0,0,19-DEC-2017,
OPTSTK,PETRONET,22-Feb-2018,230,CE,0,0,0,30,32.2,0,0,0,0,19-DEC-2017,
OPTSTK,PETRONET,22-Feb-2018,235,CE,0,0,0,26.45,28.7,0,0,0,0,19-DEC-2017,
OPTSTK,PETRONET,22-Feb-2018,240,CE,0,0,0,23.2,25.4,0,0,0,0,19-DEC-2017,
OPTSTK,PETRONET,22-Feb-2018,245,CE,0,0,0,20.2,22.4,0,0,0,0,19-DEC-2017,
OPTSTK,PETRONET,22-Feb-2018,250,CE,0,0,0,17.5,19.6,0,0,0,0,19-DEC-2017,
OPTSTK,PETRONET,22-Feb-2018,255,CE,0,0,0,15,17.05,0,0,0,0,19-DEC-2017,
OPTSTK,PETRONET,22-Feb-2018,260,CE,0,0,0,12.8,14.75,0,0,0,0,19-DEC-2017,
OPTSTK,PETRONET,22-Feb-2018,265,CE,0,0,0,10.85,12.7,0,0,0,0,19-DEC-2017,
OPTSTK,PETRONET,22-Feb-2018,270,CE,0,0,0,9.15,10.85,0,0,0,0,19-DEC-2017,
OPTSTK,PETRONET,22-Feb-2018,275,CE,0,0,0,7.65,9.25,0,0,0,0,19-DEC-2017,
OPTSTK,PETRONET,22-Feb-2018,280,CE,0,0,0,6.35,7.8,0,0,0,0,19-DEC-2017,
OPTSTK,PETRONET,22-Feb-2018,285,CE,0,0,0,5.25,6.6,0,0,0,0,19-DEC-2017,
OPTSTK,PETRONET,22-Feb-2018,290,CE,0,0,0,4.3,5.55,0,0,0,0,19-DEC-2017,
OPTSTK,PETRONET,22-Feb-2018,295,CE,0,0,0,3.5,4.6,0,0,0,0,19-DEC-2017,
OPTSTK,PETRONET,22-Feb-2018,300,CE,0,0,0,2.85,3.8,0,0,0,0,19-DEC-2017,
OPTSTK,PETRONET,22-Feb-2018,305,CE,0,0,0,2.3,3.15,0,0,0,0,19-DEC-2017,
OPTSTK,PETRONET,22-Feb-2018,310,CE,0,0,0,1.85,2.6,0,0,0,0,19-DEC-2017,
OPTSTK,PETRONET,22-Feb-2018,315,CE,0,0,0,1.5,2.15,0,0,0,0,19-DEC-2017,
OPTSTK,PETRONET,22-Feb-2018,320,CE,0,0,0,1.2,1.75,0,0,0,0,19-DEC-2017,
OPTSTK,PETRONET,22-Feb-2018,325,CE,0,0,0,0.95,1.4,0,0,0,0,19-DEC-2017,
OPTSTK,PETRONET,22-Feb-2018,160,PE,0,0,0,0.05,0.05,0,0,0,0,19-DEC-2017,
OPTSTK,PETRONET,22-Feb-2018,165,PE,0,0,0,0.05,0.05,0,0,0,0,19-DEC-2017,
OPTSTK,PETRONET,22-Feb-2018,170,PE,0,0,0,0.05,0.05,0,0,0,0,19-DEC-2017,
OPTSTK,PETRONET,22-Feb-2018,175,PE,0,0,0,0.05,0.1,0,0,0,0,19-DEC-2017,
OPTSTK,PETRONET,22-Feb-2018,180,PE,0,0,0,0.1,0.15,0,0,0,0,19-DEC-2017,
OPTSTK,PETRONET,22-Feb-2018,185,PE,0,0,0,0.2,0.25,0,0,0,0,19-DEC-2017,
OPTSTK,PETRONET,22-Feb-2018,190,PE,0,0,0,0.3,0.4,0,0,0,0,19-DEC-2017,
OPTSTK,PETRONET,22-Feb-2018,195,PE,0,0,0,0.45,0.6,0,0,0,0,19-DEC-2017,
OPTSTK,PETRONET,22-Feb-2018,200,PE,0,0,0,0.7,0.9,0,0,0,0,19-DEC-2017,
OPTSTK,PETRONET,22-Feb-2018,205,PE,0,0,0,1.05,1.25,0,0,0,0,19-DEC-2017,
OPTSTK,PETRONET,22-Feb-2018,210,PE,0,0,0,1.5,1.75,0,0,0,0,19-DEC-2017,
OPTSTK,PETRONET,22-Feb-2018,215,PE,0,0,0,2.1,2.4,0,0,0,0,19-DEC-2017,
OPTSTK,PETRONET,22-Feb-2018,220,PE,0,0,0,2.85,3.2,0,0,0,0,19-DEC-2017,
OPTSTK,PETRONET,22-Feb-2018,225,PE,0,0,0,3.85,4.25,0,0,0,0,19-DEC-2017,
OPTSTK,PETRONET,22-Feb-2018,230,PE,0,0,0,5.05,5.45,0,0,0,0,19-DEC-2017,
OPTSTK,PETRONET,22-Feb-2018,235,PE,0,0,0,6.45,6.85,0,0,0,0,19-DEC-2017,
OPTSTK,PETRONET,22-Feb-2018,240,PE,0,0,0,8.1,8.5,0,0,0,0,19-DEC-2017,
OPTSTK,PETRONET,22-Feb-2018,245,PE,0,0,0,10.05,10.45,0,0,0,0,19-DEC-2017,
OPTSTK,PETRONET,22-Feb-2018,250,PE,0,0,0,12.25,12.6,0,0,0,0,19-DEC-2017,
OPTSTK,PETRONET,22-Feb-2018,255,PE,0,0,0,14.7,15,0,0,0,0,19-DEC-2017,
OPTSTK,PETRONET,22-Feb-2018,260,PE,0,0,0,17.4,17.65,0,0,0,0,19-DEC-2017,
OPTSTK,PETRONET,22-Feb-2018,265,PE,0,0,0,20.4,20.5,0,0,0,0,19-DEC-2017,
OPTSTK,PETRONET,22-Feb-2018,270,PE,0,0,0,23.6,23.65,0,0,0,0,19-DEC-2017,
OPTSTK,PETRONET,22-Feb-2018,275,PE,0,0,0,27.05,26.95,0,0,0,0,19-DEC-2017,
OPTSTK,PETRONET,22-Feb-2018,280,PE,0,0,0,30.7,30.5,0,0,0,0,19-DEC-2017,
OPTSTK,PETRONET,22-Feb-2018,285,PE,0,0,0,34.5,34.2,0,0,0,0,19-DEC-2017,
OPTSTK,PETRONET,22-Feb-2018,290,PE,0,0,0,38.5,38.05,0,0,0,0,19-DEC-2017,
OPTSTK,PETRONET,22-Feb-2018,295,PE,0,0,0,42.6,42.1,0,0,0,0,19-DEC-2017,
OPTSTK,PETRONET,22-Feb-2018,300,PE,0,0,0,46.9,46.25,0,0,0,0,19-DEC-2017,
OPTSTK,PETRONET,22-Feb-2018,305,PE,0,0,0,51.25,50.55,0,0,0,0,19-DEC-2017,
OPTSTK,PETRONET,22-Feb-2018,310,PE,0,0,0,55.75,54.9,0,0,0,0,19-DEC-2017,
OPTSTK,PETRONET,22-Feb-2018,315,PE,0,0,0,60.3,59.4,0,0,0,0,19-DEC-2017,
OPTSTK,PETRONET,22-Feb-2018,320,PE,0,0,0,64.9,63.95,0,0,0,0,19-DEC-2017,
OPTSTK,PETRONET,22-Feb-2018,325,PE,0,0,0,69.6,68.55,0,0,0,0,19-DEC-2017,
OPTSTK,PFC,28-Dec-2017,85,CE,0,0,0,38.8,36.15,0,0,0,0,19-DEC-2017,
OPTSTK,PFC,28-Dec-2017,90,CE,0,0,0,34.3,31.15,0,0,0,0,19-DEC-2017,
OPTSTK,PFC,28-Dec-2017,95,CE,0,0,0,29.95,26.15,0,0,0,0,19-DEC-2017,
OPTSTK,PFC,28-Dec-2017,100,CE,0,0,0,25.9,21.2,0,0,0,0,19-DEC-2017,
OPTSTK,PFC,28-Dec-2017,105,CE,0,0,0,22.15,16.2,0,0,0,0,19-DEC-2017,
OPTSTK,PFC,28-Dec-2017,110,CE,0,0,0,10.5,11.25,0,0,78000,0,19-DEC-2017,
OPTSTK,PFC,28-Dec-2017,115,CE,8.5,8.5,6.6,7,7,59,433.53,600000,-96000,19-DEC-2017,
OPTSTK,PFC,28-Dec-2017,120,CE,5.7,5.7,3,3.3,3.3,633,4704.93,2856000,-378000,19-DEC-2017,
OPTSTK,PFC,28-Dec-2017,125,CE,2.65,3.15,1.25,1.35,1.35,1208,9186.85,4962000,1170000,19-DEC-2017,
OPTSTK,PFC,28-Dec-2017,130,CE,1.05,1.75,0.55,0.6,0.6,731,5736.69,3594000,918000,19-DEC-2017,
OPTSTK,PFC,28-Dec-2017,135,CE,0.45,0.55,0.25,0.3,0.3,140,1136.98,1392000,150000,19-DEC-2017,
OPTSTK,PFC,28-Dec-2017,140,CE,0.4,0.4,0.15,0.15,0.15,94,790.95,1212000,66000,19-DEC-2017,
OPTSTK,PFC,28-Dec-2017,145,CE,0.2,0.2,0.1,0.1,0.1,2,17.41,54000,6000,19-DEC-2017,
OPTSTK,PFC,28-Dec-2017,150,CE,0.05,0.1,0.05,0.1,0.1,2,18,570000,6000,19-DEC-2017,
OPTSTK,PFC,28-Dec-2017,155,CE,0,0,0,0.1,0,0,0,42000,0,19-DEC-2017,
OPTSTK,PFC,28-Dec-2017,160,CE,0,0,0,0.1,0,0,0,132000,0,19-DEC-2017,
OPTSTK,PFC,28-Dec-2017,165,CE,0,0,0,1.65,0,0,0,0,0,19-DEC-2017,
OPTSTK,PFC,28-Dec-2017,170,CE,0,0,0,0.7,0,0,0,48000,0,19-DEC-2017,
OPTSTK,PFC,28-Dec-2017,175,CE,0,0,0,0.95,0,0,0,0,0,19-DEC-2017,
OPTSTK,PFC,28-Dec-2017,180,CE,0,0,0,0.75,0,0,0,0,0,19-DEC-2017,
OPTSTK,PFC,28-Dec-2017,85,PE,0.05,0.05,0.05,0.05,0.05,1,5.1,6000,0,19-DEC-2017,
OPTSTK,PFC,28-Dec-2017,90,PE,0,0,0,0.9,0,0,0,0,0,19-DEC-2017,
OPTSTK,PFC,28-Dec-2017,95,PE,0,0,0,0.1,0,0,0,18000,0,19-DEC-2017,
OPTSTK,PFC,28-Dec-2017,100,PE,0.1,0.1,0.05,0.05,0.05,5,30.02,198000,0,19-DEC-2017,
OPTSTK,PFC,28-Dec-2017,105,PE,0.1,0.1,0.1,0.1,0.1,4,25.22,156000,0,19-DEC-2017,
OPTSTK,PFC,28-Dec-2017,110,PE,0.1,0.2,0.1,0.15,0.15,93,614.62,744000,-60000,19-DEC-2017,
OPTSTK,PFC,28-Dec-2017,115,PE,0.5,0.6,0.35,0.45,0.45,213,1475.83,1596000,-24000,19-DEC-2017,
OPTSTK,PFC,28-Dec-2017,120,PE,1.15,2.2,1.1,1.85,1.85,370,2700.25,2448000,414000,19-DEC-2017,
OPTSTK,PFC,28-Dec-2017,125,PE,3.65,5.25,3.65,4.85,4.85,69,535.84,1242000,138000,19-DEC-2017,
OPTSTK,PFC,28-Dec-2017,130,PE,8,8.1,7.8,7.8,7.8,5,41.39,1026000,-30000,19-DEC-2017,
OPTSTK,PFC,28-Dec-2017,135,PE,13.8,13.8,13.8,13.8,13.8,2,17.85,384000,12000,19-DEC-2017,
OPTSTK,PFC,28-Dec-2017,140,PE,17.5,18.95,17.5,18.95,18.95,2,18.98,162000,-12000,19-DEC-2017,
OPTSTK,PFC,28-Dec-2017,145,PE,0,0,0,20.6,23.8,0,0,78000,0,19-DEC-2017,
OPTSTK,PFC,28-Dec-2017,150,PE,0,0,0,30,28.8,0,0,54000,0,19-DEC-2017,
OPTSTK,PFC,28-Dec-2017,155,PE,0,0,0,28.15,33.8,0,0,12000,0,19-DEC-2017,
OPTSTK,PFC,28-Dec-2017,160,PE,0,0,0,34.5,38.75,0,0,66000,0,19-DEC-2017,
OPTSTK,PFC,28-Dec-2017,165,PE,0,0,0,42.05,43.75,0,0,0,0,19-DEC-2017,
OPTSTK,PFC,28-Dec-2017,170,PE,0,0,0,45.5,48.75,0,0,6000,0,19-DEC-2017,
OPTSTK,PFC,28-Dec-2017,175,PE,0,0,0,50.9,53.75,0,0,6000,0,19-DEC-2017,
OPTSTK,PFC,28-Dec-2017,180,PE,0,0,0,55.95,58.75,0,0,0,0,19-DEC-2017,
OPTSTK,PFC,25-Jan-2018,85,CE,0,0,0,60.1,36.55,0,0,0,0,19-DEC-2017,
OPTSTK,PFC,25-Jan-2018,90,CE,0,0,0,55.3,31.6,0,0,0,0,19-DEC-2017,
OPTSTK,PFC,25-Jan-2018,95,CE,0,0,0,50.6,26.65,0,0,0,0,19-DEC-2017,
OPTSTK,PFC,25-Jan-2018,100,CE,0,0,0,45.95,21.8,0,0,0,0,19-DEC-2017,
OPTSTK,PFC,25-Jan-2018,105,CE,0,0,0,41.5,17.15,0,0,0,0,19-DEC-2017,
OPTSTK,PFC,25-Jan-2018,110,CE,0,0,0,11.75,12.8,0,0,12000,0,19-DEC-2017,
OPTSTK,PFC,25-Jan-2018,115,CE,9.55,9.75,9.55,9.75,9.75,2,14.95,42000,6000,19-DEC-2017,
OPTSTK,PFC,25-Jan-2018,120,CE,7,7,6.4,6.4,6.4,2,15.2,240000,0,19-DEC-2017,
OPTSTK,PFC,25-Jan-2018,125,CE,4.05,4.6,3.75,4.1,4.1,32,247.99,162000,138000,19-DEC-2017,
OPTSTK,PFC,25-Jan-2018,130,CE,2.9,3,2.25,2.5,2.5,21,167.03,240000,78000,19-DEC-2017,
OPTSTK,PFC,25-Jan-2018,135,CE,1.4,1.4,1.4,1.4,1.4,1,8.18,6000,6000,19-DEC-2017,
OPTSTK,PFC,25-Jan-2018,140,CE,1,1.15,0.8,1.05,1.05,40,338.43,240000,228000,19-DEC-2017,
OPTSTK,PFC,25-Jan-2018,145,CE,0,0,0,14.3,0.3,0,0,0,0,19-DEC-2017,
OPTSTK,PFC,25-Jan-2018,150,CE,0,0,0,12.15,0.15,0,0,0,0,19-DEC-2017,
OPTSTK,PFC,25-Jan-2018,155,CE,0,0,0,10.25,0.1,0,0,0,0,19-DEC-2017,
OPTSTK,PFC,25-Jan-2018,160,CE,0,0,0,8.65,0.05,0,0,0,0,19-DEC-2017,
OPTSTK,PFC,25-Jan-2018,165,CE,0,0,0,7.2,0.05,0,0,0,0,19-DEC-2017,
OPTSTK,PFC,25-Jan-2018,170,CE,0,0,0,6,0,0,0,0,0,19-DEC-2017,
OPTSTK,PFC,25-Jan-2018,175,CE,0,0,0,5,0,0,0,0,0,19-DEC-2017,
OPTSTK,PFC,25-Jan-2018,180,CE,0,0,0,4.15,0,0,0,0,0,19-DEC-2017,
OPTSTK,PFC,25-Jan-2018,85,PE,0,0,0,0.15,0,0,0,0,0,19-DEC-2017,
OPTSTK,PFC,25-Jan-2018,90,PE,0,0,0,0.25,0.05,0,0,0,0,19-DEC-2017,
OPTSTK,PFC,25-Jan-2018,95,PE,0,0,0,0.45,0.05,0,0,0,0,19-DEC-2017,
OPTSTK,PFC,25-Jan-2018,100,PE,0,0,0,0.75,0.15,0,0,0,0,19-DEC-2017,
OPTSTK,PFC,25-Jan-2018,105,PE,0,0,0,1,0.45,0,0,6000,0,19-DEC-2017,
OPTSTK,PFC,25-Jan-2018,110,PE,0.8,1.1,0.8,1,1,4,26.63,54000,18000,19-DEC-2017,
OPTSTK,PFC,25-Jan-2018,115,PE,1.8,2.25,1.8,2.2,2.2,13,91.28,156000,48000,19-DEC-2017,
OPTSTK,PFC,25-Jan-2018,120,PE,3.85,4.15,3.45,4.15,4.15,19,141.3,204000,102000,19-DEC-2017,
OPTSTK,PFC,25-Jan-2018,125,PE,6.25,6.5,6.25,6.5,6.5,2,15.76,12000,12000,19-DEC-2017,
OPTSTK,PFC,25-Jan-2018,130,PE,10,10,10,10,10,1,8.4,12000,6000,19-DEC-2017,
OPTSTK,PFC,25-Jan-2018,135,PE,0,0,0,8.65,14.3,0,0,0,0,19-DEC-2017,
OPTSTK,PFC,25-Jan-2018,140,PE,18.6,18.6,18.6,18.6,18.6,1,9.51,6000,6000,19-DEC-2017,
OPTSTK,PFC,25-Jan-2018,145,PE,0,0,0,13.35,23.35,0,0,0,0,19-DEC-2017,
OPTSTK,PFC,25-Jan-2018,150,PE,26.1,27,26.1,27,27,2,21.18,12000,12000,19-DEC-2017,
OPTSTK,PFC,25-Jan-2018,155,PE,0,0,0,19.2,33.05,0,0,0,0,19-DEC-2017,
OPTSTK,PFC,25-Jan-2018,160,PE,0,0,0,22.45,38,0,0,0,0,19-DEC-2017,
OPTSTK,PFC,25-Jan-2018,165,PE,0,0,0,26,42.95,0,0,0,0,19-DEC-2017,
OPTSTK,PFC,25-Jan-2018,170,PE,0,0,0,29.7,47.9,0,0,0,0,19-DEC-2017,
OPTSTK,PFC,25-Jan-2018,175,PE,0,0,0,33.6,52.9,0,0,0,0,19-DEC-2017,
OPTSTK,PFC,25-Jan-2018,180,PE,0,0,0,37.65,57.85,0,0,0,0,19-DEC-2017,
OPTSTK,PFC,22-Feb-2018,85,CE,0,0,0,37.25,37,0,0,0,0,19-DEC-2017,
OPTSTK,PFC,22-Feb-2018,90,CE,0,0,0,32.5,32.1,0,0,0,0,19-DEC-2017,
OPTSTK,PFC,22-Feb-2018,95,CE,0,0,0,27.95,27.3,0,0,0,0,19-DEC-2017,
OPTSTK,PFC,22-Feb-2018,100,CE,0,0,0,23.6,22.65,0,0,0,0,19-DEC-2017,
OPTSTK,PFC,22-Feb-2018,105,CE,0,0,0,19.6,18.3,0,0,0,0,19-DEC-2017,
OPTSTK,PFC,22-Feb-2018,110,CE,0,0,0,15.95,14.35,0,0,0,0,19-DEC-2017,
OPTSTK,PFC,22-Feb-2018,115,CE,0,0,0,12.75,10.85,0,0,0,0,19-DEC-2017,
OPTSTK,PFC,22-Feb-2018,120,CE,0,0,0,10,7.95,0,0,0,0,19-DEC-2017,
OPTSTK,PFC,22-Feb-2018,125,CE,0,0,0,7.7,5.65,0,0,0,0,19-DEC-2017,
OPTSTK,PFC,22-Feb-2018,130,CE,0,0,0,5.85,3.85,0,0,0,0,19-DEC-2017,
OPTSTK,PFC,22-Feb-2018,135,CE,0,0,0,4.35,2.55,0,0,0,0,19-DEC-2017,
OPTSTK,PFC,22-Feb-2018,140,CE,0,0,0,3.2,1.65,0,0,0,0,19-DEC-2017,
OPTSTK,PFC,22-Feb-2018,145,CE,0,0,0,2.3,1.05,0,0,0,0,19-DEC-2017,
OPTSTK,PFC,22-Feb-2018,150,CE,0,0,0,1.65,0.65,0,0,0,0,19-DEC-2017,
OPTSTK,PFC,22-Feb-2018,155,CE,0,0,0,1.15,0.4,0,0,0,0,19-DEC-2017,
OPTSTK,PFC,22-Feb-2018,160,CE,0,0,0,0.8,0.25,0,0,0,0,19-DEC-2017,
OPTSTK,PFC,22-Feb-2018,165,CE,0,0,0,0.55,0.15,0,0,0,0,19-DEC-2017,
OPTSTK,PFC,22-Feb-2018,170,CE,0,0,0,0.4,0.1,0,0,0,0,19-DEC-2017,
OPTSTK,PFC,22-Feb-2018,175,CE,0,0,0,0.25,0.05,0,0,0,0,19-DEC-2017,
OPTSTK,PFC,22-Feb-2018,180,CE,0,0,0,0.2,0.05,0,0,0,0,19-DEC-2017,
OPTSTK,PFC,22-Feb-2018,85,PE,0,0,0,0.15,0.05,0,0,0,0,19-DEC-2017,
OPTSTK,PFC,22-Feb-2018,90,PE,0,0,0,0.35,0.1,0,0,0,0,19-DEC-2017,
OPTSTK,PFC,22-Feb-2018,95,PE,0,0,0,0.7,0.25,0,0,0,0,19-DEC-2017,
OPTSTK,PFC,22-Feb-2018,100,PE,0,0,0,1.3,0.55,0,0,0,0,19-DEC-2017,
OPTSTK,PFC,22-Feb-2018,105,PE,0,0,0,2.2,1.1,0,0,0,0,19-DEC-2017,
OPTSTK,PFC,22-Feb-2018,110,PE,0,0,0,3.5,2.1,0,0,0,0,19-DEC-2017,
OPTSTK,PFC,22-Feb-2018,115,PE,0,0,0,5.25,3.55,0,0,0,0,19-DEC-2017,
OPTSTK,PFC,22-Feb-2018,120,PE,0,0,0,7.4,5.6,0,0,0,0,19-DEC-2017,
OPTSTK,PFC,22-Feb-2018,125,PE,0,0,0,10.05,8.2,0,0,0,0,19-DEC-2017,
OPTSTK,PFC,22-Feb-2018,130,PE,0,0,0,13.1,11.4,0,0,0,0,19-DEC-2017,
OPTSTK,PFC,22-Feb-2018,135,PE,0,0,0,16.55,15.05,0,0,0,0,19-DEC-2017,
OPTSTK,PFC,22-Feb-2018,140,PE,0,0,0,20.3,19.05,0,0,0,0,19-DEC-2017,
OPTSTK,PFC,22-Feb-2018,145,PE,0,0,0,24.35,23.4,0,0,0,0,19-DEC-2017,
OPTSTK,PFC,22-Feb-2018,150,PE,0,0,0,28.6,27.95,0,0,0,0,19-DEC-2017,
OPTSTK,PFC,22-Feb-2018,155,PE,0,0,0,33.05,32.6,0,0,0,0,19-DEC-2017,
OPTSTK,PFC,22-Feb-2018,160,PE,0,0,0,37.65,37.4,0,0,0,0,19-DEC-2017,
OPTSTK,PFC,22-Feb-2018,165,PE,0,0,0,42.3,42.25,0,0,0,0,19-DEC-2017,
OPTSTK,PFC,22-Feb-2018,170,PE,0,0,0,47.05,47.15,0,0,0,0,19-DEC-2017,
OPTSTK,PFC,22-Feb-2018,175,PE,0,0,0,51.85,52.05,0,0,0,0,19-DEC-2017,
OPTSTK,PFC,22-Feb-2018,180,PE,0,0,0,56.7,57,0,0,0,0,19-DEC-2017,
OPTSTK,PIDILITIND,28-Dec-2017,580,CE,0,0,0,206.55,305.65,0,0,0,0,19-DEC-2017,
OPTSTK,PIDILITIND,28-Dec-2017,600,CE,0,0,0,187.1,285.7,0,0,0,0,19-DEC-2017,
OPTSTK,PIDILITIND,28-Dec-2017,620,CE,0,0,0,167.8,265.75,0,0,0,0,19-DEC-2017,
OPTSTK,PIDILITIND,28-Dec-2017,640,CE,0,0,0,148.9,245.75,0,0,0,0,19-DEC-2017,
OPTSTK,PIDILITIND,28-Dec-2017,660,CE,0,0,0,130.5,225.8,0,0,0,0,19-DEC-2017,
OPTSTK,PIDILITIND,28-Dec-2017,680,CE,0,0,0,112.8,205.85,0,0,0,0,19-DEC-2017,
OPTSTK,PIDILITIND,28-Dec-2017,700,CE,0,0,0,96.1,185.85,0,0,0,0,19-DEC-2017,
OPTSTK,PIDILITIND,28-Dec-2017,720,CE,0,0,0,80.6,165.9,0,0,0,0,19-DEC-2017,
OPTSTK,PIDILITIND,28-Dec-2017,740,CE,0,0,0,66.45,145.9,0,0,0,0,19-DEC-2017,
OPTSTK,PIDILITIND,28-Dec-2017,760,CE,0,0,0,53.9,125.95,0,0,0,0,19-DEC-2017,
OPTSTK,PIDILITIND,28-Dec-2017,780,CE,0,0,0,42.95,106.05,0,0,0,0,19-DEC-2017,
OPTSTK,PIDILITIND,28-Dec-2017,800,CE,0,0,0,106.45,86.3,0,0,2000,0,19-DEC-2017,
OPTSTK,PIDILITIND,28-Dec-2017,820,CE,0,0,0,87.1,67.1,0,0,2000,0,19-DEC-2017,
OPTSTK,PIDILITIND,28-Dec-2017,840,CE,0,0,0,25.95,49.1,0,0,7000,0,19-DEC-2017,
OPTSTK,PIDILITIND,28-Dec-2017,860,CE,30.35,30.35,30.35,30.35,30.35,1,8.9,27000,-1000,19-DEC-2017,
OPTSTK,PIDILITIND,28-Dec-2017,880,CE,20,24,17.75,19,19,11,99.02,27000,0,19-DEC-2017,
OPTSTK,PIDILITIND,28-Dec-2017,900,CE,13,15.45,9,10.3,10.3,79,720.85,76000,3000,19-DEC-2017,
OPTSTK,PIDILITIND,28-Dec-2017,920,CE,7.5,8.55,4.95,6.05,6.05,46,426.23,113000,8000,19-DEC-2017,
OPTSTK,PIDILITIND,28-Dec-2017,940,CE,3.9,4.85,3,3,3,10,94.4,50000,3000,19-DEC-2017,
OPTSTK,PIDILITIND,28-Dec-2017,960,CE,0,0,0,4,1.05,0,0,9000,0,19-DEC-2017,
OPTSTK,PIDILITIND,28-Dec-2017,980,CE,0,0,0,1.1,0.4,0,0,6000,0,19-DEC-2017,
OPTSTK,PIDILITIND,28-Dec-2017,1000,CE,0,0,0,1.15,0.15,0,0,0,0,19-DEC-2017,
OPTSTK,PIDILITIND,28-Dec-2017,1020,CE,0,0,0,0.75,0.05,0,0,0,0,19-DEC-2017,
OPTSTK,PIDILITIND,28-Dec-2017,1040,CE,0,0,0,0.5,0.05,0,0,0,0,19-DEC-2017,
OPTSTK,PIDILITIND,28-Dec-2017,1060,CE,0,0,0,0.35,0,0,0,0,0,19-DEC-2017,
OPTSTK,PIDILITIND,28-Dec-2017,1080,CE,0,0,0,0.2,0,0,0,0,0,19-DEC-2017,
OPTSTK,PIDILITIND,28-Dec-2017,580,PE,0,0,0,0.2,0,0,0,0,0,19-DEC-2017,
OPTSTK,PIDILITIND,28-Dec-2017,600,PE,0,0,0,0.4,0,0,0,0,0,19-DEC-2017,
OPTSTK,PIDILITIND,28-Dec-2017,620,PE,0,0,0,0.8,0,0,0,0,0,19-DEC-2017,
OPTSTK,PIDILITIND,28-Dec-2017,640,PE,0,0,0,1.6,0,0,0,0,0,19-DEC-2017,
OPTSTK,PIDILITIND,28-Dec-2017,660,PE,0,0,0,2.85,0,0,0,0,0,19-DEC-2017,
OPTSTK,PIDILITIND,28-Dec-2017,680,PE,0.15,0.15,0.15,0.15,0.15,1,6.8,1000,1000,19-DEC-2017,
OPTSTK,PIDILITIND,28-Dec-2017,700,PE,0,0,0,7.9,0,0,0,0,0,19-DEC-2017,
OPTSTK,PIDILITIND,28-Dec-2017,720,PE,0,0,0,12.05,0,0,0,0,0,19-DEC-2017,
OPTSTK,PIDILITIND,28-Dec-2017,740,PE,0,0,0,17.6,0,0,0,0,0,19-DEC-2017,
OPTSTK,PIDILITIND,28-Dec-2017,760,PE,0,0,0,24.7,0.05,0,0,0,0,19-DEC-2017,
OPTSTK,PIDILITIND,28-Dec-2017,780,PE,0,0,0,33.45,0.1,0,0,0,0,19-DEC-2017,
OPTSTK,PIDILITIND,28-Dec-2017,800,PE,0.95,0.95,0.95,0.95,0.95,2,16.01,11000,-2000,19-DEC-2017,
OPTSTK,PIDILITIND,28-Dec-2017,820,PE,1.05,1.05,1,1,1,2,16.42,17000,2000,19-DEC-2017,
OPTSTK,PIDILITIND,28-Dec-2017,840,PE,6.1,6.1,6.1,6.1,6.1,1,8.46,8000,0,19-DEC-2017,
OPTSTK,PIDILITIND,28-Dec-2017,860,PE,6.6,7,5.6,6,6,7,60.64,32000,2000,19-DEC-2017,
OPTSTK,PIDILITIND,28-Dec-2017,880,PE,0,0,0,35.45,14.55,0,0,2000,0,19-DEC-2017,
OPTSTK,PIDILITIND,28-Dec-2017,900,PE,20,20,20,20,20,2,18.4,4000,0,19-DEC-2017,
OPTSTK,PIDILITIND,28-Dec-2017,920,PE,0,0,0,33,39.6,0,0,2000,0,19-DEC-2017,
OPTSTK,PIDILITIND,28-Dec-2017,940,PE,0,0,0,45.8,56.4,0,0,2000,0,19-DEC-2017,
OPTSTK,PIDILITIND,28-Dec-2017,960,PE,0,0,0,170.3,74.8,0,0,0,0,19-DEC-2017,
OPTSTK,PIDILITIND,28-Dec-2017,980,PE,0,0,0,78.95,94.1,0,0,2000,0,19-DEC-2017,
OPTSTK,PIDILITIND,28-Dec-2017,1000,PE,0,0,0,208.25,113.85,0,0,0,0,19-DEC-2017,
OPTSTK,PIDILITIND,28-Dec-2017,1020,PE,0,0,0,227.55,133.7,0,0,0,0,19-DEC-2017,
OPTSTK,PIDILITIND,28-Dec-2017,1040,PE,0,0,0,247,153.65,0,0,0,0,19-DEC-2017,
OPTSTK,PIDILITIND,28-Dec-2017,1060,PE,0,0,0,266.5,173.6,0,0,0,0,19-DEC-2017,
OPTSTK,PIDILITIND,28-Dec-2017,1080,PE,0,0,0,286.05,193.6,0,0,0,0,19-DEC-2017,
OPTSTK,PIDILITIND,25-Jan-2018,580,CE,0,0,0,217.3,308.55,0,0,0,0,19-DEC-2017,
OPTSTK,PIDILITIND,25-Jan-2018,600,CE,0,0,0,197.65,288.65,0,0,0,0,19-DEC-2017,
OPTSTK,PIDILITIND,25-Jan-2018,620,CE,0,0,0,178,268.8,0,0,0,0,19-DEC-2017,
OPTSTK,PIDILITIND,25-Jan-2018,640,CE,0,0,0,158.4,248.95,0,0,0,0,19-DEC-2017,
OPTSTK,PIDILITIND,25-Jan-2018,660,CE,0,0,0,139,229.1,0,0,0,0,19-DEC-2017,
OPTSTK,PIDILITIND,25-Jan-2018,680,CE,0,0,0,119.9,209.3,0,0,0,0,19-DEC-2017,
OPTSTK,PIDILITIND,25-Jan-2018,700,CE,0,0,0,101.35,189.55,0,0,0,0,19-DEC-2017,
OPTSTK,PIDILITIND,25-Jan-2018,720,CE,0,0,0,83.7,169.95,0,0,0,0,19-DEC-2017,
OPTSTK,PIDILITIND,25-Jan-2018,740,CE,0,0,0,67.3,150.6,0,0,0,0,19-DEC-2017,
OPTSTK,PIDILITIND,25-Jan-2018,760,CE,0,0,0,52.6,131.7,0,0,0,0,19-DEC-2017,
OPTSTK,PIDILITIND,25-Jan-2018,780,CE,0,0,0,39.8,113.45,0,0,0,0,19-DEC-2017,
OPTSTK,PIDILITIND,25-Jan-2018,800,CE,0,0,0,29.2,96.1,0,0,0,0,19-DEC-2017,
OPTSTK,PIDILITIND,25-Jan-2018,820,CE,0,0,0,20.65,79.95,0,0,0,0,19-DEC-2017,
OPTSTK,PIDILITIND,25-Jan-2018,840,CE,0,0,0,14.15,65.2,0,0,0,0,19-DEC-2017,
OPTSTK,PIDILITIND,25-Jan-2018,860,CE,0,0,0,9.35,52.05,0,0,0,0,19-DEC-2017,
OPTSTK,PIDILITIND,25-Jan-2018,880,CE,0,0,0,6,40.7,0,0,0,0,19-DEC-2017,
OPTSTK,PIDILITIND,25-Jan-2018,900,CE,0,0,0,3.7,31.1,0,0,0,0,19-DEC-2017,
OPTSTK,PIDILITIND,25-Jan-2018,920,CE,0,0,0,2.2,23.25,0,0,0,0,19-DEC-2017,
OPTSTK,PIDILITIND,25-Jan-2018,940,CE,0,0,0,10,16.95,0,0,1000,0,19-DEC-2017,
OPTSTK,PIDILITIND,25-Jan-2018,960,CE,0,0,0,0.75,12.15,0,0,0,0,19-DEC-2017,
OPTSTK,PIDILITIND,25-Jan-2018,980,CE,0,0,0,0.4,8.5,0,0,0,0,19-DEC-2017,
OPTSTK,PIDILITIND,25-Jan-2018,1000,CE,0,0,0,0.2,5.8,0,0,0,0,19-DEC-2017,
OPTSTK,PIDILITIND,25-Jan-2018,1020,CE,0,0,0,0.1,3.9,0,0,0,0,19-DEC-2017,
OPTSTK,PIDILITIND,25-Jan-2018,1040,CE,0,0,0,0.05,2.55,0,0,0,0,19-DEC-2017,
OPTSTK,PIDILITIND,25-Jan-2018,1060,CE,0,0,0,0.05,1.65,0,0,0,0,19-DEC-2017,
OPTSTK,PIDILITIND,25-Jan-2018,1080,CE,0,0,0,0.05,1.05,0,0,0,0,19-DEC-2017,
OPTSTK,PIDILITIND,25-Jan-2018,580,PE,0,0,0,0.05,0,0,0,0,0,19-DEC-2017,
OPTSTK,PIDILITIND,25-Jan-2018,600,PE,0,0,0,0.05,0,0,0,0,0,19-DEC-2017,
OPTSTK,PIDILITIND,25-Jan-2018,620,PE,0,0,0,0.05,0,0,0,0,0,19-DEC-2017,
OPTSTK,PIDILITIND,25-Jan-2018,640,PE,0,0,0,0.15,0.05,0,0,0,0,19-DEC-2017,
OPTSTK,PIDILITIND,25-Jan-2018,660,PE,0,0,0,0.45,0.05,0,0,0,0,19-DEC-2017,
OPTSTK,PIDILITIND,25-Jan-2018,680,PE,0,0,0,1,0.1,0,0,0,0,19-DEC-2017,
OPTSTK,PIDILITIND,25-Jan-2018,700,PE,0,0,0,2.15,0.25,0,0,0,0,19-DEC-2017,
OPTSTK,PIDILITIND,25-Jan-2018,720,PE,0,0,0,4.2,0.5,0,0,0,0,19-DEC-2017,
OPTSTK,PIDILITIND,25-Jan-2018,740,PE,0,0,0,7.5,1.05,0,0,0,0,19-DEC-2017,
OPTSTK,PIDILITIND,25-Jan-2018,760,PE,0,0,0,12.45,2,0,0,0,0,19-DEC-2017,
OPTSTK,PIDILITIND,25-Jan-2018,780,PE,0,0,0,19.4,3.65,0,0,0,0,19-DEC-2017,
OPTSTK,PIDILITIND,25-Jan-2018,800,PE,0,0,0,28.45,6.15,0,0,0,0,19-DEC-2017,
OPTSTK,PIDILITIND,25-Jan-2018,820,PE,0,0,0,39.6,9.85,0,0,0,0,19-DEC-2017,
OPTSTK,PIDILITIND,25-Jan-2018,840,PE,0,0,0,52.75,14.95,0,0,0,0,19-DEC-2017,
OPTSTK,PIDILITIND,25-Jan-2018,860,PE,0,0,0,67.7,21.7,0,0,0,0,19-DEC-2017,
OPTSTK,PIDILITIND,25-Jan-2018,880,PE,0,0,0,84,30.2,0,0,0,0,19-DEC-2017,
OPTSTK,PIDILITIND,25-Jan-2018,900,PE,0,0,0,101.4,40.5,0,0,0,0,19-DEC-2017,
OPTSTK,PIDILITIND,25-Jan-2018,920,PE,0,0,0,119.6,52.5,0,0,0,0,19-DEC-2017,
OPTSTK,PIDILITIND,25-Jan-2018,940,PE,0,0,0,138.35,66.1,0,0,0,0,19-DEC-2017,
OPTSTK,PIDILITIND,25-Jan-2018,960,PE,0,0,0,157.5,81.15,0,0,0,0,19-DEC-2017,
OPTSTK,PIDILITIND,25-Jan-2018,980,PE,0,0,0,176.85,97.35,0,0,0,0,19-DEC-2017,
OPTSTK,PIDILITIND,25-Jan-2018,1000,PE,0,0,0,196.35,114.55,0,0,0,0,19-DEC-2017,
OPTSTK,PIDILITIND,25-Jan-2018,1020,PE,0,0,0,215.95,132.5,0,0,0,0,19-DEC-2017,
OPTSTK,PIDILITIND,25-Jan-2018,1040,PE,0,0,0,235.55,151.05,0,0,0,0,19-DEC-2017,
OPTSTK,PIDILITIND,25-Jan-2018,1060,PE,0,0,0,255.2,170,0,0,0,0,19-DEC-2017,
OPTSTK,PIDILITIND,25-Jan-2018,1080,PE,0,0,0,274.9,189.25,0,0,0,0,19-DEC-2017,
OPTSTK,PIDILITIND,22-Feb-2018,580,CE,0,0,0,270.7,311.4,0,0,0,0,19-DEC-2017,
OPTSTK,PIDILITIND,22-Feb-2018,600,CE,0,0,0,251,291.65,0,0,0,0,19-DEC-2017,
OPTSTK,PIDILITIND,22-Feb-2018,620,CE,0,0,0,231.35,271.9,0,0,0,0,19-DEC-2017,
OPTSTK,PIDILITIND,22-Feb-2018,640,CE,0,0,0,211.8,252.25,0,0,0,0,19-DEC-2017,
OPTSTK,PIDILITIND,22-Feb-2018,660,CE,0,0,0,192.35,232.7,0,0,0,0,19-DEC-2017,
OPTSTK,PIDILITIND,22-Feb-2018,680,CE,0,0,0,173.15,213.25,0,0,0,0,19-DEC-2017,
OPTSTK,PIDILITIND,22-Feb-2018,700,CE,0,0,0,154.25,194.05,0,0,0,0,19-DEC-2017,
OPTSTK,PIDILITIND,22-Feb-2018,720,CE,0,0,0,135.95,175.25,0,0,0,0,19-DEC-2017,
OPTSTK,PIDILITIND,22-Feb-2018,740,CE,0,0,0,118.3,156.9,0,0,0,0,19-DEC-2017,
OPTSTK,PIDILITIND,22-Feb-2018,760,CE,0,0,0,101.65,139.15,0,0,0,0,19-DEC-2017,
OPTSTK,PIDILITIND,22-Feb-2018,780,CE,0,0,0,86.05,122.25,0,0,0,0,19-DEC-2017,
OPTSTK,PIDILITIND,22-Feb-2018,800,CE,0,0,0,71.8,106.25,0,0,0,0,19-DEC-2017,
OPTSTK,PIDILITIND,22-Feb-2018,820,CE,0,0,0,58.95,91.4,0,0,0,0,19-DEC-2017,
OPTSTK,PIDILITIND,22-Feb-2018,840,CE,0,0,0,47.7,77.7,0,0,0,0,19-DEC-2017,
OPTSTK,PIDILITIND,22-Feb-2018,860,CE,0,0,0,37.95,65.3,0,0,0,0,19-DEC-2017,
OPTSTK,PIDILITIND,22-Feb-2018,880,CE,0,0,0,29.7,54.3,0,0,0,0,19-DEC-2017,
OPTSTK,PIDILITIND,22-Feb-2018,900,CE,0,0,0,22.9,44.6,0,0,0,0,19-DEC-2017,
OPTSTK,PIDILITIND,22-Feb-2018,920,CE,0,0,0,17.4,36.2,0,0,0,0,19-DEC-2017,
OPTSTK,PIDILITIND,22-Feb-2018,940,CE,0,0,0,13,29.05,0,0,0,0,19-DEC-2017,
OPTSTK,PIDILITIND,22-Feb-2018,960,CE,0,0,0,9.55,23.05,0,0,0,0,19-DEC-2017,
OPTSTK,PIDILITIND,22-Feb-2018,980,CE,0,0,0,6.9,18.15,0,0,0,0,19-DEC-2017,
OPTSTK,PIDILITIND,22-Feb-2018,1000,CE,0,0,0,4.95,14.05,0,0,0,0,19-DEC-2017,
OPTSTK,PIDILITIND,22-Feb-2018,1020,CE,0,0,0,3.5,10.8,0,0,0,0,19-DEC-2017,
OPTSTK,PIDILITIND,22-Feb-2018,1040,CE,0,0,0,2.45,8.25,0,0,0,0,19-DEC-2017,
OPTSTK,PIDILITIND,22-Feb-2018,1060,CE,0,0,0,1.65,6.2,0,0,0,0,19-DEC-2017,
OPTSTK,PIDILITIND,22-Feb-2018,1080,CE,0,0,0,1.15,4.6,0,0,0,0,19-DEC-2017,
OPTSTK,PIDILITIND,22-Feb-2018,580,PE,0,0,0,0.05,0.05,0,0,0,0,19-DEC-2017,
OPTSTK,PIDILITIND,22-Feb-2018,600,PE,0,0,0,0.05,0.05,0,0,0,0,19-DEC-2017,
OPTSTK,PIDILITIND,22-Feb-2018,620,PE,0,0,0,0.1,0.1,0,0,0,0,19-DEC-2017,
OPTSTK,PIDILITIND,22-Feb-2018,640,PE,0,0,0,0.25,0.2,0,0,0,0,19-DEC-2017,
OPTSTK,PIDILITIND,22-Feb-2018,660,PE,0,0,0,0.5,0.4,0,0,0,0,19-DEC-2017,
OPTSTK,PIDILITIND,22-Feb-2018,680,PE,0,0,0,1,0.75,0,0,0,0,19-DEC-2017,
OPTSTK,PIDILITIND,22-Feb-2018,700,PE,0,0,0,1.85,1.35,0,0,0,0,19-DEC-2017,
OPTSTK,PIDILITIND,22-Feb-2018,720,PE,0,0,0,3.25,2.3,0,0,0,0,19-DEC-2017,
OPTSTK,PIDILITIND,22-Feb-2018,740,PE,0,0,0,5.35,3.7,0,0,0,0,19-DEC-2017,
OPTSTK,PIDILITIND,22-Feb-2018,760,PE,0,0,0,8.35,5.75,0,0,0,0,19-DEC-2017,
OPTSTK,PIDILITIND,22-Feb-2018,780,PE,0,0,0,12.5,8.6,0,0,0,0,19-DEC-2017,
OPTSTK,PIDILITIND,22-Feb-2018,800,PE,0,0,0,17.9,12.4,0,0,0,0,19-DEC-2017,
OPTSTK,PIDILITIND,22-Feb-2018,820,PE,0,0,0,24.8,17.3,0,0,0,0,19-DEC-2017,
OPTSTK,PIDILITIND,22-Feb-2018,840,PE,0,0,0,33.25,23.35,0,0,0,0,19-DEC-2017,
OPTSTK,PIDILITIND,22-Feb-2018,860,PE,0,0,0,43.2,30.75,0,0,0,0,19-DEC-2017,
OPTSTK,PIDILITIND,22-Feb-2018,880,PE,0,0,0,54.65,39.5,0,0,0,0,19-DEC-2017,
OPTSTK,PIDILITIND,22-Feb-2018,900,PE,0,0,0,67.55,49.55,0,0,0,0,19-DEC-2017,
OPTSTK,PIDILITIND,22-Feb-2018,920,PE,0,0,0,81.8,60.95,0,0,0,0,19-DEC-2017,
OPTSTK,PIDILITIND,22-Feb-2018,940,PE,0,0,0,97.1,73.6,0,0,0,0,19-DEC-2017,
OPTSTK,PIDILITIND,22-Feb-2018,960,PE,0,0,0,113.35,87.35,0,0,0,0,19-DEC-2017,
OPTSTK,PIDILITIND,22-Feb-2018,980,PE,0,0,0,130.45,102.2,0,0,0,0,19-DEC-2017,
OPTSTK,PIDILITIND,22-Feb-2018,1000,PE,0,0,0,148.15,117.9,0,0,0,0,19-DEC-2017,
OPTSTK,PIDILITIND,22-Feb-2018,1020,PE,0,0,0,166.4,134.45,0,0,0,0,19-DEC-2017,
OPTSTK,PIDILITIND,22-Feb-2018,1040,PE,0,0,0,185.05,151.6,0,0,0,0,19-DEC-2017,
OPTSTK,PIDILITIND,22-Feb-2018,1060,PE,0,0,0,204,169.35,0,0,0,0,19-DEC-2017,
OPTSTK,PIDILITIND,22-Feb-2018,1080,PE,0,0,0,223.2,187.55,0,0,0,0,19-DEC-2017,
OPTSTK,PNB,28-Dec-2017,100,CE,0,0,0,32.75,78.95,0,0,0,0,19-DEC-2017,
OPTSTK,PNB,28-Dec-2017,105,CE,0,0,0,28.25,73.95,0,0,0,0,19-DEC-2017,
OPTSTK,PNB,28-Dec-2017,110,CE,0,0,0,23.95,68.95,0,0,0,0,19-DEC-2017,
OPTSTK,PNB,28-Dec-2017,115,CE,0,0,0,20,63.95,0,0,0,0,19-DEC-2017,
OPTSTK,PNB,28-Dec-2017,120,CE,0,0,0,59,58.95,0,0,7000,0,19-DEC-2017,
OPTSTK,PNB,28-Dec-2017,125,CE,0,0,0,13.2,53.95,0,0,0,0,19-DEC-2017,
OPTSTK,PNB,28-Dec-2017,130,CE,0,0,0,49,49,0,0,14000,0,19-DEC-2017,
OPTSTK,PNB,28-Dec-2017,135,CE,0,0,0,8.15,44,0,0,0,0,19-DEC-2017,
OPTSTK,PNB,28-Dec-2017,140,CE,0,0,0,38.4,39.05,0,0,168000,0,19-DEC-2017,
OPTSTK,PNB,28-Dec-2017,145,CE,0,0,0,29.5,34.15,0,0,10500,0,19-DEC-2017,
OPTSTK,PNB,28-Dec-2017,150,CE,27.75,27.75,27.75,27.75,27.75,1,6.22,24500,3500,19-DEC-2017,
OPTSTK,PNB,28-Dec-2017,155,CE,0,0,0,23,24.75,0,0,10500,0,19-DEC-2017,
OPTSTK,PNB,28-Dec-2017,160,CE,19.65,19.7,18.5,18.5,18.5,3,18.82,59500,-3500,19-DEC-2017,
OPTSTK,PNB,28-Dec-2017,165,CE,15.75,15.75,14.2,15.05,15.05,13,81.89,87500,-14000,19-DEC-2017,
OPTSTK,PNB,28-Dec-2017,170,CE,12.4,12.4,8.55,10.6,10.6,71,448.54,308000,-38500,19-DEC-2017,
OPTSTK,PNB,28-Dec-2017,175,CE,8.55,8.75,5.5,6.95,6.95,173,1101.07,770000,-52500,19-DEC-2017,
OPTSTK,PNB,28-Dec-2017,180,CE,5.35,5.75,3.3,4.3,4.3,1822,11758.12,2310000,339500,19-DEC-2017,
OPTSTK,PNB,28-Dec-2017,185,CE,3.6,3.8,2,2.65,2.65,744,4889.88,1277500,185500,19-DEC-2017,
OPTSTK,PNB,28-Dec-2017,190,CE,2.3,2.5,1.3,1.65,1.65,783,5255.67,2523500,80500,19-DEC-2017,
OPTSTK,PNB,28-Dec-2017,195,CE,1.65,1.65,0.85,1.1,1.1,136,933.71,535500,56000,19-DEC-2017,
OPTSTK,PNB,28-Dec-2017,200,CE,1.3,1.3,0.65,0.8,0.8,402,2826.36,2593500,115500,19-DEC-2017,
OPTSTK,PNB,28-Dec-2017,205,CE,0.95,0.95,0.5,0.55,0.55,51,367.05,227500,7000,19-DEC-2017,
OPTSTK,PNB,28-Dec-2017,210,CE,0.65,0.7,0.35,0.45,0.45,140,1031.37,1162000,-42000,19-DEC-2017,
OPTSTK,PNB,28-Dec-2017,215,CE,0.55,0.55,0.3,0.3,0.3,12,90.44,98000,0,19-DEC-2017,
OPTSTK,PNB,28-Dec-2017,220,CE,0.5,0.5,0.2,0.25,0.25,63,485.68,378000,21000,19-DEC-2017,
OPTSTK,PNB,28-Dec-2017,225,CE,0,0,0,0.25,0.15,0,0,42000,0,19-DEC-2017,
OPTSTK,PNB,28-Dec-2017,230,CE,0.3,0.3,0.2,0.25,0.25,21,169.21,238000,21000,19-DEC-2017,
OPTSTK,PNB,28-Dec-2017,235,CE,0,0,0,0.25,0.05,0,0,28000,0,19-DEC-2017,
OPTSTK,PNB,28-Dec-2017,240,CE,0,0,0,0.25,0.05,0,0,42000,0,19-DEC-2017,
OPTSTK,PNB,28-Dec-2017,245,CE,0.1,0.1,0.1,0.1,0.1,1,8.57,17500,0,19-DEC-2017,
OPTSTK,PNB,28-Dec-2017,100,PE,0,0,0,0.45,0,0,0,0,0,19-DEC-2017,
OPTSTK,PNB,28-Dec-2017,105,PE,0,0,0,0.85,0,0,0,0,0,19-DEC-2017,
OPTSTK,PNB,28-Dec-2017,110,PE,0,0,0,1.5,0,0,0,0,0,19-DEC-2017,
OPTSTK,PNB,28-Dec-2017,115,PE,0,0,0,2.45,0,0,0,0,0,19-DEC-2017,
OPTSTK,PNB,28-Dec-2017,120,PE,0,0,0,3.8,0,0,0,0,0,19-DEC-2017,
OPTSTK,PNB,28-Dec-2017,125,PE,0,0,0,0.2,0,0,0,10500,0,19-DEC-2017,
OPTSTK,PNB,28-Dec-2017,130,PE,0,0,0,0.15,0.05,0,0,7000,0,19-DEC-2017,
OPTSTK,PNB,28-Dec-2017,135,PE,0,0,0,0.3,0.05,0,0,7000,0,19-DEC-2017,
OPTSTK,PNB,28-Dec-2017,140,PE,0.15,0.15,0.1,0.1,0.1,3,14.71,283500,3500,19-DEC-2017,
OPTSTK,PNB,28-Dec-2017,145,PE,0.1,0.15,0.1,0.15,0.15,7,35.55,206500,17500,19-DEC-2017,
OPTSTK,PNB,28-Dec-2017,150,PE,0.2,0.25,0.15,0.15,0.15,31,162.95,395500,-3500,19-DEC-2017,
OPTSTK,PNB,28-Dec-2017,155,PE,0.3,0.3,0.2,0.2,0.2,54,293.38,224000,-24500,19-DEC-2017,
OPTSTK,PNB,28-Dec-2017,160,PE,0.45,0.5,0.35,0.45,0.45,155,870.38,777000,73500,19-DEC-2017,
OPTSTK,PNB,28-Dec-2017,165,PE,0.75,1,0.65,0.75,0.75,233,1352.09,1246000,59500,19-DEC-2017,
OPTSTK,PNB,28-Dec-2017,170,PE,1.6,2,1.35,1.6,1.6,690,4143.94,1298500,252000,19-DEC-2017,
OPTSTK,PNB,28-Dec-2017,175,PE,1.35,3.85,1.35,3,3,593,3694.62,682500,56000,19-DEC-2017,
OPTSTK,PNB,28-Dec-2017,180,PE,4.85,6.6,4.5,5.35,5.35,316,2050.17,749000,105000,19-DEC-2017,
OPTSTK,PNB,28-Dec-2017,185,PE,8.15,9.2,8,9.15,9.15,11,74.52,80500,7000,19-DEC-2017,
OPTSTK,PNB,28-Dec-2017,190,PE,12.4,13.75,12.4,13.75,13.75,7,49.68,381500,-10500,19-DEC-2017,
OPTSTK,PNB,28-Dec-2017,195,PE,17.45,17.45,17.45,17.45,17.45,1,7.43,35000,0,19-DEC-2017,
OPTSTK,PNB,28-Dec-2017,200,PE,22.15,22.15,22.05,22.05,22.05,2,15.54,227500,-3500,19-DEC-2017,
OPTSTK,PNB,28-Dec-2017,205,PE,0,0,0,60.5,26.95,0,0,0,0,19-DEC-2017,
OPTSTK,PNB,28-Dec-2017,210,PE,0,0,0,35.9,31.55,0,0,21000,0,19-DEC-2017,
OPTSTK,PNB,28-Dec-2017,215,PE,0,0,0,67.05,36.3,0,0,0,0,19-DEC-2017,
OPTSTK,PNB,28-Dec-2017,220,PE,0,0,0,70.4,41.15,0,0,0,0,19-DEC-2017,
OPTSTK,PNB,28-Dec-2017,225,PE,0,0,0,73.8,46.05,0,0,0,0,19-DEC-2017,
OPTSTK,PNB,28-Dec-2017,230,PE,0,0,0,77.25,51,0,0,0,0,19-DEC-2017,
OPTSTK,PNB,28-Dec-2017,235,PE,0,0,0,80.8,55.95,0,0,0,0,19-DEC-2017,
OPTSTK,PNB,28-Dec-2017,240,PE,0,0,0,84.35,60.9,0,0,0,0,19-DEC-2017,
OPTSTK,PNB,28-Dec-2017,245,PE,0,0,0,87.95,65.9,0,0,0,0,19-DEC-2017,
OPTSTK,PNB,25-Jan-2018,140,CE,0,0,0,90.05,41.75,0,0,0,0,19-DEC-2017,
OPTSTK,PNB,25-Jan-2018,145,CE,0,0,0,87.65,37.6,0,0,0,0,19-DEC-2017,
OPTSTK,PNB,25-Jan-2018,150,CE,0,0,0,32,33.7,0,0,4000,0,19-DEC-2017,
OPTSTK,PNB,25-Jan-2018,155,CE,0,0,0,97.7,30,0,0,0,0,19-DEC-2017,
OPTSTK,PNB,25-Jan-2018,160,CE,0,0,0,95.4,26.55,0,0,0,0,19-DEC-2017,
OPTSTK,PNB,25-Jan-2018,165,CE,0,0,0,21.5,23.35,0,0,32000,0,19-DEC-2017,
OPTSTK,PNB,25-Jan-2018,170,CE,0,0,0,16.65,20.4,0,0,4000,0,19-DEC-2017,
OPTSTK,PNB,25-Jan-2018,175,CE,0,0,0,88.9,17.75,0,0,0,0,19-DEC-2017,
OPTSTK,PNB,25-Jan-2018,180,CE,10.7,10.7,8.45,9.5,9.5,26,197.08,196000,40000,19-DEC-2017,
OPTSTK,PNB,25-Jan-2018,185,CE,7.3,7.85,7,7.25,7.25,8,61.55,28000,12000,19-DEC-2017,
OPTSTK,PNB,25-Jan-2018,190,CE,6.35,6.55,5.1,6,6,56,438.83,152000,56000,19-DEC-2017,
OPTSTK,PNB,25-Jan-2018,195,CE,4.4,4.7,4.1,4.7,4.7,7,55.85,64000,0,19-DEC-2017,
OPTSTK,PNB,25-Jan-2018,200,CE,4.55,4.55,3.25,3.8,3.8,28,228.11,216000,92000,19-DEC-2017,
OPTSTK,PNB,25-Jan-2018,205,CE,0,0,0,77.55,6.95,0,0,0,0,19-DEC-2017,
OPTSTK,PNB,25-Jan-2018,210,CE,2.3,2.4,2,2.4,2.4,8,67.91,24000,16000,19-DEC-2017,
OPTSTK,PNB,25-Jan-2018,215,CE,0,0,0,74.2,4.9,0,0,0,0,19-DEC-2017,
OPTSTK,PNB,25-Jan-2018,220,CE,0,0,0,72.6,4.05,0,0,0,0,19-DEC-2017,
OPTSTK,PNB,25-Jan-2018,225,CE,0,0,0,71.05,3.4,0,0,0,0,19-DEC-2017,
OPTSTK,PNB,25-Jan-2018,230,CE,0,0,0,69.5,2.8,0,0,0,0,19-DEC-2017,
OPTSTK,PNB,25-Jan-2018,235,CE,0,0,0,68.05,2.3,0,0,0,0,19-DEC-2017,
OPTSTK,PNB,25-Jan-2018,240,CE,0,0,0,66.6,1.9,0,0,0,0,19-DEC-2017,
OPTSTK,PNB,25-Jan-2018,245,CE,0,0,0,65.2,1.55,0,0,0,0,19-DEC-2017,
OPTSTK,PNB,25-Jan-2018,140,PE,0,0,0,0.4,2.1,0,0,8000,0,19-DEC-2017,
OPTSTK,PNB,25-Jan-2018,145,PE,0,0,0,1,2.9,0,0,8000,0,19-DEC-2017,
OPTSTK,PNB,25-Jan-2018,150,PE,0,0,0,0.8,3.95,0,0,12000,0,19-DEC-2017,
OPTSTK,PNB,25-Jan-2018,155,PE,0,0,0,36.65,5.25,0,0,0,0,19-DEC-2017,
OPTSTK,PNB,25-Jan-2018,160,PE,2.65,2.8,2.4,2.45,2.45,10,65.02,68000,32000,19-DEC-2017,
OPTSTK,PNB,25-Jan-2018,165,PE,3.65,3.8,3.65,3.7,3.7,7,47.25,40000,28000,19-DEC-2017,
OPTSTK,PNB,25-Jan-2018,170,PE,5.3,5.4,5.1,5.25,5.25,11,77.12,28000,28000,19-DEC-2017,
OPTSTK,PNB,25-Jan-2018,175,PE,6.35,7.15,6.35,7.05,7.05,3,21.82,8000,8000,19-DEC-2017,
OPTSTK,PNB,25-Jan-2018,180,PE,9,10.25,9,10.05,10.05,11,83.45,32000,28000,19-DEC-2017,
OPTSTK,PNB,25-Jan-2018,185,PE,13.95,13.95,13.95,13.95,13.95,1,7.95,4000,4000,19-DEC-2017,
OPTSTK,PNB,25-Jan-2018,190,PE,0,0,0,17.75,21.35,0,0,4000,0,19-DEC-2017,
OPTSTK,PNB,25-Jan-2018,195,PE,0,0,0,59.45,24.65,0,0,0,0,19-DEC-2017,
OPTSTK,PNB,25-Jan-2018,200,PE,0,0,0,23,28.15,0,0,4000,0,19-DEC-2017,
OPTSTK,PNB,25-Jan-2018,205,PE,0,0,0,65.75,31.85,0,0,0,0,19-DEC-2017,
OPTSTK,PNB,25-Jan-2018,210,PE,0,0,0,68.95,35.7,0,0,0,0,19-DEC-2017,
OPTSTK,PNB,25-Jan-2018,215,PE,0,0,0,72.25,39.75,0,0,0,0,19-DEC-2017,
OPTSTK,PNB,25-Jan-2018,220,PE,0,0,0,75.55,43.9,0,0,0,0,19-DEC-2017,
OPTSTK,PNB,25-Jan-2018,225,PE,0,0,0,78.9,48.2,0,0,0,0,19-DEC-2017,
OPTSTK,PNB,25-Jan-2018,230,PE,0,0,0,82.3,52.55,0,0,0,0,19-DEC-2017,
OPTSTK,PNB,25-Jan-2018,235,PE,0,0,0,85.75,57.05,0,0,0,0,19-DEC-2017,
OPTSTK,PNB,25-Jan-2018,240,PE,0,0,0,89.25,61.6,0,0,0,0,19-DEC-2017,
OPTSTK,PNB,25-Jan-2018,245,PE,0,0,0,92.75,66.25,0,0,0,0,19-DEC-2017,
OPTSTK,PNB,22-Feb-2018,140,CE,0,0,0,50.6,44.95,0,0,0,0,19-DEC-2017,
OPTSTK,PNB,22-Feb-2018,145,CE,0,0,0,47.6,41.2,0,0,0,0,19-DEC-2017,
OPTSTK,PNB,22-Feb-2018,150,CE,0,0,0,44.7,37.7,0,0,0,0,19-DEC-2017,
OPTSTK,PNB,22-Feb-2018,155,CE,0,0,0,42,34.35,0,0,0,0,19-DEC-2017,
OPTSTK,PNB,22-Feb-2018,160,CE,0,0,0,39.4,31.2,0,0,0,0,19-DEC-2017,
OPTSTK,PNB,22-Feb-2018,165,CE,0,0,0,36.95,28.3,0,0,0,0,19-DEC-2017,
OPTSTK,PNB,22-Feb-2018,170,CE,0,0,0,34.65,25.55,0,0,0,0,19-DEC-2017,
OPTSTK,PNB,22-Feb-2018,175,CE,0,0,0,32.45,23.05,0,0,0,0,19-DEC-2017,
OPTSTK,PNB,22-Feb-2018,180,CE,0,0,0,30.4,20.75,0,0,0,0,19-DEC-2017,
OPTSTK,PNB,22-Feb-2018,185,CE,0,0,0,28.45,18.6,0,0,0,0,19-DEC-2017,
OPTSTK,PNB,22-Feb-2018,190,CE,0,0,0,26.6,16.65,0,0,0,0,19-DEC-2017,
OPTSTK,PNB,22-Feb-2018,195,CE,0,0,0,24.9,14.9,0,0,0,0,19-DEC-2017,
OPTSTK,PNB,22-Feb-2018,200,CE,0,0,0,23.3,13.3,0,0,0,0,19-DEC-2017,
OPTSTK,PNB,22-Feb-2018,205,CE,0,0,0,21.75,11.85,0,0,0,0,19-DEC-2017,
OPTSTK,PNB,22-Feb-2018,210,CE,0,0,0,20.35,10.5,0,0,0,0,19-DEC-2017,
OPTSTK,PNB,22-Feb-2018,215,CE,0,0,0,19,9.35,0,0,0,0,19-DEC-2017,
OPTSTK,PNB,22-Feb-2018,220,CE,0,0,0,17.8,8.25,0,0,0,0,19-DEC-2017,
OPTSTK,PNB,22-Feb-2018,225,CE,0,0,0,16.6,7.3,0,0,0,0,19-DEC-2017,
OPTSTK,PNB,22-Feb-2018,230,CE,0,0,0,15.5,6.45,0,0,0,0,19-DEC-2017,
OPTSTK,PNB,22-Feb-2018,235,CE,0,0,0,14.5,5.7,0,0,0,0,19-DEC-2017,
OPTSTK,PNB,22-Feb-2018,140,PE,0,0,0,12.5,4.6,0,0,0,0,19-DEC-2017,
OPTSTK,PNB,22-Feb-2018,145,PE,0,0,0,14.4,5.8,0,0,0,0,19-DEC-2017,
OPTSTK,PNB,22-Feb-2018,150,PE,0,0,0,16.4,7.2,0,0,0,0,19-DEC-2017,
OPTSTK,PNB,22-Feb-2018,155,PE,0,0,0,18.6,8.85,0,0,0,0,19-DEC-2017,
OPTSTK,PNB,22-Feb-2018,160,PE,0,0,0,20.95,10.65,0,0,0,0,19-DEC-2017,
OPTSTK,PNB,22-Feb-2018,165,PE,0,0,0,23.45,12.65,0,0,0,0,19-DEC-2017,
OPTSTK,PNB,22-Feb-2018,170,PE,0,0,0,26.05,14.9,0,0,0,0,19-DEC-2017,
OPTSTK,PNB,22-Feb-2018,175,PE,0,0,0,28.8,17.3,0,0,0,0,19-DEC-2017,
OPTSTK,PNB,22-Feb-2018,180,PE,0,0,0,31.65,19.95,0,0,0,0,19-DEC-2017,
OPTSTK,PNB,22-Feb-2018,185,PE,0,0,0,34.65,22.75,0,0,0,0,19-DEC-2017,
OPTSTK,PNB,22-Feb-2018,190,PE,0,0,0,37.75,25.75,0,0,0,0,19-DEC-2017,
OPTSTK,PNB,22-Feb-2018,195,PE,0,0,0,40.95,28.9,0,0,0,0,19-DEC-2017,
OPTSTK,PNB,22-Feb-2018,200,PE,0,0,0,44.25,32.25,0,0,0,0,19-DEC-2017,
OPTSTK,PNB,22-Feb-2018,205,PE,0,0,0,47.7,35.75,0,0,0,0,19-DEC-2017,
OPTSTK,PNB,22-Feb-2018,210,PE,0,0,0,51.2,39.35,0,0,0,0,19-DEC-2017,
OPTSTK,PNB,22-Feb-2018,215,PE,0,0,0,54.8,43.15,0,0,0,0,19-DEC-2017,
OPTSTK,PNB,22-Feb-2018,220,PE,0,0,0,58.45,47,0,0,0,0,19-DEC-2017,
OPTSTK,PNB,22-Feb-2018,225,PE,0,0,0,62.25,51,0,0,0,0,19-DEC-2017,
OPTSTK,PNB,22-Feb-2018,230,PE,0,0,0,66.05,55.1,0,0,0,0,19-DEC-2017,
OPTSTK,PNB,22-Feb-2018,235,PE,0,0,0,70,59.3,0,0,0,0,19-DEC-2017,
OPTSTK,POWERGRID,28-Dec-2017,160,CE,0,0,0,51.5,42.85,0,0,0,0,19-DEC-2017,
OPTSTK,POWERGRID,28-Dec-2017,162.5,CE,0,0,0,49.05,40.35,0,0,0,0,19-DEC-2017,
OPTSTK,POWERGRID,28-Dec-2017,165,CE,0,0,0,46.6,37.9,0,0,0,0,19-DEC-2017,
OPTSTK,POWERGRID,28-Dec-2017,167.5,CE,0,0,0,44.15,35.4,0,0,0,0,19-DEC-2017,
OPTSTK,POWERGRID,28-Dec-2017,170,CE,0,0,0,41.75,32.9,0,0,0,0,19-DEC-2017,
OPTSTK,POWERGRID,28-Dec-2017,172.5,CE,0,0,0,39.3,30.4,0,0,0,0,19-DEC-2017,
OPTSTK,POWERGRID,28-Dec-2017,175,CE,0,0,0,36.9,27.9,0,0,0,0,19-DEC-2017,
OPTSTK,POWERGRID,28-Dec-2017,177.5,CE,0,0,0,34.55,25.4,0,0,0,0,19-DEC-2017,
OPTSTK,POWERGRID,28-Dec-2017,180,CE,0,0,0,32.2,22.9,0,0,0,0,19-DEC-2017,
OPTSTK,POWERGRID,28-Dec-2017,182.5,CE,0,0,0,29.85,20.4,0,0,0,0,19-DEC-2017,
OPTSTK,POWERGRID,28-Dec-2017,185,CE,0,0,0,27.6,17.9,0,0,0,0,19-DEC-2017,
OPTSTK,POWERGRID,28-Dec-2017,187.5,CE,0,0,0,25.4,15.4,0,0,0,0,19-DEC-2017,
OPTSTK,POWERGRID,28-Dec-2017,190,CE,0,0,0,10.05,12.95,0,0,324000,0,19-DEC-2017,
OPTSTK,POWERGRID,28-Dec-2017,192.5,CE,0,0,0,7.5,10.5,0,0,16000,0,19-DEC-2017,
OPTSTK,POWERGRID,28-Dec-2017,195,CE,6.45,7.25,6.4,7.25,7.25,3,24.2,148000,4000,19-DEC-2017,
OPTSTK,POWERGRID,28-Dec-2017,197.5,CE,0,0,0,3.95,6,0,0,40000,0,19-DEC-2017,
OPTSTK,POWERGRID,28-Dec-2017,200,CE,3.05,3.95,2.4,3.8,3.8,193,1568.94,628000,-180000,19-DEC-2017,
OPTSTK,POWERGRID,28-Dec-2017,202.5,CE,2,2.45,1.8,2.35,2.35,22,180.04,84000,4000,19-DEC-2017,
OPTSTK,POWERGRID,28-Dec-2017,205,CE,1.35,1.45,0.95,1.4,1.4,417,3440.55,1236000,272000,19-DEC-2017,
OPTSTK,POWERGRID,28-Dec-2017,207.5,CE,0.6,0.9,0.5,0.9,0.9,6,49.97,228000,4000,19-DEC-2017,
OPTSTK,POWERGRID,28-Dec-2017,210,CE,0.6,0.6,0.4,0.55,0.55,159,1338.88,1580000,4000,19-DEC-2017,
OPTSTK,POWERGRID,28-Dec-2017,212.5,CE,0,0,0,0.6,0.15,0,0,60000,0,19-DEC-2017,
OPTSTK,POWERGRID,28-Dec-2017,215,CE,0.2,0.3,0.2,0.25,0.25,16,137.75,468000,-24000,19-DEC-2017,
OPTSTK,POWERGRID,28-Dec-2017,217.5,CE,0,0,0,0.55,0.05,0,0,4000,0,19-DEC-2017,
OPTSTK,POWERGRID,28-Dec-2017,220,CE,0.2,0.2,0.15,0.15,0.15,23,202.57,532000,48000,19-DEC-2017,
OPTSTK,POWERGRID,28-Dec-2017,222.5,CE,0,0,0,4.3,0,0,0,0,0,19-DEC-2017,
OPTSTK,POWERGRID,28-Dec-2017,225,CE,0,0,0,0.35,0,0,0,20000,0,19-DEC-2017,
OPTSTK,POWERGRID,28-Dec-2017,227.5,CE,0,0,0,3.05,0,0,0,0,0,19-DEC-2017,
OPTSTK,POWERGRID,28-Dec-2017,230,CE,0,0,0,0.25,0,0,0,52000,0,19-DEC-2017,
OPTSTK,POWERGRID,28-Dec-2017,232.5,CE,0,0,0,2.05,0,0,0,0,0,19-DEC-2017,
OPTSTK,POWERGRID,28-Dec-2017,235,CE,0,0,0,1.7,0,0,0,0,0,19-DEC-2017,
OPTSTK,POWERGRID,28-Dec-2017,237.5,CE,0,0,0,1.4,0,0,0,0,0,19-DEC-2017,
OPTSTK,POWERGRID,28-Dec-2017,240,CE,0,0,0,0.5,0,0,0,24000,0,19-DEC-2017,
OPTSTK,POWERGRID,28-Dec-2017,242.5,CE,0,0,0,0.9,0,0,0,0,0,19-DEC-2017,
OPTSTK,POWERGRID,28-Dec-2017,245,CE,0,0,0,0.7,0,0,0,0,0,19-DEC-2017,
OPTSTK,POWERGRID,28-Dec-2017,247.5,CE,0,0,0,0.6,0,0,0,0,0,19-DEC-2017,
OPTSTK,POWERGRID,28-Dec-2017,250,CE,0,0,0,0.45,0,0,0,0,0,19-DEC-2017,
OPTSTK,POWERGRID,28-Dec-2017,252.5,CE,0,0,0,0.35,0,0,0,0,0,19-DEC-2017,
OPTSTK,POWERGRID,28-Dec-2017,255,CE,0,0,0,0.3,0,0,0,0,0,19-DEC-2017,
OPTSTK,POWERGRID,28-Dec-2017,257.5,CE,0,0,0,0.25,0,0,0,0,0,19-DEC-2017,
OPTSTK,POWERGRID,28-Dec-2017,260,CE,0,0,0,0.2,0,0,0,0,0,19-DEC-2017,
OPTSTK,POWERGRID,28-Dec-2017,160,PE,0,0,0,0.05,0,0,0,0,0,19-DEC-2017,
OPTSTK,POWERGRID,28-Dec-2017,162.5,PE,0,0,0,0.05,0,0,0,0,0,19-DEC-2017,
OPTSTK,POWERGRID,28-Dec-2017,165,PE,0,0,0,0.05,0,0,0,0,0,19-DEC-2017,
OPTSTK,POWERGRID,28-Dec-2017,167.5,PE,0,0,0,0.05,0,0,0,0,0,19-DEC-2017,
OPTSTK,POWERGRID,28-Dec-2017,170,PE,0,0,0,0.1,0,0,0,0,0,19-DEC-2017,
OPTSTK,POWERGRID,28-Dec-2017,172.5,PE,0,0,0,0.1,0,0,0,12000,0,19-DEC-2017,
OPTSTK,POWERGRID,28-Dec-2017,175,PE,0,0,0,0.2,0,0,0,0,0,19-DEC-2017,
OPTSTK,POWERGRID,28-Dec-2017,177.5,PE,0,0,0,0.25,0,0,0,0,0,19-DEC-2017,
OPTSTK,POWERGRID,28-Dec-2017,180,PE,0,0,0,0.4,0,0,0,0,0,19-DEC-2017,
OPTSTK,POWERGRID,28-Dec-2017,182.5,PE,0,0,0,0.2,0,0,0,0,0,19-DEC-2017,
OPTSTK,POWERGRID,28-Dec-2017,185,PE,0,0,0,0.25,0,0,0,28000,0,19-DEC-2017,
OPTSTK,POWERGRID,28-Dec-2017,187.5,PE,0,0,0,0.5,0.05,0,0,4000,0,19-DEC-2017,
OPTSTK,POWERGRID,28-Dec-2017,190,PE,0.25,0.25,0.15,0.15,0.15,7,53.25,160000,-4000,19-DEC-2017,
OPTSTK,POWERGRID,28-Dec-2017,192.5,PE,0,0,0,0.6,0.1,0,0,48000,0,19-DEC-2017,
OPTSTK,POWERGRID,28-Dec-2017,195,PE,0.75,0.75,0.3,0.3,0.3,29,226.78,252000,-36000,19-DEC-2017,
OPTSTK,POWERGRID,28-Dec-2017,197.5,PE,0.9,0.9,0.7,0.7,0.7,3,23.8,60000,-8000,19-DEC-2017,
OPTSTK,POWERGRID,28-Dec-2017,200,PE,2.5,2.5,1,1.1,1.1,56,451.22,412000,-12000,19-DEC-2017,
OPTSTK,POWERGRID,28-Dec-2017,202.5,PE,3.15,3.15,1.9,1.9,1.9,4,32.81,116000,-16000,19-DEC-2017,
OPTSTK,POWERGRID,28-Dec-2017,205,PE,4.25,4.25,3.25,3.25,3.25,7,58.5,900000,-4000,19-DEC-2017,
OPTSTK,POWERGRID,28-Dec-2017,207.5,PE,7.15,7.15,7.15,7.15,7.15,1,8.58,52000,-4000,19-DEC-2017,
OPTSTK,POWERGRID,28-Dec-2017,210,PE,9.25,9.25,8,8,8,3,26.25,424000,-12000,19-DEC-2017,
OPTSTK,POWERGRID,28-Dec-2017,212.5,PE,0,0,0,12.1,9.75,0,0,40000,0,19-DEC-2017,
OPTSTK,POWERGRID,28-Dec-2017,215,PE,0,0,0,12.6,12.15,0,0,148000,0,19-DEC-2017,
OPTSTK,POWERGRID,28-Dec-2017,217.5,PE,0,0,0,10.5,14.6,0,0,4000,0,19-DEC-2017,
OPTSTK,POWERGRID,28-Dec-2017,220,PE,0,0,0,17.6,17.1,0,0,72000,0,19-DEC-2017,
OPTSTK,POWERGRID,28-Dec-2017,222.5,PE,0,0,0,14.35,19.6,0,0,0,0,19-DEC-2017,
OPTSTK,POWERGRID,28-Dec-2017,225,PE,0,0,0,16.1,22.05,0,0,0,0,19-DEC-2017,
OPTSTK,POWERGRID,28-Dec-2017,227.5,PE,0,0,0,18,24.55,0,0,0,0,19-DEC-2017,
OPTSTK,POWERGRID,28-Dec-2017,230,PE,0,0,0,19.95,27.05,0,0,0,0,19-DEC-2017,
OPTSTK,POWERGRID,28-Dec-2017,232.5,PE,0,0,0,21.95,29.55,0,0,0,0,19-DEC-2017,
OPTSTK,POWERGRID,28-Dec-2017,235,PE,0,0,0,24.05,32.05,0,0,0,0,19-DEC-2017,
OPTSTK,POWERGRID,28-Dec-2017,237.5,PE,0,0,0,26.2,34.55,0,0,0,0,19-DEC-2017,
OPTSTK,POWERGRID,28-Dec-2017,240,PE,0,0,0,31.95,37.05,0,0,4000,0,19-DEC-2017,
OPTSTK,POWERGRID,28-Dec-2017,242.5,PE,0,0,0,30.65,39.55,0,0,0,0,19-DEC-2017,
OPTSTK,POWERGRID,28-Dec-2017,245,PE,0,0,0,32.9,42.05,0,0,0,0,19-DEC-2017,
OPTSTK,POWERGRID,28-Dec-2017,247.5,PE,0,0,0,35.25,44.55,0,0,0,0,19-DEC-2017,
OPTSTK,POWERGRID,28-Dec-2017,250,PE,0,0,0,37.55,47.05,0,0,0,0,19-DEC-2017,
OPTSTK,POWERGRID,28-Dec-2017,252.5,PE,0,0,0,39.95,49.55,0,0,0,0,19-DEC-2017,
OPTSTK,POWERGRID,28-Dec-2017,255,PE,0,0,0,42.3,52,0,0,0,0,19-DEC-2017,
OPTSTK,POWERGRID,28-Dec-2017,257.5,PE,0,0,0,44.7,54.5,0,0,0,0,19-DEC-2017,
OPTSTK,POWERGRID,28-Dec-2017,260,PE,0,0,0,47.15,57,0,0,0,0,19-DEC-2017,
OPTSTK,POWERGRID,25-Jan-2018,162.5,CE,0,0,0,52.3,41.2,0,0,0,0,19-DEC-2017,
OPTSTK,POWERGRID,25-Jan-2018,165,CE,0,0,0,49.9,38.7,0,0,0,0,19-DEC-2017,
OPTSTK,POWERGRID,25-Jan-2018,167.5,CE,0,0,0,47.55,36.2,0,0,0,0,19-DEC-2017,
OPTSTK,POWERGRID,25-Jan-2018,170,CE,0,0,0,45.2,33.75,0,0,0,0,19-DEC-2017,
OPTSTK,POWERGRID,25-Jan-2018,172.5,CE,0,0,0,42.9,31.25,0,0,0,0,19-DEC-2017,
OPTSTK,POWERGRID,25-Jan-2018,175,CE,0,0,0,40.6,28.8,0,0,0,0,19-DEC-2017,
OPTSTK,POWERGRID,25-Jan-2018,177.5,CE,0,0,0,38.35,26.3,0,0,0,0,19-DEC-2017,
OPTSTK,POWERGRID,25-Jan-2018,180,CE,0,0,0,36.15,23.85,0,0,0,0,19-DEC-2017,
OPTSTK,POWERGRID,25-Jan-2018,182.5,CE,0,0,0,34,21.45,0,0,0,0,19-DEC-2017,
OPTSTK,POWERGRID,25-Jan-2018,185,CE,0,0,0,31.9,19.05,0,0,0,0,19-DEC-2017,
OPTSTK,POWERGRID,25-Jan-2018,187.5,CE,0,0,0,29.85,16.75,0,0,0,0,19-DEC-2017,
OPTSTK,POWERGRID,25-Jan-2018,190,CE,0,0,0,27.85,14.5,0,0,0,0,19-DEC-2017,
OPTSTK,POWERGRID,25-Jan-2018,192.5,CE,0,0,0,25.95,12.4,0,0,0,0,19-DEC-2017,
OPTSTK,POWERGRID,25-Jan-2018,195,CE,0,0,0,24.1,10.4,0,0,0,0,19-DEC-2017,
OPTSTK,POWERGRID,25-Jan-2018,197.5,CE,0,0,0,22.3,8.6,0,0,0,0,19-DEC-2017,
OPTSTK,POWERGRID,25-Jan-2018,200,CE,5.5,6.5,5.5,6.5,6.5,11,90.54,44000,32000,19-DEC-2017,
OPTSTK,POWERGRID,25-Jan-2018,202.5,CE,4.15,4.15,4.15,4.15,4.15,2,16.53,8000,8000,19-DEC-2017,
OPTSTK,POWERGRID,25-Jan-2018,205,CE,0,0,0,17.4,4.3,0,0,0,0,19-DEC-2017,
OPTSTK,POWERGRID,25-Jan-2018,207.5,CE,0,0,0,15.95,3.25,0,0,0,0,19-DEC-2017,
OPTSTK,POWERGRID,25-Jan-2018,210,CE,2.25,2.5,2.1,2.4,2.4,16,135.87,48000,48000,19-DEC-2017,
OPTSTK,POWERGRID,25-Jan-2018,212.5,CE,0,0,0,13.3,1.75,0,0,0,0,19-DEC-2017,
OPTSTK,POWERGRID,25-Jan-2018,215,CE,0,0,0,12.05,1.25,0,0,0,0,19-DEC-2017,
OPTSTK,POWERGRID,25-Jan-2018,217.5,CE,0,0,0,10.95,0.9,0,0,0,0,19-DEC-2017,
OPTSTK,POWERGRID,25-Jan-2018,220,CE,0,0,0,0.8,0.6,0,0,4000,0,19-DEC-2017,
OPTSTK,POWERGRID,25-Jan-2018,222.5,CE,0,0,0,8.9,0.4,0,0,0,0,19-DEC-2017,
OPTSTK,POWERGRID,25-Jan-2018,225,CE,0,0,0,8,0.25,0,0,0,0,19-DEC-2017,
OPTSTK,POWERGRID,25-Jan-2018,227.5,CE,0,0,0,7.15,0.2,0,0,0,0,19-DEC-2017,
OPTSTK,POWERGRID,25-Jan-2018,230,CE,0,0,0,6.4,0.1,0,0,0,0,19-DEC-2017,
OPTSTK,POWERGRID,25-Jan-2018,232.5,CE,0,0,0,5.7,0.1,0,0,0,0,19-DEC-2017,
OPTSTK,POWERGRID,25-Jan-2018,235,CE,0,0,0,5.1,0.05,0,0,0,0,19-DEC-2017,
OPTSTK,POWERGRID,25-Jan-2018,237.5,CE,0,0,0,4.5,0.05,0,0,0,0,19-DEC-2017,
OPTSTK,POWERGRID,25-Jan-2018,240,CE,0.3,0.3,0.3,0.3,0.3,2,19.22,8000,0,19-DEC-2017,
OPTSTK,POWERGRID,25-Jan-2018,242.5,CE,0,0,0,3.55,0.05,0,0,0,0,19-DEC-2017,
OPTSTK,POWERGRID,25-Jan-2018,245,CE,0,0,0,3.1,0,0,0,0,0,19-DEC-2017,
OPTSTK,POWERGRID,25-Jan-2018,247.5,CE,0,0,0,2.75,0,0,0,0,0,19-DEC-2017,
OPTSTK,POWERGRID,25-Jan-2018,250,CE,0,0,0,2.4,0,0,0,0,0,19-DEC-2017,
OPTSTK,POWERGRID,25-Jan-2018,252.5,CE,0,0,0,2.1,0,0,0,0,0,19-DEC-2017,
OPTSTK,POWERGRID,25-Jan-2018,255,CE,0,0,0,1.85,0,0,0,0,0,19-DEC-2017,
OPTSTK,POWERGRID,25-Jan-2018,257.5,CE,0,0,0,1.6,0,0,0,0,0,19-DEC-2017,
OPTSTK,POWERGRID,25-Jan-2018,260,CE,0,0,0,1.4,0,0,0,0,0,19-DEC-2017,
OPTSTK,POWERGRID,25-Jan-2018,162.5,PE,0,0,0,0.25,0,0,0,0,0,19-DEC-2017,
OPTSTK,POWERGRID,25-Jan-2018,165,PE,0,0,0,0.3,0,0,0,0,0,19-DEC-2017,
OPTSTK,POWERGRID,25-Jan-2018,167.5,PE,0,0,0,0.4,0,0,0,0,0,19-DEC-2017,
OPTSTK,POWERGRID,25-Jan-2018,170,PE,0,0,0,0.5,0,0,0,0,0,19-DEC-2017,
OPTSTK,POWERGRID,25-Jan-2018,172.5,PE,0,0,0,0.65,0.05,0,0,0,0,19-DEC-2017,
OPTSTK,POWERGRID,25-Jan-2018,175,PE,0,0,0,0.85,0.05,0,0,0,0,19-DEC-2017,
OPTSTK,POWERGRID,25-Jan-2018,177.5,PE,0,0,0,1.05,0.05,0,0,0,0,19-DEC-2017,
OPTSTK,POWERGRID,25-Jan-2018,180,PE,0,0,0,1.3,0.1,0,0,0,0,19-DEC-2017,
OPTSTK,POWERGRID,25-Jan-2018,182.5,PE,0,0,0,1.65,0.15,0,0,0,0,19-DEC-2017,
OPTSTK,POWERGRID,25-Jan-2018,185,PE,0,0,0,2,0.25,0,0,0,0,19-DEC-2017,
OPTSTK,POWERGRID,25-Jan-2018,187.5,PE,0,0,0,2.4,0.4,0,0,0,0,19-DEC-2017,
OPTSTK,POWERGRID,25-Jan-2018,190,PE,0,0,0,2.85,0.65,0,0,0,0,19-DEC-2017,
OPTSTK,POWERGRID,25-Jan-2018,192.5,PE,0,0,0,3.4,1.05,0,0,0,0,19-DEC-2017,
OPTSTK,POWERGRID,25-Jan-2018,195,PE,0,0,0,4,1.55,0,0,0,0,19-DEC-2017,
OPTSTK,POWERGRID,25-Jan-2018,197.5,PE,0,0,0,4.7,2.2,0,0,0,0,19-DEC-2017,
OPTSTK,POWERGRID,25-Jan-2018,200,PE,3.8,3.8,3.3,3.3,3.3,3,24.41,32000,8000,19-DEC-2017,
OPTSTK,POWERGRID,25-Jan-2018,202.5,PE,0,0,0,6.65,4.1,0,0,8000,0,19-DEC-2017,
OPTSTK,POWERGRID,25-Jan-2018,205,PE,0,0,0,7.6,5.35,0,0,4000,0,19-DEC-2017,
OPTSTK,POWERGRID,25-Jan-2018,207.5,PE,0,0,0,8.2,6.8,0,0,0,0,19-DEC-2017,
OPTSTK,POWERGRID,25-Jan-2018,210,PE,0,0,0,9.3,8.45,0,0,0,0,19-DEC-2017,
OPTSTK,POWERGRID,25-Jan-2018,212.5,PE,0,0,0,10.45,10.3,0,0,0,0,19-DEC-2017,
OPTSTK,POWERGRID,25-Jan-2018,215,PE,0,0,0,11.7,12.25,0,0,0,0,19-DEC-2017,
OPTSTK,POWERGRID,25-Jan-2018,217.5,PE,0,0,0,13,14.35,0,0,0,0,19-DEC-2017,
OPTSTK,POWERGRID,25-Jan-2018,220,PE,0,0,0,14.45,16.55,0,0,0,0,19-DEC-2017,
OPTSTK,POWERGRID,25-Jan-2018,222.5,PE,0,0,0,15.9,18.85,0,0,0,0,19-DEC-2017,
OPTSTK,POWERGRID,25-Jan-2018,225,PE,0,0,0,17.45,21.2,0,0,0,0,19-DEC-2017,
OPTSTK,POWERGRID,25-Jan-2018,227.5,PE,0,0,0,19.1,23.6,0,0,0,0,19-DEC-2017,
OPTSTK,POWERGRID,25-Jan-2018,230,PE,0,0,0,20.8,26,0,0,0,0,19-DEC-2017,
OPTSTK,POWERGRID,25-Jan-2018,232.5,PE,0,0,0,22.55,28.45,0,0,0,0,19-DEC-2017,
OPTSTK,POWERGRID,25-Jan-2018,235,PE,0,0,0,24.4,30.95,0,0,0,0,19-DEC-2017,
OPTSTK,POWERGRID,25-Jan-2018,237.5,PE,0,0,0,26.3,33.4,0,0,0,0,19-DEC-2017,
OPTSTK,POWERGRID,25-Jan-2018,240,PE,0,0,0,28.25,35.85,0,0,0,0,19-DEC-2017,
OPTSTK,POWERGRID,25-Jan-2018,242.5,PE,0,0,0,30.25,38.35,0,0,0,0,19-DEC-2017,
OPTSTK,POWERGRID,25-Jan-2018,245,PE,0,0,0,32.25,40.85,0,0,0,0,19-DEC-2017,
OPTSTK,POWERGRID,25-Jan-2018,247.5,PE,0,0,0,34.35,43.3,0,0,0,0,19-DEC-2017,
OPTSTK,POWERGRID,25-Jan-2018,250,PE,0,0,0,36.5,45.8,0,0,0,0,19-DEC-2017,
OPTSTK,POWERGRID,25-Jan-2018,252.5,PE,0,0,0,38.65,48.3,0,0,0,0,19-DEC-2017,
OPTSTK,POWERGRID,25-Jan-2018,255,PE,0,0,0,40.85,50.75,0,0,0,0,19-DEC-2017,
OPTSTK,POWERGRID,25-Jan-2018,257.5,PE,0,0,0,43.05,53.25,0,0,0,0,19-DEC-2017,
OPTSTK,POWERGRID,25-Jan-2018,260,PE,0,0,0,45.3,55.75,0,0,0,0,19-DEC-2017,
OPTSTK,POWERGRID,22-Feb-2018,162.5,CE,0,0,0,45.95,42,0,0,0,0,19-DEC-2017,
OPTSTK,POWERGRID,22-Feb-2018,165,CE,0,0,0,43.55,39.5,0,0,0,0,19-DEC-2017,
OPTSTK,POWERGRID,22-Feb-2018,167.5,CE,0,0,0,41.1,37.05,0,0,0,0,19-DEC-2017,
OPTSTK,POWERGRID,22-Feb-2018,170,CE,0,0,0,38.7,34.6,0,0,0,0,19-DEC-2017,
OPTSTK,POWERGRID,22-Feb-2018,172.5,CE,0,0,0,36.3,32.15,0,0,0,0,19-DEC-2017,
OPTSTK,POWERGRID,22-Feb-2018,175,CE,0,0,0,33.9,29.75,0,0,0,0,19-DEC-2017,
OPTSTK,POWERGRID,22-Feb-2018,177.5,CE,0,0,0,31.55,27.35,0,0,0,0,19-DEC-2017,
OPTSTK,POWERGRID,22-Feb-2018,180,CE,0,0,0,29.25,24.95,0,0,0,0,19-DEC-2017,
OPTSTK,POWERGRID,22-Feb-2018,182.5,CE,0,0,0,27,22.65,0,0,0,0,19-DEC-2017,
OPTSTK,POWERGRID,22-Feb-2018,185,CE,0,0,0,24.8,20.4,0,0,0,0,19-DEC-2017,
OPTSTK,POWERGRID,22-Feb-2018,187.5,CE,0,0,0,22.7,18.25,0,0,0,0,19-DEC-2017,
OPTSTK,POWERGRID,22-Feb-2018,190,CE,0,0,0,20.65,16.15,0,0,0,0,19-DEC-2017,
OPTSTK,POWERGRID,22-Feb-2018,192.5,CE,0,0,0,18.65,14.15,0,0,0,0,19-DEC-2017,
OPTSTK,POWERGRID,22-Feb-2018,195,CE,0,0,0,16.8,12.3,0,0,0,0,19-DEC-2017,
OPTSTK,POWERGRID,22-Feb-2018,197.5,CE,0,0,0,15,10.6,0,0,0,0,19-DEC-2017,
OPTSTK,POWERGRID,22-Feb-2018,200,CE,0,0,0,13.35,9,0,0,0,0,19-DEC-2017,
OPTSTK,POWERGRID,22-Feb-2018,202.5,CE,0,0,0,11.8,7.6,0,0,0,0,19-DEC-2017,
OPTSTK,POWERGRID,22-Feb-2018,205,CE,0,0,0,10.35,6.3,0,0,0,0,19-DEC-2017,
OPTSTK,POWERGRID,22-Feb-2018,207.5,CE,0,0,0,9.05,5.2,0,0,0,0,19-DEC-2017,
OPTSTK,POWERGRID,22-Feb-2018,210,CE,0,0,0,7.85,4.2,0,0,0,0,19-DEC-2017,
OPTSTK,POWERGRID,22-Feb-2018,212.5,CE,0,0,0,6.75,3.4,0,0,0,0,19-DEC-2017,
OPTSTK,POWERGRID,22-Feb-2018,215,CE,0,0,0,5.8,2.7,0,0,0,0,19-DEC-2017,
OPTSTK,POWERGRID,22-Feb-2018,217.5,CE,0,0,0,4.9,2.1,0,0,0,0,19-DEC-2017,
OPTSTK,POWERGRID,22-Feb-2018,220,CE,0,0,0,4.15,1.65,0,0,0,0,19-DEC-2017,
OPTSTK,POWERGRID,22-Feb-2018,222.5,CE,0,0,0,3.5,1.25,0,0,0,0,19-DEC-2017,
OPTSTK,POWERGRID,22-Feb-2018,225,CE,0,0,0,2.9,0.95,0,0,0,0,19-DEC-2017,
OPTSTK,POWERGRID,22-Feb-2018,227.5,CE,0,0,0,2.45,0.75,0,0,0,0,19-DEC-2017,
OPTSTK,POWERGRID,22-Feb-2018,230,CE,0,0,0,2,0.55,0,0,0,0,19-DEC-2017,
OPTSTK,POWERGRID,22-Feb-2018,232.5,CE,0,0,0,1.65,0.4,0,0,0,0,19-DEC-2017,
OPTSTK,POWERGRID,22-Feb-2018,235,CE,0,0,0,1.35,0.3,0,0,0,0,19-DEC-2017,
OPTSTK,POWERGRID,22-Feb-2018,237.5,CE,0,0,0,1.1,0.2,0,0,0,0,19-DEC-2017,
OPTSTK,POWERGRID,22-Feb-2018,240,CE,0,0,0,0.9,0.15,0,0,0,0,19-DEC-2017,
OPTSTK,POWERGRID,22-Feb-2018,242.5,CE,0,0,0,0.7,0.1,0,0,0,0,19-DEC-2017,
OPTSTK,POWERGRID,22-Feb-2018,245,CE,0,0,0,0.55,0.1,0,0,0,0,19-DEC-2017,
OPTSTK,POWERGRID,22-Feb-2018,247.5,CE,0,0,0,0.45,0.05,0,0,0,0,19-DEC-2017,
OPTSTK,POWERGRID,22-Feb-2018,250,CE,0,0,0,0.35,0.05,0,0,0,0,19-DEC-2017,
OPTSTK,POWERGRID,22-Feb-2018,252.5,CE,0,0,0,0.3,0.05,0,0,0,0,19-DEC-2017,
OPTSTK,POWERGRID,22-Feb-2018,255,CE,0,0,0,0.2,0.05,0,0,0,0,19-DEC-2017,
OPTSTK,POWERGRID,22-Feb-2018,162.5,PE,0,0,0,0.05,0.05,0,0,0,0,19-DEC-2017,
OPTSTK,POWERGRID,22-Feb-2018,165,PE,0,0,0,0.1,0.05,0,0,0,0,19-DEC-2017,
OPTSTK,POWERGRID,22-Feb-2018,167.5,PE,0,0,0,0.1,0.05,0,0,0,0,19-DEC-2017,
OPTSTK,POWERGRID,22-Feb-2018,170,PE,0,0,0,0.15,0.05,0,0,0,0,19-DEC-2017,
OPTSTK,POWERGRID,22-Feb-2018,172.5,PE,0,0,0,0.2,0.1,0,0,0,0,19-DEC-2017,
OPTSTK,POWERGRID,22-Feb-2018,175,PE,0,0,0,0.3,0.15,0,0,0,0,19-DEC-2017,
OPTSTK,POWERGRID,22-Feb-2018,177.5,PE,0,0,0,0.45,0.2,0,0,0,0,19-DEC-2017,
OPTSTK,POWERGRID,22-Feb-2018,180,PE,0,0,0,0.6,0.3,0,0,0,0,19-DEC-2017,
OPTSTK,POWERGRID,22-Feb-2018,182.5,PE,0,0,0,0.8,0.5,0,0,0,0,19-DEC-2017,
OPTSTK,POWERGRID,22-Feb-2018,185,PE,0,0,0,1.05,0.7,0,0,0,0,19-DEC-2017,
OPTSTK,POWERGRID,22-Feb-2018,187.5,PE,0,0,0,1.4,1,0,0,0,0,19-DEC-2017,
OPTSTK,POWERGRID,22-Feb-2018,190,PE,0,0,0,1.8,1.35,0,0,0,0,19-DEC-2017,
OPTSTK,POWERGRID,22-Feb-2018,192.5,PE,0,0,0,2.3,1.85,0,0,0,0,19-DEC-2017,
OPTSTK,POWERGRID,22-Feb-2018,195,PE,0,0,0,2.9,2.5,0,0,0,0,19-DEC-2017,
OPTSTK,POWERGRID,22-Feb-2018,197.5,PE,0,0,0,3.55,3.25,0,0,0,0,19-DEC-2017,
OPTSTK,POWERGRID,22-Feb-2018,200,PE,0,0,0,4.35,4.1,0,0,0,0,19-DEC-2017,
OPTSTK,POWERGRID,22-Feb-2018,202.5,PE,0,0,0,5.3,5.15,0,0,0,0,19-DEC-2017,
OPTSTK,POWERGRID,22-Feb-2018,205,PE,0,0,0,6.3,6.35,0,0,0,0,19-DEC-2017,
OPTSTK,POWERGRID,22-Feb-2018,207.5,PE,0,0,0,7.45,7.7,0,0,0,0,19-DEC-2017,
OPTSTK,POWERGRID,22-Feb-2018,210,PE,0,0,0,8.7,9.25,0,0,0,0,19-DEC-2017,
OPTSTK,POWERGRID,22-Feb-2018,212.5,PE,0,0,0,10.1,10.85,0,0,0,0,19-DEC-2017,
OPTSTK,POWERGRID,22-Feb-2018,215,PE,0,0,0,11.6,12.65,0,0,0,0,19-DEC-2017,
OPTSTK,POWERGRID,22-Feb-2018,217.5,PE,0,0,0,13.2,14.55,0,0,0,0,19-DEC-2017,
OPTSTK,POWERGRID,22-Feb-2018,220,PE,0,0,0,14.9,16.55,0,0,0,0,19-DEC-2017,
OPTSTK,POWERGRID,22-Feb-2018,222.5,PE,0,0,0,16.7,18.65,0,0,0,0,19-DEC-2017,
OPTSTK,POWERGRID,22-Feb-2018,225,PE,0,0,0,18.6,20.8,0,0,0,0,19-DEC-2017,
OPTSTK,POWERGRID,22-Feb-2018,227.5,PE,0,0,0,20.55,23.05,0,0,0,0,19-DEC-2017,
OPTSTK,POWERGRID,22-Feb-2018,230,PE,0,0,0,22.6,25.3,0,0,0,0,19-DEC-2017,
OPTSTK,POWERGRID,22-Feb-2018,232.5,PE,0,0,0,24.7,27.65,0,0,0,0,19-DEC-2017,
OPTSTK,POWERGRID,22-Feb-2018,235,PE,0,0,0,26.85,30,0,0,0,0,19-DEC-2017,
OPTSTK,POWERGRID,22-Feb-2018,237.5,PE,0,0,0,29.1,32.4,0,0,0,0,19-DEC-2017,
OPTSTK,POWERGRID,22-Feb-2018,240,PE,0,0,0,31.35,34.8,0,0,0,0,19-DEC-2017,
OPTSTK,POWERGRID,22-Feb-2018,242.5,PE,0,0,0,33.6,37.25,0,0,0,0,19-DEC-2017,
OPTSTK,POWERGRID,22-Feb-2018,245,PE,0,0,0,35.95,39.7,0,0,0,0,19-DEC-2017,
OPTSTK,POWERGRID,22-Feb-2018,247.5,PE,0,0,0,38.3,42.15,0,0,0,0,19-DEC-2017,
OPTSTK,POWERGRID,22-Feb-2018,250,PE,0,0,0,40.65,44.6,0,0,0,0,19-DEC-2017,
OPTSTK,POWERGRID,22-Feb-2018,252.5,PE,0,0,0,43.05,47.05,0,0,0,0,19-DEC-2017,
OPTSTK,POWERGRID,22-Feb-2018,255,PE,0,0,0,45.45,49.55,0,0,0,0,19-DEC-2017,
OPTSTK,PTC,28-Dec-2017,80,CE,0,0,0,43.65,33.75,0,0,0,0,19-DEC-2017,
OPTSTK,PTC,28-Dec-2017,85,CE,0,0,0,39.1,28.75,0,0,0,0,19-DEC-2017,
OPTSTK,PTC,28-Dec-2017,90,CE,0,0,0,34.75,23.75,0,0,0,0,19-DEC-2017,
OPTSTK,PTC,28-Dec-2017,95,CE,0,0,0,30.65,18.75,0,0,0,0,19-DEC-2017,
OPTSTK,PTC,28-Dec-2017,100,CE,0,0,0,14.85,13.8,0,0,16000,0,19-DEC-2017,
OPTSTK,PTC,28-Dec-2017,105,CE,0,0,0,7.25,8.9,0,0,32000,0,19-DEC-2017,
OPTSTK,PTC,28-Dec-2017,110,CE,5.3,5.3,4.45,4.7,4.7,6,55.16,160000,-8000,19-DEC-2017,
OPTSTK,PTC,28-Dec-2017,115,CE,1.75,2.55,1.7,1.9,1.9,81,759.06,688000,96000,19-DEC-2017,
OPTSTK,PTC,28-Dec-2017,120,CE,0.65,1.15,0.65,0.7,0.7,92,889.59,1168000,104000,19-DEC-2017,
OPTSTK,PTC,28-Dec-2017,125,CE,0.35,0.45,0.25,0.25,0.25,21,210.56,464000,0,19-DEC-2017,
OPTSTK,PTC,28-Dec-2017,130,CE,0.15,0.2,0.15,0.2,0.2,2,20.82,416000,-8000,19-DEC-2017,
OPTSTK,PTC,28-Dec-2017,135,CE,0.1,0.1,0.1,0.1,0.1,5,54.04,104000,-24000,19-DEC-2017,
OPTSTK,PTC,28-Dec-2017,140,CE,0,0,0,0.2,0,0,0,56000,0,19-DEC-2017,
OPTSTK,PTC,28-Dec-2017,145,CE,0,0,0,0.25,0,0,0,8000,0,19-DEC-2017,
OPTSTK,PTC,28-Dec-2017,150,CE,0,0,0,1,0,0,0,32000,0,19-DEC-2017,
OPTSTK,PTC,28-Dec-2017,80,PE,0,0,0,0.5,0,0,0,0,0,19-DEC-2017,
OPTSTK,PTC,28-Dec-2017,85,PE,0,0,0,0.9,0,0,0,0,0,19-DEC-2017,
OPTSTK,PTC,28-Dec-2017,90,PE,0,0,0,0.1,0,0,0,8000,0,19-DEC-2017,
OPTSTK,PTC,28-Dec-2017,95,PE,0,0,0,0.05,0,0,0,24000,0,19-DEC-2017,
OPTSTK,PTC,28-Dec-2017,100,PE,0.05,0.05,0.05,0.05,0.05,3,24.01,200000,0,19-DEC-2017,
OPTSTK,PTC,28-Dec-2017,105,PE,0.25,0.35,0.2,0.2,0.2,8,67.36,328000,-24000,19-DEC-2017,
OPTSTK,PTC,28-Dec-2017,110,PE,0.75,1.05,0.75,0.85,0.85,9,79.85,400000,-16000,19-DEC-2017,
OPTSTK,PTC,28-Dec-2017,115,PE,2.7,3.2,2.7,3.2,3.2,6,56.56,352000,24000,19-DEC-2017,
OPTSTK,PTC,28-Dec-2017,120,PE,0,0,0,11,6.65,0,0,192000,0,19-DEC-2017,
OPTSTK,PTC,28-Dec-2017,125,PE,0,0,0,10.3,11.3,0,0,24000,0,19-DEC-2017,
OPTSTK,PTC,28-Dec-2017,130,PE,0,0,0,18.75,16.2,0,0,40000,0,19-DEC-2017,
OPTSTK,PTC,28-Dec-2017,135,PE,0,0,0,20.35,21.2,0,0,8000,0,19-DEC-2017,
OPTSTK,PTC,28-Dec-2017,140,PE,0,0,0,22.9,26.2,0,0,16000,0,19-DEC-2017,
OPTSTK,PTC,28-Dec-2017,145,PE,0,0,0,26.6,31.2,0,0,0,0,19-DEC-2017,
OPTSTK,PTC,28-Dec-2017,150,PE,0,0,0,30.5,36.2,0,0,0,0,19-DEC-2017,
OPTSTK,PTC,25-Jan-2018,80,CE,0,0,0,40.35,34.15,0,0,0,0,19-DEC-2017,
OPTSTK,PTC,25-Jan-2018,85,CE,0,0,0,35.5,29.2,0,0,0,0,19-DEC-2017,
OPTSTK,PTC,25-Jan-2018,90,CE,0,0,0,30.75,24.25,0,0,0,0,19-DEC-2017,
OPTSTK,PTC,25-Jan-2018,95,CE,0,0,0,26.15,19.35,0,0,0,0,19-DEC-2017,
OPTSTK,PTC,25-Jan-2018,100,CE,15.25,15.25,15.25,15.25,15.25,2,18.44,16000,16000,19-DEC-2017,
OPTSTK,PTC,25-Jan-2018,105,CE,0,0,0,17.8,10.45,0,0,0,0,19-DEC-2017,
OPTSTK,PTC,25-Jan-2018,110,CE,0,0,0,14.25,6.9,0,0,0,0,19-DEC-2017,
OPTSTK,PTC,25-Jan-2018,115,CE,0,0,0,11.1,4.2,0,0,0,0,19-DEC-2017,
OPTSTK,PTC,25-Jan-2018,120,CE,0,0,0,2.2,2.35,0,0,16000,0,19-DEC-2017,
OPTSTK,PTC,25-Jan-2018,125,CE,0,0,0,6.3,1.2,0,0,0,0,19-DEC-2017,
OPTSTK,PTC,25-Jan-2018,130,CE,0.9,0.9,0.9,0.9,0.9,1,10.47,8000,8000,19-DEC-2017,
OPTSTK,PTC,25-Jan-2018,135,CE,0,0,0,3.3,0.25,0,0,0,0,19-DEC-2017,
OPTSTK,PTC,25-Jan-2018,140,CE,0,0,0,2.35,0.1,0,0,0,0,19-DEC-2017,
OPTSTK,PTC,25-Jan-2018,145,CE,0,0,0,1.6,0.05,0,0,0,0,19-DEC-2017,
OPTSTK,PTC,25-Jan-2018,150,CE,0,0,0,1.1,0.05,0,0,0,0,19-DEC-2017,
OPTSTK,PTC,25-Jan-2018,80,PE,0,0,0,0.05,0,0,0,0,0,19-DEC-2017,
OPTSTK,PTC,25-Jan-2018,85,PE,0,0,0,0.15,0,0,0,0,0,19-DEC-2017,
OPTSTK,PTC,25-Jan-2018,90,PE,0,0,0,0.3,0.05,0,0,0,0,19-DEC-2017,
OPTSTK,PTC,25-Jan-2018,95,PE,0,0,0,0.65,0.15,0,0,0,0,19-DEC-2017,
OPTSTK,PTC,25-Jan-2018,100,PE,0,0,0,1.2,0.45,0,0,0,0,19-DEC-2017,
OPTSTK,PTC,25-Jan-2018,105,PE,1.55,1.55,1.55,1.55,1.55,1,8.52,8000,8000,19-DEC-2017,
OPTSTK,PTC,25-Jan-2018,110,PE,3.2,3.2,3,3,3,2,18.09,16000,16000,19-DEC-2017,
OPTSTK,PTC,25-Jan-2018,115,PE,5.7,5.7,5.25,5.25,5.25,4,38.56,24000,24000,19-DEC-2017,
OPTSTK,PTC,25-Jan-2018,120,PE,0,0,0,7.55,7.95,0,0,0,0,19-DEC-2017,
OPTSTK,PTC,25-Jan-2018,125,PE,0,0,0,10.3,11.8,0,0,0,0,19-DEC-2017,
OPTSTK,PTC,25-Jan-2018,130,PE,0,0,0,13.55,16.1,0,0,0,0,19-DEC-2017,
OPTSTK,PTC,25-Jan-2018,135,PE,0,0,0,17.15,20.75,0,0,0,0,19-DEC-2017,
OPTSTK,PTC,25-Jan-2018,140,PE,0,0,0,21.1,25.6,0,0,0,0,19-DEC-2017,
OPTSTK,PTC,25-Jan-2018,145,PE,0,0,0,25.3,30.5,0,0,0,0,19-DEC-2017,
OPTSTK,PTC,25-Jan-2018,150,PE,0,0,0,29.7,35.45,0,0,0,0,19-DEC-2017,
OPTSTK,PTC,22-Feb-2018,80,CE,0,0,0,37.4,34.55,0,0,0,0,19-DEC-2017,
OPTSTK,PTC,22-Feb-2018,85,CE,0,0,0,32.55,29.65,0,0,0,0,19-DEC-2017,
OPTSTK,PTC,22-Feb-2018,90,CE,0,0,0,27.8,24.8,0,0,0,0,19-DEC-2017,
OPTSTK,PTC,22-Feb-2018,95,CE,0,0,0,23.25,20.15,0,0,0,0,19-DEC-2017,
OPTSTK,PTC,22-Feb-2018,100,CE,0,0,0,19,15.8,0,0,0,0,19-DEC-2017,
OPTSTK,PTC,22-Feb-2018,105,CE,0,0,0,15.1,11.9,0,0,0,0,19-DEC-2017,
OPTSTK,PTC,22-Feb-2018,110,CE,0,0,0,11.65,8.55,0,0,0,0,19-DEC-2017,
OPTSTK,PTC,22-Feb-2018,115,CE,0,0,0,8.8,5.9,0,0,0,0,19-DEC-2017,
OPTSTK,PTC,22-Feb-2018,120,CE,0,0,0,6.45,3.9,0,0,0,0,19-DEC-2017,
OPTSTK,PTC,22-Feb-2018,125,CE,0,0,0,4.6,2.45,0,0,0,0,19-DEC-2017,
OPTSTK,PTC,22-Feb-2018,130,CE,0,0,0,3.2,1.5,0,0,0,0,19-DEC-2017,
OPTSTK,PTC,22-Feb-2018,135,CE,0,0,0,2.15,0.85,0,0,0,0,19-DEC-2017,
OPTSTK,PTC,22-Feb-2018,140,CE,0,0,0,1.45,0.5,0,0,0,0,19-DEC-2017,
OPTSTK,PTC,22-Feb-2018,145,CE,0,0,0,0.95,0.25,0,0,0,0,19-DEC-2017,
OPTSTK,PTC,22-Feb-2018,150,CE,0,0,0,0.6,0.15,0,0,0,0,19-DEC-2017,
OPTSTK,PTC,22-Feb-2018,80,PE,0,0,0,0.05,0.05,0,0,0,0,19-DEC-2017,
OPTSTK,PTC,22-Feb-2018,85,PE,0,0,0,0.15,0.05,0,0,0,0,19-DEC-2017,
OPTSTK,PTC,22-Feb-2018,90,PE,0,0,0,0.3,0.2,0,0,0,0,19-DEC-2017,
OPTSTK,PTC,22-Feb-2018,95,PE,0,0,0,0.65,0.45,0,0,0,0,19-DEC-2017,
OPTSTK,PTC,22-Feb-2018,100,PE,0,0,0,1.3,1.05,0,0,0,0,19-DEC-2017,
OPTSTK,PTC,22-Feb-2018,105,PE,0,0,0,2.35,2.1,0,0,0,0,19-DEC-2017,
OPTSTK,PTC,22-Feb-2018,110,PE,0,0,0,3.85,3.7,0,0,0,0,19-DEC-2017,
OPTSTK,PTC,22-Feb-2018,115,PE,0,0,0,5.9,6,0,0,0,0,19-DEC-2017,
OPTSTK,PTC,22-Feb-2018,120,PE,0,0,0,8.5,8.9,0,0,0,0,19-DEC-2017,
OPTSTK,PTC,22-Feb-2018,125,PE,0,0,0,11.55,12.45,0,0,0,0,19-DEC-2017,
OPTSTK,PTC,22-Feb-2018,130,PE,0,0,0,15.1,16.4,0,0,0,0,19-DEC-2017,
OPTSTK,PTC,22-Feb-2018,135,PE,0,0,0,19,20.75,0,0,0,0,19-DEC-2017,
OPTSTK,PTC,22-Feb-2018,140,PE,0,0,0,23.2,25.3,0,0,0,0,19-DEC-2017,
OPTSTK,PTC,22-Feb-2018,145,PE,0,0,0,27.6,30,0,0,0,0,19-DEC-2017,
OPTSTK,PTC,22-Feb-2018,150,PE,0,0,0,32.2,34.85,0,0,0,0,19-DEC-2017,
OPTSTK,PVR,28-Dec-2017,860,CE,0,0,0,350.65,487.75,0,0,0,0,19-DEC-2017,
OPTSTK,PVR,28-Dec-2017,880,CE,0,0,0,331.95,467.8,0,0,0,0,19-DEC-2017,
OPTSTK,PVR,28-Dec-2017,900,CE,0,0,0,313.45,447.8,0,0,0,0,19-DEC-2017,
OPTSTK,PVR,28-Dec-2017,920,CE,0,0,0,295.3,427.85,0,0,0,0,19-DEC-2017,
OPTSTK,PVR,28-Dec-2017,940,CE,0,0,0,277.5,407.9,0,0,0,0,19-DEC-2017,
OPTSTK,PVR,28-Dec-2017,960,CE,0,0,0,260.1,387.9,0,0,0,0,19-DEC-2017,
OPTSTK,PVR,28-Dec-2017,980,CE,0,0,0,243.1,367.95,0,0,0,0,19-DEC-2017,
OPTSTK,PVR,28-Dec-2017,1000,CE,0,0,0,226.65,347.95,0,0,0,0,19-DEC-2017,
OPTSTK,PVR,28-Dec-2017,1020,CE,0,0,0,210.75,328,0,0,0,0,19-DEC-2017,
OPTSTK,PVR,28-Dec-2017,1040,CE,0,0,0,195.4,308.05,0,0,0,0,19-DEC-2017,
OPTSTK,PVR,28-Dec-2017,1060,CE,0,0,0,180.7,288.05,0,0,0,0,19-DEC-2017,
OPTSTK,PVR,28-Dec-2017,1080,CE,0,0,0,166.6,268.1,0,0,0,0,19-DEC-2017,
OPTSTK,PVR,28-Dec-2017,1100,CE,0,0,0,153.1,248.15,0,0,0,0,19-DEC-2017,
OPTSTK,PVR,28-Dec-2017,1120,CE,0,0,0,140.4,228.15,0,0,0,0,19-DEC-2017,
OPTSTK,PVR,28-Dec-2017,1140,CE,0,0,0,128.35,208.2,0,0,0,0,19-DEC-2017,
OPTSTK,PVR,28-Dec-2017,1160,CE,0,0,0,117.05,188.25,0,0,0,0,19-DEC-2017,
OPTSTK,PVR,28-Dec-2017,1180,CE,0,0,0,106.4,168.25,0,0,0,0,19-DEC-2017,
OPTSTK,PVR,28-Dec-2017,1200,CE,0,0,0,96.5,148.35,0,0,0,0,19-DEC-2017,
OPTSTK,PVR,28-Dec-2017,1220,CE,0,0,0,87.3,128.5,0,0,0,0,19-DEC-2017,
OPTSTK,PVR,28-Dec-2017,1240,CE,0,0,0,78.75,108.9,0,0,0,0,19-DEC-2017,
OPTSTK,PVR,28-Dec-2017,1260,CE,0,0,0,70.85,89.8,0,0,0,0,19-DEC-2017,
OPTSTK,PVR,28-Dec-2017,1280,CE,0,0,0,63.6,71.6,0,0,0,0,19-DEC-2017,
OPTSTK,PVR,28-Dec-2017,1300,CE,55,55,55,55,55,1,5.42,8000,-400,19-DEC-2017,
OPTSTK,PVR,28-Dec-2017,1320,CE,0,0,0,34.2,40.05,0,0,8800,0,19-DEC-2017,
OPTSTK,PVR,28-Dec-2017,1340,CE,25,30.7,21.35,28,28,10,54.63,10400,400,19-DEC-2017,
OPTSTK,PVR,28-Dec-2017,1360,CE,19.6,24.6,14.5,22.55,22.55,23,126.96,9200,4800,19-DEC-2017,
OPTSTK,PVR,28-Dec-2017,1380,CE,0,0,0,10.5,11.15,0,0,800,0,19-DEC-2017,
OPTSTK,PVR,28-Dec-2017,1400,CE,18,18,6.1,11.05,11.05,29,163.68,14000,6400,19-DEC-2017,
OPTSTK,PVR,28-Dec-2017,1420,CE,0,0,0,9,3.45,0,0,400,0,19-DEC-2017,
OPTSTK,PVR,28-Dec-2017,1440,CE,0,0,0,11.5,1.75,0,0,400,0,19-DEC-2017,
OPTSTK,PVR,28-Dec-2017,1460,CE,0,0,0,21.65,0.85,0,0,0,0,19-DEC-2017,
OPTSTK,PVR,28-Dec-2017,1480,CE,0,0,0,19,0.35,0,0,0,0,19-DEC-2017,
OPTSTK,PVR,28-Dec-2017,1500,CE,0,0,0,16.65,0.15,0,0,0,0,19-DEC-2017,
OPTSTK,PVR,28-Dec-2017,1520,CE,0,0,0,14.6,0.05,0,0,0,0,19-DEC-2017,
OPTSTK,PVR,28-Dec-2017,1540,CE,0,0,0,12.75,0.05,0,0,0,0,19-DEC-2017,
OPTSTK,PVR,28-Dec-2017,1560,CE,0,0,0,11.1,0.05,0,0,0,0,19-DEC-2017,
OPTSTK,PVR,28-Dec-2017,1580,CE,0,0,0,9.65,0,0,0,0,0,19-DEC-2017,
OPTSTK,PVR,28-Dec-2017,1600,CE,0,0,0,8.4,0,0,0,0,0,19-DEC-2017,
OPTSTK,PVR,28-Dec-2017,1620,CE,0,0,0,7,0,0,0,0,0,19-DEC-2017,
OPTSTK,PVR,28-Dec-2017,860,PE,0,0,0,2.65,0,0,0,0,0,19-DEC-2017,
OPTSTK,PVR,28-Dec-2017,880,PE,0,0,0,3.6,0,0,0,0,0,19-DEC-2017,
OPTSTK,PVR,28-Dec-2017,900,PE,0,0,0,4.8,0,0,0,0,0,19-DEC-2017,
OPTSTK,PVR,28-Dec-2017,920,PE,0,0,0,6.35,0,0,0,0,0,19-DEC-2017,
OPTSTK,PVR,28-Dec-2017,940,PE,0,0,0,8.2,0,0,0,0,0,19-DEC-2017,
OPTSTK,PVR,28-Dec-2017,960,PE,0,0,0,10.5,0,0,0,0,0,19-DEC-2017,
OPTSTK,PVR,28-Dec-2017,980,PE,0,0,0,13.25,0,0,0,0,0,19-DEC-2017,
OPTSTK,PVR,28-Dec-2017,1000,PE,0,0,0,16.45,0,0,0,0,0,19-DEC-2017,
OPTSTK,PVR,28-Dec-2017,1020,PE,0,0,0,20.2,0,0,0,0,0,19-DEC-2017,
OPTSTK,PVR,28-Dec-2017,1040,PE,0,0,0,24.55,0,0,0,0,0,19-DEC-2017,
OPTSTK,PVR,28-Dec-2017,1060,PE,0,0,0,29.55,0,0,0,0,0,19-DEC-2017,
OPTSTK,PVR,28-Dec-2017,1080,PE,0,0,0,35.15,0,0,0,0,0,19-DEC-2017,
OPTSTK,PVR,28-Dec-2017,1100,PE,0,0,0,41.35,0,0,0,0,0,19-DEC-2017,
OPTSTK,PVR,28-Dec-2017,1120,PE,0,0,0,48.3,0,0,0,0,0,19-DEC-2017,
OPTSTK,PVR,28-Dec-2017,1140,PE,0,0,0,55.95,0,0,0,0,0,19-DEC-2017,
OPTSTK,PVR,28-Dec-2017,1160,PE,0,0,0,64.35,0,0,0,0,0,19-DEC-2017,
OPTSTK,PVR,28-Dec-2017,1180,PE,0,0,0,73.4,0.05,0,0,0,0,19-DEC-2017,
OPTSTK,PVR,28-Dec-2017,1200,PE,0,0,0,4,0.1,0,0,5200,0,19-DEC-2017,
OPTSTK,PVR,28-Dec-2017,1220,PE,0,0,0,22.7,0.2,0,0,400,0,19-DEC-2017,
OPTSTK,PVR,28-Dec-2017,1240,PE,0,0,0,12,0.6,0,0,1200,0,19-DEC-2017,
OPTSTK,PVR,28-Dec-2017,1260,PE,0,0,0,19.1,1.45,0,0,2800,0,19-DEC-2017,
OPTSTK,PVR,28-Dec-2017,1280,PE,0,0,0,18.1,3.2,0,0,400,0,19-DEC-2017,
OPTSTK,PVR,28-Dec-2017,1300,PE,7.6,7.6,7.6,7.6,7.6,1,5.23,1200,400,19-DEC-2017,
OPTSTK,PVR,28-Dec-2017,1320,PE,0,0,0,52.5,11.6,0,0,400,0,19-DEC-2017,
OPTSTK,PVR,28-Dec-2017,1340,PE,0,0,0,76.75,19.25,0,0,0,0,19-DEC-2017,
OPTSTK,PVR,28-Dec-2017,1360,PE,0,0,0,184.5,29.6,0,0,0,0,19-DEC-2017,
OPTSTK,PVR,28-Dec-2017,1380,PE,0,0,0,199.65,42.6,0,0,0,0,19-DEC-2017,
OPTSTK,PVR,28-Dec-2017,1400,PE,0,0,0,110,57.85,0,0,800,0,19-DEC-2017,
OPTSTK,PVR,28-Dec-2017,1420,PE,0,0,0,231.2,74.85,0,0,0,0,19-DEC-2017,
OPTSTK,PVR,28-Dec-2017,1440,PE,0,0,0,247.6,93.1,0,0,0,0,19-DEC-2017,
OPTSTK,PVR,28-Dec-2017,1460,PE,0,0,0,264.3,112.15,0,0,0,0,19-DEC-2017,
OPTSTK,PVR,28-Dec-2017,1480,PE,0,0,0,281.35,131.65,0,0,0,0,19-DEC-2017,
OPTSTK,PVR,28-Dec-2017,1500,PE,0,0,0,298.7,151.45,0,0,0,0,19-DEC-2017,
OPTSTK,PVR,28-Dec-2017,1520,PE,0,0,0,316.3,171.3,0,0,0,0,19-DEC-2017,
OPTSTK,PVR,28-Dec-2017,1540,PE,0,0,0,334.1,191.25,0,0,0,0,19-DEC-2017,
OPTSTK,PVR,28-Dec-2017,1560,PE,0,0,0,352.15,211.2,0,0,0,0,19-DEC-2017,
OPTSTK,PVR,28-Dec-2017,1580,PE,0,0,0,370.4,231.15,0,0,0,0,19-DEC-2017,
OPTSTK,PVR,28-Dec-2017,1600,PE,0,0,0,388.85,251.15,0,0,0,0,19-DEC-2017,
OPTSTK,PVR,28-Dec-2017,1620,PE,0,0,0,382.15,271.1,0,0,0,0,19-DEC-2017,
OPTSTK,PVR,25-Jan-2018,1020,CE,0,0,0,423.8,333.05,0,0,0,0,19-DEC-2017,
OPTSTK,PVR,25-Jan-2018,1040,CE,0,0,0,405.6,313.25,0,0,0,0,19-DEC-2017,
OPTSTK,PVR,25-Jan-2018,1060,CE,0,0,0,387.7,293.4,0,0,0,0,19-DEC-2017,
OPTSTK,PVR,25-Jan-2018,1080,CE,0,0,0,370.05,273.6,0,0,0,0,19-DEC-2017,
OPTSTK,PVR,25-Jan-2018,1100,CE,0,0,0,352.75,253.9,0,0,0,0,19-DEC-2017,
OPTSTK,PVR,25-Jan-2018,1120,CE,0,0,0,335.8,234.3,0,0,0,0,19-DEC-2017,
OPTSTK,PVR,25-Jan-2018,1140,CE,0,0,0,319.2,214.85,0,0,0,0,19-DEC-2017,
OPTSTK,PVR,25-Jan-2018,1160,CE,0,0,0,303,195.65,0,0,0,0,19-DEC-2017,
OPTSTK,PVR,25-Jan-2018,1180,CE,0,0,0,287.2,176.85,0,0,0,0,19-DEC-2017,
OPTSTK,PVR,25-Jan-2018,1200,CE,0,0,0,271.85,158.5,0,0,0,0,19-DEC-2017,
OPTSTK,PVR,25-Jan-2018,1220,CE,0,0,0,257,140.75,0,0,0,0,19-DEC-2017,
OPTSTK,PVR,25-Jan-2018,1240,CE,0,0,0,242.55,123.8,0,0,0,0,19-DEC-2017,
OPTSTK,PVR,25-Jan-2018,1260,CE,0,0,0,228.6,107.7,0,0,0,0,19-DEC-2017,
OPTSTK,PVR,25-Jan-2018,1280,CE,0,0,0,215.05,92.75,0,0,0,0,19-DEC-2017,
OPTSTK,PVR,25-Jan-2018,1300,CE,0,0,0,202.15,78.8,0,0,0,0,19-DEC-2017,
OPTSTK,PVR,25-Jan-2018,1320,CE,0,0,0,189.7,66.25,0,0,0,0,19-DEC-2017,
OPTSTK,PVR,25-Jan-2018,1340,CE,0,0,0,177.8,54.95,0,0,0,0,19-DEC-2017,
OPTSTK,PVR,25-Jan-2018,1360,CE,0,0,0,166.4,45,0,0,0,0,19-DEC-2017,
OPTSTK,PVR,25-Jan-2018,1380,CE,0,0,0,155.55,36.4,0,0,0,0,19-DEC-2017,
OPTSTK,PVR,25-Jan-2018,1400,CE,0,0,0,145.2,29.05,0,0,0,0,19-DEC-2017,
OPTSTK,PVR,25-Jan-2018,1420,CE,0,0,0,135.35,22.85,0,0,0,0,19-DEC-2017,
OPTSTK,PVR,25-Jan-2018,1440,CE,0,0,0,126.05,17.85,0,0,0,0,19-DEC-2017,
OPTSTK,PVR,25-Jan-2018,1460,CE,0,0,0,117.2,13.65,0,0,0,0,19-DEC-2017,
OPTSTK,PVR,25-Jan-2018,1480,CE,0,0,0,108.85,10.35,0,0,0,0,19-DEC-2017,
OPTSTK,PVR,25-Jan-2018,1500,CE,0,0,0,100.95,7.75,0,0,0,0,19-DEC-2017,
OPTSTK,PVR,25-Jan-2018,1520,CE,0,0,0,93.55,5.7,0,0,0,0,19-DEC-2017,
OPTSTK,PVR,25-Jan-2018,1540,CE,0,0,0,86.55,4.15,0,0,0,0,19-DEC-2017,
OPTSTK,PVR,25-Jan-2018,1560,CE,0,0,0,80,3,0,0,0,0,19-DEC-2017,
OPTSTK,PVR,25-Jan-2018,1580,CE,0,0,0,73.85,2.15,0,0,0,0,19-DEC-2017,
OPTSTK,PVR,25-Jan-2018,1600,CE,0,0,0,68.1,1.5,0,0,0,0,19-DEC-2017,
OPTSTK,PVR,25-Jan-2018,1620,CE,0,0,0,62.75,1.05,0,0,0,0,19-DEC-2017,
OPTSTK,PVR,25-Jan-2018,1020,PE,0,0,0,6.35,0.05,0,0,0,0,19-DEC-2017,
OPTSTK,PVR,25-Jan-2018,1040,PE,0,0,0,7.85,0.05,0,0,0,0,19-DEC-2017,
OPTSTK,PVR,25-Jan-2018,1060,PE,0,0,0,9.6,0.1,0,0,0,0,19-DEC-2017,
OPTSTK,PVR,25-Jan-2018,1080,PE,0,0,0,11.7,0.2,0,0,0,0,19-DEC-2017,
OPTSTK,PVR,25-Jan-2018,1100,PE,0,0,0,14.05,0.35,0,0,0,0,19-DEC-2017,
OPTSTK,PVR,25-Jan-2018,1120,PE,0,0,0,16.8,0.6,0,0,0,0,19-DEC-2017,
OPTSTK,PVR,25-Jan-2018,1140,PE,0,0,0,19.85,1.05,0,0,0,0,19-DEC-2017,
OPTSTK,PVR,25-Jan-2018,1160,PE,0,0,0,23.35,1.75,0,0,0,0,19-DEC-2017,
OPTSTK,PVR,25-Jan-2018,1180,PE,0,0,0,27.25,2.75,0,0,0,0,19-DEC-2017,
OPTSTK,PVR,25-Jan-2018,1200,PE,0,0,0,31.55,4.3,0,0,0,0,19-DEC-2017,
OPTSTK,PVR,25-Jan-2018,1220,PE,0,0,0,36.4,6.4,0,0,0,0,19-DEC-2017,
OPTSTK,PVR,25-Jan-2018,1240,PE,0,0,0,41.65,9.3,0,0,0,0,19-DEC-2017,
OPTSTK,PVR,25-Jan-2018,1260,PE,0,0,0,47.35,13.1,0,0,0,0,19-DEC-2017,
OPTSTK,PVR,25-Jan-2018,1280,PE,0,0,0,53.55,18,0,0,0,0,19-DEC-2017,
OPTSTK,PVR,25-Jan-2018,1300,PE,0,0,0,60.3,23.95,0,0,0,0,19-DEC-2017,
OPTSTK,PVR,25-Jan-2018,1320,PE,0,0,0,67.55,31.25,0,0,0,0,19-DEC-2017,
OPTSTK,PVR,25-Jan-2018,1340,PE,0,0,0,75.35,39.85,0,0,0,0,19-DEC-2017,
OPTSTK,PVR,25-Jan-2018,1360,PE,0,0,0,83.65,49.75,0,0,0,0,19-DEC-2017,
OPTSTK,PVR,25-Jan-2018,1380,PE,0,0,0,92.45,61,0,0,0,0,19-DEC-2017,
OPTSTK,PVR,25-Jan-2018,1400,PE,0,0,0,101.8,73.55,0,0,0,0,19-DEC-2017,
OPTSTK,PVR,25-Jan-2018,1420,PE,0,0,0,111.65,87.25,0,0,0,0,19-DEC-2017,
OPTSTK,PVR,25-Jan-2018,1440,PE,0,0,0,122,102.1,0,0,0,0,19-DEC-2017,
OPTSTK,PVR,25-Jan-2018,1460,PE,0,0,0,132.85,117.75,0,0,0,0,19-DEC-2017,
OPTSTK,PVR,25-Jan-2018,1480,PE,0,0,0,144.2,134.3,0,0,0,0,19-DEC-2017,
OPTSTK,PVR,25-Jan-2018,1500,PE,0,0,0,156,151.55,0,0,0,0,19-DEC-2017,
OPTSTK,PVR,25-Jan-2018,1520,PE,0,0,0,168.25,169.4,0,0,0,0,19-DEC-2017,
OPTSTK,PVR,25-Jan-2018,1540,PE,0,0,0,180.95,187.75,0,0,0,0,19-DEC-2017,
OPTSTK,PVR,25-Jan-2018,1560,PE,0,0,0,194.1,206.45,0,0,0,0,19-DEC-2017,
OPTSTK,PVR,25-Jan-2018,1580,PE,0,0,0,207.65,225.45,0,0,0,0,19-DEC-2017,
OPTSTK,PVR,25-Jan-2018,1600,PE,0,0,0,221.6,244.7,0,0,0,0,19-DEC-2017,
OPTSTK,PVR,25-Jan-2018,1620,PE,0,0,0,235.9,264.1,0,0,0,0,19-DEC-2017,
OPTSTK,PVR,22-Feb-2018,1020,CE,0,0,0,313.9,338.35,0,0,0,0,19-DEC-2017,
OPTSTK,PVR,22-Feb-2018,1040,CE,0,0,0,295.3,318.75,0,0,0,0,19-DEC-2017,
OPTSTK,PVR,22-Feb-2018,1060,CE,0,0,0,277,299.3,0,0,0,0,19-DEC-2017,
OPTSTK,PVR,22-Feb-2018,1080,CE,0,0,0,259.05,279.95,0,0,0,0,19-DEC-2017,
OPTSTK,PVR,22-Feb-2018,1100,CE,0,0,0,241.55,260.85,0,0,0,0,19-DEC-2017,
OPTSTK,PVR,22-Feb-2018,1120,CE,0,0,0,224.45,241.95,0,0,0,0,19-DEC-2017,
OPTSTK,PVR,22-Feb-2018,1140,CE,0,0,0,207.9,223.4,0,0,0,0,19-DEC-2017,
OPTSTK,PVR,22-Feb-2018,1160,CE,0,0,0,191.95,205.25,0,0,0,0,19-DEC-2017,
OPTSTK,PVR,22-Feb-2018,1180,CE,0,0,0,176.55,187.6,0,0,0,0,19-DEC-2017,
OPTSTK,PVR,22-Feb-2018,1200,CE,0,0,0,161.9,170.55,0,0,0,0,19-DEC-2017,
OPTSTK,PVR,22-Feb-2018,1220,CE,0,0,0,147.8,154.15,0,0,0,0,19-DEC-2017,
OPTSTK,PVR,22-Feb-2018,1240,CE,0,0,0,134.55,138.45,0,0,0,0,19-DEC-2017,
OPTSTK,PVR,22-Feb-2018,1260,CE,0,0,0,122,123.65,0,0,0,0,19-DEC-2017,
OPTSTK,PVR,22-Feb-2018,1280,CE,0,0,0,110.25,109.65,0,0,0,0,19-DEC-2017,
OPTSTK,PVR,22-Feb-2018,1300,CE,0,0,0,99.3,96.65,0,0,0,0,19-DEC-2017,
OPTSTK,PVR,22-Feb-2018,1320,CE,0,0,0,89.05,84.6,0,0,0,0,19-DEC-2017,
OPTSTK,PVR,22-Feb-2018,1340,CE,0,0,0,79.6,73.6,0,0,0,0,19-DEC-2017,
OPTSTK,PVR,22-Feb-2018,1360,CE,0,0,0,70.9,63.55,0,0,0,0,19-DEC-2017,
OPTSTK,PVR,22-Feb-2018,1380,CE,0,0,0,62.95,54.5,0,0,0,0,19-DEC-2017,
OPTSTK,PVR,22-Feb-2018,1400,CE,0,0,0,55.65,46.45,0,0,0,0,19-DEC-2017,
OPTSTK,PVR,22-Feb-2018,1420,CE,0,0,0,49.05,39.3,0,0,0,0,19-DEC-2017,
OPTSTK,PVR,22-Feb-2018,1440,CE,0,0,0,43.1,33.05,0,0,0,0,19-DEC-2017,
OPTSTK,PVR,22-Feb-2018,1460,CE,0,0,0,37.75,27.6,0,0,0,0,19-DEC-2017,
OPTSTK,PVR,22-Feb-2018,1480,CE,0,0,0,33,22.95,0,0,0,0,19-DEC-2017,
OPTSTK,PVR,22-Feb-2018,1500,CE,0,0,0,28.7,18.9,0,0,0,0,19-DEC-2017,
OPTSTK,PVR,22-Feb-2018,1520,CE,0,0,0,24.9,15.45,0,0,0,0,19-DEC-2017,
OPTSTK,PVR,22-Feb-2018,1540,CE,0,0,0,21.55,12.6,0,0,0,0,19-DEC-2017,
OPTSTK,PVR,22-Feb-2018,1560,CE,0,0,0,18.55,10.2,0,0,0,0,19-DEC-2017,
OPTSTK,PVR,22-Feb-2018,1580,CE,0,0,0,15.95,8.2,0,0,0,0,19-DEC-2017,
OPTSTK,PVR,22-Feb-2018,1600,CE,0,0,0,13.7,6.55,0,0,0,0,19-DEC-2017,
OPTSTK,PVR,22-Feb-2018,1620,CE,0,0,0,11.7,5.2,0,0,0,0,19-DEC-2017,
OPTSTK,PVR,22-Feb-2018,1020,PE,0,0,0,3.05,0.3,0,0,0,0,19-DEC-2017,
OPTSTK,PVR,22-Feb-2018,1040,PE,0,0,0,4.2,0.5,0,0,0,0,19-DEC-2017,
OPTSTK,PVR,22-Feb-2018,1060,PE,0,0,0,5.6,0.8,0,0,0,0,19-DEC-2017,
OPTSTK,PVR,22-Feb-2018,1080,PE,0,0,0,7.35,1.25,0,0,0,0,19-DEC-2017,
OPTSTK,PVR,22-Feb-2018,1100,PE,0,0,0,9.55,1.9,0,0,0,0,19-DEC-2017,
OPTSTK,PVR,22-Feb-2018,1120,PE,0,0,0,12.2,2.8,0,0,0,0,19-DEC-2017,
OPTSTK,PVR,22-Feb-2018,1140,PE,0,0,0,15.35,4,0,0,0,0,19-DEC-2017,
OPTSTK,PVR,22-Feb-2018,1160,PE,0,0,0,19.05,5.65,0,0,0,0,19-DEC-2017,
OPTSTK,PVR,22-Feb-2018,1180,PE,0,0,0,23.4,7.75,0,0,0,0,19-DEC-2017,
OPTSTK,PVR,22-Feb-2018,1200,PE,0,0,0,28.45,10.45,0,0,0,0,19-DEC-2017,
OPTSTK,PVR,22-Feb-2018,1220,PE,0,0,0,34.1,13.8,0,0,0,0,19-DEC-2017,
OPTSTK,PVR,22-Feb-2018,1240,PE,0,0,0,40.5,17.9,0,0,0,0,19-DEC-2017,
OPTSTK,PVR,22-Feb-2018,1260,PE,0,0,0,47.7,22.9,0,0,0,0,19-DEC-2017,
OPTSTK,PVR,22-Feb-2018,1280,PE,0,0,0,55.65,28.65,0,0,0,0,19-DEC-2017,
OPTSTK,PVR,22-Feb-2018,1300,PE,0,0,0,64.4,35.4,0,0,0,0,19-DEC-2017,
OPTSTK,PVR,22-Feb-2018,1320,PE,0,0,0,73.85,43.15,0,0,0,0,19-DEC-2017,
OPTSTK,PVR,22-Feb-2018,1340,PE,0,0,0,84.15,51.9,0,0,0,0,19-DEC-2017,
OPTSTK,PVR,22-Feb-2018,1360,PE,0,0,0,95.15,61.65,0,0,0,0,19-DEC-2017,
OPTSTK,PVR,22-Feb-2018,1380,PE,0,0,0,106.9,72.4,0,0,0,0,19-DEC-2017,
OPTSTK,PVR,22-Feb-2018,1400,PE,0,0,0,119.3,84.1,0,0,0,0,19-DEC-2017,
OPTSTK,PVR,22-Feb-2018,1420,PE,0,0,0,132.45,96.7,0,0,0,0,19-DEC-2017,
OPTSTK,PVR,22-Feb-2018,1440,PE,0,0,0,146.15,110.25,0,0,0,0,19-DEC-2017,
OPTSTK,PVR,22-Feb-2018,1460,PE,0,0,0,160.5,124.55,0,0,0,0,19-DEC-2017,
OPTSTK,PVR,22-Feb-2018,1480,PE,0,0,0,175.5,139.7,0,0,0,0,19-DEC-2017,
OPTSTK,PVR,22-Feb-2018,1500,PE,0,0,0,190.9,155.4,0,0,0,0,19-DEC-2017,
OPTSTK,PVR,22-Feb-2018,1520,PE,0,0,0,206.8,171.75,0,0,0,0,19-DEC-2017,
OPTSTK,PVR,22-Feb-2018,1540,PE,0,0,0,223.15,188.65,0,0,0,0,19-DEC-2017,
OPTSTK,PVR,22-Feb-2018,1560,PE,0,0,0,239.85,206,0,0,0,0,19-DEC-2017,
OPTSTK,PVR,22-Feb-2018,1580,PE,0,0,0,257,223.75,0,0,0,0,19-DEC-2017,
OPTSTK,PVR,22-Feb-2018,1600,PE,0,0,0,274.4,241.9,0,0,0,0,19-DEC-2017,
OPTSTK,PVR,22-Feb-2018,1620,PE,0,0,0,292.15,260.35,0,0,0,0,19-DEC-2017,
OPTSTK,RAMCOCEM,28-Dec-2017,520,CE,0,0,0,167.15,194.95,0,0,0,0,19-DEC-2017,
OPTSTK,RAMCOCEM,28-Dec-2017,540,CE,0,0,0,148,174.95,0,0,0,0,19-DEC-2017,
OPTSTK,RAMCOCEM,28-Dec-2017,560,CE,0,0,0,129.35,155,0,0,0,0,19-DEC-2017,
OPTSTK,RAMCOCEM,28-Dec-2017,580,CE,0,0,0,111.4,135,0,0,0,0,19-DEC-2017,
OPTSTK,RAMCOCEM,28-Dec-2017,600,CE,0,0,0,94.35,115.05,0,0,0,0,19-DEC-2017,
OPTSTK,RAMCOCEM,28-Dec-2017,620,CE,0,0,0,78.55,95.1,0,0,0,0,19-DEC-2017,
OPTSTK,RAMCOCEM,28-Dec-2017,640,CE,0,0,0,64.2,75.1,0,0,0,0,19-DEC-2017,
OPTSTK,RAMCOCEM,28-Dec-2017,660,CE,0,0,0,54.6,55.2,0,0,0,0,19-DEC-2017,
OPTSTK,RAMCOCEM,28-Dec-2017,680,CE,0,0,0,40.5,35.65,0,0,0,0,19-DEC-2017,
OPTSTK,RAMCOCEM,28-Dec-2017,700,CE,20,20,20,20,20,1,5.76,21600,0,19-DEC-2017,
OPTSTK,RAMCOCEM,28-Dec-2017,720,CE,8.5,8.6,8.5,8.6,8.6,3,17.48,8800,0,19-DEC-2017,
OPTSTK,RAMCOCEM,28-Dec-2017,740,CE,0,0,0,17.5,1.6,0,0,0,0,19-DEC-2017,
OPTSTK,RAMCOCEM,28-Dec-2017,760,CE,0,0,0,12.75,0.25,0,0,0,0,19-DEC-2017,
OPTSTK,RAMCOCEM,28-Dec-2017,780,CE,0,0,0,6,0.05,0,0,0,0,19-DEC-2017,
OPTSTK,RAMCOCEM,28-Dec-2017,800,CE,0,0,0,6.45,0,0,0,0,0,19-DEC-2017,
OPTSTK,RAMCOCEM,28-Dec-2017,820,CE,0,0,0,4.45,0,0,0,0,0,19-DEC-2017,
OPTSTK,RAMCOCEM,28-Dec-2017,840,CE,0,0,0,3.05,0,0,0,0,0,19-DEC-2017,
OPTSTK,RAMCOCEM,28-Dec-2017,860,CE,0,0,0,2.05,0,0,0,0,0,19-DEC-2017,
OPTSTK,RAMCOCEM,28-Dec-2017,880,CE,0,0,0,1.35,0,0,0,0,0,19-DEC-2017,
OPTSTK,RAMCOCEM,28-Dec-2017,900,CE,0,0,0,0.9,0,0,0,0,0,19-DEC-2017,
OPTSTK,RAMCOCEM,28-Dec-2017,520,PE,0,0,0,0.5,0,0,0,0,0,19-DEC-2017,
OPTSTK,RAMCOCEM,28-Dec-2017,540,PE,0,0,0,1.05,0,0,0,0,0,19-DEC-2017,
OPTSTK,RAMCOCEM,28-Dec-2017,560,PE,0,0,0,2.1,0,0,0,0,0,19-DEC-2017,
OPTSTK,RAMCOCEM,28-Dec-2017,580,PE,0,0,0,3.8,0,0,0,0,0,19-DEC-2017,
OPTSTK,RAMCOCEM,28-Dec-2017,600,PE,0,0,0,6.5,0,0,0,0,0,19-DEC-2017,
OPTSTK,RAMCOCEM,28-Dec-2017,620,PE,0,0,0,10.35,0,0,0,0,0,19-DEC-2017,
OPTSTK,RAMCOCEM,28-Dec-2017,640,PE,0,0,0,15.7,0,0,0,0,0,19-DEC-2017,
OPTSTK,RAMCOCEM,28-Dec-2017,660,PE,0,0,0,0.2,0.05,0,0,800,0,19-DEC-2017,
OPTSTK,RAMCOCEM,28-Dec-2017,680,PE,0,0,0,3.35,0.5,0,0,800,0,19-DEC-2017,
OPTSTK,RAMCOCEM,28-Dec-2017,700,PE,0,0,0,8.15,3.25,0,0,4800,0,19-DEC-2017,
OPTSTK,RAMCOCEM,28-Dec-2017,720,PE,10,10,10,10,10,8,46.72,10400,5600,19-DEC-2017,
OPTSTK,RAMCOCEM,28-Dec-2017,740,PE,0,0,0,67.45,26.35,0,0,0,0,19-DEC-2017,
OPTSTK,RAMCOCEM,28-Dec-2017,760,PE,0,0,0,82.4,44.95,0,0,0,0,19-DEC-2017,
OPTSTK,RAMCOCEM,28-Dec-2017,780,PE,0,0,0,98.45,64.75,0,0,0,0,19-DEC-2017,
OPTSTK,RAMCOCEM,28-Dec-2017,800,PE,0,0,0,115.45,84.7,0,0,0,0,19-DEC-2017,
OPTSTK,RAMCOCEM,28-Dec-2017,820,PE,0,0,0,133.15,104.65,0,0,0,0,19-DEC-2017,
OPTSTK,RAMCOCEM,28-Dec-2017,840,PE,0,0,0,151.4,124.6,0,0,0,0,19-DEC-2017,
OPTSTK,RAMCOCEM,28-Dec-2017,860,PE,0,0,0,170.1,144.6,0,0,0,0,19-DEC-2017,
OPTSTK,RAMCOCEM,28-Dec-2017,880,PE,0,0,0,189.1,164.55,0,0,0,0,19-DEC-2017,
OPTSTK,RAMCOCEM,28-Dec-2017,900,PE,0,0,0,208.35,184.5,0,0,0,0,19-DEC-2017,
OPTSTK,RAMCOCEM,25-Jan-2018,520,CE,0,0,0,211.3,197.5,0,0,0,0,19-DEC-2017,
OPTSTK,RAMCOCEM,25-Jan-2018,540,CE,0,0,0,191.65,177.65,0,0,0,0,19-DEC-2017,
OPTSTK,RAMCOCEM,25-Jan-2018,560,CE,0,0,0,172.05,157.75,0,0,0,0,19-DEC-2017,
OPTSTK,RAMCOCEM,25-Jan-2018,580,CE,0,0,0,152.6,137.9,0,0,0,0,19-DEC-2017,
OPTSTK,RAMCOCEM,25-Jan-2018,600,CE,0,0,0,133.45,118.05,0,0,0,0,19-DEC-2017,
OPTSTK,RAMCOCEM,25-Jan-2018,620,CE,0,0,0,114.75,98.3,0,0,0,0,19-DEC-2017,
OPTSTK,RAMCOCEM,25-Jan-2018,640,CE,0,0,0,96.85,78.85,0,0,0,0,19-DEC-2017,
OPTSTK,RAMCOCEM,25-Jan-2018,660,CE,0,0,0,80,60.25,0,0,0,0,19-DEC-2017,
OPTSTK,RAMCOCEM,25-Jan-2018,680,CE,0,0,0,64.6,43.2,0,0,0,0,19-DEC-2017,
OPTSTK,RAMCOCEM,25-Jan-2018,700,CE,0,0,0,50.8,28.75,0,0,0,0,19-DEC-2017,
OPTSTK,RAMCOCEM,25-Jan-2018,720,CE,0,0,0,39,17.5,0,0,0,0,19-DEC-2017,
OPTSTK,RAMCOCEM,25-Jan-2018,740,CE,0,0,0,29.1,9.75,0,0,0,0,19-DEC-2017,
OPTSTK,RAMCOCEM,25-Jan-2018,760,CE,0,0,0,21.15,4.9,0,0,0,0,19-DEC-2017,
OPTSTK,RAMCOCEM,25-Jan-2018,780,CE,0,0,0,14.95,2.25,0,0,0,0,19-DEC-2017,
OPTSTK,RAMCOCEM,25-Jan-2018,800,CE,0,0,0,10.35,0.95,0,0,0,0,19-DEC-2017,
OPTSTK,RAMCOCEM,25-Jan-2018,820,CE,0,0,0,6.95,0.35,0,0,0,0,19-DEC-2017,
OPTSTK,RAMCOCEM,25-Jan-2018,840,CE,0,0,0,4.55,0.15,0,0,0,0,19-DEC-2017,
OPTSTK,RAMCOCEM,25-Jan-2018,860,CE,0,0,0,2.9,0.05,0,0,0,0,19-DEC-2017,
OPTSTK,RAMCOCEM,25-Jan-2018,880,CE,0,0,0,1.8,0.05,0,0,0,0,19-DEC-2017,
OPTSTK,RAMCOCEM,25-Jan-2018,900,CE,0,0,0,1.1,0,0,0,0,0,19-DEC-2017,
OPTSTK,RAMCOCEM,25-Jan-2018,520,PE,0,0,0,0.05,0,0,0,0,0,19-DEC-2017,
OPTSTK,RAMCOCEM,25-Jan-2018,540,PE,0,0,0,0.05,0,0,0,0,0,19-DEC-2017,
OPTSTK,RAMCOCEM,25-Jan-2018,560,PE,0,0,0,0.15,0,0,0,0,0,19-DEC-2017,
OPTSTK,RAMCOCEM,25-Jan-2018,580,PE,0,0,0,0.4,0,0,0,0,0,19-DEC-2017,
OPTSTK,RAMCOCEM,25-Jan-2018,600,PE,0,0,0,0.9,0.05,0,0,0,0,19-DEC-2017,
OPTSTK,RAMCOCEM,25-Jan-2018,620,PE,0,0,0,1.95,0.15,0,0,0,0,19-DEC-2017,
OPTSTK,RAMCOCEM,25-Jan-2018,640,PE,0,0,0,3.7,0.6,0,0,0,0,19-DEC-2017,
OPTSTK,RAMCOCEM,25-Jan-2018,660,PE,0,0,0,6,1.85,0,0,0,0,19-DEC-2017,
OPTSTK,RAMCOCEM,25-Jan-2018,680,PE,0,0,0,10.8,4.7,0,0,0,0,19-DEC-2017,
OPTSTK,RAMCOCEM,25-Jan-2018,700,PE,0,0,0,16.75,10.1,0,0,0,0,19-DEC-2017,
OPTSTK,RAMCOCEM,25-Jan-2018,720,PE,0,0,0,24.6,18.75,0,0,0,0,19-DEC-2017,
OPTSTK,RAMCOCEM,25-Jan-2018,740,PE,0,0,0,34.4,30.8,0,0,0,0,19-DEC-2017,
OPTSTK,RAMCOCEM,25-Jan-2018,760,PE,0,0,0,46.15,45.85,0,0,0,0,19-DEC-2017,
OPTSTK,RAMCOCEM,25-Jan-2018,780,PE,0,0,0,59.65,63.05,0,0,0,0,19-DEC-2017,
OPTSTK,RAMCOCEM,25-Jan-2018,800,PE,0,0,0,74.7,81.6,0,0,0,0,19-DEC-2017,
OPTSTK,RAMCOCEM,25-Jan-2018,820,PE,0,0,0,91,100.9,0,0,0,0,19-DEC-2017,
OPTSTK,RAMCOCEM,25-Jan-2018,840,PE,0,0,0,108.25,120.55,0,0,0,0,19-DEC-2017,
OPTSTK,RAMCOCEM,25-Jan-2018,860,PE,0,0,0,126.3,140.35,0,0,0,0,19-DEC-2017,
OPTSTK,RAMCOCEM,25-Jan-2018,880,PE,0,0,0,144.9,160.2,0,0,0,0,19-DEC-2017,
OPTSTK,RAMCOCEM,25-Jan-2018,900,PE,0,0,0,163.9,180.05,0,0,0,0,19-DEC-2017,
OPTSTK,RAMCOCEM,22-Feb-2018,520,CE,0,0,0,187.85,200.05,0,0,0,0,19-DEC-2017,
OPTSTK,RAMCOCEM,22-Feb-2018,540,CE,0,0,0,168.4,180.3,0,0,0,0,19-DEC-2017,
OPTSTK,RAMCOCEM,22-Feb-2018,560,CE,0,0,0,149.2,160.5,0,0,0,0,19-DEC-2017,
OPTSTK,RAMCOCEM,22-Feb-2018,580,CE,0,0,0,130.5,140.8,0,0,0,0,19-DEC-2017,
OPTSTK,RAMCOCEM,22-Feb-2018,600,CE,0,0,0,112.4,121.25,0,0,0,0,19-DEC-2017,
OPTSTK,RAMCOCEM,22-Feb-2018,620,CE,0,0,0,95.3,101.95,0,0,0,0,19-DEC-2017,
OPTSTK,RAMCOCEM,22-Feb-2018,640,CE,0,0,0,79.35,83.35,0,0,0,0,19-DEC-2017,
OPTSTK,RAMCOCEM,22-Feb-2018,660,CE,0,0,0,64.85,65.8,0,0,0,0,19-DEC-2017,
OPTSTK,RAMCOCEM,22-Feb-2018,680,CE,0,0,0,52,49.95,0,0,0,0,19-DEC-2017,
OPTSTK,RAMCOCEM,22-Feb-2018,700,CE,0,0,0,40.85,36.3,0,0,0,0,19-DEC-2017,
OPTSTK,RAMCOCEM,22-Feb-2018,720,CE,0,0,0,31.45,25.15,0,0,0,0,19-DEC-2017,
OPTSTK,RAMCOCEM,22-Feb-2018,740,CE,0,0,0,23.75,16.55,0,0,0,0,19-DEC-2017,
OPTSTK,RAMCOCEM,22-Feb-2018,760,CE,0,0,0,17.55,10.35,0,0,0,0,19-DEC-2017,
OPTSTK,RAMCOCEM,22-Feb-2018,780,CE,0,0,0,12.75,6.15,0,0,0,0,19-DEC-2017,
OPTSTK,RAMCOCEM,22-Feb-2018,800,CE,0,0,0,9.1,3.5,0,0,0,0,19-DEC-2017,
OPTSTK,RAMCOCEM,22-Feb-2018,820,CE,0,0,0,6.35,1.9,0,0,0,0,19-DEC-2017,
OPTSTK,RAMCOCEM,22-Feb-2018,840,CE,0,0,0,4.4,0.95,0,0,0,0,19-DEC-2017,
OPTSTK,RAMCOCEM,22-Feb-2018,860,CE,0,0,0,2.95,0.5,0,0,0,0,19-DEC-2017,
OPTSTK,RAMCOCEM,22-Feb-2018,880,CE,0,0,0,2,0.25,0,0,0,0,19-DEC-2017,
OPTSTK,RAMCOCEM,22-Feb-2018,900,CE,0,0,0,1.3,0.1,0,0,0,0,19-DEC-2017,
OPTSTK,RAMCOCEM,22-Feb-2018,520,PE,0,0,0,0.2,0,0,0,0,0,19-DEC-2017,
OPTSTK,RAMCOCEM,22-Feb-2018,540,PE,0,0,0,0.45,0,0,0,0,0,19-DEC-2017,
OPTSTK,RAMCOCEM,22-Feb-2018,560,PE,0,0,0,1,0.05,0,0,0,0,19-DEC-2017,
OPTSTK,RAMCOCEM,22-Feb-2018,580,PE,0,0,0,2,0.1,0,0,0,0,19-DEC-2017,
OPTSTK,RAMCOCEM,22-Feb-2018,600,PE,0,0,0,3.65,0.3,0,0,0,0,19-DEC-2017,
OPTSTK,RAMCOCEM,22-Feb-2018,620,PE,0,0,0,6.2,0.8,0,0,0,0,19-DEC-2017,
OPTSTK,RAMCOCEM,22-Feb-2018,640,PE,0,0,0,10,1.95,0,0,0,0,19-DEC-2017,
OPTSTK,RAMCOCEM,22-Feb-2018,660,PE,0,0,0,15.2,4.2,0,0,0,0,19-DEC-2017,
OPTSTK,RAMCOCEM,22-Feb-2018,680,PE,0,0,0,22.05,8.1,0,0,0,0,19-DEC-2017,
OPTSTK,RAMCOCEM,22-Feb-2018,700,PE,0,0,0,30.6,14.2,0,0,0,0,19-DEC-2017,
OPTSTK,RAMCOCEM,22-Feb-2018,720,PE,0,0,0,40.9,22.8,0,0,0,0,19-DEC-2017,
OPTSTK,RAMCOCEM,22-Feb-2018,740,PE,0,0,0,52.9,34,0,0,0,0,19-DEC-2017,
OPTSTK,RAMCOCEM,22-Feb-2018,760,PE,0,0,0,66.45,47.6,0,0,0,0,19-DEC-2017,
OPTSTK,RAMCOCEM,22-Feb-2018,780,PE,0,0,0,81.35,63.15,0,0,0,0,19-DEC-2017,
OPTSTK,RAMCOCEM,22-Feb-2018,800,PE,0,0,0,97.4,80.25,0,0,0,0,19-DEC-2017,
OPTSTK,RAMCOCEM,22-Feb-2018,820,PE,0,0,0,114.35,98.45,0,0,0,0,19-DEC-2017,
OPTSTK,RAMCOCEM,22-Feb-2018,840,PE,0,0,0,132.1,117.3,0,0,0,0,19-DEC-2017,
OPTSTK,RAMCOCEM,22-Feb-2018,860,PE,0,0,0,150.4,136.55,0,0,0,0,19-DEC-2017,
OPTSTK,RAMCOCEM,22-Feb-2018,880,PE,0,0,0,169.1,156.1,0,0,0,0,19-DEC-2017,
OPTSTK,RAMCOCEM,22-Feb-2018,900,PE,0,0,0,188.15,175.75,0,0,0,0,19-DEC-2017,
OPTSTK,RAYMOND,28-Dec-2017,500,CE,0,0,0,319.6,528.3,0,0,0,0,19-DEC-2017,
OPTSTK,RAYMOND,28-Dec-2017,520,CE,0,0,0,300.55,508.35,0,0,0,0,19-DEC-2017,
OPTSTK,RAYMOND,28-Dec-2017,540,CE,0,0,0,281.75,488.35,0,0,0,0,19-DEC-2017,
OPTSTK,RAYMOND,28-Dec-2017,560,CE,0,0,0,263.25,468.4,0,0,0,0,19-DEC-2017,
OPTSTK,RAYMOND,28-Dec-2017,580,CE,0,0,0,245.2,448.4,0,0,0,0,19-DEC-2017,
OPTSTK,RAYMOND,28-Dec-2017,600,CE,0,0,0,227.55,428.45,0,0,0,0,19-DEC-2017,
OPTSTK,RAYMOND,28-Dec-2017,620,CE,0,0,0,210.5,408.5,0,0,0,0,19-DEC-2017,
OPTSTK,RAYMOND,28-Dec-2017,640,CE,0,0,0,194,388.5,0,0,0,0,19-DEC-2017,
OPTSTK,RAYMOND,28-Dec-2017,660,CE,0,0,0,178.15,368.55,0,0,0,0,19-DEC-2017,
OPTSTK,RAYMOND,28-Dec-2017,680,CE,0,0,0,163.05,348.6,0,0,0,0,19-DEC-2017,
OPTSTK,RAYMOND,28-Dec-2017,700,CE,0,0,0,148.75,328.6,0,0,0,0,19-DEC-2017,
OPTSTK,RAYMOND,28-Dec-2017,720,CE,0,0,0,135.15,308.65,0,0,0,0,19-DEC-2017,
OPTSTK,RAYMOND,28-Dec-2017,740,CE,0,0,0,122.4,288.65,0,0,0,0,19-DEC-2017,
OPTSTK,RAYMOND,28-Dec-2017,760,CE,0,0,0,110.5,268.7,0,0,0,0,19-DEC-2017,
OPTSTK,RAYMOND,28-Dec-2017,780,CE,0,0,0,99.45,248.75,0,0,0,0,19-DEC-2017,
OPTSTK,RAYMOND,28-Dec-2017,800,CE,0,0,0,89.2,228.75,0,0,0,0,19-DEC-2017,
OPTSTK,RAYMOND,28-Dec-2017,820,CE,0,0,0,79.75,208.8,0,0,0,0,19-DEC-2017,
OPTSTK,RAYMOND,28-Dec-2017,840,CE,0,0,0,71.1,188.85,0,0,0,0,19-DEC-2017,
OPTSTK,RAYMOND,28-Dec-2017,860,CE,0,0,0,63.2,168.85,0,0,0,0,19-DEC-2017,
OPTSTK,RAYMOND,28-Dec-2017,880,CE,0,0,0,56.05,148.9,0,0,0,0,19-DEC-2017,
OPTSTK,RAYMOND,28-Dec-2017,900,CE,0,0,0,73.7,129,0,0,1600,0,19-DEC-2017,
OPTSTK,RAYMOND,28-Dec-2017,920,CE,0,0,0,43.7,109.25,0,0,0,0,19-DEC-2017,
OPTSTK,RAYMOND,28-Dec-2017,940,CE,0,0,0,54,89.9,0,0,3200,0,19-DEC-2017,
OPTSTK,RAYMOND,28-Dec-2017,960,CE,69.15,69.15,69.15,69.15,69.15,1,8.23,9600,-800,19-DEC-2017,
OPTSTK,RAYMOND,28-Dec-2017,980,CE,58,58,52,52,52,4,33.08,15200,-2400,19-DEC-2017,
OPTSTK,RAYMOND,28-Dec-2017,1000,CE,43.4,45,34.95,40.1,40.1,64,532.67,57600,-8000,19-DEC-2017,
OPTSTK,RAYMOND,28-Dec-2017,1020,CE,30.65,32.75,24.2,28.3,28.3,272,2282.31,61600,-25600,19-DEC-2017,
OPTSTK,RAYMOND,28-Dec-2017,1040,CE,21.05,23.4,15.15,18.75,18.75,583,4941.26,125600,63200,19-DEC-2017,
OPTSTK,RAYMOND,28-Dec-2017,1060,CE,14.05,16,9,11.8,11.8,226,1938.74,69600,36800,19-DEC-2017,
OPTSTK,RAYMOND,28-Dec-2017,1080,CE,10,10.45,5.05,6.95,6.95,65,565.34,47200,26400,19-DEC-2017,
OPTSTK,RAYMOND,28-Dec-2017,1100,CE,6,6,3.5,4.05,4.05,37,326.86,21600,12800,19-DEC-2017,
OPTSTK,RAYMOND,28-Dec-2017,1120,CE,3,3,3,3,3,1,8.98,800,800,19-DEC-2017,
OPTSTK,RAYMOND,28-Dec-2017,1140,CE,0,0,0,9.6,0.6,0,0,0,0,19-DEC-2017,
OPTSTK,RAYMOND,28-Dec-2017,1160,CE,0,0,0,8.3,0.25,0,0,0,0,19-DEC-2017,
OPTSTK,RAYMOND,28-Dec-2017,1180,CE,0,0,0,7.15,0.1,0,0,0,0,19-DEC-2017,
OPTSTK,RAYMOND,28-Dec-2017,1200,CE,0,0,0,5.05,0.05,0,0,0,0,19-DEC-2017,
OPTSTK,RAYMOND,28-Dec-2017,500,PE,0,0,0,1.1,0,0,0,0,0,19-DEC-2017,
OPTSTK,RAYMOND,28-Dec-2017,520,PE,0,0,0,1.75,0,0,0,0,0,19-DEC-2017,
OPTSTK,RAYMOND,28-Dec-2017,540,PE,0,0,0,2.65,0,0,0,0,0,19-DEC-2017,
OPTSTK,RAYMOND,28-Dec-2017,560,PE,0,0,0,3.85,0,0,0,0,0,19-DEC-2017,
OPTSTK,RAYMOND,28-Dec-2017,580,PE,0,0,0,5.45,0,0,0,0,0,19-DEC-2017,
OPTSTK,RAYMOND,28-Dec-2017,600,PE,0,0,0,7.55,0,0,0,0,0,19-DEC-2017,
OPTSTK,RAYMOND,28-Dec-2017,620,PE,0,0,0,10.15,0,0,0,0,0,19-DEC-2017,
OPTSTK,RAYMOND,28-Dec-2017,640,PE,0,0,0,13.35,0,0,0,0,0,19-DEC-2017,
OPTSTK,RAYMOND,28-Dec-2017,660,PE,0,0,0,17.2,0,0,0,0,0,19-DEC-2017,
OPTSTK,RAYMOND,28-Dec-2017,680,PE,0,0,0,21.8,0,0,0,0,0,19-DEC-2017,
OPTSTK,RAYMOND,28-Dec-2017,700,PE,0,0,0,27.15,0,0,0,0,0,19-DEC-2017,
OPTSTK,RAYMOND,28-Dec-2017,720,PE,0,0,0,33.25,0,0,0,0,0,19-DEC-2017,
OPTSTK,RAYMOND,28-Dec-2017,740,PE,0,0,0,40.2,0,0,0,0,0,19-DEC-2017,
OPTSTK,RAYMOND,28-Dec-2017,760,PE,0,0,0,47.95,0,0,0,0,0,19-DEC-2017,
OPTSTK,RAYMOND,28-Dec-2017,780,PE,0,0,0,56.6,0,0,0,0,0,19-DEC-2017,
OPTSTK,RAYMOND,28-Dec-2017,800,PE,0,0,0,66.05,0,0,0,0,0,19-DEC-2017,
OPTSTK,RAYMOND,28-Dec-2017,820,PE,0,0,0,76.3,0,0,0,0,0,19-DEC-2017,
OPTSTK,RAYMOND,28-Dec-2017,840,PE,0,0,0,87.35,0,0,0,0,0,19-DEC-2017,
OPTSTK,RAYMOND,28-Dec-2017,860,PE,0,0,0,6.7,0,0,0,1600,0,19-DEC-2017,
OPTSTK,RAYMOND,28-Dec-2017,880,PE,0,0,0,2.9,0.05,0,0,3200,0,19-DEC-2017,
OPTSTK,RAYMOND,28-Dec-2017,900,PE,0,0,0,0.75,0.1,0,0,44000,0,19-DEC-2017,
OPTSTK,RAYMOND,28-Dec-2017,920,PE,1,1,0.75,0.75,0.75,2,14.73,13600,-800,19-DEC-2017,
OPTSTK,RAYMOND,28-Dec-2017,940,PE,2.8,2.8,1.5,1.5,1.5,4,30.14,71200,-800,19-DEC-2017,
OPTSTK,RAYMOND,28-Dec-2017,960,PE,4,4,3,3.5,3.5,18,138.74,40800,-5600,19-DEC-2017,
OPTSTK,RAYMOND,28-Dec-2017,980,PE,6.6,6.9,4,4.65,4.65,19,149.87,26400,3200,19-DEC-2017,
OPTSTK,RAYMOND,28-Dec-2017,1000,PE,12.1,14,10,10,10,31,250.88,19200,12000,19-DEC-2017,
OPTSTK,RAYMOND,28-Dec-2017,1020,PE,19.5,21.05,16.45,21.05,21.05,11,91.37,7200,7200,19-DEC-2017,
OPTSTK,RAYMOND,28-Dec-2017,1040,PE,28,30.5,28,30.5,30.5,2,17.1,0,0,19-DEC-2017,
OPTSTK,RAYMOND,28-Dec-2017,1060,PE,0,0,0,249.9,40.7,0,0,0,0,19-DEC-2017,
OPTSTK,RAYMOND,28-Dec-2017,1080,PE,0,0,0,267.35,56.25,0,0,0,0,19-DEC-2017,
OPTSTK,RAYMOND,28-Dec-2017,1100,PE,0,0,0,285.05,73.55,0,0,0,0,19-DEC-2017,
OPTSTK,RAYMOND,28-Dec-2017,1120,PE,0,0,0,303,92.05,0,0,0,0,19-DEC-2017,
OPTSTK,RAYMOND,28-Dec-2017,1140,PE,0,0,0,321.2,111.3,0,0,0,0,19-DEC-2017,
OPTSTK,RAYMOND,28-Dec-2017,1160,PE,0,0,0,339.55,130.95,0,0,0,0,19-DEC-2017,
OPTSTK,RAYMOND,28-Dec-2017,1180,PE,0,0,0,358.1,150.75,0,0,0,0,19-DEC-2017,
OPTSTK,RAYMOND,28-Dec-2017,1200,PE,0,0,0,351.05,170.7,0,0,0,0,19-DEC-2017,
OPTSTK,RAYMOND,25-Jan-2018,520,CE,0,0,0,361.9,510.9,0,0,0,0,19-DEC-2017,
OPTSTK,RAYMOND,25-Jan-2018,540,CE,0,0,0,342.3,491.05,0,0,0,0,19-DEC-2017,
OPTSTK,RAYMOND,25-Jan-2018,560,CE,0,0,0,322.7,471.15,0,0,0,0,19-DEC-2017,
OPTSTK,RAYMOND,25-Jan-2018,580,CE,0,0,0,303.25,451.3,0,0,0,0,19-DEC-2017,
OPTSTK,RAYMOND,25-Jan-2018,600,CE,0,0,0,283.9,431.4,0,0,0,0,19-DEC-2017,
OPTSTK,RAYMOND,25-Jan-2018,620,CE,0,0,0,264.75,411.55,0,0,0,0,19-DEC-2017,
OPTSTK,RAYMOND,25-Jan-2018,640,CE,0,0,0,245.85,391.7,0,0,0,0,19-DEC-2017,
OPTSTK,RAYMOND,25-Jan-2018,660,CE,0,0,0,227.25,371.8,0,0,0,0,19-DEC-2017,
OPTSTK,RAYMOND,25-Jan-2018,680,CE,0,0,0,209.1,351.95,0,0,0,0,19-DEC-2017,
OPTSTK,RAYMOND,25-Jan-2018,700,CE,0,0,0,191.45,332.1,0,0,0,0,19-DEC-2017,
OPTSTK,RAYMOND,25-Jan-2018,720,CE,0,0,0,174.4,312.2,0,0,0,0,19-DEC-2017,
OPTSTK,RAYMOND,25-Jan-2018,740,CE,0,0,0,158,292.35,0,0,0,0,19-DEC-2017,
OPTSTK,RAYMOND,25-Jan-2018,760,CE,0,0,0,142.4,272.5,0,0,0,0,19-DEC-2017,
OPTSTK,RAYMOND,25-Jan-2018,780,CE,0,0,0,127.65,252.7,0,0,0,0,19-DEC-2017,
OPTSTK,RAYMOND,25-Jan-2018,800,CE,0,0,0,113.75,233,0,0,0,0,19-DEC-2017,
OPTSTK,RAYMOND,25-Jan-2018,820,CE,0,0,0,100.85,213.35,0,0,0,0,19-DEC-2017,
OPTSTK,RAYMOND,25-Jan-2018,840,CE,0,0,0,88.9,193.95,0,0,0,0,19-DEC-2017,
OPTSTK,RAYMOND,25-Jan-2018,860,CE,0,0,0,77.95,174.85,0,0,0,0,19-DEC-2017,
OPTSTK,RAYMOND,25-Jan-2018,880,CE,0,0,0,68,156.15,0,0,0,0,19-DEC-2017,
OPTSTK,RAYMOND,25-Jan-2018,900,CE,0,0,0,59,138,0,0,0,0,19-DEC-2017,
OPTSTK,RAYMOND,25-Jan-2018,920,CE,0,0,0,50.9,120.65,0,0,0,0,19-DEC-2017,
OPTSTK,RAYMOND,25-Jan-2018,940,CE,105.75,105.75,105.75,105.75,105.75,1,8.36,800,800,19-DEC-2017,
OPTSTK,RAYMOND,25-Jan-2018,960,CE,0,0,0,37.35,88.95,0,0,0,0,19-DEC-2017,
OPTSTK,RAYMOND,25-Jan-2018,980,CE,0,0,0,31.8,74.85,0,0,0,0,19-DEC-2017,
OPTSTK,RAYMOND,25-Jan-2018,1000,CE,0,0,0,26.95,62.15,0,0,0,0,19-DEC-2017,
OPTSTK,RAYMOND,25-Jan-2018,1020,CE,0,0,0,22.75,50.9,0,0,0,0,19-DEC-2017,
OPTSTK,RAYMOND,25-Jan-2018,1040,CE,0,0,0,19.05,41.05,0,0,0,0,19-DEC-2017,
OPTSTK,RAYMOND,25-Jan-2018,1060,CE,41.3,41.3,41.3,41.3,41.3,1,8.81,800,800,19-DEC-2017,
OPTSTK,RAYMOND,25-Jan-2018,1080,CE,0,0,0,13.3,25.6,0,0,0,0,19-DEC-2017,
OPTSTK,RAYMOND,25-Jan-2018,1100,CE,0,0,0,11,19.8,0,0,0,0,19-DEC-2017,
OPTSTK,RAYMOND,25-Jan-2018,1120,CE,0,0,0,9.1,15.1,0,0,0,0,19-DEC-2017,
OPTSTK,RAYMOND,25-Jan-2018,1140,CE,0,0,0,7.5,11.35,0,0,0,0,19-DEC-2017,
OPTSTK,RAYMOND,25-Jan-2018,1160,CE,0,0,0,6.15,8.4,0,0,0,0,19-DEC-2017,
OPTSTK,RAYMOND,25-Jan-2018,1180,CE,0,0,0,5.05,6.15,0,0,0,0,19-DEC-2017,
OPTSTK,RAYMOND,25-Jan-2018,1200,CE,0,0,0,4.1,4.45,0,0,0,0,19-DEC-2017,
OPTSTK,RAYMOND,25-Jan-2018,520,PE,0,0,0,0.1,0,0,0,0,0,19-DEC-2017,
OPTSTK,RAYMOND,25-Jan-2018,540,PE,0,0,0,0.15,0,0,0,0,0,19-DEC-2017,
OPTSTK,RAYMOND,25-Jan-2018,560,PE,0,0,0,0.3,0,0,0,0,0,19-DEC-2017,
OPTSTK,RAYMOND,25-Jan-2018,580,PE,0,0,0,0.5,0,0,0,0,0,19-DEC-2017,
OPTSTK,RAYMOND,25-Jan-2018,600,PE,0,0,0,0.85,0,0,0,0,0,19-DEC-2017,
OPTSTK,RAYMOND,25-Jan-2018,620,PE,0,0,0,1.4,0,0,0,0,0,19-DEC-2017,
OPTSTK,RAYMOND,25-Jan-2018,640,PE,0,0,0,2.15,0,0,0,0,0,19-DEC-2017,
OPTSTK,RAYMOND,25-Jan-2018,660,PE,0,0,0,3.25,0,0,0,0,0,19-DEC-2017,
OPTSTK,RAYMOND,25-Jan-2018,680,PE,0,0,0,4.8,0,0,0,0,0,19-DEC-2017,
OPTSTK,RAYMOND,25-Jan-2018,700,PE,0,0,0,6.8,0,0,0,0,0,19-DEC-2017,
OPTSTK,RAYMOND,25-Jan-2018,720,PE,0,0,0,9.45,0.05,0,0,0,0,19-DEC-2017,
OPTSTK,RAYMOND,25-Jan-2018,740,PE,0,0,0,12.75,0.05,0,0,0,0,19-DEC-2017,
OPTSTK,RAYMOND,25-Jan-2018,760,PE,0,0,0,16.85,0.05,0,0,0,0,19-DEC-2017,
OPTSTK,RAYMOND,25-Jan-2018,780,PE,0,0,0,21.8,0.15,0,0,0,0,19-DEC-2017,
OPTSTK,RAYMOND,25-Jan-2018,800,PE,0,0,0,27.55,0.3,0,0,0,0,19-DEC-2017,
OPTSTK,RAYMOND,25-Jan-2018,820,PE,0,0,0,34.35,0.55,0,0,0,0,19-DEC-2017,
OPTSTK,RAYMOND,25-Jan-2018,840,PE,0,0,0,42.1,1,0,0,0,0,19-DEC-2017,
OPTSTK,RAYMOND,25-Jan-2018,860,PE,0,0,0,50.8,1.75,0,0,0,0,19-DEC-2017,
OPTSTK,RAYMOND,25-Jan-2018,880,PE,0,0,0,60.55,2.9,0,0,0,0,19-DEC-2017,
OPTSTK,RAYMOND,25-Jan-2018,900,PE,0,0,0,71.2,4.65,0,0,0,0,19-DEC-2017,
OPTSTK,RAYMOND,25-Jan-2018,920,PE,0,0,0,82.85,7.2,0,0,0,0,19-DEC-2017,
OPTSTK,RAYMOND,25-Jan-2018,940,PE,0,0,0,95.35,10.65,0,0,0,0,19-DEC-2017,
OPTSTK,RAYMOND,25-Jan-2018,960,PE,0,0,0,108.65,15.2,0,0,0,0,19-DEC-2017,
OPTSTK,RAYMOND,25-Jan-2018,980,PE,0,0,0,122.75,20.95,0,0,0,0,19-DEC-2017,
OPTSTK,RAYMOND,25-Jan-2018,1000,PE,0,0,0,50,28.15,0,0,0,0,19-DEC-2017,
OPTSTK,RAYMOND,25-Jan-2018,1020,PE,0,0,0,153.1,36.75,0,0,0,0,19-DEC-2017,
OPTSTK,RAYMOND,25-Jan-2018,1040,PE,0,0,0,169.1,46.8,0,0,0,0,19-DEC-2017,
OPTSTK,RAYMOND,25-Jan-2018,1060,PE,0,0,0,185.65,58.25,0,0,0,0,19-DEC-2017,
OPTSTK,RAYMOND,25-Jan-2018,1080,PE,0,0,0,202.7,71.05,0,0,0,0,19-DEC-2017,
OPTSTK,RAYMOND,25-Jan-2018,1100,PE,0,0,0,220.1,85.1,0,0,0,0,19-DEC-2017,
OPTSTK,RAYMOND,25-Jan-2018,1120,PE,0,0,0,237.9,100.3,0,0,0,0,19-DEC-2017,
OPTSTK,RAYMOND,25-Jan-2018,1140,PE,0,0,0,255.95,116.4,0,0,0,0,19-DEC-2017,
OPTSTK,RAYMOND,25-Jan-2018,1160,PE,0,0,0,274.3,133.35,0,0,0,0,19-DEC-2017,
OPTSTK,RAYMOND,25-Jan-2018,1180,PE,0,0,0,292.9,150.95,0,0,0,0,19-DEC-2017,
OPTSTK,RAYMOND,25-Jan-2018,1200,PE,0,0,0,311.65,169.1,0,0,0,0,19-DEC-2017,
OPTSTK,RAYMOND,22-Feb-2018,600,CE,0,0,0,374,434.35,0,0,0,0,19-DEC-2017,
OPTSTK,RAYMOND,22-Feb-2018,620,CE,0,0,0,354.35,414.6,0,0,0,0,19-DEC-2017,
OPTSTK,RAYMOND,22-Feb-2018,640,CE,0,0,0,334.75,394.85,0,0,0,0,19-DEC-2017,
OPTSTK,RAYMOND,22-Feb-2018,660,CE,0,0,0,315.25,375.05,0,0,0,0,19-DEC-2017,
OPTSTK,RAYMOND,22-Feb-2018,680,CE,0,0,0,295.8,355.3,0,0,0,0,19-DEC-2017,
OPTSTK,RAYMOND,22-Feb-2018,700,CE,0,0,0,276.55,335.6,0,0,0,0,19-DEC-2017,
OPTSTK,RAYMOND,22-Feb-2018,720,CE,0,0,0,257.45,315.9,0,0,0,0,19-DEC-2017,
OPTSTK,RAYMOND,22-Feb-2018,740,CE,0,0,0,238.7,296.3,0,0,0,0,19-DEC-2017,
OPTSTK,RAYMOND,22-Feb-2018,760,CE,0,0,0,220.25,276.75,0,0,0,0,19-DEC-2017,
OPTSTK,RAYMOND,22-Feb-2018,780,CE,0,0,0,202.25,257.4,0,0,0,0,19-DEC-2017,
OPTSTK,RAYMOND,22-Feb-2018,800,CE,0,0,0,184.8,238.25,0,0,0,0,19-DEC-2017,
OPTSTK,RAYMOND,22-Feb-2018,820,CE,0,0,0,167.95,219.4,0,0,0,0,19-DEC-2017,
OPTSTK,RAYMOND,22-Feb-2018,840,CE,0,0,0,151.85,200.9,0,0,0,0,19-DEC-2017,
OPTSTK,RAYMOND,22-Feb-2018,860,CE,0,0,0,136.5,182.85,0,0,0,0,19-DEC-2017,
OPTSTK,RAYMOND,22-Feb-2018,880,CE,0,0,0,122.05,165.45,0,0,0,0,19-DEC-2017,
OPTSTK,RAYMOND,22-Feb-2018,900,CE,0,0,0,108.4,148.7,0,0,0,0,19-DEC-2017,
OPTSTK,RAYMOND,22-Feb-2018,920,CE,0,0,0,95.8,132.75,0,0,0,0,19-DEC-2017,
OPTSTK,RAYMOND,22-Feb-2018,940,CE,0,0,0,84.2,117.7,0,0,0,0,19-DEC-2017,
OPTSTK,RAYMOND,22-Feb-2018,960,CE,0,0,0,73.55,103.5,0,0,0,0,19-DEC-2017,
OPTSTK,RAYMOND,22-Feb-2018,980,CE,0,0,0,63.9,90.4,0,0,0,0,19-DEC-2017,
OPTSTK,RAYMOND,22-Feb-2018,1000,CE,0,0,0,55.15,78.4,0,0,0,0,19-DEC-2017,
OPTSTK,RAYMOND,22-Feb-2018,1020,CE,0,0,0,47.4,67.5,0,0,0,0,19-DEC-2017,
OPTSTK,RAYMOND,22-Feb-2018,1040,CE,0,0,0,40.5,57.65,0,0,0,0,19-DEC-2017,
OPTSTK,RAYMOND,22-Feb-2018,1060,CE,0,0,0,34.4,48.9,0,0,0,0,19-DEC-2017,
OPTSTK,RAYMOND,22-Feb-2018,1080,CE,0,0,0,29.15,41.15,0,0,0,0,19-DEC-2017,
OPTSTK,RAYMOND,22-Feb-2018,1100,CE,0,0,0,24.55,34.4,0,0,0,0,19-DEC-2017,
OPTSTK,RAYMOND,22-Feb-2018,1120,CE,0,0,0,20.55,28.55,0,0,0,0,19-DEC-2017,
OPTSTK,RAYMOND,22-Feb-2018,1140,CE,0,0,0,17.1,23.55,0,0,0,0,19-DEC-2017,
OPTSTK,RAYMOND,22-Feb-2018,1160,CE,0,0,0,14.2,19.25,0,0,0,0,19-DEC-2017,
OPTSTK,RAYMOND,22-Feb-2018,1180,CE,0,0,0,11.75,15.65,0,0,0,0,19-DEC-2017,
OPTSTK,RAYMOND,22-Feb-2018,1200,CE,0,0,0,9.65,12.65,0,0,0,0,19-DEC-2017,
OPTSTK,RAYMOND,22-Feb-2018,600,PE,0,0,0,0.1,0,0,0,0,0,19-DEC-2017,
OPTSTK,RAYMOND,22-Feb-2018,620,PE,0,0,0,0.15,0,0,0,0,0,19-DEC-2017,
OPTSTK,RAYMOND,22-Feb-2018,640,PE,0,0,0,0.25,0.05,0,0,0,0,19-DEC-2017,
OPTSTK,RAYMOND,22-Feb-2018,660,PE,0,0,0,0.4,0.05,0,0,0,0,19-DEC-2017,
OPTSTK,RAYMOND,22-Feb-2018,680,PE,0,0,0,0.7,0.05,0,0,0,0,19-DEC-2017,
OPTSTK,RAYMOND,22-Feb-2018,700,PE,0,0,0,1.15,0.1,0,0,0,0,19-DEC-2017,
OPTSTK,RAYMOND,22-Feb-2018,720,PE,0,0,0,1.75,0.2,0,0,0,0,19-DEC-2017,
OPTSTK,RAYMOND,22-Feb-2018,740,PE,0,0,0,2.7,0.35,0,0,0,0,19-DEC-2017,
OPTSTK,RAYMOND,22-Feb-2018,760,PE,0,0,0,3.95,0.6,0,0,0,0,19-DEC-2017,
OPTSTK,RAYMOND,22-Feb-2018,780,PE,0,0,0,5.7,1,0,0,0,0,19-DEC-2017,
OPTSTK,RAYMOND,22-Feb-2018,800,PE,0,0,0,7.95,1.65,0,0,0,0,19-DEC-2017,
OPTSTK,RAYMOND,22-Feb-2018,820,PE,0,0,0,10.8,2.55,0,0,0,0,19-DEC-2017,
OPTSTK,RAYMOND,22-Feb-2018,840,PE,0,0,0,14.4,3.8,0,0,0,0,19-DEC-2017,
OPTSTK,RAYMOND,22-Feb-2018,860,PE,0,0,0,18.75,5.55,0,0,0,0,19-DEC-2017,
OPTSTK,RAYMOND,22-Feb-2018,880,PE,0,0,0,24,7.9,0,0,0,0,19-DEC-2017,
OPTSTK,RAYMOND,22-Feb-2018,900,PE,0,0,0,30.1,10.95,0,0,0,0,19-DEC-2017,
OPTSTK,RAYMOND,22-Feb-2018,920,PE,0,0,0,37.2,14.75,0,0,0,0,19-DEC-2017,
OPTSTK,RAYMOND,22-Feb-2018,940,PE,0,0,0,45.3,19.45,0,0,0,0,19-DEC-2017,
OPTSTK,RAYMOND,22-Feb-2018,960,PE,0,0,0,54.35,25.05,0,0,0,0,19-DEC-2017,
OPTSTK,RAYMOND,22-Feb-2018,980,PE,0,0,0,64.4,31.75,0,0,0,0,19-DEC-2017,
OPTSTK,RAYMOND,22-Feb-2018,1000,PE,0,0,0,75.4,39.5,0,0,0,0,19-DEC-2017,
OPTSTK,RAYMOND,22-Feb-2018,1020,PE,0,0,0,87.35,48.35,0,0,0,0,19-DEC-2017,
OPTSTK,RAYMOND,22-Feb-2018,1040,PE,0,0,0,100.15,58.3,0,0,0,0,19-DEC-2017,
OPTSTK,RAYMOND,22-Feb-2018,1060,PE,0,0,0,113.75,69.3,0,0,0,0,19-DEC-2017,
OPTSTK,RAYMOND,22-Feb-2018,1080,PE,0,0,0,128.2,81.35,0,0,0,0,19-DEC-2017,
OPTSTK,RAYMOND,22-Feb-2018,1100,PE,0,0,0,143.3,94.35,0,0,0,0,19-DEC-2017,
OPTSTK,RAYMOND,22-Feb-2018,1120,PE,0,0,0,159,108.25,0,0,0,0,19-DEC-2017,
OPTSTK,RAYMOND,22-Feb-2018,1140,PE,0,0,0,175.3,123.05,0,0,0,0,19-DEC-2017,
OPTSTK,RAYMOND,22-Feb-2018,1160,PE,0,0,0,192.1,138.55,0,0,0,0,19-DEC-2017,
OPTSTK,RAYMOND,22-Feb-2018,1180,PE,0,0,0,209.35,154.7,0,0,0,0,19-DEC-2017,
OPTSTK,RAYMOND,22-Feb-2018,1200,PE,0,0,0,226.95,171.45,0,0,0,0,19-DEC-2017,
OPTSTK,RBLBANK,28-Dec-2017,380,CE,0,0,0,129.7,138.05,0,0,0,0,19-DEC-2017,
OPTSTK,RBLBANK,28-Dec-2017,390,CE,0,0,0,120.1,128.1,0,0,0,0,19-DEC-2017,
OPTSTK,RBLBANK,28-Dec-2017,400,CE,0,0,0,110.6,118.1,0,0,0,0,19-DEC-2017,
OPTSTK,RBLBANK,28-Dec-2017,410,CE,0,0,0,101.3,108.1,0,0,0,0,19-DEC-2017,
OPTSTK,RBLBANK,28-Dec-2017,420,CE,0,0,0,92.15,98.1,0,0,0,0,19-DEC-2017,
OPTSTK,RBLBANK,28-Dec-2017,430,CE,0,0,0,83.3,88.15,0,0,0,0,19-DEC-2017,
OPTSTK,RBLBANK,28-Dec-2017,440,CE,0,0,0,74.8,78.15,0,0,0,0,19-DEC-2017,
OPTSTK,RBLBANK,28-Dec-2017,450,CE,0,0,0,66.65,68.15,0,0,0,0,19-DEC-2017,
OPTSTK,RBLBANK,28-Dec-2017,460,CE,0,0,0,58.95,58.2,0,0,0,0,19-DEC-2017,
OPTSTK,RBLBANK,28-Dec-2017,470,CE,0,0,0,51.75,48.2,0,0,0,0,19-DEC-2017,
OPTSTK,RBLBANK,28-Dec-2017,480,CE,0,0,0,45.05,38.2,0,0,0,0,19-DEC-2017,
OPTSTK,RBLBANK,28-Dec-2017,490,CE,0,0,0,38.9,28.3,0,0,0,0,19-DEC-2017,
OPTSTK,RBLBANK,28-Dec-2017,500,CE,0,0,0,15.5,18.75,0,0,6000,0,19-DEC-2017,
OPTSTK,RBLBANK,28-Dec-2017,510,CE,8.5,14.2,8.35,13.4,13.4,47,245.36,43000,4000,19-DEC-2017,
OPTSTK,RBLBANK,28-Dec-2017,520,CE,4.6,8.7,4.45,7.9,7.9,190,1001.78,150000,20000,19-DEC-2017,
OPTSTK,RBLBANK,28-Dec-2017,530,CE,2.5,4.5,2.2,4.1,4.1,77,411,81000,16000,19-DEC-2017,
OPTSTK,RBLBANK,28-Dec-2017,540,CE,1.1,2.1,1,1.85,1.85,47,254.62,149000,2000,19-DEC-2017,
OPTSTK,RBLBANK,28-Dec-2017,550,CE,0.5,1.2,0.5,1.15,1.15,27,148.77,154000,-6000,19-DEC-2017,
OPTSTK,RBLBANK,28-Dec-2017,560,CE,0.7,0.7,0.5,0.5,0.5,2,11.21,50000,0,19-DEC-2017,
OPTSTK,RBLBANK,28-Dec-2017,570,CE,0.25,0.25,0.25,0.25,0.25,1,5.7,13000,0,19-DEC-2017,
OPTSTK,RBLBANK,28-Dec-2017,580,CE,0.25,0.25,0.25,0.25,0.25,3,17.4,16000,-3000,19-DEC-2017,
OPTSTK,RBLBANK,28-Dec-2017,590,CE,0,0,0,5.8,0,0,0,0,0,19-DEC-2017,
OPTSTK,RBLBANK,28-Dec-2017,600,CE,0,0,0,4.6,0,0,0,0,0,19-DEC-2017,
OPTSTK,RBLBANK,28-Dec-2017,610,CE,0,0,0,3.6,0,0,0,0,0,19-DEC-2017,
OPTSTK,RBLBANK,28-Dec-2017,620,CE,0,0,0,2.85,0,0,0,0,0,19-DEC-2017,
OPTSTK,RBLBANK,28-Dec-2017,630,CE,0,0,0,2.2,0,0,0,0,0,19-DEC-2017,
OPTSTK,RBLBANK,28-Dec-2017,640,CE,0,0,0,1.7,0,0,0,0,0,19-DEC-2017,
OPTSTK,RBLBANK,28-Dec-2017,650,CE,0,0,0,1.3,0,0,0,0,0,19-DEC-2017,
OPTSTK,RBLBANK,28-Dec-2017,660,CE,0,0,0,1,0,0,0,0,0,19-DEC-2017,
OPTSTK,RBLBANK,28-Dec-2017,670,CE,0,0,0,0.75,0,0,0,0,0,19-DEC-2017,
OPTSTK,RBLBANK,28-Dec-2017,680,CE,0,0,0,0.6,0,0,0,0,0,19-DEC-2017,
OPTSTK,RBLBANK,28-Dec-2017,380,PE,0,0,0,0.35,0,0,0,0,0,19-DEC-2017,
OPTSTK,RBLBANK,28-Dec-2017,390,PE,0,0,0,0.6,0,0,0,0,0,19-DEC-2017,
OPTSTK,RBLBANK,28-Dec-2017,400,PE,0,0,0,0.95,0,0,0,0,0,19-DEC-2017,
OPTSTK,RBLBANK,28-Dec-2017,410,PE,0,0,0,1.45,0,0,0,0,0,19-DEC-2017,
OPTSTK,RBLBANK,28-Dec-2017,420,PE,0,0,0,2.2,0,0,0,0,0,19-DEC-2017,
OPTSTK,RBLBANK,28-Dec-2017,430,PE,0,0,0,3.2,0,0,0,0,0,19-DEC-2017,
OPTSTK,RBLBANK,28-Dec-2017,440,PE,0,0,0,4.5,0,0,0,0,0,19-DEC-2017,
OPTSTK,RBLBANK,28-Dec-2017,450,PE,0,0,0,6.2,0,0,0,0,0,19-DEC-2017,
OPTSTK,RBLBANK,28-Dec-2017,460,PE,0,0,0,8.35,0,0,0,0,0,19-DEC-2017,
OPTSTK,RBLBANK,28-Dec-2017,470,PE,0,0,0,11,0,0,0,0,0,19-DEC-2017,
OPTSTK,RBLBANK,28-Dec-2017,480,PE,0.7,0.7,0.45,0.45,0.45,3,14.41,28000,-1000,19-DEC-2017,
OPTSTK,RBLBANK,28-Dec-2017,490,PE,1,1,0.8,0.8,0.8,6,29.45,7000,-5000,19-DEC-2017,
OPTSTK,RBLBANK,28-Dec-2017,500,PE,3.95,3.95,2,2.1,2.1,16,80.37,160000,-2000,19-DEC-2017,
OPTSTK,RBLBANK,28-Dec-2017,510,PE,7,7,3.95,4.55,4.55,32,164.77,37000,5000,19-DEC-2017,
OPTSTK,RBLBANK,28-Dec-2017,520,PE,12.5,12.5,8.2,8.2,8.2,5,26.48,35000,0,19-DEC-2017,
OPTSTK,RBLBANK,28-Dec-2017,530,PE,14.5,14.5,14.5,14.5,14.5,1,5.44,5000,1000,19-DEC-2017,
OPTSTK,RBLBANK,28-Dec-2017,540,PE,30.5,30.5,21,21.25,21.25,10,56.65,32000,-8000,19-DEC-2017,
OPTSTK,RBLBANK,28-Dec-2017,550,PE,0,0,0,47.7,31.75,0,0,4000,0,19-DEC-2017,
OPTSTK,RBLBANK,28-Dec-2017,560,PE,0,0,0,41,41.7,0,0,1000,0,19-DEC-2017,
OPTSTK,RBLBANK,28-Dec-2017,570,PE,0,0,0,66.7,51.7,0,0,0,0,19-DEC-2017,
OPTSTK,RBLBANK,28-Dec-2017,580,PE,0,0,0,74.8,61.65,0,0,0,0,19-DEC-2017,
OPTSTK,RBLBANK,28-Dec-2017,590,PE,0,0,0,83.15,71.65,0,0,0,0,19-DEC-2017,
OPTSTK,RBLBANK,28-Dec-2017,600,PE,0,0,0,91.8,81.65,0,0,0,0,19-DEC-2017,
OPTSTK,RBLBANK,28-Dec-2017,610,PE,0,0,0,100.7,91.6,0,0,0,0,19-DEC-2017,
OPTSTK,RBLBANK,28-Dec-2017,620,PE,0,0,0,109.75,101.6,0,0,0,0,19-DEC-2017,
OPTSTK,RBLBANK,28-Dec-2017,630,PE,0,0,0,118.95,111.6,0,0,0,0,19-DEC-2017,
OPTSTK,RBLBANK,28-Dec-2017,640,PE,0,0,0,128.3,121.6,0,0,0,0,19-DEC-2017,
OPTSTK,RBLBANK,28-Dec-2017,650,PE,0,0,0,137.75,131.55,0,0,0,0,19-DEC-2017,
OPTSTK,RBLBANK,28-Dec-2017,660,PE,0,0,0,147.3,141.55,0,0,0,0,19-DEC-2017,
OPTSTK,RBLBANK,28-Dec-2017,670,PE,0,0,0,156.9,151.55,0,0,0,0,19-DEC-2017,
OPTSTK,RBLBANK,28-Dec-2017,680,PE,0,0,0,166.55,161.5,0,0,0,0,19-DEC-2017,
OPTSTK,RBLBANK,25-Jan-2018,380,CE,0,0,0,156.55,139.95,0,0,0,0,19-DEC-2017,
OPTSTK,RBLBANK,25-Jan-2018,390,CE,0,0,0,146.75,130,0,0,0,0,19-DEC-2017,
OPTSTK,RBLBANK,25-Jan-2018,400,CE,0,0,0,136.95,120.05,0,0,0,0,19-DEC-2017,
OPTSTK,RBLBANK,25-Jan-2018,410,CE,0,0,0,127.15,110.15,0,0,0,0,19-DEC-2017,
OPTSTK,RBLBANK,25-Jan-2018,420,CE,0,0,0,117.45,100.2,0,0,0,0,19-DEC-2017,
OPTSTK,RBLBANK,25-Jan-2018,430,CE,0,0,0,107.85,90.25,0,0,0,0,19-DEC-2017,
OPTSTK,RBLBANK,25-Jan-2018,440,CE,0,0,0,98.35,80.35,0,0,0,0,19-DEC-2017,
OPTSTK,RBLBANK,25-Jan-2018,450,CE,0,0,0,89.05,70.4,0,0,0,0,19-DEC-2017,
OPTSTK,RBLBANK,25-Jan-2018,460,CE,0,0,0,80,60.55,0,0,0,0,19-DEC-2017,
OPTSTK,RBLBANK,25-Jan-2018,470,CE,0,0,0,71.3,50.75,0,0,0,0,19-DEC-2017,
OPTSTK,RBLBANK,25-Jan-2018,480,CE,0,0,0,62.9,41.25,0,0,0,0,19-DEC-2017,
OPTSTK,RBLBANK,25-Jan-2018,490,CE,0,0,0,55,32.2,0,0,0,0,19-DEC-2017,
OPTSTK,RBLBANK,25-Jan-2018,500,CE,0,0,0,47.65,23.95,0,0,0,0,19-DEC-2017,
OPTSTK,RBLBANK,25-Jan-2018,510,CE,0,0,0,40.8,16.85,0,0,0,0,19-DEC-2017,
OPTSTK,RBLBANK,25-Jan-2018,520,CE,0,0,0,34.6,11.15,0,0,0,0,19-DEC-2017,
OPTSTK,RBLBANK,25-Jan-2018,530,CE,0,0,0,29,6.9,0,0,0,0,19-DEC-2017,
OPTSTK,RBLBANK,25-Jan-2018,540,CE,4.1,4.1,4.1,4.1,4.1,1,5.44,1000,1000,19-DEC-2017,
OPTSTK,RBLBANK,25-Jan-2018,550,CE,3.45,5.25,3.45,5,5,4,22.17,4000,4000,19-DEC-2017,
OPTSTK,RBLBANK,25-Jan-2018,560,CE,3.15,3.95,3.15,3.95,3.95,2,11.27,2000,2000,19-DEC-2017,
OPTSTK,RBLBANK,25-Jan-2018,570,CE,0,0,0,12.85,0.5,0,0,0,0,19-DEC-2017,
OPTSTK,RBLBANK,25-Jan-2018,580,CE,0,0,0,10.2,0.2,0,0,0,0,19-DEC-2017,
OPTSTK,RBLBANK,25-Jan-2018,590,CE,0,0,0,8,0.1,0,0,0,0,19-DEC-2017,
OPTSTK,RBLBANK,25-Jan-2018,600,CE,0,0,0,6.25,0.05,0,0,0,0,19-DEC-2017,
OPTSTK,RBLBANK,25-Jan-2018,610,CE,0,0,0,4.8,0.05,0,0,0,0,19-DEC-2017,
OPTSTK,RBLBANK,25-Jan-2018,620,CE,0,0,0,3.65,0,0,0,0,0,19-DEC-2017,
OPTSTK,RBLBANK,25-Jan-2018,630,CE,0,0,0,2.75,0,0,0,0,0,19-DEC-2017,
OPTSTK,RBLBANK,25-Jan-2018,640,CE,0,0,0,2.05,0,0,0,0,0,19-DEC-2017,
OPTSTK,RBLBANK,25-Jan-2018,650,CE,0,0,0,1.55,0,0,0,0,0,19-DEC-2017,
OPTSTK,RBLBANK,25-Jan-2018,660,CE,0,0,0,1.15,0,0,0,0,0,19-DEC-2017,
OPTSTK,RBLBANK,25-Jan-2018,670,CE,0,0,0,0.8,0,0,0,0,0,19-DEC-2017,
OPTSTK,RBLBANK,25-Jan-2018,680,CE,0,0,0,0.6,0,0,0,0,0,19-DEC-2017,
OPTSTK,RBLBANK,25-Jan-2018,380,PE,0,0,0,0.05,0,0,0,0,0,19-DEC-2017,
OPTSTK,RBLBANK,25-Jan-2018,390,PE,0,0,0,0.05,0,0,0,0,0,19-DEC-2017,
OPTSTK,RBLBANK,25-Jan-2018,400,PE,0,0,0,0.1,0,0,0,0,0,19-DEC-2017,
OPTSTK,RBLBANK,25-Jan-2018,410,PE,0,0,0,0.2,0,0,0,0,0,19-DEC-2017,
OPTSTK,RBLBANK,25-Jan-2018,420,PE,0,0,0,0.3,0,0,0,0,0,19-DEC-2017,
OPTSTK,RBLBANK,25-Jan-2018,430,PE,0,0,0,0.55,0,0,0,0,0,19-DEC-2017,
OPTSTK,RBLBANK,25-Jan-2018,440,PE,0,0,0,0.9,0,0,0,0,0,19-DEC-2017,
OPTSTK,RBLBANK,25-Jan-2018,450,PE,0,0,0,1.45,0.05,0,0,0,0,19-DEC-2017,
OPTSTK,RBLBANK,25-Jan-2018,460,PE,0,0,0,2.25,0.1,0,0,0,0,19-DEC-2017,
OPTSTK,RBLBANK,25-Jan-2018,470,PE,0,0,0,3.35,0.25,0,0,0,0,19-DEC-2017,
OPTSTK,RBLBANK,25-Jan-2018,480,PE,0,0,0,7.15,0.65,0,0,0,0,19-DEC-2017,
OPTSTK,RBLBANK,25-Jan-2018,490,PE,0,0,0,6.8,1.55,0,0,0,0,19-DEC-2017,
OPTSTK,RBLBANK,25-Jan-2018,500,PE,9.6,9.6,9.6,9.6,9.6,1,5.09,2000,1000,19-DEC-2017,
OPTSTK,RBLBANK,25-Jan-2018,510,PE,0,0,0,12.25,6.1,0,0,0,0,19-DEC-2017,
OPTSTK,RBLBANK,25-Jan-2018,520,PE,0,0,0,20,10.3,0,0,2000,0,19-DEC-2017,
OPTSTK,RBLBANK,25-Jan-2018,530,PE,0,0,0,20.15,16,0,0,0,0,19-DEC-2017,
OPTSTK,RBLBANK,25-Jan-2018,540,PE,26.6,26.6,26.6,26.6,26.6,2,11.33,2000,2000,19-DEC-2017,
OPTSTK,RBLBANK,25-Jan-2018,550,PE,0,0,0,30.55,31.1,0,0,0,0,19-DEC-2017,
OPTSTK,RBLBANK,25-Jan-2018,560,PE,0,0,0,36.65,39.95,0,0,0,0,19-DEC-2017,
OPTSTK,RBLBANK,25-Jan-2018,570,PE,0,0,0,43.35,49.35,0,0,0,0,19-DEC-2017,
OPTSTK,RBLBANK,25-Jan-2018,580,PE,0,0,0,50.55,59,0,0,0,0,19-DEC-2017,
OPTSTK,RBLBANK,25-Jan-2018,590,PE,0,0,0,58.2,68.8,0,0,0,0,19-DEC-2017,
OPTSTK,RBLBANK,25-Jan-2018,600,PE,0,0,0,66.25,78.7,0,0,0,0,19-DEC-2017,
OPTSTK,RBLBANK,25-Jan-2018,610,PE,0,0,0,74.7,88.6,0,0,0,0,19-DEC-2017,
OPTSTK,RBLBANK,25-Jan-2018,620,PE,0,0,0,83.4,98.55,0,0,0,0,19-DEC-2017,
OPTSTK,RBLBANK,25-Jan-2018,630,PE,0,0,0,92.35,108.45,0,0,0,0,19-DEC-2017,
OPTSTK,RBLBANK,25-Jan-2018,640,PE,0,0,0,101.5,118.4,0,0,0,0,19-DEC-2017,
OPTSTK,RBLBANK,25-Jan-2018,650,PE,0,0,0,110.8,128.35,0,0,0,0,19-DEC-2017,
OPTSTK,RBLBANK,25-Jan-2018,660,PE,0,0,0,120.25,138.3,0,0,0,0,19-DEC-2017,
OPTSTK,RBLBANK,25-Jan-2018,670,PE,0,0,0,129.75,148.2,0,0,0,0,19-DEC-2017,
OPTSTK,RBLBANK,25-Jan-2018,680,PE,0,0,0,139.4,158.15,0,0,0,0,19-DEC-2017,
OPTSTK,RBLBANK,22-Feb-2018,380,CE,0,0,0,142.3,141.8,0,0,0,0,19-DEC-2017,
OPTSTK,RBLBANK,22-Feb-2018,390,CE,0,0,0,132.45,131.9,0,0,0,0,19-DEC-2017,
OPTSTK,RBLBANK,22-Feb-2018,400,CE,0,0,0,122.6,122.05,0,0,0,0,19-DEC-2017,
OPTSTK,RBLBANK,22-Feb-2018,410,CE,0,0,0,112.75,112.15,0,0,0,0,19-DEC-2017,
OPTSTK,RBLBANK,22-Feb-2018,420,CE,0,0,0,102.9,102.25,0,0,0,0,19-DEC-2017,
OPTSTK,RBLBANK,22-Feb-2018,430,CE,0,0,0,93.1,92.4,0,0,0,0,19-DEC-2017,
OPTSTK,RBLBANK,22-Feb-2018,440,CE,0,0,0,83.3,82.55,0,0,0,0,19-DEC-2017,
OPTSTK,RBLBANK,22-Feb-2018,450,CE,0,0,0,73.6,72.75,0,0,0,0,19-DEC-2017,
OPTSTK,RBLBANK,22-Feb-2018,460,CE,0,0,0,64.1,63.1,0,0,0,0,19-DEC-2017,
OPTSTK,RBLBANK,22-Feb-2018,470,CE,0,0,0,54.8,53.7,0,0,0,0,19-DEC-2017,
OPTSTK,RBLBANK,22-Feb-2018,480,CE,0,0,0,45.95,44.65,0,0,0,0,19-DEC-2017,
OPTSTK,RBLBANK,22-Feb-2018,490,CE,0,0,0,37.65,36.15,0,0,0,0,19-DEC-2017,
OPTSTK,RBLBANK,22-Feb-2018,500,CE,0,0,0,30.15,28.45,0,0,0,0,19-DEC-2017,
OPTSTK,RBLBANK,22-Feb-2018,510,CE,0,0,0,23.45,21.65,0,0,0,0,19-DEC-2017,
OPTSTK,RBLBANK,22-Feb-2018,520,CE,0,0,0,17.7,15.95,0,0,0,0,19-DEC-2017,
OPTSTK,RBLBANK,22-Feb-2018,530,CE,0,0,0,13,11.3,0,0,0,0,19-DEC-2017,
OPTSTK,RBLBANK,22-Feb-2018,540,CE,0,0,0,9.25,7.7,0,0,0,0,19-DEC-2017,
OPTSTK,RBLBANK,22-Feb-2018,550,CE,0,0,0,6.4,5.05,0,0,0,0,19-DEC-2017,
OPTSTK,RBLBANK,22-Feb-2018,560,CE,0,0,0,4.25,3.2,0,0,0,0,19-DEC-2017,
OPTSTK,RBLBANK,22-Feb-2018,570,CE,0,0,0,2.75,1.95,0,0,0,0,19-DEC-2017,
OPTSTK,RBLBANK,22-Feb-2018,580,CE,0,0,0,1.75,1.15,0,0,0,0,19-DEC-2017,
OPTSTK,RBLBANK,22-Feb-2018,590,CE,0,0,0,1.05,0.65,0,0,0,0,19-DEC-2017,
OPTSTK,RBLBANK,22-Feb-2018,600,CE,0,0,0,0.65,0.35,0,0,0,0,19-DEC-2017,
OPTSTK,RBLBANK,22-Feb-2018,610,CE,0,0,0,0.35,0.2,0,0,0,0,19-DEC-2017,
OPTSTK,RBLBANK,22-Feb-2018,620,CE,0,0,0,0.2,0.1,0,0,0,0,19-DEC-2017,
OPTSTK,RBLBANK,22-Feb-2018,630,CE,0,0,0,0.1,0.05,0,0,0,0,19-DEC-2017,
OPTSTK,RBLBANK,22-Feb-2018,640,CE,0,0,0,0.05,0.05,0,0,0,0,19-DEC-2017,
OPTSTK,RBLBANK,22-Feb-2018,650,CE,0,0,0,0.05,0.05,0,0,0,0,19-DEC-2017,
OPTSTK,RBLBANK,22-Feb-2018,660,CE,0,0,0,0.05,0,0,0,0,0,19-DEC-2017,
OPTSTK,RBLBANK,22-Feb-2018,670,CE,0,0,0,0.05,0,0,0,0,0,19-DEC-2017,
OPTSTK,RBLBANK,22-Feb-2018,680,CE,0,0,0,0.05,0,0,0,0,0,19-DEC-2017,
OPTSTK,RBLBANK,22-Feb-2018,380,PE,0,0,0,0.05,0,0,0,0,0,19-DEC-2017,
OPTSTK,RBLBANK,22-Feb-2018,390,PE,0,0,0,0.05,0,0,0,0,0,19-DEC-2017,
OPTSTK,RBLBANK,22-Feb-2018,400,PE,0,0,0,0.05,0,0,0,0,0,19-DEC-2017,
OPTSTK,RBLBANK,22-Feb-2018,410,PE,0,0,0,0.05,0,0,0,0,0,19-DEC-2017,
OPTSTK,RBLBANK,22-Feb-2018,420,PE,0,0,0,0.05,0.05,0,0,0,0,19-DEC-2017,
OPTSTK,RBLBANK,22-Feb-2018,430,PE,0,0,0,0.05,0.05,0,0,0,0,19-DEC-2017,
OPTSTK,RBLBANK,22-Feb-2018,440,PE,0,0,0,0.15,0.1,0,0,0,0,19-DEC-2017,
OPTSTK,RBLBANK,22-Feb-2018,450,PE,0,0,0,0.3,0.2,0,0,0,0,19-DEC-2017,
OPTSTK,RBLBANK,22-Feb-2018,460,PE,0,0,0,0.6,0.4,0,0,0,0,19-DEC-2017,
OPTSTK,RBLBANK,22-Feb-2018,470,PE,0,0,0,1.2,0.9,0,0,0,0,19-DEC-2017,
OPTSTK,RBLBANK,22-Feb-2018,480,PE,0,0,0,2.2,1.7,0,0,0,0,19-DEC-2017,
OPTSTK,RBLBANK,22-Feb-2018,490,PE,0,0,0,3.8,3.15,0,0,0,0,19-DEC-2017,
OPTSTK,RBLBANK,22-Feb-2018,500,PE,0,0,0,6.1,5.3,0,0,0,0,19-DEC-2017,
OPTSTK,RBLBANK,22-Feb-2018,510,PE,0,0,0,9.25,8.4,0,0,0,0,19-DEC-2017,
OPTSTK,RBLBANK,22-Feb-2018,520,PE,0,0,0,13.4,12.55,0,0,0,0,19-DEC-2017,
OPTSTK,RBLBANK,22-Feb-2018,530,PE,0,0,0,18.5,17.8,0,0,0,0,19-DEC-2017,
OPTSTK,RBLBANK,22-Feb-2018,540,PE,0,0,0,24.6,24.1,0,0,0,0,19-DEC-2017,
OPTSTK,RBLBANK,22-Feb-2018,550,PE,0,0,0,31.6,31.35,0,0,0,0,19-DEC-2017,
OPTSTK,RBLBANK,22-Feb-2018,560,PE,0,0,0,39.35,39.35,0,0,0,0,19-DEC-2017,
OPTSTK,RBLBANK,22-Feb-2018,570,PE,0,0,0,47.7,48,0,0,0,0,19-DEC-2017,
OPTSTK,RBLBANK,22-Feb-2018,580,PE,0,0,0,56.55,57.1,0,0,0,0,19-DEC-2017,
OPTSTK,RBLBANK,22-Feb-2018,590,PE,0,0,0,65.7,66.45,0,0,0,0,19-DEC-2017,
OPTSTK,RBLBANK,22-Feb-2018,600,PE,0,0,0,75.15,76.05,0,0,0,0,19-DEC-2017,
OPTSTK,RBLBANK,22-Feb-2018,610,PE,0,0,0,84.75,85.8,0,0,0,0,19-DEC-2017,
OPTSTK,RBLBANK,22-Feb-2018,620,PE,0,0,0,94.4,95.6,0,0,0,0,19-DEC-2017,
OPTSTK,RBLBANK,22-Feb-2018,630,PE,0,0,0,104.2,105.45,0,0,0,0,19-DEC-2017,
OPTSTK,RBLBANK,22-Feb-2018,640,PE,0,0,0,114,115.3,0,0,0,0,19-DEC-2017,
OPTSTK,RBLBANK,22-Feb-2018,650,PE,0,0,0,123.8,125.15,0,0,0,0,19-DEC-2017,
OPTSTK,RBLBANK,22-Feb-2018,660,PE,0,0,0,133.65,135.05,0,0,0,0,19-DEC-2017,
OPTSTK,RBLBANK,22-Feb-2018,670,PE,0,0,0,143.5,144.95,0,0,0,0,19-DEC-2017,
OPTSTK,RBLBANK,22-Feb-2018,680,PE,0,0,0,153.35,154.8,0,0,0,0,19-DEC-2017,
OPTSTK,RCOM,28-Dec-2017,2.5,CE,0,0,0,17.45,10.25,0,0,0,0,19-DEC-2017,
OPTSTK,RCOM,28-Dec-2017,5,CE,0,0,0,15,7.8,0,0,0,0,19-DEC-2017,
OPTSTK,RCOM,28-Dec-2017,7.5,CE,0,0,0,4.25,5.3,0,0,14000,0,19-DEC-2017,
OPTSTK,RCOM,28-Dec-2017,10,CE,2.4,3.2,2.25,3,3,23,40.5,5306000,-252000,19-DEC-2017,
OPTSTK,RCOM,28-Dec-2017,12.5,CE,0.4,0.9,0.35,0.8,0.8,1427,2616.41,12768000,-1092000,19-DEC-2017,
OPTSTK,RCOM,28-Dec-2017,15,CE,0.1,0.25,0.05,0.2,0.2,1091,2314.25,10248000,-196000,19-DEC-2017,
OPTSTK,RCOM,28-Dec-2017,17.5,CE,0.05,0.1,0.05,0.1,0.1,92,226.07,3696000,658000,19-DEC-2017,
OPTSTK,RCOM,28-Dec-2017,20,CE,0.05,0.05,0.05,0.05,0.05,2,5.61,5586000,28000,19-DEC-2017,
OPTSTK,RCOM,28-Dec-2017,22.5,CE,0,0,0,0.1,0,0,0,84000,0,19-DEC-2017,
OPTSTK,RCOM,28-Dec-2017,25,CE,0,0,0,0.05,0,0,0,140000,0,19-DEC-2017,
OPTSTK,RCOM,28-Dec-2017,27.5,CE,0,0,0,0.05,0,0,0,70000,0,19-DEC-2017,
OPTSTK,RCOM,28-Dec-2017,30,CE,0,0,0,0.05,0,0,0,42000,0,19-DEC-2017,
OPTSTK,RCOM,28-Dec-2017,32.5,CE,0,0,0,0.25,0,0,0,0,0,19-DEC-2017,
OPTSTK,RCOM,28-Dec-2017,35,CE,0,0,0,0.15,0,0,0,0,0,19-DEC-2017,
OPTSTK,RCOM,28-Dec-2017,37.5,CE,0,0,0,0.1,0,0,0,0,0,19-DEC-2017,
OPTSTK,RCOM,28-Dec-2017,40,CE,0,0,0,0.05,0,0,0,0,0,19-DEC-2017,
OPTSTK,RCOM,28-Dec-2017,42.5,CE,0,0,0,0.05,0,0,0,0,0,19-DEC-2017,
OPTSTK,RCOM,28-Dec-2017,45,CE,0,0,0,0.05,0,0,0,0,0,19-DEC-2017,
OPTSTK,RCOM,28-Dec-2017,2.5,PE,0,0,0,0.05,0,0,0,140000,0,19-DEC-2017,
OPTSTK,RCOM,28-Dec-2017,5,PE,0.05,0.05,0.05,0.05,0.05,1,0.7,2226000,0,19-DEC-2017,
OPTSTK,RCOM,28-Dec-2017,7.5,PE,0,0,0,0.05,0,0,0,3458000,0,19-DEC-2017,
OPTSTK,RCOM,28-Dec-2017,10,PE,0.2,0.2,0.05,0.1,0.1,508,719.85,7070000,-1120000,19-DEC-2017,
OPTSTK,RCOM,28-Dec-2017,12.5,PE,0.8,0.8,0.35,0.4,0.4,217,394.23,3836000,-14000,19-DEC-2017,
OPTSTK,RCOM,28-Dec-2017,15,PE,2.6,2.6,2.05,2.1,2.1,5,12.03,434000,70000,19-DEC-2017,
OPTSTK,RCOM,28-Dec-2017,17.5,PE,5,5,4.8,4.8,4.8,2,6.27,294000,-28000,19-DEC-2017,
OPTSTK,RCOM,28-Dec-2017,20,PE,0,0,0,7.3,7.25,0,0,14000,0,19-DEC-2017,
OPTSTK,RCOM,28-Dec-2017,22.5,PE,0,0,0,10.1,9.75,0,0,84000,0,19-DEC-2017,
OPTSTK,RCOM,28-Dec-2017,25,PE,0,0,0,12.55,12.25,0,0,56000,0,19-DEC-2017,
OPTSTK,RCOM,28-Dec-2017,27.5,PE,0,0,0,7.85,14.75,0,0,0,0,19-DEC-2017,
OPTSTK,RCOM,28-Dec-2017,30,PE,0,0,0,17.4,17.2,0,0,252000,0,19-DEC-2017,
OPTSTK,RCOM,28-Dec-2017,32.5,PE,0,0,0,12.35,19.7,0,0,0,0,19-DEC-2017,
OPTSTK,RCOM,28-Dec-2017,35,PE,0,0,0,22.1,22.2,0,0,14000,0,19-DEC-2017,
OPTSTK,RCOM,28-Dec-2017,37.5,PE,0,0,0,24.5,24.7,0,0,14000,0,19-DEC-2017,
OPTSTK,RCOM,28-Dec-2017,40,PE,0,0,0,27,27.2,0,0,56000,0,19-DEC-2017,
OPTSTK,RCOM,28-Dec-2017,42.5,PE,0,0,0,22,29.7,0,0,0,0,19-DEC-2017,
OPTSTK,RCOM,28-Dec-2017,45,PE,0,0,0,31.95,32.2,0,0,252000,0,19-DEC-2017,
OPTSTK,RCOM,25-Jan-2018,2.5,CE,0,0,0,13.35,10.3,0,0,0,0,19-DEC-2017,
OPTSTK,RCOM,25-Jan-2018,5,CE,0,0,0,10.9,7.8,0,0,0,0,19-DEC-2017,
OPTSTK,RCOM,25-Jan-2018,7.5,CE,0,0,0,4.5,5.35,0,0,28000,0,19-DEC-2017,
OPTSTK,RCOM,25-Jan-2018,10,CE,0,0,0,6.15,3.2,0,0,0,0,19-DEC-2017,
OPTSTK,RCOM,25-Jan-2018,12.5,CE,1.4,1.5,1.2,1.45,1.45,16,61.68,504000,364000,19-DEC-2017,
OPTSTK,RCOM,25-Jan-2018,15,CE,0.4,0.7,0.4,0.65,0.65,31,135.25,756000,532000,19-DEC-2017,
OPTSTK,RCOM,25-Jan-2018,17.5,CE,0.2,0.3,0.15,0.3,0.3,16,79.47,448000,308000,19-DEC-2017,
OPTSTK,RCOM,25-Jan-2018,20,CE,0,0,0,1.05,0.15,0,0,0,0,19-DEC-2017,
OPTSTK,RCOM,25-Jan-2018,22.5,CE,0,0,0,0.6,0.1,0,0,0,0,19-DEC-2017,
OPTSTK,RCOM,25-Jan-2018,25,CE,0,0,0,0.35,0.05,0,0,0,0,19-DEC-2017,
OPTSTK,RCOM,25-Jan-2018,27.5,CE,0,0,0,0.25,0.05,0,0,0,0,19-DEC-2017,
OPTSTK,RCOM,25-Jan-2018,30,CE,0,0,0,0.15,0,0,0,0,0,19-DEC-2017,
OPTSTK,RCOM,25-Jan-2018,32.5,CE,0,0,0,0.1,0,0,0,0,0,19-DEC-2017,
OPTSTK,RCOM,25-Jan-2018,35,CE,0,0,0,0.05,0,0,0,0,0,19-DEC-2017,
OPTSTK,RCOM,25-Jan-2018,37.5,CE,0,0,0,0.05,0,0,0,0,0,19-DEC-2017,
OPTSTK,RCOM,25-Jan-2018,40,CE,0,0,0,0.05,0,0,0,0,0,19-DEC-2017,
OPTSTK,RCOM,25-Jan-2018,2.5,PE,0,0,0,0.05,0,0,0,0,0,19-DEC-2017,
OPTSTK,RCOM,25-Jan-2018,5,PE,0,0,0,0.05,0,0,0,0,0,19-DEC-2017,
OPTSTK,RCOM,25-Jan-2018,7.5,PE,0.15,0.15,0.15,0.15,0.15,1,2.14,252000,0,19-DEC-2017,
OPTSTK,RCOM,25-Jan-2018,10,PE,0.45,0.45,0.3,0.3,0.3,5,14.54,112000,84000,19-DEC-2017,
OPTSTK,RCOM,25-Jan-2018,12.5,PE,1.15,1.15,0.9,1,1,16,60.98,364000,364000,19-DEC-2017,
OPTSTK,RCOM,25-Jan-2018,15,PE,0,0,0,1.7,2.95,0,0,0,0,19-DEC-2017,
OPTSTK,RCOM,25-Jan-2018,17.5,PE,0,0,0,3.15,5,0,0,0,0,19-DEC-2017,
OPTSTK,RCOM,25-Jan-2018,20,PE,0,0,0,4.9,7.3,0,0,0,0,19-DEC-2017,
OPTSTK,RCOM,25-Jan-2018,22.5,PE,0,0,0,6.95,9.7,0,0,0,0,19-DEC-2017,
OPTSTK,RCOM,25-Jan-2018,25,PE,0,0,0,9.2,12.15,0,0,0,0,19-DEC-2017,
OPTSTK,RCOM,25-Jan-2018,27.5,PE,0,0,0,11.5,14.6,0,0,0,0,19-DEC-2017,
OPTSTK,RCOM,25-Jan-2018,30,PE,0,0,0,13.85,17.1,0,0,0,0,19-DEC-2017,
OPTSTK,RCOM,25-Jan-2018,32.5,PE,0,0,0,16.3,19.55,0,0,0,0,19-DEC-2017,
OPTSTK,RCOM,25-Jan-2018,35,PE,0,0,0,18.7,22.05,0,0,0,0,19-DEC-2017,
OPTSTK,RCOM,25-Jan-2018,37.5,PE,0,0,0,21.15,24.55,0,0,0,0,19-DEC-2017,
OPTSTK,RCOM,25-Jan-2018,40,PE,0,0,0,23.6,27,0,0,0,0,19-DEC-2017,
OPTSTK,RCOM,22-Feb-2018,2.5,CE,0,0,0,10.15,10.3,0,0,0,0,19-DEC-2017,
OPTSTK,RCOM,22-Feb-2018,5,CE,0,0,0,7.75,7.85,0,0,0,0,19-DEC-2017,
OPTSTK,RCOM,22-Feb-2018,7.5,CE,0,0,0,5.65,5.5,0,0,0,0,19-DEC-2017,
OPTSTK,RCOM,22-Feb-2018,10,CE,0,0,0,4,3.6,0,0,0,0,19-DEC-2017,
OPTSTK,RCOM,22-Feb-2018,12.5,CE,0,0,0,2.75,2.2,0,0,0,0,19-DEC-2017,
OPTSTK,RCOM,22-Feb-2018,15,CE,0,0,0,1.9,1.3,0,0,0,0,19-DEC-2017,
OPTSTK,RCOM,22-Feb-2018,17.5,CE,0,0,0,1.35,0.75,0,0,0,0,19-DEC-2017,
OPTSTK,RCOM,22-Feb-2018,20,CE,0,0,0,0.95,0.45,0,0,0,0,19-DEC-2017,
OPTSTK,RCOM,22-Feb-2018,22.5,CE,0,0,0,0.65,0.25,0,0,0,0,19-DEC-2017,
OPTSTK,RCOM,22-Feb-2018,25,CE,0,0,0,0.45,0.15,0,0,0,0,19-DEC-2017,
OPTSTK,RCOM,22-Feb-2018,27.5,CE,0,0,0,0.35,0.1,0,0,0,0,19-DEC-2017,
OPTSTK,RCOM,22-Feb-2018,30,CE,0,0,0,0.25,0.05,0,0,0,0,19-DEC-2017,
OPTSTK,RCOM,22-Feb-2018,32.5,CE,0,0,0,0.2,0.05,0,0,0,0,19-DEC-2017,
OPTSTK,RCOM,22-Feb-2018,35,CE,0,0,0,0.15,0.05,0,0,0,0,19-DEC-2017,
OPTSTK,RCOM,22-Feb-2018,37.5,CE,0,0,0,0.1,0.05,0,0,0,0,19-DEC-2017,
OPTSTK,RCOM,22-Feb-2018,2.5,PE,0,0,0,0.05,0,0,0,0,0,19-DEC-2017,
OPTSTK,RCOM,22-Feb-2018,5,PE,0,0,0,0.1,0.05,0,0,0,0,19-DEC-2017,
OPTSTK,RCOM,22-Feb-2018,7.5,PE,0,0,0,0.45,0.15,0,0,0,0,19-DEC-2017,
OPTSTK,RCOM,22-Feb-2018,10,PE,0,0,0,1.25,0.7,0,0,0,0,19-DEC-2017,
OPTSTK,RCOM,22-Feb-2018,12.5,PE,0,0,0,2.5,1.8,0,0,0,0,19-DEC-2017,
OPTSTK,RCOM,22-Feb-2018,15,PE,0,0,0,4.1,3.4,0,0,0,0,19-DEC-2017,
OPTSTK,RCOM,22-Feb-2018,17.5,PE,0,0,0,5.95,5.3,0,0,0,0,19-DEC-2017,
OPTSTK,RCOM,22-Feb-2018,20,PE,0,0,0,8.05,7.45,0,0,0,0,19-DEC-2017,
OPTSTK,RCOM,22-Feb-2018,22.5,PE,0,0,0,10.2,9.75,0,0,0,0,19-DEC-2017,
OPTSTK,RCOM,22-Feb-2018,25,PE,0,0,0,12.5,12.1,0,0,0,0,19-DEC-2017,
OPTSTK,RCOM,22-Feb-2018,27.5,PE,0,0,0,14.85,14.55,0,0,0,0,19-DEC-2017,
OPTSTK,RCOM,22-Feb-2018,30,PE,0,0,0,17.2,16.95,0,0,0,0,19-DEC-2017,
OPTSTK,RCOM,22-Feb-2018,32.5,PE,0,0,0,19.6,19.45,0,0,0,0,19-DEC-2017,
OPTSTK,RCOM,22-Feb-2018,35,PE,0,0,0,22.05,21.9,0,0,0,0,19-DEC-2017,
OPTSTK,RCOM,22-Feb-2018,37.5,PE,0,0,0,24.45,24.35,0,0,0,0,19-DEC-2017,
OPTSTK,RECLTD,28-Dec-2017,110,CE,0,0,0,43.7,47.1,0,0,0,0,19-DEC-2017,
OPTSTK,RECLTD,28-Dec-2017,115,CE,0,0,0,39.25,42.1,0,0,0,0,19-DEC-2017,
OPTSTK,RECLTD,28-Dec-2017,120,CE,0,0,0,35.05,37.1,0,0,0,0,19-DEC-2017,
OPTSTK,RECLTD,28-Dec-2017,125,CE,0,0,0,31.05,32.1,0,0,0,0,19-DEC-2017,
OPTSTK,RECLTD,28-Dec-2017,130,CE,0,0,0,29.65,27.1,0,0,30000,0,19-DEC-2017,
OPTSTK,RECLTD,28-Dec-2017,135,CE,0,0,0,12.7,22.15,0,0,6000,0,19-DEC-2017,
OPTSTK,RECLTD,28-Dec-2017,140,CE,17,18,17,17,17,12,113.52,114000,-30000,19-DEC-2017,
OPTSTK,RECLTD,28-Dec-2017,145,CE,12.95,12.95,11.1,12,12,27,254.49,234000,-90000,19-DEC-2017,
OPTSTK,RECLTD,28-Dec-2017,150,CE,8.15,9,6.75,7.55,7.55,308,2914.53,1020000,-462000,19-DEC-2017,
OPTSTK,RECLTD,28-Dec-2017,155,CE,5.25,5.25,3.6,4,4,1036,9902.28,2352000,204000,19-DEC-2017,
OPTSTK,RECLTD,28-Dec-2017,160,CE,2.4,3,1.95,2.2,2.2,4365,42538.48,4908000,-1704000,19-DEC-2017,
OPTSTK,RECLTD,28-Dec-2017,165,CE,1.9,1.9,1.1,1.25,1.25,1232,12295.88,2700000,1386000,19-DEC-2017,
OPTSTK,RECLTD,28-Dec-2017,170,CE,0.75,1.1,0.7,0.8,0.8,2668,27354.66,5280000,-78000,19-DEC-2017,
OPTSTK,RECLTD,28-Dec-2017,175,CE,0.6,0.7,0.45,0.5,0.5,339,3570.6,912000,456000,19-DEC-2017,
OPTSTK,RECLTD,28-Dec-2017,180,CE,0.35,0.45,0.3,0.3,0.3,318,3441.55,1398000,234000,19-DEC-2017,
OPTSTK,RECLTD,28-Dec-2017,185,CE,0.25,0.3,0.2,0.2,0.2,49,544.62,336000,66000,19-DEC-2017,
OPTSTK,RECLTD,28-Dec-2017,190,CE,0.15,0.2,0.15,0.15,0.15,30,342.32,336000,18000,19-DEC-2017,
OPTSTK,RECLTD,28-Dec-2017,195,CE,0,0,0,2.85,0,0,0,0,0,19-DEC-2017,
OPTSTK,RECLTD,28-Dec-2017,200,CE,0.1,0.15,0.1,0.1,0.1,29,348.24,246000,108000,19-DEC-2017,
OPTSTK,RECLTD,28-Dec-2017,205,CE,0,0,0,0.15,0,0,0,12000,0,19-DEC-2017,
OPTSTK,RECLTD,28-Dec-2017,210,CE,0,0,0,0.1,0,0,0,6000,0,19-DEC-2017,
OPTSTK,RECLTD,28-Dec-2017,215,CE,0,0,0,1.2,0,0,0,0,0,19-DEC-2017,
OPTSTK,RECLTD,28-Dec-2017,220,CE,0,0,0,0.1,0,0,0,12000,0,19-DEC-2017,
OPTSTK,RECLTD,28-Dec-2017,110,PE,0,0,0,0.9,0,0,0,0,0,19-DEC-2017,
OPTSTK,RECLTD,28-Dec-2017,115,PE,0,0,0,1.45,0,0,0,0,0,19-DEC-2017,
OPTSTK,RECLTD,28-Dec-2017,120,PE,0,0,0,0.15,0,0,0,6000,0,19-DEC-2017,
OPTSTK,RECLTD,28-Dec-2017,125,PE,0.3,0.3,0.05,0.05,0.05,60,450.53,54000,-174000,19-DEC-2017,
OPTSTK,RECLTD,28-Dec-2017,130,PE,0.1,0.1,0.1,0.1,0.1,8,62.44,162000,18000,19-DEC-2017,
OPTSTK,RECLTD,28-Dec-2017,135,PE,0.1,0.1,0.1,0.1,0.1,20,162.12,348000,-48000,19-DEC-2017,
OPTSTK,RECLTD,28-Dec-2017,140,PE,0.15,0.15,0.1,0.15,0.15,131,1101.34,1542000,-42000,19-DEC-2017,
OPTSTK,RECLTD,28-Dec-2017,145,PE,0.4,0.4,0.15,0.2,0.2,554,4828.72,1344000,-96000,19-DEC-2017,
OPTSTK,RECLTD,28-Dec-2017,150,PE,0.55,1.2,0.5,0.55,0.55,1277,11550.59,3090000,1824000,19-DEC-2017,
OPTSTK,RECLTD,28-Dec-2017,155,PE,2.45,3.2,1.6,1.95,1.95,1100,10375.11,4188000,3672000,19-DEC-2017,
OPTSTK,RECLTD,28-Dec-2017,160,PE,4.9,6.5,4.5,4.95,4.95,107,1060.3,816000,120000,19-DEC-2017,
OPTSTK,RECLTD,28-Dec-2017,165,PE,8.8,9.1,8.8,9.05,9.05,8,83.52,456000,-36000,19-DEC-2017,
OPTSTK,RECLTD,28-Dec-2017,170,PE,13.95,14.5,13.95,14,14,6,66.26,336000,-6000,19-DEC-2017,
OPTSTK,RECLTD,28-Dec-2017,175,PE,0,0,0,27.4,18,0,0,84000,0,19-DEC-2017,
OPTSTK,RECLTD,28-Dec-2017,180,PE,22.4,22.4,22,22,22,2,24.26,408000,-12000,19-DEC-2017,
OPTSTK,RECLTD,28-Dec-2017,185,PE,0,0,0,29.3,27.85,0,0,24000,0,19-DEC-2017,
OPTSTK,RECLTD,28-Dec-2017,190,PE,0,0,0,36,32.85,0,0,108000,0,19-DEC-2017,
OPTSTK,RECLTD,28-Dec-2017,195,PE,0,0,0,38,37.8,0,0,6000,0,19-DEC-2017,
OPTSTK,RECLTD,28-Dec-2017,200,PE,0,0,0,46,42.8,0,0,90000,0,19-DEC-2017,
OPTSTK,RECLTD,28-Dec-2017,205,PE,0,0,0,48.75,47.8,0,0,6000,0,19-DEC-2017,
OPTSTK,RECLTD,28-Dec-2017,210,PE,0,0,0,54,52.8,0,0,36000,0,19-DEC-2017,
OPTSTK,RECLTD,28-Dec-2017,215,PE,0,0,0,57.8,57.8,0,0,6000,0,19-DEC-2017,
OPTSTK,RECLTD,28-Dec-2017,220,PE,0,0,0,59.5,62.8,0,0,18000,0,19-DEC-2017,
OPTSTK,RECLTD,25-Jan-2018,110,CE,0,0,0,58.95,47.65,0,0,0,0,19-DEC-2017,
OPTSTK,RECLTD,25-Jan-2018,115,CE,0,0,0,54.15,42.7,0,0,0,0,19-DEC-2017,
OPTSTK,RECLTD,25-Jan-2018,120,CE,0,0,0,49.45,37.8,0,0,0,0,19-DEC-2017,
OPTSTK,RECLTD,25-Jan-2018,125,CE,0,0,0,44.85,32.95,0,0,0,0,19-DEC-2017,
OPTSTK,RECLTD,25-Jan-2018,130,CE,0,0,0,40.4,28.25,0,0,0,0,19-DEC-2017,
OPTSTK,RECLTD,25-Jan-2018,135,CE,0,0,0,36.1,23.7,0,0,0,0,19-DEC-2017,
OPTSTK,RECLTD,25-Jan-2018,140,CE,0,0,0,12.5,19.5,0,0,54000,0,19-DEC-2017,
OPTSTK,RECLTD,25-Jan-2018,145,CE,0,0,0,28.2,15.65,0,0,0,0,19-DEC-2017,
OPTSTK,RECLTD,25-Jan-2018,150,CE,0,0,0,6.5,12.2,0,0,18000,0,19-DEC-2017,
OPTSTK,RECLTD,25-Jan-2018,155,CE,7.9,8,7.25,7.95,7.95,5,48.84,96000,6000,19-DEC-2017,
OPTSTK,RECLTD,25-Jan-2018,160,CE,5,6.35,5,5.15,5.15,91,902.83,324000,84000,19-DEC-2017,
OPTSTK,RECLTD,25-Jan-2018,165,CE,3,4,3,3.6,3.6,10,101.18,54000,36000,19-DEC-2017,
OPTSTK,RECLTD,25-Jan-2018,170,CE,2.4,2.7,2.4,2.7,2.7,6,62.09,48000,36000,19-DEC-2017,
OPTSTK,RECLTD,25-Jan-2018,175,CE,0,0,0,11.2,2.4,0,0,0,0,19-DEC-2017,
OPTSTK,RECLTD,25-Jan-2018,180,CE,1.25,1.55,1.15,1.25,1.25,32,348.13,126000,120000,19-DEC-2017,
OPTSTK,RECLTD,25-Jan-2018,185,CE,0,0,0,7.75,1.05,0,0,0,0,19-DEC-2017,
OPTSTK,RECLTD,25-Jan-2018,190,CE,0,0,0,6.4,0.7,0,0,0,0,19-DEC-2017,
OPTSTK,RECLTD,25-Jan-2018,195,CE,0,0,0,5.25,0.45,0,0,0,0,19-DEC-2017,
OPTSTK,RECLTD,25-Jan-2018,200,CE,0,0,0,4.3,0.25,0,0,0,0,19-DEC-2017,
OPTSTK,RECLTD,25-Jan-2018,205,CE,0,0,0,3.5,0.15,0,0,0,0,19-DEC-2017,
OPTSTK,RECLTD,25-Jan-2018,210,CE,0,0,0,2.8,0.1,0,0,0,0,19-DEC-2017,
OPTSTK,RECLTD,25-Jan-2018,215,CE,0,0,0,2.25,0.05,0,0,0,0,19-DEC-2017,
OPTSTK,RECLTD,25-Jan-2018,220,CE,0,0,0,1.8,0.05,0,0,0,0,19-DEC-2017,
OPTSTK,RECLTD,25-Jan-2018,110,PE,0,0,0,0.15,0.05,0,0,0,0,19-DEC-2017,
OPTSTK,RECLTD,25-Jan-2018,115,PE,0,0,0,0.3,0.05,0,0,0,0,19-DEC-2017,
OPTSTK,RECLTD,25-Jan-2018,120,PE,0,0,0,0.5,0.1,0,0,0,0,19-DEC-2017,
OPTSTK,RECLTD,25-Jan-2018,125,PE,0,0,0,0.85,0.25,0,0,0,0,19-DEC-2017,
OPTSTK,RECLTD,25-Jan-2018,130,PE,0,0,0,1.3,0.5,0,0,0,0,19-DEC-2017,
OPTSTK,RECLTD,25-Jan-2018,135,PE,0,0,0,1,0.95,0,0,6000,0,19-DEC-2017,
OPTSTK,RECLTD,25-Jan-2018,140,PE,1,1,1,1,1,4,33.84,54000,-6000,19-DEC-2017,
OPTSTK,RECLTD,25-Jan-2018,145,PE,1.6,1.9,1.6,1.9,1.9,12,105.73,78000,-36000,19-DEC-2017,
OPTSTK,RECLTD,25-Jan-2018,150,PE,3,3.2,2.85,3,3,25,229.56,150000,-12000,19-DEC-2017,
OPTSTK,RECLTD,25-Jan-2018,155,PE,5,5,4.8,4.8,4.8,6,57.58,42000,36000,19-DEC-2017,
OPTSTK,RECLTD,25-Jan-2018,160,PE,8,8,6.95,7.6,7.6,11,110.66,66000,66000,19-DEC-2017,
OPTSTK,RECLTD,25-Jan-2018,165,PE,0,0,0,11.05,12,0,0,0,0,19-DEC-2017,
OPTSTK,RECLTD,25-Jan-2018,170,PE,15.05,15.05,15.05,15.05,15.05,1,11.1,6000,6000,19-DEC-2017,
OPTSTK,RECLTD,25-Jan-2018,175,PE,0,0,0,16.4,19.4,0,0,0,0,19-DEC-2017,
OPTSTK,RECLTD,25-Jan-2018,180,PE,22.55,22.55,22.55,22.55,22.55,1,12.15,6000,6000,19-DEC-2017,
OPTSTK,RECLTD,25-Jan-2018,185,PE,0,0,0,22.8,27.95,0,0,0,0,19-DEC-2017,
OPTSTK,RECLTD,25-Jan-2018,190,PE,0,0,0,26.35,32.55,0,0,0,0,19-DEC-2017,
OPTSTK,RECLTD,25-Jan-2018,195,PE,0,0,0,30.15,37.25,0,0,0,0,19-DEC-2017,
OPTSTK,RECLTD,25-Jan-2018,200,PE,0,0,0,34.1,42.05,0,0,0,0,19-DEC-2017,
OPTSTK,RECLTD,25-Jan-2018,205,PE,0,0,0,38.2,46.95,0,0,0,0,19-DEC-2017,
OPTSTK,RECLTD,25-Jan-2018,210,PE,0,0,0,42.45,51.85,0,0,0,0,19-DEC-2017,
OPTSTK,RECLTD,25-Jan-2018,215,PE,0,0,0,46.85,56.75,0,0,0,0,19-DEC-2017,
OPTSTK,RECLTD,25-Jan-2018,220,PE,0,0,0,51.3,61.7,0,0,0,0,19-DEC-2017,
OPTSTK,RECLTD,22-Feb-2018,110,CE,0,0,0,46.1,48.3,0,0,0,0,19-DEC-2017,
OPTSTK,RECLTD,22-Feb-2018,115,CE,0,0,0,41.5,43.45,0,0,0,0,19-DEC-2017,
OPTSTK,RECLTD,22-Feb-2018,120,CE,0,0,0,37,38.7,0,0,0,0,19-DEC-2017,
OPTSTK,RECLTD,22-Feb-2018,125,CE,0,0,0,32.75,34.1,0,0,0,0,19-DEC-2017,
OPTSTK,RECLTD,22-Feb-2018,130,CE,0,0,0,28.7,29.7,0,0,0,0,19-DEC-2017,
OPTSTK,RECLTD,22-Feb-2018,135,CE,0,0,0,24.95,25.55,0,0,0,0,19-DEC-2017,
OPTSTK,RECLTD,22-Feb-2018,140,CE,0,0,0,21.5,21.7,0,0,0,0,19-DEC-2017,
OPTSTK,RECLTD,22-Feb-2018,145,CE,0,0,0,18.3,18.15,0,0,0,0,19-DEC-2017,
OPTSTK,RECLTD,22-Feb-2018,150,CE,0,0,0,15.5,15,0,0,0,0,19-DEC-2017,
OPTSTK,RECLTD,22-Feb-2018,155,CE,0,0,0,13,12.2,0,0,0,0,19-DEC-2017,
OPTSTK,RECLTD,22-Feb-2018,160,CE,0,0,0,10.8,9.8,0,0,0,0,19-DEC-2017,
OPTSTK,RECLTD,22-Feb-2018,165,CE,0,0,0,8.9,7.75,0,0,0,0,19-DEC-2017,
OPTSTK,RECLTD,22-Feb-2018,170,CE,0,0,0,7.25,6.1,0,0,0,0,19-DEC-2017,
OPTSTK,RECLTD,22-Feb-2018,175,CE,0,0,0,5.9,4.7,0,0,0,0,19-DEC-2017,
OPTSTK,RECLTD,22-Feb-2018,180,CE,0,0,0,4.75,3.6,0,0,0,0,19-DEC-2017,
OPTSTK,RECLTD,22-Feb-2018,185,CE,0,0,0,3.8,2.7,0,0,0,0,19-DEC-2017,
OPTSTK,RECLTD,22-Feb-2018,190,CE,0,0,0,3.05,2.05,0,0,0,0,19-DEC-2017,
OPTSTK,RECLTD,22-Feb-2018,195,CE,0,0,0,2.4,1.5,0,0,0,0,19-DEC-2017,
OPTSTK,RECLTD,22-Feb-2018,200,CE,0,0,0,1.9,1.1,0,0,0,0,19-DEC-2017,
OPTSTK,RECLTD,22-Feb-2018,205,CE,0,0,0,1.5,0.8,0,0,0,0,19-DEC-2017,
OPTSTK,RECLTD,22-Feb-2018,210,CE,0,0,0,1.15,0.6,0,0,0,0,19-DEC-2017,
OPTSTK,RECLTD,22-Feb-2018,215,CE,0,0,0,0.9,0.4,0,0,0,0,19-DEC-2017,
OPTSTK,RECLTD,22-Feb-2018,220,CE,0,0,0,0.7,0.3,0,0,0,0,19-DEC-2017,
OPTSTK,RECLTD,22-Feb-2018,110,PE,0,0,0,0.45,0.1,0,0,0,0,19-DEC-2017,
OPTSTK,RECLTD,22-Feb-2018,115,PE,0,0,0,0.75,0.25,0,0,0,0,19-DEC-2017,
OPTSTK,RECLTD,22-Feb-2018,120,PE,0,0,0,1.2,0.45,0,0,0,0,19-DEC-2017,
OPTSTK,RECLTD,22-Feb-2018,125,PE,0,0,0,1.9,0.8,0,0,0,0,19-DEC-2017,
OPTSTK,RECLTD,22-Feb-2018,130,PE,0,0,0,2.75,1.35,0,0,0,0,19-DEC-2017,
OPTSTK,RECLTD,22-Feb-2018,135,PE,0,0,0,3.95,2.1,0,0,0,0,19-DEC-2017,
OPTSTK,RECLTD,22-Feb-2018,140,PE,0,0,0,5.4,3.2,0,0,0,0,19-DEC-2017,
OPTSTK,RECLTD,22-Feb-2018,145,PE,0,0,0,7.15,4.6,0,0,0,0,19-DEC-2017,
OPTSTK,RECLTD,22-Feb-2018,150,PE,0,0,0,9.25,6.35,0,0,0,0,19-DEC-2017,
OPTSTK,RECLTD,22-Feb-2018,155,PE,0,0,0,11.65,8.55,0,0,0,0,19-DEC-2017,
OPTSTK,RECLTD,22-Feb-2018,160,PE,0,0,0,14.4,11.1,0,0,0,0,19-DEC-2017,
OPTSTK,RECLTD,22-Feb-2018,165,PE,0,0,0,17.45,14,0,0,0,0,19-DEC-2017,
OPTSTK,RECLTD,22-Feb-2018,170,PE,0,0,0,20.75,17.25,0,0,0,0,19-DEC-2017,
OPTSTK,RECLTD,22-Feb-2018,175,PE,0,0,0,24.3,20.8,0,0,0,0,19-DEC-2017,
OPTSTK,RECLTD,22-Feb-2018,180,PE,0,0,0,28.1,24.65,0,0,0,0,19-DEC-2017,
OPTSTK,RECLTD,22-Feb-2018,185,PE,0,0,0,32.05,28.7,0,0,0,0,19-DEC-2017,
OPTSTK,RECLTD,22-Feb-2018,190,PE,0,0,0,36.2,32.95,0,0,0,0,19-DEC-2017,
OPTSTK,RECLTD,22-Feb-2018,195,PE,0,0,0,40.5,37.4,0,0,0,0,19-DEC-2017,
OPTSTK,RECLTD,22-Feb-2018,200,PE,0,0,0,44.95,41.9,0,0,0,0,19-DEC-2017,
OPTSTK,RECLTD,22-Feb-2018,205,PE,0,0,0,49.45,46.55,0,0,0,0,19-DEC-2017,
OPTSTK,RECLTD,22-Feb-2018,210,PE,0,0,0,54.05,51.3,0,0,0,0,19-DEC-2017,
OPTSTK,RECLTD,22-Feb-2018,215,PE,0,0,0,58.7,56.05,0,0,0,0,19-DEC-2017,
OPTSTK,RECLTD,22-Feb-2018,220,PE,0,0,0,63.45,60.9,0,0,0,0,19-DEC-2017,
OPTSTK,RELCAPITAL,28-Dec-2017,260,CE,0,0,0,330.1,164.75,0,0,0,0,19-DEC-2017,
OPTSTK,RELCAPITAL,28-Dec-2017,280,CE,0,0,0,324.6,144.8,0,0,0,0,19-DEC-2017,
OPTSTK,RELCAPITAL,28-Dec-2017,300,CE,0,0,0,129.95,124.85,0,0,1500,0,19-DEC-2017,
OPTSTK,RELCAPITAL,28-Dec-2017,320,CE,0,0,0,286.4,104.85,0,0,0,0,19-DEC-2017,
OPTSTK,RELCAPITAL,28-Dec-2017,340,CE,0,0,0,267.75,84.9,0,0,0,0,19-DEC-2017,
OPTSTK,RELCAPITAL,28-Dec-2017,360,CE,57.85,57.85,57.85,57.85,57.85,1,3.13,1500,-750,19-DEC-2017,
OPTSTK,RELCAPITAL,28-Dec-2017,380,CE,46.8,46.8,46.8,46.8,46.8,1,3.2,2250,-750,19-DEC-2017,
OPTSTK,RELCAPITAL,28-Dec-2017,400,CE,20.25,29,19,27.35,27.35,109,345.51,88500,6750,19-DEC-2017,
OPTSTK,RELCAPITAL,28-Dec-2017,420,CE,8.25,14.6,7.95,13.2,13.2,2019,6516.52,628500,-87000,19-DEC-2017,
OPTSTK,RELCAPITAL,28-Dec-2017,440,CE,3.55,6.1,2.75,5.45,5.45,1855,6177.32,1143750,17250,19-DEC-2017,
OPTSTK,RELCAPITAL,28-Dec-2017,460,CE,1.9,2.45,1,2.05,2.05,840,2907.87,609750,-5250,19-DEC-2017,
OPTSTK,RELCAPITAL,28-Dec-2017,480,CE,0.95,1.15,0.65,1,1,116,418.34,201750,-15000,19-DEC-2017,
OPTSTK,RELCAPITAL,28-Dec-2017,500,CE,0.65,0.75,0.5,0.7,0.7,168,630.71,394500,-45750,19-DEC-2017,
OPTSTK,RELCAPITAL,28-Dec-2017,520,CE,0.4,0.5,0.4,0.5,0.5,6,23.42,78000,-750,19-DEC-2017,
OPTSTK,RELCAPITAL,28-Dec-2017,540,CE,2,2,0.25,0.3,0.3,13,52.75,37500,0,19-DEC-2017,
OPTSTK,RELCAPITAL,28-Dec-2017,560,CE,0.25,0.35,0.25,0.35,0.35,5,21.01,17250,-3000,19-DEC-2017,
OPTSTK,RELCAPITAL,28-Dec-2017,580,CE,0,0,0,0.2,0,0,0,3000,0,19-DEC-2017,
OPTSTK,RELCAPITAL,28-Dec-2017,600,CE,0.15,0.3,0.1,0.25,0.25,9,40.51,30750,-3750,19-DEC-2017,
OPTSTK,RELCAPITAL,28-Dec-2017,620,CE,0,0,0,0.5,0,0,0,3000,0,19-DEC-2017,
OPTSTK,RELCAPITAL,28-Dec-2017,640,CE,0,0,0,0.1,0,0,0,750,0,19-DEC-2017,
OPTSTK,RELCAPITAL,28-Dec-2017,660,CE,0,0,0,0.1,0,0,0,750,0,19-DEC-2017,
OPTSTK,RELCAPITAL,28-Dec-2017,680,CE,0,0,0,0.2,0,0,0,5250,0,19-DEC-2017,
OPTSTK,RELCAPITAL,28-Dec-2017,700,CE,0,0,0,0.1,0,0,0,750,0,19-DEC-2017,
OPTSTK,RELCAPITAL,28-Dec-2017,720,CE,0,0,0,44.45,0,0,0,0,0,19-DEC-2017,
OPTSTK,RELCAPITAL,28-Dec-2017,740,CE,0,0,0,39.7,0,0,0,0,0,19-DEC-2017,
OPTSTK,RELCAPITAL,28-Dec-2017,760,CE,0,0,0,35.45,0,0,0,0,0,19-DEC-2017,
OPTSTK,RELCAPITAL,28-Dec-2017,780,CE,0,0,0,31.6,0,0,0,0,0,19-DEC-2017,
OPTSTK,RELCAPITAL,28-Dec-2017,800,CE,0,0,0,28.15,0,0,0,0,0,19-DEC-2017,
OPTSTK,RELCAPITAL,28-Dec-2017,820,CE,0,0,0,25.05,0,0,0,0,0,19-DEC-2017,
OPTSTK,RELCAPITAL,28-Dec-2017,840,CE,0,0,0,22.25,0,0,0,0,0,19-DEC-2017,
OPTSTK,RELCAPITAL,28-Dec-2017,860,CE,0,0,0,19.8,0,0,0,0,0,19-DEC-2017,
OPTSTK,RELCAPITAL,28-Dec-2017,880,CE,0,0,0,17.55,0,0,0,0,0,19-DEC-2017,
OPTSTK,RELCAPITAL,28-Dec-2017,900,CE,0,0,0,15.6,0,0,0,0,0,19-DEC-2017,
OPTSTK,RELCAPITAL,28-Dec-2017,260,PE,0,0,0,0.25,0,0,0,0,0,19-DEC-2017,
OPTSTK,RELCAPITAL,28-Dec-2017,280,PE,0,0,0,0.55,0,0,0,0,0,19-DEC-2017,
OPTSTK,RELCAPITAL,28-Dec-2017,300,PE,0,0,0,0.5,0,0,0,2250,0,19-DEC-2017,
OPTSTK,RELCAPITAL,28-Dec-2017,320,PE,0,0,0,1.4,0,0,0,5250,0,19-DEC-2017,
OPTSTK,RELCAPITAL,28-Dec-2017,340,PE,0.6,0.6,0.25,0.35,0.35,11,28.09,44250,-3000,19-DEC-2017,
OPTSTK,RELCAPITAL,28-Dec-2017,360,PE,1.7,1.7,0.25,0.4,0.4,113,305.55,95250,-48000,19-DEC-2017,
OPTSTK,RELCAPITAL,28-Dec-2017,380,PE,2.1,2.3,0.75,0.85,0.85,562,1608.36,155250,-6000,19-DEC-2017,
OPTSTK,RELCAPITAL,28-Dec-2017,400,PE,5.45,6.1,2.25,2.55,2.55,1312,3979.05,587250,91500,19-DEC-2017,
OPTSTK,RELCAPITAL,28-Dec-2017,420,PE,14,14.45,6.75,7.45,7.45,852,2750.71,257250,6750,19-DEC-2017,
OPTSTK,RELCAPITAL,28-Dec-2017,440,PE,29.65,29.65,18.3,18.65,18.65,24,83.32,199500,-3750,19-DEC-2017,
OPTSTK,RELCAPITAL,28-Dec-2017,460,PE,41.9,43,41,43,43,5,18.82,74250,-1500,19-DEC-2017,
OPTSTK,RELCAPITAL,28-Dec-2017,480,PE,63.95,63.95,56.35,56.35,56.35,4,16.18,31500,-1500,19-DEC-2017,
OPTSTK,RELCAPITAL,28-Dec-2017,500,PE,73.75,73.75,72.5,73.5,73.5,5,21.5,42750,-3750,19-DEC-2017,
OPTSTK,RELCAPITAL,28-Dec-2017,520,PE,0,0,0,113.35,94.9,0,0,7500,0,19-DEC-2017,
OPTSTK,RELCAPITAL,28-Dec-2017,540,PE,121,121,121,121,121,1,4.95,6750,750,19-DEC-2017,
OPTSTK,RELCAPITAL,28-Dec-2017,560,PE,138,138,138,138,138,1,5.23,15750,-750,19-DEC-2017,
OPTSTK,RELCAPITAL,28-Dec-2017,580,PE,0,0,0,137,154.75,0,0,3750,0,19-DEC-2017,
OPTSTK,RELCAPITAL,28-Dec-2017,600,PE,0,0,0,182.3,174.75,0,0,15750,0,19-DEC-2017,
OPTSTK,RELCAPITAL,28-Dec-2017,620,PE,0,0,0,179.95,194.7,0,0,750,0,19-DEC-2017,
OPTSTK,RELCAPITAL,28-Dec-2017,640,PE,0,0,0,200.9,214.7,0,0,2250,0,19-DEC-2017,
OPTSTK,RELCAPITAL,28-Dec-2017,660,PE,0,0,0,217,234.65,0,0,4500,0,19-DEC-2017,
OPTSTK,RELCAPITAL,28-Dec-2017,680,PE,0,0,0,242,254.6,0,0,6750,0,19-DEC-2017,
OPTSTK,RELCAPITAL,28-Dec-2017,700,PE,0,0,0,261.5,274.6,0,0,18750,0,19-DEC-2017,
OPTSTK,RELCAPITAL,28-Dec-2017,720,PE,0,0,0,269.9,294.55,0,0,0,0,19-DEC-2017,
OPTSTK,RELCAPITAL,28-Dec-2017,740,PE,0,0,0,280.3,314.5,0,0,1500,0,19-DEC-2017,
OPTSTK,RELCAPITAL,28-Dec-2017,760,PE,0,0,0,300.4,334.5,0,0,1500,0,19-DEC-2017,
OPTSTK,RELCAPITAL,28-Dec-2017,780,PE,0,0,0,199.75,354.45,0,0,0,0,19-DEC-2017,
OPTSTK,RELCAPITAL,28-Dec-2017,800,PE,0,0,0,216,374.45,0,0,0,0,19-DEC-2017,
OPTSTK,RELCAPITAL,28-Dec-2017,820,PE,0,0,0,232.55,394.4,0,0,0,0,19-DEC-2017,
OPTSTK,RELCAPITAL,28-Dec-2017,840,PE,0,0,0,249.5,414.35,0,0,0,0,19-DEC-2017,
OPTSTK,RELCAPITAL,28-Dec-2017,860,PE,0,0,0,266.7,434.35,0,0,0,0,19-DEC-2017,
OPTSTK,RELCAPITAL,28-Dec-2017,880,PE,0,0,0,284.15,454.3,0,0,0,0,19-DEC-2017,
OPTSTK,RELCAPITAL,28-Dec-2017,900,PE,0,0,0,473,474.25,0,0,3000,0,19-DEC-2017,
OPTSTK,RELCAPITAL,25-Jan-2018,260,CE,0,0,0,310.5,166.05,0,0,0,0,19-DEC-2017,
OPTSTK,RELCAPITAL,25-Jan-2018,280,CE,0,0,0,290.9,146.2,0,0,0,0,19-DEC-2017,
OPTSTK,RELCAPITAL,25-Jan-2018,300,CE,0,0,0,271.3,126.4,0,0,0,0,19-DEC-2017,
OPTSTK,RELCAPITAL,25-Jan-2018,320,CE,0,0,0,251.85,106.85,0,0,0,0,19-DEC-2017,
OPTSTK,RELCAPITAL,25-Jan-2018,340,CE,0,0,0,232.55,87.75,0,0,0,0,19-DEC-2017,
OPTSTK,RELCAPITAL,25-Jan-2018,360,CE,0,0,0,213.55,69.7,0,0,0,0,19-DEC-2017,
OPTSTK,RELCAPITAL,25-Jan-2018,380,CE,0,0,0,195,53.25,0,0,0,0,19-DEC-2017,
OPTSTK,RELCAPITAL,25-Jan-2018,400,CE,0,0,0,30,39,0,0,1500,0,19-DEC-2017,
OPTSTK,RELCAPITAL,25-Jan-2018,420,CE,24.75,27.25,24.75,27.1,27.1,4,13.39,5250,2250,19-DEC-2017,
OPTSTK,RELCAPITAL,25-Jan-2018,440,CE,14.45,17.9,14,17.5,17.5,8,27.32,16500,3750,19-DEC-2017,
OPTSTK,RELCAPITAL,25-Jan-2018,460,CE,8,12.45,8,11.7,11.7,6,21.13,6750,2250,19-DEC-2017,
OPTSTK,RELCAPITAL,25-Jan-2018,480,CE,0,0,0,112.55,7.25,0,0,0,0,19-DEC-2017,
OPTSTK,RELCAPITAL,25-Jan-2018,500,CE,2.95,5.5,2.95,5.5,5.5,6,22.67,4500,2250,19-DEC-2017,
OPTSTK,RELCAPITAL,25-Jan-2018,520,CE,0,0,0,86.4,2.45,0,0,0,0,19-DEC-2017,
OPTSTK,RELCAPITAL,25-Jan-2018,540,CE,0,0,0,75.05,1.35,0,0,0,0,19-DEC-2017,
OPTSTK,RELCAPITAL,25-Jan-2018,560,CE,0,0,0,64.8,0.75,0,0,0,0,19-DEC-2017,
OPTSTK,RELCAPITAL,25-Jan-2018,580,CE,0,0,0,55.7,0.4,0,0,0,0,19-DEC-2017,
OPTSTK,RELCAPITAL,25-Jan-2018,600,CE,0,0,0,47.6,0.2,0,0,0,0,19-DEC-2017,
OPTSTK,RELCAPITAL,25-Jan-2018,620,CE,0,0,0,40.5,0.1,0,0,0,0,19-DEC-2017,
OPTSTK,RELCAPITAL,25-Jan-2018,640,CE,0,0,0,34.3,0.05,0,0,0,0,19-DEC-2017,
OPTSTK,RELCAPITAL,25-Jan-2018,660,CE,0,0,0,28.95,0.05,0,0,0,0,19-DEC-2017,
OPTSTK,RELCAPITAL,25-Jan-2018,680,CE,0,0,0,24.35,0.05,0,0,0,0,19-DEC-2017,
OPTSTK,RELCAPITAL,25-Jan-2018,700,CE,0,0,0,20.4,0,0,0,0,0,19-DEC-2017,
OPTSTK,RELCAPITAL,25-Jan-2018,720,CE,0,0,0,17,0,0,0,0,0,19-DEC-2017,
OPTSTK,RELCAPITAL,25-Jan-2018,740,CE,0,0,0,14.1,0,0,0,0,0,19-DEC-2017,
OPTSTK,RELCAPITAL,25-Jan-2018,760,CE,0,0,0,11.7,0,0,0,0,0,19-DEC-2017,
OPTSTK,RELCAPITAL,25-Jan-2018,780,CE,0,0,0,9.7,0,0,0,0,0,19-DEC-2017,
OPTSTK,RELCAPITAL,25-Jan-2018,800,CE,0,0,0,8,0,0,0,0,0,19-DEC-2017,
OPTSTK,RELCAPITAL,25-Jan-2018,820,CE,0,0,0,6.6,0,0,0,0,0,19-DEC-2017,
OPTSTK,RELCAPITAL,25-Jan-2018,840,CE,0,0,0,5.4,0,0,0,0,0,19-DEC-2017,
OPTSTK,RELCAPITAL,25-Jan-2018,860,CE,0,0,0,4.45,0,0,0,0,0,19-DEC-2017,
OPTSTK,RELCAPITAL,25-Jan-2018,880,CE,0,0,0,3.6,0,0,0,0,0,19-DEC-2017,
OPTSTK,RELCAPITAL,25-Jan-2018,260,PE,0,0,0,0.05,0,0,0,0,0,19-DEC-2017,
OPTSTK,RELCAPITAL,25-Jan-2018,280,PE,0,0,0,0.1,0.05,0,0,0,0,19-DEC-2017,
OPTSTK,RELCAPITAL,25-Jan-2018,300,PE,0,0,0,0.2,0.1,0,0,0,0,19-DEC-2017,
OPTSTK,RELCAPITAL,25-Jan-2018,320,PE,0,0,0,0.4,0.4,0,0,0,0,19-DEC-2017,
OPTSTK,RELCAPITAL,25-Jan-2018,340,PE,0,0,0,0.85,1.2,0,0,0,0,19-DEC-2017,
OPTSTK,RELCAPITAL,25-Jan-2018,360,PE,0,0,0,1.5,3,0,0,0,0,19-DEC-2017,
OPTSTK,RELCAPITAL,25-Jan-2018,380,PE,4.2,4.2,4.2,4.2,4.2,1,2.88,750,750,19-DEC-2017,
OPTSTK,RELCAPITAL,25-Jan-2018,400,PE,9.25,9.25,9.25,9.25,9.25,1,3.06,750,0,19-DEC-2017,
OPTSTK,RELCAPITAL,25-Jan-2018,420,PE,21,21,21,21,21,2,6.61,5250,1500,19-DEC-2017,
OPTSTK,RELCAPITAL,25-Jan-2018,440,PE,0,0,0,9.6,31.15,0,0,0,0,19-DEC-2017,
OPTSTK,RELCAPITAL,25-Jan-2018,460,PE,46,46,46,46,46,1,3.79,750,750,19-DEC-2017,
OPTSTK,RELCAPITAL,25-Jan-2018,480,PE,0,0,0,18.6,59.8,0,0,0,0,19-DEC-2017,
OPTSTK,RELCAPITAL,25-Jan-2018,500,PE,0,0,0,86,76.7,0,0,2250,0,19-DEC-2017,
OPTSTK,RELCAPITAL,25-Jan-2018,520,PE,0,0,0,31.85,94.75,0,0,0,0,19-DEC-2017,
OPTSTK,RELCAPITAL,25-Jan-2018,540,PE,0,0,0,40.2,113.5,0,0,0,0,19-DEC-2017,
OPTSTK,RELCAPITAL,25-Jan-2018,560,PE,0,0,0,49.65,132.75,0,0,0,0,19-DEC-2017,
OPTSTK,RELCAPITAL,25-Jan-2018,580,PE,0,0,0,60.2,152.25,0,0,0,0,19-DEC-2017,
OPTSTK,RELCAPITAL,25-Jan-2018,600,PE,0,0,0,71.8,171.95,0,0,0,0,19-DEC-2017,
OPTSTK,RELCAPITAL,25-Jan-2018,620,PE,0,0,0,84.35,191.75,0,0,0,0,19-DEC-2017,
OPTSTK,RELCAPITAL,25-Jan-2018,640,PE,0,0,0,97.85,211.55,0,0,0,0,19-DEC-2017,
OPTSTK,RELCAPITAL,25-Jan-2018,660,PE,0,0,0,112.2,231.4,0,0,0,0,19-DEC-2017,
OPTSTK,RELCAPITAL,25-Jan-2018,680,PE,0,0,0,127.25,251.25,0,0,0,0,19-DEC-2017,
OPTSTK,RELCAPITAL,25-Jan-2018,700,PE,0,0,0,143,271.1,0,0,0,0,19-DEC-2017,
OPTSTK,RELCAPITAL,25-Jan-2018,720,PE,0,0,0,159.3,291,0,0,0,0,19-DEC-2017,
OPTSTK,RELCAPITAL,25-Jan-2018,740,PE,0,0,0,176.1,310.85,0,0,0,0,19-DEC-2017,
OPTSTK,RELCAPITAL,25-Jan-2018,760,PE,0,0,0,335,330.75,0,0,1500,0,19-DEC-2017,
OPTSTK,RELCAPITAL,25-Jan-2018,780,PE,0,0,0,211.05,350.6,0,0,0,0,19-DEC-2017,
OPTSTK,RELCAPITAL,25-Jan-2018,800,PE,0,0,0,229.05,370.45,0,0,0,0,19-DEC-2017,
OPTSTK,RELCAPITAL,25-Jan-2018,820,PE,0,0,0,247.3,390.35,0,0,0,0,19-DEC-2017,
OPTSTK,RELCAPITAL,25-Jan-2018,840,PE,0,0,0,265.85,410.2,0,0,0,0,19-DEC-2017,
OPTSTK,RELCAPITAL,25-Jan-2018,860,PE,0,0,0,284.55,430.05,0,0,0,0,19-DEC-2017,
OPTSTK,RELCAPITAL,25-Jan-2018,880,PE,0,0,0,303.4,449.95,0,0,0,0,19-DEC-2017,
OPTSTK,RELCAPITAL,22-Feb-2018,260,CE,0,0,0,177.9,167.4,0,0,0,0,19-DEC-2017,
OPTSTK,RELCAPITAL,22-Feb-2018,280,CE,0,0,0,159.15,147.8,0,0,0,0,19-DEC-2017,
OPTSTK,RELCAPITAL,22-Feb-2018,300,CE,0,0,0,141.05,128.5,0,0,0,0,19-DEC-2017,
OPTSTK,RELCAPITAL,22-Feb-2018,320,CE,0,0,0,123.8,109.7,0,0,0,0,19-DEC-2017,
OPTSTK,RELCAPITAL,22-Feb-2018,340,CE,0,0,0,107.65,91.85,0,0,0,0,19-DEC-2017,
OPTSTK,RELCAPITAL,22-Feb-2018,360,CE,0,0,0,92.7,75.2,0,0,0,0,19-DEC-2017,
OPTSTK,RELCAPITAL,22-Feb-2018,380,CE,0,0,0,79.1,60.25,0,0,0,0,19-DEC-2017,
OPTSTK,RELCAPITAL,22-Feb-2018,400,CE,0,0,0,66.85,47.1,0,0,0,0,19-DEC-2017,
OPTSTK,RELCAPITAL,22-Feb-2018,420,CE,0,0,0,56.05,36.05,0,0,0,0,19-DEC-2017,
OPTSTK,RELCAPITAL,22-Feb-2018,440,CE,0,0,0,46.6,26.95,0,0,0,0,19-DEC-2017,
OPTSTK,RELCAPITAL,22-Feb-2018,460,CE,0,0,0,38.5,19.75,0,0,0,0,19-DEC-2017,
OPTSTK,RELCAPITAL,22-Feb-2018,480,CE,0,0,0,31.6,14.2,0,0,0,0,19-DEC-2017,
OPTSTK,RELCAPITAL,22-Feb-2018,500,CE,0,0,0,25.75,10,0,0,0,0,19-DEC-2017,
OPTSTK,RELCAPITAL,22-Feb-2018,520,CE,0,0,0,20.9,6.9,0,0,0,0,19-DEC-2017,
OPTSTK,RELCAPITAL,22-Feb-2018,540,CE,0,0,0,16.85,4.7,0,0,0,0,19-DEC-2017,
OPTSTK,RELCAPITAL,22-Feb-2018,560,CE,0,0,0,13.5,3.15,0,0,0,0,19-DEC-2017,
OPTSTK,RELCAPITAL,22-Feb-2018,580,CE,0,0,0,10.8,2.1,0,0,0,0,19-DEC-2017,
OPTSTK,RELCAPITAL,22-Feb-2018,600,CE,0,0,0,8.6,1.4,0,0,0,0,19-DEC-2017,
OPTSTK,RELCAPITAL,22-Feb-2018,620,CE,0,0,0,6.85,0.9,0,0,0,0,19-DEC-2017,
OPTSTK,RELCAPITAL,22-Feb-2018,640,CE,0,0,0,5.4,0.6,0,0,0,0,19-DEC-2017,
OPTSTK,RELCAPITAL,22-Feb-2018,660,CE,0,0,0,4.25,0.4,0,0,0,0,19-DEC-2017,
OPTSTK,RELCAPITAL,22-Feb-2018,680,CE,0,0,0,3.35,0.25,0,0,0,0,19-DEC-2017,
OPTSTK,RELCAPITAL,22-Feb-2018,700,CE,0,0,0,2.65,0.15,0,0,0,0,19-DEC-2017,
OPTSTK,RELCAPITAL,22-Feb-2018,720,CE,0,0,0,2.1,0.1,0,0,0,0,19-DEC-2017,
OPTSTK,RELCAPITAL,22-Feb-2018,740,CE,0,0,0,1.65,0.05,0,0,0,0,19-DEC-2017,
OPTSTK,RELCAPITAL,22-Feb-2018,760,CE,0,0,0,1.3,0.05,0,0,0,0,19-DEC-2017,
OPTSTK,RELCAPITAL,22-Feb-2018,260,PE,0,0,0,0.95,0.1,0,0,0,0,19-DEC-2017,
OPTSTK,RELCAPITAL,22-Feb-2018,280,PE,0,0,0,1.9,0.25,0,0,0,0,19-DEC-2017,
OPTSTK,RELCAPITAL,22-Feb-2018,300,PE,0,0,0,3.55,0.7,0,0,0,0,19-DEC-2017,
OPTSTK,RELCAPITAL,22-Feb-2018,320,PE,0,0,0,6,1.7,0,0,0,0,19-DEC-2017,
OPTSTK,RELCAPITAL,22-Feb-2018,340,PE,0,0,0,9.55,3.6,0,0,0,0,19-DEC-2017,
OPTSTK,RELCAPITAL,22-Feb-2018,360,PE,0,0,0,14.3,6.75,0,0,0,0,19-DEC-2017,
OPTSTK,RELCAPITAL,22-Feb-2018,380,PE,0,0,0,20.4,11.55,0,0,0,0,19-DEC-2017,
OPTSTK,RELCAPITAL,22-Feb-2018,400,PE,0,0,0,27.85,18.2,0,0,0,0,19-DEC-2017,
OPTSTK,RELCAPITAL,22-Feb-2018,420,PE,0,0,0,36.8,26.9,0,0,0,0,19-DEC-2017,
OPTSTK,RELCAPITAL,22-Feb-2018,440,PE,0,0,0,47.05,37.6,0,0,0,0,19-DEC-2017,
OPTSTK,RELCAPITAL,22-Feb-2018,460,PE,0,0,0,58.65,50.15,0,0,0,0,19-DEC-2017,
OPTSTK,RELCAPITAL,22-Feb-2018,480,PE,0,0,0,71.45,64.35,0,0,0,0,19-DEC-2017,
OPTSTK,RELCAPITAL,22-Feb-2018,500,PE,0,0,0,85.3,79.95,0,0,0,0,19-DEC-2017,
OPTSTK,RELCAPITAL,22-Feb-2018,520,PE,0,0,0,100.15,96.65,0,0,0,0,19-DEC-2017,
OPTSTK,RELCAPITAL,22-Feb-2018,540,PE,0,0,0,115.85,114.2,0,0,0,0,19-DEC-2017,
OPTSTK,RELCAPITAL,22-Feb-2018,560,PE,0,0,0,132.2,132.45,0,0,0,0,19-DEC-2017,
OPTSTK,RELCAPITAL,22-Feb-2018,580,PE,0,0,0,149.2,151.15,0,0,0,0,19-DEC-2017,
OPTSTK,RELCAPITAL,22-Feb-2018,600,PE,0,0,0,166.7,170.2,0,0,0,0,19-DEC-2017,
OPTSTK,RELCAPITAL,22-Feb-2018,620,PE,0,0,0,184.65,189.5,0,0,0,0,19-DEC-2017,
OPTSTK,RELCAPITAL,22-Feb-2018,640,PE,0,0,0,202.95,208.95,0,0,0,0,19-DEC-2017,
OPTSTK,RELCAPITAL,22-Feb-2018,660,PE,0,0,0,221.5,228.5,0,0,0,0,19-DEC-2017,
OPTSTK,RELCAPITAL,22-Feb-2018,680,PE,0,0,0,240.3,248.15,0,0,0,0,19-DEC-2017,
OPTSTK,RELCAPITAL,22-Feb-2018,700,PE,0,0,0,259.3,267.85,0,0,0,0,19-DEC-2017,
OPTSTK,RELCAPITAL,22-Feb-2018,720,PE,0,0,0,278.45,287.55,0,0,0,0,19-DEC-2017,
OPTSTK,RELCAPITAL,22-Feb-2018,740,PE,0,0,0,297.7,307.3,0,0,0,0,19-DEC-2017,
OPTSTK,RELCAPITAL,22-Feb-2018,760,PE,0,0,0,317.05,327.05,0,0,0,0,19-DEC-2017,
OPTSTK,RELIANCE,28-Dec-2017,600,CE,0,0,0,330,326.9,0,0,12000,0,19-DEC-2017,
OPTSTK,RELIANCE,28-Dec-2017,620,CE,0,0,0,305.1,306.95,0,0,12000,0,19-DEC-2017,
OPTSTK,RELIANCE,28-Dec-2017,640,CE,0,0,0,290,286.95,0,0,3000,0,19-DEC-2017,
OPTSTK,RELIANCE,28-Dec-2017,660,CE,0,0,0,287,267,0,0,2000,0,19-DEC-2017,
OPTSTK,RELIANCE,28-Dec-2017,680,CE,0,0,0,254,247.05,0,0,6000,0,19-DEC-2017,
OPTSTK,RELIANCE,28-Dec-2017,700,CE,0,0,0,230.5,227.05,0,0,22000,0,19-DEC-2017,
OPTSTK,RELIANCE,28-Dec-2017,720,CE,0,0,0,213,207.1,0,0,8000,0,19-DEC-2017,
OPTSTK,RELIANCE,28-Dec-2017,740,CE,0,0,0,187,187.1,0,0,20000,0,19-DEC-2017,
OPTSTK,RELIANCE,28-Dec-2017,760,CE,0,0,0,165.2,167.15,0,0,10000,0,19-DEC-2017,
OPTSTK,RELIANCE,28-Dec-2017,780,CE,0,0,0,148.35,147.2,0,0,11000,0,19-DEC-2017,
OPTSTK,RELIANCE,28-Dec-2017,800,CE,124.75,124.75,124.75,124.75,124.75,1,9.24,27000,0,19-DEC-2017,
OPTSTK,RELIANCE,28-Dec-2017,820,CE,0,0,0,67.2,107.25,0,0,12000,0,19-DEC-2017,
OPTSTK,RELIANCE,28-Dec-2017,840,CE,0,0,0,85.1,87.3,0,0,23000,0,19-DEC-2017,
OPTSTK,RELIANCE,28-Dec-2017,860,CE,64.8,64.8,64.8,64.8,64.8,2,18.49,28000,-2000,19-DEC-2017,
OPTSTK,RELIANCE,28-Dec-2017,880,CE,46.7,49.5,46.7,49.5,49.5,19,176.28,73000,-6000,19-DEC-2017,
OPTSTK,RELIANCE,28-Dec-2017,900,CE,32,34,29.35,32.3,32.3,286,2664.17,304000,-17000,19-DEC-2017,
OPTSTK,RELIANCE,28-Dec-2017,920,CE,19.85,21.3,16.7,19.15,19.15,1628,15279.04,1396000,-233000,19-DEC-2017,
OPTSTK,RELIANCE,28-Dec-2017,940,CE,12.35,12.35,8.75,10.3,10.3,5490,52152.09,4030000,57000,19-DEC-2017,
OPTSTK,RELIANCE,28-Dec-2017,960,CE,5.9,6.75,4.35,5.3,5.3,5703,55037.64,4142000,70000,19-DEC-2017,
OPTSTK,RELIANCE,28-Dec-2017,980,CE,3.7,3.8,2.3,2.9,2.9,1831,17994.67,2004000,-82000,19-DEC-2017,
OPTSTK,RELIANCE,28-Dec-2017,1000,CE,2.5,2.5,1.3,1.75,1.75,1369,13713.09,2224000,21000,19-DEC-2017,
OPTSTK,RELIANCE,28-Dec-2017,1020,CE,1.5,1.5,0.8,1.15,1.15,803,8199.38,861000,-4000,19-DEC-2017,
OPTSTK,RELIANCE,28-Dec-2017,1040,CE,1,1.05,0.65,0.8,0.8,300,3122.23,548000,47000,19-DEC-2017,
OPTSTK,RELIANCE,28-Dec-2017,1060,CE,0.65,0.65,0.45,0.6,0.6,84,890.84,189000,-1000,19-DEC-2017,
OPTSTK,RELIANCE,28-Dec-2017,1080,CE,0.4,0.5,0.3,0.5,0.5,50,540.21,113000,0,19-DEC-2017,
OPTSTK,RELIANCE,28-Dec-2017,1100,CE,0.25,0.4,0.25,0.35,0.35,32,352.1,371000,-13000,19-DEC-2017,
OPTSTK,RELIANCE,28-Dec-2017,1120,CE,0,0,0,0.45,0,0,0,96000,0,19-DEC-2017,
OPTSTK,RELIANCE,28-Dec-2017,1140,CE,0.4,0.4,0.2,0.2,0.2,3,34.2,37000,-2000,19-DEC-2017,
OPTSTK,RELIANCE,28-Dec-2017,600,PE,0,0,0,0.5,0,0,0,1000,0,19-DEC-2017,
OPTSTK,RELIANCE,28-Dec-2017,620,PE,0,0,0,0.45,0,0,0,5000,0,19-DEC-2017,
OPTSTK,RELIANCE,28-Dec-2017,640,PE,0,0,0,0.1,0,0,0,1000,0,19-DEC-2017,
OPTSTK,RELIANCE,28-Dec-2017,660,PE,0,0,0,3.4,0,0,0,0,0,19-DEC-2017,
OPTSTK,RELIANCE,28-Dec-2017,680,PE,0,0,0,0.15,0,0,0,2000,0,19-DEC-2017,
OPTSTK,RELIANCE,28-Dec-2017,700,PE,0,0,0,0.2,0,0,0,2000,0,19-DEC-2017,
OPTSTK,RELIANCE,28-Dec-2017,720,PE,0,0,0,0.15,0,0,0,1000,0,19-DEC-2017,
OPTSTK,RELIANCE,28-Dec-2017,740,PE,0,0,0,18,0,0,0,0,0,19-DEC-2017,
OPTSTK,RELIANCE,28-Dec-2017,760,PE,0,0,0,24.75,0,0,0,0,0,19-DEC-2017,
OPTSTK,RELIANCE,28-Dec-2017,780,PE,0,0,0,0.25,0,0,0,30000,0,19-DEC-2017,
OPTSTK,RELIANCE,28-Dec-2017,800,PE,0.4,0.45,0.3,0.4,0.4,24,192.08,142000,-1000,19-DEC-2017,
OPTSTK,RELIANCE,28-Dec-2017,820,PE,0.7,0.7,0.3,0.45,0.45,146,1197.77,243000,-60000,19-DEC-2017,
OPTSTK,RELIANCE,28-Dec-2017,840,PE,0.9,0.95,0.5,0.8,0.8,336,2824.85,678000,11000,19-DEC-2017,
OPTSTK,RELIANCE,28-Dec-2017,860,PE,1.6,1.75,0.85,1.2,1.2,791,6812.25,1023000,-83000,19-DEC-2017,
OPTSTK,RELIANCE,28-Dec-2017,880,PE,3.4,3.5,1.95,2.35,2.35,1131,9982.17,944000,-5000,19-DEC-2017,
OPTSTK,RELIANCE,28-Dec-2017,900,PE,7.5,7.5,4.8,5.15,5.15,2752,24931.42,1253000,71000,19-DEC-2017,
OPTSTK,RELIANCE,28-Dec-2017,920,PE,13.35,15,10.65,11.45,11.45,3789,35348.97,1396000,-68000,19-DEC-2017,
OPTSTK,RELIANCE,28-Dec-2017,940,PE,25.5,26.15,21.15,22.25,22.25,408,3932.93,453000,-45000,19-DEC-2017,
OPTSTK,RELIANCE,28-Dec-2017,960,PE,37.5,40,36.7,37.55,37.55,26,259.68,151000,-5000,19-DEC-2017,
OPTSTK,RELIANCE,28-Dec-2017,980,PE,56.5,56.5,56.5,56.5,56.5,1,10.36,27000,1000,19-DEC-2017,
OPTSTK,RELIANCE,28-Dec-2017,1000,PE,73.5,73.5,73.5,73.5,73.5,1,10.73,44000,-1000,19-DEC-2017,
OPTSTK,RELIANCE,28-Dec-2017,1020,PE,0,0,0,104.15,92.5,0,0,12000,0,19-DEC-2017,
OPTSTK,RELIANCE,28-Dec-2017,1040,PE,0,0,0,110.75,112.45,0,0,3000,0,19-DEC-2017,
OPTSTK,RELIANCE,28-Dec-2017,1060,PE,0,0,0,257.85,132.4,0,0,0,0,19-DEC-2017,
OPTSTK,RELIANCE,28-Dec-2017,1080,PE,0,0,0,277.3,152.4,0,0,0,0,19-DEC-2017,
OPTSTK,RELIANCE,28-Dec-2017,1100,PE,0,0,0,195.35,172.35,0,0,17000,0,19-DEC-2017,
OPTSTK,RELIANCE,28-Dec-2017,1120,PE,0,0,0,316.4,192.35,0,0,0,0,19-DEC-2017,
OPTSTK,RELIANCE,28-Dec-2017,1140,PE,0,0,0,336,212.3,0,0,0,0,19-DEC-2017,
OPTSTK,RELIANCE,25-Jan-2018,600,CE,0,0,0,356.9,329.85,0,0,0,0,19-DEC-2017,
OPTSTK,RELIANCE,25-Jan-2018,620,CE,0,0,0,337.3,310,0,0,0,0,19-DEC-2017,
OPTSTK,RELIANCE,25-Jan-2018,640,CE,0,0,0,317.8,290.15,0,0,0,0,19-DEC-2017,
OPTSTK,RELIANCE,25-Jan-2018,660,CE,0,0,0,298.35,270.25,0,0,0,0,19-DEC-2017,
OPTSTK,RELIANCE,25-Jan-2018,680,CE,0,0,0,279,250.4,0,0,0,0,19-DEC-2017,
OPTSTK,RELIANCE,25-Jan-2018,700,CE,0,0,0,259.9,230.55,0,0,0,0,19-DEC-2017,
OPTSTK,RELIANCE,25-Jan-2018,720,CE,207,208,206.5,206.5,206.5,7,64.9,7000,7000,19-DEC-2017,
OPTSTK,RELIANCE,25-Jan-2018,740,CE,0,0,0,222.55,190.8,0,0,0,0,19-DEC-2017,
OPTSTK,RELIANCE,25-Jan-2018,760,CE,0,0,0,204.45,170.95,0,0,0,0,19-DEC-2017,
OPTSTK,RELIANCE,25-Jan-2018,780,CE,0,0,0,155,151.15,0,0,1000,0,19-DEC-2017,
OPTSTK,RELIANCE,25-Jan-2018,800,CE,0,0,0,169.85,131.45,0,0,0,0,19-DEC-2017,
OPTSTK,RELIANCE,25-Jan-2018,820,CE,0,0,0,153.6,112.05,0,0,0,0,19-DEC-2017,
OPTSTK,RELIANCE,25-Jan-2018,840,CE,0,0,0,138.05,93.2,0,0,0,0,19-DEC-2017,
OPTSTK,RELIANCE,25-Jan-2018,860,CE,0,0,0,123.45,75.25,0,0,0,0,19-DEC-2017,
OPTSTK,RELIANCE,25-Jan-2018,880,CE,60,60,60,60,60,1,9.4,1000,1000,19-DEC-2017,
OPTSTK,RELIANCE,25-Jan-2018,900,CE,47.5,48,47,48,48,4,37.9,8000,3000,19-DEC-2017,
OPTSTK,RELIANCE,25-Jan-2018,920,CE,38,38,34.5,36.2,36.2,58,554.46,125000,52000,19-DEC-2017,
OPTSTK,RELIANCE,25-Jan-2018,940,CE,28.1,28.35,25.75,27.15,27.15,49,473.77,114000,21000,19-DEC-2017,
OPTSTK,RELIANCE,25-Jan-2018,960,CE,19.6,20.25,18.9,19.8,19.8,73,715.01,139000,21000,19-DEC-2017,
OPTSTK,RELIANCE,25-Jan-2018,980,CE,14.8,15.3,13.7,14.4,14.4,29,288.41,117000,10000,19-DEC-2017,
OPTSTK,RELIANCE,25-Jan-2018,1000,CE,12,12,10.3,10.75,10.75,106,1071.45,388000,32000,19-DEC-2017,
OPTSTK,RELIANCE,25-Jan-2018,1020,CE,8.5,8.5,7,8,8,8,82.22,12000,5000,19-DEC-2017,
OPTSTK,RELIANCE,25-Jan-2018,1040,CE,0,0,0,34.6,1.65,0,0,0,0,19-DEC-2017,
OPTSTK,RELIANCE,25-Jan-2018,1060,CE,0,0,0,7,0.85,0,0,2000,0,19-DEC-2017,
OPTSTK,RELIANCE,25-Jan-2018,1080,CE,0,0,0,24.6,0.4,0,0,0,0,19-DEC-2017,
OPTSTK,RELIANCE,25-Jan-2018,1100,CE,2.7,2.75,2.7,2.75,2.75,6,66.16,17000,6000,19-DEC-2017,
OPTSTK,RELIANCE,25-Jan-2018,1120,CE,0,0,0,1.3,0.1,0,0,4000,0,19-DEC-2017,
OPTSTK,RELIANCE,25-Jan-2018,1140,CE,0,0,0,0.8,0.05,0,0,3000,0,19-DEC-2017,
OPTSTK,RELIANCE,25-Jan-2018,600,PE,0,0,0,0.1,0,0,0,0,0,19-DEC-2017,
OPTSTK,RELIANCE,25-Jan-2018,620,PE,0,0,0,0.2,0,0,0,0,0,19-DEC-2017,
OPTSTK,RELIANCE,25-Jan-2018,640,PE,0,0,0,0.35,0,0,0,0,0,19-DEC-2017,
OPTSTK,RELIANCE,25-Jan-2018,660,PE,0,0,0,0.6,0,0,0,0,0,19-DEC-2017,
OPTSTK,RELIANCE,25-Jan-2018,680,PE,0,0,0,0.95,0,0,0,0,0,19-DEC-2017,
OPTSTK,RELIANCE,25-Jan-2018,700,PE,0,0,0,1.55,0,0,0,0,0,19-DEC-2017,
OPTSTK,RELIANCE,25-Jan-2018,720,PE,0,0,0,2.35,0,0,0,0,0,19-DEC-2017,
OPTSTK,RELIANCE,25-Jan-2018,740,PE,0,0,0,3.5,0.05,0,0,0,0,19-DEC-2017,
OPTSTK,RELIANCE,25-Jan-2018,760,PE,0,0,0,5.1,0.05,0,0,0,0,19-DEC-2017,
OPTSTK,RELIANCE,25-Jan-2018,780,PE,0,0,0,7.2,0.1,0,0,0,0,19-DEC-2017,
OPTSTK,RELIANCE,25-Jan-2018,800,PE,2.05,2.05,1.85,1.85,1.85,3,24.05,16000,-1000,19-DEC-2017,
OPTSTK,RELIANCE,25-Jan-2018,820,PE,0,0,0,3.15,0.75,0,0,8000,0,19-DEC-2017,
OPTSTK,RELIANCE,25-Jan-2018,840,PE,5,5,5,5,5,1,8.45,18000,0,19-DEC-2017,
OPTSTK,RELIANCE,25-Jan-2018,860,PE,9,9,7,7,7,21,182.24,66000,13000,19-DEC-2017,
OPTSTK,RELIANCE,25-Jan-2018,880,PE,12.2,12.4,10.9,11,11,25,222.9,37000,16000,19-DEC-2017,
OPTSTK,RELIANCE,25-Jan-2018,900,PE,17.75,18.75,16,16.9,16.9,33,302.8,82000,13000,19-DEC-2017,
OPTSTK,RELIANCE,25-Jan-2018,920,PE,25.55,27.2,24.5,24.5,24.5,16,151.35,33000,12000,19-DEC-2017,
OPTSTK,RELIANCE,25-Jan-2018,940,PE,36.85,36.85,36,36,36,6,58.58,26000,5000,19-DEC-2017,
OPTSTK,RELIANCE,25-Jan-2018,960,PE,0,0,0,51.5,42.1,0,0,6000,0,19-DEC-2017,
OPTSTK,RELIANCE,25-Jan-2018,980,PE,0,0,0,72.9,56.6,0,0,0,0,19-DEC-2017,
OPTSTK,RELIANCE,25-Jan-2018,1000,PE,0,0,0,93,72.85,0,0,2000,0,19-DEC-2017,
OPTSTK,RELIANCE,25-Jan-2018,1020,PE,0,0,0,97.4,90.45,0,0,0,0,19-DEC-2017,
OPTSTK,RELIANCE,25-Jan-2018,1040,PE,0,0,0,110.9,108.9,0,0,0,0,19-DEC-2017,
OPTSTK,RELIANCE,25-Jan-2018,1060,PE,0,0,0,125.2,128,0,0,0,0,19-DEC-2017,
OPTSTK,RELIANCE,25-Jan-2018,1080,PE,0,0,0,140.3,147.45,0,0,0,0,19-DEC-2017,
OPTSTK,RELIANCE,25-Jan-2018,1100,PE,0,0,0,155.9,167.1,0,0,0,0,19-DEC-2017,
OPTSTK,RELIANCE,25-Jan-2018,1120,PE,0,0,0,172.15,186.85,0,0,0,0,19-DEC-2017,
OPTSTK,RELIANCE,25-Jan-2018,1140,PE,0,0,0,188.9,206.7,0,0,0,0,19-DEC-2017,
OPTSTK,RELIANCE,22-Feb-2018,600,CE,0,0,0,330.35,332.8,0,0,0,0,19-DEC-2017,
OPTSTK,RELIANCE,22-Feb-2018,620,CE,0,0,0,310.65,313.05,0,0,0,0,19-DEC-2017,
OPTSTK,RELIANCE,22-Feb-2018,640,CE,0,0,0,290.95,293.25,0,0,0,0,19-DEC-2017,
OPTSTK,RELIANCE,22-Feb-2018,660,CE,0,0,0,271.35,273.5,0,0,0,0,19-DEC-2017,
OPTSTK,RELIANCE,22-Feb-2018,680,CE,0,0,0,251.8,253.75,0,0,0,0,19-DEC-2017,
OPTSTK,RELIANCE,22-Feb-2018,700,CE,0,0,0,232.4,233.95,0,0,0,0,19-DEC-2017,
OPTSTK,RELIANCE,22-Feb-2018,720,CE,0,0,0,213.15,214.2,0,0,0,0,19-DEC-2017,
OPTSTK,RELIANCE,22-Feb-2018,740,CE,0,0,0,194.2,194.55,0,0,0,0,19-DEC-2017,
OPTSTK,RELIANCE,22-Feb-2018,760,CE,0,0,0,175.65,174.95,0,0,0,0,19-DEC-2017,
OPTSTK,RELIANCE,22-Feb-2018,780,CE,0,0,0,157.6,155.5,0,0,0,0,19-DEC-2017,
OPTSTK,RELIANCE,22-Feb-2018,800,CE,0,0,0,140.25,136.45,0,0,0,0,19-DEC-2017,
OPTSTK,RELIANCE,22-Feb-2018,820,CE,0,0,0,123.7,117.9,0,0,0,0,19-DEC-2017,
OPTSTK,RELIANCE,22-Feb-2018,840,CE,0,0,0,108.05,100.15,0,0,0,0,19-DEC-2017,
OPTSTK,RELIANCE,22-Feb-2018,860,CE,0,0,0,93.5,83.45,0,0,0,0,19-DEC-2017,
OPTSTK,RELIANCE,22-Feb-2018,880,CE,0,0,0,80.05,68.1,0,0,0,0,19-DEC-2017,
OPTSTK,RELIANCE,22-Feb-2018,900,CE,0,0,0,54,54.3,0,0,3000,0,19-DEC-2017,
OPTSTK,RELIANCE,22-Feb-2018,920,CE,0,0,0,56.95,42.35,0,0,0,0,19-DEC-2017,
OPTSTK,RELIANCE,22-Feb-2018,940,CE,0,0,0,47.3,32.2,0,0,0,0,19-DEC-2017,
OPTSTK,RELIANCE,22-Feb-2018,960,CE,0,0,0,38.9,23.85,0,0,0,0,19-DEC-2017,
OPTSTK,RELIANCE,22-Feb-2018,980,CE,0,0,0,31.65,17.25,0,0,0,0,19-DEC-2017,
OPTSTK,RELIANCE,22-Feb-2018,1000,CE,19.55,19.55,19.5,19.5,19.5,2,20.39,125000,1000,19-DEC-2017,
OPTSTK,RELIANCE,22-Feb-2018,1020,CE,0,0,0,20.4,8.4,0,0,0,0,19-DEC-2017,
OPTSTK,RELIANCE,22-Feb-2018,1040,CE,0,0,0,16.1,5.6,0,0,0,0,19-DEC-2017,
OPTSTK,RELIANCE,22-Feb-2018,1060,CE,0,0,0,12.6,3.7,0,0,0,0,19-DEC-2017,
OPTSTK,RELIANCE,22-Feb-2018,1080,CE,0,0,0,9.8,2.35,0,0,0,0,19-DEC-2017,
OPTSTK,RELIANCE,22-Feb-2018,1100,CE,0,0,0,7.5,1.5,0,0,0,0,19-DEC-2017,
OPTSTK,RELIANCE,22-Feb-2018,1120,CE,0,0,0,5.75,0.9,0,0,0,0,19-DEC-2017,
OPTSTK,RELIANCE,22-Feb-2018,1140,CE,0,0,0,4.35,0.55,0,0,0,0,19-DEC-2017,
OPTSTK,RELIANCE,22-Feb-2018,600,PE,0,0,0,0.05,0,0,0,0,0,19-DEC-2017,
OPTSTK,RELIANCE,22-Feb-2018,620,PE,0,0,0,0.05,0,0,0,0,0,19-DEC-2017,
OPTSTK,RELIANCE,22-Feb-2018,640,PE,0,0,0,0.1,0,0,0,0,0,19-DEC-2017,
OPTSTK,RELIANCE,22-Feb-2018,660,PE,0,0,0,0.2,0,0,0,0,0,19-DEC-2017,
OPTSTK,RELIANCE,22-Feb-2018,680,PE,0,0,0,0.35,0,0,0,0,0,19-DEC-2017,
OPTSTK,RELIANCE,22-Feb-2018,700,PE,0,0,0,0.65,0.05,0,0,0,0,19-DEC-2017,
OPTSTK,RELIANCE,22-Feb-2018,720,PE,0,0,0,1.1,0.05,0,0,0,0,19-DEC-2017,
OPTSTK,RELIANCE,22-Feb-2018,740,PE,0,0,0,1.85,0.15,0,0,0,0,19-DEC-2017,
OPTSTK,RELIANCE,22-Feb-2018,760,PE,0,0,0,3.05,0.3,0,0,0,0,19-DEC-2017,
OPTSTK,RELIANCE,22-Feb-2018,780,PE,0,0,0,4.7,0.7,0,0,0,0,19-DEC-2017,
OPTSTK,RELIANCE,22-Feb-2018,800,PE,0,0,0,7.05,1.35,0,0,0,0,19-DEC-2017,
OPTSTK,RELIANCE,22-Feb-2018,820,PE,0,0,0,10.2,2.6,0,0,0,0,19-DEC-2017,
OPTSTK,RELIANCE,22-Feb-2018,840,PE,0,0,0,14.25,4.6,0,0,0,0,19-DEC-2017,
OPTSTK,RELIANCE,22-Feb-2018,860,PE,0,0,0,19.4,7.7,0,0,0,0,19-DEC-2017,
OPTSTK,RELIANCE,22-Feb-2018,880,PE,0,0,0,25.7,12.15,0,0,0,0,19-DEC-2017,
OPTSTK,RELIANCE,22-Feb-2018,900,PE,0,0,0,33.2,18.1,0,0,0,0,19-DEC-2017,
OPTSTK,RELIANCE,22-Feb-2018,920,PE,0,0,0,42,25.9,0,0,0,0,19-DEC-2017,
OPTSTK,RELIANCE,22-Feb-2018,940,PE,0,0,0,52.05,35.5,0,0,0,0,19-DEC-2017,
OPTSTK,RELIANCE,22-Feb-2018,960,PE,0,0,0,63.35,47,0,0,0,0,19-DEC-2017,
OPTSTK,RELIANCE,22-Feb-2018,980,PE,0,0,0,75.8,60.15,0,0,0,0,19-DEC-2017,
OPTSTK,RELIANCE,22-Feb-2018,1000,PE,0,0,0,89.35,74.85,0,0,0,0,19-DEC-2017,
OPTSTK,RELIANCE,22-Feb-2018,1020,PE,0,0,0,103.95,90.8,0,0,0,0,19-DEC-2017,
OPTSTK,RELIANCE,22-Feb-2018,1040,PE,0,0,0,119.4,107.8,0,0,0,0,19-DEC-2017,
OPTSTK,RELIANCE,22-Feb-2018,1060,PE,0,0,0,135.6,125.65,0,0,0,0,19-DEC-2017,
OPTSTK,RELIANCE,22-Feb-2018,1080,PE,0,0,0,152.5,144.1,0,0,0,0,19-DEC-2017,
OPTSTK,RELIANCE,22-Feb-2018,1100,PE,0,0,0,169.95,163,0,0,0,0,19-DEC-2017,
OPTSTK,RELIANCE,22-Feb-2018,1120,PE,0,0,0,187.85,182.2,0,0,0,0,19-DEC-2017,
OPTSTK,RELIANCE,22-Feb-2018,1140,PE,0,0,0,206.15,201.6,0,0,0,0,19-DEC-2017,
OPTSTK,RELINFRA,28-Dec-2017,320,CE,0,0,0,148,123.75,0,0,0,0,19-DEC-2017,
OPTSTK,RELINFRA,28-Dec-2017,340,CE,0,0,0,128.9,103.8,0,0,0,0,19-DEC-2017,
OPTSTK,RELINFRA,28-Dec-2017,360,CE,0,0,0,110.4,83.85,0,0,0,0,19-DEC-2017,
OPTSTK,RELINFRA,28-Dec-2017,380,CE,0,0,0,92.85,63.9,0,0,0,0,19-DEC-2017,
OPTSTK,RELINFRA,28-Dec-2017,400,CE,0,0,0,53.45,44.4,0,0,3900,0,19-DEC-2017,
OPTSTK,RELINFRA,28-Dec-2017,420,CE,25.05,25.05,23.75,24.75,24.75,4,23.1,19500,-1300,19-DEC-2017,
OPTSTK,RELINFRA,28-Dec-2017,440,CE,15.55,15.8,10.35,11.9,11.9,427,2507.97,204100,89700,19-DEC-2017,
OPTSTK,RELINFRA,28-Dec-2017,460,CE,6.5,6.6,3.4,4.35,4.35,934,5638.06,630500,157300,19-DEC-2017,
OPTSTK,RELINFRA,28-Dec-2017,480,CE,2.25,2.3,1.05,1.55,1.55,460,2879.02,538200,75400,19-DEC-2017,
OPTSTK,RELINFRA,28-Dec-2017,500,CE,1.15,1.15,0.6,0.85,0.85,56,364.56,401700,2600,19-DEC-2017,
OPTSTK,RELINFRA,28-Dec-2017,520,CE,0.8,0.8,0.4,0.5,0.5,19,128.56,178100,5200,19-DEC-2017,
OPTSTK,RELINFRA,28-Dec-2017,540,CE,0.35,0.35,0.25,0.25,0.25,2,14.04,92300,0,19-DEC-2017,
OPTSTK,RELINFRA,28-Dec-2017,560,CE,0,0,0,0.7,0,0,0,14300,0,19-DEC-2017,
OPTSTK,RELINFRA,28-Dec-2017,580,CE,0,0,0,0.45,0,0,0,5200,0,19-DEC-2017,
OPTSTK,RELINFRA,28-Dec-2017,600,CE,0,0,0,0.15,0,0,0,6500,0,19-DEC-2017,
OPTSTK,RELINFRA,28-Dec-2017,620,CE,0,0,0,2.55,0,0,0,0,0,19-DEC-2017,
OPTSTK,RELINFRA,28-Dec-2017,640,CE,0,0,0,1.7,0,0,0,0,0,19-DEC-2017,
OPTSTK,RELINFRA,28-Dec-2017,660,CE,0,0,0,1.1,0,0,0,0,0,19-DEC-2017,
OPTSTK,RELINFRA,28-Dec-2017,320,PE,0,0,0,0.4,0,0,0,0,0,19-DEC-2017,
OPTSTK,RELINFRA,28-Dec-2017,340,PE,0,0,0,0.7,0,0,0,11700,0,19-DEC-2017,
OPTSTK,RELINFRA,28-Dec-2017,360,PE,0,0,0,0.9,0,0,0,45500,0,19-DEC-2017,
OPTSTK,RELINFRA,28-Dec-2017,380,PE,0.6,0.65,0.6,0.65,0.65,2,9.89,105300,1300,19-DEC-2017,
OPTSTK,RELINFRA,28-Dec-2017,400,PE,1.2,1.4,0.9,0.95,0.95,56,292,89700,-1300,19-DEC-2017,
OPTSTK,RELINFRA,28-Dec-2017,420,PE,3,3.65,2.15,2.55,2.55,253,1391.23,308100,65000,19-DEC-2017,
OPTSTK,RELINFRA,28-Dec-2017,440,PE,7.8,10.3,7,8.2,8.2,341,1988.36,237900,48100,19-DEC-2017,
OPTSTK,RELINFRA,28-Dec-2017,460,PE,18.5,23,17,20.25,20.25,30,187.32,59800,-13000,19-DEC-2017,
OPTSTK,RELINFRA,28-Dec-2017,480,PE,0,0,0,34.6,37.5,0,0,36400,0,19-DEC-2017,
OPTSTK,RELINFRA,28-Dec-2017,500,PE,58.8,58.8,58.8,58.8,58.8,1,7.26,55900,-1300,19-DEC-2017,
OPTSTK,RELINFRA,28-Dec-2017,520,PE,0,0,0,64,76,0,0,6500,0,19-DEC-2017,
OPTSTK,RELINFRA,28-Dec-2017,540,PE,0,0,0,93.5,95.95,0,0,15600,0,19-DEC-2017,
OPTSTK,RELINFRA,28-Dec-2017,560,PE,0,0,0,122.7,115.9,0,0,20800,0,19-DEC-2017,
OPTSTK,RELINFRA,28-Dec-2017,580,PE,0,0,0,126.5,135.85,0,0,10400,0,19-DEC-2017,
OPTSTK,RELINFRA,28-Dec-2017,600,PE,0,0,0,154.7,155.85,0,0,22100,0,19-DEC-2017,
OPTSTK,RELINFRA,28-Dec-2017,620,PE,0,0,0,163,175.8,0,0,1300,0,19-DEC-2017,
OPTSTK,RELINFRA,28-Dec-2017,640,PE,0,0,0,169.15,195.8,0,0,0,0,19-DEC-2017,
OPTSTK,RELINFRA,28-Dec-2017,660,PE,0,0,0,215.95,215.75,0,0,1300,0,19-DEC-2017,
OPTSTK,RELINFRA,25-Jan-2018,320,CE,0,0,0,175.9,125.4,0,0,0,0,19-DEC-2017,
OPTSTK,RELINFRA,25-Jan-2018,340,CE,0,0,0,156.3,105.75,0,0,0,0,19-DEC-2017,
OPTSTK,RELINFRA,25-Jan-2018,360,CE,0,0,0,136.95,86.55,0,0,0,0,19-DEC-2017,
OPTSTK,RELINFRA,25-Jan-2018,380,CE,0,0,0,118,68.3,0,0,0,0,19-DEC-2017,
OPTSTK,RELINFRA,25-Jan-2018,400,CE,0,0,0,99.75,51.6,0,0,0,0,19-DEC-2017,
OPTSTK,RELINFRA,25-Jan-2018,420,CE,0,0,0,82.55,37.2,0,0,0,0,19-DEC-2017,
OPTSTK,RELINFRA,25-Jan-2018,440,CE,27,27,25.05,25.05,25.05,3,18.16,3900,3900,19-DEC-2017,
OPTSTK,RELINFRA,25-Jan-2018,460,CE,16.7,16.7,16.7,16.7,16.7,1,6.19,2600,1300,19-DEC-2017,
OPTSTK,RELINFRA,25-Jan-2018,480,CE,12.6,12.6,10.85,10.9,10.9,3,19.16,11700,1300,19-DEC-2017,
OPTSTK,RELINFRA,25-Jan-2018,500,CE,8.5,8.5,6.85,6.85,6.85,3,19.78,2600,1300,19-DEC-2017,
OPTSTK,RELINFRA,25-Jan-2018,520,CE,0,0,0,7,3.4,0,0,2600,0,19-DEC-2017,
OPTSTK,RELINFRA,25-Jan-2018,540,CE,0,0,0,0.9,1.8,0,0,1300,0,19-DEC-2017,
OPTSTK,RELINFRA,25-Jan-2018,560,CE,0,0,0,11.25,0.95,0,0,0,0,19-DEC-2017,
OPTSTK,RELINFRA,25-Jan-2018,580,CE,0,0,0,7.7,0.45,0,0,0,0,19-DEC-2017,
OPTSTK,RELINFRA,25-Jan-2018,600,CE,0,0,0,5.2,0.25,0,0,0,0,19-DEC-2017,
OPTSTK,RELINFRA,25-Jan-2018,620,CE,0,0,0,3.45,0.1,0,0,0,0,19-DEC-2017,
OPTSTK,RELINFRA,25-Jan-2018,640,CE,0,0,0,2.25,0.05,0,0,0,0,19-DEC-2017,
OPTSTK,RELINFRA,25-Jan-2018,660,CE,0,0,0,1.45,0.05,0,0,0,0,19-DEC-2017,
OPTSTK,RELINFRA,25-Jan-2018,320,PE,0,0,0,0.05,0.1,0,0,0,0,19-DEC-2017,
OPTSTK,RELINFRA,25-Jan-2018,340,PE,0,0,0,0.2,0.3,0,0,0,0,19-DEC-2017,
OPTSTK,RELINFRA,25-Jan-2018,360,PE,0,0,0,0.5,0.95,0,0,0,0,19-DEC-2017,
OPTSTK,RELINFRA,25-Jan-2018,380,PE,0,0,0,1.25,2.55,0,0,0,0,19-DEC-2017,
OPTSTK,RELINFRA,25-Jan-2018,400,PE,0,0,0,2.65,5.75,0,0,0,0,19-DEC-2017,
OPTSTK,RELINFRA,25-Jan-2018,420,PE,12.7,12.7,12.7,12.7,12.7,1,5.62,1300,1300,19-DEC-2017,
OPTSTK,RELINFRA,25-Jan-2018,440,PE,16.65,21.55,16.65,19.55,19.55,4,23.9,6500,5200,19-DEC-2017,
OPTSTK,RELINFRA,25-Jan-2018,460,PE,31.45,31.45,31.45,31.45,31.45,1,6.38,2600,1300,19-DEC-2017,
OPTSTK,RELINFRA,25-Jan-2018,480,PE,0,0,0,22.25,43.85,0,0,0,0,19-DEC-2017,
OPTSTK,RELINFRA,25-Jan-2018,500,PE,61,61,61,61,61,1,7.29,2600,1300,19-DEC-2017,
OPTSTK,RELINFRA,25-Jan-2018,520,PE,0,0,0,43.4,76.75,0,0,0,0,19-DEC-2017,
OPTSTK,RELINFRA,25-Jan-2018,540,PE,0,0,0,56.75,95.05,0,0,0,0,19-DEC-2017,
OPTSTK,RELINFRA,25-Jan-2018,560,PE,0,0,0,71.65,114.05,0,0,0,0,19-DEC-2017,
OPTSTK,RELINFRA,25-Jan-2018,580,PE,0,0,0,87.8,133.45,0,0,0,0,19-DEC-2017,
OPTSTK,RELINFRA,25-Jan-2018,600,PE,0,0,0,105,153.1,0,0,0,0,19-DEC-2017,
OPTSTK,RELINFRA,25-Jan-2018,620,PE,0,0,0,122.9,172.85,0,0,0,0,19-DEC-2017,
OPTSTK,RELINFRA,25-Jan-2018,640,PE,0,0,0,141.4,192.65,0,0,0,0,19-DEC-2017,
OPTSTK,RELINFRA,25-Jan-2018,660,PE,0,0,0,160.3,212.5,0,0,0,0,19-DEC-2017,
OPTSTK,RELINFRA,22-Feb-2018,320,CE,0,0,0,128.35,127.45,0,0,0,0,19-DEC-2017,
OPTSTK,RELINFRA,22-Feb-2018,340,CE,0,0,0,111.3,108.5,0,0,0,0,19-DEC-2017,
OPTSTK,RELINFRA,22-Feb-2018,360,CE,0,0,0,95.4,90.4,0,0,0,0,19-DEC-2017,
OPTSTK,RELINFRA,22-Feb-2018,380,CE,0,0,0,80.85,73.5,0,0,0,0,19-DEC-2017,
OPTSTK,RELINFRA,22-Feb-2018,400,CE,0,0,0,67.7,58.25,0,0,0,0,19-DEC-2017,
OPTSTK,RELINFRA,22-Feb-2018,420,CE,0,0,0,56.1,44.95,0,0,0,0,19-DEC-2017,
OPTSTK,RELINFRA,22-Feb-2018,440,CE,0,0,0,46.05,33.75,0,0,0,0,19-DEC-2017,
OPTSTK,RELINFRA,22-Feb-2018,460,CE,0,0,0,37.4,24.7,0,0,0,0,19-DEC-2017,
OPTSTK,RELINFRA,22-Feb-2018,480,CE,0,0,0,30.1,17.6,0,0,0,0,19-DEC-2017,
OPTSTK,RELINFRA,22-Feb-2018,500,CE,0,0,0,24,12.3,0,0,0,0,19-DEC-2017,
OPTSTK,RELINFRA,22-Feb-2018,520,CE,0,0,0,19.05,8.35,0,0,0,0,19-DEC-2017,
OPTSTK,RELINFRA,22-Feb-2018,540,CE,0,0,0,15,5.55,0,0,0,0,19-DEC-2017,
OPTSTK,RELINFRA,22-Feb-2018,560,CE,0,0,0,11.7,3.65,0,0,0,0,19-DEC-2017,
OPTSTK,RELINFRA,22-Feb-2018,580,CE,0,0,0,9.1,2.35,0,0,0,0,19-DEC-2017,
OPTSTK,RELINFRA,22-Feb-2018,600,CE,0,0,0,7,1.5,0,0,0,0,19-DEC-2017,
OPTSTK,RELINFRA,22-Feb-2018,620,CE,0,0,0,5.4,0.9,0,0,0,0,19-DEC-2017,
OPTSTK,RELINFRA,22-Feb-2018,640,CE,0,0,0,4.15,0.55,0,0,0,0,19-DEC-2017,
OPTSTK,RELINFRA,22-Feb-2018,320,PE,0,0,0,3.75,0.55,0,0,0,0,19-DEC-2017,
OPTSTK,RELINFRA,22-Feb-2018,340,PE,0,0,0,6.4,1.4,0,0,0,0,19-DEC-2017,
OPTSTK,RELINFRA,22-Feb-2018,360,PE,0,0,0,10.2,3.05,0,0,0,0,19-DEC-2017,
OPTSTK,RELINFRA,22-Feb-2018,380,PE,0,0,0,15.35,5.9,0,0,0,0,19-DEC-2017,
OPTSTK,RELINFRA,22-Feb-2018,400,PE,0,0,0,21.95,10.45,0,0,0,0,19-DEC-2017,
OPTSTK,RELINFRA,22-Feb-2018,420,PE,0,0,0,30.05,16.9,0,0,0,0,19-DEC-2017,
OPTSTK,RELINFRA,22-Feb-2018,440,PE,0,0,0,39.65,25.5,0,0,0,0,19-DEC-2017,
OPTSTK,RELINFRA,22-Feb-2018,460,PE,0,0,0,50.75,36.2,0,0,0,0,19-DEC-2017,
OPTSTK,RELINFRA,22-Feb-2018,480,PE,0,0,0,63.15,48.9,0,0,0,0,19-DEC-2017,
OPTSTK,RELINFRA,22-Feb-2018,500,PE,0,0,0,76.8,63.35,0,0,0,0,19-DEC-2017,
OPTSTK,RELINFRA,22-Feb-2018,520,PE,0,0,0,91.5,79.2,0,0,0,0,19-DEC-2017,
OPTSTK,RELINFRA,22-Feb-2018,540,PE,0,0,0,107.15,96.15,0,0,0,0,19-DEC-2017,
OPTSTK,RELINFRA,22-Feb-2018,560,PE,0,0,0,123.6,114,0,0,0,0,19-DEC-2017,
OPTSTK,RELINFRA,22-Feb-2018,580,PE,0,0,0,140.7,132.5,0,0,0,0,19-DEC-2017,
OPTSTK,RELINFRA,22-Feb-2018,600,PE,0,0,0,158.35,151.4,0,0,0,0,19-DEC-2017,
OPTSTK,RELINFRA,22-Feb-2018,620,PE,0,0,0,176.4,170.6,0,0,0,0,19-DEC-2017,
OPTSTK,RELINFRA,22-Feb-2018,640,PE,0,0,0,194.85,190,0,0,0,0,19-DEC-2017,
OPTSTK,REPCOHOME,28-Dec-2017,420,CE,0,0,0,202.85,251.25,0,0,0,0,19-DEC-2017,
OPTSTK,REPCOHOME,28-Dec-2017,440,CE,0,0,0,183.85,231.3,0,0,0,0,19-DEC-2017,
OPTSTK,REPCOHOME,28-Dec-2017,460,CE,0,0,0,165.3,211.35,0,0,0,0,19-DEC-2017,
OPTSTK,REPCOHOME,28-Dec-2017,480,CE,0,0,0,147.3,191.35,0,0,0,0,19-DEC-2017,
OPTSTK,REPCOHOME,28-Dec-2017,500,CE,0,0,0,130.1,171.4,0,0,0,0,19-DEC-2017,
OPTSTK,REPCOHOME,28-Dec-2017,520,CE,0,0,0,113.85,151.45,0,0,0,0,19-DEC-2017,
OPTSTK,REPCOHOME,28-Dec-2017,540,CE,0,0,0,65.35,131.45,0,0,700,0,19-DEC-2017,
OPTSTK,REPCOHOME,28-Dec-2017,560,CE,0,0,0,84.65,111.5,0,0,0,0,19-DEC-2017,
OPTSTK,REPCOHOME,28-Dec-2017,580,CE,0,0,0,71.95,91.55,0,0,0,0,19-DEC-2017,
OPTSTK,REPCOHOME,28-Dec-2017,600,CE,0,0,0,60.55,71.65,0,0,0,0,19-DEC-2017,
OPTSTK,REPCOHOME,28-Dec-2017,620,CE,0,0,0,35,52.3,0,0,2800,0,19-DEC-2017,
OPTSTK,REPCOHOME,28-Dec-2017,640,CE,0,0,0,34.55,34.45,0,0,3500,0,19-DEC-2017,
OPTSTK,REPCOHOME,28-Dec-2017,660,CE,25.5,25.5,25.5,25.5,25.5,2,9.59,10500,-700,19-DEC-2017,
OPTSTK,REPCOHOME,28-Dec-2017,680,CE,10.5,14.4,10.5,14.4,14.4,4,19.4,2800,0,19-DEC-2017,
OPTSTK,REPCOHOME,28-Dec-2017,700,CE,7.95,7.95,7.95,7.95,7.95,1,4.95,700,700,19-DEC-2017,
OPTSTK,REPCOHOME,28-Dec-2017,720,CE,0,0,0,17.9,1.25,0,0,0,0,19-DEC-2017,
OPTSTK,REPCOHOME,28-Dec-2017,740,CE,0,0,0,14.15,0.35,0,0,0,0,19-DEC-2017,
OPTSTK,REPCOHOME,28-Dec-2017,760,CE,0,0,0,11.15,0.1,0,0,0,0,19-DEC-2017,
OPTSTK,REPCOHOME,28-Dec-2017,780,CE,0,0,0,8.75,0.05,0,0,0,0,19-DEC-2017,
OPTSTK,REPCOHOME,28-Dec-2017,800,CE,0,0,0,6.8,0,0,0,0,0,19-DEC-2017,
OPTSTK,REPCOHOME,28-Dec-2017,820,CE,0,0,0,5.25,0,0,0,0,0,19-DEC-2017,
OPTSTK,REPCOHOME,28-Dec-2017,840,CE,0,0,0,4.05,0,0,0,0,0,19-DEC-2017,
OPTSTK,REPCOHOME,28-Dec-2017,860,CE,0,0,0,3.1,0,0,0,0,0,19-DEC-2017,
OPTSTK,REPCOHOME,28-Dec-2017,880,CE,0,0,0,2.35,0,0,0,0,0,19-DEC-2017,
OPTSTK,REPCOHOME,28-Dec-2017,900,CE,0,0,0,1.8,0,0,0,0,0,19-DEC-2017,
OPTSTK,REPCOHOME,28-Dec-2017,420,PE,0,0,0,0.8,0,0,0,0,0,19-DEC-2017,
OPTSTK,REPCOHOME,28-Dec-2017,440,PE,0,0,0,1.5,0,0,0,0,0,19-DEC-2017,
OPTSTK,REPCOHOME,28-Dec-2017,460,PE,0,0,0,2.6,0,0,0,0,0,19-DEC-2017,
OPTSTK,REPCOHOME,28-Dec-2017,480,PE,0,0,0,4.35,0,0,0,0,0,19-DEC-2017,
OPTSTK,REPCOHOME,28-Dec-2017,500,PE,0,0,0,6.85,0,0,0,0,0,19-DEC-2017,
OPTSTK,REPCOHOME,28-Dec-2017,520,PE,0,0,0,10.25,0,0,0,0,0,19-DEC-2017,
OPTSTK,REPCOHOME,28-Dec-2017,540,PE,0,0,0,14.8,0,0,0,0,0,19-DEC-2017,
OPTSTK,REPCOHOME,28-Dec-2017,560,PE,0,0,0,20.45,0,0,0,0,0,19-DEC-2017,
OPTSTK,REPCOHOME,28-Dec-2017,580,PE,0,0,0,2.05,0.05,0,0,700,0,19-DEC-2017,
OPTSTK,REPCOHOME,28-Dec-2017,600,PE,0,0,0,35.7,0.15,0,0,0,0,19-DEC-2017,
OPTSTK,REPCOHOME,28-Dec-2017,620,PE,0,0,0,18,0.75,0,0,3500,0,19-DEC-2017,
OPTSTK,REPCOHOME,28-Dec-2017,640,PE,0,0,0,38.75,2.85,0,0,700,0,19-DEC-2017,
OPTSTK,REPCOHOME,28-Dec-2017,660,PE,0,0,0,33.35,8.15,0,0,700,0,19-DEC-2017,
OPTSTK,REPCOHOME,28-Dec-2017,680,PE,0,0,0,81.65,17.9,0,0,0,0,19-DEC-2017,
OPTSTK,REPCOHOME,28-Dec-2017,700,PE,0,0,0,95.95,32.15,0,0,0,0,19-DEC-2017,
OPTSTK,REPCOHOME,28-Dec-2017,720,PE,0,0,0,111.2,49.55,0,0,0,0,19-DEC-2017,
OPTSTK,REPCOHOME,28-Dec-2017,740,PE,0,0,0,127.15,68.6,0,0,0,0,19-DEC-2017,
OPTSTK,REPCOHOME,28-Dec-2017,760,PE,0,0,0,143.85,88.3,0,0,0,0,19-DEC-2017,
OPTSTK,REPCOHOME,28-Dec-2017,780,PE,0,0,0,161.1,108.2,0,0,0,0,19-DEC-2017,
OPTSTK,REPCOHOME,28-Dec-2017,800,PE,0,0,0,178.85,128.2,0,0,0,0,19-DEC-2017,
OPTSTK,REPCOHOME,28-Dec-2017,820,PE,0,0,0,197,148.15,0,0,0,0,19-DEC-2017,
OPTSTK,REPCOHOME,28-Dec-2017,840,PE,0,0,0,215.5,168.1,0,0,0,0,19-DEC-2017,
OPTSTK,REPCOHOME,28-Dec-2017,860,PE,0,0,0,234.2,188.1,0,0,0,0,19-DEC-2017,
OPTSTK,REPCOHOME,28-Dec-2017,880,PE,0,0,0,253.2,208.05,0,0,0,0,19-DEC-2017,
OPTSTK,REPCOHOME,28-Dec-2017,900,PE,0,0,0,272.3,228,0,0,0,0,19-DEC-2017,
OPTSTK,REPCOHOME,25-Jan-2018,420,CE,0,0,0,205.25,253.35,0,0,0,0,19-DEC-2017,
OPTSTK,REPCOHOME,25-Jan-2018,440,CE,0,0,0,186.15,233.5,0,0,0,0,19-DEC-2017,
OPTSTK,REPCOHOME,25-Jan-2018,460,CE,0,0,0,167.5,213.6,0,0,0,0,19-DEC-2017,
OPTSTK,REPCOHOME,25-Jan-2018,480,CE,0,0,0,149.4,193.75,0,0,0,0,19-DEC-2017,
OPTSTK,REPCOHOME,25-Jan-2018,500,CE,0,0,0,132,173.9,0,0,0,0,19-DEC-2017,
OPTSTK,REPCOHOME,25-Jan-2018,520,CE,0,0,0,115.5,154.1,0,0,0,0,19-DEC-2017,
OPTSTK,REPCOHOME,25-Jan-2018,540,CE,0,0,0,100.1,134.4,0,0,0,0,19-DEC-2017,
OPTSTK,REPCOHOME,25-Jan-2018,560,CE,0,0,0,85.85,115,0,0,0,0,19-DEC-2017,
OPTSTK,REPCOHOME,25-Jan-2018,580,CE,0,0,0,72.9,96.15,0,0,0,0,19-DEC-2017,
OPTSTK,REPCOHOME,25-Jan-2018,600,CE,0,0,0,61.25,78.25,0,0,0,0,19-DEC-2017,
OPTSTK,REPCOHOME,25-Jan-2018,620,CE,0,0,0,51,61.75,0,0,0,0,19-DEC-2017,
OPTSTK,REPCOHOME,25-Jan-2018,640,CE,0,0,0,42.05,47.1,0,0,0,0,19-DEC-2017,
OPTSTK,REPCOHOME,25-Jan-2018,660,CE,0,0,0,34.35,34.65,0,0,0,0,19-DEC-2017,
OPTSTK,REPCOHOME,25-Jan-2018,680,CE,0,0,0,27.8,24.5,0,0,0,0,19-DEC-2017,
OPTSTK,REPCOHOME,25-Jan-2018,700,CE,0,0,0,22.3,16.65,0,0,0,0,19-DEC-2017,
OPTSTK,REPCOHOME,25-Jan-2018,720,CE,0,0,0,17.8,10.95,0,0,0,0,19-DEC-2017,
OPTSTK,REPCOHOME,25-Jan-2018,740,CE,0,0,0,14.05,6.85,0,0,0,0,19-DEC-2017,
OPTSTK,REPCOHOME,25-Jan-2018,760,CE,0,0,0,11.05,4.15,0,0,0,0,19-DEC-2017,
OPTSTK,REPCOHOME,25-Jan-2018,780,CE,0,0,0,8.6,2.45,0,0,0,0,19-DEC-2017,
OPTSTK,REPCOHOME,25-Jan-2018,800,CE,0,0,0,6.65,1.4,0,0,0,0,19-DEC-2017,
OPTSTK,REPCOHOME,25-Jan-2018,820,CE,0,0,0,5.1,0.75,0,0,0,0,19-DEC-2017,
OPTSTK,REPCOHOME,25-Jan-2018,840,CE,0,0,0,3.9,0.4,0,0,0,0,19-DEC-2017,
OPTSTK,REPCOHOME,25-Jan-2018,860,CE,0,0,0,3,0.2,0,0,0,0,19-DEC-2017,
OPTSTK,REPCOHOME,25-Jan-2018,880,CE,0,0,0,2.25,0.1,0,0,0,0,19-DEC-2017,
OPTSTK,REPCOHOME,25-Jan-2018,900,CE,0,0,0,1.7,0.05,0,0,0,0,19-DEC-2017,
OPTSTK,REPCOHOME,25-Jan-2018,420,PE,0,0,0,0.65,0,0,0,0,0,19-DEC-2017,
OPTSTK,REPCOHOME,25-Jan-2018,440,PE,0,0,0,1.25,0,0,0,0,0,19-DEC-2017,
OPTSTK,REPCOHOME,25-Jan-2018,460,PE,0,0,0,2.3,0,0,0,0,0,19-DEC-2017,
OPTSTK,REPCOHOME,25-Jan-2018,480,PE,0,0,0,3.85,0,0,0,0,0,19-DEC-2017,
OPTSTK,REPCOHOME,25-Jan-2018,500,PE,0,0,0,6.15,0.05,0,0,0,0,19-DEC-2017,
OPTSTK,REPCOHOME,25-Jan-2018,520,PE,0,0,0,9.35,0.1,0,0,0,0,19-DEC-2017,
OPTSTK,REPCOHOME,25-Jan-2018,540,PE,0,0,0,13.6,0.3,0,0,0,0,19-DEC-2017,
OPTSTK,REPCOHOME,25-Jan-2018,560,PE,0,0,0,19.05,0.75,0,0,0,0,19-DEC-2017,
OPTSTK,REPCOHOME,25-Jan-2018,580,PE,0,0,0,25.8,1.8,0,0,0,0,19-DEC-2017,
OPTSTK,REPCOHOME,25-Jan-2018,600,PE,0,0,0,33.85,3.75,0,0,0,0,19-DEC-2017,
OPTSTK,REPCOHOME,25-Jan-2018,620,PE,0,0,0,43.25,7.15,0,0,0,0,19-DEC-2017,
OPTSTK,REPCOHOME,25-Jan-2018,640,PE,0,0,0,54,12.35,0,0,0,0,19-DEC-2017,
OPTSTK,REPCOHOME,25-Jan-2018,660,PE,0,0,0,66,19.75,0,0,0,0,19-DEC-2017,
OPTSTK,REPCOHOME,25-Jan-2018,680,PE,0,0,0,79.15,29.5,0,0,0,0,19-DEC-2017,
OPTSTK,REPCOHOME,25-Jan-2018,700,PE,0,0,0,93.35,41.5,0,0,0,0,19-DEC-2017,
OPTSTK,REPCOHOME,25-Jan-2018,720,PE,0,0,0,108.5,55.65,0,0,0,0,19-DEC-2017,
OPTSTK,REPCOHOME,25-Jan-2018,740,PE,0,0,0,124.45,71.45,0,0,0,0,19-DEC-2017,
OPTSTK,REPCOHOME,25-Jan-2018,760,PE,0,0,0,141.1,88.6,0,0,0,0,19-DEC-2017,
OPTSTK,REPCOHOME,25-Jan-2018,780,PE,0,0,0,158.35,106.75,0,0,0,0,19-DEC-2017,
OPTSTK,REPCOHOME,25-Jan-2018,800,PE,0,0,0,176.1,125.55,0,0,0,0,19-DEC-2017,
OPTSTK,REPCOHOME,25-Jan-2018,820,PE,0,0,0,194.25,144.8,0,0,0,0,19-DEC-2017,
OPTSTK,REPCOHOME,25-Jan-2018,840,PE,0,0,0,212.75,164.35,0,0,0,0,19-DEC-2017,
OPTSTK,REPCOHOME,25-Jan-2018,860,PE,0,0,0,231.5,184,0,0,0,0,19-DEC-2017,
OPTSTK,REPCOHOME,25-Jan-2018,880,PE,0,0,0,250.45,203.8,0,0,0,0,19-DEC-2017,
OPTSTK,REPCOHOME,25-Jan-2018,900,PE,0,0,0,269.6,223.6,0,0,0,0,19-DEC-2017,
OPTSTK,REPCOHOME,22-Feb-2018,420,CE,0,0,0,214.4,255.4,0,0,0,0,19-DEC-2017,
OPTSTK,REPCOHOME,22-Feb-2018,440,CE,0,0,0,195,235.65,0,0,0,0,19-DEC-2017,
OPTSTK,REPCOHOME,22-Feb-2018,460,CE,0,0,0,175.9,215.9,0,0,0,0,19-DEC-2017,
OPTSTK,REPCOHOME,22-Feb-2018,480,CE,0,0,0,157.2,196.2,0,0,0,0,19-DEC-2017,
OPTSTK,REPCOHOME,22-Feb-2018,500,CE,0,0,0,139.1,176.6,0,0,0,0,19-DEC-2017,
OPTSTK,REPCOHOME,22-Feb-2018,520,CE,0,0,0,121.75,157.2,0,0,0,0,19-DEC-2017,
OPTSTK,REPCOHOME,22-Feb-2018,540,CE,0,0,0,105.35,138.2,0,0,0,0,19-DEC-2017,
OPTSTK,REPCOHOME,22-Feb-2018,560,CE,0,0,0,90.15,119.7,0,0,0,0,19-DEC-2017,
OPTSTK,REPCOHOME,22-Feb-2018,580,CE,0,0,0,76.2,102.05,0,0,0,0,19-DEC-2017,
OPTSTK,REPCOHOME,22-Feb-2018,600,CE,0,0,0,63.65,85.5,0,0,0,0,19-DEC-2017,
OPTSTK,REPCOHOME,22-Feb-2018,620,CE,0,0,0,52.55,70.35,0,0,0,0,19-DEC-2017,
OPTSTK,REPCOHOME,22-Feb-2018,640,CE,0,0,0,42.85,56.75,0,0,0,0,19-DEC-2017,
OPTSTK,REPCOHOME,22-Feb-2018,660,CE,0,0,0,34.55,44.85,0,0,0,0,19-DEC-2017,
OPTSTK,REPCOHOME,22-Feb-2018,680,CE,0,0,0,27.55,34.75,0,0,0,0,19-DEC-2017,
OPTSTK,REPCOHOME,22-Feb-2018,700,CE,0,0,0,21.75,26.4,0,0,0,0,19-DEC-2017,
OPTSTK,REPCOHOME,22-Feb-2018,720,CE,0,0,0,17,19.65,0,0,0,0,19-DEC-2017,
OPTSTK,REPCOHOME,22-Feb-2018,740,CE,0,0,0,13.15,14.4,0,0,0,0,19-DEC-2017,
OPTSTK,REPCOHOME,22-Feb-2018,760,CE,0,0,0,10.1,10.3,0,0,0,0,19-DEC-2017,
OPTSTK,REPCOHOME,22-Feb-2018,780,CE,0,0,0,7.65,7.25,0,0,0,0,19-DEC-2017,
OPTSTK,REPCOHOME,22-Feb-2018,800,CE,0,0,0,5.75,5,0,0,0,0,19-DEC-2017,
OPTSTK,REPCOHOME,22-Feb-2018,820,CE,0,0,0,4.3,3.4,0,0,0,0,19-DEC-2017,
OPTSTK,REPCOHOME,22-Feb-2018,840,CE,0,0,0,3.2,2.3,0,0,0,0,19-DEC-2017,
OPTSTK,REPCOHOME,22-Feb-2018,860,CE,0,0,0,2.35,1.5,0,0,0,0,19-DEC-2017,
OPTSTK,REPCOHOME,22-Feb-2018,880,CE,0,0,0,1.75,1,0,0,0,0,19-DEC-2017,
OPTSTK,REPCOHOME,22-Feb-2018,900,CE,0,0,0,1.25,0.65,0,0,0,0,19-DEC-2017,
OPTSTK,REPCOHOME,22-Feb-2018,420,PE,0,0,0,0.3,0,0,0,0,0,19-DEC-2017,
OPTSTK,REPCOHOME,22-Feb-2018,440,PE,0,0,0,0.6,0.05,0,0,0,0,19-DEC-2017,
OPTSTK,REPCOHOME,22-Feb-2018,460,PE,0,0,0,1.2,0.05,0,0,0,0,19-DEC-2017,
OPTSTK,REPCOHOME,22-Feb-2018,480,PE,0,0,0,2.2,0.15,0,0,0,0,19-DEC-2017,
OPTSTK,REPCOHOME,22-Feb-2018,500,PE,0,0,0,3.8,0.3,0,0,0,0,19-DEC-2017,
OPTSTK,REPCOHOME,22-Feb-2018,520,PE,0,0,0,6.15,0.7,0,0,0,0,19-DEC-2017,
OPTSTK,REPCOHOME,22-Feb-2018,540,PE,0,0,0,9.5,1.4,0,0,0,0,19-DEC-2017,
OPTSTK,REPCOHOME,22-Feb-2018,560,PE,0,0,0,14,2.7,0,0,0,0,19-DEC-2017,
OPTSTK,REPCOHOME,22-Feb-2018,580,PE,0,0,0,19.75,4.85,0,0,0,0,19-DEC-2017,
OPTSTK,REPCOHOME,22-Feb-2018,600,PE,0,0,0,26.9,8.1,0,0,0,0,19-DEC-2017,
OPTSTK,REPCOHOME,22-Feb-2018,620,PE,0,0,0,35.5,12.7,0,0,0,0,19-DEC-2017,
OPTSTK,REPCOHOME,22-Feb-2018,640,PE,0,0,0,45.5,18.85,0,0,0,0,19-DEC-2017,
OPTSTK,REPCOHOME,22-Feb-2018,660,PE,0,0,0,56.95,26.75,0,0,0,0,19-DEC-2017,
OPTSTK,REPCOHOME,22-Feb-2018,680,PE,0,0,0,69.65,36.4,0,0,0,0,19-DEC-2017,
OPTSTK,REPCOHOME,22-Feb-2018,700,PE,0,0,0,83.55,47.8,0,0,0,0,19-DEC-2017,
OPTSTK,REPCOHOME,22-Feb-2018,720,PE,0,0,0,98.55,60.85,0,0,0,0,19-DEC-2017,
OPTSTK,REPCOHOME,22-Feb-2018,740,PE,0,0,0,114.35,75.35,0,0,0,0,19-DEC-2017,
OPTSTK,REPCOHOME,22-Feb-2018,760,PE,0,0,0,131,91,0,0,0,0,19-DEC-2017,
OPTSTK,REPCOHOME,22-Feb-2018,780,PE,0,0,0,148.3,107.75,0,0,0,0,19-DEC-2017,
OPTSTK,REPCOHOME,22-Feb-2018,800,PE,0,0,0,166.1,125.3,0,0,0,0,19-DEC-2017,
OPTSTK,REPCOHOME,22-Feb-2018,820,PE,0,0,0,184.35,143.45,0,0,0,0,19-DEC-2017,
OPTSTK,REPCOHOME,22-Feb-2018,840,PE,0,0,0,202.95,162.1,0,0,0,0,19-DEC-2017,
OPTSTK,REPCOHOME,22-Feb-2018,860,PE,0,0,0,221.85,181.1,0,0,0,0,19-DEC-2017,
OPTSTK,REPCOHOME,22-Feb-2018,880,PE,0,0,0,240.9,200.35,0,0,0,0,19-DEC-2017,
OPTSTK,REPCOHOME,22-Feb-2018,900,PE,0,0,0,260.15,219.75,0,0,0,0,19-DEC-2017,
OPTSTK,RNAVAL,28-Dec-2017,22.5,CE,0,0,0,25.7,13.15,0,0,0,0,19-DEC-2017,
OPTSTK,RNAVAL,28-Dec-2017,25,CE,0,0,0,26.5,10.65,0,0,0,0,19-DEC-2017,
OPTSTK,RNAVAL,28-Dec-2017,27.5,CE,0,0,0,25.3,8.15,0,0,0,0,19-DEC-2017,
OPTSTK,RNAVAL,28-Dec-2017,30,CE,0,0,0,22.85,5.7,0,0,0,0,19-DEC-2017,
OPTSTK,RNAVAL,28-Dec-2017,32.5,CE,0,0,0,20.4,3.4,0,0,0,0,19-DEC-2017,
OPTSTK,RNAVAL,28-Dec-2017,35,CE,1.6,1.8,1.55,1.65,1.65,5,16.5,378000,18000,19-DEC-2017,
OPTSTK,RNAVAL,28-Dec-2017,37.5,CE,0.6,0.7,0.55,0.65,0.65,18,61.71,801000,27000,19-DEC-2017,
OPTSTK,RNAVAL,28-Dec-2017,40,CE,0.25,0.3,0.2,0.25,0.25,30,108.67,1692000,18000,19-DEC-2017,
OPTSTK,RNAVAL,28-Dec-2017,42.5,CE,0.15,0.15,0.1,0.1,0.1,2,7.67,531000,-9000,19-DEC-2017,
OPTSTK,RNAVAL,28-Dec-2017,45,CE,0,0,0,0.1,0,0,0,504000,0,19-DEC-2017,
OPTSTK,RNAVAL,28-Dec-2017,47.5,CE,0,0,0,0.05,0,0,0,36000,0,19-DEC-2017,
OPTSTK,RNAVAL,28-Dec-2017,50,CE,0,0,0,0.05,0,0,0,99000,0,19-DEC-2017,
OPTSTK,RNAVAL,28-Dec-2017,52.5,CE,0,0,0,0.2,0,0,0,18000,0,19-DEC-2017,
OPTSTK,RNAVAL,28-Dec-2017,55,CE,0,0,0,0.25,0,0,0,18000,0,19-DEC-2017,
OPTSTK,RNAVAL,28-Dec-2017,57.5,CE,0,0,0,2.85,0,0,0,0,0,19-DEC-2017,
OPTSTK,RNAVAL,28-Dec-2017,60,CE,0,0,0,2.15,0,0,0,0,0,19-DEC-2017,
OPTSTK,RNAVAL,28-Dec-2017,62.5,CE,0,0,0,1.6,0,0,0,0,0,19-DEC-2017,
OPTSTK,RNAVAL,28-Dec-2017,65,CE,0,0,0,1.2,0,0,0,0,0,19-DEC-2017,
OPTSTK,RNAVAL,28-Dec-2017,67.5,CE,0,0,0,0.9,0,0,0,0,0,19-DEC-2017,
OPTSTK,RNAVAL,28-Dec-2017,70,CE,0,0,0,0.65,0,0,0,0,0,19-DEC-2017,
OPTSTK,RNAVAL,28-Dec-2017,72.5,CE,0,0,0,0.45,0,0,0,0,0,19-DEC-2017,
OPTSTK,RNAVAL,28-Dec-2017,75,CE,0,0,0,0.35,0,0,0,0,0,19-DEC-2017,
OPTSTK,RNAVAL,28-Dec-2017,77.5,CE,0,0,0,0.25,0,0,0,0,0,19-DEC-2017,
OPTSTK,RNAVAL,28-Dec-2017,22.5,PE,0,0,0,0.05,0,0,0,0,0,19-DEC-2017,
OPTSTK,RNAVAL,28-Dec-2017,25,PE,0,0,0,0.05,0,0,0,0,0,19-DEC-2017,
OPTSTK,RNAVAL,28-Dec-2017,27.5,PE,0,0,0,0.1,0,0,0,189000,0,19-DEC-2017,
OPTSTK,RNAVAL,28-Dec-2017,30,PE,0.15,0.15,0.1,0.1,0.1,2,5.42,405000,0,19-DEC-2017,
OPTSTK,RNAVAL,28-Dec-2017,32.5,PE,0.3,0.35,0.25,0.25,0.25,8,23.61,261000,-18000,19-DEC-2017,
OPTSTK,RNAVAL,28-Dec-2017,35,PE,0.8,1,0.8,1,1,2,6.46,333000,-9000,19-DEC-2017,
OPTSTK,RNAVAL,28-Dec-2017,37.5,PE,0,0,0,2.8,2.4,0,0,108000,0,19-DEC-2017,
OPTSTK,RNAVAL,28-Dec-2017,40,PE,0,0,0,3.9,4.5,0,0,108000,0,19-DEC-2017,
OPTSTK,RNAVAL,28-Dec-2017,42.5,PE,0,0,0,6.05,6.9,0,0,27000,0,19-DEC-2017,
OPTSTK,RNAVAL,28-Dec-2017,45,PE,0,0,0,7.2,9.35,0,0,18000,0,19-DEC-2017,
OPTSTK,RNAVAL,28-Dec-2017,47.5,PE,0,0,0,2.05,11.85,0,0,0,0,19-DEC-2017,
OPTSTK,RNAVAL,28-Dec-2017,50,PE,0,0,0,3,14.35,0,0,0,0,19-DEC-2017,
OPTSTK,RNAVAL,28-Dec-2017,52.5,PE,0,0,0,4.15,16.85,0,0,0,0,19-DEC-2017,
OPTSTK,RNAVAL,28-Dec-2017,55,PE,0,0,0,11.35,19.35,0,0,9000,0,19-DEC-2017,
OPTSTK,RNAVAL,28-Dec-2017,57.5,PE,0,0,0,7.1,21.85,0,0,0,0,19-DEC-2017,
OPTSTK,RNAVAL,28-Dec-2017,60,PE,0,0,0,8.9,24.35,0,0,0,0,19-DEC-2017,
OPTSTK,RNAVAL,28-Dec-2017,62.5,PE,0,0,0,10.8,26.8,0,0,0,0,19-DEC-2017,
OPTSTK,RNAVAL,28-Dec-2017,65,PE,0,0,0,12.85,29.3,0,0,0,0,19-DEC-2017,
OPTSTK,RNAVAL,28-Dec-2017,67.5,PE,0,0,0,26.9,31.8,0,0,9000,0,19-DEC-2017,
OPTSTK,RNAVAL,28-Dec-2017,70,PE,0,0,0,17.2,34.3,0,0,0,0,19-DEC-2017,
OPTSTK,RNAVAL,28-Dec-2017,72.5,PE,0,0,0,19.5,36.8,0,0,0,0,19-DEC-2017,
OPTSTK,RNAVAL,28-Dec-2017,75,PE,0,0,0,21.8,39.3,0,0,0,0,19-DEC-2017,
OPTSTK,RNAVAL,28-Dec-2017,77.5,PE,0,0,0,24.2,41.8,0,0,0,0,19-DEC-2017,
OPTSTK,RNAVAL,25-Jan-2018,22.5,CE,0,0,0,25.8,13.25,0,0,0,0,19-DEC-2017,
OPTSTK,RNAVAL,25-Jan-2018,25,CE,0,0,0,26.6,10.8,0,0,0,0,19-DEC-2017,
OPTSTK,RNAVAL,25-Jan-2018,27.5,CE,0,0,0,25.35,8.45,0,0,0,0,19-DEC-2017,
OPTSTK,RNAVAL,25-Jan-2018,30,CE,0,0,0,22.9,6.25,0,0,0,0,19-DEC-2017,
OPTSTK,RNAVAL,25-Jan-2018,32.5,CE,0,0,0,20.45,4.4,0,0,0,0,19-DEC-2017,
OPTSTK,RNAVAL,25-Jan-2018,35,CE,0,0,0,3.65,2.9,0,0,9000,0,19-DEC-2017,
OPTSTK,RNAVAL,25-Jan-2018,37.5,CE,0,0,0,15.55,1.8,0,0,0,0,19-DEC-2017,
OPTSTK,RNAVAL,25-Jan-2018,40,CE,0,0,0,13.15,1.1,0,0,0,0,19-DEC-2017,
OPTSTK,RNAVAL,25-Jan-2018,42.5,CE,0,0,0,10.8,0.6,0,0,0,0,19-DEC-2017,
OPTSTK,RNAVAL,25-Jan-2018,45,CE,0,0,0,0.25,0.35,0,0,90000,0,19-DEC-2017,
OPTSTK,RNAVAL,25-Jan-2018,47.5,CE,0,0,0,6.65,0.2,0,0,0,0,19-DEC-2017,
OPTSTK,RNAVAL,25-Jan-2018,50,CE,0,0,0,4.95,0.1,0,0,0,0,19-DEC-2017,
OPTSTK,RNAVAL,25-Jan-2018,52.5,CE,0,0,0,3.55,0.05,0,0,0,0,19-DEC-2017,
OPTSTK,RNAVAL,25-Jan-2018,55,CE,0,0,0,2.45,0.05,0,0,0,0,19-DEC-2017,
OPTSTK,RNAVAL,25-Jan-2018,57.5,CE,0,0,0,1.65,0.05,0,0,0,0,19-DEC-2017,
OPTSTK,RNAVAL,25-Jan-2018,60,CE,0,0,0,1.05,0,0,0,0,0,19-DEC-2017,
OPTSTK,RNAVAL,25-Jan-2018,62.5,CE,0,0,0,0.65,0,0,0,0,0,19-DEC-2017,
OPTSTK,RNAVAL,25-Jan-2018,65,CE,0,0,0,0.4,0,0,0,0,0,19-DEC-2017,
OPTSTK,RNAVAL,25-Jan-2018,67.5,CE,0,0,0,0.25,0,0,0,0,0,19-DEC-2017,
OPTSTK,RNAVAL,25-Jan-2018,70,CE,0,0,0,0.15,0,0,0,0,0,19-DEC-2017,
OPTSTK,RNAVAL,25-Jan-2018,72.5,CE,0,0,0,0.1,0,0,0,0,0,19-DEC-2017,
OPTSTK,RNAVAL,25-Jan-2018,75,CE,0,0,0,0.05,0,0,0,0,0,19-DEC-2017,
OPTSTK,RNAVAL,25-Jan-2018,77.5,CE,0,0,0,0.05,0,0,0,0,0,19-DEC-2017,
OPTSTK,RNAVAL,25-Jan-2018,22.5,PE,0,0,0,0.05,0.05,0,0,0,0,19-DEC-2017,
OPTSTK,RNAVAL,25-Jan-2018,25,PE,0,0,0,2.05,0.05,0,0,162000,0,19-DEC-2017,
OPTSTK,RNAVAL,25-Jan-2018,27.5,PE,0,0,0,0.05,0.15,0,0,0,0,19-DEC-2017,
OPTSTK,RNAVAL,25-Jan-2018,30,PE,0,0,0,0.05,0.5,0,0,0,0,19-DEC-2017,
OPTSTK,RNAVAL,25-Jan-2018,32.5,PE,0,0,0,0.05,1.1,0,0,0,0,19-DEC-2017,
OPTSTK,RNAVAL,25-Jan-2018,35,PE,0,0,0,0.05,2.1,0,0,0,0,19-DEC-2017,
OPTSTK,RNAVAL,25-Jan-2018,37.5,PE,0,0,0,0.05,3.45,0,0,0,0,19-DEC-2017,
OPTSTK,RNAVAL,25-Jan-2018,40,PE,0,0,0,0.1,5.2,0,0,0,0,19-DEC-2017,
OPTSTK,RNAVAL,25-Jan-2018,42.5,PE,0,0,0,0.25,7.25,0,0,0,0,19-DEC-2017,
OPTSTK,RNAVAL,25-Jan-2018,45,PE,0,0,0,0.5,9.45,0,0,0,0,19-DEC-2017,
OPTSTK,RNAVAL,25-Jan-2018,47.5,PE,0,0,0,1,11.75,0,0,0,0,19-DEC-2017,
OPTSTK,RNAVAL,25-Jan-2018,50,PE,0,0,0,1.75,14.15,0,0,0,0,19-DEC-2017,
OPTSTK,RNAVAL,25-Jan-2018,52.5,PE,0,0,0,2.8,16.6,0,0,0,0,19-DEC-2017,
OPTSTK,RNAVAL,25-Jan-2018,55,PE,0,0,0,4.2,19.1,0,0,0,0,19-DEC-2017,
OPTSTK,RNAVAL,25-Jan-2018,57.5,PE,0,0,0,5.8,21.55,0,0,0,0,19-DEC-2017,
OPTSTK,RNAVAL,25-Jan-2018,60,PE,0,0,0,7.7,24.05,0,0,0,0,19-DEC-2017,
OPTSTK,RNAVAL,25-Jan-2018,62.5,PE,0,0,0,9.8,26.5,0,0,0,0,19-DEC-2017,
OPTSTK,RNAVAL,25-Jan-2018,65,PE,0,0,0,12,29,0,0,0,0,19-DEC-2017,
OPTSTK,RNAVAL,25-Jan-2018,67.5,PE,0,0,0,14.3,31.5,0,0,0,0,19-DEC-2017,
OPTSTK,RNAVAL,25-Jan-2018,70,PE,0,0,0,16.65,33.95,0,0,0,0,19-DEC-2017,
OPTSTK,RNAVAL,25-Jan-2018,72.5,PE,0,0,0,19.05,36.45,0,0,0,0,19-DEC-2017,
OPTSTK,RNAVAL,25-Jan-2018,75,PE,0,0,0,21.5,38.95,0,0,0,0,19-DEC-2017,
OPTSTK,RNAVAL,25-Jan-2018,77.5,PE,0,0,0,23.95,41.4,0,0,0,0,19-DEC-2017,
OPTSTK,RNAVAL,22-Feb-2018,22.5,CE,0,0,0,17.3,13.45,0,0,0,0,19-DEC-2017,
OPTSTK,RNAVAL,22-Feb-2018,25,CE,0,0,0,14.95,11.05,0,0,0,0,19-DEC-2017,
OPTSTK,RNAVAL,22-Feb-2018,27.5,CE,0,0,0,12.7,8.85,0,0,0,0,19-DEC-2017,
OPTSTK,RNAVAL,22-Feb-2018,30,CE,0,0,0,10.65,6.9,0,0,0,0,19-DEC-2017,
OPTSTK,RNAVAL,22-Feb-2018,32.5,CE,0,0,0,8.75,5.2,0,0,0,0,19-DEC-2017,
OPTSTK,RNAVAL,22-Feb-2018,35,CE,0,0,0,7.1,3.8,0,0,0,0,19-DEC-2017,
OPTSTK,RNAVAL,22-Feb-2018,37.5,CE,0,0,0,5.65,2.7,0,0,0,0,19-DEC-2017,
OPTSTK,RNAVAL,22-Feb-2018,40,CE,0,0,0,4.45,1.85,0,0,0,0,19-DEC-2017,
OPTSTK,RNAVAL,22-Feb-2018,42.5,CE,0,0,0,3.45,1.25,0,0,0,0,19-DEC-2017,
OPTSTK,RNAVAL,22-Feb-2018,45,CE,0,0,0,2.65,0.85,0,0,0,0,19-DEC-2017,
OPTSTK,RNAVAL,22-Feb-2018,47.5,CE,0,0,0,2.05,0.55,0,0,0,0,19-DEC-2017,
OPTSTK,RNAVAL,22-Feb-2018,50,CE,0,0,0,1.55,0.35,0,0,0,0,19-DEC-2017,
OPTSTK,RNAVAL,22-Feb-2018,52.5,CE,0,0,0,1.15,0.25,0,0,0,0,19-DEC-2017,
OPTSTK,RNAVAL,22-Feb-2018,55,CE,0,0,0,0.85,0.15,0,0,0,0,19-DEC-2017,
OPTSTK,RNAVAL,22-Feb-2018,57.5,CE,0,0,0,0.65,0.1,0,0,0,0,19-DEC-2017,
OPTSTK,RNAVAL,22-Feb-2018,60,CE,0,0,0,0.5,0.05,0,0,0,0,19-DEC-2017,
OPTSTK,RNAVAL,22-Feb-2018,62.5,CE,0,0,0,0.35,0.05,0,0,0,0,19-DEC-2017,
OPTSTK,RNAVAL,22-Feb-2018,65,CE,0,0,0,0.25,0.05,0,0,0,0,19-DEC-2017,
OPTSTK,RNAVAL,22-Feb-2018,22.5,PE,0,0,0,0.1,0.05,0,0,0,0,19-DEC-2017,
OPTSTK,RNAVAL,22-Feb-2018,25,PE,0,0,0,0.2,0.2,0,0,0,0,19-DEC-2017,
OPTSTK,RNAVAL,22-Feb-2018,27.5,PE,0,0,0,0.4,0.45,0,0,0,0,19-DEC-2017,
OPTSTK,RNAVAL,22-Feb-2018,30,PE,0,0,0,0.8,0.95,0,0,0,0,19-DEC-2017,
OPTSTK,RNAVAL,22-Feb-2018,32.5,PE,0,0,0,1.35,1.7,0,0,0,0,19-DEC-2017,
OPTSTK,RNAVAL,22-Feb-2018,35,PE,0,0,0,2.15,2.8,0,0,0,0,19-DEC-2017,
OPTSTK,RNAVAL,22-Feb-2018,37.5,PE,0,0,0,3.2,4.15,0,0,0,0,19-DEC-2017,
OPTSTK,RNAVAL,22-Feb-2018,40,PE,0,0,0,4.45,5.8,0,0,0,0,19-DEC-2017,
OPTSTK,RNAVAL,22-Feb-2018,42.5,PE,0,0,0,5.95,7.7,0,0,0,0,19-DEC-2017,
OPTSTK,RNAVAL,22-Feb-2018,45,PE,0,0,0,7.6,9.75,0,0,0,0,19-DEC-2017,
OPTSTK,RNAVAL,22-Feb-2018,47.5,PE,0,0,0,9.45,11.9,0,0,0,0,19-DEC-2017,
OPTSTK,RNAVAL,22-Feb-2018,50,PE,0,0,0,11.4,14.2,0,0,0,0,19-DEC-2017,
OPTSTK,RNAVAL,22-Feb-2018,52.5,PE,0,0,0,13.5,16.55,0,0,0,0,19-DEC-2017,
OPTSTK,RNAVAL,22-Feb-2018,55,PE,0,0,0,15.65,18.95,0,0,0,0,19-DEC-2017,
OPTSTK,RNAVAL,22-Feb-2018,57.5,PE,0,0,0,17.9,21.35,0,0,0,0,19-DEC-2017,
OPTSTK,RNAVAL,22-Feb-2018,60,PE,0,0,0,20.2,23.8,0,0,0,0,19-DEC-2017,
OPTSTK,RNAVAL,22-Feb-2018,62.5,PE,0,0,0,22.55,26.25,0,0,0,0,19-DEC-2017,
OPTSTK,RNAVAL,22-Feb-2018,65,PE,0,0,0,24.9,28.7,0,0,0,0,19-DEC-2017,
OPTSTK,RPOWER,28-Dec-2017,22.5,CE,0,0,0,18.95,14.55,0,0,0,0,19-DEC-2017,
OPTSTK,RPOWER,28-Dec-2017,25,CE,0,0,0,16.5,12.05,0,0,0,0,19-DEC-2017,
OPTSTK,RPOWER,28-Dec-2017,27.5,CE,0,0,0,14.1,9.55,0,0,0,0,19-DEC-2017,
OPTSTK,RPOWER,28-Dec-2017,30,CE,0,0,0,8.3,7.05,0,0,48000,0,19-DEC-2017,
OPTSTK,RPOWER,28-Dec-2017,32.5,CE,4.35,4.35,4.35,4.35,4.35,1,4.42,96000,0,19-DEC-2017,
OPTSTK,RPOWER,28-Dec-2017,35,CE,1.75,2.15,1.75,2.1,2.1,8,35.54,408000,-12000,19-DEC-2017,
OPTSTK,RPOWER,28-Dec-2017,37.5,CE,0.45,0.6,0.4,0.55,0.55,139,634.09,1764000,204000,19-DEC-2017,
OPTSTK,RPOWER,28-Dec-2017,40,CE,0.1,0.15,0.1,0.15,0.15,67,322.66,4596000,48000,19-DEC-2017,
OPTSTK,RPOWER,28-Dec-2017,42.5,CE,0.05,0.1,0.05,0.1,0.1,3,15.33,1836000,36000,19-DEC-2017,
OPTSTK,RPOWER,28-Dec-2017,45,CE,0.05,0.05,0.05,0.05,0.05,1,5.4,912000,-12000,19-DEC-2017,
OPTSTK,RPOWER,28-Dec-2017,47.5,CE,0,0,0,0.05,0,0,0,288000,0,19-DEC-2017,
OPTSTK,RPOWER,28-Dec-2017,50,CE,0,0,0,0.05,0,0,0,276000,0,19-DEC-2017,
OPTSTK,RPOWER,28-Dec-2017,52.5,CE,0,0,0,0.95,0,0,0,0,0,19-DEC-2017,
OPTSTK,RPOWER,28-Dec-2017,55,CE,0,0,0,0.7,0,0,0,0,0,19-DEC-2017,
OPTSTK,RPOWER,28-Dec-2017,57.5,CE,0,0,0,0.5,0,0,0,0,0,19-DEC-2017,
OPTSTK,RPOWER,28-Dec-2017,60,CE,0,0,0,0.35,0,0,0,0,0,19-DEC-2017,
OPTSTK,RPOWER,28-Dec-2017,62.5,CE,0,0,0,0.25,0,0,0,0,0,19-DEC-2017,
OPTSTK,RPOWER,28-Dec-2017,22.5,PE,0,0,0,0.05,0,0,0,0,0,19-DEC-2017,
OPTSTK,RPOWER,28-Dec-2017,25,PE,0,0,0,0.05,0,0,0,60000,0,19-DEC-2017,
OPTSTK,RPOWER,28-Dec-2017,27.5,PE,0.15,0.15,0.05,0.05,0.05,28,92.72,180000,12000,19-DEC-2017,
OPTSTK,RPOWER,28-Dec-2017,30,PE,0,0,0,0.05,0,0,0,624000,0,19-DEC-2017,
OPTSTK,RPOWER,28-Dec-2017,32.5,PE,0.05,0.1,0.05,0.1,0.1,15,58.59,732000,-48000,19-DEC-2017,
OPTSTK,RPOWER,28-Dec-2017,35,PE,0.3,0.3,0.1,0.15,0.15,43,181.59,1188000,96000,19-DEC-2017,
OPTSTK,RPOWER,28-Dec-2017,37.5,PE,1.25,1.25,1,1,1,5,23.18,696000,-24000,19-DEC-2017,
OPTSTK,RPOWER,28-Dec-2017,40,PE,3.1,3.1,3.05,3.1,3.1,8,41.37,384000,-96000,19-DEC-2017,
OPTSTK,RPOWER,28-Dec-2017,42.5,PE,0,0,0,6.3,5.45,0,0,336000,0,19-DEC-2017,
OPTSTK,RPOWER,28-Dec-2017,45,PE,0,0,0,6.5,7.95,0,0,60000,0,19-DEC-2017,
OPTSTK,RPOWER,28-Dec-2017,47.5,PE,0,0,0,9.1,10.45,0,0,48000,0,19-DEC-2017,
OPTSTK,RPOWER,28-Dec-2017,50,PE,0,0,0,13.5,12.95,0,0,180000,0,19-DEC-2017,
OPTSTK,RPOWER,28-Dec-2017,52.5,PE,0,0,0,11.6,15.45,0,0,0,0,19-DEC-2017,
OPTSTK,RPOWER,28-Dec-2017,55,PE,0,0,0,13.8,17.95,0,0,0,0,19-DEC-2017,
OPTSTK,RPOWER,28-Dec-2017,57.5,PE,0,0,0,17.5,20.45,0,0,12000,0,19-DEC-2017,
OPTSTK,RPOWER,28-Dec-2017,60,PE,0,0,0,18.35,22.95,0,0,0,0,19-DEC-2017,
OPTSTK,RPOWER,28-Dec-2017,62.5,PE,0,0,0,20.7,25.4,0,0,0,0,19-DEC-2017,
OPTSTK,RPOWER,25-Jan-2018,22.5,CE,0,0,0,17.85,14.65,0,0,0,0,19-DEC-2017,
OPTSTK,RPOWER,25-Jan-2018,25,CE,0,0,0,15.4,12.2,0,0,0,0,19-DEC-2017,
OPTSTK,RPOWER,25-Jan-2018,27.5,CE,0,0,0,12.95,9.7,0,0,0,0,19-DEC-2017,
OPTSTK,RPOWER,25-Jan-2018,30,CE,0,0,0,10.55,7.25,0,0,0,0,19-DEC-2017,
OPTSTK,RPOWER,25-Jan-2018,32.5,CE,0,0,0,8.25,4.9,0,0,0,0,19-DEC-2017,
OPTSTK,RPOWER,25-Jan-2018,35,CE,0,0,0,3.5,2.85,0,0,13000,0,19-DEC-2017,
OPTSTK,RPOWER,25-Jan-2018,37.5,CE,1.55,1.55,1.5,1.5,1.5,2,10.14,39000,13000,19-DEC-2017,
OPTSTK,RPOWER,25-Jan-2018,40,CE,0.8,0.8,0.8,0.8,0.8,3,15.91,104000,26000,19-DEC-2017,
OPTSTK,RPOWER,25-Jan-2018,42.5,CE,0,0,0,1.9,0.2,0,0,0,0,19-DEC-2017,
OPTSTK,RPOWER,25-Jan-2018,45,CE,0,0,0,1.15,0.05,0,0,0,0,19-DEC-2017,
OPTSTK,RPOWER,25-Jan-2018,47.5,CE,0,0,0,0.7,0.05,0,0,0,0,19-DEC-2017,
OPTSTK,RPOWER,25-Jan-2018,50,CE,0,0,0,0.4,0,0,0,0,0,19-DEC-2017,
OPTSTK,RPOWER,25-Jan-2018,52.5,CE,0,0,0,0.2,0,0,0,0,0,19-DEC-2017,
OPTSTK,RPOWER,25-Jan-2018,55,CE,0,0,0,0.1,0,0,0,0,0,19-DEC-2017,
OPTSTK,RPOWER,25-Jan-2018,57.5,CE,0,0,0,0.05,0,0,0,0,0,19-DEC-2017,
OPTSTK,RPOWER,25-Jan-2018,60,CE,0,0,0,0.05,0,0,0,0,0,19-DEC-2017,
OPTSTK,RPOWER,25-Jan-2018,62.5,CE,0,0,0,0.05,0,0,0,0,0,19-DEC-2017,
OPTSTK,RPOWER,25-Jan-2018,22.5,PE,0,0,0,0.05,0,0,0,0,0,19-DEC-2017,
OPTSTK,RPOWER,25-Jan-2018,25,PE,0,0,0,0.05,0,0,0,0,0,19-DEC-2017,
OPTSTK,RPOWER,25-Jan-2018,27.5,PE,0,0,0,0.05,0,0,0,0,0,19-DEC-2017,
OPTSTK,RPOWER,25-Jan-2018,30,PE,2.75,2.75,2.75,2.75,2.75,30,127.72,390000,390000,19-DEC-2017,
OPTSTK,RPOWER,25-Jan-2018,32.5,PE,0,0,0,0.25,0.15,0,0,0,0,19-DEC-2017,
OPTSTK,RPOWER,25-Jan-2018,35,PE,0,0,0,0.65,0.65,0,0,0,0,19-DEC-2017,
OPTSTK,RPOWER,25-Jan-2018,37.5,PE,0,0,0,1.75,1.65,0,0,13000,0,19-DEC-2017,
OPTSTK,RPOWER,25-Jan-2018,40,PE,0,0,0,2.35,3.3,0,0,0,0,19-DEC-2017,
OPTSTK,RPOWER,25-Jan-2018,42.5,PE,0,0,0,3.75,5.45,0,0,0,0,19-DEC-2017,
OPTSTK,RPOWER,25-Jan-2018,45,PE,0,0,0,5.45,7.8,0,0,0,0,19-DEC-2017,
OPTSTK,RPOWER,25-Jan-2018,47.5,PE,0,0,0,7.45,10.2,0,0,0,0,19-DEC-2017,
OPTSTK,RPOWER,25-Jan-2018,50,PE,0,0,0,9.6,12.7,0,0,0,0,19-DEC-2017,
OPTSTK,RPOWER,25-Jan-2018,52.5,PE,0,0,0,11.9,15.2,0,0,0,0,19-DEC-2017,
OPTSTK,RPOWER,25-Jan-2018,55,PE,0,0,0,14.25,17.65,0,0,0,0,19-DEC-2017,
OPTSTK,RPOWER,25-Jan-2018,57.5,PE,0,0,0,16.65,20.15,0,0,0,0,19-DEC-2017,
OPTSTK,RPOWER,25-Jan-2018,60,PE,0,0,0,19.1,22.65,0,0,0,0,19-DEC-2017,
OPTSTK,RPOWER,25-Jan-2018,62.5,PE,0,0,0,21.55,25.1,0,0,0,0,19-DEC-2017,
OPTSTK,RPOWER,22-Feb-2018,22.5,CE,0,0,0,15.85,14.8,0,0,0,0,19-DEC-2017,
OPTSTK,RPOWER,22-Feb-2018,25,CE,0,0,0,13.4,12.3,0,0,0,0,19-DEC-2017,
OPTSTK,RPOWER,22-Feb-2018,27.5,CE,0,0,0,11.05,9.85,0,0,0,0,19-DEC-2017,
OPTSTK,RPOWER,22-Feb-2018,30,CE,0,0,0,8.8,7.45,0,0,0,0,19-DEC-2017,
OPTSTK,RPOWER,22-Feb-2018,32.5,CE,0,0,0,6.75,5.25,0,0,0,0,19-DEC-2017,
OPTSTK,RPOWER,22-Feb-2018,35,CE,0,0,0,4.95,3.4,0,0,0,0,19-DEC-2017,
OPTSTK,RPOWER,22-Feb-2018,37.5,CE,0,0,0,3.55,2,0,0,0,0,19-DEC-2017,
OPTSTK,RPOWER,22-Feb-2018,40,CE,0,0,0,2.4,1.05,0,0,0,0,19-DEC-2017,
OPTSTK,RPOWER,22-Feb-2018,42.5,CE,0,0,0,1.6,0.5,0,0,0,0,19-DEC-2017,
OPTSTK,RPOWER,22-Feb-2018,45,CE,0,0,0,1.05,0.25,0,0,0,0,19-DEC-2017,
OPTSTK,RPOWER,22-Feb-2018,47.5,CE,0,0,0,0.65,0.1,0,0,0,0,19-DEC-2017,
OPTSTK,RPOWER,22-Feb-2018,50,CE,0,0,0,0.4,0.05,0,0,0,0,19-DEC-2017,
OPTSTK,RPOWER,22-Feb-2018,52.5,CE,0,0,0,0.25,0.05,0,0,0,0,19-DEC-2017,
OPTSTK,RPOWER,22-Feb-2018,55,CE,0,0,0,0.15,0,0,0,0,0,19-DEC-2017,
OPTSTK,RPOWER,22-Feb-2018,57.5,CE,0,0,0,0.1,0,0,0,0,0,19-DEC-2017,
OPTSTK,RPOWER,22-Feb-2018,60,CE,0,0,0,0.05,0,0,0,0,0,19-DEC-2017,
OPTSTK,RPOWER,22-Feb-2018,62.5,CE,0,0,0,0.05,0,0,0,0,0,19-DEC-2017,
OPTSTK,RPOWER,22-Feb-2018,22.5,PE,0,0,0,0.05,0,0,0,0,0,19-DEC-2017,
OPTSTK,RPOWER,22-Feb-2018,25,PE,0,0,0,0.05,0,0,0,0,0,19-DEC-2017,
OPTSTK,RPOWER,22-Feb-2018,27.5,PE,0,0,0,0.15,0.05,0,0,0,0,19-DEC-2017,
OPTSTK,RPOWER,22-Feb-2018,30,PE,0,0,0,0.35,0.1,0,0,0,0,19-DEC-2017,
OPTSTK,RPOWER,22-Feb-2018,32.5,PE,0,0,0,0.75,0.4,0,0,0,0,19-DEC-2017,
OPTSTK,RPOWER,22-Feb-2018,35,PE,0,0,0,1.45,1,0,0,0,0,19-DEC-2017,
OPTSTK,RPOWER,22-Feb-2018,37.5,PE,0,0,0,2.5,2.05,0,0,0,0,19-DEC-2017,
OPTSTK,RPOWER,22-Feb-2018,40,PE,0,0,0,3.85,3.6,0,0,0,0,19-DEC-2017,
OPTSTK,RPOWER,22-Feb-2018,42.5,PE,0,0,0,5.5,5.55,0,0,0,0,19-DEC-2017,
OPTSTK,RPOWER,22-Feb-2018,45,PE,0,0,0,7.4,7.75,0,0,0,0,19-DEC-2017,
OPTSTK,RPOWER,22-Feb-2018,47.5,PE,0,0,0,9.45,10.05,0,0,0,0,19-DEC-2017,
OPTSTK,RPOWER,22-Feb-2018,50,PE,0,0,0,11.65,12.5,0,0,0,0,19-DEC-2017,
OPTSTK,RPOWER,22-Feb-2018,52.5,PE,0,0,0,14,14.95,0,0,0,0,19-DEC-2017,
OPTSTK,RPOWER,22-Feb-2018,55,PE,0,0,0,16.35,17.4,0,0,0,0,19-DEC-2017,
OPTSTK,RPOWER,22-Feb-2018,57.5,PE,0,0,0,18.75,19.85,0,0,0,0,19-DEC-2017,
OPTSTK,RPOWER,22-Feb-2018,60,PE,0,0,0,21.2,22.35,0,0,0,0,19-DEC-2017,
OPTSTK,RPOWER,22-Feb-2018,62.5,PE,0,0,0,23.65,24.8,0,0,0,0,19-DEC-2017,
OPTSTK,SAIL,28-Dec-2017,37.5,CE,0,0,0,16.45,45.8,0,0,0,0,19-DEC-2017,
OPTSTK,SAIL,28-Dec-2017,40,CE,0,0,0,14.1,43.3,0,0,0,0,19-DEC-2017,
OPTSTK,SAIL,28-Dec-2017,42.5,CE,0,0,0,11.9,40.8,0,0,0,0,19-DEC-2017,
OPTSTK,SAIL,28-Dec-2017,45,CE,0,0,0,9.9,38.3,0,0,0,0,19-DEC-2017,
OPTSTK,SAIL,28-Dec-2017,47.5,CE,0,0,0,8.05,35.8,0,0,0,0,19-DEC-2017,
OPTSTK,SAIL,28-Dec-2017,50,CE,0,0,0,28,33.3,0,0,12000,0,19-DEC-2017,
OPTSTK,SAIL,28-Dec-2017,52.5,CE,0,0,0,5.05,30.8,0,0,0,0,19-DEC-2017,
OPTSTK,SAIL,28-Dec-2017,55,CE,0,0,0,25.95,28.3,0,0,12000,0,19-DEC-2017,
OPTSTK,SAIL,28-Dec-2017,57.5,CE,0,0,0,2.95,25.8,0,0,0,0,19-DEC-2017,
OPTSTK,SAIL,28-Dec-2017,60,CE,0,0,0,22,23.3,0,0,60000,0,19-DEC-2017,
OPTSTK,SAIL,28-Dec-2017,62.5,CE,0,0,0,1.6,20.8,0,0,0,0,19-DEC-2017,
OPTSTK,SAIL,28-Dec-2017,65,CE,0,0,0,16.3,18.3,0,0,60000,0,19-DEC-2017,
OPTSTK,SAIL,28-Dec-2017,67.5,CE,0,0,0,0.85,15.85,0,0,0,0,19-DEC-2017,
OPTSTK,SAIL,28-Dec-2017,70,CE,0,0,0,10,13.4,0,0,144000,0,19-DEC-2017,
OPTSTK,SAIL,28-Dec-2017,72.5,CE,0,0,0,5.9,10.95,0,0,12000,0,19-DEC-2017,
OPTSTK,SAIL,28-Dec-2017,75,CE,6.05,8.15,6.05,8.1,8.1,14,137.78,408000,-24000,19-DEC-2017,
OPTSTK,SAIL,28-Dec-2017,77.5,CE,4.1,6.6,4.05,6.6,6.6,62,616.02,1080000,-84000,19-DEC-2017,
OPTSTK,SAIL,28-Dec-2017,80,CE,2.7,4.65,2.2,4.5,4.5,673,6749.53,4620000,-564000,19-DEC-2017,
OPTSTK,SAIL,28-Dec-2017,82.5,CE,1.65,3,1.35,2.9,2.9,1021,10400.13,5508000,1044000,19-DEC-2017,
OPTSTK,SAIL,28-Dec-2017,85,CE,1.05,1.85,0.8,1.75,1.75,2497,25905.33,11364000,-240000,19-DEC-2017,
OPTSTK,SAIL,28-Dec-2017,87.5,CE,0.6,1.1,0.5,1,1,429,4548.85,2976000,1116000,19-DEC-2017,
OPTSTK,SAIL,28-Dec-2017,90,CE,0.4,0.65,0.35,0.6,0.6,1101,11963.4,6348000,336000,19-DEC-2017,
OPTSTK,SAIL,28-Dec-2017,92.5,CE,0.25,0.4,0.25,0.35,0.35,70,779.75,1140000,408000,19-DEC-2017,
OPTSTK,SAIL,28-Dec-2017,95,CE,0.2,0.25,0.15,0.2,0.2,115,1313.91,2100000,96000,19-DEC-2017,
OPTSTK,SAIL,28-Dec-2017,97.5,CE,0.15,0.15,0.1,0.1,0.1,11,128.88,660000,0,19-DEC-2017,
OPTSTK,SAIL,28-Dec-2017,100,CE,0.15,0.15,0.1,0.15,0.15,64,769.08,3480000,12000,19-DEC-2017,
OPTSTK,SAIL,28-Dec-2017,37.5,PE,0,0,0,0.15,0,0,0,0,0,19-DEC-2017,
OPTSTK,SAIL,28-Dec-2017,40,PE,0,0,0,0.3,0,0,0,0,0,19-DEC-2017,
OPTSTK,SAIL,28-Dec-2017,42.5,PE,0,0,0,0.55,0,0,0,0,0,19-DEC-2017,
OPTSTK,SAIL,28-Dec-2017,45,PE,0,0,0,1,0,0,0,0,0,19-DEC-2017,
OPTSTK,SAIL,28-Dec-2017,47.5,PE,0,0,0,1.6,0,0,0,0,0,19-DEC-2017,
OPTSTK,SAIL,28-Dec-2017,50,PE,0,0,0,2.45,0,0,0,0,0,19-DEC-2017,
OPTSTK,SAIL,28-Dec-2017,52.5,PE,0,0,0,3.5,0,0,0,0,0,19-DEC-2017,
OPTSTK,SAIL,28-Dec-2017,55,PE,0,0,0,0.05,0,0,0,48000,0,19-DEC-2017,
OPTSTK,SAIL,28-Dec-2017,57.5,PE,0,0,0,6.35,0,0,0,0,0,19-DEC-2017,
OPTSTK,SAIL,28-Dec-2017,60,PE,0,0,0,0.1,0,0,0,144000,0,19-DEC-2017,
OPTSTK,SAIL,28-Dec-2017,62.5,PE,0,0,0,0.1,0,0,0,48000,0,19-DEC-2017,
OPTSTK,SAIL,28-Dec-2017,65,PE,0.05,0.05,0.05,0.05,0.05,2,15.61,552000,-24000,19-DEC-2017,
OPTSTK,SAIL,28-Dec-2017,67.5,PE,0.05,0.05,0.05,0.05,0.05,3,24.31,744000,-12000,19-DEC-2017,
OPTSTK,SAIL,28-Dec-2017,70,PE,0.1,0.15,0.05,0.05,0.05,53,445.75,1812000,-264000,19-DEC-2017,
OPTSTK,SAIL,28-Dec-2017,72.5,PE,0.2,0.2,0.1,0.1,0.1,114,993.88,708000,-540000,19-DEC-2017,
OPTSTK,SAIL,28-Dec-2017,75,PE,0.45,0.5,0.2,0.25,0.25,297,2683.37,1824000,-552000,19-DEC-2017,
OPTSTK,SAIL,28-Dec-2017,77.5,PE,1.1,1.1,0.4,0.45,0.45,316,2961.85,2964000,552000,19-DEC-2017,
OPTSTK,SAIL,28-Dec-2017,80,PE,2,2.2,0.85,0.95,0.95,581,5656.41,4296000,2244000,19-DEC-2017,
OPTSTK,SAIL,28-Dec-2017,82.5,PE,3,3.1,1.75,1.85,1.85,189,1919.74,1332000,816000,19-DEC-2017,
OPTSTK,SAIL,28-Dec-2017,85,PE,4.65,4.65,3,3.15,3.15,37,392.2,804000,132000,19-DEC-2017,
OPTSTK,SAIL,28-Dec-2017,87.5,PE,4.8,4.8,4.8,4.8,4.8,2,22.15,72000,0,19-DEC-2017,
OPTSTK,SAIL,28-Dec-2017,90,PE,0,0,0,9.7,7.4,0,0,108000,0,19-DEC-2017,
OPTSTK,SAIL,28-Dec-2017,92.5,PE,0,0,0,25.3,9.55,0,0,0,0,19-DEC-2017,
OPTSTK,SAIL,28-Dec-2017,95,PE,0,0,0,14.9,11.85,0,0,24000,0,19-DEC-2017,
OPTSTK,SAIL,28-Dec-2017,97.5,PE,0,0,0,16.9,14.25,0,0,12000,0,19-DEC-2017,
OPTSTK,SAIL,28-Dec-2017,100,PE,0,0,0,20,16.7,0,0,48000,0,19-DEC-2017,
OPTSTK,SAIL,25-Jan-2018,52.5,CE,0,0,0,27.75,31.05,0,0,0,0,19-DEC-2017,
OPTSTK,SAIL,25-Jan-2018,55,CE,0,0,0,25.9,28.6,0,0,0,0,19-DEC-2017,
OPTSTK,SAIL,25-Jan-2018,57.5,CE,0,0,0,24.1,26.15,0,0,0,0,19-DEC-2017,
OPTSTK,SAIL,25-Jan-2018,60,CE,0,0,0,22.45,23.75,0,0,0,0,19-DEC-2017,
OPTSTK,SAIL,25-Jan-2018,62.5,CE,0,0,0,20.85,21.35,0,0,0,0,19-DEC-2017,
OPTSTK,SAIL,25-Jan-2018,65,CE,0,0,0,19.35,19.05,0,0,0,0,19-DEC-2017,
OPTSTK,SAIL,25-Jan-2018,67.5,CE,0,0,0,17.95,16.8,0,0,0,0,19-DEC-2017,
OPTSTK,SAIL,25-Jan-2018,70,CE,0,0,0,16.65,14.7,0,0,0,0,19-DEC-2017,
OPTSTK,SAIL,25-Jan-2018,72.5,CE,0,0,0,15.4,12.7,0,0,0,0,19-DEC-2017,
OPTSTK,SAIL,25-Jan-2018,75,CE,0,0,0,14.25,10.85,0,0,0,0,19-DEC-2017,
OPTSTK,SAIL,25-Jan-2018,77.5,CE,0,0,0,13.15,9.15,0,0,0,0,19-DEC-2017,
OPTSTK,SAIL,25-Jan-2018,80,CE,6.75,6.8,6.75,6.8,6.8,2,20.82,132000,0,19-DEC-2017,
OPTSTK,SAIL,25-Jan-2018,82.5,CE,0,0,0,4,6.35,0,0,36000,0,19-DEC-2017,
OPTSTK,SAIL,25-Jan-2018,85,CE,3,4.2,3,4,4,22,234.23,216000,120000,19-DEC-2017,
OPTSTK,SAIL,25-Jan-2018,87.5,CE,2.7,3,2.5,3,3,6,65.02,60000,60000,19-DEC-2017,
OPTSTK,SAIL,25-Jan-2018,90,CE,2.25,2.5,2.2,2.45,2.45,36,398.98,420000,336000,19-DEC-2017,
OPTSTK,SAIL,25-Jan-2018,92.5,CE,1.55,1.55,1.55,1.55,1.55,1,11.28,60000,12000,19-DEC-2017,
OPTSTK,SAIL,25-Jan-2018,95,CE,0,0,0,7.45,2.1,0,0,0,0,19-DEC-2017,
OPTSTK,SAIL,25-Jan-2018,97.5,CE,0,0,0,6.85,1.6,0,0,0,0,19-DEC-2017,
OPTSTK,SAIL,25-Jan-2018,100,CE,0.85,1,0.75,0.9,0.9,18,218.03,228000,204000,19-DEC-2017,
OPTSTK,SAIL,25-Jan-2018,52.5,PE,0,0,0,2.45,0.05,0,0,0,0,19-DEC-2017,
OPTSTK,SAIL,25-Jan-2018,55,PE,0,0,0,3.05,0.05,0,0,0,0,19-DEC-2017,
OPTSTK,SAIL,25-Jan-2018,57.5,PE,0,0,0,3.75,0.1,0,0,0,0,19-DEC-2017,
OPTSTK,SAIL,25-Jan-2018,60,PE,0,0,0,0.2,0.15,0,0,48000,0,19-DEC-2017,
OPTSTK,SAIL,25-Jan-2018,62.5,PE,0,0,0,0.2,0.25,0,0,24000,0,19-DEC-2017,
OPTSTK,SAIL,25-Jan-2018,65,PE,0,0,0,0.3,0.4,0,0,36000,0,19-DEC-2017,
OPTSTK,SAIL,25-Jan-2018,67.5,PE,0.5,0.5,0.45,0.45,0.45,3,24.46,60000,-24000,19-DEC-2017,
OPTSTK,SAIL,25-Jan-2018,70,PE,0,0,0,0.8,1.05,0,0,12000,0,19-DEC-2017,
OPTSTK,SAIL,25-Jan-2018,72.5,PE,1.5,1.5,1.4,1.4,1.4,2,17.74,0,-24000,19-DEC-2017,
OPTSTK,SAIL,25-Jan-2018,75,PE,1.75,1.75,1.2,1.2,1.2,12,110.33,96000,-12000,19-DEC-2017,
OPTSTK,SAIL,25-Jan-2018,77.5,PE,1.75,1.75,1.75,1.75,1.75,1,9.51,24000,12000,19-DEC-2017,
OPTSTK,SAIL,25-Jan-2018,80,PE,3.15,3.25,3,3,3,9,89.77,108000,108000,19-DEC-2017,
OPTSTK,SAIL,25-Jan-2018,82.5,PE,0,0,0,15.45,5.1,0,0,0,0,19-DEC-2017,
OPTSTK,SAIL,25-Jan-2018,85,PE,5.1,5.1,4.9,4.9,4.9,5,53.96,60000,60000,19-DEC-2017,
OPTSTK,SAIL,25-Jan-2018,87.5,PE,0,0,0,18.7,7.9,0,0,0,0,19-DEC-2017,
OPTSTK,SAIL,25-Jan-2018,90,PE,0,0,0,20.4,9.55,0,0,0,0,19-DEC-2017,
OPTSTK,SAIL,25-Jan-2018,92.5,PE,0,0,0,22.2,11.35,0,0,0,0,19-DEC-2017,
OPTSTK,SAIL,25-Jan-2018,95,PE,0,0,0,24,13.25,0,0,0,0,19-DEC-2017,
OPTSTK,SAIL,25-Jan-2018,97.5,PE,0,0,0,25.85,15.3,0,0,0,0,19-DEC-2017,
OPTSTK,SAIL,25-Jan-2018,100,PE,0,0,0,27.8,17.4,0,0,0,0,19-DEC-2017,
OPTSTK,SAIL,22-Feb-2018,52.5,CE,0,0,0,25.9,31.4,0,0,0,0,19-DEC-2017,
OPTSTK,SAIL,22-Feb-2018,55,CE,0,0,0,23.8,29.05,0,0,0,0,19-DEC-2017,
OPTSTK,SAIL,22-Feb-2018,57.5,CE,0,0,0,21.75,26.7,0,0,0,0,19-DEC-2017,
OPTSTK,SAIL,22-Feb-2018,60,CE,0,0,0,19.8,24.4,0,0,0,0,19-DEC-2017,
OPTSTK,SAIL,22-Feb-2018,62.5,CE,0,0,0,18,22.15,0,0,0,0,19-DEC-2017,
OPTSTK,SAIL,22-Feb-2018,65,CE,0,0,0,16.25,20.05,0,0,0,0,19-DEC-2017,
OPTSTK,SAIL,22-Feb-2018,67.5,CE,0,0,0,14.65,18,0,0,0,0,19-DEC-2017,
OPTSTK,SAIL,22-Feb-2018,70,CE,0,0,0,13.15,16.05,0,0,0,0,19-DEC-2017,
OPTSTK,SAIL,22-Feb-2018,72.5,CE,0,0,0,11.8,14.25,0,0,0,0,19-DEC-2017,
OPTSTK,SAIL,22-Feb-2018,75,CE,0,0,0,10.5,12.6,0,0,0,0,19-DEC-2017,
OPTSTK,SAIL,22-Feb-2018,77.5,CE,0,0,0,9.35,11.05,0,0,0,0,19-DEC-2017,
OPTSTK,SAIL,22-Feb-2018,80,CE,0,0,0,8.3,9.65,0,0,0,0,19-DEC-2017,
OPTSTK,SAIL,22-Feb-2018,82.5,CE,0,0,0,7.35,8.35,0,0,0,0,19-DEC-2017,
OPTSTK,SAIL,22-Feb-2018,85,CE,0,0,0,6.5,7.2,0,0,0,0,19-DEC-2017,
OPTSTK,SAIL,22-Feb-2018,87.5,CE,0,0,0,5.75,6.2,0,0,0,0,19-DEC-2017,
OPTSTK,SAIL,22-Feb-2018,90,CE,0,0,0,5.05,5.3,0,0,0,0,19-DEC-2017,
OPTSTK,SAIL,22-Feb-2018,92.5,CE,0,0,0,4.45,4.5,0,0,0,0,19-DEC-2017,
OPTSTK,SAIL,22-Feb-2018,95,CE,0,0,0,3.9,3.8,0,0,0,0,19-DEC-2017,
OPTSTK,SAIL,22-Feb-2018,97.5,CE,0,0,0,3.4,3.2,0,0,0,0,19-DEC-2017,
OPTSTK,SAIL,22-Feb-2018,100,CE,0,0,0,2.95,2.7,0,0,0,0,19-DEC-2017,
OPTSTK,SAIL,22-Feb-2018,52.5,PE,0,0,0,0.85,0.15,0,0,0,0,19-DEC-2017,
OPTSTK,SAIL,22-Feb-2018,55,PE,0,0,0,1.2,0.2,0,0,0,0,19-DEC-2017,
OPTSTK,SAIL,22-Feb-2018,57.5,PE,0,0,0,1.6,0.35,0,0,0,0,19-DEC-2017,
OPTSTK,SAIL,22-Feb-2018,60,PE,0,0,0,2.15,0.5,0,0,0,0,19-DEC-2017,
OPTSTK,SAIL,22-Feb-2018,62.5,PE,0,0,0,2.8,0.75,0,0,0,0,19-DEC-2017,
OPTSTK,SAIL,22-Feb-2018,65,PE,0,0,0,3.5,1.1,0,0,0,0,19-DEC-2017,
OPTSTK,SAIL,22-Feb-2018,67.5,PE,0,0,0,4.35,1.55,0,0,0,0,19-DEC-2017,
OPTSTK,SAIL,22-Feb-2018,70,PE,0,0,0,5.35,2.05,0,0,0,0,19-DEC-2017,
OPTSTK,SAIL,22-Feb-2018,72.5,PE,0,0,0,6.45,2.75,0,0,0,0,19-DEC-2017,
OPTSTK,SAIL,22-Feb-2018,75,PE,0,0,0,7.65,3.55,0,0,0,0,19-DEC-2017,
OPTSTK,SAIL,22-Feb-2018,77.5,PE,0,0,0,8.95,4.45,0,0,0,0,19-DEC-2017,
OPTSTK,SAIL,22-Feb-2018,80,PE,0,0,0,10.35,5.5,0,0,0,0,19-DEC-2017,
OPTSTK,SAIL,22-Feb-2018,82.5,PE,0,0,0,11.85,6.7,0,0,0,0,19-DEC-2017,
OPTSTK,SAIL,22-Feb-2018,85,PE,0,0,0,13.45,8.05,0,0,0,0,19-DEC-2017,
OPTSTK,SAIL,22-Feb-2018,87.5,PE,0,0,0,15.15,9.5,0,0,0,0,19-DEC-2017,
OPTSTK,SAIL,22-Feb-2018,90,PE,0,0,0,16.95,11.05,0,0,0,0,19-DEC-2017,
OPTSTK,SAIL,22-Feb-2018,92.5,PE,0,0,0,18.8,12.75,0,0,0,0,19-DEC-2017,
OPTSTK,SAIL,22-Feb-2018,95,PE,0,0,0,20.7,14.5,0,0,0,0,19-DEC-2017,
OPTSTK,SAIL,22-Feb-2018,97.5,PE,0,0,0,22.7,16.4,0,0,0,0,19-DEC-2017,
OPTSTK,SAIL,22-Feb-2018,100,PE,0,0,0,24.7,18.35,0,0,0,0,19-DEC-2017,
OPTSTK,SBIN,28-Dec-2017,195,CE,0,0,0,60.8,125.1,0,0,0,0,19-DEC-2017,
OPTSTK,SBIN,28-Dec-2017,200,CE,0,0,0,124.5,120.15,0,0,15000,0,19-DEC-2017,
OPTSTK,SBIN,28-Dec-2017,205,CE,0,0,0,51.25,115.15,0,0,0,0,19-DEC-2017,
OPTSTK,SBIN,28-Dec-2017,210,CE,0,0,0,46.65,110.15,0,0,0,0,19-DEC-2017,
OPTSTK,SBIN,28-Dec-2017,215,CE,0,0,0,42.15,105.15,0,0,0,0,19-DEC-2017,
OPTSTK,SBIN,28-Dec-2017,220,CE,0,0,0,37.8,100.15,0,0,0,0,19-DEC-2017,
OPTSTK,SBIN,28-Dec-2017,225,CE,0,0,0,100.5,95.15,0,0,3000,0,19-DEC-2017,
OPTSTK,SBIN,28-Dec-2017,230,CE,0,0,0,93.4,90.2,0,0,9000,0,19-DEC-2017,
OPTSTK,SBIN,28-Dec-2017,235,CE,0,0,0,98.7,85.2,0,0,3000,0,19-DEC-2017,
OPTSTK,SBIN,28-Dec-2017,240,CE,0,0,0,22.45,80.2,0,0,0,0,19-DEC-2017,
OPTSTK,SBIN,28-Dec-2017,245,CE,0,0,0,19.3,75.2,0,0,0,0,19-DEC-2017,
OPTSTK,SBIN,28-Dec-2017,250,CE,0,0,0,81.4,70.2,0,0,6000,0,19-DEC-2017,
OPTSTK,SBIN,28-Dec-2017,255,CE,0,0,0,70,65.2,0,0,12000,0,19-DEC-2017,
OPTSTK,SBIN,28-Dec-2017,260,CE,0,0,0,59.65,60.25,0,0,39000,0,19-DEC-2017,
OPTSTK,SBIN,28-Dec-2017,265,CE,0,0,0,70.9,55.25,0,0,3000,0,19-DEC-2017,
OPTSTK,SBIN,28-Dec-2017,270,CE,0,0,0,43.5,50.3,0,0,72000,0,19-DEC-2017,
OPTSTK,SBIN,28-Dec-2017,275,CE,0,0,0,65,45.4,0,0,3000,0,19-DEC-2017,
OPTSTK,SBIN,28-Dec-2017,280,CE,0,0,0,39.5,40.55,0,0,24000,0,19-DEC-2017,
OPTSTK,SBIN,28-Dec-2017,285,CE,35.2,35.2,35.2,35.2,35.2,1,9.6,24000,-3000,19-DEC-2017,
OPTSTK,SBIN,28-Dec-2017,290,CE,0,0,0,26.2,31.15,0,0,30000,0,19-DEC-2017,
OPTSTK,SBIN,28-Dec-2017,295,CE,0,0,0,30.4,26.75,0,0,3000,0,19-DEC-2017,
OPTSTK,SBIN,28-Dec-2017,300,CE,22.5,23.45,19.95,20.8,20.8,249,2397.52,633000,-627000,19-DEC-2017,
OPTSTK,SBIN,28-Dec-2017,305,CE,18,18,17.45,17.45,17.45,4,38.72,39000,-6000,19-DEC-2017,
OPTSTK,SBIN,28-Dec-2017,310,CE,13.7,14.9,11.65,12.95,12.95,128,1240.72,549000,-21000,19-DEC-2017,
OPTSTK,SBIN,28-Dec-2017,315,CE,10,10.8,8.25,9.1,9.1,236,2295.96,702000,-24000,19-DEC-2017,
OPTSTK,SBIN,28-Dec-2017,320,CE,6.8,8,5.6,6.35,6.35,1998,19571.82,3693000,282000,19-DEC-2017,
OPTSTK,SBIN,28-Dec-2017,325,CE,4.85,5.5,3.65,4.25,4.25,1260,12450.07,1746000,48000,19-DEC-2017,
OPTSTK,SBIN,28-Dec-2017,330,CE,3.15,3.75,2.35,2.85,2.85,2042,20392.85,4518000,309000,19-DEC-2017,
OPTSTK,SBIN,28-Dec-2017,335,CE,2.45,2.45,1.5,1.85,1.85,557,5629.22,1629000,171000,19-DEC-2017,
OPTSTK,SBIN,28-Dec-2017,340,CE,1.45,1.65,1,1.25,1.25,1374,14065.81,3408000,-267000,19-DEC-2017,
OPTSTK,SBIN,28-Dec-2017,345,CE,1.1,1.15,0.7,0.9,0.9,213,2210.27,759000,-6000,19-DEC-2017,
OPTSTK,SBIN,28-Dec-2017,350,CE,0.95,0.95,0.55,0.7,0.7,832,8752.69,4749000,-90000,19-DEC-2017,
OPTSTK,SBIN,28-Dec-2017,355,CE,0.65,0.7,0.4,0.5,0.5,114,1215.76,597000,99000,19-DEC-2017,
OPTSTK,SBIN,28-Dec-2017,360,CE,0.5,0.5,0.3,0.4,0.4,361,3902.96,1623000,36000,19-DEC-2017,
OPTSTK,SBIN,28-Dec-2017,365,CE,0.35,0.35,0.25,0.3,0.3,30,328.76,264000,48000,19-DEC-2017,
OPTSTK,SBIN,28-Dec-2017,370,CE,0.3,0.3,0.2,0.3,0.3,121,1344.03,852000,-15000,19-DEC-2017,
OPTSTK,SBIN,28-Dec-2017,375,CE,0.3,0.3,0.2,0.25,0.25,7,78.8,180000,3000,19-DEC-2017,
OPTSTK,SBIN,28-Dec-2017,380,CE,0.3,0.3,0.15,0.2,0.2,83,946.67,1002000,-33000,19-DEC-2017,
OPTSTK,SBIN,28-Dec-2017,385,CE,0.15,0.35,0.15,0.2,0.2,6,69.33,228000,3000,19-DEC-2017,
OPTSTK,SBIN,28-Dec-2017,390,CE,0.15,0.3,0.1,0.25,0.25,122,1428.17,993000,201000,19-DEC-2017,
OPTSTK,SBIN,28-Dec-2017,195,PE,0,0,0,0.2,0,0,0,0,0,19-DEC-2017,
OPTSTK,SBIN,28-Dec-2017,200,PE,0,0,0,0.05,0,0,0,6000,0,19-DEC-2017,
OPTSTK,SBIN,28-Dec-2017,205,PE,0,0,0,0.55,0,0,0,0,0,19-DEC-2017,
OPTSTK,SBIN,28-Dec-2017,210,PE,0,0,0,0.05,0,0,0,3000,0,19-DEC-2017,
OPTSTK,SBIN,28-Dec-2017,215,PE,0,0,0,1.25,0,0,0,0,0,19-DEC-2017,
OPTSTK,SBIN,28-Dec-2017,220,PE,0,0,0,0.05,0,0,0,6000,0,19-DEC-2017,
OPTSTK,SBIN,28-Dec-2017,225,PE,0,0,0,0.1,0,0,0,3000,0,19-DEC-2017,
OPTSTK,SBIN,28-Dec-2017,230,PE,0.05,0.05,0.05,0.05,0.05,1,6.9,9000,0,19-DEC-2017,
OPTSTK,SBIN,28-Dec-2017,235,PE,0,0,0,0.25,0,0,0,3000,0,19-DEC-2017,
OPTSTK,SBIN,28-Dec-2017,240,PE,0,0,0,0.15,0,0,0,60000,0,19-DEC-2017,
OPTSTK,SBIN,28-Dec-2017,245,PE,0,0,0,7.95,0,0,0,0,0,19-DEC-2017,
OPTSTK,SBIN,28-Dec-2017,250,PE,0.1,0.1,0.05,0.1,0.1,24,180.07,369000,15000,19-DEC-2017,
OPTSTK,SBIN,28-Dec-2017,255,PE,0.1,0.15,0.1,0.15,0.15,13,99.5,21000,0,19-DEC-2017,
OPTSTK,SBIN,28-Dec-2017,260,PE,0.1,0.1,0.1,0.1,0.1,16,124.84,177000,-42000,19-DEC-2017,
OPTSTK,SBIN,28-Dec-2017,265,PE,0.1,0.1,0.1,0.1,0.1,25,198.82,126000,-45000,19-DEC-2017,
OPTSTK,SBIN,28-Dec-2017,270,PE,0.15,0.15,0.15,0.15,0.15,20,162.09,429000,-6000,19-DEC-2017,
OPTSTK,SBIN,28-Dec-2017,275,PE,0.2,0.2,0.15,0.15,0.15,36,297.2,120000,-57000,19-DEC-2017,
OPTSTK,SBIN,28-Dec-2017,280,PE,0.25,0.3,0.2,0.25,0.25,45,378.35,681000,18000,19-DEC-2017,
OPTSTK,SBIN,28-Dec-2017,285,PE,0.4,0.4,0.25,0.3,0.3,27,231.1,270000,6000,19-DEC-2017,
OPTSTK,SBIN,28-Dec-2017,290,PE,0.5,0.55,0.4,0.45,0.45,144,1254.85,909000,-18000,19-DEC-2017,
OPTSTK,SBIN,28-Dec-2017,295,PE,0.7,0.8,0.55,0.65,0.65,122,1082.23,438000,0,19-DEC-2017,
OPTSTK,SBIN,28-Dec-2017,300,PE,1.15,1.25,0.9,1.05,1.05,1060,9574.34,2880000,-42000,19-DEC-2017,
OPTSTK,SBIN,28-Dec-2017,305,PE,1.85,1.9,1.45,1.7,1.7,245,2254.12,519000,21000,19-DEC-2017,
OPTSTK,SBIN,28-Dec-2017,310,PE,2.8,2.95,2.2,2.65,2.65,1137,10662.89,1578000,30000,19-DEC-2017,
OPTSTK,SBIN,28-Dec-2017,315,PE,4.35,4.4,3.4,4.15,4.15,785,7511.76,954000,-39000,19-DEC-2017,
OPTSTK,SBIN,28-Dec-2017,320,PE,6.05,6.7,5.2,6.25,6.25,1068,10446.57,1200000,-3000,19-DEC-2017,
OPTSTK,SBIN,28-Dec-2017,325,PE,8.5,9.6,7.7,9.2,9.2,131,1311.33,237000,-9000,19-DEC-2017,
OPTSTK,SBIN,28-Dec-2017,330,PE,11.65,12.65,11.05,12.65,12.65,31,317.9,513000,-18000,19-DEC-2017,
OPTSTK,SBIN,28-Dec-2017,335,PE,0,0,0,18.4,18.65,0,0,102000,0,19-DEC-2017,
OPTSTK,SBIN,28-Dec-2017,340,PE,0,0,0,21.5,22.5,0,0,216000,0,19-DEC-2017,
OPTSTK,SBIN,28-Dec-2017,345,PE,0,0,0,25,26.65,0,0,48000,0,19-DEC-2017,
OPTSTK,SBIN,28-Dec-2017,350,PE,29,29,29,29,29,1,11.37,123000,3000,19-DEC-2017,
OPTSTK,SBIN,28-Dec-2017,355,PE,0,0,0,97.05,35.55,0,0,0,0,19-DEC-2017,
OPTSTK,SBIN,28-Dec-2017,360,PE,40,40,40,40,40,1,12,21000,3000,19-DEC-2017,
OPTSTK,SBIN,28-Dec-2017,365,PE,0,0,0,86.3,45,0,0,0,0,19-DEC-2017,
OPTSTK,SBIN,28-Dec-2017,370,PE,0,0,0,46,49.85,0,0,6000,0,19-DEC-2017,
OPTSTK,SBIN,28-Dec-2017,375,PE,0,0,0,93.1,54.8,0,0,0,0,19-DEC-2017,
OPTSTK,SBIN,28-Dec-2017,380,PE,0,0,0,63,59.7,0,0,24000,0,19-DEC-2017,
OPTSTK,SBIN,28-Dec-2017,385,PE,0,0,0,45.7,64.65,0,0,3000,0,19-DEC-2017,
OPTSTK,SBIN,28-Dec-2017,390,PE,0,0,0,103.65,69.65,0,0,0,0,19-DEC-2017,
OPTSTK,SBIN,25-Jan-2018,220,CE,0,0,0,125.5,101.3,0,0,0,0,19-DEC-2017,
OPTSTK,SBIN,25-Jan-2018,225,CE,0,0,0,122.3,96.4,0,0,0,0,19-DEC-2017,
OPTSTK,SBIN,25-Jan-2018,230,CE,0,0,0,119.15,91.5,0,0,0,0,19-DEC-2017,
OPTSTK,SBIN,25-Jan-2018,235,CE,0,0,0,116.1,86.6,0,0,0,0,19-DEC-2017,
OPTSTK,SBIN,25-Jan-2018,240,CE,0,0,0,113.15,81.75,0,0,0,0,19-DEC-2017,
OPTSTK,SBIN,25-Jan-2018,245,CE,0,0,0,110.2,76.95,0,0,0,0,19-DEC-2017,
OPTSTK,SBIN,25-Jan-2018,250,CE,0,0,0,107.4,72.2,0,0,0,0,19-DEC-2017,
OPTSTK,SBIN,25-Jan-2018,255,CE,0,0,0,104.6,67.55,0,0,0,0,19-DEC-2017,
OPTSTK,SBIN,25-Jan-2018,260,CE,0,0,0,101.9,62.95,0,0,0,0,19-DEC-2017,
OPTSTK,SBIN,25-Jan-2018,265,CE,0,0,0,99.25,58.45,0,0,0,0,19-DEC-2017,
OPTSTK,SBIN,25-Jan-2018,270,CE,0,0,0,96.65,54.1,0,0,0,0,19-DEC-2017,
OPTSTK,SBIN,25-Jan-2018,275,CE,0,0,0,94.15,49.85,0,0,0,0,19-DEC-2017,
OPTSTK,SBIN,25-Jan-2018,280,CE,0,0,0,91.7,45.75,0,0,0,0,19-DEC-2017,
OPTSTK,SBIN,25-Jan-2018,285,CE,0,0,0,89.3,41.85,0,0,0,0,19-DEC-2017,
OPTSTK,SBIN,25-Jan-2018,290,CE,33.5,33.5,33.5,33.5,33.5,1,9.7,3000,3000,19-DEC-2017,
OPTSTK,SBIN,25-Jan-2018,295,CE,0,0,0,84.7,34.55,0,0,0,0,19-DEC-2017,
OPTSTK,SBIN,25-Jan-2018,300,CE,25,25,24.55,24.55,24.55,2,19.48,12000,3000,19-DEC-2017,
OPTSTK,SBIN,25-Jan-2018,305,CE,0,0,0,80.35,28,0,0,0,0,19-DEC-2017,
OPTSTK,SBIN,25-Jan-2018,310,CE,0,0,0,20,25.05,0,0,114000,0,19-DEC-2017,
OPTSTK,SBIN,25-Jan-2018,315,CE,16.1,16.1,16.1,16.1,16.1,1,9.93,6000,0,19-DEC-2017,
OPTSTK,SBIN,25-Jan-2018,320,CE,13.75,13.75,12.3,12.65,12.65,37,369.69,288000,42000,19-DEC-2017,
OPTSTK,SBIN,25-Jan-2018,325,CE,11.1,11.3,10.65,10.65,10.65,6,60.46,21000,9000,19-DEC-2017,
OPTSTK,SBIN,25-Jan-2018,330,CE,9,9.15,8.55,8.85,8.85,33,335.34,165000,9000,19-DEC-2017,
OPTSTK,SBIN,25-Jan-2018,335,CE,7.4,7.4,7.1,7.1,7.1,3,30.8,15000,9000,19-DEC-2017,
OPTSTK,SBIN,25-Jan-2018,340,CE,6.05,6.35,5.6,5.7,5.7,28,290.56,222000,6000,19-DEC-2017,
OPTSTK,SBIN,25-Jan-2018,345,CE,0,0,0,5,10.2,0,0,3000,0,19-DEC-2017,
OPTSTK,SBIN,25-Jan-2018,350,CE,4.5,4.5,3.45,3.95,3.95,29,307.9,264000,60000,19-DEC-2017,
OPTSTK,SBIN,25-Jan-2018,355,CE,0,0,0,61.65,7.6,0,0,0,0,19-DEC-2017,
OPTSTK,SBIN,25-Jan-2018,360,CE,2.75,2.8,2.5,2.75,2.75,17,184.97,69000,48000,19-DEC-2017,
OPTSTK,SBIN,25-Jan-2018,365,CE,0,0,0,2.8,5.6,0,0,0,0,19-DEC-2017,
OPTSTK,SBIN,25-Jan-2018,370,CE,3.3,3.3,3.3,3.3,3.3,1,11.19,111000,0,19-DEC-2017,
OPTSTK,SBIN,25-Jan-2018,375,CE,0,0,0,55.5,4.05,0,0,0,0,19-DEC-2017,
OPTSTK,SBIN,25-Jan-2018,380,CE,1.8,1.8,1.8,1.8,1.8,1,11.45,3000,3000,19-DEC-2017,
OPTSTK,SBIN,25-Jan-2018,385,CE,0,0,0,52.65,2.9,0,0,0,0,19-DEC-2017,
OPTSTK,SBIN,25-Jan-2018,390,CE,0,0,0,51.3,2.4,0,0,0,0,19-DEC-2017,
OPTSTK,SBIN,25-Jan-2018,220,PE,0,0,0,21.55,0.1,0,0,0,0,19-DEC-2017,
OPTSTK,SBIN,25-Jan-2018,225,PE,0,0,0,23.25,0.1,0,0,0,0,19-DEC-2017,
OPTSTK,SBIN,25-Jan-2018,230,PE,0,0,0,25.05,0.2,0,0,0,0,19-DEC-2017,
OPTSTK,SBIN,25-Jan-2018,235,PE,0,0,0,26.95,0.25,0,0,0,0,19-DEC-2017,
OPTSTK,SBIN,25-Jan-2018,240,PE,0,0,0,28.85,0.4,0,0,0,0,19-DEC-2017,
OPTSTK,SBIN,25-Jan-2018,245,PE,0,0,0,30.9,0.55,0,0,0,0,19-DEC-2017,
OPTSTK,SBIN,25-Jan-2018,250,PE,0,0,0,32.95,0.75,0,0,0,0,19-DEC-2017,
OPTSTK,SBIN,25-Jan-2018,255,PE,0,0,0,35.1,1.05,0,0,0,0,19-DEC-2017,
OPTSTK,SBIN,25-Jan-2018,260,PE,0,0,0,37.3,1.45,0,0,0,0,19-DEC-2017,
OPTSTK,SBIN,25-Jan-2018,265,PE,0,0,0,39.6,1.95,0,0,0,0,19-DEC-2017,
OPTSTK,SBIN,25-Jan-2018,270,PE,0,0,0,41.95,2.55,0,0,0,0,19-DEC-2017,
OPTSTK,SBIN,25-Jan-2018,275,PE,0,0,0,44.35,3.25,0,0,0,0,19-DEC-2017,
OPTSTK,SBIN,25-Jan-2018,280,PE,1.25,1.6,1.25,1.6,1.6,5,42.22,30000,9000,19-DEC-2017,
OPTSTK,SBIN,25-Jan-2018,285,PE,0,0,0,49.35,5.2,0,0,0,0,19-DEC-2017,
OPTSTK,SBIN,25-Jan-2018,290,PE,0,0,0,4.5,6.4,0,0,12000,0,19-DEC-2017,
OPTSTK,SBIN,25-Jan-2018,295,PE,0,0,0,54.6,7.8,0,0,0,0,19-DEC-2017,
OPTSTK,SBIN,25-Jan-2018,300,PE,4.4,4.5,4,4.25,4.25,24,219.03,195000,27000,19-DEC-2017,
OPTSTK,SBIN,25-Jan-2018,305,PE,0,0,0,60.05,11.2,0,0,0,0,19-DEC-2017,
OPTSTK,SBIN,25-Jan-2018,310,PE,7.25,7.35,6.55,6.9,6.9,6,57.06,75000,12000,19-DEC-2017,
OPTSTK,SBIN,25-Jan-2018,315,PE,9.3,9.3,8.8,8.8,8.8,5,48.59,30000,12000,19-DEC-2017,
OPTSTK,SBIN,25-Jan-2018,320,PE,10.9,12.1,10.85,11.2,11.2,32,317.98,111000,48000,19-DEC-2017,
OPTSTK,SBIN,25-Jan-2018,325,PE,13.5,13.5,13.5,13.5,13.5,2,20.31,9000,3000,19-DEC-2017,
OPTSTK,SBIN,25-Jan-2018,330,PE,15.25,17.3,15.25,17.05,17.05,8,83.13,21000,15000,19-DEC-2017,
OPTSTK,SBIN,25-Jan-2018,335,PE,0,0,0,77.8,26.5,0,0,0,0,19-DEC-2017,
OPTSTK,SBIN,25-Jan-2018,340,PE,0,0,0,24,29.75,0,0,3000,0,19-DEC-2017,
OPTSTK,SBIN,25-Jan-2018,345,PE,0,0,0,84.1,33.15,0,0,0,0,19-DEC-2017,
OPTSTK,SBIN,25-Jan-2018,350,PE,0,0,0,87.35,36.75,0,0,0,0,19-DEC-2017,
OPTSTK,SBIN,25-Jan-2018,355,PE,0,0,0,90.6,40.5,0,0,0,0,19-DEC-2017,
OPTSTK,SBIN,25-Jan-2018,360,PE,0,0,0,93.9,44.4,0,0,0,0,19-DEC-2017,
OPTSTK,SBIN,25-Jan-2018,365,PE,0,0,0,97.25,48.4,0,0,0,0,19-DEC-2017,
OPTSTK,SBIN,25-Jan-2018,370,PE,0,0,0,100.65,52.55,0,0,0,0,19-DEC-2017,
OPTSTK,SBIN,25-Jan-2018,375,PE,0,0,0,104.1,56.8,0,0,0,0,19-DEC-2017,
OPTSTK,SBIN,25-Jan-2018,380,PE,0,0,0,107.6,61.15,0,0,0,0,19-DEC-2017,
OPTSTK,SBIN,25-Jan-2018,385,PE,0,0,0,111.1,65.6,0,0,0,0,19-DEC-2017,
OPTSTK,SBIN,25-Jan-2018,390,PE,0,0,0,114.65,70.1,0,0,0,0,19-DEC-2017,
OPTSTK,SBIN,22-Feb-2018,220,CE,0,0,0,107.3,102.8,0,0,0,0,19-DEC-2017,
OPTSTK,SBIN,22-Feb-2018,225,CE,0,0,0,103.05,98.05,0,0,0,0,19-DEC-2017,
OPTSTK,SBIN,22-Feb-2018,230,CE,0,0,0,98.85,93.35,0,0,0,0,19-DEC-2017,
OPTSTK,SBIN,22-Feb-2018,235,CE,0,0,0,94.75,88.65,0,0,0,0,19-DEC-2017,
OPTSTK,SBIN,22-Feb-2018,240,CE,0,0,0,90.8,84.05,0,0,0,0,19-DEC-2017,
OPTSTK,SBIN,22-Feb-2018,245,CE,0,0,0,86.85,79.55,0,0,0,0,19-DEC-2017,
OPTSTK,SBIN,22-Feb-2018,250,CE,0,0,0,83.05,75.1,0,0,0,0,19-DEC-2017,
OPTSTK,SBIN,22-Feb-2018,255,CE,0,0,0,79.35,70.8,0,0,0,0,19-DEC-2017,
OPTSTK,SBIN,22-Feb-2018,260,CE,0,0,0,75.75,66.55,0,0,0,0,19-DEC-2017,
OPTSTK,SBIN,22-Feb-2018,265,CE,0,0,0,72.25,62.45,0,0,0,0,19-DEC-2017,
OPTSTK,SBIN,22-Feb-2018,270,CE,0,0,0,68.85,58.45,0,0,0,0,19-DEC-2017,
OPTSTK,SBIN,22-Feb-2018,275,CE,0,0,0,65.6,54.6,0,0,0,0,19-DEC-2017,
OPTSTK,SBIN,22-Feb-2018,280,CE,0,0,0,62.4,50.85,0,0,0,0,19-DEC-2017,
OPTSTK,SBIN,22-Feb-2018,285,CE,0,0,0,59.3,47.3,0,0,0,0,19-DEC-2017,
OPTSTK,SBIN,22-Feb-2018,290,CE,0,0,0,56.35,43.85,0,0,0,0,19-DEC-2017,
OPTSTK,SBIN,22-Feb-2018,295,CE,0,0,0,53.5,40.6,0,0,0,0,19-DEC-2017,
OPTSTK,SBIN,22-Feb-2018,300,CE,0,0,0,50.8,37.5,0,0,0,0,19-DEC-2017,
OPTSTK,SBIN,22-Feb-2018,305,CE,0,0,0,48.15,34.55,0,0,0,0,19-DEC-2017,
OPTSTK,SBIN,22-Feb-2018,310,CE,0,0,0,24,31.75,0,0,3000,0,19-DEC-2017,
OPTSTK,SBIN,22-Feb-2018,315,CE,0,0,0,43.2,29.1,0,0,0,0,19-DEC-2017,
OPTSTK,SBIN,22-Feb-2018,320,CE,0,0,0,40.9,26.65,0,0,0,0,19-DEC-2017,
OPTSTK,SBIN,22-Feb-2018,325,CE,0,0,0,38.65,24.35,0,0,0,0,19-DEC-2017,
OPTSTK,SBIN,22-Feb-2018,330,CE,0,0,0,36.55,22.2,0,0,0,0,19-DEC-2017,
OPTSTK,SBIN,22-Feb-2018,335,CE,0,0,0,34.5,20.2,0,0,0,0,19-DEC-2017,
OPTSTK,SBIN,22-Feb-2018,340,CE,0,0,0,32.6,18.3,0,0,0,0,19-DEC-2017,
OPTSTK,SBIN,22-Feb-2018,345,CE,0,0,0,30.75,16.6,0,0,0,0,19-DEC-2017,
OPTSTK,SBIN,22-Feb-2018,350,CE,0,0,0,29,15,0,0,0,0,19-DEC-2017,
OPTSTK,SBIN,22-Feb-2018,355,CE,0,0,0,27.35,13.55,0,0,0,0,19-DEC-2017,
OPTSTK,SBIN,22-Feb-2018,360,CE,0,0,0,25.75,12.2,0,0,0,0,19-DEC-2017,
OPTSTK,SBIN,22-Feb-2018,365,CE,0,0,0,24.25,11,0,0,0,0,19-DEC-2017,
OPTSTK,SBIN,22-Feb-2018,370,CE,0,0,0,22.8,9.85,0,0,0,0,19-DEC-2017,
OPTSTK,SBIN,22-Feb-2018,375,CE,0,0,0,21.45,8.85,0,0,0,0,19-DEC-2017,
OPTSTK,SBIN,22-Feb-2018,380,CE,0,0,0,20.2,7.9,0,0,0,0,19-DEC-2017,
OPTSTK,SBIN,22-Feb-2018,385,CE,0,0,0,19,7.05,0,0,0,0,19-DEC-2017,
OPTSTK,SBIN,22-Feb-2018,390,CE,0,0,0,17.85,6.3,0,0,0,0,19-DEC-2017,
OPTSTK,SBIN,22-Feb-2018,220,PE,0,0,0,3.75,0.5,0,0,0,0,19-DEC-2017,
OPTSTK,SBIN,22-Feb-2018,225,PE,0,0,0,4.4,0.7,0,0,0,0,19-DEC-2017,
OPTSTK,SBIN,22-Feb-2018,230,PE,0,0,0,5.15,0.9,0,0,0,0,19-DEC-2017,
OPTSTK,SBIN,22-Feb-2018,235,PE,0,0,0,6,1.2,0,0,0,0,19-DEC-2017,
OPTSTK,SBIN,22-Feb-2018,240,PE,0,0,0,6.95,1.55,0,0,0,0,19-DEC-2017,
OPTSTK,SBIN,22-Feb-2018,245,PE,0,0,0,7.95,1.95,0,0,0,0,19-DEC-2017,
OPTSTK,SBIN,22-Feb-2018,250,PE,0,0,0,9.05,2.45,0,0,0,0,19-DEC-2017,
OPTSTK,SBIN,22-Feb-2018,255,PE,0,0,0,10.3,3.05,0,0,0,0,19-DEC-2017,
OPTSTK,SBIN,22-Feb-2018,260,PE,0,0,0,11.6,3.8,0,0,0,0,19-DEC-2017,
OPTSTK,SBIN,22-Feb-2018,265,PE,0,0,0,13.05,4.6,0,0,0,0,19-DEC-2017,
OPTSTK,SBIN,22-Feb-2018,270,PE,0,0,0,14.6,5.55,0,0,0,0,19-DEC-2017,
OPTSTK,SBIN,22-Feb-2018,275,PE,0,0,0,16.2,6.65,0,0,0,0,19-DEC-2017,
OPTSTK,SBIN,22-Feb-2018,280,PE,0,0,0,5,7.9,0,0,96000,0,19-DEC-2017,
OPTSTK,SBIN,22-Feb-2018,285,PE,0,0,0,19.8,9.25,0,0,0,0,19-DEC-2017,
OPTSTK,SBIN,22-Feb-2018,290,PE,0,0,0,21.8,10.75,0,0,0,0,19-DEC-2017,
OPTSTK,SBIN,22-Feb-2018,295,PE,0,0,0,23.85,12.45,0,0,0,0,19-DEC-2017,
OPTSTK,SBIN,22-Feb-2018,300,PE,0,0,0,26.05,14.25,0,0,0,0,19-DEC-2017,
OPTSTK,SBIN,22-Feb-2018,305,PE,0,0,0,28.35,16.25,0,0,0,0,19-DEC-2017,
OPTSTK,SBIN,22-Feb-2018,310,PE,0,0,0,30.75,18.4,0,0,0,0,19-DEC-2017,
OPTSTK,SBIN,22-Feb-2018,315,PE,0,0,0,33.25,20.75,0,0,0,0,19-DEC-2017,
OPTSTK,SBIN,22-Feb-2018,320,PE,0,0,0,35.85,23.2,0,0,0,0,19-DEC-2017,
OPTSTK,SBIN,22-Feb-2018,325,PE,0,0,0,38.55,25.85,0,0,0,0,19-DEC-2017,
OPTSTK,SBIN,22-Feb-2018,330,PE,0,0,0,25,28.65,0,0,3000,0,19-DEC-2017,
OPTSTK,SBIN,22-Feb-2018,335,PE,0,0,0,44.3,31.55,0,0,0,0,19-DEC-2017,
OPTSTK,SBIN,22-Feb-2018,340,PE,0,0,0,47.3,34.65,0,0,0,0,19-DEC-2017,
OPTSTK,SBIN,22-Feb-2018,345,PE,0,0,0,50.35,37.85,0,0,0,0,19-DEC-2017,
OPTSTK,SBIN,22-Feb-2018,350,PE,0,0,0,53.55,41.2,0,0,0,0,19-DEC-2017,
OPTSTK,SBIN,22-Feb-2018,355,PE,0,0,0,56.8,44.7,0,0,0,0,19-DEC-2017,
OPTSTK,SBIN,22-Feb-2018,360,PE,0,0,0,60.15,48.3,0,0,0,0,19-DEC-2017,
OPTSTK,SBIN,22-Feb-2018,365,PE,0,0,0,63.6,52.05,0,0,0,0,19-DEC-2017,
OPTSTK,SBIN,22-Feb-2018,370,PE,0,0,0,67.1,55.85,0,0,0,0,19-DEC-2017,
OPTSTK,SBIN,22-Feb-2018,375,PE,0,0,0,70.65,59.75,0,0,0,0,19-DEC-2017,
OPTSTK,SBIN,22-Feb-2018,380,PE,0,0,0,74.3,63.75,0,0,0,0,19-DEC-2017,
OPTSTK,SBIN,22-Feb-2018,385,PE,0,0,0,78.05,67.85,0,0,0,0,19-DEC-2017,
OPTSTK,SBIN,22-Feb-2018,390,PE,0,0,0,81.85,72.05,0,0,0,0,19-DEC-2017,
OPTSTK,SHREECEM,28-Dec-2017,16450,CE,0,0,0,1126.2,1290.35,0,0,0,0,19-DEC-2017,
OPTSTK,SHREECEM,28-Dec-2017,16500,CE,0,0,0,1422.8,1242.3,0,0,0,0,19-DEC-2017,
OPTSTK,SHREECEM,28-Dec-2017,16550,CE,0,0,0,1387.85,1194.6,0,0,0,0,19-DEC-2017,
OPTSTK,SHREECEM,28-Dec-2017,16600,CE,0,0,0,1353.4,1147.25,0,0,0,0,19-DEC-2017,
OPTSTK,SHREECEM,28-Dec-2017,16650,CE,0,0,0,1319.45,1100.3,0,0,0,0,19-DEC-2017,
OPTSTK,SHREECEM,28-Dec-2017,16700,CE,0,0,0,1286,1053.8,0,0,0,0,19-DEC-2017,
OPTSTK,SHREECEM,28-Dec-2017,16750,CE,0,0,0,1253,1007.85,0,0,0,0,19-DEC-2017,
OPTSTK,SHREECEM,28-Dec-2017,16800,CE,0,0,0,1220.55,962.45,0,0,0,0,19-DEC-2017,
OPTSTK,SHREECEM,28-Dec-2017,16850,CE,0,0,0,1188.55,917.65,0,0,0,0,19-DEC-2017,
OPTSTK,SHREECEM,28-Dec-2017,16900,CE,0,0,0,1157.1,873.55,0,0,0,0,19-DEC-2017,
OPTSTK,SHREECEM,28-Dec-2017,16950,CE,0,0,0,1340.15,830.15,0,0,0,0,19-DEC-2017,
OPTSTK,SHREECEM,28-Dec-2017,17000,CE,0,0,0,1303.55,787.6,0,0,0,0,19-DEC-2017,
OPTSTK,SHREECEM,28-Dec-2017,17050,CE,0,0,0,1447.8,745.9,0,0,0,0,19-DEC-2017,
OPTSTK,SHREECEM,28-Dec-2017,17100,CE,0,0,0,1499.2,705.05,0,0,0,0,19-DEC-2017,
OPTSTK,SHREECEM,28-Dec-2017,17150,CE,0,0,0,1464.7,665.25,0,0,0,0,19-DEC-2017,
OPTSTK,SHREECEM,28-Dec-2017,17200,CE,0,0,0,1722.55,626.45,0,0,0,0,19-DEC-2017,
OPTSTK,SHREECEM,28-Dec-2017,17250,CE,0,0,0,1689.5,589.4,0,0,0,0,19-DEC-2017,
OPTSTK,SHREECEM,28-Dec-2017,17300,CE,0,0,0,1656.75,552,0,0,0,0,19-DEC-2017,
OPTSTK,SHREECEM,28-Dec-2017,17350,CE,0,0,0,1624.45,516.65,0,0,0,0,19-DEC-2017,
OPTSTK,SHREECEM,28-Dec-2017,17400,CE,0,0,0,1592.45,482.5,0,0,0,0,19-DEC-2017,
OPTSTK,SHREECEM,28-Dec-2017,17450,CE,0,0,0,1560.9,449.6,0,0,0,0,19-DEC-2017,
OPTSTK,SHREECEM,28-Dec-2017,17500,CE,0,0,0,1529.7,418.05,0,0,0,0,19-DEC-2017,
OPTSTK,SHREECEM,28-Dec-2017,17550,CE,0,0,0,1498.9,387.8,0,0,0,0,19-DEC-2017,
OPTSTK,SHREECEM,28-Dec-2017,17600,CE,0,0,0,1468.5,358.9,0,0,0,0,19-DEC-2017,
OPTSTK,SHREECEM,28-Dec-2017,17650,CE,0,0,0,1438.5,331.35,0,0,0,0,19-DEC-2017,
OPTSTK,SHREECEM,28-Dec-2017,17700,CE,0,0,0,1408.85,305.2,0,0,0,0,19-DEC-2017,
OPTSTK,SHREECEM,28-Dec-2017,17750,CE,0,0,0,1379.65,280.35,0,0,0,0,19-DEC-2017,
OPTSTK,SHREECEM,28-Dec-2017,17800,CE,0,0,0,1350.8,256.95,0,0,0,0,19-DEC-2017,
OPTSTK,SHREECEM,28-Dec-2017,17850,CE,0,0,0,1322.35,234.9,0,0,0,0,19-DEC-2017,
OPTSTK,SHREECEM,28-Dec-2017,17900,CE,0,0,0,1294.3,214.15,0,0,0,0,19-DEC-2017,
OPTSTK,SHREECEM,28-Dec-2017,17950,CE,0,0,0,1266.65,194.8,0,0,0,0,19-DEC-2017,
OPTSTK,SHREECEM,28-Dec-2017,18000,CE,0,0,0,1239.35,176.7,0,0,0,0,19-DEC-2017,
OPTSTK,SHREECEM,28-Dec-2017,18050,CE,0,0,0,1212.5,159.85,0,0,0,0,19-DEC-2017,
OPTSTK,SHREECEM,28-Dec-2017,18100,CE,0,0,0,1186,144.25,0,0,0,0,19-DEC-2017,
OPTSTK,SHREECEM,28-Dec-2017,18150,CE,0,0,0,1159.95,129.8,0,0,0,0,19-DEC-2017,
OPTSTK,SHREECEM,28-Dec-2017,18200,CE,0,0,0,1134.25,116.45,0,0,0,0,19-DEC-2017,
OPTSTK,SHREECEM,28-Dec-2017,18250,CE,0,0,0,1108.95,104.35,0,0,0,0,19-DEC-2017,
OPTSTK,SHREECEM,28-Dec-2017,18300,CE,0,0,0,1084.05,93.15,0,0,0,0,19-DEC-2017,
OPTSTK,SHREECEM,28-Dec-2017,18350,CE,0,0,0,1059.45,82.95,0,0,0,0,19-DEC-2017,
OPTSTK,SHREECEM,28-Dec-2017,18400,CE,0,0,0,1035.35,73.65,0,0,0,0,19-DEC-2017,
OPTSTK,SHREECEM,28-Dec-2017,18450,CE,0,0,0,1011.6,65.2,0,0,0,0,19-DEC-2017,
OPTSTK,SHREECEM,28-Dec-2017,18500,CE,0,0,0,988.25,57.55,0,0,0,0,19-DEC-2017,
OPTSTK,SHREECEM,28-Dec-2017,18550,CE,0,0,0,965.3,50.65,0,0,0,0,19-DEC-2017,
OPTSTK,SHREECEM,28-Dec-2017,18600,CE,0,0,0,942.75,44.45,0,0,0,0,19-DEC-2017,
OPTSTK,SHREECEM,28-Dec-2017,18650,CE,0,0,0,920.55,38.9,0,0,0,0,19-DEC-2017,
OPTSTK,SHREECEM,28-Dec-2017,18700,CE,0,0,0,898.7,33.95,0,0,0,0,19-DEC-2017,
OPTSTK,SHREECEM,28-Dec-2017,18750,CE,0,0,0,877.3,29.55,0,0,0,0,19-DEC-2017,
OPTSTK,SHREECEM,28-Dec-2017,18800,CE,0,0,0,856.25,25.65,0,0,0,0,19-DEC-2017,
OPTSTK,SHREECEM,28-Dec-2017,18850,CE,0,0,0,835.55,22.2,0,0,0,0,19-DEC-2017,
OPTSTK,SHREECEM,28-Dec-2017,18900,CE,0,0,0,815.25,19.15,0,0,0,0,19-DEC-2017,
OPTSTK,SHREECEM,28-Dec-2017,18950,CE,0,0,0,795.3,16.45,0,0,0,0,19-DEC-2017,
OPTSTK,SHREECEM,28-Dec-2017,19000,CE,0,0,0,775.7,14.15,0,0,0,0,19-DEC-2017,
OPTSTK,SHREECEM,28-Dec-2017,19050,CE,0,0,0,756.5,12.1,0,0,0,0,19-DEC-2017,
OPTSTK,SHREECEM,28-Dec-2017,19100,CE,0,0,0,737.65,10.3,0,0,0,0,19-DEC-2017,
OPTSTK,SHREECEM,28-Dec-2017,19150,CE,0,0,0,719.15,8.75,0,0,0,0,19-DEC-2017,
OPTSTK,SHREECEM,28-Dec-2017,19200,CE,0,0,0,701,7.45,0,0,0,0,19-DEC-2017,
OPTSTK,SHREECEM,28-Dec-2017,19250,CE,0,0,0,855.15,6.3,0,0,0,0,19-DEC-2017,
OPTSTK,SHREECEM,28-Dec-2017,19300,CE,0,0,0,834.95,5.3,0,0,0,0,19-DEC-2017,
OPTSTK,SHREECEM,28-Dec-2017,19350,CE,0,0,0,815.1,4.45,0,0,0,0,19-DEC-2017,
OPTSTK,SHREECEM,28-Dec-2017,19400,CE,0,0,0,795.6,3.75,0,0,0,0,19-DEC-2017,
OPTSTK,SHREECEM,28-Dec-2017,19450,CE,0,0,0,776.4,3.15,0,0,0,0,19-DEC-2017,
OPTSTK,SHREECEM,28-Dec-2017,19500,CE,0,0,0,757.6,2.6,0,0,0,0,19-DEC-2017,
OPTSTK,SHREECEM,28-Dec-2017,19550,CE,0,0,0,739.15,2.15,0,0,0,0,19-DEC-2017,
OPTSTK,SHREECEM,28-Dec-2017,19600,CE,0,0,0,721.05,1.8,0,0,0,0,19-DEC-2017,
OPTSTK,SHREECEM,28-Dec-2017,19650,CE,0,0,0,686.2,1.5,0,0,0,0,19-DEC-2017,
OPTSTK,SHREECEM,28-Dec-2017,19700,CE,0,0,0,668.15,1.25,0,0,0,0,19-DEC-2017,
OPTSTK,SHREECEM,28-Dec-2017,19750,CE,0,0,0,654.6,1,0,0,0,0,19-DEC-2017,
OPTSTK,SHREECEM,28-Dec-2017,19800,CE,0,0,0,636.8,0.85,0,0,0,0,19-DEC-2017,
OPTSTK,SHREECEM,28-Dec-2017,19850,CE,0,0,0,944.2,0.7,0,0,0,0,19-DEC-2017,
OPTSTK,SHREECEM,28-Dec-2017,19900,CE,0,0,0,923.7,0.55,0,0,0,0,19-DEC-2017,
OPTSTK,SHREECEM,28-Dec-2017,16450,PE,0,0,0,466.65,9.05,0,0,0,0,19-DEC-2017,
OPTSTK,SHREECEM,28-Dec-2017,16500,PE,0,0,0,310.6,10.95,0,0,0,0,19-DEC-2017,
OPTSTK,SHREECEM,28-Dec-2017,16550,PE,0,0,0,325.3,13.15,0,0,0,0,19-DEC-2017,
OPTSTK,SHREECEM,28-Dec-2017,16600,PE,0,0,0,340.55,15.75,0,0,0,0,19-DEC-2017,
OPTSTK,SHREECEM,28-Dec-2017,16650,PE,0,0,0,356.25,18.7,0,0,0,0,19-DEC-2017,
OPTSTK,SHREECEM,28-Dec-2017,16700,PE,0,0,0,372.45,22.15,0,0,0,0,19-DEC-2017,
OPTSTK,SHREECEM,28-Dec-2017,16750,PE,0,0,0,389.15,26.1,0,0,0,0,19-DEC-2017,
OPTSTK,SHREECEM,28-Dec-2017,16800,PE,0,0,0,406.35,30.6,0,0,0,0,19-DEC-2017,
OPTSTK,SHREECEM,28-Dec-2017,16850,PE,0,0,0,424.05,35.75,0,0,0,0,19-DEC-2017,
OPTSTK,SHREECEM,28-Dec-2017,16900,PE,0,0,0,442.25,41.55,0,0,0,0,19-DEC-2017,
OPTSTK,SHREECEM,28-Dec-2017,16950,PE,0,0,0,234.35,48.1,0,0,0,0,19-DEC-2017,
OPTSTK,SHREECEM,28-Dec-2017,17000,PE,0,0,0,247.4,55.45,0,0,0,0,19-DEC-2017,
OPTSTK,SHREECEM,28-Dec-2017,17050,PE,0,0,0,306.95,63.65,0,0,0,0,19-DEC-2017,
OPTSTK,SHREECEM,28-Dec-2017,17100,PE,0,0,0,343.1,72.8,0,0,0,0,19-DEC-2017,
OPTSTK,SHREECEM,28-Dec-2017,17150,PE,0,0,0,358.15,82.85,0,0,0,0,19-DEC-2017,
OPTSTK,SHREECEM,28-Dec-2017,17200,PE,0,0,0,457.1,94,0,0,0,0,19-DEC-2017,
OPTSTK,SHREECEM,28-Dec-2017,17250,PE,0,0,0,473.2,106.9,0,0,0,0,19-DEC-2017,
OPTSTK,SHREECEM,28-Dec-2017,17300,PE,0,0,0,489.75,119.45,0,0,0,0,19-DEC-2017,
OPTSTK,SHREECEM,28-Dec-2017,17350,PE,0,0,0,506.6,133.95,0,0,0,0,19-DEC-2017,
OPTSTK,SHREECEM,28-Dec-2017,17400,PE,0,0,0,523.9,149.75,0,0,0,0,19-DEC-2017,
OPTSTK,SHREECEM,28-Dec-2017,17450,PE,0,0,0,541.55,166.8,0,0,0,0,19-DEC-2017,
OPTSTK,SHREECEM,28-Dec-2017,17500,PE,0,0,0,559.6,185.1,0,0,0,0,19-DEC-2017,
OPTSTK,SHREECEM,28-Dec-2017,17550,PE,0,0,0,578,204.8,0,0,0,0,19-DEC-2017,
OPTSTK,SHREECEM,28-Dec-2017,17600,PE,0,0,0,596.8,225.8,0,0,0,0,19-DEC-2017,
OPTSTK,SHREECEM,28-Dec-2017,17650,PE,0,0,0,616,248.2,0,0,0,0,19-DEC-2017,
OPTSTK,SHREECEM,28-Dec-2017,17700,PE,0,0,0,635.6,271.95,0,0,0,0,19-DEC-2017,
OPTSTK,SHREECEM,28-Dec-2017,17750,PE,0,0,0,655.6,297.05,0,0,0,0,19-DEC-2017,
OPTSTK,SHREECEM,28-Dec-2017,17800,PE,0,0,0,676,323.55,0,0,0,0,19-DEC-2017,
OPTSTK,SHREECEM,28-Dec-2017,17850,PE,0,0,0,696.75,351.45,0,0,0,0,19-DEC-2017,
OPTSTK,SHREECEM,28-Dec-2017,17900,PE,0,0,0,717.95,380.65,0,0,0,0,19-DEC-2017,
OPTSTK,SHREECEM,28-Dec-2017,17950,PE,0,0,0,739.5,411.2,0,0,0,0,19-DEC-2017,
OPTSTK,SHREECEM,28-Dec-2017,18000,PE,0,0,0,761.45,443,0,0,0,0,19-DEC-2017,
OPTSTK,SHREECEM,28-Dec-2017,18050,PE,0,0,0,783.8,476.1,0,0,0,0,19-DEC-2017,
OPTSTK,SHREECEM,28-Dec-2017,18100,PE,0,0,0,806.55,510.4,0,0,0,0,19-DEC-2017,
OPTSTK,SHREECEM,28-Dec-2017,18150,PE,0,0,0,829.7,545.85,0,0,0,0,19-DEC-2017,
OPTSTK,SHREECEM,28-Dec-2017,18200,PE,0,0,0,853.2,582.5,0,0,0,0,19-DEC-2017,
OPTSTK,SHREECEM,28-Dec-2017,18250,PE,0,0,0,877.15,620.3,0,0,0,0,19-DEC-2017,
OPTSTK,SHREECEM,28-Dec-2017,18300,PE,0,0,0,901.45,659,0,0,0,0,19-DEC-2017,
OPTSTK,SHREECEM,28-Dec-2017,18350,PE,0,0,0,926.1,698.7,0,0,0,0,19-DEC-2017,
OPTSTK,SHREECEM,28-Dec-2017,18400,PE,0,0,0,951.2,739.35,0,0,0,0,19-DEC-2017,
OPTSTK,SHREECEM,28-Dec-2017,18450,PE,0,0,0,976.7,780.8,0,0,0,0,19-DEC-2017,
OPTSTK,SHREECEM,28-Dec-2017,18500,PE,0,0,0,1002.55,823.1,0,0,0,0,19-DEC-2017,
OPTSTK,SHREECEM,28-Dec-2017,18550,PE,0,0,0,1028.8,866.1,0,0,0,0,19-DEC-2017,
OPTSTK,SHREECEM,28-Dec-2017,18600,PE,0,0,0,1055.45,909.85,0,0,0,0,19-DEC-2017,
OPTSTK,SHREECEM,28-Dec-2017,18650,PE,0,0,0,1082.5,954.2,0,0,0,0,19-DEC-2017,
OPTSTK,SHREECEM,28-Dec-2017,18700,PE,0,0,0,1109.9,999.2,0,0,0,0,19-DEC-2017,
OPTSTK,SHREECEM,28-Dec-2017,18750,PE,0,0,0,1137.7,1044.7,0,0,0,0,19-DEC-2017,
OPTSTK,SHREECEM,28-Dec-2017,18800,PE,0,0,0,1165.85,1090.7,0,0,0,0,19-DEC-2017,
OPTSTK,SHREECEM,28-Dec-2017,18850,PE,0,0,0,1194.4,1137.2,0,0,0,0,19-DEC-2017,
OPTSTK,SHREECEM,28-Dec-2017,18900,PE,0,0,0,1223.3,1184.05,0,0,0,0,19-DEC-2017,
OPTSTK,SHREECEM,28-Dec-2017,18950,PE,0,0,0,1252.6,1231.3,0,0,0,0,19-DEC-2017,
OPTSTK,SHREECEM,28-Dec-2017,19000,PE,0,0,0,1282.2,1278.9,0,0,0,0,19-DEC-2017,
OPTSTK,SHREECEM,28-Dec-2017,19050,PE,0,0,0,1312.25,1326.75,0,0,0,0,19-DEC-2017,
OPTSTK,SHREECEM,28-Dec-2017,19100,PE,0,0,0,1342.6,1374.9,0,0,0,0,19-DEC-2017,
OPTSTK,SHREECEM,28-Dec-2017,19150,PE,0,0,0,1373.3,1423.3,0,0,0,0,19-DEC-2017,
OPTSTK,SHREECEM,28-Dec-2017,19200,PE,0,0,0,1404.4,1471.9,0,0,0,0,19-DEC-2017,
OPTSTK,SHREECEM,28-Dec-2017,19250,PE,0,0,0,1238.6,1520.65,0,0,0,0,19-DEC-2017,
OPTSTK,SHREECEM,28-Dec-2017,19300,PE,0,0,0,1267.65,1569.6,0,0,0,0,19-DEC-2017,
OPTSTK,SHREECEM,28-Dec-2017,19350,PE,0,0,0,1297.05,1618.65,0,0,0,0,19-DEC-2017,
OPTSTK,SHREECEM,28-Dec-2017,19400,PE,0,0,0,1326.8,1667.9,0,0,0,0,19-DEC-2017,
OPTSTK,SHREECEM,28-Dec-2017,19450,PE,0,0,0,1356.9,1717.2,0,0,0,0,19-DEC-2017,
OPTSTK,SHREECEM,28-Dec-2017,19500,PE,0,0,0,1387.35,1766.6,0,0,0,0,19-DEC-2017,
OPTSTK,SHREECEM,28-Dec-2017,19550,PE,0,0,0,1418.15,1816.1,0,0,0,0,19-DEC-2017,
OPTSTK,SHREECEM,28-Dec-2017,19600,PE,0,0,0,1449.3,1865.65,0,0,0,0,19-DEC-2017,
OPTSTK,SHREECEM,28-Dec-2017,19650,PE,0,0,0,1346.55,1915.25,0,0,0,0,19-DEC-2017,
OPTSTK,SHREECEM,28-Dec-2017,19700,PE,0,0,0,1377.8,1964.9,0,0,0,0,19-DEC-2017,
OPTSTK,SHREECEM,28-Dec-2017,19750,PE,0,0,0,1328.8,2014.6,0,0,0,0,19-DEC-2017,
OPTSTK,SHREECEM,28-Dec-2017,19800,PE,0,0,0,1360.25,2064.35,0,0,0,0,19-DEC-2017,
OPTSTK,SHREECEM,28-Dec-2017,19850,PE,0,0,0,1321.1,2114.1,0,0,0,0,19-DEC-2017,
OPTSTK,SHREECEM,28-Dec-2017,19900,PE,0,0,0,1350,2163.9,0,0,0,0,19-DEC-2017,
OPTSTK,SHREECEM,25-Jan-2018,16450,CE,0,0,0,1405.4,1487.95,0,0,0,0,19-DEC-2017,
OPTSTK,SHREECEM,25-Jan-2018,16500,CE,0,0,0,1679.1,1447.3,0,0,0,0,19-DEC-2017,
OPTSTK,SHREECEM,25-Jan-2018,16550,CE,0,0,0,1646.55,1407.15,0,0,0,0,19-DEC-2017,
OPTSTK,SHREECEM,25-Jan-2018,16600,CE,0,0,0,1614.4,1367.5,0,0,0,0,19-DEC-2017,
OPTSTK,SHREECEM,25-Jan-2018,16650,CE,0,0,0,1582.6,1328.4,0,0,0,0,19-DEC-2017,
OPTSTK,SHREECEM,25-Jan-2018,16700,CE,0,0,0,1551.25,1289.8,0,0,0,0,19-DEC-2017,
OPTSTK,SHREECEM,25-Jan-2018,16750,CE,0,0,0,1520.25,1251.75,0,0,0,0,19-DEC-2017,
OPTSTK,SHREECEM,25-Jan-2018,16800,CE,0,0,0,1489.6,1214.25,0,0,0,0,19-DEC-2017,
OPTSTK,SHREECEM,25-Jan-2018,16850,CE,0,0,0,1459.4,1177.95,0,0,0,0,19-DEC-2017,
OPTSTK,SHREECEM,25-Jan-2018,16900,CE,0,0,0,1429.55,1141.5,0,0,0,0,19-DEC-2017,
OPTSTK,SHREECEM,25-Jan-2018,16950,CE,0,0,0,1550.55,1104.95,0,0,0,0,19-DEC-2017,
OPTSTK,SHREECEM,25-Jan-2018,17000,CE,0,0,0,1516.35,1069.8,0,0,0,0,19-DEC-2017,
OPTSTK,SHREECEM,25-Jan-2018,17050,CE,0,0,0,1673.3,1035.3,0,0,0,0,19-DEC-2017,
OPTSTK,SHREECEM,25-Jan-2018,17100,CE,0,0,0,1728.45,1001.35,0,0,0,0,19-DEC-2017,
OPTSTK,SHREECEM,25-Jan-2018,17150,CE,0,0,0,1695.8,968.1,0,0,0,0,19-DEC-2017,
OPTSTK,SHREECEM,25-Jan-2018,17200,CE,0,0,0,1663.5,935.45,0,0,0,0,19-DEC-2017,
OPTSTK,SHREECEM,25-Jan-2018,17250,CE,0,0,0,1631.55,903.45,0,0,0,0,19-DEC-2017,
OPTSTK,SHREECEM,25-Jan-2018,17300,CE,0,0,0,1600.05,872.1,0,0,0,0,19-DEC-2017,
OPTSTK,SHREECEM,25-Jan-2018,17350,CE,0,0,0,1568.85,841.4,0,0,0,0,19-DEC-2017,
OPTSTK,SHREECEM,25-Jan-2018,17400,CE,0,0,0,1538.05,811.35,0,0,0,0,19-DEC-2017,
OPTSTK,SHREECEM,25-Jan-2018,17450,CE,0,0,0,1507.65,782,0,0,0,0,19-DEC-2017,
OPTSTK,SHREECEM,25-Jan-2018,17500,CE,0,0,0,1726.4,753.3,0,0,0,0,19-DEC-2017,
OPTSTK,SHREECEM,25-Jan-2018,17550,CE,0,0,0,1693.9,725.3,0,0,0,0,19-DEC-2017,
OPTSTK,SHREECEM,25-Jan-2018,17600,CE,0,0,0,1661.7,697.95,0,0,0,0,19-DEC-2017,
OPTSTK,SHREECEM,25-Jan-2018,17650,CE,0,0,0,1629.9,671.3,0,0,0,0,19-DEC-2017,
OPTSTK,SHREECEM,25-Jan-2018,17700,CE,0,0,0,1598.5,645.3,0,0,0,0,19-DEC-2017,
OPTSTK,SHREECEM,25-Jan-2018,17750,CE,0,0,0,1567.45,619.95,0,0,0,0,19-DEC-2017,
OPTSTK,SHREECEM,25-Jan-2018,17800,CE,0,0,0,1766.7,595.25,0,0,0,0,19-DEC-2017,
OPTSTK,SHREECEM,25-Jan-2018,17850,CE,0,0,0,1734.45,571.3,0,0,0,0,19-DEC-2017,
OPTSTK,SHREECEM,25-Jan-2018,17900,CE,0,0,0,1702.55,548,0,0,0,0,19-DEC-2017,
OPTSTK,SHREECEM,25-Jan-2018,17950,CE,0,0,0,1876.65,525.35,0,0,0,0,19-DEC-2017,
OPTSTK,SHREECEM,25-Jan-2018,18000,CE,0,0,0,1987.5,503.35,0,0,0,0,19-DEC-2017,
OPTSTK,SHREECEM,25-Jan-2018,18050,CE,0,0,0,1956.6,482.05,0,0,0,0,19-DEC-2017,
OPTSTK,SHREECEM,25-Jan-2018,18100,CE,0,0,0,1926,461.35,0,0,0,0,19-DEC-2017,
OPTSTK,SHREECEM,25-Jan-2018,18150,CE,0,0,0,2044.85,441.35,0,0,0,0,19-DEC-2017,
OPTSTK,SHREECEM,25-Jan-2018,18200,CE,0,0,0,2014.4,421.95,0,0,0,0,19-DEC-2017,
OPTSTK,SHREECEM,25-Jan-2018,18250,CE,0,0,0,1984.25,403.2,0,0,0,0,19-DEC-2017,
OPTSTK,SHREECEM,25-Jan-2018,18300,CE,0,0,0,1954.4,385.05,0,0,0,0,19-DEC-2017,
OPTSTK,SHREECEM,25-Jan-2018,18350,CE,0,0,0,1924.85,367.55,0,0,0,0,19-DEC-2017,
OPTSTK,SHREECEM,25-Jan-2018,18400,CE,0,0,0,1895.6,350.6,0,0,0,0,19-DEC-2017,
OPTSTK,SHREECEM,25-Jan-2018,18450,CE,0,0,0,1866.65,334.3,0,0,0,0,19-DEC-2017,
OPTSTK,SHREECEM,25-Jan-2018,18500,CE,0,0,0,1837.95,318.55,0,0,0,0,19-DEC-2017,
OPTSTK,SHREECEM,25-Jan-2018,18550,CE,0,0,0,1809.6,303.35,0,0,0,0,19-DEC-2017,
OPTSTK,SHREECEM,25-Jan-2018,18600,CE,0,0,0,1781.5,288.75,0,0,0,0,19-DEC-2017,
OPTSTK,SHREECEM,25-Jan-2018,18650,CE,0,0,0,1753.7,274.7,0,0,0,0,19-DEC-2017,
OPTSTK,SHREECEM,25-Jan-2018,18700,CE,0,0,0,1726.25,261.15,0,0,0,0,19-DEC-2017,
OPTSTK,SHREECEM,25-Jan-2018,18750,CE,0,0,0,1699.05,248.2,0,0,0,0,19-DEC-2017,
OPTSTK,SHREECEM,25-Jan-2018,18800,CE,0,0,0,1672.15,236.55,0,0,0,0,19-DEC-2017,
OPTSTK,SHREECEM,25-Jan-2018,18850,CE,0,0,0,1645.55,224.65,0,0,0,0,19-DEC-2017,
OPTSTK,SHREECEM,25-Jan-2018,18900,CE,0,0,0,1619.25,212.5,0,0,0,0,19-DEC-2017,
OPTSTK,SHREECEM,25-Jan-2018,18950,CE,0,0,0,1593.2,201.5,0,0,0,0,19-DEC-2017,
OPTSTK,SHREECEM,25-Jan-2018,19000,CE,0,0,0,1567.5,191,0,0,0,0,19-DEC-2017,
OPTSTK,SHREECEM,25-Jan-2018,19050,CE,0,0,0,1542.05,180.9,0,0,0,0,19-DEC-2017,
OPTSTK,SHREECEM,25-Jan-2018,19100,CE,0,0,0,1516.95,171.25,0,0,0,0,19-DEC-2017,
OPTSTK,SHREECEM,25-Jan-2018,19150,CE,0,0,0,1492.1,162.05,0,0,0,0,19-DEC-2017,
OPTSTK,SHREECEM,25-Jan-2018,19200,CE,0,0,0,1467.45,153.2,0,0,0,0,19-DEC-2017,
OPTSTK,SHREECEM,25-Jan-2018,19250,CE,0,0,0,1443.2,144.8,0,0,0,0,19-DEC-2017,
OPTSTK,SHREECEM,25-Jan-2018,19300,CE,0,0,0,1419.25,136.8,0,0,0,0,19-DEC-2017,
OPTSTK,SHREECEM,25-Jan-2018,19350,CE,0,0,0,1395.55,129.15,0,0,0,0,19-DEC-2017,
OPTSTK,SHREECEM,25-Jan-2018,19400,CE,0,0,0,1372.15,121.85,0,0,0,0,19-DEC-2017,
OPTSTK,SHREECEM,25-Jan-2018,19450,CE,0,0,0,1349.05,114.9,0,0,0,0,19-DEC-2017,
OPTSTK,SHREECEM,25-Jan-2018,19500,CE,0,0,0,1326.25,108.3,0,0,0,0,19-DEC-2017,
OPTSTK,SHREECEM,25-Jan-2018,19550,CE,0,0,0,1303.7,102,0,0,0,0,19-DEC-2017,
OPTSTK,SHREECEM,25-Jan-2018,19600,CE,0,0,0,1281.45,96.05,0,0,0,0,19-DEC-2017,
OPTSTK,SHREECEM,25-Jan-2018,19650,CE,0,0,0,1259.5,90.35,0,0,0,0,19-DEC-2017,
OPTSTK,SHREECEM,25-Jan-2018,19700,CE,0,0,0,1237.8,85,0,0,0,0,19-DEC-2017,
OPTSTK,SHREECEM,25-Jan-2018,19750,CE,0,0,0,1216.4,79.85,0,0,0,0,19-DEC-2017,
OPTSTK,SHREECEM,25-Jan-2018,19800,CE,0,0,0,1195.25,75.05,0,0,0,0,19-DEC-2017,
OPTSTK,SHREECEM,25-Jan-2018,19850,CE,0,0,0,1174.4,70.45,0,0,0,0,19-DEC-2017,
OPTSTK,SHREECEM,25-Jan-2018,19900,CE,0,0,0,1153.85,66.1,0,0,0,0,19-DEC-2017,
OPTSTK,SHREECEM,25-Jan-2018,16450,PE,0,0,0,666.2,125.2,0,0,0,0,19-DEC-2017,
OPTSTK,SHREECEM,25-Jan-2018,16500,PE,0,0,0,487,134.25,0,0,0,0,19-DEC-2017,
OPTSTK,SHREECEM,25-Jan-2018,16550,PE,0,0,0,503.85,143.75,0,0,0,0,19-DEC-2017,
OPTSTK,SHREECEM,25-Jan-2018,16600,PE,0,0,0,521.15,153.8,0,0,0,0,19-DEC-2017,
OPTSTK,SHREECEM,25-Jan-2018,16650,PE,0,0,0,538.8,164.35,0,0,0,0,19-DEC-2017,
OPTSTK,SHREECEM,25-Jan-2018,16700,PE,0,0,0,556.85,175.45,0,0,0,0,19-DEC-2017,
OPTSTK,SHREECEM,25-Jan-2018,16750,PE,0,0,0,575.25,187.05,0,0,0,0,19-DEC-2017,
OPTSTK,SHREECEM,25-Jan-2018,16800,PE,0,0,0,594.05,199.25,0,0,0,0,19-DEC-2017,
OPTSTK,SHREECEM,25-Jan-2018,16850,PE,0,0,0,613.25,212.6,0,0,0,0,19-DEC-2017,
OPTSTK,SHREECEM,25-Jan-2018,16900,PE,0,0,0,632.85,225.85,0,0,0,0,19-DEC-2017,
OPTSTK,SHREECEM,25-Jan-2018,16950,PE,0,0,0,362.75,239,0,0,0,0,19-DEC-2017,
OPTSTK,SHREECEM,25-Jan-2018,17000,PE,0,0,0,377.95,253.5,0,0,0,0,19-DEC-2017,
OPTSTK,SHREECEM,25-Jan-2018,17050,PE,0,0,0,449.95,268.65,0,0,0,0,19-DEC-2017,
OPTSTK,SHREECEM,25-Jan-2018,17100,PE,0,0,0,489.55,284.4,0,0,0,0,19-DEC-2017,
OPTSTK,SHREECEM,25-Jan-2018,17150,PE,0,0,0,506.2,300.8,0,0,0,0,19-DEC-2017,
OPTSTK,SHREECEM,25-Jan-2018,17200,PE,0,0,0,523.25,317.8,0,0,0,0,19-DEC-2017,
OPTSTK,SHREECEM,25-Jan-2018,17250,PE,0,0,0,540.65,335.5,0,0,0,0,19-DEC-2017,
OPTSTK,SHREECEM,25-Jan-2018,17300,PE,0,0,0,558.45,353.8,0,0,0,0,19-DEC-2017,
OPTSTK,SHREECEM,25-Jan-2018,17350,PE,0,0,0,576.6,372.8,0,0,0,0,19-DEC-2017,
OPTSTK,SHREECEM,25-Jan-2018,17400,PE,0,0,0,595.15,392.45,0,0,0,0,19-DEC-2017,
OPTSTK,SHREECEM,25-Jan-2018,17450,PE,0,0,0,614.05,412.75,0,0,0,0,19-DEC-2017,
OPTSTK,SHREECEM,25-Jan-2018,17500,PE,0,0,0,499.4,433.75,0,0,0,0,19-DEC-2017,
OPTSTK,SHREECEM,25-Jan-2018,17550,PE,0,0,0,516.2,455.4,0,0,0,0,19-DEC-2017,
OPTSTK,SHREECEM,25-Jan-2018,17600,PE,0,0,0,533.35,477.75,0,0,0,0,19-DEC-2017,
OPTSTK,SHREECEM,25-Jan-2018,17650,PE,0,0,0,550.9,500.75,0,0,0,0,19-DEC-2017,
OPTSTK,SHREECEM,25-Jan-2018,17700,PE,0,0,0,568.8,524.4,0,0,0,0,19-DEC-2017,
OPTSTK,SHREECEM,25-Jan-2018,17750,PE,0,0,0,587.05,548.75,0,0,0,0,19-DEC-2017,
OPTSTK,SHREECEM,25-Jan-2018,17800,PE,0,0,0,528.95,573.75,0,0,0,0,19-DEC-2017,
OPTSTK,SHREECEM,25-Jan-2018,17850,PE,0,0,0,546,599.45,0,0,0,0,19-DEC-2017,
OPTSTK,SHREECEM,25-Jan-2018,17900,PE,0,0,0,563.4,625.8,0,0,0,0,19-DEC-2017,
OPTSTK,SHREECEM,25-Jan-2018,17950,PE,0,0,0,628.85,652.85,0,0,0,0,19-DEC-2017,
OPTSTK,SHREECEM,25-Jan-2018,18000,PE,0,0,0,692.95,680.55,0,0,0,0,19-DEC-2017,
OPTSTK,SHREECEM,25-Jan-2018,18050,PE,0,0,0,711.3,708.9,0,0,0,0,19-DEC-2017,
OPTSTK,SHREECEM,25-Jan-2018,18100,PE,0,0,0,729.95,737.9,0,0,0,0,19-DEC-2017,
OPTSTK,SHREECEM,25-Jan-2018,18150,PE,0,0,0,751.6,767.55,0,0,0,0,19-DEC-2017,
OPTSTK,SHREECEM,25-Jan-2018,18200,PE,0,0,0,770.4,797.85,0,0,0,0,19-DEC-2017,
OPTSTK,SHREECEM,25-Jan-2018,18250,PE,0,0,0,789.45,828.75,0,0,0,0,19-DEC-2017,
OPTSTK,SHREECEM,25-Jan-2018,18300,PE,0,0,0,808.85,860.3,0,0,0,0,19-DEC-2017,
OPTSTK,SHREECEM,25-Jan-2018,18350,PE,0,0,0,828.5,892.45,0,0,0,0,19-DEC-2017,
OPTSTK,SHREECEM,25-Jan-2018,18400,PE,0,0,0,848.45,925.2,0,0,0,0,19-DEC-2017,
OPTSTK,SHREECEM,25-Jan-2018,18450,PE,0,0,0,868.7,958.55,0,0,0,0,19-DEC-2017,
OPTSTK,SHREECEM,25-Jan-2018,18500,PE,0,0,0,889.25,992.45,0,0,0,0,19-DEC-2017,
OPTSTK,SHREECEM,25-Jan-2018,18550,PE,0,0,0,910.1,1026.95,0,0,0,0,19-DEC-2017,
OPTSTK,SHREECEM,25-Jan-2018,18600,PE,0,0,0,931.2,1062,0,0,0,0,19-DEC-2017,
OPTSTK,SHREECEM,25-Jan-2018,18650,PE,0,0,0,952.65,1097.65,0,0,0,0,19-DEC-2017,
OPTSTK,SHREECEM,25-Jan-2018,18700,PE,0,0,0,974.4,1133.8,0,0,0,0,19-DEC-2017,
OPTSTK,SHREECEM,25-Jan-2018,18750,PE,0,0,0,996.4,1170.45,0,0,0,0,19-DEC-2017,
OPTSTK,SHREECEM,25-Jan-2018,18800,PE,0,0,0,1018.7,1208.5,0,0,0,0,19-DEC-2017,
OPTSTK,SHREECEM,25-Jan-2018,18850,PE,0,0,0,1041.35,1246.3,0,0,0,0,19-DEC-2017,
OPTSTK,SHREECEM,25-Jan-2018,18900,PE,0,0,0,1064.25,1283.85,0,0,0,0,19-DEC-2017,
OPTSTK,SHREECEM,25-Jan-2018,18950,PE,0,0,0,1087.45,1322.5,0,0,0,0,19-DEC-2017,
OPTSTK,SHREECEM,25-Jan-2018,19000,PE,0,0,0,1110.95,1361.65,0,0,0,0,19-DEC-2017,
OPTSTK,SHREECEM,25-Jan-2018,19050,PE,0,0,0,1134.75,1401.25,0,0,0,0,19-DEC-2017,
OPTSTK,SHREECEM,25-Jan-2018,19100,PE,0,0,0,1158.8,1441.25,0,0,0,0,19-DEC-2017,
OPTSTK,SHREECEM,25-Jan-2018,19150,PE,0,0,0,1183.2,1481.7,0,0,0,0,19-DEC-2017,
OPTSTK,SHREECEM,25-Jan-2018,19200,PE,0,0,0,1207.75,1522.6,0,0,0,0,19-DEC-2017,
OPTSTK,SHREECEM,25-Jan-2018,19250,PE,0,0,0,1232.75,1563.85,0,0,0,0,19-DEC-2017,
OPTSTK,SHREECEM,25-Jan-2018,19300,PE,0,0,0,1258,1605.5,0,0,0,0,19-DEC-2017,
OPTSTK,SHREECEM,25-Jan-2018,19350,PE,0,0,0,1283.5,1647.5,0,0,0,0,19-DEC-2017,
OPTSTK,SHREECEM,25-Jan-2018,19400,PE,0,0,0,1309.35,1689.9,0,0,0,0,19-DEC-2017,
OPTSTK,SHREECEM,25-Jan-2018,19450,PE,0,0,0,1335.45,1732.65,0,0,0,0,19-DEC-2017,
OPTSTK,SHREECEM,25-Jan-2018,19500,PE,0,0,0,1361.85,1775.7,0,0,0,0,19-DEC-2017,
OPTSTK,SHREECEM,25-Jan-2018,19550,PE,0,0,0,1388.5,1819.1,0,0,0,0,19-DEC-2017,
OPTSTK,SHREECEM,25-Jan-2018,19600,PE,0,0,0,1415.5,1862.8,0,0,0,0,19-DEC-2017,
OPTSTK,SHREECEM,25-Jan-2018,19650,PE,0,0,0,1442.75,1906.8,0,0,0,0,19-DEC-2017,
OPTSTK,SHREECEM,25-Jan-2018,19700,PE,0,0,0,1470.25,1951.1,0,0,0,0,19-DEC-2017,
OPTSTK,SHREECEM,25-Jan-2018,19750,PE,0,0,0,1498.05,1995.65,0,0,0,0,19-DEC-2017,
OPTSTK,SHREECEM,25-Jan-2018,19800,PE,0,0,0,1526.15,2040.5,0,0,0,0,19-DEC-2017,
OPTSTK,SHREECEM,25-Jan-2018,19850,PE,0,0,0,1554.5,2085.6,0,0,0,0,19-DEC-2017,
OPTSTK,SHREECEM,25-Jan-2018,19900,PE,0,0,0,1583.15,2130.9,0,0,0,0,19-DEC-2017,
OPTSTK,SHREECEM,22-Feb-2018,16450,CE,0,0,0,1515.1,1677.55,0,0,0,0,19-DEC-2017,
OPTSTK,SHREECEM,22-Feb-2018,16500,CE,0,0,0,1483.95,1640,0,0,0,0,19-DEC-2017,
OPTSTK,SHREECEM,22-Feb-2018,16550,CE,0,0,0,1453.2,1602.85,0,0,0,0,19-DEC-2017,
OPTSTK,SHREECEM,22-Feb-2018,16600,CE,0,0,0,1422.85,1566.75,0,0,0,0,19-DEC-2017,
OPTSTK,SHREECEM,22-Feb-2018,16650,CE,0,0,0,1392.95,1530.45,0,0,0,0,19-DEC-2017,
OPTSTK,SHREECEM,22-Feb-2018,16700,CE,0,0,0,1363.4,1494.55,0,0,0,0,19-DEC-2017,
OPTSTK,SHREECEM,22-Feb-2018,16750,CE,0,0,0,1334.25,1459.1,0,0,0,0,19-DEC-2017,
OPTSTK,SHREECEM,22-Feb-2018,16800,CE,0,0,0,1305.55,1423.5,0,0,0,0,19-DEC-2017,
OPTSTK,SHREECEM,22-Feb-2018,16850,CE,0,0,0,1277.25,1389.05,0,0,0,0,19-DEC-2017,
OPTSTK,SHREECEM,22-Feb-2018,16900,CE,0,0,0,1249.3,1355.1,0,0,0,0,19-DEC-2017,
OPTSTK,SHREECEM,22-Feb-2018,16950,CE,0,0,0,1221.8,1321.65,0,0,0,0,19-DEC-2017,
OPTSTK,SHREECEM,22-Feb-2018,17000,CE,0,0,0,1194.7,1288.6,0,0,0,0,19-DEC-2017,
OPTSTK,SHREECEM,22-Feb-2018,17050,CE,0,0,0,1168.05,1256.1,0,0,0,0,19-DEC-2017,
OPTSTK,SHREECEM,22-Feb-2018,17100,CE,0,0,0,1141.75,1224.05,0,0,0,0,19-DEC-2017,
OPTSTK,SHREECEM,22-Feb-2018,17150,CE,0,0,0,1115.85,1192.55,0,0,0,0,19-DEC-2017,
OPTSTK,SHREECEM,22-Feb-2018,17200,CE,0,0,0,1090.4,1161.5,0,0,0,0,19-DEC-2017,
OPTSTK,SHREECEM,22-Feb-2018,17250,CE,0,0,0,1065.35,1130.95,0,0,0,0,19-DEC-2017,
OPTSTK,SHREECEM,22-Feb-2018,17300,CE,0,0,0,1040.6,1100.9,0,0,0,0,19-DEC-2017,
OPTSTK,SHREECEM,22-Feb-2018,17350,CE,0,0,0,1016.35,1071.35,0,0,0,0,19-DEC-2017,
OPTSTK,SHREECEM,22-Feb-2018,17400,CE,0,0,0,992.45,1042.3,0,0,0,0,19-DEC-2017,
OPTSTK,SHREECEM,22-Feb-2018,17450,CE,0,0,0,969,1013.75,0,0,0,0,19-DEC-2017,
OPTSTK,SHREECEM,22-Feb-2018,17500,CE,0,0,0,945.95,985.7,0,0,0,0,19-DEC-2017,
OPTSTK,SHREECEM,22-Feb-2018,17550,CE,0,0,0,923.3,958.2,0,0,0,0,19-DEC-2017,
OPTSTK,SHREECEM,22-Feb-2018,17600,CE,0,0,0,901,931.15,0,0,0,0,19-DEC-2017,
OPTSTK,SHREECEM,22-Feb-2018,17650,CE,0,0,0,879.1,904.65,0,0,0,0,19-DEC-2017,
OPTSTK,SHREECEM,22-Feb-2018,17700,CE,0,0,0,857.65,878.65,0,0,0,0,19-DEC-2017,
OPTSTK,SHREECEM,22-Feb-2018,17750,CE,0,0,0,836.5,853.15,0,0,0,0,19-DEC-2017,
OPTSTK,SHREECEM,22-Feb-2018,17800,CE,0,0,0,815.8,828.15,0,0,0,0,19-DEC-2017,
OPTSTK,SHREECEM,22-Feb-2018,17850,CE,0,0,0,795.45,803.6,0,0,0,0,19-DEC-2017,
OPTSTK,SHREECEM,22-Feb-2018,17900,CE,0,0,0,775.5,779.65,0,0,0,0,19-DEC-2017,
OPTSTK,SHREECEM,22-Feb-2018,17950,CE,0,0,0,755.95,756.15,0,0,0,0,19-DEC-2017,
OPTSTK,SHREECEM,22-Feb-2018,18000,CE,0,0,0,736.7,733.15,0,0,0,0,19-DEC-2017,
OPTSTK,SHREECEM,22-Feb-2018,18050,CE,0,0,0,717.9,710.7,0,0,0,0,19-DEC-2017,
OPTSTK,SHREECEM,22-Feb-2018,18100,CE,0,0,0,699.4,688.7,0,0,0,0,19-DEC-2017,
OPTSTK,SHREECEM,22-Feb-2018,18150,CE,0,0,0,681.3,667.2,0,0,0,0,19-DEC-2017,
OPTSTK,SHREECEM,22-Feb-2018,18200,CE,0,0,0,663.55,646.15,0,0,0,0,19-DEC-2017,
OPTSTK,SHREECEM,22-Feb-2018,18250,CE,0,0,0,627.1,625.65,0,0,0,0,19-DEC-2017,
OPTSTK,SHREECEM,22-Feb-2018,18300,CE,0,0,0,609.25,605.6,0,0,0,0,19-DEC-2017,
OPTSTK,SHREECEM,22-Feb-2018,18350,CE,0,0,0,591.85,586,0,0,0,0,19-DEC-2017,
OPTSTK,SHREECEM,22-Feb-2018,18400,CE,0,0,0,697.4,566.9,0,0,0,0,19-DEC-2017,
OPTSTK,SHREECEM,22-Feb-2018,16450,PE,0,0,0,527.85,234.3,0,0,0,0,19-DEC-2017,
OPTSTK,SHREECEM,22-Feb-2018,16500,PE,0,0,0,546,246.15,0,0,0,0,19-DEC-2017,
OPTSTK,SHREECEM,22-Feb-2018,16550,PE,0,0,0,564.55,258.45,0,0,0,0,19-DEC-2017,
OPTSTK,SHREECEM,22-Feb-2018,16600,PE,0,0,0,583.45,271.75,0,0,0,0,19-DEC-2017,
OPTSTK,SHREECEM,22-Feb-2018,16650,PE,0,0,0,602.8,284.85,0,0,0,0,19-DEC-2017,
OPTSTK,SHREECEM,22-Feb-2018,16700,PE,0,0,0,622.55,298.4,0,0,0,0,19-DEC-2017,
OPTSTK,SHREECEM,22-Feb-2018,16750,PE,0,0,0,642.7,312.4,0,0,0,0,19-DEC-2017,
OPTSTK,SHREECEM,22-Feb-2018,16800,PE,0,0,0,663.25,326.25,0,0,0,0,19-DEC-2017,
OPTSTK,SHREECEM,22-Feb-2018,16850,PE,0,0,0,684.2,341.25,0,0,0,0,19-DEC-2017,
OPTSTK,SHREECEM,22-Feb-2018,16900,PE,0,0,0,705.55,356.7,0,0,0,0,19-DEC-2017,
OPTSTK,SHREECEM,22-Feb-2018,16950,PE,0,0,0,727.3,372.65,0,0,0,0,19-DEC-2017,
OPTSTK,SHREECEM,22-Feb-2018,17000,PE,0,0,0,749.5,389.05,0,0,0,0,19-DEC-2017,
OPTSTK,SHREECEM,22-Feb-2018,17050,PE,0,0,0,772.05,406,0,0,0,0,19-DEC-2017,
OPTSTK,SHREECEM,22-Feb-2018,17100,PE,0,0,0,795.05,423.4,0,0,0,0,19-DEC-2017,
OPTSTK,SHREECEM,22-Feb-2018,17150,PE,0,0,0,818.45,441.25,0,0,0,0,19-DEC-2017,
OPTSTK,SHREECEM,22-Feb-2018,17200,PE,0,0,0,842.25,459.65,0,0,0,0,19-DEC-2017,
OPTSTK,SHREECEM,22-Feb-2018,17250,PE,0,0,0,866.45,478.55,0,0,0,0,19-DEC-2017,
OPTSTK,SHREECEM,22-Feb-2018,17300,PE,0,0,0,891,497.9,0,0,0,0,19-DEC-2017,
OPTSTK,SHREECEM,22-Feb-2018,17350,PE,0,0,0,916,517.8,0,0,0,0,19-DEC-2017,
OPTSTK,SHREECEM,22-Feb-2018,17400,PE,0,0,0,941.4,538.2,0,0,0,0,19-DEC-2017,
OPTSTK,SHREECEM,22-Feb-2018,17450,PE,0,0,0,967.2,559.05,0,0,0,0,19-DEC-2017,
OPTSTK,SHREECEM,22-Feb-2018,17500,PE,0,0,0,993.45,580.45,0,0,0,0,19-DEC-2017,
OPTSTK,SHREECEM,22-Feb-2018,17550,PE,0,0,0,1020.05,602.35,0,0,0,0,19-DEC-2017,
OPTSTK,SHREECEM,22-Feb-2018,17600,PE,0,0,0,1047,624.8,0,0,0,0,19-DEC-2017,
OPTSTK,SHREECEM,22-Feb-2018,17650,PE,0,0,0,1074.4,647.7,0,0,0,0,19-DEC-2017,
OPTSTK,SHREECEM,22-Feb-2018,17700,PE,0,0,0,1102.2,671.1,0,0,0,0,19-DEC-2017,
OPTSTK,SHREECEM,22-Feb-2018,17750,PE,0,0,0,1130.35,695.05,0,0,0,0,19-DEC-2017,
OPTSTK,SHREECEM,22-Feb-2018,17800,PE,0,0,0,1158.9,719.5,0,0,0,0,19-DEC-2017,
OPTSTK,SHREECEM,22-Feb-2018,17850,PE,0,0,0,1187.85,744.35,0,0,0,0,19-DEC-2017,
OPTSTK,SHREECEM,22-Feb-2018,17900,PE,0,0,0,1217.15,769.8,0,0,0,0,19-DEC-2017,
OPTSTK,SHREECEM,22-Feb-2018,17950,PE,0,0,0,1246.85,795.75,0,0,0,0,19-DEC-2017,
OPTSTK,SHREECEM,22-Feb-2018,18000,PE,0,0,0,1276.9,822.2,0,0,0,0,19-DEC-2017,
OPTSTK,SHREECEM,22-Feb-2018,18050,PE,0,0,0,1307.35,849.15,0,0,0,0,19-DEC-2017,
OPTSTK,SHREECEM,22-Feb-2018,18100,PE,0,0,0,1338.15,876.6,0,0,0,0,19-DEC-2017,
OPTSTK,SHREECEM,22-Feb-2018,18150,PE,0,0,0,1369.3,904.5,0,0,0,0,19-DEC-2017,
OPTSTK,SHREECEM,22-Feb-2018,18200,PE,0,0,0,1400.85,932.95,0,0,0,0,19-DEC-2017,
OPTSTK,SHREECEM,22-Feb-2018,18250,PE,0,0,0,1266.15,961.85,0,0,0,0,19-DEC-2017,
OPTSTK,SHREECEM,22-Feb-2018,18300,PE,0,0,0,1297.65,991.2,0,0,0,0,19-DEC-2017,
OPTSTK,SHREECEM,22-Feb-2018,18350,PE,0,0,0,1329.55,1021.05,0,0,0,0,19-DEC-2017,
OPTSTK,SHREECEM,22-Feb-2018,18400,PE,0,0,0,1153.75,1051.4,0,0,0,0,19-DEC-2017,
OPTSTK,SIEMENS,28-Dec-2017,920,CE,0,0,0,302.6,284.8,0,0,0,0,19-DEC-2017,
OPTSTK,SIEMENS,28-Dec-2017,940,CE,0,0,0,286.55,264.85,0,0,0,0,19-DEC-2017,
OPTSTK,SIEMENS,28-Dec-2017,960,CE,0,0,0,270.95,244.85,0,0,0,0,19-DEC-2017,
OPTSTK,SIEMENS,28-Dec-2017,980,CE,0,0,0,255.85,224.9,0,0,0,0,19-DEC-2017,
OPTSTK,SIEMENS,28-Dec-2017,1000,CE,0,0,0,241.3,204.95,0,0,0,0,19-DEC-2017,
OPTSTK,SIEMENS,28-Dec-2017,1020,CE,0,0,0,227.15,184.95,0,0,0,0,19-DEC-2017,
OPTSTK,SIEMENS,28-Dec-2017,1040,CE,0,0,0,213.55,165,0,0,0,0,19-DEC-2017,
OPTSTK,SIEMENS,28-Dec-2017,1060,CE,0,0,0,200.45,145.1,0,0,0,0,19-DEC-2017,
OPTSTK,SIEMENS,28-Dec-2017,1080,CE,0,0,0,187.95,125.25,0,0,0,0,19-DEC-2017,
OPTSTK,SIEMENS,28-Dec-2017,1100,CE,101.6,101.6,101.6,101.6,101.6,1,6,2500,-500,19-DEC-2017,
OPTSTK,SIEMENS,28-Dec-2017,1120,CE,75,75,75,75,75,1,5.97,1000,0,19-DEC-2017,
OPTSTK,SIEMENS,28-Dec-2017,1140,CE,59.9,59.9,59.9,59.9,59.9,1,5.99,2500,0,19-DEC-2017,
OPTSTK,SIEMENS,28-Dec-2017,1160,CE,45,49,42,46.3,46.3,6,36.14,7000,-500,19-DEC-2017,
OPTSTK,SIEMENS,28-Dec-2017,1180,CE,34,36.05,26.45,33.65,33.65,5,30.32,4000,-1000,19-DEC-2017,
OPTSTK,SIEMENS,28-Dec-2017,1200,CE,18.4,25,17.5,22,22,65,396.94,23000,-1500,19-DEC-2017,
OPTSTK,SIEMENS,28-Dec-2017,1220,CE,12,15,11,13.55,13.55,49,302.21,15000,4500,19-DEC-2017,
OPTSTK,SIEMENS,28-Dec-2017,1240,CE,6.95,8.55,6.95,8.55,8.55,4,24.96,14500,0,19-DEC-2017,
OPTSTK,SIEMENS,28-Dec-2017,1260,CE,5,5.6,5,5.5,5.5,4,25.3,5500,1000,19-DEC-2017,
OPTSTK,SIEMENS,28-Dec-2017,1280,CE,4,4,3.9,3.9,3.9,2,12.83,7000,0,19-DEC-2017,
OPTSTK,SIEMENS,28-Dec-2017,1300,CE,0,0,0,1.2,1.5,0,0,3500,0,19-DEC-2017,
OPTSTK,SIEMENS,28-Dec-2017,1320,CE,0,0,0,78.65,0.7,0,0,0,0,19-DEC-2017,
OPTSTK,SIEMENS,28-Dec-2017,1340,CE,0,0,0,72.6,0.3,0,0,0,0,19-DEC-2017,
OPTSTK,SIEMENS,28-Dec-2017,1360,CE,0,0,0,67,0.15,0,0,0,0,19-DEC-2017,
OPTSTK,SIEMENS,28-Dec-2017,1380,CE,0,0,0,61.7,0.05,0,0,0,0,19-DEC-2017,
OPTSTK,SIEMENS,28-Dec-2017,1400,CE,0,0,0,56.9,0.05,0,0,0,0,19-DEC-2017,
OPTSTK,SIEMENS,28-Dec-2017,1420,CE,0,0,0,52.35,0.05,0,0,0,0,19-DEC-2017,
OPTSTK,SIEMENS,28-Dec-2017,1440,CE,0,0,0,48.15,0,0,0,0,0,19-DEC-2017,
OPTSTK,SIEMENS,28-Dec-2017,1460,CE,0,0,0,44.2,0,0,0,0,0,19-DEC-2017,
OPTSTK,SIEMENS,28-Dec-2017,1480,CE,0,0,0,40.55,0,0,0,0,0,19-DEC-2017,
OPTSTK,SIEMENS,28-Dec-2017,1500,CE,0,0,0,37.2,0,0,0,0,0,19-DEC-2017,
OPTSTK,SIEMENS,28-Dec-2017,1520,CE,0,0,0,34.05,0,0,0,0,0,19-DEC-2017,
OPTSTK,SIEMENS,28-Dec-2017,1540,CE,0,0,0,31.2,0,0,0,0,0,19-DEC-2017,
OPTSTK,SIEMENS,28-Dec-2017,1560,CE,0,0,0,28.55,0,0,0,0,0,19-DEC-2017,
OPTSTK,SIEMENS,28-Dec-2017,1580,CE,0,0,0,26.1,0,0,0,0,0,19-DEC-2017,
OPTSTK,SIEMENS,28-Dec-2017,920,PE,0,0,0,19.45,0,0,0,0,0,19-DEC-2017,
OPTSTK,SIEMENS,28-Dec-2017,940,PE,0,0,0,23.1,0,0,0,0,0,19-DEC-2017,
OPTSTK,SIEMENS,28-Dec-2017,960,PE,0,0,0,27.2,0,0,0,0,0,19-DEC-2017,
OPTSTK,SIEMENS,28-Dec-2017,980,PE,0,0,0,31.75,0,0,0,0,0,19-DEC-2017,
OPTSTK,SIEMENS,28-Dec-2017,1000,PE,0,0,0,36.85,0,0,0,0,0,19-DEC-2017,
OPTSTK,SIEMENS,28-Dec-2017,1020,PE,0,0,0,42.45,0,0,0,0,0,19-DEC-2017,
OPTSTK,SIEMENS,28-Dec-2017,1040,PE,0,0,0,48.55,0.05,0,0,0,0,19-DEC-2017,
OPTSTK,SIEMENS,28-Dec-2017,1060,PE,0,0,0,55.1,0.1,0,0,0,0,19-DEC-2017,
OPTSTK,SIEMENS,28-Dec-2017,1080,PE,0,0,0,5.25,0.25,0,0,4000,0,19-DEC-2017,
OPTSTK,SIEMENS,28-Dec-2017,1100,PE,1,1,1,1,1,1,5.5,3500,-500,19-DEC-2017,
OPTSTK,SIEMENS,28-Dec-2017,1120,PE,1,1,1,1,1,6,33.63,9500,-500,19-DEC-2017,
OPTSTK,SIEMENS,28-Dec-2017,1140,PE,2.5,3.25,1.6,1.6,1.6,10,57.11,12500,500,19-DEC-2017,
OPTSTK,SIEMENS,28-Dec-2017,1160,PE,5.1,6.85,3.8,3.8,3.8,21,122.33,10000,2500,19-DEC-2017,
OPTSTK,SIEMENS,28-Dec-2017,1180,PE,9.6,11.05,9,11.05,11.05,7,41.65,4000,2000,19-DEC-2017,
OPTSTK,SIEMENS,28-Dec-2017,1200,PE,20,20,18,18,18,5,30.47,9000,2000,19-DEC-2017,
OPTSTK,SIEMENS,28-Dec-2017,1220,PE,0,0,0,70,31.3,0,0,2500,0,19-DEC-2017,
OPTSTK,SIEMENS,28-Dec-2017,1240,PE,0,0,0,139,44.7,0,0,0,0,19-DEC-2017,
OPTSTK,SIEMENS,28-Dec-2017,1260,PE,0,0,0,60,60.35,0,0,3500,0,19-DEC-2017,
OPTSTK,SIEMENS,28-Dec-2017,1280,PE,0,0,0,163.25,77.65,0,0,0,0,19-DEC-2017,
OPTSTK,SIEMENS,28-Dec-2017,1300,PE,0,0,0,97.3,96.1,0,0,1000,0,19-DEC-2017,
OPTSTK,SIEMENS,28-Dec-2017,1320,PE,0,0,0,189.25,115.3,0,0,0,0,19-DEC-2017,
OPTSTK,SIEMENS,28-Dec-2017,1340,PE,0,0,0,202.9,134.9,0,0,0,0,19-DEC-2017,
OPTSTK,SIEMENS,28-Dec-2017,1360,PE,0,0,0,216.95,154.65,0,0,0,0,19-DEC-2017,
OPTSTK,SIEMENS,28-Dec-2017,1380,PE,0,0,0,231.4,174.55,0,0,0,0,19-DEC-2017,
OPTSTK,SIEMENS,28-Dec-2017,1400,PE,0,0,0,246.25,194.5,0,0,0,0,19-DEC-2017,
OPTSTK,SIEMENS,28-Dec-2017,1420,PE,0,0,0,261.4,214.45,0,0,0,0,19-DEC-2017,
OPTSTK,SIEMENS,28-Dec-2017,1440,PE,0,0,0,276.85,234.45,0,0,0,0,19-DEC-2017,
OPTSTK,SIEMENS,28-Dec-2017,1460,PE,0,0,0,292.65,254.4,0,0,0,0,19-DEC-2017,
OPTSTK,SIEMENS,28-Dec-2017,1480,PE,0,0,0,308.65,274.35,0,0,0,0,19-DEC-2017,
OPTSTK,SIEMENS,28-Dec-2017,1500,PE,0,0,0,325,294.35,0,0,0,0,19-DEC-2017,
OPTSTK,SIEMENS,28-Dec-2017,1520,PE,0,0,0,341.55,314.3,0,0,0,0,19-DEC-2017,
OPTSTK,SIEMENS,28-Dec-2017,1540,PE,0,0,0,358.4,334.3,0,0,0,0,19-DEC-2017,
OPTSTK,SIEMENS,28-Dec-2017,1560,PE,0,0,0,375.4,354.25,0,0,0,0,19-DEC-2017,
OPTSTK,SIEMENS,28-Dec-2017,1580,PE,0,0,0,392.65,374.2,0,0,0,0,19-DEC-2017,
OPTSTK,SIEMENS,25-Jan-2018,920,CE,0,0,0,353.4,289.45,0,0,0,0,19-DEC-2017,
OPTSTK,SIEMENS,25-Jan-2018,940,CE,0,0,0,334.4,269.65,0,0,0,0,19-DEC-2017,
OPTSTK,SIEMENS,25-Jan-2018,960,CE,0,0,0,315.65,249.9,0,0,0,0,19-DEC-2017,
OPTSTK,SIEMENS,25-Jan-2018,980,CE,0,0,0,297.15,230.3,0,0,0,0,19-DEC-2017,
OPTSTK,SIEMENS,25-Jan-2018,1000,CE,0,0,0,278.95,210.85,0,0,0,0,19-DEC-2017,
OPTSTK,SIEMENS,25-Jan-2018,1020,CE,0,0,0,261.15,191.7,0,0,0,0,19-DEC-2017,
OPTSTK,SIEMENS,25-Jan-2018,1040,CE,0,0,0,243.7,172.85,0,0,0,0,19-DEC-2017,
OPTSTK,SIEMENS,25-Jan-2018,1060,CE,0,0,0,226.8,154.55,0,0,0,0,19-DEC-2017,
OPTSTK,SIEMENS,25-Jan-2018,1080,CE,0,0,0,210.35,136.85,0,0,0,0,19-DEC-2017,
OPTSTK,SIEMENS,25-Jan-2018,1100,CE,0,0,0,194.5,120,0,0,0,0,19-DEC-2017,
OPTSTK,SIEMENS,25-Jan-2018,1120,CE,0,0,0,179.25,104.05,0,0,0,0,19-DEC-2017,
OPTSTK,SIEMENS,25-Jan-2018,1140,CE,0,0,0,40.45,89.25,0,0,3000,0,19-DEC-2017,
OPTSTK,SIEMENS,25-Jan-2018,1160,CE,0,0,0,45,75.55,0,0,500,0,19-DEC-2017,
OPTSTK,SIEMENS,25-Jan-2018,1180,CE,0,0,0,137.55,63.25,0,0,0,0,19-DEC-2017,
OPTSTK,SIEMENS,25-Jan-2018,1200,CE,0,0,0,34.8,52.25,0,0,500,0,19-DEC-2017,
OPTSTK,SIEMENS,25-Jan-2018,1220,CE,0,0,0,15,42.6,0,0,1500,0,19-DEC-2017,
OPTSTK,SIEMENS,25-Jan-2018,1240,CE,0,0,0,102.45,34.3,0,0,0,0,19-DEC-2017,
OPTSTK,SIEMENS,25-Jan-2018,1260,CE,0,0,0,92.25,27.25,0,0,0,0,19-DEC-2017,
OPTSTK,SIEMENS,25-Jan-2018,1280,CE,0,0,0,82.8,21.35,0,0,0,0,19-DEC-2017,
OPTSTK,SIEMENS,25-Jan-2018,1300,CE,0,0,0,74.05,16.55,0,0,0,0,19-DEC-2017,
OPTSTK,SIEMENS,25-Jan-2018,1320,CE,0,0,0,66.05,12.65,0,0,0,0,19-DEC-2017,
OPTSTK,SIEMENS,25-Jan-2018,1340,CE,0,0,0,58.7,9.55,0,0,0,0,19-DEC-2017,
OPTSTK,SIEMENS,25-Jan-2018,1360,CE,0,0,0,52.05,7.1,0,0,0,0,19-DEC-2017,
OPTSTK,SIEMENS,25-Jan-2018,1380,CE,0,0,0,45.95,5.25,0,0,0,0,19-DEC-2017,
OPTSTK,SIEMENS,25-Jan-2018,1400,CE,0,0,0,40.5,3.8,0,0,0,0,19-DEC-2017,
OPTSTK,SIEMENS,25-Jan-2018,1420,CE,0,0,0,35.65,2.75,0,0,0,0,19-DEC-2017,
OPTSTK,SIEMENS,25-Jan-2018,1440,CE,0,0,0,31.25,1.95,0,0,0,0,19-DEC-2017,
OPTSTK,SIEMENS,25-Jan-2018,1460,CE,0,0,0,27.25,1.35,0,0,0,0,19-DEC-2017,
OPTSTK,SIEMENS,25-Jan-2018,1480,CE,0,0,0,23.75,0.95,0,0,0,0,19-DEC-2017,
OPTSTK,SIEMENS,25-Jan-2018,1500,CE,0,0,0,20.6,0.65,0,0,0,0,19-DEC-2017,
OPTSTK,SIEMENS,25-Jan-2018,1520,CE,0,0,0,17.85,0.45,0,0,0,0,19-DEC-2017,
OPTSTK,SIEMENS,25-Jan-2018,1540,CE,0,0,0,15.45,0.3,0,0,0,0,19-DEC-2017,
OPTSTK,SIEMENS,25-Jan-2018,1560,CE,0,0,0,13.3,0.2,0,0,0,0,19-DEC-2017,
OPTSTK,SIEMENS,25-Jan-2018,1580,CE,0,0,0,11.45,0.15,0,0,0,0,19-DEC-2017,
OPTSTK,SIEMENS,25-Jan-2018,920,PE,0,0,0,1.75,0.1,0,0,0,0,19-DEC-2017,
OPTSTK,SIEMENS,25-Jan-2018,940,PE,0,0,0,2.45,0.15,0,0,0,0,19-DEC-2017,
OPTSTK,SIEMENS,25-Jan-2018,960,PE,0,0,0,3.35,0.3,0,0,0,0,19-DEC-2017,
OPTSTK,SIEMENS,25-Jan-2018,980,PE,0,0,0,4.55,0.55,0,0,0,0,19-DEC-2017,
OPTSTK,SIEMENS,25-Jan-2018,1000,PE,0,0,0,6.05,1,0,0,0,0,19-DEC-2017,
OPTSTK,SIEMENS,25-Jan-2018,1020,PE,0,0,0,7.9,1.7,0,0,0,0,19-DEC-2017,
OPTSTK,SIEMENS,25-Jan-2018,1040,PE,0,0,0,10.15,2.75,0,0,0,0,19-DEC-2017,
OPTSTK,SIEMENS,25-Jan-2018,1060,PE,0,0,0,12.9,4.3,0,0,0,0,19-DEC-2017,
OPTSTK,SIEMENS,25-Jan-2018,1080,PE,0,0,0,16.15,6.5,0,0,0,0,19-DEC-2017,
OPTSTK,SIEMENS,25-Jan-2018,1100,PE,0,0,0,20,9.5,0,0,0,0,19-DEC-2017,
OPTSTK,SIEMENS,25-Jan-2018,1120,PE,0,0,0,24.45,13.4,0,0,0,0,19-DEC-2017,
OPTSTK,SIEMENS,25-Jan-2018,1140,PE,0,0,0,38,18.5,0,0,1500,0,19-DEC-2017,
OPTSTK,SIEMENS,25-Jan-2018,1160,PE,0,0,0,35.3,24.65,0,0,0,0,19-DEC-2017,
OPTSTK,SIEMENS,25-Jan-2018,1180,PE,0,0,0,41.8,32.2,0,0,0,0,19-DEC-2017,
OPTSTK,SIEMENS,25-Jan-2018,1200,PE,0,0,0,49.05,41.1,0,0,0,0,19-DEC-2017,
OPTSTK,SIEMENS,25-Jan-2018,1220,PE,0,0,0,57,51.3,0,0,0,0,19-DEC-2017,
OPTSTK,SIEMENS,25-Jan-2018,1240,PE,0,0,0,65.75,62.9,0,0,0,0,19-DEC-2017,
OPTSTK,SIEMENS,25-Jan-2018,1260,PE,0,0,0,75.25,75.7,0,0,0,0,19-DEC-2017,
OPTSTK,SIEMENS,25-Jan-2018,1280,PE,0,0,0,85.45,89.7,0,0,0,0,19-DEC-2017,
OPTSTK,SIEMENS,25-Jan-2018,1300,PE,0,0,0,96.45,104.75,0,0,0,0,19-DEC-2017,
OPTSTK,SIEMENS,25-Jan-2018,1320,PE,0,0,0,108.1,120.7,0,0,0,0,19-DEC-2017,
OPTSTK,SIEMENS,25-Jan-2018,1340,PE,0,0,0,120.45,137.45,0,0,0,0,19-DEC-2017,
OPTSTK,SIEMENS,25-Jan-2018,1360,PE,0,0,0,133.45,154.9,0,0,0,0,19-DEC-2017,
OPTSTK,SIEMENS,25-Jan-2018,1380,PE,0,0,0,147.1,172.9,0,0,0,0,19-DEC-2017,
OPTSTK,SIEMENS,25-Jan-2018,1400,PE,0,0,0,161.3,191.35,0,0,0,0,19-DEC-2017,
OPTSTK,SIEMENS,25-Jan-2018,1420,PE,0,0,0,176.1,210.15,0,0,0,0,19-DEC-2017,
OPTSTK,SIEMENS,25-Jan-2018,1440,PE,0,0,0,191.4,229.2,0,0,0,0,19-DEC-2017,
OPTSTK,SIEMENS,25-Jan-2018,1460,PE,0,0,0,207.1,248.5,0,0,0,0,19-DEC-2017,
OPTSTK,SIEMENS,25-Jan-2018,1480,PE,0,0,0,223.25,267.95,0,0,0,0,19-DEC-2017,
OPTSTK,SIEMENS,25-Jan-2018,1500,PE,0,0,0,239.85,287.55,0,0,0,0,19-DEC-2017,
OPTSTK,SIEMENS,25-Jan-2018,1520,PE,0,0,0,256.8,307.2,0,0,0,0,19-DEC-2017,
OPTSTK,SIEMENS,25-Jan-2018,1540,PE,0,0,0,274.05,326.95,0,0,0,0,19-DEC-2017,
OPTSTK,SIEMENS,25-Jan-2018,1560,PE,0,0,0,291.6,346.7,0,0,0,0,19-DEC-2017,
OPTSTK,SIEMENS,25-Jan-2018,1580,PE,0,0,0,309.4,366.5,0,0,0,0,19-DEC-2017,
OPTSTK,SIEMENS,22-Feb-2018,920,CE,0,0,0,291.45,294.55,0,0,0,0,19-DEC-2017,
OPTSTK,SIEMENS,22-Feb-2018,940,CE,0,0,0,272,275.25,0,0,0,0,19-DEC-2017,
OPTSTK,SIEMENS,22-Feb-2018,960,CE,0,0,0,252.7,256.1,0,0,0,0,19-DEC-2017,
OPTSTK,SIEMENS,22-Feb-2018,980,CE,0,0,0,233.6,237.2,0,0,0,0,19-DEC-2017,
OPTSTK,SIEMENS,22-Feb-2018,1000,CE,0,0,0,214.8,218.65,0,0,0,0,19-DEC-2017,
OPTSTK,SIEMENS,22-Feb-2018,1020,CE,0,0,0,196.4,200.55,0,0,0,0,19-DEC-2017,
OPTSTK,SIEMENS,22-Feb-2018,1040,CE,0,0,0,178.4,182.95,0,0,0,0,19-DEC-2017,
OPTSTK,SIEMENS,22-Feb-2018,1060,CE,0,0,0,161.05,165.95,0,0,0,0,19-DEC-2017,
OPTSTK,SIEMENS,22-Feb-2018,1080,CE,0,0,0,144.35,149.6,0,0,0,0,19-DEC-2017,
OPTSTK,SIEMENS,22-Feb-2018,1100,CE,0,0,0,128.4,134.1,0,0,0,0,19-DEC-2017,
OPTSTK,SIEMENS,22-Feb-2018,1120,CE,0,0,0,113.45,119.45,0,0,0,0,19-DEC-2017,
OPTSTK,SIEMENS,22-Feb-2018,1140,CE,0,0,0,99.3,105.6,0,0,0,0,19-DEC-2017,
OPTSTK,SIEMENS,22-Feb-2018,1160,CE,0,0,0,86.3,92.85,0,0,0,0,19-DEC-2017,
OPTSTK,SIEMENS,22-Feb-2018,1180,CE,0,0,0,74.4,81.05,0,0,0,0,19-DEC-2017,
OPTSTK,SIEMENS,22-Feb-2018,1200,CE,0,0,0,63.6,70.3,0,0,0,0,19-DEC-2017,
OPTSTK,SIEMENS,22-Feb-2018,1220,CE,0,0,0,53.9,60.55,0,0,0,0,19-DEC-2017,
OPTSTK,SIEMENS,22-Feb-2018,1240,CE,0,0,0,45.3,51.8,0,0,0,0,19-DEC-2017,
OPTSTK,SIEMENS,22-Feb-2018,1260,CE,0,0,0,37.75,44,0,0,0,0,19-DEC-2017,
OPTSTK,SIEMENS,22-Feb-2018,1280,CE,0,0,0,31.2,37.15,0,0,0,0,19-DEC-2017,
OPTSTK,SIEMENS,22-Feb-2018,1300,CE,0,0,0,25.6,31.15,0,0,0,0,19-DEC-2017,
OPTSTK,SIEMENS,22-Feb-2018,1320,CE,0,0,0,20.85,26,0,0,0,0,19-DEC-2017,
OPTSTK,SIEMENS,22-Feb-2018,1340,CE,0,0,0,16.8,21.5,0,0,0,0,19-DEC-2017,
OPTSTK,SIEMENS,22-Feb-2018,1360,CE,0,0,0,13.45,17.7,0,0,0,0,19-DEC-2017,
OPTSTK,SIEMENS,22-Feb-2018,1380,CE,0,0,0,10.65,14.5,0,0,0,0,19-DEC-2017,
OPTSTK,SIEMENS,22-Feb-2018,1400,CE,0,0,0,8.4,11.75,0,0,0,0,19-DEC-2017,
OPTSTK,SIEMENS,22-Feb-2018,1420,CE,0,0,0,6.6,9.5,0,0,0,0,19-DEC-2017,
OPTSTK,SIEMENS,22-Feb-2018,1440,CE,0,0,0,5.1,7.65,0,0,0,0,19-DEC-2017,
OPTSTK,SIEMENS,22-Feb-2018,1460,CE,0,0,0,3.95,6.1,0,0,0,0,19-DEC-2017,
OPTSTK,SIEMENS,22-Feb-2018,1480,CE,0,0,0,3,4.85,0,0,0,0,19-DEC-2017,
OPTSTK,SIEMENS,22-Feb-2018,1500,CE,0,0,0,2.3,3.85,0,0,0,0,19-DEC-2017,
OPTSTK,SIEMENS,22-Feb-2018,1520,CE,0,0,0,1.75,3,0,0,0,0,19-DEC-2017,
OPTSTK,SIEMENS,22-Feb-2018,1540,CE,0,0,0,1.3,2.35,0,0,0,0,19-DEC-2017,
OPTSTK,SIEMENS,22-Feb-2018,1560,CE,0,0,0,1,1.85,0,0,0,0,19-DEC-2017,
OPTSTK,SIEMENS,22-Feb-2018,1580,CE,0,0,0,0.75,1.45,0,0,0,0,19-DEC-2017,
OPTSTK,SIEMENS,22-Feb-2018,920,PE,0,0,0,0.4,0.75,0,0,0,0,19-DEC-2017,
OPTSTK,SIEMENS,22-Feb-2018,940,PE,0,0,0,0.65,1.15,0,0,0,0,19-DEC-2017,
OPTSTK,SIEMENS,22-Feb-2018,960,PE,0,0,0,1.05,1.8,0,0,0,0,19-DEC-2017,
OPTSTK,SIEMENS,22-Feb-2018,980,PE,0,0,0,1.7,2.7,0,0,0,0,19-DEC-2017,
OPTSTK,SIEMENS,22-Feb-2018,1000,PE,0,0,0,2.6,3.9,0,0,0,0,19-DEC-2017,
OPTSTK,SIEMENS,22-Feb-2018,1020,PE,0,0,0,3.85,5.55,0,0,0,0,19-DEC-2017,
OPTSTK,SIEMENS,22-Feb-2018,1040,PE,0,0,0,5.6,7.75,0,0,0,0,19-DEC-2017,
OPTSTK,SIEMENS,22-Feb-2018,1060,PE,0,0,0,7.95,10.5,0,0,0,0,19-DEC-2017,
OPTSTK,SIEMENS,22-Feb-2018,1080,PE,0,0,0,10.95,13.95,0,0,0,0,19-DEC-2017,
OPTSTK,SIEMENS,22-Feb-2018,1100,PE,0,0,0,14.75,18.2,0,0,0,0,19-DEC-2017,
OPTSTK,SIEMENS,22-Feb-2018,1120,PE,0,0,0,19.45,23.3,0,0,0,0,19-DEC-2017,
OPTSTK,SIEMENS,22-Feb-2018,1140,PE,0,0,0,25.05,29.25,0,0,0,0,19-DEC-2017,
OPTSTK,SIEMENS,22-Feb-2018,1160,PE,0,0,0,31.75,36.25,0,0,0,0,19-DEC-2017,
OPTSTK,SIEMENS,22-Feb-2018,1180,PE,0,0,0,39.55,44.25,0,0,0,0,19-DEC-2017,
OPTSTK,SIEMENS,22-Feb-2018,1200,PE,0,0,0,48.45,53.25,0,0,0,0,19-DEC-2017,
OPTSTK,SIEMENS,22-Feb-2018,1220,PE,0,0,0,58.45,63.25,0,0,0,0,19-DEC-2017,
OPTSTK,SIEMENS,22-Feb-2018,1240,PE,0,0,0,69.6,74.3,0,0,0,0,19-DEC-2017,
OPTSTK,SIEMENS,22-Feb-2018,1260,PE,0,0,0,81.75,86.3,0,0,0,0,19-DEC-2017,
OPTSTK,SIEMENS,22-Feb-2018,1280,PE,0,0,0,94.9,99.2,0,0,0,0,19-DEC-2017,
OPTSTK,SIEMENS,22-Feb-2018,1300,PE,0,0,0,109,113,0,0,0,0,19-DEC-2017,
OPTSTK,SIEMENS,22-Feb-2018,1320,PE,0,0,0,123.95,127.6,0,0,0,0,19-DEC-2017,
OPTSTK,SIEMENS,22-Feb-2018,1340,PE,0,0,0,139.6,142.9,0,0,0,0,19-DEC-2017,
OPTSTK,SIEMENS,22-Feb-2018,1360,PE,0,0,0,155.95,158.85,0,0,0,0,19-DEC-2017,
OPTSTK,SIEMENS,22-Feb-2018,1380,PE,0,0,0,172.9,175.4,0,0,0,0,19-DEC-2017,
OPTSTK,SIEMENS,22-Feb-2018,1400,PE,0,0,0,190.35,192.45,0,0,0,0,19-DEC-2017,
OPTSTK,SIEMENS,22-Feb-2018,1420,PE,0,0,0,208.25,209.95,0,0,0,0,19-DEC-2017,
OPTSTK,SIEMENS,22-Feb-2018,1440,PE,0,0,0,226.45,227.85,0,0,0,0,19-DEC-2017,
OPTSTK,SIEMENS,22-Feb-2018,1460,PE,0,0,0,245,246.1,0,0,0,0,19-DEC-2017,
OPTSTK,SIEMENS,22-Feb-2018,1480,PE,0,0,0,263.8,264.6,0,0,0,0,19-DEC-2017,
OPTSTK,SIEMENS,22-Feb-2018,1500,PE,0,0,0,282.8,283.4,0,0,0,0,19-DEC-2017,
OPTSTK,SIEMENS,22-Feb-2018,1520,PE,0,0,0,301.95,302.35,0,0,0,0,19-DEC-2017,
OPTSTK,SIEMENS,22-Feb-2018,1540,PE,0,0,0,321.2,321.45,0,0,0,0,19-DEC-2017,
OPTSTK,SIEMENS,22-Feb-2018,1560,PE,0,0,0,340.6,340.7,0,0,0,0,19-DEC-2017,
OPTSTK,SIEMENS,22-Feb-2018,1580,PE,0,0,0,360.05,360.05,0,0,0,0,19-DEC-2017,
OPTSTK,SOUTHBANK,28-Dec-2017,5,CE,0,0,0,23,26.9,0,0,0,0,19-DEC-2017,
OPTSTK,SOUTHBANK,28-Dec-2017,7.5,CE,0,0,0,20.55,24.4,0,0,0,0,19-DEC-2017,
OPTSTK,SOUTHBANK,28-Dec-2017,10,CE,0,0,0,18.1,21.9,0,0,0,0,19-DEC-2017,
OPTSTK,SOUTHBANK,28-Dec-2017,12.5,CE,0,0,0,15.6,19.4,0,0,0,0,19-DEC-2017,
OPTSTK,SOUTHBANK,28-Dec-2017,15,CE,0,0,0,13.15,16.9,0,0,0,0,19-DEC-2017,
OPTSTK,SOUTHBANK,28-Dec-2017,17.5,CE,0,0,0,10.75,14.4,0,0,0,0,19-DEC-2017,
OPTSTK,SOUTHBANK,28-Dec-2017,20,CE,0,0,0,8.5,11.9,0,0,0,0,19-DEC-2017,
OPTSTK,SOUTHBANK,28-Dec-2017,22.5,CE,0,0,0,6.45,9.4,0,0,0,0,19-DEC-2017,
OPTSTK,SOUTHBANK,28-Dec-2017,25,CE,0,0,0,4.7,6.9,0,0,0,0,19-DEC-2017,
OPTSTK,SOUTHBANK,28-Dec-2017,27.5,CE,0,0,0,4.1,4.4,0,0,33141,0,19-DEC-2017,
OPTSTK,SOUTHBANK,28-Dec-2017,30,CE,1.7,2.2,1.7,2.15,2.15,15,158.97,861666,-132564,19-DEC-2017,
OPTSTK,SOUTHBANK,28-Dec-2017,32.5,CE,0.35,0.6,0.35,0.5,0.5,254,2774.36,9014352,298269,19-DEC-2017,
OPTSTK,SOUTHBANK,28-Dec-2017,35,CE,0.1,0.15,0.1,0.1,0.1,135,1572.17,10041723,-695961,19-DEC-2017,
OPTSTK,SOUTHBANK,28-Dec-2017,37.5,CE,0.05,0.05,0.05,0.05,0.05,32,398.22,3347241,-231987,19-DEC-2017,
OPTSTK,SOUTHBANK,28-Dec-2017,40,CE,0.05,0.05,0.05,0.05,0.05,1,13.27,4904868,33141,19-DEC-2017,
OPTSTK,SOUTHBANK,28-Dec-2017,42.5,CE,0,0,0,0.05,0,0,0,961089,0,19-DEC-2017,
OPTSTK,SOUTHBANK,28-Dec-2017,45,CE,0,0,0,0.05,0,0,0,99423,0,19-DEC-2017,
OPTSTK,SOUTHBANK,28-Dec-2017,5,PE,0,0,0,0.05,0,0,0,0,0,19-DEC-2017,
OPTSTK,SOUTHBANK,28-Dec-2017,7.5,PE,0,0,0,0.05,0,0,0,0,0,19-DEC-2017,
OPTSTK,SOUTHBANK,28-Dec-2017,10,PE,0,0,0,0.05,0,0,0,0,0,19-DEC-2017,
OPTSTK,SOUTHBANK,28-Dec-2017,12.5,PE,0,0,0,0.05,0,0,0,0,0,19-DEC-2017,
OPTSTK,SOUTHBANK,28-Dec-2017,15,PE,0,0,0,0.05,0,0,0,0,0,19-DEC-2017,
OPTSTK,SOUTHBANK,28-Dec-2017,17.5,PE,0,0,0,1.6,0,0,0,298269,0,19-DEC-2017,
OPTSTK,SOUTHBANK,28-Dec-2017,20,PE,0,0,0,0.3,0,0,0,0,0,19-DEC-2017,
OPTSTK,SOUTHBANK,28-Dec-2017,22.5,PE,0,0,0,0.8,0,0,0,99423,0,19-DEC-2017,
OPTSTK,SOUTHBANK,28-Dec-2017,25,PE,0,0,0,0.05,0,0,0,364551,0,19-DEC-2017,
OPTSTK,SOUTHBANK,28-Dec-2017,27.5,PE,0.05,0.05,0.05,0.05,0.05,3,27.39,1822755,99423,19-DEC-2017,
OPTSTK,SOUTHBANK,28-Dec-2017,30,PE,0.2,0.2,0.15,0.15,0.15,24,239.94,3015831,-298269,19-DEC-2017,
OPTSTK,SOUTHBANK,28-Dec-2017,32.5,PE,1.25,1.25,1,1.2,1.2,7,77.96,2982690,-33141,19-DEC-2017,
OPTSTK,SOUTHBANK,28-Dec-2017,35,PE,0,0,0,3.35,3.15,0,0,497115,0,19-DEC-2017,
OPTSTK,SOUTHBANK,28-Dec-2017,37.5,PE,0,0,0,5.8,5.6,0,0,165705,0,19-DEC-2017,
OPTSTK,SOUTHBANK,28-Dec-2017,40,PE,0,0,0,11.9,8.1,0,0,0,0,19-DEC-2017,
OPTSTK,SOUTHBANK,28-Dec-2017,42.5,PE,0,0,0,14.2,10.6,0,0,0,0,19-DEC-2017,
OPTSTK,SOUTHBANK,28-Dec-2017,45,PE,0,0,0,16.55,13.1,0,0,0,0,19-DEC-2017,
OPTSTK,SOUTHBANK,25-Jan-2018,7.5,CE,0,0,0,23.9,24.4,0,0,0,0,19-DEC-2017,
OPTSTK,SOUTHBANK,25-Jan-2018,10,CE,0,0,0,21.45,21.95,0,0,0,0,19-DEC-2017,
OPTSTK,SOUTHBANK,25-Jan-2018,12.5,CE,0,0,0,18.95,19.45,0,0,0,0,19-DEC-2017,
OPTSTK,SOUTHBANK,25-Jan-2018,15,CE,0,0,0,16.5,16.95,0,0,0,0,19-DEC-2017,
OPTSTK,SOUTHBANK,25-Jan-2018,17.5,CE,0,0,0,14.05,14.5,0,0,0,0,19-DEC-2017,
OPTSTK,SOUTHBANK,25-Jan-2018,20,CE,0,0,0,11.65,12,0,0,0,0,19-DEC-2017,
OPTSTK,SOUTHBANK,25-Jan-2018,22.5,CE,0,0,0,9.4,9.5,0,0,0,0,19-DEC-2017,
OPTSTK,SOUTHBANK,25-Jan-2018,25,CE,0,0,0,7.3,7.05,0,0,0,0,19-DEC-2017,
OPTSTK,SOUTHBANK,25-Jan-2018,27.5,CE,0,0,0,5.5,4.65,0,0,0,0,19-DEC-2017,
OPTSTK,SOUTHBANK,25-Jan-2018,30,CE,0,0,0,4,2.6,0,0,0,0,19-DEC-2017,
OPTSTK,SOUTHBANK,25-Jan-2018,32.5,CE,0,0,0,0.7,1.15,0,0,66282,0,19-DEC-2017,
OPTSTK,SOUTHBANK,25-Jan-2018,35,CE,0.7,0.7,0.7,0.7,0.7,1,11.83,66282,33141,19-DEC-2017,
OPTSTK,SOUTHBANK,25-Jan-2018,37.5,CE,0,0,0,0.6,0.15,0,0,0,0,19-DEC-2017,
OPTSTK,SOUTHBANK,25-Jan-2018,40,CE,0,0,0,0.6,0.05,0,0,33141,0,19-DEC-2017,
OPTSTK,SOUTHBANK,25-Jan-2018,42.5,CE,0,0,0,0.6,0,0,0,0,0,19-DEC-2017,
OPTSTK,SOUTHBANK,25-Jan-2018,45,CE,0,0,0,0.4,0,0,0,0,0,19-DEC-2017,
OPTSTK,SOUTHBANK,25-Jan-2018,7.5,PE,0,0,0,0.05,0,0,0,0,0,19-DEC-2017,
OPTSTK,SOUTHBANK,25-Jan-2018,10,PE,0,0,0,0.05,0,0,0,0,0,19-DEC-2017,
OPTSTK,SOUTHBANK,25-Jan-2018,12.5,PE,0,0,0,0.05,0,0,0,0,0,19-DEC-2017,
OPTSTK,SOUTHBANK,25-Jan-2018,15,PE,0,0,0,0.05,0,0,0,0,0,19-DEC-2017,
OPTSTK,SOUTHBANK,25-Jan-2018,17.5,PE,0,0,0,0.05,0,0,0,0,0,19-DEC-2017,
OPTSTK,SOUTHBANK,25-Jan-2018,20,PE,0,0,0,0.1,0,0,0,0,0,19-DEC-2017,
OPTSTK,SOUTHBANK,25-Jan-2018,22.5,PE,0,0,0,0.3,0,0,0,0,0,19-DEC-2017,
OPTSTK,SOUTHBANK,25-Jan-2018,25,PE,0,0,0,0.1,0.05,0,0,33141,0,19-DEC-2017,
OPTSTK,SOUTHBANK,25-Jan-2018,27.5,PE,0.2,0.2,0.2,0.2,0.2,2,18.36,364551,0,19-DEC-2017,
OPTSTK,SOUTHBANK,25-Jan-2018,30,PE,0.7,0.7,0.7,0.7,0.7,2,20.34,198846,-33141,19-DEC-2017,
OPTSTK,SOUTHBANK,25-Jan-2018,32.5,PE,0,0,0,3.55,1.6,0,0,0,0,19-DEC-2017,
OPTSTK,SOUTHBANK,25-Jan-2018,35,PE,0,0,0,5.15,3.35,0,0,0,0,19-DEC-2017,
OPTSTK,SOUTHBANK,25-Jan-2018,37.5,PE,0,0,0,7,5.55,0,0,0,0,19-DEC-2017,
OPTSTK,SOUTHBANK,25-Jan-2018,40,PE,0,0,0,9,7.95,0,0,0,0,19-DEC-2017,
OPTSTK,SOUTHBANK,25-Jan-2018,42.5,PE,0,0,0,11.15,10.4,0,0,0,0,19-DEC-2017,
OPTSTK,SOUTHBANK,25-Jan-2018,45,PE,0,0,0,13.4,12.9,0,0,0,0,19-DEC-2017,
OPTSTK,SOUTHBANK,22-Feb-2018,7.5,CE,0,0,0,25.55,24.45,0,0,0,0,19-DEC-2017,
OPTSTK,SOUTHBANK,22-Feb-2018,10,CE,0,0,0,23.05,22,0,0,0,0,19-DEC-2017,
OPTSTK,SOUTHBANK,22-Feb-2018,12.5,CE,0,0,0,20.6,19.5,0,0,0,0,19-DEC-2017,
OPTSTK,SOUTHBANK,22-Feb-2018,15,CE,0,0,0,18.15,17.05,0,0,0,0,19-DEC-2017,
OPTSTK,SOUTHBANK,22-Feb-2018,17.5,CE,0,0,0,15.7,14.55,0,0,0,0,19-DEC-2017,
OPTSTK,SOUTHBANK,22-Feb-2018,20,CE,0,0,0,13.2,12.1,0,0,0,0,19-DEC-2017,
OPTSTK,SOUTHBANK,22-Feb-2018,22.5,CE,0,0,0,10.75,9.65,0,0,0,0,19-DEC-2017,
OPTSTK,SOUTHBANK,22-Feb-2018,25,CE,0,0,0,8.4,7.2,0,0,0,0,19-DEC-2017,
OPTSTK,SOUTHBANK,22-Feb-2018,27.5,CE,0,0,0,6.2,4.95,0,0,0,0,19-DEC-2017,
OPTSTK,SOUTHBANK,22-Feb-2018,30,CE,0,0,0,4.25,3.05,0,0,0,0,19-DEC-2017,
OPTSTK,SOUTHBANK,22-Feb-2018,32.5,CE,0,0,0,2.75,1.7,0,0,0,0,19-DEC-2017,
OPTSTK,SOUTHBANK,22-Feb-2018,35,CE,0,0,0,1.65,0.8,0,0,0,0,19-DEC-2017,
OPTSTK,SOUTHBANK,22-Feb-2018,37.5,CE,0,0,0,0.95,0.35,0,0,0,0,19-DEC-2017,
OPTSTK,SOUTHBANK,22-Feb-2018,40,CE,0,0,0,0.5,0.15,0,0,0,0,19-DEC-2017,
OPTSTK,SOUTHBANK,22-Feb-2018,42.5,CE,0,0,0,0.25,0.05,0,0,0,0,19-DEC-2017,
OPTSTK,SOUTHBANK,22-Feb-2018,45,CE,0,0,0,0.15,0.05,0,0,0,0,19-DEC-2017,
OPTSTK,SOUTHBANK,22-Feb-2018,7.5,PE,0,0,0,0.05,0,0,0,0,0,19-DEC-2017,
OPTSTK,SOUTHBANK,22-Feb-2018,10,PE,0,0,0,0.05,0,0,0,0,0,19-DEC-2017,
OPTSTK,SOUTHBANK,22-Feb-2018,12.5,PE,0,0,0,0.05,0,0,0,0,0,19-DEC-2017,
OPTSTK,SOUTHBANK,22-Feb-2018,15,PE,0,0,0,0.05,0,0,0,0,0,19-DEC-2017,
OPTSTK,SOUTHBANK,22-Feb-2018,17.5,PE,0,0,0,0.05,0,0,0,0,0,19-DEC-2017,
OPTSTK,SOUTHBANK,22-Feb-2018,20,PE,0,0,0,0.05,0,0,0,0,0,19-DEC-2017,
OPTSTK,SOUTHBANK,22-Feb-2018,22.5,PE,0,0,0,0.05,0.05,0,0,0,0,19-DEC-2017,
OPTSTK,SOUTHBANK,22-Feb-2018,25,PE,0,0,0,0.1,0.1,0,0,0,0,19-DEC-2017,
OPTSTK,SOUTHBANK,22-Feb-2018,27.5,PE,0,0,0,0.35,0.3,0,0,0,0,19-DEC-2017,
OPTSTK,SOUTHBANK,22-Feb-2018,30,PE,0,0,0,0.95,0.85,0,0,0,0,19-DEC-2017,
OPTSTK,SOUTHBANK,22-Feb-2018,32.5,PE,0,0,0,1.9,1.95,0,0,0,0,19-DEC-2017,
OPTSTK,SOUTHBANK,22-Feb-2018,35,PE,0,0,0,3.25,3.55,0,0,0,0,19-DEC-2017,
OPTSTK,SOUTHBANK,22-Feb-2018,37.5,PE,0,0,0,5,5.6,0,0,0,0,19-DEC-2017,
OPTSTK,SOUTHBANK,22-Feb-2018,40,PE,0,0,0,7.05,7.85,0,0,0,0,19-DEC-2017,
OPTSTK,SOUTHBANK,22-Feb-2018,42.5,PE,0,0,0,9.25,10.25,0,0,0,0,19-DEC-2017,
OPTSTK,SOUTHBANK,22-Feb-2018,45,PE,0,0,0,11.6,12.65,0,0,0,0,19-DEC-2017,
OPTSTK,SREINFRA,28-Dec-2017,70,CE,0,0,0,34.6,27.25,0,0,0,0,19-DEC-2017,
OPTSTK,SREINFRA,28-Dec-2017,75,CE,0,0,0,30.25,22.25,0,0,0,0,19-DEC-2017,
OPTSTK,SREINFRA,28-Dec-2017,80,CE,0,0,0,26.2,17.25,0,0,0,0,19-DEC-2017,
OPTSTK,SREINFRA,28-Dec-2017,85,CE,0,0,0,22.5,12.3,0,0,0,0,19-DEC-2017,
OPTSTK,SREINFRA,28-Dec-2017,90,CE,0,0,0,8.8,7.55,0,0,25000,0,19-DEC-2017,
OPTSTK,SREINFRA,28-Dec-2017,95,CE,5.3,5.3,5.3,5.3,5.3,1,5.01,15000,5000,19-DEC-2017,
OPTSTK,SREINFRA,28-Dec-2017,100,CE,2.5,2.5,1.5,1.95,1.95,70,356.47,685000,-50000,19-DEC-2017,
OPTSTK,SREINFRA,28-Dec-2017,105,CE,0.95,0.95,0.6,0.7,0.7,20,105.72,510000,-5000,19-DEC-2017,
OPTSTK,SREINFRA,28-Dec-2017,110,CE,0.3,0.4,0.3,0.4,0.4,8,44.13,585000,0,19-DEC-2017,
OPTSTK,SREINFRA,28-Dec-2017,115,CE,0,0,0,0.2,0.05,0,0,80000,0,19-DEC-2017,
OPTSTK,SREINFRA,28-Dec-2017,120,CE,0,0,0,0.2,0,0,0,90000,0,19-DEC-2017,
OPTSTK,SREINFRA,28-Dec-2017,125,CE,0,0,0,0.15,0,0,0,15000,0,19-DEC-2017,
OPTSTK,SREINFRA,28-Dec-2017,130,CE,0,0,0,0.5,0,0,0,30000,0,19-DEC-2017,
OPTSTK,SREINFRA,28-Dec-2017,135,CE,0,0,0,3.1,0,0,0,0,0,19-DEC-2017,
OPTSTK,SREINFRA,28-Dec-2017,140,CE,0,0,0,2.45,0,0,0,0,0,19-DEC-2017,
OPTSTK,SREINFRA,28-Dec-2017,145,CE,0,0,0,1.95,0,0,0,0,0,19-DEC-2017,
OPTSTK,SREINFRA,28-Dec-2017,150,CE,0,0,0,1.55,0,0,0,0,0,19-DEC-2017,
OPTSTK,SREINFRA,28-Dec-2017,155,CE,0,0,0,1.2,0,0,0,0,0,19-DEC-2017,
OPTSTK,SREINFRA,28-Dec-2017,70,PE,0,0,0,0.8,0,0,0,0,0,19-DEC-2017,
OPTSTK,SREINFRA,28-Dec-2017,75,PE,0,0,0,0.45,0,0,0,0,0,19-DEC-2017,
OPTSTK,SREINFRA,28-Dec-2017,80,PE,0,0,0,0.25,0,0,0,40000,0,19-DEC-2017,
OPTSTK,SREINFRA,28-Dec-2017,85,PE,0,0,0,0.8,0.05,0,0,35000,0,19-DEC-2017,
OPTSTK,SREINFRA,28-Dec-2017,90,PE,3,3,1.05,1.05,1.05,58,268.72,300000,290000,19-DEC-2017,
OPTSTK,SREINFRA,28-Dec-2017,95,PE,2.6,2.6,1.8,1.8,1.8,3,14.56,75000,10000,19-DEC-2017,
OPTSTK,SREINFRA,28-Dec-2017,100,PE,4.9,4.9,4.05,4.05,4.05,4,20.9,190000,5000,19-DEC-2017,
OPTSTK,SREINFRA,28-Dec-2017,105,PE,8.95,8.95,8.95,8.95,8.95,1,5.69,350000,5000,19-DEC-2017,
OPTSTK,SREINFRA,28-Dec-2017,110,PE,0,0,0,13.85,12.8,0,0,10000,0,19-DEC-2017,
OPTSTK,SREINFRA,28-Dec-2017,115,PE,0,0,0,11.5,17.75,0,0,30000,0,19-DEC-2017,
OPTSTK,SREINFRA,28-Dec-2017,120,PE,0,0,0,16,22.75,0,0,10000,0,19-DEC-2017,
OPTSTK,SREINFRA,28-Dec-2017,125,PE,0,0,0,25.2,27.75,0,0,0,0,19-DEC-2017,
OPTSTK,SREINFRA,28-Dec-2017,130,PE,0,0,0,29.15,32.7,0,0,0,0,19-DEC-2017,
OPTSTK,SREINFRA,28-Dec-2017,135,PE,0,0,0,33.3,37.7,0,0,0,0,19-DEC-2017,
OPTSTK,SREINFRA,28-Dec-2017,140,PE,0,0,0,37.6,42.7,0,0,0,0,19-DEC-2017,
OPTSTK,SREINFRA,28-Dec-2017,145,PE,0,0,0,42,47.7,0,0,0,0,19-DEC-2017,
OPTSTK,SREINFRA,28-Dec-2017,150,PE,0,0,0,46.5,52.7,0,0,0,0,19-DEC-2017,
OPTSTK,SREINFRA,28-Dec-2017,155,PE,0,0,0,51.1,57.7,0,0,0,0,19-DEC-2017,
OPTSTK,SREINFRA,25-Jan-2018,70,CE,0,0,0,48.55,27.6,0,0,0,0,19-DEC-2017,
OPTSTK,SREINFRA,25-Jan-2018,75,CE,0,0,0,43.85,22.7,0,0,0,0,19-DEC-2017,
OPTSTK,SREINFRA,25-Jan-2018,80,CE,0,0,0,39.25,17.9,0,0,0,0,19-DEC-2017,
OPTSTK,SREINFRA,25-Jan-2018,85,CE,0,0,0,34.8,13.45,0,0,0,0,19-DEC-2017,
OPTSTK,SREINFRA,25-Jan-2018,90,CE,0,0,0,30.65,9.5,0,0,0,0,19-DEC-2017,
OPTSTK,SREINFRA,25-Jan-2018,95,CE,0,0,0,26.7,6.3,0,0,0,0,19-DEC-2017,
OPTSTK,SREINFRA,25-Jan-2018,100,CE,5.5,5.5,5.5,5.5,5.5,3,15.82,15000,15000,19-DEC-2017,
OPTSTK,SREINFRA,25-Jan-2018,105,CE,0,0,0,19.8,2.25,0,0,0,0,19-DEC-2017,
OPTSTK,SREINFRA,25-Jan-2018,110,CE,0,0,0,16.8,1.25,0,0,0,0,19-DEC-2017,
OPTSTK,SREINFRA,25-Jan-2018,115,CE,0,0,0,14.2,0.65,0,0,0,0,19-DEC-2017,
OPTSTK,SREINFRA,25-Jan-2018,120,CE,0,0,0,11.9,0.3,0,0,0,0,19-DEC-2017,
OPTSTK,SREINFRA,25-Jan-2018,125,CE,0,0,0,9.9,0.15,0,0,0,0,19-DEC-2017,
OPTSTK,SREINFRA,25-Jan-2018,130,CE,0,0,0,8.15,0.1,0,0,0,0,19-DEC-2017,
OPTSTK,SREINFRA,25-Jan-2018,135,CE,0,0,0,6.7,0.05,0,0,0,0,19-DEC-2017,
OPTSTK,SREINFRA,25-Jan-2018,140,CE,0,0,0,5.5,0.05,0,0,0,0,19-DEC-2017,
OPTSTK,SREINFRA,25-Jan-2018,145,CE,0,0,0,4.5,0,0,0,0,0,19-DEC-2017,
OPTSTK,SREINFRA,25-Jan-2018,150,CE,0,0,0,3.6,0,0,0,0,0,19-DEC-2017,
OPTSTK,SREINFRA,25-Jan-2018,155,CE,0,0,0,2.9,0,0,0,0,0,19-DEC-2017,
OPTSTK,SREINFRA,25-Jan-2018,70,PE,0,0,0,0.2,0.05,0,0,0,0,19-DEC-2017,
OPTSTK,SREINFRA,25-Jan-2018,75,PE,0,0,0,0.4,0.1,0,0,0,0,19-DEC-2017,
OPTSTK,SREINFRA,25-Jan-2018,80,PE,0,0,0,0.75,0.3,0,0,0,0,19-DEC-2017,
OPTSTK,SREINFRA,25-Jan-2018,85,PE,0,0,0,1.25,0.8,0,0,0,0,19-DEC-2017,
OPTSTK,SREINFRA,25-Jan-2018,90,PE,0,0,0,1.95,1.85,0,0,0,0,19-DEC-2017,
OPTSTK,SREINFRA,25-Jan-2018,95,PE,0,0,0,2.95,3.6,0,0,0,0,19-DEC-2017,
OPTSTK,SREINFRA,25-Jan-2018,100,PE,0,0,0,4.25,6.15,0,0,0,0,19-DEC-2017,
OPTSTK,SREINFRA,25-Jan-2018,105,PE,0,0,0,5.9,9.5,0,0,0,0,19-DEC-2017,
OPTSTK,SREINFRA,25-Jan-2018,110,PE,0,0,0,7.85,13.4,0,0,0,0,19-DEC-2017,
OPTSTK,SREINFRA,25-Jan-2018,115,PE,0,0,0,10.15,17.8,0,0,0,0,19-DEC-2017,
OPTSTK,SREINFRA,25-Jan-2018,120,PE,0,0,0,12.75,22.45,0,0,0,0,19-DEC-2017,
OPTSTK,SREINFRA,25-Jan-2018,125,PE,0,0,0,15.7,27.25,0,0,0,0,19-DEC-2017,
OPTSTK,SREINFRA,25-Jan-2018,130,PE,0,0,0,18.9,32.15,0,0,0,0,19-DEC-2017,
OPTSTK,SREINFRA,25-Jan-2018,135,PE,0,0,0,22.35,37.05,0,0,0,0,19-DEC-2017,
OPTSTK,SREINFRA,25-Jan-2018,140,PE,0,0,0,26.05,42,0,0,0,0,19-DEC-2017,
OPTSTK,SREINFRA,25-Jan-2018,145,PE,0,0,0,29.95,47,0,0,0,0,19-DEC-2017,
OPTSTK,SREINFRA,25-Jan-2018,150,PE,0,0,0,34,51.95,0,0,0,0,19-DEC-2017,
OPTSTK,SREINFRA,25-Jan-2018,155,PE,0,0,0,38.25,56.9,0,0,0,0,19-DEC-2017,
OPTSTK,SREINFRA,22-Feb-2018,70,CE,0,0,0,33.7,28.05,0,0,0,0,19-DEC-2017,
OPTSTK,SREINFRA,22-Feb-2018,75,CE,0,0,0,29.3,23.3,0,0,0,0,19-DEC-2017,
OPTSTK,SREINFRA,22-Feb-2018,80,CE,0,0,0,25.15,18.8,0,0,0,0,19-DEC-2017,
OPTSTK,SREINFRA,22-Feb-2018,85,CE,0,0,0,21.3,14.7,0,0,0,0,19-DEC-2017,
OPTSTK,SREINFRA,22-Feb-2018,90,CE,0,0,0,17.85,11.1,0,0,0,0,19-DEC-2017,
OPTSTK,SREINFRA,22-Feb-2018,95,CE,0,0,0,14.75,8.1,0,0,0,0,19-DEC-2017,
OPTSTK,SREINFRA,22-Feb-2018,100,CE,0,0,0,12.1,5.7,0,0,0,0,19-DEC-2017,
OPTSTK,SREINFRA,22-Feb-2018,105,CE,0,0,0,9.8,3.9,0,0,0,0,19-DEC-2017,
OPTSTK,SREINFRA,22-Feb-2018,110,CE,0,0,0,7.85,2.55,0,0,0,0,19-DEC-2017,
OPTSTK,SREINFRA,22-Feb-2018,115,CE,0,0,0,6.25,1.65,0,0,0,0,19-DEC-2017,
OPTSTK,SREINFRA,22-Feb-2018,120,CE,0,0,0,4.9,1.05,0,0,0,0,19-DEC-2017,
OPTSTK,SREINFRA,22-Feb-2018,125,CE,0,0,0,3.85,0.65,0,0,0,0,19-DEC-2017,
OPTSTK,SREINFRA,22-Feb-2018,130,CE,0,0,0,3,0.4,0,0,0,0,19-DEC-2017,
OPTSTK,SREINFRA,22-Feb-2018,135,CE,0,0,0,2.3,0.25,0,0,0,0,19-DEC-2017,
OPTSTK,SREINFRA,22-Feb-2018,140,CE,0,0,0,1.8,0.15,0,0,0,0,19-DEC-2017,
OPTSTK,SREINFRA,22-Feb-2018,145,CE,0,0,0,1.35,0.1,0,0,0,0,19-DEC-2017,
OPTSTK,SREINFRA,22-Feb-2018,150,CE,0,0,0,1.05,0.05,0,0,0,0,19-DEC-2017,
OPTSTK,SREINFRA,22-Feb-2018,70,PE,0,0,0,0.6,0.15,0,0,0,0,19-DEC-2017,
OPTSTK,SREINFRA,22-Feb-2018,75,PE,0,0,0,1.1,0.35,0,0,0,0,19-DEC-2017,
OPTSTK,SREINFRA,22-Feb-2018,80,PE,0,0,0,1.85,0.8,0,0,0,0,19-DEC-2017,
OPTSTK,SREINFRA,22-Feb-2018,85,PE,0,0,0,2.95,1.65,0,0,0,0,19-DEC-2017,
OPTSTK,SREINFRA,22-Feb-2018,90,PE,0,0,0,4.45,2.95,0,0,0,0,19-DEC-2017,
OPTSTK,SREINFRA,22-Feb-2018,95,PE,0,0,0,6.3,4.9,0,0,0,0,19-DEC-2017,
OPTSTK,SREINFRA,22-Feb-2018,100,PE,0,0,0,8.5,7.45,0,0,0,0,19-DEC-2017,
OPTSTK,SREINFRA,22-Feb-2018,105,PE,0,0,0,11.15,10.6,0,0,0,0,19-DEC-2017,
OPTSTK,SREINFRA,22-Feb-2018,110,PE,0,0,0,14.15,14.2,0,0,0,0,19-DEC-2017,
OPTSTK,SREINFRA,22-Feb-2018,115,PE,0,0,0,17.45,18.25,0,0,0,0,19-DEC-2017,
OPTSTK,SREINFRA,22-Feb-2018,120,PE,0,0,0,21.1,22.55,0,0,0,0,19-DEC-2017,
OPTSTK,SREINFRA,22-Feb-2018,125,PE,0,0,0,24.95,27.1,0,0,0,0,19-DEC-2017,
OPTSTK,SREINFRA,22-Feb-2018,130,PE,0,0,0,29,31.8,0,0,0,0,19-DEC-2017,
OPTSTK,SREINFRA,22-Feb-2018,135,PE,0,0,0,33.25,36.6,0,0,0,0,19-DEC-2017,
OPTSTK,SREINFRA,22-Feb-2018,140,PE,0,0,0,37.65,41.45,0,0,0,0,19-DEC-2017,
OPTSTK,SREINFRA,22-Feb-2018,145,PE,0,0,0,42.15,46.35,0,0,0,0,19-DEC-2017,
OPTSTK,SREINFRA,22-Feb-2018,150,PE,0,0,0,46.75,51.25,0,0,0,0,19-DEC-2017,
OPTSTK,SRF,28-Dec-2017,1100,CE,0,0,0,454.1,828.5,0,0,0,0,19-DEC-2017,
OPTSTK,SRF,28-Dec-2017,1150,CE,0,0,0,406.25,778.55,0,0,0,0,19-DEC-2017,
OPTSTK,SRF,28-Dec-2017,1200,CE,0,0,0,359.5,728.65,0,0,0,0,19-DEC-2017,
OPTSTK,SRF,28-Dec-2017,1250,CE,0,0,0,314.35,678.7,0,0,0,0,19-DEC-2017,
OPTSTK,SRF,28-Dec-2017,1300,CE,0,0,0,271.3,628.8,0,0,0,0,19-DEC-2017,
OPTSTK,SRF,28-Dec-2017,1350,CE,0,0,0,231,578.85,0,0,0,0,19-DEC-2017,
OPTSTK,SRF,28-Dec-2017,1400,CE,0,0,0,193.9,528.95,0,0,0,0,19-DEC-2017,
OPTSTK,SRF,28-Dec-2017,1450,CE,0,0,0,160.3,479,0,0,0,0,19-DEC-2017,
OPTSTK,SRF,28-Dec-2017,1500,CE,0,0,0,130.65,429.1,0,0,0,0,19-DEC-2017,
OPTSTK,SRF,28-Dec-2017,1550,CE,0,0,0,330.4,379.2,0,0,0,0,19-DEC-2017,
OPTSTK,SRF,28-Dec-2017,1600,CE,0,0,0,83.05,329.25,0,0,0,0,19-DEC-2017,
OPTSTK,SRF,28-Dec-2017,1650,CE,0,0,0,64.8,279.45,0,0,0,0,19-DEC-2017,
OPTSTK,SRF,28-Dec-2017,1700,CE,0,0,0,200,229.9,0,0,6000,0,19-DEC-2017,
OPTSTK,SRF,28-Dec-2017,1750,CE,0,0,0,131.5,181.35,0,0,1500,0,19-DEC-2017,
OPTSTK,SRF,28-Dec-2017,1800,CE,0,0,0,100,135.35,0,0,5500,0,19-DEC-2017,
OPTSTK,SRF,28-Dec-2017,1850,CE,89.4,94.95,89.4,91.5,91.5,9,87.38,10000,-2500,19-DEC-2017,
OPTSTK,SRF,28-Dec-2017,1900,CE,40.95,64,40.05,58,58,207,2023.73,23500,-11500,19-DEC-2017,
OPTSTK,SRF,28-Dec-2017,1950,CE,24,37.95,24,32.75,32.75,307,3044.67,42000,17000,19-DEC-2017,
OPTSTK,SRF,28-Dec-2017,2000,CE,14,21.75,14,17,17,131,1322.42,38000,22500,19-DEC-2017,
OPTSTK,SRF,28-Dec-2017,2050,CE,8,13,8,9.2,9.2,41,422.5,13000,10500,19-DEC-2017,
OPTSTK,SRF,28-Dec-2017,2100,CE,8,8,7,7,7,2,21.07,1500,-500,19-DEC-2017,
OPTSTK,SRF,28-Dec-2017,2150,CE,0,0,0,2.15,1.35,0,0,500,0,19-DEC-2017,
OPTSTK,SRF,28-Dec-2017,2200,CE,0,0,0,1.95,0.45,0,0,2000,0,19-DEC-2017,
OPTSTK,SRF,28-Dec-2017,2250,CE,0,0,0,1.35,0.15,0,0,0,0,19-DEC-2017,
OPTSTK,SRF,28-Dec-2017,2300,CE,0,0,0,0.6,0.05,0,0,0,0,19-DEC-2017,
OPTSTK,SRF,28-Dec-2017,1100,PE,0,0,0,1.25,0,0,0,0,0,19-DEC-2017,
OPTSTK,SRF,28-Dec-2017,1150,PE,0,0,0,2.65,0,0,0,0,0,19-DEC-2017,
OPTSTK,SRF,28-Dec-2017,1200,PE,0,0,0,5.15,0,0,0,0,0,19-DEC-2017,
OPTSTK,SRF,28-Dec-2017,1250,PE,0,0,0,9.2,0,0,0,0,0,19-DEC-2017,
OPTSTK,SRF,28-Dec-2017,1300,PE,0,0,0,15.4,0,0,0,0,0,19-DEC-2017,
OPTSTK,SRF,28-Dec-2017,1350,PE,0,0,0,24.25,0,0,0,0,0,19-DEC-2017,
OPTSTK,SRF,28-Dec-2017,1400,PE,0,0,0,36.4,0,0,0,0,0,19-DEC-2017,
OPTSTK,SRF,28-Dec-2017,1450,PE,0,0,0,52.05,0,0,0,0,0,19-DEC-2017,
OPTSTK,SRF,28-Dec-2017,1500,PE,0,0,0,71.6,0,0,0,0,0,19-DEC-2017,
OPTSTK,SRF,28-Dec-2017,1550,PE,0,0,0,95.1,0,0,0,0,0,19-DEC-2017,
OPTSTK,SRF,28-Dec-2017,1600,PE,0,0,0,5,0.05,0,0,1000,0,19-DEC-2017,
OPTSTK,SRF,28-Dec-2017,1650,PE,0,0,0,3,0.1,0,0,2500,0,19-DEC-2017,
OPTSTK,SRF,28-Dec-2017,1700,PE,1.5,1.5,1.5,1.5,1.5,1,8.5,1500,-500,19-DEC-2017,
OPTSTK,SRF,28-Dec-2017,1750,PE,3,3,2,2.45,2.45,5,43.8,9000,-1500,19-DEC-2017,
OPTSTK,SRF,28-Dec-2017,1800,PE,6,6.5,4.75,4.8,4.8,22,198.58,11500,3500,19-DEC-2017,
OPTSTK,SRF,28-Dec-2017,1850,PE,14.3,16,10,10,10,27,251.5,7500,2500,19-DEC-2017,
OPTSTK,SRF,28-Dec-2017,1900,PE,38,38,25.55,26.25,26.25,57,549.84,14000,8000,19-DEC-2017,
OPTSTK,SRF,28-Dec-2017,1950,PE,54,60.45,50.8,52,52,10,100.21,2500,1000,19-DEC-2017,
OPTSTK,SRF,28-Dec-2017,2000,PE,90,90,90,90,90,1,10.45,1000,500,19-DEC-2017,
OPTSTK,SRF,28-Dec-2017,2050,PE,0,0,0,488.15,128.6,0,0,0,0,19-DEC-2017,
OPTSTK,SRF,28-Dec-2017,2100,PE,0,0,0,535.65,173.55,0,0,0,0,19-DEC-2017,
OPTSTK,SRF,28-Dec-2017,2150,PE,0,0,0,583.65,221.25,0,0,0,0,19-DEC-2017,
OPTSTK,SRF,28-Dec-2017,2200,PE,0,0,0,632.05,270.3,0,0,0,0,19-DEC-2017,
OPTSTK,SRF,28-Dec-2017,2250,PE,0,0,0,680.65,319.9,0,0,0,0,19-DEC-2017,
OPTSTK,SRF,28-Dec-2017,2300,PE,0,0,0,690.8,369.75,0,0,0,0,19-DEC-2017,
OPTSTK,SRF,25-Jan-2018,1100,CE,0,0,0,562.4,833.95,0,0,0,0,19-DEC-2017,
OPTSTK,SRF,25-Jan-2018,1150,CE,0,0,0,515.2,784.25,0,0,0,0,19-DEC-2017,
OPTSTK,SRF,25-Jan-2018,1200,CE,0,0,0,469.05,734.6,0,0,0,0,19-DEC-2017,
OPTSTK,SRF,25-Jan-2018,1250,CE,0,0,0,424.3,684.9,0,0,0,0,19-DEC-2017,
OPTSTK,SRF,25-Jan-2018,1300,CE,0,0,0,381.2,635.25,0,0,0,0,19-DEC-2017,
OPTSTK,SRF,25-Jan-2018,1350,CE,0,0,0,340.1,585.6,0,0,0,0,19-DEC-2017,
OPTSTK,SRF,25-Jan-2018,1400,CE,0,0,0,301.35,536,0,0,0,0,19-DEC-2017,
OPTSTK,SRF,25-Jan-2018,1450,CE,0,0,0,265.1,486.6,0,0,0,0,19-DEC-2017,
OPTSTK,SRF,25-Jan-2018,1500,CE,0,0,0,231.5,437.45,0,0,0,0,19-DEC-2017,
OPTSTK,SRF,25-Jan-2018,1550,CE,0,0,0,200.8,388.9,0,0,0,0,19-DEC-2017,
OPTSTK,SRF,25-Jan-2018,1600,CE,0,0,0,172.95,341.3,0,0,0,0,19-DEC-2017,
OPTSTK,SRF,25-Jan-2018,1650,CE,0,0,0,148,295.2,0,0,0,0,19-DEC-2017,
OPTSTK,SRF,25-Jan-2018,1700,CE,0,0,0,125.85,251.2,0,0,0,0,19-DEC-2017,
OPTSTK,SRF,25-Jan-2018,1750,CE,0,0,0,106.3,210.05,0,0,0,0,19-DEC-2017,
OPTSTK,SRF,25-Jan-2018,1800,CE,0,0,0,89.3,172.35,0,0,0,0,19-DEC-2017,
OPTSTK,SRF,25-Jan-2018,1850,CE,0,0,0,74.55,138.55,0,0,0,0,19-DEC-2017,
OPTSTK,SRF,25-Jan-2018,1900,CE,0,0,0,62,109.15,0,0,0,0,19-DEC-2017,
OPTSTK,SRF,25-Jan-2018,1950,CE,68,68,68,68,68,4,40.36,2000,2000,19-DEC-2017,
OPTSTK,SRF,25-Jan-2018,2000,CE,0,0,0,42.15,63.55,0,0,0,0,19-DEC-2017,
OPTSTK,SRF,25-Jan-2018,2050,CE,0,0,0,34.5,46.95,0,0,0,0,19-DEC-2017,
OPTSTK,SRF,25-Jan-2018,2100,CE,0,0,0,28.1,34.1,0,0,0,0,19-DEC-2017,
OPTSTK,SRF,25-Jan-2018,2150,CE,0,0,0,22.8,24.15,0,0,0,0,19-DEC-2017,
OPTSTK,SRF,25-Jan-2018,2200,CE,0,0,0,18.45,16.8,0,0,0,0,19-DEC-2017,
OPTSTK,SRF,25-Jan-2018,2250,CE,0,0,0,14.85,11.45,0,0,0,0,19-DEC-2017,
OPTSTK,SRF,25-Jan-2018,2300,CE,0,0,0,11.9,7.65,0,0,0,0,19-DEC-2017,
OPTSTK,SRF,25-Jan-2018,1100,PE,0,0,0,2.75,0,0,0,0,0,19-DEC-2017,
OPTSTK,SRF,25-Jan-2018,1150,PE,0,0,0,4.75,0,0,0,0,0,19-DEC-2017,
OPTSTK,SRF,25-Jan-2018,1200,PE,0,0,0,7.85,0,0,0,0,0,19-DEC-2017,
OPTSTK,SRF,25-Jan-2018,1250,PE,0,0,0,12.3,0,0,0,0,0,19-DEC-2017,
OPTSTK,SRF,25-Jan-2018,1300,PE,0,0,0,18.4,0.05,0,0,0,0,19-DEC-2017,
OPTSTK,SRF,25-Jan-2018,1350,PE,0,0,0,26.55,0.05,0,0,0,0,19-DEC-2017,
OPTSTK,SRF,25-Jan-2018,1400,PE,0,0,0,36.95,0.15,0,0,0,0,19-DEC-2017,
OPTSTK,SRF,25-Jan-2018,1450,PE,0,0,0,49.95,0.4,0,0,0,0,19-DEC-2017,
OPTSTK,SRF,25-Jan-2018,1500,PE,0,0,0,65.55,0.95,0,0,0,0,19-DEC-2017,
OPTSTK,SRF,25-Jan-2018,1550,PE,0,0,0,84.05,2.05,0,0,0,0,19-DEC-2017,
OPTSTK,SRF,25-Jan-2018,1600,PE,0,0,0,105.45,4.15,0,0,0,0,19-DEC-2017,
OPTSTK,SRF,25-Jan-2018,1650,PE,0,0,0,129.75,7.7,0,0,0,0,19-DEC-2017,
OPTSTK,SRF,25-Jan-2018,1700,PE,0,0,0,156.75,13.4,0,0,0,0,19-DEC-2017,
OPTSTK,SRF,25-Jan-2018,1750,PE,0,0,0,186.45,21.9,0,0,0,0,19-DEC-2017,
OPTSTK,SRF,25-Jan-2018,1800,PE,27,27,27,27,27,3,27.4,3500,1500,19-DEC-2017,
OPTSTK,SRF,25-Jan-2018,1850,PE,0,0,0,50,49.75,0,0,500,0,19-DEC-2017,
OPTSTK,SRF,25-Jan-2018,1900,PE,0,0,0,289.8,70,0,0,0,0,19-DEC-2017,
OPTSTK,SRF,25-Jan-2018,1950,PE,0,0,0,328.3,94.7,0,0,0,0,19-DEC-2017,
OPTSTK,SRF,25-Jan-2018,2000,PE,0,0,0,368.35,123.75,0,0,0,0,19-DEC-2017,
OPTSTK,SRF,25-Jan-2018,2050,PE,0,0,0,409.95,156.85,0,0,0,0,19-DEC-2017,
OPTSTK,SRF,25-Jan-2018,2100,PE,0,0,0,452.8,193.7,0,0,0,0,19-DEC-2017,
OPTSTK,SRF,25-Jan-2018,2150,PE,0,0,0,496.7,233.4,0,0,0,0,19-DEC-2017,
OPTSTK,SRF,25-Jan-2018,2200,PE,0,0,0,541.55,275.7,0,0,0,0,19-DEC-2017,
OPTSTK,SRF,25-Jan-2018,2250,PE,0,0,0,587.15,320.05,0,0,0,0,19-DEC-2017,
OPTSTK,SRF,25-Jan-2018,2300,PE,0,0,0,633.45,365.95,0,0,0,0,19-DEC-2017,
OPTSTK,SRF,22-Feb-2018,1150,CE,0,0,0,698.6,789.9,0,0,0,0,19-DEC-2017,
OPTSTK,SRF,22-Feb-2018,1200,CE,0,0,0,649.8,740.5,0,0,0,0,19-DEC-2017,
OPTSTK,SRF,22-Feb-2018,1250,CE,0,0,0,601.3,691.15,0,0,0,0,19-DEC-2017,
OPTSTK,SRF,22-Feb-2018,1300,CE,0,0,0,553.4,641.9,0,0,0,0,19-DEC-2017,
OPTSTK,SRF,22-Feb-2018,1350,CE,0,0,0,506.25,592.85,0,0,0,0,19-DEC-2017,
OPTSTK,SRF,22-Feb-2018,1400,CE,0,0,0,460.15,544.15,0,0,0,0,19-DEC-2017,
OPTSTK,SRF,22-Feb-2018,1450,CE,0,0,0,415.4,495.95,0,0,0,0,19-DEC-2017,
OPTSTK,SRF,22-Feb-2018,1500,CE,0,0,0,372.35,448.6,0,0,0,0,19-DEC-2017,
OPTSTK,SRF,22-Feb-2018,1550,CE,0,0,0,331.3,402.4,0,0,0,0,19-DEC-2017,
OPTSTK,SRF,22-Feb-2018,1600,CE,0,0,0,292.55,357.7,0,0,0,0,19-DEC-2017,
OPTSTK,SRF,22-Feb-2018,1650,CE,0,0,0,256.4,314.9,0,0,0,0,19-DEC-2017,
OPTSTK,SRF,22-Feb-2018,1700,CE,0,0,0,222.85,274.5,0,0,0,0,19-DEC-2017,
OPTSTK,SRF,22-Feb-2018,1750,CE,0,0,0,192.3,236.8,0,0,0,0,19-DEC-2017,
OPTSTK,SRF,22-Feb-2018,1800,CE,0,0,0,164.65,202,0,0,0,0,19-DEC-2017,
OPTSTK,SRF,22-Feb-2018,1850,CE,0,0,0,139.95,170.5,0,0,0,0,19-DEC-2017,
OPTSTK,SRF,22-Feb-2018,1900,CE,0,0,0,118.05,142.35,0,0,0,0,19-DEC-2017,
OPTSTK,SRF,22-Feb-2018,1950,CE,0,0,0,98.9,117.55,0,0,0,0,19-DEC-2017,
OPTSTK,SRF,22-Feb-2018,2000,CE,0,0,0,82.25,96.05,0,0,0,0,19-DEC-2017,
OPTSTK,SRF,22-Feb-2018,2050,CE,0,0,0,67.95,77.65,0,0,0,0,19-DEC-2017,
OPTSTK,SRF,22-Feb-2018,2100,CE,0,0,0,55.9,62.1,0,0,0,0,19-DEC-2017,
OPTSTK,SRF,22-Feb-2018,2150,CE,0,0,0,45.55,49.3,0,0,0,0,19-DEC-2017,
OPTSTK,SRF,22-Feb-2018,2200,CE,0,0,0,36.95,38.6,0,0,0,0,19-DEC-2017,
OPTSTK,SRF,22-Feb-2018,2250,CE,0,0,0,29.85,30,0,0,0,0,19-DEC-2017,
OPTSTK,SRF,22-Feb-2018,2300,CE,0,0,0,23.95,23.1,0,0,0,0,19-DEC-2017,
OPTSTK,SRF,22-Feb-2018,1150,PE,0,0,0,0.45,0.05,0,0,0,0,19-DEC-2017,
OPTSTK,SRF,22-Feb-2018,1200,PE,0,0,0,0.9,0.05,0,0,0,0,19-DEC-2017,
OPTSTK,SRF,22-Feb-2018,1250,PE,0,0,0,1.7,0.15,0,0,0,0,19-DEC-2017,
OPTSTK,SRF,22-Feb-2018,1300,PE,0,0,0,3.05,0.35,0,0,0,0,19-DEC-2017,
OPTSTK,SRF,22-Feb-2018,1350,PE,0,0,0,5.15,0.7,0,0,0,0,19-DEC-2017,
OPTSTK,SRF,22-Feb-2018,1400,PE,0,0,0,8.35,1.45,0,0,0,0,19-DEC-2017,
OPTSTK,SRF,22-Feb-2018,1450,PE,0,0,0,12.85,2.7,0,0,0,0,19-DEC-2017,
OPTSTK,SRF,22-Feb-2018,1500,PE,0,0,0,19.1,4.75,0,0,0,0,19-DEC-2017,
OPTSTK,SRF,22-Feb-2018,1550,PE,0,0,0,27.3,7.95,0,0,0,0,19-DEC-2017,
OPTSTK,SRF,22-Feb-2018,1600,PE,0,0,0,37.85,12.7,0,0,0,0,19-DEC-2017,
OPTSTK,SRF,22-Feb-2018,1650,PE,0,0,0,50.95,19.35,0,0,0,0,19-DEC-2017,
OPTSTK,SRF,22-Feb-2018,1700,PE,0,0,0,66.7,28.35,0,0,0,0,19-DEC-2017,
OPTSTK,SRF,22-Feb-2018,1750,PE,0,0,0,85.4,40.1,0,0,0,0,19-DEC-2017,
OPTSTK,SRF,22-Feb-2018,1800,PE,0,0,0,107.05,54.7,0,0,0,0,19-DEC-2017,
OPTSTK,SRF,22-Feb-2018,1850,PE,0,0,0,131.55,72.65,0,0,0,0,19-DEC-2017,
OPTSTK,SRF,22-Feb-2018,1900,PE,0,0,0,158.95,93.95,0,0,0,0,19-DEC-2017,
OPTSTK,SRF,22-Feb-2018,1950,PE,0,0,0,189.05,118.6,0,0,0,0,19-DEC-2017,
OPTSTK,SRF,22-Feb-2018,2000,PE,0,0,0,221.7,146.5,0,0,0,0,19-DEC-2017,
OPTSTK,SRF,22-Feb-2018,2050,PE,0,0,0,256.65,177.5,0,0,0,0,19-DEC-2017,
OPTSTK,SRF,22-Feb-2018,2100,PE,0,0,0,293.9,211.4,0,0,0,0,19-DEC-2017,
OPTSTK,SRF,22-Feb-2018,2150,PE,0,0,0,332.85,248,0,0,0,0,19-DEC-2017,
OPTSTK,SRF,22-Feb-2018,2200,PE,0,0,0,373.5,286.8,0,0,0,0,19-DEC-2017,
OPTSTK,SRF,22-Feb-2018,2250,PE,0,0,0,415.65,327.6,0,0,0,0,19-DEC-2017,
OPTSTK,SRF,22-Feb-2018,2300,PE,0,0,0,459,370.15,0,0,0,0,19-DEC-2017,
OPTSTK,SRTRANSFIN,28-Dec-2017,660,CE,0,0,0,405.4,796.4,0,0,0,0,19-DEC-2017,
OPTSTK,SRTRANSFIN,28-Dec-2017,680,CE,0,0,0,386.1,776.45,0,0,0,0,19-DEC-2017,
OPTSTK,SRTRANSFIN,28-Dec-2017,700,CE,0,0,0,367,756.45,0,0,0,0,19-DEC-2017,
OPTSTK,SRTRANSFIN,28-Dec-2017,720,CE,0,0,0,348.05,736.5,0,0,0,0,19-DEC-2017,
OPTSTK,SRTRANSFIN,28-Dec-2017,740,CE,0,0,0,329.35,716.5,0,0,0,0,19-DEC-2017,
OPTSTK,SRTRANSFIN,28-Dec-2017,760,CE,0,0,0,310.95,696.55,0,0,0,0,19-DEC-2017,
OPTSTK,SRTRANSFIN,28-Dec-2017,780,CE,0,0,0,292.85,676.6,0,0,0,0,19-DEC-2017,
OPTSTK,SRTRANSFIN,28-Dec-2017,800,CE,0,0,0,275.15,656.6,0,0,0,0,19-DEC-2017,
OPTSTK,SRTRANSFIN,28-Dec-2017,820,CE,0,0,0,257.85,636.65,0,0,0,0,19-DEC-2017,
OPTSTK,SRTRANSFIN,28-Dec-2017,840,CE,0,0,0,241,616.7,0,0,0,0,19-DEC-2017,
OPTSTK,SRTRANSFIN,28-Dec-2017,860,CE,0,0,0,224.7,596.7,0,0,0,0,19-DEC-2017,
OPTSTK,SRTRANSFIN,28-Dec-2017,880,CE,0,0,0,208.95,576.75,0,0,0,0,19-DEC-2017,
OPTSTK,SRTRANSFIN,28-Dec-2017,900,CE,0,0,0,193.8,556.75,0,0,0,0,19-DEC-2017,
OPTSTK,SRTRANSFIN,28-Dec-2017,920,CE,0,0,0,179.3,536.8,0,0,0,0,19-DEC-2017,
OPTSTK,SRTRANSFIN,28-Dec-2017,940,CE,0,0,0,165.45,516.85,0,0,0,0,19-DEC-2017,
OPTSTK,SRTRANSFIN,28-Dec-2017,960,CE,0,0,0,152.2,496.85,0,0,0,0,19-DEC-2017,
OPTSTK,SRTRANSFIN,28-Dec-2017,980,CE,0,0,0,139.7,476.9,0,0,0,0,19-DEC-2017,
OPTSTK,SRTRANSFIN,28-Dec-2017,1000,CE,0,0,0,127.9,456.9,0,0,0,0,19-DEC-2017,
OPTSTK,SRTRANSFIN,28-Dec-2017,1020,CE,0,0,0,116.85,436.95,0,0,0,0,19-DEC-2017,
OPTSTK,SRTRANSFIN,28-Dec-2017,1040,CE,0,0,0,106.45,417,0,0,0,0,19-DEC-2017,
OPTSTK,SRTRANSFIN,28-Dec-2017,1060,CE,0,0,0,96.75,397,0,0,0,0,19-DEC-2017,
OPTSTK,SRTRANSFIN,28-Dec-2017,1080,CE,0,0,0,87.7,377.05,0,0,0,0,19-DEC-2017,
OPTSTK,SRTRANSFIN,28-Dec-2017,1100,CE,0,0,0,79.35,357.1,0,0,0,0,19-DEC-2017,
OPTSTK,SRTRANSFIN,28-Dec-2017,1120,CE,0,0,0,71.65,337.1,0,0,0,0,19-DEC-2017,
OPTSTK,SRTRANSFIN,28-Dec-2017,1140,CE,0,0,0,64.5,317.15,0,0,0,0,19-DEC-2017,
OPTSTK,SRTRANSFIN,28-Dec-2017,1160,CE,0,0,0,193,297.2,0,0,600,0,19-DEC-2017,
OPTSTK,SRTRANSFIN,28-Dec-2017,1180,CE,0,0,0,140,277.25,0,0,600,0,19-DEC-2017,
OPTSTK,SRTRANSFIN,28-Dec-2017,1200,CE,0,0,0,46.55,257.3,0,0,0,0,19-DEC-2017,
OPTSTK,SRTRANSFIN,28-Dec-2017,1220,CE,0,0,0,41.65,237.45,0,0,0,0,19-DEC-2017,
OPTSTK,SRTRANSFIN,28-Dec-2017,1240,CE,0,0,0,61,217.65,0,0,600,0,19-DEC-2017,
OPTSTK,SRTRANSFIN,28-Dec-2017,1260,CE,0,0,0,104.65,198,0,0,1200,0,19-DEC-2017,
OPTSTK,SRTRANSFIN,28-Dec-2017,1280,CE,0,0,0,29.4,178.6,0,0,0,0,19-DEC-2017,
OPTSTK,SRTRANSFIN,28-Dec-2017,1300,CE,0,0,0,113.3,159.5,0,0,5400,0,19-DEC-2017,
OPTSTK,SRTRANSFIN,28-Dec-2017,1320,CE,0,0,0,91.4,140.95,0,0,2400,0,19-DEC-2017,
OPTSTK,SRTRANSFIN,28-Dec-2017,1340,CE,105.6,105.6,105.6,105.6,105.6,1,8.67,9600,0,19-DEC-2017,
OPTSTK,SRTRANSFIN,28-Dec-2017,1360,CE,77.05,95,77.05,95,95,5,43.36,6600,-2400,19-DEC-2017,
OPTSTK,SRTRANSFIN,28-Dec-2017,1380,CE,60,84,60,84,84,11,95.79,10200,-2400,19-DEC-2017,
OPTSTK,SRTRANSFIN,28-Dec-2017,1400,CE,47,66.65,46,64.6,64.6,63,550.07,25800,-9000,19-DEC-2017,
OPTSTK,SRTRANSFIN,28-Dec-2017,1420,CE,32,52.15,32,52.15,52.15,56,490.98,13200,-8400,19-DEC-2017,
OPTSTK,SRTRANSFIN,28-Dec-2017,1440,CE,24,40,23,36.9,36.9,143,1263.1,21600,-4800,19-DEC-2017,
OPTSTK,SRTRANSFIN,28-Dec-2017,1460,CE,15,28.6,15,27.45,27.45,102,908.3,22800,5400,19-DEC-2017,
OPTSTK,SRTRANSFIN,28-Dec-2017,1480,CE,17.15,20.5,14,18.15,18.15,32,287.55,13200,6000,19-DEC-2017,
OPTSTK,SRTRANSFIN,28-Dec-2017,1500,CE,9.65,14.5,8,13.6,13.6,46,417.41,24600,4200,19-DEC-2017,
OPTSTK,SRTRANSFIN,28-Dec-2017,1520,CE,5,9.25,5,8.5,8.5,6,54.97,5400,3600,19-DEC-2017,
OPTSTK,SRTRANSFIN,28-Dec-2017,1540,CE,3.5,4,3.5,4,4,2,18.52,8400,1200,19-DEC-2017,
OPTSTK,SRTRANSFIN,28-Dec-2017,1560,CE,0,0,0,3.95,9.5,0,0,600,0,19-DEC-2017,
OPTSTK,SRTRANSFIN,28-Dec-2017,1580,CE,0,0,0,2.4,6.7,0,0,0,0,19-DEC-2017,
OPTSTK,SRTRANSFIN,28-Dec-2017,1600,CE,0,0,0,2.2,4.7,0,0,0,0,19-DEC-2017,
OPTSTK,SRTRANSFIN,28-Dec-2017,1620,CE,0,0,0,25,3.2,0,0,0,0,19-DEC-2017,
OPTSTK,SRTRANSFIN,28-Dec-2017,1640,CE,0,0,0,22.45,2.15,0,0,0,0,19-DEC-2017,
OPTSTK,SRTRANSFIN,28-Dec-2017,1660,CE,0,0,0,20.15,1.4,0,0,0,0,19-DEC-2017,
OPTSTK,SRTRANSFIN,28-Dec-2017,660,PE,0,0,0,0.85,0,0,0,0,0,19-DEC-2017,
OPTSTK,SRTRANSFIN,28-Dec-2017,680,PE,0,0,0,1.3,0,0,0,0,0,19-DEC-2017,
OPTSTK,SRTRANSFIN,28-Dec-2017,700,PE,0,0,0,1.85,0,0,0,0,0,19-DEC-2017,
OPTSTK,SRTRANSFIN,28-Dec-2017,720,PE,0,0,0,2.6,0,0,0,0,0,19-DEC-2017,
OPTSTK,SRTRANSFIN,28-Dec-2017,740,PE,0,0,0,3.6,0,0,0,0,0,19-DEC-2017,
OPTSTK,SRTRANSFIN,28-Dec-2017,760,PE,0,0,0,4.85,0,0,0,0,0,19-DEC-2017,
OPTSTK,SRTRANSFIN,28-Dec-2017,780,PE,0,0,0,6.45,0,0,0,0,0,19-DEC-2017,
OPTSTK,SRTRANSFIN,28-Dec-2017,800,PE,0,0,0,8.45,0,0,0,0,0,19-DEC-2017,
OPTSTK,SRTRANSFIN,28-Dec-2017,820,PE,0,0,0,10.85,0,0,0,0,0,19-DEC-2017,
OPTSTK,SRTRANSFIN,28-Dec-2017,840,PE,0,0,0,13.7,0,0,0,0,0,19-DEC-2017,
OPTSTK,SRTRANSFIN,28-Dec-2017,860,PE,0,0,0,17.05,0,0,0,0,0,19-DEC-2017,
OPTSTK,SRTRANSFIN,28-Dec-2017,880,PE,0,0,0,21,0,0,0,0,0,19-DEC-2017,
OPTSTK,SRTRANSFIN,28-Dec-2017,900,PE,0,0,0,25.55,0,0,0,0,0,19-DEC-2017,
OPTSTK,SRTRANSFIN,28-Dec-2017,920,PE,0,0,0,30.75,0,0,0,0,0,19-DEC-2017,
OPTSTK,SRTRANSFIN,28-Dec-2017,940,PE,0,0,0,36.55,0,0,0,0,0,19-DEC-2017,
OPTSTK,SRTRANSFIN,28-Dec-2017,960,PE,0,0,0,43,0,0,0,0,0,19-DEC-2017,
OPTSTK,SRTRANSFIN,28-Dec-2017,980,PE,0,0,0,50.2,0,0,0,0,0,19-DEC-2017,
OPTSTK,SRTRANSFIN,28-Dec-2017,1000,PE,0,0,0,58.1,0,0,0,0,0,19-DEC-2017,
OPTSTK,SRTRANSFIN,28-Dec-2017,1020,PE,0,0,0,66.7,0,0,0,0,0,19-DEC-2017,
OPTSTK,SRTRANSFIN,28-Dec-2017,1040,PE,0,0,0,76,0,0,0,0,0,19-DEC-2017,
OPTSTK,SRTRANSFIN,28-Dec-2017,1060,PE,0,0,0,86,0,0,0,0,0,19-DEC-2017,
OPTSTK,SRTRANSFIN,28-Dec-2017,1080,PE,0,0,0,96.65,0,0,0,0,0,19-DEC-2017,
OPTSTK,SRTRANSFIN,28-Dec-2017,1100,PE,0,0,0,108,0,0,0,0,0,19-DEC-2017,
OPTSTK,SRTRANSFIN,28-Dec-2017,1120,PE,0,0,0,119.95,0,0,0,0,0,19-DEC-2017,
OPTSTK,SRTRANSFIN,28-Dec-2017,1140,PE,0,0,0,132.55,0.05,0,0,0,0,19-DEC-2017,
OPTSTK,SRTRANSFIN,28-Dec-2017,1160,PE,0,0,0,145.7,0.05,0,0,0,0,19-DEC-2017,
OPTSTK,SRTRANSFIN,28-Dec-2017,1180,PE,0,0,0,159.4,0.05,0,0,0,0,19-DEC-2017,
OPTSTK,SRTRANSFIN,28-Dec-2017,1200,PE,0.5,0.5,0.5,0.5,0.5,1,7.2,3000,-600,19-DEC-2017,
OPTSTK,SRTRANSFIN,28-Dec-2017,1220,PE,0,0,0,188.4,0.2,0,0,0,0,19-DEC-2017,
OPTSTK,SRTRANSFIN,28-Dec-2017,1240,PE,0,0,0,1,0.35,0,0,1800,0,19-DEC-2017,
OPTSTK,SRTRANSFIN,28-Dec-2017,1260,PE,0,0,0,1.3,0.7,0,0,3000,0,19-DEC-2017,
OPTSTK,SRTRANSFIN,28-Dec-2017,1280,PE,0,0,0,4.65,1.25,0,0,4200,0,19-DEC-2017,
OPTSTK,SRTRANSFIN,28-Dec-2017,1300,PE,2.95,2.95,1.4,1.45,1.45,9,70.3,19200,-1200,19-DEC-2017,
OPTSTK,SRTRANSFIN,28-Dec-2017,1320,PE,3,3,1.7,1.7,1.7,2,15.86,4200,0,19-DEC-2017,
OPTSTK,SRTRANSFIN,28-Dec-2017,1340,PE,4,4,2.55,3.5,3.5,6,48.36,6000,600,19-DEC-2017,
OPTSTK,SRTRANSFIN,28-Dec-2017,1360,PE,9.75,9.75,5,5.25,5.25,39,319.83,33000,15600,19-DEC-2017,
OPTSTK,SRTRANSFIN,28-Dec-2017,1380,PE,10.85,10.85,6.4,7.1,7.1,12,99.97,8400,0,19-DEC-2017,
OPTSTK,SRTRANSFIN,28-Dec-2017,1400,PE,23,23,9,9.85,9.85,40,339.42,21600,12600,19-DEC-2017,
OPTSTK,SRTRANSFIN,28-Dec-2017,1420,PE,32.6,32.6,14,14.9,14.9,20,173,9000,8400,19-DEC-2017,
OPTSTK,SRTRANSFIN,28-Dec-2017,1440,PE,26.1,26.1,20.3,21.9,21.9,17,149.21,7800,7800,19-DEC-2017,
OPTSTK,SRTRANSFIN,28-Dec-2017,1460,PE,0,0,0,392.5,42.1,0,0,0,0,19-DEC-2017,
OPTSTK,SRTRANSFIN,28-Dec-2017,1480,PE,0,0,0,382.25,53.35,0,0,0,0,19-DEC-2017,
OPTSTK,SRTRANSFIN,28-Dec-2017,1500,PE,0,0,0,383.7,66,0,0,0,0,19-DEC-2017,
OPTSTK,SRTRANSFIN,28-Dec-2017,1520,PE,0,0,0,392.65,80.1,0,0,0,0,19-DEC-2017,
OPTSTK,SRTRANSFIN,28-Dec-2017,1540,PE,0,0,0,367.35,95.4,0,0,0,0,19-DEC-2017,
OPTSTK,SRTRANSFIN,28-Dec-2017,1560,PE,0,0,0,386.6,111.7,0,0,0,0,19-DEC-2017,
OPTSTK,SRTRANSFIN,28-Dec-2017,1580,PE,0,0,0,385.15,128.9,0,0,0,0,19-DEC-2017,
OPTSTK,SRTRANSFIN,28-Dec-2017,1600,PE,0,0,0,389.05,146.85,0,0,0,0,19-DEC-2017,
OPTSTK,SRTRANSFIN,28-Dec-2017,1620,PE,0,0,0,327.35,165.3,0,0,0,0,19-DEC-2017,
OPTSTK,SRTRANSFIN,28-Dec-2017,1640,PE,0,0,0,344.6,184.25,0,0,0,0,19-DEC-2017,
OPTSTK,SRTRANSFIN,28-Dec-2017,1660,PE,0,0,0,362.1,203.5,0,0,0,0,19-DEC-2017,
OPTSTK,SRTRANSFIN,25-Jan-2018,720,CE,0,0,0,410.3,740.05,0,0,0,0,19-DEC-2017,
OPTSTK,SRTRANSFIN,25-Jan-2018,740,CE,0,0,0,390.75,720.2,0,0,0,0,19-DEC-2017,
OPTSTK,SRTRANSFIN,25-Jan-2018,760,CE,0,0,0,371.25,700.3,0,0,0,0,19-DEC-2017,
OPTSTK,SRTRANSFIN,25-Jan-2018,780,CE,0,0,0,351.85,680.45,0,0,0,0,19-DEC-2017,
OPTSTK,SRTRANSFIN,25-Jan-2018,800,CE,0,0,0,332.55,660.6,0,0,0,0,19-DEC-2017,
OPTSTK,SRTRANSFIN,25-Jan-2018,820,CE,0,0,0,313.45,640.7,0,0,0,0,19-DEC-2017,
OPTSTK,SRTRANSFIN,25-Jan-2018,840,CE,0,0,0,294.6,620.85,0,0,0,0,19-DEC-2017,
OPTSTK,SRTRANSFIN,25-Jan-2018,860,CE,0,0,0,275.95,600.95,0,0,0,0,19-DEC-2017,
OPTSTK,SRTRANSFIN,25-Jan-2018,880,CE,0,0,0,257.65,581.1,0,0,0,0,19-DEC-2017,
OPTSTK,SRTRANSFIN,25-Jan-2018,900,CE,0,0,0,239.75,561.25,0,0,0,0,19-DEC-2017,
OPTSTK,SRTRANSFIN,25-Jan-2018,920,CE,0,0,0,222.3,541.4,0,0,0,0,19-DEC-2017,
OPTSTK,SRTRANSFIN,25-Jan-2018,940,CE,0,0,0,205.35,521.55,0,0,0,0,19-DEC-2017,
OPTSTK,SRTRANSFIN,25-Jan-2018,960,CE,0,0,0,189,501.7,0,0,0,0,19-DEC-2017,
OPTSTK,SRTRANSFIN,25-Jan-2018,980,CE,0,0,0,173.25,481.85,0,0,0,0,19-DEC-2017,
OPTSTK,SRTRANSFIN,25-Jan-2018,1000,CE,0,0,0,158.25,462.05,0,0,0,0,19-DEC-2017,
OPTSTK,SRTRANSFIN,25-Jan-2018,1020,CE,0,0,0,143.95,442.3,0,0,0,0,19-DEC-2017,
OPTSTK,SRTRANSFIN,25-Jan-2018,1040,CE,0,0,0,130.35,422.6,0,0,0,0,19-DEC-2017,
OPTSTK,SRTRANSFIN,25-Jan-2018,1060,CE,0,0,0,117.6,403,0,0,0,0,19-DEC-2017,
OPTSTK,SRTRANSFIN,25-Jan-2018,1080,CE,0,0,0,105.7,383.45,0,0,0,0,19-DEC-2017,
OPTSTK,SRTRANSFIN,25-Jan-2018,1100,CE,0,0,0,94.6,364.05,0,0,0,0,19-DEC-2017,
OPTSTK,SRTRANSFIN,25-Jan-2018,1120,CE,0,0,0,84.35,344.75,0,0,0,0,19-DEC-2017,
OPTSTK,SRTRANSFIN,25-Jan-2018,1140,CE,0,0,0,74.9,325.7,0,0,0,0,19-DEC-2017,
OPTSTK,SRTRANSFIN,25-Jan-2018,1160,CE,0,0,0,66.3,306.9,0,0,0,0,19-DEC-2017,
OPTSTK,SRTRANSFIN,25-Jan-2018,1180,CE,0,0,0,58.4,288.35,0,0,0,0,19-DEC-2017,
OPTSTK,SRTRANSFIN,25-Jan-2018,1200,CE,0,0,0,51.3,270.15,0,0,0,0,19-DEC-2017,
OPTSTK,SRTRANSFIN,25-Jan-2018,1220,CE,0,0,0,44.85,252.3,0,0,0,0,19-DEC-2017,
OPTSTK,SRTRANSFIN,25-Jan-2018,1240,CE,0,0,0,39.1,234.9,0,0,0,0,19-DEC-2017,
OPTSTK,SRTRANSFIN,25-Jan-2018,1260,CE,0,0,0,34,218,0,0,0,0,19-DEC-2017,
OPTSTK,SRTRANSFIN,25-Jan-2018,1280,CE,0,0,0,29.45,201.65,0,0,0,0,19-DEC-2017,
OPTSTK,SRTRANSFIN,25-Jan-2018,1300,CE,0,0,0,25.4,185.9,0,0,0,0,19-DEC-2017,
OPTSTK,SRTRANSFIN,25-Jan-2018,1320,CE,0,0,0,21.85,170.8,0,0,0,0,19-DEC-2017,
OPTSTK,SRTRANSFIN,25-Jan-2018,1340,CE,0,0,0,18.75,156.3,0,0,0,0,19-DEC-2017,
OPTSTK,SRTRANSFIN,25-Jan-2018,1360,CE,0,0,0,16,142.5,0,0,0,0,19-DEC-2017,
OPTSTK,SRTRANSFIN,25-Jan-2018,1380,CE,0,0,0,13.65,129.5,0,0,0,0,19-DEC-2017,
OPTSTK,SRTRANSFIN,25-Jan-2018,1400,CE,0,0,0,11.6,117.25,0,0,0,0,19-DEC-2017,
OPTSTK,SRTRANSFIN,25-Jan-2018,1420,CE,0,0,0,9.85,105.8,0,0,0,0,19-DEC-2017,
OPTSTK,SRTRANSFIN,25-Jan-2018,1440,CE,0,0,0,8.3,95.05,0,0,0,0,19-DEC-2017,
OPTSTK,SRTRANSFIN,25-Jan-2018,1460,CE,0,0,0,7,85.15,0,0,0,0,19-DEC-2017,
OPTSTK,SRTRANSFIN,25-Jan-2018,1480,CE,0,0,0,33.95,75.95,0,0,600,0,19-DEC-2017,
OPTSTK,SRTRANSFIN,25-Jan-2018,1500,CE,0,0,0,4.95,67.5,0,0,0,0,19-DEC-2017,
OPTSTK,SRTRANSFIN,25-Jan-2018,1520,CE,37.2,37.2,37.2,37.2,37.2,1,9.34,600,600,19-DEC-2017,
OPTSTK,SRTRANSFIN,25-Jan-2018,1540,CE,0,0,0,7.7,52.8,0,0,0,0,19-DEC-2017,
OPTSTK,SRTRANSFIN,25-Jan-2018,1560,CE,0,0,0,6.6,46.4,0,0,0,0,19-DEC-2017,
OPTSTK,SRTRANSFIN,25-Jan-2018,1580,CE,0,0,0,6.9,40.65,0,0,0,0,19-DEC-2017,
OPTSTK,SRTRANSFIN,25-Jan-2018,1600,CE,0,0,0,6.7,35.6,0,0,0,0,19-DEC-2017,
OPTSTK,SRTRANSFIN,25-Jan-2018,1620,CE,0,0,0,44.25,31,0,0,0,0,19-DEC-2017,
OPTSTK,SRTRANSFIN,25-Jan-2018,1640,CE,0,0,0,40.85,26.85,0,0,0,0,19-DEC-2017,
OPTSTK,SRTRANSFIN,25-Jan-2018,1660,CE,0,0,0,37.75,23.25,0,0,0,0,19-DEC-2017,
OPTSTK,SRTRANSFIN,25-Jan-2018,720,PE,0,0,0,0.2,0,0,0,0,0,19-DEC-2017,
OPTSTK,SRTRANSFIN,25-Jan-2018,740,PE,0,0,0,0.35,0,0,0,0,0,19-DEC-2017,
OPTSTK,SRTRANSFIN,25-Jan-2018,760,PE,0,0,0,0.5,0,0,0,0,0,19-DEC-2017,
OPTSTK,SRTRANSFIN,25-Jan-2018,780,PE,0,0,0,0.8,0,0,0,0,0,19-DEC-2017,
OPTSTK,SRTRANSFIN,25-Jan-2018,800,PE,0,0,0,1.2,0,0,0,0,0,19-DEC-2017,
OPTSTK,SRTRANSFIN,25-Jan-2018,820,PE,0,0,0,1.8,0,0,0,0,0,19-DEC-2017,
OPTSTK,SRTRANSFIN,25-Jan-2018,840,PE,0,0,0,2.6,0,0,0,0,0,19-DEC-2017,
OPTSTK,SRTRANSFIN,25-Jan-2018,860,PE,0,0,0,3.65,0,0,0,0,0,19-DEC-2017,
OPTSTK,SRTRANSFIN,25-Jan-2018,880,PE,0,0,0,5.05,0.05,0,0,0,0,19-DEC-2017,
OPTSTK,SRTRANSFIN,25-Jan-2018,900,PE,0,0,0,6.85,0.05,0,0,0,0,19-DEC-2017,
OPTSTK,SRTRANSFIN,25-Jan-2018,920,PE,0,0,0,9.05,0.05,0,0,0,0,19-DEC-2017,
OPTSTK,SRTRANSFIN,25-Jan-2018,940,PE,0,0,0,11.8,0.05,0,0,0,0,19-DEC-2017,
OPTSTK,SRTRANSFIN,25-Jan-2018,960,PE,0,0,0,15.15,0.1,0,0,0,0,19-DEC-2017,
OPTSTK,SRTRANSFIN,25-Jan-2018,980,PE,0,0,0,19.1,0.15,0,0,0,0,19-DEC-2017,
OPTSTK,SRTRANSFIN,25-Jan-2018,1000,PE,0,0,0,23.8,0.2,0,0,0,0,19-DEC-2017,
OPTSTK,SRTRANSFIN,25-Jan-2018,1020,PE,0,0,0,29.15,0.35,0,0,0,0,19-DEC-2017,
OPTSTK,SRTRANSFIN,25-Jan-2018,1040,PE,0,0,0,35.25,0.5,0,0,0,0,19-DEC-2017,
OPTSTK,SRTRANSFIN,25-Jan-2018,1060,PE,0,0,0,42.2,0.75,0,0,0,0,19-DEC-2017,
OPTSTK,SRTRANSFIN,25-Jan-2018,1080,PE,0,0,0,49.95,1.05,0,0,0,0,19-DEC-2017,
OPTSTK,SRTRANSFIN,25-Jan-2018,1100,PE,0,0,0,58.55,1.5,0,0,0,0,19-DEC-2017,
OPTSTK,SRTRANSFIN,25-Jan-2018,1120,PE,0,0,0,68,2.15,0,0,0,0,19-DEC-2017,
OPTSTK,SRTRANSFIN,25-Jan-2018,1140,PE,0,0,0,78.25,2.95,0,0,0,0,19-DEC-2017,
OPTSTK,SRTRANSFIN,25-Jan-2018,1160,PE,0,0,0,89.3,4,0,0,0,0,19-DEC-2017,
OPTSTK,SRTRANSFIN,25-Jan-2018,1180,PE,0,0,0,101.1,5.3,0,0,0,0,19-DEC-2017,
OPTSTK,SRTRANSFIN,25-Jan-2018,1200,PE,0,0,0,113.65,6.95,0,0,0,0,19-DEC-2017,
OPTSTK,SRTRANSFIN,25-Jan-2018,1220,PE,0,0,0,126.95,9,0,0,0,0,19-DEC-2017,
OPTSTK,SRTRANSFIN,25-Jan-2018,1240,PE,0,0,0,140.85,11.5,0,0,0,0,19-DEC-2017,
OPTSTK,SRTRANSFIN,25-Jan-2018,1260,PE,0,0,0,155.45,14.45,0,0,0,0,19-DEC-2017,
OPTSTK,SRTRANSFIN,25-Jan-2018,1280,PE,0,0,0,170.6,17.95,0,0,0,0,19-DEC-2017,
OPTSTK,SRTRANSFIN,25-Jan-2018,1300,PE,0,0,0,186.2,22.05,0,0,0,0,19-DEC-2017,
OPTSTK,SRTRANSFIN,25-Jan-2018,1320,PE,16.15,16.15,16.15,16.15,16.15,1,8.01,600,600,19-DEC-2017,
OPTSTK,SRTRANSFIN,25-Jan-2018,1340,PE,0,0,0,218.9,32.25,0,0,0,0,19-DEC-2017,
OPTSTK,SRTRANSFIN,25-Jan-2018,1360,PE,0,0,0,235.9,38.3,0,0,0,0,19-DEC-2017,
OPTSTK,SRTRANSFIN,25-Jan-2018,1380,PE,0,0,0,253.2,45.2,0,0,0,0,19-DEC-2017,
OPTSTK,SRTRANSFIN,25-Jan-2018,1400,PE,0,0,0,270.85,52.8,0,0,0,0,19-DEC-2017,
OPTSTK,SRTRANSFIN,25-Jan-2018,1420,PE,0,0,0,288.75,61.2,0,0,0,0,19-DEC-2017,
OPTSTK,SRTRANSFIN,25-Jan-2018,1440,PE,0,0,0,306.95,70.35,0,0,0,0,19-DEC-2017,
OPTSTK,SRTRANSFIN,25-Jan-2018,1460,PE,0,0,0,325.3,80.3,0,0,0,0,19-DEC-2017,
OPTSTK,SRTRANSFIN,25-Jan-2018,1480,PE,0,0,0,343.9,90.95,0,0,0,0,19-DEC-2017,
OPTSTK,SRTRANSFIN,25-Jan-2018,1500,PE,0,0,0,362.6,102.4,0,0,0,0,19-DEC-2017,
OPTSTK,SRTRANSFIN,25-Jan-2018,1520,PE,0,0,0,381.5,114.55,0,0,0,0,19-DEC-2017,
OPTSTK,SRTRANSFIN,25-Jan-2018,1540,PE,0,0,0,364.8,127.4,0,0,0,0,19-DEC-2017,
OPTSTK,SRTRANSFIN,25-Jan-2018,1560,PE,0,0,0,383.4,140.9,0,0,0,0,19-DEC-2017,
OPTSTK,SRTRANSFIN,25-Jan-2018,1580,PE,0,0,0,382.05,155.05,0,0,0,0,19-DEC-2017,
OPTSTK,SRTRANSFIN,25-Jan-2018,1600,PE,0,0,0,385.8,169.85,0,0,0,0,19-DEC-2017,
OPTSTK,SRTRANSFIN,25-Jan-2018,1620,PE,0,0,0,338.7,185.1,0,0,0,0,19-DEC-2017,
OPTSTK,SRTRANSFIN,25-Jan-2018,1640,PE,0,0,0,355.05,200.85,0,0,0,0,19-DEC-2017,
OPTSTK,SRTRANSFIN,25-Jan-2018,1660,PE,0,0,0,371.65,217.1,0,0,0,0,19-DEC-2017,
OPTSTK,SRTRANSFIN,22-Feb-2018,920,CE,0,0,0,425.4,546.3,0,0,0,0,19-DEC-2017,
OPTSTK,SRTRANSFIN,22-Feb-2018,940,CE,0,0,0,406.9,526.75,0,0,0,0,19-DEC-2017,
OPTSTK,SRTRANSFIN,22-Feb-2018,960,CE,0,0,0,388.65,507.25,0,0,0,0,19-DEC-2017,
OPTSTK,SRTRANSFIN,22-Feb-2018,980,CE,0,0,0,370.7,487.8,0,0,0,0,19-DEC-2017,
OPTSTK,SRTRANSFIN,22-Feb-2018,1000,CE,0,0,0,353,468.5,0,0,0,0,19-DEC-2017,
OPTSTK,SRTRANSFIN,22-Feb-2018,1020,CE,0,0,0,335.65,449.3,0,0,0,0,19-DEC-2017,
OPTSTK,SRTRANSFIN,22-Feb-2018,1040,CE,0,0,0,318.7,430.25,0,0,0,0,19-DEC-2017,
OPTSTK,SRTRANSFIN,22-Feb-2018,1060,CE,0,0,0,302.1,411.35,0,0,0,0,19-DEC-2017,
OPTSTK,SRTRANSFIN,22-Feb-2018,1080,CE,0,0,0,285.9,392.7,0,0,0,0,19-DEC-2017,
OPTSTK,SRTRANSFIN,22-Feb-2018,1100,CE,0,0,0,270.2,374.3,0,0,0,0,19-DEC-2017,
OPTSTK,SRTRANSFIN,22-Feb-2018,1120,CE,0,0,0,254.9,356.1,0,0,0,0,19-DEC-2017,
OPTSTK,SRTRANSFIN,22-Feb-2018,1140,CE,0,0,0,240.2,338.25,0,0,0,0,19-DEC-2017,
OPTSTK,SRTRANSFIN,22-Feb-2018,1160,CE,0,0,0,225.9,320.7,0,0,0,0,19-DEC-2017,
OPTSTK,SRTRANSFIN,22-Feb-2018,1180,CE,0,0,0,212.1,303.55,0,0,0,0,19-DEC-2017,
OPTSTK,SRTRANSFIN,22-Feb-2018,1200,CE,0,0,0,198.85,286.8,0,0,0,0,19-DEC-2017,
OPTSTK,SRTRANSFIN,22-Feb-2018,1220,CE,0,0,0,186.15,270.45,0,0,0,0,19-DEC-2017,
OPTSTK,SRTRANSFIN,22-Feb-2018,1240,CE,0,0,0,174,254.55,0,0,0,0,19-DEC-2017,
OPTSTK,SRTRANSFIN,22-Feb-2018,1260,CE,0,0,0,162.4,239.15,0,0,0,0,19-DEC-2017,
OPTSTK,SRTRANSFIN,22-Feb-2018,1280,CE,0,0,0,151.35,224.3,0,0,0,0,19-DEC-2017,
OPTSTK,SRTRANSFIN,22-Feb-2018,1300,CE,0,0,0,140.85,209.9,0,0,0,0,19-DEC-2017,
OPTSTK,SRTRANSFIN,22-Feb-2018,1320,CE,0,0,0,130.9,196.05,0,0,0,0,19-DEC-2017,
OPTSTK,SRTRANSFIN,22-Feb-2018,1340,CE,0,0,0,121.5,182.75,0,0,0,0,19-DEC-2017,
OPTSTK,SRTRANSFIN,22-Feb-2018,1360,CE,0,0,0,112.55,170.05,0,0,0,0,19-DEC-2017,
OPTSTK,SRTRANSFIN,22-Feb-2018,1380,CE,0,0,0,104.2,157.95,0,0,0,0,19-DEC-2017,
OPTSTK,SRTRANSFIN,22-Feb-2018,1400,CE,0,0,0,96.3,146.4,0,0,0,0,19-DEC-2017,
OPTSTK,SRTRANSFIN,22-Feb-2018,1420,CE,0,0,0,88.85,135.45,0,0,0,0,19-DEC-2017,
OPTSTK,SRTRANSFIN,22-Feb-2018,1440,CE,0,0,0,81.9,125.1,0,0,0,0,19-DEC-2017,
OPTSTK,SRTRANSFIN,22-Feb-2018,1460,CE,0,0,0,75.4,115.35,0,0,0,0,19-DEC-2017,
OPTSTK,SRTRANSFIN,22-Feb-2018,1480,CE,0,0,0,69.35,106.15,0,0,0,0,19-DEC-2017,
OPTSTK,SRTRANSFIN,22-Feb-2018,1500,CE,0,0,0,63.7,97.5,0,0,0,0,19-DEC-2017,
OPTSTK,SRTRANSFIN,22-Feb-2018,1520,CE,0,0,0,58.45,89.4,0,0,0,0,19-DEC-2017,
OPTSTK,SRTRANSFIN,22-Feb-2018,1540,CE,0,0,0,53.6,81.85,0,0,0,0,19-DEC-2017,
OPTSTK,SRTRANSFIN,22-Feb-2018,1560,CE,0,0,0,49.1,74.8,0,0,0,0,19-DEC-2017,
OPTSTK,SRTRANSFIN,22-Feb-2018,1580,CE,0,0,0,44.9,68.2,0,0,0,0,19-DEC-2017,
OPTSTK,SRTRANSFIN,22-Feb-2018,1600,CE,0,0,0,41.05,62.15,0,0,0,0,19-DEC-2017,
OPTSTK,SRTRANSFIN,22-Feb-2018,1620,CE,0,0,0,37.4,56.5,0,0,0,0,19-DEC-2017,
OPTSTK,SRTRANSFIN,22-Feb-2018,1640,CE,0,0,0,34.1,51.35,0,0,0,0,19-DEC-2017,
OPTSTK,SRTRANSFIN,22-Feb-2018,1660,CE,0,0,0,31.1,46.55,0,0,0,0,19-DEC-2017,
OPTSTK,SRTRANSFIN,22-Feb-2018,920,PE,0,0,0,4.45,0.5,0,0,0,0,19-DEC-2017,
OPTSTK,SRTRANSFIN,22-Feb-2018,940,PE,0,0,0,5.65,0.65,0,0,0,0,19-DEC-2017,
OPTSTK,SRTRANSFIN,22-Feb-2018,960,PE,0,0,0,7.1,0.95,0,0,0,0,19-DEC-2017,
OPTSTK,SRTRANSFIN,22-Feb-2018,980,PE,0,0,0,8.85,1.3,0,0,0,0,19-DEC-2017,
OPTSTK,SRTRANSFIN,22-Feb-2018,1000,PE,0,0,0,10.9,1.75,0,0,0,0,19-DEC-2017,
OPTSTK,SRTRANSFIN,22-Feb-2018,1020,PE,0,0,0,13.25,2.3,0,0,0,0,19-DEC-2017,
OPTSTK,SRTRANSFIN,22-Feb-2018,1040,PE,0,0,0,15.95,3.05,0,0,0,0,19-DEC-2017,
OPTSTK,SRTRANSFIN,22-Feb-2018,1060,PE,0,0,0,19.1,3.95,0,0,0,0,19-DEC-2017,
OPTSTK,SRTRANSFIN,22-Feb-2018,1080,PE,0,0,0,22.65,5.05,0,0,0,0,19-DEC-2017,
OPTSTK,SRTRANSFIN,22-Feb-2018,1100,PE,0,0,0,26.6,6.4,0,0,0,0,19-DEC-2017,
OPTSTK,SRTRANSFIN,22-Feb-2018,1120,PE,0,0,0,31.05,8,0,0,0,0,19-DEC-2017,
OPTSTK,SRTRANSFIN,22-Feb-2018,1140,PE,0,0,0,36,9.9,0,0,0,0,19-DEC-2017,
OPTSTK,SRTRANSFIN,22-Feb-2018,1160,PE,0,0,0,41.45,12.15,0,0,0,0,19-DEC-2017,
OPTSTK,SRTRANSFIN,22-Feb-2018,1180,PE,0,0,0,47.35,14.75,0,0,0,0,19-DEC-2017,
OPTSTK,SRTRANSFIN,22-Feb-2018,1200,PE,0,0,0,53.8,17.75,0,0,0,0,19-DEC-2017,
OPTSTK,SRTRANSFIN,22-Feb-2018,1220,PE,0,0,0,60.8,21.2,0,0,0,0,19-DEC-2017,
OPTSTK,SRTRANSFIN,22-Feb-2018,1240,PE,0,0,0,68.4,25.05,0,0,0,0,19-DEC-2017,
OPTSTK,SRTRANSFIN,22-Feb-2018,1260,PE,0,0,0,76.5,29.4,0,0,0,0,19-DEC-2017,
OPTSTK,SRTRANSFIN,22-Feb-2018,1280,PE,0,0,0,85.15,34.35,0,0,0,0,19-DEC-2017,
OPTSTK,SRTRANSFIN,22-Feb-2018,1300,PE,0,0,0,94.35,39.7,0,0,0,0,19-DEC-2017,
OPTSTK,SRTRANSFIN,22-Feb-2018,1320,PE,0,0,0,104.1,45.65,0,0,0,0,19-DEC-2017,
OPTSTK,SRTRANSFIN,22-Feb-2018,1340,PE,0,0,0,114.4,52.1,0,0,0,0,19-DEC-2017,
OPTSTK,SRTRANSFIN,22-Feb-2018,1360,PE,0,0,0,125.2,59.2,0,0,0,0,19-DEC-2017,
OPTSTK,SRTRANSFIN,22-Feb-2018,1380,PE,0,0,0,136.5,66.85,0,0,0,0,19-DEC-2017,
OPTSTK,SRTRANSFIN,22-Feb-2018,1400,PE,0,0,0,148.35,75.1,0,0,0,0,19-DEC-2017,
OPTSTK,SRTRANSFIN,22-Feb-2018,1420,PE,0,0,0,160.6,83.95,0,0,0,0,19-DEC-2017,
OPTSTK,SRTRANSFIN,22-Feb-2018,1440,PE,0,0,0,173.4,93.35,0,0,0,0,19-DEC-2017,
OPTSTK,SRTRANSFIN,22-Feb-2018,1460,PE,0,0,0,186.6,103.35,0,0,0,0,19-DEC-2017,
OPTSTK,SRTRANSFIN,22-Feb-2018,1480,PE,0,0,0,200.25,113.9,0,0,0,0,19-DEC-2017,
OPTSTK,SRTRANSFIN,22-Feb-2018,1500,PE,0,0,0,214.3,125.05,0,0,0,0,19-DEC-2017,
OPTSTK,SRTRANSFIN,22-Feb-2018,1520,PE,0,0,0,228.75,136.7,0,0,0,0,19-DEC-2017,
OPTSTK,SRTRANSFIN,22-Feb-2018,1540,PE,0,0,0,243.6,148.95,0,0,0,0,19-DEC-2017,
OPTSTK,SRTRANSFIN,22-Feb-2018,1560,PE,0,0,0,258.8,161.65,0,0,0,0,19-DEC-2017,
OPTSTK,SRTRANSFIN,22-Feb-2018,1580,PE,0,0,0,274.35,174.85,0,0,0,0,19-DEC-2017,
OPTSTK,SRTRANSFIN,22-Feb-2018,1600,PE,0,0,0,290.2,188.55,0,0,0,0,19-DEC-2017,
OPTSTK,SRTRANSFIN,22-Feb-2018,1620,PE,0,0,0,306.25,202.65,0,0,0,0,19-DEC-2017,
OPTSTK,SRTRANSFIN,22-Feb-2018,1640,PE,0,0,0,322.65,217.3,0,0,0,0,19-DEC-2017,
OPTSTK,SRTRANSFIN,22-Feb-2018,1660,PE,0,0,0,339.35,232.3,0,0,0,0,19-DEC-2017,
OPTSTK,STAR,28-Dec-2017,560,CE,0,0,0,335.15,235.8,0,0,0,0,19-DEC-2017,
OPTSTK,STAR,28-Dec-2017,580,CE,0,0,0,315.9,215.8,0,0,0,0,19-DEC-2017,
OPTSTK,STAR,28-Dec-2017,600,CE,0,0,0,296.8,195.85,0,0,0,0,19-DEC-2017,
OPTSTK,STAR,28-Dec-2017,620,CE,0,0,0,278,175.9,0,0,0,0,19-DEC-2017,
OPTSTK,STAR,28-Dec-2017,640,CE,0,0,0,259.5,155.9,0,0,0,0,19-DEC-2017,
OPTSTK,STAR,28-Dec-2017,660,CE,0,0,0,241.4,135.95,0,0,0,0,19-DEC-2017,
OPTSTK,STAR,28-Dec-2017,680,CE,0,0,0,223.75,116,0,0,0,0,19-DEC-2017,
OPTSTK,STAR,28-Dec-2017,700,CE,0,0,0,206.6,96,0,0,0,0,19-DEC-2017,
OPTSTK,STAR,28-Dec-2017,720,CE,0,0,0,190.05,76.15,0,0,0,0,19-DEC-2017,
OPTSTK,STAR,28-Dec-2017,740,CE,0,0,0,76,56.65,0,0,500,0,19-DEC-2017,
OPTSTK,STAR,28-Dec-2017,760,CE,0,0,0,159,38.45,0,0,0,0,19-DEC-2017,
OPTSTK,STAR,28-Dec-2017,780,CE,26,26,26,26,26,1,4.03,2000,0,19-DEC-2017,
OPTSTK,STAR,28-Dec-2017,800,CE,14,16.15,13.25,15.95,15.95,44,179.27,27000,-6500,19-DEC-2017,
OPTSTK,STAR,28-Dec-2017,820,CE,8.7,8.8,6.9,7.8,7.8,64,264.87,64500,-14000,19-DEC-2017,
OPTSTK,STAR,28-Dec-2017,840,CE,3.6,4.9,3.25,4.9,4.9,7,29.54,57500,-2500,19-DEC-2017,
OPTSTK,STAR,28-Dec-2017,860,CE,3,3,1.55,1.6,1.6,10,43.1,35000,1500,19-DEC-2017,
OPTSTK,STAR,28-Dec-2017,880,CE,1.45,1.45,0.65,0.7,0.7,4,17.61,48000,-1000,19-DEC-2017,
OPTSTK,STAR,28-Dec-2017,900,CE,0.6,0.6,0.6,0.6,0.6,1,4.5,25500,0,19-DEC-2017,
OPTSTK,STAR,28-Dec-2017,920,CE,0,0,0,66.95,0,0,0,0,0,19-DEC-2017,
OPTSTK,STAR,28-Dec-2017,940,CE,0,0,0,8,0,0,0,2000,0,19-DEC-2017,
OPTSTK,STAR,28-Dec-2017,960,CE,0,0,0,52.05,0,0,0,0,0,19-DEC-2017,
OPTSTK,STAR,28-Dec-2017,980,CE,0,0,0,45.7,0,0,0,0,0,19-DEC-2017,
OPTSTK,STAR,28-Dec-2017,1000,CE,0,0,0,4.65,0,0,0,500,0,19-DEC-2017,
OPTSTK,STAR,28-Dec-2017,1020,CE,0,0,0,34.9,0,0,0,0,0,19-DEC-2017,
OPTSTK,STAR,28-Dec-2017,1040,CE,0,0,0,30.4,0,0,0,0,0,19-DEC-2017,
OPTSTK,STAR,28-Dec-2017,1060,CE,0,0,0,26.4,0,0,0,0,0,19-DEC-2017,
OPTSTK,STAR,28-Dec-2017,1080,CE,0,0,0,22.8,0,0,0,0,0,19-DEC-2017,
OPTSTK,STAR,28-Dec-2017,1100,CE,0,0,0,19.7,0,0,0,0,0,19-DEC-2017,
OPTSTK,STAR,28-Dec-2017,1120,CE,0,0,0,16.95,0,0,0,0,0,19-DEC-2017,
OPTSTK,STAR,28-Dec-2017,1140,CE,0,0,0,14.6,0,0,0,0,0,19-DEC-2017,
OPTSTK,STAR,28-Dec-2017,1160,CE,0,0,0,12.5,0,0,0,0,0,19-DEC-2017,
OPTSTK,STAR,28-Dec-2017,1180,CE,0,0,0,10.7,0,0,0,0,0,19-DEC-2017,
OPTSTK,STAR,28-Dec-2017,1200,CE,0,0,0,9.15,0,0,0,0,0,19-DEC-2017,
OPTSTK,STAR,28-Dec-2017,1220,CE,0,0,0,7.8,0,0,0,0,0,19-DEC-2017,
OPTSTK,STAR,28-Dec-2017,1240,CE,0,0,0,6.6,0,0,0,0,0,19-DEC-2017,
OPTSTK,STAR,28-Dec-2017,1260,CE,0,0,0,5.65,0,0,0,0,0,19-DEC-2017,
OPTSTK,STAR,28-Dec-2017,1280,CE,0,0,0,4.75,0,0,0,0,0,19-DEC-2017,
OPTSTK,STAR,28-Dec-2017,560,PE,0,0,0,0.75,0,0,0,0,0,19-DEC-2017,
OPTSTK,STAR,28-Dec-2017,580,PE,0,0,0,1.15,0,0,0,0,0,19-DEC-2017,
OPTSTK,STAR,28-Dec-2017,600,PE,0,0,0,1.8,0,0,0,0,0,19-DEC-2017,
OPTSTK,STAR,28-Dec-2017,620,PE,0,0,0,2.65,0,0,0,0,0,19-DEC-2017,
OPTSTK,STAR,28-Dec-2017,640,PE,0,0,0,3.85,0,0,0,0,0,19-DEC-2017,
OPTSTK,STAR,28-Dec-2017,660,PE,0,0,0,5.45,0,0,0,0,0,19-DEC-2017,
OPTSTK,STAR,28-Dec-2017,680,PE,0,0,0,7.45,0,0,0,0,0,19-DEC-2017,
OPTSTK,STAR,28-Dec-2017,700,PE,0,0,0,5.9,0.05,0,0,500,0,19-DEC-2017,
OPTSTK,STAR,28-Dec-2017,720,PE,0,0,0,8.25,0.1,0,0,500,0,19-DEC-2017,
OPTSTK,STAR,28-Dec-2017,740,PE,0,0,0,6,0.6,0,0,500,0,19-DEC-2017,
OPTSTK,STAR,28-Dec-2017,760,PE,3.05,3.05,3.05,3.05,3.05,1,3.81,7500,0,19-DEC-2017,
OPTSTK,STAR,28-Dec-2017,780,PE,9.35,9.35,9.35,9.35,9.35,1,3.94,11500,0,19-DEC-2017,
OPTSTK,STAR,28-Dec-2017,800,PE,18,18.7,16.4,16.9,16.9,6,24.51,24500,1500,19-DEC-2017,
OPTSTK,STAR,28-Dec-2017,820,PE,0,0,0,32,28.85,0,0,5000,0,19-DEC-2017,
OPTSTK,STAR,28-Dec-2017,840,PE,0,0,0,44.75,45.55,0,0,4500,0,19-DEC-2017,
OPTSTK,STAR,28-Dec-2017,860,PE,0,0,0,59,64.3,0,0,3500,0,19-DEC-2017,
OPTSTK,STAR,28-Dec-2017,880,PE,0,0,0,66.3,83.85,0,0,500,0,19-DEC-2017,
OPTSTK,STAR,28-Dec-2017,900,PE,0,0,0,100.95,103.75,0,0,8500,0,19-DEC-2017,
OPTSTK,STAR,28-Dec-2017,920,PE,0,0,0,105,123.7,0,0,500,0,19-DEC-2017,
OPTSTK,STAR,28-Dec-2017,940,PE,0,0,0,98.8,143.65,0,0,0,0,19-DEC-2017,
OPTSTK,STAR,28-Dec-2017,960,PE,0,0,0,111.4,163.65,0,0,0,0,19-DEC-2017,
OPTSTK,STAR,28-Dec-2017,980,PE,0,0,0,124.75,183.6,0,0,0,0,19-DEC-2017,
OPTSTK,STAR,28-Dec-2017,1000,PE,0,0,0,138.7,203.55,0,0,0,0,19-DEC-2017,
OPTSTK,STAR,28-Dec-2017,1020,PE,0,0,0,153.35,223.55,0,0,0,0,19-DEC-2017,
OPTSTK,STAR,28-Dec-2017,1040,PE,0,0,0,168.5,243.5,0,0,0,0,19-DEC-2017,
OPTSTK,STAR,28-Dec-2017,1060,PE,0,0,0,184.2,263.45,0,0,0,0,19-DEC-2017,
OPTSTK,STAR,28-Dec-2017,1080,PE,0,0,0,200.3,283.45,0,0,0,0,19-DEC-2017,
OPTSTK,STAR,28-Dec-2017,1100,PE,0,0,0,216.9,303.4,0,0,0,0,19-DEC-2017,
OPTSTK,STAR,28-Dec-2017,1120,PE,0,0,0,233.85,323.4,0,0,0,0,19-DEC-2017,
OPTSTK,STAR,28-Dec-2017,1140,PE,0,0,0,251.15,343.35,0,0,0,0,19-DEC-2017,
OPTSTK,STAR,28-Dec-2017,1160,PE,0,0,0,268.75,363.3,0,0,0,0,19-DEC-2017,
OPTSTK,STAR,28-Dec-2017,1180,PE,0,0,0,286.65,383.3,0,0,0,0,19-DEC-2017,
OPTSTK,STAR,28-Dec-2017,1200,PE,0,0,0,304.75,403.25,0,0,0,0,19-DEC-2017,
OPTSTK,STAR,28-Dec-2017,1220,PE,0,0,0,323.1,423.2,0,0,0,0,19-DEC-2017,
OPTSTK,STAR,28-Dec-2017,1240,PE,0,0,0,341.65,443.2,0,0,0,0,19-DEC-2017,
OPTSTK,STAR,28-Dec-2017,1260,PE,0,0,0,360.3,463.15,0,0,0,0,19-DEC-2017,
OPTSTK,STAR,28-Dec-2017,1280,PE,0,0,0,379.15,483.15,0,0,0,0,19-DEC-2017,
OPTSTK,STAR,25-Jan-2018,560,CE,0,0,0,284.15,238.55,0,0,0,0,19-DEC-2017,
OPTSTK,STAR,25-Jan-2018,580,CE,0,0,0,264.75,218.7,0,0,0,0,19-DEC-2017,
OPTSTK,STAR,25-Jan-2018,600,CE,0,0,0,245.5,198.85,0,0,0,0,19-DEC-2017,
OPTSTK,STAR,25-Jan-2018,620,CE,0,0,0,226.5,179,0,0,0,0,19-DEC-2017,
OPTSTK,STAR,25-Jan-2018,640,CE,0,0,0,207.85,159.2,0,0,0,0,19-DEC-2017,
OPTSTK,STAR,25-Jan-2018,660,CE,0,0,0,189.6,139.5,0,0,0,0,19-DEC-2017,
OPTSTK,STAR,25-Jan-2018,680,CE,0,0,0,171.9,120.1,0,0,0,0,19-DEC-2017,
OPTSTK,STAR,25-Jan-2018,700,CE,0,0,0,154.85,101.2,0,0,0,0,19-DEC-2017,
OPTSTK,STAR,25-Jan-2018,720,CE,0,0,0,138.6,83.15,0,0,0,0,19-DEC-2017,
OPTSTK,STAR,25-Jan-2018,740,CE,0,0,0,123.15,66.4,0,0,0,0,19-DEC-2017,
OPTSTK,STAR,25-Jan-2018,760,CE,0,0,0,108.75,51.3,0,0,0,0,19-DEC-2017,
OPTSTK,STAR,25-Jan-2018,780,CE,0,0,0,95.25,38.3,0,0,0,0,19-DEC-2017,
OPTSTK,STAR,25-Jan-2018,800,CE,0,0,0,82.9,27.55,0,0,0,0,19-DEC-2017,
OPTSTK,STAR,25-Jan-2018,820,CE,0,0,0,71.65,19.1,0,0,0,0,19-DEC-2017,
OPTSTK,STAR,25-Jan-2018,840,CE,0,0,0,61.5,12.7,0,0,0,0,19-DEC-2017,
OPTSTK,STAR,25-Jan-2018,860,CE,0,0,0,52.4,8.15,0,0,0,0,19-DEC-2017,
OPTSTK,STAR,25-Jan-2018,880,CE,0,0,0,44.35,5,0,0,0,0,19-DEC-2017,
OPTSTK,STAR,25-Jan-2018,900,CE,0,0,0,37.3,3,0,0,0,0,19-DEC-2017,
OPTSTK,STAR,25-Jan-2018,920,CE,0,0,0,31.2,1.7,0,0,0,0,19-DEC-2017,
OPTSTK,STAR,25-Jan-2018,940,CE,0,0,0,25.95,0.95,0,0,0,0,19-DEC-2017,
OPTSTK,STAR,25-Jan-2018,960,CE,0,0,0,21.45,0.5,0,0,0,0,19-DEC-2017,
OPTSTK,STAR,25-Jan-2018,980,CE,0,0,0,17.6,0.25,0,0,0,0,19-DEC-2017,
OPTSTK,STAR,25-Jan-2018,1000,CE,0,0,0,14.35,0.15,0,0,0,0,19-DEC-2017,
OPTSTK,STAR,25-Jan-2018,1020,CE,0,0,0,11.65,0.1,0,0,0,0,19-DEC-2017,
OPTSTK,STAR,25-Jan-2018,1040,CE,0,0,0,9.4,0.05,0,0,0,0,19-DEC-2017,
OPTSTK,STAR,25-Jan-2018,1060,CE,0,0,0,7.55,0.05,0,0,0,0,19-DEC-2017,
OPTSTK,STAR,25-Jan-2018,1080,CE,0,0,0,6.05,0.05,0,0,0,0,19-DEC-2017,
OPTSTK,STAR,25-Jan-2018,1100,CE,0,0,0,4.85,0,0,0,0,0,19-DEC-2017,
OPTSTK,STAR,25-Jan-2018,1120,CE,0,0,0,3.85,0,0,0,0,0,19-DEC-2017,
OPTSTK,STAR,25-Jan-2018,1140,CE,0,0,0,3.05,0,0,0,0,0,19-DEC-2017,
OPTSTK,STAR,25-Jan-2018,1160,CE,0,0,0,2.4,0,0,0,0,0,19-DEC-2017,
OPTSTK,STAR,25-Jan-2018,1180,CE,0,0,0,1.85,0,0,0,0,0,19-DEC-2017,
OPTSTK,STAR,25-Jan-2018,1200,CE,0,0,0,1.45,0,0,0,0,0,19-DEC-2017,
OPTSTK,STAR,25-Jan-2018,1220,CE,0,0,0,1.15,0,0,0,0,0,19-DEC-2017,
OPTSTK,STAR,25-Jan-2018,1240,CE,0,0,0,0.9,0,0,0,0,0,19-DEC-2017,
OPTSTK,STAR,25-Jan-2018,560,PE,0,0,0,0.35,0,0,0,0,0,19-DEC-2017,
OPTSTK,STAR,25-Jan-2018,580,PE,0,0,0,0.6,0,0,0,0,0,19-DEC-2017,
OPTSTK,STAR,25-Jan-2018,600,PE,0,0,0,1.05,0.05,0,0,0,0,19-DEC-2017,
OPTSTK,STAR,25-Jan-2018,620,PE,0,0,0,1.75,0.05,0,0,0,0,19-DEC-2017,
OPTSTK,STAR,25-Jan-2018,640,PE,0,0,0,2.75,0.1,0,0,0,0,19-DEC-2017,
OPTSTK,STAR,25-Jan-2018,660,PE,0,0,0,4.2,0.3,0,0,0,0,19-DEC-2017,
OPTSTK,STAR,25-Jan-2018,680,PE,0,0,0,6.2,0.75,0,0,0,0,19-DEC-2017,
OPTSTK,STAR,25-Jan-2018,700,PE,0,0,0,3,1.75,0,0,600,0,19-DEC-2017,
OPTSTK,STAR,25-Jan-2018,720,PE,0,0,0,12.25,3.6,0,0,0,0,19-DEC-2017,
OPTSTK,STAR,25-Jan-2018,740,PE,0,0,0,16.5,6.7,0,0,0,0,19-DEC-2017,
OPTSTK,STAR,25-Jan-2018,760,PE,0,0,0,21.75,11.5,0,0,0,0,19-DEC-2017,
OPTSTK,STAR,25-Jan-2018,780,PE,0,0,0,28,18.35,0,0,0,0,19-DEC-2017,
OPTSTK,STAR,25-Jan-2018,800,PE,0,0,0,35.3,27.45,0,0,0,0,19-DEC-2017,
OPTSTK,STAR,25-Jan-2018,820,PE,0,0,0,43.75,38.85,0,0,0,0,19-DEC-2017,
OPTSTK,STAR,25-Jan-2018,840,PE,0,0,0,53.25,52.35,0,0,0,0,19-DEC-2017,
OPTSTK,STAR,25-Jan-2018,860,PE,0,0,0,63.85,67.65,0,0,0,0,19-DEC-2017,
OPTSTK,STAR,25-Jan-2018,880,PE,0,0,0,75.5,84.4,0,0,0,0,19-DEC-2017,
OPTSTK,STAR,25-Jan-2018,900,PE,0,0,0,88.15,102.2,0,0,0,0,19-DEC-2017,
OPTSTK,STAR,25-Jan-2018,920,PE,0,0,0,101.7,120.8,0,0,0,0,19-DEC-2017,
OPTSTK,STAR,25-Jan-2018,940,PE,0,0,0,116.15,139.95,0,0,0,0,19-DEC-2017,
OPTSTK,STAR,25-Jan-2018,960,PE,0,0,0,131.35,159.35,0,0,0,0,19-DEC-2017,
OPTSTK,STAR,25-Jan-2018,980,PE,0,0,0,147.15,179,0,0,0,0,19-DEC-2017,
OPTSTK,STAR,25-Jan-2018,1000,PE,0,0,0,163.6,198.75,0,0,0,0,19-DEC-2017,
OPTSTK,STAR,25-Jan-2018,1020,PE,0,0,0,180.6,218.55,0,0,0,0,19-DEC-2017,
OPTSTK,STAR,25-Jan-2018,1040,PE,0,0,0,198.05,238.4,0,0,0,0,19-DEC-2017,
OPTSTK,STAR,25-Jan-2018,1060,PE,0,0,0,215.9,258.25,0,0,0,0,19-DEC-2017,
OPTSTK,STAR,25-Jan-2018,1080,PE,0,0,0,234.05,278.1,0,0,0,0,19-DEC-2017,
OPTSTK,STAR,25-Jan-2018,1100,PE,0,0,0,252.55,297.95,0,0,0,0,19-DEC-2017,
OPTSTK,STAR,25-Jan-2018,1120,PE,0,0,0,271.2,317.85,0,0,0,0,19-DEC-2017,
OPTSTK,STAR,25-Jan-2018,1140,PE,0,0,0,290.1,337.7,0,0,0,0,19-DEC-2017,
OPTSTK,STAR,25-Jan-2018,1160,PE,0,0,0,309.15,357.55,0,0,0,0,19-DEC-2017,
OPTSTK,STAR,25-Jan-2018,1180,PE,0,0,0,328.3,377.45,0,0,0,0,19-DEC-2017,
OPTSTK,STAR,25-Jan-2018,1200,PE,0,0,0,347.6,397.3,0,0,0,0,19-DEC-2017,
OPTSTK,STAR,25-Jan-2018,1220,PE,0,0,0,366.95,417.2,0,0,0,0,19-DEC-2017,
OPTSTK,STAR,25-Jan-2018,1240,PE,0,0,0,386.4,437.05,0,0,0,0,19-DEC-2017,
OPTSTK,STAR,22-Feb-2018,560,CE,0,0,0,247.35,241.3,0,0,0,0,19-DEC-2017,
OPTSTK,STAR,22-Feb-2018,580,CE,0,0,0,227.95,221.6,0,0,0,0,19-DEC-2017,
OPTSTK,STAR,22-Feb-2018,600,CE,0,0,0,208.75,201.9,0,0,0,0,19-DEC-2017,
OPTSTK,STAR,22-Feb-2018,620,CE,0,0,0,189.85,182.3,0,0,0,0,19-DEC-2017,
OPTSTK,STAR,22-Feb-2018,640,CE,0,0,0,171.4,162.95,0,0,0,0,19-DEC-2017,
OPTSTK,STAR,22-Feb-2018,660,CE,0,0,0,153.5,143.9,0,0,0,0,19-DEC-2017,
OPTSTK,STAR,22-Feb-2018,680,CE,0,0,0,136.3,125.4,0,0,0,0,19-DEC-2017,
OPTSTK,STAR,22-Feb-2018,700,CE,0,0,0,120,107.65,0,0,0,0,19-DEC-2017,
OPTSTK,STAR,22-Feb-2018,720,CE,0,0,0,104.65,90.9,0,0,0,0,19-DEC-2017,
OPTSTK,STAR,22-Feb-2018,740,CE,0,0,0,90.4,75.4,0,0,0,0,19-DEC-2017,
OPTSTK,STAR,22-Feb-2018,760,CE,0,0,0,77.35,61.4,0,0,0,0,19-DEC-2017,
OPTSTK,STAR,22-Feb-2018,780,CE,0,0,0,65.55,49.05,0,0,0,0,19-DEC-2017,
OPTSTK,STAR,22-Feb-2018,800,CE,0,0,0,55,38.4,0,0,0,0,19-DEC-2017,
OPTSTK,STAR,22-Feb-2018,820,CE,0,0,0,45.7,29.45,0,0,0,0,19-DEC-2017,
OPTSTK,STAR,22-Feb-2018,840,CE,0,0,0,37.65,22.15,0,0,0,0,19-DEC-2017,
OPTSTK,STAR,22-Feb-2018,860,CE,0,0,0,30.7,16.35,0,0,0,0,19-DEC-2017,
OPTSTK,STAR,22-Feb-2018,880,CE,0,0,0,24.85,11.85,0,0,0,0,19-DEC-2017,
OPTSTK,STAR,22-Feb-2018,900,CE,0,0,0,19.95,8.4,0,0,0,0,19-DEC-2017,
OPTSTK,STAR,22-Feb-2018,920,CE,0,0,0,15.85,5.85,0,0,0,0,19-DEC-2017,
OPTSTK,STAR,22-Feb-2018,940,CE,0,0,0,12.5,4,0,0,0,0,19-DEC-2017,
OPTSTK,STAR,22-Feb-2018,960,CE,0,0,0,9.75,2.7,0,0,0,0,19-DEC-2017,
OPTSTK,STAR,22-Feb-2018,980,CE,0,0,0,7.6,1.8,0,0,0,0,19-DEC-2017,
OPTSTK,STAR,22-Feb-2018,1000,CE,0,0,0,5.85,1.15,0,0,0,0,19-DEC-2017,
OPTSTK,STAR,22-Feb-2018,1020,CE,0,0,0,4.45,0.75,0,0,0,0,19-DEC-2017,
OPTSTK,STAR,22-Feb-2018,1040,CE,0,0,0,3.4,0.5,0,0,0,0,19-DEC-2017,
OPTSTK,STAR,22-Feb-2018,1060,CE,0,0,0,2.55,0.3,0,0,0,0,19-DEC-2017,
OPTSTK,STAR,22-Feb-2018,1080,CE,0,0,0,1.95,0.2,0,0,0,0,19-DEC-2017,
OPTSTK,STAR,22-Feb-2018,1100,CE,0,0,0,1.45,0.1,0,0,0,0,19-DEC-2017,
OPTSTK,STAR,22-Feb-2018,1120,CE,0,0,0,1.1,0.1,0,0,0,0,19-DEC-2017,
OPTSTK,STAR,22-Feb-2018,1140,CE,0,0,0,0.8,0.05,0,0,0,0,19-DEC-2017,
OPTSTK,STAR,22-Feb-2018,1160,CE,0,0,0,0.6,0.05,0,0,0,0,19-DEC-2017,
OPTSTK,STAR,22-Feb-2018,1180,CE,0,0,0,0.45,0.05,0,0,0,0,19-DEC-2017,
OPTSTK,STAR,22-Feb-2018,1200,CE,0,0,0,0.3,0.05,0,0,0,0,19-DEC-2017,
OPTSTK,STAR,22-Feb-2018,560,PE,0,0,0,0.35,0.05,0,0,0,0,19-DEC-2017,
OPTSTK,STAR,22-Feb-2018,580,PE,0,0,0,0.65,0.05,0,0,0,0,19-DEC-2017,
OPTSTK,STAR,22-Feb-2018,600,PE,0,0,0,1.15,0.15,0,0,0,0,19-DEC-2017,
OPTSTK,STAR,22-Feb-2018,620,PE,0,0,0,1.95,0.35,0,0,0,0,19-DEC-2017,
OPTSTK,STAR,22-Feb-2018,640,PE,0,0,0,3.2,0.75,0,0,0,0,19-DEC-2017,
OPTSTK,STAR,22-Feb-2018,660,PE,0,0,0,5.05,1.5,0,0,0,0,19-DEC-2017,
OPTSTK,STAR,22-Feb-2018,680,PE,0,0,0,7.55,2.75,0,0,0,0,19-DEC-2017,
OPTSTK,STAR,22-Feb-2018,700,PE,0,0,0,10.95,4.75,0,0,0,0,19-DEC-2017,
OPTSTK,STAR,22-Feb-2018,720,PE,0,0,0,15.3,7.8,0,0,0,0,19-DEC-2017,
OPTSTK,STAR,22-Feb-2018,740,PE,0,0,0,20.75,12.1,0,0,0,0,19-DEC-2017,
OPTSTK,STAR,22-Feb-2018,760,PE,0,0,0,27.4,17.85,0,0,0,0,19-DEC-2017,
OPTSTK,STAR,22-Feb-2018,780,PE,0,0,0,35.3,25.25,0,0,0,0,19-DEC-2017,
OPTSTK,STAR,22-Feb-2018,800,PE,0,0,0,44.5,34.4,0,0,0,0,19-DEC-2017,
OPTSTK,STAR,22-Feb-2018,820,PE,0,0,0,54.9,45.2,0,0,0,0,19-DEC-2017,
OPTSTK,STAR,22-Feb-2018,840,PE,0,0,0,66.55,57.7,0,0,0,0,19-DEC-2017,
OPTSTK,STAR,22-Feb-2018,860,PE,0,0,0,79.35,71.65,0,0,0,0,19-DEC-2017,
OPTSTK,STAR,22-Feb-2018,880,PE,0,0,0,93.15,86.9,0,0,0,0,19-DEC-2017,
OPTSTK,STAR,22-Feb-2018,900,PE,0,0,0,107.95,103.25,0,0,0,0,19-DEC-2017,
OPTSTK,STAR,22-Feb-2018,920,PE,0,0,0,123.55,120.45,0,0,0,0,19-DEC-2017,
OPTSTK,STAR,22-Feb-2018,940,PE,0,0,0,139.95,138.4,0,0,0,0,19-DEC-2017,
OPTSTK,STAR,22-Feb-2018,960,PE,0,0,0,156.9,156.85,0,0,0,0,19-DEC-2017,
OPTSTK,STAR,22-Feb-2018,980,PE,0,0,0,174.45,175.7,0,0,0,0,19-DEC-2017,
OPTSTK,STAR,22-Feb-2018,1000,PE,0,0,0,192.4,194.85,0,0,0,0,19-DEC-2017,
OPTSTK,STAR,22-Feb-2018,1020,PE,0,0,0,210.75,214.2,0,0,0,0,19-DEC-2017,
OPTSTK,STAR,22-Feb-2018,1040,PE,0,0,0,229.4,233.7,0,0,0,0,19-DEC-2017,
OPTSTK,STAR,22-Feb-2018,1060,PE,0,0,0,248.25,253.3,0,0,0,0,19-DEC-2017,
OPTSTK,STAR,22-Feb-2018,1080,PE,0,0,0,267.35,273,0,0,0,0,19-DEC-2017,
OPTSTK,STAR,22-Feb-2018,1100,PE,0,0,0,286.55,292.7,0,0,0,0,19-DEC-2017,
OPTSTK,STAR,22-Feb-2018,1120,PE,0,0,0,305.9,312.4,0,0,0,0,19-DEC-2017,
OPTSTK,STAR,22-Feb-2018,1140,PE,0,0,0,325.35,332.15,0,0,0,0,19-DEC-2017,
OPTSTK,STAR,22-Feb-2018,1160,PE,0,0,0,344.85,351.9,0,0,0,0,19-DEC-2017,
OPTSTK,STAR,22-Feb-2018,1180,PE,0,0,0,364.4,371.7,0,0,0,0,19-DEC-2017,
OPTSTK,STAR,22-Feb-2018,1200,PE,0,0,0,384,391.45,0,0,0,0,19-DEC-2017,
OPTSTK,SUNPHARMA,28-Dec-2017,340,CE,0,0,0,165.4,188.05,0,0,0,0,19-DEC-2017,
OPTSTK,SUNPHARMA,28-Dec-2017,360,CE,0,0,0,146.6,168.1,0,0,0,0,19-DEC-2017,
OPTSTK,SUNPHARMA,28-Dec-2017,380,CE,0,0,0,128.5,148.1,0,0,0,0,19-DEC-2017,
OPTSTK,SUNPHARMA,28-Dec-2017,400,CE,0,0,0,111.2,128.15,0,0,0,0,19-DEC-2017,
OPTSTK,SUNPHARMA,28-Dec-2017,420,CE,0,0,0,110,108.15,0,0,0,0,19-DEC-2017,
OPTSTK,SUNPHARMA,28-Dec-2017,440,CE,0,0,0,80.2,88.2,0,0,0,0,19-DEC-2017,
OPTSTK,SUNPHARMA,28-Dec-2017,460,CE,76.5,76.5,76.5,76.5,76.5,1,4.29,0,-800,19-DEC-2017,
OPTSTK,SUNPHARMA,28-Dec-2017,480,CE,48.5,48.5,48.5,48.5,48.5,5,21.14,4000,1600,19-DEC-2017,
OPTSTK,SUNPHARMA,28-Dec-2017,500,CE,38.2,38.2,30.75,30.8,30.8,11,46.8,109600,1600,19-DEC-2017,
OPTSTK,SUNPHARMA,28-Dec-2017,520,CE,17.15,21.65,14,15.3,15.3,381,1635.98,390400,-38400,19-DEC-2017,
OPTSTK,SUNPHARMA,28-Dec-2017,540,CE,8,9.5,5.35,6.4,6.4,1115,4878.94,1464800,163200,19-DEC-2017,
OPTSTK,SUNPHARMA,28-Dec-2017,560,CE,3.45,3.8,2.2,2.75,2.75,485,2183.83,1214400,27200,19-DEC-2017,
OPTSTK,SUNPHARMA,28-Dec-2017,580,CE,1.7,1.7,1,1.35,1.35,168,781.24,943200,2400,19-DEC-2017,
OPTSTK,SUNPHARMA,28-Dec-2017,600,CE,0.8,1,0.6,0.7,0.7,107,514.19,879200,5600,19-DEC-2017,
OPTSTK,SUNPHARMA,28-Dec-2017,620,CE,0.1,0.35,0.1,0.25,0.25,11,54.58,122400,-3200,19-DEC-2017,
OPTSTK,SUNPHARMA,28-Dec-2017,640,CE,0.25,0.3,0.25,0.3,0.3,3,15.36,112800,-800,19-DEC-2017,
OPTSTK,SUNPHARMA,28-Dec-2017,660,CE,0,0,0,0.45,0,0,0,32000,0,19-DEC-2017,
OPTSTK,SUNPHARMA,28-Dec-2017,680,CE,0,0,0,0.35,0,0,0,800,0,19-DEC-2017,
OPTSTK,SUNPHARMA,28-Dec-2017,700,CE,0.2,0.2,0.15,0.15,0.15,2,11.2,32800,800,19-DEC-2017,
OPTSTK,SUNPHARMA,28-Dec-2017,720,CE,0.05,0.05,0.05,0.05,0.05,3,17.28,24000,0,19-DEC-2017,
OPTSTK,SUNPHARMA,28-Dec-2017,340,PE,0,0,0,0.9,0,0,0,0,0,19-DEC-2017,
OPTSTK,SUNPHARMA,28-Dec-2017,360,PE,0,0,0,1.8,0,0,0,0,0,19-DEC-2017,
OPTSTK,SUNPHARMA,28-Dec-2017,380,PE,0,0,0,3.35,0,0,0,0,0,19-DEC-2017,
OPTSTK,SUNPHARMA,28-Dec-2017,400,PE,0,0,0,0.5,0,0,0,7200,0,19-DEC-2017,
OPTSTK,SUNPHARMA,28-Dec-2017,420,PE,0,0,0,0.25,0,0,0,5600,0,19-DEC-2017,
OPTSTK,SUNPHARMA,28-Dec-2017,440,PE,0.05,0.3,0.05,0.2,0.2,10,35.21,47200,-4000,19-DEC-2017,
OPTSTK,SUNPHARMA,28-Dec-2017,460,PE,0.35,0.55,0.3,0.45,0.45,26,95.76,254400,-11200,19-DEC-2017,
OPTSTK,SUNPHARMA,28-Dec-2017,480,PE,1.1,1.35,0.7,0.75,0.75,84,323.21,436800,6400,19-DEC-2017,
OPTSTK,SUNPHARMA,28-Dec-2017,500,PE,2.2,3.05,2,2.05,2.05,329,1322.11,661600,8000,19-DEC-2017,
OPTSTK,SUNPHARMA,28-Dec-2017,520,PE,5.25,7.2,4.65,5.9,5.9,503,2116.39,688800,-22400,19-DEC-2017,
OPTSTK,SUNPHARMA,28-Dec-2017,540,PE,14,18.85,12.4,16.35,16.35,231,1027.24,245600,10400,19-DEC-2017,
OPTSTK,SUNPHARMA,28-Dec-2017,560,PE,27,34.1,26.95,34,34,5,23.64,146400,800,19-DEC-2017,
OPTSTK,SUNPHARMA,28-Dec-2017,580,PE,51.4,53.35,51,51,51,13,65.72,35200,-7200,19-DEC-2017,
OPTSTK,SUNPHARMA,28-Dec-2017,600,PE,70.5,70.65,70.5,70.5,70.5,7,37.55,100800,0,19-DEC-2017,
OPTSTK,SUNPHARMA,28-Dec-2017,620,PE,0,0,0,98,91.55,0,0,4000,0,19-DEC-2017,
OPTSTK,SUNPHARMA,28-Dec-2017,640,PE,0,0,0,93.5,111.55,0,0,8000,0,19-DEC-2017,
OPTSTK,SUNPHARMA,28-Dec-2017,660,PE,0,0,0,117.5,131.5,0,0,8800,0,19-DEC-2017,
OPTSTK,SUNPHARMA,28-Dec-2017,680,PE,0,0,0,133.65,151.45,0,0,9600,0,19-DEC-2017,
OPTSTK,SUNPHARMA,28-Dec-2017,700,PE,0,0,0,175,171.45,0,0,52000,0,19-DEC-2017,
OPTSTK,SUNPHARMA,28-Dec-2017,720,PE,0,0,0,207,191.4,0,0,87200,0,19-DEC-2017,
OPTSTK,SUNPHARMA,25-Jan-2018,340,CE,0,0,0,195.55,189.75,0,0,0,0,19-DEC-2017,
OPTSTK,SUNPHARMA,25-Jan-2018,360,CE,0,0,0,176,169.85,0,0,0,0,19-DEC-2017,
OPTSTK,SUNPHARMA,25-Jan-2018,380,CE,0,0,0,156.65,150,0,0,0,0,19-DEC-2017,
OPTSTK,SUNPHARMA,25-Jan-2018,400,CE,0,0,0,137.65,130.15,0,0,0,0,19-DEC-2017,
OPTSTK,SUNPHARMA,25-Jan-2018,420,CE,0,0,0,119.2,110.4,0,0,0,0,19-DEC-2017,
OPTSTK,SUNPHARMA,25-Jan-2018,440,CE,0,0,0,101.65,90.9,0,0,0,0,19-DEC-2017,
OPTSTK,SUNPHARMA,25-Jan-2018,460,CE,0,0,0,85.15,72.05,0,0,0,0,19-DEC-2017,
OPTSTK,SUNPHARMA,25-Jan-2018,480,CE,0,0,0,70.15,54.5,0,0,0,0,19-DEC-2017,
OPTSTK,SUNPHARMA,25-Jan-2018,500,CE,0,0,0,56.65,39.05,0,0,0,0,19-DEC-2017,
OPTSTK,SUNPHARMA,25-Jan-2018,520,CE,0,0,0,30,26.3,0,0,19800,0,19-DEC-2017,
OPTSTK,SUNPHARMA,25-Jan-2018,540,CE,20.1,20.1,16.05,16.85,16.85,64,392.17,207900,55000,19-DEC-2017,
OPTSTK,SUNPHARMA,25-Jan-2018,560,CE,11,11,10.3,10.5,10.5,12,75.3,82500,11000,19-DEC-2017,
OPTSTK,SUNPHARMA,25-Jan-2018,580,CE,6.3,7.1,6.05,6.35,6.35,8,51.61,22000,4400,19-DEC-2017,
OPTSTK,SUNPHARMA,25-Jan-2018,600,CE,5.1,5.1,4,4.35,4.35,13,86.42,28600,11000,19-DEC-2017,
OPTSTK,SUNPHARMA,25-Jan-2018,620,CE,2.2,2.5,2.2,2.4,2.4,3,20.53,3300,3300,19-DEC-2017,
OPTSTK,SUNPHARMA,25-Jan-2018,640,CE,0,0,0,7.8,0.65,0,0,0,0,19-DEC-2017,
OPTSTK,SUNPHARMA,25-Jan-2018,660,CE,0,0,0,5.55,0.3,0,0,0,0,19-DEC-2017,
OPTSTK,SUNPHARMA,25-Jan-2018,680,CE,0,0,0,3.85,0.15,0,0,0,0,19-DEC-2017,
OPTSTK,SUNPHARMA,25-Jan-2018,700,CE,0,0,0,2.65,0.05,0,0,0,0,19-DEC-2017,
OPTSTK,SUNPHARMA,25-Jan-2018,720,CE,0,0,0,1.8,0.05,0,0,0,0,19-DEC-2017,
OPTSTK,SUNPHARMA,25-Jan-2018,340,PE,0,0,0,0.1,0,0,0,0,0,19-DEC-2017,
OPTSTK,SUNPHARMA,25-Jan-2018,360,PE,0,0,0,0.25,0,0,0,0,0,19-DEC-2017,
OPTSTK,SUNPHARMA,25-Jan-2018,380,PE,0,0,0,0.55,0,0,0,0,0,19-DEC-2017,
OPTSTK,SUNPHARMA,25-Jan-2018,400,PE,0,0,0,1.25,0.05,0,0,0,0,19-DEC-2017,
OPTSTK,SUNPHARMA,25-Jan-2018,420,PE,0,0,0,0.9,0.15,0,0,4400,0,19-DEC-2017,
OPTSTK,SUNPHARMA,25-Jan-2018,440,PE,1.6,1.6,1.6,1.6,1.6,1,4.85,9900,0,19-DEC-2017,
OPTSTK,SUNPHARMA,25-Jan-2018,460,PE,2.8,2.8,2.8,2.8,2.8,1,5.09,6600,0,19-DEC-2017,
OPTSTK,SUNPHARMA,25-Jan-2018,480,PE,4.5,4.5,4.5,4.5,4.5,1,5.32,7700,0,19-DEC-2017,
OPTSTK,SUNPHARMA,25-Jan-2018,500,PE,7.6,8,7.6,8,8,4,22.34,70400,2200,19-DEC-2017,
OPTSTK,SUNPHARMA,25-Jan-2018,520,PE,13.1,14.75,13.1,14.75,14.75,17,99.93,24200,12100,19-DEC-2017,
OPTSTK,SUNPHARMA,25-Jan-2018,540,PE,22,25,22,25,25,11,68.28,13200,11000,19-DEC-2017,
OPTSTK,SUNPHARMA,25-Jan-2018,560,PE,0,0,0,47.9,38.65,0,0,0,0,19-DEC-2017,
OPTSTK,SUNPHARMA,25-Jan-2018,580,PE,54,54,53,53,53,2,13.93,4400,2200,19-DEC-2017,
OPTSTK,SUNPHARMA,25-Jan-2018,600,PE,72,72,72,72,72,2,14.78,2200,2200,19-DEC-2017,
OPTSTK,SUNPHARMA,25-Jan-2018,620,PE,0,0,0,91,89.85,0,0,0,0,19-DEC-2017,
OPTSTK,SUNPHARMA,25-Jan-2018,640,PE,0,0,0,107.6,108.95,0,0,0,0,19-DEC-2017,
OPTSTK,SUNPHARMA,25-Jan-2018,660,PE,0,0,0,125.05,128.5,0,0,0,0,19-DEC-2017,
OPTSTK,SUNPHARMA,25-Jan-2018,680,PE,0,0,0,143.05,148.2,0,0,0,0,19-DEC-2017,
OPTSTK,SUNPHARMA,25-Jan-2018,700,PE,0,0,0,161.55,168,0,0,0,0,19-DEC-2017,
OPTSTK,SUNPHARMA,25-Jan-2018,720,PE,0,0,0,180.4,187.85,0,0,0,0,19-DEC-2017,
OPTSTK,SUNPHARMA,22-Feb-2018,340,CE,0,0,0,204.95,191.4,0,0,0,0,19-DEC-2017,
OPTSTK,SUNPHARMA,22-Feb-2018,360,CE,0,0,0,185.35,171.65,0,0,0,0,19-DEC-2017,
OPTSTK,SUNPHARMA,22-Feb-2018,380,CE,0,0,0,165.8,151.95,0,0,0,0,19-DEC-2017,
OPTSTK,SUNPHARMA,22-Feb-2018,400,CE,0,0,0,146.55,132.35,0,0,0,0,19-DEC-2017,
OPTSTK,SUNPHARMA,22-Feb-2018,420,CE,0,0,0,127.75,113.1,0,0,0,0,19-DEC-2017,
OPTSTK,SUNPHARMA,22-Feb-2018,440,CE,0,0,0,109.65,94.4,0,0,0,0,19-DEC-2017,
OPTSTK,SUNPHARMA,22-Feb-2018,460,CE,0,0,0,92.5,76.75,0,0,0,0,19-DEC-2017,
OPTSTK,SUNPHARMA,22-Feb-2018,480,CE,0,0,0,76.65,60.55,0,0,0,0,19-DEC-2017,
OPTSTK,SUNPHARMA,22-Feb-2018,500,CE,0,0,0,62.35,46.25,0,0,0,0,19-DEC-2017,
OPTSTK,SUNPHARMA,22-Feb-2018,520,CE,0,0,0,49.7,34.2,0,0,0,0,19-DEC-2017,
OPTSTK,SUNPHARMA,22-Feb-2018,540,CE,0,0,0,38.9,24.4,0,0,0,0,19-DEC-2017,
OPTSTK,SUNPHARMA,22-Feb-2018,560,CE,0,0,0,29.85,16.8,0,0,0,0,19-DEC-2017,
OPTSTK,SUNPHARMA,22-Feb-2018,580,CE,0,0,0,22.5,11.25,0,0,0,0,19-DEC-2017,
OPTSTK,SUNPHARMA,22-Feb-2018,600,CE,0,0,0,16.65,7.25,0,0,0,0,19-DEC-2017,
OPTSTK,SUNPHARMA,22-Feb-2018,620,CE,0,0,0,12.15,4.55,0,0,0,0,19-DEC-2017,
OPTSTK,SUNPHARMA,22-Feb-2018,640,CE,0,0,0,8.7,2.75,0,0,0,0,19-DEC-2017,
OPTSTK,SUNPHARMA,22-Feb-2018,660,CE,0,0,0,6.15,1.65,0,0,0,0,19-DEC-2017,
OPTSTK,SUNPHARMA,22-Feb-2018,680,CE,0,0,0,4.25,0.95,0,0,0,0,19-DEC-2017,
OPTSTK,SUNPHARMA,22-Feb-2018,700,CE,0,0,0,2.95,0.55,0,0,0,0,19-DEC-2017,
OPTSTK,SUNPHARMA,22-Feb-2018,720,CE,0,0,0,2,0.3,0,0,0,0,19-DEC-2017,
OPTSTK,SUNPHARMA,22-Feb-2018,340,PE,0,0,0,0.05,0,0,0,0,0,19-DEC-2017,
OPTSTK,SUNPHARMA,22-Feb-2018,360,PE,0,0,0,0.15,0.05,0,0,0,0,19-DEC-2017,
OPTSTK,SUNPHARMA,22-Feb-2018,380,PE,0,0,0,0.35,0.1,0,0,0,0,19-DEC-2017,
OPTSTK,SUNPHARMA,22-Feb-2018,400,PE,0,0,0,0.8,0.3,0,0,0,0,19-DEC-2017,
OPTSTK,SUNPHARMA,22-Feb-2018,420,PE,0,0,0,1.7,0.8,0,0,0,0,19-DEC-2017,
OPTSTK,SUNPHARMA,22-Feb-2018,440,PE,0,0,0,3.3,1.9,0,0,0,0,19-DEC-2017,
OPTSTK,SUNPHARMA,22-Feb-2018,460,PE,0,0,0,5.85,4,0,0,0,0,19-DEC-2017,
OPTSTK,SUNPHARMA,22-Feb-2018,480,PE,0,0,0,9.7,7.6,0,0,0,0,19-DEC-2017,
OPTSTK,SUNPHARMA,22-Feb-2018,500,PE,0,0,0,15.1,13.05,0,0,0,0,19-DEC-2017,
OPTSTK,SUNPHARMA,22-Feb-2018,520,PE,0,0,0,22.2,20.75,0,0,0,0,19-DEC-2017,
OPTSTK,SUNPHARMA,22-Feb-2018,540,PE,0,0,0,31.1,30.75,0,0,0,0,19-DEC-2017,
OPTSTK,SUNPHARMA,22-Feb-2018,560,PE,0,0,0,41.75,42.95,0,0,0,0,19-DEC-2017,
OPTSTK,SUNPHARMA,22-Feb-2018,580,PE,0,0,0,54.1,57.1,0,0,0,0,19-DEC-2017,
OPTSTK,SUNPHARMA,22-Feb-2018,600,PE,0,0,0,67.95,72.9,0,0,0,0,19-DEC-2017,
OPTSTK,SUNPHARMA,22-Feb-2018,620,PE,0,0,0,83.15,89.95,0,0,0,0,19-DEC-2017,
OPTSTK,SUNPHARMA,22-Feb-2018,640,PE,0,0,0,99.4,107.95,0,0,0,0,19-DEC-2017,
OPTSTK,SUNPHARMA,22-Feb-2018,660,PE,0,0,0,116.55,126.6,0,0,0,0,19-DEC-2017,
OPTSTK,SUNPHARMA,22-Feb-2018,680,PE,0,0,0,134.4,145.7,0,0,0,0,19-DEC-2017,
OPTSTK,SUNPHARMA,22-Feb-2018,700,PE,0,0,0,152.75,165.05,0,0,0,0,19-DEC-2017,
OPTSTK,SUNPHARMA,22-Feb-2018,720,PE,0,0,0,171.55,184.6,0,0,0,0,19-DEC-2017,
OPTSTK,SUNTV,28-Dec-2017,500,CE,0,0,0,245.45,442,0,0,0,0,19-DEC-2017,
OPTSTK,SUNTV,28-Dec-2017,520,CE,0,0,0,227.5,422.05,0,0,0,0,19-DEC-2017,
OPTSTK,SUNTV,28-Dec-2017,540,CE,0,0,0,210.05,402.05,0,0,0,0,19-DEC-2017,
OPTSTK,SUNTV,28-Dec-2017,560,CE,0,0,0,193.25,382.1,0,0,0,0,19-DEC-2017,
OPTSTK,SUNTV,28-Dec-2017,580,CE,0,0,0,177.1,362.1,0,0,0,0,19-DEC-2017,
OPTSTK,SUNTV,28-Dec-2017,600,CE,0,0,0,279.5,342.15,0,0,1000,0,19-DEC-2017,
OPTSTK,SUNTV,28-Dec-2017,620,CE,0,0,0,147.05,322.2,0,0,0,0,19-DEC-2017,
OPTSTK,SUNTV,28-Dec-2017,640,CE,0,0,0,133.25,302.2,0,0,0,0,19-DEC-2017,
OPTSTK,SUNTV,28-Dec-2017,660,CE,0,0,0,120.25,282.25,0,0,0,0,19-DEC-2017,
OPTSTK,SUNTV,28-Dec-2017,680,CE,0,0,0,108.15,262.3,0,0,0,0,19-DEC-2017,
OPTSTK,SUNTV,28-Dec-2017,700,CE,0,0,0,97,242.3,0,0,0,0,19-DEC-2017,
OPTSTK,SUNTV,28-Dec-2017,720,CE,0,0,0,86.65,222.35,0,0,0,0,19-DEC-2017,
OPTSTK,SUNTV,28-Dec-2017,740,CE,0,0,0,77.15,202.35,0,0,0,0,19-DEC-2017,
OPTSTK,SUNTV,28-Dec-2017,760,CE,0,0,0,68.5,182.4,0,0,0,0,19-DEC-2017,
OPTSTK,SUNTV,28-Dec-2017,780,CE,0,0,0,63.3,162.45,0,0,5000,0,19-DEC-2017,
OPTSTK,SUNTV,28-Dec-2017,800,CE,0,0,0,111.55,142.5,0,0,3000,0,19-DEC-2017,
OPTSTK,SUNTV,28-Dec-2017,820,CE,0,0,0,106.75,122.6,0,0,3000,0,19-DEC-2017,
OPTSTK,SUNTV,28-Dec-2017,840,CE,0,0,0,84.45,102.9,0,0,15000,0,19-DEC-2017,
OPTSTK,SUNTV,28-Dec-2017,860,CE,0,0,0,94,83.7,0,0,27000,0,19-DEC-2017,
OPTSTK,SUNTV,28-Dec-2017,880,CE,0,0,0,78,65.4,0,0,49000,0,19-DEC-2017,
OPTSTK,SUNTV,28-Dec-2017,900,CE,61.2,61.65,50,50,50,8,76.63,81000,0,19-DEC-2017,
OPTSTK,SUNTV,28-Dec-2017,920,CE,47.65,50.65,33.9,38.25,38.25,39,374.33,107000,-7000,19-DEC-2017,
OPTSTK,SUNTV,28-Dec-2017,940,CE,33.85,36.3,21.8,25.75,25.75,232,2245.13,141000,-18000,19-DEC-2017,
OPTSTK,SUNTV,28-Dec-2017,960,CE,21.55,25.25,14.2,17.15,17.15,866,8481.06,364000,129000,19-DEC-2017,
OPTSTK,SUNTV,28-Dec-2017,980,CE,13.45,16.65,8.55,10.55,10.55,439,4354.82,210000,48000,19-DEC-2017,
OPTSTK,SUNTV,28-Dec-2017,1000,CE,8.3,10.3,5.15,6.4,6.4,459,4623.72,221000,25000,19-DEC-2017,
OPTSTK,SUNTV,28-Dec-2017,1020,CE,5.4,6.15,3,3.85,3.85,94,962.77,87000,3000,19-DEC-2017,
OPTSTK,SUNTV,28-Dec-2017,1040,CE,3.2,3.7,1.8,2.3,2.3,145,1511.38,80000,32000,19-DEC-2017,
OPTSTK,SUNTV,28-Dec-2017,1060,CE,2.15,2.15,0.8,1.2,1.2,47,498.82,50000,28000,19-DEC-2017,
OPTSTK,SUNTV,28-Dec-2017,1080,CE,1,1,0.85,0.85,0.85,5,54.04,14000,1000,19-DEC-2017,
OPTSTK,SUNTV,28-Dec-2017,1100,CE,0,0,0,1.5,0.1,0,0,1000,0,19-DEC-2017,
OPTSTK,SUNTV,28-Dec-2017,1120,CE,0,0,0,8,0.05,0,0,0,0,19-DEC-2017,
OPTSTK,SUNTV,28-Dec-2017,1140,CE,0,0,0,5.65,0.05,0,0,0,0,19-DEC-2017,
OPTSTK,SUNTV,28-Dec-2017,500,PE,0,0,0,3.95,0,0,0,0,0,19-DEC-2017,
OPTSTK,SUNTV,28-Dec-2017,520,PE,0,0,0,5.7,0,0,0,0,0,19-DEC-2017,
OPTSTK,SUNTV,28-Dec-2017,540,PE,0,0,0,7.95,0,0,0,0,0,19-DEC-2017,
OPTSTK,SUNTV,28-Dec-2017,560,PE,0,0,0,10.85,0,0,0,0,0,19-DEC-2017,
OPTSTK,SUNTV,28-Dec-2017,580,PE,0,0,0,14.35,0,0,0,0,0,19-DEC-2017,
OPTSTK,SUNTV,28-Dec-2017,600,PE,0,0,0,18.65,0,0,0,0,0,19-DEC-2017,
OPTSTK,SUNTV,28-Dec-2017,620,PE,0,0,0,23.7,0,0,0,0,0,19-DEC-2017,
OPTSTK,SUNTV,28-Dec-2017,640,PE,0,0,0,29.55,0,0,0,0,0,19-DEC-2017,
OPTSTK,SUNTV,28-Dec-2017,660,PE,0,0,0,36.3,0,0,0,0,0,19-DEC-2017,
OPTSTK,SUNTV,28-Dec-2017,680,PE,0,0,0,43.9,0,0,0,0,0,19-DEC-2017,
OPTSTK,SUNTV,28-Dec-2017,700,PE,0.4,0.4,0.4,0.4,0.4,1,7,25000,-1000,19-DEC-2017,
OPTSTK,SUNTV,28-Dec-2017,720,PE,0.35,0.35,0.35,0.35,0.35,1,7.2,3000,-1000,19-DEC-2017,
OPTSTK,SUNTV,28-Dec-2017,740,PE,0.2,0.2,0.2,0.2,0.2,1,7.4,5000,0,19-DEC-2017,
OPTSTK,SUNTV,28-Dec-2017,760,PE,0.75,1,0.75,1,1,2,15.21,31000,1000,19-DEC-2017,
OPTSTK,SUNTV,28-Dec-2017,780,PE,1,1.35,1,1.3,1.3,4,31.24,42000,0,19-DEC-2017,
OPTSTK,SUNTV,28-Dec-2017,800,PE,1.95,1.95,1.5,1.55,1.55,84,673.36,263000,4000,19-DEC-2017,
OPTSTK,SUNTV,28-Dec-2017,820,PE,2,2.05,1.85,1.85,1.85,19,156.17,104000,8000,19-DEC-2017,
OPTSTK,SUNTV,28-Dec-2017,840,PE,3.1,3.1,2.35,2.55,2.55,42,353.95,175000,1000,19-DEC-2017,
OPTSTK,SUNTV,28-Dec-2017,860,PE,3.55,4.6,3.3,4,4,136,1175.07,139000,23000,19-DEC-2017,
OPTSTK,SUNTV,28-Dec-2017,880,PE,5.65,6.7,4.95,5.8,5.8,94,832.65,174000,18000,19-DEC-2017,
OPTSTK,SUNTV,28-Dec-2017,900,PE,8.4,10.55,7.7,9.25,9.25,252,2290.89,378000,1000,19-DEC-2017,
OPTSTK,SUNTV,28-Dec-2017,920,PE,12.25,16.7,10.6,14.3,14.3,193,1801.95,149000,18000,19-DEC-2017,
OPTSTK,SUNTV,28-Dec-2017,940,PE,18.45,25,16.4,22.1,22.1,372,3574.14,139000,-12000,19-DEC-2017,
OPTSTK,SUNTV,28-Dec-2017,960,PE,27.45,36.95,24.75,32.3,32.3,119,1178.43,37000,-19000,19-DEC-2017,
OPTSTK,SUNTV,28-Dec-2017,980,PE,41.8,45.5,41.8,45.5,45.5,2,20.47,5000,0,19-DEC-2017,
OPTSTK,SUNTV,28-Dec-2017,1000,PE,58.65,58.65,58.65,58.65,58.65,1,10.58,1000,1000,19-DEC-2017,
OPTSTK,SUNTV,28-Dec-2017,1020,PE,75.05,75.05,75.05,75.05,75.05,1,10.95,1000,1000,19-DEC-2017,
OPTSTK,SUNTV,28-Dec-2017,1040,PE,93.25,93.25,93.25,93.25,93.25,1,11.33,1000,1000,19-DEC-2017,
OPTSTK,SUNTV,28-Dec-2017,1060,PE,0,0,0,318.5,117.55,0,0,0,0,19-DEC-2017,
OPTSTK,SUNTV,28-Dec-2017,1080,PE,0,0,0,336.95,137.3,0,0,0,0,19-DEC-2017,
OPTSTK,SUNTV,28-Dec-2017,1100,PE,0,0,0,355.6,157.15,0,0,0,0,19-DEC-2017,
OPTSTK,SUNTV,28-Dec-2017,1120,PE,0,0,0,349.3,177.1,0,0,0,0,19-DEC-2017,
OPTSTK,SUNTV,28-Dec-2017,1140,PE,0,0,0,348.5,197.05,0,0,0,0,19-DEC-2017,
OPTSTK,SUNTV,25-Jan-2018,500,CE,0,0,0,323.9,444.45,0,0,0,0,19-DEC-2017,
OPTSTK,SUNTV,25-Jan-2018,520,CE,0,0,0,304.35,424.6,0,0,0,0,19-DEC-2017,
OPTSTK,SUNTV,25-Jan-2018,540,CE,0,0,0,284.95,404.75,0,0,0,0,19-DEC-2017,
OPTSTK,SUNTV,25-Jan-2018,560,CE,0,0,0,265.65,384.85,0,0,0,0,19-DEC-2017,
OPTSTK,SUNTV,25-Jan-2018,580,CE,0,0,0,246.55,365,0,0,0,0,19-DEC-2017,
OPTSTK,SUNTV,25-Jan-2018,600,CE,0,0,0,227.8,345.1,0,0,0,0,19-DEC-2017,
OPTSTK,SUNTV,25-Jan-2018,620,CE,0,0,0,209.4,325.25,0,0,0,0,19-DEC-2017,
OPTSTK,SUNTV,25-Jan-2018,640,CE,0,0,0,191.5,305.4,0,0,0,0,19-DEC-2017,
OPTSTK,SUNTV,25-Jan-2018,660,CE,0,0,0,174.2,285.55,0,0,0,0,19-DEC-2017,
OPTSTK,SUNTV,25-Jan-2018,680,CE,0,0,0,157.55,265.7,0,0,0,0,19-DEC-2017,
OPTSTK,SUNTV,25-Jan-2018,700,CE,0,0,0,141.65,245.9,0,0,0,0,19-DEC-2017,
OPTSTK,SUNTV,25-Jan-2018,720,CE,0,0,0,126.65,226.15,0,0,0,0,19-DEC-2017,
OPTSTK,SUNTV,25-Jan-2018,740,CE,0,0,0,112.55,206.55,0,0,0,0,19-DEC-2017,
OPTSTK,SUNTV,25-Jan-2018,760,CE,0,0,0,99.4,187.2,0,0,0,0,19-DEC-2017,
OPTSTK,SUNTV,25-Jan-2018,780,CE,0,0,0,87.35,168.1,0,0,0,0,19-DEC-2017,
OPTSTK,SUNTV,25-Jan-2018,800,CE,0,0,0,76.25,149.5,0,0,0,0,19-DEC-2017,
OPTSTK,SUNTV,25-Jan-2018,820,CE,0,0,0,66.2,131.55,0,0,0,0,19-DEC-2017,
OPTSTK,SUNTV,25-Jan-2018,840,CE,0,0,0,57.2,114.4,0,0,0,0,19-DEC-2017,
OPTSTK,SUNTV,25-Jan-2018,860,CE,0,0,0,49.1,98.3,0,0,0,0,19-DEC-2017,
OPTSTK,SUNTV,25-Jan-2018,880,CE,0,0,0,50.55,83.35,0,0,2000,0,19-DEC-2017,
OPTSTK,SUNTV,25-Jan-2018,900,CE,0,0,0,49.65,69.65,0,0,2000,0,19-DEC-2017,
OPTSTK,SUNTV,25-Jan-2018,920,CE,0,0,0,16.05,57.45,0,0,1000,0,19-DEC-2017,
OPTSTK,SUNTV,25-Jan-2018,940,CE,0,0,0,50,46.65,0,0,2000,0,19-DEC-2017,
OPTSTK,SUNTV,25-Jan-2018,960,CE,0,0,0,45,37.4,0,0,3000,0,19-DEC-2017,
OPTSTK,SUNTV,25-Jan-2018,980,CE,34,34,34,34,34,1,10.14,1000,1000,19-DEC-2017,
OPTSTK,SUNTV,25-Jan-2018,1000,CE,28.2,28.45,24.15,24.15,24.15,10,102.53,6000,-1000,19-DEC-2017,
OPTSTK,SUNTV,25-Jan-2018,1020,CE,0,0,0,12.2,17.65,0,0,0,0,19-DEC-2017,
OPTSTK,SUNTV,25-Jan-2018,1040,CE,14.9,14.9,14.9,14.9,14.9,2,21.09,3000,2000,19-DEC-2017,
OPTSTK,SUNTV,25-Jan-2018,1060,CE,0,0,0,8.25,9.95,0,0,0,0,19-DEC-2017,
OPTSTK,SUNTV,25-Jan-2018,1080,CE,0,0,0,6.75,7.3,0,0,0,0,19-DEC-2017,
OPTSTK,SUNTV,25-Jan-2018,1100,CE,0,0,0,5.5,5.3,0,0,0,0,19-DEC-2017,
OPTSTK,SUNTV,25-Jan-2018,1120,CE,0,0,0,4.45,3.8,0,0,0,0,19-DEC-2017,
OPTSTK,SUNTV,25-Jan-2018,1140,CE,0,0,0,3.65,2.7,0,0,0,0,19-DEC-2017,
OPTSTK,SUNTV,25-Jan-2018,500,PE,0,0,0,0.15,0,0,0,0,0,19-DEC-2017,
OPTSTK,SUNTV,25-Jan-2018,520,PE,0,0,0,0.3,0,0,0,0,0,19-DEC-2017,
OPTSTK,SUNTV,25-Jan-2018,540,PE,0,0,0,0.55,0,0,0,0,0,19-DEC-2017,
OPTSTK,SUNTV,25-Jan-2018,560,PE,0,0,0,0.95,0,0,0,0,0,19-DEC-2017,
OPTSTK,SUNTV,25-Jan-2018,580,PE,0,0,0,1.6,0,0,0,0,0,19-DEC-2017,
OPTSTK,SUNTV,25-Jan-2018,600,PE,0,0,0,2.5,0,0,0,0,0,19-DEC-2017,
OPTSTK,SUNTV,25-Jan-2018,620,PE,0,0,0,3.8,0,0,0,0,0,19-DEC-2017,
OPTSTK,SUNTV,25-Jan-2018,640,PE,0,0,0,5.55,0.05,0,0,0,0,19-DEC-2017,
OPTSTK,SUNTV,25-Jan-2018,660,PE,0,0,0,7.95,0.05,0,0,0,0,19-DEC-2017,
OPTSTK,SUNTV,25-Jan-2018,680,PE,0,0,0,10.95,0.05,0,0,0,0,19-DEC-2017,
OPTSTK,SUNTV,25-Jan-2018,700,PE,0.95,0.95,0.95,0.95,0.95,2,14.01,2000,2000,19-DEC-2017,
OPTSTK,SUNTV,25-Jan-2018,720,PE,0,0,0,19.5,0.3,0,0,0,0,19-DEC-2017,
OPTSTK,SUNTV,25-Jan-2018,740,PE,0,0,0,25.05,0.55,0,0,0,0,19-DEC-2017,
OPTSTK,SUNTV,25-Jan-2018,760,PE,0,0,0,31.6,1.05,0,0,0,0,19-DEC-2017,
OPTSTK,SUNTV,25-Jan-2018,780,PE,0,0,0,39.2,1.85,0,0,0,0,19-DEC-2017,
OPTSTK,SUNTV,25-Jan-2018,800,PE,0,0,0,47.8,3.1,0,0,0,0,19-DEC-2017,
OPTSTK,SUNTV,25-Jan-2018,820,PE,7.95,7.95,7.95,7.95,7.95,1,8.27,1000,1000,19-DEC-2017,
OPTSTK,SUNTV,25-Jan-2018,840,PE,0,0,0,68.1,7.75,0,0,0,0,19-DEC-2017,
OPTSTK,SUNTV,25-Jan-2018,860,PE,0,0,0,79.7,11.5,0,0,0,0,19-DEC-2017,
OPTSTK,SUNTV,25-Jan-2018,880,PE,0,0,0,32,16.4,0,0,3000,0,19-DEC-2017,
OPTSTK,SUNTV,25-Jan-2018,900,PE,25.15,25.15,23,23,23,3,27.71,3000,3000,19-DEC-2017,
OPTSTK,SUNTV,25-Jan-2018,920,PE,0,0,0,41.45,30.25,0,0,2000,0,19-DEC-2017,
OPTSTK,SUNTV,25-Jan-2018,940,PE,0,0,0,134.75,39.35,0,0,0,0,19-DEC-2017,
OPTSTK,SUNTV,25-Jan-2018,960,PE,0,0,0,150.3,49.95,0,0,0,0,19-DEC-2017,
OPTSTK,SUNTV,25-Jan-2018,980,PE,0,0,0,166.5,61.9,0,0,0,0,19-DEC-2017,
OPTSTK,SUNTV,25-Jan-2018,1000,PE,0,0,0,183.15,75.25,0,0,0,0,19-DEC-2017,
OPTSTK,SUNTV,25-Jan-2018,1020,PE,0,0,0,200.3,89.8,0,0,0,0,19-DEC-2017,
OPTSTK,SUNTV,25-Jan-2018,1040,PE,0,0,0,217.85,105.35,0,0,0,0,19-DEC-2017,
OPTSTK,SUNTV,25-Jan-2018,1060,PE,0,0,0,235.75,121.85,0,0,0,0,19-DEC-2017,
OPTSTK,SUNTV,25-Jan-2018,1080,PE,0,0,0,253.9,139.1,0,0,0,0,19-DEC-2017,
OPTSTK,SUNTV,25-Jan-2018,1100,PE,0,0,0,272.35,156.95,0,0,0,0,19-DEC-2017,
OPTSTK,SUNTV,25-Jan-2018,1120,PE,0,0,0,291,175.3,0,0,0,0,19-DEC-2017,
OPTSTK,SUNTV,25-Jan-2018,1140,PE,0,0,0,309.85,194.1,0,0,0,0,19-DEC-2017,
OPTSTK,SUNTV,22-Feb-2018,500,CE,0,0,0,376.9,446.9,0,0,0,0,19-DEC-2017,
OPTSTK,SUNTV,22-Feb-2018,520,CE,0,0,0,357.2,427.15,0,0,0,0,19-DEC-2017,
OPTSTK,SUNTV,22-Feb-2018,540,CE,0,0,0,337.5,407.4,0,0,0,0,19-DEC-2017,
OPTSTK,SUNTV,22-Feb-2018,560,CE,0,0,0,317.8,387.6,0,0,0,0,19-DEC-2017,
OPTSTK,SUNTV,22-Feb-2018,580,CE,0,0,0,298.15,367.85,0,0,0,0,19-DEC-2017,
OPTSTK,SUNTV,22-Feb-2018,600,CE,0,0,0,278.55,348.1,0,0,0,0,19-DEC-2017,
OPTSTK,SUNTV,22-Feb-2018,620,CE,0,0,0,259,328.35,0,0,0,0,19-DEC-2017,
OPTSTK,SUNTV,22-Feb-2018,640,CE,0,0,0,239.65,308.7,0,0,0,0,19-DEC-2017,
OPTSTK,SUNTV,22-Feb-2018,660,CE,0,0,0,220.45,289.05,0,0,0,0,19-DEC-2017,
OPTSTK,SUNTV,22-Feb-2018,680,CE,0,0,0,201.55,269.55,0,0,0,0,19-DEC-2017,
OPTSTK,SUNTV,22-Feb-2018,700,CE,0,0,0,183.05,250.2,0,0,0,0,19-DEC-2017,
OPTSTK,SUNTV,22-Feb-2018,720,CE,0,0,0,165.05,231.05,0,0,0,0,19-DEC-2017,
OPTSTK,SUNTV,22-Feb-2018,740,CE,0,0,0,147.7,212.25,0,0,0,0,19-DEC-2017,
OPTSTK,SUNTV,22-Feb-2018,760,CE,0,0,0,131.15,193.8,0,0,0,0,19-DEC-2017,
OPTSTK,SUNTV,22-Feb-2018,780,CE,0,0,0,115.45,175.9,0,0,0,0,19-DEC-2017,
OPTSTK,SUNTV,22-Feb-2018,800,CE,0,0,0,100.8,158.6,0,0,0,0,19-DEC-2017,
OPTSTK,SUNTV,22-Feb-2018,820,CE,0,0,0,87.2,142.05,0,0,0,0,19-DEC-2017,
OPTSTK,SUNTV,22-Feb-2018,840,CE,0,0,0,74.8,126.3,0,0,0,0,19-DEC-2017,
OPTSTK,SUNTV,22-Feb-2018,860,CE,0,0,0,63.6,111.55,0,0,0,0,19-DEC-2017,
OPTSTK,SUNTV,22-Feb-2018,880,CE,0,0,0,53.6,97.7,0,0,0,0,19-DEC-2017,
OPTSTK,SUNTV,22-Feb-2018,900,CE,0,0,0,44.8,85,0,0,0,0,19-DEC-2017,
OPTSTK,SUNTV,22-Feb-2018,920,CE,0,0,0,37.1,73.35,0,0,0,0,19-DEC-2017,
OPTSTK,SUNTV,22-Feb-2018,940,CE,0,0,0,30.45,62.85,0,0,0,0,19-DEC-2017,
OPTSTK,SUNTV,22-Feb-2018,960,CE,0,0,0,24.8,53.45,0,0,0,0,19-DEC-2017,
OPTSTK,SUNTV,22-Feb-2018,980,CE,0,0,0,20.1,45.15,0,0,0,0,19-DEC-2017,
OPTSTK,SUNTV,22-Feb-2018,1000,CE,0,0,0,16.1,37.85,0,0,0,0,19-DEC-2017,
OPTSTK,SUNTV,22-Feb-2018,1020,CE,0,0,0,12.8,31.45,0,0,0,0,19-DEC-2017,
OPTSTK,SUNTV,22-Feb-2018,1040,CE,0,0,0,10.1,26,0,0,0,0,19-DEC-2017,
OPTSTK,SUNTV,22-Feb-2018,1060,CE,0,0,0,7.95,21.4,0,0,0,0,19-DEC-2017,
OPTSTK,SUNTV,22-Feb-2018,1080,CE,0,0,0,6.2,17.45,0,0,0,0,19-DEC-2017,
OPTSTK,SUNTV,22-Feb-2018,1100,CE,0,0,0,4.8,14.1,0,0,0,0,19-DEC-2017,
OPTSTK,SUNTV,22-Feb-2018,1120,CE,0,0,0,3.7,11.35,0,0,0,0,19-DEC-2017,
OPTSTK,SUNTV,22-Feb-2018,1140,CE,0,0,0,2.8,9.1,0,0,0,0,19-DEC-2017,
OPTSTK,SUNTV,22-Feb-2018,500,PE,0,0,0,0.05,0,0,0,0,0,19-DEC-2017,
OPTSTK,SUNTV,22-Feb-2018,520,PE,0,0,0,0.05,0,0,0,0,0,19-DEC-2017,
OPTSTK,SUNTV,22-Feb-2018,540,PE,0,0,0,0.05,0,0,0,0,0,19-DEC-2017,
OPTSTK,SUNTV,22-Feb-2018,560,PE,0,0,0,0.05,0.05,0,0,0,0,19-DEC-2017,
OPTSTK,SUNTV,22-Feb-2018,580,PE,0,0,0,0.1,0.05,0,0,0,0,19-DEC-2017,
OPTSTK,SUNTV,22-Feb-2018,600,PE,0,0,0,0.2,0.05,0,0,0,0,19-DEC-2017,
OPTSTK,SUNTV,22-Feb-2018,620,PE,0,0,0,0.4,0.1,0,0,0,0,19-DEC-2017,
OPTSTK,SUNTV,22-Feb-2018,640,PE,0,0,0,0.7,0.2,0,0,0,0,19-DEC-2017,
OPTSTK,SUNTV,22-Feb-2018,660,PE,0,0,0,1.2,0.35,0,0,0,0,19-DEC-2017,
OPTSTK,SUNTV,22-Feb-2018,680,PE,0,0,0,2,0.6,0,0,0,0,19-DEC-2017,
OPTSTK,SUNTV,22-Feb-2018,700,PE,0,0,0,3.25,1,0,0,0,0,19-DEC-2017,
OPTSTK,SUNTV,22-Feb-2018,720,PE,0,0,0,4.95,1.65,0,0,0,0,19-DEC-2017,
OPTSTK,SUNTV,22-Feb-2018,740,PE,0,0,0,7.3,2.6,0,0,0,0,19-DEC-2017,
OPTSTK,SUNTV,22-Feb-2018,760,PE,0,0,0,10.45,3.95,0,0,0,0,19-DEC-2017,
OPTSTK,SUNTV,22-Feb-2018,780,PE,0,0,0,14.5,5.8,0,0,0,0,19-DEC-2017,
OPTSTK,SUNTV,22-Feb-2018,800,PE,0,0,0,19.55,8.3,0,0,0,0,19-DEC-2017,
OPTSTK,SUNTV,22-Feb-2018,820,PE,0,0,0,25.65,11.5,0,0,0,0,19-DEC-2017,
OPTSTK,SUNTV,22-Feb-2018,840,PE,0,0,0,32.95,15.55,0,0,0,0,19-DEC-2017,
OPTSTK,SUNTV,22-Feb-2018,860,PE,0,0,0,41.5,20.55,0,0,0,0,19-DEC-2017,
OPTSTK,SUNTV,22-Feb-2018,880,PE,0,0,0,51.2,26.45,0,0,0,0,19-DEC-2017,
OPTSTK,SUNTV,22-Feb-2018,900,PE,0,0,0,62.05,33.5,0,0,0,0,19-DEC-2017,
OPTSTK,SUNTV,22-Feb-2018,920,PE,0,0,0,74.1,41.7,0,0,0,0,19-DEC-2017,
OPTSTK,SUNTV,22-Feb-2018,940,PE,0,0,0,87.15,50.95,0,0,0,0,19-DEC-2017,
OPTSTK,SUNTV,22-Feb-2018,960,PE,0,0,0,101.2,61.3,0,0,0,0,19-DEC-2017,
OPTSTK,SUNTV,22-Feb-2018,980,PE,0,0,0,116.2,72.75,0,0,0,0,19-DEC-2017,
OPTSTK,SUNTV,22-Feb-2018,1000,PE,0,0,0,131.9,85.2,0,0,0,0,19-DEC-2017,
OPTSTK,SUNTV,22-Feb-2018,1020,PE,0,0,0,148.35,98.65,0,0,0,0,19-DEC-2017,
OPTSTK,SUNTV,22-Feb-2018,1040,PE,0,0,0,165.35,112.95,0,0,0,0,19-DEC-2017,
OPTSTK,SUNTV,22-Feb-2018,1060,PE,0,0,0,182.9,128.1,0,0,0,0,19-DEC-2017,
OPTSTK,SUNTV,22-Feb-2018,1080,PE,0,0,0,200.85,143.9,0,0,0,0,19-DEC-2017,
OPTSTK,SUNTV,22-Feb-2018,1100,PE,0,0,0,219.15,160.4,0,0,0,0,19-DEC-2017,
OPTSTK,SUNTV,22-Feb-2018,1120,PE,0,0,0,237.75,177.4,0,0,0,0,19-DEC-2017,
OPTSTK,SUNTV,22-Feb-2018,1140,PE,0,0,0,256.6,194.9,0,0,0,0,19-DEC-2017,
OPTSTK,SUZLON,28-Dec-2017,2.5,CE,0,0,0,12.95,11.2,0,0,0,0,19-DEC-2017,
OPTSTK,SUZLON,28-Dec-2017,5,CE,0,0,0,10.5,8.75,0,0,0,0,19-DEC-2017,
OPTSTK,SUZLON,28-Dec-2017,7.5,CE,0,0,0,8.05,6.25,0,0,0,0,19-DEC-2017,
OPTSTK,SUZLON,28-Dec-2017,10,CE,3.65,3.65,3.65,3.65,3.65,4,16.38,2220000,120000,19-DEC-2017,
OPTSTK,SUZLON,28-Dec-2017,12.5,CE,1.35,1.35,1.3,1.35,1.35,5,20.73,1800000,0,19-DEC-2017,
OPTSTK,SUZLON,28-Dec-2017,15,CE,0.15,0.2,0.1,0.15,0.15,341,1550.76,28230000,1260000,19-DEC-2017,
OPTSTK,SUZLON,28-Dec-2017,17.5,CE,0.05,0.05,0.05,0.05,0.05,7,36.85,21210000,210000,19-DEC-2017,
OPTSTK,SUZLON,28-Dec-2017,20,CE,0,0,0,0.05,0,0,0,7590000,0,19-DEC-2017,
OPTSTK,SUZLON,28-Dec-2017,22.5,CE,0,0,0,0.05,0,0,0,1920000,0,19-DEC-2017,
OPTSTK,SUZLON,28-Dec-2017,25,CE,0,0,0,0.05,0,0,0,630000,0,19-DEC-2017,
OPTSTK,SUZLON,28-Dec-2017,27.5,CE,0,0,0,0.05,0,0,0,0,0,19-DEC-2017,
OPTSTK,SUZLON,28-Dec-2017,30,CE,0,0,0,0.05,0,0,0,0,0,19-DEC-2017,
OPTSTK,SUZLON,28-Dec-2017,32.5,CE,0,0,0,0.05,0,0,0,0,0,19-DEC-2017,
OPTSTK,SUZLON,28-Dec-2017,35,CE,0,0,0,0.05,0,0,0,0,0,19-DEC-2017,
OPTSTK,SUZLON,28-Dec-2017,2.5,PE,0,0,0,0.05,0,0,0,0,0,19-DEC-2017,
OPTSTK,SUZLON,28-Dec-2017,5,PE,0,0,0,0.05,0,0,0,0,0,19-DEC-2017,
OPTSTK,SUZLON,28-Dec-2017,7.5,PE,0,0,0,0.05,0,0,0,0,0,19-DEC-2017,
OPTSTK,SUZLON,28-Dec-2017,10,PE,0,0,0,0.05,0,0,0,2430000,0,19-DEC-2017,
OPTSTK,SUZLON,28-Dec-2017,12.5,PE,0.1,0.1,0.1,0.1,0.1,43,162.54,5130000,210000,19-DEC-2017,
OPTSTK,SUZLON,28-Dec-2017,15,PE,1.4,1.4,1.35,1.35,1.35,2,9.82,4080000,60000,19-DEC-2017,
OPTSTK,SUZLON,28-Dec-2017,17.5,PE,0,0,0,3.7,3.8,0,0,6000000,0,19-DEC-2017,
OPTSTK,SUZLON,28-Dec-2017,20,PE,0,0,0,6.2,6.3,0,0,1590000,0,19-DEC-2017,
OPTSTK,SUZLON,28-Dec-2017,22.5,PE,0,0,0,9.05,8.8,0,0,270000,0,19-DEC-2017,
OPTSTK,SUZLON,28-Dec-2017,25,PE,0,0,0,9.25,11.3,0,0,0,0,19-DEC-2017,
OPTSTK,SUZLON,28-Dec-2017,27.5,PE,0,0,0,11.7,13.8,0,0,0,0,19-DEC-2017,
OPTSTK,SUZLON,28-Dec-2017,30,PE,0,0,0,14.15,16.25,0,0,0,0,19-DEC-2017,
OPTSTK,SUZLON,28-Dec-2017,32.5,PE,0,0,0,16.6,18.75,0,0,0,0,19-DEC-2017,
OPTSTK,SUZLON,28-Dec-2017,35,PE,0,0,0,19.1,21.25,0,0,0,0,19-DEC-2017,
OPTSTK,SUZLON,25-Jan-2018,2.5,CE,0,0,0,13.4,11.25,0,0,0,0,19-DEC-2017,
OPTSTK,SUZLON,25-Jan-2018,5,CE,0,0,0,10.95,8.75,0,0,0,0,19-DEC-2017,
OPTSTK,SUZLON,25-Jan-2018,7.5,CE,0,0,0,8.5,6.25,0,0,0,0,19-DEC-2017,
OPTSTK,SUZLON,25-Jan-2018,10,CE,0,0,0,6.05,3.8,0,0,0,0,19-DEC-2017,
OPTSTK,SUZLON,25-Jan-2018,12.5,CE,1.6,1.6,1.6,1.6,1.6,1,4.93,35000,35000,19-DEC-2017,
OPTSTK,SUZLON,25-Jan-2018,15,CE,0.45,0.55,0.45,0.5,0.5,27,146.58,1190000,525000,19-DEC-2017,
OPTSTK,SUZLON,25-Jan-2018,17.5,CE,0.15,0.15,0.15,0.15,0.15,2,12.35,595000,35000,19-DEC-2017,
OPTSTK,SUZLON,25-Jan-2018,20,CE,0,0,0,0.1,0,0,0,350000,0,19-DEC-2017,
OPTSTK,SUZLON,25-Jan-2018,22.5,CE,0,0,0,0.1,0,0,0,0,0,19-DEC-2017,
OPTSTK,SUZLON,25-Jan-2018,25,CE,0,0,0,0.05,0,0,0,0,0,19-DEC-2017,
OPTSTK,SUZLON,25-Jan-2018,27.5,CE,0,0,0,0.2,0,0,0,70000,0,19-DEC-2017,
OPTSTK,SUZLON,25-Jan-2018,30,CE,0,0,0,0.05,0,0,0,0,0,19-DEC-2017,
OPTSTK,SUZLON,25-Jan-2018,32.5,CE,0,0,0,0.05,0,0,0,0,0,19-DEC-2017,
OPTSTK,SUZLON,25-Jan-2018,35,CE,0,0,0,0.05,0,0,0,0,0,19-DEC-2017,
OPTSTK,SUZLON,25-Jan-2018,2.5,PE,0,0,0,0.05,0,0,0,0,0,19-DEC-2017,
OPTSTK,SUZLON,25-Jan-2018,5,PE,0,0,0,0.05,0,0,0,0,0,19-DEC-2017,
OPTSTK,SUZLON,25-Jan-2018,7.5,PE,0,0,0,0.05,0,0,0,0,0,19-DEC-2017,
OPTSTK,SUZLON,25-Jan-2018,10,PE,0,0,0,0.05,0,0,0,0,0,19-DEC-2017,
OPTSTK,SUZLON,25-Jan-2018,12.5,PE,0,0,0,0.2,0.25,0,0,0,0,19-DEC-2017,
OPTSTK,SUZLON,25-Jan-2018,15,PE,0,0,0,0.85,1.5,0,0,0,0,19-DEC-2017,
OPTSTK,SUZLON,25-Jan-2018,17.5,PE,0,0,0,2.2,3.75,0,0,0,0,19-DEC-2017,
OPTSTK,SUZLON,25-Jan-2018,20,PE,0,0,0,4.15,6.2,0,0,0,0,19-DEC-2017,
OPTSTK,SUZLON,25-Jan-2018,22.5,PE,0,0,0,6.4,8.65,0,0,0,0,19-DEC-2017,
OPTSTK,SUZLON,25-Jan-2018,25,PE,0,0,0,8.8,11.15,0,0,0,0,19-DEC-2017,
OPTSTK,SUZLON,25-Jan-2018,27.5,PE,0,0,0,11.25,13.65,0,0,0,0,19-DEC-2017,
OPTSTK,SUZLON,25-Jan-2018,30,PE,0,0,0,13.7,16.1,0,0,0,0,19-DEC-2017,
OPTSTK,SUZLON,25-Jan-2018,32.5,PE,0,0,0,16.15,18.6,0,0,0,0,19-DEC-2017,
OPTSTK,SUZLON,25-Jan-2018,35,PE,0,0,0,18.6,21.1,0,0,0,0,19-DEC-2017,
OPTSTK,SUZLON,22-Feb-2018,2.5,CE,0,0,0,11.5,11.25,0,0,0,0,19-DEC-2017,
OPTSTK,SUZLON,22-Feb-2018,5,CE,0,0,0,9.05,8.8,0,0,0,0,19-DEC-2017,
OPTSTK,SUZLON,22-Feb-2018,7.5,CE,0,0,0,6.6,6.3,0,0,0,0,19-DEC-2017,
OPTSTK,SUZLON,22-Feb-2018,10,CE,0,0,0,4.25,3.85,0,0,0,0,19-DEC-2017,
OPTSTK,SUZLON,22-Feb-2018,12.5,CE,0,0,0,2.35,1.75,0,0,0,0,19-DEC-2017,
OPTSTK,SUZLON,22-Feb-2018,15,CE,0,0,0,1.1,0.55,0,0,0,0,19-DEC-2017,
OPTSTK,SUZLON,22-Feb-2018,17.5,CE,0,0,0,0.5,0.15,0,0,0,0,19-DEC-2017,
OPTSTK,SUZLON,22-Feb-2018,20,CE,0,0,0,0.2,0.05,0,0,0,0,19-DEC-2017,
OPTSTK,SUZLON,22-Feb-2018,22.5,CE,0,0,0,0.1,0,0,0,0,0,19-DEC-2017,
OPTSTK,SUZLON,22-Feb-2018,25,CE,0,0,0,0.05,0,0,0,0,0,19-DEC-2017,
OPTSTK,SUZLON,22-Feb-2018,27.5,CE,0,0,0,0.05,0,0,0,0,0,19-DEC-2017,
OPTSTK,SUZLON,22-Feb-2018,30,CE,0,0,0,0.05,0,0,0,0,0,19-DEC-2017,
OPTSTK,SUZLON,22-Feb-2018,32.5,CE,0,0,0,0.05,0,0,0,0,0,19-DEC-2017,
OPTSTK,SUZLON,22-Feb-2018,35,CE,0,0,0,0.05,0,0,0,0,0,19-DEC-2017,
OPTSTK,SUZLON,22-Feb-2018,2.5,PE,0,0,0,0.05,0,0,0,0,0,19-DEC-2017,
OPTSTK,SUZLON,22-Feb-2018,5,PE,0,0,0,0.05,0,0,0,0,0,19-DEC-2017,
OPTSTK,SUZLON,22-Feb-2018,7.5,PE,0,0,0,0.05,0,0,0,0,0,19-DEC-2017,
OPTSTK,SUZLON,22-Feb-2018,10,PE,0,0,0,0.15,0.05,0,0,0,0,19-DEC-2017,
OPTSTK,SUZLON,22-Feb-2018,12.5,PE,0,0,0,0.7,0.4,0,0,0,0,19-DEC-2017,
OPTSTK,SUZLON,22-Feb-2018,15,PE,0,0,0,1.95,1.65,0,0,0,0,19-DEC-2017,
OPTSTK,SUZLON,22-Feb-2018,17.5,PE,0,0,0,3.8,3.75,0,0,0,0,19-DEC-2017,
OPTSTK,SUZLON,22-Feb-2018,20,PE,0,0,0,5.95,6.1,0,0,0,0,19-DEC-2017,
OPTSTK,SUZLON,22-Feb-2018,22.5,PE,0,0,0,8.3,8.55,0,0,0,0,19-DEC-2017,
OPTSTK,SUZLON,22-Feb-2018,25,PE,0,0,0,10.75,11.05,0,0,0,0,19-DEC-2017,
OPTSTK,SUZLON,22-Feb-2018,27.5,PE,0,0,0,13.2,13.5,0,0,0,0,19-DEC-2017,
OPTSTK,SUZLON,22-Feb-2018,30,PE,0,0,0,15.65,16,0,0,0,0,19-DEC-2017,
OPTSTK,SUZLON,22-Feb-2018,32.5,PE,0,0,0,18.1,18.45,0,0,0,0,19-DEC-2017,
OPTSTK,SUZLON,22-Feb-2018,35,PE,0,0,0,20.55,20.9,0,0,0,0,19-DEC-2017,
OPTSTK,SYNDIBANK,28-Dec-2017,45,CE,0,0,0,18.25,40.5,0,0,0,0,19-DEC-2017,
OPTSTK,SYNDIBANK,28-Dec-2017,47.5,CE,0,0,0,15.95,38,0,0,0,0,19-DEC-2017,
OPTSTK,SYNDIBANK,28-Dec-2017,50,CE,0,0,0,13.75,35.5,0,0,0,0,19-DEC-2017,
OPTSTK,SYNDIBANK,28-Dec-2017,52.5,CE,0,0,0,11.65,33,0,0,0,0,19-DEC-2017,
OPTSTK,SYNDIBANK,28-Dec-2017,55,CE,0,0,0,9.75,30.5,0,0,0,0,19-DEC-2017,
OPTSTK,SYNDIBANK,28-Dec-2017,57.5,CE,0,0,0,8.05,28,0,0,0,0,19-DEC-2017,
OPTSTK,SYNDIBANK,28-Dec-2017,60,CE,0,0,0,6.55,25.5,0,0,0,0,19-DEC-2017,
OPTSTK,SYNDIBANK,28-Dec-2017,62.5,CE,0,0,0,5.2,23,0,0,0,0,19-DEC-2017,
OPTSTK,SYNDIBANK,28-Dec-2017,65,CE,0,0,0,4.1,20.5,0,0,0,0,19-DEC-2017,
OPTSTK,SYNDIBANK,28-Dec-2017,67.5,CE,0,0,0,3.2,18.05,0,0,0,0,19-DEC-2017,
OPTSTK,SYNDIBANK,28-Dec-2017,70,CE,0,0,0,23,15.55,0,0,27000,0,19-DEC-2017,
OPTSTK,SYNDIBANK,28-Dec-2017,72.5,CE,0,0,0,1.9,13.05,0,0,0,0,19-DEC-2017,
OPTSTK,SYNDIBANK,28-Dec-2017,75,CE,0,0,0,10.55,10.65,0,0,27000,0,19-DEC-2017,
OPTSTK,SYNDIBANK,28-Dec-2017,77.5,CE,0,0,0,8.3,8.35,0,0,18000,0,19-DEC-2017,
OPTSTK,SYNDIBANK,28-Dec-2017,80,CE,6.6,6.6,6.05,6.05,6.05,2,15.53,279000,0,19-DEC-2017,
OPTSTK,SYNDIBANK,28-Dec-2017,82.5,CE,0,0,0,4.6,4.4,0,0,81000,0,19-DEC-2017,
OPTSTK,SYNDIBANK,28-Dec-2017,85,CE,2.95,3,1.95,2.4,2.4,37,290.94,513000,45000,19-DEC-2017,
OPTSTK,SYNDIBANK,28-Dec-2017,87.5,CE,2.25,2.25,1.15,1.55,1.55,94,752.28,756000,198000,19-DEC-2017,
OPTSTK,SYNDIBANK,28-Dec-2017,90,CE,1.1,1.15,0.65,0.9,0.9,52,425.26,1395000,72000,19-DEC-2017,
OPTSTK,SYNDIBANK,28-Dec-2017,92.5,CE,0.5,0.55,0.5,0.5,0.5,7,58.6,279000,18000,19-DEC-2017,
OPTSTK,SYNDIBANK,28-Dec-2017,95,CE,0.35,0.4,0.35,0.4,0.4,26,223.15,1386000,-54000,19-DEC-2017,
OPTSTK,SYNDIBANK,28-Dec-2017,97.5,CE,0.25,0.25,0.2,0.2,0.2,13,114.36,171000,54000,19-DEC-2017,
OPTSTK,SYNDIBANK,28-Dec-2017,100,CE,0.2,0.2,0.15,0.15,0.15,15,135.23,1053000,-18000,19-DEC-2017,
OPTSTK,SYNDIBANK,28-Dec-2017,102.5,CE,0,0,0,0.1,0.05,0,0,99000,0,19-DEC-2017,
OPTSTK,SYNDIBANK,28-Dec-2017,105,CE,0,0,0,0.15,0.05,0,0,153000,0,19-DEC-2017,
OPTSTK,SYNDIBANK,28-Dec-2017,107.5,CE,0,0,0,0.2,0,0,0,27000,0,19-DEC-2017,
OPTSTK,SYNDIBANK,28-Dec-2017,110,CE,0,0,0,0.15,0,0,0,54000,0,19-DEC-2017,
OPTSTK,SYNDIBANK,28-Dec-2017,45,PE,0,0,0,2.8,0,0,0,9000,0,19-DEC-2017,
OPTSTK,SYNDIBANK,28-Dec-2017,47.5,PE,0,0,0,2.3,0,0,0,9000,0,19-DEC-2017,
OPTSTK,SYNDIBANK,28-Dec-2017,50,PE,0,0,0,0.6,0,0,0,0,0,19-DEC-2017,
OPTSTK,SYNDIBANK,28-Dec-2017,52.5,PE,0,0,0,1,0,0,0,0,0,19-DEC-2017,
OPTSTK,SYNDIBANK,28-Dec-2017,55,PE,0,0,0,1.55,0,0,0,0,0,19-DEC-2017,
OPTSTK,SYNDIBANK,28-Dec-2017,57.5,PE,0,0,0,2.3,0,0,0,0,0,19-DEC-2017,
OPTSTK,SYNDIBANK,28-Dec-2017,60,PE,0,0,0,3.25,0,0,0,0,0,19-DEC-2017,
OPTSTK,SYNDIBANK,28-Dec-2017,62.5,PE,0,0,0,4.4,0,0,0,0,0,19-DEC-2017,
OPTSTK,SYNDIBANK,28-Dec-2017,65,PE,0,0,0,5.75,0,0,0,0,0,19-DEC-2017,
OPTSTK,SYNDIBANK,28-Dec-2017,67.5,PE,0,0,0,7.3,0,0,0,0,0,19-DEC-2017,
OPTSTK,SYNDIBANK,28-Dec-2017,70,PE,0,0,0,0.2,0.05,0,0,54000,0,19-DEC-2017,
OPTSTK,SYNDIBANK,28-Dec-2017,72.5,PE,0,0,0,0.05,0.05,0,0,0,0,19-DEC-2017,
OPTSTK,SYNDIBANK,28-Dec-2017,75,PE,0.35,0.35,0.35,0.35,0.35,1,6.78,144000,0,19-DEC-2017,
OPTSTK,SYNDIBANK,28-Dec-2017,77.5,PE,0.25,0.25,0.25,0.25,0.25,4,27.99,45000,9000,19-DEC-2017,
OPTSTK,SYNDIBANK,28-Dec-2017,80,PE,0.35,0.55,0.35,0.55,0.55,18,130.38,261000,-54000,19-DEC-2017,
OPTSTK,SYNDIBANK,28-Dec-2017,82.5,PE,0.75,1.05,0.75,1.05,1.05,17,127.75,135000,9000,19-DEC-2017,
OPTSTK,SYNDIBANK,28-Dec-2017,85,PE,1.45,2.2,1.45,1.8,1.8,19,148.6,414000,27000,19-DEC-2017,
OPTSTK,SYNDIBANK,28-Dec-2017,87.5,PE,2.85,3.8,2.85,3.4,3.4,14,114.48,135000,9000,19-DEC-2017,
OPTSTK,SYNDIBANK,28-Dec-2017,90,PE,0,0,0,8.4,5.55,0,0,117000,0,19-DEC-2017,
OPTSTK,SYNDIBANK,28-Dec-2017,92.5,PE,0,0,0,6.75,7.55,0,0,54000,0,19-DEC-2017,
OPTSTK,SYNDIBANK,28-Dec-2017,95,PE,8.7,8.7,8.7,8.7,8.7,1,9.33,63000,0,19-DEC-2017,
OPTSTK,SYNDIBANK,28-Dec-2017,97.5,PE,0,0,0,8.8,12.1,0,0,18000,0,19-DEC-2017,
OPTSTK,SYNDIBANK,28-Dec-2017,100,PE,0,0,0,14.6,14.5,0,0,9000,0,19-DEC-2017,
OPTSTK,SYNDIBANK,28-Dec-2017,102.5,PE,0,0,0,14.3,17,0,0,9000,0,19-DEC-2017,
OPTSTK,SYNDIBANK,28-Dec-2017,105,PE,0,0,0,25.55,19.45,0,0,0,0,19-DEC-2017,
OPTSTK,SYNDIBANK,28-Dec-2017,107.5,PE,0,0,0,27.45,21.95,0,0,0,0,19-DEC-2017,
OPTSTK,SYNDIBANK,28-Dec-2017,110,PE,0,0,0,29.4,24.45,0,0,0,0,19-DEC-2017,
OPTSTK,SYNDIBANK,25-Jan-2018,52.5,CE,0,0,0,32.45,33.25,0,0,0,0,19-DEC-2017,
OPTSTK,SYNDIBANK,25-Jan-2018,55,CE,0,0,0,30.55,30.8,0,0,0,0,19-DEC-2017,
OPTSTK,SYNDIBANK,25-Jan-2018,57.5,CE,0,0,0,28.7,28.3,0,0,0,0,19-DEC-2017,
OPTSTK,SYNDIBANK,25-Jan-2018,60,CE,0,0,0,26.95,25.85,0,0,0,0,19-DEC-2017,
OPTSTK,SYNDIBANK,25-Jan-2018,62.5,CE,0,0,0,25.25,23.4,0,0,0,0,19-DEC-2017,
OPTSTK,SYNDIBANK,25-Jan-2018,65,CE,0,0,0,23.65,21,0,0,0,0,19-DEC-2017,
OPTSTK,SYNDIBANK,25-Jan-2018,67.5,CE,0,0,0,22.15,18.7,0,0,0,0,19-DEC-2017,
OPTSTK,SYNDIBANK,25-Jan-2018,70,CE,0,0,0,20.7,16.4,0,0,0,0,19-DEC-2017,
OPTSTK,SYNDIBANK,25-Jan-2018,72.5,CE,0,0,0,19.35,14.25,0,0,0,0,19-DEC-2017,
OPTSTK,SYNDIBANK,25-Jan-2018,75,CE,0,0,0,18.1,12.25,0,0,0,0,19-DEC-2017,
OPTSTK,SYNDIBANK,25-Jan-2018,77.5,CE,0,0,0,16.9,10.4,0,0,0,0,19-DEC-2017,
OPTSTK,SYNDIBANK,25-Jan-2018,80,CE,0,0,0,15.75,8.7,0,0,0,0,19-DEC-2017,
OPTSTK,SYNDIBANK,25-Jan-2018,82.5,CE,0,0,0,14.7,7.15,0,0,0,0,19-DEC-2017,
OPTSTK,SYNDIBANK,25-Jan-2018,85,CE,0,0,0,13.7,5.85,0,0,0,0,19-DEC-2017,
OPTSTK,SYNDIBANK,25-Jan-2018,87.5,CE,0,0,0,12.75,4.7,0,0,0,0,19-DEC-2017,
OPTSTK,SYNDIBANK,25-Jan-2018,90,CE,0,0,0,3,3.7,0,0,9000,0,19-DEC-2017,
OPTSTK,SYNDIBANK,25-Jan-2018,92.5,CE,0,0,0,11.05,2.9,0,0,0,0,19-DEC-2017,
OPTSTK,SYNDIBANK,25-Jan-2018,95,CE,0,0,0,1.5,2.25,0,0,18000,0,19-DEC-2017,
OPTSTK,SYNDIBANK,25-Jan-2018,97.5,CE,0,0,0,9.55,1.75,0,0,0,0,19-DEC-2017,
OPTSTK,SYNDIBANK,25-Jan-2018,100,CE,0,0,0,8.9,1.3,0,0,0,0,19-DEC-2017,
OPTSTK,SYNDIBANK,25-Jan-2018,102.5,CE,0,0,0,8.25,1,0,0,0,0,19-DEC-2017,
OPTSTK,SYNDIBANK,25-Jan-2018,105,CE,0,0,0,7.7,0.75,0,0,0,0,19-DEC-2017,
OPTSTK,SYNDIBANK,25-Jan-2018,107.5,CE,0,0,0,7.15,0.55,0,0,0,0,19-DEC-2017,
OPTSTK,SYNDIBANK,25-Jan-2018,110,CE,0,0,0,6.65,0.4,0,0,0,0,19-DEC-2017,
OPTSTK,SYNDIBANK,25-Jan-2018,52.5,PE,0,0,0,2.2,0,0,0,0,0,19-DEC-2017,
OPTSTK,SYNDIBANK,25-Jan-2018,55,PE,0,0,0,2.75,0.05,0,0,0,0,19-DEC-2017,
OPTSTK,SYNDIBANK,25-Jan-2018,57.5,PE,0,0,0,3.4,0.05,0,0,0,0,19-DEC-2017,
OPTSTK,SYNDIBANK,25-Jan-2018,60,PE,0,0,0,4.1,0.05,0,0,0,0,19-DEC-2017,
OPTSTK,SYNDIBANK,25-Jan-2018,62.5,PE,0,0,0,4.9,0.1,0,0,0,0,19-DEC-2017,
OPTSTK,SYNDIBANK,25-Jan-2018,65,PE,0,0,0,5.75,0.2,0,0,0,0,19-DEC-2017,
OPTSTK,SYNDIBANK,25-Jan-2018,67.5,PE,0,0,0,6.7,0.35,0,0,0,0,19-DEC-2017,
OPTSTK,SYNDIBANK,25-Jan-2018,70,PE,0,0,0,7.7,0.55,0,0,0,0,19-DEC-2017,
OPTSTK,SYNDIBANK,25-Jan-2018,72.5,PE,0,0,0,8.85,0.9,0,0,0,0,19-DEC-2017,
OPTSTK,SYNDIBANK,25-Jan-2018,75,PE,0,0,0,10,1.35,0,0,0,0,19-DEC-2017,
OPTSTK,SYNDIBANK,25-Jan-2018,77.5,PE,0,0,0,11.25,1.95,0,0,0,0,19-DEC-2017,
OPTSTK,SYNDIBANK,25-Jan-2018,80,PE,0,0,0,12.6,2.75,0,0,0,0,19-DEC-2017,
OPTSTK,SYNDIBANK,25-Jan-2018,82.5,PE,0,0,0,14,3.7,0,0,0,0,19-DEC-2017,
OPTSTK,SYNDIBANK,25-Jan-2018,85,PE,0,0,0,15.45,4.9,0,0,0,0,19-DEC-2017,
OPTSTK,SYNDIBANK,25-Jan-2018,87.5,PE,0,0,0,16.95,6.2,0,0,0,0,19-DEC-2017,
OPTSTK,SYNDIBANK,25-Jan-2018,90,PE,0,0,0,18.55,7.75,0,0,0,0,19-DEC-2017,
OPTSTK,SYNDIBANK,25-Jan-2018,92.5,PE,0,0,0,20.2,9.4,0,0,0,0,19-DEC-2017,
OPTSTK,SYNDIBANK,25-Jan-2018,95,PE,0,0,0,21.9,11.25,0,0,0,0,19-DEC-2017,
OPTSTK,SYNDIBANK,25-Jan-2018,97.5,PE,0,0,0,23.65,13.2,0,0,0,0,19-DEC-2017,
OPTSTK,SYNDIBANK,25-Jan-2018,100,PE,0,0,0,25.4,15.25,0,0,0,0,19-DEC-2017,
OPTSTK,SYNDIBANK,25-Jan-2018,102.5,PE,0,0,0,27.25,17.4,0,0,0,0,19-DEC-2017,
OPTSTK,SYNDIBANK,25-Jan-2018,105,PE,0,0,0,29.15,19.65,0,0,0,0,19-DEC-2017,
OPTSTK,SYNDIBANK,25-Jan-2018,107.5,PE,0,0,0,31.05,21.95,0,0,0,0,19-DEC-2017,
OPTSTK,SYNDIBANK,25-Jan-2018,110,PE,0,0,0,33,24.3,0,0,0,0,19-DEC-2017,
OPTSTK,SYNDIBANK,22-Feb-2018,62.5,CE,0,0,0,32.05,24.05,0,0,0,0,19-DEC-2017,
OPTSTK,SYNDIBANK,22-Feb-2018,65,CE,0,0,0,29.9,21.75,0,0,0,0,19-DEC-2017,
OPTSTK,SYNDIBANK,22-Feb-2018,67.5,CE,0,0,0,27.8,19.6,0,0,0,0,19-DEC-2017,
OPTSTK,SYNDIBANK,22-Feb-2018,70,CE,0,0,0,25.8,17.55,0,0,0,0,19-DEC-2017,
OPTSTK,SYNDIBANK,22-Feb-2018,72.5,CE,0,0,0,23.9,15.55,0,0,0,0,19-DEC-2017,
OPTSTK,SYNDIBANK,22-Feb-2018,75,CE,0,0,0,22.05,13.75,0,0,0,0,19-DEC-2017,
OPTSTK,SYNDIBANK,22-Feb-2018,77.5,CE,0,0,0,20.3,12,0,0,0,0,19-DEC-2017,
OPTSTK,SYNDIBANK,22-Feb-2018,80,CE,0,0,0,18.65,10.45,0,0,0,0,19-DEC-2017,
OPTSTK,SYNDIBANK,22-Feb-2018,82.5,CE,0,0,0,17.05,9.05,0,0,0,0,19-DEC-2017,
OPTSTK,SYNDIBANK,22-Feb-2018,85,CE,0,0,0,15.6,7.75,0,0,0,0,19-DEC-2017,
OPTSTK,SYNDIBANK,22-Feb-2018,87.5,CE,0,0,0,14.2,6.6,0,0,0,0,19-DEC-2017,
OPTSTK,SYNDIBANK,22-Feb-2018,90,CE,0,0,0,12.95,5.6,0,0,0,0,19-DEC-2017,
OPTSTK,SYNDIBANK,22-Feb-2018,92.5,CE,0,0,0,11.75,4.75,0,0,0,0,19-DEC-2017,
OPTSTK,SYNDIBANK,22-Feb-2018,95,CE,0,0,0,10.65,3.95,0,0,0,0,19-DEC-2017,
OPTSTK,SYNDIBANK,22-Feb-2018,97.5,CE,0,0,0,9.65,3.3,0,0,0,0,19-DEC-2017,
OPTSTK,SYNDIBANK,22-Feb-2018,100,CE,0,0,0,8.7,2.75,0,0,0,0,19-DEC-2017,
OPTSTK,SYNDIBANK,22-Feb-2018,102.5,CE,0,0,0,7.85,2.25,0,0,0,0,19-DEC-2017,
OPTSTK,SYNDIBANK,22-Feb-2018,105,CE,0,0,0,7.1,1.85,0,0,0,0,19-DEC-2017,
OPTSTK,SYNDIBANK,22-Feb-2018,107.5,CE,0,0,0,6.35,1.5,0,0,0,0,19-DEC-2017,
OPTSTK,SYNDIBANK,22-Feb-2018,110,CE,0,0,0,5.7,1.25,0,0,0,0,19-DEC-2017,
OPTSTK,SYNDIBANK,22-Feb-2018,62.5,PE,0,0,0,0.9,0.4,0,0,0,0,19-DEC-2017,
OPTSTK,SYNDIBANK,22-Feb-2018,65,PE,0,0,0,1.2,0.65,0,0,0,0,19-DEC-2017,
OPTSTK,SYNDIBANK,22-Feb-2018,67.5,PE,0,0,0,1.6,0.95,0,0,0,0,19-DEC-2017,
OPTSTK,SYNDIBANK,22-Feb-2018,70,PE,0,0,0,2.05,1.35,0,0,0,0,19-DEC-2017,
OPTSTK,SYNDIBANK,22-Feb-2018,72.5,PE,0,0,0,2.55,1.85,0,0,0,0,19-DEC-2017,
OPTSTK,SYNDIBANK,22-Feb-2018,75,PE,0,0,0,3.2,2.5,0,0,0,0,19-DEC-2017,
OPTSTK,SYNDIBANK,22-Feb-2018,77.5,PE,0,0,0,3.9,3.25,0,0,0,0,19-DEC-2017,
OPTSTK,SYNDIBANK,22-Feb-2018,80,PE,0,0,0,4.7,4.15,0,0,0,0,19-DEC-2017,
OPTSTK,SYNDIBANK,22-Feb-2018,82.5,PE,0,0,0,5.6,5.2,0,0,0,0,19-DEC-2017,
OPTSTK,SYNDIBANK,22-Feb-2018,85,PE,0,0,0,6.6,6.4,0,0,0,0,19-DEC-2017,
OPTSTK,SYNDIBANK,22-Feb-2018,87.5,PE,0,0,0,7.7,7.7,0,0,0,0,19-DEC-2017,
OPTSTK,SYNDIBANK,22-Feb-2018,90,PE,0,0,0,8.9,9.2,0,0,0,0,19-DEC-2017,
OPTSTK,SYNDIBANK,22-Feb-2018,92.5,PE,0,0,0,10.15,10.75,0,0,0,0,19-DEC-2017,
OPTSTK,SYNDIBANK,22-Feb-2018,95,PE,0,0,0,11.5,12.5,0,0,0,0,19-DEC-2017,
OPTSTK,SYNDIBANK,22-Feb-2018,97.5,PE,0,0,0,12.95,14.3,0,0,0,0,19-DEC-2017,
OPTSTK,SYNDIBANK,22-Feb-2018,100,PE,0,0,0,14.5,16.2,0,0,0,0,19-DEC-2017,
OPTSTK,SYNDIBANK,22-Feb-2018,102.5,PE,0,0,0,16.1,18.2,0,0,0,0,19-DEC-2017,
OPTSTK,SYNDIBANK,22-Feb-2018,105,PE,0,0,0,17.8,20.25,0,0,0,0,19-DEC-2017,
OPTSTK,SYNDIBANK,22-Feb-2018,107.5,PE,0,0,0,19.55,22.4,0,0,0,0,19-DEC-2017,
OPTSTK,SYNDIBANK,22-Feb-2018,110,PE,0,0,0,21.35,24.6,0,0,0,0,19-DEC-2017,
OPTSTK,TATACHEM,28-Dec-2017,450,CE,0,0,0,192.95,277.7,0,0,0,0,19-DEC-2017,
OPTSTK,TATACHEM,28-Dec-2017,460,CE,0,0,0,183.3,267.75,0,0,0,0,19-DEC-2017,
OPTSTK,TATACHEM,28-Dec-2017,470,CE,0,0,0,173.8,257.75,0,0,0,0,19-DEC-2017,
OPTSTK,TATACHEM,28-Dec-2017,480,CE,0,0,0,164.35,247.75,0,0,0,0,19-DEC-2017,
OPTSTK,TATACHEM,28-Dec-2017,490,CE,0,0,0,155,237.8,0,0,0,0,19-DEC-2017,
OPTSTK,TATACHEM,28-Dec-2017,500,CE,0,0,0,145.85,227.8,0,0,0,0,19-DEC-2017,
OPTSTK,TATACHEM,28-Dec-2017,510,CE,0,0,0,136.85,217.8,0,0,0,0,19-DEC-2017,
OPTSTK,TATACHEM,28-Dec-2017,520,CE,0,0,0,128,207.85,0,0,0,0,19-DEC-2017,
OPTSTK,TATACHEM,28-Dec-2017,530,CE,0,0,0,119.45,197.85,0,0,0,0,19-DEC-2017,
OPTSTK,TATACHEM,28-Dec-2017,540,CE,0,0,0,111.05,187.85,0,0,0,0,19-DEC-2017,
OPTSTK,TATACHEM,28-Dec-2017,550,CE,0,0,0,103,177.9,0,0,0,0,19-DEC-2017,
OPTSTK,TATACHEM,28-Dec-2017,560,CE,0,0,0,95.2,167.9,0,0,0,0,19-DEC-2017,
OPTSTK,TATACHEM,28-Dec-2017,570,CE,0,0,0,87.7,157.9,0,0,0,0,19-DEC-2017,
OPTSTK,TATACHEM,28-Dec-2017,580,CE,0,0,0,80.55,147.9,0,0,0,0,19-DEC-2017,
OPTSTK,TATACHEM,28-Dec-2017,590,CE,0,0,0,73.7,137.95,0,0,0,0,19-DEC-2017,
OPTSTK,TATACHEM,28-Dec-2017,600,CE,0,0,0,67.25,127.95,0,0,0,0,19-DEC-2017,
OPTSTK,TATACHEM,28-Dec-2017,610,CE,0,0,0,112.4,117.95,0,0,3000,0,19-DEC-2017,
OPTSTK,TATACHEM,28-Dec-2017,620,CE,0,0,0,107.5,108,0,0,1500,0,19-DEC-2017,
OPTSTK,TATACHEM,28-Dec-2017,630,CE,0,0,0,50.15,98,0,0,0,0,19-DEC-2017,
OPTSTK,TATACHEM,28-Dec-2017,640,CE,0,0,0,45.15,88,0,0,0,0,19-DEC-2017,
OPTSTK,TATACHEM,28-Dec-2017,650,CE,0,0,0,81.3,78.05,0,0,1500,0,19-DEC-2017,
OPTSTK,TATACHEM,28-Dec-2017,660,CE,0,0,0,36.3,68.1,0,0,0,0,19-DEC-2017,
OPTSTK,TATACHEM,28-Dec-2017,670,CE,0,0,0,60,58.2,0,0,3000,0,19-DEC-2017,
OPTSTK,TATACHEM,28-Dec-2017,680,CE,0,0,0,37,48.5,0,0,4500,0,19-DEC-2017,
OPTSTK,TATACHEM,28-Dec-2017,690,CE,0,0,0,25.55,39.15,0,0,0,0,19-DEC-2017,
OPTSTK,TATACHEM,28-Dec-2017,700,CE,0,0,0,23.6,30.4,0,0,3000,0,19-DEC-2017,
OPTSTK,TATACHEM,28-Dec-2017,710,CE,0,0,0,23,22.5,0,0,7500,0,19-DEC-2017,
OPTSTK,TATACHEM,28-Dec-2017,720,CE,15.6,19.5,15.6,17.3,17.3,27,298.83,67500,7500,19-DEC-2017,
OPTSTK,TATACHEM,28-Dec-2017,730,CE,12.65,14.4,10.95,12.2,12.2,51,568.23,90000,1500,19-DEC-2017,
OPTSTK,TATACHEM,28-Dec-2017,740,CE,7.65,10,7.05,8.45,8.45,40,449.16,147000,-1500,19-DEC-2017,
OPTSTK,TATACHEM,28-Dec-2017,750,CE,5.5,6.6,4.8,5.1,5.1,20,226.69,127500,-3000,19-DEC-2017,
OPTSTK,TATACHEM,28-Dec-2017,760,CE,3.5,4,3,3.15,3.15,30,343.52,136500,18000,19-DEC-2017,
OPTSTK,TATACHEM,28-Dec-2017,770,CE,2,2,2,2,2,4,46.32,31500,-3000,19-DEC-2017,
OPTSTK,TATACHEM,28-Dec-2017,780,CE,1.6,1.6,1.35,1.45,1.45,7,82.05,60000,-1500,19-DEC-2017,
OPTSTK,TATACHEM,28-Dec-2017,790,CE,0,0,0,2.7,0.2,0,0,4500,0,19-DEC-2017,
OPTSTK,TATACHEM,28-Dec-2017,800,CE,0.95,0.95,0.75,0.75,0.75,4,48.05,31500,1500,19-DEC-2017,
OPTSTK,TATACHEM,28-Dec-2017,810,CE,0,0,0,4.9,0.05,0,0,0,0,19-DEC-2017,
OPTSTK,TATACHEM,28-Dec-2017,820,CE,0,0,0,0.9,0.05,0,0,4500,0,19-DEC-2017,
OPTSTK,TATACHEM,28-Dec-2017,830,CE,0,0,0,3.6,0,0,0,0,0,19-DEC-2017,
OPTSTK,TATACHEM,28-Dec-2017,840,CE,0,0,0,3.1,0,0,0,0,0,19-DEC-2017,
OPTSTK,TATACHEM,28-Dec-2017,850,CE,0,0,0,5.4,0,0,0,0,0,19-DEC-2017,
OPTSTK,TATACHEM,28-Dec-2017,860,CE,0,0,0,1,0,0,0,1500,0,19-DEC-2017,
OPTSTK,TATACHEM,28-Dec-2017,450,PE,0,0,0,0.55,0,0,0,0,0,19-DEC-2017,
OPTSTK,TATACHEM,28-Dec-2017,460,PE,0,0,0,0.75,0,0,0,0,0,19-DEC-2017,
OPTSTK,TATACHEM,28-Dec-2017,470,PE,0,0,0,1.05,0,0,0,0,0,19-DEC-2017,
OPTSTK,TATACHEM,28-Dec-2017,480,PE,0,0,0,1.45,0,0,0,0,0,19-DEC-2017,
OPTSTK,TATACHEM,28-Dec-2017,490,PE,0,0,0,2,0,0,0,0,0,19-DEC-2017,
OPTSTK,TATACHEM,28-Dec-2017,500,PE,0,0,0,2.65,0,0,0,0,0,19-DEC-2017,
OPTSTK,TATACHEM,28-Dec-2017,510,PE,0,0,0,3.5,0,0,0,0,0,19-DEC-2017,
OPTSTK,TATACHEM,28-Dec-2017,520,PE,0,0,0,4.55,0,0,0,0,0,19-DEC-2017,
OPTSTK,TATACHEM,28-Dec-2017,530,PE,0,0,0,5.8,0,0,0,0,0,19-DEC-2017,
OPTSTK,TATACHEM,28-Dec-2017,540,PE,0,0,0,7.25,0,0,0,0,0,19-DEC-2017,
OPTSTK,TATACHEM,28-Dec-2017,550,PE,0,0,0,9.05,0,0,0,0,0,19-DEC-2017,
OPTSTK,TATACHEM,28-Dec-2017,560,PE,0,0,0,11.05,0,0,0,0,0,19-DEC-2017,
OPTSTK,TATACHEM,28-Dec-2017,570,PE,0,0,0,13.45,0,0,0,0,0,19-DEC-2017,
OPTSTK,TATACHEM,28-Dec-2017,580,PE,0,0,0,16.15,0,0,0,0,0,19-DEC-2017,
OPTSTK,TATACHEM,28-Dec-2017,590,PE,0,0,0,19.15,0,0,0,0,0,19-DEC-2017,
OPTSTK,TATACHEM,28-Dec-2017,600,PE,0,0,0,22.55,0,0,0,0,0,19-DEC-2017,
OPTSTK,TATACHEM,28-Dec-2017,610,PE,0,0,0,26.3,0,0,0,0,0,19-DEC-2017,
OPTSTK,TATACHEM,28-Dec-2017,620,PE,0,0,0,30.4,0,0,0,0,0,19-DEC-2017,
OPTSTK,TATACHEM,28-Dec-2017,630,PE,0,0,0,34.9,0,0,0,0,0,19-DEC-2017,
OPTSTK,TATACHEM,28-Dec-2017,640,PE,0,0,0,39.8,0,0,0,0,0,19-DEC-2017,
OPTSTK,TATACHEM,28-Dec-2017,650,PE,0,0,0,1.95,0.05,0,0,1500,0,19-DEC-2017,
OPTSTK,TATACHEM,28-Dec-2017,660,PE,0,0,0,2.4,0.05,0,0,1500,0,19-DEC-2017,
OPTSTK,TATACHEM,28-Dec-2017,670,PE,0,0,0,0.55,0.2,0,0,4500,0,19-DEC-2017,
OPTSTK,TATACHEM,28-Dec-2017,680,PE,1.65,1.65,0.95,0.95,0.95,3,30.66,18000,3000,19-DEC-2017,
OPTSTK,TATACHEM,28-Dec-2017,690,PE,1.7,1.7,1.7,1.7,1.7,1,10.37,25500,0,19-DEC-2017,
OPTSTK,TATACHEM,28-Dec-2017,700,PE,3,3.05,2.5,2.5,2.5,6,63.25,57000,-1500,19-DEC-2017,
OPTSTK,TATACHEM,28-Dec-2017,710,PE,0,0,0,8.3,4.4,0,0,21000,0,19-DEC-2017,
OPTSTK,TATACHEM,28-Dec-2017,720,PE,10.6,10.6,7.8,8.1,8.1,14,153.12,54000,6000,19-DEC-2017,
OPTSTK,TATACHEM,28-Dec-2017,730,PE,13,13,13,13,13,1,11.14,45000,1500,19-DEC-2017,
OPTSTK,TATACHEM,28-Dec-2017,740,PE,21,21,18,18.25,18.25,5,56.95,42000,-1500,19-DEC-2017,
OPTSTK,TATACHEM,28-Dec-2017,750,PE,0,0,0,27.95,25.55,0,0,7500,0,19-DEC-2017,
OPTSTK,TATACHEM,28-Dec-2017,760,PE,0,0,0,28.4,33.85,0,0,4500,0,19-DEC-2017,
OPTSTK,TATACHEM,28-Dec-2017,770,PE,0,0,0,34.65,42.8,0,0,7500,0,19-DEC-2017,
OPTSTK,TATACHEM,28-Dec-2017,780,PE,0,0,0,59,52.25,0,0,1500,0,19-DEC-2017,
OPTSTK,TATACHEM,28-Dec-2017,790,PE,0,0,0,148.95,62,0,0,0,0,19-DEC-2017,
OPTSTK,TATACHEM,28-Dec-2017,800,PE,0,0,0,66,71.85,0,0,12000,0,19-DEC-2017,
OPTSTK,TATACHEM,28-Dec-2017,810,PE,0,0,0,166.9,81.8,0,0,0,0,19-DEC-2017,
OPTSTK,TATACHEM,28-Dec-2017,820,PE,0,0,0,84.05,91.75,0,0,7500,0,19-DEC-2017,
OPTSTK,TATACHEM,28-Dec-2017,830,PE,0,0,0,185.3,101.75,0,0,0,0,19-DEC-2017,
OPTSTK,TATACHEM,28-Dec-2017,840,PE,0,0,0,194.6,111.7,0,0,0,0,19-DEC-2017,
OPTSTK,TATACHEM,28-Dec-2017,850,PE,0,0,0,178.9,121.7,0,0,0,0,19-DEC-2017,
OPTSTK,TATACHEM,28-Dec-2017,860,PE,0,0,0,188,131.7,0,0,0,0,19-DEC-2017,
OPTSTK,TATACHEM,25-Jan-2018,560,CE,0,0,0,207.7,170.65,0,0,0,0,19-DEC-2017,
OPTSTK,TATACHEM,25-Jan-2018,570,CE,0,0,0,198.25,160.75,0,0,0,0,19-DEC-2017,
OPTSTK,TATACHEM,25-Jan-2018,580,CE,0,0,0,188.85,150.8,0,0,0,0,19-DEC-2017,
OPTSTK,TATACHEM,25-Jan-2018,590,CE,0,0,0,179.6,140.9,0,0,0,0,19-DEC-2017,
OPTSTK,TATACHEM,25-Jan-2018,600,CE,0,0,0,170.45,131,0,0,0,0,19-DEC-2017,
OPTSTK,TATACHEM,25-Jan-2018,610,CE,0,0,0,161.45,121.2,0,0,0,0,19-DEC-2017,
OPTSTK,TATACHEM,25-Jan-2018,620,CE,0,0,0,152.6,111.4,0,0,0,0,19-DEC-2017,
OPTSTK,TATACHEM,25-Jan-2018,630,CE,0,0,0,143.95,101.7,0,0,0,0,19-DEC-2017,
OPTSTK,TATACHEM,25-Jan-2018,640,CE,0,0,0,135.5,92.2,0,0,0,0,19-DEC-2017,
OPTSTK,TATACHEM,25-Jan-2018,650,CE,0,0,0,127.25,82.85,0,0,0,0,19-DEC-2017,
OPTSTK,TATACHEM,25-Jan-2018,660,CE,0,0,0,119.25,73.8,0,0,0,0,19-DEC-2017,
OPTSTK,TATACHEM,25-Jan-2018,670,CE,0,0,0,111.45,65.05,0,0,0,0,19-DEC-2017,
OPTSTK,TATACHEM,25-Jan-2018,680,CE,0,0,0,103.95,56.75,0,0,0,0,19-DEC-2017,
OPTSTK,TATACHEM,25-Jan-2018,690,CE,0,0,0,96.8,48.9,0,0,0,0,19-DEC-2017,
OPTSTK,TATACHEM,25-Jan-2018,700,CE,46,46,44.95,44.95,44.95,3,33.53,12000,3000,19-DEC-2017,
OPTSTK,TATACHEM,25-Jan-2018,710,CE,0,0,0,83.2,35.05,0,0,0,0,19-DEC-2017,
OPTSTK,TATACHEM,25-Jan-2018,720,CE,31.9,31.9,30.6,30.6,30.6,4,45.07,3000,3000,19-DEC-2017,
OPTSTK,TATACHEM,25-Jan-2018,730,CE,25.65,25.65,25.65,25.65,25.65,3,34,4500,4500,19-DEC-2017,
OPTSTK,TATACHEM,25-Jan-2018,740,CE,0,0,0,16,19.2,0,0,1500,0,19-DEC-2017,
OPTSTK,TATACHEM,25-Jan-2018,750,CE,17.4,17.4,17.4,17.4,17.4,1,11.51,1500,1500,19-DEC-2017,
OPTSTK,TATACHEM,25-Jan-2018,760,CE,0,0,0,54.75,12,0,0,0,0,19-DEC-2017,
OPTSTK,TATACHEM,25-Jan-2018,770,CE,0,0,0,50,9.3,0,0,0,0,19-DEC-2017,
OPTSTK,TATACHEM,25-Jan-2018,780,CE,0,0,0,45.55,7.05,0,0,0,0,19-DEC-2017,
OPTSTK,TATACHEM,25-Jan-2018,790,CE,0,0,0,41.4,5.3,0,0,0,0,19-DEC-2017,
OPTSTK,TATACHEM,25-Jan-2018,800,CE,0,0,0,37.55,3.95,0,0,0,0,19-DEC-2017,
OPTSTK,TATACHEM,25-Jan-2018,810,CE,0,0,0,34,2.85,0,0,0,0,19-DEC-2017,
OPTSTK,TATACHEM,25-Jan-2018,820,CE,0,0,0,3,2.05,0,0,1500,0,19-DEC-2017,
OPTSTK,TATACHEM,25-Jan-2018,830,CE,0,0,0,27.65,1.45,0,0,0,0,19-DEC-2017,
OPTSTK,TATACHEM,25-Jan-2018,840,CE,0,0,0,24.85,1.05,0,0,0,0,19-DEC-2017,
OPTSTK,TATACHEM,25-Jan-2018,850,CE,0,0,0,22.35,0.7,0,0,0,0,19-DEC-2017,
OPTSTK,TATACHEM,25-Jan-2018,860,CE,0,0,0,20.05,0.5,0,0,0,0,19-DEC-2017,
OPTSTK,TATACHEM,25-Jan-2018,560,PE,0,0,0,1.15,0,0,0,0,0,19-DEC-2017,
OPTSTK,TATACHEM,25-Jan-2018,570,PE,0,0,0,1.5,0.05,0,0,0,0,19-DEC-2017,
OPTSTK,TATACHEM,25-Jan-2018,580,PE,0,0,0,1.95,0.05,0,0,0,0,19-DEC-2017,
OPTSTK,TATACHEM,25-Jan-2018,590,PE,0,0,0,2.55,0.05,0,0,0,0,19-DEC-2017,
OPTSTK,TATACHEM,25-Jan-2018,600,PE,0.7,0.7,0.7,0.7,0.7,1,9.01,3000,0,19-DEC-2017,
OPTSTK,TATACHEM,25-Jan-2018,610,PE,0,0,0,4.1,0.2,0,0,0,0,19-DEC-2017,
OPTSTK,TATACHEM,25-Jan-2018,620,PE,0,0,0,1.4,0.35,0,0,1500,0,19-DEC-2017,
OPTSTK,TATACHEM,25-Jan-2018,630,PE,0,0,0,6.25,0.6,0,0,0,0,19-DEC-2017,
OPTSTK,TATACHEM,25-Jan-2018,640,PE,0,0,0,7.65,1,0,0,0,0,19-DEC-2017,
OPTSTK,TATACHEM,25-Jan-2018,650,PE,0,0,0,9.25,1.6,0,0,0,0,19-DEC-2017,
OPTSTK,TATACHEM,25-Jan-2018,660,PE,0,0,0,11.1,2.5,0,0,0,0,19-DEC-2017,
OPTSTK,TATACHEM,25-Jan-2018,670,PE,0,0,0,13.15,3.7,0,0,0,0,19-DEC-2017,
OPTSTK,TATACHEM,25-Jan-2018,680,PE,0,0,0,15.5,5.3,0,0,0,0,19-DEC-2017,
OPTSTK,TATACHEM,25-Jan-2018,690,PE,0,0,0,18.15,7.45,0,0,0,0,19-DEC-2017,
OPTSTK,TATACHEM,25-Jan-2018,700,PE,10.45,10.45,10.45,10.45,10.45,1,10.65,3000,1500,19-DEC-2017,
OPTSTK,TATACHEM,25-Jan-2018,710,PE,15.3,15.3,14.1,14.1,14.1,8,87,12000,12000,19-DEC-2017,
OPTSTK,TATACHEM,25-Jan-2018,720,PE,17.95,17.95,17.95,17.95,17.95,2,22.13,3000,3000,19-DEC-2017,
OPTSTK,TATACHEM,25-Jan-2018,730,PE,0,0,0,31.6,22.05,0,0,0,0,19-DEC-2017,
OPTSTK,TATACHEM,25-Jan-2018,740,PE,0,0,0,35.75,27.4,0,0,0,0,19-DEC-2017,
OPTSTK,TATACHEM,25-Jan-2018,750,PE,34,34,34,34,34,1,11.76,1500,1500,19-DEC-2017,
OPTSTK,TATACHEM,25-Jan-2018,760,PE,0,0,0,45,40.05,0,0,0,0,19-DEC-2017,
OPTSTK,TATACHEM,25-Jan-2018,770,PE,0,0,0,50.1,47.3,0,0,0,0,19-DEC-2017,
OPTSTK,TATACHEM,25-Jan-2018,780,PE,0,0,0,55.5,55,0,0,0,0,19-DEC-2017,
OPTSTK,TATACHEM,25-Jan-2018,790,PE,0,0,0,61.2,63.15,0,0,0,0,19-DEC-2017,
OPTSTK,TATACHEM,25-Jan-2018,800,PE,0,0,0,67.2,71.7,0,0,0,0,19-DEC-2017,
OPTSTK,TATACHEM,25-Jan-2018,810,PE,0,0,0,73.5,80.6,0,0,0,0,19-DEC-2017,
OPTSTK,TATACHEM,25-Jan-2018,820,PE,0,0,0,80.05,89.75,0,0,0,0,19-DEC-2017,
OPTSTK,TATACHEM,25-Jan-2018,830,PE,0,0,0,86.85,99.05,0,0,0,0,19-DEC-2017,
OPTSTK,TATACHEM,25-Jan-2018,840,PE,0,0,0,93.9,108.55,0,0,0,0,19-DEC-2017,
OPTSTK,TATACHEM,25-Jan-2018,850,PE,0,0,0,101.2,118.2,0,0,0,0,19-DEC-2017,
OPTSTK,TATACHEM,25-Jan-2018,860,PE,0,0,0,108.75,127.9,0,0,0,0,19-DEC-2017,
OPTSTK,TATACHEM,22-Feb-2018,560,CE,0,0,0,175.3,173.5,0,0,0,0,19-DEC-2017,
OPTSTK,TATACHEM,22-Feb-2018,570,CE,0,0,0,165.65,163.7,0,0,0,0,19-DEC-2017,
OPTSTK,TATACHEM,22-Feb-2018,580,CE,0,0,0,156.05,153.9,0,0,0,0,19-DEC-2017,
OPTSTK,TATACHEM,22-Feb-2018,590,CE,0,0,0,146.55,144.2,0,0,0,0,19-DEC-2017,
OPTSTK,TATACHEM,22-Feb-2018,600,CE,0,0,0,137.2,134.55,0,0,0,0,19-DEC-2017,
OPTSTK,TATACHEM,22-Feb-2018,610,CE,0,0,0,127.95,125,0,0,0,0,19-DEC-2017,
OPTSTK,TATACHEM,22-Feb-2018,620,CE,0,0,0,118.95,115.6,0,0,0,0,19-DEC-2017,
OPTSTK,TATACHEM,22-Feb-2018,630,CE,0,0,0,110.1,106.4,0,0,0,0,19-DEC-2017,
OPTSTK,TATACHEM,22-Feb-2018,640,CE,0,0,0,101.5,97.4,0,0,0,0,19-DEC-2017,
OPTSTK,TATACHEM,22-Feb-2018,650,CE,0,0,0,93.2,88.65,0,0,0,0,19-DEC-2017,
OPTSTK,TATACHEM,22-Feb-2018,660,CE,0,0,0,85.2,80.2,0,0,0,0,19-DEC-2017,
OPTSTK,TATACHEM,22-Feb-2018,670,CE,0,0,0,77.5,72.1,0,0,0,0,19-DEC-2017,
OPTSTK,TATACHEM,22-Feb-2018,680,CE,0,0,0,70.25,64.45,0,0,0,0,19-DEC-2017,
OPTSTK,TATACHEM,22-Feb-2018,690,CE,0,0,0,63.3,57.15,0,0,0,0,19-DEC-2017,
OPTSTK,TATACHEM,22-Feb-2018,700,CE,0,0,0,56.8,50.35,0,0,0,0,19-DEC-2017,
OPTSTK,TATACHEM,22-Feb-2018,710,CE,0,0,0,50.7,44.05,0,0,0,0,19-DEC-2017,
OPTSTK,TATACHEM,22-Feb-2018,720,CE,0,0,0,45.05,38.3,0,0,0,0,19-DEC-2017,
OPTSTK,TATACHEM,22-Feb-2018,730,CE,0,0,0,39.8,33,0,0,0,0,19-DEC-2017,
OPTSTK,TATACHEM,22-Feb-2018,740,CE,0,0,0,35.05,28.25,0,0,0,0,19-DEC-2017,
OPTSTK,TATACHEM,22-Feb-2018,750,CE,0,0,0,30.65,24,0,0,0,0,19-DEC-2017,
OPTSTK,TATACHEM,22-Feb-2018,760,CE,0,0,0,26.7,20.25,0,0,0,0,19-DEC-2017,
OPTSTK,TATACHEM,22-Feb-2018,770,CE,0,0,0,23.15,16.95,0,0,0,0,19-DEC-2017,
OPTSTK,TATACHEM,22-Feb-2018,780,CE,0,0,0,19.95,14.05,0,0,0,0,19-DEC-2017,
OPTSTK,TATACHEM,22-Feb-2018,790,CE,0,0,0,17.15,11.65,0,0,0,0,19-DEC-2017,
OPTSTK,TATACHEM,22-Feb-2018,800,CE,0,0,0,14.7,9.5,0,0,0,0,19-DEC-2017,
OPTSTK,TATACHEM,22-Feb-2018,810,CE,0,0,0,12.45,7.75,0,0,0,0,19-DEC-2017,
OPTSTK,TATACHEM,22-Feb-2018,820,CE,0,0,0,10.55,6.25,0,0,0,0,19-DEC-2017,
OPTSTK,TATACHEM,22-Feb-2018,830,CE,0,0,0,8.9,5,0,0,0,0,19-DEC-2017,
OPTSTK,TATACHEM,22-Feb-2018,840,CE,0,0,0,7.45,4,0,0,0,0,19-DEC-2017,
OPTSTK,TATACHEM,22-Feb-2018,850,CE,0,0,0,6.25,3.15,0,0,0,0,19-DEC-2017,
OPTSTK,TATACHEM,22-Feb-2018,860,CE,0,0,0,5.2,2.45,0,0,0,0,19-DEC-2017,
OPTSTK,TATACHEM,22-Feb-2018,560,PE,0,0,0,0.4,0.1,0,0,0,0,19-DEC-2017,
OPTSTK,TATACHEM,22-Feb-2018,570,PE,0,0,0,0.6,0.2,0,0,0,0,19-DEC-2017,
OPTSTK,TATACHEM,22-Feb-2018,580,PE,0,0,0,0.85,0.3,0,0,0,0,19-DEC-2017,
OPTSTK,TATACHEM,22-Feb-2018,590,PE,0,0,0,1.2,0.45,0,0,0,0,19-DEC-2017,
OPTSTK,TATACHEM,22-Feb-2018,600,PE,0,0,0,1.7,0.7,0,0,0,0,19-DEC-2017,
OPTSTK,TATACHEM,22-Feb-2018,610,PE,0,0,0,2.35,1.05,0,0,0,0,19-DEC-2017,
OPTSTK,TATACHEM,22-Feb-2018,620,PE,0,0,0,3.15,1.55,0,0,0,0,19-DEC-2017,
OPTSTK,TATACHEM,22-Feb-2018,630,PE,0,0,0,4.15,2.2,0,0,0,0,19-DEC-2017,
OPTSTK,TATACHEM,22-Feb-2018,640,PE,0,0,0,5.45,3.1,0,0,0,0,19-DEC-2017,
OPTSTK,TATACHEM,22-Feb-2018,650,PE,0,0,0,6.95,4.25,0,0,0,0,19-DEC-2017,
OPTSTK,TATACHEM,22-Feb-2018,660,PE,0,0,0,8.8,5.7,0,0,0,0,19-DEC-2017,
OPTSTK,TATACHEM,22-Feb-2018,670,PE,0,0,0,11,7.5,0,0,0,0,19-DEC-2017,
OPTSTK,TATACHEM,22-Feb-2018,680,PE,0,0,0,13.55,9.65,0,0,0,0,19-DEC-2017,
OPTSTK,TATACHEM,22-Feb-2018,690,PE,0,0,0,16.5,12.3,0,0,0,0,19-DEC-2017,
OPTSTK,TATACHEM,22-Feb-2018,700,PE,0,0,0,19.8,15.4,0,0,0,0,19-DEC-2017,
OPTSTK,TATACHEM,22-Feb-2018,710,PE,0,0,0,23.6,18.95,0,0,0,0,19-DEC-2017,
OPTSTK,TATACHEM,22-Feb-2018,720,PE,0,0,0,27.8,23.05,0,0,0,0,19-DEC-2017,
OPTSTK,TATACHEM,22-Feb-2018,730,PE,0,0,0,32.45,27.7,0,0,0,0,19-DEC-2017,
OPTSTK,TATACHEM,22-Feb-2018,740,PE,0,0,0,37.5,32.8,0,0,0,0,19-DEC-2017,
OPTSTK,TATACHEM,22-Feb-2018,750,PE,0,0,0,43,38.45,0,0,0,0,19-DEC-2017,
OPTSTK,TATACHEM,22-Feb-2018,760,PE,0,0,0,48.9,44.55,0,0,0,0,19-DEC-2017,
OPTSTK,TATACHEM,22-Feb-2018,770,PE,0,0,0,55.2,51.15,0,0,0,0,19-DEC-2017,
OPTSTK,TATACHEM,22-Feb-2018,780,PE,0,0,0,61.85,58.15,0,0,0,0,19-DEC-2017,
OPTSTK,TATACHEM,22-Feb-2018,790,PE,0,0,0,68.9,65.65,0,0,0,0,19-DEC-2017,
OPTSTK,TATACHEM,22-Feb-2018,800,PE,0,0,0,76.25,73.4,0,0,0,0,19-DEC-2017,
OPTSTK,TATACHEM,22-Feb-2018,810,PE,0,0,0,83.9,81.5,0,0,0,0,19-DEC-2017,
OPTSTK,TATACHEM,22-Feb-2018,820,PE,0,0,0,91.85,89.9,0,0,0,0,19-DEC-2017,
OPTSTK,TATACHEM,22-Feb-2018,830,PE,0,0,0,100.05,98.55,0,0,0,0,19-DEC-2017,
OPTSTK,TATACHEM,22-Feb-2018,840,PE,0,0,0,108.45,107.4,0,0,0,0,19-DEC-2017,
OPTSTK,TATACHEM,22-Feb-2018,850,PE,0,0,0,117.1,116.45,0,0,0,0,19-DEC-2017,
OPTSTK,TATACHEM,22-Feb-2018,860,PE,0,0,0,125.9,125.65,0,0,0,0,19-DEC-2017,
OPTSTK,TATACOMM,28-Dec-2017,420,CE,0,0,0,258.6,269.2,0,0,0,0,19-DEC-2017,
OPTSTK,TATACOMM,28-Dec-2017,440,CE,0,0,0,239.15,249.25,0,0,0,0,19-DEC-2017,
OPTSTK,TATACOMM,28-Dec-2017,460,CE,0,0,0,219.8,229.3,0,0,0,0,19-DEC-2017,
OPTSTK,TATACOMM,28-Dec-2017,480,CE,0,0,0,200.7,209.3,0,0,0,0,19-DEC-2017,
OPTSTK,TATACOMM,28-Dec-2017,500,CE,0,0,0,182,189.35,0,0,0,0,19-DEC-2017,
OPTSTK,TATACOMM,28-Dec-2017,520,CE,0,0,0,163.8,169.4,0,0,0,0,19-DEC-2017,
OPTSTK,TATACOMM,28-Dec-2017,540,CE,0,0,0,146.25,149.4,0,0,0,0,19-DEC-2017,
OPTSTK,TATACOMM,28-Dec-2017,560,CE,0,0,0,129.5,129.45,0,0,0,0,19-DEC-2017,
OPTSTK,TATACOMM,28-Dec-2017,580,CE,0,0,0,113.7,109.5,0,0,0,0,19-DEC-2017,
OPTSTK,TATACOMM,28-Dec-2017,600,CE,0,0,0,98.95,89.55,0,0,0,0,19-DEC-2017,
OPTSTK,TATACOMM,28-Dec-2017,620,CE,0,0,0,85.3,69.8,0,0,0,0,19-DEC-2017,
OPTSTK,TATACOMM,28-Dec-2017,640,CE,0,0,0,67.55,50.7,0,0,0,0,19-DEC-2017,
OPTSTK,TATACOMM,28-Dec-2017,660,CE,35,35,35,35,35,1,4.86,7000,700,19-DEC-2017,
OPTSTK,TATACOMM,28-Dec-2017,680,CE,17.4,21.1,16.75,19.7,19.7,20,97.85,49000,2800,19-DEC-2017,
OPTSTK,TATACOMM,28-Dec-2017,700,CE,11.65,13,8.5,10.5,10.5,239,1188.77,206500,11900,19-DEC-2017,
OPTSTK,TATACOMM,28-Dec-2017,720,CE,6.95,7,4.25,5.2,5.2,132,670.4,227500,-3500,19-DEC-2017,
OPTSTK,TATACOMM,28-Dec-2017,740,CE,4.05,4.45,2.5,2.95,2.95,125,650.15,259000,-22400,19-DEC-2017,
OPTSTK,TATACOMM,28-Dec-2017,760,CE,2.4,2.5,1.8,2,2,52,277.38,175700,-16100,19-DEC-2017,
OPTSTK,TATACOMM,28-Dec-2017,780,CE,1.2,1.65,0.65,1,1,165,902.09,96600,-4900,19-DEC-2017,
OPTSTK,TATACOMM,28-Dec-2017,800,CE,0.5,0.8,0.5,0.8,0.8,4,22.41,9100,-2100,19-DEC-2017,
OPTSTK,TATACOMM,28-Dec-2017,820,CE,0.5,0.5,0.4,0.4,0.4,9,51.68,17500,-3500,19-DEC-2017,
OPTSTK,TATACOMM,28-Dec-2017,840,CE,0.4,0.4,0.4,0.4,0.4,2,11.76,9100,-1400,19-DEC-2017,
OPTSTK,TATACOMM,28-Dec-2017,860,CE,0,0,0,1.5,0,0,0,1400,0,19-DEC-2017,
OPTSTK,TATACOMM,28-Dec-2017,880,CE,0,0,0,6.1,0,0,0,0,0,19-DEC-2017,
OPTSTK,TATACOMM,28-Dec-2017,900,CE,0,0,0,4.75,0,0,0,0,0,19-DEC-2017,
OPTSTK,TATACOMM,28-Dec-2017,920,CE,0,0,0,3.7,0,0,0,0,0,19-DEC-2017,
OPTSTK,TATACOMM,28-Dec-2017,420,PE,0,0,0,0.2,0,0,0,0,0,19-DEC-2017,
OPTSTK,TATACOMM,28-Dec-2017,440,PE,0,0,0,0.4,0,0,0,0,0,19-DEC-2017,
OPTSTK,TATACOMM,28-Dec-2017,460,PE,0,0,0,0.75,0,0,0,0,0,19-DEC-2017,
OPTSTK,TATACOMM,28-Dec-2017,480,PE,0,0,0,1.35,0,0,0,0,0,19-DEC-2017,
OPTSTK,TATACOMM,28-Dec-2017,500,PE,0,0,0,2.35,0,0,0,0,0,19-DEC-2017,
OPTSTK,TATACOMM,28-Dec-2017,520,PE,0,0,0,3.8,0,0,0,0,0,19-DEC-2017,
OPTSTK,TATACOMM,28-Dec-2017,540,PE,0,0,0,5.95,0,0,0,0,0,19-DEC-2017,
OPTSTK,TATACOMM,28-Dec-2017,560,PE,0,0,0,8.9,0,0,0,0,0,19-DEC-2017,
OPTSTK,TATACOMM,28-Dec-2017,580,PE,0,0,0,12.75,0,0,0,0,0,19-DEC-2017,
OPTSTK,TATACOMM,28-Dec-2017,600,PE,3,3,0.55,0.55,0.55,6,25.27,700,0,19-DEC-2017,
OPTSTK,TATACOMM,28-Dec-2017,620,PE,0.8,0.8,0.8,0.8,0.8,1,4.34,7000,0,19-DEC-2017,
OPTSTK,TATACOMM,28-Dec-2017,640,PE,0,0,0,3.25,1.15,0,0,16100,0,19-DEC-2017,
OPTSTK,TATACOMM,28-Dec-2017,660,PE,4.1,4.1,3.6,3.8,3.8,4,18.58,36400,0,19-DEC-2017,
OPTSTK,TATACOMM,28-Dec-2017,680,PE,11.4,11.4,8,9.1,9.1,22,106.18,70000,1400,19-DEC-2017,
OPTSTK,TATACOMM,28-Dec-2017,700,PE,22.35,22.35,18.5,19,19,7,35.3,100100,-700,19-DEC-2017,
OPTSTK,TATACOMM,28-Dec-2017,720,PE,36.9,39.9,35.9,39.9,39.9,6,31.83,84700,-2800,19-DEC-2017,
OPTSTK,TATACOMM,28-Dec-2017,740,PE,0,0,0,60.85,51.8,0,0,14000,0,19-DEC-2017,
OPTSTK,TATACOMM,28-Dec-2017,760,PE,0,0,0,63.65,70.75,0,0,2800,0,19-DEC-2017,
OPTSTK,TATACOMM,28-Dec-2017,780,PE,0,0,0,80.6,90.35,0,0,700,0,19-DEC-2017,
OPTSTK,TATACOMM,28-Dec-2017,800,PE,0,0,0,131.2,110.25,0,0,0,0,19-DEC-2017,
OPTSTK,TATACOMM,28-Dec-2017,820,PE,0,0,0,147.75,130.2,0,0,0,0,19-DEC-2017,
OPTSTK,TATACOMM,28-Dec-2017,840,PE,0,0,0,164.85,150.15,0,0,0,0,19-DEC-2017,
OPTSTK,TATACOMM,28-Dec-2017,860,PE,0,0,0,182.45,170.15,0,0,0,0,19-DEC-2017,
OPTSTK,TATACOMM,28-Dec-2017,880,PE,0,0,0,200.5,190.1,0,0,0,0,19-DEC-2017,
OPTSTK,TATACOMM,28-Dec-2017,900,PE,0,0,0,218.85,210.05,0,0,0,0,19-DEC-2017,
OPTSTK,TATACOMM,28-Dec-2017,920,PE,0,0,0,237.45,230.05,0,0,0,0,19-DEC-2017,
OPTSTK,TATACOMM,25-Jan-2018,420,CE,0,0,0,262.8,271.3,0,0,0,0,19-DEC-2017,
OPTSTK,TATACOMM,25-Jan-2018,440,CE,0,0,0,243.55,251.45,0,0,0,0,19-DEC-2017,
OPTSTK,TATACOMM,25-Jan-2018,460,CE,0,0,0,224.55,231.55,0,0,0,0,19-DEC-2017,
OPTSTK,TATACOMM,25-Jan-2018,480,CE,0,0,0,205.9,211.7,0,0,0,0,19-DEC-2017,
OPTSTK,TATACOMM,25-Jan-2018,500,CE,0,0,0,187.7,191.85,0,0,0,0,19-DEC-2017,
OPTSTK,TATACOMM,25-Jan-2018,520,CE,0,0,0,170.1,172,0,0,0,0,19-DEC-2017,
OPTSTK,TATACOMM,25-Jan-2018,540,CE,0,0,0,153.25,152.25,0,0,0,0,19-DEC-2017,
OPTSTK,TATACOMM,25-Jan-2018,560,CE,0,0,0,137.15,132.7,0,0,0,0,19-DEC-2017,
OPTSTK,TATACOMM,25-Jan-2018,580,CE,0,0,0,122,113.55,0,0,0,0,19-DEC-2017,
OPTSTK,TATACOMM,25-Jan-2018,600,CE,0,0,0,107.85,95.1,0,0,0,0,19-DEC-2017,
OPTSTK,TATACOMM,25-Jan-2018,620,CE,0,0,0,94.7,77.65,0,0,0,0,19-DEC-2017,
OPTSTK,TATACOMM,25-Jan-2018,640,CE,0,0,0,82.65,61.7,0,0,0,0,19-DEC-2017,
OPTSTK,TATACOMM,25-Jan-2018,660,CE,0,0,0,71.7,47.55,0,0,0,0,19-DEC-2017,
OPTSTK,TATACOMM,25-Jan-2018,680,CE,0,0,0,61.85,35.5,0,0,0,0,19-DEC-2017,
OPTSTK,TATACOMM,25-Jan-2018,700,CE,0,0,0,30.1,25.65,0,0,2400,0,19-DEC-2017,
OPTSTK,TATACOMM,25-Jan-2018,720,CE,0,0,0,21,17.95,0,0,800,0,19-DEC-2017,
OPTSTK,TATACOMM,25-Jan-2018,740,CE,0,0,0,22.8,12.15,0,0,800,0,19-DEC-2017,
OPTSTK,TATACOMM,25-Jan-2018,760,CE,0,0,0,32.4,7.95,0,0,0,0,19-DEC-2017,
OPTSTK,TATACOMM,25-Jan-2018,780,CE,0,0,0,27.25,5,0,0,0,0,19-DEC-2017,
OPTSTK,TATACOMM,25-Jan-2018,800,CE,0,0,0,11.5,3.1,0,0,800,0,19-DEC-2017,
OPTSTK,TATACOMM,25-Jan-2018,820,CE,0,0,0,19,1.85,0,0,0,0,19-DEC-2017,
OPTSTK,TATACOMM,25-Jan-2018,840,CE,0,0,0,15.75,1.05,0,0,0,0,19-DEC-2017,
OPTSTK,TATACOMM,25-Jan-2018,860,CE,0,0,0,13,0.6,0,0,0,0,19-DEC-2017,
OPTSTK,TATACOMM,25-Jan-2018,880,CE,0,0,0,10.7,0.35,0,0,0,0,19-DEC-2017,
OPTSTK,TATACOMM,25-Jan-2018,900,CE,0,0,0,8.8,0.2,0,0,0,0,19-DEC-2017,
OPTSTK,TATACOMM,25-Jan-2018,920,CE,0,0,0,7.2,0.1,0,0,0,0,19-DEC-2017,
OPTSTK,TATACOMM,25-Jan-2018,420,PE,0,0,0,0.5,0,0,0,0,0,19-DEC-2017,
OPTSTK,TATACOMM,25-Jan-2018,440,PE,0,0,0,0.95,0,0,0,0,0,19-DEC-2017,
OPTSTK,TATACOMM,25-Jan-2018,460,PE,0,0,0,1.6,0,0,0,0,0,19-DEC-2017,
OPTSTK,TATACOMM,25-Jan-2018,480,PE,0,0,0,2.65,0,0,0,0,0,19-DEC-2017,
OPTSTK,TATACOMM,25-Jan-2018,500,PE,0,0,0,4.15,0.05,0,0,0,0,19-DEC-2017,
OPTSTK,TATACOMM,25-Jan-2018,520,PE,0,0,0,6.25,0.1,0,0,0,0,19-DEC-2017,
OPTSTK,TATACOMM,25-Jan-2018,540,PE,0,0,0,9.05,0.2,0,0,0,0,19-DEC-2017,
OPTSTK,TATACOMM,25-Jan-2018,560,PE,0,0,0,12.7,0.55,0,0,0,0,19-DEC-2017,
OPTSTK,TATACOMM,25-Jan-2018,580,PE,0,0,0,17.2,1.25,0,0,0,0,19-DEC-2017,
OPTSTK,TATACOMM,25-Jan-2018,600,PE,0,0,0,22.7,2.65,0,0,0,0,19-DEC-2017,
OPTSTK,TATACOMM,25-Jan-2018,620,PE,0,0,0,29.25,5.1,0,0,0,0,19-DEC-2017,
OPTSTK,TATACOMM,25-Jan-2018,640,PE,0,0,0,36.9,9,0,0,0,0,19-DEC-2017,
OPTSTK,TATACOMM,25-Jan-2018,660,PE,0,0,0,45.65,14.7,0,0,0,0,19-DEC-2017,
OPTSTK,TATACOMM,25-Jan-2018,680,PE,0,0,0,55.5,22.55,0,0,0,0,19-DEC-2017,
OPTSTK,TATACOMM,25-Jan-2018,700,PE,0,0,0,31,32.55,0,0,4000,0,19-DEC-2017,
OPTSTK,TATACOMM,25-Jan-2018,720,PE,0,0,0,78.25,44.7,0,0,0,0,19-DEC-2017,
OPTSTK,TATACOMM,25-Jan-2018,740,PE,0,0,0,91.05,58.8,0,0,0,0,19-DEC-2017,
OPTSTK,TATACOMM,25-Jan-2018,760,PE,0,0,0,104.8,74.45,0,0,0,0,19-DEC-2017,
OPTSTK,TATACOMM,25-Jan-2018,780,PE,0,0,0,119.3,91.4,0,0,0,0,19-DEC-2017,
OPTSTK,TATACOMM,25-Jan-2018,800,PE,0,0,0,134.55,109.35,0,0,0,0,19-DEC-2017,
OPTSTK,TATACOMM,25-Jan-2018,820,PE,0,0,0,150.45,127.95,0,0,0,0,19-DEC-2017,
OPTSTK,TATACOMM,25-Jan-2018,840,PE,0,0,0,166.9,147.05,0,0,0,0,19-DEC-2017,
OPTSTK,TATACOMM,25-Jan-2018,860,PE,0,0,0,183.85,166.45,0,0,0,0,19-DEC-2017,
OPTSTK,TATACOMM,25-Jan-2018,880,PE,0,0,0,201.2,186.05,0,0,0,0,19-DEC-2017,
OPTSTK,TATACOMM,25-Jan-2018,900,PE,0,0,0,219,205.8,0,0,0,0,19-DEC-2017,
OPTSTK,TATACOMM,25-Jan-2018,920,PE,0,0,0,237.05,225.55,0,0,0,0,19-DEC-2017,
OPTSTK,TATACOMM,22-Feb-2018,420,CE,0,0,0,276,273.35,0,0,0,0,19-DEC-2017,
OPTSTK,TATACOMM,22-Feb-2018,440,CE,0,0,0,256.3,253.6,0,0,0,0,19-DEC-2017,
OPTSTK,TATACOMM,22-Feb-2018,460,CE,0,0,0,236.6,233.85,0,0,0,0,19-DEC-2017,
OPTSTK,TATACOMM,22-Feb-2018,480,CE,0,0,0,216.95,214.15,0,0,0,0,19-DEC-2017,
OPTSTK,TATACOMM,22-Feb-2018,500,CE,0,0,0,197.35,194.5,0,0,0,0,19-DEC-2017,
OPTSTK,TATACOMM,22-Feb-2018,520,CE,0,0,0,177.9,175.05,0,0,0,0,19-DEC-2017,
OPTSTK,TATACOMM,22-Feb-2018,540,CE,0,0,0,158.7,155.85,0,0,0,0,19-DEC-2017,
OPTSTK,TATACOMM,22-Feb-2018,560,CE,0,0,0,139.9,137.1,0,0,0,0,19-DEC-2017,
OPTSTK,TATACOMM,22-Feb-2018,580,CE,0,0,0,121.7,119.05,0,0,0,0,19-DEC-2017,
OPTSTK,TATACOMM,22-Feb-2018,600,CE,0,0,0,104.4,101.85,0,0,0,0,19-DEC-2017,
OPTSTK,TATACOMM,22-Feb-2018,620,CE,0,0,0,88.15,85.85,0,0,0,0,19-DEC-2017,
OPTSTK,TATACOMM,22-Feb-2018,640,CE,0,0,0,73.2,71.15,0,0,0,0,19-DEC-2017,
OPTSTK,TATACOMM,22-Feb-2018,660,CE,0,0,0,59.75,58,0,0,0,0,19-DEC-2017,
OPTSTK,TATACOMM,22-Feb-2018,680,CE,0,0,0,47.95,46.45,0,0,0,0,19-DEC-2017,
OPTSTK,TATACOMM,22-Feb-2018,700,CE,0,0,0,37.8,36.6,0,0,0,0,19-DEC-2017,
OPTSTK,TATACOMM,22-Feb-2018,720,CE,0,0,0,29.3,28.3,0,0,0,0,19-DEC-2017,
OPTSTK,TATACOMM,22-Feb-2018,740,CE,0,0,0,22.3,21.55,0,0,0,0,19-DEC-2017,
OPTSTK,TATACOMM,22-Feb-2018,760,CE,0,0,0,16.75,16.15,0,0,0,0,19-DEC-2017,
OPTSTK,TATACOMM,22-Feb-2018,780,CE,0,0,0,12.3,11.9,0,0,0,0,19-DEC-2017,
OPTSTK,TATACOMM,22-Feb-2018,800,CE,0,0,0,8.95,8.65,0,0,0,0,19-DEC-2017,
OPTSTK,TATACOMM,22-Feb-2018,820,CE,0,0,0,6.4,6.2,0,0,0,0,19-DEC-2017,
OPTSTK,TATACOMM,22-Feb-2018,840,CE,0,0,0,4.5,4.35,0,0,0,0,19-DEC-2017,
OPTSTK,TATACOMM,22-Feb-2018,860,CE,0,0,0,3.1,3.05,0,0,0,0,19-DEC-2017,
OPTSTK,TATACOMM,22-Feb-2018,880,CE,0,0,0,2.15,2.1,0,0,0,0,19-DEC-2017,
OPTSTK,TATACOMM,22-Feb-2018,900,CE,0,0,0,1.45,1.4,0,0,0,0,19-DEC-2017,
OPTSTK,TATACOMM,22-Feb-2018,920,CE,0,0,0,0.95,0.95,0,0,0,0,19-DEC-2017,
OPTSTK,TATACOMM,22-Feb-2018,420,PE,0,0,0,0.05,0,0,0,0,0,19-DEC-2017,
OPTSTK,TATACOMM,22-Feb-2018,440,PE,0,0,0,0.05,0.05,0,0,0,0,19-DEC-2017,
OPTSTK,TATACOMM,22-Feb-2018,460,PE,0,0,0,0.05,0.05,0,0,0,0,19-DEC-2017,
OPTSTK,TATACOMM,22-Feb-2018,480,PE,0,0,0,0.1,0.1,0,0,0,0,19-DEC-2017,
OPTSTK,TATACOMM,22-Feb-2018,500,PE,0,0,0,0.2,0.25,0,0,0,0,19-DEC-2017,
OPTSTK,TATACOMM,22-Feb-2018,520,PE,0,0,0,0.45,0.55,0,0,0,0,19-DEC-2017,
OPTSTK,TATACOMM,22-Feb-2018,540,PE,0,0,0,0.95,1.15,0,0,0,0,19-DEC-2017,
OPTSTK,TATACOMM,22-Feb-2018,560,PE,0,0,0,1.9,2.2,0,0,0,0,19-DEC-2017,
OPTSTK,TATACOMM,22-Feb-2018,580,PE,0,0,0,3.4,3.9,0,0,0,0,19-DEC-2017,
OPTSTK,TATACOMM,22-Feb-2018,600,PE,0,0,0,5.8,6.45,0,0,0,0,19-DEC-2017,
OPTSTK,TATACOMM,22-Feb-2018,620,PE,0,0,0,9.25,10.2,0,0,0,0,19-DEC-2017,
OPTSTK,TATACOMM,22-Feb-2018,640,PE,0,0,0,14.05,15.3,0,0,0,0,19-DEC-2017,
OPTSTK,TATACOMM,22-Feb-2018,660,PE,0,0,0,20.3,21.9,0,0,0,0,19-DEC-2017,
OPTSTK,TATACOMM,22-Feb-2018,680,PE,0,0,0,28.2,30.15,0,0,0,0,19-DEC-2017,
OPTSTK,TATACOMM,22-Feb-2018,700,PE,0,0,0,37.75,40.05,0,0,0,0,19-DEC-2017,
OPTSTK,TATACOMM,22-Feb-2018,720,PE,0,0,0,48.95,51.55,0,0,0,0,19-DEC-2017,
OPTSTK,TATACOMM,22-Feb-2018,740,PE,0,0,0,61.65,64.55,0,0,0,0,19-DEC-2017,
OPTSTK,TATACOMM,22-Feb-2018,760,PE,0,0,0,75.8,78.95,0,0,0,0,19-DEC-2017,
OPTSTK,TATACOMM,22-Feb-2018,780,PE,0,0,0,91.1,94.45,0,0,0,0,19-DEC-2017,
OPTSTK,TATACOMM,22-Feb-2018,800,PE,0,0,0,107.4,110.95,0,0,0,0,19-DEC-2017,
OPTSTK,TATACOMM,22-Feb-2018,820,PE,0,0,0,124.6,128.3,0,0,0,0,19-DEC-2017,
OPTSTK,TATACOMM,22-Feb-2018,840,PE,0,0,0,142.4,146.25,0,0,0,0,19-DEC-2017,
OPTSTK,TATACOMM,22-Feb-2018,860,PE,0,0,0,160.75,164.7,0,0,0,0,19-DEC-2017,
OPTSTK,TATACOMM,22-Feb-2018,880,PE,0,0,0,179.45,183.5,0,0,0,0,19-DEC-2017,
OPTSTK,TATACOMM,22-Feb-2018,900,PE,0,0,0,198.5,202.6,0,0,0,0,19-DEC-2017,
OPTSTK,TATACOMM,22-Feb-2018,920,PE,0,0,0,217.7,221.9,0,0,0,0,19-DEC-2017,
OPTSTK,TATAELXSI,28-Dec-2017,400,CE,0,0,0,413.15,539.7,0,0,0,0,19-DEC-2017,
OPTSTK,TATAELXSI,28-Dec-2017,450,CE,0,0,0,363.95,489.75,0,0,0,0,19-DEC-2017,
OPTSTK,TATAELXSI,28-Dec-2017,500,CE,0,0,0,314.75,439.85,0,0,0,0,19-DEC-2017,
OPTSTK,TATAELXSI,28-Dec-2017,550,CE,0,0,0,265.9,389.95,0,0,0,0,19-DEC-2017,
OPTSTK,TATAELXSI,28-Dec-2017,600,CE,0,0,0,217.95,340,0,0,0,0,19-DEC-2017,
OPTSTK,TATAELXSI,28-Dec-2017,650,CE,0,0,0,172.25,290.1,0,0,0,0,19-DEC-2017,
OPTSTK,TATAELXSI,28-Dec-2017,700,CE,0,0,0,130.55,240.15,0,0,0,0,19-DEC-2017,
OPTSTK,TATAELXSI,28-Dec-2017,750,CE,0,0,0,94.5,190.25,0,0,0,0,19-DEC-2017,
OPTSTK,TATAELXSI,28-Dec-2017,800,CE,0,0,0,65.3,140.3,0,0,0,0,19-DEC-2017,
OPTSTK,TATAELXSI,28-Dec-2017,850,CE,0,0,0,43.1,90.65,0,0,0,0,19-DEC-2017,
OPTSTK,TATAELXSI,28-Dec-2017,900,CE,50.05,52,46.35,48.25,48.25,14,106.34,30400,3200,19-DEC-2017,
OPTSTK,TATAELXSI,28-Dec-2017,950,CE,16,20.8,15.5,16.95,16.95,132,1022.83,132000,3200,19-DEC-2017,
OPTSTK,TATAELXSI,28-Dec-2017,1000,CE,4.45,6,3.45,3.95,3.95,57,458.16,136800,-4800,19-DEC-2017,
OPTSTK,TATAELXSI,28-Dec-2017,1050,CE,1.35,2,1.15,1.15,1.15,6,50.47,31200,-800,19-DEC-2017,
OPTSTK,TATAELXSI,28-Dec-2017,1100,CE,1,1,1,1,1,2,17.61,5600,0,19-DEC-2017,
OPTSTK,TATAELXSI,28-Dec-2017,1150,CE,0,0,0,1.6,0,0,0,0,0,19-DEC-2017,
OPTSTK,TATAELXSI,28-Dec-2017,1200,CE,0,0,0,0.85,0,0,0,0,0,19-DEC-2017,
OPTSTK,TATAELXSI,28-Dec-2017,1250,CE,0,0,0,0.45,0,0,0,0,0,19-DEC-2017,
OPTSTK,TATAELXSI,28-Dec-2017,1300,CE,0,0,0,0.25,0,0,0,0,0,19-DEC-2017,
OPTSTK,TATAELXSI,28-Dec-2017,1350,CE,0,0,0,0.1,0,0,0,0,0,19-DEC-2017,
OPTSTK,TATAELXSI,28-Dec-2017,400,PE,0,0,0,0.05,0,0,0,0,0,19-DEC-2017,
OPTSTK,TATAELXSI,28-Dec-2017,450,PE,0,0,0,0.05,0,0,0,0,0,19-DEC-2017,
OPTSTK,TATAELXSI,28-Dec-2017,500,PE,0,0,0,0.1,0,0,0,0,0,19-DEC-2017,
OPTSTK,TATAELXSI,28-Dec-2017,550,PE,0,0,0,0.45,0,0,0,0,0,19-DEC-2017,
OPTSTK,TATAELXSI,28-Dec-2017,600,PE,0,0,0,1.75,0,0,0,0,0,19-DEC-2017,
OPTSTK,TATAELXSI,28-Dec-2017,650,PE,0,0,0,5.25,0,0,0,0,0,19-DEC-2017,
OPTSTK,TATAELXSI,28-Dec-2017,700,PE,0,0,0,12.75,0,0,0,0,0,19-DEC-2017,
OPTSTK,TATAELXSI,28-Dec-2017,750,PE,0,0,0,25.95,0,0,0,0,0,19-DEC-2017,
OPTSTK,TATAELXSI,28-Dec-2017,800,PE,0,0,0,2.5,0,0,0,2400,0,19-DEC-2017,
OPTSTK,TATAELXSI,28-Dec-2017,850,PE,1,1,1,1,1,2,13.61,12800,1600,19-DEC-2017,
OPTSTK,TATAELXSI,28-Dec-2017,900,PE,5.75,5.75,3.9,3.9,3.9,12,86.84,39200,4800,19-DEC-2017,
OPTSTK,TATAELXSI,28-Dec-2017,950,PE,24.3,26,20.8,22.75,22.75,12,93.44,36800,5600,19-DEC-2017,
OPTSTK,TATAELXSI,28-Dec-2017,1000,PE,54.95,54.95,54.95,54.95,54.95,1,8.43,5600,800,19-DEC-2017,
OPTSTK,TATAELXSI,28-Dec-2017,1050,PE,0,0,0,232.25,109.5,0,0,0,0,19-DEC-2017,
OPTSTK,TATAELXSI,28-Dec-2017,1100,PE,0,0,0,279,159.25,0,0,0,0,19-DEC-2017,
OPTSTK,TATAELXSI,28-Dec-2017,1150,PE,0,0,0,326.8,209.2,0,0,0,0,19-DEC-2017,
OPTSTK,TATAELXSI,28-Dec-2017,1200,PE,0,0,0,243.55,259.1,0,0,800,0,19-DEC-2017,
OPTSTK,TATAELXSI,28-Dec-2017,1250,PE,0,0,0,279.5,309.05,0,0,800,0,19-DEC-2017,
OPTSTK,TATAELXSI,28-Dec-2017,1300,PE,0,0,0,473.1,358.95,0,0,0,0,19-DEC-2017,
OPTSTK,TATAELXSI,28-Dec-2017,1350,PE,0,0,0,522.2,408.85,0,0,0,0,19-DEC-2017,
OPTSTK,TATAELXSI,25-Jan-2018,400,CE,0,0,0,446.5,541.65,0,0,0,0,19-DEC-2017,
OPTSTK,TATAELXSI,25-Jan-2018,450,CE,0,0,0,397.3,492,0,0,0,0,19-DEC-2017,
OPTSTK,TATAELXSI,25-Jan-2018,500,CE,0,0,0,348.1,442.3,0,0,0,0,19-DEC-2017,
OPTSTK,TATAELXSI,25-Jan-2018,550,CE,0,0,0,299,392.65,0,0,0,0,19-DEC-2017,
OPTSTK,TATAELXSI,25-Jan-2018,600,CE,0,0,0,250.4,342.95,0,0,0,0,19-DEC-2017,
OPTSTK,TATAELXSI,25-Jan-2018,650,CE,0,0,0,203.2,293.3,0,0,0,0,19-DEC-2017,
OPTSTK,TATAELXSI,25-Jan-2018,700,CE,0,0,0,158.75,243.65,0,0,0,0,19-DEC-2017,
OPTSTK,TATAELXSI,25-Jan-2018,750,CE,0,0,0,118.9,194.15,0,0,0,0,19-DEC-2017,
OPTSTK,TATAELXSI,25-Jan-2018,800,CE,0,0,0,85.05,145.7,0,0,0,0,19-DEC-2017,
OPTSTK,TATAELXSI,25-Jan-2018,850,CE,0,0,0,58.15,100.45,0,0,0,0,19-DEC-2017,
OPTSTK,TATAELXSI,25-Jan-2018,900,CE,0,0,0,38,62.1,0,0,0,0,19-DEC-2017,
OPTSTK,TATAELXSI,25-Jan-2018,950,CE,0,0,0,31.25,33.8,0,0,800,0,19-DEC-2017,
OPTSTK,TATAELXSI,25-Jan-2018,1000,CE,0,0,0,25,16.05,0,0,3200,0,19-DEC-2017,
OPTSTK,TATAELXSI,25-Jan-2018,1050,CE,0,0,0,8.35,6.65,0,0,0,0,19-DEC-2017,
OPTSTK,TATAELXSI,25-Jan-2018,1100,CE,0,0,0,4.7,2.4,0,0,0,0,19-DEC-2017,
OPTSTK,TATAELXSI,25-Jan-2018,1150,CE,0,0,0,2.55,0.8,0,0,0,0,19-DEC-2017,
OPTSTK,TATAELXSI,25-Jan-2018,1200,CE,0,0,0,1.4,0.25,0,0,0,0,19-DEC-2017,
OPTSTK,TATAELXSI,25-Jan-2018,1250,CE,0,0,0,0.7,0.1,0,0,0,0,19-DEC-2017,
OPTSTK,TATAELXSI,25-Jan-2018,1300,CE,0,0,0,0.4,0.05,0,0,0,0,19-DEC-2017,
OPTSTK,TATAELXSI,25-Jan-2018,1350,CE,0,0,0,0.2,0,0,0,0,0,19-DEC-2017,
OPTSTK,TATAELXSI,25-Jan-2018,400,PE,0,0,0,0.05,0,0,0,0,0,19-DEC-2017,
OPTSTK,TATAELXSI,25-Jan-2018,450,PE,0,0,0,0.05,0,0,0,0,0,19-DEC-2017,
OPTSTK,TATAELXSI,25-Jan-2018,500,PE,0,0,0,0.05,0,0,0,0,0,19-DEC-2017,
OPTSTK,TATAELXSI,25-Jan-2018,550,PE,0,0,0,0.2,0,0,0,0,0,19-DEC-2017,
OPTSTK,TATAELXSI,25-Jan-2018,600,PE,0,0,0,0.8,0,0,0,0,0,19-DEC-2017,
OPTSTK,TATAELXSI,25-Jan-2018,650,PE,0,0,0,2.8,0,0,0,0,0,19-DEC-2017,
OPTSTK,TATAELXSI,25-Jan-2018,700,PE,0,0,0,7.6,0.05,0,0,0,0,19-DEC-2017,
OPTSTK,TATAELXSI,25-Jan-2018,750,PE,0,0,0,16.95,0.25,0,0,0,0,19-DEC-2017,
OPTSTK,TATAELXSI,25-Jan-2018,800,PE,0,0,0,32.3,1.4,0,0,0,0,19-DEC-2017,
OPTSTK,TATAELXSI,25-Jan-2018,850,PE,0,0,0,54.6,5.85,0,0,0,0,19-DEC-2017,
OPTSTK,TATAELXSI,25-Jan-2018,900,PE,0,0,0,36,17.2,0,0,800,0,19-DEC-2017,
OPTSTK,TATAELXSI,25-Jan-2018,950,PE,36.75,36.75,36.75,36.75,36.75,1,7.89,800,800,19-DEC-2017,
OPTSTK,TATAELXSI,25-Jan-2018,1000,PE,0,0,0,158.5,70.45,0,0,0,0,19-DEC-2017,
OPTSTK,TATAELXSI,25-Jan-2018,1050,PE,0,0,0,201.7,110.75,0,0,0,0,19-DEC-2017,
OPTSTK,TATAELXSI,25-Jan-2018,1100,PE,0,0,0,247.25,156.2,0,0,0,0,19-DEC-2017,
OPTSTK,TATAELXSI,25-Jan-2018,1150,PE,0,0,0,294.35,204.25,0,0,0,0,19-DEC-2017,
OPTSTK,TATAELXSI,25-Jan-2018,1200,PE,0,0,0,342.35,253.4,0,0,0,0,19-DEC-2017,
OPTSTK,TATAELXSI,25-Jan-2018,1250,PE,0,0,0,390.9,302.9,0,0,0,0,19-DEC-2017,
OPTSTK,TATAELXSI,25-Jan-2018,1300,PE,0,0,0,439.8,352.5,0,0,0,0,19-DEC-2017,
OPTSTK,TATAELXSI,25-Jan-2018,1350,PE,0,0,0,488.85,402.2,0,0,0,0,19-DEC-2017,
OPTSTK,TATAELXSI,22-Feb-2018,400,CE,0,0,0,548.65,543.65,0,0,0,0,19-DEC-2017,
OPTSTK,TATAELXSI,22-Feb-2018,450,CE,0,0,0,499.4,494.2,0,0,0,0,19-DEC-2017,
OPTSTK,TATAELXSI,22-Feb-2018,500,CE,0,0,0,450.1,444.75,0,0,0,0,19-DEC-2017,
OPTSTK,TATAELXSI,22-Feb-2018,550,CE,0,0,0,400.85,395.35,0,0,0,0,19-DEC-2017,
OPTSTK,TATAELXSI,22-Feb-2018,600,CE,0,0,0,351.6,345.9,0,0,0,0,19-DEC-2017,
OPTSTK,TATAELXSI,22-Feb-2018,650,CE,0,0,0,302.5,296.5,0,0,0,0,19-DEC-2017,
OPTSTK,TATAELXSI,22-Feb-2018,700,CE,0,0,0,253.95,247.35,0,0,0,0,19-DEC-2017,
OPTSTK,TATAELXSI,22-Feb-2018,750,CE,0,0,0,206.7,198.95,0,0,0,0,19-DEC-2017,
OPTSTK,TATAELXSI,22-Feb-2018,800,CE,0,0,0,162.2,152.7,0,0,0,0,19-DEC-2017,
OPTSTK,TATAELXSI,22-Feb-2018,850,CE,0,0,0,122.1,110.75,0,0,0,0,19-DEC-2017,
OPTSTK,TATAELXSI,22-Feb-2018,900,CE,0,0,0,87.85,75.25,0,0,0,0,19-DEC-2017,
OPTSTK,TATAELXSI,22-Feb-2018,950,CE,0,0,0,60.35,47.65,0,0,0,0,19-DEC-2017,
OPTSTK,TATAELXSI,22-Feb-2018,1000,CE,0,0,0,39.6,28.15,0,0,0,0,19-DEC-2017,
OPTSTK,TATAELXSI,22-Feb-2018,1050,CE,0,0,0,24.9,15.5,0,0,0,0,19-DEC-2017,
OPTSTK,TATAELXSI,22-Feb-2018,1100,CE,0,0,0,15,8,0,0,0,0,19-DEC-2017,
OPTSTK,TATAELXSI,22-Feb-2018,1150,CE,0,0,0,8.7,3.9,0,0,0,0,19-DEC-2017,
OPTSTK,TATAELXSI,22-Feb-2018,1200,CE,0,0,0,4.85,1.8,0,0,0,0,19-DEC-2017,
OPTSTK,TATAELXSI,22-Feb-2018,1250,CE,0,0,0,2.65,0.8,0,0,0,0,19-DEC-2017,
OPTSTK,TATAELXSI,22-Feb-2018,1300,CE,0,0,0,1.4,0.35,0,0,0,0,19-DEC-2017,
OPTSTK,TATAELXSI,22-Feb-2018,1350,CE,0,0,0,0.7,0.15,0,0,0,0,19-DEC-2017,
OPTSTK,TATAELXSI,22-Feb-2018,400,PE,0,0,0,0.05,0,0,0,0,0,19-DEC-2017,
OPTSTK,TATAELXSI,22-Feb-2018,450,PE,0,0,0,0.05,0,0,0,0,0,19-DEC-2017,
OPTSTK,TATAELXSI,22-Feb-2018,500,PE,0,0,0,0.05,0,0,0,0,0,19-DEC-2017,
OPTSTK,TATAELXSI,22-Feb-2018,550,PE,0,0,0,0.05,0,0,0,0,0,19-DEC-2017,
OPTSTK,TATAELXSI,22-Feb-2018,600,PE,0,0,0,0.05,0,0,0,0,0,19-DEC-2017,
OPTSTK,TATAELXSI,22-Feb-2018,650,PE,0,0,0,0.25,0.05,0,0,0,0,19-DEC-2017,
OPTSTK,TATAELXSI,22-Feb-2018,700,PE,0,0,0,0.9,0.3,0,0,0,0,19-DEC-2017,
OPTSTK,TATAELXSI,22-Feb-2018,750,PE,0,0,0,3,1.35,0,0,0,0,19-DEC-2017,
OPTSTK,TATAELXSI,22-Feb-2018,800,PE,0,0,0,7.75,4.55,0,0,0,0,19-DEC-2017,
OPTSTK,TATAELXSI,22-Feb-2018,850,PE,0,0,0,16.9,12,0,0,0,0,19-DEC-2017,
OPTSTK,TATAELXSI,22-Feb-2018,900,PE,0,0,0,31.95,25.9,0,0,0,0,19-DEC-2017,
OPTSTK,TATAELXSI,22-Feb-2018,950,PE,0,0,0,53.7,47.8,0,0,0,0,19-DEC-2017,
OPTSTK,TATAELXSI,22-Feb-2018,1000,PE,0,0,0,82.25,77.7,0,0,0,0,19-DEC-2017,
OPTSTK,TATAELXSI,22-Feb-2018,1050,PE,0,0,0,116.8,114.5,0,0,0,0,19-DEC-2017,
OPTSTK,TATAELXSI,22-Feb-2018,1100,PE,0,0,0,156.15,156.4,0,0,0,0,19-DEC-2017,
OPTSTK,TATAELXSI,22-Feb-2018,1150,PE,0,0,0,199.1,201.75,0,0,0,0,19-DEC-2017,
OPTSTK,TATAELXSI,22-Feb-2018,1200,PE,0,0,0,244.55,249.05,0,0,0,0,19-DEC-2017,
OPTSTK,TATAELXSI,22-Feb-2018,1250,PE,0,0,0,291.6,297.5,0,0,0,0,19-DEC-2017,
OPTSTK,TATAELXSI,22-Feb-2018,1300,PE,0,0,0,339.65,346.45,0,0,0,0,19-DEC-2017,
OPTSTK,TATAELXSI,22-Feb-2018,1350,PE,0,0,0,388.25,395.7,0,0,0,0,19-DEC-2017,
OPTSTK,TATAGLOBAL,28-Dec-2017,150,CE,0,0,0,57.7,150.9,0,0,0,0,19-DEC-2017,
OPTSTK,TATAGLOBAL,28-Dec-2017,155,CE,0,0,0,53.5,145.9,0,0,0,0,19-DEC-2017,
OPTSTK,TATAGLOBAL,28-Dec-2017,160,CE,0,0,0,49.45,140.9,0,0,0,0,19-DEC-2017,
OPTSTK,TATAGLOBAL,28-Dec-2017,165,CE,0,0,0,45.55,135.95,0,0,0,0,19-DEC-2017,
OPTSTK,TATAGLOBAL,28-Dec-2017,170,CE,0,0,0,41.85,130.95,0,0,0,0,19-DEC-2017,
OPTSTK,TATAGLOBAL,28-Dec-2017,175,CE,0,0,0,38.3,125.95,0,0,0,0,19-DEC-2017,
OPTSTK,TATAGLOBAL,28-Dec-2017,180,CE,0,0,0,104.7,120.95,0,0,4500,0,19-DEC-2017,
OPTSTK,TATAGLOBAL,28-Dec-2017,185,CE,0,0,0,31.8,115.95,0,0,0,0,19-DEC-2017,
OPTSTK,TATAGLOBAL,28-Dec-2017,190,CE,0,0,0,28.85,110.95,0,0,0,0,19-DEC-2017,
OPTSTK,TATAGLOBAL,28-Dec-2017,195,CE,0,0,0,26.1,105.95,0,0,0,0,19-DEC-2017,
OPTSTK,TATAGLOBAL,28-Dec-2017,200,CE,0,0,0,40.5,101,0,0,4500,0,19-DEC-2017,
OPTSTK,TATAGLOBAL,28-Dec-2017,205,CE,0,0,0,83.5,96,0,0,4500,0,19-DEC-2017,
OPTSTK,TATAGLOBAL,28-Dec-2017,210,CE,0,0,0,80,91,0,0,9000,0,19-DEC-2017,
OPTSTK,TATAGLOBAL,28-Dec-2017,215,CE,0,0,0,17.05,86,0,0,0,0,19-DEC-2017,
OPTSTK,TATAGLOBAL,28-Dec-2017,220,CE,0,0,0,24.85,81,0,0,4500,0,19-DEC-2017,
OPTSTK,TATAGLOBAL,28-Dec-2017,225,CE,0,0,0,13.6,76,0,0,0,0,19-DEC-2017,
OPTSTK,TATAGLOBAL,28-Dec-2017,230,CE,0,0,0,60,71.05,0,0,18000,0,19-DEC-2017,
OPTSTK,TATAGLOBAL,28-Dec-2017,235,CE,0,0,0,50.5,66.05,0,0,9000,0,19-DEC-2017,
OPTSTK,TATAGLOBAL,28-Dec-2017,240,CE,0,0,0,47.8,61.05,0,0,58500,0,19-DEC-2017,
OPTSTK,TATAGLOBAL,28-Dec-2017,245,CE,0,0,0,39,56.05,0,0,13500,0,19-DEC-2017,
OPTSTK,TATAGLOBAL,28-Dec-2017,250,CE,47.5,51.15,46,51.05,51.05,16,214.98,675000,-45000,19-DEC-2017,
OPTSTK,TATAGLOBAL,28-Dec-2017,255,CE,0,0,0,29.4,46.15,0,0,13500,0,19-DEC-2017,
OPTSTK,TATAGLOBAL,28-Dec-2017,260,CE,0,0,0,21,41.25,0,0,126000,0,19-DEC-2017,
OPTSTK,TATAGLOBAL,28-Dec-2017,265,CE,0,0,0,35.8,36.4,0,0,4500,0,19-DEC-2017,
OPTSTK,TATAGLOBAL,28-Dec-2017,270,CE,26.1,31.7,26.1,31.15,31.15,10,135.18,1480500,0,19-DEC-2017,
OPTSTK,TATAGLOBAL,28-Dec-2017,275,CE,27,27,27,27,27,1,13.59,72000,-4500,19-DEC-2017,
OPTSTK,TATAGLOBAL,28-Dec-2017,280,CE,16.4,22.45,16.4,22.3,22.3,59,795.77,2178000,-45000,19-DEC-2017,
OPTSTK,TATAGLOBAL,28-Dec-2017,285,CE,12.65,17.8,12.65,17.4,17.4,50,676.9,319500,-94500,19-DEC-2017,
OPTSTK,TATAGLOBAL,28-Dec-2017,290,CE,8,14,8,13.55,13.55,570,7730.27,1867500,-486000,19-DEC-2017,
OPTSTK,TATAGLOBAL,28-Dec-2017,295,CE,6.5,10.2,6.1,9.8,9.8,441,6018.53,351000,-216000,19-DEC-2017,
OPTSTK,TATAGLOBAL,28-Dec-2017,300,CE,4.4,7.3,4.25,7,7,1948,26839.37,2497500,-522000,19-DEC-2017,
OPTSTK,TATAGLOBAL,28-Dec-2017,305,CE,3.1,5.1,2.95,4.85,4.85,523,7280.8,657000,67500,19-DEC-2017,
OPTSTK,TATAGLOBAL,28-Dec-2017,310,CE,1.75,3.5,1.75,3.3,3.3,999,14068.72,1579500,166500,19-DEC-2017,
OPTSTK,TATAGLOBAL,28-Dec-2017,315,CE,1,2.3,1,2.2,2.2,106,1511.97,337500,85500,19-DEC-2017,
OPTSTK,TATAGLOBAL,28-Dec-2017,320,CE,1,1.55,1,1.4,1.4,326,4713.43,1386000,-45000,19-DEC-2017,
OPTSTK,TATAGLOBAL,28-Dec-2017,325,CE,0.9,1.2,0.8,0.95,0.95,34,498.69,252000,40500,19-DEC-2017,
OPTSTK,TATAGLOBAL,28-Dec-2017,330,CE,0.55,0.7,0.45,0.65,0.65,79,1175.32,477000,-67500,19-DEC-2017,
OPTSTK,TATAGLOBAL,28-Dec-2017,335,CE,0.55,0.55,0.35,0.45,0.45,14,211.32,310500,-13500,19-DEC-2017,
OPTSTK,TATAGLOBAL,28-Dec-2017,340,CE,0.3,0.3,0.2,0.25,0.25,11,168.42,112500,-18000,19-DEC-2017,
OPTSTK,TATAGLOBAL,28-Dec-2017,345,CE,0.15,0.15,0.15,0.15,0.15,1,15.53,9000,-4500,19-DEC-2017,
OPTSTK,TATAGLOBAL,28-Dec-2017,150,PE,0.05,1,0.05,0.5,0.5,4,27.06,13500,4500,19-DEC-2017,
OPTSTK,TATAGLOBAL,28-Dec-2017,155,PE,0,0,0,2.95,0,0,0,0,0,19-DEC-2017,
OPTSTK,TATAGLOBAL,28-Dec-2017,160,PE,0,0,0,3.8,0,0,0,0,0,19-DEC-2017,
OPTSTK,TATAGLOBAL,28-Dec-2017,165,PE,0,0,0,4.85,0,0,0,0,0,19-DEC-2017,
OPTSTK,TATAGLOBAL,28-Dec-2017,170,PE,0,0,0,6.05,0,0,0,0,0,19-DEC-2017,
OPTSTK,TATAGLOBAL,28-Dec-2017,175,PE,0,0,0,7.45,0,0,0,0,0,19-DEC-2017,
OPTSTK,TATAGLOBAL,28-Dec-2017,180,PE,0,0,0,9,0,0,0,0,0,19-DEC-2017,
OPTSTK,TATAGLOBAL,28-Dec-2017,185,PE,0,0,0,10.8,0,0,0,0,0,19-DEC-2017,
OPTSTK,TATAGLOBAL,28-Dec-2017,190,PE,0,0,0,12.75,0,0,0,0,0,19-DEC-2017,
OPTSTK,TATAGLOBAL,28-Dec-2017,195,PE,0,0,0,14.95,0,0,0,0,0,19-DEC-2017,
OPTSTK,TATAGLOBAL,28-Dec-2017,200,PE,0,0,0,2.1,0,0,0,4500,0,19-DEC-2017,
OPTSTK,TATAGLOBAL,28-Dec-2017,205,PE,0,0,0,19.85,0,0,0,0,0,19-DEC-2017,
OPTSTK,TATAGLOBAL,28-Dec-2017,210,PE,0,0,0,22.6,0,0,0,0,0,19-DEC-2017,
OPTSTK,TATAGLOBAL,28-Dec-2017,215,PE,0,0,0,0.45,0,0,0,13500,0,19-DEC-2017,
OPTSTK,TATAGLOBAL,28-Dec-2017,220,PE,0,0,0,0.1,0,0,0,81000,0,19-DEC-2017,
OPTSTK,TATAGLOBAL,28-Dec-2017,225,PE,0,0,0,0.35,0,0,0,22500,0,19-DEC-2017,
OPTSTK,TATAGLOBAL,28-Dec-2017,230,PE,0.1,0.1,0.1,0.1,0.1,3,31.06,94500,-13500,19-DEC-2017,
OPTSTK,TATAGLOBAL,28-Dec-2017,235,PE,0,0,0,0.15,0,0,0,27000,0,19-DEC-2017,
OPTSTK,TATAGLOBAL,28-Dec-2017,240,PE,0.1,0.1,0.1,0.1,0.1,2,21.6,184500,0,19-DEC-2017,
OPTSTK,TATAGLOBAL,28-Dec-2017,245,PE,0.15,0.15,0.15,0.15,0.15,2,22.06,36000,4500,19-DEC-2017,
OPTSTK,TATAGLOBAL,28-Dec-2017,250,PE,0.3,0.3,0.2,0.25,0.25,46,518,414000,36000,19-DEC-2017,
OPTSTK,TATAGLOBAL,28-Dec-2017,255,PE,0.35,0.4,0.3,0.3,0.3,5,57.44,90000,0,19-DEC-2017,
OPTSTK,TATAGLOBAL,28-Dec-2017,260,PE,0.5,0.55,0.3,0.35,0.35,48,562.45,472500,4500,19-DEC-2017,
OPTSTK,TATAGLOBAL,28-Dec-2017,265,PE,0.65,0.65,0.35,0.35,0.35,12,143.37,94500,-9000,19-DEC-2017,
OPTSTK,TATAGLOBAL,28-Dec-2017,270,PE,1.15,1.2,0.5,0.55,0.55,140,1705.68,765000,-18000,19-DEC-2017,
OPTSTK,TATAGLOBAL,28-Dec-2017,275,PE,1.45,1.6,0.75,0.8,0.8,72,894.33,256500,-40500,19-DEC-2017,
OPTSTK,TATAGLOBAL,28-Dec-2017,280,PE,2.45,2.65,1.05,1.15,1.15,299,3789.31,1030500,108000,19-DEC-2017,
OPTSTK,TATAGLOBAL,28-Dec-2017,285,PE,3.4,3.75,1.5,1.6,1.6,172,2223.65,517500,36000,19-DEC-2017,
OPTSTK,TATAGLOBAL,28-Dec-2017,290,PE,5.05,5.55,2.15,2.45,2.45,502,6627.23,1075500,301500,19-DEC-2017,
OPTSTK,TATAGLOBAL,28-Dec-2017,295,PE,7.4,7.65,3.5,3.8,3.8,171,2310.14,301500,171000,19-DEC-2017,
OPTSTK,TATAGLOBAL,28-Dec-2017,300,PE,10.55,10.55,5.1,5.55,5.55,212,2930.1,535500,301500,19-DEC-2017,
OPTSTK,TATAGLOBAL,28-Dec-2017,305,PE,10.3,10.6,8.1,8.5,8.5,21,296.99,58500,54000,19-DEC-2017,
OPTSTK,TATAGLOBAL,28-Dec-2017,310,PE,15,15,12,12,12,2,29.11,31500,-4500,19-DEC-2017,
OPTSTK,TATAGLOBAL,28-Dec-2017,315,PE,0,0,0,85.65,17.5,0,0,0,0,19-DEC-2017,
OPTSTK,TATAGLOBAL,28-Dec-2017,320,PE,0,0,0,89.4,21.4,0,0,0,0,19-DEC-2017,
OPTSTK,TATAGLOBAL,28-Dec-2017,325,PE,0,0,0,87.8,25.55,0,0,0,0,19-DEC-2017,
OPTSTK,TATAGLOBAL,28-Dec-2017,330,PE,0,0,0,41.75,29.95,0,0,9000,0,19-DEC-2017,
OPTSTK,TATAGLOBAL,28-Dec-2017,335,PE,0,0,0,87.15,34.55,0,0,0,0,19-DEC-2017,
OPTSTK,TATAGLOBAL,28-Dec-2017,340,PE,0,0,0,87.85,39.3,0,0,0,0,19-DEC-2017,
OPTSTK,TATAGLOBAL,28-Dec-2017,345,PE,0,0,0,84,44.1,0,0,0,0,19-DEC-2017,
OPTSTK,TATAGLOBAL,25-Jan-2018,150,CE,0,0,0,62.55,151.65,0,0,0,0,19-DEC-2017,
OPTSTK,TATAGLOBAL,25-Jan-2018,155,CE,0,0,0,57.85,146.7,0,0,0,0,19-DEC-2017,
OPTSTK,TATAGLOBAL,25-Jan-2018,160,CE,0,0,0,53.25,141.7,0,0,0,0,19-DEC-2017,
OPTSTK,TATAGLOBAL,25-Jan-2018,165,CE,0,0,0,48.8,136.75,0,0,0,0,19-DEC-2017,
OPTSTK,TATAGLOBAL,25-Jan-2018,170,CE,0,0,0,44.45,131.8,0,0,0,0,19-DEC-2017,
OPTSTK,TATAGLOBAL,25-Jan-2018,175,CE,0,0,0,40.25,126.8,0,0,0,0,19-DEC-2017,
OPTSTK,TATAGLOBAL,25-Jan-2018,180,CE,0,0,0,36.3,121.85,0,0,0,0,19-DEC-2017,
OPTSTK,TATAGLOBAL,25-Jan-2018,185,CE,0,0,0,32.5,116.9,0,0,0,0,19-DEC-2017,
OPTSTK,TATAGLOBAL,25-Jan-2018,190,CE,0,0,0,28.95,111.9,0,0,0,0,19-DEC-2017,
OPTSTK,TATAGLOBAL,25-Jan-2018,195,CE,0,0,0,25.65,106.95,0,0,0,0,19-DEC-2017,
OPTSTK,TATAGLOBAL,25-Jan-2018,200,CE,0,0,0,22.55,102,0,0,0,0,19-DEC-2017,
OPTSTK,TATAGLOBAL,25-Jan-2018,205,CE,0,0,0,19.75,97.05,0,0,0,0,19-DEC-2017,
OPTSTK,TATAGLOBAL,25-Jan-2018,210,CE,0,0,0,17.2,92.1,0,0,0,0,19-DEC-2017,
OPTSTK,TATAGLOBAL,25-Jan-2018,215,CE,0,0,0,14.9,87.2,0,0,0,0,19-DEC-2017,
OPTSTK,TATAGLOBAL,25-Jan-2018,220,CE,0,0,0,12.85,82.3,0,0,0,0,19-DEC-2017,
OPTSTK,TATAGLOBAL,25-Jan-2018,225,CE,0,0,0,11,77.45,0,0,0,0,19-DEC-2017,
OPTSTK,TATAGLOBAL,25-Jan-2018,230,CE,0,0,0,9.35,72.65,0,0,0,0,19-DEC-2017,
OPTSTK,TATAGLOBAL,25-Jan-2018,235,CE,0,0,0,7.95,67.85,0,0,0,0,19-DEC-2017,
OPTSTK,TATAGLOBAL,25-Jan-2018,240,CE,0,0,0,6.7,63.2,0,0,0,0,19-DEC-2017,
OPTSTK,TATAGLOBAL,25-Jan-2018,245,CE,0,0,0,5.65,58.6,0,0,0,0,19-DEC-2017,
OPTSTK,TATAGLOBAL,25-Jan-2018,250,CE,0,0,0,4.7,54.1,0,0,0,0,19-DEC-2017,
OPTSTK,TATAGLOBAL,25-Jan-2018,255,CE,0,0,0,3.95,49.75,0,0,0,0,19-DEC-2017,
OPTSTK,TATAGLOBAL,25-Jan-2018,260,CE,0,0,0,40.55,45.55,0,0,4500,0,19-DEC-2017,
OPTSTK,TATAGLOBAL,25-Jan-2018,265,CE,0,0,0,2.7,41.5,0,0,0,0,19-DEC-2017,
OPTSTK,TATAGLOBAL,25-Jan-2018,270,CE,0,0,0,2.25,37.65,0,0,0,0,19-DEC-2017,
OPTSTK,TATAGLOBAL,25-Jan-2018,275,CE,0,0,0,1.85,33.95,0,0,0,0,19-DEC-2017,
OPTSTK,TATAGLOBAL,25-Jan-2018,280,CE,0,0,0,1.5,30.5,0,0,0,0,19-DEC-2017,
OPTSTK,TATAGLOBAL,25-Jan-2018,285,CE,0,0,0,22.85,27.25,0,0,4500,0,19-DEC-2017,
OPTSTK,TATAGLOBAL,25-Jan-2018,290,CE,18,19.8,18,19.8,19.8,4,55.59,49500,0,19-DEC-2017,
OPTSTK,TATAGLOBAL,25-Jan-2018,295,CE,15.6,15.6,15.6,15.6,15.6,1,13.97,4500,0,19-DEC-2017,
OPTSTK,TATAGLOBAL,25-Jan-2018,300,CE,12.15,14.5,12.15,13.55,13.55,20,282.08,81000,72000,19-DEC-2017,
OPTSTK,TATAGLOBAL,25-Jan-2018,305,CE,0,0,0,1.8,16.5,0,0,0,0,19-DEC-2017,
OPTSTK,TATAGLOBAL,25-Jan-2018,310,CE,8.85,10,8.85,9.65,9.65,40,574.8,166500,148500,19-DEC-2017,
OPTSTK,TATAGLOBAL,25-Jan-2018,315,CE,0,0,0,1.85,12.45,0,0,0,0,19-DEC-2017,
OPTSTK,TATAGLOBAL,25-Jan-2018,320,CE,7,7,6.05,6.4,6.4,19,279.05,76500,58500,19-DEC-2017,
OPTSTK,TATAGLOBAL,25-Jan-2018,325,CE,0,0,0,4.1,9.25,0,0,9000,0,19-DEC-2017,
OPTSTK,TATAGLOBAL,25-Jan-2018,330,CE,3.55,4.6,3.55,4,4,5,75.15,27000,13500,19-DEC-2017,
OPTSTK,TATAGLOBAL,25-Jan-2018,335,CE,0,0,0,3.95,6.75,0,0,0,0,19-DEC-2017,
OPTSTK,TATAGLOBAL,25-Jan-2018,340,CE,0,0,0,4,5.7,0,0,9000,0,19-DEC-2017,
OPTSTK,TATAGLOBAL,25-Jan-2018,345,CE,0,0,0,3.8,4.8,0,0,0,0,19-DEC-2017,
OPTSTK,TATAGLOBAL,25-Jan-2018,150,PE,0,0,0,0.4,0,0,0,0,0,19-DEC-2017,
OPTSTK,TATAGLOBAL,25-Jan-2018,155,PE,0,0,0,0.65,0,0,0,0,0,19-DEC-2017,
OPTSTK,TATAGLOBAL,25-Jan-2018,160,PE,0,0,0,0.95,0,0,0,0,0,19-DEC-2017,
OPTSTK,TATAGLOBAL,25-Jan-2018,165,PE,0,0,0,1.4,0,0,0,0,0,19-DEC-2017,
OPTSTK,TATAGLOBAL,25-Jan-2018,170,PE,0,0,0,2,0,0,0,0,0,19-DEC-2017,
OPTSTK,TATAGLOBAL,25-Jan-2018,175,PE,0,0,0,2.75,0,0,0,0,0,19-DEC-2017,
OPTSTK,TATAGLOBAL,25-Jan-2018,180,PE,0,0,0,3.65,0,0,0,0,0,19-DEC-2017,
OPTSTK,TATAGLOBAL,25-Jan-2018,185,PE,0,0,0,4.8,0,0,0,0,0,19-DEC-2017,
OPTSTK,TATAGLOBAL,25-Jan-2018,190,PE,0,0,0,6.2,0.05,0,0,0,0,19-DEC-2017,
OPTSTK,TATAGLOBAL,25-Jan-2018,195,PE,0,0,0,7.8,0.05,0,0,0,0,19-DEC-2017,
OPTSTK,TATAGLOBAL,25-Jan-2018,200,PE,0,0,0,9.65,0.05,0,0,0,0,19-DEC-2017,
OPTSTK,TATAGLOBAL,25-Jan-2018,205,PE,0,0,0,11.75,0.05,0,0,0,0,19-DEC-2017,
OPTSTK,TATAGLOBAL,25-Jan-2018,210,PE,0,0,0,14.1,0.1,0,0,0,0,19-DEC-2017,
OPTSTK,TATAGLOBAL,25-Jan-2018,215,PE,0,0,0,16.75,0.15,0,0,0,0,19-DEC-2017,
OPTSTK,TATAGLOBAL,25-Jan-2018,220,PE,0,0,0,19.6,0.2,0,0,0,0,19-DEC-2017,
OPTSTK,TATAGLOBAL,25-Jan-2018,225,PE,0,0,0,22.65,0.35,0,0,0,0,19-DEC-2017,
OPTSTK,TATAGLOBAL,25-Jan-2018,230,PE,0,0,0,25.95,0.5,0,0,0,0,19-DEC-2017,
OPTSTK,TATAGLOBAL,25-Jan-2018,235,PE,0,0,0,29.45,0.7,0,0,0,0,19-DEC-2017,
OPTSTK,TATAGLOBAL,25-Jan-2018,240,PE,0,0,0,33.15,1,0,0,0,0,19-DEC-2017,
OPTSTK,TATAGLOBAL,25-Jan-2018,245,PE,0,0,0,37,1.35,0,0,0,0,19-DEC-2017,
OPTSTK,TATAGLOBAL,25-Jan-2018,250,PE,0,0,0,3,1.85,0,0,4500,0,19-DEC-2017,
OPTSTK,TATAGLOBAL,25-Jan-2018,255,PE,0,0,0,45.15,2.45,0,0,0,0,19-DEC-2017,
OPTSTK,TATAGLOBAL,25-Jan-2018,260,PE,0,0,0,49.4,3.2,0,0,0,0,19-DEC-2017,
OPTSTK,TATAGLOBAL,25-Jan-2018,265,PE,0,0,0,53.75,4.15,0,0,0,0,19-DEC-2017,
OPTSTK,TATAGLOBAL,25-Jan-2018,270,PE,0,0,0,58.2,5.25,0,0,0,0,19-DEC-2017,
OPTSTK,TATAGLOBAL,25-Jan-2018,275,PE,4.1,4.1,4.1,4.1,4.1,1,12.55,4500,4500,19-DEC-2017,
OPTSTK,TATAGLOBAL,25-Jan-2018,280,PE,0,0,0,67.3,8,0,0,0,0,19-DEC-2017,
OPTSTK,TATAGLOBAL,25-Jan-2018,285,PE,7.5,7.5,7.5,7.5,7.5,2,26.32,9000,9000,19-DEC-2017,
OPTSTK,TATAGLOBAL,25-Jan-2018,290,PE,8.45,8.45,7.1,7.1,7.1,17,228.15,76500,67500,19-DEC-2017,
OPTSTK,TATAGLOBAL,25-Jan-2018,295,PE,12,12,8.65,8.7,8.7,9,123.3,49500,40500,19-DEC-2017,
OPTSTK,TATAGLOBAL,25-Jan-2018,300,PE,12.8,12.8,11.55,11.55,11.55,7,98.23,22500,4500,19-DEC-2017,
OPTSTK,TATAGLOBAL,25-Jan-2018,305,PE,0,0,0,81.65,18.85,0,0,0,0,19-DEC-2017,
OPTSTK,TATAGLOBAL,25-Jan-2018,310,PE,0,0,0,86.3,21.7,0,0,0,0,19-DEC-2017,
OPTSTK,TATAGLOBAL,25-Jan-2018,315,PE,0,0,0,85.3,24.75,0,0,0,0,19-DEC-2017,
OPTSTK,TATAGLOBAL,25-Jan-2018,320,PE,0,0,0,88.7,28.05,0,0,0,0,19-DEC-2017,
OPTSTK,TATAGLOBAL,25-Jan-2018,325,PE,0,0,0,87.2,31.45,0,0,0,0,19-DEC-2017,
OPTSTK,TATAGLOBAL,25-Jan-2018,330,PE,0,0,0,88.75,35.1,0,0,0,0,19-DEC-2017,
OPTSTK,TATAGLOBAL,25-Jan-2018,335,PE,0,0,0,88.05,38.9,0,0,0,0,19-DEC-2017,
OPTSTK,TATAGLOBAL,25-Jan-2018,340,PE,0,0,0,88.6,42.85,0,0,0,0,19-DEC-2017,
OPTSTK,TATAGLOBAL,25-Jan-2018,345,PE,0,0,0,84.9,46.9,0,0,0,0,19-DEC-2017,
OPTSTK,TATAGLOBAL,22-Feb-2018,195,CE,0,0,0,96.15,108.05,0,0,0,0,19-DEC-2017,
OPTSTK,TATAGLOBAL,22-Feb-2018,200,CE,0,0,0,91.6,103.2,0,0,0,0,19-DEC-2017,
OPTSTK,TATAGLOBAL,22-Feb-2018,205,CE,0,0,0,87.1,98.4,0,0,0,0,19-DEC-2017,
OPTSTK,TATAGLOBAL,22-Feb-2018,210,CE,0,0,0,82.65,93.6,0,0,0,0,19-DEC-2017,
OPTSTK,TATAGLOBAL,22-Feb-2018,215,CE,0,0,0,78.35,88.85,0,0,0,0,19-DEC-2017,
OPTSTK,TATAGLOBAL,22-Feb-2018,220,CE,0,0,0,74.1,84.15,0,0,0,0,19-DEC-2017,
OPTSTK,TATAGLOBAL,22-Feb-2018,225,CE,0,0,0,70,79.55,0,0,0,0,19-DEC-2017,
OPTSTK,TATAGLOBAL,22-Feb-2018,230,CE,0,0,0,66,75,0,0,0,0,19-DEC-2017,
OPTSTK,TATAGLOBAL,22-Feb-2018,235,CE,0,0,0,62.1,70.55,0,0,0,0,19-DEC-2017,
OPTSTK,TATAGLOBAL,22-Feb-2018,240,CE,0,0,0,58.35,66.2,0,0,0,0,19-DEC-2017,
OPTSTK,TATAGLOBAL,22-Feb-2018,245,CE,0,0,0,54.75,62,0,0,0,0,19-DEC-2017,
OPTSTK,TATAGLOBAL,22-Feb-2018,250,CE,0,0,0,51.25,57.85,0,0,0,0,19-DEC-2017,
OPTSTK,TATAGLOBAL,22-Feb-2018,255,CE,0,0,0,47.9,53.9,0,0,0,0,19-DEC-2017,
OPTSTK,TATAGLOBAL,22-Feb-2018,260,CE,0,0,0,44.7,50.05,0,0,0,0,19-DEC-2017,
OPTSTK,TATAGLOBAL,22-Feb-2018,265,CE,0,0,0,41.65,46.4,0,0,0,0,19-DEC-2017,
OPTSTK,TATAGLOBAL,22-Feb-2018,270,CE,0,0,0,38.75,42.85,0,0,0,0,19-DEC-2017,
OPTSTK,TATAGLOBAL,22-Feb-2018,275,CE,0,0,0,35.95,39.45,0,0,0,0,19-DEC-2017,
OPTSTK,TATAGLOBAL,22-Feb-2018,280,CE,0,0,0,33.35,36.3,0,0,0,0,19-DEC-2017,
OPTSTK,TATAGLOBAL,22-Feb-2018,285,CE,0,0,0,30.9,33.25,0,0,0,0,19-DEC-2017,
OPTSTK,TATAGLOBAL,22-Feb-2018,290,CE,0,0,0,28.55,30.4,0,0,0,0,19-DEC-2017,
OPTSTK,TATAGLOBAL,22-Feb-2018,295,CE,0,0,0,26.35,27.75,0,0,0,0,19-DEC-2017,
OPTSTK,TATAGLOBAL,22-Feb-2018,300,CE,0,0,0,24.3,25.25,0,0,0,0,19-DEC-2017,
OPTSTK,TATAGLOBAL,22-Feb-2018,305,CE,0,0,0,22.35,22.9,0,0,0,0,19-DEC-2017,
OPTSTK,TATAGLOBAL,22-Feb-2018,310,CE,0,0,0,20.55,20.75,0,0,0,0,19-DEC-2017,
OPTSTK,TATAGLOBAL,22-Feb-2018,315,CE,0,0,0,18.9,18.7,0,0,0,0,19-DEC-2017,
OPTSTK,TATAGLOBAL,22-Feb-2018,320,CE,0,0,0,17.3,16.85,0,0,0,0,19-DEC-2017,
OPTSTK,TATAGLOBAL,22-Feb-2018,325,CE,0,0,0,15.85,15.15,0,0,0,0,19-DEC-2017,
OPTSTK,TATAGLOBAL,22-Feb-2018,330,CE,0,0,0,14.5,13.6,0,0,0,0,19-DEC-2017,
OPTSTK,TATAGLOBAL,22-Feb-2018,335,CE,0,0,0,13.3,12.15,0,0,0,0,19-DEC-2017,
OPTSTK,TATAGLOBAL,22-Feb-2018,340,CE,0,0,0,12.15,10.9,0,0,0,0,19-DEC-2017,
OPTSTK,TATAGLOBAL,22-Feb-2018,345,CE,0,0,0,11.05,9.7,0,0,0,0,19-DEC-2017,
OPTSTK,TATAGLOBAL,22-Feb-2018,195,PE,0,0,0,1.25,0.2,0,0,0,0,19-DEC-2017,
OPTSTK,TATAGLOBAL,22-Feb-2018,200,PE,0,0,0,1.6,0.3,0,0,0,0,19-DEC-2017,
OPTSTK,TATAGLOBAL,22-Feb-2018,205,PE,0,0,0,2,0.4,0,0,0,0,19-DEC-2017,
OPTSTK,TATAGLOBAL,22-Feb-2018,210,PE,0,0,0,2.5,0.55,0,0,0,0,19-DEC-2017,
OPTSTK,TATAGLOBAL,22-Feb-2018,215,PE,0,0,0,3.1,0.75,0,0,0,0,19-DEC-2017,
OPTSTK,TATAGLOBAL,22-Feb-2018,220,PE,0,0,0,3.8,1,0,0,0,0,19-DEC-2017,
OPTSTK,TATAGLOBAL,22-Feb-2018,225,PE,0,0,0,4.6,1.35,0,0,0,0,19-DEC-2017,
OPTSTK,TATAGLOBAL,22-Feb-2018,230,PE,0,0,0,5.55,1.75,0,0,0,0,19-DEC-2017,
OPTSTK,TATAGLOBAL,22-Feb-2018,235,PE,0,0,0,6.6,2.25,0,0,0,0,19-DEC-2017,
OPTSTK,TATAGLOBAL,22-Feb-2018,240,PE,0,0,0,7.75,2.85,0,0,0,0,19-DEC-2017,
OPTSTK,TATAGLOBAL,22-Feb-2018,245,PE,0,0,0,9.05,3.55,0,0,0,0,19-DEC-2017,
OPTSTK,TATAGLOBAL,22-Feb-2018,250,PE,0,0,0,10.5,4.35,0,0,0,0,19-DEC-2017,
OPTSTK,TATAGLOBAL,22-Feb-2018,255,PE,0,0,0,12.1,5.35,0,0,0,0,19-DEC-2017,
OPTSTK,TATAGLOBAL,22-Feb-2018,260,PE,0,0,0,13.8,6.45,0,0,0,0,19-DEC-2017,
OPTSTK,TATAGLOBAL,22-Feb-2018,265,PE,0,0,0,15.65,7.7,0,0,0,0,19-DEC-2017,
OPTSTK,TATAGLOBAL,22-Feb-2018,270,PE,0,0,0,17.7,9.1,0,0,0,0,19-DEC-2017,
OPTSTK,TATAGLOBAL,22-Feb-2018,275,PE,0,0,0,19.85,10.7,0,0,0,0,19-DEC-2017,
OPTSTK,TATAGLOBAL,22-Feb-2018,280,PE,0,0,0,22.2,12.45,0,0,0,0,19-DEC-2017,
OPTSTK,TATAGLOBAL,22-Feb-2018,285,PE,0,0,0,24.65,14.35,0,0,0,0,19-DEC-2017,
OPTSTK,TATAGLOBAL,22-Feb-2018,290,PE,0,0,0,27.25,16.45,0,0,0,0,19-DEC-2017,
OPTSTK,TATAGLOBAL,22-Feb-2018,295,PE,0,0,0,29.95,18.75,0,0,0,0,19-DEC-2017,
OPTSTK,TATAGLOBAL,22-Feb-2018,300,PE,0,0,0,32.85,21.15,0,0,0,0,19-DEC-2017,
OPTSTK,TATAGLOBAL,22-Feb-2018,305,PE,0,0,0,35.85,23.75,0,0,0,0,19-DEC-2017,
OPTSTK,TATAGLOBAL,22-Feb-2018,310,PE,0,0,0,38.95,26.55,0,0,0,0,19-DEC-2017,
OPTSTK,TATAGLOBAL,22-Feb-2018,315,PE,0,0,0,42.2,29.5,0,0,0,0,19-DEC-2017,
OPTSTK,TATAGLOBAL,22-Feb-2018,320,PE,0,0,0,45.55,32.55,0,0,0,0,19-DEC-2017,
OPTSTK,TATAGLOBAL,22-Feb-2018,325,PE,0,0,0,49.05,35.8,0,0,0,0,19-DEC-2017,
OPTSTK,TATAGLOBAL,22-Feb-2018,330,PE,0,0,0,52.6,39.2,0,0,0,0,19-DEC-2017,
OPTSTK,TATAGLOBAL,22-Feb-2018,335,PE,0,0,0,56.3,42.7,0,0,0,0,19-DEC-2017,
OPTSTK,TATAGLOBAL,22-Feb-2018,340,PE,0,0,0,60.05,46.35,0,0,0,0,19-DEC-2017,
OPTSTK,TATAGLOBAL,22-Feb-2018,345,PE,0,0,0,63.95,50.1,0,0,0,0,19-DEC-2017,
OPTSTK,TATAMOTORS,28-Dec-2017,280,CE,0,0,0,126.25,140.55,0,0,0,0,19-DEC-2017,
OPTSTK,TATAMOTORS,28-Dec-2017,290,CE,0,0,0,116.7,130.55,0,0,0,0,19-DEC-2017,
OPTSTK,TATAMOTORS,28-Dec-2017,300,CE,0,0,0,107.35,120.6,0,0,0,0,19-DEC-2017,
OPTSTK,TATAMOTORS,28-Dec-2017,310,CE,0,0,0,98.15,110.6,0,0,0,0,19-DEC-2017,
OPTSTK,TATAMOTORS,28-Dec-2017,320,CE,0,0,0,90.5,100.6,0,0,1500,0,19-DEC-2017,
OPTSTK,TATAMOTORS,28-Dec-2017,330,CE,0,0,0,80.65,90.65,0,0,0,0,19-DEC-2017,
OPTSTK,TATAMOTORS,28-Dec-2017,340,CE,0,0,0,67.4,80.65,0,0,3000,0,19-DEC-2017,
OPTSTK,TATAMOTORS,28-Dec-2017,350,CE,0,0,0,57.85,70.65,0,0,12000,0,19-DEC-2017,
OPTSTK,TATAMOTORS,28-Dec-2017,360,CE,0,0,0,43,60.7,0,0,3000,0,19-DEC-2017,
OPTSTK,TATAMOTORS,28-Dec-2017,370,CE,0,0,0,39,50.7,0,0,3000,0,19-DEC-2017,
OPTSTK,TATAMOTORS,28-Dec-2017,380,CE,33.5,35,33.05,35,35,7,43.42,39000,-7500,19-DEC-2017,
OPTSTK,TATAMOTORS,28-Dec-2017,390,CE,24.5,30,23.5,30,30,14,87.13,87000,-15000,19-DEC-2017,
OPTSTK,TATAMOTORS,28-Dec-2017,400,CE,12.5,23.25,12.5,22.2,22.2,1410,8859.23,1279500,534000,19-DEC-2017,
OPTSTK,TATAMOTORS,28-Dec-2017,410,CE,7,15,7,14.05,14.05,3445,21736.65,1575000,-549000,19-DEC-2017,
OPTSTK,TATAMOTORS,28-Dec-2017,420,CE,3.6,8.45,3.6,7.85,7.85,6892,44037.62,3352500,-738000,19-DEC-2017,
OPTSTK,TATAMOTORS,28-Dec-2017,430,CE,1.85,4.55,1.8,4.15,4.15,4182,27164.49,2845500,-207000,19-DEC-2017,
OPTSTK,TATAMOTORS,28-Dec-2017,440,CE,1.05,2.35,0.9,2.1,2.1,2167,14352.71,2236500,-76500,19-DEC-2017,
OPTSTK,TATAMOTORS,28-Dec-2017,450,CE,0.65,1.35,0.5,1.15,1.15,1299,8785.44,1677000,-193500,19-DEC-2017,
OPTSTK,TATAMOTORS,28-Dec-2017,460,CE,0.4,0.8,0.35,0.7,0.7,623,4304.14,928500,-54000,19-DEC-2017,
OPTSTK,TATAMOTORS,28-Dec-2017,470,CE,0.3,0.45,0.25,0.45,0.45,113,797.29,514500,-7500,19-DEC-2017,
OPTSTK,TATAMOTORS,28-Dec-2017,480,CE,0.25,0.4,0.2,0.35,0.35,50,360.25,415500,-13500,19-DEC-2017,
OPTSTK,TATAMOTORS,28-Dec-2017,490,CE,0.25,0.3,0.25,0.3,0.3,31,227.98,175500,1500,19-DEC-2017,
OPTSTK,TATAMOTORS,28-Dec-2017,500,CE,0.2,0.25,0.15,0.25,0.25,114,855.32,1569000,-67500,19-DEC-2017,
OPTSTK,TATAMOTORS,28-Dec-2017,510,CE,0,0,0,0.25,0,0,0,57000,0,19-DEC-2017,
OPTSTK,TATAMOTORS,28-Dec-2017,520,CE,0.25,0.25,0.2,0.2,0.2,3,23.4,48000,3000,19-DEC-2017,
OPTSTK,TATAMOTORS,28-Dec-2017,530,CE,0,0,0,0.05,0,0,0,33000,0,19-DEC-2017,
OPTSTK,TATAMOTORS,28-Dec-2017,540,CE,0,0,0,0.05,0,0,0,25500,0,19-DEC-2017,
OPTSTK,TATAMOTORS,28-Dec-2017,550,CE,0.25,0.25,0.25,0.25,0.25,2,16.5,9000,3000,19-DEC-2017,
OPTSTK,TATAMOTORS,28-Dec-2017,560,CE,0.05,0.05,0.05,0.05,0.05,1,8.4,4500,-1500,19-DEC-2017,
OPTSTK,TATAMOTORS,28-Dec-2017,280,PE,0.55,0.55,0.55,0.55,0.55,1,4.2,1500,1500,19-DEC-2017,
OPTSTK,TATAMOTORS,28-Dec-2017,290,PE,0,0,0,0.8,0,0,0,0,0,19-DEC-2017,
OPTSTK,TATAMOTORS,28-Dec-2017,300,PE,0,0,0,1.25,0,0,0,0,0,19-DEC-2017,
OPTSTK,TATAMOTORS,28-Dec-2017,310,PE,0,0,0,1.95,0,0,0,0,0,19-DEC-2017,
OPTSTK,TATAMOTORS,28-Dec-2017,320,PE,0,0,0,2.9,0,0,0,0,0,19-DEC-2017,
OPTSTK,TATAMOTORS,28-Dec-2017,330,PE,0.15,0.15,0.15,0.15,0.15,7,34.66,69000,-1500,19-DEC-2017,
OPTSTK,TATAMOTORS,28-Dec-2017,340,PE,0.1,0.1,0.1,0.1,0.1,2,10.2,103500,-3000,19-DEC-2017,
OPTSTK,TATAMOTORS,28-Dec-2017,350,PE,0.2,0.2,0.15,0.15,0.15,11,57.77,235500,-12000,19-DEC-2017,
OPTSTK,TATAMOTORS,28-Dec-2017,360,PE,0.2,0.2,0.1,0.1,0.1,66,356.54,298500,-25500,19-DEC-2017,
OPTSTK,TATAMOTORS,28-Dec-2017,370,PE,0.3,0.3,0.15,0.2,0.2,122,677.45,418500,-64500,19-DEC-2017,
OPTSTK,TATAMOTORS,28-Dec-2017,380,PE,0.8,0.8,0.3,0.4,0.4,390,2225.72,640500,-147000,19-DEC-2017,
OPTSTK,TATAMOTORS,28-Dec-2017,390,PE,1.9,1.95,0.7,0.85,0.85,836,4904.16,505500,-133500,19-DEC-2017,
OPTSTK,TATAMOTORS,28-Dec-2017,400,PE,4.75,4.75,1.75,1.95,1.95,3071,18538.01,1597500,382500,19-DEC-2017,
OPTSTK,TATAMOTORS,28-Dec-2017,410,PE,8.05,8.05,3.55,3.9,3.9,2440,15193.95,1209000,439500,19-DEC-2017,
OPTSTK,TATAMOTORS,28-Dec-2017,420,PE,12,13,6.9,7.4,7.4,504,3240.39,559500,160500,19-DEC-2017,
OPTSTK,TATAMOTORS,28-Dec-2017,430,PE,19.1,19.1,12.75,13.55,13.55,32,213.53,367500,4500,19-DEC-2017,
OPTSTK,TATAMOTORS,28-Dec-2017,440,PE,31,31,20.7,20.9,20.9,9,62.81,165000,-9000,19-DEC-2017,
OPTSTK,TATAMOTORS,28-Dec-2017,450,PE,38,38,30,30,30,4,29.07,175500,0,19-DEC-2017,
OPTSTK,TATAMOTORS,28-Dec-2017,460,PE,0,0,0,51.85,39.45,0,0,49500,0,19-DEC-2017,
OPTSTK,TATAMOTORS,28-Dec-2017,470,PE,0,0,0,58.45,49.25,0,0,21000,0,19-DEC-2017,
OPTSTK,TATAMOTORS,28-Dec-2017,480,PE,0,0,0,69,59.2,0,0,33000,0,19-DEC-2017,
OPTSTK,TATAMOTORS,28-Dec-2017,490,PE,0,0,0,87.75,69.15,0,0,0,0,19-DEC-2017,
OPTSTK,TATAMOTORS,28-Dec-2017,500,PE,86.5,86.5,86.5,86.5,86.5,1,8.79,193500,-1500,19-DEC-2017,
OPTSTK,TATAMOTORS,28-Dec-2017,510,PE,0,0,0,102.2,89.15,0,0,1500,0,19-DEC-2017,
OPTSTK,TATAMOTORS,28-Dec-2017,520,PE,0,0,0,109,99.1,0,0,21000,0,19-DEC-2017,
OPTSTK,TATAMOTORS,28-Dec-2017,530,PE,0,0,0,123.3,109.1,0,0,0,0,19-DEC-2017,
OPTSTK,TATAMOTORS,28-Dec-2017,540,PE,0,0,0,131.75,119.1,0,0,12000,0,19-DEC-2017,
OPTSTK,TATAMOTORS,28-Dec-2017,550,PE,0,0,0,141.95,129.05,0,0,0,0,19-DEC-2017,
OPTSTK,TATAMOTORS,28-Dec-2017,560,PE,0,0,0,159,139.05,0,0,118500,0,19-DEC-2017,
OPTSTK,TATAMOTORS,25-Jan-2018,280,CE,0,0,0,143.85,141.95,0,0,0,0,19-DEC-2017,
OPTSTK,TATAMOTORS,25-Jan-2018,290,CE,0,0,0,134.05,132,0,0,0,0,19-DEC-2017,
OPTSTK,TATAMOTORS,25-Jan-2018,300,CE,0,0,0,124.35,122.05,0,0,0,0,19-DEC-2017,
OPTSTK,TATAMOTORS,25-Jan-2018,310,CE,0,0,0,114.65,112.15,0,0,0,0,19-DEC-2017,
OPTSTK,TATAMOTORS,25-Jan-2018,320,CE,0,0,0,105.1,102.2,0,0,0,0,19-DEC-2017,
OPTSTK,TATAMOTORS,25-Jan-2018,330,CE,0,0,0,95.7,92.3,0,0,0,0,19-DEC-2017,
OPTSTK,TATAMOTORS,25-Jan-2018,340,CE,0,0,0,86.55,82.5,0,0,0,0,19-DEC-2017,
OPTSTK,TATAMOTORS,25-Jan-2018,350,CE,0,0,0,77.65,72.75,0,0,0,0,19-DEC-2017,
OPTSTK,TATAMOTORS,25-Jan-2018,360,CE,0,0,0,69.1,63.2,0,0,0,0,19-DEC-2017,
OPTSTK,TATAMOTORS,25-Jan-2018,370,CE,0,0,0,61,53.95,0,0,0,0,19-DEC-2017,
OPTSTK,TATAMOTORS,25-Jan-2018,380,CE,38,38.5,38,38.5,38.5,5,31.36,7500,7500,19-DEC-2017,
OPTSTK,TATAMOTORS,25-Jan-2018,390,CE,0,0,0,46.25,37,0,0,0,0,19-DEC-2017,
OPTSTK,TATAMOTORS,25-Jan-2018,400,CE,24,29,22,29,29,17,108.12,46500,0,19-DEC-2017,
OPTSTK,TATAMOTORS,25-Jan-2018,410,CE,15.95,23.55,15.95,22.75,22.75,33,212.44,36000,-4500,19-DEC-2017,
OPTSTK,TATAMOTORS,25-Jan-2018,420,CE,12.5,17.5,12.4,16.85,16.85,92,599.77,144000,34500,19-DEC-2017,
OPTSTK,TATAMOTORS,25-Jan-2018,430,CE,8.1,12.95,8.1,12.6,12.6,137,905.56,154500,54000,19-DEC-2017,
OPTSTK,TATAMOTORS,25-Jan-2018,440,CE,6.1,9.4,6,9.15,9.15,84,564.04,183000,15000,19-DEC-2017,
OPTSTK,TATAMOTORS,25-Jan-2018,450,CE,4.5,6.7,4.45,6.4,6.4,107,730.63,163500,90000,19-DEC-2017,
OPTSTK,TATAMOTORS,25-Jan-2018,460,CE,4,5.3,3.25,4.95,4.95,10,69.63,13500,13500,19-DEC-2017,
OPTSTK,TATAMOTORS,25-Jan-2018,470,CE,0,0,0,10.65,2.95,0,0,0,0,19-DEC-2017,
OPTSTK,TATAMOTORS,25-Jan-2018,480,CE,0,0,0,8.55,1.9,0,0,0,0,19-DEC-2017,
OPTSTK,TATAMOTORS,25-Jan-2018,490,CE,2.2,2.2,2.2,2.2,2.2,1,7.38,1500,1500,19-DEC-2017,
OPTSTK,TATAMOTORS,25-Jan-2018,500,CE,1.3,1.65,1.2,1.65,1.65,24,180.53,37500,33000,19-DEC-2017,
OPTSTK,TATAMOTORS,25-Jan-2018,510,CE,0,0,0,4.2,0.45,0,0,0,0,19-DEC-2017,
OPTSTK,TATAMOTORS,25-Jan-2018,520,CE,0,0,0,3.25,0.25,0,0,0,0,19-DEC-2017,
OPTSTK,TATAMOTORS,25-Jan-2018,530,CE,0,0,0,2.5,0.15,0,0,0,0,19-DEC-2017,
OPTSTK,TATAMOTORS,25-Jan-2018,540,CE,0,0,0,1.9,0.1,0,0,0,0,19-DEC-2017,
OPTSTK,TATAMOTORS,25-Jan-2018,550,CE,0,0,0,1.45,0.05,0,0,0,0,19-DEC-2017,
OPTSTK,TATAMOTORS,25-Jan-2018,560,CE,0,0,0,1.5,0.05,0,0,6000,0,19-DEC-2017,
OPTSTK,TATAMOTORS,25-Jan-2018,280,PE,0,0,0,0.05,0,0,0,0,0,19-DEC-2017,
OPTSTK,TATAMOTORS,25-Jan-2018,290,PE,0,0,0,0.1,0,0,0,0,0,19-DEC-2017,
OPTSTK,TATAMOTORS,25-Jan-2018,300,PE,0,0,0,0.2,0,0,0,0,0,19-DEC-2017,
OPTSTK,TATAMOTORS,25-Jan-2018,310,PE,0,0,0,0.4,0.05,0,0,0,0,19-DEC-2017,
OPTSTK,TATAMOTORS,25-Jan-2018,320,PE,0,0,0,0.7,0.05,0,0,0,0,19-DEC-2017,
OPTSTK,TATAMOTORS,25-Jan-2018,330,PE,0,0,0,1.15,0.1,0,0,0,0,19-DEC-2017,
OPTSTK,TATAMOTORS,25-Jan-2018,340,PE,0,0,0,2.95,0.15,0,0,55500,0,19-DEC-2017,
OPTSTK,TATAMOTORS,25-Jan-2018,350,PE,0,0,0,2.75,0.35,0,0,0,0,19-DEC-2017,
OPTSTK,TATAMOTORS,25-Jan-2018,360,PE,0,0,0,4.05,0.75,0,0,0,0,19-DEC-2017,
OPTSTK,TATAMOTORS,25-Jan-2018,370,PE,0,0,0,3,1.45,0,0,4500,0,19-DEC-2017,
OPTSTK,TATAMOTORS,25-Jan-2018,380,PE,3.8,3.9,3.2,3.2,3.2,13,74.82,48000,1500,19-DEC-2017,
OPTSTK,TATAMOTORS,25-Jan-2018,390,PE,6.7,6.7,5,5,5,14,83.06,30000,18000,19-DEC-2017,
OPTSTK,TATAMOTORS,25-Jan-2018,400,PE,9,9,6.8,7,7,42,257.12,66000,34500,19-DEC-2017,
OPTSTK,TATAMOTORS,25-Jan-2018,410,PE,12.75,13.1,10.2,10.35,10.35,21,132.61,31500,18000,19-DEC-2017,
OPTSTK,TATAMOTORS,25-Jan-2018,420,PE,18,18,14.2,14.55,14.55,14,91.52,12000,12000,19-DEC-2017,
OPTSTK,TATAMOTORS,25-Jan-2018,430,PE,18.35,18.35,18.35,18.35,18.35,1,6.72,1500,1500,19-DEC-2017,
OPTSTK,TATAMOTORS,25-Jan-2018,440,PE,0,0,0,33.45,26.35,0,0,0,0,19-DEC-2017,
OPTSTK,TATAMOTORS,25-Jan-2018,450,PE,0,0,0,46,33.5,0,0,1500,0,19-DEC-2017,
OPTSTK,TATAMOTORS,25-Jan-2018,460,PE,0,0,0,35,41.35,0,0,13500,0,19-DEC-2017,
OPTSTK,TATAMOTORS,25-Jan-2018,470,PE,0,0,0,53.9,49.8,0,0,0,0,19-DEC-2017,
OPTSTK,TATAMOTORS,25-Jan-2018,480,PE,0,0,0,61.6,58.7,0,0,0,0,19-DEC-2017,
OPTSTK,TATAMOTORS,25-Jan-2018,490,PE,0,0,0,69.7,67.9,0,0,0,0,19-DEC-2017,
OPTSTK,TATAMOTORS,25-Jan-2018,500,PE,0,0,0,93,77.4,0,0,3000,0,19-DEC-2017,
OPTSTK,TATAMOTORS,25-Jan-2018,510,PE,0,0,0,86.8,87.05,0,0,0,0,19-DEC-2017,
OPTSTK,TATAMOTORS,25-Jan-2018,520,PE,0,0,0,95.7,96.8,0,0,0,0,19-DEC-2017,
OPTSTK,TATAMOTORS,25-Jan-2018,530,PE,0,0,0,104.8,106.6,0,0,0,0,19-DEC-2017,
OPTSTK,TATAMOTORS,25-Jan-2018,540,PE,0,0,0,114.05,116.5,0,0,0,0,19-DEC-2017,
OPTSTK,TATAMOTORS,25-Jan-2018,550,PE,0,0,0,123.45,126.4,0,0,0,0,19-DEC-2017,
OPTSTK,TATAMOTORS,25-Jan-2018,560,PE,0,0,0,132.95,136.3,0,0,0,0,19-DEC-2017,
OPTSTK,TATAMOTORS,22-Feb-2018,280,CE,0,0,0,128.35,143.3,0,0,0,0,19-DEC-2017,
OPTSTK,TATAMOTORS,22-Feb-2018,290,CE,0,0,0,118.6,133.45,0,0,0,0,19-DEC-2017,
OPTSTK,TATAMOTORS,22-Feb-2018,300,CE,0,0,0,108.95,123.6,0,0,0,0,19-DEC-2017,
OPTSTK,TATAMOTORS,22-Feb-2018,310,CE,0,0,0,99.4,113.75,0,0,0,0,19-DEC-2017,
OPTSTK,TATAMOTORS,22-Feb-2018,320,CE,0,0,0,90.05,104,0,0,0,0,19-DEC-2017,
OPTSTK,TATAMOTORS,22-Feb-2018,330,CE,0,0,0,80.95,94.3,0,0,0,0,19-DEC-2017,
OPTSTK,TATAMOTORS,22-Feb-2018,340,CE,0,0,0,72.15,84.75,0,0,0,0,19-DEC-2017,
OPTSTK,TATAMOTORS,22-Feb-2018,350,CE,0,0,0,63.7,75.45,0,0,0,0,19-DEC-2017,
OPTSTK,TATAMOTORS,22-Feb-2018,360,CE,0,0,0,55.75,66.45,0,0,0,0,19-DEC-2017,
OPTSTK,TATAMOTORS,22-Feb-2018,370,CE,0,0,0,48.35,57.85,0,0,0,0,19-DEC-2017,
OPTSTK,TATAMOTORS,22-Feb-2018,380,CE,0,0,0,41.5,49.75,0,0,0,0,19-DEC-2017,
OPTSTK,TATAMOTORS,22-Feb-2018,390,CE,0,0,0,35.25,42.25,0,0,0,0,19-DEC-2017,
OPTSTK,TATAMOTORS,22-Feb-2018,400,CE,0,0,0,29.25,35.35,0,0,46500,0,19-DEC-2017,
OPTSTK,TATAMOTORS,22-Feb-2018,410,CE,0,0,0,25,29.2,0,0,3000,0,19-DEC-2017,
OPTSTK,TATAMOTORS,22-Feb-2018,420,CE,0,0,0,20.4,23.8,0,0,0,0,19-DEC-2017,
OPTSTK,TATAMOTORS,22-Feb-2018,430,CE,0,0,0,16.65,19.1,0,0,0,0,19-DEC-2017,
OPTSTK,TATAMOTORS,22-Feb-2018,440,CE,0,0,0,13.5,15.1,0,0,0,0,19-DEC-2017,
OPTSTK,TATAMOTORS,22-Feb-2018,450,CE,0,0,0,10.85,11.8,0,0,0,0,19-DEC-2017,
OPTSTK,TATAMOTORS,22-Feb-2018,460,CE,0,0,0,8.6,9.1,0,0,0,0,19-DEC-2017,
OPTSTK,TATAMOTORS,22-Feb-2018,470,CE,0,0,0,6.8,6.9,0,0,0,0,19-DEC-2017,
OPTSTK,TATAMOTORS,22-Feb-2018,480,CE,0,0,0,5.3,5.2,0,0,0,0,19-DEC-2017,
OPTSTK,TATAMOTORS,22-Feb-2018,490,CE,0,0,0,4.1,3.85,0,0,0,0,19-DEC-2017,
OPTSTK,TATAMOTORS,22-Feb-2018,500,CE,0,0,0,3.15,2.8,0,0,0,0,19-DEC-2017,
OPTSTK,TATAMOTORS,22-Feb-2018,510,CE,0,0,0,2.4,2.05,0,0,0,0,19-DEC-2017,
OPTSTK,TATAMOTORS,22-Feb-2018,520,CE,0,0,0,1.85,1.45,0,0,0,0,19-DEC-2017,
OPTSTK,TATAMOTORS,22-Feb-2018,530,CE,0,0,0,1.4,1.05,0,0,0,0,19-DEC-2017,
OPTSTK,TATAMOTORS,22-Feb-2018,540,CE,0,0,0,1.05,0.7,0,0,0,0,19-DEC-2017,
OPTSTK,TATAMOTORS,22-Feb-2018,550,CE,0,0,0,0.8,0.5,0,0,0,0,19-DEC-2017,
OPTSTK,TATAMOTORS,22-Feb-2018,560,CE,0,0,0,0.6,0.35,0,0,0,0,19-DEC-2017,
OPTSTK,TATAMOTORS,22-Feb-2018,280,PE,0,0,0,0.1,0.05,0,0,0,0,19-DEC-2017,
OPTSTK,TATAMOTORS,22-Feb-2018,290,PE,0,0,0,0.25,0.05,0,0,0,0,19-DEC-2017,
OPTSTK,TATAMOTORS,22-Feb-2018,300,PE,0,0,0,0.4,0.05,0,0,0,0,19-DEC-2017,
OPTSTK,TATAMOTORS,22-Feb-2018,310,PE,0,0,0,0.75,0.1,0,0,0,0,19-DEC-2017,
OPTSTK,TATAMOTORS,22-Feb-2018,320,PE,0,0,0,1.25,0.25,0,0,0,0,19-DEC-2017,
OPTSTK,TATAMOTORS,22-Feb-2018,330,PE,0,0,0,1.95,0.45,0,0,0,0,19-DEC-2017,
OPTSTK,TATAMOTORS,22-Feb-2018,340,PE,0,0,0,3,0.8,0,0,0,0,19-DEC-2017,
OPTSTK,TATAMOTORS,22-Feb-2018,350,PE,0,0,0,4.45,1.4,0,0,0,0,19-DEC-2017,
OPTSTK,TATAMOTORS,22-Feb-2018,360,PE,0,0,0,6.35,2.25,0,0,0,0,19-DEC-2017,
OPTSTK,TATAMOTORS,22-Feb-2018,370,PE,0,0,0,8.8,3.55,0,0,0,0,19-DEC-2017,
OPTSTK,TATAMOTORS,22-Feb-2018,380,PE,0,0,0,11.8,5.35,0,0,0,0,19-DEC-2017,
OPTSTK,TATAMOTORS,22-Feb-2018,390,PE,0,0,0,15.45,7.7,0,0,0,0,19-DEC-2017,
OPTSTK,TATAMOTORS,22-Feb-2018,400,PE,0,0,0,20,10.7,0,0,3000,0,19-DEC-2017,
OPTSTK,TATAMOTORS,22-Feb-2018,410,PE,0,0,0,24.6,14.4,0,0,0,0,19-DEC-2017,
OPTSTK,TATAMOTORS,22-Feb-2018,420,PE,0,0,0,25,18.9,0,0,3000,0,19-DEC-2017,
OPTSTK,TATAMOTORS,22-Feb-2018,430,PE,0,0,0,32,24.1,0,0,4500,0,19-DEC-2017,
OPTSTK,TATAMOTORS,22-Feb-2018,440,PE,0,0,0,42.95,30,0,0,0,0,19-DEC-2017,
OPTSTK,TATAMOTORS,22-Feb-2018,450,PE,0,0,0,50.15,36.55,0,0,0,0,19-DEC-2017,
OPTSTK,TATAMOTORS,22-Feb-2018,460,PE,0,0,0,57.75,43.75,0,0,0,0,19-DEC-2017,
OPTSTK,TATAMOTORS,22-Feb-2018,470,PE,0,0,0,65.8,51.45,0,0,0,0,19-DEC-2017,
OPTSTK,TATAMOTORS,22-Feb-2018,480,PE,0,0,0,74.15,59.6,0,0,0,0,19-DEC-2017,
OPTSTK,TATAMOTORS,22-Feb-2018,490,PE,0,0,0,82.8,68.15,0,0,0,0,19-DEC-2017,
OPTSTK,TATAMOTORS,22-Feb-2018,500,PE,0,0,0,91.75,77,0,0,0,0,19-DEC-2017,
OPTSTK,TATAMOTORS,22-Feb-2018,510,PE,0,0,0,100.85,86.1,0,0,0,0,19-DEC-2017,
OPTSTK,TATAMOTORS,22-Feb-2018,520,PE,0,0,0,110.1,95.4,0,0,0,0,19-DEC-2017,
OPTSTK,TATAMOTORS,22-Feb-2018,530,PE,0,0,0,119.5,104.9,0,0,0,0,19-DEC-2017,
OPTSTK,TATAMOTORS,22-Feb-2018,540,PE,0,0,0,129,114.45,0,0,0,0,19-DEC-2017,
OPTSTK,TATAMOTORS,22-Feb-2018,550,PE,0,0,0,138.6,124.15,0,0,0,0,19-DEC-2017,
OPTSTK,TATAMOTORS,22-Feb-2018,560,PE,0,0,0,148.25,133.85,0,0,0,0,19-DEC-2017,
OPTSTK,TATAMTRDVR,28-Dec-2017,160,CE,0,0,0,64.35,72.25,0,0,0,0,19-DEC-2017,
OPTSTK,TATAMTRDVR,28-Dec-2017,165,CE,0,0,0,59.65,67.3,0,0,0,0,19-DEC-2017,
OPTSTK,TATAMTRDVR,28-Dec-2017,170,CE,0,0,0,64.4,62.3,0,0,2100,0,19-DEC-2017,
OPTSTK,TATAMTRDVR,28-Dec-2017,175,CE,0,0,0,50.65,57.3,0,0,0,0,19-DEC-2017,
OPTSTK,TATAMTRDVR,28-Dec-2017,180,CE,0,0,0,54.35,52.3,0,0,4200,0,19-DEC-2017,
OPTSTK,TATAMTRDVR,28-Dec-2017,185,CE,0,0,0,42.15,47.3,0,0,0,0,19-DEC-2017,
OPTSTK,TATAMTRDVR,28-Dec-2017,190,CE,0,0,0,38.2,42.3,0,0,0,0,19-DEC-2017,
OPTSTK,TATAMTRDVR,28-Dec-2017,195,CE,0,0,0,34.4,37.3,0,0,0,0,19-DEC-2017,
OPTSTK,TATAMTRDVR,28-Dec-2017,200,CE,0,0,0,30.85,32.35,0,0,0,0,19-DEC-2017,
OPTSTK,TATAMTRDVR,28-Dec-2017,205,CE,0,0,0,27.5,27.35,0,0,0,0,19-DEC-2017,
OPTSTK,TATAMTRDVR,28-Dec-2017,210,CE,0,0,0,15.7,22.4,0,0,4200,0,19-DEC-2017,
OPTSTK,TATAMTRDVR,28-Dec-2017,215,CE,0,0,0,21.5,17.55,0,0,0,0,19-DEC-2017,
OPTSTK,TATAMTRDVR,28-Dec-2017,220,CE,11.8,12,11,12,12,5,24.31,4200,-2100,19-DEC-2017,
OPTSTK,TATAMTRDVR,28-Dec-2017,225,CE,7.5,9.2,6.95,9.15,9.15,11,53.75,42000,-14700,19-DEC-2017,
OPTSTK,TATAMTRDVR,28-Dec-2017,230,CE,3.5,5.95,3.5,5.8,5.8,96,473.17,191100,-16800,19-DEC-2017,
OPTSTK,TATAMTRDVR,28-Dec-2017,235,CE,2.2,3.75,1.9,3.55,3.55,96,479.55,138600,-14700,19-DEC-2017,
OPTSTK,TATAMTRDVR,28-Dec-2017,240,CE,1.05,2.25,1.05,2.2,2.2,184,933.95,739200,132300,19-DEC-2017,
OPTSTK,TATAMTRDVR,28-Dec-2017,245,CE,0.65,1.3,0.6,1.25,1.25,24,123.95,92400,6300,19-DEC-2017,
OPTSTK,TATAMTRDVR,28-Dec-2017,250,CE,0.5,0.75,0.4,0.75,0.75,20,105.23,203700,6300,19-DEC-2017,
OPTSTK,TATAMTRDVR,28-Dec-2017,255,CE,0.35,0.4,0.35,0.4,0.4,2,10.72,2100,0,19-DEC-2017,
OPTSTK,TATAMTRDVR,28-Dec-2017,260,CE,0.15,0.35,0.15,0.35,0.35,4,21.85,52500,2100,19-DEC-2017,
OPTSTK,TATAMTRDVR,28-Dec-2017,265,CE,0.1,0.1,0.1,0.1,0.1,1,5.56,6300,0,19-DEC-2017,
OPTSTK,TATAMTRDVR,28-Dec-2017,270,CE,0.3,0.3,0.3,0.3,0.3,1,5.67,16800,2100,19-DEC-2017,
OPTSTK,TATAMTRDVR,28-Dec-2017,275,CE,0,0,0,3.35,0,0,0,0,0,19-DEC-2017,
OPTSTK,TATAMTRDVR,28-Dec-2017,280,CE,0,0,0,1,0,0,0,6300,0,19-DEC-2017,
OPTSTK,TATAMTRDVR,28-Dec-2017,285,CE,0,0,0,2.3,0,0,0,0,0,19-DEC-2017,
OPTSTK,TATAMTRDVR,28-Dec-2017,290,CE,0,0,0,1.95,0,0,0,0,0,19-DEC-2017,
OPTSTK,TATAMTRDVR,28-Dec-2017,295,CE,0,0,0,1.6,0,0,0,0,0,19-DEC-2017,
OPTSTK,TATAMTRDVR,28-Dec-2017,300,CE,0,0,0,0.1,0,0,0,12600,0,19-DEC-2017,
OPTSTK,TATAMTRDVR,28-Dec-2017,305,CE,0,0,0,1.1,0,0,0,0,0,19-DEC-2017,
OPTSTK,TATAMTRDVR,28-Dec-2017,310,CE,0,0,0,0.9,0,0,0,0,0,19-DEC-2017,
OPTSTK,TATAMTRDVR,28-Dec-2017,315,CE,0,0,0,0.75,0,0,0,0,0,19-DEC-2017,
OPTSTK,TATAMTRDVR,28-Dec-2017,320,CE,0,0,0,0.6,0,0,0,0,0,19-DEC-2017,
OPTSTK,TATAMTRDVR,28-Dec-2017,160,PE,0,0,0,0.5,0,0,0,0,0,19-DEC-2017,
OPTSTK,TATAMTRDVR,28-Dec-2017,165,PE,0,0,0,0.75,0,0,0,0,0,19-DEC-2017,
OPTSTK,TATAMTRDVR,28-Dec-2017,170,PE,0,0,0,1.1,0,0,0,0,0,19-DEC-2017,
OPTSTK,TATAMTRDVR,28-Dec-2017,175,PE,0,0,0,1.55,0,0,0,0,0,19-DEC-2017,
OPTSTK,TATAMTRDVR,28-Dec-2017,180,PE,0,0,0,2.15,0,0,0,0,0,19-DEC-2017,
OPTSTK,TATAMTRDVR,28-Dec-2017,185,PE,0,0,0,2.95,0,0,0,0,0,19-DEC-2017,
OPTSTK,TATAMTRDVR,28-Dec-2017,190,PE,0,0,0,3.85,0,0,0,0,0,19-DEC-2017,
OPTSTK,TATAMTRDVR,28-Dec-2017,195,PE,0,0,0,5,0,0,0,0,0,19-DEC-2017,
OPTSTK,TATAMTRDVR,28-Dec-2017,200,PE,0.1,0.1,0.1,0.1,0.1,1,4.2,10500,-2100,19-DEC-2017,
OPTSTK,TATAMTRDVR,28-Dec-2017,205,PE,0,0,0,0.35,0.05,0,0,31500,0,19-DEC-2017,
OPTSTK,TATAMTRDVR,28-Dec-2017,210,PE,0.1,0.1,0.1,0.1,0.1,3,13.23,39900,-6300,19-DEC-2017,
OPTSTK,TATAMTRDVR,28-Dec-2017,215,PE,0.3,0.3,0.3,0.3,0.3,3,13.56,46200,-6300,19-DEC-2017,
OPTSTK,TATAMTRDVR,28-Dec-2017,220,PE,1.05,1.2,0.65,0.75,0.75,49,227.31,235200,-6300,19-DEC-2017,
OPTSTK,TATAMTRDVR,28-Dec-2017,225,PE,2.2,2.35,1.45,1.55,1.55,71,338.04,151200,79800,19-DEC-2017,
OPTSTK,TATAMTRDVR,28-Dec-2017,230,PE,4.15,4.3,2.85,2.95,2.95,20,98.04,149100,12600,19-DEC-2017,
OPTSTK,TATAMTRDVR,28-Dec-2017,235,PE,6,6,6,6,6,1,5.06,63000,0,19-DEC-2017,
OPTSTK,TATAMTRDVR,28-Dec-2017,240,PE,11.7,11.7,11.7,11.7,11.7,1,5.28,113400,0,19-DEC-2017,
OPTSTK,TATAMTRDVR,28-Dec-2017,245,PE,0,0,0,16,13.35,0,0,23100,0,19-DEC-2017,
OPTSTK,TATAMTRDVR,28-Dec-2017,250,PE,0,0,0,22.8,17.9,0,0,44100,0,19-DEC-2017,
OPTSTK,TATAMTRDVR,28-Dec-2017,255,PE,0,0,0,36.35,22.7,0,0,0,0,19-DEC-2017,
OPTSTK,TATAMTRDVR,28-Dec-2017,260,PE,0,0,0,25.25,27.65,0,0,42000,0,19-DEC-2017,
OPTSTK,TATAMTRDVR,28-Dec-2017,265,PE,0,0,0,25,32.6,0,0,12600,0,19-DEC-2017,
OPTSTK,TATAMTRDVR,28-Dec-2017,270,PE,0,0,0,32.4,37.6,0,0,2100,0,19-DEC-2017,
OPTSTK,TATAMTRDVR,28-Dec-2017,275,PE,0,0,0,52.7,42.6,0,0,0,0,19-DEC-2017,
OPTSTK,TATAMTRDVR,28-Dec-2017,280,PE,0,0,0,44,47.6,0,0,4200,0,19-DEC-2017,
OPTSTK,TATAMTRDVR,28-Dec-2017,285,PE,0,0,0,61.55,52.6,0,0,0,0,19-DEC-2017,
OPTSTK,TATAMTRDVR,28-Dec-2017,290,PE,0,0,0,66.05,57.55,0,0,0,0,19-DEC-2017,
OPTSTK,TATAMTRDVR,28-Dec-2017,295,PE,0,0,0,70.65,62.55,0,0,0,0,19-DEC-2017,
OPTSTK,TATAMTRDVR,28-Dec-2017,300,PE,0,0,0,63,67.55,0,0,4200,0,19-DEC-2017,
OPTSTK,TATAMTRDVR,28-Dec-2017,305,PE,0,0,0,80,72.55,0,0,0,0,19-DEC-2017,
OPTSTK,TATAMTRDVR,28-Dec-2017,310,PE,0,0,0,84.7,77.55,0,0,0,0,19-DEC-2017,
OPTSTK,TATAMTRDVR,28-Dec-2017,315,PE,0,0,0,89.5,82.55,0,0,0,0,19-DEC-2017,
OPTSTK,TATAMTRDVR,28-Dec-2017,320,PE,0,0,0,82.5,87.5,0,0,14700,0,19-DEC-2017,
OPTSTK,TATAMTRDVR,25-Jan-2018,160,CE,0,0,0,73.05,73.05,0,0,0,0,19-DEC-2017,
OPTSTK,TATAMTRDVR,25-Jan-2018,165,CE,0,0,0,68.25,68.1,0,0,0,0,19-DEC-2017,
OPTSTK,TATAMTRDVR,25-Jan-2018,170,CE,0,0,0,63.5,63.15,0,0,0,0,19-DEC-2017,
OPTSTK,TATAMTRDVR,25-Jan-2018,175,CE,0,0,0,58.85,58.15,0,0,0,0,19-DEC-2017,
OPTSTK,TATAMTRDVR,25-Jan-2018,180,CE,0,0,0,54.25,53.2,0,0,0,0,19-DEC-2017,
OPTSTK,TATAMTRDVR,25-Jan-2018,185,CE,0,0,0,49.8,48.25,0,0,0,0,19-DEC-2017,
OPTSTK,TATAMTRDVR,25-Jan-2018,190,CE,0,0,0,45.45,43.35,0,0,0,0,19-DEC-2017,
OPTSTK,TATAMTRDVR,25-Jan-2018,195,CE,0,0,0,41.3,38.5,0,0,0,0,19-DEC-2017,
OPTSTK,TATAMTRDVR,25-Jan-2018,200,CE,0,0,0,37.3,33.75,0,0,0,0,19-DEC-2017,
OPTSTK,TATAMTRDVR,25-Jan-2018,205,CE,0,0,0,33.5,29.1,0,0,0,0,19-DEC-2017,
OPTSTK,TATAMTRDVR,25-Jan-2018,210,CE,0,0,0,29.95,24.7,0,0,0,0,19-DEC-2017,
OPTSTK,TATAMTRDVR,25-Jan-2018,215,CE,0,0,0,26.6,20.6,0,0,0,0,19-DEC-2017,
OPTSTK,TATAMTRDVR,25-Jan-2018,220,CE,0,0,0,23.5,16.8,0,0,0,0,19-DEC-2017,
OPTSTK,TATAMTRDVR,25-Jan-2018,225,CE,0,0,0,20.65,13.45,0,0,0,0,19-DEC-2017,
OPTSTK,TATAMTRDVR,25-Jan-2018,230,CE,9.3,10.2,9,10.2,10.2,16,95.75,50000,32500,19-DEC-2017,
OPTSTK,TATAMTRDVR,25-Jan-2018,235,CE,7.7,7.7,7.7,7.7,7.7,1,6.06,2500,2500,19-DEC-2017,
OPTSTK,TATAMTRDVR,25-Jan-2018,240,CE,0,0,0,5.5,5.95,0,0,2500,0,19-DEC-2017,
OPTSTK,TATAMTRDVR,25-Jan-2018,245,CE,0,0,0,11.65,4.35,0,0,0,0,19-DEC-2017,
OPTSTK,TATAMTRDVR,25-Jan-2018,250,CE,2.75,2.75,2.75,2.75,2.75,1,6.31,2500,2500,19-DEC-2017,
OPTSTK,TATAMTRDVR,25-Jan-2018,255,CE,0,0,0,8.5,2.15,0,0,0,0,19-DEC-2017,
OPTSTK,TATAMTRDVR,25-Jan-2018,260,CE,0,0,0,7.2,1.45,0,0,0,0,19-DEC-2017,
OPTSTK,TATAMTRDVR,25-Jan-2018,265,CE,0,0,0,6.1,0.95,0,0,0,0,19-DEC-2017,
OPTSTK,TATAMTRDVR,25-Jan-2018,270,CE,0,0,0,5.1,0.65,0,0,0,0,19-DEC-2017,
OPTSTK,TATAMTRDVR,25-Jan-2018,275,CE,0,0,0,4.25,0.4,0,0,0,0,19-DEC-2017,
OPTSTK,TATAMTRDVR,25-Jan-2018,280,CE,0,0,0,3.55,0.25,0,0,0,0,19-DEC-2017,
OPTSTK,TATAMTRDVR,25-Jan-2018,285,CE,0,0,0,2.95,0.15,0,0,0,0,19-DEC-2017,
OPTSTK,TATAMTRDVR,25-Jan-2018,290,CE,0,0,0,2.45,0.1,0,0,0,0,19-DEC-2017,
OPTSTK,TATAMTRDVR,25-Jan-2018,295,CE,0,0,0,2,0.05,0,0,0,0,19-DEC-2017,
OPTSTK,TATAMTRDVR,25-Jan-2018,300,CE,0,0,0,1.65,0.05,0,0,0,0,19-DEC-2017,
OPTSTK,TATAMTRDVR,25-Jan-2018,305,CE,0,0,0,1.35,0.05,0,0,0,0,19-DEC-2017,
OPTSTK,TATAMTRDVR,25-Jan-2018,310,CE,0,0,0,1.1,0.05,0,0,0,0,19-DEC-2017,
OPTSTK,TATAMTRDVR,25-Jan-2018,315,CE,0,0,0,0.9,0,0,0,0,0,19-DEC-2017,
OPTSTK,TATAMTRDVR,25-Jan-2018,320,CE,0,0,0,0.75,0,0,0,0,0,19-DEC-2017,
OPTSTK,TATAMTRDVR,25-Jan-2018,160,PE,0,0,0,0.2,0,0,0,0,0,19-DEC-2017,
OPTSTK,TATAMTRDVR,25-Jan-2018,165,PE,0,0,0,0.3,0,0,0,0,0,19-DEC-2017,
OPTSTK,TATAMTRDVR,25-Jan-2018,170,PE,0,0,0,0.5,0,0,0,0,0,19-DEC-2017,
OPTSTK,TATAMTRDVR,25-Jan-2018,175,PE,0,0,0,0.75,0.05,0,0,0,0,19-DEC-2017,
OPTSTK,TATAMTRDVR,25-Jan-2018,180,PE,0,0,0,1.05,0.05,0,0,0,0,19-DEC-2017,
OPTSTK,TATAMTRDVR,25-Jan-2018,185,PE,0,0,0,1.55,0.05,0,0,0,0,19-DEC-2017,
OPTSTK,TATAMTRDVR,25-Jan-2018,190,PE,0,0,0,2.1,0.1,0,0,0,0,19-DEC-2017,
OPTSTK,TATAMTRDVR,25-Jan-2018,195,PE,0,0,0,2.85,0.25,0,0,0,0,19-DEC-2017,
OPTSTK,TATAMTRDVR,25-Jan-2018,200,PE,0,0,0,3.8,0.45,0,0,0,0,19-DEC-2017,
OPTSTK,TATAMTRDVR,25-Jan-2018,205,PE,0,0,0,4.95,0.8,0,0,0,0,19-DEC-2017,
OPTSTK,TATAMTRDVR,25-Jan-2018,210,PE,0,0,0,6.3,1.35,0,0,0,0,19-DEC-2017,
OPTSTK,TATAMTRDVR,25-Jan-2018,215,PE,0,0,0,7.85,2.2,0,0,0,0,19-DEC-2017,
OPTSTK,TATAMTRDVR,25-Jan-2018,220,PE,3.65,3.65,3.65,3.65,3.65,1,5.59,2500,2500,19-DEC-2017,
OPTSTK,TATAMTRDVR,25-Jan-2018,225,PE,0,0,0,11.75,4.95,0,0,0,0,19-DEC-2017,
OPTSTK,TATAMTRDVR,25-Jan-2018,230,PE,7.45,7.55,6.55,6.55,6.55,6,35.6,12500,12500,19-DEC-2017,
OPTSTK,TATAMTRDVR,25-Jan-2018,235,PE,8.75,8.75,8.75,8.75,8.75,1,6.09,2500,2500,19-DEC-2017,
OPTSTK,TATAMTRDVR,25-Jan-2018,240,PE,0,0,0,19.45,12.4,0,0,0,0,19-DEC-2017,
OPTSTK,TATAMTRDVR,25-Jan-2018,245,PE,0,0,0,22.45,15.75,0,0,0,0,19-DEC-2017,
OPTSTK,TATAMTRDVR,25-Jan-2018,250,PE,19,19,19,19,19,1,6.72,2500,2500,19-DEC-2017,
OPTSTK,TATAMTRDVR,25-Jan-2018,255,PE,0,0,0,29.15,23.5,0,0,0,0,19-DEC-2017,
OPTSTK,TATAMTRDVR,25-Jan-2018,260,PE,0,0,0,20,27.75,0,0,7500,0,19-DEC-2017,
OPTSTK,TATAMTRDVR,25-Jan-2018,265,PE,0,0,0,36.6,32.25,0,0,0,0,19-DEC-2017,
OPTSTK,TATAMTRDVR,25-Jan-2018,270,PE,0,0,0,40.5,36.9,0,0,0,0,19-DEC-2017,
OPTSTK,TATAMTRDVR,25-Jan-2018,275,PE,0,0,0,44.6,41.6,0,0,0,0,19-DEC-2017,
OPTSTK,TATAMTRDVR,25-Jan-2018,280,PE,0,0,0,48.8,46.45,0,0,0,0,19-DEC-2017,
OPTSTK,TATAMTRDVR,25-Jan-2018,285,PE,0,0,0,53.15,51.3,0,0,0,0,19-DEC-2017,
OPTSTK,TATAMTRDVR,25-Jan-2018,290,PE,0,0,0,57.55,56.2,0,0,0,0,19-DEC-2017,
OPTSTK,TATAMTRDVR,25-Jan-2018,295,PE,0,0,0,62.05,61.15,0,0,0,0,19-DEC-2017,
OPTSTK,TATAMTRDVR,25-Jan-2018,300,PE,0,0,0,66.6,66.1,0,0,0,0,19-DEC-2017,
OPTSTK,TATAMTRDVR,25-Jan-2018,305,PE,0,0,0,71.2,71.05,0,0,0,0,19-DEC-2017,
OPTSTK,TATAMTRDVR,25-Jan-2018,310,PE,0,0,0,75.9,76,0,0,0,0,19-DEC-2017,
OPTSTK,TATAMTRDVR,25-Jan-2018,315,PE,0,0,0,80.6,81,0,0,0,0,19-DEC-2017,
OPTSTK,TATAMTRDVR,25-Jan-2018,320,PE,0,0,0,85.35,85.95,0,0,0,0,19-DEC-2017,
OPTSTK,TATAMTRDVR,22-Feb-2018,160,CE,0,0,0,73.85,73.85,0,0,0,0,19-DEC-2017,
OPTSTK,TATAMTRDVR,22-Feb-2018,165,CE,0,0,0,69,68.9,0,0,0,0,19-DEC-2017,
OPTSTK,TATAMTRDVR,22-Feb-2018,170,CE,0,0,0,64.15,64,0,0,0,0,19-DEC-2017,
OPTSTK,TATAMTRDVR,22-Feb-2018,175,CE,0,0,0,59.4,59.1,0,0,0,0,19-DEC-2017,
OPTSTK,TATAMTRDVR,22-Feb-2018,180,CE,0,0,0,54.7,54.2,0,0,0,0,19-DEC-2017,
OPTSTK,TATAMTRDVR,22-Feb-2018,185,CE,0,0,0,50.05,49.4,0,0,0,0,19-DEC-2017,
OPTSTK,TATAMTRDVR,22-Feb-2018,190,CE,0,0,0,45.55,44.65,0,0,0,0,19-DEC-2017,
OPTSTK,TATAMTRDVR,22-Feb-2018,195,CE,0,0,0,41.2,40.05,0,0,0,0,19-DEC-2017,
OPTSTK,TATAMTRDVR,22-Feb-2018,200,CE,0,0,0,37.05,35.55,0,0,0,0,19-DEC-2017,
OPTSTK,TATAMTRDVR,22-Feb-2018,205,CE,0,0,0,33.05,31.25,0,0,0,0,19-DEC-2017,
OPTSTK,TATAMTRDVR,22-Feb-2018,210,CE,0,0,0,29.3,27.2,0,0,0,0,19-DEC-2017,
OPTSTK,TATAMTRDVR,22-Feb-2018,215,CE,0,0,0,25.8,23.4,0,0,0,0,19-DEC-2017,
OPTSTK,TATAMTRDVR,22-Feb-2018,220,CE,0,0,0,22.55,19.9,0,0,0,0,19-DEC-2017,
OPTSTK,TATAMTRDVR,22-Feb-2018,225,CE,0,0,0,19.55,16.7,0,0,0,0,19-DEC-2017,
OPTSTK,TATAMTRDVR,22-Feb-2018,230,CE,0,0,0,15.4,13.85,0,0,25000,0,19-DEC-2017,
OPTSTK,TATAMTRDVR,22-Feb-2018,235,CE,0,0,0,14.4,11.35,0,0,0,0,19-DEC-2017,
OPTSTK,TATAMTRDVR,22-Feb-2018,240,CE,0,0,0,12.25,9.2,0,0,0,0,19-DEC-2017,
OPTSTK,TATAMTRDVR,22-Feb-2018,245,CE,0,0,0,10.3,7.35,0,0,0,0,19-DEC-2017,
OPTSTK,TATAMTRDVR,22-Feb-2018,250,CE,0,0,0,8.65,5.8,0,0,0,0,19-DEC-2017,
OPTSTK,TATAMTRDVR,22-Feb-2018,255,CE,0,0,0,7.2,4.55,0,0,0,0,19-DEC-2017,
OPTSTK,TATAMTRDVR,22-Feb-2018,260,CE,0,0,0,5.95,3.5,0,0,0,0,19-DEC-2017,
OPTSTK,TATAMTRDVR,22-Feb-2018,265,CE,0,0,0,4.9,2.7,0,0,0,0,19-DEC-2017,
OPTSTK,TATAMTRDVR,22-Feb-2018,270,CE,0,0,0,4,2.05,0,0,0,0,19-DEC-2017,
OPTSTK,TATAMTRDVR,22-Feb-2018,275,CE,0,0,0,3.25,1.5,0,0,0,0,19-DEC-2017,
OPTSTK,TATAMTRDVR,22-Feb-2018,280,CE,0,0,0,2.6,1.15,0,0,0,0,19-DEC-2017,
OPTSTK,TATAMTRDVR,22-Feb-2018,285,CE,0,0,0,2.1,0.85,0,0,0,0,19-DEC-2017,
OPTSTK,TATAMTRDVR,22-Feb-2018,290,CE,0,0,0,1.7,0.6,0,0,0,0,19-DEC-2017,
OPTSTK,TATAMTRDVR,22-Feb-2018,295,CE,0,0,0,1.35,0.45,0,0,0,0,19-DEC-2017,
OPTSTK,TATAMTRDVR,22-Feb-2018,300,CE,0,0,0,1.05,0.3,0,0,0,0,19-DEC-2017,
OPTSTK,TATAMTRDVR,22-Feb-2018,305,CE,0,0,0,0.85,0.25,0,0,0,0,19-DEC-2017,
OPTSTK,TATAMTRDVR,22-Feb-2018,310,CE,0,0,0,0.65,0.15,0,0,0,0,19-DEC-2017,
OPTSTK,TATAMTRDVR,22-Feb-2018,315,CE,0,0,0,0.5,0.1,0,0,0,0,19-DEC-2017,
OPTSTK,TATAMTRDVR,22-Feb-2018,320,CE,0,0,0,0.4,0.1,0,0,0,0,19-DEC-2017,
OPTSTK,TATAMTRDVR,22-Feb-2018,160,PE,0,0,0,0.1,0.05,0,0,0,0,19-DEC-2017,
OPTSTK,TATAMTRDVR,22-Feb-2018,165,PE,0,0,0,0.15,0.05,0,0,0,0,19-DEC-2017,
OPTSTK,TATAMTRDVR,22-Feb-2018,170,PE,0,0,0,0.25,0.05,0,0,0,0,19-DEC-2017,
OPTSTK,TATAMTRDVR,22-Feb-2018,175,PE,0,0,0,0.4,0.1,0,0,0,0,19-DEC-2017,
OPTSTK,TATAMTRDVR,22-Feb-2018,180,PE,0,0,0,0.6,0.15,0,0,0,0,19-DEC-2017,
OPTSTK,TATAMTRDVR,22-Feb-2018,185,PE,0,0,0,0.9,0.3,0,0,0,0,19-DEC-2017,
OPTSTK,TATAMTRDVR,22-Feb-2018,190,PE,0,0,0,1.35,0.5,0,0,0,0,19-DEC-2017,
OPTSTK,TATAMTRDVR,22-Feb-2018,195,PE,0,0,0,1.9,0.8,0,0,0,0,19-DEC-2017,
OPTSTK,TATAMTRDVR,22-Feb-2018,200,PE,0,0,0,2.65,1.25,0,0,0,0,19-DEC-2017,
OPTSTK,TATAMTRDVR,22-Feb-2018,205,PE,0,0,0,3.6,1.9,0,0,0,0,19-DEC-2017,
OPTSTK,TATAMTRDVR,22-Feb-2018,210,PE,0,0,0,4.8,2.8,0,0,0,0,19-DEC-2017,
OPTSTK,TATAMTRDVR,22-Feb-2018,215,PE,0,0,0,6.2,3.95,0,0,0,0,19-DEC-2017,
OPTSTK,TATAMTRDVR,22-Feb-2018,220,PE,0,0,0,7.9,5.35,0,0,0,0,19-DEC-2017,
OPTSTK,TATAMTRDVR,22-Feb-2018,225,PE,0,0,0,9.8,7.15,0,0,0,0,19-DEC-2017,
OPTSTK,TATAMTRDVR,22-Feb-2018,230,PE,0,0,0,12.05,9.25,0,0,0,0,19-DEC-2017,
OPTSTK,TATAMTRDVR,22-Feb-2018,235,PE,0,0,0,14.55,11.7,0,0,0,0,19-DEC-2017,
OPTSTK,TATAMTRDVR,22-Feb-2018,240,PE,0,0,0,17.3,14.45,0,0,0,0,19-DEC-2017,
OPTSTK,TATAMTRDVR,22-Feb-2018,245,PE,0,0,0,20.3,17.55,0,0,0,0,19-DEC-2017,
OPTSTK,TATAMTRDVR,22-Feb-2018,250,PE,0,0,0,23.55,20.95,0,0,0,0,19-DEC-2017,
OPTSTK,TATAMTRDVR,22-Feb-2018,255,PE,0,0,0,27,24.65,0,0,0,0,19-DEC-2017,
OPTSTK,TATAMTRDVR,22-Feb-2018,260,PE,0,0,0,30.7,28.55,0,0,0,0,19-DEC-2017,
OPTSTK,TATAMTRDVR,22-Feb-2018,265,PE,0,0,0,34.6,32.65,0,0,0,0,19-DEC-2017,
OPTSTK,TATAMTRDVR,22-Feb-2018,270,PE,0,0,0,38.6,36.95,0,0,0,0,19-DEC-2017,
OPTSTK,TATAMTRDVR,22-Feb-2018,275,PE,0,0,0,42.8,41.4,0,0,0,0,19-DEC-2017,
OPTSTK,TATAMTRDVR,22-Feb-2018,280,PE,0,0,0,47.1,45.95,0,0,0,0,19-DEC-2017,
OPTSTK,TATAMTRDVR,22-Feb-2018,285,PE,0,0,0,51.5,50.6,0,0,0,0,19-DEC-2017,
OPTSTK,TATAMTRDVR,22-Feb-2018,290,PE,0,0,0,56,55.3,0,0,0,0,19-DEC-2017,
OPTSTK,TATAMTRDVR,22-Feb-2018,295,PE,0,0,0,60.6,60.05,0,0,0,0,19-DEC-2017,
OPTSTK,TATAMTRDVR,22-Feb-2018,300,PE,0,0,0,65.25,64.9,0,0,0,0,19-DEC-2017,
OPTSTK,TATAMTRDVR,22-Feb-2018,305,PE,0,0,0,69.95,69.75,0,0,0,0,19-DEC-2017,
OPTSTK,TATAMTRDVR,22-Feb-2018,310,PE,0,0,0,74.7,74.65,0,0,0,0,19-DEC-2017,
OPTSTK,TATAMTRDVR,22-Feb-2018,315,PE,0,0,0,79.5,79.55,0,0,0,0,19-DEC-2017,
OPTSTK,TATAMTRDVR,22-Feb-2018,320,PE,0,0,0,84.3,84.45,0,0,0,0,19-DEC-2017,
OPTSTK,TATAPOWER,28-Dec-2017,55,CE,0,0,0,23.25,36.2,0,0,0,0,19-DEC-2017,
OPTSTK,TATAPOWER,28-Dec-2017,57.5,CE,0,0,0,20.85,33.7,0,0,0,0,19-DEC-2017,
OPTSTK,TATAPOWER,28-Dec-2017,60,CE,0,0,0,18.55,31.2,0,0,0,0,19-DEC-2017,
OPTSTK,TATAPOWER,28-Dec-2017,62.5,CE,0,0,0,16.35,28.7,0,0,0,0,19-DEC-2017,
OPTSTK,TATAPOWER,28-Dec-2017,65,CE,0,0,0,14.2,26.2,0,0,0,0,19-DEC-2017,
OPTSTK,TATAPOWER,28-Dec-2017,67.5,CE,0,0,0,12.25,23.7,0,0,0,0,19-DEC-2017,
OPTSTK,TATAPOWER,28-Dec-2017,70,CE,0,0,0,10.4,21.25,0,0,0,0,19-DEC-2017,
OPTSTK,TATAPOWER,28-Dec-2017,72.5,CE,0,0,0,8.75,18.75,0,0,0,0,19-DEC-2017,
OPTSTK,TATAPOWER,28-Dec-2017,75,CE,0,0,0,7.25,16.25,0,0,0,0,19-DEC-2017,
OPTSTK,TATAPOWER,28-Dec-2017,77.5,CE,0,0,0,5.95,13.75,0,0,0,0,19-DEC-2017,
OPTSTK,TATAPOWER,28-Dec-2017,80,CE,10.8,11.5,10.8,11.5,11.5,2,16.4,27000,0,19-DEC-2017,
OPTSTK,TATAPOWER,28-Dec-2017,82.5,CE,0,0,0,8,8.8,0,0,9000,0,19-DEC-2017,
OPTSTK,TATAPOWER,28-Dec-2017,85,CE,0,0,0,6.15,6.45,0,0,144000,0,19-DEC-2017,
OPTSTK,TATAPOWER,28-Dec-2017,87.5,CE,4.55,4.8,4.55,4.8,4.8,2,16.59,2745000,-9000,19-DEC-2017,
OPTSTK,TATAPOWER,28-Dec-2017,90,CE,3.2,3.2,2.5,2.65,2.65,93,777.18,2484000,63000,19-DEC-2017,
OPTSTK,TATAPOWER,28-Dec-2017,92.5,CE,2.05,2.1,1.4,1.5,1.5,83,702.92,1557000,243000,19-DEC-2017,
OPTSTK,TATAPOWER,28-Dec-2017,95,CE,1.3,1.35,0.75,0.85,0.85,331,2857.58,4932000,0,19-DEC-2017,
OPTSTK,TATAPOWER,28-Dec-2017,97.5,CE,0.7,0.7,0.4,0.45,0.45,38,335.26,999000,54000,19-DEC-2017,
OPTSTK,TATAPOWER,28-Dec-2017,100,CE,0.45,0.5,0.3,0.35,0.35,101,912.24,4077000,81000,19-DEC-2017,
OPTSTK,TATAPOWER,28-Dec-2017,102.5,CE,0.25,0.25,0.2,0.2,0.2,10,92.45,387000,-18000,19-DEC-2017,
OPTSTK,TATAPOWER,28-Dec-2017,105,CE,0.25,0.25,0.1,0.15,0.15,40,378.58,1602000,-81000,19-DEC-2017,
OPTSTK,TATAPOWER,28-Dec-2017,107.5,CE,0.1,0.1,0.05,0.05,0.05,2,19.36,99000,-9000,19-DEC-2017,
OPTSTK,TATAPOWER,28-Dec-2017,110,CE,0.15,0.15,0.05,0.05,0.05,17,168.44,954000,45000,19-DEC-2017,
OPTSTK,TATAPOWER,28-Dec-2017,112.5,CE,0.05,0.05,0.05,0.05,0.05,2,20.25,270000,-18000,19-DEC-2017,
OPTSTK,TATAPOWER,28-Dec-2017,55,PE,0,0,0,0.1,0,0,0,0,0,19-DEC-2017,
OPTSTK,TATAPOWER,28-Dec-2017,57.5,PE,0,0,0,0.2,0,0,0,0,0,19-DEC-2017,
OPTSTK,TATAPOWER,28-Dec-2017,60,PE,0,0,0,0.35,0,0,0,0,0,19-DEC-2017,
OPTSTK,TATAPOWER,28-Dec-2017,62.5,PE,0,0,0,0.6,0,0,0,0,0,19-DEC-2017,
OPTSTK,TATAPOWER,28-Dec-2017,65,PE,0.5,0.5,0.5,0.5,0.5,1,5.89,9000,0,19-DEC-2017,
OPTSTK,TATAPOWER,28-Dec-2017,67.5,PE,0,0,0,1.45,0,0,0,0,0,19-DEC-2017,
OPTSTK,TATAPOWER,28-Dec-2017,70,PE,0,0,0,2.05,0,0,0,0,0,19-DEC-2017,
OPTSTK,TATAPOWER,28-Dec-2017,72.5,PE,0,0,0,0.4,0,0,0,9000,0,19-DEC-2017,
OPTSTK,TATAPOWER,28-Dec-2017,75,PE,0,0,0,0.05,0,0,0,63000,0,19-DEC-2017,
OPTSTK,TATAPOWER,28-Dec-2017,77.5,PE,1.95,1.95,1.95,1.95,1.95,38,271.71,396000,342000,19-DEC-2017,
OPTSTK,TATAPOWER,28-Dec-2017,80,PE,0.1,0.1,0.05,0.1,0.1,9,64.86,837000,18000,19-DEC-2017,
OPTSTK,TATAPOWER,28-Dec-2017,82.5,PE,0.2,0.2,0.1,0.1,0.1,45,334.58,711000,144000,19-DEC-2017,
OPTSTK,TATAPOWER,28-Dec-2017,85,PE,0.4,0.4,0.2,0.25,0.25,48,368.46,1206000,117000,19-DEC-2017,
OPTSTK,TATAPOWER,28-Dec-2017,87.5,PE,0.9,0.9,0.6,0.65,0.65,24,190.56,990000,18000,19-DEC-2017,
OPTSTK,TATAPOWER,28-Dec-2017,90,PE,1.55,1.65,1.2,1.3,1.3,75,617.49,1935000,45000,19-DEC-2017,
OPTSTK,TATAPOWER,28-Dec-2017,92.5,PE,2.5,2.9,2.45,2.55,2.55,20,171.31,450000,-9000,19-DEC-2017,
OPTSTK,TATAPOWER,28-Dec-2017,95,PE,4.7,4.7,4.2,4.45,4.45,4,35.77,693000,0,19-DEC-2017,
OPTSTK,TATAPOWER,28-Dec-2017,97.5,PE,0,0,0,5.3,6.55,0,0,108000,0,19-DEC-2017,
OPTSTK,TATAPOWER,28-Dec-2017,100,PE,0,0,0,8.5,8.85,0,0,27000,0,19-DEC-2017,
OPTSTK,TATAPOWER,28-Dec-2017,102.5,PE,0,0,0,9,11.3,0,0,18000,0,19-DEC-2017,
OPTSTK,TATAPOWER,28-Dec-2017,105,PE,0,0,0,12.4,13.75,0,0,18000,0,19-DEC-2017,
OPTSTK,TATAPOWER,28-Dec-2017,107.5,PE,0,0,0,28.85,16.25,0,0,0,0,19-DEC-2017,
OPTSTK,TATAPOWER,28-Dec-2017,110,PE,0,0,0,31.25,18.75,0,0,0,0,19-DEC-2017,
OPTSTK,TATAPOWER,28-Dec-2017,112.5,PE,0,0,0,17.35,21.25,0,0,18000,0,19-DEC-2017,
OPTSTK,TATAPOWER,25-Jan-2018,55,CE,0,0,0,28.05,36.5,0,0,0,0,19-DEC-2017,
OPTSTK,TATAPOWER,25-Jan-2018,57.5,CE,0,0,0,25.55,34,0,0,0,0,19-DEC-2017,
OPTSTK,TATAPOWER,25-Jan-2018,60,CE,0,0,0,23.1,31.5,0,0,0,0,19-DEC-2017,
OPTSTK,TATAPOWER,25-Jan-2018,62.5,CE,0,0,0,20.65,29.05,0,0,0,0,19-DEC-2017,
OPTSTK,TATAPOWER,25-Jan-2018,65,CE,0,0,0,18.25,26.55,0,0,0,0,19-DEC-2017,
OPTSTK,TATAPOWER,25-Jan-2018,67.5,CE,0,0,0,15.85,24.05,0,0,0,0,19-DEC-2017,
OPTSTK,TATAPOWER,25-Jan-2018,70,CE,0,0,0,13.5,21.6,0,0,0,0,19-DEC-2017,
OPTSTK,TATAPOWER,25-Jan-2018,72.5,CE,0,0,0,11.3,19.15,0,0,0,0,19-DEC-2017,
OPTSTK,TATAPOWER,25-Jan-2018,75,CE,0,0,0,9.2,16.7,0,0,0,0,19-DEC-2017,
OPTSTK,TATAPOWER,25-Jan-2018,77.5,CE,0,0,0,7.3,14.35,0,0,0,0,19-DEC-2017,
OPTSTK,TATAPOWER,25-Jan-2018,80,CE,0,0,0,5.65,12.1,0,0,0,0,19-DEC-2017,
OPTSTK,TATAPOWER,25-Jan-2018,82.5,CE,0,0,0,4.25,10,0,0,0,0,19-DEC-2017,
OPTSTK,TATAPOWER,25-Jan-2018,85,CE,0,0,0,3.1,8.05,0,0,0,0,19-DEC-2017,
OPTSTK,TATAPOWER,25-Jan-2018,87.5,CE,0,0,0,2.2,6.35,0,0,0,0,19-DEC-2017,
OPTSTK,TATAPOWER,25-Jan-2018,90,CE,5.3,5.3,5.05,5.05,5.05,3,25.7,27000,27000,19-DEC-2017,
OPTSTK,TATAPOWER,25-Jan-2018,92.5,CE,3.7,3.7,3.7,3.7,3.7,2,17.31,18000,18000,19-DEC-2017,
OPTSTK,TATAPOWER,25-Jan-2018,95,CE,3,3,2.85,2.85,2.85,9,79.32,180000,72000,19-DEC-2017,
OPTSTK,TATAPOWER,25-Jan-2018,97.5,CE,0,0,0,0.45,1.85,0,0,0,0,19-DEC-2017,
OPTSTK,TATAPOWER,25-Jan-2018,100,CE,1.75,1.8,1.65,1.65,1.65,6,54.94,747000,18000,19-DEC-2017,
OPTSTK,TATAPOWER,25-Jan-2018,102.5,CE,0,0,0,1.5,0.85,0,0,9000,0,19-DEC-2017,
OPTSTK,TATAPOWER,25-Jan-2018,105,CE,0.9,0.9,0.9,0.9,0.9,1,9.53,63000,9000,19-DEC-2017,
OPTSTK,TATAPOWER,25-Jan-2018,107.5,CE,0.6,0.6,0.6,0.6,0.6,2,19.45,54000,0,19-DEC-2017,
OPTSTK,TATAPOWER,25-Jan-2018,110,CE,0,0,0,0.5,0.25,0,0,63000,0,19-DEC-2017,
OPTSTK,TATAPOWER,25-Jan-2018,112.5,CE,0,0,0,0.05,0.15,0,0,0,0,19-DEC-2017,
OPTSTK,TATAPOWER,25-Jan-2018,55,PE,0,0,0,0.05,0,0,0,0,0,19-DEC-2017,
OPTSTK,TATAPOWER,25-Jan-2018,57.5,PE,0,0,0,0.05,0,0,0,0,0,19-DEC-2017,
OPTSTK,TATAPOWER,25-Jan-2018,60,PE,0,0,0,0.05,0,0,0,0,0,19-DEC-2017,
OPTSTK,TATAPOWER,25-Jan-2018,62.5,PE,0,0,0,0.05,0,0,0,0,0,19-DEC-2017,
OPTSTK,TATAPOWER,25-Jan-2018,65,PE,0,0,0,0.05,0,0,0,0,0,19-DEC-2017,
OPTSTK,TATAPOWER,25-Jan-2018,67.5,PE,0,0,0,0.15,0.05,0,0,0,0,19-DEC-2017,
OPTSTK,TATAPOWER,25-Jan-2018,70,PE,0,0,0,0.25,0.05,0,0,0,0,19-DEC-2017,
OPTSTK,TATAPOWER,25-Jan-2018,72.5,PE,0,0,0,0.5,0.05,0,0,0,0,19-DEC-2017,
OPTSTK,TATAPOWER,25-Jan-2018,75,PE,0,0,0,0.4,0.15,0,0,63000,0,19-DEC-2017,
OPTSTK,TATAPOWER,25-Jan-2018,77.5,PE,0.4,0.4,0.4,0.4,0.4,2,14.02,81000,-9000,19-DEC-2017,
OPTSTK,TATAPOWER,25-Jan-2018,80,PE,0.55,0.55,0.55,0.55,0.55,1,7.24,117000,9000,19-DEC-2017,
OPTSTK,TATAPOWER,25-Jan-2018,82.5,PE,0,0,0,0.75,0.85,0,0,9000,0,19-DEC-2017,
OPTSTK,TATAPOWER,25-Jan-2018,85,PE,1.5,1.5,1.35,1.35,1.35,5,38.89,45000,36000,19-DEC-2017,
OPTSTK,TATAPOWER,25-Jan-2018,87.5,PE,2.25,2.25,2.25,2.25,2.25,1,8.07,9000,9000,19-DEC-2017,
OPTSTK,TATAPOWER,25-Jan-2018,90,PE,3.1,3.45,3,3.1,3.1,16,134.27,171000,135000,19-DEC-2017,
OPTSTK,TATAPOWER,25-Jan-2018,92.5,PE,4.45,4.45,4.45,4.45,4.45,3,26.17,36000,27000,19-DEC-2017,
OPTSTK,TATAPOWER,25-Jan-2018,95,PE,0,0,0,6.5,5.9,0,0,18000,0,19-DEC-2017,
OPTSTK,TATAPOWER,25-Jan-2018,97.5,PE,0,0,0,14.25,7.6,0,0,0,0,19-DEC-2017,
OPTSTK,TATAPOWER,25-Jan-2018,100,PE,0,0,0,16.55,9.55,0,0,0,0,19-DEC-2017,
OPTSTK,TATAPOWER,25-Jan-2018,102.5,PE,0,0,0,18.9,11.6,0,0,0,0,19-DEC-2017,
OPTSTK,TATAPOWER,25-Jan-2018,105,PE,0,0,0,21.3,13.8,0,0,0,0,19-DEC-2017,
OPTSTK,TATAPOWER,25-Jan-2018,107.5,PE,0,0,0,23.75,16.05,0,0,0,0,19-DEC-2017,
OPTSTK,TATAPOWER,25-Jan-2018,110,PE,0,0,0,26.15,18.4,0,0,0,0,19-DEC-2017,
OPTSTK,TATAPOWER,25-Jan-2018,112.5,PE,0,0,0,28.6,20.8,0,0,0,0,19-DEC-2017,
OPTSTK,TATAPOWER,22-Feb-2018,60,CE,0,0,0,35.6,31.8,0,0,0,0,19-DEC-2017,
OPTSTK,TATAPOWER,22-Feb-2018,62.5,CE,0,0,0,33.15,29.35,0,0,0,0,19-DEC-2017,
OPTSTK,TATAPOWER,22-Feb-2018,65,CE,0,0,0,30.7,26.9,0,0,0,0,19-DEC-2017,
OPTSTK,TATAPOWER,22-Feb-2018,67.5,CE,0,0,0,28.25,24.45,0,0,0,0,19-DEC-2017,
OPTSTK,TATAPOWER,22-Feb-2018,70,CE,0,0,0,25.8,22.05,0,0,0,0,19-DEC-2017,
OPTSTK,TATAPOWER,22-Feb-2018,72.5,CE,0,0,0,23.4,19.7,0,0,0,0,19-DEC-2017,
OPTSTK,TATAPOWER,22-Feb-2018,75,CE,0,0,0,21.05,17.4,0,0,0,0,19-DEC-2017,
OPTSTK,TATAPOWER,22-Feb-2018,77.5,CE,0,0,0,18.75,15.2,0,0,0,0,19-DEC-2017,
OPTSTK,TATAPOWER,22-Feb-2018,80,CE,0,0,0,16.5,13.1,0,0,0,0,19-DEC-2017,
OPTSTK,TATAPOWER,22-Feb-2018,82.5,CE,0,0,0,14.4,11.15,0,0,0,0,19-DEC-2017,
OPTSTK,TATAPOWER,22-Feb-2018,85,CE,0,0,0,12.4,9.35,0,0,0,0,19-DEC-2017,
OPTSTK,TATAPOWER,22-Feb-2018,87.5,CE,0,0,0,10.6,7.75,0,0,0,0,19-DEC-2017,
OPTSTK,TATAPOWER,22-Feb-2018,90,CE,0,0,0,8.9,6.35,0,0,0,0,19-DEC-2017,
OPTSTK,TATAPOWER,22-Feb-2018,92.5,CE,0,0,0,7.4,5.1,0,0,0,0,19-DEC-2017,
OPTSTK,TATAPOWER,22-Feb-2018,95,CE,0,0,0,6.05,4.05,0,0,0,0,19-DEC-2017,
OPTSTK,TATAPOWER,22-Feb-2018,97.5,CE,0,0,0,4.9,3.2,0,0,0,0,19-DEC-2017,
OPTSTK,TATAPOWER,22-Feb-2018,100,CE,0,0,0,3.95,2.45,0,0,0,0,19-DEC-2017,
OPTSTK,TATAPOWER,22-Feb-2018,102.5,CE,0,0,0,3.1,1.9,0,0,0,0,19-DEC-2017,
OPTSTK,TATAPOWER,22-Feb-2018,105,CE,0,0,0,2.45,1.4,0,0,0,0,19-DEC-2017,
OPTSTK,TATAPOWER,22-Feb-2018,107.5,CE,0,0,0,1.9,1.05,0,0,0,0,19-DEC-2017,
OPTSTK,TATAPOWER,22-Feb-2018,110,CE,0,0,0,1.45,0.8,0,0,0,0,19-DEC-2017,
OPTSTK,TATAPOWER,22-Feb-2018,112.5,CE,0,0,0,1.1,0.6,0,0,0,0,19-DEC-2017,
OPTSTK,TATAPOWER,22-Feb-2018,60,PE,0,0,0,0.05,0,0,0,0,0,19-DEC-2017,
OPTSTK,TATAPOWER,22-Feb-2018,62.5,PE,0,0,0,0.05,0.05,0,0,0,0,19-DEC-2017,
OPTSTK,TATAPOWER,22-Feb-2018,65,PE,0,0,0,0.05,0.05,0,0,0,0,19-DEC-2017,
OPTSTK,TATAPOWER,22-Feb-2018,67.5,PE,0,0,0,0.05,0.1,0,0,0,0,19-DEC-2017,
OPTSTK,TATAPOWER,22-Feb-2018,70,PE,0,0,0,0.1,0.15,0,0,0,0,19-DEC-2017,
OPTSTK,TATAPOWER,22-Feb-2018,72.5,PE,0,0,0,0.15,0.25,0,0,0,0,19-DEC-2017,
OPTSTK,TATAPOWER,22-Feb-2018,75,PE,0,0,0,0.25,0.45,0,0,0,0,19-DEC-2017,
OPTSTK,TATAPOWER,22-Feb-2018,77.5,PE,0,0,0,0.4,0.7,0,0,0,0,19-DEC-2017,
OPTSTK,TATAPOWER,22-Feb-2018,80,PE,0,0,0,0.65,1.1,0,0,0,0,19-DEC-2017,
OPTSTK,TATAPOWER,22-Feb-2018,82.5,PE,0,0,0,1,1.6,0,0,0,0,19-DEC-2017,
OPTSTK,TATAPOWER,22-Feb-2018,85,PE,0,0,0,1.5,2.3,0,0,0,0,19-DEC-2017,
OPTSTK,TATAPOWER,22-Feb-2018,87.5,PE,0,0,0,2.1,3.15,0,0,0,0,19-DEC-2017,
OPTSTK,TATAPOWER,22-Feb-2018,90,PE,0,0,0,2.9,4.2,0,0,0,0,19-DEC-2017,
OPTSTK,TATAPOWER,22-Feb-2018,92.5,PE,0,0,0,3.85,5.45,0,0,0,0,19-DEC-2017,
OPTSTK,TATAPOWER,22-Feb-2018,95,PE,0,0,0,5,6.85,0,0,0,0,19-DEC-2017,
OPTSTK,TATAPOWER,22-Feb-2018,97.5,PE,0,0,0,6.3,8.45,0,0,0,0,19-DEC-2017,
OPTSTK,TATAPOWER,22-Feb-2018,100,PE,0,0,0,7.8,10.2,0,0,0,0,19-DEC-2017,
OPTSTK,TATAPOWER,22-Feb-2018,102.5,PE,0,0,0,9.45,12.1,0,0,0,0,19-DEC-2017,
OPTSTK,TATAPOWER,22-Feb-2018,105,PE,0,0,0,11.2,14.15,0,0,0,0,19-DEC-2017,
OPTSTK,TATAPOWER,22-Feb-2018,107.5,PE,0,0,0,13.1,16.25,0,0,0,0,19-DEC-2017,
OPTSTK,TATAPOWER,22-Feb-2018,110,PE,0,0,0,15.15,18.45,0,0,0,0,19-DEC-2017,
OPTSTK,TATAPOWER,22-Feb-2018,112.5,PE,0,0,0,17.25,20.7,0,0,0,0,19-DEC-2017,
OPTSTK,TATASTEEL,28-Dec-2017,450,CE,264.95,264.95,264.95,264.95,264.95,2,14.29,27000,-2000,19-DEC-2017,
OPTSTK,TATASTEEL,28-Dec-2017,460,CE,253.15,253.15,253.15,253.15,253.15,2,14.26,23000,-2000,19-DEC-2017,
OPTSTK,TATASTEEL,28-Dec-2017,470,CE,0,0,0,187.7,240.95,0,0,0,0,19-DEC-2017,
OPTSTK,TATASTEEL,28-Dec-2017,480,CE,0,0,0,178.15,230.95,0,0,0,0,19-DEC-2017,
OPTSTK,TATASTEEL,28-Dec-2017,490,CE,0,0,0,175,221,0,0,34000,0,19-DEC-2017,
OPTSTK,TATASTEEL,28-Dec-2017,500,CE,0,0,0,163,211,0,0,60000,0,19-DEC-2017,
OPTSTK,TATASTEEL,28-Dec-2017,510,CE,0,0,0,195,201,0,0,3000,0,19-DEC-2017,
OPTSTK,TATASTEEL,28-Dec-2017,520,CE,0,0,0,176.7,191.05,0,0,7000,0,19-DEC-2017,
OPTSTK,TATASTEEL,28-Dec-2017,530,CE,0,0,0,168.9,181.05,0,0,1000,0,19-DEC-2017,
OPTSTK,TATASTEEL,28-Dec-2017,540,CE,0,0,0,155.05,171.05,0,0,4000,0,19-DEC-2017,
OPTSTK,TATASTEEL,28-Dec-2017,550,CE,0,0,0,118.4,161.1,0,0,3000,0,19-DEC-2017,
OPTSTK,TATASTEEL,28-Dec-2017,560,CE,0,0,0,137.5,151.1,0,0,25000,0,19-DEC-2017,
OPTSTK,TATASTEEL,28-Dec-2017,570,CE,0,0,0,138,141.1,0,0,2000,0,19-DEC-2017,
OPTSTK,TATASTEEL,28-Dec-2017,580,CE,0,0,0,115,131.1,0,0,4000,0,19-DEC-2017,
OPTSTK,TATASTEEL,28-Dec-2017,590,CE,0,0,0,102,121.15,0,0,14000,0,19-DEC-2017,
OPTSTK,TATASTEEL,28-Dec-2017,600,CE,0,0,0,108,111.15,0,0,89000,0,19-DEC-2017,
OPTSTK,TATASTEEL,28-Dec-2017,610,CE,101,101,101,101,101,2,14.22,5000,-2000,19-DEC-2017,
OPTSTK,TATASTEEL,28-Dec-2017,620,CE,0,0,0,50.9,91.2,0,0,7000,0,19-DEC-2017,
OPTSTK,TATASTEEL,28-Dec-2017,630,CE,0,0,0,53.5,81.2,0,0,3000,0,19-DEC-2017,
OPTSTK,TATASTEEL,28-Dec-2017,640,CE,0,0,0,68,71.25,0,0,10000,0,19-DEC-2017,
OPTSTK,TATASTEEL,28-Dec-2017,650,CE,60,62,60,62,62,4,28.45,29000,-1000,19-DEC-2017,
OPTSTK,TATASTEEL,28-Dec-2017,660,CE,52.85,53.2,51.5,52.65,52.65,8,57,81000,-2000,19-DEC-2017,
OPTSTK,TATASTEEL,28-Dec-2017,670,CE,44.1,44.1,43,43,43,3,21.4,70000,-3000,19-DEC-2017,
OPTSTK,TATASTEEL,28-Dec-2017,680,CE,35,35.05,31,34.05,34.05,104,741.61,255000,-64000,19-DEC-2017,
OPTSTK,TATASTEEL,28-Dec-2017,690,CE,25,28,22.75,25.55,25.55,39,278.71,338000,-5000,19-DEC-2017,
OPTSTK,TATASTEEL,28-Dec-2017,700,CE,18.6,20.5,15.7,18.45,18.45,533,3827.65,876000,-37000,19-DEC-2017,
OPTSTK,TATASTEEL,28-Dec-2017,710,CE,12.95,14.65,10.7,12.6,12.6,1951,14093.04,638000,68000,19-DEC-2017,
OPTSTK,TATASTEEL,28-Dec-2017,720,CE,8.05,9.85,6.9,8.25,8.25,2715,19769.49,1485000,162000,19-DEC-2017,
OPTSTK,TATASTEEL,28-Dec-2017,730,CE,5.1,6.15,4.1,4.9,4.9,1160,8525.97,643000,82000,19-DEC-2017,
OPTSTK,TATASTEEL,28-Dec-2017,740,CE,3.5,3.95,2.45,2.85,2.85,660,4904.23,478000,10000,19-DEC-2017,
OPTSTK,TATASTEEL,28-Dec-2017,750,CE,2.55,2.55,1.45,1.7,1.7,611,4593.74,484000,23000,19-DEC-2017,
OPTSTK,TATASTEEL,28-Dec-2017,760,CE,1.4,1.4,0.75,0.9,0.9,291,2214.43,364000,21000,19-DEC-2017,
OPTSTK,TATASTEEL,28-Dec-2017,770,CE,0.8,0.8,0.45,0.5,0.5,92,708.91,290000,5000,19-DEC-2017,
OPTSTK,TATASTEEL,28-Dec-2017,780,CE,0.2,0.45,0.2,0.45,0.45,17,132.65,126000,1000,19-DEC-2017,
OPTSTK,TATASTEEL,28-Dec-2017,790,CE,0.2,0.25,0.2,0.25,0.25,3,23.7,6000,-2000,19-DEC-2017,
OPTSTK,TATASTEEL,28-Dec-2017,800,CE,0.3,0.35,0.25,0.3,0.3,5,40.01,210000,1000,19-DEC-2017,
OPTSTK,TATASTEEL,28-Dec-2017,810,CE,0,0,0,0.35,0.05,0,0,9000,0,19-DEC-2017,
OPTSTK,TATASTEEL,28-Dec-2017,820,CE,0.15,0.15,0.15,0.15,0.15,1,8.2,34000,0,19-DEC-2017,
OPTSTK,TATASTEEL,28-Dec-2017,830,CE,0,0,0,0.5,0,0,0,5000,0,19-DEC-2017,
OPTSTK,TATASTEEL,28-Dec-2017,450,PE,0,0,0,0.4,0,0,0,2000,0,19-DEC-2017,
OPTSTK,TATASTEEL,28-Dec-2017,460,PE,0,0,0,0.1,0,0,0,3000,0,19-DEC-2017,
OPTSTK,TATASTEEL,28-Dec-2017,470,PE,0,0,0,0.7,0,0,0,0,0,19-DEC-2017,
OPTSTK,TATASTEEL,28-Dec-2017,480,PE,0,0,0,0.5,0,0,0,1000,0,19-DEC-2017,
OPTSTK,TATASTEEL,28-Dec-2017,490,PE,0,0,0,0.45,0,0,0,0,0,19-DEC-2017,
OPTSTK,TATASTEEL,28-Dec-2017,500,PE,0.1,0.1,0.1,0.1,0.1,2,10,21000,0,19-DEC-2017,
OPTSTK,TATASTEEL,28-Dec-2017,510,PE,0,0,0,2.45,0,0,0,0,0,19-DEC-2017,
OPTSTK,TATASTEEL,28-Dec-2017,520,PE,0,0,0,0.15,0,0,0,1000,0,19-DEC-2017,
OPTSTK,TATASTEEL,28-Dec-2017,530,PE,0,0,0,0.5,0,0,0,1000,0,19-DEC-2017,
OPTSTK,TATASTEEL,28-Dec-2017,540,PE,0,0,0,0.1,0,0,0,1000,0,19-DEC-2017,
OPTSTK,TATASTEEL,28-Dec-2017,550,PE,0,0,0,0.5,0,0,0,1000,0,19-DEC-2017,
OPTSTK,TATASTEEL,28-Dec-2017,560,PE,0,0,0,0.55,0,0,0,22000,0,19-DEC-2017,
OPTSTK,TATASTEEL,28-Dec-2017,570,PE,0,0,0,0.5,0,0,0,1000,0,19-DEC-2017,
OPTSTK,TATASTEEL,28-Dec-2017,580,PE,0,0,0,0.3,0,0,0,54000,0,19-DEC-2017,
OPTSTK,TATASTEEL,28-Dec-2017,590,PE,0,0,0,1.35,0,0,0,72000,0,19-DEC-2017,
OPTSTK,TATASTEEL,28-Dec-2017,600,PE,0.35,0.35,0.35,0.35,0.35,5,30.01,866000,-1000,19-DEC-2017,
OPTSTK,TATASTEEL,28-Dec-2017,610,PE,0.35,0.35,0.35,0.35,0.35,1,6.1,61000,0,19-DEC-2017,
OPTSTK,TATASTEEL,28-Dec-2017,620,PE,0.3,0.4,0.3,0.35,0.35,27,167.49,250000,0,19-DEC-2017,
OPTSTK,TATASTEEL,28-Dec-2017,630,PE,0.4,0.5,0.35,0.4,0.4,18,113.48,95000,-2000,19-DEC-2017,
OPTSTK,TATASTEEL,28-Dec-2017,640,PE,0.55,0.6,0.45,0.5,0.5,106,678.98,220000,12000,19-DEC-2017,
OPTSTK,TATASTEEL,28-Dec-2017,650,PE,0.8,0.9,0.7,0.75,0.75,157,1021.74,385000,-1000,19-DEC-2017,
OPTSTK,TATASTEEL,28-Dec-2017,660,PE,0.9,1.3,0.9,1,1,284,1877.59,371000,-18000,19-DEC-2017,
OPTSTK,TATASTEEL,28-Dec-2017,670,PE,1.9,2.05,1.45,1.55,1.55,208,1397.28,301000,3000,19-DEC-2017,
OPTSTK,TATASTEEL,28-Dec-2017,680,PE,3.3,3.3,2.4,2.5,2.5,759,5182.99,595000,5000,19-DEC-2017,
OPTSTK,TATASTEEL,28-Dec-2017,690,PE,4.35,5.2,3.95,4.1,4.1,954,6627.69,476000,31000,19-DEC-2017,
OPTSTK,TATASTEEL,28-Dec-2017,700,PE,8.95,8.95,6.45,6.7,6.7,1016,7188.72,706000,88000,19-DEC-2017,
OPTSTK,TATASTEEL,28-Dec-2017,710,PE,11.1,13.15,10.25,10.6,10.6,506,3651.64,277000,64000,19-DEC-2017,
OPTSTK,TATASTEEL,28-Dec-2017,720,PE,15.95,18.75,15.2,15.9,15.9,149,1098,119000,-1000,19-DEC-2017,
OPTSTK,TATASTEEL,28-Dec-2017,730,PE,22.5,22.5,22.5,22.5,22.5,3,22.57,23000,-1000,19-DEC-2017,
OPTSTK,TATASTEEL,28-Dec-2017,740,PE,33.25,33.25,30,30,30,6,46.36,34000,-4000,19-DEC-2017,
OPTSTK,TATASTEEL,28-Dec-2017,750,PE,40.5,40.5,40.5,40.5,40.5,2,15.81,53000,-2000,19-DEC-2017,
OPTSTK,TATASTEEL,28-Dec-2017,760,PE,0,0,0,75,49.25,0,0,5000,0,19-DEC-2017,
OPTSTK,TATASTEEL,28-Dec-2017,770,PE,0,0,0,119.3,58.9,0,0,0,0,19-DEC-2017,
OPTSTK,TATASTEEL,28-Dec-2017,780,PE,0,0,0,78.4,68.7,0,0,2000,0,19-DEC-2017,
OPTSTK,TATASTEEL,28-Dec-2017,790,PE,0,0,0,136.3,78.65,0,0,0,0,19-DEC-2017,
OPTSTK,TATASTEEL,28-Dec-2017,800,PE,0,0,0,91,88.6,0,0,2000,0,19-DEC-2017,
OPTSTK,TATASTEEL,28-Dec-2017,810,PE,0,0,0,153.85,98.55,0,0,0,0,19-DEC-2017,
OPTSTK,TATASTEEL,28-Dec-2017,820,PE,0,0,0,152,108.55,0,0,2000,0,19-DEC-2017,
OPTSTK,TATASTEEL,28-Dec-2017,830,PE,0,0,0,171.95,118.55,0,0,0,0,19-DEC-2017,
OPTSTK,TATASTEEL,25-Jan-2018,530,CE,180,184,180,184,184,6,42.76,6000,6000,19-DEC-2017,
OPTSTK,TATASTEEL,25-Jan-2018,540,CE,0,0,0,198.15,173.75,0,0,0,0,19-DEC-2017,
OPTSTK,TATASTEEL,25-Jan-2018,550,CE,0,0,0,188.5,163.8,0,0,0,0,19-DEC-2017,
OPTSTK,TATASTEEL,25-Jan-2018,560,CE,0,0,0,178.95,153.9,0,0,0,0,19-DEC-2017,
OPTSTK,TATASTEEL,25-Jan-2018,570,CE,0,0,0,169.45,143.95,0,0,0,0,19-DEC-2017,
OPTSTK,TATASTEEL,25-Jan-2018,580,CE,0,0,0,160.05,134.1,0,0,0,0,19-DEC-2017,
OPTSTK,TATASTEEL,25-Jan-2018,590,CE,0,0,0,150.8,124.2,0,0,0,0,19-DEC-2017,
OPTSTK,TATASTEEL,25-Jan-2018,600,CE,0,0,0,95.85,114.45,0,0,2000,0,19-DEC-2017,
OPTSTK,TATASTEEL,25-Jan-2018,610,CE,103,103,103,103,103,2,14.26,7000,2000,19-DEC-2017,
OPTSTK,TATASTEEL,25-Jan-2018,620,CE,0,0,0,124.05,95.15,0,0,0,0,19-DEC-2017,
OPTSTK,TATASTEEL,25-Jan-2018,630,CE,0,0,0,115.55,85.75,0,0,0,0,19-DEC-2017,
OPTSTK,TATASTEEL,25-Jan-2018,640,CE,0,0,0,107.3,76.6,0,0,0,0,19-DEC-2017,
OPTSTK,TATASTEEL,25-Jan-2018,650,CE,68.5,69,68.5,68.75,68.75,4,28.74,12000,4000,19-DEC-2017,
OPTSTK,TATASTEEL,25-Jan-2018,660,CE,58,60,58,60,60,4,28.76,4000,3000,19-DEC-2017,
OPTSTK,TATASTEEL,25-Jan-2018,670,CE,0,0,0,84.25,51.4,0,0,0,0,19-DEC-2017,
OPTSTK,TATASTEEL,25-Jan-2018,680,CE,0,0,0,77.2,44,0,0,0,0,19-DEC-2017,
OPTSTK,TATASTEEL,25-Jan-2018,690,CE,0,0,0,70.45,37.15,0,0,0,0,19-DEC-2017,
OPTSTK,TATASTEEL,25-Jan-2018,700,CE,32.6,32.6,29.9,31.15,31.15,6,43.83,90000,1000,19-DEC-2017,
OPTSTK,TATASTEEL,25-Jan-2018,710,CE,27.45,27.45,27.25,27.4,27.4,3,22.12,4000,3000,19-DEC-2017,
OPTSTK,TATASTEEL,25-Jan-2018,720,CE,22,22.95,19.8,21.45,21.45,48,355.58,69000,16000,19-DEC-2017,
OPTSTK,TATASTEEL,25-Jan-2018,730,CE,17.7,18.55,16.15,16.15,16.15,18,134.53,25000,16000,19-DEC-2017,
OPTSTK,TATASTEEL,25-Jan-2018,740,CE,12.35,13.55,12.35,13.55,13.55,3,22.59,5000,3000,19-DEC-2017,
OPTSTK,TATASTEEL,25-Jan-2018,750,CE,9.85,9.85,9.85,9.85,9.85,1,7.59,2000,1000,19-DEC-2017,
OPTSTK,TATASTEEL,25-Jan-2018,760,CE,0,0,0,33.85,7.85,0,0,0,0,19-DEC-2017,
OPTSTK,TATASTEEL,25-Jan-2018,770,CE,5.5,5.5,5.5,5.5,5.5,1,7.75,1000,1000,19-DEC-2017,
OPTSTK,TATASTEEL,25-Jan-2018,780,CE,0,0,0,26.6,4.45,0,0,0,0,19-DEC-2017,
OPTSTK,TATASTEEL,25-Jan-2018,790,CE,0,0,0,23.5,3.25,0,0,0,0,19-DEC-2017,
OPTSTK,TATASTEEL,25-Jan-2018,800,CE,0,0,0,20.65,2.4,0,0,0,0,19-DEC-2017,
OPTSTK,TATASTEEL,25-Jan-2018,810,CE,4.65,4.65,4.65,4.65,4.65,1,8.14,1000,1000,19-DEC-2017,
OPTSTK,TATASTEEL,25-Jan-2018,820,CE,0,0,0,15.85,1.2,0,0,0,0,19-DEC-2017,
OPTSTK,TATASTEEL,25-Jan-2018,830,CE,0,0,0,13.8,0.85,0,0,0,0,19-DEC-2017,
OPTSTK,TATASTEEL,25-Jan-2018,530,PE,0.1,0.1,0.1,0.1,0.1,2,10.6,2000,2000,19-DEC-2017,
OPTSTK,TATASTEEL,25-Jan-2018,540,PE,0,0,0,0.5,0,0,0,0,0,19-DEC-2017,
OPTSTK,TATASTEEL,25-Jan-2018,550,PE,0,0,0,0.7,0.05,0,0,0,0,19-DEC-2017,
OPTSTK,TATASTEEL,25-Jan-2018,560,PE,0,0,0,0.95,0.05,0,0,0,0,19-DEC-2017,
OPTSTK,TATASTEEL,25-Jan-2018,570,PE,0,0,0,1.3,0.05,0,0,0,0,19-DEC-2017,
OPTSTK,TATASTEEL,25-Jan-2018,580,PE,0,0,0,1.75,0.1,0,0,0,0,19-DEC-2017,
OPTSTK,TATASTEEL,25-Jan-2018,590,PE,0,0,0,2.35,0.2,0,0,0,0,19-DEC-2017,
OPTSTK,TATASTEEL,25-Jan-2018,600,PE,0,0,0,2,0.3,0,0,15000,0,19-DEC-2017,
OPTSTK,TATASTEEL,25-Jan-2018,610,PE,0,0,0,4,0.55,0,0,0,0,19-DEC-2017,
OPTSTK,TATASTEEL,25-Jan-2018,620,PE,0,0,0,5.1,0.9,0,0,0,0,19-DEC-2017,
OPTSTK,TATASTEEL,25-Jan-2018,630,PE,0,0,0,6.45,1.45,0,0,0,0,19-DEC-2017,
OPTSTK,TATASTEEL,25-Jan-2018,640,PE,4,4,4,4,4,1,6.44,6000,-1000,19-DEC-2017,
OPTSTK,TATASTEEL,25-Jan-2018,650,PE,0,0,0,9.9,3.35,0,0,0,0,19-DEC-2017,
OPTSTK,TATASTEEL,25-Jan-2018,660,PE,0,0,0,10,4.85,0,0,0,0,19-DEC-2017,
OPTSTK,TATASTEEL,25-Jan-2018,670,PE,8.55,8.6,7.95,7.95,7.95,15,101.73,27000,14000,19-DEC-2017,
OPTSTK,TATASTEEL,25-Jan-2018,680,PE,11,11,11,11,11,2,13.82,12000,1000,19-DEC-2017,
OPTSTK,TATASTEEL,25-Jan-2018,690,PE,13.7,13.7,13.7,13.7,13.7,1,7.03,24000,1000,19-DEC-2017,
OPTSTK,TATASTEEL,25-Jan-2018,700,PE,17,18,16.15,16.35,16.35,16,114.74,82000,8000,19-DEC-2017,
OPTSTK,TATASTEEL,25-Jan-2018,710,PE,21.05,21.75,21.05,21.45,21.45,3,21.94,11000,2000,19-DEC-2017,
OPTSTK,TATASTEEL,25-Jan-2018,720,PE,27,27.15,27,27,27,3,22.41,7000,0,19-DEC-2017,
OPTSTK,TATASTEEL,25-Jan-2018,730,PE,0,0,0,34.5,31.65,0,0,4000,0,19-DEC-2017,
OPTSTK,TATASTEEL,25-Jan-2018,740,PE,39.5,39.5,39.5,39.5,39.5,5,38.97,7000,5000,19-DEC-2017,
OPTSTK,TATASTEEL,25-Jan-2018,750,PE,46,47,45.5,47,47,4,31.84,4000,4000,19-DEC-2017,
OPTSTK,TATASTEEL,25-Jan-2018,760,PE,0,0,0,52.75,52.7,0,0,0,0,19-DEC-2017,
OPTSTK,TATASTEEL,25-Jan-2018,770,PE,0,0,0,58.8,60.75,0,0,0,0,19-DEC-2017,
OPTSTK,TATASTEEL,25-Jan-2018,780,PE,0,0,0,65.2,69.15,0,0,0,0,19-DEC-2017,
OPTSTK,TATASTEEL,25-Jan-2018,790,PE,0,0,0,71.9,77.95,0,0,0,0,19-DEC-2017,
OPTSTK,TATASTEEL,25-Jan-2018,800,PE,0,0,0,78.9,86.95,0,0,0,0,19-DEC-2017,
OPTSTK,TATASTEEL,25-Jan-2018,810,PE,0,0,0,86.25,96.25,0,0,0,0,19-DEC-2017,
OPTSTK,TATASTEEL,25-Jan-2018,820,PE,0,0,0,93.8,105.65,0,0,0,0,19-DEC-2017,
OPTSTK,TATASTEEL,25-Jan-2018,830,PE,0,0,0,101.6,115.25,0,0,0,0,19-DEC-2017,
OPTSTK,TATASTEEL,22-Feb-2018,530,CE,0,0,0,172,186.3,0,0,0,0,19-DEC-2017,
OPTSTK,TATASTEEL,22-Feb-2018,540,CE,0,0,0,162.25,176.45,0,0,0,0,19-DEC-2017,
OPTSTK,TATASTEEL,22-Feb-2018,550,CE,0,0,0,152.5,166.65,0,0,0,0,19-DEC-2017,
OPTSTK,TATASTEEL,22-Feb-2018,560,CE,0,0,0,142.85,156.85,0,0,0,0,19-DEC-2017,
OPTSTK,TATASTEEL,22-Feb-2018,570,CE,0,0,0,133.25,147.1,0,0,0,0,19-DEC-2017,
OPTSTK,TATASTEEL,22-Feb-2018,580,CE,0,0,0,123.8,137.45,0,0,0,0,19-DEC-2017,
OPTSTK,TATASTEEL,22-Feb-2018,590,CE,0,0,0,114.5,127.9,0,0,0,0,19-DEC-2017,
OPTSTK,TATASTEEL,22-Feb-2018,600,CE,0,0,0,105.35,118.45,0,0,0,0,19-DEC-2017,
OPTSTK,TATASTEEL,22-Feb-2018,610,CE,0,0,0,96.45,109.2,0,0,0,0,19-DEC-2017,
OPTSTK,TATASTEEL,22-Feb-2018,620,CE,0,0,0,87.8,100.15,0,0,0,0,19-DEC-2017,
OPTSTK,TATASTEEL,22-Feb-2018,630,CE,0,0,0,79.5,91.35,0,0,0,0,19-DEC-2017,
OPTSTK,TATASTEEL,22-Feb-2018,640,CE,0,0,0,71.5,82.8,0,0,0,0,19-DEC-2017,
OPTSTK,TATASTEEL,22-Feb-2018,650,CE,0,0,0,63.95,74.65,0,0,0,0,19-DEC-2017,
OPTSTK,TATASTEEL,22-Feb-2018,660,CE,0,0,0,56.8,66.85,0,0,0,0,19-DEC-2017,
OPTSTK,TATASTEEL,22-Feb-2018,670,CE,0,0,0,50.15,59.5,0,0,0,0,19-DEC-2017,
OPTSTK,TATASTEEL,22-Feb-2018,680,CE,0,0,0,43.95,52.55,0,0,0,0,19-DEC-2017,
OPTSTK,TATASTEEL,22-Feb-2018,690,CE,0,0,0,38.25,46.15,0,0,0,0,19-DEC-2017,
OPTSTK,TATASTEEL,22-Feb-2018,700,CE,0,0,0,33.1,40.2,0,0,0,0,19-DEC-2017,
OPTSTK,TATASTEEL,22-Feb-2018,710,CE,0,0,0,28.4,34.8,0,0,0,0,19-DEC-2017,
OPTSTK,TATASTEEL,22-Feb-2018,720,CE,0,0,0,24.2,29.9,0,0,0,0,19-DEC-2017,
OPTSTK,TATASTEEL,22-Feb-2018,730,CE,0,0,0,20.5,25.5,0,0,0,0,19-DEC-2017,
OPTSTK,TATASTEEL,22-Feb-2018,740,CE,0,0,0,17.25,21.55,0,0,0,0,19-DEC-2017,
OPTSTK,TATASTEEL,22-Feb-2018,750,CE,0,0,0,14.4,18.15,0,0,0,0,19-DEC-2017,
OPTSTK,TATASTEEL,22-Feb-2018,760,CE,0,0,0,11.95,15.15,0,0,0,0,19-DEC-2017,
OPTSTK,TATASTEEL,22-Feb-2018,770,CE,0,0,0,9.85,12.55,0,0,0,0,19-DEC-2017,
OPTSTK,TATASTEEL,22-Feb-2018,780,CE,0,0,0,8.05,10.3,0,0,0,0,19-DEC-2017,
OPTSTK,TATASTEEL,22-Feb-2018,790,CE,0,0,0,6.55,8.45,0,0,0,0,19-DEC-2017,
OPTSTK,TATASTEEL,22-Feb-2018,800,CE,0,0,0,5.3,6.85,0,0,0,0,19-DEC-2017,
OPTSTK,TATASTEEL,22-Feb-2018,810,CE,0,0,0,4.25,5.5,0,0,0,0,19-DEC-2017,
OPTSTK,TATASTEEL,22-Feb-2018,820,CE,0,0,0,3.4,4.4,0,0,0,0,19-DEC-2017,
OPTSTK,TATASTEEL,22-Feb-2018,830,CE,0,0,0,2.7,3.5,0,0,0,0,19-DEC-2017,
OPTSTK,TATASTEEL,22-Feb-2018,530,PE,0,0,0,0.15,0.05,0,0,0,0,19-DEC-2017,
OPTSTK,TATASTEEL,22-Feb-2018,540,PE,0,0,0,0.2,0.1,0,0,0,0,19-DEC-2017,
OPTSTK,TATASTEEL,22-Feb-2018,550,PE,0,0,0,0.35,0.15,0,0,0,0,19-DEC-2017,
OPTSTK,TATASTEEL,22-Feb-2018,560,PE,0,0,0,0.55,0.25,0,0,0,0,19-DEC-2017,
OPTSTK,TATASTEEL,22-Feb-2018,570,PE,0,0,0,0.8,0.4,0,0,0,0,19-DEC-2017,
OPTSTK,TATASTEEL,22-Feb-2018,580,PE,0,0,0,1.2,0.65,0,0,0,0,19-DEC-2017,
OPTSTK,TATASTEEL,22-Feb-2018,590,PE,0,0,0,1.75,0.95,0,0,0,0,19-DEC-2017,
OPTSTK,TATASTEEL,22-Feb-2018,600,PE,0,0,0,2.45,1.4,0,0,0,0,19-DEC-2017,
OPTSTK,TATASTEEL,22-Feb-2018,610,PE,0,0,0,3.4,2.05,0,0,0,0,19-DEC-2017,
OPTSTK,TATASTEEL,22-Feb-2018,620,PE,0,0,0,4.6,2.85,0,0,0,0,19-DEC-2017,
OPTSTK,TATASTEEL,22-Feb-2018,630,PE,0,0,0,6.15,3.95,0,0,0,0,19-DEC-2017,
OPTSTK,TATASTEEL,22-Feb-2018,640,PE,0,0,0,8.05,5.3,0,0,0,0,19-DEC-2017,
OPTSTK,TATASTEEL,22-Feb-2018,650,PE,0,0,0,10.35,7.05,0,0,0,0,19-DEC-2017,
OPTSTK,TATASTEEL,22-Feb-2018,660,PE,0,0,0,13.05,9.15,0,0,0,0,19-DEC-2017,
OPTSTK,TATASTEEL,22-Feb-2018,670,PE,0,0,0,16.2,11.65,0,0,0,0,19-DEC-2017,
OPTSTK,TATASTEEL,22-Feb-2018,680,PE,0,0,0,19.9,14.6,0,0,0,0,19-DEC-2017,
OPTSTK,TATASTEEL,22-Feb-2018,690,PE,0,0,0,24.05,18.05,0,0,0,0,19-DEC-2017,
OPTSTK,TATASTEEL,22-Feb-2018,700,PE,0,0,0,28.75,22,0,0,0,0,19-DEC-2017,
OPTSTK,TATASTEEL,22-Feb-2018,710,PE,0,0,0,33.9,26.5,0,0,0,0,19-DEC-2017,
OPTSTK,TATASTEEL,22-Feb-2018,720,PE,0,0,0,39.55,31.45,0,0,0,0,19-DEC-2017,
OPTSTK,TATASTEEL,22-Feb-2018,730,PE,0,0,0,45.7,36.95,0,0,0,0,19-DEC-2017,
OPTSTK,TATASTEEL,22-Feb-2018,740,PE,0,0,0,52.3,42.95,0,0,0,0,19-DEC-2017,
OPTSTK,TATASTEEL,22-Feb-2018,750,PE,0,0,0,59.3,49.4,0,0,0,0,19-DEC-2017,
OPTSTK,TATASTEEL,22-Feb-2018,760,PE,0,0,0,66.75,56.25,0,0,0,0,19-DEC-2017,
OPTSTK,TATASTEEL,22-Feb-2018,770,PE,0,0,0,74.45,63.6,0,0,0,0,19-DEC-2017,
OPTSTK,TATASTEEL,22-Feb-2018,780,PE,0,0,0,82.55,71.25,0,0,0,0,19-DEC-2017,
OPTSTK,TATASTEEL,22-Feb-2018,790,PE,0,0,0,90.9,79.2,0,0,0,0,19-DEC-2017,
OPTSTK,TATASTEEL,22-Feb-2018,800,PE,0,0,0,99.5,87.5,0,0,0,0,19-DEC-2017,
OPTSTK,TATASTEEL,22-Feb-2018,810,PE,0,0,0,108.3,96.1,0,0,0,0,19-DEC-2017,
OPTSTK,TATASTEEL,22-Feb-2018,820,PE,0,0,0,117.3,104.85,0,0,0,0,19-DEC-2017,
OPTSTK,TATASTEEL,22-Feb-2018,830,PE,0,0,0,126.45,113.85,0,0,0,0,19-DEC-2017,
OPTSTK,TCS,28-Dec-2017,1600,CE,0,0,0,901.35,977.8,0,0,0,0,19-DEC-2017,
OPTSTK,TCS,28-Dec-2017,1650,CE,0,0,0,852.15,927.9,0,0,0,0,19-DEC-2017,
OPTSTK,TCS,28-Dec-2017,1700,CE,0,0,0,802.9,877.95,0,0,0,0,19-DEC-2017,
OPTSTK,TCS,28-Dec-2017,1750,CE,0,0,0,753.7,828.05,0,0,0,0,19-DEC-2017,
OPTSTK,TCS,28-Dec-2017,1800,CE,0,0,0,704.5,778.1,0,0,0,0,19-DEC-2017,
OPTSTK,TCS,28-Dec-2017,1850,CE,0,0,0,655.25,728.2,0,0,0,0,19-DEC-2017,
OPTSTK,TCS,28-Dec-2017,1900,CE,0,0,0,606.05,678.25,0,0,0,0,19-DEC-2017,
OPTSTK,TCS,28-Dec-2017,1950,CE,0,0,0,556.9,628.35,0,0,0,0,19-DEC-2017,
OPTSTK,TCS,28-Dec-2017,2000,CE,0,0,0,507.75,578.45,0,0,0,0,19-DEC-2017,
OPTSTK,TCS,28-Dec-2017,2050,CE,0,0,0,458.85,528.5,0,0,0,0,19-DEC-2017,
OPTSTK,TCS,28-Dec-2017,2100,CE,0,0,0,410.25,478.6,0,0,0,0,19-DEC-2017,
OPTSTK,TCS,28-Dec-2017,2150,CE,0,0,0,362.3,428.65,0,0,0,0,19-DEC-2017,
OPTSTK,TCS,28-Dec-2017,2200,CE,0,0,0,315.35,378.75,0,0,0,0,19-DEC-2017,
OPTSTK,TCS,28-Dec-2017,2250,CE,0,0,0,270.05,328.8,0,0,0,0,19-DEC-2017,
OPTSTK,TCS,28-Dec-2017,2300,CE,0,0,0,227,278.9,0,0,0,0,19-DEC-2017,
OPTSTK,TCS,28-Dec-2017,2350,CE,0,0,0,187,229.05,0,0,0,0,19-DEC-2017,
OPTSTK,TCS,28-Dec-2017,2400,CE,0,0,0,292,179.6,0,0,250,0,19-DEC-2017,
OPTSTK,TCS,28-Dec-2017,2450,CE,0,0,0,214,131.6,0,0,250,0,19-DEC-2017,
OPTSTK,TCS,28-Dec-2017,2500,CE,100,100,88.75,88.75,88.75,4,25.97,10000,750,19-DEC-2017,
OPTSTK,TCS,28-Dec-2017,2550,CE,52.2,62.55,44.7,46.35,46.35,143,930.86,26000,-8250,19-DEC-2017,
OPTSTK,TCS,28-Dec-2017,2600,CE,25.15,31.95,20.2,21.25,21.25,1498,9836.12,258000,50500,19-DEC-2017,
OPTSTK,TCS,28-Dec-2017,2650,CE,12.15,14.45,8.6,9.1,9.1,973,6474.5,313250,35250,19-DEC-2017,
OPTSTK,TCS,28-Dec-2017,2700,CE,6,6.95,4.3,4.55,4.55,1076,7277.93,389250,-5750,19-DEC-2017,
OPTSTK,TCS,28-Dec-2017,2750,CE,3.15,3.7,2.5,2.75,2.75,581,3998.81,162250,20000,19-DEC-2017,
OPTSTK,TCS,28-Dec-2017,2800,CE,2.1,2.4,1.6,1.8,1.8,236,1653.13,149000,-250,19-DEC-2017,
OPTSTK,TCS,28-Dec-2017,2850,CE,1.5,1.6,1.25,1.35,1.35,286,2038.79,78750,-4500,19-DEC-2017,
OPTSTK,TCS,28-Dec-2017,2900,CE,1.45,1.45,1,1.45,1.45,7,50.77,55750,0,19-DEC-2017,
OPTSTK,TCS,28-Dec-2017,2950,CE,0,0,0,1.15,0,0,0,2500,0,19-DEC-2017,
OPTSTK,TCS,28-Dec-2017,3000,CE,0,0,0,1.35,0,0,0,1750,0,19-DEC-2017,
OPTSTK,TCS,28-Dec-2017,3050,CE,0,0,0,0.9,0,0,0,0,0,19-DEC-2017,
OPTSTK,TCS,28-Dec-2017,3100,CE,0,0,0,0.5,0,0,0,0,0,19-DEC-2017,
OPTSTK,TCS,28-Dec-2017,3150,CE,0,0,0,0.3,0,0,0,0,0,19-DEC-2017,
OPTSTK,TCS,28-Dec-2017,3200,CE,0,0,0,0.15,0,0,0,0,0,19-DEC-2017,
OPTSTK,TCS,28-Dec-2017,3250,CE,0,0,0,0.1,0,0,0,0,0,19-DEC-2017,
OPTSTK,TCS,28-Dec-2017,1600,PE,0,0,0,0.05,0,0,0,0,0,19-DEC-2017,
OPTSTK,TCS,28-Dec-2017,1650,PE,0,0,0,0.05,0,0,0,0,0,19-DEC-2017,
OPTSTK,TCS,28-Dec-2017,1700,PE,0,0,0,0.05,0,0,0,0,0,19-DEC-2017,
OPTSTK,TCS,28-Dec-2017,1750,PE,0,0,0,0.05,0,0,0,0,0,19-DEC-2017,
OPTSTK,TCS,28-Dec-2017,1800,PE,0,0,0,0.05,0,0,0,0,0,19-DEC-2017,
OPTSTK,TCS,28-Dec-2017,1850,PE,0,0,0,0.05,0,0,0,0,0,19-DEC-2017,
OPTSTK,TCS,28-Dec-2017,1900,PE,0,0,0,0.05,0,0,0,0,0,19-DEC-2017,
OPTSTK,TCS,28-Dec-2017,1950,PE,0,0,0,0.1,0,0,0,0,0,19-DEC-2017,
OPTSTK,TCS,28-Dec-2017,2000,PE,0,0,0,0.2,0,0,0,0,0,19-DEC-2017,
OPTSTK,TCS,28-Dec-2017,2050,PE,0,0,0,0.5,0,0,0,0,0,19-DEC-2017,
OPTSTK,TCS,28-Dec-2017,2100,PE,0,0,0,1.1,0,0,0,0,0,19-DEC-2017,
OPTSTK,TCS,28-Dec-2017,2150,PE,0,0,0,2.4,0,0,0,0,0,19-DEC-2017,
OPTSTK,TCS,28-Dec-2017,2200,PE,0,0,0,4.7,0,0,0,0,0,19-DEC-2017,
OPTSTK,TCS,28-Dec-2017,2250,PE,0,0,0,8.6,0,0,0,0,0,19-DEC-2017,
OPTSTK,TCS,28-Dec-2017,2300,PE,0,0,0,14.8,0.05,0,0,0,0,19-DEC-2017,
OPTSTK,TCS,28-Dec-2017,2350,PE,0,0,0,1.7,0.1,0,0,250,0,19-DEC-2017,
OPTSTK,TCS,28-Dec-2017,2400,PE,2.4,2.4,1.3,1.45,1.45,21,126.08,27500,-1000,19-DEC-2017,
OPTSTK,TCS,28-Dec-2017,2450,PE,3.7,4.25,2.5,2.95,2.95,299,1833.65,67750,8000,19-DEC-2017,
OPTSTK,TCS,28-Dec-2017,2500,PE,8.85,9.05,5.25,6.45,6.45,479,3001.42,84000,9000,19-DEC-2017,
OPTSTK,TCS,28-Dec-2017,2550,PE,21.8,21.8,13.15,17.05,17.05,501,3214.12,60250,12000,19-DEC-2017,
OPTSTK,TCS,28-Dec-2017,2600,PE,41.25,45.05,29.2,40.75,40.75,227,1495.49,74500,-1500,19-DEC-2017,
OPTSTK,TCS,28-Dec-2017,2650,PE,80,80,66.85,71.2,71.2,3,20.42,31000,0,19-DEC-2017,
OPTSTK,TCS,28-Dec-2017,2700,PE,0,0,0,137,124.25,0,0,13750,0,19-DEC-2017,
OPTSTK,TCS,28-Dec-2017,2750,PE,0,0,0,117.4,171.5,0,0,5500,0,19-DEC-2017,
OPTSTK,TCS,28-Dec-2017,2800,PE,0,0,0,137,220.6,0,0,7500,0,19-DEC-2017,
OPTSTK,TCS,28-Dec-2017,2850,PE,0,0,0,336.05,270.35,0,0,0,0,19-DEC-2017,
OPTSTK,TCS,28-Dec-2017,2900,PE,0,0,0,382.7,320.2,0,0,0,0,19-DEC-2017,
OPTSTK,TCS,28-Dec-2017,2950,PE,0,0,0,430.25,370.15,0,0,0,0,19-DEC-2017,
OPTSTK,TCS,28-Dec-2017,3000,PE,0,0,0,478.4,420.05,0,0,0,0,19-DEC-2017,
OPTSTK,TCS,28-Dec-2017,3050,PE,0,0,0,527,470,0,0,0,0,19-DEC-2017,
OPTSTK,TCS,28-Dec-2017,3100,PE,0,0,0,575.85,519.9,0,0,0,0,19-DEC-2017,
OPTSTK,TCS,28-Dec-2017,3150,PE,0,0,0,624.85,569.8,0,0,0,0,19-DEC-2017,
OPTSTK,TCS,28-Dec-2017,3200,PE,0,0,0,673.95,619.75,0,0,0,0,19-DEC-2017,
OPTSTK,TCS,28-Dec-2017,3250,PE,0,0,0,723.1,669.65,0,0,0,0,19-DEC-2017,
OPTSTK,TCS,25-Jan-2018,1600,CE,0,0,0,963.95,985.75,0,0,0,0,19-DEC-2017,
OPTSTK,TCS,25-Jan-2018,1650,CE,0,0,0,914.75,936.05,0,0,0,0,19-DEC-2017,
OPTSTK,TCS,25-Jan-2018,1700,CE,0,0,0,865.55,886.4,0,0,0,0,19-DEC-2017,
OPTSTK,TCS,25-Jan-2018,1750,CE,0,0,0,816.3,836.7,0,0,0,0,19-DEC-2017,
OPTSTK,TCS,25-Jan-2018,1800,CE,0,0,0,767.1,787.05,0,0,0,0,19-DEC-2017,
OPTSTK,TCS,25-Jan-2018,1850,CE,0,0,0,717.9,737.35,0,0,0,0,19-DEC-2017,
OPTSTK,TCS,25-Jan-2018,1900,CE,0,0,0,668.65,687.7,0,0,0,0,19-DEC-2017,
OPTSTK,TCS,25-Jan-2018,1950,CE,0,0,0,619.45,638,0,0,0,0,19-DEC-2017,
OPTSTK,TCS,25-Jan-2018,2000,CE,0,0,0,570.25,588.35,0,0,0,0,19-DEC-2017,
OPTSTK,TCS,25-Jan-2018,2050,CE,0,0,0,521.1,538.65,0,0,0,0,19-DEC-2017,
OPTSTK,TCS,25-Jan-2018,2100,CE,0,0,0,472.05,489.05,0,0,0,0,19-DEC-2017,
OPTSTK,TCS,25-Jan-2018,2150,CE,0,0,0,423.2,439.5,0,0,0,0,19-DEC-2017,
OPTSTK,TCS,25-Jan-2018,2200,CE,0,0,0,374.8,390.1,0,0,0,0,19-DEC-2017,
OPTSTK,TCS,25-Jan-2018,2250,CE,0,0,0,327.2,341.2,0,0,0,0,19-DEC-2017,
OPTSTK,TCS,25-Jan-2018,2300,CE,0,0,0,280.95,293.15,0,0,0,0,19-DEC-2017,
OPTSTK,TCS,25-Jan-2018,2350,CE,0,0,0,236.65,246.55,0,0,0,0,19-DEC-2017,
OPTSTK,TCS,25-Jan-2018,2400,CE,0,0,0,195.1,202.35,0,0,0,0,19-DEC-2017,
OPTSTK,TCS,25-Jan-2018,2450,CE,0,0,0,157.15,161.45,0,0,0,0,19-DEC-2017,
OPTSTK,TCS,25-Jan-2018,2500,CE,0,0,0,123.25,124.85,0,0,0,0,19-DEC-2017,
OPTSTK,TCS,25-Jan-2018,2550,CE,0,0,0,94.1,93.3,0,0,0,0,19-DEC-2017,
OPTSTK,TCS,25-Jan-2018,2600,CE,77,77,70,70,70,4,26.73,22750,-1000,19-DEC-2017,
OPTSTK,TCS,25-Jan-2018,2650,CE,0,0,0,76,46.65,0,0,1750,0,19-DEC-2017,
OPTSTK,TCS,25-Jan-2018,2700,CE,38.05,40,36,36,36,17,116.36,11750,3500,19-DEC-2017,
OPTSTK,TCS,25-Jan-2018,2750,CE,27,28,27,28,28,2,13.88,2000,0,19-DEC-2017,
OPTSTK,TCS,25-Jan-2018,2800,CE,0,0,0,96.1,12.3,0,0,750,0,19-DEC-2017,
OPTSTK,TCS,25-Jan-2018,2850,CE,0,0,0,10.1,7.3,0,0,0,0,19-DEC-2017,
OPTSTK,TCS,25-Jan-2018,2900,CE,0,0,0,6.25,4.15,0,0,0,0,19-DEC-2017,
OPTSTK,TCS,25-Jan-2018,2950,CE,0,0,0,16,2.3,0,0,1250,0,19-DEC-2017,
OPTSTK,TCS,25-Jan-2018,3000,CE,0,0,0,2.2,1.2,0,0,0,0,19-DEC-2017,
OPTSTK,TCS,25-Jan-2018,3050,CE,0,0,0,1.25,0.6,0,0,0,0,19-DEC-2017,
OPTSTK,TCS,25-Jan-2018,3100,CE,0,0,0,0.7,0.3,0,0,0,0,19-DEC-2017,
OPTSTK,TCS,25-Jan-2018,3150,CE,0,0,0,0.4,0.15,0,0,0,0,19-DEC-2017,
OPTSTK,TCS,25-Jan-2018,3200,CE,0,0,0,0.2,0.1,0,0,0,0,19-DEC-2017,
OPTSTK,TCS,25-Jan-2018,3250,CE,0,0,0,0.1,0.05,0,0,0,0,19-DEC-2017,
OPTSTK,TCS,25-Jan-2018,1600,PE,0,0,0,0.05,0,0,0,0,0,19-DEC-2017,
OPTSTK,TCS,25-Jan-2018,1650,PE,0,0,0,0.05,0,0,0,0,0,19-DEC-2017,
OPTSTK,TCS,25-Jan-2018,1700,PE,0,0,0,0.05,0,0,0,0,0,19-DEC-2017,
OPTSTK,TCS,25-Jan-2018,1750,PE,0,0,0,0.05,0,0,0,0,0,19-DEC-2017,
OPTSTK,TCS,25-Jan-2018,1800,PE,0,0,0,0.05,0,0,0,0,0,19-DEC-2017,
OPTSTK,TCS,25-Jan-2018,1850,PE,0,0,0,0.05,0,0,0,0,0,19-DEC-2017,
OPTSTK,TCS,25-Jan-2018,1900,PE,0,0,0,0.05,0,0,0,0,0,19-DEC-2017,
OPTSTK,TCS,25-Jan-2018,1950,PE,0,0,0,0.05,0,0,0,0,0,19-DEC-2017,
OPTSTK,TCS,25-Jan-2018,2000,PE,0,0,0,0.05,0,0,0,0,0,19-DEC-2017,
OPTSTK,TCS,25-Jan-2018,2050,PE,0,0,0,0.1,0.05,0,0,0,0,19-DEC-2017,
OPTSTK,TCS,25-Jan-2018,2100,PE,0,0,0,0.25,0.05,0,0,0,0,19-DEC-2017,
OPTSTK,TCS,25-Jan-2018,2150,PE,0,0,0,0.65,0.2,0,0,0,0,19-DEC-2017,
OPTSTK,TCS,25-Jan-2018,2200,PE,0,0,0,1.45,0.5,0,0,0,0,19-DEC-2017,
OPTSTK,TCS,25-Jan-2018,2250,PE,0,0,0,6.85,1.25,0,0,2250,0,19-DEC-2017,
OPTSTK,TCS,25-Jan-2018,2300,PE,0,0,0,6,2.85,0,0,0,0,19-DEC-2017,
OPTSTK,TCS,25-Jan-2018,2350,PE,0,0,0,10.95,6,0,0,0,0,19-DEC-2017,
OPTSTK,TCS,25-Jan-2018,2400,PE,0,0,0,20,11.45,0,0,250,0,19-DEC-2017,
OPTSTK,TCS,25-Jan-2018,2450,PE,0,0,0,30.05,20.25,0,0,500,0,19-DEC-2017,
OPTSTK,TCS,25-Jan-2018,2500,PE,37.25,40.5,37.25,40.5,40.5,12,76.19,34250,250,19-DEC-2017,
OPTSTK,TCS,25-Jan-2018,2550,PE,0,0,0,50.2,51.4,0,0,5000,0,19-DEC-2017,
OPTSTK,TCS,25-Jan-2018,2600,PE,73,77,73,77,77,2,13.37,750,250,19-DEC-2017,
OPTSTK,TCS,25-Jan-2018,2650,PE,0,0,0,84,104.1,0,0,500,0,19-DEC-2017,
OPTSTK,TCS,25-Jan-2018,2700,PE,0,0,0,125,138.25,0,0,2000,0,19-DEC-2017,
OPTSTK,TCS,25-Jan-2018,2750,PE,0,0,0,191.95,176.8,0,0,0,0,19-DEC-2017,
OPTSTK,TCS,25-Jan-2018,2800,PE,0,0,0,233,218.8,0,0,0,0,19-DEC-2017,
OPTSTK,TCS,25-Jan-2018,2850,PE,0,0,0,276.55,263.45,0,0,0,0,19-DEC-2017,
OPTSTK,TCS,25-Jan-2018,2900,PE,0,0,0,321.95,310,0,0,0,0,19-DEC-2017,
OPTSTK,TCS,25-Jan-2018,2950,PE,0,0,0,368.65,357.8,0,0,0,0,19-DEC-2017,
OPTSTK,TCS,25-Jan-2018,3000,PE,0,0,0,416.3,406.4,0,0,0,0,19-DEC-2017,
OPTSTK,TCS,25-Jan-2018,3050,PE,0,0,0,464.6,455.5,0,0,0,0,19-DEC-2017,
OPTSTK,TCS,25-Jan-2018,3100,PE,0,0,0,513.25,504.85,0,0,0,0,19-DEC-2017,
OPTSTK,TCS,25-Jan-2018,3150,PE,0,0,0,562.15,554.35,0,0,0,0,19-DEC-2017,
OPTSTK,TCS,25-Jan-2018,3200,PE,0,0,0,611.2,603.95,0,0,0,0,19-DEC-2017,
OPTSTK,TCS,25-Jan-2018,3250,PE,0,0,0,660.3,653.6,0,0,0,0,19-DEC-2017,
OPTSTK,TCS,22-Feb-2018,1650,CE,0,0,0,1011.05,944.15,0,0,0,0,19-DEC-2017,
OPTSTK,TCS,22-Feb-2018,1700,CE,0,0,0,961.8,894.7,0,0,0,0,19-DEC-2017,
OPTSTK,TCS,22-Feb-2018,1750,CE,0,0,0,912.55,845.3,0,0,0,0,19-DEC-2017,
OPTSTK,TCS,22-Feb-2018,1800,CE,0,0,0,863.25,795.85,0,0,0,0,19-DEC-2017,
OPTSTK,TCS,22-Feb-2018,1850,CE,0,0,0,814,746.4,0,0,0,0,19-DEC-2017,
OPTSTK,TCS,22-Feb-2018,1900,CE,0,0,0,764.7,697,0,0,0,0,19-DEC-2017,
OPTSTK,TCS,22-Feb-2018,1950,CE,0,0,0,715.45,647.6,0,0,0,0,19-DEC-2017,
OPTSTK,TCS,22-Feb-2018,2000,CE,0,0,0,666.2,598.25,0,0,0,0,19-DEC-2017,
OPTSTK,TCS,22-Feb-2018,2050,CE,0,0,0,616.95,549,0,0,0,0,19-DEC-2017,
OPTSTK,TCS,22-Feb-2018,2100,CE,0,0,0,567.75,499.95,0,0,0,0,19-DEC-2017,
OPTSTK,TCS,22-Feb-2018,2150,CE,0,0,0,518.7,451.25,0,0,0,0,19-DEC-2017,
OPTSTK,TCS,22-Feb-2018,2200,CE,0,0,0,469.85,403.15,0,0,0,0,19-DEC-2017,
OPTSTK,TCS,22-Feb-2018,2250,CE,0,0,0,421.4,356.1,0,0,0,0,19-DEC-2017,
OPTSTK,TCS,22-Feb-2018,2300,CE,0,0,0,373.7,310.45,0,0,0,0,19-DEC-2017,
OPTSTK,TCS,22-Feb-2018,2350,CE,0,0,0,327.1,266.75,0,0,0,0,19-DEC-2017,
OPTSTK,TCS,22-Feb-2018,2400,CE,0,0,0,282.2,225.65,0,0,0,0,19-DEC-2017,
OPTSTK,TCS,22-Feb-2018,2450,CE,0,0,0,239.5,187.7,0,0,0,0,19-DEC-2017,
OPTSTK,TCS,22-Feb-2018,2500,CE,0,0,0,199.65,153.2,0,0,0,0,19-DEC-2017,
OPTSTK,TCS,22-Feb-2018,2550,CE,0,0,0,163.25,122.75,0,0,0,0,19-DEC-2017,
OPTSTK,TCS,22-Feb-2018,2600,CE,0,0,0,130.8,96.45,0,0,0,0,19-DEC-2017,
OPTSTK,TCS,22-Feb-2018,2650,CE,0,0,0,102.6,74.25,0,0,0,0,19-DEC-2017,
OPTSTK,TCS,22-Feb-2018,2700,CE,0,0,0,78.7,56,0,0,0,0,19-DEC-2017,
OPTSTK,TCS,22-Feb-2018,2750,CE,0,0,0,59,41.4,0,0,0,0,19-DEC-2017,
OPTSTK,TCS,22-Feb-2018,2800,CE,0,0,0,43.25,30,0,0,0,0,19-DEC-2017,
OPTSTK,TCS,22-Feb-2018,2850,CE,0,0,0,31,21.3,0,0,0,0,19-DEC-2017,
OPTSTK,TCS,22-Feb-2018,2900,CE,0,0,0,21.75,14.85,0,0,0,0,19-DEC-2017,
OPTSTK,TCS,22-Feb-2018,2950,CE,0,0,0,14.9,10.1,0,0,0,0,19-DEC-2017,
OPTSTK,TCS,22-Feb-2018,3000,CE,0,0,0,9.95,6.75,0,0,0,0,19-DEC-2017,
OPTSTK,TCS,22-Feb-2018,3050,CE,0,0,0,6.5,4.45,0,0,0,0,19-DEC-2017,
OPTSTK,TCS,22-Feb-2018,3100,CE,0,0,0,4.2,2.85,0,0,0,0,19-DEC-2017,
OPTSTK,TCS,22-Feb-2018,3150,CE,0,0,0,2.65,1.8,0,0,0,0,19-DEC-2017,
OPTSTK,TCS,22-Feb-2018,3200,CE,0,0,0,1.6,1.15,0,0,0,0,19-DEC-2017,
OPTSTK,TCS,22-Feb-2018,3250,CE,0,0,0,1,0.7,0,0,0,0,19-DEC-2017,
OPTSTK,TCS,22-Feb-2018,1650,PE,0,0,0,0.05,0,0,0,0,0,19-DEC-2017,
OPTSTK,TCS,22-Feb-2018,1700,PE,0,0,0,0.05,0,0,0,0,0,19-DEC-2017,
OPTSTK,TCS,22-Feb-2018,1750,PE,0,0,0,0.05,0,0,0,0,0,19-DEC-2017,
OPTSTK,TCS,22-Feb-2018,1800,PE,0,0,0,0.05,0,0,0,0,0,19-DEC-2017,
OPTSTK,TCS,22-Feb-2018,1850,PE,0,0,0,0.05,0,0,0,0,0,19-DEC-2017,
OPTSTK,TCS,22-Feb-2018,1900,PE,0,0,0,0.05,0.05,0,0,0,0,19-DEC-2017,
OPTSTK,TCS,22-Feb-2018,1950,PE,0,0,0,0.05,0.05,0,0,0,0,19-DEC-2017,
OPTSTK,TCS,22-Feb-2018,2000,PE,0,0,0,0.05,0.15,0,0,0,0,19-DEC-2017,
OPTSTK,TCS,22-Feb-2018,2050,PE,0,0,0,0.05,0.3,0,0,0,0,19-DEC-2017,
OPTSTK,TCS,22-Feb-2018,2100,PE,0,0,0,0.15,0.7,0,0,0,0,19-DEC-2017,
OPTSTK,TCS,22-Feb-2018,2150,PE,0,0,0,0.35,1.4,0,0,0,0,19-DEC-2017,
OPTSTK,TCS,22-Feb-2018,2200,PE,0,0,0,0.75,2.8,0,0,0,0,19-DEC-2017,
OPTSTK,TCS,22-Feb-2018,2250,PE,0,0,0,1.6,5.15,0,0,0,0,19-DEC-2017,
OPTSTK,TCS,22-Feb-2018,2300,PE,0,0,0,3.2,8.9,0,0,0,0,19-DEC-2017,
OPTSTK,TCS,22-Feb-2018,2350,PE,0,0,0,5.85,14.65,0,0,0,0,19-DEC-2017,
OPTSTK,TCS,22-Feb-2018,2400,PE,0,0,0,10.2,22.95,0,0,0,0,19-DEC-2017,
OPTSTK,TCS,22-Feb-2018,2450,PE,0,0,0,16.8,34.45,0,0,0,0,19-DEC-2017,
OPTSTK,TCS,22-Feb-2018,2500,PE,0,0,0,26.2,49.4,0,0,0,0,19-DEC-2017,
OPTSTK,TCS,22-Feb-2018,2550,PE,0,0,0,39.1,68.35,0,0,0,0,19-DEC-2017,
OPTSTK,TCS,22-Feb-2018,2600,PE,0,0,0,55.9,91.5,0,0,0,0,19-DEC-2017,
OPTSTK,TCS,22-Feb-2018,2650,PE,0,0,0,76.95,118.75,0,0,0,0,19-DEC-2017,
OPTSTK,TCS,22-Feb-2018,2700,PE,0,0,0,102.35,149.95,0,0,0,0,19-DEC-2017,
OPTSTK,TCS,22-Feb-2018,2750,PE,0,0,0,131.9,184.75,0,0,0,0,19-DEC-2017,
OPTSTK,TCS,22-Feb-2018,2800,PE,0,0,0,165.45,222.8,0,0,0,0,19-DEC-2017,
OPTSTK,TCS,22-Feb-2018,2850,PE,0,0,0,202.5,263.5,0,0,0,0,19-DEC-2017,
OPTSTK,TCS,22-Feb-2018,2900,PE,0,0,0,242.45,306.45,0,0,0,0,19-DEC-2017,
OPTSTK,TCS,22-Feb-2018,2950,PE,0,0,0,284.9,351.2,0,0,0,0,19-DEC-2017,
OPTSTK,TCS,22-Feb-2018,3000,PE,0,0,0,329.25,397.25,0,0,0,0,19-DEC-2017,
OPTSTK,TCS,22-Feb-2018,3050,PE,0,0,0,375.05,444.35,0,0,0,0,19-DEC-2017,
OPTSTK,TCS,22-Feb-2018,3100,PE,0,0,0,422,492.2,0,0,0,0,19-DEC-2017,
OPTSTK,TCS,22-Feb-2018,3150,PE,0,0,0,469.7,540.6,0,0,0,0,19-DEC-2017,
OPTSTK,TCS,22-Feb-2018,3200,PE,0,0,0,518,589.35,0,0,0,0,19-DEC-2017,
OPTSTK,TCS,22-Feb-2018,3250,PE,0,0,0,566.6,638.35,0,0,0,0,19-DEC-2017,
OPTSTK,TECHM,28-Dec-2017,280,CE,0,0,0,178.85,215.8,0,0,0,0,19-DEC-2017,
OPTSTK,TECHM,28-Dec-2017,290,CE,0,0,0,169,205.8,0,0,0,0,19-DEC-2017,
OPTSTK,TECHM,28-Dec-2017,300,CE,0,0,0,159.15,195.85,0,0,0,0,19-DEC-2017,
OPTSTK,TECHM,28-Dec-2017,310,CE,0,0,0,149.3,185.85,0,0,0,0,19-DEC-2017,
OPTSTK,TECHM,28-Dec-2017,320,CE,0,0,0,139.45,175.85,0,0,0,0,19-DEC-2017,
OPTSTK,TECHM,28-Dec-2017,330,CE,0,0,0,129.65,165.9,0,0,0,0,19-DEC-2017,
OPTSTK,TECHM,28-Dec-2017,340,CE,0,0,0,119.85,155.9,0,0,0,0,19-DEC-2017,
OPTSTK,TECHM,28-Dec-2017,350,CE,0,0,0,110.15,145.9,0,0,0,0,19-DEC-2017,
OPTSTK,TECHM,28-Dec-2017,360,CE,0,0,0,100.5,135.95,0,0,0,0,19-DEC-2017,
OPTSTK,TECHM,28-Dec-2017,370,CE,0,0,0,91,125.95,0,0,0,0,19-DEC-2017,
OPTSTK,TECHM,28-Dec-2017,380,CE,0,0,0,81.7,115.95,0,0,0,0,19-DEC-2017,
OPTSTK,TECHM,28-Dec-2017,390,CE,0,0,0,72.65,106,0,0,0,0,19-DEC-2017,
OPTSTK,TECHM,28-Dec-2017,400,CE,0,0,0,91,96,0,0,2200,0,19-DEC-2017,
OPTSTK,TECHM,28-Dec-2017,410,CE,0,0,0,55.7,86,0,0,0,0,19-DEC-2017,
OPTSTK,TECHM,28-Dec-2017,420,CE,0,0,0,47.95,76.05,0,0,0,0,19-DEC-2017,
OPTSTK,TECHM,28-Dec-2017,430,CE,0,0,0,40.8,66.1,0,0,0,0,19-DEC-2017,
OPTSTK,TECHM,28-Dec-2017,440,CE,0,0,0,52.9,56.2,0,0,1100,0,19-DEC-2017,
OPTSTK,TECHM,28-Dec-2017,450,CE,0,0,0,46,46.55,0,0,3300,0,19-DEC-2017,
OPTSTK,TECHM,28-Dec-2017,460,CE,41,41,41,41,41,1,5.51,4400,0,19-DEC-2017,
OPTSTK,TECHM,28-Dec-2017,470,CE,29,29,29,29,29,1,5.48,55000,-1100,19-DEC-2017,
OPTSTK,TECHM,28-Dec-2017,480,CE,20,20,20,20,20,1,5.5,60500,0,19-DEC-2017,
OPTSTK,TECHM,28-Dec-2017,490,CE,13,15.5,12.1,12.1,12.1,27,149.79,89100,0,19-DEC-2017,
OPTSTK,TECHM,28-Dec-2017,500,CE,8,9.85,7,7.4,7.4,308,1721.4,236500,22000,19-DEC-2017,
OPTSTK,TECHM,28-Dec-2017,510,CE,4.85,5.85,4.1,4.25,4.25,322,1823.37,314600,53900,19-DEC-2017,
OPTSTK,TECHM,28-Dec-2017,520,CE,3.1,3.5,2.3,2.45,2.45,291,1673.51,501600,-3300,19-DEC-2017,
OPTSTK,TECHM,28-Dec-2017,530,CE,1.9,2.05,1.3,1.45,1.45,59,345.03,240900,5500,19-DEC-2017,
OPTSTK,TECHM,28-Dec-2017,540,CE,1.4,1.4,0.8,0.85,0.85,63,374.96,136400,42900,19-DEC-2017,
OPTSTK,TECHM,28-Dec-2017,550,CE,0.75,0.8,0.6,0.6,0.6,26,157.5,75900,-1100,19-DEC-2017,
OPTSTK,TECHM,28-Dec-2017,560,CE,0,0,0,0.85,0.2,0,0,36300,0,19-DEC-2017,
OPTSTK,TECHM,28-Dec-2017,570,CE,0,0,0,0.5,0.1,0,0,9900,0,19-DEC-2017,
OPTSTK,TECHM,28-Dec-2017,580,CE,0,0,0,0.6,0.05,0,0,2200,0,19-DEC-2017,
OPTSTK,TECHM,28-Dec-2017,590,CE,0,0,0,0.4,0.05,0,0,1100,0,19-DEC-2017,
OPTSTK,TECHM,28-Dec-2017,600,CE,0,0,0,0.45,0,0,0,0,0,19-DEC-2017,
OPTSTK,TECHM,28-Dec-2017,280,PE,0,0,0,0.05,0,0,0,0,0,19-DEC-2017,
OPTSTK,TECHM,28-Dec-2017,290,PE,0,0,0,0.05,0,0,0,0,0,19-DEC-2017,
OPTSTK,TECHM,28-Dec-2017,300,PE,0,0,0,0.05,0,0,0,0,0,19-DEC-2017,
OPTSTK,TECHM,28-Dec-2017,310,PE,0,0,0,0.05,0,0,0,0,0,19-DEC-2017,
OPTSTK,TECHM,28-Dec-2017,320,PE,0,0,0,0.05,0,0,0,0,0,19-DEC-2017,
OPTSTK,TECHM,28-Dec-2017,330,PE,0,0,0,0.05,0,0,0,0,0,19-DEC-2017,
OPTSTK,TECHM,28-Dec-2017,340,PE,0,0,0,0.15,0,0,0,0,0,19-DEC-2017,
OPTSTK,TECHM,28-Dec-2017,350,PE,0.1,0.1,0.1,0.1,0.1,1,3.85,1100,1100,19-DEC-2017,
OPTSTK,TECHM,28-Dec-2017,360,PE,0,0,0,0.45,0,0,0,0,0,19-DEC-2017,
OPTSTK,TECHM,28-Dec-2017,370,PE,0,0,0,0.8,0,0,0,0,0,19-DEC-2017,
OPTSTK,TECHM,28-Dec-2017,380,PE,0,0,0,1.3,0,0,0,0,0,19-DEC-2017,
OPTSTK,TECHM,28-Dec-2017,390,PE,0,0,0,2.15,0,0,0,0,0,19-DEC-2017,
OPTSTK,TECHM,28-Dec-2017,400,PE,0,0,0,0.5,0,0,0,2200,0,19-DEC-2017,
OPTSTK,TECHM,28-Dec-2017,410,PE,0.15,0.15,0.15,0.15,0.15,1,4.51,27500,0,19-DEC-2017,
OPTSTK,TECHM,28-Dec-2017,420,PE,0,0,0,0.85,0.05,0,0,14300,0,19-DEC-2017,
OPTSTK,TECHM,28-Dec-2017,430,PE,0,0,0,0.9,0.05,0,0,69300,0,19-DEC-2017,
OPTSTK,TECHM,28-Dec-2017,440,PE,0,0,0,1.1,0.2,0,0,80300,0,19-DEC-2017,
OPTSTK,TECHM,28-Dec-2017,450,PE,1,1,0.55,0.55,0.55,20,99.15,48400,2200,19-DEC-2017,
OPTSTK,TECHM,28-Dec-2017,460,PE,1.2,1.2,0.75,0.85,0.85,47,238.33,123200,4400,19-DEC-2017,
OPTSTK,TECHM,28-Dec-2017,470,PE,1.8,1.8,1.35,1.45,1.45,34,176.36,121000,2200,19-DEC-2017,
OPTSTK,TECHM,28-Dec-2017,480,PE,3.05,3.25,2.45,2.65,2.65,121,642.59,202400,-3300,19-DEC-2017,
OPTSTK,TECHM,28-Dec-2017,490,PE,5.5,6,4.5,5.35,5.35,115,626.75,203500,-30800,19-DEC-2017,
OPTSTK,TECHM,28-Dec-2017,500,PE,10.45,11.2,8.6,10.3,10.3,72,403.77,82500,-13200,19-DEC-2017,
OPTSTK,TECHM,28-Dec-2017,510,PE,15,17.1,14.9,17.1,17.1,15,86.74,29700,-5500,19-DEC-2017,
OPTSTK,TECHM,28-Dec-2017,520,PE,25.45,25.45,25.45,25.45,25.45,1,5.99,17600,1100,19-DEC-2017,
OPTSTK,TECHM,28-Dec-2017,530,PE,0,0,0,21,35.6,0,0,1100,0,19-DEC-2017,
OPTSTK,TECHM,28-Dec-2017,540,PE,0,0,0,80.2,44.7,0,0,0,0,19-DEC-2017,
OPTSTK,TECHM,28-Dec-2017,550,PE,0,0,0,89.25,54.2,0,0,0,0,19-DEC-2017,
OPTSTK,TECHM,28-Dec-2017,560,PE,0,0,0,98.5,63.95,0,0,0,0,19-DEC-2017,
OPTSTK,TECHM,28-Dec-2017,570,PE,0,0,0,107.85,73.85,0,0,0,0,19-DEC-2017,
OPTSTK,TECHM,28-Dec-2017,580,PE,0,0,0,117.4,83.8,0,0,0,0,19-DEC-2017,
OPTSTK,TECHM,28-Dec-2017,590,PE,0,0,0,127,93.75,0,0,0,0,19-DEC-2017,
OPTSTK,TECHM,28-Dec-2017,600,PE,0,0,0,136.65,103.75,0,0,0,0,19-DEC-2017,
OPTSTK,TECHM,25-Jan-2018,300,CE,0,0,0,182,197.3,0,0,0,0,19-DEC-2017,
OPTSTK,TECHM,25-Jan-2018,310,CE,0,0,0,172.15,187.4,0,0,0,0,19-DEC-2017,
OPTSTK,TECHM,25-Jan-2018,320,CE,0,0,0,162.35,177.45,0,0,0,0,19-DEC-2017,
OPTSTK,TECHM,25-Jan-2018,330,CE,0,0,0,152.55,167.5,0,0,0,0,19-DEC-2017,
OPTSTK,TECHM,25-Jan-2018,340,CE,0,0,0,142.75,157.6,0,0,0,0,19-DEC-2017,
OPTSTK,TECHM,25-Jan-2018,350,CE,0,0,0,133.05,147.65,0,0,0,0,19-DEC-2017,
OPTSTK,TECHM,25-Jan-2018,360,CE,0,0,0,123.4,137.75,0,0,0,0,19-DEC-2017,
OPTSTK,TECHM,25-Jan-2018,370,CE,0,0,0,113.9,127.85,0,0,0,0,19-DEC-2017,
OPTSTK,TECHM,25-Jan-2018,380,CE,0,0,0,104.55,118,0,0,0,0,19-DEC-2017,
OPTSTK,TECHM,25-Jan-2018,390,CE,0,0,0,95.35,108.2,0,0,0,0,19-DEC-2017,
OPTSTK,TECHM,25-Jan-2018,400,CE,0,0,0,86.45,98.5,0,0,0,0,19-DEC-2017,
OPTSTK,TECHM,25-Jan-2018,410,CE,0,0,0,77.85,88.95,0,0,0,0,19-DEC-2017,
OPTSTK,TECHM,25-Jan-2018,420,CE,0,0,0,69.65,79.65,0,0,0,0,19-DEC-2017,
OPTSTK,TECHM,25-Jan-2018,430,CE,0,0,0,61.85,70.6,0,0,0,0,19-DEC-2017,
OPTSTK,TECHM,25-Jan-2018,440,CE,0,0,0,54.5,61.95,0,0,0,0,19-DEC-2017,
OPTSTK,TECHM,25-Jan-2018,450,CE,0,0,0,47.65,53.75,0,0,0,0,19-DEC-2017,
OPTSTK,TECHM,25-Jan-2018,460,CE,0,0,0,41.35,46.15,0,0,0,0,19-DEC-2017,
OPTSTK,TECHM,25-Jan-2018,470,CE,35,35,35,35,35,1,6.06,1200,1200,19-DEC-2017,
OPTSTK,TECHM,25-Jan-2018,480,CE,0,0,0,30.45,32.65,0,0,0,0,19-DEC-2017,
OPTSTK,TECHM,25-Jan-2018,490,CE,0,0,0,25.8,27,0,0,0,0,19-DEC-2017,
OPTSTK,TECHM,25-Jan-2018,500,CE,17.2,17.2,17.2,17.2,17.2,1,6.2,1200,1200,19-DEC-2017,
OPTSTK,TECHM,25-Jan-2018,510,CE,0,0,0,18.15,17.7,0,0,0,0,19-DEC-2017,
OPTSTK,TECHM,25-Jan-2018,520,CE,0,0,0,15.05,14.05,0,0,0,0,19-DEC-2017,
OPTSTK,TECHM,25-Jan-2018,530,CE,0,0,0,12.4,11,0,0,0,0,19-DEC-2017,
OPTSTK,TECHM,25-Jan-2018,540,CE,0,0,0,10.15,8.55,0,0,0,0,19-DEC-2017,
OPTSTK,TECHM,25-Jan-2018,550,CE,0,0,0,8.25,6.5,0,0,0,0,19-DEC-2017,
OPTSTK,TECHM,25-Jan-2018,560,CE,0,0,0,5,4.9,0,0,1200,0,19-DEC-2017,
OPTSTK,TECHM,25-Jan-2018,570,CE,0,0,0,5,3.65,0,0,1200,0,19-DEC-2017,
OPTSTK,TECHM,25-Jan-2018,580,CE,0,0,0,4.25,2.7,0,0,0,0,19-DEC-2017,
OPTSTK,TECHM,25-Jan-2018,590,CE,0,0,0,3.35,1.95,0,0,0,0,19-DEC-2017,
OPTSTK,TECHM,25-Jan-2018,600,CE,0,0,0,2.65,1.4,0,0,0,0,19-DEC-2017,
OPTSTK,TECHM,25-Jan-2018,300,PE,0,0,0,0.05,0,0,0,0,0,19-DEC-2017,
OPTSTK,TECHM,25-Jan-2018,310,PE,0,0,0,0.05,0,0,0,0,0,19-DEC-2017,
OPTSTK,TECHM,25-Jan-2018,320,PE,0,0,0,0.05,0,0,0,0,0,19-DEC-2017,
OPTSTK,TECHM,25-Jan-2018,330,PE,0,0,0,0.1,0,0,0,0,0,19-DEC-2017,
OPTSTK,TECHM,25-Jan-2018,340,PE,0,0,0,0.2,0.05,0,0,0,0,19-DEC-2017,
OPTSTK,TECHM,25-Jan-2018,350,PE,0,0,0,0.3,0.05,0,0,0,0,19-DEC-2017,
OPTSTK,TECHM,25-Jan-2018,360,PE,0,0,0,0.5,0.05,0,0,0,0,19-DEC-2017,
OPTSTK,TECHM,25-Jan-2018,370,PE,0,0,0,0.85,0.1,0,0,0,0,19-DEC-2017,
OPTSTK,TECHM,25-Jan-2018,380,PE,0,0,0,1.3,0.15,0,0,0,0,19-DEC-2017,
OPTSTK,TECHM,25-Jan-2018,390,PE,0,0,0,2,0.3,0,0,0,0,19-DEC-2017,
OPTSTK,TECHM,25-Jan-2018,400,PE,0,0,0,2.95,0.55,0,0,0,0,19-DEC-2017,
OPTSTK,TECHM,25-Jan-2018,410,PE,0,0,0,4.2,0.95,0,0,0,0,19-DEC-2017,
OPTSTK,TECHM,25-Jan-2018,420,PE,0,0,0,5.8,1.55,0,0,0,0,19-DEC-2017,
OPTSTK,TECHM,25-Jan-2018,430,PE,0,0,0,7.85,2.45,0,0,0,0,19-DEC-2017,
OPTSTK,TECHM,25-Jan-2018,440,PE,0,0,0,10.35,3.75,0,0,0,0,19-DEC-2017,
OPTSTK,TECHM,25-Jan-2018,450,PE,0,0,0,13.35,5.5,0,0,0,0,19-DEC-2017,
OPTSTK,TECHM,25-Jan-2018,460,PE,0,0,0,16.9,7.8,0,0,0,0,19-DEC-2017,
OPTSTK,TECHM,25-Jan-2018,470,PE,0,0,0,5.5,10.65,0,0,15600,0,19-DEC-2017,
OPTSTK,TECHM,25-Jan-2018,480,PE,0,0,0,8.8,14.2,0,0,52800,0,19-DEC-2017,
OPTSTK,TECHM,25-Jan-2018,490,PE,13.25,14,13.25,13.5,13.5,14,84.56,6000,6000,19-DEC-2017,
OPTSTK,TECHM,25-Jan-2018,500,PE,18,18,18,18,18,2,12.43,2400,1200,19-DEC-2017,
OPTSTK,TECHM,25-Jan-2018,510,PE,0,0,0,42.9,29,0,0,0,0,19-DEC-2017,
OPTSTK,TECHM,25-Jan-2018,520,PE,0,0,0,49.65,35.3,0,0,0,0,19-DEC-2017,
OPTSTK,TECHM,25-Jan-2018,530,PE,0,0,0,56.85,42.2,0,0,0,0,19-DEC-2017,
OPTSTK,TECHM,25-Jan-2018,540,PE,0,0,0,64.45,49.65,0,0,0,0,19-DEC-2017,
OPTSTK,TECHM,25-Jan-2018,550,PE,0,0,0,72.35,57.55,0,0,0,0,19-DEC-2017,
OPTSTK,TECHM,25-Jan-2018,560,PE,0,0,0,80.6,65.9,0,0,0,0,19-DEC-2017,
OPTSTK,TECHM,25-Jan-2018,570,PE,0,0,0,89.15,74.6,0,0,0,0,19-DEC-2017,
OPTSTK,TECHM,25-Jan-2018,580,PE,0,0,0,97.9,83.55,0,0,0,0,19-DEC-2017,
OPTSTK,TECHM,25-Jan-2018,590,PE,0,0,0,106.85,92.8,0,0,0,0,19-DEC-2017,
OPTSTK,TECHM,25-Jan-2018,600,PE,0,0,0,116,102.15,0,0,0,0,19-DEC-2017,
OPTSTK,TECHM,22-Feb-2018,310,CE,0,0,0,183.8,188.9,0,0,0,0,19-DEC-2017,
OPTSTK,TECHM,22-Feb-2018,320,CE,0,0,0,174,179.05,0,0,0,0,19-DEC-2017,
OPTSTK,TECHM,22-Feb-2018,330,CE,0,0,0,164.2,169.2,0,0,0,0,19-DEC-2017,
OPTSTK,TECHM,22-Feb-2018,340,CE,0,0,0,154.4,159.35,0,0,0,0,19-DEC-2017,
OPTSTK,TECHM,22-Feb-2018,350,CE,0,0,0,144.7,149.55,0,0,0,0,19-DEC-2017,
OPTSTK,TECHM,22-Feb-2018,360,CE,0,0,0,135.05,139.8,0,0,0,0,19-DEC-2017,
OPTSTK,TECHM,22-Feb-2018,370,CE,0,0,0,125.5,130.15,0,0,0,0,19-DEC-2017,
OPTSTK,TECHM,22-Feb-2018,380,CE,0,0,0,116.1,120.6,0,0,0,0,19-DEC-2017,
OPTSTK,TECHM,22-Feb-2018,390,CE,0,0,0,106.85,111.2,0,0,0,0,19-DEC-2017,
OPTSTK,TECHM,22-Feb-2018,400,CE,0,0,0,97.85,102,0,0,0,0,19-DEC-2017,
OPTSTK,TECHM,22-Feb-2018,410,CE,0,0,0,89.15,93,0,0,0,0,19-DEC-2017,
OPTSTK,TECHM,22-Feb-2018,420,CE,0,0,0,80.7,84.35,0,0,0,0,19-DEC-2017,
OPTSTK,TECHM,22-Feb-2018,430,CE,0,0,0,72.7,76,0,0,0,0,19-DEC-2017,
OPTSTK,TECHM,22-Feb-2018,440,CE,0,0,0,65.05,68.05,0,0,0,0,19-DEC-2017,
OPTSTK,TECHM,22-Feb-2018,450,CE,0,0,0,57.85,60.55,0,0,0,0,19-DEC-2017,
OPTSTK,TECHM,22-Feb-2018,460,CE,0,0,0,51.1,53.5,0,0,0,0,19-DEC-2017,
OPTSTK,TECHM,22-Feb-2018,470,CE,0,0,0,44.9,46.95,0,0,0,0,19-DEC-2017,
OPTSTK,TECHM,22-Feb-2018,480,CE,0,0,0,39.2,40.95,0,0,0,0,19-DEC-2017,
OPTSTK,TECHM,22-Feb-2018,490,CE,0,0,0,34,35.45,0,0,0,0,19-DEC-2017,
OPTSTK,TECHM,22-Feb-2018,500,CE,0,0,0,29.3,30.5,0,0,0,0,19-DEC-2017,
OPTSTK,TECHM,22-Feb-2018,510,CE,0,0,0,25.1,26.05,0,0,0,0,19-DEC-2017,
OPTSTK,TECHM,22-Feb-2018,520,CE,0,0,0,21.4,22.1,0,0,0,0,19-DEC-2017,
OPTSTK,TECHM,22-Feb-2018,530,CE,0,0,0,18.1,18.65,0,0,0,0,19-DEC-2017,
OPTSTK,TECHM,22-Feb-2018,540,CE,0,0,0,15.25,15.6,0,0,0,0,19-DEC-2017,
OPTSTK,TECHM,22-Feb-2018,550,CE,0,0,0,12.75,13,0,0,0,0,19-DEC-2017,
OPTSTK,TECHM,22-Feb-2018,560,CE,0,0,0,10.6,10.8,0,0,0,0,19-DEC-2017,
OPTSTK,TECHM,22-Feb-2018,570,CE,0,0,0,8.8,8.85,0,0,0,0,19-DEC-2017,
OPTSTK,TECHM,22-Feb-2018,580,CE,0,0,0,7.25,7.25,0,0,0,0,19-DEC-2017,
OPTSTK,TECHM,22-Feb-2018,590,CE,0,0,0,5.95,5.9,0,0,0,0,19-DEC-2017,
OPTSTK,TECHM,22-Feb-2018,600,CE,0,0,0,4.85,4.75,0,0,0,0,19-DEC-2017,
OPTSTK,TECHM,22-Feb-2018,310,PE,0,0,0,0.05,0.05,0,0,0,0,19-DEC-2017,
OPTSTK,TECHM,22-Feb-2018,320,PE,0,0,0,0.05,0.05,0,0,0,0,19-DEC-2017,
OPTSTK,TECHM,22-Feb-2018,330,PE,0,0,0,0.1,0.05,0,0,0,0,19-DEC-2017,
OPTSTK,TECHM,22-Feb-2018,340,PE,0,0,0,0.2,0.15,0,0,0,0,19-DEC-2017,
OPTSTK,TECHM,22-Feb-2018,350,PE,0,0,0,0.35,0.2,0,0,0,0,19-DEC-2017,
OPTSTK,TECHM,22-Feb-2018,360,PE,0,0,0,0.55,0.35,0,0,0,0,19-DEC-2017,
OPTSTK,TECHM,22-Feb-2018,370,PE,0,0,0,0.85,0.55,0,0,0,0,19-DEC-2017,
OPTSTK,TECHM,22-Feb-2018,380,PE,0,0,0,1.3,0.9,0,0,0,0,19-DEC-2017,
OPTSTK,TECHM,22-Feb-2018,390,PE,0,0,0,1.95,1.4,0,0,0,0,19-DEC-2017,
OPTSTK,TECHM,22-Feb-2018,400,PE,0,0,0,2.8,2.05,0,0,0,0,19-DEC-2017,
OPTSTK,TECHM,22-Feb-2018,410,PE,0,0,0,3.9,3,0,0,0,0,19-DEC-2017,
OPTSTK,TECHM,22-Feb-2018,420,PE,0,0,0,5.35,4.2,0,0,0,0,19-DEC-2017,
OPTSTK,TECHM,22-Feb-2018,430,PE,0,0,0,7.15,5.75,0,0,0,0,19-DEC-2017,
OPTSTK,TECHM,22-Feb-2018,440,PE,0,0,0,9.4,7.7,0,0,0,0,19-DEC-2017,
OPTSTK,TECHM,22-Feb-2018,450,PE,0,0,0,12.05,10.1,0,0,0,0,19-DEC-2017,
OPTSTK,TECHM,22-Feb-2018,460,PE,0,0,0,15.15,12.9,0,0,0,0,19-DEC-2017,
OPTSTK,TECHM,22-Feb-2018,470,PE,0,0,0,18.8,16.25,0,0,0,0,19-DEC-2017,
OPTSTK,TECHM,22-Feb-2018,480,PE,0,0,0,22.95,20.1,0,0,0,0,19-DEC-2017,
OPTSTK,TECHM,22-Feb-2018,490,PE,0,0,0,27.6,24.5,0,0,0,0,19-DEC-2017,
OPTSTK,TECHM,22-Feb-2018,500,PE,0,0,0,32.75,29.45,0,0,0,0,19-DEC-2017,
OPTSTK,TECHM,22-Feb-2018,510,PE,0,0,0,38.4,34.9,0,0,0,0,19-DEC-2017,
OPTSTK,TECHM,22-Feb-2018,520,PE,0,0,0,44.55,40.85,0,0,0,0,19-DEC-2017,
OPTSTK,TECHM,22-Feb-2018,530,PE,0,0,0,51.1,47.25,0,0,0,0,19-DEC-2017,
OPTSTK,TECHM,22-Feb-2018,540,PE,0,0,0,58.1,54.1,0,0,0,0,19-DEC-2017,
OPTSTK,TECHM,22-Feb-2018,550,PE,0,0,0,65.5,61.4,0,0,0,0,19-DEC-2017,
OPTSTK,TECHM,22-Feb-2018,560,PE,0,0,0,73.2,69.05,0,0,0,0,19-DEC-2017,
OPTSTK,TECHM,22-Feb-2018,570,PE,0,0,0,81.25,77,0,0,0,0,19-DEC-2017,
OPTSTK,TECHM,22-Feb-2018,580,PE,0,0,0,89.55,85.3,0,0,0,0,19-DEC-2017,
OPTSTK,TECHM,22-Feb-2018,590,PE,0,0,0,98.1,93.8,0,0,0,0,19-DEC-2017,
OPTSTK,TECHM,22-Feb-2018,600,PE,0,0,0,106.85,102.6,0,0,0,0,19-DEC-2017,
OPTSTK,TITAN,28-Dec-2017,380,CE,0,0,0,201.7,488.95,0,0,0,0,19-DEC-2017,
OPTSTK,TITAN,28-Dec-2017,390,CE,0,0,0,191.9,479,0,0,0,0,19-DEC-2017,
OPTSTK,TITAN,28-Dec-2017,400,CE,0,0,0,182.15,469,0,0,0,0,19-DEC-2017,
OPTSTK,TITAN,28-Dec-2017,410,CE,0,0,0,172.5,459,0,0,0,0,19-DEC-2017,
OPTSTK,TITAN,28-Dec-2017,420,CE,0,0,0,162.85,449,0,0,0,0,19-DEC-2017,
OPTSTK,TITAN,28-Dec-2017,430,CE,0,0,0,153.3,439.05,0,0,0,0,19-DEC-2017,
OPTSTK,TITAN,28-Dec-2017,440,CE,0,0,0,143.9,429.05,0,0,0,0,19-DEC-2017,
OPTSTK,TITAN,28-Dec-2017,450,CE,0,0,0,134.6,419.05,0,0,0,0,19-DEC-2017,
OPTSTK,TITAN,28-Dec-2017,460,CE,0,0,0,125.5,409.1,0,0,0,0,19-DEC-2017,
OPTSTK,TITAN,28-Dec-2017,470,CE,0,0,0,116.6,399.1,0,0,0,0,19-DEC-2017,
OPTSTK,TITAN,28-Dec-2017,480,CE,0,0,0,107.9,389.1,0,0,0,0,19-DEC-2017,
OPTSTK,TITAN,28-Dec-2017,490,CE,0,0,0,99.5,379.15,0,0,0,0,19-DEC-2017,
OPTSTK,TITAN,28-Dec-2017,500,CE,0,0,0,91.35,369.15,0,0,0,0,19-DEC-2017,
OPTSTK,TITAN,28-Dec-2017,510,CE,0,0,0,83.6,359.15,0,0,0,0,19-DEC-2017,
OPTSTK,TITAN,28-Dec-2017,520,CE,0,0,0,76.15,349.2,0,0,0,0,19-DEC-2017,
OPTSTK,TITAN,28-Dec-2017,530,CE,0,0,0,69.1,339.2,0,0,0,0,19-DEC-2017,
OPTSTK,TITAN,28-Dec-2017,540,CE,0,0,0,62.4,329.2,0,0,0,0,19-DEC-2017,
OPTSTK,TITAN,28-Dec-2017,550,CE,0,0,0,56.15,319.25,0,0,0,0,19-DEC-2017,
OPTSTK,TITAN,28-Dec-2017,560,CE,0,0,0,50.3,309.25,0,0,0,0,19-DEC-2017,
OPTSTK,TITAN,28-Dec-2017,570,CE,0,0,0,44.85,299.25,0,0,0,0,19-DEC-2017,
OPTSTK,TITAN,28-Dec-2017,580,CE,0,0,0,39.85,289.25,0,0,0,0,19-DEC-2017,
OPTSTK,TITAN,28-Dec-2017,590,CE,0,0,0,35.25,279.3,0,0,0,0,19-DEC-2017,
OPTSTK,TITAN,28-Dec-2017,600,CE,0,0,0,222,269.3,0,0,1500,0,19-DEC-2017,
OPTSTK,TITAN,28-Dec-2017,610,CE,0,0,0,27.3,259.3,0,0,0,0,19-DEC-2017,
OPTSTK,TITAN,28-Dec-2017,620,CE,0,0,0,200.95,249.35,0,0,6000,0,19-DEC-2017,
OPTSTK,TITAN,28-Dec-2017,630,CE,0,0,0,20.75,239.35,0,0,0,0,19-DEC-2017,
OPTSTK,TITAN,28-Dec-2017,640,CE,0,0,0,186.35,229.35,0,0,7500,0,19-DEC-2017,
OPTSTK,TITAN,28-Dec-2017,650,CE,0,0,0,136,219.4,0,0,1500,0,19-DEC-2017,
OPTSTK,TITAN,28-Dec-2017,660,CE,0,0,0,159,209.4,0,0,6000,0,19-DEC-2017,
OPTSTK,TITAN,28-Dec-2017,670,CE,0,0,0,149.7,199.4,0,0,3000,0,19-DEC-2017,
OPTSTK,TITAN,28-Dec-2017,680,CE,0,0,0,140,189.45,0,0,4500,0,19-DEC-2017,
OPTSTK,TITAN,28-Dec-2017,690,CE,0,0,0,8.4,179.45,0,0,0,0,19-DEC-2017,
OPTSTK,TITAN,28-Dec-2017,700,CE,0,0,0,120,169.5,0,0,3000,0,19-DEC-2017,
OPTSTK,TITAN,28-Dec-2017,710,CE,0,0,0,6.05,159.5,0,0,0,0,19-DEC-2017,
OPTSTK,TITAN,28-Dec-2017,720,CE,0,0,0,103.4,149.6,0,0,3000,0,19-DEC-2017,
OPTSTK,TITAN,28-Dec-2017,730,CE,0,0,0,4.3,139.7,0,0,0,0,19-DEC-2017,
OPTSTK,TITAN,28-Dec-2017,740,CE,128,128,128,128,128,1,13.02,10500,-1500,19-DEC-2017,
OPTSTK,TITAN,28-Dec-2017,750,CE,0,0,0,85,120.05,0,0,9000,0,19-DEC-2017,
OPTSTK,TITAN,28-Dec-2017,760,CE,104.1,108.5,104.1,108.5,108.5,3,39,10500,-3000,19-DEC-2017,
OPTSTK,TITAN,28-Dec-2017,770,CE,0,0,0,55.8,100.8,0,0,4500,0,19-DEC-2017,
OPTSTK,TITAN,28-Dec-2017,780,CE,0,0,0,58.35,91.45,0,0,16500,0,19-DEC-2017,
OPTSTK,TITAN,28-Dec-2017,790,CE,65,68.65,65,68.65,68.65,2,25.7,30000,-3000,19-DEC-2017,
OPTSTK,TITAN,28-Dec-2017,800,CE,55.9,64,54.95,64,64,14,180.27,105000,0,19-DEC-2017,
OPTSTK,TITAN,28-Dec-2017,810,CE,47.1,54.85,43,54.85,54.85,21,270.28,69000,-12000,19-DEC-2017,
OPTSTK,TITAN,28-Dec-2017,820,CE,35.5,50.5,35.5,49.85,49.85,120,1551.87,147000,3000,19-DEC-2017,
OPTSTK,TITAN,28-Dec-2017,830,CE,31.15,42.4,27.25,41.8,41.8,82,1062.8,61500,-64500,19-DEC-2017,
OPTSTK,TITAN,28-Dec-2017,840,CE,19.9,35,19.9,33.75,33.75,320,4164.16,154500,-94500,19-DEC-2017,
OPTSTK,TITAN,28-Dec-2017,850,CE,15.5,27.8,15.5,26.85,26.85,657,8591.65,139500,-87000,19-DEC-2017,
OPTSTK,TITAN,28-Dec-2017,860,CE,13,21.5,11.95,20.85,20.85,1234,16240.81,195000,-141000,19-DEC-2017,
OPTSTK,TITAN,28-Dec-2017,870,CE,9,16.25,9,15.5,15.5,625,8281.04,235500,99000,19-DEC-2017,
OPTSTK,TITAN,28-Dec-2017,880,CE,7.2,11.75,6,11.25,11.25,554,7391.7,247500,72000,19-DEC-2017,
OPTSTK,TITAN,28-Dec-2017,890,CE,4.6,8.25,4.6,8,8,188,2528.43,87000,63000,19-DEC-2017,
OPTSTK,TITAN,28-Dec-2017,900,CE,3.3,6.2,3.2,5.75,5.75,607,8238.23,367500,129000,19-DEC-2017,
OPTSTK,TITAN,28-Dec-2017,910,CE,3,4.25,2.8,3.9,3.9,40,547.98,39000,12000,19-DEC-2017,
OPTSTK,TITAN,28-Dec-2017,920,CE,2.2,2.9,1.85,2.6,2.6,109,1507.89,106500,30000,19-DEC-2017,
OPTSTK,TITAN,28-Dec-2017,930,CE,1.75,1.85,1.3,1.8,1.8,37,517.03,84000,-4500,19-DEC-2017,
OPTSTK,TITAN,28-Dec-2017,940,CE,2,2,1,1.3,1.3,12,169.43,10500,10500,19-DEC-2017,
OPTSTK,TITAN,28-Dec-2017,950,CE,0,0,0,51.4,3.8,0,0,0,0,19-DEC-2017,
OPTSTK,TITAN,28-Dec-2017,960,CE,0,0,0,49.1,2.8,0,0,0,0,19-DEC-2017,
OPTSTK,TITAN,28-Dec-2017,380,PE,0,0,0,0.1,0,0,0,0,0,19-DEC-2017,
OPTSTK,TITAN,28-Dec-2017,390,PE,0,0,0,0.2,0,0,0,0,0,19-DEC-2017,
OPTSTK,TITAN,28-Dec-2017,400,PE,0,0,0,0.3,0,0,0,0,0,19-DEC-2017,
OPTSTK,TITAN,28-Dec-2017,410,PE,0,0,0,0.45,0,0,0,0,0,19-DEC-2017,
OPTSTK,TITAN,28-Dec-2017,420,PE,0,0,0,0.65,0,0,0,0,0,19-DEC-2017,
OPTSTK,TITAN,28-Dec-2017,430,PE,0,0,0,1,0,0,0,0,0,19-DEC-2017,
OPTSTK,TITAN,28-Dec-2017,440,PE,0,0,0,1.4,0,0,0,0,0,19-DEC-2017,
OPTSTK,TITAN,28-Dec-2017,450,PE,0,0,0,1.95,0,0,0,0,0,19-DEC-2017,
OPTSTK,TITAN,28-Dec-2017,460,PE,0,0,0,2.7,0,0,0,0,0,19-DEC-2017,
OPTSTK,TITAN,28-Dec-2017,470,PE,0,0,0,3.6,0,0,0,0,0,19-DEC-2017,
OPTSTK,TITAN,28-Dec-2017,480,PE,0,0,0,4.8,0,0,0,0,0,19-DEC-2017,
OPTSTK,TITAN,28-Dec-2017,490,PE,0,0,0,6.2,0,0,0,0,0,19-DEC-2017,
OPTSTK,TITAN,28-Dec-2017,500,PE,0,0,0,7.95,0,0,0,0,0,19-DEC-2017,
OPTSTK,TITAN,28-Dec-2017,510,PE,0,0,0,10,0,0,0,0,0,19-DEC-2017,
OPTSTK,TITAN,28-Dec-2017,520,PE,0,0,0,12.4,0,0,0,0,0,19-DEC-2017,
OPTSTK,TITAN,28-Dec-2017,530,PE,0,0,0,15.2,0,0,0,0,0,19-DEC-2017,
OPTSTK,TITAN,28-Dec-2017,540,PE,0,0,0,18.35,0,0,0,0,0,19-DEC-2017,
OPTSTK,TITAN,28-Dec-2017,550,PE,0,0,0,21.95,0,0,0,0,0,19-DEC-2017,
OPTSTK,TITAN,28-Dec-2017,560,PE,0,0,0,25.95,0,0,0,0,0,19-DEC-2017,
OPTSTK,TITAN,28-Dec-2017,570,PE,0,0,0,30.35,0,0,0,0,0,19-DEC-2017,
OPTSTK,TITAN,28-Dec-2017,580,PE,0,0,0,35.2,0,0,0,0,0,19-DEC-2017,
OPTSTK,TITAN,28-Dec-2017,590,PE,0,0,0,40.45,0,0,0,0,0,19-DEC-2017,
OPTSTK,TITAN,28-Dec-2017,600,PE,0,0,0,46.1,0,0,0,0,0,19-DEC-2017,
OPTSTK,TITAN,28-Dec-2017,610,PE,0,0,0,52.15,0,0,0,0,0,19-DEC-2017,
OPTSTK,TITAN,28-Dec-2017,620,PE,0,0,0,58.55,0,0,0,0,0,19-DEC-2017,
OPTSTK,TITAN,28-Dec-2017,630,PE,0,0,0,65.3,0,0,0,0,0,19-DEC-2017,
OPTSTK,TITAN,28-Dec-2017,640,PE,0,0,0,0.5,0,0,0,1500,0,19-DEC-2017,
OPTSTK,TITAN,28-Dec-2017,650,PE,0,0,0,79.85,0,0,0,0,0,19-DEC-2017,
OPTSTK,TITAN,28-Dec-2017,660,PE,0,0,0,0.5,0,0,0,7500,0,19-DEC-2017,
OPTSTK,TITAN,28-Dec-2017,670,PE,0,0,0,36.05,0,0,0,3000,0,19-DEC-2017,
OPTSTK,TITAN,28-Dec-2017,680,PE,0,0,0,0.8,0.05,0,0,3000,0,19-DEC-2017,
OPTSTK,TITAN,28-Dec-2017,690,PE,0,0,0,112.05,0.05,0,0,0,0,19-DEC-2017,
OPTSTK,TITAN,28-Dec-2017,700,PE,0.05,0.05,0.05,0.05,0.05,1,10.5,87000,0,19-DEC-2017,
OPTSTK,TITAN,28-Dec-2017,710,PE,0,0,0,0.65,0.05,0,0,27000,0,19-DEC-2017,
OPTSTK,TITAN,28-Dec-2017,720,PE,0.1,0.1,0.1,0.1,0.1,3,32.4,24000,0,19-DEC-2017,
OPTSTK,TITAN,28-Dec-2017,730,PE,0,0,0,2.5,0.2,0,0,19500,0,19-DEC-2017,
OPTSTK,TITAN,28-Dec-2017,740,PE,0.2,0.25,0.2,0.25,0.25,4,44.41,43500,-6000,19-DEC-2017,
OPTSTK,TITAN,28-Dec-2017,750,PE,0.3,0.4,0.25,0.25,0.25,7,78.78,57000,-7500,19-DEC-2017,
OPTSTK,TITAN,28-Dec-2017,760,PE,0.3,0.75,0.3,0.55,0.55,12,136.89,48000,1500,19-DEC-2017,
OPTSTK,TITAN,28-Dec-2017,770,PE,0.8,0.8,0.5,0.5,0.5,12,138.71,52500,-7500,19-DEC-2017,
OPTSTK,TITAN,28-Dec-2017,780,PE,1,1.2,0.6,0.7,0.7,68,796.62,70500,-33000,19-DEC-2017,
OPTSTK,TITAN,28-Dec-2017,790,PE,1.45,1.65,1,1,1,55,652.84,57000,-21000,19-DEC-2017,
OPTSTK,TITAN,28-Dec-2017,800,PE,2.15,2.5,1.25,1.45,1.45,254,3055.3,268500,7500,19-DEC-2017,
OPTSTK,TITAN,28-Dec-2017,810,PE,2.8,4.1,1.7,1.95,1.95,156,1902.04,75000,-13500,19-DEC-2017,
OPTSTK,TITAN,28-Dec-2017,820,PE,6.05,6.55,2.35,2.8,2.8,346,4277.61,231000,117000,19-DEC-2017,
OPTSTK,TITAN,28-Dec-2017,830,PE,7.2,8,3.6,4.1,4.1,260,3260.5,168000,78000,19-DEC-2017,
OPTSTK,TITAN,28-Dec-2017,840,PE,13.05,14.15,5,5.7,5.7,338,4303.07,231000,139500,19-DEC-2017,
OPTSTK,TITAN,28-Dec-2017,850,PE,13.45,16.35,7.7,8.6,8.6,345,4460.23,177000,171000,19-DEC-2017,
OPTSTK,TITAN,28-Dec-2017,860,PE,18.9,20,11.05,12.2,12.2,149,1955.66,82500,78000,19-DEC-2017,
OPTSTK,TITAN,28-Dec-2017,870,PE,25.3,25.3,15.65,16.55,16.55,22,293.15,21000,19500,19-DEC-2017,
OPTSTK,TITAN,28-Dec-2017,880,PE,24.9,24.9,21,21,21,2,27.08,4500,0,19-DEC-2017,
OPTSTK,TITAN,28-Dec-2017,890,PE,39.85,39.85,33.1,33.1,33.1,5,69.44,3000,0,19-DEC-2017,
OPTSTK,TITAN,28-Dec-2017,900,PE,0,0,0,172.5,43.85,0,0,0,0,19-DEC-2017,
OPTSTK,TITAN,28-Dec-2017,910,PE,0,0,0,179.6,51,0,0,0,0,19-DEC-2017,
OPTSTK,TITAN,28-Dec-2017,920,PE,65.05,65.05,65.05,65.05,65.05,3,44.32,0,-4500,19-DEC-2017,
OPTSTK,TITAN,28-Dec-2017,930,PE,0,0,0,194.1,66.75,0,0,0,0,19-DEC-2017,
OPTSTK,TITAN,28-Dec-2017,940,PE,0,0,0,201.55,75.2,0,0,0,0,19-DEC-2017,
OPTSTK,TITAN,28-Dec-2017,950,PE,0,0,0,209.1,83.95,0,0,0,0,19-DEC-2017,
OPTSTK,TITAN,28-Dec-2017,960,PE,0,0,0,216.7,93,0,0,0,0,19-DEC-2017,
OPTSTK,TITAN,25-Jan-2018,380,CE,0,0,0,210.65,490.85,0,0,0,0,19-DEC-2017,
OPTSTK,TITAN,25-Jan-2018,390,CE,0,0,0,200.85,480.9,0,0,0,0,19-DEC-2017,
OPTSTK,TITAN,25-Jan-2018,400,CE,0,0,0,191,470.95,0,0,0,0,19-DEC-2017,
OPTSTK,TITAN,25-Jan-2018,410,CE,0,0,0,181.25,461.05,0,0,0,0,19-DEC-2017,
OPTSTK,TITAN,25-Jan-2018,420,CE,0,0,0,171.45,451.1,0,0,0,0,19-DEC-2017,
OPTSTK,TITAN,25-Jan-2018,430,CE,0,0,0,161.75,441.15,0,0,0,0,19-DEC-2017,
OPTSTK,TITAN,25-Jan-2018,440,CE,0,0,0,152.1,431.25,0,0,0,0,19-DEC-2017,
OPTSTK,TITAN,25-Jan-2018,450,CE,0,0,0,142.55,421.3,0,0,0,0,19-DEC-2017,
OPTSTK,TITAN,25-Jan-2018,460,CE,0,0,0,133.1,411.35,0,0,0,0,19-DEC-2017,
OPTSTK,TITAN,25-Jan-2018,470,CE,0,0,0,123.8,401.45,0,0,0,0,19-DEC-2017,
OPTSTK,TITAN,25-Jan-2018,480,CE,0,0,0,114.7,391.5,0,0,0,0,19-DEC-2017,
OPTSTK,TITAN,25-Jan-2018,490,CE,0,0,0,105.8,381.55,0,0,0,0,19-DEC-2017,
OPTSTK,TITAN,25-Jan-2018,500,CE,0,0,0,97.15,371.65,0,0,0,0,19-DEC-2017,
OPTSTK,TITAN,25-Jan-2018,510,CE,0,0,0,88.8,361.7,0,0,0,0,19-DEC-2017,
OPTSTK,TITAN,25-Jan-2018,520,CE,0,0,0,80.75,351.75,0,0,0,0,19-DEC-2017,
OPTSTK,TITAN,25-Jan-2018,530,CE,0,0,0,73.1,341.85,0,0,0,0,19-DEC-2017,
OPTSTK,TITAN,25-Jan-2018,540,CE,0,0,0,65.85,331.9,0,0,0,0,19-DEC-2017,
OPTSTK,TITAN,25-Jan-2018,550,CE,0,0,0,58.95,322,0,0,0,0,19-DEC-2017,
OPTSTK,TITAN,25-Jan-2018,560,CE,0,0,0,52.55,312.05,0,0,0,0,19-DEC-2017,
OPTSTK,TITAN,25-Jan-2018,570,CE,0,0,0,46.55,302.15,0,0,0,0,19-DEC-2017,
OPTSTK,TITAN,25-Jan-2018,580,CE,0,0,0,41.05,292.25,0,0,0,0,19-DEC-2017,
OPTSTK,TITAN,25-Jan-2018,590,CE,0,0,0,36,282.35,0,0,0,0,19-DEC-2017,
OPTSTK,TITAN,25-Jan-2018,600,CE,0,0,0,31.45,272.5,0,0,0,0,19-DEC-2017,
OPTSTK,TITAN,25-Jan-2018,610,CE,0,0,0,27.3,262.65,0,0,0,0,19-DEC-2017,
OPTSTK,TITAN,25-Jan-2018,620,CE,0,0,0,23.55,252.8,0,0,0,0,19-DEC-2017,
OPTSTK,TITAN,25-Jan-2018,630,CE,0,0,0,20.25,243,0,0,0,0,19-DEC-2017,
OPTSTK,TITAN,25-Jan-2018,640,CE,0,0,0,17.3,233.3,0,0,0,0,19-DEC-2017,
OPTSTK,TITAN,25-Jan-2018,650,CE,0,0,0,14.75,223.6,0,0,0,0,19-DEC-2017,
OPTSTK,TITAN,25-Jan-2018,660,CE,0,0,0,12.5,213.95,0,0,0,0,19-DEC-2017,
OPTSTK,TITAN,25-Jan-2018,670,CE,0,0,0,10.5,204.45,0,0,0,0,19-DEC-2017,
OPTSTK,TITAN,25-Jan-2018,680,CE,0,0,0,8.85,195,0,0,0,0,19-DEC-2017,
OPTSTK,TITAN,25-Jan-2018,690,CE,0,0,0,7.4,185.65,0,0,0,0,19-DEC-2017,
OPTSTK,TITAN,25-Jan-2018,700,CE,0,0,0,6.15,176.45,0,0,0,0,19-DEC-2017,
OPTSTK,TITAN,25-Jan-2018,710,CE,0,0,0,5.1,167.35,0,0,0,0,19-DEC-2017,
OPTSTK,TITAN,25-Jan-2018,720,CE,0,0,0,4.2,158.45,0,0,0,0,19-DEC-2017,
OPTSTK,TITAN,25-Jan-2018,730,CE,0,0,0,3.45,149.7,0,0,0,0,19-DEC-2017,
OPTSTK,TITAN,25-Jan-2018,740,CE,130,130,130,130,130,1,13.05,1500,1500,19-DEC-2017,
OPTSTK,TITAN,25-Jan-2018,750,CE,0,0,0,2.3,132.8,0,0,0,0,19-DEC-2017,
OPTSTK,TITAN,25-Jan-2018,760,CE,0,0,0,1.85,124.65,0,0,0,0,19-DEC-2017,
OPTSTK,TITAN,25-Jan-2018,770,CE,0,0,0,1.5,116.8,0,0,0,0,19-DEC-2017,
OPTSTK,TITAN,25-Jan-2018,780,CE,0,0,0,1.2,109.15,0,0,0,0,19-DEC-2017,
OPTSTK,TITAN,25-Jan-2018,790,CE,0,0,0,0.95,101.8,0,0,0,0,19-DEC-2017,
OPTSTK,TITAN,25-Jan-2018,800,CE,0,0,0,4.45,94.75,0,0,0,0,19-DEC-2017,
OPTSTK,TITAN,25-Jan-2018,810,CE,0,0,0,3.8,87.9,0,0,0,0,19-DEC-2017,
OPTSTK,TITAN,25-Jan-2018,820,CE,64,65,63.8,65,65,13,172.39,22500,13500,19-DEC-2017,
OPTSTK,TITAN,25-Jan-2018,830,CE,0,0,0,4.55,75.25,0,0,0,0,19-DEC-2017,
OPTSTK,TITAN,25-Jan-2018,840,CE,0,0,0,3.9,69.35,0,0,0,0,19-DEC-2017,
OPTSTK,TITAN,25-Jan-2018,850,CE,0,0,0,34,63.8,0,0,1500,0,19-DEC-2017,
OPTSTK,TITAN,25-Jan-2018,860,CE,38.35,38.35,38.35,38.35,38.35,1,13.47,1500,0,19-DEC-2017,
OPTSTK,TITAN,25-Jan-2018,870,CE,33.95,33.95,33.95,33.95,33.95,2,27.11,3000,3000,19-DEC-2017,
OPTSTK,TITAN,25-Jan-2018,880,CE,28,37.05,28,36.95,36.95,13,177.97,15000,12000,19-DEC-2017,
OPTSTK,TITAN,25-Jan-2018,890,CE,22.45,31.25,22.45,31.25,31.25,8,109.93,10500,10500,19-DEC-2017,
OPTSTK,TITAN,25-Jan-2018,900,CE,20.25,28.25,19.5,28.25,28.25,269,3729.86,390000,390000,19-DEC-2017,
OPTSTK,TITAN,25-Jan-2018,910,CE,0,0,0,87.2,36.75,0,0,0,0,19-DEC-2017,
OPTSTK,TITAN,25-Jan-2018,920,CE,19.65,20,19.65,20,20,3,42.28,4500,4500,19-DEC-2017,
OPTSTK,TITAN,25-Jan-2018,930,CE,12,17.75,12,17.75,17.75,4,56.77,24000,6000,19-DEC-2017,
OPTSTK,TITAN,25-Jan-2018,940,CE,10.5,15.9,10.5,15.9,15.9,6,85.81,9000,9000,19-DEC-2017,
OPTSTK,TITAN,25-Jan-2018,950,CE,0,0,0,76.2,24.35,0,0,0,0,19-DEC-2017,
OPTSTK,TITAN,25-Jan-2018,960,CE,0,0,0,73.7,21.9,0,0,0,0,19-DEC-2017,
OPTSTK,TITAN,25-Jan-2018,380,PE,0,0,0,0.05,0,0,0,0,0,19-DEC-2017,
OPTSTK,TITAN,25-Jan-2018,390,PE,0,0,0,0.05,0,0,0,0,0,19-DEC-2017,
OPTSTK,TITAN,25-Jan-2018,400,PE,0,0,0,0.1,0,0,0,0,0,19-DEC-2017,
OPTSTK,TITAN,25-Jan-2018,410,PE,0,0,0,0.15,0,0,0,0,0,19-DEC-2017,
OPTSTK,TITAN,25-Jan-2018,420,PE,0,0,0,0.25,0,0,0,0,0,19-DEC-2017,
OPTSTK,TITAN,25-Jan-2018,430,PE,0,0,0,0.35,0,0,0,0,0,19-DEC-2017,
OPTSTK,TITAN,25-Jan-2018,440,PE,0,0,0,0.55,0,0,0,0,0,19-DEC-2017,
OPTSTK,TITAN,25-Jan-2018,450,PE,0,0,0,0.85,0,0,0,0,0,19-DEC-2017,
OPTSTK,TITAN,25-Jan-2018,460,PE,0,0,0,1.25,0,0,0,0,0,19-DEC-2017,
OPTSTK,TITAN,25-Jan-2018,470,PE,0,0,0,1.8,0,0,0,0,0,19-DEC-2017,
OPTSTK,TITAN,25-Jan-2018,480,PE,0,0,0,2.55,0,0,0,0,0,19-DEC-2017,
OPTSTK,TITAN,25-Jan-2018,490,PE,0,0,0,3.45,0,0,0,0,0,19-DEC-2017,
OPTSTK,TITAN,25-Jan-2018,500,PE,0,0,0,4.65,0,0,0,0,0,19-DEC-2017,
OPTSTK,TITAN,25-Jan-2018,510,PE,0,0,0,6.15,0,0,0,0,0,19-DEC-2017,
OPTSTK,TITAN,25-Jan-2018,520,PE,0,0,0,7.95,0.05,0,0,0,0,19-DEC-2017,
OPTSTK,TITAN,25-Jan-2018,530,PE,0,0,0,10.1,0.05,0,0,0,0,19-DEC-2017,
OPTSTK,TITAN,25-Jan-2018,540,PE,0,0,0,12.7,0.05,0,0,0,0,19-DEC-2017,
OPTSTK,TITAN,25-Jan-2018,550,PE,0,0,0,15.65,0.05,0,0,0,0,19-DEC-2017,
OPTSTK,TITAN,25-Jan-2018,560,PE,0,0,0,19.1,0.05,0,0,0,0,19-DEC-2017,
OPTSTK,TITAN,25-Jan-2018,570,PE,0,0,0,23,0.1,0,0,0,0,19-DEC-2017,
OPTSTK,TITAN,25-Jan-2018,580,PE,0,0,0,27.3,0.1,0,0,0,0,19-DEC-2017,
OPTSTK,TITAN,25-Jan-2018,590,PE,0,0,0,32.1,0.15,0,0,0,0,19-DEC-2017,
OPTSTK,TITAN,25-Jan-2018,600,PE,0,0,0,37.35,0.2,0,0,0,0,19-DEC-2017,
OPTSTK,TITAN,25-Jan-2018,610,PE,0,0,0,43.05,0.3,0,0,0,0,19-DEC-2017,
OPTSTK,TITAN,25-Jan-2018,620,PE,0,0,0,49.2,0.4,0,0,0,0,19-DEC-2017,
OPTSTK,TITAN,25-Jan-2018,630,PE,0,0,0,55.7,0.55,0,0,0,0,19-DEC-2017,
OPTSTK,TITAN,25-Jan-2018,640,PE,0,0,0,62.6,0.75,0,0,0,0,19-DEC-2017,
OPTSTK,TITAN,25-Jan-2018,650,PE,0,0,0,69.9,1,0,0,0,0,19-DEC-2017,
OPTSTK,TITAN,25-Jan-2018,660,PE,0,0,0,77.5,1.35,0,0,0,0,19-DEC-2017,
OPTSTK,TITAN,25-Jan-2018,670,PE,0,0,0,85.35,1.7,0,0,0,0,19-DEC-2017,
OPTSTK,TITAN,25-Jan-2018,680,PE,0,0,0,93.5,2.2,0,0,0,0,19-DEC-2017,
OPTSTK,TITAN,25-Jan-2018,690,PE,0,0,0,101.9,2.8,0,0,0,0,19-DEC-2017,
OPTSTK,TITAN,25-Jan-2018,700,PE,0,0,0,110.5,3.5,0,0,0,0,19-DEC-2017,
OPTSTK,TITAN,25-Jan-2018,710,PE,0,0,0,119.3,4.4,0,0,0,0,19-DEC-2017,
OPTSTK,TITAN,25-Jan-2018,720,PE,0,0,0,128.25,5.4,0,0,0,0,19-DEC-2017,
OPTSTK,TITAN,25-Jan-2018,730,PE,0,0,0,137.35,6.6,0,0,0,0,19-DEC-2017,
OPTSTK,TITAN,25-Jan-2018,740,PE,0,0,0,146.55,7.95,0,0,0,0,19-DEC-2017,
OPTSTK,TITAN,25-Jan-2018,750,PE,0,0,0,7.25,9.55,0,0,10500,0,19-DEC-2017,
OPTSTK,TITAN,25-Jan-2018,760,PE,5,5,5,5,5,1,11.47,1500,1500,19-DEC-2017,
OPTSTK,TITAN,25-Jan-2018,770,PE,0,0,0,174.8,13.4,0,0,0,0,19-DEC-2017,
OPTSTK,TITAN,25-Jan-2018,780,PE,8,8,5.75,5.75,5.75,3,35.42,4500,4500,19-DEC-2017,
OPTSTK,TITAN,25-Jan-2018,790,PE,0,0,0,188.9,18.3,0,0,0,0,19-DEC-2017,
OPTSTK,TITAN,25-Jan-2018,800,PE,11,12,10.15,12,12,7,85.18,12000,7500,19-DEC-2017,
OPTSTK,TITAN,25-Jan-2018,810,PE,0,0,0,183.3,24.3,0,0,0,0,19-DEC-2017,
OPTSTK,TITAN,25-Jan-2018,820,PE,16.5,18.55,16.35,16.35,16.35,8,100.46,12000,12000,19-DEC-2017,
OPTSTK,TITAN,25-Jan-2018,830,PE,18.5,18.5,18.5,18.5,18.5,1,12.72,1500,1500,19-DEC-2017,
OPTSTK,TITAN,25-Jan-2018,840,PE,23.15,26.15,23.15,26.15,26.15,5,64.81,7500,7500,19-DEC-2017,
OPTSTK,TITAN,25-Jan-2018,850,PE,28,30.5,28,30.5,30.5,9,118.72,13500,13500,19-DEC-2017,
OPTSTK,TITAN,25-Jan-2018,860,PE,32.1,32.5,32.1,32.5,32.5,3,40.15,4500,4500,19-DEC-2017,
OPTSTK,TITAN,25-Jan-2018,870,PE,0,0,0,173.9,49.55,0,0,0,0,19-DEC-2017,
OPTSTK,TITAN,25-Jan-2018,880,PE,0,0,0,180.5,54.85,0,0,0,0,19-DEC-2017,
OPTSTK,TITAN,25-Jan-2018,890,PE,0,0,0,187.2,60.45,0,0,0,0,19-DEC-2017,
OPTSTK,TITAN,25-Jan-2018,900,PE,0,0,0,194,66.35,0,0,0,0,19-DEC-2017,
OPTSTK,TITAN,25-Jan-2018,910,PE,0,0,0,200.9,72.5,0,0,0,0,19-DEC-2017,
OPTSTK,TITAN,25-Jan-2018,920,PE,0,0,0,207.85,78.95,0,0,0,0,19-DEC-2017,
OPTSTK,TITAN,25-Jan-2018,930,PE,0,0,0,214.95,85.65,0,0,0,0,19-DEC-2017,
OPTSTK,TITAN,25-Jan-2018,940,PE,0,0,0,222.1,92.6,0,0,0,0,19-DEC-2017,
OPTSTK,TITAN,25-Jan-2018,950,PE,0,0,0,229.35,99.8,0,0,0,0,19-DEC-2017,
OPTSTK,TITAN,25-Jan-2018,960,PE,0,0,0,236.7,107.3,0,0,0,0,19-DEC-2017,
OPTSTK,TITAN,22-Feb-2018,620,CE,0,0,0,223.05,257.7,0,0,0,0,19-DEC-2017,
OPTSTK,TITAN,22-Feb-2018,630,CE,0,0,0,215.05,248.35,0,0,0,0,19-DEC-2017,
OPTSTK,TITAN,22-Feb-2018,640,CE,0,0,0,207.25,239.05,0,0,0,0,19-DEC-2017,
OPTSTK,TITAN,22-Feb-2018,650,CE,0,0,0,199.55,229.9,0,0,0,0,19-DEC-2017,
OPTSTK,TITAN,22-Feb-2018,660,CE,0,0,0,192.1,220.85,0,0,0,0,19-DEC-2017,
OPTSTK,TITAN,22-Feb-2018,670,CE,0,0,0,184.75,211.9,0,0,0,0,19-DEC-2017,
OPTSTK,TITAN,22-Feb-2018,680,CE,0,0,0,177.6,203.1,0,0,0,0,19-DEC-2017,
OPTSTK,TITAN,22-Feb-2018,690,CE,0,0,0,170.6,194.45,0,0,0,0,19-DEC-2017,
OPTSTK,TITAN,22-Feb-2018,700,CE,0,0,0,163.8,185.9,0,0,0,0,19-DEC-2017,
OPTSTK,TITAN,22-Feb-2018,710,CE,0,0,0,157.15,177.6,0,0,0,0,19-DEC-2017,
OPTSTK,TITAN,22-Feb-2018,720,CE,0,0,0,150.7,169.4,0,0,0,0,19-DEC-2017,
OPTSTK,TITAN,22-Feb-2018,730,CE,0,0,0,144.4,161.4,0,0,0,0,19-DEC-2017,
OPTSTK,TITAN,22-Feb-2018,740,CE,0,0,0,138.35,153.6,0,0,0,0,19-DEC-2017,
OPTSTK,TITAN,22-Feb-2018,750,CE,0,0,0,132.45,146,0,0,0,0,19-DEC-2017,
OPTSTK,TITAN,22-Feb-2018,760,CE,0,0,0,126.7,138.65,0,0,0,0,19-DEC-2017,
OPTSTK,TITAN,22-Feb-2018,770,CE,0,0,0,121.2,131.5,0,0,0,0,19-DEC-2017,
OPTSTK,TITAN,22-Feb-2018,780,CE,0,0,0,115.85,124.5,0,0,0,0,19-DEC-2017,
OPTSTK,TITAN,22-Feb-2018,790,CE,0,0,0,110.65,117.75,0,0,0,0,19-DEC-2017,
OPTSTK,TITAN,22-Feb-2018,800,CE,0,0,0,105.65,111.25,0,0,0,0,19-DEC-2017,
OPTSTK,TITAN,22-Feb-2018,810,CE,0,0,0,100.85,105,0,0,0,0,19-DEC-2017,
OPTSTK,TITAN,22-Feb-2018,820,CE,0,0,0,96.2,98.95,0,0,0,0,19-DEC-2017,
OPTSTK,TITAN,22-Feb-2018,830,CE,0,0,0,91.7,93.15,0,0,0,0,19-DEC-2017,
OPTSTK,TITAN,22-Feb-2018,840,CE,0,0,0,87.4,87.6,0,0,0,0,19-DEC-2017,
OPTSTK,TITAN,22-Feb-2018,850,CE,0,0,0,83.25,82.25,0,0,0,0,19-DEC-2017,
OPTSTK,TITAN,22-Feb-2018,860,CE,0,0,0,79.25,77.2,0,0,0,0,19-DEC-2017,
OPTSTK,TITAN,22-Feb-2018,870,CE,0,0,0,75.45,72.3,0,0,0,0,19-DEC-2017,
OPTSTK,TITAN,22-Feb-2018,880,CE,0,0,0,71.75,67.7,0,0,0,0,19-DEC-2017,
OPTSTK,TITAN,22-Feb-2018,890,CE,0,0,0,68.25,63.3,0,0,0,0,19-DEC-2017,
OPTSTK,TITAN,22-Feb-2018,900,CE,0,0,0,64.85,59.1,0,0,0,0,19-DEC-2017,
OPTSTK,TITAN,22-Feb-2018,910,CE,0,0,0,61.6,55.15,0,0,0,0,19-DEC-2017,
OPTSTK,TITAN,22-Feb-2018,920,CE,0,0,0,58.5,51.35,0,0,0,0,19-DEC-2017,
OPTSTK,TITAN,22-Feb-2018,930,CE,0,0,0,55.55,47.8,0,0,0,0,19-DEC-2017,
OPTSTK,TITAN,22-Feb-2018,940,CE,0,0,0,52.7,44.45,0,0,0,0,19-DEC-2017,
OPTSTK,TITAN,22-Feb-2018,950,CE,0,0,0,50,41.3,0,0,0,0,19-DEC-2017,
OPTSTK,TITAN,22-Feb-2018,960,CE,0,0,0,47.45,38.35,0,0,0,0,19-DEC-2017,
OPTSTK,TITAN,22-Feb-2018,620,PE,0,0,0,15.1,2.3,0,0,0,0,19-DEC-2017,
OPTSTK,TITAN,22-Feb-2018,630,PE,0,0,0,17,2.8,0,0,0,0,19-DEC-2017,
OPTSTK,TITAN,22-Feb-2018,640,PE,0,0,0,19,3.45,0,0,0,0,19-DEC-2017,
OPTSTK,TITAN,22-Feb-2018,650,PE,0,0,0,21.2,4.15,0,0,0,0,19-DEC-2017,
OPTSTK,TITAN,22-Feb-2018,660,PE,0,0,0,23.55,4.95,0,0,0,0,19-DEC-2017,
OPTSTK,TITAN,22-Feb-2018,670,PE,0,0,0,26.1,5.9,0,0,0,0,19-DEC-2017,
OPTSTK,TITAN,22-Feb-2018,680,PE,0,0,0,28.8,7,0,0,0,0,19-DEC-2017,
OPTSTK,TITAN,22-Feb-2018,690,PE,0,0,0,31.65,8.2,0,0,0,0,19-DEC-2017,
OPTSTK,TITAN,22-Feb-2018,700,PE,0,0,0,34.7,9.6,0,0,0,0,19-DEC-2017,
OPTSTK,TITAN,22-Feb-2018,710,PE,0,0,0,37.9,11.15,0,0,0,0,19-DEC-2017,
OPTSTK,TITAN,22-Feb-2018,720,PE,0,0,0,41.3,12.85,0,0,0,0,19-DEC-2017,
OPTSTK,TITAN,22-Feb-2018,730,PE,0,0,0,44.9,14.75,0,0,0,0,19-DEC-2017,
OPTSTK,TITAN,22-Feb-2018,740,PE,0,0,0,48.65,16.85,0,0,0,0,19-DEC-2017,
OPTSTK,TITAN,22-Feb-2018,750,PE,0,0,0,52.6,19.1,0,0,0,0,19-DEC-2017,
OPTSTK,TITAN,22-Feb-2018,760,PE,0,0,0,56.75,21.65,0,0,0,0,19-DEC-2017,
OPTSTK,TITAN,22-Feb-2018,770,PE,0,0,0,61.05,24.35,0,0,0,0,19-DEC-2017,
OPTSTK,TITAN,22-Feb-2018,780,PE,0,0,0,65.55,27.25,0,0,0,0,19-DEC-2017,
OPTSTK,TITAN,22-Feb-2018,790,PE,0,0,0,70.25,30.4,0,0,0,0,19-DEC-2017,
OPTSTK,TITAN,22-Feb-2018,800,PE,0,0,0,75.1,33.75,0,0,0,0,19-DEC-2017,
OPTSTK,TITAN,22-Feb-2018,810,PE,0,0,0,80.15,37.4,0,0,0,0,19-DEC-2017,
OPTSTK,TITAN,22-Feb-2018,820,PE,0,0,0,85.35,41.25,0,0,0,0,19-DEC-2017,
OPTSTK,TITAN,22-Feb-2018,830,PE,0,0,0,90.7,45.35,0,0,0,0,19-DEC-2017,
OPTSTK,TITAN,22-Feb-2018,840,PE,0,0,0,96.25,49.65,0,0,0,0,19-DEC-2017,
OPTSTK,TITAN,22-Feb-2018,850,PE,0,0,0,101.95,54.25,0,0,0,0,19-DEC-2017,
OPTSTK,TITAN,22-Feb-2018,860,PE,0,0,0,107.8,59,0,0,0,0,19-DEC-2017,
OPTSTK,TITAN,22-Feb-2018,870,PE,0,0,0,113.85,64.05,0,0,0,0,19-DEC-2017,
OPTSTK,TITAN,22-Feb-2018,880,PE,0,0,0,120.05,69.3,0,0,0,0,19-DEC-2017,
OPTSTK,TITAN,22-Feb-2018,890,PE,0,0,0,126.35,74.8,0,0,0,0,19-DEC-2017,
OPTSTK,TITAN,22-Feb-2018,900,PE,0,0,0,132.85,80.5,0,0,0,0,19-DEC-2017,
OPTSTK,TITAN,22-Feb-2018,910,PE,0,0,0,139.45,86.4,0,0,0,0,19-DEC-2017,
OPTSTK,TITAN,22-Feb-2018,920,PE,0,0,0,146.2,92.55,0,0,0,0,19-DEC-2017,
OPTSTK,TITAN,22-Feb-2018,930,PE,0,0,0,153.1,98.85,0,0,0,0,19-DEC-2017,
OPTSTK,TITAN,22-Feb-2018,940,PE,0,0,0,160.1,105.4,0,0,0,0,19-DEC-2017,
OPTSTK,TITAN,22-Feb-2018,950,PE,0,0,0,167.25,112.1,0,0,0,0,19-DEC-2017,
OPTSTK,TITAN,22-Feb-2018,960,PE,0,0,0,174.55,119.05,0,0,0,0,19-DEC-2017,
OPTSTK,TORNTPHARM,28-Dec-2017,950,CE,0,0,0,309,411.9,0,0,0,0,19-DEC-2017,
OPTSTK,TORNTPHARM,28-Dec-2017,1000,CE,0,0,0,270.4,361.95,0,0,0,0,19-DEC-2017,
OPTSTK,TORNTPHARM,28-Dec-2017,1050,CE,0,0,0,234.75,312.05,0,0,0,0,19-DEC-2017,
OPTSTK,TORNTPHARM,28-Dec-2017,1100,CE,0,0,0,202.1,262.15,0,0,0,0,19-DEC-2017,
OPTSTK,TORNTPHARM,28-Dec-2017,1150,CE,0,0,0,172.8,212.2,0,0,0,0,19-DEC-2017,
OPTSTK,TORNTPHARM,28-Dec-2017,1200,CE,0,0,0,146.65,162.3,0,0,0,0,19-DEC-2017,
OPTSTK,TORNTPHARM,28-Dec-2017,1250,CE,0,0,0,123.65,112.6,0,0,0,0,19-DEC-2017,
OPTSTK,TORNTPHARM,28-Dec-2017,1300,CE,65,65,65,65,65,1,5.46,2000,-400,19-DEC-2017,
OPTSTK,TORNTPHARM,28-Dec-2017,1350,CE,24.8,28.45,23.9,24.6,24.6,7,38.5,35600,0,19-DEC-2017,
OPTSTK,TORNTPHARM,28-Dec-2017,1400,CE,6,9,6,9,9,6,33.78,10800,-400,19-DEC-2017,
OPTSTK,TORNTPHARM,28-Dec-2017,1450,CE,3,3,1.5,1.55,1.55,4,23.23,9600,800,19-DEC-2017,
OPTSTK,TORNTPHARM,28-Dec-2017,1500,CE,0,0,0,48.4,0.15,0,0,0,0,19-DEC-2017,
OPTSTK,TORNTPHARM,28-Dec-2017,1550,CE,0,0,0,39.5,0.05,0,0,0,0,19-DEC-2017,
OPTSTK,TORNTPHARM,28-Dec-2017,1600,CE,0,0,0,32.15,0,0,0,0,0,19-DEC-2017,
OPTSTK,TORNTPHARM,28-Dec-2017,1650,CE,0,0,0,26.05,0,0,0,0,0,19-DEC-2017,
OPTSTK,TORNTPHARM,28-Dec-2017,950,PE,0,0,0,22.55,0,0,0,0,0,19-DEC-2017,
OPTSTK,TORNTPHARM,28-Dec-2017,1000,PE,0,0,0,33.15,0,0,0,0,0,19-DEC-2017,
OPTSTK,TORNTPHARM,28-Dec-2017,1050,PE,0,0,0,46.7,0,0,0,0,0,19-DEC-2017,
OPTSTK,TORNTPHARM,28-Dec-2017,1100,PE,0,0,0,63.3,0,0,0,0,0,19-DEC-2017,
OPTSTK,TORNTPHARM,28-Dec-2017,1150,PE,0,0,0,83.2,0,0,0,0,0,19-DEC-2017,
OPTSTK,TORNTPHARM,28-Dec-2017,1200,PE,0,0,0,3.75,0.05,0,0,800,0,19-DEC-2017,
OPTSTK,TORNTPHARM,28-Dec-2017,1250,PE,0,0,0,132.5,0.25,0,0,0,0,19-DEC-2017,
OPTSTK,TORNTPHARM,28-Dec-2017,1300,PE,3.5,3.7,2.5,3.3,3.3,7,36.49,3600,-1600,19-DEC-2017,
OPTSTK,TORNTPHARM,28-Dec-2017,1350,PE,11,11,11,11,11,2,10.88,400,0,19-DEC-2017,
OPTSTK,TORNTPHARM,28-Dec-2017,1400,PE,0,0,0,227.95,45.25,0,0,0,0,19-DEC-2017,
OPTSTK,TORNTPHARM,28-Dec-2017,1450,PE,0,0,0,264.65,88.7,0,0,0,0,19-DEC-2017,
OPTSTK,TORNTPHARM,28-Dec-2017,1500,PE,0,0,0,303.35,137.4,0,0,0,0,19-DEC-2017,
OPTSTK,TORNTPHARM,28-Dec-2017,1550,PE,0,0,0,343.7,187.2,0,0,0,0,19-DEC-2017,
OPTSTK,TORNTPHARM,28-Dec-2017,1600,PE,0,0,0,385.55,237.15,0,0,0,0,19-DEC-2017,
OPTSTK,TORNTPHARM,28-Dec-2017,1650,PE,0,0,0,428.7,287.05,0,0,0,0,19-DEC-2017,
OPTSTK,TORNTPHARM,25-Jan-2018,950,CE,0,0,0,331,416.6,0,0,0,0,19-DEC-2017,
OPTSTK,TORNTPHARM,25-Jan-2018,1000,CE,0,0,0,290.9,366.95,0,0,0,0,19-DEC-2017,
OPTSTK,TORNTPHARM,25-Jan-2018,1050,CE,0,0,0,253.6,317.25,0,0,0,0,19-DEC-2017,
OPTSTK,TORNTPHARM,25-Jan-2018,1100,CE,0,0,0,219.25,267.65,0,0,0,0,19-DEC-2017,
OPTSTK,TORNTPHARM,25-Jan-2018,1150,CE,0,0,0,188.05,218.4,0,0,0,0,19-DEC-2017,
OPTSTK,TORNTPHARM,25-Jan-2018,1200,CE,0,0,0,160.15,170.25,0,0,0,0,19-DEC-2017,
OPTSTK,TORNTPHARM,25-Jan-2018,1250,CE,0,0,0,135.4,125,0,0,0,0,19-DEC-2017,
OPTSTK,TORNTPHARM,25-Jan-2018,1300,CE,0,0,0,113.7,85.2,0,0,0,0,19-DEC-2017,
OPTSTK,TORNTPHARM,25-Jan-2018,1350,CE,0,0,0,94.85,53.1,0,0,0,0,19-DEC-2017,
OPTSTK,TORNTPHARM,25-Jan-2018,1400,CE,0,0,0,78.7,30,0,0,0,0,19-DEC-2017,
OPTSTK,TORNTPHARM,25-Jan-2018,1450,CE,0,0,0,64.9,15.35,0,0,0,0,19-DEC-2017,
OPTSTK,TORNTPHARM,25-Jan-2018,1500,CE,0,0,0,53.35,7.1,0,0,0,0,19-DEC-2017,
OPTSTK,TORNTPHARM,25-Jan-2018,1550,CE,0,0,0,43.65,2.95,0,0,0,0,19-DEC-2017,
OPTSTK,TORNTPHARM,25-Jan-2018,1600,CE,0,0,0,35.45,1.1,0,0,0,0,19-DEC-2017,
OPTSTK,TORNTPHARM,25-Jan-2018,1650,CE,0,0,0,28.75,0.4,0,0,0,0,19-DEC-2017,
OPTSTK,TORNTPHARM,25-Jan-2018,950,PE,0,0,0,17.95,0,0,0,0,0,19-DEC-2017,
OPTSTK,TORNTPHARM,25-Jan-2018,1000,PE,0,0,0,27.05,0,0,0,0,0,19-DEC-2017,
OPTSTK,TORNTPHARM,25-Jan-2018,1050,PE,0,0,0,39,0.05,0,0,0,0,19-DEC-2017,
OPTSTK,TORNTPHARM,25-Jan-2018,1100,PE,0,0,0,53.85,0.1,0,0,0,0,19-DEC-2017,
OPTSTK,TORNTPHARM,25-Jan-2018,1150,PE,0,0,0,71.85,0.5,0,0,0,0,19-DEC-2017,
OPTSTK,TORNTPHARM,25-Jan-2018,1200,PE,0,0,0,93.15,2.05,0,0,0,0,19-DEC-2017,
OPTSTK,TORNTPHARM,25-Jan-2018,1250,PE,0,0,0,117.65,6.45,0,0,0,0,19-DEC-2017,
OPTSTK,TORNTPHARM,25-Jan-2018,1300,PE,0,0,0,145.15,16.3,0,0,0,0,19-DEC-2017,
OPTSTK,TORNTPHARM,25-Jan-2018,1350,PE,0,0,0,175.55,33.9,0,0,0,0,19-DEC-2017,
OPTSTK,TORNTPHARM,25-Jan-2018,1400,PE,0,0,0,208.6,60.5,0,0,0,0,19-DEC-2017,
OPTSTK,TORNTPHARM,25-Jan-2018,1450,PE,0,0,0,244.05,95.5,0,0,0,0,19-DEC-2017,
OPTSTK,TORNTPHARM,25-Jan-2018,1500,PE,0,0,0,281.7,136.95,0,0,0,0,19-DEC-2017,
OPTSTK,TORNTPHARM,25-Jan-2018,1550,PE,0,0,0,321.2,182.45,0,0,0,0,19-DEC-2017,
OPTSTK,TORNTPHARM,25-Jan-2018,1600,PE,0,0,0,362.25,230.3,0,0,0,0,19-DEC-2017,
OPTSTK,TORNTPHARM,25-Jan-2018,1650,PE,0,0,0,404.7,279.25,0,0,0,0,19-DEC-2017,
OPTSTK,TORNTPHARM,22-Feb-2018,950,CE,0,0,0,350.9,421.25,0,0,0,0,19-DEC-2017,
OPTSTK,TORNTPHARM,22-Feb-2018,1000,CE,0,0,0,303.1,371.85,0,0,0,0,19-DEC-2017,
OPTSTK,TORNTPHARM,22-Feb-2018,1050,CE,0,0,0,256.75,322.6,0,0,0,0,19-DEC-2017,
OPTSTK,TORNTPHARM,22-Feb-2018,1100,CE,0,0,0,212.8,273.75,0,0,0,0,19-DEC-2017,
OPTSTK,TORNTPHARM,22-Feb-2018,1150,CE,0,0,0,172.2,225.9,0,0,0,0,19-DEC-2017,
OPTSTK,TORNTPHARM,22-Feb-2018,1200,CE,0,0,0,135.8,180.2,0,0,0,0,19-DEC-2017,
OPTSTK,TORNTPHARM,22-Feb-2018,1250,CE,0,0,0,104.35,138.05,0,0,0,0,19-DEC-2017,
OPTSTK,TORNTPHARM,22-Feb-2018,1300,CE,0,0,0,78,101.05,0,0,0,0,19-DEC-2017,
OPTSTK,TORNTPHARM,22-Feb-2018,1350,CE,0,0,0,56.8,70.4,0,0,0,0,19-DEC-2017,
OPTSTK,TORNTPHARM,22-Feb-2018,1400,CE,0,0,0,40.3,46.55,0,0,0,0,19-DEC-2017,
OPTSTK,TORNTPHARM,22-Feb-2018,1450,CE,0,0,0,27.95,29.2,0,0,0,0,19-DEC-2017,
OPTSTK,TORNTPHARM,22-Feb-2018,1500,CE,0,0,0,18.85,17.4,0,0,0,0,19-DEC-2017,
OPTSTK,TORNTPHARM,22-Feb-2018,1550,CE,0,0,0,12.45,9.85,0,0,0,0,19-DEC-2017,
OPTSTK,TORNTPHARM,22-Feb-2018,1600,CE,0,0,0,8.05,5.3,0,0,0,0,19-DEC-2017,
OPTSTK,TORNTPHARM,22-Feb-2018,1650,CE,0,0,0,5.1,2.75,0,0,0,0,19-DEC-2017,
OPTSTK,TORNTPHARM,22-Feb-2018,950,PE,0,0,0,0.9,0.05,0,0,0,0,19-DEC-2017,
OPTSTK,TORNTPHARM,22-Feb-2018,1000,PE,0,0,0,2.35,0.05,0,0,0,0,19-DEC-2017,
OPTSTK,TORNTPHARM,22-Feb-2018,1050,PE,0,0,0,5.3,0.2,0,0,0,0,19-DEC-2017,
OPTSTK,TORNTPHARM,22-Feb-2018,1100,PE,0,0,0,10.65,0.8,0,0,0,0,19-DEC-2017,
OPTSTK,TORNTPHARM,22-Feb-2018,1150,PE,0,0,0,19.3,2.4,0,0,0,0,19-DEC-2017,
OPTSTK,TORNTPHARM,22-Feb-2018,1200,PE,0,0,0,32.15,6.1,0,0,0,0,19-DEC-2017,
OPTSTK,TORNTPHARM,22-Feb-2018,1250,PE,0,0,0,49.95,13.4,0,0,0,0,19-DEC-2017,
OPTSTK,TORNTPHARM,22-Feb-2018,1300,PE,0,0,0,72.9,25.85,0,0,0,0,19-DEC-2017,
OPTSTK,TORNTPHARM,22-Feb-2018,1350,PE,0,0,0,101,44.6,0,0,0,0,19-DEC-2017,
OPTSTK,TORNTPHARM,22-Feb-2018,1400,PE,0,0,0,133.75,70.2,0,0,0,0,19-DEC-2017,
OPTSTK,TORNTPHARM,22-Feb-2018,1450,PE,0,0,0,170.65,102.25,0,0,0,0,19-DEC-2017,
OPTSTK,TORNTPHARM,22-Feb-2018,1500,PE,0,0,0,210.85,139.9,0,0,0,0,19-DEC-2017,
OPTSTK,TORNTPHARM,22-Feb-2018,1550,PE,0,0,0,253.7,181.75,0,0,0,0,19-DEC-2017,
OPTSTK,TORNTPHARM,22-Feb-2018,1600,PE,0,0,0,298.6,226.65,0,0,0,0,19-DEC-2017,
OPTSTK,TORNTPHARM,22-Feb-2018,1650,PE,0,0,0,344.9,273.5,0,0,0,0,19-DEC-2017,
OPTSTK,TORNTPOWER,28-Dec-2017,135,CE,0,0,0,76.05,131.7,0,0,0,0,19-DEC-2017,
OPTSTK,TORNTPOWER,28-Dec-2017,140,CE,0,0,0,71.25,126.7,0,0,0,0,19-DEC-2017,
OPTSTK,TORNTPOWER,28-Dec-2017,145,CE,0,0,0,66.45,121.7,0,0,0,0,19-DEC-2017,
OPTSTK,TORNTPOWER,28-Dec-2017,150,CE,0,0,0,61.75,116.7,0,0,0,0,19-DEC-2017,
OPTSTK,TORNTPOWER,28-Dec-2017,155,CE,0,0,0,57.15,111.7,0,0,0,0,19-DEC-2017,
OPTSTK,TORNTPOWER,28-Dec-2017,160,CE,0,0,0,52.65,106.7,0,0,0,0,19-DEC-2017,
OPTSTK,TORNTPOWER,28-Dec-2017,165,CE,0,0,0,48.3,101.75,0,0,0,0,19-DEC-2017,
OPTSTK,TORNTPOWER,28-Dec-2017,170,CE,0,0,0,44.05,96.75,0,0,0,0,19-DEC-2017,
OPTSTK,TORNTPOWER,28-Dec-2017,175,CE,0,0,0,40,91.75,0,0,0,0,19-DEC-2017,
OPTSTK,TORNTPOWER,28-Dec-2017,180,CE,0,0,0,36.15,86.75,0,0,0,0,19-DEC-2017,
OPTSTK,TORNTPOWER,28-Dec-2017,185,CE,0,0,0,32.5,81.75,0,0,0,0,19-DEC-2017,
OPTSTK,TORNTPOWER,28-Dec-2017,190,CE,0,0,0,29.1,76.75,0,0,0,0,19-DEC-2017,
OPTSTK,TORNTPOWER,28-Dec-2017,195,CE,0,0,0,25.9,71.75,0,0,0,0,19-DEC-2017,
OPTSTK,TORNTPOWER,28-Dec-2017,200,CE,0,0,0,22.95,66.8,0,0,0,0,19-DEC-2017,
OPTSTK,TORNTPOWER,28-Dec-2017,205,CE,0,0,0,20.2,61.8,0,0,0,0,19-DEC-2017,
OPTSTK,TORNTPOWER,28-Dec-2017,210,CE,0,0,0,17.75,56.8,0,0,0,0,19-DEC-2017,
OPTSTK,TORNTPOWER,28-Dec-2017,215,CE,0,0,0,15.5,51.8,0,0,0,0,19-DEC-2017,
OPTSTK,TORNTPOWER,28-Dec-2017,220,CE,0,0,0,13.45,46.8,0,0,0,0,19-DEC-2017,
OPTSTK,TORNTPOWER,28-Dec-2017,225,CE,0,0,0,11.65,41.85,0,0,0,0,19-DEC-2017,
OPTSTK,TORNTPOWER,28-Dec-2017,230,CE,0,0,0,10.05,36.85,0,0,0,0,19-DEC-2017,
OPTSTK,TORNTPOWER,28-Dec-2017,235,CE,0,0,0,8.65,31.95,0,0,0,0,19-DEC-2017,
OPTSTK,TORNTPOWER,28-Dec-2017,240,CE,0,0,0,43.2,27.1,0,0,3000,0,19-DEC-2017,
OPTSTK,TORNTPOWER,28-Dec-2017,245,CE,0,0,0,39.8,22.45,0,0,3000,0,19-DEC-2017,
OPTSTK,TORNTPOWER,28-Dec-2017,250,CE,0,0,0,5.35,18,0,0,0,0,19-DEC-2017,
OPTSTK,TORNTPOWER,28-Dec-2017,255,CE,0,0,0,4.5,14,0,0,0,0,19-DEC-2017,
OPTSTK,TORNTPOWER,28-Dec-2017,260,CE,0,0,0,4,10.45,0,0,30000,0,19-DEC-2017,
OPTSTK,TORNTPOWER,28-Dec-2017,265,CE,8.5,8.5,8.5,8.5,8.5,1,8.2,9000,-3000,19-DEC-2017,
OPTSTK,TORNTPOWER,28-Dec-2017,270,CE,5,7,5,5.45,5.45,58,479.99,168000,54000,19-DEC-2017,
OPTSTK,TORNTPOWER,28-Dec-2017,275,CE,3.2,4.5,3.2,3.4,3.4,6,50.17,72000,3000,19-DEC-2017,
OPTSTK,TORNTPOWER,28-Dec-2017,280,CE,1.75,3.25,1.75,2.2,2.2,11,93.23,102000,0,19-DEC-2017,
OPTSTK,TORNTPOWER,28-Dec-2017,285,CE,1.8,1.8,1.5,1.5,1.5,3,25.79,63000,0,19-DEC-2017,
OPTSTK,TORNTPOWER,28-Dec-2017,290,CE,0.75,1.05,0.75,0.85,0.85,88,767.96,381000,141000,19-DEC-2017,
OPTSTK,TORNTPOWER,28-Dec-2017,295,CE,0,0,0,1,0.4,0,0,45000,0,19-DEC-2017,
OPTSTK,TORNTPOWER,28-Dec-2017,300,CE,0.3,0.4,0.25,0.35,0.35,10,90.09,93000,-9000,19-DEC-2017,
OPTSTK,TORNTPOWER,28-Dec-2017,305,CE,0,0,0,0.55,0.1,0,0,6000,0,19-DEC-2017,
OPTSTK,TORNTPOWER,28-Dec-2017,310,CE,0,0,0,0.4,0.05,0,0,9000,0,19-DEC-2017,
OPTSTK,TORNTPOWER,28-Dec-2017,315,CE,0,0,0,0.5,0.05,0,0,6000,0,19-DEC-2017,
OPTSTK,TORNTPOWER,28-Dec-2017,320,CE,0,0,0,0.25,0.05,0,0,18000,0,19-DEC-2017,
OPTSTK,TORNTPOWER,28-Dec-2017,325,CE,0,0,0,0.5,0,0,0,6000,0,19-DEC-2017,
OPTSTK,TORNTPOWER,28-Dec-2017,330,CE,0,0,0,0.1,0,0,0,21000,0,19-DEC-2017,
OPTSTK,TORNTPOWER,28-Dec-2017,135,PE,0,0,0,0.15,0,0,0,0,0,19-DEC-2017,
OPTSTK,TORNTPOWER,28-Dec-2017,140,PE,0,0,0,0.25,0,0,0,0,0,19-DEC-2017,
OPTSTK,TORNTPOWER,28-Dec-2017,145,PE,0,0,0,0.4,0,0,0,0,0,19-DEC-2017,
OPTSTK,TORNTPOWER,28-Dec-2017,150,PE,0,0,0,0.65,0,0,0,0,0,19-DEC-2017,
OPTSTK,TORNTPOWER,28-Dec-2017,155,PE,0,0,0,0.95,0,0,0,0,0,19-DEC-2017,
OPTSTK,TORNTPOWER,28-Dec-2017,160,PE,0,0,0,1.35,0,0,0,0,0,19-DEC-2017,
OPTSTK,TORNTPOWER,28-Dec-2017,165,PE,0,0,0,1.9,0,0,0,0,0,19-DEC-2017,
OPTSTK,TORNTPOWER,28-Dec-2017,170,PE,0,0,0,2.6,0,0,0,0,0,19-DEC-2017,
OPTSTK,TORNTPOWER,28-Dec-2017,175,PE,0,0,0,3.5,0,0,0,0,0,19-DEC-2017,
OPTSTK,TORNTPOWER,28-Dec-2017,180,PE,0,0,0,4.55,0,0,0,0,0,19-DEC-2017,
OPTSTK,TORNTPOWER,28-Dec-2017,185,PE,0,0,0,5.85,0,0,0,0,0,19-DEC-2017,
OPTSTK,TORNTPOWER,28-Dec-2017,190,PE,0,0,0,7.3,0,0,0,0,0,19-DEC-2017,
OPTSTK,TORNTPOWER,28-Dec-2017,195,PE,0,0,0,9.05,0,0,0,0,0,19-DEC-2017,
OPTSTK,TORNTPOWER,28-Dec-2017,200,PE,0,0,0,11,0,0,0,0,0,19-DEC-2017,
OPTSTK,TORNTPOWER,28-Dec-2017,205,PE,0,0,0,13.25,0,0,0,0,0,19-DEC-2017,
OPTSTK,TORNTPOWER,28-Dec-2017,210,PE,0,0,0,15.65,0,0,0,0,0,19-DEC-2017,
OPTSTK,TORNTPOWER,28-Dec-2017,215,PE,0,0,0,18.35,0,0,0,0,0,19-DEC-2017,
OPTSTK,TORNTPOWER,28-Dec-2017,220,PE,0,0,0,21.25,0,0,0,0,0,19-DEC-2017,
OPTSTK,TORNTPOWER,28-Dec-2017,225,PE,0,0,0,24.35,0.05,0,0,0,0,19-DEC-2017,
OPTSTK,TORNTPOWER,28-Dec-2017,230,PE,0,0,0,0.85,0.05,0,0,3000,0,19-DEC-2017,
OPTSTK,TORNTPOWER,28-Dec-2017,235,PE,0,0,0,0.5,0.15,0,0,3000,0,19-DEC-2017,
OPTSTK,TORNTPOWER,28-Dec-2017,240,PE,0.4,0.4,0.35,0.35,0.35,2,14.42,27000,-3000,19-DEC-2017,
OPTSTK,TORNTPOWER,28-Dec-2017,245,PE,0,0,0,2.8,0.6,0,0,54000,0,19-DEC-2017,
OPTSTK,TORNTPOWER,28-Dec-2017,250,PE,1,1,1,1,1,1,7.53,96000,3000,19-DEC-2017,
OPTSTK,TORNTPOWER,28-Dec-2017,255,PE,2.3,2.3,1.4,1.4,1.4,9,69.25,39000,12000,19-DEC-2017,
OPTSTK,TORNTPOWER,28-Dec-2017,260,PE,2.35,3.05,2.35,3.05,3.05,3,23.63,30000,0,19-DEC-2017,
OPTSTK,TORNTPOWER,28-Dec-2017,265,PE,6.35,6.35,6.35,6.35,6.35,2,16.28,12000,-6000,19-DEC-2017,
OPTSTK,TORNTPOWER,28-Dec-2017,270,PE,9.25,9.25,7,7,7,3,25.06,24000,-6000,19-DEC-2017,
OPTSTK,TORNTPOWER,28-Dec-2017,275,PE,0,0,0,21.65,11.45,0,0,9000,0,19-DEC-2017,
OPTSTK,TORNTPOWER,28-Dec-2017,280,PE,0,0,0,25.6,15.2,0,0,12000,0,19-DEC-2017,
OPTSTK,TORNTPOWER,28-Dec-2017,285,PE,0,0,0,73.35,19.35,0,0,0,0,19-DEC-2017,
OPTSTK,TORNTPOWER,28-Dec-2017,290,PE,0,0,0,34.7,23.8,0,0,3000,0,19-DEC-2017,
OPTSTK,TORNTPOWER,28-Dec-2017,295,PE,0,0,0,82.7,28.5,0,0,0,0,19-DEC-2017,
OPTSTK,TORNTPOWER,28-Dec-2017,300,PE,0,0,0,43.85,33.3,0,0,3000,0,19-DEC-2017,
OPTSTK,TORNTPOWER,28-Dec-2017,305,PE,0,0,0,88.5,38.2,0,0,0,0,19-DEC-2017,
OPTSTK,TORNTPOWER,28-Dec-2017,310,PE,0,0,0,87.25,43.15,0,0,0,0,19-DEC-2017,
OPTSTK,TORNTPOWER,28-Dec-2017,315,PE,0,0,0,35.65,48.1,0,0,3000,0,19-DEC-2017,
OPTSTK,TORNTPOWER,28-Dec-2017,320,PE,0,0,0,84.15,53.1,0,0,0,0,19-DEC-2017,
OPTSTK,TORNTPOWER,28-Dec-2017,325,PE,0,0,0,88.85,58.05,0,0,0,0,19-DEC-2017,
OPTSTK,TORNTPOWER,28-Dec-2017,330,PE,0,0,0,85.2,63.05,0,0,0,0,19-DEC-2017,
OPTSTK,TORNTPOWER,25-Jan-2018,175,CE,0,0,0,93.5,92.6,0,0,0,0,19-DEC-2017,
OPTSTK,TORNTPOWER,25-Jan-2018,180,CE,0,0,0,88.8,87.65,0,0,0,0,19-DEC-2017,
OPTSTK,TORNTPOWER,25-Jan-2018,185,CE,0,0,0,84.2,82.7,0,0,0,0,19-DEC-2017,
OPTSTK,TORNTPOWER,25-Jan-2018,190,CE,0,0,0,79.65,77.75,0,0,0,0,19-DEC-2017,
OPTSTK,TORNTPOWER,25-Jan-2018,195,CE,0,0,0,75.2,72.8,0,0,0,0,19-DEC-2017,
OPTSTK,TORNTPOWER,25-Jan-2018,200,CE,0,0,0,70.85,67.85,0,0,0,0,19-DEC-2017,
OPTSTK,TORNTPOWER,25-Jan-2018,205,CE,0,0,0,66.6,62.95,0,0,0,0,19-DEC-2017,
OPTSTK,TORNTPOWER,25-Jan-2018,210,CE,0,0,0,62.5,58.1,0,0,0,0,19-DEC-2017,
OPTSTK,TORNTPOWER,25-Jan-2018,215,CE,0,0,0,58.5,53.3,0,0,0,0,19-DEC-2017,
OPTSTK,TORNTPOWER,25-Jan-2018,220,CE,0,0,0,54.6,48.6,0,0,0,0,19-DEC-2017,
OPTSTK,TORNTPOWER,25-Jan-2018,225,CE,0,0,0,50.9,44,0,0,0,0,19-DEC-2017,
OPTSTK,TORNTPOWER,25-Jan-2018,230,CE,0,0,0,47.35,39.55,0,0,0,0,19-DEC-2017,
OPTSTK,TORNTPOWER,25-Jan-2018,235,CE,0,0,0,43.9,35.3,0,0,0,0,19-DEC-2017,
OPTSTK,TORNTPOWER,25-Jan-2018,240,CE,0,0,0,40.65,31.2,0,0,0,0,19-DEC-2017,
OPTSTK,TORNTPOWER,25-Jan-2018,245,CE,0,0,0,37.55,27.35,0,0,0,0,19-DEC-2017,
OPTSTK,TORNTPOWER,25-Jan-2018,250,CE,0,0,0,34.65,23.8,0,0,0,0,19-DEC-2017,
OPTSTK,TORNTPOWER,25-Jan-2018,255,CE,0,0,0,31.85,20.5,0,0,0,0,19-DEC-2017,
OPTSTK,TORNTPOWER,25-Jan-2018,260,CE,0,0,0,29.25,17.5,0,0,0,0,19-DEC-2017,
OPTSTK,TORNTPOWER,25-Jan-2018,265,CE,0,0,0,26.8,14.8,0,0,0,0,19-DEC-2017,
OPTSTK,TORNTPOWER,25-Jan-2018,270,CE,0,0,0,24.55,12.35,0,0,0,0,19-DEC-2017,
OPTSTK,TORNTPOWER,25-Jan-2018,275,CE,0,0,0,22.4,10.25,0,0,0,0,19-DEC-2017,
OPTSTK,TORNTPOWER,25-Jan-2018,280,CE,0,0,0,20.4,8.45,0,0,0,0,19-DEC-2017,
OPTSTK,TORNTPOWER,25-Jan-2018,285,CE,0,0,0,18.6,6.85,0,0,0,0,19-DEC-2017,
OPTSTK,TORNTPOWER,25-Jan-2018,290,CE,0,0,0,16.85,5.55,0,0,0,0,19-DEC-2017,
OPTSTK,TORNTPOWER,25-Jan-2018,295,CE,0,0,0,15.3,4.45,0,0,0,0,19-DEC-2017,
OPTSTK,TORNTPOWER,25-Jan-2018,300,CE,0,0,0,13.85,3.5,0,0,0,0,19-DEC-2017,
OPTSTK,TORNTPOWER,25-Jan-2018,305,CE,0,0,0,12.5,2.75,0,0,0,0,19-DEC-2017,
OPTSTK,TORNTPOWER,25-Jan-2018,310,CE,0,0,0,11.3,2.15,0,0,0,0,19-DEC-2017,
OPTSTK,TORNTPOWER,25-Jan-2018,315,CE,0,0,0,10.2,1.65,0,0,0,0,19-DEC-2017,
OPTSTK,TORNTPOWER,25-Jan-2018,320,CE,0,0,0,9.2,1.3,0,0,0,0,19-DEC-2017,
OPTSTK,TORNTPOWER,25-Jan-2018,325,CE,0,0,0,8.25,1,0,0,0,0,19-DEC-2017,
OPTSTK,TORNTPOWER,25-Jan-2018,330,CE,0,0,0,7.4,0.75,0,0,0,0,19-DEC-2017,
OPTSTK,TORNTPOWER,25-Jan-2018,175,PE,0,0,0,0.7,0,0,0,0,0,19-DEC-2017,
OPTSTK,TORNTPOWER,25-Jan-2018,180,PE,0,0,0,0.95,0,0,0,0,0,19-DEC-2017,
OPTSTK,TORNTPOWER,25-Jan-2018,185,PE,0,0,0,1.25,0.05,0,0,0,0,19-DEC-2017,
OPTSTK,TORNTPOWER,25-Jan-2018,190,PE,0,0,0,1.6,0.05,0,0,0,0,19-DEC-2017,
OPTSTK,TORNTPOWER,25-Jan-2018,195,PE,0,0,0,2.1,0.05,0,0,0,0,19-DEC-2017,
OPTSTK,TORNTPOWER,25-Jan-2018,200,PE,0,0,0,2.65,0.1,0,0,0,0,19-DEC-2017,
OPTSTK,TORNTPOWER,25-Jan-2018,205,PE,0,0,0,3.35,0.2,0,0,0,0,19-DEC-2017,
OPTSTK,TORNTPOWER,25-Jan-2018,210,PE,0,0,0,4.15,0.3,0,0,0,0,19-DEC-2017,
OPTSTK,TORNTPOWER,25-Jan-2018,215,PE,0,0,0,5.05,0.45,0,0,0,0,19-DEC-2017,
OPTSTK,TORNTPOWER,25-Jan-2018,220,PE,0,0,0,6.1,0.75,0,0,0,0,19-DEC-2017,
OPTSTK,TORNTPOWER,25-Jan-2018,225,PE,0,0,0,7.35,1.1,0,0,0,0,19-DEC-2017,
OPTSTK,TORNTPOWER,25-Jan-2018,230,PE,0,0,0,8.7,1.6,0,0,0,0,19-DEC-2017,
OPTSTK,TORNTPOWER,25-Jan-2018,235,PE,0,0,0,10.2,2.3,0,0,0,0,19-DEC-2017,
OPTSTK,TORNTPOWER,25-Jan-2018,240,PE,0,0,0,11.85,3.2,0,0,0,0,19-DEC-2017,
OPTSTK,TORNTPOWER,25-Jan-2018,245,PE,0,0,0,13.65,4.3,0,0,0,0,19-DEC-2017,
OPTSTK,TORNTPOWER,25-Jan-2018,250,PE,0,0,0,15.65,5.7,0,0,0,0,19-DEC-2017,
OPTSTK,TORNTPOWER,25-Jan-2018,255,PE,0,0,0,17.8,7.35,0,0,0,0,19-DEC-2017,
OPTSTK,TORNTPOWER,25-Jan-2018,260,PE,0,0,0,20.15,9.35,0,0,0,0,19-DEC-2017,
OPTSTK,TORNTPOWER,25-Jan-2018,265,PE,0,0,0,22.6,11.6,0,0,0,0,19-DEC-2017,
OPTSTK,TORNTPOWER,25-Jan-2018,270,PE,0,0,0,25.25,14.15,0,0,0,0,19-DEC-2017,
OPTSTK,TORNTPOWER,25-Jan-2018,275,PE,0,0,0,28.05,17,0,0,0,0,19-DEC-2017,
OPTSTK,TORNTPOWER,25-Jan-2018,280,PE,0,0,0,31,20.15,0,0,0,0,19-DEC-2017,
OPTSTK,TORNTPOWER,25-Jan-2018,285,PE,0,0,0,34.05,23.55,0,0,0,0,19-DEC-2017,
OPTSTK,TORNTPOWER,25-Jan-2018,290,PE,0,0,0,37.3,27.2,0,0,0,0,19-DEC-2017,
OPTSTK,TORNTPOWER,25-Jan-2018,295,PE,0,0,0,40.6,31.05,0,0,0,0,19-DEC-2017,
OPTSTK,TORNTPOWER,25-Jan-2018,300,PE,0,0,0,44.1,35.1,0,0,0,0,19-DEC-2017,
OPTSTK,TORNTPOWER,25-Jan-2018,305,PE,0,0,0,47.7,39.35,0,0,0,0,19-DEC-2017,
OPTSTK,TORNTPOWER,25-Jan-2018,310,PE,0,0,0,51.4,43.7,0,0,0,0,19-DEC-2017,
OPTSTK,TORNTPOWER,25-Jan-2018,315,PE,0,0,0,55.2,48.15,0,0,0,0,19-DEC-2017,
OPTSTK,TORNTPOWER,25-Jan-2018,320,PE,0,0,0,59.1,52.75,0,0,0,0,19-DEC-2017,
OPTSTK,TORNTPOWER,25-Jan-2018,325,PE,0,0,0,63.1,57.4,0,0,0,0,19-DEC-2017,
OPTSTK,TORNTPOWER,25-Jan-2018,330,PE,0,0,0,67.2,62.15,0,0,0,0,19-DEC-2017,
OPTSTK,TORNTPOWER,22-Feb-2018,195,CE,0,0,0,94.65,74.05,0,0,0,0,19-DEC-2017,
OPTSTK,TORNTPOWER,22-Feb-2018,200,CE,0,0,0,89.9,69.25,0,0,0,0,19-DEC-2017,
OPTSTK,TORNTPOWER,22-Feb-2018,205,CE,0,0,0,85.2,64.55,0,0,0,0,19-DEC-2017,
OPTSTK,TORNTPOWER,22-Feb-2018,210,CE,0,0,0,80.55,59.95,0,0,0,0,19-DEC-2017,
OPTSTK,TORNTPOWER,22-Feb-2018,215,CE,0,0,0,75.95,55.45,0,0,0,0,19-DEC-2017,
OPTSTK,TORNTPOWER,22-Feb-2018,220,CE,0,0,0,71.5,51.05,0,0,0,0,19-DEC-2017,
OPTSTK,TORNTPOWER,22-Feb-2018,225,CE,0,0,0,67.1,46.8,0,0,0,0,19-DEC-2017,
OPTSTK,TORNTPOWER,22-Feb-2018,230,CE,0,0,0,62.8,42.7,0,0,0,0,19-DEC-2017,
OPTSTK,TORNTPOWER,22-Feb-2018,235,CE,0,0,0,58.65,38.8,0,0,0,0,19-DEC-2017,
OPTSTK,TORNTPOWER,22-Feb-2018,240,CE,0,0,0,54.6,35.05,0,0,0,0,19-DEC-2017,
OPTSTK,TORNTPOWER,22-Feb-2018,245,CE,0,0,0,50.7,31.55,0,0,0,0,19-DEC-2017,
OPTSTK,TORNTPOWER,22-Feb-2018,250,CE,0,0,0,47,28.25,0,0,0,0,19-DEC-2017,
OPTSTK,TORNTPOWER,22-Feb-2018,255,CE,0,0,0,43.4,25.15,0,0,0,0,19-DEC-2017,
OPTSTK,TORNTPOWER,22-Feb-2018,260,CE,0,0,0,39.95,22.3,0,0,0,0,19-DEC-2017,
OPTSTK,TORNTPOWER,22-Feb-2018,265,CE,0,0,0,36.7,19.65,0,0,0,0,19-DEC-2017,
OPTSTK,TORNTPOWER,22-Feb-2018,270,CE,0,0,0,33.65,17.25,0,0,0,0,19-DEC-2017,
OPTSTK,TORNTPOWER,22-Feb-2018,275,CE,0,0,0,30.75,15.1,0,0,0,0,19-DEC-2017,
OPTSTK,TORNTPOWER,22-Feb-2018,280,CE,0,0,0,28.05,13.15,0,0,0,0,19-DEC-2017,
OPTSTK,TORNTPOWER,22-Feb-2018,285,CE,0,0,0,25.5,11.35,0,0,0,0,19-DEC-2017,
OPTSTK,TORNTPOWER,22-Feb-2018,290,CE,0,0,0,23.1,9.8,0,0,0,0,19-DEC-2017,
OPTSTK,TORNTPOWER,22-Feb-2018,295,CE,0,0,0,20.9,8.4,0,0,0,0,19-DEC-2017,
OPTSTK,TORNTPOWER,22-Feb-2018,300,CE,0,0,0,18.85,7.2,0,0,0,0,19-DEC-2017,
OPTSTK,TORNTPOWER,22-Feb-2018,305,CE,0,0,0,17,6.1,0,0,0,0,19-DEC-2017,
OPTSTK,TORNTPOWER,22-Feb-2018,310,CE,0,0,0,15.25,5.2,0,0,0,0,19-DEC-2017,
OPTSTK,TORNTPOWER,22-Feb-2018,315,CE,0,0,0,13.65,4.4,0,0,0,0,19-DEC-2017,
OPTSTK,TORNTPOWER,22-Feb-2018,320,CE,0,0,0,12.2,3.7,0,0,0,0,19-DEC-2017,
OPTSTK,TORNTPOWER,22-Feb-2018,325,CE,0,0,0,10.9,3.1,0,0,0,0,19-DEC-2017,
OPTSTK,TORNTPOWER,22-Feb-2018,330,CE,0,0,0,9.7,2.6,0,0,0,0,19-DEC-2017,
OPTSTK,TORNTPOWER,22-Feb-2018,195,PE,0,0,0,0.4,0.35,0,0,0,0,19-DEC-2017,
OPTSTK,TORNTPOWER,22-Feb-2018,200,PE,0,0,0,0.6,0.55,0,0,0,0,19-DEC-2017,
OPTSTK,TORNTPOWER,22-Feb-2018,205,PE,0,0,0,0.8,0.8,0,0,0,0,19-DEC-2017,
OPTSTK,TORNTPOWER,22-Feb-2018,210,PE,0,0,0,1.1,1.1,0,0,0,0,19-DEC-2017,
OPTSTK,TORNTPOWER,22-Feb-2018,215,PE,0,0,0,1.45,1.55,0,0,0,0,19-DEC-2017,
OPTSTK,TORNTPOWER,22-Feb-2018,220,PE,0,0,0,1.9,2.1,0,0,0,0,19-DEC-2017,
OPTSTK,TORNTPOWER,22-Feb-2018,225,PE,0,0,0,2.4,2.8,0,0,0,0,19-DEC-2017,
OPTSTK,TORNTPOWER,22-Feb-2018,230,PE,0,0,0,3.05,3.65,0,0,0,0,19-DEC-2017,
OPTSTK,TORNTPOWER,22-Feb-2018,235,PE,0,0,0,3.8,4.65,0,0,0,0,19-DEC-2017,
OPTSTK,TORNTPOWER,22-Feb-2018,240,PE,0,0,0,4.7,5.9,0,0,0,0,19-DEC-2017,
OPTSTK,TORNTPOWER,22-Feb-2018,245,PE,0,0,0,5.75,7.3,0,0,0,0,19-DEC-2017,
OPTSTK,TORNTPOWER,22-Feb-2018,250,PE,0,0,0,6.95,8.95,0,0,0,0,19-DEC-2017,
OPTSTK,TORNTPOWER,22-Feb-2018,255,PE,0,0,0,8.3,10.8,0,0,0,0,19-DEC-2017,
OPTSTK,TORNTPOWER,22-Feb-2018,260,PE,0,0,0,9.8,12.9,0,0,0,0,19-DEC-2017,
OPTSTK,TORNTPOWER,22-Feb-2018,265,PE,0,0,0,11.45,15.2,0,0,0,0,19-DEC-2017,
OPTSTK,TORNTPOWER,22-Feb-2018,270,PE,0,0,0,13.3,17.75,0,0,0,0,19-DEC-2017,
OPTSTK,TORNTPOWER,22-Feb-2018,275,PE,0,0,0,15.35,20.5,0,0,0,0,19-DEC-2017,
OPTSTK,TORNTPOWER,22-Feb-2018,280,PE,0,0,0,17.55,23.5,0,0,0,0,19-DEC-2017,
OPTSTK,TORNTPOWER,22-Feb-2018,285,PE,0,0,0,19.95,26.65,0,0,0,0,19-DEC-2017,
OPTSTK,TORNTPOWER,22-Feb-2018,290,PE,0,0,0,22.5,30.05,0,0,0,0,19-DEC-2017,
OPTSTK,TORNTPOWER,22-Feb-2018,295,PE,0,0,0,25.2,33.6,0,0,0,0,19-DEC-2017,
OPTSTK,TORNTPOWER,22-Feb-2018,300,PE,0,0,0,28.1,37.3,0,0,0,0,19-DEC-2017,
OPTSTK,TORNTPOWER,22-Feb-2018,305,PE,0,0,0,31.15,41.2,0,0,0,0,19-DEC-2017,
OPTSTK,TORNTPOWER,22-Feb-2018,310,PE,0,0,0,34.35,45.2,0,0,0,0,19-DEC-2017,
OPTSTK,TORNTPOWER,22-Feb-2018,315,PE,0,0,0,37.7,49.35,0,0,0,0,19-DEC-2017,
OPTSTK,TORNTPOWER,22-Feb-2018,320,PE,0,0,0,41.15,53.6,0,0,0,0,19-DEC-2017,
OPTSTK,TORNTPOWER,22-Feb-2018,325,PE,0,0,0,44.75,57.95,0,0,0,0,19-DEC-2017,
OPTSTK,TORNTPOWER,22-Feb-2018,330,PE,0,0,0,48.5,62.35,0,0,0,0,19-DEC-2017,
OPTSTK,TV18BRDCST,28-Dec-2017,20,CE,0,0,0,19,36.3,0,0,0,0,19-DEC-2017,
OPTSTK,TV18BRDCST,28-Dec-2017,22.5,CE,0,0,0,16.55,33.8,0,0,0,0,19-DEC-2017,
OPTSTK,TV18BRDCST,28-Dec-2017,25,CE,0,0,0,14.1,31.3,0,0,0,0,19-DEC-2017,
OPTSTK,TV18BRDCST,28-Dec-2017,27.5,CE,0,0,0,11.75,28.8,0,0,0,0,19-DEC-2017,
OPTSTK,TV18BRDCST,28-Dec-2017,30,CE,0,0,0,9.55,26.3,0,0,0,0,19-DEC-2017,
OPTSTK,TV18BRDCST,28-Dec-2017,32.5,CE,0,0,0,22.75,23.8,0,0,0,0,19-DEC-2017,
OPTSTK,TV18BRDCST,28-Dec-2017,35,CE,0,0,0,21,21.3,0,0,170000,0,19-DEC-2017,
OPTSTK,TV18BRDCST,28-Dec-2017,37.5,CE,0,0,0,19,18.85,0,0,34000,0,19-DEC-2017,
OPTSTK,TV18BRDCST,28-Dec-2017,40,CE,0,0,0,16.75,16.35,0,0,102000,0,19-DEC-2017,
OPTSTK,TV18BRDCST,28-Dec-2017,42.5,CE,0,0,0,13.6,13.85,0,0,17000,0,19-DEC-2017,
OPTSTK,TV18BRDCST,28-Dec-2017,45,CE,0,0,0,11.5,11.35,0,0,85000,0,19-DEC-2017,
OPTSTK,TV18BRDCST,28-Dec-2017,47.5,CE,0,0,0,7.1,8.9,0,0,102000,0,19-DEC-2017,
OPTSTK,TV18BRDCST,28-Dec-2017,50,CE,0,0,0,4.45,6.6,0,0,357000,0,19-DEC-2017,
OPTSTK,TV18BRDCST,28-Dec-2017,52.5,CE,2.7,4.6,2.7,4.4,4.4,8,76.68,663000,-85000,19-DEC-2017,
OPTSTK,TV18BRDCST,28-Dec-2017,55,CE,1.4,2.55,1.4,2.1,2.1,108,1047.56,2363000,-238000,19-DEC-2017,
OPTSTK,TV18BRDCST,28-Dec-2017,57.5,CE,0.55,1.25,0.55,1.05,1.05,128,1273.14,3043000,-136000,19-DEC-2017,
OPTSTK,TV18BRDCST,28-Dec-2017,60,CE,0.35,0.6,0.3,0.55,0.55,106,1089.86,6664000,-578000,19-DEC-2017,
OPTSTK,TV18BRDCST,28-Dec-2017,62.5,CE,0.2,0.3,0.2,0.3,0.3,28,298.66,2669000,-238000,19-DEC-2017,
OPTSTK,TV18BRDCST,28-Dec-2017,65,CE,0.15,0.15,0.1,0.15,0.15,53,586.84,4658000,-374000,19-DEC-2017,
OPTSTK,TV18BRDCST,28-Dec-2017,67.5,CE,0.1,0.1,0.05,0.05,0.05,10,114.9,1241000,-153000,19-DEC-2017,
OPTSTK,TV18BRDCST,28-Dec-2017,70,CE,0.05,0.05,0.05,0.05,0.05,2,23.81,255000,-17000,19-DEC-2017,
OPTSTK,TV18BRDCST,28-Dec-2017,20,PE,0,0,0,0.05,0,0,0,17000,0,19-DEC-2017,
OPTSTK,TV18BRDCST,28-Dec-2017,22.5,PE,0,0,0,0.05,0,0,0,0,0,19-DEC-2017,
OPTSTK,TV18BRDCST,28-Dec-2017,25,PE,0,0,0,0.1,0,0,0,0,0,19-DEC-2017,
OPTSTK,TV18BRDCST,28-Dec-2017,27.5,PE,0,0,0,0.2,0,0,0,0,0,19-DEC-2017,
OPTSTK,TV18BRDCST,28-Dec-2017,30,PE,0,0,0,0.45,0,0,0,0,0,19-DEC-2017,
OPTSTK,TV18BRDCST,28-Dec-2017,32.5,PE,0,0,0,0.1,0,0,0,0,0,19-DEC-2017,
OPTSTK,TV18BRDCST,28-Dec-2017,35,PE,0,0,0,0.05,0,0,0,357000,0,19-DEC-2017,
OPTSTK,TV18BRDCST,28-Dec-2017,37.5,PE,0,0,0,0.05,0,0,0,85000,0,19-DEC-2017,
OPTSTK,TV18BRDCST,28-Dec-2017,40,PE,0.05,0.05,0.05,0.05,0.05,5,34.04,357000,-85000,19-DEC-2017,
OPTSTK,TV18BRDCST,28-Dec-2017,42.5,PE,0.05,0.05,0.05,0.05,0.05,2,14.46,153000,-34000,19-DEC-2017,
OPTSTK,TV18BRDCST,28-Dec-2017,45,PE,0.05,0.05,0.05,0.05,0.05,2,15.31,901000,-34000,19-DEC-2017,
OPTSTK,TV18BRDCST,28-Dec-2017,47.5,PE,0,0,0,0.2,0.1,0,0,952000,0,19-DEC-2017,
OPTSTK,TV18BRDCST,28-Dec-2017,50,PE,0.3,0.3,0.25,0.25,0.25,9,76.89,952000,-85000,19-DEC-2017,
OPTSTK,TV18BRDCST,28-Dec-2017,52.5,PE,0.6,0.6,0.5,0.5,0.5,6,54.11,969000,-68000,19-DEC-2017,
OPTSTK,TV18BRDCST,28-Dec-2017,55,PE,1.35,1.35,1.1,1.1,1.1,5,47.77,986000,-51000,19-DEC-2017,
OPTSTK,TV18BRDCST,28-Dec-2017,57.5,PE,2.3,2.3,2.3,2.3,2.3,1,10.16,340000,0,19-DEC-2017,
OPTSTK,TV18BRDCST,28-Dec-2017,60,PE,0,0,0,8.05,4.55,0,0,408000,0,19-DEC-2017,
OPTSTK,TV18BRDCST,28-Dec-2017,62.5,PE,0,0,0,6.95,6.6,0,0,17000,0,19-DEC-2017,
OPTSTK,TV18BRDCST,28-Dec-2017,65,PE,0,0,0,10.7,8.85,0,0,391000,0,19-DEC-2017,
OPTSTK,TV18BRDCST,28-Dec-2017,67.5,PE,0,0,0,23.7,11.25,0,0,0,0,19-DEC-2017,
OPTSTK,TV18BRDCST,28-Dec-2017,70,PE,0,0,0,24.55,13.7,0,0,0,0,19-DEC-2017,
OPTSTK,TV18BRDCST,25-Jan-2018,20,CE,0,0,0,23.45,36.4,0,0,0,0,19-DEC-2017,
OPTSTK,TV18BRDCST,25-Jan-2018,22.5,CE,0,0,0,21,33.9,0,0,0,0,19-DEC-2017,
OPTSTK,TV18BRDCST,25-Jan-2018,25,CE,0,0,0,18.55,31.45,0,0,0,0,19-DEC-2017,
OPTSTK,TV18BRDCST,25-Jan-2018,27.5,CE,0,0,0,16.1,28.95,0,0,0,0,19-DEC-2017,
OPTSTK,TV18BRDCST,25-Jan-2018,30,CE,0,0,0,13.75,26.45,0,0,0,0,19-DEC-2017,
OPTSTK,TV18BRDCST,25-Jan-2018,32.5,CE,0,0,0,11.5,24,0,0,0,0,19-DEC-2017,
OPTSTK,TV18BRDCST,25-Jan-2018,35,CE,0,0,0,9.35,21.5,0,0,0,0,19-DEC-2017,
OPTSTK,TV18BRDCST,25-Jan-2018,37.5,CE,0,0,0,7.5,19.05,0,0,0,0,19-DEC-2017,
OPTSTK,TV18BRDCST,25-Jan-2018,40,CE,0,0,0,5.85,16.65,0,0,0,0,19-DEC-2017,
OPTSTK,TV18BRDCST,25-Jan-2018,42.5,CE,0,0,0,4.45,14.35,0,0,0,0,19-DEC-2017,
OPTSTK,TV18BRDCST,25-Jan-2018,45,CE,0,0,0,3.3,12.15,0,0,0,0,19-DEC-2017,
OPTSTK,TV18BRDCST,25-Jan-2018,47.5,CE,0,0,0,2.45,10.1,0,0,0,0,19-DEC-2017,
OPTSTK,TV18BRDCST,25-Jan-2018,50,CE,0,0,0,1.75,8.2,0,0,0,0,19-DEC-2017,
OPTSTK,TV18BRDCST,25-Jan-2018,52.5,CE,0,0,0,1.25,6.6,0,0,0,0,19-DEC-2017,
OPTSTK,TV18BRDCST,25-Jan-2018,55,CE,4.2,4.2,4.2,4.2,4.2,2,20.12,102000,-34000,19-DEC-2017,
OPTSTK,TV18BRDCST,25-Jan-2018,57.5,CE,0,0,0,0.6,4,0,0,0,0,19-DEC-2017,
OPTSTK,TV18BRDCST,25-Jan-2018,60,CE,0,0,0,0.4,3.05,0,0,0,0,19-DEC-2017,
OPTSTK,TV18BRDCST,25-Jan-2018,62.5,CE,0,0,0,0.3,2.25,0,0,0,0,19-DEC-2017,
OPTSTK,TV18BRDCST,25-Jan-2018,65,CE,0,0,0,1,1.65,0,0,119000,0,19-DEC-2017,
OPTSTK,TV18BRDCST,25-Jan-2018,67.5,CE,0,0,0,1.1,1.2,0,0,0,0,19-DEC-2017,
OPTSTK,TV18BRDCST,25-Jan-2018,70,CE,0,0,0,0.1,0.85,0,0,0,0,19-DEC-2017,
OPTSTK,TV18BRDCST,25-Jan-2018,20,PE,0,0,0,0.05,0,0,0,0,0,19-DEC-2017,
OPTSTK,TV18BRDCST,25-Jan-2018,22.5,PE,0,0,0,0.05,0,0,0,0,0,19-DEC-2017,
OPTSTK,TV18BRDCST,25-Jan-2018,25,PE,0,0,0,0.05,0,0,0,0,0,19-DEC-2017,
OPTSTK,TV18BRDCST,25-Jan-2018,27.5,PE,0,0,0,0.05,0,0,0,0,0,19-DEC-2017,
OPTSTK,TV18BRDCST,25-Jan-2018,30,PE,0,0,0,0.15,0,0,0,0,0,19-DEC-2017,
OPTSTK,TV18BRDCST,25-Jan-2018,32.5,PE,0,0,0,0.35,0.05,0,0,0,0,19-DEC-2017,
OPTSTK,TV18BRDCST,25-Jan-2018,35,PE,0,0,0,0.75,0.05,0,0,0,0,19-DEC-2017,
OPTSTK,TV18BRDCST,25-Jan-2018,37.5,PE,0,0,0,1.3,0.1,0,0,0,0,19-DEC-2017,
OPTSTK,TV18BRDCST,25-Jan-2018,40,PE,0,0,0,2.1,0.15,0,0,0,0,19-DEC-2017,
OPTSTK,TV18BRDCST,25-Jan-2018,42.5,PE,0,0,0,3.2,0.3,0,0,0,0,19-DEC-2017,
OPTSTK,TV18BRDCST,25-Jan-2018,45,PE,0,0,0,4.5,0.6,0,0,0,0,19-DEC-2017,
OPTSTK,TV18BRDCST,25-Jan-2018,47.5,PE,0,0,0,6.1,1,0,0,0,0,19-DEC-2017,
OPTSTK,TV18BRDCST,25-Jan-2018,50,PE,0,0,0,7.85,1.65,0,0,0,0,19-DEC-2017,
OPTSTK,TV18BRDCST,25-Jan-2018,52.5,PE,0,0,0,9.8,2.5,0,0,0,0,19-DEC-2017,
OPTSTK,TV18BRDCST,25-Jan-2018,55,PE,0,0,0,11.9,3.55,0,0,0,0,19-DEC-2017,
OPTSTK,TV18BRDCST,25-Jan-2018,57.5,PE,0,0,0,14.1,4.85,0,0,0,0,19-DEC-2017,
OPTSTK,TV18BRDCST,25-Jan-2018,60,PE,0,0,0,16.4,6.4,0,0,0,0,19-DEC-2017,
OPTSTK,TV18BRDCST,25-Jan-2018,62.5,PE,0,0,0,18.7,8.1,0,0,0,0,19-DEC-2017,
OPTSTK,TV18BRDCST,25-Jan-2018,65,PE,0,0,0,21.1,10,0,0,0,0,19-DEC-2017,
OPTSTK,TV18BRDCST,25-Jan-2018,67.5,PE,0,0,0,23.5,12,0,0,0,0,19-DEC-2017,
OPTSTK,TV18BRDCST,25-Jan-2018,70,PE,0,0,0,13,14.15,0,0,34000,0,19-DEC-2017,
OPTSTK,TV18BRDCST,22-Feb-2018,30,CE,0,0,0,26.7,26.65,0,0,0,0,19-DEC-2017,
OPTSTK,TV18BRDCST,22-Feb-2018,32.5,CE,0,0,0,24.35,24.2,0,0,0,0,19-DEC-2017,
OPTSTK,TV18BRDCST,22-Feb-2018,35,CE,0,0,0,22.1,21.8,0,0,0,0,19-DEC-2017,
OPTSTK,TV18BRDCST,22-Feb-2018,37.5,CE,0,0,0,19.9,19.45,0,0,0,0,19-DEC-2017,
OPTSTK,TV18BRDCST,22-Feb-2018,40,CE,0,0,0,17.8,17.2,0,0,0,0,19-DEC-2017,
OPTSTK,TV18BRDCST,22-Feb-2018,42.5,CE,0,0,0,15.8,15.05,0,0,0,0,19-DEC-2017,
OPTSTK,TV18BRDCST,22-Feb-2018,45,CE,0,0,0,14,13.05,0,0,0,0,19-DEC-2017,
OPTSTK,TV18BRDCST,22-Feb-2018,47.5,CE,0,0,0,12.3,11.2,0,0,0,0,19-DEC-2017,
OPTSTK,TV18BRDCST,22-Feb-2018,50,CE,0,0,0,10.75,9.5,0,0,0,0,19-DEC-2017,
OPTSTK,TV18BRDCST,22-Feb-2018,52.5,CE,0,0,0,9.35,8,0,0,0,0,19-DEC-2017,
OPTSTK,TV18BRDCST,22-Feb-2018,55,CE,0,0,0,8.1,6.7,0,0,0,0,19-DEC-2017,
OPTSTK,TV18BRDCST,22-Feb-2018,57.5,CE,0,0,0,7,5.55,0,0,0,0,19-DEC-2017,
OPTSTK,TV18BRDCST,22-Feb-2018,60,CE,0,0,0,6,4.55,0,0,0,0,19-DEC-2017,
OPTSTK,TV18BRDCST,22-Feb-2018,62.5,CE,0,0,0,5.15,3.7,0,0,0,0,19-DEC-2017,
OPTSTK,TV18BRDCST,22-Feb-2018,65,CE,0,0,0,4.4,3,0,0,0,0,19-DEC-2017,
OPTSTK,TV18BRDCST,22-Feb-2018,67.5,CE,0,0,0,3.75,2.4,0,0,0,0,19-DEC-2017,
OPTSTK,TV18BRDCST,22-Feb-2018,70,CE,0,0,0,3.15,1.95,0,0,0,0,19-DEC-2017,
OPTSTK,TV18BRDCST,22-Feb-2018,30,PE,0,0,0,0.15,0.05,0,0,0,0,19-DEC-2017,
OPTSTK,TV18BRDCST,22-Feb-2018,32.5,PE,0,0,0,0.25,0.1,0,0,0,0,19-DEC-2017,
OPTSTK,TV18BRDCST,22-Feb-2018,35,PE,0,0,0,0.4,0.15,0,0,0,0,19-DEC-2017,
OPTSTK,TV18BRDCST,22-Feb-2018,37.5,PE,0,0,0,0.7,0.3,0,0,0,0,19-DEC-2017,
OPTSTK,TV18BRDCST,22-Feb-2018,40,PE,0,0,0,1.05,0.5,0,0,0,0,19-DEC-2017,
OPTSTK,TV18BRDCST,22-Feb-2018,42.5,PE,0,0,0,1.55,0.85,0,0,0,0,19-DEC-2017,
OPTSTK,TV18BRDCST,22-Feb-2018,45,PE,0,0,0,2.15,1.3,0,0,0,0,19-DEC-2017,
OPTSTK,TV18BRDCST,22-Feb-2018,47.5,PE,0,0,0,2.95,1.9,0,0,0,0,19-DEC-2017,
OPTSTK,TV18BRDCST,22-Feb-2018,50,PE,0,0,0,3.85,2.7,0,0,0,0,19-DEC-2017,
OPTSTK,TV18BRDCST,22-Feb-2018,52.5,PE,0,0,0,4.95,3.65,0,0,0,0,19-DEC-2017,
OPTSTK,TV18BRDCST,22-Feb-2018,55,PE,0,0,0,6.15,4.8,0,0,0,0,19-DEC-2017,
OPTSTK,TV18BRDCST,22-Feb-2018,57.5,PE,0,0,0,7.5,6.15,0,0,0,0,19-DEC-2017,
OPTSTK,TV18BRDCST,22-Feb-2018,60,PE,0,0,0,8.95,7.6,0,0,0,0,19-DEC-2017,
OPTSTK,TV18BRDCST,22-Feb-2018,62.5,PE,0,0,0,10.55,9.25,0,0,0,0,19-DEC-2017,
OPTSTK,TV18BRDCST,22-Feb-2018,65,PE,0,0,0,12.3,11,0,0,0,0,19-DEC-2017,
OPTSTK,TV18BRDCST,22-Feb-2018,67.5,PE,0,0,0,14.1,12.9,0,0,0,0,19-DEC-2017,
OPTSTK,TV18BRDCST,22-Feb-2018,70,PE,0,0,0,16,14.9,0,0,0,0,19-DEC-2017,
OPTSTK,TVSMOTOR,28-Dec-2017,400,CE,0,0,0,250.95,385.7,0,0,0,0,19-DEC-2017,
OPTSTK,TVSMOTOR,28-Dec-2017,420,CE,0,0,0,231.25,365.7,0,0,0,0,19-DEC-2017,
OPTSTK,TVSMOTOR,28-Dec-2017,440,CE,0,0,0,211.6,345.75,0,0,0,0,19-DEC-2017,
OPTSTK,TVSMOTOR,28-Dec-2017,460,CE,0,0,0,192,325.8,0,0,0,0,19-DEC-2017,
OPTSTK,TVSMOTOR,28-Dec-2017,480,CE,0,0,0,172.55,305.8,0,0,0,0,19-DEC-2017,
OPTSTK,TVSMOTOR,28-Dec-2017,500,CE,0,0,0,153.35,285.85,0,0,0,0,19-DEC-2017,
OPTSTK,TVSMOTOR,28-Dec-2017,520,CE,0,0,0,134.5,265.9,0,0,0,0,19-DEC-2017,
OPTSTK,TVSMOTOR,28-Dec-2017,540,CE,0,0,0,116.35,245.9,0,0,0,0,19-DEC-2017,
OPTSTK,TVSMOTOR,28-Dec-2017,560,CE,0,0,0,99.05,225.95,0,0,0,0,19-DEC-2017,
OPTSTK,TVSMOTOR,28-Dec-2017,580,CE,0,0,0,145,205.95,0,0,1000,0,19-DEC-2017,
OPTSTK,TVSMOTOR,28-Dec-2017,600,CE,188,188,188,188,188,1,7.88,3000,-1000,19-DEC-2017,
OPTSTK,TVSMOTOR,28-Dec-2017,620,CE,0,0,0,105,166.05,0,0,1000,0,19-DEC-2017,
OPTSTK,TVSMOTOR,28-Dec-2017,640,CE,0,0,0,43.5,146.05,0,0,0,0,19-DEC-2017,
OPTSTK,TVSMOTOR,28-Dec-2017,660,CE,0,0,0,65,126.1,0,0,7000,0,19-DEC-2017,
OPTSTK,TVSMOTOR,28-Dec-2017,680,CE,0,0,0,86.85,106.15,0,0,1000,0,19-DEC-2017,
OPTSTK,TVSMOTOR,28-Dec-2017,700,CE,80.9,80.9,80.9,80.9,80.9,1,7.8,8000,0,19-DEC-2017,
OPTSTK,TVSMOTOR,28-Dec-2017,720,CE,45,56,45,56,56,10,76.9,58000,-5000,19-DEC-2017,
OPTSTK,TVSMOTOR,28-Dec-2017,740,CE,29.5,52,29,48.8,48.8,44,343.35,66000,-24000,19-DEC-2017,
OPTSTK,TVSMOTOR,28-Dec-2017,760,CE,14.3,33.1,13.6,29.75,29.75,574,4485.71,137000,-81000,19-DEC-2017,
OPTSTK,TVSMOTOR,28-Dec-2017,780,CE,6.5,19.05,6.4,16.4,16.4,1652,13077.05,172000,-83000,19-DEC-2017,
OPTSTK,TVSMOTOR,28-Dec-2017,800,CE,3.25,10.25,2.45,8.45,8.45,1299,10478.03,322000,158000,19-DEC-2017,
OPTSTK,TVSMOTOR,28-Dec-2017,820,CE,1.7,4.7,1.65,3.9,3.9,258,2124.05,86000,42000,19-DEC-2017,
OPTSTK,TVSMOTOR,28-Dec-2017,840,CE,0.7,2.2,0.7,1.75,1.75,77,648.01,36000,25000,19-DEC-2017,
OPTSTK,TVSMOTOR,28-Dec-2017,860,CE,0.9,1,0.75,1,1,3,25.82,1000,1000,19-DEC-2017,
OPTSTK,TVSMOTOR,28-Dec-2017,880,CE,0,0,0,0.7,0.05,0,0,0,0,19-DEC-2017,
OPTSTK,TVSMOTOR,28-Dec-2017,900,CE,0,0,0,0.45,0.05,0,0,0,0,19-DEC-2017,
OPTSTK,TVSMOTOR,28-Dec-2017,920,CE,0,0,0,0.3,0,0,0,0,0,19-DEC-2017,
OPTSTK,TVSMOTOR,28-Dec-2017,400,PE,0,0,0,0.05,0,0,0,0,0,19-DEC-2017,
OPTSTK,TVSMOTOR,28-Dec-2017,420,PE,0,0,0,0.05,0,0,0,0,0,19-DEC-2017,
OPTSTK,TVSMOTOR,28-Dec-2017,440,PE,0,0,0,0.05,0,0,0,0,0,19-DEC-2017,
OPTSTK,TVSMOTOR,28-Dec-2017,460,PE,0,0,0,0.15,0,0,0,0,0,19-DEC-2017,
OPTSTK,TVSMOTOR,28-Dec-2017,480,PE,0,0,0,0.4,0,0,0,0,0,19-DEC-2017,
OPTSTK,TVSMOTOR,28-Dec-2017,500,PE,0,0,0,0.85,0,0,0,0,0,19-DEC-2017,
OPTSTK,TVSMOTOR,28-Dec-2017,520,PE,0,0,0,0.2,0,0,0,0,0,19-DEC-2017,
OPTSTK,TVSMOTOR,28-Dec-2017,540,PE,0,0,0,3.2,0,0,0,0,0,19-DEC-2017,
OPTSTK,TVSMOTOR,28-Dec-2017,560,PE,0,0,0,5.6,0,0,0,0,0,19-DEC-2017,
OPTSTK,TVSMOTOR,28-Dec-2017,580,PE,0,0,0,0.25,0,0,0,0,0,19-DEC-2017,
OPTSTK,TVSMOTOR,28-Dec-2017,600,PE,1.35,1.35,1.35,1.35,1.35,1,6.01,1000,1000,19-DEC-2017,
OPTSTK,TVSMOTOR,28-Dec-2017,620,PE,0,0,0,20.6,0,0,0,0,0,19-DEC-2017,
OPTSTK,TVSMOTOR,28-Dec-2017,640,PE,0,0,0,28.85,0,0,0,0,0,19-DEC-2017,
OPTSTK,TVSMOTOR,28-Dec-2017,660,PE,0.15,0.15,0.15,0.15,0.15,2,13.2,32000,-1000,19-DEC-2017,
OPTSTK,TVSMOTOR,28-Dec-2017,680,PE,0.5,0.5,0.3,0.3,0.3,5,34.01,80000,1000,19-DEC-2017,
OPTSTK,TVSMOTOR,28-Dec-2017,700,PE,1.05,1.05,0.45,0.6,0.6,57,399.33,180000,-17000,19-DEC-2017,
OPTSTK,TVSMOTOR,28-Dec-2017,720,PE,1.45,1.6,0.55,0.8,0.8,186,1340.78,132000,-34000,19-DEC-2017,
OPTSTK,TVSMOTOR,28-Dec-2017,740,PE,4.4,4.4,1.5,1.75,1.75,306,2270.93,167000,49000,19-DEC-2017,
OPTSTK,TVSMOTOR,28-Dec-2017,760,PE,9,11.15,4,4.7,4.7,389,2976.57,169000,129000,19-DEC-2017,
OPTSTK,TVSMOTOR,28-Dec-2017,780,PE,21.75,21.75,8.75,10.75,10.75,129,1020.53,53000,48000,19-DEC-2017,
OPTSTK,TVSMOTOR,28-Dec-2017,800,PE,31,31,20,23,23,4,32.97,4000,2000,19-DEC-2017,
OPTSTK,TVSMOTOR,28-Dec-2017,820,PE,0,0,0,78.85,36.55,0,0,2000,0,19-DEC-2017,
OPTSTK,TVSMOTOR,28-Dec-2017,840,PE,0,0,0,183.8,54.5,0,0,0,0,19-DEC-2017,
OPTSTK,TVSMOTOR,28-Dec-2017,860,PE,0,0,0,203,73.85,0,0,0,0,19-DEC-2017,
OPTSTK,TVSMOTOR,28-Dec-2017,880,PE,0,0,0,222.3,93.65,0,0,0,0,19-DEC-2017,
OPTSTK,TVSMOTOR,28-Dec-2017,900,PE,0,0,0,241.75,113.6,0,0,0,0,19-DEC-2017,
OPTSTK,TVSMOTOR,28-Dec-2017,920,PE,0,0,0,261.3,133.55,0,0,0,0,19-DEC-2017,
OPTSTK,TVSMOTOR,25-Jan-2018,440,CE,0,0,0,288.85,347.95,0,0,0,0,19-DEC-2017,
OPTSTK,TVSMOTOR,25-Jan-2018,460,CE,0,0,0,269.15,328.05,0,0,0,0,19-DEC-2017,
OPTSTK,TVSMOTOR,25-Jan-2018,480,CE,0,0,0,249.5,308.2,0,0,0,0,19-DEC-2017,
OPTSTK,TVSMOTOR,25-Jan-2018,500,CE,0,0,0,229.9,288.3,0,0,0,0,19-DEC-2017,
OPTSTK,TVSMOTOR,25-Jan-2018,520,CE,0,0,0,210.35,268.45,0,0,0,0,19-DEC-2017,
OPTSTK,TVSMOTOR,25-Jan-2018,540,CE,0,0,0,191,248.6,0,0,0,0,19-DEC-2017,
OPTSTK,TVSMOTOR,25-Jan-2018,560,CE,0,0,0,171.9,228.7,0,0,0,0,19-DEC-2017,
OPTSTK,TVSMOTOR,25-Jan-2018,580,CE,0,0,0,153.25,208.85,0,0,0,0,19-DEC-2017,
OPTSTK,TVSMOTOR,25-Jan-2018,600,CE,0,0,0,135.15,189,0,0,0,0,19-DEC-2017,
OPTSTK,TVSMOTOR,25-Jan-2018,620,CE,0,0,0,117.8,169.15,0,0,0,0,19-DEC-2017,
OPTSTK,TVSMOTOR,25-Jan-2018,640,CE,0,0,0,101.45,149.35,0,0,0,0,19-DEC-2017,
OPTSTK,TVSMOTOR,25-Jan-2018,660,CE,0,0,0,86.25,129.75,0,0,0,0,19-DEC-2017,
OPTSTK,TVSMOTOR,25-Jan-2018,680,CE,0,0,0,72.3,110.5,0,0,0,0,19-DEC-2017,
OPTSTK,TVSMOTOR,25-Jan-2018,700,CE,0,0,0,59.85,91.85,0,0,0,0,19-DEC-2017,
OPTSTK,TVSMOTOR,25-Jan-2018,720,CE,0,0,0,48.85,74.25,0,0,0,0,19-DEC-2017,
OPTSTK,TVSMOTOR,25-Jan-2018,740,CE,49,49,49,49,49,1,7.89,1000,0,19-DEC-2017,
OPTSTK,TVSMOTOR,25-Jan-2018,760,CE,42,42,42,42,42,1,8.02,1000,1000,19-DEC-2017,
OPTSTK,TVSMOTOR,25-Jan-2018,780,CE,28.55,28.55,27.6,27.6,27.6,19,153.52,19000,19000,19-DEC-2017,
OPTSTK,TVSMOTOR,25-Jan-2018,800,CE,17,18,17,18,18,9,73.57,9000,9000,19-DEC-2017,
OPTSTK,TVSMOTOR,25-Jan-2018,820,CE,13.2,15.3,10.7,15.3,15.3,13,108.35,10000,10000,19-DEC-2017,
OPTSTK,TVSMOTOR,25-Jan-2018,840,CE,6.5,9.9,6.5,9.9,9.9,6,50.86,6000,6000,19-DEC-2017,
OPTSTK,TVSMOTOR,25-Jan-2018,860,CE,4.5,4.5,4.5,4.5,4.5,2,17.29,2000,2000,19-DEC-2017,
OPTSTK,TVSMOTOR,25-Jan-2018,880,CE,3.75,3.75,3.75,3.75,3.75,2,17.67,2000,2000,19-DEC-2017,
OPTSTK,TVSMOTOR,25-Jan-2018,900,CE,0,0,0,4.4,2,0,0,0,0,19-DEC-2017,
OPTSTK,TVSMOTOR,25-Jan-2018,920,CE,0,0,0,3.2,1.1,0,0,0,0,19-DEC-2017,
OPTSTK,TVSMOTOR,25-Jan-2018,440,PE,0,0,0,0.05,0,0,0,0,0,19-DEC-2017,
OPTSTK,TVSMOTOR,25-Jan-2018,460,PE,0,0,0,0.05,0,0,0,0,0,19-DEC-2017,
OPTSTK,TVSMOTOR,25-Jan-2018,480,PE,0,0,0,0.05,0,0,0,0,0,19-DEC-2017,
OPTSTK,TVSMOTOR,25-Jan-2018,500,PE,0,0,0,0.15,0,0,0,0,0,19-DEC-2017,
OPTSTK,TVSMOTOR,25-Jan-2018,520,PE,0,0,0,0.3,0,0,0,0,0,19-DEC-2017,
OPTSTK,TVSMOTOR,25-Jan-2018,540,PE,0,0,0,0.65,0,0,0,0,0,19-DEC-2017,
OPTSTK,TVSMOTOR,25-Jan-2018,560,PE,0,0,0,1.25,0,0,0,0,0,19-DEC-2017,
OPTSTK,TVSMOTOR,25-Jan-2018,580,PE,0,0,0,2.25,0,0,0,0,0,19-DEC-2017,
OPTSTK,TVSMOTOR,25-Jan-2018,600,PE,0,0,0,3.8,0.05,0,0,0,0,19-DEC-2017,
OPTSTK,TVSMOTOR,25-Jan-2018,620,PE,0,0,0,6.15,0.05,0,0,0,0,19-DEC-2017,
OPTSTK,TVSMOTOR,25-Jan-2018,640,PE,0,0,0,9.5,0.15,0,0,0,0,19-DEC-2017,
OPTSTK,TVSMOTOR,25-Jan-2018,660,PE,0,0,0,14,0.4,0,0,0,0,19-DEC-2017,
OPTSTK,TVSMOTOR,25-Jan-2018,680,PE,0,0,0,19.75,1,0,0,0,0,19-DEC-2017,
OPTSTK,TVSMOTOR,25-Jan-2018,700,PE,4,4,4,4,4,7,49.28,7000,7000,19-DEC-2017,
OPTSTK,TVSMOTOR,25-Jan-2018,720,PE,0,0,0,35.65,4.5,0,0,0,0,19-DEC-2017,
OPTSTK,TVSMOTOR,25-Jan-2018,740,PE,14.2,14.2,11.8,11.8,11.8,3,22.58,2000,2000,19-DEC-2017,
OPTSTK,TVSMOTOR,25-Jan-2018,760,PE,21.3,21.3,17.85,17.85,17.85,2,15.59,2000,2000,19-DEC-2017,
OPTSTK,TVSMOTOR,25-Jan-2018,780,PE,0,0,0,70.35,21.85,0,0,0,0,19-DEC-2017,
OPTSTK,TVSMOTOR,25-Jan-2018,800,PE,0,0,0,84.55,32.05,0,0,0,0,19-DEC-2017,
OPTSTK,TVSMOTOR,25-Jan-2018,820,PE,0,0,0,99.75,44.6,0,0,0,0,19-DEC-2017,
OPTSTK,TVSMOTOR,25-Jan-2018,840,PE,0,0,0,115.85,59.15,0,0,0,0,19-DEC-2017,
OPTSTK,TVSMOTOR,25-Jan-2018,860,PE,0,0,0,132.8,75.3,0,0,0,0,19-DEC-2017,
OPTSTK,TVSMOTOR,25-Jan-2018,880,PE,0,0,0,150.35,92.75,0,0,0,0,19-DEC-2017,
OPTSTK,TVSMOTOR,25-Jan-2018,900,PE,0,0,0,168.4,111.1,0,0,0,0,19-DEC-2017,
OPTSTK,TVSMOTOR,25-Jan-2018,920,PE,0,0,0,186.85,130.05,0,0,0,0,19-DEC-2017,
OPTSTK,TVSMOTOR,22-Feb-2018,440,CE,0,0,0,282.75,350.1,0,0,0,0,19-DEC-2017,
OPTSTK,TVSMOTOR,22-Feb-2018,460,CE,0,0,0,263.05,330.3,0,0,0,0,19-DEC-2017,
OPTSTK,TVSMOTOR,22-Feb-2018,480,CE,0,0,0,243.35,310.55,0,0,0,0,19-DEC-2017,
OPTSTK,TVSMOTOR,22-Feb-2018,500,CE,0,0,0,223.65,290.75,0,0,0,0,19-DEC-2017,
OPTSTK,TVSMOTOR,22-Feb-2018,520,CE,0,0,0,204,271,0,0,0,0,19-DEC-2017,
OPTSTK,TVSMOTOR,22-Feb-2018,540,CE,0,0,0,184.45,251.25,0,0,0,0,19-DEC-2017,
OPTSTK,TVSMOTOR,22-Feb-2018,560,CE,0,0,0,165.05,231.5,0,0,0,0,19-DEC-2017,
OPTSTK,TVSMOTOR,22-Feb-2018,580,CE,0,0,0,146,211.75,0,0,0,0,19-DEC-2017,
OPTSTK,TVSMOTOR,22-Feb-2018,600,CE,0,0,0,127.4,192.1,0,0,0,0,19-DEC-2017,
OPTSTK,TVSMOTOR,22-Feb-2018,620,CE,0,0,0,109.55,172.55,0,0,0,0,19-DEC-2017,
OPTSTK,TVSMOTOR,22-Feb-2018,640,CE,0,0,0,92.7,153.25,0,0,0,0,19-DEC-2017,
OPTSTK,TVSMOTOR,22-Feb-2018,660,CE,0,0,0,77.05,134.35,0,0,0,0,19-DEC-2017,
OPTSTK,TVSMOTOR,22-Feb-2018,680,CE,0,0,0,62.85,116.05,0,0,0,0,19-DEC-2017,
OPTSTK,TVSMOTOR,22-Feb-2018,700,CE,0,0,0,50.35,98.65,0,0,0,0,19-DEC-2017,
OPTSTK,TVSMOTOR,22-Feb-2018,720,CE,0,0,0,39.55,82.35,0,0,0,0,19-DEC-2017,
OPTSTK,TVSMOTOR,22-Feb-2018,740,CE,0,0,0,30.45,67.45,0,0,0,0,19-DEC-2017,
OPTSTK,TVSMOTOR,22-Feb-2018,760,CE,0,0,0,22.95,54.1,0,0,0,0,19-DEC-2017,
OPTSTK,TVSMOTOR,22-Feb-2018,780,CE,0,0,0,17,42.55,0,0,0,0,19-DEC-2017,
OPTSTK,TVSMOTOR,22-Feb-2018,800,CE,0,0,0,12.35,32.75,0,0,0,0,19-DEC-2017,
OPTSTK,TVSMOTOR,22-Feb-2018,820,CE,0,0,0,8.85,24.65,0,0,0,0,19-DEC-2017,
OPTSTK,TVSMOTOR,22-Feb-2018,840,CE,0,0,0,6.2,18.2,0,0,0,0,19-DEC-2017,
OPTSTK,TVSMOTOR,22-Feb-2018,860,CE,0,0,0,4.25,13.15,0,0,0,0,19-DEC-2017,
OPTSTK,TVSMOTOR,22-Feb-2018,880,CE,0,0,0,2.9,9.3,0,0,0,0,19-DEC-2017,
OPTSTK,TVSMOTOR,22-Feb-2018,900,CE,0,0,0,1.95,6.45,0,0,0,0,19-DEC-2017,
OPTSTK,TVSMOTOR,22-Feb-2018,920,CE,0,0,0,1.3,4.4,0,0,0,0,19-DEC-2017,
OPTSTK,TVSMOTOR,22-Feb-2018,440,PE,0,0,0,0.05,0,0,0,0,0,19-DEC-2017,
OPTSTK,TVSMOTOR,22-Feb-2018,460,PE,0,0,0,0.05,0,0,0,0,0,19-DEC-2017,
OPTSTK,TVSMOTOR,22-Feb-2018,480,PE,0,0,0,0.05,0,0,0,0,0,19-DEC-2017,
OPTSTK,TVSMOTOR,22-Feb-2018,500,PE,0,0,0,0.05,0,0,0,0,0,19-DEC-2017,
OPTSTK,TVSMOTOR,22-Feb-2018,520,PE,0,0,0,0.1,0,0,0,0,0,19-DEC-2017,
OPTSTK,TVSMOTOR,22-Feb-2018,540,PE,0,0,0,0.25,0.05,0,0,0,0,19-DEC-2017,
OPTSTK,TVSMOTOR,22-Feb-2018,560,PE,0,0,0,0.6,0.05,0,0,0,0,19-DEC-2017,
OPTSTK,TVSMOTOR,22-Feb-2018,580,PE,0,0,0,1.25,0.1,0,0,0,0,19-DEC-2017,
OPTSTK,TVSMOTOR,22-Feb-2018,600,PE,0,0,0,2.35,0.2,0,0,0,0,19-DEC-2017,
OPTSTK,TVSMOTOR,22-Feb-2018,620,PE,0,0,0,4.2,0.4,0,0,0,0,19-DEC-2017,
OPTSTK,TVSMOTOR,22-Feb-2018,640,PE,0,0,0,7.05,0.9,0,0,0,0,19-DEC-2017,
OPTSTK,TVSMOTOR,22-Feb-2018,660,PE,0,0,0,11.15,1.75,0,0,0,0,19-DEC-2017,
OPTSTK,TVSMOTOR,22-Feb-2018,680,PE,0,0,0,16.65,3.25,0,0,0,0,19-DEC-2017,
OPTSTK,TVSMOTOR,22-Feb-2018,700,PE,0,0,0,23.85,5.6,0,0,0,0,19-DEC-2017,
OPTSTK,TVSMOTOR,22-Feb-2018,720,PE,0,0,0,32.75,9.1,0,0,0,0,19-DEC-2017,
OPTSTK,TVSMOTOR,22-Feb-2018,740,PE,0,0,0,43.35,13.95,0,0,0,0,19-DEC-2017,
OPTSTK,TVSMOTOR,22-Feb-2018,760,PE,0,0,0,55.6,20.4,0,0,0,0,19-DEC-2017,
OPTSTK,TVSMOTOR,22-Feb-2018,780,PE,0,0,0,69.35,28.6,0,0,0,0,19-DEC-2017,
OPTSTK,TVSMOTOR,22-Feb-2018,800,PE,0,0,0,84.4,38.55,0,0,0,0,19-DEC-2017,
OPTSTK,TVSMOTOR,22-Feb-2018,820,PE,0,0,0,100.6,50.25,0,0,0,0,19-DEC-2017,
OPTSTK,TVSMOTOR,22-Feb-2018,840,PE,0,0,0,117.65,63.55,0,0,0,0,19-DEC-2017,
OPTSTK,TVSMOTOR,22-Feb-2018,860,PE,0,0,0,135.45,78.3,0,0,0,0,19-DEC-2017,
OPTSTK,TVSMOTOR,22-Feb-2018,880,PE,0,0,0,153.75,94.2,0,0,0,0,19-DEC-2017,
OPTSTK,TVSMOTOR,22-Feb-2018,900,PE,0,0,0,172.5,111.15,0,0,0,0,19-DEC-2017,
OPTSTK,TVSMOTOR,22-Feb-2018,920,PE,0,0,0,191.55,128.85,0,0,0,0,19-DEC-2017,
OPTSTK,UBL,28-Dec-2017,650,CE,0,0,0,214.7,431.65,0,0,0,0,19-DEC-2017,
OPTSTK,UBL,28-Dec-2017,660,CE,0,0,0,205.6,421.65,0,0,0,0,19-DEC-2017,
OPTSTK,UBL,28-Dec-2017,670,CE,0,0,0,196.6,411.65,0,0,0,0,19-DEC-2017,
OPTSTK,UBL,28-Dec-2017,680,CE,0,0,0,187.8,401.7,0,0,0,0,19-DEC-2017,
OPTSTK,UBL,28-Dec-2017,690,CE,0,0,0,179.1,391.7,0,0,0,0,19-DEC-2017,
OPTSTK,UBL,28-Dec-2017,700,CE,0,0,0,170.6,381.7,0,0,0,0,19-DEC-2017,
OPTSTK,UBL,28-Dec-2017,710,CE,0,0,0,162.25,371.7,0,0,0,0,19-DEC-2017,
OPTSTK,UBL,28-Dec-2017,720,CE,0,0,0,154.1,361.75,0,0,0,0,19-DEC-2017,
OPTSTK,UBL,28-Dec-2017,730,CE,0,0,0,146.1,351.75,0,0,0,0,19-DEC-2017,
OPTSTK,UBL,28-Dec-2017,740,CE,0,0,0,138.35,341.75,0,0,0,0,19-DEC-2017,
OPTSTK,UBL,28-Dec-2017,750,CE,0,0,0,130.8,331.8,0,0,0,0,19-DEC-2017,
OPTSTK,UBL,28-Dec-2017,760,CE,0,0,0,123.55,321.8,0,0,0,0,19-DEC-2017,
OPTSTK,UBL,28-Dec-2017,770,CE,0,0,0,116.45,311.8,0,0,0,0,19-DEC-2017,
OPTSTK,UBL,28-Dec-2017,780,CE,0,0,0,109.55,301.85,0,0,0,0,19-DEC-2017,
OPTSTK,UBL,28-Dec-2017,790,CE,0,0,0,102.95,291.85,0,0,0,0,19-DEC-2017,
OPTSTK,UBL,28-Dec-2017,800,CE,0,0,0,96.65,281.85,0,0,0,0,19-DEC-2017,
OPTSTK,UBL,28-Dec-2017,810,CE,0,0,0,90.55,271.9,0,0,0,0,19-DEC-2017,
OPTSTK,UBL,28-Dec-2017,820,CE,0,0,0,84.7,261.9,0,0,0,0,19-DEC-2017,
OPTSTK,UBL,28-Dec-2017,830,CE,0,0,0,79.15,251.9,0,0,0,0,19-DEC-2017,
OPTSTK,UBL,28-Dec-2017,840,CE,0,0,0,73.85,241.95,0,0,0,0,19-DEC-2017,
OPTSTK,UBL,28-Dec-2017,850,CE,0,0,0,68.75,231.95,0,0,0,0,19-DEC-2017,
OPTSTK,UBL,28-Dec-2017,860,CE,0,0,0,63.95,221.95,0,0,0,0,19-DEC-2017,
OPTSTK,UBL,28-Dec-2017,870,CE,0,0,0,59.4,212,0,0,0,0,19-DEC-2017,
OPTSTK,UBL,28-Dec-2017,880,CE,0,0,0,55.1,202,0,0,0,0,19-DEC-2017,
OPTSTK,UBL,28-Dec-2017,890,CE,0,0,0,51.05,192.05,0,0,0,0,19-DEC-2017,
OPTSTK,UBL,28-Dec-2017,900,CE,0,0,0,47.2,182.1,0,0,0,0,19-DEC-2017,
OPTSTK,UBL,28-Dec-2017,910,CE,0,0,0,43.6,172.2,0,0,0,0,19-DEC-2017,
OPTSTK,UBL,28-Dec-2017,920,CE,0,0,0,40.2,162.3,0,0,0,0,19-DEC-2017,
OPTSTK,UBL,28-Dec-2017,930,CE,0,0,0,37.05,152.45,0,0,0,0,19-DEC-2017,
OPTSTK,UBL,28-Dec-2017,940,CE,0,0,0,34.05,142.65,0,0,0,0,19-DEC-2017,
OPTSTK,UBL,28-Dec-2017,950,CE,0,0,0,31.3,132.95,0,0,0,0,19-DEC-2017,
OPTSTK,UBL,28-Dec-2017,960,CE,0,0,0,111.55,123.35,0,0,1400,0,19-DEC-2017,
OPTSTK,UBL,28-Dec-2017,970,CE,0,0,0,26.35,113.9,0,0,0,0,19-DEC-2017,
OPTSTK,UBL,28-Dec-2017,980,CE,91.4,91.4,91.4,91.4,91.4,1,7.49,700,700,19-DEC-2017,
OPTSTK,UBL,28-Dec-2017,990,CE,60.95,60.95,60.95,60.95,60.95,2,14.71,1400,1400,19-DEC-2017,
OPTSTK,UBL,28-Dec-2017,1000,CE,68.7,68.7,63.65,63.65,63.65,5,37.3,0,-3500,19-DEC-2017,
OPTSTK,UBL,28-Dec-2017,1010,CE,0,0,0,18.35,78.35,0,0,0,0,19-DEC-2017,
OPTSTK,UBL,28-Dec-2017,1020,CE,0,0,0,16.75,70.2,0,0,0,0,19-DEC-2017,
OPTSTK,UBL,28-Dec-2017,1030,CE,0,0,0,20.2,62.5,0,0,700,0,19-DEC-2017,
OPTSTK,UBL,28-Dec-2017,1040,CE,50,50,50,50,50,1,7.63,700,0,19-DEC-2017,
OPTSTK,UBL,28-Dec-2017,1050,CE,32.8,49,31.4,45.5,45.5,36,274.7,9100,-2800,19-DEC-2017,
OPTSTK,UBL,28-Dec-2017,1060,CE,32.05,38,32.05,38,38,5,38.32,4200,-700,19-DEC-2017,
OPTSTK,UBL,28-Dec-2017,1070,CE,27.85,39.15,27.85,39.15,39.15,4,30.82,2800,0,19-DEC-2017,
OPTSTK,UBL,28-Dec-2017,1080,CE,0,0,0,22.65,31.1,0,0,2800,0,19-DEC-2017,
OPTSTK,UBL,28-Dec-2017,1090,CE,19,24,19,22.4,22.4,5,38.89,4200,3500,19-DEC-2017,
OPTSTK,UBL,28-Dec-2017,1100,CE,11.7,22.4,11.7,19.9,19.9,54,422.92,20300,1400,19-DEC-2017,
OPTSTK,UBL,28-Dec-2017,1110,CE,0,0,0,17.65,18.55,0,0,0,0,19-DEC-2017,
OPTSTK,UBL,28-Dec-2017,1120,CE,17.1,17.1,17.1,17.1,17.1,1,7.95,2100,0,19-DEC-2017,
OPTSTK,UBL,28-Dec-2017,1130,CE,6,6.6,6,6.6,6.6,3,23.86,2800,2100,19-DEC-2017,
OPTSTK,UBL,28-Dec-2017,1140,CE,8,8,8,8,8,5,40.18,4200,2800,19-DEC-2017,
OPTSTK,UBL,28-Dec-2017,1150,CE,0,0,0,6,8.2,0,0,2100,0,19-DEC-2017,
OPTSTK,UBL,28-Dec-2017,1160,CE,0,0,0,15.05,6.55,0,0,4200,0,19-DEC-2017,
OPTSTK,UBL,28-Dec-2017,1170,CE,0,0,0,9,5.2,0,0,0,0,19-DEC-2017,
OPTSTK,UBL,28-Dec-2017,1180,CE,0,0,0,12.85,4.05,0,0,700,0,19-DEC-2017,
OPTSTK,UBL,28-Dec-2017,1190,CE,0,0,0,21.3,3.15,0,0,0,0,19-DEC-2017,
OPTSTK,UBL,28-Dec-2017,1200,CE,0,0,0,39.7,2.45,0,0,0,0,19-DEC-2017,
OPTSTK,UBL,28-Dec-2017,1210,CE,0,0,0,37.4,1.85,0,0,0,0,19-DEC-2017,
OPTSTK,UBL,28-Dec-2017,1220,CE,0,0,0,8.6,1.4,0,0,700,0,19-DEC-2017,
OPTSTK,UBL,28-Dec-2017,1230,CE,0,0,0,33.2,1.05,0,0,0,0,19-DEC-2017,
OPTSTK,UBL,28-Dec-2017,1240,CE,0,0,0,31.25,0.8,0,0,0,0,19-DEC-2017,
OPTSTK,UBL,28-Dec-2017,1250,CE,0,0,0,6.35,0.6,0,0,2100,0,19-DEC-2017,
OPTSTK,UBL,28-Dec-2017,1260,CE,0,0,0,33,0.45,0,0,0,0,19-DEC-2017,
OPTSTK,UBL,28-Dec-2017,1270,CE,0,0,0,31,0.3,0,0,0,0,19-DEC-2017,
OPTSTK,UBL,28-Dec-2017,650,PE,0,0,0,3.4,0,0,0,0,0,19-DEC-2017,
OPTSTK,UBL,28-Dec-2017,660,PE,0,0,0,4.15,0,0,0,0,0,19-DEC-2017,
OPTSTK,UBL,28-Dec-2017,670,PE,0,0,0,5.05,0,0,0,0,0,19-DEC-2017,
OPTSTK,UBL,28-Dec-2017,680,PE,0,0,0,6.05,0,0,0,0,0,19-DEC-2017,
OPTSTK,UBL,28-Dec-2017,690,PE,0,0,0,7.2,0,0,0,0,0,19-DEC-2017,
OPTSTK,UBL,28-Dec-2017,700,PE,0,0,0,8.55,0,0,0,0,0,19-DEC-2017,
OPTSTK,UBL,28-Dec-2017,710,PE,0,0,0,10.05,0,0,0,0,0,19-DEC-2017,
OPTSTK,UBL,28-Dec-2017,720,PE,0,0,0,11.75,0,0,0,0,0,19-DEC-2017,
OPTSTK,UBL,28-Dec-2017,730,PE,0,0,0,13.6,0,0,0,0,0,19-DEC-2017,
OPTSTK,UBL,28-Dec-2017,740,PE,0,0,0,15.7,0,0,0,0,0,19-DEC-2017,
OPTSTK,UBL,28-Dec-2017,750,PE,0,0,0,18,0,0,0,0,0,19-DEC-2017,
OPTSTK,UBL,28-Dec-2017,760,PE,0,0,0,20.55,0,0,0,0,0,19-DEC-2017,
OPTSTK,UBL,28-Dec-2017,770,PE,0,0,0,23.3,0,0,0,0,0,19-DEC-2017,
OPTSTK,UBL,28-Dec-2017,780,PE,0,0,0,26.25,0,0,0,0,0,19-DEC-2017,
OPTSTK,UBL,28-Dec-2017,790,PE,0,0,0,29.5,0,0,0,0,0,19-DEC-2017,
OPTSTK,UBL,28-Dec-2017,800,PE,0,0,0,33.05,0,0,0,0,0,19-DEC-2017,
OPTSTK,UBL,28-Dec-2017,810,PE,0,0,0,36.8,0,0,0,0,0,19-DEC-2017,
OPTSTK,UBL,28-Dec-2017,820,PE,0,0,0,40.8,0,0,0,0,0,19-DEC-2017,
OPTSTK,UBL,28-Dec-2017,830,PE,0,0,0,45.1,0,0,0,0,0,19-DEC-2017,
OPTSTK,UBL,28-Dec-2017,840,PE,0,0,0,49.6,0,0,0,0,0,19-DEC-2017,
OPTSTK,UBL,28-Dec-2017,850,PE,0,0,0,54.4,0,0,0,0,0,19-DEC-2017,
OPTSTK,UBL,28-Dec-2017,860,PE,0,0,0,59.45,0.05,0,0,0,0,19-DEC-2017,
OPTSTK,UBL,28-Dec-2017,870,PE,0,0,0,64.7,0.05,0,0,0,0,19-DEC-2017,
OPTSTK,UBL,28-Dec-2017,880,PE,0,0,0,70.25,0.05,0,0,0,0,19-DEC-2017,
OPTSTK,UBL,28-Dec-2017,890,PE,0,0,0,76.05,0.05,0,0,0,0,19-DEC-2017,
OPTSTK,UBL,28-Dec-2017,900,PE,0,0,0,82.05,0.1,0,0,0,0,19-DEC-2017,
OPTSTK,UBL,28-Dec-2017,910,PE,0,0,0,88.3,0.15,0,0,0,0,19-DEC-2017,
OPTSTK,UBL,28-Dec-2017,920,PE,0,0,0,94.75,0.25,0,0,0,0,19-DEC-2017,
OPTSTK,UBL,28-Dec-2017,930,PE,0,0,0,101.4,0.4,0,0,0,0,19-DEC-2017,
OPTSTK,UBL,28-Dec-2017,940,PE,2,2,1.5,1.5,1.5,2,13.18,700,-700,19-DEC-2017,
OPTSTK,UBL,28-Dec-2017,950,PE,0,0,0,12.1,0.85,0,0,700,0,19-DEC-2017,
OPTSTK,UBL,28-Dec-2017,960,PE,0,0,0,6,1.25,0,0,700,0,19-DEC-2017,
OPTSTK,UBL,28-Dec-2017,970,PE,0,0,0,130.1,1.8,0,0,0,0,19-DEC-2017,
OPTSTK,UBL,28-Dec-2017,980,PE,4,4,4,4,4,1,6.88,3500,0,19-DEC-2017,
OPTSTK,UBL,28-Dec-2017,990,PE,3.25,3.25,3.25,3.25,3.25,1,6.95,700,700,19-DEC-2017,
OPTSTK,UBL,28-Dec-2017,1000,PE,6.7,7,5,5,5,10,70.44,6300,-4200,19-DEC-2017,
OPTSTK,UBL,28-Dec-2017,1010,PE,0,0,0,161.5,6.15,0,0,0,0,19-DEC-2017,
OPTSTK,UBL,28-Dec-2017,1020,PE,0,0,0,29,8.05,0,0,2100,0,19-DEC-2017,
OPTSTK,UBL,28-Dec-2017,1030,PE,0,0,0,33,10.3,0,0,700,0,19-DEC-2017,
OPTSTK,UBL,28-Dec-2017,1040,PE,8.8,8.8,8.8,8.8,8.8,1,7.34,700,700,19-DEC-2017,
OPTSTK,UBL,28-Dec-2017,1050,PE,20.05,20.05,13,16,16,5,37.37,4200,0,19-DEC-2017,
OPTSTK,UBL,28-Dec-2017,1060,PE,24.3,24.3,13.05,13.05,13.05,8,60.59,7000,5600,19-DEC-2017,
OPTSTK,UBL,28-Dec-2017,1070,PE,30.05,30.05,22.1,22.1,22.1,3,23.04,2800,0,19-DEC-2017,
OPTSTK,UBL,28-Dec-2017,1080,PE,0,0,0,70.25,28.85,0,0,2800,0,19-DEC-2017,
OPTSTK,UBL,28-Dec-2017,1090,PE,41.4,41.4,41.4,41.4,41.4,2,15.83,1400,1400,19-DEC-2017,
OPTSTK,UBL,28-Dec-2017,1100,PE,46.85,46.85,33,33,33,3,23.94,1400,0,19-DEC-2017,
OPTSTK,UBL,28-Dec-2017,1110,PE,0,0,0,100.5,46.2,0,0,700,0,19-DEC-2017,
OPTSTK,UBL,28-Dec-2017,1120,PE,0,0,0,203.2,53,0,0,0,0,19-DEC-2017,
OPTSTK,UBL,28-Dec-2017,1130,PE,0,0,0,194.35,60.2,0,0,0,0,19-DEC-2017,
OPTSTK,UBL,28-Dec-2017,1140,PE,72.7,72.7,72.7,72.7,72.7,1,8.48,700,-700,19-DEC-2017,
OPTSTK,UBL,28-Dec-2017,1150,PE,0,0,0,64.75,75.85,0,0,1400,0,19-DEC-2017,
OPTSTK,UBL,28-Dec-2017,1160,PE,0,0,0,64.6,84.15,0,0,700,0,19-DEC-2017,
OPTSTK,UBL,28-Dec-2017,1170,PE,0,0,0,195.9,92.75,0,0,0,0,19-DEC-2017,
OPTSTK,UBL,28-Dec-2017,1180,PE,0,0,0,204.05,101.65,0,0,0,0,19-DEC-2017,
OPTSTK,UBL,28-Dec-2017,1190,PE,0,0,0,90.4,110.7,0,0,2800,0,19-DEC-2017,
OPTSTK,UBL,28-Dec-2017,1200,PE,120,122,120,122,122,3,27.74,700,-1400,19-DEC-2017,
OPTSTK,UBL,28-Dec-2017,1210,PE,0,0,0,193.2,129.4,0,0,0,0,19-DEC-2017,
OPTSTK,UBL,28-Dec-2017,1220,PE,0,0,0,200.9,138.9,0,0,0,0,19-DEC-2017,
OPTSTK,UBL,28-Dec-2017,1230,PE,0,0,0,208.75,148.55,0,0,0,0,19-DEC-2017,
OPTSTK,UBL,28-Dec-2017,1240,PE,0,0,0,216.7,158.25,0,0,0,0,19-DEC-2017,
OPTSTK,UBL,28-Dec-2017,1250,PE,0,0,0,212.8,168.05,0,0,0,0,19-DEC-2017,
OPTSTK,UBL,28-Dec-2017,1260,PE,0,0,0,200.6,177.9,0,0,0,0,19-DEC-2017,
OPTSTK,UBL,28-Dec-2017,1270,PE,0,0,0,208.5,187.75,0,0,0,0,19-DEC-2017,
OPTSTK,UBL,25-Jan-2018,740,CE,0,0,0,224.7,345.55,0,0,0,0,19-DEC-2017,
OPTSTK,UBL,25-Jan-2018,750,CE,0,0,0,216.4,335.65,0,0,0,0,19-DEC-2017,
OPTSTK,UBL,25-Jan-2018,760,CE,0,0,0,208.25,325.8,0,0,0,0,19-DEC-2017,
OPTSTK,UBL,25-Jan-2018,770,CE,0,0,0,200.25,315.95,0,0,0,0,19-DEC-2017,
OPTSTK,UBL,25-Jan-2018,780,CE,0,0,0,192.4,306.1,0,0,0,0,19-DEC-2017,
OPTSTK,UBL,25-Jan-2018,790,CE,0,0,0,184.7,296.3,0,0,0,0,19-DEC-2017,
OPTSTK,UBL,25-Jan-2018,800,CE,0,0,0,177.2,286.5,0,0,0,0,19-DEC-2017,
OPTSTK,UBL,25-Jan-2018,810,CE,0,0,0,169.85,276.75,0,0,0,0,19-DEC-2017,
OPTSTK,UBL,25-Jan-2018,820,CE,0,0,0,162.7,267.05,0,0,0,0,19-DEC-2017,
OPTSTK,UBL,25-Jan-2018,830,CE,0,0,0,155.7,257.45,0,0,0,0,19-DEC-2017,
OPTSTK,UBL,25-Jan-2018,840,CE,0,0,0,148.9,247.85,0,0,0,0,19-DEC-2017,
OPTSTK,UBL,25-Jan-2018,850,CE,0,0,0,142.25,238.35,0,0,0,0,19-DEC-2017,
OPTSTK,UBL,25-Jan-2018,860,CE,0,0,0,135.8,228.9,0,0,0,0,19-DEC-2017,
OPTSTK,UBL,25-Jan-2018,870,CE,0,0,0,129.6,219.6,0,0,0,0,19-DEC-2017,
OPTSTK,UBL,25-Jan-2018,880,CE,0,0,0,123.55,210.35,0,0,0,0,19-DEC-2017,
OPTSTK,UBL,25-Jan-2018,890,CE,0,0,0,117.7,201.25,0,0,0,0,19-DEC-2017,
OPTSTK,UBL,25-Jan-2018,900,CE,0,0,0,112.05,192.25,0,0,0,0,19-DEC-2017,
OPTSTK,UBL,25-Jan-2018,910,CE,0,0,0,106.6,183.4,0,0,0,0,19-DEC-2017,
OPTSTK,UBL,25-Jan-2018,920,CE,0,0,0,101.3,174.7,0,0,0,0,19-DEC-2017,
OPTSTK,UBL,25-Jan-2018,930,CE,0,0,0,96.25,166.15,0,0,0,0,19-DEC-2017,
OPTSTK,UBL,25-Jan-2018,940,CE,0,0,0,91.35,157.8,0,0,0,0,19-DEC-2017,
OPTSTK,UBL,25-Jan-2018,950,CE,0,0,0,86.65,149.6,0,0,0,0,19-DEC-2017,
OPTSTK,UBL,25-Jan-2018,960,CE,0,0,0,82.15,141.65,0,0,0,0,19-DEC-2017,
OPTSTK,UBL,25-Jan-2018,970,CE,0,0,0,77.8,133.9,0,0,0,0,19-DEC-2017,
OPTSTK,UBL,25-Jan-2018,980,CE,0,0,0,73.65,126.35,0,0,0,0,19-DEC-2017,
OPTSTK,UBL,25-Jan-2018,990,CE,0,0,0,69.7,119.05,0,0,0,0,19-DEC-2017,
OPTSTK,UBL,25-Jan-2018,1000,CE,0,0,0,65.85,111.95,0,0,0,0,19-DEC-2017,
OPTSTK,UBL,25-Jan-2018,1010,CE,0,0,0,62.25,105.1,0,0,0,0,19-DEC-2017,
OPTSTK,UBL,25-Jan-2018,1020,CE,0,0,0,58.75,98.5,0,0,0,0,19-DEC-2017,
OPTSTK,UBL,25-Jan-2018,1030,CE,0,0,0,55.45,92.15,0,0,0,0,19-DEC-2017,
OPTSTK,UBL,25-Jan-2018,1040,CE,0,0,0,52.3,86.1,0,0,0,0,19-DEC-2017,
OPTSTK,UBL,25-Jan-2018,1050,CE,0,0,0,49.25,80.3,0,0,0,0,19-DEC-2017,
OPTSTK,UBL,25-Jan-2018,1060,CE,0,0,0,46.4,74.75,0,0,0,0,19-DEC-2017,
OPTSTK,UBL,25-Jan-2018,1070,CE,0,0,0,43.7,69.45,0,0,0,0,19-DEC-2017,
OPTSTK,UBL,25-Jan-2018,1080,CE,0,0,0,41.1,64.45,0,0,0,0,19-DEC-2017,
OPTSTK,UBL,25-Jan-2018,1090,CE,0,0,0,38.7,59.7,0,0,0,0,19-DEC-2017,
OPTSTK,UBL,25-Jan-2018,1100,CE,0,0,0,36.35,55.2,0,0,0,0,19-DEC-2017,
OPTSTK,UBL,25-Jan-2018,1110,CE,0,0,0,34.15,50.95,0,0,0,0,19-DEC-2017,
OPTSTK,UBL,25-Jan-2018,1120,CE,0,0,0,32.1,46.95,0,0,0,0,19-DEC-2017,
OPTSTK,UBL,25-Jan-2018,1130,CE,0,0,0,30.1,43.2,0,0,0,0,19-DEC-2017,
OPTSTK,UBL,25-Jan-2018,1140,CE,0,0,0,28.2,39.65,0,0,0,0,19-DEC-2017,
OPTSTK,UBL,25-Jan-2018,1150,CE,0,0,0,43.8,36.35,0,0,0,0,19-DEC-2017,
OPTSTK,UBL,25-Jan-2018,1160,CE,0,0,0,41.5,33.3,0,0,0,0,19-DEC-2017,
OPTSTK,UBL,25-Jan-2018,1170,CE,0,0,0,39.25,30.4,0,0,0,0,19-DEC-2017,
OPTSTK,UBL,25-Jan-2018,1180,CE,0,0,0,37.15,27.75,0,0,0,0,19-DEC-2017,
OPTSTK,UBL,25-Jan-2018,1190,CE,0,0,0,35.15,25.35,0,0,0,0,19-DEC-2017,
OPTSTK,UBL,25-Jan-2018,1200,CE,0,0,0,58.6,23.05,0,0,0,0,19-DEC-2017,
OPTSTK,UBL,25-Jan-2018,1210,CE,0,0,0,56,20.9,0,0,0,0,19-DEC-2017,
OPTSTK,UBL,25-Jan-2018,1220,CE,0,0,0,53.55,18.95,0,0,0,0,19-DEC-2017,
OPTSTK,UBL,25-Jan-2018,1230,CE,0,0,0,51.15,17.15,0,0,0,0,19-DEC-2017,
OPTSTK,UBL,25-Jan-2018,1240,CE,0,0,0,48.85,15.5,0,0,0,0,19-DEC-2017,
OPTSTK,UBL,25-Jan-2018,1250,CE,0,0,0,46.7,14,0,0,0,0,19-DEC-2017,
OPTSTK,UBL,25-Jan-2018,1260,CE,0,0,0,51.5,12.6,0,0,0,0,19-DEC-2017,
OPTSTK,UBL,25-Jan-2018,1270,CE,0,0,0,49.15,11.35,0,0,0,0,19-DEC-2017,
OPTSTK,UBL,25-Jan-2018,740,PE,0,0,0,11.45,0.15,0,0,0,0,19-DEC-2017,
OPTSTK,UBL,25-Jan-2018,750,PE,0,0,0,13,0.2,0,0,0,0,19-DEC-2017,
OPTSTK,UBL,25-Jan-2018,760,PE,0,0,0,14.7,0.25,0,0,0,0,19-DEC-2017,
OPTSTK,UBL,25-Jan-2018,770,PE,0,0,0,16.5,0.3,0,0,0,0,19-DEC-2017,
OPTSTK,UBL,25-Jan-2018,780,PE,0,0,0,18.5,0.4,0,0,0,0,19-DEC-2017,
OPTSTK,UBL,25-Jan-2018,790,PE,0,0,0,20.65,0.55,0,0,0,0,19-DEC-2017,
OPTSTK,UBL,25-Jan-2018,800,PE,0,0,0,23,0.7,0,0,0,0,19-DEC-2017,
OPTSTK,UBL,25-Jan-2018,810,PE,0,0,0,25.5,0.9,0,0,0,0,19-DEC-2017,
OPTSTK,UBL,25-Jan-2018,820,PE,0,0,0,28.2,1.15,0,0,0,0,19-DEC-2017,
OPTSTK,UBL,25-Jan-2018,830,PE,0,0,0,31.05,1.45,0,0,0,0,19-DEC-2017,
OPTSTK,UBL,25-Jan-2018,840,PE,0,0,0,34.05,1.8,0,0,0,0,19-DEC-2017,
OPTSTK,UBL,25-Jan-2018,850,PE,0,0,0,37.25,2.2,0,0,0,0,19-DEC-2017,
OPTSTK,UBL,25-Jan-2018,860,PE,0,0,0,40.7,2.7,0,0,0,0,19-DEC-2017,
OPTSTK,UBL,25-Jan-2018,870,PE,0,0,0,44.3,3.3,0,0,0,0,19-DEC-2017,
OPTSTK,UBL,25-Jan-2018,880,PE,0,0,0,48.1,4.05,0,0,0,0,19-DEC-2017,
OPTSTK,UBL,25-Jan-2018,890,PE,0,0,0,52.1,4.85,0,0,0,0,19-DEC-2017,
OPTSTK,UBL,25-Jan-2018,900,PE,0,0,0,56.3,5.8,0,0,0,0,19-DEC-2017,
OPTSTK,UBL,25-Jan-2018,910,PE,0,0,0,60.65,6.85,0,0,0,0,19-DEC-2017,
OPTSTK,UBL,25-Jan-2018,920,PE,0,0,0,65.25,8.1,0,0,0,0,19-DEC-2017,
OPTSTK,UBL,25-Jan-2018,930,PE,0,0,0,70,9.5,0,0,0,0,19-DEC-2017,
OPTSTK,UBL,25-Jan-2018,940,PE,0,0,0,74.95,11.1,0,0,0,0,19-DEC-2017,
OPTSTK,UBL,25-Jan-2018,950,PE,0,0,0,80.1,12.85,0,0,0,0,19-DEC-2017,
OPTSTK,UBL,25-Jan-2018,960,PE,0,0,0,85.45,14.8,0,0,0,0,19-DEC-2017,
OPTSTK,UBL,25-Jan-2018,970,PE,0,0,0,90.95,16.95,0,0,0,0,19-DEC-2017,
OPTSTK,UBL,25-Jan-2018,980,PE,0,0,0,96.65,19.35,0,0,0,0,19-DEC-2017,
OPTSTK,UBL,25-Jan-2018,990,PE,0,0,0,102.5,22,0,0,0,0,19-DEC-2017,
OPTSTK,UBL,25-Jan-2018,1000,PE,0,0,0,108.55,24.85,0,0,0,0,19-DEC-2017,
OPTSTK,UBL,25-Jan-2018,1010,PE,0,0,0,114.75,27.9,0,0,0,0,19-DEC-2017,
OPTSTK,UBL,25-Jan-2018,1020,PE,0,0,0,121.1,31.25,0,0,0,0,19-DEC-2017,
OPTSTK,UBL,25-Jan-2018,1030,PE,0,0,0,127.65,34.85,0,0,0,0,19-DEC-2017,
OPTSTK,UBL,25-Jan-2018,1040,PE,0,0,0,134.3,38.75,0,0,0,0,19-DEC-2017,
OPTSTK,UBL,25-Jan-2018,1050,PE,0,0,0,141.15,42.85,0,0,0,0,19-DEC-2017,
OPTSTK,UBL,25-Jan-2018,1060,PE,0,0,0,148.15,47.25,0,0,0,0,19-DEC-2017,
OPTSTK,UBL,25-Jan-2018,1070,PE,0,0,0,155.25,51.9,0,0,0,0,19-DEC-2017,
OPTSTK,UBL,25-Jan-2018,1080,PE,0,0,0,162.5,56.8,0,0,0,0,19-DEC-2017,
OPTSTK,UBL,25-Jan-2018,1090,PE,0,0,0,169.95,62,0,0,0,0,19-DEC-2017,
OPTSTK,UBL,25-Jan-2018,1100,PE,0,0,0,177.45,67.45,0,0,0,0,19-DEC-2017,
OPTSTK,UBL,25-Jan-2018,1110,PE,0,0,0,185.1,73.1,0,0,0,0,19-DEC-2017,
OPTSTK,UBL,25-Jan-2018,1120,PE,0,0,0,192.85,79.05,0,0,0,0,19-DEC-2017,
OPTSTK,UBL,25-Jan-2018,1130,PE,0,0,0,200.75,85.25,0,0,0,0,19-DEC-2017,
OPTSTK,UBL,25-Jan-2018,1140,PE,0,0,0,208.65,91.65,0,0,0,0,19-DEC-2017,
OPTSTK,UBL,25-Jan-2018,1150,PE,0,0,0,189.75,98.25,0,0,0,0,19-DEC-2017,
OPTSTK,UBL,25-Jan-2018,1160,PE,0,0,0,197.25,105.15,0,0,0,0,19-DEC-2017,
OPTSTK,UBL,25-Jan-2018,1170,PE,0,0,0,204.9,112.2,0,0,0,0,19-DEC-2017,
OPTSTK,UBL,25-Jan-2018,1180,PE,0,0,0,212.65,119.45,0,0,0,0,19-DEC-2017,
OPTSTK,UBL,25-Jan-2018,1190,PE,0,0,0,220.45,127,0,0,0,0,19-DEC-2017,
OPTSTK,UBL,25-Jan-2018,1200,PE,0,0,0,198.7,134.65,0,0,0,0,19-DEC-2017,
OPTSTK,UBL,25-Jan-2018,1210,PE,0,0,0,205.95,142.45,0,0,0,0,19-DEC-2017,
OPTSTK,UBL,25-Jan-2018,1220,PE,0,0,0,213.35,150.4,0,0,0,0,19-DEC-2017,
OPTSTK,UBL,25-Jan-2018,1230,PE,0,0,0,220.75,158.55,0,0,0,0,19-DEC-2017,
OPTSTK,UBL,25-Jan-2018,1240,PE,0,0,0,228.3,166.85,0,0,0,0,19-DEC-2017,
OPTSTK,UBL,25-Jan-2018,1250,PE,0,0,0,224.2,175.25,0,0,0,0,19-DEC-2017,
OPTSTK,UBL,25-Jan-2018,1260,PE,0,0,0,213.05,183.85,0,0,0,0,19-DEC-2017,
OPTSTK,UBL,25-Jan-2018,1270,PE,0,0,0,220.5,192.5,0,0,0,0,19-DEC-2017,
OPTSTK,UBL,22-Feb-2018,880,CE,0,0,0,232.35,221.7,0,0,0,0,19-DEC-2017,
OPTSTK,UBL,22-Feb-2018,890,CE,0,0,0,224.25,213.3,0,0,0,0,19-DEC-2017,
OPTSTK,UBL,22-Feb-2018,900,CE,0,0,0,216.35,205.05,0,0,0,0,19-DEC-2017,
OPTSTK,UBL,22-Feb-2018,910,CE,0,0,0,208.6,196.95,0,0,0,0,19-DEC-2017,
OPTSTK,UBL,22-Feb-2018,920,CE,0,0,0,201,189,0,0,0,0,19-DEC-2017,
OPTSTK,UBL,22-Feb-2018,930,CE,0,0,0,193.5,181.2,0,0,0,0,19-DEC-2017,
OPTSTK,UBL,22-Feb-2018,940,CE,0,0,0,186.25,173.55,0,0,0,0,19-DEC-2017,
OPTSTK,UBL,22-Feb-2018,950,CE,0,0,0,179.1,166.15,0,0,0,0,19-DEC-2017,
OPTSTK,UBL,22-Feb-2018,960,CE,0,0,0,172.1,158.9,0,0,0,0,19-DEC-2017,
OPTSTK,UBL,22-Feb-2018,970,CE,0,0,0,165.25,151.8,0,0,0,0,19-DEC-2017,
OPTSTK,UBL,22-Feb-2018,980,CE,0,0,0,158.55,144.85,0,0,0,0,19-DEC-2017,
OPTSTK,UBL,22-Feb-2018,990,CE,0,0,0,152.1,138.1,0,0,0,0,19-DEC-2017,
OPTSTK,UBL,22-Feb-2018,1000,CE,0,0,0,145.8,131.6,0,0,0,0,19-DEC-2017,
OPTSTK,UBL,22-Feb-2018,1010,CE,0,0,0,139.65,125.3,0,0,0,0,19-DEC-2017,
OPTSTK,UBL,22-Feb-2018,1020,CE,0,0,0,133.7,119.15,0,0,0,0,19-DEC-2017,
OPTSTK,UBL,22-Feb-2018,1030,CE,0,0,0,127.9,113.25,0,0,0,0,19-DEC-2017,
OPTSTK,UBL,22-Feb-2018,1040,CE,0,0,0,122.3,107.55,0,0,0,0,19-DEC-2017,
OPTSTK,UBL,22-Feb-2018,1050,CE,0,0,0,116.85,102,0,0,0,0,19-DEC-2017,
OPTSTK,UBL,22-Feb-2018,1060,CE,0,0,0,111.6,96.7,0,0,0,0,19-DEC-2017,
OPTSTK,UBL,22-Feb-2018,1070,CE,0,0,0,106.5,91.55,0,0,0,0,19-DEC-2017,
OPTSTK,UBL,22-Feb-2018,1080,CE,0,0,0,101.6,86.65,0,0,0,0,19-DEC-2017,
OPTSTK,UBL,22-Feb-2018,1090,CE,0,0,0,96.85,81.9,0,0,0,0,19-DEC-2017,
OPTSTK,UBL,22-Feb-2018,1100,CE,0,0,0,92.25,77.35,0,0,0,0,19-DEC-2017,
OPTSTK,UBL,22-Feb-2018,1110,CE,0,0,0,87.85,73,0,0,0,0,19-DEC-2017,
OPTSTK,UBL,22-Feb-2018,1120,CE,0,0,0,83.6,68.85,0,0,0,0,19-DEC-2017,
OPTSTK,UBL,22-Feb-2018,1130,CE,0,0,0,79.5,64.9,0,0,0,0,19-DEC-2017,
OPTSTK,UBL,22-Feb-2018,1140,CE,0,0,0,75.55,61.1,0,0,0,0,19-DEC-2017,
OPTSTK,UBL,22-Feb-2018,1150,CE,0,0,0,71.8,57.45,0,0,0,0,19-DEC-2017,
OPTSTK,UBL,22-Feb-2018,1160,CE,0,0,0,68.15,54,0,0,0,0,19-DEC-2017,
OPTSTK,UBL,22-Feb-2018,1170,CE,0,0,0,64.7,50.75,0,0,0,0,19-DEC-2017,
OPTSTK,UBL,22-Feb-2018,1180,CE,0,0,0,61.35,47.6,0,0,0,0,19-DEC-2017,
OPTSTK,UBL,22-Feb-2018,1190,CE,0,0,0,58.15,44.65,0,0,0,0,19-DEC-2017,
OPTSTK,UBL,22-Feb-2018,1200,CE,0,0,0,55.1,41.85,0,0,0,0,19-DEC-2017,
OPTSTK,UBL,22-Feb-2018,1210,CE,0,0,0,52.2,39.2,0,0,0,0,19-DEC-2017,
OPTSTK,UBL,22-Feb-2018,1220,CE,0,0,0,49.4,36.7,0,0,0,0,19-DEC-2017,
OPTSTK,UBL,22-Feb-2018,1230,CE,0,0,0,46.75,34.35,0,0,0,0,19-DEC-2017,
OPTSTK,UBL,22-Feb-2018,1240,CE,0,0,0,44.25,32.1,0,0,0,0,19-DEC-2017,
OPTSTK,UBL,22-Feb-2018,1250,CE,0,0,0,41.85,30,0,0,0,0,19-DEC-2017,
OPTSTK,UBL,22-Feb-2018,1260,CE,0,0,0,39.5,27.95,0,0,0,0,19-DEC-2017,
OPTSTK,UBL,22-Feb-2018,1270,CE,0,0,0,37.35,26.05,0,0,0,0,19-DEC-2017,
OPTSTK,UBL,22-Feb-2018,880,PE,0,0,0,16.1,11.05,0,0,0,0,19-DEC-2017,
OPTSTK,UBL,22-Feb-2018,890,PE,0,0,0,17.9,12.55,0,0,0,0,19-DEC-2017,
OPTSTK,UBL,22-Feb-2018,900,PE,0,0,0,19.85,14.15,0,0,0,0,19-DEC-2017,
OPTSTK,UBL,22-Feb-2018,910,PE,0,0,0,21.95,15.95,0,0,0,0,19-DEC-2017,
OPTSTK,UBL,22-Feb-2018,920,PE,0,0,0,24.15,17.9,0,0,0,0,19-DEC-2017,
OPTSTK,UBL,22-Feb-2018,930,PE,0,0,0,26.55,20,0,0,0,0,19-DEC-2017,
OPTSTK,UBL,22-Feb-2018,940,PE,0,0,0,29.15,22.25,0,0,0,0,19-DEC-2017,
OPTSTK,UBL,22-Feb-2018,950,PE,0,0,0,31.85,24.7,0,0,0,0,19-DEC-2017,
OPTSTK,UBL,22-Feb-2018,960,PE,0,0,0,34.7,27.35,0,0,0,0,19-DEC-2017,
OPTSTK,UBL,22-Feb-2018,970,PE,0,0,0,37.7,30.1,0,0,0,0,19-DEC-2017,
OPTSTK,UBL,22-Feb-2018,980,PE,0,0,0,40.9,33.1,0,0,0,0,19-DEC-2017,
OPTSTK,UBL,22-Feb-2018,990,PE,0,0,0,44.25,36.25,0,0,0,0,19-DEC-2017,
OPTSTK,UBL,22-Feb-2018,1000,PE,0,0,0,47.8,39.6,0,0,0,0,19-DEC-2017,
OPTSTK,UBL,22-Feb-2018,1010,PE,0,0,0,51.55,43.15,0,0,0,0,19-DEC-2017,
OPTSTK,UBL,22-Feb-2018,1020,PE,0,0,0,55.4,46.95,0,0,0,0,19-DEC-2017,
OPTSTK,UBL,22-Feb-2018,1030,PE,0,0,0,59.5,50.9,0,0,0,0,19-DEC-2017,
OPTSTK,UBL,22-Feb-2018,1040,PE,0,0,0,63.75,55.05,0,0,0,0,19-DEC-2017,
OPTSTK,UBL,22-Feb-2018,1050,PE,0,0,0,68.15,59.45,0,0,0,0,19-DEC-2017,
OPTSTK,UBL,22-Feb-2018,1060,PE,0,0,0,72.75,64,0,0,0,0,19-DEC-2017,
OPTSTK,UBL,22-Feb-2018,1070,PE,0,0,0,77.5,68.75,0,0,0,0,19-DEC-2017,
OPTSTK,UBL,22-Feb-2018,1080,PE,0,0,0,82.45,73.7,0,0,0,0,19-DEC-2017,
OPTSTK,UBL,22-Feb-2018,1090,PE,0,0,0,87.55,78.85,0,0,0,0,19-DEC-2017,
OPTSTK,UBL,22-Feb-2018,1100,PE,0,0,0,92.85,84.2,0,0,0,0,19-DEC-2017,
OPTSTK,UBL,22-Feb-2018,1110,PE,0,0,0,98.25,89.75,0,0,0,0,19-DEC-2017,
OPTSTK,UBL,22-Feb-2018,1120,PE,0,0,0,103.85,95.5,0,0,0,0,19-DEC-2017,
OPTSTK,UBL,22-Feb-2018,1130,PE,0,0,0,109.65,101.4,0,0,0,0,19-DEC-2017,
OPTSTK,UBL,22-Feb-2018,1140,PE,0,0,0,115.55,107.5,0,0,0,0,19-DEC-2017,
OPTSTK,UBL,22-Feb-2018,1150,PE,0,0,0,121.65,113.75,0,0,0,0,19-DEC-2017,
OPTSTK,UBL,22-Feb-2018,1160,PE,0,0,0,127.85,120.2,0,0,0,0,19-DEC-2017,
OPTSTK,UBL,22-Feb-2018,1170,PE,0,0,0,134.25,126.8,0,0,0,0,19-DEC-2017,
OPTSTK,UBL,22-Feb-2018,1180,PE,0,0,0,140.75,133.55,0,0,0,0,19-DEC-2017,
OPTSTK,UBL,22-Feb-2018,1190,PE,0,0,0,147.4,140.5,0,0,0,0,19-DEC-2017,
OPTSTK,UBL,22-Feb-2018,1200,PE,0,0,0,154.2,147.55,0,0,0,0,19-DEC-2017,
OPTSTK,UBL,22-Feb-2018,1210,PE,0,0,0,161.15,154.8,0,0,0,0,19-DEC-2017,
OPTSTK,UBL,22-Feb-2018,1220,PE,0,0,0,168.2,162.2,0,0,0,0,19-DEC-2017,
OPTSTK,UBL,22-Feb-2018,1230,PE,0,0,0,175.4,169.7,0,0,0,0,19-DEC-2017,
OPTSTK,UBL,22-Feb-2018,1240,PE,0,0,0,182.75,177.35,0,0,0,0,19-DEC-2017,
OPTSTK,UBL,22-Feb-2018,1250,PE,0,0,0,190.2,185.1,0,0,0,0,19-DEC-2017,
OPTSTK,UBL,22-Feb-2018,1260,PE,0,0,0,197.75,192.95,0,0,0,0,19-DEC-2017,
OPTSTK,UBL,22-Feb-2018,1270,PE,0,0,0,205.4,200.95,0,0,0,0,19-DEC-2017,
OPTSTK,UJJIVAN,28-Dec-2017,240,CE,0,0,0,82.6,136.55,0,0,0,0,19-DEC-2017,
OPTSTK,UJJIVAN,28-Dec-2017,250,CE,0,0,0,74.4,126.55,0,0,0,0,19-DEC-2017,
OPTSTK,UJJIVAN,28-Dec-2017,260,CE,0,0,0,66.65,116.55,0,0,0,0,19-DEC-2017,
OPTSTK,UJJIVAN,28-Dec-2017,270,CE,0,0,0,59.4,106.6,0,0,0,0,19-DEC-2017,
OPTSTK,UJJIVAN,28-Dec-2017,280,CE,0,0,0,52.6,96.6,0,0,0,0,19-DEC-2017,
OPTSTK,UJJIVAN,28-Dec-2017,290,CE,0,0,0,46.35,86.6,0,0,0,0,19-DEC-2017,
OPTSTK,UJJIVAN,28-Dec-2017,300,CE,0,0,0,40.6,76.65,0,0,0,0,19-DEC-2017,
OPTSTK,UJJIVAN,28-Dec-2017,310,CE,0,0,0,35.45,66.65,0,0,0,0,19-DEC-2017,
OPTSTK,UJJIVAN,28-Dec-2017,320,CE,0,0,0,30.75,56.7,0,0,0,0,19-DEC-2017,
OPTSTK,UJJIVAN,28-Dec-2017,330,CE,0,0,0,26.55,46.8,0,0,0,0,19-DEC-2017,
OPTSTK,UJJIVAN,28-Dec-2017,340,CE,0,0,0,27.6,37.2,0,0,6000,0,19-DEC-2017,
OPTSTK,UJJIVAN,28-Dec-2017,350,CE,0,0,0,18.15,28.05,0,0,9600,0,19-DEC-2017,
OPTSTK,UJJIVAN,28-Dec-2017,360,CE,17.8,17.8,17.8,17.8,17.8,1,4.53,25200,-1200,19-DEC-2017,
OPTSTK,UJJIVAN,28-Dec-2017,370,CE,10.95,13.05,10.5,11.55,11.55,34,155.73,44400,-1200,19-DEC-2017,
OPTSTK,UJJIVAN,28-Dec-2017,380,CE,6.5,7.8,5.55,6.5,6.5,186,862.97,198000,12000,19-DEC-2017,
OPTSTK,UJJIVAN,28-Dec-2017,390,CE,3.85,4.5,3.05,3.65,3.65,30,141.76,124800,1200,19-DEC-2017,
OPTSTK,UJJIVAN,28-Dec-2017,400,CE,2.3,2.6,1.7,1.95,1.95,69,332.96,322800,2400,19-DEC-2017,
OPTSTK,UJJIVAN,28-Dec-2017,410,CE,1.3,1.55,1.05,1.15,1.15,8,39.48,74400,-1200,19-DEC-2017,
OPTSTK,UJJIVAN,28-Dec-2017,420,CE,0.8,1,0.75,0.75,0.75,5,25.25,62400,-4800,19-DEC-2017,
OPTSTK,UJJIVAN,28-Dec-2017,430,CE,0.5,0.7,0.3,0.3,0.3,4,20.66,25200,-3600,19-DEC-2017,
OPTSTK,UJJIVAN,28-Dec-2017,440,CE,0.35,0.55,0.35,0.45,0.45,16,84.56,24000,-13200,19-DEC-2017,
OPTSTK,UJJIVAN,28-Dec-2017,450,CE,0.35,0.35,0.2,0.25,0.25,3,16.2,9600,-1200,19-DEC-2017,
OPTSTK,UJJIVAN,28-Dec-2017,460,CE,0,0,0,0.2,0.05,0,0,3600,0,19-DEC-2017,
OPTSTK,UJJIVAN,28-Dec-2017,470,CE,0,0,0,0.2,0,0,0,2400,0,19-DEC-2017,
OPTSTK,UJJIVAN,28-Dec-2017,480,CE,0,0,0,1.25,0,0,0,1200,0,19-DEC-2017,
OPTSTK,UJJIVAN,28-Dec-2017,490,CE,0,0,0,1.45,0,0,0,0,0,19-DEC-2017,
OPTSTK,UJJIVAN,28-Dec-2017,240,PE,0,0,0,4.05,0,0,0,0,0,19-DEC-2017,
OPTSTK,UJJIVAN,28-Dec-2017,250,PE,0,0,0,5.7,0,0,0,0,0,19-DEC-2017,
OPTSTK,UJJIVAN,28-Dec-2017,260,PE,0,0,0,7.8,0,0,0,0,0,19-DEC-2017,
OPTSTK,UJJIVAN,28-Dec-2017,270,PE,0,0,0,10.4,0,0,0,0,0,19-DEC-2017,
OPTSTK,UJJIVAN,28-Dec-2017,280,PE,0,0,0,13.45,0,0,0,0,0,19-DEC-2017,
OPTSTK,UJJIVAN,28-Dec-2017,290,PE,0,0,0,17.05,0,0,0,0,0,19-DEC-2017,
OPTSTK,UJJIVAN,28-Dec-2017,300,PE,0,0,0,21.15,0,0,0,0,0,19-DEC-2017,
OPTSTK,UJJIVAN,28-Dec-2017,310,PE,0,0,0,25.8,0.05,0,0,0,0,19-DEC-2017,
OPTSTK,UJJIVAN,28-Dec-2017,320,PE,0,0,0,1.25,0.05,0,0,1200,0,19-DEC-2017,
OPTSTK,UJJIVAN,28-Dec-2017,330,PE,0.2,0.2,0.2,0.2,0.2,2,7.92,2400,-2400,19-DEC-2017,
OPTSTK,UJJIVAN,28-Dec-2017,340,PE,0.5,0.5,0.3,0.3,0.3,6,24.51,46800,-4800,19-DEC-2017,
OPTSTK,UJJIVAN,28-Dec-2017,350,PE,1.9,1.9,0.9,0.95,0.95,13,54.77,37200,-3600,19-DEC-2017,
OPTSTK,UJJIVAN,28-Dec-2017,360,PE,4.25,4.25,1.7,1.8,1.8,17,73.91,55200,4800,19-DEC-2017,
OPTSTK,UJJIVAN,28-Dec-2017,370,PE,6.5,7.15,4,4.15,4.15,39,175.51,72000,15600,19-DEC-2017,
OPTSTK,UJJIVAN,28-Dec-2017,380,PE,10,11.5,8.95,9.85,9.85,8,37.44,27600,1200,19-DEC-2017,
OPTSTK,UJJIVAN,28-Dec-2017,390,PE,0,0,0,29.3,17.65,0,0,21600,0,19-DEC-2017,
OPTSTK,UJJIVAN,28-Dec-2017,400,PE,0,0,0,31.1,25.45,0,0,40800,0,19-DEC-2017,
OPTSTK,UJJIVAN,28-Dec-2017,410,PE,0,0,0,48.25,34.25,0,0,13200,0,19-DEC-2017,
OPTSTK,UJJIVAN,28-Dec-2017,420,PE,43.2,43.6,43.2,43.6,43.6,2,11.12,3600,-1200,19-DEC-2017,
OPTSTK,UJJIVAN,28-Dec-2017,430,PE,0,0,0,51.75,53.35,0,0,6000,0,19-DEC-2017,
OPTSTK,UJJIVAN,28-Dec-2017,440,PE,0,0,0,122.55,63.25,0,0,0,0,19-DEC-2017,
OPTSTK,UJJIVAN,28-Dec-2017,450,PE,0,0,0,131.65,73.2,0,0,0,0,19-DEC-2017,
OPTSTK,UJJIVAN,28-Dec-2017,460,PE,0,0,0,137.45,83.15,0,0,0,0,19-DEC-2017,
OPTSTK,UJJIVAN,28-Dec-2017,470,PE,0,0,0,137.7,93.15,0,0,0,0,19-DEC-2017,
OPTSTK,UJJIVAN,28-Dec-2017,480,PE,0,0,0,134.9,103.1,0,0,0,0,19-DEC-2017,
OPTSTK,UJJIVAN,28-Dec-2017,490,PE,0,0,0,139.65,113.1,0,0,0,0,19-DEC-2017,
OPTSTK,UJJIVAN,25-Jan-2018,240,CE,0,0,0,87.25,137.75,0,0,0,0,19-DEC-2017,
OPTSTK,UJJIVAN,25-Jan-2018,250,CE,0,0,0,78.3,127.8,0,0,0,0,19-DEC-2017,
OPTSTK,UJJIVAN,25-Jan-2018,260,CE,0,0,0,69.65,117.9,0,0,0,0,19-DEC-2017,
OPTSTK,UJJIVAN,25-Jan-2018,270,CE,0,0,0,61.45,108,0,0,0,0,19-DEC-2017,
OPTSTK,UJJIVAN,25-Jan-2018,280,CE,0,0,0,53.75,98.1,0,0,0,0,19-DEC-2017,
OPTSTK,UJJIVAN,25-Jan-2018,290,CE,0,0,0,46.65,88.35,0,0,0,0,19-DEC-2017,
OPTSTK,UJJIVAN,25-Jan-2018,300,CE,0,0,0,40.1,78.7,0,0,0,0,19-DEC-2017,
OPTSTK,UJJIVAN,25-Jan-2018,310,CE,0,0,0,34.2,69.25,0,0,0,0,19-DEC-2017,
OPTSTK,UJJIVAN,25-Jan-2018,320,CE,0,0,0,28.9,60.15,0,0,0,0,19-DEC-2017,
OPTSTK,UJJIVAN,25-Jan-2018,330,CE,0,0,0,24.2,51.5,0,0,0,0,19-DEC-2017,
OPTSTK,UJJIVAN,25-Jan-2018,340,CE,0,0,0,20.15,43.4,0,0,0,0,19-DEC-2017,
OPTSTK,UJJIVAN,25-Jan-2018,350,CE,0,0,0,16.6,36,0,0,0,0,19-DEC-2017,
OPTSTK,UJJIVAN,25-Jan-2018,360,CE,0,0,0,13.6,29.35,0,0,0,0,19-DEC-2017,
OPTSTK,UJJIVAN,25-Jan-2018,370,CE,0,0,0,11.1,23.5,0,0,0,0,19-DEC-2017,
OPTSTK,UJJIVAN,25-Jan-2018,380,CE,0,0,0,9,18.45,0,0,0,0,19-DEC-2017,
OPTSTK,UJJIVAN,25-Jan-2018,390,CE,12,12,12,12,12,3,19.29,4800,4800,19-DEC-2017,
OPTSTK,UJJIVAN,25-Jan-2018,400,CE,0,0,0,9.3,10.85,0,0,3200,0,19-DEC-2017,
OPTSTK,UJJIVAN,25-Jan-2018,410,CE,0,0,0,4.55,8.1,0,0,0,0,19-DEC-2017,
OPTSTK,UJJIVAN,25-Jan-2018,420,CE,0,0,0,3.6,5.95,0,0,0,0,19-DEC-2017,
OPTSTK,UJJIVAN,25-Jan-2018,430,CE,0,0,0,2.85,4.3,0,0,0,0,19-DEC-2017,
OPTSTK,UJJIVAN,25-Jan-2018,440,CE,0,0,0,2.2,3.05,0,0,0,0,19-DEC-2017,
OPTSTK,UJJIVAN,25-Jan-2018,450,CE,0,0,0,1.75,2.15,0,0,0,0,19-DEC-2017,
OPTSTK,UJJIVAN,25-Jan-2018,460,CE,0,0,0,1.35,1.45,0,0,0,0,19-DEC-2017,
OPTSTK,UJJIVAN,25-Jan-2018,470,CE,0,0,0,0.95,1,0,0,0,0,19-DEC-2017,
OPTSTK,UJJIVAN,25-Jan-2018,480,CE,0,0,0,1.25,0.7,0,0,0,0,19-DEC-2017,
OPTSTK,UJJIVAN,25-Jan-2018,490,CE,0,0,0,8.35,0.45,0,0,0,0,19-DEC-2017,
OPTSTK,UJJIVAN,25-Jan-2018,240,PE,0,0,0,1.4,0,0,0,0,0,19-DEC-2017,
OPTSTK,UJJIVAN,25-Jan-2018,250,PE,0,0,0,2.25,0.05,0,0,0,0,19-DEC-2017,
OPTSTK,UJJIVAN,25-Jan-2018,260,PE,0,0,0,3.5,0.05,0,0,0,0,19-DEC-2017,
OPTSTK,UJJIVAN,25-Jan-2018,270,PE,0,0,0,5.15,0.05,0,0,0,0,19-DEC-2017,
OPTSTK,UJJIVAN,25-Jan-2018,280,PE,0,0,0,7.3,0.15,0,0,0,0,19-DEC-2017,
OPTSTK,UJJIVAN,25-Jan-2018,290,PE,0,0,0,10,0.3,0,0,0,0,19-DEC-2017,
OPTSTK,UJJIVAN,25-Jan-2018,300,PE,0,0,0,13.3,0.6,0,0,0,0,19-DEC-2017,
OPTSTK,UJJIVAN,25-Jan-2018,310,PE,0,0,0,17.2,1.1,0,0,0,0,19-DEC-2017,
OPTSTK,UJJIVAN,25-Jan-2018,320,PE,0,0,0,21.75,1.95,0,0,0,0,19-DEC-2017,
OPTSTK,UJJIVAN,25-Jan-2018,330,PE,0,0,0,26.95,3.2,0,0,0,0,19-DEC-2017,
OPTSTK,UJJIVAN,25-Jan-2018,340,PE,0,0,0,32.7,5.05,0,0,0,0,19-DEC-2017,
OPTSTK,UJJIVAN,25-Jan-2018,350,PE,0,0,0,16,7.6,0,0,1600,0,19-DEC-2017,
OPTSTK,UJJIVAN,25-Jan-2018,360,PE,8.8,10,8.8,9.8,9.8,7,41.36,12800,4800,19-DEC-2017,
OPTSTK,UJJIVAN,25-Jan-2018,370,PE,0,0,0,53.2,14.95,0,0,0,0,19-DEC-2017,
OPTSTK,UJJIVAN,25-Jan-2018,380,PE,18.55,18.55,18.55,18.55,18.55,2,12.75,3200,3200,19-DEC-2017,
OPTSTK,UJJIVAN,25-Jan-2018,390,PE,0,0,0,69,25.6,0,0,0,0,19-DEC-2017,
OPTSTK,UJJIVAN,25-Jan-2018,400,PE,0,0,0,77.4,32.05,0,0,0,0,19-DEC-2017,
OPTSTK,UJJIVAN,25-Jan-2018,410,PE,0,0,0,86.05,39.25,0,0,0,0,19-DEC-2017,
OPTSTK,UJJIVAN,25-Jan-2018,420,PE,0,0,0,94.9,47.05,0,0,0,0,19-DEC-2017,
OPTSTK,UJJIVAN,25-Jan-2018,430,PE,0,0,0,104,55.35,0,0,0,0,19-DEC-2017,
OPTSTK,UJJIVAN,25-Jan-2018,440,PE,0,0,0,113.2,64.05,0,0,0,0,19-DEC-2017,
OPTSTK,UJJIVAN,25-Jan-2018,450,PE,0,0,0,122.6,73.05,0,0,0,0,19-DEC-2017,
OPTSTK,UJJIVAN,25-Jan-2018,460,PE,0,0,0,132.05,82.35,0,0,0,0,19-DEC-2017,
OPTSTK,UJJIVAN,25-Jan-2018,470,PE,0,0,0,134.7,91.8,0,0,0,0,19-DEC-2017,
OPTSTK,UJJIVAN,25-Jan-2018,480,PE,0,0,0,135.4,101.4,0,0,0,0,19-DEC-2017,
OPTSTK,UJJIVAN,25-Jan-2018,490,PE,0,0,0,118.1,111.1,0,0,0,0,19-DEC-2017,
OPTSTK,UJJIVAN,22-Feb-2018,250,CE,0,0,0,141.55,129.15,0,0,0,0,19-DEC-2017,
OPTSTK,UJJIVAN,22-Feb-2018,260,CE,0,0,0,132.05,119.35,0,0,0,0,19-DEC-2017,
OPTSTK,UJJIVAN,22-Feb-2018,270,CE,0,0,0,122.65,109.65,0,0,0,0,19-DEC-2017,
OPTSTK,UJJIVAN,22-Feb-2018,280,CE,0,0,0,113.45,100.1,0,0,0,0,19-DEC-2017,
OPTSTK,UJJIVAN,22-Feb-2018,290,CE,0,0,0,104.5,90.75,0,0,0,0,19-DEC-2017,
OPTSTK,UJJIVAN,22-Feb-2018,300,CE,0,0,0,95.8,81.6,0,0,0,0,19-DEC-2017,
OPTSTK,UJJIVAN,22-Feb-2018,310,CE,0,0,0,87.4,72.85,0,0,0,0,19-DEC-2017,
OPTSTK,UJJIVAN,22-Feb-2018,320,CE,0,0,0,79.4,64.45,0,0,0,0,19-DEC-2017,
OPTSTK,UJJIVAN,22-Feb-2018,330,CE,0,0,0,71.75,56.5,0,0,0,0,19-DEC-2017,
OPTSTK,UJJIVAN,22-Feb-2018,340,CE,0,0,0,64.55,49.1,0,0,0,0,19-DEC-2017,
OPTSTK,UJJIVAN,22-Feb-2018,350,CE,0,0,0,57.8,42.3,0,0,0,0,19-DEC-2017,
OPTSTK,UJJIVAN,22-Feb-2018,360,CE,0,0,0,51.5,36.05,0,0,0,0,19-DEC-2017,
OPTSTK,UJJIVAN,22-Feb-2018,370,CE,0,0,0,45.7,30.5,0,0,0,0,19-DEC-2017,
OPTSTK,UJJIVAN,22-Feb-2018,380,CE,0,0,0,40.4,25.55,0,0,0,0,19-DEC-2017,
OPTSTK,UJJIVAN,22-Feb-2018,390,CE,0,0,0,35.5,21.2,0,0,0,0,19-DEC-2017,
OPTSTK,UJJIVAN,22-Feb-2018,400,CE,0,0,0,31.1,17.45,0,0,0,0,19-DEC-2017,
OPTSTK,UJJIVAN,22-Feb-2018,410,CE,0,0,0,27.15,14.25,0,0,0,0,19-DEC-2017,
OPTSTK,UJJIVAN,22-Feb-2018,420,CE,0,0,0,23.55,11.55,0,0,0,0,19-DEC-2017,
OPTSTK,UJJIVAN,22-Feb-2018,430,CE,0,0,0,20.4,9.25,0,0,0,0,19-DEC-2017,
OPTSTK,UJJIVAN,22-Feb-2018,440,CE,0,0,0,17.6,7.4,0,0,0,0,19-DEC-2017,
OPTSTK,UJJIVAN,22-Feb-2018,450,CE,0,0,0,15.15,5.85,0,0,0,0,19-DEC-2017,
OPTSTK,UJJIVAN,22-Feb-2018,460,CE,0,0,0,13,4.6,0,0,0,0,19-DEC-2017,
OPTSTK,UJJIVAN,22-Feb-2018,470,CE,0,0,0,11.1,3.6,0,0,0,0,19-DEC-2017,
OPTSTK,UJJIVAN,22-Feb-2018,480,CE,0,0,0,9.45,2.75,0,0,0,0,19-DEC-2017,
OPTSTK,UJJIVAN,22-Feb-2018,490,CE,0,0,0,8,2.15,0,0,0,0,19-DEC-2017,
OPTSTK,UJJIVAN,22-Feb-2018,250,PE,0,0,0,0.55,0.15,0,0,0,0,19-DEC-2017,
OPTSTK,UJJIVAN,22-Feb-2018,260,PE,0,0,0,0.85,0.25,0,0,0,0,19-DEC-2017,
OPTSTK,UJJIVAN,22-Feb-2018,270,PE,0,0,0,1.3,0.45,0,0,0,0,19-DEC-2017,
OPTSTK,UJJIVAN,22-Feb-2018,280,PE,0,0,0,1.95,0.75,0,0,0,0,19-DEC-2017,
OPTSTK,UJJIVAN,22-Feb-2018,290,PE,0,0,0,2.85,1.3,0,0,0,0,19-DEC-2017,
OPTSTK,UJJIVAN,22-Feb-2018,300,PE,0,0,0,4,2.05,0,0,0,0,19-DEC-2017,
OPTSTK,UJJIVAN,22-Feb-2018,310,PE,0,0,0,5.5,3.15,0,0,0,0,19-DEC-2017,
OPTSTK,UJJIVAN,22-Feb-2018,320,PE,0,0,0,7.3,4.65,0,0,0,0,19-DEC-2017,
OPTSTK,UJJIVAN,22-Feb-2018,330,PE,0,0,0,9.55,6.6,0,0,0,0,19-DEC-2017,
OPTSTK,UJJIVAN,22-Feb-2018,340,PE,0,0,0,12.2,9.1,0,0,0,0,19-DEC-2017,
OPTSTK,UJJIVAN,22-Feb-2018,350,PE,0,0,0,15.3,12.15,0,0,0,0,19-DEC-2017,
OPTSTK,UJJIVAN,22-Feb-2018,360,PE,0,0,0,18.85,15.8,0,0,0,0,19-DEC-2017,
OPTSTK,UJJIVAN,22-Feb-2018,370,PE,0,0,0,22.9,20.1,0,0,0,0,19-DEC-2017,
OPTSTK,UJJIVAN,22-Feb-2018,380,PE,0,0,0,27.45,25.05,0,0,0,0,19-DEC-2017,
OPTSTK,UJJIVAN,22-Feb-2018,390,PE,0,0,0,32.45,30.6,0,0,0,0,19-DEC-2017,
OPTSTK,UJJIVAN,22-Feb-2018,400,PE,0,0,0,37.85,36.75,0,0,0,0,19-DEC-2017,
OPTSTK,UJJIVAN,22-Feb-2018,410,PE,0,0,0,43.75,43.4,0,0,0,0,19-DEC-2017,
OPTSTK,UJJIVAN,22-Feb-2018,420,PE,0,0,0,50.05,50.6,0,0,0,0,19-DEC-2017,
OPTSTK,UJJIVAN,22-Feb-2018,430,PE,0,0,0,56.75,58.2,0,0,0,0,19-DEC-2017,
OPTSTK,UJJIVAN,22-Feb-2018,440,PE,0,0,0,63.8,66.2,0,0,0,0,19-DEC-2017,
OPTSTK,UJJIVAN,22-Feb-2018,450,PE,0,0,0,71.2,74.55,0,0,0,0,19-DEC-2017,
OPTSTK,UJJIVAN,22-Feb-2018,460,PE,0,0,0,78.85,83.2,0,0,0,0,19-DEC-2017,
OPTSTK,UJJIVAN,22-Feb-2018,470,PE,0,0,0,86.8,92.05,0,0,0,0,19-DEC-2017,
OPTSTK,UJJIVAN,22-Feb-2018,480,PE,0,0,0,95.05,101.15,0,0,0,0,19-DEC-2017,
OPTSTK,UJJIVAN,22-Feb-2018,490,PE,0,0,0,103.45,110.4,0,0,0,0,19-DEC-2017,
OPTSTK,ULTRACEMCO,28-Dec-2017,3250,CE,0,0,0,696.35,1115.55,0,0,0,0,19-DEC-2017,
OPTSTK,ULTRACEMCO,28-Dec-2017,3300,CE,0,0,0,653.6,1065.65,0,0,0,0,19-DEC-2017,
OPTSTK,ULTRACEMCO,28-Dec-2017,3350,CE,0,0,0,611.9,1015.75,0,0,0,0,19-DEC-2017,
OPTSTK,ULTRACEMCO,28-Dec-2017,3400,CE,0,0,0,571.4,965.8,0,0,0,0,19-DEC-2017,
OPTSTK,ULTRACEMCO,28-Dec-2017,3450,CE,0,0,0,532.2,915.9,0,0,0,0,19-DEC-2017,
OPTSTK,ULTRACEMCO,28-Dec-2017,3500,CE,0,0,0,494.4,865.95,0,0,0,0,19-DEC-2017,
OPTSTK,ULTRACEMCO,28-Dec-2017,3550,CE,0,0,0,458.15,816.05,0,0,0,0,19-DEC-2017,
OPTSTK,ULTRACEMCO,28-Dec-2017,3600,CE,0,0,0,423.1,766.1,0,0,0,0,19-DEC-2017,
OPTSTK,ULTRACEMCO,28-Dec-2017,3650,CE,0,0,0,389.85,716.2,0,0,0,0,19-DEC-2017,
OPTSTK,ULTRACEMCO,28-Dec-2017,3700,CE,0,0,0,358.2,666.25,0,0,0,0,19-DEC-2017,
OPTSTK,ULTRACEMCO,28-Dec-2017,3750,CE,0,0,0,328.25,616.35,0,0,0,0,19-DEC-2017,
OPTSTK,ULTRACEMCO,28-Dec-2017,3800,CE,0,0,0,264.2,566.45,0,0,200,0,19-DEC-2017,
OPTSTK,ULTRACEMCO,28-Dec-2017,3850,CE,0,0,0,273.35,516.55,0,0,0,0,19-DEC-2017,
OPTSTK,ULTRACEMCO,28-Dec-2017,3900,CE,0,0,0,248.4,466.65,0,0,0,0,19-DEC-2017,
OPTSTK,ULTRACEMCO,28-Dec-2017,3950,CE,0,0,0,225.1,416.9,0,0,0,0,19-DEC-2017,
OPTSTK,ULTRACEMCO,28-Dec-2017,4000,CE,360,360,360,360,360,1,8.72,400,200,19-DEC-2017,
OPTSTK,ULTRACEMCO,28-Dec-2017,4050,CE,0,0,0,183.4,318.3,0,0,0,0,19-DEC-2017,
OPTSTK,ULTRACEMCO,28-Dec-2017,4100,CE,0,0,0,230,270.25,0,0,2600,0,19-DEC-2017,
OPTSTK,ULTRACEMCO,28-Dec-2017,4150,CE,0,0,0,180,223.95,0,0,1600,0,19-DEC-2017,
OPTSTK,ULTRACEMCO,28-Dec-2017,4200,CE,174.8,175,169,169,169,5,43.71,11000,-400,19-DEC-2017,
OPTSTK,ULTRACEMCO,28-Dec-2017,4250,CE,133.95,133.95,124,124,124,3,26.28,5000,-200,19-DEC-2017,
OPTSTK,ULTRACEMCO,28-Dec-2017,4300,CE,78.6,108,78.6,89.95,89.95,36,316.53,12600,-3800,19-DEC-2017,
OPTSTK,ULTRACEMCO,28-Dec-2017,4350,CE,60.45,80,55.05,64.1,64.1,48,424.25,13000,-1000,19-DEC-2017,
OPTSTK,ULTRACEMCO,28-Dec-2017,4400,CE,38,54,32.9,42.75,42.75,346,3076.29,40800,-1400,19-DEC-2017,
OPTSTK,ULTRACEMCO,28-Dec-2017,4450,CE,30,31,25.75,27,27,17,152.25,2200,1400,19-DEC-2017,
OPTSTK,ULTRACEMCO,28-Dec-2017,4500,CE,20,20,11.05,17.3,17.3,19,171.68,18400,-1000,19-DEC-2017,
OPTSTK,ULTRACEMCO,28-Dec-2017,4550,CE,11,11,11,11,11,1,9.12,800,200,19-DEC-2017,
OPTSTK,ULTRACEMCO,28-Dec-2017,4600,CE,0,0,0,49.5,7,0,0,0,0,19-DEC-2017,
OPTSTK,ULTRACEMCO,28-Dec-2017,4650,CE,0,0,0,43.3,3.7,0,0,0,0,19-DEC-2017,
OPTSTK,ULTRACEMCO,28-Dec-2017,4700,CE,0,0,0,37.8,1.85,0,0,0,0,19-DEC-2017,
OPTSTK,ULTRACEMCO,28-Dec-2017,4750,CE,0,0,0,32.95,0.9,0,0,0,0,19-DEC-2017,
OPTSTK,ULTRACEMCO,28-Dec-2017,4800,CE,0,0,0,28.65,0.4,0,0,0,0,19-DEC-2017,
OPTSTK,ULTRACEMCO,28-Dec-2017,4850,CE,0,0,0,24.85,0.2,0,0,0,0,19-DEC-2017,
OPTSTK,ULTRACEMCO,28-Dec-2017,4900,CE,0,0,0,17.1,0.1,0,0,0,0,19-DEC-2017,
OPTSTK,ULTRACEMCO,28-Dec-2017,4950,CE,0,0,0,10.35,0.05,0,0,0,0,19-DEC-2017,
OPTSTK,ULTRACEMCO,28-Dec-2017,5000,CE,0,0,0,7.5,0.05,0,0,0,0,19-DEC-2017,
OPTSTK,ULTRACEMCO,28-Dec-2017,3250,PE,0,0,0,27.1,0,0,0,0,0,19-DEC-2017,
OPTSTK,ULTRACEMCO,28-Dec-2017,3300,PE,0,0,0,33.55,0,0,0,0,0,19-DEC-2017,
OPTSTK,ULTRACEMCO,28-Dec-2017,3350,PE,0,0,0,41.1,0,0,0,0,0,19-DEC-2017,
OPTSTK,ULTRACEMCO,28-Dec-2017,3400,PE,0,0,0,49.8,0,0,0,0,0,19-DEC-2017,
OPTSTK,ULTRACEMCO,28-Dec-2017,3450,PE,0,0,0,59.85,0,0,0,0,0,19-DEC-2017,
OPTSTK,ULTRACEMCO,28-Dec-2017,3500,PE,0,0,0,71.25,0,0,0,0,0,19-DEC-2017,
OPTSTK,ULTRACEMCO,28-Dec-2017,3550,PE,0,0,0,84.2,0,0,0,0,0,19-DEC-2017,
OPTSTK,ULTRACEMCO,28-Dec-2017,3600,PE,0,0,0,98.4,0,0,0,0,0,19-DEC-2017,
OPTSTK,ULTRACEMCO,28-Dec-2017,3650,PE,0,0,0,114.35,0,0,0,0,0,19-DEC-2017,
OPTSTK,ULTRACEMCO,28-Dec-2017,3700,PE,0,0,0,131.95,0,0,0,0,0,19-DEC-2017,
OPTSTK,ULTRACEMCO,28-Dec-2017,3750,PE,0,0,0,151.2,0,0,0,0,0,19-DEC-2017,
OPTSTK,ULTRACEMCO,28-Dec-2017,3800,PE,0,0,0,12,0.05,0,0,4000,0,19-DEC-2017,
OPTSTK,ULTRACEMCO,28-Dec-2017,3850,PE,0,0,0,10,0.05,0,0,0,0,19-DEC-2017,
OPTSTK,ULTRACEMCO,28-Dec-2017,3900,PE,0,0,0,8,0.1,0,0,3600,0,19-DEC-2017,
OPTSTK,ULTRACEMCO,28-Dec-2017,3950,PE,1.1,1.1,1.1,1.1,1.1,2,15.8,600,-400,19-DEC-2017,
OPTSTK,ULTRACEMCO,28-Dec-2017,4000,PE,0,0,0,4.1,0.6,0,0,7400,0,19-DEC-2017,
OPTSTK,ULTRACEMCO,28-Dec-2017,4050,PE,0,0,0,30,1.5,0,0,2200,0,19-DEC-2017,
OPTSTK,ULTRACEMCO,28-Dec-2017,4100,PE,10,10,4.7,4.7,4.7,15,123.22,7400,-400,19-DEC-2017,
OPTSTK,ULTRACEMCO,28-Dec-2017,4150,PE,18.15,18.15,8.2,8.4,8.4,7,58.24,1400,-1400,19-DEC-2017,
OPTSTK,ULTRACEMCO,28-Dec-2017,4200,PE,16.5,16.9,11.85,14.95,14.95,24,202.33,9200,-1000,19-DEC-2017,
OPTSTK,ULTRACEMCO,28-Dec-2017,4250,PE,28,28,22.95,23.75,23.75,17,145.36,4600,-200,19-DEC-2017,
OPTSTK,ULTRACEMCO,28-Dec-2017,4300,PE,40.25,41,36.45,39,39,6,52.06,3400,200,19-DEC-2017,
OPTSTK,ULTRACEMCO,28-Dec-2017,4350,PE,60,64.65,59,59,59,11,97.06,1600,1000,19-DEC-2017,
OPTSTK,ULTRACEMCO,28-Dec-2017,4400,PE,100,100,88,92,92,10,89.9,1800,1000,19-DEC-2017,
OPTSTK,ULTRACEMCO,28-Dec-2017,4450,PE,0,0,0,584.9,116.5,0,0,0,0,19-DEC-2017,
OPTSTK,ULTRACEMCO,28-Dec-2017,4500,PE,0,0,0,200,153.65,0,0,600,0,19-DEC-2017,
OPTSTK,ULTRACEMCO,28-Dec-2017,4550,PE,0,0,0,666.95,194.9,0,0,0,0,19-DEC-2017,
OPTSTK,ULTRACEMCO,28-Dec-2017,4600,PE,0,0,0,205,239.35,0,0,400,0,19-DEC-2017,
OPTSTK,ULTRACEMCO,28-Dec-2017,4650,PE,0,0,0,752.25,286,0,0,0,0,19-DEC-2017,
OPTSTK,ULTRACEMCO,28-Dec-2017,4700,PE,0,0,0,795.95,334.05,0,0,0,0,19-DEC-2017,
OPTSTK,ULTRACEMCO,28-Dec-2017,4750,PE,0,0,0,840.35,383,0,0,0,0,19-DEC-2017,
OPTSTK,ULTRACEMCO,28-Dec-2017,4800,PE,0,0,0,885.25,432.45,0,0,0,0,19-DEC-2017,
OPTSTK,ULTRACEMCO,28-Dec-2017,4850,PE,0,0,0,930.65,482.15,0,0,0,0,19-DEC-2017,
OPTSTK,ULTRACEMCO,28-Dec-2017,4900,PE,0,0,0,950.15,531.95,0,0,0,0,19-DEC-2017,
OPTSTK,ULTRACEMCO,28-Dec-2017,4950,PE,0,0,0,960.75,581.85,0,0,0,0,19-DEC-2017,
OPTSTK,ULTRACEMCO,28-Dec-2017,5000,PE,0,0,0,938.85,631.75,0,0,0,0,19-DEC-2017,
OPTSTK,ULTRACEMCO,25-Jan-2018,3500,CE,0,0,0,1066.15,883.45,0,0,0,0,19-DEC-2017,
OPTSTK,ULTRACEMCO,25-Jan-2018,3550,CE,0,0,0,1022,833.9,0,0,0,0,19-DEC-2017,
OPTSTK,ULTRACEMCO,25-Jan-2018,3600,CE,0,0,0,978.55,784.45,0,0,0,0,19-DEC-2017,
OPTSTK,ULTRACEMCO,25-Jan-2018,3650,CE,0,0,0,935.85,735.2,0,0,0,0,19-DEC-2017,
OPTSTK,ULTRACEMCO,25-Jan-2018,3700,CE,0,0,0,893.9,686.15,0,0,0,0,19-DEC-2017,
OPTSTK,ULTRACEMCO,25-Jan-2018,3750,CE,0,0,0,852.85,637.4,0,0,0,0,19-DEC-2017,
OPTSTK,ULTRACEMCO,25-Jan-2018,3800,CE,0,0,0,812.65,589.2,0,0,0,0,19-DEC-2017,
OPTSTK,ULTRACEMCO,25-Jan-2018,3850,CE,0,0,0,773.45,541.6,0,0,0,0,19-DEC-2017,
OPTSTK,ULTRACEMCO,25-Jan-2018,3900,CE,0,0,0,270,494.85,0,0,1000,0,19-DEC-2017,
OPTSTK,ULTRACEMCO,25-Jan-2018,3950,CE,0,0,0,698.05,449.25,0,0,0,0,19-DEC-2017,
OPTSTK,ULTRACEMCO,25-Jan-2018,4000,CE,0,0,0,294.4,404.95,0,0,1200,0,19-DEC-2017,
OPTSTK,ULTRACEMCO,25-Jan-2018,4050,CE,0,0,0,626.7,362.3,0,0,0,0,19-DEC-2017,
OPTSTK,ULTRACEMCO,25-Jan-2018,4100,CE,0,0,0,592.5,321.6,0,0,0,0,19-DEC-2017,
OPTSTK,ULTRACEMCO,25-Jan-2018,4150,CE,0,0,0,559.7,283.05,0,0,0,0,19-DEC-2017,
OPTSTK,ULTRACEMCO,25-Jan-2018,4200,CE,0,0,0,528,246.85,0,0,0,0,19-DEC-2017,
OPTSTK,ULTRACEMCO,25-Jan-2018,4250,CE,0,0,0,497.5,213.35,0,0,0,0,19-DEC-2017,
OPTSTK,ULTRACEMCO,25-Jan-2018,4300,CE,0,0,0,119.75,182.7,0,0,1200,0,19-DEC-2017,
OPTSTK,ULTRACEMCO,25-Jan-2018,4350,CE,0,0,0,440.05,154.9,0,0,0,0,19-DEC-2017,
OPTSTK,ULTRACEMCO,25-Jan-2018,4400,CE,125.2,125.2,125.2,125.2,125.2,2,18.1,400,200,19-DEC-2017,
OPTSTK,ULTRACEMCO,25-Jan-2018,4450,CE,0,0,0,387.3,107.95,0,0,0,0,19-DEC-2017,
OPTSTK,ULTRACEMCO,25-Jan-2018,4500,CE,0,0,0,362.7,88.75,0,0,0,0,19-DEC-2017,
OPTSTK,ULTRACEMCO,25-Jan-2018,4550,CE,0,0,0,339.2,72.2,0,0,0,0,19-DEC-2017,
OPTSTK,ULTRACEMCO,25-Jan-2018,4600,CE,0,0,0,316.9,58.1,0,0,0,0,19-DEC-2017,
OPTSTK,ULTRACEMCO,25-Jan-2018,4650,CE,0,0,0,295.7,46.35,0,0,0,0,19-DEC-2017,
OPTSTK,ULTRACEMCO,25-Jan-2018,4700,CE,35,35,35,35,35,2,18.94,400,400,19-DEC-2017,
OPTSTK,ULTRACEMCO,25-Jan-2018,4750,CE,0,0,0,256.6,28.5,0,0,0,0,19-DEC-2017,
OPTSTK,ULTRACEMCO,25-Jan-2018,4800,CE,0,0,0,238.6,22,0,0,0,0,19-DEC-2017,
OPTSTK,ULTRACEMCO,25-Jan-2018,4850,CE,0,0,0,221.65,16.8,0,0,0,0,19-DEC-2017,
OPTSTK,ULTRACEMCO,25-Jan-2018,4900,CE,0,0,0,205.65,12.7,0,0,0,0,19-DEC-2017,
OPTSTK,ULTRACEMCO,25-Jan-2018,4950,CE,0,0,0,190.6,9.5,0,0,0,0,19-DEC-2017,
OPTSTK,ULTRACEMCO,25-Jan-2018,5000,CE,0,0,0,176.45,7.05,0,0,0,0,19-DEC-2017,
OPTSTK,ULTRACEMCO,25-Jan-2018,3500,PE,0,0,0,27.35,0.2,0,0,0,0,19-DEC-2017,
OPTSTK,ULTRACEMCO,25-Jan-2018,3550,PE,0,0,0,32.45,0.3,0,0,0,0,19-DEC-2017,
OPTSTK,ULTRACEMCO,25-Jan-2018,3600,PE,0,0,0,38.2,0.55,0,0,0,0,19-DEC-2017,
OPTSTK,ULTRACEMCO,25-Jan-2018,3650,PE,0,0,0,44.7,0.95,0,0,0,0,19-DEC-2017,
OPTSTK,ULTRACEMCO,25-Jan-2018,3700,PE,0,0,0,52,1.55,0,0,0,0,19-DEC-2017,
OPTSTK,ULTRACEMCO,25-Jan-2018,3750,PE,0,0,0,60.15,2.5,0,0,0,0,19-DEC-2017,
OPTSTK,ULTRACEMCO,25-Jan-2018,3800,PE,0,0,0,69.2,3.95,0,0,0,0,19-DEC-2017,
OPTSTK,ULTRACEMCO,25-Jan-2018,3850,PE,0,0,0,55,6.05,0,0,200,0,19-DEC-2017,
OPTSTK,ULTRACEMCO,25-Jan-2018,3900,PE,0,0,0,75,9,0,0,200,0,19-DEC-2017,
OPTSTK,ULTRACEMCO,25-Jan-2018,3950,PE,0,0,0,102.25,13.05,0,0,0,0,19-DEC-2017,
OPTSTK,ULTRACEMCO,25-Jan-2018,4000,PE,0,0,0,49,18.45,0,0,600,0,19-DEC-2017,
OPTSTK,ULTRACEMCO,25-Jan-2018,4050,PE,0,0,0,129.3,25.45,0,0,0,0,19-DEC-2017,
OPTSTK,ULTRACEMCO,25-Jan-2018,4100,PE,0,0,0,160,34.4,0,0,200,0,19-DEC-2017,
OPTSTK,ULTRACEMCO,25-Jan-2018,4150,PE,0,0,0,160.7,45.55,0,0,0,0,19-DEC-2017,
OPTSTK,ULTRACEMCO,25-Jan-2018,4200,PE,0,0,0,80,59,0,0,1400,0,19-DEC-2017,
OPTSTK,ULTRACEMCO,25-Jan-2018,4250,PE,0,0,0,196.95,75.2,0,0,0,0,19-DEC-2017,
OPTSTK,ULTRACEMCO,25-Jan-2018,4300,PE,0,0,0,250,94.2,0,0,400,0,19-DEC-2017,
OPTSTK,ULTRACEMCO,25-Jan-2018,4350,PE,124.25,125.15,124.25,125,125,6,53.69,800,800,19-DEC-2017,
OPTSTK,ULTRACEMCO,25-Jan-2018,4400,PE,0,0,0,260.2,140.85,0,0,0,0,19-DEC-2017,
OPTSTK,ULTRACEMCO,25-Jan-2018,4450,PE,0,0,0,283.6,168.5,0,0,0,0,19-DEC-2017,
OPTSTK,ULTRACEMCO,25-Jan-2018,4500,PE,0,0,0,308.2,199,0,0,0,0,19-DEC-2017,
OPTSTK,ULTRACEMCO,25-Jan-2018,4550,PE,0,0,0,333.95,232.1,0,0,0,0,19-DEC-2017,
OPTSTK,ULTRACEMCO,25-Jan-2018,4600,PE,0,0,0,360.85,267.7,0,0,0,0,19-DEC-2017,
OPTSTK,ULTRACEMCO,25-Jan-2018,4650,PE,0,0,0,388.9,305.6,0,0,0,0,19-DEC-2017,
OPTSTK,ULTRACEMCO,25-Jan-2018,4700,PE,0,0,0,418,345.45,0,0,0,0,19-DEC-2017,
OPTSTK,ULTRACEMCO,25-Jan-2018,4750,PE,0,0,0,448.2,387.1,0,0,0,0,19-DEC-2017,
OPTSTK,ULTRACEMCO,25-Jan-2018,4800,PE,0,0,0,479.45,430.3,0,0,0,0,19-DEC-2017,
OPTSTK,ULTRACEMCO,25-Jan-2018,4850,PE,0,0,0,511.65,474.75,0,0,0,0,19-DEC-2017,
OPTSTK,ULTRACEMCO,25-Jan-2018,4900,PE,0,0,0,544.9,520.3,0,0,0,0,19-DEC-2017,
OPTSTK,ULTRACEMCO,25-Jan-2018,4950,PE,0,0,0,579.05,566.8,0,0,0,0,19-DEC-2017,
OPTSTK,ULTRACEMCO,25-Jan-2018,5000,PE,0,0,0,614.15,614,0,0,0,0,19-DEC-2017,
OPTSTK,ULTRACEMCO,22-Feb-2018,3500,CE,0,0,0,767.7,902.15,0,0,0,0,19-DEC-2017,
OPTSTK,ULTRACEMCO,22-Feb-2018,3550,CE,0,0,0,722.2,853.55,0,0,0,0,19-DEC-2017,
OPTSTK,ULTRACEMCO,22-Feb-2018,3600,CE,0,0,0,677.6,805.3,0,0,0,0,19-DEC-2017,
OPTSTK,ULTRACEMCO,22-Feb-2018,3650,CE,0,0,0,633.95,757.45,0,0,0,0,19-DEC-2017,
OPTSTK,ULTRACEMCO,22-Feb-2018,3700,CE,0,0,0,591.35,710.15,0,0,0,0,19-DEC-2017,
OPTSTK,ULTRACEMCO,22-Feb-2018,3750,CE,0,0,0,549.95,663.5,0,0,0,0,19-DEC-2017,
OPTSTK,ULTRACEMCO,22-Feb-2018,3800,CE,0,0,0,509.85,617.65,0,0,0,0,19-DEC-2017,
OPTSTK,ULTRACEMCO,22-Feb-2018,3850,CE,0,0,0,471.2,572.8,0,0,0,0,19-DEC-2017,
OPTSTK,ULTRACEMCO,22-Feb-2018,3900,CE,0,0,0,434.15,529,0,0,0,0,19-DEC-2017,
OPTSTK,ULTRACEMCO,22-Feb-2018,3950,CE,0,0,0,398.55,486.5,0,0,0,0,19-DEC-2017,
OPTSTK,ULTRACEMCO,22-Feb-2018,4000,CE,0,0,0,364.55,445.4,0,0,0,0,19-DEC-2017,
OPTSTK,ULTRACEMCO,22-Feb-2018,4050,CE,0,0,0,332.4,405.95,0,0,0,0,19-DEC-2017,
OPTSTK,ULTRACEMCO,22-Feb-2018,4100,CE,0,0,0,302.1,368.35,0,0,0,0,19-DEC-2017,
OPTSTK,ULTRACEMCO,22-Feb-2018,4150,CE,0,0,0,273.55,332.3,0,0,0,0,19-DEC-2017,
OPTSTK,ULTRACEMCO,22-Feb-2018,4200,CE,0,0,0,246.9,298.4,0,0,0,0,19-DEC-2017,
OPTSTK,ULTRACEMCO,22-Feb-2018,4250,CE,0,0,0,222,266.65,0,0,0,0,19-DEC-2017,
OPTSTK,ULTRACEMCO,22-Feb-2018,4300,CE,0,0,0,198.95,237,0,0,0,0,19-DEC-2017,
OPTSTK,ULTRACEMCO,22-Feb-2018,4350,CE,0,0,0,177.65,209.55,0,0,0,0,19-DEC-2017,
OPTSTK,ULTRACEMCO,22-Feb-2018,4400,CE,0,0,0,158.1,184.3,0,0,0,0,19-DEC-2017,
OPTSTK,ULTRACEMCO,22-Feb-2018,4450,CE,0,0,0,140.2,161.2,0,0,0,0,19-DEC-2017,
OPTSTK,ULTRACEMCO,22-Feb-2018,4500,CE,0,0,0,123.9,140.25,0,0,0,0,19-DEC-2017,
OPTSTK,ULTRACEMCO,22-Feb-2018,4550,CE,0,0,0,109.1,121.35,0,0,0,0,19-DEC-2017,
OPTSTK,ULTRACEMCO,22-Feb-2018,4600,CE,0,0,0,95.8,104.4,0,0,0,0,19-DEC-2017,
OPTSTK,ULTRACEMCO,22-Feb-2018,4650,CE,0,0,0,84.05,89.35,0,0,0,0,19-DEC-2017,
OPTSTK,ULTRACEMCO,22-Feb-2018,4700,CE,0,0,0,73.15,76.25,0,0,0,0,19-DEC-2017,
OPTSTK,ULTRACEMCO,22-Feb-2018,4750,CE,0,0,0,63.6,64.5,0,0,0,0,19-DEC-2017,
OPTSTK,ULTRACEMCO,22-Feb-2018,4800,CE,0,0,0,55.1,54.35,0,0,0,0,19-DEC-2017,
OPTSTK,ULTRACEMCO,22-Feb-2018,4850,CE,0,0,0,47.6,45.55,0,0,0,0,19-DEC-2017,
OPTSTK,ULTRACEMCO,22-Feb-2018,4900,CE,0,0,0,41,37.95,0,0,0,0,19-DEC-2017,
OPTSTK,ULTRACEMCO,22-Feb-2018,4950,CE,0,0,0,35.2,31.5,0,0,0,0,19-DEC-2017,
OPTSTK,ULTRACEMCO,22-Feb-2018,5000,CE,0,0,0,30.1,25.95,0,0,0,0,19-DEC-2017,
OPTSTK,ULTRACEMCO,22-Feb-2018,3500,PE,0,0,0,12.9,1.75,0,0,0,0,19-DEC-2017,
OPTSTK,ULTRACEMCO,22-Feb-2018,3550,PE,0,0,0,16.7,2.6,0,0,0,0,19-DEC-2017,
OPTSTK,ULTRACEMCO,22-Feb-2018,3600,PE,0,0,0,21.3,3.75,0,0,0,0,19-DEC-2017,
OPTSTK,ULTRACEMCO,22-Feb-2018,3650,PE,0,0,0,26.95,5.35,0,0,0,0,19-DEC-2017,
OPTSTK,ULTRACEMCO,22-Feb-2018,3700,PE,0,0,0,33.6,7.45,0,0,0,0,19-DEC-2017,
OPTSTK,ULTRACEMCO,22-Feb-2018,3750,PE,0,0,0,41.5,10.25,0,0,0,0,19-DEC-2017,
OPTSTK,ULTRACEMCO,22-Feb-2018,3800,PE,0,0,0,50.65,13.85,0,0,0,0,19-DEC-2017,
OPTSTK,ULTRACEMCO,22-Feb-2018,3850,PE,0,0,0,61.25,18.4,0,0,0,0,19-DEC-2017,
OPTSTK,ULTRACEMCO,22-Feb-2018,3900,PE,0,0,0,73.55,24.05,0,0,0,0,19-DEC-2017,
OPTSTK,ULTRACEMCO,22-Feb-2018,3950,PE,0,0,0,87.2,30.95,0,0,0,0,19-DEC-2017,
OPTSTK,ULTRACEMCO,22-Feb-2018,4000,PE,0,0,0,102.45,39.3,0,0,0,0,19-DEC-2017,
OPTSTK,ULTRACEMCO,22-Feb-2018,4050,PE,0,0,0,119.6,49.25,0,0,0,0,19-DEC-2017,
OPTSTK,ULTRACEMCO,22-Feb-2018,4100,PE,0,0,0,138.5,61.1,0,0,0,0,19-DEC-2017,
OPTSTK,ULTRACEMCO,22-Feb-2018,4150,PE,0,0,0,159.3,74.45,0,0,0,0,19-DEC-2017,
OPTSTK,ULTRACEMCO,22-Feb-2018,4200,PE,0,0,0,181.85,90.05,0,0,0,0,19-DEC-2017,
OPTSTK,ULTRACEMCO,22-Feb-2018,4250,PE,0,0,0,206.25,107.7,0,0,0,0,19-DEC-2017,
OPTSTK,ULTRACEMCO,22-Feb-2018,4300,PE,0,0,0,232.45,127.5,0,0,0,0,19-DEC-2017,
OPTSTK,ULTRACEMCO,22-Feb-2018,4350,PE,0,0,0,260.45,149.45,0,0,0,0,19-DEC-2017,
OPTSTK,ULTRACEMCO,22-Feb-2018,4400,PE,0,0,0,290.15,173.6,0,0,0,0,19-DEC-2017,
OPTSTK,ULTRACEMCO,22-Feb-2018,4450,PE,0,0,0,321.55,199.95,0,0,0,0,19-DEC-2017,
OPTSTK,ULTRACEMCO,22-Feb-2018,4500,PE,0,0,0,354.5,228.45,0,0,0,0,19-DEC-2017,
OPTSTK,ULTRACEMCO,22-Feb-2018,4550,PE,0,0,0,389,258.95,0,0,0,0,19-DEC-2017,
OPTSTK,ULTRACEMCO,22-Feb-2018,4600,PE,0,0,0,424.95,291.45,0,0,0,0,19-DEC-2017,
OPTSTK,ULTRACEMCO,22-Feb-2018,4650,PE,0,0,0,462.45,325.85,0,0,0,0,19-DEC-2017,
OPTSTK,ULTRACEMCO,22-Feb-2018,4700,PE,0,0,0,500.85,362.2,0,0,0,0,19-DEC-2017,
OPTSTK,ULTRACEMCO,22-Feb-2018,4750,PE,0,0,0,540.55,399.85,0,0,0,0,19-DEC-2017,
OPTSTK,ULTRACEMCO,22-Feb-2018,4800,PE,0,0,0,581.35,439.1,0,0,0,0,19-DEC-2017,
OPTSTK,ULTRACEMCO,22-Feb-2018,4850,PE,0,0,0,623.1,479.75,0,0,0,0,19-DEC-2017,
OPTSTK,ULTRACEMCO,22-Feb-2018,4900,PE,0,0,0,665.75,521.6,0,0,0,0,19-DEC-2017,
OPTSTK,ULTRACEMCO,22-Feb-2018,4950,PE,0,0,0,709.25,564.55,0,0,0,0,19-DEC-2017,
OPTSTK,ULTRACEMCO,22-Feb-2018,5000,PE,0,0,0,753.4,608.45,0,0,0,0,19-DEC-2017,
OPTSTK,UNIONBANK,28-Dec-2017,90,CE,0,0,0,40,60.75,0,0,0,0,19-DEC-2017,
OPTSTK,UNIONBANK,28-Dec-2017,95,CE,0,0,0,35.3,55.75,0,0,0,0,19-DEC-2017,
OPTSTK,UNIONBANK,28-Dec-2017,100,CE,0,0,0,30.8,50.8,0,0,0,0,19-DEC-2017,
OPTSTK,UNIONBANK,28-Dec-2017,105,CE,0,0,0,26.5,45.8,0,0,0,0,19-DEC-2017,
OPTSTK,UNIONBANK,28-Dec-2017,110,CE,0,0,0,22.45,40.8,0,0,0,0,19-DEC-2017,
OPTSTK,UNIONBANK,28-Dec-2017,115,CE,0,0,0,18.8,35.8,0,0,0,0,19-DEC-2017,
OPTSTK,UNIONBANK,28-Dec-2017,120,CE,0,0,0,15.5,30.85,0,0,0,0,19-DEC-2017,
OPTSTK,UNIONBANK,28-Dec-2017,125,CE,0,0,0,12.6,25.95,0,0,0,0,19-DEC-2017,
OPTSTK,UNIONBANK,28-Dec-2017,130,CE,0,0,0,10.1,21.15,0,0,0,0,19-DEC-2017,
OPTSTK,UNIONBANK,28-Dec-2017,135,CE,0,0,0,8,16.65,0,0,0,0,19-DEC-2017,
OPTSTK,UNIONBANK,28-Dec-2017,140,CE,0,0,0,14.9,12.6,0,0,8000,0,19-DEC-2017,
OPTSTK,UNIONBANK,28-Dec-2017,145,CE,9.45,9.45,7.4,7.4,7.4,2,12.27,28000,-8000,19-DEC-2017,
OPTSTK,UNIONBANK,28-Dec-2017,150,CE,6.8,6.8,4,4.2,4.2,162,1003.21,432000,28000,19-DEC-2017,
OPTSTK,UNIONBANK,28-Dec-2017,155,CE,4.4,4.4,2.15,2.3,2.3,196,1236.35,500000,72000,19-DEC-2017,
OPTSTK,UNIONBANK,28-Dec-2017,160,CE,2.7,2.75,1.3,1.4,1.4,263,1700.88,968000,152000,19-DEC-2017,
OPTSTK,UNIONBANK,28-Dec-2017,165,CE,1.55,1.55,0.65,0.85,0.85,59,391.67,440000,-36000,19-DEC-2017,
OPTSTK,UNIONBANK,28-Dec-2017,170,CE,1,1,0.5,0.6,0.6,52,354.94,440000,-16000,19-DEC-2017,
OPTSTK,UNIONBANK,28-Dec-2017,175,CE,0.65,0.65,0.35,0.5,0.5,16,112.3,148000,8000,19-DEC-2017,
OPTSTK,UNIONBANK,28-Dec-2017,180,CE,0.35,0.35,0.35,0.35,0.35,15,108.21,400000,-48000,19-DEC-2017,
OPTSTK,UNIONBANK,28-Dec-2017,185,CE,0,0,0,0.6,0.1,0,0,20000,0,19-DEC-2017,
OPTSTK,UNIONBANK,28-Dec-2017,190,CE,0,0,0,0.25,0.05,0,0,176000,0,19-DEC-2017,
OPTSTK,UNIONBANK,28-Dec-2017,195,CE,0,0,0,0.45,0.05,0,0,28000,0,19-DEC-2017,
OPTSTK,UNIONBANK,28-Dec-2017,200,CE,0,0,0,0.2,0.05,0,0,84000,0,19-DEC-2017,
OPTSTK,UNIONBANK,28-Dec-2017,205,CE,0,0,0,0.4,0,0,0,8000,0,19-DEC-2017,
OPTSTK,UNIONBANK,28-Dec-2017,210,CE,0,0,0,0.4,0,0,0,4000,0,19-DEC-2017,
OPTSTK,UNIONBANK,28-Dec-2017,215,CE,0,0,0,0.4,0,0,0,4000,0,19-DEC-2017,
OPTSTK,UNIONBANK,28-Dec-2017,90,PE,0,0,0,0.25,0,0,0,0,0,19-DEC-2017,
OPTSTK,UNIONBANK,28-Dec-2017,95,PE,0,0,0,0.5,0,0,0,0,0,19-DEC-2017,
OPTSTK,UNIONBANK,28-Dec-2017,100,PE,0,0,0,0.9,0,0,0,0,0,19-DEC-2017,
OPTSTK,UNIONBANK,28-Dec-2017,105,PE,0,0,0,1.5,0,0,0,0,0,19-DEC-2017,
OPTSTK,UNIONBANK,28-Dec-2017,110,PE,0,0,0,2.4,0,0,0,0,0,19-DEC-2017,
OPTSTK,UNIONBANK,28-Dec-2017,115,PE,0,0,0,3.65,0.05,0,0,0,0,19-DEC-2017,
OPTSTK,UNIONBANK,28-Dec-2017,120,PE,0,0,0,0.4,0.05,0,0,4000,0,19-DEC-2017,
OPTSTK,UNIONBANK,28-Dec-2017,125,PE,0,0,0,3.4,0.15,0,0,196000,0,19-DEC-2017,
OPTSTK,UNIONBANK,28-Dec-2017,130,PE,0.25,0.25,0.25,0.25,0.25,1,5.21,72000,4000,19-DEC-2017,
OPTSTK,UNIONBANK,28-Dec-2017,135,PE,0.15,0.25,0.15,0.25,0.25,10,54.06,136000,-4000,19-DEC-2017,
OPTSTK,UNIONBANK,28-Dec-2017,140,PE,0.35,0.65,0.3,0.6,0.6,55,309.08,352000,12000,19-DEC-2017,
OPTSTK,UNIONBANK,28-Dec-2017,145,PE,0.8,1.4,0.8,1.4,1.4,83,485.23,400000,100000,19-DEC-2017,
OPTSTK,UNIONBANK,28-Dec-2017,150,PE,1.8,3.2,1.8,3.05,3.05,227,1384.72,420000,-64000,19-DEC-2017,
OPTSTK,UNIONBANK,28-Dec-2017,155,PE,4.2,6.3,4.15,6.1,6.1,95,609.16,224000,32000,19-DEC-2017,
OPTSTK,UNIONBANK,28-Dec-2017,160,PE,9.7,9.7,9.7,9.7,9.7,2,13.57,184000,0,19-DEC-2017,
OPTSTK,UNIONBANK,28-Dec-2017,165,PE,0,0,0,17.4,15.6,0,0,72000,0,19-DEC-2017,
OPTSTK,UNIONBANK,28-Dec-2017,170,PE,0,0,0,20,19.95,0,0,48000,0,19-DEC-2017,
OPTSTK,UNIONBANK,28-Dec-2017,175,PE,0,0,0,26.05,24.55,0,0,16000,0,19-DEC-2017,
OPTSTK,UNIONBANK,28-Dec-2017,180,PE,0,0,0,27.5,29.35,0,0,24000,0,19-DEC-2017,
OPTSTK,UNIONBANK,28-Dec-2017,185,PE,0,0,0,54.2,34.25,0,0,0,0,19-DEC-2017,
OPTSTK,UNIONBANK,28-Dec-2017,190,PE,0,0,0,25.15,39.15,0,0,20000,0,19-DEC-2017,
OPTSTK,UNIONBANK,28-Dec-2017,195,PE,0,0,0,51.9,44.15,0,0,0,0,19-DEC-2017,
OPTSTK,UNIONBANK,28-Dec-2017,200,PE,0,0,0,55.3,49.1,0,0,0,0,19-DEC-2017,
OPTSTK,UNIONBANK,28-Dec-2017,205,PE,0,0,0,58.7,54.1,0,0,0,0,19-DEC-2017,
OPTSTK,UNIONBANK,28-Dec-2017,210,PE,0,0,0,62.25,59.1,0,0,0,0,19-DEC-2017,
OPTSTK,UNIONBANK,28-Dec-2017,215,PE,0,0,0,65.8,64.1,0,0,0,0,19-DEC-2017,
OPTSTK,UNIONBANK,25-Jan-2018,115,CE,0,0,0,77,37.25,0,0,0,0,19-DEC-2017,
OPTSTK,UNIONBANK,25-Jan-2018,120,CE,0,0,0,74,32.85,0,0,0,0,19-DEC-2017,
OPTSTK,UNIONBANK,25-Jan-2018,125,CE,0,0,0,80.85,28.7,0,0,0,0,19-DEC-2017,
OPTSTK,UNIONBANK,25-Jan-2018,130,CE,0,0,0,27,24.8,0,0,4000,0,19-DEC-2017,
OPTSTK,UNIONBANK,25-Jan-2018,135,CE,0,0,0,75.2,21.2,0,0,0,0,19-DEC-2017,
OPTSTK,UNIONBANK,25-Jan-2018,140,CE,0,0,0,72.55,17.9,0,0,0,0,19-DEC-2017,
OPTSTK,UNIONBANK,25-Jan-2018,145,CE,0,0,0,69.95,15,0,0,0,0,19-DEC-2017,
OPTSTK,UNIONBANK,25-Jan-2018,150,CE,8.55,8.55,8.55,8.55,8.55,1,6.34,8000,4000,19-DEC-2017,
OPTSTK,UNIONBANK,25-Jan-2018,155,CE,6.5,6.5,6.5,6.5,6.5,1,6.46,12000,4000,19-DEC-2017,
OPTSTK,UNIONBANK,25-Jan-2018,160,CE,5,5,5,5,5,1,6.6,16000,4000,19-DEC-2017,
OPTSTK,UNIONBANK,25-Jan-2018,165,CE,0,0,0,4.25,6.65,0,0,4000,0,19-DEC-2017,
OPTSTK,UNIONBANK,25-Jan-2018,170,CE,3.2,3.2,2.5,2.5,2.5,4,27.66,20000,16000,19-DEC-2017,
OPTSTK,UNIONBANK,25-Jan-2018,175,CE,0,0,0,56.45,4.25,0,0,0,0,19-DEC-2017,
OPTSTK,UNIONBANK,25-Jan-2018,180,CE,0,0,0,1.4,3.3,0,0,4000,0,19-DEC-2017,
OPTSTK,UNIONBANK,25-Jan-2018,185,CE,0,0,0,52.6,2.6,0,0,0,0,19-DEC-2017,
OPTSTK,UNIONBANK,25-Jan-2018,190,CE,0,0,0,50.8,2,0,0,0,0,19-DEC-2017,
OPTSTK,UNIONBANK,25-Jan-2018,195,CE,0,0,0,49.05,1.55,0,0,0,0,19-DEC-2017,
OPTSTK,UNIONBANK,25-Jan-2018,200,CE,0,0,0,47.35,1.2,0,0,0,0,19-DEC-2017,
OPTSTK,UNIONBANK,25-Jan-2018,205,CE,0,0,0,45.75,0.9,0,0,0,0,19-DEC-2017,
OPTSTK,UNIONBANK,25-Jan-2018,210,CE,0,0,0,44.2,0.7,0,0,0,0,19-DEC-2017,
OPTSTK,UNIONBANK,25-Jan-2018,215,CE,0,0,0,42.7,0.5,0,0,0,0,19-DEC-2017,
OPTSTK,UNIONBANK,25-Jan-2018,115,PE,0,0,0,14.65,0.9,0,0,0,0,19-DEC-2017,
OPTSTK,UNIONBANK,25-Jan-2018,120,PE,0,0,0,16.55,1.5,0,0,0,0,19-DEC-2017,
OPTSTK,UNIONBANK,25-Jan-2018,125,PE,0,0,0,17.5,2.25,0,0,0,0,19-DEC-2017,
OPTSTK,UNIONBANK,25-Jan-2018,130,PE,0,0,0,19.55,3.35,0,0,0,0,19-DEC-2017,
OPTSTK,UNIONBANK,25-Jan-2018,135,PE,0,0,0,21.7,4.7,0,0,0,0,19-DEC-2017,
OPTSTK,UNIONBANK,25-Jan-2018,140,PE,0,0,0,4.75,6.4,0,0,4000,0,19-DEC-2017,
OPTSTK,UNIONBANK,25-Jan-2018,145,PE,0,0,0,26.3,8.45,0,0,0,0,19-DEC-2017,
OPTSTK,UNIONBANK,25-Jan-2018,150,PE,6.75,6.8,6.75,6.8,6.8,2,12.54,8000,4000,19-DEC-2017,
OPTSTK,UNIONBANK,25-Jan-2018,155,PE,9.45,9.45,9.45,9.45,9.45,1,6.57,4000,4000,19-DEC-2017,
OPTSTK,UNIONBANK,25-Jan-2018,160,PE,0,0,0,33.9,16.65,0,0,0,0,19-DEC-2017,
OPTSTK,UNIONBANK,25-Jan-2018,165,PE,0,0,0,36.6,20,0,0,0,0,19-DEC-2017,
OPTSTK,UNIONBANK,25-Jan-2018,170,PE,0,0,0,39.4,23.65,0,0,0,0,19-DEC-2017,
OPTSTK,UNIONBANK,25-Jan-2018,175,PE,0,0,0,42.3,27.5,0,0,0,0,19-DEC-2017,
OPTSTK,UNIONBANK,25-Jan-2018,180,PE,0,0,0,45.25,31.55,0,0,0,0,19-DEC-2017,
OPTSTK,UNIONBANK,25-Jan-2018,185,PE,0,0,0,48.3,35.8,0,0,0,0,19-DEC-2017,
OPTSTK,UNIONBANK,25-Jan-2018,190,PE,0,0,0,51.4,40.15,0,0,0,0,19-DEC-2017,
OPTSTK,UNIONBANK,25-Jan-2018,195,PE,0,0,0,54.55,44.7,0,0,0,0,19-DEC-2017,
OPTSTK,UNIONBANK,25-Jan-2018,200,PE,0,0,0,57.8,49.3,0,0,0,0,19-DEC-2017,
OPTSTK,UNIONBANK,25-Jan-2018,205,PE,0,0,0,61.1,53.95,0,0,0,0,19-DEC-2017,
OPTSTK,UNIONBANK,25-Jan-2018,210,PE,0,0,0,64.5,58.7,0,0,0,0,19-DEC-2017,
OPTSTK,UNIONBANK,25-Jan-2018,215,PE,0,0,0,67.9,63.5,0,0,0,0,19-DEC-2017,
OPTSTK,UNIONBANK,22-Feb-2018,115,CE,0,0,0,54.75,39.3,0,0,0,0,19-DEC-2017,
OPTSTK,UNIONBANK,22-Feb-2018,120,CE,0,0,0,50.9,35.3,0,0,0,0,19-DEC-2017,
OPTSTK,UNIONBANK,22-Feb-2018,125,CE,0,0,0,47.2,31.5,0,0,0,0,19-DEC-2017,
OPTSTK,UNIONBANK,22-Feb-2018,130,CE,0,0,0,43.7,28,0,0,0,0,19-DEC-2017,
OPTSTK,UNIONBANK,22-Feb-2018,135,CE,0,0,0,40.4,24.7,0,0,0,0,19-DEC-2017,
OPTSTK,UNIONBANK,22-Feb-2018,140,CE,0,0,0,37.25,21.7,0,0,0,0,19-DEC-2017,
OPTSTK,UNIONBANK,22-Feb-2018,145,CE,0,0,0,34.3,19,0,0,0,0,19-DEC-2017,
OPTSTK,UNIONBANK,22-Feb-2018,150,CE,0,0,0,31.55,16.5,0,0,0,0,19-DEC-2017,
OPTSTK,UNIONBANK,22-Feb-2018,155,CE,0,0,0,28.95,14.3,0,0,0,0,19-DEC-2017,
OPTSTK,UNIONBANK,22-Feb-2018,160,CE,0,0,0,26.55,12.35,0,0,0,0,19-DEC-2017,
OPTSTK,UNIONBANK,22-Feb-2018,165,CE,0,0,0,24.3,10.6,0,0,0,0,19-DEC-2017,
OPTSTK,UNIONBANK,22-Feb-2018,170,CE,0,0,0,22.25,9.05,0,0,0,0,19-DEC-2017,
OPTSTK,UNIONBANK,22-Feb-2018,175,CE,0,0,0,20.3,7.75,0,0,0,0,19-DEC-2017,
OPTSTK,UNIONBANK,22-Feb-2018,180,CE,0,0,0,18.55,6.6,0,0,0,0,19-DEC-2017,
OPTSTK,UNIONBANK,22-Feb-2018,185,CE,0,0,0,16.9,5.6,0,0,0,0,19-DEC-2017,
OPTSTK,UNIONBANK,22-Feb-2018,190,CE,0,0,0,15.4,4.7,0,0,0,0,19-DEC-2017,
OPTSTK,UNIONBANK,22-Feb-2018,195,CE,0,0,0,14,3.95,0,0,0,0,19-DEC-2017,
OPTSTK,UNIONBANK,22-Feb-2018,200,CE,0,0,0,12.75,3.35,0,0,0,0,19-DEC-2017,
OPTSTK,UNIONBANK,22-Feb-2018,205,CE,0,0,0,11.6,2.8,0,0,0,0,19-DEC-2017,
OPTSTK,UNIONBANK,22-Feb-2018,210,CE,0,0,0,10.55,2.35,0,0,0,0,19-DEC-2017,
OPTSTK,UNIONBANK,22-Feb-2018,215,CE,0,0,0,9.55,1.95,0,0,0,0,19-DEC-2017,
OPTSTK,UNIONBANK,22-Feb-2018,115,PE,0,0,0,3.95,2.35,0,0,0,0,19-DEC-2017,
OPTSTK,UNIONBANK,22-Feb-2018,120,PE,0,0,0,5.05,3.3,0,0,0,0,19-DEC-2017,
OPTSTK,UNIONBANK,22-Feb-2018,125,PE,0,0,0,6.3,4.5,0,0,0,0,19-DEC-2017,
OPTSTK,UNIONBANK,22-Feb-2018,130,PE,0,0,0,7.7,5.9,0,0,0,0,19-DEC-2017,
OPTSTK,UNIONBANK,22-Feb-2018,135,PE,0,0,0,9.35,7.55,0,0,0,0,19-DEC-2017,
OPTSTK,UNIONBANK,22-Feb-2018,140,PE,0,0,0,11.1,9.5,0,0,0,0,19-DEC-2017,
OPTSTK,UNIONBANK,22-Feb-2018,145,PE,0,0,0,13.1,11.75,0,0,0,0,19-DEC-2017,
OPTSTK,UNIONBANK,22-Feb-2018,150,PE,0,0,0,15.25,14.2,0,0,0,0,19-DEC-2017,
OPTSTK,UNIONBANK,22-Feb-2018,155,PE,0,0,0,17.6,16.95,0,0,0,0,19-DEC-2017,
OPTSTK,UNIONBANK,22-Feb-2018,160,PE,0,0,0,20.15,19.9,0,0,0,0,19-DEC-2017,
OPTSTK,UNIONBANK,22-Feb-2018,165,PE,0,0,0,22.8,23.1,0,0,0,0,19-DEC-2017,
OPTSTK,UNIONBANK,22-Feb-2018,170,PE,0,0,0,25.65,26.55,0,0,0,0,19-DEC-2017,
OPTSTK,UNIONBANK,22-Feb-2018,175,PE,0,0,0,28.65,30.15,0,0,0,0,19-DEC-2017,
OPTSTK,UNIONBANK,22-Feb-2018,180,PE,0,0,0,31.8,33.95,0,0,0,0,19-DEC-2017,
OPTSTK,UNIONBANK,22-Feb-2018,185,PE,0,0,0,35.1,37.85,0,0,0,0,19-DEC-2017,
OPTSTK,UNIONBANK,22-Feb-2018,190,PE,0,0,0,38.55,41.95,0,0,0,0,19-DEC-2017,
OPTSTK,UNIONBANK,22-Feb-2018,195,PE,0,0,0,42.05,46.15,0,0,0,0,19-DEC-2017,
OPTSTK,UNIONBANK,22-Feb-2018,200,PE,0,0,0,45.75,50.45,0,0,0,0,19-DEC-2017,
OPTSTK,UNIONBANK,22-Feb-2018,205,PE,0,0,0,49.5,54.85,0,0,0,0,19-DEC-2017,
OPTSTK,UNIONBANK,22-Feb-2018,210,PE,0,0,0,53.35,59.35,0,0,0,0,19-DEC-2017,
OPTSTK,UNIONBANK,22-Feb-2018,215,PE,0,0,0,57.35,63.9,0,0,0,0,19-DEC-2017,
OPTSTK,UPL,28-Dec-2017,500,CE,0,0,0,274,238.8,0,0,0,0,19-DEC-2017,
OPTSTK,UPL,28-Dec-2017,520,CE,0,0,0,254.35,218.85,0,0,0,0,19-DEC-2017,
OPTSTK,UPL,28-Dec-2017,540,CE,0,0,0,234.7,198.85,0,0,0,0,19-DEC-2017,
OPTSTK,UPL,28-Dec-2017,560,CE,0,0,0,215.1,178.9,0,0,0,0,19-DEC-2017,
OPTSTK,UPL,28-Dec-2017,580,CE,0,0,0,195.65,158.9,0,0,0,0,19-DEC-2017,
OPTSTK,UPL,28-Dec-2017,600,CE,0,0,0,176.4,138.95,0,0,0,0,19-DEC-2017,
OPTSTK,UPL,28-Dec-2017,620,CE,0,0,0,105.65,119,0,0,2400,0,19-DEC-2017,
OPTSTK,UPL,28-Dec-2017,640,CE,0,0,0,139,99.15,0,0,0,0,19-DEC-2017,
OPTSTK,UPL,28-Dec-2017,660,CE,70.1,70.1,70.1,70.1,70.1,2,17.52,6000,-2400,19-DEC-2017,
OPTSTK,UPL,28-Dec-2017,680,CE,0,0,0,39.8,60.75,0,0,8400,0,19-DEC-2017,
OPTSTK,UPL,28-Dec-2017,700,CE,28.6,41.5,28.6,41.5,41.5,11,96.98,28800,-9600,19-DEC-2017,
OPTSTK,UPL,28-Dec-2017,720,CE,15.65,26.3,15.65,24.25,24.25,390,3466.62,80400,-75600,19-DEC-2017,
OPTSTK,UPL,28-Dec-2017,740,CE,7.15,14.55,7.15,12.65,12.65,1500,13530.32,308400,-133200,19-DEC-2017,
OPTSTK,UPL,28-Dec-2017,760,CE,3.75,6.75,3.75,5.75,5.75,773,7102.38,357600,45600,19-DEC-2017,
OPTSTK,UPL,28-Dec-2017,780,CE,2.6,3.15,2.4,2.7,2.7,149,1399.59,151200,14400,19-DEC-2017,
OPTSTK,UPL,28-Dec-2017,800,CE,1.4,1.9,1.2,1.5,1.5,105,1009.91,170400,4800,19-DEC-2017,
OPTSTK,UPL,28-Dec-2017,820,CE,0.75,1,0.7,0.8,0.8,9,88.65,57600,2400,19-DEC-2017,
OPTSTK,UPL,28-Dec-2017,840,CE,0.4,0.4,0.25,0.35,0.35,2,20.16,42000,0,19-DEC-2017,
OPTSTK,UPL,28-Dec-2017,860,CE,0,0,0,0.75,0.1,0,0,1200,0,19-DEC-2017,
OPTSTK,UPL,28-Dec-2017,880,CE,0,0,0,10.25,0.05,0,0,0,0,19-DEC-2017,
OPTSTK,UPL,28-Dec-2017,900,CE,0,0,0,7.5,0.05,0,0,0,0,19-DEC-2017,
OPTSTK,UPL,28-Dec-2017,920,CE,0,0,0,5.4,0,0,0,0,0,19-DEC-2017,
OPTSTK,UPL,28-Dec-2017,940,CE,0,0,0,3.85,0,0,0,0,0,19-DEC-2017,
OPTSTK,UPL,28-Dec-2017,960,CE,0,0,0,2.7,0,0,0,0,0,19-DEC-2017,
OPTSTK,UPL,28-Dec-2017,980,CE,0,0,0,1.9,0,0,0,0,0,19-DEC-2017,
OPTSTK,UPL,28-Dec-2017,1000,CE,0,0,0,1.3,0,0,0,0,0,19-DEC-2017,
OPTSTK,UPL,28-Dec-2017,1020,CE,0,0,0,0.9,0,0,0,0,0,19-DEC-2017,
OPTSTK,UPL,28-Dec-2017,1040,CE,0,0,0,0.6,0,0,0,0,0,19-DEC-2017,
OPTSTK,UPL,28-Dec-2017,1060,CE,0,0,0,0.4,0,0,0,0,0,19-DEC-2017,
OPTSTK,UPL,28-Dec-2017,1080,CE,0,0,0,0.3,0,0,0,0,0,19-DEC-2017,
OPTSTK,UPL,28-Dec-2017,500,PE,0,0,0,0.05,0,0,0,0,0,19-DEC-2017,
OPTSTK,UPL,28-Dec-2017,520,PE,0,0,0,0.05,0,0,0,0,0,19-DEC-2017,
OPTSTK,UPL,28-Dec-2017,540,PE,0,0,0,0.1,0,0,0,0,0,19-DEC-2017,
OPTSTK,UPL,28-Dec-2017,560,PE,0,0,0,0.2,0,0,0,0,0,19-DEC-2017,
OPTSTK,UPL,28-Dec-2017,580,PE,0,0,0,0.4,0,0,0,0,0,19-DEC-2017,
OPTSTK,UPL,28-Dec-2017,600,PE,0.1,0.1,0.1,0.1,0.1,1,7.2,1200,0,19-DEC-2017,
OPTSTK,UPL,28-Dec-2017,620,PE,0.15,0.15,0.15,0.15,0.15,3,22.32,6000,0,19-DEC-2017,
OPTSTK,UPL,28-Dec-2017,640,PE,0,0,0,0.8,0.15,0,0,8400,0,19-DEC-2017,
OPTSTK,UPL,28-Dec-2017,660,PE,1.5,1.5,0.65,0.7,0.7,35,277.57,57600,-10800,19-DEC-2017,
OPTSTK,UPL,28-Dec-2017,680,PE,4,4,1.1,1.25,1.25,112,916.27,110400,1200,19-DEC-2017,
OPTSTK,UPL,28-Dec-2017,700,PE,8,8.75,2.5,2.75,2.75,309,2611.15,171600,7200,19-DEC-2017,
OPTSTK,UPL,28-Dec-2017,720,PE,11.55,11.55,6.1,6.6,6.6,383,3348.24,223200,92400,19-DEC-2017,
OPTSTK,UPL,28-Dec-2017,740,PE,21.15,21.35,13,14.4,14.4,73,662.9,105600,0,19-DEC-2017,
OPTSTK,UPL,28-Dec-2017,760,PE,0,0,0,46.8,30.4,0,0,60000,0,19-DEC-2017,
OPTSTK,UPL,28-Dec-2017,780,PE,52,52,45.5,45.5,45.5,2,19.89,6000,-1200,19-DEC-2017,
OPTSTK,UPL,28-Dec-2017,800,PE,0,0,0,70.55,62.9,0,0,24000,0,19-DEC-2017,
OPTSTK,UPL,28-Dec-2017,820,PE,0,0,0,89.4,81.6,0,0,3600,0,19-DEC-2017,
OPTSTK,UPL,28-Dec-2017,840,PE,0,0,0,107.5,101,0,0,19200,0,19-DEC-2017,
OPTSTK,UPL,28-Dec-2017,860,PE,0,0,0,112,120.8,0,0,4800,0,19-DEC-2017,
OPTSTK,UPL,28-Dec-2017,880,PE,0,0,0,110.35,140.7,0,0,0,0,19-DEC-2017,
OPTSTK,UPL,28-Dec-2017,900,PE,0,0,0,127.3,160.65,0,0,0,0,19-DEC-2017,
OPTSTK,UPL,28-Dec-2017,920,PE,0,0,0,144.9,180.6,0,0,0,0,19-DEC-2017,
OPTSTK,UPL,28-Dec-2017,940,PE,0,0,0,163.05,200.55,0,0,0,0,19-DEC-2017,
OPTSTK,UPL,28-Dec-2017,960,PE,0,0,0,181.6,220.55,0,0,0,0,19-DEC-2017,
OPTSTK,UPL,28-Dec-2017,980,PE,0,0,0,200.45,240.5,0,0,0,0,19-DEC-2017,
OPTSTK,UPL,28-Dec-2017,1000,PE,0,0,0,219.55,260.45,0,0,0,0,19-DEC-2017,
OPTSTK,UPL,28-Dec-2017,1020,PE,0,0,0,238.8,280.45,0,0,0,0,19-DEC-2017,
OPTSTK,UPL,28-Dec-2017,1040,PE,0,0,0,258.2,300.4,0,0,0,0,19-DEC-2017,
OPTSTK,UPL,28-Dec-2017,1060,PE,0,0,0,277.7,320.35,0,0,0,0,19-DEC-2017,
OPTSTK,UPL,28-Dec-2017,1080,PE,0,0,0,297.25,340.35,0,0,0,0,19-DEC-2017,
OPTSTK,UPL,25-Jan-2018,500,CE,0,0,0,320.85,241.3,0,0,0,0,19-DEC-2017,
OPTSTK,UPL,25-Jan-2018,520,CE,0,0,0,301.2,221.45,0,0,0,0,19-DEC-2017,
OPTSTK,UPL,25-Jan-2018,540,CE,0,0,0,281.55,201.65,0,0,0,0,19-DEC-2017,
OPTSTK,UPL,25-Jan-2018,560,CE,0,0,0,261.9,181.95,0,0,0,0,19-DEC-2017,
OPTSTK,UPL,25-Jan-2018,580,CE,0,0,0,242.35,162.45,0,0,0,0,19-DEC-2017,
OPTSTK,UPL,25-Jan-2018,600,CE,0,0,0,222.9,143.3,0,0,0,0,19-DEC-2017,
OPTSTK,UPL,25-Jan-2018,620,CE,0,0,0,203.65,124.65,0,0,0,0,19-DEC-2017,
OPTSTK,UPL,25-Jan-2018,640,CE,0,0,0,184.65,106.8,0,0,0,0,19-DEC-2017,
OPTSTK,UPL,25-Jan-2018,660,CE,0,0,0,166.05,90,0,0,0,0,19-DEC-2017,
OPTSTK,UPL,25-Jan-2018,680,CE,0,0,0,57,74.5,0,0,24000,0,19-DEC-2017,
OPTSTK,UPL,25-Jan-2018,700,CE,51,52,51,52,52,2,18.03,86400,0,19-DEC-2017,
OPTSTK,UPL,25-Jan-2018,720,CE,41.35,41.35,41.35,41.35,41.35,2,18.27,3600,2400,19-DEC-2017,
OPTSTK,UPL,25-Jan-2018,740,CE,25,25,25,25,25,1,9.18,3600,0,19-DEC-2017,
OPTSTK,UPL,25-Jan-2018,760,CE,20.5,23,20,20.5,20.5,24,225.05,19200,14400,19-DEC-2017,
OPTSTK,UPL,25-Jan-2018,780,CE,13.2,15,13.2,15,15,3,28.59,3600,3600,19-DEC-2017,
OPTSTK,UPL,25-Jan-2018,800,CE,10,10,10,10,10,6,58.32,7200,7200,19-DEC-2017,
OPTSTK,UPL,25-Jan-2018,820,CE,9.4,9.4,9.4,9.4,9.4,2,19.9,2400,2400,19-DEC-2017,
OPTSTK,UPL,25-Jan-2018,840,CE,0,0,0,40.5,8.05,0,0,0,0,19-DEC-2017,
OPTSTK,UPL,25-Jan-2018,860,CE,0,0,0,32.8,5.6,0,0,0,0,19-DEC-2017,
OPTSTK,UPL,25-Jan-2018,880,CE,0,0,0,26.25,3.8,0,0,0,0,19-DEC-2017,
OPTSTK,UPL,25-Jan-2018,900,CE,0,0,0,20.8,2.55,0,0,0,0,19-DEC-2017,
OPTSTK,UPL,25-Jan-2018,920,CE,0,0,0,16.3,1.7,0,0,0,0,19-DEC-2017,
OPTSTK,UPL,25-Jan-2018,940,CE,0,0,0,12.65,1.1,0,0,0,0,19-DEC-2017,
OPTSTK,UPL,25-Jan-2018,960,CE,0,0,0,9.7,0.7,0,0,0,0,19-DEC-2017,
OPTSTK,UPL,25-Jan-2018,980,CE,0,0,0,7.4,0.45,0,0,0,0,19-DEC-2017,
OPTSTK,UPL,25-Jan-2018,1000,CE,0,0,0,5.55,0.3,0,0,0,0,19-DEC-2017,
OPTSTK,UPL,25-Jan-2018,1020,CE,0,0,0,4.15,0.2,0,0,0,0,19-DEC-2017,
OPTSTK,UPL,25-Jan-2018,1040,CE,0,0,0,3.1,0.1,0,0,0,0,19-DEC-2017,
OPTSTK,UPL,25-Jan-2018,1060,CE,0,0,0,2.25,0.1,0,0,0,0,19-DEC-2017,
OPTSTK,UPL,25-Jan-2018,1080,CE,0,0,0,1.65,0.05,0,0,0,0,19-DEC-2017,
OPTSTK,UPL,25-Jan-2018,500,PE,0,0,0,0.05,0.05,0,0,0,0,19-DEC-2017,
OPTSTK,UPL,25-Jan-2018,520,PE,0,0,0,0.05,0.05,0,0,0,0,19-DEC-2017,
OPTSTK,UPL,25-Jan-2018,540,PE,0,0,0,0.05,0.15,0,0,0,0,19-DEC-2017,
OPTSTK,UPL,25-Jan-2018,560,PE,0,0,0,0.1,0.3,0,0,0,0,19-DEC-2017,
OPTSTK,UPL,25-Jan-2018,580,PE,0,0,0,0.25,0.7,0,0,0,0,19-DEC-2017,
OPTSTK,UPL,25-Jan-2018,600,PE,0,0,0,0.5,1.4,0,0,0,0,19-DEC-2017,
OPTSTK,UPL,25-Jan-2018,620,PE,0,0,0,0.9,2.6,0,0,0,0,19-DEC-2017,
OPTSTK,UPL,25-Jan-2018,640,PE,0,0,0,1.6,4.65,0,0,0,0,19-DEC-2017,
OPTSTK,UPL,25-Jan-2018,660,PE,0,0,0,14.75,7.7,0,0,2400,0,19-DEC-2017,
OPTSTK,UPL,25-Jan-2018,680,PE,0,0,0,13.5,12.05,0,0,2400,0,19-DEC-2017,
OPTSTK,UPL,25-Jan-2018,700,PE,14.2,14.2,14.2,14.2,14.2,1,8.57,3600,1200,19-DEC-2017,
OPTSTK,UPL,25-Jan-2018,720,PE,21.6,21.6,19.1,19.15,19.15,3,26.63,3600,3600,19-DEC-2017,
OPTSTK,UPL,25-Jan-2018,740,PE,0,0,0,38,34.7,0,0,4800,0,19-DEC-2017,
OPTSTK,UPL,25-Jan-2018,760,PE,0,0,0,19.65,45.75,0,0,0,0,19-DEC-2017,
OPTSTK,UPL,25-Jan-2018,780,PE,0,0,0,26.35,58.45,0,0,0,0,19-DEC-2017,
OPTSTK,UPL,25-Jan-2018,800,PE,0,0,0,34.35,72.6,0,0,0,0,19-DEC-2017,
OPTSTK,UPL,25-Jan-2018,820,PE,0,0,0,43.7,88.05,0,0,0,0,19-DEC-2017,
OPTSTK,UPL,25-Jan-2018,840,PE,0,0,0,54.35,104.6,0,0,0,0,19-DEC-2017,
OPTSTK,UPL,25-Jan-2018,860,PE,0,0,0,66.3,122,0,0,0,0,19-DEC-2017,
OPTSTK,UPL,25-Jan-2018,880,PE,0,0,0,79.45,140.1,0,0,0,0,19-DEC-2017,
OPTSTK,UPL,25-Jan-2018,900,PE,0,0,0,93.7,158.7,0,0,0,0,19-DEC-2017,
OPTSTK,UPL,25-Jan-2018,920,PE,0,0,0,108.85,177.7,0,0,0,0,19-DEC-2017,
OPTSTK,UPL,25-Jan-2018,940,PE,0,0,0,124.9,197,0,0,0,0,19-DEC-2017,
OPTSTK,UPL,25-Jan-2018,960,PE,0,0,0,141.65,216.45,0,0,0,0,19-DEC-2017,
OPTSTK,UPL,25-Jan-2018,980,PE,0,0,0,159,236.1,0,0,0,0,19-DEC-2017,
OPTSTK,UPL,25-Jan-2018,1000,PE,0,0,0,176.9,255.8,0,0,0,0,19-DEC-2017,
OPTSTK,UPL,25-Jan-2018,1020,PE,0,0,0,195.15,275.55,0,0,0,0,19-DEC-2017,
OPTSTK,UPL,25-Jan-2018,1040,PE,0,0,0,213.8,295.35,0,0,0,0,19-DEC-2017,
OPTSTK,UPL,25-Jan-2018,1060,PE,0,0,0,232.65,315.2,0,0,0,0,19-DEC-2017,
OPTSTK,UPL,25-Jan-2018,1080,PE,0,0,0,251.75,335.05,0,0,0,0,19-DEC-2017,
OPTSTK,UPL,22-Feb-2018,500,CE,0,0,0,238.8,243.95,0,0,0,0,19-DEC-2017,
OPTSTK,UPL,22-Feb-2018,520,CE,0,0,0,219.25,224.4,0,0,0,0,19-DEC-2017,
OPTSTK,UPL,22-Feb-2018,540,CE,0,0,0,199.85,205.1,0,0,0,0,19-DEC-2017,
OPTSTK,UPL,22-Feb-2018,560,CE,0,0,0,180.75,186.05,0,0,0,0,19-DEC-2017,
OPTSTK,UPL,22-Feb-2018,580,CE,0,0,0,162,167.4,0,0,0,0,19-DEC-2017,
OPTSTK,UPL,22-Feb-2018,600,CE,0,0,0,143.8,149.35,0,0,0,0,19-DEC-2017,
OPTSTK,UPL,22-Feb-2018,620,CE,0,0,0,126.3,132.05,0,0,0,0,19-DEC-2017,
OPTSTK,UPL,22-Feb-2018,640,CE,0,0,0,109.7,115.6,0,0,0,0,19-DEC-2017,
OPTSTK,UPL,22-Feb-2018,660,CE,0,0,0,94.2,100.2,0,0,0,0,19-DEC-2017,
OPTSTK,UPL,22-Feb-2018,680,CE,0,0,0,79.9,85.95,0,0,0,0,19-DEC-2017,
OPTSTK,UPL,22-Feb-2018,700,CE,0,0,0,66.95,73,0,0,0,0,19-DEC-2017,
OPTSTK,UPL,22-Feb-2018,720,CE,0,0,0,55.4,61.35,0,0,0,0,19-DEC-2017,
OPTSTK,UPL,22-Feb-2018,740,CE,0,0,0,45.3,51,0,0,0,0,19-DEC-2017,
OPTSTK,UPL,22-Feb-2018,760,CE,0,0,0,36.55,42,0,0,0,0,19-DEC-2017,
OPTSTK,UPL,22-Feb-2018,780,CE,0,0,0,29.15,34.2,0,0,0,0,19-DEC-2017,
OPTSTK,UPL,22-Feb-2018,800,CE,0,0,0,23,27.6,0,0,0,0,19-DEC-2017,
OPTSTK,UPL,22-Feb-2018,820,CE,0,0,0,17.95,22.05,0,0,0,0,19-DEC-2017,
OPTSTK,UPL,22-Feb-2018,840,CE,0,0,0,13.85,17.5,0,0,0,0,19-DEC-2017,
OPTSTK,UPL,22-Feb-2018,860,CE,0,0,0,10.55,13.75,0,0,0,0,19-DEC-2017,
OPTSTK,UPL,22-Feb-2018,880,CE,0,0,0,7.95,10.7,0,0,0,0,19-DEC-2017,
OPTSTK,UPL,22-Feb-2018,900,CE,0,0,0,5.95,8.25,0,0,0,0,19-DEC-2017,
OPTSTK,UPL,22-Feb-2018,920,CE,0,0,0,4.4,6.35,0,0,0,0,19-DEC-2017,
OPTSTK,UPL,22-Feb-2018,940,CE,0,0,0,3.25,4.8,0,0,0,0,19-DEC-2017,
OPTSTK,UPL,22-Feb-2018,960,CE,0,0,0,2.35,3.65,0,0,0,0,19-DEC-2017,
OPTSTK,UPL,22-Feb-2018,980,CE,0,0,0,1.7,2.75,0,0,0,0,19-DEC-2017,
OPTSTK,UPL,22-Feb-2018,1000,CE,0,0,0,1.25,2.05,0,0,0,0,19-DEC-2017,
OPTSTK,UPL,22-Feb-2018,1020,CE,0,0,0,0.9,1.5,0,0,0,0,19-DEC-2017,
OPTSTK,UPL,22-Feb-2018,1040,CE,0,0,0,0.6,1.1,0,0,0,0,19-DEC-2017,
OPTSTK,UPL,22-Feb-2018,1060,CE,0,0,0,0.45,0.8,0,0,0,0,19-DEC-2017,
OPTSTK,UPL,22-Feb-2018,1080,CE,0,0,0,0.3,0.6,0,0,0,0,19-DEC-2017,
OPTSTK,UPL,22-Feb-2018,500,PE,0,0,0,0.15,0.25,0,0,0,0,19-DEC-2017,
OPTSTK,UPL,22-Feb-2018,520,PE,0,0,0,0.3,0.5,0,0,0,0,19-DEC-2017,
OPTSTK,UPL,22-Feb-2018,540,PE,0,0,0,0.65,0.9,0,0,0,0,19-DEC-2017,
OPTSTK,UPL,22-Feb-2018,560,PE,0,0,0,1.2,1.65,0,0,0,0,19-DEC-2017,
OPTSTK,UPL,22-Feb-2018,580,PE,0,0,0,2.2,2.8,0,0,0,0,19-DEC-2017,
OPTSTK,UPL,22-Feb-2018,600,PE,0,0,0,3.7,4.5,0,0,0,0,19-DEC-2017,
OPTSTK,UPL,22-Feb-2018,620,PE,0,0,0,5.9,6.95,0,0,0,0,19-DEC-2017,
OPTSTK,UPL,22-Feb-2018,640,PE,0,0,0,9.05,10.3,0,0,0,0,19-DEC-2017,
OPTSTK,UPL,22-Feb-2018,660,PE,0,0,0,13.2,14.7,0,0,0,0,19-DEC-2017,
OPTSTK,UPL,22-Feb-2018,680,PE,0,0,0,18.65,20.2,0,0,0,0,19-DEC-2017,
OPTSTK,UPL,22-Feb-2018,700,PE,0,0,0,25.4,27,0,0,0,0,19-DEC-2017,
OPTSTK,UPL,22-Feb-2018,720,PE,0,0,0,33.55,35.1,0,0,0,0,19-DEC-2017,
OPTSTK,UPL,22-Feb-2018,740,PE,0,0,0,43.15,44.55,0,0,0,0,19-DEC-2017,
OPTSTK,UPL,22-Feb-2018,760,PE,0,0,0,54.15,55.3,0,0,0,0,19-DEC-2017,
OPTSTK,UPL,22-Feb-2018,780,PE,0,0,0,66.45,67.3,0,0,0,0,19-DEC-2017,
OPTSTK,UPL,22-Feb-2018,800,PE,0,0,0,80,80.5,0,0,0,0,19-DEC-2017,
OPTSTK,UPL,22-Feb-2018,820,PE,0,0,0,94.65,94.7,0,0,0,0,19-DEC-2017,
OPTSTK,UPL,22-Feb-2018,840,PE,0,0,0,110.25,109.95,0,0,0,0,19-DEC-2017,
OPTSTK,UPL,22-Feb-2018,860,PE,0,0,0,126.65,125.95,0,0,0,0,19-DEC-2017,
OPTSTK,UPL,22-Feb-2018,880,PE,0,0,0,143.8,142.65,0,0,0,0,19-DEC-2017,
OPTSTK,UPL,22-Feb-2018,900,PE,0,0,0,161.5,160,0,0,0,0,19-DEC-2017,
OPTSTK,UPL,22-Feb-2018,920,PE,0,0,0,179.65,177.85,0,0,0,0,19-DEC-2017,
OPTSTK,UPL,22-Feb-2018,940,PE,0,0,0,198.2,196.1,0,0,0,0,19-DEC-2017,
OPTSTK,UPL,22-Feb-2018,960,PE,0,0,0,217,214.7,0,0,0,0,19-DEC-2017,
OPTSTK,UPL,22-Feb-2018,980,PE,0,0,0,236.1,233.55,0,0,0,0,19-DEC-2017,
OPTSTK,UPL,22-Feb-2018,1000,PE,0,0,0,255.3,252.65,0,0,0,0,19-DEC-2017,
OPTSTK,UPL,22-Feb-2018,1020,PE,0,0,0,274.65,271.9,0,0,0,0,19-DEC-2017,
OPTSTK,UPL,22-Feb-2018,1040,PE,0,0,0,294.1,291.25,0,0,0,0,19-DEC-2017,
OPTSTK,UPL,22-Feb-2018,1060,PE,0,0,0,313.65,310.75,0,0,0,0,19-DEC-2017,
OPTSTK,UPL,22-Feb-2018,1080,PE,0,0,0,333.2,330.3,0,0,0,0,19-DEC-2017,
OPTSTK,VEDL,28-Dec-2017,210,CE,0,0,0,91.3,106.6,0,0,38500,0,19-DEC-2017,
OPTSTK,VEDL,28-Dec-2017,220,CE,0,0,0,75.5,96.6,0,0,7000,0,19-DEC-2017,
OPTSTK,VEDL,28-Dec-2017,230,CE,0,0,0,66.15,86.65,0,0,7000,0,19-DEC-2017,
OPTSTK,VEDL,28-Dec-2017,240,CE,0,0,0,70,76.65,0,0,5250,0,19-DEC-2017,
OPTSTK,VEDL,28-Dec-2017,250,CE,0,0,0,65,66.65,0,0,35000,0,19-DEC-2017,
OPTSTK,VEDL,28-Dec-2017,260,CE,0,0,0,42.25,56.7,0,0,19250,0,19-DEC-2017,
OPTSTK,VEDL,28-Dec-2017,270,CE,40.65,43.95,40.65,42.8,42.8,24,131.5,161000,-29750,19-DEC-2017,
OPTSTK,VEDL,28-Dec-2017,280,CE,32.5,36.65,32.5,36.65,36.65,13,71.64,164500,-8750,19-DEC-2017,
OPTSTK,VEDL,28-Dec-2017,290,CE,24.2,29.05,21.85,28.3,28.3,98,541.66,385000,-59500,19-DEC-2017,
OPTSTK,VEDL,28-Dec-2017,300,CE,14,20,13.55,19.2,19.2,822,4565.74,1487500,-411250,19-DEC-2017,
OPTSTK,VEDL,28-Dec-2017,310,CE,8.2,11.95,7.2,11.25,11.25,2437,13620.06,1200500,-509250,19-DEC-2017,
OPTSTK,VEDL,28-Dec-2017,320,CE,4,5.9,3.35,5.45,5.45,5189,29475.88,1888250,29750,19-DEC-2017,
OPTSTK,VEDL,28-Dec-2017,330,CE,1.9,2.5,1.4,2.3,2.3,2245,13039.99,1310750,45500,19-DEC-2017,
OPTSTK,VEDL,28-Dec-2017,340,CE,0.95,1,0.6,0.9,0.9,690,4115.2,936250,119000,19-DEC-2017,
OPTSTK,VEDL,28-Dec-2017,350,CE,0.5,0.5,0.25,0.45,0.45,140,858.39,598500,-19250,19-DEC-2017,
OPTSTK,VEDL,28-Dec-2017,360,CE,0.2,0.3,0.15,0.25,0.25,19,119.77,215250,7000,19-DEC-2017,
OPTSTK,VEDL,28-Dec-2017,370,CE,0,0,0,0.2,0.1,0,0,15750,0,19-DEC-2017,
OPTSTK,VEDL,28-Dec-2017,380,CE,0,0,0,0.1,0.05,0,0,43750,0,19-DEC-2017,
OPTSTK,VEDL,28-Dec-2017,390,CE,0,0,0,4.3,0,0,0,0,0,19-DEC-2017,
OPTSTK,VEDL,28-Dec-2017,400,CE,0,0,0,0.1,0,0,0,5250,0,19-DEC-2017,
OPTSTK,VEDL,28-Dec-2017,410,CE,0,0,0,0.1,0,0,0,1750,0,19-DEC-2017,
OPTSTK,VEDL,28-Dec-2017,210,PE,0,0,0,0.05,0,0,0,14000,0,19-DEC-2017,
OPTSTK,VEDL,28-Dec-2017,220,PE,0.05,0.05,0.05,0.05,0.05,1,3.85,10500,1750,19-DEC-2017,
OPTSTK,VEDL,28-Dec-2017,230,PE,0,0,0,0.15,0,0,0,26250,0,19-DEC-2017,
OPTSTK,VEDL,28-Dec-2017,240,PE,0.2,0.2,0.2,0.2,0.2,1,4.2,120750,1750,19-DEC-2017,
OPTSTK,VEDL,28-Dec-2017,250,PE,0.2,0.2,0.15,0.2,0.2,3,13.13,217000,-3500,19-DEC-2017,
OPTSTK,VEDL,28-Dec-2017,260,PE,0.3,0.35,0.2,0.3,0.3,87,396.27,460250,-24500,19-DEC-2017,
OPTSTK,VEDL,28-Dec-2017,270,PE,0.4,0.5,0.35,0.4,0.4,149,705.09,686000,-14000,19-DEC-2017,
OPTSTK,VEDL,28-Dec-2017,280,PE,0.8,0.9,0.55,0.65,0.65,576,2829.82,1118250,110250,19-DEC-2017,
OPTSTK,VEDL,28-Dec-2017,290,PE,1.45,1.75,0.9,1.05,1.05,1078,5494.46,1300250,-26250,19-DEC-2017,
OPTSTK,VEDL,28-Dec-2017,300,PE,2.7,3.45,1.8,2.05,2.05,3144,16650.48,2777250,1039500,19-DEC-2017,
OPTSTK,VEDL,28-Dec-2017,310,PE,6.45,7,3.8,4.05,4.05,2551,14074.76,1044750,558250,19-DEC-2017,
OPTSTK,VEDL,28-Dec-2017,320,PE,12,12.7,7.5,7.9,7.9,300,1728.63,309750,164500,19-DEC-2017,
OPTSTK,VEDL,28-Dec-2017,330,PE,17.7,18.8,14,14.3,14.3,11,66.73,129500,-3500,19-DEC-2017,
OPTSTK,VEDL,28-Dec-2017,340,PE,27.5,27.5,27.5,27.5,27.5,1,6.43,78750,-1750,19-DEC-2017,
OPTSTK,VEDL,28-Dec-2017,350,PE,32.75,32.75,32.5,32.5,32.5,3,20.09,29750,-5250,19-DEC-2017,
OPTSTK,VEDL,28-Dec-2017,360,PE,0,0,0,68,43.45,0,0,1750,0,19-DEC-2017,
OPTSTK,VEDL,28-Dec-2017,370,PE,0,0,0,62.4,53.25,0,0,0,0,19-DEC-2017,
OPTSTK,VEDL,28-Dec-2017,380,PE,0,0,0,65.05,63.2,0,0,3500,0,19-DEC-2017,
OPTSTK,VEDL,28-Dec-2017,390,PE,0,0,0,74.4,73.15,0,0,3500,0,19-DEC-2017,
OPTSTK,VEDL,28-Dec-2017,400,PE,0,0,0,83.85,83.15,0,0,3500,0,19-DEC-2017,
OPTSTK,VEDL,28-Dec-2017,410,PE,0,0,0,97.3,93.15,0,0,0,0,19-DEC-2017,
OPTSTK,VEDL,25-Jan-2018,210,CE,0,0,0,136.2,107.65,0,0,0,0,19-DEC-2017,
OPTSTK,VEDL,25-Jan-2018,220,CE,0,0,0,126.35,97.75,0,0,0,0,19-DEC-2017,
OPTSTK,VEDL,25-Jan-2018,230,CE,0,0,0,116.6,87.85,0,0,0,0,19-DEC-2017,
OPTSTK,VEDL,25-Jan-2018,240,CE,0,0,0,106.9,78.05,0,0,0,0,19-DEC-2017,
OPTSTK,VEDL,25-Jan-2018,250,CE,66,66.75,66,66.75,66.75,9,49.87,15750,15750,19-DEC-2017,
OPTSTK,VEDL,25-Jan-2018,260,CE,0,0,0,87.8,59.05,0,0,0,0,19-DEC-2017,
OPTSTK,VEDL,25-Jan-2018,270,CE,0,0,0,78.6,50.05,0,0,0,0,19-DEC-2017,
OPTSTK,VEDL,25-Jan-2018,280,CE,0,0,0,69.7,41.65,0,0,0,0,19-DEC-2017,
OPTSTK,VEDL,25-Jan-2018,290,CE,0,0,0,25,33.95,0,0,5250,0,19-DEC-2017,
OPTSTK,VEDL,25-Jan-2018,300,CE,20.9,24,20,23.75,23.75,4,22.54,59500,-1750,19-DEC-2017,
OPTSTK,VEDL,25-Jan-2018,310,CE,15.5,17.85,14.95,17.35,17.35,16,91.25,52500,-3500,19-DEC-2017,
OPTSTK,VEDL,25-Jan-2018,320,CE,10,12.65,10,12.65,12.65,4,23.21,14000,1750,19-DEC-2017,
OPTSTK,VEDL,25-Jan-2018,330,CE,7.25,8.65,6.8,8.65,8.65,26,153.52,52500,26250,19-DEC-2017,
OPTSTK,VEDL,25-Jan-2018,340,CE,5,5.5,4.4,5.4,5.4,12,72.49,15750,14000,19-DEC-2017,
OPTSTK,VEDL,25-Jan-2018,350,CE,3.7,3.7,3,3,3,2,12.36,5250,3500,19-DEC-2017,
OPTSTK,VEDL,25-Jan-2018,360,CE,0,0,0,18.3,4.35,0,0,0,0,19-DEC-2017,
OPTSTK,VEDL,25-Jan-2018,370,CE,0,0,0,14.75,2.95,0,0,0,0,19-DEC-2017,
OPTSTK,VEDL,25-Jan-2018,380,CE,0,0,0,11.8,2,0,0,0,0,19-DEC-2017,
OPTSTK,VEDL,25-Jan-2018,390,CE,0,0,0,9.35,1.3,0,0,0,0,19-DEC-2017,
OPTSTK,VEDL,25-Jan-2018,400,CE,0,0,0,7.35,0.85,0,0,0,0,19-DEC-2017,
OPTSTK,VEDL,25-Jan-2018,410,CE,0,0,0,5.7,0.55,0,0,0,0,19-DEC-2017,
OPTSTK,VEDL,25-Jan-2018,210,PE,0,0,0,0.05,0.05,0,0,0,0,19-DEC-2017,
OPTSTK,VEDL,25-Jan-2018,220,PE,0,0,0,0.05,0.05,0,0,0,0,19-DEC-2017,
OPTSTK,VEDL,25-Jan-2018,230,PE,0,0,0,0.15,0.1,0,0,0,0,19-DEC-2017,
OPTSTK,VEDL,25-Jan-2018,240,PE,0,0,0,0.25,0.25,0,0,0,0,19-DEC-2017,
OPTSTK,VEDL,25-Jan-2018,250,PE,0,0,0,0.5,0.55,0,0,0,0,19-DEC-2017,
OPTSTK,VEDL,25-Jan-2018,260,PE,0,0,0,0.9,1.1,0,0,0,0,19-DEC-2017,
OPTSTK,VEDL,25-Jan-2018,270,PE,0,0,0,2.2,2.05,0,0,10500,0,19-DEC-2017,
OPTSTK,VEDL,25-Jan-2018,280,PE,3.65,3.65,2.55,2.55,2.55,9,44.56,45500,5250,19-DEC-2017,
OPTSTK,VEDL,25-Jan-2018,290,PE,4.85,4.85,4.5,4.5,4.5,2,10.31,42000,3500,19-DEC-2017,
OPTSTK,VEDL,25-Jan-2018,300,PE,8,8,6,6.3,6.3,22,118.21,38500,31500,19-DEC-2017,
OPTSTK,VEDL,25-Jan-2018,310,PE,11.5,12.2,10.75,10.75,10.75,3,16.87,5250,5250,19-DEC-2017,
OPTSTK,VEDL,25-Jan-2018,320,PE,16.5,17,16,16,16,14,82.46,33250,19250,19-DEC-2017,
OPTSTK,VEDL,25-Jan-2018,330,PE,20.25,20.5,20.25,20.4,20.4,2,12.26,7000,3500,19-DEC-2017,
OPTSTK,VEDL,25-Jan-2018,340,PE,0,0,0,19.1,30.25,0,0,0,0,19-DEC-2017,
OPTSTK,VEDL,25-Jan-2018,350,PE,35,35,35,35,35,1,6.73,1750,1750,19-DEC-2017,
OPTSTK,VEDL,25-Jan-2018,360,PE,0,0,0,29.8,45.75,0,0,0,0,19-DEC-2017,
OPTSTK,VEDL,25-Jan-2018,370,PE,0,0,0,36.1,54.3,0,0,0,0,19-DEC-2017,
OPTSTK,VEDL,25-Jan-2018,380,PE,0,0,0,43,63.3,0,0,0,0,19-DEC-2017,
OPTSTK,VEDL,25-Jan-2018,390,PE,0,0,0,50.4,72.55,0,0,0,0,19-DEC-2017,
OPTSTK,VEDL,25-Jan-2018,400,PE,0,0,0,58.2,82,0,0,0,0,19-DEC-2017,
OPTSTK,VEDL,25-Jan-2018,410,PE,0,0,0,66.4,91.65,0,0,0,0,19-DEC-2017,
OPTSTK,VEDL,22-Feb-2018,210,CE,0,0,0,88.7,108.8,0,0,0,0,19-DEC-2017,
OPTSTK,VEDL,22-Feb-2018,220,CE,0,0,0,79.1,99.05,0,0,0,0,19-DEC-2017,
OPTSTK,VEDL,22-Feb-2018,230,CE,0,0,0,69.7,89.45,0,0,0,0,19-DEC-2017,
OPTSTK,VEDL,22-Feb-2018,240,CE,0,0,0,60.6,80.05,0,0,0,0,19-DEC-2017,
OPTSTK,VEDL,22-Feb-2018,250,CE,0,0,0,51.95,70.95,0,0,0,0,19-DEC-2017,
OPTSTK,VEDL,22-Feb-2018,260,CE,0,0,0,43.85,62.2,0,0,0,0,19-DEC-2017,
OPTSTK,VEDL,22-Feb-2018,270,CE,0,0,0,36.4,53.95,0,0,0,0,19-DEC-2017,
OPTSTK,VEDL,22-Feb-2018,280,CE,0,0,0,29.75,46.25,0,0,0,0,19-DEC-2017,
OPTSTK,VEDL,22-Feb-2018,290,CE,0,0,0,23.9,39.2,0,0,0,0,19-DEC-2017,
OPTSTK,VEDL,22-Feb-2018,300,CE,0,0,0,18.9,32.85,0,0,0,0,19-DEC-2017,
OPTSTK,VEDL,22-Feb-2018,310,CE,0,0,0,14.7,27.2,0,0,0,0,19-DEC-2017,
OPTSTK,VEDL,22-Feb-2018,320,CE,0,0,0,11.25,22.25,0,0,0,0,19-DEC-2017,
OPTSTK,VEDL,22-Feb-2018,330,CE,0,0,0,8.5,18,0,0,0,0,19-DEC-2017,
OPTSTK,VEDL,22-Feb-2018,340,CE,0,0,0,6.3,14.4,0,0,0,0,19-DEC-2017,
OPTSTK,VEDL,22-Feb-2018,350,CE,0,0,0,4.65,11.4,0,0,0,0,19-DEC-2017,
OPTSTK,VEDL,22-Feb-2018,360,CE,0,0,0,3.35,8.95,0,0,0,0,19-DEC-2017,
OPTSTK,VEDL,22-Feb-2018,370,CE,0,0,0,2.4,6.95,0,0,0,0,19-DEC-2017,
OPTSTK,VEDL,22-Feb-2018,380,CE,0,0,0,1.7,5.35,0,0,0,0,19-DEC-2017,
OPTSTK,VEDL,22-Feb-2018,390,CE,0,0,0,1.2,4.1,0,0,0,0,19-DEC-2017,
OPTSTK,VEDL,22-Feb-2018,400,CE,0,0,0,0.85,3.1,0,0,0,0,19-DEC-2017,
OPTSTK,VEDL,22-Feb-2018,410,CE,0,0,0,0.55,2.3,0,0,0,0,19-DEC-2017,
OPTSTK,VEDL,22-Feb-2018,210,PE,0,0,0,0.2,0.15,0,0,0,0,19-DEC-2017,
OPTSTK,VEDL,22-Feb-2018,220,PE,0,0,0,0.45,0.3,0,0,0,0,19-DEC-2017,
OPTSTK,VEDL,22-Feb-2018,230,PE,0,0,0,0.9,0.6,0,0,0,0,19-DEC-2017,
OPTSTK,VEDL,22-Feb-2018,240,PE,0,0,0,1.65,1.1,0,0,0,0,19-DEC-2017,
OPTSTK,VEDL,22-Feb-2018,250,PE,0,0,0,2.85,1.85,0,0,0,0,19-DEC-2017,
OPTSTK,VEDL,22-Feb-2018,260,PE,0,0,0,4.6,3,0,0,0,0,19-DEC-2017,
OPTSTK,VEDL,22-Feb-2018,270,PE,0,0,0,7.05,4.65,0,0,0,0,19-DEC-2017,
OPTSTK,VEDL,22-Feb-2018,280,PE,0,0,0,10.2,6.85,0,0,0,0,19-DEC-2017,
OPTSTK,VEDL,22-Feb-2018,290,PE,0,0,0,14.25,9.65,0,0,0,0,19-DEC-2017,
OPTSTK,VEDL,22-Feb-2018,300,PE,0,0,0,19.1,13.15,0,0,0,0,19-DEC-2017,
OPTSTK,VEDL,22-Feb-2018,310,PE,0,0,0,24.75,17.4,0,0,0,0,19-DEC-2017,
OPTSTK,VEDL,22-Feb-2018,320,PE,0,0,0,31.15,22.35,0,0,0,0,19-DEC-2017,
OPTSTK,VEDL,22-Feb-2018,330,PE,0,0,0,38.25,28,0,0,0,0,19-DEC-2017,
OPTSTK,VEDL,22-Feb-2018,340,PE,0,0,0,45.9,34.25,0,0,0,0,19-DEC-2017,
OPTSTK,VEDL,22-Feb-2018,350,PE,0,0,0,54.1,41.15,0,0,0,0,19-DEC-2017,
OPTSTK,VEDL,22-Feb-2018,360,PE,0,0,0,62.65,48.6,0,0,0,0,19-DEC-2017,
OPTSTK,VEDL,22-Feb-2018,370,PE,0,0,0,71.55,56.5,0,0,0,0,19-DEC-2017,
OPTSTK,VEDL,22-Feb-2018,380,PE,0,0,0,80.7,64.75,0,0,0,0,19-DEC-2017,
OPTSTK,VEDL,22-Feb-2018,390,PE,0,0,0,90.05,73.4,0,0,0,0,19-DEC-2017,
OPTSTK,VEDL,22-Feb-2018,400,PE,0,0,0,99.55,82.3,0,0,0,0,19-DEC-2017,
OPTSTK,VEDL,22-Feb-2018,410,PE,0,0,0,109.15,91.4,0,0,0,0,19-DEC-2017,
OPTSTK,VGUARD,28-Dec-2017,135,CE,0,0,0,48.6,98.15,0,0,0,0,19-DEC-2017,
OPTSTK,VGUARD,28-Dec-2017,140,CE,0,0,0,44.25,93.15,0,0,0,0,19-DEC-2017,
OPTSTK,VGUARD,28-Dec-2017,145,CE,0,0,0,40.05,88.15,0,0,0,0,19-DEC-2017,
OPTSTK,VGUARD,28-Dec-2017,150,CE,0,0,0,36.05,83.15,0,0,0,0,19-DEC-2017,
OPTSTK,VGUARD,28-Dec-2017,155,CE,0,0,0,32.3,78.15,0,0,0,0,19-DEC-2017,
OPTSTK,VGUARD,28-Dec-2017,160,CE,0,0,0,28.75,73.15,0,0,0,0,19-DEC-2017,
OPTSTK,VGUARD,28-Dec-2017,165,CE,0,0,0,25.45,68.2,0,0,0,0,19-DEC-2017,
OPTSTK,VGUARD,28-Dec-2017,170,CE,0,0,0,22.45,63.2,0,0,0,0,19-DEC-2017,
OPTSTK,VGUARD,28-Dec-2017,175,CE,0,0,0,19.65,58.2,0,0,0,0,19-DEC-2017,
OPTSTK,VGUARD,28-Dec-2017,180,CE,0,0,0,17.15,53.2,0,0,0,0,19-DEC-2017,
OPTSTK,VGUARD,28-Dec-2017,185,CE,0,0,0,14.85,48.2,0,0,0,0,19-DEC-2017,
OPTSTK,VGUARD,28-Dec-2017,190,CE,0,0,0,12.8,43.2,0,0,0,0,19-DEC-2017,
OPTSTK,VGUARD,28-Dec-2017,195,CE,0,0,0,11,38.2,0,0,0,0,19-DEC-2017,
OPTSTK,VGUARD,28-Dec-2017,200,CE,0,0,0,9.4,33.25,0,0,0,0,19-DEC-2017,
OPTSTK,VGUARD,28-Dec-2017,205,CE,0,0,0,8,28.25,0,0,0,0,19-DEC-2017,
OPTSTK,VGUARD,28-Dec-2017,210,CE,0,0,0,6.8,23.35,0,0,0,0,19-DEC-2017,
OPTSTK,VGUARD,28-Dec-2017,215,CE,0,0,0,5.75,18.55,0,0,0,0,19-DEC-2017,
OPTSTK,VGUARD,28-Dec-2017,220,CE,0,0,0,16.5,14.1,0,0,6000,0,19-DEC-2017,
OPTSTK,VGUARD,28-Dec-2017,225,CE,0,0,0,9,10.05,0,0,12000,0,19-DEC-2017,
OPTSTK,VGUARD,28-Dec-2017,230,CE,5.4,5.5,5.4,5.5,5.5,2,14.12,21000,-3000,19-DEC-2017,
OPTSTK,VGUARD,28-Dec-2017,235,CE,3.7,4.3,3.15,4.2,4.2,12,85.9,60000,9000,19-DEC-2017,
OPTSTK,VGUARD,28-Dec-2017,240,CE,2.35,3,1.75,2.8,2.8,27,196.41,237000,-3000,19-DEC-2017,
OPTSTK,VGUARD,28-Dec-2017,245,CE,1.4,1.75,1.4,1.6,1.6,2,14.79,21000,-3000,19-DEC-2017,
OPTSTK,VGUARD,28-Dec-2017,250,CE,1,1.25,0.8,1.2,1.2,14,105.45,162000,0,19-DEC-2017,
OPTSTK,VGUARD,28-Dec-2017,255,CE,0,0,0,1.35,0.25,0,0,0,0,19-DEC-2017,
OPTSTK,VGUARD,28-Dec-2017,260,CE,0.55,0.55,0.5,0.5,0.5,2,15.63,9000,-3000,19-DEC-2017,
OPTSTK,VGUARD,28-Dec-2017,265,CE,0,0,0,0.95,0.05,0,0,0,0,19-DEC-2017,
OPTSTK,VGUARD,28-Dec-2017,270,CE,0,0,0,0.65,0.05,0,0,6000,0,19-DEC-2017,
OPTSTK,VGUARD,28-Dec-2017,275,CE,0,0,0,0.5,0,0,0,3000,0,19-DEC-2017,
OPTSTK,VGUARD,28-Dec-2017,280,CE,0,0,0,0.5,0,0,0,6000,0,19-DEC-2017,
OPTSTK,VGUARD,28-Dec-2017,135,PE,0,0,0,1.3,0,0,0,0,0,19-DEC-2017,
OPTSTK,VGUARD,28-Dec-2017,140,PE,0,0,0,1.85,0,0,0,0,0,19-DEC-2017,
OPTSTK,VGUARD,28-Dec-2017,145,PE,0,0,0,2.6,0,0,0,0,0,19-DEC-2017,
OPTSTK,VGUARD,28-Dec-2017,150,PE,0,0,0,3.55,0,0,0,0,0,19-DEC-2017,
OPTSTK,VGUARD,28-Dec-2017,155,PE,0,0,0,4.7,0,0,0,0,0,19-DEC-2017,
OPTSTK,VGUARD,28-Dec-2017,160,PE,0,0,0,6.05,0,0,0,0,0,19-DEC-2017,
OPTSTK,VGUARD,28-Dec-2017,165,PE,0,0,0,7.7,0,0,0,0,0,19-DEC-2017,
OPTSTK,VGUARD,28-Dec-2017,170,PE,0,0,0,9.6,0,0,0,0,0,19-DEC-2017,
OPTSTK,VGUARD,28-Dec-2017,175,PE,0,0,0,11.75,0,0,0,0,0,19-DEC-2017,
OPTSTK,VGUARD,28-Dec-2017,180,PE,0,0,0,14.15,0,0,0,0,0,19-DEC-2017,
OPTSTK,VGUARD,28-Dec-2017,185,PE,0,0,0,16.8,0,0,0,0,0,19-DEC-2017,
OPTSTK,VGUARD,28-Dec-2017,190,PE,0,0,0,19.65,0,0,0,0,0,19-DEC-2017,
OPTSTK,VGUARD,28-Dec-2017,195,PE,0,0,0,22.8,0,0,0,0,0,19-DEC-2017,
OPTSTK,VGUARD,28-Dec-2017,200,PE,0.4,0.4,0.4,0.4,0.4,1,6.01,18000,3000,19-DEC-2017,
OPTSTK,VGUARD,28-Dec-2017,205,PE,2.65,2.65,2.65,2.65,2.65,42,261.63,129000,126000,19-DEC-2017,
OPTSTK,VGUARD,28-Dec-2017,210,PE,0,0,0,33.35,0.1,0,0,0,0,19-DEC-2017,
OPTSTK,VGUARD,28-Dec-2017,215,PE,3.2,3.2,3.2,3.2,3.2,1,6.54,6000,-3000,19-DEC-2017,
OPTSTK,VGUARD,28-Dec-2017,220,PE,0.7,0.7,0.7,0.7,0.7,2,13.24,54000,-6000,19-DEC-2017,
OPTSTK,VGUARD,28-Dec-2017,225,PE,0,0,0,6.5,1.8,0,0,18000,0,19-DEC-2017,
OPTSTK,VGUARD,28-Dec-2017,230,PE,4.5,4.6,2,2,2,11,77.29,120000,9000,19-DEC-2017,
OPTSTK,VGUARD,28-Dec-2017,235,PE,5.5,5.5,5.5,5.5,5.5,1,7.21,18000,0,19-DEC-2017,
OPTSTK,VGUARD,28-Dec-2017,240,PE,0,0,0,13.35,9.05,0,0,9000,0,19-DEC-2017,
OPTSTK,VGUARD,28-Dec-2017,245,PE,0,0,0,17.1,12.95,0,0,6000,0,19-DEC-2017,
OPTSTK,VGUARD,28-Dec-2017,250,PE,0,0,0,67.55,17.3,0,0,0,0,19-DEC-2017,
OPTSTK,VGUARD,28-Dec-2017,255,PE,0,0,0,72.15,21.95,0,0,0,0,19-DEC-2017,
OPTSTK,VGUARD,28-Dec-2017,260,PE,0,0,0,76.85,26.8,0,0,0,0,19-DEC-2017,
OPTSTK,VGUARD,28-Dec-2017,265,PE,0,0,0,76.15,31.75,0,0,0,0,19-DEC-2017,
OPTSTK,VGUARD,28-Dec-2017,270,PE,0,0,0,77.6,36.7,0,0,0,0,19-DEC-2017,
OPTSTK,VGUARD,28-Dec-2017,275,PE,0,0,0,77.5,41.7,0,0,0,0,19-DEC-2017,
OPTSTK,VGUARD,28-Dec-2017,280,PE,0,0,0,79.3,46.7,0,0,0,0,19-DEC-2017,
OPTSTK,VGUARD,25-Jan-2018,135,CE,0,0,0,75,98.8,0,0,0,0,19-DEC-2017,
OPTSTK,VGUARD,25-Jan-2018,140,CE,0,0,0,70.2,93.85,0,0,0,0,19-DEC-2017,
OPTSTK,VGUARD,25-Jan-2018,145,CE,0,0,0,65.5,88.85,0,0,0,0,19-DEC-2017,
OPTSTK,VGUARD,25-Jan-2018,150,CE,0,0,0,60.85,83.9,0,0,0,0,19-DEC-2017,
OPTSTK,VGUARD,25-Jan-2018,155,CE,0,0,0,56.3,78.95,0,0,0,0,19-DEC-2017,
OPTSTK,VGUARD,25-Jan-2018,160,CE,0,0,0,51.9,73.95,0,0,0,0,19-DEC-2017,
OPTSTK,VGUARD,25-Jan-2018,165,CE,0,0,0,47.6,69,0,0,0,0,19-DEC-2017,
OPTSTK,VGUARD,25-Jan-2018,170,CE,0,0,0,43.5,64.05,0,0,0,0,19-DEC-2017,
OPTSTK,VGUARD,25-Jan-2018,175,CE,0,0,0,39.55,59.1,0,0,0,0,19-DEC-2017,
OPTSTK,VGUARD,25-Jan-2018,180,CE,0,0,0,35.8,54.15,0,0,0,0,19-DEC-2017,
OPTSTK,VGUARD,25-Jan-2018,185,CE,0,0,0,32.25,49.25,0,0,0,0,19-DEC-2017,
OPTSTK,VGUARD,25-Jan-2018,190,CE,0,0,0,28.9,44.35,0,0,0,0,19-DEC-2017,
OPTSTK,VGUARD,25-Jan-2018,195,CE,0,0,0,25.8,39.6,0,0,0,0,19-DEC-2017,
OPTSTK,VGUARD,25-Jan-2018,200,CE,0,0,0,22.95,34.95,0,0,0,0,19-DEC-2017,
OPTSTK,VGUARD,25-Jan-2018,205,CE,0,0,0,20.3,30.45,0,0,0,0,19-DEC-2017,
OPTSTK,VGUARD,25-Jan-2018,210,CE,0,0,0,17.9,26.15,0,0,0,0,19-DEC-2017,
OPTSTK,VGUARD,25-Jan-2018,215,CE,0,0,0,15.75,22.15,0,0,0,0,19-DEC-2017,
OPTSTK,VGUARD,25-Jan-2018,220,CE,0,0,0,13.75,18.5,0,0,0,0,19-DEC-2017,
OPTSTK,VGUARD,25-Jan-2018,225,CE,0,0,0,12,15.15,0,0,0,0,19-DEC-2017,
OPTSTK,VGUARD,25-Jan-2018,230,CE,0,0,0,15.55,12.25,0,0,0,0,19-DEC-2017,
OPTSTK,VGUARD,25-Jan-2018,235,CE,0,0,0,9,9.7,0,0,0,0,19-DEC-2017,
OPTSTK,VGUARD,25-Jan-2018,240,CE,0,0,0,7.75,7.55,0,0,0,0,19-DEC-2017,
OPTSTK,VGUARD,25-Jan-2018,245,CE,0,0,0,6.65,5.8,0,0,0,0,19-DEC-2017,
OPTSTK,VGUARD,25-Jan-2018,250,CE,8,8.5,8,8.5,8.5,40,310.18,120000,120000,19-DEC-2017,
OPTSTK,VGUARD,25-Jan-2018,255,CE,0,0,0,4.85,3.25,0,0,0,0,19-DEC-2017,
OPTSTK,VGUARD,25-Jan-2018,260,CE,0,0,0,4.15,2.35,0,0,0,0,19-DEC-2017,
OPTSTK,VGUARD,25-Jan-2018,265,CE,0,0,0,3.5,1.7,0,0,0,0,19-DEC-2017,
OPTSTK,VGUARD,25-Jan-2018,270,CE,0,0,0,3,1.2,0,0,0,0,19-DEC-2017,
OPTSTK,VGUARD,25-Jan-2018,275,CE,0,0,0,2.5,0.85,0,0,0,0,19-DEC-2017,
OPTSTK,VGUARD,25-Jan-2018,280,CE,0,0,0,2.15,0.6,0,0,0,0,19-DEC-2017,
OPTSTK,VGUARD,25-Jan-2018,135,PE,0,0,0,0.25,0,0,0,0,0,19-DEC-2017,
OPTSTK,VGUARD,25-Jan-2018,140,PE,0,0,0,0.35,0,0,0,0,0,19-DEC-2017,
OPTSTK,VGUARD,25-Jan-2018,145,PE,0,0,0,0.55,0,0,0,0,0,19-DEC-2017,
OPTSTK,VGUARD,25-Jan-2018,150,PE,0,0,0,0.85,0,0,0,0,0,19-DEC-2017,
OPTSTK,VGUARD,25-Jan-2018,155,PE,0,0,0,1.25,0,0,0,0,0,19-DEC-2017,
OPTSTK,VGUARD,25-Jan-2018,160,PE,0,0,0,1.7,0,0,0,0,0,19-DEC-2017,
OPTSTK,VGUARD,25-Jan-2018,165,PE,0,0,0,2.35,0,0,0,0,0,19-DEC-2017,
OPTSTK,VGUARD,25-Jan-2018,170,PE,0,0,0,3.15,0.05,0,0,0,0,19-DEC-2017,
OPTSTK,VGUARD,25-Jan-2018,175,PE,0,0,0,4.15,0.05,0,0,0,0,19-DEC-2017,
OPTSTK,VGUARD,25-Jan-2018,180,PE,0,0,0,5.3,0.05,0,0,0,0,19-DEC-2017,
OPTSTK,VGUARD,25-Jan-2018,185,PE,0,0,0,6.7,0.15,0,0,0,0,19-DEC-2017,
OPTSTK,VGUARD,25-Jan-2018,190,PE,0,0,0,8.3,0.25,0,0,0,0,19-DEC-2017,
OPTSTK,VGUARD,25-Jan-2018,195,PE,0,0,0,10.1,0.4,0,0,0,0,19-DEC-2017,
OPTSTK,VGUARD,25-Jan-2018,200,PE,0,0,0,12.15,0.75,0,0,0,0,19-DEC-2017,
OPTSTK,VGUARD,25-Jan-2018,205,PE,0,0,0,14.45,1.2,0,0,0,0,19-DEC-2017,
OPTSTK,VGUARD,25-Jan-2018,210,PE,0,0,0,16.95,1.9,0,0,0,0,19-DEC-2017,
OPTSTK,VGUARD,25-Jan-2018,215,PE,0,0,0,19.7,2.85,0,0,0,0,19-DEC-2017,
OPTSTK,VGUARD,25-Jan-2018,220,PE,0,0,0,22.65,4.15,0,0,0,0,19-DEC-2017,
OPTSTK,VGUARD,25-Jan-2018,225,PE,0,0,0,25.8,5.8,0,0,0,0,19-DEC-2017,
OPTSTK,VGUARD,25-Jan-2018,230,PE,0,0,0,29.15,7.85,0,0,0,0,19-DEC-2017,
OPTSTK,VGUARD,25-Jan-2018,235,PE,0,0,0,32.65,10.3,0,0,0,0,19-DEC-2017,
OPTSTK,VGUARD,25-Jan-2018,240,PE,0,0,0,36.35,13.1,0,0,0,0,19-DEC-2017,
OPTSTK,VGUARD,25-Jan-2018,245,PE,0,0,0,40.2,16.3,0,0,0,0,19-DEC-2017,
OPTSTK,VGUARD,25-Jan-2018,250,PE,0,0,0,44.15,19.85,0,0,0,0,19-DEC-2017,
OPTSTK,VGUARD,25-Jan-2018,255,PE,0,0,0,48.2,23.7,0,0,0,0,19-DEC-2017,
OPTSTK,VGUARD,25-Jan-2018,260,PE,0,0,0,52.4,27.75,0,0,0,0,19-DEC-2017,
OPTSTK,VGUARD,25-Jan-2018,265,PE,0,0,0,56.7,32.05,0,0,0,0,19-DEC-2017,
OPTSTK,VGUARD,25-Jan-2018,270,PE,0,0,0,61.1,36.55,0,0,0,0,19-DEC-2017,
OPTSTK,VGUARD,25-Jan-2018,275,PE,0,0,0,65.55,41.15,0,0,0,0,19-DEC-2017,
OPTSTK,VGUARD,25-Jan-2018,280,PE,0,0,0,70.1,45.85,0,0,0,0,19-DEC-2017,
OPTSTK,VGUARD,22-Feb-2018,150,CE,0,0,0,81.85,84.65,0,0,0,0,19-DEC-2017,
OPTSTK,VGUARD,22-Feb-2018,155,CE,0,0,0,77.05,79.7,0,0,0,0,19-DEC-2017,
OPTSTK,VGUARD,22-Feb-2018,160,CE,0,0,0,72.3,74.75,0,0,0,0,19-DEC-2017,
OPTSTK,VGUARD,22-Feb-2018,165,CE,0,0,0,67.6,69.85,0,0,0,0,19-DEC-2017,
OPTSTK,VGUARD,22-Feb-2018,170,CE,0,0,0,63,64.95,0,0,0,0,19-DEC-2017,
OPTSTK,VGUARD,22-Feb-2018,175,CE,0,0,0,58.5,60.1,0,0,0,0,19-DEC-2017,
OPTSTK,VGUARD,22-Feb-2018,180,CE,0,0,0,54.1,55.3,0,0,0,0,19-DEC-2017,
OPTSTK,VGUARD,22-Feb-2018,185,CE,0,0,0,49.85,50.55,0,0,0,0,19-DEC-2017,
OPTSTK,VGUARD,22-Feb-2018,190,CE,0,0,0,45.75,45.95,0,0,0,0,19-DEC-2017,
OPTSTK,VGUARD,22-Feb-2018,195,CE,0,0,0,41.8,41.45,0,0,0,0,19-DEC-2017,
OPTSTK,VGUARD,22-Feb-2018,200,CE,0,0,0,38.1,37.1,0,0,0,0,19-DEC-2017,
OPTSTK,VGUARD,22-Feb-2018,205,CE,0,0,0,34.5,32.95,0,0,0,0,19-DEC-2017,
OPTSTK,VGUARD,22-Feb-2018,210,CE,0,0,0,31.15,29,0,0,0,0,19-DEC-2017,
OPTSTK,VGUARD,22-Feb-2018,215,CE,0,0,0,28.05,25.35,0,0,0,0,19-DEC-2017,
OPTSTK,VGUARD,22-Feb-2018,220,CE,0,0,0,25.1,21.95,0,0,0,0,19-DEC-2017,
OPTSTK,VGUARD,22-Feb-2018,225,CE,0,0,0,22.4,18.85,0,0,0,0,19-DEC-2017,
OPTSTK,VGUARD,22-Feb-2018,230,CE,0,0,0,19.9,16,0,0,0,0,19-DEC-2017,
OPTSTK,VGUARD,22-Feb-2018,235,CE,0,0,0,17.65,13.5,0,0,0,0,19-DEC-2017,
OPTSTK,VGUARD,22-Feb-2018,240,CE,0,0,0,15.55,11.3,0,0,0,0,19-DEC-2017,
OPTSTK,VGUARD,22-Feb-2018,245,CE,0,0,0,13.7,9.35,0,0,0,0,19-DEC-2017,
OPTSTK,VGUARD,22-Feb-2018,250,CE,0,0,0,12,7.65,0,0,0,0,19-DEC-2017,
OPTSTK,VGUARD,22-Feb-2018,255,CE,0,0,0,10.45,6.25,0,0,0,0,19-DEC-2017,
OPTSTK,VGUARD,22-Feb-2018,260,CE,0,0,0,9.1,5.05,0,0,0,0,19-DEC-2017,
OPTSTK,VGUARD,22-Feb-2018,265,CE,0,0,0,7.9,4.05,0,0,0,0,19-DEC-2017,
OPTSTK,VGUARD,22-Feb-2018,270,CE,0,0,0,6.85,3.2,0,0,0,0,19-DEC-2017,
OPTSTK,VGUARD,22-Feb-2018,275,CE,0,0,0,5.9,2.55,0,0,0,0,19-DEC-2017,
OPTSTK,VGUARD,22-Feb-2018,280,CE,0,0,0,5.1,2,0,0,0,0,19-DEC-2017,
OPTSTK,VGUARD,22-Feb-2018,150,PE,0,0,0,0.2,0.05,0,0,0,0,19-DEC-2017,
OPTSTK,VGUARD,22-Feb-2018,155,PE,0,0,0,0.35,0.05,0,0,0,0,19-DEC-2017,
OPTSTK,VGUARD,22-Feb-2018,160,PE,0,0,0,0.5,0.05,0,0,0,0,19-DEC-2017,
OPTSTK,VGUARD,22-Feb-2018,165,PE,0,0,0,0.75,0.05,0,0,0,0,19-DEC-2017,
OPTSTK,VGUARD,22-Feb-2018,170,PE,0,0,0,1.05,0.15,0,0,0,0,19-DEC-2017,
OPTSTK,VGUARD,22-Feb-2018,175,PE,0,0,0,1.5,0.2,0,0,0,0,19-DEC-2017,
OPTSTK,VGUARD,22-Feb-2018,180,PE,0,0,0,2.05,0.35,0,0,0,0,19-DEC-2017,
OPTSTK,VGUARD,22-Feb-2018,185,PE,0,0,0,2.7,0.55,0,0,0,0,19-DEC-2017,
OPTSTK,VGUARD,22-Feb-2018,190,PE,0,0,0,3.55,0.85,0,0,0,0,19-DEC-2017,
OPTSTK,VGUARD,22-Feb-2018,195,PE,0,0,0,4.5,1.3,0,0,0,0,19-DEC-2017,
OPTSTK,VGUARD,22-Feb-2018,200,PE,0,0,0,5.7,1.9,0,0,0,0,19-DEC-2017,
OPTSTK,VGUARD,22-Feb-2018,205,PE,0,0,0,7.1,2.7,0,0,0,0,19-DEC-2017,
OPTSTK,VGUARD,22-Feb-2018,210,PE,0,0,0,8.65,3.7,0,0,0,0,19-DEC-2017,
OPTSTK,VGUARD,22-Feb-2018,215,PE,0,0,0,10.45,5,0,0,0,0,19-DEC-2017,
OPTSTK,VGUARD,22-Feb-2018,220,PE,0,0,0,12.45,6.55,0,0,0,0,19-DEC-2017,
OPTSTK,VGUARD,22-Feb-2018,225,PE,0,0,0,14.7,8.35,0,0,0,0,19-DEC-2017,
OPTSTK,VGUARD,22-Feb-2018,230,PE,0,0,0,17.1,10.5,0,0,0,0,19-DEC-2017,
OPTSTK,VGUARD,22-Feb-2018,235,PE,0,0,0,19.75,12.9,0,0,0,0,19-DEC-2017,
OPTSTK,VGUARD,22-Feb-2018,240,PE,0,0,0,22.6,15.65,0,0,0,0,19-DEC-2017,
OPTSTK,VGUARD,22-Feb-2018,245,PE,0,0,0,25.65,18.65,0,0,0,0,19-DEC-2017,
OPTSTK,VGUARD,22-Feb-2018,250,PE,0,0,0,28.9,21.9,0,0,0,0,19-DEC-2017,
OPTSTK,VGUARD,22-Feb-2018,255,PE,0,0,0,32.3,25.45,0,0,0,0,19-DEC-2017,
OPTSTK,VGUARD,22-Feb-2018,260,PE,0,0,0,35.85,29.2,0,0,0,0,19-DEC-2017,
OPTSTK,VGUARD,22-Feb-2018,265,PE,0,0,0,39.6,33.1,0,0,0,0,19-DEC-2017,
OPTSTK,VGUARD,22-Feb-2018,270,PE,0,0,0,43.45,37.25,0,0,0,0,19-DEC-2017,
OPTSTK,VGUARD,22-Feb-2018,275,PE,0,0,0,47.45,41.5,0,0,0,0,19-DEC-2017,
OPTSTK,VGUARD,22-Feb-2018,280,PE,0,0,0,51.55,45.9,0,0,0,0,19-DEC-2017,
OPTSTK,VOLTAS,28-Dec-2017,320,CE,0,0,0,186.2,313.85,0,0,0,0,19-DEC-2017,
OPTSTK,VOLTAS,28-Dec-2017,330,CE,0,0,0,176.45,303.9,0,0,0,0,19-DEC-2017,
OPTSTK,VOLTAS,28-Dec-2017,340,CE,0,0,0,166.8,293.9,0,0,0,0,19-DEC-2017,
OPTSTK,VOLTAS,28-Dec-2017,350,CE,0,0,0,157.2,283.9,0,0,0,0,19-DEC-2017,
OPTSTK,VOLTAS,28-Dec-2017,360,CE,0,0,0,147.75,273.95,0,0,0,0,19-DEC-2017,
OPTSTK,VOLTAS,28-Dec-2017,370,CE,0,0,0,138.4,263.95,0,0,0,0,19-DEC-2017,
OPTSTK,VOLTAS,28-Dec-2017,380,CE,0,0,0,129.2,253.95,0,0,0,0,19-DEC-2017,
OPTSTK,VOLTAS,28-Dec-2017,390,CE,0,0,0,120.25,244,0,0,0,0,19-DEC-2017,
OPTSTK,VOLTAS,28-Dec-2017,400,CE,0,0,0,111.45,234,0,0,0,0,19-DEC-2017,
OPTSTK,VOLTAS,28-Dec-2017,410,CE,0,0,0,102.95,224,0,0,0,0,19-DEC-2017,
OPTSTK,VOLTAS,28-Dec-2017,420,CE,0,0,0,94.75,214,0,0,0,0,19-DEC-2017,
OPTSTK,VOLTAS,28-Dec-2017,430,CE,0,0,0,86.85,204.05,0,0,0,0,19-DEC-2017,
OPTSTK,VOLTAS,28-Dec-2017,440,CE,0,0,0,79.35,194.05,0,0,0,0,19-DEC-2017,
OPTSTK,VOLTAS,28-Dec-2017,450,CE,0,0,0,72.2,184.05,0,0,0,0,19-DEC-2017,
OPTSTK,VOLTAS,28-Dec-2017,460,CE,0,0,0,65.4,174.1,0,0,0,0,19-DEC-2017,
OPTSTK,VOLTAS,28-Dec-2017,470,CE,0,0,0,168,164.1,0,0,1000,0,19-DEC-2017,
OPTSTK,VOLTAS,28-Dec-2017,480,CE,0,0,0,53.05,154.1,0,0,0,0,19-DEC-2017,
OPTSTK,VOLTAS,28-Dec-2017,490,CE,0,0,0,47.55,144.15,0,0,0,0,19-DEC-2017,
OPTSTK,VOLTAS,28-Dec-2017,500,CE,0,0,0,42.4,134.15,0,0,0,0,19-DEC-2017,
OPTSTK,VOLTAS,28-Dec-2017,510,CE,0,0,0,37.7,124.15,0,0,0,0,19-DEC-2017,
OPTSTK,VOLTAS,28-Dec-2017,520,CE,0,0,0,52.75,114.2,0,0,2000,0,19-DEC-2017,
OPTSTK,VOLTAS,28-Dec-2017,530,CE,0,0,0,29.5,104.2,0,0,0,0,19-DEC-2017,
OPTSTK,VOLTAS,28-Dec-2017,540,CE,0,0,0,25.95,94.25,0,0,0,0,19-DEC-2017,
OPTSTK,VOLTAS,28-Dec-2017,550,CE,0,0,0,85.25,84.3,0,0,5000,0,19-DEC-2017,
OPTSTK,VOLTAS,28-Dec-2017,560,CE,0,0,0,60.4,74.4,0,0,8000,0,19-DEC-2017,
OPTSTK,VOLTAS,28-Dec-2017,570,CE,65.55,65.55,65.55,65.55,65.55,1,6.35,4000,1000,19-DEC-2017,
OPTSTK,VOLTAS,28-Dec-2017,580,CE,55.2,55.2,55.2,55.2,55.2,1,6.35,16000,0,19-DEC-2017,
OPTSTK,VOLTAS,28-Dec-2017,590,CE,0,0,0,43.5,45.9,0,0,18000,0,19-DEC-2017,
OPTSTK,VOLTAS,28-Dec-2017,600,CE,39.1,39.1,39.1,39.1,39.1,2,12.78,48000,-2000,19-DEC-2017,
OPTSTK,VOLTAS,28-Dec-2017,610,CE,29.15,29.4,28.6,29,29,6,38.34,55000,1000,19-DEC-2017,
OPTSTK,VOLTAS,28-Dec-2017,620,CE,24.5,24.5,20,23.1,23.1,11,70.58,87000,-1000,19-DEC-2017,
OPTSTK,VOLTAS,28-Dec-2017,630,CE,16,18.1,14.2,15.6,15.6,312,2015.25,184000,19000,19-DEC-2017,
OPTSTK,VOLTAS,28-Dec-2017,640,CE,10.8,13,9.4,10.5,10.5,559,3640.42,266000,22000,19-DEC-2017,
OPTSTK,VOLTAS,28-Dec-2017,650,CE,7.15,8.95,6.2,7,7,327,2149.56,250000,52000,19-DEC-2017,
OPTSTK,VOLTAS,28-Dec-2017,660,CE,5.1,5.75,3.8,4.25,4.25,185,1229.63,166000,3000,19-DEC-2017,
OPTSTK,VOLTAS,28-Dec-2017,670,CE,3.25,3.8,2.3,2.7,2.7,51,343.22,94000,9000,19-DEC-2017,
OPTSTK,VOLTAS,28-Dec-2017,680,CE,2.2,2.4,1.5,1.7,1.7,72,490.94,92000,12000,19-DEC-2017,
OPTSTK,VOLTAS,28-Dec-2017,690,CE,1.35,1.45,0.9,1,1,92,635.75,99000,58000,19-DEC-2017,
OPTSTK,VOLTAS,28-Dec-2017,700,CE,0.9,0.95,0.55,0.65,0.65,69,483.49,134000,5000,19-DEC-2017,
OPTSTK,VOLTAS,28-Dec-2017,710,CE,0.45,0.5,0.45,0.5,0.5,13,92.36,17000,-13000,19-DEC-2017,
OPTSTK,VOLTAS,28-Dec-2017,720,CE,0.4,0.4,0.2,0.2,0.2,6,43.21,10000,-3000,19-DEC-2017,
OPTSTK,VOLTAS,28-Dec-2017,730,CE,0.2,0.2,0.2,0.2,0.2,1,7.3,10000,-1000,19-DEC-2017,
OPTSTK,VOLTAS,28-Dec-2017,740,CE,0,0,0,1.35,0.05,0,0,0,0,19-DEC-2017,
OPTSTK,VOLTAS,28-Dec-2017,750,CE,0,0,0,0.5,0.05,0,0,0,0,19-DEC-2017,
OPTSTK,VOLTAS,28-Dec-2017,320,PE,0,0,0,0.2,0,0,0,0,0,19-DEC-2017,
OPTSTK,VOLTAS,28-Dec-2017,330,PE,0,0,0,0.35,0,0,0,0,0,19-DEC-2017,
OPTSTK,VOLTAS,28-Dec-2017,340,PE,0,0,0,0.5,0,0,0,0,0,19-DEC-2017,
OPTSTK,VOLTAS,28-Dec-2017,350,PE,0,0,0,0.8,0,0,0,0,0,19-DEC-2017,
OPTSTK,VOLTAS,28-Dec-2017,360,PE,0,0,0,1.15,0,0,0,0,0,19-DEC-2017,
OPTSTK,VOLTAS,28-Dec-2017,370,PE,0,0,0,1.65,0,0,0,0,0,19-DEC-2017,
OPTSTK,VOLTAS,28-Dec-2017,380,PE,0,0,0,2.3,0,0,0,0,0,19-DEC-2017,
OPTSTK,VOLTAS,28-Dec-2017,390,PE,0,0,0,3.15,0,0,0,0,0,19-DEC-2017,
OPTSTK,VOLTAS,28-Dec-2017,400,PE,0,0,0,4.25,0,0,0,0,0,19-DEC-2017,
OPTSTK,VOLTAS,28-Dec-2017,410,PE,0,0,0,5.6,0,0,0,0,0,19-DEC-2017,
OPTSTK,VOLTAS,28-Dec-2017,420,PE,0,0,0,1.8,0,0,0,1000,0,19-DEC-2017,
OPTSTK,VOLTAS,28-Dec-2017,430,PE,0,0,0,9.2,0,0,0,0,0,19-DEC-2017,
OPTSTK,VOLTAS,28-Dec-2017,440,PE,0,0,0,11.5,0,0,0,0,0,19-DEC-2017,
OPTSTK,VOLTAS,28-Dec-2017,450,PE,0,0,0,14.2,0,0,0,0,0,19-DEC-2017,
OPTSTK,VOLTAS,28-Dec-2017,460,PE,0,0,0,17.25,0,0,0,0,0,19-DEC-2017,
OPTSTK,VOLTAS,28-Dec-2017,470,PE,0,0,0,20.7,0,0,0,0,0,19-DEC-2017,
OPTSTK,VOLTAS,28-Dec-2017,480,PE,0,0,0,24.6,0,0,0,0,0,19-DEC-2017,
OPTSTK,VOLTAS,28-Dec-2017,490,PE,0,0,0,28.9,0,0,0,0,0,19-DEC-2017,
OPTSTK,VOLTAS,28-Dec-2017,500,PE,0,0,0,0.3,0,0,0,14000,0,19-DEC-2017,
OPTSTK,VOLTAS,28-Dec-2017,510,PE,0,0,0,38.8,0,0,0,0,0,19-DEC-2017,
OPTSTK,VOLTAS,28-Dec-2017,520,PE,0.1,0.1,0.1,0.1,0.1,5,26,13000,-3000,19-DEC-2017,
OPTSTK,VOLTAS,28-Dec-2017,530,PE,0.75,0.75,0.3,0.3,0.3,3,15.91,31000,0,19-DEC-2017,
OPTSTK,VOLTAS,28-Dec-2017,540,PE,0.4,0.4,0.3,0.3,0.3,2,10.8,28000,0,19-DEC-2017,
OPTSTK,VOLTAS,28-Dec-2017,550,PE,0.4,0.4,0.25,0.3,0.3,10,55.03,68000,1000,19-DEC-2017,
OPTSTK,VOLTAS,28-Dec-2017,560,PE,0.55,0.55,0.25,0.3,0.3,20,112.08,73000,-5000,19-DEC-2017,
OPTSTK,VOLTAS,28-Dec-2017,570,PE,0.75,0.75,0.5,0.6,0.6,24,136.94,79000,-1000,19-DEC-2017,
OPTSTK,VOLTAS,28-Dec-2017,580,PE,1.35,1.4,0.8,0.95,0.95,27,156.88,87000,-2000,19-DEC-2017,
OPTSTK,VOLTAS,28-Dec-2017,590,PE,2.15,2.2,1.3,1.45,1.45,67,396.42,85000,15000,19-DEC-2017,
OPTSTK,VOLTAS,28-Dec-2017,600,PE,3.1,3.55,2.15,2.4,2.4,134,807.93,164000,-12000,19-DEC-2017,
OPTSTK,VOLTAS,28-Dec-2017,610,PE,5,5.25,3.75,4,4,48,294.92,106000,12000,19-DEC-2017,
OPTSTK,VOLTAS,28-Dec-2017,620,PE,8.55,8.75,5.8,6.3,6.3,130,814.92,120000,-2000,19-DEC-2017,
OPTSTK,VOLTAS,28-Dec-2017,630,PE,11.9,13.1,9,9.65,9.65,165,1057.04,110000,25000,19-DEC-2017,
OPTSTK,VOLTAS,28-Dec-2017,640,PE,16.55,16.55,14.05,15.85,15.85,14,91.72,37000,4000,19-DEC-2017,
OPTSTK,VOLTAS,28-Dec-2017,650,PE,22.8,22.8,19.15,19.15,19.15,3,20.14,19000,0,19-DEC-2017,
OPTSTK,VOLTAS,28-Dec-2017,660,PE,29.8,29.8,28.6,29,29,5,34.46,12000,1000,19-DEC-2017,
OPTSTK,VOLTAS,28-Dec-2017,670,PE,37.9,37.9,37.9,37.9,37.9,2,14.15,5000,1000,19-DEC-2017,
OPTSTK,VOLTAS,28-Dec-2017,680,PE,0,0,0,53.1,47.55,0,0,4000,0,19-DEC-2017,
OPTSTK,VOLTAS,28-Dec-2017,690,PE,56,56,56,56,56,2,14.92,2000,2000,19-DEC-2017,
OPTSTK,VOLTAS,28-Dec-2017,700,PE,0,0,0,190.35,66.2,0,0,0,0,19-DEC-2017,
OPTSTK,VOLTAS,28-Dec-2017,710,PE,0,0,0,195.1,75.9,0,0,0,0,19-DEC-2017,
OPTSTK,VOLTAS,28-Dec-2017,720,PE,0,0,0,74,85.7,0,0,1000,0,19-DEC-2017,
OPTSTK,VOLTAS,28-Dec-2017,730,PE,0,0,0,192.95,95.6,0,0,0,0,19-DEC-2017,
OPTSTK,VOLTAS,28-Dec-2017,740,PE,0,0,0,196.1,105.55,0,0,0,0,19-DEC-2017,
OPTSTK,VOLTAS,28-Dec-2017,750,PE,0,0,0,183,115.5,0,0,0,0,19-DEC-2017,
OPTSTK,VOLTAS,25-Jan-2018,330,CE,0,0,0,209.35,305.5,0,0,0,0,19-DEC-2017,
OPTSTK,VOLTAS,25-Jan-2018,340,CE,0,0,0,199.5,295.6,0,0,0,0,19-DEC-2017,
OPTSTK,VOLTAS,25-Jan-2018,350,CE,0,0,0,189.7,285.65,0,0,0,0,19-DEC-2017,
OPTSTK,VOLTAS,25-Jan-2018,360,CE,0,0,0,179.9,275.7,0,0,0,0,19-DEC-2017,
OPTSTK,VOLTAS,25-Jan-2018,370,CE,0,0,0,170.1,265.8,0,0,0,0,19-DEC-2017,
OPTSTK,VOLTAS,25-Jan-2018,380,CE,0,0,0,160.35,255.85,0,0,0,0,19-DEC-2017,
OPTSTK,VOLTAS,25-Jan-2018,390,CE,0,0,0,150.6,245.9,0,0,0,0,19-DEC-2017,
OPTSTK,VOLTAS,25-Jan-2018,400,CE,0,0,0,141,235.95,0,0,0,0,19-DEC-2017,
OPTSTK,VOLTAS,25-Jan-2018,410,CE,0,0,0,131.45,226.05,0,0,0,0,19-DEC-2017,
OPTSTK,VOLTAS,25-Jan-2018,420,CE,0,0,0,122.05,216.1,0,0,0,0,19-DEC-2017,
OPTSTK,VOLTAS,25-Jan-2018,430,CE,0,0,0,112.8,206.15,0,0,0,0,19-DEC-2017,
OPTSTK,VOLTAS,25-Jan-2018,440,CE,0,0,0,103.75,196.25,0,0,0,0,19-DEC-2017,
OPTSTK,VOLTAS,25-Jan-2018,450,CE,0,0,0,95,186.3,0,0,0,0,19-DEC-2017,
OPTSTK,VOLTAS,25-Jan-2018,460,CE,0,0,0,86.5,176.4,0,0,0,0,19-DEC-2017,
OPTSTK,VOLTAS,25-Jan-2018,470,CE,0,0,0,78.3,166.5,0,0,0,0,19-DEC-2017,
OPTSTK,VOLTAS,25-Jan-2018,480,CE,0,0,0,70.55,156.65,0,0,0,0,19-DEC-2017,
OPTSTK,VOLTAS,25-Jan-2018,490,CE,0,0,0,63.2,146.8,0,0,0,0,19-DEC-2017,
OPTSTK,VOLTAS,25-Jan-2018,500,CE,0,0,0,56.2,137,0,0,0,0,19-DEC-2017,
OPTSTK,VOLTAS,25-Jan-2018,510,CE,0,0,0,49.75,127.3,0,0,0,0,19-DEC-2017,
OPTSTK,VOLTAS,25-Jan-2018,520,CE,0,0,0,43.8,117.75,0,0,0,0,19-DEC-2017,
OPTSTK,VOLTAS,25-Jan-2018,530,CE,0,0,0,38.3,108.3,0,0,0,0,19-DEC-2017,
OPTSTK,VOLTAS,25-Jan-2018,540,CE,0,0,0,33.3,99.05,0,0,0,0,19-DEC-2017,
OPTSTK,VOLTAS,25-Jan-2018,550,CE,0,0,0,28.8,90.05,0,0,0,0,19-DEC-2017,
OPTSTK,VOLTAS,25-Jan-2018,560,CE,0,0,0,24.75,81.35,0,0,0,0,19-DEC-2017,
OPTSTK,VOLTAS,25-Jan-2018,570,CE,0,0,0,21.15,73,0,0,0,0,19-DEC-2017,
OPTSTK,VOLTAS,25-Jan-2018,580,CE,0,0,0,17.95,65.05,0,0,0,0,19-DEC-2017,
OPTSTK,VOLTAS,25-Jan-2018,590,CE,0,0,0,15.15,57.55,0,0,0,0,19-DEC-2017,
OPTSTK,VOLTAS,25-Jan-2018,600,CE,0,0,0,12.8,50.5,0,0,0,0,19-DEC-2017,
OPTSTK,VOLTAS,25-Jan-2018,610,CE,0,0,0,10.65,43.95,0,0,0,0,19-DEC-2017,
OPTSTK,VOLTAS,25-Jan-2018,620,CE,0,0,0,8.9,38,0,0,0,0,19-DEC-2017,
OPTSTK,VOLTAS,25-Jan-2018,630,CE,0,0,0,7.35,32.55,0,0,0,0,19-DEC-2017,
OPTSTK,VOLTAS,25-Jan-2018,640,CE,0,0,0,6.05,27.7,0,0,0,0,19-DEC-2017,
OPTSTK,VOLTAS,25-Jan-2018,650,CE,17.3,17.3,17.3,17.3,17.3,2,13.34,2000,2000,19-DEC-2017,
OPTSTK,VOLTAS,25-Jan-2018,660,CE,0,0,0,16.5,19.55,0,0,3000,0,19-DEC-2017,
OPTSTK,VOLTAS,25-Jan-2018,670,CE,0,0,0,11.7,16.2,0,0,2000,0,19-DEC-2017,
OPTSTK,VOLTAS,25-Jan-2018,680,CE,0,0,0,2.65,13.35,0,0,0,0,19-DEC-2017,
OPTSTK,VOLTAS,25-Jan-2018,690,CE,0,0,0,2.15,10.9,0,0,0,0,19-DEC-2017,
OPTSTK,VOLTAS,25-Jan-2018,700,CE,0,0,0,1.7,8.85,0,0,0,0,19-DEC-2017,
OPTSTK,VOLTAS,25-Jan-2018,710,CE,0,0,0,1.4,7.1,0,0,0,0,19-DEC-2017,
OPTSTK,VOLTAS,25-Jan-2018,720,CE,0,0,0,1.1,5.65,0,0,0,0,19-DEC-2017,
OPTSTK,VOLTAS,25-Jan-2018,730,CE,0,0,0,0.9,4.5,0,0,0,0,19-DEC-2017,
OPTSTK,VOLTAS,25-Jan-2018,740,CE,0,0,0,0.8,3.55,0,0,0,0,19-DEC-2017,
OPTSTK,VOLTAS,25-Jan-2018,750,CE,0,0,0,1.75,2.75,0,0,0,0,19-DEC-2017,
OPTSTK,VOLTAS,25-Jan-2018,330,PE,0,0,0,0.05,0,0,0,0,0,19-DEC-2017,
OPTSTK,VOLTAS,25-Jan-2018,340,PE,0,0,0,0.05,0,0,0,0,0,19-DEC-2017,
OPTSTK,VOLTAS,25-Jan-2018,350,PE,0,0,0,0.05,0,0,0,0,0,19-DEC-2017,
OPTSTK,VOLTAS,25-Jan-2018,360,PE,0,0,0,0.1,0,0,0,0,0,19-DEC-2017,
OPTSTK,VOLTAS,25-Jan-2018,370,PE,0,0,0,0.15,0,0,0,0,0,19-DEC-2017,
OPTSTK,VOLTAS,25-Jan-2018,380,PE,0,0,0,0.2,0,0,0,0,0,19-DEC-2017,
OPTSTK,VOLTAS,25-Jan-2018,390,PE,0,0,0,0.35,0,0,0,0,0,19-DEC-2017,
OPTSTK,VOLTAS,25-Jan-2018,400,PE,0,0,0,0.55,0,0,0,0,0,19-DEC-2017,
OPTSTK,VOLTAS,25-Jan-2018,410,PE,0,0,0,0.85,0,0,0,0,0,19-DEC-2017,
OPTSTK,VOLTAS,25-Jan-2018,420,PE,0,0,0,1.3,0,0,0,0,0,19-DEC-2017,
OPTSTK,VOLTAS,25-Jan-2018,430,PE,0,0,0,1.9,0,0,0,0,0,19-DEC-2017,
OPTSTK,VOLTAS,25-Jan-2018,440,PE,0,0,0,2.7,0.05,0,0,0,0,19-DEC-2017,
OPTSTK,VOLTAS,25-Jan-2018,450,PE,0,0,0,3.75,0.05,0,0,0,0,19-DEC-2017,
OPTSTK,VOLTAS,25-Jan-2018,460,PE,0,0,0,5.1,0.05,0,0,0,0,19-DEC-2017,
OPTSTK,VOLTAS,25-Jan-2018,470,PE,0,0,0,6.8,0.1,0,0,0,0,19-DEC-2017,
OPTSTK,VOLTAS,25-Jan-2018,480,PE,0,0,0,8.85,0.15,0,0,0,0,19-DEC-2017,
OPTSTK,VOLTAS,25-Jan-2018,490,PE,0,0,0,11.35,0.25,0,0,0,0,19-DEC-2017,
OPTSTK,VOLTAS,25-Jan-2018,500,PE,0,0,0,14.25,0.4,0,0,0,0,19-DEC-2017,
OPTSTK,VOLTAS,25-Jan-2018,510,PE,0,0,0,17.6,0.65,0,0,0,0,19-DEC-2017,
OPTSTK,VOLTAS,25-Jan-2018,520,PE,0,0,0,21.5,1,0,0,0,0,19-DEC-2017,
OPTSTK,VOLTAS,25-Jan-2018,530,PE,0,0,0,25.85,1.5,0,0,0,0,19-DEC-2017,
OPTSTK,VOLTAS,25-Jan-2018,540,PE,0,0,0,30.7,2.2,0,0,0,0,19-DEC-2017,
OPTSTK,VOLTAS,25-Jan-2018,550,PE,0,0,0,36,3.15,0,0,0,0,19-DEC-2017,
OPTSTK,VOLTAS,25-Jan-2018,560,PE,0,0,0,7,4.35,0,0,1000,0,19-DEC-2017,
OPTSTK,VOLTAS,25-Jan-2018,570,PE,0,0,0,48.05,5.95,0,0,0,0,19-DEC-2017,
OPTSTK,VOLTAS,25-Jan-2018,580,PE,0,0,0,54.7,7.9,0,0,0,0,19-DEC-2017,
OPTSTK,VOLTAS,25-Jan-2018,590,PE,0,0,0,61.75,10.35,0,0,0,0,19-DEC-2017,
OPTSTK,VOLTAS,25-Jan-2018,600,PE,0,0,0,16.2,13.25,0,0,15000,0,19-DEC-2017,
OPTSTK,VOLTAS,25-Jan-2018,610,PE,0,0,0,76.95,16.65,0,0,0,0,19-DEC-2017,
OPTSTK,VOLTAS,25-Jan-2018,620,PE,16.45,16.45,16.45,16.45,16.45,1,6.36,1000,1000,19-DEC-2017,
OPTSTK,VOLTAS,25-Jan-2018,630,PE,20.9,20.9,20.9,20.9,20.9,2,13.01,7000,2000,19-DEC-2017,
OPTSTK,VOLTAS,25-Jan-2018,640,PE,25.9,25.9,25.05,25.05,25.05,3,19.96,3000,3000,19-DEC-2017,
OPTSTK,VOLTAS,25-Jan-2018,650,PE,0,0,0,110.6,35.75,0,0,0,0,19-DEC-2017,
OPTSTK,VOLTAS,25-Jan-2018,660,PE,0,0,0,49.45,41.9,0,0,1000,0,19-DEC-2017,
OPTSTK,VOLTAS,25-Jan-2018,670,PE,0,0,0,128.65,48.5,0,0,0,0,19-DEC-2017,
OPTSTK,VOLTAS,25-Jan-2018,680,PE,0,0,0,137.85,55.55,0,0,0,0,19-DEC-2017,
OPTSTK,VOLTAS,25-Jan-2018,690,PE,0,0,0,147.2,63.1,0,0,0,0,19-DEC-2017,
OPTSTK,VOLTAS,25-Jan-2018,700,PE,0,0,0,156.6,70.95,0,0,0,0,19-DEC-2017,
OPTSTK,VOLTAS,25-Jan-2018,710,PE,0,0,0,166.1,79.15,0,0,0,0,19-DEC-2017,
OPTSTK,VOLTAS,25-Jan-2018,720,PE,0,0,0,175.65,87.65,0,0,0,0,19-DEC-2017,
OPTSTK,VOLTAS,25-Jan-2018,730,PE,0,0,0,185.3,96.4,0,0,0,0,19-DEC-2017,
OPTSTK,VOLTAS,25-Jan-2018,740,PE,0,0,0,187.15,105.35,0,0,0,0,19-DEC-2017,
OPTSTK,VOLTAS,25-Jan-2018,750,PE,0,0,0,180.65,114.55,0,0,0,0,19-DEC-2017,
OPTSTK,VOLTAS,22-Feb-2018,440,CE,0,0,0,203.75,198.55,0,0,0,0,19-DEC-2017,
OPTSTK,VOLTAS,22-Feb-2018,450,CE,0,0,0,194.15,188.75,0,0,0,0,19-DEC-2017,
OPTSTK,VOLTAS,22-Feb-2018,460,CE,0,0,0,184.7,179.05,0,0,0,0,19-DEC-2017,
OPTSTK,VOLTAS,22-Feb-2018,470,CE,0,0,0,175.3,169.35,0,0,0,0,19-DEC-2017,
OPTSTK,VOLTAS,22-Feb-2018,480,CE,0,0,0,166.05,159.75,0,0,0,0,19-DEC-2017,
OPTSTK,VOLTAS,22-Feb-2018,490,CE,0,0,0,156.9,150.25,0,0,0,0,19-DEC-2017,
OPTSTK,VOLTAS,22-Feb-2018,500,CE,0,0,0,147.95,140.85,0,0,0,0,19-DEC-2017,
OPTSTK,VOLTAS,22-Feb-2018,510,CE,0,0,0,139.2,131.65,0,0,0,0,19-DEC-2017,
OPTSTK,VOLTAS,22-Feb-2018,520,CE,0,0,0,130.65,122.6,0,0,0,0,19-DEC-2017,
OPTSTK,VOLTAS,22-Feb-2018,530,CE,0,0,0,122.3,113.8,0,0,0,0,19-DEC-2017,
OPTSTK,VOLTAS,22-Feb-2018,540,CE,0,0,0,114.2,105.25,0,0,0,0,19-DEC-2017,
OPTSTK,VOLTAS,22-Feb-2018,550,CE,0,0,0,106.4,96.95,0,0,0,0,19-DEC-2017,
OPTSTK,VOLTAS,22-Feb-2018,560,CE,0,0,0,98.85,88.95,0,0,0,0,19-DEC-2017,
OPTSTK,VOLTAS,22-Feb-2018,570,CE,0,0,0,91.65,81.3,0,0,0,0,19-DEC-2017,
OPTSTK,VOLTAS,22-Feb-2018,580,CE,0,0,0,84.7,74,0,0,0,0,19-DEC-2017,
OPTSTK,VOLTAS,22-Feb-2018,590,CE,0,0,0,78.1,67.05,0,0,0,0,19-DEC-2017,
OPTSTK,VOLTAS,22-Feb-2018,600,CE,0,0,0,71.8,60.5,0,0,0,0,19-DEC-2017,
OPTSTK,VOLTAS,22-Feb-2018,610,CE,0,0,0,65.9,54.4,0,0,0,0,19-DEC-2017,
OPTSTK,VOLTAS,22-Feb-2018,620,CE,0,0,0,60.3,48.7,0,0,0,0,19-DEC-2017,
OPTSTK,VOLTAS,22-Feb-2018,630,CE,0,0,0,55.05,43.4,0,0,0,0,19-DEC-2017,
OPTSTK,VOLTAS,22-Feb-2018,640,CE,0,0,0,50.1,38.5,0,0,0,0,19-DEC-2017,
OPTSTK,VOLTAS,22-Feb-2018,650,CE,0,0,0,45.5,34.05,0,0,0,0,19-DEC-2017,
OPTSTK,VOLTAS,22-Feb-2018,660,CE,0,0,0,41.25,30,0,0,0,0,19-DEC-2017,
OPTSTK,VOLTAS,22-Feb-2018,670,CE,0,0,0,37.3,26.3,0,0,0,0,19-DEC-2017,
OPTSTK,VOLTAS,22-Feb-2018,680,CE,0,0,0,33.6,22.95,0,0,0,0,19-DEC-2017,
OPTSTK,VOLTAS,22-Feb-2018,690,CE,0,0,0,30.25,19.95,0,0,0,0,19-DEC-2017,
OPTSTK,VOLTAS,22-Feb-2018,700,CE,0,0,0,27.15,17.3,0,0,0,0,19-DEC-2017,
OPTSTK,VOLTAS,22-Feb-2018,710,CE,0,0,0,24.35,14.95,0,0,0,0,19-DEC-2017,
OPTSTK,VOLTAS,22-Feb-2018,720,CE,0,0,0,21.8,12.85,0,0,0,0,19-DEC-2017,
OPTSTK,VOLTAS,22-Feb-2018,730,CE,0,0,0,19.45,11,0,0,0,0,19-DEC-2017,
OPTSTK,VOLTAS,22-Feb-2018,740,CE,0,0,0,17.3,9.4,0,0,0,0,19-DEC-2017,
OPTSTK,VOLTAS,22-Feb-2018,750,CE,0,0,0,15.35,8,0,0,0,0,19-DEC-2017,
OPTSTK,VOLTAS,22-Feb-2018,440,PE,0,0,0,0.75,0.2,0,0,0,0,19-DEC-2017,
OPTSTK,VOLTAS,22-Feb-2018,450,PE,0,0,0,1,0.3,0,0,0,0,19-DEC-2017,
OPTSTK,VOLTAS,22-Feb-2018,460,PE,0,0,0,1.4,0.45,0,0,0,0,19-DEC-2017,
OPTSTK,VOLTAS,22-Feb-2018,470,PE,0,0,0,1.85,0.65,0,0,0,0,19-DEC-2017,
OPTSTK,VOLTAS,22-Feb-2018,480,PE,0,0,0,2.45,0.9,0,0,0,0,19-DEC-2017,
OPTSTK,VOLTAS,22-Feb-2018,490,PE,0,0,0,3.2,1.3,0,0,0,0,19-DEC-2017,
OPTSTK,VOLTAS,22-Feb-2018,500,PE,0,0,0,4.1,1.8,0,0,0,0,19-DEC-2017,
OPTSTK,VOLTAS,22-Feb-2018,510,PE,0,0,0,5.15,2.5,0,0,0,0,19-DEC-2017,
OPTSTK,VOLTAS,22-Feb-2018,520,PE,0,0,0,6.45,3.35,0,0,0,0,19-DEC-2017,
OPTSTK,VOLTAS,22-Feb-2018,530,PE,0,0,0,8,4.4,0,0,0,0,19-DEC-2017,
OPTSTK,VOLTAS,22-Feb-2018,540,PE,0,0,0,9.75,5.7,0,0,0,0,19-DEC-2017,
OPTSTK,VOLTAS,22-Feb-2018,550,PE,0,0,0,11.8,7.3,0,0,0,0,19-DEC-2017,
OPTSTK,VOLTAS,22-Feb-2018,560,PE,0,0,0,14.1,9.2,0,0,0,0,19-DEC-2017,
OPTSTK,VOLTAS,22-Feb-2018,570,PE,0,0,0,16.75,11.45,0,0,0,0,19-DEC-2017,
OPTSTK,VOLTAS,22-Feb-2018,580,PE,0,0,0,19.65,14.05,0,0,0,0,19-DEC-2017,
OPTSTK,VOLTAS,22-Feb-2018,590,PE,0,0,0,22.9,16.95,0,0,0,0,19-DEC-2017,
OPTSTK,VOLTAS,22-Feb-2018,600,PE,0,0,0,26.45,20.3,0,0,0,0,19-DEC-2017,
OPTSTK,VOLTAS,22-Feb-2018,610,PE,0,0,0,30.4,24.1,0,0,0,0,19-DEC-2017,
OPTSTK,VOLTAS,22-Feb-2018,620,PE,0,0,0,34.65,28.25,0,0,0,0,19-DEC-2017,
OPTSTK,VOLTAS,22-Feb-2018,630,PE,0,0,0,39.25,32.85,0,0,0,0,19-DEC-2017,
OPTSTK,VOLTAS,22-Feb-2018,640,PE,0,0,0,44.2,37.85,0,0,0,0,19-DEC-2017,
OPTSTK,VOLTAS,22-Feb-2018,650,PE,0,0,0,49.45,43.3,0,0,0,0,19-DEC-2017,
OPTSTK,VOLTAS,22-Feb-2018,660,PE,0,0,0,55,49.1,0,0,0,0,19-DEC-2017,
OPTSTK,VOLTAS,22-Feb-2018,670,PE,0,0,0,60.9,55.3,0,0,0,0,19-DEC-2017,
OPTSTK,VOLTAS,22-Feb-2018,680,PE,0,0,0,67.1,61.85,0,0,0,0,19-DEC-2017,
OPTSTK,VOLTAS,22-Feb-2018,690,PE,0,0,0,73.6,68.75,0,0,0,0,19-DEC-2017,
OPTSTK,VOLTAS,22-Feb-2018,700,PE,0,0,0,80.35,75.95,0,0,0,0,19-DEC-2017,
OPTSTK,VOLTAS,22-Feb-2018,710,PE,0,0,0,87.4,83.5,0,0,0,0,19-DEC-2017,
OPTSTK,VOLTAS,22-Feb-2018,720,PE,0,0,0,94.7,91.3,0,0,0,0,19-DEC-2017,
OPTSTK,VOLTAS,22-Feb-2018,730,PE,0,0,0,102.2,99.35,0,0,0,0,19-DEC-2017,
OPTSTK,VOLTAS,22-Feb-2018,740,PE,0,0,0,109.95,107.6,0,0,0,0,19-DEC-2017,
OPTSTK,VOLTAS,22-Feb-2018,750,PE,0,0,0,117.85,116.1,0,0,0,0,19-DEC-2017,
OPTSTK,WIPRO,28-Dec-2017,200,CE,0,0,0,89.05,92.75,0,0,0,0,19-DEC-2017,
OPTSTK,WIPRO,28-Dec-2017,205,CE,0,0,0,84.1,87.75,0,0,0,0,19-DEC-2017,
OPTSTK,WIPRO,28-Dec-2017,210,CE,0,0,0,79.2,82.75,0,0,0,0,19-DEC-2017,
OPTSTK,WIPRO,28-Dec-2017,215,CE,0,0,0,74.3,77.75,0,0,0,0,19-DEC-2017,
OPTSTK,WIPRO,28-Dec-2017,220,CE,0,0,0,69.4,72.75,0,0,0,0,19-DEC-2017,
OPTSTK,WIPRO,28-Dec-2017,225,CE,0,0,0,64.55,67.75,0,0,0,0,19-DEC-2017,
OPTSTK,WIPRO,28-Dec-2017,230,CE,0,0,0,59.7,62.8,0,0,0,0,19-DEC-2017,
OPTSTK,WIPRO,28-Dec-2017,235,CE,0,0,0,58,57.8,0,0,2400,0,19-DEC-2017,
OPTSTK,WIPRO,28-Dec-2017,240,CE,0,0,0,50.2,52.8,0,0,0,0,19-DEC-2017,
OPTSTK,WIPRO,28-Dec-2017,245,CE,0,0,0,45.55,47.8,0,0,0,0,19-DEC-2017,
OPTSTK,WIPRO,28-Dec-2017,250,CE,0,0,0,41.05,42.8,0,0,0,0,19-DEC-2017,
OPTSTK,WIPRO,28-Dec-2017,255,CE,0,0,0,39,37.8,0,0,2400,0,19-DEC-2017,
OPTSTK,WIPRO,28-Dec-2017,260,CE,0,0,0,32.55,32.8,0,0,0,0,19-DEC-2017,
OPTSTK,WIPRO,28-Dec-2017,265,CE,0,0,0,19.75,27.85,0,0,4800,0,19-DEC-2017,
OPTSTK,WIPRO,28-Dec-2017,270,CE,0,0,0,13.5,22.85,0,0,9600,0,19-DEC-2017,
OPTSTK,WIPRO,28-Dec-2017,275,CE,17,17,17,17,17,1,7,38400,0,19-DEC-2017,
OPTSTK,WIPRO,28-Dec-2017,280,CE,12.65,12.65,12.5,12.5,12.5,2,14.04,62400,-2400,19-DEC-2017,
OPTSTK,WIPRO,28-Dec-2017,285,CE,8.25,9.45,4.75,5.4,5.4,50,349.48,103200,-9600,19-DEC-2017,
OPTSTK,WIPRO,28-Dec-2017,290,CE,5.15,6,2.85,3.45,3.45,308,2173.7,446400,72000,19-DEC-2017,
OPTSTK,WIPRO,28-Dec-2017,295,CE,3.6,3.85,1.85,2.2,2.2,189,1349.34,396000,93600,19-DEC-2017,
OPTSTK,WIPRO,28-Dec-2017,300,CE,2.45,2.5,1.3,1.55,1.55,366,2650.39,1183200,204000,19-DEC-2017,
OPTSTK,WIPRO,28-Dec-2017,305,CE,1.6,1.6,0.85,1,1,39,286.46,232800,14400,19-DEC-2017,
OPTSTK,WIPRO,28-Dec-2017,310,CE,1,1.05,0.6,0.65,0.65,57,425.03,602400,16800,19-DEC-2017,
OPTSTK,WIPRO,28-Dec-2017,315,CE,0.55,0.55,0.45,0.5,0.5,24,181.73,103200,4800,19-DEC-2017,
OPTSTK,WIPRO,28-Dec-2017,320,CE,0.5,0.5,0.35,0.4,0.4,66,507.52,873600,33600,19-DEC-2017,
OPTSTK,WIPRO,28-Dec-2017,325,CE,0.3,0.3,0.3,0.3,0.3,7,54.65,55200,-2400,19-DEC-2017,
OPTSTK,WIPRO,28-Dec-2017,330,CE,0.2,0.25,0.2,0.2,0.2,4,31.7,81600,2400,19-DEC-2017,
OPTSTK,WIPRO,28-Dec-2017,335,CE,0,0,0,1.65,0,0,0,0,0,19-DEC-2017,
OPTSTK,WIPRO,28-Dec-2017,340,CE,0.5,0.5,0.5,0.5,0.5,1,8.17,2400,2400,19-DEC-2017,
OPTSTK,WIPRO,28-Dec-2017,345,CE,0,0,0,0.95,0,0,0,0,0,19-DEC-2017,
OPTSTK,WIPRO,28-Dec-2017,350,CE,0,0,0,0.7,0,0,0,0,0,19-DEC-2017,
OPTSTK,WIPRO,28-Dec-2017,355,CE,0,0,0,0.55,0,0,0,0,0,19-DEC-2017,
OPTSTK,WIPRO,28-Dec-2017,200,PE,0,0,0,0.05,0,0,0,0,0,19-DEC-2017,
OPTSTK,WIPRO,28-Dec-2017,205,PE,0,0,0,0.05,0,0,0,0,0,19-DEC-2017,
OPTSTK,WIPRO,28-Dec-2017,210,PE,0,0,0,0.05,0,0,0,0,0,19-DEC-2017,
OPTSTK,WIPRO,28-Dec-2017,215,PE,0,0,0,0.05,0,0,0,0,0,19-DEC-2017,
OPTSTK,WIPRO,28-Dec-2017,220,PE,0,0,0,0.1,0,0,0,0,0,19-DEC-2017,
OPTSTK,WIPRO,28-Dec-2017,225,PE,0,0,0,0.15,0,0,0,0,0,19-DEC-2017,
OPTSTK,WIPRO,28-Dec-2017,230,PE,0,0,0,0.2,0,0,0,0,0,19-DEC-2017,
OPTSTK,WIPRO,28-Dec-2017,235,PE,0,0,0,0.35,0,0,0,0,0,19-DEC-2017,
OPTSTK,WIPRO,28-Dec-2017,240,PE,0,0,0,0.2,0,0,0,7200,0,19-DEC-2017,
OPTSTK,WIPRO,28-Dec-2017,245,PE,0,0,0,0.85,0,0,0,0,0,19-DEC-2017,
OPTSTK,WIPRO,28-Dec-2017,250,PE,0.05,0.05,0.05,0.05,0.05,4,24,9600,9600,19-DEC-2017,
OPTSTK,WIPRO,28-Dec-2017,255,PE,0,0,0,1.85,0,0,0,0,0,19-DEC-2017,
OPTSTK,WIPRO,28-Dec-2017,260,PE,0,0,0,0.2,0,0,0,194400,0,19-DEC-2017,
OPTSTK,WIPRO,28-Dec-2017,265,PE,0.3,0.3,0.3,0.3,0.3,3,19.1,105600,-7200,19-DEC-2017,
OPTSTK,WIPRO,28-Dec-2017,270,PE,0.45,0.45,0.35,0.35,0.35,41,266.04,122400,2400,19-DEC-2017,
OPTSTK,WIPRO,28-Dec-2017,275,PE,0.65,0.7,0.55,0.55,0.55,23,152.12,124800,26400,19-DEC-2017,
OPTSTK,WIPRO,28-Dec-2017,280,PE,1,1.45,1,1.35,1.35,61,411.63,417600,19200,19-DEC-2017,
OPTSTK,WIPRO,28-Dec-2017,285,PE,1.95,3.45,1.95,2.9,2.9,92,634.98,172800,-12000,19-DEC-2017,
OPTSTK,WIPRO,28-Dec-2017,290,PE,4.1,6.35,3.5,5.45,5.45,64,453,256800,14400,19-DEC-2017,
OPTSTK,WIPRO,28-Dec-2017,295,PE,7.2,9.5,7.2,8.9,8.9,10,72.88,45600,16800,19-DEC-2017,
OPTSTK,WIPRO,28-Dec-2017,300,PE,12.9,12.9,12.9,12.9,12.9,1,7.5,67200,2400,19-DEC-2017,
OPTSTK,WIPRO,28-Dec-2017,305,PE,0,0,0,16.3,12.65,0,0,4800,0,19-DEC-2017,
OPTSTK,WIPRO,28-Dec-2017,310,PE,0,0,0,25,17.3,0,0,0,0,19-DEC-2017,
OPTSTK,WIPRO,28-Dec-2017,315,PE,0,0,0,28.75,22.2,0,0,0,0,19-DEC-2017,
OPTSTK,WIPRO,28-Dec-2017,320,PE,0,0,0,32.7,27.15,0,0,0,0,19-DEC-2017,
OPTSTK,WIPRO,28-Dec-2017,325,PE,0,0,0,36.85,32.1,0,0,0,0,19-DEC-2017,
OPTSTK,WIPRO,28-Dec-2017,330,PE,0,0,0,41.15,37.1,0,0,0,0,19-DEC-2017,
OPTSTK,WIPRO,28-Dec-2017,335,PE,0,0,0,45.55,42.1,0,0,0,0,19-DEC-2017,
OPTSTK,WIPRO,28-Dec-2017,340,PE,0,0,0,50.05,47.1,0,0,0,0,19-DEC-2017,
OPTSTK,WIPRO,28-Dec-2017,345,PE,0,0,0,54.7,52.1,0,0,0,0,19-DEC-2017,
OPTSTK,WIPRO,28-Dec-2017,350,PE,0,0,0,59.35,57.1,0,0,0,0,19-DEC-2017,
OPTSTK,WIPRO,28-Dec-2017,355,PE,0,0,0,64.1,62.05,0,0,0,0,19-DEC-2017,
OPTSTK,WIPRO,25-Jan-2018,200,CE,0,0,0,105.45,93.7,0,0,0,0,19-DEC-2017,
OPTSTK,WIPRO,25-Jan-2018,205,CE,0,0,0,100.55,88.75,0,0,0,0,19-DEC-2017,
OPTSTK,WIPRO,25-Jan-2018,210,CE,0,0,0,95.6,83.8,0,0,0,0,19-DEC-2017,
OPTSTK,WIPRO,25-Jan-2018,215,CE,0,0,0,90.7,78.8,0,0,0,0,19-DEC-2017,
OPTSTK,WIPRO,25-Jan-2018,220,CE,0,0,0,85.75,73.85,0,0,0,0,19-DEC-2017,
OPTSTK,WIPRO,25-Jan-2018,225,CE,0,0,0,80.85,68.9,0,0,0,0,19-DEC-2017,
OPTSTK,WIPRO,25-Jan-2018,230,CE,0,0,0,75.95,63.9,0,0,0,0,19-DEC-2017,
OPTSTK,WIPRO,25-Jan-2018,235,CE,0,0,0,71.05,58.95,0,0,0,0,19-DEC-2017,
OPTSTK,WIPRO,25-Jan-2018,240,CE,0,0,0,66.15,54,0,0,0,0,19-DEC-2017,
OPTSTK,WIPRO,25-Jan-2018,245,CE,0,0,0,61.25,49.05,0,0,0,0,19-DEC-2017,
OPTSTK,WIPRO,25-Jan-2018,250,CE,0,0,0,56.45,44.1,0,0,0,0,19-DEC-2017,
OPTSTK,WIPRO,25-Jan-2018,255,CE,0,0,0,51.65,39.2,0,0,0,0,19-DEC-2017,
OPTSTK,WIPRO,25-Jan-2018,260,CE,0,0,0,46.95,34.35,0,0,0,0,19-DEC-2017,
OPTSTK,WIPRO,25-Jan-2018,265,CE,0,0,0,42.35,29.6,0,0,0,0,19-DEC-2017,
OPTSTK,WIPRO,25-Jan-2018,270,CE,0,0,0,37.85,25.05,0,0,0,0,19-DEC-2017,
OPTSTK,WIPRO,25-Jan-2018,275,CE,17.2,17.2,17.2,17.2,17.2,2,14.02,4800,4800,19-DEC-2017,
OPTSTK,WIPRO,25-Jan-2018,280,CE,15.6,15.6,10.85,13.65,13.65,4,28.17,7200,7200,19-DEC-2017,
OPTSTK,WIPRO,25-Jan-2018,285,CE,0,0,0,25.6,13.15,0,0,0,0,19-DEC-2017,
OPTSTK,WIPRO,25-Jan-2018,290,CE,0,0,0,9,10.05,0,0,7200,0,19-DEC-2017,
OPTSTK,WIPRO,25-Jan-2018,295,CE,5.95,5.95,5.95,5.95,5.95,1,7.22,2400,2400,19-DEC-2017,
OPTSTK,WIPRO,25-Jan-2018,300,CE,0,0,0,4,5.35,0,0,2400,0,19-DEC-2017,
OPTSTK,WIPRO,25-Jan-2018,305,CE,0,0,0,13.05,3.7,0,0,0,0,19-DEC-2017,
OPTSTK,WIPRO,25-Jan-2018,310,CE,4,4,2,2,2,2,15.02,16800,4800,19-DEC-2017,
OPTSTK,WIPRO,25-Jan-2018,315,CE,0,0,0,8.7,1.65,0,0,0,0,19-DEC-2017,
OPTSTK,WIPRO,25-Jan-2018,320,CE,1.5,1.5,1.5,1.5,1.5,1,7.71,2400,0,19-DEC-2017,
OPTSTK,WIPRO,25-Jan-2018,325,CE,0,0,0,5.55,0.65,0,0,0,0,19-DEC-2017,
OPTSTK,WIPRO,25-Jan-2018,330,CE,0,0,0,4.35,0.4,0,0,0,0,19-DEC-2017,
OPTSTK,WIPRO,25-Jan-2018,335,CE,0,0,0,3.35,0.2,0,0,0,0,19-DEC-2017,
OPTSTK,WIPRO,25-Jan-2018,340,CE,0,0,0,2.55,0.15,0,0,0,0,19-DEC-2017,
OPTSTK,WIPRO,25-Jan-2018,345,CE,0,0,0,1.95,0.1,0,0,0,0,19-DEC-2017,
OPTSTK,WIPRO,25-Jan-2018,350,CE,0,0,0,1.45,0.05,0,0,0,0,19-DEC-2017,
OPTSTK,WIPRO,25-Jan-2018,355,CE,0,0,0,1.1,0.05,0,0,0,0,19-DEC-2017,
OPTSTK,WIPRO,25-Jan-2018,200,PE,0,0,0,0.05,0,0,0,0,0,19-DEC-2017,
OPTSTK,WIPRO,25-Jan-2018,205,PE,0,0,0,0.05,0,0,0,0,0,19-DEC-2017,
OPTSTK,WIPRO,25-Jan-2018,210,PE,0,0,0,0.05,0,0,0,0,0,19-DEC-2017,
OPTSTK,WIPRO,25-Jan-2018,215,PE,0,0,0,0.05,0,0,0,0,0,19-DEC-2017,
OPTSTK,WIPRO,25-Jan-2018,220,PE,0,0,0,0.05,0,0,0,0,0,19-DEC-2017,
OPTSTK,WIPRO,25-Jan-2018,225,PE,0,0,0,0.05,0,0,0,0,0,19-DEC-2017,
OPTSTK,WIPRO,25-Jan-2018,230,PE,0,0,0,0.05,0,0,0,0,0,19-DEC-2017,
OPTSTK,WIPRO,25-Jan-2018,235,PE,0,0,0,0.05,0,0,0,0,0,19-DEC-2017,
OPTSTK,WIPRO,25-Jan-2018,240,PE,0,0,0,0.1,0.05,0,0,0,0,19-DEC-2017,
OPTSTK,WIPRO,25-Jan-2018,245,PE,0,0,0,0.15,0.05,0,0,0,0,19-DEC-2017,
OPTSTK,WIPRO,25-Jan-2018,250,PE,0,0,0,0.2,0.05,0,0,0,0,19-DEC-2017,
OPTSTK,WIPRO,25-Jan-2018,255,PE,0,0,0,0.35,0.1,0,0,0,0,19-DEC-2017,
OPTSTK,WIPRO,25-Jan-2018,260,PE,0,0,0,0.55,0.25,0,0,0,0,19-DEC-2017,
OPTSTK,WIPRO,25-Jan-2018,265,PE,0,0,0,0.9,0.5,0,0,0,0,19-DEC-2017,
OPTSTK,WIPRO,25-Jan-2018,270,PE,0,0,0,3,0.9,0,0,2400,0,19-DEC-2017,
OPTSTK,WIPRO,25-Jan-2018,275,PE,0,0,0,1.95,1.55,0,0,0,0,19-DEC-2017,
OPTSTK,WIPRO,25-Jan-2018,280,PE,0,0,0,2.75,2.5,0,0,0,0,19-DEC-2017,
OPTSTK,WIPRO,25-Jan-2018,285,PE,0,0,0,9.05,3.9,0,0,7200,0,19-DEC-2017,
OPTSTK,WIPRO,25-Jan-2018,290,PE,9.8,9.8,9.8,9.8,9.8,1,7.19,2400,2400,19-DEC-2017,
OPTSTK,WIPRO,25-Jan-2018,295,PE,0,0,0,6.8,8.15,0,0,0,0,19-DEC-2017,
OPTSTK,WIPRO,25-Jan-2018,300,PE,0,0,0,8.75,11,0,0,0,0,19-DEC-2017,
OPTSTK,WIPRO,25-Jan-2018,305,PE,0,0,0,11,14.35,0,0,0,0,19-DEC-2017,
OPTSTK,WIPRO,25-Jan-2018,310,PE,0,0,0,13.55,18.1,0,0,0,0,19-DEC-2017,
OPTSTK,WIPRO,25-Jan-2018,315,PE,0,0,0,16.45,22.2,0,0,0,0,19-DEC-2017,
OPTSTK,WIPRO,25-Jan-2018,320,PE,0,0,0,19.65,26.55,0,0,0,0,19-DEC-2017,
OPTSTK,WIPRO,25-Jan-2018,325,PE,0,0,0,23.15,31.1,0,0,0,0,19-DEC-2017,
OPTSTK,WIPRO,25-Jan-2018,330,PE,0,0,0,26.85,35.85,0,0,0,0,19-DEC-2017,
OPTSTK,WIPRO,25-Jan-2018,335,PE,0,0,0,30.8,40.65,0,0,0,0,19-DEC-2017,
OPTSTK,WIPRO,25-Jan-2018,340,PE,0,0,0,34.95,45.5,0,0,0,0,19-DEC-2017,
OPTSTK,WIPRO,25-Jan-2018,345,PE,0,0,0,39.25,50.45,0,0,0,0,19-DEC-2017,
OPTSTK,WIPRO,25-Jan-2018,350,PE,0,0,0,43.65,55.35,0,0,0,0,19-DEC-2017,
OPTSTK,WIPRO,25-Jan-2018,355,PE,0,0,0,48.2,60.35,0,0,0,0,19-DEC-2017,
OPTSTK,WIPRO,22-Feb-2018,200,CE,0,0,0,94.85,94.7,0,0,0,0,19-DEC-2017,
OPTSTK,WIPRO,22-Feb-2018,205,CE,0,0,0,89.9,89.75,0,0,0,0,19-DEC-2017,
OPTSTK,WIPRO,22-Feb-2018,210,CE,0,0,0,85,84.8,0,0,0,0,19-DEC-2017,
OPTSTK,WIPRO,22-Feb-2018,215,CE,0,0,0,80.05,79.85,0,0,0,0,19-DEC-2017,
OPTSTK,WIPRO,22-Feb-2018,220,CE,0,0,0,75.15,74.95,0,0,0,0,19-DEC-2017,
OPTSTK,WIPRO,22-Feb-2018,225,CE,0,0,0,70.2,70,0,0,0,0,19-DEC-2017,
OPTSTK,WIPRO,22-Feb-2018,230,CE,0,0,0,65.3,65.05,0,0,0,0,19-DEC-2017,
OPTSTK,WIPRO,22-Feb-2018,235,CE,0,0,0,60.35,60.15,0,0,0,0,19-DEC-2017,
OPTSTK,WIPRO,22-Feb-2018,240,CE,0,0,0,55.5,55.25,0,0,0,0,19-DEC-2017,
OPTSTK,WIPRO,22-Feb-2018,245,CE,0,0,0,50.6,50.35,0,0,0,0,19-DEC-2017,
OPTSTK,WIPRO,22-Feb-2018,250,CE,0,0,0,45.8,45.55,0,0,0,0,19-DEC-2017,
OPTSTK,WIPRO,22-Feb-2018,255,CE,0,0,0,41.05,40.8,0,0,0,0,19-DEC-2017,
OPTSTK,WIPRO,22-Feb-2018,260,CE,0,0,0,36.45,36.15,0,0,0,0,19-DEC-2017,
OPTSTK,WIPRO,22-Feb-2018,265,CE,0,0,0,31.95,31.7,0,0,0,0,19-DEC-2017,
OPTSTK,WIPRO,22-Feb-2018,270,CE,0,0,0,27.7,27.45,0,0,0,0,19-DEC-2017,
OPTSTK,WIPRO,22-Feb-2018,275,CE,0,0,0,23.65,23.4,0,0,0,0,19-DEC-2017,
OPTSTK,WIPRO,22-Feb-2018,280,CE,0,0,0,19.9,19.7,0,0,0,0,19-DEC-2017,
OPTSTK,WIPRO,22-Feb-2018,285,CE,0,0,0,16.5,16.3,0,0,0,0,19-DEC-2017,
OPTSTK,WIPRO,22-Feb-2018,290,CE,0,0,0,13.45,13.3,0,0,0,0,19-DEC-2017,
OPTSTK,WIPRO,22-Feb-2018,295,CE,0,0,0,10.8,10.7,0,0,0,0,19-DEC-2017,
OPTSTK,WIPRO,22-Feb-2018,300,CE,0,0,0,8.55,8.4,0,0,0,0,19-DEC-2017,
OPTSTK,WIPRO,22-Feb-2018,305,CE,0,0,0,6.6,6.55,0,0,0,0,19-DEC-2017,
OPTSTK,WIPRO,22-Feb-2018,310,CE,0,0,0,5.05,5,0,0,0,0,19-DEC-2017,
OPTSTK,WIPRO,22-Feb-2018,315,CE,0,0,0,3.8,3.75,0,0,0,0,19-DEC-2017,
OPTSTK,WIPRO,22-Feb-2018,320,CE,0,0,0,2.8,2.75,0,0,0,0,19-DEC-2017,
OPTSTK,WIPRO,22-Feb-2018,325,CE,0,0,0,2,2,0,0,0,0,19-DEC-2017,
OPTSTK,WIPRO,22-Feb-2018,330,CE,0,0,0,1.45,1.45,0,0,0,0,19-DEC-2017,
OPTSTK,WIPRO,22-Feb-2018,335,CE,0,0,0,1,1,0,0,0,0,19-DEC-2017,
OPTSTK,WIPRO,22-Feb-2018,340,CE,0,0,0,0.7,0.7,0,0,0,0,19-DEC-2017,
OPTSTK,WIPRO,22-Feb-2018,345,CE,0,0,0,0.5,0.5,0,0,0,0,19-DEC-2017,
OPTSTK,WIPRO,22-Feb-2018,350,CE,0,0,0,0.3,0.3,0,0,0,0,19-DEC-2017,
OPTSTK,WIPRO,22-Feb-2018,355,CE,0,0,0,0.2,0.2,0,0,0,0,19-DEC-2017,
OPTSTK,WIPRO,22-Feb-2018,200,PE,0,0,0,0.05,0,0,0,0,0,19-DEC-2017,
OPTSTK,WIPRO,22-Feb-2018,205,PE,0,0,0,0.05,0,0,0,0,0,19-DEC-2017,
OPTSTK,WIPRO,22-Feb-2018,210,PE,0,0,0,0.05,0,0,0,0,0,19-DEC-2017,
OPTSTK,WIPRO,22-Feb-2018,215,PE,0,0,0,0.05,0,0,0,0,0,19-DEC-2017,
OPTSTK,WIPRO,22-Feb-2018,220,PE,0,0,0,0.05,0,0,0,0,0,19-DEC-2017,
OPTSTK,WIPRO,22-Feb-2018,225,PE,0,0,0,0.05,0.05,0,0,0,0,19-DEC-2017,
OPTSTK,WIPRO,22-Feb-2018,230,PE,0,0,0,0.05,0.05,0,0,0,0,19-DEC-2017,
OPTSTK,WIPRO,22-Feb-2018,235,PE,0,0,0,0.05,0.05,0,0,0,0,19-DEC-2017,
OPTSTK,WIPRO,22-Feb-2018,240,PE,0,0,0,0.1,0.1,0,0,0,0,19-DEC-2017,
OPTSTK,WIPRO,22-Feb-2018,245,PE,0,0,0,0.15,0.15,0,0,0,0,19-DEC-2017,
OPTSTK,WIPRO,22-Feb-2018,250,PE,0,0,0,0.25,0.3,0,0,0,0,19-DEC-2017,
OPTSTK,WIPRO,22-Feb-2018,255,PE,0,0,0,0.45,0.5,0,0,0,0,19-DEC-2017,
OPTSTK,WIPRO,22-Feb-2018,260,PE,0,0,0,0.75,0.8,0,0,0,0,19-DEC-2017,
OPTSTK,WIPRO,22-Feb-2018,265,PE,0,0,0,1.2,1.25,0,0,0,0,19-DEC-2017,
OPTSTK,WIPRO,22-Feb-2018,270,PE,0,0,0,1.85,1.95,0,0,0,0,19-DEC-2017,
OPTSTK,WIPRO,22-Feb-2018,275,PE,0,0,0,2.75,2.9,0,0,0,0,19-DEC-2017,
OPTSTK,WIPRO,22-Feb-2018,280,PE,0,0,0,3.95,4.1,0,0,0,0,19-DEC-2017,
OPTSTK,WIPRO,22-Feb-2018,285,PE,0,0,0,5.45,5.65,0,0,0,0,19-DEC-2017,
OPTSTK,WIPRO,22-Feb-2018,290,PE,0,0,0,7.35,7.6,0,0,0,0,19-DEC-2017,
OPTSTK,WIPRO,22-Feb-2018,295,PE,0,0,0,9.6,9.9,0,0,0,0,19-DEC-2017,
OPTSTK,WIPRO,22-Feb-2018,300,PE,0,0,0,12.25,12.6,0,0,0,0,19-DEC-2017,
OPTSTK,WIPRO,22-Feb-2018,305,PE,0,0,0,15.25,15.65,0,0,0,0,19-DEC-2017,
OPTSTK,WIPRO,22-Feb-2018,310,PE,0,0,0,18.6,19.05,0,0,0,0,19-DEC-2017,
OPTSTK,WIPRO,22-Feb-2018,315,PE,0,0,0,22.3,22.75,0,0,0,0,19-DEC-2017,
OPTSTK,WIPRO,22-Feb-2018,320,PE,0,0,0,26.2,26.7,0,0,0,0,19-DEC-2017,
OPTSTK,WIPRO,22-Feb-2018,325,PE,0,0,0,30.4,30.9,0,0,0,0,19-DEC-2017,
OPTSTK,WIPRO,22-Feb-2018,330,PE,0,0,0,34.75,35.25,0,0,0,0,19-DEC-2017,
OPTSTK,WIPRO,22-Feb-2018,335,PE,0,0,0,39.25,39.8,0,0,0,0,19-DEC-2017,
OPTSTK,WIPRO,22-Feb-2018,340,PE,0,0,0,43.85,44.4,0,0,0,0,19-DEC-2017,
OPTSTK,WIPRO,22-Feb-2018,345,PE,0,0,0,48.55,49.15,0,0,0,0,19-DEC-2017,
OPTSTK,WIPRO,22-Feb-2018,350,PE,0,0,0,53.3,53.95,0,0,0,0,19-DEC-2017,
OPTSTK,WIPRO,22-Feb-2018,355,PE,0,0,0,58.15,58.75,0,0,0,0,19-DEC-2017,
OPTSTK,WOCKPHARMA,28-Dec-2017,400,CE,0,0,0,216.95,389.4,0,0,0,0,19-DEC-2017,
OPTSTK,WOCKPHARMA,28-Dec-2017,420,CE,0,0,0,199.1,369.4,0,0,0,0,19-DEC-2017,
OPTSTK,WOCKPHARMA,28-Dec-2017,440,CE,0,0,0,181.85,349.45,0,0,0,0,19-DEC-2017,
OPTSTK,WOCKPHARMA,28-Dec-2017,460,CE,0,0,0,165.35,329.5,0,0,0,0,19-DEC-2017,
OPTSTK,WOCKPHARMA,28-Dec-2017,480,CE,0,0,0,149.65,309.5,0,0,0,0,19-DEC-2017,
OPTSTK,WOCKPHARMA,28-Dec-2017,500,CE,0,0,0,134.85,289.55,0,0,0,0,19-DEC-2017,
OPTSTK,WOCKPHARMA,28-Dec-2017,520,CE,0,0,0,120.95,269.6,0,0,0,0,19-DEC-2017,
OPTSTK,WOCKPHARMA,28-Dec-2017,540,CE,0,0,0,107.95,249.6,0,0,0,0,19-DEC-2017,
OPTSTK,WOCKPHARMA,28-Dec-2017,560,CE,0,0,0,96.05,229.65,0,0,0,0,19-DEC-2017,
OPTSTK,WOCKPHARMA,28-Dec-2017,580,CE,0,0,0,85.05,209.65,0,0,0,0,19-DEC-2017,
OPTSTK,WOCKPHARMA,28-Dec-2017,600,CE,0,0,0,75.05,189.7,0,0,0,0,19-DEC-2017,
OPTSTK,WOCKPHARMA,28-Dec-2017,620,CE,0,0,0,66,169.75,0,0,0,0,19-DEC-2017,
OPTSTK,WOCKPHARMA,28-Dec-2017,640,CE,0,0,0,106.35,149.9,0,0,800,0,19-DEC-2017,
OPTSTK,WOCKPHARMA,28-Dec-2017,660,CE,0,0,0,118.9,130.15,0,0,2400,0,19-DEC-2017,
OPTSTK,WOCKPHARMA,28-Dec-2017,680,CE,0,0,0,74.55,110.8,0,0,5600,0,19-DEC-2017,
OPTSTK,WOCKPHARMA,28-Dec-2017,700,CE,88.1,88.1,88.1,88.1,88.1,1,6.3,19200,0,19-DEC-2017,
OPTSTK,WOCKPHARMA,28-Dec-2017,720,CE,0,0,0,62,74.35,0,0,22400,0,19-DEC-2017,
OPTSTK,WOCKPHARMA,28-Dec-2017,740,CE,53,59,50,52.5,52.5,18,114.69,74400,-9600,19-DEC-2017,
OPTSTK,WOCKPHARMA,28-Dec-2017,760,CE,31.5,41.9,20.55,35.6,35.6,68,434.35,91200,-28800,19-DEC-2017,
OPTSTK,WOCKPHARMA,28-Dec-2017,780,CE,12.85,30,12.1,22,22,85,546.25,86400,-27200,19-DEC-2017,
OPTSTK,WOCKPHARMA,28-Dec-2017,800,CE,7.5,20.45,6.2,11.65,11.65,338,2205.64,210400,-41600,19-DEC-2017,
OPTSTK,WOCKPHARMA,28-Dec-2017,820,CE,4.05,12.05,3.8,6.6,6.6,42,278.26,80800,-2400,19-DEC-2017,
OPTSTK,WOCKPHARMA,28-Dec-2017,840,CE,2.5,6,2.1,3.55,3.55,17,114.76,50400,-5600,19-DEC-2017,
OPTSTK,WOCKPHARMA,28-Dec-2017,860,CE,1.85,3,1.55,1.7,1.7,10,68.95,36000,-6400,19-DEC-2017,
OPTSTK,WOCKPHARMA,28-Dec-2017,880,CE,0.5,0.5,0.45,0.45,0.45,2,14.08,38400,-1600,19-DEC-2017,
OPTSTK,WOCKPHARMA,28-Dec-2017,900,CE,0,0,0,1.5,1.95,0,0,10400,0,19-DEC-2017,
OPTSTK,WOCKPHARMA,28-Dec-2017,920,CE,0,0,0,4.95,1.05,0,0,0,0,19-DEC-2017,
OPTSTK,WOCKPHARMA,28-Dec-2017,940,CE,0,0,0,1.75,0.55,0,0,0,0,19-DEC-2017,
OPTSTK,WOCKPHARMA,28-Dec-2017,400,PE,0.15,0.15,0.15,0.15,0.15,31,99.23,131200,-16000,19-DEC-2017,
OPTSTK,WOCKPHARMA,28-Dec-2017,420,PE,0,0,0,0.35,0,0,0,4800,0,19-DEC-2017,
OPTSTK,WOCKPHARMA,28-Dec-2017,440,PE,0,0,0,0.5,0,0,0,800,0,19-DEC-2017,
OPTSTK,WOCKPHARMA,28-Dec-2017,460,PE,0,0,0,0.5,0,0,0,800,0,19-DEC-2017,
OPTSTK,WOCKPHARMA,28-Dec-2017,480,PE,0,0,0,0.5,0,0,0,800,0,19-DEC-2017,
OPTSTK,WOCKPHARMA,28-Dec-2017,500,PE,0,0,0,0.45,0,0,0,63200,0,19-DEC-2017,
OPTSTK,WOCKPHARMA,28-Dec-2017,520,PE,0,0,0,25.7,0,0,0,0,0,19-DEC-2017,
OPTSTK,WOCKPHARMA,28-Dec-2017,540,PE,0,0,0,32.4,0,0,0,0,0,19-DEC-2017,
OPTSTK,WOCKPHARMA,28-Dec-2017,560,PE,0,0,0,40.15,0,0,0,0,0,19-DEC-2017,
OPTSTK,WOCKPHARMA,28-Dec-2017,580,PE,0,0,0,0.9,0,0,0,800,0,19-DEC-2017,
OPTSTK,WOCKPHARMA,28-Dec-2017,600,PE,0.1,1,0.1,1,1,4,19.21,30400,-3200,19-DEC-2017,
OPTSTK,WOCKPHARMA,28-Dec-2017,620,PE,0,0,0,1,0.05,0,0,9600,0,19-DEC-2017,
OPTSTK,WOCKPHARMA,28-Dec-2017,640,PE,0,0,0,1.35,0.15,0,0,30400,0,19-DEC-2017,
OPTSTK,WOCKPHARMA,28-Dec-2017,660,PE,1.25,1.25,0.5,0.5,0.5,4,21.15,44800,-3200,19-DEC-2017,
OPTSTK,WOCKPHARMA,28-Dec-2017,680,PE,1,1,0.8,0.8,0.8,3,16.34,64800,-2400,19-DEC-2017,
OPTSTK,WOCKPHARMA,28-Dec-2017,700,PE,3.5,3.5,1.15,1.2,1.2,19,106.74,48800,-8800,19-DEC-2017,
OPTSTK,WOCKPHARMA,28-Dec-2017,720,PE,3.9,4.1,1.9,2.95,2.95,34,196.69,77600,-14400,19-DEC-2017,
OPTSTK,WOCKPHARMA,28-Dec-2017,740,PE,6.7,6.7,4,5.05,5.05,38,226.3,80000,-10400,19-DEC-2017,
OPTSTK,WOCKPHARMA,28-Dec-2017,760,PE,15,15,7.05,8.35,8.35,15,92.3,44000,-5600,19-DEC-2017,
OPTSTK,WOCKPHARMA,28-Dec-2017,780,PE,17.05,18,13,16.1,16.1,7,44.55,25600,800,19-DEC-2017,
OPTSTK,WOCKPHARMA,28-Dec-2017,800,PE,18.75,24.8,18.75,23.45,23.45,7,46.01,10400,0,19-DEC-2017,
OPTSTK,WOCKPHARMA,28-Dec-2017,820,PE,0,0,0,215.7,44.75,0,0,0,0,19-DEC-2017,
OPTSTK,WOCKPHARMA,28-Dec-2017,840,PE,0,0,0,123,59.4,0,0,800,0,19-DEC-2017,
OPTSTK,WOCKPHARMA,28-Dec-2017,860,PE,0,0,0,143,75.75,0,0,800,0,19-DEC-2017,
OPTSTK,WOCKPHARMA,28-Dec-2017,880,PE,0,0,0,150,93.3,0,0,800,0,19-DEC-2017,
OPTSTK,WOCKPHARMA,28-Dec-2017,900,PE,0,0,0,279,111.8,0,0,0,0,19-DEC-2017,
OPTSTK,WOCKPHARMA,28-Dec-2017,920,PE,0,0,0,277.35,130.9,0,0,0,0,19-DEC-2017,
OPTSTK,WOCKPHARMA,28-Dec-2017,940,PE,0,0,0,269.15,150.35,0,0,0,0,19-DEC-2017,
OPTSTK,WOCKPHARMA,25-Jan-2018,400,CE,0,0,0,232.55,391.35,0,0,0,0,19-DEC-2017,
OPTSTK,WOCKPHARMA,25-Jan-2018,420,CE,0,0,0,213.1,371.5,0,0,0,0,19-DEC-2017,
OPTSTK,WOCKPHARMA,25-Jan-2018,440,CE,0,0,0,193.85,351.65,0,0,0,0,19-DEC-2017,
OPTSTK,WOCKPHARMA,25-Jan-2018,460,CE,0,0,0,174.9,331.8,0,0,0,0,19-DEC-2017,
OPTSTK,WOCKPHARMA,25-Jan-2018,480,CE,0,0,0,156.45,311.95,0,0,0,0,19-DEC-2017,
OPTSTK,WOCKPHARMA,25-Jan-2018,500,CE,0,0,0,138.65,292.15,0,0,0,0,19-DEC-2017,
OPTSTK,WOCKPHARMA,25-Jan-2018,520,CE,0,0,0,121.6,272.4,0,0,0,0,19-DEC-2017,
OPTSTK,WOCKPHARMA,25-Jan-2018,540,CE,0,0,0,105.6,252.75,0,0,0,0,19-DEC-2017,
OPTSTK,WOCKPHARMA,25-Jan-2018,560,CE,0,0,0,90.75,233.3,0,0,0,0,19-DEC-2017,
OPTSTK,WOCKPHARMA,25-Jan-2018,580,CE,0,0,0,77.1,214.1,0,0,0,0,19-DEC-2017,
OPTSTK,WOCKPHARMA,25-Jan-2018,600,CE,0,0,0,64.85,195.25,0,0,0,0,19-DEC-2017,
OPTSTK,WOCKPHARMA,25-Jan-2018,620,CE,0,0,0,53.95,176.85,0,0,0,0,19-DEC-2017,
OPTSTK,WOCKPHARMA,25-Jan-2018,640,CE,0,0,0,44.4,159.05,0,0,0,0,19-DEC-2017,
OPTSTK,WOCKPHARMA,25-Jan-2018,660,CE,0,0,0,36.2,142,0,0,0,0,19-DEC-2017,
OPTSTK,WOCKPHARMA,25-Jan-2018,680,CE,0,0,0,29.2,125.75,0,0,0,0,19-DEC-2017,
OPTSTK,WOCKPHARMA,25-Jan-2018,700,CE,0,0,0,64.15,110.55,0,0,1800,0,19-DEC-2017,
OPTSTK,WOCKPHARMA,25-Jan-2018,720,CE,0,0,0,18.55,96.35,0,0,0,0,19-DEC-2017,
OPTSTK,WOCKPHARMA,25-Jan-2018,740,CE,0,0,0,14.55,83.3,0,0,0,0,19-DEC-2017,
OPTSTK,WOCKPHARMA,25-Jan-2018,760,CE,0,0,0,11.35,71.45,0,0,0,0,19-DEC-2017,
OPTSTK,WOCKPHARMA,25-Jan-2018,780,CE,0,0,0,8.8,60.75,0,0,0,0,19-DEC-2017,
OPTSTK,WOCKPHARMA,25-Jan-2018,800,CE,0,0,0,6.75,51.3,0,0,0,0,19-DEC-2017,
OPTSTK,WOCKPHARMA,25-Jan-2018,820,CE,0,0,0,20,42.95,0,0,900,0,19-DEC-2017,
OPTSTK,WOCKPHARMA,25-Jan-2018,840,CE,0,0,0,3.9,35.7,0,0,0,0,19-DEC-2017,
OPTSTK,WOCKPHARMA,25-Jan-2018,860,CE,0,0,0,2.95,29.4,0,0,0,0,19-DEC-2017,
OPTSTK,WOCKPHARMA,25-Jan-2018,880,CE,0,0,0,2.2,24.15,0,0,0,0,19-DEC-2017,
OPTSTK,WOCKPHARMA,25-Jan-2018,900,CE,0,0,0,1.65,19.65,0,0,0,0,19-DEC-2017,
OPTSTK,WOCKPHARMA,25-Jan-2018,920,CE,0,0,0,5.95,15.85,0,0,0,0,19-DEC-2017,
OPTSTK,WOCKPHARMA,25-Jan-2018,940,CE,0,0,0,4.85,12.75,0,0,0,0,19-DEC-2017,
OPTSTK,WOCKPHARMA,25-Jan-2018,400,PE,0,0,0,0.2,0,0,0,0,0,19-DEC-2017,
OPTSTK,WOCKPHARMA,25-Jan-2018,420,PE,0,0,0,0.45,0,0,0,0,0,19-DEC-2017,
OPTSTK,WOCKPHARMA,25-Jan-2018,440,PE,0,0,0,0.85,0.05,0,0,0,0,19-DEC-2017,
OPTSTK,WOCKPHARMA,25-Jan-2018,460,PE,0,0,0,1.6,0.05,0,0,0,0,19-DEC-2017,
OPTSTK,WOCKPHARMA,25-Jan-2018,480,PE,0,0,0,2.85,0.05,0,0,0,0,19-DEC-2017,
OPTSTK,WOCKPHARMA,25-Jan-2018,500,PE,0,0,0,4.7,0.15,0,0,0,0,19-DEC-2017,
OPTSTK,WOCKPHARMA,25-Jan-2018,520,PE,0,0,0,7.35,0.25,0,0,0,0,19-DEC-2017,
OPTSTK,WOCKPHARMA,25-Jan-2018,540,PE,0,0,0,11.05,0.5,0,0,0,0,19-DEC-2017,
OPTSTK,WOCKPHARMA,25-Jan-2018,560,PE,0,0,0,15.85,0.9,0,0,0,0,19-DEC-2017,
OPTSTK,WOCKPHARMA,25-Jan-2018,580,PE,0,0,0,21.9,1.55,0,0,0,0,19-DEC-2017,
OPTSTK,WOCKPHARMA,25-Jan-2018,600,PE,0,0,0,29.3,2.6,0,0,0,0,19-DEC-2017,
OPTSTK,WOCKPHARMA,25-Jan-2018,620,PE,0,0,0,38.1,4.05,0,0,0,0,19-DEC-2017,
OPTSTK,WOCKPHARMA,25-Jan-2018,640,PE,0,0,0,48.25,6.15,0,0,0,0,19-DEC-2017,
OPTSTK,WOCKPHARMA,25-Jan-2018,660,PE,0,0,0,59.75,8.95,0,0,0,0,19-DEC-2017,
OPTSTK,WOCKPHARMA,25-Jan-2018,680,PE,0,0,0,11.45,12.6,0,0,0,0,19-DEC-2017,
OPTSTK,WOCKPHARMA,25-Jan-2018,700,PE,0,0,0,14.95,17.25,0,0,1800,0,19-DEC-2017,
OPTSTK,WOCKPHARMA,25-Jan-2018,720,PE,0,0,0,34.3,22.9,0,0,900,0,19-DEC-2017,
OPTSTK,WOCKPHARMA,25-Jan-2018,740,PE,0,0,0,116.85,29.7,0,0,0,0,19-DEC-2017,
OPTSTK,WOCKPHARMA,25-Jan-2018,760,PE,0,0,0,133.35,37.75,0,0,0,0,19-DEC-2017,
OPTSTK,WOCKPHARMA,25-Jan-2018,780,PE,0,0,0,150.45,46.95,0,0,0,0,19-DEC-2017,
OPTSTK,WOCKPHARMA,25-Jan-2018,800,PE,0,0,0,47.95,57.3,0,0,900,0,19-DEC-2017,
OPTSTK,WOCKPHARMA,25-Jan-2018,820,PE,0,0,0,186.2,68.85,0,0,0,0,19-DEC-2017,
OPTSTK,WOCKPHARMA,25-Jan-2018,840,PE,0,0,0,204.65,81.45,0,0,0,0,19-DEC-2017,
OPTSTK,WOCKPHARMA,25-Jan-2018,860,PE,0,0,0,223.35,95.1,0,0,0,0,19-DEC-2017,
OPTSTK,WOCKPHARMA,25-Jan-2018,880,PE,0,0,0,242.3,109.65,0,0,0,0,19-DEC-2017,
OPTSTK,WOCKPHARMA,25-Jan-2018,900,PE,0,0,0,261.45,125.05,0,0,0,0,19-DEC-2017,
OPTSTK,WOCKPHARMA,25-Jan-2018,920,PE,0,0,0,249.15,141.1,0,0,0,0,19-DEC-2017,
OPTSTK,WOCKPHARMA,25-Jan-2018,940,PE,0,0,0,267.7,157.85,0,0,0,0,19-DEC-2017,
OPTSTK,WOCKPHARMA,22-Feb-2018,440,CE,0,0,0,286.8,353.95,0,0,0,0,19-DEC-2017,
OPTSTK,WOCKPHARMA,22-Feb-2018,460,CE,0,0,0,267.35,334.35,0,0,0,0,19-DEC-2017,
OPTSTK,WOCKPHARMA,22-Feb-2018,480,CE,0,0,0,248.05,314.85,0,0,0,0,19-DEC-2017,
OPTSTK,WOCKPHARMA,22-Feb-2018,500,CE,0,0,0,229.05,295.5,0,0,0,0,19-DEC-2017,
OPTSTK,WOCKPHARMA,22-Feb-2018,520,CE,0,0,0,210.35,276.4,0,0,0,0,19-DEC-2017,
OPTSTK,WOCKPHARMA,22-Feb-2018,540,CE,0,0,0,192.1,257.55,0,0,0,0,19-DEC-2017,
OPTSTK,WOCKPHARMA,22-Feb-2018,560,CE,0,0,0,174.4,239.05,0,0,0,0,19-DEC-2017,
OPTSTK,WOCKPHARMA,22-Feb-2018,580,CE,0,0,0,157.4,221,0,0,0,0,19-DEC-2017,
OPTSTK,WOCKPHARMA,22-Feb-2018,600,CE,0,0,0,141.15,203.45,0,0,0,0,19-DEC-2017,
OPTSTK,WOCKPHARMA,22-Feb-2018,620,CE,0,0,0,125.8,186.55,0,0,0,0,19-DEC-2017,
OPTSTK,WOCKPHARMA,22-Feb-2018,640,CE,0,0,0,111.45,170.3,0,0,0,0,19-DEC-2017,
OPTSTK,WOCKPHARMA,22-Feb-2018,660,CE,0,0,0,98.05,154.8,0,0,0,0,19-DEC-2017,
OPTSTK,WOCKPHARMA,22-Feb-2018,680,CE,0,0,0,85.75,140.15,0,0,0,0,19-DEC-2017,
OPTSTK,WOCKPHARMA,22-Feb-2018,700,CE,0,0,0,74.55,126.3,0,0,0,0,19-DEC-2017,
OPTSTK,WOCKPHARMA,22-Feb-2018,720,CE,0,0,0,64.4,113.3,0,0,0,0,19-DEC-2017,
OPTSTK,WOCKPHARMA,22-Feb-2018,740,CE,0,0,0,55.3,101.25,0,0,0,0,19-DEC-2017,
OPTSTK,WOCKPHARMA,22-Feb-2018,760,CE,0,0,0,47.25,90.15,0,0,0,0,19-DEC-2017,
OPTSTK,WOCKPHARMA,22-Feb-2018,780,CE,0,0,0,40.15,79.9,0,0,0,0,19-DEC-2017,
OPTSTK,WOCKPHARMA,22-Feb-2018,800,CE,0,0,0,33.9,70.6,0,0,0,0,19-DEC-2017,
OPTSTK,WOCKPHARMA,22-Feb-2018,820,CE,0,0,0,28.5,62.1,0,0,0,0,19-DEC-2017,
OPTSTK,WOCKPHARMA,22-Feb-2018,840,CE,0,0,0,23.9,54.45,0,0,0,0,19-DEC-2017,
OPTSTK,WOCKPHARMA,22-Feb-2018,860,CE,0,0,0,19.9,47.6,0,0,0,0,19-DEC-2017,
OPTSTK,WOCKPHARMA,22-Feb-2018,880,CE,0,0,0,16.5,41.45,0,0,0,0,19-DEC-2017,
OPTSTK,WOCKPHARMA,22-Feb-2018,900,CE,0,0,0,13.65,36,0,0,0,0,19-DEC-2017,
OPTSTK,WOCKPHARMA,22-Feb-2018,920,CE,0,0,0,11.2,31.2,0,0,0,0,19-DEC-2017,
OPTSTK,WOCKPHARMA,22-Feb-2018,940,CE,0,0,0,9.2,26.95,0,0,0,0,19-DEC-2017,
OPTSTK,WOCKPHARMA,22-Feb-2018,440,PE,0,0,0,0.3,0.2,0,0,0,0,19-DEC-2017,
OPTSTK,WOCKPHARMA,22-Feb-2018,460,PE,0,0,0,0.55,0.35,0,0,0,0,19-DEC-2017,
OPTSTK,WOCKPHARMA,22-Feb-2018,480,PE,0,0,0,0.95,0.65,0,0,0,0,19-DEC-2017,
OPTSTK,WOCKPHARMA,22-Feb-2018,500,PE,0,0,0,1.65,1.05,0,0,0,0,19-DEC-2017,
OPTSTK,WOCKPHARMA,22-Feb-2018,520,PE,0,0,0,2.65,1.7,0,0,0,0,19-DEC-2017,
OPTSTK,WOCKPHARMA,22-Feb-2018,540,PE,0,0,0,4.1,2.65,0,0,0,0,19-DEC-2017,
OPTSTK,WOCKPHARMA,22-Feb-2018,560,PE,0,0,0,6.15,3.9,0,0,0,0,19-DEC-2017,
OPTSTK,WOCKPHARMA,22-Feb-2018,580,PE,0,0,0,8.85,5.65,0,0,0,0,19-DEC-2017,
OPTSTK,WOCKPHARMA,22-Feb-2018,600,PE,0,0,0,12.35,7.9,0,0,0,0,19-DEC-2017,
OPTSTK,WOCKPHARMA,22-Feb-2018,620,PE,0,0,0,16.7,10.75,0,0,0,0,19-DEC-2017,
OPTSTK,WOCKPHARMA,22-Feb-2018,640,PE,0,0,0,22,14.25,0,0,0,0,19-DEC-2017,
OPTSTK,WOCKPHARMA,22-Feb-2018,660,PE,0,0,0,28.35,18.55,0,0,0,0,19-DEC-2017,
OPTSTK,WOCKPHARMA,22-Feb-2018,680,PE,0,0,0,35.75,23.65,0,0,0,0,19-DEC-2017,
OPTSTK,WOCKPHARMA,22-Feb-2018,700,PE,0,0,0,44.25,29.55,0,0,0,0,19-DEC-2017,
OPTSTK,WOCKPHARMA,22-Feb-2018,720,PE,0,0,0,53.8,36.35,0,0,0,0,19-DEC-2017,
OPTSTK,WOCKPHARMA,22-Feb-2018,740,PE,0,0,0,64.45,44.1,0,0,0,0,19-DEC-2017,
OPTSTK,WOCKPHARMA,22-Feb-2018,760,PE,0,0,0,76.05,52.75,0,0,0,0,19-DEC-2017,
OPTSTK,WOCKPHARMA,22-Feb-2018,780,PE,0,0,0,88.65,62.3,0,0,0,0,19-DEC-2017,
OPTSTK,WOCKPHARMA,22-Feb-2018,800,PE,0,0,0,102.15,72.7,0,0,0,0,19-DEC-2017,
OPTSTK,WOCKPHARMA,22-Feb-2018,820,PE,0,0,0,116.45,84,0,0,0,0,19-DEC-2017,
OPTSTK,WOCKPHARMA,22-Feb-2018,840,PE,0,0,0,131.55,96.15,0,0,0,0,19-DEC-2017,
OPTSTK,WOCKPHARMA,22-Feb-2018,860,PE,0,0,0,147.25,109.05,0,0,0,0,19-DEC-2017,
OPTSTK,WOCKPHARMA,22-Feb-2018,880,PE,0,0,0,163.6,122.65,0,0,0,0,19-DEC-2017,
OPTSTK,WOCKPHARMA,22-Feb-2018,900,PE,0,0,0,180.4,136.95,0,0,0,0,19-DEC-2017,
OPTSTK,WOCKPHARMA,22-Feb-2018,920,PE,0,0,0,197.7,151.95,0,0,0,0,19-DEC-2017,
OPTSTK,WOCKPHARMA,22-Feb-2018,940,PE,0,0,0,215.4,167.45,0,0,0,0,19-DEC-2017,
OPTSTK,YESBANK,28-Dec-2017,220,CE,0,0,0,134.25,92.6,0,0,0,0,19-DEC-2017,
OPTSTK,YESBANK,28-Dec-2017,230,CE,0,0,0,124.4,82.65,0,0,0,0,19-DEC-2017,
OPTSTK,YESBANK,28-Dec-2017,240,CE,0,0,0,114.6,72.65,0,0,0,0,19-DEC-2017,
OPTSTK,YESBANK,28-Dec-2017,250,CE,0,0,0,56,62.65,0,0,3500,0,19-DEC-2017,
OPTSTK,YESBANK,28-Dec-2017,260,CE,0,0,0,95.1,52.65,0,0,0,0,19-DEC-2017,
OPTSTK,YESBANK,28-Dec-2017,270,CE,0,0,0,45,42.7,0,0,17500,0,19-DEC-2017,
OPTSTK,YESBANK,28-Dec-2017,280,CE,33.75,34.4,33.75,34.4,34.4,3,16.49,26250,-3500,19-DEC-2017,
OPTSTK,YESBANK,28-Dec-2017,290,CE,0,0,0,25.35,23.15,0,0,19250,0,19-DEC-2017,
OPTSTK,YESBANK,28-Dec-2017,300,CE,16.75,16.75,12.5,14.8,14.8,82,451.11,280000,0,19-DEC-2017,
OPTSTK,YESBANK,28-Dec-2017,310,CE,9.3,9.3,6.1,7.6,7.6,757,4205.24,1659000,126000,19-DEC-2017,
OPTSTK,YESBANK,28-Dec-2017,320,CE,4.2,4.4,2.65,3.4,3.4,1872,10595.47,4583250,486500,19-DEC-2017,
OPTSTK,YESBANK,28-Dec-2017,330,CE,2,2.1,1.1,1.45,1.45,1121,6501.88,2742250,276500,19-DEC-2017,
OPTSTK,YESBANK,28-Dec-2017,340,CE,1.1,1.1,0.55,0.85,0.85,496,2957.54,1265250,-136500,19-DEC-2017,
OPTSTK,YESBANK,28-Dec-2017,350,CE,0.65,0.7,0.35,0.5,0.5,510,3127.89,2052750,148750,19-DEC-2017,
OPTSTK,YESBANK,28-Dec-2017,360,CE,0.35,0.35,0.2,0.3,0.3,238,1500.54,992250,47250,19-DEC-2017,
OPTSTK,YESBANK,28-Dec-2017,370,CE,0.3,0.3,0.15,0.15,0.15,42,272.1,343000,15750,19-DEC-2017,
OPTSTK,YESBANK,28-Dec-2017,380,CE,0.1,0.2,0.1,0.2,0.2,4,26.61,351750,-1750,19-DEC-2017,
OPTSTK,YESBANK,28-Dec-2017,390,CE,0,0,0,0.35,0,0,0,33250,0,19-DEC-2017,
OPTSTK,YESBANK,28-Dec-2017,400,CE,0.1,0.1,0.1,0.1,0.1,9,63.01,260750,-14000,19-DEC-2017,
OPTSTK,YESBANK,28-Dec-2017,410,CE,0,0,0,0.05,0,0,0,14000,0,19-DEC-2017,
OPTSTK,YESBANK,28-Dec-2017,420,CE,0,0,0,0.2,0,0,0,29750,0,19-DEC-2017,
OPTSTK,YESBANK,28-Dec-2017,430,CE,0,0,0,0.4,0,0,0,17500,0,19-DEC-2017,
OPTSTK,YESBANK,28-Dec-2017,440,CE,0,0,0,1.9,0,0,0,0,0,19-DEC-2017,
OPTSTK,YESBANK,28-Dec-2017,450,CE,0,0,0,0.3,0,0,0,47250,0,19-DEC-2017,
OPTSTK,YESBANK,28-Dec-2017,220,PE,0,0,0,0.75,0,0,0,0,0,19-DEC-2017,
OPTSTK,YESBANK,28-Dec-2017,230,PE,0,0,0,0.65,0,0,0,7000,0,19-DEC-2017,
OPTSTK,YESBANK,28-Dec-2017,240,PE,0,0,0,0.05,0,0,0,0,0,19-DEC-2017,
OPTSTK,YESBANK,28-Dec-2017,250,PE,0.1,0.1,0.1,0.1,0.1,1,4.37,28000,-1750,19-DEC-2017,
OPTSTK,YESBANK,28-Dec-2017,260,PE,0,0,0,0.35,0,0,0,190750,0,19-DEC-2017,
OPTSTK,YESBANK,28-Dec-2017,270,PE,0.35,0.35,0.25,0.25,0.25,3,14.18,117250,-3500,19-DEC-2017,
OPTSTK,YESBANK,28-Dec-2017,280,PE,0.6,0.7,0.35,0.4,0.4,103,505.58,896000,-26250,19-DEC-2017,
OPTSTK,YESBANK,28-Dec-2017,290,PE,1.15,1.15,0.55,0.7,0.7,362,1842.26,887250,89250,19-DEC-2017,
OPTSTK,YESBANK,28-Dec-2017,300,PE,2.2,2.3,1.3,1.55,1.55,615,3248.41,1356250,134750,19-DEC-2017,
OPTSTK,YESBANK,28-Dec-2017,310,PE,4.95,5.75,3.75,4.2,4.2,610,3358.89,1162000,42000,19-DEC-2017,
OPTSTK,YESBANK,28-Dec-2017,320,PE,9.65,12.15,9.4,10,10,106,613.16,470750,21000,19-DEC-2017,
OPTSTK,YESBANK,28-Dec-2017,330,PE,18.5,18.5,18.5,18.5,18.5,4,24.39,110250,-7000,19-DEC-2017,
OPTSTK,YESBANK,28-Dec-2017,340,PE,0,0,0,29,27.55,0,0,80500,0,19-DEC-2017,
OPTSTK,YESBANK,28-Dec-2017,350,PE,36,39,36,37,37,10,67.64,157500,-14000,19-DEC-2017,
OPTSTK,YESBANK,28-Dec-2017,360,PE,0,0,0,50,47.2,0,0,133000,0,19-DEC-2017,
OPTSTK,YESBANK,28-Dec-2017,370,PE,0,0,0,56.35,57.2,0,0,31500,0,19-DEC-2017,
OPTSTK,YESBANK,28-Dec-2017,380,PE,0,0,0,67,67.2,0,0,33250,0,19-DEC-2017,
OPTSTK,YESBANK,28-Dec-2017,390,PE,0,0,0,41.95,77.15,0,0,0,0,19-DEC-2017,
OPTSTK,YESBANK,28-Dec-2017,400,PE,0,0,0,91,87.15,0,0,8750,0,19-DEC-2017,
OPTSTK,YESBANK,28-Dec-2017,410,PE,0,0,0,94,97.15,0,0,14000,0,19-DEC-2017,
OPTSTK,YESBANK,28-Dec-2017,420,PE,0,0,0,66.35,107.1,0,0,0,0,19-DEC-2017,
OPTSTK,YESBANK,28-Dec-2017,430,PE,0,0,0,75.2,117.1,0,0,0,0,19-DEC-2017,
OPTSTK,YESBANK,28-Dec-2017,440,PE,0,0,0,84.3,127.1,0,0,0,0,19-DEC-2017,
OPTSTK,YESBANK,28-Dec-2017,450,PE,0,0,0,135,137.05,0,0,45500,0,19-DEC-2017,
OPTSTK,YESBANK,25-Jan-2018,220,CE,0,0,0,115,93.7,0,0,0,0,19-DEC-2017,
OPTSTK,YESBANK,25-Jan-2018,230,CE,0,0,0,105.4,83.75,0,0,0,0,19-DEC-2017,
OPTSTK,YESBANK,25-Jan-2018,240,CE,0,0,0,96,73.85,0,0,0,0,19-DEC-2017,
OPTSTK,YESBANK,25-Jan-2018,250,CE,0,0,0,86.85,64,0,0,0,0,19-DEC-2017,
OPTSTK,YESBANK,25-Jan-2018,260,CE,0,0,0,77.95,54.3,0,0,0,0,19-DEC-2017,
OPTSTK,YESBANK,25-Jan-2018,270,CE,0,0,0,69.45,44.85,0,0,0,0,19-DEC-2017,
OPTSTK,YESBANK,25-Jan-2018,280,CE,35,35,35,35,35,1,5.51,1750,1750,19-DEC-2017,
OPTSTK,YESBANK,25-Jan-2018,290,CE,0,0,0,53.8,27.8,0,0,0,0,19-DEC-2017,
OPTSTK,YESBANK,25-Jan-2018,300,CE,0,0,0,22.5,20.65,0,0,14000,0,19-DEC-2017,
OPTSTK,YESBANK,25-Jan-2018,310,CE,17,17,13.8,15.25,15.25,10,56.95,33250,7000,19-DEC-2017,
OPTSTK,YESBANK,25-Jan-2018,320,CE,12.45,12.45,9.5,10.85,10.85,31,179.4,91000,28000,19-DEC-2017,
OPTSTK,YESBANK,25-Jan-2018,330,CE,8.7,8.7,6.3,7.25,7.25,53,312.68,134750,47250,19-DEC-2017,
OPTSTK,YESBANK,25-Jan-2018,340,CE,6.2,6.2,4.3,4.3,4.3,21,126.66,63000,29750,19-DEC-2017,
OPTSTK,YESBANK,25-Jan-2018,350,CE,2.9,3.75,2.7,3.5,3.5,9,55.62,29750,12250,19-DEC-2017,
OPTSTK,YESBANK,25-Jan-2018,360,CE,3.9,3.9,3.9,3.9,3.9,1,6.36,12250,1750,19-DEC-2017,
OPTSTK,YESBANK,25-Jan-2018,370,CE,0,0,0,14.1,0.8,0,0,0,0,19-DEC-2017,
OPTSTK,YESBANK,25-Jan-2018,380,CE,0,0,0,11.6,0.4,0,0,0,0,19-DEC-2017,
OPTSTK,YESBANK,25-Jan-2018,390,CE,0,0,0,9.45,0.2,0,0,0,0,19-DEC-2017,
OPTSTK,YESBANK,25-Jan-2018,400,CE,0,0,0,7.65,0.1,0,0,0,0,19-DEC-2017,
OPTSTK,YESBANK,25-Jan-2018,410,CE,0,0,0,6.15,0.05,0,0,0,0,19-DEC-2017,
OPTSTK,YESBANK,25-Jan-2018,420,CE,0,0,0,4.9,0.05,0,0,0,0,19-DEC-2017,
OPTSTK,YESBANK,25-Jan-2018,430,CE,0,0,0,3.9,0.05,0,0,0,0,19-DEC-2017,
OPTSTK,YESBANK,25-Jan-2018,440,CE,0,0,0,3.1,0,0,0,0,0,19-DEC-2017,
OPTSTK,YESBANK,25-Jan-2018,450,CE,0,0,0,2.45,0,0,0,0,0,19-DEC-2017,
OPTSTK,YESBANK,25-Jan-2018,220,PE,0,0,0,0.35,0,0,0,0,0,19-DEC-2017,
OPTSTK,YESBANK,25-Jan-2018,230,PE,0,0,0,0.6,0.05,0,0,0,0,19-DEC-2017,
OPTSTK,YESBANK,25-Jan-2018,240,PE,0,0,0,1.05,0.05,0,0,0,0,19-DEC-2017,
OPTSTK,YESBANK,25-Jan-2018,250,PE,0,0,0,1.7,0.15,0,0,0,0,19-DEC-2017,
OPTSTK,YESBANK,25-Jan-2018,260,PE,0,0,0,2.65,0.35,0,0,0,0,19-DEC-2017,
OPTSTK,YESBANK,25-Jan-2018,270,PE,0,0,0,3,0.85,0,0,7000,0,19-DEC-2017,
OPTSTK,YESBANK,25-Jan-2018,280,PE,0,0,0,2.95,1.85,0,0,7000,0,19-DEC-2017,
OPTSTK,YESBANK,25-Jan-2018,290,PE,4.5,4.5,4.2,4.3,4.3,7,36.04,31500,12250,19-DEC-2017,
OPTSTK,YESBANK,25-Jan-2018,300,PE,6.15,7.5,6.15,7.5,7.5,7,37.6,70000,8750,19-DEC-2017,
OPTSTK,YESBANK,25-Jan-2018,310,PE,10.75,11.6,10.6,10.6,10.6,14,78.63,26250,7000,19-DEC-2017,
OPTSTK,YESBANK,25-Jan-2018,320,PE,17,17,16.5,16.5,16.5,2,11.78,8750,3500,19-DEC-2017,
OPTSTK,YESBANK,25-Jan-2018,330,PE,22,24,22,24,24,6,37.03,22750,10500,19-DEC-2017,
OPTSTK,YESBANK,25-Jan-2018,340,PE,0,0,0,30,29.6,0,0,3500,0,19-DEC-2017,
OPTSTK,YESBANK,25-Jan-2018,350,PE,37,37.1,37,37.1,37.1,8,54.18,19250,14000,19-DEC-2017,
OPTSTK,YESBANK,25-Jan-2018,360,PE,0,0,0,40.3,46.8,0,0,0,0,19-DEC-2017,
OPTSTK,YESBANK,25-Jan-2018,370,PE,0,0,0,56.9,56.1,0,0,3500,0,19-DEC-2017,
OPTSTK,YESBANK,25-Jan-2018,380,PE,64.25,64.25,64.25,64.25,64.25,2,15.54,7000,3500,19-DEC-2017,
OPTSTK,YESBANK,25-Jan-2018,390,PE,0,0,0,62.1,75.45,0,0,0,0,19-DEC-2017,
OPTSTK,YESBANK,25-Jan-2018,400,PE,0,0,0,70.15,85.25,0,0,0,0,19-DEC-2017,
OPTSTK,YESBANK,25-Jan-2018,410,PE,0,0,0,78.5,95.15,0,0,0,0,19-DEC-2017,
OPTSTK,YESBANK,25-Jan-2018,420,PE,0,0,0,87.15,105.05,0,0,0,0,19-DEC-2017,
OPTSTK,YESBANK,25-Jan-2018,430,PE,0,0,0,95.95,115,0,0,0,0,19-DEC-2017,
OPTSTK,YESBANK,25-Jan-2018,440,PE,0,0,0,105,124.9,0,0,0,0,19-DEC-2017,
OPTSTK,YESBANK,25-Jan-2018,450,PE,0,0,0,114.2,134.85,0,0,0,0,19-DEC-2017,
OPTSTK,YESBANK,22-Feb-2018,220,CE,0,0,0,90.3,94.8,0,0,0,0,19-DEC-2017,
OPTSTK,YESBANK,22-Feb-2018,230,CE,0,0,0,80.7,85,0,0,0,0,19-DEC-2017,
OPTSTK,YESBANK,22-Feb-2018,240,CE,0,0,0,71.25,75.25,0,0,0,0,19-DEC-2017,
OPTSTK,YESBANK,22-Feb-2018,250,CE,0,0,0,62.1,65.7,0,0,0,0,19-DEC-2017,
OPTSTK,YESBANK,22-Feb-2018,260,CE,0,0,0,53.4,56.45,0,0,0,0,19-DEC-2017,
OPTSTK,YESBANK,22-Feb-2018,270,CE,0,0,0,45.25,47.6,0,0,0,0,19-DEC-2017,
OPTSTK,YESBANK,22-Feb-2018,280,CE,0,0,0,37.7,39.4,0,0,0,0,19-DEC-2017,
OPTSTK,YESBANK,22-Feb-2018,290,CE,0,0,0,30.95,31.9,0,0,0,0,19-DEC-2017,
OPTSTK,YESBANK,22-Feb-2018,300,CE,0,0,0,24.95,25.25,0,0,0,0,19-DEC-2017,
OPTSTK,YESBANK,22-Feb-2018,310,CE,0,0,0,19.8,19.5,0,0,0,0,19-DEC-2017,
OPTSTK,YESBANK,22-Feb-2018,320,CE,0,0,0,15.5,14.75,0,0,0,0,19-DEC-2017,
OPTSTK,YESBANK,22-Feb-2018,330,CE,0,0,0,11.9,10.9,0,0,0,0,19-DEC-2017,
OPTSTK,YESBANK,22-Feb-2018,340,CE,0,0,0,9,7.9,0,0,0,0,19-DEC-2017,
OPTSTK,YESBANK,22-Feb-2018,350,CE,0,0,0,6.75,5.6,0,0,0,0,19-DEC-2017,
OPTSTK,YESBANK,22-Feb-2018,360,CE,0,0,0,4.95,3.85,0,0,0,0,19-DEC-2017,
OPTSTK,YESBANK,22-Feb-2018,370,CE,0,0,0,3.6,2.6,0,0,0,0,19-DEC-2017,
OPTSTK,YESBANK,22-Feb-2018,380,CE,0,0,0,2.6,1.75,0,0,0,0,19-DEC-2017,
OPTSTK,YESBANK,22-Feb-2018,390,CE,0,0,0,1.85,1.15,0,0,0,0,19-DEC-2017,
OPTSTK,YESBANK,22-Feb-2018,400,CE,0,0,0,1.3,0.75,0,0,0,0,19-DEC-2017,
OPTSTK,YESBANK,22-Feb-2018,410,CE,0,0,0,0.9,0.45,0,0,0,0,19-DEC-2017,
OPTSTK,YESBANK,22-Feb-2018,420,CE,0,0,0,0.6,0.3,0,0,0,0,19-DEC-2017,
OPTSTK,YESBANK,22-Feb-2018,430,CE,0,0,0,0.4,0.2,0,0,0,0,19-DEC-2017,
OPTSTK,YESBANK,22-Feb-2018,440,CE,0,0,0,0.3,0.1,0,0,0,0,19-DEC-2017,
OPTSTK,YESBANK,22-Feb-2018,450,CE,0,0,0,0.2,0.1,0,0,0,0,19-DEC-2017,
OPTSTK,YESBANK,22-Feb-2018,220,PE,0,0,0,0.2,0.05,0,0,0,0,19-DEC-2017,
OPTSTK,YESBANK,22-Feb-2018,230,PE,0,0,0,0.45,0.1,0,0,0,0,19-DEC-2017,
OPTSTK,YESBANK,22-Feb-2018,240,PE,0,0,0,0.85,0.3,0,0,0,0,19-DEC-2017,
OPTSTK,YESBANK,22-Feb-2018,250,PE,0,0,0,1.6,0.6,0,0,0,0,19-DEC-2017,
OPTSTK,YESBANK,22-Feb-2018,260,PE,0,0,0,2.7,1.25,0,0,0,0,19-DEC-2017,
OPTSTK,YESBANK,22-Feb-2018,270,PE,0,0,0,4.4,2.3,0,0,0,0,19-DEC-2017,
OPTSTK,YESBANK,22-Feb-2018,280,PE,0,0,0,6.75,3.95,0,0,0,0,19-DEC-2017,
OPTSTK,YESBANK,22-Feb-2018,290,PE,0,0,0,9.8,6.35,0,0,0,0,19-DEC-2017,
OPTSTK,YESBANK,22-Feb-2018,300,PE,0,0,0,13.7,9.55,0,0,0,0,19-DEC-2017,
OPTSTK,YESBANK,22-Feb-2018,310,PE,0,0,0,18.4,13.75,0,0,0,0,19-DEC-2017,
OPTSTK,YESBANK,22-Feb-2018,320,PE,0,0,0,23.9,18.85,0,0,0,0,19-DEC-2017,
OPTSTK,YESBANK,22-Feb-2018,330,PE,0,0,0,30.2,24.9,0,0,0,0,19-DEC-2017,
OPTSTK,YESBANK,22-Feb-2018,340,PE,0,0,0,37.15,31.75,0,0,0,0,19-DEC-2017,
OPTSTK,YESBANK,22-Feb-2018,350,PE,0,0,0,44.75,39.35,0,0,0,0,19-DEC-2017,
OPTSTK,YESBANK,22-Feb-2018,360,PE,0,0,0,52.8,47.5,0,0,0,0,19-DEC-2017,
OPTSTK,YESBANK,22-Feb-2018,370,PE,0,0,0,61.3,56.15,0,0,0,0,19-DEC-2017,
OPTSTK,YESBANK,22-Feb-2018,380,PE,0,0,0,70.15,65.15,0,0,0,0,19-DEC-2017,
OPTSTK,YESBANK,22-Feb-2018,390,PE,0,0,0,79.25,74.45,0,0,0,0,19-DEC-2017,
OPTSTK,YESBANK,22-Feb-2018,400,PE,0,0,0,88.55,83.95,0,0,0,0,19-DEC-2017,
OPTSTK,YESBANK,22-Feb-2018,410,PE,0,0,0,98,93.55,0,0,0,0,19-DEC-2017,
OPTSTK,YESBANK,22-Feb-2018,420,PE,0,0,0,107.6,103.25,0,0,0,0,19-DEC-2017,
OPTSTK,YESBANK,22-Feb-2018,430,PE,0,0,0,117.25,113.05,0,0,0,0,19-DEC-2017,
OPTSTK,YESBANK,22-Feb-2018,440,PE,0,0,0,127,122.85,0,0,0,0,19-DEC-2017,
OPTSTK,YESBANK,22-Feb-2018,450,PE,0,0,0,136.75,132.7,0,0,0,0,19-DEC-2017,
OPTSTK,ZEEL,28-Dec-2017,340,CE,0,0,0,185.3,239.4,0,0,0,0,19-DEC-2017,
OPTSTK,ZEEL,28-Dec-2017,350,CE,0,0,0,175.45,229.4,0,0,0,0,19-DEC-2017,
OPTSTK,ZEEL,28-Dec-2017,360,CE,0,0,0,165.65,219.45,0,0,0,0,19-DEC-2017,
OPTSTK,ZEEL,28-Dec-2017,370,CE,0,0,0,155.8,209.45,0,0,0,0,19-DEC-2017,
OPTSTK,ZEEL,28-Dec-2017,380,CE,0,0,0,146,199.45,0,0,0,0,19-DEC-2017,
OPTSTK,ZEEL,28-Dec-2017,390,CE,0,0,0,136.2,189.5,0,0,0,0,19-DEC-2017,
OPTSTK,ZEEL,28-Dec-2017,400,CE,0,0,0,126.45,179.5,0,0,0,0,19-DEC-2017,
OPTSTK,ZEEL,28-Dec-2017,410,CE,0,0,0,116.75,169.5,0,0,0,0,19-DEC-2017,
OPTSTK,ZEEL,28-Dec-2017,420,CE,0,0,0,107.2,159.5,0,0,0,0,19-DEC-2017,
OPTSTK,ZEEL,28-Dec-2017,430,CE,0,0,0,97.75,149.55,0,0,0,0,19-DEC-2017,
OPTSTK,ZEEL,28-Dec-2017,440,CE,0,0,0,88.5,139.55,0,0,0,0,19-DEC-2017,
OPTSTK,ZEEL,28-Dec-2017,450,CE,0,0,0,79.55,129.55,0,0,0,0,19-DEC-2017,
OPTSTK,ZEEL,28-Dec-2017,460,CE,0,0,0,70.9,119.6,0,0,0,0,19-DEC-2017,
OPTSTK,ZEEL,28-Dec-2017,470,CE,0,0,0,62.65,109.6,0,0,0,0,19-DEC-2017,
OPTSTK,ZEEL,28-Dec-2017,480,CE,0,0,0,54.85,99.6,0,0,0,0,19-DEC-2017,
OPTSTK,ZEEL,28-Dec-2017,490,CE,0,0,0,47.55,89.65,0,0,0,0,19-DEC-2017,
OPTSTK,ZEEL,28-Dec-2017,500,CE,0,0,0,70.25,79.65,0,0,3900,0,19-DEC-2017,
OPTSTK,ZEEL,28-Dec-2017,510,CE,0,0,0,57.45,69.65,0,0,1300,0,19-DEC-2017,
OPTSTK,ZEEL,28-Dec-2017,520,CE,0,0,0,55.45,59.7,0,0,5200,0,19-DEC-2017,
OPTSTK,ZEEL,28-Dec-2017,530,CE,0,0,0,42.9,49.75,0,0,3900,0,19-DEC-2017,
OPTSTK,ZEEL,28-Dec-2017,540,CE,0,0,0,31,40,0,0,11700,0,19-DEC-2017,
OPTSTK,ZEEL,28-Dec-2017,550,CE,0,0,0,27.3,30.55,0,0,7800,0,19-DEC-2017,
OPTSTK,ZEEL,28-Dec-2017,560,CE,22,22,22,22,22,9,68.09,27300,-7800,19-DEC-2017,
OPTSTK,ZEEL,28-Dec-2017,570,CE,15.85,17.5,12.05,14.65,14.65,33,251.09,39000,-20800,19-DEC-2017,
OPTSTK,ZEEL,28-Dec-2017,580,CE,9.6,11.55,7.2,9.2,9.2,452,3462.75,215800,-19500,19-DEC-2017,
OPTSTK,ZEEL,28-Dec-2017,590,CE,6.5,7.25,4.25,5.3,5.3,480,3716.26,176800,2600,19-DEC-2017,
OPTSTK,ZEEL,28-Dec-2017,600,CE,4.25,4.3,2.55,3.15,3.15,284,2227.32,262600,23400,19-DEC-2017,
OPTSTK,ZEEL,28-Dec-2017,610,CE,2.3,2.55,1.5,1.8,1.8,37,294.33,45500,-5200,19-DEC-2017,
OPTSTK,ZEEL,28-Dec-2017,620,CE,1.35,1.55,0.9,1,1,24,193.8,71500,7800,19-DEC-2017,
OPTSTK,ZEEL,28-Dec-2017,630,CE,0.7,0.7,0.6,0.7,0.7,7,57.38,23400,7800,19-DEC-2017,
OPTSTK,ZEEL,28-Dec-2017,640,CE,0.55,0.55,0.35,0.35,0.35,3,24.97,3900,0,19-DEC-2017,
OPTSTK,ZEEL,28-Dec-2017,650,CE,0.3,0.3,0.3,0.3,0.3,1,8.45,16900,-1300,19-DEC-2017,
OPTSTK,ZEEL,28-Dec-2017,660,CE,0.15,0.15,0.15,0.15,0.15,1,8.58,9100,-1300,19-DEC-2017,
OPTSTK,ZEEL,28-Dec-2017,670,CE,0.2,0.2,0.15,0.15,0.15,3,26.13,31200,-3900,19-DEC-2017,
OPTSTK,ZEEL,28-Dec-2017,680,CE,0,0,0,3,0,0,0,1300,0,19-DEC-2017,
OPTSTK,ZEEL,28-Dec-2017,690,CE,0,0,0,0.35,0,0,0,0,0,19-DEC-2017,
OPTSTK,ZEEL,28-Dec-2017,340,PE,0,0,0,0.05,0,0,0,0,0,19-DEC-2017,
OPTSTK,ZEEL,28-Dec-2017,350,PE,0,0,0,0.05,0,0,0,0,0,19-DEC-2017,
OPTSTK,ZEEL,28-Dec-2017,360,PE,0,0,0,0.05,0,0,0,0,0,19-DEC-2017,
OPTSTK,ZEEL,28-Dec-2017,370,PE,0,0,0,0.05,0,0,0,0,0,19-DEC-2017,
OPTSTK,ZEEL,28-Dec-2017,380,PE,0,0,0,0.05,0,0,0,0,0,19-DEC-2017,
OPTSTK,ZEEL,28-Dec-2017,390,PE,0,0,0,0.15,0,0,0,0,0,19-DEC-2017,
OPTSTK,ZEEL,28-Dec-2017,400,PE,0,0,0,0.2,0,0,0,0,0,19-DEC-2017,
OPTSTK,ZEEL,28-Dec-2017,410,PE,0,0,0,0.4,0,0,0,0,0,19-DEC-2017,
OPTSTK,ZEEL,28-Dec-2017,420,PE,0,0,0,0.65,0,0,0,0,0,19-DEC-2017,
OPTSTK,ZEEL,28-Dec-2017,430,PE,0,0,0,1.05,0,0,0,0,0,19-DEC-2017,
OPTSTK,ZEEL,28-Dec-2017,440,PE,0,0,0,1.7,0,0,0,0,0,19-DEC-2017,
OPTSTK,ZEEL,28-Dec-2017,450,PE,0,0,0,2.55,0,0,0,0,0,19-DEC-2017,
OPTSTK,ZEEL,28-Dec-2017,460,PE,0,0,0,2,0,0,0,1300,0,19-DEC-2017,
OPTSTK,ZEEL,28-Dec-2017,470,PE,0,0,0,5.35,0,0,0,0,0,19-DEC-2017,
OPTSTK,ZEEL,28-Dec-2017,480,PE,0,0,0,7.35,0,0,0,0,0,19-DEC-2017,
OPTSTK,ZEEL,28-Dec-2017,490,PE,0,0,0,9.95,0,0,0,0,0,19-DEC-2017,
OPTSTK,ZEEL,28-Dec-2017,500,PE,0,0,0,0.1,0,0,0,26000,0,19-DEC-2017,
OPTSTK,ZEEL,28-Dec-2017,510,PE,0,0,0,0.15,0,0,0,16900,0,19-DEC-2017,
OPTSTK,ZEEL,28-Dec-2017,520,PE,0.25,0.4,0.25,0.4,0.4,16,108.21,10400,-19500,19-DEC-2017,
OPTSTK,ZEEL,28-Dec-2017,530,PE,0.4,1,0.4,1,1,18,124.14,88400,-2600,19-DEC-2017,
OPTSTK,ZEEL,28-Dec-2017,540,PE,1.2,1.2,0.65,0.65,0.65,10,70.3,79300,1300,19-DEC-2017,
OPTSTK,ZEEL,28-Dec-2017,550,PE,1.6,1.7,1.25,1.25,1.25,30,215.06,72800,-1300,19-DEC-2017,
OPTSTK,ZEEL,28-Dec-2017,560,PE,3.8,3.8,2.25,2.5,2.5,180,1316.91,91000,15600,19-DEC-2017,
OPTSTK,ZEEL,28-Dec-2017,570,PE,5.55,6.5,4.5,5.05,5.05,252,1884.49,91000,-2600,19-DEC-2017,
OPTSTK,ZEEL,28-Dec-2017,580,PE,9.95,11.6,8.2,9.05,9.05,130,996.56,49400,-3900,19-DEC-2017,
OPTSTK,ZEEL,28-Dec-2017,590,PE,13.55,15,13.55,15,15,5,39.29,11700,2600,19-DEC-2017,
OPTSTK,ZEEL,28-Dec-2017,600,PE,0,0,0,23.5,22.5,0,0,3900,0,19-DEC-2017,
OPTSTK,ZEEL,28-Dec-2017,610,PE,0,0,0,84.45,31.2,0,0,0,0,19-DEC-2017,
OPTSTK,ZEEL,28-Dec-2017,620,PE,0,0,0,93.35,40.55,0,0,0,0,19-DEC-2017,
OPTSTK,ZEEL,28-Dec-2017,630,PE,0,0,0,102.45,50.3,0,0,0,0,19-DEC-2017,
OPTSTK,ZEEL,28-Dec-2017,640,PE,0,0,0,111.75,60.2,0,0,0,0,19-DEC-2017,
OPTSTK,ZEEL,28-Dec-2017,650,PE,0,0,0,121.15,70.15,0,0,0,0,19-DEC-2017,
OPTSTK,ZEEL,28-Dec-2017,660,PE,0,0,0,130.65,80.15,0,0,0,0,19-DEC-2017,
OPTSTK,ZEEL,28-Dec-2017,670,PE,0,0,0,140.25,90.15,0,0,0,0,19-DEC-2017,
OPTSTK,ZEEL,28-Dec-2017,680,PE,0,0,0,149.9,100.1,0,0,0,0,19-DEC-2017,
OPTSTK,ZEEL,28-Dec-2017,690,PE,0,0,0,159.65,110.1,0,0,0,0,19-DEC-2017,
OPTSTK,ZEEL,25-Jan-2018,340,CE,0,0,0,197.05,241.1,0,0,0,0,19-DEC-2017,
OPTSTK,ZEEL,25-Jan-2018,350,CE,0,0,0,187.3,231.15,0,0,0,0,19-DEC-2017,
OPTSTK,ZEEL,25-Jan-2018,360,CE,0,0,0,177.65,221.2,0,0,0,0,19-DEC-2017,
OPTSTK,ZEEL,25-Jan-2018,370,CE,0,0,0,168.05,211.3,0,0,0,0,19-DEC-2017,
OPTSTK,ZEEL,25-Jan-2018,380,CE,0,0,0,158.5,201.35,0,0,0,0,19-DEC-2017,
OPTSTK,ZEEL,25-Jan-2018,390,CE,0,0,0,149.1,191.4,0,0,0,0,19-DEC-2017,
OPTSTK,ZEEL,25-Jan-2018,400,CE,0,0,0,139.85,181.45,0,0,0,0,19-DEC-2017,
OPTSTK,ZEEL,25-Jan-2018,410,CE,0,0,0,130.8,171.55,0,0,0,0,19-DEC-2017,
OPTSTK,ZEEL,25-Jan-2018,420,CE,0,0,0,121.9,161.6,0,0,0,0,19-DEC-2017,
OPTSTK,ZEEL,25-Jan-2018,430,CE,0,0,0,113.25,151.65,0,0,0,0,19-DEC-2017,
OPTSTK,ZEEL,25-Jan-2018,440,CE,0,0,0,104.85,141.75,0,0,0,0,19-DEC-2017,
OPTSTK,ZEEL,25-Jan-2018,450,CE,0,0,0,96.75,131.8,0,0,0,0,19-DEC-2017,
OPTSTK,ZEEL,25-Jan-2018,460,CE,0,0,0,88.95,121.9,0,0,0,0,19-DEC-2017,
OPTSTK,ZEEL,25-Jan-2018,470,CE,0,0,0,81.5,111.95,0,0,0,0,19-DEC-2017,
OPTSTK,ZEEL,25-Jan-2018,480,CE,0,0,0,74.45,102.1,0,0,0,0,19-DEC-2017,
OPTSTK,ZEEL,25-Jan-2018,490,CE,0,0,0,67.7,92.25,0,0,0,0,19-DEC-2017,
OPTSTK,ZEEL,25-Jan-2018,500,CE,0,0,0,61.35,82.5,0,0,0,0,19-DEC-2017,
OPTSTK,ZEEL,25-Jan-2018,510,CE,0,0,0,55.45,72.95,0,0,0,0,19-DEC-2017,
OPTSTK,ZEEL,25-Jan-2018,520,CE,0,0,0,49.9,63.6,0,0,0,0,19-DEC-2017,
OPTSTK,ZEEL,25-Jan-2018,530,CE,0,0,0,44.75,54.65,0,0,0,0,19-DEC-2017,
OPTSTK,ZEEL,25-Jan-2018,540,CE,0,0,0,40,46.15,0,0,0,0,19-DEC-2017,
OPTSTK,ZEEL,25-Jan-2018,550,CE,0,0,0,35.65,38.25,0,0,0,0,19-DEC-2017,
OPTSTK,ZEEL,25-Jan-2018,560,CE,0,0,0,31.65,31.05,0,0,0,0,19-DEC-2017,
OPTSTK,ZEEL,25-Jan-2018,570,CE,0,0,0,25.75,24.7,0,0,3900,0,19-DEC-2017,
OPTSTK,ZEEL,25-Jan-2018,580,CE,18.4,18.4,18.4,18.4,18.4,1,7.77,3900,0,19-DEC-2017,
OPTSTK,ZEEL,25-Jan-2018,590,CE,0,0,0,21.75,14.6,0,0,0,0,19-DEC-2017,
OPTSTK,ZEEL,25-Jan-2018,600,CE,0,0,0,16.8,10.85,0,0,1300,0,19-DEC-2017,
OPTSTK,ZEEL,25-Jan-2018,610,CE,0,0,0,16.75,7.85,0,0,0,0,19-DEC-2017,
OPTSTK,ZEEL,25-Jan-2018,620,CE,0,0,0,14.6,5.6,0,0,0,0,19-DEC-2017,
OPTSTK,ZEEL,25-Jan-2018,630,CE,0,0,0,12.7,3.85,0,0,0,0,19-DEC-2017,
OPTSTK,ZEEL,25-Jan-2018,640,CE,0,0,0,11,2.6,0,0,0,0,19-DEC-2017,
OPTSTK,ZEEL,25-Jan-2018,650,CE,0,0,0,9.55,1.7,0,0,0,0,19-DEC-2017,
OPTSTK,ZEEL,25-Jan-2018,660,CE,0,0,0,8.25,1.1,0,0,0,0,19-DEC-2017,
OPTSTK,ZEEL,25-Jan-2018,670,CE,0,0,0,7.1,0.7,0,0,0,0,19-DEC-2017,
OPTSTK,ZEEL,25-Jan-2018,680,CE,0,0,0,6.1,0.45,0,0,0,0,19-DEC-2017,
OPTSTK,ZEEL,25-Jan-2018,690,CE,0,0,0,5.2,0.25,0,0,0,0,19-DEC-2017,
OPTSTK,ZEEL,25-Jan-2018,340,PE,0,0,0,0.2,0,0,0,0,0,19-DEC-2017,
OPTSTK,ZEEL,25-Jan-2018,350,PE,0,0,0,0.3,0,0,0,0,0,19-DEC-2017,
OPTSTK,ZEEL,25-Jan-2018,360,PE,0,0,0,0.5,0,0,0,0,0,19-DEC-2017,
OPTSTK,ZEEL,25-Jan-2018,370,PE,0,0,0,0.75,0,0,0,0,0,19-DEC-2017,
OPTSTK,ZEEL,25-Jan-2018,380,PE,0,0,0,1.05,0,0,0,0,0,19-DEC-2017,
OPTSTK,ZEEL,25-Jan-2018,390,PE,0,0,0,1.5,0,0,0,0,0,19-DEC-2017,
OPTSTK,ZEEL,25-Jan-2018,400,PE,0,0,0,2.1,0,0,0,0,0,19-DEC-2017,
OPTSTK,ZEEL,25-Jan-2018,410,PE,0,0,0,2.85,0,0,0,0,0,19-DEC-2017,
OPTSTK,ZEEL,25-Jan-2018,420,PE,0,0,0,3.8,0,0,0,0,0,19-DEC-2017,
OPTSTK,ZEEL,25-Jan-2018,430,PE,0,0,0,5,0,0,0,0,0,19-DEC-2017,
OPTSTK,ZEEL,25-Jan-2018,440,PE,0,0,0,6.45,0,0,0,0,0,19-DEC-2017,
OPTSTK,ZEEL,25-Jan-2018,450,PE,0,0,0,8.2,0,0,0,0,0,19-DEC-2017,
OPTSTK,ZEEL,25-Jan-2018,460,PE,0,0,0,10.25,0.05,0,0,0,0,19-DEC-2017,
OPTSTK,ZEEL,25-Jan-2018,470,PE,0,0,0,12.65,0.05,0,0,0,0,19-DEC-2017,
OPTSTK,ZEEL,25-Jan-2018,480,PE,0,0,0,15.4,0.1,0,0,0,0,19-DEC-2017,
OPTSTK,ZEEL,25-Jan-2018,490,PE,0,0,0,18.5,0.2,0,0,0,0,19-DEC-2017,
OPTSTK,ZEEL,25-Jan-2018,500,PE,0,0,0,22,0.4,0,0,0,0,19-DEC-2017,
OPTSTK,ZEEL,25-Jan-2018,510,PE,0,0,0,25.95,0.75,0,0,0,0,19-DEC-2017,
OPTSTK,ZEEL,25-Jan-2018,520,PE,0,0,0,30.25,1.35,0,0,0,0,19-DEC-2017,
OPTSTK,ZEEL,25-Jan-2018,530,PE,0,0,0,34.95,2.35,0,0,0,0,19-DEC-2017,
OPTSTK,ZEEL,25-Jan-2018,540,PE,0,0,0,40.05,3.75,0,0,0,0,19-DEC-2017,
OPTSTK,ZEEL,25-Jan-2018,550,PE,6.85,6.85,6.85,6.85,6.85,2,14.47,3900,0,19-DEC-2017,
OPTSTK,ZEEL,25-Jan-2018,560,PE,9.7,9.7,9.7,9.7,9.7,2,14.81,1300,-2600,19-DEC-2017,
OPTSTK,ZEEL,25-Jan-2018,570,PE,0,0,0,57.6,12.15,0,0,0,0,19-DEC-2017,
OPTSTK,ZEEL,25-Jan-2018,580,PE,0,0,0,30.85,16.6,0,0,0,0,19-DEC-2017,
OPTSTK,ZEEL,25-Jan-2018,590,PE,0,0,0,71,21.95,0,0,0,0,19-DEC-2017,
OPTSTK,ZEEL,25-Jan-2018,600,PE,0,0,0,78.2,28.1,0,0,0,0,19-DEC-2017,
OPTSTK,ZEEL,25-Jan-2018,610,PE,0,0,0,85.65,35.05,0,0,0,0,19-DEC-2017,
OPTSTK,ZEEL,25-Jan-2018,620,PE,0,0,0,93.4,42.7,0,0,0,0,19-DEC-2017,
OPTSTK,ZEEL,25-Jan-2018,630,PE,0,0,0,101.3,50.9,0,0,0,0,19-DEC-2017,
OPTSTK,ZEEL,25-Jan-2018,640,PE,0,0,0,109.45,59.6,0,0,0,0,19-DEC-2017,
OPTSTK,ZEEL,25-Jan-2018,650,PE,0,0,0,117.85,68.65,0,0,0,0,19-DEC-2017,
OPTSTK,ZEEL,25-Jan-2018,660,PE,0,0,0,126.4,77.95,0,0,0,0,19-DEC-2017,
OPTSTK,ZEEL,25-Jan-2018,670,PE,0,0,0,135.1,87.5,0,0,0,0,19-DEC-2017,
OPTSTK,ZEEL,25-Jan-2018,680,PE,0,0,0,143.95,97.15,0,0,0,0,19-DEC-2017,
OPTSTK,ZEEL,25-Jan-2018,690,PE,0,0,0,152.9,106.95,0,0,0,0,19-DEC-2017,
OPTSTK,ZEEL,22-Feb-2018,370,CE,0,0,0,203.6,213.1,0,0,0,0,19-DEC-2017,
OPTSTK,ZEEL,22-Feb-2018,380,CE,0,0,0,193.75,203.2,0,0,0,0,19-DEC-2017,
OPTSTK,ZEEL,22-Feb-2018,390,CE,0,0,0,183.95,193.3,0,0,0,0,19-DEC-2017,
OPTSTK,ZEEL,22-Feb-2018,400,CE,0,0,0,174.15,183.45,0,0,0,0,19-DEC-2017,
OPTSTK,ZEEL,22-Feb-2018,410,CE,0,0,0,164.4,173.55,0,0,0,0,19-DEC-2017,
OPTSTK,ZEEL,22-Feb-2018,420,CE,0,0,0,154.7,163.65,0,0,0,0,19-DEC-2017,
OPTSTK,ZEEL,22-Feb-2018,430,CE,0,0,0,145.1,153.8,0,0,0,0,19-DEC-2017,
OPTSTK,ZEEL,22-Feb-2018,440,CE,0,0,0,135.6,143.95,0,0,0,0,19-DEC-2017,
OPTSTK,ZEEL,22-Feb-2018,450,CE,0,0,0,126.2,134.1,0,0,0,0,19-DEC-2017,
OPTSTK,ZEEL,22-Feb-2018,460,CE,0,0,0,117,124.3,0,0,0,0,19-DEC-2017,
OPTSTK,ZEEL,22-Feb-2018,470,CE,0,0,0,107.95,114.55,0,0,0,0,19-DEC-2017,
OPTSTK,ZEEL,22-Feb-2018,480,CE,0,0,0,99.2,104.9,0,0,0,0,19-DEC-2017,
OPTSTK,ZEEL,22-Feb-2018,490,CE,0,0,0,90.7,95.4,0,0,0,0,19-DEC-2017,
OPTSTK,ZEEL,22-Feb-2018,500,CE,0,0,0,82.55,86.05,0,0,0,0,19-DEC-2017,
OPTSTK,ZEEL,22-Feb-2018,510,CE,0,0,0,74.7,77,0,0,0,0,19-DEC-2017,
OPTSTK,ZEEL,22-Feb-2018,520,CE,0,0,0,67.3,68.25,0,0,0,0,19-DEC-2017,
OPTSTK,ZEEL,22-Feb-2018,530,CE,0,0,0,60.25,59.9,0,0,0,0,19-DEC-2017,
OPTSTK,ZEEL,22-Feb-2018,540,CE,0,0,0,53.7,52.05,0,0,0,0,19-DEC-2017,
OPTSTK,ZEEL,22-Feb-2018,550,CE,0,0,0,47.6,44.7,0,0,0,0,19-DEC-2017,
OPTSTK,ZEEL,22-Feb-2018,560,CE,0,0,0,41.95,38,0,0,0,0,19-DEC-2017,
OPTSTK,ZEEL,22-Feb-2018,570,CE,0,0,0,36.8,31.9,0,0,0,0,19-DEC-2017,
OPTSTK,ZEEL,22-Feb-2018,580,CE,0,0,0,32.05,26.45,0,0,0,0,19-DEC-2017,
OPTSTK,ZEEL,22-Feb-2018,590,CE,0,0,0,27.8,21.7,0,0,0,0,19-DEC-2017,
OPTSTK,ZEEL,22-Feb-2018,600,CE,0,0,0,24,17.55,0,0,0,0,19-DEC-2017,
OPTSTK,ZEEL,22-Feb-2018,610,CE,0,0,0,20.6,14.05,0,0,0,0,19-DEC-2017,
OPTSTK,ZEEL,22-Feb-2018,620,CE,0,0,0,17.6,11.1,0,0,0,0,19-DEC-2017,
OPTSTK,ZEEL,22-Feb-2018,630,CE,0,0,0,14.95,8.7,0,0,0,0,19-DEC-2017,
OPTSTK,ZEEL,22-Feb-2018,640,CE,0,0,0,12.65,6.7,0,0,0,0,19-DEC-2017,
OPTSTK,ZEEL,22-Feb-2018,650,CE,0,0,0,10.65,5.1,0,0,0,0,19-DEC-2017,
OPTSTK,ZEEL,22-Feb-2018,660,CE,0,0,0,8.9,3.85,0,0,0,0,19-DEC-2017,
OPTSTK,ZEEL,22-Feb-2018,670,CE,0,0,0,7.45,2.85,0,0,0,0,19-DEC-2017,
OPTSTK,ZEEL,22-Feb-2018,680,CE,0,0,0,6.15,2.1,0,0,0,0,19-DEC-2017,
OPTSTK,ZEEL,22-Feb-2018,690,CE,0,0,0,5.1,1.55,0,0,0,0,19-DEC-2017,
OPTSTK,ZEEL,22-Feb-2018,370,PE,0,0,0,0.05,0,0,0,0,0,19-DEC-2017,
OPTSTK,ZEEL,22-Feb-2018,380,PE,0,0,0,0.05,0,0,0,0,0,19-DEC-2017,
OPTSTK,ZEEL,22-Feb-2018,390,PE,0,0,0,0.1,0,0,0,0,0,19-DEC-2017,
OPTSTK,ZEEL,22-Feb-2018,400,PE,0,0,0,0.2,0,0,0,0,0,19-DEC-2017,
OPTSTK,ZEEL,22-Feb-2018,410,PE,0,0,0,0.3,0,0,0,0,0,19-DEC-2017,
OPTSTK,ZEEL,22-Feb-2018,420,PE,0,0,0,0.45,0.05,0,0,0,0,19-DEC-2017,
OPTSTK,ZEEL,22-Feb-2018,430,PE,0,0,0,0.7,0.05,0,0,0,0,19-DEC-2017,
OPTSTK,ZEEL,22-Feb-2018,440,PE,0,0,0,1,0.05,0,0,0,0,19-DEC-2017,
OPTSTK,ZEEL,22-Feb-2018,450,PE,0,0,0,1.5,0.1,0,0,0,0,19-DEC-2017,
OPTSTK,ZEEL,22-Feb-2018,460,PE,0,0,0,2.15,0.2,0,0,0,0,19-DEC-2017,
OPTSTK,ZEEL,22-Feb-2018,470,PE,0,0,0,2.95,0.35,0,0,0,0,19-DEC-2017,
OPTSTK,ZEEL,22-Feb-2018,480,PE,0,0,0,4.05,0.55,0,0,0,0,19-DEC-2017,
OPTSTK,ZEEL,22-Feb-2018,490,PE,0,0,0,5.4,0.95,0,0,0,0,19-DEC-2017,
OPTSTK,ZEEL,22-Feb-2018,500,PE,0,0,0,7.1,1.5,0,0,0,0,19-DEC-2017,
OPTSTK,ZEEL,22-Feb-2018,510,PE,0,0,0,9.15,2.35,0,0,0,0,19-DEC-2017,
OPTSTK,ZEEL,22-Feb-2018,520,PE,0,0,0,11.55,3.5,0,0,0,0,19-DEC-2017,
OPTSTK,ZEEL,22-Feb-2018,530,PE,0,0,0,14.4,5.05,0,0,0,0,19-DEC-2017,
OPTSTK,ZEEL,22-Feb-2018,540,PE,0,0,0,17.7,7.05,0,0,0,0,19-DEC-2017,
OPTSTK,ZEEL,22-Feb-2018,550,PE,0,0,0,21.4,9.6,0,0,0,0,19-DEC-2017,
OPTSTK,ZEEL,22-Feb-2018,560,PE,0,0,0,25.65,12.75,0,0,0,0,19-DEC-2017,
OPTSTK,ZEEL,22-Feb-2018,570,PE,0,0,0,30.3,16.55,0,0,0,0,19-DEC-2017,
OPTSTK,ZEEL,22-Feb-2018,580,PE,0,0,0,35.45,21,0,0,0,0,19-DEC-2017,
OPTSTK,ZEEL,22-Feb-2018,590,PE,0,0,0,41.05,26.1,0,0,0,0,19-DEC-2017,
OPTSTK,ZEEL,22-Feb-2018,600,PE,0,0,0,47.1,31.85,0,0,0,0,19-DEC-2017,
OPTSTK,ZEEL,22-Feb-2018,610,PE,0,0,0,53.55,38.25,0,0,0,0,19-DEC-2017,
OPTSTK,ZEEL,22-Feb-2018,620,PE,0,0,0,60.4,45.15,0,0,0,0,19-DEC-2017,
OPTSTK,ZEEL,22-Feb-2018,630,PE,0,0,0,67.65,52.65,0,0,0,0,19-DEC-2017,
OPTSTK,ZEEL,22-Feb-2018,640,PE,0,0,0,75.2,60.55,0,0,0,0,19-DEC-2017,
OPTSTK,ZEEL,22-Feb-2018,650,PE,0,0,0,83,68.85,0,0,0,0,19-DEC-2017,
OPTSTK,ZEEL,22-Feb-2018,660,PE,0,0,0,91.15,77.45,0,0,0,0,19-DEC-2017,
OPTSTK,ZEEL,22-Feb-2018,670,PE,0,0,0,99.5,86.35,0,0,0,0,19-DEC-2017,
OPTSTK,ZEEL,22-Feb-2018,680,PE,0,0,0,108.1,95.5,0,0,0,0,19-DEC-2017,
OPTSTK,ZEEL,22-Feb-2018,690,PE,0,0,0,116.9,104.8,0,0,0,0,19-DEC-2017,
